name,relative_counts,ct,ct_0,barcode,ct_1,barcode_ind
mglBp,0.03183023872679045,387,376,AGTTCCGGTGAGTCTATGGT,11,2381328
mglBp,0.06726457399103139,236,222,GTGTGTCACAAGGTAACCTA,14,2317137
mglBp,0.018867924528301886,214,211,CGTATCACTCGAACAATCGA,3,2317172
mglBp,0.010638297872340425,188,187,GGAATTATTTACCATCAGAG,1,2336496
mglBp,0.06593406593406594,192,181,GTCTTGGAAGAGTCTACCGA,11,2412892
mglBp,0.011695906432748537,171,170,CAGCTTCGATAGCACATGTT,1,2317801
mglBp,0.013605442176870748,147,146,AAGGAGTATCTCCTTACGAC,1,2353386
mglBp,0.014084507042253521,142,141,GACTCGGTAGCATATTCACA,1,2316639
mglBp,0.10638297872340426,154,140,CAAAGCGTTCCCTGCATCTT,14,2322494
mglBp,0.2109375,153,127,AAGCTACCGAGACACATACA,26,2368573
mglBp,0.02631578947368421,115,113,GGAGTCCGGCGTGCTGTAGT,2,2395134
mglBp,0.017857142857142856,112,111,GCGGCGCCCCGCGAGGCTCA,1,2324190
mglBp,0.047619047619047616,108,104,CTCGCGTCCCCGCTGCCCGG,4,2324367
mglBp,0.0970873786407767,111,102,TGTCTTCCATTGCTGGCGTG,9,2329545
mglBp,0.0196078431372549,102,101,TCGCCGGTCGAGTTTAGTTC,1,2319879
mglBp,0.0297029702970297,102,100,ACCACTGAATTTGGCGGGCT,2,2344769
mglBp,0.020202020202020204,99,98,GTATTGTGGGGCTTTTAGTG,1,2421370
mglBp,0.020833333333333332,96,95,TAGCTGCCGACCACTTGGAG,1,2349540
mglBp,0.02197802197802198,91,90,CTCTTATCAGACTCGGTGGA,1,2316998
mglBp,0.07865168539325842,94,88,CCGGTTTTAGTCCCGTCTGT,6,2320054
mglBp,0.02247191011235955,89,88,AATTTCTGCGTTGGATGATT,1,2355154
mglBp,0.10227272727272728,95,87,TAAAAACCCTGTAGAGATCA,8,2376990
mglBp,0.034482758620689655,88,86,TCAATTCTGACGGACTCTTT,2,2373343
mglBp,0.023255813953488372,86,85,GTGAAACTTGCATCAGCCTG,1,2374510
mglBp,0.023255813953488372,86,85,GACGCCCAGAATCCAGATAT,1,2316883
mglBp,0.023255813953488372,86,85,AGCGTTTGTGCTTTAATCGC,1,2345387
mglBp,0.023809523809523808,84,83,GCTCTAGATTCAATGGGAGA,1,2319012
mglBp,0.024691358024691357,81,80,CGCAACTAGCTCTCTGACAT,1,2336756
mglBp,0.06172839506172839,84,80,CCCTAATGTCTTATGTGCCG,4,2408488
mglBp,0.05,82,79,GCGCTCCGTATTCAATGATA,3,2344617
mglBp,0.025,80,79,CTCCCCTGTTCCTAGATTGT,1,2385963
mglBp,0.0375,81,79,CACGCGCTAGCTTTGAAATA,2,2385147
mglBp,0.05063291139240506,81,78,GTTCGAATTCATAACGGGAT,3,2351301
mglBp,0.0759493670886076,83,78,CGGTAACACAGACTGCACAT,5,2357670
mglBp,0.038461538461538464,79,77,TTAGATACTGGGTTCGCGCT,2,2317965
mglBp,0.05263157894736842,78,75,TGATGACGTTTTCTCGGCTG,3,2415896
mglBp,0.02631578947368421,76,75,GTAACGGACTTTCCATCAAA,1,2356322
mglBp,0.02631578947368421,76,75,CGAATGTTTGGAGTTATTAT,1,2333981
mglBp,0.16,85,74,TCTGGTTGTATAGAGAATTG,11,2351032
mglBp,0.06666666666666667,78,74,GTGTCGGTTTCTCGGTATTG,4,2319133
mglBp,0.04,76,74,ATCGGTAAGCAATGCTTGTA,2,2374573
mglBp,0.02702702702702703,74,73,CCGACGGAGGGGCTCGAGGT,1,2362435
mglBp,0.02702702702702703,74,73,ACCTACCGCGGGGTGCATTA,1,2354384
mglBp,0.0410958904109589,74,72,AGGCATCGAGTGCGAACCCT,2,2347553
mglBp,0.0821917808219178,77,72,ACAGGACATTAGCTGATCGT,5,2327806
mglBp,0.028169014084507043,71,70,GCCGCTCGCGGTCCACGCCT,1,2318790
mglBp,0.028169014084507043,71,70,CGGACTCTACTTCAACCCTG,1,2355381
mglBp,0.04225352112676056,72,70,AGGCTAACTTCAATGTTGTA,2,2345312
mglBp,0.08571428571428572,74,69,TCTGCGTCATCGGCGGGTAT,5,2411983
mglBp,0.02857142857142857,70,69,AGATTCGCCCATTGCCTCCG,1,2325717
mglBp,0.05714285714285714,72,69,ACGTCTCAAGCGAATTCTGT,3,2357982
mglBp,0.10144927536231885,74,68,TTAGTCCATAGATAGAAATC,6,2341682
mglBp,0.043478260869565216,70,68,TGCCTAATCTTCTTTATAAT,2,2327603
mglBp,36.63768115942029,2595,68,GGGTAGCGGTCTGAATTCAT,2527,2371659
mglBp,0.15942028985507245,78,68,GATGGTGAAAAACATGACAC,10,2400511
mglBp,0.057971014492753624,71,68,CAAGCACGGCAGCTCCCCAG,3,2360052
mglBp,0.07246376811594203,72,68,ACACCCGCGATACGCGAACT,4,2338219
mglBp,0.058823529411764705,70,67,TCAATGTGTTGCTTTGGTAA,3,2361125
mglBp,0.16176470588235295,77,67,TAATATATTAAGTATCGAAA,10,2325368
mglBp,0.058823529411764705,70,67,GGCGGCCCGTCAGCATAAGC,3,2318679
mglBp,0.07352941176470588,71,67,GCGCTGTCCCAAGCAAATTC,4,2317537
mglBp,0.08955223880597014,71,66,TCCGCGTCCCTCAACTGGCA,5,2340723
mglBp,0.029850746268656716,67,66,GGAGATGGTTAAGCGGGGCT,1,2361301
mglBp,0.029850746268656716,67,66,CGTGATCGGCTACGGGGACT,1,2317637
mglBp,0.04477611940298507,68,66,CCGAAACGTTGCACTGCGCT,2,2342202
mglBp,0.05970149253731343,69,66,CAAACATGGCCCAGGGGCCA,3,2367271
mglBp,0.03076923076923077,65,64,TGGCCTCGGATAAGTGCGTT,1,2404137
mglBp,0.03076923076923077,65,64,TACCATGGAGGGGAGATCAT,1,2395077
mglBp,0.03076923076923077,65,64,TAAAAGAAGATACCTCCCGC,1,2342785
mglBp,19.046153846153846,1301,64,GCCGTCTACCACGTAGTAAC,1237,2340069
mglBp,0.24615384615384617,79,64,GAGATACGCCCCTGCGCATG,15,2367417
mglBp,38.50769230769231,2566,64,CATCAAGATATGACCGCGGT,2502,2405723
mglBp,0.03076923076923077,65,64,CACGTTTGTTAGAGCGGACT,1,2378790
mglBp,40.12307692307692,2671,64,ATTGCCTACTGGGAGTCTCA,2607,2326215
mglBp,0.07692307692307693,68,64,AGTATTGTTGTCTATGAGAT,4,2324573
mglBp,0.12307692307692308,71,64,AGGCTGCTCACAATCAATTG,7,2358525
mglBp,0.15625,72,63,TTGTTCCTATTTGATGGACA,9,2324152
mglBp,0.09375,68,63,TTCCGACCATAGCTCGGCTA,5,2368570
mglBp,0.03125,64,63,GTATACCTATTGGCGTGTCC,1,2357710
mglBp,0.078125,67,63,GAATCTAGGGACCGCTTTCT,4,2328014
mglBp,0.03125,64,63,CTTCGCCGTGGCAAACGTAG,1,2318393
mglBp,0.125,70,63,ATCTAATCCTCCGGAGGCTA,7,2316681
mglBp,0.03125,64,63,AGCATGTTGATTCGTGCTTA,1,2321033
mglBp,0.046875,65,63,AATTAAGTGGACAACATTAT,2,2336774
mglBp,0.0625,66,63,AATGGGTGGAGGTGGGGGAT,3,2383771
mglBp,0.20634920634920634,74,62,TCGTCTGCACTGAACGGGCG,12,2349559
mglBp,0.1746031746031746,72,62,TACGGTACCACTCGGGCTAG,10,2352863
mglBp,0.031746031746031744,63,62,GCAAGACTTCAGGCAGGTTT,1,2341776
mglBp,0.1935483870967742,72,61,TAGAAATACTCGGTGCTGCT,11,2321206
mglBp,0.04838709677419355,63,61,TACTCGACCCCTACAGACGA,2,2339263
mglBp,0.03225806451612903,62,61,GTTCAGTTCCTAACGGGATT,1,2333094
mglBp,25.741935483870968,1656,61,AAATTATTTCGTGTCTTGTA,1595,2353591
mglBp,0.03278688524590164,61,60,TCACGGGATACGAATTGCAT,1,2421673
mglBp,0.03278688524590164,61,60,GCGGGTCGGTCGTCTCCGGC,1,2324327
mglBp,0.03278688524590164,61,60,GACATAGATGGGGGCTGCCA,1,2323803
mglBp,0.22950819672131148,73,60,CCTTTATAGCCAACGTCCCT,13,2346583
mglBp,0.06557377049180328,63,60,AACACCGGTCTCGCGAGATG,3,2402519
mglBp,0.05,61,59,TTCCGTGCGGACGGCGCGGT,2,2394782
mglBp,0.05,61,59,CTGACGTCCGGGTCTAAGAA,2,2379745
mglBp,0.08333333333333333,63,59,CACGCGTCTTCGAGACTGGT,4,2327888
mglBp,0.03333333333333333,60,59,AGGGTTAGGGTTCAGTCGAT,1,2329771
mglBp,0.05084745762711865,60,58,TATGGCGATTACTCTGCTGT,2,2357756
mglBp,0.05084745762711865,60,58,CGCGGGGCACGTAGGAGTAT,2,2367596
mglBp,0.06779661016949153,61,58,CAGCGAGTTCCTAATGCCCT,3,2397945
mglBp,0.11864406779661017,64,58,CAAGCTTGTTGTCGTCTTAA,6,2391525
mglBp,0.034482758620689655,58,57,TGAAACCCTCAGAACACGTT,1,2348085
mglBp,0.08620689655172414,61,57,GTGTGCCACAATCTATTCGT,4,2329727
mglBp,0.1896551724137931,67,57,GCGGGGAAAGGCCACTCTTT,10,2410164
mglBp,43.01724137931034,2551,57,GATTTACACTCACACATGAT,2494,2323503
mglBp,0.06896551724137931,60,57,CGGAAGGATATGTACTGTGA,3,2357728
mglBp,0.034482758620689655,58,57,ATTAAATCAGGCATACTGAT,1,2319721
mglBp,0.15517241379310345,65,57,ATAGAGGCCACCGTTTTTCA,8,2324023
mglBp,0.08620689655172414,61,57,AGTTTGAGCCCCCAGGCTTG,4,2345027
mglBp,0.10344827586206896,62,57,ACCGAACGAGAGGCTAAGTT,5,2396491
mglBp,0.15789473684210525,64,56,TGGCAATGAGCGGTAACCTA,8,2328266
mglBp,0.05263157894736842,58,56,TGCGCCCATGTAGTGAGCTT,2,2317842
mglBp,0.03508771929824561,57,56,TACTGTCACAACCAGTGTCT,1,2368316
mglBp,0.05263157894736842,58,56,GGGGTCCGACTTGTTTGGAT,2,2414194
mglBp,0.07017543859649122,59,56,AGAGCGCTTGCAGAGTGACA,3,2318882
mglBp,0.07017543859649122,59,56,ACCGCGTTTAGCGGTCTCCA,3,2340609
mglBp,0.08928571428571429,59,55,TGTTTGGGTGGCCCATGCTT,4,2322526
mglBp,0.08928571428571429,59,55,TCTCACGTGTTAAAATGCTT,4,2325762
mglBp,0.05357142857142857,57,55,CGGGCACTGAGGTTCATCTA,2,2407948
mglBp,0.05357142857142857,57,55,ACTCAAGAAGCAGTATCGGA,2,2326154
mglBp,0.03636363636363636,55,54,TGCAAGTCTATGGTGATCAA,1,2319843
mglBp,0.6363636363636364,88,54,CGTCCAAAGGCGTTTGAGTA,34,2344676
mglBp,0.03636363636363636,55,54,ATTGACAATCGCCCAGGATA,1,2341775
mglBp,0.03636363636363636,55,54,ATTCAAAAATTAGTTTGCGC,1,2395313
mglBp,0.03636363636363636,55,54,ACCGGCACTAGGCGCAGTCA,1,2329486
mglBp,0.03636363636363636,55,54,ACATGTGCAACCCGTCACTC,1,2329732
mglBp,0.03636363636363636,55,54,ACACCTCCCTACTCCGGGTA,1,2323138
mglBp,0.09090909090909091,58,54,AACGCCTGAGGACGAGTGAG,4,2391818
mglBp,0.05454545454545454,56,54,AAAATACCACAGGCCTATCG,2,2383047
mglBp,0.12962962962962962,59,53,GCCTAAACTCGGACAACCGA,6,2329641
mglBp,0.037037037037037035,54,53,CGCAAGAGCCGTTTACTGTG,1,2358036
mglBp,0.07407407407407407,56,53,AGCCACAAAGCCCCCAACTC,3,2344473
mglBp,0.03773584905660377,53,52,TTTCGTTCTTGCCTTCGTCT,1,2320594
mglBp,0.03773584905660377,53,52,TCTAGTGTTTTGACGTGCAG,1,2385538
mglBp,0.03773584905660377,53,52,TCCAAACACTGTACTTTGCT,1,2349987
mglBp,0.03773584905660377,53,52,GGCAGTGCCGCCAAAAAGGG,1,2350544
mglBp,0.22641509433962265,63,52,GACGATCTGGTGATATAAAG,11,2333793
mglBp,0.03773584905660377,53,52,CCTTGCCAACTGCGCTCAAA,1,2378723
mglBp,0.03773584905660377,53,52,CCGGAGAAACTAGGTAATGC,1,2406881
mglBp,0.05660377358490566,54,52,CCCGATTCACGCATTAGTTC,2,2413401
mglBp,0.03773584905660377,53,52,AAAGACTGTCAGTAGACCAC,1,2327447
mglBp,0.17307692307692307,59,51,TCTGCAACGAATGCGCCCAT,8,2354024
mglBp,0.3269230769230769,67,51,TCCCCAATGAAGTCAGCGAT,16,2418583
mglBp,0.038461538461538464,52,51,GTGGGTGTCACCGCACCCCA,1,2398471
mglBp,0.057692307692307696,53,51,GTCTATGCGTACGGGACCCG,2,2381429
mglBp,0.038461538461538464,52,51,GCGTCGGGAGGTACTTGGGA,1,2323024
mglBp,0.038461538461538464,52,51,GCCTTAACCGATTGGAGACT,1,2328995
mglBp,0.038461538461538464,52,51,GCAGGGAGTCTTTTCATCAG,1,2392909
mglBp,48.80769230769231,2588,51,ATTCGGTTCTTCATGTAATG,2537,2317218
mglBp,0.11538461538461539,56,51,ATTCAGAAGGGAACGGCGAA,5,2349039
mglBp,0.038461538461538464,52,51,AGGCTAGGCACCTCGGGTCA,1,2382939
mglBp,0.11764705882352941,55,50,TTGCTATGTACTGGGACCCT,5,2345864
mglBp,0.0392156862745098,51,50,TGTATGCGTGTCACGTATCT,1,2347190
mglBp,0.0784313725490196,53,50,TCTCCCTTGGCGCATGGGCG,3,2355060
mglBp,0.0392156862745098,51,50,GTTATGCGGTTGTTCGGATG,1,2347230
mglBp,0.21568627450980393,60,50,GCGGCTTACCGGTCCGACTT,10,2340501
mglBp,0.0392156862745098,51,50,CTGTATGCACCATCAACTCA,1,2331205
mglBp,0.0392156862745098,51,50,CGGGATCACTGTCTATTTCA,1,2379848
mglBp,0.058823529411764705,52,50,CAGAGAAGATGCCTGCGTTA,2,2346100
mglBp,0.0784313725490196,53,50,AGATACTCCTCGCAAGTCAC,3,2375477
mglBp,0.32,64,49,TGGGCGGCGATTAACAGTTA,15,2416209
mglBp,0.04,50,49,GTCTACTGACGAATACACTA,1,2333768
mglBp,0.04,50,49,GGCTGAAGTTAGGACTGCTC,1,2348517
mglBp,0.08,52,49,GCCAAAACAAAGGTCATCAA,3,2349358
mglBp,0.22,59,49,CTCTAGGTGGTCCGGATTAA,10,2400619
mglBp,0.04,50,49,CGCGGCCTTCCGTTAAGAAT,1,2401565
mglBp,0.08,52,49,CCCGCTACTCCAACGACTCG,3,2372654
mglBp,0.06,51,49,CACGACTTTGAAATTCCAAA,2,2331370
mglBp,0.26,61,49,ATTGGGTACACGGACCCCGT,12,2336650
mglBp,0.06,51,49,AGAGTTTTTCCGTGTAACCG,2,2323099
mglBp,0.04081632653061224,49,48,TTTAGCGAGGAATGGGGCCA,1,2416859
mglBp,0.04081632653061224,49,48,TTATCGGGTTATAACCACTT,1,2330683
mglBp,0.061224489795918366,50,48,TAGAGGCATGTTGGAGAGCC,2,2399271
mglBp,0.04081632653061224,49,48,TAGAACTGAACACTGTTTGC,1,2316750
mglBp,0.12244897959183673,53,48,GTGGGGGAGCTTCTAATCGT,5,2379697
mglBp,0.061224489795918366,50,48,GGGATCAAGAGCAACCTCGT,2,2367933
mglBp,0.04081632653061224,49,48,GGCCACTGCGGATCTAAGGG,1,2421275
mglBp,0.061224489795918366,50,48,GAGCCACGAGGGAGTCATTT,2,2356075
mglBp,0.1836734693877551,56,48,CTCTCGTCCCATGCACTTAT,8,2380760
mglBp,0.22448979591836735,58,48,CCGAGCTTCACTTTCTAAAA,10,2317236
mglBp,0.16326530612244897,55,48,ATTCGAAGGCTCCACGGTCT,7,2336916
mglBp,0.32653061224489793,63,48,ATGCTCGAGCGGGCGGCTCA,15,2336435
mglBp,0.061224489795918366,50,48,ATCAACTCTCAGCTATCGTT,2,2319015
mglBp,0.04081632653061224,49,48,ACGTTTGGCGTCTGCGCAAG,1,2322681
mglBp,0.041666666666666664,48,47,TCAACCGGACAGACACGTAC,1,2327928
mglBp,0.20833333333333334,56,47,GGTGTCGCATGCTGATGTAT,9,2419683
mglBp,0.041666666666666664,48,47,GAGAGCCATCGAAACCGAGT,1,2365370
mglBp,0.0625,49,47,CGGGCGATACATGACCCACT,2,2347561
mglBp,0.0625,49,47,CGAGACCGACCTGGACACTA,2,2328716
mglBp,0.3958333333333333,65,47,CATGGCGCCTTAGCTGAGCC,18,2352434
mglBp,0.041666666666666664,48,47,CAAGGTGGCTGCGCGCTGAG,1,2327295
mglBp,0.041666666666666664,48,47,ATACCGGGAAACGCTCGTGT,1,2401293
mglBp,0.0625,49,47,AGACTTGTTCAACGGTAACT,2,2384843
mglBp,0.14893617021276595,52,46,TTTGAGGGCTAAGCGCTTCA,6,2387354
mglBp,0.0425531914893617,47,46,TTGGGGTGCCCTGACACCGT,1,2387317
mglBp,0.1276595744680851,51,46,TTCAGAGGCGTCGATCTCTA,5,2321925
mglBp,0.23404255319148937,56,46,TGGAACAAGGCCAGTGTTAG,10,2389462
mglBp,156.70212765957447,7410,46,TGACAACGCTCTCGTTAGTA,7364,2418262
mglBp,0.06382978723404255,48,46,TGAACATCAATGCTGCAACA,2,2339303
mglBp,0.0425531914893617,47,46,TCTGGCCCCAGTCTGGAATA,1,2352978
mglBp,0.06382978723404255,48,46,TATATCCCTCCTCAGCGCTG,2,2391753
mglBp,0.0851063829787234,49,46,TATAAAGTTCTTTTCAGTAT,3,2319167
mglBp,0.0425531914893617,47,46,TAGGATCATCCCAGGTAGAA,1,2369912
mglBp,0.23404255319148937,56,46,GTCATGCATAACCGTGGCAT,10,2408143
mglBp,0.14893617021276595,52,46,CCCAATCTTCGGCTGTCCTG,6,2345614
mglBp,0.23404255319148937,56,46,CAGAGAGCGACCGAAACTAT,10,2322214
mglBp,0.0425531914893617,47,46,CAAAACGAAGTTCCCAATCA,1,2366362
mglBp,0.0425531914893617,47,46,ATCATATTTGCTAGTGAAGT,1,2331485
mglBp,0.0425531914893617,47,46,AGTAGCCAGGAATAAGACTT,1,2418067
mglBp,0.0425531914893617,47,46,ACCATTCTTGTACTTTCTCA,1,2346211
mglBp,51.26086956521739,2402,45,TTCAGGCTGCAAACGTCCTT,2357,2401223
mglBp,0.043478260869565216,46,45,TGGCATTTTATCTCTGACTG,1,2339441
mglBp,0.043478260869565216,46,45,TGCTCTAGATGGATGTATGG,1,2338580
mglBp,0.043478260869565216,46,45,TCTCAACTGCGTCACGCCCA,1,2405778
mglBp,0.043478260869565216,46,45,TAGATCAGAGCAACTGCGCA,1,2327302
mglBp,0.08695652173913043,48,45,GCGCGCACCCCTGTTGTAAT,3,2350384
mglBp,0.043478260869565216,46,45,CTGATACCCCTGCGCGGTTA,1,2343322
mglBp,0.32608695652173914,59,45,CTAGGAAGTTTTCGACACGT,14,2368114
mglBp,0.043478260869565216,46,45,CGAATGTGTCGTCCCCGGGA,1,2370155
mglBp,0.2608695652173913,56,45,CCTTGCCTTGTGCTCTCCAT,11,2380685
mglBp,0.043478260869565216,46,45,CCATTATATTCCAAAGCTGA,1,2317928
mglBp,0.34782608695652173,60,45,ATAACCAGCTGAACCACTAG,15,2330832
mglBp,0.043478260869565216,46,45,ACCCCTTAGCGGGGATCTAG,1,2331821
mglBp,0.41304347826086957,63,45,AAACAACCACGCACTGAAAA,18,2407899
mglBp,0.044444444444444446,45,44,TGGCAAGCGAGACGCAGCTA,1,2417408
mglBp,161.9777777777778,7332,44,TGCTAAGATTCGCGCGCACA,7288,2376536
mglBp,0.044444444444444446,45,44,GTGGGTAAATGAGTTTCTTG,1,2326155
mglBp,0.3111111111111111,57,44,GCCCTTGGTGACTGATACCT,13,2319198
mglBp,0.13333333333333333,49,44,GAAAGGCGGTGACAGTCATA,5,2332208
mglBp,0.044444444444444446,45,44,CCAGCACAAAATTCCGCTGC,1,2372944
mglBp,0.2222222222222222,53,44,CATTTAGCCACTGTCTTCAA,9,2343502
mglBp,0.24444444444444444,54,44,AGTATCAAACATGGGGGCTC,10,2364848
mglBp,0.045454545454545456,44,43,TTCCTGCAAGCAGGAGTTTA,1,2360537
mglBp,0.13636363636363635,48,43,TGGTTGTGTGGCTGTGCACT,5,2318511
mglBp,0.045454545454545456,44,43,TGGTTAGACCTCGAGATGTC,1,2343359
mglBp,0.045454545454545456,44,43,GAGTCGCACGGGGTTACTCT,1,2401964
mglBp,0.11363636363636363,47,43,CTCTCTTCGCTTCCACTAAG,4,2390874
mglBp,0.09090909090909091,46,43,CGTTCGAACGCGACTACATA,3,2390678
mglBp,0.29545454545454547,55,43,AGCGTTTCGGAGTGTAGAAT,12,2384752
mglBp,0.045454545454545456,44,43,AAGAGACTGATTCGAATTCA,1,2382172
mglBp,0.5,64,43,AACTATATTCAATGTGCTGT,21,2328841
mglBp,0.046511627906976744,43,42,TTTCCAGATCTGTGCCGCAA,1,2341228
mglBp,0.046511627906976744,43,42,TGGTGCTTGCCGATTAGGGT,1,2417293
mglBp,0.20930232558139536,50,42,TCATCAGTATAACGTTTTAA,8,2331641
mglBp,0.13953488372093023,47,42,GTGTACCCCTCCCAGGACAG,5,2349499
mglBp,0.046511627906976744,43,42,GTGCAGATCGCACATCTTCT,1,2330636
mglBp,0.20930232558139536,50,42,GTCGCCGAGCATGGGTTAAT,8,2319840
mglBp,0.09302325581395349,45,42,GCCAGAATATTTGTAAGGTG,3,2369987
mglBp,0.09302325581395349,45,42,GCATCTCTGTCCGGGTCCAG,3,2320699
mglBp,0.18604651162790697,49,42,GCAGCCCCTCTGCTCTTGTA,7,2394725
mglBp,0.09302325581395349,45,42,GATTTAGCGACGGGCGGGTC,3,2323839
mglBp,0.046511627906976744,43,42,GATCTTAAAGGATTAAGATC,1,2319303
mglBp,57.06976744186046,2495,42,CTTTGCTTGGGACTTAAGAT,2453,2325149
mglBp,0.11627906976744186,46,42,CTTGGTTCAAACATGATTTA,4,2417511
mglBp,0.046511627906976744,43,42,CCGAGAAGACACAGTTGGAC,1,2370299
mglBp,0.06976744186046512,44,42,CAATGGCTCACAGGCTGATG,2,2384426
mglBp,0.09302325581395349,45,42,CAAGATTAGTCTCGGGTCTG,3,2344338
mglBp,0.046511627906976744,43,42,ATTGATCCATGGCCCTGGAA,1,2332532
mglBp,0.11627906976744186,46,42,ATAGTCTGCTGCCAAGAGAA,4,2334791
mglBp,0.18604651162790697,49,42,ACTTGGTAACATACACCCAG,7,2368745
mglBp,0.11627906976744186,46,42,ACTCCAGGCTCCGTATTTCA,4,2322929
mglBp,0.046511627906976744,43,42,ACAGTGTATTCGTAACCCGA,1,2396818
mglBp,0.047619047619047616,42,41,TTTCCTCCATCGTATAGGGG,1,2346174
mglBp,0.09523809523809523,44,41,TTTATTCAGCTAAGCTACGG,3,2410996
mglBp,0.07142857142857142,43,41,TTCAGTGCTCCCACAACCTT,2,2395732
mglBp,0.047619047619047616,42,41,GTTCGTACGCTCGGTTCTGG,1,2391384
mglBp,0.07142857142857142,43,41,GTGCTATTTTGAGAACGGTT,2,2333815
mglBp,0.07142857142857142,43,41,GCGTACAACATCAGGACCTG,2,2325507
mglBp,0.047619047619047616,42,41,GATCCTTCGCCTTGGCCTAC,1,2348615
mglBp,0.07142857142857142,43,41,CTGACAGTAAGCTCGGGTGT,2,2420157
mglBp,0.07142857142857142,43,41,CTCTAGACTGTCATGTGTTG,2,2393676
mglBp,0.2619047619047619,51,41,CTAACGGGCGCAGATGCGTT,10,2361599
mglBp,0.047619047619047616,42,41,CGGCGTTGCTTGAGAGCGCG,1,2317222
mglBp,0.07142857142857142,43,41,CATCATGTCGTCTATATCTA,2,2343960
mglBp,0.047619047619047616,42,41,CACTTATGTCTCCTATTAAT,1,2370683
mglBp,0.047619047619047616,42,41,AGGAAGTGCTTCTAGATTAT,1,2319971
mglBp,0.21428571428571427,49,41,AGGAAATGTGAGAGTATTCA,8,2395096
mglBp,0.047619047619047616,42,41,AGACTCCCGGCCCCGAACGG,1,2379097
mglBp,0.047619047619047616,42,41,AATTCGGTTGTGCGGGTCCA,1,2421536
mglBp,0.047619047619047616,42,41,AACTGTAGCCTTGGGCCACA,1,2331963
mglBp,0.04878048780487805,41,40,TTGGGGCGAGGTCCTATTAG,1,2374626
mglBp,0.04878048780487805,41,40,TCTGGTCATTCTCTACGGAA,1,2386993
mglBp,0.07317073170731707,42,40,GTCTAGCGAAACCAAAAACA,2,2377225
mglBp,0.07317073170731707,42,40,GTAGTGATTTAAAGAGCTGT,2,2417783
mglBp,0.34146341463414637,53,40,GGCCAGGTCCGACGAAATGA,13,2356293
mglBp,98.1951219512195,4065,40,GGACCTCGTGTGTTAAGGCG,4025,2410051
mglBp,0.04878048780487805,41,40,GCTTGAGTTCGGTTCATCAC,1,2363823
mglBp,0.12195121951219512,44,40,GCAGGGATATTTTCCACCAT,4,2330211
mglBp,0.07317073170731707,42,40,CTGACGCTACTTGGCATATT,2,2420238
mglBp,0.04878048780487805,41,40,CTCCACGATGGGCGGTAACT,1,2408299
mglBp,0.07317073170731707,42,40,CTCAAGGTCCACTAATTGGA,2,2321439
mglBp,0.0975609756097561,43,40,CTAGCTGAGCATGAGTATTT,3,2351838
mglBp,0.04878048780487805,41,40,CGCTAAATTGTATCTTGGTT,1,2349219
mglBp,0.5121951219512195,60,40,CCGTTCTCGAGTTTTAATCT,20,2339571
mglBp,0.0975609756097561,43,40,CCGGTACATGTGGGGCCAAT,3,2357348
mglBp,0.12195121951219512,44,40,CCCTCGGATCTTTGAAAGTG,4,2393748
mglBp,0.34146341463414637,53,40,CAAGAACGATCCACACGAGT,13,2352424
mglBp,0.04878048780487805,41,40,ATGCTGAGGTGTGTCGCAAG,1,2412932
mglBp,0.21951219512195122,48,40,ATGACATCGTGCCACAAGAA,8,2376992
mglBp,0.04878048780487805,41,40,ATATACTCTCCGAGTCCGAA,1,2334996
mglBp,0.07317073170731707,42,40,AGTCTTGGTTCTGCGGTACA,2,2356453
mglBp,0.14634146341463414,45,40,AGGGAAAAATGCAGAACAGG,5,2413745
mglBp,0.12195121951219512,44,40,AGCGACATTTACGCGCAGCA,4,2399634
mglBp,0.04878048780487805,41,40,AGATTCAACATCTCGTACAT,1,2345205
mglBp,0.04878048780487805,41,40,ACGGGTCAAGTTTTATGATA,1,2343455
mglBp,0.0975609756097561,43,40,ACGAGCAGGCCTGAGTTTAT,3,2345589
mglBp,0.0975609756097561,43,40,ACATACGCATTAACAGCGAT,3,2330639
mglBp,0.07317073170731707,42,40,ACATACACGAGCGAAAGGAC,2,2377750
mglBp,0.12195121951219512,44,40,AAGTTCGCGCCGCTTCTCAT,4,2360090
mglBp,0.04878048780487805,41,40,AAGGGAGACTATGCCCACGT,1,2381733
mglBp,0.2,46,39,TTGCCGCGTGGCCCTTTGGC,7,2371234
mglBp,0.05,40,39,TTATTAGAGGTCATCAAGCT,1,2403597
mglBp,0.1,42,39,TTAAATAATTCCATAGTAAG,3,2360141
mglBp,0.05,40,39,TGGTGATGGCAGGGTGTGTT,1,2374938
mglBp,0.2,46,39,TCCCGCCCCACAACATGGTA,7,2319974
mglBp,0.2,46,39,GTCAATTCTGTGTCGATCAT,7,2357861
mglBp,0.175,45,39,GGGGCAGAGCACGCACTGAT,6,2339007
mglBp,0.05,40,39,GCTGGTCGTTTCCCAGACCA,1,2330744
mglBp,0.05,40,39,GCGGTTCAGCATTCGAGACG,1,2374896
mglBp,0.05,40,39,GAATCAAGTGCGCCCCTTAC,1,2359368
mglBp,0.05,40,39,CTTGCGTAGATGAAGAATCC,1,2360916
mglBp,0.075,41,39,CTTCGGGCGCCAACTGTATA,2,2326644
mglBp,0.05,40,39,CTCAGTAGGCTATCCGGTAT,1,2397624
mglBp,0.05,40,39,CTACTCATGACTAAGGTGTC,1,2319747
mglBp,0.075,41,39,CGGCATATGATGGTTGTACC,2,2325140
mglBp,0.125,43,39,CCGGTTAGAAAACACACGGG,4,2319266
mglBp,0.125,43,39,CATTGGACACCAGTGATCCC,4,2353623
mglBp,0.225,47,39,ATTGCTTTTCTAGACGGTGT,8,2338533
mglBp,0.075,41,39,ATGTAGAAAAATGTCCGTGG,2,2375182
mglBp,0.075,41,39,AGCTTGATCGGACGTGTGCA,2,2322015
mglBp,0.075,41,39,ACTAGACAAGTACCGCAGTG,2,2354860
mglBp,0.05,40,39,AATGCGACCGCTTAGGCTAA,1,2393823
mglBp,0.05,40,39,AAATACGACTCAGACACCAA,1,2324468
mglBp,0.10256410256410256,41,38,TTGGTGCATCCGCAGCCGTA,3,2385125
mglBp,0.07692307692307693,40,38,TTGACCCTCAAACGCTCGCC,2,2375656
mglBp,0.05128205128205128,39,38,TTAGACAGAGCAAGCTCGCC,1,2322042
mglBp,0.05128205128205128,39,38,TGTCCCGGGCAGTGGGCCGA,1,2387139
mglBp,0.05128205128205128,39,38,TCCGTTCGCATTACTCGGAT,1,2319984
mglBp,0.10256410256410256,41,38,TCCGGGCAAAATGGACTTCA,3,2326328
mglBp,0.05128205128205128,39,38,TCAGCGATTGATCCCTGCCA,1,2422275
mglBp,0.05128205128205128,39,38,TAACGGTTTTGACAAGCCCC,1,2364976
mglBp,0.07692307692307693,40,38,GTGGCTTAGGCAAGATTCTT,2,2361626
mglBp,0.05128205128205128,39,38,GTCGAGGGAGCATCTGGGAA,1,2407528
mglBp,0.05128205128205128,39,38,GTAGCCCGTAGAAAGTACTT,1,2402797
mglBp,0.3333333333333333,50,38,GCCGCGAGTGAAGAAACTTA,12,2320163
mglBp,0.05128205128205128,39,38,CGGTAGGTCGCTTTAATTGA,1,2406878
mglBp,0.05128205128205128,39,38,CCTAGCGCGCTAATGGAAAC,1,2361818
mglBp,0.10256410256410256,41,38,CAGCGCTACCGGTTTAGGCA,3,2317258
mglBp,0.05128205128205128,39,38,CAATATTCGTCCTTTCCGCA,1,2381092
mglBp,0.05128205128205128,39,38,ACCTACGGAAAGCGTTACCT,1,2416448
mglBp,0.07692307692307693,40,38,ACCCTCAGGAAATAGTTCAC,2,2376229
mglBp,0.05128205128205128,39,38,ACCATAGCTAACTAGCCTGC,1,2323436
mglBp,0.05128205128205128,39,38,AAGCTTATGTCGTAAGGGAA,1,2356897
mglBp,0.05128205128205128,39,38,AACTTCGGTGTCGGAGACTA,1,2370469
mglBp,0.3076923076923077,49,38,AACCAGTACCTAGAGACGGT,11,2366304
mglBp,0.05263157894736842,38,37,TTTCCAATTCACAGGTCTTG,1,2321747
mglBp,0.05263157894736842,38,37,TTCACGTGTGACACAGGTGA,1,2379552
mglBp,0.05263157894736842,38,37,TAAGTTTCTTATGCATGAGT,1,2351024
mglBp,0.07894736842105263,39,37,TAACTCTTGGGCCGATAACT,2,2339572
mglBp,0.23684210526315788,45,37,GTCCGTGCGACTAACAATGC,8,2399133
mglBp,0.13157894736842105,41,37,GTAGGATGAGCCAACGCCCT,4,2390277
mglBp,0.05263157894736842,38,37,GCCCCTTGGCTGTTAGTAAA,1,2410047
mglBp,0.5789473684210527,58,37,GCAAGAGCACACAGCGAGAT,21,2396743
mglBp,0.05263157894736842,38,37,GATTCTTACTCTATTGGTGT,1,2376696
mglBp,0.05263157894736842,38,37,CTTTGTCCCTTTAAGCCCAT,1,2336690
mglBp,0.05263157894736842,38,37,CGGGGTCATGAGCCGCTGCT,1,2334881
mglBp,0.05263157894736842,38,37,CCCGAGATTTAGACACAATA,1,2389835
mglBp,0.13157894736842105,41,37,CAAGGGCCTGCTCGATACAA,4,2324153
mglBp,0.05263157894736842,38,37,ATGGCTCGTATAATCGTTCC,1,2416970
mglBp,0.15789473684210525,42,37,ATGCCGGACGCGGATTGGAC,5,2322497
mglBp,0.05263157894736842,38,37,ATATTTCCATATGCGACCCT,1,2373469
mglBp,0.10526315789473684,40,37,AGTGCAGTCCATGTACTGAA,3,2326216
mglBp,0.23684210526315788,45,37,AGGCTGAGCTGTTACCTCAG,8,2376497
mglBp,0.05263157894736842,38,37,AGGCCTGGTCCTACGAAATA,1,2398054
mglBp,0.2631578947368421,46,37,ACCTCAAGCGTGGTTCATAT,9,2353392
mglBp,68.83783783783784,2582,36,TTGGGCTGCCTTTCATAATA,2546,2365233
mglBp,65.64864864864865,2464,36,TTCGTTGCGGCTGCGTGACA,2428,2394072
mglBp,0.05405405405405406,37,36,TGCAACAAACCAAGGTTGAA,1,2370693
mglBp,0.05405405405405406,37,36,TCAGGTGCGTGACCTCCCAT,1,2342174
mglBp,0.05405405405405406,37,36,TAGATCCTGATTCCCGGGGA,1,2407843
mglBp,0.08108108108108109,38,36,TACATTGCTGTTTACCCATT,2,2360546
mglBp,0.05405405405405406,37,36,TAAACCGTCCACGGCCTGCA,1,2356749
mglBp,0.24324324324324326,44,36,GTGTCCCCATATTAGCAAAT,8,2401568
mglBp,0.05405405405405406,37,36,GTAGATGGTGATGTCGGGTG,1,2348826
mglBp,0.32432432432432434,47,36,GGGAGTAGCGTAAATCTGTT,11,2321375
mglBp,0.05405405405405406,37,36,GGATGCCATTCAACAGGTGA,1,2351247
mglBp,0.08108108108108109,38,36,GCTTAACTTCCAGTGCGGAT,2,2380639
mglBp,0.05405405405405406,37,36,GCATACAAATCGGTATAGGG,1,2341646
mglBp,0.10810810810810811,39,36,GATACAACTGTTAGGCTCCA,3,2356292
mglBp,0.05405405405405406,37,36,GAGGAGCGAGTGAAGCACAA,1,2349539
mglBp,0.05405405405405406,37,36,GACGCCTGATAATTCACTCA,1,2350804
mglBp,0.08108108108108109,38,36,CGGTTCAGGTTGTACGCAAT,2,2391820
mglBp,0.08108108108108109,38,36,CGAAAGTTTGTATGGGTGTG,2,2354341
mglBp,0.05405405405405406,37,36,CCATGATGTACAACATAAAG,1,2334863
mglBp,0.10810810810810811,39,36,CATTTTGGTGCGCCCAATAA,3,2360536
mglBp,0.05405405405405406,37,36,ATCGATAAAGACTCATCAAA,1,2365060
mglBp,0.08108108108108109,38,36,ATATAGTGATGGCAGTCCTC,2,2329331
mglBp,0.16216216216216217,41,36,ATAAACGAAACATCCGTTCA,5,2403841
mglBp,0.10810810810810811,39,36,AGTCCTGACGCCGGAAAAAA,3,2321924
mglBp,0.08108108108108109,38,36,AGTCAGTGGCATTACTACGT,2,2387353
mglBp,0.05405405405405406,37,36,ACCACCACGAAATACAATCT,1,2338883
mglBp,0.16216216216216217,41,36,ACATCGTAATGTTCTATTAG,5,2332205
mglBp,0.05405405405405406,37,36,AATCATGTGATACCGATCTT,1,2325816
mglBp,0.08333333333333333,37,35,TTGTCGGCTCTAGAATTTCA,2,2363964
mglBp,0.16666666666666666,40,35,TGCCCCGGAGTTTTCGGAGC,5,2354595
mglBp,0.05555555555555555,36,35,TGACTGAGTTTCAAACGTAT,1,2338845
mglBp,0.05555555555555555,36,35,TCTGAGAACTTGGGCTGCTT,1,2340894
mglBp,0.05555555555555555,36,35,TAGGGGTCGCGGGAGAGCAA,1,2423082
mglBp,0.08333333333333333,37,35,GTTGGTATTCTTAGTTGGTG,2,2361790
mglBp,0.19444444444444445,41,35,GGTTTGACAATTAACGTGCT,6,2349918
mglBp,0.05555555555555555,36,35,GGCCGCTTAAGTCCTGCTGA,1,2341863
mglBp,0.05555555555555555,36,35,GCAGACCGAAAGAAGTAGGT,1,2370258
mglBp,0.08333333333333333,37,35,CTCACCCAAACCCGGGAGTA,2,2400039
mglBp,0.05555555555555555,36,35,CGGCACTATGCGTTTAGAAA,1,2351909
mglBp,0.1111111111111111,38,35,CCGCGCGCTTAACGGTGCCA,3,2402365
mglBp,0.05555555555555555,36,35,CCGCATGACCACTGCGTTTG,1,2367810
mglBp,0.16666666666666666,40,35,CACACTGGGGTTCCCTACAT,5,2415864
mglBp,0.1111111111111111,38,35,ATGCCGAAAGGCCCTAATAA,3,2330834
mglBp,0.05555555555555555,36,35,ATCGGAAGGGAAAATAGAAG,1,2316726
mglBp,0.05555555555555555,36,35,AGTTTCGCATCGGACAGGCG,1,2374342
mglBp,0.08333333333333333,37,35,AGTAGCTAGGCTAAGGTTAT,2,2404657
mglBp,0.08333333333333333,37,35,AGCGGGGGTCTATAAACCTT,2,2319849
mglBp,0.08333333333333333,37,35,AGCAAGGCACTTATCAGCCT,2,2402456
mglBp,0.19444444444444445,41,35,AACATATGGCCTTATGATGT,6,2340181
mglBp,0.05714285714285714,35,34,TTAGCGGACTTTTCACACGA,1,2368606
mglBp,0.08571428571428572,36,34,TTACCAGGTAGATCTGTTCA,2,2412749
mglBp,0.14285714285714285,38,34,TGTTAAGCGTTCCGAGTAGT,4,2322132
mglBp,0.05714285714285714,35,34,TGCCGGACCACCAACTCCTT,1,2379845
mglBp,0.14285714285714285,38,34,TCTCACTATCGCCGTACAAT,4,2356192
mglBp,0.05714285714285714,35,34,GTTTAGGTGCGGAGCCCACG,1,2353157
mglBp,0.05714285714285714,35,34,GTGTTTGATATTATGGCCTC,1,2379698
mglBp,0.05714285714285714,35,34,GGGATGGCACTGCCGCTGAC,1,2342472
mglBp,0.05714285714285714,35,34,GGATACTGCCAGTCGGCCAT,1,2332554
mglBp,0.08571428571428572,36,34,GATTGGTCACTAATCGCTAA,2,2356261
mglBp,0.05714285714285714,35,34,GAGGTAGATTTGCTGGCCAG,1,2397094
mglBp,0.17142857142857143,39,34,GACGCGGTCGCGCGTGCTGT,5,2345586
mglBp,0.11428571428571428,37,34,GACATCCTATGTTCGGAGCA,3,2414316
mglBp,0.05714285714285714,35,34,CTGGCGTGTTTTTCGCGCCA,1,2326263
mglBp,0.17142857142857143,39,34,CTGCTCTAAATCAACTGCAT,5,2333982
mglBp,0.05714285714285714,35,34,CGACTGGAGGATAGCGAATT,1,2382378
mglBp,0.05714285714285714,35,34,CGACGTGCCGTATGGGCAGG,1,2388530
mglBp,0.05714285714285714,35,34,CGACCGTAGCATCTGCGGAT,1,2404838
mglBp,0.17142857142857143,39,34,CATCTCCACATACAACGCCT,5,2368123
mglBp,0.2,40,34,CATCGCAGTTGCTAAGCCTT,6,2391415
mglBp,0.11428571428571428,37,34,ATAAGTACCGTCTTCACTTC,3,2415169
mglBp,0.2857142857142857,43,34,AGGAGAGGCAATTTCGCTAA,9,2340443
mglBp,0.05714285714285714,35,34,AGCACGCTTAACATCTCTTG,1,2355298
mglBp,0.5142857142857142,51,34,AGAAGTGTTCTCCTCTACAC,17,2380145
mglBp,0.11428571428571428,37,34,ACTCTGCGGTCTGGCCTGTC,3,2321923
mglBp,0.05714285714285714,35,34,AAGGAGATCCGGGCGGTATT,1,2342725
mglBp,0.08571428571428572,36,34,AACATGCCCAGTGGAAGCAG,2,2384121
mglBp,0.058823529411764705,34,33,TTGATAAGTTCGTGGGGACG,1,2318587
mglBp,0.058823529411764705,34,33,TGGACTTATGCTCTTACACA,1,2422354
mglBp,0.058823529411764705,34,33,TCTTATAGGGGCCGTGATGA,1,2330571
mglBp,0.058823529411764705,34,33,TCGTTCATATATCCCCGGGA,1,2318944
mglBp,0.058823529411764705,34,33,GTGTTAGCGTCCAGTCTCTA,1,2370259
mglBp,0.058823529411764705,34,33,GTCTGTGCGATAAACGTCGA,1,2421053
mglBp,0.058823529411764705,34,33,GGATCGAACTCACGTGTTGA,1,2400020
mglBp,0.17647058823529413,38,33,GGAGTATCTTTTACCATGTG,5,2339601
mglBp,0.08823529411764706,35,33,GGAGAGTGCGAAACAGGGTA,2,2341229
mglBp,0.058823529411764705,34,33,GCTGGCGCGAGATGAGTCGC,1,2404221
mglBp,0.058823529411764705,34,33,GCCTAGAAATGCGTTTGAGC,1,2336227
mglBp,0.058823529411764705,34,33,GCCGAAACGCTAGGTGAACC,1,2337635
mglBp,0.058823529411764705,34,33,GATGCAGGTTCTGTAGTGAT,1,2335931
mglBp,0.08823529411764706,35,33,GATACGGCTGTAGTTCTAGA,2,2376546
mglBp,0.08823529411764706,35,33,GAAGCTCTTGGACCGGGACA,2,2383811
mglBp,0.23529411764705882,40,33,CGGAGGCGGCGAATGTGGCT,7,2398007
mglBp,0.11764705882352941,36,33,CGCTCCATTGCTTCATCGAA,3,2324681
mglBp,0.08823529411764706,35,33,CGATTCAGTACTTTACGCCG,2,2365722
mglBp,0.23529411764705882,40,33,CCGGATCCGCATAAATTGGA,7,2371179
mglBp,0.23529411764705882,40,33,CCAATGCGAGTGGGGTTGAA,7,2399380
mglBp,0.058823529411764705,34,33,CATTTCTGTACTCCTCGTTG,1,2423288
mglBp,0.11764705882352941,36,33,CAATACTGGTAATTAAATTT,3,2411277
mglBp,0.058823529411764705,34,33,ATTGACGAGTGTCTGCCCTA,1,2334371
mglBp,0.14705882352941177,37,33,ATAGGCAGCCGCCGAGTCGG,4,2322366
mglBp,0.058823529411764705,34,33,ACTCTTGTCAACTACTATTG,1,2382752
mglBp,0.058823529411764705,34,33,ACAGGAATTACCAGAATTGT,1,2385829
mglBp,0.058823529411764705,34,33,AAGTGAGTATATGGTCCCTA,1,2389377
mglBp,0.058823529411764705,34,33,AACAATAGGGCAAGGTCCCT,1,2330395
mglBp,0.09090909090909091,34,32,TTTTCGGCTCGTTTAGTTAC,2,2409001
mglBp,0.36363636363636365,43,32,TTCTAGTACATTAAAAACCT,11,2396634
mglBp,74.0909090909091,2476,32,TTCCGCGCGGCAGCACTAAT,2444,2361597
mglBp,0.21212121212121213,38,32,TTAACTTGACGAAACCGTTT,6,2389985
mglBp,0.18181818181818182,37,32,TGGGTGTGGTCATATACAGA,5,2365826
mglBp,0.15151515151515152,36,32,TGGGGAGCGTGAGTAATCGT,4,2376795
mglBp,0.06060606060606061,33,32,TGCATCTCCAAACCATACTT,1,2331811
mglBp,0.06060606060606061,33,32,TGACCCTTTTCCGGATGCAA,1,2319944
mglBp,0.06060606060606061,33,32,TCAATCCGCATCAAATCAGT,1,2406557
mglBp,0.21212121212121213,38,32,GTTTATTACGGCATGCATTT,6,2396556
mglBp,0.18181818181818182,37,32,GTGACGCTGACGCGCCTCAG,5,2318942
mglBp,0.09090909090909091,34,32,GTAGCTCAGAGCGTATGGGA,2,2336649
mglBp,0.06060606060606061,33,32,GTAACAGGGGTTCGAACTTC,1,2422771
mglBp,0.09090909090909091,34,32,GGGTAGTAAGTTCGGAGATA,2,2416119
mglBp,0.06060606060606061,33,32,GGGCACAGCCAGGGCACAAA,1,2378759
mglBp,0.24242424242424243,39,32,GGGAACCTTAAAGCCTGGCA,7,2339336
mglBp,0.06060606060606061,33,32,GCGTACTCCTAGGAATGTCC,1,2323274
mglBp,0.06060606060606061,33,32,GCATGGGGCCTAATCGTAGT,1,2329728
mglBp,0.15151515151515152,36,32,GATTCTACAGATGAAGGGTA,4,2363164
mglBp,0.06060606060606061,33,32,GATGAGCGTTTCCACGTTGA,1,2394426
mglBp,0.09090909090909091,34,32,GAGCCGGCGTCTGTGGGGTA,2,2330635
mglBp,0.06060606060606061,33,32,GACGCGTTGTACGGATAGCG,1,2377718
mglBp,0.06060606060606061,33,32,CTGTGCAATACATCGCGTTA,1,2368481
mglBp,0.6666666666666666,53,32,CTGTCTGCTCCCCTGTTCAA,21,2344597
mglBp,0.3333333333333333,42,32,CTGCTGAATCGTCCGTGCGG,10,2329993
mglBp,0.06060606060606061,33,32,CTCTGAGGGGGTTAAACGGT,1,2411334
mglBp,0.18181818181818182,37,32,CGTGCGCCGCAAACCCACGT,5,2408448
mglBp,0.06060606060606061,33,32,CGGGCGGGCCGGATCCCAAC,1,2405278
mglBp,0.06060606060606061,33,32,CCTTGAAAGTGTATTGAAGT,1,2408175
mglBp,0.09090909090909091,34,32,CCGGCGTGGTCTGCAAATCA,2,2420562
mglBp,0.06060606060606061,33,32,CCCTATGAATTGTTTTTAGG,1,2412381
mglBp,0.09090909090909091,34,32,CATTCTAAGAAGTCACGACG,2,2341698
mglBp,0.06060606060606061,33,32,CACCTTCGACAAGCGTACCT,1,2319056
mglBp,0.06060606060606061,33,32,CAAGCCGTGTCTTCTTACCC,1,2350727
mglBp,0.06060606060606061,33,32,ATGATGGTTTCATCCCACAA,1,2372662
mglBp,0.06060606060606061,33,32,ATCTGGTTAGGCTCTGGGCG,1,2377751
mglBp,0.06060606060606061,33,32,AGTTAAATAAGGCAAGATTG,1,2349672
mglBp,0.06060606060606061,33,32,AGTGCTTAGCTTCGCTACGA,1,2419007
mglBp,0.36363636363636365,43,32,AGTACCCAGGGGTTTCGCAT,11,2317681
mglBp,0.06060606060606061,33,32,AGCGTTTCTAAGTGTACTGT,1,2401070
mglBp,0.09090909090909091,34,32,AGAAGATATGCTAACTGCTT,2,2395039
mglBp,0.09090909090909091,34,32,AATCCTTCACCCTCCACTGT,2,2362438
mglBp,0.0625,32,31,TTTTGGCGGATAAGCTCATA,1,2333239
mglBp,0.0625,32,31,TTCCCCAGGATTTGGGCTAC,1,2366033
mglBp,0.40625,43,31,TTATGGACCGAACTAAGTGT,12,2319299
mglBp,0.0625,32,31,TGGCGGACGCGAGGCTTTAT,1,2339526
mglBp,0.0625,32,31,TGCTTACATCTTGTACGGCG,1,2327362
mglBp,0.125,34,31,TCGGATCCACGTCAACTCTG,3,2353921
mglBp,0.0625,32,31,TCGATAGTCCCGGGTCTCTT,1,2413288
mglBp,0.0625,32,31,TCCGCAGTTAGTCAATCAGT,1,2346130
mglBp,0.375,42,31,TCAGCTCCGCCCGAAATGGG,11,2319987
mglBp,0.0625,32,31,TACGTTGTTGTGTCCCGATT,1,2356219
mglBp,0.09375,33,31,TACCCGATCGCATCATTGAT,2,2358006
mglBp,0.09375,33,31,GTGTTCAGACGCTGCCGTTT,2,2394137
mglBp,0.09375,33,31,GTCCACCCAGGTACTGAGCC,2,2393957
mglBp,0.1875,36,31,GTCACACTTTTTATACACCT,5,2342006
mglBp,0.28125,39,31,GTAGCTGGACTGTGCTAGGG,8,2343281
mglBp,0.0625,32,31,GGGATTGCCTCGGGACGTAT,1,2409565
mglBp,0.0625,32,31,GGAACGGTGTCATTGAGCCT,1,2356702
mglBp,0.0625,32,31,GCCCCTCCAAACAATACGCC,1,2334865
mglBp,0.15625,35,31,GAATAACCTTGCGCTCGGGC,4,2410313
mglBp,0.75,54,31,CTTTACCTGACGGCGGCGAT,23,2356893
mglBp,0.3125,40,31,CTATGGACGCTTCTACCGCA,9,2373877
mglBp,0.125,34,31,CGTATTTCCCGCGCTTGAAA,3,2362205
mglBp,0.1875,36,31,CGCCTCTTTGTTGGACTGTT,5,2345169
mglBp,0.1875,36,31,CGCCACTATGGGGACGTGCC,5,2372548
mglBp,0.0625,32,31,CCGTCAGCACGTCGAAGCCC,1,2382554
mglBp,0.0625,32,31,CCGAGGAACTAGGTGGGAAT,1,2402327
mglBp,0.0625,32,31,CCCCAACAAATGCGTCGGCG,1,2326914
mglBp,0.0625,32,31,CAGTAATTGTCTGCCGCGCA,1,2344240
mglBp,0.0625,32,31,CAGGGTCGTGTCGCAAATTG,1,2377581
mglBp,0.0625,32,31,ATTTTGCAGATCGCTCGGTC,1,2391356
mglBp,0.125,34,31,ATACTTGCTTGGCGGCGCAT,3,2349917
mglBp,0.21875,37,31,AGGGGATGCGCGGTGAGCAT,6,2357996
mglBp,0.4375,44,31,ACTAAACAGCGACATAAGGT,13,2377851
mglBp,0.0625,32,31,ACAGGCCGCAACGAAACAAG,1,2384082
mglBp,0.0625,32,31,AACAATTGACTAAAGGTAGA,1,2369608
mglBp,0.0625,32,31,AAACAGCGGACAATGCGACA,1,2345615
mglBp,0.12903225806451613,33,30,TTGTTCCCGAACGACGAAGC,3,2342172
mglBp,0.06451612903225806,31,30,TTATTCTCATTGAAAATCAT,1,2412738
mglBp,0.1935483870967742,35,30,TTAAAAGACCAAAGTCTGGT,5,2397438
mglBp,0.0967741935483871,32,30,TGGTAAGCACCCGCATCACT,2,2405423
mglBp,0.06451612903225806,31,30,TCGTGCCTTAACAAGGGATT,1,2351652
mglBp,0.06451612903225806,31,30,TACCTTTTTTGAGCTGGTTG,1,2380448
mglBp,0.12903225806451613,33,30,GTCCATTTCATAATGACAAC,3,2409010
mglBp,0.3225806451612903,39,30,GGGGACTTCCGTACGCAGCC,9,2413917
mglBp,0.1935483870967742,35,30,GGCAAATGTGGATGTATCTA,5,2339594
mglBp,0.41935483870967744,42,30,GCTGACCAGTGCCCCGTGGA,12,2355638
mglBp,0.16129032258064516,34,30,GCCGCGGGATATTAGAGTGA,4,2351635
mglBp,0.06451612903225806,31,30,GATGGCCTAGGGTGTCGCCA,1,2362959
mglBp,0.06451612903225806,31,30,GATCGACTAGAACTCTAGAT,1,2398974
mglBp,0.12903225806451613,33,30,CTTTGGTCATGGATCCTCCA,3,2418253
mglBp,0.2903225806451613,38,30,CTTGCACCATCCAAGACACA,8,2413790
mglBp,0.1935483870967742,35,30,CTGTTCGGTTAAAGGTTGAT,5,2369815
mglBp,0.06451612903225806,31,30,CTGTGCTACACTGGTTGTCA,1,2324818
mglBp,0.1935483870967742,35,30,CTGGGACCGCCTTTTTGTTG,5,2367406
mglBp,0.06451612903225806,31,30,CTGCGCCAAGGTATTGCAGC,1,2404388
mglBp,0.0967741935483871,32,30,CTCTGCGAGCCAGGGAACGC,2,2383495
mglBp,0.22580645161290322,36,30,CTCCGTTGTTACCCCCATTA,6,2347071
mglBp,0.06451612903225806,31,30,CTAGCTGTCCGTCGCAAGGT,1,2345992
mglBp,0.0967741935483871,32,30,CGGATTGGACATAGAGCTCT,2,2417153
mglBp,0.06451612903225806,31,30,CGACGCAGATCAAGCGTTCA,1,2410203
mglBp,0.06451612903225806,31,30,CCTCCACATGGTCTTCCAGG,1,2335229
mglBp,0.12903225806451613,33,30,CCCGAGGGCAACGACACCCG,3,2317119
mglBp,0.06451612903225806,31,30,ATGGGTTCAGTTTCCGCTTA,1,2319151
mglBp,0.1935483870967742,35,30,ATGATCTATTATCGCCATAG,5,2330267
mglBp,0.06451612903225806,31,30,ATCTTTGGTTCAGTTGAAGG,1,2386294
mglBp,0.06451612903225806,31,30,ATCAGCCACGGTTGCTGACT,1,2356198
mglBp,0.0967741935483871,32,30,ATATACCACCGGGCCTCGTC,2,2363175
mglBp,0.06451612903225806,31,30,AGGACACAGCGAAGGGGCAT,1,2377777
mglBp,0.16129032258064516,34,30,AGACCCAGGAGCTACGCAGA,4,2414216
mglBp,0.1935483870967742,35,30,AGAAGCATTGGTTACTGTCA,5,2325101
mglBp,0.06451612903225806,31,30,ACGTATTAAAAATGTACAGA,1,2334003
mglBp,0.3225806451612903,39,30,ACCTCATGTATGCGAGCATC,9,2348436
mglBp,90.80645161290323,2844,30,AAGCCGGGTGCCTGTGCATA,2814,2364404
mglBp,0.6451612903225806,49,30,AACAATTCAGAGTCACCTCA,19,2414685
mglBp,0.1,31,29,TTCGGGAGACCCATCCCCGG,2,2389683
mglBp,0.06666666666666667,30,29,TGTTGGTCGATCGTGAAGCG,1,2399496
mglBp,0.13333333333333333,32,29,TGGTACGCTAGCAAATCTAT,3,2362706
mglBp,0.43333333333333335,41,29,TGGGGCACAATCCACGTGGA,12,2376820
mglBp,0.06666666666666667,30,29,TGACAACCCTCCATATAGCA,1,2341262
mglBp,0.1,31,29,TCAAGTGCTTAAGATCGCTA,2,2365420
mglBp,0.06666666666666667,30,29,TAATACTGACGCGCTAAGCG,1,2353742
mglBp,0.13333333333333333,32,29,TAAATTGCGTAATTTGATGA,3,2368575
mglBp,0.5666666666666667,45,29,GTTCGATCAGTGCATCCGCA,16,2322682
mglBp,0.3,37,29,GTGGTTACGTTGTGGCTCAG,8,2384216
mglBp,0.1,31,29,GTGACATTCGGTGTAATCAT,2,2341107
mglBp,0.23333333333333334,35,29,GGTCTCGGGGGCCAAGCATG,6,2411226
mglBp,0.06666666666666667,30,29,GCAAGCTTCCTACTGGTTCT,1,2412351
mglBp,0.06666666666666667,30,29,GAGTCTCGGTCGTCAAAAAG,1,2349608
mglBp,0.06666666666666667,30,29,GACGCATGAAAGCTGTACCA,1,2422838
mglBp,0.06666666666666667,30,29,CTCACGGCTCATTAGTCATC,1,2329034
mglBp,0.06666666666666667,30,29,CTAGTGACTAGCGATCTCGG,1,2364019
mglBp,0.06666666666666667,30,29,CTAGGCAGCATCGCAATTGA,1,2324024
mglBp,0.06666666666666667,30,29,CGTTCAATGAAGCAGACGGT,1,2343790
mglBp,0.1,31,29,CGTAGCGACACTAAAAAATA,2,2396553
mglBp,0.06666666666666667,30,29,CGTACCTCAGGATAAGGTCT,1,2363534
mglBp,0.06666666666666667,30,29,CGGCGGAGATTGTGCACGGC,1,2405012
mglBp,0.16666666666666666,33,29,CGCCTCACTTAGTAGGAGTA,4,2342581
mglBp,0.16666666666666666,33,29,CGATGCCTGTCACCAACCCA,4,2352612
mglBp,0.06666666666666667,30,29,CGATAAAGACAGGTGCGGCG,1,2355653
mglBp,0.1,31,29,CCGATCACACTGTTTCAGCA,2,2374976
mglBp,0.1,31,29,CCCGCTCTAAACGCTGACGT,2,2374852
mglBp,0.06666666666666667,30,29,CCCCGCATCCAGCTATTCAT,1,2368922
mglBp,0.06666666666666667,30,29,CCATGGTCGGTGCAAACCAG,1,2387136
mglBp,0.13333333333333333,32,29,ATTTTGTTGCCTGTTGAAGG,3,2321708
mglBp,0.1,31,29,ATTGTGTCACCCGAGGACCA,2,2387714
mglBp,0.2,34,29,ATTGACTGATGTATTGGGTT,5,2352915
mglBp,0.1,31,29,ATCGACAGACTCGATCTAGA,2,2417854
mglBp,0.06666666666666667,30,29,AGGATGAATAGTGTCAATAA,1,2361730
mglBp,0.1,31,29,AGCATACGGGGACATCACAT,2,2419352
mglBp,0.06666666666666667,30,29,AGAATTCATCGCTCGTCTCT,1,2328908
mglBp,0.06666666666666667,30,29,ACCTAAACTTGCTTTCAGGT,1,2401832
mglBp,0.06666666666666667,30,29,ACATTGGTCAGAGCAGCGAT,1,2368039
mglBp,0.06666666666666667,30,29,AAACTACGCTCACGTCAGTA,1,2338344
mglBp,0.06896551724137931,29,28,TTTGGAATAGTGTAACTACA,1,2326445
mglBp,0.06896551724137931,29,28,TTGAAGACCTCTCTATATTA,1,2338989
mglBp,0.06896551724137931,29,28,TGGTACCCCCTTTCGTAACT,1,2333317
mglBp,0.3103448275862069,36,28,TGGCTTTGTTTTACAGAATG,8,2404436
mglBp,0.06896551724137931,29,28,TGCCATCCGGTGCTGGTGAT,1,2348699
mglBp,0.06896551724137931,29,28,TCTCCTAAATGAATTACATG,1,2398566
mglBp,0.06896551724137931,29,28,TCGGACGGGCAGGGATTACA,1,2336064
mglBp,0.10344827586206896,30,28,TCGCCATGTATGTATTGATT,2,2395174
mglBp,0.06896551724137931,29,28,TCGATAGAATTTACAGCTAA,1,2356995
mglBp,0.06896551724137931,29,28,TCGACGCTTTATTTTGAAGA,1,2352423
mglBp,0.3103448275862069,36,28,TCCCTGATATAACGCCACAC,8,2336687
mglBp,0.6896551724137931,47,28,TCACTGGCTTTCTAGTGGTG,19,2395231
mglBp,0.06896551724137931,29,28,TATCTTTGGATAATGATGGT,1,2324187
mglBp,0.06896551724137931,29,28,TAAGCCTGTCAAGGGGTGAG,1,2375107
mglBp,0.13793103448275862,31,28,GTGCTCGTTGAGCGCTGTTC,3,2332651
mglBp,0.06896551724137931,29,28,GGTCGCGTGTCCATCGTGTA,1,2389694
mglBp,0.06896551724137931,29,28,GCTTGTAGTGCGCAACCGGT,1,2371182
mglBp,0.06896551724137931,29,28,GCACCCTGCCAAAGTCGCCT,1,2399545
mglBp,0.06896551724137931,29,28,GCACACGGTTGGAACCTGAG,1,2420970
mglBp,0.06896551724137931,29,28,GATTAATCGCCATGGCAGAT,1,2350797
mglBp,0.06896551724137931,29,28,GAGACGAGCTAACGTTTCTC,1,2416327
mglBp,0.06896551724137931,29,28,GAAGTAGTCGGGGCGTGTGA,1,2368317
mglBp,0.06896551724137931,29,28,CTGGTGTACCCCGTCGGCAA,1,2381314
mglBp,0.06896551724137931,29,28,CTCGCTACTCATGTGCTAAG,1,2417381
mglBp,0.06896551724137931,29,28,CGTGCAACTCCACTGAACTT,1,2334396
mglBp,0.06896551724137931,29,28,CGGGTCTAAAACTATGGAGG,1,2334121
mglBp,0.06896551724137931,29,28,CGCATGTCAAGAATTTATCT,1,2384183
mglBp,0.1724137931034483,32,28,CCTGCATAACGTCCCCTGTT,4,2361482
mglBp,0.5517241379310345,43,28,CCGATCCCCGGAGCTCCTAT,15,2421490
mglBp,0.06896551724137931,29,28,CCCGTCATATGATGAGTAGC,1,2392712
mglBp,0.2413793103448276,34,28,CACAATCCGCCTGATGTGGG,6,2322496
mglBp,0.06896551724137931,29,28,CAAGGAGTACTTTACTTCCG,1,2330624
mglBp,0.06896551724137931,29,28,CAACCAAATATCGCGTATCA,1,2386531
mglBp,0.06896551724137931,29,28,ATGACGGGATCGGCAGTATA,1,2388208
mglBp,0.06896551724137931,29,28,ATCTTTGTAATCTGAAATGA,1,2414469
mglBp,0.06896551724137931,29,28,AGCAGGATCTGCAGCCGGGT,1,2322544
mglBp,0.20689655172413793,33,28,ACTTTATTCCGCGACTTCCG,5,2357381
mglBp,0.06896551724137931,29,28,ACTTGCGAATATTAAAAATG,1,2416449
mglBp,0.5862068965517241,44,28,ACCCATCGACTCAACTAATC,16,2347499
mglBp,0.10344827586206896,30,28,AACTGGTATTTGCGTCAACA,2,2364810
mglBp,0.10344827586206896,30,28,AACCTTCGGTTTGGTTTCGA,2,2358197
mglBp,0.06896551724137931,29,28,AAACTTTTCGGGGTAACCAC,1,2354433
mglBp,0.27586206896551724,35,28,AAACCTCTCAGGGTCTTGGT,7,2344227
mglBp,0.07142857142857142,28,27,TTCGGTAGTCGTTGATACGA,1,2355338
mglBp,0.07142857142857142,28,27,TGGGTTGGTGAGCAGCCACT,1,2347098
mglBp,0.07142857142857142,28,27,TATTATGGTTTTTGGTCTCC,1,2347069
mglBp,0.10714285714285714,29,27,TACTGAACCTTATCGGAAGA,2,2388399
mglBp,0.07142857142857142,28,27,TACGAGTTTTCTACTGGCTT,1,2408540
mglBp,0.07142857142857142,28,27,TACAGCACGGGTATTAGAGT,1,2343402
mglBp,0.07142857142857142,28,27,TAATCATAGGGAATATGAAG,1,2387316
mglBp,0.10714285714285714,29,27,GTTTATGGAGAAAGTGGTTC,2,2387251
mglBp,0.07142857142857142,28,27,GTTCATCACGGGTAATTGGG,1,2320068
mglBp,0.07142857142857142,28,27,GTTAGGGTCCAAGACATACA,1,2409456
mglBp,0.32142857142857145,35,27,GTTAGACGAGTTTCGTTGCA,8,2409017
mglBp,0.07142857142857142,28,27,GGTTAGTATATCTTTGCCCT,1,2318629
mglBp,91.21428571428571,2580,27,GGCAGGTGGCGAACAATATA,2553,2345940
mglBp,0.07142857142857142,28,27,GCTTGCGTCAAATGCTCATA,1,2371896
mglBp,0.10714285714285714,29,27,GCTCGCGTCCGCACGTCCCC,2,2408956
mglBp,0.17857142857142858,31,27,GCCGAAAGACGTGGGTCACT,4,2381096
mglBp,0.07142857142857142,28,27,GCCCTCCCCGCTCACGTTAT,1,2354444
mglBp,0.17857142857142858,31,27,GATCATACGGCCACCGCCCA,4,2359597
mglBp,0.07142857142857142,28,27,CTACGCGGGGATCACTCGAT,1,2322043
mglBp,0.14285714285714285,30,27,CGCTGCGAAAACTACGTGAA,3,2324281
mglBp,0.14285714285714285,30,27,CCTAGTGGGTCATACTTGCC,3,2366775
mglBp,0.10714285714285714,29,27,CCCTGGCTGGGTCAAGGAAC,2,2320555
mglBp,0.14285714285714285,30,27,CCAGACTCGCTCGCAAGAAT,3,2408769
mglBp,0.17857142857142858,31,27,CATTTTGAGGAGTATCGGTA,4,2368272
mglBp,0.07142857142857142,28,27,CATCGGAGCCACGGAACGAA,1,2389138
mglBp,0.6428571428571429,44,27,CAGGATCTCTGGGGGCGTTT,17,2387202
mglBp,0.17857142857142858,31,27,CAGCTTCGTCTTCATCAGTA,4,2399901
mglBp,0.5,40,27,CAGATGCGCTGCGGTTATCG,13,2393754
mglBp,0.07142857142857142,28,27,CAGAATGTAAGAGAAACAAT,1,2388481
mglBp,0.21428571428571427,32,27,ATTAACAGAAAGGACTGGTC,5,2331709
mglBp,0.07142857142857142,28,27,ATGTGCGAGTGCATGGTGGT,1,2411944
mglBp,0.10714285714285714,29,27,ATGTAAGCGTGATGCGGAGT,2,2342926
mglBp,0.07142857142857142,28,27,AGGCTTGTTCAATATAGGGC,1,2325224
mglBp,0.07142857142857142,28,27,AGCACAGGTGGTGCATATTA,1,2339250
mglBp,0.21428571428571427,32,27,ACATAGTTGCAGCAGCAAGG,5,2370406
mglBp,0.10714285714285714,29,27,AACAATCACTTTTAAATGTT,2,2362463
mglBp,0.07142857142857142,28,27,AAATTGGGGATTACATGCCT,1,2339868
mglBp,0.10714285714285714,29,27,AAATGGGCTCGCATTTTTTG,2,2366937
mglBp,0.25925925925925924,32,26,TTTACTTTAAGATTCATTTA,6,2339332
mglBp,0.07407407407407407,27,26,TTGCACGACACTGCGGTCAT,1,2323096
mglBp,0.07407407407407407,27,26,TTATGTGGGTGGTTGAGGAG,1,2339903
mglBp,0.07407407407407407,27,26,TTATCACGCGAGTTCTAGCA,1,2324118
mglBp,0.07407407407407407,27,26,TTAACTATGGTGAACAGTGA,1,2352585
mglBp,0.18518518518518517,30,26,TGTTTGCTTTCATGGTAAAT,4,2329313
mglBp,0.07407407407407407,27,26,TGTAGTTTCAACTGTGTTTG,1,2336579
mglBp,0.07407407407407407,27,26,TGGAGCGGGGGACTTCCGGA,1,2316556
mglBp,0.07407407407407407,27,26,TGCGGAGGTCGCCATTTTAA,1,2336815
mglBp,0.25925925925925924,32,26,TGCCCCATACTTAGAATAAA,6,2379027
mglBp,0.07407407407407407,27,26,TGAACAGTGATCTTACTGGT,1,2399548
mglBp,0.14814814814814814,29,26,TCCTCGTAGCACCCCCAAAG,3,2335704
mglBp,0.2222222222222222,31,26,TAGGGCCAGCGGACATATAG,5,2396411
mglBp,0.07407407407407407,27,26,GTTGTGTCACTTGAGGCAGA,1,2332150
mglBp,0.07407407407407407,27,26,GTGCGAGGCACGTGTTAGTA,1,2351867
mglBp,0.07407407407407407,27,26,GTCGGTGAACTTTTCTCACA,1,2401535
mglBp,0.07407407407407407,27,26,GTCCACGGGTATACCAGGCT,1,2355834
mglBp,0.2222222222222222,31,26,GTATACGCCGCCCTACGGCG,5,2325200
mglBp,0.07407407407407407,27,26,GGCGGTGTGTTATAGTAGTC,1,2360348
mglBp,0.07407407407407407,27,26,GGCCATACCTAGCTTGCCGG,1,2346626
mglBp,0.07407407407407407,27,26,GGCAGCGCCCAGCTGGTTAA,1,2358224
mglBp,0.3333333333333333,34,26,GCTTAACAGTTGCCATGAGA,8,2387464
mglBp,0.07407407407407407,27,26,GCGGTTACCCAGTACGCTCT,1,2346417
mglBp,0.1111111111111111,28,26,GCGATTCAGACCGGCATTAA,2,2347074
mglBp,0.1111111111111111,28,26,GCCATCGAACCTCCATCTGC,2,2329898
mglBp,0.8518518518518519,48,26,GAGAATATAACCACAGCCTA,22,2375483
mglBp,93.66666666666667,2554,26,GAGAAACACAAGCAATTTGG,2528,2376150
mglBp,0.4074074074074074,36,26,CTGCGGCTCAAAGGGGGTTC,10,2375103
mglBp,0.07407407407407407,27,26,CTAGTCTAGTCGGCGAAGAT,1,2416135
mglBp,0.07407407407407407,27,26,CGTATACTTAGTGGCGGATA,1,2380125
mglBp,1.0,52,26,CGGGTTGCTGTTACCGGACT,26,2332008
mglBp,0.07407407407407407,27,26,CGGGCCAAACCAAGACCTCT,1,2380876
mglBp,0.07407407407407407,27,26,CGGCTGCTGCGTCAAGTCTT,1,2376954
mglBp,0.07407407407407407,27,26,CGCGGAATTATCCATTTATC,1,2368399
mglBp,0.07407407407407407,27,26,CGCCATTACTAGCACGCCTT,1,2362230
mglBp,0.07407407407407407,27,26,CGCAGACCATGGAGGGAGCG,1,2358468
mglBp,0.07407407407407407,27,26,CGATGATTACCGGAGATGAC,1,2340967
mglBp,0.07407407407407407,27,26,CCGGGCCTTGGGGGCACTAC,1,2367041
mglBp,0.1111111111111111,28,26,CCCGCGGTCCCGGTGAACCC,2,2398299
mglBp,0.07407407407407407,27,26,CAGTTAGTTATATCGTGTGC,1,2373655
mglBp,0.07407407407407407,27,26,CAGGAACGAAGATAGGGCCA,1,2420503
mglBp,0.07407407407407407,27,26,CACGATGCACTTGGAATTGA,1,2322587
mglBp,0.1111111111111111,28,26,CACGAACTTCAGCGTACGAC,2,2387740
mglBp,0.07407407407407407,27,26,CAAGTATGGCGCGCTGGTTT,1,2408032
mglBp,0.07407407407407407,27,26,ATGCGTTTGACGAACCGTTT,1,2397903
mglBp,0.25925925925925924,32,26,ATAAGCGGCGTGCGTCCGCA,6,2406409
mglBp,0.07407407407407407,27,26,AGCAGTCCCATCCGAGGCAA,1,2374802
mglBp,0.07407407407407407,27,26,ACACCCTTGGTTGGAAATAA,1,2331055
mglBp,0.07407407407407407,27,26,AACCCGGCCCATCGGGTCAA,1,2368582
mglBp,0.14814814814814814,29,26,AAACCCATCCCGTTCGTTGT,3,2345390
mglBp,0.07692307692307693,26,25,TTGCGGTTGTGATGTCGAGG,1,2320601
mglBp,0.23076923076923078,30,25,TTGACCGCTGGGTCTCACAT,5,2420046
mglBp,0.07692307692307693,26,25,TTCCGGGTATGAACCCTTAG,1,2367029
mglBp,0.15384615384615385,28,25,TTCACAAACAGACTGTCCCT,3,2330089
mglBp,0.23076923076923078,30,25,TTAAGCTTTTTCTCTCAATG,5,2417196
mglBp,0.07692307692307693,26,25,TGTCTCCTTGATGTCCGTAG,1,2392656
mglBp,0.11538461538461539,27,25,TGTCATGACTTCATCCGTGA,2,2413260
mglBp,0.07692307692307693,26,25,TGTCACATTTCGGATGGAGT,1,2371835
mglBp,0.07692307692307693,26,25,TGTAGGCACCACGCGATGGG,1,2397131
mglBp,0.07692307692307693,26,25,TGGGCGTATATAGGCTAGCA,1,2330526
mglBp,0.07692307692307693,26,25,TGGAGCACCTTAATACACCT,1,2338345
mglBp,0.23076923076923078,30,25,TGCTACGTTTCACAACGCGT,5,2348909
mglBp,0.07692307692307693,26,25,TCCGGCAGACACCTTAAGTT,1,2327191
mglBp,0.11538461538461539,27,25,TCATGTTCTTCAGGGTCCTG,2,2419573
mglBp,0.07692307692307693,26,25,TACCTGCTGGCGACAGGATC,1,2385469
mglBp,0.11538461538461539,27,25,GTTAGGGGGATCCCAAGTTT,2,2391607
mglBp,0.07692307692307693,26,25,GTTAAAACGAAGGGGAAAGT,1,2395424
mglBp,0.07692307692307693,26,25,GTGGAATAGTCCTCTATGTA,1,2329644
mglBp,0.07692307692307693,26,25,GTCTTAATCGTGCTCAGGAC,1,2394308
mglBp,0.07692307692307693,26,25,GTACTAAATTGTAGGCCAAA,1,2375175
mglBp,0.19230769230769232,29,25,GGCTTCCTTTCCTCATCGGG,4,2332177
mglBp,0.07692307692307693,26,25,GGAGTACCGGGCCAATATGT,1,2330689
mglBp,0.07692307692307693,26,25,GGAAGCGTGACACACGTTGA,1,2320554
mglBp,0.2692307692307692,31,25,GCTTTACTCAAGTAAGGAAT,6,2389641
mglBp,0.07692307692307693,26,25,GCGTCTAGCTATAGCGGCCA,1,2368647
mglBp,0.07692307692307693,26,25,GAACGACACTCGAAAACTGA,1,2337914
mglBp,0.07692307692307693,26,25,GAACACAATATCACCTTTGT,1,2362913
mglBp,0.15384615384615385,28,25,CTTTCAATTTCGACGGTGTT,3,2401335
mglBp,0.11538461538461539,27,25,CGTTGAGTGATCTTTATCTA,2,2357844
mglBp,0.07692307692307693,26,25,CGTGTCTTATCCCCCGGGCA,1,2351544
mglBp,0.07692307692307693,26,25,CGTGCCCTTGAAGGGGCTTG,1,2349193
mglBp,0.07692307692307693,26,25,CGGGGACCGCGGGCATCGGG,1,2333227
mglBp,0.07692307692307693,26,25,CGGACGACGCAACATCGGTA,1,2404377
mglBp,0.07692307692307693,26,25,CGCTCATGCGACAAGGATTT,1,2336103
mglBp,0.11538461538461539,27,25,CGAGGAAATCGGTTGCGCAT,2,2420386
mglBp,0.11538461538461539,27,25,CGAATCTTTTAGTTGAAATA,2,2343361
mglBp,0.07692307692307693,26,25,CCTCCGGTCCCGACAAGTTA,1,2389252
mglBp,0.07692307692307693,26,25,CCAAAGAGACATTCTTCTAG,1,2411564
mglBp,0.11538461538461539,27,25,CATATGCCCTTCCGCGCAAA,2,2395827
mglBp,0.07692307692307693,26,25,CATACCATGCAATAAACAGT,1,2336401
mglBp,0.07692307692307693,26,25,CAGTGGTGGTTGATCTGAGA,1,2357117
mglBp,0.07692307692307693,26,25,CAGTGGGTGCTAAGATGGAA,1,2361732
mglBp,0.07692307692307693,26,25,ATTGTTGGCTGTTGTACTAG,1,2418670
mglBp,0.11538461538461539,27,25,ATGGACAGGCAAACTCGTCT,2,2346051
mglBp,0.07692307692307693,26,25,AGGTTGGCTCCATGTCTGCG,1,2341197
mglBp,0.15384615384615385,28,25,AGGCGAATGCTCGGTTCGAG,3,2327858
mglBp,0.07692307692307693,26,25,AGCATGCCTTGGCACCATGA,1,2364323
mglBp,0.19230769230769232,29,25,AGACTAGCAATGACATCGGG,4,2349417
mglBp,0.07692307692307693,26,25,ACTTCGCCCACAATACGCTT,1,2407913
mglBp,0.15384615384615385,28,25,ACTCGATCGATCATTAAGGT,3,2366310
mglBp,0.07692307692307693,26,25,AATAATGGTAACCCCTGGTA,1,2374025
mglBp,0.07692307692307693,26,25,AAATGAAACCTTGCAGGAGA,1,2332779
mglBp,0.38461538461538464,34,25,AAATCAGTTAGCCCTTAGTA,9,2386731
mglBp,0.48,35,24,TTGATTACCCGCAGCTTGAC,11,2347606
mglBp,0.4,33,24,TTAAACGAGCGATCACGGTG,9,2416952
mglBp,0.08,25,24,TGTGTCGGGCAGCTTGTCTA,1,2337957
mglBp,0.2,28,24,TGTGCCAACCGCAATTGCTT,4,2386374
mglBp,0.08,25,24,TGTAGGGGGCAGAAACTCAA,1,2423175
mglBp,0.12,26,24,TGACACACGTCTGATTTATG,2,2407816
mglBp,0.08,25,24,TCTTACTGGTATTAGCAAAT,1,2356562
mglBp,0.08,25,24,TCTCTTGGCGCCATTGTTAT,1,2392455
mglBp,0.08,25,24,TCATATATAACTTGCAACCC,1,2383766
mglBp,0.08,25,24,TCAGTTACGTTGTGCTTCAG,1,2378874
mglBp,0.08,25,24,TATCAGCGTCAACCTAGGGA,1,2362198
mglBp,0.24,29,24,TAGAGCCCTTGGGGGGGTGT,5,2397289
mglBp,0.4,33,24,TACTTAACAGGATTCTTCTC,9,2391896
mglBp,0.08,25,24,GTTGTGTCAAGAATTATGAC,1,2317457
mglBp,0.08,25,24,GTTCCAGTGCTACTGTGAAA,1,2359903
mglBp,0.08,25,24,GTGTCATTGTGAAATCATTG,1,2334238
mglBp,0.08,25,24,GTGGCTCCTTGTGAATTTCA,1,2378975
mglBp,0.08,25,24,GTGATTAGCCGTGGTGCCTG,1,2379196
mglBp,0.08,25,24,GGTGATGGCCAGGGCTTCAT,1,2399101
mglBp,0.08,25,24,GGTCGTCAAGCAAGAATGCT,1,2346283
mglBp,0.08,25,24,GGGTTATGTGGACCAAAGAG,1,2378013
mglBp,0.16,27,24,GGCTTCGTGGGGTTTGTTAT,3,2330214
mglBp,0.08,25,24,GGCAGCATAGCGCTTTAACA,1,2371561
mglBp,0.08,25,24,GGATTCCCACATGGATTCGC,1,2328849
mglBp,98.2,2478,24,GCTTGCCTGCCTCGGTCTAA,2454,2385116
mglBp,0.08,25,24,GCTCGCACTTTAGAAGATAA,1,2393411
mglBp,0.08,25,24,GCTAGCCCAACCGTTCGAAC,1,2359538
mglBp,0.12,26,24,GCTAAGTCCGCATGCTAGCG,2,2343727
mglBp,0.08,25,24,GCGCCGTGCATGCCGCGCGT,1,2371071
mglBp,0.08,25,24,GCATAGTCCCTCGGTTCCCT,1,2371974
mglBp,0.08,25,24,GATGGCGTTCAGGATCTACT,1,2343328
mglBp,0.2,28,24,GATGCAGTCTCAAAATCGAC,4,2389065
mglBp,0.08,25,24,GAGCTAGAGAGGCCTTAGTC,1,2362678
mglBp,0.12,26,24,GACTTCGTTTCTCGTCGGCT,2,2351858
mglBp,0.08,25,24,GAAACGTGTAAGTCCCGCTA,1,2391817
mglBp,0.24,29,24,CTGTATCCGGCCTCGGCCCT,5,2343792
mglBp,0.2,28,24,CTATTCCTGACCACTTGTTC,4,2356479
mglBp,0.08,25,24,CTACGGATAGCTACAGTTGA,1,2400536
mglBp,0.12,26,24,CGTTATATCGATTATCTCAC,2,2319541
mglBp,0.08,25,24,CCTTACTGTTGACAGGTATA,1,2364299
mglBp,0.08,25,24,CCGGCTTTGGCCTCGTGCGA,1,2365824
mglBp,0.4,33,24,CCATGTTACAACAATTGTCA,9,2337228
mglBp,0.16,27,24,CATTGAATCAAAGGTGGGTT,3,2369727
mglBp,0.08,25,24,CATCTGAGGCAAGCAATCTG,1,2416023
mglBp,0.12,26,24,CAGTTTGGCTCCCTTGCTTG,2,2342585
mglBp,0.12,26,24,CAGTTGACCGGAATGTTGGT,2,2392853
mglBp,0.16,27,24,CAATTCATGTATGACCATGA,3,2355173
mglBp,0.08,25,24,CAATAGACACAAACAGCGCG,1,2399389
mglBp,0.08,25,24,CAAGTCCCATCAGACTACGC,1,2394830
mglBp,0.08,25,24,CAACACGCGGACACGGTACT,1,2382560
mglBp,0.12,26,24,CAAAAACGGTGAGCTTACGA,2,2356459
mglBp,0.24,29,24,ATTTTAGCGTCAAGCTCCGC,5,2339335
mglBp,0.24,29,24,ATCGCGTCATTGCCCGTACA,5,2319293
mglBp,0.24,29,24,ATATTGCCACATGGATATAA,5,2410129
mglBp,0.08,25,24,ATATGCCGATGGAAGGCGCT,1,2321890
mglBp,0.08,25,24,AGTACAGAGAGGGGTCAAGT,1,2319924
mglBp,0.2,28,24,AGGCATCGGCGTCCCATTGT,4,2401134
mglBp,0.08,25,24,AGAGGGGATTACGGAGTCGT,1,2371778
mglBp,0.2,28,24,AGAGATAGTTCAAAGATTTA,4,2389109
mglBp,0.16,27,24,AGACCTTGGACCCTAACTTC,3,2359898
mglBp,0.52,36,24,ACTGCAAGATTTGTTCCTAT,12,2387672
mglBp,0.08,25,24,ACGTCGGCAGCGGGTAAGAT,1,2375697
mglBp,0.08,25,24,ACGGTTCCCTGGATTTAATC,1,2394270
mglBp,1.2,53,24,AATTCTAGCCAACACTTAGA,29,2413822
mglBp,0.08,25,24,AATCGACGGTGCGTACAGGA,1,2397633
mglBp,0.08,25,24,AAGTCCCTACATCGGGCGCA,1,2386172
mglBp,0.08,25,24,AAGCACCGAAAATTAGTATA,1,2385715
mglBp,0.08333333333333333,24,23,TTTGCTCTTCGTGCTACCCT,1,2394353
mglBp,0.20833333333333334,27,23,TTCGCATTCCATCATCCACT,4,2420994
mglBp,0.08333333333333333,24,23,TTAGATGCCACGGGCTGATT,1,2348324
mglBp,0.875,43,23,TGTTGAGGCAGTGCCCCGTT,20,2386363
mglBp,0.2916666666666667,29,23,TGTTCTAGAGTAGAATCGTA,6,2330350
mglBp,0.20833333333333334,27,23,TGTTCAAATTGGGAGTACAT,4,2382177
mglBp,0.08333333333333333,24,23,TCTGGTCAGGCGCCCTTAGC,1,2368909
mglBp,0.20833333333333334,27,23,TCTAGACAATACCATGGAAT,4,2382339
mglBp,0.2916666666666667,29,23,TCACCGTTCGCCGCGGACCA,6,2354429
mglBp,0.08333333333333333,24,23,TATTCCGAATGGAGAAACAC,1,2373797
mglBp,0.08333333333333333,24,23,TAAGTTGCGGCGTCCCCTTA,1,2323518
mglBp,0.125,25,23,TAACCAGAGACCAATGCAAG,2,2414382
mglBp,0.08333333333333333,24,23,GTTCGGTTCCGAATCGGGCT,1,2359623
mglBp,0.08333333333333333,24,23,GTGGGAGACGATCATAAAGA,1,2407573
mglBp,0.08333333333333333,24,23,GTCCCAGCATCCATTCGGCA,1,2400540
mglBp,0.16666666666666666,26,23,GTCATGAAAGGTTCTGAGGG,3,2331156
mglBp,0.08333333333333333,24,23,GTACCCGAAGTGCGGGCATT,1,2326553
mglBp,0.2916666666666667,29,23,GGTGTGTTTCACCGGAAACA,6,2355003
mglBp,0.08333333333333333,24,23,GGGAGTTGCATCCGGCCGTG,1,2351038
mglBp,0.125,25,23,GGCCGGACACATGTATCTTA,2,2320558
mglBp,0.08333333333333333,24,23,GGATGCCCTATCTATTCCCA,1,2320164
mglBp,0.16666666666666666,26,23,GGATCCGAAAGGGAATTCTT,3,2339117
mglBp,0.2916666666666667,29,23,GGAGAAACCACCGAGCATCC,6,2357166
mglBp,0.08333333333333333,24,23,GGACGAATTTCCTAGATAAA,1,2352992
mglBp,0.20833333333333334,27,23,GCTCTATCTTTATGTCTTCG,4,2419950
mglBp,0.25,28,23,GCGTATAGAGGCGCTAACTA,5,2375550
mglBp,0.3333333333333333,30,23,GCGGACCATGACCCGCAGAT,7,2376758
mglBp,0.125,25,23,GCAATCGTTCGTTTGAAGTT,2,2333499
mglBp,0.08333333333333333,24,23,GATACTATGAATTGGGTATG,1,2386107
mglBp,0.08333333333333333,24,23,GAGTTGTAGTTGCGAACCGT,1,2367518
mglBp,0.08333333333333333,24,23,GAGAATGACGCGCCACGTGT,1,2328239
mglBp,0.08333333333333333,24,23,CTGCATCAGGTCATCTTCGT,1,2377600
mglBp,0.20833333333333334,27,23,CTGCAGAACTGGAGGGCATA,4,2320466
mglBp,0.125,25,23,CTACTTGGTACGCCATCTGA,2,2326555
mglBp,0.08333333333333333,24,23,CGTTCGACTCCACATAGGTT,1,2383393
mglBp,0.08333333333333333,24,23,CGGCGCACAGTAGAAACATA,1,2342905
mglBp,0.125,25,23,CGAGCCGCAGGTCATTATAG,2,2336355
mglBp,0.08333333333333333,24,23,CCGGAGCAAAGTTGTTATTT,1,2406146
mglBp,0.08333333333333333,24,23,CCAAACCCTCATTGATTCGA,1,2390618
mglBp,0.08333333333333333,24,23,CATTTTCTGGGTAGGGCGAT,1,2412705
mglBp,0.16666666666666666,26,23,CAGAAGATGAACCGCTAGGA,3,2397458
mglBp,0.08333333333333333,24,23,CAATGGCCTTATCTGTAGTT,1,2351380
mglBp,0.08333333333333333,24,23,CAAATACGCTTCTTATGGAG,1,2326435
mglBp,0.2916666666666667,29,23,ATTATGCACGCCATCATATG,6,2401168
mglBp,0.375,31,23,ATGAGATCACGTTACGCTTT,8,2383364
mglBp,0.08333333333333333,24,23,ATCACTCTGGGATTATGCAA,1,2336618
mglBp,0.08333333333333333,24,23,ATAGTGGAACCCGGGTGGTT,1,2351218
mglBp,0.08333333333333333,24,23,ATAGGAACAAGCTCAGCTAC,1,2343168
mglBp,0.08333333333333333,24,23,AGTAGGGCTTCATTGTTTAT,1,2370200
mglBp,0.08333333333333333,24,23,AGTAGGACTAATTGGAGTCT,1,2326429
mglBp,0.08333333333333333,24,23,AGGTGTGCGGTTAGCATTGG,1,2356008
mglBp,0.08333333333333333,24,23,AGGAGGGCCTATTTCGCCGA,1,2335528
mglBp,0.3333333333333333,30,23,AGACACCCCTATCAAGGCTA,7,2410860
mglBp,0.08333333333333333,24,23,ACTGCTCACACTTCGGTAGG,1,2361253
mglBp,0.20833333333333334,27,23,ACGCGTAAATTCGGAAACCT,4,2332157
mglBp,0.4166666666666667,32,23,ACACGCACCCCCATGCATCC,9,2411399
mglBp,0.3333333333333333,30,23,AAGTAAACGGTACTGGATGG,7,2394755
mglBp,0.25,28,23,AAGGTTCCGCCGCCAGGCAA,5,2348383
mglBp,0.16666666666666666,26,23,AAATCGTAATATCGTTAAGT,3,2357842
mglBp,0.08695652173913043,23,22,TTTATCGAATGAACACGAGC,1,2371245
mglBp,0.2608695652173913,27,22,TGTTCGCGCATGCACGCGGA,5,2350017
mglBp,0.08695652173913043,23,22,TGTGTCTGGGAGAGCGCCTC,1,2350278
mglBp,0.13043478260869565,24,22,TGTACGAAGTTCCTCCATCA,2,2370405
mglBp,0.08695652173913043,23,22,TGGTCCGCGGGGAGCTAAGC,1,2328872
mglBp,0.08695652173913043,23,22,TGGGCTCCGGATGACATAAT,1,2341026
mglBp,0.17391304347826086,25,22,TGCCGTAGCAAGGAGCGCTT,3,2365239
mglBp,0.13043478260869565,24,22,TGCACTTAGAACTCATGGGA,2,2333429
mglBp,0.08695652173913043,23,22,TCCCTCTGGAGCAGACCCTA,1,2348712
mglBp,0.08695652173913043,23,22,TCCCATATACGTTGCAAGAT,1,2403741
mglBp,0.08695652173913043,23,22,TCACACGATACACGGGAATA,1,2404462
mglBp,0.08695652173913043,23,22,TATCAGACGTTCACCTTTTT,1,2361290
mglBp,0.9565217391304348,43,22,TACATGTTTGGTATGCATGG,21,2366770
mglBp,0.2608695652173913,27,22,TAAGAACTCCGTCCTCGCAT,5,2396050
mglBp,0.08695652173913043,23,22,TAAATTCTGTCTGGGAAGTA,1,2337345
mglBp,0.08695652173913043,23,22,TAAAAGACAGATGTCTATTT,1,2356937
mglBp,0.08695652173913043,23,22,GTGGATCATATACATGAGAG,1,2384689
mglBp,0.08695652173913043,23,22,GTCATTCTCACTTTTGTTAA,1,2397587
mglBp,0.43478260869565216,31,22,GTCATATACAAAACTGCCGG,9,2350012
mglBp,0.21739130434782608,26,22,GGTTGTATCAGTCGAAAAGG,4,2317757
mglBp,0.08695652173913043,23,22,GGTAATTGTGTCCGCATTTT,1,2317179
mglBp,0.34782608695652173,29,22,GGGGTCCCACGACTCCTAGG,7,2376804
mglBp,0.2608695652173913,27,22,GGGCCACAGCCCCTGAAAAT,5,2399905
mglBp,0.17391304347826086,25,22,GGGACTGCTTTCTTCCTTTC,3,2339887
mglBp,0.08695652173913043,23,22,GGAATTCAGCAGCTCTGATA,1,2350325
mglBp,0.08695652173913043,23,22,GCTTGCAGCGTTAAGAACAT,1,2356009
mglBp,0.4782608695652174,32,22,GCTTAACATGGGGAGCGATA,10,2337309
mglBp,0.08695652173913043,23,22,GCTCATGGTGAACAATGGAG,1,2417296
mglBp,0.13043478260869565,24,22,GCTAAGGCCTGTACGGCCCC,2,2418014
mglBp,0.13043478260869565,24,22,GCGTGGGGAGCACCGTGCAA,2,2408501
mglBp,0.08695652173913043,23,22,GCCACTAGGCCTGAGACATG,1,2349702
mglBp,0.08695652173913043,23,22,GAATTTAAGGCCGGTAAGTT,1,2377702
mglBp,0.13043478260869565,24,22,CTTCCGAGGGAGTTTACTAA,2,2317858
mglBp,0.13043478260869565,24,22,CTGGTTCGGCTCACGGCGAT,2,2359823
mglBp,0.13043478260869565,24,22,CTGATACTCACATGAACATG,2,2324025
mglBp,0.21739130434782608,26,22,CCTGCTATGTAAGGCGAGGA,4,2406326
mglBp,0.13043478260869565,24,22,CCGATTGAATGGAAGGTCAG,2,2369309
mglBp,0.5652173913043478,34,22,CCGAGGCGAGGTACGTGTGT,12,2412410
mglBp,0.21739130434782608,26,22,CCCTCGAAAGTCACGATGAC,4,2359606
mglBp,0.08695652173913043,23,22,CCAGAGATGCCGCCAGAACA,1,2403347
mglBp,0.13043478260869565,24,22,CCAATCGGAATACTGAGTGT,2,2362215
mglBp,0.08695652173913043,23,22,CATCATAACGTTTCACCTGC,1,2345047
mglBp,0.17391304347826086,25,22,CATATATCTCCTACAGGCGA,3,2414368
mglBp,0.17391304347826086,25,22,CAGTATTTTCTCGAGCTTTT,3,2318727
mglBp,0.08695652173913043,23,22,CAGGAGGGGATACGCAACAA,1,2393863
mglBp,0.08695652173913043,23,22,CACTCTCAAAGGTCCTCGTT,1,2360055
mglBp,0.17391304347826086,25,22,CAACAAATAGCATGCGGCTT,3,2332223
mglBp,0.08695652173913043,23,22,ATTCCGTACGGTACAGGAAG,1,2337357
mglBp,0.13043478260869565,24,22,ATGTACTAGCTCGAACTCAT,2,2378976
mglBp,0.17391304347826086,25,22,ATCCAGGTATCACACCTCAT,3,2341684
mglBp,0.2608695652173913,27,22,ATCAATCTCCTGACCCGTTG,5,2406862
mglBp,0.08695652173913043,23,22,AGTGGCAGCGCTACGAAAGC,1,2410886
mglBp,0.30434782608695654,28,22,AGCTGCTGTGACCAACCGAT,6,2326600
mglBp,0.08695652173913043,23,22,ACTTTGATGATAGCGCATCT,1,2324888
mglBp,0.08695652173913043,23,22,ACTCTGGGTTCGGTACAGAC,1,2368115
mglBp,0.17391304347826086,25,22,ACGATTCGCGTCCGGCGGTC,3,2320695
mglBp,0.08695652173913043,23,22,ACGAGAATGGAAACGTATTT,1,2376906
mglBp,0.13043478260869565,24,22,ACCGTACGACTGACGGCATT,2,2357443
mglBp,0.13043478260869565,24,22,ACAGGCCGACAAACGGAATT,2,2389637
mglBp,0.13043478260869565,24,22,ACAGGACACCTTTTGTGGAA,2,2328751
mglBp,0.5652173913043478,34,22,AAAGAGCCACCGTTTCAGTT,12,2372304
mglBp,0.30434782608695654,28,22,AAACGTGTATACTCTCAGAG,6,2341259
mglBp,0.09090909090909091,22,21,TTGTAAACGGCACGGATGAC,1,2330983
mglBp,0.13636363636363635,23,21,TTGCACGTTGATTTTAGTGG,2,2332007
mglBp,0.13636363636363635,23,21,TTCAGTTCAACAGATACACC,2,2342549
mglBp,0.09090909090909091,22,21,TTAGCGGTCACGTCTATGAG,1,2316468
mglBp,0.09090909090909091,22,21,TGTTGGAACGTATTTGGGGG,1,2417388
mglBp,0.09090909090909091,22,21,TGGGAGGTAAAAGCCTGGCT,1,2388469
mglBp,0.22727272727272727,25,21,TGGCACCACGCAGCGACCCT,4,2396522
mglBp,0.2727272727272727,26,21,TGCTCACGTCCTGCGTATCT,5,2337539
mglBp,0.13636363636363635,23,21,TGCAATTCTCAGCAATCGCC,2,2329280
mglBp,117.27272727272727,2600,21,TCTAGTGCAGGTATGGACGT,2579,2338350
mglBp,1.3636363636363635,50,21,TCGTACCCAGAAGGCCACCA,29,2365199
mglBp,0.22727272727272727,25,21,TCGCGGCAGTGGATGGATCT,4,2357936
mglBp,0.18181818181818182,24,21,TCCTACAATTTGAAAGCGCT,3,2404278
mglBp,0.09090909090909091,22,21,TCCGGAGGCCGACGCTTTGC,1,2343657
mglBp,0.09090909090909091,22,21,TCACCGCCATAATACAGGTC,1,2400001
mglBp,0.22727272727272727,25,21,TCAACCCCTAGTTTAGAATA,4,2367729
mglBp,0.09090909090909091,22,21,TATGCTGAGTGGCTCACCGG,1,2318504
mglBp,0.3181818181818182,27,21,TAGTGTGCGGGTCATTCCAA,6,2362564
mglBp,0.4090909090909091,29,21,TACAACCTGGACTTCGAAAG,8,2356639
mglBp,0.09090909090909091,22,21,GTGGTCGGATCCCTCCTTAT,1,2317817
mglBp,0.13636363636363635,23,21,GTCACTATACTTGGTGTACT,2,2414302
mglBp,0.09090909090909091,22,21,GTACCGGATCAGGACAAAGT,1,2386387
mglBp,0.09090909090909091,22,21,GGGAACGGGGGCTTATTTAT,1,2402633
mglBp,0.13636363636363635,23,21,GGAATAGGACACGGTACGCC,2,2412266
mglBp,0.36363636363636365,28,21,GCGAGTGTACAAGGTCTTTA,7,2345775
mglBp,0.09090909090909091,22,21,GCCTTCGTGTCCGCAAAAAG,1,2383333
mglBp,0.09090909090909091,22,21,GCCTCATGTGTGTATCCTAC,1,2400930
mglBp,0.09090909090909091,22,21,GCCGACGATAACTCTCCCAG,1,2318329
mglBp,224.77272727272728,4965,21,GCCCTATCATTGCTCCAGGA,4944,2344109
mglBp,0.36363636363636365,28,21,GCCACGGGTTCTGACGTGAA,7,2388931
mglBp,0.09090909090909091,22,21,GCCACGCAAGTCTAGGTAAG,1,2408701
mglBp,0.09090909090909091,22,21,GATCAAGGTTACGACCGATC,1,2339529
mglBp,0.22727272727272727,25,21,GATATGGTTGATGGTAGGAC,4,2363527
mglBp,0.13636363636363635,23,21,GAGGTTTAGGCCACCTGCAG,2,2388850
mglBp,0.2727272727272727,26,21,GACACTTACTCCACGGGAAA,5,2406640
mglBp,0.13636363636363635,23,21,GAACTTCGAGAATCAGGAAC,2,2370444
mglBp,0.18181818181818182,24,21,CTTTCCGTGAGCCAGGCCTC,3,2423261
mglBp,0.09090909090909091,22,21,CTTAGTGGGCCGAGGTGTAC,1,2410559
mglBp,0.09090909090909091,22,21,CTGGTCTGTCGAACACGTAT,1,2343503
mglBp,0.18181818181818182,24,21,CTGCTTCGTGCCATCAAATG,3,2364847
mglBp,0.13636363636363635,23,21,CTGAGAACTCCATAGAATGG,2,2348782
mglBp,0.09090909090909091,22,21,CTATTCAATAAGTTGATATA,1,2367259
mglBp,0.09090909090909091,22,21,CGTTGCAGGTAATCCCGGAA,1,2334096
mglBp,0.09090909090909091,22,21,CGTGTATATATGCTTTACGG,1,2374124
mglBp,0.18181818181818182,24,21,CGGTTGGTTGAAGGAAAACG,3,2371720
mglBp,0.13636363636363635,23,21,CCGCCCTTAGATCTTCAGGG,2,2321035
mglBp,0.09090909090909091,22,21,CCATTCGGACAGACCGCGGA,1,2341887
mglBp,0.45454545454545453,30,21,CATGGGCGCGGTACGAAATA,9,2415462
mglBp,0.13636363636363635,23,21,CATCTGTTTGAATGTTACAG,2,2372213
mglBp,0.4090909090909091,29,21,CATCAAGGTCGTCTAACTCG,8,2344704
mglBp,0.22727272727272727,25,21,CATAGCATTAATACCCTTAT,4,2421972
mglBp,0.18181818181818182,24,21,CACGATACCAGGATGGCCAG,3,2372143
mglBp,0.09090909090909091,22,21,CACCGATGGTTGTCGGTCAA,1,2318498
mglBp,0.13636363636363635,23,21,CAAAACTGCCCGGCCGTAGT,2,2393529
mglBp,0.18181818181818182,24,21,ATCTGGTTCGAAACGTATAT,3,2333940
mglBp,0.09090909090909091,22,21,ATCGCTTTTCCGATACATGT,1,2408855
mglBp,0.13636363636363635,23,21,ATAGACCGCTTTAATTTGCA,2,2345862
mglBp,0.09090909090909091,22,21,AGTTTGGAGCATCGATTCGG,1,2405164
mglBp,0.22727272727272727,25,21,AGCAATCGCAGGTATCCCGT,4,2336196
mglBp,0.09090909090909091,22,21,AGATACACTAACGGTGACGA,1,2363398
mglBp,0.18181818181818182,24,21,ACGGTATCCGCTTGCGCATA,3,2389427
mglBp,0.13636363636363635,23,21,ACACTAGCGCCTGTTCTGGA,2,2337426
mglBp,0.09090909090909091,22,21,ACACCTTCTTCGAGAAAGCA,1,2394914
mglBp,0.09090909090909091,22,21,ACAAATGGTCGCCTTGGGAA,1,2386885
mglBp,0.09090909090909091,22,21,AATTCGGGGCGGGTAAGTTG,1,2336484
mglBp,0.09523809523809523,21,20,TTCTAGGAACCTCCAGGGGT,1,2387854
mglBp,119.57142857142857,2530,20,TTCAGAGTTGCTTCACGCAG,2510,2316457
mglBp,0.09523809523809523,21,20,TTACGGCGCTACAGAGGTAC,1,2382567
mglBp,0.09523809523809523,21,20,TGGGGGTCTATAGGGTCCAT,1,2324282
mglBp,0.09523809523809523,21,20,TGGGAAGACTTCTTTACAAC,1,2351952
mglBp,0.23809523809523808,24,20,TGGCTACCTGGGTTCACGTA,4,2332560
mglBp,0.09523809523809523,21,20,TGGCATGCTGTGTATCAATG,1,2367166
mglBp,118.76190476190476,2513,20,TGCGCTTTTGTAGTGTTTCG,2493,2381184
mglBp,0.09523809523809523,21,20,TGATTACGTTTTCAGTGGTT,1,2370831
mglBp,0.09523809523809523,21,20,TGAATCGGACTGTGTTCTGA,1,2400539
mglBp,1.2857142857142858,46,20,TCGTTTTCCTAGCTTATACA,26,2420918
mglBp,0.09523809523809523,21,20,TCGCATACTTAGCCAAGCTG,1,2398600
mglBp,0.09523809523809523,21,20,TCGAACCGACGAGGTAGCGG,1,2328999
mglBp,0.14285714285714285,22,20,TCCTTAGGTAACTTATTGTT,2,2340834
mglBp,0.3333333333333333,26,20,TCAGCACGGTAGTAGCCGAA,6,2395421
mglBp,0.09523809523809523,21,20,TAGCGTTCCGTAATAATGAT,1,2359176
mglBp,0.09523809523809523,21,20,TAGCGCGCGTCTATAGGCAT,1,2380650
mglBp,0.09523809523809523,21,20,TAAGTGTACGTGGTATCTGA,1,2408037
mglBp,115.71428571428571,2449,20,GTTTTGCTGAGGTCGCTTTA,2429,2360573
mglBp,0.09523809523809523,21,20,GTTCCCAATTTATACATGTC,1,2362023
mglBp,0.09523809523809523,21,20,GTGAGATGGACACCAGGGTA,1,2359908
mglBp,0.2857142857142857,25,20,GTCTCGACTCTGACGAACTT,5,2385785
mglBp,0.14285714285714285,22,20,GTCGATCATATAACTTACCT,2,2349799
mglBp,0.09523809523809523,21,20,GGGCGCGGGAGCACTACACT,1,2331771
mglBp,0.14285714285714285,22,20,GGATCGTTAGCATCACCCTG,2,2371302
mglBp,0.09523809523809523,21,20,GGAGCCTCTAAGCGTTAGTA,1,2413432
mglBp,0.38095238095238093,27,20,GGAGAACATCCTGGTCGTCT,7,2386051
mglBp,0.09523809523809523,21,20,GCTGAGGGAAACTGCCTCAA,1,2349537
mglBp,0.19047619047619047,23,20,GCACGGCCTCCAACTCTGGT,3,2330125
mglBp,0.14285714285714285,22,20,GCAAAGCCATTCTCGTTCCC,2,2330052
mglBp,0.3333333333333333,26,20,GATATCCACACTTAGGGTAA,6,2322240
mglBp,115.14285714285714,2437,20,GACTCAAACGGACGCTAGCA,2417,2399789
mglBp,0.09523809523809523,21,20,GAAGCTGTGACGCGAAACAT,1,2337201
mglBp,0.38095238095238093,27,20,GAAGAATGCATGCAGCGATT,7,2334698
mglBp,0.23809523809523808,24,20,CTTTATTATGTGCTGGATAA,4,2365274
mglBp,0.14285714285714285,22,20,CTTGCCGGCTAAACCCAAGA,2,2408659
mglBp,0.09523809523809523,21,20,CTTACAGCGCGCGCGAAGGG,1,2363588
mglBp,0.09523809523809523,21,20,CTGGCTATGGCATTGAACCT,1,2329451
mglBp,0.09523809523809523,21,20,CTCGGCGCTCGTTCAGCATG,1,2350801
mglBp,0.09523809523809523,21,20,CTCAGGCCACGGTACGAAAT,1,2393517
mglBp,0.19047619047619047,23,20,CTATAGTGTGAAGGCTACAG,3,2350029
mglBp,0.19047619047619047,23,20,CGTAACACAGTTTTAAGGGT,3,2355715
mglBp,0.19047619047619047,23,20,CGGTTCCCCAATGAAAGCCT,3,2370268
mglBp,0.38095238095238093,27,20,CGGCGTGACGACACTCGCAT,7,2410494
mglBp,0.2857142857142857,25,20,CGCGTTGGATCACGGATTTA,5,2390952
mglBp,0.09523809523809523,21,20,CGCGGAGGGTGTGCAAATAC,1,2390287
mglBp,0.09523809523809523,21,20,CGATTTCGTGCGTACTCTCT,1,2377370
mglBp,0.09523809523809523,21,20,CGAGTGACTCTCGTGATAGG,1,2357621
mglBp,0.09523809523809523,21,20,CCGTTCCATGCATCAAGTGG,1,2390999
mglBp,0.19047619047619047,23,20,CCGTTAAATATCCGCGCGTA,3,2415989
mglBp,0.2857142857142857,25,20,CCGAACGCCCGGAGGTAGAC,5,2334807
mglBp,0.09523809523809523,21,20,CCCATAGGATCAAGCATTGG,1,2396859
mglBp,0.09523809523809523,21,20,CAGCACTGTAGGCATTAGGA,1,2363476
mglBp,0.09523809523809523,21,20,ATTTGTGGTGTATCTGCATA,1,2407599
mglBp,0.09523809523809523,21,20,ATTTGATCCATTGCAGGTGG,1,2326898
mglBp,0.09523809523809523,21,20,ATTATTGTGATACCCAGATG,1,2376315
mglBp,0.09523809523809523,21,20,ATGTGCTATCGAAGGGGGAC,1,2391874
mglBp,0.14285714285714285,22,20,ATATATTCACAAGATGTAAT,2,2366773
mglBp,0.09523809523809523,21,20,AGCTATAGGATCCGTTTACA,1,2335040
mglBp,0.2857142857142857,25,20,AGCGGCTACCGACTTCGCCA,5,2410661
mglBp,0.09523809523809523,21,20,AGATGCGGCGTTCGCAACAA,1,2366998
mglBp,126.85714285714286,2683,20,ACTTACCGGTAATGCATTTC,2663,2395993
mglBp,0.14285714285714285,22,20,ACACGGCAGAAATGGATATC,2,2326685
mglBp,0.23809523809523808,24,20,ACAACATTCGTGGATTTCAT,4,2409205
mglBp,0.14285714285714285,22,20,AAGCTTAGTGGATCGCATAT,2,2336855
mglBp,0.3333333333333333,26,20,AACGTAATGCCTAAAGGGGA,6,2420911
mglBp,0.09523809523809523,21,20,AACGCGGGTGAACACAGGAA,1,2330058
mglBp,0.2857142857142857,25,20,AAATAGCCGGCCCAGCCCAG,5,2367811
mglBp,0.14285714285714285,22,20,AAAACAGCTCGGACAGTAGG,2,2387482
mglBp,124.2,2502,19,TTGTTCTGTGCTCGTTAACT,2483,2341814
mglBp,0.1,20,19,TTGCCCTTCCGCGCAAGGGT,1,2371623
mglBp,0.1,20,19,TTAATCAGCTCGCTACCCCT,1,2383463
mglBp,0.1,20,19,TGTGCTAGAAACTCCAAAAG,1,2358068
mglBp,0.1,20,19,TGGCTTGCCCAAGCATACCA,1,2369364
mglBp,0.1,20,19,TGCTTGCGGACGTTGTTGAC,1,2342908
mglBp,0.35,25,19,TGCTCCAGAAATGGGTCTTT,6,2405324
mglBp,0.15,21,19,TCTGAGAACCTCCTCCGAGA,2,2330173
mglBp,0.15,21,19,TCTAAGATTATCCCATCCAT,2,2344470
mglBp,0.15,21,19,TCGCGAACTCCAAAGTAGAG,2,2399283
mglBp,0.1,20,19,TCGACACTTCCCAACAACGT,1,2332211
mglBp,0.1,20,19,TCCGTCTCCGCGACCTGACA,1,2409352
mglBp,0.2,22,19,TCACAAGAAGAGGCCTTAAG,3,2352637
mglBp,0.3,24,19,TAGTCCAAAGCACTAGCTGG,5,2390327
mglBp,0.1,20,19,TACTCTCAGCCAGTGTGTGG,1,2415162
mglBp,0.1,20,19,TACCGGCGGCTACGTTCTAT,1,2419092
mglBp,0.1,20,19,TACATCTATAAGTTTCGGAT,1,2317456
mglBp,0.3,24,19,GTTCACTGCTGATCTACAGA,5,2333219
mglBp,0.1,20,19,GTTATTGGCGCCAAGTTCTG,1,2323637
mglBp,0.1,20,19,GTTACTGGTACGTATTCCCA,1,2345081
mglBp,0.1,20,19,GTTAAGGCCGGTGAAATTCA,1,2419246
mglBp,0.1,20,19,GTGTGACTGTGCCGGTCATT,1,2378005
mglBp,0.45,27,19,GTGGGCATGTACCTAGGAGC,8,2349725
mglBp,0.1,20,19,GTCTTCCAAGTCAAACCTGT,1,2356103
mglBp,0.3,24,19,GTATGGGGCACCATAGCGCT,5,2403873
mglBp,0.15,21,19,GGTATCTGGATGTAATAAGC,2,2316786
mglBp,0.3,24,19,GGTAGTGAGTCGCGAGTAAC,5,2360317
mglBp,0.7,32,19,GGTAATAAACTCGAAGAGTA,13,2390113
mglBp,0.1,20,19,GGGGACAAACTTCAGCGAAG,1,2384228
mglBp,0.1,20,19,GGGACCAGGCCTTACTACTC,1,2408246
mglBp,0.1,20,19,GGCTCCGGATCAGGGCAAGC,1,2338891
mglBp,0.1,20,19,GGCCCTGGAGGGTAGAACAT,1,2331160
mglBp,0.1,20,19,GGCAGGGTGCGGATGGAATA,1,2419321
mglBp,0.1,20,19,GGACTCCAACATGACATCGT,1,2374019
mglBp,0.1,20,19,GCTATGGCCACCGAGCCGCT,1,2324889
mglBp,0.1,20,19,GCTACCTGGCTGCTAGTTGC,1,2352709
mglBp,0.2,22,19,GCTACAGTAGATCGTGTGCA,3,2406228
mglBp,0.1,20,19,GCCGACGTACGGGCAAAGAA,1,2323771
mglBp,0.1,20,19,GCCCAGATTACCACCGCACA,1,2322218
mglBp,0.1,20,19,GAGTTCGCAGATGGTAGATT,1,2414482
mglBp,0.1,20,19,GAGAGTCTCGGTCCTCCTGC,1,2318982
mglBp,0.1,20,19,GACGATTCATCCAAATCGTT,1,2377378
mglBp,0.3,24,19,GACAGCCATATTAACATCGA,5,2418584
mglBp,0.15,21,19,GAACGTCACATGCAAATCTT,2,2398119
mglBp,0.1,20,19,GAACGGTGTCGCCTTTCGCT,1,2418605
mglBp,0.1,20,19,CTTGGCCATACATGCTAGCA,1,2381750
mglBp,0.1,20,19,CTTGGAATGGGGTGTGCCGT,1,2414116
mglBp,0.1,20,19,CTTGACCCGCGTCATTCTAA,1,2394399
mglBp,0.3,24,19,CTTAGCCTCTATCAAGGGAC,5,2339219
mglBp,0.1,20,19,CTGTAAATCGTTGGCCTGAC,1,2403779
mglBp,0.25,23,19,CTAACCAATCCTCGACAGGA,4,2331413
mglBp,0.1,20,19,CGTCAACGGCACAATGTATG,1,2406838
mglBp,0.4,26,19,CGGCGGGAGGAGATTCACGC,7,2413836
mglBp,0.1,20,19,CGGCAGCCCGTGCCGCTCCA,1,2355380
mglBp,0.5,28,19,CGGAACGGTGTAAAGTACTC,9,2403609
mglBp,0.15,21,19,CGCAAGCATAAAGTATTACT,2,2324957
mglBp,0.25,23,19,CCGTACCGCTGACGGAAGTA,4,2321584
mglBp,0.3,24,19,CATGGGTCCGCTGTTTCGGG,5,2400242
mglBp,0.5,28,19,CAGTTGTAGATCACTGGAAA,9,2341207
mglBp,0.1,20,19,CAGGCTGCACTCGCCGGATT,1,2399673
mglBp,0.1,20,19,CAGCAGTATACTAATCATCC,1,2329497
mglBp,0.35,25,19,CACGACGTCTGACAGCCACG,6,2400333
mglBp,0.1,20,19,CACCTGTCTGCAAACGTTCA,1,2380291
mglBp,0.3,24,19,ATTGAGCTACATGGCTCTGC,5,2351373
mglBp,0.25,23,19,ATTATACCGGCCTCTCCTTT,4,2363958
mglBp,0.1,20,19,ATGACAAGGGTGAAATCAGT,1,2336274
mglBp,0.1,20,19,ATCTTGGCCGACAATGATAG,1,2333473
mglBp,0.1,20,19,ATCTCTTCACAGGTTAGGAT,1,2335522
mglBp,0.1,20,19,ATCGCAGCACTATTATAGTC,1,2361673
mglBp,0.1,20,19,ATCGAGCGCAATTAATTGCG,1,2414973
mglBp,0.1,20,19,ATATCGTGTGGCGTAGCCTG,1,2334063
mglBp,0.1,20,19,ATAAGTGGTAGGGAGCTCAA,1,2382746
mglBp,0.3,24,19,AGGTCGGGGGTAAGGATAGA,5,2350385
mglBp,0.1,20,19,AGGCGGTTTGTCAATCATGT,1,2363765
mglBp,0.1,20,19,AGCGCAAGTAGGCCTAGTTC,1,2369794
mglBp,0.25,23,19,AGCACGAAGGCGCCGCACCC,4,2353589
mglBp,0.1,20,19,ACTTTATCCCCTCCCTGCAG,1,2394406
mglBp,0.2,22,19,ACAGAGATTCCATCTACTCT,3,2335792
mglBp,0.1,20,19,ACACTTCCTGTTGACGCTGA,1,2346745
mglBp,0.1,20,19,AAATTGGTTTCCACATTGAA,1,2344693
mglBp,0.1,20,19,AAACTGTTTAATGTATTTTG,1,2391423
mglBp,0.6842105263157895,30,18,TTTGACGCTGTGCCCACCAG,12,2374755
mglBp,0.10526315789473684,19,18,TTTCACGTATATAAGCGGCA,1,2423323
mglBp,0.2631578947368421,22,18,TTGTGGCGGGATAAACGTTA,4,2370824
mglBp,0.10526315789473684,19,18,TTCGTATCATCAGCTGAGTA,1,2322629
mglBp,0.15789473684210525,20,18,TTCCTGGTACGGGCCTCTGG,2,2391969
mglBp,0.10526315789473684,19,18,TGTGCTCCGTCGAAACCATC,1,2392876
mglBp,0.10526315789473684,19,18,TGTCTGGCAGCGTCCACTCA,1,2363451
mglBp,0.10526315789473684,19,18,TGGTGGAACGTTTGATGCGA,1,2390063
mglBp,0.21052631578947367,21,18,TGGCTCTGTCCATCATATCT,3,2345126
mglBp,0.15789473684210525,20,18,TGCTGTGTAAACAGTTTCGA,2,2390365
mglBp,0.15789473684210525,20,18,TGCGTAACCGTGCTATAAAA,2,2389454
mglBp,0.3157894736842105,23,18,TGAGTCTCGAGATGCTTCAC,5,2401483
mglBp,0.3157894736842105,23,18,TGAGCCCGCCCTTCCTTTTG,5,2324106
mglBp,0.21052631578947367,21,18,TGAATGGACTGCCCCAAATA,3,2384291
mglBp,0.10526315789473684,19,18,TCTGGGTTACCGGATGATGG,1,2352671
mglBp,0.10526315789473684,19,18,TCGGGCGAGTAAGGACTGAG,1,2326525
mglBp,0.10526315789473684,19,18,TATTACAACATGGTATGTAG,1,2380133
mglBp,0.15789473684210525,20,18,TATCGCAGATGCTGCTTCCA,2,2362231
mglBp,0.10526315789473684,19,18,TATACGCGTCGTATTGAAAC,1,2398644
mglBp,0.10526315789473684,19,18,TAGCCGGCCGAGCGGGGTCC,1,2327614
mglBp,0.10526315789473684,19,18,TAGATTTGACGGACGCTCTT,1,2408517
mglBp,0.2631578947368421,22,18,TACGTAAGTTTACACGAGAC,4,2387463
mglBp,0.10526315789473684,19,18,TAAGCAGTTACGAGAGCTCC,1,2324959
mglBp,0.3157894736842105,23,18,GTTCGACTCGGGCGATGAAG,5,2387462
mglBp,0.10526315789473684,19,18,GTCGATGTTTCACTTATTCA,1,2370451
mglBp,0.2631578947368421,22,18,GTACGTCCGTGCCATGATAG,4,2322680
mglBp,0.10526315789473684,19,18,GTAATTCAATTAAGTAACGT,1,2352673
mglBp,0.21052631578947367,21,18,GGTTGTGATCTCACCTCTGC,3,2396742
mglBp,0.10526315789473684,19,18,GGTGTCGGGCTTAGTCGTAT,1,2384899
mglBp,0.10526315789473684,19,18,GGTATCCCGCAGGTAAGCAT,1,2357040
mglBp,0.15789473684210525,20,18,GGCTTGCACACGTTGGCTCA,2,2324171
mglBp,0.42105263157894735,25,18,GCTGAATCGCCGAGCACATG,7,2352247
mglBp,0.10526315789473684,19,18,GCTCTTGAAACAAGGGAGCA,1,2394271
mglBp,0.21052631578947367,21,18,GCTCGAGGGGGTTTGGGTTC,3,2331214
mglBp,0.3157894736842105,23,18,GCCGTTGCTGCTGCAGCCAT,5,2389647
mglBp,0.21052631578947367,21,18,GCCGGTTTTAGATCCTAAGG,3,2337069
mglBp,0.10526315789473684,19,18,GCATATATGAGACATCGCCA,1,2399781
mglBp,0.2631578947368421,22,18,GCAGGAGCGGCTGGGGCGTT,4,2341688
mglBp,0.10526315789473684,19,18,GCAGCTTATACCGTTGGCGG,1,2336065
mglBp,0.10526315789473684,19,18,GATTTCGTGGGGCTGGCTTC,1,2351402
mglBp,0.10526315789473684,19,18,GAGGCAAGTCGAAGCCAGTC,1,2413673
mglBp,0.10526315789473684,19,18,GAGGAACTCACCAAAATCTA,1,2391303
mglBp,0.10526315789473684,19,18,GACCACATGTCGTTATAATA,1,2384668
mglBp,0.10526315789473684,19,18,GAAGTTATGGTTGTCTATCA,1,2333575
mglBp,0.21052631578947367,21,18,GAAAGCGATCTATAATGGTA,3,2415631
mglBp,0.2631578947368421,22,18,CTTAGGAGTGAAACTAAAAG,4,2361441
mglBp,0.10526315789473684,19,18,CTGTTCTGCCATGGTCGGCA,1,2410999
mglBp,0.10526315789473684,19,18,CTCAGTTCTGGATTCGCTAG,1,2401072
mglBp,0.10526315789473684,19,18,CTAGAGTTGATGTTTTAACG,1,2323841
mglBp,0.15789473684210525,20,18,CTACTCTATAGGCGAGATGG,2,2368666
mglBp,0.15789473684210525,20,18,CTACGAGTGATGCAGATGAT,2,2403390
mglBp,0.10526315789473684,19,18,CTACAACCTCCACTCCCTTG,1,2420704
mglBp,0.42105263157894735,25,18,CGTCTACTTCGGTACAGAAA,7,2322814
mglBp,0.21052631578947367,21,18,CGGTTAACTCGTCATGGCGA,3,2364882
mglBp,0.10526315789473684,19,18,CGGGCAATTGTCTGGGGGAT,1,2422370
mglBp,0.10526315789473684,19,18,CCCGCCGCCTGGGTAATAAT,1,2399446
mglBp,0.3157894736842105,23,18,CCATCCACAGCGGAGTAACA,5,2366689
mglBp,0.21052631578947367,21,18,CCAGCTAGAGTCACCAAGAC,3,2348647
mglBp,0.10526315789473684,19,18,CATCATTCTAGTGCAATCCA,1,2418888
mglBp,0.10526315789473684,19,18,CAGGGGTGCGTTAAGAATCC,1,2357515
mglBp,0.10526315789473684,19,18,CAGACTTAGTGTGTCTAGAA,1,2391003
mglBp,0.10526315789473684,19,18,CAAGCGTAGTGTCCCTATAA,1,2410153
mglBp,0.10526315789473684,19,18,CAACGGATGGCGCAGGGAGA,1,2352971
mglBp,0.2631578947368421,22,18,ATGCGTTTATCCCTTGCATG,4,2330768
mglBp,0.10526315789473684,19,18,AGTATGCAGCGAAGTTGGGA,1,2383623
mglBp,0.15789473684210525,20,18,AGCTCTTTGGTTCCTCTGGT,2,2414970
mglBp,0.10526315789473684,19,18,AGCGTCGAAGGGGCGGCTCA,1,2356622
mglBp,0.10526315789473684,19,18,AGATCAGACTTCAAGGAAGT,1,2416288
mglBp,0.10526315789473684,19,18,AGACAGCAGCCCAGCAAGCT,1,2353356
mglBp,0.10526315789473684,19,18,ACGGAAGAGTCACGGCGTCA,1,2350882
mglBp,0.15789473684210525,20,18,ACCATCTGTTGGTACGAATA,2,2322234
mglBp,0.10526315789473684,19,18,ACCAGATCGTACCCGGACTA,1,2366240
mglBp,0.10526315789473684,19,18,ACAGTACAAACTGTCATTTG,1,2371286
mglBp,0.10526315789473684,19,18,ACAGGCGCCCAAAGCCAGAC,1,2351000
mglBp,0.42105263157894735,25,18,AATTCCCAAGTACTTCCGCG,7,2353435
mglBp,0.10526315789473684,19,18,AATTCAGGGCCAACTATCAA,1,2395921
mglBp,0.10526315789473684,19,18,AAGGAGATCTTTAAGCGATG,1,2353600
mglBp,0.21052631578947367,21,18,AAGCCGATATGTGATAAGTC,3,2385692
mglBp,0.10526315789473684,19,18,AACTTCTTCGGTTAGAGGGA,1,2326764
mglBp,0.15789473684210525,20,18,AACTCAAAAAGTCCAACATA,2,2322140
mglBp,0.42105263157894735,25,18,AACAAATCTGACAAATCTCT,7,2347887
mglBp,0.10526315789473684,19,18,AAAAATAGACTAATAGCGGC,1,2423603
mglBp,0.1111111111111111,18,17,TTTCACGCGCCCTATCTTGT,1,2404868
mglBp,0.1111111111111111,18,17,TTTACGGGAGGTCTGGGGGG,1,2408558
mglBp,0.1111111111111111,18,17,TTGTACCCGGGTAGGGGTAA,1,2414979
mglBp,0.1111111111111111,18,17,TTCCGAGGTTTCTAGACCCA,1,2371662
mglBp,0.5,25,17,TGTTTAACTTTACAAAGGTA,8,2342572
mglBp,0.4444444444444444,24,17,TGTGTCCATACCATCCATGA,7,2336763
mglBp,0.1111111111111111,18,17,TGTGTCAATCTACCCTATGG,1,2374746
mglBp,0.1111111111111111,18,17,TGTCGTTCTATGAACCAAAG,1,2399949
mglBp,0.2777777777777778,21,17,TGGTTTGCAGCTATGAAGGT,4,2341779
mglBp,0.1111111111111111,18,17,TGGCTTTAACGGAATGGCTA,1,2335143
mglBp,0.1111111111111111,18,17,TGCTAGTACACAAAACCAGA,1,2403593
mglBp,0.16666666666666666,19,17,TGCACCACCGCCGGGGAGTA,2,2389607
mglBp,0.1111111111111111,18,17,TGATTGTTCCGCATAATTTG,1,2365513
mglBp,104.77777777777777,1902,17,TGAGAGTTGAGCGGGTAATA,1885,2350227
mglBp,0.8333333333333334,31,17,TGACGTCAAACAAGGCCGCA,14,2362623
mglBp,0.4444444444444444,24,17,TGAACTCATGGTAGAACTAA,7,2372210
mglBp,0.2777777777777778,21,17,TCTTCACGTGCCCGGATATG,4,2331157
mglBp,0.1111111111111111,18,17,TCGTTAGTCACGACCTCATT,1,2351463
mglBp,0.5,25,17,TCGTCTACTATATTTCTCTT,8,2420842
mglBp,0.1111111111111111,18,17,TCCGCGATTATAGGTTATGA,1,2339726
mglBp,0.2222222222222222,20,17,TCCAACGTCGGCCTCAATAC,3,2406468
mglBp,0.1111111111111111,18,17,TCATCTATTGTAGGCTTACG,1,2352250
mglBp,0.1111111111111111,18,17,TCAGTTGGGCCAGTTCGGTA,1,2359596
mglBp,0.16666666666666666,19,17,TATTCTTCGGGCCAAGGTTC,2,2346324
mglBp,0.2222222222222222,20,17,TATCGGCAAGTCTGAAAGAT,3,2378173
mglBp,0.16666666666666666,19,17,TATCCCTTCGCGTTACTGAA,2,2411805
mglBp,0.16666666666666666,19,17,TACTACAATATTTGGAGCCC,2,2333134
mglBp,0.1111111111111111,18,17,TACCTCGTGACACTCCTCCA,1,2324584
mglBp,0.4444444444444444,24,17,TACCTAGCTTTCCAAATCTG,7,2399040
mglBp,0.1111111111111111,18,17,TACCGCGGGGACTATTAAGA,1,2399447
mglBp,0.4444444444444444,24,17,TACACAGGAAAAGTGTACGT,7,2383051
mglBp,0.1111111111111111,18,17,TAAATTAATCGCTTTATAAT,1,2347559
mglBp,0.1111111111111111,18,17,GTTGGGATCAAGTAACAGGA,1,2397830
mglBp,0.1111111111111111,18,17,GTTACCGCGATTTACATGTA,1,2341630
mglBp,0.1111111111111111,18,17,GTATTACCAAGAGGTATCAA,1,2414695
mglBp,0.1111111111111111,18,17,GTATCTATTCGACGGGTCGT,1,2352131
mglBp,0.16666666666666666,19,17,GTATCTATCGATCGAATGCT,2,2347091
mglBp,0.1111111111111111,18,17,GTACAGTTTACGTTCTGCCG,1,2316755
mglBp,0.3888888888888889,23,17,GGTTTAGCAAATCGCTTCCA,6,2407595
mglBp,0.3888888888888889,23,17,GGTGTTATGTCGTCACACCA,6,2375346
mglBp,0.16666666666666666,19,17,GGTACGGCATGTCGTAGCTG,2,2349314
mglBp,0.1111111111111111,18,17,GGGCGACTCAGCGGGTTCCA,1,2398904
mglBp,0.1111111111111111,18,17,GGGCCAATGCTAAGATGTGT,1,2385968
mglBp,0.16666666666666666,19,17,GGCCTGGGGACTTTGGACTC,2,2338098
mglBp,0.16666666666666666,19,17,GGCATGCCAGATCTATGGCG,2,2393807
mglBp,0.5555555555555556,26,17,GCTCACGCCAAGTGTAGAGT,9,2400828
mglBp,0.16666666666666666,19,17,GCTATTACGGACTATCCTCG,2,2355304
mglBp,0.4444444444444444,24,17,GCGGCTCCGCGTCCAATCAC,7,2380765
mglBp,0.1111111111111111,18,17,GCGGCATGGAAGTTTTCCTT,1,2356591
mglBp,0.1111111111111111,18,17,GCGGACCTGGGACCTTGTAA,1,2339072
mglBp,0.1111111111111111,18,17,GCCATAACTTCGAGCCACGT,1,2422377
mglBp,0.16666666666666666,19,17,GCACATTCATGACTTTGCTT,2,2373580
mglBp,0.1111111111111111,18,17,GATGTCAGACAGGCGAGATG,1,2393005
mglBp,0.1111111111111111,18,17,GAATGGCTGTGGTATTGGCA,1,2351528
mglBp,0.1111111111111111,18,17,GAAGAGCGGGTGGTAACATA,1,2378009
mglBp,0.1111111111111111,18,17,GAAACCAACGTGACTGACCA,1,2392393
mglBp,0.3888888888888889,23,17,CTTATTGGATGCGCAATGAT,6,2366781
mglBp,0.16666666666666666,19,17,CTTATTGCGATCTTGCATCC,2,2352597
mglBp,0.1111111111111111,18,17,CTTAGGGGGTGGGATCTTAG,1,2346991
mglBp,0.2222222222222222,20,17,CTGTTGGGGTTGGGTATTGA,3,2367708
mglBp,0.16666666666666666,19,17,CTCTACTGAAAAATTAATTC,2,2337643
mglBp,0.1111111111111111,18,17,CGTACTAAACTGGACCTCCT,1,2413612
mglBp,0.2222222222222222,20,17,CGGTCTGAACTTGGAACACT,3,2389090
mglBp,0.1111111111111111,18,17,CGCTGGGTTACTCTAGGGCG,1,2389616
mglBp,0.1111111111111111,18,17,CGCGTTCCATAGGTCATTTT,1,2396819
mglBp,0.1111111111111111,18,17,CGCCACGCTACCGGGAGTCA,1,2356031
mglBp,0.1111111111111111,18,17,CGATACGGTATGGAAGGGTC,1,2400128
mglBp,0.3888888888888889,23,17,CGAGCACCTTCCGTGACATC,6,2354329
mglBp,0.2222222222222222,20,17,CCTAACTTTCCCCGTAGCGA,3,2395353
mglBp,0.2222222222222222,20,17,CCGGCCAGCGGTCTAAAAAT,3,2374603
mglBp,0.2222222222222222,20,17,CCGCGCGTCCCTTTGGGGCA,3,2365200
mglBp,0.1111111111111111,18,17,CCGCATCAACGTGAGTTTAA,1,2391552
mglBp,0.1111111111111111,18,17,CCGCATATTCCCCTCGGAAC,1,2339038
mglBp,0.16666666666666666,19,17,CCGATTGAACTGGTTCTGAA,2,2358815
mglBp,0.2777777777777778,21,17,CCCTTGGTTACTTAAGATCG,4,2387471
mglBp,0.1111111111111111,18,17,CCCCATGTGTCGCACCGGTA,1,2408560
mglBp,0.1111111111111111,18,17,CCATGGTAGACGATGAAAGT,1,2343835
mglBp,0.16666666666666666,19,17,CATCATAGGAAAACCTCGGA,2,2324379
mglBp,0.1111111111111111,18,17,CAGGGGATCTGCATGTACAA,1,2408725
mglBp,0.2222222222222222,20,17,CAGATCAAGAGTGAGCAGTT,3,2406537
mglBp,0.1111111111111111,18,17,CACTTGGTAGGCAGATGACA,1,2349330
mglBp,0.1111111111111111,18,17,CACTGTAACACGCTTCCATT,1,2342731
mglBp,0.3333333333333333,22,17,CACCAAAGGACAAGGGAAGA,5,2374985
mglBp,0.1111111111111111,18,17,CAATAGCTTCATTGGTCTGG,1,2388152
mglBp,0.5,25,17,ATTAATTTCGTCGTGATAAG,8,2357149
mglBp,0.1111111111111111,18,17,ATAGATGGCACAGCTTACGG,1,2355172
mglBp,0.1111111111111111,18,17,ATACAGGATCCGTGTACACA,1,2336106
mglBp,0.1111111111111111,18,17,AGTTCGGTAGCCGTCATGCT,1,2383420
mglBp,0.3333333333333333,22,17,AGTGTGGCACTAACACACTT,5,2422819
mglBp,75.66666666666667,1378,17,AGGTGAAATTCCGGTCGAAC,1361,2421818
mglBp,0.1111111111111111,18,17,AGCCCGGGTCAGCAATTACG,1,2376655
mglBp,0.16666666666666666,19,17,AGCATCTCATCTCTTGCCCC,2,2340832
mglBp,0.1111111111111111,18,17,AGACGGCACAGTTCTCCCCG,1,2318800
mglBp,0.16666666666666666,19,17,AGAAGGCGCCGGCCCGGTAG,2,2380211
mglBp,0.1111111111111111,18,17,ACTGCGCTCAAGAACCGATC,1,2318593
mglBp,0.1111111111111111,18,17,ACCCGGATCGGGTCGAAGCT,1,2351819
mglBp,0.2222222222222222,20,17,ACCATTTCGTAAGAATCAAC,3,2395276
mglBp,0.1111111111111111,18,17,ACCAGAATTTGGGCCTCCCC,1,2337068
mglBp,0.1111111111111111,18,17,ACACACCCCATGTCGTCCAA,1,2389245
mglBp,0.16666666666666666,19,17,ACAAAGTGCTTGATGCCCAT,2,2357534
mglBp,0.16666666666666666,19,17,AATACTCGCAGATATTGGAT,2,2402886
mglBp,0.1111111111111111,18,17,AAGTAGGTTGGGTCCGGTTT,1,2373292
mglBp,0.1111111111111111,18,17,AAGCGGTCATTTATATTATG,1,2419686
mglBp,0.16666666666666666,19,17,AAGAAGCCGCGAGAGGTCGG,2,2389806
mglBp,0.6111111111111112,27,17,AAATAGCAGATTTCCCACAC,10,2417314
mglBp,0.11764705882352941,17,16,TTTGGGGTGCTTCGCAGCAA,1,2325530
mglBp,0.17647058823529413,18,16,TTGGGCGTAGAACTGATTTT,2,2329590
mglBp,0.11764705882352941,17,16,TTGAATGATTGTTAGTTTGA,1,2357351
mglBp,0.47058823529411764,23,16,TTCTTCCGTTGCAAGTCAGG,7,2399503
mglBp,0.11764705882352941,17,16,TTAGGTAAGTTACATCCGCT,1,2364785
mglBp,0.17647058823529413,18,16,TGTCGCAATCGGTACCTCAG,2,2321641
mglBp,0.11764705882352941,17,16,TGGGTGTCTCTTTGTACGGC,1,2322759
mglBp,0.11764705882352941,17,16,TGCGCCTTATATTGTCTAAA,1,2332185
mglBp,0.11764705882352941,17,16,TGCCGTCCGTTACGGTCATG,1,2379362
mglBp,0.23529411764705882,19,16,TGCCAAGTAAAGGGCGCATA,3,2317847
mglBp,0.11764705882352941,17,16,TGCATGTTTGGCGCACTTTG,1,2352574
mglBp,0.17647058823529413,18,16,TGACTGGGGGAAAGGCGTCA,2,2358279
mglBp,0.11764705882352941,17,16,TGACCGCACTCACCAGGCGG,1,2405060
mglBp,0.29411764705882354,20,16,TGAACCCGGAATATCCGCCA,4,2387180
mglBp,0.17647058823529413,18,16,TCTTGGATGTCAGCATACCT,2,2355712
mglBp,0.11764705882352941,17,16,TCTTGCTTACAAACAGAGCA,1,2327856
mglBp,0.11764705882352941,17,16,TCCTTGGTTGAAATATGGTC,1,2390093
mglBp,0.11764705882352941,17,16,TCCAAGATGCAGCCAGATGC,1,2318799
mglBp,306.52941176470586,5226,16,TCAGAGGATCTTCTGGCTCC,5210,2417920
mglBp,149.7058823529412,2560,16,TCAACGAATATGACTCCATT,2544,2418558
mglBp,0.11764705882352941,17,16,TATTACCTTGTGCTTCGAGG,1,2328112
mglBp,0.11764705882352941,17,16,TATCGGGACAAGTGTATTTT,1,2394408
mglBp,0.5294117647058824,24,16,TAGGAGGGCCTGGATGCAGT,8,2325209
mglBp,0.11764705882352941,17,16,TAGAAGAGGAGGGAAAATCA,1,2346031
mglBp,0.11764705882352941,17,16,TAGAACACCTTCTATCGTCT,1,2393962
mglBp,0.47058823529411764,23,16,TACACATCGTTTGAACGCGG,7,2381228
mglBp,0.29411764705882354,20,16,GTTGCAGCGCGGAGCGTTGG,4,2370898
mglBp,0.35294117647058826,21,16,GTTAGAGCCCGCTAGTCTAT,5,2355155
mglBp,0.17647058823529413,18,16,GTGTAATAAGGGAGCGAAGC,2,2354507
mglBp,0.11764705882352941,17,16,GTATTTTAGCTTTTCAGCTG,1,2365833
mglBp,0.11764705882352941,17,16,GTAGAAGGTGTGAATCGTGC,1,2384330
mglBp,0.29411764705882354,20,16,GGTGTCATGTCATTTTGGCC,4,2390035
mglBp,0.23529411764705882,19,16,GGTCTTCCTAATTTGGTACT,3,2409411
mglBp,0.11764705882352941,17,16,GGCACCGAGATCGGGTACCA,1,2400700
mglBp,0.17647058823529413,18,16,GCTGTATGTGTCATTATCCT,2,2328553
mglBp,0.11764705882352941,17,16,GCTATCACCCGGACTCGACG,1,2408033
mglBp,0.11764705882352941,17,16,GCGGGTAGGATTCATCCCGT,1,2347459
mglBp,0.11764705882352941,17,16,GCGAGGTATCGGCTATATAA,1,2383354
mglBp,0.11764705882352941,17,16,GCGACTACCTACCCTCTTGG,1,2377853
mglBp,142.8235294117647,2443,16,GCAGTACTTTTTGTTCAGCC,2427,2391254
mglBp,0.23529411764705882,19,16,GATGCGTTCATAGTGATCCG,3,2371939
mglBp,0.11764705882352941,17,16,GATGCATAAAGCTGCGACGT,1,2338847
mglBp,0.11764705882352941,17,16,GAGATTGTGGCTTGTTTTCT,1,2380324
mglBp,0.35294117647058826,21,16,GAATTAACTAAAACTCCTTT,5,2370868
mglBp,0.11764705882352941,17,16,GAACCCAGCGTAGTCGCACA,1,2421208
mglBp,0.29411764705882354,20,16,CTTGCCAGGATAGACGCGGT,4,2321786
mglBp,0.11764705882352941,17,16,CTTATCGGCTGGTGCTGCTG,1,2370003
mglBp,0.11764705882352941,17,16,CTGGAGGGGAATTATTTTAG,1,2402700
mglBp,0.23529411764705882,19,16,CTCTGCCGGGAGGAACCCCT,3,2340320
mglBp,0.11764705882352941,17,16,CTCCGTGCTGATAATTGAGG,1,2345486
mglBp,0.11764705882352941,17,16,CTCATTATTAATTTTCATAT,1,2422121
mglBp,0.35294117647058826,21,16,CTAGCCCCCTACGAGGTTAT,5,2362677
mglBp,0.11764705882352941,17,16,CGGTTGAGTAGTGACGTACG,1,2382638
mglBp,0.17647058823529413,18,16,CGCTATACTAAGTGTAGTAA,2,2360928
mglBp,0.11764705882352941,17,16,CGCCTACATCAAAAGAGAAA,1,2421307
mglBp,0.35294117647058826,21,16,CGCACCGTTTAACTGCAATC,5,2419323
mglBp,0.11764705882352941,17,16,CCTTTTGATGAATTGTATCC,1,2358157
mglBp,0.17647058823529413,18,16,CCTAAGATGGGTGGGCGCGT,2,2416282
mglBp,0.11764705882352941,17,16,CCGAAGCATACTTAACGCGT,1,2318439
mglBp,0.17647058823529413,18,16,CCCTCATCGCACGGTTACCA,2,2334520
mglBp,0.17647058823529413,18,16,CCACACAGATAGCTGGTGAT,2,2320888
mglBp,0.11764705882352941,17,16,CAGTGTCCGTAACAGGGTTT,1,2372911
mglBp,0.17647058823529413,18,16,CACTACCTAACTCCGAATTA,2,2324925
mglBp,0.6470588235294118,26,16,ATTTAGACGTTGCTGTCCAA,10,2348202
mglBp,0.11764705882352941,17,16,ATGTATAGGGGGGCACACTC,1,2331545
mglBp,0.29411764705882354,20,16,ATGGGCAACGCGTGTCTGGA,4,2394888
mglBp,0.29411764705882354,20,16,ATCTGAGCTCCAACTGGTTC,4,2340893
mglBp,0.11764705882352941,17,16,ATCTAGCTCAATCCGGATTA,1,2365697
mglBp,0.11764705882352941,17,16,ATAAGGTCACTAATCGGAGC,1,2343417
mglBp,0.47058823529411764,23,16,ATAACGGGTACCGGTCCGAA,7,2380127
mglBp,0.29411764705882354,20,16,AGTCGCATGTCCGGGGACGT,4,2325528
mglBp,0.47058823529411764,23,16,AGTAGCGAATTCGGAATTTA,7,2423312
mglBp,0.17647058823529413,18,16,AGTACATAATACAGACTGCT,2,2373947
mglBp,0.17647058823529413,18,16,AGGCCGCTTTACGTTCACAC,2,2341193
mglBp,0.11764705882352941,17,16,AGGAAATCATCGGGTGGGGA,1,2408747
mglBp,0.11764705882352941,17,16,AGCTCCTCCTTAGAGGAGTG,1,2336826
mglBp,0.11764705882352941,17,16,AGATGTGCGAAAGCATCATG,1,2327477
mglBp,0.17647058823529413,18,16,ACTCAATGAACGTTGGCTAG,2,2412969
mglBp,0.23529411764705882,19,16,ACGTGCCGTCCGTAATTCGG,3,2420836
mglBp,0.11764705882352941,17,16,ACGATTCCTGTGTGGACAAC,1,2396730
mglBp,0.6470588235294118,26,16,ACACTGGTGCCCTGGATCTG,10,2351760
mglBp,0.29411764705882354,20,16,ACAATAGCACGTCACGTCCA,4,2404435
mglBp,0.5294117647058824,24,16,AATTAGGCCGCTCATGGTTA,8,2323855
mglBp,0.23529411764705882,19,16,AATTAATTTCCGACAACGGA,3,2403746
mglBp,0.29411764705882354,20,16,AATCCGAATGTGTGAGTGTG,4,2371151
mglBp,0.17647058823529413,18,16,AAGTTCCGTATATATGGATC,2,2403221
mglBp,0.17647058823529413,18,16,AAGGTACGATGCGTTTATTT,2,2364977
mglBp,0.11764705882352941,17,16,AAGGGTGCAGACTCCTTTTT,1,2405994
mglBp,0.11764705882352941,17,16,AACTAATAACAGATGAACTT,1,2415629
mglBp,0.29411764705882354,20,16,AACAGGATCAGACTGCCGGG,4,2361729
mglBp,0.11764705882352941,17,16,AACACATCCTCTTACCCCTA,1,2422449
mglBp,0.11764705882352941,17,16,AAAATAGGGTCATCCGGCAA,1,2334866
mglBp,0.125,16,15,TTGTCCGTTATCACAGAACG,1,2318889
mglBp,0.25,18,15,TTGCAGATCAGAGATGTGAA,3,2381032
mglBp,0.5625,23,15,TGTTTCTGCCTATCTTTCCA,8,2338536
mglBp,154.375,2484,15,TGTAAGGACAAGCCATTATA,2469,2391633
mglBp,0.125,16,15,TGGACGGCCATTACGAGTGT,1,2359358
mglBp,0.1875,17,15,TGCTGGTAACGAGTTGTGTT,2,2384579
mglBp,0.125,16,15,TGCTCTATACGTTCGTAAGT,1,2337542
mglBp,0.5,22,15,TGACGACCCCCATGACGCAA,7,2322888
mglBp,0.5,22,15,TCTTTCCATGGACCCCTTCA,7,2371267
mglBp,0.125,16,15,TCTCCGACCTACGGATTCGA,1,2325695
mglBp,0.125,16,15,TCGTGCAACCTATCGCGCGT,1,2394310
mglBp,0.1875,17,15,TCGCGGAGAGACGGGTGAAA,2,2350635
mglBp,0.25,18,15,TCGCCTCGCAAGTTATACAT,3,2371418
mglBp,1.4375,37,15,TCGCCGAAAATCAGAGGAGA,22,2365196
mglBp,0.125,16,15,TCATGTGCTATACCTGATAT,1,2333237
mglBp,0.125,16,15,TCATGTACGAAGTAAGTCGC,1,2409091
mglBp,0.125,16,15,TCATGCGTACGATGCGCCGG,1,2364887
mglBp,0.125,16,15,TATTTTACATTCGAGCCAGG,1,2369731
mglBp,0.1875,17,15,TACGTACTGGACCTATGAAG,2,2357441
mglBp,145.375,2340,15,TAATTTGTGCGTCCGCTATG,2325,2341562
mglBp,0.1875,17,15,TAATTTCCTTAGTAGGGCGG,2,2415581
mglBp,0.25,18,15,TAATCAAACTCTAAGTCTGA,3,2376957
mglBp,0.1875,17,15,TAAATAGTAGGCATACTTAG,2,2395335
mglBp,0.125,16,15,TAAAGGCATTCGTGCAGAAT,1,2328735
mglBp,0.3125,19,15,GTTTCAGACTCCAAGATAAG,4,2346284
mglBp,0.125,16,15,GTGTCAACGATGCTCCACCC,1,2345618
mglBp,0.125,16,15,GTGAATAAAGTGATTTTTCG,1,2389758
mglBp,0.125,16,15,GTATTCACGCGGACTCCACA,1,2358535
mglBp,0.125,16,15,GTATGAGTAACGTCACGAGT,1,2371803
mglBp,0.125,16,15,GTAGCATTATACTTACGGGT,1,2347186
mglBp,0.1875,17,15,GGTACGAGACGTTTGACTTC,2,2401105
mglBp,0.1875,17,15,GGTAAGACATACCAGATTGG,2,2325335
mglBp,0.1875,17,15,GGCCGGTTCTCAGACCACCG,2,2338240
mglBp,0.125,16,15,GGACCTTCGCTCCACTTTGA,1,2352329
mglBp,0.3125,19,15,GGACACCACTAACGATATAG,4,2412195
mglBp,0.1875,17,15,GCTGTAACCGGTACCGAGGT,2,2337641
mglBp,0.1875,17,15,GCTGGTAAACCTCACGAGTT,2,2402788
mglBp,0.125,16,15,GCTACAGCTCGCCGTGACCA,1,2384381
mglBp,0.125,16,15,GCGTTATCCAGCGTAACTGG,1,2380252
mglBp,0.375,20,15,GCGGGCAATACCAAGATCAC,5,2365503
mglBp,0.1875,17,15,GCGGAAAGCCTGGTTTGTAA,2,2396545
mglBp,0.1875,17,15,GCGCTAGGCGGCCGATGCCC,2,2335071
mglBp,153.125,2464,15,GCGAGCCGTTACACTCTGCC,2449,2335552
mglBp,0.5,22,15,GCGACGACGTACGGGGCCGA,7,2324247
mglBp,0.125,16,15,GCAGCGGGGGTGTAGGCTAA,1,2384115
mglBp,116.4375,1877,15,GCACCGAGACATGGCATGCA,1862,2423228
mglBp,0.25,18,15,GCACAGCAGGATCATAAAAC,3,2332204
mglBp,0.3125,19,15,GCAAATTAGTGGGACTCGCA,4,2366624
mglBp,0.125,16,15,GAGTTTTCATTATACAGCAT,1,2416202
mglBp,0.125,16,15,GACTTCTTTAAACGCGTGTA,1,2337810
mglBp,0.125,16,15,CTTTGCCAGGCTACAGACAA,1,2347555
mglBp,0.125,16,15,CTTGGAAGCTATTAGTTATA,1,2418261
mglBp,0.25,18,15,CTCTTGACCGCGGCGGGGCA,3,2390006
mglBp,0.125,16,15,CTCTTACACCCAGGCCTGCC,1,2343295
mglBp,0.1875,17,15,CTCCTCAGCAGTCTCACGCT,2,2390716
mglBp,0.125,16,15,CTAGTGAGGGTTTGCGATCT,1,2413903
mglBp,0.125,16,15,CTAGATAGGCATCAAACTGC,1,2390071
mglBp,0.3125,19,15,CTACCGAGCACGTACAGTCT,4,2351033
mglBp,0.1875,17,15,CGTAGCACGCGATGGTAGGT,2,2354512
mglBp,0.25,18,15,CGCTTTTATTGACTCAGCAG,3,2343924
mglBp,0.125,16,15,CGCTACCGCTTATCCATGAA,1,2380078
mglBp,0.125,16,15,CGCAGGCAGAAGTCTGTACT,1,2411940
mglBp,0.125,16,15,CGCAACGCGCAGTCTTGGCA,1,2325540
mglBp,0.125,16,15,CGATAGGCAGGCGCCGCGCA,1,2394722
mglBp,0.125,16,15,CGAATCTTAGATCCAAGAGT,1,2394925
mglBp,0.1875,17,15,CCTCGTCCTGGTGGTTATAA,2,2341746
mglBp,0.1875,17,15,CCTAATCGGGGCGTGGCCCA,2,2379419
mglBp,0.125,16,15,CCTAAACCGCGTTCCAATGC,1,2409524
mglBp,0.125,16,15,CCGGCTAAGGCATGATCGCC,1,2356380
mglBp,0.125,16,15,CCGACCCCCGGACACCCTGC,1,2370821
mglBp,0.125,16,15,CCCGCTAGACCACTACGATG,1,2363492
mglBp,0.125,16,15,CCATGACCGGACCACATCAG,1,2409086
mglBp,158.375,2548,15,CCATAGTATGTCGGGTAGCT,2533,2400338
mglBp,0.1875,17,15,CATGACACCACCGTGCTTGT,2,2420410
mglBp,0.125,16,15,CATCACCGAGCCACTTTGGT,1,2399259
mglBp,0.1875,17,15,CAGGGCGTAAACATCACAGG,2,2361770
mglBp,0.375,20,15,CACTAAGGGCTAATTCTCCT,5,2324107
mglBp,0.1875,17,15,CAACGGACGATACCCTTCTA,2,2343984
mglBp,0.125,16,15,CAACAGGGGTTCGAGGGACA,1,2384248
mglBp,0.125,16,15,CAACAGCCAAGAGGGTGATT,1,2318733
mglBp,0.125,16,15,ATTAGACATTTCGACCGTAA,1,2379401
mglBp,0.125,16,15,ATGCTAGATCCCGATTCTGT,1,2353500
mglBp,0.125,16,15,ATGATGTTGACCTTCCTTGG,1,2403206
mglBp,0.1875,17,15,ATGATCGCTAAGCTTTGTAT,2,2334061
mglBp,0.125,16,15,ATCTGGGTTCACTTGACGGA,1,2423355
mglBp,0.125,16,15,ATCGATATTTAACGCAAAAT,1,2376828
mglBp,0.3125,19,15,ATACTGTGATCTCGTATTCC,4,2386708
mglBp,0.125,16,15,ATACGGCTAGGGGCAAGAAG,1,2331661
mglBp,0.25,18,15,AGTAGGTTTGTTTAGGTCCC,3,2328683
mglBp,0.125,16,15,AGGCGAGCTTGATGTATAAG,1,2390133
mglBp,0.125,16,15,AGGCAGAGGAGCCAGAACAA,1,2337648
mglBp,0.125,16,15,AGGATCGGCATAAATTTGCG,1,2406420
mglBp,0.3125,19,15,AGGAGTTAAGGGCAGATGTG,4,2400668
mglBp,0.125,16,15,AGGAGGCCCAACGACCTTCA,1,2399826
mglBp,0.25,18,15,AGATTCCTGCTTCCTGTTTG,3,2350778
mglBp,0.625,24,15,AGATACAGCCTACTTTATCT,9,2350027
mglBp,0.125,16,15,AGACAAATCTAGGGCTCGTG,1,2377045
mglBp,0.125,16,15,ACTTCCCTATTTCAAGTATT,1,2362684
mglBp,0.125,16,15,ACTATACTTGGGTACTCTGA,1,2405738
mglBp,0.125,16,15,ACGTAGTTTAAAGGTGATAA,1,2328362
mglBp,0.125,16,15,ACCTGTTACATAAACGCCAA,1,2362080
mglBp,0.1875,17,15,ACCGTTTTGATGACTGGCGG,2,2358794
mglBp,0.125,16,15,ACCCCGGGAACACTAGCGCG,1,2401108
mglBp,0.125,16,15,ACCATACTTGGACTGAAGTA,1,2364376
mglBp,0.125,16,15,ACATGATCTAGCCTCGCAGA,1,2355838
mglBp,0.125,16,15,ACAGCCCTTGCAAGGGCTCA,1,2358173
mglBp,0.125,16,15,ACAGAAAAACGACACCTCTC,1,2392612
mglBp,0.125,16,15,ACAAAAGCATGTTTAGCCAC,1,2417755
mglBp,0.125,16,15,AATTTACCGGTCGGGCGAGC,1,2384957
mglBp,0.1875,17,15,AATTTACCGCGAAGGGTACA,2,2380453
mglBp,0.125,16,15,AATTGATCGTAGAGAAATGC,1,2353787
mglBp,0.125,16,15,AATGTTGTTACAGTTAATAT,1,2379470
mglBp,165.9375,2669,15,AATGGCCTCCACCCTGTCTT,2654,2317330
mglBp,0.1875,17,15,AATCATGCTACCCGTCGTTG,2,2345497
mglBp,0.1875,17,15,AATAGTGCAGTCCTTCGCGA,2,2356830
mglBp,0.125,16,15,AATAACACGTTGAGTCGTAT,1,2377871
mglBp,0.125,16,15,AAGCGGAGTCTTAATTCGTC,1,2376044
mglBp,0.125,16,15,AAGATCGAGTTGTTACGATT,1,2329438
mglBp,0.125,16,15,AACCCGTATGTCGAGTTGAA,1,2370499
mglBp,0.125,16,15,AAATGGAGGTATCCTAGTGT,1,2398845
mglBp,0.125,16,15,AAATCATCCGAGGATGATCA,1,2337555
mglBp,0.125,16,15,AAAGAGCAGGCCAATCGTAT,1,2417378
mglBp,0.13333333333333333,15,14,TTTTTTCATAGGAATTAAAT,1,2419813
mglBp,0.2,16,14,TTGACAGCCGTATAGAATCA,2,2412747
mglBp,0.13333333333333333,15,14,TTCCCAGTTGCAGTACAAAG,1,2357499
mglBp,0.3333333333333333,18,14,TTCCACATTTCGTTCCCATA,4,2376194
mglBp,0.13333333333333333,15,14,TTAAGGGGTAAAAGCAGTAT,1,2362691
mglBp,0.13333333333333333,15,14,TTAACCTGGTTCTCGGTGCC,1,2358280
mglBp,0.13333333333333333,15,14,TGTGACGCCAAAGCACATTG,1,2330243
mglBp,0.5333333333333333,21,14,TGTATATGGCGTCGATTTAA,7,2423234
mglBp,1.5333333333333334,36,14,TGATCCGGACGCCCGAGTCG,22,2420385
mglBp,175.46666666666667,2645,14,TCTTTCCCGCGTCTACGCGA,2631,2338511
mglBp,0.13333333333333333,15,14,TCTATTCCTTTCGGTTAGGC,1,2384855
mglBp,0.3333333333333333,18,14,TCTAATATCCCAGGACCCTA,4,2320697
mglBp,0.2,16,14,TCGGGTTTTGACGATCGGCA,2,2332417
mglBp,0.6,22,14,TCGCGCCTTGAGCTAGTCCA,8,2423213
mglBp,0.13333333333333333,15,14,TCGCAAAGTAACTATGTATA,1,2364374
mglBp,0.13333333333333333,15,14,TCAGCTATGATACAGCGTGA,1,2419327
mglBp,1.8666666666666667,41,14,TCACGATCGAAGGCGAAATA,27,2395325
mglBp,0.13333333333333333,15,14,TATTTGCCTATGCGTCACCA,1,2406365
mglBp,0.13333333333333333,15,14,TATGGCTCAAGCTTCGAGAC,1,2330861
mglBp,0.13333333333333333,15,14,TATCCGCACAAGTGTCTGTT,1,2325178
mglBp,0.2,16,14,TAGGAGCTCAGGGGGACTGA,2,2407951
mglBp,0.2,16,14,TAGCTTAGTGATTGAATGGA,2,2411763
mglBp,0.13333333333333333,15,14,TACTATCCGACAAAAGCTAA,1,2400875
mglBp,0.13333333333333333,15,14,TAAGGTCTGCTGGCTAAGGA,1,2321647
mglBp,0.2,16,14,GTTACTTTTCGGTGAACTTG,2,2419986
mglBp,0.13333333333333333,15,14,GTTACGTTGCAGTGATTCTG,1,2379455
mglBp,0.6,22,14,GTGTCAGTCCATCGATTTTT,8,2349172
mglBp,0.4,19,14,GTATGGTGGTAGTAGGTTCA,5,2416565
mglBp,0.13333333333333333,15,14,GGTGTAGCTCCGTGGGGCAT,1,2372117
mglBp,0.13333333333333333,15,14,GGTGCGGACTGGACGCATAC,1,2403353
mglBp,0.13333333333333333,15,14,GGGTTCATTCCAGTTAATGT,1,2333153
mglBp,0.13333333333333333,15,14,GGGTGCGGATTTAAGTATCA,1,2408794
mglBp,0.13333333333333333,15,14,GGCTTAGCCTCAGGGCAACT,1,2378956
mglBp,0.26666666666666666,17,14,GGCGGGGCGATTGCAGACCC,3,2332456
mglBp,0.2,16,14,GGAGGTTGCAGTCCGTCATC,2,2377599
mglBp,0.3333333333333333,18,14,GCTTTGCATAGGATAAGCTT,4,2328366
mglBp,0.13333333333333333,15,14,GCTCTGCCACGTCGTTGCGT,1,2364707
mglBp,0.26666666666666666,17,14,GCTCATACGCAGGAAGCACT,3,2415510
mglBp,0.13333333333333333,15,14,GCTACACATACATTGACCTC,1,2366370
mglBp,0.13333333333333333,15,14,GCACTCCCCTAAGATCTGGT,1,2418555
mglBp,0.13333333333333333,15,14,GCACGACCCTGGGCAGCTGT,1,2418585
mglBp,0.13333333333333333,15,14,GCACCAGGTCTGGTGATGGA,1,2410856
mglBp,0.2,16,14,GATCAGTTCAGTTTGGCAAT,2,2318948
mglBp,0.13333333333333333,15,14,GAGTGTATATCTGCGGGTCA,1,2328077
mglBp,0.13333333333333333,15,14,GACTGTGGTTTGTACCGGGT,1,2346822
mglBp,0.13333333333333333,15,14,GAATGCGTTTTGCATATGCT,1,2371863
mglBp,84.86666666666666,1286,14,GAAGCTTCTGCCACCTCATA,1272,2363500
mglBp,0.13333333333333333,15,14,GAACAATACTCTACACTGCC,1,2341000
mglBp,0.13333333333333333,15,14,GAAACTGGTGTCGTCATACT,1,2410883
mglBp,0.4666666666666667,20,14,CTTGCTTGCGAAATCCATGG,6,2397980
mglBp,0.2,16,14,CTTCCCTTCGTATTGGCCCA,2,2350890
mglBp,0.13333333333333333,15,14,CTTAAAGCACACAGAATTAA,1,2332618
mglBp,0.13333333333333333,15,14,CTCCTACATAACTTATTCCT,1,2392773
mglBp,0.13333333333333333,15,14,CTAAATGTATGGCGAATGTA,1,2405586
mglBp,0.13333333333333333,15,14,CGTAGGGACCAGGGGGGCGA,1,2389089
mglBp,0.2,16,14,CGGTTGGACTCGAACACACA,2,2416173
mglBp,0.2,16,14,CGGGTGCCCCTTTCGATCAA,2,2378381
mglBp,0.13333333333333333,15,14,CGGAGCATGAAGGGCGTCAG,1,2347939
mglBp,0.2,16,14,CGCGAACAAATAACGAGTTG,2,2418598
mglBp,0.3333333333333333,18,14,CGCATTTCATTTGTATGTTG,4,2387177
mglBp,0.13333333333333333,15,14,CGCACTAATTGGCCGCGCCC,1,2384078
mglBp,0.13333333333333333,15,14,CGATTCGCTTCGATCCATTA,1,2417977
mglBp,0.3333333333333333,18,14,CCTCGTCGCAATTCTATTAC,4,2335073
mglBp,0.13333333333333333,15,14,CCGTCTAAACACACGTTTCA,1,2336345
mglBp,1.2,31,14,CCGCAGTGAGGACTCATTGT,17,2396915
mglBp,0.6666666666666666,23,14,CCGAGTGATATGTAACATGA,9,2326692
mglBp,0.13333333333333333,15,14,CCCAAGCCACTATTAAATGG,1,2404924
mglBp,0.6666666666666666,23,14,CCAACGTACACTTGGTCCTT,9,2330588
mglBp,0.4666666666666667,20,14,CAGCAGCGAAGCCAGGAGCA,6,2378856
mglBp,0.8,25,14,CACTTTAAATAGATACATGT,11,2349867
mglBp,0.6,22,14,CACGGAGATCCCGGAGCCGT,8,2375476
mglBp,0.13333333333333333,15,14,CACCAAGGAGGTTGCCTGGA,1,2319016
mglBp,0.26666666666666666,17,14,CACACTAACAGAGGTAAATG,3,2329293
mglBp,0.13333333333333333,15,14,CAATCTCCTAACACTTAGGG,1,2365849
mglBp,0.13333333333333333,15,14,CAATAAAGCGGTCTTCAACG,1,2338102
mglBp,0.13333333333333333,15,14,CAACGAGGATCCATTATACT,1,2328625
mglBp,0.26666666666666666,17,14,CAAATCTGGAGGATGAGATC,3,2423525
mglBp,0.13333333333333333,15,14,ATTCCAGATCCTCAAGAACA,1,2338140
mglBp,0.13333333333333333,15,14,ATGGAAGGACACGTCGAAAG,1,2340230
mglBp,0.13333333333333333,15,14,ATCAGTAGTAAGGCCGTCCT,1,2404889
mglBp,0.3333333333333333,18,14,ATAGACGGACGGTTATACAT,4,2339338
mglBp,0.13333333333333333,15,14,AGGGTCTCTTCAGTCTATAA,1,2377655
mglBp,0.13333333333333333,15,14,ACTCGTGGACCACTAATAAA,1,2320776
mglBp,0.2,16,14,ACTAGGTACTGTAATCTGTG,2,2383910
mglBp,0.13333333333333333,15,14,ACGCACTGCGATTTGTAGCA,1,2325273
mglBp,0.26666666666666666,17,14,ACCTCTCGTTTTTTCTAATA,3,2365823
mglBp,0.13333333333333333,15,14,ACCCGCGCGAAGTAGCGCAA,1,2417586
mglBp,0.26666666666666666,17,14,ACACCCGTCCGGGACTCCGT,3,2355648
mglBp,0.4,19,14,ACAAGGAAAACTTGCCGAAA,5,2325549
mglBp,0.13333333333333333,15,14,AATTTATAAGCTGTACTTTT,1,2380658
mglBp,0.13333333333333333,15,14,AATGTAGTAGGGGCATACAT,1,2394042
mglBp,0.13333333333333333,15,14,AAGTATGAACCGTGGTCAGG,1,2342474
mglBp,0.2,16,14,AAGGAGGGTCTATTTGCATA,2,2338225
mglBp,0.13333333333333333,15,14,AAGCGTAGCCTACCGCGAGC,1,2409541
mglBp,0.2,16,14,AACTGTGACGCCACTCCCTG,2,2381933
mglBp,0.5333333333333333,21,14,AACGTCTTAACGTTGTTTGG,7,2337083
mglBp,0.13333333333333333,15,14,AACCACCGGGGTCTAATCCG,1,2391836
mglBp,0.13333333333333333,15,14,AAATTCTGCTGACGATAGAA,1,2416201
mglBp,0.13333333333333333,15,14,AAAATCAGCGGGGACCCTTG,1,2418865
mglBp,0.14285714285714285,14,13,TTTACGGTTAGTTTTCTTGG,1,2407369
mglBp,0.14285714285714285,14,13,TTGTTCTGTGCCCCCACGTA,1,2321800
mglBp,0.14285714285714285,14,13,TTCACTGGAAATTACGGTAT,1,2370643
mglBp,0.7142857142857143,22,13,TTACCATACGCGGCCGTGCA,9,2373185
mglBp,0.14285714285714285,14,13,TGGAGAGATATAACTCGGTG,1,2351874
mglBp,0.14285714285714285,14,13,TGCGTGCAGTAGGCAAATGG,1,2363586
mglBp,0.21428571428571427,15,13,TGCGTCCTACCCAAAGCTGG,2,2403573
mglBp,0.7857142857142857,23,13,TGCGGCCTAGTTAATGTACC,10,2352282
mglBp,0.14285714285714285,14,13,TGCAGCTGTAGTTGGTGGAG,1,2322568
mglBp,0.14285714285714285,14,13,TCTCGTAGCCGACTCGACTA,1,2377766
mglBp,0.5,19,13,TCGCGTCTTGTCGGGGGATT,6,2382019
mglBp,1.0,26,13,TCCTAAACCGTAAACAGGGT,13,2389951
mglBp,0.14285714285714285,14,13,TCCGTTGGCGTAGGCACTAA,1,2367891
mglBp,0.2857142857142857,16,13,TCCCGGTCCCCAGGTCATTC,3,2353075
mglBp,0.35714285714285715,17,13,TCATTGCGTACTCTCTCTGA,4,2397621
mglBp,0.14285714285714285,14,13,TCATCGCGCATTAATAGACT,1,2368574
mglBp,0.14285714285714285,14,13,TCACAAGTTTGTTACCGGCT,1,2388622
mglBp,0.21428571428571427,15,13,TATCACCGTACATTGATTGA,2,2324764
mglBp,0.14285714285714285,14,13,TAGGGTAAAGATGAACGCCA,1,2320202
mglBp,0.35714285714285715,17,13,TAGATCTTGCTGCAGCGAAG,4,2366089
mglBp,0.14285714285714285,14,13,TACTTAGAGAAATTGGTCCT,1,2373078
mglBp,0.2857142857142857,16,13,TAATCAGCTTGGGGTAGCAT,3,2390963
mglBp,0.2857142857142857,16,13,TAAGAAGGAGGCGAAGTGTG,3,2396931
mglBp,0.14285714285714285,14,13,GTTGTCGTGGAGCACATCGG,1,2371269
mglBp,0.14285714285714285,14,13,GTTGATGGAGGCGACTCACA,1,2368907
mglBp,0.14285714285714285,14,13,GTTCAGTGCATTCCATACGG,1,2422015
mglBp,0.21428571428571427,15,13,GTTACCCCACAACACCATTC,2,2403837
mglBp,0.2857142857142857,16,13,GTGGAATACTTCCAAATCCG,3,2409187
mglBp,0.14285714285714285,14,13,GTGCTATGACCCGCCGGTCG,1,2326257
mglBp,0.14285714285714285,14,13,GTCTTACAACGTAGGGACAG,1,2355054
mglBp,0.14285714285714285,14,13,GTCTCTCTCGGTGTAAGTAT,1,2318202
mglBp,0.5,19,13,GTCGCAGCCAGCGTCTTGAC,6,2370555
mglBp,0.14285714285714285,14,13,GTATCAACGTGTCTTATCTC,1,2384201
mglBp,0.14285714285714285,14,13,GTAATCTTCGAGTGCGACGA,1,2332864
mglBp,0.14285714285714285,14,13,GGCATACAGCTCAGACGATA,1,2379656
mglBp,0.14285714285714285,14,13,GGAGCCCCTTGCTGTTATTG,1,2371126
mglBp,0.2857142857142857,16,13,GCTTTTTCTACAAAACTGCC,3,2376052
mglBp,0.14285714285714285,14,13,GCTAATCTAAGTTAGAATGA,1,2342916
mglBp,0.6428571428571429,21,13,GCGGTCTTCGTTGCCGATCT,8,2351058
mglBp,0.42857142857142855,18,13,GCCTGCGTTAAGTATTGATA,5,2405007
mglBp,0.14285714285714285,14,13,GCCGGATCACCGGAGCCCAT,1,2350750
mglBp,0.21428571428571427,15,13,GCAGCCAACTTGTCATTGAC,2,2378073
mglBp,0.14285714285714285,14,13,GCAAGCGGAGTGTAGACACT,1,2361674
mglBp,0.21428571428571427,15,13,GCAAAGCTGATGAACATATT,2,2359208
mglBp,0.42857142857142855,18,13,GATTCGCGTAACAGGCTTTA,5,2364988
mglBp,0.5,19,13,GATGTCCTCATGCCCGGGTA,6,2406863
mglBp,0.14285714285714285,14,13,GAGCCCGGGCACTGACTACG,1,2404972
mglBp,0.14285714285714285,14,13,GAGAATGTTGCCTGGTCAAT,1,2350395
mglBp,0.14285714285714285,14,13,GACTGCTCACGGGTCTTTTA,1,2384255
mglBp,0.14285714285714285,14,13,GACATTCTTGTTACACCTCT,1,2382263
mglBp,0.2857142857142857,16,13,GACACCAGGTATGGTTCGAA,3,2362227
mglBp,0.14285714285714285,14,13,GAACCGGGGGTTCTTAGTCA,1,2325094
mglBp,0.14285714285714285,14,13,CTTGTACGGGCAGAAGACCT,1,2360731
mglBp,0.14285714285714285,14,13,CTGTTACACCCTTTGCGGTT,1,2347535
mglBp,0.14285714285714285,14,13,CTGAGGCTTGTGTTCTCCTG,1,2390656
mglBp,0.14285714285714285,14,13,CTCCCGTCAGCATTTTGTTC,1,2330283
mglBp,0.21428571428571427,15,13,CGTTCCAAATACATTACCTT,2,2334240
mglBp,0.8571428571428571,24,13,CGCTCAGTTAACGTCTGATA,11,2345052
mglBp,0.2857142857142857,16,13,CGATCGTGGATTTATATAAT,3,2409438
mglBp,0.14285714285714285,14,13,CGAGTCAAGGCCCTTCCAGC,1,2319977
mglBp,0.14285714285714285,14,13,CGAGAAATAGTACTACAGTA,1,2334933
mglBp,0.21428571428571427,15,13,CCTAGCGCAGGTTTTGTTGG,2,2400773
mglBp,0.14285714285714285,14,13,CCGGAGACAAAGAAACGGCT,1,2394942
mglBp,0.2857142857142857,16,13,CCGCGGTCGGATGTAAAATT,3,2366156
mglBp,0.14285714285714285,14,13,CCATGTGCCGGACAATGCAA,1,2340124
mglBp,0.14285714285714285,14,13,CCAGCCTGCGTACATCTCAT,1,2364360
mglBp,0.8571428571428571,24,13,CCACTAAAAATGATGATCTT,11,2364341
mglBp,0.14285714285714285,14,13,CCACGGGAAGTATCCCGCAG,1,2353782
mglBp,0.14285714285714285,14,13,CATGACACAACTTGTACGTA,1,2340802
mglBp,0.5714285714285714,20,13,CATACGTGGCCAAGACCTGG,7,2383108
mglBp,0.14285714285714285,14,13,CAGTCCAGGGAAGGTCTTTA,1,2372947
mglBp,0.14285714285714285,14,13,CAGCTATGCAACGATACACA,1,2390883
mglBp,0.14285714285714285,14,13,CACCACGTCAGGTTGTACGT,1,2422314
mglBp,0.14285714285714285,14,13,CAATGGGTTGGGCTATTTCG,1,2384854
mglBp,0.21428571428571427,15,13,ATTACTGATTCCGGGGCGCA,2,2385154
mglBp,0.14285714285714285,14,13,ATGTCCTGCTAACAAGCGAG,1,2352929
mglBp,0.14285714285714285,14,13,ATCCATAGGTTGGACTAAGC,1,2396985
mglBp,0.14285714285714285,14,13,ATATGTAACACGGGCTGTCA,1,2330607
mglBp,0.14285714285714285,14,13,ATAAACTGGGACGTGGTTAT,1,2395793
mglBp,0.42857142857142855,18,13,AGTTTCTATTTACGCGGTAA,5,2394634
mglBp,0.6428571428571429,21,13,AGTTAATGTTATGCCTCAGT,8,2317324
mglBp,0.14285714285714285,14,13,AGGGTTAACCCCTCGAACGC,1,2419293
mglBp,0.14285714285714285,14,13,AGGGAGCCTACTTGATTGTG,1,2322370
mglBp,0.14285714285714285,14,13,AGGACTTGGTTACTAACGCC,1,2386626
mglBp,0.7142857142857143,22,13,AGCGACTATATGGCGAGGAG,9,2364936
mglBp,187.85714285714286,2642,13,AGATGAGTCCGTGAAGGACT,2629,2418393
mglBp,0.14285714285714285,14,13,AGAGTCCAGTCGGCTTACAG,1,2346366
mglBp,0.2857142857142857,16,13,ACTTTTCAGTGTAATGGCGA,3,2339607
mglBp,0.14285714285714285,14,13,ACTATTGAGGGAAAAAGTTC,1,2369040
mglBp,0.2857142857142857,16,13,ACGGACTGGGTCGGTCAACA,3,2346378
mglBp,1.1428571428571428,28,13,ACGCCGTTCCCATGACTCGA,15,2319165
mglBp,0.14285714285714285,14,13,ACGCACCTGGGGATAGGGTT,1,2383777
mglBp,0.14285714285714285,14,13,ACCGTAGCACGTGCTGGAGT,1,2330958
mglBp,0.42857142857142855,18,13,ACCGGGCTGAGTCTAAATCT,5,2336270
mglBp,0.35714285714285715,17,13,ACCCGGTGTATAGCCAGTGT,4,2416758
mglBp,0.42857142857142855,18,13,ACACTGTGCACCCGGTTGGT,5,2324071
mglBp,0.14285714285714285,14,13,ACACCCCTGAAGCAGACTCA,1,2333394
mglBp,0.2857142857142857,16,13,AACAGTGCCTGACTCGTGTC,3,2357201
mglBp,0.2857142857142857,16,13,AAAGTTACTTTGGCACGCAG,3,2383822
mglBp,0.14285714285714285,14,13,AAACGACTGAGGCGAGTACT,1,2345770
mglBp,0.21428571428571427,15,13,AAACCTCTTCAGGCGGAACA,2,2339579
mglBp,0.21428571428571427,15,13,AAAAGCCCCTCGTAAGCCAA,2,2401900
mglBp,0.15384615384615385,13,12,TTTGTATTAGGTAGAATTGA,1,2397626
mglBp,0.46153846153846156,17,12,TTTACGGAGTTGCGGTCATG,5,2374576
mglBp,0.15384615384615385,13,12,TTGTAGTCGTAAAGTCCCTG,1,2398583
mglBp,0.7692307692307693,21,12,TTGGGCATGGTCAACCTCTC,9,2324819
mglBp,0.15384615384615385,13,12,TTCACCCAAGGAAGCTCAAT,1,2414496
mglBp,0.15384615384615385,13,12,TGGGTTTCCTCAAATCCCAC,1,2335880
mglBp,0.15384615384615385,13,12,TGGCGTAGGATCAACGTATT,1,2341015
mglBp,0.15384615384615385,13,12,TGCCTTGGGGAAGTCACAAA,1,2324977
mglBp,0.46153846153846156,17,12,TCTTTACTGAGGTTCACCTG,5,2401699
mglBp,0.15384615384615385,13,12,TCTGCCCTGACCCCGGGGCA,1,2358522
mglBp,0.15384615384615385,13,12,TCTCAGCGCCTTAAGCGTTG,1,2333910
mglBp,0.23076923076923078,14,12,TCGTTCTGAATTGTCCGTAT,2,2326225
mglBp,0.23076923076923078,14,12,TCGTCTGCTCTCCGCTCGCA,2,2325457
mglBp,2.1538461538461537,39,12,TCGGGTGTGGCCTGAAGTCA,27,2320775
mglBp,0.15384615384615385,13,12,TCGGGCGTTGCAGGAGGTAA,1,2332385
mglBp,0.23076923076923078,14,12,TCGCTGATCCCCCCACGCAG,2,2360008
mglBp,0.15384615384615385,13,12,TCGCATGGAATCAACACTAA,1,2419735
mglBp,0.3076923076923077,15,12,TCCTGGCTGCGAGCGGACCG,3,2343451
mglBp,0.15384615384615385,13,12,TCCCGATTCATGACGTAAGT,1,2377542
mglBp,0.3076923076923077,15,12,TCAAGTCTCATCTCCGGCCC,3,2321385
mglBp,0.15384615384615385,13,12,TATGAACGTCGAGTCAAACA,1,2369039
mglBp,0.23076923076923078,14,12,TATCCGTCGTCTGCGGTAGG,2,2362201
mglBp,0.46153846153846156,17,12,TATAGGTCGAAGAAGGATTG,5,2323224
mglBp,0.15384615384615385,13,12,TATAAGGGAGTAACACCGTT,1,2407720
mglBp,0.15384615384615385,13,12,TAGGCTGTGATGTTCTTCAC,1,2372177
mglBp,0.3076923076923077,15,12,TAGCTTATTCGCAACGGAAG,3,2390447
mglBp,0.15384615384615385,13,12,TACATCAGTGCATGGGTGCT,1,2337584
mglBp,0.15384615384615385,13,12,TACAAGTTTAGATCCCCTCG,1,2345967
mglBp,0.46153846153846156,17,12,TAACTTGGGTCGCAATATTT,5,2417507
mglBp,154.0,2013,12,TAAACTGTCAATAAAGGGCG,2001,2418017
mglBp,0.15384615384615385,13,12,TAAACACGTCGATAGTGTTA,1,2332216
mglBp,0.15384615384615385,13,12,GTGCTGTGAACTAATTAGTT,1,2334133
mglBp,0.15384615384615385,13,12,GTGCGTTGGGTGGTTCCAGC,1,2373502
mglBp,0.15384615384615385,13,12,GTGCGTGTGTGGCACTCGCG,1,2344740
mglBp,0.15384615384615385,13,12,GTCTTCAAGCTCGTTATAAG,1,2404297
mglBp,0.15384615384615385,13,12,GTCTGATTGGCCACAGGATT,1,2319635
mglBp,0.15384615384615385,13,12,GTCCCTATTCACCGTCTTTG,1,2381754
mglBp,0.15384615384615385,13,12,GTATCTATGAGGCATCCGTA,1,2415747
mglBp,0.38461538461538464,16,12,GTACCAAGCCACGTAGCAAT,4,2414810
mglBp,0.15384615384615385,13,12,GTACATTCTACGACAAGGAC,1,2330723
mglBp,0.6923076923076923,20,12,GGTCACGGGCTGTCATACCC,8,2421837
mglBp,1.3846153846153846,29,12,GGGTATTAGTGTGATAAGCA,17,2409040
mglBp,190.6153846153846,2489,12,GGGGTTAATGAGTAGTATTC,2477,2323560
mglBp,0.15384615384615385,13,12,GGGGTCTTGTCGAATTATCT,1,2347461
mglBp,0.3076923076923077,15,12,GGCTAGATTTGGGGGTGGGA,3,2355385
mglBp,0.15384615384615385,13,12,GGAGCCGGAGGGGACGCTGA,1,2396369
mglBp,0.15384615384615385,13,12,GGAAAAATTGGTTAAGACCT,1,2423017
mglBp,0.15384615384615385,13,12,GCTTACATGTAGAGTAGCAT,1,2360151
mglBp,0.15384615384615385,13,12,GCTGAGCCTTAACGATTGGT,1,2343175
mglBp,0.5384615384615384,18,12,GCGTCATTATTGCGTTGATG,6,2399386
mglBp,0.15384615384615385,13,12,GCGTACTCGTTGACGGCCTT,1,2379076
mglBp,0.6153846153846154,19,12,GCGGCTTTTGGACATTTTTA,7,2417904
mglBp,0.23076923076923078,14,12,GCGCGGATGAGGCGTAATAA,2,2357988
mglBp,0.23076923076923078,14,12,GCAAGCCATAAACAGGCCAT,2,2389628
mglBp,0.15384615384615385,13,12,GATGTGTTCTCATGTGCACT,1,2360149
mglBp,0.15384615384615385,13,12,GACCGTACGGCATCAAGTTC,1,2360497
mglBp,0.15384615384615385,13,12,GAATACCCATAGAACGGTTA,1,2373845
mglBp,0.15384615384615385,13,12,GAACTTAACACACTTGCGTG,1,2342790
mglBp,0.15384615384615385,13,12,GAAATTAGCGAATCCGGAGA,1,2409980
mglBp,0.15384615384615385,13,12,CTTGAGCATTACGTTGCCTG,1,2368761
mglBp,0.15384615384615385,13,12,CTTCACCTCGGGATTAATAA,1,2357069
mglBp,0.46153846153846156,17,12,CTTAGTGCTAGCTGAAGGCG,5,2390573
mglBp,0.15384615384615385,13,12,CTGGTCTTACGGCCGTTCCT,1,2419615
mglBp,0.3076923076923077,15,12,CTCTCCGGGGCTGGAGTCAA,3,2326562
mglBp,0.15384615384615385,13,12,CTATATCTGCTGGAACCCCT,1,2347846
mglBp,0.15384615384615385,13,12,CTAGATAACACATAAGTTGT,1,2357155
mglBp,0.3076923076923077,15,12,CTACACCGGTATAACGGGCG,3,2377489
mglBp,0.3076923076923077,15,12,CTAAGGCGGTCCCGCCGCAG,3,2352428
mglBp,0.23076923076923078,14,12,CGTTACTGTTCCACACCCTC,2,2365275
mglBp,0.23076923076923078,14,12,CGTCTTGATGTCTAGATTAC,2,2356454
mglBp,0.23076923076923078,14,12,CGGAGCTCCTTTGGAGTTCG,2,2394368
mglBp,0.7692307692307693,21,12,CGCAATGGTTTATTACCACG,9,2420650
mglBp,0.15384615384615385,13,12,CGATATTTAGGCATGCCAAC,1,2349705
mglBp,0.15384615384615385,13,12,CGACGGTTATCGAATTGCAT,1,2379382
mglBp,0.15384615384615385,13,12,CCTACTGGTCTCGGCAGCCG,1,2318198
mglBp,0.15384615384615385,13,12,CCGTGGGCGTTCAGTATAGC,1,2343293
mglBp,0.15384615384615385,13,12,CCGGCTAGCGCGTCCACTGA,1,2414971
mglBp,0.23076923076923078,14,12,CCCTTCCAGTCCTTTGCGAA,2,2322276
mglBp,0.15384615384615385,13,12,CCCACGATCGAGGGACATGA,1,2397136
mglBp,0.15384615384615385,13,12,CCATGCAAATCGTATAGAAT,1,2350783
mglBp,0.46153846153846156,17,12,CCAGTTAGGAGACCATATAC,5,2339578
mglBp,0.15384615384615385,13,12,CCACGATGGTGAATAAATGC,1,2385448
mglBp,1.1538461538461537,26,12,CATGGTCCAGCAGATCCATT,14,2387197
mglBp,0.15384615384615385,13,12,CAGTAACGGAGGATTTCTTC,1,2354181
mglBp,0.23076923076923078,14,12,CAGGTGACCGAAATGGAGCC,2,2404624
mglBp,1.8461538461538463,35,12,CAGCTGTTCGTAATAAACTA,23,2329208
mglBp,62.46153846153846,823,12,CAGAGTGGCCACTATGTCGA,811,2332154
mglBp,0.15384615384615385,13,12,CACGTGCAGCCAGTGGCATT,1,2338258
mglBp,0.23076923076923078,14,12,CACGGGAAACCTGGGCTGAC,2,2357607
mglBp,0.15384615384615385,13,12,CACCTGATCTTCTTGGCCTC,1,2329883
mglBp,0.23076923076923078,14,12,CACAGACACTCAGAGGCAAG,2,2419892
mglBp,0.15384615384615385,13,12,CACAATTACGCGCGGGCGCC,1,2396095
mglBp,0.15384615384615385,13,12,CACAAACAGCCGTAGGATTT,1,2335672
mglBp,0.6153846153846154,19,12,CAATGCGTGGTTGATCCTGT,7,2384331
mglBp,0.38461538461538464,16,12,CAAGTAGCTGTTTGCCTCAT,4,2360876
mglBp,0.15384615384615385,13,12,CAACATTATGGAACAAACGC,1,2351082
mglBp,0.46153846153846156,17,12,CAACACTACGGATTATAAAC,5,2334034
mglBp,0.15384615384615385,13,12,CAAACACATCTACGTTTCGA,1,2409748
mglBp,0.15384615384615385,13,12,ATTGTTGCCACGACTGGCGA,1,2401207
mglBp,0.3076923076923077,15,12,ATGTTCGACAGCCTGGCAGA,3,2423195
mglBp,0.15384615384615385,13,12,ATGGCTAGTAAAGGCGTGTT,1,2319389
mglBp,0.3076923076923077,15,12,ATCGTTATAAGTTACGGAAT,3,2384087
mglBp,0.15384615384615385,13,12,ATCACGTGCAGGAGCCCAAA,1,2416751
mglBp,0.15384615384615385,13,12,ATATTACGTCTTGTAATTTC,1,2383194
mglBp,0.7692307692307693,21,12,AGTGGATGTACAAGAGTAAA,9,2366997
mglBp,0.15384615384615385,13,12,AGTGCCATAACACAGAATAA,1,2375821
mglBp,0.15384615384615385,13,12,AGTCCAGGCTCTTTTAGTTC,1,2356803
mglBp,0.6923076923076923,20,12,AGCCAAAGTTCACCCCTTGA,8,2352836
mglBp,0.15384615384615385,13,12,AGACGTCGGTCGCAGTTACT,1,2411495
mglBp,0.15384615384615385,13,12,ACTCATTTCGGTTTACAGAT,1,2374235
mglBp,0.46153846153846156,17,12,ACTACCCGTTAGCAACGTAA,5,2345219
mglBp,0.15384615384615385,13,12,ACTAAAGGGCATCTCTGAAT,1,2397216
mglBp,0.3076923076923077,15,12,ACGTTATCGAATCCGGTGGT,3,2404053
mglBp,0.6153846153846154,19,12,ACGCCTAATACCGGCAAAGA,7,2417901
mglBp,0.15384615384615385,13,12,ACCGTTGCGGCCCGCTCTTT,1,2405019
mglBp,0.38461538461538464,16,12,ACCGCAAAGATTTCCAGCTC,4,2333229
mglBp,0.3076923076923077,15,12,ACATCGACTCATTGAGTTTA,3,2343476
mglBp,0.15384615384615385,13,12,ACAGGATCCCCCCAATAAAG,1,2349224
mglBp,0.7692307692307693,21,12,ACACGCAACCCCTAGGTCCG,9,2356968
mglBp,0.23076923076923078,14,12,ACACACAATTCTAGGATAAA,2,2361445
mglBp,0.46153846153846156,17,12,AATCTAAAAATTGCATCCAT,5,2336901
mglBp,95.76923076923077,1256,12,AAGTCCGGAAATAAGGGGCA,1244,2383147
mglBp,0.5384615384615384,18,12,AAGGCGAACGAGTTCCATGT,6,2423425
mglBp,0.15384615384615385,13,12,AAGGAGCGTTAGGTGTATCT,1,2397905
mglBp,0.15384615384615385,13,12,AAGAAGCGATGGCATTAACG,1,2337223
mglBp,0.23076923076923078,14,12,AACCGCGTGGGGAAGTTCAA,2,2411665
mglBp,0.15384615384615385,13,12,AAACTGAGTAACTGTCTGCG,1,2409745
mglBp,0.38461538461538464,16,12,AAAATGGCGAACACCATTCT,4,2420449
mglBp,1.3333333333333333,26,11,TTTCATGGAGGAGGCCACTT,15,2339023
mglBp,0.16666666666666666,12,11,TTGGGTCGTAAGCCAAGGAC,1,2415051
mglBp,0.75,19,11,TTGGGGTTGCACTACCTGCA,8,2342080
mglBp,0.25,13,11,TTGCTGCGCAAGGTAATTTG,2,2349538
mglBp,0.16666666666666666,12,11,TTCTTTAGGGCAACATTACA,1,2342601
mglBp,0.25,13,11,TTCGAAAGGCGGGATCCATT,2,2368142
mglBp,0.16666666666666666,12,11,TTATTGGCTATACCACGTAC,1,2339156
mglBp,0.16666666666666666,12,11,TTATGATTCCTTCAAAATAG,1,2370335
mglBp,0.25,13,11,TTACCCCTGGTAATAATTCT,2,2371704
mglBp,0.16666666666666666,12,11,TGGATGAGATTTCCGTCAAA,1,2328125
mglBp,0.25,13,11,TGCGGAAAGTGGCGCGCATT,2,2407856
mglBp,0.16666666666666666,12,11,TGCCGCGTTCGAAGTGCCGG,1,2372336
mglBp,0.16666666666666666,12,11,TGCATAGGCCCGAAGGTGTA,1,2366166
mglBp,0.16666666666666666,12,11,TGATGTGCCATACACTTTGC,1,2328079
mglBp,0.16666666666666666,12,11,TGATGCTTTGATGTGTACGC,1,2360734
mglBp,0.3333333333333333,14,11,TGAGGAGTCGGCCGGAACGT,3,2391877
mglBp,0.16666666666666666,12,11,TCTCTCCATATGTGCAAGCA,1,2390218
mglBp,0.16666666666666666,12,11,TCTATACAGGTCGGGTGAAT,1,2338707
mglBp,0.16666666666666666,12,11,TCTAGTATTGGCATGAAGGA,1,2393680
mglBp,0.16666666666666666,12,11,TCGTGCATAAGGGAAAGGCA,1,2421515
mglBp,0.25,13,11,TCGTCGAGGCACTACGGTAT,2,2380797
mglBp,0.5833333333333334,17,11,TCGGATGGACCACGCATCAC,6,2407493
mglBp,0.25,13,11,TCGCGCTTAAACGGTGTTTT,2,2349041
mglBp,0.16666666666666666,12,11,TCGATACCAATACATCTCAG,1,2403641
mglBp,0.16666666666666666,12,11,TCGACCAATGATCAATTTGT,1,2372809
mglBp,0.16666666666666666,12,11,TCCTTTCTAAAGACACGTTG,1,2371858
mglBp,0.16666666666666666,12,11,TCCCTAGCGCGCATCTGCAA,1,2370515
mglBp,203.58333333333334,2453,11,TCCAGGGTCCGTGGTTCGTC,2442,2399361
mglBp,0.16666666666666666,12,11,TCAGGACGCAGGGCGAGGTC,1,2361387
mglBp,0.3333333333333333,14,11,TATCGTACCTGGTCCTGTCT,3,2360370
mglBp,0.25,13,11,TATCCACTTGCGCACGATGT,2,2422890
mglBp,0.16666666666666666,12,11,TAATATTAATCAGGTGCAAC,1,2369354
mglBp,0.4166666666666667,15,11,TAAGGATCATACCTTTCAAA,4,2329774
mglBp,0.16666666666666666,12,11,TAACCTACATAGCGAGGCGG,1,2374983
mglBp,0.16666666666666666,12,11,TAAACACGGTGAGTTGGTAT,1,2341027
mglBp,111.83333333333333,1352,11,GTTTGCGCAGACGGCATCGA,1341,2378077
mglBp,0.16666666666666666,12,11,GTGTATGATAGTACGACGTT,1,2370525
mglBp,0.16666666666666666,12,11,GTGTAAACAGCTTTTAGAGT,1,2416408
mglBp,0.16666666666666666,12,11,GTGGGTTACGAGGACTGATT,1,2351961
mglBp,0.25,13,11,GTCTAGTCGAATGGCATCAA,2,2365197
mglBp,0.16666666666666666,12,11,GTCATGCCCTGCACTCCCAG,1,2326796
mglBp,0.16666666666666666,12,11,GTCAGGCACCTATGTTTAAT,1,2324902
mglBp,0.6666666666666666,18,11,GTAGGTCAGGACACTACCAG,7,2414846
mglBp,0.16666666666666666,12,11,GGTGTCGGACGGTATCTGCT,1,2399903
mglBp,0.3333333333333333,14,11,GGTGAGTCTCGGGTTCGCTT,3,2327440
mglBp,1.5833333333333333,29,11,GGTAGAGAAAAGGGGGCATA,18,2366785
mglBp,0.16666666666666666,12,11,GGGGATCGCATCTATTGGAC,1,2413588
mglBp,0.4166666666666667,15,11,GGGACGGTGCATCTTAACTC,4,2360797
mglBp,0.16666666666666666,12,11,GGCTCCAGGCTATTGGTAGT,1,2367876
mglBp,0.3333333333333333,14,11,GGCCAATAGAACCGCCGCGA,3,2365539
mglBp,0.16666666666666666,12,11,GGACGGAGGTTACGCAGCAG,1,2370550
mglBp,0.16666666666666666,12,11,GCTTGCGAAATTGCATCATT,1,2423368
mglBp,0.5,16,11,GCGGAAATGGCGGGTGTAAT,5,2369550
mglBp,0.16666666666666666,12,11,GCGATCCAATTGTCAATATC,1,2331486
mglBp,0.16666666666666666,12,11,GCACTCAGAAATGCGTGTTT,1,2325580
mglBp,0.16666666666666666,12,11,GATTACCGCTGTTCTTAACG,1,2392708
mglBp,0.16666666666666666,12,11,GATGTAATTACGTAGTACGC,1,2402462
mglBp,0.16666666666666666,12,11,GATCGCGTGGGTAGGGCAGG,1,2402883
mglBp,0.8333333333333334,20,11,GACCAACGTCTGTACCGAAT,9,2325221
mglBp,0.16666666666666666,12,11,GAAATTGATATCGGGCCATC,1,2372811
mglBp,0.25,13,11,GAAATCTCGATGATCAAGGT,2,2376999
mglBp,0.25,13,11,CTTGGGCGGCATCGACCATA,2,2403029
mglBp,0.16666666666666666,12,11,CTTGAGAATTCTAAGCCGCT,1,2418319
mglBp,0.5,16,11,CTTCTTTACTTTAGGATCCT,5,2385090
mglBp,218.25,2629,11,CTGGACGGTATGAAGGCGTA,2618,2418684
mglBp,0.3333333333333333,14,11,CTGGAAATGTTATGCTACGA,3,2326101
mglBp,0.16666666666666666,12,11,CTGCGGTTCCGACGCAGCCG,1,2405529
mglBp,0.16666666666666666,12,11,CTGATGCAGAAAAGAAATTA,1,2329241
mglBp,0.16666666666666666,12,11,CTATCTAGGCTCCTTCGAAA,1,2329978
mglBp,0.16666666666666666,12,11,CTAGTACTAACCGGGTCGGA,1,2365094
mglBp,0.25,13,11,CTAAAACGGGAAAACCTCTC,2,2338425
mglBp,0.16666666666666666,12,11,CGTTCGTAGATCGAGCAGTA,1,2382266
mglBp,0.16666666666666666,12,11,CGTATAAGACCCCCTTCTAC,1,2368508
mglBp,0.25,13,11,CGGTTGATAAGGTCTCAGAA,2,2401224
mglBp,0.16666666666666666,12,11,CGGTGCCTTAGTCAACTCAT,1,2389961
mglBp,0.25,13,11,CGCTCCCGTACAGCAGCGAT,2,2330538
mglBp,0.16666666666666666,12,11,CGCAAGGGAACAGCTTGGGC,1,2372033
mglBp,0.16666666666666666,12,11,CGATTTCTTGCGTTCTGAAC,1,2372132
mglBp,0.5833333333333334,17,11,CGAGGGGTCTAAGGGGGCAT,6,2362615
mglBp,0.25,13,11,CGAAGTGGAGTCGAGGGGCA,2,2345255
mglBp,0.3333333333333333,14,11,CGAAACCTTCCTATTAGAAC,3,2331678
mglBp,0.5,16,11,CCTCCCGTTGCGTTTTCCCT,5,2371500
mglBp,0.25,13,11,CCGGTGAACGGCGAAAAGGT,2,2413037
mglBp,0.16666666666666666,12,11,CCGGGGTAAAAACGGTAGAG,1,2367365
mglBp,1.0,22,11,CCCTAACTTCGGAGTTTCGG,11,2329884
mglBp,0.5,16,11,CCCCTCTGACCGCACAGATC,5,2400162
mglBp,0.16666666666666666,12,11,CCATTTCACTTTGCCGGATG,1,2374284
mglBp,0.16666666666666666,12,11,CCAGGCAGGCATAATCGGTT,1,2381876
mglBp,0.5833333333333334,17,11,CATTCTAATTTGTTGGCGGT,6,2325794
mglBp,0.16666666666666666,12,11,CATTCCTTGTAGAGTGGGTA,1,2325413
mglBp,0.16666666666666666,12,11,CATGATGGTAGTCTGCGAGA,1,2418316
mglBp,0.16666666666666666,12,11,CATAATATACGCACGAATCT,1,2375363
mglBp,0.6666666666666666,18,11,CAGCTTTCAGATAGATATTA,7,2356564
mglBp,0.4166666666666667,15,11,CAGCGTTTGTACACCTGAAT,4,2420195
mglBp,0.16666666666666666,12,11,CAGCAGACTCACCTTCATTA,1,2370260
mglBp,0.16666666666666666,12,11,CAGAGGATCCCAGCGACCAC,1,2366652
mglBp,0.6666666666666666,18,11,CACGCAGGGCGAATTTAGGT,7,2417723
mglBp,0.16666666666666666,12,11,CACAATTGACGATAGTCTCG,1,2370024
mglBp,0.16666666666666666,12,11,CAATACAGAACGAATATAAG,1,2359820
mglBp,0.16666666666666666,12,11,CAAGCGACGTCGCCGTTGCC,1,2360945
mglBp,0.16666666666666666,12,11,CAACTTTTGGCTGCCGCGGG,1,2380717
mglBp,0.25,13,11,CAAACGGAGAATGGCACTCA,2,2358450
mglBp,0.16666666666666666,12,11,CAAACCAGTGGGCGTGTAGA,1,2362207
mglBp,0.16666666666666666,12,11,CAAAAACCCATCGGAACCCG,1,2372568
mglBp,0.16666666666666666,12,11,ATGTGAGATTACACGGCTCT,1,2370741
mglBp,0.16666666666666666,12,11,ATGTACGAGCCGCAACTATA,1,2317846
mglBp,0.16666666666666666,12,11,ATGGCCTAGACAGAGGCTTG,1,2352488
mglBp,0.4166666666666667,15,11,ATGGCATCGCGGAGGACGAA,4,2387499
mglBp,0.5833333333333334,17,11,ATATTGCCTTCTATCCCCGT,6,2341040
mglBp,0.16666666666666666,12,11,ATAGGCACCCTTTCCAGGGA,1,2417592
mglBp,0.8333333333333334,20,11,ATACGGAACCGATAAAATCT,9,2402895
mglBp,0.16666666666666666,12,11,ATAAACAAAAGACCCGAGCA,1,2340865
mglBp,0.6666666666666666,18,11,AGGTTCATCTGGGGTAGCAT,7,2336892
mglBp,0.25,13,11,AGGTGGTTTGTGTCACGGGG,2,2377038
mglBp,0.25,13,11,AGGTCACGACCCTCACGCAT,2,2395881
mglBp,0.5833333333333334,17,11,AGCTCATTGAAATTTAGCAA,6,2349327
mglBp,0.25,13,11,AGCGGTGCAATTTGGCATTC,2,2341687
mglBp,0.16666666666666666,12,11,AGATGATGTCGATTGTAGGC,1,2413076
mglBp,0.25,13,11,ACTGTATCTGTGACGTGAGT,2,2393550
mglBp,0.16666666666666666,12,11,ACTGGGAACCTATCACGTGT,1,2383433
mglBp,0.5833333333333334,17,11,ACTCCCATCAGATGTGCAAA,6,2361412
mglBp,0.16666666666666666,12,11,ACGGGCTTTGGCGCGCTTGT,1,2359222
mglBp,0.16666666666666666,12,11,ACGCTGTTCGTAACTTCTCT,1,2375639
mglBp,0.16666666666666666,12,11,ACCGACGAGAGCAAACAGGG,1,2342229
mglBp,0.5,16,11,ACAATTTTCAAAACCACGCA,5,2384811
mglBp,0.16666666666666666,12,11,ACAATGCAGTGCCCGCTCAA,1,2395835
mglBp,0.16666666666666666,12,11,ACAACCCCGGTGTGACCAAC,1,2383807
mglBp,0.4166666666666667,15,11,AATCATACGGATGACTAGAC,4,2346824
mglBp,0.16666666666666666,12,11,AATACGCCTCCCGTGGTAGT,1,2344305
mglBp,0.5833333333333334,17,11,AAGTTTAGGGTTGATAATCT,6,2420699
mglBp,1.25,25,11,AAGCCGCTATGTGAGTTTAA,14,2413827
mglBp,0.16666666666666666,12,11,AAGATTTAATCACGTCCAGG,1,2423314
mglBp,0.5833333333333334,17,11,AACGATTTCCTGAACGATAT,6,2423028
mglBp,0.25,13,11,AAATCATATGTAGCTCTAGG,2,2355450
mglBp,0.16666666666666666,12,11,AAAAGCAGCGCAGCTACCGA,1,2412758
mglBp,0.18181818181818182,11,10,TTTTGATTCAATCTCAGCCT,1,2417859
mglBp,0.18181818181818182,11,10,TTTGGGAATTTCGAACCGCA,1,2401328
mglBp,0.18181818181818182,11,10,TTTGACGGGGATAAGCGTTC,1,2380137
mglBp,0.18181818181818182,11,10,TTTCTGTGAACTCTTCACGC,1,2324295
mglBp,0.18181818181818182,11,10,TTTATAGGAGGCTATAAGTA,1,2422567
mglBp,112.0909090909091,1242,10,TTTACTGCCCATTCAGGAAA,1232,2375372
mglBp,0.2727272727272727,12,10,TTTAAACCTCGTGTGCCGCT,2,2378645
mglBp,0.18181818181818182,11,10,TTGTACACTCATCTCTTCAT,1,2329780
mglBp,0.18181818181818182,11,10,TTGTAACCTCGGTAGCCGGG,1,2333235
mglBp,0.2727272727272727,12,10,TTCGGGGGAACGGACGGCCT,2,2374748
mglBp,0.18181818181818182,11,10,TTCAACGTGGATCAACCTGA,1,2375129
mglBp,0.18181818181818182,11,10,TTAACAGTGATGTCGGAGTA,1,2416929
mglBp,0.18181818181818182,11,10,TGTGAACCGGACTCGAACCG,1,2322402
mglBp,0.2727272727272727,12,10,TGTATATTGGCAGATATAAG,2,2423232
mglBp,0.2727272727272727,12,10,TGGTTCAATACTTTCAGTAA,2,2335982
mglBp,0.18181818181818182,11,10,TGGACTGCAGGCTTAAAAGT,1,2319461
mglBp,0.18181818181818182,11,10,TGCGACGCCATTTACACGTC,1,2388996
mglBp,0.18181818181818182,11,10,TGCCTGTACGGTGCTATCAA,1,2406657
mglBp,0.18181818181818182,11,10,TGCCGCCGGGAAGGCCTCTT,1,2371422
mglBp,0.8181818181818182,18,10,TGAGCCTCTAGGAGAAGCTC,8,2329548
mglBp,0.2727272727272727,12,10,TGACTGTGTGCACAGGTTAA,2,2391449
mglBp,0.45454545454545453,14,10,TGACTGGTAAAGAGTCATCT,4,2380131
mglBp,0.45454545454545453,14,10,TGACGGAATTCAAATCATCA,4,2403851
mglBp,0.18181818181818182,11,10,TGAATTAAGTGTTGGCCGGA,1,2390869
mglBp,0.36363636363636365,13,10,TCTGGGGTAAGGTCGAGTAT,3,2391528
mglBp,0.18181818181818182,11,10,TCTCTAATTAACAATGACGG,1,2347355
mglBp,0.8181818181818182,18,10,TCTACGTCCATAGTTTGGTC,8,2342574
mglBp,0.45454545454545453,14,10,TCGGCTCGGAAATTTAAACC,4,2330911
mglBp,0.18181818181818182,11,10,TCAATGGAACGGTGCACCGG,1,2377428
mglBp,1.1818181818181819,22,10,TCAAGTATACGCCACGCGAC,12,2366731
mglBp,0.18181818181818182,11,10,TCAACGCTCCGATCGCATCG,1,2322812
mglBp,1.3636363636363635,24,10,TCAAAGCAGATAAAGTGAGA,14,2346984
mglBp,0.6363636363636364,16,10,TATTACTGCAACCGGTACGA,6,2367044
mglBp,0.18181818181818182,11,10,TATGGGCGGGTGCTGATAAC,1,2364226
mglBp,0.18181818181818182,11,10,TATAGACAGCCCCATGCTCT,1,2381683
mglBp,0.18181818181818182,11,10,TAGACTAGCGAGGGAGTTGA,1,2317144
mglBp,0.2727272727272727,12,10,TACCTAACACCTACTAATAG,2,2366306
mglBp,0.2727272727272727,12,10,TACCACCCACCGTAGACAAA,2,2331647
mglBp,0.5454545454545454,15,10,TACACCTCGGAAAAGTGTTA,5,2401484
mglBp,0.2727272727272727,12,10,TAAAGCTCTTACGGCTACTT,2,2368831
mglBp,0.36363636363636365,13,10,GTTTGGAAAACGCTCGAGCT,3,2362134
mglBp,0.18181818181818182,11,10,GTTCTTTTCGCTCTCCGACC,1,2363960
mglBp,0.2727272727272727,12,10,GTTCAATGGCTACATAATCT,2,2332684
mglBp,0.2727272727272727,12,10,GTGCCGCGCGTCATAAACTT,2,2368969
mglBp,0.18181818181818182,11,10,GTCTGGGGTGGGATAACTCG,1,2406048
mglBp,0.18181818181818182,11,10,GTATCGTAAACCCTGATTGT,1,2369928
mglBp,1.0909090909090908,21,10,GTAGGCAAGGTCCATCAAGG,11,2413013
mglBp,0.18181818181818182,11,10,GGTATACTCCTTGGAGTGTG,1,2316601
mglBp,0.18181818181818182,11,10,GGTACTCGACGCGCCTCCTC,1,2336864
mglBp,0.18181818181818182,11,10,GGGTGCTACGAAGTATGTAA,1,2396520
mglBp,0.2727272727272727,12,10,GGGTATTGCTGCAAGGCCAG,2,2373831
mglBp,0.18181818181818182,11,10,GGGCGGAAACAGCGGTCAGT,1,2396897
mglBp,0.18181818181818182,11,10,GGGACCCATTATTATCGTTT,1,2329019
mglBp,0.18181818181818182,11,10,GGCTGGACATTGTCTCGTGT,1,2322229
mglBp,0.18181818181818182,11,10,GGCTAGGCGTTCACTCCTAC,1,2341690
mglBp,0.18181818181818182,11,10,GGCGAGTTGCTGGGCGGAGT,1,2366382
mglBp,0.2727272727272727,12,10,GGCAGCTGTGTGCCATTGGC,2,2357298
mglBp,0.45454545454545453,14,10,GGACGTGCTCCCTACGTCCC,4,2352589
mglBp,60.18181818181818,671,10,GGAAGGTCTTGCAGGGTCAT,661,2365572
mglBp,0.2727272727272727,12,10,GGAACTTCTAGGAGGGCCTT,2,2399346
mglBp,0.6363636363636364,16,10,GCTCGCGAAGTCGGTCGCTT,6,2324292
mglBp,0.2727272727272727,12,10,GCTCCGGTATATCCTCATTC,2,2384234
mglBp,0.18181818181818182,11,10,GCCACATGATCGCGGTCTTG,1,2383815
mglBp,0.18181818181818182,11,10,GCATTATTGACAATGTCCGA,1,2334351
mglBp,0.18181818181818182,11,10,GCACTCACGACTAAGGATGT,1,2322203
mglBp,0.18181818181818182,11,10,GCACAGAACCATAGCCAACC,1,2333053
mglBp,0.36363636363636365,13,10,GATCGCCATACCCGCTAATA,3,2379981
mglBp,0.2727272727272727,12,10,GATCGACGAGAAACGACTCT,2,2320893
mglBp,0.18181818181818182,11,10,GATCAATTTAGGATAAAGGC,1,2390580
mglBp,0.5454545454545454,15,10,GATATGCTAAAACAGTGTGG,5,2338917
mglBp,0.6363636363636364,16,10,GAGTCAGAAACGGGTACAAT,6,2401416
mglBp,0.18181818181818182,11,10,GAGAGCCCAATGACACACGC,1,2412408
mglBp,0.18181818181818182,11,10,GAGAAGCTGGAGAAGACATA,1,2407525
mglBp,0.18181818181818182,11,10,GACTGAACCTGAAGGGATGC,1,2404727
mglBp,0.18181818181818182,11,10,GACCTGCATGGTACCAGCTC,1,2380364
mglBp,0.18181818181818182,11,10,GAAGATCTAGGACCAAGTTT,1,2393977
mglBp,0.8181818181818182,18,10,GAACTCGGCAGCAATTGTAT,8,2328396
mglBp,0.8181818181818182,18,10,CTTGACTTGTTTCTGCGCAA,8,2375582
mglBp,0.18181818181818182,11,10,CTTCGTGCTACCTCCAACAC,1,2320943
mglBp,0.18181818181818182,11,10,CTGTCGGAGGTGATACACGT,1,2344981
mglBp,0.2727272727272727,12,10,CTGGCAATGATAAGGCAATA,2,2414637
mglBp,0.18181818181818182,11,10,CTGCCACCCCGGACTTATAA,1,2419987
mglBp,0.18181818181818182,11,10,CTGCCAAGCGAGTAAGTGTT,1,2374194
mglBp,0.2727272727272727,12,10,CTCTGGGTGTGGGATATTTC,2,2335175
mglBp,0.18181818181818182,11,10,CTCTCGCAGTTCTCCTTTGG,1,2329772
mglBp,0.18181818181818182,11,10,CTCGGCACCGGGCCACAGCT,1,2352446
mglBp,0.36363636363636365,13,10,CTCCGACCCGATACAGTACT,3,2327860
mglBp,0.18181818181818182,11,10,CTCAGTCAGTATATTGCAGG,1,2365504
mglBp,0.18181818181818182,11,10,CTAGGCCACGCTGCACTCGG,1,2408176
mglBp,0.18181818181818182,11,10,CTAAAGGAACTCAATCTAGC,1,2397044
mglBp,0.18181818181818182,11,10,CGTCCGTACGCGCGGCTGGT,1,2347076
mglBp,0.9090909090909091,19,10,CGGTTTTTCGGAGACCGAGT,9,2392846
mglBp,0.2727272727272727,12,10,CGGGAACAAAAGTAATCAAA,2,2379767
mglBp,0.36363636363636365,13,10,CGGCGCATCACGCCGACCAT,3,2352683
mglBp,0.45454545454545453,14,10,CGCTCAAGTTGTTTAACACT,4,2380769
mglBp,1.0,20,10,CGATCGCCTATCGCCGTAAT,10,2364327
mglBp,0.2727272727272727,12,10,CGACTAACGCTACCTGCGAC,2,2401441
mglBp,0.18181818181818182,11,10,CGACGACACATGCTGCGTTC,1,2410519
mglBp,0.18181818181818182,11,10,CGAATGATGTTTGACACAAA,1,2374688
mglBp,0.18181818181818182,11,10,CCTCCATAAACAGGCCGCAG,1,2363973
mglBp,28.545454545454547,323,10,CCTAATTTAAGCATCTAGAA,313,2403874
mglBp,0.18181818181818182,11,10,CCCGACCGTGACTGGGTCCG,1,2414197
mglBp,0.18181818181818182,11,10,CCCACAAGTCTCGGACTTTA,1,2367324
mglBp,0.18181818181818182,11,10,CCAGAAGGCGACAGTCGTAA,1,2347764
mglBp,0.18181818181818182,11,10,CCACTGTCAAGTTCGGGAAG,1,2405872
mglBp,0.18181818181818182,11,10,CAATTGAGTTGCGCGCGCCG,1,2333202
mglBp,0.36363636363636365,13,10,CAATGGCCCAGTATGTGGGC,3,2337913
mglBp,0.9090909090909091,19,10,CAACTTTTTTGGTCGCCCTC,9,2355684
mglBp,0.18181818181818182,11,10,CAACGAACACCTAGTATAAG,1,2356880
mglBp,233.54545454545453,2578,10,CAAATTTGAGATGGGTTTAA,2568,2395327
mglBp,0.18181818181818182,11,10,ATGTCGCGGCACAAGTCGGC,1,2385666
mglBp,0.18181818181818182,11,10,ATGGGCGCTTTTATGCAAGC,1,2393980
mglBp,0.18181818181818182,11,10,ATCGTTGTAATTTTGTTTTC,1,2363699
mglBp,1.2727272727272727,23,10,ATCCGAGATCACAGCGCGAG,13,2317562
mglBp,0.45454545454545453,14,10,ATATTAAACGTAGCAGCGAA,4,2338349
mglBp,0.45454545454545453,14,10,ATAGGGACTAGCTTGCAATT,4,2332155
mglBp,0.36363636363636365,13,10,ATAGCCTATACGGCTTCTTA,3,2402559
mglBp,1.0909090909090908,21,10,AGTTGTAAAATTTAGATAAC,11,2416205
mglBp,0.18181818181818182,11,10,AGGCACCCACTCTCGTCACA,1,2384922
mglBp,0.18181818181818182,11,10,AGCAGATTTCTGTAATGGTC,1,2363238
mglBp,0.18181818181818182,11,10,AGAGCCAGGGCCACAACCTA,1,2381005
mglBp,0.2727272727272727,12,10,AGACACACCTCAAGTGGGGT,2,2361091
mglBp,0.2727272727272727,12,10,AGAACGTTGGGGAGCACCAT,2,2358433
mglBp,0.2727272727272727,12,10,ACTCCGTGCACATAGCCACC,2,2354252
mglBp,0.2727272727272727,12,10,ACGTGCGGCGTGCCCACGGG,2,2403004
mglBp,0.18181818181818182,11,10,ACGTATCCAGATAAGAAACC,1,2395462
mglBp,0.6363636363636364,16,10,ACGGTGCTCCGAATAGCTAC,6,2405119
mglBp,0.2727272727272727,12,10,ACGACCTCCATCTTTGTGCT,2,2421535
mglBp,1.4545454545454546,25,10,ACCCGAATGGGTAAACTGAT,15,2400352
mglBp,0.7272727272727273,17,10,ACCCAATAAGGTTAGGTGAA,7,2405545
mglBp,0.18181818181818182,11,10,ACAGGCTGACGTGATTAGCT,1,2367872
mglBp,0.18181818181818182,11,10,ACACTTCCGGGGTTTCGGGG,1,2331947
mglBp,0.6363636363636364,16,10,ACACGGTGAAGAACACGCTC,6,2387715
mglBp,0.18181818181818182,11,10,ACAAGCCTGCCGTGGTTTTA,1,2416210
mglBp,0.18181818181818182,11,10,ACAAACAGATAGGTTTACGG,1,2422922
mglBp,0.18181818181818182,11,10,AATTAGAGCGAGCGTGTAAA,1,2372984
mglBp,0.18181818181818182,11,10,AATCTGAATGACTGAAGGGG,1,2337195
mglBp,0.18181818181818182,11,10,AAGTAGTCGTAGATCGCCGT,1,2350695
mglBp,0.6363636363636364,16,10,AAGACCGACTGGAACCCCCA,6,2415333
mglBp,0.18181818181818182,11,10,AAATCGCGACACTTAGCGGT,1,2383697
mglBp,0.2727272727272727,12,10,AAAGCATTTGGGCTTGCACT,2,2330467
mglBp,0.18181818181818182,11,10,AAAGACAAGGGTACGCAATT,1,2342557
mglBp,0.2,10,9,TTTATTCTTACGGGGGAAAG,1,2394548
mglBp,0.2,10,9,TTGTGAGGTAGGACATTAGG,1,2337157
mglBp,0.2,10,9,TTGGATCCGAATTCACCGAA,1,2414202
mglBp,0.2,10,9,TTCATAGTTCCGGCCGCAGG,1,2323840
mglBp,0.8,16,9,TGGGTCAACCGTTCGAAAAG,7,2401513
mglBp,0.6,14,9,TGGGAAATTGGTGCAGCCAC,5,2401554
mglBp,0.3,11,9,TGCGAGAGAGCTTCCTTTAG,2,2332804
mglBp,0.7,15,9,TGCCATGCGGACACGCCTGT,6,2365248
mglBp,0.7,15,9,TGAAGACCGGGTATTCAACA,6,2356184
mglBp,0.2,10,9,TCTGGGGACCGCGGTCACCA,1,2388298
mglBp,0.3,11,9,TCTCAGTAAGCCGGCCACGG,2,2396147
mglBp,0.4,12,9,TCTCACAGGAACTTCTGCAA,3,2388523
mglBp,0.2,10,9,TCGGGGGCCACGCACAGCTG,1,2405782
mglBp,0.3,11,9,TCGAGCCTGTAGAGCACTCG,2,2353502
mglBp,0.2,10,9,TCCGACGAACTGGACGTATT,1,2342911
mglBp,0.2,10,9,TCAACCTAAACCTCAGGTTA,1,2335317
mglBp,0.2,10,9,TATTTATTTATTTACTCGCA,1,2389686
mglBp,0.2,10,9,TATTACAGTCGATCGCTGGA,1,2398842
mglBp,0.2,10,9,TATAATGGCGAATAGGATTC,1,2388932
mglBp,0.2,10,9,TACTTGCGGGTGACGGCAGG,1,2330900
mglBp,0.3,11,9,TAATTGAGGTTCGAAGTCCG,2,2414374
mglBp,0.2,10,9,TAAAGGGACCCGCATGTTAG,1,2358040
mglBp,0.2,10,9,TAAAGCGCGCCCGGATGGAT,1,2398558
mglBp,0.2,10,9,GTTGTTGCGATACCCGGCGC,1,2390957
mglBp,0.2,10,9,GTTGGCCAAAATGACGCTGC,1,2382350
mglBp,0.2,10,9,GTGTATAGAAAGCTGTGGAC,1,2330637
mglBp,0.9,17,9,GTGGCGGGTGCAACCGCTTG,8,2342600
mglBp,1.1,19,9,GTCTAAAGTAACGCGGGAAT,10,2417501
mglBp,0.9,17,9,GTCGCTAGCTTAATCGCGCA,8,2397370
mglBp,0.2,10,9,GTCAATTTTTGAGCTTATCT,1,2335090
mglBp,0.3,11,9,GTATCGGTTAGTAATAATGG,2,2365128
mglBp,0.2,10,9,GTATCCATCACGGCGAATTA,1,2330802
mglBp,0.9,17,9,GGTCATCTTGGAGGGCCCTA,8,2373248
mglBp,0.2,10,9,GGTACCATCCTACACGATTC,1,2378354
mglBp,0.2,10,9,GGGTTTCCAACCGCCAATGC,1,2404088
mglBp,0.3,11,9,GGGCTCACACATGCGTGGAT,2,2386365
mglBp,0.2,10,9,GGATTCAAGACAGCGAAACA,1,2410352
mglBp,0.9,17,9,GCTCGCACCGTAAACCCAAA,8,2417615
mglBp,0.5,13,9,GCTCCATGCGCGGGGCTTTA,4,2345591
mglBp,0.2,10,9,GCGGTCCTCTTTTAACATTT,1,2319666
mglBp,0.8,16,9,GCGGAATCAAAATAAAAGGA,7,2325799
mglBp,506.9,5077,9,GCATGGAAGTGGTGTGAGAT,5068,2396151
mglBp,0.8,16,9,GCATAAGCGCAAGAATCAGG,7,2380126
mglBp,0.2,10,9,GCAGGTGGTCGCGATGAAAA,1,2379173
mglBp,0.7,15,9,GATTCTATTCGGCATCACTT,6,2364648
mglBp,0.3,11,9,GAGGACTGGATAGAAAGAGA,2,2380617
mglBp,0.2,10,9,GAGATCAACCGTATATCCAA,1,2359220
mglBp,0.4,12,9,GACCATAGCCCTCCTCAGAC,3,2323334
mglBp,0.2,10,9,GACAACGTTGATTCCGGGAG,1,2346133
mglBp,0.2,10,9,CTTTGATCTGTGGTGGTCAC,1,2324883
mglBp,1.2,20,9,CTTTCGTTAGAAATACCTGC,11,2355681
mglBp,0.2,10,9,CTGGGATGTGTGGTTTGTAT,1,2421397
mglBp,0.2,10,9,CTGGCATGGAGAGTCATTAG,1,2368891
mglBp,0.2,10,9,CTACTTTTCGTCCAGGAAAA,1,2367205
mglBp,0.4,12,9,CGTTAAATACAAGGCTATGT,3,2418611
mglBp,0.2,10,9,CGTATCAATGGATGGATTGT,1,2365645
mglBp,0.2,10,9,CGGTCTATTCACTGGGGCTG,1,2412271
mglBp,0.2,10,9,CGCGTCCCGGCAGAAACGCT,1,2356462
mglBp,0.2,10,9,CGATGTCCGTTATTTTGTGT,1,2354966
mglBp,0.2,10,9,CGATCTCTCAACCTTTGAGG,1,2342927
mglBp,0.2,10,9,CCGTCTTTTGGCCGCGCTGT,1,2364563
mglBp,0.7,15,9,CCGGACCACAAGGCTGGGGT,6,2317688
mglBp,0.3,11,9,CCGAAGGTAAGCTGACCGTC,2,2339448
mglBp,0.2,10,9,CCGAAAGCGAACTTGCTACG,1,2326072
mglBp,0.3,11,9,CCCTTGGGTAGTCTTCGCGA,2,2412617
mglBp,0.2,10,9,CCCTTCATATCCGTATCTGT,1,2318946
mglBp,0.5,13,9,CCCGACCTGTGCCTGAGACA,4,2392805
mglBp,0.2,10,9,CCCCGCTATTTTTCTGAAGT,1,2331803
mglBp,0.2,10,9,CCATTTAGTCCCCTTCTGGG,1,2414217
mglBp,3.2,40,9,CCATATCTCAGGACAGTCAC,31,2364332
mglBp,0.2,10,9,CCATAGACGTAGTGGCCGGT,1,2353938
mglBp,124.3,1251,9,CCACGCATTGTCAACTATCT,1242,2355206
mglBp,0.4,12,9,CCAATCCGGGTTGAGTCACC,3,2396211
mglBp,0.2,10,9,CCAAATTTAGAATACAACAC,1,2342423
mglBp,0.4,12,9,CCAAATAAAGCTCAGGGAGA,3,2399925
mglBp,0.2,10,9,CATTGGTTACCATTTACGCA,1,2317844
mglBp,0.2,10,9,CATGTCGGGTCGGTTCGAGT,1,2358041
mglBp,0.2,10,9,CAGGACATGACAGATATTTC,1,2348509
mglBp,0.2,10,9,CACTACAGCAAGCAATGCAT,1,2366865
mglBp,0.4,12,9,CACGCTCCTCCTGTAAGTGC,3,2364445
mglBp,0.2,10,9,CACCGTTTCCACATTAACCA,1,2376268
mglBp,0.2,10,9,CACAATCGTCAAAGTCCGAT,1,2386248
mglBp,257.4,2582,9,CAATAACTTAAAAGCTTGAT,2573,2408029
mglBp,0.3,11,9,CAATAAATGCCAGTCGGATT,2,2413818
mglBp,0.6,14,9,CAACTCAGGTAGCTGCAAAA,5,2368282
mglBp,0.2,10,9,ATTGCGCGTGCCGTTGTCCA,1,2390753
mglBp,0.2,10,9,ATTCAGGAGGTGTATATTAA,1,2416410
mglBp,0.4,12,9,ATTACGGTTCAAATTGAGTT,3,2368590
mglBp,0.2,10,9,ATGTCAACTTGAAGGTAAAT,1,2352459
mglBp,0.4,12,9,ATGGTCGATCCCTTTGCGTT,3,2346769
mglBp,0.2,10,9,ATGAGGGCATGCGATCGATA,1,2332516
mglBp,0.3,11,9,ATGACGTTGTCATTTACCAG,2,2342576
mglBp,0.4,12,9,ATGACGTATGGTGCCAAGTT,3,2369754
mglBp,0.2,10,9,ATCATGTCCACTTAATAGGT,1,2332523
mglBp,0.2,10,9,ATAATAAGTCAGTCACGGAC,1,2340741
mglBp,0.2,10,9,AGTTCTATTAGAGAATTAGG,1,2385758
mglBp,0.2,10,9,AGTGCGTTCTACTGGGTGAT,1,2324586
mglBp,0.2,10,9,AGGATCCACGTCGTGCGCGA,1,2340067
mglBp,0.3,11,9,AGGAGTCTGAGAATTTCGCT,2,2411975
mglBp,0.3,11,9,AGGACGCGCGTCCTAATGAT,2,2396323
mglBp,0.2,10,9,AGCGAGGGAATGCTTGAGTG,1,2371711
mglBp,0.2,10,9,AGATGTTGGTCAAACGCTCT,1,2404081
mglBp,0.2,10,9,ACTGCACCGAGATGGGCCGA,1,2343670
mglBp,0.3,11,9,ACGCTAATGCCGTCACAATT,2,2366527
mglBp,0.2,10,9,ACGATGCCTGGTGAAGGGTT,1,2360085
mglBp,0.2,10,9,ACCTTCCTAGACACATGCAA,1,2356027
mglBp,0.2,10,9,ACATTCAAATAATTCTTTCT,1,2381117
mglBp,0.5,13,9,ACATGTTACGTTAATAAACT,4,2397514
mglBp,0.4,12,9,AATGTCGCCAGAAAGGGACT,3,2410501
mglBp,1.0,18,9,AATATTTGTCAAAGTCTTTT,9,2355416
mglBp,0.2,10,9,AAGTTTGCCTTAGATGGACT,1,2407278
mglBp,0.2,10,9,AAGTACGTTTGTACTCTGTA,1,2368116
mglBp,0.3,11,9,AAGAGCATGCAGTAGAAGCC,2,2377070
mglBp,0.4,12,9,AACTTGTTATTCGTACAATG,3,2401191
mglBp,0.2,10,9,AACTCATAGCGGCAGCTTTT,1,2378407
mglBp,0.2,10,9,AACATGAGTGTTTGAACTTG,1,2357492
mglBp,0.9,17,9,AAATCTGTCTAGGTATAGCT,8,2408829
mglBp,0.3,11,9,AAATACGCTACGGTTACCAT,2,2374455
mglBp,0.3,11,9,AAAAAAAGGTTTAACACCCA,2,2394200
mglBp,0.2222222222222222,9,8,TTTTGTTCTCTCGTGTTGAG,1,2415740
mglBp,0.7777777777777778,14,8,TTTTGTCGGGCTCTTTGATT,6,2330224
mglBp,0.2222222222222222,9,8,TTTTGGTCACTCTGTGAGAT,1,2416099
mglBp,0.8888888888888888,15,8,TTTCTCTAACCGTAAGGCGA,7,2370184
mglBp,0.2222222222222222,9,8,TTTCCATATAAGGTACACAC,1,2412753
mglBp,0.2222222222222222,9,8,TTGGGACTCAGAACAGCAGA,1,2411403
mglBp,0.2222222222222222,9,8,TTGCGTAGGCTTGCTCAACA,1,2417614
mglBp,0.2222222222222222,9,8,TTCTGGTGGCGATTGTCTGT,1,2387665
mglBp,0.6666666666666666,13,8,TTCCTAAGCCTGAACGTCCT,5,2394545
mglBp,0.2222222222222222,9,8,TTCCAGGAGGACGGGGCGAG,1,2366135
mglBp,1.2222222222222223,18,8,TTAGGTTGTGCTCTGAATGA,10,2397524
mglBp,0.2222222222222222,9,8,TTAGGATGGTGTTTGGGTCG,1,2402630
mglBp,0.2222222222222222,9,8,TTACAGGCTACAAATGACCT,1,2319386
mglBp,0.8888888888888888,15,8,TTACACGGGTTTATGACAAT,7,2379594
mglBp,0.2222222222222222,9,8,TGTTCGCAGTGCCGCAGGAG,1,2342705
mglBp,0.7777777777777778,14,8,TGTGATAGGCATCTGTGCCT,6,2411606
mglBp,0.8888888888888888,15,8,TGTCGAGCTGCTTTTCAGGT,7,2420838
mglBp,0.2222222222222222,9,8,TGTCCCCGTACAAGGCCTTA,1,2330640
mglBp,0.2222222222222222,9,8,TGTATGAGGGTGATGATTTA,1,2320015
mglBp,0.3333333333333333,10,8,TGGCGTAAGGGGAAGAGTTA,2,2384727
mglBp,0.3333333333333333,10,8,TGCTCCTGCTCTACGGGTGT,2,2412750
mglBp,0.3333333333333333,10,8,TGCCTTATCGTATCCACGTG,2,2334999
mglBp,0.2222222222222222,9,8,TGATAACTGAAGGGCGGTTC,1,2403255
mglBp,0.2222222222222222,9,8,TGAATGGCCGGTAAGATGGT,1,2364329
mglBp,0.2222222222222222,9,8,TGAACGGCAATGGTTGGCTT,1,2370435
mglBp,0.2222222222222222,9,8,TCTTCAAATACCTTATACAA,1,2386084
mglBp,0.2222222222222222,9,8,TCTGTCCAAACGCGTCGTGA,1,2396668
mglBp,0.5555555555555556,12,8,TCTGATGGCATCGATTCGAG,4,2360478
mglBp,0.2222222222222222,9,8,TCATGGTGTAATCTCCTAAT,1,2337664
mglBp,0.5555555555555556,12,8,TCAGATGGGAGGCAGGCTCC,4,2359777
mglBp,0.2222222222222222,9,8,TCAGAGCAGTCATAACGGCT,1,2361483
mglBp,0.2222222222222222,9,8,TCAACTGAAGCTGTCGTGCA,1,2410284
mglBp,0.4444444444444444,11,8,TATTCTCCTCTAAGTAACAA,3,2406773
mglBp,0.3333333333333333,10,8,TATCCGTTACTATCCCGCGT,2,2386795
mglBp,0.2222222222222222,9,8,TATCCGATGTATGCATTTCT,1,2327376
mglBp,0.2222222222222222,9,8,TATCAGTTCAGCTTCCGGAG,1,2351816
mglBp,1.6666666666666667,22,8,TAGGTCCTGGCATAAATGAT,14,2362708
mglBp,0.3333333333333333,10,8,TAGGTATGCCGAGTCTGGCG,2,2373083
mglBp,0.2222222222222222,9,8,TAGCGTCGAACTGGTAAGAC,1,2324856
mglBp,0.3333333333333333,10,8,TAGCGGGTGCCTTGCCGTGC,2,2418142
mglBp,0.4444444444444444,11,8,TAGAGAGTGCTTCGTGGAGA,3,2380774
mglBp,0.2222222222222222,9,8,TAGAGACGGATTCCGTTGTA,1,2337011
mglBp,0.2222222222222222,9,8,TAGAACGCCCCTTGAATATC,1,2351829
mglBp,0.3333333333333333,10,8,TACGAATATGATTGGTGACA,2,2320057
mglBp,0.2222222222222222,9,8,TAATGGGACACGGCCCCAGA,1,2371657
mglBp,0.2222222222222222,9,8,GTTGCAGCCATATTGCCATC,1,2410180
mglBp,0.3333333333333333,10,8,GTTCGCCTTGTAATGGACTA,2,2370685
mglBp,0.2222222222222222,9,8,GTGTCAGGCATGCTGCTAAC,1,2366734
mglBp,0.2222222222222222,9,8,GTCCGATAGCGCCGAGCAAA,1,2422920
mglBp,0.8888888888888888,15,8,GTCATGTCTTGGCAAACCTT,7,2356194
mglBp,1.1111111111111112,17,8,GTAGAGATTAGATCTGAATG,9,2387176
mglBp,0.6666666666666666,13,8,GTACCCTTATTCGGTCTAAT,5,2400187
mglBp,0.4444444444444444,11,8,GGTTACAGGTTGATGCAGTG,3,2376826
mglBp,0.2222222222222222,9,8,GGTGTGGAATGCAAGTCCAG,1,2387745
mglBp,0.3333333333333333,10,8,GGTCAGCGGGCAGAAGATTG,2,2382469
mglBp,0.2222222222222222,9,8,GGGTCCGGACAGATGGTCGT,1,2421094
mglBp,1.0,16,8,GGGTACAGCCTGTAAAACGC,8,2324426
mglBp,0.5555555555555556,12,8,GGGGAGCGTACAATAGACTC,4,2361507
mglBp,0.2222222222222222,9,8,GGGCCGCGGGGGAGCACAGA,1,2361484
mglBp,0.2222222222222222,9,8,GGCACGTGTGACCGGTGTCA,1,2343464
mglBp,0.2222222222222222,9,8,GGAACGAGCAAGCAGTGACC,1,2408130
mglBp,0.6666666666666666,13,8,GCTCTCATGTCATTTTGGCC,5,2389997
mglBp,0.2222222222222222,9,8,GCTAGAAGGACTTTTGTCGT,1,2323106
mglBp,0.2222222222222222,9,8,GCTACCTTGCCCCTGGGCGC,1,2422670
mglBp,0.2222222222222222,9,8,GCGTTCCACTCAGTGGCGAT,1,2324579
mglBp,0.8888888888888888,15,8,GCGGCATCAAATTACCTATG,7,2318308
mglBp,0.3333333333333333,10,8,GCCCGAGCTAGCCGTCCGTA,2,2378700
mglBp,0.4444444444444444,11,8,GCATCAGCCAGGGATTCTCA,3,2403218
mglBp,0.2222222222222222,9,8,GCAGCGGGTTATCGCATACA,1,2320302
mglBp,0.3333333333333333,10,8,GAGTTAAAATACTGAGGGCA,2,2341686
mglBp,0.4444444444444444,11,8,GACTGGTTATCGCGTTCGCA,3,2371702
mglBp,0.2222222222222222,9,8,GAATCGCTACTCCGATTCGT,1,2350434
mglBp,1.2222222222222223,18,8,GAATAGGGCCAATCCTACGT,10,2388116
mglBp,0.3333333333333333,10,8,GAACGTAAGGCGTGGGCCTT,2,2388935
mglBp,0.2222222222222222,9,8,GAACCAAGCCAGGAATGCTA,1,2380963
mglBp,0.5555555555555556,12,8,CTTGGCGAGACGATTCCGAG,4,2355181
mglBp,1.0,16,8,CTTGGCAAGGGAGATTAGTT,8,2342789
mglBp,1.0,16,8,CTTGAATCACCGTTGGTGAA,8,2386364
mglBp,0.2222222222222222,9,8,CTTCCGTTAAATATAGACCT,1,2392189
mglBp,0.2222222222222222,9,8,CTTATGGTCCGGTCTCACTA,1,2401648
mglBp,0.5555555555555556,12,8,CTGGGCGCCCCACACTACTC,4,2378571
mglBp,0.2222222222222222,9,8,CTGCCCGGTGACTGGCCCCA,1,2419665
mglBp,0.2222222222222222,9,8,CTAAAGCTAAGCAAGGATTT,1,2336820
mglBp,0.2222222222222222,9,8,CGTTTCGGTTGTGCAACAAT,1,2339174
mglBp,0.2222222222222222,9,8,CGGTTGGCAACCTATCTCTT,1,2395748
mglBp,289.3333333333333,2611,8,CGGTGGTTTGGACTAACTCT,2603,2381502
mglBp,0.2222222222222222,9,8,CGGTCACCTAGATGGCTAAA,1,2389513
mglBp,0.2222222222222222,9,8,CGGCCCCCGGCTATATCAAC,1,2415553
mglBp,0.2222222222222222,9,8,CGCTCTAAACGCTACACGGA,1,2341239
mglBp,0.2222222222222222,9,8,CGCATTTGGGCAATCTTGGT,1,2369992
mglBp,0.4444444444444444,11,8,CGATTTACGGATAGAGATTC,3,2368398
mglBp,0.7777777777777778,14,8,CGAGGTAGGCCCAGTCGGGT,6,2411064
mglBp,0.2222222222222222,9,8,CGAACCTCTTGGTGATTCCG,1,2405909
mglBp,0.4444444444444444,11,8,CGAAAGAACGATCTGGGTAT,3,2372779
mglBp,0.2222222222222222,9,8,CCTAGATGGAGGGGTCCTAG,1,2414379
mglBp,0.2222222222222222,9,8,CCGTTATTCATTTCAGGTCA,1,2356294
mglBp,0.2222222222222222,9,8,CCGCAAGCACTAGGAGATGG,1,2393643
mglBp,0.2222222222222222,9,8,CCGAAGTTTGTAGATGCGGA,1,2381638
mglBp,0.5555555555555556,12,8,CCAGTGGTGTTCTGTACCTA,4,2385967
mglBp,0.2222222222222222,9,8,CCAGACGAAGTAGACACTAT,1,2357196
mglBp,1.5555555555555556,21,8,CCACGGTATCCAGGCATTCC,13,2412188
mglBp,1126.3333333333333,10144,8,CCACCATTCGGGAGCGCCAT,10136,2360350
mglBp,0.3333333333333333,10,8,CATCGAACAATGATCAGGTG,2,2406944
mglBp,0.2222222222222222,9,8,CATAGCAGATCTCTGAGTTA,1,2386066
mglBp,0.2222222222222222,9,8,CATACCCCAAAAATTCGTCG,1,2408152
mglBp,0.2222222222222222,9,8,CAGTTCAAGGGGACTAGCGG,1,2422650
mglBp,0.2222222222222222,9,8,CAGACCATTTCATGACACTG,1,2316434
mglBp,0.7777777777777778,14,8,CACTCTGGGCCGTTACCGAT,6,2423214
mglBp,0.3333333333333333,10,8,CACTCATGTATGCATTCTAT,2,2395381
mglBp,0.2222222222222222,9,8,CACCATGCCCGTTTCAAGCT,1,2329575
mglBp,0.8888888888888888,15,8,CAATTGAGAAGCAACTGCCA,7,2379781
mglBp,0.2222222222222222,9,8,CAAGCGTGACGTTTTAACCC,1,2366367
mglBp,0.2222222222222222,9,8,CAAATAGAATTCTTCTCCGA,1,2407255
mglBp,244.44444444444446,2207,8,ATTCTTGTAAGATTGAGGAT,2199,2413354
mglBp,0.2222222222222222,9,8,ATTACCGAGGAGTGGGATAG,1,2346416
mglBp,0.3333333333333333,10,8,ATGTTCTATCACGGGGTCCA,2,2358188
mglBp,0.2222222222222222,9,8,ATGAGGACTGTTGCGGTGCG,1,2420077
mglBp,0.2222222222222222,9,8,ATCGTTTGCCCCGCCACAGT,1,2402681
mglBp,0.2222222222222222,9,8,ATCAGATCTCATGTTATTGT,1,2341539
mglBp,0.2222222222222222,9,8,ATATACGATCAGATTGCTAT,1,2416794
mglBp,0.2222222222222222,9,8,AGTTTCTCAAACTTCCATAG,1,2353041
mglBp,0.4444444444444444,11,8,AGGATTATCGTGGAGCGTCT,3,2395808
mglBp,0.2222222222222222,9,8,AGGAGGGATCGACGGCCCCA,1,2376839
mglBp,0.2222222222222222,9,8,AGCGAAAGGGTTTTCGGATC,1,2415557
mglBp,0.2222222222222222,9,8,AGATATTGTTTAGGGGATGA,1,2337640
mglBp,0.4444444444444444,11,8,AGAGTCTATAATCCTGTGGG,3,2420923
mglBp,0.2222222222222222,9,8,AGACTCGGTTCTAAAAGGTC,1,2366113
mglBp,0.2222222222222222,9,8,AGAATCCTAGATAGATAAGC,1,2409677
mglBp,0.2222222222222222,9,8,AGAAGTAATGTTTAATAGTT,1,2357989
mglBp,0.3333333333333333,10,8,AGAAGGTGTGGGTCGAGATA,2,2397351
mglBp,0.2222222222222222,9,8,ACTTGAGAGAGTATGAGATA,1,2337583
mglBp,0.2222222222222222,9,8,ACTGTAGCTGGTGTAAGTGT,1,2316647
mglBp,0.3333333333333333,10,8,ACGCACGACTCCGATCTCCT,2,2354649
mglBp,1.1111111111111112,17,8,ACGATTGTGTATGTAATTGT,9,2332013
mglBp,0.3333333333333333,10,8,ACCGTCCGACGACGCCACAG,2,2357799
mglBp,0.2222222222222222,9,8,ACCGGATACCCGTGCGGACC,1,2396773
mglBp,0.2222222222222222,9,8,ACCGAACACATCAGGTCCCG,1,2366261
mglBp,0.2222222222222222,9,8,ACCCTTATGTCTGATCGCGT,1,2321715
mglBp,0.8888888888888888,15,8,ACCCGCCGAAGCCGCGGTGT,7,2344698
mglBp,0.2222222222222222,9,8,ACATGTCTCATCCTGAGTAT,1,2423087
mglBp,0.3333333333333333,10,8,ACACCTGGGTGCTGCCAGCA,2,2384283
mglBp,0.3333333333333333,10,8,ACAACGTAACTCAGTATAGG,2,2341269
mglBp,0.4444444444444444,11,8,ACAACGCGTTGATCTATCGA,3,2342583
mglBp,0.4444444444444444,11,8,AATTAACGTCCCCCGGCATT,3,2417155
mglBp,0.2222222222222222,9,8,AATGTACAATGTGGTCCACG,1,2362474
mglBp,0.2222222222222222,9,8,AATCTTGGTGATCCTGACGT,1,2389597
mglBp,0.2222222222222222,9,8,AAGTTCCTTTCGACTCAAGA,1,2344055
mglBp,0.7777777777777778,14,8,AAGCCTATTGGTGGCATAAC,6,2416199
mglBp,0.2222222222222222,9,8,AAGCACGAAATATATAGCGT,1,2357864
mglBp,283.1111111111111,2555,8,AACTTCCAGTGGTTATGAGC,2547,2421650
mglBp,308.875,2477,7,TTTGGAACTCACCCTGGGGG,2470,2358169
mglBp,0.25,8,7,TTTCCCCAGCGATATCGACA,1,2387046
mglBp,0.25,8,7,TTTACTAGTATGTCTACCAG,1,2394388
mglBp,0.25,8,7,TTGGTGGAATGATATGTATG,1,2399355
mglBp,0.25,8,7,TTGCCATCGACAAACAGGTT,1,2346988
mglBp,0.25,8,7,TTCTTCGATGTAAGATGCGG,1,2341005
mglBp,226.75,1820,7,TTCCTCATGTGTTCACTATC,1813,2413449
mglBp,0.25,8,7,TTCCATTACTGACACAAGTC,1,2376098
mglBp,0.25,8,7,TTACTGAGAACAATGGATAT,1,2332228
mglBp,0.25,8,7,TTACCATGAACGGAACTCAT,1,2382345
mglBp,0.25,8,7,TTAACCACTAGGATGGTTGT,1,2340665
mglBp,0.25,8,7,TTAAACCCTACTCGAATCAT,1,2406057
mglBp,0.25,8,7,TGTATAGAGCAGAGCCTGGC,1,2400608
mglBp,0.75,12,7,TGGCTCAGTGTTGCCCTCCG,5,2400359
mglBp,0.25,8,7,TGCGTAAACAAGTAACGGCG,1,2325566
mglBp,0.75,12,7,TGCGATAGGAGGGTTTTCTG,5,2388095
mglBp,302.5,2426,7,TGCCTACGCGTTTCTACATG,2419,2354400
mglBp,1.0,14,7,TGATACTATCGGTGGGATCG,7,2366155
mglBp,0.25,8,7,TGAGTTCATGCTCCAACATG,1,2316856
mglBp,0.25,8,7,TGAGCCTGAGAGAGAGACAT,1,2423522
mglBp,0.25,8,7,TGAATGGAGCCAGAATAAAC,1,2320205
mglBp,0.25,8,7,TGAAGTCGCGTCTTCACATT,1,2375240
mglBp,0.25,8,7,TCTTTGAAAGTCCGTCGCCC,1,2417010
mglBp,0.25,8,7,TCTCCTATAAGGTATTCTCT,1,2321536
mglBp,1.0,14,7,TCTACCATAGGTATTCTATA,7,2351081
mglBp,0.25,8,7,TCGTCCGCGTTATGATTTTA,1,2322239
mglBp,0.5,10,7,TCGGGGAACTTGACGGACGT,3,2413203
mglBp,0.375,9,7,TCGGCGTACCAGGTTTGGGG,2,2394736
mglBp,0.25,8,7,TCGCCGACTCCGAGGCTAGT,1,2377491
mglBp,0.25,8,7,TCCGTGTGTCAAAGCGCTAT,1,2414909
mglBp,0.375,9,7,TCCGTAATCGCAGTTGGCCA,2,2383681
mglBp,0.25,8,7,TCATGTGTCCTCTCCCTTTC,1,2320778
mglBp,1.5,18,7,TCACCTAGCTGAAGGTCCCC,11,2326554
mglBp,1.125,15,7,TATGGTGGACAGTTCACACA,8,2360887
mglBp,0.25,8,7,TATCGTCGAGGCTGCTTCCT,1,2318973
mglBp,0.375,9,7,TATCGCCGGACACGACGTTT,2,2380148
mglBp,0.375,9,7,TAGCGACAATCTAGCAGTAT,2,2332653
mglBp,0.25,8,7,TACCTTCAGGCAATCCCTCC,1,2356263
mglBp,0.375,9,7,TAATCCATTTGGTTGCCCCC,2,2332342
mglBp,0.25,8,7,TAATAGTGCTTAACCGCGCA,1,2383428
mglBp,0.375,9,7,TAACTTTACGATTGGGACGA,2,2322683
mglBp,0.375,9,7,GTTGCATGGGTTCTTGCAGT,2,2421103
mglBp,1.25,16,7,GTTCTCTTTCGCTGGGCACA,9,2386803
mglBp,0.375,9,7,GTTCTAGAGGGAGCCCGCAT,2,2318065
mglBp,0.25,8,7,GTCCAAGCACCTGTGTCAGA,1,2346640
mglBp,0.25,8,7,GTCATGCGTGTGTTCATGTA,1,2347330
mglBp,0.25,8,7,GTCAGATGCGACCGGAATTA,1,2351332
mglBp,0.375,9,7,GTCAGACACGCAGTCCTAGA,2,2405010
mglBp,0.375,9,7,GTATACAACCCCACCCGGTG,2,2372680
mglBp,0.5,10,7,GTAGAAGTAGTCGATAAACA,3,2322220
mglBp,0.25,8,7,GTAAGTTTGAGGGCGCCTCC,1,2348938
mglBp,0.5,10,7,GGTTCCCGCGCGAGCGGGTA,3,2401101
mglBp,0.25,8,7,GGTGTCATGGATATGGCTTA,1,2350615
mglBp,0.25,8,7,GGTCGAATCCGGGGCGGCGA,1,2412565
mglBp,0.625,11,7,GGGCGCGCTCAGCCCCAAGT,4,2381534
mglBp,0.25,8,7,GGGAGATGCCGTCCCATATG,1,2338477
mglBp,2.125,23,7,GGGAGACATCGTTCGCAGCT,16,2344309
mglBp,0.375,9,7,GGCCCTTGCGTCAGGTCTTA,2,2373517
mglBp,0.375,9,7,GGAGTACGCCCCGATGCCAC,2,2318283
mglBp,0.25,8,7,GGAATCTCTATATCGTACGT,1,2338934
mglBp,0.25,8,7,GCTTAGGAGGTGGGAACCCA,1,2400598
mglBp,0.25,8,7,GCTGCAGGTATTCAAGGCGG,1,2319013
mglBp,0.25,8,7,GCTGACAGACGTATCAGGGC,1,2336328
mglBp,0.75,12,7,GCTCTTGCTTCGATGGCGTT,5,2348437
mglBp,0.375,9,7,GCTAAGGAGAGGTCTTATGG,2,2327606
mglBp,0.25,8,7,GCGGAATCGATTGGTCTATC,1,2342355
mglBp,0.25,8,7,GCGCAGGGATTGAACAAGTT,1,2391970
mglBp,0.25,8,7,GCCAACCTGAAACGGCATTT,1,2333472
mglBp,0.25,8,7,GCATGCTCGAATTAACCGTC,1,2332740
mglBp,0.375,9,7,GCACTGGGATCGTCAACTCG,2,2370888
mglBp,0.25,8,7,GCACTATATCGCATACGGAG,1,2412613
mglBp,1.875,21,7,GCACGGCAGCTGATTGCTGT,14,2411001
mglBp,0.25,8,7,GCAATAACATTGGGGCACAG,1,2416194
mglBp,0.75,12,7,GCAAGGCAGAGCTCGATAAC,5,2335819
mglBp,0.25,8,7,GATCCGCTGTACTGACCATG,1,2325316
mglBp,0.25,8,7,GAGTCCATGAATGAAGCAGG,1,2371332
mglBp,0.375,9,7,GACTTCTATGGTGCCTCCGC,2,2408386
mglBp,0.25,8,7,GACTTACGGTAGGTGAGTGC,1,2343680
mglBp,0.25,8,7,GACAAGTAGTGCGTTCTCTA,1,2385366
mglBp,0.625,11,7,GACAACCAATACCGATAATT,4,2353267
mglBp,0.25,8,7,CTTGTACTTAATACAAGGAT,1,2341823
mglBp,0.25,8,7,CTTCCTCTGCTCGAAGACCA,1,2324805
mglBp,0.25,8,7,CTTACCAGCTGACTAGCCGG,1,2417282
mglBp,0.25,8,7,CTGGTTACGAATTGTGAACC,1,2340740
mglBp,0.25,8,7,CTGCTGATCACCGAGATTAT,1,2329932
mglBp,1.625,19,7,CTGAATGGGTGTGGGCGTCG,12,2406287
mglBp,1.25,16,7,CTCCCTTGAATTAGGCACGT,9,2422049
mglBp,0.25,8,7,CTAATTCCGTAAGAGCAGAG,1,2326346
mglBp,0.25,8,7,CTAATGGAATAACGAGATTC,1,2379328
mglBp,0.25,8,7,CGTTGCTAGGGATGCAGACG,1,2363478
mglBp,0.25,8,7,CGTTATACTGCACAAAAACT,1,2414790
mglBp,0.25,8,7,CGTCGAAAAAATGATGTTAG,1,2403903
mglBp,0.375,9,7,CGGTTTTAGGAGTGGTGCAC,2,2334173
mglBp,0.75,12,7,CGGTCAGAAAAGCTGTCGCA,5,2391213
mglBp,0.25,8,7,CGGCGCGTGCGGCCGAAAAG,1,2339727
mglBp,0.375,9,7,CGGCGAATGACTGGACCTCA,2,2423438
mglBp,0.25,8,7,CGGCCAGGTTAGAAGTGAAC,1,2412838
mglBp,0.25,8,7,CGGCAGCTTAGCCATCGTTA,1,2353504
mglBp,0.875,13,7,CGGAGCCCCGCAACGACGTC,6,2366792
mglBp,0.25,8,7,CGGAGAGAATTGAAAGGTGT,1,2399077
mglBp,0.875,13,7,CGCGCTGGCGACAAAGGAAG,6,2322551
mglBp,0.25,8,7,CGCGAGCCCCTAGTGCCTTA,1,2354344
mglBp,0.25,8,7,CGCAGCACCATTCAAGAATC,1,2397422
mglBp,0.875,13,7,CGATAAACGAACAAAGTTCT,6,2392202
mglBp,0.25,8,7,CGAATGTTAACACTAGAGCA,1,2414174
mglBp,0.875,13,7,CCTTTCTGTCTGGTCTAGCA,6,2410115
mglBp,0.375,9,7,CCTTAAGCATCTATAAAGGG,2,2385443
mglBp,0.375,9,7,CCTGTAGGAACCCTCTCCGG,2,2408074
mglBp,0.25,8,7,CCTCTGCGCCGAAGCACGCA,1,2364549
mglBp,0.625,11,7,CCGTTCGCGCAACATAGGTT,4,2348090
mglBp,0.25,8,7,CCGTATGTTTTGACGAGCTC,1,2422489
mglBp,0.25,8,7,CCGTAAGCAGCAACTACATT,1,2393522
mglBp,0.5,10,7,CCGGCGCTAATATGCCGCGT,3,2341022
mglBp,0.875,13,7,CCGGACACCGGATATAGGCA,6,2395346
mglBp,0.5,10,7,CCGCGAAGGGAGGATCTCTT,3,2337089
mglBp,0.25,8,7,CCGAACGTAGAAGATCATAC,1,2370891
mglBp,1.125,15,7,CCCAATCTTGATTACTTACA,8,2358153
mglBp,0.375,9,7,CCATTTTGTTAACAGCATGA,2,2336063
mglBp,1.375,17,7,CCATTATAAGCGCAGGCCGA,10,2350030
mglBp,1.5,18,7,CCATCGTCAAATGAGTGTTC,11,2324255
mglBp,0.25,8,7,CCAGTTGGCGGGCACTCTTC,1,2411905
mglBp,0.25,8,7,CCAGCTTTCCTGTGACTCCT,1,2351133
mglBp,0.25,8,7,CCAGCCTGGTGTACTGATCC,1,2343669
mglBp,0.25,8,7,CATGTACACGAAGGCTTATG,1,2345316
mglBp,0.375,9,7,CATCGTCATCGTAATAGCAG,2,2376730
mglBp,0.25,8,7,CAGCTTGGGCCGTCGGTGCA,1,2322266
mglBp,0.375,9,7,CAGCTCATTTCAACAGGCAT,2,2322272
mglBp,0.375,9,7,CAGCGCACGTGTGATAATCA,2,2396454
mglBp,0.25,8,7,CACGCTGTAGATTACTCATG,1,2367658
mglBp,0.25,8,7,CACGAGACGCAGTGAAAGGA,1,2353005
mglBp,0.375,9,7,CACATTCCTAAATACAGATT,2,2327869
mglBp,0.25,8,7,CAAAGGGGTCCTCCCATGTT,1,2384572
mglBp,0.25,8,7,CAAACGGGTCCCACTTCGAA,1,2381031
mglBp,0.875,13,7,ATTGGGGAGCGATTACTTAA,6,2388158
mglBp,0.25,8,7,ATTCCTGTACCACATTCTCC,1,2394427
mglBp,1.25,16,7,ATTAGAAACTTTCAACAGGA,9,2422120
mglBp,0.25,8,7,ATGGTTGGTGCCGTATCACA,1,2422311
mglBp,0.25,8,7,ATGCTAGTCTAAGAGTAACA,1,2383383
mglBp,1.5,18,7,ATGCCGGATGGGGGCTGGAC,11,2387459
mglBp,0.25,8,7,ATGCCAATGGCCTTGTTCAC,1,2364713
mglBp,0.25,8,7,ATCGTTCAATCTTATCGCTC,1,2388407
mglBp,0.25,8,7,ATCAGCAAATTAACATTAAA,1,2347523
mglBp,0.25,8,7,ATCACATGTTCGGCGCTGGA,1,2351307
mglBp,0.25,8,7,ATCAAGTGCGAAGTGCTTTG,1,2408556
mglBp,0.875,13,7,ATATGTGGTTCATTGACTAA,6,2349990
mglBp,0.25,8,7,ATAGCGCGACCGCAATTAAG,1,2367522
mglBp,0.875,13,7,ATACTCGTATGAGCAAACCA,6,2375478
mglBp,0.375,9,7,ATAAATCCTCCTAATGAACT,2,2396244
mglBp,0.25,8,7,AGTATGGGCGGCACCCTCGT,1,2405511
mglBp,0.25,8,7,AGTACCTGATAATTCCGACA,1,2387314
mglBp,0.25,8,7,AGTAATCGATTAGCTTACAG,1,2320357
mglBp,0.25,8,7,AGGTTGAAGGATAAGAGACA,1,2326048
mglBp,0.25,8,7,AGCTGCATCGACCGGGTGGG,1,2333933
mglBp,0.25,8,7,AGCTATATCCAGTGGCCTCC,1,2376578
mglBp,0.625,11,7,AGCGTCCCTTTACGAGCACC,4,2417258
mglBp,0.25,8,7,AGCGGACTTCCTCAAGGTTT,1,2338783
mglBp,0.25,8,7,AGCAAGAAGCGTAATAGATG,1,2335281
mglBp,0.5,10,7,AGATGTCGATGTTGTCAGGA,3,2373513
mglBp,0.625,11,7,AGACCGAGTTCGAGATCATC,4,2334864
mglBp,0.375,9,7,ACTGTTTCAGAAGCTCAGGC,2,2422234
mglBp,0.25,8,7,ACTGCACTACGCATCGCGAT,1,2321326
mglBp,0.25,8,7,ACGATTAGCCAGTAAATGTC,1,2351145
mglBp,0.375,9,7,ACGAGCCGAGGCGGGATCGC,2,2324381
mglBp,0.625,11,7,ACCTATCGCCCACGATCTAT,4,2365030
mglBp,0.25,8,7,ACCCGGCAAGTCACATAGAG,1,2331779
mglBp,0.25,8,7,ACCCCATCTATCAACCATGT,1,2404890
mglBp,1.125,15,7,ACCATGCGCTGGTTATCAGT,8,2385061
mglBp,0.25,8,7,ACACTTAACCGGCGCCCTTT,1,2414274
mglBp,0.25,8,7,AATACATTGGTTAATACTAT,1,2406304
mglBp,0.25,8,7,AAGTTGCTCAGGTTGTTACT,1,2352182
mglBp,0.625,11,7,AAGTTACCACTCTCACCCCC,4,2381500
mglBp,0.25,8,7,AAGGGGTGACCTTTTGTTCG,1,2361336
mglBp,0.25,8,7,AAGGACTAAGTTTGGTCCAT,1,2368130
mglBp,0.25,8,7,AACGAGGCCGGGAAGTAAGT,1,2423223
mglBp,0.25,8,7,AAATGGGGGTGTCTGATGGT,1,2374705
mglBp,0.25,8,7,AAATGACGCTCTCGCTCGAA,1,2345711
mglBp,0.25,8,7,AAAGATAACCATGTTTTACA,1,2322226
mglBp,0.2857142857142857,7,6,TTTTCTCCAAGGGCATGGAT,1,2420550
mglBp,1.4285714285714286,15,6,TTTGGCTCTAGGCAGTATGC,9,2381574
mglBp,0.2857142857142857,7,6,TTTGCAGACCTGGCATTTTC,1,2404227
mglBp,0.5714285714285714,9,6,TTTCACCACAAACGGGACAC,3,2329743
mglBp,0.2857142857142857,7,6,TTTAGGATAAACTTCTATGC,1,2321628
mglBp,0.2857142857142857,7,6,TTGGTTGTGTACAAATATCT,1,2391535
mglBp,0.5714285714285714,9,6,TTGGTCCTATTATACAGGAA,3,2373862
mglBp,0.7142857142857143,10,6,TTGGCTCGGACCTTCAACTT,4,2339597
mglBp,0.5714285714285714,9,6,TTGCCTAGCACGGACAAACG,3,2343292
mglBp,0.2857142857142857,7,6,TTCTATACTGAACCTTACTA,1,2339839
mglBp,0.5714285714285714,9,6,TTATGGACCTAAATCCTACT,3,2395420
mglBp,0.42857142857142855,8,6,TTATCGAGGTGAAAATACCT,2,2358496
mglBp,0.2857142857142857,7,6,TGTGGCAATTGGTCCCTCGT,1,2394198
mglBp,0.7142857142857143,10,6,TGTCGTAGTTAAAAGAGTGT,4,2318638
mglBp,0.2857142857142857,7,6,TGCGGTATGAGTTCCTACAC,1,2375379
mglBp,0.42857142857142855,8,6,TGATCCAGGCACAATGTTAA,2,2368586
mglBp,0.8571428571428571,11,6,TGAGGGTAGTGCTCGATTTT,5,2386016
mglBp,0.2857142857142857,7,6,TGACGCGGCCCTCATCTGGT,1,2376789
mglBp,0.2857142857142857,7,6,TGACCCGGCGCGTCGCCACT,1,2347575
mglBp,0.2857142857142857,7,6,TCTTTGAATTCGTTGATTCA,1,2416190
mglBp,3.2857142857142856,28,6,TCTCTCAGGATCTTGTTGAA,22,2403872
mglBp,0.2857142857142857,7,6,TCGTAGGAGACATTCTGATC,1,2355414
mglBp,0.2857142857142857,7,6,TCGCGAGGAACGTAACATGT,1,2317910
mglBp,0.2857142857142857,7,6,TCGAGTCACCTGCCTTGGCG,1,2367850
mglBp,0.2857142857142857,7,6,TCCGCAGGGAGATTCGTGTA,1,2365648
mglBp,0.2857142857142857,7,6,TCCCCACACGGTGCTCCGAT,1,2342021
mglBp,1.0,12,6,TCATTCGCCAATTTACGTTC,6,2317811
mglBp,0.2857142857142857,7,6,TCATGGTCCGTTCTGGGCTA,1,2378119
mglBp,0.2857142857142857,7,6,TCAGAACAGCCCGAGGTTAT,1,2376135
mglBp,0.42857142857142855,8,6,TCAATTCGCTTTGTTAAGAT,2,2317582
mglBp,0.42857142857142855,8,6,TATTCGTTCGGCGTTGCGCA,2,2317219
mglBp,0.2857142857142857,7,6,TATACCCTAAACCTTCCTAG,1,2317462
mglBp,0.5714285714285714,9,6,TACGTTTTGCTGTTTCGCAT,3,2383804
mglBp,0.2857142857142857,7,6,TACGTCCGAGCCGGCGTGGC,1,2322689
mglBp,0.7142857142857143,10,6,TACCTTGCCTCCTAAAAAAC,4,2323857
mglBp,0.2857142857142857,7,6,TACCTGGACTATCCTTAAGC,1,2357983
mglBp,2.2857142857142856,21,6,TACACTTTTGGGGCAGATAG,15,2410055
mglBp,0.2857142857142857,7,6,TAAGTCTCCGAGTCCCGCAA,1,2348877
mglBp,0.2857142857142857,7,6,TAAGATCGTAACCCACGTGC,1,2345175
mglBp,0.2857142857142857,7,6,TAAAACGGACAGTATTTCTG,1,2337241
mglBp,0.42857142857142855,8,6,GTTGGGTTTTTCCATATCTC,2,2330113
mglBp,0.7142857142857143,10,6,GTTGACCGCCATCACAAATT,4,2334748
mglBp,0.2857142857142857,7,6,GTTCTCTGACGCCCTCTTAG,1,2331323
mglBp,0.2857142857142857,7,6,GTTCTCCGGGGTTAGGGCGC,1,2374724
mglBp,0.8571428571428571,11,6,GTTATGGTAGTAAAGGTCAT,5,2407285
mglBp,0.2857142857142857,7,6,GTGTTATTTGCCACTCTAAG,1,2408075
mglBp,0.2857142857142857,7,6,GTGTACAGTCGGTCAACGAG,1,2358915
mglBp,369.2857142857143,2590,6,GTGGCACTCCACACAACTAG,2584,2321541
mglBp,0.2857142857142857,7,6,GTCGTGGTGGGGAGCCCTTA,1,2371165
mglBp,0.2857142857142857,7,6,GTCCATGCACCAAGAGGACC,1,2343145
mglBp,0.42857142857142855,8,6,GTATTCTGTGACGAGTCTAA,2,2358278
mglBp,0.42857142857142855,8,6,GGTTCGCAGTCGTATACGGC,2,2320493
mglBp,0.2857142857142857,7,6,GGTTCAGAGGATCTGGTGTC,1,2391893
mglBp,0.2857142857142857,7,6,GGTGTGGAAGAGGTCGATAG,1,2322392
mglBp,0.42857142857142855,8,6,GGTGCCTTGCTCGCTTCGAG,2,2327886
mglBp,0.5714285714285714,9,6,GGTACCCGCCCTAAGGGGAA,3,2321167
mglBp,0.2857142857142857,7,6,GGGTGTATAGAGCCCTCGCA,1,2422305
mglBp,0.2857142857142857,7,6,GGGCCACGCAGTTCACTCAA,1,2383994
mglBp,0.42857142857142855,8,6,GGGAGCTCATATAGTTTTCT,2,2370864
mglBp,0.2857142857142857,7,6,GGGACATGTGATGTGCCCTA,1,2373823
mglBp,0.42857142857142855,8,6,GGGACAAGCGAAGCTCAACG,2,2404686
mglBp,0.5714285714285714,9,6,GGCTCTTTACCGTGAATCAG,3,2368571
mglBp,0.2857142857142857,7,6,GGCTCCTCATCAACTATCAG,1,2418652
mglBp,0.5714285714285714,9,6,GGCGGACTTCTTAGCAGGAT,3,2336499
mglBp,0.2857142857142857,7,6,GGCCGCCGCCAGTGAGGCAT,1,2382716
mglBp,0.2857142857142857,7,6,GGCACCTCCGGGGGCAATTC,1,2327380
mglBp,0.42857142857142855,8,6,GGATTCGTGGGGGATATCTA,2,2349849
mglBp,0.2857142857142857,7,6,GGACGAGGTGGGGGGACCTC,1,2334757
mglBp,0.5714285714285714,9,6,GCGCCGTCATCAGAAATATT,3,2346746
mglBp,0.2857142857142857,7,6,GCGCCACCTTGCGCACCAAA,1,2422674
mglBp,0.2857142857142857,7,6,GCCAAAAGGTTGCTAATGTC,1,2321315
mglBp,0.2857142857142857,7,6,GCAGTCAACTCTTACCGCGT,1,2415167
mglBp,0.2857142857142857,7,6,GCAATACAATGCGGACCGCT,1,2341241
mglBp,0.2857142857142857,7,6,GCAAACGCCTTGTCCTAGTT,1,2394010
mglBp,0.7142857142857143,10,6,GATTATTTCATGTAGAGAGT,4,2404846
mglBp,0.5714285714285714,9,6,GATGTCCCACCAGGACCGGT,3,2387393
mglBp,0.2857142857142857,7,6,GATACGCTGGCTAGAAACGT,1,2340323
mglBp,0.2857142857142857,7,6,GACAATGTATCAGCCTTAAA,1,2354434
mglBp,0.5714285714285714,9,6,GAAGTGACTACCAGCCTTCC,3,2336300
mglBp,0.2857142857142857,7,6,GAAGAATGGTTGGCCCTTAA,1,2362456
mglBp,0.2857142857142857,7,6,GAAATGCAAAGGCGTGATGC,1,2398162
mglBp,0.42857142857142855,8,6,CTTGTTCCACGACATTTACT,2,2400778
mglBp,1.2857142857142858,14,6,CTTCACGGTGGAAACGCGCC,8,2373505
mglBp,0.5714285714285714,9,6,CTTAAAAAAGCCCGCGCCTA,3,2396963
mglBp,0.2857142857142857,7,6,CTGTGTAGGTAGATCTGAGG,1,2407766
mglBp,0.42857142857142855,8,6,CTCTGCGCTCGCTGTAGCTT,2,2350528
mglBp,0.2857142857142857,7,6,CTCACTATATGAATATCGTA,1,2330527
mglBp,0.2857142857142857,7,6,CGTTGAGTGTGCACGTTGTA,1,2377346
mglBp,0.2857142857142857,7,6,CGTGTTTATGCGCAACGCAG,1,2343065
mglBp,0.42857142857142855,8,6,CGTGATACATGAGCAGTGTT,2,2375274
mglBp,1.7142857142857142,17,6,CGGGGGCGTAACCACACCTA,11,2381656
mglBp,0.2857142857142857,7,6,CGGCAGTCTTCTGATTCTAT,1,2400150
mglBp,0.2857142857142857,7,6,CGGAAGATCAATAGTAGGAT,1,2388368
mglBp,0.42857142857142855,8,6,CGCGACTTCGCTAAGGACAT,2,2350466
mglBp,0.2857142857142857,7,6,CGCATGCACAGACGCCTTGT,1,2373351
mglBp,0.7142857142857143,10,6,CGACTTGACACCGTTGCTTC,4,2416127
mglBp,0.2857142857142857,7,6,CGACAACGGAGGAGGCCCAC,1,2341075
mglBp,1.4285714285714286,15,6,CCGTAGATGAGTCCTTCTCA,9,2405831
mglBp,0.2857142857142857,7,6,CCGGGCTAGCCGGGTTCGTC,1,2331206
mglBp,0.2857142857142857,7,6,CCCTTCTTTTGCGTCACGAG,1,2346747
mglBp,0.42857142857142855,8,6,CCCTCCTTGGCCTTACATCT,2,2369570
mglBp,358.7142857142857,2516,6,CCCCATGATCGCGAGAGCGA,2510,2337855
mglBp,0.2857142857142857,7,6,CCCACGAATTAGGATCGTAT,1,2338739
mglBp,0.2857142857142857,7,6,CCAAGCTGCCTAATGCCAGG,1,2388777
mglBp,1.7142857142857142,17,6,CATGCCCTCCTGTCAGCTCA,11,2411279
mglBp,0.42857142857142855,8,6,CAGTAGGTGGCTGCGCGAAA,2,2356129
mglBp,0.42857142857142855,8,6,CACGTTCGATCGCTCAATAT,2,2394045
mglBp,0.2857142857142857,7,6,CACGAGGGCAAAATTCCTGC,1,2375179
mglBp,0.2857142857142857,7,6,CACCTGCTCTGTTAGTTCGT,1,2416375
mglBp,0.2857142857142857,7,6,CACCCTAGGTAGGCATAGCA,1,2415597
mglBp,0.2857142857142857,7,6,CACAAGGTGACGCTTAATTT,1,2373187
mglBp,0.42857142857142855,8,6,CAACTATCTGTGACGTTGCT,2,2356185
mglBp,0.2857142857142857,7,6,CAACGGCGGCTACTGTTCCT,1,2326411
mglBp,1.8571428571428572,18,6,ATTGGGCAGCTTTTGAGCGG,12,2341734
mglBp,0.8571428571428571,11,6,ATTGATAAGTTAAAGGTGAT,5,2381972
mglBp,0.2857142857142857,7,6,ATTCGCGTATCTGCGAACAT,1,2365001
mglBp,0.5714285714285714,9,6,ATGCGTGAGTCCCCCTCGGA,3,2399348
mglBp,1.0,12,6,ATCTGCCGGAACAATAGGGC,6,2336066
mglBp,0.2857142857142857,7,6,ATCTAGGCAGCATGATTGGT,1,2410861
mglBp,1.0,12,6,ATCATGTTAAACATTTGCCC,6,2347048
mglBp,0.2857142857142857,7,6,ATAGTTTGACGTGGAGTTAT,1,2405255
mglBp,0.2857142857142857,7,6,ATAGGCGGGGACAGCCCCTA,1,2380129
mglBp,0.42857142857142855,8,6,ATACTACTTCGAAGGTGGGA,2,2411928
mglBp,0.42857142857142855,8,6,ATAAGAGAATATTTTAAGCC,2,2320556
mglBp,0.2857142857142857,7,6,ATAAATCGCCAGAACCTGAG,1,2346872
mglBp,0.2857142857142857,7,6,AGTGTGTGGGGACGTTCAGA,1,2380456
mglBp,1.5714285714285714,16,6,AGTGTAAGGCCCGCTCGGAT,10,2420412
mglBp,0.2857142857142857,7,6,AGTGCGAAAGGAACTAGATC,1,2334708
mglBp,0.2857142857142857,7,6,AGTGATACCTAAACTACAAG,1,2328611
mglBp,0.2857142857142857,7,6,AGTAAGCTTGCTGATCTGAT,1,2328162
mglBp,0.2857142857142857,7,6,AGGTTTGTGCCCTGATTAGC,1,2365983
mglBp,0.8571428571428571,11,6,AGGGGCTTCTGCAATAAACT,5,2360440
mglBp,0.2857142857142857,7,6,AGCTCCCCCCAGTGAAAAAG,1,2386295
mglBp,0.2857142857142857,7,6,AGCGAACTCTTGGCACCTCA,1,2339333
mglBp,0.2857142857142857,7,6,AGCATACATCACCGAAAGGG,1,2344358
mglBp,0.5714285714285714,9,6,AGATTGGACGAAGTCTAACA,3,2408363
mglBp,0.2857142857142857,7,6,AGATTCGGAACTACGTCAAG,1,2380502
mglBp,0.8571428571428571,11,6,AGAATAGTCGCTTAAATCCC,5,2364325
mglBp,0.42857142857142855,8,6,ACTCAGGCAGACCTGGCCGA,2,2357020
mglBp,0.2857142857142857,7,6,ACTATTGAACATGATCGTAA,1,2372875
mglBp,0.2857142857142857,7,6,ACGGATTTGAGTAGGCTGGA,1,2348926
mglBp,0.8571428571428571,11,6,ACGCTAAAGGTTTTGTTTTA,5,2341596
mglBp,0.2857142857142857,7,6,ACCTACGGCAACTTCCTTAT,1,2387467
mglBp,0.42857142857142855,8,6,ACCCCTCTTGTAGGTCACGG,2,2347165
mglBp,0.2857142857142857,7,6,ACCATGTGATAACTACCTGG,1,2355853
mglBp,0.2857142857142857,7,6,ACCATGATTGCCCAATCAAA,1,2377758
mglBp,0.2857142857142857,7,6,ACCACGTTTATTCAGTAGTT,1,2349533
mglBp,0.2857142857142857,7,6,ACCAAATCATAACCATGCGG,1,2340092
mglBp,0.2857142857142857,7,6,ACAGTGGTAGGGTCATCCTC,1,2339426
mglBp,0.2857142857142857,7,6,ACACAGGTTTCGGCAAACAT,1,2333841
mglBp,0.2857142857142857,7,6,AATGGCCAGTCCGACTCGAT,1,2366196
mglBp,0.8571428571428571,11,6,AATATTCGTCCGCGCAAAGA,5,2387168
mglBp,1.7142857142857142,17,6,AAGTGCGTAATGCGGAATCT,11,2344384
mglBp,1.1428571428571428,13,6,AAGGGGGTTGGCAGGCCTTC,7,2365195
mglBp,0.2857142857142857,7,6,AAGGCACTGACCATGCACAA,1,2393531
mglBp,0.7142857142857143,10,6,AAGAGTCATACAGGTCCGGT,4,2324980
mglBp,0.2857142857142857,7,6,AAGAGGACAAGAATTGACCT,1,2376807
mglBp,0.2857142857142857,7,6,AAGACCGCTGAGATGGACTG,1,2369692
mglBp,0.42857142857142855,8,6,AACTGTGGATGTCGGCAGGT,2,2420841
mglBp,190.14285714285714,1336,6,AACAAGCAGTACCGGTATGA,1330,2421034
mglBp,0.5,7,5,TTTGTGCGCTCGCGACTGTT,2,2372045
mglBp,0.3333333333333333,6,5,TTTGATCTTCGGTGCTAACC,1,2418704
mglBp,0.5,7,5,TTTCTCTGTGCTCCTATGCT,2,2419355
mglBp,0.3333333333333333,6,5,TTGTGGCAGTTTCGTGGTAT,1,2342819
mglBp,0.3333333333333333,6,5,TTGGGGCGGATTATAACATG,1,2357039
mglBp,0.3333333333333333,6,5,TTGATCCCGGATAGCAGCGA,1,2383316
mglBp,1.0,10,5,TTCCGCCTGTTTTTACCCTG,5,2383772
mglBp,0.3333333333333333,6,5,TTCACGCCGAATCTTAGGCT,1,2355336
mglBp,3.8333333333333335,27,5,TTAGCCAAAGTTAGCATAGG,22,2397352
mglBp,0.3333333333333333,6,5,TGTGCTGTGCCCTGACGTAG,1,2337811
mglBp,0.3333333333333333,6,5,TGTACCTGAGGTAACGATCA,1,2405971
mglBp,1.1666666666666667,11,5,TGTAACGACCAGCGGTGGTA,6,2385641
mglBp,1.3333333333333333,12,5,TGGTTACTAAACATTATGGT,7,2381893
mglBp,0.8333333333333334,9,5,TGGTGGGCAGGCTCAGTACA,4,2418740
mglBp,0.6666666666666666,8,5,TGGTCGCCCAAGAGAGCCAT,3,2353000
mglBp,0.3333333333333333,6,5,TGGGGCCGAATACTCTGTCA,1,2330545
mglBp,0.3333333333333333,6,5,TGGCAGGACAATAATGCATC,1,2368977
mglBp,0.3333333333333333,6,5,TGGAAGTTTTGCCAGTGGCG,1,2372037
mglBp,0.3333333333333333,6,5,TGCTGTAGGGGCTCAGTAAC,1,2420576
mglBp,0.3333333333333333,6,5,TGCGTCAGGTATGACTAGAA,1,2360243
mglBp,0.3333333333333333,6,5,TGATCTCTATACGAAGGCTC,1,2388569
mglBp,0.6666666666666666,8,5,TGATCCGCACTTCTTACGGC,3,2412599
mglBp,0.6666666666666666,8,5,TGACTAGAGGACGGGAACTT,3,2374267
mglBp,0.3333333333333333,6,5,TCTAAGAATCACGAGCCGCA,1,2412760
mglBp,0.3333333333333333,6,5,TCGATATAGAGATGTACTTA,1,2373519
mglBp,0.3333333333333333,6,5,TCGACCATGAATGTAGTTAG,1,2383268
mglBp,0.3333333333333333,6,5,TCGAAGATCAAGTTGTGAAT,1,2389003
mglBp,0.3333333333333333,6,5,TCCTCGTTCACATCTTTCAG,1,2383624
mglBp,0.5,7,5,TCAAGCAACTTGATATCTGA,2,2399347
mglBp,0.3333333333333333,6,5,TATTCTCGAACATATGTAGG,1,2357458
mglBp,0.3333333333333333,6,5,TATATAAGTTCGAAGCTCCA,1,2411233
mglBp,2.1666666666666665,17,5,TAGAGACAGTTAGGGTGCTT,12,2420926
mglBp,0.3333333333333333,6,5,TACTGGGTCACGGGCACTAG,1,2380134
mglBp,0.3333333333333333,6,5,TACGTGTTTAGTTTTACTCT,1,2358296
mglBp,0.5,7,5,TACAAACGTGAACCTCTGTA,2,2365221
mglBp,0.3333333333333333,6,5,TAAACAGCAGGGTTTTGCTC,1,2359057
mglBp,1.0,10,5,GTTGAAAAGTTGCGCAAGGG,5,2396598
mglBp,0.3333333333333333,6,5,GTTCTACATATTAAGGCTCC,1,2418548
mglBp,0.3333333333333333,6,5,GTGTGATAGTCCCGCGGACT,1,2371305
mglBp,478.6666666666667,2876,5,GTGGCATGGGGATTCGGATC,2871,2391527
mglBp,0.5,7,5,GTGCTATCTGTGGGGATTCC,2,2376163
mglBp,0.3333333333333333,6,5,GTGACGATTGTGCGATTGAA,1,2395557
mglBp,0.5,7,5,GTCCTATGGGAATATTGACG,2,2316498
mglBp,0.3333333333333333,6,5,GTCACGCCATAACGGTATAA,1,2387717
mglBp,0.3333333333333333,6,5,GTATGGTGGTGAGTGAAGAA,1,2414293
mglBp,0.5,7,5,GTACACAAAGCCAGAGCAGT,2,2320777
mglBp,0.3333333333333333,6,5,GTACAACTATTGAGGTTTGG,1,2340452
mglBp,0.3333333333333333,6,5,GTAACGGTCCCGTTAAGAAT,1,2393407
mglBp,0.6666666666666666,8,5,GGTCTCATGTCATTTTGGCC,3,2390016
mglBp,0.3333333333333333,6,5,GGGCCAGGAGAGATGTGTCA,1,2374503
mglBp,0.3333333333333333,6,5,GGGCAAGTAAGGCTCACGAT,1,2390001
mglBp,0.6666666666666666,8,5,GGCTTAGTCATGGTGGGAGC,3,2321491
mglBp,0.3333333333333333,6,5,GGCTTAGGGAAACTTTGAAA,1,2365238
mglBp,0.6666666666666666,8,5,GGCGAACGGGAGCACAGCGA,3,2374978
mglBp,0.6666666666666666,8,5,GGAGGGCTAAGTTCGTCAAG,3,2347617
mglBp,0.3333333333333333,6,5,GGAACCGAGTAGTCTTGTGT,1,2392814
mglBp,0.3333333333333333,6,5,GGAACCCCTGTATGAGCCGA,1,2356033
mglBp,0.3333333333333333,6,5,GGAAAAATATTCACGGCCGT,1,2381755
mglBp,0.3333333333333333,6,5,GCGTCAGTCAGCTAAACTGA,1,2387183
mglBp,0.8333333333333334,9,5,GCGTCAGCTGACCCGACGAT,4,2327732
mglBp,0.3333333333333333,6,5,GCGCGGTCGATTAATGCCGT,1,2400717
mglBp,0.3333333333333333,6,5,GCCTCATGACCACCGGCTTG,1,2333293
mglBp,0.5,7,5,GCATCTCCGACGTTGTTGAT,2,2382983
mglBp,0.3333333333333333,6,5,GCAGGGGGCATCCGAACCGA,1,2366825
mglBp,0.3333333333333333,6,5,GCAGACGAATGCAACCTTCT,1,2323051
mglBp,363.8333333333333,2187,5,GATTCGGGTCCCATCTGTAA,2182,2365580
mglBp,0.3333333333333333,6,5,GATTCGGAGCAATCAGTTCA,1,2381390
mglBp,0.3333333333333333,6,5,GATCCGTCGAGCCCCCGGAA,1,2396212
mglBp,0.5,7,5,GATCCCCCATGGTTAGTCAA,2,2368927
mglBp,1.1666666666666667,11,5,GATCCCATTACGCGAATAAG,6,2412317
mglBp,0.6666666666666666,8,5,GAGTACGGGCTTTGCACTCA,3,2346720
mglBp,0.3333333333333333,6,5,GAGGGGAGTGTATTCATAGT,1,2374076
mglBp,0.3333333333333333,6,5,GAGCATAATTAATTCACCCT,1,2338924
mglBp,0.3333333333333333,6,5,GAGCAGGTAATTCCGGCCGC,1,2349674
mglBp,0.3333333333333333,6,5,GAATGTCCTCAAGGACGTGA,1,2391267
mglBp,0.8333333333333334,9,5,GAATGCGTCATAAGCCATCC,4,2341636
mglBp,0.5,7,5,GAAGCGTCTCTGGGTAGTCT,2,2412425
mglBp,0.3333333333333333,6,5,CTTGATCGAGCGCAGGATCG,1,2414626
mglBp,0.6666666666666666,8,5,CTTCGGTGATGCAAGCGTAG,3,2423667
mglBp,0.3333333333333333,6,5,CTTACTACCCGAGTGAGTCT,1,2389474
mglBp,0.6666666666666666,8,5,CTGCCACAGTGGGCAGCAAC,3,2387831
mglBp,1.3333333333333333,12,5,CTATCTTATGTATTGCATAG,7,2402917
mglBp,0.3333333333333333,6,5,CTATCAGCTGTTGTGCGCCT,1,2416305
mglBp,0.5,7,5,CTAGCGTGGTAGCAGAATCG,2,2393243
mglBp,0.5,7,5,CTAAACTGACGGATATCAAT,2,2371122
mglBp,0.3333333333333333,6,5,CGTTCCTCAAGCGATTCTGA,1,2370464
mglBp,0.6666666666666666,8,5,CGTCCTGCCAATTCCTGTTT,3,2319528
mglBp,0.3333333333333333,6,5,CGCTTGCACGGTCTGGACCG,1,2349928
mglBp,0.3333333333333333,6,5,CGATGCGATTCTTGTGGCCA,1,2330811
mglBp,0.3333333333333333,6,5,CGATCGGGCACATCTGTGCT,1,2397959
mglBp,0.3333333333333333,6,5,CGACATAGCCACCCACAACA,1,2375466
mglBp,1.1666666666666667,11,5,CCTATCTCGGTGTCTACCGT,6,2413816
mglBp,0.3333333333333333,6,5,CCTAGCATCCCCTTACAGCA,1,2344225
mglBp,0.3333333333333333,6,5,CCTAACTTCAGTCTCTTCTT,1,2404394
mglBp,428.3333333333333,2574,5,CCGTCAATGCAGGAGGAAAC,2569,2378382
mglBp,407.1666666666667,2447,5,CCGAGACGTGACGCCGACCT,2442,2416973
mglBp,0.3333333333333333,6,5,CCCGGATCACTCTTTTGCGC,1,2379686
mglBp,0.8333333333333334,9,5,CCCGCTTCGATCCGGCCGCT,4,2336896
mglBp,0.6666666666666666,8,5,CCCGAGTGGCAGGCTTCATT,3,2360701
mglBp,1.6666666666666667,14,5,CCATTACGAAGAGGTAGGAG,9,2422232
mglBp,0.3333333333333333,6,5,CCATGGTCTCTTATTCAACC,1,2393329
mglBp,0.3333333333333333,6,5,CCAATGTCGGTTGTAGGCGA,1,2420054
mglBp,0.5,7,5,CCAACGGACACCATGATGCA,2,2325377
mglBp,0.3333333333333333,6,5,CATTCTGACGTGGAGTGTGC,1,2352918
mglBp,0.3333333333333333,6,5,CATCCCCTGATCGACGTGAG,1,2318971
mglBp,0.3333333333333333,6,5,CATAACAGCTATAATCTAGC,1,2346294
mglBp,0.6666666666666666,8,5,CACTTAATCACTCGGCTAAT,3,2333924
mglBp,1.0,10,5,CACGATATAGTAACGGACGC,5,2415625
mglBp,0.3333333333333333,6,5,CACCGGCCCAATTACATACA,1,2371386
mglBp,2.0,16,5,CACCGGAAACCCGTGGAAGA,11,2350819
mglBp,1.0,10,5,CACCAGGCCAGGACCTCAGT,5,2357324
mglBp,0.3333333333333333,6,5,CAAATTCAACTCTAGCAGCT,1,2336955
mglBp,0.3333333333333333,6,5,ATTGTTGGCTTCGAACATTT,1,2384598
mglBp,0.3333333333333333,6,5,ATTGCATCGTCGTCACCTCG,1,2326567
mglBp,0.3333333333333333,6,5,ATGTCGCCTCGGTCAACTAG,1,2421825
mglBp,0.3333333333333333,6,5,ATGTACGGCTTTAAGGCGAA,1,2410611
mglBp,0.6666666666666666,8,5,ATGAAGTTGCGGCCTAGACA,3,2358471
mglBp,1.0,10,5,ATCTTGCCTAACCATGCAGT,5,2422983
mglBp,0.3333333333333333,6,5,ATCGGTCAGCCCGGAGAGTA,1,2343688
mglBp,2.1666666666666665,17,5,ATCGCTAGTAGCCGGCATTA,12,2355601
mglBp,0.3333333333333333,6,5,ATATGGCCTGGCAAAGACGC,1,2395873
mglBp,0.3333333333333333,6,5,ATACTGACATACTCATGTTC,1,2405352
mglBp,0.3333333333333333,6,5,ATACGGGGGTGAAAGGCATT,1,2406510
mglBp,0.3333333333333333,6,5,ATACAATCTAAGCTCACGTT,1,2330837
mglBp,0.3333333333333333,6,5,AGTCATTACCGAACTAAGAA,1,2329520
mglBp,0.3333333333333333,6,5,AGGGCGCGCCAAACACTTCT,1,2408123
mglBp,0.3333333333333333,6,5,AGGCCGGATGGCCACACCGG,1,2385579
mglBp,0.8333333333333334,9,5,AGGAGACGATGTAACTACAA,4,2325565
mglBp,0.3333333333333333,6,5,AGCTTCATCCACCGGTCGGG,1,2349000
mglBp,0.6666666666666666,8,5,AGCGTCCCATAGATTGATCC,3,2414377
mglBp,0.6666666666666666,8,5,AGCGTACGTACTCGTTGCTC,3,2329606
mglBp,0.3333333333333333,6,5,AGCAAAGGCTTTCCGTAGCG,1,2340897
mglBp,0.3333333333333333,6,5,AGAGTGTCGGATTTACATAC,1,2382259
mglBp,0.6666666666666666,8,5,AGAAGTAGTACCTCCGGGTT,3,2322694
mglBp,0.3333333333333333,6,5,AGAAGGAGAGTAAAACTACT,1,2398117
mglBp,0.3333333333333333,6,5,ACTGCTTTGAACCACCCGAT,1,2343173
mglBp,0.3333333333333333,6,5,ACGGTCGTACTCTCCGTGGT,1,2357687
mglBp,0.3333333333333333,6,5,ACGAACAATACAAAGCGTAT,1,2416301
mglBp,0.5,7,5,ACCTTTTTTCATCCCTGTCG,2,2342613
mglBp,0.3333333333333333,6,5,ACCTATGCACAACCGAAGTT,1,2400551
mglBp,0.6666666666666666,8,5,ACCCTACCGTACATAACTTA,3,2421973
mglBp,0.3333333333333333,6,5,ACCCCTATCTAAAAAGCAAT,1,2375110
mglBp,0.5,7,5,ACCATTTTTTCGTGATATAT,2,2419233
mglBp,0.3333333333333333,6,5,ACATCCTTGAATTTGATGTC,1,2339576
mglBp,0.3333333333333333,6,5,ACAGCCGATAGGGCTCAGCA,1,2355811
mglBp,0.5,7,5,ACACCGGCCCTGCGGAAACT,2,2349134
mglBp,0.3333333333333333,6,5,AATTGTTTACCCAGTCTCGA,1,2375118
mglBp,0.6666666666666666,8,5,AATTAGTATACCGGATATGG,3,2358286
mglBp,0.3333333333333333,6,5,AAGTGTTGATCCTAGAGATC,1,2358497
mglBp,0.5,7,5,AAGATGTTACCCCCGGGGGT,2,2381090
mglBp,2.6666666666666665,20,5,AACACAATGTAGCCATTGGG,15,2350290
mglBp,0.3333333333333333,6,5,AACAAGGGGTACTTTTGACT,1,2379692
mglBp,0.5,7,5,AAATTTTCGGAGAGAGTCTT,2,2350577
mglBp,0.3333333333333333,6,5,AAACTTCATATATTGCGCCG,1,2324192
mglBp,0.3333333333333333,6,5,AAACGTGTTATCAGATAGGT,1,2374021
mglBp,0.3333333333333333,6,5,AAACGGTACGGATGCTATTG,1,2374696
mglBp,0.8333333333333334,9,5,AAAAAGGCATTATTCCCTAC,4,2368131
mglBp,0.4,5,4,TTTGGAGAAGTAATCCGTGC,1,2373887
mglBp,0.4,5,4,TTTGATGTGTTATGCCACCT,1,2414416
mglBp,0.4,5,4,TTGTCACAGGGCTGATATCA,1,2331825
mglBp,0.4,5,4,TTGCAGATCATCACTCATAA,1,2388997
mglBp,0.4,5,4,TTCGGTCACACGATGCCCAT,1,2411593
mglBp,0.6,6,4,TTCGACCCTGATGATAACAA,2,2375829
mglBp,0.4,5,4,TTACTGTCTTACTGTAAACA,1,2332915
mglBp,0.4,5,4,TTAACCTATTATATTCGCAT,1,2350016
mglBp,1.6,11,4,TGTTTCACACTATCTTTACA,7,2401496
mglBp,0.4,5,4,TGTTCGGATCCAAGGGGGTA,1,2417217
mglBp,0.4,5,4,TGGTTACTAGCGTAGGGGGT,1,2408242
mglBp,1.0,8,4,TGCGTTCCATCGAAAGCGAT,4,2421941
mglBp,2.0,13,4,TGCCTAAAACTACGCCACAG,9,2386762
mglBp,0.8,7,4,TGATCGTTACCCTGGCGATA,3,2420920
mglBp,0.4,5,4,TGAACGTCAGTGATCTCGGA,1,2361641
mglBp,0.4,5,4,TCTGGGTCACGGCCACCACA,1,2320010
mglBp,0.4,5,4,TCTAGGGAGACCTGCCGCGA,1,2350294
mglBp,0.4,5,4,TCTAGATCTGAACACCTAAT,1,2388853
mglBp,0.4,5,4,TCGTAGCCGGATATCTTTGC,1,2374979
mglBp,0.4,5,4,TCCTTGACAGGATCCCGGAC,1,2380159
mglBp,1.2,9,4,TCCCACCATTCGAGTATGCG,5,2350675
mglBp,0.4,5,4,TCCAGTCCATGGATGCGATG,1,2334659
mglBp,0.4,5,4,TCCACGCTTCTTTAAGGATG,1,2350499
mglBp,0.4,5,4,TCCAAGTCTATCTTGGACCG,1,2366834
mglBp,0.4,5,4,TCATGGGCTACCTCCGCAAG,1,2336887
mglBp,0.6,6,4,TATGATACCGGCCTACAAAG,2,2396179
mglBp,2.0,13,4,TAGCTCGCTGCGAGATGGTG,9,2412762
mglBp,0.4,5,4,TACTAGGTAGTCCGGCTCTG,1,2405505
mglBp,0.4,5,4,TACCTATTAAAAATGAGGGT,1,2402646
mglBp,1.4,10,4,TAATCATATCAGTCAGAAAA,6,2329006
mglBp,0.4,5,4,GTTTGTATTCGGCATCCGCT,1,2344253
mglBp,0.6,6,4,GTTGTCCGTTCAACTCAATG,2,2339915
mglBp,0.8,7,4,GTTACTTCGCAGACGCGTCA,3,2370066
mglBp,0.4,5,4,GTGTGCGATCCACATGTCAT,1,2376681
mglBp,0.4,5,4,GTGCGCAGACCGATAGGCTC,1,2422047
mglBp,0.4,5,4,GTGAGCTGACACCTTTCCTC,1,2409220
mglBp,0.8,7,4,GTCCGGATTGGACTAATATA,3,2394740
mglBp,0.4,5,4,GTCCAGATAACCCGGAGTGC,1,2346781
mglBp,0.4,5,4,GTATGATGGTGGACACACTG,1,2350900
mglBp,0.8,7,4,GTATCACCTGTACCTTTCGG,3,2339574
mglBp,0.6,6,4,GTACTGCATGAGTTGGGCAA,2,2376654
mglBp,0.6,6,4,GGTTCAGCACCACTTATGAT,2,2412082
mglBp,0.6,6,4,GGTGATAATAGGAATTGCCT,2,2378305
mglBp,1.8,12,4,GGGTCTCGTAAACGTTATTA,8,2332819
mglBp,0.4,5,4,GGGTAACTTCCCTTCTGCAA,1,2336200
mglBp,1.4,10,4,GGCGTTCTAGGATGAGGACT,6,2397719
mglBp,0.4,5,4,GGATCGACATCTTTTACTCT,1,2416191
mglBp,0.8,7,4,GCTGTGAAACTGGCGCACTC,3,2411747
mglBp,0.4,5,4,GCTGTCCTTTCATCACAATG,1,2370077
mglBp,0.4,5,4,GCTAATATCCCGCCGTCATT,1,2395451
mglBp,0.4,5,4,GCTAACGATGGCCCATAAAA,1,2346788
mglBp,0.4,5,4,GCGACGCGGAGATTAGTTCC,1,2401461
mglBp,0.4,5,4,GCCGGAATAGGCAAGACAGT,1,2332178
mglBp,2.4,15,4,GCCAGGTAGCGAAAGCTATG,11,2412153
mglBp,1.8,12,4,GCAAACTAGCTAAAACGCAA,8,2401482
mglBp,1.4,10,4,GATGTGCTGGTTCGAAGTGT,6,2328595
mglBp,0.4,5,4,GATCTTTATAGACATCACAT,1,2359050
mglBp,0.4,5,4,GATCGCACATGCGGTAGGTA,1,2376236
mglBp,0.4,5,4,GAGAGGCCTCGACGACTCTC,1,2348832
mglBp,2.2,14,4,GAGACATAGTTGGCACCTAA,10,2382476
mglBp,0.4,5,4,GACATCTTAACATGCTGGCG,1,2353532
mglBp,0.4,5,4,GAATGACGAAGCCACACACT,1,2395943
mglBp,0.4,5,4,GAAGCCCATTCTTACTTGTT,1,2355689
mglBp,0.4,5,4,CTTTGGTTGCCTTAGACGAA,1,2320933
mglBp,0.4,5,4,CTTTGGACCGGTCGCAAGAT,1,2397138
mglBp,0.4,5,4,CTTCACATATCGTAGGTATA,1,2413835
mglBp,0.4,5,4,CTGGTCACGATGTTCTAGCG,1,2416012
mglBp,0.4,5,4,CTGGAGCGGGTTAAGCAACT,1,2338035
mglBp,0.4,5,4,CTGCGGGGCAATCAAGGACC,1,2412206
mglBp,0.4,5,4,CTCTCCAGCACCATGCATCG,1,2340842
mglBp,1.8,12,4,CTAGGTTCGAGGTCGTCTAA,8,2415748
mglBp,0.4,5,4,CGTTTGACGCAGTTCAACAC,1,2333124
mglBp,0.4,5,4,CGTCATATAACGTACGTTAC,1,2369548
mglBp,0.4,5,4,CGGCCCACTACCTCAAAGTA,1,2376517
mglBp,0.4,5,4,CGCTTGCACAACCATGGGAA,1,2335879
mglBp,0.8,7,4,CGCCGACAGGCGAGTGGCAA,3,2351329
mglBp,0.6,6,4,CGCATGCCCACTGGCTGCGG,2,2348225
mglBp,0.4,5,4,CGCAGCGCTATCTTTTTGTT,1,2360104
mglBp,0.6,6,4,CGCACAGAGATACGGAGAGC,2,2387785
mglBp,0.4,5,4,CGAAGTTCAATAAGTCGCTA,1,2406060
mglBp,0.4,5,4,CCTCCCCACGGTGGGGGGCG,1,2413409
mglBp,2.4,15,4,CCGTTGGTTCTGAAGTCACG,11,2420833
mglBp,1.0,8,4,CCGGAGTGCTCGGATCAGAG,4,2414370
mglBp,0.4,5,4,CCGCATACATGTTATTCCCT,1,2326221
mglBp,0.4,5,4,CCCGGCCGGAGTAGGTTCCG,1,2379974
mglBp,0.4,5,4,CCCCGACGAGGTACTTATAT,1,2413338
mglBp,0.4,5,4,CCAATATGGTTCGTTCGGGA,1,2385411
mglBp,1.6,11,4,CATCCTGTCGATTAGTCTTG,7,2372585
mglBp,0.4,5,4,CATATCGAAGTTCGCTATGA,1,2395169
mglBp,0.4,5,4,CATAAAGCAGCAGTCAACCC,1,2422921
mglBp,0.6,6,4,CAGGTCATAGGTTCCAACCT,2,2364232
mglBp,0.4,5,4,CAGGCACGGTATAAACTCCT,1,2320585
mglBp,1.4,10,4,CAGCTCAAATGCTTCGGTTC,6,2318744
mglBp,2.0,13,4,CAGCGTGGCGAACACGAAGC,9,2397999
mglBp,0.4,5,4,CAGCAACGGCTGTGACTGCT,1,2361533
mglBp,0.4,5,4,CAGAGTGGTTATGCATGGAT,1,2364365
mglBp,1.6,11,4,CAGAGCATGGCACGGCTGTT,7,2414987
mglBp,0.4,5,4,CACTGATTACCCACTCGGCC,1,2373511
mglBp,0.4,5,4,CAATATGCTTAGCCGTTTCA,1,2406344
mglBp,0.4,5,4,CAAGCATTTCTCGCCAAAGG,1,2353466
mglBp,0.4,5,4,CAACACTCTCGACTATTTGC,1,2331875
mglBp,0.4,5,4,ATTTTCGCATGGCACTAAGG,1,2417978
mglBp,0.4,5,4,ATTCTGAGTTGGAACGTCGC,1,2355538
mglBp,0.8,7,4,ATGCTTGAATAAACAGTCCT,3,2363658
mglBp,0.4,5,4,ATGCGAGATATTTGTATGCG,1,2405664
mglBp,0.6,6,4,ATCGCCCGTCTGGCGCAAGA,2,2381113
mglBp,0.4,5,4,ATCCGCAGCAAGTTTAATCC,1,2325547
mglBp,0.6,6,4,ATCCAGCGCCCCTGACATTA,2,2358582
mglBp,0.4,5,4,ATCACCGACGAATGTGGTCG,1,2403955
mglBp,0.4,5,4,ATAGTGGAGCCCCTCTACAG,1,2337805
mglBp,1.4,10,4,ATACTTTACCTTGTCGTGCT,6,2327555
mglBp,0.8,7,4,ATAAAGACCGCGTCTTTTCG,3,2355342
mglBp,0.4,5,4,ATAAAAGAGGAGATCAGCCA,1,2373357
mglBp,1.8,12,4,AGTTCTCGATCACCGGAAAC,8,2420909
mglBp,0.4,5,4,AGTGAACTGGCCGATCGTTT,1,2418527
mglBp,0.4,5,4,AGGTGCATGGGTCTCGTCCC,1,2376141
mglBp,1.6,11,4,AGGTACGCGTCGGATAAAGC,7,2418415
mglBp,1.6,11,4,AGGCGCATCAAATCCCGGAC,7,2407223
mglBp,0.6,6,4,AGCCATATGGATAGACTCAT,2,2355723
mglBp,0.4,5,4,AGATGGACCTTCAAGTATGA,1,2317969
mglBp,0.8,7,4,AGATAGTTGTATCCGTACTC,3,2417809
mglBp,0.4,5,4,AGAGTGACATGGTGGCCCAA,1,2421983
mglBp,0.6,6,4,AGAGACAGCGCATCAGCGAA,2,2381578
mglBp,0.4,5,4,ACTTTCAGAGACGAGGGGGA,1,2396745
mglBp,1.0,8,4,ACTGCTAGGCAACGGAGTTG,4,2414371
mglBp,0.4,5,4,ACTAAGCAATCACGAGTCAA,1,2365283
mglBp,0.4,5,4,ACGGGCTCAAGTAAATTTGT,1,2323163
mglBp,0.4,5,4,ACGGCGTAGACCGGTTGTGT,1,2376121
mglBp,0.4,5,4,ACGCGCCTTGGACTTTACGC,1,2418932
mglBp,0.4,5,4,ACCGCCCAGCCTCATTTTGG,1,2403643
mglBp,0.4,5,4,ACCGATTGTCGCTCAGAGGT,1,2393469
mglBp,1.8,12,4,ACCGATCTGTCTGCTCAGTT,8,2422593
mglBp,1.0,8,4,ACCCCCTTGGACTCAGGATC,4,2423493
mglBp,0.8,7,4,ACCACTGACGGGTGTAAACA,3,2416742
mglBp,2.6,16,4,ACAGGCTTAGCGCACACAGA,12,2384437
mglBp,0.4,5,4,ACAAGCCTCGTACATAGGTT,1,2405918
mglBp,0.4,5,4,ACAACTGGTGGGACCTTGGA,1,2353166
mglBp,0.4,5,4,AAGTTCATACTATGACTTTT,1,2421910
mglBp,0.4,5,4,AAGTGTACTCCACCGTCCGC,1,2356440
mglBp,1.4,10,4,AAGATCTTCTGCGTATGTGT,6,2380138
mglBp,2.2,14,4,AAGACTTGCACGGCGACCGG,10,2326512
mglBp,0.4,5,4,AAGAATCGCCCATGATCGAG,1,2342005
mglBp,0.4,5,4,AACCCACATTTCAAGGCTAG,1,2377129
mglBp,0.4,5,4,AACATACATGGCACTATAGA,1,2380206
mglBp,0.4,5,4,AAACCATTCAGCGTGCACGC,1,2362196
mglBp,0.6,6,4,AAAATGGAACGGGGACTGAG,2,2414813
mglBp,0.5,4,3,TTTTATAGCGTCCTAGGGGA,1,2338291
mglBp,1.5,8,3,TTTGGGATACTCGCGTTCTC,5,2320056
mglBp,0.5,4,3,TTTCGGGGAAACTGCTCGAG,1,2326165
mglBp,0.5,4,3,TTTACGAGCATGTCTGTTTA,1,2382020
mglBp,0.5,4,3,TTGTGTGGCCCATCTTCATT,1,2415087
mglBp,0.5,4,3,TTGTCTAGACGGTGGTAAGC,1,2416126
mglBp,0.5,4,3,TTGGTCCGGTTCCACGAGTG,1,2377670
mglBp,0.5,4,3,TTGGAGGTCCCGCCCGAGAT,1,2382011
mglBp,3.5,16,3,TTGCCGGCAGAGCCTATCTC,13,2366790
mglBp,0.5,4,3,TTCTTCAGACAGGTCTGAAA,1,2320203
mglBp,0.75,5,3,TTCGATTGTCATCGTTTAGC,2,2423084
mglBp,0.5,4,3,TTCACGCTTTAGCCTTTCGC,1,2383536
mglBp,1.75,9,3,TTACTTCGTTGTGGTGCTAA,6,2420834
mglBp,2.25,11,3,TGTTGCCAATTCTTCACGTT,8,2329506
mglBp,0.5,4,3,TGTTAAACCTGGCTTGAGGA,1,2385120
mglBp,0.5,4,3,TGTGAAGGAAGTTGTGCCTC,1,2414053
mglBp,0.5,4,3,TGTATTATTAATAGGTAACT,1,2353950
mglBp,0.5,4,3,TGTATGCTTCCTACCGGCTT,1,2371208
mglBp,0.75,5,3,TGTAGTACGCACGCCAGAAT,2,2374264
mglBp,0.5,4,3,TGTACGCACATTGGGACTTA,1,2372803
mglBp,1.0,6,3,TGGGACTTGGCCAGAACCCA,3,2388771
mglBp,0.75,5,3,TGCTGAAAGTTTCCTCCACA,2,2334215
mglBp,1.5,8,3,TGCGCATGGCTACGGTACCA,5,2329283
mglBp,4.25,19,3,TGCATCGATCTTTGGCCTGG,16,2381517
mglBp,0.5,4,3,TGCACTTCCGGCTTTATGCA,1,2371160
mglBp,0.5,4,3,TGACGTCTAACTACGCAGGT,1,2401658
mglBp,0.5,4,3,TGAAATCATACTACATATTA,1,2346987
mglBp,0.5,4,3,TCTTATGACATTCTAAAACT,1,2376625
mglBp,0.5,4,3,TCTTACCGGTACGGACAGGA,1,2402467
mglBp,0.5,4,3,TCTGGCTATGACGTACTTAA,1,2405615
mglBp,2.75,13,3,TCGCTAGTCAGGGCCCCCAA,10,2367928
mglBp,0.5,4,3,TCGCGTCTTCAAAGACCATG,1,2416844
mglBp,0.5,4,3,TCGACTACCCTGGATAGTAA,1,2336727
mglBp,0.5,4,3,TCGAAAAAGGGGGTCCTCTC,1,2373856
mglBp,0.5,4,3,TCCTTATACAACTTAGCGAA,1,2335682
mglBp,0.75,5,3,TCCCGGATCTACCGGCCACT,2,2379172
mglBp,0.5,4,3,TCACGTCGAGCATATTACGG,1,2322945
mglBp,0.5,4,3,TCAACCCCTTTCTTGCGCCT,1,2413712
mglBp,2.0,10,3,TATTTAGAGAACGGGTCAGT,7,2423216
mglBp,0.5,4,3,TATATGCCGAAGATTCTCAT,1,2340097
mglBp,0.5,4,3,TACCTTTCGAGGGCCGGGGA,1,2375683
mglBp,0.5,4,3,TAATCAGTTACACTAGGACC,1,2332512
mglBp,1.5,8,3,TAAGACTATAAGCAGAATCA,5,2386561
mglBp,0.75,5,3,GTTGGCGCCCTAGTGCTAAA,2,2373450
mglBp,0.5,4,3,GTTCATGGCTTAATGATGGT,1,2338719
mglBp,3.0,14,3,GTTAACTCCATCCAGTGAAA,11,2364326
mglBp,1.5,8,3,GTGTTTAGGGTTTAAAGGTA,5,2344037
mglBp,0.5,4,3,GTGTCGGGCGTCCGATGGGA,1,2342591
mglBp,0.5,4,3,GTGTAAATACTCTTGGTCCT,1,2368133
mglBp,1.75,9,3,GTCCGGTTAGGGCAAACGGC,6,2329596
mglBp,0.5,4,3,GTCCATAATGTTTAATCGTA,1,2339581
mglBp,1.0,6,3,GTCACTGAACAGCGCTAGGG,3,2416129
mglBp,1710.75,6845,3,GTAGTTAAAACATTTCTTAT,6842,2358070
mglBp,0.5,4,3,GTAGCAGAAACCAGCTACGG,1,2340656
mglBp,0.5,4,3,GTACTTTGTGTTTACGGGAG,1,2402855
mglBp,1.5,8,3,GTACACGCCATCGATTTGGA,5,2421677
mglBp,0.5,4,3,GTAAATAAAGTCTCGGTTAG,1,2350404
mglBp,1.0,6,3,GGTTCGGGGCTTTCGTGGAG,3,2353313
mglBp,0.5,4,3,GGTTAGACAATAGTCGCCGC,1,2364150
mglBp,0.75,5,3,GGCTGAACCGCCGCCACGAA,2,2382132
mglBp,0.75,5,3,GGCTAACGTGCTCTTCAAAT,2,2329672
mglBp,0.75,5,3,GGCCTAGATACCTCATTAGG,2,2391843
mglBp,0.5,4,3,GGCATGTTCCGTAGGGTATA,1,2350147
mglBp,1.0,6,3,GGAGGGTATTAAGATATCCT,3,2385498
mglBp,1.0,6,3,GGACTTTAGGGGCATGGATC,3,2373500
mglBp,0.75,5,3,GCTTGCAGCTAGATACGACT,2,2411941
mglBp,0.75,5,3,GCTTCTGGCTTTTGGTGCAG,2,2399233
mglBp,1.5,8,3,GCTTAGAGTGCATAGCAAAA,5,2339573
mglBp,0.5,4,3,GCTGTCGAAAGAACGATTCA,1,2316759
mglBp,0.5,4,3,GCTCTATCAGCGTGAATATG,1,2401560
mglBp,2.25,11,3,GCGTTATGAGTACGAGAGTC,8,2384902
mglBp,1.5,8,3,GCGGACCTAGCGATACTCTG,5,2332028
mglBp,0.75,5,3,GCGCATCTGTATGATTGGGC,2,2350285
mglBp,0.75,5,3,GCGAGGCTAGCAACGTCTTG,2,2374100
mglBp,0.75,5,3,GCCTTGTCAGTAGTTCTCCC,2,2418715
mglBp,0.5,4,3,GCCATACATTCGAGGAGAGA,1,2333083
mglBp,1.25,7,3,GCAGTATCCCTCAGCCATGC,4,2322738
mglBp,0.5,4,3,GATTCAGATGGCGCTGACTT,1,2422570
mglBp,0.5,4,3,GATGGGTACTACTCACGCCT,1,2374368
mglBp,0.5,4,3,GATATAAAGCTGACCGCATA,1,2391067
mglBp,0.5,4,3,GAGTTAGTCGGGTAACCGGG,1,2331586
mglBp,0.5,4,3,GAGCGGGTCGCGTTGGGGAG,1,2408189
mglBp,0.5,4,3,GAGAGATTGATGCAGCCCAC,1,2323620
mglBp,0.5,4,3,GAGACTTGGGAGCCCAAATC,1,2340846
mglBp,0.5,4,3,GACGTAGGCTAGGGCAGATT,1,2388441
mglBp,0.75,5,3,GAATTTGGTTCGCGAAGGGA,2,2418590
mglBp,2.0,10,3,GAATACTCATATTTGTGGAG,7,2415161
mglBp,0.75,5,3,CTTTTTGGGATTTTTGACAT,2,2410802
mglBp,0.5,4,3,CTTCTCCAAAACGTTACTCT,1,2366871
mglBp,0.5,4,3,CTGCTTGATTTCTAAGAAGC,1,2327364
mglBp,2.25,11,3,CTGCATCTCTGTTATGCTAG,8,2326887
mglBp,0.5,4,3,CTCGGAATACACTTTCGTTT,1,2410149
mglBp,0.5,4,3,CTAGGTTATCCGTCACTTTT,1,2379091
mglBp,0.5,4,3,CTAGGCATGCTTAAGTTGTC,1,2391099
mglBp,0.5,4,3,CTAACTGGTTGCACTACAGT,1,2419128
mglBp,0.5,4,3,CGTCAGATGCACGCCCTCCT,1,2345452
mglBp,0.5,4,3,CGTATTCGGTTCATATATTC,1,2385117
mglBp,0.5,4,3,CGGGCGAGCGTAAGATTGCT,1,2391250
mglBp,636.0,2546,3,CGGCTTCTTAGTGGTTTAGA,2543,2354295
mglBp,1.25,7,3,CGGCGACGGCACGGCCCCCA,4,2349465
mglBp,0.75,5,3,CGGATCCGTTATCTGTCGTT,2,2363383
mglBp,0.75,5,3,CGCGACTACCTTATCCCTGG,2,2329623
mglBp,0.5,4,3,CGCCACCCATGGCAATGCTA,1,2387578
mglBp,0.5,4,3,CGACCCGCCCCAGTTCGGAC,1,2323736
mglBp,2.25,11,3,CGACCCATCAGGAGGCACTT,8,2342244
mglBp,1.25,7,3,CGACACAAGGTTCACACCAT,4,2340469
mglBp,0.5,4,3,CCTCTAAGGACGGTGCGATC,1,2327868
mglBp,0.5,4,3,CCTCATCTTGGCTTGTACGT,1,2354722
mglBp,0.5,4,3,CCGTTGAGCAGTTGCTCAGC,1,2363965
mglBp,0.5,4,3,CCGGGCCACTATGCTGGGAT,1,2413410
mglBp,2.25,11,3,CCGAGGTACGCGACTAGACT,8,2387493
mglBp,0.5,4,3,CCGAGCTGTCTTGGGGAATT,1,2363183
mglBp,0.5,4,3,CCGAGACCATTCACGCGGAG,1,2414687
mglBp,0.75,5,3,CCCTCAGATATAACGATCAA,2,2404881
mglBp,0.5,4,3,CCCGGGGCTATTATTATGTT,1,2319882
mglBp,0.5,4,3,CCCGGCGCAGCATTATAACT,1,2342442
mglBp,0.5,4,3,CCCATATTTCCAGTAAAAGA,1,2420207
mglBp,2.5,12,3,CCATAATCTATCACGATGCT,9,2407048
mglBp,0.5,4,3,CCAAGACCGACCCATTCGAC,1,2380452
mglBp,0.75,5,3,CATAGCAGCGGATCGATCGC,2,2395358
mglBp,0.5,4,3,CATAGACCCGGTACAGGGTA,1,2340843
mglBp,0.5,4,3,CAGCTCATAGTATGCGGCAG,1,2374756
mglBp,0.5,4,3,CAGAACTTCGGATGGGGGCT,1,2322087
mglBp,1.0,6,3,CACGAATAGGGCTTAGGACA,3,2414401
mglBp,1.75,9,3,CAAATGAGTCTTGTCGATCA,6,2375548
mglBp,1.75,9,3,ATTGAGACATTTCGAAACTT,6,2371538
mglBp,0.75,5,3,ATGTTGGGTGTCAATATGGG,2,2381815
mglBp,0.5,4,3,ATGGAGAGCGAGGGTTTTGG,1,2417486
mglBp,1.5,8,3,ATACGATTGAGCGCAGCCAC,5,2336899
mglBp,1.0,6,3,AGTGGTGTATGACGGGATAC,3,2332010
mglBp,0.5,4,3,AGTCGCTGTCCAGTCGGCCG,1,2377705
mglBp,0.5,4,3,AGTAATCTGAGGCGTTATTG,1,2322268
mglBp,0.5,4,3,AGGGTTAGATCATTTTAATT,1,2413590
mglBp,1.5,8,3,AGGGGGTTGTTCTAAACATA,5,2362707
mglBp,0.75,5,3,AGCGGCACGCATCCGGACGA,2,2394126
mglBp,0.5,4,3,AGCAGATGTGCAGGTCAGAC,1,2423060
mglBp,0.5,4,3,AGAAGCGGCCCGCTTTTTTA,1,2377133
mglBp,0.5,4,3,ACTTGGTCGAACCCATGGGA,1,2398819
mglBp,0.5,4,3,ACTGTCAAACCCAATCTCTT,1,2346353
mglBp,1.25,7,3,ACTCGTCCCTTGCTCGCTGC,4,2420771
mglBp,1.0,6,3,ACGCTCTTAGGGTTCGACAG,3,2382776
mglBp,0.5,4,3,ACCCGCGCGTTTAGTTCGGT,1,2364444
mglBp,0.5,4,3,ACCACCGCTAGGTTTATGGA,1,2403672
mglBp,0.75,5,3,ACATCTGCTAGCCCCTACGT,2,2362172
mglBp,0.5,4,3,ACAGGTCAGGTTATAGCAGT,1,2415020
mglBp,1.5,8,3,ACACGCCTAAAGTCATTTCT,5,2327968
mglBp,1.0,6,3,AATTTGTCTAAGTCATCAGA,3,2393236
mglBp,2.25,11,3,AATTGAAAGGCAGCAGAATT,8,2415385
mglBp,0.5,4,3,AATCCTCACGGTGACCGCGC,1,2421582
mglBp,2.0,10,3,AATCATGGTCTACTTAGGGC,7,2388636
mglBp,0.5,4,3,AAGCCACTAATACACTCCGG,1,2342858
mglBp,1.0,6,3,AAGAAGCAATAGGGAGCGCC,3,2387478
mglBp,0.5,4,3,AACAGCTCTTCTCCCTTCCA,1,2416214
mglBp,637.25,2551,3,AAACTTTCCAACATCATTGT,2548,2376766
mglBp,0.5,4,3,AAAAACTTCGGGCTGGTCAT,1,2362680
mglBp,1.3333333333333333,5,2,TTTTCCCATTAGTGTGAGTC,3,2393840
mglBp,2.0,7,2,TTTGCGTTGCAGTTTTCCGA,5,2376776
mglBp,1.3333333333333333,5,2,TTTAAAGAATTCGGTGGGAC,3,2384721
mglBp,866.3333333333334,2600,2,TTGCATGAGTCTGGCGTTCC,2598,2413828
mglBp,0.6666666666666666,3,2,TTGATCCGGTTATTATATGA,1,2323084
mglBp,1.6666666666666667,6,2,TTCTGCCCTGATGGGTGGTT,4,2389464
mglBp,0.6666666666666666,3,2,TTAGTATGGTGAAGAATCTT,1,2412703
mglBp,0.6666666666666666,3,2,TTAGATAGCGTAGTGCGTAC,1,2322047
mglBp,0.6666666666666666,3,2,TTAAATATCGTGGGGCTTAG,1,2341201
mglBp,1.6666666666666667,6,2,TGTACGAGGCGGATGCATCA,4,2353372
mglBp,0.6666666666666666,3,2,TGCCAAACGGTGCCACCACT,1,2363859
mglBp,0.6666666666666666,3,2,TGCATGGGAGTTCACACACG,1,2357082
mglBp,0.6666666666666666,3,2,TGATAATGACTATCCAAGAA,1,2362686
mglBp,0.6666666666666666,3,2,TGAGTCTCCCTACCGGACCT,1,2380261
mglBp,2.3333333333333335,8,2,TGACAGTTAAGGTCAAATCC,6,2318691
mglBp,1.3333333333333333,5,2,TCTTCCATCCTGTGGGGAGT,3,2322238
mglBp,0.6666666666666666,3,2,TCTTATTGTCTCGCAGCGTC,1,2318506
mglBp,1.0,4,2,TCTCTTTGGGTATCCTGGGG,2,2396746
mglBp,0.6666666666666666,3,2,TCTATGAGGTTGCATGTACG,1,2368055
mglBp,0.6666666666666666,3,2,TCGTCTCTCCTATGAGTAGT,1,2388576
mglBp,0.6666666666666666,3,2,TCGGCATTAGAATTAAAAGG,1,2397427
mglBp,0.6666666666666666,3,2,TCGCCGATCGTCTAATGCGG,1,2398047
mglBp,1.0,4,2,TCCGTGGAGGCCTTCCGGAC,2,2413833
mglBp,1.3333333333333333,5,2,TCCCGACTCCCTACACGGGA,3,2340192
mglBp,0.6666666666666666,3,2,TCCACGTGAGACACAAGTTG,1,2322045
mglBp,892.0,2677,2,TCAGTAAGAACGAACTGATT,2675,2358306
mglBp,0.6666666666666666,3,2,TCAAGCGCTCGAACATGTCT,1,2366219
mglBp,0.6666666666666666,3,2,TATTGACAACGGTGTGGTCT,1,2417674
mglBp,0.6666666666666666,3,2,TATGTATTGATATGGCACGG,1,2420564
mglBp,0.6666666666666666,3,2,TATCGTCACACTCGAGACCA,1,2376218
mglBp,1.0,4,2,TATACGACCTTAATTGGCGC,2,2413343
mglBp,0.6666666666666666,3,2,TAGCGTCCCTTACTGCTAAG,1,2400790
mglBp,0.6666666666666666,3,2,TAGCCAACACTAATTCTGAG,1,2358883
mglBp,1.6666666666666667,6,2,TAATCGGCCCCATCGGGCTC,4,2417726
mglBp,2.3333333333333335,8,2,TAAGCTAAGGTATGTATCGG,6,2356780
mglBp,1.6666666666666667,6,2,TAACTTCATTTCTTACTTCT,4,2372223
mglBp,3.6666666666666665,12,2,GTTTCGTTCGGCTCGCGCTA,10,2365874
mglBp,3.6666666666666665,12,2,GTTCACAGCGTGCCTTGTCC,10,2409903
mglBp,0.6666666666666666,3,2,GTTATAGGTCATTTATGTGA,1,2393541
mglBp,1.0,4,2,GTGTGGCGTAGCACTGTACC,2,2345587
mglBp,0.6666666666666666,3,2,GTGTCGCGACGGTAGAATCG,1,2402227
mglBp,0.6666666666666666,3,2,GTCGATGCTCGGCAAGCATA,1,2342013
mglBp,0.6666666666666666,3,2,GTCCGATCCTAGGACAAGGG,1,2347419
mglBp,0.6666666666666666,3,2,GTATGGTATAGAACGGATAT,1,2402181
mglBp,0.6666666666666666,3,2,GTACCCGAGCCGACGGACAA,1,2408539
mglBp,0.6666666666666666,3,2,GGTTTAACGTCAATATACTA,1,2396912
mglBp,0.6666666666666666,3,2,GGTTGACTGAGGTATAACAG,1,2316603
mglBp,0.6666666666666666,3,2,GGTACCCGGTACTAAAACGT,1,2381960
mglBp,1.0,4,2,GGGCCTTTGTCAAGTACCGC,2,2412923
mglBp,0.6666666666666666,3,2,GGGCCACACAGCATACGCAT,1,2317366
mglBp,1.0,4,2,GCTGTGCGTCCGATAAGTTC,2,2322409
mglBp,0.6666666666666666,3,2,GCTGGATGCTCATTGGATAG,1,2415504
mglBp,1.6666666666666667,6,2,GCTCACCGTGTGAACTCTTT,4,2380784
mglBp,0.6666666666666666,3,2,GCTATGAATTTTCCGCTGGG,1,2393452
mglBp,0.6666666666666666,3,2,GCTAGGGGGAGCAACGCCGT,1,2417106
mglBp,1.0,4,2,GCGTTCAGTAAAATGAATAT,2,2331246
mglBp,0.6666666666666666,3,2,GCGCTCACAAAAGCGATTAC,1,2419598
mglBp,1.6666666666666667,6,2,GCCATACCGTTCTGAAGATG,4,2358751
mglBp,0.6666666666666666,3,2,GCATCGTGGAGGACATGCGT,1,2355959
mglBp,1.3333333333333333,5,2,GCACGAGAACACCGGAATGA,3,2418551
mglBp,1.3333333333333333,5,2,GCAATATAACGCTCTCTGTT,3,2332174
mglBp,0.6666666666666666,3,2,GCAACGGTCTGTTAAGCCTC,1,2317782
mglBp,1.0,4,2,GATGAACGCACCTCAGATGG,2,2320154
mglBp,2.0,7,2,GATCAGCGCAGGAGCGCTGT,5,2378471
mglBp,3.0,10,2,GATACTAATGTTCGTTATGG,8,2343709
mglBp,1.0,4,2,GACTCGGTGATACAGATGCT,2,2374750
mglBp,0.6666666666666666,3,2,GACTCACGTGGTTGGTTCTG,1,2420553
mglBp,2.3333333333333335,8,2,GACCGTGGCTGAGCTGCGAA,6,2345739
mglBp,0.6666666666666666,3,2,GACCGTGATGATCATCGCTA,1,2367851
mglBp,0.6666666666666666,3,2,GACCCGGGAACGACCATCTT,1,2340836
mglBp,0.6666666666666666,3,2,GACCATCACAACTCAGGACC,1,2398661
mglBp,0.6666666666666666,3,2,GAACCGAACCAGGACATCGG,1,2330650
mglBp,0.6666666666666666,3,2,GAACACTCACCGTTCAGATT,1,2318826
mglBp,1.3333333333333333,5,2,CTTTCGCTTAACAAAGAACT,3,2384263
mglBp,0.6666666666666666,3,2,CTTCAGAGCAAGGTATCAGT,1,2336933
mglBp,0.6666666666666666,3,2,CTTATGCACGGCGGTTAGTA,1,2347327
mglBp,0.6666666666666666,3,2,CTGGCGCGCAAAGACCTTCC,1,2371177
mglBp,2.0,7,2,CTGAAGTCCGAAATGATTTA,5,2344312
mglBp,0.6666666666666666,3,2,CGTCGTACTGTAATCGCATC,1,2393825
mglBp,0.6666666666666666,3,2,CGGTCAGGCTACGATTCTGT,1,2396103
mglBp,2.6666666666666665,9,2,CGGGAGGAATTAGGGTTTAG,7,2411288
mglBp,0.6666666666666666,3,2,CGGCGATCCACATTTCATCT,1,2381064
mglBp,0.6666666666666666,3,2,CGCTCGATCTATCTATTCAT,1,2405590
mglBp,1.6666666666666667,6,2,CGAGCGACCCTAGCGCCGAT,4,2333850
mglBp,0.6666666666666666,3,2,CCTACGCTGTAGATTCACCC,1,2392377
mglBp,0.6666666666666666,3,2,CCGCGATCCCGAACAACAAT,1,2358444
mglBp,1.0,4,2,CCCTTTGGCATACCATTTCT,2,2346756
mglBp,0.6666666666666666,3,2,CCCAATCTGAGATTAACAGA,1,2368991
mglBp,0.6666666666666666,3,2,CCAGTGCGACCGTTCAAAAC,1,2325154
mglBp,1.3333333333333333,5,2,CCAATAATCTCTGTCACTCT,3,2339239
mglBp,3.6666666666666665,12,2,CCAAGAGGAAAGAAACATCA,10,2419274
mglBp,1.0,4,2,CATGTATGGGCTCGTTTTAG,2,2382711
mglBp,1.0,4,2,CAGTAGGTCACGCTCGTCCT,2,2370866
mglBp,0.6666666666666666,3,2,CAGGGATATTATGTCGTAAG,1,2358472
mglBp,0.6666666666666666,3,2,CAGCGAGTCTGGGTCAAGAG,1,2334255
mglBp,0.6666666666666666,3,2,CAGCAGGACAGCAATACCCA,1,2377508
mglBp,0.6666666666666666,3,2,CAGACGAACATGAGCTATCG,1,2362255
mglBp,0.6666666666666666,3,2,CACAAAGGAGAATAGAGAGA,1,2364293
mglBp,1.3333333333333333,5,2,CAAGACCTCTTGAAGTTCCT,3,2376731
mglBp,0.6666666666666666,3,2,CAACCATCCAGGCCCATAAT,1,2408698
mglBp,0.6666666666666666,3,2,ATTGATAGGTGATTCCCTGT,1,2352463
mglBp,0.6666666666666666,3,2,ATTCCTACTGGAGTGCGTCC,1,2349546
mglBp,2.0,7,2,ATTAGCATCGTTGCAGATTT,5,2338662
mglBp,0.6666666666666666,3,2,ATGCTTGTCTGCTGCGTCCA,1,2322620
mglBp,0.6666666666666666,3,2,ATGCTCACGATTGCGGCCCC,1,2389528
mglBp,0.6666666666666666,3,2,ATGACCGACCCCGTCATTCA,1,2382347
mglBp,1.0,4,2,ATCCTGTCCTTAGGATCCTA,2,2387044
mglBp,0.6666666666666666,3,2,ATCCAGCACTGTGCCCAAAT,1,2320363
mglBp,0.6666666666666666,3,2,ATCAGCACTAGCCTCCTAGT,1,2421691
mglBp,0.6666666666666666,3,2,ATAGTACGAGCGAATGCAAA,1,2399911
mglBp,0.6666666666666666,3,2,ATAATGTGGAGACAAATAAA,1,2403868
mglBp,1.0,4,2,AGTTACTTCTCCCGGAGATA,2,2385989
mglBp,0.6666666666666666,3,2,AGTTAAAAGATTGACCCCCG,1,2421709
mglBp,0.6666666666666666,3,2,AGGTTCCGCGTGAAACAATG,1,2412367
mglBp,0.6666666666666666,3,2,AGGTGTCTAAGGTCTCATTA,1,2330222
mglBp,0.6666666666666666,3,2,AGGGGGTTTTACCTGGCCGG,1,2318401
mglBp,0.6666666666666666,3,2,AGGGGCAGCGTTTCAGAGGC,1,2418255
mglBp,0.6666666666666666,3,2,AGGATAGCAGAAACTGCACC,1,2401106
mglBp,1.0,4,2,AGGATAAGGACGATTTGTAT,2,2350966
mglBp,0.6666666666666666,3,2,AGGACACATCTACGCTATCT,1,2393663
mglBp,2.3333333333333335,8,2,AGCGAGCATTCAAAACTCGG,6,2423199
mglBp,0.6666666666666666,3,2,AGCCCGCTGAACAAATCGTA,1,2419881
mglBp,0.6666666666666666,3,2,AGCATGTCAACACGAGGATG,1,2317808
mglBp,0.6666666666666666,3,2,AGAGTAAGCCTCTCGACGGG,1,2393953
mglBp,3.6666666666666665,12,2,AGAACGGGACTGTATTTATT,10,2379705
mglBp,1.6666666666666667,6,2,AGAAAATTCTAGTCAGTTAG,4,2418206
mglBp,0.6666666666666666,3,2,ACTGTTAATTGGATGACGGT,1,2419324
mglBp,0.6666666666666666,3,2,ACGTGCCCGACTTCGACGAT,1,2332470
mglBp,0.6666666666666666,3,2,ACGTGATTACGGCGCGCATT,1,2411623
mglBp,0.6666666666666666,3,2,ACGGCGAACAACGGTCTTAT,1,2355716
mglBp,0.6666666666666666,3,2,ACGCGGGATACTCGGCCTAA,1,2421109
mglBp,2.6666666666666665,9,2,ACAGCGTCTGCTCCCGGGTC,7,2319883
mglBp,1.3333333333333333,5,2,ACACATCCTCGGTTTGAAAG,3,2328761
mglBp,3.3333333333333335,11,2,ACACACCCGGGAGGCTTCGG,9,2357341
mglBp,0.6666666666666666,3,2,ACACAAACGATATCTGTATG,1,2401487
mglBp,1.0,4,2,AATTGCCAGACCTTAACCCC,2,2414726
mglBp,0.6666666666666666,3,2,AATGCTAGACATTTGCAGTG,1,2377774
mglBp,0.6666666666666666,3,2,AATATGTCTGGACATAGCAA,1,2317411
mglBp,0.6666666666666666,3,2,AATAGTCGGATATAATCGGG,1,2394560
mglBp,1.3333333333333333,5,2,AAGTTTTTAAGCGAGACGTC,3,2382810
mglBp,0.6666666666666666,3,2,AAGCGAATCCGGGCATCTTG,1,2369547
mglBp,1.3333333333333333,5,2,AAGCCCGTCATGAGGACCTA,3,2363064
mglBp,0.6666666666666666,3,2,AAGAGACGACCTGATCCTGG,1,2403670
mglBp,0.6666666666666666,3,2,AACGGTTCCAGTGGGGCATG,1,2335586
mglBp,3.3333333333333335,11,2,AACATTATGCAGAAGACATG,9,2400811
mglBp,0.6666666666666666,3,2,AACAGAATCTACGTTGAAGC,1,2356700
mglBp,1.0,4,2,AAATCTAGGTTATCTTGTAA,2,2355737
mglBp,0.6666666666666666,3,2,AAAACGGATTTCTCGGATGT,1,2318289
mglBp,2.3333333333333335,8,2,AAAAACTAACATGGGTCCAC,6,2417736
mglBp,1.0,2,1,TTTTTGAAGCTAGCCGCTAC,1,2399957
mglBp,4.5,9,1,TTTATTTTGTGCACAATCCT,8,2383503
mglBp,1.0,2,1,TTGTTATCTCAGTCGAAGCT,1,2385611
mglBp,1.0,2,1,TTGCGCCGACCTTAGAGAAC,1,2336695
mglBp,1.0,2,1,TTCTAGCGGAAATCGACGGA,1,2414375
mglBp,1.0,2,1,TTCCGTGGCGTGGTCCTCAC,1,2317656
mglBp,1.0,2,1,TTCATGTCCCGACTTCAGAA,1,2347808
mglBp,1.0,2,1,TTAAGCCGAGAGCTTCTCTT,1,2338926
mglBp,1.0,2,1,TTAAAGCGTGAGTGGATGTC,1,2384117
mglBp,1.0,2,1,TGTAGGGATATTTCTTGGAT,1,2397793
mglBp,1.5,3,1,TGGTAGAAAGCTCATATGTT,2,2381498
mglBp,4.0,8,1,TGGCTGTTCATAGATGACAA,7,2390151
mglBp,1.0,2,1,TGGCGTGTTGCCGGCTGCCG,1,2320265
mglBp,1.0,2,1,TGCGTGACTTCTGGGGTGAC,1,2365249
mglBp,1.0,2,1,TGCCTGATAGCTTTTAAGGT,1,2349742
mglBp,1.0,2,1,TGCCAAAAGCCATCATGGGT,1,2375664
mglBp,1.5,3,1,TGACCGTGTGGACGCGTTTA,2,2346924
mglBp,1.0,2,1,TCTAGCCATGGGTCCGCCTT,1,2390762
mglBp,1.0,2,1,TCGTGATCAGATCGGCAATT,1,2399353
mglBp,5.0,10,1,TCGTATAGACGGCTGGTTCA,9,2418863
mglBp,1.0,2,1,TCGTACCCTGCACCCCTTCG,1,2337084
mglBp,1.0,2,1,TCCTTATTCCACCCCTCCAA,1,2390833
mglBp,1.0,2,1,TCCGCGAGTTCAGAGAAAGG,1,2361763
mglBp,1.0,2,1,TCCAGCCGCTCTCCAAAAAG,1,2382965
mglBp,1.5,3,1,TCATGGGTCTTTCGAATAGA,2,2336195
mglBp,1.0,2,1,TATTGGAGATAATGCCGCGT,1,2401480
mglBp,1.0,2,1,TATACGTATCCAGATAAGCC,1,2336981
mglBp,1.5,3,1,TATAATTTCCGGTCGATCAT,2,2347021
mglBp,1.0,2,1,TAGGCGCTACGGCCGGCAAC,1,2320402
mglBp,1.5,3,1,TACAGGATATCTACGTATTT,2,2402470
mglBp,1.5,3,1,TAACAGGGATCGAAAAGGCG,2,2420934
mglBp,1.0,2,1,GTTTCTCCCAGGCAGGTTAG,1,2413830
mglBp,1.0,2,1,GTTCAGCCTCGTCCTCTCCC,1,2393467
mglBp,1.0,2,1,GTTATGGCTAGGACTGTGAT,1,2394902
mglBp,1.0,2,1,GTTATAAGTATTGGGCGACT,1,2381713
mglBp,1.0,2,1,GTGGTTAGGCGAAGATGGAC,1,2371457
mglBp,2.0,4,1,GTGAATCCCTCACATCATGG,3,2419239
mglBp,7.0,14,1,GTCGCCCGGCGGGGCAGCGC,13,2420081
mglBp,1.0,2,1,GTCGAATCTGCGCTTGTGGT,1,2362244
mglBp,1.0,2,1,GGTTGCAACTTCTGGGCACT,1,2347084
mglBp,1.5,3,1,GGTACGCTTAAACTCTGACA,2,2322212
mglBp,1.0,2,1,GGGGTATCCGTCGGGCCTTG,1,2348987
mglBp,1.0,2,1,GGGCAGCCAGCGAACGCCCA,1,2360611
mglBp,2.5,5,1,GGGAACGACGTTAGACGGTC,4,2417793
mglBp,1.0,2,1,GGCTCACACTTCGGGGACTA,1,2420572
mglBp,1.0,2,1,GGATTCGAATATACCCTTGT,1,2393482
mglBp,1.0,2,1,GGATGGTGGTCGTGAGAGAA,1,2334352
mglBp,1.5,3,1,GGATAGTACATAAGCTGTAT,2,2336861
mglBp,2.5,5,1,GGAGTAGTTTGGGAAGCCGC,4,2327014
mglBp,1.5,3,1,GGAATCGGAATAAGATACGT,2,2360108
mglBp,2.0,4,1,GCTTCCATCGGGACCCACTT,3,2420914
mglBp,1293.5,2587,1,GCTAGGGCGACTCAGCAATA,2586,2415842
mglBp,2.5,5,1,GCGTTCCAACTGTGCAAGGA,4,2393196
mglBp,1.0,2,1,GCGGGGATTTTTAGCTAGGT,1,2419597
mglBp,2.0,4,1,GCGGGAAGCATCACGATGTA,3,2356085
mglBp,2.5,5,1,GCGCTCATATCTTGATCATA,4,2352603
mglBp,1.0,2,1,GCGCGTGGTTATGAAATGGT,1,2420913
mglBp,3.0,6,1,GCGCAGGATCCGGACCTAAG,5,2332320
mglBp,1.0,2,1,GCATTATTCTGCGCGGGCGT,1,2359970
mglBp,1.0,2,1,GCACGCGCGTTGTATCTGCC,1,2328806
mglBp,1.0,2,1,GCAATCGTTAGGTTCTTATT,1,2391224
mglBp,1.0,2,1,GATTTCGGCTTAACCTATGT,1,2365541
mglBp,1.0,2,1,GATAGCCACAAGCACTGGAC,1,2387174
mglBp,1.0,2,1,GAGGTTTCCAGGTTCCAATG,1,2363945
mglBp,1.0,2,1,GAGAGGTAGTCGCGACCCAC,1,2403808
mglBp,1.0,2,1,GACCAAACGTGGCGCTTGCC,1,2335262
mglBp,5.5,11,1,GACATGGGTCCGCAGGATTA,10,2343607
mglBp,2.0,4,1,GACAGTGGCATGACGCACAT,3,2339458
mglBp,1205.0,2410,1,GACACCACGGCCCAGACGAC,2409,2353713
mglBp,3.5,7,1,GAAGGTCATGCGAGTGAGGG,6,2414811
mglBp,1.0,2,1,CTTTTAAGTGCAGCTGTAGG,1,2356254
mglBp,1.0,2,1,CTTTCGTTAAGTCCGCACCA,1,2420872
mglBp,1.0,2,1,CTTCCCAACGCTGTCTCATC,1,2325383
mglBp,2.0,4,1,CTTAGCCCCAACTCTTTGCG,3,2336189
mglBp,5.5,11,1,CTGTCATGTATATGACGGAT,10,2421618
mglBp,3.5,7,1,CTGGTAGCATACCTCTTTCG,6,2354301
mglBp,7.0,14,1,CTCCCCGCGCCCAAGGTTTC,13,2319953
mglBp,1.5,3,1,CTAACTGATTACCGCGGGCT,2,2328164
mglBp,1.0,2,1,CGTCACCGTGGCTTCACCAT,1,2396442
mglBp,1.5,3,1,CGTAAAAATAAAGCGGGCGT,2,2377342
mglBp,1.0,2,1,CGGTTCGCACTACCCATGGT,1,2380613
mglBp,2.0,4,1,CGGGCTTGTTCTCGGCCCCA,3,2365562
mglBp,1.0,2,1,CGGCCCGCGCGGTTTAATTG,1,2325865
mglBp,1.0,2,1,CGCGGGCCGGAAGATGCACA,1,2318420
mglBp,1.0,2,1,CGCATCCATACGCGCGCCTC,1,2346904
mglBp,1.0,2,1,CCGTAACTCCTCGCATCTCT,1,2387876
mglBp,3.0,6,1,CCGGGACCGCGGCGACCTCC,5,2382292
mglBp,1.5,3,1,CCGAGAAATAGTGAAGCCCG,2,2324737
mglBp,1.5,3,1,CCCTGGACGTCACGGGATGA,2,2400519
mglBp,4.0,8,1,CCCCGAGTTCCTAAGGGTGT,7,2400546
mglBp,1.0,2,1,CCCCACACTCCCTCGTCAAG,1,2327072
mglBp,1.5,3,1,CCATGATGGCCTTTCAGCAA,2,2420924
mglBp,1.0,2,1,CCATAATGAGCGCAACAGAG,1,2418417
mglBp,8.5,17,1,CATTCGCCCCACAGGGGATG,16,2411338
mglBp,1.0,2,1,CATCAGTGAACTTTATCATG,1,2398384
mglBp,2.0,4,1,CAGGAATCCCGGGGCTAGTG,3,2345769
mglBp,1.0,2,1,CAGCCCCCCCCCGTGATAGC,1,2349072
mglBp,1.0,2,1,CAGACTCACCGGAGTCTAAG,1,2333263
mglBp,4.5,9,1,CACGCGCCAAGTTAGCAACT,8,2366239
mglBp,1256.5,2513,1,CAAGCGGCGTGTCGCAGACT,2512,2358308
mglBp,1.0,2,1,CAAGCCGCGACACTAAGTAT,1,2366366
mglBp,1101.5,2203,1,CAACACCGTAGGTTGTTGCT,2202,2327480
mglBp,1.0,2,1,ATTGTAAGCGAATTGACATG,1,2379012
mglBp,1.0,2,1,ATTCGGCGTCGACTTACAGT,1,2328268
mglBp,12.0,24,1,ATTCAATCGGTCCTCATGGC,23,2388473
mglBp,4.5,9,1,ATTAGCTCCGGCAACCATTG,8,2401574
mglBp,1.5,3,1,ATGTCTGCGCGTAATAGTAT,2,2376760
mglBp,1.0,2,1,ATGCTACCGTTGATAATGCC,1,2395736
mglBp,1.0,2,1,ATGCCCAGCTCTCTAAACCA,1,2422048
mglBp,7.0,14,1,ATCTTCCGCGATAGGGTTTG,13,2370462
mglBp,1.5,3,1,ATACAACGGATGGTTTAGAG,2,2408256
mglBp,1.0,2,1,ATAAGTAGGATGGAGTAGGG,1,2356718
mglBp,2.0,4,1,AGTTCGAGCGTGATCACAAG,3,2357448
mglBp,1.0,2,1,AGTAAACCCATCGGGAGCCA,1,2350282
mglBp,1.0,2,1,AGGTCTCGGTCCCAGATAGA,1,2408085
mglBp,2.5,5,1,AGGAATGGCTGAAATCAGGT,4,2324990
mglBp,1.0,2,1,AGCGTGGAGCGCGACCCATT,1,2322595
mglBp,1.0,2,1,AGCATGATCCAGCGGGCGTA,1,2391219
mglBp,8.5,17,1,AGATAGATGAGGGATGTCGT,16,2375482
mglBp,1.0,2,1,AGACTGGTAGTAGTGTCGAT,1,2372557
mglBp,2.5,5,1,AGAAGCCTTCGTTTATGTTA,4,2415468
mglBp,2.5,5,1,ACGCTTTAGCCATGGTTCCT,4,2333368
mglBp,1.0,2,1,ACCTTTCTTGCTCCAGTCTC,1,2331166
mglBp,1.5,3,1,ACAGTAGCACGCTTTTCTAA,2,2345788
mglBp,8.5,17,1,ACAGATGTTGGCCTGGCGAA,16,2402841
mglBp,1.5,3,1,ACAAAACCCTTAATCCGATC,2,2420689
mglBp,1.5,3,1,AATTTAGGTTTTTATGTCCC,2,2419498
mglBp,1.0,2,1,AATGCGGCACATGGTTACGA,1,2397638
mglBp,2.0,4,1,AAGGGAACCTAGGATCAATC,3,2396243
mglBp,1.0,2,1,AAGGACCTGAAATTTCGCTA,1,2372428
mglBp,5.0,10,1,AACTTCTTGTGATATCCTTT,9,2348135
mglBp,1.0,2,1,AACGGTTCCTCAGCCTTTGG,1,2347677
mglBp,3.5,7,1,AAAGTTCCTCCTACATCAGC,6,2421497
mglBp,1.0,2,1,AAAGAGGGGCAGATCAAAAG,1,2413986
mglBp,0.005319148936170213,187,187,CGCTATCAAGGCTTCGCCTA,0,2375682
mglBp,0.006134969325153374,162,162,CTCTACGAATTTGCTAGCGA,0,2316973
mglBp,0.00641025641025641,155,155,CGGGGATAAACGTCGACATT,0,2403731
mglBp,0.009708737864077669,102,102,CGTTATCCGTAAGGGGGTTT,0,2336269
mglBp,0.010309278350515464,96,96,TATTGTGGCTCAAGTTCGTA,0,2333701
mglBp,0.010309278350515464,96,96,GTGGTCTAGTAGGACGTCGT,0,2366653
mglBp,0.010309278350515464,96,96,GGGCTTCTTTGTCTATTGGT,0,2320591
mglBp,0.010526315789473684,94,94,GGCCACAACCAGTCAGGGGA,0,2317822
mglBp,0.010526315789473684,94,94,CCGTGAAACTAGGAAAATGT,0,2317361
mglBp,0.010869565217391304,91,91,GGAAACGGGTAGAGATGTCT,0,2400923
mglBp,0.010869565217391304,91,91,ACCCAGACTGCCACATTGAT,0,2320879
mglBp,0.01098901098901099,90,90,AAGGATTCGGACGTGTAGGT,0,2349670
mglBp,0.011111111111111112,89,89,GCGGGGGTCTATGTCCGATT,0,2376490
mglBp,0.011111111111111112,89,89,CACGCCTCTGGAAGCCTCGG,0,2342401
mglBp,0.011111111111111112,89,89,AAGCAATGGGCAATCGGCCA,0,2333311
mglBp,0.011235955056179775,88,88,ACTGCCGGTCAGCAATCTAT,0,2324188
mglBp,0.011494252873563218,86,86,TTTCGGATTACACAGACTGA,0,2317326
mglBp,0.011764705882352941,84,84,GGAGGGGTCTGCGTGACCCG,0,2382561
mglBp,0.011764705882352941,84,84,ACCACCAATGTCTGGCTGCG,0,2379193
mglBp,0.011904761904761904,83,83,CCATTGAAAATGGACTATAA,0,2326255
mglBp,0.012048192771084338,82,82,GTTCACGGGGGCGGCGGATG,0,2318940
mglBp,0.012048192771084338,82,82,ATGACGTTGTCAGGACTGCA,0,2338003
mglBp,0.012345679012345678,80,80,TGTAGATGAACCTTGAACCG,0,2371940
mglBp,0.0125,79,79,TGGACGTCAACTCCGCAAAT,0,2339987
mglBp,0.0125,79,79,CTCCGGAGGCTCCACTACTT,0,2414591
mglBp,0.012658227848101266,78,78,TTATCGCACCCGTTGTGGGT,0,2321083
mglBp,0.012658227848101266,78,78,TCGACACTGCGCTCATCTTA,0,2325065
mglBp,0.012658227848101266,78,78,AGGCGACTTGCCTCGGGAGC,0,2339065
mglBp,0.01282051282051282,77,77,TTCTCTGTTACTCGGGAGCA,0,2348831
mglBp,0.01282051282051282,77,77,CTTAGATGGGATCAATTACT,0,2354591
mglBp,0.01282051282051282,77,77,AGCCTCCAACAAAGCCGCAA,0,2318328
mglBp,0.012987012987012988,76,76,TGTAGTTAGATCAGTGGGTT,0,2343163
mglBp,0.012987012987012988,76,76,GGGACCGGAGAATATAATCA,0,2334636
mglBp,0.012987012987012988,76,76,ATTATAGGCGGAACGAATAA,0,2399707
mglBp,0.012987012987012988,76,76,AGAACGGCATGTCTCAATGA,0,2348321
mglBp,0.013333333333333334,74,74,TTGTATGAGTTCTGAGGAGT,0,2321347
mglBp,0.013333333333333334,74,74,TGTGTTGGTCCCGCGTATCA,0,2369985
mglBp,0.013333333333333334,74,74,TGCCGACACGGCGATTAGTA,0,2321437
mglBp,0.013333333333333334,74,74,GAGTCGGACTACTGCGTAAA,0,2322959
mglBp,0.013513513513513514,73,73,CAATACAAAAGAGCAAGAGA,0,2357805
mglBp,0.013513513513513514,73,73,ACATCGCTCCCATTACCGAC,0,2349782
mglBp,0.013888888888888888,71,71,GCACCTTCATGAATTAAGAA,0,2326797
mglBp,0.013888888888888888,71,71,CTCGTGCGCTTTCGAGGTTA,0,2321534
mglBp,0.014084507042253521,70,70,CTGATGATGTGGCCTCTCAA,0,2351127
mglBp,0.014084507042253521,70,70,CCGCCTACCCTGGTTAAATT,0,2334787
mglBp,0.014084507042253521,70,70,AGGCGAATTCTATAGACTCC,0,2361088
mglBp,0.014285714285714285,69,69,GTGCCCTGTCCAAAAGCGCT,0,2370437
mglBp,0.014285714285714285,69,69,GGTCAAATAATTAGCATGAA,0,2341812
mglBp,0.014285714285714285,69,69,ATGCGACCTACAGTCGCGAA,0,2360684
mglBp,0.014285714285714285,69,69,AACTCTGACGGCAATTACAA,0,2348347
mglBp,0.014492753623188406,68,68,AAAAAGTACGGGGAAGTGCA,0,2367450
mglBp,0.014705882352941176,67,67,GAAAGTCGGCCCGTAGTACT,0,2329778
mglBp,0.014925373134328358,66,66,TAGGCGTCTGAAGTGGTGGG,0,2363292
mglBp,0.014925373134328358,66,66,GCCGAGTCACACTCGGACAC,0,2353781
mglBp,0.014925373134328358,66,66,CTCCGTCGATCTTCTGAGTG,0,2336301
mglBp,0.014925373134328358,66,66,CAGTCCGGGAAGCAACTCAA,0,2316554
mglBp,0.015151515151515152,65,65,TTTTCCACCATGCGGCACCT,0,2326375
mglBp,0.015151515151515152,65,65,TGGAGTTTGGAGGGGCCGTG,0,2322565
mglBp,0.015151515151515152,65,65,GGAAAGACAATCGCCGGCGT,0,2321583
mglBp,0.015151515151515152,65,65,CACGAAGAGCGAAGCCGTCC,0,2318192
mglBp,0.015151515151515152,65,65,AATGGATGGCGGCGTAAGGA,0,2343148
mglBp,0.015384615384615385,64,64,TTGAGATCTATGGATGGATA,0,2385961
mglBp,0.015384615384615385,64,64,TGTCTGGTTTATGAATTCTC,0,2334423
mglBp,0.015384615384615385,64,64,TACTGGCTATTGCGGACATT,0,2386014
mglBp,0.015384615384615385,64,64,GCACAGCGGCTGCCTGTGGA,0,2319503
mglBp,0.015384615384615385,64,64,GAAGAGTGGCCCTAAGTGAG,0,2322880
mglBp,0.015384615384615385,64,64,CTAGCAGGCGGGTTCCGCTT,0,2346508
mglBp,0.015384615384615385,64,64,AGGCGCCACTGAACCTGTGT,0,2348511
mglBp,0.015625,63,63,TTCCGTGGGGATCTATGGTC,0,2375824
mglBp,0.015625,63,63,TGTAAAGATTAAACGGAGAG,0,2353128
mglBp,0.015625,63,63,TGACGTTACTCATCATCCAT,0,2400903
mglBp,0.015625,63,63,TCAGTAGAGGTAAGTAGTAT,0,2383155
mglBp,0.015625,63,63,CGGAGAGGCGAAGAACACAA,0,2326180
mglBp,0.015873015873015872,62,62,CGTCTCTCTGTAATCGATTT,0,2337335
mglBp,0.015873015873015872,62,62,CAGGTGGTTGTTGTTTATAC,0,2340927
mglBp,0.015873015873015872,62,62,AAGATCCCATTAAGCGATGC,0,2328204
mglBp,0.016129032258064516,61,61,TGAGGCGTGCGTTAGTAGTG,0,2421207
mglBp,0.016129032258064516,61,61,TAACAGGGCGTGGGTGCGTT,0,2360320
mglBp,0.016129032258064516,61,61,GGTTGACCTGCGTGTGCTAA,0,2317753
mglBp,0.01639344262295082,60,60,TTGGGACCCGGCGTGTTATG,0,2372716
mglBp,0.01639344262295082,60,60,GTTTGATCAGGGGCTGGCTT,0,2327635
mglBp,0.01639344262295082,60,60,GTTAATATGTGTCGTGACAT,0,2320560
mglBp,0.01639344262295082,60,60,GGGTAACTCTCATATCAGTA,0,2376159
mglBp,0.01639344262295082,60,60,GGGCAGTTCCATGACCGGAT,0,2346129
mglBp,0.01639344262295082,60,60,GATCCGGGATATATGTACAT,0,2358951
mglBp,0.01639344262295082,60,60,GATAACTTTAATCAGCTGCT,0,2384268
mglBp,0.01639344262295082,60,60,CATTCGGCTTGGGAAAACTA,0,2332416
mglBp,0.01639344262295082,60,60,ATGATTAAAGCAAAGCTGAT,0,2337954
mglBp,0.01639344262295082,60,60,AGCGCGACAGAATTATAGGC,0,2343925
mglBp,0.016666666666666666,59,59,TGCTGTACCGCGATTAGCCA,0,2414480
mglBp,0.016666666666666666,59,59,TCTGTTCTAAAAATTTGTCA,0,2387592
mglBp,0.016666666666666666,59,59,GGTTATGACTAAGGTGCGTC,0,2364738
mglBp,0.016666666666666666,59,59,CTGTCATCTCCCTCTCCCGC,0,2317035
mglBp,0.016666666666666666,59,59,CTCTTCCCTCGAAAGACATA,0,2408034
mglBp,0.016666666666666666,59,59,CTATGACGTTATCCACAGTA,0,2398008
mglBp,0.016666666666666666,59,59,AGAAAATAGCAACACGGACA,0,2398168
mglBp,0.016666666666666666,59,59,AAGTGCTTGGATCATGATAC,0,2348823
mglBp,0.01694915254237288,58,58,TCCAGAGGTGTCGGCGCCTT,0,2329688
mglBp,0.01694915254237288,58,58,TACCAGATTGGTAGCCGTGT,0,2374698
mglBp,0.01694915254237288,58,58,GTCAGTAATACCGTAATCGC,0,2400508
mglBp,0.01694915254237288,58,58,GACGGGGACGGAGATGTCAA,0,2323536
mglBp,0.01694915254237288,58,58,GACGGATTTAATCGCTATGT,0,2403560
mglBp,0.01694915254237288,58,58,CGCACAAAATTCACATTCGT,0,2324278
mglBp,0.01694915254237288,58,58,CGACATCCGTTTGTTGCTAA,0,2385609
mglBp,0.01694915254237288,58,58,AGTCTCCAGTGGATTTAGGA,0,2326913
mglBp,0.017241379310344827,57,57,TTAAGCTCTCCGATAACGTG,0,2320691
mglBp,0.017241379310344827,57,57,TAACCATGATGCATCAGCAG,0,2355938
mglBp,0.017241379310344827,57,57,GTGTATCGAGTCGTCCGTCT,0,2388826
mglBp,0.017241379310344827,57,57,GTAGGACGGAGACAAGAGCA,0,2338103
mglBp,0.017241379310344827,57,57,GTACGATCGGCTAGCCTGAG,0,2359626
mglBp,0.017241379310344827,57,57,GGCCTATCTTGGTAATTGAA,0,2382563
mglBp,0.017241379310344827,57,57,CCCTGGTCTCAACGTTTCAA,0,2348252
mglBp,0.017241379310344827,57,57,CATCCAGTAGATACTAAAAG,0,2339110
mglBp,0.017543859649122806,56,56,TCGGAAATGGGAATACGTTA,0,2388317
mglBp,0.017543859649122806,56,56,TATTGATACGGAGGTCGGTG,0,2319450
mglBp,0.017543859649122806,56,56,GACGGCAGGGGGAGCAGTAA,0,2320553
mglBp,0.017543859649122806,56,56,CCTTACTCTATATAGCCTTT,0,2342138
mglBp,0.017543859649122806,56,56,ACCATATACGGAACAAACAA,0,2317974
mglBp,0.017857142857142856,55,55,TTGACGTTCTGCCTGAGAGC,0,2388894
mglBp,0.017857142857142856,55,55,TTAAACGGTATTGTTTCTAT,0,2339988
mglBp,0.017857142857142856,55,55,TGTTTCGTACGCCAACGTAC,0,2370198
mglBp,0.017857142857142856,55,55,TGTAAGTGCCGCTTTACATT,0,2350685
mglBp,0.017857142857142856,55,55,GGGACAGTACCTATATTCAT,0,2321201
mglBp,0.017857142857142856,55,55,CTACATTCTTGGAGTGGGAG,0,2336593
mglBp,0.017857142857142856,55,55,CAATGTAACTATGGGATTGT,0,2416295
mglBp,0.017857142857142856,55,55,CAAATGCGTGCAGTAGCCAG,0,2339575
mglBp,0.017857142857142856,55,55,AGGTTTACGTCTAACGATAC,0,2378118
mglBp,0.017857142857142856,55,55,ACATTATGGCCTTAGAGATC,0,2348447
mglBp,0.01818181818181818,54,54,TATGTCGCTCTCAGTTAAAG,0,2319030
mglBp,0.01818181818181818,54,54,TAGGGCAAGTACCTCGGGTC,0,2408681
mglBp,0.01818181818181818,54,54,TAATACCTTAAGGCGCAGTT,0,2324898
mglBp,0.01818181818181818,54,54,GGGTGTGTTCTTTTCGAATG,0,2369246
mglBp,0.01818181818181818,54,54,GGGCGGCGCATAATCCAATA,0,2401185
mglBp,0.01818181818181818,54,54,GGAAAGCTTCAGGCTAGTAT,0,2362079
mglBp,0.01818181818181818,54,54,GCTCTCTCGTGAACCGGCGG,0,2375269
mglBp,0.01818181818181818,54,54,CTCATAACCGGTCGGCTTCA,0,2357245
mglBp,0.01818181818181818,54,54,CGTGTTATCATTTTCACTCG,0,2352991
mglBp,0.01818181818181818,54,54,CCCTCACAAGAGTGCTTCAC,0,2404092
mglBp,0.01818181818181818,54,54,ATGATCCACTCAGCGACACG,0,2386529
mglBp,0.01818181818181818,54,54,AAGTTGCGGTTGTTGGACAG,0,2407365
mglBp,0.018518518518518517,53,53,TGCCGTACCTGTCCGGCGGA,0,2386616
mglBp,0.018518518518518517,53,53,TGACAGTGAACACATGCGCC,0,2348670
mglBp,0.018518518518518517,53,53,TCCCTCCAACACCCGAGGTC,0,2382913
mglBp,0.018518518518518517,53,53,TACCGCCAGCCAGGGCACTA,0,2324623
mglBp,0.018518518518518517,53,53,GTAGGGTGGTGAACTCATTT,0,2333883
mglBp,0.018518518518518517,53,53,GGTGTCTGTACGTTTGGACA,0,2374850
mglBp,0.018518518518518517,53,53,GGTGCGGTAGACGATGCGCT,0,2353238
mglBp,0.018518518518518517,53,53,GCGCCTTTATAAACGACGCG,0,2402131
mglBp,0.018518518518518517,53,53,GCCCAGTTCTCAGGTAGGGA,0,2369115
mglBp,0.018518518518518517,53,53,GACGCGTCGGACGAGACTGG,0,2333873
mglBp,0.018518518518518517,53,53,CTCAGGCGGATGCAGACCCT,0,2348513
mglBp,0.018518518518518517,53,53,CGTTCTCTAGCTGTGTGTTA,0,2403998
mglBp,0.018518518518518517,53,53,CCCAGGCGTTCCTTATCTAC,0,2330088
mglBp,0.018518518518518517,53,53,AATGTATGACCCTTTGTAGT,0,2408828
mglBp,0.018867924528301886,52,52,TGGCCACACCTGCACTTGTT,0,2338056
mglBp,0.018867924528301886,52,52,TAGGGATCGTTCTCCGATAG,0,2321681
mglBp,0.018867924528301886,52,52,TACTGTTTGCGCCCTATCAT,0,2370380
mglBp,0.018867924528301886,52,52,GTCTGGTCTGGCTCTATCTT,0,2379959
mglBp,0.018867924528301886,52,52,GTCGGTACTCAACATGCTCC,0,2366821
mglBp,0.018867924528301886,52,52,GAATAGGGTTGCCACATGAA,0,2364259
mglBp,0.018867924528301886,52,52,CTTAAGTGGGGGCGAGCGGT,0,2323723
mglBp,0.018867924528301886,52,52,CTACTGGTCGTACTCAGGTC,0,2362304
mglBp,0.018867924528301886,52,52,AGCGTGGTCTGGAATCCTAT,0,2423750
mglBp,0.018867924528301886,52,52,AGCGTCCACTCAAATGTGTT,0,2399166
mglBp,0.018867924528301886,52,52,ACGATAGACTTCAATAGCAG,0,2316638
mglBp,0.019230769230769232,51,51,TCAGAAATTTGTCGGACAAA,0,2344341
mglBp,0.019230769230769232,51,51,TAGGCAAACGGCTGGGTTTT,0,2316682
mglBp,0.019230769230769232,51,51,TAGCTAGTATACAATCGGGT,0,2350599
mglBp,0.019230769230769232,51,51,GGCAAGCGAGGTACAGCTGC,0,2346666
mglBp,0.019230769230769232,51,51,GGATTCATAACGCCGTCCAA,0,2336475
mglBp,0.019230769230769232,51,51,GCGCTCTGTGAGGGACTCAG,0,2356625
mglBp,0.019230769230769232,51,51,GCATGGGGGGACTAAGATTC,0,2323393
mglBp,0.019230769230769232,51,51,GATGGTAACTATCGTGCGCC,0,2341073
mglBp,0.019230769230769232,51,51,CGAGGGAACTAAAGCAGGTG,0,2422515
mglBp,0.019230769230769232,51,51,CCTCCGGGCTGGTTTAATAA,0,2328013
mglBp,0.019230769230769232,51,51,CCTAGGCTCATACGCCTGAT,0,2377343
mglBp,0.019230769230769232,51,51,CCATAGGGCAGCATTCGTTG,0,2334164
mglBp,0.019230769230769232,51,51,CACAGCGACTGCCCCGATAA,0,2340261
mglBp,0.019230769230769232,51,51,AGTTTAGGTTTGAGCTTATT,0,2327296
mglBp,0.019230769230769232,51,51,AGTCGCATAGTAAGACCCGA,0,2379644
mglBp,0.019230769230769232,51,51,AACTTCTGCAAGCAACGTTA,0,2357894
mglBp,0.0196078431372549,50,50,TTCCCCCGAGGTTCCCCGAC,0,2358035
mglBp,0.0196078431372549,50,50,TCCCTCATGCACCGCGAATG,0,2367466
mglBp,0.0196078431372549,50,50,TCAAGTTCAGGTGGCTGAGG,0,2326110
mglBp,0.0196078431372549,50,50,TATTGGAGGGGATTAGCGTA,0,2384527
mglBp,0.0196078431372549,50,50,TATTATGGAGGTAACCTTTT,0,2316887
mglBp,0.0196078431372549,50,50,TATCGTCAAGGACTGGGGAA,0,2379007
mglBp,0.0196078431372549,50,50,TAATATCACGAGCACACCAA,0,2342106
mglBp,0.0196078431372549,50,50,GTCAGGTATAACCCGAGGCA,0,2346552
mglBp,0.0196078431372549,50,50,GGGACCGGTCGTGGTCTGAG,0,2400876
mglBp,0.0196078431372549,50,50,GAAGCCCGTGTGGAGTCCAA,0,2349543
mglBp,0.0196078431372549,50,50,CTCGCGTGGTGGCGACACCA,0,2388820
mglBp,0.0196078431372549,50,50,CCTCAGTGCCTAAGAGTCGT,0,2380327
mglBp,0.0196078431372549,50,50,CCCTGAGATTATGGAGATTA,0,2382186
mglBp,0.0196078431372549,50,50,CAAAGCGGTGTGATCCAGGC,0,2386518
mglBp,0.0196078431372549,50,50,ATTATATCTCGTTGGCAGGT,0,2319080
mglBp,0.0196078431372549,50,50,ACTGTACTGGCTTCACTCGC,0,2325021
mglBp,0.0196078431372549,50,50,ACCGAGGGTTTTTAGTATTG,0,2380921
mglBp,0.0196078431372549,50,50,AACCGAATTGTACGCCAGTT,0,2335171
mglBp,0.0196078431372549,50,50,AAAGGGGTACAATGTAAGCA,0,2346308
mglBp,0.0196078431372549,50,50,AAACCTCGTGGCCTGGCCGT,0,2324630
mglBp,0.02,49,49,TTTCTAATCGCCATAAACCC,0,2341588
mglBp,0.02,49,49,TGGGGGATTTGGGCGTACCT,0,2389500
mglBp,0.02,49,49,TGAAGCATGGAAGTGTGAAT,0,2399999
mglBp,0.02,49,49,TCTGGTGGAAGGATCCCGAA,0,2409346
mglBp,0.02,49,49,TCTGAGACTGATGGTTACTA,0,2317931
mglBp,0.02,49,49,TAACCGTGGATTTATGGATC,0,2360609
mglBp,0.02,49,49,GGGATAGGTTACTAAAGTGT,0,2391925
mglBp,0.02,49,49,GGACATGATCGACTATTATG,0,2376757
mglBp,0.02,49,49,GCTGACGCCTTTTTACGCCT,0,2351128
mglBp,0.02,49,49,GCGATCCTTCATCTACCAAG,0,2351602
mglBp,0.02,49,49,GCACGTCATATGGCCCAGAT,0,2365387
mglBp,0.02,49,49,CTCCATAGGATGTTGGGGGT,0,2417969
mglBp,0.02,49,49,ATTCCAGACCCCGTTTAAGT,0,2362729
mglBp,0.02,49,49,ATACGTATGAAGAGCTAGTA,0,2385503
mglBp,0.02,49,49,AGGGAATGCTAACGTGGGGT,0,2370901
mglBp,0.02,49,49,AACTGCGCGCAGTCGGTCAT,0,2349269
mglBp,0.02040816326530612,48,48,TCCTCTGTGGTCTTGGCTTC,0,2351789
mglBp,0.02040816326530612,48,48,GTGGCATACTGGCCACCGGA,0,2421440
mglBp,0.02040816326530612,48,48,GTCTGCGCGGAGCGCACAGA,0,2359843
mglBp,0.02040816326530612,48,48,GGTTGCCTAATAGAGGGGTC,0,2360553
mglBp,0.02040816326530612,48,48,GGCGCCTGGGGTGCACGCCT,0,2358082
mglBp,0.02040816326530612,48,48,GGACATCAGAAAACCAGTGT,0,2321137
mglBp,0.02040816326530612,48,48,GATGTACTTTTATGGACGGT,0,2368912
mglBp,0.02040816326530612,48,48,CGTGATCAGCGGGAATTGTA,0,2332839
mglBp,0.02040816326530612,48,48,CGGCAACTAGGTGTTCGGCG,0,2417543
mglBp,0.02040816326530612,48,48,CGACCCAGTTAATCCATTAT,0,2343139
mglBp,0.02040816326530612,48,48,ATTGTGCTGAGATAGCGGAC,0,2342438
mglBp,0.02040816326530612,48,48,ATGTGTATCGGGAAACTGAA,0,2337419
mglBp,0.02040816326530612,48,48,ACTGCTCGTATGTTGAACGC,0,2412378
mglBp,0.02040816326530612,48,48,AAGCGCCCGGGGCGGCCCGG,0,2381700
mglBp,0.020833333333333332,47,47,TTGAGAGCTTCCCGGTTAGC,0,2358578
mglBp,0.020833333333333332,47,47,TTCATGGGCTCGATCAGGGT,0,2357300
mglBp,0.020833333333333332,47,47,TGTACGACCTAGCTATTCGT,0,2370031
mglBp,0.020833333333333332,47,47,TGACAGCCGGATGATTATTT,0,2318444
mglBp,0.020833333333333332,47,47,TCTGGTTCGAGTATGGCGTG,0,2316787
mglBp,0.020833333333333332,47,47,TCGTCCACGTGTAAACGCCT,0,2400182
mglBp,0.020833333333333332,47,47,TCGGGCGGACACATCAGTGA,0,2325197
mglBp,0.020833333333333332,47,47,TCAGATGCGGGGGGAATCGA,0,2374413
mglBp,0.020833333333333332,47,47,TACCTCTTGCGGCGCGCTCT,0,2369693
mglBp,0.020833333333333332,47,47,GCTGGACGGGCACTAAACAG,0,2393030
mglBp,0.020833333333333332,47,47,GCTCAGATAGTTCAGAAACA,0,2381673
mglBp,0.020833333333333332,47,47,GCTAATGTCTTACGCGCGCA,0,2336399
mglBp,0.020833333333333332,47,47,GCCCAGGGATATCCATCACG,0,2364809
mglBp,0.020833333333333332,47,47,CTCTCCATTCAGACCGGTCT,0,2353599
mglBp,0.020833333333333332,47,47,CGTTAACGTTGTCTATGTCA,0,2379890
mglBp,0.020833333333333332,47,47,CGGTATGTTAGATAGCATGT,0,2317288
mglBp,0.020833333333333332,47,47,CCTCGCCTCCCACCTTGGAA,0,2348175
mglBp,0.020833333333333332,47,47,CAACAGAGGTTCTGCAAATG,0,2338465
mglBp,0.020833333333333332,47,47,ATTTGAGGGCATAATGGAAG,0,2397827
mglBp,0.020833333333333332,47,47,AGCGACCCTTACCACGGTGA,0,2413255
mglBp,0.020833333333333332,47,47,ACCCTTGATGAGCAAAGTCT,0,2341683
mglBp,0.020833333333333332,47,47,AAGTCAGTTGGGACCAGGGG,0,2335657
mglBp,0.02127659574468085,46,46,TTCACGTATTTCCGTGTTTC,0,2411620
mglBp,0.02127659574468085,46,46,TTAGCATTCCGGCTAGGATA,0,2344570
mglBp,0.02127659574468085,46,46,TGTAGTACTCATCCCGGATA,0,2402743
mglBp,0.02127659574468085,46,46,TGGTCTTTTGTTGTGCTGGG,0,2317249
mglBp,0.02127659574468085,46,46,TGAGTGATTCGCCAATAGCA,0,2407845
mglBp,0.02127659574468085,46,46,TCCCAGGCCGTGTTTGGCTT,0,2415436
mglBp,0.02127659574468085,46,46,TCCCAATGAATGCTGTCTAT,0,2343461
mglBp,0.02127659574468085,46,46,TACAGGGACGAAAGGCTCAA,0,2319679
mglBp,0.02127659574468085,46,46,GTTGAAAATTCAGATCTACT,0,2319573
mglBp,0.02127659574468085,46,46,GTGGGTCTCTTGTTCCTCTT,0,2338309
mglBp,0.02127659574468085,46,46,GCAGTTCCACCACACCAGGT,0,2365125
mglBp,0.02127659574468085,46,46,GCACTTCCGACCCACCAAGC,0,2370233
mglBp,0.02127659574468085,46,46,GATTTCCCTGTTGTGGGCTG,0,2345882
mglBp,0.02127659574468085,46,46,CTGTCCGTAGAATCTTCTAA,0,2319081
mglBp,0.02127659574468085,46,46,CTAGAGTCGCGATAGGCCAG,0,2349723
mglBp,0.02127659574468085,46,46,CGTGTGAGTTTGGAATCCGT,0,2385148
mglBp,0.02127659574468085,46,46,CCAGCATAGGCCGTGACGCA,0,2344901
mglBp,0.02127659574468085,46,46,CAGAAGCTTGCTTAGGCTAA,0,2362516
mglBp,0.02127659574468085,46,46,CAATGGCTTGGGTTCGCCGA,0,2373409
mglBp,0.02127659574468085,46,46,ATGGAATGTGTATGCTATGA,0,2415587
mglBp,0.02127659574468085,46,46,ATAGGGTGTTAGCGGACTTA,0,2401589
mglBp,0.02127659574468085,46,46,ATAGGCCCTTAGAGCTCCCT,0,2418952
mglBp,0.02127659574468085,46,46,AGTGGGTTCGAAGTTTTTAT,0,2367039
mglBp,0.02127659574468085,46,46,ACTCCCGGTGGCCAGGTACA,0,2363649
mglBp,0.02127659574468085,46,46,ACCGATTCTGTCGTAGCTCC,0,2388355
mglBp,0.02127659574468085,46,46,AACCTTTAAGTTGGAATCAC,0,2418288
mglBp,0.02127659574468085,46,46,AAACGGAAACACTATATGAG,0,2388707
mglBp,0.021739130434782608,45,45,TTGTTCGTCAGATGTACTCA,0,2361251
mglBp,0.021739130434782608,45,45,TTCGACCCGAGCCTACGGCA,0,2333122
mglBp,0.021739130434782608,45,45,TGTTCGGTACGCTTCCCCGA,0,2317935
mglBp,0.021739130434782608,45,45,TCTAATTGAGAGTGAAGGTG,0,2333314
mglBp,0.021739130434782608,45,45,TCGTGCATGACAGAATTAAG,0,2341685
mglBp,0.021739130434782608,45,45,TATTTGACCGCGGGATCCAC,0,2332557
mglBp,0.021739130434782608,45,45,TACAAAACTATCAGCATCGT,0,2332348
mglBp,0.021739130434782608,45,45,GGTACCATGCAAGGACCGAG,0,2345690
mglBp,0.021739130434782608,45,45,GGGTGCGAAACTAATTTCTG,0,2358900
mglBp,0.021739130434782608,45,45,GGCTTCCCGATAGCTATAAT,0,2333082
mglBp,0.021739130434782608,45,45,GGAGGTTTACCTCCAGTCAT,0,2379802
mglBp,0.021739130434782608,45,45,GCCCTTTCCGCGTCTTCCTA,0,2319842
mglBp,0.021739130434782608,45,45,GACCACGAATTTGTTGAAAA,0,2362170
mglBp,0.021739130434782608,45,45,CTCCCGCGCGCGCTGCATAA,0,2344787
mglBp,0.021739130434782608,45,45,CCTTATCAGACCGAACTGCT,0,2367812
mglBp,0.021739130434782608,45,45,CCGAGATACGCCATTGGCCT,0,2324539
mglBp,0.021739130434782608,45,45,CCATAACATAATCGTCCCGT,0,2361762
mglBp,0.021739130434782608,45,45,CATGGTCTCGAAACACGGCT,0,2362137
mglBp,0.021739130434782608,45,45,CAATGTCAGTATAGTACGTT,0,2406806
mglBp,0.021739130434782608,45,45,ACGGGTGGATAAATTCTAAA,0,2381430
mglBp,0.021739130434782608,45,45,ACATGGTAGAGCCAGACAAG,0,2400770
mglBp,0.021739130434782608,45,45,AACGATGTGTTGCCAAGAGG,0,2360965
mglBp,0.022222222222222223,44,44,TTCAGGGATTGCAAAGGGGT,0,2356712
mglBp,0.022222222222222223,44,44,TGTGGGGCGTGCCAACCTTA,0,2353892
mglBp,0.022222222222222223,44,44,GTTTTCGCTGGTGGCGGTGT,0,2404537
mglBp,0.022222222222222223,44,44,GTTACCTTAGCCATGAATTT,0,2370975
mglBp,0.022222222222222223,44,44,GTATTCTAGCATTTCTCGAG,0,2366563
mglBp,0.022222222222222223,44,44,GTAACGTGAAGACGCGAGAC,0,2355923
mglBp,0.022222222222222223,44,44,GTAACCATGCTTGCGTAATG,0,2345809
mglBp,0.022222222222222223,44,44,GCGACAAAATCCAGGGCTCA,0,2325450
mglBp,0.022222222222222223,44,44,GAGTTTACTACGGCGGAAGT,0,2377729
mglBp,0.022222222222222223,44,44,GAATTAAACGTGCAAATGTT,0,2332685
mglBp,0.022222222222222223,44,44,CTGTACGTGCGTGTCCCTTA,0,2341354
mglBp,0.022222222222222223,44,44,CGTTGTAGATCGAAGTTCGT,0,2396077
mglBp,0.022222222222222223,44,44,CGGATCAGTTGTATGCGGAC,0,2339666
mglBp,0.022222222222222223,44,44,CGGAGAACGGTTGTTGCCGT,0,2328747
mglBp,0.022222222222222223,44,44,CGACGCACTAGCACGTCTGG,0,2343874
mglBp,0.022222222222222223,44,44,CCTCCGCACTCAGGCGCGTC,0,2345641
mglBp,0.022222222222222223,44,44,ATTGGGCTACGGTCGCAGGG,0,2387405
mglBp,0.022222222222222223,44,44,ATCGACTGTTCTTTTAACGC,0,2337110
mglBp,0.022222222222222223,44,44,ATCACCCATGCGTGGAATCT,0,2327116
mglBp,0.022222222222222223,44,44,ATATATGAAGGCTACCCTGA,0,2404168
mglBp,0.022222222222222223,44,44,AGTTGTAGCACTATGGTTTA,0,2336963
mglBp,0.022727272727272728,43,43,TTGGCCGTTGGACTTGAGAA,0,2387938
mglBp,0.022727272727272728,43,43,TTCGGTGTCATCCATCAAGA,0,2375149
mglBp,0.022727272727272728,43,43,TTACAAATCAATGATTAAGT,0,2356324
mglBp,0.022727272727272728,43,43,TGTCCGCCAGCCGATCAGGG,0,2408243
mglBp,0.022727272727272728,43,43,TGATACCCCCGGGAATCACA,0,2330587
mglBp,0.022727272727272728,43,43,TCATAGTCCTAATGTTTGCT,0,2336446
mglBp,0.022727272727272728,43,43,TAAGGCGGGTGATCTTTGTA,0,2410563
mglBp,0.022727272727272728,43,43,GTGTAACGTGAGGTCCCAGA,0,2423274
mglBp,0.022727272727272728,43,43,GTGATATTCAATTGAGGGGA,0,2399676
mglBp,0.022727272727272728,43,43,GGGTGCTTAACCGGTGTCAT,0,2387311
mglBp,0.022727272727272728,43,43,GGCTTGGAGCACTTCGTAGC,0,2325408
mglBp,0.022727272727272728,43,43,GGCCTCCGCAAATAATTGTT,0,2318692
mglBp,0.022727272727272728,43,43,GCGTCTATAAGTTAGGGGTT,0,2399017
mglBp,0.022727272727272728,43,43,GCGATACGGCGGAGCCTAAG,0,2367814
mglBp,0.022727272727272728,43,43,GCACTCGGTCACCTACACTG,0,2321922
mglBp,0.022727272727272728,43,43,GAGCGTGCCAGTGCCGTCAG,0,2323446
mglBp,0.022727272727272728,43,43,CTTGCGCGGAAAGAACGGGA,0,2349275
mglBp,0.022727272727272728,43,43,CTTAGCGGGTAGCTATCGTT,0,2317772
mglBp,0.022727272727272728,43,43,CTCCAAGGCTCCAAAGAGAC,0,2340969
mglBp,0.022727272727272728,43,43,CTAGGGCTGCTGAGGGTTTG,0,2349614
mglBp,0.022727272727272728,43,43,CCCGCGGATCCTATGTGGCC,0,2369647
mglBp,0.022727272727272728,43,43,CCAGGACTTGTTCGAGCTCG,0,2347739
mglBp,0.022727272727272728,43,43,CATACAGATAGCGGAAGGAT,0,2392504
mglBp,0.022727272727272728,43,43,ATCGGTAAGCTAGAACCTTG,0,2362422
mglBp,0.022727272727272728,43,43,AGCCAACGTTACGACGAGGT,0,2381856
mglBp,0.022727272727272728,43,43,ACTCTACAGGCAGGCTAAGA,0,2356690
mglBp,0.022727272727272728,43,43,AATTAACGTTCAAGGCGGCA,0,2348554
mglBp,0.023255813953488372,42,42,TTTATAGGGGTTACACTATT,0,2364813
mglBp,0.023255813953488372,42,42,TTATACGCCGCAAAAACGTC,0,2360610
mglBp,0.023255813953488372,42,42,TTATAATTGGCGCTAACTCA,0,2385007
mglBp,0.023255813953488372,42,42,TGGATTCGCCTGCTTGCAAT,0,2380233
mglBp,0.023255813953488372,42,42,TGGAAACCAGCTTGTGTCAT,0,2341141
mglBp,0.023255813953488372,42,42,TCGAAGAATTTTCAGGATAA,0,2374133
mglBp,0.023255813953488372,42,42,TCAATCTACCGAAGGAGCGC,0,2389085
mglBp,0.023255813953488372,42,42,GTTCGACTCTTAAGCGATCA,0,2328648
mglBp,0.023255813953488372,42,42,GTCGATAAGCTAACCTGGCA,0,2344735
mglBp,0.023255813953488372,42,42,GTAGTTAGGCAATGGCCTAG,0,2359951
mglBp,0.023255813953488372,42,42,GGGAATTTAGTCTGGTCTCT,0,2333133
mglBp,0.023255813953488372,42,42,GGCGTCCATAGAGGATTTAA,0,2332798
mglBp,0.023255813953488372,42,42,GGCATGCAACCAGCGTCTAT,0,2336781
mglBp,0.023255813953488372,42,42,GGAGATGTGTATTAAAAGGA,0,2343270
mglBp,0.023255813953488372,42,42,GCTCAGGTGAATCCTTTCCT,0,2336701
mglBp,0.023255813953488372,42,42,GAGCTTGCTATAAGTCGGAT,0,2319054
mglBp,0.023255813953488372,42,42,GAGATAGCCTAGACGACAAT,0,2366980
mglBp,0.023255813953488372,42,42,GAGACAGCGTTAAATCTCCA,0,2372611
mglBp,0.023255813953488372,42,42,GAAGGGGGTTATTTCGCTTT,0,2361883
mglBp,0.023255813953488372,42,42,CTAATAGACGGGGAGTCGTA,0,2327602
mglBp,0.023255813953488372,42,42,CGCTTTGGTACATTCATCTG,0,2338759
mglBp,0.023255813953488372,42,42,CGATGTCCCCATTGACCGGA,0,2353880
mglBp,0.023255813953488372,42,42,CCTTGCGCCCGCTAAAAAAA,0,2393836
mglBp,0.023255813953488372,42,42,CCTCGACATAGGGATATACA,0,2331006
mglBp,0.023255813953488372,42,42,CATTATAGTTTTAGGCCCCT,0,2411000
mglBp,0.023255813953488372,42,42,CAGTGCGTCAGAATGTTCTC,0,2324151
mglBp,0.023255813953488372,42,42,ATGAACGAGGCTTTCGCATG,0,2382305
mglBp,0.023255813953488372,42,42,AGCGGTGTTGAAGGCTACTA,0,2343457
mglBp,0.023255813953488372,42,42,ACCATTCGCCCACGACTGGT,0,2346630
mglBp,0.023255813953488372,42,42,ACAGGTGTCCTCTTCTCGAT,0,2331208
mglBp,0.023255813953488372,42,42,ACAGGGGGACCTCCAGTGAT,0,2375174
mglBp,0.023255813953488372,42,42,AAGTTTAACTTTGCCTTGAT,0,2340666
mglBp,0.023255813953488372,42,42,AAAAGATTATCACGTACGCT,0,2389497
mglBp,0.023255813953488372,42,42,AAAAACAATAAGAAGGAAAG,0,2321951
mglBp,0.023809523809523808,41,41,TTCCCGTTCGAAAATGTTAT,0,2350322
mglBp,0.023809523809523808,41,41,TGGTAACGTGCATTGGGAAA,0,2332068
mglBp,0.023809523809523808,41,41,TGCTTGAACCTTAACCTGAT,0,2377531
mglBp,0.023809523809523808,41,41,TCCTGGTAGCTCTCGAGGTA,0,2318902
mglBp,0.023809523809523808,41,41,TATTGCGTTTGGCCGGGTGT,0,2403484
mglBp,0.023809523809523808,41,41,TAATAAGACTAAGCCTATTT,0,2380393
mglBp,0.023809523809523808,41,41,TAACTGCACACCGCATACGA,0,2348950
mglBp,0.023809523809523808,41,41,GTCCATTGCCATGCGCGCGG,0,2371377
mglBp,0.023809523809523808,41,41,GTATTTCATTGGTCCCGCGT,0,2323390
mglBp,0.023809523809523808,41,41,GGGAGTCCTCAGAGCTTTTC,0,2382759
mglBp,0.023809523809523808,41,41,GGCGCGGGTCTGATACTAAA,0,2350142
mglBp,0.023809523809523808,41,41,GCCACAAAGATAATGTCTGT,0,2316842
mglBp,0.023809523809523808,41,41,GACGGGCGGTAAATCGGCGA,0,2410068
mglBp,0.023809523809523808,41,41,GAAACTAGCCCGAAGTACAT,0,2382912
mglBp,0.023809523809523808,41,41,CTGTTGAGCCCATTAGGTCT,0,2342338
mglBp,0.023809523809523808,41,41,CTGCAGAGGACTCCCGCTCA,0,2352753
mglBp,0.023809523809523808,41,41,CTCGCCCCGTTACCGGTTCT,0,2367396
mglBp,0.023809523809523808,41,41,CGAGAATCGACAGAAGGTAT,0,2343873
mglBp,0.023809523809523808,41,41,CCTTTGACTGAGGAATGATA,0,2403996
mglBp,0.023809523809523808,41,41,CCGTTCCTAAGCTTCGTGCT,0,2390726
mglBp,0.023809523809523808,41,41,CCAGCTCTCTGCGGGTTACA,0,2337466
mglBp,0.023809523809523808,41,41,ATTTAGAGATCCTTACGTGA,0,2394354
mglBp,0.023809523809523808,41,41,AGGTCCCATCTGAGCTTCCA,0,2371296
mglBp,0.023809523809523808,41,41,AGGGTTATGAATCAATGAGT,0,2412238
mglBp,0.023809523809523808,41,41,AGGAGTTCCCCAAATGAGGA,0,2330550
mglBp,0.023809523809523808,41,41,AGCGCTATGGGCGCTTGGCA,0,2332801
mglBp,0.023809523809523808,41,41,ACTTGCTCGGAGTTTAGGTA,0,2346470
mglBp,0.023809523809523808,41,41,ACTAATAAGAGATCAGATGC,0,2340225
mglBp,0.023809523809523808,41,41,ACGTGGCATCTAACAACCGT,0,2327335
mglBp,0.023809523809523808,41,41,ACGGGAATTCTCAGTCGGAT,0,2324721
mglBp,0.023809523809523808,41,41,ACCCGAGACAGCAACTCGCA,0,2419004
mglBp,0.023809523809523808,41,41,ACACAGGTACCTTTCAGTCA,0,2396462
mglBp,0.023809523809523808,41,41,AAGCAGAGCGCTCGAGTTAG,0,2402325
mglBp,0.023809523809523808,41,41,AACTATGGACGCGACTGCCC,0,2349587
mglBp,0.023809523809523808,41,41,AAATCATGGGAACTCGCTCG,0,2320645
mglBp,0.024390243902439025,40,40,TTGATTGCTAGCTCGGCGCC,0,2319052
mglBp,0.024390243902439025,40,40,TTATGTAAAATCCGGGAATA,0,2344653
mglBp,0.024390243902439025,40,40,TGGTTACCGAACTGTTGGGA,0,2383680
mglBp,0.024390243902439025,40,40,TGGAGTCTCCGGATCAGTCG,0,2407453
mglBp,0.024390243902439025,40,40,TGATCGAAATCTCGGGAAGA,0,2334364
mglBp,0.024390243902439025,40,40,TCTGTTGCCAGGTCGATCAA,0,2421186
mglBp,0.024390243902439025,40,40,TCTGCCGCACCCGGACTCAC,0,2326113
mglBp,0.024390243902439025,40,40,TCTCATCGCTGCTGAATTCT,0,2392231
mglBp,0.024390243902439025,40,40,TCGAAAGGCAAAAACATGAC,0,2378864
mglBp,0.024390243902439025,40,40,TATGGCCTTAATTGCCAATT,0,2418981
mglBp,0.024390243902439025,40,40,TATAGGTCCACGCGATGTCC,0,2356361
mglBp,0.024390243902439025,40,40,GTGACTTAGTTAAAGACGGA,0,2365084
mglBp,0.024390243902439025,40,40,GTATTAGGGATCTCATTCGA,0,2390574
mglBp,0.024390243902439025,40,40,GGCCAGCCGTCCATGCACCT,0,2344594
mglBp,0.024390243902439025,40,40,GGATGTCGAATGGGCAAACA,0,2389904
mglBp,0.024390243902439025,40,40,GCTGATAGAAGCATTAGTCT,0,2331320
mglBp,0.024390243902439025,40,40,GCGTCACGATAAAGATGCTT,0,2316641
mglBp,0.024390243902439025,40,40,GCCAACAGCCGGTGTTCTAG,0,2372028
mglBp,0.024390243902439025,40,40,GCATGTGTTGAGCTTAAAGT,0,2335384
mglBp,0.024390243902439025,40,40,GCAAATTGTGATCATCTTAC,0,2354538
mglBp,0.024390243902439025,40,40,CTGTGCTCGATAATTCCTGG,0,2332616
mglBp,0.024390243902439025,40,40,CGCCCAGACTGATTCTGTGT,0,2326340
mglBp,0.024390243902439025,40,40,CCTTGTCGTATAATTTTATT,0,2359995
mglBp,0.024390243902439025,40,40,CCCTGTTGGATACGATCCGT,0,2346586
mglBp,0.024390243902439025,40,40,CCATGGTCTAAGGCAACTTA,0,2394728
mglBp,0.024390243902439025,40,40,CCAAATCGCTCCAACTCCGG,0,2324730
mglBp,0.024390243902439025,40,40,CATCAGACTACTCCGGCTGC,0,2333428
mglBp,0.024390243902439025,40,40,CAATGAATTACCCCTTAAAT,0,2334167
mglBp,0.024390243902439025,40,40,ATTAGTTTGGCTTCTAATAA,0,2317392
mglBp,0.024390243902439025,40,40,ATGGTACTACATGTGATTTA,0,2379142
mglBp,0.024390243902439025,40,40,ATCCGAGCGGCTGAATAATG,0,2362743
mglBp,0.024390243902439025,40,40,ATCAATCGGCCTGGTTTAAA,0,2375457
mglBp,0.024390243902439025,40,40,AGTCTAACTCCATGCATCGT,0,2388618
mglBp,0.024390243902439025,40,40,AGCACGAGCAGGTAAAAAAG,0,2370915
mglBp,0.024390243902439025,40,40,ACAGGTTCAGATGGGTTTCA,0,2321087
mglBp,0.024390243902439025,40,40,AAGTTTAGTCCGCTAAGTCT,0,2378695
mglBp,0.024390243902439025,40,40,AACAGCTCGCGCCGTTATGG,0,2376619
mglBp,0.025,39,39,TGCTGCACGGTGTCGGACTA,0,2323657
mglBp,0.025,39,39,TGACAGACGATTCATGGGGT,0,2359653
mglBp,0.025,39,39,TGAAAGATAGTTTGTCTATA,0,2396166
mglBp,0.025,39,39,TCTGTAGGCTAGCGGCTAAC,0,2370730
mglBp,0.025,39,39,TCGATATCTGGATTCCGTAA,0,2397696
mglBp,0.025,39,39,TCCCTGAGTCCTTCTTGTCT,0,2402680
mglBp,0.025,39,39,TAGGCGTAACAGATAGCTAT,0,2372705
mglBp,0.025,39,39,TAGCGAGTACTTACTAGGTG,0,2372505
mglBp,0.025,39,39,TACGATGACCGCTGCTCTGA,0,2414780
mglBp,0.025,39,39,GTGCGCCAGGTTTTCTCTGT,0,2400181
mglBp,0.025,39,39,GTCTACAAATGCGGGTTACT,0,2317117
mglBp,0.025,39,39,GTCGAAGGGGAATCGCCTGG,0,2373429
mglBp,0.025,39,39,GTCCTCAGGGATTGTGCTGG,0,2352749
mglBp,0.025,39,39,GTCAGATGCGCGTACCTACT,0,2402488
mglBp,0.025,39,39,GGTAGCCCTCCGCCGACAAT,0,2405864
mglBp,0.025,39,39,GGGTGTCGGTAACCGGAGTC,0,2324781
mglBp,0.025,39,39,GGGAGAAAGCCGGTTCGATC,0,2340868
mglBp,0.025,39,39,GCCCTGCACGGGTCTATATG,0,2406877
mglBp,0.025,39,39,GCCCCCATGCTGATATGTGT,0,2394896
mglBp,0.025,39,39,GATTGTCCGGCCAACGTAAA,0,2398627
mglBp,0.025,39,39,GATGACCAGTGCCTGTCTGA,0,2412049
mglBp,0.025,39,39,GATCACCAAGTCTCAAGCAA,0,2326784
mglBp,0.025,39,39,GAGTTTCCTAGACTCCCAGC,0,2413781
mglBp,0.025,39,39,GAGCGCTCCGGGCCGGAGAT,0,2369989
mglBp,0.025,39,39,GAAACCGGTCTACGAAATAA,0,2334914
mglBp,0.025,39,39,GAAACAGTATTGCGCACGAT,0,2344745
mglBp,0.025,39,39,CTGAAGCAATGCAGGCCATA,0,2395271
mglBp,0.025,39,39,CTACGCATGGTCTCGATGGA,0,2324847
mglBp,0.025,39,39,CGTTAAGCCCCGACCGCTTA,0,2360303
mglBp,0.025,39,39,CGTCTAGGGGTCACAGGGCT,0,2398956
mglBp,0.025,39,39,CGGTGTTAAGCCACGGAACT,0,2363330
mglBp,0.025,39,39,CGGTGAAGCTTCGCATAGCG,0,2317034
mglBp,0.025,39,39,CGGATAGAATGCAAAAGGCT,0,2344106
mglBp,0.025,39,39,CGCAGGTTCCTTTATTGAAG,0,2419454
mglBp,0.025,39,39,CGACAAGTGGACGCAAGGGT,0,2384810
mglBp,0.025,39,39,CCTTGCCAACGTTGAGGCAT,0,2371127
mglBp,0.025,39,39,CCGCTCTTAAGTCAGTTGGA,0,2410147
mglBp,0.025,39,39,CCAGTCGGTCTACAACGCAG,0,2331049
mglBp,0.025,39,39,CCAGGGGAGTGGTTGTGTAC,0,2375885
mglBp,0.025,39,39,CCAGCTGTATTCTTTCTATT,0,2335275
mglBp,0.025,39,39,CCAAATTAGATCAAGTTGTT,0,2323437
mglBp,0.025,39,39,CAACCTGATAACGGGGCCAC,0,2321928
mglBp,0.025,39,39,ATTCTTATCTGCAAATGCTT,0,2416344
mglBp,0.025,39,39,ATACATCTGGTTTGATCAGA,0,2384427
mglBp,0.025,39,39,AGTTTATACCGTCCTAGTCA,0,2421624
mglBp,0.025,39,39,AGTGCATGGCGTGCACGTTC,0,2391042
mglBp,0.025,39,39,AGTACCCGGGTACCCGATCA,0,2413434
mglBp,0.025,39,39,AGGTCAGGAAATCTGGCACT,0,2328724
mglBp,0.025,39,39,AGGGGACCGCGAATCGCTTT,0,2397459
mglBp,0.025,39,39,AGGCGGCCGAGGCGTCGGCA,0,2364490
mglBp,0.025,39,39,AGATCCGTCGTATCATGCCA,0,2339443
mglBp,0.025,39,39,ACCTTGGGGTGTACTTCGGT,0,2337003
mglBp,0.025,39,39,ACCCCTAATAGCTCCTGGTT,0,2338982
mglBp,0.025,39,39,AAGGGTCGGGAACAAATGTA,0,2418151
mglBp,0.025,39,39,AAGCAATAATGAGAGTTCAT,0,2375637
mglBp,0.025,39,39,AACGGGACAGCATGCGCCGA,0,2389812
mglBp,0.025,39,39,AAAGTAACTTACTGTGACCT,0,2412630
mglBp,0.02564102564102564,38,38,TTGTCTCACGCCTCCGGACG,0,2338986
mglBp,0.02564102564102564,38,38,TGTTCACTCTAGGTTGCGAA,0,2328940
mglBp,0.02564102564102564,38,38,TCCCGAATTCGGAAGCGCTA,0,2352263
mglBp,0.02564102564102564,38,38,TCACCCCTTCAGGATGTCAA,0,2343155
mglBp,0.02564102564102564,38,38,TATGCGGCCGATCGGTTACA,0,2359225
mglBp,0.02564102564102564,38,38,TAGGGTATTGTGCACTCGGG,0,2338653
mglBp,0.02564102564102564,38,38,TAATGTCCGCACCACAGACT,0,2370963
mglBp,0.02564102564102564,38,38,GTGTAAATGATCCGCCTCGA,0,2328203
mglBp,0.02564102564102564,38,38,GTGGATTCGCCTATTAAAGA,0,2372545
mglBp,0.02564102564102564,38,38,GTGCTTGAAAGTCACCTGTA,0,2358118
mglBp,0.02564102564102564,38,38,GTCAAGAATTGCTTGGGCAG,0,2371069
mglBp,0.02564102564102564,38,38,GTAGTTCGAGTTCCGACCTC,0,2384923
mglBp,0.02564102564102564,38,38,GGGTCTTCACCCTCCACTTA,0,2320459
mglBp,0.02564102564102564,38,38,GGGCGGCAATTTACATCGTT,0,2375884
mglBp,0.02564102564102564,38,38,GGGATATAACAACTAAGCCA,0,2361403
mglBp,0.02564102564102564,38,38,GGGAGGGAAGAGCCCAGCAG,0,2379931
mglBp,0.02564102564102564,38,38,GCCCATAGCAGAAGGATTCT,0,2332737
mglBp,0.02564102564102564,38,38,GCATCCAAAAGTTACAGCGA,0,2384250
mglBp,0.02564102564102564,38,38,GATTTGACGTAGAGACTGCT,0,2355595
mglBp,0.02564102564102564,38,38,CTGCTGGCTGACCGATGGAA,0,2415666
mglBp,0.02564102564102564,38,38,CTATGACGTCGAGAAGGTAT,0,2318254
mglBp,0.02564102564102564,38,38,CGGTCCTTAGGGGGTACTAT,0,2420194
mglBp,0.02564102564102564,38,38,CGGCAAGTTACTGGAACCAT,0,2336490
mglBp,0.02564102564102564,38,38,CGGACTGGTGTGCTTTTCTA,0,2353183
mglBp,0.02564102564102564,38,38,CGCTATGGGGTACGTTACAC,0,2391275
mglBp,0.02564102564102564,38,38,CGCGCAGCGCGGGCGTTTAT,0,2365894
mglBp,0.02564102564102564,38,38,CGCATATAGCGACGGGGCCA,0,2352048
mglBp,0.02564102564102564,38,38,CCCGACGTATGACGGTGGGA,0,2374871
mglBp,0.02564102564102564,38,38,CATGACGTTAACGTGCTACT,0,2324880
mglBp,0.02564102564102564,38,38,CATACTCGAGCTCCAAGCTA,0,2397181
mglBp,0.02564102564102564,38,38,CAGTCTCGTTCCCCGGGTAT,0,2324081
mglBp,0.02564102564102564,38,38,CAGCACGATATAACTCATGC,0,2321475
mglBp,0.02564102564102564,38,38,ATGGCTACTGAAAAGATTTT,0,2332643
mglBp,0.02564102564102564,38,38,AGTGAGTCCGAGGAAGCAAA,0,2376043
mglBp,0.02564102564102564,38,38,AGTGAGCATACCAGGTCGCG,0,2334166
mglBp,0.02564102564102564,38,38,AGGGTGCGAATTGCACTAAT,0,2392096
mglBp,0.02564102564102564,38,38,AGGGCGTACCGTTTCAGCGG,0,2332271
mglBp,0.02564102564102564,38,38,AGCTATTTTAGTACGACAAA,0,2362998
mglBp,0.02564102564102564,38,38,ACTTAACTAACGCCGTCTGA,0,2340506
mglBp,0.02564102564102564,38,38,ACAGATTGTCGGAAAGGCCA,0,2323355
mglBp,0.02564102564102564,38,38,ACAAACGTGGAAACTCCGGT,0,2401830
mglBp,0.02564102564102564,38,38,AATTCCTAAATTCCGAATTA,0,2341593
mglBp,0.02564102564102564,38,38,AATCCAGGCGTCTGGCTTAT,0,2337851
mglBp,0.02564102564102564,38,38,AATCATTGATTAATGTTCTT,0,2332379
mglBp,0.02564102564102564,38,38,AAGAGCTGGGCCAGTAATAA,0,2375500
mglBp,0.02564102564102564,38,38,AAATATGCGGTAACTTTTAG,0,2320350
mglBp,0.02631578947368421,37,37,TTTACCCTCTGCTATAATTG,0,2373350
mglBp,0.02631578947368421,37,37,TTTACAGATCCTCCAGTTTT,0,2327334
mglBp,0.02631578947368421,37,37,TTTAACCTAGAGAGGGGAGG,0,2320461
mglBp,0.02631578947368421,37,37,TTGCCGGGCATATGCCGCTT,0,2330352
mglBp,0.02631578947368421,37,37,TTCGCAATCGGGAACACCTT,0,2323178
mglBp,0.02631578947368421,37,37,TTCATGACGGCATATATGAT,0,2338581
mglBp,0.02631578947368421,37,37,TGTATCGCAAAGGTGAAAAT,0,2394204
mglBp,0.02631578947368421,37,37,TGGAATTCATAGAACCAAGA,0,2345158
mglBp,0.02631578947368421,37,37,TCGATGGACCCTTAAAGGAT,0,2375317
mglBp,0.02631578947368421,37,37,TCATTATCGCTCTCTTCTCA,0,2408938
mglBp,0.02631578947368421,37,37,TATGCGGCCATCCTGTATCA,0,2354545
mglBp,0.02631578947368421,37,37,TATCCAGACGCGATGTGGTT,0,2372464
mglBp,0.02631578947368421,37,37,TAGCGGACCCAATCGATTAA,0,2324030
mglBp,0.02631578947368421,37,37,GTTGACCCCAGCTAAAGCCT,0,2400466
mglBp,0.02631578947368421,37,37,GTTAAAATTCACATAAACGA,0,2328109
mglBp,0.02631578947368421,37,37,GTGCAGATTGTCTTTTACTT,0,2328603
mglBp,0.02631578947368421,37,37,GTATAGGCTAGTGTCCCTCG,0,2354045
mglBp,0.02631578947368421,37,37,GGGTTTTATTCTGGCACAGT,0,2332838
mglBp,0.02631578947368421,37,37,GGGGAGTTCATCAGATGCCA,0,2404740
mglBp,0.02631578947368421,37,37,GCGGCCTCTTAATCCGAAGG,0,2390167
mglBp,0.02631578947368421,37,37,GCAAACTGGATACGGTAAAT,0,2383094
mglBp,0.02631578947368421,37,37,GATTTCCGGCATGTCTTCAT,0,2331084
mglBp,0.02631578947368421,37,37,GAGAATGTAAAGCGCCGAGT,0,2368093
mglBp,0.02631578947368421,37,37,CTTCCCGGAAGGGCAAAGGA,0,2359076
mglBp,0.02631578947368421,37,37,CTGAGCGATGTTTCGCCCGG,0,2342226
mglBp,0.02631578947368421,37,37,CTCTGACGCCGGCTATGAAA,0,2319847
mglBp,0.02631578947368421,37,37,CGCGCGTAAAAAACCTGCGC,0,2348839
mglBp,0.02631578947368421,37,37,CGAAATCTACAAGGGGTCAA,0,2383258
mglBp,0.02631578947368421,37,37,CCTGCCCCACAACATAAAGC,0,2385860
mglBp,0.02631578947368421,37,37,CCTCCTTGGCGTGCATTGCA,0,2321311
mglBp,0.02631578947368421,37,37,CCATTGTGACTATTCTCGTA,0,2330779
mglBp,0.02631578947368421,37,37,CAGGTTATGCGCGACAGATT,0,2356417
mglBp,0.02631578947368421,37,37,CAGGCGCAAGATGTGCCGAA,0,2334232
mglBp,0.02631578947368421,37,37,CAGGCCCTCAGGTCCACCAG,0,2401279
mglBp,0.02631578947368421,37,37,CAGCGCCCGACCCCGCGTCC,0,2339372
mglBp,0.02631578947368421,37,37,CAGCGAGTGTGTGCTCGATA,0,2368840
mglBp,0.02631578947368421,37,37,CACGGGGGCTGAAAACTGGT,0,2386681
mglBp,0.02631578947368421,37,37,ATTGGTTTATCAACTGGAAG,0,2332090
mglBp,0.02631578947368421,37,37,ATTGATACGAGACTGAGAAC,0,2336169
mglBp,0.02631578947368421,37,37,ATTGAGCACTACGTGGTGAG,0,2390363
mglBp,0.02631578947368421,37,37,ATTGAACCTCCGCTGAGCAG,0,2326443
mglBp,0.02631578947368421,37,37,ATGTTGCTAGGACCTTGGTT,0,2331251
mglBp,0.02631578947368421,37,37,ATGCGACTTAGCGATGGCCT,0,2335133
mglBp,0.02631578947368421,37,37,AGTATGTGTGTTTAATGTAG,0,2394437
mglBp,0.02631578947368421,37,37,AGTAGGATGTGTCGGACAGC,0,2373364
mglBp,0.02631578947368421,37,37,AGGTTTCCATATTTTGCGGC,0,2340794
mglBp,0.02631578947368421,37,37,AGCCTTCTAGCCTTGGCTCG,0,2387101
mglBp,0.02631578947368421,37,37,AGATGTATACGTTAGGACTT,0,2341591
mglBp,0.02631578947368421,37,37,AGATATGTATAGGGGATCTG,0,2401269
mglBp,0.02631578947368421,37,37,AGAGGAGTCAGGGGAAATAT,0,2420467
mglBp,0.02631578947368421,37,37,AGAACCGCGGATCTCGGCGT,0,2383776
mglBp,0.02631578947368421,37,37,ACGCCTGTCTGTACGACACA,0,2364902
mglBp,0.02631578947368421,37,37,AATGGTCAAAGGTGATGGCA,0,2389916
mglBp,0.02631578947368421,37,37,AACGCACGGGAGGGCGCCTA,0,2377915
mglBp,0.02631578947368421,37,37,AACCATCGGTCGGACACTAG,0,2417337
mglBp,0.02702702702702703,36,36,TTTTAACACCTTGGTCCCTT,0,2364781
mglBp,0.02702702702702703,36,36,TTGCGTGCTCAATTAACGCG,0,2317989
mglBp,0.02702702702702703,36,36,TGTTGAGTCTTCCCTAAGTT,0,2421783
mglBp,0.02702702702702703,36,36,TGTCTCTTTGAAGGTCAAAA,0,2400872
mglBp,0.02702702702702703,36,36,TGTCGCGACTCCCCTACAGT,0,2350964
mglBp,0.02702702702702703,36,36,TGGAGGCACGGCGCATAGGG,0,2362999
mglBp,0.02702702702702703,36,36,TGGAGCGATGATAGTACCCA,0,2413087
mglBp,0.02702702702702703,36,36,TGAGGACAGCATCAGGGAGC,0,2413597
mglBp,0.02702702702702703,36,36,TGACTATGTCTATGTCTCGT,0,2366816
mglBp,0.02702702702702703,36,36,TGACCTCGCAAGAACGGTTT,0,2348173
mglBp,0.02702702702702703,36,36,TCTGAATGCGTTGGTTTAGA,0,2363087
mglBp,0.02702702702702703,36,36,TCTCAAACCTGGGCTGGCCT,0,2338039
mglBp,0.02702702702702703,36,36,TCGGTTAACCTCTAGCAATT,0,2323768
mglBp,0.02702702702702703,36,36,TCCGTTCTAGGGTACTTGGT,0,2319978
mglBp,0.02702702702702703,36,36,TCAGGTCCAAATCACACCGT,0,2369909
mglBp,0.02702702702702703,36,36,TCAAAATAGAGATGATTTCG,0,2323265
mglBp,0.02702702702702703,36,36,TAGAAGTATTCGGTAGGACC,0,2388961
mglBp,0.02702702702702703,36,36,TACAATATGAGTCGTTGGTT,0,2342479
mglBp,0.02702702702702703,36,36,TAATACCGGGAAAGTAGACT,0,2346348
mglBp,0.02702702702702703,36,36,TAACCGTGTTAGGGTACGGA,0,2323802
mglBp,0.02702702702702703,36,36,GTGCTTAGCCACAGACTGAA,0,2380928
mglBp,0.02702702702702703,36,36,GTGCCACATAACGTTCGTGT,0,2353134
mglBp,0.02702702702702703,36,36,GTCTCGTCCATTATCTAAAA,0,2338418
mglBp,0.02702702702702703,36,36,GTCCCGGTGAGCGGTCCAGT,0,2349449
mglBp,0.02702702702702703,36,36,GTCATTTACCCTACGAGGCA,0,2372032
mglBp,0.02702702702702703,36,36,GGTCCGGAGCGCAGTGCTAA,0,2385910
mglBp,0.02702702702702703,36,36,GGATCGCCGCATGACTTTAT,0,2389634
mglBp,0.02702702702702703,36,36,GCTTGTAGTGGTAGATGACC,0,2411368
mglBp,0.02702702702702703,36,36,GCGCATAAGGAAGCGATTTT,0,2352905
mglBp,0.02702702702702703,36,36,GCACGTGCGACCTTGGCGTT,0,2321590
mglBp,0.02702702702702703,36,36,GAGAGCGATCGTTAGTGCCA,0,2405072
mglBp,0.02702702702702703,36,36,GACGGTTAGTAGTGGCCACA,0,2369915
mglBp,0.02702702702702703,36,36,CTTGACTCAGGTTCTGCTTG,0,2360405
mglBp,0.02702702702702703,36,36,CTGGAGTAACACGTGGCCCA,0,2403380
mglBp,0.02702702702702703,36,36,CTAGACAGCTATGGGATGAT,0,2328385
mglBp,0.02702702702702703,36,36,CGTTCGTCCAGGTATGGAGC,0,2383602
mglBp,0.02702702702702703,36,36,CGTGCTAATGACGCGGGCCA,0,2421220
mglBp,0.02702702702702703,36,36,CGGTTTTAGCCGCAATCAAT,0,2338380
mglBp,0.02702702702702703,36,36,CATCAGATCAGACCGTCACT,0,2353042
mglBp,0.02702702702702703,36,36,CAGGATCCTTGCTTAGCATA,0,2335635
mglBp,0.02702702702702703,36,36,CAATGACAGCGAGAGAACAT,0,2421148
mglBp,0.02702702702702703,36,36,CAAACATGCGAGGAATTAGG,0,2363405
mglBp,0.02702702702702703,36,36,ATGGATGCTCTAGACGTGCC,0,2359963
mglBp,0.02702702702702703,36,36,ATGATCAGAAGGTTTCCCAG,0,2328718
mglBp,0.02702702702702703,36,36,ATCTGGATTTGCCTAGATTA,0,2347856
mglBp,0.02702702702702703,36,36,ATCGATACGCTAAGTACTGG,0,2327812
mglBp,0.02702702702702703,36,36,AGGGTCACAAACCCATACGT,0,2361085
mglBp,0.02702702702702703,36,36,AGCGATGTTGCATAGGAAAT,0,2402678
mglBp,0.02702702702702703,36,36,AGCGATGGACAATATGGTAT,0,2329190
mglBp,0.02702702702702703,36,36,AGACGCCTTCCATGTTCTCT,0,2384984
mglBp,0.02702702702702703,36,36,ACTTGGAGCTGTCCCATCAG,0,2410736
mglBp,0.02702702702702703,36,36,ACTACAATCTGGTTTGCTAG,0,2421529
mglBp,0.02702702702702703,36,36,ACCGCCGGTCCCCTGAAGAT,0,2415145
mglBp,0.02702702702702703,36,36,ACCCACGTCTTAGTATACAT,0,2336122
mglBp,0.02702702702702703,36,36,ACATATCTTACGGTCTTGCA,0,2345030
mglBp,0.02702702702702703,36,36,ACAGGGAGTGAAAGTTGTTC,0,2372799
mglBp,0.02702702702702703,36,36,ACACGACATCTTTAACAGTA,0,2399513
mglBp,0.02702702702702703,36,36,AATATATGAGCAATGTGTTG,0,2401763
mglBp,0.02702702702702703,36,36,AATATACATCCCTGTGTCTT,0,2355241
mglBp,0.02702702702702703,36,36,AACTTCAGCGCTGCGCGTTG,0,2335958
mglBp,0.02702702702702703,36,36,AAATACTAGCCACCGTGAGA,0,2320592
mglBp,0.02702702702702703,36,36,AAAGTACAATTTGCGATGAA,0,2344786
mglBp,0.02702702702702703,36,36,AAAGGAGGACACAGATCGGT,0,2390794
mglBp,0.027777777777777776,35,35,TTCTCGACTGGCTAAGATGC,0,2345404
mglBp,0.027777777777777776,35,35,TTCGGACAAACCAGAACACA,0,2384084
mglBp,0.027777777777777776,35,35,TTCGATCAGCGCTGTTGTCC,0,2387041
mglBp,0.027777777777777776,35,35,TTCCGTACTATACCACGCCT,0,2392509
mglBp,0.027777777777777776,35,35,TGGCTAGGTCCCACGGGTTT,0,2420441
mglBp,0.027777777777777776,35,35,TGCCGGTAGTGGCGTTCATA,0,2418229
mglBp,0.027777777777777776,35,35,TGAGTCTGTTAGTACCAAAA,0,2324279
mglBp,0.027777777777777776,35,35,TGACACGATTACTGGGTTGT,0,2406900
mglBp,0.027777777777777776,35,35,TCCGCATCTTACTCCTAGAC,0,2417898
mglBp,0.027777777777777776,35,35,TACATGAAGATTATCGCAAC,0,2349359
mglBp,0.027777777777777776,35,35,GTTAAGCGCCCTGTCGACTT,0,2415932
mglBp,0.027777777777777776,35,35,GTGTTGAACCTGATAAAGGT,0,2357734
mglBp,0.027777777777777776,35,35,GTGTCACTGTGCGTGTCCAG,0,2345753
mglBp,0.027777777777777776,35,35,GTGAGGCCGTATTCACAGTG,0,2420244
mglBp,0.027777777777777776,35,35,GTCTGACTTACTGACTCCGG,0,2386071
mglBp,0.027777777777777776,35,35,GGTGGTACGAAACCCGGAGC,0,2375693
mglBp,0.027777777777777776,35,35,GGTGAACGTCAGGGTTTACG,0,2335149
mglBp,0.027777777777777776,35,35,GGGCATATTCTCAGTTCCGA,0,2363591
mglBp,0.027777777777777776,35,35,GGAGTTATACACTGGGCGGA,0,2340400
mglBp,0.027777777777777776,35,35,GCTTAAGCTTTGGTTTGGGT,0,2330233
mglBp,0.027777777777777776,35,35,GCGGTAAATACGCGAAAAGG,0,2317013
mglBp,0.027777777777777776,35,35,GCCTCGGAGACGATGGTGCG,0,2326604
mglBp,0.027777777777777776,35,35,GCCAGAGGGTCTCAGCCCAA,0,2347868
mglBp,0.027777777777777776,35,35,GATTGCGACCCGCTGTGCTG,0,2407356
mglBp,0.027777777777777776,35,35,GATGCTCGTGGCTCCCAACT,0,2401418
mglBp,0.027777777777777776,35,35,GACGAACACCGGGCGTAGTT,0,2399410
mglBp,0.027777777777777776,35,35,GACACTTCCGGTGATTGTTT,0,2352788
mglBp,0.027777777777777776,35,35,GACACCGTCTTCCCTGTTAA,0,2363529
mglBp,0.027777777777777776,35,35,CTACCGCCACTTGGGATCCT,0,2337020
mglBp,0.027777777777777776,35,35,CGATTTTTAGGTGTTCGCTA,0,2366088
mglBp,0.027777777777777776,35,35,CCTCGTACATAGGGTTTTCA,0,2381657
mglBp,0.027777777777777776,35,35,CCGCCTATCCAGGAACACCA,0,2398805
mglBp,0.027777777777777776,35,35,CCGAGCCTAAGAGAATCGCA,0,2415111
mglBp,0.027777777777777776,35,35,CCCGTCCACACGTGTGACGG,0,2328943
mglBp,0.027777777777777776,35,35,CCCGCCCTAGCTGCCGACAG,0,2380504
mglBp,0.027777777777777776,35,35,CCAATGCGCTCAGCTATATT,0,2418850
mglBp,0.027777777777777776,35,35,CATGGTCCCGAGTCGCGAGG,0,2327801
mglBp,0.027777777777777776,35,35,CACCGGCGGTGAGGGTAGAG,0,2329687
mglBp,0.027777777777777776,35,35,CACAACCGCGGCAGATAATA,0,2318805
mglBp,0.027777777777777776,35,35,CAATTCCGGTTCCCACAGTT,0,2374513
mglBp,0.027777777777777776,35,35,CAACGAGTGTGACGTATGAG,0,2337909
mglBp,0.027777777777777776,35,35,ATTTCTGGATATACACTTCA,0,2373709
mglBp,0.027777777777777776,35,35,ATTCTCTCAGGTGGTTTATT,0,2386520
mglBp,0.027777777777777776,35,35,ATCATTTCATTAGCGTCACT,0,2396295
mglBp,0.027777777777777776,35,35,ATACCCGAGCGCGTCACTCA,0,2351401
mglBp,0.027777777777777776,35,35,AGGGTCTTCTGGCCGACCCT,0,2317691
mglBp,0.027777777777777776,35,35,AGGGACCTCCTAACTGTTAA,0,2384242
mglBp,0.027777777777777776,35,35,ACTGGTACACACGCATATCA,0,2358795
mglBp,0.027777777777777776,35,35,ACGGCACCCCAAACTGAGAA,0,2423681
mglBp,0.027777777777777776,35,35,ACATGTGTGGAGAGAGATGC,0,2397093
mglBp,0.027777777777777776,35,35,ACATCCATATATGGGCGTAC,0,2331858
mglBp,0.027777777777777776,35,35,ACAGTGTTTTTTCTCCAAGC,0,2362745
mglBp,0.027777777777777776,35,35,AATCGGAGGGCATCGGAGAG,0,2377299
mglBp,0.027777777777777776,35,35,AAGCTGACGTCCGGCATAAC,0,2365821
mglBp,0.027777777777777776,35,35,AACTTCGGGGGAACGCTTCA,0,2395191
mglBp,0.027777777777777776,35,35,AACAGCTGTATAGGGTGTGG,0,2331918
mglBp,0.02857142857142857,34,34,TTTAGTGCCTTCAGTCTGAA,0,2399226
mglBp,0.02857142857142857,34,34,TTCATAGAAAGATATCGAGA,0,2328359
mglBp,0.02857142857142857,34,34,TTAAGTCCCTTAGCGTTTCT,0,2387229
mglBp,0.02857142857142857,34,34,TGTTTGTCTTACCCCAGTGC,0,2401042
mglBp,0.02857142857142857,34,34,TGTGCACCTCTCTTACACCG,0,2323759
mglBp,0.02857142857142857,34,34,TGTGACGCCATTAACGGGTA,0,2379253
mglBp,0.02857142857142857,34,34,TGTACAGAATTGAGTTACAA,0,2383203
mglBp,0.02857142857142857,34,34,TGAGTTGCTTAAATTAGGAA,0,2368274
mglBp,0.02857142857142857,34,34,TGAACTGGACTTTAGAAAAT,0,2362081
mglBp,0.02857142857142857,34,34,TCTACTAGGTTTCCATGGAT,0,2357395
mglBp,0.02857142857142857,34,34,TCAGGGTTTCACTGCATTGC,0,2331303
mglBp,0.02857142857142857,34,34,TCACGACAATCCGGTCACTT,0,2324777
mglBp,0.02857142857142857,34,34,TATTTCGTCGCACAAACCTT,0,2340262
mglBp,0.02857142857142857,34,34,TATGTTCGCATCCTCAAGGT,0,2367328
mglBp,0.02857142857142857,34,34,TACGATGCAGTTTAGGCTCT,0,2385450
mglBp,0.02857142857142857,34,34,TAAGGAAGCACCCGGTTAAA,0,2401173
mglBp,0.02857142857142857,34,34,TAACATTGGCCACATCGGCT,0,2386070
mglBp,0.02857142857142857,34,34,GTTGGCCTTGGCAACTGCAA,0,2327281
mglBp,0.02857142857142857,34,34,GTGTCGGTGAAACGGGTATA,0,2357113
mglBp,0.02857142857142857,34,34,GTGCCAATAATAATGCGGCA,0,2320457
mglBp,0.02857142857142857,34,34,GTAGCTCAAGGACTATTGCC,0,2351584
mglBp,0.02857142857142857,34,34,GGGCATCTGGCCTGGAATCG,0,2386896
mglBp,0.02857142857142857,34,34,GGCGGGACAGCCCGGGAAAA,0,2370987
mglBp,0.02857142857142857,34,34,GCTGAGCGGGGACTAGGTGG,0,2379651
mglBp,0.02857142857142857,34,34,GCTCGGCTTCTTGCACTGGT,0,2347720
mglBp,0.02857142857142857,34,34,GCGCTGAGGGTGAGTCTTTG,0,2420248
mglBp,0.02857142857142857,34,34,GCGCGTGCATCCTTCGTGGG,0,2333120
mglBp,0.02857142857142857,34,34,GCGAGCGGATATTTAGTACA,0,2392233
mglBp,0.02857142857142857,34,34,GCATACACGCACCCCTTTAT,0,2378373
mglBp,0.02857142857142857,34,34,GCACAGAGCACAGGCAACGA,0,2349369
mglBp,0.02857142857142857,34,34,GAGGACTGTGGGTTCGTAAG,0,2345418
mglBp,0.02857142857142857,34,34,GAGCGTGCCACGCGAGATAA,0,2328023
mglBp,0.02857142857142857,34,34,GACTGCCCAACTGGTGCTCC,0,2318492
mglBp,0.02857142857142857,34,34,GACATACTGCGGGCTCCTCA,0,2330955
mglBp,0.02857142857142857,34,34,CTGAAGGAAGGCGGGATAAC,0,2360513
mglBp,0.02857142857142857,34,34,CTCAAACGAGTACGTTCGTT,0,2336502
mglBp,0.02857142857142857,34,34,CTACGGGTCGGAGGCCATGA,0,2335518
mglBp,0.02857142857142857,34,34,CCTAGCACGGTGGTAGCATT,0,2351758
mglBp,0.02857142857142857,34,34,CCGAAGCAAGTGGCTAGCAT,0,2416632
mglBp,0.02857142857142857,34,34,CCCTTGAAAGCGGGCCATTA,0,2387918
mglBp,0.02857142857142857,34,34,CAGGTTGATGGGTACTTAGG,0,2382806
mglBp,0.02857142857142857,34,34,CAGCGGTCTTCGACTTACAC,0,2362500
mglBp,0.02857142857142857,34,34,CACCTCCCTTTACGTAATAT,0,2365332
mglBp,0.02857142857142857,34,34,ATTGCAATGGACCGGGATAA,0,2368124
mglBp,0.02857142857142857,34,34,ATCTGACACCGTTTATCGTG,0,2326965
mglBp,0.02857142857142857,34,34,ATCAGACACTTACCTCGCCA,0,2395071
mglBp,0.02857142857142857,34,34,ATATTGTCTTGATCTAAAGC,0,2363538
mglBp,0.02857142857142857,34,34,AGTTTCAGACGCAAGTTCTG,0,2387290
mglBp,0.02857142857142857,34,34,AGTATCCGTGGCATGCTTGA,0,2416333
mglBp,0.02857142857142857,34,34,AGGACACAGTAAGGAGAGCA,0,2333145
mglBp,0.02857142857142857,34,34,AGCTTAGGCAGCGTAGAGTT,0,2364121
mglBp,0.02857142857142857,34,34,AGCCTCTGATAAACGGCAAG,0,2355042
mglBp,0.02857142857142857,34,34,AGCCGTTACACAAGCGACAC,0,2365120
mglBp,0.02857142857142857,34,34,AGATTTCTGCCTTAATCATA,0,2317659
mglBp,0.02857142857142857,34,34,ACTTCGTAGAGCGGTAAAGA,0,2389257
mglBp,0.02857142857142857,34,34,ACTGAGTGGGAGGAGGGCCA,0,2415946
mglBp,0.02857142857142857,34,34,ACCCGAGACTTAGTAACTAT,0,2402052
mglBp,0.02857142857142857,34,34,ACCCAACCTAGATCGTCAAA,0,2341187
mglBp,0.02857142857142857,34,34,AATACGCCGACCATTTGATA,0,2390715
mglBp,0.02857142857142857,34,34,AACCCGTCGGGGTGGTTGAC,0,2354282
mglBp,0.02857142857142857,34,34,AAAGGTTACCTAGCTGTCAT,0,2335647
mglBp,0.029411764705882353,33,33,TTACCGTAGGGAGCGACTTG,0,2376336
mglBp,0.029411764705882353,33,33,TTAACGTCTTGACGGCGCTC,0,2335611
mglBp,0.029411764705882353,33,33,TGGTCGTTACTGTCGGGAGT,0,2334931
mglBp,0.029411764705882353,33,33,TGGGCGAATAGAATCTGTTC,0,2357242
mglBp,0.029411764705882353,33,33,TGGAGTCACGGAGTGGCAGG,0,2383013
mglBp,0.029411764705882353,33,33,TGCGCATGCTTAAGCCGGGT,0,2334913
mglBp,0.029411764705882353,33,33,TGCATGTTAAGATTGGCAGT,0,2359265
mglBp,0.029411764705882353,33,33,TGATTCTTCCCAATCACACA,0,2397038
mglBp,0.029411764705882353,33,33,TGATATACGACACAAATAAG,0,2394168
mglBp,0.029411764705882353,33,33,TGAGGGTCGATGGTGCTCCG,0,2398636
mglBp,0.029411764705882353,33,33,TCCGGTTGGACTCGAGGGCT,0,2366823
mglBp,0.029411764705882353,33,33,TCCCGGGGTCCCCCGGGCAA,0,2373664
mglBp,0.029411764705882353,33,33,TCCCATAGAACTCTGGGCAA,0,2418651
mglBp,0.029411764705882353,33,33,TCCCAATCGCGTAGTCGTCT,0,2367056
mglBp,0.029411764705882353,33,33,TCCATACTCGCCTCGACAGT,0,2390511
mglBp,0.029411764705882353,33,33,TCCACGGCCTTAGGAGACGT,0,2394757
mglBp,0.029411764705882353,33,33,TCATGGGGAGGACGGCAGAT,0,2361623
mglBp,0.029411764705882353,33,33,TATATTCAACGATTACTTGT,0,2353586
mglBp,0.029411764705882353,33,33,TATAAAGTCCGTGCTTCTTA,0,2342627
mglBp,0.029411764705882353,33,33,TAGCTCGGACGTAGAATGCT,0,2352837
mglBp,0.029411764705882353,33,33,TAGCCGGGTCATCTGTGCGT,0,2353389
mglBp,0.029411764705882353,33,33,TAACATACGTCGCATAGGCT,0,2409064
mglBp,0.029411764705882353,33,33,GTTGATGCGCGGCTTAACAA,0,2347038
mglBp,0.029411764705882353,33,33,GTTATCCGAGATTATGGGAT,0,2340041
mglBp,0.029411764705882353,33,33,GTGGTTGTAAGTTTCGAGTT,0,2395876
mglBp,0.029411764705882353,33,33,GTGAGAAAAGTGTCATGAGA,0,2343120
mglBp,0.029411764705882353,33,33,GTCGCTAGTCTTGCGTGATG,0,2400738
mglBp,0.029411764705882353,33,33,GTAGCTGCATGTCATACTTA,0,2397836
mglBp,0.029411764705882353,33,33,GTACAGCTGAGGACTTAAGC,0,2389766
mglBp,0.029411764705882353,33,33,GGGGGGGAGAAGCTGTGTAA,0,2340684
mglBp,0.029411764705882353,33,33,GGGAGAAAGAGGAGTATAGA,0,2334797
mglBp,0.029411764705882353,33,33,GGGAAAATAAAACCCGCGTT,0,2376170
mglBp,0.029411764705882353,33,33,GGCAAGCATCAAGACGGACT,0,2349222
mglBp,0.029411764705882353,33,33,GGATACGGTCGGGCTTTGTA,0,2334637
mglBp,0.029411764705882353,33,33,GGAGGAATTACCTTTCGTAT,0,2350730
mglBp,0.029411764705882353,33,33,GGACAACCGATGAGAATGAT,0,2385913
mglBp,0.029411764705882353,33,33,GCTGAGCTGGACAATTTTAT,0,2358745
mglBp,0.029411764705882353,33,33,GCTACGTGACTTAGATTCCC,0,2364644
mglBp,0.029411764705882353,33,33,GCTAATACGAACGTTAGGAA,0,2390399
mglBp,0.029411764705882353,33,33,GCGGGTCTGAGGAGTATAGA,0,2396854
mglBp,0.029411764705882353,33,33,GCGGACGGGGAGCATAAACA,0,2379250
mglBp,0.029411764705882353,33,33,GCGAAGATCATGACGAAGCT,0,2375057
mglBp,0.029411764705882353,33,33,GCCGGTGTCATCTCGCATTG,0,2361046
mglBp,0.029411764705882353,33,33,GCAGCGTTAAAAAAAGTGAG,0,2348257
mglBp,0.029411764705882353,33,33,GCAATTCTAAAGACAAATAT,0,2391199
mglBp,0.029411764705882353,33,33,GATCTAGGTTCGAGTCCTCT,0,2337342
mglBp,0.029411764705882353,33,33,GAGTGCTAAGCTAGAACGTA,0,2369865
mglBp,0.029411764705882353,33,33,GAGGTCAGTAGGGGTCTGCA,0,2317459
mglBp,0.029411764705882353,33,33,GAGCTAGGTGTTCAGGGATT,0,2318187
mglBp,0.029411764705882353,33,33,GACGACCAGGATCGCACCGT,0,2361017
mglBp,0.029411764705882353,33,33,GACCTCACTTCTATTGGTTG,0,2344931
mglBp,0.029411764705882353,33,33,GAAAAATGTCGTGTAGGATT,0,2404213
mglBp,0.029411764705882353,33,33,CTGGCACGTTATGCACTCGA,0,2369906
mglBp,0.029411764705882353,33,33,CTGAGAAGTCGATGTTTCCA,0,2346436
mglBp,0.029411764705882353,33,33,CTCGCACGACAGACAGAGCG,0,2332268
mglBp,0.029411764705882353,33,33,CTACGTTCTAGAGCCTTGCT,0,2372709
mglBp,0.029411764705882353,33,33,CTAACCCGCTACTCCATGGT,0,2369726
mglBp,0.029411764705882353,33,33,CTAAAATATCGCGCTTCTGT,0,2328205
mglBp,0.029411764705882353,33,33,CGTTCCGGAGGGTAGGGTTA,0,2421789
mglBp,0.029411764705882353,33,33,CGTGATTCTGGGTTAATCTC,0,2326217
mglBp,0.029411764705882353,33,33,CGGTGGTAATTAAAACAACT,0,2331051
mglBp,0.029411764705882353,33,33,CGGCACTCTAGGCAGAAAGG,0,2340077
mglBp,0.029411764705882353,33,33,CGCACTCGCAGAGGCAACCA,0,2414164
mglBp,0.029411764705882353,33,33,CGACTTAGGTACTCGATGAA,0,2331497
mglBp,0.029411764705882353,33,33,CGACAGCGGCATATTCCGCA,0,2327167
mglBp,0.029411764705882353,33,33,CCTAGCCGGAATTGCAGTAC,0,2398175
mglBp,0.029411764705882353,33,33,CCCAGGGTAGTGGGCGACAG,0,2392296
mglBp,0.029411764705882353,33,33,CCAGGCCGTCCCTGGAGAGT,0,2413034
mglBp,0.029411764705882353,33,33,CATTCACCGTATGACACCTG,0,2343743
mglBp,0.029411764705882353,33,33,CATGCACAGGACGTTTAGGC,0,2380199
mglBp,0.029411764705882353,33,33,CAGTAATTTATTATCCCGTT,0,2383276
mglBp,0.029411764705882353,33,33,CAGCACCAGACTGGCCGCGA,0,2346212
mglBp,0.029411764705882353,33,33,CACCTTGCCGGCTACCACGT,0,2321669
mglBp,0.029411764705882353,33,33,ATGCATGCGACTCATTCTGT,0,2402781
mglBp,0.029411764705882353,33,33,ATCTCCCCGCGTCTTCGCTT,0,2327970
mglBp,0.029411764705882353,33,33,ATCGCGTCAACGTAGCCTAA,0,2371322
mglBp,0.029411764705882353,33,33,ATCCCGACGATTTACATAGT,0,2408282
mglBp,0.029411764705882353,33,33,ATCATACTCACTCCTAGTCC,0,2417297
mglBp,0.029411764705882353,33,33,AGTGCTTTCCGGGGAGGGCG,0,2389882
mglBp,0.029411764705882353,33,33,AGTATCACAATGTCGAGCTA,0,2342303
mglBp,0.029411764705882353,33,33,AGGTTGAAAGGGGGGATCTA,0,2377331
mglBp,0.029411764705882353,33,33,AGGTTCGACTCTCTGCATCA,0,2340803
mglBp,0.029411764705882353,33,33,AGGCCTCTACATGGGCTCCC,0,2372014
mglBp,0.029411764705882353,33,33,AGCTTTAGTAGGGTACGGTT,0,2409206
mglBp,0.029411764705882353,33,33,AGCGTTGTTACGCATACGAT,0,2372477
mglBp,0.029411764705882353,33,33,AGCCGCGAATGTTTGTGTAC,0,2351220
mglBp,0.029411764705882353,33,33,ACGCGGCCTCTGGGTTTTAT,0,2390481
mglBp,0.029411764705882353,33,33,ACGAAACCATGGCATGAGTA,0,2365687
mglBp,0.029411764705882353,33,33,ACCTTACCGACAAGCATCTC,0,2318853
mglBp,0.029411764705882353,33,33,ACCTCCCCCACCTCAATTAT,0,2423098
mglBp,0.029411764705882353,33,33,AAGTTAGGAAGTAGTATCAT,0,2395001
mglBp,0.029411764705882353,33,33,AAGTGGCCATTCATGGGCTA,0,2359055
mglBp,0.029411764705882353,33,33,AAGTGCTTCGTCCGGTATCT,0,2336121
mglBp,0.029411764705882353,33,33,AACTTCGTGTGAATGGTTAA,0,2417178
mglBp,0.029411764705882353,33,33,AACCTACTGTAGAGTGTGTT,0,2327680
mglBp,0.029411764705882353,33,33,AAATGGATAGTTTTATAGGG,0,2381229
mglBp,0.029411764705882353,33,33,AAAGTCAAGTACCGGCCGTC,0,2346724
mglBp,0.029411764705882353,33,33,AAAACGGCATCTGACGTGGT,0,2331856
mglBp,0.030303030303030304,32,32,TTCGTCATATGCACTGTTTG,0,2373542
mglBp,0.030303030303030304,32,32,TTCAACACGTTGTGATGACT,0,2336629
mglBp,0.030303030303030304,32,32,TTATAATGCGGAAATAGCTC,0,2395996
mglBp,0.030303030303030304,32,32,TGTTTCATTTACTCGCGCTT,0,2343739
mglBp,0.030303030303030304,32,32,TGTGTCCACAGGTGGCAGTT,0,2412656
mglBp,0.030303030303030304,32,32,TGTAGCAATGGGCATCCACT,0,2369944
mglBp,0.030303030303030304,32,32,TGGGAGCCAATCGTCCCATA,0,2413485
mglBp,0.030303030303030304,32,32,TGGGAAAGTGGCATGCGTGT,0,2329512
mglBp,0.030303030303030304,32,32,TGGCTTCCCTGTGTCCGTAC,0,2356398
mglBp,0.030303030303030304,32,32,TGGATCGGTGAGAGAGTTGT,0,2340310
mglBp,0.030303030303030304,32,32,TGCCCGAATCTACATTGGAT,0,2395772
mglBp,0.030303030303030304,32,32,TGCATCGTCAATTCCCAAAC,0,2332148
mglBp,0.030303030303030304,32,32,TGAGGCACAATTGCTCTAAC,0,2325299
mglBp,0.030303030303030304,32,32,TCGTTGGGTTTCCCTTTTAA,0,2383765
mglBp,0.030303030303030304,32,32,TCGGCTCACTGTGCAACCAA,0,2318361
mglBp,0.030303030303030304,32,32,TCGATGTAGGAATGACATAT,0,2391723
mglBp,0.030303030303030304,32,32,TCCCACCCTGAAAGTCTCTC,0,2355139
mglBp,0.030303030303030304,32,32,TCACACCTCCGACCCTGGAA,0,2401867
mglBp,0.030303030303030304,32,32,TATGCGACTTTATTATATAA,0,2363475
mglBp,0.030303030303030304,32,32,TATCGTTTTAGTTCGTAAGA,0,2345644
mglBp,0.030303030303030304,32,32,TAAAGCATGAACTACCGTTT,0,2416651
mglBp,0.030303030303030304,32,32,GTGTTTTGTACTTCTACCAA,0,2339153
mglBp,0.030303030303030304,32,32,GTGTGACTTTCCAGTTTTCT,0,2397917
mglBp,0.030303030303030304,32,32,GTGCCTGAGAGTAGGCGAAT,0,2373224
mglBp,0.030303030303030304,32,32,GTGAACCCAACTCCGTGGTA,0,2382106
mglBp,0.030303030303030304,32,32,GTCCCACTCTAATCGCCATT,0,2422716
mglBp,0.030303030303030304,32,32,GTATCCGAACAACCTACGTA,0,2422724
mglBp,0.030303030303030304,32,32,GTAGGTTTCAGGAGTTTTAT,0,2356118
mglBp,0.030303030303030304,32,32,GTAAGGGTGGGGTGTGCGAT,0,2344469
mglBp,0.030303030303030304,32,32,GGGTGAGACATAAGTCAGTA,0,2405245
mglBp,0.030303030303030304,32,32,GGGGTTGTGTCTTCTACATG,0,2317393
mglBp,0.030303030303030304,32,32,GGGAAGATAACTACACTGTT,0,2359482
mglBp,0.030303030303030304,32,32,GGAATCTGTATTAGAGGCGT,0,2345121
mglBp,0.030303030303030304,32,32,GCTCGGTTCATTGAATTCTC,0,2416248
mglBp,0.030303030303030304,32,32,GCTATACCAATCGGCCTGCA,0,2363824
mglBp,0.030303030303030304,32,32,GCTACGAAGAAAAAGGTAGA,0,2371902
mglBp,0.030303030303030304,32,32,GCGTCACGAGGGTGCCTAAT,0,2351859
mglBp,0.030303030303030304,32,32,GCCGTCATGTCGCTACGGGT,0,2372381
mglBp,0.030303030303030304,32,32,GATGAGGTCTATTTGCGAAG,0,2365693
mglBp,0.030303030303030304,32,32,GAGCCTCCCCTCCCCAACAA,0,2331250
mglBp,0.030303030303030304,32,32,CTTGGGTCGTCGATCAGCGT,0,2329882
mglBp,0.030303030303030304,32,32,CTTGCAACCGTACCCAAATA,0,2361962
mglBp,0.030303030303030304,32,32,CTCAGCCATCTTTACGGGTC,0,2386952
mglBp,0.030303030303030304,32,32,CGGTATATGTCCGCGTAAAG,0,2330707
mglBp,0.030303030303030304,32,32,CGCACTAGCTGTACTGTCGG,0,2391851
mglBp,0.030303030303030304,32,32,CGACCGTACGTCGGCGTATG,0,2343740
mglBp,0.030303030303030304,32,32,CCTAGCTCTGCTGAGGGACG,0,2384378
mglBp,0.030303030303030304,32,32,CCGACGACTCGCCAGCTACC,0,2355248
mglBp,0.030303030303030304,32,32,CCCACAATGACAAAGACACC,0,2327991
mglBp,0.030303030303030304,32,32,CATGCTTCACGTCTATATAG,0,2348259
mglBp,0.030303030303030304,32,32,CACTTCGCCTGTCTTAGGTA,0,2388656
mglBp,0.030303030303030304,32,32,CACGGGCATCGGCGTGCTGT,0,2384203
mglBp,0.030303030303030304,32,32,CACGCCGAGCCTAAGCATAG,0,2345704
mglBp,0.030303030303030304,32,32,CAAAAATATGAAGTGTGCTG,0,2354289
mglBp,0.030303030303030304,32,32,ATTGCTTAACTCCTGCGGGT,0,2339275
mglBp,0.030303030303030304,32,32,ATGTAAAGTGTCTTGAGGCA,0,2378269
mglBp,0.030303030303030304,32,32,ATGGGCGAACGAAGAGCTTA,0,2417224
mglBp,0.030303030303030304,32,32,ATGGAGTACGATTGCTATCT,0,2386437
mglBp,0.030303030303030304,32,32,ATGCTATCAGATAGAGAGGA,0,2407577
mglBp,0.030303030303030304,32,32,ATGCGCTACGTGCTGACGTT,0,2373977
mglBp,0.030303030303030304,32,32,ATGAAAGGTATTCAGGTGCA,0,2387140
mglBp,0.030303030303030304,32,32,ATCGCCGTTCAACTATGCCT,0,2363907
mglBp,0.030303030303030304,32,32,ATCAGGTCCGTCGAGTTAGG,0,2351857
mglBp,0.030303030303030304,32,32,ATCAAGTCCAAAGTTTCCGG,0,2416164
mglBp,0.030303030303030304,32,32,ATAATGTAGTCATTACGCAG,0,2354402
mglBp,0.030303030303030304,32,32,AGTTTAATCTGCGATATGCA,0,2397629
mglBp,0.030303030303030304,32,32,AGTGCGGGGGGTGGGTTCGA,0,2354790
mglBp,0.030303030303030304,32,32,AGGCGGCCTTACTGAGCTGA,0,2359444
mglBp,0.030303030303030304,32,32,AGCTGTTGTAGCCAAAGGTG,0,2332418
mglBp,0.030303030303030304,32,32,AGCTCCTCCATCATCACTTT,0,2336254
mglBp,0.030303030303030304,32,32,ACTCGGCCAGTCATCGTTAC,0,2391334
mglBp,0.030303030303030304,32,32,ACGGATTTGTTCGGTTGTTA,0,2324473
mglBp,0.030303030303030304,32,32,ACGCCCGGTCCAGCTCTTCT,0,2364515
mglBp,0.030303030303030304,32,32,ACCTCATCCTTGCATGCGAG,0,2328675
mglBp,0.030303030303030304,32,32,ACCGACTGCTAGTTTCATGA,0,2420515
mglBp,0.030303030303030304,32,32,ACAGATCCAGCTAGTGGGTA,0,2325103
mglBp,0.030303030303030304,32,32,AATTGATCTCACTGGGCCAC,0,2354483
mglBp,0.030303030303030304,32,32,AATGGGTTAAAGTGTTGGAT,0,2384383
mglBp,0.030303030303030304,32,32,AAGCAGGCCTGGCCATTTCT,0,2409626
mglBp,0.030303030303030304,32,32,AACTCATCTTGAAGGAGATG,0,2410971
mglBp,0.030303030303030304,32,32,AACGGTCTCTGAAGGAGGGT,0,2389009
mglBp,0.030303030303030304,32,32,AACGGCGGCGGACCACACGT,0,2387262
mglBp,0.030303030303030304,32,32,AACACACTATACGCAGATAC,0,2328930
mglBp,0.030303030303030304,32,32,AAATCTAAGGGTGCTAAAGC,0,2329640
mglBp,0.030303030303030304,32,32,AAACTCAAATTGTAAGATTC,0,2407317
mglBp,0.030303030303030304,32,32,AAAAGCCGATAGGCGCACAC,0,2419464
mglBp,0.03125,31,31,TTTGCTGATACTCGTCCTCA,0,2389332
mglBp,0.03125,31,31,TTTATGTGAAAATAGTTTAT,0,2418621
mglBp,0.03125,31,31,TTCGTCATAGGCACCTCTTG,0,2345861
mglBp,0.03125,31,31,TTCGCCACGATGCCCACGCA,0,2372331
mglBp,0.03125,31,31,TTCGCACGGCGCCTGGCGGT,0,2329144
mglBp,0.03125,31,31,TTCCCCGTGTGCTAAGACGT,0,2318097
mglBp,0.03125,31,31,TGGTTTTGGCTGCGTACAGG,0,2322527
mglBp,0.03125,31,31,TGGGCGGAGTCAAATGCCGT,0,2384845
mglBp,0.03125,31,31,TGGCGAATCAGGCGCATGAT,0,2352500
mglBp,0.03125,31,31,TGACGGGAAGCAATGCTCGA,0,2359008
mglBp,0.03125,31,31,TCGTACGAGGACGGATTGGA,0,2417663
mglBp,0.03125,31,31,TCGCAAGTTGGCATTCAAGG,0,2346307
mglBp,0.03125,31,31,TCCTCCTCACGGGAACATGT,0,2384925
mglBp,0.03125,31,31,TCATGAGGATATGTTCCTGA,0,2380213
mglBp,0.03125,31,31,TACACATGATCCCGTTTTCT,0,2406597
mglBp,0.03125,31,31,GTTAGGCCCTCGGGTCATCA,0,2384660
mglBp,0.03125,31,31,GTTAAGGCGTCCAATCGGGA,0,2367206
mglBp,0.03125,31,31,GTCGCAAGGCGAGAAGCATA,0,2370686
mglBp,0.03125,31,31,GTCCCCTTCTTCGTGTATCT,0,2372851
mglBp,0.03125,31,31,GTCCACATTAATTACAGGCT,0,2331732
mglBp,0.03125,31,31,GTCAGAGCGACAATAGAATA,0,2390640
mglBp,0.03125,31,31,GTACTATACAGAGCCCCTGT,0,2392173
mglBp,0.03125,31,31,GTACGGGGGGGGCTACTACT,0,2330889
mglBp,0.03125,31,31,GTACAGCTAAATTGTCAGAT,0,2357523
mglBp,0.03125,31,31,GTAAGCTGTCTATACTTGAT,0,2358884
mglBp,0.03125,31,31,GTAAGCAGGGAGCTTGTATT,0,2370918
mglBp,0.03125,31,31,GTAAAGGCACCACTTTCTTG,0,2350563
mglBp,0.03125,31,31,GGGTTAGGTGCTAGACACAT,0,2414490
mglBp,0.03125,31,31,GGGCTGGATAATGATAACGT,0,2391309
mglBp,0.03125,31,31,GGGAAATCTTCTGCGGACGT,0,2349916
mglBp,0.03125,31,31,GGCTGGGTCTGAACTCAGCG,0,2371891
mglBp,0.03125,31,31,GGCAGTTAATCCCGGCCTGT,0,2400266
mglBp,0.03125,31,31,GGAATGGTGGTAAATGAACG,0,2376263
mglBp,0.03125,31,31,GCAGGCCTACACGCCGTTCT,0,2362297
mglBp,0.03125,31,31,GCAGCTGTGAAAAAGGCTGA,0,2341448
mglBp,0.03125,31,31,GCACGCTAATTCAGGCCCCG,0,2319048
mglBp,0.03125,31,31,GCAACATTAGCAAGTTAAGT,0,2353744
mglBp,0.03125,31,31,GATTCGTGACAACTACGCAA,0,2385843
mglBp,0.03125,31,31,GAGTGAATATCCACATCCCT,0,2359949
mglBp,0.03125,31,31,GAGTAAATCCCCTTGACTGA,0,2338176
mglBp,0.03125,31,31,GAGGCTGCGAATCATTAGTG,0,2384638
mglBp,0.03125,31,31,GAGAAGATGGACTTTGTTGT,0,2353142
mglBp,0.03125,31,31,GACTTACGGAAAAGCTGAAA,0,2393459
mglBp,0.03125,31,31,GAAGGCTAGGCGAAACCAGT,0,2339308
mglBp,0.03125,31,31,GAACTGTACTGGTGGTTGAA,0,2377913
mglBp,0.03125,31,31,CTTGTTCGCCTAACAAGAGG,0,2369446
mglBp,0.03125,31,31,CTTGCGTTTACTTGTAGCCA,0,2357764
mglBp,0.03125,31,31,CTTACCAGAGGGCATCTAGA,0,2379700
mglBp,0.03125,31,31,CTGTGATTATATATTAGTAC,0,2347712
mglBp,0.03125,31,31,CTGGTTATCTTTTGTCCTCG,0,2336018
mglBp,0.03125,31,31,CTCGAGGCCTGCTCGCGATA,0,2364088
mglBp,0.03125,31,31,CTACGTTACGATTGCTGCAA,0,2384809
mglBp,0.03125,31,31,CTACCATCTGTTCAATGATT,0,2325590
mglBp,0.03125,31,31,CGGTTATCTCTTACCATGCA,0,2328874
mglBp,0.03125,31,31,CGGGAACGAGTATCAATTAG,0,2418526
mglBp,0.03125,31,31,CGCTGCGTGTTTCGAGTGGT,0,2367539
mglBp,0.03125,31,31,CGATTAGCTTACGCTAAGTT,0,2410684
mglBp,0.03125,31,31,CGAAGTAACATTCGGAACTT,0,2331862
mglBp,0.03125,31,31,CCTTGTCTCAGGCGGTTCAT,0,2417277
mglBp,0.03125,31,31,CCTACAGTACACCGTGCGAC,0,2360109
mglBp,0.03125,31,31,CCGTCTCGGTTCAATGTAGG,0,2407588
mglBp,0.03125,31,31,CCCTTGAGAACAGGAAGAAT,0,2411443
mglBp,0.03125,31,31,CCCGCTGTCATTAAAGCGGT,0,2378724
mglBp,0.03125,31,31,CCCGAGGTCATACGAGGACT,0,2392554
mglBp,0.03125,31,31,CATCAATCCAGGACGCGCTA,0,2344102
mglBp,0.03125,31,31,CAGTAGGCACGGACCTTCCA,0,2419859
mglBp,0.03125,31,31,CACCGAGAGCGATGCTTCAA,0,2422843
mglBp,0.03125,31,31,CACACCATGCCAGAAACAAT,0,2400847
mglBp,0.03125,31,31,CAAGGTGGCTCTGGAAATTT,0,2345332
mglBp,0.03125,31,31,CAACTTAGTACTTGCCCGCA,0,2361603
mglBp,0.03125,31,31,CAACTCGTTTGAAAGACGGA,0,2334211
mglBp,0.03125,31,31,CAACATGGATCGCGGTTGCC,0,2331816
mglBp,0.03125,31,31,ATGGTAGGTCACGCTTGCTC,0,2370960
mglBp,0.03125,31,31,ATGGAATAATTATCCAAGAT,0,2355842
mglBp,0.03125,31,31,ATCGCCGATGCACATGGTCA,0,2347166
mglBp,0.03125,31,31,ATAGAAGGGCGGACGAAGGC,0,2345709
mglBp,0.03125,31,31,AGGTTCTTGGCCATAATAGG,0,2361386
mglBp,0.03125,31,31,AGGCATGATCCTGGCCGACG,0,2370736
mglBp,0.03125,31,31,AGGATTGTTCTGCGTGACAG,0,2344105
mglBp,0.03125,31,31,AGGACGTAACCTTAGTGCTT,0,2367968
mglBp,0.03125,31,31,AGACATCTTCTTATTTCGGG,0,2329996
mglBp,0.03125,31,31,AGAATAGTCAGTTTCGTCCT,0,2352097
mglBp,0.03125,31,31,ACTATGTTGACTCTGGCCAA,0,2388654
mglBp,0.03125,31,31,ACTAGATAGGGGTACACCTT,0,2395586
mglBp,0.03125,31,31,ACGCGCTCCGTAAACATGAT,0,2327405
mglBp,0.03125,31,31,ACCTAGTCACGACCCTGTAA,0,2339945
mglBp,0.03125,31,31,ACAAACGAGTTTCCTAACCA,0,2332594
mglBp,0.03125,31,31,AATTAGCATAAGGAAGTGTG,0,2356666
mglBp,0.03125,31,31,AATCGGAAGTGCTACAACGG,0,2353278
mglBp,0.03125,31,31,AATCGAAAATTAAAAGCACA,0,2374702
mglBp,0.03125,31,31,AATAGTGGTGTCCAAGTAAT,0,2330986
mglBp,0.03125,31,31,AATAGATACCTTTTCACAGC,0,2318905
mglBp,0.03125,31,31,AACCCTAGATTAAGCTGACA,0,2392944
mglBp,0.03225806451612903,30,30,TTTCATATACCCTCGCGTGT,0,2342153
mglBp,0.03225806451612903,30,30,TTGTAGGTCCCCAAAGCGAA,0,2327426
mglBp,0.03225806451612903,30,30,TTGGTCAACATGTATGCTTT,0,2348862
mglBp,0.03225806451612903,30,30,TTGGGACATAGGCGAGTTTA,0,2366888
mglBp,0.03225806451612903,30,30,TTAGAGTACTAACATGAGAT,0,2340882
mglBp,0.03225806451612903,30,30,TGTATCCAGTGGACCACTTT,0,2423459
mglBp,0.03225806451612903,30,30,TGGTCAATGGCTATGATCCT,0,2405246
mglBp,0.03225806451612903,30,30,TGGATAGGTGTCGGCGGATG,0,2338036
mglBp,0.03225806451612903,30,30,TGCTGACGGGGCGTGGTTTA,0,2348451
mglBp,0.03225806451612903,30,30,TGCGTAAATGGAGTGTCACC,0,2322400
mglBp,0.03225806451612903,30,30,TGCATATACCTTGTAAGTGT,0,2343745
mglBp,0.03225806451612903,30,30,TGATCAGTCCCCACCACAAT,0,2335327
mglBp,0.03225806451612903,30,30,TGAGTTACTCAGTCCGCCCC,0,2395658
mglBp,0.03225806451612903,30,30,TCTGTCAAATGTCTAGGCTA,0,2411828
mglBp,0.03225806451612903,30,30,TCGTTCGATGGACAAATCGA,0,2406805
mglBp,0.03225806451612903,30,30,TCCCCGGTTTTCCGATCGAG,0,2376265
mglBp,0.03225806451612903,30,30,TCCAGTCTATGAGCAAACTG,0,2360166
mglBp,0.03225806451612903,30,30,TCAGTGCCAACAACTGGCTA,0,2362329
mglBp,0.03225806451612903,30,30,TCAGCACGCCTGGTGGTGCT,0,2416757
mglBp,0.03225806451612903,30,30,TATTCCGGCTCACGTTATGA,0,2374030
mglBp,0.03225806451612903,30,30,TATATGGATTGAAACTGGCA,0,2389757
mglBp,0.03225806451612903,30,30,TAGCAATGGAACTTAGGGTT,0,2338967
mglBp,0.03225806451612903,30,30,TACTGCGCGAGGGGCGCTGA,0,2339758
mglBp,0.03225806451612903,30,30,TACGTTCCGCAACATGTTCA,0,2343601
mglBp,0.03225806451612903,30,30,TAACTGATGGGTATCTCTGA,0,2380561
mglBp,0.03225806451612903,30,30,TAAATAGCTGAGTCGTCCCG,0,2328947
mglBp,0.03225806451612903,30,30,GTTTCCATCGGAGCTTGTTG,0,2407499
mglBp,0.03225806451612903,30,30,GTTGTTCTGACGTGACTTGC,0,2329142
mglBp,0.03225806451612903,30,30,GTTCTATATTCGTCATACTA,0,2343400
mglBp,0.03225806451612903,30,30,GTTCGGAATCACTCTATTAA,0,2371018
mglBp,0.03225806451612903,30,30,GTTATTAGTTCTCACGTGTC,0,2386928
mglBp,0.03225806451612903,30,30,GTTATGGCCCTATGTGGTAT,0,2348837
mglBp,0.03225806451612903,30,30,GTGTCTTTCATTTAAGTTAC,0,2349676
mglBp,0.03225806451612903,30,30,GTGAAGCCGCGAAGCCCTGG,0,2318275
mglBp,0.03225806451612903,30,30,GTCGTGTGCAGTATCTTCCG,0,2388252
mglBp,0.03225806451612903,30,30,GTCAAGGGACTTTTCAGCAC,0,2399739
mglBp,0.03225806451612903,30,30,GTATGGAGACGAATGAATAA,0,2331439
mglBp,0.03225806451612903,30,30,GTATCGGGTCCGCGGATGAG,0,2319785
mglBp,0.03225806451612903,30,30,GTACGGCCAACTGATTGGTA,0,2363172
mglBp,0.03225806451612903,30,30,GTACCCTCGCTCTCACACGA,0,2348830
mglBp,0.03225806451612903,30,30,GTACCACGCAGTTGCGAAGC,0,2396357
mglBp,0.03225806451612903,30,30,GGTATCGCTACATAGCATGT,0,2363059
mglBp,0.03225806451612903,30,30,GGGTCTACTAATAAGGAAAA,0,2383767
mglBp,0.03225806451612903,30,30,GGGCACCCCTGAAATGCTCA,0,2376967
mglBp,0.03225806451612903,30,30,GGCCCCAAACCAGAGTTACT,0,2404275
mglBp,0.03225806451612903,30,30,GGATCCCTACCTGCTGCTCC,0,2347865
mglBp,0.03225806451612903,30,30,GGATAATCCGCTAGCCCCAG,0,2334574
mglBp,0.03225806451612903,30,30,GGAACTCACTAGACCCGAGT,0,2330570
mglBp,0.03225806451612903,30,30,GCGGGGGACAAAGCGGATTG,0,2365637
mglBp,0.03225806451612903,30,30,GCGACGGCCGATAACAGAAG,0,2395279
mglBp,0.03225806451612903,30,30,GCCAGGAAGGTGTCCGGTAA,0,2352912
mglBp,0.03225806451612903,30,30,GCAAATGCTATTTGCGATAC,0,2395500
mglBp,0.03225806451612903,30,30,GACACCCCCAAAGGTACACT,0,2389596
mglBp,0.03225806451612903,30,30,GAATAGGTGTTGACCCGGAT,0,2350807
mglBp,0.03225806451612903,30,30,GAACATCTCAAACTGCGATA,0,2403839
mglBp,0.03225806451612903,30,30,CTTGGAGTAGTGTCGGAGAT,0,2382360
mglBp,0.03225806451612903,30,30,CTTGAGTCGTACTAGGGGTT,0,2331490
mglBp,0.03225806451612903,30,30,CTTCGGGGCCGAACAATTTC,0,2399065
mglBp,0.03225806451612903,30,30,CTGGTGAGTGCACGTCGTCG,0,2342801
mglBp,0.03225806451612903,30,30,CTGGAGTTCACAGCAGAATG,0,2363744
mglBp,0.03225806451612903,30,30,CTCGTTAATCTTCCATCTCG,0,2405158
mglBp,0.03225806451612903,30,30,CTCGACAGGCACAACAGAAG,0,2358120
mglBp,0.03225806451612903,30,30,CTAGTCAGTCTAGCACCAAT,0,2392672
mglBp,0.03225806451612903,30,30,CTAGTAGGCACAAGACCGGC,0,2389998
mglBp,0.03225806451612903,30,30,CTACGCACACGAATGCTCGA,0,2341089
mglBp,0.03225806451612903,30,30,CTACCTGGGAGCGCGGATCA,0,2412481
mglBp,0.03225806451612903,30,30,CGTTGGGGGTCGTATTCGAG,0,2392657
mglBp,0.03225806451612903,30,30,CGTGGCCCATCCCCATTCCT,0,2339269
mglBp,0.03225806451612903,30,30,CGGTTTCGGTGAGGGTCGTT,0,2368825
mglBp,0.03225806451612903,30,30,CGGTACGAGGTAGACGGCCA,0,2334646
mglBp,0.03225806451612903,30,30,CGCGGGACACTAAGTTCTAA,0,2407967
mglBp,0.03225806451612903,30,30,CGACTTAGACTGCGGGAGAG,0,2409244
mglBp,0.03225806451612903,30,30,CCTTTCTCATGTGTTGGTTT,0,2334514
mglBp,0.03225806451612903,30,30,CCTTTAATTAGATCTGTGTA,0,2361634
mglBp,0.03225806451612903,30,30,CCTGAGTACGCAATACAAAA,0,2395645
mglBp,0.03225806451612903,30,30,CCTGACCATGCCTTTGACAA,0,2363470
mglBp,0.03225806451612903,30,30,CCGGGACTACAGCCTCGGTA,0,2405670
mglBp,0.03225806451612903,30,30,CCGGAGAAATATGAGCACTG,0,2398385
mglBp,0.03225806451612903,30,30,CCCCCCTGAAATGGGGTGAT,0,2386189
mglBp,0.03225806451612903,30,30,CCAGGGCAAACAACGTATTC,0,2385412
mglBp,0.03225806451612903,30,30,CATGACGAGTGGTGCAACTT,0,2396256
mglBp,0.03225806451612903,30,30,CATAGGTTACAAAAAGCCCA,0,2342331
mglBp,0.03225806451612903,30,30,CAGGGCTGGCTTGACAGATT,0,2380817
mglBp,0.03225806451612903,30,30,CAGGCGGGCCACTCAATAAG,0,2363134
mglBp,0.03225806451612903,30,30,CAGAGAGGATCACCCCATAT,0,2348952
mglBp,0.03225806451612903,30,30,CACGTCGCATCAGGGACAAT,0,2324194
mglBp,0.03225806451612903,30,30,CACGGGGTTCTTGATGTGGG,0,2384053
mglBp,0.03225806451612903,30,30,CACATATCTGCGCGAGACGG,0,2365688
mglBp,0.03225806451612903,30,30,CAAGGCACAGAATTCGTTTA,0,2364742
mglBp,0.03225806451612903,30,30,ATTAACGACCACTGATCTCA,0,2319168
mglBp,0.03225806451612903,30,30,ATGAGGGCGTTGAGAATCCT,0,2401402
mglBp,0.03225806451612903,30,30,ATAGTACAATTATCCTTCGG,0,2328262
mglBp,0.03225806451612903,30,30,AGTGTATTGTCTTCCTGCGT,0,2392289
mglBp,0.03225806451612903,30,30,AGTCGATCATTCGTCTGTCA,0,2398774
mglBp,0.03225806451612903,30,30,AGCTTCTTTGATGAGAGCAT,0,2381524
mglBp,0.03225806451612903,30,30,AGCGAAAGGCTAAGGAGGGG,0,2380361
mglBp,0.03225806451612903,30,30,ACTTTTAGCGTATTAGCGAT,0,2351400
mglBp,0.03225806451612903,30,30,ACTTTCGATCACGCACAGTA,0,2389918
mglBp,0.03225806451612903,30,30,ACCATGCCTTGGGGTTATTT,0,2355588
mglBp,0.03225806451612903,30,30,AATATTGGAGCAGTCGTAGG,0,2374386
mglBp,0.03225806451612903,30,30,AAGGACCACGTGGATCTCTT,0,2339010
mglBp,0.03225806451612903,30,30,AACGGCACACTATTTATTCC,0,2321384
mglBp,0.03225806451612903,30,30,AAATATTAGAGTGATGGTCA,0,2383750
mglBp,0.03225806451612903,30,30,AAAGGCCCGAAGAGGATTTT,0,2422328
mglBp,0.03225806451612903,30,30,AAAAAGCGGGTTTCCTGCTG,0,2368357
mglBp,0.03333333333333333,29,29,TTGCTCCAGGCGTTCCACAT,0,2345517
mglBp,0.03333333333333333,29,29,TTCGGTAGAACTTTTGAGTT,0,2407953
mglBp,0.03333333333333333,29,29,TTCGCTTTCGGTCTTCACAC,0,2411843
mglBp,0.03333333333333333,29,29,TTAAGCCGAGCTTGAAAAAA,0,2366493
mglBp,0.03333333333333333,29,29,TGTGAGACTATCAAGCAAAG,0,2410490
mglBp,0.03333333333333333,29,29,TGTCCGAGCCCGTTTAATTT,0,2327301
mglBp,0.03333333333333333,29,29,TGGTATTAGGTTCCTCTTAG,0,2413293
mglBp,0.03333333333333333,29,29,TGGTACCCCACGCCATAGGA,0,2356948
mglBp,0.03333333333333333,29,29,TGGATAGTAACGTGCGCGGT,0,2413724
mglBp,0.03333333333333333,29,29,TGGAAAACCGAAACCGCCCA,0,2345996
mglBp,0.03333333333333333,29,29,TGCTCACTTCACGCAGCTTA,0,2324422
mglBp,0.03333333333333333,29,29,TGCGGTCTGTGTTGTAGTTA,0,2344132
mglBp,0.03333333333333333,29,29,TGCCGTTTGGCCACGCCCCA,0,2415483
mglBp,0.03333333333333333,29,29,TGCCCGGGCAAGCTAGCTTA,0,2372038
mglBp,0.03333333333333333,29,29,TGCAGGTGGGGTTTACCTGT,0,2386987
mglBp,0.03333333333333333,29,29,TGCACGCTGTTCAACTATGT,0,2371094
mglBp,0.03333333333333333,29,29,TGATACAACCTACTCGGAAT,0,2361819
mglBp,0.03333333333333333,29,29,TGAGAGCAGGATCGTAGTGA,0,2390276
mglBp,0.03333333333333333,29,29,TCTTTTTGGGTCGTGTGGGT,0,2367867
mglBp,0.03333333333333333,29,29,TCTCGTGGGACGGCTCGTCG,0,2331604
mglBp,0.03333333333333333,29,29,TCTCGCAGTGCACGCACTAA,0,2344223
mglBp,0.03333333333333333,29,29,TCTATTGACCATCCGGGCAA,0,2319479
mglBp,0.03333333333333333,29,29,TCGTCTCCATACAGGCCCGG,0,2413035
mglBp,0.03333333333333333,29,29,TCCAGTATGTCGCGCAGTAC,0,2331712
mglBp,0.03333333333333333,29,29,TCAGCCTGAGTATGCCTATA,0,2331492
mglBp,0.03333333333333333,29,29,TATGAAATTGGGAACCCGAT,0,2396412
mglBp,0.03333333333333333,29,29,TATCATCTTCCATGAGCCTT,0,2390988
mglBp,0.03333333333333333,29,29,TATCACCGGGTGATTACGGT,0,2373665
mglBp,0.03333333333333333,29,29,TAGGTAATCGCGCTTCGGTT,0,2363460
mglBp,0.03333333333333333,29,29,TAGCAGCAAAGGTGGGAGAT,0,2371530
mglBp,0.03333333333333333,29,29,TACCGACGCGGAGGCACTAC,0,2394926
mglBp,0.03333333333333333,29,29,TAACTGTGAACCTTACATCA,0,2404845
mglBp,0.03333333333333333,29,29,GTTCGGGGGGCGAGGTGGTC,0,2322679
mglBp,0.03333333333333333,29,29,GTTATGACATGGCATTAGAC,0,2373827
mglBp,0.03333333333333333,29,29,GTGCAGTTTCAGCCACGCAT,0,2337911
mglBp,0.03333333333333333,29,29,GTCGAGTCTTAATCGCGAGA,0,2339904
mglBp,0.03333333333333333,29,29,GTCCCGCTACACGTATGTGT,0,2334744
mglBp,0.03333333333333333,29,29,GTAATGGTCCAATTCCAACT,0,2361637
mglBp,0.03333333333333333,29,29,GTAACTGCTCCCCCCACCCA,0,2391824
mglBp,0.03333333333333333,29,29,GGTCCATTAGCCATGAGGTG,0,2331292
mglBp,0.03333333333333333,29,29,GGTCAGCAGTTTTAATTGGA,0,2321840
mglBp,0.03333333333333333,29,29,GGGTCCCACCCTTGCTCGCA,0,2359207
mglBp,0.03333333333333333,29,29,GGGGTTTATACCATGGGGCA,0,2330147
mglBp,0.03333333333333333,29,29,GGGACGTGTGGTCGTGAAGT,0,2351710
mglBp,0.03333333333333333,29,29,GCTAGGGAGAGGCCCGTCAT,0,2336657
mglBp,0.03333333333333333,29,29,GCTAAGGTCGGAGATGATGT,0,2393959
mglBp,0.03333333333333333,29,29,GCCATGGTATGCGGAGCTTC,0,2416103
mglBp,0.03333333333333333,29,29,GCATCTATGGGGTAGCAATA,0,2373372
mglBp,0.03333333333333333,29,29,GCAGAGTATGTTCAGGTAAA,0,2370800
mglBp,0.03333333333333333,29,29,GCACCCAGCCAAGGATGTCT,0,2367525
mglBp,0.03333333333333333,29,29,GCAAGAGCATTTCTTACAAC,0,2377240
mglBp,0.03333333333333333,29,29,GATTCTGGCACCCGGGATCA,0,2375106
mglBp,0.03333333333333333,29,29,GATTCAGATTATTGCTCTAC,0,2374893
mglBp,0.03333333333333333,29,29,GAGGTTAAGATCTAACGATG,0,2393806
mglBp,0.03333333333333333,29,29,GAAGTTCTTCTGCATCCGCG,0,2356517
mglBp,0.03333333333333333,29,29,GAACAATTTAAGAGAATCTT,0,2408988
mglBp,0.03333333333333333,29,29,CTTACATCGTAACCATTTCC,0,2380983
mglBp,0.03333333333333333,29,29,CTTAACCAAGCAGGAGGTAA,0,2361689
mglBp,0.03333333333333333,29,29,CTCTGCTTTGCGCGAGTCCT,0,2358395
mglBp,0.03333333333333333,29,29,CTAACTAAGAAAATTTTGTA,0,2326691
mglBp,0.03333333333333333,29,29,CGTGGTGGGTTATCACACGG,0,2340931
mglBp,0.03333333333333333,29,29,CGGTGGTATTTGCTGCCTAT,0,2400720
mglBp,0.03333333333333333,29,29,CGGGTTATAGGTACGCACAG,0,2393417
mglBp,0.03333333333333333,29,29,CGCCATTTAAGGACAGTTTA,0,2362943
mglBp,0.03333333333333333,29,29,CGATACGGGAGTTGGCCGAC,0,2377227
mglBp,0.03333333333333333,29,29,CGACGCTTAAGCCAGACTAG,0,2417531
mglBp,0.03333333333333333,29,29,CGAAATCTGGAGACATTCTT,0,2374518
mglBp,0.03333333333333333,29,29,CCTTCTGATCCAGCCAATTG,0,2344965
mglBp,0.03333333333333333,29,29,CCTGAAGGTACCTAATCTTA,0,2373840
mglBp,0.03333333333333333,29,29,CCGTATGAGTCTCACCTAAG,0,2334575
mglBp,0.03333333333333333,29,29,CCCGTGAATTAGATTGACAC,0,2408964
mglBp,0.03333333333333333,29,29,CCCATGACAGGGCTTGGCGT,0,2345820
mglBp,0.03333333333333333,29,29,CCACGAATGGTGGAAAACGC,0,2329489
mglBp,0.03333333333333333,29,29,CCAAACACATCCGGAGCAAG,0,2319682
mglBp,0.03333333333333333,29,29,CAGTGATATGCTAATGCCAT,0,2338721
mglBp,0.03333333333333333,29,29,CAGGGGCTATAGGCATCTCT,0,2344651
mglBp,0.03333333333333333,29,29,CAGCTTTTCAGAAGTGCGTG,0,2344476
mglBp,0.03333333333333333,29,29,CAGACGAGCGATGTCTCCAT,0,2345706
mglBp,0.03333333333333333,29,29,CACAGTATAGTTAATCTGCA,0,2400296
mglBp,0.03333333333333333,29,29,CAAAAAGGCTGTAATGCCAC,0,2411105
mglBp,0.03333333333333333,29,29,ATTTACCTATACTATGCGAA,0,2337237
mglBp,0.03333333333333333,29,29,ATTGAAATGCCTTACAAACA,0,2413864
mglBp,0.03333333333333333,29,29,ATTCGTGGCGTTGCGCTATG,0,2400541
mglBp,0.03333333333333333,29,29,ATGATAAGTAGCGGTGGTAG,0,2324284
mglBp,0.03333333333333333,29,29,ATCCTTGTCAACTTAACGTG,0,2374936
mglBp,0.03333333333333333,29,29,ATCCTGATCAGGTCAATCCT,0,2356621
mglBp,0.03333333333333333,29,29,ATCAATCCAAAGCATCACTA,0,2359166
mglBp,0.03333333333333333,29,29,ATAGTTAGAAGTTTTATTCT,0,2409176
mglBp,0.03333333333333333,29,29,ATAGCCACTGTGGAGTTCTT,0,2331007
mglBp,0.03333333333333333,29,29,AGGCGATAGCCATTTCCTGC,0,2413183
mglBp,0.03333333333333333,29,29,AGGAGTCCGACCGGCACGAT,0,2383958
mglBp,0.03333333333333333,29,29,AGGAACATCCTCGTGGTAAT,0,2338272
mglBp,0.03333333333333333,29,29,AGCCACAGTCAGCACGCATG,0,2399972
mglBp,0.03333333333333333,29,29,AGCAGAACCTGCCGAAGGAA,0,2366465
mglBp,0.03333333333333333,29,29,AGCAATTTACGGGCCGAAAT,0,2353201
mglBp,0.03333333333333333,29,29,AGATCGGAATATAGTAAGTG,0,2371046
mglBp,0.03333333333333333,29,29,ACTGGGGCCTGATACTCTCA,0,2385610
mglBp,0.03333333333333333,29,29,ACTGGGCTGTATTCGTAAAC,0,2417443
mglBp,0.03333333333333333,29,29,ACGTAGTGCGCATGCACATG,0,2348519
mglBp,0.03333333333333333,29,29,ACGCGGATATGACCATTGAA,0,2318947
mglBp,0.03333333333333333,29,29,ACCATAGGAGACATCTGGTC,0,2338921
mglBp,0.03333333333333333,29,29,ACAGGCCATGGAATTTAGGA,0,2369119
mglBp,0.03333333333333333,29,29,ACAGCCGAAACTTTACCCCA,0,2357390
mglBp,0.03333333333333333,29,29,AATCTCGCATTCAGGTCTAC,0,2413108
mglBp,0.03333333333333333,29,29,AATATTACCCATCAGCGCAT,0,2396667
mglBp,0.03333333333333333,29,29,AAGTGGACTTTCCGCAAGTG,0,2330055
mglBp,0.03333333333333333,29,29,AAGGGCGGCGAGGTAGTGGC,0,2365827
mglBp,0.03333333333333333,29,29,AAGGCTCGCATACGGGGATT,0,2386707
mglBp,0.03333333333333333,29,29,AACCTCGGGGACGTCTCGTT,0,2344407
mglBp,0.03333333333333333,29,29,AACCACCGCAAGATTTAGGA,0,2374459
mglBp,0.03333333333333333,29,29,AACAGTTCCGGAGCACTCTA,0,2337540
mglBp,0.03333333333333333,29,29,AAAGCCACAAAGCCCATCGG,0,2413340
mglBp,0.03333333333333333,29,29,AAACCAACAGGCAGGGTGAA,0,2379320
mglBp,0.034482758620689655,28,28,TTTGACAGAGAGCTCCGTTA,0,2346444
mglBp,0.034482758620689655,28,28,TTGCATGTATTGGGGTCGCT,0,2387216
mglBp,0.034482758620689655,28,28,TTGAATTAGGAAATTCTAGG,0,2382225
mglBp,0.034482758620689655,28,28,TTCACTGGAAAACCTTGGAT,0,2408070
mglBp,0.034482758620689655,28,28,TTACATAGGAGCCGGTGGTT,0,2348585
mglBp,0.034482758620689655,28,28,TTAATGGATAGCAGACAGGT,0,2350806
mglBp,0.034482758620689655,28,28,TGGGGATAAGTAGTTTCATG,0,2356936
mglBp,0.034482758620689655,28,28,TGGGCCTCAGCCACGCAACT,0,2339827
mglBp,0.034482758620689655,28,28,TGGCCTTTGGGGAGGAAGGC,0,2356992
mglBp,0.034482758620689655,28,28,TGGCCGCCATGACGGCGGTT,0,2380814
mglBp,0.034482758620689655,28,28,TGCGTGGCTCCAGTCTCCCT,0,2339264
mglBp,0.034482758620689655,28,28,TGAGCATTTTTGATAATTTC,0,2329547
mglBp,0.034482758620689655,28,28,TCTCTTAATATCTCCGCGAA,0,2364922
mglBp,0.034482758620689655,28,28,TCCTTATGTGGCACCTGGAC,0,2374741
mglBp,0.034482758620689655,28,28,TCAGGGTCTAGATGTAAGCA,0,2344428
mglBp,0.034482758620689655,28,28,TATAGGCAGTACCAACAGCC,0,2358156
mglBp,0.034482758620689655,28,28,TACGGGAACGTGGGTTCTAG,0,2358494
mglBp,0.034482758620689655,28,28,TACATTTGGCACGTTGTTAT,0,2339416
mglBp,0.034482758620689655,28,28,TAAGTCTGAATGAACATAGT,0,2389180
mglBp,0.034482758620689655,28,28,GTTGTACGGGACCGATGTGC,0,2395503
mglBp,0.034482758620689655,28,28,GTTATGTGGTCCTATATAGT,0,2351599
mglBp,0.034482758620689655,28,28,GTGTCTGTTAGACGGTCCCT,0,2375532
mglBp,0.034482758620689655,28,28,GTCTCGTATTCCATACAAGA,0,2358636
mglBp,0.034482758620689655,28,28,GTCGGGACAATGCAGCGGAT,0,2390861
mglBp,0.034482758620689655,28,28,GTCAGAGCGTCGAGGACGTT,0,2411078
mglBp,0.034482758620689655,28,28,GTAAATTCAATTATACGTGC,0,2322284
mglBp,0.034482758620689655,28,28,GGGTAACACTACACGGCTAT,0,2328624
mglBp,0.034482758620689655,28,28,GGGGTTTATCAACTAAACTA,0,2396296
mglBp,0.034482758620689655,28,28,GGCTGACCTGGTACAGTATG,0,2330593
mglBp,0.034482758620689655,28,28,GGCCGGGGGTGCATACGAAT,0,2367278
mglBp,0.034482758620689655,28,28,GGATGGTTCCAACTCAGGGA,0,2409805
mglBp,0.034482758620689655,28,28,GGACGGGCGATGAACTCGAT,0,2364587
mglBp,0.034482758620689655,28,28,GGAACATACGCTCAGATGAT,0,2329281
mglBp,0.034482758620689655,28,28,GCTTATCGCCACAAAGAAAA,0,2388968
mglBp,0.034482758620689655,28,28,GCGGAGTTGTTGACGGTTTA,0,2348767
mglBp,0.034482758620689655,28,28,GCCTAGGTCACGACCCATAT,0,2321331
mglBp,0.034482758620689655,28,28,GCCGCTTAGACATTCACTGT,0,2396853
mglBp,0.034482758620689655,28,28,GCCCGGTAAGGGCTTCTACA,0,2338849
mglBp,0.034482758620689655,28,28,GCAGGGTTCCCATTCTGCAT,0,2379663
mglBp,0.034482758620689655,28,28,GCACATATGATGGCGAATCC,0,2397147
mglBp,0.034482758620689655,28,28,GATTCTATAAGCCACACGAT,0,2326954
mglBp,0.034482758620689655,28,28,GATGCATGAAAGGGTCGTCA,0,2403526
mglBp,0.034482758620689655,28,28,GATACCTAGAGGTCAAGTTT,0,2323000
mglBp,0.034482758620689655,28,28,GAGGCTAGCGCGCTCTAGGC,0,2363165
mglBp,0.034482758620689655,28,28,GAGGAGATACCGACTTCTTT,0,2334567
mglBp,0.034482758620689655,28,28,GAGAGCAAAGGTGTAAAATA,0,2344526
mglBp,0.034482758620689655,28,28,GAGAATCAGTGCATCGTAAG,0,2407222
mglBp,0.034482758620689655,28,28,GACCTGGTTCCATTGAGAAC,0,2382877
mglBp,0.034482758620689655,28,28,GACCAAGCCGCTTTTAGGGG,0,2419389
mglBp,0.034482758620689655,28,28,GACAGAAGTCAACTTGCGAT,0,2419175
mglBp,0.034482758620689655,28,28,GAATCAACTCTGTATCACGT,0,2372338
mglBp,0.034482758620689655,28,28,GAACGATAAACTTCGCGTTA,0,2369603
mglBp,0.034482758620689655,28,28,CTTGCGCACTTCTGGTCATC,0,2410333
mglBp,0.034482758620689655,28,28,CTTATGGACGGGCGCGTCAT,0,2400200
mglBp,0.034482758620689655,28,28,CTGTGATATTAGCAAAGTAA,0,2353498
mglBp,0.034482758620689655,28,28,CTGGGCTGACGCTGACCCGT,0,2327190
mglBp,0.034482758620689655,28,28,CTGCCCACGTTGGTGTTTAA,0,2340109
mglBp,0.034482758620689655,28,28,CTCTGTTACCACGGCTCCTG,0,2334712
mglBp,0.034482758620689655,28,28,CTCTAGGCGCCGGTGTACCG,0,2366983
mglBp,0.034482758620689655,28,28,CTAGTTGCCGGCTTTAGAGT,0,2365638
mglBp,0.034482758620689655,28,28,CGTTGGATTTTGTAACCGAT,0,2334106
mglBp,0.034482758620689655,28,28,CGTGTTGGCCGAGTACATAC,0,2354537
mglBp,0.034482758620689655,28,28,CGTGAGTCTGAAACCTTAAT,0,2392634
mglBp,0.034482758620689655,28,28,CGTATCATCTGCTATCATAT,0,2355237
mglBp,0.034482758620689655,28,28,CGGTACACTCTAGAACGAGA,0,2349669
mglBp,0.034482758620689655,28,28,CGGGGGTAGACTTTAGTTGG,0,2335668
mglBp,0.034482758620689655,28,28,CGGACCAAGTACAAACATTG,0,2331851
mglBp,0.034482758620689655,28,28,CGGAATCAGTTGTAACGGAG,0,2339690
mglBp,0.034482758620689655,28,28,CGGAAACAGAAACTCGCTGA,0,2328902
mglBp,0.034482758620689655,28,28,CGCTCATCAATGGCCAGTTG,0,2406848
mglBp,0.034482758620689655,28,28,CGCATCACCAGTCTACGGTC,0,2399161
mglBp,0.034482758620689655,28,28,CGCAGACTAGCAGACCGGGT,0,2364949
mglBp,0.034482758620689655,28,28,CGAGCGAACAAGGAGTTCTA,0,2403947
mglBp,0.034482758620689655,28,28,CGAGATTCTTGAGCGTAGAC,0,2320595
mglBp,0.034482758620689655,28,28,CCGGGTCATTACGTCCTGAA,0,2320204
mglBp,0.034482758620689655,28,28,CCGGAAGCGTAAGCCGAAAT,0,2320831
mglBp,0.034482758620689655,28,28,CCGCCGCCATGTGTTCTATT,0,2330906
mglBp,0.034482758620689655,28,28,CCCTCGAGCCACTAAGTGTA,0,2358264
mglBp,0.034482758620689655,28,28,CCCGGGGCCGGAGTTTTTAC,0,2360819
mglBp,0.034482758620689655,28,28,CCAGATCCAGCTAGCAAGGG,0,2346475
mglBp,0.034482758620689655,28,28,CATTTAAGCTTTCTGTTCCG,0,2385911
mglBp,0.034482758620689655,28,28,CAGGCTGATCTTATTGCCAT,0,2393616
mglBp,0.034482758620689655,28,28,CAGATCATCAGTGCAAAGAA,0,2319972
mglBp,0.034482758620689655,28,28,CAGACACTGACATTTGTGTC,0,2333316
mglBp,0.034482758620689655,28,28,CAGAACTCCATATTCGGAAC,0,2333894
mglBp,0.034482758620689655,28,28,CACGCATCCTGATAATAAGT,0,2407046
mglBp,0.034482758620689655,28,28,CACCCGAACTGCAGTACGCA,0,2395133
mglBp,0.034482758620689655,28,28,CACATCACGCTGCAGTTGTA,0,2359264
mglBp,0.034482758620689655,28,28,CACACCGACGCGGTAACCCA,0,2331446
mglBp,0.034482758620689655,28,28,CAATCGAACCAGTCACAAGC,0,2341590
mglBp,0.034482758620689655,28,28,CAAAAGGTGTAAGTGAGCCA,0,2317492
mglBp,0.034482758620689655,28,28,ATGTCAGACGTAAGTCCGAT,0,2344868
mglBp,0.034482758620689655,28,28,ATGTAGAAACTGCACCTATA,0,2322367
mglBp,0.034482758620689655,28,28,ATGGAGCTTCTTAGAGGGGT,0,2420971
mglBp,0.034482758620689655,28,28,ATGAGTTGAAGCTCATTAGA,0,2413738
mglBp,0.034482758620689655,28,28,ATCACCTTACAGTCCTACAA,0,2375731
mglBp,0.034482758620689655,28,28,ATCACCATACATGGATCGAT,0,2345868
mglBp,0.034482758620689655,28,28,ATATCTCGAAATCCGTCCAT,0,2372085
mglBp,0.034482758620689655,28,28,ATACATGCTTTCTCTTCGGT,0,2342726
mglBp,0.034482758620689655,28,28,AGTTTAAAAACTCCCACGGT,0,2390752
mglBp,0.034482758620689655,28,28,AGGGGGACTCTTTCAACGTA,0,2387946
mglBp,0.034482758620689655,28,28,AGGCTGGTGAGTCTTGTATG,0,2324285
mglBp,0.034482758620689655,28,28,AGCACTACCGCCCGGTGGGA,0,2369922
mglBp,0.034482758620689655,28,28,AGAGATTCTCGGGTAAAAAC,0,2320390
mglBp,0.034482758620689655,28,28,ACTTGGACACTAAAGTCGGT,0,2332321
mglBp,0.034482758620689655,28,28,ACTAGGGGTTAGGCCGAAGT,0,2417889
mglBp,0.034482758620689655,28,28,ACGCGAAGGCGCACCTGCAG,0,2365427
mglBp,0.034482758620689655,28,28,ACCTCGTAAATATCTTAATT,0,2343738
mglBp,0.034482758620689655,28,28,ACCGGCTGGCACAACACGTA,0,2378576
mglBp,0.034482758620689655,28,28,ACATCATTTCCGAAGAGATT,0,2418607
mglBp,0.034482758620689655,28,28,ACACCTGTCTCAGTAGCAGG,0,2368184
mglBp,0.034482758620689655,28,28,ACAAACATGAAGGGCTCAAC,0,2377332
mglBp,0.034482758620689655,28,28,AAGCGACGAGTAGTCTTGTT,0,2362035
mglBp,0.034482758620689655,28,28,AACTCTGAGTACGGCGTTGG,0,2407965
mglBp,0.034482758620689655,28,28,AACATAGTACAAGCTCTTAC,0,2360043
mglBp,0.034482758620689655,28,28,AACACGCAAATGTGGAGTTT,0,2326646
mglBp,0.034482758620689655,28,28,AAATAGGCACCTCAGGAACT,0,2368968
mglBp,0.03571428571428571,27,27,TTTGCTCGTTATATTAAAAC,0,2328773
mglBp,0.03571428571428571,27,27,TTGCAACATACCAGGGCGAT,0,2406462
mglBp,0.03571428571428571,27,27,TTCAACTGACGCGCAGACAT,0,2324210
mglBp,0.03571428571428571,27,27,TTATGCCATCGCGTTATTAC,0,2337736
mglBp,0.03571428571428571,27,27,TTAGCGGTTTATAACCCCTT,0,2321352
mglBp,0.03571428571428571,27,27,TGTACATTGTCGTATGTGCA,0,2356302
mglBp,0.03571428571428571,27,27,TGGCGGTCATCCGCCTTCAG,0,2365334
mglBp,0.03571428571428571,27,27,TCGTGGCTGGGGTATTGCCT,0,2365039
mglBp,0.03571428571428571,27,27,TCGGCAGACCTACATTGCTT,0,2318964
mglBp,0.03571428571428571,27,27,TCCGTAGATGAATTACAATA,0,2421305
mglBp,0.03571428571428571,27,27,TCACTGCCAAACACCTAGAG,0,2364049
mglBp,0.03571428571428571,27,27,TATTAGTTATATTTAGATTA,0,2408602
mglBp,0.03571428571428571,27,27,TATGTGTAAATTTGGCTTGG,0,2324465
mglBp,0.03571428571428571,27,27,TATGATAATCCCGCGCTCGT,0,2323025
mglBp,0.03571428571428571,27,27,TATCGGGTACAATGAGGGAA,0,2322320
mglBp,0.03571428571428571,27,27,TATAGTAGGGGGCCGTGGTA,0,2348774
mglBp,0.03571428571428571,27,27,TAGCGTCCGGGGACGGTGTA,0,2385044
mglBp,0.03571428571428571,27,27,TACTTCACGTTGCATGCAGA,0,2391632
mglBp,0.03571428571428571,27,27,TACTGATAATCAGGCATAGA,0,2328406
mglBp,0.03571428571428571,27,27,TACGGACGCCTAGAACCTTA,0,2406078
mglBp,0.03571428571428571,27,27,TACGATGTGCAGAACTTTCA,0,2336352
mglBp,0.03571428571428571,27,27,TACAGGATCGCATTTCTGAT,0,2351955
mglBp,0.03571428571428571,27,27,TAAGTTAGGGCACAATTCTG,0,2382112
mglBp,0.03571428571428571,27,27,TAACTCGGGCGATGGTCTGT,0,2342617
mglBp,0.03571428571428571,27,27,TAAATCAAAAAGGCCATGCT,0,2399084
mglBp,0.03571428571428571,27,27,TAAACGATCTTCTTGTCTTA,0,2316924
mglBp,0.03571428571428571,27,27,GTTTTTCCTGTCTAATGTAA,0,2408875
mglBp,0.03571428571428571,27,27,GTTTTCTGTGTACGAAAGAA,0,2317547
mglBp,0.03571428571428571,27,27,GTTAACTCTAGACACCTCCA,0,2344618
mglBp,0.03571428571428571,27,27,GTGGGGCTACAGCATTGTAC,0,2409720
mglBp,0.03571428571428571,27,27,GTCTACAAGTAGAGAGTCGT,0,2317805
mglBp,0.03571428571428571,27,27,GTCATTCTGTTCACGTATCG,0,2362887
mglBp,0.03571428571428571,27,27,GTATTATTAGCGTTACTGAA,0,2415340
mglBp,0.03571428571428571,27,27,GTATGGGTGCCTCGGGCCTT,0,2389880
mglBp,0.03571428571428571,27,27,GTAGGACCTTTGGCCGATCT,0,2344388
mglBp,0.03571428571428571,27,27,GTACACGAAGATTCAGACGA,0,2399260
mglBp,0.03571428571428571,27,27,GTAAGCGCCCATTTGATTAA,0,2402011
mglBp,0.03571428571428571,27,27,GGTCCCCCTGGACGAACATC,0,2353792
mglBp,0.03571428571428571,27,27,GGTACGGCAAGGCACCGTAG,0,2325982
mglBp,0.03571428571428571,27,27,GGGTCTCTGTCATATTGGTA,0,2410178
mglBp,0.03571428571428571,27,27,GGGGCCACTTGCTGGTGAGT,0,2360442
mglBp,0.03571428571428571,27,27,GGGCATAATCTCCGGTCGCT,0,2321320
mglBp,0.03571428571428571,27,27,GGCGCCAAAATCGGGATACA,0,2395703
mglBp,0.03571428571428571,27,27,GGCCTCGGGTGTAGACTAAC,0,2325855
mglBp,0.03571428571428571,27,27,GGCAACATCGTTGGAAGAGA,0,2343658
mglBp,0.03571428571428571,27,27,GGATGGTTCCATGGATTGAT,0,2398383
mglBp,0.03571428571428571,27,27,GGAGTTCTTCGGCATAACGA,0,2395831
mglBp,0.03571428571428571,27,27,GGAGCTCCATATCCCGAAAT,0,2397759
mglBp,0.03571428571428571,27,27,GGACAGGATTAATCTTAACT,0,2385793
mglBp,0.03571428571428571,27,27,GGACAGAGACAGTGTCACTC,0,2399767
mglBp,0.03571428571428571,27,27,GCTTTCTGCGCAGTACGCGA,0,2405504
mglBp,0.03571428571428571,27,27,GCTCGGCATCAGGTTGTATT,0,2392174
mglBp,0.03571428571428571,27,27,GCTAACGCGACTTTTAAGGG,0,2382796
mglBp,0.03571428571428571,27,27,GCGGTGGGCCGCAATTTTCA,0,2375598
mglBp,0.03571428571428571,27,27,GCGGTGGCACCCGACCACTC,0,2321324
mglBp,0.03571428571428571,27,27,GCGACTTGCCACCGGGCTGA,0,2380498
mglBp,0.03571428571428571,27,27,GCCGCATATCACCGCACAAG,0,2332803
mglBp,0.03571428571428571,27,27,GCCCGTGCGCACAGAGATTG,0,2331293
mglBp,0.03571428571428571,27,27,GCATCACCCACCGTAAGCAA,0,2387943
mglBp,0.03571428571428571,27,27,GCACTAGCATGGCTCTGAAG,0,2319922
mglBp,0.03571428571428571,27,27,GATGTACCCGTTTCGTGCGT,0,2362750
mglBp,0.03571428571428571,27,27,GAGCATTCTGGGCTGATACT,0,2321256
mglBp,0.03571428571428571,27,27,GACTTCTGTTCGCACGACGA,0,2364706
mglBp,0.03571428571428571,27,27,GACGGCATAAGAAATTAGAT,0,2406355
mglBp,0.03571428571428571,27,27,GAAAGCATGCTAGGCAGTAA,0,2357525
mglBp,0.03571428571428571,27,27,CTTTTCTTACGGTGCGGATG,0,2379251
mglBp,0.03571428571428571,27,27,CTTAAGCAGTCACCGGTTTG,0,2402367
mglBp,0.03571428571428571,27,27,CTGGTCACACAAGGCTTGGT,0,2332477
mglBp,0.03571428571428571,27,27,CTGATCAACCTACCGCTGAA,0,2395997
mglBp,0.03571428571428571,27,27,CTGAGGGATGGGTATCAGAC,0,2368537
mglBp,0.03571428571428571,27,27,CTCCTAGACTTGTCTGCGCA,0,2346001
mglBp,0.03571428571428571,27,27,CTATAGCACGCGCTCTCTTA,0,2362799
mglBp,0.03571428571428571,27,27,CTAGTTTGGTGAAGAGGTTT,0,2376602
mglBp,0.03571428571428571,27,27,CTACATCCGGCTTGCACGCT,0,2327119
mglBp,0.03571428571428571,27,27,CTAACACCGAGCAGTTATCT,0,2328241
mglBp,0.03571428571428571,27,27,CGTCTTCCCCCGATCAACGG,0,2365019
mglBp,0.03571428571428571,27,27,CGGGTGTAAGCACAAATTAA,0,2354284
mglBp,0.03571428571428571,27,27,CGGCTCCTATTCGGTAGTGT,0,2403594
mglBp,0.03571428571428571,27,27,CGGCCATGCCCCAGATCTTG,0,2420760
mglBp,0.03571428571428571,27,27,CGATGCGTCATTGTCCGTCA,0,2401708
mglBp,0.03571428571428571,27,27,CGAGATGCTATTAGTAATGG,0,2391696
mglBp,0.03571428571428571,27,27,CGACCGGGTAAATGAGGCGG,0,2381269
mglBp,0.03571428571428571,27,27,CCTATGGAGATTCAACCGGA,0,2420018
mglBp,0.03571428571428571,27,27,CCTATCTTCCACGAAGTACG,0,2357875
mglBp,0.03571428571428571,27,27,CCGGTGCTACCGCGTCCTTG,0,2390253
mglBp,0.03571428571428571,27,27,CCGACTTCGTGGCGAATCAC,0,2369990
mglBp,0.03571428571428571,27,27,CCGACGGGCACTATCGGGTC,0,2379473
mglBp,0.03571428571428571,27,27,CCGAATTGGTATCTATAAAA,0,2337861
mglBp,0.03571428571428571,27,27,CCCGCAGAACAAGACCTTAA,0,2402319
mglBp,0.03571428571428571,27,27,CCCAAGGTTCAAGCTTAGCA,0,2390191
mglBp,0.03571428571428571,27,27,CCATGAGTGGGCCGGAGTAT,0,2340675
mglBp,0.03571428571428571,27,27,CCACTCGGTACTCGAAGATG,0,2334701
mglBp,0.03571428571428571,27,27,CCAAAGGTTTGCAAGTGCCA,0,2371826
mglBp,0.03571428571428571,27,27,CAGGCAGACAGACCTGCACT,0,2373082
mglBp,0.03571428571428571,27,27,CAGAGGCCAAGTTTCAAGGA,0,2381169
mglBp,0.03571428571428571,27,27,CACTTGGGGCTTACTACCGA,0,2406644
mglBp,0.03571428571428571,27,27,CACTTCAGGGATATGATCGT,0,2395648
mglBp,0.03571428571428571,27,27,CACTATTGCGGGAATGCCGC,0,2329559
mglBp,0.03571428571428571,27,27,CACTATGCAGTCTTTCAAGA,0,2342118
mglBp,0.03571428571428571,27,27,CACATCGCGTCGGTCATACA,0,2402230
mglBp,0.03571428571428571,27,27,CAATGGTTGACGTCCACAAT,0,2369986
mglBp,0.03571428571428571,27,27,CAATCTGCACTGGGGCCTGG,0,2384278
mglBp,0.03571428571428571,27,27,CAAAATAGTACGGTCTCGGT,0,2343742
mglBp,0.03571428571428571,27,27,ATTTCGGAATAGTAATGCTT,0,2332206
mglBp,0.03571428571428571,27,27,ATTCGGTATTCTTGGTACGA,0,2338882
mglBp,0.03571428571428571,27,27,ATGAGTTTAGGCCCCCTAAA,0,2408455
mglBp,0.03571428571428571,27,27,ATCGGACATGAATCGACTAC,0,2369432
mglBp,0.03571428571428571,27,27,ATCCCTCCTTGTTAGGGATG,0,2378346
mglBp,0.03571428571428571,27,27,ATATGCCATGTGCATTGATG,0,2349045
mglBp,0.03571428571428571,27,27,ATAATCTGAGACCCAGAGGC,0,2336829
mglBp,0.03571428571428571,27,27,ATAAGAGTGGGGGACGTGAT,0,2357647
mglBp,0.03571428571428571,27,27,AGTTTATCGACCAGTCCAGC,0,2355077
mglBp,0.03571428571428571,27,27,AGTAGCATTAAGGGGTCATT,0,2366314
mglBp,0.03571428571428571,27,27,AGGTTGAAACCATTATGTTT,0,2341268
mglBp,0.03571428571428571,27,27,AGGTTACGGTATCATGTATA,0,2402679
mglBp,0.03571428571428571,27,27,AGGTACTTAGCAACGACGTG,0,2360963
mglBp,0.03571428571428571,27,27,AGGGGTGATTGAGGACTCGT,0,2376097
mglBp,0.03571428571428571,27,27,AGGGAGACGTACTACAAAGT,0,2388818
mglBp,0.03571428571428571,27,27,AGGCCTGTAGGGGAGAAAGA,0,2353647
mglBp,0.03571428571428571,27,27,AGGCCTCCGTCGAATATCCC,0,2382009
mglBp,0.03571428571428571,27,27,AGGCAGCAACGCCCCGCGCT,0,2343108
mglBp,0.03571428571428571,27,27,AGCGTGTCCGCAGAATACTC,0,2373152
mglBp,0.03571428571428571,27,27,AGCAAGGACGCATTGTCCAA,0,2389772
mglBp,0.03571428571428571,27,27,AGATCTTTGGTCGGGGTCAT,0,2354566
mglBp,0.03571428571428571,27,27,AGACTTGAAAAAAGACAGTT,0,2379281
mglBp,0.03571428571428571,27,27,AGAAGAATCGGATGACAGCA,0,2361291
mglBp,0.03571428571428571,27,27,ACTCGGAATCGGTCGGCGTA,0,2398523
mglBp,0.03571428571428571,27,27,ACGGAACTGTTGCTAATCCT,0,2373467
mglBp,0.03571428571428571,27,27,ACGCTTACTATCGGATCCAT,0,2352487
mglBp,0.03571428571428571,27,27,ACGAAGTTGACGTCCCGGAA,0,2344171
mglBp,0.03571428571428571,27,27,AATTCCTCGACCTAGTAAGC,0,2327513
mglBp,0.03571428571428571,27,27,AATGTATTAATGAAACAAGC,0,2348899
mglBp,0.03571428571428571,27,27,AATGACCAGACGAACTCCTA,0,2364401
mglBp,0.03571428571428571,27,27,AATACACTACGGCTGGCGGT,0,2368439
mglBp,0.03571428571428571,27,27,AAGGGCCGCAGTGCGAGTTG,0,2411425
mglBp,0.03571428571428571,27,27,AAGGAGGCCTATGAAAAATC,0,2414315
mglBp,0.03571428571428571,27,27,AACTTTGCTCTCATCGTTTT,0,2386118
mglBp,0.03571428571428571,27,27,AACTACGGTCGGTAGATTCT,0,2377710
mglBp,0.03571428571428571,27,27,AAAACCAACAATCGAGTCCT,0,2383620
mglBp,0.037037037037037035,26,26,TTTATTAACAAGTGTGCCCA,0,2382359
mglBp,0.037037037037037035,26,26,TTGTGCGAGGTTGGCTAGTG,0,2370895
mglBp,0.037037037037037035,26,26,TTGGAGTGCTTCATCATCCA,0,2339912
mglBp,0.037037037037037035,26,26,TTGCTATTAGGTCATTATTT,0,2417253
mglBp,0.037037037037037035,26,26,TTGCGCTACTATGCTACCGA,0,2336271
mglBp,0.037037037037037035,26,26,TTGATGAGGGTACCGGAGCT,0,2388258
mglBp,0.037037037037037035,26,26,TTCGTAGCATGTATGCTCGC,0,2317538
mglBp,0.037037037037037035,26,26,TTCGTACGACGCGCGCAGAA,0,2316717
mglBp,0.037037037037037035,26,26,TTAGCTTAAAGATAGTTGGG,0,2357645
mglBp,0.037037037037037035,26,26,TTAGAAGACATGTAGCACGA,0,2379878
mglBp,0.037037037037037035,26,26,TTAAATGTCCCGAATAGTTC,0,2386173
mglBp,0.037037037037037035,26,26,TGTTTGTCTCGATAGCCCTT,0,2404464
mglBp,0.037037037037037035,26,26,TGTGGGCTAAATGCCCTGTA,0,2320134
mglBp,0.037037037037037035,26,26,TGTCACTCCATGCCCAATTA,0,2357529
mglBp,0.037037037037037035,26,26,TGTATAGTTCCAAAGAACGA,0,2379789
mglBp,0.037037037037037035,26,26,TGGTCAGCATATTAGTGTGT,0,2331543
mglBp,0.037037037037037035,26,26,TGCGAGACTCGGGAACCGAC,0,2336335
mglBp,0.037037037037037035,26,26,TGCCAGGTTAGAAGTTTCGT,0,2369920
mglBp,0.037037037037037035,26,26,TGATGCTAACAGATGAGTGT,0,2383488
mglBp,0.037037037037037035,26,26,TGACGCACTTTTTGGCGGCA,0,2318138
mglBp,0.037037037037037035,26,26,TCTTACGCGTGCGACATGCT,0,2327121
mglBp,0.037037037037037035,26,26,TCGCGTCCCCACTAATATAT,0,2369842
mglBp,0.037037037037037035,26,26,TCGCCTCATCCCTACGCATG,0,2407802
mglBp,0.037037037037037035,26,26,TCCTTGAGGCATGTATGGAA,0,2374302
mglBp,0.037037037037037035,26,26,TCCCCATCAATCGTAGAACT,0,2422508
mglBp,0.037037037037037035,26,26,TCATTCGACGATTAATGGGC,0,2357200
mglBp,0.037037037037037035,26,26,TCAAAGGGGACCAGCTCACG,0,2347666
mglBp,0.037037037037037035,26,26,TATGTCTGATAAGCTAGCGA,0,2331820
mglBp,0.037037037037037035,26,26,TATGCCAACGAACCTATACA,0,2320278
mglBp,0.037037037037037035,26,26,TAGCTGCCCACTCATCCACA,0,2359500
mglBp,0.037037037037037035,26,26,TAGCAGCTCCTACGATGATG,0,2385680
mglBp,0.037037037037037035,26,26,TACTGTTGACGGTGCAAAAG,0,2323985
mglBp,0.037037037037037035,26,26,TACTGTGCCCTCGCTCGTCG,0,2409550
mglBp,0.037037037037037035,26,26,TACCTCGATCGGGCGTGCAG,0,2374153
mglBp,0.037037037037037035,26,26,TACCCCTTAACTATCTGAAT,0,2413106
mglBp,0.037037037037037035,26,26,TAATGATTGCGGCGCGTAGG,0,2317642
mglBp,0.037037037037037035,26,26,TAAGTCGGGTAAATACGGAA,0,2357614
mglBp,0.037037037037037035,26,26,TAACTTGTTAGACACTGAAG,0,2367405
mglBp,0.037037037037037035,26,26,GTTTGCACAGCAAGTAGAGT,0,2343206
mglBp,0.037037037037037035,26,26,GTTGAGGGCGACTAAGAGAT,0,2339910
mglBp,0.037037037037037035,26,26,GTTCTCGAAGCGATCAGTGC,0,2331318
mglBp,0.037037037037037035,26,26,GTTAAGCGTTCGCCACTAAA,0,2404341
mglBp,0.037037037037037035,26,26,GTGGCTCTGAGGGTCATCGA,0,2358211
mglBp,0.037037037037037035,26,26,GTGAGACGCACGTGTTGCTC,0,2331926
mglBp,0.037037037037037035,26,26,GTCTCATGTTGTTCGTGTGG,0,2382154
mglBp,0.037037037037037035,26,26,GTCCTATTTTAAACAGTGCA,0,2350666
mglBp,0.037037037037037035,26,26,GTACCCCTCTGGAATAGTAG,0,2352878
mglBp,0.037037037037037035,26,26,GTACATGGACCAGTCATTAT,0,2330459
mglBp,0.037037037037037035,26,26,GTAATGTCTGGACGCATCGG,0,2367936
mglBp,0.037037037037037035,26,26,GTAACGGTCGCATTTAGGCG,0,2353428
mglBp,0.037037037037037035,26,26,GGTTCAAGTACTGGTCGTTT,0,2359566
mglBp,0.037037037037037035,26,26,GGTGAGCCGTGGTCAGCTAT,0,2342103
mglBp,0.037037037037037035,26,26,GGTAACAATTGAATTGGAAA,0,2356444
mglBp,0.037037037037037035,26,26,GGGTTATGACTTTTGCTCCA,0,2326601
mglBp,0.037037037037037035,26,26,GGGTGAGTATGAAGGATCCT,0,2368987
mglBp,0.037037037037037035,26,26,GGCTGCAAACATTGCAGCGA,0,2368444
mglBp,0.037037037037037035,26,26,GGCGGGCCGCCAGGTTATGA,0,2328273
mglBp,0.037037037037037035,26,26,GGCCCAAGGTTCCTGTCGGT,0,2366237
mglBp,0.037037037037037035,26,26,GGCAATCTGGAATCGAGACG,0,2318532
mglBp,0.037037037037037035,26,26,GGATTGTCTTTCTCCCGTTG,0,2397781
mglBp,0.037037037037037035,26,26,GGATGACCGAGTTTGGGCTG,0,2402425
mglBp,0.037037037037037035,26,26,GGAGAGGAGAACGCCCACCT,0,2320941
mglBp,0.037037037037037035,26,26,GGAGAAACGATGCGTTGTAT,0,2325325
mglBp,0.037037037037037035,26,26,GCTGTGTCTGACGGTACCGC,0,2338138
mglBp,0.037037037037037035,26,26,GCTGCTTCTCCTTCGTTATC,0,2375747
mglBp,0.037037037037037035,26,26,GCGTGGGCTCAACTGATAAT,0,2408447
mglBp,0.037037037037037035,26,26,GCGGGTCGTATCAGTGCTGT,0,2342354
mglBp,0.037037037037037035,26,26,GCCCGGAGTCGGTGACTACT,0,2321155
mglBp,0.037037037037037035,26,26,GCCACATGAGATCCTATGTA,0,2392091
mglBp,0.037037037037037035,26,26,GCATTTTTGAAAATTGGTTG,0,2323097
mglBp,0.037037037037037035,26,26,GCAGGTCTGGGGTCACTTCT,0,2360654
mglBp,0.037037037037037035,26,26,GCAATGTGTTAGAGAACCAT,0,2362492
mglBp,0.037037037037037035,26,26,GATTTGGGGTGGGCTTCGTT,0,2372697
mglBp,0.037037037037037035,26,26,GATTCTTTACCGGTTATGTA,0,2401872
mglBp,0.037037037037037035,26,26,GATGCATACACCTTTAAAGT,0,2371415
mglBp,0.037037037037037035,26,26,GATGAGGTTTAGACGCAGCT,0,2337433
mglBp,0.037037037037037035,26,26,GAGCCTTTAAAAACACGCGT,0,2361926
mglBp,0.037037037037037035,26,26,GAAATACTACGCGTATATGG,0,2338726
mglBp,0.037037037037037035,26,26,GAAAATCAGTGTTTCATATG,0,2327303
mglBp,0.037037037037037035,26,26,CTTTCTCTACCATCGCTTAT,0,2379317
mglBp,0.037037037037037035,26,26,CTTGTTTGGCATCAGTTATT,0,2363773
mglBp,0.037037037037037035,26,26,CTTGTTGGCGCATTTTGAGG,0,2353883
mglBp,0.037037037037037035,26,26,CTTCGTTTGGGTCCCGAGAA,0,2364592
mglBp,0.037037037037037035,26,26,CTGGGCAGTGCGTGTGGGGA,0,2354436
mglBp,0.037037037037037035,26,26,CTGAGCGCCTGGGGTCAAGA,0,2336757
mglBp,0.037037037037037035,26,26,CTGACCCAGCATAGCACAAG,0,2402718
mglBp,0.037037037037037035,26,26,CTCTGTATGAGCTGAGCTTT,0,2334997
mglBp,0.037037037037037035,26,26,CTCTATTCTAAGCTGGCGAA,0,2320847
mglBp,0.037037037037037035,26,26,CTCTACGCCCTGGCGGCACA,0,2383501
mglBp,0.037037037037037035,26,26,CTCGTCAGGGGGTTGTAAAT,0,2371416
mglBp,0.037037037037037035,26,26,CTACTGGCAGTTGGGTACTT,0,2408613
mglBp,0.037037037037037035,26,26,CTAACCTTCATGCTATGGAT,0,2421231
mglBp,0.037037037037037035,26,26,CGGGCAATTGGGGGTGTGGA,0,2368560
mglBp,0.037037037037037035,26,26,CGGCGCTCGCATGTGGATAT,0,2404170
mglBp,0.037037037037037035,26,26,CGCCCGGCAATTCCGGTCAG,0,2367200
mglBp,0.037037037037037035,26,26,CGCAAAAAAAAATTCGCCCA,0,2330098
mglBp,0.037037037037037035,26,26,CGATTAATCGGGACGGCCAT,0,2359703
mglBp,0.037037037037037035,26,26,CCTTGCAGAACTTAACTTGA,0,2329010
mglBp,0.037037037037037035,26,26,CCTGGGGCCACCTCCTGACT,0,2398776
mglBp,0.037037037037037035,26,26,CCGTCTCACACGCTCAGGTT,0,2371480
mglBp,0.037037037037037035,26,26,CCGGTCCAGTCTCCAGAGAC,0,2323529
mglBp,0.037037037037037035,26,26,CCGAGATTTTCAAAGTCGCG,0,2391922
mglBp,0.037037037037037035,26,26,CCCACAGAGAAGGCTCTCGT,0,2337847
mglBp,0.037037037037037035,26,26,CCATTCGGTGATATGCAAGT,0,2342622
mglBp,0.037037037037037035,26,26,CCATGGGATCGTGAGTGATT,0,2326093
mglBp,0.037037037037037035,26,26,CCACCTCGGATGGGCCTCGT,0,2342614
mglBp,0.037037037037037035,26,26,CCAATGTAACCACGCAGTCC,0,2365138
mglBp,0.037037037037037035,26,26,CCAAGCTCGTCCATATATCC,0,2347184
mglBp,0.037037037037037035,26,26,CCAAGCCCGTCTTGAATAGT,0,2318107
mglBp,0.037037037037037035,26,26,CAGGATTAATCAACCCACGA,0,2382875
mglBp,0.037037037037037035,26,26,CAGCTTCGTCAATTGTTAGT,0,2378603
mglBp,0.037037037037037035,26,26,CAGCTGTATCGACAATGATT,0,2393363
mglBp,0.037037037037037035,26,26,CACTTGCAATCTTGGTCATG,0,2406996
mglBp,0.037037037037037035,26,26,CACTCGGACTGTTGTTAATC,0,2392457
mglBp,0.037037037037037035,26,26,CACCGCTACCGTCAGATCTG,0,2386709
mglBp,0.037037037037037035,26,26,CAATAGATCTCCGTTCTATC,0,2376996
mglBp,0.037037037037037035,26,26,CAAGTACGCGTGATACTGAA,0,2416587
mglBp,0.037037037037037035,26,26,CAAGCCAAGCTACTGCTTAT,0,2353156
mglBp,0.037037037037037035,26,26,ATTTTATCCGGACGGCCGGG,0,2348486
mglBp,0.037037037037037035,26,26,ATTTCGGGGGGATATGAGTA,0,2395226
mglBp,0.037037037037037035,26,26,ATTAATTATGGCGGTCACAG,0,2380720
mglBp,0.037037037037037035,26,26,ATGTATGGCGTACCACACGT,0,2377854
mglBp,0.037037037037037035,26,26,ATGGTGACTCTTCGAGTCGC,0,2372076
mglBp,0.037037037037037035,26,26,ATGCTCGGGGGGTCAAGGAA,0,2360544
mglBp,0.037037037037037035,26,26,ATGAACCGGGTATTCAGCTG,0,2371665
mglBp,0.037037037037037035,26,26,ATCGGGGCTGCTTGTTACGT,0,2335875
mglBp,0.037037037037037035,26,26,ATCGGCGAGACTACCGGGTT,0,2392715
mglBp,0.037037037037037035,26,26,ATAGTATGAGAGAAAGCCTT,0,2362333
mglBp,0.037037037037037035,26,26,ATAGGGGACATTCAAAATCA,0,2348597
mglBp,0.037037037037037035,26,26,ATACGGAGCAGTGTACCTGG,0,2329237
mglBp,0.037037037037037035,26,26,AGTCGAGATAAACCCCACAA,0,2349009
mglBp,0.037037037037037035,26,26,AGTCATTATCGGAGTCCTCC,0,2338497
mglBp,0.037037037037037035,26,26,AGGTTGCGCAGCCTGTCAGT,0,2376048
mglBp,0.037037037037037035,26,26,AGGGACCCGGCCGCGTTAAA,0,2384599
mglBp,0.037037037037037035,26,26,AGGGAAGGCACAAAACTAAG,0,2375545
mglBp,0.037037037037037035,26,26,AGGCAGAAAAAAATCTGTCA,0,2380265
mglBp,0.037037037037037035,26,26,AGCGTTGACCGTGTCTTTTA,0,2371559
mglBp,0.037037037037037035,26,26,AGCGGACGCCAGCTAGTGAA,0,2387614
mglBp,0.037037037037037035,26,26,AGATCACCAAGAAATTTTAT,0,2383004
mglBp,0.037037037037037035,26,26,ACTTTATCAAGTTTACGAAA,0,2413519
mglBp,0.037037037037037035,26,26,ACTCCCGATGCTTGTAGTGT,0,2364154
mglBp,0.037037037037037035,26,26,ACTACAGACCGGACATGGAC,0,2355300
mglBp,0.037037037037037035,26,26,ACGTTTTCACCCATTTCTCG,0,2368000
mglBp,0.037037037037037035,26,26,ACGTTGGAAGCAGGAGGCAG,0,2380368
mglBp,0.037037037037037035,26,26,ACGGAACTGTTATAGCATCG,0,2386023
mglBp,0.037037037037037035,26,26,ACGCAGGAACAACTAAGCCA,0,2347276
mglBp,0.037037037037037035,26,26,ACGACAATTTAGCGCACGTC,0,2332681
mglBp,0.037037037037037035,26,26,ACATGGAATTAGTGCGCTGT,0,2324467
mglBp,0.037037037037037035,26,26,ACATGACTGAGTAAGATTAG,0,2337955
mglBp,0.037037037037037035,26,26,ACACTCGGGCACTAAGTGCA,0,2325202
mglBp,0.037037037037037035,26,26,ACACGAGCGTAAGGGGGAAC,0,2387282
mglBp,0.037037037037037035,26,26,ACACCCTGCACTCGCTCTTG,0,2392905
mglBp,0.037037037037037035,26,26,AATTTGTACGAGCACTCTAA,0,2354022
mglBp,0.037037037037037035,26,26,AATTTACAAGTGCTCGATTT,0,2373710
mglBp,0.037037037037037035,26,26,AATCCTGCCTTCTTGGAATA,0,2401605
mglBp,0.037037037037037035,26,26,AATCAAGGAGATATTTCAAC,0,2414784
mglBp,0.037037037037037035,26,26,AATCAACGTAACGATTCGCT,0,2418199
mglBp,0.037037037037037035,26,26,AATAAGTTCAACCAATAACT,0,2390092
mglBp,0.037037037037037035,26,26,AAGTTCGAAGTATGTCATTT,0,2352067
mglBp,0.037037037037037035,26,26,AAGGACCGTTTCAAACTGTG,0,2371394
mglBp,0.037037037037037035,26,26,AACTGATTATGTTTGCCTGA,0,2402449
mglBp,0.037037037037037035,26,26,AAAGCGGCCGTAATCTTAGC,0,2326334
mglBp,0.038461538461538464,25,25,TTTATCAGTAGCCTAGCTTA,0,2400719
mglBp,0.038461538461538464,25,25,TTGTTTTCGACTGCGAGCCT,0,2361086
mglBp,0.038461538461538464,25,25,TTGGTGGGGACGTCTTTCTT,0,2407425
mglBp,0.038461538461538464,25,25,TTGGAATGCCTGCCGATTTG,0,2399832
mglBp,0.038461538461538464,25,25,TTGAGATTTCCCAGGAATTC,0,2386756
mglBp,0.038461538461538464,25,25,TTGACGGAGGTCGTAAGAAA,0,2367689
mglBp,0.038461538461538464,25,25,TTCCTACACTCCGAAACTGT,0,2331167
mglBp,0.038461538461538464,25,25,TTCCTAACGGCGAGAAGCTA,0,2350929
mglBp,0.038461538461538464,25,25,TTAGACGGCGCCGTATTTGA,0,2412364
mglBp,0.038461538461538464,25,25,TTAGAATACTCTTCATCCCA,0,2327187
mglBp,0.038461538461538464,25,25,TTACTGGCAGCTCTGGGTTT,0,2342751
mglBp,0.038461538461538464,25,25,TTACCTGCGAAACCCTAATG,0,2331660
mglBp,0.038461538461538464,25,25,TTACAAAGTTCCAGCGGAGT,0,2394814
mglBp,0.038461538461538464,25,25,TTAACACCGTACCAGTGGGG,0,2377537
mglBp,0.038461538461538464,25,25,TGTTGAGTTTCATTGCGGAG,0,2400701
mglBp,0.038461538461538464,25,25,TGGGGTGGGCGCTAGCGCAG,0,2348477
mglBp,0.038461538461538464,25,25,TGGAGGACACTGCTGCGTTT,0,2376989
mglBp,0.038461538461538464,25,25,TGCGTGCCCTGAGACTGTTG,0,2422926
mglBp,0.038461538461538464,25,25,TGCGACAGCCTAAGGTAGTA,0,2379225
mglBp,0.038461538461538464,25,25,TGCATCAAGAAAGTCTTCCT,0,2418627
mglBp,0.038461538461538464,25,25,TGATGTGGACCCTCAGCTTA,0,2325792
mglBp,0.038461538461538464,25,25,TGATCACGTTGTTCTTGAGG,0,2322970
mglBp,0.038461538461538464,25,25,TGAGTGACCCTACATCATGT,0,2381055
mglBp,0.038461538461538464,25,25,TGAATCCATTTTCTTAACTC,0,2333086
mglBp,0.038461538461538464,25,25,TCTTCTGGTCTGTCGCCTCA,0,2402563
mglBp,0.038461538461538464,25,25,TCTGAGATTTGTTGACACGT,0,2345018
mglBp,0.038461538461538464,25,25,TCGGCATCGCAACGTACGAT,0,2384045
mglBp,0.038461538461538464,25,25,TCGCAACAAGAGTGTATGCA,0,2395826
mglBp,0.038461538461538464,25,25,TCCTCGCAAGCGTGCTTATT,0,2350818
mglBp,0.038461538461538464,25,25,TCATACCTCCCCCCCGAAGT,0,2413033
mglBp,0.038461538461538464,25,25,TCAGTCGGTAGTCAGCTCCG,0,2345108
mglBp,0.038461538461538464,25,25,TATGCAGAGCAGCGGGCGCA,0,2379324
mglBp,0.038461538461538464,25,25,TACAATACTGCGGTGTGTGA,0,2322625
mglBp,0.038461538461538464,25,25,TAATTCTATGTGTTAAGAGA,0,2388398
mglBp,0.038461538461538464,25,25,TAATAGGGGTCACTATATTG,0,2350100
mglBp,0.038461538461538464,25,25,TAAGATTTGATTCTCCTATG,0,2319792
mglBp,0.038461538461538464,25,25,TAACACCGATGGAGCAGGTG,0,2364780
mglBp,0.038461538461538464,25,25,GTTGCTCGATATACTTGAGA,0,2319095
mglBp,0.038461538461538464,25,25,GTTATTAGGATCTGTGGTAT,0,2380081
mglBp,0.038461538461538464,25,25,GTGTGGCATCGCTCGCTGGA,0,2378761
mglBp,0.038461538461538464,25,25,GTGCGAAGCTAAAATTCTGG,0,2362891
mglBp,0.038461538461538464,25,25,GTGAGTATCTCCTGTTCGTA,0,2391110
mglBp,0.038461538461538464,25,25,GTCGTCTTGCACGTTCGTCA,0,2320655
mglBp,0.038461538461538464,25,25,GTACTGTCGTCGGGCTTATT,0,2322532
mglBp,0.038461538461538464,25,25,GTACTATTTAGCGAAGCTAT,0,2383253
mglBp,0.038461538461538464,25,25,GTAAGGACGTGTGTCTTCTT,0,2387653
mglBp,0.038461538461538464,25,25,GTAAATTAAATTGCAATTCA,0,2420321
mglBp,0.038461538461538464,25,25,GGTTTTATAACACCGTTGGA,0,2349561
mglBp,0.038461538461538464,25,25,GGTGCGCAGTGCAGGGCAGT,0,2377539
mglBp,0.038461538461538464,25,25,GGTCCCGTCTAACTGAGATA,0,2336654
mglBp,0.038461538461538464,25,25,GGTATGCATATGCACGTGGG,0,2354386
mglBp,0.038461538461538464,25,25,GGTAGTACGGCACTCACTTT,0,2343465
mglBp,0.038461538461538464,25,25,GGGTTGCACATTAGCATTGT,0,2319691
mglBp,0.038461538461538464,25,25,GGGGGTAAGGTCAGGTTTAA,0,2381100
mglBp,0.038461538461538464,25,25,GGGCGTATGGAAGACCGGGT,0,2363168
mglBp,0.038461538461538464,25,25,GGGAGTGAACAGTCAGTTAA,0,2333564
mglBp,0.038461538461538464,25,25,GGCTCTTGGCCGACGACGAC,0,2362077
mglBp,0.038461538461538464,25,25,GGATCTCCTTAGGAGGTTTT,0,2398479
mglBp,0.038461538461538464,25,25,GGATATGTCAAGCAAAACCT,0,2359410
mglBp,0.038461538461538464,25,25,GGATAAAGGAGTGAGGGTAA,0,2405671
mglBp,0.038461538461538464,25,25,GGAGCTAGGACCTAAGCTCT,0,2360735
mglBp,0.038461538461538464,25,25,GGAACCTTGTCCAGTGAAGT,0,2377008
mglBp,0.038461538461538464,25,25,GCTTAGGCAGTGTCAATCAT,0,2329777
mglBp,0.038461538461538464,25,25,GCTGAATTCACCTATTGCGT,0,2363092
mglBp,0.038461538461538464,25,25,GCGTTATAGTATCGATCACA,0,2359974
mglBp,0.038461538461538464,25,25,GCGTCAAAAATACTGACGGA,0,2388090
mglBp,0.038461538461538464,25,25,GCGGAGAGTTCCCTGAGATA,0,2405503
mglBp,0.038461538461538464,25,25,GCGAGGGGTGTTTTACGACG,0,2409679
mglBp,0.038461538461538464,25,25,GCCGGGTCTTTCTAGATGGA,0,2365978
mglBp,0.038461538461538464,25,25,GCCGCGATTCTCTAAATGAA,0,2331009
mglBp,0.038461538461538464,25,25,GCCCTTCAACGGGACGTGCA,0,2340668
mglBp,0.038461538461538464,25,25,GCATTCGATCAGAATTCGCT,0,2423194
mglBp,0.038461538461538464,25,25,GCAGGTCCCCCTGAGAACGT,0,2327640
mglBp,0.038461538461538464,25,25,GCAGCCTAAGGCCAGCCACT,0,2412792
mglBp,0.038461538461538464,25,25,GCAATATAGCATCACTTTTA,0,2386963
mglBp,0.038461538461538464,25,25,GCAAGGCGGAGCTATCCATG,0,2397527
mglBp,0.038461538461538464,25,25,GATGATAAGTCCTGAGTAGT,0,2411989
mglBp,0.038461538461538464,25,25,GATCGGCGTGTTGCCCGATA,0,2317892
mglBp,0.038461538461538464,25,25,GATATTTGCCCTATTATTTT,0,2385543
mglBp,0.038461538461538464,25,25,GAGTGCTCTCGCTGAAACCA,0,2358131
mglBp,0.038461538461538464,25,25,GAGATACCCGGCGGGGTGAA,0,2367593
mglBp,0.038461538461538464,25,25,GAGAATCATCAAGTACGCCT,0,2419552
mglBp,0.038461538461538464,25,25,GACGGTCAATCCGAATAACG,0,2410713
mglBp,0.038461538461538464,25,25,GAAGTAGGTTGCTCCGTGTT,0,2378174
mglBp,0.038461538461538464,25,25,CTTGCCCCAGGCCGAACGTA,0,2364990
mglBp,0.038461538461538464,25,25,CTTGCACCAGTTATTTCGAA,0,2340978
mglBp,0.038461538461538464,25,25,CTTCTGGGCGGGTCTCCCTC,0,2410654
mglBp,0.038461538461538464,25,25,CTGTCCATCCTTTACTAACA,0,2385640
mglBp,0.038461538461538464,25,25,CTGTCCAAAGACCCTCCAGA,0,2385930
mglBp,0.038461538461538464,25,25,CTGGGACGTAAGCACATCGC,0,2350881
mglBp,0.038461538461538464,25,25,CTGGCGTATGAGCTCTTGAA,0,2409819
mglBp,0.038461538461538464,25,25,CTCCTCAGGAGCTGCAACCA,0,2337538
mglBp,0.038461538461538464,25,25,CTACGACGCGACAAGGCTAT,0,2342279
mglBp,0.038461538461538464,25,25,CGGTATATTCGTCCCTAGTA,0,2348650
mglBp,0.038461538461538464,25,25,CGGGCATAAGCATGCATATG,0,2333228
mglBp,0.038461538461538464,25,25,CGGCGACGCCCAATCGACTT,0,2368974
mglBp,0.038461538461538464,25,25,CGGCGACATTTATGGCAGCA,0,2376489
mglBp,0.038461538461538464,25,25,CGGAGGGCCTCATTCAGGTG,0,2322453
mglBp,0.038461538461538464,25,25,CGCTCGTTCGCCTATTTTAG,0,2338034
mglBp,0.038461538461538464,25,25,CGCTACCTGGGCGACACCGA,0,2323494
mglBp,0.038461538461538464,25,25,CGCGTGCTGAAAGTTGAGTG,0,2385545
mglBp,0.038461538461538464,25,25,CGCACCTCCCTCTTCGTACA,0,2343665
mglBp,0.038461538461538464,25,25,CGAGGCTGCCGCCCCCAGAT,0,2316699
mglBp,0.038461538461538464,25,25,CGAAGGCTGAAGACGTGATT,0,2377127
mglBp,0.038461538461538464,25,25,CGAACGATAGCGTAAGAACG,0,2355910
mglBp,0.038461538461538464,25,25,CCTTCGGTCTTCGTGAGCTT,0,2342904
mglBp,0.038461538461538464,25,25,CCGGTTCCGACCAGCATTCT,0,2387999
mglBp,0.038461538461538464,25,25,CCGGTCAAACACGTCACGAG,0,2334885
mglBp,0.038461538461538464,25,25,CCGGGTGTGCTTTAAAGTTT,0,2334746
mglBp,0.038461538461538464,25,25,CCCTTTGGTGGGCTCGAGCA,0,2394810
mglBp,0.038461538461538464,25,25,CCCGGGCGGTGTGCCACGAC,0,2342449
mglBp,0.038461538461538464,25,25,CCCGCTTACAGGATCCGCCT,0,2378219
mglBp,0.038461538461538464,25,25,CCCGAAGTACAGAACACTTA,0,2379358
mglBp,0.038461538461538464,25,25,CCCCGGGTGAACATTCCATC,0,2358078
mglBp,0.038461538461538464,25,25,CCCACCGTATAATTCTTGAT,0,2405259
mglBp,0.038461538461538464,25,25,CCAGCCAGAGGGTATCTTTT,0,2358549
mglBp,0.038461538461538464,25,25,CCACGAAGGTCTCTTTTGGC,0,2410437
mglBp,0.038461538461538464,25,25,CCAAAAGCCTTCATTTGGAC,0,2317039
mglBp,0.038461538461538464,25,25,CATTGGGTTACCTTCCTGAT,0,2370548
mglBp,0.038461538461538464,25,25,CATCAGTTACTTGCGAAAGT,0,2418026
mglBp,0.038461538461538464,25,25,CATATATAGGCTGTCCTCGA,0,2345203
mglBp,0.038461538461538464,25,25,CAGTGAAATAAGTTGGGTTG,0,2376131
mglBp,0.038461538461538464,25,25,CAGGGTGTCCCGGATGCGAT,0,2342149
mglBp,0.038461538461538464,25,25,CAGGCCAGGACCTCTTCGTT,0,2335127
mglBp,0.038461538461538464,25,25,CAGCTCTTAGGATGTCTATT,0,2364588
mglBp,0.038461538461538464,25,25,CAGCGATTAGCCCCCGTTAC,0,2327183
mglBp,0.038461538461538464,25,25,CACAGGGACGAGGTCTGGTA,0,2389295
mglBp,0.038461538461538464,25,25,CAAACAACTGCCAGAAACGC,0,2343832
mglBp,0.038461538461538464,25,25,CAAAAACTTTGCGGCTAACA,0,2342728
mglBp,0.038461538461538464,25,25,ATTCCTTTTGGCGGGCAGGG,0,2401703
mglBp,0.038461538461538464,25,25,ATGTCATGTCTGGGAGCAGT,0,2377875
mglBp,0.038461538461538464,25,25,ATGTATGGCACCCGTGGAGC,0,2407375
mglBp,0.038461538461538464,25,25,ATGGTAATAAGACGTGTAAT,0,2374931
mglBp,0.038461538461538464,25,25,ATGGCAACCAGCGCTACAAG,0,2415703
mglBp,0.038461538461538464,25,25,ATGCATATTTATGCAAGCTT,0,2337803
mglBp,0.038461538461538464,25,25,ATCTTGTCCTAGCCTCGGAG,0,2342782
mglBp,0.038461538461538464,25,25,ATCGGCCTCCCAACTGGAGT,0,2372029
mglBp,0.038461538461538464,25,25,ATCAAAATGGTATAGGATGA,0,2402018
mglBp,0.038461538461538464,25,25,AGTGCAGCTACAGGGCTGGA,0,2333123
mglBp,0.038461538461538464,25,25,AGCGGTGCCCGGTGAGGGAT,0,2321711
mglBp,0.038461538461538464,25,25,AGCCGTGAGGTAACCCGTGA,0,2344796
mglBp,0.038461538461538464,25,25,AGCATGGTGCGGATAATGGC,0,2419060
mglBp,0.038461538461538464,25,25,AGATTCGCAAGATATACTGT,0,2394148
mglBp,0.038461538461538464,25,25,AGAATGTGCCAGTGCAGGCT,0,2336027
mglBp,0.038461538461538464,25,25,ACTTGATATGGTATCGACAA,0,2351582
mglBp,0.038461538461538464,25,25,ACTGTATTGGCACATAACAA,0,2363795
mglBp,0.038461538461538464,25,25,ACTCCCATCCTGTTACTGGA,0,2339317
mglBp,0.038461538461538464,25,25,ACTCAGATATAGATATCCTC,0,2396065
mglBp,0.038461538461538464,25,25,ACTATCACCGTGGACTAAAC,0,2366957
mglBp,0.038461538461538464,25,25,ACGGCCGTGGTCATTCCCTG,0,2395418
mglBp,0.038461538461538464,25,25,ACGGACGCAATTACATCCCA,0,2392175
mglBp,0.038461538461538464,25,25,ACGCTGGCTCATGAGGGCGA,0,2366463
mglBp,0.038461538461538464,25,25,ACGCGGCATATCGGCCTCGG,0,2378693
mglBp,0.038461538461538464,25,25,ACGCACAATGAATCATGGCA,0,2381579
mglBp,0.038461538461538464,25,25,ACCGACACATCTCGGATTAG,0,2421130
mglBp,0.038461538461538464,25,25,ACCCTGATGGTGGCTATGAC,0,2422396
mglBp,0.038461538461538464,25,25,ACATGGGGAGCGTGAAGCAA,0,2387710
mglBp,0.038461538461538464,25,25,ACAGATTACCTATTTGTACC,0,2345812
mglBp,0.038461538461538464,25,25,ACACAAAAACCAGGAGCGTC,0,2379589
mglBp,0.038461538461538464,25,25,AATTTTCACTCTCAACAGTA,0,2329095
mglBp,0.038461538461538464,25,25,AATTGCGTTTAAATATTGGT,0,2329395
mglBp,0.038461538461538464,25,25,AATGTAATGGATGAATCTCC,0,2378934
mglBp,0.038461538461538464,25,25,AATAAGTCCCAGGTTTGGCA,0,2370539
mglBp,0.038461538461538464,25,25,AACTCTCCAAAACTGTGTGT,0,2375509
mglBp,0.038461538461538464,25,25,AACCTGCAAGCGCTAACTCA,0,2382341
mglBp,0.038461538461538464,25,25,AAAGTGTACGGTATAACTAC,0,2328378
mglBp,0.038461538461538464,25,25,AAACGGTAGTTCGATTGACG,0,2345313
mglBp,0.038461538461538464,25,25,AAACGGCAAGTCTAGTCGAT,0,2406115
mglBp,0.04,24,24,TTGCCGCAGGCGTTAGAAAT,0,2335178
mglBp,0.04,24,24,TTGCAATAAACGCCAAGAGA,0,2399742
mglBp,0.04,24,24,TTCGTCTTCTTCTGAGTTGC,0,2376413
mglBp,0.04,24,24,TTCGTACGCGTAACTGCGTC,0,2348179
mglBp,0.04,24,24,TTCGCATACCACAGGGTACA,0,2347929
mglBp,0.04,24,24,TTCAACTGATTCCGCCTCCA,0,2409904
mglBp,0.04,24,24,TTAGGGTACGGCCGGATGCG,0,2365769
mglBp,0.04,24,24,TTAATTGGATGAGTGCAAAG,0,2360499
mglBp,0.04,24,24,TGTTTTCCGCGCCGCGCATA,0,2354822
mglBp,0.04,24,24,TGTTGTCGATTCGAGGCGAT,0,2400749
mglBp,0.04,24,24,TGTTCCAGCTGTGAATAGCT,0,2346808
mglBp,0.04,24,24,TGTGCCGTGTTGAGTATGTA,0,2414771
mglBp,0.04,24,24,TGTCATATCGCCCAACGACC,0,2323175
mglBp,0.04,24,24,TGTATCGCAGCTGCCCGTGC,0,2387402
mglBp,0.04,24,24,TGTACAGGGCAGCCGTAGGG,0,2372780
mglBp,0.04,24,24,TGGTCAAAGTGGCCGGCATT,0,2323850
mglBp,0.04,24,24,TGGAGGGTCCGCTTGTTCCA,0,2357804
mglBp,0.04,24,24,TGGAAATGAGCTATGGTGCT,0,2331054
mglBp,0.04,24,24,TGCTTATTTACTGGGCTTTT,0,2361529
mglBp,0.04,24,24,TGACTAAACTGGTAACTCTA,0,2402012
mglBp,0.04,24,24,TGAATTGACTGTATCCATCC,0,2356775
mglBp,0.04,24,24,TCTTCGGAGGATGTTGGTGG,0,2337802
mglBp,0.04,24,24,TCTCCATCGGTATTGCACTA,0,2345939
mglBp,0.04,24,24,TCTATCTGTTCGCACGAGAC,0,2372750
mglBp,0.04,24,24,TCGGTCCCCCGGGGTCGATG,0,2417385
mglBp,0.04,24,24,TCGGGTGGCGGTGGCCGCCC,0,2376103
mglBp,0.04,24,24,TCGGGGAGCCAGCTTCGGGT,0,2343698
mglBp,0.04,24,24,TCGGCCGACGCTGCTGACTA,0,2342175
mglBp,0.04,24,24,TCGGATTATTCCGGAATACC,0,2379137
mglBp,0.04,24,24,TCGCTGAAACCCCACACATG,0,2370147
mglBp,0.04,24,24,TCCTTGAGAGTTGACCGCTT,0,2327789
mglBp,0.04,24,24,TCCTTGAGAACGAAATGACT,0,2353495
mglBp,0.04,24,24,TCCCGTCTACATGTCTGGGA,0,2329402
mglBp,0.04,24,24,TCCCCCAATATAGCAGTTGC,0,2341784
mglBp,0.04,24,24,TCCCCAATTCCTTTTTTAGC,0,2333530
mglBp,0.04,24,24,TCATGGCACTATGGGTAGTA,0,2355039
mglBp,0.04,24,24,TCAGACCGCTTTTAAATGCC,0,2336332
mglBp,0.04,24,24,TCAGACAGCTCTAACAACGC,0,2396447
mglBp,0.04,24,24,TCACGATGGTGTTTCGCGTT,0,2319517
mglBp,0.04,24,24,TATTTGGCCTCAACGGCCGT,0,2376773
mglBp,0.04,24,24,TATTGGCAACGCTTGGAGAT,0,2391405
mglBp,0.04,24,24,TATTCCAAGGGGTGCTTCGA,0,2319841
mglBp,0.04,24,24,TATTATGGTTCGCCGGGGCA,0,2353008
mglBp,0.04,24,24,TATGTAATTACGTGCCATAT,0,2321937
mglBp,0.04,24,24,TATCTGGTTCGGGTAGTACA,0,2391721
mglBp,0.04,24,24,TATCGCAGTCGTGTAGGAAA,0,2337012
mglBp,0.04,24,24,TATATCAGTGGGCGTACCGC,0,2406935
mglBp,0.04,24,24,TAGGGGCTACTTTTTCCCGC,0,2364275
mglBp,0.04,24,24,TAGGGCCGCGCAGACCGACA,0,2385875
mglBp,0.04,24,24,TACCTGCGCTCCCGGCGTGT,0,2412516
mglBp,0.04,24,24,TACCTATTACTTGCACGGAT,0,2325802
mglBp,0.04,24,24,TAAGCTAATAGCGATTGCTA,0,2319920
mglBp,0.04,24,24,TAAATACCGTCATCCGGCGC,0,2341886
mglBp,0.04,24,24,GTTTACGGGTTACCTGACTT,0,2386245
mglBp,0.04,24,24,GTTCTGTGCCGGGTTGTACC,0,2351740
mglBp,0.04,24,24,GTGCGCACCATGCTTATCAA,0,2346663
mglBp,0.04,24,24,GTCTCTTTGAAGGATGTGTT,0,2330458
mglBp,0.04,24,24,GTCTCACCTGGTAGAGTCTA,0,2324073
mglBp,0.04,24,24,GTCCATCTACGCTTGTGAGC,0,2405104
mglBp,0.04,24,24,GTATAGAGGTGCACCGTCGG,0,2340892
mglBp,0.04,24,24,GTATAAGCCCATTGCGCACT,0,2373441
mglBp,0.04,24,24,GTAGTCTGAAACGTAGTTGT,0,2390669
mglBp,0.04,24,24,GTACTCGACAGTGGTCGGCT,0,2411943
mglBp,0.04,24,24,GTAACAGTCGGCGGCGGCCC,0,2409344
mglBp,0.04,24,24,GTAAATCGGTGGCGCAAGTT,0,2322758
mglBp,0.04,24,24,GGTGGCTTAAACAATTTACG,0,2359294
mglBp,0.04,24,24,GGTGATTAGAAACGTCCGGA,0,2385002
mglBp,0.04,24,24,GGTGACGTCGATGATCCTAA,0,2383148
mglBp,0.04,24,24,GGTAACTGTGTACCCATGGA,0,2327065
mglBp,0.04,24,24,GGTAAAAGCATGACTCGCGA,0,2385372
mglBp,0.04,24,24,GGGTCGGCGAGACCAGGTCC,0,2366570
mglBp,0.04,24,24,GGCGGAGCACATGGGGACTT,0,2339944
mglBp,0.04,24,24,GGCGAAATCCCAACGGCCCA,0,2399074
mglBp,0.04,24,24,GGCCAGGGCTTCTGTAGAGA,0,2359230
mglBp,0.04,24,24,GGCAGGCCCGGAAGACGCCT,0,2357869
mglBp,0.04,24,24,GGATCGACTAATGCAGGGGG,0,2365732
mglBp,0.04,24,24,GGAGCCGCTTCCACAAAGAA,0,2364136
mglBp,0.04,24,24,GGACTGAATTTTCGACGGTA,0,2416246
mglBp,0.04,24,24,GGAATTCATCCCACCATCAT,0,2397294
mglBp,0.04,24,24,GGAACCAGGAAAGATAAGCG,0,2374231
mglBp,0.04,24,24,GCGTGACAACGGCGCGGTTG,0,2376314
mglBp,0.04,24,24,GCGGGTCCCCATTGGTCCTG,0,2330642
mglBp,0.04,24,24,GCGCATAGAGAATCCAGATA,0,2360581
mglBp,0.04,24,24,GCGACCCCTATCTTGGGTAG,0,2324903
mglBp,0.04,24,24,GCCTTGAAATTGCCCTATAT,0,2352325
mglBp,0.04,24,24,GCCTCTAATGTGCATGGGCA,0,2354929
mglBp,0.04,24,24,GCCGTCACATGGTGATGAGA,0,2349008
mglBp,0.04,24,24,GCCGGCTTCTGGGTATCCAA,0,2380366
mglBp,0.04,24,24,GCCGATGGCGCGCCCAGAGG,0,2410314
mglBp,0.04,24,24,GCCCATGCGCGTAGGGCACA,0,2411107
mglBp,0.04,24,24,GCAGGTTTCACCAGAGTTCG,0,2420466
mglBp,0.04,24,24,GCAGGCAACGTACATAGGTT,0,2319451
mglBp,0.04,24,24,GATAAGGGTCCATTGCTACG,0,2320940
mglBp,0.04,24,24,GAGGTTGGTGCGTACGGTAT,0,2330473
mglBp,0.04,24,24,GAGCGAAATTAACTCGTGAT,0,2374280
mglBp,0.04,24,24,GAGAGTCTTACTTCAGTGCA,0,2357862
mglBp,0.04,24,24,GAGACCAAAGCCGGGGGCTC,0,2378701
mglBp,0.04,24,24,GACGGGGTTATGTGACATAA,0,2399297
mglBp,0.04,24,24,GAATCTAATCACATTAGATT,0,2388076
mglBp,0.04,24,24,GAACAGTTCCTAAGCGGAAT,0,2337580
mglBp,0.04,24,24,CTTTTCGCAGTTTTCGCATA,0,2343452
mglBp,0.04,24,24,CTTCTCTATCAAATGTGGCA,0,2407587
mglBp,0.04,24,24,CTTACGGACGCCGAACCTCT,0,2416976
mglBp,0.04,24,24,CTGGTTATCGAGCGGGATAA,0,2380715
mglBp,0.04,24,24,CTGAGGGGAATCGGAAAAAC,0,2362855
mglBp,0.04,24,24,CTGAGCAATGTCCTCCGAAA,0,2404790
mglBp,0.04,24,24,CTGAGACTCCGACAACCATA,0,2358521
mglBp,0.04,24,24,CTGAATCGCAGGTAAGCGAC,0,2355660
mglBp,0.04,24,24,CTCTGAGGATAGGGCCTTAT,0,2332224
mglBp,0.04,24,24,CTCTAAGGGTTGAGCGGTAA,0,2394934
mglBp,0.04,24,24,CTCCGATAAACGGTAGCCAA,0,2350232
mglBp,0.04,24,24,CTCCACGTCACTCCTGATAG,0,2406144
mglBp,0.04,24,24,CTATGACTGCCTCATGGTTG,0,2405008
mglBp,0.04,24,24,CTATCGCGACAGGCTCTCAT,0,2405865
mglBp,0.04,24,24,CTATACGTATCTCCTGACAT,0,2331579
mglBp,0.04,24,24,CTAGTTGCTGATGAGCTGCA,0,2399733
mglBp,0.04,24,24,CTACGTTACCGGTACATCAC,0,2375104
mglBp,0.04,24,24,CGTTCGTACAGACAGTTGAA,0,2389082
mglBp,0.04,24,24,CGTGAATGTACCATTACCGC,0,2323438
mglBp,0.04,24,24,CGTAGCTAGGTCAACCAACA,0,2345111
mglBp,0.04,24,24,CGGTCTGAGTAGAATGTGAA,0,2343351
mglBp,0.04,24,24,CGGGGAAGTACAACCCCGGT,0,2367921
mglBp,0.04,24,24,CGGACCATCGCAACAGCTAT,0,2400311
mglBp,0.04,24,24,CGCTGGTGAGTGGGCCTTCG,0,2359442
mglBp,0.04,24,24,CGCTCACCATAGGAATCAAA,0,2401884
mglBp,0.04,24,24,CGCCTTGCTCCATACAGCGT,0,2343843
mglBp,0.04,24,24,CGCCTACTTCTACTCGTTAG,0,2363751
mglBp,0.04,24,24,CGCCGGTTAGGACCTGAGGA,0,2372386
mglBp,0.04,24,24,CGAGGACACACAGAGGATCT,0,2342446
mglBp,0.04,24,24,CGAGCAGCTCTGGATAAACA,0,2389460
mglBp,0.04,24,24,CGACTGCGCAGTAGTCTCCT,0,2354383
mglBp,0.04,24,24,CGAACCCGGGTACCGCCGAT,0,2407523
mglBp,0.04,24,24,CCTACTTCAAATGGTTTTAG,0,2330709
mglBp,0.04,24,24,CCGAGCAGCGGTCTAATTGA,0,2406425
mglBp,0.04,24,24,CCCTCCATGCCGTATCAGCT,0,2404782
mglBp,0.04,24,24,CCCGCTATAGGTGGGCGCTT,0,2356701
mglBp,0.04,24,24,CCCCTGCGAAAGCGGCCCCT,0,2399302
mglBp,0.04,24,24,CCAGTAGACTCACGCCGCTA,0,2336958
mglBp,0.04,24,24,CCAGGGCTTATTCATGTTAT,0,2337398
mglBp,0.04,24,24,CCAGCCACTGAAGACGACCA,0,2386830
mglBp,0.04,24,24,CCAACTGCGGACCCGCAGCA,0,2353088
mglBp,0.04,24,24,CATGCAGAACCAGCCCCGAT,0,2402503
mglBp,0.04,24,24,CATAGACGTCCTTTAGGTGT,0,2354180
mglBp,0.04,24,24,CAGTCGGGTCGTGCATGATT,0,2368916
mglBp,0.04,24,24,CAGTCAATATAGCCCGTGCA,0,2327691
mglBp,0.04,24,24,CAGTAAGCCTTTCATCAGAA,0,2369395
mglBp,0.04,24,24,CAGCTATGTCGTCAGTGTAA,0,2423186
mglBp,0.04,24,24,CAGCGTTAGACGGGGAGAAT,0,2408185
mglBp,0.04,24,24,CACTAGAGGAGGCGGGTACG,0,2417781
mglBp,0.04,24,24,CACGTTGTCCTACCCTCACT,0,2393360
mglBp,0.04,24,24,CACGAATTTCAATCGCAGAG,0,2405925
mglBp,0.04,24,24,CACACGGAGGCGGCACTGAT,0,2338904
mglBp,0.04,24,24,CAATTAGCCCACCCAGTCGC,0,2347508
mglBp,0.04,24,24,ATTTCGTGGTGAAGGGTGGT,0,2422401
mglBp,0.04,24,24,ATTGGCCCTTGCTCCGTCCT,0,2327933
mglBp,0.04,24,24,ATTCTAATTAACCTTGTCTA,0,2377970
mglBp,0.04,24,24,ATTCGTTCTTCCGGGATAAA,0,2327467
mglBp,0.04,24,24,ATGGGATTCCCAACGGTAAC,0,2372063
mglBp,0.04,24,24,ATGCCGCATCGTTTGCGAGG,0,2406199
mglBp,0.04,24,24,ATCCACTATTGTAGAAGTTT,0,2407256
mglBp,0.04,24,24,ATATCTATCCTTCTATATCA,0,2321888
mglBp,0.04,24,24,AGTCCGTCTGATTGTGTTCT,0,2351399
mglBp,0.04,24,24,AGTCAGTGTGTTTTCTGTAG,0,2373989
mglBp,0.04,24,24,AGTAGCCAAGTCACGGCTGG,0,2331252
mglBp,0.04,24,24,AGGTGCAGGTCGGGGGACGG,0,2348951
mglBp,0.04,24,24,AGGGCGTTCTCTCGTTCATG,0,2322836
mglBp,0.04,24,24,AGGCCGCGGAGCCGTACATG,0,2323761
mglBp,0.04,24,24,AGGCCAGGCCGAAGGTTTTT,0,2339907
mglBp,0.04,24,24,AGGCAGGCAGGATACCCGGA,0,2326329
mglBp,0.04,24,24,AGGCAACAAATAACCTATCG,0,2357210
mglBp,0.04,24,24,AGGACGGAGTCTCATCAATG,0,2329005
mglBp,0.04,24,24,AGGAAAATACTACTGACGCA,0,2413777
mglBp,0.04,24,24,AGCTGGCCGGTAATGCCTAC,0,2380932
mglBp,0.04,24,24,AGCCGCCGCCAGCGCACTGA,0,2406740
mglBp,0.04,24,24,AGATTTATCCGATTCTGCGT,0,2346588
mglBp,0.04,24,24,AGAACGTCGCAGCCAATCGA,0,2373151
mglBp,0.04,24,24,ACTTTTCTCGTCTAAACGAA,0,2370889
mglBp,0.04,24,24,ACTCCTCGGGCTGAACCGGG,0,2334915
mglBp,0.04,24,24,ACTCCATGGATCCTCCCGTA,0,2347172
mglBp,0.04,24,24,ACGTTAAGGAGCGGTTTGGG,0,2327372
mglBp,0.04,24,24,ACGCGAGAAAGCTGTAATCT,0,2366491
mglBp,0.04,24,24,ACGATTCATCCAGGAGCGAC,0,2356567
mglBp,0.04,24,24,ACCTCCTCAGCGAGGAGGCT,0,2363277
mglBp,0.04,24,24,ACCCGGGATTTTCCAACTAT,0,2379593
mglBp,0.04,24,24,ACATTTCATGGTTCAAAAGG,0,2368322
mglBp,0.04,24,24,ACAGCAGCCCGTACGGGACG,0,2390417
mglBp,0.04,24,24,AATTCCCTGCATCCGAATCA,0,2401040
mglBp,0.04,24,24,AATTCCACGTGTACATAAAG,0,2346681
mglBp,0.04,24,24,AATGGGGCGCGTGGCAAGAA,0,2361595
mglBp,0.04,24,24,AATGGGGATCGGTTATCTCA,0,2329439
mglBp,0.04,24,24,AAGTTTGAAAGCTCCGGACA,0,2420805
mglBp,0.04,24,24,AAGTACACGGTATGGAACAG,0,2389591
mglBp,0.04,24,24,AACTCTTCCGGTACATCCCA,0,2341778
mglBp,0.04,24,24,AACGAGGGAGATTGGACGGG,0,2321586
mglBp,0.04,24,24,AACCTATAACTTGAGAATGT,0,2403904
mglBp,0.04,24,24,AAATCAACGACATTTTGGTA,0,2321085
mglBp,0.04,24,24,AAACTCGCACTATTGCGGTA,0,2400955
mglBp,0.04,24,24,AAACGATTTCTACTCGGAAG,0,2383559
mglBp,0.04,24,24,AAACAGGACTTCTACCAAAC,0,2410019
mglBp,0.04,24,24,AAAAGGACAAGAATTGACCA,0,2345649
mglBp,0.041666666666666664,23,23,TTTGGAATCCGCTCGCGGGT,0,2328552
mglBp,0.041666666666666664,23,23,TTTACTGGTGTCTGGTGTTA,0,2396725
mglBp,0.041666666666666664,23,23,TTGGTAACGCAGACGACCAT,0,2367746
mglBp,0.041666666666666664,23,23,TTGGCGTATAATGACGCACT,0,2361624
mglBp,0.041666666666666664,23,23,TTGCATGGATTAAATCTGAA,0,2339859
mglBp,0.041666666666666664,23,23,TTGAGCAATACCTTCGGACG,0,2395743
mglBp,0.041666666666666664,23,23,TTGAGAGACGAGCACCATCT,0,2392415
mglBp,0.041666666666666664,23,23,TTCAGTGATCCACATCGACT,0,2361576
mglBp,0.041666666666666664,23,23,TTCAGTCCGAGCAGTCAGTA,0,2383539
mglBp,0.041666666666666664,23,23,TTCAATTGTTGGTCCTGGCT,0,2336479
mglBp,0.041666666666666664,23,23,TTATGTCTCTAAGCTGCCGA,0,2333535
mglBp,0.041666666666666664,23,23,TTACTAAAAAGTCACTGTCC,0,2352998
mglBp,0.041666666666666664,23,23,TTACGGGGTCAGATCGACAG,0,2327375
mglBp,0.041666666666666664,23,23,TGTTATCCGAGGCGGCTCCG,0,2388852
mglBp,0.041666666666666664,23,23,TGTGCTATAGGAATATCATG,0,2330859
mglBp,0.041666666666666664,23,23,TGTGCGTTACTAACGGCCGA,0,2327976
mglBp,0.041666666666666664,23,23,TGTGAGCATAAGTTAGGATC,0,2355691
mglBp,0.041666666666666664,23,23,TGGGCTGTGATGAGCTTGGT,0,2367672
mglBp,0.041666666666666664,23,23,TGGCGGCTCAGACTGGAGGC,0,2363967
mglBp,0.041666666666666664,23,23,TGGCCTTGTAGGTTTGGTAT,0,2420074
mglBp,0.041666666666666664,23,23,TGGCACTCGGCATAACATCA,0,2344346
mglBp,0.041666666666666664,23,23,TGCTGCATCCGGGTTTCCAC,0,2391253
mglBp,0.041666666666666664,23,23,TGAGGATTTTGAATGTGGGT,0,2402739
mglBp,0.041666666666666664,23,23,TGACGGGCCGGAAGGGCGAT,0,2373470
mglBp,0.041666666666666664,23,23,TGACCACTCTGGTTTGTGAC,0,2318455
mglBp,0.041666666666666664,23,23,TGAACTCTTGCATCGAAACA,0,2359943
mglBp,0.041666666666666664,23,23,TCTGTGACGGAGTATAGATG,0,2355654
mglBp,0.041666666666666664,23,23,TCTGGGGGTCAATTTCGCGA,0,2407824
mglBp,0.041666666666666664,23,23,TCTATTTTCTATCCAGTATA,0,2414585
mglBp,0.041666666666666664,23,23,TCGTTAGGGTCCGATATAAC,0,2398452
mglBp,0.041666666666666664,23,23,TCGTCGGGAAACGTTTATGG,0,2331598
mglBp,0.041666666666666664,23,23,TCCTAGTGATTTAGCTCGAT,0,2402026
mglBp,0.041666666666666664,23,23,TCATTCCTAGCGGGTAATCA,0,2415677
mglBp,0.041666666666666664,23,23,TCAGTTTTCTTGAATCCGAA,0,2358710
mglBp,0.041666666666666664,23,23,TCACGCTTCGACAGCGCAAT,0,2404303
mglBp,0.041666666666666664,23,23,TCACACGACTGATTAGTGGT,0,2354326
mglBp,0.041666666666666664,23,23,TATGCCGCTCCGTCAAAGCG,0,2318142
mglBp,0.041666666666666664,23,23,TATCTTGTGCTTGCTGACAT,0,2409542
mglBp,0.041666666666666664,23,23,TATCGCAGTTAACGGGAACA,0,2338589
mglBp,0.041666666666666664,23,23,TAGTAGGCGTAGACGGTGTA,0,2365579
mglBp,0.041666666666666664,23,23,TAGGTGCGTCCCGTCTTGAC,0,2350191
mglBp,0.041666666666666664,23,23,TACTGTGACGTGGATCGATC,0,2350773
mglBp,0.041666666666666664,23,23,TACTGGGGGGCACAGCGGAT,0,2411988
mglBp,0.041666666666666664,23,23,TACGGAAGACGTCCGGAAGC,0,2358247
mglBp,0.041666666666666664,23,23,TACCGGATCTGTCGTTCCGA,0,2357297
mglBp,0.041666666666666664,23,23,TACAATAACACGTGCCGATA,0,2423649
mglBp,0.041666666666666664,23,23,TAAGTTTTTGGTGAGGTAAT,0,2411556
mglBp,0.041666666666666664,23,23,TAACTCGGCAGGATTAGCTG,0,2317823
mglBp,0.041666666666666664,23,23,GTTCCCCTCTAACACCGGGC,0,2345162
mglBp,0.041666666666666664,23,23,GTTCAAGCTACCAAATACGA,0,2324923
mglBp,0.041666666666666664,23,23,GTTAAAAGGGTTCCTCTAAA,0,2345966
mglBp,0.041666666666666664,23,23,GTGTGGATCGTCACGCTGAT,0,2325953
mglBp,0.041666666666666664,23,23,GTGAGCTAATATAATGTGCT,0,2326462
mglBp,0.041666666666666664,23,23,GTAAATAATGAACTAAATGA,0,2327987
mglBp,0.041666666666666664,23,23,GGTTTCCGGACGATGGGGGA,0,2320661
mglBp,0.041666666666666664,23,23,GGTGTGATCCCCCGCCCACG,0,2318195
mglBp,0.041666666666666664,23,23,GGTGCGTTCGACTAGGTCTG,0,2387642
mglBp,0.041666666666666664,23,23,GGTCCGCGAATTAGGCTATG,0,2385194
mglBp,0.041666666666666664,23,23,GGTACATACCTGAAGCCCGG,0,2326734
mglBp,0.041666666666666664,23,23,GGTAACTATGTCGAGGAGCT,0,2374796
mglBp,0.041666666666666664,23,23,GGGCGCACACCGCCATGCAG,0,2383279
mglBp,0.041666666666666664,23,23,GGCTGTGGGAGATCGACGAG,0,2397032
mglBp,0.041666666666666664,23,23,GGCGGCTCCGCGAAGGTAGT,0,2351370
mglBp,0.041666666666666664,23,23,GGATCGTCCTATCCCTAGTG,0,2361916
mglBp,0.041666666666666664,23,23,GGAGTTGCCCCAGATCCCCA,0,2363896
mglBp,0.041666666666666664,23,23,GGACCATGAAACAACTTAGA,0,2406890
mglBp,0.041666666666666664,23,23,GGAATTACATATCATCTCAA,0,2380022
mglBp,0.041666666666666664,23,23,GGAATGCTTATTTGAGCCAC,0,2388562
mglBp,0.041666666666666664,23,23,GGAATCCTATGTTTTCTTAT,0,2347421
mglBp,0.041666666666666664,23,23,GGAACATGGTTACTGTTATG,0,2323253
mglBp,0.041666666666666664,23,23,GCTTTGTTACAGCTAGAGCA,0,2384246
mglBp,0.041666666666666664,23,23,GCTTAGCTGGGGGACACAGA,0,2354859
mglBp,0.041666666666666664,23,23,GCTCTACCGTAACTCAAGCC,0,2416426
mglBp,0.041666666666666664,23,23,GCTAGGTCCGCGTCCTCTAA,0,2327083
mglBp,0.041666666666666664,23,23,GCGCTAAATGGTTAGCCAGA,0,2409620
mglBp,0.041666666666666664,23,23,GCGATACGGGCAGGCATGAT,0,2319935
mglBp,0.041666666666666664,23,23,GCGAAGCCATAACTTTGTTC,0,2341733
mglBp,0.041666666666666664,23,23,GCCTTCAGCCTTTAAAAAAT,0,2409230
mglBp,0.041666666666666664,23,23,GCCGTACTTCTTAGGTTTGC,0,2344798
mglBp,0.041666666666666664,23,23,GCCGGTCAGCGTAAAGCGGG,0,2380603
mglBp,0.041666666666666664,23,23,GCCATAGACGTTATGGAAGG,0,2384259
mglBp,0.041666666666666664,23,23,GCCATAATAGTGCGGCCACA,0,2339268
mglBp,0.041666666666666664,23,23,GCCAAGCAGCAGGTGACATC,0,2352839
mglBp,0.041666666666666664,23,23,GCCAACCCCGTCCGCACTAT,0,2337070
mglBp,0.041666666666666664,23,23,GCAGTTCCGCGCATCCCCGT,0,2378347
mglBp,0.041666666666666664,23,23,GCAGCGCCGCCGGCGAAATA,0,2366691
mglBp,0.041666666666666664,23,23,GCACAACGCGCAGGCGCTCA,0,2359996
mglBp,0.041666666666666664,23,23,GCAATCGGTTTGCTCTGTGT,0,2417942
mglBp,0.041666666666666664,23,23,GATCCTCAGCATAGCTCTTC,0,2345483
mglBp,0.041666666666666664,23,23,GATCACGAGAAATGGAATTA,0,2396774
mglBp,0.041666666666666664,23,23,GAGTGATCTCCGAGTAAGTA,0,2324113
mglBp,0.041666666666666664,23,23,GAGCTGAAAAAAAGGTTTTC,0,2339751
mglBp,0.041666666666666664,23,23,GAGCCTGGTCGGATCGTCCT,0,2351569
mglBp,0.041666666666666664,23,23,GAGCACTTCAAGCGTCTGCG,0,2401177
mglBp,0.041666666666666664,23,23,GACGTCTTTGCAAGCGGCGA,0,2352496
mglBp,0.041666666666666664,23,23,GACATTTTCCCATTCAGCGC,0,2330390
mglBp,0.041666666666666664,23,23,GACAGAACCCGGCACCAGAG,0,2352484
mglBp,0.041666666666666664,23,23,GAATGGAATTAATACAGAGT,0,2398970
mglBp,0.041666666666666664,23,23,GAAGTATATATGCCTCGATA,0,2375227
mglBp,0.041666666666666664,23,23,GAACCTTTACCCACGGATAT,0,2373466
mglBp,0.041666666666666664,23,23,GAACCGGGCTTGGGTGTGCA,0,2395383
mglBp,0.041666666666666664,23,23,GAAATCGTGTCTGGGCGGGA,0,2334554
mglBp,0.041666666666666664,23,23,GAAAGCAAAAATTCTGCTGT,0,2384363
mglBp,0.041666666666666664,23,23,GAAAGAGACGGGGTCAGCCT,0,2320693
mglBp,0.041666666666666664,23,23,GAAACTCTGGCCCCATGAAA,0,2322962
mglBp,0.041666666666666664,23,23,CTTCACATAGGATAAGCATA,0,2371596
mglBp,0.041666666666666664,23,23,CTGGGCTTTAGAAATCCCCC,0,2321138
mglBp,0.041666666666666664,23,23,CTGCCTGATCGTCACATCTG,0,2327773
mglBp,0.041666666666666664,23,23,CTGCACGCGTAGGGATTGGG,0,2388710
mglBp,0.041666666666666664,23,23,CTCGGGGTTACACAACTATA,0,2397252
mglBp,0.041666666666666664,23,23,CTAGAATGGATTTAGCAACC,0,2351748
mglBp,0.041666666666666664,23,23,CTACCACGATGATGCTTCCA,0,2419642
mglBp,0.041666666666666664,23,23,CGTCTAGATTTATTTCTCGT,0,2350747
mglBp,0.041666666666666664,23,23,CGTAATTTAACATAGGAACT,0,2410428
mglBp,0.041666666666666664,23,23,CGGGTTCAGGGTTCCTCGGT,0,2385966
mglBp,0.041666666666666664,23,23,CGGGGGCCGCTTTATTCGTA,0,2385914
mglBp,0.041666666666666664,23,23,CGGCGAGGGTACACGTGACC,0,2387648
mglBp,0.041666666666666664,23,23,CGGCCACAAACAAGACCGCT,0,2327009
mglBp,0.041666666666666664,23,23,CGGATAGCACGCGGTGCGTA,0,2411448
mglBp,0.041666666666666664,23,23,CGGAATCGGTCGTTAAACGA,0,2359177
mglBp,0.041666666666666664,23,23,CGCTTAAAAGTGCTTAAGAA,0,2412589
mglBp,0.041666666666666664,23,23,CGCTCTTTAGTGTCATAGCC,0,2396799
mglBp,0.041666666666666664,23,23,CGCGACGCTTCACGAGGTCC,0,2351269
mglBp,0.041666666666666664,23,23,CGCCGTGTGCACAATTTAAG,0,2409734
mglBp,0.041666666666666664,23,23,CGCCGTAGAACAAGTAAGCA,0,2352322
mglBp,0.041666666666666664,23,23,CGCACACCTTGGTCGCTCAA,0,2407450
mglBp,0.041666666666666664,23,23,CGAGCTCAATCGGCGGCGTA,0,2330263
mglBp,0.041666666666666664,23,23,CGACACCCTTGGGCGCGCTA,0,2380335
mglBp,0.041666666666666664,23,23,CGACAATATATCTCAATATA,0,2410021
mglBp,0.041666666666666664,23,23,CCTTGAGGCCTTGCGAGGAA,0,2400002
mglBp,0.041666666666666664,23,23,CCTGAGTCTACGTTTCTACA,0,2382139
mglBp,0.041666666666666664,23,23,CCTCCGTCGGACGGTACACA,0,2383632
mglBp,0.041666666666666664,23,23,CCGTTATCACCAATAAGCGA,0,2370016
mglBp,0.041666666666666664,23,23,CCGTCAAACGCACTTAGTTT,0,2379171
mglBp,0.041666666666666664,23,23,CCGTAGGAACTCACCATGTA,0,2339911
mglBp,0.041666666666666664,23,23,CCGCTATCTCGACTCTAACG,0,2332843
mglBp,0.041666666666666664,23,23,CCGCGTTACGTTCGTGCTCA,0,2349099
mglBp,0.041666666666666664,23,23,CCGAACGGTATCGTGTCTTA,0,2401226
mglBp,0.041666666666666664,23,23,CCCTGCCTGCCAGGGGGTAG,0,2370152
mglBp,0.041666666666666664,23,23,CCCTAGTTTGGATGACACTG,0,2389325
mglBp,0.041666666666666664,23,23,CCCCGGGCTCTTGATATGTA,0,2331122
mglBp,0.041666666666666664,23,23,CCCCATCTCGTAATACGTTG,0,2369172
mglBp,0.041666666666666664,23,23,CCATTATCACTTAGCGTCAT,0,2380726
mglBp,0.041666666666666664,23,23,CCATGCGCAAGGCGTGAAAG,0,2367771
mglBp,0.041666666666666664,23,23,CCAAAACAGACCCAAACCAC,0,2348706
mglBp,0.041666666666666664,23,23,CATCCTGCTCCGGGGCTGTG,0,2400813
mglBp,0.041666666666666664,23,23,CATCCCGCGCGCAAGCAGCT,0,2418365
mglBp,0.041666666666666664,23,23,CATATAATTTGCAACGTCTG,0,2417076
mglBp,0.041666666666666664,23,23,CATAACTGCGTTACAGGCAT,0,2377325
mglBp,0.041666666666666664,23,23,CATAAACTGGGGGAGGAATC,0,2325948
mglBp,0.041666666666666664,23,23,CAGGGTAATAAACCGAATTA,0,2373711
mglBp,0.041666666666666664,23,23,CAGCGGCCGAGGGGCCGTAC,0,2388919
mglBp,0.041666666666666664,23,23,CACTTGTTCTCGCGGGTTCA,0,2348588
mglBp,0.041666666666666664,23,23,CACTCGCGAATGAGACGCCA,0,2326746
mglBp,0.041666666666666664,23,23,CACGCACTCTGTTTAAGGAT,0,2321040
mglBp,0.041666666666666664,23,23,CAATGCCTTGAATAGCGAGA,0,2328386
mglBp,0.041666666666666664,23,23,CAAGTGTGGACTTAATGCAT,0,2368824
mglBp,0.041666666666666664,23,23,CAAGCTCTACTGCTACCAAT,0,2371936
mglBp,0.041666666666666664,23,23,CAACCGTGAGTTTTGCTCGT,0,2327407
mglBp,0.041666666666666664,23,23,CAACAGAGATTGGCGAGTAG,0,2325983
mglBp,0.041666666666666664,23,23,CAACAAATTAGCATACGTGA,0,2366086
mglBp,0.041666666666666664,23,23,ATTCTCGTCTCCGGCTTATG,0,2396200
mglBp,0.041666666666666664,23,23,ATTCCGTATAATCTTATTTA,0,2340559
mglBp,0.041666666666666664,23,23,ATGTTTAGGAGATGGTGGAT,0,2403177
mglBp,0.041666666666666664,23,23,ATGCCGAATCGCGAGTAGCC,0,2377035
mglBp,0.041666666666666664,23,23,ATCCGATCAAATTTTTTCAA,0,2348438
mglBp,0.041666666666666664,23,23,ATCCCCTCATGTTAGACATA,0,2410187
mglBp,0.041666666666666664,23,23,ATCATATGAAAGAGGGAAGA,0,2364373
mglBp,0.041666666666666664,23,23,ATATCATTGCTATTCAATAT,0,2341231
mglBp,0.041666666666666664,23,23,ATACGCCTCACGTTTTTGTC,0,2346275
mglBp,0.041666666666666664,23,23,ATAATTGACGTGTTAATTGT,0,2362827
mglBp,0.041666666666666664,23,23,ATAAGGACGACCTGTTATTA,0,2344131
mglBp,0.041666666666666664,23,23,ATAACAGCTGATGTTTGCAT,0,2337958
mglBp,0.041666666666666664,23,23,AGTTTATGCAGGACCGGTAA,0,2323844
mglBp,0.041666666666666664,23,23,AGTTGCATGCACTCAAGGGT,0,2357917
mglBp,0.041666666666666664,23,23,AGTTATGGTCCCGCCGTTTA,0,2359594
mglBp,0.041666666666666664,23,23,AGTACACTGAGTATGCTCGG,0,2343997
mglBp,0.041666666666666664,23,23,AGGTCTTGATTATAAATGTA,0,2386710
mglBp,0.041666666666666664,23,23,AGGGGGCTACAGATGGGAAC,0,2377192
mglBp,0.041666666666666664,23,23,AGGGATTGAGCCGGAGTAGG,0,2350570
mglBp,0.041666666666666664,23,23,AGGCTTAAGGAGGAATGGCA,0,2352266
mglBp,0.041666666666666664,23,23,AGGCCTGTAAGGGACCTGTA,0,2329105
mglBp,0.041666666666666664,23,23,AGGCCAGACTCTGGAAAGAG,0,2392849
mglBp,0.041666666666666664,23,23,AGGAAAATCGGGGTAATGGA,0,2333274
mglBp,0.041666666666666664,23,23,AGCTAGAAATTGTTACCATA,0,2320882
mglBp,0.041666666666666664,23,23,AGCTACCTGCATGACTCGAC,0,2350933
mglBp,0.041666666666666664,23,23,AGCTACCCCTGCTTAACAGT,0,2347228
mglBp,0.041666666666666664,23,23,AGCGCCATGTTATTTGAGAC,0,2413894
mglBp,0.041666666666666664,23,23,AGCCGCGTTTCACTCTGCCT,0,2401665
mglBp,0.041666666666666664,23,23,AGCCCATAGAAGTATCTCTT,0,2410229
mglBp,0.041666666666666664,23,23,AGCCAATTAGGCTCGCGAGA,0,2403889
mglBp,0.041666666666666664,23,23,AGAATGGGTTATTCAGTTCA,0,2319399
mglBp,0.041666666666666664,23,23,ACTGGTGTATAGCGAGCAAT,0,2378467
mglBp,0.041666666666666664,23,23,ACGGCGAACCGTGGATGGTG,0,2390639
mglBp,0.041666666666666664,23,23,ACGCCCATACCAACTGCTTT,0,2357262
mglBp,0.041666666666666664,23,23,ACGCACTAGCACGGACGTAG,0,2372540
mglBp,0.041666666666666664,23,23,ACGACCGTTCCAAACCATTG,0,2339834
mglBp,0.041666666666666664,23,23,ACGAAAAGGTGCTGTTGTTA,0,2410166
mglBp,0.041666666666666664,23,23,ACCTGGCGGGCGCTGTTCAT,0,2369995
mglBp,0.041666666666666664,23,23,ACCGTGGGGTCGGGGCGGAT,0,2365121
mglBp,0.041666666666666664,23,23,ACCGGCGCTTACTAGGCCTA,0,2344830
mglBp,0.041666666666666664,23,23,ACCGGATGTGAATCGTGTGC,0,2393188
mglBp,0.041666666666666664,23,23,ACCGGAAAGTGTTTTCCAGT,0,2392317
mglBp,0.041666666666666664,23,23,ACCACGTAGAGAGTCGTTGG,0,2374519
mglBp,0.041666666666666664,23,23,ACATGTCGTATCAGCCTCTT,0,2338775
mglBp,0.041666666666666664,23,23,AAGTGTTACGAGAATCACTG,0,2344472
mglBp,0.041666666666666664,23,23,AAGTCCATTAAGCCCTTTCC,0,2413744
mglBp,0.041666666666666664,23,23,AAGGCAGAGCTCTTGGGTCA,0,2397660
mglBp,0.041666666666666664,23,23,AAGGAGATTTAGGTCAGTGT,0,2323307
mglBp,0.041666666666666664,23,23,AAGGAGACTGTCTCACGATA,0,2387916
mglBp,0.041666666666666664,23,23,AAGCTTGTCGCGAACGTCAA,0,2383005
mglBp,0.041666666666666664,23,23,AACTCACATACCTCTAGGGA,0,2365825
mglBp,0.041666666666666664,23,23,AACGTGTCGTTCACCACAGA,0,2322295
mglBp,0.041666666666666664,23,23,AACCCCTTCCTAGTGCGTCA,0,2358693
mglBp,0.041666666666666664,23,23,AACACGAGGGTCCCAGGGCA,0,2347587
mglBp,0.041666666666666664,23,23,AAAGTCTAATGTGGCGGTAT,0,2327762
mglBp,0.041666666666666664,23,23,AAAGAAGCAGCTGACCCAAT,0,2344917
mglBp,0.041666666666666664,23,23,AAACGTAATTGTTCCGCCCA,0,2344016
mglBp,0.043478260869565216,22,22,TTTTTTTAACCTTGATGGGA,0,2330002
mglBp,0.043478260869565216,22,22,TTTTTGAGATAGCTACCAAG,0,2397567
mglBp,0.043478260869565216,22,22,TTTTGCACGACAAAGTCACC,0,2333260
mglBp,0.043478260869565216,22,22,TTTTCAAGAACGCGGCTTAT,0,2396356
mglBp,0.043478260869565216,22,22,TTTTAGTCTATAAAACCTAG,0,2352210
mglBp,0.043478260869565216,22,22,TTTGGCTCCATATCAACGAA,0,2362830
mglBp,0.043478260869565216,22,22,TTTGCATGGTACTCCGATAA,0,2375318
mglBp,0.043478260869565216,22,22,TTTCAAAGCGAACCCCTTTG,0,2338884
mglBp,0.043478260869565216,22,22,TTTAACCAAGCAATCTGCGA,0,2319783
mglBp,0.043478260869565216,22,22,TTGTTTTCGTATGGGCGCAT,0,2383251
mglBp,0.043478260869565216,22,22,TTGTCGCTGTCAGATTTGGG,0,2324276
mglBp,0.043478260869565216,22,22,TTGTCGCAGCTTATCCCCAT,0,2385909
mglBp,0.043478260869565216,22,22,TTGTATGGCAGACTGAATCG,0,2318643
mglBp,0.043478260869565216,22,22,TTGCTTCTCCATTCCTCCGA,0,2374762
mglBp,0.043478260869565216,22,22,TTGCTGTCCAAGTGTTTTGG,0,2337386
mglBp,0.043478260869565216,22,22,TTGCCAATCTGCGCCTATGA,0,2329933
mglBp,0.043478260869565216,22,22,TTGATTTGTCTACGCCCGAT,0,2379929
mglBp,0.043478260869565216,22,22,TTGACTGGTTGCCATGACGC,0,2421342
mglBp,0.043478260869565216,22,22,TTGACATCCATTGGGTGTTT,0,2373012
mglBp,0.043478260869565216,22,22,TTCTGGGTAAATGTTCACAA,0,2367256
mglBp,0.043478260869565216,22,22,TTCGGAACAGTCAAGTCTAT,0,2390641
mglBp,0.043478260869565216,22,22,TTCATCTAGTTATACTGGGA,0,2392572
mglBp,0.043478260869565216,22,22,TTCACTCCGTAGACGTGGGT,0,2390997
mglBp,0.043478260869565216,22,22,TTATTGACGTAGGAGAGAGA,0,2411527
mglBp,0.043478260869565216,22,22,TTATCGCTGATGCTGGCGAC,0,2337929
mglBp,0.043478260869565216,22,22,TTACCCCCGGAAAGAAAGGG,0,2340264
mglBp,0.043478260869565216,22,22,TGTCGGGCAAGTAACTACTC,0,2363884
mglBp,0.043478260869565216,22,22,TGTCGAAATAACACCATTTA,0,2340266
mglBp,0.043478260869565216,22,22,TGTAGCCAGTACCAAGTAGA,0,2350070
mglBp,0.043478260869565216,22,22,TGGTGTGGGGGGTTGGCGGA,0,2331052
mglBp,0.043478260869565216,22,22,TGGTATCTGCAACTGTCTAT,0,2358831
mglBp,0.043478260869565216,22,22,TGGTATAACAAGGGGTCGCA,0,2412773
mglBp,0.043478260869565216,22,22,TGGGCTGAGTGGCTATAACG,0,2355596
mglBp,0.043478260869565216,22,22,TGGCTTTTTATGTGTGCTTT,0,2419939
mglBp,0.043478260869565216,22,22,TGGAACGGCATTGAGTTTGT,0,2361601
mglBp,0.043478260869565216,22,22,TGCTCGATATTGCGAAAAAA,0,2423066
mglBp,0.043478260869565216,22,22,TGCGTACAGCTCGCCCTCTA,0,2356457
mglBp,0.043478260869565216,22,22,TGCGAGAGGCCCCGTGGACG,0,2411135
mglBp,0.043478260869565216,22,22,TGCGACCTCGCCTGGATGAA,0,2333110
mglBp,0.043478260869565216,22,22,TGCCTCTTTACATTCGTCTC,0,2356413
mglBp,0.043478260869565216,22,22,TGATCGGCGTTTTATGGGTC,0,2391932
mglBp,0.043478260869565216,22,22,TGATCAGCACCAGAAAGGTT,0,2366209
mglBp,0.043478260869565216,22,22,TGATAGACAAAGGCAGGGAT,0,2361211
mglBp,0.043478260869565216,22,22,TGAGTCATACCGCTCAAGGT,0,2400927
mglBp,0.043478260869565216,22,22,TGAGGGTAAACGCCAGTGAT,0,2386395
mglBp,0.043478260869565216,22,22,TGAGCGTCACTCGAGCAGCC,0,2377298
mglBp,0.043478260869565216,22,22,TGACCTATAGATATGGCATA,0,2395605
mglBp,0.043478260869565216,22,22,TGACAGTTTTATGTCACAAC,0,2338363
mglBp,0.043478260869565216,22,22,TGACACTTTACTCGCCTTAT,0,2362085
mglBp,0.043478260869565216,22,22,TGACACTCTGCTCTTGGAAT,0,2367228
mglBp,0.043478260869565216,22,22,TGAATCTCACAATCTGTTAA,0,2329145
mglBp,0.043478260869565216,22,22,TCTTCGGGGTCCACGGCAGT,0,2324442
mglBp,0.043478260869565216,22,22,TCTGTCAGGGGTCTCCGGTA,0,2399765
mglBp,0.043478260869565216,22,22,TCTGTAAGTTCGATGCCTTT,0,2391634
mglBp,0.043478260869565216,22,22,TCTCACTCGAACATCGCTGA,0,2382573
mglBp,0.043478260869565216,22,22,TCTACTTGGTGCACAGTAAT,0,2338620
mglBp,0.043478260869565216,22,22,TCTAAAGCGTAGATTCACTG,0,2365450
mglBp,0.043478260869565216,22,22,TCGTAAATTAAACATTACGA,0,2419212
mglBp,0.043478260869565216,22,22,TCGGTTCGATTAACAAATTA,0,2340898
mglBp,0.043478260869565216,22,22,TCGGCGCGTACTTATAAGTC,0,2364910
mglBp,0.043478260869565216,22,22,TCGCCTCAACCGGGCATTTA,0,2355839
mglBp,0.043478260869565216,22,22,TCGATACAGTACCCGACACC,0,2418644
mglBp,0.043478260869565216,22,22,TCGACTCAACTCAGGGATCG,0,2361642
mglBp,0.043478260869565216,22,22,TCCTTGGGTATAAGCTCGTT,0,2340642
mglBp,0.043478260869565216,22,22,TCCCTATGTTTTCAAACCAA,0,2338347
mglBp,0.043478260869565216,22,22,TCCCAGTGGTAAAAGCGAAA,0,2348404
mglBp,0.043478260869565216,22,22,TCCAGTGGCATACTGTCTAA,0,2331294
mglBp,0.043478260869565216,22,22,TCCACGTGGAATAATCTACA,0,2396861
mglBp,0.043478260869565216,22,22,TATTATCAGCTCAGCTAATG,0,2374629
mglBp,0.043478260869565216,22,22,TATGGGGTGGCCGCCCCCCA,0,2398844
mglBp,0.043478260869565216,22,22,TATAGGATTTCTCGAAAAAA,0,2320694
mglBp,0.043478260869565216,22,22,TAGTGTAAGAACTGTAGCAA,0,2340722
mglBp,0.043478260869565216,22,22,TAGGCGGCTAGCTCGCGGCA,0,2363313
mglBp,0.043478260869565216,22,22,TACTTCTCAGGTGGCAATAT,0,2331892
mglBp,0.043478260869565216,22,22,TACGCGTTTCATTACGTCGG,0,2390864
mglBp,0.043478260869565216,22,22,TACAGGTACCTGAGGCTGCA,0,2361393
mglBp,0.043478260869565216,22,22,TACAATGGCACATGGACGGC,0,2369179
mglBp,0.043478260869565216,22,22,TACAATAGTAAAGAAAGACA,0,2359602
mglBp,0.043478260869565216,22,22,TAATAACAGTAGCTGCCCAG,0,2368638
mglBp,0.043478260869565216,22,22,TAAATTGAGGACTACGATCT,0,2360144
mglBp,0.043478260869565216,22,22,TAAAGCATCCGGCTATGACA,0,2355452
mglBp,0.043478260869565216,22,22,GTTTTCTAAATGACTCGCCA,0,2411170
mglBp,0.043478260869565216,22,22,GTTGCAATTGATTAATCAGT,0,2353460
mglBp,0.043478260869565216,22,22,GTTCGTCCGTCCGATTAGCA,0,2350225
mglBp,0.043478260869565216,22,22,GTTCCTACTGAACAAGCATA,0,2370862
mglBp,0.043478260869565216,22,22,GTTCCGCCACAGAGAGTAAG,0,2412685
mglBp,0.043478260869565216,22,22,GTTACTGATAAATCATGCGG,0,2357985
mglBp,0.043478260869565216,22,22,GTGGCGTCGTCGTACACGCA,0,2413373
mglBp,0.043478260869565216,22,22,GTGACGTCATTTAAATACGT,0,2369178
mglBp,0.043478260869565216,22,22,GTCGGAAAAAGATCCGATAG,0,2415388
mglBp,0.043478260869565216,22,22,GTCCGTCGATTCTGTGGTGC,0,2345254
mglBp,0.043478260869565216,22,22,GTCAGGCTCGCTACATTAGT,0,2337018
mglBp,0.043478260869565216,22,22,GTATTACTACCAGTTCCCTA,0,2332288
mglBp,0.043478260869565216,22,22,GTATGTCCGTTCACGTGCTG,0,2386533
mglBp,0.043478260869565216,22,22,GTAGTAGTAGACTCGATGGA,0,2398289
mglBp,0.043478260869565216,22,22,GTACTGTATAAACAGATATT,0,2343935
mglBp,0.043478260869565216,22,22,GTACGAGAGCTTTGCTTCGT,0,2352993
mglBp,0.043478260869565216,22,22,GTACCGGACCACTTCGATGT,0,2325768
mglBp,0.043478260869565216,22,22,GTACAAAGTTATAAAATGCG,0,2340804
mglBp,0.043478260869565216,22,22,GTAAAGAAAAAAGGTCGATT,0,2346535
mglBp,0.043478260869565216,22,22,GGTGTACGCAGTCGGGTGAA,0,2402592
mglBp,0.043478260869565216,22,22,GGTGGGTTTTCTTGAGGACA,0,2406596
mglBp,0.043478260869565216,22,22,GGTGCGGCCTGGCCAACTCG,0,2349217
mglBp,0.043478260869565216,22,22,GGTATGTTTTGCGGAACTTC,0,2394086
mglBp,0.043478260869565216,22,22,GGGGGTGGGTTGCAAGTCAT,0,2394377
mglBp,0.043478260869565216,22,22,GGGGGTGACCTCAGACCGAG,0,2326290
mglBp,0.043478260869565216,22,22,GGGAAAATAACCATTGTCAT,0,2411559
mglBp,0.043478260869565216,22,22,GGCTCCCCGAGGACGTTGGT,0,2331962
mglBp,0.043478260869565216,22,22,GGCGGAGGACCGGGACACTA,0,2353811
mglBp,0.043478260869565216,22,22,GGCCCGAAGACAGTTGTGAT,0,2375177
mglBp,0.043478260869565216,22,22,GGCAGTACCGAATCTTGCAA,0,2384043
mglBp,0.043478260869565216,22,22,GGCAAGGCTACGTTCCGTTT,0,2383275
mglBp,0.043478260869565216,22,22,GGATTGGACTCAGTCGTTGG,0,2393580
mglBp,0.043478260869565216,22,22,GGAGTGGTGTTCGTTCGGAG,0,2331056
mglBp,0.043478260869565216,22,22,GGAGTAGCGACTTGGGCTCA,0,2336775
mglBp,0.043478260869565216,22,22,GGAACATGCAGGTATGGCCA,0,2413731
mglBp,0.043478260869565216,22,22,GCGTTCCGTGTGCGGTATTG,0,2398542
mglBp,0.043478260869565216,22,22,GCGGGTAGACGGCAGAGACG,0,2410813
mglBp,0.043478260869565216,22,22,GCGGGCTTGAGGATTCTATA,0,2344573
mglBp,0.043478260869565216,22,22,GCGGATTCGAGAGACCATCT,0,2321625
mglBp,0.043478260869565216,22,22,GCGCTCTGGGTACTGGCGCG,0,2420156
mglBp,0.043478260869565216,22,22,GCGCCATTGCGAATCGTGTA,0,2321446
mglBp,0.043478260869565216,22,22,GCCTTTCCTGAAGGACGGGC,0,2404636
mglBp,0.043478260869565216,22,22,GCCTGGTCGTTGCAGATTTG,0,2401642
mglBp,0.043478260869565216,22,22,GCCGAGGGCGATTTTAACTT,0,2394696
mglBp,0.043478260869565216,22,22,GCCCTGTACTTTATGCCAGA,0,2322448
mglBp,0.043478260869565216,22,22,GCATCACGATACGTCGAATG,0,2361215
mglBp,0.043478260869565216,22,22,GCATAGTTCGGTGCAGCCTC,0,2350970
mglBp,0.043478260869565216,22,22,GCAGGGAGTGACCGAAGTGT,0,2379344
mglBp,0.043478260869565216,22,22,GCAACTCCCGATGCAATACA,0,2384286
mglBp,0.043478260869565216,22,22,GATGTGGATCGGAGATGCAG,0,2334786
mglBp,0.043478260869565216,22,22,GATCGAGGACTTCTTAAGAG,0,2381411
mglBp,0.043478260869565216,22,22,GATCGACTGCCAGTTCATAA,0,2326461
mglBp,0.043478260869565216,22,22,GATCAGTGGTCATGACTATG,0,2325577
mglBp,0.043478260869565216,22,22,GATATAGGACCAGGGTCAAA,0,2374420
mglBp,0.043478260869565216,22,22,GAGTTAAGGGAGAATTAACG,0,2329490
mglBp,0.043478260869565216,22,22,GAGTGTATCGATTGACCGAT,0,2415097
mglBp,0.043478260869565216,22,22,GAGTCTAGTTCATTTTTTAT,0,2341942
mglBp,0.043478260869565216,22,22,GAGTCGCTTCCGTCGAGACG,0,2366365
mglBp,0.043478260869565216,22,22,GAGGAGTAATTAGGCCGAGT,0,2326519
mglBp,0.043478260869565216,22,22,GAGCAACGTCCCTTTTACTA,0,2388591
mglBp,0.043478260869565216,22,22,GACTCCCCTTGTATCCGCGA,0,2376698
mglBp,0.043478260869565216,22,22,GACTCAGCAGTGAACAACGT,0,2335883
mglBp,0.043478260869565216,22,22,GACGTAGATTGGCTCGGACA,0,2407521
mglBp,0.043478260869565216,22,22,GAATGCGATATGGTTTGTGA,0,2322296
mglBp,0.043478260869565216,22,22,GAAGGAGTATTGGCTGGTAA,0,2359278
mglBp,0.043478260869565216,22,22,GAAGGAGAGGTCAGTCGCAT,0,2368337
mglBp,0.043478260869565216,22,22,CTTTGCTAGACATGGCTTCT,0,2409676
mglBp,0.043478260869565216,22,22,CTTGAGTGACAGTCCGCGAC,0,2333482
mglBp,0.043478260869565216,22,22,CTGTCAACTACCTAAGTTGA,0,2417830
mglBp,0.043478260869565216,22,22,CTGTAGGCAACACATGGGTC,0,2328264
mglBp,0.043478260869565216,22,22,CTGGCAGAGTAGGTGAGCGT,0,2382249
mglBp,0.043478260869565216,22,22,CTGCGATTTGCAGTCTCCGC,0,2370513
mglBp,0.043478260869565216,22,22,CTGCAAGGGACAGTGTCCTT,0,2339826
mglBp,0.043478260869565216,22,22,CTCCGCCTTAAACTACTGTT,0,2321034
mglBp,0.043478260869565216,22,22,CTCCACCGAGGTGTCTCTTT,0,2395845
mglBp,0.043478260869565216,22,22,CTATACTGGCGACGCCTTTC,0,2337336
mglBp,0.043478260869565216,22,22,CTAGGGCGAAGGCACAGAGC,0,2347867
mglBp,0.043478260869565216,22,22,CTACAACAACTGCGATATTT,0,2348785
mglBp,0.043478260869565216,22,22,CGTTTCGGTGTCGCACCTGT,0,2412352
mglBp,0.043478260869565216,22,22,CGTGTATACCAAAGAGGCTT,0,2354708
mglBp,0.043478260869565216,22,22,CGTGGTCTAACCCCTAGCAA,0,2394939
mglBp,0.043478260869565216,22,22,CGTAGTTTCGCTCCGAACAT,0,2363545
mglBp,0.043478260869565216,22,22,CGTAGTGGCATTGGTACACG,0,2332153
mglBp,0.043478260869565216,22,22,CGTAGCCGTACACCGCGACA,0,2329288
mglBp,0.043478260869565216,22,22,CGGTGATGTTACTCTCAGTG,0,2362674
mglBp,0.043478260869565216,22,22,CGGGCGAAGAAAGCGTAGTT,0,2388470
mglBp,0.043478260869565216,22,22,CGGCCGCTGGGGTCAGGAAA,0,2391171
mglBp,0.043478260869565216,22,22,CGCGTTCTGACATTACTCGA,0,2396538
mglBp,0.043478260869565216,22,22,CGCGGGTAGGCGTATAAAGT,0,2328753
mglBp,0.043478260869565216,22,22,CGCCGAGGAGCCCTGATCGT,0,2336309
mglBp,0.043478260869565216,22,22,CGCCATGGCTACCCGTTAGC,0,2421667
mglBp,0.043478260869565216,22,22,CGCAGTTGAAGCTTGACGTA,0,2411236
mglBp,0.043478260869565216,22,22,CGATTGGCTTTGCAGCACCA,0,2360763
mglBp,0.043478260869565216,22,22,CGATGCGAGGCGGAAGTTTC,0,2394380
mglBp,0.043478260869565216,22,22,CGACGTGTCCCTTACAACGT,0,2400306
mglBp,0.043478260869565216,22,22,CCTCTCGATAACTAAGAGTG,0,2368711
mglBp,0.043478260869565216,22,22,CCTCCGGAATACTTTGATAT,0,2379330
mglBp,0.043478260869565216,22,22,CCTAGTCTACGTTTTTGGGA,0,2417156
mglBp,0.043478260869565216,22,22,CCGTGGAGCCGCATGTCCGT,0,2384288
mglBp,0.043478260869565216,22,22,CCGGTGGATAGGGGGCAGCA,0,2409203
mglBp,0.043478260869565216,22,22,CCGCTTCCAATTAACCATTT,0,2380927
mglBp,0.043478260869565216,22,22,CCGAAAAGTGGCCAAATGGA,0,2328168
mglBp,0.043478260869565216,22,22,CCCTTCAGTCTCTCTGGCGA,0,2337844
mglBp,0.043478260869565216,22,22,CCCTGGTCCTAAATGCGCAG,0,2319243
mglBp,0.043478260869565216,22,22,CCCGTGGAGGGGCGTCCCAT,0,2333539
mglBp,0.043478260869565216,22,22,CCCGTCATTCACCACAGGGT,0,2321824
mglBp,0.043478260869565216,22,22,CCCGAGTGCGGAGGTTATGA,0,2418745
mglBp,0.043478260869565216,22,22,CCCGAATAATGTTTCAGATG,0,2398580
mglBp,0.043478260869565216,22,22,CCCGAAGGTTAGACTGGATT,0,2371591
mglBp,0.043478260869565216,22,22,CCCGAAGAATTGTCTTCTCT,0,2316930
mglBp,0.043478260869565216,22,22,CCCCCGAGATTTACGAGCAA,0,2359656
mglBp,0.043478260869565216,22,22,CCCATTGTGTTTCGCGGCGT,0,2375176
mglBp,0.043478260869565216,22,22,CCCATTCCTAGTTATTACCC,0,2391570
mglBp,0.043478260869565216,22,22,CCCAATTCAGGGCACCCTAA,0,2369078
mglBp,0.043478260869565216,22,22,CCAATGGCGACCGATCATGG,0,2330362
mglBp,0.043478260869565216,22,22,CATGCTAAGAAAGGACATGT,0,2323077
mglBp,0.043478260869565216,22,22,CATAAGTGAGGCCCTCAGGA,0,2368512
mglBp,0.043478260869565216,22,22,CAGTTCTGTAAAATGGATTC,0,2371021
mglBp,0.043478260869565216,22,22,CAGTCCTCCTATACAGCGGG,0,2421674
mglBp,0.043478260869565216,22,22,CAGGTACAGCCTCAATACTC,0,2391257
mglBp,0.043478260869565216,22,22,CAGGACCGGCGGAAACGATG,0,2421422
mglBp,0.043478260869565216,22,22,CAGCGAGGTCCGGCGTTCGT,0,2372848
mglBp,0.043478260869565216,22,22,CAGAGATGGTTTATGAGGTG,0,2350786
mglBp,0.043478260869565216,22,22,CAGACAGTTCTCGACGTGAC,0,2400302
mglBp,0.043478260869565216,22,22,CACTTGGGCATACAGACCGA,0,2333715
mglBp,0.043478260869565216,22,22,CACGGGACTGGTTGAACTCG,0,2356663
mglBp,0.043478260869565216,22,22,CACGCGGGCTAGTGTAACTT,0,2335995
mglBp,0.043478260869565216,22,22,CACACGCCACGGAGTTCAGG,0,2340795
mglBp,0.043478260869565216,22,22,CACACAGGTACGCTGGGTTT,0,2389631
mglBp,0.043478260869565216,22,22,CAATGACTTGCTATGCCCAT,0,2387527
mglBp,0.043478260869565216,22,22,CAATGACCATGCATGTATCG,0,2390193
mglBp,0.043478260869565216,22,22,CAACCCTTTACATGAGGTTG,0,2407998
mglBp,0.043478260869565216,22,22,CAAACGCTTGTGGACATCTG,0,2369875
mglBp,0.043478260869565216,22,22,CAAAAGGTTAGTACATCCTA,0,2341245
mglBp,0.043478260869565216,22,22,ATTTTACCCAATACGACCGG,0,2379400
mglBp,0.043478260869565216,22,22,ATTTAGCGCTGTTGTTCGGA,0,2415331
mglBp,0.043478260869565216,22,22,ATTCGGAATGCTTGGATAGC,0,2319782
mglBp,0.043478260869565216,22,22,ATGTGGCTCGAATGCCCGGA,0,2400235
mglBp,0.043478260869565216,22,22,ATGGACTCGTCCCCCTACGA,0,2327050
mglBp,0.043478260869565216,22,22,ATGCGAGTCCTCCCGGGAAA,0,2420075
mglBp,0.043478260869565216,22,22,ATCGATAGGCCTCCAGATGA,0,2342232
mglBp,0.043478260869565216,22,22,ATCCGACGGGGGAGTGACGA,0,2399952
mglBp,0.043478260869565216,22,22,ATCCCCAATGATGTCCGGTC,0,2329588
mglBp,0.043478260869565216,22,22,ATATGTGGAGCCATTTTGGT,0,2349412
mglBp,0.043478260869565216,22,22,ATATGGAGGCCATTGTCGGG,0,2389618
mglBp,0.043478260869565216,22,22,ATAGTTCGTTTTCACCGGTT,0,2335005
mglBp,0.043478260869565216,22,22,ATAGTATATTCTACAAAGAA,0,2332846
mglBp,0.043478260869565216,22,22,ATAGTAACATTGAATGTCAG,0,2370272
mglBp,0.043478260869565216,22,22,ATAGGTGTGTGGGATCTTAA,0,2329445
mglBp,0.043478260869565216,22,22,ATACATTGTGGTCCCCTAGT,0,2414223
mglBp,0.043478260869565216,22,22,ATAATTCTTAACGATACCAT,0,2347500
mglBp,0.043478260869565216,22,22,ATAAATCAGTTCTCGTACCA,0,2324535
mglBp,0.043478260869565216,22,22,AGTTGCAATTGAAAGTGGAG,0,2410398
mglBp,0.043478260869565216,22,22,AGTAGGCTGATCACTAGGCC,0,2347858
mglBp,0.043478260869565216,22,22,AGGTTTTGATTGACTTTCAA,0,2337714
mglBp,0.043478260869565216,22,22,AGGTGCATGATCTCAAGAAC,0,2403329
mglBp,0.043478260869565216,22,22,AGGGTGGTAATCCTGTCGGC,0,2405009
mglBp,0.043478260869565216,22,22,AGGGCAATCCATCATTGGTA,0,2361625
mglBp,0.043478260869565216,22,22,AGGCGATCTACTATGGTTGT,0,2368888
mglBp,0.043478260869565216,22,22,AGGAGTGCTTCCGTTTGATG,0,2383684
mglBp,0.043478260869565216,22,22,AGGAGGACCTCAGTTACGAA,0,2392345
mglBp,0.043478260869565216,22,22,AGCTGGCCCGCGGCGGTGGT,0,2362865
mglBp,0.043478260869565216,22,22,AGCTATGTTTGAGTCGGATT,0,2327438
mglBp,0.043478260869565216,22,22,AGCGCTAGGTACAGCGGCTC,0,2352243
mglBp,0.043478260869565216,22,22,AGCCGTCAGTCGTCACTTTA,0,2393356
mglBp,0.043478260869565216,22,22,AGCCCTCCAAGGGAGTTTGC,0,2342679
mglBp,0.043478260869565216,22,22,AGCCCCATCCGAATTTTGAT,0,2390455
mglBp,0.043478260869565216,22,22,AGCACGAGAAGAACTTAAGC,0,2325981
mglBp,0.043478260869565216,22,22,AGCACCGTTCTCAAGGGACA,0,2343071
mglBp,0.043478260869565216,22,22,AGCAAGCGCTCACAATTGTA,0,2379170
mglBp,0.043478260869565216,22,22,AGATTTCAAGTATGATAGCC,0,2329564
mglBp,0.043478260869565216,22,22,AGATTAAACACTACCATCGT,0,2403797
mglBp,0.043478260869565216,22,22,AGATATCAGGTCCTCGCCTC,0,2398114
mglBp,0.043478260869565216,22,22,AGAGTGGGGTTATTTTACTA,0,2371642
mglBp,0.043478260869565216,22,22,AGACATACCCGACGGAGGCT,0,2331924
mglBp,0.043478260869565216,22,22,AGACAGATGCTATCTGCGAT,0,2319462
mglBp,0.043478260869565216,22,22,AGAAGAAGCGTGCTCAGTAT,0,2394700
mglBp,0.043478260869565216,22,22,ACTTTAATTTTACTGGCAGT,0,2407186
mglBp,0.043478260869565216,22,22,ACTCCACGGGAAGGAGCTCG,0,2353819
mglBp,0.043478260869565216,22,22,ACTATAGAACTGATAATTCT,0,2337106
mglBp,0.043478260869565216,22,22,ACGTTTCGATGGCTGGAATA,0,2352495
mglBp,0.043478260869565216,22,22,ACGCTCCCAACAGCGCTGAG,0,2390827
mglBp,0.043478260869565216,22,22,ACGATGAATGTCAGTGCGAA,0,2405954
mglBp,0.043478260869565216,22,22,ACGACGCTGGCAAGCTCAGT,0,2375048
mglBp,0.043478260869565216,22,22,ACCTCCGCCGGGGCTGGCAT,0,2420051
mglBp,0.043478260869565216,22,22,ACCGGACAAAGGCTCGTAGA,0,2317389
mglBp,0.043478260869565216,22,22,ACCGCGGCTCTTGAACCCTT,0,2374198
mglBp,0.043478260869565216,22,22,ACCCCCCGCCAGGCTGTAAG,0,2318365
mglBp,0.043478260869565216,22,22,ACCATCAGGTTAAATGCTTT,0,2410907
mglBp,0.043478260869565216,22,22,ACCATACAGTAACGGCTGCG,0,2319172
mglBp,0.043478260869565216,22,22,ACCAGCGGATGTCGGTTCCA,0,2381133
mglBp,0.043478260869565216,22,22,ACCAGCACTAGCCATGTTTG,0,2365058
mglBp,0.043478260869565216,22,22,ACATAAAGGAATGTACCTTT,0,2404502
mglBp,0.043478260869565216,22,22,ACAGTTACATTGGCGCACGA,0,2395253
mglBp,0.043478260869565216,22,22,ACAGGGTGGGCTCAGTCGCA,0,2353099
mglBp,0.043478260869565216,22,22,ACAGGCGTTATGGCTAGTTT,0,2328905
mglBp,0.043478260869565216,22,22,ACACTTTTCTTAAAGGAGCC,0,2325476
mglBp,0.043478260869565216,22,22,ACACCCGCTCTGAACCCGTA,0,2417009
mglBp,0.043478260869565216,22,22,ACACACTGTGGTGGCCTCGT,0,2333142
mglBp,0.043478260869565216,22,22,ACACAAGATGCGACCTTTTG,0,2337928
mglBp,0.043478260869565216,22,22,ACAAAAATTGGTGCATTTGC,0,2322375
mglBp,0.043478260869565216,22,22,AATTTAATTCATTTTTCGAA,0,2376821
mglBp,0.043478260869565216,22,22,AATGTTAAGCGCCCTTGATT,0,2380009
mglBp,0.043478260869565216,22,22,AATGTAAAGCTATCAGGTTT,0,2344170
mglBp,0.043478260869565216,22,22,AATGGCGTACCACTTGGAGT,0,2402171
mglBp,0.043478260869565216,22,22,AATGAACCTTCGTATATGAA,0,2328657
mglBp,0.043478260869565216,22,22,AATCCACCGTGGAACAGGGT,0,2377274
mglBp,0.043478260869565216,22,22,AAGGTTTGAAACTGTGCCTA,0,2325856
mglBp,0.043478260869565216,22,22,AAGCCCATGGTAGACAATGT,0,2334062
mglBp,0.043478260869565216,22,22,AAGAGATAGGGCTGTACTAG,0,2319565
mglBp,0.043478260869565216,22,22,AACGACTGAAATGCACGCAA,0,2320219
mglBp,0.043478260869565216,22,22,AACGAAACTTAGGTGAACGT,0,2408652
mglBp,0.043478260869565216,22,22,AACCACAGTTGGCGTAGCGG,0,2376909
mglBp,0.043478260869565216,22,22,AAACTGTAAATTCTTTTAAT,0,2410020
mglBp,0.043478260869565216,22,22,AAACCCTTTGAAAAACCGTC,0,2360765
mglBp,0.045454545454545456,21,21,TTTTCTTCGGGAGCAAACAG,0,2381231
mglBp,0.045454545454545456,21,21,TTTTCTAGTTTTAGCGCTGC,0,2343236
mglBp,0.045454545454545456,21,21,TTTGGGCCGAACAAGCTTTG,0,2326477
mglBp,0.045454545454545456,21,21,TTTCCGATCCTCCCGGATGT,0,2405457
mglBp,0.045454545454545456,21,21,TTGACCCCGCGCTTGCAAAG,0,2338037
mglBp,0.045454545454545456,21,21,TTGAACCTCCCCGCTGTGAT,0,2392780
mglBp,0.045454545454545456,21,21,TTCCGTCCCCAGTATGAGGG,0,2390575
mglBp,0.045454545454545456,21,21,TTCAGTGTGTAGGAAGCTGA,0,2356441
mglBp,0.045454545454545456,21,21,TTAGCGCGGCCAGCCGCGGT,0,2369260
mglBp,0.045454545454545456,21,21,TTACGTGGGCCGCACATCCT,0,2383929
mglBp,0.045454545454545456,21,21,TTAATAAGCGTCAAGTACAA,0,2340002
mglBp,0.045454545454545456,21,21,TGTTGTTAGCGATCAATCTG,0,2354659
mglBp,0.045454545454545456,21,21,TGTTGGGGACTCACTTGGTA,0,2375538
mglBp,0.045454545454545456,21,21,TGTTAGGAGAAATTACGATT,0,2349020
mglBp,0.045454545454545456,21,21,TGTGCAGCCAAGTGTGTATT,0,2390188
mglBp,0.045454545454545456,21,21,TGTCTGTAGCATCCGGTCAA,0,2324116
mglBp,0.045454545454545456,21,21,TGTCATGCCACGGAGTTCAT,0,2348836
mglBp,0.045454545454545456,21,21,TGGTGTGGCTCTGCGACGGC,0,2340513
mglBp,0.045454545454545456,21,21,TGGCGGAACCATGAGATACT,0,2377054
mglBp,0.045454545454545456,21,21,TGGCGACTGTACGTTGCAGT,0,2321767
mglBp,0.045454545454545456,21,21,TGGCATATGCGACGTAGCTG,0,2356667
mglBp,0.045454545454545456,21,21,TGGAGAAGTATACTGATAAG,0,2335703
mglBp,0.045454545454545456,21,21,TGCTGGGTCCGAATACAACA,0,2328337
mglBp,0.045454545454545456,21,21,TGCCTCGACTGTCCGCTGAA,0,2411680
mglBp,0.045454545454545456,21,21,TGCCCTAAGTTATGACTCCT,0,2369641
mglBp,0.045454545454545456,21,21,TGCAGCTCATATAGCCTGAA,0,2409885
mglBp,0.045454545454545456,21,21,TGCAAATGCTCAGAGATTAA,0,2351866
mglBp,0.045454545454545456,21,21,TGATGCTTGCTTCATGCGTT,0,2382879
mglBp,0.045454545454545456,21,21,TGAGTTAACTCGTGAAGGCG,0,2320541
mglBp,0.045454545454545456,21,21,TGACCAGAATGCAGTTTAAT,0,2354428
mglBp,0.045454545454545456,21,21,TGACCACACGTTAGCAGCAA,0,2366138
mglBp,0.045454545454545456,21,21,TGAATTTGGCCGATACAGTG,0,2367210
mglBp,0.045454545454545456,21,21,TCTTGGGGCAAGACCGAAGA,0,2407757
mglBp,0.045454545454545456,21,21,TCGTCTCTATGGCACACAAG,0,2377416
mglBp,0.045454545454545456,21,21,TCGGATCCGATAGCAAACGT,0,2317767
mglBp,0.045454545454545456,21,21,TCCTCCTGATACGGATGGCT,0,2408535
mglBp,0.045454545454545456,21,21,TCCGGTGCTACGTGAACGCG,0,2371088
mglBp,0.045454545454545456,21,21,TCCCGGACACAGCGTGAAGA,0,2405917
mglBp,0.045454545454545456,21,21,TCCAGAAGCGTTGACACTGA,0,2356147
mglBp,0.045454545454545456,21,21,TCATCGGACTATCTCCATCT,0,2362960
mglBp,0.045454545454545456,21,21,TCAGACCGCTCCCGCCCAAA,0,2357150
mglBp,0.045454545454545456,21,21,TCAACTAGCGCGCATCTGAA,0,2383718
mglBp,0.045454545454545456,21,21,TATTCCCAGCGGGGGGGCTC,0,2376564
mglBp,0.045454545454545456,21,21,TATCATCTAAAGAACGCCGA,0,2345357
mglBp,0.045454545454545456,21,21,TAGATCTCGGCCGCCCCCGT,0,2374751
mglBp,0.045454545454545456,21,21,TAGAGTGTCGCAGTCAAGGA,0,2419468
mglBp,0.045454545454545456,21,21,TACTGAAAGCCTCTACGTGA,0,2374091
mglBp,0.045454545454545456,21,21,TACGACATGTTCGTTGCTTC,0,2341270
mglBp,0.045454545454545456,21,21,TACATAACGGGTGTCTGCCT,0,2365723
mglBp,0.045454545454545456,21,21,TACACGTCGGAGGGTCACTT,0,2317365
mglBp,0.045454545454545456,21,21,TACACAGATTCTTCAATGAC,0,2399326
mglBp,0.045454545454545456,21,21,TAAGTTACACTTTACCGGTT,0,2402358
mglBp,0.045454545454545456,21,21,TAAGCAGCTCGTCAGAATAA,0,2420252
mglBp,0.045454545454545456,21,21,TAAGAAGCCGACCATGTCCA,0,2371687
mglBp,0.045454545454545456,21,21,TAACGCTAACGGCGAATCGG,0,2358576
mglBp,0.045454545454545456,21,21,TAAAATGGTCGTCGCTTAGG,0,2389919
mglBp,0.045454545454545456,21,21,GTTTTGGACCTGCACTAATT,0,2351910
mglBp,0.045454545454545456,21,21,GTTTATCGCGTAGTGATTCA,0,2382108
mglBp,0.045454545454545456,21,21,GTTATCGACGCGCGCTCAGG,0,2404628
mglBp,0.045454545454545456,21,21,GTGTATACCTACGTGCGAAG,0,2368876
mglBp,0.045454545454545456,21,21,GTGGGGGGTCTTCCGGAGGT,0,2412334
mglBp,0.045454545454545456,21,21,GTGCCTTAGCAGATAACTTT,0,2322017
mglBp,0.045454545454545456,21,21,GTGAAAACAGCGTACTGGCT,0,2382953
mglBp,0.045454545454545456,21,21,GTCTTCCCTAGAACGGTTCA,0,2370423
mglBp,0.045454545454545456,21,21,GTCTCAAACAGGTAACCAAG,0,2413404
mglBp,0.045454545454545456,21,21,GTATGTTCTGGAGCGAAGAT,0,2408325
mglBp,0.045454545454545456,21,21,GTAATCGCAGACTAAGAATT,0,2369339
mglBp,0.045454545454545456,21,21,GTAACGGAAATCAGAGAGAC,0,2318938
mglBp,0.045454545454545456,21,21,GTAAAGGTTTCAATAGGAGA,0,2344048
mglBp,0.045454545454545456,21,21,GGTTAAGTCTGCTGGACGGT,0,2341718
mglBp,0.045454545454545456,21,21,GGTGTCATTGCGGTTTTCCT,0,2343751
mglBp,0.045454545454545456,21,21,GGTGGGTGGCTCTCTGAGCA,0,2391314
mglBp,0.045454545454545456,21,21,GGTACCTACTAACATGGCAG,0,2421131
mglBp,0.045454545454545456,21,21,GGGTTTCAACAATTGCTTCG,0,2385965
mglBp,0.045454545454545456,21,21,GGGTTAGCTGTTCGCGCACG,0,2317857
mglBp,0.045454545454545456,21,21,GGGGGGGTACAAATCTCGGT,0,2394899
mglBp,0.045454545454545456,21,21,GGGGGCGATGTTTAACACGT,0,2334333
mglBp,0.045454545454545456,21,21,GGGGCCGCTTTTCCCAGATA,0,2387676
mglBp,0.045454545454545456,21,21,GGGCGGAGACACGTGGTTGG,0,2387096
mglBp,0.045454545454545456,21,21,GGCTTGACTCAGCCAGATAT,0,2317968
mglBp,0.045454545454545456,21,21,GGCTGAACTGTGAAATAGAT,0,2318294
mglBp,0.045454545454545456,21,21,GGCTCTACCTGGTGGGGCAA,0,2344290
mglBp,0.045454545454545456,21,21,GGCGTTGGCCCCCTGTTCAA,0,2409231
mglBp,0.045454545454545456,21,21,GGCGGGATAACGGAAAGTGT,0,2321710
mglBp,0.045454545454545456,21,21,GGCATTTTAAAGCGGCTTGT,0,2372389
mglBp,0.045454545454545456,21,21,GGATCTAATGGGACCCAGCT,0,2331578
mglBp,0.045454545454545456,21,21,GGAGCTACATAGTAGAGTGG,0,2409558
mglBp,0.045454545454545456,21,21,GGACACGGCCTATAGCGCGA,0,2356416
mglBp,0.045454545454545456,21,21,GGAAAAGACCGCTAATTCGT,0,2386524
mglBp,0.045454545454545456,21,21,GCTTTAGCTGCTGCGCCCAC,0,2371321
mglBp,0.045454545454545456,21,21,GCTCCTTTTGGGGGAAAGGC,0,2323810
mglBp,0.045454545454545456,21,21,GCTCACCCCTACATCGAGCG,0,2317047
mglBp,0.045454545454545456,21,21,GCTACCAGTTGTCGTCACGA,0,2352344
mglBp,0.045454545454545456,21,21,GCGCACAACATCCAAAGTTT,0,2364551
mglBp,0.045454545454545456,21,21,GCGAGCCGCGGCCTGCCAAG,0,2401987
mglBp,0.045454545454545456,21,21,GCCGTGTTAAAAAAAAAACT,0,2398663
mglBp,0.045454545454545456,21,21,GCCGAGGTCAGCAATGCTGT,0,2412861
mglBp,0.045454545454545456,21,21,GCCCTGCAGTTGCTGATCCA,0,2345520
mglBp,0.045454545454545456,21,21,GCCCAGGTCCGACAAGCAAA,0,2354072
mglBp,0.045454545454545456,21,21,GCCACAGGCACTGGATATCA,0,2323728
mglBp,0.045454545454545456,21,21,GCACGATAGACCCCGCCGAC,0,2369607
mglBp,0.045454545454545456,21,21,GCACACCATACCTGAGAAGC,0,2319230
mglBp,0.045454545454545456,21,21,GCAAGCCCGACTACAATTAG,0,2392668
mglBp,0.045454545454545456,21,21,GATGGTAGCCATCCTCCCAT,0,2364196
mglBp,0.045454545454545456,21,21,GATCTTAATTGAGAGACATT,0,2350073
mglBp,0.045454545454545456,21,21,GATCAATTATAGTTTGGACC,0,2372543
mglBp,0.045454545454545456,21,21,GATATGCGGCTACTTGGGTC,0,2388377
mglBp,0.045454545454545456,21,21,GATATGATGTGTTACATAGT,0,2417040
mglBp,0.045454545454545456,21,21,GATAATCGCTTGGGAATCCA,0,2409587
mglBp,0.045454545454545456,21,21,GATAACCGTAGGTAGGAGTA,0,2381166
mglBp,0.045454545454545456,21,21,GAGGGGCGCCGATACGCGAA,0,2390426
mglBp,0.045454545454545456,21,21,GAGGCACCCCGCTCGTACTG,0,2332591
mglBp,0.045454545454545456,21,21,GACTGTTCTCTTACTACTCT,0,2354741
mglBp,0.045454545454545456,21,21,GACGGCCTTACACCGGTTTG,0,2358229
mglBp,0.045454545454545456,21,21,GACGCGTCTCTTGAATACAG,0,2352249
mglBp,0.045454545454545456,21,21,GACCCCGCTGGGAAAATACT,0,2384625
mglBp,0.045454545454545456,21,21,GAAGGTTTTAGAACTCAGAA,0,2378175
mglBp,0.045454545454545456,21,21,GAACTAGGTAGACTGCGACT,0,2397851
mglBp,0.045454545454545456,21,21,GAACAATAGTCGAACCACGA,0,2357524
mglBp,0.045454545454545456,21,21,GAAACGCATCAGCCGACTTC,0,2319214
mglBp,0.045454545454545456,21,21,GAAACCGTTCCACCAGAATT,0,2357021
mglBp,0.045454545454545456,21,21,CTTTCTGACGTGTCATCCAT,0,2413927
mglBp,0.045454545454545456,21,21,CTTTCGTAAGAGCCTTCCGG,0,2378731
mglBp,0.045454545454545456,21,21,CTTCTAAACATCGGTCGCGG,0,2397420
mglBp,0.045454545454545456,21,21,CTGTTGTCTCCGAGTGGTTT,0,2405595
mglBp,0.045454545454545456,21,21,CTGTGCCACTGACGTGAGGA,0,2332588
mglBp,0.045454545454545456,21,21,CTGTCAGGGGGGACAAGATC,0,2341191
mglBp,0.045454545454545456,21,21,CTGGTCCACAGCACAACACA,0,2396550
mglBp,0.045454545454545456,21,21,CTGGTAGACCGGTGCTTCTA,0,2350071
mglBp,0.045454545454545456,21,21,CTGGGAGACTACGCGAAGCT,0,2316864
mglBp,0.045454545454545456,21,21,CTGGGAATTCGGGACTTTAA,0,2386244
mglBp,0.045454545454545456,21,21,CTCCTGAAAGACTTTCGCGT,0,2379406
mglBp,0.045454545454545456,21,21,CTCATTATCGTGGAAGGTCA,0,2391437
mglBp,0.045454545454545456,21,21,CTCATTAGAGTAGTCGAACT,0,2352904
mglBp,0.045454545454545456,21,21,CTATGGGTCCGGTGAATCAA,0,2325172
mglBp,0.045454545454545456,21,21,CTATAGTGTTCGGTCATCTG,0,2375729
mglBp,0.045454545454545456,21,21,CTAGCCTATTGGATCGGGTT,0,2388529
mglBp,0.045454545454545456,21,21,CTACCGACGTACCCAGTGGA,0,2416104
mglBp,0.045454545454545456,21,21,CTAATAACGTGCGATTATGC,0,2361021
mglBp,0.045454545454545456,21,21,CTAACGAGCGTCTCCCGGGT,0,2376266
mglBp,0.045454545454545456,21,21,CTAAAGGTACATCGTAGACG,0,2390785
mglBp,0.045454545454545456,21,21,CGTTATAATTCGGACGAATT,0,2405953
mglBp,0.045454545454545456,21,21,CGTGTCTTCGTACGCGGCGG,0,2411162
mglBp,0.045454545454545456,21,21,CGTCCAAATCCATGGGACGA,0,2364026
mglBp,0.045454545454545456,21,21,CGTACACTAAAGCTTACTAT,0,2403457
mglBp,0.045454545454545456,21,21,CGTAATCCGCACCTATGAAA,0,2365686
mglBp,0.045454545454545456,21,21,CGTAACATCCCCACCATCCA,0,2353838
mglBp,0.045454545454545456,21,21,CGGTGTATCCCGACGTGGGT,0,2375980
mglBp,0.045454545454545456,21,21,CGGTGTACCTGTGCCACAGC,0,2330646
mglBp,0.045454545454545456,21,21,CGGCTTTGCGTGTCGTGTGG,0,2338385
mglBp,0.045454545454545456,21,21,CGGATGGAGGAAGTATAAAT,0,2348834
mglBp,0.045454545454545456,21,21,CGGATAGGAGTCCATACGTG,0,2382107
mglBp,0.045454545454545456,21,21,CGGAGTGTATTGTACCGTTG,0,2338383
mglBp,0.045454545454545456,21,21,CGGAATCTTTGCTCCGATAT,0,2346692
mglBp,0.045454545454545456,21,21,CGGAAGTAGAGGTACGCCAG,0,2341820
mglBp,0.045454545454545456,21,21,CGCTGGCCTAGTCATCTTCA,0,2348111
mglBp,0.045454545454545456,21,21,CGCTACGATTCGGGAAATAA,0,2361560
mglBp,0.045454545454545456,21,21,CGCGAAACGGGCCTAAGAAG,0,2362513
mglBp,0.045454545454545456,21,21,CGCCGACCTCTAGACGGCCC,0,2347066
mglBp,0.045454545454545456,21,21,CGCAAAGTCGGTACTGAAAA,0,2332859
mglBp,0.045454545454545456,21,21,CGATATCCGCCATCCAAGTA,0,2389328
mglBp,0.045454545454545456,21,21,CGAGGTCAGTCTGTGCCTCC,0,2376541
mglBp,0.045454545454545456,21,21,CGACGGCATCACCAAGAACT,0,2391673
mglBp,0.045454545454545456,21,21,CGACAGTCCCGGCATTCAAT,0,2412080
mglBp,0.045454545454545456,21,21,CGAATGTAATATTGCATGAT,0,2368887
mglBp,0.045454545454545456,21,21,CCTGTTATGTTACGATAGAC,0,2374574
mglBp,0.045454545454545456,21,21,CCTCAGCGAAATAGTCACGT,0,2344879
mglBp,0.045454545454545456,21,21,CCTACAACAGTCAATCTGCA,0,2320646
mglBp,0.045454545454545456,21,21,CCGTTGGCAACTCATCAGTA,0,2385022
mglBp,0.045454545454545456,21,21,CCGGACAGTGTGAAAGGAAA,0,2409633
mglBp,0.045454545454545456,21,21,CCGCCTCTGCAGTAGCTCAT,0,2392256
mglBp,0.045454545454545456,21,21,CCGATGCACCAGTGTACGCA,0,2357944
mglBp,0.045454545454545456,21,21,CCGAGTCAAAGGGTGGCAAC,0,2328324
mglBp,0.045454545454545456,21,21,CCCTACGTCGGCTTCCAATT,0,2405080
mglBp,0.045454545454545456,21,21,CCCTAATCCTAAGATACGCG,0,2368704
mglBp,0.045454545454545456,21,21,CCCGTACCCTTACAGGGTGA,0,2419770
mglBp,0.045454545454545456,21,21,CCCGGTGCTGTAGTCCCGTG,0,2337310
mglBp,0.045454545454545456,21,21,CCCGGAAGATGCGCAGGTGG,0,2391220
mglBp,0.045454545454545456,21,21,CCCGCATTTGGTGATTGTCT,0,2400848
mglBp,0.045454545454545456,21,21,CCCCTTCGAGATGATCATGT,0,2343354
mglBp,0.045454545454545456,21,21,CCCACGCGCATTCAACGCAA,0,2405911
mglBp,0.045454545454545456,21,21,CCAGAAAGGCAGCAGTCGCG,0,2365059
mglBp,0.045454545454545456,21,21,CCAAGACGATCCATCGCATG,0,2324622
mglBp,0.045454545454545456,21,21,CCAACGATACAAGCAGGGTA,0,2360705
mglBp,0.045454545454545456,21,21,CATTTGGTGGAGCCGCCATT,0,2326805
mglBp,0.045454545454545456,21,21,CATTGAAACCGAACCAAGCG,0,2379588
mglBp,0.045454545454545456,21,21,CATTCGCCGGCTTATGCAAA,0,2364782
mglBp,0.045454545454545456,21,21,CATGAGTTATACATAGGACG,0,2380642
mglBp,0.045454545454545456,21,21,CATCTCCCTGTGGTTACTTA,0,2387212
mglBp,0.045454545454545456,21,21,CAGGTATTCTACGCGACTAG,0,2371893
mglBp,0.045454545454545456,21,21,CAGCGTTATATATGCATTTA,0,2413142
mglBp,0.045454545454545456,21,21,CAGCGCCGCTGAGTTCGATC,0,2328110
mglBp,0.045454545454545456,21,21,CAGACTTTTTGTTGGGCCGT,0,2411260
mglBp,0.045454545454545456,21,21,CAGAACTAAACGCGGCATAA,0,2374457
mglBp,0.045454545454545456,21,21,CACTTTTTGTGAAATGGGGA,0,2385542
mglBp,0.045454545454545456,21,21,CACTGTAGTAAGAACCGGAA,0,2324865
mglBp,0.045454545454545456,21,21,CACTATCATTGTGTGGGAGA,0,2377082
mglBp,0.045454545454545456,21,21,CACGTACGGTATTGTAGTTG,0,2370984
mglBp,0.045454545454545456,21,21,CACGGTAGGCCTCGGATCGT,0,2398871
mglBp,0.045454545454545456,21,21,CACCCGTTTTTGTGCAAGTC,0,2359665
mglBp,0.045454545454545456,21,21,CACCCAGCTGAGGATACACA,0,2331326
mglBp,0.045454545454545456,21,21,CAATTATCGGCGGGTTTTTC,0,2409290
mglBp,0.045454545454545456,21,21,CAATACTTACCGTTCGAGAG,0,2366494
mglBp,0.045454545454545456,21,21,CAAGACTCAGTTCCCCCTGA,0,2354509
mglBp,0.045454545454545456,21,21,CAAGACGGCGAGGCATCATG,0,2316461
mglBp,0.045454545454545456,21,21,CAACCTGCTAGGAATAATTG,0,2414505
mglBp,0.045454545454545456,21,21,CAACCGACAAACGAACCTTC,0,2384783
mglBp,0.045454545454545456,21,21,CAACAACCTTCTTCAACTCA,0,2327008
mglBp,0.045454545454545456,21,21,CAAAAACGTATGGGGGACAT,0,2391941
mglBp,0.045454545454545456,21,21,ATTTCAGTATACTATGCACA,0,2385419
mglBp,0.045454545454545456,21,21,ATTGGCGCAGGTTTGCTTTT,0,2379723
mglBp,0.045454545454545456,21,21,ATTGCGGATCACTACGTGAG,0,2396209
mglBp,0.045454545454545456,21,21,ATTCCGTCGGATCAAGCTAA,0,2402626
mglBp,0.045454545454545456,21,21,ATTCCATTATTTCCCGTATA,0,2352256
mglBp,0.045454545454545456,21,21,ATGTTAGGTATGCAAGAACA,0,2334241
mglBp,0.045454545454545456,21,21,ATGCGCCCGGGCGGTAAACG,0,2420739
mglBp,0.045454545454545456,21,21,ATGCATAGCCCACACCCGAC,0,2421308
mglBp,0.045454545454545456,21,21,ATGAACGTAAGGTCAAGAGG,0,2343897
mglBp,0.045454545454545456,21,21,ATCTTGTACCCCGTTGACAC,0,2375971
mglBp,0.045454545454545456,21,21,ATCTGGTCGTGACGTACAGT,0,2371774
mglBp,0.045454545454545456,21,21,ATCGCTATGCAGTCCACGGG,0,2391357
mglBp,0.045454545454545456,21,21,ATCCTTGAACCAGGGGTACT,0,2376603
mglBp,0.045454545454545456,21,21,ATCAGAACTCCGTTTGCAGC,0,2413423
mglBp,0.045454545454545456,21,21,ATATTTAAAGGGGGGCGTCG,0,2417749
mglBp,0.045454545454545456,21,21,ATATTGAGCTTTTAATCTTC,0,2414203
mglBp,0.045454545454545456,21,21,ATATTACTGATGCTGGTGAA,0,2395033
mglBp,0.045454545454545456,21,21,ATATAATAGCGTTAATGGAT,0,2383869
mglBp,0.045454545454545456,21,21,ATAACTGTATGAAGGATAAC,0,2417590
mglBp,0.045454545454545456,21,21,AGTTTTAAGAGATGGCCCAT,0,2341721
mglBp,0.045454545454545456,21,21,AGTTCATCCTTAGCTCTGCA,0,2362568
mglBp,0.045454545454545456,21,21,AGTTAGCACCGTCGGAAGTC,0,2408795
mglBp,0.045454545454545456,21,21,AGTGGCGCGCGATCACTTTA,0,2362812
mglBp,0.045454545454545456,21,21,AGTGGCAGCAGCTCTTTTTC,0,2413545
mglBp,0.045454545454545456,21,21,AGTCCCCAAGCGGTTGAGCT,0,2341627
mglBp,0.045454545454545456,21,21,AGTACCTCTGTGGGTACTTC,0,2335574
mglBp,0.045454545454545456,21,21,AGGTGACTTTGCTGGGTTAC,0,2371225
mglBp,0.045454545454545456,21,21,AGGTCACTGGGCATAGAAAC,0,2407876
mglBp,0.045454545454545456,21,21,AGGTCAATCGTCATAGTGGT,0,2320596
mglBp,0.045454545454545456,21,21,AGGTAAGACCGCGAGTTCGT,0,2369176
mglBp,0.045454545454545456,21,21,AGGGTGTCGTCGGATCTATC,0,2352802
mglBp,0.045454545454545456,21,21,AGGGCTTGTGGAAGCAACAT,0,2361813
mglBp,0.045454545454545456,21,21,AGGGCATAGACCACCGATGT,0,2415878
mglBp,0.045454545454545456,21,21,AGGCGTTGACGGTATAAGTC,0,2324476
mglBp,0.045454545454545456,21,21,AGCTAGCACTGCAATTCCCA,0,2370385
mglBp,0.045454545454545456,21,21,AGCTACGAGTACATACGCTT,0,2323879
mglBp,0.045454545454545456,21,21,AGCCCCCAACCCAGAATGAC,0,2327765
mglBp,0.045454545454545456,21,21,AGCAGTCCCGCGGCTTGTTA,0,2342380
mglBp,0.045454545454545456,21,21,AGCAACTTACTTAGCCATGT,0,2336199
mglBp,0.045454545454545456,21,21,ACTTGTGCGGCTTTTCATTC,0,2323002
mglBp,0.045454545454545456,21,21,ACTGTAGTCATTGCTATGAG,0,2328137
mglBp,0.045454545454545456,21,21,ACTGAACTCTGGGGGCTAAA,0,2381258
mglBp,0.045454545454545456,21,21,ACTCCTGGTGTACTTCAGTG,0,2401271
mglBp,0.045454545454545456,21,21,ACTAATGTGCTGCTGGCTAC,0,2398900
mglBp,0.045454545454545456,21,21,ACGTTTCGGGCGGCACATGT,0,2355382
mglBp,0.045454545454545456,21,21,ACGTATTTGGTTTACCTTAG,0,2393080
mglBp,0.045454545454545456,21,21,ACGGATTTGGTTCCTTTTAT,0,2327760
mglBp,0.045454545454545456,21,21,ACGAACACTGGGACTGTTAC,0,2366840
mglBp,0.045454545454545456,21,21,ACCTTCAAATTTCGGTGCAA,0,2371869
mglBp,0.045454545454545456,21,21,ACCTCGTAGCACCTGTGTTA,0,2399822
mglBp,0.045454545454545456,21,21,ACATTGTTTATACGGAAAGA,0,2397273
mglBp,0.045454545454545456,21,21,ACATAACCTCCCGGGATAGG,0,2360946
mglBp,0.045454545454545456,21,21,ACAGTAGAGGAACAGGGAGA,0,2393907
mglBp,0.045454545454545456,21,21,ACAGATTTCGGCTGGTACCT,0,2391694
mglBp,0.045454545454545456,21,21,ACAGACAGTGCGCTGGCAAC,0,2366136
mglBp,0.045454545454545456,21,21,ACACTACCGGACACTTTTTT,0,2372350
mglBp,0.045454545454545456,21,21,ACAAGACAGAGTACGTGCGT,0,2401520
mglBp,0.045454545454545456,21,21,ACAAATCGTATACGTGTGCT,0,2391266
mglBp,0.045454545454545456,21,21,AATTCTTGCGCGCAGACGCT,0,2335744
mglBp,0.045454545454545456,21,21,AATGCAGTTCAGTCTAGCTG,0,2403021
mglBp,0.045454545454545456,21,21,AATAGGTTGGTATCTCACTT,0,2349208
mglBp,0.045454545454545456,21,21,AAGTTGTGGTGTGGCACAGA,0,2421694
mglBp,0.045454545454545456,21,21,AAGCCTACGCATCGAGGGGA,0,2415312
mglBp,0.045454545454545456,21,21,AAGACCGCAAGAGGACTCTC,0,2413179
mglBp,0.045454545454545456,21,21,AACTGGCGAGGTTTATGCGT,0,2355954
mglBp,0.045454545454545456,21,21,AAATGTCAGGGCATTATTGG,0,2384729
mglBp,0.045454545454545456,21,21,AAATATAAACTGGGAGGGTT,0,2402274
mglBp,0.045454545454545456,21,21,AAAGTGATGCGTCCGCCCGA,0,2368012
mglBp,0.045454545454545456,21,21,AAACAGTGGACCAGCTCCAA,0,2386141
mglBp,0.047619047619047616,20,20,TTTTTCGCATTCCGGCGGCC,0,2385363
mglBp,0.047619047619047616,20,20,TTTTGTGAAATTACACTTGT,0,2386326
mglBp,0.047619047619047616,20,20,TTTTACTGCAACCATTATAA,0,2327966
mglBp,0.047619047619047616,20,20,TTTGGTAGTCGTTTCTGAAA,0,2325576
mglBp,0.047619047619047616,20,20,TTTCGCCACAGAGTCAGGCA,0,2405736
mglBp,0.047619047619047616,20,20,TTTCCCATGCCTTGTACCTG,0,2412084
mglBp,0.047619047619047616,20,20,TTTAGAGCACAGTAACCAGT,0,2344348
mglBp,0.047619047619047616,20,20,TTTAAGTGGACCACCTCAAT,0,2324928
mglBp,0.047619047619047616,20,20,TTGTGGCAGCACCTGTTGTC,0,2356792
mglBp,0.047619047619047616,20,20,TTGGTAAATAATGATGTACG,0,2327294
mglBp,0.047619047619047616,20,20,TTGGAACCACTCTGAGGCTA,0,2363018
mglBp,0.047619047619047616,20,20,TTGCTTCTAAACTGCCGGCA,0,2316502
mglBp,0.047619047619047616,20,20,TTGCTTACGTAGGCGCCTTT,0,2328748
mglBp,0.047619047619047616,20,20,TTGCCTACTTTCTTGCCTCA,0,2420741
mglBp,0.047619047619047616,20,20,TTGAACACAGACCGCGGACA,0,2355133
mglBp,0.047619047619047616,20,20,TTCTAGGCATATAGGGTGCA,0,2342104
mglBp,0.047619047619047616,20,20,TTCGTGCAAGGTGCGGTAAA,0,2368791
mglBp,0.047619047619047616,20,20,TTCGGATCATTCCTTGGACA,0,2409871
mglBp,0.047619047619047616,20,20,TTCCCGCTCTGAATGCTCTA,0,2328201
mglBp,0.047619047619047616,20,20,TTCATAAGTTCAATCCTACA,0,2386126
mglBp,0.047619047619047616,20,20,TTCACTAAGCCAGGCTAGTT,0,2405268
mglBp,0.047619047619047616,20,20,TTCACCGGAGAGTTCACCAC,0,2384791
mglBp,0.047619047619047616,20,20,TTAGAGGGTCAGAACGAAAA,0,2366364
mglBp,0.047619047619047616,20,20,TGTTGGTCCCCCGTTGGTTC,0,2349456
mglBp,0.047619047619047616,20,20,TGTTGCAGGTTATATGAATA,0,2412962
mglBp,0.047619047619047616,20,20,TGTTCGAACGCCGCCGGCAG,0,2407522
mglBp,0.047619047619047616,20,20,TGTGGTATACAGTTCGCTAG,0,2376454
mglBp,0.047619047619047616,20,20,TGTGCCAAAGGAGGTGTGTA,0,2371606
mglBp,0.047619047619047616,20,20,TGTGAACCCGTGCGTCTCGT,0,2367257
mglBp,0.047619047619047616,20,20,TGTGAAAAAAGTCCATTTCG,0,2382290
mglBp,0.047619047619047616,20,20,TGTCTCCTGGTCCTTCCGGC,0,2366067
mglBp,0.047619047619047616,20,20,TGTAGGGATTAACACTCAGT,0,2398818
mglBp,0.047619047619047616,20,20,TGTAATAAGAGCAATCTTCA,0,2397372
mglBp,0.047619047619047616,20,20,TGTAAATTAGCTATAACAGC,0,2389344
mglBp,0.047619047619047616,20,20,TGGTTGTGAGTACGTCGCGA,0,2376518
mglBp,0.047619047619047616,20,20,TGGTGTGTGCCATGAGGAAG,0,2371268
mglBp,0.047619047619047616,20,20,TGGGGTATGTTAAGCGCGGA,0,2404785
mglBp,0.047619047619047616,20,20,TGGCGGATCTAGCCGCATCG,0,2419469
mglBp,0.047619047619047616,20,20,TGCTACGACAGAACCCTCTC,0,2371693
mglBp,0.047619047619047616,20,20,TGCTAAACACGAGCCAGTTG,0,2323252
mglBp,0.047619047619047616,20,20,TGCGAAAAGTTCGTGCGATT,0,2358491
mglBp,0.047619047619047616,20,20,TGCCCCCAGGCCAGTGTAGC,0,2350965
mglBp,0.047619047619047616,20,20,TGAGATCTTCGTTACACGTT,0,2348890
mglBp,0.047619047619047616,20,20,TGAACGTAGTGTAGGGCCAA,0,2356940
mglBp,0.047619047619047616,20,20,TCTATGAGAGGCACACCGGC,0,2348284
mglBp,0.047619047619047616,20,20,TCGGGGATATGTTATTGCGT,0,2346879
mglBp,0.047619047619047616,20,20,TCGATGCTCAATAGCCAAGT,0,2333128
mglBp,0.047619047619047616,20,20,TCCTGTTGAGCGGATCGGCC,0,2393064
mglBp,0.047619047619047616,20,20,TCCGCCAGCAGCCGCATGAT,0,2361067
mglBp,0.047619047619047616,20,20,TCCCGGTTGGGGCTCAAGAC,0,2375636
mglBp,0.047619047619047616,20,20,TCCCGGAAGTTTGTTGCAGG,0,2320465
mglBp,0.047619047619047616,20,20,TCCCATCCCGTTGTTAGCAT,0,2387560
mglBp,0.047619047619047616,20,20,TCATGACGGCTGGGACTCGA,0,2388194
mglBp,0.047619047619047616,20,20,TCAGGGTTTGGTCAGTCGTA,0,2320135
mglBp,0.047619047619047616,20,20,TCAAGGCACACGACGACGGG,0,2328325
mglBp,0.047619047619047616,20,20,TATTATTCGCAAAACTAACT,0,2333065
mglBp,0.047619047619047616,20,20,TATTAACGGACTTCCCATCA,0,2371526
mglBp,0.047619047619047616,20,20,TATGTCTTAGGCGTCGATGC,0,2382615
mglBp,0.047619047619047616,20,20,TATGTAGGCCCCCGTCCGAC,0,2346213
mglBp,0.047619047619047616,20,20,TATGCTCATCCTGACGGTGT,0,2379361
mglBp,0.047619047619047616,20,20,TATGCCATTTATAAAGACGT,0,2332380
mglBp,0.047619047619047616,20,20,TATCTAATACCGGCGCCGGA,0,2368391
mglBp,0.047619047619047616,20,20,TATAGGCAAGGGCAGAGATG,0,2413438
mglBp,0.047619047619047616,20,20,TAGGTCAAGTGGCGCACATG,0,2403624
mglBp,0.047619047619047616,20,20,TAGCCTCCGCGCGGCCGCAA,0,2327551
mglBp,0.047619047619047616,20,20,TACGTGGACGGGTAAACGTT,0,2364359
mglBp,0.047619047619047616,20,20,TACGGCCTGGACCGAGACTT,0,2364261
mglBp,0.047619047619047616,20,20,TACCTTAACAAGGGTCACAT,0,2340179
mglBp,0.047619047619047616,20,20,TACAGGTCTGTTGAATCCAC,0,2324724
mglBp,0.047619047619047616,20,20,TAAGTGCCCGTGACCCCCCA,0,2383092
mglBp,0.047619047619047616,20,20,TAAGAGGAGCCCAACAGCAG,0,2387088
mglBp,0.047619047619047616,20,20,GTTGCTGCACGTTTCCGAGC,0,2382883
mglBp,0.047619047619047616,20,20,GTTGAATCGCAGTGAAGTTA,0,2375673
mglBp,0.047619047619047616,20,20,GTTCGGCTTCACACAGTTTT,0,2397439
mglBp,0.047619047619047616,20,20,GTTCACGGCCGCGGTACTCC,0,2373243
mglBp,0.047619047619047616,20,20,GTTATGGGTTGTAAGAGTCT,0,2359197
mglBp,0.047619047619047616,20,20,GTGTCCTCTGGTCTGTATCA,0,2343555
mglBp,0.047619047619047616,20,20,GTGTCCAAGCGGGGAGCCGG,0,2393762
mglBp,0.047619047619047616,20,20,GTGTAGATGCAATGGACCCA,0,2332092
mglBp,0.047619047619047616,20,20,GTGGGGCACGCTTCTCAGAG,0,2333788
mglBp,0.047619047619047616,20,20,GTGGAAACGACGCCGCATTG,0,2360427
mglBp,0.047619047619047616,20,20,GTGCTCAGCTATTAAGATCC,0,2366041
mglBp,0.047619047619047616,20,20,GTGCGGGGAAAGACAGACCT,0,2399591
mglBp,0.047619047619047616,20,20,GTGATTACGCCCCAGTGACT,0,2383531
mglBp,0.047619047619047616,20,20,GTGACAGGCACCGCCGGAGA,0,2390674
mglBp,0.047619047619047616,20,20,GTGACACTCGGTGTGAAGAC,0,2317843
mglBp,0.047619047619047616,20,20,GTGAACTCTCGTAGTCATGG,0,2394169
mglBp,0.047619047619047616,20,20,GTCTGTTACGGACTTCCGGT,0,2377593
mglBp,0.047619047619047616,20,20,GTCGGTCGCGCCGAGTTCAA,0,2399126
mglBp,0.047619047619047616,20,20,GTCCGACGGTGTCCTGGACT,0,2420356
mglBp,0.047619047619047616,20,20,GTCCGAAAGTTCGCTACTTT,0,2392555
mglBp,0.047619047619047616,20,20,GTCATGGTTGCTAAGCATCC,0,2369521
mglBp,0.047619047619047616,20,20,GTCACCGTTTGTTGGATATA,0,2393185
mglBp,0.047619047619047616,20,20,GTCAACGAACAGGACCGTGG,0,2365997
mglBp,0.047619047619047616,20,20,GTATCTCAGGTAAGTTCCCT,0,2386664
mglBp,0.047619047619047616,20,20,GTAGTCTAAGCAGAGATACA,0,2387461
mglBp,0.047619047619047616,20,20,GTACTTCTAGGACAAAGATT,0,2373587
mglBp,0.047619047619047616,20,20,GTAAATAGAAGCAGGCTTGC,0,2391308
mglBp,0.047619047619047616,20,20,GGTGTGAGTTTAGCCGTAAA,0,2336851
mglBp,0.047619047619047616,20,20,GGTGTCGTACGTGGCGTTTC,0,2331523
mglBp,0.047619047619047616,20,20,GGTCCACTCTCCGCCATCGT,0,2375543
mglBp,0.047619047619047616,20,20,GGTATATAATTTCAGCCCCA,0,2318252
mglBp,0.047619047619047616,20,20,GGTACCTAAATAAGTGGAAG,0,2348490
mglBp,0.047619047619047616,20,20,GGGGTCCGATTCGGTATATA,0,2327313
mglBp,0.047619047619047616,20,20,GGGGTACTTGGTCCTGATGC,0,2377085
mglBp,0.047619047619047616,20,20,GGGGGGGCGAACAACTTGTG,0,2383278
mglBp,0.047619047619047616,20,20,GGGGACTTGCCTGAACTGCT,0,2420981
mglBp,0.047619047619047616,20,20,GGGACCTCCACAGGGGACGT,0,2409103
mglBp,0.047619047619047616,20,20,GGCGTTAGTGGTCCGGCTAA,0,2324375
mglBp,0.047619047619047616,20,20,GGCGTATTTATACGACTGTC,0,2317097
mglBp,0.047619047619047616,20,20,GGCGGTTCGTGAACGTAAGA,0,2340932
mglBp,0.047619047619047616,20,20,GGCCTTCGGCCCCCCTTGCA,0,2329250
mglBp,0.047619047619047616,20,20,GGCCGTGGAATGGGCTAAGG,0,2323811
mglBp,0.047619047619047616,20,20,GGCACGGCGTGTATCGAGCG,0,2417332
mglBp,0.047619047619047616,20,20,GGCAACGTACTGACCGTGAT,0,2363361
mglBp,0.047619047619047616,20,20,GGACAGCTAATACCGATTTT,0,2411072
mglBp,0.047619047619047616,20,20,GGAAGAAGAACATTGGGAGA,0,2340835
mglBp,0.047619047619047616,20,20,GGAAATACGCTCCTTTGTCC,0,2364985
mglBp,0.047619047619047616,20,20,GCTTTCTGATTTAATCAGCT,0,2355484
mglBp,0.047619047619047616,20,20,GCTGTGCTGCTACATCCCTC,0,2393079
mglBp,0.047619047619047616,20,20,GCTGCGGAATGGCAGGACGT,0,2353384
mglBp,0.047619047619047616,20,20,GCTCTATATTTCCCGGAGCT,0,2326068
mglBp,0.047619047619047616,20,20,GCTCAATCGATTCTGGGTGA,0,2403620
mglBp,0.047619047619047616,20,20,GCTATTGGGATTAGCGGGGA,0,2413107
mglBp,0.047619047619047616,20,20,GCTATCGTCATCTTTTACCA,0,2336542
mglBp,0.047619047619047616,20,20,GCGTGGATTCCCAAAATGTA,0,2339824
mglBp,0.047619047619047616,20,20,GCGGTATTATGTCATTTGAT,0,2365223
mglBp,0.047619047619047616,20,20,GCGGGCAATGGAGGTCAGGC,0,2326505
mglBp,0.047619047619047616,20,20,GCGCGGGTGCCTCCGGTTCT,0,2419960
mglBp,0.047619047619047616,20,20,GCGACTGAAAGGCCGTAGTG,0,2365604
mglBp,0.047619047619047616,20,20,GCCTTACTAGGAACGGCGGT,0,2380540
mglBp,0.047619047619047616,20,20,GCCGTACAGTACAGGTTGTA,0,2316453
mglBp,0.047619047619047616,20,20,GCCCGAAATTGCTGACTGCA,0,2378728
mglBp,0.047619047619047616,20,20,GCCATGTTGGCTTTAGGGCT,0,2358742
mglBp,0.047619047619047616,20,20,GCACATCCGTCCAGTGAGTT,0,2405681
mglBp,0.047619047619047616,20,20,GATTGTTCTTGACATGGCGG,0,2400023
mglBp,0.047619047619047616,20,20,GATTATGGAACGCTGGCCAG,0,2362210
mglBp,0.047619047619047616,20,20,GAGTTTGTTTAGGGATATCT,0,2419278
mglBp,0.047619047619047616,20,20,GAGTCCGTTGAAAACCGGGT,0,2414015
mglBp,0.047619047619047616,20,20,GAGCGACTGCGTCCCCAAAG,0,2359116
mglBp,0.047619047619047616,20,20,GAGCCTATCCGTGTCCTGCA,0,2384928
mglBp,0.047619047619047616,20,20,GAGCACCTAGCCCACGGCCT,0,2390782
mglBp,0.047619047619047616,20,20,GAGAATGGCCCTAGGCATTA,0,2363316
mglBp,0.047619047619047616,20,20,GAGAACCGTGGCAAGCTCAT,0,2345762
mglBp,0.047619047619047616,20,20,GACTTAGACGCGCAATCCAA,0,2356519
mglBp,0.047619047619047616,20,20,GACCTCCCGCGTGTTTCGTT,0,2402623
mglBp,0.047619047619047616,20,20,GACCGCCTACACCCTTCTAG,0,2319566
mglBp,0.047619047619047616,20,20,GAATGGATGAGACGGCCTTA,0,2382312
mglBp,0.047619047619047616,20,20,GAACCACACATACTGGTGCA,0,2406779
mglBp,0.047619047619047616,20,20,GAAAGTTCTATTTGCACAGT,0,2319545
mglBp,0.047619047619047616,20,20,CTTTTTAGGGTAGCTGCCAT,0,2334552
mglBp,0.047619047619047616,20,20,CTTGAGGCATCATACCGAGC,0,2344964
mglBp,0.047619047619047616,20,20,CTTCTCCCAAGCGGGCGTGG,0,2382558
mglBp,0.047619047619047616,20,20,CTGTGGCCATGATTCGTGTT,0,2358136
mglBp,0.047619047619047616,20,20,CTGTGATCATGATATGGAAG,0,2363592
mglBp,0.047619047619047616,20,20,CTGTACTCCGAAGGGGTGCT,0,2334756
mglBp,0.047619047619047616,20,20,CTGGTGACCTGAACCGCATT,0,2393138
mglBp,0.047619047619047616,20,20,CTGGGTTTTGGTACCGACCT,0,2362029
mglBp,0.047619047619047616,20,20,CTGCAGTATATTCGGCCACC,0,2354895
mglBp,0.047619047619047616,20,20,CTGACGGAGTCCAAATCGAA,0,2394930
mglBp,0.047619047619047616,20,20,CTCTGCAGAGGGACGTTCGA,0,2408229
mglBp,0.047619047619047616,20,20,CTCTCGAGTTACTTTATGGA,0,2373685
mglBp,0.047619047619047616,20,20,CTCCTGCGCATCGCCAGCCC,0,2412194
mglBp,0.047619047619047616,20,20,CTCCCTGCAACGTTCAATTG,0,2416353
mglBp,0.047619047619047616,20,20,CTATCATAGGACGTCAAGGA,0,2402138
mglBp,0.047619047619047616,20,20,CTAATCTGAATCGGCTATAC,0,2408866
mglBp,0.047619047619047616,20,20,CTAAGATTCTGTGCGTCGCA,0,2357442
mglBp,0.047619047619047616,20,20,CGTGGAGCATCTTGGCTGAA,0,2395988
mglBp,0.047619047619047616,20,20,CGTGCGCATTTAGCAATATC,0,2366315
mglBp,0.047619047619047616,20,20,CGGTCCGGAGGAAGCATTAA,0,2327705
mglBp,0.047619047619047616,20,20,CGGTCCGCTAGTCTGTGGGG,0,2373582
mglBp,0.047619047619047616,20,20,CGGGTGACATTTGGTTACTC,0,2325314
mglBp,0.047619047619047616,20,20,CGGGGGCTGTAGTCCCGAGA,0,2337579
mglBp,0.047619047619047616,20,20,CGGCTGTACTGTGTGGGGTA,0,2367088
mglBp,0.047619047619047616,20,20,CGGCTCCTGTAACCACATGG,0,2319748
mglBp,0.047619047619047616,20,20,CGGCAATGCTAGGGCCAGAT,0,2339220
mglBp,0.047619047619047616,20,20,CGGAACCCTGGTTCGTAAGA,0,2340998
mglBp,0.047619047619047616,20,20,CGCAACCAGCTGGACGCGAT,0,2332561
mglBp,0.047619047619047616,20,20,CGATGGTCCACGAGGACAAT,0,2338007
mglBp,0.047619047619047616,20,20,CGAGGAGCCGACGCCGGCGG,0,2411366
mglBp,0.047619047619047616,20,20,CGAGATAAGACGGTATCCTT,0,2329643
mglBp,0.047619047619047616,20,20,CGAACCTGTCCGGGCTCGCG,0,2354392
mglBp,0.047619047619047616,20,20,CCTAATGGGTAGTCTGCACG,0,2372384
mglBp,0.047619047619047616,20,20,CCTAACCGAACAATTACGGC,0,2376046
mglBp,0.047619047619047616,20,20,CCGTTTGGCGCTCCTCTCGT,0,2343710
mglBp,0.047619047619047616,20,20,CCGTCGTGGACGGCCGGCTA,0,2370019
mglBp,0.047619047619047616,20,20,CCGTATGACAAATGTCCAAT,0,2404336
mglBp,0.047619047619047616,20,20,CCGGTCCGCCCTAGCGCACA,0,2325586
mglBp,0.047619047619047616,20,20,CCGCGCTATATTTAATGGCA,0,2420718
mglBp,0.047619047619047616,20,20,CCGCAATTAGTTTGTACATA,0,2322774
mglBp,0.047619047619047616,20,20,CCGAGTCTCGCAGCTACAAC,0,2422353
mglBp,0.047619047619047616,20,20,CCCTGCTCACCTAGGATTTC,0,2398134
mglBp,0.047619047619047616,20,20,CCCTCGACCCGATCACCAAA,0,2326333
mglBp,0.047619047619047616,20,20,CCCTCACTGGAAAGTGCGAT,0,2340603
mglBp,0.047619047619047616,20,20,CCCCCGCTGTGAATATTCAA,0,2408870
mglBp,0.047619047619047616,20,20,CCATACGAAAATCGGACGCA,0,2361611
mglBp,0.047619047619047616,20,20,CCAGTGAACGCCCTTTTGCG,0,2330800
mglBp,0.047619047619047616,20,20,CCAGCTATCCTACCCCGTAG,0,2400112
mglBp,0.047619047619047616,20,20,CCAATCAGCACCTTGAAGAG,0,2383745
mglBp,0.047619047619047616,20,20,CCAACCAGGGACGAACTCAT,0,2360146
mglBp,0.047619047619047616,20,20,CATTTCCCGGTGCGTCGGCT,0,2330092
mglBp,0.047619047619047616,20,20,CATTGACCGCAACGAGCCTG,0,2344340
mglBp,0.047619047619047616,20,20,CAGTCTTCGCGTATGATGTT,0,2342102
mglBp,0.047619047619047616,20,20,CAGTAATAAGTAACATCCTC,0,2340928
mglBp,0.047619047619047616,20,20,CAGGCGACCTTCATCGGTTA,0,2335458
mglBp,0.047619047619047616,20,20,CAGCGCTATCGATCTGAGTG,0,2355376
mglBp,0.047619047619047616,20,20,CAGCGATCCTCGGTTGAACC,0,2383325
mglBp,0.047619047619047616,20,20,CAGACCAAGCTCATTTATAT,0,2373013
mglBp,0.047619047619047616,20,20,CACTTCTATAACGCATCGGC,0,2352214
mglBp,0.047619047619047616,20,20,CACATTCGAAGTTACAATGT,0,2400102
mglBp,0.047619047619047616,20,20,CAATGTTTCCACAATTCAAA,0,2419947
mglBp,0.047619047619047616,20,20,CAATATACGCGGGTGTTCCA,0,2410648
mglBp,0.047619047619047616,20,20,CAATACCCGTGTCGCTCTTT,0,2377609
mglBp,0.047619047619047616,20,20,CAACGTTAGTCAGAGAGGTT,0,2391771
mglBp,0.047619047619047616,20,20,CAACGTGTCTATGCTCCGCT,0,2332992
mglBp,0.047619047619047616,20,20,CAAATTACATCACCCTGTGT,0,2332718
mglBp,0.047619047619047616,20,20,CAAAGGTGGTCAGACAAAAG,0,2384380
mglBp,0.047619047619047616,20,20,ATTTGACTTGTCATTCTATC,0,2367401
mglBp,0.047619047619047616,20,20,ATTGTCGGTGGTGCACTAAG,0,2412928
mglBp,0.047619047619047616,20,20,ATTCTTTCTCGGGGTAGCAT,0,2336197
mglBp,0.047619047619047616,20,20,ATTCGCGTGACCGGCCCGGC,0,2368906
mglBp,0.047619047619047616,20,20,ATTCCAGGATCCAGTTCCTG,0,2361731
mglBp,0.047619047619047616,20,20,ATTCAAGTCTCGTACCGCTA,0,2366210
mglBp,0.047619047619047616,20,20,ATTACAGGCCATAAAAGCGG,0,2331487
mglBp,0.047619047619047616,20,20,ATGTCCGGCTATCGCCCTGA,0,2344378
mglBp,0.047619047619047616,20,20,ATGGCCCGTCTTGATGTTGA,0,2344474
mglBp,0.047619047619047616,20,20,ATGGATCAGACACCGCTTCA,0,2378427
mglBp,0.047619047619047616,20,20,ATCTCGTGTGCCCACTTTGT,0,2363003
mglBp,0.047619047619047616,20,20,ATCTCACCGAGGTATGTAAA,0,2324423
mglBp,0.047619047619047616,20,20,ATCCTCCCATTTGCCTTTTG,0,2364602
mglBp,0.047619047619047616,20,20,ATCCGATCCGCTATGTGATG,0,2367399
mglBp,0.047619047619047616,20,20,ATCCACAGTTCCAGGCGCTG,0,2349902
mglBp,0.047619047619047616,20,20,ATCATATAGCTTAGCAAGCG,0,2366177
mglBp,0.047619047619047616,20,20,ATCAAGGAAGTTCGTATAAA,0,2345484
mglBp,0.047619047619047616,20,20,ATAGCCGCCTTTGGTGGGTA,0,2339423
mglBp,0.047619047619047616,20,20,ATAGATTTGGCTAAAAATAG,0,2343050
mglBp,0.047619047619047616,20,20,ATACCTGGGTCAACCTTGGT,0,2408284
mglBp,0.047619047619047616,20,20,AGTGGGAGCTCCGAGGTGCG,0,2410246
mglBp,0.047619047619047616,20,20,AGGGGACGAACCAAGGAGCG,0,2413526
mglBp,0.047619047619047616,20,20,AGGGACGCTCAGCCGGGTGC,0,2381463
mglBp,0.047619047619047616,20,20,AGGCTGGGTATATTATTAGT,0,2320304
mglBp,0.047619047619047616,20,20,AGGCTCTCGCGGATACGATG,0,2333775
mglBp,0.047619047619047616,20,20,AGGCGCCCGCTTCCAAGTAC,0,2404913
mglBp,0.047619047619047616,20,20,AGGCCGGGAGGCGTTATTGC,0,2317720
mglBp,0.047619047619047616,20,20,AGGCACTACTGGGGGCTCCC,0,2379075
mglBp,0.047619047619047616,20,20,AGGCACGTCGTGCTCGCAAT,0,2389884
mglBp,0.047619047619047616,20,20,AGGATTTTCCTGCTCCGGAA,0,2323098
mglBp,0.047619047619047616,20,20,AGGATGGTGGAGACTGCGCT,0,2362027
mglBp,0.047619047619047616,20,20,AGGAGGATTCTTGTGACGCT,0,2416776
mglBp,0.047619047619047616,20,20,AGCTCGGATTGTTCTCTTAA,0,2362604
mglBp,0.047619047619047616,20,20,AGCGCACACTATAACTACTA,0,2379284
mglBp,0.047619047619047616,20,20,AGCGAGTTGGGTGGGCACTC,0,2324595
mglBp,0.047619047619047616,20,20,AGCCGGGTCCATAGTACGTT,0,2381358
mglBp,0.047619047619047616,20,20,AGCACCGTACAAGGGACAAG,0,2318548
mglBp,0.047619047619047616,20,20,AGCACCATAGCTGACAGACT,0,2410022
mglBp,0.047619047619047616,20,20,AGATCTCCCAGTATTGCAGG,0,2329239
mglBp,0.047619047619047616,20,20,AGATCGGTGAAAAATGATTA,0,2364336
mglBp,0.047619047619047616,20,20,AGACCTCCCCCTCTAGTTGT,0,2342445
mglBp,0.047619047619047616,20,20,AGAATGTTACCGAGAACGCT,0,2385865
mglBp,0.047619047619047616,20,20,AGAATACCGGCACGTTTGTT,0,2418669
mglBp,0.047619047619047616,20,20,ACTTGAACGACGCTCGGGTC,0,2391264
mglBp,0.047619047619047616,20,20,ACTGTGGATAGGGGTGCGTC,0,2364978
mglBp,0.047619047619047616,20,20,ACTCAGTTCGCGATCAGTTC,0,2335002
mglBp,0.047619047619047616,20,20,ACTAGTGGGATAAGAGTGGT,0,2372810
mglBp,0.047619047619047616,20,20,ACGTTGTAGTCTATTCGGAG,0,2330577
mglBp,0.047619047619047616,20,20,ACGTGGGTTGGCCCTTCGCA,0,2376443
mglBp,0.047619047619047616,20,20,ACGGGGAGATCCTGTGAGCT,0,2378800
mglBp,0.047619047619047616,20,20,ACGGAACACAAGTATTCAGG,0,2358656
mglBp,0.047619047619047616,20,20,ACCGTGTTGTACATGGAGTA,0,2343397
mglBp,0.047619047619047616,20,20,ACCGTCTGCACATGCTGAGC,0,2317146
mglBp,0.047619047619047616,20,20,ACCGGGCGGGTAGCCGGCAT,0,2395915
mglBp,0.047619047619047616,20,20,ACCGGACCAACCCAGGTTTA,0,2414243
mglBp,0.047619047619047616,20,20,ACCCTCGGAATTCCAGGCGA,0,2346158
mglBp,0.047619047619047616,20,20,ACCCCGGATGGAAAATTGAA,0,2391210
mglBp,0.047619047619047616,20,20,ACCCAGGTTACTATGGACCT,0,2400449
mglBp,0.047619047619047616,20,20,ACCCAGAACCATTCACTTTA,0,2363477
mglBp,0.047619047619047616,20,20,ACCACAGCGCAGTTGTTCCA,0,2346357
mglBp,0.047619047619047616,20,20,ACACGGTTTAGTTTCTAACC,0,2376545
mglBp,0.047619047619047616,20,20,ACACGGTGCTGTGGCTAACG,0,2359731
mglBp,0.047619047619047616,20,20,ACAACGTACCATTTCGGGTT,0,2358752
mglBp,0.047619047619047616,20,20,AATTTTTACGGATCTCACTT,0,2347792
mglBp,0.047619047619047616,20,20,AATTGCGTTCATTGTTCCAG,0,2319579
mglBp,0.047619047619047616,20,20,AATGAAAAAGTTTTCACGCA,0,2418165
mglBp,0.047619047619047616,20,20,AAGTACTCAATTACTTGGCT,0,2368336
mglBp,0.047619047619047616,20,20,AAGGCTTGGCAGGTTGCCAT,0,2398116
mglBp,0.047619047619047616,20,20,AAGGAGCACGGGTAGATGCA,0,2378074
mglBp,0.047619047619047616,20,20,AAGCTCCGAGGGGACTGTGA,0,2409513
mglBp,0.047619047619047616,20,20,AAGACGACCCTCGCAGAGTT,0,2352763
mglBp,0.047619047619047616,20,20,AACGTCTGGGGAGGTGCGAG,0,2361146
mglBp,0.047619047619047616,20,20,AACGTAGCCATGACCAGCGG,0,2406142
mglBp,0.047619047619047616,20,20,AACATCTCCTTGGAAAGTAA,0,2327300
mglBp,0.047619047619047616,20,20,AAATTGACCAGCTCAGTCCT,0,2334473
mglBp,0.047619047619047616,20,20,AAATGCTCGTAATCGTGACA,0,2384538
mglBp,0.047619047619047616,20,20,AAAGTATTTTTTGTCGGTCA,0,2333430
mglBp,0.047619047619047616,20,20,AAAGGGGAAAGGCCGTCATA,0,2344842
mglBp,0.047619047619047616,20,20,AAACCTGAACACCCGGGAGA,0,2396492
mglBp,0.047619047619047616,20,20,AAAAGGATTAGGCGCAGAAA,0,2364016
mglBp,0.05,19,19,TTTTGGTCCGAAATTAGTTG,0,2344677
mglBp,0.05,19,19,TTTTGGCCACCCCAGTTGTA,0,2325075
mglBp,0.05,19,19,TTTTGCTGATTTAGGGTCGT,0,2334803
mglBp,0.05,19,19,TTTGCGGTTTCCACACTTTC,0,2420206
mglBp,0.05,19,19,TTTGAGCACAATATTTGTGA,0,2325104
mglBp,0.05,19,19,TTTCTTCGGTACTGGCAGCA,0,2350830
mglBp,0.05,19,19,TTGTTTCCGTCAATATAATG,0,2365982
mglBp,0.05,19,19,TTGTACTCTATCAATATGCC,0,2404466
mglBp,0.05,19,19,TTGGGGGCCAACAAATTCAT,0,2364380
mglBp,0.05,19,19,TTGGAGGTCAGCCAAGTCCC,0,2380716
mglBp,0.05,19,19,TTGGACATGACGCTATTCGT,0,2416965
mglBp,0.05,19,19,TTGCGATATATTCCCGTAAC,0,2373723
mglBp,0.05,19,19,TTCTTGAACAGGACTTCATG,0,2420966
mglBp,0.05,19,19,TTCGCTTGATACAGGCACTT,0,2368239
mglBp,0.05,19,19,TTCGATGGGCGGTCATTTAC,0,2394680
mglBp,0.05,19,19,TTCCTTCGAACCTACTGAGT,0,2327894
mglBp,0.05,19,19,TTCCAGAGCGGGTTGGGGGG,0,2335842
mglBp,0.05,19,19,TTCAGTGTTAGCTGCGCCTA,0,2389673
mglBp,0.05,19,19,TTCACTGTTGCCAACAAAGT,0,2347475
mglBp,0.05,19,19,TTCACTATGGACCAGCTCAA,0,2373594
mglBp,0.05,19,19,TTCAAGCATACATCGACGCC,0,2407835
mglBp,0.05,19,19,TTATTGCCGAAGGCCGACTA,0,2327413
mglBp,0.05,19,19,TTATGAAGGCCTGATCTCCT,0,2370303
mglBp,0.05,19,19,TTAGCTGCGTGGTACCGCGT,0,2415900
mglBp,0.05,19,19,TTACGGTAGACTCCAGGCTG,0,2390129
mglBp,0.05,19,19,TTACGATTATCATCGCCAAG,0,2337842
mglBp,0.05,19,19,TTACAGATGGGGTCATCACA,0,2380865
mglBp,0.05,19,19,TTAAATCGCGAGTAACATAT,0,2391466
mglBp,0.05,19,19,TGTTTTTTAAATCACTGTTG,0,2356026
mglBp,0.05,19,19,TGTTCCCGATGCGTGGTGCT,0,2370382
mglBp,0.05,19,19,TGTGGTCTTTCAAGGTCGAA,0,2399904
mglBp,0.05,19,19,TGTGCGATGTCCCCTTGTGC,0,2352674
mglBp,0.05,19,19,TGTGACCCAGTAATCCAGAA,0,2408705
mglBp,0.05,19,19,TGTGAATTCTCTGTAGTCAC,0,2366043
mglBp,0.05,19,19,TGTCTGCCTCGGCAACTGTA,0,2353149
mglBp,0.05,19,19,TGTCCTCCCGCGAGTCAGAT,0,2409595
mglBp,0.05,19,19,TGTCATATGGTTCTGTTGAA,0,2364905
mglBp,0.05,19,19,TGTAAGCTAACATACATTTG,0,2362204
mglBp,0.05,19,19,TGTAACAGGACGCAGGACCC,0,2327758
mglBp,0.05,19,19,TGGTTTTACAGCCTACTTCA,0,2413454
mglBp,0.05,19,19,TGGGTGCTGCATCGCGCGGT,0,2416454
mglBp,0.05,19,19,TGGGCCGCATTATTATCCAG,0,2357153
mglBp,0.05,19,19,TGGGCATTGCCGTCAGCCCT,0,2364951
mglBp,0.05,19,19,TGGGCATACCGACTGCCGCA,0,2334414
mglBp,0.05,19,19,TGGCGACGTCCGTGTCCAAT,0,2393642
mglBp,0.05,19,19,TGGAGAGGTATACGCCCGGG,0,2331975
mglBp,0.05,19,19,TGCTGGTACTAGGGGAAGTC,0,2414734
mglBp,0.05,19,19,TGCTGGAACCGGTTAGATAT,0,2352015
mglBp,0.05,19,19,TGCTCAGAAGCCACACCTCA,0,2334998
mglBp,0.05,19,19,TGCCAGCATGTGCCCTGCAG,0,2318893
mglBp,0.05,19,19,TGCAGCTAATCATATTACAC,0,2396299
mglBp,0.05,19,19,TGAGGAGAGTACGCGCTCAC,0,2371291
mglBp,0.05,19,19,TGACTTGTGAGTGCCGACTA,0,2408780
mglBp,0.05,19,19,TGAAAAGGTATATACATGAA,0,2343992
mglBp,0.05,19,19,TCTGTGAATCACCGTTGTCC,0,2335983
mglBp,0.05,19,19,TCTCATGTTCAGGTGCCAAG,0,2394805
mglBp,0.05,19,19,TCTATGGCATTGGTTGTGCT,0,2397760
mglBp,0.05,19,19,TCGTTTGAATTGGATGGTCT,0,2407895
mglBp,0.05,19,19,TCGGTTACGTAACGAGTAAT,0,2342201
mglBp,0.05,19,19,TCGCTGTACTATGAGGCCGG,0,2380940
mglBp,0.05,19,19,TCGCTATGCGGTCCACGCGA,0,2365319
mglBp,0.05,19,19,TCGCCAAGACTGCGCATCCT,0,2373465
mglBp,0.05,19,19,TCGCAAGTTCTGGTACGCAG,0,2324417
mglBp,0.05,19,19,TCGACAGAGGTATCCTCCTG,0,2330115
mglBp,0.05,19,19,TCCTTTGTATGCTTAGGTAA,0,2324085
mglBp,0.05,19,19,TCCGAGGCATGCCGGGTTTG,0,2318633
mglBp,0.05,19,19,TCCCTCCGGATTCAATACCT,0,2380925
mglBp,0.05,19,19,TCCAGAGGGACTGCGCCGAT,0,2401457
mglBp,0.05,19,19,TCCACTAAGCCCTCAGTGAT,0,2325798
mglBp,0.05,19,19,TCCAAGGGGTCAGCCAGTGC,0,2395031
mglBp,0.05,19,19,TCAGTGACCCAAGCATTTAT,0,2409761
mglBp,0.05,19,19,TCAGCCGCGACCATAGATGT,0,2369643
mglBp,0.05,19,19,TCACGTATCGCCGCCGCAAG,0,2387980
mglBp,0.05,19,19,TCAACCGCACCGCGTCGTCT,0,2403281
mglBp,0.05,19,19,TCAACAGCTGTGAGAAGAAC,0,2380994
mglBp,0.05,19,19,TATTCTTCTTACATATTGCT,0,2349125
mglBp,0.05,19,19,TATGTAAGATTGCGGATAGT,0,2401779
mglBp,0.05,19,19,TATGGTGCCATGGGCGGGGA,0,2356113
mglBp,0.05,19,19,TAGGACTCTTGGGATTTTCT,0,2322501
mglBp,0.05,19,19,TAGATATACTCACTTGTTGA,0,2358469
mglBp,0.05,19,19,TAGAGTGTTTACTTCTACGT,0,2382613
mglBp,0.05,19,19,TACTCCTATGGTCGTGTTTG,0,2328330
mglBp,0.05,19,19,TACTAGATCGTACCTAAGGT,0,2373948
mglBp,0.05,19,19,TACGCGGGTAGGCACTCAGG,0,2354506
mglBp,0.05,19,19,TACACCCTATCCGTGTACGC,0,2357866
mglBp,0.05,19,19,GTTTTTTAATTAACGGGATC,0,2363654
mglBp,0.05,19,19,GTTTTTCTGATCTTACCCGA,0,2389132
mglBp,0.05,19,19,GTTTTCAGTTATTATCGCTT,0,2368333
mglBp,0.05,19,19,GTTTGGGCAAAGAAAAAGTC,0,2354824
mglBp,0.05,19,19,GTTCTCGCAGTATGCATCTG,0,2419179
mglBp,0.05,19,19,GTGTCGGTATAGAAAGCGAT,0,2350604
mglBp,0.05,19,19,GTGTCCTGGAGTTATACCTA,0,2339325
mglBp,0.05,19,19,GTGGTTTTGCAGCCTTACTA,0,2373879
mglBp,0.05,19,19,GTGGTATGCAATGTATATTT,0,2327783
mglBp,0.05,19,19,GTGCCCTCACGTTAAACGCT,0,2369475
mglBp,0.05,19,19,GTGCCCACAATTACACCAAC,0,2341885
mglBp,0.05,19,19,GTGAGCATAATCAACGACTT,0,2373750
mglBp,0.05,19,19,GTGACGTCGTGGGTCATGAC,0,2339489
mglBp,0.05,19,19,GTCTGTCCTACAGCATCTGT,0,2387283
mglBp,0.05,19,19,GTCTAATTACATTTAGGCTA,0,2419618
mglBp,0.05,19,19,GTCGGGCACGGCAGCACACA,0,2318730
mglBp,0.05,19,19,GTCCTCATCTGAAACAGGAG,0,2345065
mglBp,0.05,19,19,GTATGTAATTGTTATGGTTA,0,2336773
mglBp,0.05,19,19,GTATATTGCTCCGGATGCTA,0,2370337
mglBp,0.05,19,19,GTAGCCCTGAGAGCGGGTGC,0,2327037
mglBp,0.05,19,19,GTAGCCCGAAGCGTGACGCA,0,2385759
mglBp,0.05,19,19,GTAGAACGCCCGTTTAAACA,0,2390980
mglBp,0.05,19,19,GGTCGTGCAGATGTAATTAA,0,2385879
mglBp,0.05,19,19,GGTCAGGGATCGCGAGCCTG,0,2389463
mglBp,0.05,19,19,GGTCAAGAAGGCCCCCCGCT,0,2332596
mglBp,0.05,19,19,GGTATAATTGGAGGCACCAG,0,2320354
mglBp,0.05,19,19,GGTAGTAACTCAAAACTTCA,0,2398511
mglBp,0.05,19,19,GGTAGGATCCCCCGCCATCA,0,2328369
mglBp,0.05,19,19,GGTAACCCGGTTTGCCAATC,0,2334132
mglBp,0.05,19,19,GGTAAAGGCAAGTCTAGGGG,0,2355288
mglBp,0.05,19,19,GGTAAACCATAAGCTGAGCG,0,2411710
mglBp,0.05,19,19,GGGTGTAGCACATTGACCAG,0,2394104
mglBp,0.05,19,19,GGGTATTATCGGAACTCGGA,0,2346210
mglBp,0.05,19,19,GGGGGGATCTACTCAGCGAT,0,2358297
mglBp,0.05,19,19,GGGGATGACCTTCATCACTA,0,2379175
mglBp,0.05,19,19,GGGCAGCTAGGGATAGATGA,0,2338840
mglBp,0.05,19,19,GGCTGGGAACCGGGCTCCAC,0,2321309
mglBp,0.05,19,19,GGCGCGTCAAGGGGGGTTTT,0,2331058
mglBp,0.05,19,19,GGCGCGCCTAATCGGAGAGG,0,2356149
mglBp,0.05,19,19,GGCCTGGGGCGTCTGGGGAC,0,2400633
mglBp,0.05,19,19,GGCCCAACCATGCTGGACAC,0,2339249
mglBp,0.05,19,19,GGCCAGGGACGACGGTTCTG,0,2358967
mglBp,0.05,19,19,GGCCACTTCACAAGGACAGT,0,2351328
mglBp,0.05,19,19,GGCACCACGTTACGGGTGAT,0,2334944
mglBp,0.05,19,19,GGATGTCGCTCCCGGTACGA,0,2415547
mglBp,0.05,19,19,GGATATGCATTTCTTATACA,0,2346727
mglBp,0.05,19,19,GGATAGCTTCTTCGGTTCGT,0,2332978
mglBp,0.05,19,19,GGATAAGGTCACGTGCTCTA,0,2405283
mglBp,0.05,19,19,GGAGACGCGCTGATACAGGG,0,2405424
mglBp,0.05,19,19,GGAATCCACGCGACACGCCA,0,2355004
mglBp,0.05,19,19,GGAAGCACTGGTAGAAGATA,0,2334827
mglBp,0.05,19,19,GGAAAGCCCTTTCGGAAGAG,0,2373178
mglBp,0.05,19,19,GGAAAGCCAGCGGAGTCCGG,0,2381622
mglBp,0.05,19,19,GCTTGAAATCCCGCAATACG,0,2328633
mglBp,0.05,19,19,GCTTCACACCACTACGAAGG,0,2369393
mglBp,0.05,19,19,GCTGTCTTGTACTCATTAAG,0,2332795
mglBp,0.05,19,19,GCTGGTTCCGGAGGTAGACG,0,2384528
mglBp,0.05,19,19,GCTGACCGGCCTGAGACAGT,0,2345223
mglBp,0.05,19,19,GCTCGCCCGGATGCATAGAC,0,2365123
mglBp,0.05,19,19,GCTAGTCTATAATGGATCAT,0,2356438
mglBp,0.05,19,19,GCTAACCCGGCTATTTATGT,0,2410573
mglBp,0.05,19,19,GCGTGGGGTAGAAGCCAAGA,0,2369326
mglBp,0.05,19,19,GCGTCGTTACTAACGTCACC,0,2408288
mglBp,0.05,19,19,GCGGCCCTGTGAATCACCCC,0,2364935
mglBp,0.05,19,19,GCGAGAGTGTCGTATAAAGC,0,2395608
mglBp,0.05,19,19,GCCTCAGCATACTAGGGAAC,0,2423445
mglBp,0.05,19,19,GCCGGTTGTACAGAGATTTT,0,2330541
mglBp,0.05,19,19,GCCCCGTAAGCGGCGCCGAT,0,2366542
mglBp,0.05,19,19,GCCATTAGGAATTACGCCTA,0,2414670
mglBp,0.05,19,19,GCCAGGGTTTTGGCAGACCA,0,2370145
mglBp,0.05,19,19,GCCAAGTATAGTTTCGCCTT,0,2340116
mglBp,0.05,19,19,GCCAAGCAGTTTCGACGCAA,0,2343409
mglBp,0.05,19,19,GCAGTCGAAGAAAAAAATAT,0,2391636
mglBp,0.05,19,19,GCACTCACATTTGAGATGGA,0,2415779
mglBp,0.05,19,19,GCACCTGCATAAGGAATAAT,0,2353195
mglBp,0.05,19,19,GCACAGCGTACCTACCGCTG,0,2365141
mglBp,0.05,19,19,GCAATCCGGTATGCGGGTGG,0,2367329
mglBp,0.05,19,19,GATTAGTAGGTTAAGAGATA,0,2401561
mglBp,0.05,19,19,GATGCGTATGTGATGAATAG,0,2352330
mglBp,0.05,19,19,GATCTGAATTGTTAAGATTT,0,2322724
mglBp,0.05,19,19,GATAAACCGAGTAAAAAAGG,0,2324550
mglBp,0.05,19,19,GAGTGTTCTCGTCTTGACAT,0,2335454
mglBp,0.05,19,19,GAGTCGGTGTTGCACGCTTT,0,2320233
mglBp,0.05,19,19,GAGGCTGTTTACTTCCTGAG,0,2356106
mglBp,0.05,19,19,GAGCCTAACAGCTGACTTGA,0,2395199
mglBp,0.05,19,19,GAGCCCGCCAATCATTTCCC,0,2333441
mglBp,0.05,19,19,GAGAGTATCTTGATTTATCC,0,2343431
mglBp,0.05,19,19,GAGAGCCCTTTCAGCCCGAG,0,2319684
mglBp,0.05,19,19,GAGAATCCGGACTTGCGATC,0,2338419
mglBp,0.05,19,19,GACGCGTTAAATCTCCGCGC,0,2404973
mglBp,0.05,19,19,GACACCAGCCCCTGTCTCTT,0,2354258
mglBp,0.05,19,19,GACACATGCCAATCAAGCTT,0,2346252
mglBp,0.05,19,19,GACACACTTCAGGGCTACAC,0,2328173
mglBp,0.05,19,19,GACAATTTTTTCTAGTTGAT,0,2353535
mglBp,0.05,19,19,GAATGTCCGACTGATACGAG,0,2406386
mglBp,0.05,19,19,GAATGAGCAAGTCATAAAAG,0,2402334
mglBp,0.05,19,19,GAAGCTTACGACAGTGGTGA,0,2337500
mglBp,0.05,19,19,GAACGGGAGTTGCGGGACAG,0,2380464
mglBp,0.05,19,19,CTTTCGCACGGTGGGGTAAA,0,2361814
mglBp,0.05,19,19,CTTTATTCAGTCCTAGTTTA,0,2331880
mglBp,0.05,19,19,CTTGGTGCACCGTCAGGGGT,0,2418318
mglBp,0.05,19,19,CTTGATCTTGTCCCCATGTT,0,2353650
mglBp,0.05,19,19,CTTCGCCCGGTGGGCTATCA,0,2404364
mglBp,0.05,19,19,CTGTGGCTTACAGTTGTTTT,0,2373760
mglBp,0.05,19,19,CTGGCGCTCCACGGTGGCTC,0,2366143
mglBp,0.05,19,19,CTGGAGGATTTAGTCAGCGT,0,2323004
mglBp,0.05,19,19,CTGAGAGCACCGAACATTGT,0,2345733
mglBp,0.05,19,19,CTGACGGGACCAGGCATGCG,0,2362181
mglBp,0.05,19,19,CTGAAGGCTGTTACTATAGT,0,2376308
mglBp,0.05,19,19,CTCTTGGCTCACGCCCCTAT,0,2410032
mglBp,0.05,19,19,CTCTCTCTGGGGCGGTAGAG,0,2341405
mglBp,0.05,19,19,CTCTATCAACGTCGGGGACG,0,2417261
mglBp,0.05,19,19,CTCGTATATACGGGTTAACG,0,2349195
mglBp,0.05,19,19,CTCGGAGATTGGGAATGCCT,0,2368385
mglBp,0.05,19,19,CTCAACGGCAGATTTGGATT,0,2394734
mglBp,0.05,19,19,CTCAAATGCGTGACTCTGCT,0,2356947
mglBp,0.05,19,19,CTATATCGTTCGCAATTGTT,0,2416547
mglBp,0.05,19,19,CTATAGCCACCGGCCGTGCG,0,2336828
mglBp,0.05,19,19,CTACGCTTGAACCTTGGGGT,0,2371641
mglBp,0.05,19,19,CTAATTGTCCGAACCTCGGG,0,2402238
mglBp,0.05,19,19,CTAAGCTTTCGCGGTGATGC,0,2390796
mglBp,0.05,19,19,CTAAGATAGTTAACTGTATC,0,2394277
mglBp,0.05,19,19,CGTTCTTACGTCTCGGCGTT,0,2386480
mglBp,0.05,19,19,CGTGCGTGCGCACTTGCGTT,0,2331175
mglBp,0.05,19,19,CGTGCGCAATACTTAATCCA,0,2382000
mglBp,0.05,19,19,CGTGACGCAGCGAACCGGGG,0,2385683
mglBp,0.05,19,19,CGTCACCTAGACACCTCTCT,0,2418738
mglBp,0.05,19,19,CGTATATCGTCCCTGTGCAA,0,2367646
mglBp,0.05,19,19,CGTAGGCAGCCCAATTGCGT,0,2385581
mglBp,0.05,19,19,CGTAGAGAAGTTGAGCACGA,0,2363173
mglBp,0.05,19,19,CGGTACTGACATCTTTAATT,0,2331720
mglBp,0.05,19,19,CGGGAGACCTAAAGGTAGGA,0,2326651
mglBp,0.05,19,19,CGGCTTTGTATCTACGGCTA,0,2378275
mglBp,0.05,19,19,CGGCTATTGCGGCTTCAGTC,0,2383830
mglBp,0.05,19,19,CGGCTATCTGAGAGGTCGGA,0,2376876
mglBp,0.05,19,19,CGGCGCCATACGATGTCAAA,0,2351539
mglBp,0.05,19,19,CGGCATATATTGATATTTCA,0,2386078
mglBp,0.05,19,19,CGGATGGACGAAGACGGTAG,0,2394518
mglBp,0.05,19,19,CGCTTAGGACGCTCTTGGAT,0,2343149
mglBp,0.05,19,19,CGCTCTGGTAATGCAGGCAG,0,2320987
mglBp,0.05,19,19,CGCTCAGTCTGTGGTGGGAC,0,2337004
mglBp,0.05,19,19,CGCGCCAGAAGTCTTCTAAC,0,2411829
mglBp,0.05,19,19,CGCCGTCCGAGGCATCAGCA,0,2351083
mglBp,0.05,19,19,CGCCGCGGACTTACGTACTC,0,2327360
mglBp,0.05,19,19,CGCCCTGGACCAGAAAATAT,0,2335676
mglBp,0.05,19,19,CGCATTGCTACAAACGGTAA,0,2331719
mglBp,0.05,19,19,CGATCCGGAGCGGAGAGTCG,0,2405052
mglBp,0.05,19,19,CGAGATAGTGCGTTACTCTC,0,2352151
mglBp,0.05,19,19,CGACCCCTATCAGCAATTCC,0,2329726
mglBp,0.05,19,19,CGAATTGACGTAGGAGCCCA,0,2421527
mglBp,0.05,19,19,CGAATATCATATTTACTTCG,0,2367964
mglBp,0.05,19,19,CGAACCATGGACTAAACTAA,0,2360363
mglBp,0.05,19,19,CGAAAATGTTGGTGTCTAAG,0,2398642
mglBp,0.05,19,19,CCTTCAAGGCGGTCCGCCGT,0,2370651
mglBp,0.05,19,19,CCTTACCTCGGACTTGTCTA,0,2408927
mglBp,0.05,19,19,CCTGAGTGAAGAGGGGGGCG,0,2375846
mglBp,0.05,19,19,CCTCCTAATGAGCGAAGCTA,0,2352098
mglBp,0.05,19,19,CCTCCAACGGACGACACAAT,0,2375514
mglBp,0.05,19,19,CCTATGCGCCTCGCATTCTG,0,2378604
mglBp,0.05,19,19,CCTATACAAGCATGTCCGTT,0,2390089
mglBp,0.05,19,19,CCTAGCTGAGCCGAACGTAA,0,2422999
mglBp,0.05,19,19,CCTACTTCCATGCCTAGACT,0,2318448
mglBp,0.05,19,19,CCGGGATGCCTCGGAGGGCA,0,2396822
mglBp,0.05,19,19,CCGGATCCTTATTGCGATGA,0,2407486
mglBp,0.05,19,19,CCGCGCACCGGAGTTTACTT,0,2391424
mglBp,0.05,19,19,CCGCCCGACAAGGCCCTTAC,0,2362087
mglBp,0.05,19,19,CCGATCGTTTAAGTCAGACG,0,2378378
mglBp,0.05,19,19,CCGACCGAAACGGGCCGGTT,0,2370642
mglBp,0.05,19,19,CCCTCAAGTCAGAAACGGCT,0,2361127
mglBp,0.05,19,19,CCCTAGCGGCACTTAAAAGT,0,2328207
mglBp,0.05,19,19,CCCCCCGGACTCTCAAAATG,0,2385329
mglBp,0.05,19,19,CCATCCGCGTAGTGCGAGTA,0,2409981
mglBp,0.05,19,19,CCATATTCTCAATTTCGGCC,0,2338058
mglBp,0.05,19,19,CCAGGCTACATATGCCAAGG,0,2349252
mglBp,0.05,19,19,CCAGATGGTCATTTTCTCCA,0,2318053
mglBp,0.05,19,19,CATTCGGCCTACGTTCGTGA,0,2356576
mglBp,0.05,19,19,CATGTTAACTGCCCAGCGGT,0,2362405
mglBp,0.05,19,19,CATGGGGCGGACAGGACGAA,0,2372924
mglBp,0.05,19,19,CATGATATTAATCTAGCGTG,0,2378691
mglBp,0.05,19,19,CATCTAGTGGGGAATCAGTA,0,2410801
mglBp,0.05,19,19,CATCGTTTACAGACGTGCGG,0,2341592
mglBp,0.05,19,19,CATACGCACCACGGAAGACT,0,2376934
mglBp,0.05,19,19,CAGTTTCAGTCGAGGCATCA,0,2357022
mglBp,0.05,19,19,CAGTCCCCAGAGGTCTTCTA,0,2390173
mglBp,0.05,19,19,CAGGGGCGGCAATCCCCCTA,0,2365391
mglBp,0.05,19,19,CAGATGATACGCAAATCTTT,0,2369737
mglBp,0.05,19,19,CAGAATTCACGCCCGTTTTC,0,2366936
mglBp,0.05,19,19,CACTGTACTGCGTGACAGCT,0,2346958
mglBp,0.05,19,19,CACGTATACACCCTTTGTGC,0,2356715
mglBp,0.05,19,19,CACAGGCCCGGTAACGGCTT,0,2345595
mglBp,0.05,19,19,CACACCAAAAGTAAGGCCTC,0,2358326
mglBp,0.05,19,19,CAATTCTTAGTTAAGAGTGT,0,2344660
mglBp,0.05,19,19,CAATCGCATCTGGGCCATTC,0,2404974
mglBp,0.05,19,19,CAAGGTAAGGCCACACTGAA,0,2317386
mglBp,0.05,19,19,CAAGCATGAATGTTACGTGT,0,2383197
mglBp,0.05,19,19,CAACTATTGGAATCGTCTAC,0,2329782
mglBp,0.05,19,19,CAACCTTACCGAAAATCTAC,0,2374623
mglBp,0.05,19,19,CAAAGTTAGTATTAAAACTA,0,2335373
mglBp,0.05,19,19,ATTCGAAAGACTGCCGCATC,0,2382045
mglBp,0.05,19,19,ATTAGCCGCCGTTAGGCCGA,0,2338198
mglBp,0.05,19,19,ATTACAGGCTACCACGAAAG,0,2336849
mglBp,0.05,19,19,ATGGTCACCCGATCAATGAG,0,2363408
mglBp,0.05,19,19,ATGGGTTTCGGGGAGTTCAA,0,2321748
mglBp,0.05,19,19,ATGGCGCGTGACATGACCTC,0,2406306
mglBp,0.05,19,19,ATGCTCTATATCGAGGACGA,0,2355881
mglBp,0.05,19,19,ATGCTCGGGCTTTACGGACA,0,2406515
mglBp,0.05,19,19,ATGCCTCTATACGGGAACCA,0,2419182
mglBp,0.05,19,19,ATGCCGGTCCAGGAGTAATG,0,2329488
mglBp,0.05,19,19,ATGCATTCTAAAGGAACGAC,0,2334551
mglBp,0.05,19,19,ATGAACATGGTTGGATACTT,0,2370902
mglBp,0.05,19,19,ATCTGTCTATATCGTTAGGA,0,2319143
mglBp,0.05,19,19,ATCTGTCTAAGGATACGATT,0,2362731
mglBp,0.05,19,19,ATCGTCCGTCGGCTTTCAGT,0,2332550
mglBp,0.05,19,19,ATCGGCTCGCACTTTCCTTA,0,2320602
mglBp,0.05,19,19,ATCGCGTCCCTGACAACTCG,0,2368118
mglBp,0.05,19,19,ATCCACCGCGGATCGGCGTA,0,2359944
mglBp,0.05,19,19,ATCATTACGTGCGATCTTAA,0,2406852
mglBp,0.05,19,19,ATCATACTAAATCGGAAGAA,0,2335380
mglBp,0.05,19,19,ATCAGGTGGCCCACGCATTA,0,2407994
mglBp,0.05,19,19,ATCACTTCCTTGATCGGGAG,0,2383715
mglBp,0.05,19,19,ATCAAGGCGTCGGTGCGTAA,0,2391456
mglBp,0.05,19,19,ATATGACCTGTTGCAGTCAT,0,2354700
mglBp,0.05,19,19,ATAGCCTTGCGGCTCACTCG,0,2318432
mglBp,0.05,19,19,ATAAACTAGAGTTTAGGCGT,0,2391748
mglBp,0.05,19,19,AGTTTAGTTGGGGCTACGAA,0,2395172
mglBp,0.05,19,19,AGTGGACCCTGATTTACCGA,0,2323330
mglBp,0.05,19,19,AGTATCCGAGCGGTGGGCCG,0,2407909
mglBp,0.05,19,19,AGTAGCATATCATATCCACA,0,2353685
mglBp,0.05,19,19,AGTAGACTGGCTAGAAGTAA,0,2377018
mglBp,0.05,19,19,AGGGTGGCACTTAAAAGCGT,0,2372656
mglBp,0.05,19,19,AGGATGAATAGAGTAAGCCC,0,2404582
mglBp,0.05,19,19,AGGACTTTGTGGAGCACAGG,0,2383095
mglBp,0.05,19,19,AGGACGACACATTCCGCGCT,0,2371504
mglBp,0.05,19,19,AGCCTCGTCGTCTTAATCTT,0,2392246
mglBp,0.05,19,19,AGCCCTTACGCTGCCAAGGG,0,2378647
mglBp,0.05,19,19,AGATGCTGATGACATCGGTG,0,2401267
mglBp,0.05,19,19,AGATCCCTTCAATTATCTAA,0,2353829
mglBp,0.05,19,19,AGATAATTGCATAGATAGAG,0,2413642
mglBp,0.05,19,19,AGAGCATAGAAGGCCCCCGT,0,2391768
mglBp,0.05,19,19,AGACTCTTGGAGACGGTCCC,0,2344380
mglBp,0.05,19,19,AGACAGTCCAGTAACAACGG,0,2326738
mglBp,0.05,19,19,AGAATCATGGACTTTTCTTA,0,2336617
mglBp,0.05,19,19,AGAACGTGTCGTGAATCGCT,0,2339828
mglBp,0.05,19,19,ACTTTAGGGCTAATCCTTCT,0,2371463
mglBp,0.05,19,19,ACTTATTAATCCAGGTTAAG,0,2351579
mglBp,0.05,19,19,ACTGTAGGGCGCTCCTGCAG,0,2332091
mglBp,0.05,19,19,ACTGGGTCCTTAGAGGGTTG,0,2395712
mglBp,0.05,19,19,ACTGGCCCCTTGCTCCGTTA,0,2386021
mglBp,0.05,19,19,ACTGCAGTCTATGCTGGATT,0,2328802
mglBp,0.05,19,19,ACTCAAAGCATGTGGGTTCC,0,2385251
mglBp,0.05,19,19,ACGTGGTCCCACCGGCGACA,0,2397900
mglBp,0.05,19,19,ACGGCAGCCCCCTAAAACTA,0,2328127
mglBp,0.05,19,19,ACGGACGTGCAACCTCTCTT,0,2407880
mglBp,0.05,19,19,ACGCTCGCAAGTTGATTTTG,0,2384628
mglBp,0.05,19,19,ACCGGAATGGGCTGAGGGGT,0,2396875
mglBp,0.05,19,19,ACCGCTTACATCTAGTTTCT,0,2335805
mglBp,0.05,19,19,ACCGAATGAATGATTTGCTT,0,2389384
mglBp,0.05,19,19,ACCCCTAGCAAAAACGTGAC,0,2413148
mglBp,0.05,19,19,ACCCCATTCTACGTAACAAT,0,2358182
mglBp,0.05,19,19,ACCATCAGGAGTAAGACGCT,0,2334640
mglBp,0.05,19,19,ACAATGCGGGTAGCAGACAT,0,2371748
mglBp,0.05,19,19,AATGAAGAATGAATCGGCAT,0,2336013
mglBp,0.05,19,19,AATAGAGGTCAACTTTGGTC,0,2388284
mglBp,0.05,19,19,AATAAGTCCCAGGTTTGGCT,0,2370541
mglBp,0.05,19,19,AAGTCTTCATCGGGCTGGGT,0,2320662
mglBp,0.05,19,19,AAGTCGGCCGCTATTTGTAG,0,2350809
mglBp,0.05,19,19,AAGTAGTGATTGCTTCAAGA,0,2361292
mglBp,0.05,19,19,AAGGGGGGCGCTCCCCAATA,0,2390680
mglBp,0.05,19,19,AAGGGGCATCATTGGGACTT,0,2378470
mglBp,0.05,19,19,AAGGCAGTCAGGCAGCGAAA,0,2381824
mglBp,0.05,19,19,AAGCTTCGGAATGGATTCCC,0,2379318
mglBp,0.05,19,19,AAGCGTGTTGCTTGCAGAGA,0,2325998
mglBp,0.05,19,19,AAGCGGTTGTGCCTATGCCC,0,2397256
mglBp,0.05,19,19,AAGAAACGCAGGGATGTGCC,0,2344017
mglBp,0.05,19,19,AACTGCCTGTTAAGGCTCGG,0,2396087
mglBp,0.05,19,19,AACTAACATGACTCCCCAAA,0,2418547
mglBp,0.05,19,19,AACGCATTCCGCTGAAGGAA,0,2349503
mglBp,0.05,19,19,AACGCAACCCGAGTTAGGGG,0,2401406
mglBp,0.05,19,19,AACAATCGCGCACTGTACCA,0,2383102
mglBp,0.05,19,19,AAATTAGCAGGCTGTTTGGC,0,2399212
mglBp,0.05,19,19,AAACGCTACGGATGCTTATG,0,2371495
mglBp,0.05,19,19,AAAAGGTAAGTACACAGGTG,0,2415673
mglBp,0.05263157894736842,18,18,TTTTTGGTGTCGTCACCATT,0,2402366
mglBp,0.05263157894736842,18,18,TTTTCATCGAAGATCTAGTA,0,2370962
mglBp,0.05263157894736842,18,18,TTTGTGTATGTCCGAACGGT,0,2362292
mglBp,0.05263157894736842,18,18,TTTGACAATTGAATGAGCAT,0,2363318
mglBp,0.05263157894736842,18,18,TTTCTTAAAATATCCACGGT,0,2373876
mglBp,0.05263157894736842,18,18,TTTCCGCGTTGTGTCAGCGA,0,2343043
mglBp,0.05263157894736842,18,18,TTGTAACGTTGAGGCTGACA,0,2376874
mglBp,0.05263157894736842,18,18,TTGGGGCGGAATTATACTGG,0,2342105
mglBp,0.05263157894736842,18,18,TTGCCCGTAGAATGTGGATC,0,2415937
mglBp,0.05263157894736842,18,18,TTGCAATAGTGCCAACCCAT,0,2334283
mglBp,0.05263157894736842,18,18,TTGATTTGTACTTAGCCTCT,0,2385652
mglBp,0.05263157894736842,18,18,TTGATCAAGACCTGAGATAA,0,2393361
mglBp,0.05263157894736842,18,18,TTGAAGCATGTAACCTCTTA,0,2318188
mglBp,0.05263157894736842,18,18,TTCTTAATGCGACGTATACC,0,2396858
mglBp,0.05263157894736842,18,18,TTCTCGCTACCGCAGTGTAA,0,2351076
mglBp,0.05263157894736842,18,18,TTCTCGCCCCCGTTGCGATG,0,2373074
mglBp,0.05263157894736842,18,18,TTCGTTCCCGTGATCCGGAA,0,2392101
mglBp,0.05263157894736842,18,18,TTCGAGGGACTGTTGGGATT,0,2401829
mglBp,0.05263157894736842,18,18,TTCATGCTATTCTGTCCGTA,0,2343910
mglBp,0.05263157894736842,18,18,TTCAGCTCTAAACAGATGGG,0,2364222
mglBp,0.05263157894736842,18,18,TTATACCCTGGTAAGAGGTT,0,2385978
mglBp,0.05263157894736842,18,18,TTAGGCTCGATAACCTCGGA,0,2354827
mglBp,0.05263157894736842,18,18,TTACTAACAAGTTCCTCGGA,0,2385838
mglBp,0.05263157894736842,18,18,TTAAGGCCCTTACATTTAGT,0,2418619
mglBp,0.05263157894736842,18,18,TTAAAGCTTGCCACAGAGTG,0,2396639
mglBp,0.05263157894736842,18,18,TGTTTACATAGGGGTTCGCT,0,2379746
mglBp,0.05263157894736842,18,18,TGTTACATTTCCCAAGGGCA,0,2377770
mglBp,0.05263157894736842,18,18,TGTGCCACCTTTGTGCGCGT,0,2342957
mglBp,0.05263157894736842,18,18,TGTCTCAAAAACAGCCCATT,0,2334165
mglBp,0.05263157894736842,18,18,TGTCCTAATCCCGAATAGTA,0,2390296
mglBp,0.05263157894736842,18,18,TGTATCCGGGGACACAGACA,0,2325308
mglBp,0.05263157894736842,18,18,TGTAACTCGACCCGAGGGGG,0,2343343
mglBp,0.05263157894736842,18,18,TGGTCGGCTCGGGCGGGGAG,0,2394562
mglBp,0.05263157894736842,18,18,TGGGGGACACAGGCCTATTA,0,2348095
mglBp,0.05263157894736842,18,18,TGGGGATCCGGTGCCCTCCT,0,2347913
mglBp,0.05263157894736842,18,18,TGGCAAGCGTCGGGTCGGTA,0,2416183
mglBp,0.05263157894736842,18,18,TGCTGGGCGCGGTATATAAA,0,2350146
mglBp,0.05263157894736842,18,18,TGCGGGGGCCGAGAAGCCCT,0,2423620
mglBp,0.05263157894736842,18,18,TGCGGACTCTCAGGTATCGA,0,2357467
mglBp,0.05263157894736842,18,18,TGCCTTCGAGAATCCAAGTT,0,2317250
mglBp,0.05263157894736842,18,18,TGCATCACGGGCCCAAGGCG,0,2338500
mglBp,0.05263157894736842,18,18,TGATGGTCCCGCTCGTTTTT,0,2397664
mglBp,0.05263157894736842,18,18,TGAGTGACATAGTAGACGTT,0,2336330
mglBp,0.05263157894736842,18,18,TGAGCTAACTGGAGCAAGAA,0,2368809
mglBp,0.05263157894736842,18,18,TGACGGGCTTCGCAATAGCA,0,2407882
mglBp,0.05263157894736842,18,18,TGAAGGGATCAAGCCAGCAA,0,2326942
mglBp,0.05263157894736842,18,18,TGAACCCAGGGCGATACAAG,0,2361884
mglBp,0.05263157894736842,18,18,TCTTAATGCCAGCGGACCAC,0,2356445
mglBp,0.05263157894736842,18,18,TCGTTGGTAAGCATTTGATG,0,2392832
mglBp,0.05263157894736842,18,18,TCGTGCGTAGTAAGATTTGA,0,2382307
mglBp,0.05263157894736842,18,18,TCGGGTTCATGTTGGAGATT,0,2380638
mglBp,0.05263157894736842,18,18,TCGGGGCATTGATGTGCCCG,0,2379325
mglBp,0.05263157894736842,18,18,TCGGGCCGATGTCCATATGT,0,2417613
mglBp,0.05263157894736842,18,18,TCCGATTCGCGTATTCAGCA,0,2371749
mglBp,0.05263157894736842,18,18,TCCCAATTTTCGACAAGTTA,0,2409802
mglBp,0.05263157894736842,18,18,TCCAGCATTATATCTAAATA,0,2360685
mglBp,0.05263157894736842,18,18,TCATTCAGTTAAGCGCCTGA,0,2378908
mglBp,0.05263157894736842,18,18,TCATCCGCACGTGGGAGTAG,0,2397625
mglBp,0.05263157894736842,18,18,TCATATACGGTATTAATGGT,0,2345530
mglBp,0.05263157894736842,18,18,TCATAGAGTGGGTCGTTGAG,0,2417981
mglBp,0.05263157894736842,18,18,TCAGTATTATACCAGCGCAT,0,2396073
mglBp,0.05263157894736842,18,18,TCACGGGAGCCTAAGTCTGT,0,2397396
mglBp,0.05263157894736842,18,18,TCAAGTCGCAAACACTACCC,0,2363600
mglBp,0.05263157894736842,18,18,TCAAGGCACGGGCTCGGTCT,0,2392677
mglBp,0.05263157894736842,18,18,TCAAAAGGCGTCTCATTCTG,0,2322960
mglBp,0.05263157894736842,18,18,TATGGTGACGTAGATTAGGT,0,2325049
mglBp,0.05263157894736842,18,18,TATAAGCCGATACGTATTGG,0,2338621
mglBp,0.05263157894736842,18,18,TAGGTACACGCCCGCTAAAT,0,2359438
mglBp,0.05263157894736842,18,18,TAGCGCCCGCGGTGGTTTTT,0,2369311
mglBp,0.05263157894736842,18,18,TAGCCGAAGATTGGAATTCC,0,2385714
mglBp,0.05263157894736842,18,18,TAGCCACTTACAGGACATGT,0,2395652
mglBp,0.05263157894736842,18,18,TAGAGCAATCTAGACAAATG,0,2340504
mglBp,0.05263157894736842,18,18,TAGAGATGCTGCCCGACGCG,0,2382998
mglBp,0.05263157894736842,18,18,TAGAAAAGGCTTTCTGATAG,0,2331569
mglBp,0.05263157894736842,18,18,TACTTGAAGCAGCACGCGGC,0,2386733
mglBp,0.05263157894736842,18,18,TACTAAGTTCCATAGGCAGT,0,2365276
mglBp,0.05263157894736842,18,18,TAAGTCATTAGAATGGTATA,0,2325992
mglBp,0.05263157894736842,18,18,TAAGACCGGATCCATATCCT,0,2407366
mglBp,0.05263157894736842,18,18,TAACCGTAGCCTCTCCATGG,0,2389250
mglBp,0.05263157894736842,18,18,TAAACCTGTGATGAGCAGGA,0,2376772
mglBp,0.05263157894736842,18,18,TAAACCCGAGAGAATCGGTA,0,2364416
mglBp,0.05263157894736842,18,18,GTTTAAAACTTCTTGACACC,0,2389269
mglBp,0.05263157894736842,18,18,GTTGCCGTGGCAGCGCGCCT,0,2331450
mglBp,0.05263157894736842,18,18,GTTATACCTTGGATTTAGAT,0,2409359
mglBp,0.05263157894736842,18,18,GTTATAATGTGACTGACGAC,0,2322930
mglBp,0.05263157894736842,18,18,GTTACTAGAACTTAGACATT,0,2385836
mglBp,0.05263157894736842,18,18,GTTAAAGATAGTTTGGGTGC,0,2331645
mglBp,0.05263157894736842,18,18,GTGGGGCCGACCAGCCGAAG,0,2378995
mglBp,0.05263157894736842,18,18,GTGGGCGATTTTCTCCAGAT,0,2386741
mglBp,0.05263157894736842,18,18,GTGCGACCACTCATACGGCA,0,2407176
mglBp,0.05263157894736842,18,18,GTGATACCATGCTCTTGTAT,0,2361212
mglBp,0.05263157894736842,18,18,GTCTGTGCCAGGCCATAGAG,0,2330708
mglBp,0.05263157894736842,18,18,GTCTGGGCGGTATGTAGGGA,0,2349084
mglBp,0.05263157894736842,18,18,GTCTCCGTACACTCCGAACC,0,2357899
mglBp,0.05263157894736842,18,18,GTCGGCGGTCTCGTTGGGAC,0,2396546
mglBp,0.05263157894736842,18,18,GTCGCTCAAAGTACGCTGGA,0,2410247
mglBp,0.05263157894736842,18,18,GTCCGTCTCAGATAAAGATT,0,2350565
mglBp,0.05263157894736842,18,18,GTCATGATATTCTGCCCTTG,0,2340519
mglBp,0.05263157894736842,18,18,GTATGGCTACAGGTATACTC,0,2417088
mglBp,0.05263157894736842,18,18,GTATGCTCGGATCCTAAGCA,0,2353102
mglBp,0.05263157894736842,18,18,GTATAGAATAGTTGTGAGGA,0,2334478
mglBp,0.05263157894736842,18,18,GTATAATATGTTAAAAGGAA,0,2337295
mglBp,0.05263157894736842,18,18,GTAGTAAGGGGCGTTGAAGG,0,2376187
mglBp,0.05263157894736842,18,18,GTAGAAAGGCTATGGCCGGG,0,2412407
mglBp,0.05263157894736842,18,18,GTAAAACGTCTGGAAAACCT,0,2401938
mglBp,0.05263157894736842,18,18,GGTTCTATAGATCACGTAAT,0,2388620
mglBp,0.05263157894736842,18,18,GGTGCAGGGCCTCTTACTCC,0,2359948
mglBp,0.05263157894736842,18,18,GGTGCAGATATTCTGATTTT,0,2338922
mglBp,0.05263157894736842,18,18,GGTCGAGGACCCATAAAAGT,0,2419129
mglBp,0.05263157894736842,18,18,GGTCATCGTGTTCTATTGAG,0,2350382
mglBp,0.05263157894736842,18,18,GGTACCGTGGTTCACTCATA,0,2340799
mglBp,0.05263157894736842,18,18,GGGTCGCCTCTTAGCGGGCA,0,2407973
mglBp,0.05263157894736842,18,18,GGGGTTTGCAGACAACCTCA,0,2418283
mglBp,0.05263157894736842,18,18,GGGGATCAACCTGTCGGGCA,0,2360184
mglBp,0.05263157894736842,18,18,GGGGATACCGGGTGATCCCA,0,2349752
mglBp,0.05263157894736842,18,18,GGGGAGCTGAAATGGCATCT,0,2326218
mglBp,0.05263157894736842,18,18,GGGCTCGGTAATTTAGTGTA,0,2387669
mglBp,0.05263157894736842,18,18,GGGCTACCGACAGTGTGGTG,0,2416079
mglBp,0.05263157894736842,18,18,GGGCCTATTTAGCTGGAACT,0,2405251
mglBp,0.05263157894736842,18,18,GGGATTCATTGAAGTAACGG,0,2395610
mglBp,0.05263157894736842,18,18,GGGATAAAGTGCGTCTGCCC,0,2391927
mglBp,0.05263157894736842,18,18,GGGAAATACAACGAATAAGA,0,2318688
mglBp,0.05263157894736842,18,18,GGCTGTGCACAAGTCAGGAT,0,2366241
mglBp,0.05263157894736842,18,18,GGCTGAGCCTGGTTTTTGGC,0,2388027
mglBp,0.05263157894736842,18,18,GGCTATCACCGCCAAGCTTG,0,2323451
mglBp,0.05263157894736842,18,18,GGCGGAACCTGTGTGGTAAG,0,2412114
mglBp,0.05263157894736842,18,18,GGCGCAAGGACACTGAGCCC,0,2322467
mglBp,0.05263157894736842,18,18,GGCGAAAGATGTAGACACCT,0,2402279
mglBp,0.05263157894736842,18,18,GGCACCATTATTGAGGTGTA,0,2381230
mglBp,0.05263157894736842,18,18,GGCAAAAATCAATAAAGGTC,0,2350513
mglBp,0.05263157894736842,18,18,GGATGTGATCTAATCAGCGA,0,2375537
mglBp,0.05263157894736842,18,18,GGAGTAGCCGAGGGAGAGGA,0,2382788
mglBp,0.05263157894736842,18,18,GGACCGGTTTGTGGTTTGAT,0,2395352
mglBp,0.05263157894736842,18,18,GGAATATGACGAAGTGCAAT,0,2380694
mglBp,0.05263157894736842,18,18,GGAATATAGTGAAATACATA,0,2356788
mglBp,0.05263157894736842,18,18,GGAACACGTCAGCGGAGCGA,0,2333560
mglBp,0.05263157894736842,18,18,GCTTGTACATCATTTCGATT,0,2377036
mglBp,0.05263157894736842,18,18,GCTTGGAAGGTCCGCTAACA,0,2396518
mglBp,0.05263157894736842,18,18,GCTTCCCGGCGAATTATTGC,0,2374486
mglBp,0.05263157894736842,18,18,GCTGATCAGCGATTTCGTCA,0,2363479
mglBp,0.05263157894736842,18,18,GCTAGGTGCGTTGTGATGCA,0,2376050
mglBp,0.05263157894736842,18,18,GCGTTGAGGTAATAAAGCTT,0,2399731
mglBp,0.05263157894736842,18,18,GCGTGGTCTGGACATGCGGG,0,2371266
mglBp,0.05263157894736842,18,18,GCGTCTGGCTGCTCTACTCA,0,2341816
mglBp,0.05263157894736842,18,18,GCGTCAGGCAACTGCGACGT,0,2407129
mglBp,0.05263157894736842,18,18,GCGTACATGTGCAGATCTTT,0,2361324
mglBp,0.05263157894736842,18,18,GCGGGCCTGCCTACACATAT,0,2381670
mglBp,0.05263157894736842,18,18,GCGGCAGGTCAAGCGGTGTA,0,2334044
mglBp,0.05263157894736842,18,18,GCGCTTAGCCAAACTCTGCA,0,2408986
mglBp,0.05263157894736842,18,18,GCGCTGATGGATTACCAGAA,0,2391097
mglBp,0.05263157894736842,18,18,GCGCGTGTCAAATAGGGCGA,0,2362499
mglBp,0.05263157894736842,18,18,GCGATTTATGCAAAAAGGTA,0,2329541
mglBp,0.05263157894736842,18,18,GCCTTCCAGTCCGGGGCGTA,0,2365426
mglBp,0.05263157894736842,18,18,GCCTGGGGCATAGGATCGGG,0,2320988
mglBp,0.05263157894736842,18,18,GCCTATTGGGACCGCCGTTC,0,2374346
mglBp,0.05263157894736842,18,18,GCATATTATCGAGCCTAGTG,0,2388778
mglBp,0.05263157894736842,18,18,GCAGTATGACCGAACGCCCC,0,2381102
mglBp,0.05263157894736842,18,18,GCACTAGCCTATCGGAGGTT,0,2407452
mglBp,0.05263157894736842,18,18,GCACGGCCCCGAAATGTGTG,0,2351538
mglBp,0.05263157894736842,18,18,GCAACGGACATGCTTGTAGT,0,2379887
mglBp,0.05263157894736842,18,18,GATTTTTGTGTTCATCCACA,0,2390537
mglBp,0.05263157894736842,18,18,GATTTCTATTCCCTGGTTGA,0,2317856
mglBp,0.05263157894736842,18,18,GATTTCGCGTGGAGTGTTGT,0,2361492
mglBp,0.05263157894736842,18,18,GATTGGTCCAGGACGGGTGG,0,2373138
mglBp,0.05263157894736842,18,18,GATTAAAGCACCTTTCCCGG,0,2388659
mglBp,0.05263157894736842,18,18,GATGGTTAAGCTGTATCCCG,0,2345960
mglBp,0.05263157894736842,18,18,GATGAGTGGGGTTTATTAGA,0,2333360
mglBp,0.05263157894736842,18,18,GATCACTGGGTGCGTGGATC,0,2401821
mglBp,0.05263157894736842,18,18,GATATTGTGCGTTCCGAACT,0,2375737
mglBp,0.05263157894736842,18,18,GATAGCGAACCCAAGCGTTG,0,2381950
mglBp,0.05263157894736842,18,18,GAGTATCTTTTTGTTTAACT,0,2345584
mglBp,0.05263157894736842,18,18,GAGTATCTGATGAGAGTGAG,0,2400411
mglBp,0.05263157894736842,18,18,GAGTAGGCGTGCATCCCCAC,0,2390829
mglBp,0.05263157894736842,18,18,GAGGGGCGATTAAGTAGGCA,0,2352790
mglBp,0.05263157894736842,18,18,GAGCTAAGGGAGGTCGACCT,0,2322293
mglBp,0.05263157894736842,18,18,GAGCGGAAGGTATCGAGGGT,0,2365907
mglBp,0.05263157894736842,18,18,GAGAGGAAATGTCTGCGAAT,0,2390763
mglBp,0.05263157894736842,18,18,GAGAGCGGATATGCTGTTAG,0,2395802
mglBp,0.05263157894736842,18,18,GACTCCTTGCTGTAGCTTCT,0,2409293
mglBp,0.05263157894736842,18,18,GACGTCTCTTCTTTGGTTTA,0,2421192
mglBp,0.05263157894736842,18,18,GACCGTAGTCACCACACGCC,0,2412000
mglBp,0.05263157894736842,18,18,GACCCACGGATCAATGGGTT,0,2395043
mglBp,0.05263157894736842,18,18,GACAGGCCTTTGAGAATGGT,0,2396676
mglBp,0.05263157894736842,18,18,GAATGGGATACAGAGGGAAT,0,2403155
mglBp,0.05263157894736842,18,18,GAAGTACATTACGTGTTTTT,0,2343283
mglBp,0.05263157894736842,18,18,GAAGGCCCAAAGCCGTGTAC,0,2385161
mglBp,0.05263157894736842,18,18,GAAGAGTATTACAGGGAAAT,0,2395410
mglBp,0.05263157894736842,18,18,GAACAGGTTACCGGTCCTCA,0,2366846
mglBp,0.05263157894736842,18,18,GAACAATAACTTCACTTCTT,0,2374806
mglBp,0.05263157894736842,18,18,GAACAACGAGAGCGGTGAAA,0,2323960
mglBp,0.05263157894736842,18,18,GAAAACGTCTTTCGGGTTGG,0,2359550
mglBp,0.05263157894736842,18,18,CTTTTCGGGCTTAAGGGCAT,0,2340945
mglBp,0.05263157894736842,18,18,CTTTCACCACATCAGAGGAG,0,2334789
mglBp,0.05263157894736842,18,18,CTTTATCCCAGTTATCCCCA,0,2358889
mglBp,0.05263157894736842,18,18,CTTATCTTTTTCTAGCTGGG,0,2356321
mglBp,0.05263157894736842,18,18,CTTACATCAGTTCTGTCGAT,0,2358956
mglBp,0.05263157894736842,18,18,CTTAAACTTGACTTTGGATC,0,2403908
mglBp,0.05263157894736842,18,18,CTGTAGTTAGAGCAAATCCA,0,2346517
mglBp,0.05263157894736842,18,18,CTGGTGCTGTGAATCTAGAG,0,2413149
mglBp,0.05263157894736842,18,18,CTGCGTATATGGGATCGGAC,0,2356669
mglBp,0.05263157894736842,18,18,CTGCGCGCTGTTTCGAAGTA,0,2348701
mglBp,0.05263157894736842,18,18,CTGATGGGTTGTATTATTTT,0,2354480
mglBp,0.05263157894736842,18,18,CTGAGCAGACGACGAGCCCA,0,2407257
mglBp,0.05263157894736842,18,18,CTGACGCTATGGAAGCGGTT,0,2406472
mglBp,0.05263157894736842,18,18,CTGACAAACCATGGGGCATA,0,2381793
mglBp,0.05263157894736842,18,18,CTCTTCCGTCACTTTAAGGC,0,2327332
mglBp,0.05263157894736842,18,18,CTCTGGAGTCCTGAGTCCCA,0,2335478
mglBp,0.05263157894736842,18,18,CTCGAGCTCCATACCATGCC,0,2354432
mglBp,0.05263157894736842,18,18,CTCCCGATTCAAAAGGGGTT,0,2330956
mglBp,0.05263157894736842,18,18,CTACATGGCCACCAGTGCGT,0,2337381
mglBp,0.05263157894736842,18,18,CTAAGAGCACACTCCCACCA,0,2408764
mglBp,0.05263157894736842,18,18,CGTTTTGGTCGTGGTTGTGT,0,2381888
mglBp,0.05263157894736842,18,18,CGTTCATGGGCTATCTACAA,0,2350834
mglBp,0.05263157894736842,18,18,CGTGGCGGGAACGGGGTGCT,0,2408779
mglBp,0.05263157894736842,18,18,CGTCTCGGTGTAGCATCATG,0,2395794
mglBp,0.05263157894736842,18,18,CGTCATTCTCTTATCGCGCA,0,2337208
mglBp,0.05263157894736842,18,18,CGGCTAGTATGGGATCGAGA,0,2373928
mglBp,0.05263157894736842,18,18,CGGCAGTTAGCACAGAGGCC,0,2416216
mglBp,0.05263157894736842,18,18,CGGCAGCGGTAGAGTGACGA,0,2358888
mglBp,0.05263157894736842,18,18,CGGAGAGGGCTTTGCTAGGG,0,2387972
mglBp,0.05263157894736842,18,18,CGCTTTGTATCGCGGGCTTT,0,2386116
mglBp,0.05263157894736842,18,18,CGCTTATCAGCACGGGTTAG,0,2399274
mglBp,0.05263157894736842,18,18,CGCTGCCCGACTTTCGCTAG,0,2355833
mglBp,0.05263157894736842,18,18,CGCCCTAGGATTTAAACTGT,0,2346636
mglBp,0.05263157894736842,18,18,CGCCAATCATGATACGTGTG,0,2386557
mglBp,0.05263157894736842,18,18,CGACGTATGCCGATCGGTCC,0,2344478
mglBp,0.05263157894736842,18,18,CGACACTGCCTCCCTACAGA,0,2418852
mglBp,0.05263157894736842,18,18,CGAACGAGGGGGGTTCATCT,0,2366907
mglBp,0.05263157894736842,18,18,CCTTGCCCCGTCGGACTTTA,0,2331443
mglBp,0.05263157894736842,18,18,CCTTCTTAGGCCTGGTATCT,0,2359354
mglBp,0.05263157894736842,18,18,CCTGCCCTCCACACGCATAC,0,2345248
mglBp,0.05263157894736842,18,18,CCTAGTACGAACTCGTGATG,0,2420801
mglBp,0.05263157894736842,18,18,CCTACGGATCAGCTTCACAG,0,2337104
mglBp,0.05263157894736842,18,18,CCGGTCGCTGAGCATAGGAT,0,2372431
mglBp,0.05263157894736842,18,18,CCGGCAAGGTAGTCGGCCCC,0,2321318
mglBp,0.05263157894736842,18,18,CCGGCAACCGCTACTGCCTG,0,2326434
mglBp,0.05263157894736842,18,18,CCGCGTTTATCTGGTTATTG,0,2403479
mglBp,0.05263157894736842,18,18,CCGCGACCCCCCATTGATGT,0,2347676
mglBp,0.05263157894736842,18,18,CCGAGACACCGCGGTAGGAC,0,2331717
mglBp,0.05263157894736842,18,18,CCGAACACATGCGAGGTGCT,0,2329613
mglBp,0.05263157894736842,18,18,CCCTCATCCCCGTAGGTGCG,0,2420673
mglBp,0.05263157894736842,18,18,CCCTACTACTCCATGCGGTA,0,2370707
mglBp,0.05263157894736842,18,18,CCCGGGGTGACTGTTGTCAG,0,2365738
mglBp,0.05263157894736842,18,18,CCCCGTGATAGGCGTAATCT,0,2352273
mglBp,0.05263157894736842,18,18,CCCCCGGCCCCTACGTTCGT,0,2416951
mglBp,0.05263157894736842,18,18,CCCCATTGCTGTCACACGCG,0,2405172
mglBp,0.05263157894736842,18,18,CCCCAACCCATGACGCTTGA,0,2381752
mglBp,0.05263157894736842,18,18,CCATTTTGTGCGGACTTATC,0,2400730
mglBp,0.05263157894736842,18,18,CCATGCCCAGCGCTAATTAA,0,2392058
mglBp,0.05263157894736842,18,18,CCAGGTCTGTCTACAGTTAC,0,2364131
mglBp,0.05263157894736842,18,18,CCACGAGAAACAAAGAACAG,0,2320486
mglBp,0.05263157894736842,18,18,CATTCACATTAGTGTCATAA,0,2326650
mglBp,0.05263157894736842,18,18,CATTAAAGGTAAGCGAACAC,0,2329128
mglBp,0.05263157894736842,18,18,CATCGGGTCCCGGTCTTGTT,0,2366034
mglBp,0.05263157894736842,18,18,CATATTCAGGTGCATGGGAT,0,2368001
mglBp,0.05263157894736842,18,18,CATATAGAGTCTTTTATTCA,0,2373667
mglBp,0.05263157894736842,18,18,CAGGGGGGTATATGACGCAG,0,2355580
mglBp,0.05263157894736842,18,18,CAGGCGCGTGTGTGGTCCCC,0,2367517
mglBp,0.05263157894736842,18,18,CAGCTGTTTCACATACGCTC,0,2373284
mglBp,0.05263157894736842,18,18,CAGCATCAGTACACAGTGTA,0,2406419
mglBp,0.05263157894736842,18,18,CAGCATATTCTCTGTTGCGT,0,2317729
mglBp,0.05263157894736842,18,18,CAGAGGAGAACTCGCGAGCA,0,2367121
mglBp,0.05263157894736842,18,18,CAGAAGTAATATACACGGGC,0,2370804
mglBp,0.05263157894736842,18,18,CACTGGCATCTCTGTCAGAC,0,2326178
mglBp,0.05263157894736842,18,18,CACGTCACGTGAAGGGAGCT,0,2363447
mglBp,0.05263157894736842,18,18,CACGCTGACACCAATAGATA,0,2411055
mglBp,0.05263157894736842,18,18,CACGAGGTAGGGCTTAGTGA,0,2363589
mglBp,0.05263157894736842,18,18,CACCTCGAACTATTGCAGCG,0,2344963
mglBp,0.05263157894736842,18,18,CACCATGTTAAGTAAGTGTT,0,2395994
mglBp,0.05263157894736842,18,18,CACCAAGAATGTCTAGGCCA,0,2403103
mglBp,0.05263157894736842,18,18,CACAATATGGACGATGTAAC,0,2319163
mglBp,0.05263157894736842,18,18,CAAGGTTATGGAGGAACCTG,0,2363008
mglBp,0.05263157894736842,18,18,CAAGACCGTACATTTTGGGC,0,2333571
mglBp,0.05263157894736842,18,18,CAACTTCGGGCAGATAGGGA,0,2359595
mglBp,0.05263157894736842,18,18,CAACTTCCTACCCCTTTTGC,0,2338907
mglBp,0.05263157894736842,18,18,CAAATCTTCCAAACCATCGT,0,2374830
mglBp,0.05263157894736842,18,18,CAAAACATCAGGTCGTTTCG,0,2371181
mglBp,0.05263157894736842,18,18,ATTTGCAGTGGAGTACTGGT,0,2415033
mglBp,0.05263157894736842,18,18,ATTGGGGTCGGGTTGTAGAA,0,2345450
mglBp,0.05263157894736842,18,18,ATTGGAGAGGGGTTCTGTGT,0,2319897
mglBp,0.05263157894736842,18,18,ATTGAATCTTTCCCAGTTCC,0,2340549
mglBp,0.05263157894736842,18,18,ATGTTGTGACCAACTCAATA,0,2396365
mglBp,0.05263157894736842,18,18,ATGTATAGCACGCTGGTGTA,0,2388094
mglBp,0.05263157894736842,18,18,ATGGGGCTAGTGTGATCTTC,0,2355835
mglBp,0.05263157894736842,18,18,ATGGCAGCACAAAAGGCTGA,0,2335028
mglBp,0.05263157894736842,18,18,ATGCAAAGTAGAGCTCTAAG,0,2394541
mglBp,0.05263157894736842,18,18,ATCTTTTGTGATATCGTAGT,0,2415552
mglBp,0.05263157894736842,18,18,ATCGTCAGGAAGAATAGAAA,0,2403350
mglBp,0.05263157894736842,18,18,ATCGGTCATAGCAGAATTTC,0,2381751
mglBp,0.05263157894736842,18,18,ATCGGGGGACCTTCACCTAT,0,2337963
mglBp,0.05263157894736842,18,18,ATCAGACACCCATCGCTATG,0,2406992
mglBp,0.05263157894736842,18,18,ATCACCACGGACGATGATCT,0,2389803
mglBp,0.05263157894736842,18,18,ATATTTAAGGCTAATCGTGT,0,2345619
mglBp,0.05263157894736842,18,18,ATACGATCGTTCATCTCAGT,0,2320508
mglBp,0.05263157894736842,18,18,ATACGACACAATATATGCTC,0,2316593
mglBp,0.05263157894736842,18,18,ATACCGGTATTAAGCAGAAG,0,2387218
mglBp,0.05263157894736842,18,18,AGTGTGGCCGTTATACTCCT,0,2402154
mglBp,0.05263157894736842,18,18,AGTCTTTGTTTGCGGCTTCT,0,2335626
mglBp,0.05263157894736842,18,18,AGTCGGTATAGAACGCGGAT,0,2323181
mglBp,0.05263157894736842,18,18,AGTAGTCTTTGCTTACGTTA,0,2352879
mglBp,0.05263157894736842,18,18,AGTACAGCTTTGAATTCCCT,0,2328375
mglBp,0.05263157894736842,18,18,AGGTCTGCAGGTTACATAAA,0,2382212
mglBp,0.05263157894736842,18,18,AGGTAACTAGATGGGCATTC,0,2392396
mglBp,0.05263157894736842,18,18,AGGGGCGCAAGTACGACGTG,0,2390553
mglBp,0.05263157894736842,18,18,AGGCTGGATTTATTCCGGTC,0,2357487
mglBp,0.05263157894736842,18,18,AGGCGGTACCCTGTCTTATC,0,2415544
mglBp,0.05263157894736842,18,18,AGGCCTCTTAGTCGGTTCGT,0,2359735
mglBp,0.05263157894736842,18,18,AGGCCAGGTGGGTCCACGGG,0,2358953
mglBp,0.05263157894736842,18,18,AGCTTCTGTCCCGACACGCA,0,2404552
mglBp,0.05263157894736842,18,18,AGCTTCACTCTGTTGTACCG,0,2408942
mglBp,0.05263157894736842,18,18,AGCTGCAGTAGAGCTAGGTT,0,2348589
mglBp,0.05263157894736842,18,18,AGCGTGGCTAGTCCGTATAT,0,2423554
mglBp,0.05263157894736842,18,18,AGCGAATCGATAGCAGTTAC,0,2360589
mglBp,0.05263157894736842,18,18,AGCCGCCTGTGAGAACAGGC,0,2422100
mglBp,0.05263157894736842,18,18,AGCATTGACCCTTGGAGGGT,0,2340581
mglBp,0.05263157894736842,18,18,AGATTGCCTGTTTAGAACTT,0,2326295
mglBp,0.05263157894736842,18,18,AGATGGGCAGCCGCTAGCCA,0,2369137
mglBp,0.05263157894736842,18,18,AGATCCCCTTGTGTCGTGCA,0,2418394
mglBp,0.05263157894736842,18,18,AGATAGTTTGTAATCGGTTG,0,2363455
mglBp,0.05263157894736842,18,18,AGACACATTGATAGCGGAAA,0,2325020
mglBp,0.05263157894736842,18,18,AGAAGCGAGGCAGGGATAAC,0,2344471
mglBp,0.05263157894736842,18,18,AGAACATCCTTCTGTAGCGT,0,2335079
mglBp,0.05263157894736842,18,18,ACTTCCCACTAGCGTGTGGG,0,2359997
mglBp,0.05263157894736842,18,18,ACTGTTTGCTTTCAGACACC,0,2335658
mglBp,0.05263157894736842,18,18,ACTGGTTTAACATTGGATGT,0,2416451
mglBp,0.05263157894736842,18,18,ACTCGCGTGTGAACGCTTTT,0,2334887
mglBp,0.05263157894736842,18,18,ACTCAGGAATACCTACTATA,0,2323984
mglBp,0.05263157894736842,18,18,ACGCTCCGTAGGAGGCAACC,0,2412404
mglBp,0.05263157894736842,18,18,ACCTTTGACACTGCGTTCCT,0,2380930
mglBp,0.05263157894736842,18,18,ACCGGCATTCGGAGGTCAGG,0,2402177
mglBp,0.05263157894736842,18,18,ACCGCCAGTGTTTTGGCACA,0,2342235
mglBp,0.05263157894736842,18,18,ACCGATCCAAACCTTCTCTT,0,2324253
mglBp,0.05263157894736842,18,18,ACCGAGCAACCACCGCTCAA,0,2379883
mglBp,0.05263157894736842,18,18,ACCCTTAAAGCGGTCCTGAC,0,2359120
mglBp,0.05263157894736842,18,18,ACCATGTCGAAGCCGTATCA,0,2360688
mglBp,0.05263157894736842,18,18,ACATACGAACAAATTGTAGA,0,2374932
mglBp,0.05263157894736842,18,18,ACAGGACGGTGAATGGAACC,0,2389362
mglBp,0.05263157894736842,18,18,ACAGACATACGGTCCATAAG,0,2352610
mglBp,0.05263157894736842,18,18,AATTTTGACAGAAATATTGG,0,2389483
mglBp,0.05263157894736842,18,18,AATTTCCGTTCATCACATCG,0,2318396
mglBp,0.05263157894736842,18,18,AATTAGCATGTAAAATCACA,0,2383200
mglBp,0.05263157894736842,18,18,AATTAACAAGACGGTGGACA,0,2356480
mglBp,0.05263157894736842,18,18,AATGTACGTTCTAACGGCAA,0,2403355
mglBp,0.05263157894736842,18,18,AATCTCTCTGACCCGTTCTT,0,2386925
mglBp,0.05263157894736842,18,18,AATCTCCCCGCATGGTGAGA,0,2390822
mglBp,0.05263157894736842,18,18,AATCTATCGTCCGTCTAGTT,0,2387588
mglBp,0.05263157894736842,18,18,AATAGTGACCCGCAAAGTAG,0,2388846
mglBp,0.05263157894736842,18,18,AATACGCCCGATTGTGTAAG,0,2396251
mglBp,0.05263157894736842,18,18,AAGTTCCTACGCGGCAAGAT,0,2318939
mglBp,0.05263157894736842,18,18,AAGTATATGGTCAATTTGCT,0,2386073
mglBp,0.05263157894736842,18,18,AAGTAGTCAGCATTTCAGCT,0,2403135
mglBp,0.05263157894736842,18,18,AAGGAGTACGTCTAGCCGCC,0,2360823
mglBp,0.05263157894736842,18,18,AAGCGTGAGATCTCAAGTCG,0,2387703
mglBp,0.05263157894736842,18,18,AAGCCCGGATGTCTTGTACA,0,2327667
mglBp,0.05263157894736842,18,18,AAGCATAGAAGTGCACTTCT,0,2368654
mglBp,0.05263157894736842,18,18,AACTGTCTTCGACGCCAGTT,0,2369344
mglBp,0.05263157894736842,18,18,AACTGACGGCTGCCTTACGA,0,2378648
mglBp,0.05263157894736842,18,18,AACTGAATAGACTTAAGTGC,0,2415835
mglBp,0.05263157894736842,18,18,AACGCCCAGATGCGTGAAGT,0,2318144
mglBp,0.05263157894736842,18,18,AACGCATCCACACATGGCTT,0,2362734
mglBp,0.05263157894736842,18,18,AACGCAGGGTCTACACGAGC,0,2334633
mglBp,0.05263157894736842,18,18,AACGAAGGAATCTACGAGAA,0,2416330
mglBp,0.05263157894736842,18,18,AACCCCGTAAGGTCACTTCA,0,2354626
mglBp,0.05263157894736842,18,18,AACACTCGTATGGTTCATAC,0,2359293
mglBp,0.05263157894736842,18,18,AACAATGCGTAGTTTTGCAT,0,2348789
mglBp,0.05263157894736842,18,18,AAATTTAGCAAGCTTTAGCG,0,2320703
mglBp,0.05263157894736842,18,18,AAATTCGGATCGAGGCAGTG,0,2346099
mglBp,0.05263157894736842,18,18,AAATGATTGGGATGTAAATC,0,2375007
mglBp,0.05263157894736842,18,18,AAATCGCGTTAGAGTGTCTC,0,2392932
mglBp,0.05263157894736842,18,18,AAAGTCGTCTGAATAATCAT,0,2363698
mglBp,0.05263157894736842,18,18,AAAGGAGGCATTTACTTAGA,0,2370507
mglBp,0.05263157894736842,18,18,AAACTTTGTCCGGCAGATTG,0,2371364
mglBp,0.05263157894736842,18,18,AAACAGTTCGTCCGCATTTT,0,2378172
mglBp,0.05263157894736842,18,18,AAACAGGTACCATGGGCTTA,0,2355805
mglBp,0.05263157894736842,18,18,AAAATCTAAAAACTGATCCA,0,2337703
mglBp,0.05263157894736842,18,18,AAAAGCCCTGAGGAGTAGGC,0,2316599
mglBp,0.05263157894736842,18,18,AAAAAGACGTTGGTGTCCTA,0,2331721
mglBp,0.05555555555555555,17,17,TTTTTGTGCGCTAAAGTTCC,0,2374159
mglBp,0.05555555555555555,17,17,TTTGCTTTAGTAAGTATTTA,0,2391578
mglBp,0.05555555555555555,17,17,TTTGAGCTGAAACACTAAAG,0,2370869
mglBp,0.05555555555555555,17,17,TTTCGGAGGGACTGAGTCGT,0,2342558
mglBp,0.05555555555555555,17,17,TTTAGGCAGCCGAGGTCAAG,0,2350332
mglBp,0.05555555555555555,17,17,TTTAGCGCCACGTAAAGCTG,0,2369907
mglBp,0.05555555555555555,17,17,TTGTTCAAGCAGGCAGCAGT,0,2341974
mglBp,0.05555555555555555,17,17,TTGGTGCCAGCCAACAACCA,0,2419822
mglBp,0.05555555555555555,17,17,TTGGCCCCCCATGACCCCGA,0,2375845
mglBp,0.05555555555555555,17,17,TTGCATCAGCGTTCGAGCTA,0,2347453
mglBp,0.05555555555555555,17,17,TTGAGCCAGGATCGTGATTG,0,2386040
mglBp,0.05555555555555555,17,17,TTGAAATATGTTGTATTGTT,0,2393646
mglBp,0.05555555555555555,17,17,TTGAAACTTGAAGGAGCTCT,0,2398233
mglBp,0.05555555555555555,17,17,TTCTTTTGTATAACTTCATC,0,2389720
mglBp,0.05555555555555555,17,17,TTCTTAAAGCTTACTCGCTT,0,2322556
mglBp,0.05555555555555555,17,17,TTCTATTCGGATACTAGAGG,0,2411281
mglBp,0.05555555555555555,17,17,TTCGCTACTAGCCGCAGGTA,0,2373211
mglBp,0.05555555555555555,17,17,TTCCGCGTGCAACAAGAGTA,0,2370640
mglBp,0.05555555555555555,17,17,TTCCGAAATTTACTGCCCTC,0,2354334
mglBp,0.05555555555555555,17,17,TTCCCATTGCGGCTATAGGA,0,2387942
mglBp,0.05555555555555555,17,17,TTCATGTGAGGAGCGGAGTC,0,2338705
mglBp,0.05555555555555555,17,17,TTCATGCACATAGTTCTGAG,0,2348599
mglBp,0.05555555555555555,17,17,TTACCCTGCAATGTGCGGTA,0,2376310
mglBp,0.05555555555555555,17,17,TTACATCTCAGGGGCAATGT,0,2328292
mglBp,0.05555555555555555,17,17,TTAATTTAACCCTAGGCCTT,0,2342146
mglBp,0.05555555555555555,17,17,TTAATATAGGGCAACGAGAC,0,2352505
mglBp,0.05555555555555555,17,17,TTAACGTAGGGTATAGGTGG,0,2415096
mglBp,0.05555555555555555,17,17,TTAACCTCTCTCGGTCCTGA,0,2386183
mglBp,0.05555555555555555,17,17,TTAAACATCGCAGAATCGGG,0,2334798
mglBp,0.05555555555555555,17,17,TGTTGCTGAAAAGTACTCTG,0,2368369
mglBp,0.05555555555555555,17,17,TGTTATACCAAGCCCTCAAT,0,2327221
mglBp,0.05555555555555555,17,17,TGTCGCTCCTTCTTCGTTGT,0,2325884
mglBp,0.05555555555555555,17,17,TGTCGATACCAGGTTGCTCG,0,2375181
mglBp,0.05555555555555555,17,17,TGTCAGTCGTTCAGAGCCCC,0,2362964
mglBp,0.05555555555555555,17,17,TGTAGTTGCCGCTTTATTGC,0,2386196
mglBp,0.05555555555555555,17,17,TGTAGGTAGCCGAGTTACAT,0,2383342
mglBp,0.05555555555555555,17,17,TGGTTTGCCGAGACTTTTGG,0,2381431
mglBp,0.05555555555555555,17,17,TGGTTCTACCCTGTCAGAGA,0,2407572
mglBp,0.05555555555555555,17,17,TGGTGCTATGCTCACTGTAG,0,2404923
mglBp,0.05555555555555555,17,17,TGGTCGCAATGGTTAGAGTT,0,2334713
mglBp,0.05555555555555555,17,17,TGGTACCAGTAATGTAGGAA,0,2341512
mglBp,0.05555555555555555,17,17,TGGGTATCGGAGCACCAGGA,0,2381172
mglBp,0.05555555555555555,17,17,TGGGGGATTTGCCACTACGC,0,2396257
mglBp,0.05555555555555555,17,17,TGGCTATATGGTTCCCTTAT,0,2343609
mglBp,0.05555555555555555,17,17,TGGCCCGTCGCGTACCTTGT,0,2379955
mglBp,0.05555555555555555,17,17,TGGCACGTCATTTAAATTCG,0,2367857
mglBp,0.05555555555555555,17,17,TGGCACGAAGCATTCCGGTG,0,2372898
mglBp,0.05555555555555555,17,17,TGGCAATGAGCCGGACCACA,0,2402364
mglBp,0.05555555555555555,17,17,TGGAAGCATGACCACGCTTT,0,2416497
mglBp,0.05555555555555555,17,17,TGCTGCTGCGGCTTCAGCGT,0,2376787
mglBp,0.05555555555555555,17,17,TGCTCATGGAGGCGGTCAGT,0,2422720
mglBp,0.05555555555555555,17,17,TGCGCAATAACCAGGGGCGC,0,2392496
mglBp,0.05555555555555555,17,17,TGCCGATACAGGTAAGTGAC,0,2412326
mglBp,0.05555555555555555,17,17,TGCCATCTATTAATGCTTAC,0,2333875
mglBp,0.05555555555555555,17,17,TGCATACCCAATTAATCGGC,0,2368492
mglBp,0.05555555555555555,17,17,TGATCTACCCGTCAAGACGG,0,2343660
mglBp,0.05555555555555555,17,17,TGAGGGGCAATCCCGGGTTT,0,2409856
mglBp,0.05555555555555555,17,17,TGACGTGCGACATCAATTAA,0,2329549
mglBp,0.05555555555555555,17,17,TGACGATGACGTGGTCCAGC,0,2360616
mglBp,0.05555555555555555,17,17,TGAATTTACCGGGTACGATT,0,2385551
mglBp,0.05555555555555555,17,17,TGAAAACTGTGGGAGCGTGC,0,2335325
mglBp,0.05555555555555555,17,17,TCTGTTTGCTGATTTAAAAA,0,2420464
mglBp,0.05555555555555555,17,17,TCTGTATGGTTCGATGGATA,0,2366572
mglBp,0.05555555555555555,17,17,TCTGGTTATCTTGTCAATGC,0,2395208
mglBp,0.05555555555555555,17,17,TCTCTTGTCGGACGCGAACT,0,2367265
mglBp,0.05555555555555555,17,17,TCTAACGGTAAGGCTGAAAG,0,2358266
mglBp,0.05555555555555555,17,17,TCTAAAAGACGGTTTGTCCG,0,2380219
mglBp,0.05555555555555555,17,17,TCGTCTAGGCGCACGCGCTG,0,2318045
mglBp,0.05555555555555555,17,17,TCGTCGATTACGAGGTGCGG,0,2381759
mglBp,0.05555555555555555,17,17,TCGGCTTACGCTTTCACAAT,0,2335628
mglBp,0.05555555555555555,17,17,TCGGAGTGCCTGATGTACAG,0,2375535
mglBp,0.05555555555555555,17,17,TCGATGTAGGCGGGCGTATT,0,2401407
mglBp,0.05555555555555555,17,17,TCGATCGTCACGAAGTGCTA,0,2351189
mglBp,0.05555555555555555,17,17,TCGAGGGGCTCACCGCGGGG,0,2396946
mglBp,0.05555555555555555,17,17,TCGAGAACAGGCACCGGAAA,0,2407259
mglBp,0.05555555555555555,17,17,TCCTCATGTTGTACAATAGA,0,2394223
mglBp,0.05555555555555555,17,17,TCCTCATACAGGAAGGGGGG,0,2406197
mglBp,0.05555555555555555,17,17,TCCGGTAAAGGGTCTGTGAA,0,2335841
mglBp,0.05555555555555555,17,17,TCCGGGCATGCCCTTTCTAT,0,2357246
mglBp,0.05555555555555555,17,17,TCCGCAGTTCATCGGTCTGA,0,2316890
mglBp,0.05555555555555555,17,17,TCCGCAGGTCACGGTGATAT,0,2410799
mglBp,0.05555555555555555,17,17,TCCCGACTGGAGCGGATTGC,0,2332693
mglBp,0.05555555555555555,17,17,TCATGCGTCAGGAATTTGAT,0,2384597
mglBp,0.05555555555555555,17,17,TCATCCTGGGGGATTGAGTT,0,2363606
mglBp,0.05555555555555555,17,17,TCATACAGCGTGGCGTTGGT,0,2336478
mglBp,0.05555555555555555,17,17,TATTTAGGGCAATGAATGGG,0,2347857
mglBp,0.05555555555555555,17,17,TATTGGCTAGGGCTCCGCTT,0,2422213
mglBp,0.05555555555555555,17,17,TATGTAGTTCGGTGTCGTGT,0,2412086
mglBp,0.05555555555555555,17,17,TATGCGGGCCTGCATTGCGG,0,2323623
mglBp,0.05555555555555555,17,17,TATGATCTGTACTACTAGGA,0,2407506
mglBp,0.05555555555555555,17,17,TATCTAGGCAGCATAGGACG,0,2381188
mglBp,0.05555555555555555,17,17,TATCGGGGGGTACAACAGCG,0,2329456
mglBp,0.05555555555555555,17,17,TATCAGTACCTCGAGTGCAA,0,2367820
mglBp,0.05555555555555555,17,17,TATCAGAGGCAACATCTAAG,0,2322450
mglBp,0.05555555555555555,17,17,TATATTCGCGCCTAAGGACA,0,2408148
mglBp,0.05555555555555555,17,17,TAGTCAAGCGGGTATTCGTA,0,2389917
mglBp,0.05555555555555555,17,17,TAGGGGTACTCAGCGCCCAT,0,2340583
mglBp,0.05555555555555555,17,17,TAGGCGTCCGTCGTGGAATA,0,2323161
mglBp,0.05555555555555555,17,17,TAGCATGCCCGCATGATTTG,0,2419356
mglBp,0.05555555555555555,17,17,TAGAAGGGTTACCCTTAGAA,0,2325206
mglBp,0.05555555555555555,17,17,TACTTCGATACGCATGGGAC,0,2379081
mglBp,0.05555555555555555,17,17,TAACGCGGTTCATGCAGTGC,0,2410070
mglBp,0.05555555555555555,17,17,TAAATGGGCATATGGCGCAT,0,2327927
mglBp,0.05555555555555555,17,17,TAAAATACCCTATCTGCGCA,0,2391584
mglBp,0.05555555555555555,17,17,TAAAACAGGCCGTCGGCTTT,0,2323621
mglBp,0.05555555555555555,17,17,GTTTTGTGCTGGACGGGGTA,0,2344934
mglBp,0.05555555555555555,17,17,GTTTCCTAGCGTTTGGGCAA,0,2406520
mglBp,0.05555555555555555,17,17,GTTTAGGGAGCAGTTCCGTA,0,2352680
mglBp,0.05555555555555555,17,17,GTTCGTGTCGGGAGACTCCC,0,2409741
mglBp,0.05555555555555555,17,17,GTTCGGTAAGATCGTGATTT,0,2329492
mglBp,0.05555555555555555,17,17,GTTCCTACGGGTACAGGCCA,0,2404939
mglBp,0.05555555555555555,17,17,GTGTCAGAAAGAGTAAGTTT,0,2417071
mglBp,0.05555555555555555,17,17,GTGTAACCTAGCTCAGACAT,0,2391796
mglBp,0.05555555555555555,17,17,GTGGAACCGGCTTCTTTTGC,0,2397763
mglBp,0.05555555555555555,17,17,GTGCCTGGATATTGAATGCA,0,2366996
mglBp,0.05555555555555555,17,17,GTGATGAAACGGTCGATGGC,0,2345617
mglBp,0.05555555555555555,17,17,GTCTGTGGCAATTTTAGAAT,0,2409391
mglBp,0.05555555555555555,17,17,GTCTGAGGACCGTAAAACCC,0,2365119
mglBp,0.05555555555555555,17,17,GTCTGACTCGGTCATTACTG,0,2322135
mglBp,0.05555555555555555,17,17,GTCTGACAGATCCCTACCTA,0,2366740
mglBp,0.05555555555555555,17,17,GTCGGCTCCGAGGTCAAAAA,0,2410823
mglBp,0.05555555555555555,17,17,GTCCCTTGGCTAGGTTAAGT,0,2393305
mglBp,0.05555555555555555,17,17,GTCATTCCCAGAGAGGAGAT,0,2385365
mglBp,0.05555555555555555,17,17,GTATCGAGTCGCCCCTGTCA,0,2351876
mglBp,0.05555555555555555,17,17,GTATCGAGCGTTGAATATAA,0,2341831
mglBp,0.05555555555555555,17,17,GTAGACCATTGGGCCTACCC,0,2380886
mglBp,0.05555555555555555,17,17,GTACCCACCGGATATTACTT,0,2380822
mglBp,0.05555555555555555,17,17,GTAACATGCATGGCCCCGGT,0,2381197
mglBp,0.05555555555555555,17,17,GTAAAAATGCAGCGTCGCTG,0,2396633
mglBp,0.05555555555555555,17,17,GGTGTCTTAGTTTCTTGGAT,0,2400270
mglBp,0.05555555555555555,17,17,GGTGGATAGGCCGCACGATT,0,2403417
mglBp,0.05555555555555555,17,17,GGTCCTGCGTATGTATGGGA,0,2397901
mglBp,0.05555555555555555,17,17,GGTAATTGCAGTTTTTTGAA,0,2343255
mglBp,0.05555555555555555,17,17,GGGTGAATGTATCTCGCAAT,0,2398540
mglBp,0.05555555555555555,17,17,GGGGGACCATGATGTAGATA,0,2320123
mglBp,0.05555555555555555,17,17,GGGATGGCCAAATTTGAGGA,0,2348344
mglBp,0.05555555555555555,17,17,GGGATGCTCTAGCCCTTGGC,0,2382081
mglBp,0.05555555555555555,17,17,GGGAAGACAGTGAGTCCCCA,0,2401170
mglBp,0.05555555555555555,17,17,GGCGAAACCAAGGGTAAAAG,0,2402652
mglBp,0.05555555555555555,17,17,GGCCTATTATGGTCATCCCA,0,2405952
mglBp,0.05555555555555555,17,17,GGCCCACCAGCCTCGAGAGT,0,2353462
mglBp,0.05555555555555555,17,17,GGCCAGGTGTTTATAACAAC,0,2346916
mglBp,0.05555555555555555,17,17,GGCAGCTCGATAGCAACCGT,0,2333330
mglBp,0.05555555555555555,17,17,GGCAGAGCGAGGCGTGGTTG,0,2389756
mglBp,0.05555555555555555,17,17,GGCAACCTAGTATTCCAAGC,0,2357874
mglBp,0.05555555555555555,17,17,GGATTCATAGATCGGGCTCG,0,2332709
mglBp,0.05555555555555555,17,17,GGAGGGACCCCCGGGTCACT,0,2376389
mglBp,0.05555555555555555,17,17,GGACCAAGAATATGACCCAA,0,2349007
mglBp,0.05555555555555555,17,17,GGACATTATATTTACCACAA,0,2350799
mglBp,0.05555555555555555,17,17,GCTTCTAGACATCACTGTGA,0,2353653
mglBp,0.05555555555555555,17,17,GCTTAATCTCGATTTCGGGA,0,2361054
mglBp,0.05555555555555555,17,17,GCTGCTTAGTGTTTCTCCAG,0,2421846
mglBp,0.05555555555555555,17,17,GCTGCGCTGGAAGCGTCAAC,0,2391646
mglBp,0.05555555555555555,17,17,GCTGCGAGTTGGCATGCGGT,0,2412765
mglBp,0.05555555555555555,17,17,GCTGAGCGAAAAGCTTAACT,0,2329267
mglBp,0.05555555555555555,17,17,GCTCGATGTTTCGACTATCG,0,2359135
mglBp,0.05555555555555555,17,17,GCTCGAAGCCAAGATAGGCT,0,2375005
mglBp,0.05555555555555555,17,17,GCTCAGGTAAATTGGAACAA,0,2318555
mglBp,0.05555555555555555,17,17,GCTAACTGCCCCGGCGCGAC,0,2387844
mglBp,0.05555555555555555,17,17,GCGTTGTTGGTGGCCTATCT,0,2370234
mglBp,0.05555555555555555,17,17,GCGTACTGTTCTCGAATTTA,0,2402737
mglBp,0.05555555555555555,17,17,GCGCTTCGCATCTAGCCAGG,0,2420245
mglBp,0.05555555555555555,17,17,GCGCCGCGTGAGTGTGCATG,0,2355377
mglBp,0.05555555555555555,17,17,GCGACGAAGGACACGCCGTG,0,2338393
mglBp,0.05555555555555555,17,17,GCGAACGCGAGAGGGTCGTA,0,2339069
mglBp,0.05555555555555555,17,17,GCCGGTCTGATCCTAGACTC,0,2319055
mglBp,0.05555555555555555,17,17,GCCGAGAGTACGTCCGGATA,0,2320055
mglBp,0.05555555555555555,17,17,GCCATTGTCCGCCGCGTTCG,0,2357263
mglBp,0.05555555555555555,17,17,GCCAGCAGCATGTCGCTGCC,0,2419527
mglBp,0.05555555555555555,17,17,GCATGAATTCCTACGGGCTC,0,2414778
mglBp,0.05555555555555555,17,17,GCAGATGCGGGTCAGGGGAA,0,2360822
mglBp,0.05555555555555555,17,17,GCACACAATACAAGTCGCAT,0,2382795
mglBp,0.05555555555555555,17,17,GCAACGTGATTATACAGTGC,0,2384719
mglBp,0.05555555555555555,17,17,GCAACGGTTCTCACTAAGTG,0,2386665
mglBp,0.05555555555555555,17,17,GCAACGCGTTTTAAGTCACA,0,2420326
mglBp,0.05555555555555555,17,17,GCAAAGGTCCGCCAGGTAGA,0,2411059
mglBp,0.05555555555555555,17,17,GATTGGTGGTATGTGGAGAG,0,2412226
mglBp,0.05555555555555555,17,17,GATTCCGACCCGGGGGCGGG,0,2408591
mglBp,0.05555555555555555,17,17,GATGGGATGGTTCGGCGAAA,0,2319323
mglBp,0.05555555555555555,17,17,GATGGATCCTATACAATAAG,0,2373414
mglBp,0.05555555555555555,17,17,GATCAATGCGATCTCGGGGC,0,2371494
mglBp,0.05555555555555555,17,17,GATATCAGGGATAGATACCT,0,2332850
mglBp,0.05555555555555555,17,17,GATAGGTGCTGCTACAGCCT,0,2403282
mglBp,0.05555555555555555,17,17,GATAGCAATTTTTTGATTAG,0,2409478
mglBp,0.05555555555555555,17,17,GATAGAACGCGCGGACTGTT,0,2320598
mglBp,0.05555555555555555,17,17,GATAAATTAACGTCGGTCCA,0,2326157
mglBp,0.05555555555555555,17,17,GAGGCAGATAGCAACAGACT,0,2406647
mglBp,0.05555555555555555,17,17,GAGCTTACCTGAACAGCTTA,0,2336021
mglBp,0.05555555555555555,17,17,GAGCGTCAGCACTACATATC,0,2331161
mglBp,0.05555555555555555,17,17,GAGCGCGTATGCGTTTATTG,0,2393884
mglBp,0.05555555555555555,17,17,GAGACTCTTTACGAATGCCA,0,2394224
mglBp,0.05555555555555555,17,17,GAGAAGTCCCAATGATTTCA,0,2338722
mglBp,0.05555555555555555,17,17,GACTGCGTCGTGCGTCTATA,0,2365168
mglBp,0.05555555555555555,17,17,GACAGGGGGACGGATTATCT,0,2418710
mglBp,0.05555555555555555,17,17,GAATGTGTATTAGCTAAGAC,0,2329195
mglBp,0.05555555555555555,17,17,GAATGCACCGCCAGAGGCTG,0,2338999
mglBp,0.05555555555555555,17,17,GAACTGCCCGTACCGATCGA,0,2359173
mglBp,0.05555555555555555,17,17,GAACCCATCGCCTGGTACAA,0,2376188
mglBp,0.05555555555555555,17,17,CTTTTTCCACGTGGGGTGGT,0,2396856
mglBp,0.05555555555555555,17,17,CTTTTGCGGATTTTGTCTTA,0,2418290
mglBp,0.05555555555555555,17,17,CTTTCGATGTCTCTGTGTAA,0,2395107
mglBp,0.05555555555555555,17,17,CTTTCCGCGGCACTCTGAGG,0,2406808
mglBp,0.05555555555555555,17,17,CTTTCAATCTCGGTGCCTAA,0,2410998
mglBp,0.05555555555555555,17,17,CTTCTGAGGTCTCGTTCCAT,0,2327795
mglBp,0.05555555555555555,17,17,CTTCCTACTCACAGTAGGAG,0,2318897
mglBp,0.05555555555555555,17,17,CTGTGAAGGTTGCTAATCGC,0,2406595
mglBp,0.05555555555555555,17,17,CTGGGAGTTTGCTTTAACGA,0,2420043
mglBp,0.05555555555555555,17,17,CTGGCACTCGCCGGACTAAC,0,2366858
mglBp,0.05555555555555555,17,17,CTGGACGCTTCACCTGCGGA,0,2369247
mglBp,0.05555555555555555,17,17,CTGCTGGCGAGATGCTGGTT,0,2341777
mglBp,0.05555555555555555,17,17,CTGAGCATCGCACCGCGTCA,0,2387893
mglBp,0.05555555555555555,17,17,CTCTTAGCATAAATGGTCTA,0,2322322
mglBp,0.05555555555555555,17,17,CTCGTTGGATGTAAGCCCAT,0,2331008
mglBp,0.05555555555555555,17,17,CTCGGGAACCAGGGAAACCT,0,2366478
mglBp,0.05555555555555555,17,17,CTCGCTACACGTACACGCCA,0,2332147
mglBp,0.05555555555555555,17,17,CTCGCCACCCCATATCAGGA,0,2418189
mglBp,0.05555555555555555,17,17,CTCCCTGAAGTAGACGCGGC,0,2361089
mglBp,0.05555555555555555,17,17,CTCCCATGCATCGACATCTA,0,2359283
mglBp,0.05555555555555555,17,17,CTCCACACTAGGCTTACTCA,0,2397850
mglBp,0.05555555555555555,17,17,CTATTGGAGCGCCACTCTTA,0,2348848
mglBp,0.05555555555555555,17,17,CTATCATTCCTACCTCGTTC,0,2416756
mglBp,0.05555555555555555,17,17,CTAGGCGCCGGCTAGAGACT,0,2321809
mglBp,0.05555555555555555,17,17,CTAGGATGGCAATCTTGCGT,0,2341033
mglBp,0.05555555555555555,17,17,CTACGGTAGGGACATTTTGG,0,2374511
mglBp,0.05555555555555555,17,17,CTACGCTCCTAACCAGTCCT,0,2326678
mglBp,0.05555555555555555,17,17,CTACGACAGCATTTCATCTA,0,2378692
mglBp,0.05555555555555555,17,17,CTACCGTACAGTCGGGGTGA,0,2337804
mglBp,0.05555555555555555,17,17,CTACCCAAGAACCACCCCTT,0,2412748
mglBp,0.05555555555555555,17,17,CTAAGGTCTTTGCGGGTCAA,0,2411636
mglBp,0.05555555555555555,17,17,CGTTGAGGAGATACTAAGTG,0,2319643
mglBp,0.05555555555555555,17,17,CGTTATGTGAATCACAGTTT,0,2385449
mglBp,0.05555555555555555,17,17,CGTTAATAGTCATCAGGAAG,0,2376912
mglBp,0.05555555555555555,17,17,CGTGTTCGGTCATAGCGGTG,0,2422746
mglBp,0.05555555555555555,17,17,CGTGTACTCGCTGGTCTGTT,0,2364589
mglBp,0.05555555555555555,17,17,CGTGGTGACACTACAAATTC,0,2377173
mglBp,0.05555555555555555,17,17,CGTGGAGACCTGATTTGATA,0,2378101
mglBp,0.05555555555555555,17,17,CGTCGCCGATACAGTCCTGT,0,2319575
mglBp,0.05555555555555555,17,17,CGTCAGGCAAAGTTTATGAG,0,2339989
mglBp,0.05555555555555555,17,17,CGTAACAACTGCTTAAGCGA,0,2412013
mglBp,0.05555555555555555,17,17,CGGTTTGGGTCCAAGGCTCG,0,2340790
mglBp,0.05555555555555555,17,17,CGGGGGAACGTCGGGTCAAT,0,2355231
mglBp,0.05555555555555555,17,17,CGGGCCTGCAACAAGTACGT,0,2411560
mglBp,0.05555555555555555,17,17,CGGGCAGTAAATGTCCGGAT,0,2389959
mglBp,0.05555555555555555,17,17,CGGGAGGTAGTGTGTCGGGG,0,2379646
mglBp,0.05555555555555555,17,17,CGGCCACTACGCGATCAAGT,0,2316987
mglBp,0.05555555555555555,17,17,CGGAGCCGGGGAGTTGTTTA,0,2393444
mglBp,0.05555555555555555,17,17,CGGAAAGCGACATGAGAAGT,0,2334796
mglBp,0.05555555555555555,17,17,CGCTTGGTAATGACATGCGA,0,2323742
mglBp,0.05555555555555555,17,17,CGCGGGTCGGAGGGAGCGCC,0,2366677
mglBp,0.05555555555555555,17,17,CGCCCCGCCGATACGACCCA,0,2316901
mglBp,0.05555555555555555,17,17,CGCAGCGAGCGCGGTCACCG,0,2326378
mglBp,0.05555555555555555,17,17,CGCACTCTAGGAAGAGGCCA,0,2376167
mglBp,0.05555555555555555,17,17,CGCAAACGGAAAATTAGTAA,0,2403284
mglBp,0.05555555555555555,17,17,CGATTACGGCCGGAGCAACT,0,2318864
mglBp,0.05555555555555555,17,17,CGATGTGCGACGCCAATATC,0,2395225
mglBp,0.05555555555555555,17,17,CGAGTTTCGATCAGGTGCTT,0,2393355
mglBp,0.05555555555555555,17,17,CGAGTCGATGGGTGGAAGCG,0,2368328
mglBp,0.05555555555555555,17,17,CGAATGATCACGCACGCCAC,0,2383876
mglBp,0.05555555555555555,17,17,CGAAACACCGTGTAGAACGA,0,2347010
mglBp,0.05555555555555555,17,17,CGAAAACCGGGTGGCTCCGA,0,2332202
mglBp,0.05555555555555555,17,17,CCTGGGACTCCACGTCAGAT,0,2416495
mglBp,0.05555555555555555,17,17,CCTAGGACCAATCTTCGGTT,0,2324352
mglBp,0.05555555555555555,17,17,CCTAGCCACTATCTCGCGCG,0,2345840
mglBp,0.05555555555555555,17,17,CCTACGCCACTGACTTCTAC,0,2340908
mglBp,0.05555555555555555,17,17,CCTACGATGGGTCCGAAGGT,0,2413925
mglBp,0.05555555555555555,17,17,CCGGGAGTTACAGCATACAT,0,2402100
mglBp,0.05555555555555555,17,17,CCGCTGGCACGACAAACAAG,0,2367158
mglBp,0.05555555555555555,17,17,CCGCGTACAGGTTCCCTGAC,0,2335575
mglBp,0.05555555555555555,17,17,CCGCGATCGTATCATCTCGC,0,2357388
mglBp,0.05555555555555555,17,17,CCGCATCCTTTGAACTCCAG,0,2348960
mglBp,0.05555555555555555,17,17,CCGCATCCCGCGACCGTGTA,0,2397172
mglBp,0.05555555555555555,17,17,CCGCAATAATAATCAGGATA,0,2356449
mglBp,0.05555555555555555,17,17,CCGACCGCCCAAAAAGGGAA,0,2324258
mglBp,0.05555555555555555,17,17,CCCTACGGATCTAGTTTCGT,0,2379591
mglBp,0.05555555555555555,17,17,CCCGCGTCATCGTAGACGAA,0,2354337
mglBp,0.05555555555555555,17,17,CCCGAGTGACACTTCTCTAA,0,2404459
mglBp,0.05555555555555555,17,17,CCCAGGTCGTGTGCCCCCCA,0,2411274
mglBp,0.05555555555555555,17,17,CCCAGGGGTCCTCTATGACA,0,2326460
mglBp,0.05555555555555555,17,17,CCCACGTCATCCCTCGTTAT,0,2404463
mglBp,0.05555555555555555,17,17,CCCACCCATTTCCGGCGCCT,0,2323121
mglBp,0.05555555555555555,17,17,CCATGGTGAGTCTTAGTTCG,0,2392560
mglBp,0.05555555555555555,17,17,CCATCTACGGTGGCAGAATC,0,2330396
mglBp,0.05555555555555555,17,17,CCACTCGTACCCACAAAAAA,0,2333044
mglBp,0.05555555555555555,17,17,CCACCTCACAGAAATGCTCT,0,2345430
mglBp,0.05555555555555555,17,17,CCACCCCACCCTTGTCATGT,0,2389589
mglBp,0.05555555555555555,17,17,CCAAGCCTCCAGCAGTAAGA,0,2398428
mglBp,0.05555555555555555,17,17,CATTCATCGGCCTCAGTCGC,0,2407617
mglBp,0.05555555555555555,17,17,CATTCAGCCCCCTTAATCTG,0,2335006
mglBp,0.05555555555555555,17,17,CATTAGATACCTCAAGTGAT,0,2389784
mglBp,0.05555555555555555,17,17,CATCTTGCGAAGTAGACTAA,0,2422441
mglBp,0.05555555555555555,17,17,CATCGGTGGGTCAGTAGAAC,0,2361944
mglBp,0.05555555555555555,17,17,CATCACAGGGCGATTGCTAT,0,2384750
mglBp,0.05555555555555555,17,17,CATATTCAGGACTAGGAGTG,0,2347679
mglBp,0.05555555555555555,17,17,CATAGTCCACAAGTATCCGG,0,2361627
mglBp,0.05555555555555555,17,17,CATAATTAGCAGTCGATCTG,0,2336503
mglBp,0.05555555555555555,17,17,CAGTAATGCTCCGCGTTAGT,0,2420418
mglBp,0.05555555555555555,17,17,CAGGTACTACCTATACGGGC,0,2317754
mglBp,0.05555555555555555,17,17,CAGGGGAGAGTACCTTGTTT,0,2410759
mglBp,0.05555555555555555,17,17,CAGGCGGGGCAGAGGTTTTA,0,2358146
mglBp,0.05555555555555555,17,17,CAGGCCGAACCGCCGCGATA,0,2407947
mglBp,0.05555555555555555,17,17,CAGCCTGCTTTTGTTATGCA,0,2395189
mglBp,0.05555555555555555,17,17,CAGCCCGGGTAATATTTGTA,0,2376765
mglBp,0.05555555555555555,17,17,CAGCACTCTGGTGTGTGTGA,0,2393134
mglBp,0.05555555555555555,17,17,CAGAGCTATTTGCGGCATTA,0,2359509
mglBp,0.05555555555555555,17,17,CAGACCTTAAGGCAGTATGG,0,2346223
mglBp,0.05555555555555555,17,17,CACTTTGCGCGGTTGTTTTT,0,2337240
mglBp,0.05555555555555555,17,17,CACTTCGCCAAACGTATCAC,0,2381796
mglBp,0.05555555555555555,17,17,CACGTTCTTAACCGATGCGT,0,2416950
mglBp,0.05555555555555555,17,17,CACGGTGTCAACCTCAGAGT,0,2381019
mglBp,0.05555555555555555,17,17,CACGCAAAGTGTCGGGGGAG,0,2397255
mglBp,0.05555555555555555,17,17,CACCCTATGACGTCTTTACT,0,2336929
mglBp,0.05555555555555555,17,17,CACATTGGTTGAAACCACTG,0,2401051
mglBp,0.05555555555555555,17,17,CACATCTGACAATTCGAGCA,0,2366112
mglBp,0.05555555555555555,17,17,CAATTTGATCGCGAGAGTCA,0,2421285
mglBp,0.05555555555555555,17,17,CAATTGACTTTTGTCAATGC,0,2330262
mglBp,0.05555555555555555,17,17,CAATTAAACGGCATATTAGT,0,2338837
mglBp,0.05555555555555555,17,17,CAATGTCGCAGAGAGTATCA,0,2325764
mglBp,0.05555555555555555,17,17,CAATATGGTTGTAATGCGAC,0,2398629
mglBp,0.05555555555555555,17,17,CAAGGCATAAGATGAGTTAT,0,2337428
mglBp,0.05555555555555555,17,17,CAAGGAGCATCCCCTCACTG,0,2317718
mglBp,0.05555555555555555,17,17,CAACGCTAGAATGGACCCTG,0,2322599
mglBp,0.05555555555555555,17,17,CAACAGAGCCCGCAAGTAAA,0,2412570
mglBp,0.05555555555555555,17,17,CAACACCGAAAGCTGGGTCC,0,2345448
mglBp,0.05555555555555555,17,17,CAAATCCACTATTTCTTATT,0,2359484
mglBp,0.05555555555555555,17,17,ATTTTAAGCGAAAGTTCTGC,0,2363712
mglBp,0.05555555555555555,17,17,ATTTGTGCTTCGAAAATCAT,0,2365691
mglBp,0.05555555555555555,17,17,ATTTCGCATGCCCACGAGTT,0,2333703
mglBp,0.05555555555555555,17,17,ATTTAGACAATTTAATCTTG,0,2407807
mglBp,0.05555555555555555,17,17,ATTGTAAGTTGCAAGCGTAG,0,2420510
mglBp,0.05555555555555555,17,17,ATTGGTGTTCTCAGTGGAAA,0,2327370
mglBp,0.05555555555555555,17,17,ATTGGGGCGTGGGGAAAAGC,0,2370848
mglBp,0.05555555555555555,17,17,ATTGGAAAGTCGGCCGGTGG,0,2363543
mglBp,0.05555555555555555,17,17,ATTGCTCGAACTTGATTCGA,0,2390875
mglBp,0.05555555555555555,17,17,ATTGCAAGATCCACTGGACT,0,2326908
mglBp,0.05555555555555555,17,17,ATTCTGGTGGAGCGCGTCAT,0,2350102
mglBp,0.05555555555555555,17,17,ATTCTGCTAGAAGGCGACGT,0,2328022
mglBp,0.05555555555555555,17,17,ATTCTCAATAAACAGTAGAT,0,2366469
mglBp,0.05555555555555555,17,17,ATTATGTTAGATAGACAATC,0,2341150
mglBp,0.05555555555555555,17,17,ATTATGAGTGGTCTATACCT,0,2325658
mglBp,0.05555555555555555,17,17,ATTATCGGACGTCGCATATA,0,2419436
mglBp,0.05555555555555555,17,17,ATTACAATTTCTCTCCTACT,0,2404725
mglBp,0.05555555555555555,17,17,ATGTCTGTCCTCAGACATAT,0,2351311
mglBp,0.05555555555555555,17,17,ATGGTGTGAATATGCGACTT,0,2394854
mglBp,0.05555555555555555,17,17,ATGGAGGGATCAATCTGGTT,0,2392817
mglBp,0.05555555555555555,17,17,ATGGAACATAGCGCCCTTCT,0,2350569
mglBp,0.05555555555555555,17,17,ATGCCATATCTAGTGCCCCA,0,2324479
mglBp,0.05555555555555555,17,17,ATGCCAAATCTGTTGGCGCC,0,2382673
mglBp,0.05555555555555555,17,17,ATGAGGTGAATACGGTAGCC,0,2324429
mglBp,0.05555555555555555,17,17,ATCTCATAGTACCTTGCGAC,0,2347417
mglBp,0.05555555555555555,17,17,ATCTATTTGGTCCAGATGGA,0,2319688
mglBp,0.05555555555555555,17,17,ATCTAACACGGCATTTGGAG,0,2385934
mglBp,0.05555555555555555,17,17,ATCCTAACGCACGACGTATG,0,2336550
mglBp,0.05555555555555555,17,17,ATCCGATCCCTAAGGATATA,0,2403537
mglBp,0.05555555555555555,17,17,ATCAACGCTAGGGGAGGTCA,0,2379534
mglBp,0.05555555555555555,17,17,ATACTTAGTCTCGTTACCAA,0,2349755
mglBp,0.05555555555555555,17,17,ATACGTCCCCTGTTAAGCAT,0,2349640
mglBp,0.05555555555555555,17,17,ATACGGCCGAAATTAATGGC,0,2344753
mglBp,0.05555555555555555,17,17,ATACCGGCTCGAACATCTAG,0,2364884
mglBp,0.05555555555555555,17,17,ATACCCCGCTGGGCTACTGG,0,2358084
mglBp,0.05555555555555555,17,17,ATACCCATTGATCGTGAGCG,0,2352264
mglBp,0.05555555555555555,17,17,ATAATGCGCTGACGATCCAG,0,2324742
mglBp,0.05555555555555555,17,17,ATAAGATATTGCAACCCGAA,0,2380372
mglBp,0.05555555555555555,17,17,ATAACTCAAGATACCCCTGC,0,2330218
mglBp,0.05555555555555555,17,17,ATAACGCGGTTGGTAACCGT,0,2375742
mglBp,0.05555555555555555,17,17,AGTTGCGCTTTATGTCCCGT,0,2360923
mglBp,0.05555555555555555,17,17,AGTTAACAAGTAGTAGTCTG,0,2408491
mglBp,0.05555555555555555,17,17,AGTGGCTTGTCCGTCGATGG,0,2333967
mglBp,0.05555555555555555,17,17,AGTCGCCCCTGCGTGTATTA,0,2325702
mglBp,0.05555555555555555,17,17,AGTCCAGAATGCGGAACTCT,0,2384256
mglBp,0.05555555555555555,17,17,AGTACGTGGAAACGCATCCG,0,2399829
mglBp,0.05555555555555555,17,17,AGTACATGTTGCACGTCAAA,0,2391202
mglBp,0.05555555555555555,17,17,AGTACAGGATTCAACGGTGG,0,2350798
mglBp,0.05555555555555555,17,17,AGTAATCGCATATTTACAAA,0,2337344
mglBp,0.05555555555555555,17,17,AGTAATCCGAAGCAATTATG,0,2353012
mglBp,0.05555555555555555,17,17,AGGGTAGCACGCGTAGTGAT,0,2356220
mglBp,0.05555555555555555,17,17,AGGGCTTGCGTTTAGGTAGA,0,2331456
mglBp,0.05555555555555555,17,17,AGGGCGACCCCCTTACTCTT,0,2399076
mglBp,0.05555555555555555,17,17,AGGCCTCGGAAAGATCCCGA,0,2400810
mglBp,0.05555555555555555,17,17,AGGCCGCCAGCCCGTTGTCT,0,2378350
mglBp,0.05555555555555555,17,17,AGGCCCATCGCTCTTAGGGT,0,2412664
mglBp,0.05555555555555555,17,17,AGGCATCCTATGGCGGCGTC,0,2344339
mglBp,0.05555555555555555,17,17,AGGCAAAGCTCGTGCAAGAT,0,2362963
mglBp,0.05555555555555555,17,17,AGGACGGTGTGTAGTAGTGT,0,2388827
mglBp,0.05555555555555555,17,17,AGGACCGCAAAAAGGGGCCA,0,2331691
mglBp,0.05555555555555555,17,17,AGCTTCCCGGGTTAACTGCT,0,2356938
mglBp,0.05555555555555555,17,17,AGCTGGCTTCGGGCCAGTCT,0,2422211
mglBp,0.05555555555555555,17,17,AGCGACGTGACCATAGTTCT,0,2390912
mglBp,0.05555555555555555,17,17,AGCGAATGCGACACTGTCCG,0,2330757
mglBp,0.05555555555555555,17,17,AGCCTCTATGATGATAATAT,0,2370735
mglBp,0.05555555555555555,17,17,AGCCAATGTGAATCGCATAA,0,2372665
mglBp,0.05555555555555555,17,17,AGCAGTTAATGACTACTGCC,0,2344789
mglBp,0.05555555555555555,17,17,AGCACCATCCAAGCCTTGGT,0,2350540
mglBp,0.05555555555555555,17,17,AGCAATCGGACGATCATTAT,0,2414902
mglBp,0.05555555555555555,17,17,AGAGAGCGGGTCAGGTTAAC,0,2351278
mglBp,0.05555555555555555,17,17,AGAGAGATAGTCTTGGTAAT,0,2407918
mglBp,0.05555555555555555,17,17,AGACTTCTCTGCTTTGCAGA,0,2370470
mglBp,0.05555555555555555,17,17,AGACTCCGCTCATAATCCTG,0,2365399
mglBp,0.05555555555555555,17,17,AGACATTTGCTGTGGGCCGA,0,2354834
mglBp,0.05555555555555555,17,17,AGACATATTCTGCCGCATTC,0,2316509
mglBp,0.05555555555555555,17,17,AGACAGTTCCGTTGGGTGCA,0,2352724
mglBp,0.05555555555555555,17,17,AGAATTTGCTGTCAGGCGTG,0,2323692
mglBp,0.05555555555555555,17,17,AGAAGCCATCAATTGGTCGT,0,2399170
mglBp,0.05555555555555555,17,17,AGAAGACTGTCGCCGGTTAG,0,2351077
mglBp,0.05555555555555555,17,17,ACTTAACCAAATTGCGGATA,0,2366684
mglBp,0.05555555555555555,17,17,ACTTAACACATGAACTCCCC,0,2385919
mglBp,0.05555555555555555,17,17,ACTGTTTTCGGGCTGCCGCA,0,2409235
mglBp,0.05555555555555555,17,17,ACTGTTCTTCAACACGAATT,0,2383146
mglBp,0.05555555555555555,17,17,ACTGTCTATTATAAATTCAG,0,2350177
mglBp,0.05555555555555555,17,17,ACTGTAGCCAGTTCATGTGA,0,2386068
mglBp,0.05555555555555555,17,17,ACTCTATGAGAAAGTAAAGG,0,2342332
mglBp,0.05555555555555555,17,17,ACTACCCGACATGATTTGAG,0,2372767
mglBp,0.05555555555555555,17,17,ACTAAATTTGCCGTGCTCCG,0,2364975
mglBp,0.05555555555555555,17,17,ACGTGCAATTTGACGCGATC,0,2374621
mglBp,0.05555555555555555,17,17,ACGTACTTATTTGTGGGTGG,0,2347463
mglBp,0.05555555555555555,17,17,ACGGTCAGCATCACCTAGTT,0,2386176
mglBp,0.05555555555555555,17,17,ACGGCGTAGGACTGTGATAA,0,2418573
mglBp,0.05555555555555555,17,17,ACGCTCCGAGGTAGTTATGT,0,2377241
mglBp,0.05555555555555555,17,17,ACGCGTTGCGTCGGGCGGGT,0,2351493
mglBp,0.05555555555555555,17,17,ACGAGCCAAGGGCTCTGCCT,0,2353033
mglBp,0.05555555555555555,17,17,ACGAAGCCAGTTAGGCTTGG,0,2350468
mglBp,0.05555555555555555,17,17,ACCTGGCCCGTGTATGATCA,0,2323685
mglBp,0.05555555555555555,17,17,ACCGCTAAGGGTACTTGTTA,0,2336168
mglBp,0.05555555555555555,17,17,ACCCATCAATGATCCTCTGA,0,2399498
mglBp,0.05555555555555555,17,17,ACCATGTCCACTCAAAGGTT,0,2387001
mglBp,0.05555555555555555,17,17,ACCACCGCGGATCATAATAA,0,2330344
mglBp,0.05555555555555555,17,17,ACCAAAACGGTCTGTAAGGT,0,2345113
mglBp,0.05555555555555555,17,17,ACATTGTACCCAACGGCTTT,0,2379112
mglBp,0.05555555555555555,17,17,ACATTCCGAGCTTCCAGTTA,0,2406353
mglBp,0.05555555555555555,17,17,ACAGAAGGGTCTTCGCCTTA,0,2323767
mglBp,0.05555555555555555,17,17,AATTGTATCCCACCCGGACA,0,2331815
mglBp,0.05555555555555555,17,17,AATGTGACCTCAGTCCTCCA,0,2387834
mglBp,0.05555555555555555,17,17,AATGTACGGCGGGACGGCGA,0,2358265
mglBp,0.05555555555555555,17,17,AATGCGGATTCGCCAGAGTT,0,2417858
mglBp,0.05555555555555555,17,17,AATGCACCTTAAAACGGAAA,0,2342680
mglBp,0.05555555555555555,17,17,AATCGATTTCGGCTTACCTG,0,2403258
mglBp,0.05555555555555555,17,17,AATCAAATCTACGCCTACAC,0,2333108
mglBp,0.05555555555555555,17,17,AATATGCGGTGCCAGGCATT,0,2380728
mglBp,0.05555555555555555,17,17,AATAGTTATGTAAACCTTTA,0,2364221
mglBp,0.05555555555555555,17,17,AAGGTGCCATACACTGTGTT,0,2344296
mglBp,0.05555555555555555,17,17,AAGGAGGACCCATAAGCGGC,0,2342400
mglBp,0.05555555555555555,17,17,AAGCTCATAACGGGCCGAAT,0,2421445
mglBp,0.05555555555555555,17,17,AAGCCTATTTCTCGCACCGA,0,2316845
mglBp,0.05555555555555555,17,17,AAGCCCAGGGTACCAGACGA,0,2331505
mglBp,0.05555555555555555,17,17,AAGCATTTTTGCACCTCGCA,0,2355286
mglBp,0.05555555555555555,17,17,AAGATGGGCAATTGGAAACA,0,2395464
mglBp,0.05555555555555555,17,17,AAGATCTGGATGATGATGGG,0,2346248
mglBp,0.05555555555555555,17,17,AAGATCCACCTAGATTCTCC,0,2386290
mglBp,0.05555555555555555,17,17,AAGAATGAACGGGAGAAACG,0,2333231
mglBp,0.05555555555555555,17,17,AAGAAGAGAGTTGTGCATGG,0,2395048
mglBp,0.05555555555555555,17,17,AAGAACGCCGGAGTAACGAC,0,2355953
mglBp,0.05555555555555555,17,17,AACTGAGATTTGGGGGATTT,0,2418338
mglBp,0.05555555555555555,17,17,AACGAATTAACCAGGATGCC,0,2367227
mglBp,0.05555555555555555,17,17,AACCTGGGTACAGAGTATTC,0,2346957
mglBp,0.05555555555555555,17,17,AACCATCCAATTGTTTGGGA,0,2407091
mglBp,0.05555555555555555,17,17,AACCACGACATTTGGTCCTA,0,2384314
mglBp,0.05555555555555555,17,17,AACAGTCTGCGGGATACTAG,0,2421518
mglBp,0.05555555555555555,17,17,AACAAGCTGTATAGCGGCTT,0,2341332
mglBp,0.05555555555555555,17,17,AACAACCTGCCCCGGGTTGT,0,2334978
mglBp,0.05555555555555555,17,17,AAATGTTTTCTGGCGTCACA,0,2329001
mglBp,0.05555555555555555,17,17,AAATCGGCAGGAGGCTCTGC,0,2373656
mglBp,0.05555555555555555,17,17,AAATAGCCGCGCATAATGGC,0,2332487
mglBp,0.05555555555555555,17,17,AAAGTTGAACGTCCTGGGCA,0,2393805
mglBp,0.05555555555555555,17,17,AAACGGACTGTTTTCGGCCC,0,2419403
mglBp,0.05555555555555555,17,17,AAAAGAGGGCTAGCCGCACA,0,2365569
mglBp,0.058823529411764705,16,16,TTTTAAAGGTGCAGGATTAT,0,2380577
mglBp,0.058823529411764705,16,16,TTTGGCTTAATTTGGAATGT,0,2356374
mglBp,0.058823529411764705,16,16,TTTGCACATCGATTCCGGGT,0,2369067
mglBp,0.058823529411764705,16,16,TTTGACCAGTACTCATCATC,0,2379793
mglBp,0.058823529411764705,16,16,TTTCGTGGCCCGAGGGTCTA,0,2324866
mglBp,0.058823529411764705,16,16,TTTCAGTTTGGGGTAGATAA,0,2326431
mglBp,0.058823529411764705,16,16,TTTATGCAAACATAGCTCAT,0,2410093
mglBp,0.058823529411764705,16,16,TTTAGAACCCGACTGGATTT,0,2412260
mglBp,0.058823529411764705,16,16,TTTACTGTTCAGCCGGCAAC,0,2423357
mglBp,0.058823529411764705,16,16,TTTACCGTTTGTTCGACGCA,0,2422811
mglBp,0.058823529411764705,16,16,TTGTGCCAGACCCGAGTTGA,0,2390767
mglBp,0.058823529411764705,16,16,TTGTACTTGAACCTACGAAA,0,2328365
mglBp,0.058823529411764705,16,16,TTGGTACTAGAAGGTTGTCA,0,2353459
mglBp,0.058823529411764705,16,16,TTGGGGGCAGCGTCGGAAGG,0,2329091
mglBp,0.058823529411764705,16,16,TTGGATCCATACGTAGATTA,0,2415478
mglBp,0.058823529411764705,16,16,TTGGAGGACATGCTACGATG,0,2336794
mglBp,0.058823529411764705,16,16,TTGCGTTTCCGCACGTCTGC,0,2394809
mglBp,0.058823529411764705,16,16,TTGCCCGCGTGGCATGTAGT,0,2339853
mglBp,0.058823529411764705,16,16,TTGATTGGTAAGGACAGGTC,0,2409808
mglBp,0.058823529411764705,16,16,TTGATGCTTAGTCGTGGGTG,0,2347415
mglBp,0.058823529411764705,16,16,TTGATCAAGCTGAAGCGTGT,0,2390286
mglBp,0.058823529411764705,16,16,TTCTGGTGCAGTCGAGACGC,0,2353828
mglBp,0.058823529411764705,16,16,TTCTCCAAAAAGTATAATGT,0,2337533
mglBp,0.058823529411764705,16,16,TTCTAACATAGGGCCACCGA,0,2334290
mglBp,0.058823529411764705,16,16,TTCGTTGAGTTCGGCAAAAG,0,2359712
mglBp,0.058823529411764705,16,16,TTCGACATTAAGACTACTGG,0,2368903
mglBp,0.058823529411764705,16,16,TTCCTTTATCACGGAACTCA,0,2398173
mglBp,0.058823529411764705,16,16,TTCCTCTTTACTCCTGCAGT,0,2361696
mglBp,0.058823529411764705,16,16,TTCCCTGATTTTTGCACTGC,0,2402708
mglBp,0.058823529411764705,16,16,TTATGTCCTACATATCTTGG,0,2359309
mglBp,0.058823529411764705,16,16,TTATCTTGACCGCCCCCTTC,0,2329843
mglBp,0.058823529411764705,16,16,TTATCTCGCACCACTGATTT,0,2364093
mglBp,0.058823529411764705,16,16,TTACTGTATGTATCAGGATA,0,2397765
mglBp,0.058823529411764705,16,16,TTACCGAGATAAAGAGAGTA,0,2336539
mglBp,0.058823529411764705,16,16,TTACCACGAGCTGGGGTGAT,0,2362664
mglBp,0.058823529411764705,16,16,TTACAACTAAAGGCCGTCGT,0,2368849
mglBp,0.058823529411764705,16,16,TTAATTTTGACATTGAAGTA,0,2372813
mglBp,0.058823529411764705,16,16,TTAATGTCTAGGTTTGGCAA,0,2354388
mglBp,0.058823529411764705,16,16,TTAAGTTTAGATCAAGTGAG,0,2378767
mglBp,0.058823529411764705,16,16,TTAAGTGGCTCAGGCACTCG,0,2371292
mglBp,0.058823529411764705,16,16,TTAACTGGGCTCGTGCGAAG,0,2334634
mglBp,0.058823529411764705,16,16,TTAACAGGGATATACGCGAC,0,2340228
mglBp,0.058823529411764705,16,16,TGTGGCATTTTTGCAAGTTT,0,2356583
mglBp,0.058823529411764705,16,16,TGTGCTTGAATTGGTTTTTG,0,2328800
mglBp,0.058823529411764705,16,16,TGTGCATTAGGTAACATATC,0,2355683
mglBp,0.058823529411764705,16,16,TGTCTCACGTCAGGTGACAG,0,2413634
mglBp,0.058823529411764705,16,16,TGTCTAACGGACCACTCGCA,0,2419627
mglBp,0.058823529411764705,16,16,TGTCAGGAGTAGTCCACGAC,0,2323884
mglBp,0.058823529411764705,16,16,TGTCACTGAAAGGGGAATGT,0,2363096
mglBp,0.058823529411764705,16,16,TGGTAGCAAGTAACAGCGGC,0,2385890
mglBp,0.058823529411764705,16,16,TGGTACTTGGTGTGAAGTTC,0,2373345
mglBp,0.058823529411764705,16,16,TGGTACCCTGAGGTTTGGTC,0,2333983
mglBp,0.058823529411764705,16,16,TGGGGAAAAGCCATGCAGGG,0,2377979
mglBp,0.058823529411764705,16,16,TGGCTAGTCTGCTCGGATGT,0,2377933
mglBp,0.058823529411764705,16,16,TGGAGTATGGGATCCAGCCA,0,2320296
mglBp,0.058823529411764705,16,16,TGGAGATCAGCTTAGACGTT,0,2378465
mglBp,0.058823529411764705,16,16,TGCTAGAAGCGGACATGTGA,0,2385420
mglBp,0.058823529411764705,16,16,TGCCACACGGGAGAGCGGCA,0,2376248
mglBp,0.058823529411764705,16,16,TGCAAGAAGGTGTACCGTTA,0,2348091
mglBp,0.058823529411764705,16,16,TGATTAGCTCGACAGTTTCT,0,2348891
mglBp,0.058823529411764705,16,16,TGATGCAAGTCTCATTCTTG,0,2344466
mglBp,0.058823529411764705,16,16,TGAGTCTAAATTCTCGGTTC,0,2372669
mglBp,0.058823529411764705,16,16,TGAGCTGACCGTCTGTGGCG,0,2407266
mglBp,0.058823529411764705,16,16,TGACCTGCCAACTCCGCATG,0,2370276
mglBp,0.058823529411764705,16,16,TGAATACCGGTTGTCGTGTA,0,2410351
mglBp,0.058823529411764705,16,16,TGAAGGCGGCCGGAAGAGAG,0,2320737
mglBp,0.058823529411764705,16,16,TGAACCCCTGTGCCGTCTAC,0,2354325
mglBp,0.058823529411764705,16,16,TGAAATTTTCCAGTTCTGGA,0,2388522
mglBp,0.058823529411764705,16,16,TCTTTCGGTGCGCACCCAGG,0,2421189
mglBp,0.058823529411764705,16,16,TCTTGGTTTTTGAACAGAGA,0,2361787
mglBp,0.058823529411764705,16,16,TCTTGACCTGCCTATTATCT,0,2347911
mglBp,0.058823529411764705,16,16,TCTTCGAAAGGCTTTCTGCA,0,2324963
mglBp,0.058823529411764705,16,16,TCTTATATAATTACAATGTT,0,2346670
mglBp,0.058823529411764705,16,16,TCTGTGGGAAAAATCCGGCA,0,2318403
mglBp,0.058823529411764705,16,16,TCTGGCATACCGACGGTCCA,0,2391945
mglBp,0.058823529411764705,16,16,TCTGAGGGTATTGGAGAAGC,0,2375503
mglBp,0.058823529411764705,16,16,TCTGAAGCGCAACTCGTTAC,0,2410796
mglBp,0.058823529411764705,16,16,TCTCGCATTGGGGCTCGTGA,0,2361566
mglBp,0.058823529411764705,16,16,TCTCCCTGACAGTTGGTCCA,0,2324037
mglBp,0.058823529411764705,16,16,TCTCAAGTACCTCAACCTTT,0,2367080
mglBp,0.058823529411764705,16,16,TCTAGTAGCTTGCAGCAAAG,0,2401455
mglBp,0.058823529411764705,16,16,TCGTTTCCCGCAGCACGAAG,0,2370746
mglBp,0.058823529411764705,16,16,TCGTCTTGTGAAGGGCGTAT,0,2322745
mglBp,0.058823529411764705,16,16,TCGGGTTTTAGCGTGGAGCA,0,2358579
mglBp,0.058823529411764705,16,16,TCGGGAGTAAACGCAAAGCT,0,2386105
mglBp,0.058823529411764705,16,16,TCGGGAGGATCATTACGAAA,0,2335722
mglBp,0.058823529411764705,16,16,TCGCGAGTCCCATCCATTGT,0,2356529
mglBp,0.058823529411764705,16,16,TCGCCGGTAACTTTCATGGT,0,2321076
mglBp,0.058823529411764705,16,16,TCGAGAAGTTCTTTGCTTAC,0,2360657
mglBp,0.058823529411764705,16,16,TCCGTTTAGGGGAATAGATC,0,2376504
mglBp,0.058823529411764705,16,16,TCCGGGAGTTTTTATAAAGA,0,2347923
mglBp,0.058823529411764705,16,16,TCCGAATCTAGTCTGAGTGC,0,2317564
mglBp,0.058823529411764705,16,16,TCCCTTTGGTAGGTGATTAT,0,2358397
mglBp,0.058823529411764705,16,16,TCATTTGATTCATTACGTAT,0,2331503
mglBp,0.058823529411764705,16,16,TCATGGAAACGTAATATTCA,0,2422975
mglBp,0.058823529411764705,16,16,TCATGCGAAGGGGCCGTAAC,0,2321139
mglBp,0.058823529411764705,16,16,TCATCTCTTGTGGTACCTTG,0,2371187
mglBp,0.058823529411764705,16,16,TCATCGTACAAATGGGCTCA,0,2375687
mglBp,0.058823529411764705,16,16,TCAGTCGATCTGCCGGTAAA,0,2395925
mglBp,0.058823529411764705,16,16,TCAGGACGAAGTGAAACCCA,0,2401970
mglBp,0.058823529411764705,16,16,TCACTGAAGCACTATCACGT,0,2394535
mglBp,0.058823529411764705,16,16,TCACCGGGCGTCCGGTACAG,0,2373179
mglBp,0.058823529411764705,16,16,TCAAGCCGCCGCCCCTACGC,0,2412594
mglBp,0.058823529411764705,16,16,TATTCGGGGGGCACGGCTAT,0,2327207
mglBp,0.058823529411764705,16,16,TATTATTCGCGCGGTTAAAG,0,2386668
mglBp,0.058823529411764705,16,16,TATCTAGGATTTACCTGGAC,0,2388845
mglBp,0.058823529411764705,16,16,TATCAAGTTTACGATATGAG,0,2339221
mglBp,0.058823529411764705,16,16,TATAGTGGTGACTCTGGCAG,0,2333121
mglBp,0.058823529411764705,16,16,TAGGTTGACCCATAATAAAA,0,2354754
mglBp,0.058823529411764705,16,16,TAGGGTCTCTACTATGATCC,0,2361950
mglBp,0.058823529411764705,16,16,TAGGGTAAGCCTTGTTCGTC,0,2414903
mglBp,0.058823529411764705,16,16,TAGGCGGTCGAGTCGTGGCA,0,2321810
mglBp,0.058823529411764705,16,16,TAGGAAATAATCCTTCCAGT,0,2362759
mglBp,0.058823529411764705,16,16,TAGCTAATGGAACGCGCTAG,0,2415072
mglBp,0.058823529411764705,16,16,TAGCCACTACATAGCATGTT,0,2384676
mglBp,0.058823529411764705,16,16,TAGAAGTAGTTGACCGCTTG,0,2401831
mglBp,0.058823529411764705,16,16,TACTTTTATCAGCTCTAGTT,0,2340308
mglBp,0.058823529411764705,16,16,TACTAAGCGCTAGTGTCAAT,0,2408323
mglBp,0.058823529411764705,16,16,TACGCGCTACCTCGGTTAAG,0,2379466
mglBp,0.058823529411764705,16,16,TACGCATACGCATTGACCCT,0,2386990
mglBp,0.058823529411764705,16,16,TACGAGGTAGGGCTGCCGCA,0,2401785
mglBp,0.058823529411764705,16,16,TACCTTTTTCTTAGGGATGT,0,2357526
mglBp,0.058823529411764705,16,16,TACCCGGACACGGGTTCGCT,0,2323276
mglBp,0.058823529411764705,16,16,TACAGTGTCTTGAATCCCCT,0,2322460
mglBp,0.058823529411764705,16,16,TACACCTCTAAATGGGCTTT,0,2379005
mglBp,0.058823529411764705,16,16,TAATCCTCGTTCCCGCACGA,0,2409846
mglBp,0.058823529411764705,16,16,TAAGGCGCCTCAGGAGCGTT,0,2343562
mglBp,0.058823529411764705,16,16,TAAGCTCTTGCTTGAGGCCA,0,2412554
mglBp,0.058823529411764705,16,16,TAAGCGTCTCCACAAAAGTG,0,2397728
mglBp,0.058823529411764705,16,16,TAACTGCTTATCATGGAGAA,0,2333443
mglBp,0.058823529411764705,16,16,TAACCTTAACAGATCTAACG,0,2416878
mglBp,0.058823529411764705,16,16,TAAATGGTGGCCGAGGGGAG,0,2334665
mglBp,0.058823529411764705,16,16,TAAAGCGGAGCGTGAAGACT,0,2324816
mglBp,0.058823529411764705,16,16,TAAACTCAAGTCACGCATAC,0,2419146
mglBp,0.058823529411764705,16,16,TAAACATACTCCGCGCAATA,0,2335092
mglBp,0.058823529411764705,16,16,GTTTTCATCATCCGTGAGAA,0,2417307
mglBp,0.058823529411764705,16,16,GTTGTTATGCCGGAGTCCCA,0,2415554
mglBp,0.058823529411764705,16,16,GTTGATCGCCGCTCCGGCAA,0,2409492
mglBp,0.058823529411764705,16,16,GTTCACACAAAGTACCAGAA,0,2372868
mglBp,0.058823529411764705,16,16,GTTACACAACTGTGTCAGAC,0,2403214
mglBp,0.058823529411764705,16,16,GTTAAAGGCGAGGTAAATTC,0,2379074
mglBp,0.058823529411764705,16,16,GTGGGTCATGCCGTAAGGAC,0,2402247
mglBp,0.058823529411764705,16,16,GTGGCGGCGCCAACCTATGA,0,2396808
mglBp,0.058823529411764705,16,16,GTGCTAGGACGGTCTGGAAA,0,2346467
mglBp,0.058823529411764705,16,16,GTGCGTGACTTATATGTAAC,0,2381063
mglBp,0.058823529411764705,16,16,GTGCACTAAGGGTATCAGAC,0,2317760
mglBp,0.058823529411764705,16,16,GTGACCAATGGTCCAGCCTT,0,2369937
mglBp,0.058823529411764705,16,16,GTGAAAGGGTAAAGAGTACC,0,2374154
mglBp,0.058823529411764705,16,16,GTCTTCTTGCCCTGGCAAGT,0,2386809
mglBp,0.058823529411764705,16,16,GTCTGGCCAGCTCGGGGGTC,0,2336019
mglBp,0.058823529411764705,16,16,GTCTAGGCTCCATAATACTA,0,2389921
mglBp,0.058823529411764705,16,16,GTCGGGCTGGTATCGAGTTT,0,2351321
mglBp,0.058823529411764705,16,16,GTCGGATATGATTAATGCGT,0,2365331
mglBp,0.058823529411764705,16,16,GTCCGGGTCTGCAATTGATC,0,2335074
mglBp,0.058823529411764705,16,16,GTCCGAGCCGTGTGTTGGTA,0,2336243
mglBp,0.058823529411764705,16,16,GTCCACTCCGAGTCCAAAAT,0,2368785
mglBp,0.058823529411764705,16,16,GTCATGTACGCGCCAGCTCG,0,2325882
mglBp,0.058823529411764705,16,16,GTCAATTAGTAGAGTGGCAA,0,2364148
mglBp,0.058823529411764705,16,16,GTAGTCGGAATGTGACCAAA,0,2419118
mglBp,0.058823529411764705,16,16,GTACTCTTTTTCCGGCGAAC,0,2388940
mglBp,0.058823529411764705,16,16,GTACGCATCATTAAGGGGCA,0,2410818
mglBp,0.058823529411764705,16,16,GTACCAGTTTCTCTTTCTCT,0,2411141
mglBp,0.058823529411764705,16,16,GTAATGCAAGTCAGGCATAG,0,2387135
mglBp,0.058823529411764705,16,16,GGTTCAGAACCCCGAGCAGT,0,2400664
mglBp,0.058823529411764705,16,16,GGTTATGTTCCTCAGCTACG,0,2392734
mglBp,0.058823529411764705,16,16,GGTCCAAATGCATTTTTTCA,0,2381929
mglBp,0.058823529411764705,16,16,GGTAGGGTGCACGTGCATTG,0,2381753
mglBp,0.058823529411764705,16,16,GGGTTTACAAGGGCATTGTT,0,2417175
mglBp,0.058823529411764705,16,16,GGGTGGAAGAAAAACGACGT,0,2327366
mglBp,0.058823529411764705,16,16,GGGGATGAGCCCCATAGAAT,0,2361691
mglBp,0.058823529411764705,16,16,GGGGATATACTGATCCATTG,0,2418567
mglBp,0.058823529411764705,16,16,GGGCCACTGGTCGCAAACGC,0,2337983
mglBp,0.058823529411764705,16,16,GGGATACGATAGCTCGAACC,0,2346520
mglBp,0.058823529411764705,16,16,GGGAGACGGTTATTATGGTA,0,2390979
mglBp,0.058823529411764705,16,16,GGGAAGTAGATGTGTAATAG,0,2362748
mglBp,0.058823529411764705,16,16,GGGAACTACACAGGTACGCT,0,2390852
mglBp,0.058823529411764705,16,16,GGCTTGGAGGTATTGCCGCA,0,2352267
mglBp,0.058823529411764705,16,16,GGCTGAACCCGGCAGGGATC,0,2339251
mglBp,0.058823529411764705,16,16,GGCTAGCCCCTATAGTGCGT,0,2408493
mglBp,0.058823529411764705,16,16,GGCTAGAGATTTTACTTCGA,0,2343674
mglBp,0.058823529411764705,16,16,GGCTACTCAGTTATGATAAG,0,2409915
mglBp,0.058823529411764705,16,16,GGCGTCAACTAAGACAATAG,0,2318030
mglBp,0.058823529411764705,16,16,GGCGTACTCAGCGGAGTTAC,0,2336787
mglBp,0.058823529411764705,16,16,GGCGGAGTAGTTTGACCGGC,0,2369151
mglBp,0.058823529411764705,16,16,GGCCCTTTAAGCGCCACGGT,0,2344620
mglBp,0.058823529411764705,16,16,GGCAGGTCCTCTCTCGAAGA,0,2406312
mglBp,0.058823529411764705,16,16,GGATCCACCTCGATGATGAG,0,2364593
mglBp,0.058823529411764705,16,16,GGATATCCAGTATCGTTTGA,0,2346507
mglBp,0.058823529411764705,16,16,GGATACTATTCCGGGGGAAT,0,2338177
mglBp,0.058823529411764705,16,16,GGAGGGAAATGAACCATAAA,0,2333373
mglBp,0.058823529411764705,16,16,GGAGCTGAGCATAATTGGAT,0,2341903
mglBp,0.058823529411764705,16,16,GGAGCGGCTTTTACGTTTTC,0,2366866
mglBp,0.058823529411764705,16,16,GGACTATGGTTTAGCGACTG,0,2409457
mglBp,0.058823529411764705,16,16,GGACAAGGTGGTCCACACCT,0,2327850
mglBp,0.058823529411764705,16,16,GGAAGAGTCCCGACATACCT,0,2344720
mglBp,0.058823529411764705,16,16,GCTGTCGGATATTTATCTTT,0,2330391
mglBp,0.058823529411764705,16,16,GCTGGCCTATGGCGTTAGAG,0,2411168
mglBp,0.058823529411764705,16,16,GCTCATCGCATTCTTGCCTG,0,2334397
mglBp,0.058823529411764705,16,16,GCGCTATTTAGACCTCGTAG,0,2330714
mglBp,0.058823529411764705,16,16,GCGACGACCTAGTCGTGGAT,0,2384465
mglBp,0.058823529411764705,16,16,GCGAACTTACGGTGACCTTA,0,2342625
mglBp,0.058823529411764705,16,16,GCCTCCCGTGCCAGCGGCCT,0,2361526
mglBp,0.058823529411764705,16,16,GCCTCACACGCGGGGAAGGG,0,2368525
mglBp,0.058823529411764705,16,16,GCCGTACCGCATTGGCCTCT,0,2375764
mglBp,0.058823529411764705,16,16,GCCCAGTAGATTACTGCCGA,0,2356930
mglBp,0.058823529411764705,16,16,GCCAAGGATTGGGTTTTTTT,0,2375467
mglBp,0.058823529411764705,16,16,GCATTTTTCAAATTAAGTAA,0,2395389
mglBp,0.058823529411764705,16,16,GCATGTTTACACATAAAACG,0,2319473
mglBp,0.058823529411764705,16,16,GCATGGAGTTAAAGCGCGAC,0,2389499
mglBp,0.058823529411764705,16,16,GCATGGACTTCAATTATCGT,0,2382047
mglBp,0.058823529411764705,16,16,GCATCTGACCTATTTCGTAC,0,2379835
mglBp,0.058823529411764705,16,16,GCATAAAAGCGCGCGAAGAG,0,2396791
mglBp,0.058823529411764705,16,16,GCAGGATTGCCTATTGCCAC,0,2333312
mglBp,0.058823529411764705,16,16,GCAGCCAAGCCGCGTCATAT,0,2365607
mglBp,0.058823529411764705,16,16,GCAGCATCCTAACCCTTCGA,0,2351492
mglBp,0.058823529411764705,16,16,GCACAGCGTATGCCGGGCGG,0,2323733
mglBp,0.058823529411764705,16,16,GCAACTCCGGCAGGCAAAGA,0,2387360
mglBp,0.058823529411764705,16,16,GATTATAACGACCCGACCTG,0,2354143
mglBp,0.058823529411764705,16,16,GATTAAGCCAGATTAGCACA,0,2397129
mglBp,0.058823529411764705,16,16,GATGGGGAGTTAACCCGGTT,0,2317479
mglBp,0.058823529411764705,16,16,GATGCACTGGTACGGTCTGT,0,2408472
mglBp,0.058823529411764705,16,16,GATAGCACGTGCCAGAGCTT,0,2376312
mglBp,0.058823529411764705,16,16,GATAGATTCTCGTAGGAGTG,0,2413099
mglBp,0.058823529411764705,16,16,GAGTGGACCTACTGACGGTT,0,2418610
mglBp,0.058823529411764705,16,16,GAGTGCGAGATACATTTTTA,0,2369097
mglBp,0.058823529411764705,16,16,GAGTGCCTCGGACGATTGGT,0,2407215
mglBp,0.058823529411764705,16,16,GAGTAGTTTGGCAACATGCT,0,2389095
mglBp,0.058823529411764705,16,16,GAGTAAGCGGTTTTGTAGCC,0,2365574
mglBp,0.058823529411764705,16,16,GAGGTCCTTTGCGCTTGCCT,0,2408775
mglBp,0.058823529411764705,16,16,GAGGCGATCTATCCGGCCTG,0,2347740
mglBp,0.058823529411764705,16,16,GAGACTCAACCAGCCCAGAT,0,2350846
mglBp,0.058823529411764705,16,16,GACTCGTCCCCCCTGGCCTT,0,2330909
mglBp,0.058823529411764705,16,16,GACTCCCACGGACAAGGATC,0,2352320
mglBp,0.058823529411764705,16,16,GACCTTCATGTACAACATAA,0,2347741
mglBp,0.058823529411764705,16,16,GACCGGAACTACGGGGCTTG,0,2394180
mglBp,0.058823529411764705,16,16,GACCAACGGAAGACTGAAAG,0,2329100
mglBp,0.058823529411764705,16,16,GACACTACGCACTTGCTGAT,0,2388955
mglBp,0.058823529411764705,16,16,GACAAAAACTTAACGAGGAC,0,2316687
mglBp,0.058823529411764705,16,16,GAATATCCGCGTTTTCGGAA,0,2338844
mglBp,0.058823529411764705,16,16,GAAGCAATGTCAGTCCTCGA,0,2332525
mglBp,0.058823529411764705,16,16,GAAGCAATAGGCGTAGGGGA,0,2385301
mglBp,0.058823529411764705,16,16,GAACTTGGCCTTCTCAGCAT,0,2395252
mglBp,0.058823529411764705,16,16,GAACGTTCCCTGTGCCATTA,0,2386957
mglBp,0.058823529411764705,16,16,GAAATCGGCCTAGCGGTAGG,0,2407376
mglBp,0.058823529411764705,16,16,GAAACCGTCGTCAGTGCTCT,0,2355239
mglBp,0.058823529411764705,16,16,CTTGTGTCAATGAAACGGAC,0,2371575
mglBp,0.058823529411764705,16,16,CTTACTGGTCTCCCGACTTT,0,2331729
mglBp,0.058823529411764705,16,16,CTGTTTTCCAACTAGCGTGG,0,2344111
mglBp,0.058823529411764705,16,16,CTGTTATGATTAAGAAGCCA,0,2378475
mglBp,0.058823529411764705,16,16,CTGGCTACACGGCGCCTCGT,0,2340268
mglBp,0.058823529411764705,16,16,CTGCGTGCCTGACAACGCAA,0,2387261
mglBp,0.058823529411764705,16,16,CTGATAGGCCCGGCTGTAAT,0,2335816
mglBp,0.058823529411764705,16,16,CTCTGGTTCTCTGCTCAACG,0,2368338
mglBp,0.058823529411764705,16,16,CTCTATGACCCGTAAACATA,0,2320389
mglBp,0.058823529411764705,16,16,CTCTATCCGCGTGGCTAAAC,0,2316653
mglBp,0.058823529411764705,16,16,CTCGGTGTAGCGGGGGCACA,0,2415400
mglBp,0.058823529411764705,16,16,CTCGGCCGTCTACATCGCGT,0,2355038
mglBp,0.058823529411764705,16,16,CTCAGTGAATTGCGGTCCAA,0,2355287
mglBp,0.058823529411764705,16,16,CTCAGCTATGTAATTTCGTC,0,2319580
mglBp,0.058823529411764705,16,16,CTCAATTTCGCCCGTTTGCT,0,2354063
mglBp,0.058823529411764705,16,16,CTAGGGCTCAGCAGCATTAA,0,2346217
mglBp,0.058823529411764705,16,16,CTAGCAATAGGTTGGTTGTA,0,2340446
mglBp,0.058823529411764705,16,16,CTACTCCATCGGTTTGGTTT,0,2396143
mglBp,0.058823529411764705,16,16,CTACGTTCCTGGTAGGGTGC,0,2325207
mglBp,0.058823529411764705,16,16,CTACGGTCAGACCGCTCCGT,0,2397163
mglBp,0.058823529411764705,16,16,CGTTGTACCCGTCCATATGC,0,2393835
mglBp,0.058823529411764705,16,16,CGTTGCCTACACATACCATA,0,2347752
mglBp,0.058823529411764705,16,16,CGTTGATCACACTGCGGAGC,0,2377042
mglBp,0.058823529411764705,16,16,CGTTCCCCTCGCCTAACCTA,0,2404141
mglBp,0.058823529411764705,16,16,CGTGGTACGGGGGGTGTTTA,0,2353652
mglBp,0.058823529411764705,16,16,CGTGGCAGCCTTTCTTAGGA,0,2372219
mglBp,0.058823529411764705,16,16,CGTCACGTGATGAGGCTTGA,0,2367226
mglBp,0.058823529411764705,16,16,CGTCAAACGCACGTACGGTT,0,2337966
mglBp,0.058823529411764705,16,16,CGGTTGCATGCAATACCGAT,0,2407181
mglBp,0.058823529411764705,16,16,CGGGTACGGCTTCATCTAAC,0,2327128
mglBp,0.058823529411764705,16,16,CGGGGTTTCTACCTTAAGAG,0,2409820
mglBp,0.058823529411764705,16,16,CGGGACGGAATAGATCTAAC,0,2395192
mglBp,0.058823529411764705,16,16,CGCTAGGTGCCAACTTCCGA,0,2384782
mglBp,0.058823529411764705,16,16,CGCTAGCAGCGGAGCTTGGG,0,2374067
mglBp,0.058823529411764705,16,16,CGCTAAATCGGCCAGCATAG,0,2357536
mglBp,0.058823529411764705,16,16,CGCGTCCTGGTGTGCCGTTC,0,2379396
mglBp,0.058823529411764705,16,16,CGCGGGGGAGCATGACCGTC,0,2360067
mglBp,0.058823529411764705,16,16,CGCGGGACCCTGGGCTTCTA,0,2412193
mglBp,0.058823529411764705,16,16,CGCGGAAAGTTGGCTTCCAC,0,2421870
mglBp,0.058823529411764705,16,16,CGCCTCGGTTTGGTCCCTCC,0,2409130
mglBp,0.058823529411764705,16,16,CGCCACTGTATGTTTACTTG,0,2400972
mglBp,0.058823529411764705,16,16,CGCACTCCGTGTGCTACATT,0,2408924
mglBp,0.058823529411764705,16,16,CGCAAATACCACACTCATCA,0,2322466
mglBp,0.058823529411764705,16,16,CGATTCTCATCTCGGGGCGT,0,2410650
mglBp,0.058823529411764705,16,16,CGATACTGACTCGACACACA,0,2402593
mglBp,0.058823529411764705,16,16,CGATAAATCTGTATATTGGT,0,2352485
mglBp,0.058823529411764705,16,16,CGAGGTTGTATCCTGCGGAC,0,2419033
mglBp,0.058823529411764705,16,16,CGAGATATCGAGTCAGGGAC,0,2328996
mglBp,0.058823529411764705,16,16,CGACCGCTCGCTTATTGCAA,0,2378109
mglBp,0.058823529411764705,16,16,CGACCCCGAGAGAACGGGAT,0,2358911
mglBp,0.058823529411764705,16,16,CGAATTTGGGAAGCTTGATC,0,2362798
mglBp,0.058823529411764705,16,16,CGAAGCAGCGCCGGAGCTCA,0,2317042
mglBp,0.058823529411764705,16,16,CCTTCATCTACTCTGCTGGA,0,2324109
mglBp,0.058823529411764705,16,16,CCTGGCTGGGTATCAATGAT,0,2327891
mglBp,0.058823529411764705,16,16,CCTCGAGGGGTGTACGCGCA,0,2385328
mglBp,0.058823529411764705,16,16,CCTCCTATAAGGGATCAAAT,0,2330127
mglBp,0.058823529411764705,16,16,CCTCAGGCCCTAATAAATAT,0,2355330
mglBp,0.058823529411764705,16,16,CCTCACAGGCGCGCTGGCAA,0,2348534
mglBp,0.058823529411764705,16,16,CCTATCCCAACATTCTCGGA,0,2408209
mglBp,0.058823529411764705,16,16,CCTAAACGATTCACGACTCT,0,2340584
mglBp,0.058823529411764705,16,16,CCGTGACGAATTACTATGTA,0,2411284
mglBp,0.058823529411764705,16,16,CCGTAGGTTGTCCGGCCCGT,0,2324450
mglBp,0.058823529411764705,16,16,CCGGGATGCCCACATCCATA,0,2329804
mglBp,0.058823529411764705,16,16,CCGCTGGTATGACCTTTAAT,0,2411037
mglBp,0.058823529411764705,16,16,CCGCCGTTGTCACTTGGTTT,0,2344738
mglBp,0.058823529411764705,16,16,CCGCAACCTGGACGTGGTGG,0,2369844
mglBp,0.058823529411764705,16,16,CCGAGTGTTAGTGGTGAGTG,0,2317649
mglBp,0.058823529411764705,16,16,CCGAGCCCATTTGCAATCAT,0,2390334
mglBp,0.058823529411764705,16,16,CCGACTCCGCCACGGGCGAC,0,2409233
mglBp,0.058823529411764705,16,16,CCCTTTGCCGGAATTTCCAT,0,2327349
mglBp,0.058823529411764705,16,16,CCCTTGGAGTAAGTATGTTG,0,2372990
mglBp,0.058823529411764705,16,16,CCCCGAGGACATCTGGATGC,0,2373984
mglBp,0.058823529411764705,16,16,CCCCCCGCATTAGGACTCCT,0,2347414
mglBp,0.058823529411764705,16,16,CCCCACGTTATGTTAACTCT,0,2398281
mglBp,0.058823529411764705,16,16,CCCAGTTGCTATAACTTAAA,0,2348435
mglBp,0.058823529411764705,16,16,CCCAGGGTTGCCGGGACAGG,0,2375941
mglBp,0.058823529411764705,16,16,CCCAGCGAACCCCCGTAGAT,0,2372507
mglBp,0.058823529411764705,16,16,CCCAAATCAACCTTGGGAAC,0,2345522
mglBp,0.058823529411764705,16,16,CCATTCGGGCCTGTTCCCGT,0,2331845
mglBp,0.058823529411764705,16,16,CCATGCGAATGACCATCAGT,0,2373939
mglBp,0.058823529411764705,16,16,CCATACATTTGCCAAAGACA,0,2395649
mglBp,0.058823529411764705,16,16,CCAGGAATCCTGCATGCGAA,0,2376693
mglBp,0.058823529411764705,16,16,CCAGCGGGGCGACTTTTTAA,0,2327605
mglBp,0.058823529411764705,16,16,CCAGCCAGTCGCTCGGATTT,0,2352714
mglBp,0.058823529411764705,16,16,CCAGCATCGCGCCGCTTCAC,0,2337006
mglBp,0.058823529411764705,16,16,CCAGAATGCTCGTGCCACCA,0,2369181
mglBp,0.058823529411764705,16,16,CCACGTGAATTTAACGTGAA,0,2408836
mglBp,0.058823529411764705,16,16,CCACGATTTCCATGGCCGGA,0,2349220
mglBp,0.058823529411764705,16,16,CCACCCAAGACATATAGAAC,0,2363486
mglBp,0.058823529411764705,16,16,CCACATTGGGACGGAACAAT,0,2367455
mglBp,0.058823529411764705,16,16,CCACAGCAGTTGTCATGGCG,0,2406766
mglBp,0.058823529411764705,16,16,CCAAGTAACAGGGAGACTCA,0,2416923
mglBp,0.058823529411764705,16,16,CCAACTATAATCTGGTTACT,0,2380077
mglBp,0.058823529411764705,16,16,CCAACGGGGGAGCGTGTGTT,0,2402130
mglBp,0.058823529411764705,16,16,CCAACATTTATGGCTCAGAT,0,2410904
mglBp,0.058823529411764705,16,16,CCAAACACGATACCATCGAT,0,2412699
mglBp,0.058823529411764705,16,16,CATTGGTGATGAGCAAGGAC,0,2384483
mglBp,0.058823529411764705,16,16,CATTGCGCCTCGCTGGCAAT,0,2357605
mglBp,0.058823529411764705,16,16,CATTGCCCTCACCTCCGTGT,0,2377680
mglBp,0.058823529411764705,16,16,CATTCTACGGGTTCAGTATA,0,2395040
mglBp,0.058823529411764705,16,16,CATGTTCGTTTCAAATCAAT,0,2418073
mglBp,0.058823529411764705,16,16,CATCCCGAAGCCCCGCAAGT,0,2331541
mglBp,0.058823529411764705,16,16,CAGTCCACGCGGTCCTTCAT,0,2345058
mglBp,0.058823529411764705,16,16,CAGTAACATGGGCACCATGA,0,2399217
mglBp,0.058823529411764705,16,16,CAGGCGAATCGTTACCGCCT,0,2327557
mglBp,0.058823529411764705,16,16,CAGGCATTGTAATGTGGATC,0,2393838
mglBp,0.058823529411764705,16,16,CAGCACGAGAACCCCCATGA,0,2416852
mglBp,0.058823529411764705,16,16,CAGATTGAAACCGTACGTCG,0,2352967
mglBp,0.058823529411764705,16,16,CACTTTTTGCAATAGTTGCC,0,2377273
mglBp,0.058823529411764705,16,16,CACTGAGGTTCGGGATACAA,0,2319085
mglBp,0.058823529411764705,16,16,CACGGTTGAGATGCCCTAAT,0,2382880
mglBp,0.058823529411764705,16,16,CACGCACTCGTCATGGGTCA,0,2383000
mglBp,0.058823529411764705,16,16,CACCTGAAGTCAAAACTCTG,0,2374509
mglBp,0.058823529411764705,16,16,CACCTCCAAAGAGTGACATT,0,2417185
mglBp,0.058823529411764705,16,16,CACCGCGAGTAGTTGTAGGG,0,2369913
mglBp,0.058823529411764705,16,16,CACATAGTTGTAAGATGCGT,0,2353427
mglBp,0.058823529411764705,16,16,CAATTATTTTGCAGACAGAA,0,2412486
mglBp,0.058823529411764705,16,16,CAAGGCCAGGCGCTTGTAGA,0,2399082
mglBp,0.058823529411764705,16,16,CAAGGCATGCACCTCATGCC,0,2367252
mglBp,0.058823529411764705,16,16,CAAGGCACGTTTGGCATTCA,0,2363664
mglBp,0.058823529411764705,16,16,CAAGAGGTTACACACTGCCA,0,2360431
mglBp,0.058823529411764705,16,16,CAAGACAGCCGCACGTAAAG,0,2390564
mglBp,0.058823529411764705,16,16,CAACGTTGTTAATGGGATGT,0,2367422
mglBp,0.058823529411764705,16,16,CAACATGTCCAAGATAAAGT,0,2329282
mglBp,0.058823529411764705,16,16,ATTTGCATCTAATGCTGTTT,0,2317037
mglBp,0.058823529411764705,16,16,ATTGTAAGTCATGCTACGTC,0,2343144
mglBp,0.058823529411764705,16,16,ATTGCGCAGGTTACCGAATG,0,2400321
mglBp,0.058823529411764705,16,16,ATTGAGGGGGTTGTGTCATT,0,2346375
mglBp,0.058823529411764705,16,16,ATTCGGTATAGAGCTGGCTT,0,2407631
mglBp,0.058823529411764705,16,16,ATTCAAAGACAGGGTGTCAC,0,2376622
mglBp,0.058823529411764705,16,16,ATGTGAATATACTCAACCAT,0,2323145
mglBp,0.058823529411764705,16,16,ATGCCGCGCGTTCTCACCGT,0,2399995
mglBp,0.058823529411764705,16,16,ATGATTGAGCCGTACTTGCT,0,2342626
mglBp,0.058823529411764705,16,16,ATGATTAGATACTGGGTAGG,0,2345092
mglBp,0.058823529411764705,16,16,ATCTCGTAGCGAAATTTCGG,0,2325694
mglBp,0.058823529411764705,16,16,ATCTCCGGGAAAAATAAAAC,0,2397784
mglBp,0.058823529411764705,16,16,ATCGGGCAACACGCTATTCA,0,2410274
mglBp,0.058823529411764705,16,16,ATCGCTCCTCAAATGTGGAC,0,2390817
mglBp,0.058823529411764705,16,16,ATCGACCATGAGGTCTACAA,0,2384243
mglBp,0.058823529411764705,16,16,ATCCCTAAGCCTCTCTCTGA,0,2411709
mglBp,0.058823529411764705,16,16,ATCCCGGTCCCAAATCGACC,0,2360092
mglBp,0.058823529411764705,16,16,ATCAGACCGGTTCCTCAGGC,0,2377935
mglBp,0.058823529411764705,16,16,ATATTGGGAGCGCGCAGTAA,0,2372356
mglBp,0.058823529411764705,16,16,ATATGCCATCAGTCCCGGCT,0,2394019
mglBp,0.058823529411764705,16,16,ATATCTAATGAGCGGAGGCG,0,2390755
mglBp,0.058823529411764705,16,16,ATACTGTCTGTCCATCCGTT,0,2411594
mglBp,0.058823529411764705,16,16,ATACTCCGATCCGTTCGCAG,0,2324222
mglBp,0.058823529411764705,16,16,ATACAGTTTGAGATTGCTCA,0,2409197
mglBp,0.058823529411764705,16,16,AGTTTTCAGAGGCACAACGG,0,2405378
mglBp,0.058823529411764705,16,16,AGTTTCCTTCAGGTCACCGC,0,2351736
mglBp,0.058823529411764705,16,16,AGTTCCCTCTAGGGGGCATG,0,2376465
mglBp,0.058823529411764705,16,16,AGTTATAGTCGCCTCTGTCT,0,2329773
mglBp,0.058823529411764705,16,16,AGTCGTCACGCCAGGGGCAT,0,2412223
mglBp,0.058823529411764705,16,16,AGTCGAACTGGCCCTATACA,0,2409580
mglBp,0.058823529411764705,16,16,AGTCATTCTACATGTAAACA,0,2319313
mglBp,0.058823529411764705,16,16,AGTCAGTACGAAGCAATTTC,0,2338915
mglBp,0.058823529411764705,16,16,AGTCAGAGCACCAGCGGCGA,0,2332222
mglBp,0.058823529411764705,16,16,AGTCACCGAACCGCCCAATA,0,2340180
mglBp,0.058823529411764705,16,16,AGTAGAGAGGAGACGGCATG,0,2352706
mglBp,0.058823529411764705,16,16,AGGTGGGGTCTACCGGGGTT,0,2392945
mglBp,0.058823529411764705,16,16,AGGTGCCCTTGGCGCGCAGA,0,2341559
mglBp,0.058823529411764705,16,16,AGGTCACGCCGCTCGTACCA,0,2404328
mglBp,0.058823529411764705,16,16,AGGGGCGGGGTACACTTAAC,0,2343880
mglBp,0.058823529411764705,16,16,AGGGCCTGGGATTCTCTCGT,0,2348396
mglBp,0.058823529411764705,16,16,AGGGAGATACAACACGATAA,0,2349333
mglBp,0.058823529411764705,16,16,AGGCTGCTCCTATATAAACT,0,2379144
mglBp,0.058823529411764705,16,16,AGGCAATCGGCAGGTCTCTA,0,2331411
mglBp,0.058823529411764705,16,16,AGGCAACATATGTGTTCGGA,0,2363526
mglBp,0.058823529411764705,16,16,AGGATGTGTACCTCGCAAAG,0,2322136
mglBp,0.058823529411764705,16,16,AGGATCCCATGGGATCCGGA,0,2372036
mglBp,0.058823529411764705,16,16,AGGAGGAAAACGACCTTCTT,0,2405986
mglBp,0.058823529411764705,16,16,AGGAGATAGCTCCGAGCGGC,0,2376005
mglBp,0.058823529411764705,16,16,AGCTTAGGCCAACGGCCAAG,0,2355630
mglBp,0.058823529411764705,16,16,AGCTATACGGTTTCGATCAG,0,2411322
mglBp,0.058823529411764705,16,16,AGCCAAAATATGCCAGGAGA,0,2401577
mglBp,0.058823529411764705,16,16,AGCAGCATGTGGGTCCCTGT,0,2373668
mglBp,0.058823529411764705,16,16,AGCACCGAGCAGGCACACGT,0,2397132
mglBp,0.058823529411764705,16,16,AGCAATGCACATGAAGCGAG,0,2353051
mglBp,0.058823529411764705,16,16,AGATGCCCTTAGGATTCACA,0,2321313
mglBp,0.058823529411764705,16,16,AGATACTTCCAGTTAGAAAA,0,2376017
mglBp,0.058823529411764705,16,16,AGAGGATTCCTCAGGCTGAT,0,2391310
mglBp,0.058823529411764705,16,16,AGAGCAAGAACCTTGGAACC,0,2374304
mglBp,0.058823529411764705,16,16,AGAGATATTACGGCATTTAT,0,2375271
mglBp,0.058823529411764705,16,16,AGACCGACTAACATGCTGGG,0,2327967
mglBp,0.058823529411764705,16,16,AGACAGCCTCAAGCTATTAT,0,2337503
mglBp,0.058823529411764705,16,16,ACTTGAGCGTGTCTAAGCAG,0,2376393
mglBp,0.058823529411764705,16,16,ACTTATGTTGACAGATCGTA,0,2368329
mglBp,0.058823529411764705,16,16,ACTGGCTGTTAAGCGCTGCT,0,2398630
mglBp,0.058823529411764705,16,16,ACTGCCCGATTCTGTAGTGC,0,2397183
mglBp,0.058823529411764705,16,16,ACTCTGGTGGCATTACCAGT,0,2410066
mglBp,0.058823529411764705,16,16,ACTCTGAATACTACCTGCGG,0,2326737
mglBp,0.058823529411764705,16,16,ACTAATCCTTCGTGTTCTAG,0,2384379
mglBp,0.058823529411764705,16,16,ACGTCCCGCAACTAAGTCAC,0,2362216
mglBp,0.058823529411764705,16,16,ACGGGGTATTGATGAGGGAC,0,2348882
mglBp,0.058823529411764705,16,16,ACGGGATCTGGTATCCCTGC,0,2413643
mglBp,0.058823529411764705,16,16,ACGGCCGACTTGTGGATGCT,0,2369396
mglBp,0.058823529411764705,16,16,ACGCTTGGCGCAGGGGGCAT,0,2347428
mglBp,0.058823529411764705,16,16,ACGCGAGGCATCTGTGCCGG,0,2402537
mglBp,0.058823529411764705,16,16,ACGCCCCGGTAAATTACCTG,0,2416025
mglBp,0.058823529411764705,16,16,ACGAATACCATGCGAGAAAG,0,2341377
mglBp,0.058823529411764705,16,16,ACCTCTCGCTAGGACGAGAA,0,2404590
mglBp,0.058823529411764705,16,16,ACCGTTTTTGTCAGGGGTCA,0,2383878
mglBp,0.058823529411764705,16,16,ACCGGGCCGGTGCTATTCAT,0,2359496
mglBp,0.058823529411764705,16,16,ACCGGCCTAGTGAGCCCGGT,0,2320514
mglBp,0.058823529411764705,16,16,ACCGCTAAACTATTGCTCCT,0,2344905
mglBp,0.058823529411764705,16,16,ACCGCAGGCAGGCAAGCCGT,0,2343597
mglBp,0.058823529411764705,16,16,ACCGATGGCACCCAACACGT,0,2398793
mglBp,0.058823529411764705,16,16,ACCCCATCCAGAGTGACCGG,0,2412189
mglBp,0.058823529411764705,16,16,ACCATCGGCGAAATATTTGT,0,2386994
mglBp,0.058823529411764705,16,16,ACCACCTGGCTTTGGCACAC,0,2332436
mglBp,0.058823529411764705,16,16,ACATGGTCCTAAGATATTGA,0,2418325
mglBp,0.058823529411764705,16,16,ACATGAACCTCTACCTTTTT,0,2423258
mglBp,0.058823529411764705,16,16,ACATCGTCAGGCGACTTCAT,0,2403020
mglBp,0.058823529411764705,16,16,ACATCCTATCTTCACGGAGG,0,2420169
mglBp,0.058823529411764705,16,16,ACATACATTGCCTGATGATT,0,2343549
mglBp,0.058823529411764705,16,16,ACAGGCGTTATTAGAGTCGG,0,2347505
mglBp,0.058823529411764705,16,16,ACAGCAGTCGAGGGCGAGAA,0,2374697
mglBp,0.058823529411764705,16,16,ACAGACGGACTGACGCAATG,0,2323732
mglBp,0.058823529411764705,16,16,ACAGACCACTAAGAGTTTAT,0,2368122
mglBp,0.058823529411764705,16,16,ACACTATCGATGTGGAAATA,0,2346534
mglBp,0.058823529411764705,16,16,ACAAGGGGCTATCGGGGGTG,0,2396894
mglBp,0.058823529411764705,16,16,ACAAACTCACCAGTGTCAGA,0,2344829
mglBp,0.058823529411764705,16,16,AATTACCTGCCGCTTTCGAC,0,2369525
mglBp,0.058823529411764705,16,16,AATTAATTGGTAACGGTCAC,0,2423448
mglBp,0.058823529411764705,16,16,AATGTCCGTGGCCGCATACT,0,2376662
mglBp,0.058823529411764705,16,16,AATCCAATTAAATGCGTAGA,0,2402173
mglBp,0.058823529411764705,16,16,AATATCGAGTGTGACTGTAT,0,2341865
mglBp,0.058823529411764705,16,16,AATATCAGGGGCCGTCTGTC,0,2405247
mglBp,0.058823529411764705,16,16,AATACTGAGGCAAGTACCCT,0,2421209
mglBp,0.058823529411764705,16,16,AATACCGCGTGTGGCCGTGT,0,2366565
mglBp,0.058823529411764705,16,16,AAGTAAGCTGCGTCAGCGTA,0,2355358
mglBp,0.058823529411764705,16,16,AAGGTCCCGCACACTTCAGA,0,2381672
mglBp,0.058823529411764705,16,16,AAGGGATTGTAATTCTACAA,0,2410664
mglBp,0.058823529411764705,16,16,AAGGAGCATTGATAGGCACA,0,2390576
mglBp,0.058823529411764705,16,16,AAGCTGCTTTGCGGTGTCAT,0,2417066
mglBp,0.058823529411764705,16,16,AAGCGTATGACCACCTAGAA,0,2346591
mglBp,0.058823529411764705,16,16,AAGCCACGATAATACTTCGG,0,2377376
mglBp,0.058823529411764705,16,16,AACTTCACACCACTGATTAT,0,2359311
mglBp,0.058823529411764705,16,16,AACTGGGTACAAAGTGCAGG,0,2340404
mglBp,0.058823529411764705,16,16,AACTCCCCGCCTCGGGGGAG,0,2407173
mglBp,0.058823529411764705,16,16,AACTATTGAGATTTGCGGGG,0,2394573
mglBp,0.058823529411764705,16,16,AACCTTCGACGTGAATATCT,0,2402178
mglBp,0.058823529411764705,16,16,AACCGGTTGAAGAATTAAGC,0,2374856
mglBp,0.058823529411764705,16,16,AACCCATCTGGACATTCGCA,0,2320855
mglBp,0.058823529411764705,16,16,AACATGCAACGCGCAGGTTA,0,2333531
mglBp,0.058823529411764705,16,16,AACAGCAAGCGAAAATGGAT,0,2387574
mglBp,0.058823529411764705,16,16,AACAAGAAATGACCTGTTTT,0,2374288
mglBp,0.058823529411764705,16,16,AAATCTTAAAGCAGCTGTTG,0,2367555
mglBp,0.058823529411764705,16,16,AAATCGCCACGAACCACGAC,0,2405775
mglBp,0.058823529411764705,16,16,AAAGTAAAACCCGGTCTGTA,0,2370085
mglBp,0.058823529411764705,16,16,AAAGCTGTAGTTATAATAAT,0,2356504
mglBp,0.058823529411764705,16,16,AAAGCCCATACCGTTAGGAT,0,2382109
mglBp,0.058823529411764705,16,16,AAACTACGATCAAATTTTCC,0,2373045
mglBp,0.058823529411764705,16,16,AAACCCGAGTAGTGGTTGGG,0,2343875
mglBp,0.058823529411764705,16,16,AAACATACGGGGTCCGGTGC,0,2392208
mglBp,0.0625,15,15,TTTGCCAGACCCCTGAGTGA,0,2401013
mglBp,0.0625,15,15,TTGTTTGTGGGAGAGACTAA,0,2367763
mglBp,0.0625,15,15,TTGTCGTAGTACACCGCTAC,0,2349502
mglBp,0.0625,15,15,TTGTACAGCGACAGGTCATG,0,2374584
mglBp,0.0625,15,15,TTGGCTCTAAGCGCGTCCGT,0,2392966
mglBp,0.0625,15,15,TTGGCCGGCGATAAGGAGAA,0,2383817
mglBp,0.0625,15,15,TTGGAAGACAAGGGTCATCT,0,2321999
mglBp,0.0625,15,15,TTGAGGATGTGCGGCACGTC,0,2380132
mglBp,0.0625,15,15,TTGAATACACTAAGGTATGT,0,2405821
mglBp,0.0625,15,15,TTCTTGTTAGCTCGGTCCGA,0,2417856
mglBp,0.0625,15,15,TTCTCGCCTATCACGTCGCC,0,2325881
mglBp,0.0625,15,15,TTCTCCCCCACGTGGTTCTA,0,2393006
mglBp,0.0625,15,15,TTCTACGCCTAAGAGGACAC,0,2321754
mglBp,0.0625,15,15,TTCTACAATATATCTGGGCT,0,2412670
mglBp,0.0625,15,15,TTCTAACATCTAGAGCGGCA,0,2412548
mglBp,0.0625,15,15,TTCGGACGTAGGCTTACGCC,0,2397403
mglBp,0.0625,15,15,TTCGCGGAGGAAGTATTCCC,0,2359078
mglBp,0.0625,15,15,TTCCTGAGGAAGAACTCGTA,0,2329556
mglBp,0.0625,15,15,TTCCGGACAGTATCACACTT,0,2374673
mglBp,0.0625,15,15,TTCCCAATGGAGTCAGACGA,0,2352928
mglBp,0.0625,15,15,TTCATGCGTCTGCTAGTATG,0,2340782
mglBp,0.0625,15,15,TTCAGTCGGGGGAACCATCT,0,2377568
mglBp,0.0625,15,15,TTCAATCCGCAACCGCAGAA,0,2323368
mglBp,0.0625,15,15,TTCAACAGTTCAGCACTCGA,0,2344119
mglBp,0.0625,15,15,TTATGGGAGGCTTTTGACTG,0,2386918
mglBp,0.0625,15,15,TTATAGACTCTTATAGTAGT,0,2403775
mglBp,0.0625,15,15,TTATACATAATAAGGACTAG,0,2375893
mglBp,0.0625,15,15,TTAGTTGTGTTCCTCGCTTT,0,2409063
mglBp,0.0625,15,15,TTAGTCTCCCAGGACGTCTG,0,2388143
mglBp,0.0625,15,15,TTAGATTATTTCCCGACCTC,0,2324710
mglBp,0.0625,15,15,TTAGACCTTGACCAAAGCGT,0,2316899
mglBp,0.0625,15,15,TTACTGGCAGGGGCCGACGA,0,2320649
mglBp,0.0625,15,15,TTAATGTCACGCGCAGACGT,0,2382054
mglBp,0.0625,15,15,TTAATAACGGTTGCTTTTAG,0,2322983
mglBp,0.0625,15,15,TTAAATTGCATGGATCTCAT,0,2338415
mglBp,0.0625,15,15,TTAAAGAAACTAACCCTCTT,0,2354021
mglBp,0.0625,15,15,TGTTCCATTGGGCCGCCGCT,0,2322985
mglBp,0.0625,15,15,TGTTATAAGGTTGTGGACCG,0,2360206
mglBp,0.0625,15,15,TGTTAATTTATACCTGCTAT,0,2365126
mglBp,0.0625,15,15,TGTTAAAAATACAACGAGCA,0,2365608
mglBp,0.0625,15,15,TGTGTGCTATAGAATGGAGG,0,2410294
mglBp,0.0625,15,15,TGTCGGTTGCCTTTCGGCTG,0,2405375
mglBp,0.0625,15,15,TGTCGCAAATTCCGACACTA,0,2396000
mglBp,0.0625,15,15,TGTAACGGGCCGGGACAACG,0,2394424
mglBp,0.0625,15,15,TGGTTTCTCTCACCCAGGTC,0,2372303
mglBp,0.0625,15,15,TGGTGTTTCAGACGTGCTAC,0,2318235
mglBp,0.0625,15,15,TGGGTGCCACTACATATTCT,0,2350967
mglBp,0.0625,15,15,TGGGGTCAGAAAGCTTGGTG,0,2393009
mglBp,0.0625,15,15,TGGGATAAGTATAATAACGA,0,2402170
mglBp,0.0625,15,15,TGGGAGCCGCGAGACTTCAT,0,2401844
mglBp,0.0625,15,15,TGGCCCTAACTAAGTGTGCG,0,2324994
mglBp,0.0625,15,15,TGGCCATCTAAAGGTTCCCT,0,2383196
mglBp,0.0625,15,15,TGGAGGAGAATGATTCCCAC,0,2409128
mglBp,0.0625,15,15,TGGACAGACCGTTACCTTGT,0,2407132
mglBp,0.0625,15,15,TGCTTCATTTCCGCACGCGT,0,2324907
mglBp,0.0625,15,15,TGCTGTACATAGTGGAGCGC,0,2343256
mglBp,0.0625,15,15,TGCGCCATATGGTCCCGTTT,0,2335097
mglBp,0.0625,15,15,TGCGAGGGTAAACCACAATA,0,2372031
mglBp,0.0625,15,15,TGATTGCACTATATCTATGG,0,2391499
mglBp,0.0625,15,15,TGATTATTATAAATCGTAAA,0,2343445
mglBp,0.0625,15,15,TGATGATGATCCGGTCGTAC,0,2327363
mglBp,0.0625,15,15,TGATCCTTCTGGCTAAGTCA,0,2412662
mglBp,0.0625,15,15,TGATAGCGGGGAGCATCGGT,0,2384544
mglBp,0.0625,15,15,TGATAAGAGGGGGAAAACGA,0,2332161
mglBp,0.0625,15,15,TGAGTGGGCGCGTAATACAA,0,2344285
mglBp,0.0625,15,15,TGAGTCCTGGGTCCTCGTGT,0,2325161
mglBp,0.0625,15,15,TGAGTACTGATGCCGGCCAG,0,2339266
mglBp,0.0625,15,15,TGAGTACAGTAATGTTGAGG,0,2405522
mglBp,0.0625,15,15,TGAGGGTTCCAGTAATGAGT,0,2327367
mglBp,0.0625,15,15,TGAGCCGGGTTCTCGTGACC,0,2413962
mglBp,0.0625,15,15,TGACTGTTGGCGCATAAAGA,0,2343988
mglBp,0.0625,15,15,TGACGCAGCTTGACCGGGGA,0,2383024
mglBp,0.0625,15,15,TGACCTCGCATGAGACAACG,0,2421391
mglBp,0.0625,15,15,TGACAGCTTTTAGGGGTGCT,0,2320677
mglBp,0.0625,15,15,TGACAGACCCCCGAGTCTTT,0,2416715
mglBp,0.0625,15,15,TGAATGCGGCGTGTCATTGT,0,2322150
mglBp,0.0625,15,15,TGAACATGTCGCATCAAGGA,0,2376024
mglBp,0.0625,15,15,TGAAATAGGGACATTCTAGG,0,2356450
mglBp,0.0625,15,15,TGAAAGTACACGGACGGTGT,0,2337130
mglBp,0.0625,15,15,TCTTGGCACTACTTAAACCA,0,2384147
mglBp,0.0625,15,15,TCTGTCGTCGTCATGTTTGT,0,2374700
mglBp,0.0625,15,15,TCTCGCGGATCCTGTGAAAT,0,2359011
mglBp,0.0625,15,15,TCTATAGAGCGATGCTTTAC,0,2419730
mglBp,0.0625,15,15,TCTAGACTCCTAATATATGT,0,2409008
mglBp,0.0625,15,15,TCTACTCATGGAATTTACCT,0,2327342
mglBp,0.0625,15,15,TCGTGGCACGCATGCGTGGG,0,2372897
mglBp,0.0625,15,15,TCGTATAACGGGACGTCCCA,0,2393973
mglBp,0.0625,15,15,TCGGTACAACTCACTATCGC,0,2348345
mglBp,0.0625,15,15,TCGGGGAGTGGGGCACATTA,0,2357157
mglBp,0.0625,15,15,TCGGCCTCGGGGGTCTGTAT,0,2378900
mglBp,0.0625,15,15,TCGGATGTTTAACTACTGAT,0,2370307
mglBp,0.0625,15,15,TCGCGCCATTCCTCACCTCT,0,2343965
mglBp,0.0625,15,15,TCGATTACGCTGCGAGATAA,0,2399483
mglBp,0.0625,15,15,TCGACTGGCCCCTGAAATAT,0,2391946
mglBp,0.0625,15,15,TCCTGACCAGGGGTTTGTTG,0,2413056
mglBp,0.0625,15,15,TCCGGGGCGTCGAAAGCAAC,0,2325791
mglBp,0.0625,15,15,TCCGCTTTACTTGCTTTAGT,0,2352242
mglBp,0.0625,15,15,TCCGATGGCCATGCTGGCGC,0,2370732
mglBp,0.0625,15,15,TCCGACACATGGAAAGGCCG,0,2355919
mglBp,0.0625,15,15,TCCCTTCTTCTCAGCCGCGG,0,2378866
mglBp,0.0625,15,15,TCCCTTAATTCTCTATGGCG,0,2375006
mglBp,0.0625,15,15,TCCATTTTTCTGTCAGTGTC,0,2328635
mglBp,0.0625,15,15,TCCATTGGTAGTGGATCCAT,0,2347965
mglBp,0.0625,15,15,TCCATCATGATATAGGTTAG,0,2319572
mglBp,0.0625,15,15,TCCAATCAAATCATGGTGAT,0,2380250
mglBp,0.0625,15,15,TCATTCGAGAATCTAGAACA,0,2333275
mglBp,0.0625,15,15,TCATATTAATCACACGACAA,0,2317608
mglBp,0.0625,15,15,TCATACGATTCCACTCCCTT,0,2394136
mglBp,0.0625,15,15,TCAGTCAGGGAAAAGTATGT,0,2334461
mglBp,0.0625,15,15,TCAGTAACATGCGATCAGAA,0,2419817
mglBp,0.0625,15,15,TCAGGGCTTTTATTGGCATA,0,2354393
mglBp,0.0625,15,15,TCAGATCTAGGTGACTGTAA,0,2343539
mglBp,0.0625,15,15,TCACATCTATGGACGGGTCT,0,2351914
mglBp,0.0625,15,15,TCAATCTGCATCACGCTCTA,0,2418926
mglBp,0.0625,15,15,TATTTGGTCAGGGCTCTACA,0,2362797
mglBp,0.0625,15,15,TATTCATTCGATACGAGGTG,0,2337774
mglBp,0.0625,15,15,TATGTACCCAGCAGACCGGA,0,2402464
mglBp,0.0625,15,15,TATCTTAGGGTCTAGTGTCG,0,2383840
mglBp,0.0625,15,15,TATCGTCGGATCGGCACACT,0,2344049
mglBp,0.0625,15,15,TATCCACCGACAAATCTACA,0,2341054
mglBp,0.0625,15,15,TATCACTTTCGCTCCTACCA,0,2359473
mglBp,0.0625,15,15,TATCACAGTGTAGGATTACG,0,2417834
mglBp,0.0625,15,15,TATAAATACATTACTTCGTA,0,2364994
mglBp,0.0625,15,15,TAGGGCGTGCTCACTTCGCC,0,2352921
mglBp,0.0625,15,15,TAGGACCTCGCACTAATAGT,0,2332098
mglBp,0.0625,15,15,TAGCAGTATACCTCGATCAA,0,2336176
mglBp,0.0625,15,15,TAGCAGATGTATAAGGACTT,0,2370343
mglBp,0.0625,15,15,TAGCAGAAATGCCAGTGCCG,0,2335692
mglBp,0.0625,15,15,TAGACCCCGACCCGTTGATA,0,2350110
mglBp,0.0625,15,15,TACCTCGGGGTCCCGGAGGC,0,2361503
mglBp,0.0625,15,15,TACCTAGGGTAGAAGCTTTG,0,2412155
mglBp,0.0625,15,15,TACCTAAACAGTAAGCCCAT,0,2330711
mglBp,0.0625,15,15,TACCATATCGGTGACATTTA,0,2416817
mglBp,0.0625,15,15,TACAACGCAGGGTATTCGTC,0,2392933
mglBp,0.0625,15,15,TAATTGGACAGAGGAGGTTG,0,2418022
mglBp,0.0625,15,15,TAATACATCTGGACCTCGTG,0,2362083
mglBp,0.0625,15,15,TAATAATGTAATGCTCAGCC,0,2389457
mglBp,0.0625,15,15,TAATAAGCGTTGATGGTTAA,0,2322299
mglBp,0.0625,15,15,TAAGGTGATACTGCAATCGT,0,2403067
mglBp,0.0625,15,15,TAAGGGACTATTAACTTGTG,0,2357212
mglBp,0.0625,15,15,TAAGCCTCGGTTCTGGTTCA,0,2316888
mglBp,0.0625,15,15,TAAGAAATAAGTTAAAGGCG,0,2363899
mglBp,0.0625,15,15,TAACTTTTATTCGAGGTCAA,0,2409571
mglBp,0.0625,15,15,TAACTGTGAGAACGTATGCT,0,2376673
mglBp,0.0625,15,15,TAAAATCGGATCTACGCAAG,0,2389963
mglBp,0.0625,15,15,GTTGGATCAAAGGAGCTTAA,0,2405513
mglBp,0.0625,15,15,GTTGCGAGACATATATACAT,0,2324852
mglBp,0.0625,15,15,GTTGATGTGTGTTTTCTACT,0,2338596
mglBp,0.0625,15,15,GTTGAATTCGGGTTGACAGT,0,2390718
mglBp,0.0625,15,15,GTTCTGACTGCTACAGGGTG,0,2406842
mglBp,0.0625,15,15,GTTCCGTTGCCCCTTTTCTC,0,2406248
mglBp,0.0625,15,15,GTTATTATCAGAGAAAGATA,0,2412102
mglBp,0.0625,15,15,GTTATGTCCAATTTCCCCGT,0,2357104
mglBp,0.0625,15,15,GTTACTCAACACTCAGAGGT,0,2375530
mglBp,0.0625,15,15,GTTACCATCGGACTTTTCTG,0,2345585
mglBp,0.0625,15,15,GTGTTTGACTGTTCCGCCAG,0,2339386
mglBp,0.0625,15,15,GTGTGCACTCCCAAATGGGT,0,2343094
mglBp,0.0625,15,15,GTGTAAGTTGGTATCTTCTT,0,2417354
mglBp,0.0625,15,15,GTGGTAGGGGATCGGGAGGT,0,2368743
mglBp,0.0625,15,15,GTGGGAGACGAGACCTCTTG,0,2338534
mglBp,0.0625,15,15,GTGCCCTTACTGGCCCGCGC,0,2316927
mglBp,0.0625,15,15,GTGAGATACATCCTGTTGGT,0,2383556
mglBp,0.0625,15,15,GTGAGAAGAAGGCGCGACCC,0,2320978
mglBp,0.0625,15,15,GTCTTCCAAAAGGCTTGCTC,0,2318487
mglBp,0.0625,15,15,GTCTTAATTTCCGTGCGGAA,0,2401014
mglBp,0.0625,15,15,GTCTGAGTCACACTATCCAA,0,2347412
mglBp,0.0625,15,15,GTCCTCTATCGTCTGGCCAG,0,2387838
mglBp,0.0625,15,15,GTCCGATCCTTTCTAATTTA,0,2405168
mglBp,0.0625,15,15,GTCATCGTCAGTCTACGAAT,0,2395803
mglBp,0.0625,15,15,GTCACCCTGAGGTGCACTGA,0,2399377
mglBp,0.0625,15,15,GTATGAAACGGATTCACCAT,0,2397095
mglBp,0.0625,15,15,GTAGTGTTCATGCATTGCTG,0,2381223
mglBp,0.0625,15,15,GTAGATATTTAATACCTACA,0,2319696
mglBp,0.0625,15,15,GTAGAGCTACGGGAATTGTA,0,2352246
mglBp,0.0625,15,15,GTAGAATTACCACACAGGTT,0,2360268
mglBp,0.0625,15,15,GTACTATCTATGACCTCTTC,0,2370102
mglBp,0.0625,15,15,GTACCATCTTATAACCCTAC,0,2347615
mglBp,0.0625,15,15,GTAATGCAGGATTATGTTCA,0,2406161
mglBp,0.0625,15,15,GTAACTCGCAAGCTTGTAGT,0,2325793
mglBp,0.0625,15,15,GGTTTGCGCTATTAAAAGGT,0,2414479
mglBp,0.0625,15,15,GGTTCTGTGTGGGGCACAAT,0,2321864
mglBp,0.0625,15,15,GGTGTATCTGTAAGGGTCGG,0,2422711
mglBp,0.0625,15,15,GGTGGGATGGAACAGCCCAA,0,2321791
mglBp,0.0625,15,15,GGTGGGACATGGTACGACAG,0,2341378
mglBp,0.0625,15,15,GGTGCTTAACCGACGTTTTG,0,2317764
mglBp,0.0625,15,15,GGTCGTCAAATGCCGCCGCA,0,2340663
mglBp,0.0625,15,15,GGTCGATTCAAATCAAGCTT,0,2340895
mglBp,0.0625,15,15,GGTCATCAGCAGACTATCAT,0,2338468
mglBp,0.0625,15,15,GGTAATTTGTACTACCTACT,0,2358145
mglBp,0.0625,15,15,GGGTGCTGTCGCATCTGATG,0,2384204
mglBp,0.0625,15,15,GGGTATGAGAGTCGGTTATC,0,2325999
mglBp,0.0625,15,15,GGGGGTTAGAGCGATAGTTC,0,2373944
mglBp,0.0625,15,15,GGGGGAGTCAAATATGGTGT,0,2413879
mglBp,0.0625,15,15,GGGCTCGGTAGCCTCTGGTC,0,2342203
mglBp,0.0625,15,15,GGGCTATTCTCTTTTAATGA,0,2326855
mglBp,0.0625,15,15,GGGCGCATTAAACTTACCTT,0,2356569
mglBp,0.0625,15,15,GGGCGCAACACCAACTTCTT,0,2411061
mglBp,0.0625,15,15,GGGATGCAGGATGAATGGTT,0,2325076
mglBp,0.0625,15,15,GGGAGTTGGTGCTTCTGATT,0,2412492
mglBp,0.0625,15,15,GGGAGCGCGATGCCGGTGAG,0,2352339
mglBp,0.0625,15,15,GGGAATCACAGGATACTTCA,0,2372121
mglBp,0.0625,15,15,GGCTCCTGATAGTAGTCTGG,0,2385831
mglBp,0.0625,15,15,GGCGTCTCATGCAGCTCTCT,0,2369984
mglBp,0.0625,15,15,GGCGCGGAGCAGCGGTCCTG,0,2345962
mglBp,0.0625,15,15,GGCCCATTATTCAATTCCTA,0,2404114
mglBp,0.0625,15,15,GGCCCAGACTCCAAGTTTTT,0,2362816
mglBp,0.0625,15,15,GGCAGCAGAATTATTCGGAG,0,2412452
mglBp,0.0625,15,15,GGCACCATATGGGTGTTATT,0,2380166
mglBp,0.0625,15,15,GGATAGGATAACCATGCGGG,0,2321006
mglBp,0.0625,15,15,GGAGTGCACACAATCCAACA,0,2326570
mglBp,0.0625,15,15,GGAGGCGCGTTCATCAGTAT,0,2376755
mglBp,0.0625,15,15,GGACCTCTCTGGTAAAGATA,0,2320647
mglBp,0.0625,15,15,GGACCACGTACGTATTCTAT,0,2330237
mglBp,0.0625,15,15,GGACATACTTCATTAAGTTT,0,2336192
mglBp,0.0625,15,15,GCTTTCTTCACCCAACGTAG,0,2416868
mglBp,0.0625,15,15,GCTTGCCGATCCACCTTATC,0,2387330
mglBp,0.0625,15,15,GCTTGCAACGACAAATTCAC,0,2390401
mglBp,0.0625,15,15,GCTTATCGGGGGTGTACAAC,0,2419718
mglBp,0.0625,15,15,GCTGGTGCAACTGGTGGCTC,0,2348094
mglBp,0.0625,15,15,GCTGGGTATTGATGCGCTCT,0,2358490
mglBp,0.0625,15,15,GCTCGCTCAAAACCACAGAA,0,2359028
mglBp,0.0625,15,15,GCTCGCCTCTAGCTCGGCTA,0,2316618
mglBp,0.0625,15,15,GCTCCACCTCTGATCGGGGC,0,2407619
mglBp,0.0625,15,15,GCTAGGATGATGTATTTTAC,0,2374900
mglBp,0.0625,15,15,GCTAAACGTCAAAGCTTGGA,0,2348459
mglBp,0.0625,15,15,GCGGGACATTCTTTCGGGTT,0,2330266
mglBp,0.0625,15,15,GCGCTAGCGCGGGGTACAAT,0,2332577
mglBp,0.0625,15,15,GCGCCTCAAGGCCTCGACCT,0,2320832
mglBp,0.0625,15,15,GCGCCTATGGACCGTGTCTC,0,2399412
mglBp,0.0625,15,15,GCGCCCTAACTTGGTCCTTA,0,2390495
mglBp,0.0625,15,15,GCGATCCGATTAACTGGTAT,0,2340903
mglBp,0.0625,15,15,GCGAGAAATAGATTGTAGGC,0,2365143
mglBp,0.0625,15,15,GCCTTGCGTGTTTCGAGAGT,0,2332162
mglBp,0.0625,15,15,GCCGTCGAGGTACTCTCGGC,0,2341275
mglBp,0.0625,15,15,GCCGAGACTTCGCCATTTAG,0,2399768
mglBp,0.0625,15,15,GCCGACCCGTTGAACAAAAA,0,2347432
mglBp,0.0625,15,15,GCCGAATTCTTTAATGTCCA,0,2404915
mglBp,0.0625,15,15,GCCCCTAATAGGCAAGCCTA,0,2379699
mglBp,0.0625,15,15,GCCCCGATAAGGCTGTCGTT,0,2383529
mglBp,0.0625,15,15,GCATGTCTATACCTGTTAGT,0,2323557
mglBp,0.0625,15,15,GCATGAGGGAAGCGCTGAAA,0,2376699
mglBp,0.0625,15,15,GCATAGTAGACCCAAGTTGA,0,2402770
mglBp,0.0625,15,15,GCAGTTAGCCCGGCTCGCAA,0,2366185
mglBp,0.0625,15,15,GCAGGATATTTGCAATCATC,0,2407756
mglBp,0.0625,15,15,GCAAGGGGCATACTTCTCAT,0,2380378
mglBp,0.0625,15,15,GCAACGAGCCGGAATGTGAT,0,2333353
mglBp,0.0625,15,15,GATTGGGAGTCGCCTGGAGA,0,2329758
mglBp,0.0625,15,15,GATGGCCAGGTAGACACTGC,0,2392663
mglBp,0.0625,15,15,GATCTGCTTTTGTCCTTGGA,0,2364950
mglBp,0.0625,15,15,GATCGCGGGGGAGCGTTTCC,0,2358907
mglBp,0.0625,15,15,GATCACCACGCAGAACGGGA,0,2356029
mglBp,0.0625,15,15,GATAGTTATATACTTTATTT,0,2367136
mglBp,0.0625,15,15,GATAGACGGCCGTCTGCTTA,0,2355855
mglBp,0.0625,15,15,GATAGACAGAACAGCGCAAG,0,2352166
mglBp,0.0625,15,15,GATACTCTTGATATCCTCGT,0,2366236
mglBp,0.0625,15,15,GAGTTGTCAGGGACCAGCGG,0,2392991
mglBp,0.0625,15,15,GAGTCCCACCTAGGAGGTAG,0,2356039
mglBp,0.0625,15,15,GAGGTGTTTAGCGCTTAGGT,0,2318360
mglBp,0.0625,15,15,GAGCGTCGGATCATGTCCAT,0,2324332
mglBp,0.0625,15,15,GAGCCGTTCAGGTGTGGTGT,0,2359029
mglBp,0.0625,15,15,GAGATTAAAGGATGAAGGTA,0,2373188
mglBp,0.0625,15,15,GAGAAGGTTTGCGGTTCCGG,0,2316691
mglBp,0.0625,15,15,GACGGGCATGTGCATGGGGT,0,2323112
mglBp,0.0625,15,15,GACAACCCGCCCTTAGCCTA,0,2370420
mglBp,0.0625,15,15,GACAAAAACGGGGCAAAATA,0,2371932
mglBp,0.0625,15,15,GAATTTGGCGCAAGGCGCTA,0,2373347
mglBp,0.0625,15,15,GAATGTCCCCCAACAGGTCC,0,2334329
mglBp,0.0625,15,15,GAATCATATGTGGTTGCGGG,0,2319014
mglBp,0.0625,15,15,GAAGTCCGGCTCTTAGGAGC,0,2346282
mglBp,0.0625,15,15,GAAGATGTCTGCGGGGCCAA,0,2321752
mglBp,0.0625,15,15,GAACTAACGGTTAGTGTTCC,0,2369874
mglBp,0.0625,15,15,GAACGTGCTGTTCAAGGTTT,0,2376970
mglBp,0.0625,15,15,CTTGATTAGGATTTCATTAA,0,2343826
mglBp,0.0625,15,15,CTTCGGAGCATTCTGGGGGC,0,2316419
mglBp,0.0625,15,15,CTTCCGATGTACTATCATAT,0,2386788
mglBp,0.0625,15,15,CTTACCACTAACAGATATCT,0,2360577
mglBp,0.0625,15,15,CTTACAAGTAGGAGACCTAG,0,2387319
mglBp,0.0625,15,15,CTGTTTCGGAGCACTCTCGC,0,2396249
mglBp,0.0625,15,15,CTGTGTACGTATGGTTCACG,0,2361136
mglBp,0.0625,15,15,CTGTGGTGGAGAGGTGCGAT,0,2380256
mglBp,0.0625,15,15,CTGTCGGCCAGTACAGAGCA,0,2337610
mglBp,0.0625,15,15,CTGGTTGGTAAAATCACCTT,0,2344837
mglBp,0.0625,15,15,CTGGTAAATTCGAAGTTCGA,0,2369768
mglBp,0.0625,15,15,CTGGGGGTAAGGACCTTAAA,0,2352065
mglBp,0.0625,15,15,CTGCTCCACCGGATAATATA,0,2361306
mglBp,0.0625,15,15,CTCTTCCTTTCCAATAATGT,0,2413924
mglBp,0.0625,15,15,CTCTCTGAAATTTCTAATCA,0,2360332
mglBp,0.0625,15,15,CTCTACGCTTCCTCGTGTTG,0,2337962
mglBp,0.0625,15,15,CTCGTTTTTCGTTATTACGT,0,2373891
mglBp,0.0625,15,15,CTCGTTCAAAACGGGAAGCC,0,2411238
mglBp,0.0625,15,15,CTCGGGTAACTGAAAGGTAG,0,2396418
mglBp,0.0625,15,15,CTCGGCAGAAGAAAACGAGC,0,2340999
mglBp,0.0625,15,15,CTCGCTTGCAGGATTTTCAA,0,2377462
mglBp,0.0625,15,15,CTCGCAAAGAGAGGGGTCGC,0,2373371
mglBp,0.0625,15,15,CTCCTCGCCTCACCGCGTAG,0,2366675
mglBp,0.0625,15,15,CTCCGAAAGATGGACTCCCA,0,2360255
mglBp,0.0625,15,15,CTCCCTTAACTCCGTATACA,0,2376783
mglBp,0.0625,15,15,CTCCATTGCGGATGCGACGT,0,2414551
mglBp,0.0625,15,15,CTCATTTAGCCGTCTAACTT,0,2328328
mglBp,0.0625,15,15,CTCATTGCACGCGCCACAAT,0,2343002
mglBp,0.0625,15,15,CTCATAGGTCGAAACACATG,0,2411200
mglBp,0.0625,15,15,CTCACTCGCGCTGTTGTTAG,0,2398249
mglBp,0.0625,15,15,CTAGTCCTTGAGCACAGTAC,0,2409239
mglBp,0.0625,15,15,CTAGGCAGCCGTTAACGTTT,0,2332862
mglBp,0.0625,15,15,CTACTCGATGTTTAATGTAG,0,2421711
mglBp,0.0625,15,15,CTACGCTACATATGCCGGCA,0,2395639
mglBp,0.0625,15,15,CTAACGCGAGTGTCGCGTAT,0,2392432
mglBp,0.0625,15,15,CTAAACGTTCCGGGGCAGAA,0,2349732
mglBp,0.0625,15,15,CTAAACCCTGGCCCGAGATT,0,2401008
mglBp,0.0625,15,15,CGTTCTGGAGCGGTTTCCAT,0,2400522
mglBp,0.0625,15,15,CGTTCCGGCATATCACTCTG,0,2348784
mglBp,0.0625,15,15,CGTGTTGCCTTACTCTTGCA,0,2415705
mglBp,0.0625,15,15,CGTGTAACCACAAGATGCTG,0,2422717
mglBp,0.0625,15,15,CGTGATAGGCAGGCGGGCCA,0,2343460
mglBp,0.0625,15,15,CGTCAACTGATGACACCCAA,0,2365466
mglBp,0.0625,15,15,CGTACTCAAGGGTCTGACAT,0,2410545
mglBp,0.0625,15,15,CGTACCTACACGGGTCTTGT,0,2349274
mglBp,0.0625,15,15,CGGTTAGGCCTATCTTCTAT,0,2398017
mglBp,0.0625,15,15,CGGTGCGCCAATCACAAAAC,0,2387982
mglBp,0.0625,15,15,CGGTGACGGACTTAATCCGT,0,2384044
mglBp,0.0625,15,15,CGGTCCGTATTCCTGGCTTG,0,2418995
mglBp,0.0625,15,15,CGGTATATCCTTCCGTCAAT,0,2333143
mglBp,0.0625,15,15,CGGGTCCCAGCAGGCTATGT,0,2323678
mglBp,0.0625,15,15,CGGGGCGCATTCTGCTCTTG,0,2373780
mglBp,0.0625,15,15,CGGGGCCAGCCGGATCTTAG,0,2408487
mglBp,0.0625,15,15,CGGGCTGTGGTCCAGCCACA,0,2360121
mglBp,0.0625,15,15,CGGGACGAGTGCTGGCCAAA,0,2361060
mglBp,0.0625,15,15,CGGCGGGAAGCTCATCATCG,0,2323918
mglBp,0.0625,15,15,CGGCGATCCGTTCCGCTTAC,0,2379047
mglBp,0.0625,15,15,CGGACCCGGTTACACCGCGC,0,2412416
mglBp,0.0625,15,15,CGCTTAATCGATAAGGGACT,0,2321037
mglBp,0.0625,15,15,CGCTCGACTGCGTGGAAGGG,0,2330394
mglBp,0.0625,15,15,CGAGTTTTGGCTCTCATATA,0,2390765
mglBp,0.0625,15,15,CGAGGAACGAGACAGAGAGG,0,2387407
mglBp,0.0625,15,15,CGAGCTCCTAACCCCATTCG,0,2325508
mglBp,0.0625,15,15,CGAGACTCTTTAAGGCGGAG,0,2348283
mglBp,0.0625,15,15,CGAAGTGGGCCTATTAGAGT,0,2344783
mglBp,0.0625,15,15,CGAAGTACACGTTGAGGACA,0,2373975
mglBp,0.0625,15,15,CGAACGGTAAGGTTCCTTCG,0,2338890
mglBp,0.0625,15,15,CCTTTCCTGTAACGGTCATT,0,2347902
mglBp,0.0625,15,15,CCTTGTCAGTAGTTCGCCGC,0,2338588
mglBp,0.0625,15,15,CCTTGGTTCTAGACGTCACT,0,2341011
mglBp,0.0625,15,15,CCTGGTGACCATTTACGTAC,0,2362573
mglBp,0.0625,15,15,CCTGGGCTCCCACAGACAAC,0,2408674
mglBp,0.0625,15,15,CCTGGCTCTTGTCTATAAGG,0,2368445
mglBp,0.0625,15,15,CCTCGACTTCCTTGCTATGG,0,2382564
mglBp,0.0625,15,15,CCGGGAGCTGGTCTCACGAG,0,2350176
mglBp,0.0625,15,15,CCGGATAGAGCTTGGCGTAT,0,2374706
mglBp,0.0625,15,15,CCGGACTTAACGAGGCCGTT,0,2393613
mglBp,0.0625,15,15,CCGCGGTGTGTTGTACCAAC,0,2405735
mglBp,0.0625,15,15,CCGCCAGCTATTTAATCTCG,0,2392097
mglBp,0.0625,15,15,CCGCCACGCGGGCTGGGGGT,0,2417641
mglBp,0.0625,15,15,CCGCATTGCGGATTAGGTTC,0,2325038
mglBp,0.0625,15,15,CCCTAATTTCCAAGTAGCGC,0,2379488
mglBp,0.0625,15,15,CCCGTTGTTCAGAATCTCCA,0,2422925
mglBp,0.0625,15,15,CCCGGGCCGGCGCGTCACGG,0,2333954
mglBp,0.0625,15,15,CCCCCTAAGAAATAAAACAT,0,2339091
mglBp,0.0625,15,15,CCCCCATGCAAGCAGGAACT,0,2361300
mglBp,0.0625,15,15,CCCATCTCGCGGAATGTTTA,0,2321756
mglBp,0.0625,15,15,CCCAGCAGGCGTTACAGTTT,0,2372212
mglBp,0.0625,15,15,CCCAAGCATGCCCCCCCTGT,0,2364853
mglBp,0.0625,15,15,CCCAACAATGCGGCATGTGG,0,2338277
mglBp,0.0625,15,15,CCATTGCACAAAGTACATCA,0,2400005
mglBp,0.0625,15,15,CCATGCGGTCAGATACCATG,0,2320099
mglBp,0.0625,15,15,CCATGAAAGAGACCGTCTCA,0,2405756
mglBp,0.0625,15,15,CCATCAACGGCGGATTTCGT,0,2414835
mglBp,0.0625,15,15,CCATAGGCTGTCTACTGGGA,0,2419684
mglBp,0.0625,15,15,CCATAACAACGCCCAGTCAC,0,2391320
mglBp,0.0625,15,15,CCAGTGTGGGTGTGTCTATA,0,2326343
mglBp,0.0625,15,15,CCAGCTCTTTTTGTGTATAA,0,2353154
mglBp,0.0625,15,15,CCAGCACGAGTGAATCTAGA,0,2405584
mglBp,0.0625,15,15,CCAGCACCGAGATTCTTGGT,0,2398174
mglBp,0.0625,15,15,CCAGAATCGACAGAAACCAC,0,2386854
mglBp,0.0625,15,15,CCACCCTGATATCAAACAAC,0,2364224
mglBp,0.0625,15,15,CCAATCGGTCCGCACGTGAT,0,2357264
mglBp,0.0625,15,15,CCAACCTTACAATTGCAATG,0,2383331
mglBp,0.0625,15,15,CCAACAGATCCCGCAGCCCC,0,2361050
mglBp,0.0625,15,15,CCAAATGACTACTGGAGAGC,0,2409636
mglBp,0.0625,15,15,CATGCATCGCGATTACAATA,0,2360399
mglBp,0.0625,15,15,CATCGTCCCATCTCATACAT,0,2366577
mglBp,0.0625,15,15,CATCGTACTCTAAGTCACCT,0,2338848
mglBp,0.0625,15,15,CATCGGGGGCGATTCGGGGT,0,2328215
mglBp,0.0625,15,15,CATCCTAACGATAATCATGG,0,2340896
mglBp,0.0625,15,15,CATATCATTAAGAATAAATC,0,2320399
mglBp,0.0625,15,15,CATACTTGAGGCCCAACCAA,0,2413856
mglBp,0.0625,15,15,CATACCCCGAACCGGGAACT,0,2334178
mglBp,0.0625,15,15,CATACACCATGGGCGGGTGT,0,2362675
mglBp,0.0625,15,15,CATAACCAGTAGAGCGGCAA,0,2407990
mglBp,0.0625,15,15,CAGTTTATCCACGATACCCC,0,2362565
mglBp,0.0625,15,15,CAGTTGGGCCAAAGTATCGG,0,2372688
mglBp,0.0625,15,15,CAGTATTCTGTGGCACAGGG,0,2334661
mglBp,0.0625,15,15,CAGTAGACTGTTGTCGCATC,0,2367909
mglBp,0.0625,15,15,CAGGGATTACATCAGATTTA,0,2368588
mglBp,0.0625,15,15,CAGGCGGGGCGGCACCTGAC,0,2409363
mglBp,0.0625,15,15,CAGCTGCGACGTCCTCACCT,0,2395530
mglBp,0.0625,15,15,CAGCCCTTTATACTTGGACA,0,2377594
mglBp,0.0625,15,15,CAGAGTGCCTGCGCTGGTAG,0,2401989
mglBp,0.0625,15,15,CAGAGACAACCGCCTCATAA,0,2342910
mglBp,0.0625,15,15,CACTTAGGACGGCTCTTGAT,0,2328379
mglBp,0.0625,15,15,CACTGCGCAGCGGGATGAGT,0,2423102
mglBp,0.0625,15,15,CACTCGCGCGATCGAAGCCT,0,2345447
mglBp,0.0625,15,15,CACTACACTATCTGATATCG,0,2338498
mglBp,0.0625,15,15,CACGACATTGACCTTCCCTA,0,2379079
mglBp,0.0625,15,15,CAATGCGGTGGCATCTTTTG,0,2331617
mglBp,0.0625,15,15,CAATCGGTCCACGGCAACTC,0,2347852
mglBp,0.0625,15,15,CAAGGGAGGATGTTATTTGC,0,2408322
mglBp,0.0625,15,15,CAACTTTCCAGTTTGCATCC,0,2353646
mglBp,0.0625,15,15,CAACACATCAATACCGCAGA,0,2342620
mglBp,0.0625,15,15,CAAATGGCACAGGGGTTACG,0,2396124
mglBp,0.0625,15,15,CAAACAAGGATAACCTGGAT,0,2376275
mglBp,0.0625,15,15,CAAAATTGCTACGGGCATGC,0,2351856
mglBp,0.0625,15,15,ATTTTGGCTAGAAGTGGAAC,0,2412942
mglBp,0.0625,15,15,ATTTTGGAGTAGACGATGAT,0,2417756
mglBp,0.0625,15,15,ATTTGGGCTCTAGTTGTAAA,0,2418965
mglBp,0.0625,15,15,ATTTGGAGCCTAACGCCGTT,0,2411363
mglBp,0.0625,15,15,ATTTGACATTCAGTCGAGAG,0,2348714
mglBp,0.0625,15,15,ATTGTCCAGTTACGTCTAAA,0,2398683
mglBp,0.0625,15,15,ATTGGATGCTGCGCACTTTG,0,2330941
mglBp,0.0625,15,15,ATTCCAGCTGCGGTGAAGAT,0,2347249
mglBp,0.0625,15,15,ATTCATAGTCGGGTCTAAAC,0,2352395
mglBp,0.0625,15,15,ATTATTATACCTACTCAAAC,0,2352208
mglBp,0.0625,15,15,ATTATATGTGCATCGTACGT,0,2345102
mglBp,0.0625,15,15,ATTACGGCATGCCTTATATG,0,2358457
mglBp,0.0625,15,15,ATGTGGTACGCCCAGGTTAT,0,2410521
mglBp,0.0625,15,15,ATGGGCTGTCTACGCCGCCC,0,2339490
mglBp,0.0625,15,15,ATGGCAACCCCTCCCTAGCC,0,2343172
mglBp,0.0625,15,15,ATGCGTGGCAATACATGAAT,0,2362880
mglBp,0.0625,15,15,ATGCGATCTGTTTTGTCAGG,0,2340664
mglBp,0.0625,15,15,ATGCCTATTACCACCATGTA,0,2397184
mglBp,0.0625,15,15,ATGCAGGCGACAGTGGTCCA,0,2352865
mglBp,0.0625,15,15,ATGATACCGCCCCGTCATGT,0,2410332
mglBp,0.0625,15,15,ATGACTTTTAGGTGCAAAAA,0,2353322
mglBp,0.0625,15,15,ATGACTCCGTGCAAAATTTG,0,2409880
mglBp,0.0625,15,15,ATCTTAATGGTGTATATATC,0,2356365
mglBp,0.0625,15,15,ATCTGAGCCGCAAAGTACTA,0,2332463
mglBp,0.0625,15,15,ATCTCAGCGGCTAAAATAGA,0,2416686
mglBp,0.0625,15,15,ATCGCGACGTGGGCGCTGTA,0,2357151
mglBp,0.0625,15,15,ATCGCCCTTGTATCCCACGG,0,2317242
mglBp,0.0625,15,15,ATCCTTCGAACTGTAAGACT,0,2384581
mglBp,0.0625,15,15,ATCCGCCCTGGTAATTCAGA,0,2388038
mglBp,0.0625,15,15,ATCCGAGGTGTAAAATTGGT,0,2384011
mglBp,0.0625,15,15,ATCCACGGCGAGCTGATCTT,0,2417692
mglBp,0.0625,15,15,ATATGGAGTGGCTCCTGGAG,0,2342545
mglBp,0.0625,15,15,ATATGCGTATGCTGTGATTG,0,2398640
mglBp,0.0625,15,15,ATATGAAGGAATTGGCTGAG,0,2338616
mglBp,0.0625,15,15,ATAGTACTCGTTCGCCAAAT,0,2325091
mglBp,0.0625,15,15,ATAGGTTAAGGATGACATTT,0,2401572
mglBp,0.0625,15,15,ATAGCACTCCGCAGGCATAT,0,2389530
mglBp,0.0625,15,15,ATACGGGTACAACTCCTCCC,0,2338010
mglBp,0.0625,15,15,ATAATGATATGGTCCGAGTC,0,2348348
mglBp,0.0625,15,15,ATAAGCCCGCCGTCCCCTTG,0,2402289
mglBp,0.0625,15,15,AGTTTGACATGGCATACTAG,0,2392242
mglBp,0.0625,15,15,AGTTGGCATCCACCAACGTG,0,2353606
mglBp,0.0625,15,15,AGTTCCGAGTCCACCCAATT,0,2346159
mglBp,0.0625,15,15,AGTTATTTAGCGGTGCTCCA,0,2416774
mglBp,0.0625,15,15,AGTGGCCTGAGGTAGGGGAA,0,2352076
mglBp,0.0625,15,15,AGTGCTTATTGGGGATTGTG,0,2345228
mglBp,0.0625,15,15,AGTGCGTCCGCAAACGACCA,0,2409743
mglBp,0.0625,15,15,AGTGCGAACTTAATTATATG,0,2323764
mglBp,0.0625,15,15,AGTCCATTTGGAGGGGACAG,0,2393524
mglBp,0.0625,15,15,AGTCCATGCCATGATAGGGT,0,2392055
mglBp,0.0625,15,15,AGTCAAGCATAAAGTTATTG,0,2392775
mglBp,0.0625,15,15,AGTATTACTTTTTGTATAGT,0,2340930
mglBp,0.0625,15,15,AGTATCCCTAGGACTGATGC,0,2396587
mglBp,0.0625,15,15,AGTAAAGAGTAATGTTCCAA,0,2376779
mglBp,0.0625,15,15,AGGTGTTGCACTAAGCTTGG,0,2334217
mglBp,0.0625,15,15,AGGTCAATGCGCGCACCTTA,0,2337916
mglBp,0.0625,15,15,AGGGCAACAACACCCTTGCA,0,2412212
mglBp,0.0625,15,15,AGGCGCACATCCGGGCGCAA,0,2398731
mglBp,0.0625,15,15,AGGCGACGTATCCGGTCCGC,0,2363344
mglBp,0.0625,15,15,AGGCCGTGTAGTTTGGGAAG,0,2388776
mglBp,0.0625,15,15,AGGCATTTGAACTTGGTCAA,0,2322428
mglBp,0.0625,15,15,AGCTTTGAGATAATGATTGT,0,2317804
mglBp,0.0625,15,15,AGCGAACTGTTTGTATGTAG,0,2337779
mglBp,0.0625,15,15,AGCCCACCTACTGCTCGCAA,0,2341235
mglBp,0.0625,15,15,AGCATGTCAACCGCCGCACA,0,2354645
mglBp,0.0625,15,15,AGCAGACGTGGTTCCGCTAA,0,2406174
mglBp,0.0625,15,15,AGCAAATGTATCCTTTGCGC,0,2410095
mglBp,0.0625,15,15,AGATGCTAGTTTCGACGGAT,0,2375954
mglBp,0.0625,15,15,AGAGGCCGAAAGTTGGCAGG,0,2383001
mglBp,0.0625,15,15,AGAGGAAACCCGGGGAAAGC,0,2390595
mglBp,0.0625,15,15,AGAGCTGCAACTACGCGTAG,0,2343753
mglBp,0.0625,15,15,AGACTCATTAGGGAACCTAT,0,2342277
mglBp,0.0625,15,15,AGACATAGATCTTAGGCCTT,0,2410744
mglBp,0.0625,15,15,AGACACCTGAAAATTGCCAG,0,2376060
mglBp,0.0625,15,15,AGAATTGGTGGTACAAGCTC,0,2357307
mglBp,0.0625,15,15,AGAAGCAGTCAGGGGGGATC,0,2360587
mglBp,0.0625,15,15,AGAAAGTTCGTCTATCGATA,0,2374256
mglBp,0.0625,15,15,AGAAACGTCTGGGGTATCGT,0,2369699
mglBp,0.0625,15,15,ACTGAGCATACTGCTATAAT,0,2381403
mglBp,0.0625,15,15,ACTCTCCGGCCCGGTCTTTA,0,2347869
mglBp,0.0625,15,15,ACTCGTTAAAGCGAACTCTC,0,2381857
mglBp,0.0625,15,15,ACTCGGGCTGCGGTACGGGT,0,2370540
mglBp,0.0625,15,15,ACTCGGCATCACCGTGACCG,0,2363877
mglBp,0.0625,15,15,ACTCCATTCTCCGCTCTAAC,0,2329725
mglBp,0.0625,15,15,ACTCAGGGTGAGCTGTTGTA,0,2376264
mglBp,0.0625,15,15,ACTCAGCCTACTGCGGGGGG,0,2366146
mglBp,0.0625,15,15,ACTCAGCACCTGAGGCTGCG,0,2378169
mglBp,0.0625,15,15,ACTCAAGGTAGAGGCCATCC,0,2359331
mglBp,0.0625,15,15,ACTACATCAAATACCAATCT,0,2337008
mglBp,0.0625,15,15,ACGTTACAAAAACCCTTACA,0,2408181
mglBp,0.0625,15,15,ACGGTGATGATCCTAGGGCT,0,2331378
mglBp,0.0625,15,15,ACGGGCGCTCAACCAGAGCT,0,2414837
mglBp,0.0625,15,15,ACGGGCGAGGTATTGACTAA,0,2396880
mglBp,0.0625,15,15,ACGGGATTGAGGTAATCCAA,0,2335199
mglBp,0.0625,15,15,ACGGAGTTGGTCAGTGATCT,0,2395700
mglBp,0.0625,15,15,ACGGAGAATCACGGGTAAAG,0,2394454
mglBp,0.0625,15,15,ACGGACCCTGACACGTGTAT,0,2392875
mglBp,0.0625,15,15,ACGCGCGAAATGATGGTGTC,0,2369489
mglBp,0.0625,15,15,ACGCGATGGGACTGGTATGC,0,2415610
mglBp,0.0625,15,15,ACGCCTGTACGAAAAATTAT,0,2387993
mglBp,0.0625,15,15,ACGATTCCGGGCAAGAGACT,0,2342935
mglBp,0.0625,15,15,ACGAGTAATGGATTTGGGTC,0,2379197
mglBp,0.0625,15,15,ACGACACAAGTCTATGAATC,0,2341416
mglBp,0.0625,15,15,ACCTTTTGTTCCGCAGGGGA,0,2324277
mglBp,0.0625,15,15,ACCTCTCTGGCTCCTGTTAA,0,2390002
mglBp,0.0625,15,15,ACCTAGAACGTGTCTGCCAA,0,2355459
mglBp,0.0625,15,15,ACCGTCCTACAGGTCGGCAG,0,2386729
mglBp,0.0625,15,15,ACCCGTTACCGTAGGTTCTT,0,2333099
mglBp,0.0625,15,15,ACCATATTATACATCGCGAC,0,2400413
mglBp,0.0625,15,15,ACCACTAAGAACGTCCACTT,0,2400080
mglBp,0.0625,15,15,ACATCTGCCTTTAGGGGCCA,0,2339502
mglBp,0.0625,15,15,ACATCGTTTGATCCCACTTT,0,2346280
mglBp,0.0625,15,15,ACAGCGATTAATAACAGTGC,0,2317142
mglBp,0.0625,15,15,ACAGATTGCTTCACATGCGC,0,2365270
mglBp,0.0625,15,15,ACAGAAGCGGCCACGGCAGA,0,2367334
mglBp,0.0625,15,15,ACACTGGCTCGTCCAAAGAC,0,2410394
mglBp,0.0625,15,15,ACACCCAACTCGCAAGAATA,0,2370434
mglBp,0.0625,15,15,ACACAGGGTATGCGTGTGGT,0,2341056
mglBp,0.0625,15,15,ACAATCGAGGTCAAACGGTG,0,2367649
mglBp,0.0625,15,15,AATTTCCAAGTTGTCTAGGA,0,2387227
mglBp,0.0625,15,15,AATTGATGCGATAGGAACCT,0,2353824
mglBp,0.0625,15,15,AATGTTTTTTTCTGTGAGTC,0,2367898
mglBp,0.0625,15,15,AATCTCGTATTGCTTGAGGA,0,2397037
mglBp,0.0625,15,15,AATCTATAGACGCATTAACA,0,2416692
mglBp,0.0625,15,15,AATCGTAAAAAAAACAGCGG,0,2358366
mglBp,0.0625,15,15,AATCGAGGTTTGGTTTAGCG,0,2390786
mglBp,0.0625,15,15,AATATTTCAAATCTGAATCG,0,2327423
mglBp,0.0625,15,15,AATACAAGCCGGTTGCACCT,0,2400382
mglBp,0.0625,15,15,AAGTTAGTGCACGACTAAGT,0,2387326
mglBp,0.0625,15,15,AAGTCTAGCCTTCGGGCGTT,0,2396182
mglBp,0.0625,15,15,AAGTACAATTCAAGTCCAAA,0,2356370
mglBp,0.0625,15,15,AAGGTACTTCAAGTGACATC,0,2331657
mglBp,0.0625,15,15,AAGGACGGAGCGTGTGTTAT,0,2392179
mglBp,0.0625,15,15,AAGGACGAGGACTTACTATT,0,2317762
mglBp,0.0625,15,15,AAGCTTTGTTCCGGGTCCTC,0,2388069
mglBp,0.0625,15,15,AAGATGTGAAGAAGAGCACT,0,2353831
mglBp,0.0625,15,15,AAGATGGCTGATTCTTAAAG,0,2322786
mglBp,0.0625,15,15,AAGATCATTAGGTTCACCAG,0,2414139
mglBp,0.0625,15,15,AAGAGACACCTTAAAGAAGA,0,2364010
mglBp,0.0625,15,15,AAGAGAAGAATAGTCCGGGT,0,2366824
mglBp,0.0625,15,15,AAGAAACACACGCTGAGTCA,0,2391526
mglBp,0.0625,15,15,AACTTTGGTGGCGATACATC,0,2365403
mglBp,0.0625,15,15,AACTCTAAGGTCCGATGAGG,0,2364851
mglBp,0.0625,15,15,AACTATATTGGGATCGTAAC,0,2412192
mglBp,0.0625,15,15,AACGCTTATACAGTCTGGAC,0,2383560
mglBp,0.0625,15,15,AACGCGGAAATGAGATGGCG,0,2333819
mglBp,0.0625,15,15,AACGAGTCAAGCGGGCAAAT,0,2414281
mglBp,0.0625,15,15,AACCGTTATATAACCGTTGC,0,2358800
mglBp,0.0625,15,15,AACAGAGAGGTGGCCCTTAC,0,2414017
mglBp,0.0625,15,15,AACACATTTATTTTTGGATA,0,2411155
mglBp,0.0625,15,15,AAATGCGGGTGTACCTATTA,0,2373589
mglBp,0.0625,15,15,AAATATCTCCCTCCTGAAGC,0,2422601
mglBp,0.0625,15,15,AAAGTGTGCAACGGCGCTAG,0,2346823
mglBp,0.0625,15,15,AAAGGTGGCACGGACGGTGC,0,2356005
mglBp,0.0625,15,15,AAAGAGTGATTACTCACAGA,0,2355610
mglBp,0.0625,15,15,AAACTGCTCAGCCATTCTTA,0,2396387
mglBp,0.0625,15,15,AAACTCTCGGAGCGACAGTC,0,2383682
mglBp,0.0625,15,15,AAACCATCGTAGCCCCAGGT,0,2338314
mglBp,0.0625,15,15,AAAATACGAATATGGGTAAT,0,2423339
mglBp,0.0625,15,15,AAAAGGGTAGGGGCCGAAAG,0,2331542
mglBp,0.06666666666666667,14,14,TTTTTATCGCTTACTGTCTG,0,2340551
mglBp,0.06666666666666667,14,14,TTTTTACGACAGCAGGTAGA,0,2383254
mglBp,0.06666666666666667,14,14,TTTTGGTGGTACCTCTCATC,0,2335893
mglBp,0.06666666666666667,14,14,TTTTGGTGGGTTGGTCTCTA,0,2350497
mglBp,0.06666666666666667,14,14,TTTTCTCAACGGGATGTATG,0,2371093
mglBp,0.06666666666666667,14,14,TTTGTGCCCTAGGTCACCAT,0,2327051
mglBp,0.06666666666666667,14,14,TTTGGATCAGGAGTGGGCGG,0,2346350
mglBp,0.06666666666666667,14,14,TTTGCGTGTTCCTGGGTGTG,0,2415903
mglBp,0.06666666666666667,14,14,TTTCGCTTTAAAGAATTCAA,0,2406734
mglBp,0.06666666666666667,14,14,TTTCCGTGCTTCCTATTGGC,0,2350575
mglBp,0.06666666666666667,14,14,TTTCCCTCAGCTTAGGATTT,0,2405776
mglBp,0.06666666666666667,14,14,TTGTTACCGCTTGTCGAAGG,0,2323773
mglBp,0.06666666666666667,14,14,TTGTGAGCGTCTGGGGTAGT,0,2378242
mglBp,0.06666666666666667,14,14,TTGTGACTGTCTGTCAACAT,0,2375635
mglBp,0.06666666666666667,14,14,TTGTATATAGACTTAAACAT,0,2392707
mglBp,0.06666666666666667,14,14,TTGTAAGATGCGATTTTCGG,0,2396359
mglBp,0.06666666666666667,14,14,TTGGGTTGACCTTGTCATCA,0,2365281
mglBp,0.06666666666666667,14,14,TTGGGGATGTATCTGAAGCT,0,2383690
mglBp,0.06666666666666667,14,14,TTGGCTTTGTTTTAGAAAGT,0,2365893
mglBp,0.06666666666666667,14,14,TTGGCTTCACTATACGATCT,0,2363731
mglBp,0.06666666666666667,14,14,TTGCGACTTCGAGATGGCGA,0,2319053
mglBp,0.06666666666666667,14,14,TTGCACGGCGTTACGCAACC,0,2366943
mglBp,0.06666666666666667,14,14,TTGACCTGTAACTTTTAAAA,0,2387134
mglBp,0.06666666666666667,14,14,TTGAAAGTAATCGCACCAAG,0,2368279
mglBp,0.06666666666666667,14,14,TTCTCGCAGGCGCCTGAATG,0,2346712
mglBp,0.06666666666666667,14,14,TTCTATGCCTTTGTCTCTCT,0,2384127
mglBp,0.06666666666666667,14,14,TTCTACAACCAGTGGCCGTG,0,2411717
mglBp,0.06666666666666667,14,14,TTCGTCATGAGCGCCTCTGG,0,2392346
mglBp,0.06666666666666667,14,14,TTCGGGTCCATAGCCACATT,0,2333471
mglBp,0.06666666666666667,14,14,TTCGCAGCGAAAAGGACGGG,0,2401594
mglBp,0.06666666666666667,14,14,TTCGCAGACGGTTCGCGCTG,0,2350416
mglBp,0.06666666666666667,14,14,TTCGATTCAACCGGCAATCT,0,2331321
mglBp,0.06666666666666667,14,14,TTCATTGGGTCTTTATAGTA,0,2372395
mglBp,0.06666666666666667,14,14,TTCATGCTTGTCGTTAGTGG,0,2352215
mglBp,0.06666666666666667,14,14,TTCAGGTCTCACAGACGTTT,0,2397542
mglBp,0.06666666666666667,14,14,TTCAGGCAGGCCCGACATAT,0,2373559
mglBp,0.06666666666666667,14,14,TTCAGACATGCGCTGCATAG,0,2376166
mglBp,0.06666666666666667,14,14,TTCAATTGTGCGCGTTATGC,0,2407966
mglBp,0.06666666666666667,14,14,TTATTTGCGTTCACCTTTGT,0,2384781
mglBp,0.06666666666666667,14,14,TTATAGTAATTGAAAGTCTG,0,2377914
mglBp,0.06666666666666667,14,14,TTAGTGTCTCTCTCACATAG,0,2318489
mglBp,0.06666666666666667,14,14,TTAGATTAGTACGACGAGAG,0,2336900
mglBp,0.06666666666666667,14,14,TTAGACATTGGACCCCCGGG,0,2366815
mglBp,0.06666666666666667,14,14,TTACGCTTCAGACAGGTGAG,0,2343672
mglBp,0.06666666666666667,14,14,TTACCCAAAATGACTTTGCG,0,2353661
mglBp,0.06666666666666667,14,14,TTACAGTGCCCGGGTGATGA,0,2417363
mglBp,0.06666666666666667,14,14,TTAATTTGGAAGAGTGCAAT,0,2339304
mglBp,0.06666666666666667,14,14,TTAATGTAGTCTGTACAAGA,0,2342820
mglBp,0.06666666666666667,14,14,TTAATCGTTATCCAAGTCGT,0,2316688
mglBp,0.06666666666666667,14,14,TTAACGACGGTAGACGATTA,0,2349155
mglBp,0.06666666666666667,14,14,TGTTTGTGCAAGACCAGATA,0,2370208
mglBp,0.06666666666666667,14,14,TGTTCGCCAGGCACGCTAGA,0,2401926
mglBp,0.06666666666666667,14,14,TGTGCAGACAGTGGAGCTCT,0,2359514
mglBp,0.06666666666666667,14,14,TGTGACTAATTACTCTAGAT,0,2421857
mglBp,0.06666666666666667,14,14,TGTGAACTGAGCTCAGGGCT,0,2395385
mglBp,0.06666666666666667,14,14,TGTCTTTTCCGGAGCTACGT,0,2362796
mglBp,0.06666666666666667,14,14,TGTCGTTGTTGGCCTTCAGC,0,2341722
mglBp,0.06666666666666667,14,14,TGTCGAAGGACCTCGGACGT,0,2330691
mglBp,0.06666666666666667,14,14,TGTAGGGCGTTCGGCATGAA,0,2383218
mglBp,0.06666666666666667,14,14,TGTAGCGTATGCAACACATA,0,2348675
mglBp,0.06666666666666667,14,14,TGTACCGATTGATGCTACAA,0,2420637
mglBp,0.06666666666666667,14,14,TGTAATCGATACTGGGCTCA,0,2322538
mglBp,0.06666666666666667,14,14,TGGTTCTACCTCTATCCATA,0,2375501
mglBp,0.06666666666666667,14,14,TGGTGGTCTGGAGTGCCGTC,0,2365303
mglBp,0.06666666666666667,14,14,TGGTGGATCTAAGGGATTTT,0,2372050
mglBp,0.06666666666666667,14,14,TGGTGCCGATTTTTCACTAA,0,2381139
mglBp,0.06666666666666667,14,14,TGGTCATGTTCTCGCCAGAG,0,2331083
mglBp,0.06666666666666667,14,14,TGGGTAAGAACCCCACTATA,0,2333140
mglBp,0.06666666666666667,14,14,TGGGGCATAGTAACCCATTC,0,2401759
mglBp,0.06666666666666667,14,14,TGGGATCAAACGACCCAGGA,0,2399967
mglBp,0.06666666666666667,14,14,TGGGAGAGCCGGTAATCCGA,0,2381094
mglBp,0.06666666666666667,14,14,TGGCGTGTACGTAGCGGAGC,0,2372046
mglBp,0.06666666666666667,14,14,TGGCGCTTCTAGCGGCCCAT,0,2380222
mglBp,0.06666666666666667,14,14,TGGCCGCAGAGCTAATTAAA,0,2388478
mglBp,0.06666666666666667,14,14,TGCTCAATTCACTGCAGCTG,0,2371643
mglBp,0.06666666666666667,14,14,TGCGGTGCGTCGGCATGCTA,0,2413564
mglBp,0.06666666666666667,14,14,TGCGATGTCCCGGGTGGTTT,0,2353131
mglBp,0.06666666666666667,14,14,TGCGACGGATGATACGCCGT,0,2384994
mglBp,0.06666666666666667,14,14,TGCCCTGACAGCGCCCGACA,0,2322318
mglBp,0.06666666666666667,14,14,TGCCAGAAAGTTGGTCTACG,0,2319192
mglBp,0.06666666666666667,14,14,TGCATTCAACACTGAGATAT,0,2320260
mglBp,0.06666666666666667,14,14,TGCATGGCGAAGATCGAAGG,0,2386467
mglBp,0.06666666666666667,14,14,TGCAACTTACGGATCAGGAC,0,2343355
mglBp,0.06666666666666667,14,14,TGATATGCGTTGGTCGCGTT,0,2396586
mglBp,0.06666666666666667,14,14,TGAGTAGAGGGGCTAAAGGT,0,2388301
mglBp,0.06666666666666667,14,14,TGAGCAACATAGACCGCGTG,0,2395768
mglBp,0.06666666666666667,14,14,TCTGTACTGTACGAGCAACT,0,2414134
mglBp,0.06666666666666667,14,14,TCTGGGCCGTGCTCACGATT,0,2349943
mglBp,0.06666666666666667,14,14,TCTGCTTGGGTCCGAAAATG,0,2327552
mglBp,0.06666666666666667,14,14,TCTCCGGGGGACCGCCTGCA,0,2418322
mglBp,0.06666666666666667,14,14,TCTCCCTCATGGTTGCAATG,0,2374259
mglBp,0.06666666666666667,14,14,TCTCCCGGGATGGGGGATTT,0,2378254
mglBp,0.06666666666666667,14,14,TCTCCAGCGGACATGATCGA,0,2322963
mglBp,0.06666666666666667,14,14,TCTCAGTAGGGTGCGGGCTT,0,2372763
mglBp,0.06666666666666667,14,14,TCTAGGCTCTGTTCGTAGAT,0,2358806
mglBp,0.06666666666666667,14,14,TCGTGGGTGACCCTGAGGTA,0,2396201
mglBp,0.06666666666666667,14,14,TCGTAGAGCTCGGGAGTAGC,0,2380609
mglBp,0.06666666666666667,14,14,TCGTAAGCGTATTAGTTTGC,0,2401047
mglBp,0.06666666666666667,14,14,TCGGTTACACGCTTTTAGTT,0,2377368
mglBp,0.06666666666666667,14,14,TCGGGACTCCAGGCTTTACA,0,2390274
mglBp,0.06666666666666667,14,14,TCGGAGTCCGCTAACGGGCA,0,2327069
mglBp,0.06666666666666667,14,14,TCGCTCGTTCAACCATCCCA,0,2382316
mglBp,0.06666666666666667,14,14,TCGCGATTGTCGTCAGAATG,0,2408283
mglBp,0.06666666666666667,14,14,TCGCCTGCCTAGTATTTACT,0,2363550
mglBp,0.06666666666666667,14,14,TCGATCTTGCGTCTCCCGCT,0,2376770
mglBp,0.06666666666666667,14,14,TCGAGGTGGAGGAGTTATTA,0,2338275
mglBp,0.06666666666666667,14,14,TCGAAGTCCATGCTAAGCTA,0,2335659
mglBp,0.06666666666666667,14,14,TCCTTTGCAGACACTCATAG,0,2348071
mglBp,0.06666666666666667,14,14,TCCTGTGCCGAGGACGCGCT,0,2398594
mglBp,0.06666666666666667,14,14,TCCTAAACGGATTTATACAT,0,2410026
mglBp,0.06666666666666667,14,14,TCCGTGGCTGGAAAGGATCG,0,2369847
mglBp,0.06666666666666667,14,14,TCCGTCTTCGAGCGTCATGG,0,2324687
mglBp,0.06666666666666667,14,14,TCCGCAAAAGGTGCAAAACT,0,2321662
mglBp,0.06666666666666667,14,14,TCCGAGGGCCTACTTATGGC,0,2348824
mglBp,0.06666666666666667,14,14,TCCCTCCTAGTAAATAAGTC,0,2330574
mglBp,0.06666666666666667,14,14,TCCCTAGCTTATTTCTACAT,0,2380730
mglBp,0.06666666666666667,14,14,TCCCGGCCAATTCATGAAAG,0,2354624
mglBp,0.06666666666666667,14,14,TCCCAGAATTTATTGGCAGA,0,2421393
mglBp,0.06666666666666667,14,14,TCCAGCGCGGTCTTACAAGA,0,2340296
mglBp,0.06666666666666667,14,14,TCATTTGAAAGCAATTGTTA,0,2321264
mglBp,0.06666666666666667,14,14,TCATTAACGCACGTGGGCGC,0,2407575
mglBp,0.06666666666666667,14,14,TCATCGCAAGCTTGGCTCGG,0,2340004
mglBp,0.06666666666666667,14,14,TCATAGCAACAACCCTGTCT,0,2349886
mglBp,0.06666666666666667,14,14,TCAGGCACGTGAACCTAGAA,0,2367400
mglBp,0.06666666666666667,14,14,TCACCCGAATCGAGTGGGGA,0,2423181
mglBp,0.06666666666666667,14,14,TCAATATTGCCACCTGCGAT,0,2341628
mglBp,0.06666666666666667,14,14,TCAAGCCATCGGCACGTAGT,0,2419541
mglBp,0.06666666666666667,14,14,TCAAGACTTAGTGACATTAT,0,2394909
mglBp,0.06666666666666667,14,14,TCAAACCAAGATCTATGCTA,0,2400548
mglBp,0.06666666666666667,14,14,TATTGGCGCACCCTAACTTA,0,2386209
mglBp,0.06666666666666667,14,14,TATGTTTAACATTGTTGCGT,0,2361342
mglBp,0.06666666666666667,14,14,TATGTTCCTATCTTGGTTGC,0,2376953
mglBp,0.06666666666666667,14,14,TATGTATTCTAATACCCCAT,0,2337430
mglBp,0.06666666666666667,14,14,TATGTAAGTTCCCCCCTCGT,0,2335609
mglBp,0.06666666666666667,14,14,TATGCGCTCACTGGCTACAT,0,2336350
mglBp,0.06666666666666667,14,14,TATCTATTTAAGGGCGCGCA,0,2399628
mglBp,0.06666666666666667,14,14,TATAGTATCGAGCTATAGGA,0,2351634
mglBp,0.06666666666666667,14,14,TATAACTCGACCGTACTTAG,0,2330310
mglBp,0.06666666666666667,14,14,TAGTAGTGCCGTGTGGAGGA,0,2346672
mglBp,0.06666666666666667,14,14,TAGGTTTTAGGTTACTCATT,0,2343294
mglBp,0.06666666666666667,14,14,TAGGTCACAGGTCAGAAGCT,0,2336215
mglBp,0.06666666666666667,14,14,TAGGGCGCCTCTGGGAGGAT,0,2400109
mglBp,0.06666666666666667,14,14,TAGGATATACCCTGCGTAAT,0,2403101
mglBp,0.06666666666666667,14,14,TAGGAGCCATTTTGTAAGGG,0,2378029
mglBp,0.06666666666666667,14,14,TAGAGTATTCCGCGGGGTAT,0,2359607
mglBp,0.06666666666666667,14,14,TAGAACTATTGCACTGCTTA,0,2354633
mglBp,0.06666666666666667,14,14,TAGAACGCGCTGGTTGTGTG,0,2336818
mglBp,0.06666666666666667,14,14,TACGCCGATACTGCACAGCT,0,2415727
mglBp,0.06666666666666667,14,14,TACGATGCAACAGATCTCCA,0,2376910
mglBp,0.06666666666666667,14,14,TACGACGCTCTACAGTGGGA,0,2373422
mglBp,0.06666666666666667,14,14,TACCTGAGAGACCGAGTTAA,0,2417007
mglBp,0.06666666666666667,14,14,TACCTCTGAATCGTGTCGCA,0,2326396
mglBp,0.06666666666666667,14,14,TACCGCATCCGCCTATCCAT,0,2351411
mglBp,0.06666666666666667,14,14,TACAGCCCATTTGGACTGCC,0,2376279
mglBp,0.06666666666666667,14,14,TACAAACGGAAGGCTGGTCA,0,2421389
mglBp,0.06666666666666667,14,14,TAATTTGGAGATTGTCTGCA,0,2320116
mglBp,0.06666666666666667,14,14,TAATATAGCCGGGCCAGACC,0,2330049
mglBp,0.06666666666666667,14,14,TAAGGGAGATCCTGGCGAAA,0,2360903
mglBp,0.06666666666666667,14,14,TAACTAAACGTTGAGATCGT,0,2360972
mglBp,0.06666666666666667,14,14,TAACCGATTCCGTTATCCCA,0,2317825
mglBp,0.06666666666666667,14,14,TAACATCCAAATGGAACTTG,0,2340839
mglBp,0.06666666666666667,14,14,TAACACGGGACATTAGGGCG,0,2359778
mglBp,0.06666666666666667,14,14,TAAATTCATTACTATCGCGG,0,2343789
mglBp,0.06666666666666667,14,14,TAAACTCAGAGTAAACTGGA,0,2371986
mglBp,0.06666666666666667,14,14,GTTTTAGACTCAGGACATGA,0,2361225
mglBp,0.06666666666666667,14,14,GTTTGTGAATGGTTCAGTGG,0,2378131
mglBp,0.06666666666666667,14,14,GTTTGGGGTCAAGTTAGCGT,0,2329363
mglBp,0.06666666666666667,14,14,GTTTCTTTACGCTGCGCGTA,0,2324369
mglBp,0.06666666666666667,14,14,GTTTAGGTGCTAATGACCTC,0,2363876
mglBp,0.06666666666666667,14,14,GTTGTTGTCTTGTGGGATAA,0,2375143
mglBp,0.06666666666666667,14,14,GTTGTATGGTAAGGAACTCG,0,2408835
mglBp,0.06666666666666667,14,14,GTTGGGAAGGCAGACTGCTA,0,2333711
mglBp,0.06666666666666667,14,14,GTTGCTCCCGGAGTTAGATA,0,2404128
mglBp,0.06666666666666667,14,14,GTTGATGTACCTCCAAAACT,0,2393464
mglBp,0.06666666666666667,14,14,GTTGAATAACAGGTATCGCC,0,2349837
mglBp,0.06666666666666667,14,14,GTTATTTCCAGACGGCACTG,0,2397210
mglBp,0.06666666666666667,14,14,GTTACTAAATGAGCTTGGAT,0,2344230
mglBp,0.06666666666666667,14,14,GTTAACTGTTTGTCCGTTCT,0,2386109
mglBp,0.06666666666666667,14,14,GTGTGTTGTCACGACCCTAA,0,2385775
mglBp,0.06666666666666667,14,14,GTGTGGATGCATGGGGGAGA,0,2317848
mglBp,0.06666666666666667,14,14,GTGTGAGTTAGCCTAAACAC,0,2354532
mglBp,0.06666666666666667,14,14,GTGGTTAGGTGAGGCTAATT,0,2385127
mglBp,0.06666666666666667,14,14,GTGGGTTACCCTCTTTCGAT,0,2378566
mglBp,0.06666666666666667,14,14,GTGGGAAAGGTCGGTTTTAC,0,2363088
mglBp,0.06666666666666667,14,14,GTGGCTCACAGTTGGTAGAT,0,2359125
mglBp,0.06666666666666667,14,14,GTGGCGCCTTCCCTTACAGC,0,2330645
mglBp,0.06666666666666667,14,14,GTGGCAAGCGAGGTTGATGT,0,2390098
mglBp,0.06666666666666667,14,14,GTGCGGGTCAACCTAGGCAA,0,2369919
mglBp,0.06666666666666667,14,14,GTGCGATACTTATCCCCGAC,0,2328951
mglBp,0.06666666666666667,14,14,GTGAGGCGGTTAAAAGAGAA,0,2359874
mglBp,0.06666666666666667,14,14,GTGAGGAAACAGTGTTGTAA,0,2363841
mglBp,0.06666666666666667,14,14,GTCTGTTAACTGTCGTAGTT,0,2387702
mglBp,0.06666666666666667,14,14,GTCTATCTAACTATGGGGGG,0,2412159
mglBp,0.06666666666666667,14,14,GTCGTCTCACTCCTAGTACC,0,2403999
mglBp,0.06666666666666667,14,14,GTCGCGTGATAATGATCGCT,0,2321365
mglBp,0.06666666666666667,14,14,GTCGCCGGTCAGACGCGGAG,0,2351276
mglBp,0.06666666666666667,14,14,GTCCACAGGTTAAGGACTTT,0,2356750
mglBp,0.06666666666666667,14,14,GTCAGTCGAAAGAGAATGAG,0,2329931
mglBp,0.06666666666666667,14,14,GTCAACGATAGAGGATTCCT,0,2331060
mglBp,0.06666666666666667,14,14,GTATGTTGGAGAAGGTGTCT,0,2400034
mglBp,0.06666666666666667,14,14,GTATCAGATGGTTGACCGTT,0,2415472
mglBp,0.06666666666666667,14,14,GTATACAGAAAGCCGAGGTC,0,2338072
mglBp,0.06666666666666667,14,14,GTAGTTTAAAACAGGCCTGC,0,2387438
mglBp,0.06666666666666667,14,14,GTAGTGGTTGACGTACGCGG,0,2372316
mglBp,0.06666666666666667,14,14,GTAGCTGGCTGTCAAACAGA,0,2388821
mglBp,0.06666666666666667,14,14,GTAGAGCATTTGAAACGGTG,0,2382398
mglBp,0.06666666666666667,14,14,GTACAAGTTACCGCGCATGG,0,2412574
mglBp,0.06666666666666667,14,14,GGTTTACTAGCTAACGATCA,0,2360096
mglBp,0.06666666666666667,14,14,GGTTGGTTCTACCCTCTGTT,0,2326350
mglBp,0.06666666666666667,14,14,GGTTGAGGGCAAGTGTATGA,0,2354795
mglBp,0.06666666666666667,14,14,GGTTATGGGCAAGAGAAAAG,0,2324565
mglBp,0.06666666666666667,14,14,GGTGACGGTTGCGTGACCAC,0,2390759
mglBp,0.06666666666666667,14,14,GGTCGCTAGTACATGCCACA,0,2346647
mglBp,0.06666666666666667,14,14,GGTCATTTTTGCATGGTTGA,0,2360990
mglBp,0.06666666666666667,14,14,GGTACGGCCCGAGCCCTGAT,0,2331643
mglBp,0.06666666666666667,14,14,GGTACATGTTTGGAGCCTTT,0,2328571
mglBp,0.06666666666666667,14,14,GGTAAGGGTACATAGTTTTT,0,2326790
mglBp,0.06666666666666667,14,14,GGGTTGCTGTCTGGCTTCGT,0,2376720
mglBp,0.06666666666666667,14,14,GGGTGTTAAGGAGCCTACCG,0,2421589
mglBp,0.06666666666666667,14,14,GGGTGCGCAATCACTTACGA,0,2396439
mglBp,0.06666666666666667,14,14,GGGTCAGCCCACAGTCTGCG,0,2343973
mglBp,0.06666666666666667,14,14,GGGTAGGTAAAGGCTGGATG,0,2350880
mglBp,0.06666666666666667,14,14,GGGGTCAGTAGTCGCGGAAC,0,2343174
mglBp,0.06666666666666667,14,14,GGGGGTCTGGCAATGCAGAC,0,2422821
mglBp,0.06666666666666667,14,14,GGGGGCATTACGATCGTGTC,0,2392739
mglBp,0.06666666666666667,14,14,GGGGCTCGCGTAAACCGGGT,0,2392847
mglBp,0.06666666666666667,14,14,GGGGCTACGTCTTGTATAAC,0,2323950
mglBp,0.06666666666666667,14,14,GGGCTGACACATTGTGTCGT,0,2366758
mglBp,0.06666666666666667,14,14,GGGCGGAGAAAAGCGTGATA,0,2381153
mglBp,0.06666666666666667,14,14,GGGATCAAGCATTTTCCAAG,0,2416055
mglBp,0.06666666666666667,14,14,GGGATACCGTCATCATGGTG,0,2387460
mglBp,0.06666666666666667,14,14,GGGAGGCTAAGTGAAGGTCA,0,2370379
mglBp,0.06666666666666667,14,14,GGGAGCTACGGGTTCCCCCA,0,2377442
mglBp,0.06666666666666667,14,14,GGCTTTTGCAATGCTCATTC,0,2411106
mglBp,0.06666666666666667,14,14,GGCTTGCAGGAGGGCAATGC,0,2363332
mglBp,0.06666666666666667,14,14,GGCTCTGACTTAGTTTCCCC,0,2324290
mglBp,0.06666666666666667,14,14,GGCTAGGTGGACAAATGACG,0,2337454
mglBp,0.06666666666666667,14,14,GGCGTGCGCTGGGGGCCATT,0,2399021
mglBp,0.06666666666666667,14,14,GGCGGAAAGCTCTATTAGTT,0,2355468
mglBp,0.06666666666666667,14,14,GGCGCTCGCGATGGAAGGTA,0,2319301
mglBp,0.06666666666666667,14,14,GGCGCAAGGCGCGGAAACAA,0,2376160
mglBp,0.06666666666666667,14,14,GGCCCAAGACGAGAACGACG,0,2354768
mglBp,0.06666666666666667,14,14,GGCACCGAAGTTTAGGATTC,0,2419481
mglBp,0.06666666666666667,14,14,GGCAACAGGGAATAGATGTT,0,2404430
mglBp,0.06666666666666667,14,14,GGATCTGATGTACGCCCTAT,0,2380867
mglBp,0.06666666666666667,14,14,GGATCTAGGGTTGACTTGAC,0,2367344
mglBp,0.06666666666666667,14,14,GGATCAGACCCTATTGATCA,0,2363909
mglBp,0.06666666666666667,14,14,GGAGCAAATTTCCATTTACA,0,2333279
mglBp,0.06666666666666667,14,14,GGAGAGGACACAGTCTACAT,0,2423760
mglBp,0.06666666666666667,14,14,GGAGAGATGTAAATTAACAC,0,2376416
mglBp,0.06666666666666667,14,14,GGACTTGCCGTGATATGTGG,0,2411811
mglBp,0.06666666666666667,14,14,GGACTACCGCCCCCCGTGTA,0,2345894
mglBp,0.06666666666666667,14,14,GGACCCAGATCTAGGCGCGT,0,2403018
mglBp,0.06666666666666667,14,14,GGAATGGTCGCCTTAGGAAA,0,2332215
mglBp,0.06666666666666667,14,14,GGAATCAGCCGAACCGGGGT,0,2345823
mglBp,0.06666666666666667,14,14,GGAAGTTAAATTTCGTGCAG,0,2377801
mglBp,0.06666666666666667,14,14,GGAAGAACAGCAAGTTTCAT,0,2338994
mglBp,0.06666666666666667,14,14,GGAACGAGACAATTGTCCTT,0,2337708
mglBp,0.06666666666666667,14,14,GGAACCGACCCTTGGCTCAC,0,2336244
mglBp,0.06666666666666667,14,14,GGAACAATGGCGCGCTACAA,0,2387126
mglBp,0.06666666666666667,14,14,GGAAATCAAAAACAAAGCGT,0,2357800
mglBp,0.06666666666666667,14,14,GCTTGTGTGTGTGGCGCTCA,0,2376740
mglBp,0.06666666666666667,14,14,GCTGCTGGCTGAATGGACTT,0,2344623
mglBp,0.06666666666666667,14,14,GCTATTAGCGCTTTTATTAC,0,2416313
mglBp,0.06666666666666667,14,14,GCTATGTACCGGTCAAAATC,0,2398524
mglBp,0.06666666666666667,14,14,GCTATGGCCTTGTCACTTAT,0,2319732
mglBp,0.06666666666666667,14,14,GCGTTTAGATATGCGCCTCG,0,2419314
mglBp,0.06666666666666667,14,14,GCGTATACCTACGCAGAGTC,0,2351827
mglBp,0.06666666666666667,14,14,GCGTAGATCTTAAGCCCACA,0,2401876
mglBp,0.06666666666666667,14,14,GCGGGTTCTGAGCGTAAGAG,0,2330713
mglBp,0.06666666666666667,14,14,GCGCGGTAAAACGTAGCTGT,0,2380575
mglBp,0.06666666666666667,14,14,GCGCCACTCCGATCTGCGGA,0,2323041
mglBp,0.06666666666666667,14,14,GCGCATAGACTTATTTAAAT,0,2420706
mglBp,0.06666666666666667,14,14,GCGCAGGCAGCTTGTGTAAT,0,2381295
mglBp,0.06666666666666667,14,14,GCGACATTTCCAACGAGCAT,0,2356495
mglBp,0.06666666666666667,14,14,GCGACAAATGCTTTGACTGA,0,2382521
mglBp,0.06666666666666667,14,14,GCGAATGCGGAGAGTGGTTT,0,2364105
mglBp,0.06666666666666667,14,14,GCGAATCCCAGTCGGCCGGT,0,2406056
mglBp,0.06666666666666667,14,14,GCGAATATTCGCGCAACCTA,0,2410205
mglBp,0.06666666666666667,14,14,GCCTGTGGCCTCTTGGCGCT,0,2407345
mglBp,0.06666666666666667,14,14,GCCGGTTACGCGTCAGGACA,0,2365658
mglBp,0.06666666666666667,14,14,GCCGCGCTGTTCAGACCCCA,0,2343033
mglBp,0.06666666666666667,14,14,GCCCTGCGGAGCCAATCTAG,0,2369340
mglBp,0.06666666666666667,14,14,GCCCGATAGGTTTTGGTGGA,0,2348703
mglBp,0.06666666666666667,14,14,GCCCCACACACACTCAAACA,0,2335329
mglBp,0.06666666666666667,14,14,GCCCACCGTGCCTGGTCGGT,0,2372971
mglBp,0.06666666666666667,14,14,GCCCACCGGAGCACACGAGC,0,2355487
mglBp,0.06666666666666667,14,14,GCCACATAATAACCCTCGTA,0,2316790
mglBp,0.06666666666666667,14,14,GCCAATCTGAACTGTGAGTT,0,2345495
mglBp,0.06666666666666667,14,14,GCATTAGCCCACGCCTGAGA,0,2363917
mglBp,0.06666666666666667,14,14,GCATCGGCCTTAACGTAGAA,0,2320916
mglBp,0.06666666666666667,14,14,GCATCGGCCACAAATTAGCG,0,2364889
mglBp,0.06666666666666667,14,14,GCATCCCGCTCGAAGGTAAG,0,2386243
mglBp,0.06666666666666667,14,14,GCAGCATAACCCGAAAAAAA,0,2394845
mglBp,0.06666666666666667,14,14,GCAGAATAATTCCCCTTTTG,0,2325908
mglBp,0.06666666666666667,14,14,GCACGGCCGACGCCTAGTGC,0,2321659
mglBp,0.06666666666666667,14,14,GCAATCGGGTAATTTGCGCG,0,2402338
mglBp,0.06666666666666667,14,14,GCAATACCTATGGAAACGGA,0,2417721
mglBp,0.06666666666666667,14,14,GCAAGACTAACGGGCACGGA,0,2403379
mglBp,0.06666666666666667,14,14,GATTTCCGCTCTATTGAATA,0,2349154
mglBp,0.06666666666666667,14,14,GATGTGATGTGAACAGATTA,0,2325741
mglBp,0.06666666666666667,14,14,GATGAGTGAGGACTCCCGTA,0,2399270
mglBp,0.06666666666666667,14,14,GATCTGTCTTTATCGGTCAG,0,2369535
mglBp,0.06666666666666667,14,14,GATCTGGATGGTGGTTGTAT,0,2340593
mglBp,0.06666666666666667,14,14,GATCTGCTGCATCCCCGGTG,0,2398823
mglBp,0.06666666666666667,14,14,GATCATCCTAAGTAGGAAAC,0,2392653
mglBp,0.06666666666666667,14,14,GATAAGCGGTAGCGATCGGT,0,2346828
mglBp,0.06666666666666667,14,14,GAGTTATGCGCGAGTAAGGA,0,2394632
mglBp,0.06666666666666667,14,14,GAGTGCGGCTACACTCACGA,0,2397290
mglBp,0.06666666666666667,14,14,GAGCCATACTCGGCGCAGCG,0,2388073
mglBp,0.06666666666666667,14,14,GAGATGTGTTCTCTTCTACA,0,2412281
mglBp,0.06666666666666667,14,14,GAGAGTCGCCCGCCATTAGG,0,2389067
mglBp,0.06666666666666667,14,14,GAGACGTAAATTCGTGGACC,0,2316701
mglBp,0.06666666666666667,14,14,GAGAACTAGCCCCACTAATT,0,2326603
mglBp,0.06666666666666667,14,14,GACTGTGACTCTACGGTTGT,0,2364811
mglBp,0.06666666666666667,14,14,GACCTACATCGCCACAGTTC,0,2383293
mglBp,0.06666666666666667,14,14,GACCCGTTGAATTTAGCTAA,0,2352254
mglBp,0.06666666666666667,14,14,GAATGGAGCATGGCGTTACA,0,2378102
mglBp,0.06666666666666667,14,14,GAATAGATGGCTTTTGCTGA,0,2394928
mglBp,0.06666666666666667,14,14,GAATACCTCCTATCAGTCGG,0,2318641
mglBp,0.06666666666666667,14,14,GAATAATATGTCCACGTTGT,0,2337421
mglBp,0.06666666666666667,14,14,GAAGTTAGTATTGCCAATAC,0,2353715
mglBp,0.06666666666666667,14,14,GAAGTATCGAGAGAGGCCCA,0,2337589
mglBp,0.06666666666666667,14,14,GAAGGTCGTGGCTGTGCTGA,0,2327305
mglBp,0.06666666666666667,14,14,GAAGAGGATTGATATGACGA,0,2330910
mglBp,0.06666666666666667,14,14,GAACTTGAGGGGCCAGCTGT,0,2325451
mglBp,0.06666666666666667,14,14,GAACCTACCAACCGAACGGT,0,2335047
mglBp,0.06666666666666667,14,14,GAACAGAACAAGCCCGCGAC,0,2389832
mglBp,0.06666666666666667,14,14,GAACAATGTTGGAAAAAAAG,0,2375375
mglBp,0.06666666666666667,14,14,CTTTCGGCTGGTTGATGCGT,0,2363697
mglBp,0.06666666666666667,14,14,CTTGCTGAACGAAGATTCTC,0,2321762
mglBp,0.06666666666666667,14,14,CTTGCATGGAACGGCCCCCT,0,2351576
mglBp,0.06666666666666667,14,14,CTTCGCGGCCGCTAGACTGT,0,2352261
mglBp,0.06666666666666667,14,14,CTTCAGTAATTCATTCGCGT,0,2316884
mglBp,0.06666666666666667,14,14,CTTCAGCGTTCTCCTTACGA,0,2331776
mglBp,0.06666666666666667,14,14,CTTCACGTGGTGGCTTGGCG,0,2415043
mglBp,0.06666666666666667,14,14,CTTATCTAAGCTATGTTCCC,0,2388525
mglBp,0.06666666666666667,14,14,CTTAATGGACACAGGTGACA,0,2372013
mglBp,0.06666666666666667,14,14,CTGTTTGTGTCTTTTTAAGG,0,2369766
mglBp,0.06666666666666667,14,14,CTGTGTCGGATAACGGCGCG,0,2325014
mglBp,0.06666666666666667,14,14,CTGGGACACTTATATACATT,0,2400418
mglBp,0.06666666666666667,14,14,CTGGCAGTTGAAGGTTTCGT,0,2318491
mglBp,0.06666666666666667,14,14,CTGCCATGTGAACTCCACAG,0,2415075
mglBp,0.06666666666666667,14,14,CTCTGGGGAGAGCGCCCATG,0,2378317
mglBp,0.06666666666666667,14,14,CTCTGGCCACCAGTACTGGA,0,2387971
mglBp,0.06666666666666667,14,14,CTCTCTTCCTACCGTATTAA,0,2422466
mglBp,0.06666666666666667,14,14,CTCCCCATCGGCCTCATAAG,0,2325304
mglBp,0.06666666666666667,14,14,CTCATTTCTATTGGCTATTC,0,2345757
mglBp,0.06666666666666667,14,14,CTCAGCGCTCTCGGAAGCCT,0,2333402
mglBp,0.06666666666666667,14,14,CTCAGATTATCTAGGACGAC,0,2406618
mglBp,0.06666666666666667,14,14,CTCACTGCTCATATCTCTTA,0,2329589
mglBp,0.06666666666666667,14,14,CTCACCGACGAGCGTAATAA,0,2376819
mglBp,0.06666666666666667,14,14,CTCAACATGGCCTGGACTTG,0,2353985
mglBp,0.06666666666666667,14,14,CTATGATCTTCAGCACCAGT,0,2405777
mglBp,0.06666666666666667,14,14,CTATCTGACTTGGCCACATA,0,2410961
mglBp,0.06666666666666667,14,14,CTATAGGTTGAGGTCCGCGT,0,2336400
mglBp,0.06666666666666667,14,14,CTATAGCAGGCAGGTAAAGA,0,2380411
mglBp,0.06666666666666667,14,14,CTAGTTCCATACATGTCAGT,0,2412251
mglBp,0.06666666666666667,14,14,CTAGGGTTATTTTGAGCTTG,0,2366724
mglBp,0.06666666666666667,14,14,CTAGAATACTTCTTGGGAGA,0,2318397
mglBp,0.06666666666666667,14,14,CTACCCCGAGGAGGCAATGT,0,2332426
mglBp,0.06666666666666667,14,14,CTACAGCTGGCAGCGACGAT,0,2397686
mglBp,0.06666666666666667,14,14,CTAATACCTATCGTTGGTGA,0,2346157
mglBp,0.06666666666666667,14,14,CTAACTCGCGTCAGCGATAG,0,2367214
mglBp,0.06666666666666667,14,14,CTAACGAGAAAAGGATGGCA,0,2358885
mglBp,0.06666666666666667,14,14,CGTTGGGCCGTTACAGCATA,0,2354598
mglBp,0.06666666666666667,14,14,CGTTGCCATGGGCCGGAGCC,0,2347532
mglBp,0.06666666666666667,14,14,CGTGTGGGAGTAAGATAGTC,0,2318197
mglBp,0.06666666666666667,14,14,CGTGGGGGACATAGCTCGCT,0,2380996
mglBp,0.06666666666666667,14,14,CGTGCATCGCTTAGATAAAA,0,2411446
mglBp,0.06666666666666667,14,14,CGTGAATTGATGAGAATACT,0,2355656
mglBp,0.06666666666666667,14,14,CGTCTACCAATTGTACAGAT,0,2331849
mglBp,0.06666666666666667,14,14,CGTCCAAACGACTCTACGCT,0,2357809
mglBp,0.06666666666666667,14,14,CGTCAATTGCGGTTAACTCG,0,2395558
mglBp,0.06666666666666667,14,14,CGTATCCTTACAACGACCAC,0,2343217
mglBp,0.06666666666666667,14,14,CGTAGGTTTAAACTGGAATG,0,2421656
mglBp,0.06666666666666667,14,14,CGTAGCTCGATATAGGCATG,0,2369356
mglBp,0.06666666666666667,14,14,CGTACGCAAGGTTAGAGATG,0,2397589
mglBp,0.06666666666666667,14,14,CGGTTTATGCAAAGTAAGGC,0,2370093
mglBp,0.06666666666666667,14,14,CGGTAGGGTTTCTCACGCGG,0,2352253
mglBp,0.06666666666666667,14,14,CGGGTGACAGGGAACAAAGA,0,2366874
mglBp,0.06666666666666667,14,14,CGGGGTATACTATGCCGCAA,0,2325719
mglBp,0.06666666666666667,14,14,CGGCCCCTTGTCGCGTAGAG,0,2413741
mglBp,0.06666666666666667,14,14,CGGCCACAAGTCGTCTGAGA,0,2340878
mglBp,0.06666666666666667,14,14,CGGACGCCTTTGCATTCTGG,0,2390194
mglBp,0.06666666666666667,14,14,CGGACAACAACACTCGACAA,0,2368218
mglBp,0.06666666666666667,14,14,CGCTGTTGAAAATCCGGAGG,0,2407491
mglBp,0.06666666666666667,14,14,CGCTAGTGCATTTATCAGAT,0,2358396
mglBp,0.06666666666666667,14,14,CGCGTCAACTTAAGCGCCGT,0,2396419
mglBp,0.06666666666666667,14,14,CGCGGCGAACCATGCAAAAT,0,2421278
mglBp,0.06666666666666667,14,14,CGCCATCCACGCGTTAGTGT,0,2391678
mglBp,0.06666666666666667,14,14,CGCATATTCTTAAGGTCTTG,0,2366038
mglBp,0.06666666666666667,14,14,CGCAGTTCACATAACGAGTA,0,2333345
mglBp,0.06666666666666667,14,14,CGATGTCTCTGGAACACACA,0,2376922
mglBp,0.06666666666666667,14,14,CGATGCACTCCCGCATTTTT,0,2346354
mglBp,0.06666666666666667,14,14,CGAGTGGGTTTGAGGCATGA,0,2326663
mglBp,0.06666666666666667,14,14,CGAGGAGTGCTACTGGATGT,0,2411282
mglBp,0.06666666666666667,14,14,CGAAGGGGACTACAGATCTG,0,2359272
mglBp,0.06666666666666667,14,14,CGAAGCATGCGACGATTTTT,0,2332739
mglBp,0.06666666666666667,14,14,CGAACTTTTATTGGAACTTA,0,2385296
mglBp,0.06666666666666667,14,14,CGAACCACGATCCCAGTACT,0,2378376
mglBp,0.06666666666666667,14,14,CCTTTTCTCGGGCCAGCCCG,0,2391037
mglBp,0.06666666666666667,14,14,CCTTTTATTAGATTCCTGTG,0,2358039
mglBp,0.06666666666666667,14,14,CCTTGGCCTGCATAGGGTTC,0,2366475
mglBp,0.06666666666666667,14,14,CCTTCAGGTTTTGTAATACA,0,2352260
mglBp,0.06666666666666667,14,14,CCTTAGAATATCGCCATGTA,0,2319749
mglBp,0.06666666666666667,14,14,CCTGGCCAAAGACTGATTAG,0,2328052
mglBp,0.06666666666666667,14,14,CCTCTGTGTGGAGGTCTTTG,0,2396980
mglBp,0.06666666666666667,14,14,CCTCTGGGATATGCTCACCG,0,2343034
mglBp,0.06666666666666667,14,14,CCTCTAGCGTGGGATTTCTT,0,2384776
mglBp,0.06666666666666667,14,14,CCTCGAATTTAACTTTTCCA,0,2404820
mglBp,0.06666666666666667,14,14,CCTCCGGGTCTGTAAGGCCG,0,2392239
mglBp,0.06666666666666667,14,14,CCTCCCAGCAGTGCGCGGAA,0,2402268
mglBp,0.06666666666666667,14,14,CCTCAATGACATTATCAAAA,0,2370236
mglBp,0.06666666666666667,14,14,CCTAACGATCACGGTTCATG,0,2346188
mglBp,0.06666666666666667,14,14,CCGTTAGACATCATGGGGCT,0,2410771
mglBp,0.06666666666666667,14,14,CCGGGCCGTCATCCGCACAG,0,2344834
mglBp,0.06666666666666667,14,14,CCGGCTGATCCTGTATGCCT,0,2370306
mglBp,0.06666666666666667,14,14,CCGGCCCTAGAGGGCCAATG,0,2372801
mglBp,0.06666666666666667,14,14,CCGGATTGCAGAAATGGGCG,0,2415010
mglBp,0.06666666666666667,14,14,CCGCGTGTAAATCGACCTGG,0,2393421
mglBp,0.06666666666666667,14,14,CCGATGAAGCAATTGTTTTT,0,2400879
mglBp,0.06666666666666667,14,14,CCGATAATTAGCAAAGTACT,0,2382956
mglBp,0.06666666666666667,14,14,CCGAGTGTGACATGTGGGAT,0,2349995
mglBp,0.06666666666666667,14,14,CCCTTCGTGTCCCTATGGGT,0,2347458
mglBp,0.06666666666666667,14,14,CCCTCATGGCTGTTTGTAGG,0,2359640
mglBp,0.06666666666666667,14,14,CCCGGAACGCCGTGTAAACG,0,2323392
mglBp,0.06666666666666667,14,14,CCCGCGGGCAATTCAGTTTT,0,2393033
mglBp,0.06666666666666667,14,14,CCCGCCCGGGAATATCCAAA,0,2392295
mglBp,0.06666666666666667,14,14,CCCGATCGGGTTTCGGGTCC,0,2395108
mglBp,0.06666666666666667,14,14,CCCCTCCAAAGAGCCGTCCC,0,2397990
mglBp,0.06666666666666667,14,14,CCCCTAGCCTCTAAGTTCTT,0,2332415
mglBp,0.06666666666666667,14,14,CCCATTTATCCGAGTGCAAC,0,2362024
mglBp,0.06666666666666667,14,14,CCCAGCATGCGGGCGGCGGA,0,2355186
mglBp,0.06666666666666667,14,14,CCATTGGGGGTTGAATTAAC,0,2393843
mglBp,0.06666666666666667,14,14,CCATGTTGCCAGGTTTACGC,0,2359352
mglBp,0.06666666666666667,14,14,CCATAGGACTCCGTGCGCTA,0,2383617
mglBp,0.06666666666666667,14,14,CCAGTTCCATCCAAAGGGAA,0,2343058
mglBp,0.06666666666666667,14,14,CCAGATGTGCTAGCAGGTGG,0,2370644
mglBp,0.06666666666666667,14,14,CCAGACAAAGTCGAAAAGGA,0,2393240
mglBp,0.06666666666666667,14,14,CCACATTATCGAGCTGGTAC,0,2318856
mglBp,0.06666666666666667,14,14,CCAAGCCAGATCTCCTACAA,0,2328246
mglBp,0.06666666666666667,14,14,CATGGTTTCTAAACGTCGAG,0,2337585
mglBp,0.06666666666666667,14,14,CATGCGGGAGCGGTCTTGCG,0,2324304
mglBp,0.06666666666666667,14,14,CATGCAGGATCAGACGCCAA,0,2339343
mglBp,0.06666666666666667,14,14,CATGAGGATAGACTCGCGGT,0,2413941
mglBp,0.06666666666666667,14,14,CATCAACGCTTCAATATTGA,0,2390676
mglBp,0.06666666666666667,14,14,CATATCTGACTGCTACTCGC,0,2332738
mglBp,0.06666666666666667,14,14,CATATCCCTACTGGCGGAGA,0,2348697
mglBp,0.06666666666666667,14,14,CATATACTTGTGTCAGGTCC,0,2336574
mglBp,0.06666666666666667,14,14,CATATACGTATGCATGATCC,0,2388895
mglBp,0.06666666666666667,14,14,CATAGATCTGCAAGGATCAT,0,2387713
mglBp,0.06666666666666667,14,14,CATACGGGGGGAAATGTCTC,0,2385079
mglBp,0.06666666666666667,14,14,CAGTCGGTAGGCCTAGAAAG,0,2347516
mglBp,0.06666666666666667,14,14,CAGTCAAGGAGTCTGGGGTC,0,2395495
mglBp,0.06666666666666667,14,14,CAGTATTGGGAGCGCTGAGG,0,2331813
mglBp,0.06666666666666667,14,14,CAGTAAACGGTAACCGCCCT,0,2388161
mglBp,0.06666666666666667,14,14,CAGGGTCCCCCCCGACCGGA,0,2417958
mglBp,0.06666666666666667,14,14,CAGGGTATCAAGTGGCAAGG,0,2386246
mglBp,0.06666666666666667,14,14,CAGGCGTCGCGCTCTGGAAA,0,2403160
mglBp,0.06666666666666667,14,14,CAGGAGGCCAGCTTTAATCA,0,2336778
mglBp,0.06666666666666667,14,14,CAGCTTTATATTGGGACTTT,0,2356871
mglBp,0.06666666666666667,14,14,CAGCGCCAATAGCCAATAGT,0,2375638
mglBp,0.06666666666666667,14,14,CAGCCTCGGTCTCGGTCGGC,0,2371821
mglBp,0.06666666666666667,14,14,CAGATTGGGAGAGGACTGGT,0,2358627
mglBp,0.06666666666666667,14,14,CAGAGTCAATACCTCGCATA,0,2330688
mglBp,0.06666666666666667,14,14,CAGAGGTGAGTACATCAATA,0,2399769
mglBp,0.06666666666666667,14,14,CACTGGCTACGGAACGTTTC,0,2356817
mglBp,0.06666666666666667,14,14,CACTGGATGTTGGTTGTACT,0,2318191
mglBp,0.06666666666666667,14,14,CACTCGGAAGTTGACAACTC,0,2329251
mglBp,0.06666666666666667,14,14,CACGAGGTGTTCTCTGCTTA,0,2412156
mglBp,0.06666666666666667,14,14,CACCTGGAAGCTATTCCCGG,0,2367409
mglBp,0.06666666666666667,14,14,CACCGCATCCGAGGAAGACT,0,2378103
mglBp,0.06666666666666667,14,14,CACCCGCGTTATCGGATCAG,0,2393734
mglBp,0.06666666666666667,14,14,CACAGTCTCCTCACGGCCCG,0,2350548
mglBp,0.06666666666666667,14,14,CAATTTTTGGCAGACTCCCT,0,2382046
mglBp,0.06666666666666667,14,14,CAATCGGGCGGCCCCTGATA,0,2400721
mglBp,0.06666666666666667,14,14,CAATCCGTGATCATTCGCAA,0,2333325
mglBp,0.06666666666666667,14,14,CAATACGGTAACACGCAGTA,0,2391705
mglBp,0.06666666666666667,14,14,CAAGGGACAGGTGTATTTTG,0,2406615
mglBp,0.06666666666666667,14,14,CAAGCCTTCAGGAGTTGTTT,0,2356835
mglBp,0.06666666666666667,14,14,CAAGAGTCGCTCGTTAATTA,0,2357946
mglBp,0.06666666666666667,14,14,CAACGTTTGGGTGGGCCGAG,0,2410917
mglBp,0.06666666666666667,14,14,CAACAGTCCTTTAGGGCCTC,0,2402993
mglBp,0.06666666666666667,14,14,CAACAGGTCACATCGGGGTA,0,2344872
mglBp,0.06666666666666667,14,14,CAAATTGATCGTTATGGAAT,0,2370684
mglBp,0.06666666666666667,14,14,CAAAGGTGCCAGTCTCACCG,0,2329936
mglBp,0.06666666666666667,14,14,CAAAGGTGATAAGGTTAGAG,0,2353417
mglBp,0.06666666666666667,14,14,CAAACGAACGTAGGTTGCGG,0,2400818
mglBp,0.06666666666666667,14,14,ATTTTCCGGTACATTGTCAT,0,2367413
mglBp,0.06666666666666667,14,14,ATTTGGTTTTTACAATTGTT,0,2421785
mglBp,0.06666666666666667,14,14,ATTTGGTGCGGAGCCAGTAT,0,2414335
mglBp,0.06666666666666667,14,14,ATTTGGTGCGCATTTTCGTA,0,2345432
mglBp,0.06666666666666667,14,14,ATTTCACAGGGTCCCGAGTA,0,2364714
mglBp,0.06666666666666667,14,14,ATTGGTTCTCGGCTTTATTA,0,2383720
mglBp,0.06666666666666667,14,14,ATTGGCCTTTCTAAATCATG,0,2320359
mglBp,0.06666666666666667,14,14,ATTGCGGTATTATGAGTGCG,0,2413110
mglBp,0.06666666666666667,14,14,ATTGCGCGTATTTAGTTTCA,0,2405722
mglBp,0.06666666666666667,14,14,ATTGCGACTTTGAGGTCACT,0,2389140
mglBp,0.06666666666666667,14,14,ATTCTTAGTGCAATAGAGTT,0,2379457
mglBp,0.06666666666666667,14,14,ATTCCTCGCGGGTCGTCCAC,0,2325897
mglBp,0.06666666666666667,14,14,ATTCACGACATTTCCACTAG,0,2320002
mglBp,0.06666666666666667,14,14,ATTATTGTAATATGCAACTA,0,2386414
mglBp,0.06666666666666667,14,14,ATTATGAGGACTAGCCCGCT,0,2374668
mglBp,0.06666666666666667,14,14,ATTATCTAGCGTAGTATTTT,0,2342485
mglBp,0.06666666666666667,14,14,ATTAGGTAGACCTGCCTTCT,0,2422167
mglBp,0.06666666666666667,14,14,ATGTTCGAGACTCCGTCTGA,0,2379146
mglBp,0.06666666666666667,14,14,ATGTCATTAGACATACCCTG,0,2360687
mglBp,0.06666666666666667,14,14,ATGTCACGTGCCTTTTGTTC,0,2362328
mglBp,0.06666666666666667,14,14,ATGTACTTCAAATTGGCGAT,0,2394012
mglBp,0.06666666666666667,14,14,ATGTAATACAGTGAGGTATT,0,2375276
mglBp,0.06666666666666667,14,14,ATGGTAAAGATAGGGCGTAC,0,2340015
mglBp,0.06666666666666667,14,14,ATGGGTGGTCAGGTCCGGGA,0,2368623
mglBp,0.06666666666666667,14,14,ATGGGTAAGTTGAGTGCGGA,0,2339999
mglBp,0.06666666666666667,14,14,ATGGGAAACACAATTAGTTC,0,2396440
mglBp,0.06666666666666667,14,14,ATGGCTCGAAGAACGTGCGT,0,2341462
mglBp,0.06666666666666667,14,14,ATGGACCCAGTCCAGGGTAG,0,2328412
mglBp,0.06666666666666667,14,14,ATGGAAGTGCGTTTAATCTG,0,2369776
mglBp,0.06666666666666667,14,14,ATGCTGACTTGTATTGTCAA,0,2416792
mglBp,0.06666666666666667,14,14,ATGCGGGGTTGATTCGGTGC,0,2353355
mglBp,0.06666666666666667,14,14,ATGCCTAGCTCCTAACATGG,0,2356364
mglBp,0.06666666666666667,14,14,ATGATGTCCGATAGTCAAAC,0,2411833
mglBp,0.06666666666666667,14,14,ATGAGAAACCATCGACCAAA,0,2389326
mglBp,0.06666666666666667,14,14,ATGACTCAGAGTGGTTTCCA,0,2415731
mglBp,0.06666666666666667,14,14,ATGAAGAACTAAAAGGGACG,0,2405315
mglBp,0.06666666666666667,14,14,ATGAACTTGAATGAGGGCTG,0,2357277
mglBp,0.06666666666666667,14,14,ATCTAAGCCGCACACGCTAT,0,2373457
mglBp,0.06666666666666667,14,14,ATCGGAGCGCGCGTACGGTA,0,2390065
mglBp,0.06666666666666667,14,14,ATCGACATCCAAAGGCGGAA,0,2380899
mglBp,0.06666666666666667,14,14,ATCCTCAGTCAGACAGCTCT,0,2352213
mglBp,0.06666666666666667,14,14,ATCCTAGACCTTGCGAGCAG,0,2393051
mglBp,0.06666666666666667,14,14,ATCCGTCTCCTTACGCTATT,0,2416568
mglBp,0.06666666666666667,14,14,ATCCGAGTGGATCCAGATAA,0,2340080
mglBp,0.06666666666666667,14,14,ATCAGCTGCTACCATGTGTC,0,2347829
mglBp,0.06666666666666667,14,14,ATCAAGTACATGAGTCTGTG,0,2321831
mglBp,0.06666666666666667,14,14,ATATCATCGACCGCGTGGCT,0,2380419
mglBp,0.06666666666666667,14,14,ATATAGACGGTCTGGCCCTT,0,2341732
mglBp,0.06666666666666667,14,14,ATAGGCTACATCGCAAGAAT,0,2404487
mglBp,0.06666666666666667,14,14,ATAGCTATCTACTTAAGCGT,0,2386385
mglBp,0.06666666666666667,14,14,ATACAAGTATCAGGTGGGCA,0,2409684
mglBp,0.06666666666666667,14,14,ATAATTAGCTTATCTTTTCT,0,2407043
mglBp,0.06666666666666667,14,14,ATAAGGTACATCAGACGTCG,0,2370729
mglBp,0.06666666666666667,14,14,AGTTTGTATGAAAAATAGGC,0,2388625
mglBp,0.06666666666666667,14,14,AGTTCTTACCGGACTTATGA,0,2362090
mglBp,0.06666666666666667,14,14,AGTGTCGGAACCGCTCTACA,0,2375275
mglBp,0.06666666666666667,14,14,AGTGGGATTCATAGGGCAAT,0,2319094
mglBp,0.06666666666666667,14,14,AGTGAGCTCTACTATCTTTC,0,2392083
mglBp,0.06666666666666667,14,14,AGTCTGTTGCTATTCTCCCA,0,2327348
mglBp,0.06666666666666667,14,14,AGTCGTGGTGCGGACCCCTT,0,2408679
mglBp,0.06666666666666667,14,14,AGTCATCGCACCCTTGTGAT,0,2322149
mglBp,0.06666666666666667,14,14,AGTAGTCGCAGGGATAAATA,0,2373418
mglBp,0.06666666666666667,14,14,AGTAATCTTACAGAGTGACG,0,2381681
mglBp,0.06666666666666667,14,14,AGGTTCTTTAGAACTAGGAC,0,2349360
mglBp,0.06666666666666667,14,14,AGGTTAATCCTTGTTAAAGG,0,2355135
mglBp,0.06666666666666667,14,14,AGGTGGGGAGAGTTCGACCA,0,2383168
mglBp,0.06666666666666667,14,14,AGGTGCCAGACATCAGTCTC,0,2331328
mglBp,0.06666666666666667,14,14,AGGTAAGTTCGCCTGCCAAA,0,2417256
mglBp,0.06666666666666667,14,14,AGGGTTTTATACAGGTGTTG,0,2345355
mglBp,0.06666666666666667,14,14,AGGCTCAGGCTCAAAGCGCA,0,2379343
mglBp,0.06666666666666667,14,14,AGGCTACCATGGCGTGCCAA,0,2332323
mglBp,0.06666666666666667,14,14,AGGCCGCTTCAAGCTTGCAT,0,2356864
mglBp,0.06666666666666667,14,14,AGGCCCCCGTGTTACCGAGC,0,2398389
mglBp,0.06666666666666667,14,14,AGGCCAATGCATTTCAATGA,0,2364924
mglBp,0.06666666666666667,14,14,AGCTTCGTGGAAGGCAGTTA,0,2319807
mglBp,0.06666666666666667,14,14,AGCTCGGCTTAGGGACACCA,0,2392207
mglBp,0.06666666666666667,14,14,AGCGTTTTATAGTCTGCCAC,0,2349925
mglBp,0.06666666666666667,14,14,AGCGGTATTAAAACGGGAAT,0,2338639
mglBp,0.06666666666666667,14,14,AGCCCACCAAGTTGCAAAAT,0,2319548
mglBp,0.06666666666666667,14,14,AGCAGTTTCGCGAACCGTTA,0,2338283
mglBp,0.06666666666666667,14,14,AGCAGCTCGAATATTCGTTC,0,2379521
mglBp,0.06666666666666667,14,14,AGCAATGAGAGAAACTTTCG,0,2335027
mglBp,0.06666666666666667,14,14,AGCAATCCTACCATAAGGTA,0,2330359
mglBp,0.06666666666666667,14,14,AGATGGTCACATCCCGTATC,0,2336132
mglBp,0.06666666666666667,14,14,AGATCCCGGCACTGCGTATA,0,2328327
mglBp,0.06666666666666667,14,14,AGAGTAAGCTGAGCTCCCAG,0,2323315
mglBp,0.06666666666666667,14,14,AGAGACCGCCGTTGGCCCAC,0,2393718
mglBp,0.06666666666666667,14,14,AGACGCGCGTACATACATTG,0,2347503
mglBp,0.06666666666666667,14,14,AGACGAACTACCGGGACGCT,0,2407556
mglBp,0.06666666666666667,14,14,AGAACCTTGCGCTTGCGTAG,0,2396589
mglBp,0.06666666666666667,14,14,ACTTGTAAACCGACGACTCA,0,2334231
mglBp,0.06666666666666667,14,14,ACTTCCCGACAAAACTCCAT,0,2369038
mglBp,0.06666666666666667,14,14,ACTTATTAGAGTACGGGACT,0,2360880
mglBp,0.06666666666666667,14,14,ACTGTTCGGTGGCCCAATCC,0,2419442
mglBp,0.06666666666666667,14,14,ACTGGAGACGACCACGCTGG,0,2390293
mglBp,0.06666666666666667,14,14,ACTGCTGGACTACTCGTCAT,0,2324394
mglBp,0.06666666666666667,14,14,ACTCTTGGACAAGACGAGTC,0,2381899
mglBp,0.06666666666666667,14,14,ACTCTGTTCTACAGTGCCCT,0,2334294
mglBp,0.06666666666666667,14,14,ACTCGACTCATGACGTTTAG,0,2393672
mglBp,0.06666666666666667,14,14,ACTCCGCTGGTCCAGATGGA,0,2423316
mglBp,0.06666666666666667,14,14,ACTCCCAGCCACGGCAATTT,0,2385287
mglBp,0.06666666666666667,14,14,ACTATTAAGCACCGTGGTTT,0,2378351
mglBp,0.06666666666666667,14,14,ACTATCTGTACACAGACGGC,0,2334711
mglBp,0.06666666666666667,14,14,ACTATAAACGTGCGATTATC,0,2379395
mglBp,0.06666666666666667,14,14,ACGTTGATTACCTAATACCA,0,2376759
mglBp,0.06666666666666667,14,14,ACGTTGAGGTAACCGTACAG,0,2348049
mglBp,0.06666666666666667,14,14,ACGTTCCGGGAATTTTAAAG,0,2396613
mglBp,0.06666666666666667,14,14,ACGTCGAGTCGTTAGGGTAT,0,2351621
mglBp,0.06666666666666667,14,14,ACGTCCAGGGAAAGACTGCA,0,2358575
mglBp,0.06666666666666667,14,14,ACGTAACTACACACATGGTG,0,2407872
mglBp,0.06666666666666667,14,14,ACGGTTTATGCGAATTGCGG,0,2340042
mglBp,0.06666666666666667,14,14,ACGGCCGCTGGTTGGTTTTA,0,2340776
mglBp,0.06666666666666667,14,14,ACGGCAAACAAACCGAGTTA,0,2347831
mglBp,0.06666666666666667,14,14,ACGGACGCGAGACTCCTATT,0,2341425
mglBp,0.06666666666666667,14,14,ACGCTGGGAATGGCCAGTGC,0,2362235
mglBp,0.06666666666666667,14,14,ACGCGGGGTACAATGACGTA,0,2322765
mglBp,0.06666666666666667,14,14,ACGCCAACGTCACCTGGCGA,0,2349648
mglBp,0.06666666666666667,14,14,ACGCACGTGTGTTCGCTATA,0,2372616
mglBp,0.06666666666666667,14,14,ACGATCTCTTGGCGTGGTAG,0,2324881
mglBp,0.06666666666666667,14,14,ACGAGTCCCGTTGTGGTTGG,0,2375272
mglBp,0.06666666666666667,14,14,ACGAAGTCGGTCATGCTATA,0,2393317
mglBp,0.06666666666666667,14,14,ACCTTGAATTGAGCGGGTGA,0,2417128
mglBp,0.06666666666666667,14,14,ACCTCGCTAAAGGGGGGACA,0,2342523
mglBp,0.06666666666666667,14,14,ACCTATTGCGGCGATTGCTT,0,2344319
mglBp,0.06666666666666667,14,14,ACCGTTGCAAGCGAGATCAC,0,2325071
mglBp,0.06666666666666667,14,14,ACCGGCCTATAGAGTCGTAA,0,2401624
mglBp,0.06666666666666667,14,14,ACCGCGGGATGACTACGAAA,0,2345487
mglBp,0.06666666666666667,14,14,ACCGAGTTTCAGAAGTTTAG,0,2414150
mglBp,0.06666666666666667,14,14,ACCGAAGTCAAGAGCAGGCG,0,2404818
mglBp,0.06666666666666667,14,14,ACCCATTACCCCGTGGCTTC,0,2379864
mglBp,0.06666666666666667,14,14,ACCAGTGATCATGTCTAACA,0,2375533
mglBp,0.06666666666666667,14,14,ACCAGGGGGAAAGATTGGTT,0,2346240
mglBp,0.06666666666666667,14,14,ACCACTCCTGGATTGTTACG,0,2342919
mglBp,0.06666666666666667,14,14,ACCACATATCTTCCTGGTAC,0,2390364
mglBp,0.06666666666666667,14,14,ACCAAGGCCGAACGTGCAGT,0,2364489
mglBp,0.06666666666666667,14,14,ACCAAAAACGAACGTTATGT,0,2360150
mglBp,0.06666666666666667,14,14,ACATTGAGAATAGTTTGACA,0,2362315
mglBp,0.06666666666666667,14,14,ACATCGCTGGATCGTCCCCC,0,2323030
mglBp,0.06666666666666667,14,14,ACAGTGTCGGAATTGCTGGT,0,2380697
mglBp,0.06666666666666667,14,14,ACAGGGTTTATTGAAGTTTC,0,2358178
mglBp,0.06666666666666667,14,14,ACAGGCCAGCACAATAGTGA,0,2359006
mglBp,0.06666666666666667,14,14,ACAGACAAATACTTACGCTT,0,2387741
mglBp,0.06666666666666667,14,14,ACAGAAAAACTTATGGCCGT,0,2382176
mglBp,0.06666666666666667,14,14,ACACTTGTGCGTTTAGAGAA,0,2400078
mglBp,0.06666666666666667,14,14,ACACTTAACAATTATATCTG,0,2345212
mglBp,0.06666666666666667,14,14,ACACTGAATACAATTACCGA,0,2342144
mglBp,0.06666666666666667,14,14,ACACGACGAGAGTACACTCA,0,2339869
mglBp,0.06666666666666667,14,14,ACACCAGTAGCCGGCATTAT,0,2364435
mglBp,0.06666666666666667,14,14,AATGTCAGTCCCGATCTATT,0,2397091
mglBp,0.06666666666666667,14,14,AATGGAATGTAGCCAAGAGG,0,2373986
mglBp,0.06666666666666667,14,14,AATGCACCACAACCAGTCCA,0,2389178
mglBp,0.06666666666666667,14,14,AATGATTCATGAGGGCCAAA,0,2373349
mglBp,0.06666666666666667,14,14,AATCGGCACTGGGACCCTAA,0,2336022
mglBp,0.06666666666666667,14,14,AATCCGTGTCCTCCATAGGT,0,2356624
mglBp,0.06666666666666667,14,14,AATACTACCAAGGTCAGGGT,0,2388868
mglBp,0.06666666666666667,14,14,AAGTTCATGGCTGGGCCATA,0,2317717
mglBp,0.06666666666666667,14,14,AAGTCATTGGTCGTTAGCTA,0,2397603
mglBp,0.06666666666666667,14,14,AAGGGTTTGCTATCCTCCTA,0,2335581
mglBp,0.06666666666666667,14,14,AAGGGTCGGTGCGTTTGTAG,0,2379881
mglBp,0.06666666666666667,14,14,AAGGGGAGAGCGCGCGTTTC,0,2395270
mglBp,0.06666666666666667,14,14,AAGGAGAATATGTAAAAAAC,0,2374417
mglBp,0.06666666666666667,14,14,AAGCTGCATATTCCATGTCT,0,2358924
mglBp,0.06666666666666667,14,14,AAGCGGGGATTCACGTTACT,0,2370106
mglBp,0.06666666666666667,14,14,AAGCGATGTTTGTGATACTA,0,2348518
mglBp,0.06666666666666667,14,14,AAGCCGTCGTGGTGATTCAA,0,2359297
mglBp,0.06666666666666667,14,14,AAGACAACGTAAGTAACTCC,0,2406850
mglBp,0.06666666666666667,14,14,AACTAGGCCTCCCACCGGGG,0,2410819
mglBp,0.06666666666666667,14,14,AACGTGCGCCGGAGGCGACC,0,2418235
mglBp,0.06666666666666667,14,14,AACGCTCTCCTGAATAAAAC,0,2380644
mglBp,0.06666666666666667,14,14,AACGCGGGTGCCTAGAGCCG,0,2377084
mglBp,0.06666666666666667,14,14,AACGAGTGATAACTGACGCG,0,2324082
mglBp,0.06666666666666667,14,14,AACCGAGTCATGCACACCTC,0,2374897
mglBp,0.06666666666666667,14,14,AAATAGAGGAACTGTTGGGT,0,2342356
mglBp,0.06666666666666667,14,14,AAAGGACCTGATCTACGGTT,0,2381802
mglBp,0.06666666666666667,14,14,AAAGAGGTCATTGCTATTAA,0,2390300
mglBp,0.06666666666666667,14,14,AAAGACTCTAGATCGTTCAG,0,2379460
mglBp,0.06666666666666667,14,14,AAACTTACGGTGGTATTGGA,0,2399801
mglBp,0.06666666666666667,14,14,AAACGCGCGCGTAAGAATGA,0,2401196
mglBp,0.06666666666666667,14,14,AAAATTCATTGAGCACCGGT,0,2381901
mglBp,0.06666666666666667,14,14,AAAAATTTACTCAGATTGAC,0,2403097
mglBp,0.06666666666666667,14,14,AAAAAAAACTTTTAAATTCC,0,2348847
mglBp,0.07142857142857142,13,13,TTTTTTCTGTGTAAGTCAGA,0,2319271
mglBp,0.07142857142857142,13,13,TTTTTGACCGGCAGTCATTA,0,2413083
mglBp,0.07142857142857142,13,13,TTTTGTATTGTGACCGCTTG,0,2323395
mglBp,0.07142857142857142,13,13,TTTGATTTACTCGTGTTCGT,0,2390986
mglBp,0.07142857142857142,13,13,TTTCATGTATCTTACCCAGG,0,2338920
mglBp,0.07142857142857142,13,13,TTTCATGAGTCGAATCGACC,0,2378377
mglBp,0.07142857142857142,13,13,TTTACTATAGCTAGGCCCGG,0,2319087
mglBp,0.07142857142857142,13,13,TTGTGTCTCGAGCCATATGA,0,2343596
mglBp,0.07142857142857142,13,13,TTGTCCGAGCGAGTGCACTA,0,2408537
mglBp,0.07142857142857142,13,13,TTGTAGGAGAATAGCAGCAA,0,2390326
mglBp,0.07142857142857142,13,13,TTGGTCCATTTTGCGTGTAA,0,2326344
mglBp,0.07142857142857142,13,13,TTGGATTCATGCTTCATTTT,0,2397103
mglBp,0.07142857142857142,13,13,TTGGAGTAGGAATGATAGCT,0,2416071
mglBp,0.07142857142857142,13,13,TTGCTTATCCATTACCTCTA,0,2348286
mglBp,0.07142857142857142,13,13,TTGCGTATGAGGCTCAGCCA,0,2408619
mglBp,0.07142857142857142,13,13,TTGCAGCGTCTATCGCGATC,0,2339116
mglBp,0.07142857142857142,13,13,TTGAAGTTGTACTTATCTTA,0,2324283
mglBp,0.07142857142857142,13,13,TTCTGACTTAAAGTCCAGTA,0,2359342
mglBp,0.07142857142857142,13,13,TTCTGACGTTGACATATGGT,0,2411413
mglBp,0.07142857142857142,13,13,TTCGGTGCACGATCGTATGC,0,2419420
mglBp,0.07142857142857142,13,13,TTCGACCTCCTTCTCGGGCG,0,2418072
mglBp,0.07142857142857142,13,13,TTCCAAAATTATGGTATCTG,0,2336127
mglBp,0.07142857142857142,13,13,TTCATTACCGGGATCGGATG,0,2382085
mglBp,0.07142857142857142,13,13,TTAGTTAGCGATGTGCAGCT,0,2411683
mglBp,0.07142857142857142,13,13,TTAGTCCCGGTAGCTCCACA,0,2361495
mglBp,0.07142857142857142,13,13,TTAGCAAACACTTCGACGTT,0,2416120
mglBp,0.07142857142857142,13,13,TTAGAATACCATGCTTCTCC,0,2346243
mglBp,0.07142857142857142,13,13,TTACATGCTATTACTTGCTT,0,2376486
mglBp,0.07142857142857142,13,13,TTACAGGTATCTTAGGTCGT,0,2398816
mglBp,0.07142857142857142,13,13,TTACAGGGTAACGCAACGAG,0,2367326
mglBp,0.07142857142857142,13,13,TTAAGTTAGGTGCATCTGGA,0,2415550
mglBp,0.07142857142857142,13,13,TTAAGGCTCAGCGTGCGAAG,0,2409681
mglBp,0.07142857142857142,13,13,TTAAGATAGTATGTGTATAT,0,2396949
mglBp,0.07142857142857142,13,13,TTAAAGGTCGGAACTTGTTG,0,2342227
mglBp,0.07142857142857142,13,13,TGTTTATATCCTGAAGATCG,0,2371104
mglBp,0.07142857142857142,13,13,TGTTGGCTATGACCTATCAG,0,2385540
mglBp,0.07142857142857142,13,13,TGTTACCGCTCTATCTCAAC,0,2341853
mglBp,0.07142857142857142,13,13,TGTCTCCACTAACTTTTGTT,0,2405873
mglBp,0.07142857142857142,13,13,TGTCTAGTTAGACGTGGGCT,0,2370923
mglBp,0.07142857142857142,13,13,TGTCGTTCGGTGGGGATTAA,0,2387269
mglBp,0.07142857142857142,13,13,TGTCGGAAGTGTACCGGAGC,0,2402677
mglBp,0.07142857142857142,13,13,TGTCGCGCGCCTATGCATGG,0,2389514
mglBp,0.07142857142857142,13,13,TGTCCTGAGTAGGATGGGAA,0,2335708
mglBp,0.07142857142857142,13,13,TGTCAGCAACACGGTGATCA,0,2318584
mglBp,0.07142857142857142,13,13,TGTATTGATATTCTGCACCT,0,2338139
mglBp,0.07142857142857142,13,13,TGTAACTAGCTATGGTAGTT,0,2417172
mglBp,0.07142857142857142,13,13,TGGTTTGTGCTGGGTCGCGC,0,2407992
mglBp,0.07142857142857142,13,13,TGGTTGTTGAGCTATGGTCT,0,2401264
mglBp,0.07142857142857142,13,13,TGGTTGATCGCAATATCCTA,0,2404940
mglBp,0.07142857142857142,13,13,TGGTCTTAAGATCACTTCTC,0,2345516
mglBp,0.07142857142857142,13,13,TGGTCAACTTCGTCCGTCAT,0,2366096
mglBp,0.07142857142857142,13,13,TGGGGGGGGATGCCTCAACG,0,2382828
mglBp,0.07142857142857142,13,13,TGGGGGAGATACACACACAC,0,2347557
mglBp,0.07142857142857142,13,13,TGGGAGAAAGTTTTGCCGCA,0,2335413
mglBp,0.07142857142857142,13,13,TGGCTTGAATAACTTCTTTA,0,2344112
mglBp,0.07142857142857142,13,13,TGGCTAGTAGTCCCTTGACC,0,2408069
mglBp,0.07142857142857142,13,13,TGGCGTGGTCGGGCAGTCAC,0,2393322
mglBp,0.07142857142857142,13,13,TGGCGGACATAGCGGCCGTC,0,2347498
mglBp,0.07142857142857142,13,13,TGGATGACTACGGTTATGAA,0,2375640
mglBp,0.07142857142857142,13,13,TGGATAGCCATACATTGACC,0,2403080
mglBp,0.07142857142857142,13,13,TGCTCACCATACGGGTCGTT,0,2344848
mglBp,0.07142857142857142,13,13,TGCTAGGGGACGATACATTA,0,2365837
mglBp,0.07142857142857142,13,13,TGCGTCAATCGACCCCGACT,0,2402935
mglBp,0.07142857142857142,13,13,TGCGACGTGCGATAGTAAAG,0,2397874
mglBp,0.07142857142857142,13,13,TGCCGAACTATAGTCGAGCT,0,2332902
mglBp,0.07142857142857142,13,13,TGCCCAGGACCTTACATGCG,0,2335577
mglBp,0.07142857142857142,13,13,TGCCATAGGTTGCAACACCT,0,2391924
mglBp,0.07142857142857142,13,13,TGCCAACGTATGAAAGCGGG,0,2367939
mglBp,0.07142857142857142,13,13,TGCAGTACGGTCATCAGTCT,0,2354638
mglBp,0.07142857142857142,13,13,TGCAAGTAACTATAGAGCAG,0,2340671
mglBp,0.07142857142857142,13,13,TGCAAATACTGTGACGAAAG,0,2331087
mglBp,0.07142857142857142,13,13,TGATGATAAATAACTTACGG,0,2422714
mglBp,0.07142857142857142,13,13,TGATCGGTTTGTAGATCTTG,0,2395038
mglBp,0.07142857142857142,13,13,TGATCAGATCCTGGCCGCAT,0,2332655
mglBp,0.07142857142857142,13,13,TGAGGATCGCGTGTCGAGGT,0,2397400
mglBp,0.07142857142857142,13,13,TGAGCGTGCCAGGGGCTCAT,0,2362340
mglBp,0.07142857142857142,13,13,TGAGAGGCTATCAGGAATAT,0,2375609
mglBp,0.07142857142857142,13,13,TGAGAAGACTCTCTTTCTGT,0,2390255
mglBp,0.07142857142857142,13,13,TGACTTAGTGCACGAGATCG,0,2416364
mglBp,0.07142857142857142,13,13,TGACGAATCAGCCAATCGCT,0,2363001
mglBp,0.07142857142857142,13,13,TGAAGGCTTGGATAGGGCGA,0,2348044
mglBp,0.07142857142857142,13,13,TGAAAAACATAGTTCACGCA,0,2416021
mglBp,0.07142857142857142,13,13,TCTTTCGTCAATTAAAAGGA,0,2336303
mglBp,0.07142857142857142,13,13,TCTTGACCTGTCTTTGTTGA,0,2339068
mglBp,0.07142857142857142,13,13,TCTGGGGCCGTAGTTCTACG,0,2328823
mglBp,0.07142857142857142,13,13,TCTAGCCGTTCCTAGTGGGA,0,2347437
mglBp,0.07142857142857142,13,13,TCGTAGGGAGCCCACGCACC,0,2389321
mglBp,0.07142857142857142,13,13,TCGTAAACTTACTTCCGTGA,0,2331232
mglBp,0.07142857142857142,13,13,TCGGTTCTTGTAGAGAATAT,0,2361688
mglBp,0.07142857142857142,13,13,TCGGTTACGAGTATCAATCT,0,2323801
mglBp,0.07142857142857142,13,13,TCGGGACGGCGGCTCGGGCA,0,2380253
mglBp,0.07142857142857142,13,13,TCGGCGGGAACATAAACAAA,0,2382790
mglBp,0.07142857142857142,13,13,TCGCACCCCACAGACAGGTG,0,2405803
mglBp,0.07142857142857142,13,13,TCGACGTTCTCAATACGTGG,0,2337101
mglBp,0.07142857142857142,13,13,TCGAAGACTAAGTTATGAAG,0,2371473
mglBp,0.07142857142857142,13,13,TCCTTTTCAGGAGCCAAGAT,0,2402620
mglBp,0.07142857142857142,13,13,TCCTATGCCTAACGGAGTAC,0,2358261
mglBp,0.07142857142857142,13,13,TCCTAGTCCTACCTGTAATC,0,2395501
mglBp,0.07142857142857142,13,13,TCCGTCAGTCGGATAGCGGT,0,2362169
mglBp,0.07142857142857142,13,13,TCCGTATCACTATCGATATG,0,2327637
mglBp,0.07142857142857142,13,13,TCCGGTGACATGGTCACATC,0,2345885
mglBp,0.07142857142857142,13,13,TCCGGTCTATCTGCAAGTGC,0,2327454
mglBp,0.07142857142857142,13,13,TCCGGGTTATCCTCTGGCAG,0,2370265
mglBp,0.07142857142857142,13,13,TCCGGGGGGTCACGTGCGAG,0,2407888
mglBp,0.07142857142857142,13,13,TCCGATTCTTACGGGGCTTG,0,2333997
mglBp,0.07142857142857142,13,13,TCCGACCACATGTTGCTAGG,0,2423335
mglBp,0.07142857142857142,13,13,TCCCCGGTCCATAGTTGCAA,0,2389676
mglBp,0.07142857142857142,13,13,TCCAGGGACAAATTTCCCTC,0,2403481
mglBp,0.07142857142857142,13,13,TCCACACAACATTGTACAGT,0,2368489
mglBp,0.07142857142857142,13,13,TCATGGATTCAATAGAGATA,0,2339311
mglBp,0.07142857142857142,13,13,TCATCGCCGTATGATAGGCA,0,2351251
mglBp,0.07142857142857142,13,13,TCAGTGGCGACTAGCCTTGT,0,2392183
mglBp,0.07142857142857142,13,13,TCAGGCATAGCCACCTCAGC,0,2384428
mglBp,0.07142857142857142,13,13,TCAGCCGTCTACATATCCGC,0,2404009
mglBp,0.07142857142857142,13,13,TCACTGTTACTAGCGACCAT,0,2340226
mglBp,0.07142857142857142,13,13,TCACTGTGCGGGTAGGCACA,0,2367601
mglBp,0.07142857142857142,13,13,TCACTACGCAGCTCTTACCT,0,2334176
mglBp,0.07142857142857142,13,13,TCACCTCATGGGCGTCACGC,0,2346914
mglBp,0.07142857142857142,13,13,TCACCGTTCTTATCAGTATC,0,2418860
mglBp,0.07142857142857142,13,13,TCACATTACGTAATAGCGAC,0,2364098
mglBp,0.07142857142857142,13,13,TCAATTGTCCAACCAAATAT,0,2326120
mglBp,0.07142857142857142,13,13,TCAAGGCGAAACATCCGTTA,0,2351917
mglBp,0.07142857142857142,13,13,TCAACGGTGCCGTAGAACTA,0,2348742
mglBp,0.07142857142857142,13,13,TCAACACGCTTGCTTCCGCT,0,2354173
mglBp,0.07142857142857142,13,13,TATTTGTAACAGCTTGCGCC,0,2345105
mglBp,0.07142857142857142,13,13,TATTCGAGGATGTTCGGTAT,0,2395801
mglBp,0.07142857142857142,13,13,TATGTTGAGACAAAACCAGG,0,2378390
mglBp,0.07142857142857142,13,13,TATGCATATTATTAAATACA,0,2417473
mglBp,0.07142857142857142,13,13,TATGCAAGAACTACATCAAT,0,2349848
mglBp,0.07142857142857142,13,13,TATCCACATGATTTATACAG,0,2370577
mglBp,0.07142857142857142,13,13,TATCAAGAGTAACTACCATC,0,2419465
mglBp,0.07142857142857142,13,13,TATATTGGTTACACTCTCCG,0,2342752
mglBp,0.07142857142857142,13,13,TATATTCGACGAGCAGGCTC,0,2368713
mglBp,0.07142857142857142,13,13,TATATCACTGGACGTTGATC,0,2390373
mglBp,0.07142857142857142,13,13,TATACACCGGCGGCAGTATC,0,2326545
mglBp,0.07142857142857142,13,13,TATAAACTAATCAGTCGCTG,0,2377706
mglBp,0.07142857142857142,13,13,TAGGCTTGGGGCAGTCGTGT,0,2347383
mglBp,0.07142857142857142,13,13,TAGGCCCACAGCCGCCGTTT,0,2400760
mglBp,0.07142857142857142,13,13,TAGGACCAGTTTAACCCCCA,0,2421173
mglBp,0.07142857142857142,13,13,TAGCACGCGGTTTTGGAAAG,0,2318317
mglBp,0.07142857142857142,13,13,TAGATACGGGCTGGGTCCTT,0,2347315
mglBp,0.07142857142857142,13,13,TAGATAACATTATACGCGGA,0,2423130
mglBp,0.07142857142857142,13,13,TAGAGCATTTTTCATAGCTC,0,2375069
mglBp,0.07142857142857142,13,13,TAGACATGCAGGACCCAACC,0,2366153
mglBp,0.07142857142857142,13,13,TACTTGGTCGGGACCCTTAG,0,2378760
mglBp,0.07142857142857142,13,13,TACTCATCACGCACGATATC,0,2400180
mglBp,0.07142857142857142,13,13,TACGGAGGTGAATTAGGTCG,0,2338660
mglBp,0.07142857142857142,13,13,TACGGAACTGGGCTAACAGA,0,2334205
mglBp,0.07142857142857142,13,13,TACGCGCAATATAGATGGTA,0,2388742
mglBp,0.07142857142857142,13,13,TACCTCTCCTCACAGTTCTG,0,2377778
mglBp,0.07142857142857142,13,13,TACCGAATTCCTACGTTGAG,0,2394430
mglBp,0.07142857142857142,13,13,TACCCAGGGAAAAGTCCAGT,0,2318767
mglBp,0.07142857142857142,13,13,TACATTCTATAGTTCGGGAG,0,2395425
mglBp,0.07142857142857142,13,13,TAATTCATGGCACTTCTGCG,0,2338936
mglBp,0.07142857142857142,13,13,TAATTCAACCCGCCGCTAGA,0,2321444
mglBp,0.07142857142857142,13,13,TAATGCTATAATCTCCGAAA,0,2373035
mglBp,0.07142857142857142,13,13,TAATCTTCACTGCATAGTAA,0,2321746
mglBp,0.07142857142857142,13,13,TAAGTTGTAAACTGGGATAT,0,2318388
mglBp,0.07142857142857142,13,13,TAAGTGGCAAGCACGTAGGT,0,2419531
mglBp,0.07142857142857142,13,13,TAAGTGACGTCCCTCGTGGA,0,2366934
mglBp,0.07142857142857142,13,13,TAAGGTCAGAGTGCTATGTG,0,2408087
mglBp,0.07142857142857142,13,13,TAAGGCCGATGCTCCGATTT,0,2376070
mglBp,0.07142857142857142,13,13,TAACTCGCATTGGACTCAGA,0,2376878
mglBp,0.07142857142857142,13,13,TAAATGAAGCGGCTTATGCT,0,2407041
mglBp,0.07142857142857142,13,13,TAAATCTATGCCTAGGTAGG,0,2413557
mglBp,0.07142857142857142,13,13,TAAACTTTACTCAACCCTCA,0,2339856
mglBp,0.07142857142857142,13,13,GTTGTGTCTAGAGGTAGTCA,0,2321499
mglBp,0.07142857142857142,13,13,GTTGGCAAGAACTCACATTT,0,2407959
mglBp,0.07142857142857142,13,13,GTTACGGAGAACGGAGAGCG,0,2329784
mglBp,0.07142857142857142,13,13,GTTAACTAGCGTGGTTTATG,0,2404306
mglBp,0.07142857142857142,13,13,GTGTTTAGCTACAAGGGTCG,0,2381999
mglBp,0.07142857142857142,13,13,GTGTGGCGTAGCACTGTCCA,0,2345590
mglBp,0.07142857142857142,13,13,GTGTCAGGCCGACATCAAGG,0,2326091
mglBp,0.07142857142857142,13,13,GTGTACGCAATGATGGGTGT,0,2410371
mglBp,0.07142857142857142,13,13,GTGTAAACTCACATTTCACC,0,2341547
mglBp,0.07142857142857142,13,13,GTGCTGTAACGTACACGGCC,0,2357542
mglBp,0.07142857142857142,13,13,GTGCGATCAGGAATGAACAT,0,2323690
mglBp,0.07142857142857142,13,13,GTGCCTGAGTGAGCAGGTGA,0,2415743
mglBp,0.07142857142857142,13,13,GTGCCGTATGGGTCATGTTA,0,2379719
mglBp,0.07142857142857142,13,13,GTGATATGCTCCTCAAAGCT,0,2350886
mglBp,0.07142857142857142,13,13,GTGAGGTGTGATCCGTCAAC,0,2388708
mglBp,0.07142857142857142,13,13,GTGAGGGACCTTAAACACAA,0,2352949
mglBp,0.07142857142857142,13,13,GTCTTCCGGGCGTATCGCAA,0,2414646
mglBp,0.07142857142857142,13,13,GTCTTCAAACAGGCAGCCAA,0,2410169
mglBp,0.07142857142857142,13,13,GTCTCTTTTTAGTGTAGTAA,0,2319438
mglBp,0.07142857142857142,13,13,GTCTAAGTCTTTTTAATACT,0,2361022
mglBp,0.07142857142857142,13,13,GTCGGCCTTTAGGTGAGCGA,0,2366265
mglBp,0.07142857142857142,13,13,GTCGCGACCGCGGTTAGGCG,0,2331077
mglBp,0.07142857142857142,13,13,GTCGCAAGAGGACTTCGTAA,0,2348954
mglBp,0.07142857142857142,13,13,GTCGAGTTCCTAGCTACCGA,0,2373979
mglBp,0.07142857142857142,13,13,GTCGAGCAGGATAGCATTTC,0,2386829
mglBp,0.07142857142857142,13,13,GTCCCCGGCGATTAAACAAC,0,2371753
mglBp,0.07142857142857142,13,13,GTCCCCCGATAGTCTATATT,0,2360432
mglBp,0.07142857142857142,13,13,GTCCCCATGAGTTCATGTTT,0,2378881
mglBp,0.07142857142857142,13,13,GTCCACGTCACAACTGTTGC,0,2371249
mglBp,0.07142857142857142,13,13,GTCATGGTCTGCGACCTCAA,0,2352009
mglBp,0.07142857142857142,13,13,GTCATCTCCGGTACCAAACA,0,2391455
mglBp,0.07142857142857142,13,13,GTCAAGGGTTGTATATTAAC,0,2352803
mglBp,0.07142857142857142,13,13,GTATTCTTTGCGATACTCTG,0,2369831
mglBp,0.07142857142857142,13,13,GTAGGGCAGCTCTAGAGCTG,0,2358534
mglBp,0.07142857142857142,13,13,GTAGCTAGTGCCCGGCACGT,0,2370959
mglBp,0.07142857142857142,13,13,GTAGCCCGGTCGGGTGATAT,0,2346831
mglBp,0.07142857142857142,13,13,GTAGCAGCGTAGGACCACGA,0,2357738
mglBp,0.07142857142857142,13,13,GTAGACTCATCATTACTTGA,0,2384874
mglBp,0.07142857142857142,13,13,GTAATTACTCGACTCACTTA,0,2383650
mglBp,0.07142857142857142,13,13,GTAAGGTTATATGGCCATTG,0,2340401
mglBp,0.07142857142857142,13,13,GTAACCCCAGTCCGTAAGAC,0,2345259
mglBp,0.07142857142857142,13,13,GTAAAGTCGTGTAGAGGGCG,0,2389006
mglBp,0.07142857142857142,13,13,GGTTGTTGGTCAGGCCCTAA,0,2405680
mglBp,0.07142857142857142,13,13,GGTTGCAAGGGGGCAATGGT,0,2358204
mglBp,0.07142857142857142,13,13,GGTTCGAGTAGCCGATCTAT,0,2347044
mglBp,0.07142857142857142,13,13,GGTTCCATGCGACATACCAA,0,2361344
mglBp,0.07142857142857142,13,13,GGTGTCTGTGAAGGAGGCTG,0,2333740
mglBp,0.07142857142857142,13,13,GGTGTATAGAGAACGCAAAT,0,2339360
mglBp,0.07142857142857142,13,13,GGTGGAATGGTATGTACACC,0,2317638
mglBp,0.07142857142857142,13,13,GGTGCCACGTTGGACTAGAG,0,2380526
mglBp,0.07142857142857142,13,13,GGTCTGATTGCTCAATTGTA,0,2369646
mglBp,0.07142857142857142,13,13,GGTCCGCCGCAAGGGCACTA,0,2365292
mglBp,0.07142857142857142,13,13,GGTATGATCCGAGCTAGATA,0,2352128
mglBp,0.07142857142857142,13,13,GGTAGATGATGGTGAACCTC,0,2405549
mglBp,0.07142857142857142,13,13,GGTACACTTTATGCCCTTAA,0,2332517
mglBp,0.07142857142857142,13,13,GGTAAGATTTCGCGAATCGG,0,2381142
mglBp,0.07142857142857142,13,13,GGTAACGAGAATGGGACTTA,0,2371320
mglBp,0.07142857142857142,13,13,GGTAAACCTGCAATGAGGTA,0,2382884
mglBp,0.07142857142857142,13,13,GGGTTAGTGAATACAACGTG,0,2411036
mglBp,0.07142857142857142,13,13,GGGTGCCATTAAATATTGGC,0,2328084
mglBp,0.07142857142857142,13,13,GGGTCCTGCTGTTGTCCTCA,0,2385040
mglBp,0.07142857142857142,13,13,GGGTCCGTAATTACTGCGGG,0,2399989
mglBp,0.07142857142857142,13,13,GGGTACGGATAAATATAACT,0,2342328
mglBp,0.07142857142857142,13,13,GGGTACCCTGGGGATAGCTA,0,2318066
mglBp,0.07142857142857142,13,13,GGGGTCGCAAACATCTGAAC,0,2422151
mglBp,0.07142857142857142,13,13,GGGGGTCTTCCTCGGGGGGT,0,2339788
mglBp,0.07142857142857142,13,13,GGGGCGAATAGAGGCTCACA,0,2361423
mglBp,0.07142857142857142,13,13,GGGCTTACTGCTTATTGGAT,0,2345707
mglBp,0.07142857142857142,13,13,GGGACCAGGTCAGAAAAGGA,0,2376012
mglBp,0.07142857142857142,13,13,GGGACATTTAAAGCGCCTAA,0,2329542
mglBp,0.07142857142857142,13,13,GGGAAGGAACTATCGAAATT,0,2320654
mglBp,0.07142857142857142,13,13,GGCTCGGTGTTCTAATTATT,0,2323658
mglBp,0.07142857142857142,13,13,GGCTCCTGCGGCACATCATG,0,2362261
mglBp,0.07142857142857142,13,13,GGCGTAACTCCCACGTATTC,0,2343350
mglBp,0.07142857142857142,13,13,GGCGGGTTGAGACAGGTCCC,0,2363567
mglBp,0.07142857142857142,13,13,GGCGGCGGGTCCGGGGAATA,0,2333661
mglBp,0.07142857142857142,13,13,GGCGCAGCAGTCATTCAAGA,0,2346827
mglBp,0.07142857142857142,13,13,GGCGAACGTTCGGTAGCTGC,0,2410697
mglBp,0.07142857142857142,13,13,GGCCTCTATGGTTAGCGTCA,0,2346132
mglBp,0.07142857142857142,13,13,GGCCTACCTGTTGCCATCGA,0,2353394
mglBp,0.07142857142857142,13,13,GGCCGATCTAGCGTTAGCAG,0,2340760
mglBp,0.07142857142857142,13,13,GGCATTGCAGATAAAGCTGT,0,2343170
mglBp,0.07142857142857142,13,13,GGCATCAGTTATCCAGGTCC,0,2342684
mglBp,0.07142857142857142,13,13,GGCAGTAGCTGTGCGATACA,0,2409756
mglBp,0.07142857142857142,13,13,GGCACGTGTAACTCGTTATC,0,2349800
mglBp,0.07142857142857142,13,13,GGCACCGATGAGGAATGGAA,0,2388848
mglBp,0.07142857142857142,13,13,GGATTGAATGGACACAGCTT,0,2405074
mglBp,0.07142857142857142,13,13,GGATAGTGACAAAGGGGGAA,0,2319101
mglBp,0.07142857142857142,13,13,GGAGCGCTCAGCAGTTCATG,0,2329082
mglBp,0.07142857142857142,13,13,GGAGACTCAGGGGGGTAACC,0,2341499
mglBp,0.07142857142857142,13,13,GGACTGCATGTTTATGTAAC,0,2359674
mglBp,0.07142857142857142,13,13,GGACCCGGTATATGCCGGTA,0,2370777
mglBp,0.07142857142857142,13,13,GGAAGGCTACTACGGGTGCA,0,2406681
mglBp,0.07142857142857142,13,13,GGAAAGTACGAGACCGTGAA,0,2404978
mglBp,0.07142857142857142,13,13,GCTTTGAAGTTCCTATTGTT,0,2407378
mglBp,0.07142857142857142,13,13,GCTTGGGACAGTTTGGGGTT,0,2389705
mglBp,0.07142857142857142,13,13,GCTTGCTTTGGGGAGCACCA,0,2345946
mglBp,0.07142857142857142,13,13,GCTGGGTACTGACGCAAGGG,0,2414915
mglBp,0.07142857142857142,13,13,GCTGGACACGCAGGCCTGTA,0,2348788
mglBp,0.07142857142857142,13,13,GCTGCGTGCCTCTTCAGCCC,0,2350275
mglBp,0.07142857142857142,13,13,GCTGCGACCAAGTTCTGTAC,0,2363212
mglBp,0.07142857142857142,13,13,GCTCGATTTATGACCGGGGA,0,2375460
mglBp,0.07142857142857142,13,13,GCTCCCCGGTGACTTTATCC,0,2387976
mglBp,0.07142857142857142,13,13,GCTCCAGCCTCTGAAAGTAG,0,2353683
mglBp,0.07142857142857142,13,13,GCTCAACACAAGTCGGTTGG,0,2386784
mglBp,0.07142857142857142,13,13,GCTATTGTACTAACGGCCAG,0,2417664
mglBp,0.07142857142857142,13,13,GCTACCGGAATAGACCCGCG,0,2355753
mglBp,0.07142857142857142,13,13,GCTAAGGCAGTCCCGGATCA,0,2337780
mglBp,0.07142857142857142,13,13,GCGGTTTACTACTGGGACCT,0,2364421
mglBp,0.07142857142857142,13,13,GCGGGTATTCTATCCATTGA,0,2347821
mglBp,0.07142857142857142,13,13,GCGGCTTATACCACTGCTAG,0,2368183
mglBp,0.07142857142857142,13,13,GCGGCCGAAGGCTGCGTGTA,0,2356890
mglBp,0.07142857142857142,13,13,GCGCTAGACTTTAGGGTCTT,0,2349415
mglBp,0.07142857142857142,13,13,GCGATCGTACTGCCCTAGCT,0,2339446
mglBp,0.07142857142857142,13,13,GCGACAGTCACCCCCAGTCA,0,2350113
mglBp,0.07142857142857142,13,13,GCGAAAGATTTAGGGCCAGA,0,2397761
mglBp,0.07142857142857142,13,13,GCCTTGTAGAGGGGCTACTA,0,2407331
mglBp,0.07142857142857142,13,13,GCCTTCGACAGAAAACTTCT,0,2334806
mglBp,0.07142857142857142,13,13,GCCTGGTCTTGTCAAAGTAA,0,2393519
mglBp,0.07142857142857142,13,13,GCCTCTATTAGCCGAGCGAT,0,2320009
mglBp,0.07142857142857142,13,13,GCCGCGGAAAGTCAGAACGA,0,2340200
mglBp,0.07142857142857142,13,13,GCCCTGCGGCGCCGTTCGCA,0,2412591
mglBp,0.07142857142857142,13,13,GCCCTCCCGTCCTATTCAAC,0,2380546
mglBp,0.07142857142857142,13,13,GCCCTATTAACAGGCGCTCC,0,2320974
mglBp,0.07142857142857142,13,13,GCCCTATCCAGGTTGGCGGA,0,2328054
mglBp,0.07142857142857142,13,13,GCCCAGTTTCAGCCTGACTT,0,2323962
mglBp,0.07142857142857142,13,13,GCCACGTGCGAAAGAGGTAA,0,2419539
mglBp,0.07142857142857142,13,13,GCATTTTTGACTCGGACGGA,0,2342210
mglBp,0.07142857142857142,13,13,GCATTGACTATCCCTTCATC,0,2383875
mglBp,0.07142857142857142,13,13,GCATTCTACATGGAGAATAC,0,2403388
mglBp,0.07142857142857142,13,13,GCATTATACTTAGTATCCGC,0,2331887
mglBp,0.07142857142857142,13,13,GCATCTGATGAGCGGTGACC,0,2398209
mglBp,0.07142857142857142,13,13,GCATCACTCCGGAAGGGAAA,0,2359262
mglBp,0.07142857142857142,13,13,GCAGCGTCTATGCCACCTGC,0,2338160
mglBp,0.07142857142857142,13,13,GCAGCACAATCCGATCTAAC,0,2422822
mglBp,0.07142857142857142,13,13,GCACTTGTTGAAAGAAGGCC,0,2368828
mglBp,0.07142857142857142,13,13,GCACGACACCGGCAGTACTG,0,2336336
mglBp,0.07142857142857142,13,13,GCACACCAAATATGTCCGGC,0,2337119
mglBp,0.07142857142857142,13,13,GCAATGAGTTCCGACATTGG,0,2335189
mglBp,0.07142857142857142,13,13,GCAACTAAAACAAGGTGTTT,0,2422602
mglBp,0.07142857142857142,13,13,GCAAATAGCAGTTTATGTAG,0,2344588
mglBp,0.07142857142857142,13,13,GCAAAGGCCTGCTATGCACA,0,2326330
mglBp,0.07142857142857142,13,13,GATTGTGAGTCCATCTCTAA,0,2352587
mglBp,0.07142857142857142,13,13,GATGGGGTGGCCTCCTGGAG,0,2336652
mglBp,0.07142857142857142,13,13,GATGGGCGGAGACGTCGTGG,0,2336776
mglBp,0.07142857142857142,13,13,GATGCTGGTGATGAAGCCAT,0,2355650
mglBp,0.07142857142857142,13,13,GATGCCCCGCTACAGTTGTT,0,2348610
mglBp,0.07142857142857142,13,13,GATATATTGGGCCGAGGCCA,0,2396962
mglBp,0.07142857142857142,13,13,GATAAAAGTCATCGCTTAGC,0,2337948
mglBp,0.07142857142857142,13,13,GAGTTTGGCTGCTCCTTATC,0,2332347
mglBp,0.07142857142857142,13,13,GAGTTTCATGCATGTTGCTC,0,2323308
mglBp,0.07142857142857142,13,13,GAGTTTACCCATCCCGCATT,0,2326292
mglBp,0.07142857142857142,13,13,GAGTCACGAGCACTTAACGT,0,2376573
mglBp,0.07142857142857142,13,13,GAGGTGCCTACCAGGGCACG,0,2348433
mglBp,0.07142857142857142,13,13,GAGGGACCGATCGTACTAAC,0,2363510
mglBp,0.07142857142857142,13,13,GAGGCGTGTCACTAAGAATC,0,2418930
mglBp,0.07142857142857142,13,13,GAGGCGCTGGGCAGCCGTAA,0,2367774
mglBp,0.07142857142857142,13,13,GAGCTTTGAGATAGCTGCGG,0,2380811
mglBp,0.07142857142857142,13,13,GAGCAAAGCGCAGGGATGTC,0,2333313
mglBp,0.07142857142857142,13,13,GAGATAGAGTTATCCTCAGA,0,2388752
mglBp,0.07142857142857142,13,13,GAGACAGCGGGACAGAATTT,0,2403172
mglBp,0.07142857142857142,13,13,GAGAAGGCGAACTTGAGGAT,0,2396434
mglBp,0.07142857142857142,13,13,GACTGTCCCTTCTTCCGTTA,0,2384571
mglBp,0.07142857142857142,13,13,GACTCTTGCACTGTTAGTCT,0,2335587
mglBp,0.07142857142857142,13,13,GACTATGCTCAATGTGTTAA,0,2349992
mglBp,0.07142857142857142,13,13,GACGTCAGGTCCATCTTGGG,0,2389763
mglBp,0.07142857142857142,13,13,GACGGAACCTGGAGCTTTGC,0,2381688
mglBp,0.07142857142857142,13,13,GACGCGGCTATTGTCACAGT,0,2387143
mglBp,0.07142857142857142,13,13,GACCTAGTGTCCGACTGAAG,0,2333281
mglBp,0.07142857142857142,13,13,GACCGTCTTGGTTAACATCT,0,2367160
mglBp,0.07142857142857142,13,13,GACCCGAACGTATCGCATCA,0,2410071
mglBp,0.07142857142857142,13,13,GACCATGGCAAATCCCCGAC,0,2360971
mglBp,0.07142857142857142,13,13,GACATAACTATGATCGTCAC,0,2334303
mglBp,0.07142857142857142,13,13,GACAGCGCGTCGATAACTGC,0,2336333
mglBp,0.07142857142857142,13,13,GACAACAGCCGAGTGTCACA,0,2335417
mglBp,0.07142857142857142,13,13,GAATTAACAACAGAAGCTTT,0,2384847
mglBp,0.07142857142857142,13,13,GAATGCAATTGGCAGAGTAA,0,2398379
mglBp,0.07142857142857142,13,13,GAATCGAGCTCATAAGAAGA,0,2418560
mglBp,0.07142857142857142,13,13,GAACCTTGATGTAGAAAAAA,0,2411329
mglBp,0.07142857142857142,13,13,GAACAGGATGTCCTCTGTTT,0,2367609
mglBp,0.07142857142857142,13,13,GAACACCTGGTAGTGGTGAA,0,2420468
mglBp,0.07142857142857142,13,13,GAAATATGGGAACCTGTTTC,0,2421886
mglBp,0.07142857142857142,13,13,CTTTTTACGGAGGAGCATGT,0,2379451
mglBp,0.07142857142857142,13,13,CTTTTATGGGTATCATCATT,0,2378715
mglBp,0.07142857142857142,13,13,CTTTAGCCTTTTACCGACTC,0,2367647
mglBp,0.07142857142857142,13,13,CTTTAGCCAATCCCAAATCA,0,2317550
mglBp,0.07142857142857142,13,13,CTTTACGACTGTTAGCTTAA,0,2364980
mglBp,0.07142857142857142,13,13,CTTGTGGTATTTACCCTAGA,0,2375364
mglBp,0.07142857142857142,13,13,CTTGTAGGACCGGTATGCTA,0,2376843
mglBp,0.07142857142857142,13,13,CTTGGTATCACTGGTTCAAC,0,2353248
mglBp,0.07142857142857142,13,13,CTTGGACGTTTTCCAAGTCA,0,2336700
mglBp,0.07142857142857142,13,13,CTTGCGGGGAGCTTTCCGTG,0,2346710
mglBp,0.07142857142857142,13,13,CTTGCCCTGCAACCGACCGA,0,2374322
mglBp,0.07142857142857142,13,13,CTTACATGTATCAACGCTTC,0,2420886
mglBp,0.07142857142857142,13,13,CTGTTGTGGACTGGAAAAGG,0,2327122
mglBp,0.07142857142857142,13,13,CTGTTCTTCATTCCTATTAA,0,2379412
mglBp,0.07142857142857142,13,13,CTGTTAGTTGTATGCCTAAA,0,2371378
mglBp,0.07142857142857142,13,13,CTGTGTTAGTCTCAAAAATA,0,2332955
mglBp,0.07142857142857142,13,13,CTGTGTTACCCCCCGAATCG,0,2405868
mglBp,0.07142857142857142,13,13,CTGTCGGCCTTCCAGCGCGG,0,2394073
mglBp,0.07142857142857142,13,13,CTGTCCACTCCATCTCGCAG,0,2413333
mglBp,0.07142857142857142,13,13,CTGTAGAATATTTGTGGCAT,0,2362859
mglBp,0.07142857142857142,13,13,CTGGCCCTATATTCCTAGCA,0,2350300
mglBp,0.07142857142857142,13,13,CTGCTGTGGATGAGCAGTGT,0,2359513
mglBp,0.07142857142857142,13,13,CTGCGCGTGTTGGCGCTGGT,0,2394500
mglBp,0.07142857142857142,13,13,CTGACAAAATCCGCTAGTTT,0,2368168
mglBp,0.07142857142857142,13,13,CTCGTACCCCCAGCTTAGGT,0,2322934
mglBp,0.07142857142857142,13,13,CTCGAAGTGGACGTACATCG,0,2349951
mglBp,0.07142857142857142,13,13,CTCCAATGGGTCAGCCGGGA,0,2366581
mglBp,0.07142857142857142,13,13,CTCATCGTTATCGGTTGGGG,0,2422859
mglBp,0.07142857142857142,13,13,CTCAAGGCAGGCATGAATGT,0,2371644
mglBp,0.07142857142857142,13,13,CTATGGTGCCTGGTGCCGCC,0,2381384
mglBp,0.07142857142857142,13,13,CTAGTGTCAAACAAAAAATT,0,2421463
mglBp,0.07142857142857142,13,13,CTAGTAAGGGTTTCGGTTTG,0,2346515
mglBp,0.07142857142857142,13,13,CTAGGTGTCAGGATATCACA,0,2418038
mglBp,0.07142857142857142,13,13,CTAGGAATGCTGAACGCTAT,0,2405407
mglBp,0.07142857142857142,13,13,CTAGAGACCGGGGTATAATC,0,2407681
mglBp,0.07142857142857142,13,13,CTAGAAGGCTCGGGCTGTTA,0,2383823
mglBp,0.07142857142857142,13,13,CTAATTGGCTCATGCAGTTG,0,2383829
mglBp,0.07142857142857142,13,13,CTAAGTAGACTGGGCGAAAT,0,2365981
mglBp,0.07142857142857142,13,13,CGTTTTCGTTTTACGTGTTG,0,2338381
mglBp,0.07142857142857142,13,13,CGTTGAGCGCTTGGGACAGG,0,2354046
mglBp,0.07142857142857142,13,13,CGTTCGGCGTTGCGCTAACG,0,2410770
mglBp,0.07142857142857142,13,13,CGTTCCGCGGGCGAGTTGCC,0,2395076
mglBp,0.07142857142857142,13,13,CGTTCAACGTCCCCGAACTT,0,2360925
mglBp,0.07142857142857142,13,13,CGTTAGAATGAAGCCATAGA,0,2354898
mglBp,0.07142857142857142,13,13,CGTGGAGGCAAAGCTACTAC,0,2386293
mglBp,0.07142857142857142,13,13,CGTGCTAGGACTAACTGCAG,0,2337949
mglBp,0.07142857142857142,13,13,CGTGCGCCATAGCAACTCAA,0,2388164
mglBp,0.07142857142857142,13,13,CGTGACATAATTAGCCCCGG,0,2353093
mglBp,0.07142857142857142,13,13,CGTGACAGTAAGCAATGCGA,0,2333562
mglBp,0.07142857142857142,13,13,CGTCGGGGCCTGTCACACAA,0,2340800
mglBp,0.07142857142857142,13,13,CGTCCTACCCAGTTTAGAAT,0,2375502
mglBp,0.07142857142857142,13,13,CGTCATTTTGGGGCTATAGG,0,2408328
mglBp,0.07142857142857142,13,13,CGTCATTCTCCGATTAGAGG,0,2358542
mglBp,0.07142857142857142,13,13,CGTCAAGTCGGCTGTGTTCG,0,2376269
mglBp,0.07142857142857142,13,13,CGTACCTTAGTTCGTTCGGA,0,2417645
mglBp,0.07142857142857142,13,13,CGGTGCTTATAGACTCTGTT,0,2342933
mglBp,0.07142857142857142,13,13,CGGGTCTATTCGACCCAAAT,0,2411558
mglBp,0.07142857142857142,13,13,CGGGGTTTGTTAGCTAGTGG,0,2325013
mglBp,0.07142857142857142,13,13,CGGGATTCGGGTCGCTCCCC,0,2377610
mglBp,0.07142857142857142,13,13,CGGCTGACGTGACAGTGCTA,0,2321648
mglBp,0.07142857142857142,13,13,CGGCTCAGCAAGTGATGTGG,0,2412316
mglBp,0.07142857142857142,13,13,CGGCCGGACGATATCGGACA,0,2367045
mglBp,0.07142857142857142,13,13,CGGCATGCGTTTATACAGTC,0,2336876
mglBp,0.07142857142857142,13,13,CGGACGCGTACGTAGCTCCA,0,2359706
mglBp,0.07142857142857142,13,13,CGGAAGCTTCGCATTTATGT,0,2389804
mglBp,0.07142857142857142,13,13,CGCTTGTACGATCTTCGTGG,0,2392959
mglBp,0.07142857142857142,13,13,CGCTGGACCCCCTCAATAGT,0,2376791
mglBp,0.07142857142857142,13,13,CGCTGCACCTATGCCGCGCA,0,2376690
mglBp,0.07142857142857142,13,13,CGCTAAGTCTGCCCCTGAAA,0,2409169
mglBp,0.07142857142857142,13,13,CGCGTGCGAATATCGTTCTC,0,2321846
mglBp,0.07142857142857142,13,13,CGCGGCTACGATCCCAAGGG,0,2364671
mglBp,0.07142857142857142,13,13,CGCAGGTTTCCAAAGACCGT,0,2347234
mglBp,0.07142857142857142,13,13,CGCACCGTACTTCGCGGCCT,0,2365405
mglBp,0.07142857142857142,13,13,CGATTACACCTGGTCGCCCT,0,2396523
mglBp,0.07142857142857142,13,13,CGATCCAATGGGCCGCTTCT,0,2370014
mglBp,0.07142857142857142,13,13,CGATCATAAAGCGATTGTCA,0,2375967
mglBp,0.07142857142857142,13,13,CGATCAGTCCTTTACATTGA,0,2324846
mglBp,0.07142857142857142,13,13,CGATATGGAAACATGGAGTT,0,2346752
mglBp,0.07142857142857142,13,13,CGAGTCAACTGATCTGGGTT,0,2349452
mglBp,0.07142857142857142,13,13,CGAGCCGACAGGCTAGTTCC,0,2341273
mglBp,0.07142857142857142,13,13,CGAGCACCGACGTACACCGA,0,2318190
mglBp,0.07142857142857142,13,13,CGACGGTGTAAGTGAGTTGG,0,2394834
mglBp,0.07142857142857142,13,13,CGACATAATTCCAGGGAGAT,0,2374867
mglBp,0.07142857142857142,13,13,CGACAATACAACCGAAAGAT,0,2362847
mglBp,0.07142857142857142,13,13,CGACAAAGGACAATCTCGGC,0,2362942
mglBp,0.07142857142857142,13,13,CGAAGACTTATAAGACGAGT,0,2320881
mglBp,0.07142857142857142,13,13,CGAAATTCGCACTGCGCGAT,0,2368087
mglBp,0.07142857142857142,13,13,CGAAACGGCCGGTAAGCCAA,0,2396205
mglBp,0.07142857142857142,13,13,CCTTATTCTATAGCAGGGAA,0,2330006
mglBp,0.07142857142857142,13,13,CCTGGACGGATCGTTCTGGA,0,2324031
mglBp,0.07142857142857142,13,13,CCTGGAATAGTCAGCGTTTG,0,2323932
mglBp,0.07142857142857142,13,13,CCTGCGATGGATGATGATGG,0,2386292
mglBp,0.07142857142857142,13,13,CCTGCCGGCCCTTCACGCCT,0,2383123
mglBp,0.07142857142857142,13,13,CCTCTTCGGACCTAATACAA,0,2403655
mglBp,0.07142857142857142,13,13,CCTCAGCGGATGGAAAGAAA,0,2368656
mglBp,0.07142857142857142,13,13,CCTAGTTTACTTTTTTTGGT,0,2373417
mglBp,0.07142857142857142,13,13,CCTAGGCTGCGGGTCCCTTG,0,2327610
mglBp,0.07142857142857142,13,13,CCTAGATCCCATGGAGGATG,0,2421385
mglBp,0.07142857142857142,13,13,CCTACTTTAGACGAATGATT,0,2410676
mglBp,0.07142857142857142,13,13,CCGTTTTTAGAACCTGACGA,0,2371070
mglBp,0.07142857142857142,13,13,CCGTCGTCGCGGACTCCGAC,0,2353009
mglBp,0.07142857142857142,13,13,CCGTCGAGTCAGCACTCGCG,0,2387706
mglBp,0.07142857142857142,13,13,CCGTCCTATCCTGTGGGCAG,0,2380461
mglBp,0.07142857142857142,13,13,CCGTCCGACCAAGACCTGCT,0,2331322
mglBp,0.07142857142857142,13,13,CCGGTCCCCAGCACCCGAGA,0,2417161
mglBp,0.07142857142857142,13,13,CCGGGATACATCTGTTTATG,0,2387279
mglBp,0.07142857142857142,13,13,CCGGGAAAAGGATATCACCG,0,2411142
mglBp,0.07142857142857142,13,13,CCGGCCAGGTGCCCGAATTG,0,2402695
mglBp,0.07142857142857142,13,13,CCGGACCCGTAAAGCTCACA,0,2400707
mglBp,0.07142857142857142,13,13,CCGCGCCGGCCACCCAGAGA,0,2391792
mglBp,0.07142857142857142,13,13,CCGATCCACTGGTTGACGAA,0,2385362
mglBp,0.07142857142857142,13,13,CCGAGCAGCCTACCTTTCAT,0,2393978
mglBp,0.07142857142857142,13,13,CCGACCAATATTCGGTGTAG,0,2329582
mglBp,0.07142857142857142,13,13,CCCTTGAATCCCCTGCGTTG,0,2390085
mglBp,0.07142857142857142,13,13,CCCTGGGACGGCCCAATATT,0,2401538
mglBp,0.07142857142857142,13,13,CCCTCAGATACGTAACACTA,0,2370986
mglBp,0.07142857142857142,13,13,CCCTACTGCGGAGCCACAAA,0,2342033
mglBp,0.07142857142857142,13,13,CCCGTTCGGTTCGTATCGGA,0,2334583
mglBp,0.07142857142857142,13,13,CCCGTGGCCCCGATTGCAGT,0,2396956
mglBp,0.07142857142857142,13,13,CCCGATTGCAGTTTCGAGTG,0,2380929
mglBp,0.07142857142857142,13,13,CCCCCTCTGACCACTTGCGA,0,2392367
mglBp,0.07142857142857142,13,13,CCCCAGCTCATATGTACCCT,0,2360205
mglBp,0.07142857142857142,13,13,CCCAGATAGGCAGATCCGTA,0,2376453
mglBp,0.07142857142857142,13,13,CCCACGGCAGTTAACTGTAT,0,2384123
mglBp,0.07142857142857142,13,13,CCATAATTAAACTATTCCGC,0,2376838
mglBp,0.07142857142857142,13,13,CCAGTAAACGTAGAGGCTGT,0,2397590
mglBp,0.07142857142857142,13,13,CCAGACGGAGCGAACTCTCT,0,2357342
mglBp,0.07142857142857142,13,13,CCACTCACATCTTATCCCTA,0,2324469
mglBp,0.07142857142857142,13,13,CCACTAAACATGCTCTGGTA,0,2365867
mglBp,0.07142857142857142,13,13,CCACGGAAACTGAGGAATTG,0,2331547
mglBp,0.07142857142857142,13,13,CCACCTCGAAAGGTATTCGA,0,2343140
mglBp,0.07142857142857142,13,13,CCAAGGTGGAGTTCGCGGCT,0,2334404
mglBp,0.07142857142857142,13,13,CCAAGCCTACGGCAACGTCT,0,2392701
mglBp,0.07142857142857142,13,13,CCAACCAATGGCCAGTTGCC,0,2316857
mglBp,0.07142857142857142,13,13,CCAAATCGTTCCACAAGGCG,0,2324571
mglBp,0.07142857142857142,13,13,CATGTTATCTCGATGATGAT,0,2417691
mglBp,0.07142857142857142,13,13,CATGTGTTCGGCAGGAATAG,0,2396952
mglBp,0.07142857142857142,13,13,CATGTGCCTCCTTTGCAAGA,0,2390542
mglBp,0.07142857142857142,13,13,CATGTATAAATTCAACGGGT,0,2360406
mglBp,0.07142857142857142,13,13,CATGGACACTTAATACCGTC,0,2414344
mglBp,0.07142857142857142,13,13,CATCGAACAGATCTACTTCT,0,2327419
mglBp,0.07142857142857142,13,13,CATAGCGTTGTTGCATACTG,0,2342008
mglBp,0.07142857142857142,13,13,CATAGAGCGAGCAACGCTTT,0,2376427
mglBp,0.07142857142857142,13,13,CATACCTGCTTGTTTTGGGT,0,2329222
mglBp,0.07142857142857142,13,13,CATACATTTACAGTGGGAAC,0,2352765
mglBp,0.07142857142857142,13,13,CATAAACTGAAGGGCTATAC,0,2370695
mglBp,0.07142857142857142,13,13,CAGTTTGAGCGTTCTGGGCT,0,2355488
mglBp,0.07142857142857142,13,13,CAGTAGGGGTTCCCTGACGG,0,2373126
mglBp,0.07142857142857142,13,13,CAGGTGGTTAGGACAGACCT,0,2396779
mglBp,0.07142857142857142,13,13,CAGGTATTTGGTGAGAAAAG,0,2317527
mglBp,0.07142857142857142,13,13,CAGGGCAGTTGTTGTACTTG,0,2372518
mglBp,0.07142857142857142,13,13,CAGGCATAGGCCTGCCGGAC,0,2410646
mglBp,0.07142857142857142,13,13,CAGGATCTGGCTGCAACTAA,0,2367408
mglBp,0.07142857142857142,13,13,CAGCAATGGGGGATGAAGCT,0,2361129
mglBp,0.07142857142857142,13,13,CAGAGCTTGATAGTGTGGTT,0,2343254
mglBp,0.07142857142857142,13,13,CAGAGCGCACCAGGCAGGTG,0,2381357
mglBp,0.07142857142857142,13,13,CACTTCAGGAAAGACGGTTA,0,2321202
mglBp,0.07142857142857142,13,13,CACTGCGTCTCAACATCGCG,0,2395589
mglBp,0.07142857142857142,13,13,CACTGATACGCAATGAGGAT,0,2413905
mglBp,0.07142857142857142,13,13,CACTCCATGATACGCGGCAA,0,2347168
mglBp,0.07142857142857142,13,13,CACTCATACTTAACTTAGCA,0,2410118
mglBp,0.07142857142857142,13,13,CACTACCGTGGAAGGCATTA,0,2331901
mglBp,0.07142857142857142,13,13,CACGACCCAGCTAGGATAGT,0,2415969
mglBp,0.07142857142857142,13,13,CACCCCGGGCGCATTCTACT,0,2399293
mglBp,0.07142857142857142,13,13,CACACGAGTCCTCCCAAGGA,0,2411381
mglBp,0.07142857142857142,13,13,CAATCTTAAATCTTGTCCTT,0,2350164
mglBp,0.07142857142857142,13,13,CAATCGCCCGTTACAGGGGT,0,2355432
mglBp,0.07142857142857142,13,13,CAATAGAGAAGGTGCGGACA,0,2343663
mglBp,0.07142857142857142,13,13,CAAGGGATCATTTGTTGGTA,0,2397966
mglBp,0.07142857142857142,13,13,CAAGCTTAATCGACAAGTTC,0,2368238
mglBp,0.07142857142857142,13,13,CAAGCGACTTGGACTCACAA,0,2327930
mglBp,0.07142857142857142,13,13,CAAGAGTCTAACGCAGCGTA,0,2385213
mglBp,0.07142857142857142,13,13,CAAGAGTCCAATACAGCATT,0,2350822
mglBp,0.07142857142857142,13,13,CAACTTTAATCAGAAGAATC,0,2371016
mglBp,0.07142857142857142,13,13,CAACGGGATACAGCCTTGGT,0,2420607
mglBp,0.07142857142857142,13,13,CAACCAAGACGCGCGAGCTT,0,2317921
mglBp,0.07142857142857142,13,13,CAAACGCATGTGGCGGTGTA,0,2358080
mglBp,0.07142857142857142,13,13,CAAACACGGCAGTAGGCTCA,0,2411287
mglBp,0.07142857142857142,13,13,ATTTGCGGGACCAGATGGTA,0,2418945
mglBp,0.07142857142857142,13,13,ATTGCTCTGTTGTGACTACG,0,2338469
mglBp,0.07142857142857142,13,13,ATTCGCACTAATGCCCTCCA,0,2404536
mglBp,0.07142857142857142,13,13,ATTAGTGTTCGGCGGTCACA,0,2373756
mglBp,0.07142857142857142,13,13,ATTAGCTGTACCCGCTCGAG,0,2391966
mglBp,0.07142857142857142,13,13,ATTAGCCGTATAATTGGATC,0,2409476
mglBp,0.07142857142857142,13,13,ATTACTTTCGGGAAAATATA,0,2359881
mglBp,0.07142857142857142,13,13,ATTAAGCGGCAACGTGCCAT,0,2418107
mglBp,0.07142857142857142,13,13,ATGTGCAAATGGAATCCTAA,0,2384900
mglBp,0.07142857142857142,13,13,ATGTGATGCATGTTTATGGA,0,2364199
mglBp,0.07142857142857142,13,13,ATGTACTGTAGTACTTAGGC,0,2344242
mglBp,0.07142857142857142,13,13,ATGGTTAGGAATAATCCGTC,0,2390783
mglBp,0.07142857142857142,13,13,ATGGTACATTAATTAGATCC,0,2410447
mglBp,0.07142857142857142,13,13,ATGGGGGGGTATGGCGGGAA,0,2414993
mglBp,0.07142857142857142,13,13,ATGGAGTATTGCCTCGCTCT,0,2404849
mglBp,0.07142857142857142,13,13,ATGGAGAAATTCCCGAATTA,0,2373408
mglBp,0.07142857142857142,13,13,ATGCCCGGCTAATTCCGCGA,0,2361571
mglBp,0.07142857142857142,13,13,ATGAGTATAATCAAGCGTCC,0,2341611
mglBp,0.07142857142857142,13,13,ATGACCATGGGCCTAGCGCT,0,2327299
mglBp,0.07142857142857142,13,13,ATGAATCAGCTTCGGGTCAA,0,2381315
mglBp,0.07142857142857142,13,13,ATGAACTGCATTCAGGCGAT,0,2413497
mglBp,0.07142857142857142,13,13,ATCTCTAGCATGCCATAGAC,0,2407316
mglBp,0.07142857142857142,13,13,ATCTATTCTCGCCGCTTCAT,0,2393463
mglBp,0.07142857142857142,13,13,ATCGTTTCATAAGACTTCCA,0,2394021
mglBp,0.07142857142857142,13,13,ATCGCTACGCACCTCCCTCT,0,2416102
mglBp,0.07142857142857142,13,13,ATCGCGCGTCCGGTCTGGGA,0,2316652
mglBp,0.07142857142857142,13,13,ATCCGGAAAAGAAGGTGTAG,0,2413234
mglBp,0.07142857142857142,13,13,ATCCCCTGGTGCGCTAGTTG,0,2389724
mglBp,0.07142857142857142,13,13,ATCCCAGATGGACCTCATGC,0,2405200
mglBp,0.07142857142857142,13,13,ATCAAGCCTTGGAAGGCACA,0,2318550
mglBp,0.07142857142857142,13,13,ATATTGATGTATCAGGGCTG,0,2377565
mglBp,0.07142857142857142,13,13,ATATTCTATAACATAAAATC,0,2330960
mglBp,0.07142857142857142,13,13,ATATATGTAAGTAGTCTTCA,0,2340130
mglBp,0.07142857142857142,13,13,ATATAGATGCGGGCACATAA,0,2367930
mglBp,0.07142857142857142,13,13,ATAGTTTCGCGCCCCAAGCT,0,2324921
mglBp,0.07142857142857142,13,13,ATAGTAAATAACCTGGGCGA,0,2323364
mglBp,0.07142857142857142,13,13,ATAGGCGCACCGTCTGCTCA,0,2371670
mglBp,0.07142857142857142,13,13,ATAGCGACGTGGCTATTATG,0,2337422
mglBp,0.07142857142857142,13,13,ATAGATAGAGAAGCTTGTCA,0,2349929
mglBp,0.07142857142857142,13,13,ATACTATTTAATGCGCCTTA,0,2347567
mglBp,0.07142857142857142,13,13,ATACCGGTCGTATGGGATCT,0,2374266
mglBp,0.07142857142857142,13,13,ATACCCGCGGGATAGGACAT,0,2405679
mglBp,0.07142857142857142,13,13,ATACATTTGGGCGTCCTGAG,0,2362609
mglBp,0.07142857142857142,13,13,ATAATAAGTGAGAGGATTAA,0,2400670
mglBp,0.07142857142857142,13,13,AGTTTGACGCTAGACCCGCT,0,2359280
mglBp,0.07142857142857142,13,13,AGTTGCGAATGAGTGACTCG,0,2336481
mglBp,0.07142857142857142,13,13,AGTTGAAATTCTGCTCTCGA,0,2340670
mglBp,0.07142857142857142,13,13,AGTTATGCATACCCCGACCT,0,2362345
mglBp,0.07142857142857142,13,13,AGTTATACCGTGACGCACCT,0,2380427
mglBp,0.07142857142857142,13,13,AGTTACTAAAATTGAGAGAT,0,2396733
mglBp,0.07142857142857142,13,13,AGTGTGGATTTTTGGCATAT,0,2402954
mglBp,0.07142857142857142,13,13,AGTGCATGAGAGTCTTTGCA,0,2379524
mglBp,0.07142857142857142,13,13,AGTGATTGAGGCGCCTCGAC,0,2374799
mglBp,0.07142857142857142,13,13,AGTCGTGCGACGTCGGCCGT,0,2354175
mglBp,0.07142857142857142,13,13,AGTCCTCATTCGGCAATGAC,0,2384249
mglBp,0.07142857142857142,13,13,AGTAGGATTCGCCAGGCCTT,0,2339521
mglBp,0.07142857142857142,13,13,AGTAAGATGCGAACAGGATC,0,2317648
mglBp,0.07142857142857142,13,13,AGGTTTGTTATCCGAATACA,0,2329175
mglBp,0.07142857142857142,13,13,AGGTTTCAAATCACAACTAC,0,2392564
mglBp,0.07142857142857142,13,13,AGGTTCCCTAATTCGCTAGG,0,2342365
mglBp,0.07142857142857142,13,13,AGGTCGAAATAGTTTCGAAC,0,2338885
mglBp,0.07142857142857142,13,13,AGGTCAGCGTATGGAAAAGG,0,2391725
mglBp,0.07142857142857142,13,13,AGGTACGTCTAAAAGCCAGT,0,2349679
mglBp,0.07142857142857142,13,13,AGGGGAAGCTAAGTATGGTT,0,2419470
mglBp,0.07142857142857142,13,13,AGGGCAGTGTAACGCTCATA,0,2371469
mglBp,0.07142857142857142,13,13,AGGGAATTCATGAGTTTTGG,0,2366969
mglBp,0.07142857142857142,13,13,AGGCGATGGGATCGGTTTGA,0,2359629
mglBp,0.07142857142857142,13,13,AGGCGATCTAACACCTGCAA,0,2369846
mglBp,0.07142857142857142,13,13,AGGCCAAAGGGTCTGTTCGC,0,2365804
mglBp,0.07142857142857142,13,13,AGGATTGTGGCGTGTGCGGT,0,2399976
mglBp,0.07142857142857142,13,13,AGGACGCCACCGATGGACAT,0,2330143
mglBp,0.07142857142857142,13,13,AGCTGCAAATTGTGGGTCCT,0,2351844
mglBp,0.07142857142857142,13,13,AGCTCGGGTCCTAAGCGAGA,0,2402778
mglBp,0.07142857142857142,13,13,AGCTCGATTTCACCTGCGCG,0,2325379
mglBp,0.07142857142857142,13,13,AGCGTTCCGATCCAAGCTTA,0,2416069
mglBp,0.07142857142857142,13,13,AGCGTGCCAACAGGGTGGGT,0,2372278
mglBp,0.07142857142857142,13,13,AGCGTCCGCCCGGTACTAAG,0,2374947
mglBp,0.07142857142857142,13,13,AGCGCGTCCGATAAGCCCGT,0,2334868
mglBp,0.07142857142857142,13,13,AGCGCGGGGCGAAGTGGTTC,0,2391233
mglBp,0.07142857142857142,13,13,AGCGAATTATCCCAGCTCGT,0,2394075
mglBp,0.07142857142857142,13,13,AGCCAGCCTACGCCACCAGA,0,2384858
mglBp,0.07142857142857142,13,13,AGCATCAAATCTCTGGTAGA,0,2391971
mglBp,0.07142857142857142,13,13,AGCAGACCACGCCAAACCAT,0,2370781
mglBp,0.07142857142857142,13,13,AGCACCGGGTAGATGGGCAG,0,2373301
mglBp,0.07142857142857142,13,13,AGATTAGTATGCCTCAGCGA,0,2360739
mglBp,0.07142857142857142,13,13,AGATCTTTGTTGACGTTGAC,0,2317257
mglBp,0.07142857142857142,13,13,AGATCAGTGGCATCGAACCA,0,2356840
mglBp,0.07142857142857142,13,13,AGATAGCCTGATAAAACAAC,0,2367233
mglBp,0.07142857142857142,13,13,AGACTGCTGCCGGGGCGGAT,0,2409210
mglBp,0.07142857142857142,13,13,AGACGGTCACTGAATTGTGG,0,2340155
mglBp,0.07142857142857142,13,13,AGAAATCTTCTGTAGACGGT,0,2350541
mglBp,0.07142857142857142,13,13,AGAAACTAAGCCATCAGGCA,0,2326424
mglBp,0.07142857142857142,13,13,ACTTGGTTTCGTCTCGCACA,0,2328019
mglBp,0.07142857142857142,13,13,ACTTCGACTTTAGGCATTTT,0,2374255
mglBp,0.07142857142857142,13,13,ACTGGATGGCCCCGAGCCAA,0,2414688
mglBp,0.07142857142857142,13,13,ACTCTTCGTAACAACGTGTT,0,2351498
mglBp,0.07142857142857142,13,13,ACTCTTAACACTGCTCGGAC,0,2374628
mglBp,0.07142857142857142,13,13,ACTCGTTAGAGATGGGTGAG,0,2389936
mglBp,0.07142857142857142,13,13,ACTCGGGTACCATTACCAAA,0,2343211
mglBp,0.07142857142857142,13,13,ACTCGAATGGGCTCTGACAC,0,2328776
mglBp,0.07142857142857142,13,13,ACTCGAAGGCGACCCAGAGA,0,2382923
mglBp,0.07142857142857142,13,13,ACTAGTGACAATGCGCGGCT,0,2388653
mglBp,0.07142857142857142,13,13,ACTAACTCACAGGCTCCGAT,0,2419413
mglBp,0.07142857142857142,13,13,ACGTTACGACGCTTACTCGC,0,2343040
mglBp,0.07142857142857142,13,13,ACGTCTTCAACGTCCCCCAA,0,2371664
mglBp,0.07142857142857142,13,13,ACGTCGTAACGCATTATAGG,0,2348349
mglBp,0.07142857142857142,13,13,ACGTACTCTTCTGCAAGGGA,0,2375746
mglBp,0.07142857142857142,13,13,ACGCTTTAGTCCTGGGTAGC,0,2409629
mglBp,0.07142857142857142,13,13,ACGCGGCTACGTGTCTTTTA,0,2317893
mglBp,0.07142857142857142,13,13,ACGCGGAATGCTGAGAGGTA,0,2409355
mglBp,0.07142857142857142,13,13,ACGCACGTCCTCACCACGCA,0,2347830
mglBp,0.07142857142857142,13,13,ACGACTCAGTTTCGGGCCTT,0,2385602
mglBp,0.07142857142857142,13,13,ACGAAGTGTTACTAGCTGGG,0,2346004
mglBp,0.07142857142857142,13,13,ACCTGTTGTTAACGATAGCT,0,2316882
mglBp,0.07142857142857142,13,13,ACCTGTCACGAAATGCGTCC,0,2337959
mglBp,0.07142857142857142,13,13,ACCTGAGCGACCGAGCGTCT,0,2403132
mglBp,0.07142857142857142,13,13,ACCTATGTGGTGTGCAGCCA,0,2318280
mglBp,0.07142857142857142,13,13,ACCGTGATCACGTGCTGTAT,0,2419052
mglBp,0.07142857142857142,13,13,ACCGGTGATTTGTGTTATCG,0,2354431
mglBp,0.07142857142857142,13,13,ACCGGCCTCAGCAGAAGGGA,0,2332672
mglBp,0.07142857142857142,13,13,ACCCCTTAATTTCGACTCGT,0,2367951
mglBp,0.07142857142857142,13,13,ACCCATGTCCTTTTCTCGAC,0,2379940
mglBp,0.07142857142857142,13,13,ACCATTGTGTCTCAAGCGTA,0,2413686
mglBp,0.07142857142857142,13,13,ACCAGGACCCAACTAGGGCA,0,2398088
mglBp,0.07142857142857142,13,13,ACATGTAAATGGTTAATCCC,0,2377561
mglBp,0.07142857142857142,13,13,ACATGCGGGACGTATCGACC,0,2341959
mglBp,0.07142857142857142,13,13,ACAGGGGTTGTATGTGTGGT,0,2390048
mglBp,0.07142857142857142,13,13,ACAGCGCTGTGTCTAATGTA,0,2407931
mglBp,0.07142857142857142,13,13,ACAGACTATTGTCTGTGCGT,0,2361260
mglBp,0.07142857142857142,13,13,ACACGGGTCCCCTCGCCAGA,0,2394636
mglBp,0.07142857142857142,13,13,ACAATGAACCCCGGTGCTTG,0,2328323
mglBp,0.07142857142857142,13,13,ACAACCCATACTCGTCTCGC,0,2343169
mglBp,0.07142857142857142,13,13,ACAACCAAGCCCGGCACCCT,0,2364223
mglBp,0.07142857142857142,13,13,ACAAAGCTTTATCGCGCCTA,0,2326164
mglBp,0.07142857142857142,13,13,AATTTGGATCGTCCTAGGAT,0,2352489
mglBp,0.07142857142857142,13,13,AATTTAGGTTATACCCAAGA,0,2397020
mglBp,0.07142857142857142,13,13,AATTGTAGCTTCCTGTCAGA,0,2393309
mglBp,0.07142857142857142,13,13,AATTCATTTGGGAAACAGAT,0,2321354
mglBp,0.07142857142857142,13,13,AATGTTGGACTTCATATCGT,0,2399060
mglBp,0.07142857142857142,13,13,AATGTACATGCGTTAAGGAT,0,2392845
mglBp,0.07142857142857142,13,13,AATGGAGAGAATGATTCTAC,0,2401082
mglBp,0.07142857142857142,13,13,AATGCGCGTGTTGGTTCAAG,0,2380877
mglBp,0.07142857142857142,13,13,AATCTAGGGTCCACTTGGAT,0,2419858
mglBp,0.07142857142857142,13,13,AATCGTGCGCGAGGGCCGCC,0,2335748
mglBp,0.07142857142857142,13,13,AATAGGCACTTTGGAAGGCA,0,2405216
mglBp,0.07142857142857142,13,13,AATAGCATATGAGGTAGACA,0,2393457
mglBp,0.07142857142857142,13,13,AATAAGTGCCCGGGTGTGTC,0,2356346
mglBp,0.07142857142857142,13,13,AATAAAAAGTGAGGTTCGCT,0,2339749
mglBp,0.07142857142857142,13,13,AAGTTCTATTCCGCCTATTA,0,2398945
mglBp,0.07142857142857142,13,13,AAGTGGGCCATGGCGGATCT,0,2412368
mglBp,0.07142857142857142,13,13,AAGTGCTAAAACGTAAACAA,0,2394008
mglBp,0.07142857142857142,13,13,AAGTCACAGGGGGTTATTTC,0,2317398
mglBp,0.07142857142857142,13,13,AAGGTTATTACCGCAGAGGG,0,2391425
mglBp,0.07142857142857142,13,13,AAGGTCCCAAGGCCGAAATA,0,2385693
mglBp,0.07142857142857142,13,13,AAGGGAGGGGAATCTAGTAC,0,2374744
mglBp,0.07142857142857142,13,13,AAGGCTTCTCCTTTGGAGCA,0,2397293
mglBp,0.07142857142857142,13,13,AAGGACCAGGACGGGCTGGA,0,2372993
mglBp,0.07142857142857142,13,13,AAGCCCACCCAGTGTGGGGT,0,2401452
mglBp,0.07142857142857142,13,13,AAGATAAGCACCACTCGGCT,0,2357527
mglBp,0.07142857142857142,13,13,AAGACAGCGTCTACACTGGT,0,2357503
mglBp,0.07142857142857142,13,13,AACTCGTGGCCGTAACGGCT,0,2324691
mglBp,0.07142857142857142,13,13,AACGCGCTTGCGCATGCGAA,0,2408297
mglBp,0.07142857142857142,13,13,AACCTCGGGTACTTTACCGT,0,2391822
mglBp,0.07142857142857142,13,13,AACCGATTAATAACCTAGTT,0,2358859
mglBp,0.07142857142857142,13,13,AACCCTGGGGGCTCCACCCC,0,2337014
mglBp,0.07142857142857142,13,13,AACCCGTCGTGCAGAATAGT,0,2365664
mglBp,0.07142857142857142,13,13,AACCCCTAACAGTACCTTCG,0,2404390
mglBp,0.07142857142857142,13,13,AAATTTATCAATGTTGGCGG,0,2323989
mglBp,0.07142857142857142,13,13,AAATTATGAGCCTGACTCCT,0,2402485
mglBp,0.07142857142857142,13,13,AAATTAAATAGTCTGGAGTA,0,2357114
mglBp,0.07142857142857142,13,13,AAAGTTGGTCTGTTGACGCT,0,2362240
mglBp,0.07142857142857142,13,13,AAAGCTGCACGCGGTATATA,0,2366507
mglBp,0.07142857142857142,13,13,AAAGACTCGGTACGACTCGA,0,2369988
mglBp,0.07142857142857142,13,13,AAACTGAGACGAAATTCCAA,0,2405558
mglBp,0.07142857142857142,13,13,AAACGGGGATCCGGTTGGTG,0,2352038
mglBp,0.07142857142857142,13,13,AAACACCCACGGCGACAGAA,0,2401835
mglBp,0.07142857142857142,13,13,AAAATGTGGTCGGCCAGTGG,0,2400963
mglBp,0.07142857142857142,13,13,AAAAGATGGGCTAAAATGTA,0,2341852
mglBp,0.07142857142857142,13,13,AAAACTCATAGGATTGACAA,0,2356442
mglBp,0.07142857142857142,13,13,AAAACGACCGTAAGCATGCC,0,2398118
mglBp,0.07692307692307693,12,12,TTTTGTCTCATCGAGCCTGT,0,2394017
mglBp,0.07692307692307693,12,12,TTTTGTCCTGTGCGTAGCGT,0,2377819
mglBp,0.07692307692307693,12,12,TTTTGGTTAATCCGCTCGAT,0,2402533
mglBp,0.07692307692307693,12,12,TTTTCGGGGCACGCGATCAT,0,2381955
mglBp,0.07692307692307693,12,12,TTTTACTTCCTTTTCACGTA,0,2349353
mglBp,0.07692307692307693,12,12,TTTGTGATTCGTCCTGTTCC,0,2381938
mglBp,0.07692307692307693,12,12,TTTGGGAATGTGCCTTCCTA,0,2334431
mglBp,0.07692307692307693,12,12,TTTGCGTCTCCATGTCGAGT,0,2366648
mglBp,0.07692307692307693,12,12,TTTCTTTATAGCTGGGACCC,0,2368292
mglBp,0.07692307692307693,12,12,TTTCCTGATGGAACCGATTT,0,2421362
mglBp,0.07692307692307693,12,12,TTTACGGAGTTCTGACAACA,0,2343931
mglBp,0.07692307692307693,12,12,TTTACGCTGCAGGATTTATA,0,2413779
mglBp,0.07692307692307693,12,12,TTGTTGCCCGCCACCTAATC,0,2416611
mglBp,0.07692307692307693,12,12,TTGTTCTGTACGCAGAAATG,0,2359218
mglBp,0.07692307692307693,12,12,TTGTTAAGCTGACTATGACA,0,2348558
mglBp,0.07692307692307693,12,12,TTGTCAAAATATCTCCTAGT,0,2316689
mglBp,0.07692307692307693,12,12,TTGTAGGAGCGTGGCTGGAA,0,2407149
mglBp,0.07692307692307693,12,12,TTGGTTGTTTAGGCTGCAAT,0,2335680
mglBp,0.07692307692307693,12,12,TTGGGCCGTCACCGAGAAGT,0,2317335
mglBp,0.07692307692307693,12,12,TTGGCGACTGGCCACTGCTG,0,2398001
mglBp,0.07692307692307693,12,12,TTGGCCTCTTCCGAGTGTAT,0,2372512
mglBp,0.07692307692307693,12,12,TTGCTTGCCGCCCATCAGTA,0,2398129
mglBp,0.07692307692307693,12,12,TTGCTTCCCCAAATCGATTT,0,2386252
mglBp,0.07692307692307693,12,12,TTGCATGGACGTGCATAGTG,0,2327700
mglBp,0.07692307692307693,12,12,TTGCAATGGTATCGAGCATA,0,2389606
mglBp,0.07692307692307693,12,12,TTGATATTTGCACAGCATCC,0,2377401
mglBp,0.07692307692307693,12,12,TTGAGGGTGGTTAAGCCCTT,0,2405720
mglBp,0.07692307692307693,12,12,TTGAATTGAGGCGTATTATT,0,2331012
mglBp,0.07692307692307693,12,12,TTGAATGAATAGATAATAAG,0,2326712
mglBp,0.07692307692307693,12,12,TTCTTTAATTCCCCGAGGCT,0,2340287
mglBp,0.07692307692307693,12,12,TTCTGCATTATTAAAGATCC,0,2354740
mglBp,0.07692307692307693,12,12,TTCGTTAGCTACAGATTCTC,0,2394199
mglBp,0.07692307692307693,12,12,TTCGACTAGAGGAGGGGCCC,0,2385887
mglBp,0.07692307692307693,12,12,TTCGACGAAAGCCTAATCGA,0,2369180
mglBp,0.07692307692307693,12,12,TTCGAAAACAATTCCCCACA,0,2364600
mglBp,0.07692307692307693,12,12,TTCCGTGTCAGATCCTGGTA,0,2360545
mglBp,0.07692307692307693,12,12,TTCCACCAAAACACATGTTG,0,2409952
mglBp,0.07692307692307693,12,12,TTCATGAGGAGGGCGTCTGT,0,2330969
mglBp,0.07692307692307693,12,12,TTCATCACAATCGTAGAGAT,0,2318729
mglBp,0.07692307692307693,12,12,TTCATAGGTAAGACCGGACT,0,2372077
mglBp,0.07692307692307693,12,12,TTCAGAAGGATGCCCGTGCT,0,2392995
mglBp,0.07692307692307693,12,12,TTCAACAGCACAACCCTTTC,0,2354620
mglBp,0.07692307692307693,12,12,TTATAAGTCCATGTCATATA,0,2401969
mglBp,0.07692307692307693,12,12,TTAGTTTTGAAATCGGTAGA,0,2370333
mglBp,0.07692307692307693,12,12,TTAGTTAAAACGCATTGCCG,0,2402273
mglBp,0.07692307692307693,12,12,TTAGCTCCTATGCCGTTTTA,0,2400094
mglBp,0.07692307692307693,12,12,TTAGCGGGCGAATAGGTTCC,0,2345541
mglBp,0.07692307692307693,12,12,TTAGCGCGGTGCCGCGGCGA,0,2413861
mglBp,0.07692307692307693,12,12,TTAGCAGCCATGAATTGCTC,0,2355714
mglBp,0.07692307692307693,12,12,TTACTGCGGGAAAAGATTAT,0,2391554
mglBp,0.07692307692307693,12,12,TTACTAGGAAACTCTGCCCG,0,2385592
mglBp,0.07692307692307693,12,12,TTACGGGAGCTCCACGTCTG,0,2362644
mglBp,0.07692307692307693,12,12,TTACGAAAATCCGTATAGCC,0,2375321
mglBp,0.07692307692307693,12,12,TTACCGTCCAGACTCGTAGG,0,2361135
mglBp,0.07692307692307693,12,12,TTACCGGACTTCGCGTCGAG,0,2400445
mglBp,0.07692307692307693,12,12,TTACAGAATCGCTAAGGCCA,0,2377756
mglBp,0.07692307692307693,12,12,TTAAGACGAAATATATTTTG,0,2418400
mglBp,0.07692307692307693,12,12,TTAACGGAGACTACAACGTG,0,2316757
mglBp,0.07692307692307693,12,12,TTAACCACGGGGGTACTCTT,0,2336596
mglBp,0.07692307692307693,12,12,TTAAACGCTCTGGTCGTTCA,0,2418377
mglBp,0.07692307692307693,12,12,TGTTCTTTTAGAGATCCCCA,0,2379162
mglBp,0.07692307692307693,12,12,TGTTATTGGCAAGACAGTTT,0,2326785
mglBp,0.07692307692307693,12,12,TGTTAGGAACATAACTCCAT,0,2321233
mglBp,0.07692307692307693,12,12,TGTGGGACTTGACTACCTCT,0,2342360
mglBp,0.07692307692307693,12,12,TGTGGGACCGACTATACCGT,0,2409590
mglBp,0.07692307692307693,12,12,TGTGCTAGGCTGAAAGTACA,0,2338270
mglBp,0.07692307692307693,12,12,TGTGATATCGGTTGACAAAA,0,2356563
mglBp,0.07692307692307693,12,12,TGTCCTACGTAAGTCCTGCA,0,2317121
mglBp,0.07692307692307693,12,12,TGTCCACCCCCTCGAAGTCT,0,2367475
mglBp,0.07692307692307693,12,12,TGGTCGTGAGCGACCGTAAT,0,2416492
mglBp,0.07692307692307693,12,12,TGGTCGCTGCGATTCTTTTT,0,2341511
mglBp,0.07692307692307693,12,12,TGGTAATCTAACAGTTTCCT,0,2360013
mglBp,0.07692307692307693,12,12,TGGTAAATAACTGAAAATCC,0,2402744
mglBp,0.07692307692307693,12,12,TGGGGCGAAGAGTGACTGGG,0,2420882
mglBp,0.07692307692307693,12,12,TGGGGAGGTCACCTATTAGG,0,2331582
mglBp,0.07692307692307693,12,12,TGGGCGGATTAGGCTGCCTG,0,2355990
mglBp,0.07692307692307693,12,12,TGGGATTCAGGTAGTTTCCC,0,2360422
mglBp,0.07692307692307693,12,12,TGGGAGGCTTACTAAGACAC,0,2347546
mglBp,0.07692307692307693,12,12,TGGCCGTTTGCCACTGACTT,0,2330142
mglBp,0.07692307692307693,12,12,TGGAGGGAGACACGAGGTCC,0,2319485
mglBp,0.07692307692307693,12,12,TGGAGAAGATGAACACATTA,0,2419349
mglBp,0.07692307692307693,12,12,TGGACTCGTCAATATCATTA,0,2366363
mglBp,0.07692307692307693,12,12,TGCTTACTATGAGTCGTTCT,0,2343166
mglBp,0.07692307692307693,12,12,TGCTGATCTTACCTGAGTGA,0,2371475
mglBp,0.07692307692307693,12,12,TGCTCTTACGTGACGGCATC,0,2404839
mglBp,0.07692307692307693,12,12,TGCTCAAATATAACGCCAAG,0,2381905
mglBp,0.07692307692307693,12,12,TGCGGTGATGTGTAGCTCAA,0,2397167
mglBp,0.07692307692307693,12,12,TGCGACGATATAACCGGAAC,0,2419374
mglBp,0.07692307692307693,12,12,TGCCTTAATAGCATATTATG,0,2380090
mglBp,0.07692307692307693,12,12,TGCCGGACAAACCTAGATCG,0,2364407
mglBp,0.07692307692307693,12,12,TGCCGCCACCGTGCTAGTCG,0,2371450
mglBp,0.07692307692307693,12,12,TGCATTAATCTAGAGGGATG,0,2388954
mglBp,0.07692307692307693,12,12,TGCAGCCGGGTAGGCATACG,0,2324693
mglBp,0.07692307692307693,12,12,TGCAGCACAAACAGGCGTGA,0,2321438
mglBp,0.07692307692307693,12,12,TGCACGCGCGCGGAACACCA,0,2421489
mglBp,0.07692307692307693,12,12,TGCAAGAAGTTTGTCTCAAT,0,2332999
mglBp,0.07692307692307693,12,12,TGATGTCGCGAAAACAATAG,0,2384532
mglBp,0.07692307692307693,12,12,TGATCTGCTTAGTGTCACGA,0,2399063
mglBp,0.07692307692307693,12,12,TGATCATACATTGTAGGGTT,0,2380833
mglBp,0.07692307692307693,12,12,TGATACGCCGGGCTACCAAA,0,2413483
mglBp,0.07692307692307693,12,12,TGAGGGAGCACAGACCGGCA,0,2411700
mglBp,0.07692307692307693,12,12,TGAGCCAAGCACGGCCTTTA,0,2377626
mglBp,0.07692307692307693,12,12,TGACGAATGCTCTCACTCTG,0,2364054
mglBp,0.07692307692307693,12,12,TGACCGTTGGGACCGCTCGT,0,2398187
mglBp,0.07692307692307693,12,12,TGACCCCCCTAAGCCTTACA,0,2339120
mglBp,0.07692307692307693,12,12,TGAATTAAATCCGTAATCGA,0,2351034
mglBp,0.07692307692307693,12,12,TGAATGGTGTAGTACAAATT,0,2337629
mglBp,0.07692307692307693,12,12,TGAACAGGTCCAGAAATGCA,0,2364647
mglBp,0.07692307692307693,12,12,TCTTTGTCGCTCTACGCTGT,0,2351221
mglBp,0.07692307692307693,12,12,TCTTTGCGCTGCACCTTATG,0,2349206
mglBp,0.07692307692307693,12,12,TCTTATCCTTTAGCGCTAGA,0,2355044
mglBp,0.07692307692307693,12,12,TCTGGTACAGCTCAATCGGA,0,2391457
mglBp,0.07692307692307693,12,12,TCTGGGAAATCCGGGCACGG,0,2317586
mglBp,0.07692307692307693,12,12,TCTGCTTGTGGCGCTAGGTA,0,2320082
mglBp,0.07692307692307693,12,12,TCTGCCGTTTTCATTTCATA,0,2373749
mglBp,0.07692307692307693,12,12,TCTGACCTCCTGGGTTTGAC,0,2342079
mglBp,0.07692307692307693,12,12,TCTCTAGGGGTACACCCACG,0,2358532
mglBp,0.07692307692307693,12,12,TCTCGGGGGGCTGCTTGCTT,0,2422823
mglBp,0.07692307692307693,12,12,TCTCCGGACCGTGCTGGTCA,0,2359491
mglBp,0.07692307692307693,12,12,TCTAGGTCACACGCGATGCA,0,2347603
mglBp,0.07692307692307693,12,12,TCTAGCTGCATGTCAAGGAA,0,2408968
mglBp,0.07692307692307693,12,12,TCGTTACTAAACATGGTACG,0,2415098
mglBp,0.07692307692307693,12,12,TCGTGCACTCCATTCTGGGA,0,2352448
mglBp,0.07692307692307693,12,12,TCGTCGCCCTTCGGTTCCTG,0,2365822
mglBp,0.07692307692307693,12,12,TCGGAATTGAACAGGAAGAA,0,2389847
mglBp,0.07692307692307693,12,12,TCGCGTTCGCTACGAAGACT,0,2398250
mglBp,0.07692307692307693,12,12,TCGCCGCCCTTAACTGGCAT,0,2385048
mglBp,0.07692307692307693,12,12,TCGCCCGGTAGGGGAACTCC,0,2388979
mglBp,0.07692307692307693,12,12,TCGCCATCGGAAAAATCGAT,0,2405154
mglBp,0.07692307692307693,12,12,TCGCAAGTAACCCTACCCAT,0,2364653
mglBp,0.07692307692307693,12,12,TCCTTTCAGGGGCTTAATAT,0,2320919
mglBp,0.07692307692307693,12,12,TCCTGTGAATGAAGGACAGC,0,2327870
mglBp,0.07692307692307693,12,12,TCCTGTAGCGCGGTTATGTG,0,2349480
mglBp,0.07692307692307693,12,12,TCCTACACGGGATCTTCAAT,0,2368646
mglBp,0.07692307692307693,12,12,TCCGTCCCCTTTGAATTTAT,0,2356942
mglBp,0.07692307692307693,12,12,TCCGGGCTACGGCTTCGGTA,0,2318282
mglBp,0.07692307692307693,12,12,TCCCATCGGCATCATAAAAT,0,2392251
mglBp,0.07692307692307693,12,12,TCCATTGGAAATGGCGGCCC,0,2323523
mglBp,0.07692307692307693,12,12,TCCAATGTGCGTTACCTAGC,0,2370151
mglBp,0.07692307692307693,12,12,TCCAACTGTCGAAACCTACG,0,2403404
mglBp,0.07692307692307693,12,12,TCATTAAACTAGGGCAATGT,0,2346108
mglBp,0.07692307692307693,12,12,TCATGTCCTACGTAAGAGCA,0,2404508
mglBp,0.07692307692307693,12,12,TCATGGATTCACACAGCAGC,0,2332152
mglBp,0.07692307692307693,12,12,TCATCTAAGTACTACGGGTA,0,2413690
mglBp,0.07692307692307693,12,12,TCATCGGGTTTGATGTCACA,0,2357061
mglBp,0.07692307692307693,12,12,TCATCCAGGAATTTACATCG,0,2348955
mglBp,0.07692307692307693,12,12,TCATAAGGACAGGCCTCCAT,0,2343877
mglBp,0.07692307692307693,12,12,TCAGTCGTTTCTAATGGGTG,0,2395945
mglBp,0.07692307692307693,12,12,TCAGTACGTCGATGGGGGGA,0,2320736
mglBp,0.07692307692307693,12,12,TCAGCGGCAATGACATATGT,0,2353780
mglBp,0.07692307692307693,12,12,TCAGCGATGCACATCACGAG,0,2359002
mglBp,0.07692307692307693,12,12,TCAGCAACCGTACATAGGGA,0,2378358
mglBp,0.07692307692307693,12,12,TCAGATTCGGTCGCATGTAT,0,2416711
mglBp,0.07692307692307693,12,12,TCAGATATCCCATACTACCA,0,2387858
mglBp,0.07692307692307693,12,12,TCAGATAACGCCTACGGGCA,0,2392433
mglBp,0.07692307692307693,12,12,TCAGAAGGGCTTACAGCGTA,0,2415003
mglBp,0.07692307692307693,12,12,TCACTCCGCCGGACCTTAAA,0,2347441
mglBp,0.07692307692307693,12,12,TCACGGCCACGAGGTTGGTA,0,2377276
mglBp,0.07692307692307693,12,12,TCACCGGAAGCAGAACTTAC,0,2412282
mglBp,0.07692307692307693,12,12,TCACCAGGTTGACTTACTGA,0,2411401
mglBp,0.07692307692307693,12,12,TCACAAACAAGCGGGGGCTC,0,2336731
mglBp,0.07692307692307693,12,12,TCAATCAAAGTGGCGAGACA,0,2378110
mglBp,0.07692307692307693,12,12,TCAAGTGGCCTGCCCTGAAA,0,2367269
mglBp,0.07692307692307693,12,12,TCAAGCATTGCTTCGGATTA,0,2332945
mglBp,0.07692307692307693,12,12,TCAACAACGATTACCTTATC,0,2318246
mglBp,0.07692307692307693,12,12,TCAAAGGTGATGCATGGTGG,0,2400427
mglBp,0.07692307692307693,12,12,TCAAAGCGCATCAAAGTACC,0,2371796
mglBp,0.07692307692307693,12,12,TCAAACTCGGATGAGTGTTC,0,2401915
mglBp,0.07692307692307693,12,12,TATTTGTGTTCAGACTGCTA,0,2317294
mglBp,0.07692307692307693,12,12,TATTTGATGTAGGGTCGCCC,0,2408615
mglBp,0.07692307692307693,12,12,TATTGTCTAGGAATACATCT,0,2415466
mglBp,0.07692307692307693,12,12,TATTCTCTCGTAGGATTCGC,0,2329023
mglBp,0.07692307692307693,12,12,TATTACCTGGTCCTTTAAAT,0,2394359
mglBp,0.07692307692307693,12,12,TATGTGCTTGGGCCAGCGAC,0,2328326
mglBp,0.07692307692307693,12,12,TATGGCCCTTGGCGGAAATC,0,2340508
mglBp,0.07692307692307693,12,12,TATCTCTCTTCCCCACCTGA,0,2383742
mglBp,0.07692307692307693,12,12,TATCTAGGAATAGTAGACTC,0,2365074
mglBp,0.07692307692307693,12,12,TATCCCAGAAAGTCCACCCA,0,2360500
mglBp,0.07692307692307693,12,12,TATACCATTCTAGAAAAGAC,0,2342067
mglBp,0.07692307692307693,12,12,TATACAAGAGACTCCTATGA,0,2351310
mglBp,0.07692307692307693,12,12,TATAATAAGGCCTCGCTCAA,0,2349048
mglBp,0.07692307692307693,12,12,TAGGGTGTGACAGCTGCCGT,0,2342009
mglBp,0.07692307692307693,12,12,TAGGGACAGCGTATCTGAGG,0,2396208
mglBp,0.07692307692307693,12,12,TAGGACGTGGCTTGGCTTAG,0,2419675
mglBp,0.07692307692307693,12,12,TAGCTGGGCGAGGCACTCCC,0,2385445
mglBp,0.07692307692307693,12,12,TAGCCTGAAATTTGTTAGAG,0,2379432
mglBp,0.07692307692307693,12,12,TAGATGCTGTGAAATGTTTT,0,2408636
mglBp,0.07692307692307693,12,12,TAGATATCATAACGAGTAGA,0,2381174
mglBp,0.07692307692307693,12,12,TACTTGCGCTGAGTGCATCA,0,2380772
mglBp,0.07692307692307693,12,12,TACTATGAGAGGCTTCTTCG,0,2417377
mglBp,0.07692307692307693,12,12,TACTAACCTATGTGATTACT,0,2377094
mglBp,0.07692307692307693,12,12,TACGTATCGGCCAGGTCACC,0,2335185
mglBp,0.07692307692307693,12,12,TACGGTAATGCCTTACGAAA,0,2329240
mglBp,0.07692307692307693,12,12,TACGCTCACTTGTCAATCGA,0,2397261
mglBp,0.07692307692307693,12,12,TACGCAGACCAACCATATTA,0,2392769
mglBp,0.07692307692307693,12,12,TACCTCGAGTTGACCCAATG,0,2402041
mglBp,0.07692307692307693,12,12,TACCCTCAGTCTTCGCGAGT,0,2352110
mglBp,0.07692307692307693,12,12,TACCCCGGCCCGAGAAACCC,0,2417330
mglBp,0.07692307692307693,12,12,TACCCCAGGTTCACAGTAAG,0,2348072
mglBp,0.07692307692307693,12,12,TACCACCGCATATTACACGT,0,2418889
mglBp,0.07692307692307693,12,12,TACATTCACCAAACAGCGGA,0,2375559
mglBp,0.07692307692307693,12,12,TACATGTGATTTAAACGACG,0,2337328
mglBp,0.07692307692307693,12,12,TACAGTATGCGGACAATATT,0,2395091
mglBp,0.07692307692307693,12,12,TACACTGAAGGCTGTACTAC,0,2354285
mglBp,0.07692307692307693,12,12,TACACCTTCACCCGCCTCAA,0,2339307
mglBp,0.07692307692307693,12,12,TACACCGGTCCCCTCCCTTT,0,2418928
mglBp,0.07692307692307693,12,12,TACAAGAATAAAGGTGGGAC,0,2342043
mglBp,0.07692307692307693,12,12,TACAACGGGCAAGGAATTAT,0,2325199
mglBp,0.07692307692307693,12,12,TACAACCGTTTTATCCTTAC,0,2361408
mglBp,0.07692307692307693,12,12,TAATTCGGCCATTTTCTTAC,0,2326377
mglBp,0.07692307692307693,12,12,TAATGTCGGCAATGGTATAC,0,2421057
mglBp,0.07692307692307693,12,12,TAAGGCTTAAGGAGGGAAAC,0,2335981
mglBp,0.07692307692307693,12,12,TAACGCTTTTGGGCTAAGAG,0,2389396
mglBp,0.07692307692307693,12,12,TAACCCCCCTATTCGTTCCA,0,2368248
mglBp,0.07692307692307693,12,12,TAACAGTGCGACATAGGCAG,0,2416688
mglBp,0.07692307692307693,12,12,TAAATGAGACGAAGTGCGCT,0,2381891
mglBp,0.07692307692307693,12,12,TAAATAGGGGCTGTCTGCGT,0,2329285
mglBp,0.07692307692307693,12,12,TAAAGATCCTGACGCGAAAA,0,2419547
mglBp,0.07692307692307693,12,12,GTTTCAGGCAGAGGCTAAAA,0,2385196
mglBp,0.07692307692307693,12,12,GTTGGACACAGTATGCTTCT,0,2388439
mglBp,0.07692307692307693,12,12,GTTCCGTTCTGTAGCGCAAT,0,2361694
mglBp,0.07692307692307693,12,12,GTTCCAAAGGGTAGAATAAT,0,2379635
mglBp,0.07692307692307693,12,12,GTTCAGCCCGATCCAGACTA,0,2322407
mglBp,0.07692307692307693,12,12,GTTAAGAGCTGCGTGGTAAA,0,2396749
mglBp,0.07692307692307693,12,12,GTGTTACGGTGGATATTAAT,0,2362814
mglBp,0.07692307692307693,12,12,GTGTGCAATACGCACGGGCT,0,2358024
mglBp,0.07692307692307693,12,12,GTGTCCCCTCCGGCAGCAAC,0,2346362
mglBp,0.07692307692307693,12,12,GTGTACTTTATGCCGGGCAT,0,2384987
mglBp,0.07692307692307693,12,12,GTGGTCTGAATTTACCGATG,0,2383535
mglBp,0.07692307692307693,12,12,GTGGTACACTTGGTCGAATA,0,2338774
mglBp,0.07692307692307693,12,12,GTGGCTTAAGGTCCGGACCA,0,2346582
mglBp,0.07692307692307693,12,12,GTGGCAAGGATTCTACGCTA,0,2336023
mglBp,0.07692307692307693,12,12,GTGCTTGCATCTGTAAGCAG,0,2350678
mglBp,0.07692307692307693,12,12,GTGCCCCCATCATTTGTTTG,0,2401756
mglBp,0.07692307692307693,12,12,GTGCAAGGTTAAAATAACGC,0,2336553
mglBp,0.07692307692307693,12,12,GTGATTTAGTGTAATCAGAT,0,2323354
mglBp,0.07692307692307693,12,12,GTGAGAAAATCTTAGAAAGG,0,2407621
mglBp,0.07692307692307693,12,12,GTCTTTATGATATATGTAAG,0,2397430
mglBp,0.07692307692307693,12,12,GTCTCTGATGTTCTAACTTG,0,2375282
mglBp,0.07692307692307693,12,12,GTCTCCCCTTTAGCACAAAC,0,2367231
mglBp,0.07692307692307693,12,12,GTCTCAGGTGTCGGTTTTCA,0,2357064
mglBp,0.07692307692307693,12,12,GTCTAGATGGGGGGGTTAGT,0,2412240
mglBp,0.07692307692307693,12,12,GTCTAAATGGACTCGCCGTA,0,2404936
mglBp,0.07692307692307693,12,12,GTCGTAACCACCCCGTACGT,0,2387784
mglBp,0.07692307692307693,12,12,GTCGGCATTTAAGCGACGTA,0,2321349
mglBp,0.07692307692307693,12,12,GTCCTACACCGGCTATATCT,0,2338623
mglBp,0.07692307692307693,12,12,GTCCGGGCGTACGGGGACGT,0,2387664
mglBp,0.07692307692307693,12,12,GTCCAAGCCGTAATTCATGT,0,2403480
mglBp,0.07692307692307693,12,12,GTCACGGAAGTCCTGGTTAG,0,2404575
mglBp,0.07692307692307693,12,12,GTCAAGTCGTGCGATCCACG,0,2381887
mglBp,0.07692307692307693,12,12,GTATTCCATACCCACTGGAC,0,2421507
mglBp,0.07692307692307693,12,12,GTATCCCCAGACGCCGACAC,0,2325034
mglBp,0.07692307692307693,12,12,GTATAGCGGTGTTAGTTGCC,0,2384661
mglBp,0.07692307692307693,12,12,GTAGGCTTCAATTCTGCAGT,0,2357050
mglBp,0.07692307692307693,12,12,GTACGTAGGCATAGTTTGAT,0,2354406
mglBp,0.07692307692307693,12,12,GTACCGTCTTGCAATTGGCA,0,2329897
mglBp,0.07692307692307693,12,12,GTAATATGGGGTACCTATCT,0,2363184
mglBp,0.07692307692307693,12,12,GTAACAGAAAGCCTTACATT,0,2381501
mglBp,0.07692307692307693,12,12,GTAAATTAGGTCATACGGGG,0,2400942
mglBp,0.07692307692307693,12,12,GTAAACACTTCGATAATCAA,0,2364993
mglBp,0.07692307692307693,12,12,GTAAAACATCGTTGTGGTAG,0,2370797
mglBp,0.07692307692307693,12,12,GGTTTCGCCGAGTTCCATTT,0,2398606
mglBp,0.07692307692307693,12,12,GGTTTAATTCTTCGTAGAGG,0,2343985
mglBp,0.07692307692307693,12,12,GGTTGTTGAAGGGTGTTCAA,0,2342923
mglBp,0.07692307692307693,12,12,GGTTGAAGAGTCCCATCTGT,0,2346677
mglBp,0.07692307692307693,12,12,GGTGTTTGCTTGGCGTGTGA,0,2395661
mglBp,0.07692307692307693,12,12,GGTGTGGTGGAGTAACACTA,0,2335911
mglBp,0.07692307692307693,12,12,GGTGCCCGAGTAGTTAATTT,0,2415115
mglBp,0.07692307692307693,12,12,GGTGACCCATGGTCGTGGAT,0,2408858
mglBp,0.07692307692307693,12,12,GGTCTTGAATCGTTGTATTC,0,2345536
mglBp,0.07692307692307693,12,12,GGTCTCGGGGTTGTGAGGTA,0,2383483
mglBp,0.07692307692307693,12,12,GGTCGCGCGAACTTTAAGCG,0,2361142
mglBp,0.07692307692307693,12,12,GGTATCGAGGGTCTTGCACA,0,2360614
mglBp,0.07692307692307693,12,12,GGTAGGGAGGGGACTTGGAT,0,2393611
mglBp,0.07692307692307693,12,12,GGTAATCGCTACATTGGAGT,0,2397568
mglBp,0.07692307692307693,12,12,GGTAATATTTTAAGCAAGAA,0,2423139
mglBp,0.07692307692307693,12,12,GGGTGTGGTATCCCTTCACG,0,2336235
mglBp,0.07692307692307693,12,12,GGGTGTCGCTCTTCAAGTTA,0,2420514
mglBp,0.07692307692307693,12,12,GGGTCTAAGCCCGGGATACA,0,2317542
mglBp,0.07692307692307693,12,12,GGGTCAGACATTAATAGGTT,0,2359673
mglBp,0.07692307692307693,12,12,GGGGCAAGCGGGAGCCTTCA,0,2394013
mglBp,0.07692307692307693,12,12,GGGGACCGTATGTCTTGGGA,0,2339347
mglBp,0.07692307692307693,12,12,GGGCCCCCCGACTATTGAAT,0,2350607
mglBp,0.07692307692307693,12,12,GGGCAAGCTGATAGGCATAA,0,2362458
mglBp,0.07692307692307693,12,12,GGGAGCAGGTTATGGAGCTC,0,2323880
mglBp,0.07692307692307693,12,12,GGGACACTTCTTTAGGCACA,0,2349724
mglBp,0.07692307692307693,12,12,GGGAAGTCGCGACGGCTCGA,0,2326795
mglBp,0.07692307692307693,12,12,GGCTTATCAATTCTCCTGAT,0,2349590
mglBp,0.07692307692307693,12,12,GGCTCGTTTCGTAGTTATGA,0,2331896
mglBp,0.07692307692307693,12,12,GGCTATGGGCCGGATTACGA,0,2323663
mglBp,0.07692307692307693,12,12,GGCTATACCACTAATTGCGA,0,2382136
mglBp,0.07692307692307693,12,12,GGCTAGGAGCAAAACTGCCT,0,2343543
mglBp,0.07692307692307693,12,12,GGCTAAAATTAGACCAATTT,0,2383600
mglBp,0.07692307692307693,12,12,GGCCTGGGTTGTAATTTTGT,0,2383578
mglBp,0.07692307692307693,12,12,GGCCGGGGCAAGTGCCTTTG,0,2350746
mglBp,0.07692307692307693,12,12,GGCAGCACAGTCAGGCTGTT,0,2389395
mglBp,0.07692307692307693,12,12,GGATCGCGCTGATCAGAGGG,0,2381168
mglBp,0.07692307692307693,12,12,GGAGGTGGCTACCATTGGGA,0,2359659
mglBp,0.07692307692307693,12,12,GGAGGGTTTGCATGTCAGAC,0,2343123
mglBp,0.07692307692307693,12,12,GGACGTGGCATTAAACACAG,0,2382338
mglBp,0.07692307692307693,12,12,GGACCATGTAGTCGTGAAAT,0,2387772
mglBp,0.07692307692307693,12,12,GGACAATGCCAGCCATGCTA,0,2337869
mglBp,0.07692307692307693,12,12,GGAAGGAAACACAAGTTAGG,0,2383220
mglBp,0.07692307692307693,12,12,GGAAATGTGGTCCCCCACAC,0,2383204
mglBp,0.07692307692307693,12,12,GGAAATCTTGAAGCAGGGAA,0,2326609
mglBp,0.07692307692307693,12,12,GGAAAGTTGAATTGAAGGCA,0,2380370
mglBp,0.07692307692307693,12,12,GGAAAACTCATCAATCACCA,0,2335464
mglBp,0.07692307692307693,12,12,GCTGCGGGAGGCGGGCGCGT,0,2384838
mglBp,0.07692307692307693,12,12,GCTGCACGATAGGGGCTCTT,0,2327404
mglBp,0.07692307692307693,12,12,GCTCGTAGGTTTCATGTCTA,0,2420334
mglBp,0.07692307692307693,12,12,GCTCGGAGGTCGCCGGTTCT,0,2417248
mglBp,0.07692307692307693,12,12,GCTATTAACAGGTCACCCGG,0,2398632
mglBp,0.07692307692307693,12,12,GCTAGGGTTGATTGTTCTTA,0,2319606
mglBp,0.07692307692307693,12,12,GCGTTTATGTCATGGGGCTG,0,2410849
mglBp,0.07692307692307693,12,12,GCGTGCGGGGGGTTACAAAT,0,2331509
mglBp,0.07692307692307693,12,12,GCGTCGCTTTGCACGAATTC,0,2405973
mglBp,0.07692307692307693,12,12,GCGTCCTATCAGACGAACAT,0,2316516
mglBp,0.07692307692307693,12,12,GCGGTGCTCGGATGCCAATG,0,2418980
mglBp,0.07692307692307693,12,12,GCGGTCCCTATCGCCCTTTT,0,2323806
mglBp,0.07692307692307693,12,12,GCGGTACAATGGCGGTTTGG,0,2357372
mglBp,0.07692307692307693,12,12,GCGCGCCTGGGTCTAGCAGG,0,2382940
mglBp,0.07692307692307693,12,12,GCGCGCCAGGTTCATATGGG,0,2337399
mglBp,0.07692307692307693,12,12,GCGCGCCAGGATATATACCA,0,2321358
mglBp,0.07692307692307693,12,12,GCGCCTCGTCGGGCGATCAT,0,2398685
mglBp,0.07692307692307693,12,12,GCGCCTATGACCCACACTTG,0,2407097
mglBp,0.07692307692307693,12,12,GCGATATGAGCGGTCGCAGA,0,2355754
mglBp,0.07692307692307693,12,12,GCGAGAATAGACGGATAGAA,0,2329041
mglBp,0.07692307692307693,12,12,GCCTGGTGTTTTTACGCCGG,0,2332063
mglBp,0.07692307692307693,12,12,GCCTGCGTTTGAGGATGAGC,0,2318288
mglBp,0.07692307692307693,12,12,GCCTAGTGACCGCGGAGTAT,0,2385756
mglBp,0.07692307692307693,12,12,GCCGTGGGGGCATCGCTGAA,0,2416200
mglBp,0.07692307692307693,12,12,GCCGTAAGGCCGGGACCAGT,0,2383007
mglBp,0.07692307692307693,12,12,GCCGCAGGAGCGGCTCTTGC,0,2397988
mglBp,0.07692307692307693,12,12,GCCGATTGGTTGTCTAAGTG,0,2396300
mglBp,0.07692307692307693,12,12,GCCGATCGTTCGAGCGCTGA,0,2408634
mglBp,0.07692307692307693,12,12,GCCCTTGGTTTAAGTACGTC,0,2322321
mglBp,0.07692307692307693,12,12,GCCCTAAGTGCGTGAGCGTT,0,2334810
mglBp,0.07692307692307693,12,12,GCCCCTTATAGTCAATTCCC,0,2390400
mglBp,0.07692307692307693,12,12,GCCCAGGTCTACGCTCTGAC,0,2396128
mglBp,0.07692307692307693,12,12,GCCCACGCGCGGCGAGCGTT,0,2372739
mglBp,0.07692307692307693,12,12,GCCACGTTCTTGCAAGAGTA,0,2394568
mglBp,0.07692307692307693,12,12,GCCAAGTCCGTTCGACCGGT,0,2397331
mglBp,0.07692307692307693,12,12,GCCAAATCCATCGCGTTCGT,0,2346881
mglBp,0.07692307692307693,12,12,GCATTGCTCAAGAAGTCGCC,0,2421522
mglBp,0.07692307692307693,12,12,GCATGCTGAAAGGCTTACCT,0,2330460
mglBp,0.07692307692307693,12,12,GCATCTTAGAAGCTTGGATC,0,2337956
mglBp,0.07692307692307693,12,12,GCATCGCCGACCGAGCCTGC,0,2352491
mglBp,0.07692307692307693,12,12,GCATAGGTCACGCTGGCCTA,0,2358081
mglBp,0.07692307692307693,12,12,GCAGTTTAGATCCACCCTTT,0,2404781
mglBp,0.07692307692307693,12,12,GCAGTGTGTCAGGTCATTGC,0,2372214
mglBp,0.07692307692307693,12,12,GCAGGGTGTATATGGGCCTA,0,2355847
mglBp,0.07692307692307693,12,12,GCAGGCCCGAGATGTGCCTC,0,2383267
mglBp,0.07692307692307693,12,12,GCAGCGCTGATCGGGGCCTT,0,2382367
mglBp,0.07692307692307693,12,12,GCAGCAAGCAAGCGAGTCAA,0,2343825
mglBp,0.07692307692307693,12,12,GCACATCGCGGGACTCGAAG,0,2399642
mglBp,0.07692307692307693,12,12,GCACATAAATACGAGCATTG,0,2343291
mglBp,0.07692307692307693,12,12,GCAATTTCGAAGATCACACA,0,2342914
mglBp,0.07692307692307693,12,12,GCAATACGAGGGGCTCCTCG,0,2421952
mglBp,0.07692307692307693,12,12,GCAATAAAAAGCTTATCTTG,0,2408590
mglBp,0.07692307692307693,12,12,GCAAATCGGCTACGTATTAT,0,2411499
mglBp,0.07692307692307693,12,12,GATTTTCTGCTTCAGTACCA,0,2358047
mglBp,0.07692307692307693,12,12,GATTCTATCCTGAGGTTACC,0,2379649
mglBp,0.07692307692307693,12,12,GATTATTCCCTTCTGCGGAC,0,2367284
mglBp,0.07692307692307693,12,12,GATCGGGTTTTCGATAGCTT,0,2371610
mglBp,0.07692307692307693,12,12,GATCGGGCGGTTCGGCTCTA,0,2341095
mglBp,0.07692307692307693,12,12,GATCCGGATCGAGATCCTGG,0,2360924
mglBp,0.07692307692307693,12,12,GATCAACCGTCACTAAAAAG,0,2388494
mglBp,0.07692307692307693,12,12,GATATAAATGATGCTTCTGC,0,2333846
mglBp,0.07692307692307693,12,12,GATAGTGCTACGGCATTTAC,0,2377230
mglBp,0.07692307692307693,12,12,GATACACCGGACGAGTTTAG,0,2378008
mglBp,0.07692307692307693,12,12,GATAACTATTGCCTCACTAT,0,2422506
mglBp,0.07692307692307693,12,12,GAGTTCCGGGACCATTCGGA,0,2358797
mglBp,0.07692307692307693,12,12,GAGTCGCAGGTCCCTGAAGC,0,2332494
mglBp,0.07692307692307693,12,12,GAGGTCCCTATTTAGGGCAA,0,2383538
mglBp,0.07692307692307693,12,12,GAGCTAGGGCGCGATGAGTT,0,2375019
mglBp,0.07692307692307693,12,12,GAGCCAGCAAGCCGTAATTT,0,2402596
mglBp,0.07692307692307693,12,12,GAGATTCTTGACCGGTCAGA,0,2342853
mglBp,0.07692307692307693,12,12,GAGATACGGCGAGACGTAAC,0,2319051
mglBp,0.07692307692307693,12,12,GAGACGTCTGACGAAGTGAG,0,2332181
mglBp,0.07692307692307693,12,12,GACTTGCGGTAGTAATGCGC,0,2394897
mglBp,0.07692307692307693,12,12,GACTGCCACAGAGCCCTTTG,0,2420122
mglBp,0.07692307692307693,12,12,GACTAACCCAACCCGATATT,0,2349924
mglBp,0.07692307692307693,12,12,GACGCACTCCGCAGCAAATC,0,2380197
mglBp,0.07692307692307693,12,12,GACGATCCCAACCCGCTCCT,0,2343673
mglBp,0.07692307692307693,12,12,GACCTGTTCGGACAGGAGCC,0,2388354
mglBp,0.07692307692307693,12,12,GACCTGATCTAAAAGCATTG,0,2344192
mglBp,0.07692307692307693,12,12,GACCGTTCTGACTTTTTTTA,0,2422779
mglBp,0.07692307692307693,12,12,GACCGTGCTCGTAGTGACAT,0,2401895
mglBp,0.07692307692307693,12,12,GACCAGACACATTGATTTAT,0,2364856
mglBp,0.07692307692307693,12,12,GACAAGGAATCGCTTGTGCG,0,2319887
mglBp,0.07692307692307693,12,12,GACAAAATTAAGCATCTTTA,0,2339215
mglBp,0.07692307692307693,12,12,GAATTGGGGGGTTAGGTTAC,0,2408289
mglBp,0.07692307692307693,12,12,GAATCCCTACACGTTTAGTA,0,2406706
mglBp,0.07692307692307693,12,12,GAATAACGTAGGTCCCGGGG,0,2347916
mglBp,0.07692307692307693,12,12,GAAGCCGAGCACAGTGCTCG,0,2381765
mglBp,0.07692307692307693,12,12,GAAGCAGAATAAGTGCGGTT,0,2316793
mglBp,0.07692307692307693,12,12,GAAGAATTGAGGCCGGACTC,0,2391749
mglBp,0.07692307692307693,12,12,GAAGAAGGCTAGTGTCGAGA,0,2391981
mglBp,0.07692307692307693,12,12,GAAGAACTCGATGTTTTATA,0,2386584
mglBp,0.07692307692307693,12,12,GAAGAACGACGTTCTAGACA,0,2398461
mglBp,0.07692307692307693,12,12,GAACTGATGTGTGAAACGGA,0,2332114
mglBp,0.07692307692307693,12,12,GAACCCAGTCCCCACCCTTT,0,2318949
mglBp,0.07692307692307693,12,12,GAACAAGGCACAAAAGGGTG,0,2418613
mglBp,0.07692307692307693,12,12,GAAAACGAAAGTCGTGAGAA,0,2322537
mglBp,0.07692307692307693,12,12,CTTTTGGCACCTCACCTGGA,0,2371599
mglBp,0.07692307692307693,12,12,CTTTTACGGCATTCTAATAC,0,2357418
mglBp,0.07692307692307693,12,12,CTTTGTGTGTGGACGGCAGA,0,2349218
mglBp,0.07692307692307693,12,12,CTTTGCGACGCGGGGTTACG,0,2392590
mglBp,0.07692307692307693,12,12,CTTTGCGAAGAGATCTGTCA,0,2342514
mglBp,0.07692307692307693,12,12,CTTTGCAAAATAGCTTAAGA,0,2326696
mglBp,0.07692307692307693,12,12,CTTGTGGCCGGACAAGGCTG,0,2336540
mglBp,0.07692307692307693,12,12,CTTGGGCCTGGGGTCGCGCT,0,2323727
mglBp,0.07692307692307693,12,12,CTTGCTGGCCGTGGACAAAA,0,2378194
mglBp,0.07692307692307693,12,12,CTTGAGATTTATGCTTGTCA,0,2319478
mglBp,0.07692307692307693,12,12,CTTCCACCGTATTAATCCAC,0,2355850
mglBp,0.07692307692307693,12,12,CTTCAGTCAACGTGTGACCC,0,2401539
mglBp,0.07692307692307693,12,12,CTTATTTACATACACTGACA,0,2319826
mglBp,0.07692307692307693,12,12,CTTATGTAAACCGCTGTCCA,0,2359192
mglBp,0.07692307692307693,12,12,CTTATGATAATTTATATATA,0,2342447
mglBp,0.07692307692307693,12,12,CTTAGAGGTTCCAGATGTGA,0,2334949
mglBp,0.07692307692307693,12,12,CTGTTATCGGTCCCACTTTC,0,2353657
mglBp,0.07692307692307693,12,12,CTGTTACGTACGATCCTGTT,0,2359625
mglBp,0.07692307692307693,12,12,CTGTTAATTTAGTGGTCTAC,0,2421878
mglBp,0.07692307692307693,12,12,CTGTCGTTAGAGGTTTAACA,0,2396329
mglBp,0.07692307692307693,12,12,CTGTAATCTGTGCACAAGGT,0,2352277
mglBp,0.07692307692307693,12,12,CTGTAAATACATCGGGACAC,0,2386379
mglBp,0.07692307692307693,12,12,CTGGCAGAATCATAAGTGCA,0,2348154
mglBp,0.07692307692307693,12,12,CTGGATAGTTTTATATCCCA,0,2399012
mglBp,0.07692307692307693,12,12,CTGGAAGTACTCAGGATTAC,0,2365093
mglBp,0.07692307692307693,12,12,CTGCCTTGATTTCCGGGTAA,0,2398232
mglBp,0.07692307692307693,12,12,CTGCCAGTTTAAAGGATAAG,0,2409660
mglBp,0.07692307692307693,12,12,CTGCCACATCTCTCGGGGTA,0,2360207
mglBp,0.07692307692307693,12,12,CTGCATCAATAACCCTGCGA,0,2402434
mglBp,0.07692307692307693,12,12,CTGATACCATGCAGCGTGTA,0,2350935
mglBp,0.07692307692307693,12,12,CTGACCGAGTCTGAACATAG,0,2357075
mglBp,0.07692307692307693,12,12,CTCTGAAGTGATTTCTCCTA,0,2419163
mglBp,0.07692307692307693,12,12,CTCTCCGGAGAAAAGGTGTA,0,2349380
mglBp,0.07692307692307693,12,12,CTCGTCCATCACACGTTATC,0,2383528
mglBp,0.07692307692307693,12,12,CTCGCTTTCTATCTTCACGG,0,2413187
mglBp,0.07692307692307693,12,12,CTCGCGGACCATAAATTGAC,0,2367370
mglBp,0.07692307692307693,12,12,CTCGCCGCAGGTATTTGTTT,0,2400873
mglBp,0.07692307692307693,12,12,CTCCCAATTAAATTTATGTA,0,2318892
mglBp,0.07692307692307693,12,12,CTCATCCGAACCCTTTCTGA,0,2378713
mglBp,0.07692307692307693,12,12,CTCACTTGCCTCCCTACTGA,0,2388255
mglBp,0.07692307692307693,12,12,CTCAAGTACGGGTCGTTCCA,0,2367180
mglBp,0.07692307692307693,12,12,CTCAAGGAAAAGAGTCCGGT,0,2319929
mglBp,0.07692307692307693,12,12,CTCAAAGATAATCAAGGAAG,0,2335665
mglBp,0.07692307692307693,12,12,CTATTTAGCTTAAGCACAGG,0,2338966
mglBp,0.07692307692307693,12,12,CTATCTAACGGAATTCTACA,0,2366574
mglBp,0.07692307692307693,12,12,CTATCGTGTATTCATACGAT,0,2316975
mglBp,0.07692307692307693,12,12,CTATATAGTATGTGTAGTGA,0,2363880
mglBp,0.07692307692307693,12,12,CTATAGTCCAATTCATTTAC,0,2321952
mglBp,0.07692307692307693,12,12,CTATACCGGTCTCAGAACTC,0,2319802
mglBp,0.07692307692307693,12,12,CTAGGCTTTCTATAAAGGTT,0,2369415
mglBp,0.07692307692307693,12,12,CTAGACTCTCAGTTATTAGA,0,2337211
mglBp,0.07692307692307693,12,12,CTACTCCATTTCTCCGTCCG,0,2393161
mglBp,0.07692307692307693,12,12,CTAATCCCTAGAAATCGGGT,0,2388449
mglBp,0.07692307692307693,12,12,CTAACTTTCACCTGAGCACC,0,2403112
mglBp,0.07692307692307693,12,12,CTAACGGATACAAGCGCATG,0,2359127
mglBp,0.07692307692307693,12,12,CGTTTGAACGATATCAAGGA,0,2357303
mglBp,0.07692307692307693,12,12,CGTTCCGGGGAGCTGATTAC,0,2380818
mglBp,0.07692307692307693,12,12,CGTTATGTGTATCCGACGGA,0,2354183
mglBp,0.07692307692307693,12,12,CGTTACGATCGCTAAAGGAT,0,2324461
mglBp,0.07692307692307693,12,12,CGTTAAGGGGGTTCGCAGTT,0,2344979
mglBp,0.07692307692307693,12,12,CGTGTGTCCGAGTATTGCGT,0,2363826
mglBp,0.07692307692307693,12,12,CGTGCTAAGGCTGGTACGCT,0,2350611
mglBp,0.07692307692307693,12,12,CGTGAGGGGCTGTGTCCCTC,0,2369753
mglBp,0.07692307692307693,12,12,CGTGAGAGGTCCTTTCCGTA,0,2399799
mglBp,0.07692307692307693,12,12,CGTCTGTAATACGTGGCTTT,0,2373672
mglBp,0.07692307692307693,12,12,CGTCGCTTCGCCGTAAGTTT,0,2405062
mglBp,0.07692307692307693,12,12,CGTCCCCGTGACTCGCTACA,0,2423062
mglBp,0.07692307692307693,12,12,CGTATCATTCACAGAAGTTC,0,2406286
mglBp,0.07692307692307693,12,12,CGTATAGGAGTCACGCACAA,0,2397908
mglBp,0.07692307692307693,12,12,CGTATAGAAGTGCAATTGGA,0,2420199
mglBp,0.07692307692307693,12,12,CGTAGCGTACTCTTGGTAAG,0,2362197
mglBp,0.07692307692307693,12,12,CGTACTCCGGGGGGTCGCCT,0,2369534
mglBp,0.07692307692307693,12,12,CGTACAGGACCAGTCCAACT,0,2392507
mglBp,0.07692307692307693,12,12,CGTAAACCTCGATCTCAAGT,0,2317639
mglBp,0.07692307692307693,12,12,CGTAAAAACGTGTGCAGAGC,0,2333727
mglBp,0.07692307692307693,12,12,CGGTTTAATCCGCTGCCACA,0,2387562
mglBp,0.07692307692307693,12,12,CGGTTCAAGGGTTCCGAACT,0,2359872
mglBp,0.07692307692307693,12,12,CGGTGTGGATGATACCACCT,0,2421687
mglBp,0.07692307692307693,12,12,CGGTGAGAGCTCTTCGCGGT,0,2353509
mglBp,0.07692307692307693,12,12,CGGTCGAAGGCAGTATCGTA,0,2362656
mglBp,0.07692307692307693,12,12,CGGTAAGTACTCGTTCTTCA,0,2330686
mglBp,0.07692307692307693,12,12,CGGGTCGTGGACTAAAGCAT,0,2325527
mglBp,0.07692307692307693,12,12,CGGGTCATAGGACTAGCTAA,0,2417435
mglBp,0.07692307692307693,12,12,CGGGTCAGTAAACCCTCAGA,0,2419249
mglBp,0.07692307692307693,12,12,CGGGGTAACAACGTCGATTT,0,2328115
mglBp,0.07692307692307693,12,12,CGGGGCTCTTGGCTACTGTC,0,2381801
mglBp,0.07692307692307693,12,12,CGGGCATCTATAGCAGCCAG,0,2322315
mglBp,0.07692307692307693,12,12,CGGGATACGAACTAGGTACT,0,2398729
mglBp,0.07692307692307693,12,12,CGGGAGGGGTCCATATCAGT,0,2348037
mglBp,0.07692307692307693,12,12,CGGGACGTGGTTTTTATCGT,0,2411327
mglBp,0.07692307692307693,12,12,CGGGAAGAAGGCCTCTCAGC,0,2356633
mglBp,0.07692307692307693,12,12,CGGCGGGTGTCTCCACGCCT,0,2409345
mglBp,0.07692307692307693,12,12,CGGCGAGCCGCCAGCAGACT,0,2412424
mglBp,0.07692307692307693,12,12,CGGCCCAAAGCATCTCGACT,0,2342936
mglBp,0.07692307692307693,12,12,CGGCACAGGTCTCGGCTTGA,0,2360204
mglBp,0.07692307692307693,12,12,CGGATAGTTTCACCGTGGGA,0,2322529
mglBp,0.07692307692307693,12,12,CGGAGTTCCCTTGTGGGTCT,0,2405234
mglBp,0.07692307692307693,12,12,CGGAGTTAAATGGGCACGGA,0,2347934
mglBp,0.07692307692307693,12,12,CGGAGCGATCTGTTTGGACT,0,2325550
mglBp,0.07692307692307693,12,12,CGGAGATCTCGCTCCCTGTA,0,2394365
mglBp,0.07692307692307693,12,12,CGGAACGCATATGACTTTAA,0,2402884
mglBp,0.07692307692307693,12,12,CGCTGTACGGGCCAGCGCGG,0,2386020
mglBp,0.07692307692307693,12,12,CGCTCACTTGGTAATCCACA,0,2356251
mglBp,0.07692307692307693,12,12,CGCGTGACGTACCCATTAAG,0,2348895
mglBp,0.07692307692307693,12,12,CGCGTAGAGTTGCAACCCCT,0,2363237
mglBp,0.07692307692307693,12,12,CGCGGCGGACCTTATCGCAA,0,2369953
mglBp,0.07692307692307693,12,12,CGCGCCGCTCTTGGCCATGC,0,2392871
mglBp,0.07692307692307693,12,12,CGCGCACAACCCCCTAAGCT,0,2329048
mglBp,0.07692307692307693,12,12,CGCCTTTCAGAACGGAGCGA,0,2347928
mglBp,0.07692307692307693,12,12,CGCCTCAGAAACTGCAATTC,0,2378104
mglBp,0.07692307692307693,12,12,CGCCGGACCCCAAGGCTGAT,0,2349759
mglBp,0.07692307692307693,12,12,CGCCGCGCCCGTCGACCCGT,0,2419091
mglBp,0.07692307692307693,12,12,CGCCCAAAAAATGTTTTCCG,0,2323400
mglBp,0.07692307692307693,12,12,CGCACATATGCATGGTCCCA,0,2357530
mglBp,0.07692307692307693,12,12,CGCAAGCTATTTAGTGTGAA,0,2419176
mglBp,0.07692307692307693,12,12,CGCAAGCCCGAAGTTTGGCA,0,2355599
mglBp,0.07692307692307693,12,12,CGATTCTGATCAGCCCCTTA,0,2337934
mglBp,0.07692307692307693,12,12,CGATTCACGGCGGATAGTGT,0,2355057
mglBp,0.07692307692307693,12,12,CGAGCGTAAGTTAGAACTGC,0,2366307
mglBp,0.07692307692307693,12,12,CGAGCCCTTAAACCGTATAA,0,2348035
mglBp,0.07692307692307693,12,12,CGAGAATGCGCAATGCATAG,0,2326528
mglBp,0.07692307692307693,12,12,CGAACGGCCGTAGGCTTGAG,0,2398283
mglBp,0.07692307692307693,12,12,CCTTTGTGTGGTACGCGGAT,0,2357867
mglBp,0.07692307692307693,12,12,CCTTGATTTATCCGATGATC,0,2334420
mglBp,0.07692307692307693,12,12,CCTTGAACGGCAAAAGTCTC,0,2390868
mglBp,0.07692307692307693,12,12,CCTTCGCCGGTACCCCAGTT,0,2408320
mglBp,0.07692307692307693,12,12,CCTGTAGACGGGCCAGGACA,0,2412615
mglBp,0.07692307692307693,12,12,CCTGGTGCGGATCGGACTTT,0,2334403
mglBp,0.07692307692307693,12,12,CCTGAATTTTTTATGTTCGT,0,2391612
mglBp,0.07692307692307693,12,12,CCTCGTAGAGTGTTTCAAAG,0,2396301
mglBp,0.07692307692307693,12,12,CCTCGAACAACAAAACGTTA,0,2411228
mglBp,0.07692307692307693,12,12,CCTCCAGTGCAACCAATAGT,0,2350647
mglBp,0.07692307692307693,12,12,CCTCAGTCTCATGGAGCTTA,0,2318106
mglBp,0.07692307692307693,12,12,CCTAGATTTGCATGTCGCAT,0,2360953
mglBp,0.07692307692307693,12,12,CCTAATAGTGCACGCAGAAG,0,2320620
mglBp,0.07692307692307693,12,12,CCGTCTAAGCGTACGCATCT,0,2394645
mglBp,0.07692307692307693,12,12,CCGTAGCGCGCTGGCAAGAG,0,2413987
mglBp,0.07692307692307693,12,12,CCGGGATCACGTTGGCCCCC,0,2391154
mglBp,0.07692307692307693,12,12,CCGGGAACAGAGCCGCAGAC,0,2326897
mglBp,0.07692307692307693,12,12,CCGGCGGTTCAGTGCTTTCA,0,2404652
mglBp,0.07692307692307693,12,12,CCGGACTAACAGGTCGTGTA,0,2401939
mglBp,0.07692307692307693,12,12,CCGGAAGAGCGTGCCTTCTT,0,2355708
mglBp,0.07692307692307693,12,12,CCGATTCCCTTACGCGTGGG,0,2317852
mglBp,0.07692307692307693,12,12,CCGAGAGTGACAGCCGGTTA,0,2373781
mglBp,0.07692307692307693,12,12,CCGAGAGCCTCCTAAGTCGG,0,2322209
mglBp,0.07692307692307693,12,12,CCCTATTGACCTAGGTCATT,0,2415856
mglBp,0.07692307692307693,12,12,CCCCGGAAAAGGGACCAGTC,0,2399328
mglBp,0.07692307692307693,12,12,CCCCCGCCAGCCGTTGAATT,0,2372302
mglBp,0.07692307692307693,12,12,CCCATGGGGGTGGCGGGCGT,0,2338584
mglBp,0.07692307692307693,12,12,CCCAGGCTGTCCGCAATACG,0,2334576
mglBp,0.07692307692307693,12,12,CCCAACAATCGATTAGGCGG,0,2404368
mglBp,0.07692307692307693,12,12,CCATATGCAGTCACAGTGTT,0,2394778
mglBp,0.07692307692307693,12,12,CCAGTTCGCTAAGTATCTGA,0,2414121
mglBp,0.07692307692307693,12,12,CCAGTTAAGTTTAGGTTCCT,0,2317756
mglBp,0.07692307692307693,12,12,CCAGGCATGTGGCGTAAGGT,0,2405011
mglBp,0.07692307692307693,12,12,CCAGCGGATATCTAAGTGTG,0,2419064
mglBp,0.07692307692307693,12,12,CCAGCCAGAGTGTCGTGCAT,0,2411783
mglBp,0.07692307692307693,12,12,CCAGAGTCACCGGACGACTT,0,2417072
mglBp,0.07692307692307693,12,12,CCAGAGAAGCCAGGTAGTCC,0,2353095
mglBp,0.07692307692307693,12,12,CCAGAACGTCGCTGCCATTT,0,2317480
mglBp,0.07692307692307693,12,12,CCACAGTGTATATCCCTTCT,0,2418340
mglBp,0.07692307692307693,12,12,CCACAGAACCTAGACTTCTA,0,2359056
mglBp,0.07692307692307693,12,12,CCAATCAGGCCTTAGTGGAA,0,2396064
mglBp,0.07692307692307693,12,12,CCAAAGGGCACATGGTTTGC,0,2379614
mglBp,0.07692307692307693,12,12,CATTTCAGAAGTGTTCGGCC,0,2372812
mglBp,0.07692307692307693,12,12,CATTCTTAGCACGTATTGCT,0,2410470
mglBp,0.07692307692307693,12,12,CATTCCTGACTGTCCGTAAT,0,2385830
mglBp,0.07692307692307693,12,12,CATTAAAATTTGACGGATAA,0,2341874
mglBp,0.07692307692307693,12,12,CATGGTAATGCGGTGCGATG,0,2339000
mglBp,0.07692307692307693,12,12,CATGGGTTGGGTATTAATGT,0,2397185
mglBp,0.07692307692307693,12,12,CATGGCTCTACGGGGTCAAT,0,2363002
mglBp,0.07692307692307693,12,12,CATGGCTCGGTACTCCGATT,0,2319128
mglBp,0.07692307692307693,12,12,CATGCCAGGGGATCTTGCTC,0,2391176
mglBp,0.07692307692307693,12,12,CATGATTCCAGGCAAGCATA,0,2338565
mglBp,0.07692307692307693,12,12,CATGAGCCCCGATCGCACAA,0,2391568
mglBp,0.07692307692307693,12,12,CATGACACCTCTAGCACGCT,0,2411280
mglBp,0.07692307692307693,12,12,CATCTAGCATGAGCGAGCTG,0,2372314
mglBp,0.07692307692307693,12,12,CATCCTGCGGCCAAGCCGGT,0,2402187
mglBp,0.07692307692307693,12,12,CATCCCAGACGGGGCGTGAT,0,2341464
mglBp,0.07692307692307693,12,12,CATCCATTGCAAATCGGATA,0,2342687
mglBp,0.07692307692307693,12,12,CATCACCGATGGGACAAATC,0,2379717
mglBp,0.07692307692307693,12,12,CATCACATGGCGTGCGGAAG,0,2398426
mglBp,0.07692307692307693,12,12,CATATTTCCGCCAGGTTGCG,0,2404218
mglBp,0.07692307692307693,12,12,CATATTCATTATTAGTTGAA,0,2364923
mglBp,0.07692307692307693,12,12,CATAACTCGGGTATCATCCA,0,2377863
mglBp,0.07692307692307693,12,12,CATAACCAGTACTTAAATCC,0,2396433
mglBp,0.07692307692307693,12,12,CAGTTTTCGGCAGACTCCTT,0,2330747
mglBp,0.07692307692307693,12,12,CAGTGATTGTCTAGCCGTAC,0,2350387
mglBp,0.07692307692307693,12,12,CAGTATGGTTCTTACGCTCC,0,2334941
mglBp,0.07692307692307693,12,12,CAGTAGTTACTCGCCGAGAA,0,2409485
mglBp,0.07692307692307693,12,12,CAGGTTTTTGAGGATTACAA,0,2346972
mglBp,0.07692307692307693,12,12,CAGGGCGTCCATCCATCCAG,0,2363278
mglBp,0.07692307692307693,12,12,CAGGCTAAAGGTAAGCCCGT,0,2370544
mglBp,0.07692307692307693,12,12,CAGGAGCGGACCCAGTTCAC,0,2342208
mglBp,0.07692307692307693,12,12,CAGGAACTGTTCTGCGGTGC,0,2321540
mglBp,0.07692307692307693,12,12,CAGCCTCTAAGCTCAGGTAT,0,2336987
mglBp,0.07692307692307693,12,12,CAGCATATAACCAACGTCTG,0,2345964
mglBp,0.07692307692307693,12,12,CAGATTCCCATGCAGGAATT,0,2389398
mglBp,0.07692307692307693,12,12,CAGATGTGCACTCTCCTGAG,0,2397279
mglBp,0.07692307692307693,12,12,CAGAGACGTGGAGGATGGTC,0,2394007
mglBp,0.07692307692307693,12,12,CAGACCAAGTCAGAGATCGT,0,2327039
mglBp,0.07692307692307693,12,12,CACTGCCTAAATCATGCAAC,0,2417418
mglBp,0.07692307692307693,12,12,CACTCTCTTAGGCGACTCAA,0,2361333
mglBp,0.07692307692307693,12,12,CACTACGGGTCACCTCATAT,0,2395815
mglBp,0.07692307692307693,12,12,CACGTCGCAATTTAGTTAGG,0,2374110
mglBp,0.07692307692307693,12,12,CACGTCATAAATGTTTTAGT,0,2346674
mglBp,0.07692307692307693,12,12,CACCTCTTGACACTCGCCGT,0,2349920
mglBp,0.07692307692307693,12,12,CACCTATCCATGGGAGGTTT,0,2370833
mglBp,0.07692307692307693,12,12,CACCCCCTTACGTGAGTTAG,0,2341719
mglBp,0.07692307692307693,12,12,CACACGTAGGGAGTGCCAAT,0,2416906
mglBp,0.07692307692307693,12,12,CAATTGAGTTGGGACCCGTT,0,2356056
mglBp,0.07692307692307693,12,12,CAATTCGATGATAATGGTAA,0,2336951
mglBp,0.07692307692307693,12,12,CAATTATGAACAGTTATGAC,0,2379559
mglBp,0.07692307692307693,12,12,CAATTAGTGGTCTTGCGCTA,0,2354052
mglBp,0.07692307692307693,12,12,CAATGGAGGGGGGGATAGAA,0,2316721
mglBp,0.07692307692307693,12,12,CAATCTGTCCAGCTATGAAA,0,2320898
mglBp,0.07692307692307693,12,12,CAATCCCATAATGGCATTTC,0,2335184
mglBp,0.07692307692307693,12,12,CAATAGCCGCAGGTACGTAG,0,2381109
mglBp,0.07692307692307693,12,12,CAATACACATCCTTTTCTTT,0,2335473
mglBp,0.07692307692307693,12,12,CAATAAGTATACGGTAAAAA,0,2366530
mglBp,0.07692307692307693,12,12,CAAGTAGATTACTTATATTG,0,2417331
mglBp,0.07692307692307693,12,12,CAAGCTTTCAACGGTTCGTT,0,2351001
mglBp,0.07692307692307693,12,12,CAACGCTACTGGACTCTAAC,0,2376547
mglBp,0.07692307692307693,12,12,CAACATCCTATCGTCAGTTG,0,2413374
mglBp,0.07692307692307693,12,12,CAAACTTGATCAATATCCAG,0,2410230
mglBp,0.07692307692307693,12,12,CAAAATAGGGTAATAGAGTA,0,2380538
mglBp,0.07692307692307693,12,12,CAAAACGGGAGTTGATTCTC,0,2388923
mglBp,0.07692307692307693,12,12,ATTTTGAGATACTTCCGGCA,0,2398779
mglBp,0.07692307692307693,12,12,ATTTGTTACCCGCGAGAGCA,0,2368848
mglBp,0.07692307692307693,12,12,ATTTGTGGCAAATCGTTTAT,0,2338842
mglBp,0.07692307692307693,12,12,ATTTCCAGGTCACGGTCAAC,0,2329135
mglBp,0.07692307692307693,12,12,ATTTAGGTGGGGTAAAGGCA,0,2338538
mglBp,0.07692307692307693,12,12,ATTGTCACTGAGCCCTCATT,0,2416380
mglBp,0.07692307692307693,12,12,ATTGTATCCACGCGGATTGT,0,2416028
mglBp,0.07692307692307693,12,12,ATTGCCCTGTCACCCTATCA,0,2364585
mglBp,0.07692307692307693,12,12,ATTCTATCCTGGAATTCTTA,0,2387098
mglBp,0.07692307692307693,12,12,ATTCCACAGGCAAACCTAAT,0,2368641
mglBp,0.07692307692307693,12,12,ATTACAATTTCCGATATAAG,0,2381263
mglBp,0.07692307692307693,12,12,ATGTCTGGGTAAGATGTTGG,0,2322999
mglBp,0.07692307692307693,12,12,ATGTCGATATCGCAATCACA,0,2367675
mglBp,0.07692307692307693,12,12,ATGGTCGCGGTTAGTCGAGT,0,2408183
mglBp,0.07692307692307693,12,12,ATGGGGGAACGTTTCCGAAG,0,2316974
mglBp,0.07692307692307693,12,12,ATGGGGATATAGGGCTAGCT,0,2356570
mglBp,0.07692307692307693,12,12,ATGGAAATGTTGCCCTGTCT,0,2341242
mglBp,0.07692307692307693,12,12,ATGCCTGCGTGGTAGTGGTT,0,2420463
mglBp,0.07692307692307693,12,12,ATGCAATCTAATCAAAGACA,0,2418795
mglBp,0.07692307692307693,12,12,ATGCAAAAACGTCCTTGTAG,0,2343324
mglBp,0.07692307692307693,12,12,ATGAGAAAATCCATAACGCC,0,2372520
mglBp,0.07692307692307693,12,12,ATGAATCATGGAATGCTGGA,0,2345095
mglBp,0.07692307692307693,12,12,ATCTGGTCCCGGGCAAGCCA,0,2319795
mglBp,0.07692307692307693,12,12,ATCCAGTAAACAGAATAATT,0,2401874
mglBp,0.07692307692307693,12,12,ATCATTCAGCTACACAAGGA,0,2381903
mglBp,0.07692307692307693,12,12,ATCACGAAGCCTTATTCGTG,0,2367521
mglBp,0.07692307692307693,12,12,ATCAAGGTACGGGGAAATGA,0,2396884
mglBp,0.07692307692307693,12,12,ATCAAGGCCTATTCGCAATA,0,2343137
mglBp,0.07692307692307693,12,12,ATATTCATCTTTTGGCTGCG,0,2392391
mglBp,0.07692307692307693,12,12,ATAGTGTACTTCAATACTAA,0,2349488
mglBp,0.07692307692307693,12,12,ATAGGAGCGCCCAGAGCGCT,0,2399188
mglBp,0.07692307692307693,12,12,ATAGCTATAGGCCGTGAAAC,0,2322331
mglBp,0.07692307692307693,12,12,ATAGCAGTATGTGGCGTCAT,0,2338813
mglBp,0.07692307692307693,12,12,ATAGCAGACTGGTTGTTTGG,0,2387520
mglBp,0.07692307692307693,12,12,ATACCTCTTGACCGAGGCGT,0,2344349
mglBp,0.07692307692307693,12,12,ATAAGTTTGTGAGGACGAAT,0,2368403
mglBp,0.07692307692307693,12,12,ATAAGGTCACGAGTCCAATG,0,2403521
mglBp,0.07692307692307693,12,12,ATAACCCTACGGAGCCCACG,0,2322338
mglBp,0.07692307692307693,12,12,ATAAAGAACTATGAAGTCCA,0,2340934
mglBp,0.07692307692307693,12,12,AGTTGGGTCTACCACGCCAG,0,2346632
mglBp,0.07692307692307693,12,12,AGTTCGCAGAAGTTGTTAGC,0,2353979
mglBp,0.07692307692307693,12,12,AGTTCCTTTAATCATTAGCT,0,2344300
mglBp,0.07692307692307693,12,12,AGTTAGTTCCTCACGCATTT,0,2414036
mglBp,0.07692307692307693,12,12,AGTGTCATCACGTCAGGCTT,0,2379456
mglBp,0.07692307692307693,12,12,AGTGGTCCAGGTGGGATCCC,0,2419437
mglBp,0.07692307692307693,12,12,AGTGCTTGGGTTAGAGACGA,0,2371935
mglBp,0.07692307692307693,12,12,AGTCTTGTGGGGTGAGATCA,0,2391899
mglBp,0.07692307692307693,12,12,AGTCCAACGACTTGTTTGCT,0,2373715
mglBp,0.07692307692307693,12,12,AGTAGTCTCAAAGTCACAGT,0,2403708
mglBp,0.07692307692307693,12,12,AGTACAAAGGTTTATAGACA,0,2362824
mglBp,0.07692307692307693,12,12,AGGTGATAATTATTAACCGA,0,2327416
mglBp,0.07692307692307693,12,12,AGGTGACGGTCGTCATACTT,0,2405898
mglBp,0.07692307692307693,12,12,AGGTACTTTTCTCGCAAACG,0,2371721
mglBp,0.07692307692307693,12,12,AGGGTTGAAGCGTCTTGGGA,0,2388782
mglBp,0.07692307692307693,12,12,AGGGTTCTAAACGTAGTGAA,0,2377715
mglBp,0.07692307692307693,12,12,AGGGGCGCGAGCGGCAGCCT,0,2397004
mglBp,0.07692307692307693,12,12,AGGGGCCTTCGGCGTTGTAT,0,2405572
mglBp,0.07692307692307693,12,12,AGGGCCATTTTTAGGGACTA,0,2380210
mglBp,0.07692307692307693,12,12,AGGCGGGCTTGGCGCATGGC,0,2368038
mglBp,0.07692307692307693,12,12,AGGCGCAACTATTTTGGGAT,0,2387546
mglBp,0.07692307692307693,12,12,AGGCATTCATAGGGTGTAGT,0,2366150
mglBp,0.07692307692307693,12,12,AGGAGTAACTAAATGTGCAA,0,2386469
mglBp,0.07692307692307693,12,12,AGGAGATGCACTCCTTTGAT,0,2370745
mglBp,0.07692307692307693,12,12,AGGAACCTTAGTTATAGAAC,0,2335192
mglBp,0.07692307692307693,12,12,AGCTTGGCTATATTGATGTC,0,2317615
mglBp,0.07692307692307693,12,12,AGCTTCTCAGTTATTAGGGT,0,2393268
mglBp,0.07692307692307693,12,12,AGCGTTGGGGCGCCACGGGT,0,2405783
mglBp,0.07692307692307693,12,12,AGCGTCTTAGTATCTAGGAT,0,2418781
mglBp,0.07692307692307693,12,12,AGCGGGCCTATAATAGACGC,0,2357672
mglBp,0.07692307692307693,12,12,AGCCGTAAAATCTCAGTATA,0,2320524
mglBp,0.07692307692307693,12,12,AGCCGGTATTAGTTGTGTCA,0,2392503
mglBp,0.07692307692307693,12,12,AGCCAGTGTCGCTTCCGAGT,0,2339155
mglBp,0.07692307692307693,12,12,AGCACGGCGGTCCCCCGCAG,0,2385257
mglBp,0.07692307692307693,12,12,AGCACCACGTATCGTTCAAT,0,2364552
mglBp,0.07692307692307693,12,12,AGATTACCCTGATAACTCTC,0,2320409
mglBp,0.07692307692307693,12,12,AGAGTTGCTCATTATGGGGA,0,2389502
mglBp,0.07692307692307693,12,12,AGAGTTCGAGTTAGGTGAAA,0,2368197
mglBp,0.07692307692307693,12,12,AGAGGGGGGTAGTTGCATGT,0,2355658
mglBp,0.07692307692307693,12,12,AGAGGAAATAATGTACGTAC,0,2392364
mglBp,0.07692307692307693,12,12,AGAGCTACCCAGGCATGAAA,0,2325885
mglBp,0.07692307692307693,12,12,AGAGAGAGCTGAAGGTAGCT,0,2366732
mglBp,0.07692307692307693,12,12,AGACGGTTGTGATGGCGCCG,0,2421021
mglBp,0.07692307692307693,12,12,AGACGGCATTTACGGGAGGG,0,2396796
mglBp,0.07692307692307693,12,12,AGACCTCATATAACTTGACG,0,2369048
mglBp,0.07692307692307693,12,12,AGACCGTCCGTCCAGTATTA,0,2356527
mglBp,0.07692307692307693,12,12,AGACAAAGCCGCAGCACCCA,0,2365389
mglBp,0.07692307692307693,12,12,AGAATTGGGGATTCTATACG,0,2318728
mglBp,0.07692307692307693,12,12,AGAATCGAATTACGAGTACC,0,2358740
mglBp,0.07692307692307693,12,12,AGAACCTTGCCATTAAGTTT,0,2360787
mglBp,0.07692307692307693,12,12,AGAAACGGCAACTGTCAGCA,0,2323528
mglBp,0.07692307692307693,12,12,ACTTTGAAGGACATGATGTT,0,2407106
mglBp,0.07692307692307693,12,12,ACTTGTAGGCGCCCCGCAAA,0,2357676
mglBp,0.07692307692307693,12,12,ACTTGGGGTATTGGCTTTAT,0,2404872
mglBp,0.07692307692307693,12,12,ACTTATCACCATGCCGACAC,0,2388144
mglBp,0.07692307692307693,12,12,ACTTATATGGACCGAGCGGT,0,2417579
mglBp,0.07692307692307693,12,12,ACTGTTACATCGGTTATGGC,0,2364812
mglBp,0.07692307692307693,12,12,ACTGTTAATTGGATGACGGG,0,2419319
mglBp,0.07692307692307693,12,12,ACTGTAAACATCCCCCTGTT,0,2331327
mglBp,0.07692307692307693,12,12,ACTGGTGGGGCACGTACGAA,0,2395079
mglBp,0.07692307692307693,12,12,ACTGGAAATCAAGGCACTTA,0,2372982
mglBp,0.07692307692307693,12,12,ACTGCAGGGGTACGACGACT,0,2389739
mglBp,0.07692307692307693,12,12,ACTGACGCACATGGTTATAC,0,2410903
mglBp,0.07692307692307693,12,12,ACTGAAGCACCAGAAGGTCA,0,2398980
mglBp,0.07692307692307693,12,12,ACTCTGAAAGTTTTAGGGAG,0,2347366
mglBp,0.07692307692307693,12,12,ACTCTCTCGTCCATGTAGGA,0,2318442
mglBp,0.07692307692307693,12,12,ACTCATAGTATTGCTGTGAG,0,2374283
mglBp,0.07692307692307693,12,12,ACTATCTCGCCCCCTGGCCC,0,2399294
mglBp,0.07692307692307693,12,12,ACGTTTCGTTCGAGGGGTAA,0,2327971
mglBp,0.07692307692307693,12,12,ACGTTCGTAGAATACCCGTT,0,2399486
mglBp,0.07692307692307693,12,12,ACGTTCAAGGCTGCGGCTCA,0,2401973
mglBp,0.07692307692307693,12,12,ACGTCTCCTCAGATCCGTTA,0,2344434
mglBp,0.07692307692307693,12,12,ACGTATAAATAGTTAAATCA,0,2347171
mglBp,0.07692307692307693,12,12,ACGGGCCGGATGATGCTATA,0,2358408
mglBp,0.07692307692307693,12,12,ACGCTCTATCAAGCGACCCA,0,2334700
mglBp,0.07692307692307693,12,12,ACGAGGATGGGTCAGGGTCT,0,2326057
mglBp,0.07692307692307693,12,12,ACCTCCGGCCCGCTGCCCTT,0,2334287
mglBp,0.07692307692307693,12,12,ACCTCCGAGGTATCTAGCAT,0,2349076
mglBp,0.07692307692307693,12,12,ACCTAAATTAAATGAATAAT,0,2336575
mglBp,0.07692307692307693,12,12,ACCGTCCTGAGGCACAGTAG,0,2418044
mglBp,0.07692307692307693,12,12,ACCGTCATTCGGTGCTCCAT,0,2358743
mglBp,0.07692307692307693,12,12,ACCGCGGCGCAACGTGCTGT,0,2348260
mglBp,0.07692307692307693,12,12,ACCCGCATGAAAAAGACTGC,0,2402019
mglBp,0.07692307692307693,12,12,ACCAACGGGGTTGGATTAGA,0,2406282
mglBp,0.07692307692307693,12,12,ACCAAACGTGAATAAGTTGG,0,2354287
mglBp,0.07692307692307693,12,12,ACATTTTCCATCGTATTCTT,0,2338993
mglBp,0.07692307692307693,12,12,ACATGGATTTCTCGGGAACT,0,2397692
mglBp,0.07692307692307693,12,12,ACATGCCCGTCCGTCTAGCC,0,2369314
mglBp,0.07692307692307693,12,12,ACAGTGGGTAAGGGCCGGAT,0,2418201
mglBp,0.07692307692307693,12,12,ACAGTCTTGCGTATCTCTCG,0,2420017
mglBp,0.07692307692307693,12,12,ACAGTCTAGCCGGCTGATAT,0,2408124
mglBp,0.07692307692307693,12,12,ACAGTATCTCAAAAACATAG,0,2347527
mglBp,0.07692307692307693,12,12,ACAGCAGCGAGTCCCGTCGG,0,2332794
mglBp,0.07692307692307693,12,12,ACAGATTTCGGGAAAAAAGT,0,2378852
mglBp,0.07692307692307693,12,12,ACAGAAGGGAGTTCGATTAG,0,2317766
mglBp,0.07692307692307693,12,12,ACACTCGATAGAGGTCGGCT,0,2374254
mglBp,0.07692307692307693,12,12,ACACTATCAGTCCTATTATA,0,2324779
mglBp,0.07692307692307693,12,12,ACAATGTTCGGTGGAGAGGG,0,2357616
mglBp,0.07692307692307693,12,12,ACAATCATCCTATGCTTTTA,0,2422929
mglBp,0.07692307692307693,12,12,ACAAATAGGTGCAGGAGAGT,0,2397770
mglBp,0.07692307692307693,12,12,AATTTCAAATTACAAGCTTT,0,2398087
mglBp,0.07692307692307693,12,12,AATTACGAAATACAAATTCT,0,2319391
mglBp,0.07692307692307693,12,12,AATGTTGTAACGACTCCCAC,0,2422543
mglBp,0.07692307692307693,12,12,AATGTGTGGCTGCATTGCTT,0,2409958
mglBp,0.07692307692307693,12,12,AATGTCTGACGCGTACAGAT,0,2382954
mglBp,0.07692307692307693,12,12,AATGGAGTCTAGTGCTAGGA,0,2348655
mglBp,0.07692307692307693,12,12,AATGAGAGCGACAGCACCAT,0,2380640
mglBp,0.07692307692307693,12,12,AATCCTTCACGCGCCGTGAT,0,2418963
mglBp,0.07692307692307693,12,12,AATCCAGGCACTGACCTCGA,0,2390422
mglBp,0.07692307692307693,12,12,AATCACATTAGTATTACTAG,0,2367973
mglBp,0.07692307692307693,12,12,AATAGCACCACTGTCCTCGT,0,2385504
mglBp,0.07692307692307693,12,12,AATACTTTCCGGGCGGGCGC,0,2322071
mglBp,0.07692307692307693,12,12,AATACTTATACGCGGCGAAT,0,2404787
mglBp,0.07692307692307693,12,12,AAGTCTAGAACCACTAACTC,0,2387480
mglBp,0.07692307692307693,12,12,AAGGTGTATTAATTGACCGT,0,2317765
mglBp,0.07692307692307693,12,12,AAGGTCTGGCGAACACGATG,0,2383530
mglBp,0.07692307692307693,12,12,AAGGTCGCACTCAGGGTTAT,0,2323753
mglBp,0.07692307692307693,12,12,AAGGGGACAATAGGGGTGCT,0,2390578
mglBp,0.07692307692307693,12,12,AAGGGCCTTAGGACCTTCCG,0,2316704
mglBp,0.07692307692307693,12,12,AAGGCGCACACTATCCACTG,0,2404146
mglBp,0.07692307692307693,12,12,AAGGATTGCCTTAGCCATGG,0,2388019
mglBp,0.07692307692307693,12,12,AAGGACCTTCGCAACTTTGG,0,2357646
mglBp,0.07692307692307693,12,12,AAGCGCCGATGCTCTGTAAG,0,2357610
mglBp,0.07692307692307693,12,12,AAGCGATCACGAGAGTCAGT,0,2356216
mglBp,0.07692307692307693,12,12,AAGCACCCCATTGAAGTGTA,0,2418110
mglBp,0.07692307692307693,12,12,AAGATCTGTCATAGCAGAAC,0,2323120
mglBp,0.07692307692307693,12,12,AAGATATTTCCGTTAGACAG,0,2338672
mglBp,0.07692307692307693,12,12,AAGAGGGGCTCTTTATCCCC,0,2399113
mglBp,0.07692307692307693,12,12,AACTCCCACCTCCGTCTACG,0,2364816
mglBp,0.07692307692307693,12,12,AACTAAACGCCGGTACAATG,0,2375909
mglBp,0.07692307692307693,12,12,AACGGTGAAAGAAACCCCCA,0,2338427
mglBp,0.07692307692307693,12,12,AACGAGCGACAAGAGAGCAA,0,2383077
mglBp,0.07692307692307693,12,12,AACGAATGGACTGTAGTCTT,0,2406583
mglBp,0.07692307692307693,12,12,AACCGACCTCGAAATCTTTG,0,2404683
mglBp,0.07692307692307693,12,12,AACCGACAATTGAGGTGTAT,0,2371914
mglBp,0.07692307692307693,12,12,AACCAGGACCTCTTCAGGGC,0,2378380
mglBp,0.07692307692307693,12,12,AACCACCTTGTCTACACTGG,0,2342477
mglBp,0.07692307692307693,12,12,AACAGATACTCCAGAGACGC,0,2369749
mglBp,0.07692307692307693,12,12,AACAGAGTGACACAGCTGTC,0,2362683
mglBp,0.07692307692307693,12,12,AACACTGGCAACGTAATAGA,0,2356379
mglBp,0.07692307692307693,12,12,AACACGACATCACATCTGAA,0,2358406
mglBp,0.07692307692307693,12,12,AAATTTCTGGAGTCGTTCGA,0,2396334
mglBp,0.07692307692307693,12,12,AAATTCGACCACAAACGGAT,0,2369438
mglBp,0.07692307692307693,12,12,AAATATACACGTGTGTGATT,0,2328559
mglBp,0.07692307692307693,12,12,AAATAATTATACCTTGCCCG,0,2323001
mglBp,0.07692307692307693,12,12,AAAGTTTCTCTGAGTAGGTT,0,2363357
mglBp,0.07692307692307693,12,12,AAAGGGTGCGCTCTATGAAG,0,2345322
mglBp,0.07692307692307693,12,12,AAAGACTGGGACCCTGACAA,0,2404778
mglBp,0.07692307692307693,12,12,AAACTTCTCTTATACCTTAA,0,2355113
mglBp,0.07692307692307693,12,12,AAAATAGGGTTGCACCGGGA,0,2400271
mglBp,0.07692307692307693,12,12,AAAAAGGGCGATATATCCAT,0,2367731
mglBp,0.07692307692307693,12,12,AAAAACGTTCTGGACCTGGT,0,2343958
mglBp,0.08333333333333333,11,11,TTTTTGTCTGAGTTCCTCTA,0,2365568
mglBp,0.08333333333333333,11,11,TTTTACTGGCGGGTCCGCAG,0,2380542
mglBp,0.08333333333333333,11,11,TTTGTTTGTCATTCATGAAC,0,2413705
mglBp,0.08333333333333333,11,11,TTTGCCGTGTTAGGCCTGCA,0,2410069
mglBp,0.08333333333333333,11,11,TTTGAGCGCAGTCAGCATTA,0,2397246
mglBp,0.08333333333333333,11,11,TTTGACTATTGACGGGCTCG,0,2336938
mglBp,0.08333333333333333,11,11,TTTGACCCGTTTGCGTAAAC,0,2363766
mglBp,0.08333333333333333,11,11,TTTCTTTTCCTCGGATCTAC,0,2395218
mglBp,0.08333333333333333,11,11,TTTCTCATCATCGCATTGGT,0,2323271
mglBp,0.08333333333333333,11,11,TTTCGCTCTTGCCGGGCTCG,0,2359523
mglBp,0.08333333333333333,11,11,TTTATCACTGCGGCCTATAC,0,2403099
mglBp,0.08333333333333333,11,11,TTTAGTCAAAGATCTCTAGA,0,2355862
mglBp,0.08333333333333333,11,11,TTTAGCCGCAGGGGCTAGGA,0,2372686
mglBp,0.08333333333333333,11,11,TTTAAATTACATCCATTTCC,0,2359302
mglBp,0.08333333333333333,11,11,TTGTGCTCAACAGATTGACG,0,2336764
mglBp,0.08333333333333333,11,11,TTGTCGAGGCCTCGGCTGCA,0,2383619
mglBp,0.08333333333333333,11,11,TTGTCCTCCCTGTTCCGAAT,0,2336622
mglBp,0.08333333333333333,11,11,TTGTCAGGGCTTATAGGAGG,0,2357283
mglBp,0.08333333333333333,11,11,TTGGTTCTCTGTCCACGTCC,0,2417654
mglBp,0.08333333333333333,11,11,TTGGTTATAGAGAGTGAGTT,0,2328661
mglBp,0.08333333333333333,11,11,TTGGGGGTTGAATCCAAGGG,0,2398184
mglBp,0.08333333333333333,11,11,TTGGGGCGGTCAATAAGCCA,0,2413484
mglBp,0.08333333333333333,11,11,TTGGACAGTGATTACCCCAA,0,2415512
mglBp,0.08333333333333333,11,11,TTGCTGAGGCTCTGATATGT,0,2327509
mglBp,0.08333333333333333,11,11,TTGCTGAGCATGCTGGTTAG,0,2379561
mglBp,0.08333333333333333,11,11,TTGCGAGTAGGTTGGTCCAC,0,2341954
mglBp,0.08333333333333333,11,11,TTGCCACGTAAGGCTTTATA,0,2389609
mglBp,0.08333333333333333,11,11,TTGATAGCTTAATATTTAAG,0,2328038
mglBp,0.08333333333333333,11,11,TTGAGTTTCGGAACTCAGAG,0,2379032
mglBp,0.08333333333333333,11,11,TTCTTGATATAATGAATCAA,0,2374977
mglBp,0.08333333333333333,11,11,TTCTTGAGGCCCGGTTCGAG,0,2347501
mglBp,0.08333333333333333,11,11,TTCTTCCTAGCTCACTCCAC,0,2351675
mglBp,0.08333333333333333,11,11,TTCGAATCAAAGCATTAGGT,0,2317339
mglBp,0.08333333333333333,11,11,TTCCCGAAAGGACACAGCAA,0,2418663
mglBp,0.08333333333333333,11,11,TTCCACATTCGAAACTCTAG,0,2412267
mglBp,0.08333333333333333,11,11,TTCATGTGGTCACTGATCGA,0,2371191
mglBp,0.08333333333333333,11,11,TTCATAGTAAGACAGCTTAC,0,2388629
mglBp,0.08333333333333333,11,11,TTCATAGGATCTAAATGGTA,0,2384511
mglBp,0.08333333333333333,11,11,TTCAGATAACATCGTGGGAT,0,2385153
mglBp,0.08333333333333333,11,11,TTATTTGCATACGTACGTCA,0,2401646
mglBp,0.08333333333333333,11,11,TTATTGATTATAAGTGCTTT,0,2342729
mglBp,0.08333333333333333,11,11,TTATTGATAAGCTGCTCGGG,0,2321378
mglBp,0.08333333333333333,11,11,TTATAATTCCGCTCCAACTC,0,2374465
mglBp,0.08333333333333333,11,11,TTATAATAATGAGGGGAGCT,0,2367366
mglBp,0.08333333333333333,11,11,TTATAAGTCATAAGGCGGCC,0,2407138
mglBp,0.08333333333333333,11,11,TTAGGTTAAAACTCCGCTTA,0,2331331
mglBp,0.08333333333333333,11,11,TTAGGCGCAACGTGAATAAG,0,2323003
mglBp,0.08333333333333333,11,11,TTACTCGTCATCACGGGGGA,0,2405920
mglBp,0.08333333333333333,11,11,TTACGGCCGTCTTCAATCCA,0,2355946
mglBp,0.08333333333333333,11,11,TTACGACAATTGGACAGAGC,0,2376850
mglBp,0.08333333333333333,11,11,TTACCCGCCGTAGTGATTGT,0,2392718
mglBp,0.08333333333333333,11,11,TTAATAGCTTCTATGGGCGT,0,2336124
mglBp,0.08333333333333333,11,11,TTAACGTCCGCGGGGAAAGT,0,2362747
mglBp,0.08333333333333333,11,11,TTAACCCACAGGTTCTTCCT,0,2336658
mglBp,0.08333333333333333,11,11,TTAACAGGAGGGCACTGTTT,0,2387105
mglBp,0.08333333333333333,11,11,TTAAAATAAATGGGCTGCCT,0,2370009
mglBp,0.08333333333333333,11,11,TGTTTTAATTAAATGTCACG,0,2338704
mglBp,0.08333333333333333,11,11,TGTTGCGGAGGCGCTCGGGA,0,2330360
mglBp,0.08333333333333333,11,11,TGTTCTATTCAGGCAGCGCA,0,2381362
mglBp,0.08333333333333333,11,11,TGTTCACTGACCGATTGCTC,0,2403953
mglBp,0.08333333333333333,11,11,TGTGTTGTCTAGCAGCAGGA,0,2339258
mglBp,0.08333333333333333,11,11,TGTGTTGTCCCGCCAAAGGC,0,2364609
mglBp,0.08333333333333333,11,11,TGTGAATTTCAATGTTTCAC,0,2408086
mglBp,0.08333333333333333,11,11,TGTCGTTCGGCTGAATGCAA,0,2340139
mglBp,0.08333333333333333,11,11,TGTCGTGCAACTCCATTATG,0,2415337
mglBp,0.08333333333333333,11,11,TGTCGAGGCCCTCCTTGCGA,0,2382618
mglBp,0.08333333333333333,11,11,TGTCAACCAGTCGGGAAAAG,0,2392640
mglBp,0.08333333333333333,11,11,TGTAGTCAGACCGCAACGAT,0,2338466
mglBp,0.08333333333333333,11,11,TGTAAACTCTCCAAGGAGCG,0,2355418
mglBp,0.08333333333333333,11,11,TGGTTTAGTGGGCACTCTGT,0,2419536
mglBp,0.08333333333333333,11,11,TGGTGTATATATTCGCAATC,0,2388242
mglBp,0.08333333333333333,11,11,TGGTCCCAGCGGTGGGAGAA,0,2368187
mglBp,0.08333333333333333,11,11,TGGTATTAGAATCAAGCACA,0,2371943
mglBp,0.08333333333333333,11,11,TGGGTCACTCAGAAGATTGA,0,2419269
mglBp,0.08333333333333333,11,11,TGGGTATTCATGCCACGCGT,0,2336181
mglBp,0.08333333333333333,11,11,TGGGCGTGGATTTTTTCAGT,0,2394583
mglBp,0.08333333333333333,11,11,TGGGCGGACTTTAAGGGTCG,0,2389123
mglBp,0.08333333333333333,11,11,TGGCTGCCTTGGTTCTCCCG,0,2326702
mglBp,0.08333333333333333,11,11,TGGCTATAGGTAGGAGCGTA,0,2388563
mglBp,0.08333333333333333,11,11,TGGCGCCAATTATAAGTTTC,0,2324366
mglBp,0.08333333333333333,11,11,TGGCACAATACAGTCGCGGT,0,2394760
mglBp,0.08333333333333333,11,11,TGGATACGGGTCTTTTTGAT,0,2421739
mglBp,0.08333333333333333,11,11,TGGAGTTGATATCGGGGAAT,0,2354176
mglBp,0.08333333333333333,11,11,TGGACGGCTGGCATATAAAG,0,2410481
mglBp,0.08333333333333333,11,11,TGGAACCCATTGATGCCAGT,0,2355018
mglBp,0.08333333333333333,11,11,TGCTTGCTTTATTTCAGCCC,0,2415280
mglBp,0.08333333333333333,11,11,TGCTTCGTGTCTCGCGAGTT,0,2403830
mglBp,0.08333333333333333,11,11,TGCTGACATGTACTACTCGT,0,2402395
mglBp,0.08333333333333333,11,11,TGCGGTCCTTGAAGTTGAGG,0,2343424
mglBp,0.08333333333333333,11,11,TGCGGTCCGTTAAAAGCTAC,0,2339314
mglBp,0.08333333333333333,11,11,TGCGGGAGTCATTTATTTCA,0,2380359
mglBp,0.08333333333333333,11,11,TGCGCTAGACAGGCACTATG,0,2364982
mglBp,0.08333333333333333,11,11,TGCGCGGTTATTATGCTAGC,0,2356636
mglBp,0.08333333333333333,11,11,TGCCTCTGCCTCGAATGCAA,0,2419061
mglBp,0.08333333333333333,11,11,TGCCTAGGCGGGTTCACTTC,0,2327117
mglBp,0.08333333333333333,11,11,TGCCGGTCAAGGCTTGCAAT,0,2416818
mglBp,0.08333333333333333,11,11,TGCCGAGTGTAGCCAACACA,0,2405877
mglBp,0.08333333333333333,11,11,TGCCATCCGGTCTTCTCAGT,0,2365021
mglBp,0.08333333333333333,11,11,TGCATCGAAGTGTAACAGTG,0,2369259
mglBp,0.08333333333333333,11,11,TGCAGTTCCGGAGGGGCGAT,0,2381988
mglBp,0.08333333333333333,11,11,TGCACATTTCGGAGCGTAAA,0,2401851
mglBp,0.08333333333333333,11,11,TGATTTAACATAGTTTGGTC,0,2398646
mglBp,0.08333333333333333,11,11,TGATGGACGTTGACTGGCCG,0,2384004
mglBp,0.08333333333333333,11,11,TGATGAATTCTCCTCATGAG,0,2346141
mglBp,0.08333333333333333,11,11,TGATCGAAAAGGACGGCCCC,0,2404825
mglBp,0.08333333333333333,11,11,TGATCCATGTGCCGTTGTGG,0,2337912
mglBp,0.08333333333333333,11,11,TGAGGTACGCGGCAGGCTCT,0,2387920
mglBp,0.08333333333333333,11,11,TGAGGGGGAGCGATCTTTGT,0,2325261
mglBp,0.08333333333333333,11,11,TGAGGCGGATGAATAAACGA,0,2335705
mglBp,0.08333333333333333,11,11,TGAGGAGGTGAGCCCGTTCC,0,2333157
mglBp,0.08333333333333333,11,11,TGAGCTAAAACAGTTCTGGC,0,2317739
mglBp,0.08333333333333333,11,11,TGAGCGCATTCCCGGGATTC,0,2420070
mglBp,0.08333333333333333,11,11,TGAGCACTAGGGTGAGTCGC,0,2318453
mglBp,0.08333333333333333,11,11,TGACGTGGCGACCTTTACAC,0,2332590
mglBp,0.08333333333333333,11,11,TGACCACGAGTGGGAAAGAA,0,2338766
mglBp,0.08333333333333333,11,11,TGAATCTCATCGAACAGGAG,0,2340635
mglBp,0.08333333333333333,11,11,TGAAGTCATTATGAGGATCT,0,2377340
mglBp,0.08333333333333333,11,11,TGAAGGTCACTCTTGTGTCG,0,2366862
mglBp,0.08333333333333333,11,11,TGAAATGCCGTAATGCGAAG,0,2360884
mglBp,0.08333333333333333,11,11,TGAAACGCTCCATCTAACTC,0,2383685
mglBp,0.08333333333333333,11,11,TGAAAACGTACCTCGATGTG,0,2378994
mglBp,0.08333333333333333,11,11,TCTTTGTTTGCGTAGGAAAA,0,2371822
mglBp,0.08333333333333333,11,11,TCTTGTTCGCGCTTAGACGT,0,2350894
mglBp,0.08333333333333333,11,11,TCTTGAGAAGAGGACGGACC,0,2398102
mglBp,0.08333333333333333,11,11,TCTTCTTTGCCTGCAGTTCT,0,2401687
mglBp,0.08333333333333333,11,11,TCTTCGTAACAGTTCGGTAA,0,2365020
mglBp,0.08333333333333333,11,11,TCTTCATCCCGGCCATTCCG,0,2337113
mglBp,0.08333333333333333,11,11,TCTTCAAAGTAGGTTATGTG,0,2381707
mglBp,0.08333333333333333,11,11,TCTGCGTTAAGACAACCGCT,0,2416536
mglBp,0.08333333333333333,11,11,TCTGAGTACCTGCGACAAGT,0,2398392
mglBp,0.08333333333333333,11,11,TCTCCTACTCTGGGATGGTA,0,2391995
mglBp,0.08333333333333333,11,11,TCTCCCCACGATAACCCTGT,0,2357629
mglBp,0.08333333333333333,11,11,TCTCATGGGCAACAGAGGCT,0,2371897
mglBp,0.08333333333333333,11,11,TCTATTCCTGGGCGTATTCA,0,2326899
mglBp,0.08333333333333333,11,11,TCTATCTCCGGGCCACCATT,0,2377909
mglBp,0.08333333333333333,11,11,TCTACGCAACACAAAGCCCT,0,2381871
mglBp,0.08333333333333333,11,11,TCTAACGCGTCGAACAGGGC,0,2327548
mglBp,0.08333333333333333,11,11,TCGTGGGCGAGACGTTTTGC,0,2400198
mglBp,0.08333333333333333,11,11,TCGTAAAGCATCATCCCACC,0,2387655
mglBp,0.08333333333333333,11,11,TCGGTAAGTGCAAGATTAAA,0,2357987
mglBp,0.08333333333333333,11,11,TCGGGTTGGGTTAAAGGGTG,0,2413184
mglBp,0.08333333333333333,11,11,TCGGGGAGGCTGTGCCTGGG,0,2341818
mglBp,0.08333333333333333,11,11,TCGGGCGGTGATGCCAGGTA,0,2349844
mglBp,0.08333333333333333,11,11,TCGGCGGTTGATGTCCTACT,0,2356732
mglBp,0.08333333333333333,11,11,TCGCGATGGGACCTCGTGAA,0,2362815
mglBp,0.08333333333333333,11,11,TCGCGATATGGCTAATTTGT,0,2358664
mglBp,0.08333333333333333,11,11,TCGCCTAATCGGACTAAAAC,0,2359111
mglBp,0.08333333333333333,11,11,TCGCAACCGAGCACGGCTTA,0,2401127
mglBp,0.08333333333333333,11,11,TCGATGTGAGTTGCGCGCGG,0,2393016
mglBp,0.08333333333333333,11,11,TCGAGTCCCGGGACCAACTT,0,2386560
mglBp,0.08333333333333333,11,11,TCGAGTCCCGATAAATCCAC,0,2345929
mglBp,0.08333333333333333,11,11,TCGAGCACAAAATCAATCCC,0,2390468
mglBp,0.08333333333333333,11,11,TCGAAAAAGATCCTCCAGTT,0,2360433
mglBp,0.08333333333333333,11,11,TCCTGCGTGCCATCGTGTCT,0,2340902
mglBp,0.08333333333333333,11,11,TCCGGGCAGCAGGCATCAGG,0,2404586
mglBp,0.08333333333333333,11,11,TCCGAAGGCCCTACACCGAG,0,2389640
mglBp,0.08333333333333333,11,11,TCCCAGTCAGCGAACACTGT,0,2419620
mglBp,0.08333333333333333,11,11,TCCATCAGCTAATTGGGAAA,0,2394107
mglBp,0.08333333333333333,11,11,TCCACGGTGGCGATCTGTGT,0,2373679
mglBp,0.08333333333333333,11,11,TCCAAGCCGCCAACCACCCT,0,2331187
mglBp,0.08333333333333333,11,11,TCCAACGGTAAGTCCGGCGA,0,2377379
mglBp,0.08333333333333333,11,11,TCATTTTCAGACCGTGAGAA,0,2397810
mglBp,0.08333333333333333,11,11,TCATGTGTGAAGAAACACCT,0,2408293
mglBp,0.08333333333333333,11,11,TCATGCTAGCGAAAGTTCTG,0,2367496
mglBp,0.08333333333333333,11,11,TCATCAGTCCCGACCCGCTA,0,2410757
mglBp,0.08333333333333333,11,11,TCATAGTCTTTAGGTCCTAT,0,2420652
mglBp,0.08333333333333333,11,11,TCATAAGTAAACCAGGGGGA,0,2320745
mglBp,0.08333333333333333,11,11,TCATAACGAGGTCGGCGTTC,0,2390929
mglBp,0.08333333333333333,11,11,TCAGCAAAGCCTCCCGGGGG,0,2391488
mglBp,0.08333333333333333,11,11,TCAGAACCCTTGCCACCCAC,0,2410385
mglBp,0.08333333333333333,11,11,TCACTTAATGCAGAGTAACT,0,2411362
mglBp,0.08333333333333333,11,11,TCACTGGCGCCTTCTATCCA,0,2406921
mglBp,0.08333333333333333,11,11,TCACTAATTGAGCCTGGACA,0,2320833
mglBp,0.08333333333333333,11,11,TCACGTAGTGGTGTCCATGC,0,2334400
mglBp,0.08333333333333333,11,11,TCACGGTGAGTAGTGCGAAC,0,2402732
mglBp,0.08333333333333333,11,11,TCACCGTGTAACGTCCCGTT,0,2395832
mglBp,0.08333333333333333,11,11,TCAATTTCACTAACTGGCTG,0,2378978
mglBp,0.08333333333333333,11,11,TCAATGGTGGGCGGCGACCA,0,2332686
mglBp,0.08333333333333333,11,11,TCAACTAACGACGGGCGTTG,0,2360828
mglBp,0.08333333333333333,11,11,TATTTTCCATGTTGTGCAAC,0,2409891
mglBp,0.08333333333333333,11,11,TATTGGGGCTATCCCCTCGT,0,2363333
mglBp,0.08333333333333333,11,11,TATTGGAGTCCATCGAGAAG,0,2384066
mglBp,0.08333333333333333,11,11,TATTCAGAGATACGTGGCTA,0,2412544
mglBp,0.08333333333333333,11,11,TATTACTTGTGTCAATACAA,0,2380019
mglBp,0.08333333333333333,11,11,TATTACTATTCCTGTTGTCA,0,2372764
mglBp,0.08333333333333333,11,11,TATGGGACAGACGCGTATAC,0,2388479
mglBp,0.08333333333333333,11,11,TATCGTGCTACGCGGTGGAC,0,2327786
mglBp,0.08333333333333333,11,11,TATCGTACGTCCTGAGCGTG,0,2364554
mglBp,0.08333333333333333,11,11,TATCCTCACATCAGGCTTGC,0,2383256
mglBp,0.08333333333333333,11,11,TATCACGGGCTCGAGTAGGA,0,2332845
mglBp,0.08333333333333333,11,11,TATATGGCAAAACCGCATTA,0,2405995
mglBp,0.08333333333333333,11,11,TATACCAGTGGTGTTACGCC,0,2361357
mglBp,0.08333333333333333,11,11,TATAATGGCGCCGTTCACTT,0,2390572
mglBp,0.08333333333333333,11,11,TATAACTGGGTGGACTTTAT,0,2331254
mglBp,0.08333333333333333,11,11,TAGGGTGTTATGGGGTCTAC,0,2397009
mglBp,0.08333333333333333,11,11,TAGGGGAGGAGTGAGTGCAA,0,2346011
mglBp,0.08333333333333333,11,11,TAGGGCTACTGAAAGCGATA,0,2361413
mglBp,0.08333333333333333,11,11,TAGGAATGGGCATGGCCCAT,0,2332378
mglBp,0.08333333333333333,11,11,TAGGAACTACTCTCATCCAG,0,2356711
mglBp,0.08333333333333333,11,11,TAGCGAGAGTCCGAAAACGA,0,2402660
mglBp,0.08333333333333333,11,11,TAGCAATTAGACCAGTGTAG,0,2363067
mglBp,0.08333333333333333,11,11,TAGATTCATATATCTTCTGT,0,2325102
mglBp,0.08333333333333333,11,11,TAGAGCGGCAGCGCCGAGAT,0,2408724
mglBp,0.08333333333333333,11,11,TAGACGCCTGGTTTTAACAA,0,2393906
mglBp,0.08333333333333333,11,11,TAGAACTGTTAGTTACGGAG,0,2355841
mglBp,0.08333333333333333,11,11,TAGAACAGCACCCCGCCGAA,0,2418962
mglBp,0.08333333333333333,11,11,TACTGCGAATGCCAGCCAGT,0,2364044
mglBp,0.08333333333333333,11,11,TACGTGATCGTTGCATTCTT,0,2337071
mglBp,0.08333333333333333,11,11,TACGCGCCACAAAGCACCCC,0,2347924
mglBp,0.08333333333333333,11,11,TACCGTGCGGTCATTCGTAC,0,2420392
mglBp,0.08333333333333333,11,11,TACCAGCGCTTCCACAGGTC,0,2395197
mglBp,0.08333333333333333,11,11,TACCAAACATGTCACGTCTA,0,2319985
mglBp,0.08333333333333333,11,11,TACATTCATCGACTGGACGA,0,2360723
mglBp,0.08333333333333333,11,11,TACATCTAATACGTAAGGCA,0,2408213
mglBp,0.08333333333333333,11,11,TACATACAGTATAACGATAT,0,2384200
mglBp,0.08333333333333333,11,11,TACAGTACAGTAGGAGTAGC,0,2341953
mglBp,0.08333333333333333,11,11,TACAGATGTAATTCTGTCAT,0,2375421
mglBp,0.08333333333333333,11,11,TACACCGAAGTCTCTGGGGA,0,2347594
mglBp,0.08333333333333333,11,11,TAATTGCAAGACAAGTCTGA,0,2366989
mglBp,0.08333333333333333,11,11,TAATAGACGTTGCGCGCTGC,0,2389926
mglBp,0.08333333333333333,11,11,TAAGGAGTTTGTACCCGGGA,0,2347402
mglBp,0.08333333333333333,11,11,TAAGAATGAGGATTTTTGCT,0,2369209
mglBp,0.08333333333333333,11,11,TAACGTGGGTTTATAGGATT,0,2402278
mglBp,0.08333333333333333,11,11,TAACCTGCCGGAGTAGCCTT,0,2325911
mglBp,0.08333333333333333,11,11,TAACCGTGCTTTTCGGATTC,0,2353043
mglBp,0.08333333333333333,11,11,GTTTTGTTGTGCGAGGGTAT,0,2396153
mglBp,0.08333333333333333,11,11,GTTTGGAAGTTCGGAGTAGC,0,2321745
mglBp,0.08333333333333333,11,11,GTTTGCTGTTATGGTGGTGG,0,2356284
mglBp,0.08333333333333333,11,11,GTTTAAGACAAACGTTTTCA,0,2389414
mglBp,0.08333333333333333,11,11,GTTGGCTGGGACGATGTTGT,0,2328082
mglBp,0.08333333333333333,11,11,GTTGGCTGCGCTAACCACGT,0,2378135
mglBp,0.08333333333333333,11,11,GTTGCCCTAACCAGACAGAA,0,2377426
mglBp,0.08333333333333333,11,11,GTTGAGAACAGCTATGTAGT,0,2374579
mglBp,0.08333333333333333,11,11,GTTGAAGCAACTGGTTCAGG,0,2331580
mglBp,0.08333333333333333,11,11,GTTCGGTGAGTTTAGAAGGC,0,2353250
mglBp,0.08333333333333333,11,11,GTTCGCCTACGGTTGACAAC,0,2332245
mglBp,0.08333333333333333,11,11,GTTCCCGTCGCATGGACAAG,0,2366422
mglBp,0.08333333333333333,11,11,GTTCCACCCAGGCCTCCTTG,0,2410440
mglBp,0.08333333333333333,11,11,GTTCCAACTCACCCTCTATT,0,2401992
mglBp,0.08333333333333333,11,11,GTTCAAGTGGTGTTTCCCTG,0,2392370
mglBp,0.08333333333333333,11,11,GTTCAAAAAAATTCTTTAGA,0,2421371
mglBp,0.08333333333333333,11,11,GTTATGTTAAGTGAATCCGA,0,2362682
mglBp,0.08333333333333333,11,11,GTTATACGGCTAGCCGTCCG,0,2341944
mglBp,0.08333333333333333,11,11,GTTAGCCGGTTCCTGACGAG,0,2393796
mglBp,0.08333333333333333,11,11,GTTAGACCATATGCGCTCAG,0,2339112
mglBp,0.08333333333333333,11,11,GTTAAACGAGCTTCGAAGTC,0,2333357
mglBp,0.08333333333333333,11,11,GTGTTACTTCCGACTTCAAG,0,2399502
mglBp,0.08333333333333333,11,11,GTGTGGAGCGCATTTCGACA,0,2338593
mglBp,0.08333333333333333,11,11,GTGTCCGGCGTACAAAGATT,0,2364369
mglBp,0.08333333333333333,11,11,GTGTCCCTTTAGGACCATCG,0,2369691
mglBp,0.08333333333333333,11,11,GTGGCCTGGTGTTCCCCCAA,0,2417868
mglBp,0.08333333333333333,11,11,GTGGACGACGCGATCGACGA,0,2317498
mglBp,0.08333333333333333,11,11,GTGCTGTGGGTTCAGATCCT,0,2330182
mglBp,0.08333333333333333,11,11,GTGCTGGTCTAGAAAATACG,0,2383931
mglBp,0.08333333333333333,11,11,GTGAGTGTAGAAGGTAGAAA,0,2318499
mglBp,0.08333333333333333,11,11,GTGAGGTGGGTTGGCATAAC,0,2381719
mglBp,0.08333333333333333,11,11,GTGAGCTCTGACTAGACTGT,0,2363931
mglBp,0.08333333333333333,11,11,GTGAGCATAACGGGCCATGT,0,2353225
mglBp,0.08333333333333333,11,11,GTGACTGGTCGGGCTGTCAC,0,2383960
mglBp,0.08333333333333333,11,11,GTCTGGTATAACCACCGCTA,0,2323013
mglBp,0.08333333333333333,11,11,GTCTGACTTATGCGTGTGAT,0,2377673
mglBp,0.08333333333333333,11,11,GTCTCGCTCAACCAGGAGTG,0,2375178
mglBp,0.08333333333333333,11,11,GTCGTTGGGCCATTTTGCAG,0,2355081
mglBp,0.08333333333333333,11,11,GTCGGTCAAACTGTTGACAG,0,2319930
mglBp,0.08333333333333333,11,11,GTCGGAGAATCGTGTTTACG,0,2366388
mglBp,0.08333333333333333,11,11,GTCCGTCTATTGCAAAAGAC,0,2356048
mglBp,0.08333333333333333,11,11,GTCATGTCGTCAACGCTCCA,0,2367643
mglBp,0.08333333333333333,11,11,GTCATGACTCGCCACATGGT,0,2358020
mglBp,0.08333333333333333,11,11,GTCAGAGCGGTAGGAGAGCA,0,2422006
mglBp,0.08333333333333333,11,11,GTATCCGTAGTGAGACTTGT,0,2381331
mglBp,0.08333333333333333,11,11,GTATATCTGTCTTCATGCAT,0,2334743
mglBp,0.08333333333333333,11,11,GTATATCAGTTTGGGGTTTT,0,2391977
mglBp,0.08333333333333333,11,11,GTAGCTGGCAATTCCGGATC,0,2322964
mglBp,0.08333333333333333,11,11,GTACTGCAGCTCTCCGTCTG,0,2412038
mglBp,0.08333333333333333,11,11,GTACTGACATAGTATGAGTT,0,2409982
mglBp,0.08333333333333333,11,11,GTACTACGACGATAGTCGTT,0,2352138
mglBp,0.08333333333333333,11,11,GTAAGGTGGGAGGCTCCTAC,0,2349506
mglBp,0.08333333333333333,11,11,GTAAGGCACTAACGCCGGTA,0,2369437
mglBp,0.08333333333333333,11,11,GTAAACCGTGCTTATTCATG,0,2357126
mglBp,0.08333333333333333,11,11,GGTTTCCATAAGAATTCGAT,0,2361180
mglBp,0.08333333333333333,11,11,GGTTCTCCAAAGTAGGTATT,0,2384179
mglBp,0.08333333333333333,11,11,GGTTCGGTTCACGTCTTCCC,0,2409388
mglBp,0.08333333333333333,11,11,GGTGTGTGGGCGACTGAAAA,0,2346313
mglBp,0.08333333333333333,11,11,GGTGTACCGCTGTATAAGTG,0,2371650
mglBp,0.08333333333333333,11,11,GGTGGCTGCTGAAAAAAACG,0,2366567
mglBp,0.08333333333333333,11,11,GGTGGCCTCCCCGAGTAGTG,0,2350500
mglBp,0.08333333333333333,11,11,GGTGGATGTTTACTACTTCG,0,2381088
mglBp,0.08333333333333333,11,11,GGTGGACTGGCTGCAACTAT,0,2348986
mglBp,0.08333333333333333,11,11,GGTGCAGGGTGAATCCAGTT,0,2378190
mglBp,0.08333333333333333,11,11,GGTCGATGTTCGAAAGTCAG,0,2337312
mglBp,0.08333333333333333,11,11,GGTCCTAGTCTAAACGTCCA,0,2393199
mglBp,0.08333333333333333,11,11,GGTCATATCGGCCGTGGGGG,0,2359508
mglBp,0.08333333333333333,11,11,GGTATGGATAGGATGCGGTA,0,2394559
mglBp,0.08333333333333333,11,11,GGTATCCACAAATCTCGGTT,0,2340933
mglBp,0.08333333333333333,11,11,GGTATCAGCATACTCGGAAC,0,2341010
mglBp,0.08333333333333333,11,11,GGTAGTCACGCCCGGGATGT,0,2404276
mglBp,0.08333333333333333,11,11,GGTAGCTTTTCCAAGCTAAG,0,2333633
mglBp,0.08333333333333333,11,11,GGTAATTCCTACGAAATGGA,0,2379753
mglBp,0.08333333333333333,11,11,GGTAAGGAGTCAGTATGAAC,0,2366890
mglBp,0.08333333333333333,11,11,GGTAAAGGCATCGCTTGCGT,0,2375888
mglBp,0.08333333333333333,11,11,GGGTTGTGGGGACCCTCGAC,0,2320990
mglBp,0.08333333333333333,11,11,GGGTTGGGCACTCAACAAGG,0,2332844
mglBp,0.08333333333333333,11,11,GGGTGATATCCTTCATGTAT,0,2401456
mglBp,0.08333333333333333,11,11,GGGGGGTCACCAGCTGTTAA,0,2368979
mglBp,0.08333333333333333,11,11,GGGGGCTGACCTAGGACTTA,0,2380212
mglBp,0.08333333333333333,11,11,GGGGGCGTTATCATGGCCGA,0,2321995
mglBp,0.08333333333333333,11,11,GGGGCTAAGCATGGGAAATT,0,2323282
mglBp,0.08333333333333333,11,11,GGGCGTCTCGTCCTATAAGC,0,2403070
mglBp,0.08333333333333333,11,11,GGGCGACGCTTGGATCACTA,0,2414138
mglBp,0.08333333333333333,11,11,GGGCCGAAATTTAGATCAGT,0,2418778
mglBp,0.08333333333333333,11,11,GGGCAGCTAGGAGTGAGTGC,0,2334282
mglBp,0.08333333333333333,11,11,GGGCACACTATCGTCACAAC,0,2360969
mglBp,0.08333333333333333,11,11,GGGAGGCCACTTATACAGCG,0,2364608
mglBp,0.08333333333333333,11,11,GGGACTTTGGGTTACGACGG,0,2338179
mglBp,0.08333333333333333,11,11,GGGACAAGGGTCTTCATATA,0,2350976
mglBp,0.08333333333333333,11,11,GGCTTCGGCGGCGGGGTCAA,0,2331113
mglBp,0.08333333333333333,11,11,GGCGGGTCACGTAGGTCAGC,0,2360770
mglBp,0.08333333333333333,11,11,GGCGGGCGGCAGGTTGATAG,0,2421556
mglBp,0.08333333333333333,11,11,GGCGGATTTGCCGACCGGTT,0,2353954
mglBp,0.08333333333333333,11,11,GGCGCGGGATATCGCGGTTC,0,2388856
mglBp,0.08333333333333333,11,11,GGCGCACATGTTATGCGGAT,0,2361820
mglBp,0.08333333333333333,11,11,GGCCTTGTCCGCGGCGCCAA,0,2317599
mglBp,0.08333333333333333,11,11,GGCCCTCTAAAAATTTGAGA,0,2406636
mglBp,0.08333333333333333,11,11,GGCCAAGCGCTGTACCGTGA,0,2378584
mglBp,0.08333333333333333,11,11,GGCAGTGATATGATTAAACA,0,2394853
mglBp,0.08333333333333333,11,11,GGATTAGGGCTGGGCTTGTG,0,2416752
mglBp,0.08333333333333333,11,11,GGAGGGATTGTCGCGCGATT,0,2327701
mglBp,0.08333333333333333,11,11,GGAGGCATGCATTACATGTT,0,2400724
mglBp,0.08333333333333333,11,11,GGAGCCCCATAGCAGAGCTG,0,2361044
mglBp,0.08333333333333333,11,11,GGAGAGTGCATGTTTGTTGG,0,2365016
mglBp,0.08333333333333333,11,11,GGAGAATTTTGTAATGGGAG,0,2317845
mglBp,0.08333333333333333,11,11,GGACGGGAATTCCGACCGCC,0,2341894
mglBp,0.08333333333333333,11,11,GGACGCCAAAAGTTAGAGGA,0,2412592
mglBp,0.08333333333333333,11,11,GGACGATCCCGCTAGCAGAA,0,2398012
mglBp,0.08333333333333333,11,11,GGAAGAATCCTAAAGTGAAC,0,2409985
mglBp,0.08333333333333333,11,11,GGAAACATGCGCACAACACA,0,2393956
mglBp,0.08333333333333333,11,11,GGAAAACAAATGGCCCGTAA,0,2384856
mglBp,0.08333333333333333,11,11,GCTTTTCAGGGATCGCAGTT,0,2382006
mglBp,0.08333333333333333,11,11,GCTTTAGCGAGTCTTACAAG,0,2355871
mglBp,0.08333333333333333,11,11,GCTTGATTTTCCGGATCCTC,0,2327409
mglBp,0.08333333333333333,11,11,GCTTCTCGGCGTGCAAGACT,0,2358252
mglBp,0.08333333333333333,11,11,GCTGGATAGAGGTTCTCGAA,0,2396413
mglBp,0.08333333333333333,11,11,GCTGCCTCGACCGTGATAGG,0,2382215
mglBp,0.08333333333333333,11,11,GCTGATCGTTCCATTTCTTA,0,2346057
mglBp,0.08333333333333333,11,11,GCTCTCTAGTGATCGTTTAT,0,2327893
mglBp,0.08333333333333333,11,11,GCTCATTATGGTGTAGCGTC,0,2333151
mglBp,0.08333333333333333,11,11,GCTCAGATTCGTCCGCGACC,0,2413436
mglBp,0.08333333333333333,11,11,GCTAGTGCAGGATATAAGTC,0,2402645
mglBp,0.08333333333333333,11,11,GCTACATGTTTCTAACGGTA,0,2358756
mglBp,0.08333333333333333,11,11,GCTAAAACCACTCTCCCCCG,0,2355760
mglBp,0.08333333333333333,11,11,GCGTTAGAAATTCCGATTGA,0,2366864
mglBp,0.08333333333333333,11,11,GCGTGTGAGCACGAGCAGCG,0,2369402
mglBp,0.08333333333333333,11,11,GCGTGGGTAGCCGACATCAA,0,2400299
mglBp,0.08333333333333333,11,11,GCGTCCTTATGAGCGTGGAT,0,2410804
mglBp,0.08333333333333333,11,11,GCGTACAAACATATAATGTA,0,2384864
mglBp,0.08333333333333333,11,11,GCGGTTAAAGGTCGGTGGGG,0,2420021
mglBp,0.08333333333333333,11,11,GCGGTATGCTGTAGGAAGTC,0,2357945
mglBp,0.08333333333333333,11,11,GCGGGTGGCTGCCTGTGGAA,0,2397502
mglBp,0.08333333333333333,11,11,GCGGGCCGATCACTATGGCG,0,2322416
mglBp,0.08333333333333333,11,11,GCGGCGTTTGATCGCTCTCT,0,2364212
mglBp,0.08333333333333333,11,11,GCGCTGAACACTGCGGCCCT,0,2362425
mglBp,0.08333333333333333,11,11,GCGCTCTGCGATATTTGCGT,0,2384071
mglBp,0.08333333333333333,11,11,GCGCTCGACAACCGTATGAA,0,2347430
mglBp,0.08333333333333333,11,11,GCGCAACACGAAGCCCAAAA,0,2354656
mglBp,0.08333333333333333,11,11,GCGCAAACCCGTCACCACAT,0,2381350
mglBp,0.08333333333333333,11,11,GCGAGTATTTCCGCACGTGG,0,2367458
mglBp,0.08333333333333333,11,11,GCGACAAAAATCTCCGAGAA,0,2410620
mglBp,0.08333333333333333,11,11,GCCTTAGGCTAGGCATTATT,0,2319951
mglBp,0.08333333333333333,11,11,GCCTGCCCTGCTATGACGGC,0,2338273
mglBp,0.08333333333333333,11,11,GCCGGAATGGGCTACTGAAT,0,2330462
mglBp,0.08333333333333333,11,11,GCCGACTCAGGAGGGATATT,0,2412796
mglBp,0.08333333333333333,11,11,GCCCGACGTTCCACAGTCTA,0,2344243
mglBp,0.08333333333333333,11,11,GCCCGAAGTAGGCCATGCGT,0,2387889
mglBp,0.08333333333333333,11,11,GCCCAGCCGTGCACAATACA,0,2332471
mglBp,0.08333333333333333,11,11,GCCCAGCCGGTATTCCGTGC,0,2329194
mglBp,0.08333333333333333,11,11,GCCAGTGTACGGGCATTGCA,0,2334886
mglBp,0.08333333333333333,11,11,GCCAAGAAGTCGCCAATCCC,0,2324471
mglBp,0.08333333333333333,11,11,GCATTGCGTATAGATACTTA,0,2404927
mglBp,0.08333333333333333,11,11,GCATTATATGCCCCTTCTAA,0,2327554
mglBp,0.08333333333333333,11,11,GCATCGTCGGGTTTCTTATG,0,2371498
mglBp,0.08333333333333333,11,11,GCATCCGCGTGCTTAGTTCA,0,2413520
mglBp,0.08333333333333333,11,11,GCAGTGCAGGCAAGATCCTA,0,2351529
mglBp,0.08333333333333333,11,11,GCAGCGTTTTTATAGCGATC,0,2324546
mglBp,0.08333333333333333,11,11,GCAGCATGACAAACTGTTCA,0,2365790
mglBp,0.08333333333333333,11,11,GCACGTTTCTGTGGTATCTT,0,2366588
mglBp,0.08333333333333333,11,11,GCACCGTGCACCGAAAAAGA,0,2331698
mglBp,0.08333333333333333,11,11,GCACAGGATATAAGGGGAAT,0,2369805
mglBp,0.08333333333333333,11,11,GCACAGACGCGGCGTTTCCA,0,2417121
mglBp,0.08333333333333333,11,11,GCACAATAACTCGTTACTCG,0,2316923
mglBp,0.08333333333333333,11,11,GCAATCGATCTTGATCAAGC,0,2414651
mglBp,0.08333333333333333,11,11,GCAAATGGCACGCCCTTGGG,0,2317085
mglBp,0.08333333333333333,11,11,GCAAATCAAAAGGAATGGAA,0,2350420
mglBp,0.08333333333333333,11,11,GATTGTTTATGAAGTGGCCT,0,2373304
mglBp,0.08333333333333333,11,11,GATTGGCCGTGGACGATCTT,0,2420766
mglBp,0.08333333333333333,11,11,GATCGCGTATCTTAGGGGGG,0,2348272
mglBp,0.08333333333333333,11,11,GATCGAAATGTCACGCGCTT,0,2360306
mglBp,0.08333333333333333,11,11,GATCCGAGAGCGCTTGTCCA,0,2398285
mglBp,0.08333333333333333,11,11,GATAGATCTGAGTCACGCCT,0,2343125
mglBp,0.08333333333333333,11,11,GATAGAACTCCTCTTAAGGA,0,2330331
mglBp,0.08333333333333333,11,11,GATACTCTGAGCAACGGAGG,0,2402276
mglBp,0.08333333333333333,11,11,GATACAGACCACGGTCCTAC,0,2363229
mglBp,0.08333333333333333,11,11,GATAAACGGGATAAGACATT,0,2368401
mglBp,0.08333333333333333,11,11,GAGTGCTTTGGACCGATCCG,0,2339531
mglBp,0.08333333333333333,11,11,GAGTCGCCGCCCTTTGCCCA,0,2368273
mglBp,0.08333333333333333,11,11,GAGTAAAATGAGACAGACGC,0,2411069
mglBp,0.08333333333333333,11,11,GAGGGTACGGGGCTGGCAAG,0,2379031
mglBp,0.08333333333333333,11,11,GAGGCTCAAGCGTCTTCTTT,0,2337111
mglBp,0.08333333333333333,11,11,GAGGCCATTCAGAATGACTA,0,2351342
mglBp,0.08333333333333333,11,11,GAGCGGCGTTTTAACTTAAG,0,2330212
mglBp,0.08333333333333333,11,11,GAGCCGCGGAGTTACAAATA,0,2362152
mglBp,0.08333333333333333,11,11,GAGCCCTGTCCATAGGCCCC,0,2350104
mglBp,0.08333333333333333,11,11,GAGCCCGAAAGTTCGTTTAG,0,2409872
mglBp,0.08333333333333333,11,11,GAGCCCCTAGGATTCGGGAT,0,2335870
mglBp,0.08333333333333333,11,11,GAGCCACGTCACACAATAAG,0,2375597
mglBp,0.08333333333333333,11,11,GAGATATACCCATATGTGAC,0,2421658
mglBp,0.08333333333333333,11,11,GAGACCGAGGTGTTCACTTG,0,2343475
mglBp,0.08333333333333333,11,11,GACTTTATTTGTCGCTCAAG,0,2363832
mglBp,0.08333333333333333,11,11,GACGTACCTGGTCCTTGAGA,0,2415654
mglBp,0.08333333333333333,11,11,GACGGGGCTTGCTCCTCATC,0,2362652
mglBp,0.08333333333333333,11,11,GACGGCGTACGTTGGGACTT,0,2371277
mglBp,0.08333333333333333,11,11,GACGGAATTAAAGGGCAAAG,0,2316789
mglBp,0.08333333333333333,11,11,GACGAACGCTGTACTGACGG,0,2353418
mglBp,0.08333333333333333,11,11,GACCTCGGGACGAGATTTGC,0,2398975
mglBp,0.08333333333333333,11,11,GACCGACCACCTGATGGTAG,0,2405594
mglBp,0.08333333333333333,11,11,GACCCTCGCAAACTTCCTCA,0,2403490
mglBp,0.08333333333333333,11,11,GACCCCCGTCAATCAGTGGA,0,2405665
mglBp,0.08333333333333333,11,11,GACCAGATTCTTTGTCAATC,0,2342488
mglBp,0.08333333333333333,11,11,GACACAACTAATTTACATTT,0,2416768
mglBp,0.08333333333333333,11,11,GACAATTGGGTAAGCCTTCG,0,2370244
mglBp,0.08333333333333333,11,11,GAATTGTTAGGGGACCCATA,0,2414378
mglBp,0.08333333333333333,11,11,GAATATGAAAACAAGATTCT,0,2401268
mglBp,0.08333333333333333,11,11,GAAGGTGAAATTTGATTACA,0,2348482
mglBp,0.08333333333333333,11,11,GAAGCTCCGTTTGCGGGGAC,0,2353822
mglBp,0.08333333333333333,11,11,GAAGCTAATAAACCGCAGGT,0,2412101
mglBp,0.08333333333333333,11,11,GAAGCGGAGGTGTATGATTA,0,2354020
mglBp,0.08333333333333333,11,11,GAAGAGTACTGAGAGCGCGT,0,2325203
mglBp,0.08333333333333333,11,11,GAACTCCTCGTACACAGCTA,0,2353233
mglBp,0.08333333333333333,11,11,GAACGGTGGCTGCTTCCTCG,0,2385107
mglBp,0.08333333333333333,11,11,GAAATTAAAAGTGGGGTCCG,0,2360091
mglBp,0.08333333333333333,11,11,GAAATGTGAGGGACGTTAAA,0,2415113
mglBp,0.08333333333333333,11,11,GAAACGTACGAATTTTAGGA,0,2326407
mglBp,0.08333333333333333,11,11,GAAACACGACACTATGGGAA,0,2318243
mglBp,0.08333333333333333,11,11,GAAAACCCGGTTTAGAGTAC,0,2342569
mglBp,0.08333333333333333,11,11,CTTTTGGAGCCTAGCGCGTC,0,2348512
mglBp,0.08333333333333333,11,11,CTTTTACTTTTGCGCCATAA,0,2343929
mglBp,0.08333333333333333,11,11,CTTGTCGTCGAACGCGCTAT,0,2376993
mglBp,0.08333333333333333,11,11,CTTGTAGTGCCCGGTTTACC,0,2395833
mglBp,0.08333333333333333,11,11,CTTGGTATTACCAGTAAACC,0,2349683
mglBp,0.08333333333333333,11,11,CTTGGCAGCTTATTGTAGTA,0,2358071
mglBp,0.08333333333333333,11,11,CTTGGATCCCCGATCTCAAT,0,2379378
mglBp,0.08333333333333333,11,11,CTTGCATGCCGTTGCCCAGC,0,2418054
mglBp,0.08333333333333333,11,11,CTTGAACGGGGCAGTTAGAC,0,2417157
mglBp,0.08333333333333333,11,11,CTTCCGCAACAGTAGGTCAC,0,2336721
mglBp,0.08333333333333333,11,11,CTTCCAGTGGGCTGCGATCC,0,2422839
mglBp,0.08333333333333333,11,11,CTTATTGGTAGACACAGTAC,0,2319384
mglBp,0.08333333333333333,11,11,CTTATCAATCGGTACGGATC,0,2319683
mglBp,0.08333333333333333,11,11,CTTAGGCTACGCGGTAAGTG,0,2397778
mglBp,0.08333333333333333,11,11,CTTAGAAGACGTGGTTCTCT,0,2374023
mglBp,0.08333333333333333,11,11,CTTAATAGCATCGCGTAGGA,0,2362842
mglBp,0.08333333333333333,11,11,CTTAAGGCACGTCGTTTTGT,0,2408387
mglBp,0.08333333333333333,11,11,CTTAAATCACGCTACTAGGT,0,2322297
mglBp,0.08333333333333333,11,11,CTTAAATCAAGAACACTGAA,0,2393543
mglBp,0.08333333333333333,11,11,CTGTTTGATCACCACAGGAC,0,2322498
mglBp,0.08333333333333333,11,11,CTGTTCGGCGCCTGTTGCGG,0,2384784
mglBp,0.08333333333333333,11,11,CTGTGGGCCAGCCCGTACAA,0,2410413
mglBp,0.08333333333333333,11,11,CTGTACTCCCGTTCGCGCCA,0,2417861
mglBp,0.08333333333333333,11,11,CTGGTCTAAATCGGCACGAG,0,2419148
mglBp,0.08333333333333333,11,11,CTGGTCGGCCACGGCGCCCG,0,2368915
mglBp,0.08333333333333333,11,11,CTGGGTATTGGTAAAAGCGA,0,2414694
mglBp,0.08333333333333333,11,11,CTGGGGTATGTCCCGGATTG,0,2385490
mglBp,0.08333333333333333,11,11,CTGGACAAGGGGTGACTCCT,0,2368640
mglBp,0.08333333333333333,11,11,CTGCGGTGGTCGTCCAGTCT,0,2337559
mglBp,0.08333333333333333,11,11,CTGCGGCACCGGTCGAATAT,0,2321211
mglBp,0.08333333333333333,11,11,CTGCCTCGGGAACACGGAGA,0,2329138
mglBp,0.08333333333333333,11,11,CTGCCATGAGAGGTCTCTCA,0,2372858
mglBp,0.08333333333333333,11,11,CTGCAGTGGGCGTTATGCAG,0,2356007
mglBp,0.08333333333333333,11,11,CTGCAGCTTTGGTCAAACAG,0,2342077
mglBp,0.08333333333333333,11,11,CTGACGCGAAATTGAGCTTA,0,2369003
mglBp,0.08333333333333333,11,11,CTCTGGGGTCTTTTCTGCTG,0,2344791
mglBp,0.08333333333333333,11,11,CTCGGGGGACCCGGGGGGCC,0,2366650
mglBp,0.08333333333333333,11,11,CTCGGCAAACACCTTACGAT,0,2326670
mglBp,0.08333333333333333,11,11,CTCCTGCGTCGTCGAGCGCG,0,2341571
mglBp,0.08333333333333333,11,11,CTCCGGTAGGGACGAGCATC,0,2327406
mglBp,0.08333333333333333,11,11,CTCCATGCTGCGTTATGTGA,0,2415857
mglBp,0.08333333333333333,11,11,CTATTTGTCTTTCCATGCTC,0,2371327
mglBp,0.08333333333333333,11,11,CTATTCACGGTTTGTAGCTA,0,2348587
mglBp,0.08333333333333333,11,11,CTATGGTTACCGAAGGAGTT,0,2362135
mglBp,0.08333333333333333,11,11,CTAGTCTCCTGAGCTCGGTT,0,2407051
mglBp,0.08333333333333333,11,11,CTAGCGTTATGGTTGCTACA,0,2364845
mglBp,0.08333333333333333,11,11,CTAGCACATATGTCAGGAAT,0,2375615
mglBp,0.08333333333333333,11,11,CTAGAGCAAGACTTTCTGGT,0,2383159
mglBp,0.08333333333333333,11,11,CTAGAAGACCGCAGCGGGAG,0,2413663
mglBp,0.08333333333333333,11,11,CTACTGTGTTCAAGGCTAAT,0,2331553
mglBp,0.08333333333333333,11,11,CTACCGGCCTCAGATGCTTG,0,2401786
mglBp,0.08333333333333333,11,11,CTAAGCGCTTAGTTGCTATA,0,2316700
mglBp,0.08333333333333333,11,11,CTAACGAATGTTCATGTCGT,0,2378993
mglBp,0.08333333333333333,11,11,CTAAATGAAGATTCGACCAA,0,2422126
mglBp,0.08333333333333333,11,11,CGTTCCATTGTTCATCTCCC,0,2320536
mglBp,0.08333333333333333,11,11,CGTGTACCTCCCGTATTTGA,0,2346437
mglBp,0.08333333333333333,11,11,CGTGCTCGTAGCGACCAATA,0,2391133
mglBp,0.08333333333333333,11,11,CGTGCCGGAGGATCCCAGTT,0,2357751
mglBp,0.08333333333333333,11,11,CGTCTTTCGCAACTCATCCT,0,2410293
mglBp,0.08333333333333333,11,11,CGTCCTCGGAAGGTGTAATT,0,2345825
mglBp,0.08333333333333333,11,11,CGTCCGTACAATCATCATGG,0,2335712
mglBp,0.08333333333333333,11,11,CGTCCCATAGGGTCTTCCTG,0,2382385
mglBp,0.08333333333333333,11,11,CGTCCACAAAAGACAGGTCA,0,2378521
mglBp,0.08333333333333333,11,11,CGTCCAAGAGAGTATCTGGC,0,2374311
mglBp,0.08333333333333333,11,11,CGTCACATCAGATTGCCCTC,0,2352458
mglBp,0.08333333333333333,11,11,CGTATACTCCATCGTGGGGT,0,2388264
mglBp,0.08333333333333333,11,11,CGTATACGCCTCCAAGTATA,0,2373231
mglBp,0.08333333333333333,11,11,CGTATAATTAATGGTCTAAG,0,2324341
mglBp,0.08333333333333333,11,11,CGTAGGGGACCTCAGTGGTG,0,2411807
mglBp,0.08333333333333333,11,11,CGTAGGCGGTCTGTCGGTTT,0,2416504
mglBp,0.08333333333333333,11,11,CGTACCTAGTATCAAACAGC,0,2322627
mglBp,0.08333333333333333,11,11,CGTAAGGCCGGCCCAAGATA,0,2327710
mglBp,0.08333333333333333,11,11,CGGTCCTGGTGTTACCCAGT,0,2400121
mglBp,0.08333333333333333,11,11,CGGTAGCCCATGGCATATCC,0,2345221
mglBp,0.08333333333333333,11,11,CGGTACCCTTCGCAACCCGT,0,2419500
mglBp,0.08333333333333333,11,11,CGGGGTCGCACGCGCCGAAG,0,2422204
mglBp,0.08333333333333333,11,11,CGGGGGGCATAGGATATTGA,0,2339229
mglBp,0.08333333333333333,11,11,CGGCGCACAACGGTTGGTGT,0,2383838
mglBp,0.08333333333333333,11,11,CGGCCCAGAACTGGACTTGT,0,2409897
mglBp,0.08333333333333333,11,11,CGGACAAATGCGCACTCACA,0,2350498
mglBp,0.08333333333333333,11,11,CGCTTTGTCCGACATTGGGA,0,2332324
mglBp,0.08333333333333333,11,11,CGCTCAAGTCACCGAAGCCA,0,2388898
mglBp,0.08333333333333333,11,11,CGCTATAGGCCGTTTACTTA,0,2340555
mglBp,0.08333333333333333,11,11,CGCGCTCTCGGGGCTATGCT,0,2343756
mglBp,0.08333333333333333,11,11,CGCGATACTGAGAACAGGTA,0,2366374
mglBp,0.08333333333333333,11,11,CGCCTGCTGTTTCATCTACG,0,2318234
mglBp,0.08333333333333333,11,11,CGCCGTCCATACACTAAGCC,0,2386198
mglBp,0.08333333333333333,11,11,CGCATTCAGTCTTAGGCGAG,0,2404726
mglBp,0.08333333333333333,11,11,CGCATGAGAGTAAATTACTC,0,2349228
mglBp,0.08333333333333333,11,11,CGCATAGCTGAATGGGACTA,0,2348522
mglBp,0.08333333333333333,11,11,CGCAGCTCCCGATACCACGG,0,2385765
mglBp,0.08333333333333333,11,11,CGATGCTGTTTAACCAAGCA,0,2403085
mglBp,0.08333333333333333,11,11,CGATGCAACTGTTTCAACAT,0,2391844
mglBp,0.08333333333333333,11,11,CGATGAACAACCAATATCAA,0,2403107
mglBp,0.08333333333333333,11,11,CGATCTGTTACGACATAGCT,0,2345961
mglBp,0.08333333333333333,11,11,CGATCTGAACCCGCGCGAAT,0,2392709
mglBp,0.08333333333333333,11,11,CGAGTTTCAGAATGAAGTTG,0,2318056
mglBp,0.08333333333333333,11,11,CGAGCTCTTTGGCAGGTTGA,0,2366195
mglBp,0.08333333333333333,11,11,CGAGATCGTCATGTAGACTA,0,2410340
mglBp,0.08333333333333333,11,11,CGAGACTGAAGTACCGGGAG,0,2421655
mglBp,0.08333333333333333,11,11,CGACGGTATAAGCGTCGGTG,0,2398060
mglBp,0.08333333333333333,11,11,CGACGCCATGAAAGGTGGGG,0,2352720
mglBp,0.08333333333333333,11,11,CGACCCAGACCCGCTGCGGC,0,2364428
mglBp,0.08333333333333333,11,11,CGAATTTATATCAGAGGCCA,0,2379954
mglBp,0.08333333333333333,11,11,CGAACCGTCGGGTCCTAGAA,0,2363886
mglBp,0.08333333333333333,11,11,CGAAATAAAGTAAACATCCA,0,2401330
mglBp,0.08333333333333333,11,11,CGAAAATTGTGTTTTACACT,0,2397362
mglBp,0.08333333333333333,11,11,CCTTTGTCGCGCAGAGCCCG,0,2365471
mglBp,0.08333333333333333,11,11,CCTTAACGTACACGGGCTCT,0,2339334
mglBp,0.08333333333333333,11,11,CCTGTGGACATAGCCTAGTC,0,2405523
mglBp,0.08333333333333333,11,11,CCTGTGGAAGTGCGGTATGA,0,2360247
mglBp,0.08333333333333333,11,11,CCTGCCTGACTGTAACCTCA,0,2363414
mglBp,0.08333333333333333,11,11,CCTCGCCCACAGCAGTGAAA,0,2412415
mglBp,0.08333333333333333,11,11,CCTCCGCATCCCTTGGGGAG,0,2355652
mglBp,0.08333333333333333,11,11,CCTCAAGGGAGATACTTCCA,0,2325629
mglBp,0.08333333333333333,11,11,CCTATTGTGGATCACCAGGT,0,2360547
mglBp,0.08333333333333333,11,11,CCTATGTCTATACGGTCCCT,0,2393416
mglBp,0.08333333333333333,11,11,CCTAAGTATATGGGGAGTTG,0,2380482
mglBp,0.08333333333333333,11,11,CCGTTTCACCGGATTTGCTA,0,2411258
mglBp,0.08333333333333333,11,11,CCGTTCCATGCTAAGAGGGT,0,2369528
mglBp,0.08333333333333333,11,11,CCGTTAAAGTATAAAGTAAT,0,2326602
mglBp,0.08333333333333333,11,11,CCGTCTACCGCCGTACGAAT,0,2402641
mglBp,0.08333333333333333,11,11,CCGTCGGCCTTTACGTACAA,0,2360853
mglBp,0.08333333333333333,11,11,CCGTCCATTGGGGGACCCGA,0,2387732
mglBp,0.08333333333333333,11,11,CCGGTTAGTTAAGCCCTGTG,0,2372546
mglBp,0.08333333333333333,11,11,CCGGGTGGACATCAGAACAT,0,2365082
mglBp,0.08333333333333333,11,11,CCGGGTATCAACCATACTGA,0,2357057
mglBp,0.08333333333333333,11,11,CCGGGGTTTTCGGGTCTGGT,0,2373629
mglBp,0.08333333333333333,11,11,CCGGGGGTAAGTTACCTGTG,0,2385920
mglBp,0.08333333333333333,11,11,CCGGCACTGATACTCATCCG,0,2409570
mglBp,0.08333333333333333,11,11,CCGGAGAAGTTAACGGCGGA,0,2415790
mglBp,0.08333333333333333,11,11,CCGCTGGTGTAAGGTGTTAT,0,2341363
mglBp,0.08333333333333333,11,11,CCGCGTCCTGGATTCAACAA,0,2325306
mglBp,0.08333333333333333,11,11,CCGCGAGTACGAGAGCCCTA,0,2378636
mglBp,0.08333333333333333,11,11,CCGCGACTTAAAGGAACCTG,0,2392710
mglBp,0.08333333333333333,11,11,CCGCCTTATCATCGAAATGT,0,2422733
mglBp,0.08333333333333333,11,11,CCGAGCAGGACGGCGCGATT,0,2355105
mglBp,0.08333333333333333,11,11,CCCTGGTTTGTGTGGAGGGA,0,2319752
mglBp,0.08333333333333333,11,11,CCCGGCGGCAGTTCTGTGCA,0,2319554
mglBp,0.08333333333333333,11,11,CCCGCTCCGGCGTGTCCCAA,0,2320460
mglBp,0.08333333333333333,11,11,CCCGCGCCAGCGGGGATGGT,0,2407163
mglBp,0.08333333333333333,11,11,CCCGAATAAGACGGGTCTCT,0,2320624
mglBp,0.08333333333333333,11,11,CCCCTTCTGGACTGAGGCCA,0,2365385
mglBp,0.08333333333333333,11,11,CCCCTGACCCAATCTTATGT,0,2397873
mglBp,0.08333333333333333,11,11,CCCCCATCTTCGGTAAATAT,0,2327351
mglBp,0.08333333333333333,11,11,CCCCAGAGTAAAGAATCTGT,0,2351448
mglBp,0.08333333333333333,11,11,CCCCACTCGCCTCACATGGA,0,2340137
mglBp,0.08333333333333333,11,11,CCCATTTAGTGGGCGTGCCC,0,2370545
mglBp,0.08333333333333333,11,11,CCCAGGGGTTCAACTTGTCT,0,2398872
mglBp,0.08333333333333333,11,11,CCCAGATACCTCAGAGGATA,0,2364118
mglBp,0.08333333333333333,11,11,CCCAATTTACTGAGGAAGAA,0,2332069
mglBp,0.08333333333333333,11,11,CCCAATTCTTATTCTGTCTC,0,2404257
mglBp,0.08333333333333333,11,11,CCATGGCTCATAAACGAACG,0,2319237
mglBp,0.08333333333333333,11,11,CCATGACATGCTTGTCCCTC,0,2322591
mglBp,0.08333333333333333,11,11,CCATCTCGACTTCTCATTAA,0,2402556
mglBp,0.08333333333333333,11,11,CCATAGAAGATTTAGAAGAT,0,2329675
mglBp,0.08333333333333333,11,11,CCATACTCGATCAATGCACC,0,2378006
mglBp,0.08333333333333333,11,11,CCAGTCCCAGAGGAGTCAGG,0,2369994
mglBp,0.08333333333333333,11,11,CCAATGTCATCCTCTTCTAA,0,2386711
mglBp,0.08333333333333333,11,11,CCAATGGTCGGATATTCGGG,0,2375507
mglBp,0.08333333333333333,11,11,CCAACTTGCTTGTTCATGTA,0,2390278
mglBp,0.08333333333333333,11,11,CCAACCCGGCTGGTGCACAT,0,2365589
mglBp,0.08333333333333333,11,11,CATTTGGCCAATCCACGTCC,0,2334285
mglBp,0.08333333333333333,11,11,CATTCATGTGTCGGTAGTGC,0,2375112
mglBp,0.08333333333333333,11,11,CATGTAAGCACGGGAAGTAT,0,2339990
mglBp,0.08333333333333333,11,11,CATGCACGGCCGCCGTGGAG,0,2379605
mglBp,0.08333333333333333,11,11,CATCTGTGAAGCTTGTCTAC,0,2335260
mglBp,0.08333333333333333,11,11,CATCTCGGTGCGTGCCATAC,0,2383386
mglBp,0.08333333333333333,11,11,CATCGTTTTCCGCGCATCTT,0,2366051
mglBp,0.08333333333333333,11,11,CATCGATTTGAATGTCCGTT,0,2352126
mglBp,0.08333333333333333,11,11,CATACCAATACTCTCAGACT,0,2416462
mglBp,0.08333333333333333,11,11,CATAAAGCAATATCCCTGAT,0,2372382
mglBp,0.08333333333333333,11,11,CAGTTCGAAAGATCACAGAA,0,2375807
mglBp,0.08333333333333333,11,11,CAGTTCCGTTATTAAAGGAA,0,2403158
mglBp,0.08333333333333333,11,11,CAGTACTGACGAGACGACGG,0,2411509
mglBp,0.08333333333333333,11,11,CAGGTATTGCCTGGTTCCGG,0,2388432
mglBp,0.08333333333333333,11,11,CAGGTACAGCACGATAGGCT,0,2363317
mglBp,0.08333333333333333,11,11,CAGGGAAACAGTACTGTATC,0,2325825
mglBp,0.08333333333333333,11,11,CAGGCTAATTCACCGTTTGT,0,2386433
mglBp,0.08333333333333333,11,11,CAGGCGGAACCCGCCTAAAC,0,2361219
mglBp,0.08333333333333333,11,11,CAGGACTGATGTATCCGATC,0,2407700
mglBp,0.08333333333333333,11,11,CAGCTTGTCCCCCGCTAAGT,0,2376452
mglBp,0.08333333333333333,11,11,CAGCTGGACCATTCCGACTT,0,2324043
mglBp,0.08333333333333333,11,11,CAGCTCTGCGGCAAGGCCAA,0,2319379
mglBp,0.08333333333333333,11,11,CAGCTCAGGGCTTTTCGTAG,0,2334410
mglBp,0.08333333333333333,11,11,CAGCCACCGTCTCGTCTGTT,0,2423502
mglBp,0.08333333333333333,11,11,CAGCCAATGGCTTCGGGAAC,0,2347914
mglBp,0.08333333333333333,11,11,CAGCATCGATTGCAGAGGGC,0,2356463
mglBp,0.08333333333333333,11,11,CAGCACGATGCGCAAGGCAT,0,2407212
mglBp,0.08333333333333333,11,11,CAGATTCTGCAAGGCCATTA,0,2380235
mglBp,0.08333333333333333,11,11,CAGAGTGACGCCAGTGGGAG,0,2322889
mglBp,0.08333333333333333,11,11,CAGAGCTCCTCCGACGTCCT,0,2385484
mglBp,0.08333333333333333,11,11,CAGAGATTCGTCGTGTATAT,0,2378877
mglBp,0.08333333333333333,11,11,CAGACGGCGACAGTCCGAGC,0,2396331
mglBp,0.08333333333333333,11,11,CAGACATGATTTCTCTCGGG,0,2399970
mglBp,0.08333333333333333,11,11,CAGACACAGTCCCGGATAAA,0,2380984
mglBp,0.08333333333333333,11,11,CACTCGGATACGTAAAAATT,0,2333052
mglBp,0.08333333333333333,11,11,CACTCGAAAGATTGCACGAT,0,2373315
mglBp,0.08333333333333333,11,11,CACGCACCTCCCGCTTGGTG,0,2351824
mglBp,0.08333333333333333,11,11,CACGAAAATCTTTCTCATTA,0,2355763
mglBp,0.08333333333333333,11,11,CACCGGTCGTCCAATTAATT,0,2335271
mglBp,0.08333333333333333,11,11,CACCGGACAGTAGAAGAATT,0,2395392
mglBp,0.08333333333333333,11,11,CACCCGCGCGCATTAATATG,0,2395735
mglBp,0.08333333333333333,11,11,CACCACCGACCCAAAGGTCT,0,2340117
mglBp,0.08333333333333333,11,11,CACATATGTGTCAGATTCAT,0,2325231
mglBp,0.08333333333333333,11,11,CACAGTGCCCCGACATGTTT,0,2377226
mglBp,0.08333333333333333,11,11,CACACGACTGGAGCTCGCCT,0,2328763
mglBp,0.08333333333333333,11,11,CACAAGGGGAATTTAAGGGG,0,2363940
mglBp,0.08333333333333333,11,11,CACAAAGTTCCAGCTGTGGC,0,2335943
mglBp,0.08333333333333333,11,11,CAATCTCTATTAAAGAAAGA,0,2329797
mglBp,0.08333333333333333,11,11,CAATCAGCTTGACAACGTAA,0,2377668
mglBp,0.08333333333333333,11,11,CAAGGTGTTCAAGCAAATGC,0,2391789
mglBp,0.08333333333333333,11,11,CAAGCTTTTATATCATGTCC,0,2397272
mglBp,0.08333333333333333,11,11,CAAGCTGACCATTCTGAGGA,0,2325765
mglBp,0.08333333333333333,11,11,CAAGAGGTCCATATCCTAAA,0,2368281
mglBp,0.08333333333333333,11,11,CAACAACATCATCAGGGAGT,0,2333346
mglBp,0.08333333333333333,11,11,CAAATTTGCAAATTTAGCGA,0,2316607
mglBp,0.08333333333333333,11,11,CAAATGACGCGAACAATGAC,0,2356782
mglBp,0.08333333333333333,11,11,CAAATCCGGAGCGGATAAGG,0,2323102
mglBp,0.08333333333333333,11,11,CAAATAAAATTTTCTCGGAT,0,2406239
mglBp,0.08333333333333333,11,11,ATTTGTACGAGCAATACGGT,0,2374937
mglBp,0.08333333333333333,11,11,ATTTCATCAAGCAGTCCCTA,0,2372913
mglBp,0.08333333333333333,11,11,ATTTAGTCAGGGCGCGTGTT,0,2334100
mglBp,0.08333333333333333,11,11,ATTTACATGGATTGCTGACC,0,2373145
mglBp,0.08333333333333333,11,11,ATTTAAACGGTGTCACAGTT,0,2422117
mglBp,0.08333333333333333,11,11,ATTGTCGGGCAGACGTCAAG,0,2374712
mglBp,0.08333333333333333,11,11,ATTGGGTTAACACTTGCGGA,0,2388150
mglBp,0.08333333333333333,11,11,ATTGATTTCTCCGGGGACAT,0,2335901
mglBp,0.08333333333333333,11,11,ATTGATGATCGATATAGGAC,0,2328209
mglBp,0.08333333333333333,11,11,ATTGAAAAGAAGACAGGAAG,0,2372782
mglBp,0.08333333333333333,11,11,ATTCTGGGGGGAAACTGGTG,0,2364012
mglBp,0.08333333333333333,11,11,ATTCTAGAACCTGTTTCAGA,0,2372989
mglBp,0.08333333333333333,11,11,ATTCTACGATGGTCCGTCGT,0,2415899
mglBp,0.08333333333333333,11,11,ATTAATAGTATGCCCTGCCA,0,2348604
mglBp,0.08333333333333333,11,11,ATGTTGTGACGCGATTCCCC,0,2420721
mglBp,0.08333333333333333,11,11,ATGTGAGATCCCAGTATCTC,0,2405985
mglBp,0.08333333333333333,11,11,ATGTCTAATCAGGATGACCA,0,2405447
mglBp,0.08333333333333333,11,11,ATGTCGTGCATGGATGGGCA,0,2361432
mglBp,0.08333333333333333,11,11,ATGTCAAAGTTATAGACTGA,0,2325300
mglBp,0.08333333333333333,11,11,ATGTATTTGATACTACGTTC,0,2401131
mglBp,0.08333333333333333,11,11,ATGGGTTCTAGGCGTTACTG,0,2411341
mglBp,0.08333333333333333,11,11,ATGGGCGTTTAAGATGGGCG,0,2377176
mglBp,0.08333333333333333,11,11,ATGGCGATTAGGTTTTATCG,0,2370073
mglBp,0.08333333333333333,11,11,ATGGATATTTGGAAATTCGC,0,2334644
mglBp,0.08333333333333333,11,11,ATGCTTATATCACCGAGCAA,0,2324926
mglBp,0.08333333333333333,11,11,ATGCTATCTCTTGAGATTAT,0,2373281
mglBp,0.08333333333333333,11,11,ATGCGTTGGATTACTGGTGT,0,2412498
mglBp,0.08333333333333333,11,11,ATGCGCTGGTTCCGACGAGT,0,2387521
mglBp,0.08333333333333333,11,11,ATGCCTCTCGGACTAAAGTT,0,2408324
mglBp,0.08333333333333333,11,11,ATGCATCTTTATGGCTGTCG,0,2378830
mglBp,0.08333333333333333,11,11,ATGATTAAGTCGTGACTAAC,0,2345543
mglBp,0.08333333333333333,11,11,ATGATACTGGGTAATTACAC,0,2345677
mglBp,0.08333333333333333,11,11,ATGAGAAGGATAGAGGTTTT,0,2351744
mglBp,0.08333333333333333,11,11,ATGACGACTCGACAAATATC,0,2370483
mglBp,0.08333333333333333,11,11,ATGAAGCTGTGCAATATTCA,0,2318237
mglBp,0.08333333333333333,11,11,ATGAACCAACCACACGCTTG,0,2376206
mglBp,0.08333333333333333,11,11,ATGAAACAGGCGTGCTATGT,0,2388490
mglBp,0.08333333333333333,11,11,ATCTTCTTTTGTAACGTGTG,0,2360506
mglBp,0.08333333333333333,11,11,ATCTTCCAAAACCGGGTGCG,0,2344535
mglBp,0.08333333333333333,11,11,ATCTTATCGACCCCATGACC,0,2334883
mglBp,0.08333333333333333,11,11,ATCGCTATTAGACCGCGATT,0,2331852
mglBp,0.08333333333333333,11,11,ATCGACCTGACGAGGCGGTT,0,2370226
mglBp,0.08333333333333333,11,11,ATCATTGAAAAGTCCATCCA,0,2364708
mglBp,0.08333333333333333,11,11,ATCAGATTCATTAGAGGCTA,0,2371529
mglBp,0.08333333333333333,11,11,ATCAGATCAATCCTTTATAC,0,2341751
mglBp,0.08333333333333333,11,11,ATCACATTTAGGGCGCCCCC,0,2333922
mglBp,0.08333333333333333,11,11,ATCAATCTGGGAAGGTAGCT,0,2321482
mglBp,0.08333333333333333,11,11,ATATAATGTTTAATAGTGTT,0,2412756
mglBp,0.08333333333333333,11,11,ATAGGTTATACAAACCACGT,0,2320079
mglBp,0.08333333333333333,11,11,ATAGGCGATCTGGCTGCACA,0,2408304
mglBp,0.08333333333333333,11,11,ATAGCCCGACAGGATCAGGA,0,2419414
mglBp,0.08333333333333333,11,11,ATAGACTTCAGTACGACGTA,0,2338679
mglBp,0.08333333333333333,11,11,ATACTTTCGGATCCTACCAG,0,2390847
mglBp,0.08333333333333333,11,11,ATACAGCCCATACCTAGGCC,0,2379709
mglBp,0.08333333333333333,11,11,ATAAGATAGATAGAGGCAAA,0,2399030
mglBp,0.08333333333333333,11,11,ATAACGTTTACTGACCATGA,0,2345037
mglBp,0.08333333333333333,11,11,ATAACATCTAGGTTTGGTTC,0,2339493
mglBp,0.08333333333333333,11,11,AGTTTCATATAATCTCGGTG,0,2412380
mglBp,0.08333333333333333,11,11,AGTTGTGGCTTATAAGAAAT,0,2343401
mglBp,0.08333333333333333,11,11,AGTTACCCGAAACGCTACAT,0,2421124
mglBp,0.08333333333333333,11,11,AGTGTTCTGGCCAGTGGGGT,0,2407555
mglBp,0.08333333333333333,11,11,AGTGGTGACAGGTAGCCTTG,0,2385390
mglBp,0.08333333333333333,11,11,AGTGGGTAATACCATTGACT,0,2383464
mglBp,0.08333333333333333,11,11,AGTGGAAGACCGGTTCATAC,0,2372698
mglBp,0.08333333333333333,11,11,AGTGCGGTCCCACTGGCCGT,0,2365507
mglBp,0.08333333333333333,11,11,AGTGCCTCTTCTGGTACTAC,0,2353204
mglBp,0.08333333333333333,11,11,AGTCTGGTAAGAACCGGCGT,0,2369582
mglBp,0.08333333333333333,11,11,AGTCTGCATATACTGCGTGC,0,2353107
mglBp,0.08333333333333333,11,11,AGTCATAACGTGCGCTCCGG,0,2319201
mglBp,0.08333333333333333,11,11,AGTCATAAAGGATTGGACTG,0,2376137
mglBp,0.08333333333333333,11,11,AGTCACAGTCACCCGGTGTA,0,2414828
mglBp,0.08333333333333333,11,11,AGTAGACTTTTTTCGTGGGG,0,2330192
mglBp,0.08333333333333333,11,11,AGTACCTCGTTTCGGATTTG,0,2344811
mglBp,0.08333333333333333,11,11,AGTACCAGTGGTCAGATGTT,0,2321106
mglBp,0.08333333333333333,11,11,AGTACATCCTGTACATCTAT,0,2370291
mglBp,0.08333333333333333,11,11,AGTACATCCGGCGTGTTTAA,0,2408331
mglBp,0.08333333333333333,11,11,AGTAAGAGTCACGGGCTGAG,0,2383050
mglBp,0.08333333333333333,11,11,AGGTGTATGTCGGACACGGG,0,2378372
mglBp,0.08333333333333333,11,11,AGGTGCGCATGACACTGACT,0,2374060
mglBp,0.08333333333333333,11,11,AGGTGAGTTTAGATGGCTCT,0,2355909
mglBp,0.08333333333333333,11,11,AGGTCGCCAAAGATCCGTTG,0,2343907
mglBp,0.08333333333333333,11,11,AGGTACGGAGTATCTCGATC,0,2325797
mglBp,0.08333333333333333,11,11,AGGTACCTTCCAGGAAGTAT,0,2397783
mglBp,0.08333333333333333,11,11,AGGGAGCAACCCTGAACCAA,0,2387335
mglBp,0.08333333333333333,11,11,AGGGAATGGATGCGGTGCTA,0,2359462
mglBp,0.08333333333333333,11,11,AGGCTTCAGATGCATATAGG,0,2390906
mglBp,0.08333333333333333,11,11,AGGCTGCCTAAGGGCGCTAT,0,2403705
mglBp,0.08333333333333333,11,11,AGGCTCGTATGGTAAGGTGG,0,2333999
mglBp,0.08333333333333333,11,11,AGGCTACCCTACGAGCGGGT,0,2376459
mglBp,0.08333333333333333,11,11,AGGCATGGTACGTAACCAGC,0,2394808
mglBp,0.08333333333333333,11,11,AGGAGCACATTTCTGCGTTA,0,2388433
mglBp,0.08333333333333333,11,11,AGGACTAAGCCACAATTTCA,0,2400671
mglBp,0.08333333333333333,11,11,AGGACCTTGTTTAAAGCTTC,0,2343928
mglBp,0.08333333333333333,11,11,AGGAATGGGTCAGGAAGGCT,0,2320626
mglBp,0.08333333333333333,11,11,AGGAAAATTCATAAGGGAAA,0,2319083
mglBp,0.08333333333333333,11,11,AGCTTGGAGACGCTCCGCCC,0,2398518
mglBp,0.08333333333333333,11,11,AGCTGTGGCGAAAAAGTTTC,0,2411946
mglBp,0.08333333333333333,11,11,AGCTCGTGAACCGAGTGACA,0,2417973
mglBp,0.08333333333333333,11,11,AGCTCCTGAAAGGATGTGAT,0,2344406
mglBp,0.08333333333333333,11,11,AGCTATACGTCTAGTTGGTA,0,2421792
mglBp,0.08333333333333333,11,11,AGCGGGCAGGAACTCGGATA,0,2343629
mglBp,0.08333333333333333,11,11,AGCGGCAAGCTGTATACTAG,0,2384626
mglBp,0.08333333333333333,11,11,AGCGACGACTTAGCTGGATG,0,2358030
mglBp,0.08333333333333333,11,11,AGCGAATTGACTCCGAAAAG,0,2324162
mglBp,0.08333333333333333,11,11,AGCCTTCTAGACCAGCTGAA,0,2406313
mglBp,0.08333333333333333,11,11,AGCCTTCCTATGACTTAAGG,0,2350537
mglBp,0.08333333333333333,11,11,AGCCTAACGTTAGCAAGTAT,0,2326399
mglBp,0.08333333333333333,11,11,AGCCCATGAGCTAGTTCTTT,0,2319921
mglBp,0.08333333333333333,11,11,AGCATGGCAGAGCGAAGGTA,0,2340646
mglBp,0.08333333333333333,11,11,AGCATCCGATGGATGCGGCG,0,2384220
mglBp,0.08333333333333333,11,11,AGCATACGCTATATTGAAGG,0,2391741
mglBp,0.08333333333333333,11,11,AGATTAAGACAGACGTCGAA,0,2359657
mglBp,0.08333333333333333,11,11,AGATGCCCATCGACGCTCCT,0,2349923
mglBp,0.08333333333333333,11,11,AGATGCCATCGCTTGATCAA,0,2339166
mglBp,0.08333333333333333,11,11,AGATCGAAGGGTCGAAGACG,0,2412429
mglBp,0.08333333333333333,11,11,AGATACAGGGATCTGTAGTA,0,2398766
mglBp,0.08333333333333333,11,11,AGAGATAATCCCCACCTCGG,0,2400097
mglBp,0.08333333333333333,11,11,AGACATTGCTATGTATTCCA,0,2396652
mglBp,0.08333333333333333,11,11,AGAATTCGTCATTTAATTAC,0,2396898
mglBp,0.08333333333333333,11,11,AGAAGACGGTAGCCACTTAA,0,2326833
mglBp,0.08333333333333333,11,11,AGAACGGCGAACATCAACTC,0,2411629
mglBp,0.08333333333333333,11,11,ACTTTAATGCCCCGTCCAAT,0,2341735
mglBp,0.08333333333333333,11,11,ACTTGACGACCTAGTCACAG,0,2376203
mglBp,0.08333333333333333,11,11,ACTTCCTATCAAGGGGTATT,0,2394855
mglBp,0.08333333333333333,11,11,ACTTATGACCTTGATCTTTA,0,2389888
mglBp,0.08333333333333333,11,11,ACTGTTCCATTATGCGATGA,0,2402486
mglBp,0.08333333333333333,11,11,ACTGTTAGCATCGCTAAAGC,0,2373283
mglBp,0.08333333333333333,11,11,ACTGTAGGGCGCTCGACAGG,0,2332095
mglBp,0.08333333333333333,11,11,ACTGGAGTACCGGTGCGCCA,0,2345026
mglBp,0.08333333333333333,11,11,ACTCGGACCGCCTACATTCT,0,2401463
mglBp,0.08333333333333333,11,11,ACTAGCGCGACCTTACACTC,0,2339778
mglBp,0.08333333333333333,11,11,ACGTGTAAATACATGGAGTA,0,2351017
mglBp,0.08333333333333333,11,11,ACGTGAGTCTAAAAACCCCA,0,2379619
mglBp,0.08333333333333333,11,11,ACGTATAATTAAATAGCCAT,0,2419476
mglBp,0.08333333333333333,11,11,ACGTACGTTGTTGGCCCGAA,0,2377658
mglBp,0.08333333333333333,11,11,ACGTACGGCCCAACGAGTTA,0,2369771
mglBp,0.08333333333333333,11,11,ACGTAAAGGTCTATAATTGT,0,2388897
mglBp,0.08333333333333333,11,11,ACGGTGATCCGTATGATTAT,0,2406099
mglBp,0.08333333333333333,11,11,ACGGCAGTCAGCCGGCTAAA,0,2371779
mglBp,0.08333333333333333,11,11,ACGGACGTCCCGCTAGTGTA,0,2329462
mglBp,0.08333333333333333,11,11,ACGCTGACCTGCAAGGCACT,0,2399813
mglBp,0.08333333333333333,11,11,ACGCGTGTTTGCGGGGTTGG,0,2359180
mglBp,0.08333333333333333,11,11,ACGCGGATTGATAACTCGTG,0,2392035
mglBp,0.08333333333333333,11,11,ACGCGAGAATATGCCGAAAT,0,2316600
mglBp,0.08333333333333333,11,11,ACGATTTGGCAGGGGCGGCT,0,2372694
mglBp,0.08333333333333333,11,11,ACGATGACTTTTTTCAATAG,0,2371859
mglBp,0.08333333333333333,11,11,ACGAGTCGTAGATTTGGCCA,0,2410693
mglBp,0.08333333333333333,11,11,ACGAGCAACTTCAATTAGAT,0,2343186
mglBp,0.08333333333333333,11,11,ACGACGCCGAGTCGGGTGTC,0,2369280
mglBp,0.08333333333333333,11,11,ACGAAGGACTACAAGTAGAC,0,2408039
mglBp,0.08333333333333333,11,11,ACCGTTCGCCGATTCAGGAA,0,2335084
mglBp,0.08333333333333333,11,11,ACCGGGAGCCAAACTTTTAA,0,2323737
mglBp,0.08333333333333333,11,11,ACCGCCACAGTTTTCTACTA,0,2318749
mglBp,0.08333333333333333,11,11,ACCGCACGGACCTCTACCGC,0,2375886
mglBp,0.08333333333333333,11,11,ACCCTTGTTTGCTGGCAGGC,0,2376885
mglBp,0.08333333333333333,11,11,ACCCTGATGTAAAAGTGGGG,0,2355448
mglBp,0.08333333333333333,11,11,ACCCTCGGTATATGGACGGA,0,2330215
mglBp,0.08333333333333333,11,11,ACCCGCACACGACCTGTGTG,0,2325827
mglBp,0.08333333333333333,11,11,ACCCCGACGTACGAACTATT,0,2393859
mglBp,0.08333333333333333,11,11,ACCCCCGCTCGTTGGTAATA,0,2334214
mglBp,0.08333333333333333,11,11,ACCCCATCCGTTATTGTTAT,0,2379399
mglBp,0.08333333333333333,11,11,ACCCAATTACCAAAATGTCA,0,2393791
mglBp,0.08333333333333333,11,11,ACCATCTTAGATATGCTGAG,0,2343111
mglBp,0.08333333333333333,11,11,ACCAGCTACACCCTGGTTGA,0,2325258
mglBp,0.08333333333333333,11,11,ACCAGCGGATAGGATCCTAG,0,2343793
mglBp,0.08333333333333333,11,11,ACCACAGTTTAAATGCCCAT,0,2378064
mglBp,0.08333333333333333,11,11,ACATTGGCGAGTGCTACCAC,0,2336272
mglBp,0.08333333333333333,11,11,ACATGTTATTAGTATTACGA,0,2327814
mglBp,0.08333333333333333,11,11,ACATGTCGTTGTGAGCCGGA,0,2396093
mglBp,0.08333333333333333,11,11,ACAGGTTCGGCGCTTTGCTT,0,2319166
mglBp,0.08333333333333333,11,11,ACACACTGGGTTAGGTCTTC,0,2341062
mglBp,0.08333333333333333,11,11,ACAAGGGGTCGCTCTCGACC,0,2413007
mglBp,0.08333333333333333,11,11,ACAAGGGGAAACCGCGAAGC,0,2366987
mglBp,0.08333333333333333,11,11,ACAAATCGAACTCACCAATG,0,2366246
mglBp,0.08333333333333333,11,11,AATTTTTATTAGGTAGAAAG,0,2378937
mglBp,0.08333333333333333,11,11,AATTTTTAGGTTCCGCGAGA,0,2336620
mglBp,0.08333333333333333,11,11,AATTTCCAAGAAGAGGTGAC,0,2356295
mglBp,0.08333333333333333,11,11,AATTGTCGTCATCGGGGTGA,0,2366948
mglBp,0.08333333333333333,11,11,AATTGTATGTAATGAAGAAC,0,2316575
mglBp,0.08333333333333333,11,11,AATTCGGCTCAAGGAAGCAG,0,2342120
mglBp,0.08333333333333333,11,11,AATTATCCATTCGACGTTGA,0,2378171
mglBp,0.08333333333333333,11,11,AATGTATATGTCGGCAAGCA,0,2358762
mglBp,0.08333333333333333,11,11,AATGGTATCACCCCAAGAGA,0,2380688
mglBp,0.08333333333333333,11,11,AATGCGCGGAATTCTTCTGC,0,2344878
mglBp,0.08333333333333333,11,11,AATGATGTCTCGACACACCT,0,2319509
mglBp,0.08333333333333333,11,11,AATCGTTCCGGTGGTGTCTA,0,2383493
mglBp,0.08333333333333333,11,11,AATCATCATACTCGGTAGGA,0,2408131
mglBp,0.08333333333333333,11,11,AATAGTGCTGGTCCCGTTCA,0,2403184
mglBp,0.08333333333333333,11,11,AATAGCCTGCACGGTGACTG,0,2344790
mglBp,0.08333333333333333,11,11,AATAGCATTTGCATTGATTG,0,2349613
mglBp,0.08333333333333333,11,11,AATACTGCATCTGTAACGTA,0,2407386
mglBp,0.08333333333333333,11,11,AATAATTTAAAATTGGCCAA,0,2348560
mglBp,0.08333333333333333,11,11,AATAATGTGGGGCTCTTGCC,0,2372280
mglBp,0.08333333333333333,11,11,AATAAAGGGTCTGTTTTAAG,0,2331104
mglBp,0.08333333333333333,11,11,AAGTTATCGGATTTCTAGCC,0,2418122
mglBp,0.08333333333333333,11,11,AAGTAATCGTCCTACCGGTG,0,2325318
mglBp,0.08333333333333333,11,11,AAGGGACGCCCCTGCCTCGT,0,2370082
mglBp,0.08333333333333333,11,11,AAGCCCATATTGAATCCATG,0,2344867
mglBp,0.08333333333333333,11,11,AAGAACCGCGTACGATCCTT,0,2402231
mglBp,0.08333333333333333,11,11,AACTTTCACGCATAGGTCTG,0,2422246
mglBp,0.08333333333333333,11,11,AACTTGCTCTCCATATCAGA,0,2347860
mglBp,0.08333333333333333,11,11,AACTGATCTGTCAGGCGGAA,0,2423143
mglBp,0.08333333333333333,11,11,AACTGACGCCCTTCTGATTA,0,2400547
mglBp,0.08333333333333333,11,11,AACTCCGGCCCGTTTTCGTA,0,2415076
mglBp,0.08333333333333333,11,11,AACGGACTTGCGGAGGTCCG,0,2411876
mglBp,0.08333333333333333,11,11,AACGGAACAACCAAGGGAAC,0,2414649
mglBp,0.08333333333333333,11,11,AACGCGATTCAGAGGCGTCG,0,2415321
mglBp,0.08333333333333333,11,11,AACGCGAGTCAGCGTTTCCC,0,2356222
mglBp,0.08333333333333333,11,11,AACCTTCTGGGTCGTGGTCT,0,2343564
mglBp,0.08333333333333333,11,11,AACCGCCCTGCAAAATTCCC,0,2352422
mglBp,0.08333333333333333,11,11,AACACGGGGGCTGCAGTTCC,0,2353193
mglBp,0.08333333333333333,11,11,AAATCTCTTGGTGACTTGGG,0,2402587
mglBp,0.08333333333333333,11,11,AAACTCTGGACTGTAAGCGA,0,2398543
mglBp,0.08333333333333333,11,11,AAACGAACACATTCTTATGC,0,2322721
mglBp,0.08333333333333333,11,11,AAAAGGCTGCCCAGGCTTCT,0,2390756
mglBp,0.08333333333333333,11,11,AAAACGCCTGTCTTTATACG,0,2355134
mglBp,0.09090909090909091,10,10,TTTTTTTGGCGCGTCTCAAA,0,2416922
mglBp,0.09090909090909091,10,10,TTTTAAGAGCGATGGAGCAA,0,2338215
mglBp,0.09090909090909091,10,10,TTTGTCGATTATCAACTGAG,0,2324251
mglBp,0.09090909090909091,10,10,TTTGTCCTGTAATAGGGCGA,0,2383785
mglBp,0.09090909090909091,10,10,TTTGGCCAGAGGCGGGGAAT,0,2340372
mglBp,0.09090909090909091,10,10,TTTGCGCCGCAGTCATGTAA,0,2354324
mglBp,0.09090909090909091,10,10,TTTCTTTGAAAGTTCAGCTG,0,2375744
mglBp,0.09090909090909091,10,10,TTTCTGGGCCGACGTAGTGT,0,2363073
mglBp,0.09090909090909091,10,10,TTTCGCGTATCTGTCTTGAC,0,2418221
mglBp,0.09090909090909091,10,10,TTTCGCGATTTGAGCGCACG,0,2387678
mglBp,0.09090909090909091,10,10,TTTCCGCGGTCCAAGGACAC,0,2369367
mglBp,0.09090909090909091,10,10,TTTATGGGTTACTCCCCTTT,0,2320391
mglBp,0.09090909090909091,10,10,TTTACGGTGCACGACGGTGT,0,2355996
mglBp,0.09090909090909091,10,10,TTGTTTAGTCACGTCCAAAG,0,2343520
mglBp,0.09090909090909091,10,10,TTGTGCAGATCCCGGATTAA,0,2338535
mglBp,0.09090909090909091,10,10,TTGTGCACTAAGTACTATTA,0,2332682
mglBp,0.09090909090909091,10,10,TTGGTTCTTCCATGCTGATA,0,2359700
mglBp,0.09090909090909091,10,10,TTGGTTCTGTATTGGCTCTA,0,2376499
mglBp,0.09090909090909091,10,10,TTGGTTAGTTGCTCATTAAT,0,2324627
mglBp,0.09090909090909091,10,10,TTGGTTACAATTCATAACCT,0,2376061
mglBp,0.09090909090909091,10,10,TTGGTCTAGCATACGGGCCA,0,2387095
mglBp,0.09090909090909091,10,10,TTGGTCACATACATACAATG,0,2394383
mglBp,0.09090909090909091,10,10,TTGGGTGTGTGTACGAGCCA,0,2377564
mglBp,0.09090909090909091,10,10,TTGGGCGATCCGGGGTAAGC,0,2405602
mglBp,0.09090909090909091,10,10,TTGGCTCCCTCGAGGAGGGT,0,2358548
mglBp,0.09090909090909091,10,10,TTGGCCATTCAGGCTGCGGC,0,2347684
mglBp,0.09090909090909091,10,10,TTGGACGTTCGATCATTCCT,0,2389133
mglBp,0.09090909090909091,10,10,TTGGAAGAGGAGTGCAGAGC,0,2414911
mglBp,0.09090909090909091,10,10,TTGCTGTCAGGGGTTGCCGC,0,2333490
mglBp,0.09090909090909091,10,10,TTGCGTGGAGCCGGGGCCAT,0,2319239
mglBp,0.09090909090909091,10,10,TTGCATCGTTAAACAAAAAT,0,2416048
mglBp,0.09090909090909091,10,10,TTGATGGGATAACCTTGATC,0,2414307
mglBp,0.09090909090909091,10,10,TTGAGGAGGTGGTAGTGGTC,0,2405762
mglBp,0.09090909090909091,10,10,TTGAGCTACGATAGCCGAAG,0,2329692
mglBp,0.09090909090909091,10,10,TTCTTCTCCGCACGAAACCT,0,2382455
mglBp,0.09090909090909091,10,10,TTCTGTCGGAGAGCATTTCA,0,2394444
mglBp,0.09090909090909091,10,10,TTCTGTAAATAAAGGCGACT,0,2369281
mglBp,0.09090909090909091,10,10,TTCTCTAATATTAAAGATGG,0,2328163
mglBp,0.09090909090909091,10,10,TTCGCCCTAGATTGTTATGC,0,2328942
mglBp,0.09090909090909091,10,10,TTCGCCCCCCACGACAATTG,0,2406727
mglBp,0.09090909090909091,10,10,TTCGATAGCCTCAAACGCCT,0,2329892
mglBp,0.09090909090909091,10,10,TTCCTCCGTTTGAATTAACG,0,2378197
mglBp,0.09090909090909091,10,10,TTCCTACGTTCATCGTTTAC,0,2358839
mglBp,0.09090909090909091,10,10,TTCCCGAGAACACCTAGTTG,0,2347675
mglBp,0.09090909090909091,10,10,TTCCCAGTAGCAGCGTCTAA,0,2368703
mglBp,0.09090909090909091,10,10,TTCATATGAGGTAAAAGCGG,0,2373239
mglBp,0.09090909090909091,10,10,TTCAAAGGAAGGCGTGGCCT,0,2378798
mglBp,0.09090909090909091,10,10,TTATATAATTTTTAGGGCAT,0,2361278
mglBp,0.09090909090909091,10,10,TTAGTGTACGGATCAGCTGA,0,2325301
mglBp,0.09090909090909091,10,10,TTAGTACAACGCTACGGACC,0,2405167
mglBp,0.09090909090909091,10,10,TTAGCCGGGGATGAACTCAT,0,2369914
mglBp,0.09090909090909091,10,10,TTACTCAATCGATCGGGGCT,0,2332868
mglBp,0.09090909090909091,10,10,TTACGTCTAAGCGACATCAG,0,2374627
mglBp,0.09090909090909091,10,10,TTACCATACGGAGCTCTCTA,0,2347786
mglBp,0.09090909090909091,10,10,TTAAATTGGTTATTTGCCAG,0,2351135
mglBp,0.09090909090909091,10,10,TTAAAACCTCCCCCTGGAGT,0,2316596
mglBp,0.09090909090909091,10,10,TGTTTCTTTAACGACGTTTC,0,2414874
mglBp,0.09090909090909091,10,10,TGTTTCGGATGGGTGGTCAT,0,2346429
mglBp,0.09090909090909091,10,10,TGTTGCGATCTGCCAGGTAT,0,2347041
mglBp,0.09090909090909091,10,10,TGTTGATAGATCAACGGGTA,0,2345993
mglBp,0.09090909090909091,10,10,TGTTCGAACAATGTGAGTGC,0,2375417
mglBp,0.09090909090909091,10,10,TGTTCATCATTCCAATGTCT,0,2343287
mglBp,0.09090909090909091,10,10,TGTGTGCTACCGTCGGTCCG,0,2326315
mglBp,0.09090909090909091,10,10,TGTGCGATTACCATTACAGC,0,2388336
mglBp,0.09090909090909091,10,10,TGTCTACATTAGGAATAGTC,0,2409274
mglBp,0.09090909090909091,10,10,TGTCGTTGTCTTTTAGAACT,0,2349051
mglBp,0.09090909090909091,10,10,TGTCGTGCCCAGGTACCGTG,0,2353990
mglBp,0.09090909090909091,10,10,TGTCCATGTTCGGTGTACGA,0,2321483
mglBp,0.09090909090909091,10,10,TGTATTGCGTACCCTGAAGG,0,2377773
mglBp,0.09090909090909091,10,10,TGTATTAGTGATAGACACTC,0,2360040
mglBp,0.09090909090909091,10,10,TGTATCTGCGAAGTCCCGGC,0,2419097
mglBp,0.09090909090909091,10,10,TGTATAGAGGATATAGGGGG,0,2364560
mglBp,0.09090909090909091,10,10,TGTAATGAAAGAATCATACT,0,2361947
mglBp,0.09090909090909091,10,10,TGGTTGGATTTAAATGCGGC,0,2339123
mglBp,0.09090909090909091,10,10,TGGTTAGAATAAATCCCCTA,0,2414251
mglBp,0.09090909090909091,10,10,TGGTGGATCTTCGTTGGACA,0,2322102
mglBp,0.09090909090909091,10,10,TGGTGACCCAAAAGCGGGTC,0,2388796
mglBp,0.09090909090909091,10,10,TGGGTCACCTTCCAGCCACT,0,2353816
mglBp,0.09090909090909091,10,10,TGGGTACAAGCGAACATCGC,0,2401046
mglBp,0.09090909090909091,10,10,TGGGGGGAACTTTTTCCAGT,0,2389274
mglBp,0.09090909090909091,10,10,TGGCTTAAGTGAAGTGAGAC,0,2357248
mglBp,0.09090909090909091,10,10,TGGCTAAGCCTATTGAGACC,0,2354536
mglBp,0.09090909090909091,10,10,TGGCGCGGCGATTCTAGTAA,0,2342373
mglBp,0.09090909090909091,10,10,TGGATGTCCTGTCAGGTGCA,0,2321236
mglBp,0.09090909090909091,10,10,TGGACGCCCCCGTATGTCCA,0,2391111
mglBp,0.09090909090909091,10,10,TGGAAAGCGTGGCATACTGA,0,2355597
mglBp,0.09090909090909091,10,10,TGCTTTCCAATTGATTACAT,0,2406202
mglBp,0.09090909090909091,10,10,TGCTTAAAAGTACATAAAGT,0,2388335
mglBp,0.09090909090909091,10,10,TGCTGGTCTGTGTTTGCCGT,0,2403966
mglBp,0.09090909090909091,10,10,TGCTCTTCTGCGCTTAAGAA,0,2331736
mglBp,0.09090909090909091,10,10,TGCGGGTCAATTCGGGAATC,0,2385798
mglBp,0.09090909090909091,10,10,TGCGGGAACCACTGCGATAT,0,2396247
mglBp,0.09090909090909091,10,10,TGCGCTGGCCGGCATGTCAG,0,2331920
mglBp,0.09090909090909091,10,10,TGCGCTAGGCGATACGAATT,0,2379617
mglBp,0.09090909090909091,10,10,TGCGCGTGGTACGGTGTCTC,0,2325070
mglBp,0.09090909090909091,10,10,TGCCTGAGGCTTGTCGCGAT,0,2377098
mglBp,0.09090909090909091,10,10,TGCCTGAACGGCCGCATACG,0,2413201
mglBp,0.09090909090909091,10,10,TGCCTCTATTCCAGATCAAT,0,2348840
mglBp,0.09090909090909091,10,10,TGCCGCTGCCGGACACACGC,0,2413114
mglBp,0.09090909090909091,10,10,TGCCGCGCTGGATATTGCAG,0,2403757
mglBp,0.09090909090909091,10,10,TGCCGATTAATGGCCCGGTT,0,2355070
mglBp,0.09090909090909091,10,10,TGCCCTAGTGATTAATTTAG,0,2413433
mglBp,0.09090909090909091,10,10,TGCCAAATGGGTCTGGTTGC,0,2402729
mglBp,0.09090909090909091,10,10,TGCATCATAAGTGCGTACAG,0,2361761
mglBp,0.09090909090909091,10,10,TGCACTCCCATATTATAATA,0,2393782
mglBp,0.09090909090909091,10,10,TGCAAAGCCTATACGTAATT,0,2368389
mglBp,0.09090909090909091,10,10,TGCAAACTAGCAGATCAACT,0,2338451
mglBp,0.09090909090909091,10,10,TGATTATAATGGAATATTGA,0,2382181
mglBp,0.09090909090909091,10,10,TGATGTAGTAAGCAAGATCA,0,2416044
mglBp,0.09090909090909091,10,10,TGATGGTCTAGTTGTCACGG,0,2352391
mglBp,0.09090909090909091,10,10,TGATGCCACCACTCGTCTAC,0,2356872
mglBp,0.09090909090909091,10,10,TGATCATGGTATAGGATTAG,0,2349013
mglBp,0.09090909090909091,10,10,TGATAGAGTCGGGCCTTTCT,0,2407848
mglBp,0.09090909090909091,10,10,TGAGTCGCCGCTCCCACTCG,0,2397235
mglBp,0.09090909090909091,10,10,TGAGCTTGACGCAGCTTAAT,0,2341589
mglBp,0.09090909090909091,10,10,TGAGCCATCACTCCTGGGGT,0,2387790
mglBp,0.09090909090909091,10,10,TGAGAGTGTCAGGTCACATA,0,2402443
mglBp,0.09090909090909091,10,10,TGACCGATCGTGCGATTCTT,0,2323360
mglBp,0.09090909090909091,10,10,TGACCGAATCGCATAGGGAT,0,2354957
mglBp,0.09090909090909091,10,10,TGAATCGGAGACCAAACCGT,0,2337128
mglBp,0.09090909090909091,10,10,TGAAGTGGGCGACGCGACAT,0,2317406
mglBp,0.09090909090909091,10,10,TGAAGTACCTACCGGAAATA,0,2345755
mglBp,0.09090909090909091,10,10,TGAACGAAACTGCGACCGTG,0,2401567
mglBp,0.09090909090909091,10,10,TCTTTATACAGATAGGACGT,0,2324286
mglBp,0.09090909090909091,10,10,TCTTCAATGTGCAAGATTTT,0,2417619
mglBp,0.09090909090909091,10,10,TCTTAGCGAGGCTCGCATAA,0,2413294
mglBp,0.09090909090909091,10,10,TCTGATGAATCCGTGCAAAC,0,2409634
mglBp,0.09090909090909091,10,10,TCTGACGGCCGGTGACGGTA,0,2364850
mglBp,0.09090909090909091,10,10,TCTCTCCTGGCCGGGTCTGG,0,2326741
mglBp,0.09090909090909091,10,10,TCTCGTCTTCGTGTGCGGTT,0,2359833
mglBp,0.09090909090909091,10,10,TCTCGGGGTTTGATCGTGAT,0,2398454
mglBp,0.09090909090909091,10,10,TCTCATGAGTGACCAAGTGC,0,2357358
mglBp,0.09090909090909091,10,10,TCTATTGCCACGAGGCTCCT,0,2319457
mglBp,0.09090909090909091,10,10,TCTATCTTAGGCATGAAGAG,0,2394167
mglBp,0.09090909090909091,10,10,TCTATACAACCCTCTAAGAA,0,2416279
mglBp,0.09090909090909091,10,10,TCTAGGGGTAAGCCACAGGC,0,2368971
mglBp,0.09090909090909091,10,10,TCTAGGGAATATTGTGCGGA,0,2358249
mglBp,0.09090909090909091,10,10,TCTAGATCAACTCATATTCT,0,2389435
mglBp,0.09090909090909091,10,10,TCTAACAAGCCTTACTTCTT,0,2418944
mglBp,0.09090909090909091,10,10,TCTAAAGCAAACTCATCCAA,0,2336664
mglBp,0.09090909090909091,10,10,TCGTTTTAGAATATCCGGTA,0,2420328
mglBp,0.09090909090909091,10,10,TCGTTGGGGTGAAGACATAT,0,2411743
mglBp,0.09090909090909091,10,10,TCGTTCCGATAGCGGCAGAG,0,2384240
mglBp,0.09090909090909091,10,10,TCGTTACAGCCGCTGTGGGG,0,2388789
mglBp,0.09090909090909091,10,10,TCGTGCAAATAGGTCAGTTA,0,2389504
mglBp,0.09090909090909091,10,10,TCGTCCAGCCTTAGCTGACT,0,2324625
mglBp,0.09090909090909091,10,10,TCGTACAAAAGGGTATGATG,0,2410234
mglBp,0.09090909090909091,10,10,TCGGTGCGCAAAATATTTCT,0,2410207
mglBp,0.09090909090909091,10,10,TCGGGTAACCGTCTGGGAGA,0,2370744
mglBp,0.09090909090909091,10,10,TCGGGGGGCTCGATAAGAAT,0,2401726
mglBp,0.09090909090909091,10,10,TCGGGCAGACTTCACCTACA,0,2326798
mglBp,0.09090909090909091,10,10,TCGGCATAGTTCCAGAGAAC,0,2339202
mglBp,0.09090909090909091,10,10,TCGGATAGCCACCTTGCAGT,0,2389139
mglBp,0.09090909090909091,10,10,TCGGATACAGCGTCCCCGAT,0,2344671
mglBp,0.09090909090909091,10,10,TCGCGGCACCGGCCTGGTTC,0,2344675
mglBp,0.09090909090909091,10,10,TCGCGGATGTAACATACGCC,0,2412536
mglBp,0.09090909090909091,10,10,TCGCCATATTTGTGATTTTT,0,2327316
mglBp,0.09090909090909091,10,10,TCGCATCGTTGCGCACATGG,0,2374595
mglBp,0.09090909090909091,10,10,TCGCAAATATGCGAATGTCT,0,2336279
mglBp,0.09090909090909091,10,10,TCGAGGCCGATTCTATTAGA,0,2329502
mglBp,0.09090909090909091,10,10,TCGACTTATCTTTACTACAC,0,2385731
mglBp,0.09090909090909091,10,10,TCGACGCGCACCGTTAGATG,0,2352053
mglBp,0.09090909090909091,10,10,TCGACAATCTATTACAGTAC,0,2378869
mglBp,0.09090909090909091,10,10,TCCTTACGGGTTCCGACTTC,0,2352494
mglBp,0.09090909090909091,10,10,TCCTCCCACGGTAGATTACC,0,2407427
mglBp,0.09090909090909091,10,10,TCCGGAGCTATCGGGTTAAG,0,2345071
mglBp,0.09090909090909091,10,10,TCCGACCCGTCGGCTAATGT,0,2414352
mglBp,0.09090909090909091,10,10,TCCGAATGGTTCTACATACA,0,2340234
mglBp,0.09090909090909091,10,10,TCCCAGGCATACTATGCATA,0,2369620
mglBp,0.09090909090909091,10,10,TCCCACCATATTGTCGTGAT,0,2376952
mglBp,0.09090909090909091,10,10,TCCACTTCCGGTGCACTAAT,0,2412302
mglBp,0.09090909090909091,10,10,TCATTTGGCGTATATCGGTG,0,2374069
mglBp,0.09090909090909091,10,10,TCATTGTGCAATCTTTCACA,0,2329976
mglBp,0.09090909090909091,10,10,TCATTGCGTGATTTAATATT,0,2415025
mglBp,0.09090909090909091,10,10,TCATGGTGCTGAGATTGGTA,0,2325006
mglBp,0.09090909090909091,10,10,TCATCGGCATGCCCGACGTC,0,2397570
mglBp,0.09090909090909091,10,10,TCATAGTAGCCGTGTTTTAA,0,2353307
mglBp,0.09090909090909091,10,10,TCAGATGGTGTCTAAGATAT,0,2321038
mglBp,0.09090909090909091,10,10,TCAGAGGGAAGCTCACGGAA,0,2366424
mglBp,0.09090909090909091,10,10,TCACGGATGGCTGGCCCAGT,0,2324197
mglBp,0.09090909090909091,10,10,TCACGCACTTGATGAGGAGT,0,2378631
mglBp,0.09090909090909091,10,10,TCACCTGCGCGTTGTCGGAA,0,2348796
mglBp,0.09090909090909091,10,10,TCAACTAGCTCGTCATTGTC,0,2403222
mglBp,0.09090909090909091,10,10,TCAACAAAACTTTCGTAGGC,0,2317296
mglBp,0.09090909090909091,10,10,TCAAAAACGAGTACCCGAGA,0,2354550
mglBp,0.09090909090909091,10,10,TATTTACTCGGCCTTTGATT,0,2353236
mglBp,0.09090909090909091,10,10,TATTTACGGAAGCACAAATG,0,2383003
mglBp,0.09090909090909091,10,10,TATTGGCGCTTACTCTAAGT,0,2388619
mglBp,0.09090909090909091,10,10,TATTGCCGATTCTAAGCCTA,0,2334837
mglBp,0.09090909090909091,10,10,TATTGAGTAGTGCGCTAATA,0,2389703
mglBp,0.09090909090909091,10,10,TATGTACGATTTCAAGAACA,0,2415104
mglBp,0.09090909090909091,10,10,TATGGGTCGTTGAACGGATC,0,2400036
mglBp,0.09090909090909091,10,10,TATGGCGTTGTCATCTGCCA,0,2364670
mglBp,0.09090909090909091,10,10,TATGAATATTGTCGTATTAC,0,2416662
mglBp,0.09090909090909091,10,10,TATGAACTGGGTCCATGGCA,0,2376309
mglBp,0.09090909090909091,10,10,TATCTAAGTCAGTAAGGACT,0,2415394
mglBp,0.09090909090909091,10,10,TATCGAACCGTCAGAGAGCC,0,2416588
mglBp,0.09090909090909091,10,10,TATCATCTCCTGGGATATCC,0,2388482
mglBp,0.09090909090909091,10,10,TATCACGAAGTTCTAGCCGA,0,2328676
mglBp,0.09090909090909091,10,10,TATATGATTTTGCGCGATTT,0,2397775
mglBp,0.09090909090909091,10,10,TATAGGACGCTCAACAAACT,0,2325833
mglBp,0.09090909090909091,10,10,TATAGAACGACGACAGTGGT,0,2407635
mglBp,0.09090909090909091,10,10,TATACCGTGTGGGCACTGCC,0,2400163
mglBp,0.09090909090909091,10,10,TATAACTTGTTCTCTTTACG,0,2402320
mglBp,0.09090909090909091,10,10,TAGGTAGTTACGCCCGGTTG,0,2379510
mglBp,0.09090909090909091,10,10,TAGGCACATGGAAGAAAACG,0,2317192
mglBp,0.09090909090909091,10,10,TAGGACCGGTCAATCAGTCG,0,2323458
mglBp,0.09090909090909091,10,10,TAGCTGCATAATTGACCGCT,0,2418927
mglBp,0.09090909090909091,10,10,TAGCGGGTACAAGTTCGCTC,0,2328354
mglBp,0.09090909090909091,10,10,TAGCCTTGTAATTCGAATAA,0,2390219
mglBp,0.09090909090909091,10,10,TAGAGTTGCCAGCGCGTCCA,0,2330532
mglBp,0.09090909090909091,10,10,TAGAGCGTTGAGAGGCAGCG,0,2331493
mglBp,0.09090909090909091,10,10,TAGACGTACCAGGAATCGGA,0,2379329
mglBp,0.09090909090909091,10,10,TAGAAGTACCGACTCGCCTC,0,2342616
mglBp,0.09090909090909091,10,10,TACTTTCCTCTCAGGCATCT,0,2317000
mglBp,0.09090909090909091,10,10,TACTTCTAGAGGGCAGAGCA,0,2405334
mglBp,0.09090909090909091,10,10,TACTTCGCTTAAAGCGATTA,0,2393358
mglBp,0.09090909090909091,10,10,TACTGGCCACGCCGCGTAGT,0,2361019
mglBp,0.09090909090909091,10,10,TACTCTCTTGTTCGACGAAT,0,2394781
mglBp,0.09090909090909091,10,10,TACTCACTTTGCTATAAGTC,0,2387743
mglBp,0.09090909090909091,10,10,TACTATATTCTACTAACGGT,0,2404199
mglBp,0.09090909090909091,10,10,TACTAGAGCAGCCTCGCTGG,0,2359332
mglBp,0.09090909090909091,10,10,TACGTGGCGATAAACGAGAC,0,2396466
mglBp,0.09090909090909091,10,10,TACGTCCCTGTATGACGTTT,0,2367935
mglBp,0.09090909090909091,10,10,TACGGCGGACCGTGCGCAGC,0,2397828
mglBp,0.09090909090909091,10,10,TACGAGTTCTGAGCAGTAAA,0,2392350
mglBp,0.09090909090909091,10,10,TACCGGGATTTGGAGATATT,0,2379590
mglBp,0.09090909090909091,10,10,TACCCGGCTAGGGCGACAAA,0,2411724
mglBp,0.09090909090909091,10,10,TACCAGGCGCCGAGTTTCGA,0,2370828
mglBp,0.09090909090909091,10,10,TACAGTGGTGACCCTGGCGT,0,2363910
mglBp,0.09090909090909091,10,10,TACAATTACTACACGGTTAA,0,2324796
mglBp,0.09090909090909091,10,10,TACAAGCAGCCATGCGTCCC,0,2340731
mglBp,0.09090909090909091,10,10,TAATTTGCCCGACCGTCGTC,0,2372863
mglBp,0.09090909090909091,10,10,TAATTGGGACAACTGGGGTA,0,2333534
mglBp,0.09090909090909091,10,10,TAATTCTCAAAGAAGTTTGG,0,2324541
mglBp,0.09090909090909091,10,10,TAATTCACGGCCTTAGTCCC,0,2354385
mglBp,0.09090909090909091,10,10,TAATGCATCAGAAAAGTATT,0,2349233
mglBp,0.09090909090909091,10,10,TAATCCATGTCGCCTGTATC,0,2389176
mglBp,0.09090909090909091,10,10,TAATAGCTGGTTTCTTGCCA,0,2391102
mglBp,0.09090909090909091,10,10,TAAGTGAGAAGAGATCGCTG,0,2411778
mglBp,0.09090909090909091,10,10,TAAGAAAGAAAACTCAGTCC,0,2391311
mglBp,0.09090909090909091,10,10,TAACGTAAGTGCAAACAAGG,0,2403286
mglBp,0.09090909090909091,10,10,TAACGCCGGGGCATTGGAGT,0,2362642
mglBp,0.09090909090909091,10,10,TAAATTTTTCGATCTACCGG,0,2340679
mglBp,0.09090909090909091,10,10,TAAAGACCTCTACTGCCAGC,0,2382425
mglBp,0.09090909090909091,10,10,TAAAATCGTTCGCGGCTTGG,0,2415665
mglBp,0.09090909090909091,10,10,GTTTTGGTACTGAAATGTTA,0,2409670
mglBp,0.09090909090909091,10,10,GTTCGGGAAGACCCGTCCAT,0,2394656
mglBp,0.09090909090909091,10,10,GTTCGGCTCGCAAATGCCAG,0,2402521
mglBp,0.09090909090909091,10,10,GTTCGCGGGCCTCTACTGTC,0,2362038
mglBp,0.09090909090909091,10,10,GTTCCCAACTCAGAACTAAC,0,2317684
mglBp,0.09090909090909091,10,10,GTTCATGCCAATAGATGACA,0,2390318
mglBp,0.09090909090909091,10,10,GTTATCGAGAGCGCTTTCTT,0,2362826
mglBp,0.09090909090909091,10,10,GTTATAGTATGGTCCACTAT,0,2345880
mglBp,0.09090909090909091,10,10,GTTATACAATTACTACGCCT,0,2318996
mglBp,0.09090909090909091,10,10,GTTACGCCGCACGTGAAGGG,0,2353730
mglBp,0.09090909090909091,10,10,GTGTGTCAGTCGATCATATC,0,2390649
mglBp,0.09090909090909091,10,10,GTGTCCTGGGCCTTACTTAT,0,2400651
mglBp,0.09090909090909091,10,10,GTGGTTGATAGTTAAAGGCA,0,2385197
mglBp,0.09090909090909091,10,10,GTGGTGATGGCGCCGGGCGT,0,2318021
mglBp,0.09090909090909091,10,10,GTGGGGCGGGGTGCCGCGAA,0,2382745
mglBp,0.09090909090909091,10,10,GTGGCCTTCATGCATTTCCA,0,2377381
mglBp,0.09090909090909091,10,10,GTGGCACGTCCAATTTTTAG,0,2390178
mglBp,0.09090909090909091,10,10,GTGGATTCGTCTCGCTGCTC,0,2414978
mglBp,0.09090909090909091,10,10,GTGGACCGATCCAGGTGTGT,0,2336964
mglBp,0.09090909090909091,10,10,GTGGAATGGACTTGCCGTGG,0,2394990
mglBp,0.09090909090909091,10,10,GTGCTCATATTCGGCGCAGA,0,2348914
mglBp,0.09090909090909091,10,10,GTGCTAGTAACCACTGCCTG,0,2391493
mglBp,0.09090909090909091,10,10,GTGCCCTTTCAACGCGCACA,0,2330808
mglBp,0.09090909090909091,10,10,GTGCCATCTAACGGAAGACT,0,2372408
mglBp,0.09090909090909091,10,10,GTGATCATTAGTTAAGCCAC,0,2388446
mglBp,0.09090909090909091,10,10,GTGAGGTATTTGAAATCAGG,0,2325646
mglBp,0.09090909090909091,10,10,GTCTTACGACTTACTGTGCA,0,2363623
mglBp,0.09090909090909091,10,10,GTCTGACACTTGACTGGATT,0,2365338
mglBp,0.09090909090909091,10,10,GTCGTGTTAGAGGTAGGCTC,0,2393410
mglBp,0.09090909090909091,10,10,GTCGTCATGCCTCACTGGCC,0,2401262
mglBp,0.09090909090909091,10,10,GTCGTATCTGTCCGTAATTG,0,2332481
mglBp,0.09090909090909091,10,10,GTCGCTAAGAATGGCTTCGC,0,2384328
mglBp,0.09090909090909091,10,10,GTCGCGTGCCCGTTCGGACC,0,2335784
mglBp,0.09090909090909091,10,10,GTCGCCCGCGTGGACGCAAC,0,2352605
mglBp,0.09090909090909091,10,10,GTCGCAGGTAGTTATTTGCT,0,2342596
mglBp,0.09090909090909091,10,10,GTCGCAACTACGTGCGTTAA,0,2414022
mglBp,0.09090909090909091,10,10,GTCGATGTTACTACATTCTA,0,2338274
mglBp,0.09090909090909091,10,10,GTCCTCGACGGCGCTATAAT,0,2419165
mglBp,0.09090909090909091,10,10,GTCCGGGGACCCATTCAATA,0,2392561
mglBp,0.09090909090909091,10,10,GTCCCACCAGACTTGTGCAA,0,2388587
mglBp,0.09090909090909091,10,10,GTCCACTGATTTCACTTATG,0,2363961
mglBp,0.09090909090909091,10,10,GTCCACAAATGAACGCTCCA,0,2399811
mglBp,0.09090909090909091,10,10,GTCAGTTGTCGAACGGTGAA,0,2326884
mglBp,0.09090909090909091,10,10,GTCAGGTCCACCCGCAGGTA,0,2319723
mglBp,0.09090909090909091,10,10,GTCACTTTGCCCCAGTCTAT,0,2417099
mglBp,0.09090909090909091,10,10,GTCACCAAATGTAATAGGTC,0,2377439
mglBp,0.09090909090909091,10,10,GTCAACACTCCTTGGGCGCA,0,2346309
mglBp,0.09090909090909091,10,10,GTATTGTATAGTATTACGTT,0,2348648
mglBp,0.09090909090909091,10,10,GTATTATACTCTTTCTTAAA,0,2362224
mglBp,0.09090909090909091,10,10,GTATGAGGACTTACCCAAGT,0,2399955
mglBp,0.09090909090909091,10,10,GTATATAAGCGGGCAGCTAA,0,2327408
mglBp,0.09090909090909091,10,10,GTATAAAGGGTCCGAGCGAT,0,2360895
mglBp,0.09090909090909091,10,10,GTAGTCGATCGGTAGATGAA,0,2349704
mglBp,0.09090909090909091,10,10,GTAGCTCGCCCCCGCGTCAT,0,2349855
mglBp,0.09090909090909091,10,10,GTAGCCTGCACCTTCAAGTC,0,2363423
mglBp,0.09090909090909091,10,10,GTACTTCCGCAACAAGCCAA,0,2363275
mglBp,0.09090909090909091,10,10,GTACGGATTTACGTGACGTC,0,2391141
mglBp,0.09090909090909091,10,10,GTACCTTCGGTCCCCCAAGC,0,2381680
mglBp,0.09090909090909091,10,10,GTACCATTTTGTGTGTAACA,0,2342987
mglBp,0.09090909090909091,10,10,GTACATATTCGGACCTCTTG,0,2327044
mglBp,0.09090909090909091,10,10,GTAATCGATCCTTCAGTTGC,0,2360403
mglBp,0.09090909090909091,10,10,GTAAGGGTGGACAGAAGGTA,0,2413062
mglBp,0.09090909090909091,10,10,GTAAGGATTCGCACATTGCA,0,2352581
mglBp,0.09090909090909091,10,10,GTAAAGCCTGTCGGTGAGCA,0,2391262
mglBp,0.09090909090909091,10,10,GGTTGAATTCCATTGCTGGC,0,2400417
mglBp,0.09090909090909091,10,10,GGTGTTCCACGGCACCTAAA,0,2321048
mglBp,0.09090909090909091,10,10,GGTGTCTGAACACTAACTTA,0,2346486
mglBp,0.09090909090909091,10,10,GGTGGGTCAGGTTAGTTTCA,0,2342629
mglBp,0.09090909090909091,10,10,GGTGCTGCAACCAAAGCGAG,0,2338075
mglBp,0.09090909090909091,10,10,GGTCTTAGCCGGATGCAATG,0,2415074
mglBp,0.09090909090909091,10,10,GGTCGCGGTTGCAATGTGTA,0,2319685
mglBp,0.09090909090909091,10,10,GGTCCTTAGTGGGCAGGTCT,0,2379659
mglBp,0.09090909090909091,10,10,GGTCCCGGTTACGGCTTGAC,0,2343247
mglBp,0.09090909090909091,10,10,GGTCCAATATAGGGTGTCGC,0,2400384
mglBp,0.09090909090909091,10,10,GGTATGCTACTAAGAAGGAA,0,2317651
mglBp,0.09090909090909091,10,10,GGTATCGATGAGAGCGACAA,0,2422336
mglBp,0.09090909090909091,10,10,GGTATAGGTAGACCCGTGAG,0,2357948
mglBp,0.09090909090909091,10,10,GGTACATTAGTAGTAGTCAA,0,2411392
mglBp,0.09090909090909091,10,10,GGTAATCAAGGCACGTAGAA,0,2369872
mglBp,0.09090909090909091,10,10,GGTAACCGTCTCTGCACGTG,0,2326220
mglBp,0.09090909090909091,10,10,GGGTTGACAGGGTATGACTT,0,2336329
mglBp,0.09090909090909091,10,10,GGGTTCGCGTCATACATCAA,0,2393684
mglBp,0.09090909090909091,10,10,GGGTCTAAGTTAGCAATGAA,0,2370075
mglBp,0.09090909090909091,10,10,GGGTCGCTCGTGAGGATTGT,0,2358151
mglBp,0.09090909090909091,10,10,GGGTCACTCGTAGGTCATAA,0,2338918
mglBp,0.09090909090909091,10,10,GGGTACATAGGGGACAATTA,0,2365264
mglBp,0.09090909090909091,10,10,GGGGTTTGGAGTAGTGTCTG,0,2337535
mglBp,0.09090909090909091,10,10,GGGGTCCGGGGCATTGCCCG,0,2360588
mglBp,0.09090909090909091,10,10,GGGGGACTACGTGTAAGGTC,0,2354036
mglBp,0.09090909090909091,10,10,GGGGAACCTTACCGCCTAAA,0,2401878
mglBp,0.09090909090909091,10,10,GGGCTGCGGTGGCGGTCATG,0,2401629
mglBp,0.09090909090909091,10,10,GGGCTAACTGAGTTGTACTC,0,2368747
mglBp,0.09090909090909091,10,10,GGGCGACAGCCATTCCACTA,0,2345019
mglBp,0.09090909090909091,10,10,GGGACTTAATTAGTAGGATA,0,2330902
mglBp,0.09090909090909091,10,10,GGGACTACGCTCGGTTACTC,0,2351002
mglBp,0.09090909090909091,10,10,GGCTGAAATCTAGACCTGTC,0,2404622
mglBp,0.09090909090909091,10,10,GGCTCCCAGACCTAGCCTTC,0,2382785
mglBp,0.09090909090909091,10,10,GGCGGTTCCGTCGCAATGTC,0,2405081
mglBp,0.09090909090909091,10,10,GGCGCACCAGCGGGTGCCAT,0,2371342
mglBp,0.09090909090909091,10,10,GGCGCAAATTGGCGGTCCAT,0,2397233
mglBp,0.09090909090909091,10,10,GGCGATACGGTCACCACTTC,0,2317141
mglBp,0.09090909090909091,10,10,GGCCTCGCTACCCATCCCAG,0,2411237
mglBp,0.09090909090909091,10,10,GGCCGGTTCGTACGCTGGGC,0,2348956
mglBp,0.09090909090909091,10,10,GGCCGGACGCAGGGATTGTT,0,2335973
mglBp,0.09090909090909091,10,10,GGCCGCCGTGTTACTGCAAG,0,2405485
mglBp,0.09090909090909091,10,10,GGCCGCATTCCTCGAATATG,0,2352740
mglBp,0.09090909090909091,10,10,GGCCGACGCGTAAACGGGTA,0,2332269
mglBp,0.09090909090909091,10,10,GGCCCCTTCCGATTAAATTT,0,2336759
mglBp,0.09090909090909091,10,10,GGCCCCACTCAAGATTATCA,0,2334373
mglBp,0.09090909090909091,10,10,GGCCAGTGTAGACGAGTCCA,0,2394685
mglBp,0.09090909090909091,10,10,GGCATATACATACATGCGCA,0,2411272
mglBp,0.09090909090909091,10,10,GGCATACTTGGCTGTGGGGG,0,2382671
mglBp,0.09090909090909091,10,10,GGCAGCCACACACATGAGGG,0,2355759
mglBp,0.09090909090909091,10,10,GGCAGACCGAGCTTTGTATG,0,2345710
mglBp,0.09090909090909091,10,10,GGCAAGTATGCTCAGTCAGA,0,2390543
mglBp,0.09090909090909091,10,10,GGATTTGTCAACACATCGCT,0,2363070
mglBp,0.09090909090909091,10,10,GGATTGCTTCCGGCAAGAAG,0,2335806
mglBp,0.09090909090909091,10,10,GGATTATAAGCCGCTAGACA,0,2410798
mglBp,0.09090909090909091,10,10,GGATGTCTCCACAAAGGTAG,0,2414493
mglBp,0.09090909090909091,10,10,GGATGGGCGACGTGACGCGT,0,2419756
mglBp,0.09090909090909091,10,10,GGATGACTGAGCGCGTACAT,0,2392303
mglBp,0.09090909090909091,10,10,GGATCGGAGGGGAAGCTAGG,0,2354974
mglBp,0.09090909090909091,10,10,GGATCCTACCTACGTTAGAA,0,2337712
mglBp,0.09090909090909091,10,10,GGATATAGGGATTGGTGGTT,0,2411666
mglBp,0.09090909090909091,10,10,GGATACCAATGTATGTTTGA,0,2347591
mglBp,0.09090909090909091,10,10,GGAGTTCACTTCACGTATGT,0,2383049
mglBp,0.09090909090909091,10,10,GGAGTCCAGACTTTAAACAG,0,2362330
mglBp,0.09090909090909091,10,10,GGAGGTGTTTTACGCTGAGT,0,2326161
mglBp,0.09090909090909091,10,10,GGAGGCGGCTCAGGCTCAAG,0,2316595
mglBp,0.09090909090909091,10,10,GGAGGCATTGTAGGGACTTC,0,2373144
mglBp,0.09090909090909091,10,10,GGAGCAGTGATAGTCACTCA,0,2321603
mglBp,0.09090909090909091,10,10,GGAGATTCCCAAGTTGTCTA,0,2410766
mglBp,0.09090909090909091,10,10,GGAGAGGCCTACACGAACTA,0,2376496
mglBp,0.09090909090909091,10,10,GGAGAAACGCACCAGCCTCG,0,2350392
mglBp,0.09090909090909091,10,10,GGACTAGGGACCCCGAACAA,0,2318951
mglBp,0.09090909090909091,10,10,GGACGCGCGTTTCCGCCTCA,0,2378775
mglBp,0.09090909090909091,10,10,GGACGCCGAATTAGGCACTC,0,2394577
mglBp,0.09090909090909091,10,10,GGACGATGTACGCGGCCCGA,0,2326665
mglBp,0.09090909090909091,10,10,GGACCTACGTGACCAAACAT,0,2345285
mglBp,0.09090909090909091,10,10,GGACCCCCGCCTCAGAGATA,0,2336653
mglBp,0.09090909090909091,10,10,GGACCCACAGTTTACCTAAT,0,2385371
mglBp,0.09090909090909091,10,10,GGACATGCTGTGGACCGATG,0,2363811
mglBp,0.09090909090909091,10,10,GGAACGGTCTGCAAGGGTTT,0,2342682
mglBp,0.09090909090909091,10,10,GCTTTGGAGGCATTGCACAA,0,2420052
mglBp,0.09090909090909091,10,10,GCTTTCAGCCTTCACGTGAA,0,2413451
mglBp,0.09090909090909091,10,10,GCTTTCACAGGGAGAGCGGG,0,2390998
mglBp,0.09090909090909091,10,10,GCTTACCTAGGAAAGCTCTA,0,2351574
mglBp,0.09090909090909091,10,10,GCTGTGAATCCAAATGGCGC,0,2391787
mglBp,0.09090909090909091,10,10,GCTGTACTTGGAACTCACGG,0,2396679
mglBp,0.09090909090909091,10,10,GCTGGTAATTAAACGTGCGT,0,2375504
mglBp,0.09090909090909091,10,10,GCTGCTGCAGTTTTGACATT,0,2363655
mglBp,0.09090909090909091,10,10,GCTGCTCAGCGGGCGTTCCC,0,2339370
mglBp,0.09090909090909091,10,10,GCTGCAAGCTAATCGCCCCA,0,2370526
mglBp,0.09090909090909091,10,10,GCTGAGGTTCGCAAAGTACT,0,2403392
mglBp,0.09090909090909091,10,10,GCTGAGGGGTCTACCGAGTG,0,2400118
mglBp,0.09090909090909091,10,10,GCTCGCGACCGCGCCTGATA,0,2413599
mglBp,0.09090909090909091,10,10,GCTATTGGCATGTTGGTCAG,0,2367910
mglBp,0.09090909090909091,10,10,GCTATTCGCATGCATCGACT,0,2327186
mglBp,0.09090909090909091,10,10,GCTATTACTTGGCCGACGCA,0,2332701
mglBp,0.09090909090909091,10,10,GCTACGGGGTTAATAAAAAA,0,2387352
mglBp,0.09090909090909091,10,10,GCTAAGCTAAAAGGACACTC,0,2380537
mglBp,0.09090909090909091,10,10,GCGTTTTTTCGGCTAGGGAG,0,2379505
mglBp,0.09090909090909091,10,10,GCGTTTTGTAGCTTAATAGA,0,2389263
mglBp,0.09090909090909091,10,10,GCGTTGGTCACAGAATCCGT,0,2328825
mglBp,0.09090909090909091,10,10,GCGTTAAGGCGTATAGTGAG,0,2360181
mglBp,0.09090909090909091,10,10,GCGTGTCAGGTTTTTACAGG,0,2418195
mglBp,0.09090909090909091,10,10,GCGTCTTGCAACACTTGATT,0,2321757
mglBp,0.09090909090909091,10,10,GCGGGGGGGTAGCTGGTTTA,0,2378268
mglBp,0.09090909090909091,10,10,GCGGGCTTTGCTAAGCCATT,0,2357116
mglBp,0.09090909090909091,10,10,GCGGGAACGTCACGACAAGG,0,2373830
mglBp,0.09090909090909091,10,10,GCGGATGTAAGACCAAGCAG,0,2388401
mglBp,0.09090909090909091,10,10,GCGGATGGTTTAGACAAACG,0,2409563
mglBp,0.09090909090909091,10,10,GCGGATAACCAGCATCTCTG,0,2374743
mglBp,0.09090909090909091,10,10,GCGGACCCCGAGACGGCTGA,0,2374312
mglBp,0.09090909090909091,10,10,GCGGAAGGAAACCCGCGTAC,0,2353048
mglBp,0.09090909090909091,10,10,GCGCGGTATTACAAGCAGGA,0,2355454
mglBp,0.09090909090909091,10,10,GCGCAGACGCTCAGGCCTGA,0,2364818
mglBp,0.09090909090909091,10,10,GCGATGTCATGACCTGCTCG,0,2353738
mglBp,0.09090909090909091,10,10,GCGACTGTCGTGGAAACGGA,0,2322469
mglBp,0.09090909090909091,10,10,GCGAATTATCTACGTATGAT,0,2323602
mglBp,0.09090909090909091,10,10,GCGAAGGGGGTAGGGAAAAA,0,2422451
mglBp,0.09090909090909091,10,10,GCGAACCCCAGTCTCTGTTC,0,2326708
mglBp,0.09090909090909091,10,10,GCCTTGAGCCCTGCGCGTTG,0,2413482
mglBp,0.09090909090909091,10,10,GCCTCCCAGCGCATATCATG,0,2386421
mglBp,0.09090909090909091,10,10,GCCGTGCCTGGGATTGTCCT,0,2327804
mglBp,0.09090909090909091,10,10,GCCGAATTTTTTCCATGTGA,0,2345436
mglBp,0.09090909090909091,10,10,GCCATTCGTAGGATATCACT,0,2316683
mglBp,0.09090909090909091,10,10,GCCAGGAGTAAGTGCTGAAG,0,2368668
mglBp,0.09090909090909091,10,10,GCCAACACCTTCAGGGTTTA,0,2335476
mglBp,0.09090909090909091,10,10,GCATGGTGGCACTTGTTCCC,0,2380292
mglBp,0.09090909090909091,10,10,GCATGCTATGAGGTGGTCAC,0,2385745
mglBp,0.09090909090909091,10,10,GCATAGCATCACGTGCAATA,0,2322018
mglBp,0.09090909090909091,10,10,GCATACGAGAAAAAAGCGGA,0,2379402
mglBp,0.09090909090909091,10,10,GCAGTGGGCCGCACTTACCG,0,2369645
mglBp,0.09090909090909091,10,10,GCAGTCGAAACAGGTGTAAA,0,2342518
mglBp,0.09090909090909091,10,10,GCAGGGTAGGTGTGGCGGGT,0,2344404
mglBp,0.09090909090909091,10,10,GCAGGATACTATTATTACAT,0,2337435
mglBp,0.09090909090909091,10,10,GCAGGAGTAGAAGGTAACGA,0,2393119
mglBp,0.09090909090909091,10,10,GCAGATGCGCATTTGGTGAT,0,2390121
mglBp,0.09090909090909091,10,10,GCACTGGCGTGGCCAAACGA,0,2359633
mglBp,0.09090909090909091,10,10,GCACGGGCGTTGACCGGGGA,0,2392892
mglBp,0.09090909090909091,10,10,GCACAGGGCGACGCGACAAA,0,2364324
mglBp,0.09090909090909091,10,10,GCAATGGTTGTGAAGAAGTT,0,2371175
mglBp,0.09090909090909091,10,10,GCAATCGGCCCGTTGCCTCT,0,2331922
mglBp,0.09090909090909091,10,10,GCAACTCAGTTCAGCGCAGG,0,2415249
mglBp,0.09090909090909091,10,10,GCAACCCGGAAGCCTTTGAA,0,2386579
mglBp,0.09090909090909091,10,10,GCAACAACGTATCTACGTTA,0,2348492
mglBp,0.09090909090909091,10,10,GATTGTCACACTGGGCTCCT,0,2361630
mglBp,0.09090909090909091,10,10,GATTGACTTAGGTTAATCAC,0,2378813
mglBp,0.09090909090909091,10,10,GATTATTCGCATCTTGCAGT,0,2403063
mglBp,0.09090909090909091,10,10,GATTAGCTCGAGGACGTGAC,0,2352437
mglBp,0.09090909090909091,10,10,GATGTCTTGTCTAGATAGTA,0,2378637
mglBp,0.09090909090909091,10,10,GATGGGTTATATTCAGAGTT,0,2410345
mglBp,0.09090909090909091,10,10,GATCTGACTTAAAACCCCTT,0,2411447
mglBp,0.09090909090909091,10,10,GATCTCGCGCTCGCCTAAAT,0,2355249
mglBp,0.09090909090909091,10,10,GATCGAGCAGGGAGCGCTTC,0,2319880
mglBp,0.09090909090909091,10,10,GATAGTTTACAGAGGTACGT,0,2331659
mglBp,0.09090909090909091,10,10,GATACCCAGTAGTGGGGGGA,0,2373541
mglBp,0.09090909090909091,10,10,GATAAAGAGTATCCAAAGTG,0,2348571
mglBp,0.09090909090909091,10,10,GAGTTCCTCCTTTGGCCTCG,0,2388765
mglBp,0.09090909090909091,10,10,GAGTGTAACTTCTCGCACTG,0,2333729
mglBp,0.09090909090909091,10,10,GAGTGAATAGGGGATTCAGT,0,2349754
mglBp,0.09090909090909091,10,10,GAGTCTTGGAGGTAGCGCTC,0,2384839
mglBp,0.09090909090909091,10,10,GAGTCTGAGTTGTTTATGTG,0,2410909
mglBp,0.09090909090909091,10,10,GAGTCTCCGTGGCCTATATT,0,2324039
mglBp,0.09090909090909091,10,10,GAGTCCGAGATAAGCCGATG,0,2377752
mglBp,0.09090909090909091,10,10,GAGTATGAGACAGTACGCTC,0,2326126
mglBp,0.09090909090909091,10,10,GAGTAGCTGCCCCTGTGAGC,0,2395450
mglBp,0.09090909090909091,10,10,GAGGTTAATCTACTGCAGCG,0,2391344
mglBp,0.09090909090909091,10,10,GAGGGTAGCGCTAGTTTTTA,0,2326256
mglBp,0.09090909090909091,10,10,GAGGCCTGTGGATTGGACCT,0,2398421
mglBp,0.09090909090909091,10,10,GAGGACCATTAGAAGCTGTT,0,2405326
mglBp,0.09090909090909091,10,10,GAGGAATGCAACTCGAAGTT,0,2327251
mglBp,0.09090909090909091,10,10,GAGCTGATATAAGGTGTTAT,0,2333639
mglBp,0.09090909090909091,10,10,GAGCGATCAGGCAATACCTC,0,2318218
mglBp,0.09090909090909091,10,10,GAGCAGAGCAATCGGCCGTA,0,2418588
mglBp,0.09090909090909091,10,10,GAGATCCTCGCGGGAAGCCT,0,2356778
mglBp,0.09090909090909091,10,10,GAGACCTAGAACTCCATACT,0,2391990
mglBp,0.09090909090909091,10,10,GACTGGATAGCCTGGATTGT,0,2408642
mglBp,0.09090909090909091,10,10,GACTGCCAGGCCTGATTAAG,0,2372710
mglBp,0.09090909090909091,10,10,GACTCGGCAAACCGTATCAG,0,2326304
mglBp,0.09090909090909091,10,10,GACGTCACGGCAACTAATAC,0,2374817
mglBp,0.09090909090909091,10,10,GACGGATAGACGACTCACCA,0,2378111
mglBp,0.09090909090909091,10,10,GACGGAACGTCAGTAAGGCA,0,2378704
mglBp,0.09090909090909091,10,10,GACGATTTCTAATCTAACAG,0,2372702
mglBp,0.09090909090909091,10,10,GACCTAAATACGAGAGGCGG,0,2382526
mglBp,0.09090909090909091,10,10,GACCGGATCCTGCGAGAGCT,0,2409627
mglBp,0.09090909090909091,10,10,GACCCACTTTGCGCCCGTTT,0,2341503
mglBp,0.09090909090909091,10,10,GACATTACATTTGTGTCATT,0,2353020
mglBp,0.09090909090909091,10,10,GACAGGTGGCAACGTCGGAT,0,2330399
mglBp,0.09090909090909091,10,10,GACACGCCTCGAATCCGGGA,0,2359330
mglBp,0.09090909090909091,10,10,GACACCAAACCGCAAGCCTG,0,2341947
mglBp,0.09090909090909091,10,10,GACAAGAAAGTCCGCCACCC,0,2371155
mglBp,0.09090909090909091,10,10,GACAACAGTAATCTAATCGT,0,2379141
mglBp,0.09090909090909091,10,10,GAATTATTATGAATACTACC,0,2408699
mglBp,0.09090909090909091,10,10,GAATGTATTTCATGGCCTTT,0,2393408
mglBp,0.09090909090909091,10,10,GAATGCCCACGCTACTGTTT,0,2364126
mglBp,0.09090909090909091,10,10,GAATGAATGGCCAAAACTTG,0,2342841
mglBp,0.09090909090909091,10,10,GAATCGGTCGAAAGAACTAG,0,2411878
mglBp,0.09090909090909091,10,10,GAAGTAGCCGCAATCTGGAG,0,2318806
mglBp,0.09090909090909091,10,10,GAAGGCCAGGGTCTTATCAA,0,2387735
mglBp,0.09090909090909091,10,10,GAAGCCTCTGTGTTGCGAAG,0,2410502
mglBp,0.09090909090909091,10,10,GAACGCCTTCCGAGGCTAGA,0,2322081
mglBp,0.09090909090909091,10,10,GAACAAGCTCAGAGGCAACT,0,2402043
mglBp,0.09090909090909091,10,10,GAAAGTTGAAAAAATCCAAC,0,2319136
mglBp,0.09090909090909091,10,10,GAAAGGAATGGTCTCGTCTT,0,2351192
mglBp,0.09090909090909091,10,10,GAAAGCTATCGGGGTCTCGT,0,2333414
mglBp,0.09090909090909091,10,10,GAAAGATAAACCGCCAACTG,0,2380247
mglBp,0.09090909090909091,10,10,GAAAATCGTGGGATGATGTT,0,2338544
mglBp,0.09090909090909091,10,10,GAAAACACGAGACCAAGAAA,0,2402621
mglBp,0.09090909090909091,10,10,GAAAAACCCTCTCATATGTA,0,2414934
mglBp,0.09090909090909091,10,10,CTTTTTTCGGTTGCTTTTCA,0,2377869
mglBp,0.09090909090909091,10,10,CTTTGAATCCAATCCGACCT,0,2360294
mglBp,0.09090909090909091,10,10,CTTTGAACAAGGGCTCAGCA,0,2328931
mglBp,0.09090909090909091,10,10,CTTTCGTGACAAAGGATCAC,0,2340579
mglBp,0.09090909090909091,10,10,CTTTCATAGAGTTAATACCA,0,2413402
mglBp,0.09090909090909091,10,10,CTTTCAAGGTAGAAGTCAAC,0,2378433
mglBp,0.09090909090909091,10,10,CTTGGGGGAAACGCAACACT,0,2326605
mglBp,0.09090909090909091,10,10,CTTGATTTAACACCTACCTA,0,2381321
mglBp,0.09090909090909091,10,10,CTTGAGAATCATCTCGGTTG,0,2370538
mglBp,0.09090909090909091,10,10,CTTGACAATGAATGATTAAC,0,2381980
mglBp,0.09090909090909091,10,10,CTTGAAGTATTGCCACAGAG,0,2404365
mglBp,0.09090909090909091,10,10,CTTCTAAAACCAGAGACGAA,0,2350653
mglBp,0.09090909090909091,10,10,CTTCGTGTCGGGCGGGTGAT,0,2371723
mglBp,0.09090909090909091,10,10,CTTCCCGTGTTCTGGAACAA,0,2390894
mglBp,0.09090909090909091,10,10,CTTCCAGCACAAGGGTGACT,0,2406846
mglBp,0.09090909090909091,10,10,CTTCACGGACCGAGAGACTG,0,2361528
mglBp,0.09090909090909091,10,10,CTTCAAGTTACGGCTCATGG,0,2387167
mglBp,0.09090909090909091,10,10,CTTATTGGGTTGTGGGCTTG,0,2376692
mglBp,0.09090909090909091,10,10,CTTAAGCGGTATCCCCTCGA,0,2377974
mglBp,0.09090909090909091,10,10,CTGTTCTACCGGACTTGATA,0,2374286
mglBp,0.09090909090909091,10,10,CTGTGGATCCGACGCTCAGT,0,2338308
mglBp,0.09090909090909091,10,10,CTGTCAGAATCCGCACTCGA,0,2409817
mglBp,0.09090909090909091,10,10,CTGTAGTCTCAATAAATTCA,0,2356758
mglBp,0.09090909090909091,10,10,CTGTACAAATCGTCCTCTCA,0,2386577
mglBp,0.09090909090909091,10,10,CTGGGCGGTGTCGATATCAG,0,2366466
mglBp,0.09090909090909091,10,10,CTGGGATTAATAGCGTGTGC,0,2419241
mglBp,0.09090909090909091,10,10,CTGGCCTCGCGCGAGGGAGT,0,2340756
mglBp,0.09090909090909091,10,10,CTGGCCCAGTACAAAATGAT,0,2419989
mglBp,0.09090909090909091,10,10,CTGGCATGAGGCGTGAAAGT,0,2324262
mglBp,0.09090909090909091,10,10,CTGCGGCTATTATTATTCAA,0,2335273
mglBp,0.09090909090909091,10,10,CTGCGCCCAATGCCGACTTC,0,2420647
mglBp,0.09090909090909091,10,10,CTGATCTCGTTTCATATCAT,0,2396592
mglBp,0.09090909090909091,10,10,CTGAGTTCCCCTCTGGAGCT,0,2345115
mglBp,0.09090909090909091,10,10,CTCTTGTAACCCAAAGGATT,0,2381397
mglBp,0.09090909090909091,10,10,CTCTGGGGTCAGGGGAACGT,0,2317333
mglBp,0.09090909090909091,10,10,CTCTGATGCGTTATTAAGCA,0,2404789
mglBp,0.09090909090909091,10,10,CTCTCGAGCAGATTCTGTTG,0,2398094
mglBp,0.09090909090909091,10,10,CTCTCCTATTCTGGTGCTAA,0,2333702
mglBp,0.09090909090909091,10,10,CTCTATGCACTAAGGCACAC,0,2419514
mglBp,0.09090909090909091,10,10,CTCTAAGGGTGCCTCCCGGC,0,2376777
mglBp,0.09090909090909091,10,10,CTCGTGTCAGAACTTAACGC,0,2417697
mglBp,0.09090909090909091,10,10,CTCGTACATAACAGAGGCCT,0,2359013
mglBp,0.09090909090909091,10,10,CTCGGGTGGCGTCTATAAGA,0,2346809
mglBp,0.09090909090909091,10,10,CTCGGGCTATAGGGGAACGA,0,2400871
mglBp,0.09090909090909091,10,10,CTCGGGCGTTGTGCGATGTT,0,2381637
mglBp,0.09090909090909091,10,10,CTCGGCGCGGCCGATCCCAA,0,2352326
mglBp,0.09090909090909091,10,10,CTCCTTGATGATCCGTCTAT,0,2320273
mglBp,0.09090909090909091,10,10,CTCCGTCTGGGATGTGCTGC,0,2398193
mglBp,0.09090909090909091,10,10,CTCCGGATAGAACGGATTTT,0,2420160
mglBp,0.09090909090909091,10,10,CTCCGGAAAAAAGAGTTTAG,0,2366727
mglBp,0.09090909090909091,10,10,CTCCGCTATTTTCCTCTAGC,0,2410821
mglBp,0.09090909090909091,10,10,CTCCGAGGGGTGAAGTGTCA,0,2372154
mglBp,0.09090909090909091,10,10,CTCCCGGCTGAGTGAGATTA,0,2328116
mglBp,0.09090909090909091,10,10,CTCCCAGAGGAATGGAGACT,0,2421585
mglBp,0.09090909090909091,10,10,CTCCAACGCCGCATCGGGAA,0,2417911
mglBp,0.09090909090909091,10,10,CTCATTCTACGAGGATTAAC,0,2393153
mglBp,0.09090909090909091,10,10,CTCAGTCCCATACACGTTCT,0,2334343
mglBp,0.09090909090909091,10,10,CTCAGCTGTTCTCGCTCGAG,0,2389722
mglBp,0.09090909090909091,10,10,CTCAGCCGAAACGGTTACGA,0,2385129
mglBp,0.09090909090909091,10,10,CTCACATTGCACCCCGAGGT,0,2352170
mglBp,0.09090909090909091,10,10,CTCAAGCGGTGGCACAAGAG,0,2357468
mglBp,0.09090909090909091,10,10,CTCAACGTCAGTGTCCAGTC,0,2382471
mglBp,0.09090909090909091,10,10,CTATTTCGAAAAGCTCTTGC,0,2358908
mglBp,0.09090909090909091,10,10,CTATGAACAAAAATTGGCAT,0,2346602
mglBp,0.09090909090909091,10,10,CTAGCTGTGGCGTGACTTAT,0,2418143
mglBp,0.09090909090909091,10,10,CTAGAGTTGGGACTTACTAG,0,2410923
mglBp,0.09090909090909091,10,10,CTACTGCCTGAAACGACCTT,0,2354330
mglBp,0.09090909090909091,10,10,CTACGTAATGGGGACACTTG,0,2349610
mglBp,0.09090909090909091,10,10,CTACATTTTGCAGGGAATTA,0,2335940
mglBp,0.09090909090909091,10,10,CTACAAAAAAATGCGTTCCC,0,2391917
mglBp,0.09090909090909091,10,10,CTAATTTCGATTGAAGCGCA,0,2353364
mglBp,0.09090909090909091,10,10,CTAATTAGCGCTCTGTAGGT,0,2358270
mglBp,0.09090909090909091,10,10,CTAATGTATGTGGTAACAGA,0,2339376
mglBp,0.09090909090909091,10,10,CTAAGTTAGACGTGCTTCCA,0,2324854
mglBp,0.09090909090909091,10,10,CTAAGTGTCGTGTGCTGAGG,0,2346039
mglBp,0.09090909090909091,10,10,CTAAGTGTCCATTCTTGTAT,0,2399547
mglBp,0.09090909090909091,10,10,CTAAGCTGTGAGCCATAGAA,0,2332546
mglBp,0.09090909090909091,10,10,CTAACGGTTGGGCGGCTATA,0,2333343
mglBp,0.09090909090909091,10,10,CTAACCGATCGCCATGCGAA,0,2318509
mglBp,0.09090909090909091,10,10,CTAACAAGATACCTGAGCTA,0,2370605
mglBp,0.09090909090909091,10,10,CGTTGGTCTTGCGCGTTCAA,0,2395795
mglBp,0.09090909090909091,10,10,CGTTCTTGCGTATATAAGGA,0,2343741
mglBp,0.09090909090909091,10,10,CGTTCTACCAGGAACCTGAC,0,2385208
mglBp,0.09090909090909091,10,10,CGTTACACGTCGGTGGCTCG,0,2325087
mglBp,0.09090909090909091,10,10,CGTGTGCCATCCAACAGTCT,0,2395740
mglBp,0.09090909090909091,10,10,CGTGGTCAACGTGCGCTGCA,0,2321866
mglBp,0.09090909090909091,10,10,CGTGAGTGTGCCAGGTCCAT,0,2361546
mglBp,0.09090909090909091,10,10,CGTCCTCTAGGGACTGATTA,0,2336487
mglBp,0.09090909090909091,10,10,CGTCAGCCAGGTTGTAACAT,0,2416770
mglBp,0.09090909090909091,10,10,CGTCAACGGTGACGCGGTCC,0,2372392
mglBp,0.09090909090909091,10,10,CGTATTCCATTCTGAAGGAA,0,2320532
mglBp,0.09090909090909091,10,10,CGTATCCGATGTTGCTCGTA,0,2380954
mglBp,0.09090909090909091,10,10,CGTAGCTCCTCAGAGCACTC,0,2359295
mglBp,0.09090909090909091,10,10,CGTACGATTACGACTATAAC,0,2354191
mglBp,0.09090909090909091,10,10,CGTAAGGTAGCGTCAACCTA,0,2402694
mglBp,0.09090909090909091,10,10,CGTAACCACACGATGGCCAA,0,2421839
mglBp,0.09090909090909091,10,10,CGGTGTTACATTCTTCCCTA,0,2354621
mglBp,0.09090909090909091,10,10,CGGTCGCCGCCTTTCTCCGG,0,2401615
mglBp,0.09090909090909091,10,10,CGGGTTCGGGATCCACTTTT,0,2393688
mglBp,0.09090909090909091,10,10,CGGGTAGGAGCCTTACGCTA,0,2399303
mglBp,0.09090909090909091,10,10,CGGGGTTTGATTTTACGGTA,0,2357600
mglBp,0.09090909090909091,10,10,CGGGGCGAAAAACTAACACT,0,2331388
mglBp,0.09090909090909091,10,10,CGGGCTCTAGAACTTTTGGG,0,2374385
mglBp,0.09090909090909091,10,10,CGGGCGACTGGGGCGTCACG,0,2325458
mglBp,0.09090909090909091,10,10,CGGGCAGGGACGTATTCGTG,0,2360835
mglBp,0.09090909090909091,10,10,CGGCTTAACGGTGTCTATAC,0,2384073
mglBp,0.09090909090909091,10,10,CGGCTAGGGACATACGGCGG,0,2373873
mglBp,0.09090909090909091,10,10,CGGCAAAGACCCACGGGGCA,0,2328679
mglBp,0.09090909090909091,10,10,CGGAGTGCTAAAATTGCTAC,0,2328554
mglBp,0.09090909090909091,10,10,CGGAGGTGGACTCGTGCACG,0,2396521
mglBp,0.09090909090909091,10,10,CGGAGCGGTTCGGTAAAGAT,0,2385298
mglBp,0.09090909090909091,10,10,CGGAGCAGAAGCGATAGACA,0,2381894
mglBp,0.09090909090909091,10,10,CGCTGGGGAAAAACTCTAAA,0,2382083
mglBp,0.09090909090909091,10,10,CGCTGGCGCAAGACTTGTGC,0,2369341
mglBp,0.09090909090909091,10,10,CGCTGGCCAGGCACACTGCC,0,2393839
mglBp,0.09090909090909091,10,10,CGCTGGATGATCAGGACTAC,0,2364420
mglBp,0.09090909090909091,10,10,CGCTATCCATCTTAACTTGT,0,2380237
mglBp,0.09090909090909091,10,10,CGCTAGTGCGGTTTGAGGAA,0,2336034
mglBp,0.09090909090909091,10,10,CGCGGGCGTATAAGAAAAAC,0,2343182
mglBp,0.09090909090909091,10,10,CGCCGGGCTGCTTGGGTCTA,0,2411375
mglBp,0.09090909090909091,10,10,CGCCCGCAGATAACCCAACG,0,2393191
mglBp,0.09090909090909091,10,10,CGCCCGAGTTCGCTATAAGA,0,2361723
mglBp,0.09090909090909091,10,10,CGCCCCCCTTGATTTCCGCG,0,2342870
mglBp,0.09090909090909091,10,10,CGCCCCAATTCCGTTACCCT,0,2328169
mglBp,0.09090909090909091,10,10,CGCCAGATTTCCAAAGGTAT,0,2394315
mglBp,0.09090909090909091,10,10,CGCCAATCGTCTGGACCTGA,0,2341161
mglBp,0.09090909090909091,10,10,CGCCAAATGCAGGTACCAAA,0,2321519
mglBp,0.09090909090909091,10,10,CGCAGGAGGTAGTAACAACG,0,2358152
mglBp,0.09090909090909091,10,10,CGCAGGAAGTCACGACTCAA,0,2414844
mglBp,0.09090909090909091,10,10,CGCAGCACGGTTCAACATTA,0,2364013
mglBp,0.09090909090909091,10,10,CGCAGAGGACCTGATTTCAG,0,2406729
mglBp,0.09090909090909091,10,10,CGCACGTCGGTCGTACCTCA,0,2367920
mglBp,0.09090909090909091,10,10,CGCACGGGCTGGATTACTTC,0,2420239
mglBp,0.09090909090909091,10,10,CGCAACATAACATCTGCTTT,0,2340373
mglBp,0.09090909090909091,10,10,CGATTGGACAGCGTAAGGCA,0,2332115
mglBp,0.09090909090909091,10,10,CGATTGCTGTTGGATTAGTA,0,2330341
mglBp,0.09090909090909091,10,10,CGATTAGCAGTAGTCTCATG,0,2400227
mglBp,0.09090909090909091,10,10,CGATGTATTTGACCGAGTCA,0,2367383
mglBp,0.09090909090909091,10,10,CGATGCCGATTCTACGCGCC,0,2390254
mglBp,0.09090909090909091,10,10,CGATGCCGAATGGGTCACCG,0,2361598
mglBp,0.09090909090909091,10,10,CGATGATGAAGAATGGTTAC,0,2334950
mglBp,0.09090909090909091,10,10,CGATCTGTATGTCGCACGAG,0,2423710
mglBp,0.09090909090909091,10,10,CGATCTCTGGGAATCGATCG,0,2407626
mglBp,0.09090909090909091,10,10,CGATACTGAGCATTCTACCA,0,2348845
mglBp,0.09090909090909091,10,10,CGAGTGTCTAGGGCCGACGT,0,2329510
mglBp,0.09090909090909091,10,10,CGAGTGCACAATTTGAGGCA,0,2407715
mglBp,0.09090909090909091,10,10,CGAGGCTTTCGAAGCATAAA,0,2356812
mglBp,0.09090909090909091,10,10,CGAGCGCCAAGGGTCGCAGT,0,2415278
mglBp,0.09090909090909091,10,10,CGAGCACATATCACCTGCGC,0,2408010
mglBp,0.09090909090909091,10,10,CGAGATTAAGCTGACCGTTA,0,2374807
mglBp,0.09090909090909091,10,10,CGAGAGCGCTGGCGAAGAGT,0,2400075
mglBp,0.09090909090909091,10,10,CGACTTGCTTTGGATTCTAT,0,2366032
mglBp,0.09090909090909091,10,10,CGACTGTTTGCGACAATAAT,0,2347027
mglBp,0.09090909090909091,10,10,CGACCTTGAGGTTCGTACTG,0,2380719
mglBp,0.09090909090909091,10,10,CGAATCCTTGAATGACGTCG,0,2396940
mglBp,0.09090909090909091,10,10,CGAATACTCAGCCGCACGAA,0,2332297
mglBp,0.09090909090909091,10,10,CGAAGCACGATGTAACTCAC,0,2415438
mglBp,0.09090909090909091,10,10,CGAACTATTACGGAGGATCC,0,2328770
mglBp,0.09090909090909091,10,10,CGAACATAATCTGGCGAGAA,0,2409902
mglBp,0.09090909090909091,10,10,CGAAAGGGTGAATAACGCGG,0,2391143
mglBp,0.09090909090909091,10,10,CGAAACGACGTGGATTAGGA,0,2378469
mglBp,0.09090909090909091,10,10,CCTTTCCTCGTGCATCATCA,0,2417119
mglBp,0.09090909090909091,10,10,CCTTGTATGCACAGAATATA,0,2365172
mglBp,0.09090909090909091,10,10,CCTTGAGCATGGCAGGGGAT,0,2380571
mglBp,0.09090909090909091,10,10,CCTGTTAGCAAACAAATTCG,0,2349236
mglBp,0.09090909090909091,10,10,CCTGGGGGCCATGGCTCTTG,0,2332553
mglBp,0.09090909090909091,10,10,CCTGGGAAGCCCGGTGCCAT,0,2316933
mglBp,0.09090909090909091,10,10,CCTGGAACCCCTCGTACTCA,0,2362030
mglBp,0.09090909090909091,10,10,CCTGAGAATGCACAGGAGTA,0,2404038
mglBp,0.09090909090909091,10,10,CCTGACAGTCTCGGGGTGGA,0,2359879
mglBp,0.09090909090909091,10,10,CCTCGGCAACGGGTAAAGTG,0,2335209
mglBp,0.09090909090909091,10,10,CCTCCAATTTAGTGTTCCAT,0,2396053
mglBp,0.09090909090909091,10,10,CCTCAGGATATCCGTACGCG,0,2326385
mglBp,0.09090909090909091,10,10,CCTCAGCTCCTTGGTGCATA,0,2408437
mglBp,0.09090909090909091,10,10,CCTCAGCCTGGACTGGACGC,0,2342310
mglBp,0.09090909090909091,10,10,CCTCACCCGAGAAAGGGCAG,0,2338212
mglBp,0.09090909090909091,10,10,CCTATGAGGGGCAGCAATCA,0,2404679
mglBp,0.09090909090909091,10,10,CCTACGCAGGTACCTTGGGA,0,2350885
mglBp,0.09090909090909091,10,10,CCTAAGGTTTTGTGGACCTT,0,2319884
mglBp,0.09090909090909091,10,10,CCTAAAACGTTTTACAGAGG,0,2317678
mglBp,0.09090909090909091,10,10,CCGTTCACTGAATTCATCCT,0,2347348
mglBp,0.09090909090909091,10,10,CCGTTAAAAGTACCCGTGTC,0,2345528
mglBp,0.09090909090909091,10,10,CCGTCGTCCAGCCCTCGCCG,0,2367984
mglBp,0.09090909090909091,10,10,CCGTCGGTTCGTCAATTATC,0,2356087
mglBp,0.09090909090909091,10,10,CCGTATTCCCCGATCGGCAA,0,2391469
mglBp,0.09090909090909091,10,10,CCGGTCTTAAAGATCCGCAA,0,2342379
mglBp,0.09090909090909091,10,10,CCGGGAGCACCGATTGTGTG,0,2409984
mglBp,0.09090909090909091,10,10,CCGGACTGACCGCGCATCGC,0,2352274
mglBp,0.09090909090909091,10,10,CCGGACGACACACGTCCAAA,0,2324125
mglBp,0.09090909090909091,10,10,CCGCTGCAACGTTTACACAA,0,2402348
mglBp,0.09090909090909091,10,10,CCGCGCACCATCCCCATGCT,0,2341521
mglBp,0.09090909090909091,10,10,CCGCCATAATGATGGGCTAC,0,2389879
mglBp,0.09090909090909091,10,10,CCGATCTGTCCCTCGAATGC,0,2417454
mglBp,0.09090909090909091,10,10,CCGATAGCCTATCTAGGAGA,0,2404733
mglBp,0.09090909090909091,10,10,CCGAGTTGGAAATTGGACGA,0,2359952
mglBp,0.09090909090909091,10,10,CCGACGAAGACATTTTTAAT,0,2337554
mglBp,0.09090909090909091,10,10,CCCTTTTCTGTCAAGTTAAT,0,2392888
mglBp,0.09090909090909091,10,10,CCCTGGCGACAGATCCCACC,0,2407123
mglBp,0.09090909090909091,10,10,CCCTATTGATTGGTGCCTGG,0,2385291
mglBp,0.09090909090909091,10,10,CCCGTGGGTGGCGACCGAAT,0,2372180
mglBp,0.09090909090909091,10,10,CCCGGGCCGACGTTGCAGTT,0,2366105
mglBp,0.09090909090909091,10,10,CCCGCCCCACCAGCACGAGA,0,2382986
mglBp,0.09090909090909091,10,10,CCCGATTTTAGAATAGCTTG,0,2342686
mglBp,0.09090909090909091,10,10,CCCGATCAATGCTTGTTTGT,0,2379133
mglBp,0.09090909090909091,10,10,CCCCGTTCCTTTGCTCCCAT,0,2390323
mglBp,0.09090909090909091,10,10,CCCCCTGATACATCGCGTAA,0,2377270
mglBp,0.09090909090909091,10,10,CCCCCCCGTCCCGTGCGACC,0,2419402
mglBp,0.09090909090909091,10,10,CCCAGTCCTAATTCATCAAG,0,2406581
mglBp,0.09090909090909091,10,10,CCCAGACTTGGCACACCATA,0,2396449
mglBp,0.09090909090909091,10,10,CCATTAGCGCGACGGGGCGT,0,2316476
mglBp,0.09090909090909091,10,10,CCATCGTTCGAAGTGGGAAT,0,2369998
mglBp,0.09090909090909091,10,10,CCATAAGTTTCCAAATTGCT,0,2330221
mglBp,0.09090909090909091,10,10,CCAGCGAACCTAAGTCATTC,0,2366040
mglBp,0.09090909090909091,10,10,CCAGCCACGGAAAACGACGT,0,2342554
mglBp,0.09090909090909091,10,10,CCAGCAGCAGTGTCACATAC,0,2385801
mglBp,0.09090909090909091,10,10,CCACGGCTCATTCTCCGGCA,0,2352035
mglBp,0.09090909090909091,10,10,CCACGCCATGTCCTGACACA,0,2331877
mglBp,0.09090909090909091,10,10,CCACCTTAGACGGGAGGGTC,0,2407429
mglBp,0.09090909090909091,10,10,CCACCGAGACATCGCTCCCG,0,2344770
mglBp,0.09090909090909091,10,10,CCACACATATGTCTAGTTAA,0,2411645
mglBp,0.09090909090909091,10,10,CCAAGTGCGGTAAGAGGACA,0,2319765
mglBp,0.09090909090909091,10,10,CCAAGCAAAAGCATAGACGC,0,2321054
mglBp,0.09090909090909091,10,10,CCAACGGATCGCCCGGCGCA,0,2324576
mglBp,0.09090909090909091,10,10,CATTTGCTACTGTCCCTACG,0,2354508
mglBp,0.09090909090909091,10,10,CATTTGAAGTGCAGGCGGAA,0,2356415
mglBp,0.09090909090909091,10,10,CATTAGATCGATAGTATGCA,0,2344267
mglBp,0.09090909090909091,10,10,CATGTGGTATGGCTGTCCTA,0,2323708
mglBp,0.09090909090909091,10,10,CATGGTCACATGTTTCTGGT,0,2333300
mglBp,0.09090909090909091,10,10,CATGGACCGTACAATTCAGT,0,2403317
mglBp,0.09090909090909091,10,10,CATGCTCAAGATCGCAGAGG,0,2364958
mglBp,0.09090909090909091,10,10,CATGCGACATTGTCACTTGT,0,2329212
mglBp,0.09090909090909091,10,10,CATGACTGCTGAAAAACGGT,0,2368667
mglBp,0.09090909090909091,10,10,CATGACCGGAGGTGCGAGAG,0,2402322
mglBp,0.09090909090909091,10,10,CATGACAGACACACAGGTGT,0,2335886
mglBp,0.09090909090909091,10,10,CATCGCGGCCTCGTCGCCCA,0,2345771
mglBp,0.09090909090909091,10,10,CATCCCAACAAGTTCTTTGA,0,2333998
mglBp,0.09090909090909091,10,10,CATCAGCGCTGCGGTAGTAC,0,2405758
mglBp,0.09090909090909091,10,10,CATCAGCGCGGCAAGGCCTC,0,2363371
mglBp,0.09090909090909091,10,10,CATATTGTGAAGGGCTCAAA,0,2398678
mglBp,0.09090909090909091,10,10,CATACGTGAGTTAAAGCTAT,0,2327872
mglBp,0.09090909090909091,10,10,CATAATCGGAGTTTTACTTA,0,2377081
mglBp,0.09090909090909091,10,10,CATAACGGACGGCGTTGATC,0,2347075
mglBp,0.09090909090909091,10,10,CAGTAACTGAAGAGTAGGAG,0,2391821
mglBp,0.09090909090909091,10,10,CAGGTGTTCAAAGTACGGAA,0,2338167
mglBp,0.09090909090909091,10,10,CAGGTAAAAGTCTGCTCGTA,0,2392000
mglBp,0.09090909090909091,10,10,CAGGGGTATGAGCCCGAGCT,0,2318963
mglBp,0.09090909090909091,10,10,CAGGGCTTAGGTGACTATGG,0,2334037
mglBp,0.09090909090909091,10,10,CAGGGCACAGTTTACCTAAG,0,2345819
mglBp,0.09090909090909091,10,10,CAGGCTGGTTTTCTTTAGCT,0,2339967
mglBp,0.09090909090909091,10,10,CAGGAAGACGAAGATTTCTC,0,2367333
mglBp,0.09090909090909091,10,10,CAGCTCCTCACGCGGGATAG,0,2328627
mglBp,0.09090909090909091,10,10,CAGCGTAGGACTGCATGGAA,0,2421583
mglBp,0.09090909090909091,10,10,CAGCCGTCCGAATAGTTCCT,0,2407244
mglBp,0.09090909090909091,10,10,CAGATTGTATGTTCCGTGAC,0,2326506
mglBp,0.09090909090909091,10,10,CAGAGGCATCCAAGAGTCCG,0,2322585
mglBp,0.09090909090909091,10,10,CACTGGCCGTCGTATCTTGT,0,2382293
mglBp,0.09090909090909091,10,10,CACTGGAGGACTCTCGCCTG,0,2414907
mglBp,0.09090909090909091,10,10,CACTGGAAGCGTGAGCTTAG,0,2408281
mglBp,0.09090909090909091,10,10,CACTGCCCATTTCTGTACGC,0,2410013
mglBp,0.09090909090909091,10,10,CACTGAGAAATGTACTCCAC,0,2327118
mglBp,0.09090909090909091,10,10,CACTATGTCGATTTCAGGCA,0,2344656
mglBp,0.09090909090909091,10,10,CACGCTTCCACGTTTGTTCA,0,2396855
mglBp,0.09090909090909091,10,10,CACGCCGGTTCCGATGGCGA,0,2417867
mglBp,0.09090909090909091,10,10,CACCTCATGGACTGGACCTT,0,2419388
mglBp,0.09090909090909091,10,10,CACCGGTCCCGTACCATATT,0,2361214
mglBp,0.09090909090909091,10,10,CACCCGGCAAGGCCCCTAGG,0,2398854
mglBp,0.09090909090909091,10,10,CACCCATCCACATCATGTCC,0,2342107
mglBp,0.09090909090909091,10,10,CACAGAGTTATGCTGTCGAA,0,2378295
mglBp,0.09090909090909091,10,10,CACACCTACGTTATATGTAA,0,2348323
mglBp,0.09090909090909091,10,10,CAATGGCGCAGGGTAATTTT,0,2390490
mglBp,0.09090909090909091,10,10,CAATCGACGCCAGCGTGGTG,0,2328593
mglBp,0.09090909090909091,10,10,CAATATGGGAGATTGGCTAG,0,2376997
mglBp,0.09090909090909091,10,10,CAAGTCTACAAAAAGCTAAA,0,2389397
mglBp,0.09090909090909091,10,10,CAAGCGGACATGAGGGGTGC,0,2353159
mglBp,0.09090909090909091,10,10,CAACTCGCTAGCTTATTTAC,0,2389248
mglBp,0.09090909090909091,10,10,CAACACATACGGAATATCTT,0,2366605
mglBp,0.09090909090909091,10,10,CAAAGGTGCTGCTTCAGGAG,0,2322413
mglBp,0.09090909090909091,10,10,CAAACTTTCTTCCAGCCAGC,0,2371660
mglBp,0.09090909090909091,10,10,CAAACTGGTTGTGTTCCAAG,0,2380501
mglBp,0.09090909090909091,10,10,CAAACAGGGCAGCCATGGCA,0,2376488
mglBp,0.09090909090909091,10,10,ATTTTAATAACGCATAACTC,0,2354823
mglBp,0.09090909090909091,10,10,ATTTGATGACCATCATCGTG,0,2369431
mglBp,0.09090909090909091,10,10,ATTTGATGAATGCACTGCCA,0,2358858
mglBp,0.09090909090909091,10,10,ATTTAGGGTTGACATCGTTG,0,2404718
mglBp,0.09090909090909091,10,10,ATTTAGCATGGGGGATTTCT,0,2380499
mglBp,0.09090909090909091,10,10,ATTTAACGTCCGCAGGATTT,0,2397299
mglBp,0.09090909090909091,10,10,ATTGTTTCTATCCAGAGGTC,0,2406703
mglBp,0.09090909090909091,10,10,ATTCTTTGTGAAAGTTCGTT,0,2378871
mglBp,0.09090909090909091,10,10,ATTCTCTGGCCCTGATGGCA,0,2319310
mglBp,0.09090909090909091,10,10,ATTCTATACATGCATAAGCC,0,2396379
mglBp,0.09090909090909091,10,10,ATTCGGGATCTCGCTGGCCG,0,2340079
mglBp,0.09090909090909091,10,10,ATTCAGAACAAGAATAAGAA,0,2350330
mglBp,0.09090909090909091,10,10,ATTATTTTGTAGAGCTACTC,0,2412443
mglBp,0.09090909090909091,10,10,ATTATGCTTTACTAATTTTG,0,2394570
mglBp,0.09090909090909091,10,10,ATTAGTACGCGGCCTTGTAT,0,2356230
mglBp,0.09090909090909091,10,10,ATTAGGCCTAAGGACTCGTC,0,2367034
mglBp,0.09090909090909091,10,10,ATTAGACGGCGGCATCGGTT,0,2344344
mglBp,0.09090909090909091,10,10,ATTAACCCTGGGCTACCATA,0,2348452
mglBp,0.09090909090909091,10,10,ATTAAAACTACTAACACTGT,0,2394655
mglBp,0.09090909090909091,10,10,ATGTGAACCAATAGTACTGA,0,2320093
mglBp,0.09090909090909091,10,10,ATGGTAGAGTGGGCACTGAA,0,2354721
mglBp,0.09090909090909091,10,10,ATGGTACCCTTGTTATACTT,0,2406085
mglBp,0.09090909090909091,10,10,ATGGATGCAGCGTACGTGGA,0,2400301
mglBp,0.09090909090909091,10,10,ATGCTACAGGGACGAAGATA,0,2335662
mglBp,0.09090909090909091,10,10,ATGCCACGGTTCGAAGGAAC,0,2333379
mglBp,0.09090909090909091,10,10,ATGCATTGAAGAGAGTAGAC,0,2393604
mglBp,0.09090909090909091,10,10,ATGCAGCGGTCGTTCTATTG,0,2392244
mglBp,0.09090909090909091,10,10,ATGCACCGTTTCCCTTATTA,0,2360833
mglBp,0.09090909090909091,10,10,ATGATTTGAGTTAATAGCAT,0,2381567
mglBp,0.09090909090909091,10,10,ATGATTAGCTAAGTGGAATC,0,2399685
mglBp,0.09090909090909091,10,10,ATGACCATAGCGATACATGG,0,2417364
mglBp,0.09090909090909091,10,10,ATGACACCACAGCTCTGTTT,0,2339012
mglBp,0.09090909090909091,10,10,ATCTTATGACCCGTGTAGCA,0,2368750
mglBp,0.09090909090909091,10,10,ATCTGTGGGAGGGGATTTTT,0,2356329
mglBp,0.09090909090909091,10,10,ATCTGAATACGCGGAGGGCG,0,2420674
mglBp,0.09090909090909091,10,10,ATCTCGCGATCTGAGACCGG,0,2325800
mglBp,0.09090909090909091,10,10,ATCTCCTACGTACCGTGACT,0,2377860
mglBp,0.09090909090909091,10,10,ATCTCAGAGCAGTACCGGAG,0,2370481
mglBp,0.09090909090909091,10,10,ATCTACTCCTCTATAATCTA,0,2363111
mglBp,0.09090909090909091,10,10,ATCGGGGAGCGAGCCATTTT,0,2403600
mglBp,0.09090909090909091,10,10,ATCGACTTCGCAGTATCAAC,0,2368744
mglBp,0.09090909090909091,10,10,ATCGACGGTACATCCCACGT,0,2334207
mglBp,0.09090909090909091,10,10,ATCCTGACGCGGTGTGAAAT,0,2414526
mglBp,0.09090909090909091,10,10,ATCCTCAGGTATGAGAGTAC,0,2374892
mglBp,0.09090909090909091,10,10,ATCCTAACGGGACCTCCACT,0,2336850
mglBp,0.09090909090909091,10,10,ATCCGCACGTATCCCATTCC,0,2394852
mglBp,0.09090909090909091,10,10,ATCCCGGCGCAGCATGACGC,0,2358585
mglBp,0.09090909090909091,10,10,ATCCAGGAGGACGCCACTAC,0,2381858
mglBp,0.09090909090909091,10,10,ATCAATAATTATCAGTAATA,0,2316422
mglBp,0.09090909090909091,10,10,ATCAAACCTGCAATGTTGGA,0,2374444
mglBp,0.09090909090909091,10,10,ATATTGCGAAGTGGGTACAA,0,2345741
mglBp,0.09090909090909091,10,10,ATATTCAACAGCTTAGGGCT,0,2349461
mglBp,0.09090909090909091,10,10,ATATGGCGTAGCGGGATCAT,0,2352070
mglBp,0.09090909090909091,10,10,ATATCGTGGTTCGGCGAAGA,0,2363767
mglBp,0.09090909090909091,10,10,ATATATTCCTTTTACCGAAA,0,2332863
mglBp,0.09090909090909091,10,10,ATAGGGTTTAAGCATCACTC,0,2409826
mglBp,0.09090909090909091,10,10,ATAGAATTACAGGGGAACAT,0,2414468
mglBp,0.09090909090909091,10,10,ATACGTCGAGAGCACTACAA,0,2386309
mglBp,0.09090909090909091,10,10,ATACGACCGCTAGAATCAAG,0,2381087
mglBp,0.09090909090909091,10,10,ATACATGCAACTCGTTCTGA,0,2378730
mglBp,0.09090909090909091,10,10,ATACAGGGTTTAAAAGTCCC,0,2369087
mglBp,0.09090909090909091,10,10,ATACAGATAATATTCATGGC,0,2350578
mglBp,0.09090909090909091,10,10,ATACAAGGGAAGTGCTGCCC,0,2409371
mglBp,0.09090909090909091,10,10,ATAATCCAGTCTCATCCGAC,0,2389644
mglBp,0.09090909090909091,10,10,ATAAACGTATACAAGCCTAT,0,2373227
mglBp,0.09090909090909091,10,10,AGTTCTAACTGACTACGCGC,0,2410463
mglBp,0.09090909090909091,10,10,AGTTCGTCTGGGCGGCACAT,0,2318734
mglBp,0.09090909090909091,10,10,AGTTCGCAATGACTATAGGT,0,2371425
mglBp,0.09090909090909091,10,10,AGTGTGGGTTGCAAATGTTG,0,2402481
mglBp,0.09090909090909091,10,10,AGTGGTTTGTTTTTTGCAAG,0,2408821
mglBp,0.09090909090909091,10,10,AGTGGTTCCCTCGAGACTGG,0,2327356
mglBp,0.09090909090909091,10,10,AGTCTCGCAGAATAATAAAC,0,2406843
mglBp,0.09090909090909091,10,10,AGTCTCCGACTTTTTTGTCC,0,2353933
mglBp,0.09090909090909091,10,10,AGTCTATCTTAGCAGCCATA,0,2337041
mglBp,0.09090909090909091,10,10,AGTCTAACGGGAAGTGACTT,0,2419614
mglBp,0.09090909090909091,10,10,AGTCCTTGCCTCGAGTTGAG,0,2349857
mglBp,0.09090909090909091,10,10,AGTCCTGTGGACTTGGTTAT,0,2421341
mglBp,0.09090909090909091,10,10,AGTCCGCTTTTGCTTCAAGG,0,2422666
mglBp,0.09090909090909091,10,10,AGTCCGCACCGTCGGTCAAC,0,2349458
mglBp,0.09090909090909091,10,10,AGTCAATTGAGGCGTGTCTT,0,2392583
mglBp,0.09090909090909091,10,10,AGTATTGCTCGGGCGAACAT,0,2323127
mglBp,0.09090909090909091,10,10,AGTATGGTGCGTCGTGAAGA,0,2379385
mglBp,0.09090909090909091,10,10,AGTATGCAAAACATGTCTAA,0,2391438
mglBp,0.09090909090909091,10,10,AGTAGGTAGGGCCGCGGGAG,0,2361346
mglBp,0.09090909090909091,10,10,AGTAGCTGACACAGTACGTC,0,2321360
mglBp,0.09090909090909091,10,10,AGTACTCGTTTGTTACAAGA,0,2415933
mglBp,0.09090909090909091,10,10,AGGTTTAAACGGATCGTAGG,0,2349500
mglBp,0.09090909090909091,10,10,AGGTGCTCGGGAGTCGAGTT,0,2323887
mglBp,0.09090909090909091,10,10,AGGTGCTAGCAGCGTCTGAG,0,2414421
mglBp,0.09090909090909091,10,10,AGGTCACACCGCGTAAGGAC,0,2379282
mglBp,0.09090909090909091,10,10,AGGGTTATTGTTCTTCTCTC,0,2345204
mglBp,0.09090909090909091,10,10,AGGGGTATATAATAGTGTTA,0,2418559
mglBp,0.09090909090909091,10,10,AGGGCTTCCCTTCTTTTGAC,0,2412289
mglBp,0.09090909090909091,10,10,AGGGCGGCAGATATGGGCAG,0,2401664
mglBp,0.09090909090909091,10,10,AGGGATGGTCCCCACCACGC,0,2403389
mglBp,0.09090909090909091,10,10,AGGGAAAGTGGGGGCTTGAA,0,2331433
mglBp,0.09090909090909091,10,10,AGGCGGTATCAACATTGGCG,0,2349710
mglBp,0.09090909090909091,10,10,AGGCGAGTAGCGTAAACAAC,0,2337338
mglBp,0.09090909090909091,10,10,AGGCACTGGCTGATAATCAG,0,2320523
mglBp,0.09090909090909091,10,10,AGGATCGAGGGTTCCTAGCT,0,2342308
mglBp,0.09090909090909091,10,10,AGGACGCAACCTTAGACATT,0,2379295
mglBp,0.09090909090909091,10,10,AGGACCTATTCAGAAAGCCT,0,2329317
mglBp,0.09090909090909091,10,10,AGGACCCTTTCGGACGATCA,0,2375725
mglBp,0.09090909090909091,10,10,AGGACATAGAGCACCAGAAT,0,2389729
mglBp,0.09090909090909091,10,10,AGGAAGAAGATGCCACCTGA,0,2364744
mglBp,0.09090909090909091,10,10,AGCTTACTGTGGTAAACACT,0,2411360
mglBp,0.09090909090909091,10,10,AGCTGGTTCAAGGCGTGAGT,0,2375320
mglBp,0.09090909090909091,10,10,AGCTCTTGCTTGAATAGCAG,0,2368749
mglBp,0.09090909090909091,10,10,AGCTCTGGGGTCTTGCACAA,0,2340629
mglBp,0.09090909090909091,10,10,AGCTCGGGTTAACTGCAACC,0,2420680
mglBp,0.09090909090909091,10,10,AGCTCGGATTACGCTAGGCC,0,2372020
mglBp,0.09090909090909091,10,10,AGCGGGTGTACCCGCTGTCC,0,2386849
mglBp,0.09090909090909091,10,10,AGCGGGTCTCTCTTGAGTAA,0,2339080
mglBp,0.09090909090909091,10,10,AGCGACTCCAAGCATCGGGT,0,2420603
mglBp,0.09090909090909091,10,10,AGCCTACACTCTCTATACGC,0,2403646
mglBp,0.09090909090909091,10,10,AGCCGCTTCCGACGTGGAGT,0,2372865
mglBp,0.09090909090909091,10,10,AGCCCCTATTAACTGGAAGT,0,2392235
mglBp,0.09090909090909091,10,10,AGCCACGTTCAGGTGATACC,0,2375325
mglBp,0.09090909090909091,10,10,AGCCACACAATATGACGGAG,0,2326736
mglBp,0.09090909090909091,10,10,AGCATGCACGGTCCGTCTCG,0,2349996
mglBp,0.09090909090909091,10,10,AGCATCGTGCTTCGGCTTCA,0,2412009
mglBp,0.09090909090909091,10,10,AGCAGCAGTGTGTAACTGTC,0,2371017
mglBp,0.09090909090909091,10,10,AGCAGAATACCATGGAAAGT,0,2383868
mglBp,0.09090909090909091,10,10,AGCAGAAGAACTAAAGTGGA,0,2388300
mglBp,0.09090909090909091,10,10,AGCAAGTGCCTAGCGTGAGC,0,2395050
mglBp,0.09090909090909091,10,10,AGATAGCTACCAGGCCCCAA,0,2362768
mglBp,0.09090909090909091,10,10,AGAGGAAATATAAAAGCGAA,0,2335610
mglBp,0.09090909090909091,10,10,AGAGCGACATATACTGAAAC,0,2369447
mglBp,0.09090909090909091,10,10,AGAGCCGCGAGGACTGCTCA,0,2414590
mglBp,0.09090909090909091,10,10,AGAGCATCTTGGATGCGGGT,0,2330748
mglBp,0.09090909090909091,10,10,AGAGATACCTGATTCTCTGT,0,2362348
mglBp,0.09090909090909091,10,10,AGAGACTAACGGAGTCTACA,0,2407177
mglBp,0.09090909090909091,10,10,AGAGAATAAACCTCATTCAC,0,2359551
mglBp,0.09090909090909091,10,10,AGACTTTGTAAGGAGCGGTG,0,2325814
mglBp,0.09090909090909091,10,10,AGACGAGATGTACCTCAAGC,0,2416280
mglBp,0.09090909090909091,10,10,AGACGACCCACTTCGTTTGA,0,2352413
mglBp,0.09090909090909091,10,10,AGACCACCCAAGAGTGAATT,0,2374869
mglBp,0.09090909090909091,10,10,AGACAATGTAACAGCTTGTT,0,2367544
mglBp,0.09090909090909091,10,10,AGAATGTTGAACGTTGTCTA,0,2346821
mglBp,0.09090909090909091,10,10,AGAATCTGCTCAATTCAGGT,0,2349970
mglBp,0.09090909090909091,10,10,ACTTTTATTGGGGCACGCCT,0,2358958
mglBp,0.09090909090909091,10,10,ACTTTAGTCTTCAGGTTGGG,0,2317038
mglBp,0.09090909090909091,10,10,ACTTCTCGTGTGGATCCAGT,0,2391846
mglBp,0.09090909090909091,10,10,ACTTCGAGTCGGCGGCGTCG,0,2374326
mglBp,0.09090909090909091,10,10,ACTTCCGAGCCTTTCCGGTT,0,2413528
mglBp,0.09090909090909091,10,10,ACTTACTAGCCATCCTGAAG,0,2423001
mglBp,0.09090909090909091,10,10,ACTGGCGGCATCATAATGCA,0,2380606
mglBp,0.09090909090909091,10,10,ACTGGCCCGGTGGGTCTCTT,0,2351248
mglBp,0.09090909090909091,10,10,ACTGGCACTGCTATGCGTAT,0,2339111
mglBp,0.09090909090909091,10,10,ACTGACGCAGCGAGTATAGT,0,2324051
mglBp,0.09090909090909091,10,10,ACTCTGGGGGAGAGAATGAC,0,2379592
mglBp,0.09090909090909091,10,10,ACTCGGGTCTCAAGAGGATA,0,2406948
mglBp,0.09090909090909091,10,10,ACTCGCAATAAGCCCCATGC,0,2414166
mglBp,0.09090909090909091,10,10,ACTCCTTCGTCTACGAGGGA,0,2355913
mglBp,0.09090909090909091,10,10,ACTCCCGGATTTGGTCGTCG,0,2349147
mglBp,0.09090909090909091,10,10,ACTACAAATTCATTCGGTGC,0,2361905
mglBp,0.09090909090909091,10,10,ACTACAAAGGACATGCCGGT,0,2351738
mglBp,0.09090909090909091,10,10,ACTAAAAGTGGGCCGGGATC,0,2421678
mglBp,0.09090909090909091,10,10,ACGTTGCAATAGCTGGGACC,0,2340398
mglBp,0.09090909090909091,10,10,ACGTGGGAAGAGCCGCTGAT,0,2404793
mglBp,0.09090909090909091,10,10,ACGTGCGGGCAACGGCTATA,0,2397929
mglBp,0.09090909090909091,10,10,ACGTCAAGGCTCTTCATGAG,0,2391878
mglBp,0.09090909090909091,10,10,ACGTAGTCTAGACCTATCAC,0,2361294
mglBp,0.09090909090909091,10,10,ACGCGTCTAACCTTCGATCA,0,2327607
mglBp,0.09090909090909091,10,10,ACGCGTAGGGGCATCTCAAA,0,2323180
mglBp,0.09090909090909091,10,10,ACGCCCTCCCTTGAGGAGCA,0,2386572
mglBp,0.09090909090909091,10,10,ACGCACGATCGTGCAGAATC,0,2351600
mglBp,0.09090909090909091,10,10,ACGATTGTGTGGACACCACT,0,2371928
mglBp,0.09090909090909091,10,10,ACGAGCCAATAACATTACGG,0,2361069
mglBp,0.09090909090909091,10,10,ACGAGATTCCGGCTGGCGCA,0,2382717
mglBp,0.09090909090909091,10,10,ACGACGACACAATAACTTCT,0,2395770
mglBp,0.09090909090909091,10,10,ACGACATTAATCCGTCTTGG,0,2417227
mglBp,0.09090909090909091,10,10,ACCTTTTATTTGGTGGTCTC,0,2392392
mglBp,0.09090909090909091,10,10,ACCTGGCTTTTATGGTCGCC,0,2319375
mglBp,0.09090909090909091,10,10,ACCTAGCGACGTTCCATTAT,0,2320884
mglBp,0.09090909090909091,10,10,ACCGTGGAAGAAACGTACAG,0,2337403
mglBp,0.09090909090909091,10,10,ACCGGGTCAAAAGCGATATC,0,2371294
mglBp,0.09090909090909091,10,10,ACCGACTCCCAGGCTAATAG,0,2409945
mglBp,0.09090909090909091,10,10,ACCCGTCACACCTGTTCAAT,0,2339991
mglBp,0.09090909090909091,10,10,ACCCGGGAATGCGTTGAACA,0,2323038
mglBp,0.09090909090909091,10,10,ACCCGCGATCTAGTGAATCG,0,2339637
mglBp,0.09090909090909091,10,10,ACCCGATAGCATAATTCATA,0,2329775
mglBp,0.09090909090909091,10,10,ACCCCTTACCGAGGTCGGCT,0,2333177
mglBp,0.09090909090909091,10,10,ACCCCCATGGTCCTACTTTG,0,2422654
mglBp,0.09090909090909091,10,10,ACCCCATCCTACATCCCTGA,0,2395992
mglBp,0.09090909090909091,10,10,ACCCATCGCATCCCTAGTTT,0,2355217
mglBp,0.09090909090909091,10,10,ACCATATTCTTAGCATTGGA,0,2316555
mglBp,0.09090909090909091,10,10,ACCAGCACACAAGCGATTAC,0,2404681
mglBp,0.09090909090909091,10,10,ACATCCATCGAAAGACAAGG,0,2330009
mglBp,0.09090909090909091,10,10,ACATCAATTCGAAGTAAAGA,0,2391402
mglBp,0.09090909090909091,10,10,ACATATTATAAAAGCGATTC,0,2366145
mglBp,0.09090909090909091,10,10,ACATATGCAACGACAGAAGG,0,2352018
mglBp,0.09090909090909091,10,10,ACATACACAGTGAGAGAGCA,0,2412350
mglBp,0.09090909090909091,10,10,ACAGGGATAAACCTACGCAT,0,2326121
mglBp,0.09090909090909091,10,10,ACAGGCTGCGGCTAATGTAG,0,2345943
mglBp,0.09090909090909091,10,10,ACAGACATGGCGCCCCGGTC,0,2363539
mglBp,0.09090909090909091,10,10,ACACGTGAACCCGCGGTAAT,0,2351458
mglBp,0.09090909090909091,10,10,ACACCGCCGTGGCAATCAAG,0,2395025
mglBp,0.09090909090909091,10,10,ACACCGATTCCATTTGCTTG,0,2373316
mglBp,0.09090909090909091,10,10,ACACCCCAAGCCGTTCACTA,0,2387752
mglBp,0.09090909090909091,10,10,ACACATCTGTGCCCAATCAT,0,2370655
mglBp,0.09090909090909091,10,10,ACACAGTCTCTAGAGTGACT,0,2357573
mglBp,0.09090909090909091,10,10,ACACACGGTCCATTGCCGTG,0,2361052
mglBp,0.09090909090909091,10,10,ACAATTCCCAGCATCAGTTA,0,2325774
mglBp,0.09090909090909091,10,10,ACAAGCGTTTGTCTTAGGCG,0,2358370
mglBp,0.09090909090909091,10,10,ACAAATAGATACGTGTGTTA,0,2320740
mglBp,0.09090909090909091,10,10,ACAAAAAAACGCCGTTTAGG,0,2359587
mglBp,0.09090909090909091,10,10,AATTTGTTGTTCAAATTTAC,0,2372567
mglBp,0.09090909090909091,10,10,AATTGGTTTTCCACAGTCCC,0,2391239
mglBp,0.09090909090909091,10,10,AATGGGACGCAATGATGAAC,0,2326652
mglBp,0.09090909090909091,10,10,AATGGCAAAAGGGTGTACTT,0,2325801
mglBp,0.09090909090909091,10,10,AATGACGAGAATCTTACGTC,0,2364881
mglBp,0.09090909090909091,10,10,AATCCCTACGGTTCTGGAAG,0,2402938
mglBp,0.09090909090909091,10,10,AATCATAGAGTTGAACGAGA,0,2405110
mglBp,0.09090909090909091,10,10,AATCACTTCACAGCTTACCA,0,2339763
mglBp,0.09090909090909091,10,10,AATATCTTGTTACGGACAAG,0,2392092
mglBp,0.09090909090909091,10,10,AAGTGGAGCACACGCCCTTG,0,2415593
mglBp,0.09090909090909091,10,10,AAGTGCTGGTCTCCACGGAG,0,2340515
mglBp,0.09090909090909091,10,10,AAGTGCACCTGTGGATACGG,0,2346669
mglBp,0.09090909090909091,10,10,AAGTGATACCCTCCAACTTC,0,2371365
mglBp,0.09090909090909091,10,10,AAGTGAATATAGCCCGTTCG,0,2359942
mglBp,0.09090909090909091,10,10,AAGTCGTTCGTTGAGGTCGG,0,2348861
mglBp,0.09090909090909091,10,10,AAGTCACAAAAGGTGAATAA,0,2387970
mglBp,0.09090909090909091,10,10,AAGGTTGCTTCAGGAACCTC,0,2354047
mglBp,0.09090909090909091,10,10,AAGGCGGAGATCGGAAATAA,0,2339175
mglBp,0.09090909090909091,10,10,AAGGCAATCAGTGGAAATGA,0,2354697
mglBp,0.09090909090909091,10,10,AAGGAGTAGCAAATGACACT,0,2399131
mglBp,0.09090909090909091,10,10,AAGGAAGCAGCCCTAGTCCC,0,2330213
mglBp,0.09090909090909091,10,10,AAGCGTCTGTTCGAAGGTAC,0,2362453
mglBp,0.09090909090909091,10,10,AAGATTCCGGGTATTCGTAC,0,2361457
mglBp,0.09090909090909091,10,10,AAGATGAGGGTACGTGTGGC,0,2392812
mglBp,0.09090909090909091,10,10,AAGATCGAATTAATCCATGT,0,2368657
mglBp,0.09090909090909091,10,10,AAGATATAGTCTCCGTAGTA,0,2406414
mglBp,0.09090909090909091,10,10,AAGAGGACTAGATTGTCTGT,0,2349620
mglBp,0.09090909090909091,10,10,AAGACACGGGTTTCGCAAAT,0,2354531
mglBp,0.09090909090909091,10,10,AACTTGCAGTGACAGTGGGC,0,2423489
mglBp,0.09090909090909091,10,10,AACTGACACACAGACGGGCA,0,2344838
mglBp,0.09090909090909091,10,10,AACTCTCGAACCGACGGTAC,0,2370985
mglBp,0.09090909090909091,10,10,AACTATAAAGTTCGTGCGCA,0,2382683
mglBp,0.09090909090909091,10,10,AACGTACGGGTCTCCGTCAC,0,2359268
mglBp,0.09090909090909091,10,10,AACGGGTTGTAGAAGCCAGG,0,2373620
mglBp,0.09090909090909091,10,10,AACGGGTATCTCTGGGTTTG,0,2422344
mglBp,0.09090909090909091,10,10,AACGGCGGTCACTCCTGCCA,0,2384576
mglBp,0.09090909090909091,10,10,AACGGAGAGGAGGTGGCCGA,0,2358701
mglBp,0.09090909090909091,10,10,AACGCCACGGCGGGCTAGCT,0,2375288
mglBp,0.09090909090909091,10,10,AACGATCATATCATGGTACA,0,2423134
mglBp,0.09090909090909091,10,10,AACCTGGATCGTACAGCACA,0,2376424
mglBp,0.09090909090909091,10,10,AACCTCTAAAAAGTCGTTAA,0,2411116
mglBp,0.09090909090909091,10,10,AACCCGTGCGTCAAGGGGTA,0,2353920
mglBp,0.09090909090909091,10,10,AACCCCGCATTATTGGTTGA,0,2333662
mglBp,0.09090909090909091,10,10,AACCATTGAGTTACGAGCTA,0,2371697
mglBp,0.09090909090909091,10,10,AACATTGGTCAGCTGAACAT,0,2325331
mglBp,0.09090909090909091,10,10,AACATTGATTGCTTTCGGCG,0,2385376
mglBp,0.09090909090909091,10,10,AACAGCCCTGCTGCGCGCAG,0,2355378
mglBp,0.09090909090909091,10,10,AACACTACTACAATCACCGG,0,2358163
mglBp,0.09090909090909091,10,10,AACAAGAGAAGCCCGCATCA,0,2354441
mglBp,0.09090909090909091,10,10,AACAACGAGTTGGTTCTCTA,0,2336853
mglBp,0.09090909090909091,10,10,AAATTTGATCATCGGCCGGG,0,2364715
mglBp,0.09090909090909091,10,10,AAATGGACTATGTGGGGGCT,0,2401026
mglBp,0.09090909090909091,10,10,AAATCAGTTGTAGTCACTAA,0,2360114
mglBp,0.09090909090909091,10,10,AAATAGTGAAGCCGTGCTAT,0,2382086
mglBp,0.09090909090909091,10,10,AAATAGCTCAGTGACTGCAG,0,2337385
mglBp,0.09090909090909091,10,10,AAATACCTAAAAAAGATCCT,0,2346537
mglBp,0.09090909090909091,10,10,AAATAATCGAAGGCACTTGC,0,2382890
mglBp,0.09090909090909091,10,10,AAACTCCTCAACCCAACAGA,0,2326735
mglBp,0.09090909090909091,10,10,AAACCTTAGTTGAAACATCA,0,2413761
mglBp,0.09090909090909091,10,10,AAACATATTATGCAGTTAGA,0,2335387
mglBp,0.09090909090909091,10,10,AAAATCTGGAAGCGCCGGCA,0,2376428
mglBp,0.09090909090909091,10,10,AAAATCTCGGTGCGCACGCA,0,2339667
mglBp,0.09090909090909091,10,10,AAAATCGAATGCTCGCCATT,0,2344488
mglBp,0.09090909090909091,10,10,AAAAGATTAGTAGGCTAGGA,0,2382546
mglBp,0.09090909090909091,10,10,AAAACCCTCCTAGTTTTTGT,0,2321180
mglBp,0.1,9,9,TTTTTTGCCATGTATTTCCA,0,2346494
mglBp,0.1,9,9,TTTTTATGCTAGCCTAGAAG,0,2331810
mglBp,0.1,9,9,TTTTGTTCGATTCGTAAGTA,0,2316976
mglBp,0.1,9,9,TTTTGTGACCTGCTGTACCT,0,2348531
mglBp,0.1,9,9,TTTTCTGGTAAGACGTTAAA,0,2369060
mglBp,0.1,9,9,TTTTCTCGAATACCGCGATC,0,2323634
mglBp,0.1,9,9,TTTTCAGTCAGTGACACAAC,0,2326683
mglBp,0.1,9,9,TTTTATTTTGCTTAAGGGAA,0,2341333
mglBp,0.1,9,9,TTTTATACCGAGTGTGCGCG,0,2394931
mglBp,0.1,9,9,TTTTACCCCATGCATTTTGG,0,2340529
mglBp,0.1,9,9,TTTGTGTCAACTGATGACGG,0,2354977
mglBp,0.1,9,9,TTTGTCGCATTTGCGCCGAC,0,2382748
mglBp,0.1,9,9,TTTGTAACCAGGACTGATTC,0,2355085
mglBp,0.1,9,9,TTTGGTACCCCCACGGGACC,0,2321146
mglBp,0.1,9,9,TTTGGCTTGAGTAACCGGAC,0,2353293
mglBp,0.1,9,9,TTTGCCGGTCGAGTTGCCGC,0,2388920
mglBp,0.1,9,9,TTTGAAGTCAGATCTAGCAA,0,2355642
mglBp,0.1,9,9,TTTCTCGTGCGGCTTCATGA,0,2352321
mglBp,0.1,9,9,TTTCTCACTTGGTTTTAGAG,0,2343760
mglBp,0.1,9,9,TTTCGGTACAGGTGACCTTC,0,2324920
mglBp,0.1,9,9,TTTCCGTTACCCGTTGAGTA,0,2328933
mglBp,0.1,9,9,TTTCCCGATAGCTCCGACGG,0,2323309
mglBp,0.1,9,9,TTTCAGCACACATACTAAGA,0,2410465
mglBp,0.1,9,9,TTTCAAGATATGTAGGTCAA,0,2400627
mglBp,0.1,9,9,TTTAGTCCGATATGATTACT,0,2384578
mglBp,0.1,9,9,TTTAGCAGGGACAATGTTAT,0,2409320
mglBp,0.1,9,9,TTTACCGATACCAGAAGTCT,0,2325553
mglBp,0.1,9,9,TTTACCAGATTTGGATGTGT,0,2360580
mglBp,0.1,9,9,TTGTTTGGCCCTTGCTGTCA,0,2388683
mglBp,0.1,9,9,TTGGTTGTCCTACTTACCTG,0,2409020
mglBp,0.1,9,9,TTGGTGTCCTTTTAGCCGGG,0,2355196
mglBp,0.1,9,9,TTGGGTTTCGCCTGAACTCT,0,2369020
mglBp,0.1,9,9,TTGGGTGTAAGAGGCACGAC,0,2402014
mglBp,0.1,9,9,TTGGATCAAGCTGGTAGGAA,0,2346019
mglBp,0.1,9,9,TTGGAGGTTTTAACGGACTT,0,2386521
mglBp,0.1,9,9,TTGGAGGGGGTCCCTCTGTA,0,2395946
mglBp,0.1,9,9,TTGCGTTGTGAATCTTGGTG,0,2342329
mglBp,0.1,9,9,TTGCGGATTCGCCCAGTGCG,0,2422948
mglBp,0.1,9,9,TTGCCCAGCACCATTGCAAG,0,2405420
mglBp,0.1,9,9,TTGCAGCCAGGGGGGCGAGG,0,2362039
mglBp,0.1,9,9,TTGCAATTCTAAATAAACAT,0,2381103
mglBp,0.1,9,9,TTGATGCTGTAATTAGATTG,0,2370969
mglBp,0.1,9,9,TTGAGATCCAAGGCCGGATA,0,2422652
mglBp,0.1,9,9,TTGAGACTCTGGTCAAGTAA,0,2394428
mglBp,0.1,9,9,TTGACGTTCGACCGTAAGCC,0,2329238
mglBp,0.1,9,9,TTGAACCCCCTAGAGGCCTT,0,2390409
mglBp,0.1,9,9,TTGAAAGGACGACCTGGTGA,0,2352180
mglBp,0.1,9,9,TTCTTAGGGTCACCAGGAGG,0,2387556
mglBp,0.1,9,9,TTCTTAGCTTCATTTACTTG,0,2340406
mglBp,0.1,9,9,TTCGTTAACATGTGAAAACA,0,2403859
mglBp,0.1,9,9,TTCGGATATTGAATTTCCCT,0,2375241
mglBp,0.1,9,9,TTCGAACCCAATAGTCCGCC,0,2325631
mglBp,0.1,9,9,TTCCTATGTCGGTTGTACCG,0,2366030
mglBp,0.1,9,9,TTCCGTTGCTAATTGATTTG,0,2340113
mglBp,0.1,9,9,TTCCGCCGTAGTGTCAACCA,0,2357097
mglBp,0.1,9,9,TTCCGATGTTCGACTTAGAA,0,2343100
mglBp,0.1,9,9,TTCCCGTGCGGATGTCCCTT,0,2357802
mglBp,0.1,9,9,TTCAGCTCCTGTTTTCCAGT,0,2367273
mglBp,0.1,9,9,TTCAGCGTGTCAGCCTTCCC,0,2405799
mglBp,0.1,9,9,TTCACGGATTAAAGTATCTG,0,2377329
mglBp,0.1,9,9,TTATTCTCAAGGTCAGGACA,0,2405213
mglBp,0.1,9,9,TTATTCAAATGAGTGACTCT,0,2409622
mglBp,0.1,9,9,TTATGGTGCTGGAATACGCA,0,2321935
mglBp,0.1,9,9,TTATCCCGTGACTGATAATT,0,2389605
mglBp,0.1,9,9,TTATATTACACAGGCGCTTG,0,2388459
mglBp,0.1,9,9,TTAGGTCCTGTCCCTTCTTG,0,2351186
mglBp,0.1,9,9,TTAGGTAACCGAATCTTAGG,0,2375939
mglBp,0.1,9,9,TTAGGAACTTAGCCCATAGA,0,2390402
mglBp,0.1,9,9,TTACGTGTAGGCCCTAAAGA,0,2391816
mglBp,0.1,9,9,TTACGGGTGGCATGTGCCTC,0,2320747
mglBp,0.1,9,9,TTACGGGTCCCCCCCGAATT,0,2388309
mglBp,0.1,9,9,TTACGAGGAGTATACCGTGT,0,2399818
mglBp,0.1,9,9,TTACCCAGTTGTCCAATAAT,0,2355315
mglBp,0.1,9,9,TTACAAGTCATATATATGAA,0,2399242
mglBp,0.1,9,9,TTAAGAGCATCTGATGTGTC,0,2421353
mglBp,0.1,9,9,TTAACGGTTATGGCACAGTA,0,2332502
mglBp,0.1,9,9,TTAACCTTGATCTGGTTCCC,0,2354918
mglBp,0.1,9,9,TTAAAGGGCACTTCGTTCAG,0,2318353
mglBp,0.1,9,9,TGTTTGGTGAGCATATGGGG,0,2332108
mglBp,0.1,9,9,TGTTTGGCCTTAGGGCTACG,0,2379255
mglBp,0.1,9,9,TGTTTACCGCTTTATCGAAT,0,2363815
mglBp,0.1,9,9,TGTTGGTGCTCGTTAAAATA,0,2356301
mglBp,0.1,9,9,TGTTCGGCCACTATTACATA,0,2415529
mglBp,0.1,9,9,TGTTCCTTTCACAAAAGACA,0,2372243
mglBp,0.1,9,9,TGTTCCCCGTTGGGCGTCCT,0,2326103
mglBp,0.1,9,9,TGTTCCCATCTAAATCCGAC,0,2399215
mglBp,0.1,9,9,TGTTACGTTAGTTAAAACAC,0,2344477
mglBp,0.1,9,9,TGTTACACGTTATTTAATGT,0,2369253
mglBp,0.1,9,9,TGTGGCCACCTTGGTATACC,0,2377910
mglBp,0.1,9,9,TGTGATTGGAGATCCTCCAA,0,2399258
mglBp,0.1,9,9,TGTCGCTAGGGTGAGCCTCA,0,2361698
mglBp,0.1,9,9,TGTCGCCAGCGCGATTCAAA,0,2366994
mglBp,0.1,9,9,TGTCGAGTAATCGCTTGGCT,0,2332082
mglBp,0.1,9,9,TGTATACGAAGGCTTGCAGT,0,2355185
mglBp,0.1,9,9,TGTAGTATTTTCGGGTGAGA,0,2403970
mglBp,0.1,9,9,TGGTTTGCTGTGCCTTTTCA,0,2398905
mglBp,0.1,9,9,TGGTTTCGGAGTTCTTGAGT,0,2367871
mglBp,0.1,9,9,TGGTTCGCCCAATAAGATGG,0,2368790
mglBp,0.1,9,9,TGGGTGTCGATTACCCCTGT,0,2388229
mglBp,0.1,9,9,TGGGTATAAAAGTCGGGTCT,0,2325431
mglBp,0.1,9,9,TGGGGTACACGTCTAAGCCT,0,2401341
mglBp,0.1,9,9,TGGGGGGGAAAGAGCGGGAT,0,2323738
mglBp,0.1,9,9,TGGGACCAGTCGAAGGTACC,0,2391324
mglBp,0.1,9,9,TGGCTTGGCCAACATATCTC,0,2363419
mglBp,0.1,9,9,TGGCTAGTTTAGTAGGGCAG,0,2347035
mglBp,0.1,9,9,TGGCTAGAAGTAGGTTTAAT,0,2319380
mglBp,0.1,9,9,TGGCGTAGAGTACAATGCTT,0,2329333
mglBp,0.1,9,9,TGGCCGTGCCGGCTTCCGAT,0,2340495
mglBp,0.1,9,9,TGGCCACCAGTGTGTGACGT,0,2360768
mglBp,0.1,9,9,TGGCATTGCCTCCGCGACTC,0,2319686
mglBp,0.1,9,9,TGGCACCATTACAAAGGTTT,0,2369443
mglBp,0.1,9,9,TGGATGCGGGTAGCGGAGTA,0,2350014
mglBp,0.1,9,9,TGGATATGAATGTGGTGCGA,0,2322499
mglBp,0.1,9,9,TGGAGCTATTCCAATACGGG,0,2420023
mglBp,0.1,9,9,TGGAATGCATTCAGATACCT,0,2332789
mglBp,0.1,9,9,TGGAATCTTCCCTGTCTAGG,0,2322630
mglBp,0.1,9,9,TGCTTGACCTCTGCTTTCGA,0,2355791
mglBp,0.1,9,9,TGCTTCCATGGGCTACGATT,0,2321166
mglBp,0.1,9,9,TGCTGTTGGTGGTGCTCCAG,0,2404102
mglBp,0.1,9,9,TGCTGTTCCTATATAGCCGT,0,2377534
mglBp,0.1,9,9,TGCTCTGAAGAAGATTCTCC,0,2385302
mglBp,0.1,9,9,TGCTCCCGGCTATCATTTTG,0,2334594
mglBp,0.1,9,9,TGCGCACTAAATCTGCTTCG,0,2399766
mglBp,0.1,9,9,TGCGAGCAAGCGCTGTACAC,0,2349810
mglBp,0.1,9,9,TGCCGCTGCTAGTTGACATC,0,2316865
mglBp,0.1,9,9,TGCCAGCGAGGAGTGGGTAT,0,2325581
mglBp,0.1,9,9,TGCAGCTGAGCGAAGCAGTG,0,2375755
mglBp,0.1,9,9,TGCAGCACCCCAGGGCTTTA,0,2408432
mglBp,0.1,9,9,TGCACTATAGGGAGGACCTC,0,2379487
mglBp,0.1,9,9,TGATTGCCCCCGCTAAAACC,0,2351179
mglBp,0.1,9,9,TGATGCCGATCCGCAACTTG,0,2364262
mglBp,0.1,9,9,TGATCGAGGAAGTGCGCAAT,0,2416258
mglBp,0.1,9,9,TGATCAAATCGTGACCGAAA,0,2358483
mglBp,0.1,9,9,TGATACCTCGTTTCATATCC,0,2378513
mglBp,0.1,9,9,TGAGTAGCATACCCAGGCTC,0,2332349
mglBp,0.1,9,9,TGAGAGCGGGTTTTCGTTAT,0,2360408
mglBp,0.1,9,9,TGACTTAACCGTCCTAACCT,0,2382724
mglBp,0.1,9,9,TGACGCTGGAACGCATCAGC,0,2376439
mglBp,0.1,9,9,TGACCCGAGTTCTTGCAAGC,0,2389040
mglBp,0.1,9,9,TGACCCCCGACTGTCGCACT,0,2371864
mglBp,0.1,9,9,TGACAGTGATATGGTACACT,0,2317497
mglBp,0.1,9,9,TGACAATCAAACTCCAGGTC,0,2317853
mglBp,0.1,9,9,TGAATTCTCCGCTGATCGTC,0,2399265
mglBp,0.1,9,9,TGAACCAATCGCTGGCAATT,0,2418041
mglBp,0.1,9,9,TGAAAAGGGAATCGTTGTTT,0,2323122
mglBp,0.1,9,9,TGAAAACTACGCTTAATGAA,0,2349463
mglBp,0.1,9,9,TCTTTGGGATCATGGGTTAC,0,2408853
mglBp,0.1,9,9,TCTTGGCTAAGTGCTCGGGA,0,2356877
mglBp,0.1,9,9,TCTTGAATTGCGCGGAGTAG,0,2343241
mglBp,0.1,9,9,TCTTCCCGAATCCGCATACC,0,2328877
mglBp,0.1,9,9,TCTGTTTTAACACTTGCTGT,0,2384131
mglBp,0.1,9,9,TCTGTTCGCTTCAACGAGAG,0,2352178
mglBp,0.1,9,9,TCTGGGTGTAGCCGATTGTG,0,2376054
mglBp,0.1,9,9,TCTGGATCCATGTTATGCAT,0,2363796
mglBp,0.1,9,9,TCTGCTGACACATAGATCAT,0,2324624
mglBp,0.1,9,9,TCTGAAAGCAGATAACTCGA,0,2365871
mglBp,0.1,9,9,TCTCTCGTCTGTTCAGTCTT,0,2345720
mglBp,0.1,9,9,TCTCGCGTTTCTAAGTCATG,0,2368359
mglBp,0.1,9,9,TCTCCGCCCGCCCGGGAATT,0,2326870
mglBp,0.1,9,9,TCTCAGTGTTCCGAAGGTAA,0,2372981
mglBp,0.1,9,9,TCTATCGGGTCACAAGGAAC,0,2369878
mglBp,0.1,9,9,TCTAGGTGGTCACTGGCACT,0,2318830
mglBp,0.1,9,9,TCGTTATCCGCAGGTTTTTT,0,2323184
mglBp,0.1,9,9,TCGTCTGGGCCACCTAATTG,0,2412313
mglBp,0.1,9,9,TCGTCAACATCTCTTGTAGT,0,2337423
mglBp,0.1,9,9,TCGTAGGGGCTCGCGACCAT,0,2371724
mglBp,0.1,9,9,TCGGTTTCCGTGATCCAACT,0,2346963
mglBp,0.1,9,9,TCGGTGTAGAGTTGGACTGG,0,2393340
mglBp,0.1,9,9,TCGGTGCGGAGTGGGTAACC,0,2316466
mglBp,0.1,9,9,TCGGTGCACACAGCGCCCCG,0,2371354
mglBp,0.1,9,9,TCGGCATGTGGGTTGACTGT,0,2406614
mglBp,0.1,9,9,TCGCGGGGTAGGAACTGATC,0,2381981
mglBp,0.1,9,9,TCGCGGGCCAACTGAGCATT,0,2347364
mglBp,0.1,9,9,TCGCGCGTTCGCGTAGCCGC,0,2411066
mglBp,0.1,9,9,TCGCGCCGATAGGATATTTA,0,2340490
mglBp,0.1,9,9,TCGCCAGACCGATCGAATCT,0,2355788
mglBp,0.1,9,9,TCGCACGGACCCATCCTAGG,0,2339191
mglBp,0.1,9,9,TCGATTGATGAATTAAATTT,0,2360508
mglBp,0.1,9,9,TCGATGGCCATAATCGCACG,0,2408125
mglBp,0.1,9,9,TCGATACAGCTAATTCCCAC,0,2399037
mglBp,0.1,9,9,TCGAGCGGTTGAGGTGGGAT,0,2418799
mglBp,0.1,9,9,TCGAGATTGGAGTCCCAGCC,0,2402749
mglBp,0.1,9,9,TCCTTTCATCGCACTTACAT,0,2329147
mglBp,0.1,9,9,TCCTTGAGGACGCTTGTCAC,0,2366984
mglBp,0.1,9,9,TCCTTCTAGTCAGCGATTGT,0,2415190
mglBp,0.1,9,9,TCCTTCGATTTCTTGACGTT,0,2369399
mglBp,0.1,9,9,TCCTTACTTCAGAGAGTCCT,0,2360576
mglBp,0.1,9,9,TCCTGCACGGTTCGGACATC,0,2399737
mglBp,0.1,9,9,TCCTGACACGGTTGTCCATA,0,2387181
mglBp,0.1,9,9,TCCTCGCAAAGTCCCTTTGC,0,2317012
mglBp,0.1,9,9,TCCGGGTCTTAGTACTATTG,0,2368319
mglBp,0.1,9,9,TCCCTCTCGCGTGACGAAAT,0,2352501
mglBp,0.1,9,9,TCCCTAGGGGTGAATGACGA,0,2380196
mglBp,0.1,9,9,TCCCGGTTAGTCCTGCCATC,0,2325796
mglBp,0.1,9,9,TCCCCGAATAACTCGATATT,0,2327929
mglBp,0.1,9,9,TCCCCAACTTTCCCATAGCG,0,2373641
mglBp,0.1,9,9,TCCCCAACATCAGCCAACGT,0,2371023
mglBp,0.1,9,9,TCCAGATCTAGCGCTACTAC,0,2389177
mglBp,0.1,9,9,TCCAGACAGGTAAACATCGG,0,2365147
mglBp,0.1,9,9,TCCACTTAACCGCACGAATA,0,2377792
mglBp,0.1,9,9,TCATCGAAGTTCACCGCGCA,0,2349270
mglBp,0.1,9,9,TCACTAGATCGGGGCGCATC,0,2380091
mglBp,0.1,9,9,TCACCGAGGACATCTTGGTT,0,2392930
mglBp,0.1,9,9,TCACATTTACATTACTGAGC,0,2397588
mglBp,0.1,9,9,TCACAGGGTTCCAATGGGCT,0,2403196
mglBp,0.1,9,9,TCACAACGCGAGGAGTGGCT,0,2385720
mglBp,0.1,9,9,TCAAGGGCTCTTCCAGTGGT,0,2386321
mglBp,0.1,9,9,TCAAGAACATAAAATACGAG,0,2397214
mglBp,0.1,9,9,TCAAAAGATACCGGCAGGAA,0,2368467
mglBp,0.1,9,9,TATTTTTCAGCGTAACATCA,0,2400789
mglBp,0.1,9,9,TATTTTGTGGGCTTCATGCA,0,2405512
mglBp,0.1,9,9,TATTTTCCTCTAGACCAATA,0,2332281
mglBp,0.1,9,9,TATTTGGTCCAGTTCAATTT,0,2345276
mglBp,0.1,9,9,TATTTACTCTCTGTCTCACT,0,2420109
mglBp,0.1,9,9,TATTCTAACTTAGCGTCAAT,0,2422629
mglBp,0.1,9,9,TATTCGATACGCGTTGAGGC,0,2388440
mglBp,0.1,9,9,TATTACTGCGGGACAGTCTA,0,2400267
mglBp,0.1,9,9,TATTACCGTTGCTTAAAAAA,0,2390087
mglBp,0.1,9,9,TATGTTTCTGCTCAAGTGAA,0,2317643
mglBp,0.1,9,9,TATGTTTACGACGTTTAAGT,0,2390131
mglBp,0.1,9,9,TATGTGCTCCTGTGGGGTCA,0,2360284
mglBp,0.1,9,9,TATGGGGTCCTAATCGAGGG,0,2417461
mglBp,0.1,9,9,TATGGGGATGCTTGAGAAGA,0,2352407
mglBp,0.1,9,9,TATGCTTCAGTGTCCAATGA,0,2338841
mglBp,0.1,9,9,TATCGGGCTATTACAAGTGG,0,2402693
mglBp,0.1,9,9,TATCGAGAAAACCTGATGAG,0,2384608
mglBp,0.1,9,9,TATCAACATGTTTTACGAGG,0,2326232
mglBp,0.1,9,9,TATATGTGAGCTTTCGATAA,0,2418655
mglBp,0.1,9,9,TATATAAGCTTGTAGTGCAA,0,2372272
mglBp,0.1,9,9,TATAGGCTAAAAAGAGTTTT,0,2330465
mglBp,0.1,9,9,TATACTCTTGGCGAGAAGTA,0,2398274
mglBp,0.1,9,9,TATACGCGCTCGAGGTGCGA,0,2356530
mglBp,0.1,9,9,TAGGTTCAGTTGTAAGAATC,0,2394759
mglBp,0.1,9,9,TAGGTGATCGTGGCGCCCCA,0,2386763
mglBp,0.1,9,9,TAGGTACAACAGTGAAGTCA,0,2347937
mglBp,0.1,9,9,TAGCTTGTGACTCTATCGCC,0,2407536
mglBp,0.1,9,9,TAGCTCTTGGAAAAAAAAAC,0,2400047
mglBp,0.1,9,9,TAGCGGAAGCGCACGGCCAA,0,2333214
mglBp,0.1,9,9,TAGCCCGCCTGAGTAACGCA,0,2327285
mglBp,0.1,9,9,TAGCAGACCAGGGGGGCCAT,0,2416924
mglBp,0.1,9,9,TAGCACTGCAGTCATTCTCA,0,2389147
mglBp,0.1,9,9,TAGCACGTATTTGACCGACG,0,2392176
mglBp,0.1,9,9,TAGCAAATGAGGTGAAAAAG,0,2342859
mglBp,0.1,9,9,TAGAGCCGAAAAATCCCTTG,0,2378688
mglBp,0.1,9,9,TAGAGACGACACTCCCTGAT,0,2371207
mglBp,0.1,9,9,TAGACGTCCCATGGGCATAT,0,2330540
mglBp,0.1,9,9,TAGACGGTTACTACACAACA,0,2360894
mglBp,0.1,9,9,TAGACGGAAGTGTTGTAAAC,0,2389430
mglBp,0.1,9,9,TAGACGAGCGTCTTCCTCCC,0,2341198
mglBp,0.1,9,9,TAGAATCCAAATGTGGCAAT,0,2334795
mglBp,0.1,9,9,TAGAACACTCAAGAGGGTTC,0,2359611
mglBp,0.1,9,9,TACTCTGCGTTACACCCGGA,0,2373116
mglBp,0.1,9,9,TACTCGACAGGTGGTTCATG,0,2388315
mglBp,0.1,9,9,TACTCACTGCAAAGAGGTTC,0,2387284
mglBp,0.1,9,9,TACTATACGTGTTACCTCGT,0,2407844
mglBp,0.1,9,9,TACGGATAGACGCAACTTGC,0,2399315
mglBp,0.1,9,9,TACCTGCGCCTATATATCAC,0,2353976
mglBp,0.1,9,9,TACCCTCGCAAGCTACATTA,0,2383082
mglBp,0.1,9,9,TACCCTCAATAAGAGTTCTG,0,2357316
mglBp,0.1,9,9,TACCACAGAGTTTCGTGCCT,0,2347550
mglBp,0.1,9,9,TACATTGTTCCGCCAGAGTG,0,2392054
mglBp,0.1,9,9,TACATACAACTCGAAAGAAT,0,2348898
mglBp,0.1,9,9,TACAGGACACGGCATTTCTT,0,2340451
mglBp,0.1,9,9,TACACGCAGTCTCCTTTTTT,0,2335777
mglBp,0.1,9,9,TAATGCTATCTGCGGCGCCG,0,2390367
mglBp,0.1,9,9,TAATGAATTCTCCTCATGAA,0,2336595
mglBp,0.1,9,9,TAATCCCGAACGTTTGGTCA,0,2382996
mglBp,0.1,9,9,TAATAACCACACATCACTCT,0,2376210
mglBp,0.1,9,9,TAAGTTTGGCTCAACTGCCA,0,2378831
mglBp,0.1,9,9,TAAGTGTTTCGACCGGTTTA,0,2333442
mglBp,0.1,9,9,TAAGTGAGTCGGACCATCGA,0,2338473
mglBp,0.1,9,9,TAAGGCCCATCGAACCACGC,0,2382955
mglBp,0.1,9,9,TAAGCTGCTGGACGCAACGT,0,2350757
mglBp,0.1,9,9,TAAGCCATGAAGCAGCGGGG,0,2398564
mglBp,0.1,9,9,TAACTTAGACTTGGACGTCT,0,2366309
mglBp,0.1,9,9,TAACTAGGCATTGTACAAGG,0,2359693
mglBp,0.1,9,9,TAACAGCGCTGAGCTGGCGT,0,2416373
mglBp,0.1,9,9,TAACACGAGAAACTTTTGTT,0,2348040
mglBp,0.1,9,9,TAAATTATGTCACGTCTCTT,0,2349991
mglBp,0.1,9,9,TAAACCCGATTTGAACGTTC,0,2329446
mglBp,0.1,9,9,TAAAATTAATAATCTCACGT,0,2377814
mglBp,0.1,9,9,GTTTTCTGTGCGTGTTCGAT,0,2348231
mglBp,0.1,9,9,GTTTTACTGGATGCAATGGT,0,2365921
mglBp,0.1,9,9,GTTTGTTTGAGTTGCCCATA,0,2353130
mglBp,0.1,9,9,GTTTAGGATTACAGCGCTTA,0,2371374
mglBp,0.1,9,9,GTTTAAGGAGGGGTCTTATC,0,2393456
mglBp,0.1,9,9,GTTGGAGCCGAAGGGGCCAC,0,2332511
mglBp,0.1,9,9,GTTGAGCCGCATTTAGCAAG,0,2324786
mglBp,0.1,9,9,GTTGAACGAACGTCGATAGG,0,2399025
mglBp,0.1,9,9,GTTCTTCTGCTGGGAATTAC,0,2330785
mglBp,0.1,9,9,GTTCTAAAGCTGGACCTTGT,0,2329841
mglBp,0.1,9,9,GTTCGTAGACGCTTGTGGAC,0,2355761
mglBp,0.1,9,9,GTTCATCCTGATAGTTACAC,0,2375754
mglBp,0.1,9,9,GTTCACTGTATGCGGAGTCA,0,2355489
mglBp,0.1,9,9,GTTCAAAGCCACTCAAGTCA,0,2360767
mglBp,0.1,9,9,GTTATAGTCACTGCCCCCAA,0,2402885
mglBp,0.1,9,9,GTTACGATCGGTATCACGAG,0,2326342
mglBp,0.1,9,9,GTTAATTGCGTCAGTGATGT,0,2347332
mglBp,0.1,9,9,GTTAAATCCTGGGATAGAGG,0,2402878
mglBp,0.1,9,9,GTGTTGGCTGCCTTAAAGGT,0,2322865
mglBp,0.1,9,9,GTGTTATCTTGCGGCGTGTT,0,2396988
mglBp,0.1,9,9,GTGTTAACAAGTGACATTTT,0,2319039
mglBp,0.1,9,9,GTGTGTTTCATCCAATCAAT,0,2400966
mglBp,0.1,9,9,GTGTGTGCCTGGACACGTTA,0,2392792
mglBp,0.1,9,9,GTGTCATCTAGAAAGGATCT,0,2322144
mglBp,0.1,9,9,GTGTAATGGAACGTCCATCG,0,2357759
mglBp,0.1,9,9,GTGGTGTGCCTGAGTGATAT,0,2390905
mglBp,0.1,9,9,GTGGTGTATATATGGCGAAC,0,2422160
mglBp,0.1,9,9,GTGGGTCCTCGTGGCGGACC,0,2380398
mglBp,0.1,9,9,GTGGGGGAAATTTTTGGCCC,0,2405227
mglBp,0.1,9,9,GTGGGACCGACGTCCCCCTT,0,2339122
mglBp,0.1,9,9,GTGGCGTCACTATACAGAGA,0,2387650
mglBp,0.1,9,9,GTGGCGGATGCCGGAGCCTA,0,2345621
mglBp,0.1,9,9,GTGGCCCTGGCAGCACCCGA,0,2337155
mglBp,0.1,9,9,GTGGACTTCTCGGACCTCAA,0,2328119
mglBp,0.1,9,9,GTGGAACTCCTGCCCGGGTT,0,2410086
mglBp,0.1,9,9,GTGCTGAGTGGATTCGGACA,0,2386629
mglBp,0.1,9,9,GTGCGCGAGTCCTTGGCAGT,0,2379159
mglBp,0.1,9,9,GTGCGAACGTATGTTGTCGC,0,2372506
mglBp,0.1,9,9,GTGCCCGTGTGCAACACCCT,0,2351378
mglBp,0.1,9,9,GTGCCACACTATAACCTGGG,0,2335745
mglBp,0.1,9,9,GTGAGCCGATGAGTGCACTC,0,2416029
mglBp,0.1,9,9,GTGAGCCGAGCTGTAATTTG,0,2323469
mglBp,0.1,9,9,GTGACGGGTTGGGTGCGATC,0,2381313
mglBp,0.1,9,9,GTGACAGGACTCCTCTCGCA,0,2416591
mglBp,0.1,9,9,GTGACAAACATCACCAACTA,0,2338078
mglBp,0.1,9,9,GTGAATCTCTTAATTACCCA,0,2324110
mglBp,0.1,9,9,GTGAAGGACGAATTAAGTTG,0,2385651
mglBp,0.1,9,9,GTCTTCACAACCGGTCCCTT,0,2343487
mglBp,0.1,9,9,GTCTGCCTGCAGAGGAGATG,0,2382481
mglBp,0.1,9,9,GTCTCTCCAATGAGTATTTC,0,2348835
mglBp,0.1,9,9,GTCTCAGGAAGCGAGGGTTG,0,2346581
mglBp,0.1,9,9,GTCTCAGCTGGCAGCGTCGT,0,2346639
mglBp,0.1,9,9,GTCTACCGGCCTCTTCCGCT,0,2341638
mglBp,0.1,9,9,GTCGTGGAGCGTTTTAAGGC,0,2317084
mglBp,0.1,9,9,GTCGTCTCCGGCCCCTGATT,0,2340362
mglBp,0.1,9,9,GTCGGGACGGATTGGGACTC,0,2398482
mglBp,0.1,9,9,GTCGGCGTTGGTAGAATGGG,0,2366887
mglBp,0.1,9,9,GTCGGCCTCCCGTAATTCGC,0,2374232
mglBp,0.1,9,9,GTCGATAAAGAACATACAAT,0,2404255
mglBp,0.1,9,9,GTCGAGCTAGTTGAGGTATA,0,2412310
mglBp,0.1,9,9,GTCGACTTGCTGACCAAAGT,0,2341626
mglBp,0.1,9,9,GTCGACCCAACATTTAGAGT,0,2348865
mglBp,0.1,9,9,GTCCCCGTGGTACCCTATTG,0,2331425
mglBp,0.1,9,9,GTCCACATTTGGGGGCTAGT,0,2375891
mglBp,0.1,9,9,GTCATGTCGGCAATGTTTAC,0,2354771
mglBp,0.1,9,9,GTCATGGTGCCCAAAGACAG,0,2345718
mglBp,0.1,9,9,GTCATCCGGTGAACTTCAGC,0,2398305
mglBp,0.1,9,9,GTCAGGACGGCCCCAGGTGT,0,2316885
mglBp,0.1,9,9,GTCAGCTCATTGCTTGCTAA,0,2351700
mglBp,0.1,9,9,GTCACGGACTGGCATACTCT,0,2373714
mglBp,0.1,9,9,GTCACATCAGCTGGGACAAG,0,2339115
mglBp,0.1,9,9,GTCACAAACCATGGTGAGCA,0,2387750
mglBp,0.1,9,9,GTCAAGGGGCTCAATCGCCA,0,2399343
mglBp,0.1,9,9,GTATTAAGCGCATATTCGGG,0,2363412
mglBp,0.1,9,9,GTATCTAATCTATGATAGTC,0,2376185
mglBp,0.1,9,9,GTATCGGCACCATCTGAAAC,0,2395947
mglBp,0.1,9,9,GTATCCTAAGTCGCACTTCA,0,2412540
mglBp,0.1,9,9,GTATAGTGCCTGGTACTGGT,0,2422021
mglBp,0.1,9,9,GTAGTCCCCGTTAGGGCCAT,0,2377981
mglBp,0.1,9,9,GTAGGAATGCCTTCAGTCAG,0,2384135
mglBp,0.1,9,9,GTACTCAGCGACATACATGC,0,2325010
mglBp,0.1,9,9,GTACTAATGCGTACGGACCT,0,2357382
mglBp,0.1,9,9,GTACGTCAGGCCAACAAAAA,0,2397388
mglBp,0.1,9,9,GTACATAACACGGGCCTCAG,0,2388960
mglBp,0.1,9,9,GTACAGATGTCCTCGCTGGC,0,2394275
mglBp,0.1,9,9,GTAATTCCTGAGCGTAGTCT,0,2335770
mglBp,0.1,9,9,GTAATTCAGAGGGAGGCTTC,0,2367692
mglBp,0.1,9,9,GTAAGTTGGCTTTGGTCATA,0,2400772
mglBp,0.1,9,9,GTAACCTTACGGTGTGGGAC,0,2359440
mglBp,0.1,9,9,GTAACAAAGTAATAGGACGG,0,2320880
mglBp,0.1,9,9,GGTTTAAACACCCCCGGTCA,0,2338424
mglBp,0.1,9,9,GGTTGTATAAGTCGCTGATC,0,2335605
mglBp,0.1,9,9,GGTTGACGGCTTGAAATATG,0,2387833
mglBp,0.1,9,9,GGTTACAGCAGTCAGTGTAG,0,2369174
mglBp,0.1,9,9,GGTGTTTTGTGACTGGCTGC,0,2332785
mglBp,0.1,9,9,GGTGTCGCTGACATACGGGG,0,2350510
mglBp,0.1,9,9,GGTGGGTAGTACCGCAATCG,0,2419517
mglBp,0.1,9,9,GGTGGGAGGCGCGGCGGAAT,0,2317184
mglBp,0.1,9,9,GGTGATGGAGTATCTTGGCC,0,2375595
mglBp,0.1,9,9,GGTGACATGAGAGTAATGGG,0,2375233
mglBp,0.1,9,9,GGTCTATTCCTGGATAACTC,0,2365854
mglBp,0.1,9,9,GGTCGTCGAGGTGGGTCAAT,0,2399727
mglBp,0.1,9,9,GGTCGTAGCGTTTTATCATT,0,2368419
mglBp,0.1,9,9,GGTCCGGTTGCGACCCAATT,0,2385046
mglBp,0.1,9,9,GGTCATGGCAGAGTCCGAGG,0,2326507
mglBp,0.1,9,9,GGTCAGTCAGAAAGAATACA,0,2318494
mglBp,0.1,9,9,GGTCACACATACAATAGGCC,0,2374314
mglBp,0.1,9,9,GGTATACGTATGCGAACTTA,0,2316751
mglBp,0.1,9,9,GGTAGCGGCTCGGTCTGTCA,0,2318341
mglBp,0.1,9,9,GGGTTGTTCTGGATAACCAC,0,2363457
mglBp,0.1,9,9,GGGTGGTGCACGATTCTGAG,0,2418341
mglBp,0.1,9,9,GGGTCGTAAGCCATGGGAGT,0,2388263
mglBp,0.1,9,9,GGGTCAAAACTCATGTCAGG,0,2404640
mglBp,0.1,9,9,GGGTATCCGTAGTTTCTGCA,0,2325375
mglBp,0.1,9,9,GGGTAACTCAGAATTCTGGG,0,2414477
mglBp,0.1,9,9,GGGGTTCAACGAACAACTAC,0,2332062
mglBp,0.1,9,9,GGGGCGGCCGGGCTTGCAGT,0,2350912
mglBp,0.1,9,9,GGGGAGCAATACCCGCAGTA,0,2408264
mglBp,0.1,9,9,GGGGAATACAGCAGTCATTC,0,2417117
mglBp,0.1,9,9,GGGCTTATCTGGCCCAACAC,0,2370344
mglBp,0.1,9,9,GGGCTGTACGGTGGTATTCT,0,2332476
mglBp,0.1,9,9,GGGCGGGGACTAATCAAATC,0,2339425
mglBp,0.1,9,9,GGGCGAGGTTTTCTGCGGTG,0,2402742
mglBp,0.1,9,9,GGGCCGGTGGCGATAAGTAG,0,2379749
mglBp,0.1,9,9,GGGCCGCTGGAACAAGATGG,0,2343545
mglBp,0.1,9,9,GGGCCGCATCGGTGTAGGTC,0,2363718
mglBp,0.1,9,9,GGGCCGATCCCGGAGTCGCT,0,2408302
mglBp,0.1,9,9,GGGCATTACCAGACGGCGCA,0,2387123
mglBp,0.1,9,9,GGGCAATGAAGTGCGGATTA,0,2317859
mglBp,0.1,9,9,GGGATTTATATGAGGCGGAC,0,2318488
mglBp,0.1,9,9,GGGATGGGTTTTAAAAATGC,0,2381089
mglBp,0.1,9,9,GGGATCCTCAGGGAATGTTT,0,2351279
mglBp,0.1,9,9,GGGATCCATTGCGCAGTTCC,0,2322153
mglBp,0.1,9,9,GGGAGGATGCGTAACTTCTA,0,2350442
mglBp,0.1,9,9,GGGAGCCCCTTGTACAAGCC,0,2350937
mglBp,0.1,9,9,GGGAGCATATGCCAGTCGTT,0,2412545
mglBp,0.1,9,9,GGGACCGTGTTCCATAAGGT,0,2355211
mglBp,0.1,9,9,GGGAAGCGTGCACAGTCGCT,0,2411043
mglBp,0.1,9,9,GGGAACAGCGCAGCTACTTA,0,2360984
mglBp,0.1,9,9,GGGAAATCGGAGAACTCCTG,0,2390764
mglBp,0.1,9,9,GGGAAAGTCAACTCACCGAT,0,2347573
mglBp,0.1,9,9,GGGAAAAGTTTATCTTGACC,0,2416539
mglBp,0.1,9,9,GGGAAAAACGTTGTAGGTGT,0,2415822
mglBp,0.1,9,9,GGCTGTCGGGGGTTCGCCTC,0,2386656
mglBp,0.1,9,9,GGCTGGTCGGAACGACCTTT,0,2421164
mglBp,0.1,9,9,GGCTATTGAAGTAGGACCCT,0,2377880
mglBp,0.1,9,9,GGCTAGGCGCGGCTATCTGA,0,2346635
mglBp,0.1,9,9,GGCGCACCGTGGTATCTGAC,0,2344527
mglBp,0.1,9,9,GGCGATCAGCCGGCTCGATT,0,2387274
mglBp,0.1,9,9,GGCCCTCCATGGGAAGCCTT,0,2344031
mglBp,0.1,9,9,GGCCCTCAATCCAGCTTGGC,0,2413639
mglBp,0.1,9,9,GGCCCGGAACACCGACGTGA,0,2353786
mglBp,0.1,9,9,GGCCCAGGGGTTAAAGGTTC,0,2403064
mglBp,0.1,9,9,GGCCAGCAACATCTGCGTCC,0,2403948
mglBp,0.1,9,9,GGCCACTACCTTGTAATCCC,0,2340867
mglBp,0.1,9,9,GGCCAATCGACCAGGAAACT,0,2329789
mglBp,0.1,9,9,GGCAAATTCGTCAATCTTAT,0,2400264
mglBp,0.1,9,9,GGATTCTTCTAAGTTAATTA,0,2344429
mglBp,0.1,9,9,GGATCAAGAATTGTATATGC,0,2346355
mglBp,0.1,9,9,GGATATTTGGGATGTACGCT,0,2374734
mglBp,0.1,9,9,GGATAGCACTGGCAGCCGCA,0,2320234
mglBp,0.1,9,9,GGAGTGAATTCTCCTACATG,0,2356975
mglBp,0.1,9,9,GGAGTCTAGTCCGGCCAATT,0,2331053
mglBp,0.1,9,9,GGAGTAAAAGTGGAGAGATC,0,2412980
mglBp,0.1,9,9,GGAGGGGAAGAGCGAGAGCT,0,2330102
mglBp,0.1,9,9,GGAGGGCATTTGTTTCGATT,0,2379562
mglBp,0.1,9,9,GGAGCAGGGCAAAATGAGGG,0,2389466
mglBp,0.1,9,9,GGAGACCTATCCGAGTCTCC,0,2330048
mglBp,0.1,9,9,GGACTCAATCAGGGCAATTA,0,2389878
mglBp,0.1,9,9,GGACGCCTGGTGCCATAGAT,0,2411212
mglBp,0.1,9,9,GGACCAGAGGATAGATCAAA,0,2402588
mglBp,0.1,9,9,GGACAATGGACGAAACCTTT,0,2318072
mglBp,0.1,9,9,GGAATCGGCGGCGGGTTTAG,0,2338666
mglBp,0.1,9,9,GGAAAGGGAAGAATTGCTGT,0,2337368
mglBp,0.1,9,9,GGAAAGCTAAAACGAGTGGA,0,2334584
mglBp,0.1,9,9,GGAAAACCCCCGTTCGGCCA,0,2366860
mglBp,0.1,9,9,GCTTGATAACGGGTTGGCTG,0,2361963
mglBp,0.1,9,9,GCTTCTGCGTGGCTATTGAC,0,2321523
mglBp,0.1,9,9,GCTTCATCACGAAGTTGCCC,0,2388024
mglBp,0.1,9,9,GCTGTCTGCTGGCGTGCTTC,0,2330037
mglBp,0.1,9,9,GCTGTATTTGCTATTTGGAA,0,2389403
mglBp,0.1,9,9,GCTGGTATAGGGGAAAAAAT,0,2392676
mglBp,0.1,9,9,GCTGGGCAGGTTAGGTAGTT,0,2393997
mglBp,0.1,9,9,GCTGCTATTAACCGCAGTGA,0,2341189
mglBp,0.1,9,9,GCTGCACCCGACTGCTGATA,0,2374418
mglBp,0.1,9,9,GCTGAAAATCCGGTGGTCAG,0,2330274
mglBp,0.1,9,9,GCTCTCGACGTAAGTCGTTT,0,2372626
mglBp,0.1,9,9,GCTCGCCATTAGCGGGTTAC,0,2330890
mglBp,0.1,9,9,GCTCCTATTTAACGGAACCA,0,2391013
mglBp,0.1,9,9,GCTCCTATTATAGGGCTGCG,0,2407068
mglBp,0.1,9,9,GCTCCCTCGCTCTATCCCAG,0,2346664
mglBp,0.1,9,9,GCTCCCCCCGCCACTGTCCT,0,2337390
mglBp,0.1,9,9,GCTCAAGGGGCAACGTTTAC,0,2423687
mglBp,0.1,9,9,GCTATGGTACTAAAAGCCGT,0,2370582
mglBp,0.1,9,9,GCTACCATCCCCGAAGAATC,0,2338729
mglBp,0.1,9,9,GCTACAGGGTTCATCCCACT,0,2378953
mglBp,0.1,9,9,GCGTTAGCTTCCAACGAGAA,0,2350348
mglBp,0.1,9,9,GCGTGTTCATTACTCACGGG,0,2326219
mglBp,0.1,9,9,GCGTGCTTGCTATTCAGACT,0,2408575
mglBp,0.1,9,9,GCGTGATAGCTCATAATTCA,0,2411845
mglBp,0.1,9,9,GCGTCTTTTCGTTGCGCATC,0,2390626
mglBp,0.1,9,9,GCGGTGTCACGCCGCAACCT,0,2389558
mglBp,0.1,9,9,GCGGTAAGCACGCGCAAGTG,0,2362226
mglBp,0.1,9,9,GCGGGAGTAATGTCGTAAAG,0,2379823
mglBp,0.1,9,9,GCGGATATTGGTGGTGAATG,0,2340220
mglBp,0.1,9,9,GCGGAGCAGTGCGCAGTTGG,0,2376127
mglBp,0.1,9,9,GCGCTCTGAACGCTCAATGA,0,2407544
mglBp,0.1,9,9,GCGCGGGGACCTTTCTCTCA,0,2366470
mglBp,0.1,9,9,GCGCGCGAGCTGCTTAGTGC,0,2375834
mglBp,0.1,9,9,GCGCGATCTCTGTCATCTTT,0,2358746
mglBp,0.1,9,9,GCGCGACAGCGCGGAAACAT,0,2340008
mglBp,0.1,9,9,GCGCCGCTCGCGACTGAGTT,0,2386092
mglBp,0.1,9,9,GCGCACTACGGACCGAGGGG,0,2333477
mglBp,0.1,9,9,GCGCACACTTCTAGCAAAGT,0,2350639
mglBp,0.1,9,9,GCGATTGAGGAAGCATCGAT,0,2419235
mglBp,0.1,9,9,GCGAGTGCCGCTACTCGACA,0,2393880
mglBp,0.1,9,9,GCGAGGTTATCTGCCATATC,0,2355204
mglBp,0.1,9,9,GCGAGCGCTTGGACACTCAT,0,2359779
mglBp,0.1,9,9,GCGAGCCCCGGTTGTCTGGA,0,2319928
mglBp,0.1,9,9,GCGACTAAACGGTACTCAGA,0,2363319
mglBp,0.1,9,9,GCGACGTCAAGCCGCATATC,0,2328011
mglBp,0.1,9,9,GCGAATCGATTTTTATGGAT,0,2334750
mglBp,0.1,9,9,GCGAAGATAAATCTTGTATT,0,2387163
mglBp,0.1,9,9,GCCTTTTATATTGAGCGACC,0,2423607
mglBp,0.1,9,9,GCCTTGCTAAGCGCGATCTC,0,2346870
mglBp,0.1,9,9,GCCTTGACGGAGTCATAAGG,0,2422906
mglBp,0.1,9,9,GCCTTCTGTAAAGAGGTTGC,0,2347424
mglBp,0.1,9,9,GCCTTCAGTTCTGCATAGAG,0,2369758
mglBp,0.1,9,9,GCCTTCACTCCACTGATTCT,0,2374699
mglBp,0.1,9,9,GCCTCGTCTATGCTGACCTT,0,2366144
mglBp,0.1,9,9,GCCTATAACAGGGCCAATAC,0,2381677
mglBp,0.1,9,9,GCCGTGTCACTGTAGAGCAT,0,2416436
mglBp,0.1,9,9,GCCGGTTGAGTCCTGGGCAT,0,2420862
mglBp,0.1,9,9,GCCGGCAGAACAGGAAAAAC,0,2370956
mglBp,0.1,9,9,GCCGCTGCTCTCGTCTCTTG,0,2330012
mglBp,0.1,9,9,GCCGCGGTGGCGGAGGTACA,0,2411584
mglBp,0.1,9,9,GCCCTGTATGGTTACCTATA,0,2378505
mglBp,0.1,9,9,GCCCTCTCTATTTGGTATGT,0,2414357
mglBp,0.1,9,9,GCCCGTCGCGGTTAAACCAG,0,2407666
mglBp,0.1,9,9,GCCCCTTGGGCCGGCTATCG,0,2387799
mglBp,0.1,9,9,GCCAGTAACCCCTAGGGCTA,0,2381853
mglBp,0.1,9,9,GCCAGCATGCCTGCACTACA,0,2404629
mglBp,0.1,9,9,GCATTCCAAATCGTGGCCTT,0,2389846
mglBp,0.1,9,9,GCATTACAGGACCGTCTCTT,0,2367209
mglBp,0.1,9,9,GCATGTATCCTCATAGGAAA,0,2363141
mglBp,0.1,9,9,GCATATTTGGCAGTGTTGCC,0,2389087
mglBp,0.1,9,9,GCATACTCGTGCTGCCATCT,0,2397050
mglBp,0.1,9,9,GCAGGTTGAGCTAAACACAT,0,2400379
mglBp,0.1,9,9,GCAGCGAGTCGATTTGCCCT,0,2357810
mglBp,0.1,9,9,GCAGCATTGGGAAGTCTTAT,0,2376410
mglBp,0.1,9,9,GCAGATCGCACTCCCGTTGG,0,2369484
mglBp,0.1,9,9,GCACTTAAGGACTCCTGATC,0,2364047
mglBp,0.1,9,9,GCACTGACTCCAAGGCATCT,0,2403798
mglBp,0.1,9,9,GCACCTTTTGATATCGGGCT,0,2359517
mglBp,0.1,9,9,GCACCGAGTAGAAGCATCGT,0,2405813
mglBp,0.1,9,9,GCAAGTCAGCGGCCACACTT,0,2416459
mglBp,0.1,9,9,GCAACGGGCCTTCTAATCTA,0,2403405
mglBp,0.1,9,9,GCAACCTGTGGAATCGCCGT,0,2374352
mglBp,0.1,9,9,GATTTGTATGTCGAATTATA,0,2359169
mglBp,0.1,9,9,GATTTCATACGACCAGTTGT,0,2380208
mglBp,0.1,9,9,GATTTACGACAGGGGCCGAA,0,2320500
mglBp,0.1,9,9,GATTGTTGGGCTGTCGCGTT,0,2370301
mglBp,0.1,9,9,GATTGTTAAATATAGCGGTC,0,2334564
mglBp,0.1,9,9,GATTCCGAGTCTTGTCAGCT,0,2356195
mglBp,0.1,9,9,GATGTGCGACAGTCGGTCAC,0,2380455
mglBp,0.1,9,9,GATGTATATATATAGGTGTT,0,2399787
mglBp,0.1,9,9,GATGTAACTTGAGGGACCAA,0,2362449
mglBp,0.1,9,9,GATGCGCCGTCTCCAGCTGT,0,2353783
mglBp,0.1,9,9,GATGCCAAGCGGCTTCTTGC,0,2367854
mglBp,0.1,9,9,GATGAAAAGCCAGAATTGCA,0,2417082
mglBp,0.1,9,9,GATCTGTTTATGGCGGTGTT,0,2394817
mglBp,0.1,9,9,GATCGGACAGGAATTCAACG,0,2412821
mglBp,0.1,9,9,GATCGAAGACATCCTCATTG,0,2366416
mglBp,0.1,9,9,GATCCTTCGGGACTCTAGTT,0,2384296
mglBp,0.1,9,9,GATCCCCGACTGGACACGGT,0,2357033
mglBp,0.1,9,9,GATCATAGGCAGTCCCCGCT,0,2386621
mglBp,0.1,9,9,GATCACGCCAGAAGTGATGG,0,2322879
mglBp,0.1,9,9,GATATGGGATGGAACCTTCT,0,2332575
mglBp,0.1,9,9,GATATAGTTGCATGGCAACA,0,2414499
mglBp,0.1,9,9,GATAGGACTTTGCTCCAAGT,0,2341066
mglBp,0.1,9,9,GATAGCTTCATAATCCGTAG,0,2402135
mglBp,0.1,9,9,GATAACGCTCACGTCGTTTC,0,2408551
mglBp,0.1,9,9,GAGTCGATTCTCCAGCGGTA,0,2417044
mglBp,0.1,9,9,GAGTATTTGTGTTCGTACGT,0,2354627
mglBp,0.1,9,9,GAGGTCTATAGGCTGCACAT,0,2337340
mglBp,0.1,9,9,GAGGTCGGTATTACTAAGTC,0,2392873
mglBp,0.1,9,9,GAGGTATCATCATTCCGCCT,0,2397731
mglBp,0.1,9,9,GAGGGAGGCCAATCGATGTG,0,2410763
mglBp,0.1,9,9,GAGGGACAAGTTAGGTTCGT,0,2417086
mglBp,0.1,9,9,GAGGACTCACCCATCTGTTG,0,2335008
mglBp,0.1,9,9,GAGCTTAGGGCGGCACCTAG,0,2330004
mglBp,0.1,9,9,GAGCTGTTAAAGGTGTTCAC,0,2414777
mglBp,0.1,9,9,GAGCTGACGAGAGTACTTTA,0,2407061
mglBp,0.1,9,9,GAGCTCTCGGCATAAAAAAA,0,2336480
mglBp,0.1,9,9,GAGCCCCGTCCAGTTGCACA,0,2355518
mglBp,0.1,9,9,GAGACCTGAGGCTCCCCGGT,0,2328928
mglBp,0.1,9,9,GAGAAACATACCAGTTAGGA,0,2381675
mglBp,0.1,9,9,GACTTAACACATCACGTGGG,0,2346871
mglBp,0.1,9,9,GACTCCTCCCCTAGTCAACG,0,2388982
mglBp,0.1,9,9,GACTCATACTATCTAACGGC,0,2421605
mglBp,0.1,9,9,GACGTGTGTGGACTTGCGAC,0,2390123
mglBp,0.1,9,9,GACGTGACGCGTTCATCTGA,0,2422156
mglBp,0.1,9,9,GACGTCACCAGAGAGTGAAG,0,2399821
mglBp,0.1,9,9,GACGTCACCACGGCATTGTG,0,2325015
mglBp,0.1,9,9,GACGGGCGAACGCCCATCAG,0,2412402
mglBp,0.1,9,9,GACGGCATACCGTGGCTCTA,0,2413839
mglBp,0.1,9,9,GACGGCAGGCTTCGCAAAAC,0,2365919
mglBp,0.1,9,9,GACGCGTTACAGGAGAATCT,0,2383702
mglBp,0.1,9,9,GACGCGAAGTCGGGTCAAAT,0,2336419
mglBp,0.1,9,9,GACGCAAGTACAAAATTTGA,0,2328374
mglBp,0.1,9,9,GACCATTTCGGTCTAAGGTT,0,2320729
mglBp,0.1,9,9,GACCATCTCCGATGGTTAAG,0,2363497
mglBp,0.1,9,9,GACATGGTTGCTAAGCCGAG,0,2413380
mglBp,0.1,9,9,GACAGATTAGCAGCTGATGA,0,2368192
mglBp,0.1,9,9,GACACCCAATGAGGGTTCAT,0,2330658
mglBp,0.1,9,9,GAATTAGGATAGCACTGTAG,0,2373044
mglBp,0.1,9,9,GAATCGCACCCTTGGCGAGG,0,2388145
mglBp,0.1,9,9,GAATAGGGACATTCTATTTT,0,2391432
mglBp,0.1,9,9,GAAGGATCGCCCTCTTCCCT,0,2334793
mglBp,0.1,9,9,GAACGTGCGTGCTCATGGCG,0,2343176
mglBp,0.1,9,9,GAACGTGACACACCCATTCT,0,2419581
mglBp,0.1,9,9,GAACCGGATTGTTTCTAGCA,0,2379501
mglBp,0.1,9,9,GAACATTGCGACTCCCAAAT,0,2398492
mglBp,0.1,9,9,GAACATCGTCGGATGAATCA,0,2357609
mglBp,0.1,9,9,GAAATTTTCCGCCAAATGGC,0,2349226
mglBp,0.1,9,9,GAAATATGTATTACAACCGA,0,2333934
mglBp,0.1,9,9,GAAATACCATTGTAGGAGTA,0,2374321
mglBp,0.1,9,9,GAAACGGCTGGGATTGTGCA,0,2361367
mglBp,0.1,9,9,GAAACCGGCACCCGTACTGA,0,2317894
mglBp,0.1,9,9,CTTTTTGACTCTTGCGCTGA,0,2326862
mglBp,0.1,9,9,CTTTTGGGGAGACCTACCGG,0,2396895
mglBp,0.1,9,9,CTTTTCTCAAAGTCTTCTTG,0,2360968
mglBp,0.1,9,9,CTTTTATAGACGTCGAGGTC,0,2338213
mglBp,0.1,9,9,CTTTCTACCCGATTCGAAAA,0,2357952
mglBp,0.1,9,9,CTTTCAGGTTCTGGTCAAGA,0,2351420
mglBp,0.1,9,9,CTTTATTCTAAGTATGCGAA,0,2395399
mglBp,0.1,9,9,CTTGTACGGGGGATGCCATG,0,2387922
mglBp,0.1,9,9,CTTCGGCACCGATGAATAAT,0,2322347
mglBp,0.1,9,9,CTTCCTGGGTTTGAGCCTGG,0,2351249
mglBp,0.1,9,9,CTTCCGCGACACTGGGCCGA,0,2384157
mglBp,0.1,9,9,CTTCAGCTGCTTTCCCATCT,0,2323976
mglBp,0.1,9,9,CTTATGTCGTGGGATGCGTA,0,2336266
mglBp,0.1,9,9,CTTATCAAACGTAAGACGGT,0,2348013
mglBp,0.1,9,9,CTTAGCTCTCAACCACCGTA,0,2337210
mglBp,0.1,9,9,CTTACGCCTTAAAGATATGT,0,2403543
mglBp,0.1,9,9,CTTAACTCGGGGCTCCGAAT,0,2419551
mglBp,0.1,9,9,CTGTTGCTCGTTAGTGAATG,0,2351491
mglBp,0.1,9,9,CTGTCCTATCTAGCACTGAT,0,2405049
mglBp,0.1,9,9,CTGTATGGCGAGTTCGCACA,0,2337209
mglBp,0.1,9,9,CTGTAAGCACAGATAAACTT,0,2367237
mglBp,0.1,9,9,CTGTAACCTCGGGACACAAA,0,2318680
mglBp,0.1,9,9,CTGGTTAAAACCTTGCTTAT,0,2414039
mglBp,0.1,9,9,CTGGTGTGCTAAAGCCAATT,0,2342117
mglBp,0.1,9,9,CTGGTGCATTTTGCACACAA,0,2346433
mglBp,0.1,9,9,CTGGGCATGTTGGTGTCGGG,0,2334489
mglBp,0.1,9,9,CTGGCGTTCGCCGCACGGAA,0,2416618
mglBp,0.1,9,9,CTGGACACCTAGTCACTGGA,0,2421974
mglBp,0.1,9,9,CTGGAATGCGGCCCTATGGT,0,2321281
mglBp,0.1,9,9,CTGGAAATATAGTTTCGTGC,0,2402284
mglBp,0.1,9,9,CTGCTGTTCAGCGGAAAAGT,0,2348852
mglBp,0.1,9,9,CTGCTGGTTGTATGTCCAGA,0,2321084
mglBp,0.1,9,9,CTGCTGCCAGTTCCGTGTGC,0,2360147
mglBp,0.1,9,9,CTGCTCCCCTCTATCAAATG,0,2387957
mglBp,0.1,9,9,CTGCGGTTCTTGAGCTTGTC,0,2379234
mglBp,0.1,9,9,CTGCGGGTGAGTTGTGGTGG,0,2345468
mglBp,0.1,9,9,CTGCCTGCCATTGGGATTGA,0,2332675
mglBp,0.1,9,9,CTGCCATTTCAAGCACCAGT,0,2336694
mglBp,0.1,9,9,CTGCACGGCTCGATATTCTC,0,2334441
mglBp,0.1,9,9,CTGATTCGCACGTGAATGGT,0,2380418
mglBp,0.1,9,9,CTGATGCTCCGTGGATAGCC,0,2378105
mglBp,0.1,9,9,CTGATCCAACCCGATCTTAT,0,2317239
mglBp,0.1,9,9,CTGAGGTTGAAGATCTAGGG,0,2405614
mglBp,0.1,9,9,CTGAGGCCAGTTAGATCTAT,0,2398548
mglBp,0.1,9,9,CTGAGCATGTTCGATCATGG,0,2340292
mglBp,0.1,9,9,CTGAGCAGCCAGGATCTCAT,0,2335443
mglBp,0.1,9,9,CTGAGAACGTATTTGACCAA,0,2413274
mglBp,0.1,9,9,CTGAAGATGTCAAGGTAACT,0,2390308
mglBp,0.1,9,9,CTCTGTGCGGCAAAGACCGC,0,2389999
mglBp,0.1,9,9,CTCTGTCCGGACTTTGTTCG,0,2337991
mglBp,0.1,9,9,CTCTCCTATGGTATTACTAG,0,2416735
mglBp,0.1,9,9,CTCGTGACAAACGGATCAAG,0,2393574
mglBp,0.1,9,9,CTCGTCAGGACACTGTTGAC,0,2385045
mglBp,0.1,9,9,CTCGAGTCCCTTTGTGATAC,0,2359261
mglBp,0.1,9,9,CTCGAGGCGCATAAGTGGAC,0,2350359
mglBp,0.1,9,9,CTCGACTCCGGAACGTTCCG,0,2403449
mglBp,0.1,9,9,CTCGACGACTTAGAGTACAA,0,2385219
mglBp,0.1,9,9,CTCGAATTGGAGCTGCCGTG,0,2372242
mglBp,0.1,9,9,CTCCTCGGTCCAGACCGATA,0,2403720
mglBp,0.1,9,9,CTCCCCGGCCCGGAACCGAT,0,2333096
mglBp,0.1,9,9,CTCCCAATTGCGAATGCCAT,0,2348137
mglBp,0.1,9,9,CTCCACCTTCCAGCAAATGT,0,2392856
mglBp,0.1,9,9,CTCATCTGAAATACCCTGCG,0,2334395
mglBp,0.1,9,9,CTCAGTACCACATTTCAGAA,0,2339456
mglBp,0.1,9,9,CTCAGCATACGTTGTACATA,0,2398639
mglBp,0.1,9,9,CTCAGAGCGCTCTAGGTTTC,0,2348367
mglBp,0.1,9,9,CTCAGAAATAAAGTGTAAAT,0,2417485
mglBp,0.1,9,9,CTATTGCCCGACAACCCTGA,0,2347538
mglBp,0.1,9,9,CTATGTCTCCAAAGGTCTAT,0,2327712
mglBp,0.1,9,9,CTATGTCTAACGAACGTGGC,0,2358239
mglBp,0.1,9,9,CTATGGCAACTTTACATTCT,0,2408723
mglBp,0.1,9,9,CTATGCCTTTCGCAGCGTTC,0,2338382
mglBp,0.1,9,9,CTATAGTTTGACTGACCCGA,0,2324373
mglBp,0.1,9,9,CTATACGCGCAGCGAACACG,0,2383567
mglBp,0.1,9,9,CTAGCTTCGGCGTACGGGAT,0,2334141
mglBp,0.1,9,9,CTAGAAATGTGGAAACATGA,0,2332980
mglBp,0.1,9,9,CTACTCTGGCTACCCCCGGT,0,2401270
mglBp,0.1,9,9,CTACGATACTGGACGGCTGT,0,2418052
mglBp,0.1,9,9,CTACAGATTACCACTGTGGA,0,2366598
mglBp,0.1,9,9,CTAAGCGGCTGGACGGTGTT,0,2349655
mglBp,0.1,9,9,CTAAGAGGGGGCGCCTTATA,0,2355335
mglBp,0.1,9,9,CTAAATTACTATATGCCTGG,0,2393640
mglBp,0.1,9,9,CGTTTTGTCCTGAAAAATAT,0,2335933
mglBp,0.1,9,9,CGTTTGGAATAGAAGAACGA,0,2372958
mglBp,0.1,9,9,CGTTTGCACATCCTACGACT,0,2417329
mglBp,0.1,9,9,CGTTCTGGCGTGGCCATTGA,0,2381890
mglBp,0.1,9,9,CGTTATTGGTGAGCATGCGA,0,2326224
mglBp,0.1,9,9,CGTGTGTACGCCCAAGTTGG,0,2395660
mglBp,0.1,9,9,CGTGTGGCTGGGTCGAGGAT,0,2366932
mglBp,0.1,9,9,CGTGTATCTAGGCGTGCAAT,0,2413926
mglBp,0.1,9,9,CGTGTATAAGGTATTCAGCG,0,2381942
mglBp,0.1,9,9,CGTGGTTGCGAGGTGATGTA,0,2345025
mglBp,0.1,9,9,CGTGGAACTTCCGATGGATT,0,2375820
mglBp,0.1,9,9,CGTGAATAACCCTAAGGTAC,0,2391259
mglBp,0.1,9,9,CGTCTTAAGCGATAGTCTGT,0,2360223
mglBp,0.1,9,9,CGTCGGGCAACTATCGCTGC,0,2319061
mglBp,0.1,9,9,CGTCGCTATAGCCAATTCAC,0,2351889
mglBp,0.1,9,9,CGTATTTCTACCGCTTAGAA,0,2398520
mglBp,0.1,9,9,CGTATTCGCATATACGGACC,0,2414439
mglBp,0.1,9,9,CGTAGCATAGCTAGCCTCAA,0,2382017
mglBp,0.1,9,9,CGTAAGTCATTAGTTTAAGT,0,2374365
mglBp,0.1,9,9,CGTAAGAGGGCCGATCGGAA,0,2347776
mglBp,0.1,9,9,CGTAAGAGATGTCCCATGAT,0,2383207
mglBp,0.1,9,9,CGTAACCTGCTTGCGAGGAT,0,2385621
mglBp,0.1,9,9,CGGTTTGGTCTGTGATACTT,0,2383621
mglBp,0.1,9,9,CGGTGTTCAAGAATCTCTGA,0,2336346
mglBp,0.1,9,9,CGGTCAGACCCACGGGCTCT,0,2417871
mglBp,0.1,9,9,CGGGTGCGTAAGGCAATATT,0,2395716
mglBp,0.1,9,9,CGGGTGAGTTAGGCCTATAA,0,2383835
mglBp,0.1,9,9,CGGGTAGGTCTCGTAGTCGA,0,2341848
mglBp,0.1,9,9,CGGGCTGACGACCGGCTTAG,0,2341249
mglBp,0.1,9,9,CGGGCGCCGTCATTGAGTAA,0,2351913
mglBp,0.1,9,9,CGGGCGATCGGACGTTCAAC,0,2394580
mglBp,0.1,9,9,CGGGAACTCGCGCGACCCCT,0,2352103
mglBp,0.1,9,9,CGGGAACCTTGCTAAGAAAG,0,2335360
mglBp,0.1,9,9,CGGGAAAGGTCTTTTTATTA,0,2371502
mglBp,0.1,9,9,CGGGAAACTGTCTTCTAAGG,0,2337518
mglBp,0.1,9,9,CGGCTCGGCGTTGTGGTCTA,0,2361265
mglBp,0.1,9,9,CGGCCTTGAGACTGTGCGAT,0,2325883
mglBp,0.1,9,9,CGGCAGGGCGGTTTTAGATA,0,2390404
mglBp,0.1,9,9,CGGCACTTCGATGTATGTTT,0,2391800
mglBp,0.1,9,9,CGGCACAAAAACTATTAGCG,0,2407040
mglBp,0.1,9,9,CGGATGCGTGACTCTCTGCA,0,2420462
mglBp,0.1,9,9,CGGAGGGGATGTTGTAGATA,0,2337502
mglBp,0.1,9,9,CGGAGGCCTTGGGGAATGAA,0,2408589
mglBp,0.1,9,9,CGGAGGACGGAATAATCCTT,0,2347502
mglBp,0.1,9,9,CGGACTGCACACGGAACACA,0,2356594
mglBp,0.1,9,9,CGGACTCTCCATCCTATGCA,0,2321143
mglBp,0.1,9,9,CGGACTCGGGGCTGTTCGTA,0,2376138
mglBp,0.1,9,9,CGGACCTTCGGTGCGCATCT,0,2335802
mglBp,0.1,9,9,CGGACAAAATTCCGTTCAGA,0,2416323
mglBp,0.1,9,9,CGGAAACGAACTTCCACGCA,0,2369532
mglBp,0.1,9,9,CGCTTGTCTCGGCGGAGGCT,0,2330466
mglBp,0.1,9,9,CGCTGGCGTAATGTCGATAC,0,2330892
mglBp,0.1,9,9,CGCTCTTAACATTCGTGCGC,0,2336477
mglBp,0.1,9,9,CGCTCTAGACTCAAAGCTTG,0,2406958
mglBp,0.1,9,9,CGCGGGGGAATCCATGTCTT,0,2369694
mglBp,0.1,9,9,CGCGAGAGCTGGGACGGCGC,0,2397097
mglBp,0.1,9,9,CGCGACCCTCTGCCGGTTAA,0,2367407
mglBp,0.1,9,9,CGCCGACTAAACAACATTTG,0,2388189
mglBp,0.1,9,9,CGCCGAACCGGCCCTGGGCG,0,2370751
mglBp,0.1,9,9,CGCCCAGCACTGAGGGCAGA,0,2350086
mglBp,0.1,9,9,CGCCACCTTGTCGACCCTTA,0,2373878
mglBp,0.1,9,9,CGCATTAGAGTCCGTGCCGA,0,2351191
mglBp,0.1,9,9,CGCATGGGCATTGACGTGAC,0,2325941
mglBp,0.1,9,9,CGCAGTGCCCGTATGTCGAT,0,2353833
mglBp,0.1,9,9,CGCACCTCGCACCGCAGTAA,0,2325456
mglBp,0.1,9,9,CGCACCGAGGGTCATAGGTG,0,2342953
mglBp,0.1,9,9,CGATTGAGAACCACCAAATA,0,2417344
mglBp,0.1,9,9,CGATGGGCTACAACTAACCC,0,2419532
mglBp,0.1,9,9,CGATCGTGGTATCGCATAGA,0,2385130
mglBp,0.1,9,9,CGATCCCAAAAGGCTTTTCT,0,2332799
mglBp,0.1,9,9,CGATACCAGGCGGAGCTGCC,0,2346643
mglBp,0.1,9,9,CGAGTGTGAGTAAGGCACGT,0,2365955
mglBp,0.1,9,9,CGAGTATGGCAGCCAGCGCA,0,2349235
mglBp,0.1,9,9,CGAGGCTAGCGCAGACCGAT,0,2416891
mglBp,0.1,9,9,CGAGCACTCGATACTGAAAT,0,2330575
mglBp,0.1,9,9,CGACTAGGACAGGGCGCACT,0,2378981
mglBp,0.1,9,9,CGACCGACATCTTATCGAGA,0,2316483
mglBp,0.1,9,9,CGACAGGATGTCTGCTTAAC,0,2352033
mglBp,0.1,9,9,CGAATGCCGTGCGCACATTT,0,2356034
mglBp,0.1,9,9,CGAAGTGCATAGGCCCTGTC,0,2396361
mglBp,0.1,9,9,CGAAGCTCTAAAGTTTGACC,0,2414478
mglBp,0.1,9,9,CGAAGCCTGAGTGAGTGGGG,0,2412603
mglBp,0.1,9,9,CGAAATGCAATAAGGTTACC,0,2416864
mglBp,0.1,9,9,CCTTTGATCGGCAGCTCAGA,0,2407204
mglBp,0.1,9,9,CCTTCTGCAGCATGAATCGA,0,2316811
mglBp,0.1,9,9,CCTTCGGTTGTAGTCACCCT,0,2328628
mglBp,0.1,9,9,CCTTAGAGGACCCTAAACAA,0,2406953
mglBp,0.1,9,9,CCTGTCCGTCGCGGGGGCCG,0,2333205
mglBp,0.1,9,9,CCTGTAGGCGGGTTTCCTGT,0,2421315
mglBp,0.1,9,9,CCTGGGACGGGCGTCGCGTC,0,2410656
mglBp,0.1,9,9,CCTGGCAACCTTGTCGCTTT,0,2413919
mglBp,0.1,9,9,CCTCTAATAGCACAGTAGGT,0,2330745
mglBp,0.1,9,9,CCTCGCCTCCGTAATATTTG,0,2332555
mglBp,0.1,9,9,CCTCGATTAAGGTTAAGGAC,0,2407850
mglBp,0.1,9,9,CCTCAGGCTGAGCTTACTTT,0,2395426
mglBp,0.1,9,9,CCTCAAACCGGCCTCATCTG,0,2388197
mglBp,0.1,9,9,CCTAGCAGCAGCGGTGAATT,0,2320603
mglBp,0.1,9,9,CCTAGATCGCAATGTTGTCT,0,2400464
mglBp,0.1,9,9,CCTAACGTATAATCCTGAAG,0,2331065
mglBp,0.1,9,9,CCGTTCACGAACCAGAGTCG,0,2334635
mglBp,0.1,9,9,CCGTGATTAACGCACCGTAA,0,2355614
mglBp,0.1,9,9,CCGTCTTAGAGAATTCCTAA,0,2358616
mglBp,0.1,9,9,CCGTCTCACGCGTGCTCGCA,0,2400537
mglBp,0.1,9,9,CCGTAGTTAAAGACTGGGTT,0,2367740
mglBp,0.1,9,9,CCGTAATATGAATCTTGGGT,0,2326260
mglBp,0.1,9,9,CCGGTAACTCCTCCACGGTT,0,2395287
mglBp,0.1,9,9,CCGGGTTTGCTGCACTTCCT,0,2334522
mglBp,0.1,9,9,CCGGCCACCAGATAAGCATC,0,2397325
mglBp,0.1,9,9,CCGGATGCAGCGCATTAACC,0,2400159
mglBp,0.1,9,9,CCGCTCGTTTTGGATTAATG,0,2386625
mglBp,0.1,9,9,CCGCTCAAAGAGATTCCGTT,0,2420823
mglBp,0.1,9,9,CCGCGCCTAAGGCTCGCGAG,0,2379261
mglBp,0.1,9,9,CCGCCATGATCCCTCTCTTG,0,2318446
mglBp,0.1,9,9,CCGCCAGGGTCGGCACGTTA,0,2382725
mglBp,0.1,9,9,CCGCACCCGGGTGCATGACT,0,2384050
mglBp,0.1,9,9,CCGATACTAGCCGAGCGTTT,0,2369116
mglBp,0.1,9,9,CCCTTCCGCAGCAGAGCTTG,0,2331163
mglBp,0.1,9,9,CCCTGCGCTGATCTCACGCA,0,2358363
mglBp,0.1,9,9,CCCTCGTGCCCCTGGCAATT,0,2409085
mglBp,0.1,9,9,CCCGTATGGCGACTTTTTTA,0,2374935
mglBp,0.1,9,9,CCCGGTGGTCTGTGGAAGGC,0,2387285
mglBp,0.1,9,9,CCCGATTCTTTGTCGGCCTT,0,2372796
mglBp,0.1,9,9,CCCGATTCGGGCTTTGTAAT,0,2372469
mglBp,0.1,9,9,CCCGACGATTCAAACTCTAT,0,2387675
mglBp,0.1,9,9,CCCCTTTTATAATCAGGTTA,0,2412659
mglBp,0.1,9,9,CCCCAGGAGCCGCAGATAAG,0,2367049
mglBp,0.1,9,9,CCCATTGGAGGGGCTAACCA,0,2320724
mglBp,0.1,9,9,CCCATCCGCCCAGGGCATTC,0,2361389
mglBp,0.1,9,9,CCCATACTCTGCGAGGTCAA,0,2396544
mglBp,0.1,9,9,CCCAGGCCTCCGATCAGATT,0,2422594
mglBp,0.1,9,9,CCCAGCTGGTGACCAACTCA,0,2419315
mglBp,0.1,9,9,CCCACTGAAGCCGAGCGCTG,0,2343927
mglBp,0.1,9,9,CCCACTCGTATGAAGTGTGT,0,2352269
mglBp,0.1,9,9,CCCACATAGCATGGTACTCG,0,2359745
mglBp,0.1,9,9,CCCAATTAGTCACATCAATA,0,2403320
mglBp,0.1,9,9,CCCAACATTACGACCAATCT,0,2372689
mglBp,0.1,9,9,CCATTCATGCAGTTTAGAGA,0,2381872
mglBp,0.1,9,9,CCATGGTATGCGTCTGCCCT,0,2378863
mglBp,0.1,9,9,CCATCTTTACCTCGTCTCGA,0,2411393
mglBp,0.1,9,9,CCATACACTACGCAAACCGA,0,2363901
mglBp,0.1,9,9,CCAGTTGATCTGCGTCCCCC,0,2385149
mglBp,0.1,9,9,CCAGTTAGGAGGGATCCCAT,0,2407890
mglBp,0.1,9,9,CCAGGTGCGAGCCGGAGCCC,0,2395647
mglBp,0.1,9,9,CCAGGGGAGAGGCTTAAATC,0,2345453
mglBp,0.1,9,9,CCAGGCTTCGCGCACGAATG,0,2372807
mglBp,0.1,9,9,CCAGGATCCAATTTTGCCAG,0,2377427
mglBp,0.1,9,9,CCAGCTCGGTTTTCATTGGT,0,2326088
mglBp,0.1,9,9,CCAGCTCATAGAATTACAGT,0,2381873
mglBp,0.1,9,9,CCACGTGAGGTCTATAACTT,0,2367412
mglBp,0.1,9,9,CCACGTCGAACGATGGCCCA,0,2361801
mglBp,0.1,9,9,CCACATCGTCCTGTGTCAGT,0,2350186
mglBp,0.1,9,9,CCACACTCCCCCTTGGAATA,0,2408965
mglBp,0.1,9,9,CCACAAACAGCGCTGGCCGG,0,2404109
mglBp,0.1,9,9,CCACAAAATACCGCCTGCGG,0,2316926
mglBp,0.1,9,9,CCAATTGTTCTTTCGTAAGG,0,2391631
mglBp,0.1,9,9,CCAATACCCTTCTAGAGGTG,0,2393930
mglBp,0.1,9,9,CATTTGATTCAGACGGGGCA,0,2341475
mglBp,0.1,9,9,CATTGGGTAGAGAAGGGTAT,0,2379687
mglBp,0.1,9,9,CATTGCGCGAGTGCCAACAG,0,2344967
mglBp,0.1,9,9,CATTGCAGCATGGGCGTTAT,0,2396183
mglBp,0.1,9,9,CATTGAACCTTCAAGGATCT,0,2355908
mglBp,0.1,9,9,CATTCTATGGGGGGGTTCGC,0,2373419
mglBp,0.1,9,9,CATGTTTGTGCTATTCTATA,0,2391216
mglBp,0.1,9,9,CATGTTTACTACGGGATCCC,0,2382621
mglBp,0.1,9,9,CATGGGCTCAAGTACCGGAG,0,2382749
mglBp,0.1,9,9,CATGCGCATATCATCCGTAG,0,2376124
mglBp,0.1,9,9,CATGCCGGGTATATGGCAGA,0,2356104
mglBp,0.1,9,9,CATCGGTGGAACCGGGTAAA,0,2399675
mglBp,0.1,9,9,CATCGCCTTAGCCTAGTTAT,0,2398976
mglBp,0.1,9,9,CATCCGTGTTCCGTAAGCGT,0,2402210
mglBp,0.1,9,9,CATCATCTTTGGGAAGTATT,0,2339660
mglBp,0.1,9,9,CATCAGTACCCGCACGTTTT,0,2329505
mglBp,0.1,9,9,CATCAAGGCGGATGCGCTCT,0,2374230
mglBp,0.1,9,9,CATATACACGTTGTATCCAT,0,2336198
mglBp,0.1,9,9,CATAGCCTCCGCGGGCTTCC,0,2360041
mglBp,0.1,9,9,CATACCTGTCCGGCTCAAGC,0,2337687
mglBp,0.1,9,9,CATACATGATAACATGGGTA,0,2387615
mglBp,0.1,9,9,CATAACTCCCGTTTGATCAG,0,2422540
mglBp,0.1,9,9,CAGTGGATCCGAGCCGCTGA,0,2361628
mglBp,0.1,9,9,CAGTGCGCGGATAACCGTTG,0,2398185
mglBp,0.1,9,9,CAGTGCCTGCCAGAGTAAAT,0,2412479
mglBp,0.1,9,9,CAGTCCGCATTCGTTCCCAA,0,2375215
mglBp,0.1,9,9,CAGTCATAAGAAAATATACT,0,2368200
mglBp,0.1,9,9,CAGTACTTATACCCTACTAT,0,2399831
mglBp,0.1,9,9,CAGTAAAGAGTTCGGTAAAG,0,2334565
mglBp,0.1,9,9,CAGGTGGGCAATCGCATCAT,0,2354662
mglBp,0.1,9,9,CAGGGGGGTCGAATAGTGCA,0,2334817
mglBp,0.1,9,9,CAGGGGGAATACTGGGAACG,0,2354100
mglBp,0.1,9,9,CAGGGCGAGCATTATTCTGC,0,2323809
mglBp,0.1,9,9,CAGGCCGAGACTGGCCCCAT,0,2326420
mglBp,0.1,9,9,CAGGCAGACCGCGGCCAAGA,0,2321631
mglBp,0.1,9,9,CAGGAGTTTGATAGCTCAAT,0,2379348
mglBp,0.1,9,9,CAGCTTCGATCCCTGAGTCT,0,2405079
mglBp,0.1,9,9,CAGCGTTGGTAAAAGCGTTT,0,2396199
mglBp,0.1,9,9,CAGCGTCTTAATTGTTTTAG,0,2409913
mglBp,0.1,9,9,CAGCGGGTGAGCTAAAGACG,0,2332423
mglBp,0.1,9,9,CAGCGGGTACGAGCAAATCG,0,2404770
mglBp,0.1,9,9,CAGCGGGAGATATTTGGGTG,0,2410885
mglBp,0.1,9,9,CAGCGGCCCGTTTCCGGAGT,0,2326616
mglBp,0.1,9,9,CAGCCACATTTGATATCTTC,0,2354403
mglBp,0.1,9,9,CAGCATGGAGTAAGACCTCC,0,2316861
mglBp,0.1,9,9,CAGCAGCATGCTAGACTCGC,0,2342475
mglBp,0.1,9,9,CAGATTGATATGTTAGGTAG,0,2366769
mglBp,0.1,9,9,CAGATCCTTGGTACGTGGAA,0,2346912
mglBp,0.1,9,9,CAGAGTTATAACATTCTTCC,0,2363501
mglBp,0.1,9,9,CAGACCGGTGGACGAACGTA,0,2336457
mglBp,0.1,9,9,CACTGGTTAGTGAGCTGGCT,0,2364254
mglBp,0.1,9,9,CACTCGGACTAAACGATATG,0,2372308
mglBp,0.1,9,9,CACTCCCCCTTGAGGATGCG,0,2335414
mglBp,0.1,9,9,CACTAAGCACGGTATTAGGC,0,2343035
mglBp,0.1,9,9,CACTAAAGTGACATTGATGG,0,2318631
mglBp,0.1,9,9,CACGTTAGTTTCCTGCAATC,0,2343299
mglBp,0.1,9,9,CACGTGGTGTAGGGAAGACC,0,2333588
mglBp,0.1,9,9,CACGTCTGAAGGCACTTGCC,0,2330008
mglBp,0.1,9,9,CACGGGGTGACCCGAAGGTC,0,2360402
mglBp,0.1,9,9,CACGCTATCCCCATGTTTCT,0,2409480
mglBp,0.1,9,9,CACGACGTTCGACCACCCTG,0,2329352
mglBp,0.1,9,9,CACCGAAAGTGCTTGTGCCT,0,2317548
mglBp,0.1,9,9,CACCATGGGATCGCCTTCCA,0,2393466
mglBp,0.1,9,9,CACATGTTGCACACTTTTGA,0,2418114
mglBp,0.1,9,9,CACATAACTGATTCATGACC,0,2402564
mglBp,0.1,9,9,CACACGTCGCGTGGATAGGT,0,2418751
mglBp,0.1,9,9,CACAATACGACTGGGACGGT,0,2323807
mglBp,0.1,9,9,CACAAAACGATCGTTCGCAT,0,2366481
mglBp,0.1,9,9,CAATTGGCTGATTTAGACGT,0,2415591
mglBp,0.1,9,9,CAATGTAACTATTTGACAGT,0,2415330
mglBp,0.1,9,9,CAATGGTTCGATCCGTTACA,0,2322334
mglBp,0.1,9,9,CAATGCATCGTGTCACTTGA,0,2408071
mglBp,0.1,9,9,CAATCGATCATCGAGTCAGG,0,2374622
mglBp,0.1,9,9,CAATCAAGTGCCATAGGGCA,0,2346830
mglBp,0.1,9,9,CAAGGTGTAATCAGCAGGAT,0,2349451
mglBp,0.1,9,9,CAAGCTTTGATTAGGGTTTA,0,2398698
mglBp,0.1,9,9,CAAGATCTAGGAGTTACGTC,0,2370951
mglBp,0.1,9,9,CAAGACTGAGGCACCGCGAA,0,2345995
mglBp,0.1,9,9,CAACCGCCCAAGCCGACTTA,0,2372441
mglBp,0.1,9,9,CAACCAGTATTAATTTAGGT,0,2358330
mglBp,0.1,9,9,CAACAAGACGCAGTTTTTTT,0,2373468
mglBp,0.1,9,9,CAACAACTGCAATGAAGGCA,0,2404383
mglBp,0.1,9,9,CAAATCGAACGGGTTAGGAT,0,2386985
mglBp,0.1,9,9,CAAATATAGTGTAAGGGAAA,0,2355692
mglBp,0.1,9,9,CAAAGTCAACTCGAGCGAAA,0,2349549
mglBp,0.1,9,9,CAAAACTGACAGGGTACGTT,0,2376875
mglBp,0.1,9,9,ATTTTGGAGGACGGTATGAA,0,2318911
mglBp,0.1,9,9,ATTTTCTATAGCGTGATAAG,0,2401169
mglBp,0.1,9,9,ATTTGGAGGGGGCAGGCATC,0,2386389
mglBp,0.1,9,9,ATTTAATTATATTCCAACTT,0,2372413
mglBp,0.1,9,9,ATTGTTATGCTGGTGATTTC,0,2365271
mglBp,0.1,9,9,ATTGTCCATCGGTTCCCATG,0,2382579
mglBp,0.1,9,9,ATTGGCCAATTTTACCGTTC,0,2365535
mglBp,0.1,9,9,ATTGGCAATGCCAGATCAGA,0,2322406
mglBp,0.1,9,9,ATTGGACACGGTGTGATGGT,0,2345938
mglBp,0.1,9,9,ATTGCTAAGTCCACCTTATA,0,2371666
mglBp,0.1,9,9,ATTGACATGACAAGTGATGC,0,2420420
mglBp,0.1,9,9,ATTGAAGTTGGGCTGCGACC,0,2399168
mglBp,0.1,9,9,ATTCTGGTCATGTGCGGACC,0,2333888
mglBp,0.1,9,9,ATTCTCTAAACAGAATTCGT,0,2366492
mglBp,0.1,9,9,ATTCTCCACCGAACGGATAA,0,2369730
mglBp,0.1,9,9,ATTCGCTGTCACTGCGTGTT,0,2347552
mglBp,0.1,9,9,ATTCGCGGGACGTAAATCAT,0,2405863
mglBp,0.1,9,9,ATTCCTCCGGGTAGGTCTAG,0,2316796
mglBp,0.1,9,9,ATTCCCATATTTTTACAAAA,0,2411197
mglBp,0.1,9,9,ATTCATTAGCTGGCTATTTA,0,2390289
mglBp,0.1,9,9,ATTCAATAACCCATGTAACA,0,2330223
mglBp,0.1,9,9,ATTATATTCCGCAGCCTTGA,0,2391532
mglBp,0.1,9,9,ATTATAGCTCGTTGGAGTAA,0,2353604
mglBp,0.1,9,9,ATTATAGAGCGACTTCCTAA,0,2323760
mglBp,0.1,9,9,ATTAGAATGCGCGGCTTCGT,0,2344690
mglBp,0.1,9,9,ATTACGCTTGGCTCCGAACG,0,2347556
mglBp,0.1,9,9,ATTACCGCCGGAGCGCCAAT,0,2363597
mglBp,0.1,9,9,ATTACCAGTAGTTTGGCGGG,0,2353507
mglBp,0.1,9,9,ATGTGGGTTTCGCATGTGTA,0,2345014
mglBp,0.1,9,9,ATGTCGTGCTTTTATAAAGA,0,2360575
mglBp,0.1,9,9,ATGTCCGAGGCCGCGCACAG,0,2346849
mglBp,0.1,9,9,ATGTCACCCGGCCAGGCGAA,0,2347357
mglBp,0.1,9,9,ATGGCTCAATGTGGATTGCT,0,2376049
mglBp,0.1,9,9,ATGGCCCTTGCGGCCACACT,0,2403125
mglBp,0.1,9,9,ATGGCATCCTATACCACCAC,0,2348849
mglBp,0.1,9,9,ATGCTTCGATGAAGAAGACA,0,2341958
mglBp,0.1,9,9,ATGCTCGAACGGATTGATTA,0,2331460
mglBp,0.1,9,9,ATGCTAGTGTTAAACCAGTT,0,2367743
mglBp,0.1,9,9,ATGCTAGGTAGTGACAGGCT,0,2332749
mglBp,0.1,9,9,ATGCGTTACCACAAATAGTG,0,2374821
mglBp,0.1,9,9,ATGCCCGCATGGGAAGGGCC,0,2406208
mglBp,0.1,9,9,ATGCCACGTTGACATCCCAT,0,2355797
mglBp,0.1,9,9,ATGCACTCCTGCGAAGAGTT,0,2409002
mglBp,0.1,9,9,ATGAGTCCAGCCAGGTCGGA,0,2356632
mglBp,0.1,9,9,ATGAGAGGTTTGATACAAGT,0,2357548
mglBp,0.1,9,9,ATGAGACAGATCTACACTAA,0,2328594
mglBp,0.1,9,9,ATCTTTGTTGTCTTTATGAC,0,2371867
mglBp,0.1,9,9,ATCTTTCCGGGAAAAATACG,0,2350470
mglBp,0.1,9,9,ATCTTAGCTATCAGGGCGGT,0,2351313
mglBp,0.1,9,9,ATCTCGGCTCAAGTGGGCTC,0,2336029
mglBp,0.1,9,9,ATCTCAGACTACACTGGACT,0,2339977
mglBp,0.1,9,9,ATCTCACACGGGCTTTGCTG,0,2345932
mglBp,0.1,9,9,ATCTATCGTATACTCAACGA,0,2363923
mglBp,0.1,9,9,ATCGGATGTTCGCCCCTACG,0,2348133
mglBp,0.1,9,9,ATCGCGGTAATCAATCGAGA,0,2388561
mglBp,0.1,9,9,ATCGACGCCGGCACATCCTG,0,2418111
mglBp,0.1,9,9,ATCCTTGCACCAATACGAAT,0,2421006
mglBp,0.1,9,9,ATCCTGTACACACAGCTGGG,0,2356993
mglBp,0.1,9,9,ATCCCGTTGGGGTTTAATCT,0,2389743
mglBp,0.1,9,9,ATCAGCTATCGCGAGACTGA,0,2353850
mglBp,0.1,9,9,ATCACTGACAACAAGTAAGT,0,2338192
mglBp,0.1,9,9,ATCACCAGACACAGGTTCGG,0,2326332
mglBp,0.1,9,9,ATCAACGAAAACTCTGCAGA,0,2325892
mglBp,0.1,9,9,ATATGCGAATGTACATTGGA,0,2398355
mglBp,0.1,9,9,ATATCAGCCTTGCAAAAAAA,0,2347949
mglBp,0.1,9,9,ATATACCTGTCTCATCATTG,0,2374197
mglBp,0.1,9,9,ATATACCAGCGGGCTGCGAG,0,2397831
mglBp,0.1,9,9,ATATAAATACGAGCTCGATA,0,2409668
mglBp,0.1,9,9,ATAGGGCTGTGAAAAGTCCA,0,2344283
mglBp,0.1,9,9,ATAGCTAGGACCATGCTTAA,0,2351136
mglBp,0.1,9,9,ATAGCGGCCAATAGCAATTT,0,2370991
mglBp,0.1,9,9,ATAGCCTGGACGTTGGCCAG,0,2415867
mglBp,0.1,9,9,ATAGACCGTGGTCCGTATAT,0,2417529
mglBp,0.1,9,9,ATAGAAATCGCCCATGCCTA,0,2396775
mglBp,0.1,9,9,ATACTCATCGCGTTTTATAC,0,2361126
mglBp,0.1,9,9,ATACGTCCAACATCAGGGAT,0,2339497
mglBp,0.1,9,9,ATACGTAGCCGGGGCCTTGT,0,2366958
mglBp,0.1,9,9,ATACGCAGAGTTGAAACCGT,0,2405760
mglBp,0.1,9,9,ATACGAGGATCGCCCCTTAG,0,2407589
mglBp,0.1,9,9,ATACGACGCACGCCATCTGT,0,2392259
mglBp,0.1,9,9,ATACCTAACCAATTGTACAG,0,2362434
mglBp,0.1,9,9,ATACCGGGTCCACCCAAAAT,0,2407971
mglBp,0.1,9,9,ATAAGTTTGTTCCGTGAGCG,0,2405328
mglBp,0.1,9,9,ATAAGGGACTTTGGCTGACC,0,2336020
mglBp,0.1,9,9,ATAACTGATACTGACATGGC,0,2346675
mglBp,0.1,9,9,ATAACGACCTAAACTTTTTA,0,2397983
mglBp,0.1,9,9,ATAAAGTACTCAAATAAAAC,0,2349748
mglBp,0.1,9,9,AGTTTTGCTGAAATCTTTAT,0,2337028
mglBp,0.1,9,9,AGTTTGGCTCTCAATGTTTA,0,2335457
mglBp,0.1,9,9,AGTTTGCCCATCGATATCGC,0,2391640
mglBp,0.1,9,9,AGTTGCTGAAGCCACGTCAC,0,2390720
mglBp,0.1,9,9,AGTTATCACCGGCCCTGCAA,0,2391724
mglBp,0.1,9,9,AGTTAGACGTTAGGCCACGC,0,2423085
mglBp,0.1,9,9,AGTTACCGTTACAAGCCTCT,0,2334040
mglBp,0.1,9,9,AGTGTTTAGTCGTGTTTATT,0,2327123
mglBp,0.1,9,9,AGTGTTGGGATTCGTCATGA,0,2363058
mglBp,0.1,9,9,AGTGTGAGATCTCTTTGAAG,0,2360259
mglBp,0.1,9,9,AGTGGGGGAGCGCATCCAGT,0,2406755
mglBp,0.1,9,9,AGTGGCCGAAACGGCTCCAA,0,2412518
mglBp,0.1,9,9,AGTGGACAGCGCGGTCTGCG,0,2397251
mglBp,0.1,9,9,AGTGCGTACAATAACCTTCC,0,2337425
mglBp,0.1,9,9,AGTGCACCTCCTTCGTGAGA,0,2342739
mglBp,0.1,9,9,AGTGATTTGCGGACAGATAT,0,2404198
mglBp,0.1,9,9,AGTGAGCGGTTCAGGTTCAC,0,2405091
mglBp,0.1,9,9,AGTCTTCATGGTAGAGCCAA,0,2346214
mglBp,0.1,9,9,AGTCGATCGAGACGGTCTCA,0,2394041
mglBp,0.1,9,9,AGTCGATATGACTGTAAGTC,0,2374636
mglBp,0.1,9,9,AGTCCTCGTCTCTAGATGCA,0,2369091
mglBp,0.1,9,9,AGTCCTCAGCGGATGCTGGA,0,2396964
mglBp,0.1,9,9,AGTCAGTCATTTCTTCAGTC,0,2360744
mglBp,0.1,9,9,AGTCAGCTGGTCGCAGCGGC,0,2411120
mglBp,0.1,9,9,AGTATGCGGCGTCCGCTTCA,0,2340620
mglBp,0.1,9,9,AGTATCGATTCAATAGGTGT,0,2354999
mglBp,0.1,9,9,AGTAGTACACTGAGGATATA,0,2356436
mglBp,0.1,9,9,AGTAGCAAACATGATTGCAT,0,2335195
mglBp,0.1,9,9,AGTACATGTGTACAATTACT,0,2346314
mglBp,0.1,9,9,AGGTTAGGACAAGCCCGGAA,0,2363147
mglBp,0.1,9,9,AGGTGTCCTGGTCGGTGCAA,0,2370367
mglBp,0.1,9,9,AGGTGCATTTCTTATTCCTT,0,2379410
mglBp,0.1,9,9,AGGTCGAGCGTGAGCAGTTA,0,2412199
mglBp,0.1,9,9,AGGTCCCGCCCGAATCTTTG,0,2378609
mglBp,0.1,9,9,AGGGTCTTTTTCGCGGTGTC,0,2398068
mglBp,0.1,9,9,AGGGGGATATTACGAGCCTT,0,2384630
mglBp,0.1,9,9,AGGGGACGTCGCTACAAGTA,0,2421747
mglBp,0.1,9,9,AGGGGACCTATGTTCGTATA,0,2320701
mglBp,0.1,9,9,AGGGGAACTGTTAGTAGGGT,0,2335449
mglBp,0.1,9,9,AGGGAGAAGCTAAGCTGGTT,0,2402960
mglBp,0.1,9,9,AGGCTTGCAGGTTTACGTCA,0,2373370
mglBp,0.1,9,9,AGGCGCTCACCTGGTCACAA,0,2368541
mglBp,0.1,9,9,AGGCCGACAAGGACAGGAAA,0,2377278
mglBp,0.1,9,9,AGGCCCCTTCGAACATTGAA,0,2406336
mglBp,0.1,9,9,AGGCCATGAGGGCGGTTGTC,0,2420192
mglBp,0.1,9,9,AGGAGTGTAGTTGCATAACT,0,2409943
mglBp,0.1,9,9,AGGAGGGGGGTACAACAATT,0,2348858
mglBp,0.1,9,9,AGGAGGGATTAAAATGCCGG,0,2336213
mglBp,0.1,9,9,AGGAGGACTTGGGTTGGTGT,0,2410920
mglBp,0.1,9,9,AGGAGAATACGATTTTCTTG,0,2322990
mglBp,0.1,9,9,AGGACCAAGGATCTATGGCG,0,2410125
mglBp,0.1,9,9,AGGAAGTCTATCTCTGCGTT,0,2402539
mglBp,0.1,9,9,AGCTGTGCTCTGAGCAAGTC,0,2382376
mglBp,0.1,9,9,AGCTGCTCTAGGACAGGCGA,0,2360453
mglBp,0.1,9,9,AGCTCTGGTCGTTAACCCTC,0,2335932
mglBp,0.1,9,9,AGCTCTGGGATGTACAACCT,0,2388253
mglBp,0.1,9,9,AGCTATGTCCCAAAGAAGAG,0,2332771
mglBp,0.1,9,9,AGCGTAGTAGGGTGGACTGA,0,2333344
mglBp,0.1,9,9,AGCGGTGGTATACTTCAATA,0,2381553
mglBp,0.1,9,9,AGCGGGTTGCAATACCATTC,0,2413199
mglBp,0.1,9,9,AGCGGCCGGATTAAGCCCCC,0,2369142
mglBp,0.1,9,9,AGCGAAAAATCGTGTGGACT,0,2347668
mglBp,0.1,9,9,AGCCTGTAGCGCGTGAGCTT,0,2344187
mglBp,0.1,9,9,AGCCTCCGTCAAGAGCGTCT,0,2361695
mglBp,0.1,9,9,AGCCGAGGAGATCCGTTAAG,0,2345754
mglBp,0.1,9,9,AGCCCGAGCCAGCATCACGT,0,2410748
mglBp,0.1,9,9,AGCATTCTTCGGGGAACACG,0,2357353
mglBp,0.1,9,9,AGCATCTATTTGTCGGCGGC,0,2376485
mglBp,0.1,9,9,AGCAGGGTATTCTTACTTCA,0,2360244
mglBp,0.1,9,9,AGCAGACGGTTCCGACTTTA,0,2388452
mglBp,0.1,9,9,AGCACGTAGGAACCACTTAC,0,2334994
mglBp,0.1,9,9,AGCACCTTGCATAACTAGTT,0,2419317
mglBp,0.1,9,9,AGCACCTACATGATGTCATT,0,2332234
mglBp,0.1,9,9,AGCACAAAGCTCCCTCAGAT,0,2368488
mglBp,0.1,9,9,AGCAAGAATTAATCATACGC,0,2415219
mglBp,0.1,9,9,AGCAACCTTGGGGGATTATA,0,2421167
mglBp,0.1,9,9,AGATTACATGGGACGTCTAA,0,2420709
mglBp,0.1,9,9,AGATCTGCACGAGGCCGATC,0,2419775
mglBp,0.1,9,9,AGATCCGTATAATCCGGTAA,0,2388436
mglBp,0.1,9,9,AGAGGTTTTGAGAAAGAATT,0,2422722
mglBp,0.1,9,9,AGAGGGTCCACTTCTGCAGA,0,2408643
mglBp,0.1,9,9,AGAGGCTTAAGACTGATGAA,0,2396332
mglBp,0.1,9,9,AGAGGATTTTCCGCGCTCTG,0,2417018
mglBp,0.1,9,9,AGAGCCAATCAGGGTTCTCT,0,2343500
mglBp,0.1,9,9,AGACTTGACGTGTGACTAAT,0,2371106
mglBp,0.1,9,9,AGACTAATACCTATGGCTAC,0,2340403
mglBp,0.1,9,9,AGACTAAGATCACAGGTAAC,0,2398785
mglBp,0.1,9,9,AGAACCATAATCGTACTGAG,0,2376321
mglBp,0.1,9,9,AGAAATGTTTCTCGGTAGGA,0,2319705
mglBp,0.1,9,9,AGAAAGGTATAAGCGTTCGG,0,2351735
mglBp,0.1,9,9,AGAAAAGGAACGGGTGTTAA,0,2388268
mglBp,0.1,9,9,ACTTTGTGGTCGATTGACGC,0,2362109
mglBp,0.1,9,9,ACTTTGGGAGTGGACCGCGA,0,2401009
mglBp,0.1,9,9,ACTTTACCTAAGACCATGGA,0,2345873
mglBp,0.1,9,9,ACTTTACCAGCCTAATGGGT,0,2367947
mglBp,0.1,9,9,ACTTGGAGGGATACACCAAT,0,2378568
mglBp,0.1,9,9,ACTTGGAAGTCATATGTGCA,0,2411574
mglBp,0.1,9,9,ACTTGCTAAGTCCTACCCAG,0,2411112
mglBp,0.1,9,9,ACTTGACAGTAGGAGGTTAA,0,2329199
mglBp,0.1,9,9,ACTTCTTTAGTCTAGCTCTG,0,2401054
mglBp,0.1,9,9,ACTTCCCGTTGGGGAAAGTC,0,2400028
mglBp,0.1,9,9,ACTTCAGACTGGGCGACAGT,0,2402469
mglBp,0.1,9,9,ACTGGGTCTCCGCGAATTTA,0,2355941
mglBp,0.1,9,9,ACTGGGAAGTAAACTATTTG,0,2356323
mglBp,0.1,9,9,ACTGGCGGCACTACATCAGG,0,2357120
mglBp,0.1,9,9,ACTGGAATGTGGACTTGACT,0,2324830
mglBp,0.1,9,9,ACTCGTAGAGCTCTTGCGTA,0,2391444
mglBp,0.1,9,9,ACTCATCCCAGGGGACTCAA,0,2366986
mglBp,0.1,9,9,ACTATCTATTCAACGTCGTC,0,2422447
mglBp,0.1,9,9,ACTACGCCCTCGCGTTGTAG,0,2358148
mglBp,0.1,9,9,ACGTTTGTTTAGAGGCCGAT,0,2415509
mglBp,0.1,9,9,ACGTTTCTGGGATTACATTT,0,2335707
mglBp,0.1,9,9,ACGTTGACAATTCAGGGGAG,0,2340001
mglBp,0.1,9,9,ACGTCGTCATAGGTAGCAAT,0,2398505
mglBp,0.1,9,9,ACGTCAGATACGTAGTACAG,0,2380812
mglBp,0.1,9,9,ACGTATTAAATCTTTGACGA,0,2359443
mglBp,0.1,9,9,ACGGTTCCAGCTCCCGGGCA,0,2395580
mglBp,0.1,9,9,ACGGGTTGCCCCGTCGTCTT,0,2328601
mglBp,0.1,9,9,ACGGGTAGTAGTGGTATGCC,0,2354996
mglBp,0.1,9,9,ACGGACACCTGGGTTTTTGA,0,2373318
mglBp,0.1,9,9,ACGGAAGCCCGCCGACAGGG,0,2411474
mglBp,0.1,9,9,ACGCTTCTTATTAGTTAGTA,0,2357898
mglBp,0.1,9,9,ACGCTGCATTCCCCAATATC,0,2367747
mglBp,0.1,9,9,ACGCGTATTCATTCGCCGGG,0,2421293
mglBp,0.1,9,9,ACGATATCTGCGCCCACGAC,0,2397982
mglBp,0.1,9,9,ACGATAAGATCGGACGGTAG,0,2411598
mglBp,0.1,9,9,ACGAGTCTTGGGCAATTTTT,0,2409127
mglBp,0.1,9,9,ACGAAACTCCTGCGCCACGT,0,2334346
mglBp,0.1,9,9,ACCTGGCGCGTCAAGTACGC,0,2403795
mglBp,0.1,9,9,ACCTGCTCCCATAGAAGATA,0,2347466
mglBp,0.1,9,9,ACCTCGCGTTCGCGCGTGAG,0,2341941
mglBp,0.1,9,9,ACCTAGCCAAGTTGTGGAAA,0,2379099
mglBp,0.1,9,9,ACCTACATCGAAGGATTATG,0,2317174
mglBp,0.1,9,9,ACCTAAACAGGCATGCGGTA,0,2340492
mglBp,0.1,9,9,ACCGTGTTTTTATCGCGAGG,0,2345461
mglBp,0.1,9,9,ACCGATAAGGGATAAGGTTG,0,2390780
mglBp,0.1,9,9,ACCGAGCAGCGAGTGTTGGT,0,2317002
mglBp,0.1,9,9,ACCGACATGTATATGCCAAT,0,2352228
mglBp,0.1,9,9,ACCCTGCGAACTGCAAGCCA,0,2403130
mglBp,0.1,9,9,ACCCTAGACGGCCATAGATG,0,2397247
mglBp,0.1,9,9,ACCCTAATCAAGATACACGA,0,2354660
mglBp,0.1,9,9,ACCCAGTGCGAGGATAGAGT,0,2362202
mglBp,0.1,9,9,ACCCACTACGAGCCGGAGTT,0,2366604
mglBp,0.1,9,9,ACCATTGCGCAGCCCTGTAT,0,2409294
mglBp,0.1,9,9,ACCATACCCGCGGATTCAAA,0,2330729
mglBp,0.1,9,9,ACCACGTACTCGAATGTCTG,0,2378793
mglBp,0.1,9,9,ACCAACCTTTGGTACTCAGG,0,2320889
mglBp,0.1,9,9,ACATTATTGGTCAACCCTGT,0,2405839
mglBp,0.1,9,9,ACATCCTCTCAAGGTCCATA,0,2422657
mglBp,0.1,9,9,ACATAGCACTCTGTGTTGCC,0,2386411
mglBp,0.1,9,9,ACAGTTTATTTCTACCCGGC,0,2413254
mglBp,0.1,9,9,ACAGTTGAAATTAACGTTTA,0,2369634
mglBp,0.1,9,9,ACAGTAAAGGCCTCGTTTGG,0,2338495
mglBp,0.1,9,9,ACAGTAAACCTCCCGCGGTG,0,2327681
mglBp,0.1,9,9,ACAGGCTTTGCGTCACGCAA,0,2380328
mglBp,0.1,9,9,ACAGGATACTCCTGATTTCG,0,2401231
mglBp,0.1,9,9,ACACTTGAATGAATGGAGTG,0,2353407
mglBp,0.1,9,9,ACACGCCTTAATGAACGCGC,0,2393689
mglBp,0.1,9,9,ACACAGTGGTTTGCAGGGTT,0,2369954
mglBp,0.1,9,9,ACACACCTCATTGCCCAATT,0,2409704
mglBp,0.1,9,9,ACAATCGATAAAGCAACCCT,0,2381632
mglBp,0.1,9,9,ACAAGGGGTCAACAGCCTAG,0,2353794
mglBp,0.1,9,9,ACAACGGCCGGCGCTGTCGC,0,2409237
mglBp,0.1,9,9,ACAACAAGTAGGGTGTTTTG,0,2390412
mglBp,0.1,9,9,ACAAATTTCGCGGGGGTCCA,0,2401295
mglBp,0.1,9,9,ACAAAGAGAGGGATATAATG,0,2419421
mglBp,0.1,9,9,ACAAAACAGTAAACACATGA,0,2353206
mglBp,0.1,9,9,AATTTTCCCCCTCTGGGGCT,0,2358292
mglBp,0.1,9,9,AATTGTGAGCCAGACGTCAC,0,2407922
mglBp,0.1,9,9,AATTGGCATATGTAGCTGGG,0,2387748
mglBp,0.1,9,9,AATTGAGTTAATTTTAGTTC,0,2375935
mglBp,0.1,9,9,AATTCTGGCTGCTCCACGTG,0,2335640
mglBp,0.1,9,9,AATTCCACTTACAAATTTAC,0,2419147
mglBp,0.1,9,9,AATTCACTCCTGTAAAAGTT,0,2346631
mglBp,0.1,9,9,AATGTCCTAGGGCGCTAAAT,0,2327567
mglBp,0.1,9,9,AATGGCTTCTGGACTACGGG,0,2422092
mglBp,0.1,9,9,AATGCGGATAATCAGGCTCG,0,2365954
mglBp,0.1,9,9,AATGCCTGGTTTACAGGGCA,0,2347861
mglBp,0.1,9,9,AATGCCCCTTCTGTGGAAAT,0,2321481
mglBp,0.1,9,9,AATGCACATCAGTTAGTTAT,0,2400623
mglBp,0.1,9,9,AATGAGGGGTCATTAATGAC,0,2340299
mglBp,0.1,9,9,AATCTATTGGTTCCCGGTAT,0,2416063
mglBp,0.1,9,9,AATCTAAGACCGATCACTAT,0,2343659
mglBp,0.1,9,9,AATCGCGTACCTTAGAACTT,0,2421366
mglBp,0.1,9,9,AATCCTGCAACATCCACTGT,0,2341720
mglBp,0.1,9,9,AATCATTCACAGTTTGACGT,0,2327761
mglBp,0.1,9,9,AATATTAAGGGCTTTTCATG,0,2421573
mglBp,0.1,9,9,AAGTTTTCCATTGTTTAAGA,0,2398180
mglBp,0.1,9,9,AAGTTCGAAGGCGGTAAACA,0,2377572
mglBp,0.1,9,9,AAGTCCTACGGATGACCTAC,0,2382528
mglBp,0.1,9,9,AAGTCACATGCGACTGAATA,0,2386623
mglBp,0.1,9,9,AAGTATACAGTATCGTGTCG,0,2340818
mglBp,0.1,9,9,AAGGTGTTGGGGGAGATCAA,0,2382910
mglBp,0.1,9,9,AAGGGTAGAACCCTACTGCC,0,2412595
mglBp,0.1,9,9,AAGGGGTGGGTGAAAGCTCA,0,2319722
mglBp,0.1,9,9,AAGGGGTCCTTTGCGATTCA,0,2342795
mglBp,0.1,9,9,AAGGGCCAGAGGCTCTGCGT,0,2374704
mglBp,0.1,9,9,AAGGGATTGTGTCGCGAGAT,0,2355413
mglBp,0.1,9,9,AAGGCTGCAATGCTCACGTT,0,2381483
mglBp,0.1,9,9,AAGCGTTGAAGCGGACTATC,0,2319308
mglBp,0.1,9,9,AAGCGACATCTAGGCACGCC,0,2347613
mglBp,0.1,9,9,AAGCCCCCTTAAGAACGCAT,0,2363167
mglBp,0.1,9,9,AAGCATAATTTCAGTAGTCA,0,2354050
mglBp,0.1,9,9,AAGCAGAAGATACCGCCCGC,0,2355770
mglBp,0.1,9,9,AAGATTCTAAAATATGCTTT,0,2394355
mglBp,0.1,9,9,AAGACGCTTCATGCCCTCAC,0,2346098
mglBp,0.1,9,9,AAGAAGTGTGACAGTTTAGT,0,2338100
mglBp,0.1,9,9,AACTGGATAGGTCACTGGAT,0,2404063
mglBp,0.1,9,9,AACTCAGCTGCAACTTTCGC,0,2393186
mglBp,0.1,9,9,AACTATGGGCGAGGATCGCA,0,2318521
mglBp,0.1,9,9,AACGCGCAAAGAGGGGACTG,0,2381220
mglBp,0.1,9,9,AACGAGGGCATGATCGCGCA,0,2372777
mglBp,0.1,9,9,AACCTTCGTCATCGTTGACT,0,2367988
mglBp,0.1,9,9,AACCTGACGTCATGCCGTAA,0,2366694
mglBp,0.1,9,9,AACCGTTGTACGGTTAGTAT,0,2377132
mglBp,0.1,9,9,AACCGTGAGCCGCAATTGTG,0,2390261
mglBp,0.1,9,9,AACCGCGTCTAGTTAAAGAA,0,2340748
mglBp,0.1,9,9,AACCATTTGCGTTCATTATA,0,2323898
mglBp,0.1,9,9,AACAGTTTTAACATCCATGT,0,2386426
mglBp,0.1,9,9,AACAGGCAATGGTCCGACGT,0,2353472
mglBp,0.1,9,9,AACACTCGTTGATCAACGCG,0,2405804
mglBp,0.1,9,9,AACACCTGGTGTTTTGCAAA,0,2355079
mglBp,0.1,9,9,AAATCGGAAAGAAACTTTAC,0,2390788
mglBp,0.1,9,9,AAATAGGTGCAAATTACCCT,0,2403191
mglBp,0.1,9,9,AAATACCGGCCATAAAGCCT,0,2361815
mglBp,0.1,9,9,AAATACAAGTGTAAATTTAC,0,2318763
mglBp,0.1,9,9,AAAGTCTGTGTTTAGCACGC,0,2361496
mglBp,0.1,9,9,AAAGATAGTGAAGGCGTGGT,0,2333802
mglBp,0.1,9,9,AAAGACCTTTAAGGCGGACA,0,2346597
mglBp,0.1,9,9,AAAGACCTCATCGGGGTGTA,0,2379865
mglBp,0.1,9,9,AAACTATAAGCATAAAAAAC,0,2385041
mglBp,0.1,9,9,AAACGGGTGAGGCGCCTACT,0,2343069
mglBp,0.1,9,9,AAACGGGGGGCTCACAGAAC,0,2377330
mglBp,0.1,9,9,AAAATAGAGGCGGATGGTTG,0,2385152
mglBp,0.1,9,9,AAAACCTAGGATCTACTTAA,0,2392100
mglBp,0.1,9,9,AAAAATAAACAACGTCAACA,0,2384189
mglBp,0.1111111111111111,8,8,TTTTTTCGCGGAGAATTGAT,0,2394134
mglBp,0.1111111111111111,8,8,TTTTTTCCTAAAAGAAGTTA,0,2331333
mglBp,0.1111111111111111,8,8,TTTTTGTGCGACTTGCGCTG,0,2318333
mglBp,0.1111111111111111,8,8,TTTTTGCCAGTACGGTCTCG,0,2390028
mglBp,0.1111111111111111,8,8,TTTTGGGGACGTCGATGAAT,0,2379256
mglBp,0.1111111111111111,8,8,TTTTCTTTTGGCAAAAAGCC,0,2352099
mglBp,0.1111111111111111,8,8,TTTTCTGTGTAGTCATGCTC,0,2319576
mglBp,0.1111111111111111,8,8,TTTTCTGAGAAACATACGGA,0,2332617
mglBp,0.1111111111111111,8,8,TTTTCGGATCGACCACCGCA,0,2419644
mglBp,0.1111111111111111,8,8,TTTTACAAGTTGAAAGCTAG,0,2400812
mglBp,0.1111111111111111,8,8,TTTTAAGATTAGTCAACCGG,0,2339018
mglBp,0.1111111111111111,8,8,TTTTAACATTCTATCGGTGC,0,2401138
mglBp,0.1111111111111111,8,8,TTTGTGGCTCAGTGGGACAA,0,2413490
mglBp,0.1111111111111111,8,8,TTTGTATCGGCGGGGATACA,0,2386110
mglBp,0.1111111111111111,8,8,TTTGGTATGCCGCGTCCAAT,0,2374540
mglBp,0.1111111111111111,8,8,TTTGGGCTTACAATTGGGGT,0,2352799
mglBp,0.1111111111111111,8,8,TTTGAGCGGAGATTCATCTT,0,2398183
mglBp,0.1111111111111111,8,8,TTTCTTTCGGGAATCAGTAG,0,2397108
mglBp,0.1111111111111111,8,8,TTTCCACTGAATAGTGCTTT,0,2406506
mglBp,0.1111111111111111,8,8,TTTCAGTAAGTGGGAAAAGG,0,2376456
mglBp,0.1111111111111111,8,8,TTTCACTATGGCTGCTCAAC,0,2325903
mglBp,0.1111111111111111,8,8,TTTATGACTGCCTATTAGGA,0,2418821
mglBp,0.1111111111111111,8,8,TTTAGTCCTATACCTCACAG,0,2334896
mglBp,0.1111111111111111,8,8,TTTAGGTATATCATGATTGT,0,2346793
mglBp,0.1111111111111111,8,8,TTTAGAGCGATTCAGAACCA,0,2389780
mglBp,0.1111111111111111,8,8,TTGTTGTTGAGATACACTTC,0,2383462
mglBp,0.1111111111111111,8,8,TTGTGTCGTTAGGGGCGTCG,0,2319468
mglBp,0.1111111111111111,8,8,TTGTGTACACGACTGTTATA,0,2322594
mglBp,0.1111111111111111,8,8,TTGTCTATAAAGCGTCTGAT,0,2354049
mglBp,0.1111111111111111,8,8,TTGTCGCCTGATGGATTGGG,0,2410607
mglBp,0.1111111111111111,8,8,TTGTAGTTATCAGCGAACCC,0,2367728
mglBp,0.1111111111111111,8,8,TTGTACTCCTCACAAAAGGG,0,2353973
mglBp,0.1111111111111111,8,8,TTGTACCTCTCTCGAGATGA,0,2362687
mglBp,0.1111111111111111,8,8,TTGGTTCCTCGATGCGAGCC,0,2354869
mglBp,0.1111111111111111,8,8,TTGGTTAACAATGAGAAGGC,0,2378805
mglBp,0.1111111111111111,8,8,TTGGGTTTCGTTCGTGTTAC,0,2401079
mglBp,0.1111111111111111,8,8,TTGGGTATACGTGATTATGA,0,2364191
mglBp,0.1111111111111111,8,8,TTGGCCAGTGAATACTTGAA,0,2346388
mglBp,0.1111111111111111,8,8,TTGGAATTTAGCAGATGGGT,0,2409404
mglBp,0.1111111111111111,8,8,TTGCTCTATTAGAAGACCGA,0,2365308
mglBp,0.1111111111111111,8,8,TTGCTCGGAACGCAGGAGCT,0,2393698
mglBp,0.1111111111111111,8,8,TTGCTATGTTAATTCAGTTA,0,2380777
mglBp,0.1111111111111111,8,8,TTGCATTTTGGTTTCTTCAG,0,2374202
mglBp,0.1111111111111111,8,8,TTGCAAGGGGCACCCCGCAA,0,2344935
mglBp,0.1111111111111111,8,8,TTGATAGGATAAATGCTGAG,0,2345772
mglBp,0.1111111111111111,8,8,TTGAGGTGTCGGCTCGACGG,0,2394409
mglBp,0.1111111111111111,8,8,TTGAGGGACGAAGCACGACT,0,2363103
mglBp,0.1111111111111111,8,8,TTGAGAGAGCGCTGAGAACT,0,2377656
mglBp,0.1111111111111111,8,8,TTGAATAACAACATGTGCTG,0,2370608
mglBp,0.1111111111111111,8,8,TTCTTCAGTTGCCAAAGGCG,0,2323731
mglBp,0.1111111111111111,8,8,TTCTCTTCCAGGATTACATA,0,2389851
mglBp,0.1111111111111111,8,8,TTCTCCTGGTCTACCCTTGT,0,2371527
mglBp,0.1111111111111111,8,8,TTCTCAGGTGATGCGCAGCG,0,2381217
mglBp,0.1111111111111111,8,8,TTCTAAGCTTTTGACTTGTT,0,2360542
mglBp,0.1111111111111111,8,8,TTCGTTGCGGCCGTACACGG,0,2414025
mglBp,0.1111111111111111,8,8,TTCGTCCGATGTCAGGTTCT,0,2365696
mglBp,0.1111111111111111,8,8,TTCGGTCAGAGTCAATAAAT,0,2333683
mglBp,0.1111111111111111,8,8,TTCGGCAAAGTTCGTAGCCC,0,2339398
mglBp,0.1111111111111111,8,8,TTCGCTCCATTGCCTAAGTC,0,2384733
mglBp,0.1111111111111111,8,8,TTCGAGTCGGCCGCTTGATC,0,2317293
mglBp,0.1111111111111111,8,8,TTCCTATTATAAGCGCCGGA,0,2317478
mglBp,0.1111111111111111,8,8,TTCCTACGCTCACGCTTTTA,0,2345643
mglBp,0.1111111111111111,8,8,TTCCGTTATGTTCGAGGTAC,0,2365910
mglBp,0.1111111111111111,8,8,TTCCGAGGTGGATACTTATT,0,2420371
mglBp,0.1111111111111111,8,8,TTCCCCTGAGATCGGAAGTA,0,2412445
mglBp,0.1111111111111111,8,8,TTCATTGGACCTCTCAGATA,0,2331449
mglBp,0.1111111111111111,8,8,TTCACCTCTTCACAACAGGC,0,2345863
mglBp,0.1111111111111111,8,8,TTCACCGCGGAAAACTCAGT,0,2326294
mglBp,0.1111111111111111,8,8,TTCACAGTAGAACACAATCC,0,2349089
mglBp,0.1111111111111111,8,8,TTATATACTCGGTATTTCGG,0,2371426
mglBp,0.1111111111111111,8,8,TTAGTTAGGCTGCATCCAAG,0,2373898
mglBp,0.1111111111111111,8,8,TTAGGTTTGTGAGAAACGAG,0,2406909
mglBp,0.1111111111111111,8,8,TTAGGGTCAACGCAATTCTG,0,2319518
mglBp,0.1111111111111111,8,8,TTAGAACGACACAAATTAAG,0,2317945
mglBp,0.1111111111111111,8,8,TTACTTTTCCCTGCCGTCAT,0,2351676
mglBp,0.1111111111111111,8,8,TTACGTCGCGACAATTACAC,0,2411827
mglBp,0.1111111111111111,8,8,TTACGTCCTTCGGGCGTAGG,0,2408594
mglBp,0.1111111111111111,8,8,TTACGGGATTTAAAAGGTTT,0,2325984
mglBp,0.1111111111111111,8,8,TTACGCTGGCAGTTGCTTAT,0,2325526
mglBp,0.1111111111111111,8,8,TTACCCTAATGTGGGGGGTG,0,2398971
mglBp,0.1111111111111111,8,8,TTACAGTGCACATTCCAGAG,0,2351217
mglBp,0.1111111111111111,8,8,TTACAGAATACGCTGAACCT,0,2370025
mglBp,0.1111111111111111,8,8,TTACACTAAAGCTAGTTAAC,0,2370193
mglBp,0.1111111111111111,8,8,TTAATTGACCTGTGTAGGAA,0,2387091
mglBp,0.1111111111111111,8,8,TTAATCTAGGTTCCAGCTCC,0,2358538
mglBp,0.1111111111111111,8,8,TTAATCGCTAAGTACCTACG,0,2392018
mglBp,0.1111111111111111,8,8,TTAAGATCACTTTAGTTTTC,0,2417895
mglBp,0.1111111111111111,8,8,TTAAGAGGACATCGGGCCTC,0,2328903
mglBp,0.1111111111111111,8,8,TGTTTTATCTAGTAACGCCA,0,2374281
mglBp,0.1111111111111111,8,8,TGTTTGCAACGGCCTTAGTT,0,2321501
mglBp,0.1111111111111111,8,8,TGTTGCTGCGTTGATACATA,0,2391650
mglBp,0.1111111111111111,8,8,TGTTGCACTAGCAGAGTTCT,0,2414273
mglBp,0.1111111111111111,8,8,TGTTGAGACAAAATACGTAC,0,2318637
mglBp,0.1111111111111111,8,8,TGTTCGTAAAATTTCGCGTT,0,2387295
mglBp,0.1111111111111111,8,8,TGTTCGATCATCATCGCAAA,0,2341948
mglBp,0.1111111111111111,8,8,TGTTCATTTCTACCGTTCTA,0,2402389
mglBp,0.1111111111111111,8,8,TGTTCAGCCCAGAAATCTTA,0,2383282
mglBp,0.1111111111111111,8,8,TGTTATGCCTTGTCACGGTA,0,2400926
mglBp,0.1111111111111111,8,8,TGTTAGTCGCCTGAAACTTC,0,2408285
mglBp,0.1111111111111111,8,8,TGTTAGGAATCCCCACATAT,0,2349188
mglBp,0.1111111111111111,8,8,TGTTAAGCTCGGCCGCTTTG,0,2380103
mglBp,0.1111111111111111,8,8,TGTGTTTCACCCTCCTCACT,0,2351793
mglBp,0.1111111111111111,8,8,TGTGGGCAGCTGATCCTCTC,0,2355455
mglBp,0.1111111111111111,8,8,TGTGGATTGATCCATGTGCA,0,2361678
mglBp,0.1111111111111111,8,8,TGTGGACGGTGTGCCTACTC,0,2328909
mglBp,0.1111111111111111,8,8,TGTCTGTTCTTATTCCAAGG,0,2367330
mglBp,0.1111111111111111,8,8,TGTCTGTTCTAATGTGCCAA,0,2379532
mglBp,0.1111111111111111,8,8,TGTCTCAGTACAAGCGTTTG,0,2348368
mglBp,0.1111111111111111,8,8,TGTCGGCGGGACGGTTGAAT,0,2389723
mglBp,0.1111111111111111,8,8,TGTCGATTCAAATACGATCT,0,2382614
mglBp,0.1111111111111111,8,8,TGTCGATTAGGGGAGATAAG,0,2400000
mglBp,0.1111111111111111,8,8,TGTATTCTAGTCTAAGCGTA,0,2367906
mglBp,0.1111111111111111,8,8,TGTAGGTGCATGCGACCACG,0,2406934
mglBp,0.1111111111111111,8,8,TGTAGGCGCAAACTCGTAAC,0,2401838
mglBp,0.1111111111111111,8,8,TGTAGACGGCGAACCCTTTG,0,2320332
mglBp,0.1111111111111111,8,8,TGTACTGGCACCTCGCGCGG,0,2336984
mglBp,0.1111111111111111,8,8,TGTAACGCCACTTTTGGCGT,0,2395288
mglBp,0.1111111111111111,8,8,TGTAACGATCGCAGTATATT,0,2394678
mglBp,0.1111111111111111,8,8,TGTAACGAGCTCTCACTTGA,0,2350939
mglBp,0.1111111111111111,8,8,TGTAAACCGGTCTTGGATGT,0,2354842
mglBp,0.1111111111111111,8,8,TGGTTAATGAGTTAGCCGTG,0,2320732
mglBp,0.1111111111111111,8,8,TGGTGGGGAAATTGGGCATA,0,2317682
mglBp,0.1111111111111111,8,8,TGGTCAGGACTTATAGGTCT,0,2420513
mglBp,0.1111111111111111,8,8,TGGTAGTGCCGGGCAAGACT,0,2329487
mglBp,0.1111111111111111,8,8,TGGTACCGGGAGGTGCTAAA,0,2378362
mglBp,0.1111111111111111,8,8,TGGGTGGGTAGATTAGCGGC,0,2376493
mglBp,0.1111111111111111,8,8,TGGGTATGATCGTGCTCCAC,0,2351649
mglBp,0.1111111111111111,8,8,TGGGGTAGGATATTCATTAG,0,2407526
mglBp,0.1111111111111111,8,8,TGGGCAGGTCTCGACGTCAG,0,2333162
mglBp,0.1111111111111111,8,8,TGGGACCCAATTCGCGAACG,0,2357521
mglBp,0.1111111111111111,8,8,TGGCTAACAAAAATCCAAAG,0,2319925
mglBp,0.1111111111111111,8,8,TGGCCCGAAGGTGGCGGTCA,0,2382450
mglBp,0.1111111111111111,8,8,TGGATATAAGAAACAAACAG,0,2375894
mglBp,0.1111111111111111,8,8,TGGACTGATGGACATTTGTT,0,2390170
mglBp,0.1111111111111111,8,8,TGCTTCTGGGCATAAGCCTT,0,2383255
mglBp,0.1111111111111111,8,8,TGCTTAGGATCAGTTGTGGG,0,2318585
mglBp,0.1111111111111111,8,8,TGCTGGGGGGTGTCCCAGTA,0,2396263
mglBp,0.1111111111111111,8,8,TGCTGCTAATGATATGTGCG,0,2344385
mglBp,0.1111111111111111,8,8,TGCTGAGCACACGCGGCCTT,0,2367667
mglBp,0.1111111111111111,8,8,TGCTATACTATATGCGAACT,0,2387222
mglBp,0.1111111111111111,8,8,TGCTAGCCCGCCATTATCGC,0,2406095
mglBp,0.1111111111111111,8,8,TGCGTTCAGGCGGTGCTTCT,0,2389962
mglBp,0.1111111111111111,8,8,TGCGTGGGAAAGATTCGGTG,0,2372735
mglBp,0.1111111111111111,8,8,TGCGACTTTCCGGATCCATA,0,2398204
mglBp,0.1111111111111111,8,8,TGCCTTGATGGTCGGGTCCG,0,2402098
mglBp,0.1111111111111111,8,8,TGCCTTAACCCGAGGCTCAC,0,2380128
mglBp,0.1111111111111111,8,8,TGCCTCACAGAAGAGCGAGA,0,2394827
mglBp,0.1111111111111111,8,8,TGCCGATGAGGTATTAAAAT,0,2405879
mglBp,0.1111111111111111,8,8,TGCCCTGGCAATATTAACTG,0,2385381
mglBp,0.1111111111111111,8,8,TGCCATCGTGATCCCGTTAC,0,2328723
mglBp,0.1111111111111111,8,8,TGCATCTCGCGTTGGTAAAA,0,2386556
mglBp,0.1111111111111111,8,8,TGCATCTCAGGCGTCAACTG,0,2338065
mglBp,0.1111111111111111,8,8,TGCATCAACGGTTTGGGTAC,0,2375133
mglBp,0.1111111111111111,8,8,TGCATAACCAACCCGCCCAC,0,2334670
mglBp,0.1111111111111111,8,8,TGCAGTGATTTTGAAACTGT,0,2404258
mglBp,0.1111111111111111,8,8,TGCAGTGATCGGCTAACTCC,0,2397209
mglBp,0.1111111111111111,8,8,TGCAGAATCATGGGTTGAGC,0,2316922
mglBp,0.1111111111111111,8,8,TGCAAACGGTGCATGAAAGA,0,2340434
mglBp,0.1111111111111111,8,8,TGATTCGGGTACGAGAACAA,0,2408757
mglBp,0.1111111111111111,8,8,TGATGGGGGCGCTGCCCAAA,0,2372945
mglBp,0.1111111111111111,8,8,TGATGGCCGTTCTCGAGGGA,0,2360613
mglBp,0.1111111111111111,8,8,TGATCTCGGCGGTCCGGGCA,0,2356077
mglBp,0.1111111111111111,8,8,TGATCGAAGGCCTATCGTCG,0,2386535
mglBp,0.1111111111111111,8,8,TGATCCGTTGGACTCCCCTG,0,2318332
mglBp,0.1111111111111111,8,8,TGATCAGTTTTACTGTGAGA,0,2381618
mglBp,0.1111111111111111,8,8,TGATATCATTGAAACTAGGT,0,2404391
mglBp,0.1111111111111111,8,8,TGAGCGTCGCGTTATTCATA,0,2327052
mglBp,0.1111111111111111,8,8,TGAGAGCTGTCAAACGCGAC,0,2386663
mglBp,0.1111111111111111,8,8,TGAGAAGATCAGCCCCAGGG,0,2419912
mglBp,0.1111111111111111,8,8,TGACTCGCTCAAATGATATT,0,2342411
mglBp,0.1111111111111111,8,8,TGACTATATCGTTCGTTGCA,0,2350243
mglBp,0.1111111111111111,8,8,TGACGCTGGTAAAGTACTCC,0,2357674
mglBp,0.1111111111111111,8,8,TGACCTTAGACGTGCGGAGA,0,2344918
mglBp,0.1111111111111111,8,8,TGACCGCCACAAAGTCTATA,0,2402093
mglBp,0.1111111111111111,8,8,TGACCCCAACTTAAATGGTG,0,2347609
mglBp,0.1111111111111111,8,8,TGACACGGTCAGCGTGGTGC,0,2414282
mglBp,0.1111111111111111,8,8,TGAATTTCTGGGAGGCCAGG,0,2392913
mglBp,0.1111111111111111,8,8,TGAATTGCATGGTTAATTCA,0,2382530
mglBp,0.1111111111111111,8,8,TGAAGATTACTACCGTTAAA,0,2331998
mglBp,0.1111111111111111,8,8,TGAACTCCCCGAAGTCCCCC,0,2340837
mglBp,0.1111111111111111,8,8,TGAACTAGGGGGGACACTTC,0,2400292
mglBp,0.1111111111111111,8,8,TGAAATAGCGCGAAATGGCG,0,2380294
mglBp,0.1111111111111111,8,8,TCTTTTTGCGGGGTTTAGTG,0,2372468
mglBp,0.1111111111111111,8,8,TCTTTATACTTCGTGATCGT,0,2392357
mglBp,0.1111111111111111,8,8,TCTTGGGTGAGCGAAAACCG,0,2423065
mglBp,0.1111111111111111,8,8,TCTTCTGGTTTTCTTTAGTT,0,2323261
mglBp,0.1111111111111111,8,8,TCTGGGTTTATGCGAACGGA,0,2411951
mglBp,0.1111111111111111,8,8,TCTGACTGTAAAAAATCGAA,0,2353894
mglBp,0.1111111111111111,8,8,TCTGAAGCGTATCGAACGAA,0,2413233
mglBp,0.1111111111111111,8,8,TCTCTTTGTGCGTATACTGA,0,2362606
mglBp,0.1111111111111111,8,8,TCTCTAATTTTCCCCATGCG,0,2420296
mglBp,0.1111111111111111,8,8,TCTCGTGATAGTCGCCTGTT,0,2392567
mglBp,0.1111111111111111,8,8,TCTCGGGCGGCATCCTAAGG,0,2323921
mglBp,0.1111111111111111,8,8,TCTCGATGTGTCGAGAACGA,0,2382507
mglBp,0.1111111111111111,8,8,TCTCCTGATTAGAGTCGGGC,0,2381627
mglBp,0.1111111111111111,8,8,TCTCCGAGTAGGCATCTCTC,0,2391756
mglBp,0.1111111111111111,8,8,TCTCATGGGTGAGGGCACCT,0,2394357
mglBp,0.1111111111111111,8,8,TCTAGGACGTTATGGTCAAC,0,2352284
mglBp,0.1111111111111111,8,8,TCTACTTAATATGGACTCAT,0,2377494
mglBp,0.1111111111111111,8,8,TCTACCAGCGTAGCATATAG,0,2336337
mglBp,0.1111111111111111,8,8,TCTAATGTGCAAGTAAACGT,0,2333990
mglBp,0.1111111111111111,8,8,TCTAATCGACATGCTGCTAA,0,2357863
mglBp,0.1111111111111111,8,8,TCTAACTGTCGGCCATTGAA,0,2410651
mglBp,0.1111111111111111,8,8,TCGTTAAAACGGAGCAAGGT,0,2342831
mglBp,0.1111111111111111,8,8,TCGTATTGCAGTCCTGCTTC,0,2371963
mglBp,0.1111111111111111,8,8,TCGGTTATCTTAGGTCCGGC,0,2345161
mglBp,0.1111111111111111,8,8,TCGGGTGTGAGTGGCTAAGT,0,2333091
mglBp,0.1111111111111111,8,8,TCGGACCAGATCAAGACCTG,0,2329060
mglBp,0.1111111111111111,8,8,TCGGAACCAAGGTCATGGAG,0,2390836
mglBp,0.1111111111111111,8,8,TCGCTGGAACTCTAAGGTTA,0,2374236
mglBp,0.1111111111111111,8,8,TCGCTCTCAGTAGAAAGATC,0,2393201
mglBp,0.1111111111111111,8,8,TCGCCGGTTCACAGCTGACT,0,2396018
mglBp,0.1111111111111111,8,8,TCGCATGAGGGGCTGATCAC,0,2342649
mglBp,0.1111111111111111,8,8,TCGCAGCGAGATCAAGAATG,0,2393003
mglBp,0.1111111111111111,8,8,TCGATGAAGACAATACTCGA,0,2345407
mglBp,0.1111111111111111,8,8,TCGATCACTGTTTTCGTTGT,0,2372312
mglBp,0.1111111111111111,8,8,TCGAGATGTGGACGCCTGAT,0,2394993
mglBp,0.1111111111111111,8,8,TCGACTTAGCGGCGGGATTT,0,2397135
mglBp,0.1111111111111111,8,8,TCCTTGACCTCAATAGGGCA,0,2420188
mglBp,0.1111111111111111,8,8,TCCTTCATGCATAGGGGAAA,0,2338515
mglBp,0.1111111111111111,8,8,TCCTGTGAACGGTATCCGTG,0,2381900
mglBp,0.1111111111111111,8,8,TCCTGTCGAATAGGTTTTTC,0,2329161
mglBp,0.1111111111111111,8,8,TCCTGGACAACCGATCCTCG,0,2420112
mglBp,0.1111111111111111,8,8,TCCTCGTGGGAGCTGCGCAT,0,2356879
mglBp,0.1111111111111111,8,8,TCCTCCTGGTGTGACGTCAC,0,2380923
mglBp,0.1111111111111111,8,8,TCCGTTCAGACGGAGACCGG,0,2329418
mglBp,0.1111111111111111,8,8,TCCGTCACTTACCAAGTAGT,0,2410008
mglBp,0.1111111111111111,8,8,TCCGGCTCTCCCATGGGGAG,0,2322476
mglBp,0.1111111111111111,8,8,TCCCTTCCGCCTCGATTTCA,0,2400407
mglBp,0.1111111111111111,8,8,TCCCTCGTCATCTAGAACTT,0,2400829
mglBp,0.1111111111111111,8,8,TCCCTCAGTTGTTAGTACTG,0,2343954
mglBp,0.1111111111111111,8,8,TCCCGCGTCTGCGCCCTGTT,0,2352286
mglBp,0.1111111111111111,8,8,TCCCGCCACATTTAGCGTAC,0,2334170
mglBp,0.1111111111111111,8,8,TCCCGAGAGAGATTGCCACG,0,2342822
mglBp,0.1111111111111111,8,8,TCCCCTTTATAGGTTTTCTG,0,2326816
mglBp,0.1111111111111111,8,8,TCCCCTACACACAAGGGCCT,0,2341280
mglBp,0.1111111111111111,8,8,TCCCAGGGGGTGGAGGGGAT,0,2337446
mglBp,0.1111111111111111,8,8,TCCATTGGGCGAAAGGCGTA,0,2348989
mglBp,0.1111111111111111,8,8,TCCAGTTAATTGAAAGGACG,0,2348088
mglBp,0.1111111111111111,8,8,TCCAGTCACGGAATTATGGC,0,2362792
mglBp,0.1111111111111111,8,8,TCCAGGGTGGAACCCTTATC,0,2392266
mglBp,0.1111111111111111,8,8,TCCAATCTTTTAACAATTTA,0,2363702
mglBp,0.1111111111111111,8,8,TCCAAAGAAGATAGTTAAGG,0,2333871
mglBp,0.1111111111111111,8,8,TCATGTGTTATTAGCGTCTA,0,2422280
mglBp,0.1111111111111111,8,8,TCATGTAAGTAGAGAATTGC,0,2391453
mglBp,0.1111111111111111,8,8,TCATGGCGTTACCTCTGGCA,0,2393922
mglBp,0.1111111111111111,8,8,TCATATACGCCCATGCAACG,0,2392813
mglBp,0.1111111111111111,8,8,TCATACGGCAACGGTGGACG,0,2378722
mglBp,0.1111111111111111,8,8,TCAGTTCTAGAGGGAAAGAG,0,2345951
mglBp,0.1111111111111111,8,8,TCAGTCGCACTGACGCTGTA,0,2340444
mglBp,0.1111111111111111,8,8,TCAGGCCATTCCGCCTTTCA,0,2339687
mglBp,0.1111111111111111,8,8,TCAGGCAATCGCACCACTCA,0,2413081
mglBp,0.1111111111111111,8,8,TCAGCTGTCTAAGGTAGACT,0,2348897
mglBp,0.1111111111111111,8,8,TCAGCTGCAAAAAAAATGGT,0,2391117
mglBp,0.1111111111111111,8,8,TCAGCTCGGGATTTATTCAA,0,2323937
mglBp,0.1111111111111111,8,8,TCAGCAAGCGTACAGTTGGA,0,2350151
mglBp,0.1111111111111111,8,8,TCAGAGTATATGAGAGGGTT,0,2390838
mglBp,0.1111111111111111,8,8,TCACTGTAGACGCACCATCT,0,2375367
mglBp,0.1111111111111111,8,8,TCACTCGCTGCCGTTTGGTG,0,2396728
mglBp,0.1111111111111111,8,8,TCACGTTAATTACTGGTGTA,0,2393043
mglBp,0.1111111111111111,8,8,TCACCCCATCGACTTCAAGC,0,2336233
mglBp,0.1111111111111111,8,8,TCACATTTAAGCAGTCTCCC,0,2411877
mglBp,0.1111111111111111,8,8,TCAACCACACTCACCAATAA,0,2349836
mglBp,0.1111111111111111,8,8,TCAAAGAGGAAATTCTCCGG,0,2372211
mglBp,0.1111111111111111,8,8,TATTTTCGGTCTGCCGTTGT,0,2382798
mglBp,0.1111111111111111,8,8,TATTAATGCAGGGCTGCAAC,0,2394294
mglBp,0.1111111111111111,8,8,TATGTCGATTTCAGCATGTT,0,2389881
mglBp,0.1111111111111111,8,8,TATGGTCTAAGAGCTCAGGT,0,2321283
mglBp,0.1111111111111111,8,8,TATGCGCACGGTTATACCGG,0,2326482
mglBp,0.1111111111111111,8,8,TATGCCGCGCGCATCGTTGA,0,2335437
mglBp,0.1111111111111111,8,8,TATCTGGTTATGCTTGCAAC,0,2352202
mglBp,0.1111111111111111,8,8,TATCCTTCTAGGTGTACTAA,0,2372377
mglBp,0.1111111111111111,8,8,TATCCCTAAGGCGCGGGAAA,0,2402590
mglBp,0.1111111111111111,8,8,TATCAAGCACGTAGCAAGAT,0,2360844
mglBp,0.1111111111111111,8,8,TATATCGGGGGGCGACATTA,0,2323763
mglBp,0.1111111111111111,8,8,TATAGGTTGACAGAGGTGGT,0,2378247
mglBp,0.1111111111111111,8,8,TATAGGTCTTCTGGAAAGTA,0,2360863
mglBp,0.1111111111111111,8,8,TATAGCCTCAACCAAGGTAC,0,2349883
mglBp,0.1111111111111111,8,8,TATACGCAATAGGCGTCCAG,0,2325480
mglBp,0.1111111111111111,8,8,TATACAGGATTACCGACGTT,0,2332346
mglBp,0.1111111111111111,8,8,TATAAGCAAGGGGTACCCGA,0,2411661
mglBp,0.1111111111111111,8,8,TAGTTTGATCAGTAAAAGTA,0,2347067
mglBp,0.1111111111111111,8,8,TAGTCGCTGCTACCTGTTAG,0,2332360
mglBp,0.1111111111111111,8,8,TAGTACGCGGCCCACATACT,0,2322166
mglBp,0.1111111111111111,8,8,TAGGCTAGAATGCGGCATCG,0,2326812
mglBp,0.1111111111111111,8,8,TAGGCGGATGGATCCCATTA,0,2352346
mglBp,0.1111111111111111,8,8,TAGGCAGTGACATGGTGCTC,0,2323777
mglBp,0.1111111111111111,8,8,TAGGCAAGTCTTCGGTTACT,0,2338009
mglBp,0.1111111111111111,8,8,TAGCCTAGCCCGGCTATAGG,0,2350472
mglBp,0.1111111111111111,8,8,TAGCCGCGCAAGCAACACGA,0,2389515
mglBp,0.1111111111111111,8,8,TAGCCCCGTCATCCTACGGC,0,2357006
mglBp,0.1111111111111111,8,8,TAGCATTGGTCGTCCGTTTC,0,2360733
mglBp,0.1111111111111111,8,8,TAGATGGCAGACATGACAGT,0,2371768
mglBp,0.1111111111111111,8,8,TAGATCTTCACAACAGTAGA,0,2408355
mglBp,0.1111111111111111,8,8,TAGATCCTACGGTAAATTCA,0,2412414
mglBp,0.1111111111111111,8,8,TAGAGCGGGTGGGTCAAGAG,0,2376311
mglBp,0.1111111111111111,8,8,TAGACGCGTGTTCATAGTCG,0,2344507
mglBp,0.1111111111111111,8,8,TAGACACTCCAGACACCCAT,0,2418554
mglBp,0.1111111111111111,8,8,TACTTCCACTCATAATTGTA,0,2417238
mglBp,0.1111111111111111,8,8,TACTGCATCTCCGGTAGCCA,0,2376964
mglBp,0.1111111111111111,8,8,TACTCGCGTAATGAAAAAAC,0,2371496
mglBp,0.1111111111111111,8,8,TACTAGCACTGGACCGCTGC,0,2407156
mglBp,0.1111111111111111,8,8,TACGTTGGAATATCAGCATT,0,2356969
mglBp,0.1111111111111111,8,8,TACGTGGCTACGTCCCTCAC,0,2336288
mglBp,0.1111111111111111,8,8,TACGTGCGAACTCAGGTCCG,0,2371937
mglBp,0.1111111111111111,8,8,TACGTCTAGTGCATCAAACA,0,2332520
mglBp,0.1111111111111111,8,8,TACGTACTCGTATGCGGCCA,0,2387175
mglBp,0.1111111111111111,8,8,TACGGTGTACATTCTACCAG,0,2337852
mglBp,0.1111111111111111,8,8,TACGCGAGTCAGGATACTAC,0,2345320
mglBp,0.1111111111111111,8,8,TACGCAAATGCATTTCCGTG,0,2317824
mglBp,0.1111111111111111,8,8,TACGATTGTACGAATTCCAG,0,2421010
mglBp,0.1111111111111111,8,8,TACCTAGAGCTTCCCACCCA,0,2353977
mglBp,0.1111111111111111,8,8,TACCTACTAGCCCTTTGCTG,0,2407276
mglBp,0.1111111111111111,8,8,TACCGGGAAATGGGCCTTTT,0,2383922
mglBp,0.1111111111111111,8,8,TACCCAAGCTCGACTTGGTG,0,2381940
mglBp,0.1111111111111111,8,8,TACCAGATATGGCAGGACGA,0,2335874
mglBp,0.1111111111111111,8,8,TACCAAGTCCCGCCGGGGGG,0,2350264
mglBp,0.1111111111111111,8,8,TACATGCGTAGCTTACCTGA,0,2353430
mglBp,0.1111111111111111,8,8,TACACCGCTCCCGGATAGAA,0,2338174
mglBp,0.1111111111111111,8,8,TACACCACAATAAGTAACGG,0,2417823
mglBp,0.1111111111111111,8,8,TACAACCCTTTTTCAATGTC,0,2350542
mglBp,0.1111111111111111,8,8,TAATTTGTTGTTTCTCGCAT,0,2317091
mglBp,0.1111111111111111,8,8,TAATTGACGGGATTGTATCA,0,2421718
mglBp,0.1111111111111111,8,8,TAATTAGGTAGTCAATACTT,0,2346589
mglBp,0.1111111111111111,8,8,TAATTACAGGGTATACGGCA,0,2338360
mglBp,0.1111111111111111,8,8,TAATGGGTCGTCTACCAAAG,0,2368381
mglBp,0.1111111111111111,8,8,TAATGCCCAGAACAAGGAAG,0,2327310
mglBp,0.1111111111111111,8,8,TAATGAGCATGATTTCCTGA,0,2365029
mglBp,0.1111111111111111,8,8,TAATCGTTCTAGTTTTTCAC,0,2395281
mglBp,0.1111111111111111,8,8,TAATATTGGCCCGCCTTGGC,0,2350977
mglBp,0.1111111111111111,8,8,TAAGTTACATTGTTAGCAGG,0,2413641
mglBp,0.1111111111111111,8,8,TAAGTGATCTGTATATAGGT,0,2351954
mglBp,0.1111111111111111,8,8,TAAGACTGAGCTGGCCATGG,0,2394992
mglBp,0.1111111111111111,8,8,TAAGAATCCAATCCCGAAAG,0,2348285
mglBp,0.1111111111111111,8,8,TAACTTTCCGGTCTAATACC,0,2399301
mglBp,0.1111111111111111,8,8,TAACTACTCAATAAAGCGTT,0,2353040
mglBp,0.1111111111111111,8,8,TAACGTAGGATAGTATTGTA,0,2394317
mglBp,0.1111111111111111,8,8,TAACGGCCCTCATATACACA,0,2361131
mglBp,0.1111111111111111,8,8,TAACAGTCGTTAGGAAGGTC,0,2321451
mglBp,0.1111111111111111,8,8,TAACAAGTAATACCCGAGTG,0,2385292
mglBp,0.1111111111111111,8,8,TAAAGTTTCTACTGGTGGTC,0,2365694
mglBp,0.1111111111111111,8,8,TAAAGGGGTTGCACACTTTA,0,2414648
mglBp,0.1111111111111111,8,8,TAAAGACGCGCTACACTTGT,0,2413302
mglBp,0.1111111111111111,8,8,TAAACTACATTGTATTCGCA,0,2336678
mglBp,0.1111111111111111,8,8,TAAACGCGGCTAAGTGCGAA,0,2413117
mglBp,0.1111111111111111,8,8,TAAAATTTATCGTATTAATA,0,2397005
mglBp,0.1111111111111111,8,8,GTTTTTACTCGCGAATCTGG,0,2346002
mglBp,0.1111111111111111,8,8,GTTTGAGCCCGTCGGCACAT,0,2371672
mglBp,0.1111111111111111,8,8,GTTTCTGGTGTAATGATTAA,0,2420360
mglBp,0.1111111111111111,8,8,GTTTCGGACTTAGTTATTGG,0,2345015
mglBp,0.1111111111111111,8,8,GTTTCGCGGTCCTTGTCATA,0,2420580
mglBp,0.1111111111111111,8,8,GTTTCACTGGCCACTGGAAG,0,2417941
mglBp,0.1111111111111111,8,8,GTTTAGTGGCTTTCCCTTGT,0,2374020
mglBp,0.1111111111111111,8,8,GTTGTGCAAAGTAAGCGGTG,0,2410863
mglBp,0.1111111111111111,8,8,GTTGGGCGAAAGTACGTGTT,0,2319314
mglBp,0.1111111111111111,8,8,GTTGGAAAGGCTAAAGTTAT,0,2367594
mglBp,0.1111111111111111,8,8,GTTGCTTTATGCCACTGTTC,0,2356776
mglBp,0.1111111111111111,8,8,GTTGCTGGATTATGTGAAAC,0,2373922
mglBp,0.1111111111111111,8,8,GTTGCGGGTCCATTTACAGA,0,2367461
mglBp,0.1111111111111111,8,8,GTTGCAGGTAATCTAATAGC,0,2414434
mglBp,0.1111111111111111,8,8,GTTGCACGCGTCCCTCCTAA,0,2352111
mglBp,0.1111111111111111,8,8,GTTGCAACGCCACAGAAACT,0,2377965
mglBp,0.1111111111111111,8,8,GTTGAGGAGGCCTCTGCAGT,0,2390504
mglBp,0.1111111111111111,8,8,GTTGAGAGTAGGCAAGGGCG,0,2362681
mglBp,0.1111111111111111,8,8,GTTCTTGGCATTTTCAGATG,0,2325554
mglBp,0.1111111111111111,8,8,GTTCCCTCTTTGAGTTTCCC,0,2395467
mglBp,0.1111111111111111,8,8,GTTATGTCCTTTCTTCAGTG,0,2408801
mglBp,0.1111111111111111,8,8,GTTATGCGTAATTGTGAGGT,0,2321661
mglBp,0.1111111111111111,8,8,GTTATAGCAAGACGGCCAGA,0,2346899
mglBp,0.1111111111111111,8,8,GTTAGCACCGGTGGGTCACG,0,2364366
mglBp,0.1111111111111111,8,8,GTTACCGTTGGAGCATTGGA,0,2351636
mglBp,0.1111111111111111,8,8,GTTAATTAATTTGCATTTGC,0,2366612
mglBp,0.1111111111111111,8,8,GTGTTCAAGTGAAAACTGTC,0,2384990
mglBp,0.1111111111111111,8,8,GTGGTCCTAACATTCTATAA,0,2330548
mglBp,0.1111111111111111,8,8,GTGGAGAGGTGTATGTGTGC,0,2421523
mglBp,0.1111111111111111,8,8,GTGGAACAATCGGGTGAAAA,0,2393273
mglBp,0.1111111111111111,8,8,GTGCGGGTGGTGATTGCAAC,0,2367415
mglBp,0.1111111111111111,8,8,GTGCGGGTCCCGGAATGTGC,0,2330836
mglBp,0.1111111111111111,8,8,GTGCCTATAGTAAGTACGAG,0,2395474
mglBp,0.1111111111111111,8,8,GTGCAGTGCTACGGATCCAC,0,2368658
mglBp,0.1111111111111111,8,8,GTGCAAGTGATCGTCTCCAT,0,2412933
mglBp,0.1111111111111111,8,8,GTGCAACTGAGAACTCCACT,0,2341450
mglBp,0.1111111111111111,8,8,GTGATTAACTTGCTTTATGA,0,2326468
mglBp,0.1111111111111111,8,8,GTGATGAGGGCTGTAAGTAC,0,2349593
mglBp,0.1111111111111111,8,8,GTGATGAGCCGCTTCGGCTA,0,2326647
mglBp,0.1111111111111111,8,8,GTGATCATCGAGGGCATAGT,0,2381024
mglBp,0.1111111111111111,8,8,GTGACAAGGCAGGTCCTAAC,0,2325367
mglBp,0.1111111111111111,8,8,GTGAACCATCTGGCACAGGA,0,2334097
mglBp,0.1111111111111111,8,8,GTGAAACCCGTTGTGACACA,0,2371640
mglBp,0.1111111111111111,8,8,GTCTGAAAGCGGCCTAATTT,0,2333103
mglBp,0.1111111111111111,8,8,GTCTCCGAAAATTATGCAGG,0,2391212
mglBp,0.1111111111111111,8,8,GTCGTAAGGGCGGGCCGCGT,0,2388093
mglBp,0.1111111111111111,8,8,GTCGTAACCGGTCGGCGGTA,0,2327616
mglBp,0.1111111111111111,8,8,GTCGGCTTGGGGGGTTTACT,0,2344933
mglBp,0.1111111111111111,8,8,GTCGCGTCTATGCCTCATGC,0,2423309
mglBp,0.1111111111111111,8,8,GTCGCGAAAGTGGCGCTAGG,0,2377799
mglBp,0.1111111111111111,8,8,GTCGAGGCCGCTCCATTAAT,0,2353659
mglBp,0.1111111111111111,8,8,GTCGAAATGCCGGGAGTCCG,0,2339775
mglBp,0.1111111111111111,8,8,GTCCTTTGGCAAAAGCACAA,0,2340554
mglBp,0.1111111111111111,8,8,GTCCTGACTTGCTGTCTGGT,0,2362962
mglBp,0.1111111111111111,8,8,GTCCTCCGGGTTTGATTAAA,0,2361579
mglBp,0.1111111111111111,8,8,GTCCTATGTTAGCTCTGACA,0,2316657
mglBp,0.1111111111111111,8,8,GTCCGTATTACCTCTCGAAA,0,2321362
mglBp,0.1111111111111111,8,8,GTCCGCGTGTAAGCAACGGC,0,2415614
mglBp,0.1111111111111111,8,8,GTCCCTACCCGGCGTCGGGA,0,2353584
mglBp,0.1111111111111111,8,8,GTCCCAGAGTCTGGGACTTC,0,2397030
mglBp,0.1111111111111111,8,8,GTCCACGCTAATTAATGTGA,0,2339265
mglBp,0.1111111111111111,8,8,GTCATTAGGAGAACACGCAT,0,2364508
mglBp,0.1111111111111111,8,8,GTCATAAAATCCGTCTCGAT,0,2404630
mglBp,0.1111111111111111,8,8,GTCAGGTCCATCAAGACCCG,0,2324727
mglBp,0.1111111111111111,8,8,GTCAGAGATTCGCTGCAGGC,0,2362461
mglBp,0.1111111111111111,8,8,GTCACCATTATACCTCATAT,0,2379315
mglBp,0.1111111111111111,8,8,GTCACCATAGAACGGTAGCA,0,2350333
mglBp,0.1111111111111111,8,8,GTCAATCGCAAATTGGATAG,0,2354828
mglBp,0.1111111111111111,8,8,GTCAAGGTAAATCCTCCGAT,0,2322508
mglBp,0.1111111111111111,8,8,GTCAAGGAATGCAGGCATCC,0,2326114
mglBp,0.1111111111111111,8,8,GTCAAGCGTAGGCTATCGGC,0,2389949
mglBp,0.1111111111111111,8,8,GTCAAAAAATAAGTAGGGAC,0,2405636
mglBp,0.1111111111111111,8,8,GTATTTACAAATGATACGCA,0,2420867
mglBp,0.1111111111111111,8,8,GTATTGCGTAACAGAGCAGG,0,2385204
mglBp,0.1111111111111111,8,8,GTATGAGTCTACGCTCTCTG,0,2369042
mglBp,0.1111111111111111,8,8,GTAGGGGGGGGGAATCCAAT,0,2407751
mglBp,0.1111111111111111,8,8,GTAGGGGGCAACTTGTAGCG,0,2412911
mglBp,0.1111111111111111,8,8,GTAGGGCCTGCGACTCCCGT,0,2348653
mglBp,0.1111111111111111,8,8,GTAGATCCAGGTTCCAGATC,0,2341313
mglBp,0.1111111111111111,8,8,GTAGAGCGTGCCTACCTAGT,0,2332159
mglBp,0.1111111111111111,8,8,GTACTTCAGGCAGGGTCCGG,0,2396246
mglBp,0.1111111111111111,8,8,GTAAGGGCGGGTCTTCATCG,0,2378861
mglBp,0.1111111111111111,8,8,GTAAGCTGCATTAACTCCAC,0,2399980
mglBp,0.1111111111111111,8,8,GTAAGAGTTCGATATTTTAC,0,2335542
mglBp,0.1111111111111111,8,8,GTAAATACACTTCCCGCCAA,0,2382393
mglBp,0.1111111111111111,8,8,GGTTTTCGTGTATGACAGTG,0,2350600
mglBp,0.1111111111111111,8,8,GGTTTGCACAGCGCTAACGT,0,2344292
mglBp,0.1111111111111111,8,8,GGTTTCAGTAGTAAATGAAT,0,2350682
mglBp,0.1111111111111111,8,8,GGTTCGTGTAAGCGTACCCC,0,2380731
mglBp,0.1111111111111111,8,8,GGTTCATGATACCTAACAGT,0,2385097
mglBp,0.1111111111111111,8,8,GGTTAGGCGGCTATTCTTCG,0,2410679
mglBp,0.1111111111111111,8,8,GGTGCTTCATCTGAAGGTAT,0,2317933
mglBp,0.1111111111111111,8,8,GGTGCTGGACTTACCCGCAG,0,2413418
mglBp,0.1111111111111111,8,8,GGTGCGTCAAAGTGATGCAA,0,2361764
mglBp,0.1111111111111111,8,8,GGTGCACGGGGTCCCGCCTG,0,2350684
mglBp,0.1111111111111111,8,8,GGTGACTAAGCGGCACTGCG,0,2329243
mglBp,0.1111111111111111,8,8,GGTCCATTTGTGCAGCATCT,0,2388704
mglBp,0.1111111111111111,8,8,GGTCAAGCTGATTACGGAAC,0,2359865
mglBp,0.1111111111111111,8,8,GGTCAAAAGACAACTGAGCT,0,2320276
mglBp,0.1111111111111111,8,8,GGTATTATAGCGTGCTGTAG,0,2370317
mglBp,0.1111111111111111,8,8,GGTAGTGGACATGCCCTTTT,0,2414999
mglBp,0.1111111111111111,8,8,GGTAGACATCGGCAACTAAA,0,2368081
mglBp,0.1111111111111111,8,8,GGTAGAAACGTTTTCCTTGT,0,2419473
mglBp,0.1111111111111111,8,8,GGTACGTAGCCCGTCGGCTA,0,2347248
mglBp,0.1111111111111111,8,8,GGGTTCACTTAGCGAGGAAT,0,2362124
mglBp,0.1111111111111111,8,8,GGGTCTTGCTTGTTAATCAC,0,2414875
mglBp,0.1111111111111111,8,8,GGGTCCGTATCGGGTATAGT,0,2417362
mglBp,0.1111111111111111,8,8,GGGTAGGATAGCCCGCCGTT,0,2387045
mglBp,0.1111111111111111,8,8,GGGTACGCTACCCCGGGATT,0,2335844
mglBp,0.1111111111111111,8,8,GGGGTCGTGCGGGGCACGCC,0,2371184
mglBp,0.1111111111111111,8,8,GGGGTATAGGCGAGTCGTCT,0,2381257
mglBp,0.1111111111111111,8,8,GGGGGATAAACGGGCCAGAC,0,2385377
mglBp,0.1111111111111111,8,8,GGGGAATCAAGACTTCTCAA,0,2369997
mglBp,0.1111111111111111,8,8,GGGGAAAAAGGAGAAGGCAT,0,2336689
mglBp,0.1111111111111111,8,8,GGGCTCGATGACGTGTTGTG,0,2380969
mglBp,0.1111111111111111,8,8,GGGCTAGATTGAACAGTATT,0,2408765
mglBp,0.1111111111111111,8,8,GGGCGGGACCACTACCGGAG,0,2361199
mglBp,0.1111111111111111,8,8,GGGCGAGCGTTGATAGTTGC,0,2332916
mglBp,0.1111111111111111,8,8,GGGCGAAAGGAACTCCGATA,0,2384615
mglBp,0.1111111111111111,8,8,GGGCCATTTAGCCGAATGCA,0,2401890
mglBp,0.1111111111111111,8,8,GGGCATTAGCCTCCCGTTTA,0,2340013
mglBp,0.1111111111111111,8,8,GGGCACACACAAGCCCAAGA,0,2334805
mglBp,0.1111111111111111,8,8,GGGCAAGGACTCGCGCAGGT,0,2406376
mglBp,0.1111111111111111,8,8,GGGATTTGGAATAGAGGCGC,0,2354825
mglBp,0.1111111111111111,8,8,GGGAGGCGATGGATGGATAT,0,2354390
mglBp,0.1111111111111111,8,8,GGGAGGCCAGGTGGATAAGA,0,2339014
mglBp,0.1111111111111111,8,8,GGGAGGAGTGATTTTCAATG,0,2401186
mglBp,0.1111111111111111,8,8,GGGACTCCGTAAGGGGGGGT,0,2374662
mglBp,0.1111111111111111,8,8,GGGACCTCCTATCCACCGTG,0,2321798
mglBp,0.1111111111111111,8,8,GGGACAGAATGTTGAAAATG,0,2416107
mglBp,0.1111111111111111,8,8,GGGAATCATCGATCGGTTGT,0,2356242
mglBp,0.1111111111111111,8,8,GGGAATATATACATGTGGCA,0,2384529
mglBp,0.1111111111111111,8,8,GGGAAGATAGCCTAACTGCA,0,2389431
mglBp,0.1111111111111111,8,8,GGCTTGGATGTAAAATTACA,0,2354443
mglBp,0.1111111111111111,8,8,GGCTGCTGTATGGGGTTCGC,0,2371699
mglBp,0.1111111111111111,8,8,GGCTATTCTGAACGGAAAGG,0,2356288
mglBp,0.1111111111111111,8,8,GGCTACTCCCTACTTAGTAT,0,2351531
mglBp,0.1111111111111111,8,8,GGCTAAGTCCACTTGCGCTA,0,2368898
mglBp,0.1111111111111111,8,8,GGCGTCAGGTAAATACTAGC,0,2321795
mglBp,0.1111111111111111,8,8,GGCGGAATGCTATTAAACAA,0,2398089
mglBp,0.1111111111111111,8,8,GGCGAATCCCGGGACATCTC,0,2402228
mglBp,0.1111111111111111,8,8,GGCGAAGCAGGCCCCGTGTA,0,2395804
mglBp,0.1111111111111111,8,8,GGCCTGAATGGCCCAGCCCA,0,2400740
mglBp,0.1111111111111111,8,8,GGCCTCGCGTCATTGATGAG,0,2323992
mglBp,0.1111111111111111,8,8,GGCCTACGGCGACGATATGT,0,2364792
mglBp,0.1111111111111111,8,8,GGCCGGATACCAACCAAGAT,0,2334924
mglBp,0.1111111111111111,8,8,GGCCCGCCCGCAACAGCGAA,0,2349940
mglBp,0.1111111111111111,8,8,GGCCACCTAGTAAGATATAT,0,2416435
mglBp,0.1111111111111111,8,8,GGCATGTACATCCTTGATAC,0,2354861
mglBp,0.1111111111111111,8,8,GGCATAGGGCAACGCAAGTA,0,2389275
mglBp,0.1111111111111111,8,8,GGCATAAGGACCTCACACAG,0,2408101
mglBp,0.1111111111111111,8,8,GGCAAAAAAGGGTGTTAGTT,0,2364855
mglBp,0.1111111111111111,8,8,GGATTGGTCTGACGTTCTGA,0,2330908
mglBp,0.1111111111111111,8,8,GGATTGCACCTAAGGTATAG,0,2395697
mglBp,0.1111111111111111,8,8,GGATGGACCAACATCCTTCT,0,2366982
mglBp,0.1111111111111111,8,8,GGATCAGTCCGCCTTATTCT,0,2318364
mglBp,0.1111111111111111,8,8,GGATAGGCCCCTGAAGGGCA,0,2387431
mglBp,0.1111111111111111,8,8,GGATACCGTCTCCCCGTCGG,0,2357035
mglBp,0.1111111111111111,8,8,GGAGTGACGTTATGGGCTGT,0,2339595
mglBp,0.1111111111111111,8,8,GGAGGAAGCATTATCAACGG,0,2323104
mglBp,0.1111111111111111,8,8,GGAGCCAATCGTATTCTCAG,0,2325987
mglBp,0.1111111111111111,8,8,GGAGATCGGTGATATAGAAA,0,2373787
mglBp,0.1111111111111111,8,8,GGAGAGGGTTACCCTCGCTT,0,2330904
mglBp,0.1111111111111111,8,8,GGAGAAAAATTCAACGTTAG,0,2422097
mglBp,0.1111111111111111,8,8,GGACTTTGGGAACGCGTTAC,0,2351792
mglBp,0.1111111111111111,8,8,GGACTTATTGTGGAAAAGGT,0,2331506
mglBp,0.1111111111111111,8,8,GGACGTTGTGGTGTCAACTG,0,2356234
mglBp,0.1111111111111111,8,8,GGACGAAGTAAGTGCCGTCA,0,2336100
mglBp,0.1111111111111111,8,8,GGACCGGAGCGCGCGTTCGC,0,2323957
mglBp,0.1111111111111111,8,8,GGACCCTGACAATGAGCCTT,0,2346845
mglBp,0.1111111111111111,8,8,GGACAATATATGATTGAATG,0,2347882
mglBp,0.1111111111111111,8,8,GGACAAGGGGCTAAGCCGGA,0,2397772
mglBp,0.1111111111111111,8,8,GGAAGGACAGTATAAGTGTA,0,2409947
mglBp,0.1111111111111111,8,8,GGAAGAAGGGTTGCGGCAGG,0,2329314
mglBp,0.1111111111111111,8,8,GGAACGACCCTGGTCTACGC,0,2417105
mglBp,0.1111111111111111,8,8,GGAAAGACACGGCTTCTTGC,0,2370863
mglBp,0.1111111111111111,8,8,GCTTTAGCGTAAATGATTAG,0,2404641
mglBp,0.1111111111111111,8,8,GCTTTACCGCGACTCTTATT,0,2370472
mglBp,0.1111111111111111,8,8,GCTTGGATAACCATTTACAA,0,2402133
mglBp,0.1111111111111111,8,8,GCTTCGAGTCATGCCAGTTT,0,2368511
mglBp,0.1111111111111111,8,8,GCTTCATTCTTAAAGTTGCT,0,2365692
mglBp,0.1111111111111111,8,8,GCTGTTTCTGCCACAGAGGT,0,2382315
mglBp,0.1111111111111111,8,8,GCTGTTATAGTACAAAGGTA,0,2323206
mglBp,0.1111111111111111,8,8,GCTGTCGCGAGATTTCGCAA,0,2384949
mglBp,0.1111111111111111,8,8,GCTGGTCAGTATAAAGGCGC,0,2328158
mglBp,0.1111111111111111,8,8,GCTGGGAAAATCGAACAGTT,0,2387011
mglBp,0.1111111111111111,8,8,GCTGGCCAAATGACGAAGAG,0,2325492
mglBp,0.1111111111111111,8,8,GCTCTTTTATAGCGACAACT,0,2406656
mglBp,0.1111111111111111,8,8,GCTCTAACCCAATCACGGAT,0,2368895
mglBp,0.1111111111111111,8,8,GCTCGGAGGCTAATTCAAGA,0,2369207
mglBp,0.1111111111111111,8,8,GCTCCTGCTGCCGGAGCTTA,0,2417011
mglBp,0.1111111111111111,8,8,GCTCCAGTTATAGGGGCAGG,0,2381660
mglBp,0.1111111111111111,8,8,GCTCAGCGGCATGCCTGTAT,0,2348234
mglBp,0.1111111111111111,8,8,GCTCAAGTACGGTGCACGCA,0,2420982
mglBp,0.1111111111111111,8,8,GCTAGTAAGGTCGAATAAAC,0,2361567
mglBp,0.1111111111111111,8,8,GCTACTCGAGCTCGCTGAAT,0,2342917
mglBp,0.1111111111111111,8,8,GCTACATTCCAACATTTACG,0,2352209
mglBp,0.1111111111111111,8,8,GCTAATAATTGAACCGTTCC,0,2382557
mglBp,0.1111111111111111,8,8,GCTAACAAGTGCCTGCTTGT,0,2371199
mglBp,0.1111111111111111,8,8,GCTAAAGTGTGTGCGCCGGT,0,2392791
mglBp,0.1111111111111111,8,8,GCGTTGAAGCAACAAAAGAT,0,2328424
mglBp,0.1111111111111111,8,8,GCGTTCGTGGCCACTCAGGC,0,2380339
mglBp,0.1111111111111111,8,8,GCGTTATGCATCGGGCATAG,0,2320138
mglBp,0.1111111111111111,8,8,GCGTCAGCTGAAATAAAAGA,0,2394438
mglBp,0.1111111111111111,8,8,GCGTACGAATCCCCGATGTG,0,2341456
mglBp,0.1111111111111111,8,8,GCGTAACAAGCGAGCCGAAG,0,2334513
mglBp,0.1111111111111111,8,8,GCGGTAAGGTTGCAACCTTG,0,2388283
mglBp,0.1111111111111111,8,8,GCGGGTCAAACAGTAGTAGA,0,2353192
mglBp,0.1111111111111111,8,8,GCGGGGGGTTGACGCGCTAG,0,2386537
mglBp,0.1111111111111111,8,8,GCGGGCTGTGATGGCGTCTT,0,2422324
mglBp,0.1111111111111111,8,8,GCGGGCGGTCAGATTAACAT,0,2411007
mglBp,0.1111111111111111,8,8,GCGGATGGGAAATTCGACAT,0,2386019
mglBp,0.1111111111111111,8,8,GCGGATATGCATGGGGGTAC,0,2346003
mglBp,0.1111111111111111,8,8,GCGGACATGGCAGAGATACA,0,2421938
mglBp,0.1111111111111111,8,8,GCGCTAGCTCCGTCAACGTC,0,2317895
mglBp,0.1111111111111111,8,8,GCGCCCTCACGGCGAGGGCT,0,2341647
mglBp,0.1111111111111111,8,8,GCGAACCCAAGTAGACATTT,0,2406864
mglBp,0.1111111111111111,8,8,GCCTTCTAAAGCCTGTCTAA,0,2403967
mglBp,0.1111111111111111,8,8,GCCTTACTTCATAAGCTATA,0,2366591
mglBp,0.1111111111111111,8,8,GCCTGGTTCCATTAGTCAAT,0,2367156
mglBp,0.1111111111111111,8,8,GCCTGAGTAGTGCGGCTAGA,0,2366211
mglBp,0.1111111111111111,8,8,GCCGTAAAGGGCCTATCGTC,0,2377566
mglBp,0.1111111111111111,8,8,GCCGGAGACTCGAGTCGGGG,0,2396102
mglBp,0.1111111111111111,8,8,GCCGCCGTAAGTTAGTCCTT,0,2383562
mglBp,0.1111111111111111,8,8,GCCCTGCAGCGTAAAGTCAT,0,2397244
mglBp,0.1111111111111111,8,8,GCCCGTATTGGCCGAGCGAA,0,2403304
mglBp,0.1111111111111111,8,8,GCCCGTAGAGAATGCCACAG,0,2408321
mglBp,0.1111111111111111,8,8,GCCCGATAGTCTCTATGAGG,0,2322410
mglBp,0.1111111111111111,8,8,GCCCGAGGTCCCTTTTGGTT,0,2387089
mglBp,0.1111111111111111,8,8,GCCCCGTGTTCGATAACGAA,0,2335010
mglBp,0.1111111111111111,8,8,GCCCCACCTCGATCTTTTCA,0,2322074
mglBp,0.1111111111111111,8,8,GCCATGCCACGACACGAGAC,0,2337606
mglBp,0.1111111111111111,8,8,GCCATACCCGGCCTCGATGA,0,2419882
mglBp,0.1111111111111111,8,8,GCCAGGAGCCATCCATGGTC,0,2353461
mglBp,0.1111111111111111,8,8,GCCAGCTCCCCCCGTTGGAT,0,2377373
mglBp,0.1111111111111111,8,8,GCCAATCGTCTATCGAAAAC,0,2411689
mglBp,0.1111111111111111,8,8,GCCAAGGCCCAATTTGTCTA,0,2320128
mglBp,0.1111111111111111,8,8,GCATTCGTAGCGCTCATGCC,0,2332977
mglBp,0.1111111111111111,8,8,GCATGGACCGCCCAATGTGG,0,2413677
mglBp,0.1111111111111111,8,8,GCATGATATGTCAGTGATGG,0,2389532
mglBp,0.1111111111111111,8,8,GCATAACGGAGTGCTGTCAA,0,2321804
mglBp,0.1111111111111111,8,8,GCAGGTCTAGCAACACAGTA,0,2344710
mglBp,0.1111111111111111,8,8,GCAGGATAGACAGGCATGTA,0,2403298
mglBp,0.1111111111111111,8,8,GCAGCTTGAGCCATCAGGCC,0,2411019
mglBp,0.1111111111111111,8,8,GCAGCCCCGCAACTCGCACT,0,2380782
mglBp,0.1111111111111111,8,8,GCAGCATCTGCGCAGCTGAC,0,2415244
mglBp,0.1111111111111111,8,8,GCAGATTCATGTGCACACCA,0,2405250
mglBp,0.1111111111111111,8,8,GCAGACGGAACACTATTGGG,0,2391054
mglBp,0.1111111111111111,8,8,GCACTTGTACCGACGACGAT,0,2389548
mglBp,0.1111111111111111,8,8,GCACGATTTATTCGCTGTAC,0,2321399
mglBp,0.1111111111111111,8,8,GCACCTTAGTCGTGATTTGA,0,2326745
mglBp,0.1111111111111111,8,8,GCACAGTAGCAGTCGGAGGT,0,2422465
mglBp,0.1111111111111111,8,8,GCAAGCACGCGGTAAGGGTA,0,2366438
mglBp,0.1111111111111111,8,8,GCAACCTCTCGCATACCCTT,0,2402461
mglBp,0.1111111111111111,8,8,GCAACAATCCTGCCCCGAAC,0,2350776
mglBp,0.1111111111111111,8,8,GCAAAGCAGTCCTCTTTCTA,0,2403934
mglBp,0.1111111111111111,8,8,GATTTTTGGGTCCGTTGACA,0,2422990
mglBp,0.1111111111111111,8,8,GATTTGGCGGATCATTCAGA,0,2362817
mglBp,0.1111111111111111,8,8,GATTGAGTGTAAACATGGGG,0,2325297
mglBp,0.1111111111111111,8,8,GATTCGCTTACCCCATCGAT,0,2336231
mglBp,0.1111111111111111,8,8,GATTCAGAATGCGCGCTTGG,0,2388936
mglBp,0.1111111111111111,8,8,GATGTGTAGTCCCGGGGACT,0,2349301
mglBp,0.1111111111111111,8,8,GATGTACAGCCGACCAATGA,0,2389127
mglBp,0.1111111111111111,8,8,GATGGCTCGCGCGGGGTCAC,0,2372873
mglBp,0.1111111111111111,8,8,GATGGCCTTAAACAGTATCT,0,2422664
mglBp,0.1111111111111111,8,8,GATGCTTCGCAGTACCAAGT,0,2400125
mglBp,0.1111111111111111,8,8,GATGAACTTTTCACAAAGAA,0,2365576
mglBp,0.1111111111111111,8,8,GATCTGACTACGATTTATGT,0,2381177
mglBp,0.1111111111111111,8,8,GATCCTGATCTTTCTAAGGC,0,2364120
mglBp,0.1111111111111111,8,8,GATATCCGGGATTCATGATG,0,2400170
mglBp,0.1111111111111111,8,8,GATAGCTAATTTCACCTATT,0,2405277
mglBp,0.1111111111111111,8,8,GATAAGAAGAGGCACTGCGA,0,2389004
mglBp,0.1111111111111111,8,8,GAGTTTTTCCTAACCGGGGG,0,2358553
mglBp,0.1111111111111111,8,8,GAGTGGTAAATTCGGGGAGG,0,2413238
mglBp,0.1111111111111111,8,8,GAGTCTTCATGAGGCGATCG,0,2411017
mglBp,0.1111111111111111,8,8,GAGTATCTCGCCCTCGGCTA,0,2327414
mglBp,0.1111111111111111,8,8,GAGTATAGTTAGCGGAATAG,0,2410033
mglBp,0.1111111111111111,8,8,GAGTACATATATAGGCGCAT,0,2404030
mglBp,0.1111111111111111,8,8,GAGGTCGAATTTTGGCCCCA,0,2420825
mglBp,0.1111111111111111,8,8,GAGGGTTCAAAGACCGGGAT,0,2422470
mglBp,0.1111111111111111,8,8,GAGGCTTACGCATCTTCGAT,0,2351086
mglBp,0.1111111111111111,8,8,GAGCTTGTGGAGTGTCTTGG,0,2345679
mglBp,0.1111111111111111,8,8,GAGCTCTATAGGGCTATCGT,0,2365299
mglBp,0.1111111111111111,8,8,GAGCTACACCTGGGGCGTAA,0,2332106
mglBp,0.1111111111111111,8,8,GAGCATTGGCTTAATACTAT,0,2326533
mglBp,0.1111111111111111,8,8,GAGCATGGTTCGGGGGCTGC,0,2316851
mglBp,0.1111111111111111,8,8,GAGATCGAGCGATTTGCGAG,0,2348893
mglBp,0.1111111111111111,8,8,GAGATCACAACGGTTTGGCC,0,2355357
mglBp,0.1111111111111111,8,8,GAGATATTACACAAGGCCCA,0,2396224
mglBp,0.1111111111111111,8,8,GAGAGGGACATTTGCCGCAT,0,2410448
mglBp,0.1111111111111111,8,8,GAGACTGATGTTCATTCCGT,0,2324647
mglBp,0.1111111111111111,8,8,GACTTTACGGAATCACCGAC,0,2349781
mglBp,0.1111111111111111,8,8,GACTGGCTGTCTCATTTGCA,0,2328932
mglBp,0.1111111111111111,8,8,GACTGGCGTTTTCCGTGTAA,0,2345675
mglBp,0.1111111111111111,8,8,GACGGTTTCACCGGTTGTTG,0,2354266
mglBp,0.1111111111111111,8,8,GACGGCAGTAGGCCATCTTA,0,2365724
mglBp,0.1111111111111111,8,8,GACGCCATACTGGAGATTTC,0,2408451
mglBp,0.1111111111111111,8,8,GACGCAGTAATAAAATGAGC,0,2420121
mglBp,0.1111111111111111,8,8,GACGAGTCTATGCTCATGCG,0,2374043
mglBp,0.1111111111111111,8,8,GACCTGCCCGACGGAAACGA,0,2347875
mglBp,0.1111111111111111,8,8,GACCGTGTCGGCCGGAATCC,0,2381575
mglBp,0.1111111111111111,8,8,GACCGTGCAGTGAAGCGGTA,0,2345163
mglBp,0.1111111111111111,8,8,GACCGCAAGGCCAACGGGGG,0,2396137
mglBp,0.1111111111111111,8,8,GACCCCAACACCCTTTAGGA,0,2368776
mglBp,0.1111111111111111,8,8,GACCCAGGCTTTCGATCGAG,0,2375916
mglBp,0.1111111111111111,8,8,GACCAATGACCAGCCATACA,0,2380506
mglBp,0.1111111111111111,8,8,GACATGCTGACTGATACTTC,0,2316495
mglBp,0.1111111111111111,8,8,GACAGCACGCGGCCATCCGG,0,2394542
mglBp,0.1111111111111111,8,8,GACACCAGTCCAATCAGATT,0,2372090
mglBp,0.1111111111111111,8,8,GACAAGTATAACGCTACGAG,0,2340561
mglBp,0.1111111111111111,8,8,GAATTGCCTGCGTATGCATC,0,2376848
mglBp,0.1111111111111111,8,8,GAATGTGAAACATTTTAAGA,0,2372230
mglBp,0.1111111111111111,8,8,GAATGTATTTATTCTGTAAA,0,2342145
mglBp,0.1111111111111111,8,8,GAATGTACGGTATGCGCTGG,0,2335992
mglBp,0.1111111111111111,8,8,GAATGGCGTGATCCTAGCTG,0,2414228
mglBp,0.1111111111111111,8,8,GAATCTCCTGACATGGACAC,0,2329670
mglBp,0.1111111111111111,8,8,GAATCACTGAGCAAAGGGCA,0,2395386
mglBp,0.1111111111111111,8,8,GAAGGGTTACATGCGTAGCT,0,2415149
mglBp,0.1111111111111111,8,8,GAAGCGCCCCTGACGGGAGC,0,2388662
mglBp,0.1111111111111111,8,8,GAAGCCCCGCGTCTCCACAT,0,2327715
mglBp,0.1111111111111111,8,8,GAAGCCAAAAGTTAAGTTCA,0,2409477
mglBp,0.1111111111111111,8,8,GAAGCACTATTACAAGTCGT,0,2374158
mglBp,0.1111111111111111,8,8,GAACTCCAAGATCGCTCGAT,0,2377007
mglBp,0.1111111111111111,8,8,GAACTATGCTATTCAATTTC,0,2355254
mglBp,0.1111111111111111,8,8,GAACCTAGAAAAATAGATCC,0,2328161
mglBp,0.1111111111111111,8,8,GAACATCTATTCTGACAAAC,0,2404274
mglBp,0.1111111111111111,8,8,GAACACAAATAGCAGGTGGT,0,2402672
mglBp,0.1111111111111111,8,8,GAAATCTCAATCCGTATTAT,0,2399275
mglBp,0.1111111111111111,8,8,GAAATCCAGATTTCTGGGGT,0,2356878
mglBp,0.1111111111111111,8,8,GAAAGTGGCGATGCTCCATC,0,2343684
mglBp,0.1111111111111111,8,8,GAAACGCCGAGAGTAACTCA,0,2344436
mglBp,0.1111111111111111,8,8,GAAACACCCATATTTTCTGG,0,2414471
mglBp,0.1111111111111111,8,8,GAAAATCTCTGCAAACGTCG,0,2378791
mglBp,0.1111111111111111,8,8,CTTTTGCTGTTACGGGATCG,0,2321396
mglBp,0.1111111111111111,8,8,CTTTTCACCGAGCCCGAGAT,0,2396089
mglBp,0.1111111111111111,8,8,CTTTGTGGTTACAGAATCCC,0,2322835
mglBp,0.1111111111111111,8,8,CTTTGTGAGGCGTCAATTGC,0,2350566
mglBp,0.1111111111111111,8,8,CTTTGAACAGCGTAAATTAT,0,2396902
mglBp,0.1111111111111111,8,8,CTTTGAAAAATTACGGAGGG,0,2341458
mglBp,0.1111111111111111,8,8,CTTTCTGCCAAGCGTTAATG,0,2344252
mglBp,0.1111111111111111,8,8,CTTTATTCATGAGCATAAGT,0,2326608
mglBp,0.1111111111111111,8,8,CTTGTTAGCTCTAGATTTGA,0,2346993
mglBp,0.1111111111111111,8,8,CTTGGCGGGATGTACCTTAT,0,2344558
mglBp,0.1111111111111111,8,8,CTTGATATCACCTGGGCCGG,0,2330401
mglBp,0.1111111111111111,8,8,CTTGAACTTCAGGCAGATAT,0,2356912
mglBp,0.1111111111111111,8,8,CTTCCGGAAATGCGAAAAGC,0,2402709
mglBp,0.1111111111111111,8,8,CTTCAACACGGCTCGATTTT,0,2318438
mglBp,0.1111111111111111,8,8,CTTATCGTGGCCCGCCATGG,0,2323660
mglBp,0.1111111111111111,8,8,CTTAGCAAGTGGGCCGCAGG,0,2350638
mglBp,0.1111111111111111,8,8,CTTACATTGGTGAGCTGGTT,0,2413207
mglBp,0.1111111111111111,8,8,CTGTGGTGTGTCGGGTGCTT,0,2323701
mglBp,0.1111111111111111,8,8,CTGTGGGTGCGCACCTCGAC,0,2359581
mglBp,0.1111111111111111,8,8,CTGTGCGGGCAGTTGCGCAG,0,2345134
mglBp,0.1111111111111111,8,8,CTGTGCCAGAGGAACATGCT,0,2395765
mglBp,0.1111111111111111,8,8,CTGTGATAATCCCAGCCTTT,0,2419758
mglBp,0.1111111111111111,8,8,CTGTCTTGGCCGGTAACGCG,0,2378768
mglBp,0.1111111111111111,8,8,CTGTCTCCAGAGTGCACGCT,0,2421735
mglBp,0.1111111111111111,8,8,CTGTCTAAGCCGCCATATTG,0,2360694
mglBp,0.1111111111111111,8,8,CTGGGCGGAATCGCCGGTTC,0,2325298
mglBp,0.1111111111111111,8,8,CTGGGCATTGCGGTGCCCAA,0,2394366
mglBp,0.1111111111111111,8,8,CTGGGCACGTTGCTCCTGGT,0,2325767
mglBp,0.1111111111111111,8,8,CTGGCGGGTGTGAAAAAATA,0,2359902
mglBp,0.1111111111111111,8,8,CTGGCACACAGCGTGACCGC,0,2386187
mglBp,0.1111111111111111,8,8,CTGGAGAGCGGTTATCTCCT,0,2316552
mglBp,0.1111111111111111,8,8,CTGGAAGGCGCGCAAACATG,0,2380032
mglBp,0.1111111111111111,8,8,CTGCTTCATGTCGATAGGTT,0,2412305
mglBp,0.1111111111111111,8,8,CTGCGTTTATTCTCCGGTTG,0,2358651
mglBp,0.1111111111111111,8,8,CTGCGTACCCAATGTAGTAA,0,2410985
mglBp,0.1111111111111111,8,8,CTGCGGCTGGCGCGCGGGGT,0,2316799
mglBp,0.1111111111111111,8,8,CTGCCGTGTGGTACGCGGTG,0,2323376
mglBp,0.1111111111111111,8,8,CTGCCGCATCCGTAAACGAT,0,2376567
mglBp,0.1111111111111111,8,8,CTGATGATTTAGTATACTCG,0,2384168
mglBp,0.1111111111111111,8,8,CTGATAACCTTCTGGGAATA,0,2404878
mglBp,0.1111111111111111,8,8,CTGAGGCTCAGGCAGTGTCG,0,2404644
mglBp,0.1111111111111111,8,8,CTGAGCGCTGGCATTATTCA,0,2339057
mglBp,0.1111111111111111,8,8,CTGAGCGCTCTTACTCTGGA,0,2418662
mglBp,0.1111111111111111,8,8,CTGAGAATGTTAGTGCGGTC,0,2400583
mglBp,0.1111111111111111,8,8,CTCTGTCCTGAAGCCGGGAA,0,2381029
mglBp,0.1111111111111111,8,8,CTCTGGCTGCATGGTCCACA,0,2332207
mglBp,0.1111111111111111,8,8,CTCTCGCTTGGGGCTCGAAG,0,2399556
mglBp,0.1111111111111111,8,8,CTCGTTCCTAAGTAGGCACC,0,2347980
mglBp,0.1111111111111111,8,8,CTCGGGTTACACTGTGAATG,0,2396776
mglBp,0.1111111111111111,8,8,CTCGGGGTTTTAAGCCTCCA,0,2324359
mglBp,0.1111111111111111,8,8,CTCGGAAACTGAACACGTCA,0,2388672
mglBp,0.1111111111111111,8,8,CTCGCTCGCCGGTACCCCAA,0,2356720
mglBp,0.1111111111111111,8,8,CTCCTGTCGACGCGTAGTCA,0,2392771
mglBp,0.1111111111111111,8,8,CTCCTACTCAGTAGGGGGTC,0,2406901
mglBp,0.1111111111111111,8,8,CTCCGTTCTGATATACACGG,0,2353090
mglBp,0.1111111111111111,8,8,CTCCGCGCCTTGGGAATAGC,0,2345656
mglBp,0.1111111111111111,8,8,CTCCGAAACGAAACACTGAC,0,2378004
mglBp,0.1111111111111111,8,8,CTCCATATGCAAACGCGCTA,0,2340727
mglBp,0.1111111111111111,8,8,CTCCAATCAATCCTGTATGA,0,2381355
mglBp,0.1111111111111111,8,8,CTCATCATAATAAACTGAGC,0,2316628
mglBp,0.1111111111111111,8,8,CTCATCAACTCGCTATTACA,0,2353887
mglBp,0.1111111111111111,8,8,CTCATAGCTCCAGGTCCGGT,0,2330158
mglBp,0.1111111111111111,8,8,CTCATACGTTCGAAGTCACT,0,2374526
mglBp,0.1111111111111111,8,8,CTCAGTGGCTTAATGTCGAT,0,2422215
mglBp,0.1111111111111111,8,8,CTCACGCATTGCGACATAGT,0,2322943
mglBp,0.1111111111111111,8,8,CTCAATCACACTCAGTAGCG,0,2389839
mglBp,0.1111111111111111,8,8,CTATTTTTGCACGGCTAGAA,0,2356244
mglBp,0.1111111111111111,8,8,CTATTGTCCATGCGCAGGCA,0,2410092
mglBp,0.1111111111111111,8,8,CTATTGACGAAAGGGGGGGG,0,2399895
mglBp,0.1111111111111111,8,8,CTATTCAGAGGCGCTGATTA,0,2408245
mglBp,0.1111111111111111,8,8,CTATGTACGATTGGAATGAA,0,2391372
mglBp,0.1111111111111111,8,8,CTATGGTTGGTTGCGCCTGA,0,2334814
mglBp,0.1111111111111111,8,8,CTATGATACCTTCTAGGCAT,0,2333817
mglBp,0.1111111111111111,8,8,CTATGAAACCTGTCGGCGAT,0,2343621
mglBp,0.1111111111111111,8,8,CTAGTTTCTTGAATCCTGAT,0,2357850
mglBp,0.1111111111111111,8,8,CTAGTGTGGGCGACGAATTA,0,2339491
mglBp,0.1111111111111111,8,8,CTAGGGATAAATCCCTCCGT,0,2363324
mglBp,0.1111111111111111,8,8,CTAGGAGCGAGGAGTATCGG,0,2419814
mglBp,0.1111111111111111,8,8,CTAGGAAGTCCAGCGGTTCG,0,2382628
mglBp,0.1111111111111111,8,8,CTAGCGATGGTAATTTGGGC,0,2331512
mglBp,0.1111111111111111,8,8,CTAGCGAGGCCTCCGCCACT,0,2403261
mglBp,0.1111111111111111,8,8,CTAGATGCATGGCACATCCT,0,2358524
mglBp,0.1111111111111111,8,8,CTAGAAATAGATACTAGACC,0,2383991
mglBp,0.1111111111111111,8,8,CTAGAAATACAGTAGTTTAA,0,2400086
mglBp,0.1111111111111111,8,8,CTACGATAATGCAACGAGAT,0,2391524
mglBp,0.1111111111111111,8,8,CTACGAACCATACGCGCCAG,0,2363297
mglBp,0.1111111111111111,8,8,CTACCTAAGGCCTGTTTTGT,0,2408856
mglBp,0.1111111111111111,8,8,CTACAGAGAACTGTGTCCTG,0,2334536
mglBp,0.1111111111111111,8,8,CTAAGTCCATGCCGAGAAGT,0,2365979
mglBp,0.1111111111111111,8,8,CTAACTTATTTGGGGACACA,0,2347032
mglBp,0.1111111111111111,8,8,CTAACTGCGGATTAGCCCCA,0,2404751
mglBp,0.1111111111111111,8,8,CTAAAGTCAGCATGAGTTCA,0,2342302
mglBp,0.1111111111111111,8,8,CTAAACAAAGGGCCGGGTAT,0,2395741
mglBp,0.1111111111111111,8,8,CTAAAATAGTTGCACTTGCA,0,2387487
mglBp,0.1111111111111111,8,8,CGTTTACCGCGCCGCGACAG,0,2407995
mglBp,0.1111111111111111,8,8,CGTTCGGCCATACGCAGCAA,0,2332687
mglBp,0.1111111111111111,8,8,CGTTCGAGGCTATGATGGTG,0,2316806
mglBp,0.1111111111111111,8,8,CGTTCCACTGCTCCTACGAC,0,2381447
mglBp,0.1111111111111111,8,8,CGTTCATATTATTCAAGGGC,0,2353303
mglBp,0.1111111111111111,8,8,CGTTAGGTGGTGTACCCGTG,0,2394213
mglBp,0.1111111111111111,8,8,CGTTACAAACGATTTGCAAT,0,2344403
mglBp,0.1111111111111111,8,8,CGTGTTACAGAATCTCACTA,0,2378386
mglBp,0.1111111111111111,8,8,CGTGTACGTGATTCCCGACC,0,2367785
mglBp,0.1111111111111111,8,8,CGTGATCTTAGCACTGCCGT,0,2412480
mglBp,0.1111111111111111,8,8,CGTGAGCTCATCTGCGCATA,0,2416299
mglBp,0.1111111111111111,8,8,CGTGAGCAATAAGCAAAAAT,0,2416803
mglBp,0.1111111111111111,8,8,CGTGACGTAGCGGCACTTGA,0,2328885
mglBp,0.1111111111111111,8,8,CGTCTTTGAAGAAGATATAT,0,2326762
mglBp,0.1111111111111111,8,8,CGTCTTGAAATCTCCGAATC,0,2316942
mglBp,0.1111111111111111,8,8,CGTCTGTACCGTCCCCTCAA,0,2327412
mglBp,0.1111111111111111,8,8,CGTCTCTGCCGGCGTGCTCG,0,2350829
mglBp,0.1111111111111111,8,8,CGTCTCGTCCCTGAAGTACG,0,2391975
mglBp,0.1111111111111111,8,8,CGTCGATTGGTAGGGGAGAA,0,2367325
mglBp,0.1111111111111111,8,8,CGTCGATGACTGGCACCTCA,0,2385568
mglBp,0.1111111111111111,8,8,CGTCACTGTGGCACGTTATC,0,2382340
mglBp,0.1111111111111111,8,8,CGTATCGTTCGGAGTGTAGA,0,2377128
mglBp,0.1111111111111111,8,8,CGTATCATGCGGATACCGAC,0,2324495
mglBp,0.1111111111111111,8,8,CGTAATCCGTAAGCGTCGCA,0,2356439
mglBp,0.1111111111111111,8,8,CGTAAGGTAGCAGAGGGGGT,0,2394218
mglBp,0.1111111111111111,8,8,CGTAACAGGTTGCCCGATGA,0,2405771
mglBp,0.1111111111111111,8,8,CGGTTTGGTCCATTATCGGT,0,2421007
mglBp,0.1111111111111111,8,8,CGGTTGAGAGAGAGTACCAC,0,2380108
mglBp,0.1111111111111111,8,8,CGGTTCAGTAATGCGGTCAA,0,2389967
mglBp,0.1111111111111111,8,8,CGGTGTCCTTTGGACGTTGG,0,2365620
mglBp,0.1111111111111111,8,8,CGGTGACGGCGGCCCTGGCC,0,2376961
mglBp,0.1111111111111111,8,8,CGGTCGTGCGTTCGATGATG,0,2389774
mglBp,0.1111111111111111,8,8,CGGTCGCGCCGTGCGCGGCA,0,2353580
mglBp,0.1111111111111111,8,8,CGGTCAGGCTATATATAATG,0,2419018
mglBp,0.1111111111111111,8,8,CGGTACCACATAAAGAGTTT,0,2386619
mglBp,0.1111111111111111,8,8,CGGGTTCTACCCGCCGGCGG,0,2396939
mglBp,0.1111111111111111,8,8,CGGGTATCATCGCTTGGGGG,0,2352797
mglBp,0.1111111111111111,8,8,CGGGTAGACAGCGTACAACC,0,2356377
mglBp,0.1111111111111111,8,8,CGGGGAAAGGCAAAACGCGT,0,2344799
mglBp,0.1111111111111111,8,8,CGGGCACCCACCTTTGACAT,0,2412968
mglBp,0.1111111111111111,8,8,CGGGCAATTGTCGCTTTAGC,0,2405135
mglBp,0.1111111111111111,8,8,CGGGAGATAAGTCGTTTGAT,0,2356640
mglBp,0.1111111111111111,8,8,CGGGAGACTCAACAGCGTAG,0,2357669
mglBp,0.1111111111111111,8,8,CGGCTCTTGTGTGTTACGTT,0,2355205
mglBp,0.1111111111111111,8,8,CGGCTCGTTGATGCCTTTTG,0,2420470
mglBp,0.1111111111111111,8,8,CGGCGGGTAAAGAGGGGATT,0,2338628
mglBp,0.1111111111111111,8,8,CGGCGAACGATGTCAACAAA,0,2415551
mglBp,0.1111111111111111,8,8,CGGCCGGACGGCACTCTCTT,0,2356784
mglBp,0.1111111111111111,8,8,CGGCCACCAAACAAGAAGGT,0,2390072
mglBp,0.1111111111111111,8,8,CGGCATGTCGTGCTGACAAT,0,2385266
mglBp,0.1111111111111111,8,8,CGGCACTTTCGTTCAGACAA,0,2320168
mglBp,0.1111111111111111,8,8,CGGATCTAAGTGCCGGGACA,0,2322044
mglBp,0.1111111111111111,8,8,CGGACTCACGGGTCTCTTTA,0,2373475
mglBp,0.1111111111111111,8,8,CGGACGGTACAGGGATAAAA,0,2387890
mglBp,0.1111111111111111,8,8,CGGACAGGAGCCATATTCGT,0,2379647
mglBp,0.1111111111111111,8,8,CGCTTTTGCGCGGCTATATA,0,2325806
mglBp,0.1111111111111111,8,8,CGCTTAAGCCGAGAATAAGA,0,2422660
mglBp,0.1111111111111111,8,8,CGCTGAGATAGGTACCATGG,0,2337973
mglBp,0.1111111111111111,8,8,CGCTCCGCGAAGGTTGTTTG,0,2393420
mglBp,0.1111111111111111,8,8,CGCTATAGTTGTTACCTTAG,0,2410123
mglBp,0.1111111111111111,8,8,CGCTATAAGAGGGACATTAA,0,2320423
mglBp,0.1111111111111111,8,8,CGCTAGGAAAGCAAGTCTTA,0,2387263
mglBp,0.1111111111111111,8,8,CGCTAGAGAAGCATATGAAG,0,2344629
mglBp,0.1111111111111111,8,8,CGCTACTTGTAAGACCTGGA,0,2402092
mglBp,0.1111111111111111,8,8,CGCTAAGACTGGAGTCGTAA,0,2401693
mglBp,0.1111111111111111,8,8,CGCGTTGTTTGTCATGAGAA,0,2335633
mglBp,0.1111111111111111,8,8,CGCGTTCGTGTGGCCGCATG,0,2351922
mglBp,0.1111111111111111,8,8,CGCGTGGTGCGACCGACGGT,0,2369499
mglBp,0.1111111111111111,8,8,CGCGTGATTCCCAGGATGCG,0,2340738
mglBp,0.1111111111111111,8,8,CGCGTAGGCCCTATTTTGAA,0,2374208
mglBp,0.1111111111111111,8,8,CGCGGTTGGACTATTTCGCT,0,2415508
mglBp,0.1111111111111111,8,8,CGCGGCCACGAAGATCTCTC,0,2333989
mglBp,0.1111111111111111,8,8,CGCGGAAGTTGTTTGAATGG,0,2378334
mglBp,0.1111111111111111,8,8,CGCGCATACTGCTGTGACAG,0,2366425
mglBp,0.1111111111111111,8,8,CGCGAGTTACGTTTCCCAGA,0,2418245
mglBp,0.1111111111111111,8,8,CGCCTTGGGGGCAAATACTC,0,2337351
mglBp,0.1111111111111111,8,8,CGCCTTGATGGAACCGGCTT,0,2417541
mglBp,0.1111111111111111,8,8,CGCCTTACAGCGAGACATCA,0,2363293
mglBp,0.1111111111111111,8,8,CGCCTGTCGCTACTAGTACT,0,2401937
mglBp,0.1111111111111111,8,8,CGCCGCCATCCACGAACGCT,0,2387406
mglBp,0.1111111111111111,8,8,CGCCCGATTAATGTGGTGAC,0,2411691
mglBp,0.1111111111111111,8,8,CGCCAGTGAAGCGATCAGCA,0,2407484
mglBp,0.1111111111111111,8,8,CGCACTGTACGCACGCCCGC,0,2348553
mglBp,0.1111111111111111,8,8,CGCAACAAGTTACTTTCGAT,0,2322735
mglBp,0.1111111111111111,8,8,CGATTGACAGCAAAAGCCAT,0,2381826
mglBp,0.1111111111111111,8,8,CGATTAAAGAAGGGGAGGGT,0,2347690
mglBp,0.1111111111111111,8,8,CGATGTCCGTCCTCAAGTCC,0,2336768
mglBp,0.1111111111111111,8,8,CGATCTTTTGGGACGGCGGC,0,2345869
mglBp,0.1111111111111111,8,8,CGATCCGCGTAACGGAGCGT,0,2405381
mglBp,0.1111111111111111,8,8,CGATAGCTCGACTCTTCAAG,0,2418931
mglBp,0.1111111111111111,8,8,CGAGTCATTCCTAGGCAGCG,0,2387273
mglBp,0.1111111111111111,8,8,CGAGTAGTCTCACCTATTGT,0,2356035
mglBp,0.1111111111111111,8,8,CGAGGATCCCAAATGTAAAC,0,2362475
mglBp,0.1111111111111111,8,8,CGAGCACTTTCTAACATGGT,0,2388443
mglBp,0.1111111111111111,8,8,CGAGCACATTCCACCAATGC,0,2413620
mglBp,0.1111111111111111,8,8,CGAGAATAGAAGGACAATCC,0,2343194
mglBp,0.1111111111111111,8,8,CGACTTAAAAAGCGAGACAC,0,2335023
mglBp,0.1111111111111111,8,8,CGACTGAAATCGAGAACAAT,0,2360655
mglBp,0.1111111111111111,8,8,CGACGGCTACCATACAGGTT,0,2392578
mglBp,0.1111111111111111,8,8,CGACGCTCGGTCTATGATAA,0,2376601
mglBp,0.1111111111111111,8,8,CGACCTAGATGGGAATGCGG,0,2355442
mglBp,0.1111111111111111,8,8,CGACAAACCAGAGCAGGAGG,0,2351344
mglBp,0.1111111111111111,8,8,CGAATTCGGCAAGCCCGGAT,0,2394819
mglBp,0.1111111111111111,8,8,CGAATGCCGTCGGGCTAATA,0,2371933
mglBp,0.1111111111111111,8,8,CGAAGCGAGTTTGGGGAAGT,0,2372383
mglBp,0.1111111111111111,8,8,CGAACCGACGCACGCAATTT,0,2380390
mglBp,0.1111111111111111,8,8,CGAAATGATTCGAGAATATT,0,2386422
mglBp,0.1111111111111111,8,8,CCTTTTAGCTAGGCCGGATA,0,2356169
mglBp,0.1111111111111111,8,8,CCTTTGCTGTCCGTGGATAA,0,2335514
mglBp,0.1111111111111111,8,8,CCTTGGATCCGTGCGGAGAT,0,2339797
mglBp,0.1111111111111111,8,8,CCTTAATTAACCGCAGCCAA,0,2366896
mglBp,0.1111111111111111,8,8,CCTTAAGAAGAGCCAGCCAC,0,2394298
mglBp,0.1111111111111111,8,8,CCTGTTGTGAACGTATTATT,0,2343411
mglBp,0.1111111111111111,8,8,CCTGTCGAGCCTTATGGAAT,0,2388937
mglBp,0.1111111111111111,8,8,CCTGGTCATAGCTTCATAAT,0,2370334
mglBp,0.1111111111111111,8,8,CCTGGGGGATTCTATTCCGA,0,2348521
mglBp,0.1111111111111111,8,8,CCTGGAATACGGTGGTCGTA,0,2409640
mglBp,0.1111111111111111,8,8,CCTGCATGGGGAAGTGGGAT,0,2318922
mglBp,0.1111111111111111,8,8,CCTCGTCCGAGCAGGGCCGG,0,2356520
mglBp,0.1111111111111111,8,8,CCTCGGACCTGTTTATATCA,0,2352545
mglBp,0.1111111111111111,8,8,CCTCGCGCCGTAATGTCAAC,0,2409686
mglBp,0.1111111111111111,8,8,CCTCCCGATGTAGTGCCATG,0,2379083
mglBp,0.1111111111111111,8,8,CCTCCCCCGTTGTAAGTGAA,0,2403139
mglBp,0.1111111111111111,8,8,CCTCCATTGCAACCATCCCA,0,2335525
mglBp,0.1111111111111111,8,8,CCTCAAGCATGCACTATGGC,0,2351406
mglBp,0.1111111111111111,8,8,CCTATCTTCCTGCCCTGCCC,0,2383492
mglBp,0.1111111111111111,8,8,CCTACCTGATCTATCTCCTT,0,2356813
mglBp,0.1111111111111111,8,8,CCTACAGTTGGGGTTGCTCA,0,2350298
mglBp,0.1111111111111111,8,8,CCGTTTAGTTACACCCTGTG,0,2409823
mglBp,0.1111111111111111,8,8,CCGTTCGCCCTCATGTGCCA,0,2381536
mglBp,0.1111111111111111,8,8,CCGTGGGGCAATTCACATAT,0,2328221
mglBp,0.1111111111111111,8,8,CCGTGCCTAGCGGATTTTTC,0,2414997
mglBp,0.1111111111111111,8,8,CCGTGAAATCACGCGGGCTT,0,2372309
mglBp,0.1111111111111111,8,8,CCGTCGGCAGCTACACGTCG,0,2329259
mglBp,0.1111111111111111,8,8,CCGTCGCTGGATGGAATTCT,0,2334928
mglBp,0.1111111111111111,8,8,CCGTCCTCACCTGATAATCT,0,2347397
mglBp,0.1111111111111111,8,8,CCGTATTAGTTGCATAAGCT,0,2383604
mglBp,0.1111111111111111,8,8,CCGTAGCGACCCCAAATTAT,0,2360518
mglBp,0.1111111111111111,8,8,CCGTAACGAATGACACAGTC,0,2377338
mglBp,0.1111111111111111,8,8,CCGGTATAGAACTGATCGGG,0,2370302
mglBp,0.1111111111111111,8,8,CCGGGCCATCTCATTTATCG,0,2348526
mglBp,0.1111111111111111,8,8,CCGGCCTTCGTATTCGGGGT,0,2332509
mglBp,0.1111111111111111,8,8,CCGGAGTTTCGGCTCGCCTT,0,2318277
mglBp,0.1111111111111111,8,8,CCGGACATTTTGACGCTCCG,0,2393323
mglBp,0.1111111111111111,8,8,CCGCTAAGTAGTCTGATTTC,0,2370911
mglBp,0.1111111111111111,8,8,CCGCGGGCGTCAAATCAGGA,0,2345799
mglBp,0.1111111111111111,8,8,CCGCGAATGAGCCCCGAACA,0,2381298
mglBp,0.1111111111111111,8,8,CCGCATTTATACAGTATGGT,0,2369355
mglBp,0.1111111111111111,8,8,CCGCAAAGTGGTCTCGTATT,0,2407253
mglBp,0.1111111111111111,8,8,CCGATTCGGGCGATGTTATG,0,2409382
mglBp,0.1111111111111111,8,8,CCGATGAGGTCATGCCGGAC,0,2423200
mglBp,0.1111111111111111,8,8,CCGAGGGGAGCTAGTTGACT,0,2331591
mglBp,0.1111111111111111,8,8,CCGAGCATTTCACACCGCAG,0,2333179
mglBp,0.1111111111111111,8,8,CCGACGGTCTAAGTACATTC,0,2326115
mglBp,0.1111111111111111,8,8,CCGAAGCGATGTAGAAGTAT,0,2359439
mglBp,0.1111111111111111,8,8,CCGAAAGTTCGTTCAGGAGT,0,2389973
mglBp,0.1111111111111111,8,8,CCGAAAATATTGCCGGTAAA,0,2415189
mglBp,0.1111111111111111,8,8,CCCTTGCACCCGTAACGTCT,0,2409949
mglBp,0.1111111111111111,8,8,CCCTTCACAGGTTTACTATA,0,2417356
mglBp,0.1111111111111111,8,8,CCCTTACCCACTGAAGCCAT,0,2417919
mglBp,0.1111111111111111,8,8,CCCTTAAACGGTTGATGGCC,0,2327326
mglBp,0.1111111111111111,8,8,CCCTGCATCGTTGGAACGAA,0,2338149
mglBp,0.1111111111111111,8,8,CCCTGATATAGGCTCTGGGT,0,2414395
mglBp,0.1111111111111111,8,8,CCCTCTTTGGATCAACCTCA,0,2367592
mglBp,0.1111111111111111,8,8,CCCTCGGCACTTAAGTCCAG,0,2372016
mglBp,0.1111111111111111,8,8,CCCTCCTCTGCCGTAATCGC,0,2401194
mglBp,0.1111111111111111,8,8,CCCGTGTATCTGGCTAGTGC,0,2371393
mglBp,0.1111111111111111,8,8,CCCGTGCCCCCGCGAAAAAT,0,2344739
mglBp,0.1111111111111111,8,8,CCCGTACGTGTGGGCTAGAA,0,2365962
mglBp,0.1111111111111111,8,8,CCCGGCGCTCGCCGTAAAGC,0,2423006
mglBp,0.1111111111111111,8,8,CCCGAAGGTCCGACCAATTT,0,2335731
mglBp,0.1111111111111111,8,8,CCCCCGTGCAATATGGTTAA,0,2342788
mglBp,0.1111111111111111,8,8,CCCCAAGTAATTCTTTGGCA,0,2417567
mglBp,0.1111111111111111,8,8,CCCCAAAGCCACGCGCCGAC,0,2423468
mglBp,0.1111111111111111,8,8,CCCATTGGGGGCTCACCCTT,0,2360821
mglBp,0.1111111111111111,8,8,CCCATCGCCCGCCACTGCCA,0,2370799
mglBp,0.1111111111111111,8,8,CCCATCGATCAGGAGATACA,0,2407313
mglBp,0.1111111111111111,8,8,CCCAGCCCCGAGTAGAATCG,0,2325119
mglBp,0.1111111111111111,8,8,CCCACGGCCATATGCCGCAG,0,2364760
mglBp,0.1111111111111111,8,8,CCCACATCGGCTTTAGGAGC,0,2409642
mglBp,0.1111111111111111,8,8,CCCACAGCATGCGCGTAGAG,0,2323359
mglBp,0.1111111111111111,8,8,CCCAATGTGAGCCGAGAGTC,0,2387712
mglBp,0.1111111111111111,8,8,CCCAAGGAAATGGAAATAAT,0,2350464
mglBp,0.1111111111111111,8,8,CCCAAACCCACACCCATGAG,0,2412225
mglBp,0.1111111111111111,8,8,CCATCTCGATGCTCAAAAAC,0,2359292
mglBp,0.1111111111111111,8,8,CCATAAGTTCCTTTGCACTG,0,2398725
mglBp,0.1111111111111111,8,8,CCAGTAGGGGTCTCACTGAA,0,2361295
mglBp,0.1111111111111111,8,8,CCAGGTGTAGTGCTCGCAGA,0,2367159
mglBp,0.1111111111111111,8,8,CCAGGTCGTGCTACGGCGAA,0,2391145
mglBp,0.1111111111111111,8,8,CCAGGCAATACCTTAATTCC,0,2343837
mglBp,0.1111111111111111,8,8,CCAGCAGACTATCCCAAGGC,0,2392989
mglBp,0.1111111111111111,8,8,CCAGATCCCCGCATCAACAG,0,2354527
mglBp,0.1111111111111111,8,8,CCAGAGTTAGATTGAACTTA,0,2386258
mglBp,0.1111111111111111,8,8,CCAGACCGACGTACCATTGA,0,2365406
mglBp,0.1111111111111111,8,8,CCACTTCTACACACGGATCA,0,2370659
mglBp,0.1111111111111111,8,8,CCACTCTCATTCCCTTGTGC,0,2400864
mglBp,0.1111111111111111,8,8,CCACTCCATGCGCAGACTAT,0,2322073
mglBp,0.1111111111111111,8,8,CCACTAGCCGATGATCACGT,0,2367825
mglBp,0.1111111111111111,8,8,CCACGGATGACACCTGCGAC,0,2334370
mglBp,0.1111111111111111,8,8,CCACGACTTTCAGGCGGCGG,0,2422719
mglBp,0.1111111111111111,8,8,CCACCTAAGAAGGACTTACT,0,2323128
mglBp,0.1111111111111111,8,8,CCACCGTGGTATTCTGGTGC,0,2397573
mglBp,0.1111111111111111,8,8,CCACAAGGGTGTCTCGGGGG,0,2336436
mglBp,0.1111111111111111,8,8,CCAACTGTACAAAGTATTAT,0,2349541
mglBp,0.1111111111111111,8,8,CCAACAAGGTGGGCCAACGA,0,2332189
mglBp,0.1111111111111111,8,8,CATTTGTAAATCTCTACAGA,0,2339670
mglBp,0.1111111111111111,8,8,CATTTATATGGTACTATCGG,0,2406047
mglBp,0.1111111111111111,8,8,CATTTACGCCGTGTGGGGCT,0,2320044
mglBp,0.1111111111111111,8,8,CATTTAAGGACGCGAAGATT,0,2391588
mglBp,0.1111111111111111,8,8,CATTCATCACGCGTCCCTGG,0,2362753
mglBp,0.1111111111111111,8,8,CATTCACCAACTCAGGGATT,0,2373670
mglBp,0.1111111111111111,8,8,CATTATGCGATTCGTTGCGT,0,2352503
mglBp,0.1111111111111111,8,8,CATTATATGTGTATCAGATT,0,2361252
mglBp,0.1111111111111111,8,8,CATTAGTATGGGAATAGCTA,0,2336516
mglBp,0.1111111111111111,8,8,CATTAGGTCTCGTCGGTATC,0,2375270
mglBp,0.1111111111111111,8,8,CATTACAAGTGGGGTACCAC,0,2350245
mglBp,0.1111111111111111,8,8,CATGTTGTGTGTCACCAGGG,0,2393425
mglBp,0.1111111111111111,8,8,CATGTCGTCTAAATTGCGCC,0,2358342
mglBp,0.1111111111111111,8,8,CATGGCCAAGACCCGCAGGA,0,2394964
mglBp,0.1111111111111111,8,8,CATGGACGAAGGCTGACGTT,0,2416470
mglBp,0.1111111111111111,8,8,CATGCCGGACATCCACTTGG,0,2393678
mglBp,0.1111111111111111,8,8,CATGCATCCGGGGGTTCCCT,0,2336144
mglBp,0.1111111111111111,8,8,CATGACTCAGCTAGCGCGTC,0,2406348
mglBp,0.1111111111111111,8,8,CATCTTGTAAAGTATTACGT,0,2327067
mglBp,0.1111111111111111,8,8,CATCTGGTTGGACGCGTGTC,0,2417782
mglBp,0.1111111111111111,8,8,CATCTCGGACGGGGCAACTA,0,2325888
mglBp,0.1111111111111111,8,8,CATCGGGCTTGCTATTCCTT,0,2334130
mglBp,0.1111111111111111,8,8,CATCGCGGCTAAAAGCTTTC,0,2326688
mglBp,0.1111111111111111,8,8,CATCCGTGGTCCGTGGGACA,0,2365286
mglBp,0.1111111111111111,8,8,CATCCATGTTCATAGGTCTA,0,2369398
mglBp,0.1111111111111111,8,8,CATCATGATTCACAGCGGTC,0,2373032
mglBp,0.1111111111111111,8,8,CATCACGCAGCGTGTAATTT,0,2392022
mglBp,0.1111111111111111,8,8,CATCAATGCCCTTATTCACC,0,2338006
mglBp,0.1111111111111111,8,8,CATCAATATTTTACTCCTGC,0,2358083
mglBp,0.1111111111111111,8,8,CATCAACGTTGCCATGGAAT,0,2404311
mglBp,0.1111111111111111,8,8,CATATACGCCCTGGGAGCTC,0,2355852
mglBp,0.1111111111111111,8,8,CATAGACCGAGGCTTTTTTT,0,2379394
mglBp,0.1111111111111111,8,8,CATACAATTGGATGTCTAAG,0,2358268
mglBp,0.1111111111111111,8,8,CATAAGTTGTCATCCCTGCT,0,2389126
mglBp,0.1111111111111111,8,8,CAGTTGCGGTAAATCGCGGC,0,2354283
mglBp,0.1111111111111111,8,8,CAGTTCTCCACCTAAACCTC,0,2412126
mglBp,0.1111111111111111,8,8,CAGTTAATTAGGCCCTGTCA,0,2400194
mglBp,0.1111111111111111,8,8,CAGTGTCATGAATCGTTTCG,0,2407629
mglBp,0.1111111111111111,8,8,CAGTGGTCTCTTGGGGCGTA,0,2388617
mglBp,0.1111111111111111,8,8,CAGTGGGGTAAGAACACGTT,0,2409768
mglBp,0.1111111111111111,8,8,CAGTGCATTGGATCGAGGTG,0,2353853
mglBp,0.1111111111111111,8,8,CAGTCTACTGTGTTACCTGC,0,2389727
mglBp,0.1111111111111111,8,8,CAGTCGTCCGGTCATAGCAT,0,2357572
mglBp,0.1111111111111111,8,8,CAGTCATGATAGGCTGATCA,0,2376249
mglBp,0.1111111111111111,8,8,CAGGTCCATGTAACAGCAGT,0,2335785
mglBp,0.1111111111111111,8,8,CAGGCTCTAGTTTGCGGGCA,0,2346256
mglBp,0.1111111111111111,8,8,CAGGCGCGGTTTTTCCGCTT,0,2405203
mglBp,0.1111111111111111,8,8,CAGGCCAGGCCCACTAATAA,0,2350792
mglBp,0.1111111111111111,8,8,CAGCTTCACACATCCTTTTT,0,2394196
mglBp,0.1111111111111111,8,8,CAGCTGATCACCTCAGAAGA,0,2387719
mglBp,0.1111111111111111,8,8,CAGCCAGTTCCCTTCTGGTT,0,2324633
mglBp,0.1111111111111111,8,8,CAGCATATGGCCAATTCTTA,0,2396960
mglBp,0.1111111111111111,8,8,CAGCAAGGTAGCTAACCCGT,0,2350467
mglBp,0.1111111111111111,8,8,CAGATGGGAGTCGGCGGGAC,0,2402760
mglBp,0.1111111111111111,8,8,CAGATATGGGCGGAATGTTT,0,2395171
mglBp,0.1111111111111111,8,8,CAGAGTGCATTAGCGGTCAA,0,2359325
mglBp,0.1111111111111111,8,8,CAGAGGGAAAAAGTGGCGCC,0,2364056
mglBp,0.1111111111111111,8,8,CAGAGGCCACGTCCGCAGTT,0,2408806
mglBp,0.1111111111111111,8,8,CAGAGATTGCACTTGACCAG,0,2319893
mglBp,0.1111111111111111,8,8,CACTGGTATGTTGCGAGAGC,0,2405734
mglBp,0.1111111111111111,8,8,CACGTTGTGCACGGCGCAAA,0,2324454
mglBp,0.1111111111111111,8,8,CACGTATAAGAAAAGCCAGC,0,2362974
mglBp,0.1111111111111111,8,8,CACGGGGGCGAGGGTAAGCC,0,2374855
mglBp,0.1111111111111111,8,8,CACGGAGACCGAGATCATTC,0,2374516
mglBp,0.1111111111111111,8,8,CACGAATACACGTGTCCTGT,0,2321989
mglBp,0.1111111111111111,8,8,CACCGTCGCCGCGAGATTGT,0,2373503
mglBp,0.1111111111111111,8,8,CACCGCGGATGTGCTTTTCG,0,2391837
mglBp,0.1111111111111111,8,8,CACCCTTGTCTTAACTTTAG,0,2348042
mglBp,0.1111111111111111,8,8,CACCCACGAAGGGTGTCCTC,0,2411948
mglBp,0.1111111111111111,8,8,CACAGAAAGGCTGGCGGCTC,0,2381216
mglBp,0.1111111111111111,8,8,CACAATGATGATGGCGGCGC,0,2345815
mglBp,0.1111111111111111,8,8,CACAACTACAGGCGTGAGCC,0,2402421
mglBp,0.1111111111111111,8,8,CACAACCTTGTCCTGCCCAC,0,2361604
mglBp,0.1111111111111111,8,8,CACAAAGATTGCAGCCACCG,0,2333209
mglBp,0.1111111111111111,8,8,CAATTGGCGCAAGACCGCGC,0,2390333
mglBp,0.1111111111111111,8,8,CAATTCGTCACTGAACATCA,0,2365285
mglBp,0.1111111111111111,8,8,CAATTACACTCCTCTGGTCG,0,2413441
mglBp,0.1111111111111111,8,8,CAATGTACCTCGTCCCTTGA,0,2328166
mglBp,0.1111111111111111,8,8,CAATGCCAAGCCGGTGACCA,0,2353144
mglBp,0.1111111111111111,8,8,CAATCCCCCTTAACGGATAT,0,2391815
mglBp,0.1111111111111111,8,8,CAAGTTTATAGAGACATCTT,0,2316685
mglBp,0.1111111111111111,8,8,CAAGGTAGCTTTAGTCCGTG,0,2329980
mglBp,0.1111111111111111,8,8,CAAGCTCCTTTCCATAGATA,0,2349816
mglBp,0.1111111111111111,8,8,CAAGCTCAATCGGACGGGAC,0,2381338
mglBp,0.1111111111111111,8,8,CAACTGGAACTTTGCCCTTA,0,2363944
mglBp,0.1111111111111111,8,8,CAACTCACCGATCTCGCTGG,0,2390727
mglBp,0.1111111111111111,8,8,CAACGTATCAAAAGTGCCTT,0,2411404
mglBp,0.1111111111111111,8,8,CAACGATCGGTGGGATAGTG,0,2328974
mglBp,0.1111111111111111,8,8,CAACAGGTTGTTTCGAATGC,0,2390787
mglBp,0.1111111111111111,8,8,CAAATCCCCAGGGTAAGACC,0,2324686
mglBp,0.1111111111111111,8,8,CAAAGTCTGCGGGAAGGATT,0,2382454
mglBp,0.1111111111111111,8,8,CAAAGCATACCACCGGACCA,0,2405612
mglBp,0.1111111111111111,8,8,CAAACACCTGATCACTCAGG,0,2349609
mglBp,0.1111111111111111,8,8,CAAAATCTGAGTCTCAATAC,0,2331499
mglBp,0.1111111111111111,8,8,ATTTTTTTCCCTGATGATGG,0,2320119
mglBp,0.1111111111111111,8,8,ATTTTCATCAGAGCCAACCT,0,2410383
mglBp,0.1111111111111111,8,8,ATTTGGCCATATGAGCGGCC,0,2416537
mglBp,0.1111111111111111,8,8,ATTTGCGGGGTTGTACTCAG,0,2362730
mglBp,0.1111111111111111,8,8,ATTTGCGAGCATTAGTTTCA,0,2355194
mglBp,0.1111111111111111,8,8,ATTTGAAACTTGGGGTGTCC,0,2330751
mglBp,0.1111111111111111,8,8,ATTTACTCCACATCTACTTC,0,2386430
mglBp,0.1111111111111111,8,8,ATTGTTAGAAGTGTTGGATT,0,2423352
mglBp,0.1111111111111111,8,8,ATTGGGAATGTCACCGACAG,0,2417327
mglBp,0.1111111111111111,8,8,ATTGCTAGCGGGTGAAGCTA,0,2356050
mglBp,0.1111111111111111,8,8,ATTGCCTGGGAAATCCAAGC,0,2406345
mglBp,0.1111111111111111,8,8,ATTGAGGCTTTTATTGTAAG,0,2365454
mglBp,0.1111111111111111,8,8,ATTGAGCGCTTGTTTCCTAG,0,2406771
mglBp,0.1111111111111111,8,8,ATTGAAGACTTCCCACCTAA,0,2336783
mglBp,0.1111111111111111,8,8,ATTGAAAGCCTGAGTTGTTG,0,2383871
mglBp,0.1111111111111111,8,8,ATTCTGCTAAGAGCACGATG,0,2384917
mglBp,0.1111111111111111,8,8,ATTCTGCCAAACAGCGCTTC,0,2409483
mglBp,0.1111111111111111,8,8,ATTCCGGACATGCTAGACCT,0,2367966
mglBp,0.1111111111111111,8,8,ATTCATATGTGTTCTGCAAA,0,2416567
mglBp,0.1111111111111111,8,8,ATTAGCGGAATCGCTCGCGC,0,2327553
mglBp,0.1111111111111111,8,8,ATTAGACAATAGTCTTATCT,0,2358336
mglBp,0.1111111111111111,8,8,ATTACCTGCGCACCGTTCAC,0,2352864
mglBp,0.1111111111111111,8,8,ATTAATGTTTACCCCAGTTA,0,2379292
mglBp,0.1111111111111111,8,8,ATTAACCAATTCATGTATTT,0,2386687
mglBp,0.1111111111111111,8,8,ATGTTGTTGTTGCGTGTATA,0,2326379
mglBp,0.1111111111111111,8,8,ATGTTCCTAGTGAGGAGGGG,0,2382658
mglBp,0.1111111111111111,8,8,ATGTTACCGCGTTCTAATAA,0,2397194
mglBp,0.1111111111111111,8,8,ATGTGTCTGCATGGTCTGAC,0,2328722
mglBp,0.1111111111111111,8,8,ATGTATGTTAGGTCGTCGTA,0,2332498
mglBp,0.1111111111111111,8,8,ATGTATCCCCGATGCCGGTG,0,2348171
mglBp,0.1111111111111111,8,8,ATGGTCAACGTCCTGCTCAA,0,2347920
mglBp,0.1111111111111111,8,8,ATGGTAAGGCGGCTTCGACC,0,2397985
mglBp,0.1111111111111111,8,8,ATGGTAAGCGGGCCAGTGGC,0,2369578
mglBp,0.1111111111111111,8,8,ATGGCCCTGACAATGTCTTA,0,2326750
mglBp,0.1111111111111111,8,8,ATGGAGCTTATTCACAAGTA,0,2360652
mglBp,0.1111111111111111,8,8,ATGGACTAGCCTCATCTCGT,0,2374929
mglBp,0.1111111111111111,8,8,ATGCGTCAACGTGCGGTTAA,0,2350640
mglBp,0.1111111111111111,8,8,ATGCGCTGCACGTGAGGATA,0,2361816
mglBp,0.1111111111111111,8,8,ATGCACTCTCGGAGATATGG,0,2377583
mglBp,0.1111111111111111,8,8,ATGCAATAACTGGCTCCGGC,0,2345682
mglBp,0.1111111111111111,8,8,ATGATTACGTTCACGTACAC,0,2329879
mglBp,0.1111111111111111,8,8,ATGATAGACCGGCATACCCG,0,2401776
mglBp,0.1111111111111111,8,8,ATGAGGGTTACTGTTTTCAA,0,2356967
mglBp,0.1111111111111111,8,8,ATGAGCTCTGGGGACGAAGA,0,2354622
mglBp,0.1111111111111111,8,8,ATGAGAGGGCCGTATCCTAT,0,2316423
mglBp,0.1111111111111111,8,8,ATGACTTGGCTCCCACAGAT,0,2380729
mglBp,0.1111111111111111,8,8,ATGACTCCTATCTCAGGTCG,0,2410841
mglBp,0.1111111111111111,8,8,ATCTGGTAGGACTTGCGGCT,0,2322533
mglBp,0.1111111111111111,8,8,ATCTATAGGTTAACCCATGT,0,2345826
mglBp,0.1111111111111111,8,8,ATCGTTAGATCTAATGCTCC,0,2360447
mglBp,0.1111111111111111,8,8,ATCGTACACGATCTTGGTAT,0,2417359
mglBp,0.1111111111111111,8,8,ATCGGTAGAGACTTTAGAGT,0,2357900
mglBp,0.1111111111111111,8,8,ATCGGACGTATTGAAGCTTA,0,2412854
mglBp,0.1111111111111111,8,8,ATCGAGTGGGGGTTGCTCAC,0,2378398
mglBp,0.1111111111111111,8,8,ATCGAGTCTATCGGGTTACT,0,2384441
mglBp,0.1111111111111111,8,8,ATCCTCCACACACAGTCGCT,0,2345428
mglBp,0.1111111111111111,8,8,ATCCTATTGATGTAAATACA,0,2326436
mglBp,0.1111111111111111,8,8,ATCCGCTTTAGGGCGTAGTT,0,2359598
mglBp,0.1111111111111111,8,8,ATCCGATAGAGTCGGCCCCT,0,2325260
mglBp,0.1111111111111111,8,8,ATCCAGCATGGTCAAGAAGT,0,2328270
mglBp,0.1111111111111111,8,8,ATCCAATCCCCCGGAAGCTT,0,2417954
mglBp,0.1111111111111111,8,8,ATCATTGAGACTGTGCTCCT,0,2365757
mglBp,0.1111111111111111,8,8,ATCATTCCACCATTGATCCC,0,2353924
mglBp,0.1111111111111111,8,8,ATCATGCGGACTGATCAATT,0,2351658
mglBp,0.1111111111111111,8,8,ATCAGTCCTACTTTCATAAT,0,2382518
mglBp,0.1111111111111111,8,8,ATCAGGTTGCTGGGCGGGGC,0,2336745
mglBp,0.1111111111111111,8,8,ATCAGGGGCGAGTACGTTTG,0,2359603
mglBp,0.1111111111111111,8,8,ATCACATAATCGGCAGACAT,0,2363840
mglBp,0.1111111111111111,8,8,ATCAAATGTACCATGGAGGA,0,2320885
mglBp,0.1111111111111111,8,8,ATATTTGGCATATGTATTAT,0,2341785
mglBp,0.1111111111111111,8,8,ATATTCTATGAGTGAAAAAA,0,2418887
mglBp,0.1111111111111111,8,8,ATATTAAGTCTTATACCGCC,0,2382782
mglBp,0.1111111111111111,8,8,ATATGGGTACCGAGGAAGCA,0,2370378
mglBp,0.1111111111111111,8,8,ATATGCTCATACATAAAGAG,0,2344744
mglBp,0.1111111111111111,8,8,ATATCGGTCAAGGACTCGAG,0,2421547
mglBp,0.1111111111111111,8,8,ATATCGGCCCATCACGCAAC,0,2382948
mglBp,0.1111111111111111,8,8,ATATCACGTAAGGATTCGCG,0,2404564
mglBp,0.1111111111111111,8,8,ATATAGGTCCTTTAAATCAT,0,2356525
mglBp,0.1111111111111111,8,8,ATATACTCCTCGTGTGGGCG,0,2355089
mglBp,0.1111111111111111,8,8,ATATACAACCTAACAATCGT,0,2392502
mglBp,0.1111111111111111,8,8,ATAGTCTGGGCCGGATTATT,0,2336898
mglBp,0.1111111111111111,8,8,ATAGTATGACGATGCATGCC,0,2326929
mglBp,0.1111111111111111,8,8,ATAGGTGGGACTTAGGAGAG,0,2334295
mglBp,0.1111111111111111,8,8,ATAGGACTGCCGGGGGATCA,0,2329961
mglBp,0.1111111111111111,8,8,ATAGCTAGAGGCGTGGCAAA,0,2323694
mglBp,0.1111111111111111,8,8,ATAGCCAAATCTCTTCCGGG,0,2392020
mglBp,0.1111111111111111,8,8,ATAGAGATCCATAACTTAAG,0,2340838
mglBp,0.1111111111111111,8,8,ATACGCGCCTAATGTCGTTG,0,2385368
mglBp,0.1111111111111111,8,8,ATACCAGTGCAACGCCTGTT,0,2370375
mglBp,0.1111111111111111,8,8,ATACCACCACACCGGTTGCT,0,2377237
mglBp,0.1111111111111111,8,8,ATAATGGACAAAATCCCTTA,0,2413794
mglBp,0.1111111111111111,8,8,ATAAGGGATTCAGTTCGCGT,0,2397303
mglBp,0.1111111111111111,8,8,ATAAGGCTCATTAATACGGC,0,2342450
mglBp,0.1111111111111111,8,8,ATAACCTCGCTAGCTAGGAG,0,2403773
mglBp,0.1111111111111111,8,8,ATAAAGTGCTTCCGAAGAAA,0,2359804
mglBp,0.1111111111111111,8,8,AGTTTTGCAGTAGCGTTTTT,0,2393418
mglBp,0.1111111111111111,8,8,AGTTTCCCACCAATGTCTGG,0,2382403
mglBp,0.1111111111111111,8,8,AGTTGTCCCCACGGATTAGG,0,2318389
mglBp,0.1111111111111111,8,8,AGTTGGCACTTGCTAGAAGC,0,2420093
mglBp,0.1111111111111111,8,8,AGTTGCGGCGAATACAAACG,0,2355143
mglBp,0.1111111111111111,8,8,AGTTAGATCGTGGCGCACAG,0,2406961
mglBp,0.1111111111111111,8,8,AGTGTAGGATTAAAAGCTTG,0,2337165
mglBp,0.1111111111111111,8,8,AGTGGTCCTGACCGCAGCGC,0,2324722
mglBp,0.1111111111111111,8,8,AGTGGGGCAAGAAAGGAGGA,0,2393615
mglBp,0.1111111111111111,8,8,AGTGGCTAAACAATTGTAAT,0,2410635
mglBp,0.1111111111111111,8,8,AGTGGCGTACTGCTAGCAGC,0,2323888
mglBp,0.1111111111111111,8,8,AGTGCAAGTCTGAGGGTTGC,0,2357197
mglBp,0.1111111111111111,8,8,AGTCTGCCAGTGACTTCGTT,0,2341629
mglBp,0.1111111111111111,8,8,AGTCTGAATCCGGGGCGGAT,0,2331774
mglBp,0.1111111111111111,8,8,AGTCGTAGGTTTATCGTGTA,0,2373884
mglBp,0.1111111111111111,8,8,AGTCGCCGGCGATTTGGTCA,0,2362351
mglBp,0.1111111111111111,8,8,AGTCCTCCGTGCCAATCTGC,0,2355002
mglBp,0.1111111111111111,8,8,AGTCCGACGGCTCGCAGTTA,0,2388518
mglBp,0.1111111111111111,8,8,AGTATTCGTGATATGTGTCT,0,2373016
mglBp,0.1111111111111111,8,8,AGTAGGATACTGACAGTGCG,0,2410778
mglBp,0.1111111111111111,8,8,AGTAGGAAATGTTCGGGGAC,0,2382058
mglBp,0.1111111111111111,8,8,AGTAGCGCGCCGTTTGTGGT,0,2353056
mglBp,0.1111111111111111,8,8,AGTAGAAACGATTCGCCAGG,0,2355451
mglBp,0.1111111111111111,8,8,AGTACGCCGATGTCCTTGAA,0,2343309
mglBp,0.1111111111111111,8,8,AGTACAGTCTCTACGAATAG,0,2337582
mglBp,0.1111111111111111,8,8,AGGTTCCTTAGACCGCCCCT,0,2358198
mglBp,0.1111111111111111,8,8,AGGTGCCGATGTATGGAAGG,0,2341008
mglBp,0.1111111111111111,8,8,AGGTCCTGGAAAACATGTGT,0,2395948
mglBp,0.1111111111111111,8,8,AGGTCCACGAAGACAGGGTG,0,2321467
mglBp,0.1111111111111111,8,8,AGGTATTAACAGATTGCCCA,0,2395914
mglBp,0.1111111111111111,8,8,AGGTACCCTGGGTTGTTCAG,0,2423392
mglBp,0.1111111111111111,8,8,AGGGTCACGGTACACAACGA,0,2394743
mglBp,0.1111111111111111,8,8,AGGGTAGTCGCCGAGGGTAC,0,2414247
mglBp,0.1111111111111111,8,8,AGGGGATTAAAGCATCGTTC,0,2338887
mglBp,0.1111111111111111,8,8,AGGCTGTAGATTACCTATAT,0,2356706
mglBp,0.1111111111111111,8,8,AGGCGGCGTGCTAAATACTT,0,2423344
mglBp,0.1111111111111111,8,8,AGGCGCGTCAACATTCAAGG,0,2416328
mglBp,0.1111111111111111,8,8,AGGCCTCGATCGGGGGGATA,0,2332650
mglBp,0.1111111111111111,8,8,AGGCCATTAAGTAACCAAAG,0,2415387
mglBp,0.1111111111111111,8,8,AGGCAGACAATTCTGAAGAT,0,2397033
mglBp,0.1111111111111111,8,8,AGGCACATATGATCAGGGAA,0,2356342
mglBp,0.1111111111111111,8,8,AGGACGGTATTATCCAGAAC,0,2340594
mglBp,0.1111111111111111,8,8,AGGACCTACTGTCATAAATT,0,2325940
mglBp,0.1111111111111111,8,8,AGGAATACAAATACGTACGG,0,2341349
mglBp,0.1111111111111111,8,8,AGCTTCGGTAAATGACCCTT,0,2389600
mglBp,0.1111111111111111,8,8,AGCTTAACGGTATGGTCTAA,0,2337607
mglBp,0.1111111111111111,8,8,AGCTTAAAATCGTCTTAACA,0,2329738
mglBp,0.1111111111111111,8,8,AGCTGCCGTCACGCGAGGGT,0,2398424
mglBp,0.1111111111111111,8,8,AGCTCGGCTCGCTTGGCGCT,0,2347351
mglBp,0.1111111111111111,8,8,AGCTCAACGAAGCGAGCTCG,0,2337796
mglBp,0.1111111111111111,8,8,AGCTAGGTGCTAACCAGCCT,0,2415197
mglBp,0.1111111111111111,8,8,AGCTACGACGGGGCGCCGTT,0,2379448
mglBp,0.1111111111111111,8,8,AGCTAAAAGCCATAGGGGAA,0,2367345
mglBp,0.1111111111111111,8,8,AGCGGCAGCGCCCGAGAAGG,0,2361766
mglBp,0.1111111111111111,8,8,AGCGGCACTTGATTCGTGGT,0,2383195
mglBp,0.1111111111111111,8,8,AGCGCTCCGACTAAGGGTTG,0,2374905
mglBp,0.1111111111111111,8,8,AGCGATTGGACCGAATCAAG,0,2383884
mglBp,0.1111111111111111,8,8,AGCGAGAAGAACAAGTTTTT,0,2360628
mglBp,0.1111111111111111,8,8,AGCGAACAGAGGCTTCAACG,0,2334203
mglBp,0.1111111111111111,8,8,AGCCTGGAGCGGACTTGTAG,0,2419158
mglBp,0.1111111111111111,8,8,AGCCTGCCAGAACACCGTGC,0,2385837
mglBp,0.1111111111111111,8,8,AGCCTCGGCGAAGCGTTAAT,0,2370553
mglBp,0.1111111111111111,8,8,AGCCGTACTATCGTGGGACG,0,2322083
mglBp,0.1111111111111111,8,8,AGCCGCGAGTAGGTGCGCGT,0,2318640
mglBp,0.1111111111111111,8,8,AGCCCTGCCACGTCGATGGG,0,2338587
mglBp,0.1111111111111111,8,8,AGCCCCTAACCGGGCTGAGT,0,2343595
mglBp,0.1111111111111111,8,8,AGCCCCGTTTTAGCCAGGAA,0,2393001
mglBp,0.1111111111111111,8,8,AGCCATGAGCGGCTGATCGG,0,2320968
mglBp,0.1111111111111111,8,8,AGCCAGGATTTGCTAGTAGG,0,2412389
mglBp,0.1111111111111111,8,8,AGCAGTTCTCGGTATTGCAG,0,2363007
mglBp,0.1111111111111111,8,8,AGCAGTTCCCTATTTCTCCA,0,2355734
mglBp,0.1111111111111111,8,8,AGCAGGTCCTGGACCTTGTG,0,2346711
mglBp,0.1111111111111111,8,8,AGCAGCGAACCTGATGTAGC,0,2377535
mglBp,0.1111111111111111,8,8,AGCACGCGAGGAATCAACGG,0,2321041
mglBp,0.1111111111111111,8,8,AGCACAGGGGAATACAGTTC,0,2360450
mglBp,0.1111111111111111,8,8,AGCAACAGCAGACACGGAAA,0,2348563
mglBp,0.1111111111111111,8,8,AGCAAAGTCTACCCTTGTTG,0,2368007
mglBp,0.1111111111111111,8,8,AGATGTCTGCTGATTCTACG,0,2375237
mglBp,0.1111111111111111,8,8,AGATCGCATTTCAATAGCGA,0,2422841
mglBp,0.1111111111111111,8,8,AGATCATATATCCAAGGCCA,0,2406094
mglBp,0.1111111111111111,8,8,AGATACCATCTTGGTAATTG,0,2356482
mglBp,0.1111111111111111,8,8,AGAGTTAACTGGGCTTTATA,0,2407018
mglBp,0.1111111111111111,8,8,AGAGTCCAGTCAACATGGTC,0,2413405
mglBp,0.1111111111111111,8,8,AGAGCATTGGGCTGAAGCAA,0,2372275
mglBp,0.1111111111111111,8,8,AGAGCAACTTAGATAGTGAT,0,2333919
mglBp,0.1111111111111111,8,8,AGAGATAGTGCGTAACGGAT,0,2331817
mglBp,0.1111111111111111,8,8,AGAGAGCTTAGCCGACCCAA,0,2392777
mglBp,0.1111111111111111,8,8,AGAGAGAGACGGACCTGACG,0,2383558
mglBp,0.1111111111111111,8,8,AGACTATTGCAGGGCTATAC,0,2327510
mglBp,0.1111111111111111,8,8,AGACGCGAGTGATAGTTATA,0,2363320
mglBp,0.1111111111111111,8,8,AGACGCAAGCGGTTTCGCCC,0,2325720
mglBp,0.1111111111111111,8,8,AGACAAATCAGGGGTGAGAG,0,2376178
mglBp,0.1111111111111111,8,8,AGAATTCCCACTGCGAGTAT,0,2350516
mglBp,0.1111111111111111,8,8,AGAATTATCTGAGGCAACAA,0,2380326
mglBp,0.1111111111111111,8,8,AGAATAGGTTCATCTTTAGG,0,2412258
mglBp,0.1111111111111111,8,8,AGAAGATCCTTCATAAATAA,0,2323447
mglBp,0.1111111111111111,8,8,AGAAGACCAATAACACTATT,0,2334375
mglBp,0.1111111111111111,8,8,AGAACCTTCAACCTAGCAGT,0,2420013
mglBp,0.1111111111111111,8,8,AGAACACGTTTGAATTAATT,0,2330136
mglBp,0.1111111111111111,8,8,AGAAATTCATTTAGATCGCC,0,2350085
mglBp,0.1111111111111111,8,8,AGAAAAAGATATTCAGCCAA,0,2316642
mglBp,0.1111111111111111,8,8,ACTTGACACCGAGTGAAAGT,0,2317777
mglBp,0.1111111111111111,8,8,ACTTCTTCTACGCCGGTTGT,0,2382343
mglBp,0.1111111111111111,8,8,ACTTCTGAGCTATGTTCATA,0,2343886
mglBp,0.1111111111111111,8,8,ACTTCCCCACATCGACGGCC,0,2363375
mglBp,0.1111111111111111,8,8,ACTTACCCTACACCCATAGC,0,2407236
mglBp,0.1111111111111111,8,8,ACTGTTTGCTGGGTTGTGGG,0,2341413
mglBp,0.1111111111111111,8,8,ACTGTGCCCCGGCAGCTCAA,0,2352159
mglBp,0.1111111111111111,8,8,ACTGGGTTTTGCACAGGGTG,0,2320861
mglBp,0.1111111111111111,8,8,ACTGGACTGCGTGGATGGGT,0,2368738
mglBp,0.1111111111111111,8,8,ACTGCGAGGTTCACCCCCGA,0,2320169
mglBp,0.1111111111111111,8,8,ACTCTCATGTTTCCTTTCTT,0,2411445
mglBp,0.1111111111111111,8,8,ACTCGGGAGGCCTGCTTCAT,0,2367351
mglBp,0.1111111111111111,8,8,ACTCGAGACAGTTCGTGGTG,0,2381710
mglBp,0.1111111111111111,8,8,ACTCGACTAACGGAACAACT,0,2331107
mglBp,0.1111111111111111,8,8,ACTCCGGGAAGTTATATGCA,0,2340379
mglBp,0.1111111111111111,8,8,ACTCCGGAGAGTTGTTCGGT,0,2361064
mglBp,0.1111111111111111,8,8,ACTCAAGCATTCATGCATGT,0,2347564
mglBp,0.1111111111111111,8,8,ACTATCGAGGGTTTATGATG,0,2376350
mglBp,0.1111111111111111,8,8,ACTAGCTAGGGGCGAATATA,0,2319459
mglBp,0.1111111111111111,8,8,ACTAGCGCTACGTACGGCTC,0,2319618
mglBp,0.1111111111111111,8,8,ACTAATCAGGAACGTAATGC,0,2396955
mglBp,0.1111111111111111,8,8,ACGTTGGGCCTCAGTCCGGC,0,2365925
mglBp,0.1111111111111111,8,8,ACGTTCTCACTCTCCAACGT,0,2388369
mglBp,0.1111111111111111,8,8,ACGTGGGCTCAAAGGGTGCG,0,2379208
mglBp,0.1111111111111111,8,8,ACGTCTGTATCTAAGGATTA,0,2377455
mglBp,0.1111111111111111,8,8,ACGTCGATTGCCTGCTGGCT,0,2377764
mglBp,0.1111111111111111,8,8,ACGTCCTACAGTTAGCAGGC,0,2367868
mglBp,0.1111111111111111,8,8,ACGTATTAAGTAACTGTTGG,0,2403974
mglBp,0.1111111111111111,8,8,ACGGTCATTGCCAAGGACGG,0,2330488
mglBp,0.1111111111111111,8,8,ACGGTACCATAAGCCCGGAC,0,2421105
mglBp,0.1111111111111111,8,8,ACGGGTTCGCTTTACCAGTA,0,2403415
mglBp,0.1111111111111111,8,8,ACGGGTGAGGTGCCTATGTC,0,2350141
mglBp,0.1111111111111111,8,8,ACGGGGGTAGTATAAGACAT,0,2342657
mglBp,0.1111111111111111,8,8,ACGGGGCGTAAAAAAGTCAA,0,2408890
mglBp,0.1111111111111111,8,8,ACGGGCGTACGACCCGGGTC,0,2383547
mglBp,0.1111111111111111,8,8,ACGGCTATTTATGAGGTTAA,0,2396713
mglBp,0.1111111111111111,8,8,ACGGCCCGATGGACGTCCCT,0,2351764
mglBp,0.1111111111111111,8,8,ACGCTGATTCGCCGTTGCAA,0,2373237
mglBp,0.1111111111111111,8,8,ACGCGTTAGCTTATGAAAAA,0,2356448
mglBp,0.1111111111111111,8,8,ACGCGGACCGTGTTAGAGTC,0,2345991
mglBp,0.1111111111111111,8,8,ACGCGCGGTTATGGCAAAAC,0,2322085
mglBp,0.1111111111111111,8,8,ACGCGAGGCGGCTTGTATAG,0,2336413
mglBp,0.1111111111111111,8,8,ACGCATGGGCCAGTCAGTAC,0,2402557
mglBp,0.1111111111111111,8,8,ACGATTACGAAGATGTAAGC,0,2372666
mglBp,0.1111111111111111,8,8,ACGAGTACGGGAACGTTAGA,0,2324027
mglBp,0.1111111111111111,8,8,ACGAGGTAAGGGGAAGAGGC,0,2376073
mglBp,0.1111111111111111,8,8,ACGAGGAGGTTAAGTGCATT,0,2359813
mglBp,0.1111111111111111,8,8,ACGAGCCACCGGTACGGTCG,0,2412312
mglBp,0.1111111111111111,8,8,ACGACCTCGCGCGCAAGGAA,0,2392023
mglBp,0.1111111111111111,8,8,ACGACCGGTACAACCTAACG,0,2419543
mglBp,0.1111111111111111,8,8,ACGACCGACTGGGAAGCAGC,0,2333541
mglBp,0.1111111111111111,8,8,ACGAAGCGATCGGAATGAGG,0,2347089
mglBp,0.1111111111111111,8,8,ACCTTTGGAAACAGGAGCGG,0,2319234
mglBp,0.1111111111111111,8,8,ACCTCCATCGCGCCAAACTC,0,2366244
mglBp,0.1111111111111111,8,8,ACCTCAACGTTGCCTGATTC,0,2374521
mglBp,0.1111111111111111,8,8,ACCTAGATTGGAAACGTACG,0,2349602
mglBp,0.1111111111111111,8,8,ACCGTTGGTGACGGGATGAC,0,2386966
mglBp,0.1111111111111111,8,8,ACCGTCGTACAGCAGGCAGA,0,2413086
mglBp,0.1111111111111111,8,8,ACCGCCTGTAGAGGTGTACT,0,2378309
mglBp,0.1111111111111111,8,8,ACCGCCCGTGCGTATTCAAG,0,2368803
mglBp,0.1111111111111111,8,8,ACCGCAAAGGTCAATTGGAG,0,2405980
mglBp,0.1111111111111111,8,8,ACCGACACCGTTTGCTAGGT,0,2358237
mglBp,0.1111111111111111,8,8,ACCCCTGATAGGGGGAACAA,0,2364931
mglBp,0.1111111111111111,8,8,ACCATACATTTCAGGTATTA,0,2423521
mglBp,0.1111111111111111,8,8,ACCAGGGTCTGTTCATGCGT,0,2420645
mglBp,0.1111111111111111,8,8,ACCACTTGTACCTAATTAAG,0,2366610
mglBp,0.1111111111111111,8,8,ACCACTTAATAGCAAGCCGT,0,2340187
mglBp,0.1111111111111111,8,8,ACATTTTGCGAGTAAGCGAA,0,2384720
mglBp,0.1111111111111111,8,8,ACATTTATATCAGGCGTGAA,0,2328638
mglBp,0.1111111111111111,8,8,ACATGCCCGGGTTTGCCGTT,0,2327698
mglBp,0.1111111111111111,8,8,ACAGTGAGTGATATGGTTGT,0,2360549
mglBp,0.1111111111111111,8,8,ACAGGTCAGGCGGAGCGTTC,0,2357081
mglBp,0.1111111111111111,8,8,ACAGGGCGGACAGATGTATT,0,2356452
mglBp,0.1111111111111111,8,8,ACAGGAAACAGTCTCTCAAA,0,2320829
mglBp,0.1111111111111111,8,8,ACAGCTGTCCTACTAAGCGG,0,2413855
mglBp,0.1111111111111111,8,8,ACACTCGGCAACCGAGCCTG,0,2393285
mglBp,0.1111111111111111,8,8,ACACTCCTAAGTGATCTCGG,0,2419622
mglBp,0.1111111111111111,8,8,ACACGATGAGTCCCAAGGGC,0,2400499
mglBp,0.1111111111111111,8,8,ACAATCGCCGAAACGAGAGG,0,2339337
mglBp,0.1111111111111111,8,8,ACAAGCGAGCCCAAGAGTAC,0,2389215
mglBp,0.1111111111111111,8,8,ACAAGCGACGCAACCGGCCT,0,2392512
mglBp,0.1111111111111111,8,8,ACAACACATATGCCGACTGC,0,2344903
mglBp,0.1111111111111111,8,8,ACAAAGATATGCTGACGCCT,0,2371706
mglBp,0.1111111111111111,8,8,AATTTCTCCTGCAACGCTCT,0,2323635
mglBp,0.1111111111111111,8,8,AATTGGCTGTCATTAACGGA,0,2337511
mglBp,0.1111111111111111,8,8,AATTCTAACAATTGACTACA,0,2328170
mglBp,0.1111111111111111,8,8,AATTCCGATACGTGAATTTG,0,2341618
mglBp,0.1111111111111111,8,8,AATTAAGTAATGGCTGGCGC,0,2340224
mglBp,0.1111111111111111,8,8,AATTAACCGTCTCAAGCACG,0,2379397
mglBp,0.1111111111111111,8,8,AATGTTACCCCGTTTAATAG,0,2317929
mglBp,0.1111111111111111,8,8,AATGTCTAAAGTCGGTTTTG,0,2405507
mglBp,0.1111111111111111,8,8,AATGTAAGGGTAAGACGATT,0,2406321
mglBp,0.1111111111111111,8,8,AATGGGGAATGAAGGCGGCG,0,2362501
mglBp,0.1111111111111111,8,8,AATGGGAGGCTAGCGCCCAC,0,2354096
mglBp,0.1111111111111111,8,8,AATGCCTCGGTGTTCTAATA,0,2418293
mglBp,0.1111111111111111,8,8,AATGCACGGCTCGTGTGTCT,0,2396731
mglBp,0.1111111111111111,8,8,AATGACGAATAAAGTGCCAA,0,2415873
mglBp,0.1111111111111111,8,8,AATCGCTTTTACTAGACATA,0,2362209
mglBp,0.1111111111111111,8,8,AATCGCGAATCTTCGGTGTA,0,2392998
mglBp,0.1111111111111111,8,8,AATCCTATAGTAGGTTTCAA,0,2387958
mglBp,0.1111111111111111,8,8,AATCCGACGATTGCTGTGCA,0,2422842
mglBp,0.1111111111111111,8,8,AATCCAGAAGAGTCGTGTTC,0,2385719
mglBp,0.1111111111111111,8,8,AATCATTTTGACAGCACTAT,0,2412547
mglBp,0.1111111111111111,8,8,AATCATCCTTAGCGTGGCTG,0,2374745
mglBp,0.1111111111111111,8,8,AATCAATGTCCGGCTCCCTT,0,2375611
mglBp,0.1111111111111111,8,8,AATCAACTAGACAAACAATT,0,2337501
mglBp,0.1111111111111111,8,8,AATCAACGGTTCGAAGTGTG,0,2377540
mglBp,0.1111111111111111,8,8,AATAGAGGTACCTAAGGCTG,0,2365174
mglBp,0.1111111111111111,8,8,AATACAAGGATGTTCAGTGA,0,2322216
mglBp,0.1111111111111111,8,8,AATAATAAGTGATATCCGTA,0,2355053
mglBp,0.1111111111111111,8,8,AATAAACAGGGCGCGCAGAA,0,2390138
mglBp,0.1111111111111111,8,8,AAGTTGGCCATGAGGGTTAC,0,2389145
mglBp,0.1111111111111111,8,8,AAGTTAAACGCCGCCAAGCA,0,2342829
mglBp,0.1111111111111111,8,8,AAGTGGGCAATGGTAATAAC,0,2334398
mglBp,0.1111111111111111,8,8,AAGTGCTACTATCCGTAGTT,0,2400387
mglBp,0.1111111111111111,8,8,AAGTGCAGGTAAGCCCGTCC,0,2317719
mglBp,0.1111111111111111,8,8,AAGTGAGGGCTCAGACAGAT,0,2389069
mglBp,0.1111111111111111,8,8,AAGTATCGATCGCAGTGAGT,0,2358144
mglBp,0.1111111111111111,8,8,AAGTATACGGTTTGGGCGGG,0,2325504
mglBp,0.1111111111111111,8,8,AAGTAAGATCATGCCCATAT,0,2417900
mglBp,0.1111111111111111,8,8,AAGGTCGAGCACACCGGTAT,0,2363315
mglBp,0.1111111111111111,8,8,AAGGGTCCCCAGAGTCATAT,0,2390926
mglBp,0.1111111111111111,8,8,AAGGGCAGTTAGTGAATCGC,0,2331735
mglBp,0.1111111111111111,8,8,AAGGGAGGCCCTTCTCGGAG,0,2369918
mglBp,0.1111111111111111,8,8,AAGGCATGACATACGAGAGG,0,2365461
mglBp,0.1111111111111111,8,8,AAGGAGGCGACTGGAGAGGG,0,2337651
mglBp,0.1111111111111111,8,8,AAGCAAAGGGTTGCGACATC,0,2389734
mglBp,0.1111111111111111,8,8,AAGCAAACAACGGGAGTATA,0,2384663
mglBp,0.1111111111111111,8,8,AAGATCTGCGCTCACCCGGA,0,2324280
mglBp,0.1111111111111111,8,8,AAGAGATTTAGTGCTTTCGA,0,2375017
mglBp,0.1111111111111111,8,8,AAGACCCCAACAGAGGGGTT,0,2357735
mglBp,0.1111111111111111,8,8,AAGACAGATCAGTAACCTGT,0,2397190
mglBp,0.1111111111111111,8,8,AACTGGGTGCAGTGGTCCTT,0,2381285
mglBp,0.1111111111111111,8,8,AACTATGGCTACCGTGCGAT,0,2400777
mglBp,0.1111111111111111,8,8,AACGTCATCACGAAGACTTT,0,2370524
mglBp,0.1111111111111111,8,8,AACGTATCTATCCTCAACGT,0,2368312
mglBp,0.1111111111111111,8,8,AACGGTTGGCCTGTCTATTA,0,2386685
mglBp,0.1111111111111111,8,8,AACGGGTTGGCAAACCGTAG,0,2324839
mglBp,0.1111111111111111,8,8,AACGGGTGGCGGAGTCAGTA,0,2404714
mglBp,0.1111111111111111,8,8,AACGCGCACGAATACAGTTG,0,2385077
mglBp,0.1111111111111111,8,8,AACCATGATACCGCTGCTTT,0,2377963
mglBp,0.1111111111111111,8,8,AACCAGTCTGTACCGGCCTC,0,2367927
mglBp,0.1111111111111111,8,8,AACCACTGGAGGACGTGCGA,0,2377004
mglBp,0.1111111111111111,8,8,AACCACGAGGGCCGGGAGCA,0,2408653
mglBp,0.1111111111111111,8,8,AACCAAGCTCTAGTCGTACC,0,2330852
mglBp,0.1111111111111111,8,8,AACATTATCCTACGGCATGC,0,2397913
mglBp,0.1111111111111111,8,8,AACAATAAACGAATTCAAAT,0,2354104
mglBp,0.1111111111111111,8,8,AACAACGCGTCGTTTGACTC,0,2330318
mglBp,0.1111111111111111,8,8,AAATTGATGTCTTTTACTAC,0,2325537
mglBp,0.1111111111111111,8,8,AAATGCGCTGAACAGCCACT,0,2351455
mglBp,0.1111111111111111,8,8,AAATGACCAGTAGTAAAAGT,0,2390550
mglBp,0.1111111111111111,8,8,AAATCGATGGAGCCTACAGT,0,2331488
mglBp,0.1111111111111111,8,8,AAAGTGATACGTCGGCATTG,0,2405170
mglBp,0.1111111111111111,8,8,AAAGGAGGGCCGTCAGTACG,0,2393728
mglBp,0.1111111111111111,8,8,AAAGCAGTAGATTAATAGAT,0,2389925
mglBp,0.1111111111111111,8,8,AAAGAGCCTGTTCAGGAAGA,0,2350850
mglBp,0.1111111111111111,8,8,AAAGAATCGCCTGTATTCAA,0,2385397
mglBp,0.1111111111111111,8,8,AAAGAAACGGTGCCAGACGA,0,2325861
mglBp,0.1111111111111111,8,8,AAACTCGGCTCCCTGAGGAT,0,2362102
mglBp,0.1111111111111111,8,8,AAACTATGGTCATTAACGTA,0,2362524
mglBp,0.1111111111111111,8,8,AAACGTGTCCAGTGTTCCTA,0,2419187
mglBp,0.1111111111111111,8,8,AAACCTTACGACTTACAGTC,0,2363489
mglBp,0.1111111111111111,8,8,AAACCCTATCAGCCGCCGCT,0,2372274
mglBp,0.1111111111111111,8,8,AAACCAATCGTAACCTACCG,0,2397768
mglBp,0.1111111111111111,8,8,AAACAAAACAGCGGTACGGC,0,2321357
mglBp,0.1111111111111111,8,8,AAAATTGTAAAGGTAACTCT,0,2397529
mglBp,0.1111111111111111,8,8,AAAATGAATTAAAAGGGTGT,0,2411531
mglBp,0.1111111111111111,8,8,AAAAGATTTCTTAGTCTGGT,0,2346818
mglBp,0.1111111111111111,8,8,AAAACAACCGGTGACGTGTT,0,2406119
mglBp,0.125,7,7,TTTTTGGGCTGCCTCATAGG,0,2319200
mglBp,0.125,7,7,TTTTTGAGGGGCGACAAGTG,0,2362583
mglBp,0.125,7,7,TTTTTCCCAACGTTGCGACC,0,2344914
mglBp,0.125,7,7,TTTTTACCCTTGGCTAGCTG,0,2416252
mglBp,0.125,7,7,TTTTTACAACGGCCCCCTTA,0,2420743
mglBp,0.125,7,7,TTTTCAGGCTCACGGCCCCT,0,2415439
mglBp,0.125,7,7,TTTTCAGACGAGCCAGATCT,0,2333738
mglBp,0.125,7,7,TTTTACGATCAGGAGTTACG,0,2365773
mglBp,0.125,7,7,TTTTACGAACCGTAGTTAAA,0,2343478
mglBp,0.125,7,7,TTTGTTAAGGCGGACAAATC,0,2369448
mglBp,0.125,7,7,TTTGTGGGTACCCCAGCGTC,0,2357520
mglBp,0.125,7,7,TTTGTGGGATTATTAGGCAG,0,2386730
mglBp,0.125,7,7,TTTGTGACAACTTAAGTTGT,0,2420871
mglBp,0.125,7,7,TTTGGTGAGAAGCGTATAAC,0,2400115
mglBp,0.125,7,7,TTTGGTAAATGGGGGGCTAC,0,2344381
mglBp,0.125,7,7,TTTGGGTGGGGGGGTCATGG,0,2412121
mglBp,0.125,7,7,TTTGCATCACAGTATGACGG,0,2316497
mglBp,0.125,7,7,TTTGATGTACCCCTATCACT,0,2337366
mglBp,0.125,7,7,TTTGAATACGATAGTCCAAT,0,2328240
mglBp,0.125,7,7,TTTCTTTGGCGTGGTGGCTG,0,2379788
mglBp,0.125,7,7,TTTCTTATTGAGGTACGGGT,0,2324632
mglBp,0.125,7,7,TTTCTTATCTATTTTTCCCA,0,2326648
mglBp,0.125,7,7,TTTCTGGACCTACGCTGGTA,0,2370308
mglBp,0.125,7,7,TTTCGGCTCGAATAGTTACC,0,2338668
mglBp,0.125,7,7,TTTCCTCATGAGATGGGGTC,0,2332467
mglBp,0.125,7,7,TTTAGTACGGAACGGGTTGC,0,2385761
mglBp,0.125,7,7,TTTACTTCTTGGGGAAAAAT,0,2373957
mglBp,0.125,7,7,TTTAATGTCTATCCAAGAAG,0,2377172
mglBp,0.125,7,7,TTGTCGATGAAATCAATCAA,0,2360663
mglBp,0.125,7,7,TTGTAGGGCTGGCATCGGCA,0,2357455
mglBp,0.125,7,7,TTGGTATGACCGAACAGCTC,0,2378859
mglBp,0.125,7,7,TTGGCGATAGTATTTTTCGA,0,2413940
mglBp,0.125,7,7,TTGCTAATAAATGTATACCG,0,2361736
mglBp,0.125,7,7,TTGCGTACCCTGAGCCCCGT,0,2411810
mglBp,0.125,7,7,TTGCCTTGAGGAAGGACGTC,0,2401065
mglBp,0.125,7,7,TTGCCTCTACTGGGCGAGGA,0,2411767
mglBp,0.125,7,7,TTGATTTTACTAAGATCAAG,0,2386793
mglBp,0.125,7,7,TTGATGGCACGGGTTAACTT,0,2346299
mglBp,0.125,7,7,TTGATATGCTATGCCTTGCG,0,2422116
mglBp,0.125,7,7,TTGAGGGATCATGGCGGTTC,0,2353898
mglBp,0.125,7,7,TTGAGGCCCCGTGCGTCGAA,0,2327641
mglBp,0.125,7,7,TTGACACGTATCAGGCCGAG,0,2374063
mglBp,0.125,7,7,TTCTTATTTTTGATGGTAAC,0,2347286
mglBp,0.125,7,7,TTCTGTCTCGGCACCCTTAC,0,2355655
mglBp,0.125,7,7,TTCTGGTTTTGCTCGGAGTC,0,2386412
mglBp,0.125,7,7,TTCTGGCAACGGGCTTCCCA,0,2336893
mglBp,0.125,7,7,TTCTCTATCGCCTGACTAGA,0,2340643
mglBp,0.125,7,7,TTCTCACTGGAGTAACAATT,0,2318589
mglBp,0.125,7,7,TTCTAGGGCTACAGTAGACG,0,2406902
mglBp,0.125,7,7,TTCGTTTACTGTGCTTGCAA,0,2390953
mglBp,0.125,7,7,TTCGTATCGGGCGGTCGTAA,0,2348394
mglBp,0.125,7,7,TTCGGGATATATTTTACATG,0,2395655
mglBp,0.125,7,7,TTCGGACCCGTGACACTATA,0,2388669
mglBp,0.125,7,7,TTCGCCAATCCTATAGGCTA,0,2407214
mglBp,0.125,7,7,TTCGATGGATCTAGGTGGAG,0,2397307
mglBp,0.125,7,7,TTCGAATTCTAAGTAAGTGC,0,2357730
mglBp,0.125,7,7,TTCCTACCGCCTAGAACTAT,0,2332492
mglBp,0.125,7,7,TTCCGGTTCGAGCGGGGACA,0,2406236
mglBp,0.125,7,7,TTCCGGCGATTAGGGCATAT,0,2351515
mglBp,0.125,7,7,TTCCGCTCATACACTGATGG,0,2358610
mglBp,0.125,7,7,TTCCGCAGAAGTCTGGTAAC,0,2340196
mglBp,0.125,7,7,TTCCAGGGTAACAGAGCGAA,0,2382180
mglBp,0.125,7,7,TTCCAGGCTAGGTTTGCGTA,0,2404522
mglBp,0.125,7,7,TTCCAGGACCAATTGTCCCA,0,2399137
mglBp,0.125,7,7,TTCATTAATCAACGGAATTT,0,2359369
mglBp,0.125,7,7,TTCATCGGACTCATAAGTAC,0,2350262
mglBp,0.125,7,7,TTCATCCGGTTTTCTTCGGT,0,2395829
mglBp,0.125,7,7,TTCATCCAGGGTTCAGGTAA,0,2333512
mglBp,0.125,7,7,TTCATAATCTGGCTCCCGGC,0,2420190
mglBp,0.125,7,7,TTCAGTCATGGGTCAAGGCT,0,2366502
mglBp,0.125,7,7,TTCAGGCTTCAAGCGCGCTC,0,2379418
mglBp,0.125,7,7,TTCAGGCCGGCCCGATCTGG,0,2332276
mglBp,0.125,7,7,TTCACCTCCCTTGCCCATGG,0,2336493
mglBp,0.125,7,7,TTCACAGGGAGCGTCTGGGA,0,2413645
mglBp,0.125,7,7,TTCACACCATACGCTAATAG,0,2348384
mglBp,0.125,7,7,TTCAATAAGGTTCAATTTCG,0,2323391
mglBp,0.125,7,7,TTCAAGTTGAAGTAAGACGA,0,2336255
mglBp,0.125,7,7,TTATTCATTAGATAGGTTTC,0,2340391
mglBp,0.125,7,7,TTATTATCAGCGCGTCGGGA,0,2415399
mglBp,0.125,7,7,TTATTATCACGTTACATTGC,0,2401074
mglBp,0.125,7,7,TTATCTCGTATCGTGGTGTT,0,2393093
mglBp,0.125,7,7,TTATCGTTGCAGGAAAAGTA,0,2380095
mglBp,0.125,7,7,TTATCGATTGTCTGGACAGG,0,2417974
mglBp,0.125,7,7,TTATCACACAAGCGGCAGAG,0,2414186
mglBp,0.125,7,7,TTATCAACTCAAGCATGTCT,0,2384166
mglBp,0.125,7,7,TTAGTTTGGTCAGTAGGTCA,0,2369184
mglBp,0.125,7,7,TTAGTACCTGTCCAATGTCA,0,2391139
mglBp,0.125,7,7,TTAGCACGTACATAAGTGGG,0,2387803
mglBp,0.125,7,7,TTAGACGTCCGGCACGAGTT,0,2413616
mglBp,0.125,7,7,TTAGACCCAACTACCAGTTA,0,2374522
mglBp,0.125,7,7,TTAGAATAGAATTTGGACCC,0,2318233
mglBp,0.125,7,7,TTAGAAGAGACTGACTAAGG,0,2348087
mglBp,0.125,7,7,TTACTATCGGCAGGTATAAA,0,2407964
mglBp,0.125,7,7,TTACCTTTTGCGTACTTCAT,0,2380508
mglBp,0.125,7,7,TTACCCCGCGGATGCAAAAC,0,2338816
mglBp,0.125,7,7,TTACCCACCGTTACTGTAAA,0,2367813
mglBp,0.125,7,7,TTACATGCTCTAGGGGCGTT,0,2417530
mglBp,0.125,7,7,TTAATGCACTACCAAGAACA,0,2340659
mglBp,0.125,7,7,TTAAGTCATTCGTCGAATAC,0,2325452
mglBp,0.125,7,7,TTAAGTAATAACCCGAATCG,0,2400771
mglBp,0.125,7,7,TTAAGGAGTGATTTTATTAG,0,2370391
mglBp,0.125,7,7,TTAAGATCGGATCGAAATCC,0,2410346
mglBp,0.125,7,7,TTAAGAAGCCTGCACCGCTA,0,2379536
mglBp,0.125,7,7,TGTTTTCAGACCTAGAAATG,0,2359955
mglBp,0.125,7,7,TGTTTCACTGGTAACGACAT,0,2338970
mglBp,0.125,7,7,TGTTGTACGCGTGATGGGCA,0,2319344
mglBp,0.125,7,7,TGTTGCGAGCCAGCAAGAAA,0,2390492
mglBp,0.125,7,7,TGTTCAAGAGGGGGCAGACG,0,2369993
mglBp,0.125,7,7,TGTGAGGACGAAAAAAGGGT,0,2339947
mglBp,0.125,7,7,TGTGACTGTCAGAGGAGTTC,0,2350065
mglBp,0.125,7,7,TGTGAAGACTAAACCCCTGA,0,2361414
mglBp,0.125,7,7,TGTCTGAATGGGAAAGCAAT,0,2350503
mglBp,0.125,7,7,TGTCGGGTGCGCCAAAGGAC,0,2421948
mglBp,0.125,7,7,TGTCCTTGGTGATGAACGTT,0,2365991
mglBp,0.125,7,7,TGTAGTTCAATTCCGGTGCT,0,2391684
mglBp,0.125,7,7,TGTAGTCGTGGATGTTTTAA,0,2341445
mglBp,0.125,7,7,TGTAGCCTGCGAAAGCGGCA,0,2379768
mglBp,0.125,7,7,TGTAGCAGCGAGCCGCACCA,0,2372487
mglBp,0.125,7,7,TGTACCTTCGGGGGCAAATA,0,2347683
mglBp,0.125,7,7,TGTACCTGTTGTAAACCGTA,0,2360836
mglBp,0.125,7,7,TGTAAACTCCGGATCAACGA,0,2388460
mglBp,0.125,7,7,TGGTTTTGATATAGCGCGTT,0,2412772
mglBp,0.125,7,7,TGGTTCCGTCTTTCACGACC,0,2388257
mglBp,0.125,7,7,TGGTGATTCATCAATTTTTT,0,2338931
mglBp,0.125,7,7,TGGTCGTCTGCATGACACAA,0,2405697
mglBp,0.125,7,7,TGGTCCAGCCGATGAGCCTT,0,2374812
mglBp,0.125,7,7,TGGGTGTTTTGTATGAGGAT,0,2324112
mglBp,0.125,7,7,TGGGTATTGGCCCGCGGGGT,0,2409170
mglBp,0.125,7,7,TGGGGCAACGCACGGTGTAG,0,2381260
mglBp,0.125,7,7,TGGGCGGGCGAAGGATTTAT,0,2404010
mglBp,0.125,7,7,TGGGAAGTGAGAGACTTTCC,0,2419273
mglBp,0.125,7,7,TGGCGTGTAACCGGGAGGAT,0,2351707
mglBp,0.125,7,7,TGGCGGGCCTGTCGGCGATG,0,2407089
mglBp,0.125,7,7,TGGCGGGCCAGCTTTAATTA,0,2316426
mglBp,0.125,7,7,TGGCGGCTAGCCTTGATAAG,0,2316421
mglBp,0.125,7,7,TGGCGCTAGGGACTTCAAAA,0,2419630
mglBp,0.125,7,7,TGGCACTTCGCTCCTGGTGC,0,2377763
mglBp,0.125,7,7,TGGATCTCGCGATCAGCATC,0,2392654
mglBp,0.125,7,7,TGGATCAGTAGGTTAAGATA,0,2339604
mglBp,0.125,7,7,TGGATACACGACGAAGTTGG,0,2394082
mglBp,0.125,7,7,TGGAGATAAGCGTGTGGAAG,0,2412221
mglBp,0.125,7,7,TGGACCGTGAATTGATTTAG,0,2347742
mglBp,0.125,7,7,TGGAATTTGACACATGCACT,0,2365438
mglBp,0.125,7,7,TGGAACGAATGGGCTTTCCG,0,2358696
mglBp,0.125,7,7,TGGAAATGGGCGGGGATGCT,0,2378487
mglBp,0.125,7,7,TGCTTTAAGGGTTCATTAAA,0,2335326
mglBp,0.125,7,7,TGCTTGACAGGGAAATGTAG,0,2400218
mglBp,0.125,7,7,TGCTCCTATCGCTACTAGAT,0,2394724
mglBp,0.125,7,7,TGCTCCGGGCGAAGCCCTCG,0,2353576
mglBp,0.125,7,7,TGCTCATGGGTGCGAGGTAT,0,2391401
mglBp,0.125,7,7,TGCTCACGTGGCTGTGCTAT,0,2372657
mglBp,0.125,7,7,TGCTAACTTCAGACTGTATG,0,2376736
mglBp,0.125,7,7,TGCGTCTAGAGTGTGAGCTG,0,2392315
mglBp,0.125,7,7,TGCGGTTATCCGGACCTATA,0,2361273
mglBp,0.125,7,7,TGCGGAATTGGTCGTGGAGA,0,2398182
mglBp,0.125,7,7,TGCGCCTGGATGGTGTACAG,0,2332427
mglBp,0.125,7,7,TGCGCCTAGGCGGTACATTT,0,2394201
mglBp,0.125,7,7,TGCGCCGAACCCGCCACTAG,0,2405924
mglBp,0.125,7,7,TGCGCAGGCCGCTTGAGGCA,0,2381703
mglBp,0.125,7,7,TGCCTCCCAAACGCACGATT,0,2341183
mglBp,0.125,7,7,TGCCGTCGTGACCACCCTAT,0,2317971
mglBp,0.125,7,7,TGCCGAGCTACTCTAGAAAA,0,2364557
mglBp,0.125,7,7,TGCCGACCGGTTCGTGGGGG,0,2347023
mglBp,0.125,7,7,TGCCGAACTAATTGGAGACG,0,2407827
mglBp,0.125,7,7,TGCCCTGACACGTCCCAGGT,0,2335177
mglBp,0.125,7,7,TGCCCCGAGGCTAAAACGAT,0,2318054
mglBp,0.125,7,7,TGCCATTCCGAGTACTCCTT,0,2404804
mglBp,0.125,7,7,TGCCAGTGCCGTATGGGGTT,0,2398235
mglBp,0.125,7,7,TGCCAGTAAGGTGTGGTCAT,0,2404143
mglBp,0.125,7,7,TGCATGGATTCAGCATCTTT,0,2420753
mglBp,0.125,7,7,TGCATGAGAGGCTGCCTTCT,0,2366725
mglBp,0.125,7,7,TGCATCACGTTTGGCAAAAG,0,2342490
mglBp,0.125,7,7,TGCAGATAACGACACGCTTG,0,2339279
mglBp,0.125,7,7,TGCACACACATGCTTAACGA,0,2360474
mglBp,0.125,7,7,TGCACAATGGCTTATTGGTA,0,2400456
mglBp,0.125,7,7,TGCAAGCTACTGTAGAGAAT,0,2356991
mglBp,0.125,7,7,TGCAACTTGCTGTCATCTCT,0,2369347
mglBp,0.125,7,7,TGCAACTAAGCATACCAGGG,0,2327417
mglBp,0.125,7,7,TGCAAAGATGGGGTGTTACG,0,2334758
mglBp,0.125,7,7,TGATTAGCCTATTACAGTAC,0,2323028
mglBp,0.125,7,7,TGATTAACATAATGCTGTGT,0,2356030
mglBp,0.125,7,7,TGATCCGCACGTACCATCAA,0,2380471
mglBp,0.125,7,7,TGATCAGGGCCTAGACTAAT,0,2340242
mglBp,0.125,7,7,TGATATAGCACCCCGTTAGC,0,2397425
mglBp,0.125,7,7,TGAGTTACTTCTTACCGTAT,0,2321276
mglBp,0.125,7,7,TGAGGCTTGAACTAATTCAC,0,2389813
mglBp,0.125,7,7,TGAGGCCGAGAATACCCATT,0,2326116
mglBp,0.125,7,7,TGAGCCCGACTCTGGAATGT,0,2322652
mglBp,0.125,7,7,TGAGATGATTGCTTTACCAA,0,2382216
mglBp,0.125,7,7,TGACGAATTTGTGGAAGGAC,0,2324543
mglBp,0.125,7,7,TGACCATCAGTCTCACTCTC,0,2316770
mglBp,0.125,7,7,TGACCAGCCTTGAACTAGAC,0,2326258
mglBp,0.125,7,7,TGACCAAGATCCGCATTTTC,0,2353624
mglBp,0.125,7,7,TGAATTCCGTACGATTGTCA,0,2346103
mglBp,0.125,7,7,TGAAGCATCCGGGGTGCTCG,0,2389188
mglBp,0.125,7,7,TGAAGCATACAGTTGTAGGC,0,2381566
mglBp,0.125,7,7,TGAACGACGACCAAGTTTCT,0,2372163
mglBp,0.125,7,7,TGAAATTTTCGGATTCACTG,0,2377757
mglBp,0.125,7,7,TGAAAGCTCCTACCGACATT,0,2338896
mglBp,0.125,7,7,TCTTTATCAGGATTCAGCAA,0,2316686
mglBp,0.125,7,7,TCTTGTTATGAACTAAATTT,0,2333277
mglBp,0.125,7,7,TCTTGGACCTACGAGGCGAG,0,2363303
mglBp,0.125,7,7,TCTTATTAGCTGTAAAGTCT,0,2414163
mglBp,0.125,7,7,TCTCTTGCAGCAGGCTCGTT,0,2333382
mglBp,0.125,7,7,TCTCTCAATCTCCATGGTGT,0,2337573
mglBp,0.125,7,7,TCTCGCACCAGAGCCTCCTT,0,2391745
mglBp,0.125,7,7,TCTCGATATCCGGTCTGGAT,0,2406288
mglBp,0.125,7,7,TCTCGAACATACTACACGGT,0,2417070
mglBp,0.125,7,7,TCTATTTACTGCGCGTCTTG,0,2334835
mglBp,0.125,7,7,TCTATACGAAGACACGGCGA,0,2342457
mglBp,0.125,7,7,TCTAGACAAAGTCACGCGGA,0,2331495
mglBp,0.125,7,7,TCTACTCAACCATAATTCCT,0,2388879
mglBp,0.125,7,7,TCTACCATGCATGAAAACTT,0,2385942
mglBp,0.125,7,7,TCTAATCTGGGGGTTAGTGC,0,2413259
mglBp,0.125,7,7,TCTAATAAATCTTAAGTAAT,0,2347697
mglBp,0.125,7,7,TCGTTTTGGCCACCCTTAAG,0,2334292
mglBp,0.125,7,7,TCGTTTTGAGACGGAGGGTC,0,2391574
mglBp,0.125,7,7,TCGTTGGCACGCATTCAAAA,0,2397537
mglBp,0.125,7,7,TCGTTCGGTCACCTACTAGC,0,2410775
mglBp,0.125,7,7,TCGTATAGTTTTCAGCATTT,0,2363481
mglBp,0.125,7,7,TCGGTTTAGGAGATTATTTA,0,2365725
mglBp,0.125,7,7,TCGGTCTCTCTGAGTCTACA,0,2421911
mglBp,0.125,7,7,TCGGGTCCATTTTCGCGTGA,0,2422968
mglBp,0.125,7,7,TCGGGGCTTTGCTTTGTACC,0,2408361
mglBp,0.125,7,7,TCGGGCAGTGCACATTTAGG,0,2320977
mglBp,0.125,7,7,TCGGCAGTAAAGGGGAAAGT,0,2360987
mglBp,0.125,7,7,TCGGAATTTAGGTCAATGCG,0,2351916
mglBp,0.125,7,7,TCGGAAGATCCGAGATGGGC,0,2372569
mglBp,0.125,7,7,TCGCGTTTACGTAACATAGA,0,2367014
mglBp,0.125,7,7,TCGCGGTCGGCTATCTGAGG,0,2421872
mglBp,0.125,7,7,TCGCCATCAGTCTAGGCTTT,0,2412048
mglBp,0.125,7,7,TCGCCAGAGTGGGGGCTCTG,0,2370803
mglBp,0.125,7,7,TCGCATGCTGTACAAGTGGA,0,2409816
mglBp,0.125,7,7,TCGCAGGCGACAGGGTACCT,0,2353091
mglBp,0.125,7,7,TCGCACGGGTGACGTAGAGA,0,2406141
mglBp,0.125,7,7,TCGCAATAGGAGAACCAAGG,0,2413534
mglBp,0.125,7,7,TCGCAAAACCCAGTCAAGAA,0,2374894
mglBp,0.125,7,7,TCGACCGGAGTAGGTTTACG,0,2325016
mglBp,0.125,7,7,TCGAATTCGGGGCGTTATAT,0,2381757
mglBp,0.125,7,7,TCGAATCCAACGTCCTCAGT,0,2348304
mglBp,0.125,7,7,TCCTTTTGTTTTAGAGAGCG,0,2372853
mglBp,0.125,7,7,TCCTGCTTATATAGCCGGTC,0,2408961
mglBp,0.125,7,7,TCCTGAGCGCAAAGCACGTA,0,2316440
mglBp,0.125,7,7,TCCGTCTTTATGGCAGGCCC,0,2366726
mglBp,0.125,7,7,TCCGTCCGGTAATTGGATGG,0,2323715
mglBp,0.125,7,7,TCCGGGACTTAACTAATTCA,0,2326699
mglBp,0.125,7,7,TCCGGCAACAAGCACGGATA,0,2365593
mglBp,0.125,7,7,TCCGCTCGTAAGATTTCCAT,0,2331106
mglBp,0.125,7,7,TCCGCGAGTGTTCGATACGA,0,2398437
mglBp,0.125,7,7,TCCGCAGAGTGGTGCAATAA,0,2399172
mglBp,0.125,7,7,TCCGATCAATGGACGTGCTC,0,2376889
mglBp,0.125,7,7,TCCGATATGCTGCCGTCAAC,0,2317458
mglBp,0.125,7,7,TCCGATACACGTCCCCGACG,0,2417205
mglBp,0.125,7,7,TCCGACATTCGGGCCGCAGG,0,2373874
mglBp,0.125,7,7,TCCCGCACGCACTAGCGGTA,0,2415035
mglBp,0.125,7,7,TCCCCTAGGAGGGATGCGCG,0,2337974
mglBp,0.125,7,7,TCCCAAGCTTTTACGTGCAT,0,2321101
mglBp,0.125,7,7,TCCATTTCGGGACGAGACAA,0,2323139
mglBp,0.125,7,7,TCCATCTGCATTCTTGTAGG,0,2402035
mglBp,0.125,7,7,TCCATACGTATGGGTTGGTT,0,2374136
mglBp,0.125,7,7,TCCAGTTATCGCAACGCTGT,0,2387059
mglBp,0.125,7,7,TCCAGGCTAGTCTCTCTGCG,0,2357488
mglBp,0.125,7,7,TCCAGCGACGACATCTACTC,0,2318443
mglBp,0.125,7,7,TCCAATGACTTAGGTCTCCA,0,2386393
mglBp,0.125,7,7,TCCAACAAGCCTCCGAATTG,0,2353975
mglBp,0.125,7,7,TCATTGAGCACGCAGGCGGG,0,2372723
mglBp,0.125,7,7,TCATGGGTCTGATGGTCCAA,0,2418003
mglBp,0.125,7,7,TCATGATACCAGTAGTCGAA,0,2387519
mglBp,0.125,7,7,TCATATGGGCAACCCTTCGG,0,2330842
mglBp,0.125,7,7,TCATAGGTGCACATAGTACT,0,2342241
mglBp,0.125,7,7,TCATAGCCCTACGCGGAGGG,0,2382397
mglBp,0.125,7,7,TCATAGATGCGGGCTCCCGG,0,2316538
mglBp,0.125,7,7,TCATACGGACGTGCTAACTT,0,2401591
mglBp,0.125,7,7,TCATACGCCAATGGGCGATG,0,2318490
mglBp,0.125,7,7,TCAGTACTATTAGTGCCAAA,0,2413541
mglBp,0.125,7,7,TCAGGTTTCGGGTCATCCTG,0,2341114
mglBp,0.125,7,7,TCAGGTAGGGCATGTTGCAT,0,2342377
mglBp,0.125,7,7,TCAGGAGGGTGATAAGCGTA,0,2370825
mglBp,0.125,7,7,TCAGCATTACAAACTGCTCC,0,2317181
mglBp,0.125,7,7,TCAGACCTCTCGGCACTGTT,0,2418534
mglBp,0.125,7,7,TCAGAATTTAGGGCTAGCTT,0,2359015
mglBp,0.125,7,7,TCAGAACCATACTTAAGATG,0,2353885
mglBp,0.125,7,7,TCACGCAAATGGTGCAGGCA,0,2379652
mglBp,0.125,7,7,TCACCTGGGCGCGGAACAGG,0,2342045
mglBp,0.125,7,7,TCACCGTTCGCTCCCCTAAT,0,2394764
mglBp,0.125,7,7,TCACCAAAAATACGATTCCC,0,2371146
mglBp,0.125,7,7,TCACATGGTCCGCGGATTAC,0,2386174
mglBp,0.125,7,7,TCACATATGACTCTGATACG,0,2365373
mglBp,0.125,7,7,TCACACCGTGTGAGCGGACT,0,2409526
mglBp,0.125,7,7,TCAATGAGGTAAATGGCCTT,0,2394361
mglBp,0.125,7,7,TCAATCCACCCGCCGGGGAG,0,2407093
mglBp,0.125,7,7,TCAAGTGCCCTCTCTGGGAT,0,2415131
mglBp,0.125,7,7,TCAAACCGGCCAAATGAACC,0,2413581
mglBp,0.125,7,7,TCAAACACAGAGCTCAAACC,0,2346323
mglBp,0.125,7,7,TATTTACAAACTATGCACTT,0,2383329
mglBp,0.125,7,7,TATTGGGTATACTCGCGGCA,0,2388454
mglBp,0.125,7,7,TATTCGGATCATATGCAACA,0,2414654
mglBp,0.125,7,7,TATTAAATAATTCCTATCGA,0,2366127
mglBp,0.125,7,7,TATGTCTATAACGGTGCCTG,0,2362502
mglBp,0.125,7,7,TATGCGGTCCGTTGGGAGGG,0,2337985
mglBp,0.125,7,7,TATGCATGCTGTACTCGAAT,0,2406794
mglBp,0.125,7,7,TATGATTTAGGTATACGGAA,0,2408690
mglBp,0.125,7,7,TATGACGCGTTCAGCGGATA,0,2377707
mglBp,0.125,7,7,TATGACAATTTCGACTGTCC,0,2330580
mglBp,0.125,7,7,TATCTTGGCAGACCTTGGAT,0,2382224
mglBp,0.125,7,7,TATCGTAAAAGCGATTTACT,0,2316999
mglBp,0.125,7,7,TATCGAGTACCCGTGCCTCA,0,2335521
mglBp,0.125,7,7,TATCAGTGAGGGGTAAAGGC,0,2343829
mglBp,0.125,7,7,TATATTAGAGTCGGGGGTTA,0,2334399
mglBp,0.125,7,7,TATACGGCATCCATCCCTTA,0,2386511
mglBp,0.125,7,7,TATAAGTGTCGCCAGCTGTG,0,2321393
mglBp,0.125,7,7,TATAACGTCATTTAGGGGGG,0,2334378
mglBp,0.125,7,7,TAGGTTTTACGTGCCCCTAA,0,2417576
mglBp,0.125,7,7,TAGGGTAGGATGGACAAGGC,0,2359159
mglBp,0.125,7,7,TAGGGAGTCGCTTCAATCGC,0,2351409
mglBp,0.125,7,7,TAGGGAGTCCCTATGACTGA,0,2415700
mglBp,0.125,7,7,TAGGGAATCCTAGGGCGCCG,0,2340936
mglBp,0.125,7,7,TAGGGAAACTTAGGGAGCAT,0,2397034
mglBp,0.125,7,7,TAGGCTGCAGGTCCGCAGCT,0,2342109
mglBp,0.125,7,7,TAGGACGTAGGGACACACTG,0,2382689
mglBp,0.125,7,7,TAGCTAATCCGTGCCTTCTT,0,2370263
mglBp,0.125,7,7,TAGCCCGTCCCATAGCAGAA,0,2353597
mglBp,0.125,7,7,TAGCCAGAGAGCGGTCAGTC,0,2397069
mglBp,0.125,7,7,TAGCACCGCGTATTAAATCA,0,2342427
mglBp,0.125,7,7,TAGATGCGGTCCAAAGACTA,0,2352670
mglBp,0.125,7,7,TAGATCATTAAGTCAATATC,0,2358079
mglBp,0.125,7,7,TAGAATTCGTCATCTCCGAA,0,2351418
mglBp,0.125,7,7,TACTTGCTGGATTGGTACAA,0,2356139
mglBp,0.125,7,7,TACTTGCAGGCACGCGAGGG,0,2335709
mglBp,0.125,7,7,TACTTACGGCCGCGTGTTTG,0,2316462
mglBp,0.125,7,7,TACTGGCACTCCACTTCGAA,0,2402302
mglBp,0.125,7,7,TACTCGCAAGGGCAGCGACG,0,2407023
mglBp,0.125,7,7,TACTCGACTTTTAAGACCGT,0,2408700
mglBp,0.125,7,7,TACTAAATATTCTTGAACGA,0,2328797
mglBp,0.125,7,7,TACGTTTATCCATCTTTGGA,0,2405750
mglBp,0.125,7,7,TACGTGGTCTGACAGATAGG,0,2352444
mglBp,0.125,7,7,TACGGACAAAGCTGTCTGTG,0,2356939
mglBp,0.125,7,7,TACGCGAGATTGGCCATTTT,0,2375855
mglBp,0.125,7,7,TACCTAATTACTAAGACAGT,0,2400184
mglBp,0.125,7,7,TACCTAACATAACTTTCCCA,0,2372862
mglBp,0.125,7,7,TACCGTTAGACGTGAGGGCT,0,2352056
mglBp,0.125,7,7,TACCGCGCGTATCTCGAACC,0,2382406
mglBp,0.125,7,7,TACCATTGACGGCGCTACTG,0,2356565
mglBp,0.125,7,7,TACCACAGGAACCACGTTGT,0,2390053
mglBp,0.125,7,7,TACATCGTTTCAAATACGGT,0,2325889
mglBp,0.125,7,7,TACAGAGGCCCTGGGGTTAT,0,2355308
mglBp,0.125,7,7,TACACTTAACGAGGGCATGA,0,2418884
mglBp,0.125,7,7,TACACCGTGGCCACACGGCA,0,2354068
mglBp,0.125,7,7,TAATTCTGTCTATCCGCGGC,0,2348491
mglBp,0.125,7,7,TAATGTATATGTGTACTCAT,0,2371911
mglBp,0.125,7,7,TAATGAGCTCCCTTACGTAC,0,2330716
mglBp,0.125,7,7,TAATGAATGTCTAGGCCATA,0,2408588
mglBp,0.125,7,7,TAATCCCGAATCAGGGAGGC,0,2320060
mglBp,0.125,7,7,TAATCAGCTACTCTCTATTT,0,2421127
mglBp,0.125,7,7,TAATATGAGGCTACAAGTTG,0,2346033
mglBp,0.125,7,7,TAATAGGCCACGTCGTGTTT,0,2322383
mglBp,0.125,7,7,TAATACAGACGCAGCAAAGT,0,2330537
mglBp,0.125,7,7,TAAGGTTTGCAAGTAGTGGG,0,2329543
mglBp,0.125,7,7,TAAGGGGCGGGGGTGTACAG,0,2407710
mglBp,0.125,7,7,TAAGGAGGGCGACCTGATTT,0,2340940
mglBp,0.125,7,7,TAAGATTGTTGAGCTGGATG,0,2321477
mglBp,0.125,7,7,TAAGATAAGAAGACGAGATC,0,2363376
mglBp,0.125,7,7,TAACGAGTTCGGAAGTGAGA,0,2328118
mglBp,0.125,7,7,TAACCGTGTAAAGTTCTGGC,0,2345713
mglBp,0.125,7,7,TAACAGAGCGGAGCTGTTCA,0,2349225
mglBp,0.125,7,7,TAAATAAGAGTTTCCTGCAT,0,2359489
mglBp,0.125,7,7,TAAAGTGCGGACGAAGTTTC,0,2404295
mglBp,0.125,7,7,TAAAGGAACTCCGCTGAAGA,0,2348217
mglBp,0.125,7,7,TAAAGACGTCAGGACCTAAA,0,2389128
mglBp,0.125,7,7,TAAAACAGACGCTAGCACAT,0,2330963
mglBp,0.125,7,7,TAAAACACTCCATTAGCAGT,0,2414248
mglBp,0.125,7,7,GTTTTTAGATCACAGAGAAG,0,2397521
mglBp,0.125,7,7,GTTTTGCGACTCAACGGCGT,0,2410990
mglBp,0.125,7,7,GTTTTCCGGTCTAAAGCAAT,0,2358778
mglBp,0.125,7,7,GTTTTACTGCACGCCTGGTG,0,2367283
mglBp,0.125,7,7,GTTTGGACAAAGTCGTCGTG,0,2411343
mglBp,0.125,7,7,GTTTCTATAGCTGCCTGCTC,0,2405412
mglBp,0.125,7,7,GTTTAGTCGTACGGTCAGGC,0,2368176
mglBp,0.125,7,7,GTTGTTTCTTGGCAGTTAAA,0,2410975
mglBp,0.125,7,7,GTTGTGAAGTCCGCGAGTCC,0,2356114
mglBp,0.125,7,7,GTTGTCCCGGAGGAACCTCA,0,2419816
mglBp,0.125,7,7,GTTGGAGTTCGCGTGTTGGG,0,2342986
mglBp,0.125,7,7,GTTGCTGTTACTCGACGTTT,0,2377659
mglBp,0.125,7,7,GTTCTCGACCGATAGGGAAT,0,2392916
mglBp,0.125,7,7,GTTCGGCGTTTATATGGGTC,0,2387318
mglBp,0.125,7,7,GTTCCTCGAAGCATTTTTGA,0,2337515
mglBp,0.125,7,7,GTTCAGAATAAGGATCTCGT,0,2334073
mglBp,0.125,7,7,GTTCAAAGACGCCTTGTATG,0,2369910
mglBp,0.125,7,7,GTTATATGTACCTCCGAGGC,0,2389071
mglBp,0.125,7,7,GTTAGTCCCCGAATGATGTA,0,2329529
mglBp,0.125,7,7,GTTAGGCTCCTCTCGTGGAG,0,2384287
mglBp,0.125,7,7,GTTAGATGCCCAAGCCGTGT,0,2396309
mglBp,0.125,7,7,GTTAGACAAACCGTCGGATT,0,2374907
mglBp,0.125,7,7,GTTACGCGTCGTCAGGTCGG,0,2321204
mglBp,0.125,7,7,GTTACATCACTAGCAGGATT,0,2367849
mglBp,0.125,7,7,GTTAAGTCATCGAAAGATAT,0,2370989
mglBp,0.125,7,7,GTTAAGAGCGGCATGAACCC,0,2396971
mglBp,0.125,7,7,GTGTGTCTTTTCCCAGGGAG,0,2356976
mglBp,0.125,7,7,GTGTGCATGCGACTGTGAAT,0,2364558
mglBp,0.125,7,7,GTGTCGGGCCATTGATCTAA,0,2408865
mglBp,0.125,7,7,GTGTCGCTCGTAGAAAGCAG,0,2392104
mglBp,0.125,7,7,GTGGGGAAGCCTATTAAATC,0,2376604
mglBp,0.125,7,7,GTGGGCTCGGATAGGCACAT,0,2388050
mglBp,0.125,7,7,GTGGGCAAGAATTAACCGAA,0,2354540
mglBp,0.125,7,7,GTGCTCTGGTCCCAACCTGA,0,2325896
mglBp,0.125,7,7,GTGCTCGCGGGCCACTGTTG,0,2327800
mglBp,0.125,7,7,GTGCAGCAATTCTAACAGTA,0,2369357
mglBp,0.125,7,7,GTGCAGATAATTACGGACGA,0,2380768
mglBp,0.125,7,7,GTGATTGTTAGGATGTTAGG,0,2356634
mglBp,0.125,7,7,GTGATTATTTCGATGCCTGG,0,2417124
mglBp,0.125,7,7,GTGATACCAGATGTACCCAA,0,2351205
mglBp,0.125,7,7,GTGAGGGTTTTATGCCCCGC,0,2323071
mglBp,0.125,7,7,GTGAGGCAACAGCACACGAA,0,2343082
mglBp,0.125,7,7,GTGAGATTAGCTCAACTGAC,0,2388743
mglBp,0.125,7,7,GTGACCGTTCTATTAAATCC,0,2320362
mglBp,0.125,7,7,GTGACCCTTGGGATAAATAC,0,2411175
mglBp,0.125,7,7,GTCTGTTGGGACGTATAACC,0,2397008
mglBp,0.125,7,7,GTCTGGACATGAGCCGGATC,0,2340578
mglBp,0.125,7,7,GTCTACGCTACGTCTCAACC,0,2381434
mglBp,0.125,7,7,GTCTAAACGGCTATCGATCT,0,2383259
mglBp,0.125,7,7,GTCGGTCACACCTAGTTCGA,0,2412089
mglBp,0.125,7,7,GTCGGCTGTTGATCGACCCA,0,2354871
mglBp,0.125,7,7,GTCGGAAGCCTATGATGGAG,0,2389088
mglBp,0.125,7,7,GTCGCTCCTATTCTTTACTT,0,2411062
mglBp,0.125,7,7,GTCGAGCGAGTCAAGGTAGG,0,2409593
mglBp,0.125,7,7,GTCCGGCAACATGGTCGCTT,0,2320706
mglBp,0.125,7,7,GTCCGCAAGCTACGCTCGTT,0,2330216
mglBp,0.125,7,7,GTCCAGTTGTCCGGCGAGGT,0,2394516
mglBp,0.125,7,7,GTCCAATTTCGAAGCAGACT,0,2372397
mglBp,0.125,7,7,GTCCAACGACGGTGATTATC,0,2385625
mglBp,0.125,7,7,GTCAGTCAAATTGACACCGA,0,2383511
mglBp,0.125,7,7,GTCAGGGTGTACGAGCTGCT,0,2396555
mglBp,0.125,7,7,GTCAGCTCGTAGTTAATTAA,0,2376568
mglBp,0.125,7,7,GTCAGATTTCTCGGTACGCC,0,2384387
mglBp,0.125,7,7,GTCACGTACCTTCACATCTT,0,2360855
mglBp,0.125,7,7,GTCACAATGCGGTATCTCTT,0,2343117
mglBp,0.125,7,7,GTCAAGCCAGACAAATCGCT,0,2398782
mglBp,0.125,7,7,GTCAACCGTGTCTAAGTAAA,0,2327134
mglBp,0.125,7,7,GTATGCCGTAAGCAACAAAA,0,2384258
mglBp,0.125,7,7,GTATGCCCTAATTGGGATGC,0,2412264
mglBp,0.125,7,7,GTATGCATGGGAACGTATCA,0,2416736
mglBp,0.125,7,7,GTATATCGGACAATTGTCTA,0,2354331
mglBp,0.125,7,7,GTATAACCAGGCTATAGGTT,0,2372883
mglBp,0.125,7,7,GTAGTTCCATTTTATATTGT,0,2328771
mglBp,0.125,7,7,GTAGTCTTTCAGAGTGAGCG,0,2374187
mglBp,0.125,7,7,GTAGGTGGATCTTGGATTAG,0,2398256
mglBp,0.125,7,7,GTAGGTATATTGAATGCGTT,0,2410393
mglBp,0.125,7,7,GTAGGACCGACCAGGTCTAG,0,2402497
mglBp,0.125,7,7,GTAGCGGAAGCAATGGGTAG,0,2362732
mglBp,0.125,7,7,GTAGCATCGGACGGGCTAAA,0,2329287
mglBp,0.125,7,7,GTACTGGAATCACCTACTTA,0,2409522
mglBp,0.125,7,7,GTACTCCAGGGGGTAGGCTA,0,2423241
mglBp,0.125,7,7,GTACGTTGCTTATCAGGTTC,0,2365114
mglBp,0.125,7,7,GTACCTTCGGGCTTCAAGTA,0,2320386
mglBp,0.125,7,7,GTACCGCTGAATTCCTTGGA,0,2400559
mglBp,0.125,7,7,GTACCGCCGACGGGTATTAA,0,2403909
mglBp,0.125,7,7,GTACATAGTTTTTGGATGTA,0,2363916
mglBp,0.125,7,7,GTACAGGCAAGCAAGTTCAA,0,2337147
mglBp,0.125,7,7,GTAATTCGAGCTACCACCGG,0,2422731
mglBp,0.125,7,7,GTAATGGGGCTCCCGGTCGT,0,2359911
mglBp,0.125,7,7,GTAATCGGCCTTACTCATCG,0,2349180
mglBp,0.125,7,7,GTAATCATCCTTCGCTCGAA,0,2400970
mglBp,0.125,7,7,GTAATAGACTACGGTGTCTG,0,2354556
mglBp,0.125,7,7,GTAATAAGCTGAGTGTCTCT,0,2376689
mglBp,0.125,7,7,GTAACTATACTCCGGACATT,0,2386018
mglBp,0.125,7,7,GGTTTGGGAAGGTTGTTATT,0,2325763
mglBp,0.125,7,7,GGTTTATGTTACTGCGACTA,0,2352721
mglBp,0.125,7,7,GGTTGTTTACATAGCCGAGA,0,2369439
mglBp,0.125,7,7,GGTTGGACTAAGAAATTGGC,0,2322449
mglBp,0.125,7,7,GGTTCGGGGATCTTAAGGCT,0,2336491
mglBp,0.125,7,7,GGTTACGACCATGGATCGTA,0,2362145
mglBp,0.125,7,7,GGTTAATTGCGTGCAACGGC,0,2410389
mglBp,0.125,7,7,GGTTAATCTCCAGAGACTTA,0,2382617
mglBp,0.125,7,7,GGTGTTCCCCCGGATGGGTA,0,2348485
mglBp,0.125,7,7,GGTGGTGAACTCTCGCCTGG,0,2354770
mglBp,0.125,7,7,GGTGGGCCCCACAGTTATGT,0,2317655
mglBp,0.125,7,7,GGTGGCCGGGCTGCTCCCGT,0,2374695
mglBp,0.125,7,7,GGTGGAGATAAGGAGAGGTT,0,2338181
mglBp,0.125,7,7,GGTGCGGTTAGAGGGGAGTG,0,2401868
mglBp,0.125,7,7,GGTGCGAATAGTGAATTCAA,0,2382121
mglBp,0.125,7,7,GGTGCACATAGTAATATGTA,0,2418166
mglBp,0.125,7,7,GGTGAGGAATGGGCTAACGC,0,2382534
mglBp,0.125,7,7,GGTGACGTGCGTGTTGACAT,0,2369823
mglBp,0.125,7,7,GGTCTCCGTTCTTCCCCCAG,0,2399511
mglBp,0.125,7,7,GGTCGTGAGAGCACACTGAC,0,2343552
mglBp,0.125,7,7,GGTCGGACTCGGACCTTTCA,0,2369442
mglBp,0.125,7,7,GGTCGCTGCCAGAGGTGTGG,0,2335099
mglBp,0.125,7,7,GGTCGCCATGAGTTATCGCG,0,2323270
mglBp,0.125,7,7,GGTCAGAACACATCGTGGGT,0,2366892
mglBp,0.125,7,7,GGTCACTGATAGTCTGCCGG,0,2372493
mglBp,0.125,7,7,GGTCACCGGTAATGGAGGTT,0,2394737
mglBp,0.125,7,7,GGTCACCCAGCGACGATAGG,0,2411435
mglBp,0.125,7,7,GGTATGGGCCGCCACACCAG,0,2335421
mglBp,0.125,7,7,GGTAGCTCGGTAAAAAGGGA,0,2386991
mglBp,0.125,7,7,GGTAGCCAGTATCTGGGGTG,0,2412856
mglBp,0.125,7,7,GGTACACTAATTGTCTGATC,0,2399285
mglBp,0.125,7,7,GGTAAGTTTCGGGGACATCG,0,2396641
mglBp,0.125,7,7,GGTAACAGCTCGGGTATTAG,0,2328562
mglBp,0.125,7,7,GGGTTGTTCTTGTGTCACCA,0,2386683
mglBp,0.125,7,7,GGGTCTGCACAAGACTGGGC,0,2353353
mglBp,0.125,7,7,GGGTCTCATGCTTCTATCCA,0,2346511
mglBp,0.125,7,7,GGGTCACCGGTGGAACGACT,0,2409261
mglBp,0.125,7,7,GGGGTTTTGGGGAAACGTTG,0,2400741
mglBp,0.125,7,7,GGGGTTACTAATCTGGTTCT,0,2410536
mglBp,0.125,7,7,GGGGTCCGAAAGCTCCGTCG,0,2330555
mglBp,0.125,7,7,GGGGTAGGTCACAGGTACGA,0,2412361
mglBp,0.125,7,7,GGGGGTACACGATGATATCC,0,2370332
mglBp,0.125,7,7,GGGGCGGAGGGGTCGTAAAC,0,2361070
mglBp,0.125,7,7,GGGGCAGATAAGGCCGGGCA,0,2358364
mglBp,0.125,7,7,GGGCTGTTACACGACTAAAA,0,2359599
mglBp,0.125,7,7,GGGCTCTCATTGCAACGCCT,0,2358007
mglBp,0.125,7,7,GGGCGCACCGAAGTCAGATA,0,2394000
mglBp,0.125,7,7,GGGCGAGAAGTTCTCATCTG,0,2326426
mglBp,0.125,7,7,GGGCAGGCCATGATACTACA,0,2327352
mglBp,0.125,7,7,GGGCAATTAAGCTTGCACAT,0,2318206
mglBp,0.125,7,7,GGGATGAGCCCTATGTTGCG,0,2394170
mglBp,0.125,7,7,GGGAGCTGCGCGCTAATTCG,0,2322380
mglBp,0.125,7,7,GGGAGCGCGGCCACACATTG,0,2323182
mglBp,0.125,7,7,GGGAAGCTGGTCAAATGGAG,0,2356568
mglBp,0.125,7,7,GGGAACTTAGGCGCACTTAG,0,2381864
mglBp,0.125,7,7,GGGAACGATTTCGTTTAGAA,0,2416193
mglBp,0.125,7,7,GGGAACCCCCCGTCATTCGG,0,2356092
mglBp,0.125,7,7,GGGAAAAGCTTACCATAATT,0,2358766
mglBp,0.125,7,7,GGGAAAACGGAACGGGACGA,0,2357496
mglBp,0.125,7,7,GGCTTTGGTTTAGGAAAATA,0,2385456
mglBp,0.125,7,7,GGCTTCGTACGGTAATAGGC,0,2337835
mglBp,0.125,7,7,GGCTTCATGTCGTCATGGAT,0,2366430
mglBp,0.125,7,7,GGCTTAAGAATTCGATTATG,0,2390801
mglBp,0.125,7,7,GGCTGGGTCTGGGGTGCGGT,0,2383743
mglBp,0.125,7,7,GGCTCCCAGATAGCGGGTTG,0,2376886
mglBp,0.125,7,7,GGCTCAGTGTAGAGCCAGTG,0,2381473
mglBp,0.125,7,7,GGCTACAATGGGCTAGATTG,0,2412802
mglBp,0.125,7,7,GGCGTGCGGAATGGAGATTC,0,2406352
mglBp,0.125,7,7,GGCGCTTGGGCTATGCTTTT,0,2365526
mglBp,0.125,7,7,GGCGATGGAAATTTTTTATT,0,2397096
mglBp,0.125,7,7,GGCCGTACCAGGTGACTGTG,0,2417620
mglBp,0.125,7,7,GGCCGCTGTACGTCAAAAAT,0,2364837
mglBp,0.125,7,7,GGCCGACCGACGCCAAGATT,0,2405300
mglBp,0.125,7,7,GGCCCTGTCCTGGGGCGGGT,0,2336894
mglBp,0.125,7,7,GGCCCGGTCGGTTTCCGAGG,0,2393540
mglBp,0.125,7,7,GGCATTTGCATGAGTGGCCA,0,2356873
mglBp,0.125,7,7,GGCAGTCTTGACACACCGAA,0,2351791
mglBp,0.125,7,7,GGCACTCACCGGAGGTGTTA,0,2317095
mglBp,0.125,7,7,GGCACCGCGCAGTGCATTAC,0,2318908
mglBp,0.125,7,7,GGCACCAAAGTGTGCTCGTT,0,2397441
mglBp,0.125,7,7,GGCAAACGGGATCCTTCAAA,0,2336416
mglBp,0.125,7,7,GGATTTCCACTGAGATCGCA,0,2410410
mglBp,0.125,7,7,GGATGCGGTACCTAACAAAT,0,2376685
mglBp,0.125,7,7,GGATAGGCCAAGGTAATGTT,0,2349657
mglBp,0.125,7,7,GGATAAGAGGTCCAGATATA,0,2398165
mglBp,0.125,7,7,GGAGTGTAAAGCTCGACGCA,0,2364039
mglBp,0.125,7,7,GGAGTATGTCTTGTGCAAGC,0,2364330
mglBp,0.125,7,7,GGAGTAATCGCTCTCCACTC,0,2320599
mglBp,0.125,7,7,GGAGGGCAGGCTCAGTGATT,0,2321086
mglBp,0.125,7,7,GGAGCTTTAAGTTCAATATT,0,2362026
mglBp,0.125,7,7,GGAGCTTCCTTAGTCCCCAT,0,2422883
mglBp,0.125,7,7,GGAGATGGTCGAATCAAATT,0,2412715
mglBp,0.125,7,7,GGACTGGGTACGCCCACGTA,0,2409950
mglBp,0.125,7,7,GGACGGTGGTTAAATTGTTG,0,2332468
mglBp,0.125,7,7,GGACGGGTGATCGGTCGTGT,0,2417226
mglBp,0.125,7,7,GGACCTTCGGTAATCGGAAT,0,2320993
mglBp,0.125,7,7,GGACAGCTGACCTCGTGTGG,0,2389047
mglBp,0.125,7,7,GGACACTTGTATATAACTTG,0,2411070
mglBp,0.125,7,7,GGACAATCGATAAACGTCGA,0,2338516
mglBp,0.125,7,7,GGACAAGTAGGGAGGCCCCG,0,2415286
mglBp,0.125,7,7,GGAAGCGAAAATTACCGCCC,0,2331848
mglBp,0.125,7,7,GGAACTTTGCCCGGTTAGCA,0,2422273
mglBp,0.125,7,7,GGAAACGTCCTACATATACC,0,2360717
mglBp,0.125,7,7,GCTTTATGGGGATTAGCCAA,0,2408766
mglBp,0.125,7,7,GCTTGTCAACTTGCTCGAAG,0,2331781
mglBp,0.125,7,7,GCTTCTGTAGGGATTGCTGT,0,2373017
mglBp,0.125,7,7,GCTTCGAGCCCCGTAGGAAT,0,2347570
mglBp,0.125,7,7,GCTTCCGCTTCTACGACCAT,0,2416904
mglBp,0.125,7,7,GCTTAGTGTGTTGCCTTTTT,0,2333704
mglBp,0.125,7,7,GCTGTTACATTAGGAGAGAT,0,2357024
mglBp,0.125,7,7,GCTGTGGGGAACGGTACCTA,0,2385832
mglBp,0.125,7,7,GCTGTCCTCGGGGAGGACAA,0,2416843
mglBp,0.125,7,7,GCTGTCCGTCTTATAATTAC,0,2414791
mglBp,0.125,7,7,GCTGTCATTAAGGAAGCGAT,0,2394758
mglBp,0.125,7,7,GCTGGACCGGTACCATGGGT,0,2397941
mglBp,0.125,7,7,GCTGCTTAGCGTGGTGGTCA,0,2359413
mglBp,0.125,7,7,GCTGCGTAATCATGTTGTGC,0,2329787
mglBp,0.125,7,7,GCTCTTAGGGTCCTAGGTGT,0,2328351
mglBp,0.125,7,7,GCTCGATATAACTCCGCGCA,0,2415413
mglBp,0.125,7,7,GCTCCTTGCGACACCGACAG,0,2361361
mglBp,0.125,7,7,GCTCCAATATTCTCAAGCGA,0,2403706
mglBp,0.125,7,7,GCTATTCATGACACTCGGCT,0,2378875
mglBp,0.125,7,7,GCTATGGAGGGCCACACGCT,0,2354093
mglBp,0.125,7,7,GCTATATTGGCGACGTGGAA,0,2322717
mglBp,0.125,7,7,GCTATACGGGGGCTGACTCT,0,2323572
mglBp,0.125,7,7,GCTAAGGTCGTCGAATCGTT,0,2410073
mglBp,0.125,7,7,GCTAAAGTCCAATCGGCTCT,0,2376661
mglBp,0.125,7,7,GCGTTTAAGGCAGCTATCCT,0,2406231
mglBp,0.125,7,7,GCGTTGCAGGGTATTGCCCA,0,2378027
mglBp,0.125,7,7,GCGTTATACGATCGAGCCTG,0,2332958
mglBp,0.125,7,7,GCGTGGTACAGCACCAGCAT,0,2343725
mglBp,0.125,7,7,GCGTGCCCGACCCTTCCCAA,0,2380079
mglBp,0.125,7,7,GCGTATTGCTGCCCAGGGTG,0,2358357
mglBp,0.125,7,7,GCGTAGGTAACCAATATTAT,0,2357896
mglBp,0.125,7,7,GCGTACAGAGCTAGATGGGG,0,2391746
mglBp,0.125,7,7,GCGGTGTTAACACTGGTCCC,0,2344691
mglBp,0.125,7,7,GCGGTATTGTAGTCACCGGC,0,2352578
mglBp,0.125,7,7,GCGGGAAGCCAGGAGGAATT,0,2365777
mglBp,0.125,7,7,GCGGCGCCAGGGCCTCTCGA,0,2329751
mglBp,0.125,7,7,GCGGCCAGCGGGAGCACTTC,0,2392305
mglBp,0.125,7,7,GCGGATTAGCGCGAGCCGCA,0,2319197
mglBp,0.125,7,7,GCGCTTTTGTTAGTCCTAGA,0,2321797
mglBp,0.125,7,7,GCGCTTGTCCGCATGTGTGA,0,2389311
mglBp,0.125,7,7,GCGCTCCTTATTTTTTTCAA,0,2372687
mglBp,0.125,7,7,GCGCGGGGAAGGGTTCTTGC,0,2329129
mglBp,0.125,7,7,GCGCGGCTTGCCGTCCGATT,0,2330094
mglBp,0.125,7,7,GCGCCTGTGTGTTATCATTG,0,2318014
mglBp,0.125,7,7,GCGCCCCAAGGTGTGGGGAT,0,2348177
mglBp,0.125,7,7,GCGCATCTCTGGCACTGCGG,0,2328271
mglBp,0.125,7,7,GCGCACTGACTCGGCTAACT,0,2373790
mglBp,0.125,7,7,GCGATTACCGGTCAGTGACT,0,2379938
mglBp,0.125,7,7,GCGAGCGCGGCGTGTAAACA,0,2421597
mglBp,0.125,7,7,GCGACTCCTGGCGGCAAACA,0,2415357
mglBp,0.125,7,7,GCGACTCCCGTGCTCTCTGG,0,2392453
mglBp,0.125,7,7,GCGACGTACAAAAGTATAAG,0,2414772
mglBp,0.125,7,7,GCGACCCGATGACACGCGCC,0,2354346
mglBp,0.125,7,7,GCGAATCCAGTTGCGACATC,0,2403098
mglBp,0.125,7,7,GCCTTAAGAAAGAGCTGGCT,0,2412209
mglBp,0.125,7,7,GCCTAACTTAAAAAGATGAT,0,2383769
mglBp,0.125,7,7,GCCGTTGAGCGCATGTGGAA,0,2389000
mglBp,0.125,7,7,GCCGGACGCAATACGCTGGA,0,2373184
mglBp,0.125,7,7,GCCGCCCGACCTGGCTTGAC,0,2317936
mglBp,0.125,7,7,GCCGCCAAAGTATATTCGTG,0,2394289
mglBp,0.125,7,7,GCCGCAGGCTAGGAGGAAGA,0,2365571
mglBp,0.125,7,7,GCCGCAACTTGCAAGCGCTA,0,2371503
mglBp,0.125,7,7,GCCGAGGATGGCCGCAGAAG,0,2380838
mglBp,0.125,7,7,GCCCTGGAATGGCAAAAATT,0,2415778
mglBp,0.125,7,7,GCCCTGCATCCGACGCGCAG,0,2341862
mglBp,0.125,7,7,GCCCTCTACACAGGGGATTA,0,2368280
mglBp,0.125,7,7,GCCCGGGACGTACGAATTGC,0,2339282
mglBp,0.125,7,7,GCCCCATGGCCATCTACTTT,0,2346522
mglBp,0.125,7,7,GCCATTACCCCGTGCAGACC,0,2407644
mglBp,0.125,7,7,GCCATGCTTTCTGGCGCACC,0,2321547
mglBp,0.125,7,7,GCCACAGCACCTTTGCCCCC,0,2394668
mglBp,0.125,7,7,GCCACACGGCCGTCCGCAGT,0,2345337
mglBp,0.125,7,7,GCCAATGACGATCGGCTCCG,0,2416673
mglBp,0.125,7,7,GCCAATCTGGTGTAATTCTT,0,2347506
mglBp,0.125,7,7,GCCAAGTAGCGGGACAAACT,0,2391068
mglBp,0.125,7,7,GCCAACCCCTAGAAAGGATT,0,2318751
mglBp,0.125,7,7,GCATTACTAATCAGACGGTC,0,2389931
mglBp,0.125,7,7,GCATGTAAACATGGGCGGGT,0,2321842
mglBp,0.125,7,7,GCATGAGGAAATCAGGGATA,0,2377336
mglBp,0.125,7,7,GCATCCTAAGTGGGGGATAA,0,2365456
mglBp,0.125,7,7,GCATCACCCTCCACTATTGA,0,2411390
mglBp,0.125,7,7,GCAGTGCTGAACTTGATGGC,0,2332120
mglBp,0.125,7,7,GCAGTCGCGGGACGGACATT,0,2359521
mglBp,0.125,7,7,GCAGCGTGTAATTCACGCAG,0,2375828
mglBp,0.125,7,7,GCAGCGACTACATGCTCGCA,0,2351324
mglBp,0.125,7,7,GCACTTTAGCCTAAGTGCTC,0,2333937
mglBp,0.125,7,7,GCACGACAACTTCGGTGACA,0,2357897
mglBp,0.125,7,7,GCACCTCGGTGGCCCGAGCC,0,2348166
mglBp,0.125,7,7,GCACCCAGTGGAAGAACGGT,0,2324853
mglBp,0.125,7,7,GCACAACCGATTGATCAGTG,0,2329443
mglBp,0.125,7,7,GCAATTCTTTCGGAGTGCAA,0,2327560
mglBp,0.125,7,7,GCAATCTTTCCGGAAAGTGT,0,2365509
mglBp,0.125,7,7,GCAATCGAGAATGTCCGTGC,0,2411565
mglBp,0.125,7,7,GCAATAATGACTGTCGTTTG,0,2345509
mglBp,0.125,7,7,GCAAGTCGGCCACAGTAGCC,0,2349103
mglBp,0.125,7,7,GCAAGGCACAAGGCAGATCC,0,2344966
mglBp,0.125,7,7,GCAAGCGTATGCATCCACAA,0,2381718
mglBp,0.125,7,7,GCAACGTCGGGGATGGACAA,0,2362238
mglBp,0.125,7,7,GATTTTCTGTGAAAAGCGTT,0,2405190
mglBp,0.125,7,7,GATTTCCTATGCCGGCCAAA,0,2375964
mglBp,0.125,7,7,GATTGTTATGTGTATGCCGA,0,2386049
mglBp,0.125,7,7,GATTGTGGTCCGTTAGGGAA,0,2418904
mglBp,0.125,7,7,GATTGCGCAATACGTAGAAC,0,2386622
mglBp,0.125,7,7,GATTCAATAGCATGGGAAAT,0,2414893
mglBp,0.125,7,7,GATTATTCATCTGTTATGCA,0,2317090
mglBp,0.125,7,7,GATGTGTAGCAATTTAGTTC,0,2340535
mglBp,0.125,7,7,GATGTCAGTTTAGCGTCATG,0,2338600
mglBp,0.125,7,7,GATGGTATCGGATTATAAGT,0,2406483
mglBp,0.125,7,7,GATGGCAGGCGTTAAGGTTG,0,2375651
mglBp,0.125,7,7,GATGCGTCCGTCGTCTCCTC,0,2370471
mglBp,0.125,7,7,GATGAGTAATGGGGCTCTTG,0,2331900
mglBp,0.125,7,7,GATGAGATGGCAGGATATAG,0,2408624
mglBp,0.125,7,7,GATGACGTCGTTTGCCCTTC,0,2335750
mglBp,0.125,7,7,GATCTGGGTTCATTGTAAAG,0,2339452
mglBp,0.125,7,7,GATCTCGGAACGTGACCCTA,0,2369469
mglBp,0.125,7,7,GATCGACCTCCAGAGAATTT,0,2349484
mglBp,0.125,7,7,GATCCCTGAGAGAAATGAGA,0,2320945
mglBp,0.125,7,7,GATCCACCCCAGTGCTTGAA,0,2324699
mglBp,0.125,7,7,GATCAGTGTACACGCGGATT,0,2397098
mglBp,0.125,7,7,GATCAGCAGGAGCGGCGTGA,0,2418286
mglBp,0.125,7,7,GATATAAGGAAACACAGCAA,0,2357905
mglBp,0.125,7,7,GATAGCTGATATCTAGGCAG,0,2398972
mglBp,0.125,7,7,GATACCATTCGCACAGCTTG,0,2361417
mglBp,0.125,7,7,GATAAGAGCAAGTCTCAGTT,0,2400457
mglBp,0.125,7,7,GATAAAGCTAGGGGACCCAT,0,2399815
mglBp,0.125,7,7,GATAAAAAATGCGGTCTGCT,0,2336236
mglBp,0.125,7,7,GAGTGGCCCGAGCCCAGAAA,0,2357489
mglBp,0.125,7,7,GAGTGCGTGCTCCCTATCTC,0,2413593
mglBp,0.125,7,7,GAGTGCATCAGACGGATATT,0,2316473
mglBp,0.125,7,7,GAGTCGAGTACCTCCCCACT,0,2384996
mglBp,0.125,7,7,GAGGTTTCATTTGCGTTTAT,0,2320441
mglBp,0.125,7,7,GAGGGTGGTGATCGGGCAGT,0,2334969
mglBp,0.125,7,7,GAGGGAAAGGGCATACCACA,0,2339736
mglBp,0.125,7,7,GAGGCCTTTGTTCACCTTGC,0,2325484
mglBp,0.125,7,7,GAGGCCACTGACAGTGGAGC,0,2351655
mglBp,0.125,7,7,GAGGAGTGCAGGGGTCAGTG,0,2381254
mglBp,0.125,7,7,GAGGAACCCAGACCCCAGGG,0,2367659
mglBp,0.125,7,7,GAGCTATACAAGAGATACTC,0,2400008
mglBp,0.125,7,7,GAGCGACGCTGCTAGTGAAA,0,2397952
mglBp,0.125,7,7,GAGCCGTACACTACTATGGT,0,2325820
mglBp,0.125,7,7,GAGCATTGGAATGCCGGGCA,0,2333159
mglBp,0.125,7,7,GAGCATGAGCTTGCACGGAC,0,2385214
mglBp,0.125,7,7,GAGCACACTAGACGATCACG,0,2345315
mglBp,0.125,7,7,GAGATGCACTATGTAGTGGC,0,2318139
mglBp,0.125,7,7,GAGATCTAACAAGTGCAAGT,0,2411987
mglBp,0.125,7,7,GAGATCAGATGGCGGCCCTG,0,2329466
mglBp,0.125,7,7,GAGATAGTACTGTCCGCGAC,0,2360080
mglBp,0.125,7,7,GAGAGTCAACTGGAAACATG,0,2369394
mglBp,0.125,7,7,GAGAGAAAGAATATCAGAAA,0,2414693
mglBp,0.125,7,7,GAGACGATACGTACCGAGAG,0,2359232
mglBp,0.125,7,7,GACTGAATTCAAAGGCTATA,0,2396785
mglBp,0.125,7,7,GACTCTTCACCATTCGGGTA,0,2347710
mglBp,0.125,7,7,GACTCCTTTCCGCACTCGAA,0,2372914
mglBp,0.125,7,7,GACTAGAGATACCTGGTGCA,0,2403223
mglBp,0.125,7,7,GACGGTCGTCCGACGTTTTT,0,2378225
mglBp,0.125,7,7,GACGGGATTACGAATGACTC,0,2389455
mglBp,0.125,7,7,GACGCTAGTTCGACCCAACT,0,2336854
mglBp,0.125,7,7,GACGCCGGTAAAGGATATAC,0,2400964
mglBp,0.125,7,7,GACGACTTGCGAACGCGTGG,0,2422133
mglBp,0.125,7,7,GACGACTAAGGGCTCTGTTG,0,2391561
mglBp,0.125,7,7,GACCTTTTTTCGCAGCCGGT,0,2403330
mglBp,0.125,7,7,GACCTTGCACCAACGGGGTT,0,2332772
mglBp,0.125,7,7,GACCTGACTGGTCCGTGTAC,0,2417440
mglBp,0.125,7,7,GACCTACTTTCAAAGTCACG,0,2372159
mglBp,0.125,7,7,GACCGTCAAATCCTTACTAC,0,2369886
mglBp,0.125,7,7,GACCGGGGTCAGTTGGTAAT,0,2341970
mglBp,0.125,7,7,GACCAGGCTGTGGATGAGCC,0,2345405
mglBp,0.125,7,7,GACATATATTACGCAGTTTT,0,2353165
mglBp,0.125,7,7,GACAGACGGATTCACTGTCC,0,2399909
mglBp,0.125,7,7,GACACTACGATTGCCTCGCA,0,2365584
mglBp,0.125,7,7,GACACATTGATATGTATCTC,0,2405772
mglBp,0.125,7,7,GACAATTACATTGCTTTTCG,0,2340477
mglBp,0.125,7,7,GAATTTGGGGGGTTTAAAGA,0,2339700
mglBp,0.125,7,7,GAATTCCCAGTTTACAAGAA,0,2408489
mglBp,0.125,7,7,GAATTCAGGTAAGTGTTCCT,0,2373431
mglBp,0.125,7,7,GAATGTCTTTTGGTATTTCT,0,2380031
mglBp,0.125,7,7,GAATGATCTAAGAGACTATC,0,2354927
mglBp,0.125,7,7,GAATGACTTGTGGATTCTGC,0,2371279
mglBp,0.125,7,7,GAATATTTCAGCCCTGTGCC,0,2346601
mglBp,0.125,7,7,GAATACGGCTTCTATGTTTT,0,2370274
mglBp,0.125,7,7,GAATAAGTTAAGCTAGAGTT,0,2355975
mglBp,0.125,7,7,GAATAACTAGAACAATCGCA,0,2388054
mglBp,0.125,7,7,GAAGTTGTCGCTCCATATTA,0,2362912
mglBp,0.125,7,7,GAAGGTCGCATCTGCCCGTG,0,2398849
mglBp,0.125,7,7,GAAGGACAGTTCGGATTCGT,0,2346337
mglBp,0.125,7,7,GAAGCGTCTAACCAGAGGCA,0,2361537
mglBp,0.125,7,7,GAAGAAGAAGGAACACCTCG,0,2316936
mglBp,0.125,7,7,GAACGTGGCTAATCCGTACA,0,2341276
mglBp,0.125,7,7,GAAATGGATGTGTCTCGCTA,0,2362119
mglBp,0.125,7,7,GAAATGAAATATGTCGTCCT,0,2332273
mglBp,0.125,7,7,GAAAGTTATTAAAGACTGGG,0,2372354
mglBp,0.125,7,7,GAAAGTCGTAGTCCCTATTG,0,2419688
mglBp,0.125,7,7,GAAACCCTAACACTGTTTAC,0,2327202
mglBp,0.125,7,7,GAAACAGAGACGTGAGTCAT,0,2361213
mglBp,0.125,7,7,GAAAATCGTCGTAAGTGTTC,0,2319504
mglBp,0.125,7,7,CTTTTTGGGACTACAGGTCT,0,2354886
mglBp,0.125,7,7,CTTTTGGGGAGTTTTGGGTT,0,2374975
mglBp,0.125,7,7,CTTTTGAATAGGGATCCTAA,0,2412809
mglBp,0.125,7,7,CTTTTAGGTGTGCCTTGATA,0,2365330
mglBp,0.125,7,7,CTTTGTCTCGAACCGGCCTA,0,2348198
mglBp,0.125,7,7,CTTTGGGGGAGCCCAGGTCG,0,2388057
mglBp,0.125,7,7,CTTTCTACCCGAATCAGAAA,0,2416304
mglBp,0.125,7,7,CTTTAAGACTACGAGCTATC,0,2401301
mglBp,0.125,7,7,CTTTAAGAATCGGTAAATTG,0,2326410
mglBp,0.125,7,7,CTTTAAAGTTACTGGTGGTC,0,2325214
mglBp,0.125,7,7,CTTGTTTCGTTTAGATTTTC,0,2368458
mglBp,0.125,7,7,CTTGTTGCGAAGCTGATTAG,0,2376894
mglBp,0.125,7,7,CTTGGGGCGCTGTCTGCTTG,0,2405453
mglBp,0.125,7,7,CTTGGAACTTGTCCGATGGA,0,2393785
mglBp,0.125,7,7,CTTGATACCGTCGTAGGCTA,0,2351405
mglBp,0.125,7,7,CTTGAGGATCAAACATACAG,0,2353098
mglBp,0.125,7,7,CTTCTCTCTCGGAAACAACA,0,2416657
mglBp,0.125,7,7,CTTCTAAGTCTAGAACGGAC,0,2345130
mglBp,0.125,7,7,CTTCGCTTACTTGGTAAGTT,0,2420765
mglBp,0.125,7,7,CTTCGCGTGATTAAGGTTTC,0,2358288
mglBp,0.125,7,7,CTTCCGCGGCGTGATCGTTT,0,2343115
mglBp,0.125,7,7,CTTCCCTTAAGATATGGGTG,0,2392374
mglBp,0.125,7,7,CTTCCCTCGGGTGCAGAGTA,0,2333294
mglBp,0.125,7,7,CTTCATTCAAGCAAGCCGAC,0,2372404
mglBp,0.125,7,7,CTTCATGGGGCTTCCAATCG,0,2329437
mglBp,0.125,7,7,CTTCATATTTTAGTGTTTAG,0,2346851
mglBp,0.125,7,7,CTTCAATACGGTAACTTTCA,0,2361747
mglBp,0.125,7,7,CTTACGCCTATTTCATAGCT,0,2335699
mglBp,0.125,7,7,CTTAAGTGTAGGACATGTTA,0,2324329
mglBp,0.125,7,7,CTTAACTTATATTATACTAT,0,2379967
mglBp,0.125,7,7,CTGTTTACTTCACAATGAGT,0,2349958
mglBp,0.125,7,7,CTGTGACTCTACAGGCTGTC,0,2327478
mglBp,0.125,7,7,CTGTCGTTCACGCATCTTCT,0,2407115
mglBp,0.125,7,7,CTGTCGGTTCATCACATGCT,0,2320997
mglBp,0.125,7,7,CTGTCCACATCGGGGTCATG,0,2400195
mglBp,0.125,7,7,CTGTAAAGACCGCTATATAG,0,2412148
mglBp,0.125,7,7,CTGGTAGCGCCGACCTAGCT,0,2419394
mglBp,0.125,7,7,CTGGGTGCGGAATCCGATAG,0,2319238
mglBp,0.125,7,7,CTGGGCAACCTCTATTCGAC,0,2316818
mglBp,0.125,7,7,CTGGGAGGCGGTATCCTCTA,0,2371095
mglBp,0.125,7,7,CTGGATAGACAATCTCAATC,0,2352279
mglBp,0.125,7,7,CTGCTCATCGCGGGCTTACT,0,2342054
mglBp,0.125,7,7,CTGCCCGTTTCAGGGTCTAT,0,2374102
mglBp,0.125,7,7,CTGCACCTTGTTCTGGGGCG,0,2341645
mglBp,0.125,7,7,CTGATCGATTCCTGCGCAAG,0,2405669
mglBp,0.125,7,7,CTGAGCTTTTGGCGTGAGCT,0,2371005
mglBp,0.125,7,7,CTGAGACATCCAATGGTTGC,0,2403510
mglBp,0.125,7,7,CTGAAGTTTAGCCATCATCT,0,2418617
mglBp,0.125,7,7,CTGAAGCTCATGCCGGTTAT,0,2359711
mglBp,0.125,7,7,CTCTTAGAGCATATAGTGAT,0,2408545
mglBp,0.125,7,7,CTCTTAACATCCATTGTCCA,0,2422940
mglBp,0.125,7,7,CTCTATGCGACTTAAACGCC,0,2343941
mglBp,0.125,7,7,CTCTAGATGGGACAGTCGTA,0,2376614
mglBp,0.125,7,7,CTCGTCGTCGCAGTGCGGTC,0,2361733
mglBp,0.125,7,7,CTCGTCCGCTGCAAGTAACC,0,2373595
mglBp,0.125,7,7,CTCGGGTACCCAGTGGAAGC,0,2417596
mglBp,0.125,7,7,CTCGCTTATGGACCTCTGGG,0,2344180
mglBp,0.125,7,7,CTCGCTTAGCCTGCAATTGT,0,2418686
mglBp,0.125,7,7,CTCGCCTTTCCTATTGTTTT,0,2346349
mglBp,0.125,7,7,CTCGCAACAGAGTATGTAGC,0,2393860
mglBp,0.125,7,7,CTCGATCAGTGATCAGGGTG,0,2335030
mglBp,0.125,7,7,CTCGATACTTATCGCGTTTC,0,2418780
mglBp,0.125,7,7,CTCGAGTATGTTCTCGGTAC,0,2372080
mglBp,0.125,7,7,CTCGAGAGAAATTGTAGAGT,0,2370118
mglBp,0.125,7,7,CTCGACCAGGATATTGGACT,0,2421513
mglBp,0.125,7,7,CTCGAATGATCGGTTACAGA,0,2350480
mglBp,0.125,7,7,CTCGAAATGACCACCGCCCT,0,2366308
mglBp,0.125,7,7,CTCCTGGCATCGTAGCCCTG,0,2407897
mglBp,0.125,7,7,CTCCGCACAGTTAATGGAAA,0,2398917
mglBp,0.125,7,7,CTCCCCGCACTTTTGTTATT,0,2329729
mglBp,0.125,7,7,CTCCATGTGGGCGTCCTCTA,0,2383460
mglBp,0.125,7,7,CTCATTTGGGCGTGTAAACC,0,2323279
mglBp,0.125,7,7,CTCAGGTTTCCGGTTGGGTA,0,2368629
mglBp,0.125,7,7,CTCAGGTTTACATAACTACT,0,2392187
mglBp,0.125,7,7,CTCAGCGGTCACGACACCCT,0,2382627
mglBp,0.125,7,7,CTCAGCAGGCTGAAACAAGG,0,2401518
mglBp,0.125,7,7,CTCAGAAGGTGTACTATACG,0,2343667
mglBp,0.125,7,7,CTATCTTGGGCCGGATGGGA,0,2360656
mglBp,0.125,7,7,CTATCATACATCTCAACTAC,0,2337347
mglBp,0.125,7,7,CTATATTGTTAACCATTCAC,0,2395333
mglBp,0.125,7,7,CTATATACCGGTAATCCGTT,0,2408997
mglBp,0.125,7,7,CTATAAATTAAGACCATTTG,0,2408651
mglBp,0.125,7,7,CTAGTCGGGATGTGGTCAGT,0,2372334
mglBp,0.125,7,7,CTAGGGGTACTTATGTAATA,0,2372765
mglBp,0.125,7,7,CTAGGGCGCCGTAAATATCA,0,2363951
mglBp,0.125,7,7,CTAGGCATTCCTCTGGGTGC,0,2359672
mglBp,0.125,7,7,CTAGGAATCATATAGACGCG,0,2376918
mglBp,0.125,7,7,CTAGCTCCGGCCCAGCTAAT,0,2394505
mglBp,0.125,7,7,CTACTATCGGCGGTGAAGGA,0,2375258
mglBp,0.125,7,7,CTACGTAACGGGCCCAGGAA,0,2396026
mglBp,0.125,7,7,CTACCTATGACTATAGACGC,0,2405961
mglBp,0.125,7,7,CTACCGCCACGCGACCGCCG,0,2332182
mglBp,0.125,7,7,CTACCACTTACCCAAAACCC,0,2343325
mglBp,0.125,7,7,CTACATGCACGCGATTTTCC,0,2373654
mglBp,0.125,7,7,CTACAGGTCAATACGGGGAT,0,2422387
mglBp,0.125,7,7,CTACACTATAAGATTAGATA,0,2408675
mglBp,0.125,7,7,CTAAGTGCAAGTCGTTTTCA,0,2392329
mglBp,0.125,7,7,CTAAGGCTTCTATGCGGGCG,0,2401265
mglBp,0.125,7,7,CTAACTGGTCTAGTATTTGA,0,2391582
mglBp,0.125,7,7,CTAACCATACCCTGTTTGGT,0,2402430
mglBp,0.125,7,7,CTAACACTTCTGGGTAATGT,0,2416281
mglBp,0.125,7,7,CGTTGTACGACGCAATGAAG,0,2396414
mglBp,0.125,7,7,CGTTCGCGTGATGTCTACTG,0,2382051
mglBp,0.125,7,7,CGTTCGCGTAGATTAGGGTG,0,2330186
mglBp,0.125,7,7,CGTTCGCAAAATATGCGCCA,0,2337730
mglBp,0.125,7,7,CGTTATCCCGTGGTCACTTA,0,2359226
mglBp,0.125,7,7,CGTTACGAGCAGAGTTTGGG,0,2379237
mglBp,0.125,7,7,CGTTACGAAATGCCCGAGTA,0,2336742
mglBp,0.125,7,7,CGTTACAGATGAAAGAGCGC,0,2418538
mglBp,0.125,7,7,CGTTAATTGAGTGCTCAATA,0,2352914
mglBp,0.125,7,7,CGTGTCGTTCAGTGTCGCTT,0,2387232
mglBp,0.125,7,7,CGTGTCCATTCATCGTTTAG,0,2394975
mglBp,0.125,7,7,CGTGTCCACCTGGACTACGC,0,2382451
mglBp,0.125,7,7,CGTGTCACGTTGCAAGGTCT,0,2408940
mglBp,0.125,7,7,CGTGGACGTTCGGTCACAGG,0,2332112
mglBp,0.125,7,7,CGTGCAGTAATATGGTTTTC,0,2373086
mglBp,0.125,7,7,CGTGATCACGCGGTACGCTT,0,2374408
mglBp,0.125,7,7,CGTGAGCTGGGTGGCCGAGA,0,2343912
mglBp,0.125,7,7,CGTGACAGCCCAGTAGGGAT,0,2379808
mglBp,0.125,7,7,CGTCTGAGCCTTGGTCAAAA,0,2353594
mglBp,0.125,7,7,CGTCGCGAGTCCCATCAGGC,0,2362171
mglBp,0.125,7,7,CGTCCGGACATGCACTGCCC,0,2380816
mglBp,0.125,7,7,CGTCCAAGTGCGGTCGTTAG,0,2332552
mglBp,0.125,7,7,CGTCATTTTTTCGACCCTGT,0,2393822
mglBp,0.125,7,7,CGTCATATTATATCTTCACC,0,2328756
mglBp,0.125,7,7,CGTCAGCGGAGGGGCGCGGA,0,2316702
mglBp,0.125,7,7,CGTATGGTCCGTAATTTCGA,0,2419917
mglBp,0.125,7,7,CGTATGCTGCTTACATTTAA,0,2369316
mglBp,0.125,7,7,CGTAGGGCCGATTCTTATCT,0,2416895
mglBp,0.125,7,7,CGTAGGGAAGAAACCTTTTA,0,2394348
mglBp,0.125,7,7,CGTAGGCCCGTCATCTATGG,0,2318588
mglBp,0.125,7,7,CGTACGCCCGATGCCCATGG,0,2331965
mglBp,0.125,7,7,CGTAAAAAAGATGTTGTAAC,0,2395003
mglBp,0.125,7,7,CGGTTTTGATGGAAACGGAA,0,2357494
mglBp,0.125,7,7,CGGTCTCAGTGTCAGGGCGG,0,2365639
mglBp,0.125,7,7,CGGTCAGGTCGATTCTTTGC,0,2416286
mglBp,0.125,7,7,CGGTCACTCGCTAAAATGGG,0,2400453
mglBp,0.125,7,7,CGGTATCAACATAGGTTGAT,0,2346545
mglBp,0.125,7,7,CGGTATATATCGGTATATCT,0,2347175
mglBp,0.125,7,7,CGGTAGAACGAGACGACCAT,0,2346918
mglBp,0.125,7,7,CGGTAAGTCAAATCTCTTGG,0,2343130
mglBp,0.125,7,7,CGGGTTCCCGGGTAGGGCGT,0,2331555
mglBp,0.125,7,7,CGGGGAGGAGCACAGTGTAC,0,2415032
mglBp,0.125,7,7,CGGGCTATGGCTATGGACAT,0,2409292
mglBp,0.125,7,7,CGGGCGGCATTTAATAGCCA,0,2318562
mglBp,0.125,7,7,CGGGCACAGCATATAACCTG,0,2367914
mglBp,0.125,7,7,CGGGATTTGAATACTCATTC,0,2330130
mglBp,0.125,7,7,CGGCCGCTGCGGCCCTCGTG,0,2403030
mglBp,0.125,7,7,CGGCACCTAGTTAGTAGCTA,0,2400035
mglBp,0.125,7,7,CGGATCATAATCAATTTGTC,0,2390070
mglBp,0.125,7,7,CGGAGTATAGAGGGTTGCCT,0,2358675
mglBp,0.125,7,7,CGGACGGAACGTCGAGTCGT,0,2365122
mglBp,0.125,7,7,CGGACCCAGCGTTTTAGAGT,0,2378310
mglBp,0.125,7,7,CGGACCCACATTCACTCGAA,0,2382120
mglBp,0.125,7,7,CGGAAGTTCAATCGTCCATG,0,2358231
mglBp,0.125,7,7,CGGAAGTACTTCGGGCATTA,0,2340023
mglBp,0.125,7,7,CGGAAATCTGTGCACTGGTT,0,2359080
mglBp,0.125,7,7,CGCTTAGTGAGCGTTCCGTT,0,2351881
mglBp,0.125,7,7,CGCTGGTCACAAACATGCGT,0,2321488
mglBp,0.125,7,7,CGCTGGAGTGCGGCGCCATT,0,2382449
mglBp,0.125,7,7,CGCTCCAAGGAATTTATGGT,0,2391255
mglBp,0.125,7,7,CGCTCAGGTTTAAGCCATAC,0,2330475
mglBp,0.125,7,7,CGCGTATCGAGAGGGTTCTG,0,2318836
mglBp,0.125,7,7,CGCGGTTTACTGGCCGCGCG,0,2343787
mglBp,0.125,7,7,CGCGGTGTTCAATTTATCAT,0,2317465
mglBp,0.125,7,7,CGCGGTGGGTTAAGCCCCGA,0,2402715
mglBp,0.125,7,7,CGCGCTCAAGGGCTCCCCAT,0,2363091
mglBp,0.125,7,7,CGCCTCGATAGGTCTCCGTG,0,2409619
mglBp,0.125,7,7,CGCCGTCGAGCGATGAGGGT,0,2405510
mglBp,0.125,7,7,CGCCGGGACCCGGTCAAACA,0,2417052
mglBp,0.125,7,7,CGCCGGAAGACCAGGGGTCC,0,2376458
mglBp,0.125,7,7,CGCCGCGCCACCTGCCGGCG,0,2381017
mglBp,0.125,7,7,CGCCGAACGAGCTATATGAA,0,2386133
mglBp,0.125,7,7,CGCCCTCAATCATTTATTGT,0,2403756
mglBp,0.125,7,7,CGCCCGAGCGTGGGCAGCTC,0,2354115
mglBp,0.125,7,7,CGCCCACATGTTCGACGTTG,0,2325333
mglBp,0.125,7,7,CGCCATAAGACGCGGGCGGT,0,2340597
mglBp,0.125,7,7,CGCCAAAGTCGGCCTTAACG,0,2417005
mglBp,0.125,7,7,CGCATTTCAGGTATGAGAAC,0,2411384
mglBp,0.125,7,7,CGCATGTATTTCCAAGTCGC,0,2345998
mglBp,0.125,7,7,CGCATAAGTGCTGCGTCCCT,0,2322634
mglBp,0.125,7,7,CGCACTAAGGGATATATACG,0,2324851
mglBp,0.125,7,7,CGCACCTTATCGTCTTACGA,0,2409330
mglBp,0.125,7,7,CGCACAGATGATCAGGGCTT,0,2330778
mglBp,0.125,7,7,CGCAAAGTATACCGAGATCC,0,2423257
mglBp,0.125,7,7,CGCAAAATGGCATACGGATG,0,2336744
mglBp,0.125,7,7,CGATTGTGCTAACTGTCTCA,0,2331319
mglBp,0.125,7,7,CGATTCCCGGCATCAACGCT,0,2352989
mglBp,0.125,7,7,CGATGCGGGTTCTTTCTTAT,0,2368869
mglBp,0.125,7,7,CGATGCGGGACACGTCTTAT,0,2339193
mglBp,0.125,7,7,CGATGCCTCGTTAATCAGAC,0,2385160
mglBp,0.125,7,7,CGATATCGTTAGACATCTCT,0,2416180
mglBp,0.125,7,7,CGATAGGCTCGGTAGGCAGC,0,2410910
mglBp,0.125,7,7,CGATACGTGTTAGCTGGTAC,0,2325628
mglBp,0.125,7,7,CGAGTTGTCTCTGGTTGGAG,0,2397535
mglBp,0.125,7,7,CGAGTGGTCTAATGCAGGGA,0,2334553
mglBp,0.125,7,7,CGAGTCTCTCAGTTTTCAGG,0,2317464
mglBp,0.125,7,7,CGAGTCTCAATCTATAAATC,0,2341760
mglBp,0.125,7,7,CGAGCAGTAACGGGTAAGTC,0,2378466
mglBp,0.125,7,7,CGAGACCACGTGTGGGTGAT,0,2365312
mglBp,0.125,7,7,CGACGTGATGCTCTACACTA,0,2397511
mglBp,0.125,7,7,CGACGTCCGAGACGGTGGCT,0,2342481
mglBp,0.125,7,7,CGACGTAACCGCGTTTGCTG,0,2376481
mglBp,0.125,7,7,CGACGGGGCGTATCAAGCGT,0,2412689
mglBp,0.125,7,7,CGACCGTACCCCTCATGGTA,0,2375418
mglBp,0.125,7,7,CGACACATACCCTTCGATCA,0,2331593
mglBp,0.125,7,7,CGAAGTACAATCAAAATCCA,0,2383699
mglBp,0.125,7,7,CGAAGCGCTTGCACAAAACG,0,2379149
mglBp,0.125,7,7,CGAAGAAGTGGCGTCCTAGT,0,2356970
mglBp,0.125,7,7,CGAACGGATGTGGGGTAAAC,0,2342748
mglBp,0.125,7,7,CGAACCCCCTAAATTTATGC,0,2331970
mglBp,0.125,7,7,CCTTTGAGCGTCAAAAATTT,0,2409331
mglBp,0.125,7,7,CCTTCCTGTAGGGACAATAT,0,2334401
mglBp,0.125,7,7,CCTTATCATAGGTCCCTCTC,0,2419472
mglBp,0.125,7,7,CCTTAAACATGGGAAAGTGG,0,2328051
mglBp,0.125,7,7,CCTGTCAAGTATTGCGTGCT,0,2326063
mglBp,0.125,7,7,CCTGGTTTGAGGTCTATTAT,0,2410037
mglBp,0.125,7,7,CCTGGGTGTTAGGGGCATGT,0,2351003
mglBp,0.125,7,7,CCTGCGTAGCCTACCGTCTT,0,2336228
mglBp,0.125,7,7,CCTGATTTTCAATGATTCAT,0,2378497
mglBp,0.125,7,7,CCTGACTCGATAGGTGAATG,0,2381057
mglBp,0.125,7,7,CCTGACGGTCTGAACGGCGA,0,2400341
mglBp,0.125,7,7,CCTGAAGATCTTCATGGTAC,0,2336430
mglBp,0.125,7,7,CCTCTCGGATTCAACCTTCG,0,2365291
mglBp,0.125,7,7,CCTCTCGCACGTATTCGGGG,0,2350691
mglBp,0.125,7,7,CCTCGGTTGGTGCCTTGAGC,0,2412379
mglBp,0.125,7,7,CCTCCTCTGGCGTTGCACCT,0,2377975
mglBp,0.125,7,7,CCTATGGGGAGATTAGCCTT,0,2387989
mglBp,0.125,7,7,CCTATGGCTACTTACTCTAA,0,2407379
mglBp,0.125,7,7,CCTAGGGAACCAGTGATACC,0,2338417
mglBp,0.125,7,7,CCGTTGACATTGCTATTCGG,0,2411337
mglBp,0.125,7,7,CCGTTAAGACGCCAAGACAG,0,2378755
mglBp,0.125,7,7,CCGTCGCACTCGCTTAAAGA,0,2331977
mglBp,0.125,7,7,CCGTCCAGGGTTGCTGGGTG,0,2335148
mglBp,0.125,7,7,CCGTACTATGTTTTGGGCTT,0,2346600
mglBp,0.125,7,7,CCGGTAACCGCTAGTACGTC,0,2386383
mglBp,0.125,7,7,CCGGGCTCGTTGAACCCTTA,0,2403321
mglBp,0.125,7,7,CCGGGCAGCCTTTGCGGGCA,0,2332474
mglBp,0.125,7,7,CCGGGCAACTCTGGAACGGA,0,2406315
mglBp,0.125,7,7,CCGGCAGCAGTATTGGTATT,0,2409204
mglBp,0.125,7,7,CCGGACGATCTTCGGTCGCT,0,2374488
mglBp,0.125,7,7,CCGGAAGCACCTATTCTGGG,0,2351639
mglBp,0.125,7,7,CCGCTTCTCGACAACTACCA,0,2420044
mglBp,0.125,7,7,CCGCTTATTCCAGCCTGGAT,0,2324372
mglBp,0.125,7,7,CCGCTAGATTCCCACTGTCA,0,2383725
mglBp,0.125,7,7,CCGCGGCATTTGGACCAAAG,0,2371934
mglBp,0.125,7,7,CCGCCGGTCGGCGTCTGCGC,0,2368705
mglBp,0.125,7,7,CCGCCAGCAGCTGTGATTAA,0,2363415
mglBp,0.125,7,7,CCGCATATCAAGATAACCAC,0,2418806
mglBp,0.125,7,7,CCGATTGTAGCTACGTAGGA,0,2400139
mglBp,0.125,7,7,CCGATTGGTGACTGTTCAGT,0,2355911
mglBp,0.125,7,7,CCGATGCAACTGGGCGTGAT,0,2363739
mglBp,0.125,7,7,CCGAACTTCAGGTAGTTCAA,0,2364020
mglBp,0.125,7,7,CCGAAATAAATTTACCCACA,0,2353282
mglBp,0.125,7,7,CCGAAACCCCATGAGCTCAA,0,2367035
mglBp,0.125,7,7,CCCTGTTCGGGAAACGACGT,0,2355623
mglBp,0.125,7,7,CCCTGTGTGTGCGGATGTAT,0,2330891
mglBp,0.125,7,7,CCCTGGACGCCAGATGTGGC,0,2415993
mglBp,0.125,7,7,CCCTGCACTCTAGGTTGATA,0,2325634
mglBp,0.125,7,7,CCCTGACCTAACGGGTTGGT,0,2340393
mglBp,0.125,7,7,CCCTCTCGGGAGTACCCTGC,0,2366243
mglBp,0.125,7,7,CCCTAGGTCGTCGTGAGCGA,0,2341342
mglBp,0.125,7,7,CCCTAAATTGAGCTAGTTCA,0,2343947
mglBp,0.125,7,7,CCCTAAAATCCTGTGGGAAA,0,2376306
mglBp,0.125,7,7,CCCGTTTATGATGCCCGTCT,0,2411012
mglBp,0.125,7,7,CCCGTCTGCCCCATGCCAAT,0,2410742
mglBp,0.125,7,7,CCCGTCTCAGGATTTCATGG,0,2390909
mglBp,0.125,7,7,CCCGTCCGTATAGCATATTG,0,2347692
mglBp,0.125,7,7,CCCGTAGGGCTTCATCTCCA,0,2404637
mglBp,0.125,7,7,CCCGGAGCAAGTGTCTCATA,0,2346986
mglBp,0.125,7,7,CCCGAGGCTGCCCATTTAAG,0,2408777
mglBp,0.125,7,7,CCCGAAAGTCTAGACCTATT,0,2398097
mglBp,0.125,7,7,CCCCGTAAGCGATGTACGTT,0,2361954
mglBp,0.125,7,7,CCCCGGGTGACGTGTGCATA,0,2363101
mglBp,0.125,7,7,CCCCGGCTTGTGTCTTCTCA,0,2372708
mglBp,0.125,7,7,CCCCGCACGGCCACTGTGGT,0,2342342
mglBp,0.125,7,7,CCCCCGTACTCTTAGTTGTG,0,2395164
mglBp,0.125,7,7,CCCCACCACAAAATCCGTAA,0,2393557
mglBp,0.125,7,7,CCCCAAACGGACGGCAAAGT,0,2355387
mglBp,0.125,7,7,CCCATTTCTAGACCCGATGG,0,2375663
mglBp,0.125,7,7,CCCATCTAGACGACCCCTCT,0,2323202
mglBp,0.125,7,7,CCCAAGACGATGATACATTA,0,2320994
mglBp,0.125,7,7,CCCAACGGGGTACTGGGGAT,0,2395384
mglBp,0.125,7,7,CCATCAGATGTCCGGTGTCA,0,2411960
mglBp,0.125,7,7,CCATATTTTCACTGTTCGAA,0,2347413
mglBp,0.125,7,7,CCATAGTCTCGCCGTAGCCA,0,2397367
mglBp,0.125,7,7,CCAGGGAGTGCCAACTCTAA,0,2417902
mglBp,0.125,7,7,CCAGGCAAGAGGTCCCAAGT,0,2367003
mglBp,0.125,7,7,CCAGACCGTCGGATGATGCA,0,2366710
mglBp,0.125,7,7,CCACTGTTCTGACTAATATA,0,2336295
mglBp,0.125,7,7,CCACTCATCATGCGTCGCGA,0,2344680
mglBp,0.125,7,7,CCACGCCAGGACTCGGACAA,0,2374604
mglBp,0.125,7,7,CCACCTTTGATAGAAGGCGA,0,2332918
mglBp,0.125,7,7,CCACAAGGGTCCCTAATCGG,0,2348479
mglBp,0.125,7,7,CCAATTGACTCAAACTTTTG,0,2405400
mglBp,0.125,7,7,CCAATGTTGTATCGGTTTCC,0,2392631
mglBp,0.125,7,7,CCAATGATCGGACCATTCGT,0,2317396
mglBp,0.125,7,7,CCAATCTTTACGATTTGAAC,0,2363632
mglBp,0.125,7,7,CCAATCTTCTTCCATGGTCT,0,2317912
mglBp,0.125,7,7,CCAATATTTGATGAACCAAT,0,2401722
mglBp,0.125,7,7,CCAAGTAGGTTATCCGTGCG,0,2404702
mglBp,0.125,7,7,CCAACAGCCGATAGCGTAAA,0,2374835
mglBp,0.125,7,7,CCAAATGCACGGATTTTCGG,0,2344475
mglBp,0.125,7,7,CCAAACAGGTGGGCACGATT,0,2317966
mglBp,0.125,7,7,CATTTGCATGATCGAAGGTT,0,2338409
mglBp,0.125,7,7,CATTTGATCAGATTTTGATG,0,2359867
mglBp,0.125,7,7,CATTTCCCCATTGCACACGA,0,2322079
mglBp,0.125,7,7,CATTGTCTAAAGCGGTACGC,0,2389368
mglBp,0.125,7,7,CATTGGTTAGGCCTGATAAC,0,2353752
mglBp,0.125,7,7,CATTGGGGATGGGGCGTGGC,0,2375774
mglBp,0.125,7,7,CATTGCAAGTTCCTGTGACA,0,2396217
mglBp,0.125,7,7,CATTCTATGATCCTGAATCG,0,2328998
mglBp,0.125,7,7,CATTATTTAAGAACCATGCA,0,2370728
mglBp,0.125,7,7,CATTATGGCTAGCATGTGGG,0,2393571
mglBp,0.125,7,7,CATGTTTTCGATATCACTAA,0,2330833
mglBp,0.125,7,7,CATGTACACTAAGCGGACTA,0,2330671
mglBp,0.125,7,7,CATGCTTACATAAGGACGAG,0,2381382
mglBp,0.125,7,7,CATGCTCAAGTCAAGCCAAT,0,2373791
mglBp,0.125,7,7,CATGCAGGGTGTAAGCAGGA,0,2416110
mglBp,0.125,7,7,CATGAGTGTAAATCATTCAG,0,2411875
mglBp,0.125,7,7,CATGAAGCGGTTGACAGCAT,0,2327369
mglBp,0.125,7,7,CATGAAGACAGCCGAGGGTC,0,2398909
mglBp,0.125,7,7,CATCTTGACCCCGGAGTGTT,0,2366787
mglBp,0.125,7,7,CATCGTATGTTTAATATATG,0,2413587
mglBp,0.125,7,7,CATCACACACCGAAAATGGG,0,2368890
mglBp,0.125,7,7,CATATGCAGGTTGGCGCGCG,0,2403742
mglBp,0.125,7,7,CATATCGTGCCGAGCGCAAT,0,2402023
mglBp,0.125,7,7,CATATCATGATAGGACGTCA,0,2409659
mglBp,0.125,7,7,CATAAACAGTGGCTAGAGTA,0,2351457
mglBp,0.125,7,7,CAGTTTCGGTGCAAAAGCCT,0,2413780
mglBp,0.125,7,7,CAGTGAGAAATCGATCACCG,0,2367277
mglBp,0.125,7,7,CAGTCGGGGTCCTCCACATA,0,2407252
mglBp,0.125,7,7,CAGTCGCCTACTGCCGCTGG,0,2410228
mglBp,0.125,7,7,CAGTAGTGGAAGGGAAACAA,0,2416450
mglBp,0.125,7,7,CAGTACAGTGGGTCCTGTCT,0,2345159
mglBp,0.125,7,7,CAGGTATACCCGTCGGTGGA,0,2356721
mglBp,0.125,7,7,CAGGGTACCGTGTCGCCCAG,0,2421634
mglBp,0.125,7,7,CAGGGCCATGGGTGTGCCTC,0,2317190
mglBp,0.125,7,7,CAGGGCACCCGAATCTATAC,0,2410341
mglBp,0.125,7,7,CAGGATTGACGGCACCCGTT,0,2406072
mglBp,0.125,7,7,CAGGACCGGAGTTGCCAGTT,0,2411503
mglBp,0.125,7,7,CAGGAAATTAGGTACTTGTT,0,2323050
mglBp,0.125,7,7,CAGCGTGCGCACGACGTCGC,0,2384164
mglBp,0.125,7,7,CAGCGCAACCGGCAAACTAG,0,2422237
mglBp,0.125,7,7,CAGCCGTACGGACAGTCTTA,0,2344916
mglBp,0.125,7,7,CAGCCCAAGTTAGTTCGCGG,0,2373885
mglBp,0.125,7,7,CAGCATCTATTATCCCAATG,0,2353728
mglBp,0.125,7,7,CAGCAGCTCTGTCGAGAGCG,0,2352805
mglBp,0.125,7,7,CAGATCACAACACCTGTCTG,0,2401640
mglBp,0.125,7,7,CAGACGGATATTCGGGCGTA,0,2352211
mglBp,0.125,7,7,CAGACCTGAGTTCAGTAAGG,0,2350026
mglBp,0.125,7,7,CAGAATGCACGTAGTGTTCA,0,2342081
mglBp,0.125,7,7,CACTTTTTATTGGAGCGTAG,0,2394147
mglBp,0.125,7,7,CACTTCATGGATGTTGGAGG,0,2394633
mglBp,0.125,7,7,CACTTAGATGGATATATTGG,0,2332097
mglBp,0.125,7,7,CACTGTTCACAGGTACACGA,0,2383149
mglBp,0.125,7,7,CACTGCTTGATCCTAACTCC,0,2364747
mglBp,0.125,7,7,CACTCGGGGGCTTTCTAGAA,0,2415366
mglBp,0.125,7,7,CACTATGTACGTCCGATCCA,0,2323212
mglBp,0.125,7,7,CACGTTATGTAGAGAATCTC,0,2377252
mglBp,0.125,7,7,CACGTAATCAGTTGGGTCTC,0,2338457
mglBp,0.125,7,7,CACGGCTGACTCGGAGGAAT,0,2366564
mglBp,0.125,7,7,CACGGCATTTTGAGAAATGC,0,2321589
mglBp,0.125,7,7,CACGCTTACCGGAGTTTATG,0,2413356
mglBp,0.125,7,7,CACGCGCCGCCCCGAGAGAT,0,2406967
mglBp,0.125,7,7,CACGCCCTAACGTAGCCCAC,0,2407094
mglBp,0.125,7,7,CACGAGTCCCTTTGGGTTAT,0,2342143
mglBp,0.125,7,7,CACCTGCGCTAAAAGCTTTC,0,2316711
mglBp,0.125,7,7,CACCTGAGGTGTCTAGAGTT,0,2376066
mglBp,0.125,7,7,CACCTGACGCATGCATGACT,0,2345963
mglBp,0.125,7,7,CACCTACTTTGAATGACGAA,0,2359150
mglBp,0.125,7,7,CACCGATCTACCGTGCAGAC,0,2383948
mglBp,0.125,7,7,CACCGACAATTTTCCGGGCA,0,2399512
mglBp,0.125,7,7,CACCCCTACCTCTGGCGTCT,0,2365838
mglBp,0.125,7,7,CACCCCCTAGCGCCATGGTA,0,2417822
mglBp,0.125,7,7,CACCAATGCGAGCGCACTGA,0,2341157
mglBp,0.125,7,7,CACATTAATTGTGATGGTTT,0,2345206
mglBp,0.125,7,7,CACATCCAGGGACAGTAAAG,0,2363273
mglBp,0.125,7,7,CACAGTGAAGGTCTGCTGCA,0,2369649
mglBp,0.125,7,7,CACAGGGTTGTAAAGATAGC,0,2376045
mglBp,0.125,7,7,CACAGGGGGGGTTCTCGACT,0,2370190
mglBp,0.125,7,7,CACACTATGCACGCGGACAA,0,2366004
mglBp,0.125,7,7,CACACCGAAGTCTTTTGATG,0,2352271
mglBp,0.125,7,7,CACAATCCGAGGCACAGCTT,0,2343081
mglBp,0.125,7,7,CACAATAAGTTTGGACTCTC,0,2332854
mglBp,0.125,7,7,CACAAACGCAGGGTGCTAAT,0,2382523
mglBp,0.125,7,7,CAATGCAGGCTGACACGCCC,0,2392949
mglBp,0.125,7,7,CAATGAAAGTGTATTGGGTC,0,2390018
mglBp,0.125,7,7,CAATCGTGTTTAGCGACGCA,0,2418608
mglBp,0.125,7,7,CAATCCGAAAAGGCCGAAAA,0,2319043
mglBp,0.125,7,7,CAATAAACTACGTCCGGTTT,0,2356481
mglBp,0.125,7,7,CAAGGAACTCGGCGCTCGGC,0,2373190
mglBp,0.125,7,7,CAAGCGACCAAGTATGCCTG,0,2374169
mglBp,0.125,7,7,CAAGCATTTCGTCGTCGATT,0,2387695
mglBp,0.125,7,7,CAACTTGTTTCAGACAGGTA,0,2373782
mglBp,0.125,7,7,CAACTCATGGGGCGAGTCTG,0,2359624
mglBp,0.125,7,7,CAACGTGGTAAAGCCCGTCA,0,2415542
mglBp,0.125,7,7,CAACGGGGGACTCAGAATAA,0,2374270
mglBp,0.125,7,7,CAACGGAATTGCCGTTGGGG,0,2332203
mglBp,0.125,7,7,CAACGACCTTGTCGTAAGAG,0,2366686
mglBp,0.125,7,7,CAACGAAATGGATGACGATT,0,2344114
mglBp,0.125,7,7,CAACCCATCATCCTAATGAT,0,2342990
mglBp,0.125,7,7,CAACAGTTAAGGTCAGTAAG,0,2400501
mglBp,0.125,7,7,CAACACGGTAAGGTCCGATT,0,2345112
mglBp,0.125,7,7,CAACACAGGCAACGAGGGAG,0,2322972
mglBp,0.125,7,7,CAACAAAGCGGTCTGGAATG,0,2370314
mglBp,0.125,7,7,CAAATGGTCATGGCCAGCGA,0,2318242
mglBp,0.125,7,7,CAAATGGACCGTCGAAACAC,0,2358982
mglBp,0.125,7,7,CAAATACGATAGGAGCCGAT,0,2337778
mglBp,0.125,7,7,CAAACGGTAGTGACGGTTTA,0,2418746
mglBp,0.125,7,7,CAAACAATTTACCTGAAGAA,0,2396707
mglBp,0.125,7,7,CAAAATTTTGATATTATCTT,0,2410154
mglBp,0.125,7,7,CAAAACCCGGTGCTGCAGAA,0,2388775
mglBp,0.125,7,7,ATTTGTCCGGAAACCATGGA,0,2397693
mglBp,0.125,7,7,ATTTGAGAGTCTTTTAGACA,0,2321449
mglBp,0.125,7,7,ATTTCTGGAGTTTTCCCGGT,0,2391004
mglBp,0.125,7,7,ATTTCTACGGTACTTAGGGA,0,2346519
mglBp,0.125,7,7,ATTTCTACCGGTTTATATAT,0,2373080
mglBp,0.125,7,7,ATTTCGGATACAGACATGGG,0,2319995
mglBp,0.125,7,7,ATTTCACCGAATCTATAACA,0,2394766
mglBp,0.125,7,7,ATTTATGCAGTGCCGACCTT,0,2351720
mglBp,0.125,7,7,ATTTAATCACCGCTCTGGGA,0,2418708
mglBp,0.125,7,7,ATTGTCTCCTCCAACGTGCT,0,2394903
mglBp,0.125,7,7,ATTGTACGGACCCGCTGCGT,0,2365909
mglBp,0.125,7,7,ATTGGCCCGGATTCAATGAA,0,2352440
mglBp,0.125,7,7,ATTGCACAAAAGTTTGGTCA,0,2336693
mglBp,0.125,7,7,ATTGAGGGTTGCCGAAACCA,0,2406308
mglBp,0.125,7,7,ATTGAGGCGAGAACTTACAG,0,2376734
mglBp,0.125,7,7,ATTCTTGTAGTGAAGTGTTC,0,2338507
mglBp,0.125,7,7,ATTCTTACCCTCGACCCCTA,0,2401668
mglBp,0.125,7,7,ATTCTTAAGTTCACACGGGT,0,2403300
mglBp,0.125,7,7,ATTCTCTGCATGGAATTTTT,0,2343212
mglBp,0.125,7,7,ATTCTCCGGTGTCTCGCTCA,0,2388442
mglBp,0.125,7,7,ATTCTATGGACTCCCTCAAG,0,2413229
mglBp,0.125,7,7,ATTCGTTAGTAGCAGACGGG,0,2397000
mglBp,0.125,7,7,ATTCGTGTCATGCAGAGGCA,0,2345867
mglBp,0.125,7,7,ATTCGCGAGTGCGGTATCGT,0,2378883
mglBp,0.125,7,7,ATTCCTTTCCACGTTCCAAA,0,2370384
mglBp,0.125,7,7,ATTCATGCAATTTGGATACG,0,2341196
mglBp,0.125,7,7,ATTCAGCTCTAGAAACTCAG,0,2321776
mglBp,0.125,7,7,ATTCAACCTTCAGTGGTAAT,0,2374303
mglBp,0.125,7,7,ATTATCGGAAGTGCGTATAC,0,2388602
mglBp,0.125,7,7,ATTAGTAGCTCTTCGGGATC,0,2325812
mglBp,0.125,7,7,ATTAACGAGGATCCCACCTG,0,2326513
mglBp,0.125,7,7,ATGTTGCGTTACTCTGGCGT,0,2360047
mglBp,0.125,7,7,ATGTTATGTTCCACAATGAA,0,2347192
mglBp,0.125,7,7,ATGTTAATGCCGTAAAGCCA,0,2404085
mglBp,0.125,7,7,ATGTGTCATAATATCCTGTC,0,2399664
mglBp,0.125,7,7,ATGTCCTTATCACGGATGTA,0,2344993
mglBp,0.125,7,7,ATGTCCAGCCGAGCCACTTG,0,2368440
mglBp,0.125,7,7,ATGTACGTACGAACCAATCG,0,2393472
mglBp,0.125,7,7,ATGGTTCCCCGGTTTCGAGA,0,2381825
mglBp,0.125,7,7,ATGGGGCGGGATGCAAAGCT,0,2386435
mglBp,0.125,7,7,ATGGGATTAGATATCACTTT,0,2398781
mglBp,0.125,7,7,ATGGCTGCACCACACAGACG,0,2387899
mglBp,0.125,7,7,ATGGCCAACTGGTGATTGCA,0,2406311
mglBp,0.125,7,7,ATGGCAAGCCCCATGGGCCT,0,2376703
mglBp,0.125,7,7,ATGGAGTGTTTCAGTATCCA,0,2357330
mglBp,0.125,7,7,ATGGACCGGAAGAAGAGTAG,0,2340239
mglBp,0.125,7,7,ATGCGTCTATGCATGAACAG,0,2388560
mglBp,0.125,7,7,ATGCCGACGAGGGTGTCGGC,0,2353806
mglBp,0.125,7,7,ATGCATGTTGTGTGGTGCAT,0,2395708
mglBp,0.125,7,7,ATGCATAATCAGATGCCCTT,0,2415495
mglBp,0.125,7,7,ATGCACACGCCATGAGACTG,0,2398590
mglBp,0.125,7,7,ATGCAAGTAATCGGCATGAG,0,2397748
mglBp,0.125,7,7,ATGATAGCGTGCCACTGAAG,0,2356197
mglBp,0.125,7,7,ATGAGTTTGTTTAGGCACGA,0,2357058
mglBp,0.125,7,7,ATGAGAACTCCAACCCGCTT,0,2377177
mglBp,0.125,7,7,ATGAAGGGCGTGCTAAAGTT,0,2374563
mglBp,0.125,7,7,ATGAAGAGACTCATGCAAGC,0,2384958
mglBp,0.125,7,7,ATCTTTCTTTTTAGTGAGAC,0,2319241
mglBp,0.125,7,7,ATCTGACATACGGATTGTCA,0,2380891
mglBp,0.125,7,7,ATCTAACTACAACCGACACT,0,2416842
mglBp,0.125,7,7,ATCGTACCGCTGTCACGTTG,0,2385378
mglBp,0.125,7,7,ATCGCTCCTCCACTATGAGC,0,2344437
mglBp,0.125,7,7,ATCGCGGGCAGAGCTTGTTC,0,2361702
mglBp,0.125,7,7,ATCCGGCGATGCAATAATAG,0,2351912
mglBp,0.125,7,7,ATCCAGGGTACATAACAGGC,0,2406117
mglBp,0.125,7,7,ATCCAGAACTAGCATAACTG,0,2399505
mglBp,0.125,7,7,ATCCACATCGGGTTCCTGTC,0,2323327
mglBp,0.125,7,7,ATCCAACAGATGCACGCATT,0,2347528
mglBp,0.125,7,7,ATCATAGTGATGGGAGTTAC,0,2356816
mglBp,0.125,7,7,ATCATAGGCAATCCGCCGCC,0,2374415
mglBp,0.125,7,7,ATCAGTAAACCATCTTCGAG,0,2415794
mglBp,0.125,7,7,ATCAGCATGTGCAACGTTTT,0,2374313
mglBp,0.125,7,7,ATCAATTGGTTTCATTTTTG,0,2378468
mglBp,0.125,7,7,ATCAAGCATTGAGGCTGGCA,0,2385286
mglBp,0.125,7,7,ATCAAAAGTTCAGAGCGCGG,0,2325993
mglBp,0.125,7,7,ATATTTACTTCTGGGATCCA,0,2362836
mglBp,0.125,7,7,ATATCCTCTTTGGCTGTGGG,0,2319104
mglBp,0.125,7,7,ATATCAGGCTAGCGGTGATG,0,2389755
mglBp,0.125,7,7,ATATACACTGGAGGAATTAT,0,2382064
mglBp,0.125,7,7,ATAGTTGCGGTGCATAGGTA,0,2346539
mglBp,0.125,7,7,ATAGTTCATTGTCCGCATCT,0,2357941
mglBp,0.125,7,7,ATAGTCATCCAGAATTGAGC,0,2331934
mglBp,0.125,7,7,ATAGGGAAGTCAGGAAGTCT,0,2394756
mglBp,0.125,7,7,ATAGAGCGATTTATTCATTC,0,2356154
mglBp,0.125,7,7,ATAGAGAGCTCTCTATATTC,0,2396092
mglBp,0.125,7,7,ATACGCCAGCAGGCGCTTTA,0,2329558
mglBp,0.125,7,7,ATACCCCTGGGAGTACACAT,0,2395168
mglBp,0.125,7,7,ATACCCACGGCCACGTGCAG,0,2404473
mglBp,0.125,7,7,ATACCATCACTCAGGACTCC,0,2357276
mglBp,0.125,7,7,ATACAGGTTCAATTCGTGCT,0,2376620
mglBp,0.125,7,7,ATACAGAGCAAGCCGAGATT,0,2354847
mglBp,0.125,7,7,ATACAACCCGCTTATCAGCG,0,2322317
mglBp,0.125,7,7,ATAATCGGGGCACTGTTGTC,0,2340844
mglBp,0.125,7,7,ATAAGCGATCCAGCTCTGCC,0,2360762
mglBp,0.125,7,7,ATAAACCCATAGGGTCGTCT,0,2364055
mglBp,0.125,7,7,ATAAACAAACCACCATGGGA,0,2328558
mglBp,0.125,7,7,AGTTTTGGGTCGGACCTTAG,0,2370148
mglBp,0.125,7,7,AGTTTGATACCACCATTATT,0,2417808
mglBp,0.125,7,7,AGTTTAAAAGGGGGCACAAT,0,2402103
mglBp,0.125,7,7,AGTTGTTCCATAACCACCCG,0,2321268
mglBp,0.125,7,7,AGTTGGAAGTCTTTCGTCAT,0,2421075
mglBp,0.125,7,7,AGTTGAACGTCAGTCCCCGT,0,2372332
mglBp,0.125,7,7,AGTTCTCGCTTGGCAGCACT,0,2371156
mglBp,0.125,7,7,AGTTAGGCCACGGCCCGGTG,0,2374660
mglBp,0.125,7,7,AGTTACGGGTCGAGCACTAG,0,2366532
mglBp,0.125,7,7,AGTGGTGGGTTGGAGCGTCT,0,2350802
mglBp,0.125,7,7,AGTGCCCGGGGTGCTTTAAA,0,2362602
mglBp,0.125,7,7,AGTGCAGGATCAAGTTCCGC,0,2371295
mglBp,0.125,7,7,AGTCCTGGTACGAGGTACTT,0,2420243
mglBp,0.125,7,7,AGTCCTAGCGGGGGAAATCC,0,2387090
mglBp,0.125,7,7,AGTCAATAATCCGTCTCTCA,0,2336558
mglBp,0.125,7,7,AGTATGCACCAACAGTCGTG,0,2355491
mglBp,0.125,7,7,AGTAGGGGAGAATCTTCTTT,0,2369294
mglBp,0.125,7,7,AGTAGGGACTTACGTACTAA,0,2322454
mglBp,0.125,7,7,AGTACATTAGCTTCACTGGA,0,2352711
mglBp,0.125,7,7,AGGTTTTCCCGCTCGGGAGA,0,2337526
mglBp,0.125,7,7,AGGTTGGGTCGTGGAATCAG,0,2395747
mglBp,0.125,7,7,AGGTGTGCCCATACGAATCG,0,2334382
mglBp,0.125,7,7,AGGTGTGACCTAAGAGCGAA,0,2367618
mglBp,0.125,7,7,AGGTCGGTCCCTTAGTAGAA,0,2323081
mglBp,0.125,7,7,AGGTCGATACATCCAAGGAC,0,2422467
mglBp,0.125,7,7,AGGTCACCACTTTCCTCGGC,0,2391973
mglBp,0.125,7,7,AGGTATGTACTGCTGGATAC,0,2331297
mglBp,0.125,7,7,AGGGTATCCGGTCGTTATCG,0,2327527
mglBp,0.125,7,7,AGGGGGTCCGGCCAAAAATG,0,2411529
mglBp,0.125,7,7,AGGGCTATACCAGTTCAAGC,0,2326060
mglBp,0.125,7,7,AGGGCCTCGCAGACTAGAAT,0,2400967
mglBp,0.125,7,7,AGGGCCGCCCGAGAACTACA,0,2414016
mglBp,0.125,7,7,AGGGCATGCAGCATTCAGAT,0,2345714
mglBp,0.125,7,7,AGGGAAGACGAACCCCCTAC,0,2325556
mglBp,0.125,7,7,AGGCGTCCGGAAGGTGCAGA,0,2322075
mglBp,0.125,7,7,AGGCGGCAGTCATCCTACCA,0,2410375
mglBp,0.125,7,7,AGGCCGCAGTACCGACTGTT,0,2321142
mglBp,0.125,7,7,AGGCCCGGACTAGATCCACT,0,2349650
mglBp,0.125,7,7,AGGCCCCAGCGTGCGTCATC,0,2406680
mglBp,0.125,7,7,AGGCATCGGGCACAGTCGCT,0,2364505
mglBp,0.125,7,7,AGGCAGGATTGCGGCAGTCG,0,2414520
mglBp,0.125,7,7,AGGCAGCGCCTGCAATTGCC,0,2352120
mglBp,0.125,7,7,AGGCACGAGTATCGTGGCAT,0,2368649
mglBp,0.125,7,7,AGGATTACGTAGACTCGGGG,0,2413154
mglBp,0.125,7,7,AGGATCGTACTTCCAGTCAT,0,2420744
mglBp,0.125,7,7,AGGATCGGCTGATCGGATAC,0,2370934
mglBp,0.125,7,7,AGGACCAAACCCATAGGTAC,0,2353886
mglBp,0.125,7,7,AGGAAGTACCCGTCACAAAA,0,2354178
mglBp,0.125,7,7,AGGAACTTGCAACGATGGAG,0,2343661
mglBp,0.125,7,7,AGGAAAGTGGCGTCCCTTGC,0,2348556
mglBp,0.125,7,7,AGCTTGAGCCGTTTTGGTGA,0,2316836
mglBp,0.125,7,7,AGCTGTATAAGTGGCGCATA,0,2415246
mglBp,0.125,7,7,AGCTGTAACGATACGGATTG,0,2362595
mglBp,0.125,7,7,AGCTGGTGTATTACATGGCA,0,2329900
mglBp,0.125,7,7,AGCTACAAGGCTTCTTATTG,0,2408332
mglBp,0.125,7,7,AGCGTTTATAGCTTCCCGAG,0,2353879
mglBp,0.125,7,7,AGCGTCGAATGCGCGTCGTC,0,2415018
mglBp,0.125,7,7,AGCGGTTCTCTTTGCACATG,0,2323399
mglBp,0.125,7,7,AGCGGGTCATGACTGAGGCG,0,2327125
mglBp,0.125,7,7,AGCGCTCTAACGTTTACCTG,0,2361548
mglBp,0.125,7,7,AGCGAAGGTATATACATGTT,0,2334561
mglBp,0.125,7,7,AGCCTCCAGACATCATGCGA,0,2360242
mglBp,0.125,7,7,AGCCGGGCCCGCTATTGCTT,0,2346633
mglBp,0.125,7,7,AGCCGGCGCTCATTTCGGGA,0,2369930
mglBp,0.125,7,7,AGCCCGTCTGACTACCAGTT,0,2346321
mglBp,0.125,7,7,AGCCCGGCTACGTTAGCTTG,0,2393639
mglBp,0.125,7,7,AGCCCAAGTAGGGATCCGAC,0,2394578
mglBp,0.125,7,7,AGCCACCGTAGTGGTGTTAC,0,2329338
mglBp,0.125,7,7,AGCAGGCACATAAGGAGGGA,0,2354535
mglBp,0.125,7,7,AGCACTTCAGATATTCTCGG,0,2397835
mglBp,0.125,7,7,AGCACTAATTCGGGGCTCAG,0,2348786
mglBp,0.125,7,7,AGCACGTCTGGATGAAGCGT,0,2326394
mglBp,0.125,7,7,AGCACGGAGCCCGTATCCAC,0,2407996
mglBp,0.125,7,7,AGCACGCGGAACTACAGTTG,0,2403382
mglBp,0.125,7,7,AGCAATAATAGGCCTTCGAG,0,2364179
mglBp,0.125,7,7,AGCAAGTCTACATGAATGTC,0,2371195
mglBp,0.125,7,7,AGCAACTGATGGTAGGCTGA,0,2357199
mglBp,0.125,7,7,AGATTGGCGCTGGTTCAAAA,0,2387534
mglBp,0.125,7,7,AGATTCTCCACCTTCGCACA,0,2340465
mglBp,0.125,7,7,AGATTACCTTCCAAGTGTAG,0,2328258
mglBp,0.125,7,7,AGATGATACGATTCCTCAGT,0,2367931
mglBp,0.125,7,7,AGATGACTTTTACGCCGGCA,0,2349377
mglBp,0.125,7,7,AGATCGCCGACATTTACAAG,0,2358763
mglBp,0.125,7,7,AGATCCCACTCAAAAGGGTA,0,2369472
mglBp,0.125,7,7,AGATAGGCCAGTACACCCTG,0,2411925
mglBp,0.125,7,7,AGAGTGGGTTAAATCATCAT,0,2319086
mglBp,0.125,7,7,AGAGGGGTCTCAATAGACTT,0,2404958
mglBp,0.125,7,7,AGAGGGGCACCTTATTGAAC,0,2356402
mglBp,0.125,7,7,AGAGGGGCAATTTCCCTAAG,0,2323539
mglBp,0.125,7,7,AGAGCTTACAGTGGGCGTCG,0,2378896
mglBp,0.125,7,7,AGAGCTATATTGGATAATCC,0,2369867
mglBp,0.125,7,7,AGAGCAATAAGAAGTGTTGA,0,2395274
mglBp,0.125,7,7,AGACTGGCCTGTTTTCTGGT,0,2340645
mglBp,0.125,7,7,AGACCCTCGTAGCCCATTTG,0,2344984
mglBp,0.125,7,7,AGACCCGGGGCATCAGGCAA,0,2341194
mglBp,0.125,7,7,AGAATTAGGATAAGGAGTTA,0,2388674
mglBp,0.125,7,7,AGAAGTTACACATGCCTGTT,0,2325036
mglBp,0.125,7,7,AGAAGTGGATCGGTATCTGT,0,2334829
mglBp,0.125,7,7,AGAAGTAAATTAAGCCTCAC,0,2417249
mglBp,0.125,7,7,AGAAGGGTCATAGACGGAGA,0,2383252
mglBp,0.125,7,7,AGAAGCCATCAATTGGTAGT,0,2399169
mglBp,0.125,7,7,AGAACAGGGTCATCTGTTGT,0,2362036
mglBp,0.125,7,7,AGAAATCGGCACAGAGGCTA,0,2398662
mglBp,0.125,7,7,AGAAATCGCGCTGGTTGCGG,0,2338860
mglBp,0.125,7,7,AGAAAAGTTGAGAACATGAA,0,2387411
mglBp,0.125,7,7,ACTTTGTGATTGCGAAATAT,0,2405589
mglBp,0.125,7,7,ACTTTGTAGCGCTGCGCCTA,0,2410738
mglBp,0.125,7,7,ACTTTCCAGGCTTGTGCGCT,0,2393413
mglBp,0.125,7,7,ACTTGCGTGCGGCTTACCGA,0,2321397
mglBp,0.125,7,7,ACTTGAGCCGTAATCCTGTG,0,2370386
mglBp,0.125,7,7,ACTTGACTAGCTGGTTCGAC,0,2348825
mglBp,0.125,7,7,ACTGTAGCTTCGCCAGCAAC,0,2319591
mglBp,0.125,7,7,ACTGTAACGGCTGGCGGGAC,0,2329977
mglBp,0.125,7,7,ACTGGCTGTGAAAATGGGCA,0,2341232
mglBp,0.125,7,7,ACTGCCAACCAATCGCGTAC,0,2404742
mglBp,0.125,7,7,ACTGCACCTTGGTTGTAGAA,0,2325723
mglBp,0.125,7,7,ACTGAGTGCCAGAACAAAGG,0,2391497
mglBp,0.125,7,7,ACTGAGATATATCAGTTCTA,0,2347953
mglBp,0.125,7,7,ACTCTGTAATCAAGAAGACT,0,2321680
mglBp,0.125,7,7,ACTCTATTATAAGACAGTAA,0,2336367
mglBp,0.125,7,7,ACTCGTCGCGTATATACGAG,0,2358495
mglBp,0.125,7,7,ACTCGCAACTCTTTTCCTGC,0,2366331
mglBp,0.125,7,7,ACTCCATTGTAACAAGGTCT,0,2338808
mglBp,0.125,7,7,ACTCCAACTTTAGGACAAAT,0,2347363
mglBp,0.125,7,7,ACTCATATGACGTCCAGCAT,0,2344060
mglBp,0.125,7,7,ACTCAGTCGGGGTGGACGAA,0,2350350
mglBp,0.125,7,7,ACTATTAAGCCCCTTCAATA,0,2386744
mglBp,0.125,7,7,ACTAGGCCGCTACATGGTTT,0,2390823
mglBp,0.125,7,7,ACTAGCTCGTCAGCGTGAGG,0,2339040
mglBp,0.125,7,7,ACTAGATCTACGCATTTAGT,0,2330732
mglBp,0.125,7,7,ACTACTTAAGACCGGGGGAA,0,2321588
mglBp,0.125,7,7,ACTACTCTCCATAGATTTGT,0,2340285
mglBp,0.125,7,7,ACTACAGCTAGGTTCTTACG,0,2328762
mglBp,0.125,7,7,ACTAAGGCGTATACGGGGCT,0,2370150
mglBp,0.125,7,7,ACGTGTTTCAGCAGCGCCAA,0,2345933
mglBp,0.125,7,7,ACGTGGAACACGCACCGTAG,0,2373918
mglBp,0.125,7,7,ACGTGCCGAAGAGGTTCAGG,0,2360989
mglBp,0.125,7,7,ACGTGCAACCCCTATGTCCC,0,2411497
mglBp,0.125,7,7,ACGTCTTGTAATAGTAATCA,0,2331158
mglBp,0.125,7,7,ACGTCGCCCCGCTAGATGTA,0,2379694
mglBp,0.125,7,7,ACGTCATATGGACGATTAAC,0,2340384
mglBp,0.125,7,7,ACGGTTGACGGACCCTAGGA,0,2332914
mglBp,0.125,7,7,ACGGTTCGGCTTTTAGCGGC,0,2335565
mglBp,0.125,7,7,ACGGTACTTGCTCTCATAGA,0,2357860
mglBp,0.125,7,7,ACGGGTTCTAAGGAGAGTGG,0,2405811
mglBp,0.125,7,7,ACGGGCTTCTGAGTAACGTT,0,2411655
mglBp,0.125,7,7,ACGGGCGAAGCTTTATGAAT,0,2358822
mglBp,0.125,7,7,ACGGGCAGGCAAAAAAATAA,0,2347886
mglBp,0.125,7,7,ACGGCTACTTCTCATACGCA,0,2333760
mglBp,0.125,7,7,ACGGCGCGTGGGCCTAGATA,0,2327145
mglBp,0.125,7,7,ACGGATGAGTCGAAGGATAA,0,2406459
mglBp,0.125,7,7,ACGCTGCAGGCCAATTGAGA,0,2329203
mglBp,0.125,7,7,ACGCTCTTATTAAGACGTGG,0,2320877
mglBp,0.125,7,7,ACGCGAAGCCCCTGCCGGTG,0,2378806
mglBp,0.125,7,7,ACGCCAGTTAGATTGAGAGT,0,2320300
mglBp,0.125,7,7,ACGCATAAAAAGGTGATAAT,0,2338539
mglBp,0.125,7,7,ACGATCTTGTAACCTCGACT,0,2388819
mglBp,0.125,7,7,ACGAGGGACGCCCGTCGGGG,0,2355823
mglBp,0.125,7,7,ACGACGTCGCCCGGCTGCTG,0,2350106
mglBp,0.125,7,7,ACGACATACTTAATAACGGT,0,2400637
mglBp,0.125,7,7,ACGAAGGCATCTGCTTGATT,0,2329035
mglBp,0.125,7,7,ACCTTAGAAACTAACTTGGT,0,2344007
mglBp,0.125,7,7,ACCTTACGTGTGTTTGCGCT,0,2352909
mglBp,0.125,7,7,ACCTGCGCTTGCTTCCACAC,0,2330393
mglBp,0.125,7,7,ACCTCTTTAAACTGCAAATA,0,2329245
mglBp,0.125,7,7,ACCTCTATTACGCCGGCTCC,0,2328364
mglBp,0.125,7,7,ACCTCGGGTGATTTTAGACG,0,2335726
mglBp,0.125,7,7,ACCTCCGTAGCTCTGGAAGG,0,2381225
mglBp,0.125,7,7,ACCTAGGCGGAATTTTTGAA,0,2423423
mglBp,0.125,7,7,ACCTACTATTCGGACAACAA,0,2378278
mglBp,0.125,7,7,ACCGTAGTTGTTGAGCGCGT,0,2409691
mglBp,0.125,7,7,ACCGTAGGTCCGAGGGGCCT,0,2371030
mglBp,0.125,7,7,ACCGCGGAGTGCCGGTCAGG,0,2335035
mglBp,0.125,7,7,ACCGATTAACAGAAGGCAGT,0,2355500
mglBp,0.125,7,7,ACCGAGGACTCCCACTCGGT,0,2335530
mglBp,0.125,7,7,ACCGAGATTGGAGTCTGTGG,0,2393911
mglBp,0.125,7,7,ACCCTCCCGGAGGATCAGAA,0,2317551
mglBp,0.125,7,7,ACCCGGTGACAGGGAGCGTA,0,2416309
mglBp,0.125,7,7,ACCATTAGAACTTACGGGGT,0,2390872
mglBp,0.125,7,7,ACCATACGTGCTGGCTTCAT,0,2376671
mglBp,0.125,7,7,ACCATAACGTAGGAGGGTAT,0,2316513
mglBp,0.125,7,7,ACCAGCGGCGTATCCCGTAC,0,2359238
mglBp,0.125,7,7,ACCAGCGAACACACTGGTGT,0,2321856
mglBp,0.125,7,7,ACCAGCCAGCTTGGCTCCAG,0,2362744
mglBp,0.125,7,7,ACCACAGACAGATCCGCGTT,0,2375728
mglBp,0.125,7,7,ACCACACAGCTAGCACGATA,0,2333784
mglBp,0.125,7,7,ACCAATCCGTACTGGTCCTT,0,2362917
mglBp,0.125,7,7,ACCAACTTCATAAAGTCACC,0,2379034
mglBp,0.125,7,7,ACATCGTTAGCCATGCAACC,0,2356088
mglBp,0.125,7,7,ACATCAATTTGCCCGAGAGA,0,2343833
mglBp,0.125,7,7,ACATATCACAGTAGGAATAA,0,2374173
mglBp,0.125,7,7,ACATAGTCGCCTCTTATCCA,0,2369053
mglBp,0.125,7,7,ACAGTTTTATACCCTCGGTG,0,2328392
mglBp,0.125,7,7,ACAGCGCCATCGTGATCTAG,0,2409171
mglBp,0.125,7,7,ACAGCCGACACGTTCCCGGA,0,2405714
mglBp,0.125,7,7,ACAGCAGAGCGCGACCCCAC,0,2398354
mglBp,0.125,7,7,ACAGAACCAGTGACATGGCA,0,2378307
mglBp,0.125,7,7,ACAGAAAACGAAGTTGATAA,0,2413180
mglBp,0.125,7,7,ACACGCCAGGCCGTTAGTTT,0,2399627
mglBp,0.125,7,7,ACACCGGCTGCCTCTTCGCA,0,2408778
mglBp,0.125,7,7,ACACCGCGTGTCCTCCCTAG,0,2365273
mglBp,0.125,7,7,ACACCAGACGGATCATTTAG,0,2328564
mglBp,0.125,7,7,ACACCACGAGCTAGTATAAA,0,2366944
mglBp,0.125,7,7,ACACCAAGTCGTAGTCTTAA,0,2418342
mglBp,0.125,7,7,ACACACCGGACCCATGCAAG,0,2339592
mglBp,0.125,7,7,ACACACCCGTCAAGGTACTG,0,2335540
mglBp,0.125,7,7,ACAACACGGGAGAGGTCTGA,0,2410708
mglBp,0.125,7,7,ACAAATCGGGAATCTCCTCA,0,2414355
mglBp,0.125,7,7,ACAAAGTTTAGAAACCATGT,0,2423061
mglBp,0.125,7,7,AATTGCATACAAAAATCCTT,0,2393081
mglBp,0.125,7,7,AATTCGAGAACGTCCGCACT,0,2331169
mglBp,0.125,7,7,AATTATTCTCAGTGGCCCGG,0,2386833
mglBp,0.125,7,7,AATTAGGCTAAACTGGGAGC,0,2365565
mglBp,0.125,7,7,AATTAATTCAATATAGGCCT,0,2358580
mglBp,0.125,7,7,AATTAAAACCTTGACTTATA,0,2346265
mglBp,0.125,7,7,AATGTACTGTCTCTCGCTTA,0,2355437
mglBp,0.125,7,7,AATGCTCTACTTTGAATCGT,0,2378122
mglBp,0.125,7,7,AATGCCAGCATATTGATCGC,0,2391108
mglBp,0.125,7,7,AATCTCTAAGCTTGCACCGT,0,2409746
mglBp,0.125,7,7,AATCTAAACTTCTGTGGATC,0,2349230
mglBp,0.125,7,7,AATCGCGAACGCGACTCGGT,0,2423699
mglBp,0.125,7,7,AATCGCCCATGTGTTCGATA,0,2352022
mglBp,0.125,7,7,AATCACCTATACTAAGACGT,0,2328964
mglBp,0.125,7,7,AATATTTCTCTCTACTCCCC,0,2379104
mglBp,0.125,7,7,AATAGGCCGGGTTTCGAATC,0,2337639
mglBp,0.125,7,7,AATACGAATCTTGCGGCGTT,0,2407044
mglBp,0.125,7,7,AATACACAACCAAATCTAGC,0,2337642
mglBp,0.125,7,7,AATAAGAGAATCTCACCCGG,0,2406816
mglBp,0.125,7,7,AAGTTGGCGAAACAGTTTTT,0,2366101
mglBp,0.125,7,7,AAGTGTGCGTTAGACACGGC,0,2358628
mglBp,0.125,7,7,AAGTGTGACGGGAGTACCGC,0,2342800
mglBp,0.125,7,7,AAGTCTTCCACACCGCGGCG,0,2375874
mglBp,0.125,7,7,AAGTCGGCTATGGTAGATCT,0,2318395
mglBp,0.125,7,7,AAGTATCGGATACCGCACAG,0,2404670
mglBp,0.125,7,7,AAGTAGGGGGGCATGCTTTA,0,2341704
mglBp,0.125,7,7,AAGGGTAGGGGGACCGATTA,0,2381482
mglBp,0.125,7,7,AAGGCTTACTTCTGCGGGGC,0,2369310
mglBp,0.125,7,7,AAGGCGCCACATCCTGAGGT,0,2392931
mglBp,0.125,7,7,AAGGCGAGTCCCCGGCTAAG,0,2359522
mglBp,0.125,7,7,AAGGCCGAAATGGGGAGCCA,0,2377548
mglBp,0.125,7,7,AAGGACACCTCTAGCTTCTT,0,2332887
mglBp,0.125,7,7,AAGCTAACCCCTCGGGTCTT,0,2360186
mglBp,0.125,7,7,AAGCGCGAAAATAATCCGGT,0,2408050
mglBp,0.125,7,7,AAGCCTTTGACGAGTGGCCG,0,2348715
mglBp,0.125,7,7,AAGCCGTCTATTGATGCGGA,0,2320944
mglBp,0.125,7,7,AAGCCGCGGCCCAAGCCTTT,0,2362669
mglBp,0.125,7,7,AAGCCCATCGTTTGGAGTTG,0,2377019
mglBp,0.125,7,7,AAGCCATGCCAATTCAACGC,0,2379498
mglBp,0.125,7,7,AAGCAGGCATAAGAGCGGGA,0,2334918
mglBp,0.125,7,7,AAGAGTAGTGATAATAACTG,0,2348380
mglBp,0.125,7,7,AAGAGCCTTCGGTGAATTCT,0,2394367
mglBp,0.125,7,7,AAGACAGGATTAGAATACAG,0,2348441
mglBp,0.125,7,7,AAGAATCTAAACTGGTGCTA,0,2391008
mglBp,0.125,7,7,AAGAAGATGGTGGGGCCTGA,0,2332758
mglBp,0.125,7,7,AACTTTAGTTCAGGAGAACT,0,2397419
mglBp,0.125,7,7,AACTTCCCAGAGCATCGGAG,0,2342382
mglBp,0.125,7,7,AACTTACATGACTGATTGAA,0,2354848
mglBp,0.125,7,7,AACTGCGTGGGTGTTTGCGA,0,2376325
mglBp,0.125,7,7,AACTCAGAGATTTGTGGCAG,0,2373834
mglBp,0.125,7,7,AACTATGTTCACCGGCCCCA,0,2369175
mglBp,0.125,7,7,AACGGTATCTCAATTGGTCT,0,2360361
mglBp,0.125,7,7,AACGGTACTCTCTCCCCGAG,0,2358355
mglBp,0.125,7,7,AACGGGTTTTAATCTTGATG,0,2359960
mglBp,0.125,7,7,AACGGCTTAACATAGCCGTA,0,2321036
mglBp,0.125,7,7,AACGAGCTCAAACGCTCGGG,0,2320942
mglBp,0.125,7,7,AACCTGATAAACGTGAGCTG,0,2383192
mglBp,0.125,7,7,AACCTACAAGCCGCAAGCTT,0,2413206
mglBp,0.125,7,7,AACCGCAATTCAGGGAACCT,0,2342020
mglBp,0.125,7,7,AACCCAGGTAGGGGACCATT,0,2333879
mglBp,0.125,7,7,AACCATTAAATAAAAGTTTT,0,2417753
mglBp,0.125,7,7,AACATTCGTGACTCAAGAGA,0,2398943
mglBp,0.125,7,7,AACATGTGGCGCAATCGGTT,0,2365484
mglBp,0.125,7,7,AACAGTCACACCATTTCGCA,0,2417989
mglBp,0.125,7,7,AACAGCAGATGCGCGGCTTC,0,2397943
mglBp,0.125,7,7,AACAAGTACGAGCGACCTGG,0,2324477
mglBp,0.125,7,7,AACAAGCCCACTCATTCAAG,0,2363328
mglBp,0.125,7,7,AAATTCGCTTATTTGCGGGA,0,2362251
mglBp,0.125,7,7,AAATTCCGGGAATGTCAGAA,0,2417950
mglBp,0.125,7,7,AAATGGGCCGATTTCCTCAG,0,2347753
mglBp,0.125,7,7,AAATGCGAGAGACTTATGCA,0,2382452
mglBp,0.125,7,7,AAATGCCTCGTACACACATA,0,2402285
mglBp,0.125,7,7,AAATCTGAAGTACGTTGCCC,0,2393600
mglBp,0.125,7,7,AAATCATAGTTTGTGTTCCC,0,2369606
mglBp,0.125,7,7,AAATAGTTTTCTCCTACACA,0,2376215
mglBp,0.125,7,7,AAATAATTCTTTTTGCAGCG,0,2336334
mglBp,0.125,7,7,AAAGTAGCTTGTTTGGGACC,0,2422460
mglBp,0.125,7,7,AAAGGTACGGTAAAGTGTTA,0,2376412
mglBp,0.125,7,7,AAAGGGGGACAACACTCCAA,0,2399232
mglBp,0.125,7,7,AAAGGATACAACCCTTGAGT,0,2417779
mglBp,0.125,7,7,AAAGGACCGACCCAAAATGG,0,2333049
mglBp,0.125,7,7,AAAGATGTTGAACAACGGCA,0,2386012
mglBp,0.125,7,7,AAAGAGTGGTGCAACACGTA,0,2354041
mglBp,0.125,7,7,AAAGAGTGCGTCGTTTTTTT,0,2360503
mglBp,0.125,7,7,AAAGAGGGGATGACAACGCT,0,2357193
mglBp,0.125,7,7,AAACTGGGCCTTGGCCTGGA,0,2376574
mglBp,0.125,7,7,AAACTCGCCCAGCGCGCTCT,0,2406263
mglBp,0.125,7,7,AAACTAGAACTATGCCACTA,0,2318212
mglBp,0.125,7,7,AAACGCAGCGGGGTACAAGG,0,2329544
mglBp,0.125,7,7,AAACCGAGTTGGGACACCGT,0,2380503
mglBp,0.125,7,7,AAACACTAGGGGCCGCCATC,0,2325734
mglBp,0.125,7,7,AAAATTTTGAGTCAGAGAAA,0,2412433
mglBp,0.125,7,7,AAAATGGGAGAAGTGCCCCG,0,2324488
mglBp,0.125,7,7,AAAAGGATATGTTTTAAGCA,0,2362850
mglBp,0.125,7,7,AAAACTGAGAAGATTTGTTC,0,2325867
mglBp,0.125,7,7,AAAACGGCTGGCCGCACGCT,0,2329694
mglBp,0.125,7,7,AAAACGCCGCAGTGTCCAGT,0,2417017
mglBp,0.125,7,7,AAAACCTAGCTTGCGCAACA,0,2336602
mglBp,0.125,7,7,AAAACATGGAAGCGTTGTAT,0,2379718
mglBp,0.14285714285714285,6,6,TTTTTTGGGTCCCCATGTGT,0,2343132
mglBp,0.14285714285714285,6,6,TTTTTACCAGTCCACGGTAA,0,2387656
mglBp,0.14285714285714285,6,6,TTTTGTGCGTAAGTCCTTGT,0,2383926
mglBp,0.14285714285714285,6,6,TTTTGGGCATTCTTTCTCTA,0,2394246
mglBp,0.14285714285714285,6,6,TTTTCTCAACGTACTCCGAG,0,2332059
mglBp,0.14285714285714285,6,6,TTTTCCGCATTGCACGCTCG,0,2391498
mglBp,0.14285714285714285,6,6,TTTTAGCGCCGTGCCTTTCT,0,2351953
mglBp,0.14285714285714285,6,6,TTTTAAGCGGTATGGCCGCT,0,2412807
mglBp,0.14285714285714285,6,6,TTTGTCTTCGTTGTCAGGGG,0,2374029
mglBp,0.14285714285714285,6,6,TTTGTACATTAATTAAAAGA,0,2322586
mglBp,0.14285714285714285,6,6,TTTGGCGAGATCGTCAATCC,0,2365337
mglBp,0.14285714285714285,6,6,TTTGCTAAACTCGGTCACAG,0,2376968
mglBp,0.14285714285714285,6,6,TTTGCCAAGAAGAGACAAGT,0,2370245
mglBp,0.14285714285714285,6,6,TTTGACGCCCCTAATAGAGG,0,2393703
mglBp,0.14285714285714285,6,6,TTTGACATCTACAACGTGGG,0,2355184
mglBp,0.14285714285714285,6,6,TTTGAACAGTGGATCTCCAC,0,2423402
mglBp,0.14285714285714285,6,6,TTTGAAATTGTTACTCATCA,0,2415630
mglBp,0.14285714285714285,6,6,TTTCGTTATGCTATGCACTG,0,2343482
mglBp,0.14285714285714285,6,6,TTTCGAAACGCGCTACCGGA,0,2322222
mglBp,0.14285714285714285,6,6,TTTCCAAACGGGTAATTTGT,0,2332961
mglBp,0.14285714285714285,6,6,TTTCACTATGGTGGCCTCTA,0,2418047
mglBp,0.14285714285714285,6,6,TTTCACGTAGACAGGTTATT,0,2351157
mglBp,0.14285714285714285,6,6,TTTCACCCCTTGCAGCGCAA,0,2330132
mglBp,0.14285714285714285,6,6,TTTCAAAATCCCGCGGGCGT,0,2336450
mglBp,0.14285714285714285,6,6,TTTATTGTTATTCCGAGAGG,0,2393270
mglBp,0.14285714285714285,6,6,TTTATTCTTTTCCCGCCCAC,0,2330067
mglBp,0.14285714285714285,6,6,TTTATTACGTAGATAAAGTA,0,2339389
mglBp,0.14285714285714285,6,6,TTTATGGTAGAGCATACCGG,0,2342301
mglBp,0.14285714285714285,6,6,TTTATGCGATCTTCGTCGAA,0,2382463
mglBp,0.14285714285714285,6,6,TTTATCCACCGTGTACTGAT,0,2348732
mglBp,0.14285714285714285,6,6,TTTACGGCGCACTGGCCCAT,0,2416181
mglBp,0.14285714285714285,6,6,TTTACGCGCCCTAAACTCCT,0,2395859
mglBp,0.14285714285714285,6,6,TTTACATCCGGGGGGCGTAA,0,2402597
mglBp,0.14285714285714285,6,6,TTGTTGGCCGGGATCCAGGT,0,2365506
mglBp,0.14285714285714285,6,6,TTGTTGCAAACAAAAAGCTG,0,2347480
mglBp,0.14285714285714285,6,6,TTGTTCCCCAGAACAAAGAT,0,2328843
mglBp,0.14285714285714285,6,6,TTGTTCCAGTTGCACATCAC,0,2341271
mglBp,0.14285714285714285,6,6,TTGTGGCTTTGAGTTCACGC,0,2389124
mglBp,0.14285714285714285,6,6,TTGTGCGGCGTATCACGAAG,0,2403653
mglBp,0.14285714285714285,6,6,TTGGTCGCCTTACTTCCGTG,0,2377753
mglBp,0.14285714285714285,6,6,TTGGTCCGTTTACGTACCTA,0,2361106
mglBp,0.14285714285714285,6,6,TTGGTCAAAGAATAAGAACA,0,2318173
mglBp,0.14285714285714285,6,6,TTGGGGCTCTCCGCCGTGAG,0,2341871
mglBp,0.14285714285714285,6,6,TTGGGATTTGGGCGAGAAAG,0,2378518
mglBp,0.14285714285714285,6,6,TTGGCCAGAATGTGTCATGT,0,2328046
mglBp,0.14285714285714285,6,6,TTGGCCAAATCCCCTGCGAG,0,2369400
mglBp,0.14285714285714285,6,6,TTGCTCAGCGCCGGGAAACT,0,2389144
mglBp,0.14285714285714285,6,6,TTGCGTGATGCCACGGAGCA,0,2331980
mglBp,0.14285714285714285,6,6,TTGCGTACTGGCCATGTTGA,0,2342544
mglBp,0.14285714285714285,6,6,TTGCCCAACCGGTGCAAGCA,0,2358887
mglBp,0.14285714285714285,6,6,TTGCATGTGGGATGGGAAAT,0,2376405
mglBp,0.14285714285714285,6,6,TTGATGTATGGATACGATCA,0,2385616
mglBp,0.14285714285714285,6,6,TTGAGAGCGTGTTTTGTCCT,0,2348705
mglBp,0.14285714285714285,6,6,TTGACATACGGTCGCTGAGA,0,2327809
mglBp,0.14285714285714285,6,6,TTCTTTCTAGCATCTTCGGT,0,2405535
mglBp,0.14285714285714285,6,6,TTCTGTCTGTCAGAGGGAAA,0,2397335
mglBp,0.14285714285714285,6,6,TTCTGGTTGTGGCTGTCGGT,0,2399825
mglBp,0.14285714285714285,6,6,TTCTGACGACGATATACATA,0,2361741
mglBp,0.14285714285714285,6,6,TTCTCTATAGAGTGGGCGAG,0,2404224
mglBp,0.14285714285714285,6,6,TTCTCGCCGTTCGTGGCGTA,0,2319546
mglBp,0.14285714285714285,6,6,TTCTCACGAGGCGCGCACTC,0,2349678
mglBp,0.14285714285714285,6,6,TTCTACGGGGACCCCAGTGT,0,2376487
mglBp,0.14285714285714285,6,6,TTCTAAATACTGATTGCACA,0,2414120
mglBp,0.14285714285714285,6,6,TTCGTCGAGTAATCAGAAGT,0,2391566
mglBp,0.14285714285714285,6,6,TTCGTACCAATCTTCTAGGT,0,2335472
mglBp,0.14285714285714285,6,6,TTCGGTATAAATAGCATCTA,0,2364959
mglBp,0.14285714285714285,6,6,TTCGATACTCGGTATGACCC,0,2415154
mglBp,0.14285714285714285,6,6,TTCGACTCCAGAGAAGCAAT,0,2389534
mglBp,0.14285714285714285,6,6,TTCCTTTCTAAGGCGAACTG,0,2408334
mglBp,0.14285714285714285,6,6,TTCCGGGTACTCTAGCTGGA,0,2339235
mglBp,0.14285714285714285,6,6,TTCCGGGAAGCCCACTGTTG,0,2338368
mglBp,0.14285714285714285,6,6,TTCCGGAGGCAAGCGAACGC,0,2358607
mglBp,0.14285714285714285,6,6,TTCCGGACACGGCGTCGTTT,0,2380231
mglBp,0.14285714285714285,6,6,TTCCGAAATCTACACGCAAC,0,2345017
mglBp,0.14285714285714285,6,6,TTCCATCTAGTGATTGGTAC,0,2382028
mglBp,0.14285714285714285,6,6,TTCCATCCGCTTTTCTCATT,0,2348894
mglBp,0.14285714285714285,6,6,TTCCAGCTCCGTTCGTGAGG,0,2372691
mglBp,0.14285714285714285,6,6,TTCATCCGAGGCCTCAGATG,0,2391794
mglBp,0.14285714285714285,6,6,TTCATATCGCTGTAGTCGTG,0,2352129
mglBp,0.14285714285714285,6,6,TTCAGAGGATGAGCGAGGTC,0,2360594
mglBp,0.14285714285714285,6,6,TTCACTGGTGCCGCAGTGGG,0,2358661
mglBp,0.14285714285714285,6,6,TTCACCACTTCAGTGAAGTC,0,2377304
mglBp,0.14285714285714285,6,6,TTCAAAACGCTGCATTTCCC,0,2366891
mglBp,0.14285714285714285,6,6,TTATGTCTTGAACTAAATCG,0,2409165
mglBp,0.14285714285714285,6,6,TTATGTCTCGAAGCAGCTTG,0,2407732
mglBp,0.14285714285714285,6,6,TTATACTGCCGCAAAAAAGT,0,2421128
mglBp,0.14285714285714285,6,6,TTATACGGGAAGACAAGGCA,0,2395621
mglBp,0.14285714285714285,6,6,TTATAATAGAGAATTGTGAG,0,2364921
mglBp,0.14285714285714285,6,6,TTATAAGATCTCTCGGGAAA,0,2316921
mglBp,0.14285714285714285,6,6,TTAGTTAAAAGGAGAACGCT,0,2397592
mglBp,0.14285714285714285,6,6,TTAGTCTCGCAGTGATTCAA,0,2412409
mglBp,0.14285714285714285,6,6,TTAGGTACGTGCGCCTCAGC,0,2320392
mglBp,0.14285714285714285,6,6,TTAGGCTAAATGTAGAACTA,0,2379747
mglBp,0.14285714285714285,6,6,TTAGGAGAGACAGTGGATGG,0,2406563
mglBp,0.14285714285714285,6,6,TTAGCGCCTAAGTTTCCATG,0,2348439
mglBp,0.14285714285714285,6,6,TTAGAGATTTGGTCTTAACG,0,2379830
mglBp,0.14285714285714285,6,6,TTACTTCCCCTCGGAAGCGA,0,2386894
mglBp,0.14285714285714285,6,6,TTACTAAAGGAGCTCTTCGT,0,2377944
mglBp,0.14285714285714285,6,6,TTACGGCCCCATTTCATGGC,0,2395733
mglBp,0.14285714285714285,6,6,TTACGGAATCTTGAACCGGG,0,2412430
mglBp,0.14285714285714285,6,6,TTACCTCCCGAATCTTGTAT,0,2385385
mglBp,0.14285714285714285,6,6,TTACCCCGACTCGTGGGTAA,0,2346296
mglBp,0.14285714285714285,6,6,TTACCCAACAGATATACGAT,0,2387902
mglBp,0.14285714285714285,6,6,TTACCAGTGTGTCGCCAGAT,0,2318330
mglBp,0.14285714285714285,6,6,TTACATAGTTCGAGTATGCC,0,2367337
mglBp,0.14285714285714285,6,6,TTAATTAATAACCACGGTTG,0,2331343
mglBp,0.14285714285714285,6,6,TTAATGTACTATTAGGGTCC,0,2323526
mglBp,0.14285714285714285,6,6,TTAATGGCGGTTTCGGCAAG,0,2322404
mglBp,0.14285714285714285,6,6,TTAATAGGCGCACTATTGAT,0,2387644
mglBp,0.14285714285714285,6,6,TTAATAATTTGTACGGTCAT,0,2384785
mglBp,0.14285714285714285,6,6,TTAAGCGGCGCCGGGAAACT,0,2360738
mglBp,0.14285714285714285,6,6,TTAAGACATGCAACACCACC,0,2324533
mglBp,0.14285714285714285,6,6,TTAACTGTTACGAGTGCAGA,0,2356488
mglBp,0.14285714285714285,6,6,TTAACGTACTTCCACCGACC,0,2409216
mglBp,0.14285714285714285,6,6,TGTTTCAATAGCTTTTCACT,0,2409818
mglBp,0.14285714285714285,6,6,TGTTTATTAGTGCCTCACTG,0,2352536
mglBp,0.14285714285714285,6,6,TGTTGTGCATCAGGGAAGAA,0,2321766
mglBp,0.14285714285714285,6,6,TGTTGCGGGCAAGCGTACGC,0,2344968
mglBp,0.14285714285714285,6,6,TGTTGCGCAGATATTTGTGT,0,2335746
mglBp,0.14285714285714285,6,6,TGTTCCAACCTGCGGATGTT,0,2328245
mglBp,0.14285714285714285,6,6,TGTTATCTCGATACTGCAAG,0,2346363
mglBp,0.14285714285714285,6,6,TGTTAGAGGAACCGAAACTC,0,2420884
mglBp,0.14285714285714285,6,6,TGTTAATGGGGCAGAGTCTT,0,2378460
mglBp,0.14285714285714285,6,6,TGTTAATGAGACTGGTATGC,0,2383145
mglBp,0.14285714285714285,6,6,TGTGTCACGCTTGAAGATAG,0,2398473
mglBp,0.14285714285714285,6,6,TGTGGCCCGTCCAAACAATA,0,2378827
mglBp,0.14285714285714285,6,6,TGTGCTGCCCGAACGTTAGG,0,2336936
mglBp,0.14285714285714285,6,6,TGTGCGCCGGAATACATAGT,0,2396493
mglBp,0.14285714285714285,6,6,TGTGATCTACGACGTTGGCA,0,2325805
mglBp,0.14285714285714285,6,6,TGTGAAAGATTTTACGCAGG,0,2333166
mglBp,0.14285714285714285,6,6,TGTCTCGCAGCTTCGGATGG,0,2350720
mglBp,0.14285714285714285,6,6,TGTCTCAAATACGCACTTGT,0,2387919
mglBp,0.14285714285714285,6,6,TGTCTATCCTGCCCTCGGTT,0,2403352
mglBp,0.14285714285714285,6,6,TGTCGTGGTTGTTACAACAT,0,2385216
mglBp,0.14285714285714285,6,6,TGTCGGACAGTATATGTTTC,0,2340971
mglBp,0.14285714285714285,6,6,TGTCGCAGAATAGTTTGGAA,0,2355945
mglBp,0.14285714285714285,6,6,TGTCCGGGGAATACCGACCA,0,2394848
mglBp,0.14285714285714285,6,6,TGTCCCTTGACCTCCCGAAC,0,2359866
mglBp,0.14285714285714285,6,6,TGTCATCCATAGGTCTCCTT,0,2423140
mglBp,0.14285714285714285,6,6,TGTCAGCGGGAAAGCCCAGT,0,2398172
mglBp,0.14285714285714285,6,6,TGTATTGCTAATGTGAATTG,0,2401793
mglBp,0.14285714285714285,6,6,TGTAGTTGAGGATGCTGGGA,0,2422245
mglBp,0.14285714285714285,6,6,TGTAAACAACGTCGAGTCAT,0,2416121
mglBp,0.14285714285714285,6,6,TGGTTTCGCCTAATTTAGGT,0,2376691
mglBp,0.14285714285714285,6,6,TGGTTCCCTTGGGAGGCATT,0,2349331
mglBp,0.14285714285714285,6,6,TGGTTATCTCAACTTACCGA,0,2336872
mglBp,0.14285714285714285,6,6,TGGTTAAGCTACATCGTAAC,0,2392772
mglBp,0.14285714285714285,6,6,TGGTGCACACTCGGATATGG,0,2408989
mglBp,0.14285714285714285,6,6,TGGTACGCGGTGCGCTCATT,0,2406692
mglBp,0.14285714285714285,6,6,TGGTACAGTGACCTAACGGG,0,2389327
mglBp,0.14285714285714285,6,6,TGGTAATCCTTCGAAAGGTT,0,2333238
mglBp,0.14285714285714285,6,6,TGGGTTTGTTCAAGAGGGTC,0,2401130
mglBp,0.14285714285714285,6,6,TGGGTGCCTGGCTAACAGAG,0,2317346
mglBp,0.14285714285714285,6,6,TGGGTCAAGGGTAATTAGGT,0,2408129
mglBp,0.14285714285714285,6,6,TGGGGGCGTTAGCATCCTGG,0,2386417
mglBp,0.14285714285714285,6,6,TGGGGGCCTTATGGCGGTGG,0,2408736
mglBp,0.14285714285714285,6,6,TGGGGGAGGTTTCCAAGGTC,0,2358526
mglBp,0.14285714285714285,6,6,TGGGGAAGAAGCTAGCGAAC,0,2416163
mglBp,0.14285714285714285,6,6,TGGGCTCTCGTCTAGACGCT,0,2421218
mglBp,0.14285714285714285,6,6,TGGGCCTGTTTCCTGTGTTT,0,2365023
mglBp,0.14285714285714285,6,6,TGGGCAGCAGAGCGCCCAAG,0,2353753
mglBp,0.14285714285714285,6,6,TGGGACTTCTAAAGACTCGC,0,2375822
mglBp,0.14285714285714285,6,6,TGGGACTCGCGACGGGGCTG,0,2389064
mglBp,0.14285714285714285,6,6,TGGCTGTCCGTGTGAGCGTT,0,2337160
mglBp,0.14285714285714285,6,6,TGGCTGCTATGAATCACAAT,0,2358331
mglBp,0.14285714285714285,6,6,TGGCTCGTTAGAGAGTGGTC,0,2422507
mglBp,0.14285714285714285,6,6,TGGCGCTCGTGCACCATTGG,0,2351817
mglBp,0.14285714285714285,6,6,TGGCGCGGCTCCTGTGTCTG,0,2320476
mglBp,0.14285714285714285,6,6,TGGCGAAAGTAATGTGTGGG,0,2377190
mglBp,0.14285714285714285,6,6,TGGCCCGTTGGACTACTCCT,0,2406251
mglBp,0.14285714285714285,6,6,TGGCCACCAACGTGGAACAA,0,2345705
mglBp,0.14285714285714285,6,6,TGGCAGTGTGGCGTCTGGTT,0,2387572
mglBp,0.14285714285714285,6,6,TGGATTCGCAAGGAGAGAGT,0,2399802
mglBp,0.14285714285714285,6,6,TGGAGCCCACATATTGCTTG,0,2365279
mglBp,0.14285714285714285,6,6,TGGACCCTGTTACCAGACGG,0,2335684
mglBp,0.14285714285714285,6,6,TGCTTGTCACTGGCAGCAGA,0,2375234
mglBp,0.14285714285714285,6,6,TGCTGGGATTGAAAATATAG,0,2375190
mglBp,0.14285714285714285,6,6,TGCTGATTCTGGATTCAGGA,0,2368424
mglBp,0.14285714285714285,6,6,TGCTCGGCCCTCTATGCTAT,0,2318345
mglBp,0.14285714285714285,6,6,TGCTCCGCGTAAGGAGCTCC,0,2385583
mglBp,0.14285714285714285,6,6,TGCTCCAGAGAGACACACAG,0,2419216
mglBp,0.14285714285714285,6,6,TGCTCAGAACTTCTGAATTT,0,2407013
mglBp,0.14285714285714285,6,6,TGCTAGGTTCGGGGTCAAAA,0,2422019
mglBp,0.14285714285714285,6,6,TGCGTCCAGCGAGATTAACT,0,2411809
mglBp,0.14285714285714285,6,6,TGCGTCAAGGCGTCATCAGC,0,2388493
mglBp,0.14285714285714285,6,6,TGCGTACTTGGTTCTCAGAA,0,2390450
mglBp,0.14285714285714285,6,6,TGCGGCTTAGCGATTCAGGC,0,2317849
mglBp,0.14285714285714285,6,6,TGCGGCAGATTCCCCAGATA,0,2377861
mglBp,0.14285714285714285,6,6,TGCGGACCCCGCTTGTTGTC,0,2355086
mglBp,0.14285714285714285,6,6,TGCGCCTGTAATATGCAATT,0,2336344
mglBp,0.14285714285714285,6,6,TGCGCATGATACTTAATAAC,0,2342873
mglBp,0.14285714285714285,6,6,TGCGCACGGACACAAGAGAC,0,2333731
mglBp,0.14285714285714285,6,6,TGCCTTGTTTCGGGTCCATA,0,2419286
mglBp,0.14285714285714285,6,6,TGCCTTAGGAGATTAATAGA,0,2339732
mglBp,0.14285714285714285,6,6,TGCCTGACTCCGTATCGCAG,0,2348239
mglBp,0.14285714285714285,6,6,TGCCTCCGTATTCCGAGTTT,0,2401914
mglBp,0.14285714285714285,6,6,TGCCCTTAGTCGTTAGGAAT,0,2380141
mglBp,0.14285714285714285,6,6,TGCCCAACCTTGACGAGAAA,0,2353398
mglBp,0.14285714285714285,6,6,TGCCATGGTTGGCGCCGTTT,0,2376657
mglBp,0.14285714285714285,6,6,TGCCACGTCCGCAGGCGGGT,0,2376433
mglBp,0.14285714285714285,6,6,TGCATTATATCACATTTCAG,0,2332386
mglBp,0.14285714285714285,6,6,TGCATGTCCCGATCTGGTAT,0,2373410
mglBp,0.14285714285714285,6,6,TGCATACCTGGAGATTGATG,0,2399267
mglBp,0.14285714285714285,6,6,TGCAGGAGCAACGGACCTGC,0,2387069
mglBp,0.14285714285714285,6,6,TGCAGACGAGATAAACGTAA,0,2364424
mglBp,0.14285714285714285,6,6,TGCACCAGGGACGCCAATAG,0,2405915
mglBp,0.14285714285714285,6,6,TGATTAGCCAAAGTGATCTT,0,2404724
mglBp,0.14285714285714285,6,6,TGATTACTTTTTCGACTACG,0,2334158
mglBp,0.14285714285714285,6,6,TGATGTAGCAGTACCCGCTG,0,2387654
mglBp,0.14285714285714285,6,6,TGATGGTTTATCTAAAACGA,0,2320285
mglBp,0.14285714285714285,6,6,TGATATAGTCGTTAAAAGTC,0,2329386
mglBp,0.14285714285714285,6,6,TGATAGGTAGACTTAGCTGA,0,2342464
mglBp,0.14285714285714285,6,6,TGAGTCCGTCACTGATTCGT,0,2414130
mglBp,0.14285714285714285,6,6,TGAGCCGACGTGGAGCCCAG,0,2329399
mglBp,0.14285714285714285,6,6,TGAGCATTTGCGAGGGAATA,0,2343178
mglBp,0.14285714285714285,6,6,TGAGACCTATGGAACGCGAG,0,2346638
mglBp,0.14285714285714285,6,6,TGAGAACGCTCCTTATTTAT,0,2403499
mglBp,0.14285714285714285,6,6,TGACTTTCTCCATTCCCGAT,0,2358622
mglBp,0.14285714285714285,6,6,TGACGTGGGGGGGGTATGGG,0,2340294
mglBp,0.14285714285714285,6,6,TGACGGGGCTCGACAAAATT,0,2404822
mglBp,0.14285714285714285,6,6,TGACGGCTGAATCGAATAGC,0,2339786
mglBp,0.14285714285714285,6,6,TGACGCGAATCAGTCAGAAC,0,2382562
mglBp,0.14285714285714285,6,6,TGACGCCGTCTGTCGTAGTG,0,2326565
mglBp,0.14285714285714285,6,6,TGACAGTCAAAGCGGGACAA,0,2350737
mglBp,0.14285714285714285,6,6,TGAATCAGCGGATTACTTGA,0,2374624
mglBp,0.14285714285714285,6,6,TGAATAATCTCTGGCAGACT,0,2356641
mglBp,0.14285714285714285,6,6,TGAAGAACGGAATCGATGGC,0,2350155
mglBp,0.14285714285714285,6,6,TCTTTATCAAGGCTGTAGTT,0,2326162
mglBp,0.14285714285714285,6,6,TCTTGAAGAAGATCTAAGAT,0,2360653
mglBp,0.14285714285714285,6,6,TCTTCTGGCCTATAGGATTT,0,2328367
mglBp,0.14285714285714285,6,6,TCTTCCTACACGCCCACCTA,0,2405711
mglBp,0.14285714285714285,6,6,TCTTACATTCACCAGCCTGC,0,2380360
mglBp,0.14285714285714285,6,6,TCTTAAGACCGCAGCGCCCC,0,2348086
mglBp,0.14285714285714285,6,6,TCTGTTGCCTAATGCCACCT,0,2319137
mglBp,0.14285714285714285,6,6,TCTGTTCACCCGGCCAGAGC,0,2337858
mglBp,0.14285714285714285,6,6,TCTGTCTGGCTGTAAGGCCA,0,2407697
mglBp,0.14285714285714285,6,6,TCTGTAATTAAGGAGCAACA,0,2388855
mglBp,0.14285714285714285,6,6,TCTGGGGCGTCACCTTGGCT,0,2326119
mglBp,0.14285714285714285,6,6,TCTGGCGCCTTTAAGTATTG,0,2335627
mglBp,0.14285714285714285,6,6,TCTGCTAAAGACGAGTGGTG,0,2371895
mglBp,0.14285714285714285,6,6,TCTGCCCAACCACCCACTAA,0,2410300
mglBp,0.14285714285714285,6,6,TCTGATTGTTCTCCATCGGT,0,2404007
mglBp,0.14285714285714285,6,6,TCTGACGGTACTCCCCTTAC,0,2391879
mglBp,0.14285714285714285,6,6,TCTCGTTTAAAGCATATAGC,0,2358796
mglBp,0.14285714285714285,6,6,TCTCGGCGGTAACATAGAGC,0,2415704
mglBp,0.14285714285714285,6,6,TCTCCCTGATGAGCGAGACT,0,2406678
mglBp,0.14285714285714285,6,6,TCTCCATATAGTTCCTCCTT,0,2350465
mglBp,0.14285714285714285,6,6,TCTCCAGGCGGCGGCTTAGC,0,2359568
mglBp,0.14285714285714285,6,6,TCTCAGTCAAAGATTATAAT,0,2320352
mglBp,0.14285714285714285,6,6,TCTATGGGATCTATTAACGA,0,2363276
mglBp,0.14285714285714285,6,6,TCTATGGGAAGTGGGCCGTC,0,2360885
mglBp,0.14285714285714285,6,6,TCTAGTCGCGCCGCTTGAAA,0,2397130
mglBp,0.14285714285714285,6,6,TCTAGACTTGAATCGTTGGT,0,2379926
mglBp,0.14285714285714285,6,6,TCTACCCTCGGAAAGAATCC,0,2403325
mglBp,0.14285714285714285,6,6,TCTAAGCCACAGGATTCGAT,0,2363585
mglBp,0.14285714285714285,6,6,TCTAAATTGAAAAGACTGGG,0,2326376
mglBp,0.14285714285714285,6,6,TCGTTGTCCTCCGCTAATCA,0,2337508
mglBp,0.14285714285714285,6,6,TCGTTGCGCGGATTGGTGGT,0,2364831
mglBp,0.14285714285714285,6,6,TCGTTCTAAGGCCTGTGCGT,0,2369004
mglBp,0.14285714285714285,6,6,TCGTTACATGCTTTATAAAG,0,2399477
mglBp,0.14285714285714285,6,6,TCGTGACTAAGAAGGGTTCA,0,2418692
mglBp,0.14285714285714285,6,6,TCGTCGCCGCTGGTATAATT,0,2389505
mglBp,0.14285714285714285,6,6,TCGTCCATGCCAGGCAACAT,0,2332475
mglBp,0.14285714285714285,6,6,TCGTCAAACCGACTTGGGGG,0,2394695
mglBp,0.14285714285714285,6,6,TCGTAGATCTTCAAGCCTCT,0,2326289
mglBp,0.14285714285714285,6,6,TCGTAAGTGGATTTGTAGCA,0,2374207
mglBp,0.14285714285714285,6,6,TCGGATGGGCCTTTGTGTCG,0,2363248
mglBp,0.14285714285714285,6,6,TCGGACAGCCGCGCCTGCAG,0,2330400
mglBp,0.14285714285714285,6,6,TCGGAAAAGGAACCCTACCA,0,2370558
mglBp,0.14285714285714285,6,6,TCGCTTATTTAGGGCAGCGT,0,2423701
mglBp,0.14285714285714285,6,6,TCGCTGAGCGGTGAAAGTGG,0,2411631
mglBp,0.14285714285714285,6,6,TCGCTCTCCTAGTAGCTTGG,0,2376924
mglBp,0.14285714285714285,6,6,TCGCCTGAAGACAGACCCCT,0,2331514
mglBp,0.14285714285714285,6,6,TCGCCGACAGAGCTGCACTC,0,2319099
mglBp,0.14285714285714285,6,6,TCGCCCAAACGGGAGCTACA,0,2411708
mglBp,0.14285714285714285,6,6,TCGATTATTGCACGTCTGAC,0,2379043
mglBp,0.14285714285714285,6,6,TCGATAGGAGCATTTGCTCG,0,2379764
mglBp,0.14285714285714285,6,6,TCGAGCTAACCGTCATGGGG,0,2368792
mglBp,0.14285714285714285,6,6,TCGAAGTGCATTCAGGTCAA,0,2358149
mglBp,0.14285714285714285,6,6,TCGAACATGGCAGGAGGTCA,0,2394823
mglBp,0.14285714285714285,6,6,TCCTTCGGGAATCTTAACAG,0,2376437
mglBp,0.14285714285714285,6,6,TCCTGTGTACAGTCGCAAGC,0,2419657
mglBp,0.14285714285714285,6,6,TCCTGGACGAAGGGCTCCAT,0,2326649
mglBp,0.14285714285714285,6,6,TCCTGGACCTGCTACTCCTT,0,2366289
mglBp,0.14285714285714285,6,6,TCCTCTGCTTCGAATAGTGC,0,2350763
mglBp,0.14285714285714285,6,6,TCCTCTGATAGCCAGTTATC,0,2367397
mglBp,0.14285714285714285,6,6,TCCTCACGTTGCCTTCGCAA,0,2335423
mglBp,0.14285714285714285,6,6,TCCTACAGCGCGCGTCTATA,0,2342931
mglBp,0.14285714285714285,6,6,TCCGTTCATTAATTGCGCTG,0,2321221
mglBp,0.14285714285714285,6,6,TCCGTCTCCCGGTCTGACGG,0,2403990
mglBp,0.14285714285714285,6,6,TCCGGGATTCGATGAGAGGA,0,2404493
mglBp,0.14285714285714285,6,6,TCCGCGCTATGAATAGGGAG,0,2380762
mglBp,0.14285714285714285,6,6,TCCCTGGGAAGGCGGGATGT,0,2353807
mglBp,0.14285714285714285,6,6,TCCCGGTGAGTGTTCCCCAC,0,2420642
mglBp,0.14285714285714285,6,6,TCCCGACGGGAATAGGCGTG,0,2331241
mglBp,0.14285714285714285,6,6,TCCCCGGGACTACGCCTCAT,0,2358360
mglBp,0.14285714285714285,6,6,TCCCCATGTGCTTTGCATTT,0,2408656
mglBp,0.14285714285714285,6,6,TCCCATCCCACAAATCCGCC,0,2335706
mglBp,0.14285714285714285,6,6,TCCCAGGAACCTTTAATGAT,0,2348038
mglBp,0.14285714285714285,6,6,TCCATTTGGTTGGAACAAAG,0,2368236
mglBp,0.14285714285714285,6,6,TCCATTGGTGCGCACTTAAA,0,2386786
mglBp,0.14285714285714285,6,6,TCCATGATTAGCGTGCTATC,0,2396953
mglBp,0.14285714285714285,6,6,TCCATCGGTCCCCAGGGGTG,0,2397345
mglBp,0.14285714285714285,6,6,TCCACGTTCCGCCCCCTCCT,0,2400776
mglBp,0.14285714285714285,6,6,TCCACGGCACTCACTGGTGC,0,2385768
mglBp,0.14285714285714285,6,6,TCCACCTGGCCGCCCACAGG,0,2375642
mglBp,0.14285714285714285,6,6,TCCACATACCACTGTGGTAA,0,2391558
mglBp,0.14285714285714285,6,6,TCCAACGTTACGGGGGAATC,0,2402570
mglBp,0.14285714285714285,6,6,TCATTATTGGGTGTATCAGC,0,2409752
mglBp,0.14285714285714285,6,6,TCATGCTGTAAGTGCTTAAT,0,2389304
mglBp,0.14285714285714285,6,6,TCATGCTCTCCGTAAAGCTC,0,2398423
mglBp,0.14285714285714285,6,6,TCATCTTACATGTACTACCT,0,2320966
mglBp,0.14285714285714285,6,6,TCATCTGACCATGGTATGTC,0,2379961
mglBp,0.14285714285714285,6,6,TCATCTCGTCGGCTTGACTA,0,2357250
mglBp,0.14285714285714285,6,6,TCATCGGTAACGCGAAGCTG,0,2422941
mglBp,0.14285714285714285,6,6,TCATAGTATCTGACAGCGGG,0,2401828
mglBp,0.14285714285714285,6,6,TCATACCGGTTGCAAACACC,0,2375830
mglBp,0.14285714285714285,6,6,TCATAACAGAGGGTTTTTGT,0,2338771
mglBp,0.14285714285714285,6,6,TCAGGCTCTTAACCCTCCGG,0,2417382
mglBp,0.14285714285714285,6,6,TCAGGCCGCCAGTTAGCACA,0,2418784
mglBp,0.14285714285714285,6,6,TCAGGCATCCCTTCCCCGTG,0,2334288
mglBp,0.14285714285714285,6,6,TCAGAGTTCCTGACTTGGTG,0,2325253
mglBp,0.14285714285714285,6,6,TCAGAAGTTTAATATTACTG,0,2319315
mglBp,0.14285714285714285,6,6,TCACTCTCACGTACGACCAT,0,2360967
mglBp,0.14285714285714285,6,6,TCACTACATGTACGTCTGTA,0,2387617
mglBp,0.14285714285714285,6,6,TCACGTGAAGCAAACGTCTG,0,2403616
mglBp,0.14285714285714285,6,6,TCACGATTTTTTCTCGTTCT,0,2399426
mglBp,0.14285714285714285,6,6,TCACCGGTGGCCTTCAACGG,0,2341904
mglBp,0.14285714285714285,6,6,TCACATGAATGGAAGGAACA,0,2409545
mglBp,0.14285714285714285,6,6,TCACAGAGCGGCTGGAGACT,0,2323209
mglBp,0.14285714285714285,6,6,TCACAGACGAGAGATGTTAG,0,2320087
mglBp,0.14285714285714285,6,6,TCACAATTCGGCTGATCACA,0,2349027
mglBp,0.14285714285714285,6,6,TCAATTGTTGTATTCCAGGG,0,2389230
mglBp,0.14285714285714285,6,6,TCAAGTTTATACGGGGCTCT,0,2350251
mglBp,0.14285714285714285,6,6,TCAAGGAATATGCAAGCCCG,0,2421798
mglBp,0.14285714285714285,6,6,TCAAGCGGCAGCCTTGTTAT,0,2372064
mglBp,0.14285714285714285,6,6,TCAACACACCACAGGTTAGG,0,2332128
mglBp,0.14285714285714285,6,6,TCAAATGCGTAGCAATGTCT,0,2415036
mglBp,0.14285714285714285,6,6,TCAAACCTCATATATAGTTA,0,2398397
mglBp,0.14285714285714285,6,6,TATTGTTAAATGTGATTTAC,0,2371154
mglBp,0.14285714285714285,6,6,TATTGGGAATCTACCGAGGA,0,2363104
mglBp,0.14285714285714285,6,6,TATTGGACCTGTCCGTAGGA,0,2383730
mglBp,0.14285714285714285,6,6,TATTCGGTCATTACTCAAAC,0,2399014
mglBp,0.14285714285714285,6,6,TATTATATGAGTATGATGAG,0,2368066
mglBp,0.14285714285714285,6,6,TATTAGTTCGTTCCAATGAA,0,2378788
mglBp,0.14285714285714285,6,6,TATGGGGAGCTAAAGGCAGT,0,2327717
mglBp,0.14285714285714285,6,6,TATGGCTTACTAAATGAAAG,0,2392635
mglBp,0.14285714285714285,6,6,TATGCGCTCGCCGCTCAGAT,0,2368659
mglBp,0.14285714285714285,6,6,TATGCCTGGCAACGTGTCAA,0,2363528
mglBp,0.14285714285714285,6,6,TATGAGGCGCGGCATGAGCA,0,2330461
mglBp,0.14285714285714285,6,6,TATCTTTAGGCCTGGCCCGA,0,2323314
mglBp,0.14285714285714285,6,6,TATCTCCCGGTGGGCAACTG,0,2394590
mglBp,0.14285714285714285,6,6,TATCTAGGCGCCCACGTGCG,0,2414653
mglBp,0.14285714285714285,6,6,TATCGTCTACCCCATATACT,0,2363491
mglBp,0.14285714285714285,6,6,TATCCGTCCCTTTGGGTTCC,0,2368097
mglBp,0.14285714285714285,6,6,TATATGTAGGAAACTTGGCC,0,2334559
mglBp,0.14285714285714285,6,6,TATATCCCTAGTTCTACAGC,0,2341278
mglBp,0.14285714285714285,6,6,TATAGGGCCTTAGTGAGAAA,0,2395059
mglBp,0.14285714285714285,6,6,TATAGATGAAGCAGTAGGGT,0,2325067
mglBp,0.14285714285714285,6,6,TATACCGTAAAGTAGTGTCT,0,2359488
mglBp,0.14285714285714285,6,6,TATACATCATCTCAGTATGC,0,2363022
mglBp,0.14285714285714285,6,6,TATACAAGCCCCCAGTTCGT,0,2369504
mglBp,0.14285714285714285,6,6,TATAAGAGTCATGCCTAACA,0,2346504
mglBp,0.14285714285714285,6,6,TAGTCGGTGAGCTGCGCGGG,0,2370107
mglBp,0.14285714285714285,6,6,TAGTCGGTCAAGACATTAAC,0,2349588
mglBp,0.14285714285714285,6,6,TAGGTATATGTAGCAGTAGT,0,2340447
mglBp,0.14285714285714285,6,6,TAGGGGTGCCCCGTCGTAAT,0,2368513
mglBp,0.14285714285714285,6,6,TAGGGGAGTATTTGGATGTA,0,2333538
mglBp,0.14285714285714285,6,6,TAGGGCCCGACGTGTACATT,0,2402844
mglBp,0.14285714285714285,6,6,TAGGCCGAGTGAGGATAATG,0,2347197
mglBp,0.14285714285714285,6,6,TAGGACAGACACCTGGGGGT,0,2380304
mglBp,0.14285714285714285,6,6,TAGGACACACCTTGCCGTAC,0,2395296
mglBp,0.14285714285714285,6,6,TAGCTGTGGAGGACCATGCC,0,2383443
mglBp,0.14285714285714285,6,6,TAGCTAGTTCGCTGGTTAGA,0,2368857
mglBp,0.14285714285714285,6,6,TAGCGTTCCTGTACTTCACG,0,2395923
mglBp,0.14285714285714285,6,6,TAGCGACATCTCTGACAAGG,0,2344218
mglBp,0.14285714285714285,6,6,TAGCCAACTTGGGATAGCGT,0,2393118
mglBp,0.14285714285714285,6,6,TAGCATGCTCTACATTTTCG,0,2375219
mglBp,0.14285714285714285,6,6,TAGCAGGGTGACTTAACATA,0,2388218
mglBp,0.14285714285714285,6,6,TAGCAACCAAGCTGCAGTGT,0,2355177
mglBp,0.14285714285714285,6,6,TAGATGACTATACTGTGACT,0,2338042
mglBp,0.14285714285714285,6,6,TAGATATAGTAAGTTTACAG,0,2363095
mglBp,0.14285714285714285,6,6,TAGATAGATGGACGTAAAGA,0,2368644
mglBp,0.14285714285714285,6,6,TAGATAGATGAAATTTGGGG,0,2391610
mglBp,0.14285714285714285,6,6,TAGACGTAAGCGTACAGGAT,0,2321353
mglBp,0.14285714285714285,6,6,TAGAAGGTAGGTGACAATTA,0,2405593
mglBp,0.14285714285714285,6,6,TAGAAGGCTGTCCTTCTATG,0,2383117
mglBp,0.14285714285714285,6,6,TAGAACATCATTTTCATTTC,0,2411204
mglBp,0.14285714285714285,6,6,TACTTCGCAGAGGGTATGAG,0,2331933
mglBp,0.14285714285714285,6,6,TACTTAGCTGTCCAGCGGCT,0,2418857
mglBp,0.14285714285714285,6,6,TACTGTGAAATTTGTAAGAT,0,2376234
mglBp,0.14285714285714285,6,6,TACTGAGCGACTCTGGCTGT,0,2383821
mglBp,0.14285714285714285,6,6,TACTCTAGATCTTTCCTCGT,0,2336585
mglBp,0.14285714285714285,6,6,TACTCGCTCGGCAACCCGGC,0,2417618
mglBp,0.14285714285714285,6,6,TACTCCTATTAAACCTAAAA,0,2356665
mglBp,0.14285714285714285,6,6,TACTCCTATAGTGTTTTGCA,0,2422205
mglBp,0.14285714285714285,6,6,TACTCCCTATAGAAACGTCG,0,2365538
mglBp,0.14285714285714285,6,6,TACGTCTGTACGATCTTGTC,0,2398420
mglBp,0.14285714285714285,6,6,TACGTCGTAGTTCTCCCAAA,0,2398821
mglBp,0.14285714285714285,6,6,TACGTAATGGTGCATATAGT,0,2324713
mglBp,0.14285714285714285,6,6,TACGGTGCTGAGGAGGCTGA,0,2346634
mglBp,0.14285714285714285,6,6,TACGGGGCTGTCAAATTACA,0,2391413
mglBp,0.14285714285714285,6,6,TACGGGGATGATTTATAAAT,0,2401069
mglBp,0.14285714285714285,6,6,TACGGCGTTGTTGTAGTTTA,0,2338104
mglBp,0.14285714285714285,6,6,TACGATGATGAGTGACCGCT,0,2389441
mglBp,0.14285714285714285,6,6,TACGAAGGAGAGGAGGCGGT,0,2347568
mglBp,0.14285714285714285,6,6,TACCTCTGAGACGGTCCTTG,0,2422787
mglBp,0.14285714285714285,6,6,TACCTACTAGCGTGAGTTCT,0,2399390
mglBp,0.14285714285714285,6,6,TACCGTGACAAGCAGACGAA,0,2362232
mglBp,0.14285714285714285,6,6,TACCGTCCTAGAAGGGCATT,0,2321965
mglBp,0.14285714285714285,6,6,TACCGAGACATGGAAGGACA,0,2371730
mglBp,0.14285714285714285,6,6,TACCGAACCCGAAACGCAAA,0,2406227
mglBp,0.14285714285714285,6,6,TACCCGCTCATACATGCGTC,0,2401048
mglBp,0.14285714285714285,6,6,TACCCGCGCGTCCTAATCTT,0,2412912
mglBp,0.14285714285714285,6,6,TACCCCTAAGACTGGATTGA,0,2368984
mglBp,0.14285714285714285,6,6,TACCAAGCACCGGTGAATTG,0,2421985
mglBp,0.14285714285714285,6,6,TACAGTACCTGGGTCGCCAA,0,2351788
mglBp,0.14285714285714285,6,6,TACAGGGGTACTTTCAAGAC,0,2407999
mglBp,0.14285714285714285,6,6,TACAGGGCGTGCGGCTATTT,0,2387328
mglBp,0.14285714285714285,6,6,TACAGGATTCTTGAGCCTAT,0,2348915
mglBp,0.14285714285714285,6,6,TACACTCCGGAACCTGACAC,0,2405205
mglBp,0.14285714285714285,6,6,TACACTAGGGACTAGGGACA,0,2379815
mglBp,0.14285714285714285,6,6,TAATTTACGAGACATTAGAC,0,2392351
mglBp,0.14285714285714285,6,6,TAATTCTCGATCGTGATCAC,0,2383957
mglBp,0.14285714285714285,6,6,TAATTACCATGACCGTATTC,0,2320458
mglBp,0.14285714285714285,6,6,TAATGCTAGTGAGTCTGCCC,0,2342041
mglBp,0.14285714285714285,6,6,TAATGCCTCAGTTTCGTGAC,0,2417416
mglBp,0.14285714285714285,6,6,TAATGCAGCGTCCACTTATG,0,2383318
mglBp,0.14285714285714285,6,6,TAATGAGGCGCAAAACTGCA,0,2385996
mglBp,0.14285714285714285,6,6,TAATCTGTGAATCCAAACAC,0,2401827
mglBp,0.14285714285714285,6,6,TAATAGTCACTATGTGGGAT,0,2401317
mglBp,0.14285714285714285,6,6,TAATAAGTGCCGTTATGATA,0,2366867
mglBp,0.14285714285714285,6,6,TAATAACTCCGTCACTGCGA,0,2412303
mglBp,0.14285714285714285,6,6,TAAGTTAAGTATACTCTCAT,0,2344386
mglBp,0.14285714285714285,6,6,TAAGTGAGGTTACATGATTA,0,2329605
mglBp,0.14285714285714285,6,6,TAAGTATCGACCTTTACTAC,0,2360441
mglBp,0.14285714285714285,6,6,TAAGGCACACTGCTTGGAGC,0,2348828
mglBp,0.14285714285714285,6,6,TAAGCTTCCGGCCGTTCCGT,0,2374536
mglBp,0.14285714285714285,6,6,TAAGCTACCATGGTCCGTTA,0,2321088
mglBp,0.14285714285714285,6,6,TAAGACCGGCAGGTCCAGAG,0,2422655
mglBp,0.14285714285714285,6,6,TAACTCGCAGCTCGAGTTGA,0,2421799
mglBp,0.14285714285714285,6,6,TAACGGAGGGTTTCGAGGTA,0,2413138
mglBp,0.14285714285714285,6,6,TAACGATCTACTTGTTAAAG,0,2387190
mglBp,0.14285714285714285,6,6,TAACGATCGAATACCAGGGA,0,2346807
mglBp,0.14285714285714285,6,6,TAACGAATCCCGCCCCGTAT,0,2382592
mglBp,0.14285714285714285,6,6,TAACCTTTACAGAGATGAGT,0,2382706
mglBp,0.14285714285714285,6,6,TAACCTCCTGAACAGTGCCG,0,2340530
mglBp,0.14285714285714285,6,6,TAACCTCAGTGTGATTATCG,0,2340975
mglBp,0.14285714285714285,6,6,TAACCGTGAGTAAGAACAAA,0,2414373
mglBp,0.14285714285714285,6,6,TAACCGTCACACGAACTATG,0,2319798
mglBp,0.14285714285714285,6,6,TAACCGGGGGTCTAATTAAG,0,2351932
mglBp,0.14285714285714285,6,6,TAACCACGTACGCGTGACAC,0,2419499
mglBp,0.14285714285714285,6,6,TAACCAATTTTGATGTCCGA,0,2400702
mglBp,0.14285714285714285,6,6,TAACAGGTCAGTCGTAAATG,0,2357671
mglBp,0.14285714285714285,6,6,TAACAAAGCCTAACGCGCGA,0,2371658
mglBp,0.14285714285714285,6,6,TAAAGAGCGGCAGTCCCATA,0,2404693
mglBp,0.14285714285714285,6,6,TAAACGCCTAGAGCTGCTGA,0,2363488
mglBp,0.14285714285714285,6,6,TAAAATGTCATTAGGATGCG,0,2325620
mglBp,0.14285714285714285,6,6,TAAAACGCGAGATTTATACC,0,2376313
mglBp,0.14285714285714285,6,6,TAAAAACCTTTTAGTTCTAT,0,2387363
mglBp,0.14285714285714285,6,6,GTTTTGGATTCGCCAGGTTC,0,2420311
mglBp,0.14285714285714285,6,6,GTTTTCTAGTCTAATCGACC,0,2388679
mglBp,0.14285714285714285,6,6,GTTTGTTCGCCAAGGCTTTA,0,2419793
mglBp,0.14285714285714285,6,6,GTTTGAATAACTCTTCAAAG,0,2386298
mglBp,0.14285714285714285,6,6,GTTTCTTAATCAGCCATCCC,0,2412700
mglBp,0.14285714285714285,6,6,GTTTCTAAGTTAAGCTCAGA,0,2388018
mglBp,0.14285714285714285,6,6,GTTTCGCCAGACTGTGTGTA,0,2357724
mglBp,0.14285714285714285,6,6,GTTTCCGTACTCTTCAGTCG,0,2380826
mglBp,0.14285714285714285,6,6,GTTTCACAGCCGTGACCTTT,0,2353585
mglBp,0.14285714285714285,6,6,GTTTATTGGTAGGTAGATAA,0,2380922
mglBp,0.14285714285714285,6,6,GTTTACGATAAGCTCCGAGC,0,2385876
mglBp,0.14285714285714285,6,6,GTTTACACGATTATTAACTT,0,2421741
mglBp,0.14285714285714285,6,6,GTTTAAGGCCCCGTGTAACT,0,2341788
mglBp,0.14285714285714285,6,6,GTTGGTCCGACATCAAAACT,0,2397525
mglBp,0.14285714285714285,6,6,GTTGGTATCGCGACCCTCCA,0,2399273
mglBp,0.14285714285714285,6,6,GTTGGTAGTGGGTTACAAGG,0,2399678
mglBp,0.14285714285714285,6,6,GTTGGTAAACAAATGCATTT,0,2391485
mglBp,0.14285714285714285,6,6,GTTGGGCCGCACCTCACGAG,0,2347784
mglBp,0.14285714285714285,6,6,GTTGGCACGCCTCCATGCGG,0,2370143
mglBp,0.14285714285714285,6,6,GTTGCTACCATGCGATGATG,0,2316627
mglBp,0.14285714285714285,6,6,GTTGCGAGGACTGTGGCGCT,0,2323808
mglBp,0.14285714285714285,6,6,GTTGCGAGCCCATACTGTAC,0,2392506
mglBp,0.14285714285714285,6,6,GTTGACGAAATTCGTTAATT,0,2362954
mglBp,0.14285714285714285,6,6,GTTCTGGCAGAGCGAAGTTT,0,2331131
mglBp,0.14285714285714285,6,6,GTTCTGAATATACCGGTTAT,0,2415389
mglBp,0.14285714285714285,6,6,GTTCGGCTCCAGCTCTGTAT,0,2317005
mglBp,0.14285714285714285,6,6,GTTCGGCACCCCACCGGTTA,0,2343932
mglBp,0.14285714285714285,6,6,GTTCGGCAAATCAAAATCTC,0,2349066
mglBp,0.14285714285714285,6,6,GTTCGCCCACATAGTCATCC,0,2353506
mglBp,0.14285714285714285,6,6,GTTCGCCATGCACGTCTACA,0,2411621
mglBp,0.14285714285714285,6,6,GTTCGCAAAACATTTTTGAA,0,2400076
mglBp,0.14285714285714285,6,6,GTTCGATCTTGCATTTGATA,0,2351305
mglBp,0.14285714285714285,6,6,GTTCCTGGCATGCCGTGTCT,0,2402561
mglBp,0.14285714285714285,6,6,GTTCCGTTCTAGTACCATAT,0,2370207
mglBp,0.14285714285714285,6,6,GTTCATTCACACAAACCACA,0,2349485
mglBp,0.14285714285714285,6,6,GTTCATTACCCGTAAGGGAG,0,2375406
mglBp,0.14285714285714285,6,6,GTTCATATGACAGCATAACA,0,2402193
mglBp,0.14285714285714285,6,6,GTTCAGCTGCACTGGCGGAG,0,2379326
mglBp,0.14285714285714285,6,6,GTTCAGCATGGAACTTTAGG,0,2366550
mglBp,0.14285714285714285,6,6,GTTATCGTTAGTATTGATGA,0,2360245
mglBp,0.14285714285714285,6,6,GTTAGTGAGTGTCTCGCACA,0,2334571
mglBp,0.14285714285714285,6,6,GTTAGGAGCCGAATGTGTAA,0,2354941
mglBp,0.14285714285714285,6,6,GTTACGTACTGTAGGAACGA,0,2327157
mglBp,0.14285714285714285,6,6,GTTAATGTTTTTGTACGAAG,0,2420634
mglBp,0.14285714285714285,6,6,GTTAACTTGCGTAGCCAATA,0,2396437
mglBp,0.14285714285714285,6,6,GTTAACACTTAGCTTTTCGA,0,2409600
mglBp,0.14285714285714285,6,6,GTGTTGCTTGGAAGTCAAGG,0,2331778
mglBp,0.14285714285714285,6,6,GTGTTGACCAGGAACTGTTT,0,2422607
mglBp,0.14285714285714285,6,6,GTGTTAGGAGATTGCTTATC,0,2407385
mglBp,0.14285714285714285,6,6,GTGTGCTATCAGAACATGGT,0,2411003
mglBp,0.14285714285714285,6,6,GTGTCACCAGATTGGTCCGA,0,2344449
mglBp,0.14285714285714285,6,6,GTGTATCTGAGTATGTCTCG,0,2401187
mglBp,0.14285714285714285,6,6,GTGTATACGGCGACAGGGGT,0,2337373
mglBp,0.14285714285714285,6,6,GTGTACAGCGACCAGCAAGC,0,2398701
mglBp,0.14285714285714285,6,6,GTGTAAGCGGGTAAGAACGC,0,2339565
mglBp,0.14285714285714285,6,6,GTGGTTTTGAGCAAGCCGCT,0,2348456
mglBp,0.14285714285714285,6,6,GTGGTCCGGTAAAACTTAGG,0,2377657
mglBp,0.14285714285714285,6,6,GTGGGATGTAGCATTGTTTC,0,2384814
mglBp,0.14285714285714285,6,6,GTGGCACGCGTGTCAATTTT,0,2392398
mglBp,0.14285714285714285,6,6,GTGGAGGGCGTTTTCATATA,0,2331255
mglBp,0.14285714285714285,6,6,GTGCTATGCGGTGCTGCCCC,0,2374055
mglBp,0.14285714285714285,6,6,GTGCGTAAGAAGCCCTTAAT,0,2399973
mglBp,0.14285714285714285,6,6,GTGCGAATTGTACACGTGTG,0,2320971
mglBp,0.14285714285714285,6,6,GTGCCACACATTAGGCACAC,0,2400032
mglBp,0.14285714285714285,6,6,GTGCATTTCGACTGATCCTC,0,2392268
mglBp,0.14285714285714285,6,6,GTGCAGAGCGCGGGCTATGC,0,2349586
mglBp,0.14285714285714285,6,6,GTGCAATACTGATCGTAACT,0,2407858
mglBp,0.14285714285714285,6,6,GTGATACGCATATGAAAAGT,0,2403065
mglBp,0.14285714285714285,6,6,GTGAGTTAGTGAAGGCTCGT,0,2335934
mglBp,0.14285714285714285,6,6,GTGAGGGTCTCAGCTTCTTG,0,2328852
mglBp,0.14285714285714285,6,6,GTGAGGCGGAAGGTTAGAAC,0,2405418
mglBp,0.14285714285714285,6,6,GTGACTCATTTTGGAAGTGC,0,2393183
mglBp,0.14285714285714285,6,6,GTGAAGTAGTACTAATCACT,0,2370557
mglBp,0.14285714285714285,6,6,GTCTTGGGCTGGATACTAGA,0,2337190
mglBp,0.14285714285714285,6,6,GTCTTGGCGCAATAACCTGA,0,2347667
mglBp,0.14285714285714285,6,6,GTCTTGGCAGGTACTCGTTT,0,2365942
mglBp,0.14285714285714285,6,6,GTCTGGTTGCTCCTACTCCA,0,2336931
mglBp,0.14285714285714285,6,6,GTCTCGGTTGTAGAGTCAGC,0,2423031
mglBp,0.14285714285714285,6,6,GTCTATTCACCTAGGGCCGG,0,2392451
mglBp,0.14285714285714285,6,6,GTCTATACGTCCTGAGCATT,0,2391505
mglBp,0.14285714285714285,6,6,GTCGTTATGATGCCGGTACA,0,2331649
mglBp,0.14285714285714285,6,6,GTCGTGGAGATCATCAACAT,0,2329099
mglBp,0.14285714285714285,6,6,GTCGTCCCTAAATTAGTCGT,0,2321157
mglBp,0.14285714285714285,6,6,GTCGGTCCTCCGTTCTCTTA,0,2423108
mglBp,0.14285714285714285,6,6,GTCGGGTGCTTAATTGTTGG,0,2419174
mglBp,0.14285714285714285,6,6,GTCGCGGGGAGAGCTAACAG,0,2317868
mglBp,0.14285714285714285,6,6,GTCGCATGCCGCAAAATATG,0,2397356
mglBp,0.14285714285714285,6,6,GTCGCAGTATATATGCACCA,0,2361564
mglBp,0.14285714285714285,6,6,GTCGAGATCCAATTACGTTC,0,2410603
mglBp,0.14285714285714285,6,6,GTCCTGTTCTCGATATCATA,0,2383589
mglBp,0.14285714285714285,6,6,GTCCGGGAGGCTAGGGAGCG,0,2336927
mglBp,0.14285714285714285,6,6,GTCCGGATTGTACCGCTGAA,0,2341563
mglBp,0.14285714285714285,6,6,GTCCGACGGAGGCTAGGGCT,0,2373987
mglBp,0.14285714285714285,6,6,GTCCCCCTCTGTGGTCAGCT,0,2378481
mglBp,0.14285714285714285,6,6,GTCCCCAGCAATGCTTTTCA,0,2379956
mglBp,0.14285714285714285,6,6,GTCCAGTACACACGTATTAC,0,2400213
mglBp,0.14285714285714285,6,6,GTCCAACTTTGCAATGACGA,0,2321535
mglBp,0.14285714285714285,6,6,GTCCAACCCGAAGTGGTAAG,0,2406076
mglBp,0.14285714285714285,6,6,GTCATGGCCTGATGAGGGCA,0,2403565
mglBp,0.14285714285714285,6,6,GTCATCGTCGCCATGAGACC,0,2355955
mglBp,0.14285714285714285,6,6,GTCAGTTACACCAAGTCGCC,0,2386192
mglBp,0.14285714285714285,6,6,GTCAGTTAAGCCTCGCTCTT,0,2354288
mglBp,0.14285714285714285,6,6,GTCAGGGGTACAGTCAAAAG,0,2339577
mglBp,0.14285714285714285,6,6,GTCAAAGTTCCGAACACGAC,0,2344052
mglBp,0.14285714285714285,6,6,GTATTAGCCGTCCTTATCTG,0,2416128
mglBp,0.14285714285714285,6,6,GTATTACTAGGGTGGGCTGT,0,2389118
mglBp,0.14285714285714285,6,6,GTATGTGGTCAATGGATCCA,0,2378022
mglBp,0.14285714285714285,6,6,GTATGGGAGGCTCGAAGTCT,0,2336790
mglBp,0.14285714285714285,6,6,GTATGACGTCTACGGCGGTA,0,2405024
mglBp,0.14285714285714285,6,6,GTATAGGCTATTCAATGAGG,0,2371673
mglBp,0.14285714285714285,6,6,GTATAAAGGTACTATGTAAG,0,2423254
mglBp,0.14285714285714285,6,6,GTAGTTGGGTGAGAAACCAA,0,2352789
mglBp,0.14285714285714285,6,6,GTAGTACAGAAGGTGACATG,0,2336483
mglBp,0.14285714285714285,6,6,GTAGGTTATCTTCAATGGCC,0,2375825
mglBp,0.14285714285714285,6,6,GTAGGGGAGAACAGTAAATC,0,2412421
mglBp,0.14285714285714285,6,6,GTAGCTGTCGAACTGGAGGG,0,2354780
mglBp,0.14285714285714285,6,6,GTAGCTATTAAGCAACAGTG,0,2409901
mglBp,0.14285714285714285,6,6,GTAGACAAGGGGCGTGGTAC,0,2400240
mglBp,0.14285714285714285,6,6,GTACTGGGGCGGAGCCAATC,0,2417085
mglBp,0.14285714285714285,6,6,GTACGGTACGTGCAATGGCT,0,2356703
mglBp,0.14285714285714285,6,6,GTACATTGAGTCTAAAACGT,0,2343998
mglBp,0.14285714285714285,6,6,GTACATAGTGGGCTGTAAAA,0,2375979
mglBp,0.14285714285714285,6,6,GTACAAGCGCGCTGTAGAGG,0,2362919
mglBp,0.14285714285714285,6,6,GTAACTGCGCTCGACGCAAT,0,2382153
mglBp,0.14285714285714285,6,6,GTAACCGTGGAATAGTCGCA,0,2382247
mglBp,0.14285714285714285,6,6,GTAAAGCATGTGGAATCCGT,0,2422732
mglBp,0.14285714285714285,6,6,GGTTTTCGTGAACTAGCCCT,0,2406204
mglBp,0.14285714285714285,6,6,GGTTTCCCTTGAAGGCCGGT,0,2385569
mglBp,0.14285714285714285,6,6,GGTTTAGTCTCACGTTGGCT,0,2403249
mglBp,0.14285714285714285,6,6,GGTTTACGTAAGACACGTTA,0,2336501
mglBp,0.14285714285714285,6,6,GGTTTAACGCATCGGGCATT,0,2378424
mglBp,0.14285714285714285,6,6,GGTTGTGTGTGGTGGGGTCT,0,2362374
mglBp,0.14285714285714285,6,6,GGTTGTCTGCCTACTACGTG,0,2406478
mglBp,0.14285714285714285,6,6,GGTTGCCGGTCTGAGAGCAA,0,2350411
mglBp,0.14285714285714285,6,6,GGTTCAGTGAGTTCCTTAAT,0,2373028
mglBp,0.14285714285714285,6,6,GGTTCAAAGACGCTCGTCAG,0,2404409
mglBp,0.14285714285714285,6,6,GGTTAACCAATCCGGAACTA,0,2322096
mglBp,0.14285714285714285,6,6,GGTGGTATGTGAACGCCAGT,0,2392530
mglBp,0.14285714285714285,6,6,GGTGGCCCAGACAAGCACTT,0,2325409
mglBp,0.14285714285714285,6,6,GGTGCTGTGTGCCCCCGAGT,0,2389750
mglBp,0.14285714285714285,6,6,GGTGATTGCTGAAAACAAAG,0,2319300
mglBp,0.14285714285714285,6,6,GGTCTGCGCACCGTGACGTC,0,2407847
mglBp,0.14285714285714285,6,6,GGTCTCGCAGGTTTTCTTCA,0,2339020
mglBp,0.14285714285714285,6,6,GGTCGGGGAGTACCGGTACA,0,2405850
mglBp,0.14285714285714285,6,6,GGTCGGGCAAAACCGTCAGT,0,2399677
mglBp,0.14285714285714285,6,6,GGTCGCTCTAGTGTATGCAA,0,2351998
mglBp,0.14285714285714285,6,6,GGTCGCGGGTTGCTTTGCGT,0,2389592
mglBp,0.14285714285714285,6,6,GGTCGCAGCGGCGAATCGGA,0,2375273
mglBp,0.14285714285714285,6,6,GGTCATGCAGAGTTATACCG,0,2359529
mglBp,0.14285714285714285,6,6,GGTCAATAAACCACGCACTC,0,2341185
mglBp,0.14285714285714285,6,6,GGTATCTGCGCTCAAATGAC,0,2363209
mglBp,0.14285714285714285,6,6,GGTATCTCATCTATCACTGG,0,2372284
mglBp,0.14285714285714285,6,6,GGTATAGTTGCGTTAATGAT,0,2370476
mglBp,0.14285714285714285,6,6,GGTAGCTAAGTTACGCTTCT,0,2387173
mglBp,0.14285714285714285,6,6,GGTACTGGTAGTCTTATAGG,0,2374587
mglBp,0.14285714285714285,6,6,GGTACCTGAAGGGCCGGGTC,0,2343933
mglBp,0.14285714285714285,6,6,GGTACAGGTGCCCGGTACCC,0,2358808
mglBp,0.14285714285714285,6,6,GGTAACTATCGTACAGACCT,0,2393553
mglBp,0.14285714285714285,6,6,GGGTTTGTTGCTCAGCAAGC,0,2385252
mglBp,0.14285714285714285,6,6,GGGTTTGGATTCAATAGATG,0,2331734
mglBp,0.14285714285714285,6,6,GGGTTGGGGACGGTAGGCTG,0,2325638
mglBp,0.14285714285714285,6,6,GGGTTGGCTGGATATGAAGC,0,2341695
mglBp,0.14285714285714285,6,6,GGGTTATAAATAATTCGCCC,0,2369064
mglBp,0.14285714285714285,6,6,GGGTTAGATAGGGCCTGAGA,0,2338289
mglBp,0.14285714285714285,6,6,GGGTGGCTTGTATAGCCCCC,0,2404389
mglBp,0.14285714285714285,6,6,GGGTGACGGTCTGATTGGTT,0,2380747
mglBp,0.14285714285714285,6,6,GGGTCCGGGGAAGCTTTTGT,0,2357453
mglBp,0.14285714285714285,6,6,GGGGTCTACGCGGTCTGACA,0,2409837
mglBp,0.14285714285714285,6,6,GGGGGGCCGTCCGCCGGTAA,0,2354327
mglBp,0.14285714285714285,6,6,GGGGGGCCAGGAAAGATCGA,0,2323179
mglBp,0.14285714285714285,6,6,GGGGGCTCGACGATCCGATA,0,2380973
mglBp,0.14285714285714285,6,6,GGGGCTCAAAGGAGGATGCT,0,2396642
mglBp,0.14285714285714285,6,6,GGGGCGAAGTATCAGCGACA,0,2385794
mglBp,0.14285714285714285,6,6,GGGGCCTTTTGTGTCTTATC,0,2396635
mglBp,0.14285714285714285,6,6,GGGGCCGTAACAATTGTCTC,0,2408799
mglBp,0.14285714285714285,6,6,GGGCTAATCCGGGTTGCCTA,0,2344363
mglBp,0.14285714285714285,6,6,GGGCGGTCTGCTCATCATGG,0,2324038
mglBp,0.14285714285714285,6,6,GGGCGGTATAACGGCTCGAC,0,2317334
mglBp,0.14285714285714285,6,6,GGGCGGCTCTCGTTCTGGGA,0,2334820
mglBp,0.14285714285714285,6,6,GGGCCTTGCCATGGTTTGGA,0,2328914
mglBp,0.14285714285714285,6,6,GGGCCTCGCAGGTTGTACTT,0,2340321
mglBp,0.14285714285714285,6,6,GGGCCGAAAGTGATTGTTCT,0,2395032
mglBp,0.14285714285714285,6,6,GGGCATCTAATGGGTCTAAC,0,2362452
mglBp,0.14285714285714285,6,6,GGGAGGGCACGCCACTTACG,0,2353667
mglBp,0.14285714285714285,6,6,GGGAGGAACCCTAAAATTCC,0,2374279
mglBp,0.14285714285714285,6,6,GGGAGCGCCTTTAGAAGATA,0,2388192
mglBp,0.14285714285714285,6,6,GGGAGACTGGGTAATGAAGA,0,2385410
mglBp,0.14285714285714285,6,6,GGGAGACGGAGTCTAAGGGC,0,2413698
mglBp,0.14285714285714285,6,6,GGGACTCTTATAGATGCGAA,0,2318895
mglBp,0.14285714285714285,6,6,GGGACGGTGGCTAGGAAGAA,0,2363861
mglBp,0.14285714285714285,6,6,GGGACGGGATGATTCGTAGA,0,2388626
mglBp,0.14285714285714285,6,6,GGGACGGAACCAAGCGCGGA,0,2330913
mglBp,0.14285714285714285,6,6,GGGACGCGTTATGCCGCAGT,0,2395525
mglBp,0.14285714285714285,6,6,GGGACCCTGGATAAGACATA,0,2321892
mglBp,0.14285714285714285,6,6,GGGAAATGTGTGCCACTGAA,0,2352571
mglBp,0.14285714285714285,6,6,GGGAAAACCTTACGCCATAC,0,2402804
mglBp,0.14285714285714285,6,6,GGCTTGTCAACCGTAGTCAT,0,2397799
mglBp,0.14285714285714285,6,6,GGCTTCTAGGGGCTTCGGCG,0,2334101
mglBp,0.14285714285714285,6,6,GGCTTACAGTGTCTACATGT,0,2397291
mglBp,0.14285714285714285,6,6,GGCTGTTTGACTACTGGGAA,0,2356904
mglBp,0.14285714285714285,6,6,GGCTGTATAGATAGCGGGGA,0,2369203
mglBp,0.14285714285714285,6,6,GGCTGGGGGATCGAATGGGA,0,2381001
mglBp,0.14285714285714285,6,6,GGCTGGACCGATGAGGTCGG,0,2354956
mglBp,0.14285714285714285,6,6,GGCTCCGACGGTTTCTAATC,0,2386785
mglBp,0.14285714285714285,6,6,GGCTATCGTACAAACGCGGT,0,2355460
mglBp,0.14285714285714285,6,6,GGCTAGCTAATTTGCATGGA,0,2401887
mglBp,0.14285714285714285,6,6,GGCGTCGTGCACCGTTTGAT,0,2390839
mglBp,0.14285714285714285,6,6,GGCGTAGAGATAATTCAGGC,0,2368544
mglBp,0.14285714285714285,6,6,GGCGGCTACGCCTATAATGC,0,2407393
mglBp,0.14285714285714285,6,6,GGCGGATTAGAACCAAATCG,0,2333397
mglBp,0.14285714285714285,6,6,GGCGGACATTTGACCATGTG,0,2390106
mglBp,0.14285714285714285,6,6,GGCGCGATCTCGTCATTGTA,0,2396863
mglBp,0.14285714285714285,6,6,GGCGAGTGCTCAGCTGACGA,0,2422196
mglBp,0.14285714285714285,6,6,GGCCTCATTATAACAGTAAC,0,2372594
mglBp,0.14285714285714285,6,6,GGCCTACATATGTGTCAGTC,0,2399778
mglBp,0.14285714285714285,6,6,GGCCGGTGTCATTCAGGGAT,0,2354345
mglBp,0.14285714285714285,6,6,GGCCGGAGGCCAGTCAGCTG,0,2365902
mglBp,0.14285714285714285,6,6,GGCCGATAGCGGCTGTTTCT,0,2405559
mglBp,0.14285714285714285,6,6,GGCCCTTAAGTCACTCCATT,0,2353037
mglBp,0.14285714285714285,6,6,GGCCCGTATGATGCTAATCG,0,2400030
mglBp,0.14285714285714285,6,6,GGCCCCTCCCAGTACCCTTT,0,2356486
mglBp,0.14285714285714285,6,6,GGCATTGTTTGGCCCACGCG,0,2366678
mglBp,0.14285714285714285,6,6,GGCATTGTTGCGTTGGCCCA,0,2331969
mglBp,0.14285714285714285,6,6,GGCATCAGGCGAACCTGGTT,0,2335520
mglBp,0.14285714285714285,6,6,GGCAGCACTTCTCTCAAACA,0,2377196
mglBp,0.14285714285714285,6,6,GGCAGAACTGACGGGTAGGA,0,2381273
mglBp,0.14285714285714285,6,6,GGCACCATGTAGTACAACAT,0,2410768
mglBp,0.14285714285714285,6,6,GGATTATATTGAACTGATAG,0,2376600
mglBp,0.14285714285714285,6,6,GGATCCCTACTTAGCCTTCA,0,2371890
mglBp,0.14285714285714285,6,6,GGATAAGACTTAACGCGTCT,0,2413929
mglBp,0.14285714285714285,6,6,GGAGTGGGAGCGGGGCTTTT,0,2365376
mglBp,0.14285714285714285,6,6,GGAGGTCAACGCACACTGCA,0,2423174
mglBp,0.14285714285714285,6,6,GGAGGGGATTGCGGAGATGA,0,2379262
mglBp,0.14285714285714285,6,6,GGAGAGGGAGATTGGGGGGA,0,2411199
mglBp,0.14285714285714285,6,6,GGACTGGTCCTAAGTCGATG,0,2337673
mglBp,0.14285714285714285,6,6,GGACTACGTTCTTCCTGAAA,0,2397586
mglBp,0.14285714285714285,6,6,GGACGTCCTTAGTCAGTCGT,0,2384848
mglBp,0.14285714285714285,6,6,GGACGACACACGCGCTAGCA,0,2374301
mglBp,0.14285714285714285,6,6,GGACCAGCATGGGCGAAGAG,0,2343264
mglBp,0.14285714285714285,6,6,GGAATCTATATAGTACCTAA,0,2390376
mglBp,0.14285714285714285,6,6,GGAATACTTACGTACAAAGT,0,2399179
mglBp,0.14285714285714285,6,6,GGAAGTTTTCGCCGAGGGCT,0,2372994
mglBp,0.14285714285714285,6,6,GGAACTATTACTCTAAAGCA,0,2334815
mglBp,0.14285714285714285,6,6,GGAACGTTTGCTGGCCCAGG,0,2317786
mglBp,0.14285714285714285,6,6,GGAACACTAGGCAATTATTA,0,2416284
mglBp,0.14285714285714285,6,6,GGAAAAGACCACCAGCATCG,0,2339829
mglBp,0.14285714285714285,6,6,GCTTTTAGCGGGCAGTACCA,0,2395796
mglBp,0.14285714285714285,6,6,GCTTGCTCTGGCACTGCCGA,0,2387083
mglBp,0.14285714285714285,6,6,GCTTGCCCCGATGGAGCGAA,0,2396569
mglBp,0.14285714285714285,6,6,GCTTGATGAGTTCCGTACAT,0,2353158
mglBp,0.14285714285714285,6,6,GCTTCCCAATGATCTGAAAC,0,2405701
mglBp,0.14285714285714285,6,6,GCTTCATCCCCCGGCAGATT,0,2395167
mglBp,0.14285714285714285,6,6,GCTTAGTGCGTTAGATCAAG,0,2400599
mglBp,0.14285714285714285,6,6,GCTGTTTACGATGAGTAGTA,0,2343015
mglBp,0.14285714285714285,6,6,GCTGTGTTGTAGGGATCGCA,0,2384691
mglBp,0.14285714285714285,6,6,GCTGTACGTCTGGGATTGTG,0,2327764
mglBp,0.14285714285714285,6,6,GCTGGGCAGCCCATCGGGTA,0,2397468
mglBp,0.14285714285714285,6,6,GCTGCAGGGTCTCCGATCAG,0,2336482
mglBp,0.14285714285714285,6,6,GCTCTCAGCCCGGCTGAGCA,0,2393312
mglBp,0.14285714285714285,6,6,GCTCTAGCGAGGGTAGTATA,0,2392093
mglBp,0.14285714285714285,6,6,GCTCTACGCGCATAAAATTA,0,2365606
mglBp,0.14285714285714285,6,6,GCTCGTATTCCTTGGCCATT,0,2408930
mglBp,0.14285714285714285,6,6,GCTCGGTTTTAAATATCCAT,0,2317904
mglBp,0.14285714285714285,6,6,GCTCGGCTTGTAAAGCAGAA,0,2409423
mglBp,0.14285714285714285,6,6,GCTCCCTAACTATTCTTTCT,0,2352523
mglBp,0.14285714285714285,6,6,GCTCCCGCGCAATTAGAACT,0,2325691
mglBp,0.14285714285714285,6,6,GCTCAGCCAAACTCTATATT,0,2326423
mglBp,0.14285714285714285,6,6,GCTCAGCATTACTACACGCA,0,2393561
mglBp,0.14285714285714285,6,6,GCTCAGATGGTGGAGGGGAT,0,2388026
mglBp,0.14285714285714285,6,6,GCTCACTTCGACGGGCTTTT,0,2378128
mglBp,0.14285714285714285,6,6,GCTCAATCCGCCTCACTAAT,0,2337391
mglBp,0.14285714285714285,6,6,GCTAGGAGCCTAGTATCGTG,0,2417539
mglBp,0.14285714285714285,6,6,GCTAGAAGAGCCTGTGGCCC,0,2329160
mglBp,0.14285714285714285,6,6,GCGTTTGCACTATCCATTTA,0,2353100
mglBp,0.14285714285714285,6,6,GCGTTTAGGTGCTACCTTGG,0,2343904
mglBp,0.14285714285714285,6,6,GCGTTGTAACCGTGAGCTGT,0,2367556
mglBp,0.14285714285714285,6,6,GCGTGCGTTGGGCTAGCGAC,0,2328948
mglBp,0.14285714285714285,6,6,GCGTCCCCAACAATTACTCT,0,2376397
mglBp,0.14285714285714285,6,6,GCGTCCAGACGGGCAATGAT,0,2374586
mglBp,0.14285714285714285,6,6,GCGTAGAGCTCCCGACCGCC,0,2331759
mglBp,0.14285714285714285,6,6,GCGTAAAGGGGTCTTGGATC,0,2372675
mglBp,0.14285714285714285,6,6,GCGGTGGAATGTCAACCCGG,0,2329003
mglBp,0.14285714285714285,6,6,GCGGTCGCACATCGCTAAGC,0,2398937
mglBp,0.14285714285714285,6,6,GCGGTATCGGGCTAATATAA,0,2407674
mglBp,0.14285714285714285,6,6,GCGGTAGAGTTAATTGACAA,0,2416070
mglBp,0.14285714285714285,6,6,GCGGGGGCGTGTTTGATGCT,0,2330338
mglBp,0.14285714285714285,6,6,GCGGGGCCACATTAAGCTTC,0,2404174
mglBp,0.14285714285714285,6,6,GCGGGGATCTCTGTGGACTG,0,2317270
mglBp,0.14285714285714285,6,6,GCGGGCATTTTTTACAGAGT,0,2407206
mglBp,0.14285714285714285,6,6,GCGGCTTTTACTCAGACTCT,0,2316568
mglBp,0.14285714285714285,6,6,GCGGCTTGTAAAAGTTCACA,0,2327731
mglBp,0.14285714285714285,6,6,GCGGCTTATCTAGAGCCGGG,0,2374575
mglBp,0.14285714285714285,6,6,GCGGCTGCTGGATTAGCGAC,0,2400799
mglBp,0.14285714285714285,6,6,GCGGCGCAGAGGCAGTAGTC,0,2351967
mglBp,0.14285714285714285,6,6,GCGGCATCATACTGTATAGG,0,2400774
mglBp,0.14285714285714285,6,6,GCGGCAATATAGTCAGCGGA,0,2410474
mglBp,0.14285714285714285,6,6,GCGCTTCTGTGGGGTTTTGT,0,2420544
mglBp,0.14285714285714285,6,6,GCGCTGACTACAAGCGAGAG,0,2337200
mglBp,0.14285714285714285,6,6,GCGCTAGCGTAGGTCGCATA,0,2373186
mglBp,0.14285714285714285,6,6,GCGCGTTATTTCGGAAGCAT,0,2340587
mglBp,0.14285714285714285,6,6,GCGCGCTTATAAACCGAGTA,0,2329503
mglBp,0.14285714285714285,6,6,GCGCCGATCGGAGCGATTGT,0,2347890
mglBp,0.14285714285714285,6,6,GCGCATACCTGCAATGCTTC,0,2356645
mglBp,0.14285714285714285,6,6,GCGCACCGGGCTGGTCTATG,0,2376129
mglBp,0.14285714285714285,6,6,GCGCACCGCGAATGTCCGCG,0,2405279
mglBp,0.14285714285714285,6,6,GCGCACCCTGAGGATTGAGA,0,2366634
mglBp,0.14285714285714285,6,6,GCGATGCGAGGTGACACGAC,0,2405137
mglBp,0.14285714285714285,6,6,GCGACTTTTAGGCCAGACAA,0,2367506
mglBp,0.14285714285714285,6,6,GCGACTTGGGCTAAGTCTTA,0,2364265
mglBp,0.14285714285714285,6,6,GCGACTGTGGTCCGGGTCTT,0,2363341
mglBp,0.14285714285714285,6,6,GCGACCCTTGAGCTAATCAT,0,2416892
mglBp,0.14285714285714285,6,6,GCGAAGGTTAAAGGATATTA,0,2356973
mglBp,0.14285714285714285,6,6,GCGAACGCTGAGCGTTATTG,0,2383349
mglBp,0.14285714285714285,6,6,GCGAACCCATGGAGAACCGG,0,2327258
mglBp,0.14285714285714285,6,6,GCCTGTTTGAGCTCGTATGC,0,2336817
mglBp,0.14285714285714285,6,6,GCCTGCCTTAGCGGCACTTA,0,2332990
mglBp,0.14285714285714285,6,6,GCCTACAGCGTGTATTATGT,0,2331431
mglBp,0.14285714285714285,6,6,GCCTAAATCTTTGGGAGAGG,0,2411501
mglBp,0.14285714285714285,6,6,GCCGTGGTAGGGTGGCTGGT,0,2401593
mglBp,0.14285714285714285,6,6,GCCGTCTAGCGAGCTACTTA,0,2374980
mglBp,0.14285714285714285,6,6,GCCGGGGCATCATGCACGTG,0,2413152
mglBp,0.14285714285714285,6,6,GCCGGGCCGGAGGGCCTCTC,0,2394135
mglBp,0.14285714285714285,6,6,GCCGGCGGGTAGTTGTCTGT,0,2381810
mglBp,0.14285714285714285,6,6,GCCGGCGCTAGCCGGTGTGG,0,2356311
mglBp,0.14285714285714285,6,6,GCCGCAATGATGTCACATAT,0,2420214
mglBp,0.14285714285714285,6,6,GCCGACATGTAAAAGGAAGA,0,2399261
mglBp,0.14285714285714285,6,6,GCCCGGCACACTATATATAC,0,2339830
mglBp,0.14285714285714285,6,6,GCCCGCGTAGCCTCGTGTCC,0,2328910
mglBp,0.14285714285714285,6,6,GCCCGAGCCTGGTGGGTCAA,0,2357506
mglBp,0.14285714285714285,6,6,GCCCGAACGCAAGTGTCCTG,0,2341006
mglBp,0.14285714285714285,6,6,GCCATTGCCGGCCGATCGCT,0,2324431
mglBp,0.14285714285714285,6,6,GCCATCAGTTTAGCATCTTA,0,2386924
mglBp,0.14285714285714285,6,6,GCCAGCGAGGGGATATCACT,0,2341569
mglBp,0.14285714285714285,6,6,GCCAGCAAGCTTCTGCAAAT,0,2360661
mglBp,0.14285714285714285,6,6,GCCACTTGTTGGCAGGCGCG,0,2383996
mglBp,0.14285714285714285,6,6,GCCACGGGTTAAAGCTTGAT,0,2393085
mglBp,0.14285714285714285,6,6,GCCACCTGAACAGGATCGAA,0,2320250
mglBp,0.14285714285714285,6,6,GCCACAACGTACTACGGTCA,0,2382147
mglBp,0.14285714285714285,6,6,GCCAAGCTGCGGAGAAAGTG,0,2363015
mglBp,0.14285714285714285,6,6,GCCAAGCGCAGGCTCGAAAT,0,2422973
mglBp,0.14285714285714285,6,6,GCATTGTCGTAGCGTTGGCT,0,2352194
mglBp,0.14285714285714285,6,6,GCATTCTAAGAATGAAGAAA,0,2383963
mglBp,0.14285714285714285,6,6,GCATTCGTGATAAAAAACTT,0,2336143
mglBp,0.14285714285714285,6,6,GCATGTGTTTGTGTATGGAT,0,2349806
mglBp,0.14285714285714285,6,6,GCATCGCCTGGCAACACAAT,0,2338683
mglBp,0.14285714285714285,6,6,GCAGGGTCAACGTTTTGGTA,0,2326695
mglBp,0.14285714285714285,6,6,GCAGGGGTGGTTACTCGTAG,0,2364403
mglBp,0.14285714285714285,6,6,GCAGGGCTGGGTGCGCCGTT,0,2341328
mglBp,0.14285714285714285,6,6,GCAGCTTATGCGGGCGGTAA,0,2328953
mglBp,0.14285714285714285,6,6,GCAGCTGTGAACATCGCGTT,0,2390985
mglBp,0.14285714285714285,6,6,GCAGCTAAGATACATGCGAG,0,2412572
mglBp,0.14285714285714285,6,6,GCACTTGTCCTTCTGCTATG,0,2422772
mglBp,0.14285714285714285,6,6,GCACTCTGCGCGTGCAGGTC,0,2380263
mglBp,0.14285714285714285,6,6,GCACGGCGAGGTCCTAAGCC,0,2342314
mglBp,0.14285714285714285,6,6,GCACACAGCGGGCTTACCAA,0,2377679
mglBp,0.14285714285714285,6,6,GCAACCCCCACTCTCGCGTG,0,2369825
mglBp,0.14285714285714285,6,6,GATTTCGGTTAGGGTACCTA,0,2350475
mglBp,0.14285714285714285,6,6,GATTTCCTGTTACGCGCACT,0,2361134
mglBp,0.14285714285714285,6,6,GATTGATACGTAAAGCTTCA,0,2406922
mglBp,0.14285714285714285,6,6,GATTGAGACCTAGAGGCGCG,0,2419877
mglBp,0.14285714285714285,6,6,GATTCCAACAAGAAACATAT,0,2389352
mglBp,0.14285714285714285,6,6,GATTAATTCTACTAGGCATT,0,2390496
mglBp,0.14285714285714285,6,6,GATGGTGTAGAGGTGGTTAT,0,2416519
mglBp,0.14285714285714285,6,6,GATGGGTGGGAAGATCCTAC,0,2356707
mglBp,0.14285714285714285,6,6,GATGGGACCAATGATGCTCT,0,2321089
mglBp,0.14285714285714285,6,6,GATGCGACCGAGTAGTCCCA,0,2325921
mglBp,0.14285714285714285,6,6,GATGCATGTATGATCTTTGG,0,2416909
mglBp,0.14285714285714285,6,6,GATGCAAGACATAGTCTCAA,0,2370714
mglBp,0.14285714285714285,6,6,GATGACGCGGCACTCCGGTA,0,2405876
mglBp,0.14285714285714285,6,6,GATCTGCGTTTAGAATAAAA,0,2336638
mglBp,0.14285714285714285,6,6,GATCTCGCCAGTCCTGGCCA,0,2393190
mglBp,0.14285714285714285,6,6,GATCTCAGAATTCGCAATCA,0,2378392
mglBp,0.14285714285714285,6,6,GATCGCTCGGAGCCCCCACA,0,2390493
mglBp,0.14285714285714285,6,6,GATCCTCCCCGTACCGTACA,0,2420268
mglBp,0.14285714285714285,6,6,GATCCTCAGATAGCGCACGG,0,2330146
mglBp,0.14285714285714285,6,6,GATCATTAGGTTTTACGGGT,0,2325033
mglBp,0.14285714285714285,6,6,GATCAGTGGTGGGTTCGCTA,0,2408616
mglBp,0.14285714285714285,6,6,GATATGTGTAAAGTCTATCT,0,2383999
mglBp,0.14285714285714285,6,6,GATATAGGCGACAGCCGTTG,0,2410200
mglBp,0.14285714285714285,6,6,GATAGACGCCTAAAGTCCGA,0,2330670
mglBp,0.14285714285714285,6,6,GATAGACCGGAGCGCGGCTT,0,2324968
mglBp,0.14285714285714285,6,6,GATACTTGCCACGTGTACAT,0,2333709
mglBp,0.14285714285714285,6,6,GATACAGCTTGGACTAGGCT,0,2328684
mglBp,0.14285714285714285,6,6,GATAATTTATGATGAAGATA,0,2323444
mglBp,0.14285714285714285,6,6,GATAAAATGATGAACGGACG,0,2345210
mglBp,0.14285714285714285,6,6,GAGTTTTTTATATTCCGGTT,0,2321105
mglBp,0.14285714285714285,6,6,GAGTTGGAATCCCGTTTAGA,0,2409696
mglBp,0.14285714285714285,6,6,GAGTTCAGCGTGATCAGTGT,0,2364765
mglBp,0.14285714285714285,6,6,GAGTTACATTGTGGCCTTTA,0,2336203
mglBp,0.14285714285714285,6,6,GAGTGGCAGACCACAACGGC,0,2326654
mglBp,0.14285714285714285,6,6,GAGTAACCGGCCATCGGGCT,0,2412629
mglBp,0.14285714285714285,6,6,GAGGTGCCTTCTGTAGTTTT,0,2368006
mglBp,0.14285714285714285,6,6,GAGGTCTGTTGGGAGTTACA,0,2372111
mglBp,0.14285714285714285,6,6,GAGGTAGATTCTGCACACAG,0,2384170
mglBp,0.14285714285714285,6,6,GAGGGTGGGTGGAATCTACA,0,2328779
mglBp,0.14285714285714285,6,6,GAGGGTATGAACCGTCCTAT,0,2357736
mglBp,0.14285714285714285,6,6,GAGGGATGCAGGGCAACCTG,0,2385451
mglBp,0.14285714285714285,6,6,GAGGCGCACGCAGGATGGCC,0,2346246
mglBp,0.14285714285714285,6,6,GAGGCCCTCGGATCCATTCA,0,2377136
mglBp,0.14285714285714285,6,6,GAGGCAGACTCCCTGTCGTT,0,2329111
mglBp,0.14285714285714285,6,6,GAGGAATTTGTATCAATATA,0,2326615
mglBp,0.14285714285714285,6,6,GAGCTTGTCCGAACACCGAA,0,2419571
mglBp,0.14285714285714285,6,6,GAGCTCAAGGAGAAAATATC,0,2388087
mglBp,0.14285714285714285,6,6,GAGCTAGACCCCGGAGCCCC,0,2326102
mglBp,0.14285714285714285,6,6,GAGCTAATGTCCTCATATAT,0,2405141
mglBp,0.14285714285714285,6,6,GAGCGGAGTACTGCCTGCGG,0,2349320
mglBp,0.14285714285714285,6,6,GAGCGCCAGAGAAATTACCA,0,2420865
mglBp,0.14285714285714285,6,6,GAGCGACTTTTGGCGGATTG,0,2379379
mglBp,0.14285714285714285,6,6,GAGCCGCGAAGTTCACCCGG,0,2359007
mglBp,0.14285714285714285,6,6,GAGCAGGGGGGATCCGTCGG,0,2365920
mglBp,0.14285714285714285,6,6,GAGAGATAGACTAAGTTCGA,0,2379710
mglBp,0.14285714285714285,6,6,GAGACTATCTCGTGTCCTTA,0,2341764
mglBp,0.14285714285714285,6,6,GAGAACTACTTAAGGTCGTC,0,2354281
mglBp,0.14285714285714285,6,6,GAGAACCACACTAAGTTCTG,0,2345410
mglBp,0.14285714285714285,6,6,GACTTTTTCCCTCAGCGATG,0,2362819
mglBp,0.14285714285714285,6,6,GACTTTCCTGGTTCATGAAA,0,2331785
mglBp,0.14285714285714285,6,6,GACTTTAGTCTTGTATCCGT,0,2358401
mglBp,0.14285714285714285,6,6,GACTTCATGGCATAGAGGGT,0,2343996
mglBp,0.14285714285714285,6,6,GACTGCTATCTGCGTAGAAA,0,2388862
mglBp,0.14285714285714285,6,6,GACTGCGCCGAGGCAGATGG,0,2413227
mglBp,0.14285714285714285,6,6,GACTCTCGCGAACGCTTTGG,0,2364646
mglBp,0.14285714285714285,6,6,GACTAGCCAAATGTGATGTC,0,2374904
mglBp,0.14285714285714285,6,6,GACTAGCAGGAAGGGTTACT,0,2324478
mglBp,0.14285714285714285,6,6,GACGTACTGCGAATGCATGT,0,2381402
mglBp,0.14285714285714285,6,6,GACGGGTCGATGAGTATTGA,0,2406709
mglBp,0.14285714285714285,6,6,GACCTACGCATGTACTCGCC,0,2328820
mglBp,0.14285714285714285,6,6,GACCGGGCGTCGAACTAATT,0,2333930
mglBp,0.14285714285714285,6,6,GACCGAATAATGTAAAAGAA,0,2392354
mglBp,0.14285714285714285,6,6,GACCCTACCCATGGCCCAAG,0,2368801
mglBp,0.14285714285714285,6,6,GACCAGCTGTCGGTACGCAG,0,2397739
mglBp,0.14285714285714285,6,6,GACCACAGTTGCAGGTGGGA,0,2384277
mglBp,0.14285714285714285,6,6,GACATGGGTCTTCAAGGGGT,0,2359957
mglBp,0.14285714285714285,6,6,GACATAACATTCGGCGAAAG,0,2415217
mglBp,0.14285714285714285,6,6,GACAGGGGCTTAGCTGTTTG,0,2327766
mglBp,0.14285714285714285,6,6,GACAGGCTCTCGTCACGCTA,0,2409624
mglBp,0.14285714285714285,6,6,GACACTGACACATATTCTTC,0,2377530
mglBp,0.14285714285714285,6,6,GACACCCGGAGTACGAACGT,0,2327077
mglBp,0.14285714285714285,6,6,GACACCAGCAGGCCACTCAT,0,2386825
mglBp,0.14285714285714285,6,6,GACACACACTGGTGCGAGCG,0,2316893
mglBp,0.14285714285714285,6,6,GACAATTGTGTGCTCGATGA,0,2352692
mglBp,0.14285714285714285,6,6,GAATGTAACGATCAAGTTAA,0,2338996
mglBp,0.14285714285714285,6,6,GAATGGAACCGATGAATAAG,0,2388408
mglBp,0.14285714285714285,6,6,GAATCGAGTACCTAAGGTTT,0,2394226
mglBp,0.14285714285714285,6,6,GAATCCTCAATCGACACGTG,0,2323151
mglBp,0.14285714285714285,6,6,GAATATTTCAGATATGGAGG,0,2406247
mglBp,0.14285714285714285,6,6,GAATATATGTGCCCATCGTG,0,2411202
mglBp,0.14285714285714285,6,6,GAAGTTCGGTACTGGGCGAC,0,2379118
mglBp,0.14285714285714285,6,6,GAAGTCACGTACAGTTACTA,0,2364149
mglBp,0.14285714285714285,6,6,GAAGGTGTTACAGCTGCTCC,0,2322205
mglBp,0.14285714285714285,6,6,GAAGGGCTCCGGATGCACCA,0,2377437
mglBp,0.14285714285714285,6,6,GAAGCTATCCCCCAGCAATG,0,2420812
mglBp,0.14285714285714285,6,6,GAAGAGCCCGCTTCAGGTAA,0,2350845
mglBp,0.14285714285714285,6,6,GAAGAAAACGGCTGCAACGA,0,2380661
mglBp,0.14285714285714285,6,6,GAACTTCAATGCACACGGCC,0,2337359
mglBp,0.14285714285714285,6,6,GAACTCCAATACCTCGTTAG,0,2384188
mglBp,0.14285714285714285,6,6,GAACGTACATAACAGGGAGC,0,2321666
mglBp,0.14285714285714285,6,6,GAACGCATCAGGGGAGGGAC,0,2369346
mglBp,0.14285714285714285,6,6,GAACCGCGCCCACGAGGCAA,0,2400081
mglBp,0.14285714285714285,6,6,GAACACGTGACTCGCGCATG,0,2408991
mglBp,0.14285714285714285,6,6,GAAATATAATTCGTGCCACG,0,2392461
mglBp,0.14285714285714285,6,6,GAAAGGTATAAAGCTATGTG,0,2390331
mglBp,0.14285714285714285,6,6,GAAAGCGGTTGAGACCGTCA,0,2387100
mglBp,0.14285714285714285,6,6,GAAAGCGGCTTGTCCAACTT,0,2375370
mglBp,0.14285714285714285,6,6,GAAAGCCGCCTAATCGTGCT,0,2404363
mglBp,0.14285714285714285,6,6,GAAAGCCAGATGGTTTTCAA,0,2329020
mglBp,0.14285714285714285,6,6,GAAACTGTGGTTATAAATCT,0,2417943
mglBp,0.14285714285714285,6,6,GAAACAGAATGTTGTAAACA,0,2318367
mglBp,0.14285714285714285,6,6,GAAACACCATGTGCGTCGTG,0,2420672
mglBp,0.14285714285714285,6,6,GAAAAACTGGGCTACCAACG,0,2325249
mglBp,0.14285714285714285,6,6,CTTTTGCGACGAGGACGAAT,0,2354206
mglBp,0.14285714285714285,6,6,CTTTCTCTCGGACGGCTTGA,0,2324164
mglBp,0.14285714285714285,6,6,CTTTCTCCGGCGGCTGTCGC,0,2338120
mglBp,0.14285714285714285,6,6,CTTTCGGCATTATAGTCGTG,0,2358226
mglBp,0.14285714285714285,6,6,CTTTATAGTGCAGTCTCTCC,0,2353360
mglBp,0.14285714285714285,6,6,CTTTATAGGCTGCTTCGAAT,0,2350231
mglBp,0.14285714285714285,6,6,CTTTAGGGGCGAAGACGATA,0,2343558
mglBp,0.14285714285714285,6,6,CTTGTCGTTCTACACGTATC,0,2361099
mglBp,0.14285714285714285,6,6,CTTGGGATTGCGCCTTCGAG,0,2325217
mglBp,0.14285714285714285,6,6,CTTGGCGCTACTTTAAGTCG,0,2421595
mglBp,0.14285714285714285,6,6,CTTGGCCAGGTCCACTTCAA,0,2323440
mglBp,0.14285714285714285,6,6,CTTGGCACTGCACGGGACCA,0,2337358
mglBp,0.14285714285714285,6,6,CTTGGAATAAGCTTCCGAAA,0,2419320
mglBp,0.14285714285714285,6,6,CTTGCGCCTCATCTTTACAA,0,2316558
mglBp,0.14285714285714285,6,6,CTTGCGCAGTTAGAACTGTA,0,2419294
mglBp,0.14285714285714285,6,6,CTTGCCCGAACGCAGTATAG,0,2418270
mglBp,0.14285714285714285,6,6,CTTGAGATCTGCGATCGCCT,0,2391268
mglBp,0.14285714285714285,6,6,CTTCGTTAGAGGTGTTTTCC,0,2363112
mglBp,0.14285714285714285,6,6,CTTCGGGCGTCCAAATGTGC,0,2367926
mglBp,0.14285714285714285,6,6,CTTCGGACGAACATCTCTCT,0,2403224
mglBp,0.14285714285714285,6,6,CTTCGCTAGTTTCAGGTTAC,0,2345787
mglBp,0.14285714285714285,6,6,CTTCGCCGTATTTTGGAGTC,0,2391001
mglBp,0.14285714285714285,6,6,CTTCAGTGTCCCTTCTAAAT,0,2376491
mglBp,0.14285714285714285,6,6,CTTCACGTTAAGTAGTGGTG,0,2320407
mglBp,0.14285714285714285,6,6,CTTATCAAGTGCCCAGTGCG,0,2417699
mglBp,0.14285714285714285,6,6,CTTATAATACGTCGGGTCGT,0,2321660
mglBp,0.14285714285714285,6,6,CTTAGGTTGGCACAACTAGC,0,2367816
mglBp,0.14285714285714285,6,6,CTTAGCTCTCCGAGTTGTCA,0,2377529
mglBp,0.14285714285714285,6,6,CTTAGCCCGAGGGGGATAAC,0,2348444
mglBp,0.14285714285714285,6,6,CTTAGCAACTCCCGCTGGAA,0,2416930
mglBp,0.14285714285714285,6,6,CTTAATGGGCAGATGTAATC,0,2341272
mglBp,0.14285714285714285,6,6,CTTAAAGGTTGGCCAGATGT,0,2398356
mglBp,0.14285714285714285,6,6,CTTAAACGTTTGCGGAGGTT,0,2319794
mglBp,0.14285714285714285,6,6,CTGTTCGCAGCGCACATTGG,0,2358049
mglBp,0.14285714285714285,6,6,CTGTGTATGTCTCTGCTCAA,0,2334604
mglBp,0.14285714285714285,6,6,CTGTGGCCAGGGTTTGGACC,0,2342681
mglBp,0.14285714285714285,6,6,CTGTGCTGATAGTCACATCT,0,2357688
mglBp,0.14285714285714285,6,6,CTGTGCGGTAGCGCTGTCGG,0,2413624
mglBp,0.14285714285714285,6,6,CTGTGACCACAGTAGATCTT,0,2416861
mglBp,0.14285714285714285,6,6,CTGTCAAACAAAGGCTCAGA,0,2367705
mglBp,0.14285714285714285,6,6,CTGTATTGTAACCAGAGAGC,0,2344608
mglBp,0.14285714285714285,6,6,CTGGTGTTCTACAGTGCTGA,0,2337636
mglBp,0.14285714285714285,6,6,CTGGCTTGCTATCCGCATCT,0,2412730
mglBp,0.14285714285714285,6,6,CTGGCGGGTGTAAGTAGCCA,0,2376936
mglBp,0.14285714285714285,6,6,CTGGCGGGATTTGAGCGGAA,0,2368549
mglBp,0.14285714285714285,6,6,CTGGCGAATGCGTATCTAGA,0,2381240
mglBp,0.14285714285714285,6,6,CTGGCCGAATAAGAGAGCAG,0,2354631
mglBp,0.14285714285714285,6,6,CTGGCATTTCTTATGAAGGG,0,2390880
mglBp,0.14285714285714285,6,6,CTGGCACCCCAACTTTAATC,0,2391875
mglBp,0.14285714285714285,6,6,CTGGATGACGCCGTGCACTA,0,2344906
mglBp,0.14285714285714285,6,6,CTGGAGGGAAGAAATAATCA,0,2336722
mglBp,0.14285714285714285,6,6,CTGGAGAGACCATACTTCAT,0,2415267
mglBp,0.14285714285714285,6,6,CTGGAAAGGTGCCGTGTAAA,0,2377389
mglBp,0.14285714285714285,6,6,CTGGAAACTGTTTCGTTATC,0,2348766
mglBp,0.14285714285714285,6,6,CTGCTGGGTCAAAGCGAGCT,0,2417907
mglBp,0.14285714285714285,6,6,CTGCTAAAATGAAATAGGGA,0,2416453
mglBp,0.14285714285714285,6,6,CTGCGCTCTGGTGTAATCGA,0,2316846
mglBp,0.14285714285714285,6,6,CTGCGACCAGACATATCACT,0,2377895
mglBp,0.14285714285714285,6,6,CTGCAAACGCACCACACAGT,0,2340520
mglBp,0.14285714285714285,6,6,CTGATTCAGGATTCAGCGAT,0,2375576
mglBp,0.14285714285714285,6,6,CTGATTAGGGATTCAGAGCA,0,2416496
mglBp,0.14285714285714285,6,6,CTGATGGGGGTCGTGGAATA,0,2324802
mglBp,0.14285714285714285,6,6,CTGACAGACTGCCGTTACCA,0,2360732
mglBp,0.14285714285714285,6,6,CTGAAACAGTAGCCCGATAG,0,2338220
mglBp,0.14285714285714285,6,6,CTGAAAATAAGGCGACTAAA,0,2394222
mglBp,0.14285714285714285,6,6,CTCTTACCCTCCTTCTTCCA,0,2403525
mglBp,0.14285714285714285,6,6,CTCTGCCGATCATGAGAGAG,0,2388971
mglBp,0.14285714285714285,6,6,CTCTCGGGTCGGGAGTAAGT,0,2319209
mglBp,0.14285714285714285,6,6,CTCTCGGCGCCTTTTTACTA,0,2375574
mglBp,0.14285714285714285,6,6,CTCTCATTTAATCGGGGAAG,0,2333092
mglBp,0.14285714285714285,6,6,CTCTACTCTCAACCTGTCAA,0,2342959
mglBp,0.14285714285714285,6,6,CTCGTGACTCAACATCAATC,0,2323197
mglBp,0.14285714285714285,6,6,CTCGTCCCTAGAAAGATTCA,0,2359323
mglBp,0.14285714285714285,6,6,CTCGGTGTGCACCTGTCAAT,0,2362028
mglBp,0.14285714285714285,6,6,CTCGGTATGAAAGGAGAGCC,0,2364763
mglBp,0.14285714285714285,6,6,CTCGGGCAAGTCACACTATG,0,2348338
mglBp,0.14285714285714285,6,6,CTCGACCTTCCGCAACCGGG,0,2364152
mglBp,0.14285714285714285,6,6,CTCCTTGAGTTGAGATTGAC,0,2375067
mglBp,0.14285714285714285,6,6,CTCCTGGAATACCCAGTGGT,0,2334927
mglBp,0.14285714285714285,6,6,CTCCGTCTGTCTGAAAAGAG,0,2356838
mglBp,0.14285714285714285,6,6,CTCCGCTAACCCACGAGCTT,0,2400446
mglBp,0.14285714285714285,6,6,CTCCCATAAGAACTAGGGCA,0,2394077
mglBp,0.14285714285714285,6,6,CTCATATTGTCGTTGTACCC,0,2367204
mglBp,0.14285714285714285,6,6,CTCATACTTATTCATCAAGA,0,2390320
mglBp,0.14285714285714285,6,6,CTCAGATTATTTTGAAGATA,0,2372798
mglBp,0.14285714285714285,6,6,CTCACAAGGACATGAGCTAC,0,2356874
mglBp,0.14285714285714285,6,6,CTCAAGCGCAGCTGCAACAG,0,2397584
mglBp,0.14285714285714285,6,6,CTCAAGAGAAACTGCGGTTA,0,2329247
mglBp,0.14285714285714285,6,6,CTATTTAAATGTATACGACG,0,2413561
mglBp,0.14285714285714285,6,6,CTATTGCGGTCGAGCTTGCT,0,2382138
mglBp,0.14285714285714285,6,6,CTATTGCAAGTGGCGACATT,0,2388492
mglBp,0.14285714285714285,6,6,CTATGTACCGAGGCTGTACG,0,2338582
mglBp,0.14285714285714285,6,6,CTATGACCAAGTTCCAGTAC,0,2389601
mglBp,0.14285714285714285,6,6,CTATCGATCCTACACGTTCA,0,2347645
mglBp,0.14285714285714285,6,6,CTATCGACTCAGTCATCCCT,0,2416797
mglBp,0.14285714285714285,6,6,CTATATTGTATCGGCAATTA,0,2343037
mglBp,0.14285714285714285,6,6,CTATATTAGGGTCTATGAGC,0,2394462
mglBp,0.14285714285714285,6,6,CTATATAGGACATTTAGTTA,0,2329865
mglBp,0.14285714285714285,6,6,CTAGTGGTGGTAAAGCGGGT,0,2360449
mglBp,0.14285714285714285,6,6,CTAGTCAAGGGTTTTTGTTA,0,2401287
mglBp,0.14285714285714285,6,6,CTAGGCAGCCTTCAAATGTA,0,2413875
mglBp,0.14285714285714285,6,6,CTAGGAAGATGTAGCTTACA,0,2341234
mglBp,0.14285714285714285,6,6,CTAGCAATTGGGATCGAGAC,0,2346111
mglBp,0.14285714285714285,6,6,CTACTCGGGGGATTCCAACA,0,2397773
mglBp,0.14285714285714285,6,6,CTACATCCCCCATGAGACCA,0,2367404
mglBp,0.14285714285714285,6,6,CTAATTTGCGCAGGCGAATG,0,2404772
mglBp,0.14285714285714285,6,6,CTAATTCGAGAGTTTTAGTC,0,2417535
mglBp,0.14285714285714285,6,6,CTAAGTTTTCGTTAGCCCTA,0,2348652
mglBp,0.14285714285714285,6,6,CTAAGTGTTTCGGCTCGAAT,0,2403681
mglBp,0.14285714285714285,6,6,CTAAGGCATAGAAATAGTAA,0,2322949
mglBp,0.14285714285714285,6,6,CTAAGCGCACAAGCCTTATG,0,2326671
mglBp,0.14285714285714285,6,6,CTAACCTGCTGCAGAGTTGT,0,2411227
mglBp,0.14285714285714285,6,6,CTAACCGTGCTTAATAATCC,0,2358691
mglBp,0.14285714285714285,6,6,CGTTTCGCCCCTGCACCGAC,0,2401566
mglBp,0.14285714285714285,6,6,CGTTGTTCCAGCTCATTGAC,0,2391754
mglBp,0.14285714285714285,6,6,CGTTCGTAGCTCCTATCGCA,0,2414836
mglBp,0.14285714285714285,6,6,CGTTCGACTATAACCTTTTT,0,2399379
mglBp,0.14285714285714285,6,6,CGTTATCAGCAAATTGCTGA,0,2372258
mglBp,0.14285714285714285,6,6,CGTTAGCGGGAATATGCATA,0,2373155
mglBp,0.14285714285714285,6,6,CGTTAACGAGCTTCCGTTTT,0,2342690
mglBp,0.14285714285714285,6,6,CGTGTCAGCTTACAGAATGA,0,2422400
mglBp,0.14285714285714285,6,6,CGTGGGGCTGCAAATAGTAA,0,2407027
mglBp,0.14285714285714285,6,6,CGTGGATCGGTGCTACGAGG,0,2366718
mglBp,0.14285714285714285,6,6,CGTGGAGATAATCTAGGCGT,0,2359696
mglBp,0.14285714285714285,6,6,CGTGATAAGGGAGGACCCGT,0,2413995
mglBp,0.14285714285714285,6,6,CGTCTTAGAAAGCAATTCAA,0,2403034
mglBp,0.14285714285714285,6,6,CGTCGTGGCCGCCGGCTTGT,0,2385056
mglBp,0.14285714285714285,6,6,CGTCGCTTAGGCGATTGGGA,0,2354863
mglBp,0.14285714285714285,6,6,CGTCGCATATACACTCGGTG,0,2341616
mglBp,0.14285714285714285,6,6,CGTCGAGCGCAGTCAACGAT,0,2372904
mglBp,0.14285714285714285,6,6,CGTCCTTATCACACGCTATG,0,2328904
mglBp,0.14285714285714285,6,6,CGTCATAGTGCGGCTACGCG,0,2366376
mglBp,0.14285714285714285,6,6,CGTCACGAATTAACAAACGA,0,2414650
mglBp,0.14285714285714285,6,6,CGTCAAACCGGAGGGCTTCG,0,2329264
mglBp,0.14285714285714285,6,6,CGTATCAGGGCCTTGGCTGC,0,2324078
mglBp,0.14285714285714285,6,6,CGTAGTGTATTCTTTTTCTA,0,2384603
mglBp,0.14285714285714285,6,6,CGTAGTCTAAGTGCCCAGCT,0,2355337
mglBp,0.14285714285714285,6,6,CGTAGTCGGGTCAGGCTTTT,0,2389524
mglBp,0.14285714285714285,6,6,CGTACCAAGAATCCGAACGC,0,2364381
mglBp,0.14285714285714285,6,6,CGGTTTGGACTAGCACCTGT,0,2410925
mglBp,0.14285714285714285,6,6,CGGTTGGATGACCCTTGTGG,0,2352136
mglBp,0.14285714285714285,6,6,CGGTTAACTAAGGGTGAAGA,0,2376775
mglBp,0.14285714285714285,6,6,CGGTGGAATTGTCTAGCCTG,0,2378488
mglBp,0.14285714285714285,6,6,CGGTGAGTATAGGAATTCCT,0,2317759
mglBp,0.14285714285714285,6,6,CGGTCTGCCGTAGGATGGGC,0,2350642
mglBp,0.14285714285714285,6,6,CGGTCAGCGTACGTCCAGTA,0,2324297
mglBp,0.14285714285714285,6,6,CGGTATGAATAACCTAATGC,0,2323894
mglBp,0.14285714285714285,6,6,CGGTACGGCCGCGATGCTAT,0,2390097
mglBp,0.14285714285714285,6,6,CGGTAAGATCCAACGGATGA,0,2423099
mglBp,0.14285714285714285,6,6,CGGGTTCTCTCCGTCATCAC,0,2421648
mglBp,0.14285714285714285,6,6,CGGGTGCCTGCGGAACTAAG,0,2326156
mglBp,0.14285714285714285,6,6,CGGGGAAGTCTTCTGCGTGT,0,2374389
mglBp,0.14285714285714285,6,6,CGGGCTGCTTCTGGCATGTG,0,2323842
mglBp,0.14285714285714285,6,6,CGGGCCGCCACTCGTCCACA,0,2356901
mglBp,0.14285714285714285,6,6,CGGGCCAGGAATGGACGGAT,0,2404775
mglBp,0.14285714285714285,6,6,CGGGCACATATGCACTACCT,0,2380711
mglBp,0.14285714285714285,6,6,CGGGCAATTTAGTACATGTT,0,2413068
mglBp,0.14285714285714285,6,6,CGGGATCGTACCACTGGTCA,0,2322128
mglBp,0.14285714285714285,6,6,CGGGATAAACCGACATTTTA,0,2400230
mglBp,0.14285714285714285,6,6,CGGGACAGTGGACTTTTCAG,0,2386081
mglBp,0.14285714285714285,6,6,CGGCTTAGGCATCCTAATGA,0,2417080
mglBp,0.14285714285714285,6,6,CGGCTCCTATGTAGCTCAAG,0,2335418
mglBp,0.14285714285714285,6,6,CGGCGGGGATACATCGTCTA,0,2399291
mglBp,0.14285714285714285,6,6,CGGCCGCCTGGACAAGATGG,0,2394927
mglBp,0.14285714285714285,6,6,CGGCCGAGGCGCAGAGCAAG,0,2407311
mglBp,0.14285714285714285,6,6,CGGCCCCCCTCCGAGAGTAA,0,2390825
mglBp,0.14285714285714285,6,6,CGGCCATCCTGGGTGAGCTG,0,2411956
mglBp,0.14285714285714285,6,6,CGGCCAGATTCGGGGCGGGT,0,2323146
mglBp,0.14285714285714285,6,6,CGGCAAACGCACACATGTGG,0,2344003
mglBp,0.14285714285714285,6,6,CGGATTGTCATTAACCTCTC,0,2403747
mglBp,0.14285714285714285,6,6,CGGATTGTAGAGTGAGACTG,0,2342130
mglBp,0.14285714285714285,6,6,CGGATGTCGATACACTTCGA,0,2413611
mglBp,0.14285714285714285,6,6,CGGAGTGTAGGCTACACAGG,0,2395798
mglBp,0.14285714285714285,6,6,CGGAGTGGACTAATTTATCT,0,2326106
mglBp,0.14285714285714285,6,6,CGGAGGTTTGGGCTCTGTTT,0,2362504
mglBp,0.14285714285714285,6,6,CGGAGCGCGGGATATACGGT,0,2331105
mglBp,0.14285714285714285,6,6,CGGAGAAGCTCACATGGCGG,0,2399482
mglBp,0.14285714285714285,6,6,CGGACTACAATCACGAGTGT,0,2392192
mglBp,0.14285714285714285,6,6,CGGACAATATAGATAGTTGG,0,2397522
mglBp,0.14285714285714285,6,6,CGGAATTTGTTTCCGCTTTT,0,2413605
mglBp,0.14285714285714285,6,6,CGGAATGAAGAATTTAATAC,0,2363382
mglBp,0.14285714285714285,6,6,CGGAATCTCACCAAACAAGG,0,2378535
mglBp,0.14285714285714285,6,6,CGGAACAAGGATGTCGGACA,0,2383382
mglBp,0.14285714285714285,6,6,CGGAAACTCGCTTTATGCAG,0,2404307
mglBp,0.14285714285714285,6,6,CGCTGAGCGAATCAGCTACT,0,2409068
mglBp,0.14285714285714285,6,6,CGCTATGACTCTTCAGCCTC,0,2356028
mglBp,0.14285714285714285,6,6,CGCTAGTAACGAGCTGTGAG,0,2392456
mglBp,0.14285714285714285,6,6,CGCTACGCTCAGCTCGGGTA,0,2362293
mglBp,0.14285714285714285,6,6,CGCTAAGTACTTGTCCCCAT,0,2345055
mglBp,0.14285714285714285,6,6,CGCGTGTACATGGGCGAATG,0,2411662
mglBp,0.14285714285714285,6,6,CGCGGGTTTGGAAGGGCAGG,0,2348110
mglBp,0.14285714285714285,6,6,CGCGGAACGGGTCTCGTAAC,0,2325974
mglBp,0.14285714285714285,6,6,CGCGCCCACCTAGCAGTCTA,0,2320301
mglBp,0.14285714285714285,6,6,CGCGCAATTCCTGAGGCAGG,0,2332107
mglBp,0.14285714285714285,6,6,CGCGATTATCTGTATCGCAT,0,2377328
mglBp,0.14285714285714285,6,6,CGCGACTTGTAATGGTCGTT,0,2402221
mglBp,0.14285714285714285,6,6,CGCCTTCTCATAGTCACGGG,0,2355837
mglBp,0.14285714285714285,6,6,CGCCGTGGGGCAGCGCTTAA,0,2354873
mglBp,0.14285714285714285,6,6,CGCCGTGACCCAGTACGACG,0,2350572
mglBp,0.14285714285714285,6,6,CGCCCCCTCCGCACCTATGC,0,2362222
mglBp,0.14285714285714285,6,6,CGCCAGTGTCTGAAGGGCAT,0,2384751
mglBp,0.14285714285714285,6,6,CGCCAAACCACGCGGTATCC,0,2400183
mglBp,0.14285714285714285,6,6,CGCATGCTATTAGTTCCCAC,0,2342164
mglBp,0.14285714285714285,6,6,CGCATAGCGTCCATGGTCTC,0,2365573
mglBp,0.14285714285714285,6,6,CGCAGGGCTCCCGTATGGTC,0,2350318
mglBp,0.14285714285714285,6,6,CGCAGACTTGCTGTCTTCGG,0,2328845
mglBp,0.14285714285714285,6,6,CGATTGTCCAGTGGTTTAGA,0,2400219
mglBp,0.14285714285714285,6,6,CGATTAAGAAGTAGTTCCTA,0,2331001
mglBp,0.14285714285714285,6,6,CGATGGTTATCGACCGCCCA,0,2412045
mglBp,0.14285714285714285,6,6,CGATCTACTTCTGGCCTGAT,0,2385696
mglBp,0.14285714285714285,6,6,CGATCGTGCTAGAAGTCCAG,0,2326607
mglBp,0.14285714285714285,6,6,CGATCCACCCGGTTCGCTTT,0,2335694
mglBp,0.14285714285714285,6,6,CGATCAAGGATCATGGGACT,0,2321671
mglBp,0.14285714285714285,6,6,CGATATCAGTACGGCAATGA,0,2384486
mglBp,0.14285714285714285,6,6,CGATAGCAGGCCCTGGTGGT,0,2364092
mglBp,0.14285714285714285,6,6,CGAGTCAGGTCCCGCAGGTA,0,2404467
mglBp,0.14285714285714285,6,6,CGAGGATGTCCGACCGCTCC,0,2319651
mglBp,0.14285714285714285,6,6,CGAGGACCTAATGGGCCGGA,0,2388402
mglBp,0.14285714285714285,6,6,CGAGCCTCTGAAACTACACA,0,2392395
mglBp,0.14285714285714285,6,6,CGAGACACTTTGAAAAATCG,0,2415825
mglBp,0.14285714285714285,6,6,CGAGAAATATACGCCCCGCA,0,2402899
mglBp,0.14285714285714285,6,6,CGACTTTCCGTTACCCGGAG,0,2418614
mglBp,0.14285714285714285,6,6,CGACTTGCTGTATTGGTCGT,0,2346289
mglBp,0.14285714285714285,6,6,CGACTCATAAGCTCGCGGGT,0,2403259
mglBp,0.14285714285714285,6,6,CGACGATTCTCCTCACTCAC,0,2385992
mglBp,0.14285714285714285,6,6,CGACGAAGATCGTTGGAGAT,0,2403167
mglBp,0.14285714285714285,6,6,CGACCATCGTATCAGTCGGT,0,2390086
mglBp,0.14285714285714285,6,6,CGACACGCAAGAGAACCGGT,0,2325296
mglBp,0.14285714285714285,6,6,CGAATCGGGTCGCAACATTG,0,2384614
mglBp,0.14285714285714285,6,6,CGAACACTGTAGCACCGGAG,0,2357758
mglBp,0.14285714285714285,6,6,CGAACACAGGCGTTAGTGGA,0,2325245
mglBp,0.14285714285714285,6,6,CCTTTCGCGAACAACTTCAG,0,2402933
mglBp,0.14285714285714285,6,6,CCTTTAGTGGGACAGACCCT,0,2378703
mglBp,0.14285714285714285,6,6,CCTTGGGCCTCTCTCTAGCA,0,2369255
mglBp,0.14285714285714285,6,6,CCTTGCAGAGAGAAGTCTCA,0,2377369
mglBp,0.14285714285714285,6,6,CCTTGATTATACGTGACGCC,0,2406166
mglBp,0.14285714285714285,6,6,CCTTCTCGCGGGACTAAAAG,0,2330569
mglBp,0.14285714285714285,6,6,CCTTCCGAGAGTGGTCCGGT,0,2388171
mglBp,0.14285714285714285,6,6,CCTTACAACCGTTCAATACA,0,2382586
mglBp,0.14285714285714285,6,6,CCTTAACTGCGGGTAGGCTG,0,2321694
mglBp,0.14285714285714285,6,6,CCTGTTTGGTAACTGAGGCT,0,2318590
mglBp,0.14285714285714285,6,6,CCTGGGGAGCTTGTGGGCAA,0,2391691
mglBp,0.14285714285714285,6,6,CCTGGGCGATGGGCGGTTAA,0,2347649
mglBp,0.14285714285714285,6,6,CCTGGCCTCTCTAAGTAAAG,0,2374024
mglBp,0.14285714285714285,6,6,CCTGGCAGGGCGTCCAGTAA,0,2399455
mglBp,0.14285714285714285,6,6,CCTGCCCGGCGGATTTCCAC,0,2326170
mglBp,0.14285714285714285,6,6,CCTGCACTTCGTTCATGGCT,0,2348093
mglBp,0.14285714285714285,6,6,CCTGACATGGTAGAAAGACT,0,2349641
mglBp,0.14285714285714285,6,6,CCTGAAAGGGTTCTTGGTGT,0,2413979
mglBp,0.14285714285714285,6,6,CCTCGCTCTCTCATTATGCC,0,2318859
mglBp,0.14285714285714285,6,6,CCTCGCCCAGGCAATGCAGT,0,2385395
mglBp,0.14285714285714285,6,6,CCTCGAACTCAACACCATGA,0,2318707
mglBp,0.14285714285714285,6,6,CCTCCTCCAACAATAGGGCA,0,2353308
mglBp,0.14285714285714285,6,6,CCTCAAATGGATCGCGGTAC,0,2416324
mglBp,0.14285714285714285,6,6,CCTATGCTGGGGGCGTAAAG,0,2323524
mglBp,0.14285714285714285,6,6,CCTATCACGACCCCTCCGGC,0,2351503
mglBp,0.14285714285714285,6,6,CCTAGAGTGTATTCGAGTCG,0,2410873
mglBp,0.14285714285714285,6,6,CCTACCGGTTTTAACAGTGA,0,2407686
mglBp,0.14285714285714285,6,6,CCTAACGTGGATTGGGGCAA,0,2346431
mglBp,0.14285714285714285,6,6,CCGTGCCATCCCTTACAGAA,0,2352064
mglBp,0.14285714285714285,6,6,CCGTCGTGGCGCAATGCCCG,0,2408857
mglBp,0.14285714285714285,6,6,CCGTATTTACGCTGAGGCAG,0,2410926
mglBp,0.14285714285714285,6,6,CCGGTTACACTTATACATTT,0,2406522
mglBp,0.14285714285714285,6,6,CCGGTAATTTTATACAACGA,0,2374237
mglBp,0.14285714285714285,6,6,CCGGGTTCGCAGATCGACAA,0,2420108
mglBp,0.14285714285714285,6,6,CCGGGGTTGACGCCCAGGCA,0,2356713
mglBp,0.14285714285714285,6,6,CCGGGACGCCTACGGAATAC,0,2383614
mglBp,0.14285714285714285,6,6,CCGGGAACGCATTGGCATAG,0,2371754
mglBp,0.14285714285714285,6,6,CCGGCTGACTCCTGCGCCAT,0,2396648
mglBp,0.14285714285714285,6,6,CCGGCGCCAACGGTCCCATA,0,2356225
mglBp,0.14285714285714285,6,6,CCGGCCATGGAAACGAGTGA,0,2374545
mglBp,0.14285714285714285,6,6,CCGGCCAAAGGCCTCATCGG,0,2347968
mglBp,0.14285714285714285,6,6,CCGGCATTCATATGGACACG,0,2406684
mglBp,0.14285714285714285,6,6,CCGGCACAGGCTACGACTTA,0,2387518
mglBp,0.14285714285714285,6,6,CCGCTGGACCAGTCTTGTGC,0,2383850
mglBp,0.14285714285714285,6,6,CCGCTGAGTTTGGGGTTGAT,0,2406638
mglBp,0.14285714285714285,6,6,CCGCTAGGGCTCCACGGGCT,0,2376270
mglBp,0.14285714285714285,6,6,CCGCTACCCATCTAATATAA,0,2367244
mglBp,0.14285714285714285,6,6,CCGCGGTTCAGGTGTGCTCT,0,2405053
mglBp,0.14285714285714285,6,6,CCGCGAATCAGAGTGGGCGT,0,2376577
mglBp,0.14285714285714285,6,6,CCGCGAAAGGGCCCAGACGT,0,2350884
mglBp,0.14285714285714285,6,6,CCGCCTTTGGGGGGACTCAA,0,2349040
mglBp,0.14285714285714285,6,6,CCGCCCGCTAAGGCAGGTGA,0,2364156
mglBp,0.14285714285714285,6,6,CCGCCAAAAACGAGCTAAAG,0,2390374
mglBp,0.14285714285714285,6,6,CCGCATGGTACTGTTTTTGA,0,2323845
mglBp,0.14285714285714285,6,6,CCGAGGTAACGCCGGCGATT,0,2367929
mglBp,0.14285714285714285,6,6,CCGAGGGTCCCCGGGGCAGG,0,2399853
mglBp,0.14285714285714285,6,6,CCGAGGGGTTCGTTAGTTAT,0,2357571
mglBp,0.14285714285714285,6,6,CCGAGGCGGTGGGTTCATAT,0,2374195
mglBp,0.14285714285714285,6,6,CCGAGGAGAGCAAAGCACGC,0,2386308
mglBp,0.14285714285714285,6,6,CCGAGCGGTGACATATAGAA,0,2340182
mglBp,0.14285714285714285,6,6,CCGACCGATTTTACATTACG,0,2363822
mglBp,0.14285714285714285,6,6,CCGACCCGCCTAGACAGTCA,0,2349421
mglBp,0.14285714285714285,6,6,CCGACAATGCTCGGGTGGTG,0,2398294
mglBp,0.14285714285714285,6,6,CCGAATCAACTGCGCGGGAG,0,2378771
mglBp,0.14285714285714285,6,6,CCGAACAGGACATGAGCACA,0,2407502
mglBp,0.14285714285714285,6,6,CCCTTCGTAAGTAGCGAAGG,0,2344626
mglBp,0.14285714285714285,6,6,CCCTTCGCTGTGCCTTAGTC,0,2323693
mglBp,0.14285714285714285,6,6,CCCTGTCGGGAATTTCAAGG,0,2406742
mglBp,0.14285714285714285,6,6,CCCTGGCTCACTCTCTTAGG,0,2381224
mglBp,0.14285714285714285,6,6,CCCTGCAAAGGGGACACCGT,0,2367472
mglBp,0.14285714285714285,6,6,CCCTAATTTTGCCAGAGTCC,0,2360353
mglBp,0.14285714285714285,6,6,CCCTAAGGCGACGCAGACGG,0,2407315
mglBp,0.14285714285714285,6,6,CCCGGGGGGGCAAGGGCCGA,0,2365898
mglBp,0.14285714285714285,6,6,CCCGGCTCCACCACTTTATG,0,2401195
mglBp,0.14285714285714285,6,6,CCCGGCCAGTGGAAAATATG,0,2375726
mglBp,0.14285714285714285,6,6,CCCGGAACCTGAAGCAGCGA,0,2368235
mglBp,0.14285714285714285,6,6,CCCGCTGCTCAAATGTCGGT,0,2318978
mglBp,0.14285714285714285,6,6,CCCGCTGCCTTGAACACCGT,0,2326956
mglBp,0.14285714285714285,6,6,CCCGAGCGCGTTCTGCAGAG,0,2359486
mglBp,0.14285714285714285,6,6,CCCCGTCGTGGATACGGTAT,0,2347671
mglBp,0.14285714285714285,6,6,CCCCGCGATTTCTAGGTGTT,0,2377498
mglBp,0.14285714285714285,6,6,CCCCGATAGTACCGACTTTC,0,2330638
mglBp,0.14285714285714285,6,6,CCCCATATACGTGAGTGATA,0,2366878
mglBp,0.14285714285714285,6,6,CCCATTGTTTTTTGACGCCC,0,2411198
mglBp,0.14285714285714285,6,6,CCCACTCGTGGGGATTACGT,0,2408734
mglBp,0.14285714285714285,6,6,CCCACGTGCGTCAGGATGTA,0,2363071
mglBp,0.14285714285714285,6,6,CCCACGACATGGCGTGGATT,0,2357649
mglBp,0.14285714285714285,6,6,CCCACCCCTGCTCCTAGGTT,0,2325133
mglBp,0.14285714285714285,6,6,CCCACCATTGTTCAATCCGA,0,2354533
mglBp,0.14285714285714285,6,6,CCCACAGTCCGTTATACTAG,0,2398231
mglBp,0.14285714285714285,6,6,CCCACAGCAGGGATGTGGGC,0,2350898
mglBp,0.14285714285714285,6,6,CCCAAGGCCAAGGCCACGCT,0,2361531
mglBp,0.14285714285714285,6,6,CCCAACGATTATAGCCCTAA,0,2411541
mglBp,0.14285714285714285,6,6,CCATGTGGGCTATTCACCTG,0,2371206
mglBp,0.14285714285714285,6,6,CCATGGCAAGGTAAGTACCA,0,2325878
mglBp,0.14285714285714285,6,6,CCATCTGATATTCTTGTGCA,0,2385644
mglBp,0.14285714285714285,6,6,CCATCGTGCCGTCCTGACAA,0,2342906
mglBp,0.14285714285714285,6,6,CCATCCCGTGTTGAACCGGA,0,2350836
mglBp,0.14285714285714285,6,6,CCATACTACTTACGTCAGTG,0,2378274
mglBp,0.14285714285714285,6,6,CCATACGTTCCATTCATAAA,0,2351878
mglBp,0.14285714285714285,6,6,CCAGTTGGTAAACATATTTA,0,2329609
mglBp,0.14285714285714285,6,6,CCAGGGGACCACTAACACTG,0,2368835
mglBp,0.14285714285714285,6,6,CCAGGCCGAATAAATATATT,0,2388267
mglBp,0.14285714285714285,6,6,CCAGCTATTCGCCCTGCCAA,0,2353711
mglBp,0.14285714285714285,6,6,CCAGCCATCTGGCTTCACCA,0,2415908
mglBp,0.14285714285714285,6,6,CCAGACTCTCTTATGGTGCA,0,2396066
mglBp,0.14285714285714285,6,6,CCAGAATGGGTTCTCGCGGA,0,2401206
mglBp,0.14285714285714285,6,6,CCACTTACCTTGCCAGAAAC,0,2420703
mglBp,0.14285714285714285,6,6,CCACTCCGACGCAAGCTACG,0,2346536
mglBp,0.14285714285714285,6,6,CCACTAGGCCGAGAACAATC,0,2382943
mglBp,0.14285714285714285,6,6,CCACTACCAAATGCTGCTTG,0,2388035
mglBp,0.14285714285714285,6,6,CCACGACCCCCGCGTTAAAC,0,2360630
mglBp,0.14285714285714285,6,6,CCACCCGACCCAAGATCAGG,0,2348315
mglBp,0.14285714285714285,6,6,CCACAAGTTCATTATCCTGC,0,2316824
mglBp,0.14285714285714285,6,6,CCACAAGGGCACGTTGAAAT,0,2328037
mglBp,0.14285714285714285,6,6,CCAATAGTGACCACGAGTTT,0,2410867
mglBp,0.14285714285714285,6,6,CCAAGTGAGCGATGCCGTTT,0,2324339
mglBp,0.14285714285714285,6,6,CCAAGTATCAGACAACCGAG,0,2358246
mglBp,0.14285714285714285,6,6,CCAAGCGAACCGTCCTGGGG,0,2418568
mglBp,0.14285714285714285,6,6,CCAAGATTCCTCCGAGGAGA,0,2389458
mglBp,0.14285714285714285,6,6,CCAAATGTCATGGGGGCCAA,0,2390784
mglBp,0.14285714285714285,6,6,CCAAATGGCTGAGGAGCGTG,0,2419209
mglBp,0.14285714285714285,6,6,CCAAAGAGAAACTCCGAGGT,0,2340185
mglBp,0.14285714285714285,6,6,CCAAACGGCATTACCGCGGT,0,2346925
mglBp,0.14285714285714285,6,6,CATTTTTTCTGCCGGGTATC,0,2416569
mglBp,0.14285714285714285,6,6,CATTTCTCTATATTCTAAAT,0,2330974
mglBp,0.14285714285714285,6,6,CATTTAATCCGATCGGTTAT,0,2343197
mglBp,0.14285714285714285,6,6,CATTGCTTCCCCCTCACCAC,0,2415319
mglBp,0.14285714285714285,6,6,CATTCTATCCGCAGGGATCC,0,2383161
mglBp,0.14285714285714285,6,6,CATTCTAGATGACCAGTTCA,0,2329324
mglBp,0.14285714285714285,6,6,CATTCTACTTGGTTGACAGC,0,2413435
mglBp,0.14285714285714285,6,6,CATTCGCGTGACAGAGTGGT,0,2322339
mglBp,0.14285714285714285,6,6,CATTCCAATCGTAGTACCCC,0,2415382
mglBp,0.14285714285714285,6,6,CATTATGAAAATGCGTGAGC,0,2387201
mglBp,0.14285714285714285,6,6,CATTAGTGAGTCTTCATAAC,0,2342132
mglBp,0.14285714285714285,6,6,CATTAGCATGCACACGCTTC,0,2361530
mglBp,0.14285714285714285,6,6,CATGTTCCCGATAGGGCTGA,0,2371366
mglBp,0.14285714285714285,6,6,CATGTTACGGGGCAATTCAG,0,2407673
mglBp,0.14285714285714285,6,6,CATGTCCGTATGTTGTCCAT,0,2410402
mglBp,0.14285714285714285,6,6,CATGGGGCGCTTCGCCAATG,0,2389682
mglBp,0.14285714285714285,6,6,CATGGCTTGTATGGGACCCA,0,2330319
mglBp,0.14285714285714285,6,6,CATGGCTACATACCGTTGTC,0,2419019
mglBp,0.14285714285714285,6,6,CATGGCCGCGGACTGTCTGT,0,2362173
mglBp,0.14285714285714285,6,6,CATGGAGTGGCCTTAGTCCA,0,2394142
mglBp,0.14285714285714285,6,6,CATGGAAGTTTCCTTCCGTA,0,2417747
mglBp,0.14285714285714285,6,6,CATGCCTGTACCATCTTAAC,0,2398122
mglBp,0.14285714285714285,6,6,CATGCCTCAGGACTCCCTTA,0,2345843
mglBp,0.14285714285714285,6,6,CATGATCGACGGCTGAATTT,0,2348651
mglBp,0.14285714285714285,6,6,CATGAAGCTCGAAATGTTGA,0,2358126
mglBp,0.14285714285714285,6,6,CATCTCCGGCTGATCCGGTC,0,2369783
mglBp,0.14285714285714285,6,6,CATCTCCGATTCATGGCGGA,0,2385926
mglBp,0.14285714285714285,6,6,CATCTATGTGTACGTTTAAG,0,2405287
mglBp,0.14285714285714285,6,6,CATCGCACTTATCTGCGCAT,0,2401307
mglBp,0.14285714285714285,6,6,CATCCGAGATTCTTACGCAT,0,2400525
mglBp,0.14285714285714285,6,6,CATATACGCGGAAGGAGGTT,0,2352055
mglBp,0.14285714285714285,6,6,CATAGTTATCTACCAATTTG,0,2407531
mglBp,0.14285714285714285,6,6,CATAGCAGGCCATCACGTGA,0,2378231
mglBp,0.14285714285714285,6,6,CATAATTCATAAGCCCAACG,0,2418606
mglBp,0.14285714285714285,6,6,CATAAGGAGGGAGTACCACC,0,2358117
mglBp,0.14285714285714285,6,6,CATAAGAGGGCCATGCACCA,0,2355505
mglBp,0.14285714285714285,6,6,CAGTTCACTGGTAAGTCGGT,0,2384769
mglBp,0.14285714285714285,6,6,CAGTGCGGGACATCGGTCCG,0,2400500
mglBp,0.14285714285714285,6,6,CAGTCCTTATTGCTGCGTCA,0,2321763
mglBp,0.14285714285714285,6,6,CAGTCATCAACTAGGTGCCA,0,2332853
mglBp,0.14285714285714285,6,6,CAGTAGCTTCGGAACGTGTA,0,2387801
mglBp,0.14285714285714285,6,6,CAGTAGATTACTCCCCTGGT,0,2340796
mglBp,0.14285714285714285,6,6,CAGTAATAGACAACGCCTTC,0,2422421
mglBp,0.14285714285714285,6,6,CAGTAACAGCGAATATTCTA,0,2383418
mglBp,0.14285714285714285,6,6,CAGGTTCTTCGATTGCTATT,0,2364917
mglBp,0.14285714285714285,6,6,CAGGGATCCCACACCGGGCG,0,2390908
mglBp,0.14285714285714285,6,6,CAGGCAGCTAAACCCTTTTG,0,2343990
mglBp,0.14285714285714285,6,6,CAGGAGTTCACCTTTAATAG,0,2392857
mglBp,0.14285714285714285,6,6,CAGGAGACCCCGCCTAGATC,0,2347471
mglBp,0.14285714285714285,6,6,CAGCTTTGGTTCCGAACATA,0,2375015
mglBp,0.14285714285714285,6,6,CAGCTTGCAGCAATACTTGA,0,2351079
mglBp,0.14285714285714285,6,6,CAGCTGAAACGTGCATATTC,0,2345544
mglBp,0.14285714285714285,6,6,CAGCTCGGTTATCTATGTAG,0,2379971
mglBp,0.14285714285714285,6,6,CAGCGCTAGAGAAGGTACAT,0,2406559
mglBp,0.14285714285714285,6,6,CAGCGACAAGCTACCTACAC,0,2326111
mglBp,0.14285714285714285,6,6,CAGCCTTTACCTGGGAAAGT,0,2396806
mglBp,0.14285714285714285,6,6,CAGCCTCTGGCATTGCTCTT,0,2396461
mglBp,0.14285714285714285,6,6,CAGACTGCCACGGAGGACTA,0,2361827
mglBp,0.14285714285714285,6,6,CACTTGGTCATCAGTTTATT,0,2417797
mglBp,0.14285714285714285,6,6,CACTTCCCGCCCATGGGCAT,0,2358717
mglBp,0.14285714285714285,6,6,CACTTACTCCAATACCCCCG,0,2360776
mglBp,0.14285714285714285,6,6,CACTGGGTTACTATTTTCCA,0,2408622
mglBp,0.14285714285714285,6,6,CACTCTTCGGAAAATGACCT,0,2399927
mglBp,0.14285714285714285,6,6,CACTCGGGTCACTTGGGTCG,0,2402779
mglBp,0.14285714285714285,6,6,CACTCCCCTCCGTCGAGCCT,0,2321272
mglBp,0.14285714285714285,6,6,CACTCAGATGGCTCGAGTGC,0,2346315
mglBp,0.14285714285714285,6,6,CACTACATTCGTTATAAGCT,0,2363892
mglBp,0.14285714285714285,6,6,CACTAAGTGGGTATGGAAGG,0,2369370
mglBp,0.14285714285714285,6,6,CACGTTTGGGTCGGGTCTGG,0,2409809
mglBp,0.14285714285714285,6,6,CACGTGAAACTGGAGCGCTT,0,2330133
mglBp,0.14285714285714285,6,6,CACGGTGGTAAACGCCCGAT,0,2322854
mglBp,0.14285714285714285,6,6,CACGGTGACGGACCCCAGCA,0,2360208
mglBp,0.14285714285714285,6,6,CACGGAACTAAGTTTAATCC,0,2323672
mglBp,0.14285714285714285,6,6,CACCTCGTCCGGCGATCGTG,0,2372852
mglBp,0.14285714285714285,6,6,CACCGAGAGATGAGCGGGCC,0,2414044
mglBp,0.14285714285714285,6,6,CACCCAAACGGCCTGGTCCG,0,2398353
mglBp,0.14285714285714285,6,6,CACCACTATTATTACCTTAT,0,2385315
mglBp,0.14285714285714285,6,6,CACATGTCCGAACTAATTCG,0,2327466
mglBp,0.14285714285714285,6,6,CACATCACACTGTATGTAGG,0,2340301
mglBp,0.14285714285714285,6,6,CACATAGTAGCTATCAAGGT,0,2391760
mglBp,0.14285714285714285,6,6,CACATAAGACGCGGGTGCGG,0,2407088
mglBp,0.14285714285714285,6,6,CACAGGACTGTACATCTAAG,0,2391766
mglBp,0.14285714285714285,6,6,CACAGATTGGGGTTGCTGAA,0,2347788
mglBp,0.14285714285714285,6,6,CACACGTCATTTTGAACGCC,0,2355379
mglBp,0.14285714285714285,6,6,CACACAACTCGGGACACCGA,0,2422342
mglBp,0.14285714285714285,6,6,CACAAGGCCAGGGAATTTGG,0,2323325
mglBp,0.14285714285714285,6,6,CAATTTCCGCAAACGCTCCT,0,2412012
mglBp,0.14285714285714285,6,6,CAATTAAAGAATCAGCCTTA,0,2373297
mglBp,0.14285714285714285,6,6,CAATGTAGCCAGGCATAGGC,0,2416925
mglBp,0.14285714285714285,6,6,CAATGGTTCATCACGAGGTA,0,2324149
mglBp,0.14285714285714285,6,6,CAATGGAGTAGACGCCATGT,0,2372787
mglBp,0.14285714285714285,6,6,CAATCGTAAGCTGGGCTCGA,0,2413733
mglBp,0.14285714285714285,6,6,CAATCATCATCGTGTGCGGC,0,2372116
mglBp,0.14285714285714285,6,6,CAATATTGTCGAATAGCCCG,0,2352057
mglBp,0.14285714285714285,6,6,CAATATAGGGGTTCCCAGTG,0,2387422
mglBp,0.14285714285714285,6,6,CAATAACGCACGGTCATACA,0,2335687
mglBp,0.14285714285714285,6,6,CAAGTGTATCATGCGTTATT,0,2326626
mglBp,0.14285714285714285,6,6,CAAGTGGTAGTGTTTACGGA,0,2369583
mglBp,0.14285714285714285,6,6,CAAGGTTTTGAATATATTAC,0,2368390
mglBp,0.14285714285714285,6,6,CAAGGCTGTTACTTGAATCA,0,2329201
mglBp,0.14285714285714285,6,6,CAAGCGTGGACTCCGTCGAT,0,2375020
mglBp,0.14285714285714285,6,6,CAAGCACCGGCAACCCCTAT,0,2335210
mglBp,0.14285714285714285,6,6,CAAGACAGGCTACTGCGCTA,0,2399607
mglBp,0.14285714285714285,6,6,CAACTCATCACGTTCCTACG,0,2324711
mglBp,0.14285714285714285,6,6,CAACTACATTTTTCTTGTGG,0,2358574
mglBp,0.14285714285714285,6,6,CAACGACGTGACCCTTTCTT,0,2377972
mglBp,0.14285714285714285,6,6,CAACCTTACATTCACACGGC,0,2327924
mglBp,0.14285714285714285,6,6,CAACCGTACCCGTGCGGGGT,0,2336523
mglBp,0.14285714285714285,6,6,CAACCCCCTAAAAGAGGGAC,0,2347349
mglBp,0.14285714285714285,6,6,CAACATGCTAGGGTGTGCGG,0,2318966
mglBp,0.14285714285714285,6,6,CAACATCTGTACATTTTCTG,0,2419318
mglBp,0.14285714285714285,6,6,CAACACCTGCCAGGGTAAAG,0,2366857
mglBp,0.14285714285714285,6,6,CAACAATGTGTTGCGGCACC,0,2324438
mglBp,0.14285714285714285,6,6,CAAATTAGACTTTCAATATC,0,2420866
mglBp,0.14285714285714285,6,6,CAAATGCATTTTTATTGTTT,0,2366273
mglBp,0.14285714285714285,6,6,CAAATATCGCTGCGTGACTG,0,2400538
mglBp,0.14285714285714285,6,6,CAAAGTCCACCAGGCCTTCA,0,2393307
mglBp,0.14285714285714285,6,6,CAAAGGTTTCACGCAGACGA,0,2392352
mglBp,0.14285714285714285,6,6,CAAAGGTCTACCCGAGATGC,0,2347022
mglBp,0.14285714285714285,6,6,CAAAGGGGTCGATACAGCCT,0,2389429
mglBp,0.14285714285714285,6,6,CAAACTCGACTGCTACGTGG,0,2377301
mglBp,0.14285714285714285,6,6,CAAACAACGAGCTCACCGGG,0,2357807
mglBp,0.14285714285714285,6,6,CAAAAGTATTTGTTCTCATT,0,2389678
mglBp,0.14285714285714285,6,6,CAAAAGAAGATGGGGCGAAA,0,2349611
mglBp,0.14285714285714285,6,6,CAAAAAATGAGGCTGAGCAA,0,2399975
mglBp,0.14285714285714285,6,6,ATTTTTTCAAACCTAGAAAT,0,2402684
mglBp,0.14285714285714285,6,6,ATTTTTCTAAGTAACAATAT,0,2422135
mglBp,0.14285714285714285,6,6,ATTTTAGTAATCCGATGGTT,0,2331853
mglBp,0.14285714285714285,6,6,ATTTGTGAAAAAGATGTACC,0,2421924
mglBp,0.14285714285714285,6,6,ATTTGTATGTCACACTTCTT,0,2366608
mglBp,0.14285714285714285,6,6,ATTTGGCGTTCACGCTGTAT,0,2399295
mglBp,0.14285714285714285,6,6,ATTTGGAACACTGAGCGTAC,0,2416609
mglBp,0.14285714285714285,6,6,ATTTCGTGTGGGGTCCCCTG,0,2378183
mglBp,0.14285714285714285,6,6,ATTTCGAAAGGTTGTCCCTC,0,2319107
mglBp,0.14285714285714285,6,6,ATTTATGGCCCCACTCTCAG,0,2320793
mglBp,0.14285714285714285,6,6,ATTTAATACCGGAGATCTGT,0,2360471
mglBp,0.14285714285714285,6,6,ATTGTGATGGATTACGAAGT,0,2353821
mglBp,0.14285714285714285,6,6,ATTGTAGATCGCAGGCAGGG,0,2323914
mglBp,0.14285714285714285,6,6,ATTGGTGATCACGTCGCCTA,0,2416080
mglBp,0.14285714285714285,6,6,ATTGGCACCAAGGGTGATTT,0,2378245
mglBp,0.14285714285714285,6,6,ATTGGAGATCGTCAGCGTCT,0,2404476
mglBp,0.14285714285714285,6,6,ATTGCGGGTGCTGGGCAGTT,0,2411071
mglBp,0.14285714285714285,6,6,ATTGAATGACGGCGAATACG,0,2406309
mglBp,0.14285714285714285,6,6,ATTCTCCTCCAACGTTCTAC,0,2367875
mglBp,0.14285714285714285,6,6,ATTCTACATCAACCGAGGAT,0,2337545
mglBp,0.14285714285714285,6,6,ATTCCCTGGCTATTGCAATT,0,2393088
mglBp,0.14285714285714285,6,6,ATTCCCCGGCTATCGAAAAA,0,2415118
mglBp,0.14285714285714285,6,6,ATTCCCAGCGAGTACGCTCA,0,2355958
mglBp,0.14285714285714285,6,6,ATTCATACGTCGCAATACGC,0,2401110
mglBp,0.14285714285714285,6,6,ATTCACCTTGCGGCAGGTAC,0,2364984
mglBp,0.14285714285714285,6,6,ATTATTAGCACTTAATATCA,0,2399481
mglBp,0.14285714285714285,6,6,ATTATCCCACCTAAATTATT,0,2415733
mglBp,0.14285714285714285,6,6,ATTATCCATCAGCGTCGTTG,0,2401757
mglBp,0.14285714285714285,6,6,ATTATACCGGATGTCCAGTG,0,2373324
mglBp,0.14285714285714285,6,6,ATTAGTATACATACCGCACG,0,2326136
mglBp,0.14285714285714285,6,6,ATTAGGCAAGGCTTTTCCAA,0,2338012
mglBp,0.14285714285714285,6,6,ATTAGCTTCGACATACCTTG,0,2405136
mglBp,0.14285714285714285,6,6,ATTACGTCGCTTTGACGCTC,0,2347358
mglBp,0.14285714285714285,6,6,ATTACCCGAAGGGATACAAA,0,2355649
mglBp,0.14285714285714285,6,6,ATTAATATCTTGCCCTGGGG,0,2376695
mglBp,0.14285714285714285,6,6,ATGTGTAATGAATCGATCTC,0,2387111
mglBp,0.14285714285714285,6,6,ATGTGGGACCCTAGGCTTAA,0,2336856
mglBp,0.14285714285714285,6,6,ATGTCCTACCCGTATCTCGC,0,2319632
mglBp,0.14285714285714285,6,6,ATGTCCCTGCAGTTCTTGCT,0,2350126
mglBp,0.14285714285714285,6,6,ATGTCCATTCAGTAGAGTAT,0,2423549
mglBp,0.14285714285714285,6,6,ATGTATTAGTCGTTCCACCG,0,2327163
mglBp,0.14285714285714285,6,6,ATGTAGCGCGAAAAGAAACA,0,2339442
mglBp,0.14285714285714285,6,6,ATGTACGGCGACTCCCGGCC,0,2317818
mglBp,0.14285714285714285,6,6,ATGTACACACCTGTCAAAAA,0,2378474
mglBp,0.14285714285714285,6,6,ATGGTGTGCCTCCGAATGGT,0,2353265
mglBp,0.14285714285714285,6,6,ATGGTGGCAAATGCTCACTT,0,2353983
mglBp,0.14285714285714285,6,6,ATGGTCCTCTATAACAGGTC,0,2318255
mglBp,0.14285714285714285,6,6,ATGGGTGGGGATAAGCGATT,0,2415671
mglBp,0.14285714285714285,6,6,ATGGGGCGGAACTCAGCAGT,0,2341077
mglBp,0.14285714285714285,6,6,ATGGCTGTAGGCAAAAGTGG,0,2401588
mglBp,0.14285714285714285,6,6,ATGGCGACACTGTTTTGAGT,0,2335876
mglBp,0.14285714285714285,6,6,ATGGCCGCTCATGCAGCCAG,0,2367144
mglBp,0.14285714285714285,6,6,ATGGCAAGGCTTCATCAAAG,0,2345275
mglBp,0.14285714285714285,6,6,ATGCTTGTACAATATCTCAT,0,2410496
mglBp,0.14285714285714285,6,6,ATGCTCGAAAACTATCAAGT,0,2322456
mglBp,0.14285714285714285,6,6,ATGCTACCACGTGGACATGA,0,2358493
mglBp,0.14285714285714285,6,6,ATGCGTTTCCGACCGAGAGC,0,2357415
mglBp,0.14285714285714285,6,6,ATGCGTACGAGGTACAGCGC,0,2366476
mglBp,0.14285714285714285,6,6,ATGCCGTTCTAGTTACTTAC,0,2342994
mglBp,0.14285714285714285,6,6,ATGCCGCCAGTCTTCACGCT,0,2379169
mglBp,0.14285714285714285,6,6,ATGATTTGTCTATTACGCGA,0,2344224
mglBp,0.14285714285714285,6,6,ATGATACTAACTTGGAAGAC,0,2350524
mglBp,0.14285714285714285,6,6,ATGAGCGATTATTCGCACAC,0,2359388
mglBp,0.14285714285714285,6,6,ATGAGATTCGAATTTTACGA,0,2382374
mglBp,0.14285714285714285,6,6,ATGACTTATTGTATTAGCCA,0,2316648
mglBp,0.14285714285714285,6,6,ATGACCCTCTGCTTTACCTT,0,2420534
mglBp,0.14285714285714285,6,6,ATGAATGATCGCGGTGCATT,0,2409466
mglBp,0.14285714285714285,6,6,ATGAAGGTAAATAGGAGGAA,0,2327517
mglBp,0.14285714285714285,6,6,ATGAAGAGGGTATGGCCTCA,0,2360384
mglBp,0.14285714285714285,6,6,ATGAAAAACGGTGTTACCAG,0,2414276
mglBp,0.14285714285714285,6,6,ATCTTGCCAATGCTCCGAAC,0,2368387
mglBp,0.14285714285714285,6,6,ATCTTGATTACTTATGGGCT,0,2385575
mglBp,0.14285714285714285,6,6,ATCTTCAACTGGGGTAAACT,0,2381324
mglBp,0.14285714285714285,6,6,ATCTTAGCTCCGTTCCGATA,0,2402152
mglBp,0.14285714285714285,6,6,ATCTGGGAGGGGCCTTCCAC,0,2326509
mglBp,0.14285714285714285,6,6,ATCTGAACAGCACGGTTCCA,0,2371076
mglBp,0.14285714285714285,6,6,ATCTCGCATTCTACTGAGGT,0,2347969
mglBp,0.14285714285714285,6,6,ATCTCGATTAAAAAGGACTT,0,2379549
mglBp,0.14285714285714285,6,6,ATCGGCGACCGCCGAGCGTA,0,2349419
mglBp,0.14285714285714285,6,6,ATCGCGGCTGGGTGGCTGCA,0,2413817
mglBp,0.14285714285714285,6,6,ATCCTGGACTATAACTCTCA,0,2415252
mglBp,0.14285714285714285,6,6,ATCCTGCTCCAAGGTTGGTC,0,2414326
mglBp,0.14285714285714285,6,6,ATCCTCCCCGTCTGTGGGCA,0,2337806
mglBp,0.14285714285714285,6,6,ATCCCAGCCCCAAAGGTGAA,0,2381833
mglBp,0.14285714285714285,6,6,ATCCCAAGTAGCTTAAACGT,0,2331120
mglBp,0.14285714285714285,6,6,ATCCAACTTGCATTTATCAT,0,2347563
mglBp,0.14285714285714285,6,6,ATCATTTATTCATAAAGGAT,0,2361122
mglBp,0.14285714285714285,6,6,ATCATGTAAGGTTTCACTAC,0,2341501
mglBp,0.14285714285714285,6,6,ATCATGCGCAAGTATGGAGC,0,2405790
mglBp,0.14285714285714285,6,6,ATCATGAGAATGGTGCGGTT,0,2375114
mglBp,0.14285714285714285,6,6,ATCATCACGACGCCGCTGGT,0,2350636
mglBp,0.14285714285714285,6,6,ATCAGTGGTACCAAATACTC,0,2374956
mglBp,0.14285714285714285,6,6,ATCAATTCCGACGGGGAGTG,0,2368003
mglBp,0.14285714285714285,6,6,ATCAAGTCTCGCCGGGGTAC,0,2370890
mglBp,0.14285714285714285,6,6,ATCAAACTTCAACCGTACAG,0,2322763
mglBp,0.14285714285714285,6,6,ATATGTTTACACTGGCTCGA,0,2383490
mglBp,0.14285714285714285,6,6,ATATGGGCGCTCCACCAACT,0,2404511
mglBp,0.14285714285714285,6,6,ATATGACGCGGCTCCAACAA,0,2356111
mglBp,0.14285714285714285,6,6,ATATCTCGAGGTACCTGTTC,0,2317611
mglBp,0.14285714285714285,6,6,ATATCGTCCGAGCAGGAAAA,0,2352272
mglBp,0.14285714285714285,6,6,ATATAAAAGTATACGTGCGG,0,2408504
mglBp,0.14285714285714285,6,6,ATAGGGGGCATCAACGAGAA,0,2363573
mglBp,0.14285714285714285,6,6,ATAGGGCCGTCCCAGTTAGA,0,2390795
mglBp,0.14285714285714285,6,6,ATAGCGAGACAAATCAACCA,0,2384049
mglBp,0.14285714285714285,6,6,ATAGCGAATAACGCCACTTC,0,2346723
mglBp,0.14285714285714285,6,6,ATAGCAGGCAGCAGCACAGA,0,2386732
mglBp,0.14285714285714285,6,6,ATAGATCAGTAGGAACACCT,0,2411909
mglBp,0.14285714285714285,6,6,ATAGAGAAGACCCACCAGGT,0,2318507
mglBp,0.14285714285714285,6,6,ATACTCACCTGGGGGCTCAT,0,2331941
mglBp,0.14285714285714285,6,6,ATACTACCTTGTTCGTAACC,0,2401614
mglBp,0.14285714285714285,6,6,ATACGAACACGATTTAGTAT,0,2395230
mglBp,0.14285714285714285,6,6,ATACCTTCGCGCGATTACTG,0,2390478
mglBp,0.14285714285714285,6,6,ATACCGCTGGTTACTCGCCA,0,2413889
mglBp,0.14285714285714285,6,6,ATACCACACATCTGCGCCGC,0,2379367
mglBp,0.14285714285714285,6,6,ATACATATTTATCAAGGGGA,0,2422313
mglBp,0.14285714285714285,6,6,ATACAGAGTTAGCTCAGCAT,0,2329984
mglBp,0.14285714285714285,6,6,ATAATTAAAAAGTAAGTATG,0,2370285
mglBp,0.14285714285714285,6,6,ATAATGCTAGTAGGGGAGCT,0,2373223
mglBp,0.14285714285714285,6,6,ATAATAGATCGGGGGAGATT,0,2318979
mglBp,0.14285714285714285,6,6,ATAAGTTATCAGTATTGTAT,0,2328837
mglBp,0.14285714285714285,6,6,ATAACCTTAGGGTATTGGAA,0,2350228
mglBp,0.14285714285714285,6,6,ATAACCCTCCAGGTTAAGAG,0,2332061
mglBp,0.14285714285714285,6,6,ATAACAGATCGGATGGAGAC,0,2342281
mglBp,0.14285714285714285,6,6,ATAAACCCTGGATTCCGAAG,0,2391292
mglBp,0.14285714285714285,6,6,AGTTTTCATTATAACCGAGG,0,2338951
mglBp,0.14285714285714285,6,6,AGTTTTAACTTACCCTTAGC,0,2383489
mglBp,0.14285714285714285,6,6,AGTTTAATTAGACCAAGAAG,0,2422051
mglBp,0.14285714285714285,6,6,AGTTCTATGTTCAGGAGTTC,0,2355775
mglBp,0.14285714285714285,6,6,AGTTCGTAATGGCGTCAACA,0,2413770
mglBp,0.14285714285714285,6,6,AGTTAGACTGGGGTGCTCGC,0,2396529
mglBp,0.14285714285714285,6,6,AGTTAAAGGGTGTAGTACCA,0,2329671
mglBp,0.14285714285714285,6,6,AGTGTGGACGGAGACGAACT,0,2322838
mglBp,0.14285714285714285,6,6,AGTGTCACGTATCGGACATG,0,2402780
mglBp,0.14285714285714285,6,6,AGTGGTACAAATTTCCCCAG,0,2380488
mglBp,0.14285714285714285,6,6,AGTGGGCACATACTATGTCG,0,2318700
mglBp,0.14285714285714285,6,6,AGTGGCCGAGCATGTCAAAT,0,2358536
mglBp,0.14285714285714285,6,6,AGTGCTACGTTAACGATCAT,0,2379297
mglBp,0.14285714285714285,6,6,AGTGCTAACGCGGGTTCGGC,0,2357025
mglBp,0.14285714285714285,6,6,AGTGCGTCTGAAAACGATGA,0,2322289
mglBp,0.14285714285714285,6,6,AGTGCGACAAGGGGTCATGA,0,2422301
mglBp,0.14285714285714285,6,6,AGTGCCCAACGCGAGGCGGT,0,2349347
mglBp,0.14285714285714285,6,6,AGTGCAGTGGCGGTCTAATC,0,2378803
mglBp,0.14285714285714285,6,6,AGTGATAGGACAAGAATTTC,0,2350758
mglBp,0.14285714285714285,6,6,AGTGACCAATTGGAGTCTAT,0,2357227
mglBp,0.14285714285714285,6,6,AGTCGGCTGTCCGTTATAAT,0,2381953
mglBp,0.14285714285714285,6,6,AGTCCGTGTGGGCCAGATGA,0,2383509
mglBp,0.14285714285714285,6,6,AGTCCCTTGTCGAGGCAAAA,0,2327805
mglBp,0.14285714285714285,6,6,AGTCAAGTATCTCTAGGTGG,0,2341906
mglBp,0.14285714285714285,6,6,AGTATTTTTTTGGGTTAAGG,0,2399289
mglBp,0.14285714285714285,6,6,AGTATCGAGACCTACTTGTG,0,2374320
mglBp,0.14285714285714285,6,6,AGTATAATAAAAAACTATCA,0,2412698
mglBp,0.14285714285714285,6,6,AGTAGATGGGTCCTTCAGAT,0,2420473
mglBp,0.14285714285714285,6,6,AGTACACATGGAGTAACGTG,0,2345256
mglBp,0.14285714285714285,6,6,AGTACAACACTGTTAGTCAG,0,2418232
mglBp,0.14285714285714285,6,6,AGTAATTCCAGACAACCAGA,0,2332993
mglBp,0.14285714285714285,6,6,AGTAAGGATCGCGGTTGATT,0,2354658
mglBp,0.14285714285714285,6,6,AGGTTCATGGGGCAGAATTG,0,2354600
mglBp,0.14285714285714285,6,6,AGGTGGGGTACTCGCAGTTC,0,2397082
mglBp,0.14285714285714285,6,6,AGGTGAGTTGTGGGTCGGGG,0,2368642
mglBp,0.14285714285714285,6,6,AGGTCGGTCACACAGAATGA,0,2412122
mglBp,0.14285714285714285,6,6,AGGTCGAATTAGCTCCTTGA,0,2316477
mglBp,0.14285714285714285,6,6,AGGTCAAAAGTCACTGATAA,0,2333569
mglBp,0.14285714285714285,6,6,AGGTAGTAGCGCTCGGACAG,0,2391000
mglBp,0.14285714285714285,6,6,AGGTAATAACTCGGGTATAA,0,2400356
mglBp,0.14285714285714285,6,6,AGGGTGCGGAGTCTAAAACA,0,2344184
mglBp,0.14285714285714285,6,6,AGGGGGGTGGGGGTATATCT,0,2326389
mglBp,0.14285714285714285,6,6,AGGGGGCTCCCAACGGCAAA,0,2398749
mglBp,0.14285714285714285,6,6,AGGGGCGAGGGTTCATCCGA,0,2365458
mglBp,0.14285714285714285,6,6,AGGGCTGCAAAGCCGATCCT,0,2419876
mglBp,0.14285714285714285,6,6,AGGGCGTTGTGGGGGTCGTG,0,2365689
mglBp,0.14285714285714285,6,6,AGGGCGCACATGCCGAGGAG,0,2372571
mglBp,0.14285714285714285,6,6,AGGGCCTTCTCAAACGTAGA,0,2366817
mglBp,0.14285714285714285,6,6,AGGGACCAGACTCTCGCCAA,0,2369890
mglBp,0.14285714285714285,6,6,AGGCTTGTGGTTTTCCCTAT,0,2422203
mglBp,0.14285714285714285,6,6,AGGCGGGAAAGGCGAGCGGA,0,2360980
mglBp,0.14285714285714285,6,6,AGGCGGCACAGCCGACGGCC,0,2342797
mglBp,0.14285714285714285,6,6,AGGCGGATGTGTTCTAATAT,0,2376907
mglBp,0.14285714285714285,6,6,AGGCGGAAGGTCGCGTTTCC,0,2342183
mglBp,0.14285714285714285,6,6,AGGCGCTCGTTGGTGTTGGC,0,2317118
mglBp,0.14285714285714285,6,6,AGGCGCTCCCTCTCGTTAAA,0,2340162
mglBp,0.14285714285714285,6,6,AGGCGCGTATGCTGTCACTG,0,2366324
mglBp,0.14285714285714285,6,6,AGGCCGGTTCGCCCCGGTCC,0,2385295
mglBp,0.14285714285714285,6,6,AGGCATCTCCTGCCCAGGTG,0,2347960
mglBp,0.14285714285714285,6,6,AGGCATCCGTTTTTTTCCGG,0,2374101
mglBp,0.14285714285714285,6,6,AGGCAAGACATGTGACTAAG,0,2374888
mglBp,0.14285714285714285,6,6,AGGATCCATGCTGGCAAAGA,0,2409540
mglBp,0.14285714285714285,6,6,AGGATACCAATAGATCGTAA,0,2366897
mglBp,0.14285714285714285,6,6,AGGAGTACTCTGTAGTTGCA,0,2316955
mglBp,0.14285714285714285,6,6,AGGAGGGTGTACTCGTGTAT,0,2323781
mglBp,0.14285714285714285,6,6,AGGAGGGGTCACGATAACAG,0,2407128
mglBp,0.14285714285714285,6,6,AGGAGGCAGGGGGGCCACGA,0,2417166
mglBp,0.14285714285714285,6,6,AGGACTACGCTCAGATACAG,0,2407134
mglBp,0.14285714285714285,6,6,AGGACTAACAACTGGTTAGT,0,2385852
mglBp,0.14285714285714285,6,6,AGGACGCTGGGTTGATAGCC,0,2395564
mglBp,0.14285714285714285,6,6,AGGACGCGGGAGTGATCTAA,0,2394121
mglBp,0.14285714285714285,6,6,AGGACAGACGTGGATTATCA,0,2334716
mglBp,0.14285714285714285,6,6,AGGAAGACTCAAGGACTCAA,0,2367853
mglBp,0.14285714285714285,6,6,AGGAACTGATAAAAATATGT,0,2408555
mglBp,0.14285714285714285,6,6,AGGAAAACCACGACGAAGTG,0,2329454
mglBp,0.14285714285714285,6,6,AGCTTTATGTCATTAGAAAT,0,2390143
mglBp,0.14285714285714285,6,6,AGCTGCGAATGTAGGCACTC,0,2323782
mglBp,0.14285714285714285,6,6,AGCTCACTATGACCCGGGTC,0,2381762
mglBp,0.14285714285714285,6,6,AGCTAGTCAACAACTAGATG,0,2392544
mglBp,0.14285714285714285,6,6,AGCTACACAAATCGTAATGA,0,2336230
mglBp,0.14285714285714285,6,6,AGCTAATACGTACAGAGGAG,0,2415809
mglBp,0.14285714285714285,6,6,AGCGTTGACGGCGAAAAACT,0,2422238
mglBp,0.14285714285714285,6,6,AGCGTTCCATGCGCCTACAG,0,2350680
mglBp,0.14285714285714285,6,6,AGCGTGTTCGGCTCCGCTTG,0,2363006
mglBp,0.14285714285714285,6,6,AGCGTGTTACTGTCTGGCAT,0,2413607
mglBp,0.14285714285714285,6,6,AGCGGGGGTCTTCACATCCC,0,2379992
mglBp,0.14285714285714285,6,6,AGCGGGATATGACTGACCAG,0,2330847
mglBp,0.14285714285714285,6,6,AGCGGAGCCTGATGCCACGT,0,2420717
mglBp,0.14285714285714285,6,6,AGCGGACTCAGTGGACAGAT,0,2370836
mglBp,0.14285714285714285,6,6,AGCGCTAGATAGTAACGGGG,0,2363295
mglBp,0.14285714285714285,6,6,AGCGATCGCGGTTACGCGAG,0,2331504
mglBp,0.14285714285714285,6,6,AGCGAAAACCATAAAGCGTT,0,2337082
mglBp,0.14285714285714285,6,6,AGCGAAAAATCTGGGAATCA,0,2398643
mglBp,0.14285714285714285,6,6,AGCCTTACGTGATTGGACTG,0,2373646
mglBp,0.14285714285714285,6,6,AGCCTCGAAACGATCGTCAT,0,2382387
mglBp,0.14285714285714285,6,6,AGCCTACAATTGTCTGGTAG,0,2365004
mglBp,0.14285714285714285,6,6,AGCCGGCGGCTCGGGGTGCA,0,2375583
mglBp,0.14285714285714285,6,6,AGCCGCGCTCTGGCGTCTAC,0,2410427
mglBp,0.14285714285714285,6,6,AGCCGATCCGACGAACGCAT,0,2346772
mglBp,0.14285714285714285,6,6,AGCCCCTGAACTTCGTGAAC,0,2340528
mglBp,0.14285714285714285,6,6,AGCCATGCAAAACAAGTCTG,0,2422665
mglBp,0.14285714285714285,6,6,AGCCAGTGCGTATCAAGTCT,0,2336306
mglBp,0.14285714285714285,6,6,AGCCAGTGACTCCATTCGTC,0,2420281
mglBp,0.14285714285714285,6,6,AGCCAGCTATGCTCTGACAG,0,2390262
mglBp,0.14285714285714285,6,6,AGCATTCACGCAGTGGAGTT,0,2366462
mglBp,0.14285714285714285,6,6,AGCATAGTCTGCCTTGTTTA,0,2338929
mglBp,0.14285714285714285,6,6,AGCATAATCTTGGGGTCCTT,0,2403296
mglBp,0.14285714285714285,6,6,AGCAGGCAGAGTAGCCACGG,0,2359409
mglBp,0.14285714285714285,6,6,AGCACGGTTTACTGTAGCGT,0,2398973
mglBp,0.14285714285714285,6,6,AGCAATACGAGAGGTGGAGA,0,2381226
mglBp,0.14285714285714285,6,6,AGATGTGGCATACTCAGTAC,0,2371560
mglBp,0.14285714285714285,6,6,AGATGGTGGGAATTTTGCAT,0,2354685
mglBp,0.14285714285714285,6,6,AGATCTCCCCTATGGGAGCG,0,2378329
mglBp,0.14285714285714285,6,6,AGATCGGCTCGTAGGAAGCT,0,2374853
mglBp,0.14285714285714285,6,6,AGATCCTGGTCGAGATCTAG,0,2370280
mglBp,0.14285714285714285,6,6,AGATCATGACATAGTGTTAA,0,2334082
mglBp,0.14285714285714285,6,6,AGATAAACCTTACTTTGCGA,0,2374096
mglBp,0.14285714285714285,6,6,AGAGTGCGTTCCTACGTTGT,0,2329370
mglBp,0.14285714285714285,6,6,AGAGGTACAGCAAAGGTCTC,0,2407893
mglBp,0.14285714285714285,6,6,AGAGGGTTGTTCGGTAGTTC,0,2318232
mglBp,0.14285714285714285,6,6,AGAGGACTTTCGCAGCCATT,0,2408077
mglBp,0.14285714285714285,6,6,AGAGCTGCTGCAGAGTCAGG,0,2365335
mglBp,0.14285714285714285,6,6,AGAGCTCAAGATATTGCACC,0,2401319
mglBp,0.14285714285714285,6,6,AGAGCAGCGTAGGGACGACC,0,2348860
mglBp,0.14285714285714285,6,6,AGAGCAGCATGTAACATTAT,0,2337286
mglBp,0.14285714285714285,6,6,AGAGATCTTGAGAGAGTTAT,0,2397553
mglBp,0.14285714285714285,6,6,AGAGATAGTAAACGGTCGAT,0,2412320
mglBp,0.14285714285714285,6,6,AGAGATAAGAATGGTTCCAC,0,2392265
mglBp,0.14285714285714285,6,6,AGACGAGGGGCAGAACTTGG,0,2322500
mglBp,0.14285714285714285,6,6,AGACCCCTCTTTTTCGAGCT,0,2377195
mglBp,0.14285714285714285,6,6,AGACCAGGTTACGACCCCGG,0,2386343
mglBp,0.14285714285714285,6,6,AGACAGTGTACGTTCAAGTT,0,2417805
mglBp,0.14285714285714285,6,6,AGAATGTTACAGCCTTCTGT,0,2366473
mglBp,0.14285714285714285,6,6,AGAAGCAGTAGAATGGAAGG,0,2343525
mglBp,0.14285714285714285,6,6,AGAAGAATCCTAACGCTAAC,0,2369079
mglBp,0.14285714285714285,6,6,AGAACTGGGGACCACTAAAG,0,2324225
mglBp,0.14285714285714285,6,6,AGAACGGCCCGCTTGGACTT,0,2347479
mglBp,0.14285714285714285,6,6,AGAACCCAATTAATCTAAAG,0,2322373
mglBp,0.14285714285714285,6,6,ACTTTCGGTAACAGTGGCAT,0,2419045
mglBp,0.14285714285714285,6,6,ACTTTCGGGATCGATCTTAG,0,2388896
mglBp,0.14285714285714285,6,6,ACTTTAGAAGTTGAAAGCCT,0,2401995
mglBp,0.14285714285714285,6,6,ACTTGTGCTTCCTTGTTAAC,0,2348399
mglBp,0.14285714285714285,6,6,ACTTGGTTAATTTGAGAGGT,0,2367282
mglBp,0.14285714285714285,6,6,ACTTGGAGCACAGAGAATTG,0,2317369
mglBp,0.14285714285714285,6,6,ACTTGCTCCGGGAATACGCT,0,2357608
mglBp,0.14285714285714285,6,6,ACTTGCCTGCAACTAGCCTC,0,2398062
mglBp,0.14285714285714285,6,6,ACTTGAGTGGCGCAAAGGTC,0,2386254
mglBp,0.14285714285714285,6,6,ACTTGACTTCCAGATTTACT,0,2397714
mglBp,0.14285714285714285,6,6,ACTTCTCCCGTGGCACGTTT,0,2325804
mglBp,0.14285714285714285,6,6,ACTTCACCGTCCTTCTTGCT,0,2389765
mglBp,0.14285714285714285,6,6,ACTTAGGTGCCACGCCCAAT,0,2387371
mglBp,0.14285714285714285,6,6,ACTGTCCGCTGGCAATGGAC,0,2356906
mglBp,0.14285714285714285,6,6,ACTGCCTAGCATAAAAGAGG,0,2377189
mglBp,0.14285714285714285,6,6,ACTGCCGGCTCCACGCGGTG,0,2417229
mglBp,0.14285714285714285,6,6,ACTGACGTGAATCTTTGTCC,0,2376613
mglBp,0.14285714285714285,6,6,ACTCTGTTGATAAGGGCGCC,0,2420442
mglBp,0.14285714285714285,6,6,ACTCTCACCCGCCTAGACGG,0,2343054
mglBp,0.14285714285714285,6,6,ACTCGAGACAACATAGCACT,0,2365336
mglBp,0.14285714285714285,6,6,ACTCGACGTCGTTTTCACCT,0,2365890
mglBp,0.14285714285714285,6,6,ACTCCTTGAAACAGCGATGG,0,2393458
mglBp,0.14285714285714285,6,6,ACTCCTTCATGTTTTCAGGG,0,2374520
mglBp,0.14285714285714285,6,6,ACTCAGAACGCCTTGCAAAG,0,2319084
mglBp,0.14285714285714285,6,6,ACTCAACCAGGGAGTAACGA,0,2373606
mglBp,0.14285714285714285,6,6,ACTATGTATATTAGCATAGA,0,2325056
mglBp,0.14285714285714285,6,6,ACTAGGGGCACGTAGCTCTA,0,2374809
mglBp,0.14285714285714285,6,6,ACTAAGCCTGACCAAAGCGA,0,2360957
mglBp,0.14285714285714285,6,6,ACTAAATTTTCCGGGGAGGA,0,2335049
mglBp,0.14285714285714285,6,6,ACGTTCCCCACCTCGGCCTT,0,2374538
mglBp,0.14285714285714285,6,6,ACGTTACTGATCATAGTGTA,0,2367848
mglBp,0.14285714285714285,6,6,ACGTGGGTTATGCTGATATT,0,2373049
mglBp,0.14285714285714285,6,6,ACGTGGGTGTAGAGTTCACT,0,2375579
mglBp,0.14285714285714285,6,6,ACGTGGACACTCCTTTTAAA,0,2397322
mglBp,0.14285714285714285,6,6,ACGTCTTGCTACTGATTTTA,0,2373238
mglBp,0.14285714285714285,6,6,ACGTACGGGCATGCGCAAAT,0,2317867
mglBp,0.14285714285714285,6,6,ACGTACCCGTACCGTGTTAA,0,2413551
mglBp,0.14285714285714285,6,6,ACGGTGTTCACCATGATTTT,0,2333753
mglBp,0.14285714285714285,6,6,ACGGGTTTGTCAAGCTACAG,0,2363531
mglBp,0.14285714285714285,6,6,ACGGGTCAGGGCCTAATGCA,0,2391316
mglBp,0.14285714285714285,6,6,ACGGGCACTGTGTGCATTTG,0,2329847
mglBp,0.14285714285714285,6,6,ACGGCTGAACATCTCAGCTG,0,2371594
mglBp,0.14285714285714285,6,6,ACGGCTCTTTCCCGGTTTGT,0,2321296
mglBp,0.14285714285714285,6,6,ACGGCGCGGTCCGCAGCTGG,0,2390233
mglBp,0.14285714285714285,6,6,ACGGCACACGCTCTCCTATG,0,2383209
mglBp,0.14285714285714285,6,6,ACGGATAGAGTCCTTAAGTC,0,2386471
mglBp,0.14285714285714285,6,6,ACGGACGGATTTCGAGCCTC,0,2359037
mglBp,0.14285714285714285,6,6,ACGCTTAACTGGCGCGGATC,0,2365567
mglBp,0.14285714285714285,6,6,ACGCTGGTTTAAACCAGGGT,0,2349784
mglBp,0.14285714285714285,6,6,ACGCTCTACGGAATACTATA,0,2374289
mglBp,0.14285714285714285,6,6,ACGCTAGGTTCGCTGCATTT,0,2417252
mglBp,0.14285714285714285,6,6,ACGCGGGGGCTGTAGAACTT,0,2336451
mglBp,0.14285714285714285,6,6,ACGCGATAGTAATGGGGCGA,0,2418167
mglBp,0.14285714285714285,6,6,ACGCGACTCCCTTCACAGCG,0,2335524
mglBp,0.14285714285714285,6,6,ACGCAGTAGTCGGCACAGTA,0,2402957
mglBp,0.14285714285714285,6,6,ACGAGGAACGGCTTATAGAC,0,2354482
mglBp,0.14285714285714285,6,6,ACGAGCGGAACACAGTGATA,0,2339661
mglBp,0.14285714285714285,6,6,ACGAGACCTCCGGCTACTCT,0,2412723
mglBp,0.14285714285714285,6,6,ACGACGGTTGAAGACACGCC,0,2332866
mglBp,0.14285714285714285,6,6,ACGACCAATGACGCTTCGCA,0,2357190
mglBp,0.14285714285714285,6,6,ACCTTTCGTATTTGCGAATC,0,2335331
mglBp,0.14285714285714285,6,6,ACCTTTAAGAGAGAATGAGG,0,2337189
mglBp,0.14285714285714285,6,6,ACCTTGGGAAGGTTCGACTT,0,2342658
mglBp,0.14285714285714285,6,6,ACCTTAGGTACTTTGGCACT,0,2370038
mglBp,0.14285714285714285,6,6,ACCTGGGCAGCATCTGTGAT,0,2354625
mglBp,0.14285714285714285,6,6,ACCTGCGGCTTCTCTAAACC,0,2329013
mglBp,0.14285714285714285,6,6,ACCTGCGGCAAGATGTTGTT,0,2342696
mglBp,0.14285714285714285,6,6,ACCTCTCCTGGTGTGGTCTC,0,2411011
mglBp,0.14285714285714285,6,6,ACCTAGATCGCTTAATCTTC,0,2390000
mglBp,0.14285714285714285,6,6,ACCTAAGTTTGGACAACCTT,0,2387315
mglBp,0.14285714285714285,6,6,ACCTAAGCGGCAAGTGGGTG,0,2406070
mglBp,0.14285714285714285,6,6,ACCTAACTTCCTTACGTCTA,0,2341574
mglBp,0.14285714285714285,6,6,ACCGTCTCACTATAATTCGG,0,2371592
mglBp,0.14285714285714285,6,6,ACCGTAGATTCGAAGAATGA,0,2344571
mglBp,0.14285714285714285,6,6,ACCGGGGTCCGGCTCAACGC,0,2381809
mglBp,0.14285714285714285,6,6,ACCGGCCCAGTGAAAAACGC,0,2324368
mglBp,0.14285714285714285,6,6,ACCGCTGGTGGAGTTGCTTA,0,2390614
mglBp,0.14285714285714285,6,6,ACCGCAAGTGACTCTCAAAA,0,2419731
mglBp,0.14285714285714285,6,6,ACCGATAGGGTTCCTGATTT,0,2327239
mglBp,0.14285714285714285,6,6,ACCGAATTTAGTATTCAAGG,0,2345360
mglBp,0.14285714285714285,6,6,ACCCTGCGCCTCGCCGTACC,0,2380089
mglBp,0.14285714285714285,6,6,ACCCTGCCACGCTACGAGAT,0,2335944
mglBp,0.14285714285714285,6,6,ACCCTAGCGGTCAGCACGGC,0,2325477
mglBp,0.14285714285714285,6,6,ACCCCTTGATTAACTTTCGT,0,2371100
mglBp,0.14285714285714285,6,6,ACCCATTGATTCACTAGATT,0,2339081
mglBp,0.14285714285714285,6,6,ACCCAGATTAAGGGGGGAGA,0,2346968
mglBp,0.14285714285714285,6,6,ACCCAGAGCGGGGACATCTA,0,2360336
mglBp,0.14285714285714285,6,6,ACCCACCCCTAGGAACCTCT,0,2366582
mglBp,0.14285714285714285,6,6,ACCCAAGCTATAATCGATAG,0,2320780
mglBp,0.14285714285714285,6,6,ACCATTTGGTGTATATTGGT,0,2389721
mglBp,0.14285714285714285,6,6,ACCAGCTTCTTCTTGGATCC,0,2340929
mglBp,0.14285714285714285,6,6,ACCAGATGCAAGTCGGGAAA,0,2345947
mglBp,0.14285714285714285,6,6,ACCAGATCAGAGAAGGGAAA,0,2316794
mglBp,0.14285714285714285,6,6,ACCAGAAACACATCGGGGTT,0,2397304
mglBp,0.14285714285714285,6,6,ACCACTTTTCTCGACCCGGA,0,2328465
mglBp,0.14285714285714285,6,6,ACCAACTCGGTTTAGCCAGA,0,2317086
mglBp,0.14285714285714285,6,6,ACCAACGCAGACTTCTGGGG,0,2348838
mglBp,0.14285714285714285,6,6,ACATTGGCTGACCTATACCC,0,2351520
mglBp,0.14285714285714285,6,6,ACATTGAATAGTCCAAGAGC,0,2379587
mglBp,0.14285714285714285,6,6,ACATTCCAATATATCGGTAT,0,2342525
mglBp,0.14285714285714285,6,6,ACATTAATGGTGGTGAGCAA,0,2370806
mglBp,0.14285714285714285,6,6,ACATTAAGGAAGATCGCTTT,0,2377959
mglBp,0.14285714285714285,6,6,ACATGTTAAGTTCTCACCAG,0,2328341
mglBp,0.14285714285714285,6,6,ACATGTCGGCGCTGAGGTCA,0,2364981
mglBp,0.14285714285714285,6,6,ACATGGTAATAGGCTTTATC,0,2395388
mglBp,0.14285714285714285,6,6,ACATGCTAGTCGCTCAATAT,0,2377431
mglBp,0.14285714285714285,6,6,ACATCTGAGGATCCGAGTCG,0,2356150
mglBp,0.14285714285714285,6,6,ACATAGCGCTGAGAACCTTT,0,2329546
mglBp,0.14285714285714285,6,6,ACAGTCTCTCTGTACATAGC,0,2402798
mglBp,0.14285714285714285,6,6,ACAGGTTACTTGTACTGTTA,0,2391152
mglBp,0.14285714285714285,6,6,ACAGGCGTAGGCGGTAAGAT,0,2416245
mglBp,0.14285714285714285,6,6,ACAGCCTCCTCCTGTTACAA,0,2394450
mglBp,0.14285714285714285,6,6,ACAGAATACATGATCGCCTA,0,2381414
mglBp,0.14285714285714285,6,6,ACACTGGGTCAGGGGTTCAA,0,2320958
mglBp,0.14285714285714285,6,6,ACACGTAGCGCGCTTAAGAG,0,2374461
mglBp,0.14285714285714285,6,6,ACACGGCGATGGTCTATACG,0,2405623
mglBp,0.14285714285714285,6,6,ACACGCCTTTTCGTAAAGGA,0,2374464
mglBp,0.14285714285714285,6,6,ACACCCGCAGAAGCGGTGCA,0,2402963
mglBp,0.14285714285714285,6,6,ACAATATAAGACTACCCAAC,0,2339730
mglBp,0.14285714285714285,6,6,ACAATACCGTGGTCCTTGTT,0,2336310
mglBp,0.14285714285714285,6,6,ACAAGGGTGGAATAACCCCG,0,2363017
mglBp,0.14285714285714285,6,6,ACAAGGGACTCCGGACGTCT,0,2419078
mglBp,0.14285714285714285,6,6,ACAACTTACTGCACAGAGAC,0,2345263
mglBp,0.14285714285714285,6,6,ACAACTGGTGATTACGGGAT,0,2360098
mglBp,0.14285714285714285,6,6,ACAACGATCTGCCGCATCAG,0,2368645
mglBp,0.14285714285714285,6,6,ACAACGACTTCCACGTTAAG,0,2399732
mglBp,0.14285714285714285,6,6,ACAACCACATGTCCACAAAT,0,2402985
mglBp,0.14285714285714285,6,6,ACAACAACGGCCGTACAATC,0,2326664
mglBp,0.14285714285714285,6,6,ACAAAGCTGTCGTAAGGGGT,0,2347785
mglBp,0.14285714285714285,6,6,AATTTCCATTCCCCCACTCG,0,2395382
mglBp,0.14285714285714285,6,6,AATTGGCGTATCGCGATTCG,0,2341943
mglBp,0.14285714285714285,6,6,AATTCCTCGCTGCAATGTTG,0,2339580
mglBp,0.14285714285714285,6,6,AATTATCCGGGTCGGTGTTA,0,2333505
mglBp,0.14285714285714285,6,6,AATTAGTCAATAAATTCTGA,0,2355243
mglBp,0.14285714285714285,6,6,AATTAATCAGCATCGGCAGA,0,2359005
mglBp,0.14285714285714285,6,6,AATTAAAATAAAGGCCTAAC,0,2346151
mglBp,0.14285714285714285,6,6,AATGTTGGGTAGTAAATCCT,0,2405955
mglBp,0.14285714285714285,6,6,AATGTAGAAGGCAAAACTGG,0,2391076
mglBp,0.14285714285714285,6,6,AATGGGGCTGTTGAAAGGGA,0,2365622
mglBp,0.14285714285714285,6,6,AATGGGATACGCACGTAGCA,0,2316804
mglBp,0.14285714285714285,6,6,AATGGCCGAAAAACCGCGAG,0,2377399
mglBp,0.14285714285714285,6,6,AATGCCGTCGAGTAATTGGA,0,2410803
mglBp,0.14285714285714285,6,6,AATGCCACTGTTAACACATA,0,2388188
mglBp,0.14285714285714285,6,6,AATGACGACGACAAAGGTCG,0,2360097
mglBp,0.14285714285714285,6,6,AATCTTTCTAAGTTAAATAT,0,2343122
mglBp,0.14285714285714285,6,6,AATCTCCGCTGCAACGGTTA,0,2318955
mglBp,0.14285714285714285,6,6,AATCTCCGATTTCCCCAAGC,0,2420507
mglBp,0.14285714285714285,6,6,AATCCCAGTACTTTACGAAA,0,2335094
mglBp,0.14285714285714285,6,6,AATCAGGCTCGTTTAACAGT,0,2356899
mglBp,0.14285714285714285,6,6,AATCAGGACTATGGCGTGCT,0,2387288
mglBp,0.14285714285714285,6,6,AATCAGCCCACCCAGTAGTT,0,2393976
mglBp,0.14285714285714285,6,6,AATATGCATCTTAGGTTTGA,0,2408831
mglBp,0.14285714285714285,6,6,AATAGTCCATCCCTTAGTGA,0,2333835
mglBp,0.14285714285714285,6,6,AATAGCGTTGGTTCCTGCTT,0,2411888
mglBp,0.14285714285714285,6,6,AATACTTCTGCGTTTTGGGC,0,2322787
mglBp,0.14285714285714285,6,6,AATAAACATTCCGAGGTTAG,0,2381361
mglBp,0.14285714285714285,6,6,AAGTTAGGGGATGATCTTCG,0,2392574
mglBp,0.14285714285714285,6,6,AAGTTACTGTAAATTACCGG,0,2387092
mglBp,0.14285714285714285,6,6,AAGTGCATCGTCTGGCATGT,0,2346671
mglBp,0.14285714285714285,6,6,AAGTCTTCCGGCCGATTTTC,0,2362915
mglBp,0.14285714285714285,6,6,AAGTCGTATAGGGCACCGGC,0,2356844
mglBp,0.14285714285714285,6,6,AAGTCCTGGTACCGATATGT,0,2343047
mglBp,0.14285714285714285,6,6,AAGTAGCACTCCGGGACAAG,0,2321408
mglBp,0.14285714285714285,6,6,AAGTAGAAAGGTTAGACGCG,0,2369453
mglBp,0.14285714285714285,6,6,AAGTACACTTTCTCGCATAA,0,2337015
mglBp,0.14285714285714285,6,6,AAGGTATGATCGCTTTGACC,0,2344788
mglBp,0.14285714285714285,6,6,AAGGGCTAGAACGTATTTAC,0,2385293
mglBp,0.14285714285714285,6,6,AAGGGAAGGGATCATTCACT,0,2354862
mglBp,0.14285714285714285,6,6,AAGGCGCAGGTGAGGATCCA,0,2395367
mglBp,0.14285714285714285,6,6,AAGCTTGTGACAACACAGAG,0,2389928
mglBp,0.14285714285714285,6,6,AAGCTCGTGTATACGAAACC,0,2409232
mglBp,0.14285714285714285,6,6,AAGCGTTGGTCAAGGCACCT,0,2331392
mglBp,0.14285714285714285,6,6,AAGCATATCCTCCACTGCCT,0,2372771
mglBp,0.14285714285714285,6,6,AAGAGTGATGATTTGTTTAA,0,2354710
mglBp,0.14285714285714285,6,6,AAGAGGACGATTCTAGGCTC,0,2379475
mglBp,0.14285714285714285,6,6,AAGAGATGATCGAATGAAGC,0,2322684
mglBp,0.14285714285714285,6,6,AAGAGAGGCTCCTGAGACAG,0,2347473
mglBp,0.14285714285714285,6,6,AAGACTTTTAAAGGCGCTTC,0,2345994
mglBp,0.14285714285714285,6,6,AAGACAGCCCATCATTATAA,0,2418294
mglBp,0.14285714285714285,6,6,AAGAATGCGGAGGTCAGAGT,0,2318960
mglBp,0.14285714285714285,6,6,AAGAATCGGGAAGGTAGGCT,0,2374387
mglBp,0.14285714285714285,6,6,AAGAAGCGATCACGTCGTTA,0,2396510
mglBp,0.14285714285714285,6,6,AACTTGGCTTAAGCGGGCAG,0,2383020
mglBp,0.14285714285714285,6,6,AACTTGAGTACAAAATATAT,0,2397639
mglBp,0.14285714285714285,6,6,AACTGACGGTCTGCTGCTGT,0,2406847
mglBp,0.14285714285714285,6,6,AACTCGGGCCTGCAGTGTAA,0,2323622
mglBp,0.14285714285714285,6,6,AACGTGCGACGAGTGTGTAA,0,2346743
mglBp,0.14285714285714285,6,6,AACGGTTGCTATTCTAAGGT,0,2369404
mglBp,0.14285714285714285,6,6,AACGGTCCGTTTTTTAAACC,0,2359300
mglBp,0.14285714285714285,6,6,AACGGCGAGGGTCGTCGTAC,0,2369186
mglBp,0.14285714285714285,6,6,AACGAGGCATCGTGTTTTCT,0,2344737
mglBp,0.14285714285714285,6,6,AACCGCTAGGAATAAAATGT,0,2384158
mglBp,0.14285714285714285,6,6,AACCAGGACTCCTTATAACT,0,2322597
mglBp,0.14285714285714285,6,6,AACCAGCACTGTACTAAAGG,0,2342821
mglBp,0.14285714285714285,6,6,AACATGCTCGAGAGTCAGAC,0,2407007
mglBp,0.14285714285714285,6,6,AACAGCGTTACTTTATATAT,0,2339993
mglBp,0.14285714285714285,6,6,AACAGAGGGCATAGGTAGCC,0,2382473
mglBp,0.14285714285714285,6,6,AACACTGCACGACTCGTTAT,0,2340249
mglBp,0.14285714285714285,6,6,AACACTAAGAAACCTTCACA,0,2397725
mglBp,0.14285714285714285,6,6,AACACGGGTGATGACGCGCG,0,2419197
mglBp,0.14285714285714285,6,6,AACACGGAATCGATCTGCTG,0,2356414
mglBp,0.14285714285714285,6,6,AACACATTGTTACCCATGAG,0,2336024
mglBp,0.14285714285714285,6,6,AACAAGCTGCAACTACGATG,0,2401303
mglBp,0.14285714285714285,6,6,AAATTTTGTCGGTCGCCCTG,0,2379231
mglBp,0.14285714285714285,6,6,AAATTTGGGGTGTCAGTGCG,0,2335773
mglBp,0.14285714285714285,6,6,AAATTGATATGGAGCCCGTG,0,2322133
mglBp,0.14285714285714285,6,6,AAATCTATGAACAAGTGGCC,0,2385567
mglBp,0.14285714285714285,6,6,AAATCCGAGATGTGGCTTAA,0,2353474
mglBp,0.14285714285714285,6,6,AAATCAATTGCGGTCCCAGT,0,2390534
mglBp,0.14285714285714285,6,6,AAATATAGGGTGATTGCGGC,0,2386011
mglBp,0.14285714285714285,6,6,AAATAAATCAAGTGATCTCC,0,2353943
mglBp,0.14285714285714285,6,6,AAAGGTTTATACATCGGACA,0,2382942
mglBp,0.14285714285714285,6,6,AAAGGTTCGCGATCTCGCTG,0,2370822
mglBp,0.14285714285714285,6,6,AAAGGTCAGATGAAAGATCG,0,2407993
mglBp,0.14285714285714285,6,6,AAAGGGCGGGGACAATCACA,0,2423446
mglBp,0.14285714285714285,6,6,AAAGCCACATAGAGAGGCCG,0,2410914
mglBp,0.14285714285714285,6,6,AAAGACGGCGGCCTTGTCTA,0,2416540
mglBp,0.14285714285714285,6,6,AAACTTTGGTCCGGATATAG,0,2354292
mglBp,0.14285714285714285,6,6,AAACTTAACAGAATAGATGT,0,2335797
mglBp,0.14285714285714285,6,6,AAACTCAAGGAACGTAAATT,0,2325946
mglBp,0.14285714285714285,6,6,AAACCGACACACAACCTGGG,0,2397399
mglBp,0.14285714285714285,6,6,AAACAGAAGTTCCGACGAAG,0,2372800
mglBp,0.14285714285714285,6,6,AAAATCAGATCTTAACAGCC,0,2380623
mglBp,0.14285714285714285,6,6,AAAAGTTGTTGTAATTAGTG,0,2343898
mglBp,0.14285714285714285,6,6,AAAAGTCTGTATAGTTATAA,0,2330264
mglBp,0.14285714285714285,6,6,AAAACGGTTTCTATGGAGAT,0,2335256
mglBp,0.14285714285714285,6,6,AAAACGCTGCACTACGGAGA,0,2406448
mglBp,0.14285714285714285,6,6,AAAAATTGGGTCGGTTACTA,0,2421707
mglBp,0.16666666666666666,5,5,TTTTTTGGCGGAAATGGCGT,0,2390322
mglBp,0.16666666666666666,5,5,TTTTTGCGTTGAGCCACAGT,0,2409916
mglBp,0.16666666666666666,5,5,TTTTTGCGCAGTCTCTTAGA,0,2400143
mglBp,0.16666666666666666,5,5,TTTTTCTCGAGTGTGTCTTA,0,2390547
mglBp,0.16666666666666666,5,5,TTTTTCGGGTGCTGACATTT,0,2347985
mglBp,0.16666666666666666,5,5,TTTTGTTTAGTGTGTATTCT,0,2357801
mglBp,0.16666666666666666,5,5,TTTTGCTTCGCCTCCCTGGC,0,2334917
mglBp,0.16666666666666666,5,5,TTTTGCTGATTGGTTGAGCC,0,2378145
mglBp,0.16666666666666666,5,5,TTTTGCCAGCGCCGTCCACG,0,2419272
mglBp,0.16666666666666666,5,5,TTTTGAATCAGGGATGCTTC,0,2361593
mglBp,0.16666666666666666,5,5,TTTTCTAGCGAATCATTCAA,0,2375889
mglBp,0.16666666666666666,5,5,TTTTCCGTCAATTTATGCCT,0,2319407
mglBp,0.16666666666666666,5,5,TTTTATGTCCCATTATCGGC,0,2383494
mglBp,0.16666666666666666,5,5,TTTTAGGCCATATTCGTTAC,0,2395237
mglBp,0.16666666666666666,5,5,TTTGTTTAGTTTTCAGGCTA,0,2338313
mglBp,0.16666666666666666,5,5,TTTGTTTACCTCCGGCAATC,0,2383378
mglBp,0.16666666666666666,5,5,TTTGTTGTACAAGCACGAAC,0,2421054
mglBp,0.16666666666666666,5,5,TTTGTTATTTACGAGGCGTG,0,2358373
mglBp,0.16666666666666666,5,5,TTTGTGTGTTATCAAGAGTG,0,2337450
mglBp,0.16666666666666666,5,5,TTTGGCCCTGGTGATGCCGT,0,2333076
mglBp,0.16666666666666666,5,5,TTTGCAGGCACTGGTCACAT,0,2391214
mglBp,0.16666666666666666,5,5,TTTGAGCGAACTTGTCTGAA,0,2323312
mglBp,0.16666666666666666,5,5,TTTGACGCGCCATGAGCTCG,0,2370336
mglBp,0.16666666666666666,5,5,TTTCTCAACTAGGGTGCGCC,0,2318251
mglBp,0.16666666666666666,5,5,TTTCTAGCGGAGTGACATAG,0,2372134
mglBp,0.16666666666666666,5,5,TTTCGCGTCCTCTGCTCTGG,0,2361806
mglBp,0.16666666666666666,5,5,TTTCGCACTCATGCTTTGAT,0,2365840
mglBp,0.16666666666666666,5,5,TTTCGACCCAGGCTAAATTT,0,2422769
mglBp,0.16666666666666666,5,5,TTTCCGCCGGCGGTACGCAA,0,2335685
mglBp,0.16666666666666666,5,5,TTTCCGAGCTTAGCGACTCG,0,2415298
mglBp,0.16666666666666666,5,5,TTTCCCGATTCTGGAGTCTT,0,2346911
mglBp,0.16666666666666666,5,5,TTTCCATGCCATAGGGCAGC,0,2410315
mglBp,0.16666666666666666,5,5,TTTCCAAAGTTGGTCTTTTC,0,2405521
mglBp,0.16666666666666666,5,5,TTTCAGCTCCAGGCAATGGG,0,2390611
mglBp,0.16666666666666666,5,5,TTTCAGCCGGTAACTTCCAA,0,2318607
mglBp,0.16666666666666666,5,5,TTTCAGCAGGGCGTAAAGTC,0,2341003
mglBp,0.16666666666666666,5,5,TTTCAATATTGAAAGGCAGT,0,2363179
mglBp,0.16666666666666666,5,5,TTTAGGCGCAAAGACAGGGC,0,2368482
mglBp,0.16666666666666666,5,5,TTTAGCGACGACTCAATCCA,0,2382232
mglBp,0.16666666666666666,5,5,TTTAGCAATTCCCATTATTC,0,2396504
mglBp,0.16666666666666666,5,5,TTTACGTACTGTTCACGATT,0,2318663
mglBp,0.16666666666666666,5,5,TTTACATTCAGCAACAGCAG,0,2358324
mglBp,0.16666666666666666,5,5,TTGTTCTAAGAGTGCAATAA,0,2337231
mglBp,0.16666666666666666,5,5,TTGTTATCAATACGTCCGGC,0,2319844
mglBp,0.16666666666666666,5,5,TTGTGTTCCCGCAACACATT,0,2333137
mglBp,0.16666666666666666,5,5,TTGTGGCATCTAGGGTGGAA,0,2320406
mglBp,0.16666666666666666,5,5,TTGTCTGGGTAACCAATTTA,0,2387112
mglBp,0.16666666666666666,5,5,TTGTCCCAGACCTCAACGGG,0,2321205
mglBp,0.16666666666666666,5,5,TTGTATTCCGGGACGTTTCA,0,2367698
mglBp,0.16666666666666666,5,5,TTGTATCTAAAGCCCACAGC,0,2360540
mglBp,0.16666666666666666,5,5,TTGGTTTAAGACTAGACGGT,0,2324000
mglBp,0.16666666666666666,5,5,TTGGTGGGGATTCAATTGAG,0,2373509
mglBp,0.16666666666666666,5,5,TTGGTGCCAGCAGACCGGCG,0,2423135
mglBp,0.16666666666666666,5,5,TTGGCCAGGCTTAGCGGATC,0,2379424
mglBp,0.16666666666666666,5,5,TTGGCATATTTAGACAGAAT,0,2386787
mglBp,0.16666666666666666,5,5,TTGGCACGTCGATCACGTTC,0,2363828
mglBp,0.16666666666666666,5,5,TTGGCACCGGCGTTGGACCC,0,2379085
mglBp,0.16666666666666666,5,5,TTGGAATTGGCATGTCTTGT,0,2342655
mglBp,0.16666666666666666,5,5,TTGCTGGCCATTTACAAATA,0,2330424
mglBp,0.16666666666666666,5,5,TTGCTACAGCGTTTGGGCGA,0,2419471
mglBp,0.16666666666666666,5,5,TTGCGCCTCCACTATACGTC,0,2317291
mglBp,0.16666666666666666,5,5,TTGATGGCTTTGATTATCTT,0,2386100
mglBp,0.16666666666666666,5,5,TTGATCTTTAGATGATTACC,0,2327790
mglBp,0.16666666666666666,5,5,TTGATCGGTGCGGTTACTGC,0,2392359
mglBp,0.16666666666666666,5,5,TTGAGAGCCAAGTTGGCGCG,0,2319988
mglBp,0.16666666666666666,5,5,TTGAAGCTCTTTCTTCTGCT,0,2351690
mglBp,0.16666666666666666,5,5,TTCTTAAGGGTTCATGTTTC,0,2396395
mglBp,0.16666666666666666,5,5,TTCTGGGGAATAAGAAGACG,0,2319892
mglBp,0.16666666666666666,5,5,TTCTGCCTTCAATCCCAGAA,0,2404101
mglBp,0.16666666666666666,5,5,TTCTGCAATCTGCGCACCTT,0,2363019
mglBp,0.16666666666666666,5,5,TTCTGATCGTACGATCAGCA,0,2420969
mglBp,0.16666666666666666,5,5,TTCTCTGACGGGCCGGACTT,0,2328078
mglBp,0.16666666666666666,5,5,TTCTCGGTTGCTCACCTGCA,0,2423610
mglBp,0.16666666666666666,5,5,TTCTAAATTTAGAGTCCTAT,0,2414438
mglBp,0.16666666666666666,5,5,TTCGTTCATCAAGAACGTCT,0,2369250
mglBp,0.16666666666666666,5,5,TTCGGTGCTCCGCAGAAAGC,0,2390533
mglBp,0.16666666666666666,5,5,TTCGCTCCATCGACGTTTCG,0,2399234
mglBp,0.16666666666666666,5,5,TTCGACACGGCGGCAGGGAT,0,2374583
mglBp,0.16666666666666666,5,5,TTCGAACATGCTGTCCGTCC,0,2352450
mglBp,0.16666666666666666,5,5,TTCCTGCTTGCTCATCAAGG,0,2329394
mglBp,0.16666666666666666,5,5,TTCCTATAATGAGATGATGA,0,2377625
mglBp,0.16666666666666666,5,5,TTCCGGATAATTGAGATGCA,0,2383366
mglBp,0.16666666666666666,5,5,TTCCGCATGGTCATCATTAT,0,2421944
mglBp,0.16666666666666666,5,5,TTCCCTTTCACCAGGGCGCT,0,2316791
mglBp,0.16666666666666666,5,5,TTCCCTCTGCGTGTGCCCAT,0,2333576
mglBp,0.16666666666666666,5,5,TTCCATTGGGCTACAATTTG,0,2401049
mglBp,0.16666666666666666,5,5,TTCCATGCAACCCCTATGTC,0,2392662
mglBp,0.16666666666666666,5,5,TTCCATCAGCCTAGGAATAG,0,2415334
mglBp,0.16666666666666666,5,5,TTCATTGTCGCGCAGGGGCT,0,2365465
mglBp,0.16666666666666666,5,5,TTCATATTTCCCAGTCCCTA,0,2413988
mglBp,0.16666666666666666,5,5,TTCAGAGGCAAGGGTTACCT,0,2417310
mglBp,0.16666666666666666,5,5,TTCACCGGTCCTGTGCAAAA,0,2318854
mglBp,0.16666666666666666,5,5,TTATTGATGTTATAAGCCAA,0,2357260
mglBp,0.16666666666666666,5,5,TTATTGAGCCGTCATCCAAA,0,2421443
mglBp,0.16666666666666666,5,5,TTATTCGGCAAAACGGCACT,0,2403318
mglBp,0.16666666666666666,5,5,TTATTCCGTTCCATCTGCAG,0,2398982
mglBp,0.16666666666666666,5,5,TTATGTCCTGTGTACGAATT,0,2379889
mglBp,0.16666666666666666,5,5,TTATGGGGATCAGCCTTAAT,0,2354502
mglBp,0.16666666666666666,5,5,TTATGCTTCCGAGTACTTAC,0,2405914
mglBp,0.16666666666666666,5,5,TTATGCAGAGATTGCTAGTC,0,2333630
mglBp,0.16666666666666666,5,5,TTATGATCAAATTTTCAATC,0,2382984
mglBp,0.16666666666666666,5,5,TTATGACTCTCGGGGTCTCG,0,2372578
mglBp,0.16666666666666666,5,5,TTATATGTCTTACAGGATCC,0,2323026
mglBp,0.16666666666666666,5,5,TTATAGCGTGGGAGCAGGTC,0,2368340
mglBp,0.16666666666666666,5,5,TTATAGATACCCTCAACTAA,0,2421740
mglBp,0.16666666666666666,5,5,TTAGTAGCACGATGCGCGAT,0,2359825
mglBp,0.16666666666666666,5,5,TTAGGTCTTCTATGGCAACA,0,2324640
mglBp,0.16666666666666666,5,5,TTAGGGCTACGACTGATGAT,0,2391232
mglBp,0.16666666666666666,5,5,TTAGGCGTAATGGGGGCGGT,0,2357161
mglBp,0.16666666666666666,5,5,TTAGGCCACGGCCCGTCACG,0,2397423
mglBp,0.16666666666666666,5,5,TTAGCCAAGGAAGGAAGGAA,0,2354519
mglBp,0.16666666666666666,5,5,TTACTTAGCCGCCTAGTGTA,0,2410556
mglBp,0.16666666666666666,5,5,TTACTATTACTGCGGCTGTT,0,2422577
mglBp,0.16666666666666666,5,5,TTACGGAGCCGATTGAGCGA,0,2335025
mglBp,0.16666666666666666,5,5,TTACGAAAGAAGCATGCCGC,0,2341329
mglBp,0.16666666666666666,5,5,TTACCAGAACGACTCGACTC,0,2318925
mglBp,0.16666666666666666,5,5,TTACATCTGGCTCTGGCTGA,0,2324636
mglBp,0.16666666666666666,5,5,TTACAGACCTTTTGCCAAGC,0,2377010
mglBp,0.16666666666666666,5,5,TTAAGGTAAAGGCGAAGGCC,0,2351575
mglBp,0.16666666666666666,5,5,TTAACCCACATGTGGAGAAA,0,2386545
mglBp,0.16666666666666666,5,5,TGTTTCCCATCCCCAGGCCT,0,2346173
mglBp,0.16666666666666666,5,5,TGTTGTCTGTAAATGCGTCA,0,2316454
mglBp,0.16666666666666666,5,5,TGTTGCCCCGATAACATCGT,0,2323848
mglBp,0.16666666666666666,5,5,TGTTCGCACAACAGAGCCTA,0,2370877
mglBp,0.16666666666666666,5,5,TGTTATACGCAGAGTAGAGG,0,2338956
mglBp,0.16666666666666666,5,5,TGTTACCTCAGCCTAGTCTT,0,2317732
mglBp,0.16666666666666666,5,5,TGTTAATTCTGAGAGAAGTT,0,2320375
mglBp,0.16666666666666666,5,5,TGTGTTTCTGGGAAATTAGG,0,2321230
mglBp,0.16666666666666666,5,5,TGTGTTAATCACCCCGTATT,0,2341206
mglBp,0.16666666666666666,5,5,TGTGGGTTCCTAAGTTTCTA,0,2334440
mglBp,0.16666666666666666,5,5,TGTGGGGGTAAATCCTCATA,0,2365374
mglBp,0.16666666666666666,5,5,TGTGCATCTGGCGTTTCCCT,0,2330961
mglBp,0.16666666666666666,5,5,TGTGATGGAGTCTGGCGATT,0,2413136
mglBp,0.16666666666666666,5,5,TGTGAGCCCATCAGTTCGCG,0,2322856
mglBp,0.16666666666666666,5,5,TGTCTGCGAGCGGACCGACC,0,2335372
mglBp,0.16666666666666666,5,5,TGTCGTCAAAGGTGTGACGT,0,2418687
mglBp,0.16666666666666666,5,5,TGTCCTTGGTGAATCGCGTA,0,2418291
mglBp,0.16666666666666666,5,5,TGTCAGTTAAGATGGGAGAT,0,2362437
mglBp,0.16666666666666666,5,5,TGTCAATCATAAAGCCCGGT,0,2356941
mglBp,0.16666666666666666,5,5,TGTCAACCTAATCACGTGGT,0,2404083
mglBp,0.16666666666666666,5,5,TGTATTGGCAAGCAAGTCAG,0,2316944
mglBp,0.16666666666666666,5,5,TGTATAAGTGTCGCACCCGA,0,2377884
mglBp,0.16666666666666666,5,5,TGTAGTGCCCTGCATGGCAT,0,2410189
mglBp,0.16666666666666666,5,5,TGTAGTCAGAGGAGGTTCGG,0,2385573
mglBp,0.16666666666666666,5,5,TGTAGCTCCGCATATGTTTT,0,2405219
mglBp,0.16666666666666666,5,5,TGTAATGTTCGACCTTACAC,0,2343902
mglBp,0.16666666666666666,5,5,TGGTTTTGACTACAGTCCCC,0,2319240
mglBp,0.16666666666666666,5,5,TGGTGCACCGTCAGGACTAA,0,2391727
mglBp,0.16666666666666666,5,5,TGGTCTGGTGCGTCACATAG,0,2377760
mglBp,0.16666666666666666,5,5,TGGTCGATCCTCGAGGATCT,0,2367100
mglBp,0.16666666666666666,5,5,TGGTCGAGAGGATCTAACTC,0,2345327
mglBp,0.16666666666666666,5,5,TGGTAGTATGCTCTAGGTGG,0,2350501
mglBp,0.16666666666666666,5,5,TGGTAGGGGGGCCGCTCTAG,0,2336765
mglBp,0.16666666666666666,5,5,TGGTACTTCGGGGCCAGATT,0,2404759
mglBp,0.16666666666666666,5,5,TGGTACTGGTGATCGTTTTA,0,2417532
mglBp,0.16666666666666666,5,5,TGGGTGTGGTGGCCGTCACA,0,2382941
mglBp,0.16666666666666666,5,5,TGGGTGGGCCACCATCACAC,0,2337243
mglBp,0.16666666666666666,5,5,TGGGTAATAAGTTAGCGGTG,0,2350319
mglBp,0.16666666666666666,5,5,TGGGGGCAATTTGGCATTAC,0,2326271
mglBp,0.16666666666666666,5,5,TGGGGGATGATGTGCTAATT,0,2343746
mglBp,0.16666666666666666,5,5,TGGGGCTCAGGCAGACCCTT,0,2387380
mglBp,0.16666666666666666,5,5,TGGGGACGCAGTAAGCTCGC,0,2389843
mglBp,0.16666666666666666,5,5,TGGGGAAAATTGGGAAGTCG,0,2356676
mglBp,0.16666666666666666,5,5,TGGGCGCTCCGATACTTGGT,0,2343613
mglBp,0.16666666666666666,5,5,TGGGCGCCGGGTGCCGCCAT,0,2390280
mglBp,0.16666666666666666,5,5,TGGGATTCATTCGGTATTCA,0,2410858
mglBp,0.16666666666666666,5,5,TGGGAGGCGCACATGTAAGC,0,2397462
mglBp,0.16666666666666666,5,5,TGGGACAATCGCATAACGTT,0,2395654
mglBp,0.16666666666666666,5,5,TGGCTGGCCTGTTGCTCGAT,0,2369283
mglBp,0.16666666666666666,5,5,TGGCCTTCTACTACCTACCA,0,2361657
mglBp,0.16666666666666666,5,5,TGGCCGGCTCACGGCTGATC,0,2416382
mglBp,0.16666666666666666,5,5,TGGCCCTTAATTTCCATCCC,0,2342864
mglBp,0.16666666666666666,5,5,TGGCCACTTGGTTTACGTTT,0,2353928
mglBp,0.16666666666666666,5,5,TGGCAGACGAAAAAGTATCA,0,2348226
mglBp,0.16666666666666666,5,5,TGGCAAGTTGCACGTAAACG,0,2375753
mglBp,0.16666666666666666,5,5,TGGATGTCGAGATTGTTCTC,0,2374819
mglBp,0.16666666666666666,5,5,TGGATGCAAGCAAATGTCCC,0,2411283
mglBp,0.16666666666666666,5,5,TGGATCATGTGAACCCAGAC,0,2422938
mglBp,0.16666666666666666,5,5,TGGAGCTTTTTGCTCCGGTG,0,2346479
mglBp,0.16666666666666666,5,5,TGGACGTATCATTAACACAA,0,2353777
mglBp,0.16666666666666666,5,5,TGGACGAATGCTGATCCCCG,0,2354298
mglBp,0.16666666666666666,5,5,TGGACATACCTGCTGCTATT,0,2322609
mglBp,0.16666666666666666,5,5,TGGAATCCGGCGGTGTCGCT,0,2389588
mglBp,0.16666666666666666,5,5,TGCTTTCAAGAGGGGATGGA,0,2401421
mglBp,0.16666666666666666,5,5,TGCTTTCAACGAGGTTACCA,0,2398726
mglBp,0.16666666666666666,5,5,TGCTTGAGAGAACATGCTCG,0,2404400
mglBp,0.16666666666666666,5,5,TGCTTCGAATCGCGCTAGCG,0,2361919
mglBp,0.16666666666666666,5,5,TGCTTCCCACCTTGCCAATG,0,2392997
mglBp,0.16666666666666666,5,5,TGCTGTTTCTAAGCGTCTCT,0,2377029
mglBp,0.16666666666666666,5,5,TGCTGGATGAGGAGGTGTGG,0,2363881
mglBp,0.16666666666666666,5,5,TGCTAGTCTGCCCTTCGTCT,0,2409987
mglBp,0.16666666666666666,5,5,TGCTAAAGCGAATGTTGAGA,0,2324635
mglBp,0.16666666666666666,5,5,TGCGTCAGTGACTATCCACT,0,2332295
mglBp,0.16666666666666666,5,5,TGCGTAATTCGGCCCGCGCG,0,2317177
mglBp,0.16666666666666666,5,5,TGCGTAAGCTAGGAGGGCCA,0,2388159
mglBp,0.16666666666666666,5,5,TGCGGGATGAAGGAATTTCT,0,2325510
mglBp,0.16666666666666666,5,5,TGCGCGTCAAGTAAAGACCA,0,2409440
mglBp,0.16666666666666666,5,5,TGCGCCATAGCATATGCTTC,0,2377213
mglBp,0.16666666666666666,5,5,TGCGAATATGGTTACCTGCC,0,2422927
mglBp,0.16666666666666666,5,5,TGCGAACAATTCTGAAAGGT,0,2322974
mglBp,0.16666666666666666,5,5,TGCCGGGGATAAATCAGTGT,0,2396605
mglBp,0.16666666666666666,5,5,TGCCCGGCGCTAGCTGTAAC,0,2401167
mglBp,0.16666666666666666,5,5,TGCATCTCACGAAAGGACGG,0,2419240
mglBp,0.16666666666666666,5,5,TGCAAGTGAAATAGCCATTT,0,2341635
mglBp,0.16666666666666666,5,5,TGATTTATAGTGGAATAGTT,0,2408279
mglBp,0.16666666666666666,5,5,TGATTCTAAATTATTGTTGC,0,2339905
mglBp,0.16666666666666666,5,5,TGATTCGATCAAAATCCGTA,0,2373302
mglBp,0.16666666666666666,5,5,TGATTCCTGGTGGGTAGCGT,0,2363587
mglBp,0.16666666666666666,5,5,TGATTATAGGCTCAATTCAT,0,2334112
mglBp,0.16666666666666666,5,5,TGATGGTTACATCACTTGTA,0,2396565
mglBp,0.16666666666666666,5,5,TGATCAGATCTGGTCGGGAA,0,2391403
mglBp,0.16666666666666666,5,5,TGATCAAGGTTTTTGAATGT,0,2370338
mglBp,0.16666666666666666,5,5,TGATATTCAATACTGAAACA,0,2411722
mglBp,0.16666666666666666,5,5,TGATACCAAAACCTACTCGC,0,2345968
mglBp,0.16666666666666666,5,5,TGAGTCCGTATTCCATAGAG,0,2390405
mglBp,0.16666666666666666,5,5,TGAGTAGCACTGAACCATCA,0,2375577
mglBp,0.16666666666666666,5,5,TGAGGTAAAGTCGCCACTAG,0,2317689
mglBp,0.16666666666666666,5,5,TGAGGGTCTAGGTCGGGACG,0,2337306
mglBp,0.16666666666666666,5,5,TGAGGCCTTCTACGGAATCT,0,2396355
mglBp,0.16666666666666666,5,5,TGAGGAGCCTGTTTAGAGTT,0,2327788
mglBp,0.16666666666666666,5,5,TGAGCCAACAGTAGCTATCC,0,2365510
mglBp,0.16666666666666666,5,5,TGAGCATTTTGCTAATGCAA,0,2333286
mglBp,0.16666666666666666,5,5,TGAGCACTAAGTAAATCCGC,0,2321613
mglBp,0.16666666666666666,5,5,TGAGACTTGGGCCGACAGGG,0,2404516
mglBp,0.16666666666666666,5,5,TGAGACCGCTGAAGGACCTA,0,2373590
mglBp,0.16666666666666666,5,5,TGACTTAGGTCCCTTATGCT,0,2353881
mglBp,0.16666666666666666,5,5,TGACTGCGATGCATTCCAAC,0,2335631
mglBp,0.16666666666666666,5,5,TGACGGTCAAAGGGTAATTT,0,2347811
mglBp,0.16666666666666666,5,5,TGACGAAGAACTCGGGCCAG,0,2390474
mglBp,0.16666666666666666,5,5,TGACCACCAGCCACCGTGCG,0,2340809
mglBp,0.16666666666666666,5,5,TGACAGGGTGCTAGTGTTTC,0,2376190
mglBp,0.16666666666666666,5,5,TGAAGAACAGGCCTCACTTC,0,2361066
mglBp,0.16666666666666666,5,5,TGAAGAAATCAATTTTGTGT,0,2369742
mglBp,0.16666666666666666,5,5,TGAACTGAGTCTGGATCCTA,0,2414137
mglBp,0.16666666666666666,5,5,TGAACTCTCAGGGACACCTC,0,2335139
mglBp,0.16666666666666666,5,5,TGAAAGTACCCCCACCACGC,0,2414898
mglBp,0.16666666666666666,5,5,TGAAAGGCCGCGCATTTCAT,0,2421242
mglBp,0.16666666666666666,5,5,TGAAACGTTAGGTAAAATGG,0,2411426
mglBp,0.16666666666666666,5,5,TCTTTTTAGAGGTAAGGCGT,0,2344681
mglBp,0.16666666666666666,5,5,TCTTTTCCATATTCATCTGT,0,2351340
mglBp,0.16666666666666666,5,5,TCTTTACCGCCAAGCCCAGT,0,2395981
mglBp,0.16666666666666666,5,5,TCTTGTGGGTCCAATTCGGC,0,2406176
mglBp,0.16666666666666666,5,5,TCTTACTAGACAGCCGCTTG,0,2386573
mglBp,0.16666666666666666,5,5,TCTGTCCCTTGTGATCTAGT,0,2348372
mglBp,0.16666666666666666,5,5,TCTGTCCAGGCATCGTCCCG,0,2333540
mglBp,0.16666666666666666,5,5,TCTGTAGGGCGGCACTTACC,0,2388849
mglBp,0.16666666666666666,5,5,TCTGGTTCATCTGTTTATAC,0,2404566
mglBp,0.16666666666666666,5,5,TCTGGCCAATGTCTGCTGTT,0,2368147
mglBp,0.16666666666666666,5,5,TCTGCTACCTTGCTTGGGGG,0,2400845
mglBp,0.16666666666666666,5,5,TCTGCGCCGCCAGCCACGCA,0,2324827
mglBp,0.16666666666666666,5,5,TCTGCGACGCAATTGGGCCA,0,2318362
mglBp,0.16666666666666666,5,5,TCTCTTCCACTTCGAGTATT,0,2410721
mglBp,0.16666666666666666,5,5,TCTCTTAGTCGGAGATACTA,0,2335569
mglBp,0.16666666666666666,5,5,TCTCTTAATCCACCCTCAAG,0,2422675
mglBp,0.16666666666666666,5,5,TCTCTCCGTCAAACATATAG,0,2416298
mglBp,0.16666666666666666,5,5,TCTCTCACGGGCCCCACTCT,0,2336249
mglBp,0.16666666666666666,5,5,TCTCTAGGCGGTCATATAGT,0,2350053
mglBp,0.16666666666666666,5,5,TCTCTAAGACAGCGAATACG,0,2390793
mglBp,0.16666666666666666,5,5,TCTCGTTGGTGCAGACCACA,0,2379283
mglBp,0.16666666666666666,5,5,TCTCCTCGGCTCGGTCCTTG,0,2420748
mglBp,0.16666666666666666,5,5,TCTCCATGATGCTGGAGACA,0,2320515
mglBp,0.16666666666666666,5,5,TCTCAGTTCGTTAAGTAGGG,0,2348793
mglBp,0.16666666666666666,5,5,TCTCAGCAAAATTTATAATT,0,2412620
mglBp,0.16666666666666666,5,5,TCTCAAGGATCCGTTGATCC,0,2325578
mglBp,0.16666666666666666,5,5,TCTCAACGGATCAAGGATAG,0,2368320
mglBp,0.16666666666666666,5,5,TCTCAACAGGAGTACCTGCC,0,2363166
mglBp,0.16666666666666666,5,5,TCTATGGCCAGGGAGTTTCT,0,2318140
mglBp,0.16666666666666666,5,5,TCTATCGTCCGGTTTCTCGT,0,2385308
mglBp,0.16666666666666666,5,5,TCTAGTAAAGGCGTTTCCCT,0,2396049
mglBp,0.16666666666666666,5,5,TCTACCTCAACCCATACACC,0,2336875
mglBp,0.16666666666666666,5,5,TCGTTGGAGGAAATCCAGAT,0,2324574
mglBp,0.16666666666666666,5,5,TCGTTCCCTAAGAGGGAATC,0,2338877
mglBp,0.16666666666666666,5,5,TCGTTAAAGTGTGCTCACAA,0,2324166
mglBp,0.16666666666666666,5,5,TCGTGTCTACGTTGAAAGTA,0,2380451
mglBp,0.16666666666666666,5,5,TCGTCTATACAGAATGCTAC,0,2333479
mglBp,0.16666666666666666,5,5,TCGTCGATAGTATCTAAGGG,0,2348676
mglBp,0.16666666666666666,5,5,TCGTCAGTGGGCTAGCGGTT,0,2353501
mglBp,0.16666666666666666,5,5,TCGTCAGAGCCCGCAGTACC,0,2357241
mglBp,0.16666666666666666,5,5,TCGTCAAGTGTCCCGTATCG,0,2333713
mglBp,0.16666666666666666,5,5,TCGTATTTTAGGATTATGCT,0,2422127
mglBp,0.16666666666666666,5,5,TCGTATGAGCAAGTAGCGGT,0,2338251
mglBp,0.16666666666666666,5,5,TCGTAGTTGCAGCCCAGGTT,0,2403279
mglBp,0.16666666666666666,5,5,TCGTAACGCAGCCTGGACTC,0,2319516
mglBp,0.16666666666666666,5,5,TCGGTTCGTGAGGGAGTGAG,0,2385489
mglBp,0.16666666666666666,5,5,TCGGTTAAGACGACTCGATG,0,2332350
mglBp,0.16666666666666666,5,5,TCGGTGATTCGTGTGAGTGT,0,2355384
mglBp,0.16666666666666666,5,5,TCGGTCCGTCGGTAAACTTG,0,2377130
mglBp,0.16666666666666666,5,5,TCGGTCCAGTCTTGTGTCGG,0,2362800
mglBp,0.16666666666666666,5,5,TCGGTACTGAACTTGCAATA,0,2357606
mglBp,0.16666666666666666,5,5,TCGGGATAGAGCGCTAGTGT,0,2346419
mglBp,0.16666666666666666,5,5,TCGGCCTACTAGCAGTGGGT,0,2326144
mglBp,0.16666666666666666,5,5,TCGGAATGCTATCGCATTCG,0,2339922
mglBp,0.16666666666666666,5,5,TCGCTGAGTGTGGCGTAGCT,0,2317460
mglBp,0.16666666666666666,5,5,TCGCTCGCAAACGTCAGGGT,0,2410157
mglBp,0.16666666666666666,5,5,TCGCTATATTATTTGAATAC,0,2338974
mglBp,0.16666666666666666,5,5,TCGCGACAGCTGTAAAGGTA,0,2383598
mglBp,0.16666666666666666,5,5,TCGCCGCACTTCTTTTCCAT,0,2368583
mglBp,0.16666666666666666,5,5,TCGCCACTTGGCGCTGTTGG,0,2394274
mglBp,0.16666666666666666,5,5,TCGCCACGCGGCCTTACCTG,0,2389424
mglBp,0.16666666666666666,5,5,TCGCCAATCGGACCGCAGGA,0,2379340
mglBp,0.16666666666666666,5,5,TCGCAAATCATACTGCACAC,0,2391531
mglBp,0.16666666666666666,5,5,TCGAGGCATACCAAATAACG,0,2326611
mglBp,0.16666666666666666,5,5,TCGAGGATTGCGGACCATGA,0,2351799
mglBp,0.16666666666666666,5,5,TCGAGCGGATACGTGCTCTA,0,2421206
mglBp,0.16666666666666666,5,5,TCGAGAGACATAGCTAATTT,0,2414411
mglBp,0.16666666666666666,5,5,TCGACCGAGCCAGCGTTTAT,0,2331713
mglBp,0.16666666666666666,5,5,TCGACAGAACTGGACGCACA,0,2339075
mglBp,0.16666666666666666,5,5,TCGAATAGGTGCGTTGGAAA,0,2411211
mglBp,0.16666666666666666,5,5,TCCTGATCGGCTATCAAGTA,0,2417279
mglBp,0.16666666666666666,5,5,TCCTGATAGGTACACCGTAT,0,2317604
mglBp,0.16666666666666666,5,5,TCCTCTCTAGTGCTACCCTT,0,2420868
mglBp,0.16666666666666666,5,5,TCCTCGCGCGGTCGCGCCCA,0,2335000
mglBp,0.16666666666666666,5,5,TCCGTCGTCTCATCGAGAAC,0,2345457
mglBp,0.16666666666666666,5,5,TCCGTCACAGCGTTGTGGCA,0,2338281
mglBp,0.16666666666666666,5,5,TCCGGATCGGACTGCATTGC,0,2420282
mglBp,0.16666666666666666,5,5,TCCGAGTTAAAACATAGTAT,0,2346202
mglBp,0.16666666666666666,5,5,TCCGAGGAATCAGGACCGTC,0,2376317
mglBp,0.16666666666666666,5,5,TCCGACCAGACTTAACGTAG,0,2405359
mglBp,0.16666666666666666,5,5,TCCGACAGGAATCATCCTCT,0,2326382
mglBp,0.16666666666666666,5,5,TCCCTGGCCATGGGACACTC,0,2407454
mglBp,0.16666666666666666,5,5,TCCCTGACGTTTTGTTTAAT,0,2320453
mglBp,0.16666666666666666,5,5,TCCCCGCGCAGGTTAATTGT,0,2347947
mglBp,0.16666666666666666,5,5,TCCCCGATGGACGCAGCGTT,0,2413097
mglBp,0.16666666666666666,5,5,TCCCCACGCTTTCGACTATT,0,2381343
mglBp,0.16666666666666666,5,5,TCCCAGACGTTAAGGGCGTT,0,2400229
mglBp,0.16666666666666666,5,5,TCCCAATGCTATCCATCGTC,0,2355078
mglBp,0.16666666666666666,5,5,TCCCAAGACACTTCTAACGG,0,2388559
mglBp,0.16666666666666666,5,5,TCCCAACCACCCCGATGGAG,0,2395571
mglBp,0.16666666666666666,5,5,TCCATTCGTGATCTGGTTGC,0,2398502
mglBp,0.16666666666666666,5,5,TCCATGCTCCTGCGTCATTG,0,2358590
mglBp,0.16666666666666666,5,5,TCCATCGATATCGGAATCAG,0,2355508
mglBp,0.16666666666666666,5,5,TCCAGCTAATATCGACATCC,0,2392557
mglBp,0.16666666666666666,5,5,TCCAATGCGGCTGGCTAAGA,0,2327706
mglBp,0.16666666666666666,5,5,TCCAATGAGGATTACTCCTG,0,2337953
mglBp,0.16666666666666666,5,5,TCCAAAGCCGAGGACCAGGC,0,2322411
mglBp,0.16666666666666666,5,5,TCATTCCCCGGCGATCAGGA,0,2403719
mglBp,0.16666666666666666,5,5,TCATGGGGCATTTTCTCTCT,0,2359505
mglBp,0.16666666666666666,5,5,TCATGGAAAGTTTCAACCGG,0,2414717
mglBp,0.16666666666666666,5,5,TCATCGCATTACCGTTCCCC,0,2361543
mglBp,0.16666666666666666,5,5,TCATAGACCCACTTCCGCTG,0,2397510
mglBp,0.16666666666666666,5,5,TCATACAGGTTGACCTCTAT,0,2386075
mglBp,0.16666666666666666,5,5,TCAGTTTCATCTTCTCACTA,0,2386027
mglBp,0.16666666666666666,5,5,TCAGTGAGCTACGGTTTCGT,0,2417176
mglBp,0.16666666666666666,5,5,TCAGTGACCGAATACCACTT,0,2347465
mglBp,0.16666666666666666,5,5,TCAGGGCATTAGGAACAAGA,0,2342498
mglBp,0.16666666666666666,5,5,TCAGGGACCTACTGAAGAGG,0,2339277
mglBp,0.16666666666666666,5,5,TCAGGCGCAAGAAAAGTTCT,0,2380333
mglBp,0.16666666666666666,5,5,TCAGGAAAACGTCGTCACTA,0,2375798
mglBp,0.16666666666666666,5,5,TCAGCGTCCGAAAGAGTGTA,0,2358333
mglBp,0.16666666666666666,5,5,TCAGCCTGGCCTCTTCAGTC,0,2413182
mglBp,0.16666666666666666,5,5,TCAGCCGGTTGACTCCAGAC,0,2323993
mglBp,0.16666666666666666,5,5,TCAGACTCTCGCCAGCCGTG,0,2390336
mglBp,0.16666666666666666,5,5,TCACTGCGCACATACTTGGA,0,2318110
mglBp,0.16666666666666666,5,5,TCACTGACATACGATTGGGG,0,2347892
mglBp,0.16666666666666666,5,5,TCACTATAGCAGGGAGCGAG,0,2363450
mglBp,0.16666666666666666,5,5,TCACGGCAATACGATAACTG,0,2384355
mglBp,0.16666666666666666,5,5,TCACGCTGTGCAATACACGA,0,2321850
mglBp,0.16666666666666666,5,5,TCACGCCCCAGGTCGGAGTT,0,2340227
mglBp,0.16666666666666666,5,5,TCACCGATAGAACCATTCCA,0,2350660
mglBp,0.16666666666666666,5,5,TCACCCTATCGTCCAGGTAG,0,2347209
mglBp,0.16666666666666666,5,5,TCACATTGCGGCGACACCAT,0,2354743
mglBp,0.16666666666666666,5,5,TCAATTGCTGCACTCGCGGT,0,2327996
mglBp,0.16666666666666666,5,5,TCAATGGCTTGCAGCCAGAA,0,2410734
mglBp,0.16666666666666666,5,5,TCAAACGGGCCATTGTTGTT,0,2369876
mglBp,0.16666666666666666,5,5,TCAAACGGCACCTACCCTTT,0,2378725
mglBp,0.16666666666666666,5,5,TATTTGTATGATATGGTCAG,0,2321841
mglBp,0.16666666666666666,5,5,TATTTGGGGTCTTCGGCGGC,0,2347509
mglBp,0.16666666666666666,5,5,TATTGAGATCATTAGACGTT,0,2420643
mglBp,0.16666666666666666,5,5,TATTCGTCGATGATTACGGA,0,2369908
mglBp,0.16666666666666666,5,5,TATTCGGATACAAAACTGTG,0,2345997
mglBp,0.16666666666666666,5,5,TATTCCGATAACGGAATGCC,0,2358203
mglBp,0.16666666666666666,5,5,TATGTTACAGGAGAAATAGT,0,2334212
mglBp,0.16666666666666666,5,5,TATGTGGAACTAATTCACGT,0,2351053
mglBp,0.16666666666666666,5,5,TATGTCCCGGGACCGATCAT,0,2347446
mglBp,0.16666666666666666,5,5,TATGTACCTATGATATACAA,0,2349994
mglBp,0.16666666666666666,5,5,TATGTAATTGTATGTTCATA,0,2367183
mglBp,0.16666666666666666,5,5,TATGGTTTGGTTTGCATCAG,0,2397853
mglBp,0.16666666666666666,5,5,TATGGGTACAGTTTTCAAGG,0,2337196
mglBp,0.16666666666666666,5,5,TATGGAGGGCCTGTGCGAGC,0,2344612
mglBp,0.16666666666666666,5,5,TATGCCTTTCGAGAAGCGAG,0,2354464
mglBp,0.16666666666666666,5,5,TATGCCGGTTGGCTCCACAC,0,2368893
mglBp,0.16666666666666666,5,5,TATGAATCCAAATTTTTATA,0,2341500
mglBp,0.16666666666666666,5,5,TATCTTTAAGATTATGAGTC,0,2335250
mglBp,0.16666666666666666,5,5,TATCTTGGTAAACAACGATC,0,2327529
mglBp,0.16666666666666666,5,5,TATCTGTAATTTTTGATTCA,0,2374661
mglBp,0.16666666666666666,5,5,TATCGTCGCAAGATCCACAT,0,2406105
mglBp,0.16666666666666666,5,5,TATCGGGTTATACAGCACAC,0,2319064
mglBp,0.16666666666666666,5,5,TATCGCAACCCATTCGTGGA,0,2342478
mglBp,0.16666666666666666,5,5,TATCGAAAGTTTTAGATGAT,0,2372496
mglBp,0.16666666666666666,5,5,TATCAGTATACCTCGACTTC,0,2324537
mglBp,0.16666666666666666,5,5,TATCAGGTTGCCAATACGTT,0,2411109
mglBp,0.16666666666666666,5,5,TATCACATCCGGACCCGGTA,0,2318015
mglBp,0.16666666666666666,5,5,TATCAACTGTGCTACATAGC,0,2316663
mglBp,0.16666666666666666,5,5,TATATAAGCTCGTGCTACCA,0,2317919
mglBp,0.16666666666666666,5,5,TATAGTGAGCCACCAGTAGA,0,2400851
mglBp,0.16666666666666666,5,5,TATAGTCCGCGGAACATGGA,0,2404348
mglBp,0.16666666666666666,5,5,TATAGTACGTCTCCTATGCG,0,2345911
mglBp,0.16666666666666666,5,5,TATACCTAGACGCTACGGTT,0,2385634
mglBp,0.16666666666666666,5,5,TAGTCTGATCGCCTCGTAGT,0,2360445
mglBp,0.16666666666666666,5,5,TAGTCAGCTTTTTGGTGGGA,0,2382944
mglBp,0.16666666666666666,5,5,TAGTAGTTGGCTACCGCAGT,0,2372415
mglBp,0.16666666666666666,5,5,TAGGGTTGCACGACCAGTAA,0,2359608
mglBp,0.16666666666666666,5,5,TAGGGCTAACGTTTTCTCCG,0,2339095
mglBp,0.16666666666666666,5,5,TAGGCGTCCACTTTTTGCTC,0,2393357
mglBp,0.16666666666666666,5,5,TAGGCCGCTTCCTAAGGGTA,0,2402734
mglBp,0.16666666666666666,5,5,TAGGCAGCCTGATCGGTCCT,0,2356810
mglBp,0.16666666666666666,5,5,TAGGATCAAAAGATGCAGGG,0,2353191
mglBp,0.16666666666666666,5,5,TAGCTCGGTATGGGTAAGAA,0,2405997
mglBp,0.16666666666666666,5,5,TAGCGCTCATGTTCGCCGGC,0,2369721
mglBp,0.16666666666666666,5,5,TAGCCGTGGACTGACTGCAA,0,2332957
mglBp,0.16666666666666666,5,5,TAGCCGTGAAAACCTACCAC,0,2387294
mglBp,0.16666666666666666,5,5,TAGCAGAAGACCCGCAATGG,0,2411002
mglBp,0.16666666666666666,5,5,TAGATTAACGTCGTTCATGC,0,2407854
mglBp,0.16666666666666666,5,5,TAGATCCGGGCTTTTTAGTT,0,2317308
mglBp,0.16666666666666666,5,5,TAGAGTTAAGAATCTGCATC,0,2364400
mglBp,0.16666666666666666,5,5,TAGAGGTCGGCTCCCATAAG,0,2372625
mglBp,0.16666666666666666,5,5,TAGACCAATACGTCAGGCAG,0,2341651
mglBp,0.16666666666666666,5,5,TAGAATACGTAGCTTGATAG,0,2385686
mglBp,0.16666666666666666,5,5,TAGAACTCATGGAGAGGATG,0,2324708
mglBp,0.16666666666666666,5,5,TACTTCATGATCATCACGGA,0,2325809
mglBp,0.16666666666666666,5,5,TACTTAAGGTCGGTATCACC,0,2373444
mglBp,0.16666666666666666,5,5,TACTGTTGAGACAATCCACT,0,2359834
mglBp,0.16666666666666666,5,5,TACTGAGCTAAATGCACAAA,0,2422081
mglBp,0.16666666666666666,5,5,TACTGAATCTTCTTAGATTA,0,2349414
mglBp,0.16666666666666666,5,5,TACTCGGCGATAGTTTTGAC,0,2333308
mglBp,0.16666666666666666,5,5,TACTATTTTAGTTGCAAATT,0,2418658
mglBp,0.16666666666666666,5,5,TACTATATGCGAGGGGGGTC,0,2408180
mglBp,0.16666666666666666,5,5,TACTACCGGGCATTAAACAA,0,2326514
mglBp,0.16666666666666666,5,5,TACGTGGAGTGCCGATCATA,0,2422230
mglBp,0.16666666666666666,5,5,TACGTATATATAGCCTCAAC,0,2420158
mglBp,0.16666666666666666,5,5,TACGGTGTCACCATCTACTT,0,2400120
mglBp,0.16666666666666666,5,5,TACGCGTGTCTCCATATAAC,0,2372614
mglBp,0.16666666666666666,5,5,TACGCGTGACCGCAATTGAC,0,2338119
mglBp,0.16666666666666666,5,5,TACGCATCCCACTTTCCCGT,0,2373300
mglBp,0.16666666666666666,5,5,TACGAGTCAACTCTCGCGAA,0,2319152
mglBp,0.16666666666666666,5,5,TACCTGCTTACGCACTCGGA,0,2406069
mglBp,0.16666666666666666,5,5,TACCTCCTGGATACTACGAT,0,2416612
mglBp,0.16666666666666666,5,5,TACCGTTGTGAGTGGTTCAC,0,2388709
mglBp,0.16666666666666666,5,5,TACCGCCCAAACACCAATTT,0,2395519
mglBp,0.16666666666666666,5,5,TACCCTTGCTAAACGAGATG,0,2337961
mglBp,0.16666666666666666,5,5,TACCCTGGTCCTACAGTCAT,0,2317262
mglBp,0.16666666666666666,5,5,TACCCTGCGGTTTAGCACTA,0,2341018
mglBp,0.16666666666666666,5,5,TACCCGTGACCGGACGTCTG,0,2330103
mglBp,0.16666666666666666,5,5,TACCCAGTTCAAAGACTCCA,0,2335200
mglBp,0.16666666666666666,5,5,TACACTTTAACTTTTAGTGA,0,2395094
mglBp,0.16666666666666666,5,5,TACACTGTGAGCCCCTGAGA,0,2377266
mglBp,0.16666666666666666,5,5,TACACGGACGCTCTACGATA,0,2334476
mglBp,0.16666666666666666,5,5,TACACGCTGTAGCCTGGGAG,0,2386699
mglBp,0.16666666666666666,5,5,TACACACCGCCACGGCTGTC,0,2372267
mglBp,0.16666666666666666,5,5,TACAATGTGATCCTATATCC,0,2387939
mglBp,0.16666666666666666,5,5,TACAACGTAGCCAGGCCGGC,0,2384833
mglBp,0.16666666666666666,5,5,TAATTGGATCAAAGTTAAGT,0,2366500
mglBp,0.16666666666666666,5,5,TAATTGGACCTTAACCGGAG,0,2379642
mglBp,0.16666666666666666,5,5,TAATTAGTAACACCGTAATT,0,2394599
mglBp,0.16666666666666666,5,5,TAATTAGATGCGACTAGATG,0,2329491
mglBp,0.16666666666666666,5,5,TAATGACGCCGCGACTTTTA,0,2397107
mglBp,0.16666666666666666,5,5,TAATCTGTCACCGAATCGAT,0,2416530
mglBp,0.16666666666666666,5,5,TAATCGTCGAACTTCGAGTA,0,2394178
mglBp,0.16666666666666666,5,5,TAATCCGCGTTTTATCGAAG,0,2346420
mglBp,0.16666666666666666,5,5,TAATCCCTTGTGGCGGAGGG,0,2373274
mglBp,0.16666666666666666,5,5,TAAGTTAACCTAGCTTTTCC,0,2386915
mglBp,0.16666666666666666,5,5,TAAGGGGGCTTCGACTTTAG,0,2403217
mglBp,0.16666666666666666,5,5,TAAGGGCGCTGCGTAGGCAT,0,2405896
mglBp,0.16666666666666666,5,5,TAAGGAGCTACCAGCGTTTT,0,2339631
mglBp,0.16666666666666666,5,5,TAAGCGTGATGGCGTGTGGT,0,2378757
mglBp,0.16666666666666666,5,5,TAAGCGTGACTACTCGTGTA,0,2329244
mglBp,0.16666666666666666,5,5,TAAGCAGATTGTCGGATGAA,0,2375224
mglBp,0.16666666666666666,5,5,TAAGACATGGTAGGGCTCGT,0,2407430
mglBp,0.16666666666666666,5,5,TAACTTACATAACATGATTG,0,2338761
mglBp,0.16666666666666666,5,5,TAACCTCTTCTCGTCAGAAA,0,2411572
mglBp,0.16666666666666666,5,5,TAACCAGACGCCCCCCTGAT,0,2369629
mglBp,0.16666666666666666,5,5,TAACAAGTGTCCAGGGGATA,0,2408582
mglBp,0.16666666666666666,5,5,TAAATCTGACTGAGCGCAAT,0,2374859
mglBp,0.16666666666666666,5,5,TAAAAGTTTAGAATGGCTGA,0,2334804
mglBp,0.16666666666666666,5,5,GTTTTTATCTATAGAACCTG,0,2410956
mglBp,0.16666666666666666,5,5,GTTTTAGTAATGTAGCAACT,0,2318750
mglBp,0.16666666666666666,5,5,GTTTGCTAACTGCAACATAC,0,2326380
mglBp,0.16666666666666666,5,5,GTTTGAATCCTCCTTCGCCC,0,2345343
mglBp,0.16666666666666666,5,5,GTTTCGCCCCGGGCCTTTGG,0,2417745
mglBp,0.16666666666666666,5,5,GTTTCACTATGGGGATCTGG,0,2419534
mglBp,0.16666666666666666,5,5,GTTTATATGCGCGTAAGCTT,0,2343840
mglBp,0.16666666666666666,5,5,GTTTAGGGAGTTATCCGTTA,0,2330062
mglBp,0.16666666666666666,5,5,GTTTAATCTAGGTCCACCGC,0,2333909
mglBp,0.16666666666666666,5,5,GTTTAAGATGATATGGAGGG,0,2391447
mglBp,0.16666666666666666,5,5,GTTTAACACTGGGGGTACAA,0,2396206
mglBp,0.16666666666666666,5,5,GTTTAAAGTACATGTGGAAG,0,2341012
mglBp,0.16666666666666666,5,5,GTTGTCAGTTGTCTTTTATC,0,2366814
mglBp,0.16666666666666666,5,5,GTTGGTGGCCGCACCTGGAT,0,2344609
mglBp,0.16666666666666666,5,5,GTTGGCTGCAAAGCTTAGCT,0,2386190
mglBp,0.16666666666666666,5,5,GTTGGCCCACCGGTATGAAT,0,2405059
mglBp,0.16666666666666666,5,5,GTTGGATATAAATAGAGCAT,0,2353137
mglBp,0.16666666666666666,5,5,GTTGGAGGTCTATTTGCCAA,0,2395238
mglBp,0.16666666666666666,5,5,GTTGCTTGAATATCTTGAAA,0,2360883
mglBp,0.16666666666666666,5,5,GTTGCGCCAAGGGAGAGACA,0,2352672
mglBp,0.16666666666666666,5,5,GTTGCACCCGGACTGTTGGC,0,2344387
mglBp,0.16666666666666666,5,5,GTTGATCAGAACAACATGAC,0,2347085
mglBp,0.16666666666666666,5,5,GTTGACTCACGACGGCTCTG,0,2345883
mglBp,0.16666666666666666,5,5,GTTCTGTTGGTATCGCGAGT,0,2317812
mglBp,0.16666666666666666,5,5,GTTCTAGGATGGCGCGTGGG,0,2416819
mglBp,0.16666666666666666,5,5,GTTCGTTGGGACAGCATAGG,0,2351499
mglBp,0.16666666666666666,5,5,GTTCGTCGGCAGTACTTGTC,0,2400350
mglBp,0.16666666666666666,5,5,GTTCGTCGAGATGACGCTTA,0,2359174
mglBp,0.16666666666666666,5,5,GTTCGCTGTGGGTCAGGTAT,0,2361949
mglBp,0.16666666666666666,5,5,GTTCGATGGTTAACTGCTAA,0,2348181
mglBp,0.16666666666666666,5,5,GTTCATTGTTTTGACCCTTG,0,2324590
mglBp,0.16666666666666666,5,5,GTTCACGGTCCGTCCAGAGC,0,2375047
mglBp,0.16666666666666666,5,5,GTTCAAACAAACCGTGCAGA,0,2323699
mglBp,0.16666666666666666,5,5,GTTATTCCTTCTGTTTCATT,0,2363805
mglBp,0.16666666666666666,5,5,GTTATGGTGCGGCGCACAGT,0,2345866
mglBp,0.16666666666666666,5,5,GTTATGCGTCATCCGTCAAG,0,2337505
mglBp,0.16666666666666666,5,5,GTTATGACGGTCGCGAAACT,0,2401403
mglBp,0.16666666666666666,5,5,GTTAGTTAAGTTACTAGATG,0,2347313
mglBp,0.16666666666666666,5,5,GTTACGGCACTTCTTAGCGT,0,2419635
mglBp,0.16666666666666666,5,5,GTTACATGACCCCTGAATGA,0,2340615
mglBp,0.16666666666666666,5,5,GTGTTTTAGGCCGGTAATTT,0,2326561
mglBp,0.16666666666666666,5,5,GTGTTTAGGCCTTTGCGGAC,0,2407237
mglBp,0.16666666666666666,5,5,GTGTTGTTTATCACACCCCT,0,2319586
mglBp,0.16666666666666666,5,5,GTGTGTACGTGTGGAACTTT,0,2340149
mglBp,0.16666666666666666,5,5,GTGTAGAGTTAATGGCTACA,0,2319543
mglBp,0.16666666666666666,5,5,GTGTACGCTCTACCGTATAA,0,2325081
mglBp,0.16666666666666666,5,5,GTGGTGGACGAGTCTTTTAA,0,2320167
mglBp,0.16666666666666666,5,5,GTGGTAGATGCAATAAGAGC,0,2334639
mglBp,0.16666666666666666,5,5,GTGGGGGCTCCAGCCGTCAT,0,2323199
mglBp,0.16666666666666666,5,5,GTGGCTGCTTCGCAGCTCCT,0,2347420
mglBp,0.16666666666666666,5,5,GTGGCCGTCAAGATTCTGGA,0,2348358
mglBp,0.16666666666666666,5,5,GTGGCATCCTAGCAGGATCT,0,2377920
mglBp,0.16666666666666666,5,5,GTGGCAGCAGACCGGAGCCA,0,2322368
mglBp,0.16666666666666666,5,5,GTGGACCTTCGGTCCTAACA,0,2355942
mglBp,0.16666666666666666,5,5,GTGGACACACTTCGGACAAA,0,2422152
mglBp,0.16666666666666666,5,5,GTGCTGCGGCTTGCATCGAC,0,2329599
mglBp,0.16666666666666666,5,5,GTGCTCTGGCTTCACAGTAC,0,2355182
mglBp,0.16666666666666666,5,5,GTGCGAACGTTATCAAACGG,0,2386148
mglBp,0.16666666666666666,5,5,GTGCGAAACCGCGTGCGTGC,0,2365092
mglBp,0.16666666666666666,5,5,GTGCCTTGAGCGACTAACGT,0,2410377
mglBp,0.16666666666666666,5,5,GTGCCGAAGCGTAGCGCGAA,0,2413195
mglBp,0.16666666666666666,5,5,GTGCAGCGGGGCCAAGGCGT,0,2384191
mglBp,0.16666666666666666,5,5,GTGCACGATCCGGGGTCTCT,0,2403400
mglBp,0.16666666666666666,5,5,GTGCAACTACGACGTATGGG,0,2389643
mglBp,0.16666666666666666,5,5,GTGATTGGTCAAGAGCTTTG,0,2416805
mglBp,0.16666666666666666,5,5,GTGACCAGGCACCTGTCTGT,0,2361365
mglBp,0.16666666666666666,5,5,GTGAATTCTGAAATTTCCTA,0,2332695
mglBp,0.16666666666666666,5,5,GTCTTTAGGATAGGTTGTGC,0,2318935
mglBp,0.16666666666666666,5,5,GTCTTGGCCTCGGCATGTAC,0,2338271
mglBp,0.16666666666666666,5,5,GTCTTCTGAACCTACTGTAA,0,2370585
mglBp,0.16666666666666666,5,5,GTCTTAAGGAGCCCGCAGCA,0,2404784
mglBp,0.16666666666666666,5,5,GTCTGTTTCCGCGATGCTTA,0,2345821
mglBp,0.16666666666666666,5,5,GTCTGGGCAATGCTAGCAGT,0,2360454
mglBp,0.16666666666666666,5,5,GTCTGGCAGCGACCTGGTGG,0,2322046
mglBp,0.16666666666666666,5,5,GTCTCTACTCTGATCCTCTT,0,2344287
mglBp,0.16666666666666666,5,5,GTCTCAGGGGCAAAGGTGTT,0,2413725
mglBp,0.16666666666666666,5,5,GTCTAGGGGGGTCGAGACCT,0,2359853
mglBp,0.16666666666666666,5,5,GTCTACTTGTGGTGCCAAGG,0,2374316
mglBp,0.16666666666666666,5,5,GTCGTAGGACCGACGATACG,0,2403269
mglBp,0.16666666666666666,5,5,GTCGGGTATGATTGGGGTCT,0,2383779
mglBp,0.16666666666666666,5,5,GTCGGGACTAGCAGCTGGGG,0,2356730
mglBp,0.16666666666666666,5,5,GTCGGAGCCTGGTGAGTGGA,0,2369249
mglBp,0.16666666666666666,5,5,GTCCTGATTGAGTACGGACT,0,2423613
mglBp,0.16666666666666666,5,5,GTCCTGAGCACTAACTCTCG,0,2388924
mglBp,0.16666666666666666,5,5,GTCCTGAGAGACGCGGCTAA,0,2343807
mglBp,0.16666666666666666,5,5,GTCCGGGTATGCTTATGACT,0,2359900
mglBp,0.16666666666666666,5,5,GTCCGACGCGGCACACTGCC,0,2373661
mglBp,0.16666666666666666,5,5,GTCCCGCCTGGGATATCTTA,0,2332991
mglBp,0.16666666666666666,5,5,GTCCCCTTCCGCCACGACTG,0,2414310
mglBp,0.16666666666666666,5,5,GTCCCATCTATTCTGACAAA,0,2366894
mglBp,0.16666666666666666,5,5,GTCATGATAAGGTGTATGAG,0,2321849
mglBp,0.16666666666666666,5,5,GTCATATAGGGTGGTCCGTC,0,2386164
mglBp,0.16666666666666666,5,5,GTCATAGGTGGTGCAGAACG,0,2384165
mglBp,0.16666666666666666,5,5,GTCAGTTCCCTGCCAGCAAC,0,2395299
mglBp,0.16666666666666666,5,5,GTCACTTTAGGACCTCCCTG,0,2390798
mglBp,0.16666666666666666,5,5,GTCACTGCCCTATCCTCGGA,0,2376832
mglBp,0.16666666666666666,5,5,GTCACAACCGGCTCGCCCTG,0,2343454
mglBp,0.16666666666666666,5,5,GTCAAGTGAGCGATTACTCC,0,2346627
mglBp,0.16666666666666666,5,5,GTCAAGTCTTGCTTGGTGTG,0,2391069
mglBp,0.16666666666666666,5,5,GTCAAACGACAGCGCACAGC,0,2405895
mglBp,0.16666666666666666,5,5,GTATTGGGGGATATAAGTGC,0,2377205
mglBp,0.16666666666666666,5,5,GTATTCTTATGGTCTATCAT,0,2346364
mglBp,0.16666666666666666,5,5,GTATTAGCCACAATGTACTC,0,2327852
mglBp,0.16666666666666666,5,5,GTATGGTCCACGGGCGTGTA,0,2351494
mglBp,0.16666666666666666,5,5,GTATGAGTGCATCCTAACAT,0,2326158
mglBp,0.16666666666666666,5,5,GTATCTACCTGTGCAACGGC,0,2334124
mglBp,0.16666666666666666,5,5,GTATATTCGTATATGCGGTA,0,2363326
mglBp,0.16666666666666666,5,5,GTATATCCTCGTTCGTAGAC,0,2395228
mglBp,0.16666666666666666,5,5,GTATAGATTTCGCAATCCGG,0,2385088
mglBp,0.16666666666666666,5,5,GTAGTTATGGCATCTTGGGT,0,2407524
mglBp,0.16666666666666666,5,5,GTAGTATTCAAAGGTATGTG,0,2363793
mglBp,0.16666666666666666,5,5,GTAGTAGTGAAGGCTCATAT,0,2391553
mglBp,0.16666666666666666,5,5,GTAGGGCGGAGTTTACACAA,0,2333927
mglBp,0.16666666666666666,5,5,GTAGGGCAGCCCGGAAGGAT,0,2408877
mglBp,0.16666666666666666,5,5,GTAGGCAATTATGGCTCTGT,0,2330157
mglBp,0.16666666666666666,5,5,GTAGGAATCTGTGTACCCGT,0,2403114
mglBp,0.16666666666666666,5,5,GTAGCTGAGTGCCATAGTGA,0,2322316
mglBp,0.16666666666666666,5,5,GTAGCTAAAACTCGACCCTC,0,2326645
mglBp,0.16666666666666666,5,5,GTAGATGGTCGGGCGCTCAT,0,2408576
mglBp,0.16666666666666666,5,5,GTAGAGGGGGTATCCACATC,0,2421310
mglBp,0.16666666666666666,5,5,GTAGACTAGCCTTGCTACGT,0,2351540
mglBp,0.16666666666666666,5,5,GTAGAATCGGGGTTTCGTTA,0,2338932
mglBp,0.16666666666666666,5,5,GTACTGGTACAGCTCCTAGC,0,2337002
mglBp,0.16666666666666666,5,5,GTACGTGTGGACCGACGATC,0,2382952
mglBp,0.16666666666666666,5,5,GTACGTGTCTTGAGGGGACC,0,2404631
mglBp,0.16666666666666666,5,5,GTACGTCCAGCATGGCACAG,0,2372027
mglBp,0.16666666666666666,5,5,GTACGTCATTACCTCGGGCT,0,2383789
mglBp,0.16666666666666666,5,5,GTACGCGGTGGGCAGACCTA,0,2334638
mglBp,0.16666666666666666,5,5,GTACCGTTTGTGCACGCTTT,0,2331644
mglBp,0.16666666666666666,5,5,GTAATTTTTACTGCACAGGT,0,2347909
mglBp,0.16666666666666666,5,5,GTAATGTCTACTTAATCTGT,0,2371098
mglBp,0.16666666666666666,5,5,GTAATCGCTCTCGTCTGAGT,0,2404028
mglBp,0.16666666666666666,5,5,GTAATAATCGCCCGAGCATA,0,2335156
mglBp,0.16666666666666666,5,5,GTAAGTTTCACCTGAATTCC,0,2397697
mglBp,0.16666666666666666,5,5,GTAAGTATACGCGCGGTATA,0,2418647
mglBp,0.16666666666666666,5,5,GTAAGGTTTTGTGACCCTTT,0,2420367
mglBp,0.16666666666666666,5,5,GTAACTTTTTGGCCAGAGTG,0,2345521
mglBp,0.16666666666666666,5,5,GTAACTTTTTCTCCTCAATT,0,2394567
mglBp,0.16666666666666666,5,5,GTAACGCCAGGTAGTTTCTA,0,2415674
mglBp,0.16666666666666666,5,5,GTAACCACCCAATCTCCTCT,0,2354198
mglBp,0.16666666666666666,5,5,GTAAAGCCTGTGCATGTAGT,0,2416377
mglBp,0.16666666666666666,5,5,GTAAACGTCAGGTCTGGGTG,0,2343962
mglBp,0.16666666666666666,5,5,GGTTTGGCGAAGGGTAGTGC,0,2393126
mglBp,0.16666666666666666,5,5,GGTTTGGACAATACGTGGTC,0,2418665
mglBp,0.16666666666666666,5,5,GGTTTGCCAGGGCTTCGCTA,0,2383473
mglBp,0.16666666666666666,5,5,GGTTTACGATGCCATAGGAT,0,2416168
mglBp,0.16666666666666666,5,5,GGTTGTAACGGCAATCTTTA,0,2340229
mglBp,0.16666666666666666,5,5,GGTTCTAGGTACGAACGTGG,0,2420309
mglBp,0.16666666666666666,5,5,GGTTCGGCTATTCGTACGTA,0,2326612
mglBp,0.16666666666666666,5,5,GGTTACGGATACAATACTCG,0,2324398
mglBp,0.16666666666666666,5,5,GGTTACACCATAGATCCCGG,0,2394851
mglBp,0.16666666666666666,5,5,GGTTAATGTGATTCCTATAA,0,2399515
mglBp,0.16666666666666666,5,5,GGTTAATACCCATCACCTGC,0,2333887
mglBp,0.16666666666666666,5,5,GGTTAACGTTAAGAAGCGTA,0,2362448
mglBp,0.16666666666666666,5,5,GGTGGTGTCCCTCCTGTTTT,0,2402785
mglBp,0.16666666666666666,5,5,GGTGGGCATTCCCGCGGAGG,0,2357115
mglBp,0.16666666666666666,5,5,GGTGGCCCGTATTAATCATT,0,2415499
mglBp,0.16666666666666666,5,5,GGTGCTTGTGATATCAACGA,0,2385884
mglBp,0.16666666666666666,5,5,GGTGCTTGGGAAATCGCCCA,0,2332777
mglBp,0.16666666666666666,5,5,GGTGCGTCTTCATCTCTCAG,0,2375021
mglBp,0.16666666666666666,5,5,GGTGCCTGTGTTCGCATACG,0,2369524
mglBp,0.16666666666666666,5,5,GGTCTTCTTCGTTTGCCCTT,0,2410061
mglBp,0.16666666666666666,5,5,GGTCTCCGTTTATAAACCAT,0,2340006
mglBp,0.16666666666666666,5,5,GGTCGTACGAGTTGTTTTAG,0,2337809
mglBp,0.16666666666666666,5,5,GGTCGAATTGGAACTATCTA,0,2342324
mglBp,0.16666666666666666,5,5,GGTCACTGAAGACTCCTATT,0,2361332
mglBp,0.16666666666666666,5,5,GGTCACTCACGCCTTAAGTA,0,2330596
mglBp,0.16666666666666666,5,5,GGTCACGGTGTTTGGAGGCT,0,2405539
mglBp,0.16666666666666666,5,5,GGTATTTTGTCGGGCAATAC,0,2325548
mglBp,0.16666666666666666,5,5,GGTATTATGGTAGCGATGGT,0,2317328
mglBp,0.16666666666666666,5,5,GGTATCTGACAGCTTCCATA,0,2352845
mglBp,0.16666666666666666,5,5,GGTATATCCTGGATGAGAGT,0,2416812
mglBp,0.16666666666666666,5,5,GGTAGTTCTCTTAGCAAACC,0,2419778
mglBp,0.16666666666666666,5,5,GGTAGTTCCCCCACCTCTGA,0,2376966
mglBp,0.16666666666666666,5,5,GGTACTCTTTCATGAACGTT,0,2388657
mglBp,0.16666666666666666,5,5,GGTAATTTTAGACGAACGGT,0,2376323
mglBp,0.16666666666666666,5,5,GGTAATACAAATAAGATCTC,0,2341962
mglBp,0.16666666666666666,5,5,GGTAATAAAGGGATCTGTTT,0,2381800
mglBp,0.16666666666666666,5,5,GGTAACTCATTGGCTCTACT,0,2340651
mglBp,0.16666666666666666,5,5,GGGTTTTGATGGGGAACTCT,0,2386111
mglBp,0.16666666666666666,5,5,GGGTTGCTTGTCAGTGTCTA,0,2350690
mglBp,0.16666666666666666,5,5,GGGTTCGGAGGCGCTGGGGT,0,2372015
mglBp,0.16666666666666666,5,5,GGGTTATGGTTAACGTAGGT,0,2377971
mglBp,0.16666666666666666,5,5,GGGTTAGTTCGGTGTTTTCT,0,2365988
mglBp,0.16666666666666666,5,5,GGGTGTACCGAGTCGGACCG,0,2317522
mglBp,0.16666666666666666,5,5,GGGTGCCCCTGTCCAGCGGG,0,2387604
mglBp,0.16666666666666666,5,5,GGGTGCACGACCCCGCAACA,0,2362084
mglBp,0.16666666666666666,5,5,GGGTGACTCATACCCTTCAG,0,2418530
mglBp,0.16666666666666666,5,5,GGGTCTCACTTGGCCCGGTG,0,2393275
mglBp,0.16666666666666666,5,5,GGGTAGCGTGCCGCTAGGCG,0,2359123
mglBp,0.16666666666666666,5,5,GGGTAACGGTTTGTTTGCTT,0,2420224
mglBp,0.16666666666666666,5,5,GGGGTTGTTCGCTTGTAAGT,0,2344549
mglBp,0.16666666666666666,5,5,GGGGGTGCTATAAATCCCGC,0,2420546
mglBp,0.16666666666666666,5,5,GGGGGGGACTTTACTGATAT,0,2330903
mglBp,0.16666666666666666,5,5,GGGGGGAGCCTCAGGAGCTC,0,2363359
mglBp,0.16666666666666666,5,5,GGGGGCTATCGGTACTCGGT,0,2388716
mglBp,0.16666666666666666,5,5,GGGGCGTCCGACTTGGAATA,0,2355331
mglBp,0.16666666666666666,5,5,GGGGAGTTCACGGTCCTTGG,0,2359675
mglBp,0.16666666666666666,5,5,GGGGACGTTGGCTTTCAGTC,0,2387048
mglBp,0.16666666666666666,5,5,GGGGACGAGGAGTCAGGGGT,0,2423474
mglBp,0.16666666666666666,5,5,GGGGACAGGGCCTTCAAAGT,0,2368945
mglBp,0.16666666666666666,5,5,GGGCTGTTAGTATATTAATA,0,2353823
mglBp,0.16666666666666666,5,5,GGGCTGTGCCGACTGCGTCA,0,2377931
mglBp,0.16666666666666666,5,5,GGGCTCTGCGACCCCAGAAC,0,2353257
mglBp,0.16666666666666666,5,5,GGGCTATCTTAAGGAATGCT,0,2335881
mglBp,0.16666666666666666,5,5,GGGCTAGAAGGGGGCTAGCG,0,2387708
mglBp,0.16666666666666666,5,5,GGGCGTTGGCGCCATTTGAT,0,2330484
mglBp,0.16666666666666666,5,5,GGGCGTTCAAACTCCATGCA,0,2401885
mglBp,0.16666666666666666,5,5,GGGCGCTCGCGCTCAGAGTG,0,2377146
mglBp,0.16666666666666666,5,5,GGGCGCCCCAACGCTCCAGC,0,2334172
mglBp,0.16666666666666666,5,5,GGGCGATTTCTTAAGACATT,0,2394776
mglBp,0.16666666666666666,5,5,GGGCGATGAAATTGCCTGAT,0,2411137
mglBp,0.16666666666666666,5,5,GGGCCTTTACAGCCAATGGC,0,2413313
mglBp,0.16666666666666666,5,5,GGGCCGCAGGTTGGGCAGGA,0,2371194
mglBp,0.16666666666666666,5,5,GGGCCGATATTTGTAAGAAT,0,2330656
mglBp,0.16666666666666666,5,5,GGGCCATGCGCGCTTATTGA,0,2420330
mglBp,0.16666666666666666,5,5,GGGCCAGGAGTGGGAATGTT,0,2346156
mglBp,0.16666666666666666,5,5,GGGCAGTATGGCCATATGAA,0,2373291
mglBp,0.16666666666666666,5,5,GGGCAATTATAAGGGATCAC,0,2339377
mglBp,0.16666666666666666,5,5,GGGCAAGTAAACGCAACTGA,0,2387830
mglBp,0.16666666666666666,5,5,GGGATTCGTAAGGCACGATC,0,2421807
mglBp,0.16666666666666666,5,5,GGGATTAAGGTAGGTCTGTG,0,2399749
mglBp,0.16666666666666666,5,5,GGGATCCTAGTCTACGGGTG,0,2374504
mglBp,0.16666666666666666,5,5,GGGATACCTAGGCTGAACTA,0,2327972
mglBp,0.16666666666666666,5,5,GGGAGTGGAGTCTGCGAAAT,0,2360252
mglBp,0.16666666666666666,5,5,GGGAGGTCGTCCGCACTACA,0,2338307
mglBp,0.16666666666666666,5,5,GGGAGGTATCCAAGTTCCCG,0,2414190
mglBp,0.16666666666666666,5,5,GGGAGCTGTCTGGGCATTAT,0,2379989
mglBp,0.16666666666666666,5,5,GGGAGCGTGTCAGACTGGAA,0,2332241
mglBp,0.16666666666666666,5,5,GGGAGCAGCGACATAGGTGT,0,2331870
mglBp,0.16666666666666666,5,5,GGGACGTTTCATGTGGCGCG,0,2369836
mglBp,0.16666666666666666,5,5,GGGACCTCATACGATACTCA,0,2389213
mglBp,0.16666666666666666,5,5,GGGACCCTTTAGCATGACTC,0,2412004
mglBp,0.16666666666666666,5,5,GGGAATCGGGCACCTGCTAC,0,2397336
mglBp,0.16666666666666666,5,5,GGGAATCAGTTGGAGGGCCG,0,2331646
mglBp,0.16666666666666666,5,5,GGCTTGGGGGGGACTTATTT,0,2341246
mglBp,0.16666666666666666,5,5,GGCTTACAGCACTTACGTAA,0,2361399
mglBp,0.16666666666666666,5,5,GGCTTACAACCATCTCTGTG,0,2358478
mglBp,0.16666666666666666,5,5,GGCTGTGCTCGGAGAATTAG,0,2413524
mglBp,0.16666666666666666,5,5,GGCTGTATGGGATATTCTGT,0,2406646
mglBp,0.16666666666666666,5,5,GGCTGGAAGCAGTAATATAG,0,2395394
mglBp,0.16666666666666666,5,5,GGCTCTGTAGATGGCAGTTG,0,2318976
mglBp,0.16666666666666666,5,5,GGCTCACGCCCCACCACGGA,0,2318606
mglBp,0.16666666666666666,5,5,GGCTACGTAATGCATAGGAC,0,2390804
mglBp,0.16666666666666666,5,5,GGCGTTTCTCCTCGTCCATG,0,2415216
mglBp,0.16666666666666666,5,5,GGCGTGCCCACGCAAGCCCA,0,2422303
mglBp,0.16666666666666666,5,5,GGCGTATGTAGGTTCATGAG,0,2366836
mglBp,0.16666666666666666,5,5,GGCGGTTTATGGGACTTTTA,0,2398427
mglBp,0.16666666666666666,5,5,GGCGGTAAAGGAACACGGTC,0,2400823
mglBp,0.16666666666666666,5,5,GGCGAGCAACTCAGCTTAAA,0,2345119
mglBp,0.16666666666666666,5,5,GGCGAACCGACTCAATTTTG,0,2326300
mglBp,0.16666666666666666,5,5,GGCCTGGCCGCCCAGTTATA,0,2368291
mglBp,0.16666666666666666,5,5,GGCCGTCGAACCAATCTTGA,0,2359899
mglBp,0.16666666666666666,5,5,GGCCGATGCACTGGGCTTAC,0,2382784
mglBp,0.16666666666666666,5,5,GGCCCTCCATCGCCGGGCAT,0,2375382
mglBp,0.16666666666666666,5,5,GGCCCCCGGAGCGTATTTAA,0,2317683
mglBp,0.16666666666666666,5,5,GGCCAGAACTCGTTTTCCGC,0,2341601
mglBp,0.16666666666666666,5,5,GGCCACTTTTAGTAACTTAT,0,2418895
mglBp,0.16666666666666666,5,5,GGCCAAGTTCACTTTAAAGT,0,2375704
mglBp,0.16666666666666666,5,5,GGCATCTCATTGGATCTGGG,0,2323318
mglBp,0.16666666666666666,5,5,GGCAGATAGCAGGGTAAAAA,0,2388397
mglBp,0.16666666666666666,5,5,GGCACTTGGTGCCGTCACTG,0,2398652
mglBp,0.16666666666666666,5,5,GGCACGGTTGCAATAAGCAT,0,2341365
mglBp,0.16666666666666666,5,5,GGCACCCTTCTGGCGTATCA,0,2362607
mglBp,0.16666666666666666,5,5,GGCACACCCAAGCCTTTTTT,0,2421343
mglBp,0.16666666666666666,5,5,GGCAAGTCTGTTGCTGGGGA,0,2335213
mglBp,0.16666666666666666,5,5,GGCAACGGCAGTGCTGGTAC,0,2398559
mglBp,0.16666666666666666,5,5,GGCAAAAATATAAGGCACTC,0,2410126
mglBp,0.16666666666666666,5,5,GGATTAAAACTAGCTGAGCA,0,2344528
mglBp,0.16666666666666666,5,5,GGATGTCCCACCCTCTGCCT,0,2391278
mglBp,0.16666666666666666,5,5,GGATCCTTGCCGACATCCTG,0,2397321
mglBp,0.16666666666666666,5,5,GGATCAAAGAGCGACCTGCA,0,2382574
mglBp,0.16666666666666666,5,5,GGATAACCACGACCCACCAA,0,2340807
mglBp,0.16666666666666666,5,5,GGAGTCGATATCAGAAGTTA,0,2348097
mglBp,0.16666666666666666,5,5,GGAGGTATTGAACTCAGGAG,0,2400383
mglBp,0.16666666666666666,5,5,GGAGGTAAAGGGTATTCGGT,0,2386736
mglBp,0.16666666666666666,5,5,GGAGGGATAAGGTTAGGCCA,0,2387468
mglBp,0.16666666666666666,5,5,GGAGGCCATACATGTGGCTC,0,2353663
mglBp,0.16666666666666666,5,5,GGAGCTTAGCCAACTGTCCA,0,2376527
mglBp,0.16666666666666666,5,5,GGACTCCCCTGCCTACTAGA,0,2422061
mglBp,0.16666666666666666,5,5,GGACCGCCCGGACGAATTGG,0,2344157
mglBp,0.16666666666666666,5,5,GGACCGAGAAGAGCCCGGCA,0,2330410
mglBp,0.16666666666666666,5,5,GGAAGGTATCTTACGGACGA,0,2356911
mglBp,0.16666666666666666,5,5,GGAAGAAACCCTCACTCATT,0,2338286
mglBp,0.16666666666666666,5,5,GGAACTTCGGTATCGAGATC,0,2364017
mglBp,0.16666666666666666,5,5,GGAACCGACTACGGACCCGC,0,2406041
mglBp,0.16666666666666666,5,5,GGAACCCTTATTGGTCAAAT,0,2394828
mglBp,0.16666666666666666,5,5,GGAAATTAATATTCCGGGAA,0,2367664
mglBp,0.16666666666666666,5,5,GGAAATATGGAGATCGGCGT,0,2394556
mglBp,0.16666666666666666,5,5,GGAAAGGGACGCCATGTTTG,0,2363219
mglBp,0.16666666666666666,5,5,GGAAACAGTTATCATGCAGG,0,2401945
mglBp,0.16666666666666666,5,5,GCTTTTAGGAGTGCACGACC,0,2366701
mglBp,0.16666666666666666,5,5,GCTTTGTATTGGACGGTTAA,0,2320129
mglBp,0.16666666666666666,5,5,GCTTTACTGACGCTAGAAAA,0,2325422
mglBp,0.16666666666666666,5,5,GCTTTACAAACCTTACCATT,0,2370961
mglBp,0.16666666666666666,5,5,GCTTCTAGCCAGGCGCTTAT,0,2366680
mglBp,0.16666666666666666,5,5,GCTTCACTATATTACGTATA,0,2378294
mglBp,0.16666666666666666,5,5,GCTTATGGAGCTCTTACTTC,0,2362947
mglBp,0.16666666666666666,5,5,GCTGTACCAGACCGTCGTCC,0,2379026
mglBp,0.16666666666666666,5,5,GCTGGGGCCTTAAAAGTCGT,0,2342940
mglBp,0.16666666666666666,5,5,GCTGGCACTAAGGGTACTAT,0,2402474
mglBp,0.16666666666666666,5,5,GCTGGACGTTTGGCAAATAC,0,2407096
mglBp,0.16666666666666666,5,5,GCTGGACAATGGCCCAAGGC,0,2364322
mglBp,0.16666666666666666,5,5,GCTGCACGGGCGCTTTTACT,0,2345077
mglBp,0.16666666666666666,5,5,GCTGATGCTCGGGATGCAAT,0,2415916
mglBp,0.16666666666666666,5,5,GCTGAGCGGCTTGTGAGAGC,0,2358711
mglBp,0.16666666666666666,5,5,GCTCTCAGGCTCTATTACGC,0,2343561
mglBp,0.16666666666666666,5,5,GCTCGCAGACTCATCAATTC,0,2420020
mglBp,0.16666666666666666,5,5,GCTCGAATAAATATCTCACT,0,2414336
mglBp,0.16666666666666666,5,5,GCTCCTAGGCGGTAAGAGGC,0,2380939
mglBp,0.16666666666666666,5,5,GCTCAGGAGTGACTTCTAGT,0,2368406
mglBp,0.16666666666666666,5,5,GCTCAGCGCAAGCTACCCAA,0,2381131
mglBp,0.16666666666666666,5,5,GCTCAATGGTGTAGGATAAT,0,2379096
mglBp,0.16666666666666666,5,5,GCTATTCATTGTGGCCAGAC,0,2356349
mglBp,0.16666666666666666,5,5,GCTATGCGGCAGACTCTAGT,0,2388305
mglBp,0.16666666666666666,5,5,GCTATCATTTAACAACCGTC,0,2388086
mglBp,0.16666666666666666,5,5,GCTAGAGCCAATCGTAGGAT,0,2379322
mglBp,0.16666666666666666,5,5,GCTAGAAAACGCGCAGCGTG,0,2323142
mglBp,0.16666666666666666,5,5,GCTAATGCTGCTCGCTCGGT,0,2324436
mglBp,0.16666666666666666,5,5,GCTAACTTCAGGCTCCTAAC,0,2364739
mglBp,0.16666666666666666,5,5,GCTAAAGACTAGTGCTGAGA,0,2348854
mglBp,0.16666666666666666,5,5,GCGTTAGAATGCTGGCATGT,0,2344247
mglBp,0.16666666666666666,5,5,GCGTGTGACAGTCGCCACAA,0,2391575
mglBp,0.16666666666666666,5,5,GCGTGGGTTTGTCCATGATT,0,2341560
mglBp,0.16666666666666666,5,5,GCGTGCCCACTGTTTGAGGT,0,2316881
mglBp,0.16666666666666666,5,5,GCGTCTGTTTGAATTGAAGA,0,2372339
mglBp,0.16666666666666666,5,5,GCGTCTCTCCTCGGTCATAT,0,2318344
mglBp,0.16666666666666666,5,5,GCGTCGCTGTAGTTACACTG,0,2331410
mglBp,0.16666666666666666,5,5,GCGTCATCGTGATCTTAGAC,0,2347025
mglBp,0.16666666666666666,5,5,GCGTCAGGTCACCATTCACC,0,2367364
mglBp,0.16666666666666666,5,5,GCGTAGACTGTCTAGCGTTT,0,2363941
mglBp,0.16666666666666666,5,5,GCGTAAAAAGGTGTAAATGA,0,2382665
mglBp,0.16666666666666666,5,5,GCGGTGGTCTCTACATTCAG,0,2343986
mglBp,0.16666666666666666,5,5,GCGGGTTACCTTCAGATGTA,0,2384442
mglBp,0.16666666666666666,5,5,GCGGGTGAAGCCGTTTATGT,0,2374456
mglBp,0.16666666666666666,5,5,GCGGGATTCAACCACGCTGG,0,2386630
mglBp,0.16666666666666666,5,5,GCGGGAACTGTAATAACTTC,0,2397296
mglBp,0.16666666666666666,5,5,GCGGCGCCAGGTTAGGCAGA,0,2391635
mglBp,0.16666666666666666,5,5,GCGGCGATGCAGAAATCGAA,0,2324563
mglBp,0.16666666666666666,5,5,GCGGCCCCGCCACACATTGG,0,2419375
mglBp,0.16666666666666666,5,5,GCGGATAAGGCCGGAGGCAG,0,2327515
mglBp,0.16666666666666666,5,5,GCGCTGAGTCCTAGGACAGA,0,2417949
mglBp,0.16666666666666666,5,5,GCGCGGTAGTTGCGTCGCAA,0,2353405
mglBp,0.16666666666666666,5,5,GCGCGGAATCATCGAACGGT,0,2403598
mglBp,0.16666666666666666,5,5,GCGCGACTGGTGTTTCTTTT,0,2337022
mglBp,0.16666666666666666,5,5,GCGCGACGTCCTGTATTAAA,0,2347719
mglBp,0.16666666666666666,5,5,GCGCATGCTACCGGGAAAAA,0,2417023
mglBp,0.16666666666666666,5,5,GCGCATCCGCTGGTTATCGC,0,2339958
mglBp,0.16666666666666666,5,5,GCGCAGAAAATGCCTCTAGA,0,2337311
mglBp,0.16666666666666666,5,5,GCGATTTATGTTCGGGAACA,0,2418854
mglBp,0.16666666666666666,5,5,GCGAGATCAGGCACCCGACT,0,2379147
mglBp,0.16666666666666666,5,5,GCGAGACGAAAGGCCAGGGT,0,2412947
mglBp,0.16666666666666666,5,5,GCGACTGAATCGGAGAAAGT,0,2317559
mglBp,0.16666666666666666,5,5,GCGACAAAAAACTGAGATAA,0,2382389
mglBp,0.16666666666666666,5,5,GCGAAAGGTGTGCCTCTCCT,0,2409568
mglBp,0.16666666666666666,5,5,GCCTTTCGAGTGAGCCACAA,0,2360425
mglBp,0.16666666666666666,5,5,GCCTTCGGATCTATTCCTGC,0,2392099
mglBp,0.16666666666666666,5,5,GCCTTCGAGTAAAACGTGCT,0,2413079
mglBp,0.16666666666666666,5,5,GCCTTAGGACCCATGCGTTC,0,2410238
mglBp,0.16666666666666666,5,5,GCCTGTGGGTCACCACACAC,0,2399391
mglBp,0.16666666666666666,5,5,GCCTGCCTCGTGAGCGCCAT,0,2371683
mglBp,0.16666666666666666,5,5,GCCTCTCTCGGGAAGAATGT,0,2391780
mglBp,0.16666666666666666,5,5,GCCTCACAGGTAGCGCTCCA,0,2422442
mglBp,0.16666666666666666,5,5,GCCTAAGCAATGTATTCAGG,0,2340921
mglBp,0.16666666666666666,5,5,GCCGTTATCACAGTAACCTT,0,2400732
mglBp,0.16666666666666666,5,5,GCCGTACGGGCTGGGCATTG,0,2342918
mglBp,0.16666666666666666,5,5,GCCGTAAGTGTGCTATAGGG,0,2386137
mglBp,0.16666666666666666,5,5,GCCGCTAAGTCCGAAATTTC,0,2407207
mglBp,0.16666666666666666,5,5,GCCGATTGGGCTGGGTGTGT,0,2360539
mglBp,0.16666666666666666,5,5,GCCCTTTATTTAACCCGGAC,0,2352529
mglBp,0.16666666666666666,5,5,GCCCTGCTAATTCGATGTTT,0,2408963
mglBp,0.16666666666666666,5,5,GCCCGGCTGTTCGATCGCTT,0,2320059
mglBp,0.16666666666666666,5,5,GCCCGCTAGTGCGTGCATTG,0,2389135
mglBp,0.16666666666666666,5,5,GCCCCTGGAGATCTTTACTC,0,2389730
mglBp,0.16666666666666666,5,5,GCCCCGTTACGAATTTATAA,0,2385215
mglBp,0.16666666666666666,5,5,GCCCCCCGCCGTTCCCTAGA,0,2335076
mglBp,0.16666666666666666,5,5,GCCCCAAGAATGTTTAGGGT,0,2406565
mglBp,0.16666666666666666,5,5,GCCCACTTGGGTTTTACAAA,0,2378120
mglBp,0.16666666666666666,5,5,GCCCACCGGGTGGGGAGAGG,0,2391576
mglBp,0.16666666666666666,5,5,GCCATCTCTTATTAACGCTT,0,2366137
mglBp,0.16666666666666666,5,5,GCCATCCGTCGTTGCGGATT,0,2417504
mglBp,0.16666666666666666,5,5,GCCAGCCCCAATAGTGTGAG,0,2352830
mglBp,0.16666666666666666,5,5,GCCACTCACGCGCAGATCGT,0,2370690
mglBp,0.16666666666666666,5,5,GCCAATTGAACCATTTCGTT,0,2398689
mglBp,0.16666666666666666,5,5,GCCAACATTCTTCACTCGAC,0,2327331
mglBp,0.16666666666666666,5,5,GCCAAAGGGCAGCGGTCCCT,0,2404509
mglBp,0.16666666666666666,5,5,GCATTTATGGCGTCGCACAG,0,2415143
mglBp,0.16666666666666666,5,5,GCATTCAATTCTAGATGCCT,0,2391773
mglBp,0.16666666666666666,5,5,GCATTAAGGTACACTAACTT,0,2386204
mglBp,0.16666666666666666,5,5,GCATCTGTCCACCGTTTCTG,0,2361061
mglBp,0.16666666666666666,5,5,GCATCGGTTAAACGCGATGT,0,2325698
mglBp,0.16666666666666666,5,5,GCATCGGAAGCTCGGATCGT,0,2382210
mglBp,0.16666666666666666,5,5,GCATCGCTCGAGCCTTCAAG,0,2374780
mglBp,0.16666666666666666,5,5,GCATCCGTTAGGTAGGTGGG,0,2377153
mglBp,0.16666666666666666,5,5,GCATATCACCCCCCTACTCA,0,2405587
mglBp,0.16666666666666666,5,5,GCATATAGACGGATGTGTCG,0,2377789
mglBp,0.16666666666666666,5,5,GCATAGCACCAGAGGCTTCG,0,2333664
mglBp,0.16666666666666666,5,5,GCATACATAAAGTCTTCGGT,0,2334875
mglBp,0.16666666666666666,5,5,GCATAACGTAAGATACGAAC,0,2331710
mglBp,0.16666666666666666,5,5,GCAGTCACCCCCGCATTGGA,0,2316886
mglBp,0.16666666666666666,5,5,GCAGGTTAGCAGCTTCTCCA,0,2319992
mglBp,0.16666666666666666,5,5,GCAGGGCGAATTACTTTTAC,0,2357364
mglBp,0.16666666666666666,5,5,GCAGGGAGGGAGAGTGGTTA,0,2361817
mglBp,0.16666666666666666,5,5,GCAGCCTATTATTTACAACT,0,2318558
mglBp,0.16666666666666666,5,5,GCAGCCCCGGAAACTAATAG,0,2354339
mglBp,0.16666666666666666,5,5,GCAGCAATCCGGGGCTCCTA,0,2319470
mglBp,0.16666666666666666,5,5,GCAGAGGTATGACTATTGAT,0,2415780
mglBp,0.16666666666666666,5,5,GCACTATCTCAGTATATCTG,0,2359415
mglBp,0.16666666666666666,5,5,GCACGTTTCTCTGGATCAAA,0,2369462
mglBp,0.16666666666666666,5,5,GCACGGGATGACCTTGCTCG,0,2416685
mglBp,0.16666666666666666,5,5,GCACCTCACATGCACCTAAT,0,2357552
mglBp,0.16666666666666666,5,5,GCACCATTGTGGCCCGTTTT,0,2404472
mglBp,0.16666666666666666,5,5,GCACATTCGGATATGAGGCC,0,2401382
mglBp,0.16666666666666666,5,5,GCAATCAAACTACACCTTCC,0,2359736
mglBp,0.16666666666666666,5,5,GCAATATCCTGGACGCAGTT,0,2368944
mglBp,0.16666666666666666,5,5,GCAAGGTTGTGGTGACGGGC,0,2325952
mglBp,0.16666666666666666,5,5,GCAAGCGGTTCGAGCTACGC,0,2376803
mglBp,0.16666666666666666,5,5,GCAAGACCGGCTACGTCCTG,0,2347030
mglBp,0.16666666666666666,5,5,GCAAGAACGTACGAAGAGCT,0,2331489
mglBp,0.16666666666666666,5,5,GCAACTGTGAGCCACCAGTG,0,2325703
mglBp,0.16666666666666666,5,5,GCAACGGTTTTGGATAAGTT,0,2369529
mglBp,0.16666666666666666,5,5,GCAAATCTGAGATTGTAAAG,0,2348841
mglBp,0.16666666666666666,5,5,GATTTGTCCAGTATGCCCGT,0,2420419
mglBp,0.16666666666666666,5,5,GATTGGTCAACGTCCCGGTC,0,2321722
mglBp,0.16666666666666666,5,5,GATTGGGCATATCGTTAATA,0,2352442
mglBp,0.16666666666666666,5,5,GATTCGGAATATTATTTCAC,0,2342855
mglBp,0.16666666666666666,5,5,GATTATCCATAGAGTCAAAA,0,2319145
mglBp,0.16666666666666666,5,5,GATTACAAATCTAATCTGGA,0,2349101
mglBp,0.16666666666666666,5,5,GATGTGCGTTGGGGCTGCAA,0,2327307
mglBp,0.16666666666666666,5,5,GATGTGCGCCTGCATAACGA,0,2385882
mglBp,0.16666666666666666,5,5,GATGTAGCATCCCCCCTACT,0,2395482
mglBp,0.16666666666666666,5,5,GATGGATTGACAGGTCTCCA,0,2371531
mglBp,0.16666666666666666,5,5,GATGCTGTCCCTGTGAAACA,0,2356155
mglBp,0.16666666666666666,5,5,GATGCTCCAATCAGGTGGTT,0,2340565
mglBp,0.16666666666666666,5,5,GATGCAGCATATCAGGATTA,0,2348194
mglBp,0.16666666666666666,5,5,GATGAGAATTCGAAATGTCA,0,2384696
mglBp,0.16666666666666666,5,5,GATCGTGTTCGTCTTAGGCT,0,2339821
mglBp,0.16666666666666666,5,5,GATCGAAAGGGCATAGCTCG,0,2339865
mglBp,0.16666666666666666,5,5,GATCCACTCGTTCGTTAAGC,0,2357538
mglBp,0.16666666666666666,5,5,GATCATGTCACTCTCTTCTT,0,2410520
mglBp,0.16666666666666666,5,5,GATCACTCTCTAAACATCAC,0,2368794
mglBp,0.16666666666666666,5,5,GATCAATAGAACGGAACTTC,0,2398286
mglBp,0.16666666666666666,5,5,GATATACTAGCTGAATCGGA,0,2420357
mglBp,0.16666666666666666,5,5,GATAGTCTTCGGTGTGAGGA,0,2373413
mglBp,0.16666666666666666,5,5,GATAGCGTTGTTGAAGCGCC,0,2403060
mglBp,0.16666666666666666,5,5,GATACCTAAGGGCCTCTAAT,0,2412752
mglBp,0.16666666666666666,5,5,GATAATATATTTGCACCTGT,0,2372501
mglBp,0.16666666666666666,5,5,GATAAAGAAAGAGGGTAGCG,0,2386881
mglBp,0.16666666666666666,5,5,GAGTGAGGGTATGAAGATCC,0,2389329
mglBp,0.16666666666666666,5,5,GAGTGAATCACAAACGAGAT,0,2325745
mglBp,0.16666666666666666,5,5,GAGTGAACTATAAGCTCAAC,0,2371952
mglBp,0.16666666666666666,5,5,GAGTCTTTGGGAAAGGAGGC,0,2400636
mglBp,0.16666666666666666,5,5,GAGTCTCATTGCGTTCGAAT,0,2404979
mglBp,0.16666666666666666,5,5,GAGTCGAGTGCCGCACACGG,0,2333439
mglBp,0.16666666666666666,5,5,GAGTCCCTAATTTAATTACT,0,2342098
mglBp,0.16666666666666666,5,5,GAGGGCGCTGTACGATACTT,0,2383637
mglBp,0.16666666666666666,5,5,GAGGCGCCTGAATACTACCT,0,2416927
mglBp,0.16666666666666666,5,5,GAGGCATAGCAGCGCCTGGT,0,2419152
mglBp,0.16666666666666666,5,5,GAGGACTATAGACGTGCTAC,0,2331838
mglBp,0.16666666666666666,5,5,GAGCTTGTGGAGCAACTTCG,0,2397201
mglBp,0.16666666666666666,5,5,GAGCTTCGCGCTTCTTGAAC,0,2415432
mglBp,0.16666666666666666,5,5,GAGCTGTCACTTAGCACATT,0,2423226
mglBp,0.16666666666666666,5,5,GAGCGGGCGTAGCCATCTGT,0,2351931
mglBp,0.16666666666666666,5,5,GAGCCTGTGGGTCCAACACG,0,2380139
mglBp,0.16666666666666666,5,5,GAGCCTGGCCCCTTCTTTGG,0,2399269
mglBp,0.16666666666666666,5,5,GAGCCTAAACTTCGGTGCCG,0,2402056
mglBp,0.16666666666666666,5,5,GAGCCGCTTAACCTTCAAGT,0,2383028
mglBp,0.16666666666666666,5,5,GAGCCCAAGGGAATAGATAT,0,2319940
mglBp,0.16666666666666666,5,5,GAGCCAGGGGTTACGGGTGT,0,2393795
mglBp,0.16666666666666666,5,5,GAGCATTAGTCATGTTTGTG,0,2414995
mglBp,0.16666666666666666,5,5,GAGCAATCCCTGAGCTGTGC,0,2334470
mglBp,0.16666666666666666,5,5,GAGACTCCATGTGCTCCTGT,0,2355964
mglBp,0.16666666666666666,5,5,GAGACCGGGATGTAAGCATT,0,2338760
mglBp,0.16666666666666666,5,5,GAGACACTATGACTGACGTA,0,2403398
mglBp,0.16666666666666666,5,5,GAGAATTAAAGACTCCATTG,0,2351158
mglBp,0.16666666666666666,5,5,GAGAATACATCACTTTGAAC,0,2327851
mglBp,0.16666666666666666,5,5,GAGAAGGGCCGTGGAAGTAC,0,2364940
mglBp,0.16666666666666666,5,5,GAGAAGCTCCGTAACGACAC,0,2318639
mglBp,0.16666666666666666,5,5,GACTTAACGGGATCGGACAT,0,2407851
mglBp,0.16666666666666666,5,5,GACTGTTAGCTCGTCATATG,0,2320297
mglBp,0.16666666666666666,5,5,GACTGTACGAGGTCTATCGC,0,2399615
mglBp,0.16666666666666666,5,5,GACTGCCCGCTAAGCTTCTT,0,2415875
mglBp,0.16666666666666666,5,5,GACTGAGCGACCCAGATCGT,0,2329983
mglBp,0.16666666666666666,5,5,GACTATCCGCTCCGCTGTGC,0,2352050
mglBp,0.16666666666666666,5,5,GACTAACAGGTCGTATAGGA,0,2348953
mglBp,0.16666666666666666,5,5,GACGTTTAGGCTATTACATC,0,2355617
mglBp,0.16666666666666666,5,5,GACGCGTCACGTATAACGTC,0,2391849
mglBp,0.16666666666666666,5,5,GACGCCCTGTAACGAAAGCG,0,2407678
mglBp,0.16666666666666666,5,5,GACGCCAGCCGCGCCGGAAA,0,2371273
mglBp,0.16666666666666666,5,5,GACGATTGTAACGCCTAGTG,0,2361668
mglBp,0.16666666666666666,5,5,GACGATTCCAAAGAGAATGA,0,2384177
mglBp,0.16666666666666666,5,5,GACGAGCGTGTGAACCTGCA,0,2349060
mglBp,0.16666666666666666,5,5,GACCGGGCAAAAGTGTCTCT,0,2377704
mglBp,0.16666666666666666,5,5,GACCGGATAATAAACTTGTG,0,2392900
mglBp,0.16666666666666666,5,5,GACCGACCAACGACGAAATT,0,2349536
mglBp,0.16666666666666666,5,5,GACCCTCTACTCGCCCAATG,0,2419238
mglBp,0.16666666666666666,5,5,GACCCCCGATACGCCATCGA,0,2372115
mglBp,0.16666666666666666,5,5,GACCATTGCATCTTCTCCAG,0,2380643
mglBp,0.16666666666666666,5,5,GACCAAAGAGCCGTACGAAG,0,2318241
mglBp,0.16666666666666666,5,5,GACATCTCGACGTTGTCGTC,0,2332274
mglBp,0.16666666666666666,5,5,GACAGTTAAGTCAGTACAAG,0,2391346
mglBp,0.16666666666666666,5,5,GACACCTGGCGGACTGAGTC,0,2416188
mglBp,0.16666666666666666,5,5,GACACCAAGCTCCCACGTGG,0,2373430
mglBp,0.16666666666666666,5,5,GACAAATATCGTATAGATAG,0,2391722
mglBp,0.16666666666666666,5,5,GAATTTAACTACGTCATACT,0,2345701
mglBp,0.16666666666666666,5,5,GAATTGTTATTTGCCGTCTG,0,2380367
mglBp,0.16666666666666666,5,5,GAATTGATTAAACTAACATA,0,2347554
mglBp,0.16666666666666666,5,5,GAATGTCTCGGGCGGCTATT,0,2410683
mglBp,0.16666666666666666,5,5,GAATGGTGTCTTTGAGGTAG,0,2360978
mglBp,0.16666666666666666,5,5,GAATCTCGTATTTCCCCTCC,0,2372342
mglBp,0.16666666666666666,5,5,GAATCTCCCACATTCGGGGA,0,2392687
mglBp,0.16666666666666666,5,5,GAATAAGTCGGCTAAACGCG,0,2354194
mglBp,0.16666666666666666,5,5,GAAGTTGACCAAACCAGCGT,0,2380387
mglBp,0.16666666666666666,5,5,GAAGTTACCACAAGGGTAAA,0,2406988
mglBp,0.16666666666666666,5,5,GAAGTGGGAAGATCGTCTGA,0,2384728
mglBp,0.16666666666666666,5,5,GAAGTCCGCTGATAATTACA,0,2393399
mglBp,0.16666666666666666,5,5,GAAGGGGTAATATTCCAACT,0,2339748
mglBp,0.16666666666666666,5,5,GAAGGGGATTCTCGCGGGCT,0,2321652
mglBp,0.16666666666666666,5,5,GAAGGGATGCCCGTAACTTA,0,2354850
mglBp,0.16666666666666666,5,5,GAAGGCCGGACGAAAGCACA,0,2363908
mglBp,0.16666666666666666,5,5,GAAGCGTCTTGATTACAGTC,0,2422520
mglBp,0.16666666666666666,5,5,GAAGCCTCGCAGACTATGCA,0,2381921
mglBp,0.16666666666666666,5,5,GAAGATCCCGTAACCTATCA,0,2318058
mglBp,0.16666666666666666,5,5,GAAGAGATGGCGGAAAATGG,0,2396607
mglBp,0.16666666666666666,5,5,GAACCTATGGGGTGTCTAAG,0,2407819
mglBp,0.16666666666666666,5,5,GAACCCGCCTGGAGGTTAAC,0,2340636
mglBp,0.16666666666666666,5,5,GAACAGGGCTTTGTCTAGGT,0,2419709
mglBp,0.16666666666666666,5,5,GAACAGATTCTACAGTGTTT,0,2411839
mglBp,0.16666666666666666,5,5,GAACAAAAAGACCGATATAA,0,2361404
mglBp,0.16666666666666666,5,5,GAAATTAGAAACTCGCGGGC,0,2352219
mglBp,0.16666666666666666,5,5,GAAATAGTGAACTCGACTTC,0,2415568
mglBp,0.16666666666666666,5,5,GAAAGGGGCACCAACAATGG,0,2413993
mglBp,0.16666666666666666,5,5,GAAAGCAGTCATGCGAGAGC,0,2389550
mglBp,0.16666666666666666,5,5,GAAAGAGCATGCATGGCTTA,0,2361419
mglBp,0.16666666666666666,5,5,GAAACTGACGTCCCGAGTTT,0,2342448
mglBp,0.16666666666666666,5,5,GAAAATTATGAGTGACGTCT,0,2332654
mglBp,0.16666666666666666,5,5,GAAAATCTCGGGTTACGTTT,0,2331742
mglBp,0.16666666666666666,5,5,GAAAACGTCAACTTGTACAC,0,2356648
mglBp,0.16666666666666666,5,5,GAAAAAAACTTCAGCTAAGA,0,2353846
mglBp,0.16666666666666666,5,5,CTTTTGCGGCCGGCGTTGTT,0,2345146
mglBp,0.16666666666666666,5,5,CTTTTAGGGTTCTTGACGTA,0,2398587
mglBp,0.16666666666666666,5,5,CTTTGGCGTGGAAGGCTCTC,0,2402140
mglBp,0.16666666666666666,5,5,CTTTGCGCATTCTGACACTT,0,2380689
mglBp,0.16666666666666666,5,5,CTTTCTTGTTAAACAAGTCC,0,2336537
mglBp,0.16666666666666666,5,5,CTTTCGCTATCAAGCATAAG,0,2380566
mglBp,0.16666666666666666,5,5,CTTTCATCGAGGTTGGGCGC,0,2349349
mglBp,0.16666666666666666,5,5,CTTGTGGTCATTGGAGGGTG,0,2363033
mglBp,0.16666666666666666,5,5,CTTGTCGCACAACCCGGCTG,0,2356326
mglBp,0.16666666666666666,5,5,CTTGTATGTGCTGAACATTC,0,2379658
mglBp,0.16666666666666666,5,5,CTTGGTGCAGAATCCACGTG,0,2316510
mglBp,0.16666666666666666,5,5,CTTGGGAGGGATAATGACGG,0,2317998
mglBp,0.16666666666666666,5,5,CTTGGAGAGCGGAATCATGA,0,2396681
mglBp,0.16666666666666666,5,5,CTTGCTGTGCTGGCTGACAG,0,2326281
mglBp,0.16666666666666666,5,5,CTTGCAGCAGGGTGGAGAGT,0,2364367
mglBp,0.16666666666666666,5,5,CTTGATAACGAAGGAAAAGT,0,2351647
mglBp,0.16666666666666666,5,5,CTTGAATCCCTTTCCCGATC,0,2387309
mglBp,0.16666666666666666,5,5,CTTCTCGATCGCGTACACTA,0,2318694
mglBp,0.16666666666666666,5,5,CTTCGGGCGGTCCGACACCA,0,2366682
mglBp,0.16666666666666666,5,5,CTTCGATAGGAGGGCATCTT,0,2320517
mglBp,0.16666666666666666,5,5,CTTATATAACAGTGGGATGC,0,2335717
mglBp,0.16666666666666666,5,5,CTTATAAAGGCGTCCCGTTT,0,2349865
mglBp,0.16666666666666666,5,5,CTTAGGTCAGTATACAGTGG,0,2376548
mglBp,0.16666666666666666,5,5,CTTACTTCTCGGAAGTCCAT,0,2377002
mglBp,0.16666666666666666,5,5,CTTACGTTCAAGTGTCAGGG,0,2387030
mglBp,0.16666666666666666,5,5,CTTACGGCCTGGTTTGGACA,0,2373556
mglBp,0.16666666666666666,5,5,CTTACCGCCGCATAGTCTCC,0,2419125
mglBp,0.16666666666666666,5,5,CTTAATGACGTTTGAAGGTA,0,2395702
mglBp,0.16666666666666666,5,5,CTTAATCACCTAATTTTTTG,0,2345216
mglBp,0.16666666666666666,5,5,CTTAAGTGAGCGGATAAATC,0,2353925
mglBp,0.16666666666666666,5,5,CTGTTTCAATAACTCTACTA,0,2388488
mglBp,0.16666666666666666,5,5,CTGTTCCACCACCGTTAAGC,0,2423091
mglBp,0.16666666666666666,5,5,CTGTTAAGCGTTCGCCGGAA,0,2340158
mglBp,0.16666666666666666,5,5,CTGTGACCTAGCGGTTTCCA,0,2323140
mglBp,0.16666666666666666,5,5,CTGTCCATCCGACAATGGTG,0,2318857
mglBp,0.16666666666666666,5,5,CTGTATACCTGTATGTTCCA,0,2412165
mglBp,0.16666666666666666,5,5,CTGTAGGCCTCCCTGGGCTA,0,2416955
mglBp,0.16666666666666666,5,5,CTGTAGGAGAGATTGTCAGG,0,2321623
mglBp,0.16666666666666666,5,5,CTGGTCGCTGGCAGAACTGG,0,2386981
mglBp,0.16666666666666666,5,5,CTGGTCGAGGGGGTAGGGAT,0,2321663
mglBp,0.16666666666666666,5,5,CTGGTCCCGTCTACCATAAA,0,2355083
mglBp,0.16666666666666666,5,5,CTGGTAGTTGGTAAGTTGTG,0,2347745
mglBp,0.16666666666666666,5,5,CTGGGTCCATTACCCTGGAT,0,2414940
mglBp,0.16666666666666666,5,5,CTGGGCAGCTCGAGGATGTG,0,2337688
mglBp,0.16666666666666666,5,5,CTGGGCACCATCCTGGAGCA,0,2330327
mglBp,0.16666666666666666,5,5,CTGGCCCGGTGCCCGTTTGA,0,2322027
mglBp,0.16666666666666666,5,5,CTGGCCCAGTGACCTAACTG,0,2329601
mglBp,0.16666666666666666,5,5,CTGGATTTGCAATGGGTAGG,0,2358379
mglBp,0.16666666666666666,5,5,CTGGATAAGTGTCGAGGTTT,0,2420811
mglBp,0.16666666666666666,5,5,CTGGACATAAGGAATCCTCC,0,2353089
mglBp,0.16666666666666666,5,5,CTGCTTTGCCACGTATTCAC,0,2373914
mglBp,0.16666666666666666,5,5,CTGCTTAACCTGCCTAGCCT,0,2420076
mglBp,0.16666666666666666,5,5,CTGCGCTCGCTGAAAGACGA,0,2384448
mglBp,0.16666666666666666,5,5,CTGCGACGATACTGCCGGTT,0,2326527
mglBp,0.16666666666666666,5,5,CTGCGAATTTGAGTGGGCTT,0,2417754
mglBp,0.16666666666666666,5,5,CTGCCTGTTACGAGTGACGA,0,2397575
mglBp,0.16666666666666666,5,5,CTGCCGCCACCAACCTCCCT,0,2337406
mglBp,0.16666666666666666,5,5,CTGCCCTCGTTGAAACTGTT,0,2366181
mglBp,0.16666666666666666,5,5,CTGCCCTCGTTCGGACCAAA,0,2331652
mglBp,0.16666666666666666,5,5,CTGCCCCCGGTGTATCCAGT,0,2317972
mglBp,0.16666666666666666,5,5,CTGCCCATTAAGGAGGCGCT,0,2339380
mglBp,0.16666666666666666,5,5,CTGCCATCCAGTCCCGTAAT,0,2337875
mglBp,0.16666666666666666,5,5,CTGATTCACCTACTGTCCCA,0,2368324
mglBp,0.16666666666666666,5,5,CTGACTCCCCCAAAATACTA,0,2322490
mglBp,0.16666666666666666,5,5,CTGACGGGAGCTAGCCCAGC,0,2341469
mglBp,0.16666666666666666,5,5,CTGACGCTCAGTCTCCACAC,0,2329461
mglBp,0.16666666666666666,5,5,CTGACCGTCGGCAAAGTTAC,0,2420191
mglBp,0.16666666666666666,5,5,CTGAAGGGTAGGGGTACGAG,0,2333886
mglBp,0.16666666666666666,5,5,CTCTTCCGCCGCCATCCGCA,0,2398500
mglBp,0.16666666666666666,5,5,CTCTTCCCCCGACGCGGAGA,0,2383334
mglBp,0.16666666666666666,5,5,CTCTGTATTCAGTACTGTAG,0,2367083
mglBp,0.16666666666666666,5,5,CTCTGGAGTTTGACCCGTTA,0,2360846
mglBp,0.16666666666666666,5,5,CTCTCAGATCATGGGACGTT,0,2347178
mglBp,0.16666666666666666,5,5,CTCTACCGCTACGCGAGAGC,0,2327545
mglBp,0.16666666666666666,5,5,CTCGTTGATAAGGGTGTATT,0,2423424
mglBp,0.16666666666666666,5,5,CTCGTCGCGGAAACGCCCCT,0,2319905
mglBp,0.16666666666666666,5,5,CTCGTAAATACCGCATAGTT,0,2411171
mglBp,0.16666666666666666,5,5,CTCGGTTCCATCACCACTGT,0,2410824
mglBp,0.16666666666666666,5,5,CTCGGCACGCCCAATTCTCA,0,2348698
mglBp,0.16666666666666666,5,5,CTCGATTCCGGCGAGCCCTT,0,2361572
mglBp,0.16666666666666666,5,5,CTCGAGTCGCCTGGACAGAG,0,2387297
mglBp,0.16666666666666666,5,5,CTCGAGCATTTGGGGGACAG,0,2341418
mglBp,0.16666666666666666,5,5,CTCGACAGAACATACGGTTA,0,2322461
mglBp,0.16666666666666666,5,5,CTCGAAGAGGGGGTCTATCC,0,2365616
mglBp,0.16666666666666666,5,5,CTCCTTGAGTTGCGAGTAAT,0,2383234
mglBp,0.16666666666666666,5,5,CTCCTGTGTGTGGATTCATG,0,2380588
mglBp,0.16666666666666666,5,5,CTCCGCTAAACTCATTTTGC,0,2421083
mglBp,0.16666666666666666,5,5,CTCCCTAGGCCCCGACACAT,0,2365778
mglBp,0.16666666666666666,5,5,CTCCCTAGCGCCGAGCATAA,0,2384080
mglBp,0.16666666666666666,5,5,CTCCCGGCCCCCGTACATGG,0,2423625
mglBp,0.16666666666666666,5,5,CTCCATTTGTAGGGAGAGAA,0,2372806
mglBp,0.16666666666666666,5,5,CTCATTACATGAAAAGAATT,0,2343827
mglBp,0.16666666666666666,5,5,CTCATCGTCAGTGAATCTGA,0,2385447
mglBp,0.16666666666666666,5,5,CTCATATTCATGGGTATTAA,0,2327212
mglBp,0.16666666666666666,5,5,CTCACATATAGACTTTCTGG,0,2341914
mglBp,0.16666666666666666,5,5,CTCAATTTCGGTTACGAATC,0,2324351
mglBp,0.16666666666666666,5,5,CTCAACTCCCTCGTGGGACG,0,2400114
mglBp,0.16666666666666666,5,5,CTCAACCGCCTGTACTTTGG,0,2403724
mglBp,0.16666666666666666,5,5,CTATGGGTTACGAAATGCAG,0,2402422
mglBp,0.16666666666666666,5,5,CTATCCGTTCTCAGTAAGGG,0,2368243
mglBp,0.16666666666666666,5,5,CTATATTCTCTATCGGTGGC,0,2355659
mglBp,0.16666666666666666,5,5,CTATAGTAACGGTGCTAGTG,0,2333084
mglBp,0.16666666666666666,5,5,CTAGTTTCCGCCTGGGCTTT,0,2406223
mglBp,0.16666666666666666,5,5,CTAGTTGCCGCGCTACACGC,0,2355461
mglBp,0.16666666666666666,5,5,CTAGTGAGTCCGAATTCTTA,0,2322614
mglBp,0.16666666666666666,5,5,CTAGTCCTTTTTCAAGGCAG,0,2383813
mglBp,0.16666666666666666,5,5,CTAGTACAGAGGTTTGTGTC,0,2346247
mglBp,0.16666666666666666,5,5,CTAGGTATGCCCACGCACTT,0,2350403
mglBp,0.16666666666666666,5,5,CTAGGTAGGTTAACCGTAAT,0,2351087
mglBp,0.16666666666666666,5,5,CTAGCTTAAACTCTATACAA,0,2335793
mglBp,0.16666666666666666,5,5,CTAGCGGGGCAGCATCCCGC,0,2421039
mglBp,0.16666666666666666,5,5,CTAGCACAACCGTTCGAGCC,0,2394879
mglBp,0.16666666666666666,5,5,CTACTGTGCGCATTGGGCAA,0,2343184
mglBp,0.16666666666666666,5,5,CTACTGTCCCCATTCGGCTT,0,2332410
mglBp,0.16666666666666666,5,5,CTACGTACAATATATGACTT,0,2353069
mglBp,0.16666666666666666,5,5,CTACGGGGGCGGTCGCACCC,0,2366553
mglBp,0.16666666666666666,5,5,CTACCCGCGTATTCCATGAG,0,2375433
mglBp,0.16666666666666666,5,5,CTACATTTCAAAGAGGGTTA,0,2389737
mglBp,0.16666666666666666,5,5,CTACAATTAGGGCACAAGTT,0,2387618
mglBp,0.16666666666666666,5,5,CTAATGGTGGCCCGCGTCCA,0,2373423
mglBp,0.16666666666666666,5,5,CTAATGGTGATAAAGGACTG,0,2401731
mglBp,0.16666666666666666,5,5,CTAAGGGCGAAATGTCGTCT,0,2355040
mglBp,0.16666666666666666,5,5,CTAAGGCGTCAAACGACACA,0,2413085
mglBp,0.16666666666666666,5,5,CTAACTACCGTAGACCCTTG,0,2401415
mglBp,0.16666666666666666,5,5,CTAAACGGTGCGACGAACTT,0,2350353
mglBp,0.16666666666666666,5,5,CTAAAACTGGTGACTGCTCA,0,2353399
mglBp,0.16666666666666666,5,5,CGTTTGATGCTGGCGTCGAT,0,2321111
mglBp,0.16666666666666666,5,5,CGTTTAGCCTCGGGATAGCC,0,2361917
mglBp,0.16666666666666666,5,5,CGTTGCTTTGGCTACACCGT,0,2336420
mglBp,0.16666666666666666,5,5,CGTTCACGGGACAATGTGAA,0,2390407
mglBp,0.16666666666666666,5,5,CGTTCAAGTCTGACGTACCG,0,2358583
mglBp,0.16666666666666666,5,5,CGTTATATAGTTTAGTGGCT,0,2329871
mglBp,0.16666666666666666,5,5,CGTTAGACCGTGGCGCTCTT,0,2382113
mglBp,0.16666666666666666,5,5,CGTTAAATCATTACCGGAGA,0,2328821
mglBp,0.16666666666666666,5,5,CGTGTGCTTCGGCACAACGA,0,2358638
mglBp,0.16666666666666666,5,5,CGTGTGACGTTAAGGATCGG,0,2404108
mglBp,0.16666666666666666,5,5,CGTGGCCAGATTGTGGTACA,0,2380164
mglBp,0.16666666666666666,5,5,CGTGGAGGGCGGATCATGCC,0,2333434
mglBp,0.16666666666666666,5,5,CGTGGAAGAGAATGGTGGAC,0,2405698
mglBp,0.16666666666666666,5,5,CGTGCTATGACTACCGGTGA,0,2333102
mglBp,0.16666666666666666,5,5,CGTGCGCACGGTACACTAAG,0,2375727
mglBp,0.16666666666666666,5,5,CGTGCGAGAATCCCCCGGGT,0,2360004
mglBp,0.16666666666666666,5,5,CGTGATGGTGTCTTTCGTTA,0,2335288
mglBp,0.16666666666666666,5,5,CGTCTTTGGGGGTACAAAAC,0,2415261
mglBp,0.16666666666666666,5,5,CGTCTGTCGTTCGACGTTCG,0,2401787
mglBp,0.16666666666666666,5,5,CGTCGTCGTCCAGGACGGAA,0,2360341
mglBp,0.16666666666666666,5,5,CGTCCTAAGGCCAGCGCGCC,0,2372624
mglBp,0.16666666666666666,5,5,CGTCCGCTCGAATAGTACTG,0,2341225
mglBp,0.16666666666666666,5,5,CGTCCGCAGGAACCAGCCAG,0,2422891
mglBp,0.16666666666666666,5,5,CGTCCGACCGTTACGTGGCT,0,2353847
mglBp,0.16666666666666666,5,5,CGTCATACCAGCTGACAAGA,0,2324154
mglBp,0.16666666666666666,5,5,CGTCAGCCCAATGCCATATG,0,2343909
mglBp,0.16666666666666666,5,5,CGTCAACACGTTTGCGCGTT,0,2345653
mglBp,0.16666666666666666,5,5,CGTCAAAAATTGATGAATGG,0,2328911
mglBp,0.16666666666666666,5,5,CGTATGGAGTCATGTTGAAG,0,2360482
mglBp,0.16666666666666666,5,5,CGTAGTTTAGCGGTTCGTCC,0,2333203
mglBp,0.16666666666666666,5,5,CGTACTCCGCCCGAGTATGG,0,2419853
mglBp,0.16666666666666666,5,5,CGTAATAGTCAGCCCGTAAT,0,2420780
mglBp,0.16666666666666666,5,5,CGGTTCACCTAGTCGCGCGT,0,2325396
mglBp,0.16666666666666666,5,5,CGGTTATTTGCGGCTTTGTA,0,2366082
mglBp,0.16666666666666666,5,5,CGGTGTCGGGTACGTCCGCG,0,2351973
mglBp,0.16666666666666666,5,5,CGGTGTAATTCCTCTTGAGA,0,2409751
mglBp,0.16666666666666666,5,5,CGGTGGCTCGGCGCCTGACG,0,2378059
mglBp,0.16666666666666666,5,5,CGGTGGATAATTCCACAAGA,0,2380424
mglBp,0.16666666666666666,5,5,CGGTGAGGCACTGACAACTC,0,2420198
mglBp,0.16666666666666666,5,5,CGGTCTATCGGACATAACGT,0,2397433
mglBp,0.16666666666666666,5,5,CGGTCGAAAATTATCGATCG,0,2325956
mglBp,0.16666666666666666,5,5,CGGTAGCTACACCCTATGCC,0,2352281
mglBp,0.16666666666666666,5,5,CGGTACTCTTACGGACGGTG,0,2378659
mglBp,0.16666666666666666,5,5,CGGTACCGGCGCGCTTGTAT,0,2346940
mglBp,0.16666666666666666,5,5,CGGTAAACTGCATTGTACTG,0,2395371
mglBp,0.16666666666666666,5,5,CGGGGCTAAACAAGCCAAGA,0,2362770
mglBp,0.16666666666666666,5,5,CGGGCTCCTGCAGCTAATTC,0,2344773
mglBp,0.16666666666666666,5,5,CGGGCGTTATAAGGATTGGC,0,2328561
mglBp,0.16666666666666666,5,5,CGGGCGCTACTGGGGTCAAT,0,2319975
mglBp,0.16666666666666666,5,5,CGGGCCTGGATCACTGAACA,0,2399263
mglBp,0.16666666666666666,5,5,CGGGATGTTTTTCCATCTCA,0,2402137
mglBp,0.16666666666666666,5,5,CGGGAGCAGAAGGCCAAAGC,0,2383775
mglBp,0.16666666666666666,5,5,CGGCTTTGATTCTGGCGATG,0,2343744
mglBp,0.16666666666666666,5,5,CGGCTGATGATGCGCGGTAT,0,2344191
mglBp,0.16666666666666666,5,5,CGGCGTAGAATACCTTACTT,0,2331524
mglBp,0.16666666666666666,5,5,CGGCGAACCGGTACCGGTTC,0,2331869
mglBp,0.16666666666666666,5,5,CGGCCGCTTAGGCCCGTGAC,0,2361896
mglBp,0.16666666666666666,5,5,CGGCCCAAAGTTCACAATAC,0,2335488
mglBp,0.16666666666666666,5,5,CGGCAGCGGCGATGTGGGTC,0,2331885
mglBp,0.16666666666666666,5,5,CGGCAACAGGTTTATAGACA,0,2411111
mglBp,0.16666666666666666,5,5,CGGCAAAGTCTCCTACGGAG,0,2404501
mglBp,0.16666666666666666,5,5,CGGCAAAAATGGAGTGGGAG,0,2334319
mglBp,0.16666666666666666,5,5,CGGAGGGCCATGTTGTTCTG,0,2381934
mglBp,0.16666666666666666,5,5,CGGAGGCTGATACACAGGAA,0,2395916
mglBp,0.16666666666666666,5,5,CGGAGCTAGTCGGGGTCCGT,0,2409196
mglBp,0.16666666666666666,5,5,CGGAACCGACCGAGTGCGTC,0,2347783
mglBp,0.16666666666666666,5,5,CGGAAAAGAGATATGGAAAA,0,2380703
mglBp,0.16666666666666666,5,5,CGCTTGGTTGGGGCGTAGGA,0,2350426
mglBp,0.16666666666666666,5,5,CGCTTGGTACAGAGTTGGTA,0,2419710
mglBp,0.16666666666666666,5,5,CGCTGTCACTTTATGATATA,0,2343668
mglBp,0.16666666666666666,5,5,CGCTGGGTTACGACCTAAGG,0,2406564
mglBp,0.16666666666666666,5,5,CGCTGATTGACACAGAATTT,0,2371077
mglBp,0.16666666666666666,5,5,CGCTCTGCATGGTAAGCAGA,0,2389603
mglBp,0.16666666666666666,5,5,CGCTCTCTCCGAATGGGACA,0,2402182
mglBp,0.16666666666666666,5,5,CGCTCCGGGTGATACTCTGC,0,2323310
mglBp,0.16666666666666666,5,5,CGCTCACTGCCATTAGGCTT,0,2351870
mglBp,0.16666666666666666,5,5,CGCTAGCCAATTAATAGTAA,0,2335900
mglBp,0.16666666666666666,5,5,CGCTACTATGGACTTATTTT,0,2364027
mglBp,0.16666666666666666,5,5,CGCTACCCCTCCCAACGTGT,0,2338247
mglBp,0.16666666666666666,5,5,CGCTACCCCGGGCAACTTTG,0,2377879
mglBp,0.16666666666666666,5,5,CGCTACAGTTGAAAAACCCA,0,2328690
mglBp,0.16666666666666666,5,5,CGCTAAGCCGCACTTGGCCA,0,2337614
mglBp,0.16666666666666666,5,5,CGCTAACCTCTCGCGACTAA,0,2421951
mglBp,0.16666666666666666,5,5,CGCGTTGAGAGAGTCCCGGA,0,2326265
mglBp,0.16666666666666666,5,5,CGCGTAAGTTAGCTTACGAT,0,2402324
mglBp,0.16666666666666666,5,5,CGCGGCCCTACAGTTCGGAC,0,2344641
mglBp,0.16666666666666666,5,5,CGCGCGTACGGACGTCCGGA,0,2335639
mglBp,0.16666666666666666,5,5,CGCGATTCAGGGATCCCCAA,0,2325411
mglBp,0.16666666666666666,5,5,CGCGAGCAGGTCCCTAATAC,0,2356723
mglBp,0.16666666666666666,5,5,CGCCTTTGAGACCCAACTGA,0,2392934
mglBp,0.16666666666666666,5,5,CGCCTCAAACCCTCGCCAAA,0,2416297
mglBp,0.16666666666666666,5,5,CGCCGCGAAAGTACTCGAAC,0,2365923
mglBp,0.16666666666666666,5,5,CGCCGATCCCTCAAGGTCCC,0,2412959
mglBp,0.16666666666666666,5,5,CGCCATTCTCCTGCAGAGAA,0,2404507
mglBp,0.16666666666666666,5,5,CGCCAGTAATCCCTAGCGCA,0,2383369
mglBp,0.16666666666666666,5,5,CGCCACTAAGGTGACTGATG,0,2341940
mglBp,0.16666666666666666,5,5,CGCATACCATAGGATGCGGC,0,2352332
mglBp,0.16666666666666666,5,5,CGCAGGCCCAATTGAACTAT,0,2347973
mglBp,0.16666666666666666,5,5,CGCAGCATTATGGTCGACTG,0,2389604
mglBp,0.16666666666666666,5,5,CGCACGGTACTCAGTTCTTT,0,2391422
mglBp,0.16666666666666666,5,5,CGATTGATCTGGTGGTTATC,0,2368822
mglBp,0.16666666666666666,5,5,CGATGCGTAGCCGGAGTGAA,0,2352392
mglBp,0.16666666666666666,5,5,CGATGCGGACTGATCACCCT,0,2329017
mglBp,0.16666666666666666,5,5,CGATCTCCGGCAGCCTTAGT,0,2374416
mglBp,0.16666666666666666,5,5,CGATCGGTCTCACGACGAAT,0,2331888
mglBp,0.16666666666666666,5,5,CGATCCACCGAACATAGGCT,0,2380362
mglBp,0.16666666666666666,5,5,CGATCAATGCAAGCTGATTT,0,2351154
mglBp,0.16666666666666666,5,5,CGAGTTGGAATGAGGGTTAT,0,2377964
mglBp,0.16666666666666666,5,5,CGAGTGGTTCGCACACCAGT,0,2352372
mglBp,0.16666666666666666,5,5,CGAGTGGCAATTCGTACAGA,0,2317722
mglBp,0.16666666666666666,5,5,CGAGTGAAAATCGATTATTC,0,2318366
mglBp,0.16666666666666666,5,5,CGAGGTCCGCATCACGAGCG,0,2381671
mglBp,0.16666666666666666,5,5,CGAGGGTAGCAGTGATGCAA,0,2363616
mglBp,0.16666666666666666,5,5,CGAGGCGGTGAAGAACTCAC,0,2395734
mglBp,0.16666666666666666,5,5,CGAGCGTCATCAGTCAAAAG,0,2368823
mglBp,0.16666666666666666,5,5,CGAGACAAATGTATAACTAA,0,2368836
mglBp,0.16666666666666666,5,5,CGACTGACCAACTTTCAAGG,0,2319981
mglBp,0.16666666666666666,5,5,CGACGGACTCGATCAACCAC,0,2324484
mglBp,0.16666666666666666,5,5,CGACGCTTTGCTTGAGTCAC,0,2397628
mglBp,0.16666666666666666,5,5,CGACGAGAGGTTGCTTGGGG,0,2333689
mglBp,0.16666666666666666,5,5,CGACATCTTGTAGCGACAAC,0,2415294
mglBp,0.16666666666666666,5,5,CGACAAGAGTTTGCAACTCC,0,2345817
mglBp,0.16666666666666666,5,5,CGAATTGTCCTGGCTGCTTC,0,2344193
mglBp,0.16666666666666666,5,5,CGAATGGGCTTGAGTGGACC,0,2367697
mglBp,0.16666666666666666,5,5,CGAATACAAGGTGCTAACCT,0,2320051
mglBp,0.16666666666666666,5,5,CGAATAAGATGTGTGCAGAA,0,2366392
mglBp,0.16666666666666666,5,5,CGAAGCCTCAAGGACCAAGA,0,2371462
mglBp,0.16666666666666666,5,5,CGAACTGACAAAATTTTTCC,0,2386381
mglBp,0.16666666666666666,5,5,CGAACTCCTACTCACGTTAA,0,2419232
mglBp,0.16666666666666666,5,5,CGAACCCTGTTCGCGGACTA,0,2374982
mglBp,0.16666666666666666,5,5,CGAACAATGAGGGTCAAGCT,0,2405217
mglBp,0.16666666666666666,5,5,CGAAACCAAAACAGGCTCTC,0,2319031
mglBp,0.16666666666666666,5,5,CGAAAAAGGTTGCGCGTCAT,0,2339756
mglBp,0.16666666666666666,5,5,CCTTTTCGTCCACAAATAAG,0,2366990
mglBp,0.16666666666666666,5,5,CCTTTGGGATCCCAGTCGCA,0,2356573
mglBp,0.16666666666666666,5,5,CCTTTCCGATATAGTGCAGG,0,2374419
mglBp,0.16666666666666666,5,5,CCTTTAACTCGTCTCTGTCC,0,2380085
mglBp,0.16666666666666666,5,5,CCTTGGGACGGAGGTACAAG,0,2416719
mglBp,0.16666666666666666,5,5,CCTTGCTTATCCATAGGCAA,0,2389836
mglBp,0.16666666666666666,5,5,CCTTCGTTGCCATTATGACC,0,2401633
mglBp,0.16666666666666666,5,5,CCTTCGTGCCTTTAGTATTA,0,2335548
mglBp,0.16666666666666666,5,5,CCTTCCGGTGCCAGCTGTCA,0,2379827
mglBp,0.16666666666666666,5,5,CCTTCCCGGTAGCCTGGGTG,0,2419296
mglBp,0.16666666666666666,5,5,CCTTATCTTCGGTTTTCTTT,0,2331448
mglBp,0.16666666666666666,5,5,CCTTAGCTCAGTACGTGGTC,0,2342086
mglBp,0.16666666666666666,5,5,CCTGTGAGAGCTAGGCGCTT,0,2344445
mglBp,0.16666666666666666,5,5,CCTGTAGCTAATTATTCAAG,0,2389945
mglBp,0.16666666666666666,5,5,CCTGTAGATGGTCAAGGTCG,0,2377200
mglBp,0.16666666666666666,5,5,CCTGGGTCAACCATCGTCTT,0,2370786
mglBp,0.16666666666666666,5,5,CCTGGGGCGGATATGGCGCT,0,2373893
mglBp,0.16666666666666666,5,5,CCTCTGGTTACCGGGCCTAT,0,2356945
mglBp,0.16666666666666666,5,5,CCTCTGCGGTAGACATAGCG,0,2341451
mglBp,0.16666666666666666,5,5,CCTCCCTCTCCGAAATCCCT,0,2408993
mglBp,0.16666666666666666,5,5,CCTCAGGTCACCGAACAGGT,0,2384761
mglBp,0.16666666666666666,5,5,CCTCAGGACTTTCGGAGGCA,0,2388575
mglBp,0.16666666666666666,5,5,CCTATTCTCGAGGCAGGGTG,0,2406389
mglBp,0.16666666666666666,5,5,CCTAGTTGGTCAGGTCGAAG,0,2423127
mglBp,0.16666666666666666,5,5,CCTAGGCCATAACTTGTGGA,0,2343177
mglBp,0.16666666666666666,5,5,CCTAGCGGATTTCGAGTCGT,0,2377682
mglBp,0.16666666666666666,5,5,CCTAGCATGGCATATTAGGA,0,2324193
mglBp,0.16666666666666666,5,5,CCTAGATATGTGCTAGTACT,0,2328916
mglBp,0.16666666666666666,5,5,CCGTTGCATATTATTATGTT,0,2384640
mglBp,0.16666666666666666,5,5,CCGTCGTTCGATGGCTCGGA,0,2342824
mglBp,0.16666666666666666,5,5,CCGTATACGCTGACAAGGGA,0,2377723
mglBp,0.16666666666666666,5,5,CCGTAAGATTACCCCTACCT,0,2370408
mglBp,0.16666666666666666,5,5,CCGGTCGTAGGTGAGACGTA,0,2414311
mglBp,0.16666666666666666,5,5,CCGGTCGAAGCAAGGCTAGC,0,2361296
mglBp,0.16666666666666666,5,5,CCGGGCGGGACCCTTTGACG,0,2390008
mglBp,0.16666666666666666,5,5,CCGGGCCATGTATTACAGGG,0,2378121
mglBp,0.16666666666666666,5,5,CCGGCTGCGATTCATCGCTC,0,2337690
mglBp,0.16666666666666666,5,5,CCGGCTGCCGACCCTTGGAA,0,2319430
mglBp,0.16666666666666666,5,5,CCGGCTGCACATATTTCAAT,0,2352798
mglBp,0.16666666666666666,5,5,CCGGCAAAGTGTTAGGGTTA,0,2411131
mglBp,0.16666666666666666,5,5,CCGGATGACGAACCCATCGC,0,2348883
mglBp,0.16666666666666666,5,5,CCGGAGATCGCCTGTTCCCG,0,2389632
mglBp,0.16666666666666666,5,5,CCGGACGATGAGGTGCGACA,0,2399238
mglBp,0.16666666666666666,5,5,CCGCTGTGGGGATGACAGTG,0,2390416
mglBp,0.16666666666666666,5,5,CCGCTATGCCTCCGGTTATT,0,2339971
mglBp,0.16666666666666666,5,5,CCGCGGATGCCAAATGCTAA,0,2318434
mglBp,0.16666666666666666,5,5,CCGCCGTTACAGCTTTAAGA,0,2336348
mglBp,0.16666666666666666,5,5,CCGCAGAGCACTGTTTCTCA,0,2405672
mglBp,0.16666666666666666,5,5,CCGCACGTACTAACGGAGGT,0,2384405
mglBp,0.16666666666666666,5,5,CCGCACCCGCAGTCCCCCCT,0,2371868
mglBp,0.16666666666666666,5,5,CCGATCGGTCTCTTATCGGC,0,2371057
mglBp,0.16666666666666666,5,5,CCGAGTTAATTGGTTTAACT,0,2340247
mglBp,0.16666666666666666,5,5,CCGAGGTCACATGGTGACTG,0,2400834
mglBp,0.16666666666666666,5,5,CCGAGGGCTCGCGCGGCCCC,0,2360248
mglBp,0.16666666666666666,5,5,CCGAGAGCAATCAGATTTGC,0,2413788
mglBp,0.16666666666666666,5,5,CCGACTCGGAGTACACTCTA,0,2318874
mglBp,0.16666666666666666,5,5,CCGACGACTGGTTTTCTAAG,0,2357385
mglBp,0.16666666666666666,5,5,CCGAATACGTTAGCAGGAGC,0,2348514
mglBp,0.16666666666666666,5,5,CCGAACACGGCGTAGAGGAA,0,2353390
mglBp,0.16666666666666666,5,5,CCGAAATCGTCGGCAAACCT,0,2319505
mglBp,0.16666666666666666,5,5,CCGAAAGGTTGCTATCTCGT,0,2372935
mglBp,0.16666666666666666,5,5,CCGAAACACGGACGACGCCC,0,2395249
mglBp,0.16666666666666666,5,5,CCCTTCCCCTAGATAGGGCG,0,2346644
mglBp,0.16666666666666666,5,5,CCCTTACATCGCCTGGATCC,0,2370500
mglBp,0.16666666666666666,5,5,CCCTCAGGGCGATGTCCCAG,0,2390505
mglBp,0.16666666666666666,5,5,CCCTAGAGCACCAGGGCGCT,0,2343676
mglBp,0.16666666666666666,5,5,CCCTAATTAGTATGGAGGGA,0,2390185
mglBp,0.16666666666666666,5,5,CCCTAACATGATCAAATGGC,0,2350677
mglBp,0.16666666666666666,5,5,CCCGTCGCAAAGGTAGCAGA,0,2385878
mglBp,0.16666666666666666,5,5,CCCGGAACAGCTGGCCGTTC,0,2416090
mglBp,0.16666666666666666,5,5,CCCGCGGTGCCATAAACGGA,0,2381714
mglBp,0.16666666666666666,5,5,CCCGCGCGAGGAATTAGAGA,0,2365428
mglBp,0.16666666666666666,5,5,CCCGCAGCCAGGCATGGTCG,0,2416300
mglBp,0.16666666666666666,5,5,CCCGCACATCACAAAGCTTA,0,2388854
mglBp,0.16666666666666666,5,5,CCCGAACCGTCTACGTACAC,0,2363150
mglBp,0.16666666666666666,5,5,CCCCTCGCCGCGAGGACGTC,0,2414474
mglBp,0.16666666666666666,5,5,CCCCTAGCTTTTTAGACAAC,0,2348228
mglBp,0.16666666666666666,5,5,CCCCTAAAAGGGTCCGTGGC,0,2331114
mglBp,0.16666666666666666,5,5,CCCCGACCCGCCAAACCGTC,0,2352640
mglBp,0.16666666666666666,5,5,CCCCAGCTGCACATAGAAAG,0,2368487
mglBp,0.16666666666666666,5,5,CCCATTGCAATCCTTATGTC,0,2362526
mglBp,0.16666666666666666,5,5,CCCATCCTAAGAGAGTCATT,0,2337296
mglBp,0.16666666666666666,5,5,CCCATCCGTAATAAGCCAGT,0,2361502
mglBp,0.16666666666666666,5,5,CCCAGTATATTGCCGGGTAG,0,2372870
mglBp,0.16666666666666666,5,5,CCCAGACAACGATACTCAGT,0,2400004
mglBp,0.16666666666666666,5,5,CCCAACTGTGCTTAAACACC,0,2358950
mglBp,0.16666666666666666,5,5,CCATTCGGCAAATTCTCGCT,0,2337027
mglBp,0.16666666666666666,5,5,CCATGGAGTTTTAAATGGGC,0,2340122
mglBp,0.16666666666666666,5,5,CCATGCTTGACTTGGAGACA,0,2380667
mglBp,0.16666666666666666,5,5,CCATGCCAGCTTAATAAGAT,0,2363959
mglBp,0.16666666666666666,5,5,CCATGATTCTTGTTGTATAC,0,2368911
mglBp,0.16666666666666666,5,5,CCATGATCCCATCTATAGGG,0,2365667
mglBp,0.16666666666666666,5,5,CCATCGGCGGTGAACAATAC,0,2394215
mglBp,0.16666666666666666,5,5,CCATCCTAACTTTCCAGGTT,0,2354511
mglBp,0.16666666666666666,5,5,CCATATTGTATCATAGTCGG,0,2336486
mglBp,0.16666666666666666,5,5,CCATATTAGATTGCGTTATC,0,2336816
mglBp,0.16666666666666666,5,5,CCATATGCTCGCCATACCAT,0,2415877
mglBp,0.16666666666666666,5,5,CCAGTTGCGGCCATGGCCAA,0,2319338
mglBp,0.16666666666666666,5,5,CCAGTGCGCCTATCGTAAAG,0,2420434
mglBp,0.16666666666666666,5,5,CCAGGGCAAGGCATTTACAT,0,2340052
mglBp,0.16666666666666666,5,5,CCAGCTAGTTGTGGCCACGT,0,2327992
mglBp,0.16666666666666666,5,5,CCAGCGGAGCGGATAGATGT,0,2374294
mglBp,0.16666666666666666,5,5,CCAGCGCGTGGGTAACGGAT,0,2346439
mglBp,0.16666666666666666,5,5,CCAGCCATGCACTCGGCCGG,0,2344115
mglBp,0.16666666666666666,5,5,CCAGCAGAGCTTCCTCTAGT,0,2346877
mglBp,0.16666666666666666,5,5,CCAGATAAACGTCATACTCG,0,2392240
mglBp,0.16666666666666666,5,5,CCACGTTATAAATTGCCACG,0,2327796
mglBp,0.16666666666666666,5,5,CCACGTATATAGATTGCGCT,0,2320894
mglBp,0.16666666666666666,5,5,CCACGGGGCCTCGCGGAATA,0,2421975
mglBp,0.16666666666666666,5,5,CCACCACACTTTTGGTGATC,0,2351709
mglBp,0.16666666666666666,5,5,CCACAATAAAGCGCACAGTT,0,2404791
mglBp,0.16666666666666666,5,5,CCAATTATGATAATCAACCT,0,2345654
mglBp,0.16666666666666666,5,5,CCAACTTTTAAAACCGTAAA,0,2384686
mglBp,0.16666666666666666,5,5,CCAACTCACGAATTCGAAAG,0,2388480
mglBp,0.16666666666666666,5,5,CCAAAGACCGCGTGAGGAAA,0,2322578
mglBp,0.16666666666666666,5,5,CCAAACTCAACCACCGAACA,0,2370313
mglBp,0.16666666666666666,5,5,CCAAACCAGCTGTTCCGCTA,0,2371033
mglBp,0.16666666666666666,5,5,CATTTGAAGAACGCAAATAC,0,2333440
mglBp,0.16666666666666666,5,5,CATTGGACCCCGTGCCGAAA,0,2404406
mglBp,0.16666666666666666,5,5,CATTGCGCTCATGTTGGGCT,0,2381162
mglBp,0.16666666666666666,5,5,CATTGATCAAGCGCCAATTG,0,2366514
mglBp,0.16666666666666666,5,5,CATTATGTTGTGGAGAACCC,0,2400043
mglBp,0.16666666666666666,5,5,CATGTGAATAACGATCACGA,0,2329816
mglBp,0.16666666666666666,5,5,CATGTCAGCATCACCTCAAG,0,2382540
mglBp,0.16666666666666666,5,5,CATGGGATTCTTATGAAGCC,0,2384551
mglBp,0.16666666666666666,5,5,CATGGGAGGTTTTGTTAGTT,0,2327272
mglBp,0.16666666666666666,5,5,CATGCTTTATTCGTTTGGGG,0,2325662
mglBp,0.16666666666666666,5,5,CATGCACTTCTGAGCCATAT,0,2333217
mglBp,0.16666666666666666,5,5,CATGAGCCGCTCCGGCCCGG,0,2379226
mglBp,0.16666666666666666,5,5,CATCTCCCTACGGCATGACT,0,2349680
mglBp,0.16666666666666666,5,5,CATCTCCAAGGCCACTGGTG,0,2370596
mglBp,0.16666666666666666,5,5,CATCGTGACCCTTAACGTTC,0,2377390
mglBp,0.16666666666666666,5,5,CATCGGCGGAGCTCGGATTG,0,2380962
mglBp,0.16666666666666666,5,5,CATCGCTGATCCACCTTGTA,0,2378178
mglBp,0.16666666666666666,5,5,CATCGCATGTCTCAGTGACT,0,2322484
mglBp,0.16666666666666666,5,5,CATCCCATAGGGCGTCCTGT,0,2390790
mglBp,0.16666666666666666,5,5,CATCACTGACTACAGTGCGG,0,2371326
mglBp,0.16666666666666666,5,5,CATCAAGCTAGCCTAGGCCC,0,2413680
mglBp,0.16666666666666666,5,5,CATATGAATGAAATCGCAAT,0,2364795
mglBp,0.16666666666666666,5,5,CATAGGAAGGCGTAATAAGA,0,2418592
mglBp,0.16666666666666666,5,5,CAGTTTGATCCTAGCAATAC,0,2318630
mglBp,0.16666666666666666,5,5,CAGTTGTGACACGTGCTCGC,0,2388747
mglBp,0.16666666666666666,5,5,CAGTGGATAATCTCACTCCT,0,2387329
mglBp,0.16666666666666666,5,5,CAGTGGAACCTGCAGCTCCT,0,2359959
mglBp,0.16666666666666666,5,5,CAGTGATATCCGGCAGCGAA,0,2317468
mglBp,0.16666666666666666,5,5,CAGTCGGCTATCGTAGATTG,0,2373378
mglBp,0.16666666666666666,5,5,CAGGTGATGGAGTTCCAATT,0,2324483
mglBp,0.16666666666666666,5,5,CAGGTAGAAATACTTAGGGC,0,2378108
mglBp,0.16666666666666666,5,5,CAGGGTTTCGGATCGCAGAA,0,2389834
mglBp,0.16666666666666666,5,5,CAGGGTAAGACTATCAAGGC,0,2350160
mglBp,0.16666666666666666,5,5,CAGGGGGATCGTGCCACTCG,0,2385861
mglBp,0.16666666666666666,5,5,CAGGGGAGGTGCAATATATC,0,2323191
mglBp,0.16666666666666666,5,5,CAGGCGGCTTCAAACGAAAA,0,2345597
mglBp,0.16666666666666666,5,5,CAGGAGTAGTTTGCAGGCCA,0,2414718
mglBp,0.16666666666666666,5,5,CAGGAAGACCGGTGATATGA,0,2412283
mglBp,0.16666666666666666,5,5,CAGCTTGTAAGGTCTCACCT,0,2378938
mglBp,0.16666666666666666,5,5,CAGCTATCTGGTGCTTCTAT,0,2415121
mglBp,0.16666666666666666,5,5,CAGCGTGGCCTGCACGTGAT,0,2369232
mglBp,0.16666666666666666,5,5,CAGCGTAAATGTTGAGTTGC,0,2393087
mglBp,0.16666666666666666,5,5,CAGCGGTTCCAGACGAGCGG,0,2319611
mglBp,0.16666666666666666,5,5,CAGCGGCCCTTCGTCTCGTG,0,2390279
mglBp,0.16666666666666666,5,5,CAGCGAAATCCCGATCTGAT,0,2401111
mglBp,0.16666666666666666,5,5,CAGCCTTGTAGAGCGCCTGG,0,2340082
mglBp,0.16666666666666666,5,5,CAGCCCTTTCGGATAAGGCT,0,2328329
mglBp,0.16666666666666666,5,5,CAGCCCTACTCCCCGCCCCG,0,2423088
mglBp,0.16666666666666666,5,5,CAGCCAGCCTTACGATAATT,0,2352324
mglBp,0.16666666666666666,5,5,CAGCAGTCATTAGTTCAAGG,0,2353354
mglBp,0.16666666666666666,5,5,CAGCAATGGGCTGGTTGCCT,0,2388409
mglBp,0.16666666666666666,5,5,CAGATCGGAATGTAAGAAGC,0,2338671
mglBp,0.16666666666666666,5,5,CAGAGCTTGCTATCCGGAGT,0,2383947
mglBp,0.16666666666666666,5,5,CAGACATCAGAAGAAAGGAT,0,2410120
mglBp,0.16666666666666666,5,5,CAGAAGGGATGACTGTCACA,0,2378520
mglBp,0.16666666666666666,5,5,CAGAACTGGATGGGCAAATT,0,2351920
mglBp,0.16666666666666666,5,5,CAGAACGAGTCATTGGTATT,0,2417108
mglBp,0.16666666666666666,5,5,CAGAAAACAGTGATCAATAC,0,2322457
mglBp,0.16666666666666666,5,5,CACTTCCATCGTAGGGCTAG,0,2418037
mglBp,0.16666666666666666,5,5,CACTGGTAAGATAGCTAAGT,0,2337424
mglBp,0.16666666666666666,5,5,CACTGGCAGGTGGCTAGGTT,0,2358369
mglBp,0.16666666666666666,5,5,CACTCCGCCAGATTCACTTA,0,2363856
mglBp,0.16666666666666666,5,5,CACTCAGACGACCTATTCGG,0,2360774
mglBp,0.16666666666666666,5,5,CACTACGTCTTTCTTTTGAA,0,2352593
mglBp,0.16666666666666666,5,5,CACTAAAGGCGTAGTTAGTT,0,2402233
mglBp,0.16666666666666666,5,5,CACGGACGGTGTATATTGCT,0,2393861
mglBp,0.16666666666666666,5,5,CACGCTAACCGTGTAGTCCG,0,2342793
mglBp,0.16666666666666666,5,5,CACGCGCGACAGACATGTGA,0,2403171
mglBp,0.16666666666666666,5,5,CACGCATGGACTCTGACGAA,0,2334687
mglBp,0.16666666666666666,5,5,CACGAGTGAGCCACACAGCC,0,2365388
mglBp,0.16666666666666666,5,5,CACGAGCGCTAATGACAGAT,0,2373619
mglBp,0.16666666666666666,5,5,CACCTGGGTGTCTGGAGCAG,0,2420863
mglBp,0.16666666666666666,5,5,CACCTCATTCCATCGTGCTC,0,2408044
mglBp,0.16666666666666666,5,5,CACCTCACTCCCCAGCTGCA,0,2351184
mglBp,0.16666666666666666,5,5,CACCGTTCAGGAGCGCGTAG,0,2354170
mglBp,0.16666666666666666,5,5,CACCGCTCAGCTTAGTCGGT,0,2400450
mglBp,0.16666666666666666,5,5,CACCGAACCTGGGGTCAAGA,0,2331186
mglBp,0.16666666666666666,5,5,CACCACGAATAGCCCAAATG,0,2350408
mglBp,0.16666666666666666,5,5,CACAGTTAGGCAAATATATT,0,2318253
mglBp,0.16666666666666666,5,5,CACAGGCTACTCGTAAGTTC,0,2330572
mglBp,0.16666666666666666,5,5,CACAGGCCTGCTTTTCCGGT,0,2375331
mglBp,0.16666666666666666,5,5,CACAGGATGATCGACGTAAA,0,2381476
mglBp,0.16666666666666666,5,5,CACAGAGGGTTAACCTACCC,0,2420119
mglBp,0.16666666666666666,5,5,CACACTTACTATGCGCTGAT,0,2382308
mglBp,0.16666666666666666,5,5,CACACCTAGTGTCAAATCAC,0,2332647
mglBp,0.16666666666666666,5,5,CACACCGCTTATTAAGTAAG,0,2388020
mglBp,0.16666666666666666,5,5,CACACAATTGCAGCCTAACT,0,2399598
mglBp,0.16666666666666666,5,5,CACAATTAGGTCAGCGCGTT,0,2335716
mglBp,0.16666666666666666,5,5,CACAATATAAACTCATAACG,0,2327049
mglBp,0.16666666666666666,5,5,CACAACTTCAGGACCGTGGA,0,2413228
mglBp,0.16666666666666666,5,5,CACAAACATTCCGGGGACGT,0,2385162
mglBp,0.16666666666666666,5,5,CAATTGGCGACACTGGTTAA,0,2318732
mglBp,0.16666666666666666,5,5,CAATTACTACCGGTAGCATA,0,2319899
mglBp,0.16666666666666666,5,5,CAATGGCTAGTCGGTGTGAT,0,2369062
mglBp,0.16666666666666666,5,5,CAATCTTGAGGTGAGTGCAT,0,2319816
mglBp,0.16666666666666666,5,5,CAATCGCCTCCGCAAAAGTA,0,2354726
mglBp,0.16666666666666666,5,5,CAAGTACATGCATTCGACAA,0,2407799
mglBp,0.16666666666666666,5,5,CAAGGTGAACTGCAGTTTAA,0,2387525
mglBp,0.16666666666666666,5,5,CAAGGGGGAGATCCCTAGAT,0,2320742
mglBp,0.16666666666666666,5,5,CAAGGGGATGACTGTATGCT,0,2398694
mglBp,0.16666666666666666,5,5,CAAGGGAATCAGGGACACTT,0,2376461
mglBp,0.16666666666666666,5,5,CAAGGCTTAGGTGAACTTAT,0,2386509
mglBp,0.16666666666666666,5,5,CAAGGCGACGATTAGGCCGG,0,2415997
mglBp,0.16666666666666666,5,5,CAAGCATAGCAACAGCCCTA,0,2384436
mglBp,0.16666666666666666,5,5,CAAGATTGTATCTTGTTCGT,0,2398581
mglBp,0.16666666666666666,5,5,CAAGAGCACGATTTTACGAG,0,2351216
mglBp,0.16666666666666666,5,5,CAACTTGCTGAGGTACCCTC,0,2374831
mglBp,0.16666666666666666,5,5,CAACTCGAATAGCATTTCGT,0,2380449
mglBp,0.16666666666666666,5,5,CAACGGGTCGGGAATTAGCT,0,2368655
mglBp,0.16666666666666666,5,5,CAACCGGGTGTAAGCGGATT,0,2401018
mglBp,0.16666666666666666,5,5,CAACCGCATCTGCTCGTTAT,0,2325012
mglBp,0.16666666666666666,5,5,CAACCCGCCCTATGTGCAAT,0,2356233
mglBp,0.16666666666666666,5,5,CAACCCCTTTGACCCAAGAC,0,2328945
mglBp,0.16666666666666666,5,5,CAAATACGGACCGACATCTG,0,2376963
mglBp,0.16666666666666666,5,5,CAAAGCCTATCCGGCGACTT,0,2372470
mglBp,0.16666666666666666,5,5,CAAAGACTCTGCGGCGAAAG,0,2336729
mglBp,0.16666666666666666,5,5,CAAAGACCATTTAGAACAAC,0,2376221
mglBp,0.16666666666666666,5,5,CAAAAGAAAAGGGAGTACAC,0,2391639
mglBp,0.16666666666666666,5,5,ATTTTTGTCGATGTCGGCAG,0,2334597
mglBp,0.16666666666666666,5,5,ATTTGTAGCTTTTGTGGGTA,0,2354435
mglBp,0.16666666666666666,5,5,ATTTGGCAATGATTTGTGAC,0,2346423
mglBp,0.16666666666666666,5,5,ATTTCTACCAAAATCTATGC,0,2418882
mglBp,0.16666666666666666,5,5,ATTTCCGATGCCTTCGTCAG,0,2398404
mglBp,0.16666666666666666,5,5,ATTTAGGTTCGGAGAGCAGC,0,2360327
mglBp,0.16666666666666666,5,5,ATTTACGTAGGTCTAAGCTG,0,2342122
mglBp,0.16666666666666666,5,5,ATTTACACGTAAAATAAACC,0,2343814
mglBp,0.16666666666666666,5,5,ATTTAAACTTTGAACACCTC,0,2337691
mglBp,0.16666666666666666,5,5,ATTGTGAGTGACATTACAGC,0,2411990
mglBp,0.16666666666666666,5,5,ATTGTCTGAAAGTGTATGGG,0,2378270
mglBp,0.16666666666666666,5,5,ATTGTAACTTTTGGGTTGCG,0,2348352
mglBp,0.16666666666666666,5,5,ATTGGGGTAACACGGGAATA,0,2385066
mglBp,0.16666666666666666,5,5,ATTGCGAAACAAAACAAGGT,0,2408907
mglBp,0.16666666666666666,5,5,ATTGCCTATCAGCATAGTCT,0,2409986
mglBp,0.16666666666666666,5,5,ATTGATGTCTGTTGGTAACG,0,2394207
mglBp,0.16666666666666666,5,5,ATTGAGGGCATATCACTTGA,0,2354459
mglBp,0.16666666666666666,5,5,ATTGAGGGAATCGCGCAGGA,0,2346501
mglBp,0.16666666666666666,5,5,ATTGAGCTGGTTAGTAAAGT,0,2404294
mglBp,0.16666666666666666,5,5,ATTCTTGTACTCTTGGTAAT,0,2344596
mglBp,0.16666666666666666,5,5,ATTCTAGCTCGGGACAACCG,0,2423270
mglBp,0.16666666666666666,5,5,ATTCGTGGCGAACAGGCGCC,0,2344133
mglBp,0.16666666666666666,5,5,ATTCCGGTACCCCGTATAGG,0,2329593
mglBp,0.16666666666666666,5,5,ATTCCGGGGAGGTGTAACGC,0,2322555
mglBp,0.16666666666666666,5,5,ATTCATCGGGTCAAGCTTCT,0,2371020
mglBp,0.16666666666666666,5,5,ATTCAGAGCATTATCTAGTC,0,2393877
mglBp,0.16666666666666666,5,5,ATTCAGACACTACAAGATGG,0,2391490
mglBp,0.16666666666666666,5,5,ATTCACTTGGGTAGCACAGT,0,2348781
mglBp,0.16666666666666666,5,5,ATTCAATGTATCGCTATTCG,0,2336777
mglBp,0.16666666666666666,5,5,ATTCAAGGATACAATGTTGT,0,2360977
mglBp,0.16666666666666666,5,5,ATTATTTCTCAGGGGTGCGA,0,2421902
mglBp,0.16666666666666666,5,5,ATTATTAATCCCGTATATGT,0,2411369
mglBp,0.16666666666666666,5,5,ATTATAAGCGCGGAACCAAG,0,2348207
mglBp,0.16666666666666666,5,5,ATTATAAAGCCTTCCCAGAA,0,2322932
mglBp,0.16666666666666666,5,5,ATTAGTACAGTTTTTAGGCT,0,2393166
mglBp,0.16666666666666666,5,5,ATTAGCCCCGGGGAAAGTAA,0,2329236
mglBp,0.16666666666666666,5,5,ATTACTTTAAGTTGCCCAGG,0,2418991
mglBp,0.16666666666666666,5,5,ATTACTTCAGCATCCGCACC,0,2386769
mglBp,0.16666666666666666,5,5,ATTACTATCGTGAGGACGGA,0,2413385
mglBp,0.16666666666666666,5,5,ATTACGCGATTGACTCCGTA,0,2374865
mglBp,0.16666666666666666,5,5,ATTAAATTGCTACAACGCTC,0,2423524
mglBp,0.16666666666666666,5,5,ATTAAAAGCAATATGTATTG,0,2422745
mglBp,0.16666666666666666,5,5,ATGTTACTCGACCCTCGATA,0,2384611
mglBp,0.16666666666666666,5,5,ATGTGTTCTGCAGGTCATTT,0,2398684
mglBp,0.16666666666666666,5,5,ATGTGTAGCATACATCTTTA,0,2338690
mglBp,0.16666666666666666,5,5,ATGTGTACTCGTATGGTTCT,0,2343541
mglBp,0.16666666666666666,5,5,ATGTGTAAAATCTGTACCTT,0,2363171
mglBp,0.16666666666666666,5,5,ATGTGCATCTGAGCTTGGTT,0,2378641
mglBp,0.16666666666666666,5,5,ATGTGCACCAATACCGGCAT,0,2392733
mglBp,0.16666666666666666,5,5,ATGTGCAAAAGGTGTCTACC,0,2363801
mglBp,0.16666666666666666,5,5,ATGTGACATTCTGGTTCGTG,0,2362112
mglBp,0.16666666666666666,5,5,ATGTCTATAAAATCAGGCGC,0,2369642
mglBp,0.16666666666666666,5,5,ATGTATTCGCTGGTCAGTAG,0,2391301
mglBp,0.16666666666666666,5,5,ATGTAGCAACGAATGGAAGT,0,2362308
mglBp,0.16666666666666666,5,5,ATGTAAAGGCACTACATCGA,0,2348402
mglBp,0.16666666666666666,5,5,ATGTAAAAACTCATTGAAGG,0,2363804
mglBp,0.16666666666666666,5,5,ATGGGCGAGGTCAGTGCGTC,0,2404140
mglBp,0.16666666666666666,5,5,ATGGGCAACGATCCCACTCA,0,2338925
mglBp,0.16666666666666666,5,5,ATGGCTCCGCAGGGCAGTTC,0,2401916
mglBp,0.16666666666666666,5,5,ATGGCTAACAAAATCTAATC,0,2379609
mglBp,0.16666666666666666,5,5,ATGGCAAAAAGCGCTGCGCA,0,2405078
mglBp,0.16666666666666666,5,5,ATGGACCTTTAATGTACGGC,0,2352868
mglBp,0.16666666666666666,5,5,ATGGACCCGCCAGTCCTCTA,0,2343302
mglBp,0.16666666666666666,5,5,ATGGACAGATATAGACCCGA,0,2381659
mglBp,0.16666666666666666,5,5,ATGCTTCGCCCGGGCCTGTC,0,2406351
mglBp,0.16666666666666666,5,5,ATGCTGTACAAAAGTAATCA,0,2330783
mglBp,0.16666666666666666,5,5,ATGCTGCGTTCTTCTCTGGA,0,2373506
mglBp,0.16666666666666666,5,5,ATGCTGACGTCTTACCACAC,0,2332869
mglBp,0.16666666666666666,5,5,ATGCTATCAGGGGAGATGTG,0,2414797
mglBp,0.16666666666666666,5,5,ATGCGGAAAGTGCAGAAGAT,0,2404991
mglBp,0.16666666666666666,5,5,ATGCCTATCAGTCGCGTGGT,0,2336770
mglBp,0.16666666666666666,5,5,ATGCAGGGGCTAAGAGAACG,0,2401413
mglBp,0.16666666666666666,5,5,ATGCAGCCAGGTACGCCGGT,0,2329398
mglBp,0.16666666666666666,5,5,ATGCAGAGGGGAGAGTTGTT,0,2401978
mglBp,0.16666666666666666,5,5,ATGCACCCAGGCTCTTAGGG,0,2349910
mglBp,0.16666666666666666,5,5,ATGCAATTCGTATCAATACA,0,2334901
mglBp,0.16666666666666666,5,5,ATGCAAGATACTTCTGGTAC,0,2369121
mglBp,0.16666666666666666,5,5,ATGAGTGGGCCACCCGACTG,0,2388999
mglBp,0.16666666666666666,5,5,ATGAGGCCCTGCGGTTTGTG,0,2328961
mglBp,0.16666666666666666,5,5,ATGAGCGTGCTATTAGGCGA,0,2414748
mglBp,0.16666666666666666,5,5,ATGACTTACACATTTCCTGC,0,2408635
mglBp,0.16666666666666666,5,5,ATGAAATTCTCAACCACCAC,0,2358005
mglBp,0.16666666666666666,5,5,ATCTGCAATAATGTGCGATA,0,2349897
mglBp,0.16666666666666666,5,5,ATCTCTTTTAGCTAAGGCGG,0,2362903
mglBp,0.16666666666666666,5,5,ATCTCAGGATTCTCCACAAT,0,2393187
mglBp,0.16666666666666666,5,5,ATCTAGTAGACATATATGCA,0,2368014
mglBp,0.16666666666666666,5,5,ATCTAGGGAAAGTTCACTGG,0,2369080
mglBp,0.16666666666666666,5,5,ATCTACGCGCTCGAATTTTC,0,2347605
mglBp,0.16666666666666666,5,5,ATCTAATTTTGCGGCACTAT,0,2343041
mglBp,0.16666666666666666,5,5,ATCTAATGCAGTCAAACGGT,0,2401965
mglBp,0.16666666666666666,5,5,ATCGTGCCCGGGGTTTAGAC,0,2393462
mglBp,0.16666666666666666,5,5,ATCGGTTGGGCCTGGGACGC,0,2373663
mglBp,0.16666666666666666,5,5,ATCGGCCAGAAATCATGCTA,0,2367053
mglBp,0.16666666666666666,5,5,ATCGGACTATCCTGAATTAA,0,2412675
mglBp,0.16666666666666666,5,5,ATCGCAAGATCCGGAGAGGC,0,2391644
mglBp,0.16666666666666666,5,5,ATCGACGGGTTTGGAAAGTA,0,2341664
mglBp,0.16666666666666666,5,5,ATCGAAACGGCCCCGGTCTC,0,2338152
mglBp,0.16666666666666666,5,5,ATCCTAATTATGACTTAGTA,0,2392249
mglBp,0.16666666666666666,5,5,ATCCGTACCACAAATAGAGG,0,2337604
mglBp,0.16666666666666666,5,5,ATCCGACTCGAGGGGGGTAC,0,2393145
mglBp,0.16666666666666666,5,5,ATCCCTTGGCCTCCCCAAAT,0,2349016
mglBp,0.16666666666666666,5,5,ATCCAGCCAAAGATTTATTC,0,2316455
mglBp,0.16666666666666666,5,5,ATCCACTGCGAGCGGGTCTG,0,2417204
mglBp,0.16666666666666666,5,5,ATCATCCACCTTCACTCCTG,0,2333896
mglBp,0.16666666666666666,5,5,ATCATATCGCGTTGGTCAAA,0,2329315
mglBp,0.16666666666666666,5,5,ATCAGTCGTGGGGCGGAATG,0,2347964
mglBp,0.16666666666666666,5,5,ATCAGGGTCTAGTCAGCACA,0,2318597
mglBp,0.16666666666666666,5,5,ATCAGGGGTCCACGCAGGGG,0,2397465
mglBp,0.16666666666666666,5,5,ATCAGCTGGCAAATGTCTCC,0,2374863
mglBp,0.16666666666666666,5,5,ATCAAGTGACTAATCTGAAT,0,2337036
mglBp,0.16666666666666666,5,5,ATCAAGGCTTTACGTAGAGA,0,2357029
mglBp,0.16666666666666666,5,5,ATATGTGATGATGCCACTTC,0,2332209
mglBp,0.16666666666666666,5,5,ATATGGAATACGGCCGGAAT,0,2411719
mglBp,0.16666666666666666,5,5,ATATGCATACCATGGCAGGC,0,2338404
mglBp,0.16666666666666666,5,5,ATATCGGGGCTTTATGACTG,0,2368441
mglBp,0.16666666666666666,5,5,ATATACCGCAATTCCCACAC,0,2375565
mglBp,0.16666666666666666,5,5,ATAGTGGCCTAAGATTTCCT,0,2412171
mglBp,0.16666666666666666,5,5,ATAGGTTTTGGGTTGGCAGA,0,2382013
mglBp,0.16666666666666666,5,5,ATAGGTTTGGGTTTAGCCAA,0,2404273
mglBp,0.16666666666666666,5,5,ATAGGGGTTACGGTTGGGCT,0,2346548
mglBp,0.16666666666666666,5,5,ATAGCGGTTTGTGCCGACAC,0,2364952
mglBp,0.16666666666666666,5,5,ATAGCGATGGCGCAGTGCAG,0,2340596
mglBp,0.16666666666666666,5,5,ATAGCCTGGGGACCAAGGGC,0,2326983
mglBp,0.16666666666666666,5,5,ATAGATGGTTTCATACCGGT,0,2328196
mglBp,0.16666666666666666,5,5,ATAGACCAGCCTCAAGCTTA,0,2359077
mglBp,0.16666666666666666,5,5,ATACTTTTACATTTCTCGTA,0,2341419
mglBp,0.16666666666666666,5,5,ATACGTTAGTGATCCTCGAC,0,2330765
mglBp,0.16666666666666666,5,5,ATACGTGGGCTAAGGTAAAC,0,2354364
mglBp,0.16666666666666666,5,5,ATACGTGGATTATTAGGCCC,0,2332448
mglBp,0.16666666666666666,5,5,ATACGTCCTTTAGGAACTTT,0,2386959
mglBp,0.16666666666666666,5,5,ATACGCTAGTATCCACACGG,0,2378935
mglBp,0.16666666666666666,5,5,ATACAGCGCGTCAGGACTTG,0,2356305
mglBp,0.16666666666666666,5,5,ATAATGACTCATCATTCGTG,0,2354694
mglBp,0.16666666666666666,5,5,ATAATAGTCCTCGGGAAGCA,0,2359792
mglBp,0.16666666666666666,5,5,ATAAGGATATCGCTCTAGTT,0,2381327
mglBp,0.16666666666666666,5,5,ATAAGCCTCACGACTTATAC,0,2386980
mglBp,0.16666666666666666,5,5,ATAAGCATCTAGAGATACGA,0,2406886
mglBp,0.16666666666666666,5,5,ATAAGATATCTACTCGAGGA,0,2357940
mglBp,0.16666666666666666,5,5,ATAAGAATGGGAAGCCGATC,0,2408772
mglBp,0.16666666666666666,5,5,ATAACTCCCACATATAATAA,0,2317220
mglBp,0.16666666666666666,5,5,ATAACGCACGGCAGCGCGGT,0,2388262
mglBp,0.16666666666666666,5,5,ATAAAATTCGTTTTCCACAA,0,2365980
mglBp,0.16666666666666666,5,5,AGTTTAAAGAAGAGGGATTT,0,2368137
mglBp,0.16666666666666666,5,5,AGTTGTGGCTCGGGTTTCTC,0,2380080
mglBp,0.16666666666666666,5,5,AGTTGCTTACATTGTCAGAC,0,2390677
mglBp,0.16666666666666666,5,5,AGTTGCATCCAGGCACTAGA,0,2391571
mglBp,0.16666666666666666,5,5,AGTTGATATTTTACTTGTTG,0,2349201
mglBp,0.16666666666666666,5,5,AGTTCACTATCAGCGGTGAC,0,2399578
mglBp,0.16666666666666666,5,5,AGTTATTAATGGCTATTCGG,0,2385572
mglBp,0.16666666666666666,5,5,AGTTATCCTAGGATCACATT,0,2363409
mglBp,0.16666666666666666,5,5,AGTTACTAATGATGCAGGAT,0,2349462
mglBp,0.16666666666666666,5,5,AGTTAATTGTAGTACGCTGA,0,2319452
mglBp,0.16666666666666666,5,5,AGTGTTATTTCGGCACGGTG,0,2328678
mglBp,0.16666666666666666,5,5,AGTGTGTTTGTAACAAGTTA,0,2359698
mglBp,0.16666666666666666,5,5,AGTGTGATCCAGGTCGGTAG,0,2417616
mglBp,0.16666666666666666,5,5,AGTGTAATGTGGCTTGCAAA,0,2367087
mglBp,0.16666666666666666,5,5,AGTGGTTGCTCCTGTGGACA,0,2419047
mglBp,0.16666666666666666,5,5,AGTGCTCGTTTCAAATTTGA,0,2406317
mglBp,0.16666666666666666,5,5,AGTGAGTGCCCGCTTTTGAG,0,2319177
mglBp,0.16666666666666666,5,5,AGTGACGTCTTTAAGCCTAG,0,2371445
mglBp,0.16666666666666666,5,5,AGTGAAGGATAGCGAGTACG,0,2327948
mglBp,0.16666666666666666,5,5,AGTCTCGTGCTGTCCTGAAT,0,2363042
mglBp,0.16666666666666666,5,5,AGTCTCCCGAGGAGGACTGT,0,2324589
mglBp,0.16666666666666666,5,5,AGTCGTTCACCGGCCCATCA,0,2362082
mglBp,0.16666666666666666,5,5,AGTCGTATTGCTTGAGCACT,0,2391557
mglBp,0.16666666666666666,5,5,AGTCGTATGCTTGAGGGCGT,0,2378454
mglBp,0.16666666666666666,5,5,AGTCGGTGTAACATATCTCT,0,2368260
mglBp,0.16666666666666666,5,5,AGTCGGCCTAGGTGGATCGG,0,2323861
mglBp,0.16666666666666666,5,5,AGTCGCTACACGGGATCGCG,0,2396422
mglBp,0.16666666666666666,5,5,AGTCGCGATTGCACGTGCCA,0,2336810
mglBp,0.16666666666666666,5,5,AGTCGAAGATTTAGTGGTTG,0,2348528
mglBp,0.16666666666666666,5,5,AGTCGAAAAGTCAAGGGTAT,0,2404175
mglBp,0.16666666666666666,5,5,AGTCCAGTAGTTGCAGAAAG,0,2317089
mglBp,0.16666666666666666,5,5,AGTCACCTTCGGAGCTAGAT,0,2374506
mglBp,0.16666666666666666,5,5,AGTCAAGAACTGCCGTATAT,0,2391738
mglBp,0.16666666666666666,5,5,AGTAGCACTTGATCGGTAGA,0,2399041
mglBp,0.16666666666666666,5,5,AGTAAAATATATAACGTACT,0,2394999
mglBp,0.16666666666666666,5,5,AGGTTTTAAAGCGCACTGCC,0,2401326
mglBp,0.16666666666666666,5,5,AGGTTTGACAAAAATGCTCC,0,2416754
mglBp,0.16666666666666666,5,5,AGGTGGAGATCGACTATATG,0,2363800
mglBp,0.16666666666666666,5,5,AGGTCTTGGTTAGAACGCAA,0,2322711
mglBp,0.16666666666666666,5,5,AGGTCTGCCCCCGGAGGCTA,0,2378546
mglBp,0.16666666666666666,5,5,AGGTCCGTAAACAGCTTTAA,0,2352386
mglBp,0.16666666666666666,5,5,AGGTCACGATCAATGGACAT,0,2366325
mglBp,0.16666666666666666,5,5,AGGTCACCAGTAGGCCTCAG,0,2422923
mglBp,0.16666666666666666,5,5,AGGTATTACCACATGGTTAC,0,2411996
mglBp,0.16666666666666666,5,5,AGGGTTCAACCCGGTGCTCG,0,2345293
mglBp,0.16666666666666666,5,5,AGGGTTAGCGAACCTGTTGT,0,2368978
mglBp,0.16666666666666666,5,5,AGGGTTACAAGCGCTAGATG,0,2376796
mglBp,0.16666666666666666,5,5,AGGGTGAGACCTTGGACAGG,0,2357773
mglBp,0.16666666666666666,5,5,AGGGTCGTGCGAGAATGTGA,0,2391236
mglBp,0.16666666666666666,5,5,AGGGTAGAATAAAGGGCGTA,0,2318458
mglBp,0.16666666666666666,5,5,AGGGTACCGTCCCATTCCCC,0,2320896
mglBp,0.16666666666666666,5,5,AGGGGTATGAACATTCAATG,0,2346510
mglBp,0.16666666666666666,5,5,AGGGGAACAGTCTCGGACCT,0,2369124
mglBp,0.16666666666666666,5,5,AGGGCGTCAGACGCAACTCG,0,2381545
mglBp,0.16666666666666666,5,5,AGGGCCGTGTAGGCTATACA,0,2408446
mglBp,0.16666666666666666,5,5,AGGGCCATCATTTGCAGCCC,0,2322976
mglBp,0.16666666666666666,5,5,AGGGCACCGCTGATGTATGT,0,2389855
mglBp,0.16666666666666666,5,5,AGGGCAACATACTACGGAGT,0,2399087
mglBp,0.16666666666666666,5,5,AGGGAGTGGGGACTAGCGGC,0,2378035
mglBp,0.16666666666666666,5,5,AGGGAGGCTCGGCCGAAGGG,0,2354333
mglBp,0.16666666666666666,5,5,AGGCTGGAATGAAATTTAGG,0,2323805
mglBp,0.16666666666666666,5,5,AGGCGTTGCTCGTTAGACGG,0,2328997
mglBp,0.16666666666666666,5,5,AGGCGTACGTCTCCACATCC,0,2361179
mglBp,0.16666666666666666,5,5,AGGCGCTCCTGGCTAACAGT,0,2354799
mglBp,0.16666666666666666,5,5,AGGCCTGATTGATAAGATGG,0,2385691
mglBp,0.16666666666666666,5,5,AGGCCGATAATGAAGCGCGT,0,2366328
mglBp,0.16666666666666666,5,5,AGGCATCCACATTAATGCAG,0,2323955
mglBp,0.16666666666666666,5,5,AGGCAGTGGACCTTGCCGGG,0,2327075
mglBp,0.16666666666666666,5,5,AGGCAGGACTGAATCGGGTA,0,2325454
mglBp,0.16666666666666666,5,5,AGGCAGAACTCGTCATATGC,0,2357003
mglBp,0.16666666666666666,5,5,AGGCACCTCGGTCATCAAGT,0,2404333
mglBp,0.16666666666666666,5,5,AGGCACCACGGAGGCGTAGT,0,2382994
mglBp,0.16666666666666666,5,5,AGGCACAGACTCATGGAAGC,0,2319815
mglBp,0.16666666666666666,5,5,AGGATGTACAGCGGAGTGCA,0,2328017
mglBp,0.16666666666666666,5,5,AGGATGATTCTGCAGTACGG,0,2367987
mglBp,0.16666666666666666,5,5,AGGAGTCGAGCAAGAGTATG,0,2373964
mglBp,0.16666666666666666,5,5,AGGACTATCTGTGTCTCGGA,0,2373480
mglBp,0.16666666666666666,5,5,AGGACTAGGCTCTATGATAT,0,2393238
mglBp,0.16666666666666666,5,5,AGGAACACAGCTAAGCCGAG,0,2412396
mglBp,0.16666666666666666,5,5,AGCTTCGGGGGCGACCACTC,0,2389701
mglBp,0.16666666666666666,5,5,AGCTGTTCAGACAATGATTG,0,2385646
mglBp,0.16666666666666666,5,5,AGCTGTATAGGGTTGAACTA,0,2342408
mglBp,0.16666666666666666,5,5,AGCTGCTTATAAGTGTTTTG,0,2349313
mglBp,0.16666666666666666,5,5,AGCTGAGACGCCACACTTAA,0,2380758
mglBp,0.16666666666666666,5,5,AGCTCTATTGGCAACTATGC,0,2362203
mglBp,0.16666666666666666,5,5,AGCGGTTGTGCGGGACGGAT,0,2367070
mglBp,0.16666666666666666,5,5,AGCGGTTAGTTTATGAGATC,0,2397682
mglBp,0.16666666666666666,5,5,AGCGGACGTAAGATACCAAC,0,2393280
mglBp,0.16666666666666666,5,5,AGCGGACGCGCCCTGCTAAA,0,2359605
mglBp,0.16666666666666666,5,5,AGCGATATTTAGGGAGTGTT,0,2323964
mglBp,0.16666666666666666,5,5,AGCCTTAGCTCCTATGCTTA,0,2349551
mglBp,0.16666666666666666,5,5,AGCCCGTTCGGTTCGTCCGT,0,2379200
mglBp,0.16666666666666666,5,5,AGCCCCTTGGGTGGCTAGAA,0,2369812
mglBp,0.16666666666666666,5,5,AGCCCATCACACGACTCTCC,0,2332093
mglBp,0.16666666666666666,5,5,AGCCATTTAAGTAACGACAA,0,2394242
mglBp,0.16666666666666666,5,5,AGCCAGCGACAAAGGCTCTA,0,2417638
mglBp,0.16666666666666666,5,5,AGCATGGACGGTTTGACCTA,0,2410369
mglBp,0.16666666666666666,5,5,AGCATGATAAGACCTTCAGT,0,2365545
mglBp,0.16666666666666666,5,5,AGCAGTGACTGTTCCGTTAG,0,2331451
mglBp,0.16666666666666666,5,5,AGCAGGCTAAGAGCTAGAAG,0,2357466
mglBp,0.16666666666666666,5,5,AGCAGCTTTACTCGATGCTT,0,2394965
mglBp,0.16666666666666666,5,5,AGCAGCCTCTAGATGGTATA,0,2372155
mglBp,0.16666666666666666,5,5,AGCAGCAGATTTTGCAACCA,0,2419567
mglBp,0.16666666666666666,5,5,AGCAGCAGATTGAAGTCTAT,0,2377286
mglBp,0.16666666666666666,5,5,AGCAGAGTCTAAAGGCTCGT,0,2403587
mglBp,0.16666666666666666,5,5,AGCACCCCAGTTTGGAGTAA,0,2328814
mglBp,0.16666666666666666,5,5,AGCACACTTAGTCATCATGT,0,2422357
mglBp,0.16666666666666666,5,5,AGCAATGGTAGGTTGCCCAT,0,2331420
mglBp,0.16666666666666666,5,5,AGCAATAGGTGCCAAAGAGC,0,2367132
mglBp,0.16666666666666666,5,5,AGCAAAGAGAGGATCCGGTC,0,2379798
mglBp,0.16666666666666666,5,5,AGATTGGGGTCTGGGTTGTA,0,2353438
mglBp,0.16666666666666666,5,5,AGATCTAGGGTAGGCGGCAT,0,2369264
mglBp,0.16666666666666666,5,5,AGATCACTAAAGTGATTACA,0,2359235
mglBp,0.16666666666666666,5,5,AGATCACCGGACGTATCTAA,0,2371323
mglBp,0.16666666666666666,5,5,AGATCAAATGCTTGTGGTCA,0,2368628
mglBp,0.16666666666666666,5,5,AGATAGGATTCCGCTCCAGT,0,2414506
mglBp,0.16666666666666666,5,5,AGATACGGTAGCTCCCCCCC,0,2384711
mglBp,0.16666666666666666,5,5,AGATACCGGGAGTCCATTGG,0,2368921
mglBp,0.16666666666666666,5,5,AGAGTGTATGACATAGCAGG,0,2414668
mglBp,0.16666666666666666,5,5,AGAGTGCCTCAGTTTAGATC,0,2366045
mglBp,0.16666666666666666,5,5,AGAGGTGTATCATCGGCCAG,0,2372772
mglBp,0.16666666666666666,5,5,AGAGGGTGCATAAAATGTAC,0,2332212
mglBp,0.16666666666666666,5,5,AGAGGGTCCAGCTAGCTTGC,0,2415710
mglBp,0.16666666666666666,5,5,AGAGGATCAGCTTCTCAAAA,0,2377580
mglBp,0.16666666666666666,5,5,AGAGCTAGGTGTAACCAATC,0,2321002
mglBp,0.16666666666666666,5,5,AGAGATCCCCTAAAATACGT,0,2379557
mglBp,0.16666666666666666,5,5,AGAGAGTACCTTGAACGTGT,0,2411757
mglBp,0.16666666666666666,5,5,AGAGAGGGCCTCATTCCACT,0,2329802
mglBp,0.16666666666666666,5,5,AGAGAGCACTGGAGCCACCC,0,2410253
mglBp,0.16666666666666666,5,5,AGACTGTCCAAGGGGGATTG,0,2319727
mglBp,0.16666666666666666,5,5,AGACTGAGCACGGCAGACTA,0,2422490
mglBp,0.16666666666666666,5,5,AGACTGAACGTATTGTCCAG,0,2412537
mglBp,0.16666666666666666,5,5,AGACTAACTGCACATGTAAG,0,2324066
mglBp,0.16666666666666666,5,5,AGACGTAGTTAATGTAAGAT,0,2408267
mglBp,0.16666666666666666,5,5,AGACGGCCGCTGTTGCACGC,0,2386996
mglBp,0.16666666666666666,5,5,AGACGATGTGCCCCTAATTG,0,2326267
mglBp,0.16666666666666666,5,5,AGACCGGCGCTGTAGATTGT,0,2364741
mglBp,0.16666666666666666,5,5,AGACACGTCCAGGTCGGTCA,0,2320559
mglBp,0.16666666666666666,5,5,AGAATTCACCGCGGCTTCGC,0,2331725
mglBp,0.16666666666666666,5,5,AGAATGCAGTCGAGAAGGTG,0,2364184
mglBp,0.16666666666666666,5,5,AGAATGCACTTAGTTGTGTG,0,2390873
mglBp,0.16666666666666666,5,5,AGAATGAGCCCAGGCATACC,0,2393384
mglBp,0.16666666666666666,5,5,AGAAGGTTTGTTTCTGACAA,0,2386122
mglBp,0.16666666666666666,5,5,AGAACTTGAGGTACACTTCA,0,2386982
mglBp,0.16666666666666666,5,5,AGAACTATAGGCACAGATAA,0,2388211
mglBp,0.16666666666666666,5,5,AGAACCTCTATCGTAGCGCT,0,2411837
mglBp,0.16666666666666666,5,5,ACTTTTCGTGTGAGTAAGAA,0,2379682
mglBp,0.16666666666666666,5,5,ACTTGAACTTATGGTAGCAG,0,2383486
mglBp,0.16666666666666666,5,5,ACTTCGGGGCGGATTCGCCT,0,2408382
mglBp,0.16666666666666666,5,5,ACTTCGATGTTTGATCGTCA,0,2382001
mglBp,0.16666666666666666,5,5,ACTTACTTGGGGTCCCAAAG,0,2390066
mglBp,0.16666666666666666,5,5,ACTGTGCGTTTCCCGCAAAT,0,2360005
mglBp,0.16666666666666666,5,5,ACTGTCCCCTCGTCAGAATT,0,2392794
mglBp,0.16666666666666666,5,5,ACTGTAGTTGAAAGAGCAAA,0,2351371
mglBp,0.16666666666666666,5,5,ACTGTAAAGTATGTTCCCAG,0,2348660
mglBp,0.16666666666666666,5,5,ACTGGAAGACTTCATATTTA,0,2394105
mglBp,0.16666666666666666,5,5,ACTGCAGAGAAATAAGGGCT,0,2390183
mglBp,0.16666666666666666,5,5,ACTGAGACTCTAATTAGCAG,0,2392061
mglBp,0.16666666666666666,5,5,ACTGAAGTCCATTAAATTTA,0,2330402
mglBp,0.16666666666666666,5,5,ACTGAACCTTGGACTCTATC,0,2407333
mglBp,0.16666666666666666,5,5,ACTGAAATTTCGATGAATCA,0,2398532
mglBp,0.16666666666666666,5,5,ACTCTGACGGGCGTACATAA,0,2321461
mglBp,0.16666666666666666,5,5,ACTCTCATCACACCTTCTTT,0,2332745
mglBp,0.16666666666666666,5,5,ACTCTATCGCGTGCCGCCTG,0,2385772
mglBp,0.16666666666666666,5,5,ACTCTATATTAGGTCTGTTA,0,2370199
mglBp,0.16666666666666666,5,5,ACTCGAAAAGGGCCGCGTTA,0,2331596
mglBp,0.16666666666666666,5,5,ACTCCAGGTGGAACGTGTGC,0,2325584
mglBp,0.16666666666666666,5,5,ACTCACGGCTAGAACGGAGG,0,2377800
mglBp,0.16666666666666666,5,5,ACTATGTCTCTGATGACTAA,0,2422944
mglBp,0.16666666666666666,5,5,ACTATGGGCGTACGGACGTT,0,2328853
mglBp,0.16666666666666666,5,5,ACTATCAATCGATCGCTTGT,0,2354744
mglBp,0.16666666666666666,5,5,ACTAGATACATGTTTTTCCC,0,2409106
mglBp,0.16666666666666666,5,5,ACTAGACGGATCGTGTACCT,0,2345975
mglBp,0.16666666666666666,5,5,ACGTTGGTACCAATACCCAC,0,2332305
mglBp,0.16666666666666666,5,5,ACGTTGCCCGGCGTAAGAGG,0,2377351
mglBp,0.16666666666666666,5,5,ACGTTCACTCGACAGGGTGT,0,2339755
mglBp,0.16666666666666666,5,5,ACGTGGTGCCGAGCTAAACT,0,2356485
mglBp,0.16666666666666666,5,5,ACGTGCGCGCCTCGAGATCG,0,2411278
mglBp,0.16666666666666666,5,5,ACGTCGCTTTTGCTACGGCG,0,2395614
mglBp,0.16666666666666666,5,5,ACGTCAGTTGGAATGAGGAA,0,2343548
mglBp,0.16666666666666666,5,5,ACGTACACTCCCACGGTCCA,0,2317432
mglBp,0.16666666666666666,5,5,ACGTAATCTGAACGCGCCAG,0,2326288
mglBp,0.16666666666666666,5,5,ACGGTTTGCCATAGTGGCAA,0,2332976
mglBp,0.16666666666666666,5,5,ACGGGATTCCCATCTGTATA,0,2329365
mglBp,0.16666666666666666,5,5,ACGGATGACGGTGACCCATA,0,2420118
mglBp,0.16666666666666666,5,5,ACGGAAGCAGGGCGTTGGGT,0,2351308
mglBp,0.16666666666666666,5,5,ACGCTGATCATGTGTAAGAG,0,2335814
mglBp,0.16666666666666666,5,5,ACGCTCGCGGATATCGTCGT,0,2369256
mglBp,0.16666666666666666,5,5,ACGCTCATTTACAAACTAGG,0,2399224
mglBp,0.16666666666666666,5,5,ACGCTAACCTGGCCGAAGTA,0,2350810
mglBp,0.16666666666666666,5,5,ACGCGTTCCCATTCGTGACG,0,2408006
mglBp,0.16666666666666666,5,5,ACGCGGTATTGGAGGAATCC,0,2325595
mglBp,0.16666666666666666,5,5,ACGCGACTATGTGCGGTGCG,0,2326955
mglBp,0.16666666666666666,5,5,ACGCCTATCTGTGCAGAGAT,0,2376414
mglBp,0.16666666666666666,5,5,ACGCCGCCAGCACTTTCGCT,0,2420967
mglBp,0.16666666666666666,5,5,ACGCCCCCTTGTATATCATT,0,2348138
mglBp,0.16666666666666666,5,5,ACGCATCGGACGCCGAGGTC,0,2388899
mglBp,0.16666666666666666,5,5,ACGCACTACATTAGGGGGTA,0,2348846
mglBp,0.16666666666666666,5,5,ACGATTGTGAAAAAGATATC,0,2375952
mglBp,0.16666666666666666,5,5,ACGATTACGTCTAAAGCTCC,0,2377293
mglBp,0.16666666666666666,5,5,ACGATCTCTTTTGGTCGATA,0,2328798
mglBp,0.16666666666666666,5,5,ACGATCGAAGTGGGTAAGTG,0,2325568
mglBp,0.16666666666666666,5,5,ACGATCATGGAAACTGTGGA,0,2343750
mglBp,0.16666666666666666,5,5,ACGAGTTCGACTCCATGTGT,0,2375653
mglBp,0.16666666666666666,5,5,ACGAGTAAGGGTCCTGACAT,0,2383652
mglBp,0.16666666666666666,5,5,ACGAGGAATGTCCAGTGGGC,0,2383093
mglBp,0.16666666666666666,5,5,ACGAAGGGCAGCTATTACGA,0,2324093
mglBp,0.16666666666666666,5,5,ACGAACTGCAAGAACAGGTG,0,2347915
mglBp,0.16666666666666666,5,5,ACGAACGCAGAACAGGTGGA,0,2354078
mglBp,0.16666666666666666,5,5,ACCTTTACGTGGCTGTCATC,0,2395709
mglBp,0.16666666666666666,5,5,ACCTTATGTCTCGCGCGCGC,0,2329096
mglBp,0.16666666666666666,5,5,ACCTTAGCTATGAGCCGTTC,0,2343405
mglBp,0.16666666666666666,5,5,ACCTGCTACCAAACAGACAT,0,2339429
mglBp,0.16666666666666666,5,5,ACCTGCGACGTTGATACTCT,0,2372490
mglBp,0.16666666666666666,5,5,ACCTCGTTTGACACGCTCGT,0,2387339
mglBp,0.16666666666666666,5,5,ACCTAGTGGGGTAGATGAAA,0,2353664
mglBp,0.16666666666666666,5,5,ACCTAATCCTTGTGTGACTA,0,2323186
mglBp,0.16666666666666666,5,5,ACCTAATCAGAGGACACTAT,0,2423384
mglBp,0.16666666666666666,5,5,ACCGTTTTCTGGCGGACACG,0,2412702
mglBp,0.16666666666666666,5,5,ACCGTACGACTCCTGGGATC,0,2400954
mglBp,0.16666666666666666,5,5,ACCGGCTAACATCTGGCGCC,0,2355361
mglBp,0.16666666666666666,5,5,ACCGGATACAGGTCTCAACA,0,2386522
mglBp,0.16666666666666666,5,5,ACCGCTGGTTGTAGACCCTG,0,2326341
mglBp,0.16666666666666666,5,5,ACCGCCCCGGCAAAAAGGAT,0,2333107
mglBp,0.16666666666666666,5,5,ACCGATTAGCATAGAGGATA,0,2338661
mglBp,0.16666666666666666,5,5,ACCGAGGTATTGCTAGAGCA,0,2381426
mglBp,0.16666666666666666,5,5,ACCCTTCACCCGGGTATTAT,0,2376974
mglBp,0.16666666666666666,5,5,ACCCTTACGAACTATATTAA,0,2362886
mglBp,0.16666666666666666,5,5,ACCCTGCCTTACCGCTAAAA,0,2359655
mglBp,0.16666666666666666,5,5,ACCCTCTCCAAGATTGCCCA,0,2383390
mglBp,0.16666666666666666,5,5,ACCCGCCAAGGTCCTATCAG,0,2397077
mglBp,0.16666666666666666,5,5,ACCCCCCTGAACTTCTGTAT,0,2326124
mglBp,0.16666666666666666,5,5,ACCCCCACCAGATTCGCCTC,0,2324668
mglBp,0.16666666666666666,5,5,ACCCCACGGGAGAGACTTAC,0,2384535
mglBp,0.16666666666666666,5,5,ACCCATGAGTTGGGTCCGGC,0,2351449
mglBp,0.16666666666666666,5,5,ACCCAGTCGGGGGTACTAAT,0,2386783
mglBp,0.16666666666666666,5,5,ACCCACCTGGGCGGCCGGCA,0,2384169
mglBp,0.16666666666666666,5,5,ACCCAAAGAGGGATTGAAAG,0,2380722
mglBp,0.16666666666666666,5,5,ACCACTGGACTCTCGCCTAA,0,2343514
mglBp,0.16666666666666666,5,5,ACCAATACAGGCTAATACCC,0,2405841
mglBp,0.16666666666666666,5,5,ACCAAGATTATTCCGAAGGC,0,2317970
mglBp,0.16666666666666666,5,5,ACATTTTTGCCGAGGTCACA,0,2361409
mglBp,0.16666666666666666,5,5,ACATTAGAAGACTAAATCGG,0,2390037
mglBp,0.16666666666666666,5,5,ACATGGCAAAAAAAGATGTA,0,2371467
mglBp,0.16666666666666666,5,5,ACATGGAACTGCTAACTTGT,0,2350233
mglBp,0.16666666666666666,5,5,ACATGCCGGATATGCCCTAG,0,2373576
mglBp,0.16666666666666666,5,5,ACATGCATTACGGTACGACA,0,2373228
mglBp,0.16666666666666666,5,5,ACATCGCATCTCGGGATTCG,0,2405849
mglBp,0.16666666666666666,5,5,ACATCACCGTGCCGTGCGCT,0,2331336
mglBp,0.16666666666666666,5,5,ACATAGCATATCAAAGTCAT,0,2408252
mglBp,0.16666666666666666,5,5,ACAGTACCTGTACCGCGACA,0,2342319
mglBp,0.16666666666666666,5,5,ACAGGTGTTCGCTCCCGGGA,0,2415332
mglBp,0.16666666666666666,5,5,ACAGGTCCTGGAGTGTGAGA,0,2395766
mglBp,0.16666666666666666,5,5,ACAGCCTCTCCAGAAATGAT,0,2358227
mglBp,0.16666666666666666,5,5,ACAGCAGCGCAATCGTCCTG,0,2417636
mglBp,0.16666666666666666,5,5,ACAGAGGTTTTTTTCCGATG,0,2421621
mglBp,0.16666666666666666,5,5,ACACTATATGAGGTCGAGTT,0,2335411
mglBp,0.16666666666666666,5,5,ACACGGTGACACACTTGCTC,0,2376128
mglBp,0.16666666666666666,5,5,ACACGGTACATCTCAGGCTC,0,2317290
mglBp,0.16666666666666666,5,5,ACACGGCGCTTAAGGGTGCA,0,2346646
mglBp,0.16666666666666666,5,5,ACACGGACAGCTCCCGTGAA,0,2390620
mglBp,0.16666666666666666,5,5,ACACCTGTCCGTCGGGCTCC,0,2399800
mglBp,0.16666666666666666,5,5,ACACCTAGACCTCCATAAGT,0,2415248
mglBp,0.16666666666666666,5,5,ACAATAAAGGGCGAGGCCAG,0,2369921
mglBp,0.16666666666666666,5,5,ACAAGAATAACATGCTAAGC,0,2373958
mglBp,0.16666666666666666,5,5,AATTTTTTTTAGATTCAAGG,0,2416133
mglBp,0.16666666666666666,5,5,AATTTCCCACTGTTAGCTGC,0,2368522
mglBp,0.16666666666666666,5,5,AATTTATGTCTGATCATACT,0,2378477
mglBp,0.16666666666666666,5,5,AATTGCAAATCCAACTACAT,0,2422359
mglBp,0.16666666666666666,5,5,AATTCCCCTGCGCGGCACTA,0,2402374
mglBp,0.16666666666666666,5,5,AATGTCACTTATTCGTTGTA,0,2372781
mglBp,0.16666666666666666,5,5,AATGGCTCATAGACGGAACT,0,2337038
mglBp,0.16666666666666666,5,5,AATGGCTATTAGGCCGAAAT,0,2359460
mglBp,0.16666666666666666,5,5,AATGGATGGGACCGTCGCCG,0,2385845
mglBp,0.16666666666666666,5,5,AATGGACCACAATCCGGTCC,0,2358225
mglBp,0.16666666666666666,5,5,AATGGAATCTAGGGATAAGT,0,2405721
mglBp,0.16666666666666666,5,5,AATGCACATTGAGGACAGGG,0,2382122
mglBp,0.16666666666666666,5,5,AATGATCGATCTCGTGTATT,0,2349408
mglBp,0.16666666666666666,5,5,AATGAGAATCGCCTCTGCGG,0,2340324
mglBp,0.16666666666666666,5,5,AATGACTCATTTAAGGGCTT,0,2386942
mglBp,0.16666666666666666,5,5,AATGACGCTGGTAGTTCCTA,0,2328842
mglBp,0.16666666666666666,5,5,AATCTTCGTTTGCTTGAGGG,0,2333135
mglBp,0.16666666666666666,5,5,AATCGTCCCGCAGAGAGGTC,0,2340875
mglBp,0.16666666666666666,5,5,AATCGATGTGCCGAGCCCTA,0,2396918
mglBp,0.16666666666666666,5,5,AATCGACTACCTGGTTAGGT,0,2357580
mglBp,0.16666666666666666,5,5,AATCCTTAGGCTCAGAGTCT,0,2326087
mglBp,0.16666666666666666,5,5,AATCCAATTGCTTCCGTACA,0,2391070
mglBp,0.16666666666666666,5,5,AATCATTGGACGAGGGACAC,0,2397685
mglBp,0.16666666666666666,5,5,AATCATGTACACTACTGTGG,0,2405289
mglBp,0.16666666666666666,5,5,AATCATCACGACCTCATAAT,0,2352974
mglBp,0.16666666666666666,5,5,AATCACTGATTGGGGAAAGG,0,2383543
mglBp,0.16666666666666666,5,5,AATATTTGATTATTGATTTT,0,2403595
mglBp,0.16666666666666666,5,5,AATAGCTCATGTATTTCATA,0,2393437
mglBp,0.16666666666666666,5,5,AATACGTCCCATGGCTGGGT,0,2319515
mglBp,0.16666666666666666,5,5,AATACGAGTAGCGCCTGAAT,0,2400193
mglBp,0.16666666666666666,5,5,AATACCATCATCCGGCTCCA,0,2392177
mglBp,0.16666666666666666,5,5,AATACAGCACGGGGCCGTCA,0,2417286
mglBp,0.16666666666666666,5,5,AATAACGTGGGCCGCTATCA,0,2373335
mglBp,0.16666666666666666,5,5,AATAAAGCATATGGGCTTCG,0,2409088
mglBp,0.16666666666666666,5,5,AAGTTATTGTTGAAAGGCTT,0,2389185
mglBp,0.16666666666666666,5,5,AAGTTATCAACCCAAGAGTA,0,2419785
mglBp,0.16666666666666666,5,5,AAGTGTCGCCGTACGGTCAC,0,2395273
mglBp,0.16666666666666666,5,5,AAGTGTAACGGATGAGCGAT,0,2353815
mglBp,0.16666666666666666,5,5,AAGTAGATAACCGAGGGACA,0,2402900
mglBp,0.16666666666666666,5,5,AAGGTAAGGGCGTCACAGGA,0,2382395
mglBp,0.16666666666666666,5,5,AAGGGCAGGACCAGCCGGGG,0,2329047
mglBp,0.16666666666666666,5,5,AAGGCAACAAACCGTGTATT,0,2386680
mglBp,0.16666666666666666,5,5,AAGGCAAAAGGGAGACCCCC,0,2375804
mglBp,0.16666666666666666,5,5,AAGGAGATCTCAAGTCGGGG,0,2351500
mglBp,0.16666666666666666,5,5,AAGGAACGTAGTAAACACTA,0,2344888
mglBp,0.16666666666666666,5,5,AAGGAACAACGTGGTCGTTA,0,2407045
mglBp,0.16666666666666666,5,5,AAGCTCTTAGCCGGTTTAGT,0,2332079
mglBp,0.16666666666666666,5,5,AAGCTCCAAAGTGCTAGAAT,0,2386757
mglBp,0.16666666666666666,5,5,AAGCTACAGTTATCCGCGAA,0,2399300
mglBp,0.16666666666666666,5,5,AAGCGGCAGTATGGAGGACG,0,2336242
mglBp,0.16666666666666666,5,5,AAGCGAGCGTGCTCCATAAA,0,2387559
mglBp,0.16666666666666666,5,5,AAGATACTGTGGTGATACTA,0,2322440
mglBp,0.16666666666666666,5,5,AAGAGTTCGCGGTATAACAG,0,2345519
mglBp,0.16666666666666666,5,5,AAGAGTAGATGGGGTGCAAG,0,2336170
mglBp,0.16666666666666666,5,5,AAGAGAAGTGCCCTCCCAAT,0,2404852
mglBp,0.16666666666666666,5,5,AAGACGCCCTTATCGGTCAT,0,2358934
mglBp,0.16666666666666666,5,5,AACTTTGGAGAGTCCTAGGA,0,2331453
mglBp,0.16666666666666666,5,5,AACTTGCAGCTATATTCATT,0,2394124
mglBp,0.16666666666666666,5,5,AACTGTCGCGGTTCTCAGAG,0,2388451
mglBp,0.16666666666666666,5,5,AACTGTCATTATTTGCTCTT,0,2328336
mglBp,0.16666666666666666,5,5,AACTCGTTTCAGATGGGGTA,0,2420750
mglBp,0.16666666666666666,5,5,AACTACGCTTGGTTCCCCTT,0,2399681
mglBp,0.16666666666666666,5,5,AACTAACTAGCGTATAGAGA,0,2396561
mglBp,0.16666666666666666,5,5,AACTAAAGTTTTTTGAAACG,0,2407492
mglBp,0.16666666666666666,5,5,AACGTCGTTTGAGGTACCGG,0,2385059
mglBp,0.16666666666666666,5,5,AACGTATGGGTTCTTGCAAA,0,2408445
mglBp,0.16666666666666666,5,5,AACGGTTATTAATACTTAAC,0,2385054
mglBp,0.16666666666666666,5,5,AACGGGCTGGACTCGCTACA,0,2328414
mglBp,0.16666666666666666,5,5,AACGGCGAACTTCAAGCCCC,0,2362879
mglBp,0.16666666666666666,5,5,AACGGATCGCCTCCACACTT,0,2342503
mglBp,0.16666666666666666,5,5,AACGGATAAGGGGCACAATT,0,2386494
mglBp,0.16666666666666666,5,5,AACGCTTAACTGTTTCGGGG,0,2355339
mglBp,0.16666666666666666,5,5,AACGCAGTATACCGACACTT,0,2409326
mglBp,0.16666666666666666,5,5,AACGAGCTATCGTCTGCTCG,0,2362918
mglBp,0.16666666666666666,5,5,AACCTTTACGTTGGTCAAGA,0,2365130
mglBp,0.16666666666666666,5,5,AACCGGCTGTTAATCGTCAA,0,2352758
mglBp,0.16666666666666666,5,5,AACCCGCAGGGTATATGTAC,0,2333787
mglBp,0.16666666666666666,5,5,AACCCCCCGTACTGACCCGA,0,2381529
mglBp,0.16666666666666666,5,5,AACCCAAGGCATCTTAAATG,0,2318861
mglBp,0.16666666666666666,5,5,AACCATTAGTGCTAAGCAAA,0,2321933
mglBp,0.16666666666666666,5,5,AACCATCTGCCCTTAACTTG,0,2403831
mglBp,0.16666666666666666,5,5,AACCAGTTCTAAAGTGATAA,0,2409641
mglBp,0.16666666666666666,5,5,AACATCTTAAGCCCCAGAAA,0,2321017
mglBp,0.16666666666666666,5,5,AACATATGTCTCTCCTACAC,0,2400737
mglBp,0.16666666666666666,5,5,AACAGGGCGGTTGTCAAGAA,0,2399174
mglBp,0.16666666666666666,5,5,AACAGAATATTCTTATGGTT,0,2372957
mglBp,0.16666666666666666,5,5,AACACGCAATTCGTTCAAGA,0,2329401
mglBp,0.16666666666666666,5,5,AACACCAGTCATCTTGTACC,0,2415080
mglBp,0.16666666666666666,5,5,AACACAGGGGACATGCATTA,0,2351303
mglBp,0.16666666666666666,5,5,AACAATTTGTTCTTTGGGCT,0,2371486
mglBp,0.16666666666666666,5,5,AACAAACGACGCTATTGGCG,0,2376232
mglBp,0.16666666666666666,5,5,AAATTGCCTGCTCTGGCCCC,0,2367687
mglBp,0.16666666666666666,5,5,AAATTGACCAACAATTCTAG,0,2398841
mglBp,0.16666666666666666,5,5,AAATTCTGCATGTTTCATTG,0,2358649
mglBp,0.16666666666666666,5,5,AAATTATCGCTACGGCTTGT,0,2338910
mglBp,0.16666666666666666,5,5,AAATTATAGAGTTTTCCGAA,0,2353253
mglBp,0.16666666666666666,5,5,AAATTAGAATGAGTTTGATT,0,2328416
mglBp,0.16666666666666666,5,5,AAATGTAGTCCCGTTTTAAA,0,2336363
mglBp,0.16666666666666666,5,5,AAATGCATCCCTACGGTATT,0,2363827
mglBp,0.16666666666666666,5,5,AAATATTTCCCGAGTATAAA,0,2402776
mglBp,0.16666666666666666,5,5,AAATATGGTACAGTGAGCGG,0,2324726
mglBp,0.16666666666666666,5,5,AAATAGACATAACATGCCGT,0,2404797
mglBp,0.16666666666666666,5,5,AAATAATGCCTTGAACGTAA,0,2358886
mglBp,0.16666666666666666,5,5,AAAGTTAGTTGGCACCGATG,0,2394936
mglBp,0.16666666666666666,5,5,AAAGTTACGAGGGGGGCAGA,0,2335024
mglBp,0.16666666666666666,5,5,AAAGTATCCCTCTACGCGGT,0,2380276
mglBp,0.16666666666666666,5,5,AAAGTAAATGCCCGGAGGCG,0,2397906
mglBp,0.16666666666666666,5,5,AAAGGCTACTCAGCAAATGC,0,2332982
mglBp,0.16666666666666666,5,5,AAAGGATGTATCGCGCGCTA,0,2341172
mglBp,0.16666666666666666,5,5,AAAGGATCCCTGGAATCAGA,0,2383992
mglBp,0.16666666666666666,5,5,AAAGAGCATGCAGCCTGTTA,0,2364829
mglBp,0.16666666666666666,5,5,AAAGAGAAGGCCGCCCGAAA,0,2343151
mglBp,0.16666666666666666,5,5,AAACTCGTGGGGATCATTTA,0,2324892
mglBp,0.16666666666666666,5,5,AAACTACGAACACTAATGAT,0,2338099
mglBp,0.16666666666666666,5,5,AAACTAAAGTTGGAGTAGCC,0,2355043
mglBp,0.16666666666666666,5,5,AAACATTTTATATTACGCAG,0,2326508
mglBp,0.16666666666666666,5,5,AAAATTTAGGCGTCCGGCTT,0,2324435
mglBp,0.16666666666666666,5,5,AAAATTGGCCATGTGCGACT,0,2406690
mglBp,0.16666666666666666,5,5,AAAAGTATATGTAAGCCTAT,0,2419463
mglBp,0.16666666666666666,5,5,AAAACGATTAATCCCAATTA,0,2339503
mglBp,0.16666666666666666,5,5,AAAACCTAGTCGCGCGGAAT,0,2413602
mglBp,0.16666666666666666,5,5,AAAACAACGACCAGCCCATA,0,2361087
mglBp,0.16666666666666666,5,5,AAAAACCGACAGCATTCGGC,0,2365846
mglBp,0.16666666666666666,5,5,AAAAAATCGACCTGCTTGAA,0,2398284
mglBp,0.2,4,4,TTTTTTTGACACGTTACTCC,0,2327901
mglBp,0.2,4,4,TTTTTTGGAAGCTTAGAGCG,0,2363594
mglBp,0.2,4,4,TTTTGTCATTTGTACTTCCC,0,2329995
mglBp,0.2,4,4,TTTTCTGTGTACTATTCAGA,0,2333520
mglBp,0.2,4,4,TTTTCGGTCAGAATCAGTAA,0,2410168
mglBp,0.2,4,4,TTTTATGCTAAAGATGGAGC,0,2381170
mglBp,0.2,4,4,TTTTATCTGCGATCATTCGT,0,2413339
mglBp,0.2,4,4,TTTGTTTCGATGAAAACCTG,0,2337571
mglBp,0.2,4,4,TTTGTCTTTGGATAGACTCT,0,2347449
mglBp,0.2,4,4,TTTGTCGAGTACCGGGGACT,0,2341112
mglBp,0.2,4,4,TTTGTCCAAATTTGCATGAG,0,2367363
mglBp,0.2,4,4,TTTGTACATGATCAAAGGTT,0,2330231
mglBp,0.2,4,4,TTTGGTTTCCTTAAATTCAC,0,2400549
mglBp,0.2,4,4,TTTGGCCTTTAACCGCGGAC,0,2358963
mglBp,0.2,4,4,TTTGGCACCTATCTTGTTGT,0,2340114
mglBp,0.2,4,4,TTTGGAAGTTTCTATGAGTC,0,2379572
mglBp,0.2,4,4,TTTGACTTGCAACTCAATAA,0,2361138
mglBp,0.2,4,4,TTTGAATGGTCTAAAATGTC,0,2327146
mglBp,0.2,4,4,TTTGAACGCTTAATTAATGC,0,2369941
mglBp,0.2,4,4,TTTCTTGTGCTCCCGCTCGG,0,2357259
mglBp,0.2,4,4,TTTCTGCTACACATCGGCGA,0,2397406
mglBp,0.2,4,4,TTTCTCACTTCGTTGGGCGT,0,2401404
mglBp,0.2,4,4,TTTCGCGTAAGAGCAGTTTT,0,2325069
mglBp,0.2,4,4,TTTCGCGCAACGGCGCTAGT,0,2418940
mglBp,0.2,4,4,TTTCGACGAGCATAGTCAAC,0,2361254
mglBp,0.2,4,4,TTTCCTCAAAAAGCCACATA,0,2408688
mglBp,0.2,4,4,TTTCCACTGCCGACCCAGCA,0,2395567
mglBp,0.2,4,4,TTTATTCGCCCCCAGGGCGG,0,2365056
mglBp,0.2,4,4,TTTATTAGGTAGGTGTCAAT,0,2400684
mglBp,0.2,4,4,TTTATCAGCACCACTGGGGT,0,2322887
mglBp,0.2,4,4,TTTATAATCTCAACAATCAA,0,2321958
mglBp,0.2,4,4,TTTAGGAGCCGTTTGGCAGT,0,2377438
mglBp,0.2,4,4,TTTAGATAGCGTTGTCACTT,0,2397837
mglBp,0.2,4,4,TTTAGAGGGATCGTGGGAGG,0,2337465
mglBp,0.2,4,4,TTTAAGTGGTTATGACTAGA,0,2411475
mglBp,0.2,4,4,TTTAACATTGTGGCCATAGG,0,2318336
mglBp,0.2,4,4,TTGTTTCCTCGCCCGCGGGT,0,2354474
mglBp,0.2,4,4,TTGTTGTGGTGGGATCGAGC,0,2362643
mglBp,0.2,4,4,TTGTTCGAGGATTCATCATA,0,2356716
mglBp,0.2,4,4,TTGTTAGTAACAGTACTCAA,0,2349989
mglBp,0.2,4,4,TTGTTACTGCTTTAATGATC,0,2384318
mglBp,0.2,4,4,TTGTGGGGACGTGGTGGTTG,0,2421784
mglBp,0.2,4,4,TTGTGATGGATTGGGCCGAT,0,2318586
mglBp,0.2,4,4,TTGTCTTCAAAGCGTAGACC,0,2354794
mglBp,0.2,4,4,TTGTCTTAGCAAGACGCGAC,0,2336698
mglBp,0.2,4,4,TTGTCTGTAGCCCGATGGTA,0,2340479
mglBp,0.2,4,4,TTGTCTGCCGAAGGACGTTG,0,2351146
mglBp,0.2,4,4,TTGTCGAATTCGTAGCTACA,0,2349936
mglBp,0.2,4,4,TTGTCGAAGGTATACGATCA,0,2415813
mglBp,0.2,4,4,TTGTCCCGTGTGTAAATTAG,0,2395042
mglBp,0.2,4,4,TTGTCAAATGATCTAACAAC,0,2347955
mglBp,0.2,4,4,TTGTATTCCCGATGCCACCG,0,2324960
mglBp,0.2,4,4,TTGTAATAATGGAGTCCATG,0,2352336
mglBp,0.2,4,4,TTGGTTTTCATGCTGGCGGG,0,2324609
mglBp,0.2,4,4,TTGGTTGATTCGAGCGTAGA,0,2389161
mglBp,0.2,4,4,TTGGTGCAGACCGCCCCCAC,0,2321867
mglBp,0.2,4,4,TTGGGTTGGGCGTTGCATGC,0,2381816
mglBp,0.2,4,4,TTGGGCAGTAATCCACGGGT,0,2368536
mglBp,0.2,4,4,TTGGCTTGACTCTAAATACA,0,2356183
mglBp,0.2,4,4,TTGGCCGTTAGTTAGAGCTG,0,2415253
mglBp,0.2,4,4,TTGGCCATGTTGGGATGGCC,0,2377166
mglBp,0.2,4,4,TTGGCACCGGTTAAATCCCA,0,2375847
mglBp,0.2,4,4,TTGGATCCTTCCCATTTCAC,0,2341748
mglBp,0.2,4,4,TTGGATACAAGCTAGTTTTA,0,2406413
mglBp,0.2,4,4,TTGGAGCGAGGTTAACCGTT,0,2413372
mglBp,0.2,4,4,TTGGACACCAATTATATATA,0,2360567
mglBp,0.2,4,4,TTGGAACTGTATGTCTGGGG,0,2354696
mglBp,0.2,4,4,TTGCTTCAATTTTGCGCGCG,0,2323629
mglBp,0.2,4,4,TTGCTGCTTTACTCGTTTTG,0,2363736
mglBp,0.2,4,4,TTGCGGTAGATGGAAATATT,0,2423697
mglBp,0.2,4,4,TTGCGGCCTATAATCTACTA,0,2399078
mglBp,0.2,4,4,TTGCGAGGGGATATCGATCC,0,2384399
mglBp,0.2,4,4,TTGCCTGGTCGTACACATTA,0,2330544
mglBp,0.2,4,4,TTGCCGGCAGATGAGGGCAA,0,2419851
mglBp,0.2,4,4,TTGCCGCGACTGATGTGAAG,0,2356373
mglBp,0.2,4,4,TTGCAAACTCTTTTCTTTTT,0,2356581
mglBp,0.2,4,4,TTGATGGGCTGTTTTACACT,0,2379565
mglBp,0.2,4,4,TTGATATAGCGCCTAAAAAA,0,2385857
mglBp,0.2,4,4,TTGATACAGGTCAGAGGAGT,0,2396609
mglBp,0.2,4,4,TTGATACACACACGTCGGAG,0,2345500
mglBp,0.2,4,4,TTGAGGCGTCGCCATCCTGC,0,2317009
mglBp,0.2,4,4,TTGAGGCCATTACGGATGGA,0,2373772
mglBp,0.2,4,4,TTGAGGATGGGAGGAAGCAA,0,2392394
mglBp,0.2,4,4,TTGACTTAAGCCGGAGAGTT,0,2418109
mglBp,0.2,4,4,TTGACGGGAGTGTAATGGTG,0,2343894
mglBp,0.2,4,4,TTCTTTATAAATTGTAATAT,0,2334519
mglBp,0.2,4,4,TTCTTCCTTTCCATACTCTT,0,2340676
mglBp,0.2,4,4,TTCTGTTAGGTTGCCAGGCG,0,2354174
mglBp,0.2,4,4,TTCTGTGTCTTTATTTTCAA,0,2360196
mglBp,0.2,4,4,TTCTGATTCATGGGGGGTTT,0,2373481
mglBp,0.2,4,4,TTCTGAAGGCGCGATTCAAC,0,2413236
mglBp,0.2,4,4,TTCTCGGCTATCGTCAGTTT,0,2318031
mglBp,0.2,4,4,TTCTCGGAGGGTCGTCGCCA,0,2380705
mglBp,0.2,4,4,TTCTACATCTCTATGGACCA,0,2320327
mglBp,0.2,4,4,TTCGTCCTATTCAACCTACT,0,2395631
mglBp,0.2,4,4,TTCGTATGGCCCGTTGGCGA,0,2362298
mglBp,0.2,4,4,TTCGGGGGAAGTAAACCGAC,0,2317735
mglBp,0.2,4,4,TTCGCGGCATTCACGTTTGC,0,2333320
mglBp,0.2,4,4,TTCGCCTACAGGGCTACGAT,0,2348054
mglBp,0.2,4,4,TTCGCACCCAGAATAGAGTT,0,2384704
mglBp,0.2,4,4,TTCGATGGTCAGGCTACACA,0,2372435
mglBp,0.2,4,4,TTCGAGGAGCAAGTGCCGAA,0,2340973
mglBp,0.2,4,4,TTCGACTACTTCACGGCGAA,0,2362518
mglBp,0.2,4,4,TTCGACCGACGGAGGTAGTA,0,2420975
mglBp,0.2,4,4,TTCCTGGATTAACTTCGAAC,0,2380988
mglBp,0.2,4,4,TTCCTAAAGGAGGTGATGGT,0,2403780
mglBp,0.2,4,4,TTCCGCGAGATACCGCTACC,0,2342327
mglBp,0.2,4,4,TTCCCTGAGTGTAGCCACAC,0,2398025
mglBp,0.2,4,4,TTCCCGGGGGGCGACTCCGA,0,2422323
mglBp,0.2,4,4,TTCCCCAAACCGTTTTGCAG,0,2354485
mglBp,0.2,4,4,TTCCAGTCGGCGTGCTGCCT,0,2406320
mglBp,0.2,4,4,TTCCACGGGGCCATAACTGG,0,2399398
mglBp,0.2,4,4,TTCCACATAAACAGGGGTCC,0,2394811
mglBp,0.2,4,4,TTCATTGTGGGAAGAACATA,0,2328654
mglBp,0.2,4,4,TTCATGACCCATACAACCTC,0,2374031
mglBp,0.2,4,4,TTCATCTGACTCTCTTAGAA,0,2364564
mglBp,0.2,4,4,TTCATCCCAATAGCGTGATG,0,2416387
mglBp,0.2,4,4,TTCATCAAGCTTAATGTCAC,0,2366619
mglBp,0.2,4,4,TTCAAGCACTGGCCCCCAGC,0,2359821
mglBp,0.2,4,4,TTATTGGGCTGTTATAATGA,0,2356047
mglBp,0.2,4,4,TTATTACCCATAACTTGAGA,0,2418574
mglBp,0.2,4,4,TTATGATGCAATATCGCGAG,0,2346434
mglBp,0.2,4,4,TTATGAGCGAGTCGGAGAAG,0,2346218
mglBp,0.2,4,4,TTATCGTTATTAATTAGCGA,0,2411496
mglBp,0.2,4,4,TTATATTGACTCTAGACGCG,0,2420670
mglBp,0.2,4,4,TTATATTCTAAGCACCAGGC,0,2338731
mglBp,0.2,4,4,TTATACGTTCGCAATCGGAC,0,2324249
mglBp,0.2,4,4,TTATAAATTTATCTTATGGG,0,2398550
mglBp,0.2,4,4,TTAGTGCTATAAGGAATTTC,0,2358346
mglBp,0.2,4,4,TTAGGGTTTGGTAATCTTCC,0,2345446
mglBp,0.2,4,4,TTAGGAAGTGACCGCCTAGG,0,2407578
mglBp,0.2,4,4,TTAGCAGCCTAGGGTGGGGT,0,2376180
mglBp,0.2,4,4,TTAGACCGTACGCGCGCTAC,0,2396501
mglBp,0.2,4,4,TTACTGGGGCTGGTACTTTG,0,2389308
mglBp,0.2,4,4,TTACTGGGATTGCCCCTTGT,0,2410934
mglBp,0.2,4,4,TTACTACTCTAGCATTGTGC,0,2397520
mglBp,0.2,4,4,TTACTACCACCTCGGGCACA,0,2398696
mglBp,0.2,4,4,TTACGTGGAGACGACCGTGT,0,2371193
mglBp,0.2,4,4,TTACGTCTGACAATGTAGTT,0,2346155
mglBp,0.2,4,4,TTACGGAGTTTGCTCCACTC,0,2406427
mglBp,0.2,4,4,TTACGCATCGGGTCAAACTG,0,2332491
mglBp,0.2,4,4,TTACCTGGTTGTAAAGCCTC,0,2365843
mglBp,0.2,4,4,TTACCGGGGTCCAGCCACCG,0,2379136
mglBp,0.2,4,4,TTACCATGGCATTTCACCCA,0,2368926
mglBp,0.2,4,4,TTACAGCTCACGCCTCTGTC,0,2340582
mglBp,0.2,4,4,TTACACTTGTCATAAGTCAA,0,2402735
mglBp,0.2,4,4,TTACAATAGTCCACGCGGGA,0,2334703
mglBp,0.2,4,4,TTAATGTCCGCATCTCCTTA,0,2421392
mglBp,0.2,4,4,TTAAGTGGCAGGATGGAGAA,0,2361708
mglBp,0.2,4,4,TTAAGGAACCTTTGTTCCGG,0,2327702
mglBp,0.2,4,4,TTAAGCCACCTAGTGTCTGC,0,2377573
mglBp,0.2,4,4,TTAACTGTCCACGTGGACCA,0,2392992
mglBp,0.2,4,4,TTAACACGTGTTTAGACCAC,0,2328480
mglBp,0.2,4,4,TTAAAGGAAGAAACCTGACC,0,2354926
mglBp,0.2,4,4,TGTTTGTTATAGTAGTCGTT,0,2341598
mglBp,0.2,4,4,TGTTTGTAAGCCAACACGGT,0,2329038
mglBp,0.2,4,4,TGTTTGGCCTAGGAGTCAGA,0,2357659
mglBp,0.2,4,4,TGTTGTGCCGTTAACAGAAT,0,2406828
mglBp,0.2,4,4,TGTTGCAGCCGGGCTTGTGG,0,2422853
mglBp,0.2,4,4,TGTTGCACGAGCCGTATATC,0,2377683
mglBp,0.2,4,4,TGTTCTGTTGGTGAGTGGAA,0,2394243
mglBp,0.2,4,4,TGTTCCTACGTATACCGCGA,0,2325073
mglBp,0.2,4,4,TGTTCAAGCCGACCGTAGTT,0,2372495
mglBp,0.2,4,4,TGTTAGAAAAGTGTCAACAA,0,2325904
mglBp,0.2,4,4,TGTTAACGGCGGCCAAGGTT,0,2374940
mglBp,0.2,4,4,TGTGTTGAGTATCTTGTTGT,0,2348892
mglBp,0.2,4,4,TGTGTTCTGTGGATAGGAAG,0,2399011
mglBp,0.2,4,4,TGTGTCGCGACCGAACTAAA,0,2397408
mglBp,0.2,4,4,TGTGTCCAAACACTATTTGT,0,2363844
mglBp,0.2,4,4,TGTGTAGGCCCTTGTTCAAT,0,2371132
mglBp,0.2,4,4,TGTGTAACCGGGAGACCGAA,0,2371655
mglBp,0.2,4,4,TGTGTAAAAAGCCAGTTTGT,0,2355486
mglBp,0.2,4,4,TGTGGTCGCAGTGGGGCTTC,0,2395393
mglBp,0.2,4,4,TGTGGCAGGGATAATTGTGA,0,2379769
mglBp,0.2,4,4,TGTGCTCTGGGGCCAACCCT,0,2400228
mglBp,0.2,4,4,TGTGCTAAATTAAGCCGGTC,0,2389508
mglBp,0.2,4,4,TGTGCGTCAGCTTGACGGCC,0,2359790
mglBp,0.2,4,4,TGTGCACTTCGACCCGCGGT,0,2361259
mglBp,0.2,4,4,TGTGATTGCTGTAAGTGAAC,0,2412422
mglBp,0.2,4,4,TGTGATTCATAGACGGAGTA,0,2381597
mglBp,0.2,4,4,TGTGATACTGTAGCCAGGCT,0,2375553
mglBp,0.2,4,4,TGTGAGGTATAACGCAACTT,0,2380086
mglBp,0.2,4,4,TGTCTTTAAGAGTCGAGAGC,0,2393002
mglBp,0.2,4,4,TGTCTCGTTTGTAGCGGCTG,0,2401405
mglBp,0.2,4,4,TGTCTCAATTTTCTGTCACG,0,2329798
mglBp,0.2,4,4,TGTCTATGTTTGAAGTTAGG,0,2377803
mglBp,0.2,4,4,TGTCGTGGAGGGAAGTTGAT,0,2357451
mglBp,0.2,4,4,TGTCGGCCCTTGCTGTCAGA,0,2348096
mglBp,0.2,4,4,TGTCACTAACCTCGCCTGGG,0,2355022
mglBp,0.2,4,4,TGTCAAGCTATGCCTGGGAC,0,2362754
mglBp,0.2,4,4,TGTCAAAGGATGGATGGTCT,0,2362223
mglBp,0.2,4,4,TGTATGTATACTCAGGCAAA,0,2367608
mglBp,0.2,4,4,TGTATGGAGTTATTGCAACG,0,2392556
mglBp,0.2,4,4,TGTAGGCAGACATGACAGTG,0,2385314
mglBp,0.2,4,4,TGTAGGAGGACGCAGGGTGC,0,2390212
mglBp,0.2,4,4,TGTAGGAACAGGTGGCGACA,0,2400037
mglBp,0.2,4,4,TGTACCTCGTTTCTAGTGAA,0,2342480
mglBp,0.2,4,4,TGTAATGCACCTATAGTTAT,0,2324593
mglBp,0.2,4,4,TGTAAGGCTCAATATTCTCC,0,2367143
mglBp,0.2,4,4,TGGTTTCTTGTATTCTGCTA,0,2403768
mglBp,0.2,4,4,TGGTGGGTGAAAGGTTATCG,0,2331277
mglBp,0.2,4,4,TGGTGGACTTGTACTGACTC,0,2326259
mglBp,0.2,4,4,TGGTGCTAGCACATCAGTTA,0,2360700
mglBp,0.2,4,4,TGGTGAGGTCTAATTCACAT,0,2372877
mglBp,0.2,4,4,TGGTCCCGCCAAATCTTACT,0,2357769
mglBp,0.2,4,4,TGGTCAGAATTCGAGTATTG,0,2420383
mglBp,0.2,4,4,TGGTATCAGTCAATATGCTT,0,2415549
mglBp,0.2,4,4,TGGTAGTGTCAGCGAAGATG,0,2319788
mglBp,0.2,4,4,TGGTAGAGGCAGGTCCGAAT,0,2375797
mglBp,0.2,4,4,TGGGTTGCACCGTCTTTGTT,0,2391583
mglBp,0.2,4,4,TGGGGTTCACAGATAGCATA,0,2375153
mglBp,0.2,4,4,TGGGGGGCGTGTTCCCAGGC,0,2376569
mglBp,0.2,4,4,TGGGGCTTGAGGACGACGTT,0,2316858
mglBp,0.2,4,4,TGGGGCTAATACTGCGGGTT,0,2322691
mglBp,0.2,4,4,TGGGGAGACGCAATTCCTGG,0,2322502
mglBp,0.2,4,4,TGGGCTCAATTGACGCGCTG,0,2333992
mglBp,0.2,4,4,TGGGCGCACTGGCTAGGAAA,0,2364672
mglBp,0.2,4,4,TGGGCGCAAAAGCGTGGGGA,0,2375925
mglBp,0.2,4,4,TGGGCAGTGTGGTGAAGACT,0,2329701
mglBp,0.2,4,4,TGGGCACGATAATATTAGGA,0,2376198
mglBp,0.2,4,4,TGGGCAAAGTCAGAGCTCGA,0,2337766
mglBp,0.2,4,4,TGGGACTCTGGCCACCAGTG,0,2356125
mglBp,0.2,4,4,TGGGAAAACTACTCACAGCG,0,2383223
mglBp,0.2,4,4,TGGCTCTGACGCACGCGCGG,0,2391459
mglBp,0.2,4,4,TGGCTCCGCCTCAAGCTGTT,0,2380421
mglBp,0.2,4,4,TGGCTCAGGCCATATCGAGT,0,2348204
mglBp,0.2,4,4,TGGCGTTTCCCACAGCAGTT,0,2389821
mglBp,0.2,4,4,TGGCGAGCGAAGGGCTAGAG,0,2329842
mglBp,0.2,4,4,TGGCCGTTAGTTTCAAGACG,0,2316543
mglBp,0.2,4,4,TGGCCCGTGGCGGTCAGTCT,0,2380260
mglBp,0.2,4,4,TGGCCCGGGCATACGATGCA,0,2317367
mglBp,0.2,4,4,TGGCAGCAGACCGGACAATA,0,2384621
mglBp,0.2,4,4,TGGCAAGGGACTCACGGGAG,0,2328131
mglBp,0.2,4,4,TGGCAAATTCTTCCAGGATG,0,2407217
mglBp,0.2,4,4,TGGATTGGCTGAGGCCCAAG,0,2396909
mglBp,0.2,4,4,TGGATATCGGTCACAGAGGA,0,2383819
mglBp,0.2,4,4,TGGAGTTAGACTATAAATGT,0,2388598
mglBp,0.2,4,4,TGGAGTGACGGAGAGAGGGG,0,2345728
mglBp,0.2,4,4,TGGAGGCAACCACCAGGTAG,0,2387355
mglBp,0.2,4,4,TGGACTGTACTTGGCTCTGC,0,2391974
mglBp,0.2,4,4,TGGACTAGGGCTAGTCAACT,0,2386249
mglBp,0.2,4,4,TGGACAAGATTTATGATCGC,0,2348896
mglBp,0.2,4,4,TGGAAGTAGCTTTATTTGCA,0,2423051
mglBp,0.2,4,4,TGGAACAAGGGAGTTCGTAA,0,2398611
mglBp,0.2,4,4,TGGAAATATGGCAGATGAAA,0,2404977
mglBp,0.2,4,4,TGGAAACAACCAGGTTGAGA,0,2360153
mglBp,0.2,4,4,TGGAAAAACCAAACGCGTTC,0,2331718
mglBp,0.2,4,4,TGCTTGGGAGTCATTATCCA,0,2415938
mglBp,0.2,4,4,TGCTTCACCGTAAAGGTGCT,0,2374930
mglBp,0.2,4,4,TGCTGGTGCTTTCCTGCCCA,0,2423684
mglBp,0.2,4,4,TGCTGGCCTGGCGCCTTAGG,0,2338422
mglBp,0.2,4,4,TGCTCTCACGGATATAGAAT,0,2392902
mglBp,0.2,4,4,TGCTCTAGGGGGTGACATTT,0,2389653
mglBp,0.2,4,4,TGCTCAGCTAGGTTTCCTGC,0,2317978
mglBp,0.2,4,4,TGCTACCTTGGTATCAATTT,0,2420479
mglBp,0.2,4,4,TGCGTTTGGAAACTACCGGG,0,2349564
mglBp,0.2,4,4,TGCGTGAAGCAATTACGTCA,0,2421623
mglBp,0.2,4,4,TGCGTCCTCTGACGAGCTAC,0,2335235
mglBp,0.2,4,4,TGCGCTACAGAGGTCATGTG,0,2405177
mglBp,0.2,4,4,TGCGCGGGACCGTCCTCGAG,0,2372049
mglBp,0.2,4,4,TGCGCAAGTAATTTATTCGT,0,2362139
mglBp,0.2,4,4,TGCGATGCAAAACCTTCTTC,0,2363086
mglBp,0.2,4,4,TGCGAGCGGCGCGGAGCAAT,0,2420745
mglBp,0.2,4,4,TGCCTCTCCTCTAATAATTA,0,2324485
mglBp,0.2,4,4,TGCCGTTCCGGCTCCACTAT,0,2340503
mglBp,0.2,4,4,TGCCGCCTGACGGCAATTAG,0,2335498
mglBp,0.2,4,4,TGCCATTTGGCCAGTCAAGA,0,2346430
mglBp,0.2,4,4,TGCCAAGCGTGGGTTTCAGT,0,2339256
mglBp,0.2,4,4,TGCATTGCAGTGGCTGCGAG,0,2388526
mglBp,0.2,4,4,TGCATTCAAGAAGGTCAACT,0,2355137
mglBp,0.2,4,4,TGCATATTTGTCTTTATTGT,0,2415991
mglBp,0.2,4,4,TGCAGTAGATTCATTCGTTA,0,2405169
mglBp,0.2,4,4,TGCAGGCGGGAAACCATATC,0,2421850
mglBp,0.2,4,4,TGCACTATCCCATGAGCACT,0,2387186
mglBp,0.2,4,4,TGCACCGCCAAACCGTACCC,0,2375531
mglBp,0.2,4,4,TGCAAGTCCCCATGCGGCCC,0,2380509
mglBp,0.2,4,4,TGATTGGTAAATGCTCGCGT,0,2343938
mglBp,0.2,4,4,TGATTGCACGGCGAGTCTCG,0,2406058
mglBp,0.2,4,4,TGATTCCATTTCCATTCTTA,0,2353412
mglBp,0.2,4,4,TGATTCAGAGAATTTTTGAC,0,2381870
mglBp,0.2,4,4,TGATTACAAATGTGCGTTTA,0,2392196
mglBp,0.2,4,4,TGATGTATCGGTGTCTCTCT,0,2332368
mglBp,0.2,4,4,TGATCTCATCGTGTATGCGA,0,2376030
mglBp,0.2,4,4,TGATAGCGCCACATGTTGTG,0,2365132
mglBp,0.2,4,4,TGATAAACAATCCATAGAAT,0,2344113
mglBp,0.2,4,4,TGAGGTTATCACAATTCGCT,0,2358137
mglBp,0.2,4,4,TGAGGAAACACTGCGTAGGA,0,2376611
mglBp,0.2,4,4,TGAGCGCAGCAGCGATCTCC,0,2388023
mglBp,0.2,4,4,TGAGCATTAGCATCTCTGGT,0,2421454
mglBp,0.2,4,4,TGAGAGTATTTTTAAGTCAG,0,2381728
mglBp,0.2,4,4,TGACTGGTCGCGCGTCGAGA,0,2341575
mglBp,0.2,4,4,TGACTAAATCCGGAAAACTA,0,2320396
mglBp,0.2,4,4,TGACGGATTCCGTGGGATAT,0,2317405
mglBp,0.2,4,4,TGACGCGGGACCTGTGTTAC,0,2371356
mglBp,0.2,4,4,TGACATTTGGTTCCTATGCA,0,2383434
mglBp,0.2,4,4,TGACATACAATCCTGCCATG,0,2336670
mglBp,0.2,4,4,TGACAGTACCCGGTTATTTT,0,2411914
mglBp,0.2,4,4,TGAATCCGCTTATGGTTTTT,0,2317102
mglBp,0.2,4,4,TGAATCCCAGCAGGAATCAT,0,2372713
mglBp,0.2,4,4,TGAATATGGACGGAGTCGGA,0,2397360
mglBp,0.2,4,4,TGAATAAATTTTGGGGAACT,0,2354965
mglBp,0.2,4,4,TGAAGCCTTGGTGATACGCT,0,2347746
mglBp,0.2,4,4,TGAACGTCGAGATTATGATA,0,2418594
mglBp,0.2,4,4,TGAACGGCAAGGCTTTGCGG,0,2372057
mglBp,0.2,4,4,TGAACGCTGGTCTGCTGAGG,0,2337244
mglBp,0.2,4,4,TGAACCCTGCGACCGGAACA,0,2359738
mglBp,0.2,4,4,TGAAAGTTATAGACGCAGTT,0,2365173
mglBp,0.2,4,4,TGAAAGTGTGGTATCATGGC,0,2413523
mglBp,0.2,4,4,TGAAACTGCCCTTTGGACTA,0,2366482
mglBp,0.2,4,4,TCTTGTCCAGAACCGCACAG,0,2360285
mglBp,0.2,4,4,TCTTGGTGTGTGTGGCATCT,0,2396588
mglBp,0.2,4,4,TCTTGCCTTGTATGGTACCG,0,2320674
mglBp,0.2,4,4,TCTTCGCGTCCGGGCATTCA,0,2406966
mglBp,0.2,4,4,TCTTCCTCAGGCGCTTGTCT,0,2381861
mglBp,0.2,4,4,TCTTACGTCGTCCATACTGT,0,2351153
mglBp,0.2,4,4,TCTTAAGAGTAAGGCCTTCG,0,2380723
mglBp,0.2,4,4,TCTGTTAAGACTGTCCCCCT,0,2324437
mglBp,0.2,4,4,TCTGTCTACGCAATTCTGGC,0,2357188
mglBp,0.2,4,4,TCTGTCCGAGGCAGACGATC,0,2382801
mglBp,0.2,4,4,TCTGTCACGGACAAACGGTG,0,2408373
mglBp,0.2,4,4,TCTGTAACATTTTGGGGGGA,0,2353299
mglBp,0.2,4,4,TCTGGTACATGATGGAGGCA,0,2380810
mglBp,0.2,4,4,TCTGGCTAGAAGAGGTCCCT,0,2358801
mglBp,0.2,4,4,TCTGGATACAGACCTCCCTT,0,2362508
mglBp,0.2,4,4,TCTGGAGCTCAGGACGCGCT,0,2395958
mglBp,0.2,4,4,TCTGGAGAATTGACAAGCAA,0,2386666
mglBp,0.2,4,4,TCTGCGCAACTACGGCATTG,0,2372701
mglBp,0.2,4,4,TCTCGGTTATGGCTAAATAG,0,2357974
mglBp,0.2,4,4,TCTCGCCTTACTGTGGATCG,0,2352165
mglBp,0.2,4,4,TCTCCGACGAGTCCAGACGT,0,2327457
mglBp,0.2,4,4,TCTCCAGTAAGCATGCTTTC,0,2350124
mglBp,0.2,4,4,TCTCAATGGGTATCGTACGG,0,2419733
mglBp,0.2,4,4,TCTCAACGGCTTGGTTAGTT,0,2398016
mglBp,0.2,4,4,TCTCAAAGGATCGAACGTTG,0,2410655
mglBp,0.2,4,4,TCTATGACTAGAACTTTGAA,0,2330845
mglBp,0.2,4,4,TCTAGTAGTTCGGTATAAGT,0,2347833
mglBp,0.2,4,4,TCTAGGGTCGTCTCAGAATA,0,2362334
mglBp,0.2,4,4,TCTAGGGGCTGGCATGTCTC,0,2351588
mglBp,0.2,4,4,TCTAGGAGAACACTTGGGTT,0,2342711
mglBp,0.2,4,4,TCTACGTGGATGTAGATGAC,0,2361289
mglBp,0.2,4,4,TCTAAGCCCATCCGTTCACT,0,2409516
mglBp,0.2,4,4,TCTAAGACCTATGAATGAGA,0,2362408
mglBp,0.2,4,4,TCGTTGCCTGCGATGTGCTG,0,2364048
mglBp,0.2,4,4,TCGTTCAACACCAGGCTTCA,0,2398247
mglBp,0.2,4,4,TCGTTAGGGGGGTATGTAGC,0,2321595
mglBp,0.2,4,4,TCGTGTCTACGAATGTTGTC,0,2410760
mglBp,0.2,4,4,TCGTGGTGCAGCGAGAATAT,0,2349276
mglBp,0.2,4,4,TCGTGGCCGCCGGGGGCGAA,0,2391029
mglBp,0.2,4,4,TCGTCTTATCCTCGCAGCTA,0,2390645
mglBp,0.2,4,4,TCGTCTCATCCGCGAAAGTT,0,2347926
mglBp,0.2,4,4,TCGTCGGTACGCTCGCTACG,0,2354501
mglBp,0.2,4,4,TCGTCGGCTTACTAGACGTA,0,2321380
mglBp,0.2,4,4,TCGTCCTGAGATCATTGCCC,0,2360170
mglBp,0.2,4,4,TCGTCAACCCGCTAACACGT,0,2346837
mglBp,0.2,4,4,TCGTACCGATCAATGAGGAG,0,2393701
mglBp,0.2,4,4,TCGGTGCCTCCGCTTTGGGA,0,2333495
mglBp,0.2,4,4,TCGGGGCTCTGCCGTCTATC,0,2420432
mglBp,0.2,4,4,TCGGCTCCTCGGGTTTGTAA,0,2418853
mglBp,0.2,4,4,TCGGATTGCCAACATAGGCG,0,2413746
mglBp,0.2,4,4,TCGGACCTATGGGTCCGGAA,0,2408072
mglBp,0.2,4,4,TCGGAAACGCCAGGTGAGAT,0,2330535
mglBp,0.2,4,4,TCGCTTGAAAGAGGGTCAAT,0,2318201
mglBp,0.2,4,4,TCGCTGGTCAGGGCATAACT,0,2410703
mglBp,0.2,4,4,TCGCTGAAGGTTCCTATATC,0,2392119
mglBp,0.2,4,4,TCGCTCTGGATTGGCGCGAG,0,2388005
mglBp,0.2,4,4,TCGCTCCAGTTCCCGTTTGC,0,2325661
mglBp,0.2,4,4,TCGCTCCAACGTCGGTAGGC,0,2374658
mglBp,0.2,4,4,TCGCGTCTAGAGGGTGTGGC,0,2387808
mglBp,0.2,4,4,TCGCGGTGATACCGTTCGAT,0,2327312
mglBp,0.2,4,4,TCGCGGAGGTAGAGGCCCCA,0,2326261
mglBp,0.2,4,4,TCGCGCTGTTTTATCTAACA,0,2367116
mglBp,0.2,4,4,TCGCGCGGGGTCACGGCAGT,0,2333020
mglBp,0.2,4,4,TCGCCAACGTGCAGATCGTG,0,2365162
mglBp,0.2,4,4,TCGCATCGCGGCCGCACGGA,0,2321203
mglBp,0.2,4,4,TCGATGGCCAACTTATAGGT,0,2323961
mglBp,0.2,4,4,TCGAGTAATCATACTGGATT,0,2395345
mglBp,0.2,4,4,TCGAGCGAGCCTCTTCTATG,0,2350752
mglBp,0.2,4,4,TCGAGATCCGTGCTGGCAAC,0,2333460
mglBp,0.2,4,4,TCGACTTGTTTACTCGTGCG,0,2394679
mglBp,0.2,4,4,TCGACGAGTGGGGTTTTTCA,0,2363914
mglBp,0.2,4,4,TCGACCGAACCGTCTCCCTG,0,2396828
mglBp,0.2,4,4,TCGAAGTTGGGCTACCCAGG,0,2384265
mglBp,0.2,4,4,TCGAAATAACTCAACGGACG,0,2371973
mglBp,0.2,4,4,TCCTTTGAATGATGGATTTA,0,2327819
mglBp,0.2,4,4,TCCTTTAGTAAGCCAAGGGA,0,2398477
mglBp,0.2,4,4,TCCTTCTGTGAGATATCGTT,0,2392442
mglBp,0.2,4,4,TCCTTCGAGGCACATGGCTG,0,2360070
mglBp,0.2,4,4,TCCTTCCAGGCAACTAATGC,0,2320946
mglBp,0.2,4,4,TCCTGGTGCCCAATCATTAA,0,2378112
mglBp,0.2,4,4,TCCTGAGATGCCGGCGCAGT,0,2410165
mglBp,0.2,4,4,TCCTCTTATGTCACGCTTCA,0,2402270
mglBp,0.2,4,4,TCCTCAGCATCGAGTGCTGA,0,2342630
mglBp,0.2,4,4,TCCTCAATTAGTAGAATCTC,0,2336581
mglBp,0.2,4,4,TCCTATGAAGTTCTTATTGC,0,2321140
mglBp,0.2,4,4,TCCTAACCATACCACTGAAT,0,2396445
mglBp,0.2,4,4,TCCGTAATCCTCCCTTATGT,0,2355620
mglBp,0.2,4,4,TCCGTAACCACGGACTTCGC,0,2415526
mglBp,0.2,4,4,TCCGGTTCCTTGTCGGGAAC,0,2394247
mglBp,0.2,4,4,TCCGGTGGGCGTTCCCCGAC,0,2410151
mglBp,0.2,4,4,TCCGGTGATGCTTGTTAATT,0,2340831
mglBp,0.2,4,4,TCCGGATCGAGAGATATTGC,0,2356825
mglBp,0.2,4,4,TCCGCTCGCTGCTTTAGGAC,0,2355490
mglBp,0.2,4,4,TCCGCAGTATCGACGCAATG,0,2334802
mglBp,0.2,4,4,TCCGAATGCTCCAGAAGTGT,0,2352757
mglBp,0.2,4,4,TCCCTTGATGTTTAAGAGGA,0,2417311
mglBp,0.2,4,4,TCCCTCGTCCATTTGCCCGG,0,2374531
mglBp,0.2,4,4,TCCCAAGAGCTGGTGCCGCT,0,2375859
mglBp,0.2,4,4,TCCCAACTTTCTGTGGCTGA,0,2399461
mglBp,0.2,4,4,TCCATCTGCGAAAAGGGAAT,0,2325997
mglBp,0.2,4,4,TCCATACAAAAGGACTAGCA,0,2421258
mglBp,0.2,4,4,TCCAGTTTTAAAAATGCAGT,0,2410007
mglBp,0.2,4,4,TCCACAGTCGCTTTGTTACT,0,2403842
mglBp,0.2,4,4,TCCAATCTTAATAGCTTGAA,0,2347970
mglBp,0.2,4,4,TCCAAGGCAAAGCCTGAAGG,0,2414741
mglBp,0.2,4,4,TCCAAGAAGTGATCTCACCT,0,2410464
mglBp,0.2,4,4,TCCAACCCCAAGTGAAGGGC,0,2323666
mglBp,0.2,4,4,TCCAACCACGACCAGACCGT,0,2400129
mglBp,0.2,4,4,TCCAAATGTGTAACTGACCG,0,2364406
mglBp,0.2,4,4,TCATTCATTTGTCTTTCTAG,0,2351981
mglBp,0.2,4,4,TCATTACACAACTGAGATAG,0,2370583
mglBp,0.2,4,4,TCATGAACGAAGTCGCCGAA,0,2320900
mglBp,0.2,4,4,TCATCTCCATGGCTTGCGTG,0,2352415
mglBp,0.2,4,4,TCATCGGGATTCCCACCGCT,0,2389335
mglBp,0.2,4,4,TCATCGCGTTCGTCAGGGTT,0,2374729
mglBp,0.2,4,4,TCATATTTACCTTTGGTACT,0,2360355
mglBp,0.2,4,4,TCATAGCTTGGCCAAGTCAA,0,2359387
mglBp,0.2,4,4,TCAGTTCAGACCTTCGGGGT,0,2347614
mglBp,0.2,4,4,TCAGTTCACAGGTGGCTCTG,0,2394370
mglBp,0.2,4,4,TCAGTCCATTCATCGTTCTA,0,2417945
mglBp,0.2,4,4,TCAGTCATCCTTCCACCAGA,0,2409212
mglBp,0.2,4,4,TCAGTCACCCGTGTCGGTAT,0,2395148
mglBp,0.2,4,4,TCAGGTAGTTACCTCAAAGA,0,2397211
mglBp,0.2,4,4,TCAGGGCGTGTCTCGGTAAA,0,2325465
mglBp,0.2,4,4,TCAGGCCTTTCCGCCCGGGT,0,2404070
mglBp,0.2,4,4,TCAGGCCCGGGCTAGCAGTC,0,2343521
mglBp,0.2,4,4,TCAGGACGGTTAGCATACAT,0,2357125
mglBp,0.2,4,4,TCAGGAAAGATTCGATTCGA,0,2373886
mglBp,0.2,4,4,TCAGCTTCATTATTTAGTAT,0,2398501
mglBp,0.2,4,4,TCAGCACACAATTCTGTCAC,0,2379525
mglBp,0.2,4,4,TCAGAGATCGGACGCTCACT,0,2332428
mglBp,0.2,4,4,TCACTTTCCAAGAAAGGAAA,0,2401940
mglBp,0.2,4,4,TCACGGGCCGAGGCTGTCAC,0,2393193
mglBp,0.2,4,4,TCACGGAGCGGCCCGCCATA,0,2360752
mglBp,0.2,4,4,TCACCCCTCCACTGTGGGAT,0,2397424
mglBp,0.2,4,4,TCACCCCCGGGGTCACCCTA,0,2390061
mglBp,0.2,4,4,TCACCACGTAAAACTCACTT,0,2419632
mglBp,0.2,4,4,TCACACCCTGTATTAACTGG,0,2345110
mglBp,0.2,4,4,TCAATGGAGGAAGGCATATA,0,2390177
mglBp,0.2,4,4,TCAATGAGATGTATGTGGAT,0,2354881
mglBp,0.2,4,4,TCAATAATGCAGATGGTGTA,0,2317344
mglBp,0.2,4,4,TCAAGTCCTTGTTTGTGCCA,0,2417465
mglBp,0.2,4,4,TCAAGGTTCATCCTCACTGT,0,2388857
mglBp,0.2,4,4,TCAACAGACACCGGCCGAAG,0,2333085
mglBp,0.2,4,4,TATTTAGTTCCCACAAAGTG,0,2423022
mglBp,0.2,4,4,TATTGTGCTGTCCTGGTGAG,0,2329441
mglBp,0.2,4,4,TATTGAAATGGTACTCGGAG,0,2410405
mglBp,0.2,4,4,TATTACCATTTGCCATACTC,0,2353197
mglBp,0.2,4,4,TATGTGTATATCACCTCCAT,0,2413178
mglBp,0.2,4,4,TATGTGAAGGGATTAAAACA,0,2389148
mglBp,0.2,4,4,TATGTCTAGGTAATCTCAGT,0,2375197
mglBp,0.2,4,4,TATGTAGCTTCAACTTTAGA,0,2319398
mglBp,0.2,4,4,TATGTAAAGTTAACTCGCTC,0,2361795
mglBp,0.2,4,4,TATGGGGGCTGTTTCCTAGT,0,2347715
mglBp,0.2,4,4,TATGGCGGACGATTTTGCTA,0,2321542
mglBp,0.2,4,4,TATGGATCGTCCGGCGAGAT,0,2328799
mglBp,0.2,4,4,TATGCGGCGTGAGCGCTTCT,0,2420992
mglBp,0.2,4,4,TATGCCATGAAAAACCGCTT,0,2375988
mglBp,0.2,4,4,TATGATCGGTTTTGAAAGCA,0,2344501
mglBp,0.2,4,4,TATCTGACTCGTATTTAACA,0,2340485
mglBp,0.2,4,4,TATCTGAATTTGAATCCAAG,0,2382783
mglBp,0.2,4,4,TATCTACAGGTTCCGGGGAA,0,2407334
mglBp,0.2,4,4,TATCGTCTAGCCGAGACTGG,0,2332472
mglBp,0.2,4,4,TATCCGTCCACACAGCACCA,0,2353494
mglBp,0.2,4,4,TATCCCTGTGCGCGTATCGA,0,2404312
mglBp,0.2,4,4,TATCCATTAAATGCTGCTGG,0,2372387
mglBp,0.2,4,4,TATCATCAGTACGTACCCTG,0,2335936
mglBp,0.2,4,4,TATATTACAAGCCAATCCAT,0,2405401
mglBp,0.2,4,4,TATATATGTTGTTCGGCTTC,0,2359227
mglBp,0.2,4,4,TATATAGGACAAAATGAATA,0,2329055
mglBp,0.2,4,4,TATAGTCACCATTTACAAAG,0,2390545
mglBp,0.2,4,4,TATAGTAACCGTGAGGGATG,0,2350427
mglBp,0.2,4,4,TATAGACGTCCGTCCTGGCT,0,2416247
mglBp,0.2,4,4,TATAAGTACTTGCAGCTGTG,0,2349692
mglBp,0.2,4,4,TAGGTTTAGTAATCATGGCA,0,2415166
mglBp,0.2,4,4,TAGGTTGTACCCATAACATC,0,2407723
mglBp,0.2,4,4,TAGGTGACGCGACTGTAATC,0,2326147
mglBp,0.2,4,4,TAGGTCGCGACATAAGCACA,0,2397503
mglBp,0.2,4,4,TAGGTAACATGAGTTTGCGT,0,2367113
mglBp,0.2,4,4,TAGGGTTAGGTATCCAGAAC,0,2340762
mglBp,0.2,4,4,TAGGGGGAACCTCTGTGGGT,0,2387403
mglBp,0.2,4,4,TAGGGGCCGAGTGGCAAAAA,0,2397683
mglBp,0.2,4,4,TAGGGATCTTAACACATCAG,0,2361932
mglBp,0.2,4,4,TAGGCGTGAGTAGAGCGCAT,0,2388320
mglBp,0.2,4,4,TAGGCATAAAGCTGGTTCCA,0,2388822
mglBp,0.2,4,4,TAGGAGCTCTAATGAGTGAG,0,2337339
mglBp,0.2,4,4,TAGGAGCCGTCTCCAGTCTT,0,2340588
mglBp,0.2,4,4,TAGGACATCATTAAAACCTT,0,2380041
mglBp,0.2,4,4,TAGCTCACGAAGGTTGGTCA,0,2342746
mglBp,0.2,4,4,TAGCGTAAATCTTTATAAGG,0,2414880
mglBp,0.2,4,4,TAGCGGCTCCAGAATGTGCT,0,2336704
mglBp,0.2,4,4,TAGCCGACCCTCAGTTAGTT,0,2370202
mglBp,0.2,4,4,TAGCAATATCAATGGTTTAT,0,2396435
mglBp,0.2,4,4,TAGATGGAGGACAAGCATGG,0,2391258
mglBp,0.2,4,4,TAGAGGTTATGTTTTGCAAT,0,2411789
mglBp,0.2,4,4,TAGAGCCCGATCCCAAATCA,0,2333673
mglBp,0.2,4,4,TAGACGTGAATTGTGGCGGT,0,2410979
mglBp,0.2,4,4,TAGACCGCGACTCCGCCGAC,0,2344910
mglBp,0.2,4,4,TAGAATAATAGCAATCGAAT,0,2328097
mglBp,0.2,4,4,TAGAAGTGTATTTGTAGGAT,0,2358064
mglBp,0.2,4,4,TAGAACCACGAATCACGGAA,0,2326802
mglBp,0.2,4,4,TACTTTATTGGCCGTCACAT,0,2366323
mglBp,0.2,4,4,TACTTCTGTCGGGAAGCGGC,0,2362692
mglBp,0.2,4,4,TACTTAAGTATAACCCTCCT,0,2380413
mglBp,0.2,4,4,TACTGTTAATGCCCTGTAGG,0,2362321
mglBp,0.2,4,4,TACTGTCTCGTTGCGCGTAC,0,2376741
mglBp,0.2,4,4,TACTGCCGTCGAACGGGTTC,0,2396533
mglBp,0.2,4,4,TACTCGAGGGCGAGGAAGCC,0,2346177
mglBp,0.2,4,4,TACTAAGGTACCTTTTTAGG,0,2362180
mglBp,0.2,4,4,TACTAAAGTTACGGACCGTT,0,2353625
mglBp,0.2,4,4,TACGTAAGTTAAAAAGCGGG,0,2388241
mglBp,0.2,4,4,TACGGTGCCATACGTGTAGC,0,2384514
mglBp,0.2,4,4,TACGGGAGTCAGGCCCGGCT,0,2334699
mglBp,0.2,4,4,TACGGGACTGATCTCCCTAC,0,2328906
mglBp,0.2,4,4,TACGGCTTTCACTCCTTTAT,0,2381306
mglBp,0.2,4,4,TACGGCTAATACTTGGATAG,0,2327519
mglBp,0.2,4,4,TACGAGGTCAGCGACCGTCC,0,2360627
mglBp,0.2,4,4,TACGAAGCGCGGAAGAAGTG,0,2360297
mglBp,0.2,4,4,TACCTGGCTGACAACGCGTT,0,2332105
mglBp,0.2,4,4,TACCGAGGGTCCTCCTTGAT,0,2357056
mglBp,0.2,4,4,TACCGAGGACGTCGTTGATT,0,2345667
mglBp,0.2,4,4,TACCCTCGTTGCGACGGATG,0,2403397
mglBp,0.2,4,4,TACCCAGGATAATCGAATGT,0,2419789
mglBp,0.2,4,4,TACCCAAGTTCAGCAGCGGT,0,2385268
mglBp,0.2,4,4,TACCATCTGATATGTCTCTG,0,2413688
mglBp,0.2,4,4,TACATAGAAGTCAATAGGAT,0,2401393
mglBp,0.2,4,4,TACAGGTATAAGGAAACATG,0,2345463
mglBp,0.2,4,4,TACAGGCCTGCCAGTCGTAA,0,2386714
mglBp,0.2,4,4,TACAGGAGATATAGTAGTCT,0,2366826
mglBp,0.2,4,4,TACAGCCAGCTACATAAATC,0,2342836
mglBp,0.2,4,4,TACAGCCAACAGCAAACACT,0,2396362
mglBp,0.2,4,4,TACAATAGCAGTTGATAACC,0,2387361
mglBp,0.2,4,4,TACAAGGCGTTGGTTTACGA,0,2411132
mglBp,0.2,4,4,TAATGCCGTAGGCCTTCACC,0,2380420
mglBp,0.2,4,4,TAATGAGTAATATCTTAATG,0,2376782
mglBp,0.2,4,4,TAATATAATAAATCGCATGC,0,2325045
mglBp,0.2,4,4,TAATAGCTACCGTATTCACA,0,2412241
mglBp,0.2,4,4,TAATAAACAAGGGGGCCTCA,0,2363919
mglBp,0.2,4,4,TAAGTTGGTGCCGGTGATAA,0,2355677
mglBp,0.2,4,4,TAAGTTAATTACTTGTCACA,0,2345576
mglBp,0.2,4,4,TAAGTAGATCGCATTTCCGC,0,2318858
mglBp,0.2,4,4,TAAGTAATTGCCTTACCTGG,0,2417874
mglBp,0.2,4,4,TAAGGTCAACTATGAATATT,0,2341019
mglBp,0.2,4,4,TAAGGCGGCAGTACCTCAGG,0,2338762
mglBp,0.2,4,4,TAAGGCAATCCATATGAGGG,0,2339015
mglBp,0.2,4,4,TAAGCTTGGCTTGCTCGAGC,0,2357405
mglBp,0.2,4,4,TAAGCATTGACAACGGTCCC,0,2417698
mglBp,0.2,4,4,TAAGATGTTTACGGTGCGAT,0,2328382
mglBp,0.2,4,4,TAAGACACCACCCAATGATA,0,2323829
mglBp,0.2,4,4,TAAGAACGCCCCCTCATCTA,0,2405916
mglBp,0.2,4,4,TAACGGCTCGATACAGCGAT,0,2341145
mglBp,0.2,4,4,TAACGGCATGGCAGCCCCAT,0,2359904
mglBp,0.2,4,4,TAACCTTGACAGCAGGCGTT,0,2384734
mglBp,0.2,4,4,TAACCTACTCCCCCGTTTCA,0,2341151
mglBp,0.2,4,4,TAACCGTTAGACATGAACAC,0,2317692
mglBp,0.2,4,4,TAACCCGGTGTCCGAGAGAT,0,2414841
mglBp,0.2,4,4,TAACATGGGGCTTAGCGGGG,0,2401172
mglBp,0.2,4,4,TAACAATCTGTCCCCTTGAG,0,2328206
mglBp,0.2,4,4,TAAATTTATTCTCTGTATGC,0,2348499
mglBp,0.2,4,4,TAAATGTCAAACCAGCTTAA,0,2378408
mglBp,0.2,4,4,TAAATCTACACGGGCTCGTC,0,2417269
mglBp,0.2,4,4,TAAAGGATTTAGGGTGCGCT,0,2403334
mglBp,0.2,4,4,TAAAGCGGGAAGTCACTACA,0,2327321
mglBp,0.2,4,4,TAAAGCACCAGCGCGATCGT,0,2327767
mglBp,0.2,4,4,TAAACTAACTCTTAGTCAAA,0,2367038
mglBp,0.2,4,4,TAAAACTCAATTTTAGAACA,0,2322764
mglBp,0.2,4,4,GTTTGTTTGTTAGGAGGTAC,0,2344491
mglBp,0.2,4,4,GTTTGCAAGGACTATTTAGA,0,2393211
mglBp,0.2,4,4,GTTTGATTGCATCGGGCTTT,0,2384573
mglBp,0.2,4,4,GTTTGAGTCCTTCAGACCAG,0,2384665
mglBp,0.2,4,4,GTTTCATTTAGTTATTGCAA,0,2342015
mglBp,0.2,4,4,GTTTACGGCTCCACGATGTG,0,2389509
mglBp,0.2,4,4,GTTTACCCAGCGAAGTGCGC,0,2370762
mglBp,0.2,4,4,GTTTAATGGATCTGGTGATT,0,2375892
mglBp,0.2,4,4,GTTGTGCGATAGCCCACGGG,0,2364285
mglBp,0.2,4,4,GTTGTCTGTGACCGTAAGGC,0,2386108
mglBp,0.2,4,4,GTTGGGTTTTTTCACGTTGA,0,2327711
mglBp,0.2,4,4,GTTGGCATTTCGTACTGGGT,0,2339541
mglBp,0.2,4,4,GTTGGCATGGGTCTCTCTCG,0,2400113
mglBp,0.2,4,4,GTTGGCAACAAACTAGGGAG,0,2363211
mglBp,0.2,4,4,GTTCTGTGACTTATTGGAAA,0,2339346
mglBp,0.2,4,4,GTTCTCGCGGCCTCAAAGAA,0,2349454
mglBp,0.2,4,4,GTTCGGATAGGAGTTGTTGG,0,2344911
mglBp,0.2,4,4,GTTCGACCATTGGCGGTGCT,0,2319616
mglBp,0.2,4,4,GTTCCTAGAAGCTCAGATAC,0,2350774
mglBp,0.2,4,4,GTTCATAGACAACTCTCAAC,0,2367542
mglBp,0.2,4,4,GTTCACCGGATCTGTGCGGG,0,2390918
mglBp,0.2,4,4,GTTATGTAAGCCTGGTCAGT,0,2404664
mglBp,0.2,4,4,GTTATGGCTCGTTGATATGG,0,2394821
mglBp,0.2,4,4,GTTATCGCGTACCGGTGCCT,0,2402281
mglBp,0.2,4,4,GTTAGTCTGAATATATGACT,0,2372510
mglBp,0.2,4,4,GTTACCTCCCCCGAGCATGA,0,2373092
mglBp,0.2,4,4,GTTACCTATGCCAGTGCATT,0,2389522
mglBp,0.2,4,4,GTTAATGTTAAATTATCACG,0,2375539
mglBp,0.2,4,4,GTTAAGACTAAAAGGCATTG,0,2334518
mglBp,0.2,4,4,GTTAACAAAACATTGCCGAT,0,2356306
mglBp,0.2,4,4,GTGTTTGAGCGGCGAGTATC,0,2413032
mglBp,0.2,4,4,GTGTTGGAGTCTATACTAGT,0,2367730
mglBp,0.2,4,4,GTGTGGCAGTCAGACGGAGT,0,2406333
mglBp,0.2,4,4,GTGTGCAATTCAAGGCAACA,0,2406839
mglBp,0.2,4,4,GTGTCGCGCATGTTTTGATT,0,2328917
mglBp,0.2,4,4,GTGTCCGGACATTCTCTGCA,0,2399804
mglBp,0.2,4,4,GTGTAGGGCTTATATAGTAG,0,2373034
mglBp,0.2,4,4,GTGTAATCCTTCTTCAGGCA,0,2383459
mglBp,0.2,4,4,GTGGTTTTGGTAGCTGAACT,0,2351288
mglBp,0.2,4,4,GTGGTTTAGTTGCAGGGGTT,0,2401670
mglBp,0.2,4,4,GTGGTTCCGACTCCCACTCT,0,2316557
mglBp,0.2,4,4,GTGGTGTACCCTGATCTCTC,0,2331068
mglBp,0.2,4,4,GTGGGTTCATCGTCGTCTCG,0,2330795
mglBp,0.2,4,4,GTGGGCAACTCCCCGATCCC,0,2381265
mglBp,0.2,4,4,GTGGGAGAGACTTGGGACTG,0,2358814
mglBp,0.2,4,4,GTGGCGTATAATTCGGAACC,0,2333513
mglBp,0.2,4,4,GTGGCGAAACTACGGACCTC,0,2323843
mglBp,0.2,4,4,GTGGCCGGGGACAGACTTCC,0,2381326
mglBp,0.2,4,4,GTGGCCACGACGTGCAGCCA,0,2358372
mglBp,0.2,4,4,GTGGATTCGCTATTAGGCAA,0,2333851
mglBp,0.2,4,4,GTGGAGTGGGTAGTCGCTTG,0,2375377
mglBp,0.2,4,4,GTGGAGACTCTCTTATTTTG,0,2323320
mglBp,0.2,4,4,GTGGACCTAGAGAGACTAAG,0,2397824
mglBp,0.2,4,4,GTGGACATGACCCCCTTCCG,0,2355789
mglBp,0.2,4,4,GTGCTGGACGCGGTGCCCTC,0,2416928
mglBp,0.2,4,4,GTGCTATCTAAGTGGTGTGA,0,2378999
mglBp,0.2,4,4,GTGCGTTTGTAGACATAGGC,0,2366676
mglBp,0.2,4,4,GTGCGTACCAGATGCAGTAG,0,2319035
mglBp,0.2,4,4,GTGCGCGGGGACAGCGACAT,0,2422998
mglBp,0.2,4,4,GTGCGCCTCCCATCATCCTC,0,2355778
mglBp,0.2,4,4,GTGCGATGTCTGCATCAAAG,0,2421898
mglBp,0.2,4,4,GTGCCCGGTACCCCCATCAG,0,2350733
mglBp,0.2,4,4,GTGCCATTGTCTACCCCTGG,0,2340305
mglBp,0.2,4,4,GTGCCATCCCAAAGTGCCAA,0,2362809
mglBp,0.2,4,4,GTGCAGCCGGGTGTTCTATT,0,2316623
mglBp,0.2,4,4,GTGCACCGTGGCACGCACCT,0,2391204
mglBp,0.2,4,4,GTGCACCATAGAATCCTGAA,0,2370798
mglBp,0.2,4,4,GTGATTGCGGCGGAGACTGT,0,2335632
mglBp,0.2,4,4,GTGATCTTGACGGCCTATAT,0,2344389
mglBp,0.2,4,4,GTGAGTCCTACGCTAATCTG,0,2365941
mglBp,0.2,4,4,GTGAGGACCAATTTGCGCAT,0,2364307
mglBp,0.2,4,4,GTGAATGGCATACGCAAAGC,0,2326127
mglBp,0.2,4,4,GTGAATCGACGGTGAACAAA,0,2422009
mglBp,0.2,4,4,GTGAAGCACAGGCTGTAAAT,0,2409459
mglBp,0.2,4,4,GTGAAATATACTGTTCTTTT,0,2366305
mglBp,0.2,4,4,GTCTTTTAACAACTCATCCT,0,2330418
mglBp,0.2,4,4,GTCTTTGAGTCGCCAACATG,0,2321985
mglBp,0.2,4,4,GTCTTGTACCGCTGAGCGCT,0,2334558
mglBp,0.2,4,4,GTCTTCGGAATGGTTCGGGA,0,2359083
mglBp,0.2,4,4,GTCTTAGATGCCGAACGTTT,0,2364885
mglBp,0.2,4,4,GTCTGGTAGTGATGCCTGCC,0,2342577
mglBp,0.2,4,4,GTCTGCAGTTCTAAGACTCA,0,2417328
mglBp,0.2,4,4,GTCTGCAGGTGGGAGGCTTA,0,2376111
mglBp,0.2,4,4,GTCTCTTAGAAATGTTACAA,0,2345971
mglBp,0.2,4,4,GTCTATTGCTGTGAGCTCCA,0,2372550
mglBp,0.2,4,4,GTCTAATCAGCTGAGGGAAC,0,2348708
mglBp,0.2,4,4,GTCTAAGCGGGCAAAAGCGA,0,2351568
mglBp,0.2,4,4,GTCGTGTGAAGCGCCCTGCA,0,2338403
mglBp,0.2,4,4,GTCGTGAGTTTTTGCAAACG,0,2345651
mglBp,0.2,4,4,GTCGGGTGACTTCACGTGAG,0,2375126
mglBp,0.2,4,4,GTCGGAACGAACGTTCACCT,0,2344134
mglBp,0.2,4,4,GTCGCCACCGGCGTGCGGAT,0,2423553
mglBp,0.2,4,4,GTCGATGCTATTTTACTCTT,0,2396976
mglBp,0.2,4,4,GTCGAGGTTTTTATCAGTGC,0,2370972
mglBp,0.2,4,4,GTCGAGATTCCATTCCAGAG,0,2346478
mglBp,0.2,4,4,GTCCTGTTTTGTCATTATTG,0,2396045
mglBp,0.2,4,4,GTCCTGTTAACAAAGATAAG,0,2368020
mglBp,0.2,4,4,GTCCGGTGCCAGCCCAGAAA,0,2333730
mglBp,0.2,4,4,GTCCGGTGCAGGACAGGTCT,0,2417162
mglBp,0.2,4,4,GTCCGGCACCCCTGCGTATA,0,2348356
mglBp,0.2,4,4,GTCCGCCGTTGTACTGGACA,0,2338491
mglBp,0.2,4,4,GTCCGATTTTGCTGAGGCAA,0,2344881
mglBp,0.2,4,4,GTCCCTGGAGTTTGCTCCTA,0,2342913
mglBp,0.2,4,4,GTCCCTGATCCTACGACCAA,0,2423275
mglBp,0.2,4,4,GTCATGCGGGACGTATCCGC,0,2363005
mglBp,0.2,4,4,GTCATGATAGTCGCAGCCCT,0,2417870
mglBp,0.2,4,4,GTCAGTGATTACCTGCCGTA,0,2388630
mglBp,0.2,4,4,GTCAGTCCAGGCGCCGGATA,0,2373107
mglBp,0.2,4,4,GTCAGGGAGAGCGTGCGGTT,0,2381200
mglBp,0.2,4,4,GTCACGGGCGAAGTAACTTC,0,2367387
mglBp,0.2,4,4,GTCAAGCCTCCCACATTGAC,0,2410116
mglBp,0.2,4,4,GTATTTGCCAACCGTCCCCG,0,2391961
mglBp,0.2,4,4,GTATGTGAGGCTTTACATGG,0,2373288
mglBp,0.2,4,4,GTATCAGATCATTTGACCAG,0,2348538
mglBp,0.2,4,4,GTATCAAGAATTCAGTTGCT,0,2319574
mglBp,0.2,4,4,GTATAAGTAATTGTGTAACG,0,2323735
mglBp,0.2,4,4,GTAGTGTTGTGTCCAAGCTC,0,2413900
mglBp,0.2,4,4,GTAGTGCTTCTACGACCCCC,0,2382872
mglBp,0.2,4,4,GTAGTGAGTTTGAGGAGGAC,0,2397949
mglBp,0.2,4,4,GTAGGTACTCTATGCGTTAT,0,2357314
mglBp,0.2,4,4,GTAGGCGGCGTAGATGCTAT,0,2413069
mglBp,0.2,4,4,GTAGGCAGGAGAGGCTCACG,0,2380229
mglBp,0.2,4,4,GTAGGACCGGGAAGGGTCAC,0,2332849
mglBp,0.2,4,4,GTAGCCCGTGGAGTGGCGCT,0,2343456
mglBp,0.2,4,4,GTAGATTGAAGCAGCGCGAA,0,2360970
mglBp,0.2,4,4,GTAGATTCCGATGTGGTAAT,0,2405998
mglBp,0.2,4,4,GTACTGCGTATCCCTATTCA,0,2363182
mglBp,0.2,4,4,GTACTAAATGACGTACACGG,0,2379094
mglBp,0.2,4,4,GTACCCTACATGCCAGATAA,0,2375505
mglBp,0.2,4,4,GTAATGTCGGACCGTTCTCC,0,2359632
mglBp,0.2,4,4,GTAATCGTGGAAAATCTCCC,0,2387144
mglBp,0.2,4,4,GTAATACCGGCGGAGGTCAA,0,2328960
mglBp,0.2,4,4,GTAAGCGGTCGTGTTCGTAA,0,2324797
mglBp,0.2,4,4,GTAAGCCGGAAATTTGAGAG,0,2351706
mglBp,0.2,4,4,GTAAGATTGAGGAGTTGGGT,0,2378544
mglBp,0.2,4,4,GTAACCGGTCCGGGAGAGTT,0,2418119
mglBp,0.2,4,4,GTAAATCTAGTTGTAACGAG,0,2368185
mglBp,0.2,4,4,GTAAATATCTGGTGCGGAGT,0,2345317
mglBp,0.2,4,4,GTAAAGGGTGACCTTCGACT,0,2389989
mglBp,0.2,4,4,GTAAAACCGTTTATTACGAA,0,2402139
mglBp,0.2,4,4,GGTTTGAGAGATCGTTTGTA,0,2330404
mglBp,0.2,4,4,GGTTTCCGTCAATTTCGTAG,0,2331753
mglBp,0.2,4,4,GGTTTCACAGCGGACGAGCA,0,2412935
mglBp,0.2,4,4,GGTTGCCGATGACACCCGGC,0,2419371
mglBp,0.2,4,4,GGTTGCACCCGTACGGGGTA,0,2356303
mglBp,0.2,4,4,GGTTCTGTGGAATAACCCAT,0,2317370
mglBp,0.2,4,4,GGTTCGGATGGATGCAGGCG,0,2396494
mglBp,0.2,4,4,GGTTCACGCGTTTTCCGATC,0,2400679
mglBp,0.2,4,4,GGTTAGGGACGTTTTAGCTA,0,2333925
mglBp,0.2,4,4,GGTTAAATTAGTGGGAACTG,0,2408544
mglBp,0.2,4,4,GGTGTGAAGCTTTTGAGAAG,0,2370381
mglBp,0.2,4,4,GGTGGGTGGAATGGCACTAC,0,2361835
mglBp,0.2,4,4,GGTGGGGGAGGCCTGGAATA,0,2416710
mglBp,0.2,4,4,GGTGCTGCTGCTCTGGAATA,0,2318686
mglBp,0.2,4,4,GGTGCGGCGGCTCCCGTCAT,0,2343301
mglBp,0.2,4,4,GGTGCGCCAGCCGATGCATT,0,2387286
mglBp,0.2,4,4,GGTGATAAGATGATGGGTCT,0,2415506
mglBp,0.2,4,4,GGTGAGACTTGAAAGACTGA,0,2369155
mglBp,0.2,4,4,GGTGACCATTTGCTATGAGT,0,2394502
mglBp,0.2,4,4,GGTGAATCGACCGACATAAG,0,2373712
mglBp,0.2,4,4,GGTCTGAGAGGTGTCCCGAG,0,2390686
mglBp,0.2,4,4,GGTCGGTAAGCATATCGTAC,0,2402872
mglBp,0.2,4,4,GGTCCTAGTATGGAATATAA,0,2339781
mglBp,0.2,4,4,GGTCCGGCCGGGGATTAGCA,0,2318154
mglBp,0.2,4,4,GGTCCCGAATGGGGTGCAAC,0,2322377
mglBp,0.2,4,4,GGTCATTACGTCGCTGTTCC,0,2417514
mglBp,0.2,4,4,GGTCATAGTTGACGGATTAC,0,2378529
mglBp,0.2,4,4,GGTCAGTGGAGAACATTGCT,0,2326700
mglBp,0.2,4,4,GGTATGTGGGACACTATGGG,0,2352244
mglBp,0.2,4,4,GGTATGGTTTGGGTAACCTA,0,2406841
mglBp,0.2,4,4,GGTATATGTGTTACCAATAA,0,2420294
mglBp,0.2,4,4,GGTATAACATACACTCTCCC,0,2399549
mglBp,0.2,4,4,GGTAGTCTGTCTCACATGAC,0,2358086
mglBp,0.2,4,4,GGTAGGCAGATACTCGGGCA,0,2377500
mglBp,0.2,4,4,GGTAGCATTAAGTGGGTTTA,0,2368538
mglBp,0.2,4,4,GGTAGATCACTCTAGGCTAG,0,2409927
mglBp,0.2,4,4,GGTACATTCGCCAACCTAGA,0,2373421
mglBp,0.2,4,4,GGTACATAGGCGAGTAAAGG,0,2372970
mglBp,0.2,4,4,GGTACAACGAAGATAAGGGG,0,2375296
mglBp,0.2,4,4,GGTAAGCAGGGATCGTGCGT,0,2343603
mglBp,0.2,4,4,GGTAAATGCTCTTAGGGAAA,0,2401927
mglBp,0.2,4,4,GGGTTCTTTGACTACCGTTC,0,2409632
mglBp,0.2,4,4,GGGTTCCACGTTATCCATAG,0,2397088
mglBp,0.2,4,4,GGGTTCAACCTGACAAAACA,0,2406470
mglBp,0.2,4,4,GGGTGTACCATGGCCGGCCC,0,2371102
mglBp,0.2,4,4,GGGTGCATTGGGACGTTGAT,0,2384851
mglBp,0.2,4,4,GGGTATTCATCAGAGGATCC,0,2347693
mglBp,0.2,4,4,GGGTAGGACGGCGACTCCGT,0,2357301
mglBp,0.2,4,4,GGGTAGGACGCGTCCGTAAA,0,2371299
mglBp,0.2,4,4,GGGTACAAAGGCTATAACCA,0,2352707
mglBp,0.2,4,4,GGGGTGTGTATGCCAGGAGA,0,2371708
mglBp,0.2,4,4,GGGGTCCGCGGGGTCTAGTT,0,2421520
mglBp,0.2,4,4,GGGGTATCCTGGCGCCTAGT,0,2358327
mglBp,0.2,4,4,GGGGGCTGTCTATTCCTTAT,0,2357490
mglBp,0.2,4,4,GGGGGAGTACTGGCGAGCAG,0,2385509
mglBp,0.2,4,4,GGGGCTACATCAGAATGACA,0,2330750
mglBp,0.2,4,4,GGGGCGTACATGTAATCGAA,0,2322709
mglBp,0.2,4,4,GGGGCCAGCACAGATTGAAA,0,2320064
mglBp,0.2,4,4,GGGGCCACCGCAAGTCGCCG,0,2363063
mglBp,0.2,4,4,GGGGATTTAAGCCCGCGTTG,0,2330148
mglBp,0.2,4,4,GGGGAGCTCGGATCATCTGA,0,2409011
mglBp,0.2,4,4,GGGGAATATTCTAAGGGTAT,0,2416075
mglBp,0.2,4,4,GGGCTGTTAGAAAATAGTCA,0,2342381
mglBp,0.2,4,4,GGGCTGGGGCAGGGCGCGGG,0,2324028
mglBp,0.2,4,4,GGGCCCCCTTTCTAATAGGA,0,2356276
mglBp,0.2,4,4,GGGCATTAGACCCCAGCTTT,0,2342011
mglBp,0.2,4,4,GGGCATGTGCCCACTGTCAA,0,2359185
mglBp,0.2,4,4,GGGCATCGTTTCAGGACGGT,0,2346072
mglBp,0.2,4,4,GGGCAGTACGTGAGACGTCA,0,2406461
mglBp,0.2,4,4,GGGATGTCTGTCTCCTAGCC,0,2393359
mglBp,0.2,4,4,GGGATGTATGGACTAAAAAA,0,2319690
mglBp,0.2,4,4,GGGATAGGCACCCGCTCAAT,0,2355755
mglBp,0.2,4,4,GGGAGTATCTTTCATCAACC,0,2385093
mglBp,0.2,4,4,GGGAGCCCGGGGGATTGCCC,0,2339593
mglBp,0.2,4,4,GGGACTCTAGTCCCGCTCAC,0,2349708
mglBp,0.2,4,4,GGGACCATGCGTTCACCAGC,0,2422580
mglBp,0.2,4,4,GGGACATCGCAATGGAATGG,0,2320275
mglBp,0.2,4,4,GGGACAAAGGGACCTGCCCC,0,2405021
mglBp,0.2,4,4,GGGAATTGTGCTGTATCTCT,0,2367141
mglBp,0.2,4,4,GGGAACTGTGTTTCGCTCAA,0,2399129
mglBp,0.2,4,4,GGCTGGTGCACAATTCTCCA,0,2399622
mglBp,0.2,4,4,GGCTGCCGTAGTCTATCGTT,0,2358121
mglBp,0.2,4,4,GGCTGAACGTATTCTGTCTT,0,2396086
mglBp,0.2,4,4,GGCTCATTATGCCGTCGCCA,0,2416744
mglBp,0.2,4,4,GGCTCACTGCTAAGTTTCTT,0,2372700
mglBp,0.2,4,4,GGCTATGGTAGGTAATCTTG,0,2392378
mglBp,0.2,4,4,GGCTAAAAGCACAGTACTTG,0,2416270
mglBp,0.2,4,4,GGCGTAAGCACGTTGCAGCA,0,2420295
mglBp,0.2,4,4,GGCGGCTGACACTTGCATGA,0,2358586
mglBp,0.2,4,4,GGCGGCGTTGTAGTGCACGA,0,2362022
mglBp,0.2,4,4,GGCGGCACAGTCTGTCACTG,0,2343604
mglBp,0.2,4,4,GGCGCAACTCCGAACATGAG,0,2406446
mglBp,0.2,4,4,GGCGATTATGCGAACTTATC,0,2401481
mglBp,0.2,4,4,GGCGATCGCAGTGCAATTTG,0,2399029
mglBp,0.2,4,4,GGCGACGGCGTCCGCGCACC,0,2349789
mglBp,0.2,4,4,GGCGAATCTCGTTATTAGAG,0,2365709
mglBp,0.2,4,4,GGCCTGTCATCATAGCTTCA,0,2344795
mglBp,0.2,4,4,GGCCGTCAGATGACTTTCCA,0,2407265
mglBp,0.2,4,4,GGCCGGAAGTACTCCGGTCG,0,2349944
mglBp,0.2,4,4,GGCCCTGTGGCCGTGCAAAG,0,2417353
mglBp,0.2,4,4,GGCCCTGATTCGAGCTCTGA,0,2328371
mglBp,0.2,4,4,GGCCCTCTACGAGCTATATG,0,2376617
mglBp,0.2,4,4,GGCCCTCGCCTATCGGATTC,0,2374870
mglBp,0.2,4,4,GGCCATTCATATGAGACATG,0,2407426
mglBp,0.2,4,4,GGCCAACATACTTCCCGAGG,0,2413575
mglBp,0.2,4,4,GGCCAAAGTTGAAGCGGGAC,0,2385247
mglBp,0.2,4,4,GGCATGAATGCCCCTCTATC,0,2344286
mglBp,0.2,4,4,GGCAGGTTTCACAGAAACCT,0,2419824
mglBp,0.2,4,4,GGCACGCATTTGCCGCAGGC,0,2379268
mglBp,0.2,4,4,GGCAATGTCTCTCGAGAGCA,0,2364522
mglBp,0.2,4,4,GGCAAGGCTTGTAATATGAA,0,2407641
mglBp,0.2,4,4,GGCAAATAGACGTGATACTT,0,2385338
mglBp,0.2,4,4,GGATTTTCCTAATACCCTCG,0,2325017
mglBp,0.2,4,4,GGATTTGTGGTATCGGCCGA,0,2371391
mglBp,0.2,4,4,GGATTTCGAGGCCTAATTTC,0,2353434
mglBp,0.2,4,4,GGATTGAGGCGGCTACCCGG,0,2318085
mglBp,0.2,4,4,GGATGCCTCCAGGTAGGGTA,0,2349527
mglBp,0.2,4,4,GGATGATTGGCGTAGGGATG,0,2351264
mglBp,0.2,4,4,GGATGACGGCGACGACAGCA,0,2329602
mglBp,0.2,4,4,GGATCTGCTTTGTTTCAACG,0,2395047
mglBp,0.2,4,4,GGATATGCTGGTGCTCCTTT,0,2363461
mglBp,0.2,4,4,GGATAGATGATGCACGGGCA,0,2330078
mglBp,0.2,4,4,GGATACTCTTATCTATTGTT,0,2420250
mglBp,0.2,4,4,GGATACACCAGTACTGAGGA,0,2327791
mglBp,0.2,4,4,GGATAAAGTCCAAAGAGAAC,0,2334221
mglBp,0.2,4,4,GGAGGTGACTGCCGCATCTT,0,2335415
mglBp,0.2,4,4,GGAGGGTCGGATTTTTTATT,0,2414829
mglBp,0.2,4,4,GGAGGCATACGACGCTCGTG,0,2408107
mglBp,0.2,4,4,GGAGGACGTGGTAGACTTAT,0,2360534
mglBp,0.2,4,4,GGAGCAGACGTGCTGGCTAT,0,2381104
mglBp,0.2,4,4,GGAGCACTCTAATGTCTCTT,0,2330165
mglBp,0.2,4,4,GGAGATCCGCCGGTCGAGGA,0,2328377
mglBp,0.2,4,4,GGAGAGGGGATGTGGCGTAA,0,2397271
mglBp,0.2,4,4,GGAGACTACGTAGCCGGACA,0,2357282
mglBp,0.2,4,4,GGACTTCAATCGCCTTCGAC,0,2326081
mglBp,0.2,4,4,GGACTGGCTACCGGAGACAG,0,2329624
mglBp,0.2,4,4,GGACGGCTGCCCGGGTTGTA,0,2341620
mglBp,0.2,4,4,GGACGCTGTAGTCTGAACCT,0,2385472
mglBp,0.2,4,4,GGACGCGCGGTAGAGCTCAT,0,2320277
mglBp,0.2,4,4,GGACGCAGTTGCGCAGCCTC,0,2341238
mglBp,0.2,4,4,GGACCTGGCCTTTGATTCGT,0,2399630
mglBp,0.2,4,4,GGACCGTGGCAGAGCGCAGC,0,2380136
mglBp,0.2,4,4,GGACCCGTTATTACTAGGCA,0,2384063
mglBp,0.2,4,4,GGACCACAGTAGATAACCAG,0,2378758
mglBp,0.2,4,4,GGAATTTTGGCCTGTAGGAC,0,2351543
mglBp,0.2,4,4,GGAATTTCCACTCGGCAGAA,0,2397324
mglBp,0.2,4,4,GGAATTCCGCTACTTACCAT,0,2346561
mglBp,0.2,4,4,GGAATCTTATGAGATCTCCG,0,2394432
mglBp,0.2,4,4,GGAATAGAGATATATGCGTA,0,2404642
mglBp,0.2,4,4,GGAAGGATTTTCAGACCACT,0,2412273
mglBp,0.2,4,4,GGAAGACGGATTGCGTAGGC,0,2391002
mglBp,0.2,4,4,GGAACGGGACGAGTCCCGTA,0,2362514
mglBp,0.2,4,4,GGAACCCGCAACTTCCGATA,0,2317300
mglBp,0.2,4,4,GGAAAACTTCCGACAAGTAT,0,2349088
mglBp,0.2,4,4,GCTTTCGTCGCAATTTTTGT,0,2409520
mglBp,0.2,4,4,GCTTTCGGACTCTTCGAATA,0,2319600
mglBp,0.2,4,4,GCTTTCCGAAGCTCTCTACT,0,2335438
mglBp,0.2,4,4,GCTTTAAGCGAGAACTAGCC,0,2342261
mglBp,0.2,4,4,GCTTGGGACGGCTCCTGTCA,0,2367704
mglBp,0.2,4,4,GCTTCAGTCATGACAGATTA,0,2356748
mglBp,0.2,4,4,GCTTCAATTCGACAATCCCG,0,2370749
mglBp,0.2,4,4,GCTTAGTCAGGCTTTCAAGG,0,2355962
mglBp,0.2,4,4,GCTTAGAATATCAAAGTCCC,0,2417414
mglBp,0.2,4,4,GCTTACGCGAACACTCCTCT,0,2329069
mglBp,0.2,4,4,GCTGTGCTGTCACGGCCGGT,0,2385653
mglBp,0.2,4,4,GCTGGCACCCAGCAAAAGCC,0,2376658
mglBp,0.2,4,4,GCTGCGGAATACGGAAGGAT,0,2397637
mglBp,0.2,4,4,GCTGCCGGAGGATACTCCCT,0,2383693
mglBp,0.2,4,4,GCTGACCAATATCTCACCTG,0,2415215
mglBp,0.2,4,4,GCTCTTATATGTGAGTCGTT,0,2344579
mglBp,0.2,4,4,GCTCTCGTCCGGAATTGTCC,0,2390828
mglBp,0.2,4,4,GCTCTCGGGTCCAAGGCTCG,0,2406569
mglBp,0.2,4,4,GCTCTCATCGCGGGAAAGTT,0,2317044
mglBp,0.2,4,4,GCTCGGCAAGACAACAGAAT,0,2324581
mglBp,0.2,4,4,GCTCCGTATGCTTACCTTCT,0,2386420
mglBp,0.2,4,4,GCTCCATTTTACAAGAATGT,0,2422210
mglBp,0.2,4,4,GCTCCAAGATGGGGATCGTC,0,2408228
mglBp,0.2,4,4,GCTCATGGAGGGCGCGAACT,0,2349922
mglBp,0.2,4,4,GCTCAGCAAAATTTTCGAGT,0,2387187
mglBp,0.2,4,4,GCTCACTTAACGGCGCTCGG,0,2372652
mglBp,0.2,4,4,GCTCACCCGCGCTCGCAGTA,0,2421270
mglBp,0.2,4,4,GCTCAATGATTCCTACGAGT,0,2394900
mglBp,0.2,4,4,GCTATGAGGTATTTCCGCGT,0,2408270
mglBp,0.2,4,4,GCTATATCGTCGAGACGCCA,0,2318945
mglBp,0.2,4,4,GCTAGTCTAGACATCCTGTT,0,2359378
mglBp,0.2,4,4,GCTAGGGAGCCGGGCTATAA,0,2403801
mglBp,0.2,4,4,GCTAACAACATCCCTGCTGT,0,2382634
mglBp,0.2,4,4,GCGTTTAGGGCGAAAGCATC,0,2420791
mglBp,0.2,4,4,GCGTTCGGAATGACCAGGCT,0,2328626
mglBp,0.2,4,4,GCGTGTTCAGCCTATCGTGG,0,2319119
mglBp,0.2,4,4,GCGTGCATATCGGATCGTTA,0,2418979
mglBp,0.2,4,4,GCGTGCAAGATAGTGGGGGT,0,2404094
mglBp,0.2,4,4,GCGTCATCCGTAGAGATAGA,0,2325950
mglBp,0.2,4,4,GCGTAGCTGTGGACCTATTA,0,2406467
mglBp,0.2,4,4,GCGTAGCCAATATAGTATGT,0,2415164
mglBp,0.2,4,4,GCGGTTTAGCAATGGCTACG,0,2318208
mglBp,0.2,4,4,GCGGTCGGGGCGATCATTGA,0,2362655
mglBp,0.2,4,4,GCGGTAGTGAAAAACCACGA,0,2402956
mglBp,0.2,4,4,GCGGGTGGGCCAACCTGGAT,0,2411714
mglBp,0.2,4,4,GCGGGTCGGGTCTCCGCACA,0,2409285
mglBp,0.2,4,4,GCGGGGGAATAGTTATGATT,0,2356875
mglBp,0.2,4,4,GCGGGCCTGACATTTAGAGA,0,2340674
mglBp,0.2,4,4,GCGGCTCTACCTTATTAGCG,0,2404620
mglBp,0.2,4,4,GCGGCGCGCTTCAAGAGTAA,0,2339702
mglBp,0.2,4,4,GCGGCGCCTATTGGAGGATC,0,2372002
mglBp,0.2,4,4,GCGGAGGCGCTGCGCCAATT,0,2343547
mglBp,0.2,4,4,GCGGAGACGCCAGCATATTC,0,2340430
mglBp,0.2,4,4,GCGGACGCCTGACATCTAAC,0,2410239
mglBp,0.2,4,4,GCGGAATCTCGGCGTACAGT,0,2418222
mglBp,0.2,4,4,GCGGAACGGAAGCCTTGAGT,0,2401979
mglBp,0.2,4,4,GCGCTATGCGACCGGGAACA,0,2324895
mglBp,0.2,4,4,GCGCGGCTTCCGTAAGTGTC,0,2396967
mglBp,0.2,4,4,GCGCCGTGGTGGTACCGAAT,0,2392466
mglBp,0.2,4,4,GCGCCATCAGTTGGAAAGGG,0,2373751
mglBp,0.2,4,4,GCGCAGAGCTACGGAGCGCT,0,2390244
mglBp,0.2,4,4,GCGCACCCCTTGGGTATAGC,0,2374317
mglBp,0.2,4,4,GCGCACCAAATACATTAGGT,0,2323231
mglBp,0.2,4,4,GCGCAATAGTAGCTGCACAT,0,2324098
mglBp,0.2,4,4,GCGATCTAGCACAGTGCCCC,0,2339825
mglBp,0.2,4,4,GCGAGTGCCGGTTAATAGCG,0,2330356
mglBp,0.2,4,4,GCGAACCTTGTTAAATTTAC,0,2419151
mglBp,0.2,4,4,GCGAAAATTCGATGGCCGGA,0,2397657
mglBp,0.2,4,4,GCGAAAACCTATCGGTAGAG,0,2326656
mglBp,0.2,4,4,GCCTTCTCTTCCGGGTACGC,0,2320270
mglBp,0.2,4,4,GCCTTCGAACCATGCACACG,0,2371293
mglBp,0.2,4,4,GCCTGATTCGATTTATGCGA,0,2360291
mglBp,0.2,4,4,GCCTCTCTTTGAAAGGGTGT,0,2421309
mglBp,0.2,4,4,GCCTCCACGAGATAAGCTCC,0,2379316
mglBp,0.2,4,4,GCCTAAACAACGATCTTCGT,0,2337693
mglBp,0.2,4,4,GCCGTTGTCTCAGAAGCCAC,0,2345420
mglBp,0.2,4,4,GCCGGTTGAAAATTTCCGGG,0,2397680
mglBp,0.2,4,4,GCCGGTGCTGAAGTAGCAGA,0,2337077
mglBp,0.2,4,4,GCCGGTGATGCGAGGGGATC,0,2378685
mglBp,0.2,4,4,GCCGCTTTAGAACTGGTGTT,0,2398902
mglBp,0.2,4,4,GCCGCGTAGACTAAGACCTC,0,2402271
mglBp,0.2,4,4,GCCGCCAAGTACGAAAGGCT,0,2318281
mglBp,0.2,4,4,GCCGCATGACGGATTGTTGC,0,2364743
mglBp,0.2,4,4,GCCGCATACATCGAGTACAC,0,2372889
mglBp,0.2,4,4,GCCGCAAGTCGTCCACATGT,0,2344350
mglBp,0.2,4,4,GCCGAATTTTAATAGGTACT,0,2385003
mglBp,0.2,4,4,GCCGAAGGCGAATCTAGTCG,0,2341236
mglBp,0.2,4,4,GCCCTTTTGTCAACAGGAAC,0,2366368
mglBp,0.2,4,4,GCCCGGTAGGAATGGGGAGA,0,2364867
mglBp,0.2,4,4,GCCCATGCGCATGACGTATC,0,2328065
mglBp,0.2,4,4,GCCCAGTCCGCCTAAATCTA,0,2408939
mglBp,0.2,4,4,GCCCAGCGCCACCACAATCA,0,2323859
mglBp,0.2,4,4,GCCCAGACTACAAATTGGCG,0,2317662
mglBp,0.2,4,4,GCCCAAGGTTTATACAACTA,0,2379366
mglBp,0.2,4,4,GCCAGGCGCTCGTTTGCAGA,0,2365646
mglBp,0.2,4,4,GCCAGCTTAGTGTCGTACTT,0,2365148
mglBp,0.2,4,4,GCCACGTAGTCTTGACCTAG,0,2328275
mglBp,0.2,4,4,GCCAATAAAAACTCTCAGTA,0,2372915
mglBp,0.2,4,4,GCCAAAGCCACTCCTAGAAG,0,2415769
mglBp,0.2,4,4,GCATTTCGGATATATTAAGG,0,2400846
mglBp,0.2,4,4,GCATTGCCGCCAATAAGGGG,0,2394503
mglBp,0.2,4,4,GCATTAACAGTTAGAGGAAG,0,2327422
mglBp,0.2,4,4,GCATGGTATCTATTACGCGA,0,2317203
mglBp,0.2,4,4,GCATGGATTCATGTGAGTTC,0,2319022
mglBp,0.2,4,4,GCATGCGAGGGACGGGCGGC,0,2354416
mglBp,0.2,4,4,GCATGCGACCTGCCGCATGG,0,2423053
mglBp,0.2,4,4,GCATGCAGTGGGAACTATTG,0,2317973
mglBp,0.2,4,4,GCATGAGTGCGTGTTAATTG,0,2363473
mglBp,0.2,4,4,GCATAGGGCGTCCTAGACTG,0,2406642
mglBp,0.2,4,4,GCATAAGCCTTTCATTAACA,0,2418074
mglBp,0.2,4,4,GCAGTCGTGCTAAACGGGGG,0,2337420
mglBp,0.2,4,4,GCAGTACGACTCTTTTACAA,0,2358200
mglBp,0.2,4,4,GCAGGGAACCATTGTTAGAT,0,2350399
mglBp,0.2,4,4,GCAGGACTCCGTAGTTTTGG,0,2321432
mglBp,0.2,4,4,GCAGCATCGAACTATGGTTA,0,2392181
mglBp,0.2,4,4,GCAGCACTGGGAGAAATGGT,0,2331111
mglBp,0.2,4,4,GCAGATTTACTTAGTGTTTG,0,2380933
mglBp,0.2,4,4,GCAGATCCAAAGGCCCGGAT,0,2319007
mglBp,0.2,4,4,GCAGAATGAGTGCGGTTGCA,0,2410658
mglBp,0.2,4,4,GCAGAACTGGTTGTTCAGCA,0,2395135
mglBp,0.2,4,4,GCAGAACTCCCCAACGGTAT,0,2317584
mglBp,0.2,4,4,GCAGAACACATTCCCTGCTG,0,2422874
mglBp,0.2,4,4,GCACTTATCCGTGTTAAGAC,0,2385380
mglBp,0.2,4,4,GCACTTAAGATACTATTATG,0,2363986
mglBp,0.2,4,4,GCACTGCGACCCCTGCGCGC,0,2407867
mglBp,0.2,4,4,GCACTCCACTACAGTCGATA,0,2357187
mglBp,0.2,4,4,GCACGTTCTGGCGCCAAGTA,0,2366386
mglBp,0.2,4,4,GCACGGTACCCAGAACCAAA,0,2390180
mglBp,0.2,4,4,GCACGGCCACATACCGAGCA,0,2344730
mglBp,0.2,4,4,GCACGCGAAGGAGAGTGGAC,0,2369577
mglBp,0.2,4,4,GCACCCGGTTCACTCGTCAT,0,2360093
mglBp,0.2,4,4,GCACACGATTAAAGAGTTAC,0,2408084
mglBp,0.2,4,4,GCACACAGTTGTGGGCAAAA,0,2358700
mglBp,0.2,4,4,GCAATTTGTACTCTTCCAAG,0,2418898
mglBp,0.2,4,4,GCAATCTAATCACGCATCTC,0,2392990
mglBp,0.2,4,4,GCAACTGCGTTCTCAAAAGT,0,2395375
mglBp,0.2,4,4,GCAACGAATGCTTAGCACTA,0,2328291
mglBp,0.2,4,4,GCAACAGTATTTAATCGAGC,0,2341758
mglBp,0.2,4,4,GCAAATGGTCAACAGGTCTA,0,2383537
mglBp,0.2,4,4,GCAAAGGTCCAGCTCGGGTG,0,2352539
mglBp,0.2,4,4,GCAAACAACTCGCCTTGGGT,0,2336882
mglBp,0.2,4,4,GATTTACGCCTCGATCTGTG,0,2394833
mglBp,0.2,4,4,GATTTAAAGTAGACGGTCGT,0,2399689
mglBp,0.2,4,4,GATTGTTATGCACTGCTAAC,0,2355009
mglBp,0.2,4,4,GATTGTGGACCGAACTCTAA,0,2404873
mglBp,0.2,4,4,GATTGTAGAATGTTCTGCAA,0,2361238
mglBp,0.2,4,4,GATTGCAGAGTAGTGGTGTG,0,2384547
mglBp,0.2,4,4,GATTGACCGGCCTATGGTAT,0,2418461
mglBp,0.2,4,4,GATTCTTACTACCTGACCAA,0,2324634
mglBp,0.2,4,4,GATTATAGGGACTAAAAAGG,0,2337343
mglBp,0.2,4,4,GATTAGTCTTCAAGACGAAA,0,2397796
mglBp,0.2,4,4,GATGTTTCGTGCCAGAATGT,0,2396869
mglBp,0.2,4,4,GATGTGTTTGCGGGACATGA,0,2401864
mglBp,0.2,4,4,GATGTGGCTACCAGAGTACT,0,2409869
mglBp,0.2,4,4,GATGGTTAGCCCGAAGCCCG,0,2348671
mglBp,0.2,4,4,GATGGTAGTAACGGGGGTAA,0,2379430
mglBp,0.2,4,4,GATGGGCAACCTCCGCCTTC,0,2344654
mglBp,0.2,4,4,GATGGCCGCCACCCTCAGTG,0,2352560
mglBp,0.2,4,4,GATGGCATGGCGCGTTAACT,0,2338297
mglBp,0.2,4,4,GATGGATCCCGGGTTTACTT,0,2330421
mglBp,0.2,4,4,GATGGACGGAATTTCTGTCA,0,2324124
mglBp,0.2,4,4,GATGCGTATGACAAAGAGTT,0,2344793
mglBp,0.2,4,4,GATGCCATATGATGGGATCT,0,2393477
mglBp,0.2,4,4,GATGACGATTATGACGAGGT,0,2408638
mglBp,0.2,4,4,GATGACCTAAGCCGTTCCAA,0,2401320
mglBp,0.2,4,4,GATCTTTTAACTGTATTCCC,0,2377131
mglBp,0.2,4,4,GATCTTAGGGGAAAACGGGA,0,2327428
mglBp,0.2,4,4,GATCTGACCGATAACTCGAC,0,2386967
mglBp,0.2,4,4,GATCTCGTACCAGAACGCGA,0,2328167
mglBp,0.2,4,4,GATCTAGATTAGGTACGCGA,0,2348564
mglBp,0.2,4,4,GATCGTTTTCTCATTGCGAG,0,2380964
mglBp,0.2,4,4,GATCGTATGCGGTAGATTGT,0,2418190
mglBp,0.2,4,4,GATCGGTAAAACCGGTGATC,0,2388273
mglBp,0.2,4,4,GATCGAATGATCTTACAGAG,0,2368540
mglBp,0.2,4,4,GATCCCCAATCCTGCTTCGC,0,2416469
mglBp,0.2,4,4,GATCCATTGAATGTCCAGTT,0,2396308
mglBp,0.2,4,4,GATCCATCTCGATAGTTAGC,0,2397767
mglBp,0.2,4,4,GATCCACCAAAAAAGTATGT,0,2360747
mglBp,0.2,4,4,GATCCAATGTGGGGGGTCTA,0,2348994
mglBp,0.2,4,4,GATCCAACAAAATTAGGTTT,0,2418903
mglBp,0.2,4,4,GATCAGCGCTGCGATTACGG,0,2392609
mglBp,0.2,4,4,GATCAGAGGGGAAACGTGGA,0,2389656
mglBp,0.2,4,4,GATCAATTGCGTTGTGAAGC,0,2336795
mglBp,0.2,4,4,GATCAACGCAGATCCGACCT,0,2358851
mglBp,0.2,4,4,GATCAAACGTTATTAGATCT,0,2378525
mglBp,0.2,4,4,GATAGCTATAAATCGTTTGC,0,2352866
mglBp,0.2,4,4,GATAGAGATTAGCGGATGCT,0,2407926
mglBp,0.2,4,4,GATAAGTGCGACGCCATACG,0,2419446
mglBp,0.2,4,4,GATAAGCGGAGATCGATCCA,0,2402183
mglBp,0.2,4,4,GATAACTTATGTAGATCCCC,0,2402480
mglBp,0.2,4,4,GATAACGTATCTAGGCGTGT,0,2328129
mglBp,0.2,4,4,GATAAAGCCGAGGAGGACCT,0,2399046
mglBp,0.2,4,4,GAGTTTGGGAGGCGCTAGAG,0,2353590
mglBp,0.2,4,4,GAGTTTATCTTTTGTTCGGG,0,2321133
mglBp,0.2,4,4,GAGTTGGTAAATCGTCTTAA,0,2401797
mglBp,0.2,4,4,GAGTGGCGCATGTGTGGTAT,0,2344952
mglBp,0.2,4,4,GAGTGCCAAAGCGACGCGCG,0,2353478
mglBp,0.2,4,4,GAGTGAGCGATTAGTAGCAT,0,2339028
mglBp,0.2,4,4,GAGTCGTGAAAAATGTGGGT,0,2333019
mglBp,0.2,4,4,GAGTCGGTGCGTTTATAACA,0,2377769
mglBp,0.2,4,4,GAGTCCGAAGCCCACGTACT,0,2407571
mglBp,0.2,4,4,GAGTAGGTCTGTACGGCTTG,0,2413084
mglBp,0.2,4,4,GAGTACAATAATGGGCAGCG,0,2356654
mglBp,0.2,4,4,GAGGTTGCGACTTCCGTACT,0,2362613
mglBp,0.2,4,4,GAGGTGTTCAAAGTCCGGAA,0,2377543
mglBp,0.2,4,4,GAGGTGGGTATAAATCACGA,0,2415589
mglBp,0.2,4,4,GAGGGAATCCCAAACGCCTA,0,2362239
mglBp,0.2,4,4,GAGGCTTACGCTCTGGTTAG,0,2346037
mglBp,0.2,4,4,GAGGCCGCGATGCCTCCGCC,0,2384182
mglBp,0.2,4,4,GAGGATCATCTTCACGTCAC,0,2329350
mglBp,0.2,4,4,GAGGAGGGGCCGGGCATTCT,0,2357319
mglBp,0.2,4,4,GAGGAAGCCAGCCATTAACT,0,2370127
mglBp,0.2,4,4,GAGCTTGGTCAGGCTTCAGC,0,2399974
mglBp,0.2,4,4,GAGCTTAAAGTGGATAAGAA,0,2381415
mglBp,0.2,4,4,GAGCTGTGTAATCCTCAGTC,0,2336239
mglBp,0.2,4,4,GAGCTGAAGTATCTAGAGTC,0,2408974
mglBp,0.2,4,4,GAGCTCTTTGGCGAAAGGAA,0,2327004
mglBp,0.2,4,4,GAGCGTGGTCAAATGCTGGA,0,2365752
mglBp,0.2,4,4,GAGCGTATGATCGAGCCCAT,0,2350568
mglBp,0.2,4,4,GAGCGGATTCTGACAAGGTT,0,2384335
mglBp,0.2,4,4,GAGCGCCGGGCGGTTGAGCA,0,2413189
mglBp,0.2,4,4,GAGCGCATTTGTTCGTGGTA,0,2317436
mglBp,0.2,4,4,GAGCCAAATACTACGACCTA,0,2319460
mglBp,0.2,4,4,GAGCATCACCAGGTAACTGA,0,2390337
mglBp,0.2,4,4,GAGCAGATGTCTATGCCGGA,0,2388142
mglBp,0.2,4,4,GAGATGGGGGGCGCGGCTTT,0,2329219
mglBp,0.2,4,4,GAGATGGGCGAGATTATACT,0,2335965
mglBp,0.2,4,4,GAGAGCAACGCGCTCCTCCC,0,2326960
mglBp,0.2,4,4,GAGACGTGCCAGAAGAGCTA,0,2419445
mglBp,0.2,4,4,GAGACGAGTAGTTGCATGGA,0,2343462
mglBp,0.2,4,4,GAGACAAAGGTGTTACCATT,0,2384077
mglBp,0.2,4,4,GAGAACTATGCCAGGAAAAC,0,2363411
mglBp,0.2,4,4,GAGAACAGCAACTACTGGGG,0,2360452
mglBp,0.2,4,4,GACTTCACACTAGCGACACC,0,2386847
mglBp,0.2,4,4,GACTGTAGCCGTATCCATTA,0,2332513
mglBp,0.2,4,4,GACTGATCGCCTGCTTGACT,0,2371466
mglBp,0.2,4,4,GACTGAGGAGTAGTCTCTCT,0,2402632
mglBp,0.2,4,4,GACTCTGACCGGTCGTCGGT,0,2378191
mglBp,0.2,4,4,GACTCGAGAGTAGCCTATGA,0,2347607
mglBp,0.2,4,4,GACTAGAGTAGATCGGTCAG,0,2417181
mglBp,0.2,4,4,GACTACTCGAATATTGGTCA,0,2345449
mglBp,0.2,4,4,GACGTTCTCCAGTTATTAGC,0,2374664
mglBp,0.2,4,4,GACGCGATATTTCCGATATA,0,2412449
mglBp,0.2,4,4,GACGATGCGCTGCCGCAACT,0,2317758
mglBp,0.2,4,4,GACGAGGGCTAGGGGTAACA,0,2354969
mglBp,0.2,4,4,GACCTCTCATCAGGCCGCTC,0,2415811
mglBp,0.2,4,4,GACCGGCTGATTTGGCCCCA,0,2368036
mglBp,0.2,4,4,GACCGCGGTTAGTTCTAAAT,0,2349948
mglBp,0.2,4,4,GACCGCCTATTGTAAGCTGG,0,2391451
mglBp,0.2,4,4,GACCGAGAGGAGCCGAGCGC,0,2358739
mglBp,0.2,4,4,GACCGACGCCAGTTCGTTAT,0,2379051
mglBp,0.2,4,4,GACCCTCATAACCGTACAAA,0,2389426
mglBp,0.2,4,4,GACCAATAGGGTCTTGGACA,0,2411052
mglBp,0.2,4,4,GACACTTACAGGTACAGCAG,0,2361532
mglBp,0.2,4,4,GACACGATTTCTCTACCTCA,0,2421399
mglBp,0.2,4,4,GACACAACTAGACTTTACAG,0,2350274
mglBp,0.2,4,4,GACAACCCGCATTGCATTGG,0,2389559
mglBp,0.2,4,4,GACAAACATTATTTAGACTG,0,2374891
mglBp,0.2,4,4,GAATTTCGTGAAGACTCGGT,0,2415739
mglBp,0.2,4,4,GAATTTACATACCTAAGATA,0,2340312
mglBp,0.2,4,4,GAATTGCAAGCGGACTGTCT,0,2340489
mglBp,0.2,4,4,GAATGGTAGAATAGACTCCA,0,2390054
mglBp,0.2,4,4,GAATGGGCAGAGAATACGAT,0,2401653
mglBp,0.2,4,4,GAATGGCGGGAGCGCGTAAA,0,2415517
mglBp,0.2,4,4,GAATGGAGGAAGCCAGACCG,0,2352251
mglBp,0.2,4,4,GAATCTTACACAATCAAAGT,0,2416500
mglBp,0.2,4,4,GAATCTACCACCCCGGATCA,0,2329351
mglBp,0.2,4,4,GAATCCCTGTAACGGATCGA,0,2320098
mglBp,0.2,4,4,GAATCAGTGGGGGTGAGTGT,0,2318517
mglBp,0.2,4,4,GAATATCAACTGGCGCTTGA,0,2379731
mglBp,0.2,4,4,GAATACCTTTAGGAACTCTA,0,2364370
mglBp,0.2,4,4,GAATAAAGGGGCCGAACAAT,0,2368005
mglBp,0.2,4,4,GAAGTTGAACTTTCCTATAA,0,2392738
mglBp,0.2,4,4,GAAGTGGACAGAGTCTTTTT,0,2391651
mglBp,0.2,4,4,GAAGTATTTCTTCGCGGCAT,0,2321558
mglBp,0.2,4,4,GAAGGTACGTCCCGTTGGGG,0,2328687
mglBp,0.2,4,4,GAAGGCGATAGACTGCTTTT,0,2349464
mglBp,0.2,4,4,GAAGGCCCGACATCGGGAAA,0,2387312
mglBp,0.2,4,4,GAAGGACTACTTTCCATAGG,0,2418336
mglBp,0.2,4,4,GAAGCTCGTGCCGCCAGTCA,0,2319793
mglBp,0.2,4,4,GAAGCTATACGAAACGGGAG,0,2382812
mglBp,0.2,4,4,GAAGCAGCTCAGTCCCCTCC,0,2395453
mglBp,0.2,4,4,GAAGAGATCGACCATCACTA,0,2347896
mglBp,0.2,4,4,GAAGACTTTCAGAACGTCGC,0,2380059
mglBp,0.2,4,4,GAACTTATTCCCCCATTCTG,0,2354028
mglBp,0.2,4,4,GAACGGAGCCGTGGTACTAC,0,2419616
mglBp,0.2,4,4,GAACGCGCATCCGTACAATA,0,2381464
mglBp,0.2,4,4,GAACGATAAACGGCCCCCCA,0,2390182
mglBp,0.2,4,4,GAACCCGTGACCGCGTTGAC,0,2407586
mglBp,0.2,4,4,GAACATTCGACTGGTTGTTA,0,2371511
mglBp,0.2,4,4,GAACATGGTACAAAAGTATC,0,2367640
mglBp,0.2,4,4,GAACATGCACGGGATTCACA,0,2321972
mglBp,0.2,4,4,GAACAGGAGGACCTCGCCTT,0,2414885
mglBp,0.2,4,4,GAACAACGTTCTTTCGGTAA,0,2333838
mglBp,0.2,4,4,GAAATTTTCGTTCGTACTCT,0,2316431
mglBp,0.2,4,4,GAAATTTGGGTGCTTCAAAG,0,2339042
mglBp,0.2,4,4,GAAATGTTCAGTGATCTGTC,0,2359485
mglBp,0.2,4,4,GAAATGCCACGCGTTATGGT,0,2354051
mglBp,0.2,4,4,GAAAGTAGCTTTCCCAAGCC,0,2358566
mglBp,0.2,4,4,GAAAGTACATGGTAGCGGTA,0,2421851
mglBp,0.2,4,4,GAAAGGTACTCTTCAGCCGA,0,2406529
mglBp,0.2,4,4,GAAAGGAGAAGACTGGTGGG,0,2352333
mglBp,0.2,4,4,GAAAGACTTCGCGTTGACTA,0,2414926
mglBp,0.2,4,4,GAAACCTGGAGAATACGGCC,0,2404633
mglBp,0.2,4,4,GAAACACGGTAGTCGGCCGA,0,2415182
mglBp,0.2,4,4,GAAACAAGGCACATTCACCT,0,2318772
mglBp,0.2,4,4,GAAAAGATGGACGCCAGAGG,0,2415882
mglBp,0.2,4,4,GAAAAAGAATTAGGAAGCGT,0,2343517
mglBp,0.2,4,4,CTTTTTCAGTACGAGGTCCA,0,2415944
mglBp,0.2,4,4,CTTTTTAACCCCGTTTGATG,0,2390124
mglBp,0.2,4,4,CTTTTGCATCGGATTAATAC,0,2408457
mglBp,0.2,4,4,CTTTTGACGTTTGATCGCAT,0,2354832
mglBp,0.2,4,4,CTTTGGTCGGCGTGAGAAAA,0,2359021
mglBp,0.2,4,4,CTTTGAAGTATGGTCCAGCT,0,2360996
mglBp,0.2,4,4,CTTTCGATTGCATGGGCACT,0,2347859
mglBp,0.2,4,4,CTTTAGGTCCCCGTAGAGAC,0,2320986
mglBp,0.2,4,4,CTTTAGGCTTGCAACGCGTA,0,2317299
mglBp,0.2,4,4,CTTTAGCTTCACTGACCTCG,0,2395233
mglBp,0.2,4,4,CTTGTCCGCCGGCCCGGGGT,0,2317429
mglBp,0.2,4,4,CTTGCGTTGATCGTGTTGCA,0,2376337
mglBp,0.2,4,4,CTTGAGAATCGAGGACGGTA,0,2354299
mglBp,0.2,4,4,CTTCTCTAACAGCCCGACTG,0,2423516
mglBp,0.2,4,4,CTTCTAGCGACTTCGTCAGC,0,2326427
mglBp,0.2,4,4,CTTCTACTAATGTAGCCCGG,0,2349793
mglBp,0.2,4,4,CTTCGGGGGAAAGGAAGATA,0,2379377
mglBp,0.2,4,4,CTTCGGATGGGGTGTAGAGT,0,2416941
mglBp,0.2,4,4,CTTCCTTAGTCGTCCCGGGG,0,2340203
mglBp,0.2,4,4,CTTCCGGTTCTCAGGGTTAG,0,2387049
mglBp,0.2,4,4,CTTCCGCGTAATAATCTGGT,0,2377661
mglBp,0.2,4,4,CTTCCCATTTTCCCGGCATT,0,2412130
mglBp,0.2,4,4,CTTATTTGCTCGTTGTGTGT,0,2380785
mglBp,0.2,4,4,CTTATTTCGCGGTAGGTGAA,0,2418395
mglBp,0.2,4,4,CTTATTCATACCAACATATG,0,2375030
mglBp,0.2,4,4,CTTATAGTACACATTAGCAA,0,2372695
mglBp,0.2,4,4,CTTATAGCAAGGTTTCTGAA,0,2350301
mglBp,0.2,4,4,CTTAGTATGAGACGAGGGAT,0,2342832
mglBp,0.2,4,4,CTTAGGTGGGCTAGAATTGG,0,2413299
mglBp,0.2,4,4,CTTAGCTAGCATGCCAAAGT,0,2408092
mglBp,0.2,4,4,CTTAGAGAGAAGACCAAGGA,0,2338203
mglBp,0.2,4,4,CTTACATGCAACATAAGGGG,0,2382264
mglBp,0.2,4,4,CTTAACATTGTTCCTCAGCA,0,2352908
mglBp,0.2,4,4,CTTAAACGCTCTAACGCAGT,0,2410714
mglBp,0.2,4,4,CTTAAACAGTATCGCGTGGA,0,2361366
mglBp,0.2,4,4,CTGTTGATTTCTCGGAATTT,0,2388364
mglBp,0.2,4,4,CTGTTCGGTATCTGTGCGTG,0,2405677
mglBp,0.2,4,4,CTGTTCACCGGAGGGCCGAA,0,2414628
mglBp,0.2,4,4,CTGTTACCATCTGTTAGAAC,0,2387996
mglBp,0.2,4,4,CTGTTAACAAGCCCTCAGGA,0,2329191
mglBp,0.2,4,4,CTGTGTTTACGCAGGTATAT,0,2402275
mglBp,0.2,4,4,CTGTGCCCGGTATAAGGACC,0,2397634
mglBp,0.2,4,4,CTGTGATCCGGCTTAGTCAT,0,2389340
mglBp,0.2,4,4,CTGTCTTTGAGGTAAGGCTA,0,2325274
mglBp,0.2,4,4,CTGTCTGACAGGGAATCGTT,0,2342031
mglBp,0.2,4,4,CTGTCTCAGATCGTGAGTTC,0,2321100
mglBp,0.2,4,4,CTGTCGCTAGAACTTGTATA,0,2326143
mglBp,0.2,4,4,CTGTATTCTACGCGCAGTAC,0,2330442
mglBp,0.2,4,4,CTGTAAAATGTACAATATGA,0,2331374
mglBp,0.2,4,4,CTGGTTGTGATCGGCGGCCA,0,2351711
mglBp,0.2,4,4,CTGGTGGATATGGCCAATGA,0,2334812
mglBp,0.2,4,4,CTGGTCCGAGGCTGACTTCC,0,2407011
mglBp,0.2,4,4,CTGGGGGTTTTTCCGATGCC,0,2371388
mglBp,0.2,4,4,CTGGGCCGTTCACAAAACCT,0,2392056
mglBp,0.2,4,4,CTGGGCACCGGTTAGCGCAT,0,2346316
mglBp,0.2,4,4,CTGGGCACCAATTTATTCAT,0,2374988
mglBp,0.2,4,4,CTGGGACTCGGTCTTTGGGC,0,2351601
mglBp,0.2,4,4,CTGGCCGCGGCCTAATCATA,0,2406460
mglBp,0.2,4,4,CTGGCCGCCCCCAAATTCGA,0,2336788
mglBp,0.2,4,4,CTGGCCAGTATACGCAGATA,0,2385497
mglBp,0.2,4,4,CTGGCAGGAGATGGACTTCC,0,2361143
mglBp,0.2,4,4,CTGGCACCAGGGTTACAGGT,0,2419749
mglBp,0.2,4,4,CTGGCAACATGCGGCGAATT,0,2328146
mglBp,0.2,4,4,CTGGAGGGCCTCCTTATTAC,0,2376455
mglBp,0.2,4,4,CTGGAATAAACCCAGACTTC,0,2372660
mglBp,0.2,4,4,CTGCTTAAGGTTGCGGAGCA,0,2334788
mglBp,0.2,4,4,CTGCTAGCGCTTCCTAGTAT,0,2386499
mglBp,0.2,4,4,CTGCGGGGGACGGAAGTTTC,0,2346867
mglBp,0.2,4,4,CTGCGACCGCCTAATCGTTC,0,2374716
mglBp,0.2,4,4,CTGCCTACCACTAATAGTAT,0,2353839
mglBp,0.2,4,4,CTGCCGACAGGTAGTAATAG,0,2363223
mglBp,0.2,4,4,CTGCCAGCTCATCTGAGCAG,0,2414414
mglBp,0.2,4,4,CTGCCAGCGAATCGCACGGA,0,2364675
mglBp,0.2,4,4,CTGCCACTACGGCCGAGAAA,0,2319589
mglBp,0.2,4,4,CTGCAATGCTTTAGCCGGCT,0,2423547
mglBp,0.2,4,4,CTGATCTACCAATTCGAACA,0,2405913
mglBp,0.2,4,4,CTGATCCGATCATATCGAAA,0,2381764
mglBp,0.2,4,4,CTGAGCTAGAGCGTACAGTG,0,2392178
mglBp,0.2,4,4,CTGAGCGAGATTAATATATC,0,2371461
mglBp,0.2,4,4,CTGACCGATTTTTGGATTAC,0,2352331
mglBp,0.2,4,4,CTGACCAACTCGAGCCACCG,0,2320438
mglBp,0.2,4,4,CTGACAAGTGCCTCGTTGGG,0,2396528
mglBp,0.2,4,4,CTGAAGTTATAAATTTCCCT,0,2345318
mglBp,0.2,4,4,CTCTGTTGAAGGTGCGGGAC,0,2380234
mglBp,0.2,4,4,CTCTGACGGGTCATCACATG,0,2414376
mglBp,0.2,4,4,CTCTCGTAGCAGCTTATTCA,0,2390806
mglBp,0.2,4,4,CTCTCGAAATCATGCAGAGA,0,2330010
mglBp,0.2,4,4,CTCTATCTTCCTTGCGTAGC,0,2402720
mglBp,0.2,4,4,CTCTAGGAACGCGCTTTTGG,0,2335711
mglBp,0.2,4,4,CTCTAATAACAATGGGCTGT,0,2415200
mglBp,0.2,4,4,CTCTAACTGACAATTGGAAC,0,2319142
mglBp,0.2,4,4,CTCGTAGACTTCGCTGTTTC,0,2397598
mglBp,0.2,4,4,CTCGGGCTGCACTGTGCTTG,0,2352676
mglBp,0.2,4,4,CTCGGGAAATTAAGTGGGAT,0,2317292
mglBp,0.2,4,4,CTCGGCGTGAAAACACGGAG,0,2359838
mglBp,0.2,4,4,CTCGGCCTGGTTTGGAGTTA,0,2407347
mglBp,0.2,4,4,CTCGGCCGTCTGCGCGTGAC,0,2370529
mglBp,0.2,4,4,CTCGGAGCCGTCATTTGCGG,0,2348382
mglBp,0.2,4,4,CTCGGAGACAACTGCAAATT,0,2363651
mglBp,0.2,4,4,CTCGCGCTGAACACAAGGGG,0,2367735
mglBp,0.2,4,4,CTCGCCGGTCTCGGAGATAT,0,2378542
mglBp,0.2,4,4,CTCGCCATTAGTTCTTCATG,0,2408047
mglBp,0.2,4,4,CTCGATTAAATTGGAATCCT,0,2380469
mglBp,0.2,4,4,CTCCTAGTTTTGGCATCCGT,0,2337981
mglBp,0.2,4,4,CTCCGTCCCGCGCTGGCGCG,0,2388307
mglBp,0.2,4,4,CTCCGCTTTTCTCTGGTCCT,0,2351918
mglBp,0.2,4,4,CTCCGCGTGAAGACTACTCT,0,2400704
mglBp,0.2,4,4,CTCCGCAATGCTCGCGCATT,0,2346789
mglBp,0.2,4,4,CTCCCGGCATTCAGGATGCA,0,2380023
mglBp,0.2,4,4,CTCCCACGTCTATTGACGTT,0,2397840
mglBp,0.2,4,4,CTCCAGCTTTCCTAATACCT,0,2387747
mglBp,0.2,4,4,CTCATGGTTTAATTAATTAT,0,2317016
mglBp,0.2,4,4,CTCATCGTTTGTGTTACATC,0,2366399
mglBp,0.2,4,4,CTCAGAAGGCGATTGCCTCA,0,2359441
mglBp,0.2,4,4,CTCACTGGTCATATCTCTTA,0,2329620
mglBp,0.2,4,4,CTCACGATGTGACATTGGTT,0,2372905
mglBp,0.2,4,4,CTCACGAACACGCGTCGCGC,0,2403550
mglBp,0.2,4,4,CTCACCTTCGATGTTGCCAT,0,2351316
mglBp,0.2,4,4,CTCACCCCGTTTAAAAAGCT,0,2382797
mglBp,0.2,4,4,CTCACATACATATGATCGTT,0,2324661
mglBp,0.2,4,4,CTCACACGGATCTCGCATCG,0,2329152
mglBp,0.2,4,4,CTATTGTCCAACGCCGAGCG,0,2360778
mglBp,0.2,4,4,CTATTAGTATTCTCTATTCC,0,2366313
mglBp,0.2,4,4,CTATGTTTGCAGGCACGTTG,0,2390142
mglBp,0.2,4,4,CTATGAAACCCGCGTTCAAG,0,2408706
mglBp,0.2,4,4,CTATCGCCGTGACTATTCTC,0,2414460
mglBp,0.2,4,4,CTATCGCAACGTGAAATGTG,0,2418104
mglBp,0.2,4,4,CTATCAACCCACAGTCTTGG,0,2378019
mglBp,0.2,4,4,CTATATAAAACAGTAATCCA,0,2402132
mglBp,0.2,4,4,CTATAACCGTTCGCAATATG,0,2361580
mglBp,0.2,4,4,CTAGTTTTACGAAATAAAGG,0,2389433
mglBp,0.2,4,4,CTAGTTGATGCGTGCCAATA,0,2378478
mglBp,0.2,4,4,CTAGTAGGCACCGGTAGGTC,0,2402962
mglBp,0.2,4,4,CTAGGGTGGTGCGTGCCGGT,0,2335041
mglBp,0.2,4,4,CTAGGGGTTCTCTCCTTAGT,0,2395618
mglBp,0.2,4,4,CTAGGATCCAACCTGTACCT,0,2412885
mglBp,0.2,4,4,CTAGGACGTACGACGTTTCG,0,2345532
mglBp,0.2,4,4,CTAGGAAACGTGAGCTCTTA,0,2380844
mglBp,0.2,4,4,CTAGCACGGTCGAAAGTGTG,0,2326684
mglBp,0.2,4,4,CTAGACTGGGGCTGATAGTT,0,2389858
mglBp,0.2,4,4,CTAGACTCGAGGGTTTGCCA,0,2357473
mglBp,0.2,4,4,CTAGACTATGGGTACGTTGA,0,2376319
mglBp,0.2,4,4,CTACTCGGATTGGGTTTAAG,0,2421338
mglBp,0.2,4,4,CTACGCCTTAGCGTTATGGC,0,2388624
mglBp,0.2,4,4,CTACCATACGGCATGATTAG,0,2329619
mglBp,0.2,4,4,CTACAGGTGCTGTGTATAAA,0,2418894
mglBp,0.2,4,4,CTACAGACTCCGATCGTGGA,0,2322495
mglBp,0.2,4,4,CTACAAGTTTTGGCGGGTTG,0,2325995
mglBp,0.2,4,4,CTAATGGTCTCTGTACATGG,0,2396121
mglBp,0.2,4,4,CTAATCGAGGGATTAAACGC,0,2325042
mglBp,0.2,4,4,CTAATCCAACTTTGAGGAAC,0,2394683
mglBp,0.2,4,4,CTAAGGGTCCCTTAATCTTG,0,2338440
mglBp,0.2,4,4,CTAAGCGAGGAAGAAGCGCG,0,2401598
mglBp,0.2,4,4,CTAACGCCCACGGCACAGGC,0,2407702
mglBp,0.2,4,4,CTAACATCTGTAGTAGAGAT,0,2317581
mglBp,0.2,4,4,CTAAATTTGGTTTTATTAGC,0,2391829
mglBp,0.2,4,4,CTAAATGTAGTGGTGAATTA,0,2364277
mglBp,0.2,4,4,CTAAAATTCAACAGTATACT,0,2370738
mglBp,0.2,4,4,CTAAAATGTGTAGAAGAGCT,0,2339271
mglBp,0.2,4,4,CGTTTTACAACAAGAGGAAA,0,2335523
mglBp,0.2,4,4,CGTTTCAGTGAAAAGGGATA,0,2368669
mglBp,0.2,4,4,CGTTTCAGGAGGAGGTAAAT,0,2345555
mglBp,0.2,4,4,CGTTGTGCGCAAATCAAAGT,0,2382269
mglBp,0.2,4,4,CGTTCTTCGGGTTCTCCCCC,0,2379799
mglBp,0.2,4,4,CGTTCCTCATGCTCTTTACG,0,2352675
mglBp,0.2,4,4,CGTTATGGAGTTTAAAATGG,0,2364599
mglBp,0.2,4,4,CGTTAGGCAGACCCTTCCCA,0,2346114
mglBp,0.2,4,4,CGTTACTCCCAGTAATGTTG,0,2335203
mglBp,0.2,4,4,CGTTAAGCGAATGCATGATG,0,2362459
mglBp,0.2,4,4,CGTGTTTATTCCCCCAGCAC,0,2381664
mglBp,0.2,4,4,CGTGTTAATCTTAACGGTAC,0,2339447
mglBp,0.2,4,4,CGTGTCTTTCATGCTACGAG,0,2397562
mglBp,0.2,4,4,CGTGGCTCCGCTTGCCCGCC,0,2383505
mglBp,0.2,4,4,CGTGGCGTATCGGTGGATCT,0,2340652
mglBp,0.2,4,4,CGTGCTCAAGTAGGCATTAA,0,2337445
mglBp,0.2,4,4,CGTGCCTCCGTGTGCTTCGA,0,2365102
mglBp,0.2,4,4,CGTGCCGATGAGTTAGTCGT,0,2379987
mglBp,0.2,4,4,CGTGCCCGTGGTTTGTAAAG,0,2417186
mglBp,0.2,4,4,CGTGAGGCGCCCTCCCTAGA,0,2385949
mglBp,0.2,4,4,CGTGAGGCCCGGGACGTCCA,0,2389359
mglBp,0.2,4,4,CGTGACACACGTGGTACCGG,0,2359565
mglBp,0.2,4,4,CGTCTTGGCGTCCAGGCTCG,0,2373919
mglBp,0.2,4,4,CGTCTATTGTGGAAGTATTT,0,2370894
mglBp,0.2,4,4,CGTCGTGTTCCCTAGGCATG,0,2371271
mglBp,0.2,4,4,CGTCGGTATAAACGGCACTA,0,2361218
mglBp,0.2,4,4,CGTCGGAGCTTTCGCGCCAC,0,2414196
mglBp,0.2,4,4,CGTATGTGCCCCTTTAGCCA,0,2371460
mglBp,0.2,4,4,CGTATGGTAAATTTCGTTCA,0,2361928
mglBp,0.2,4,4,CGTATGCGTATGCATATATG,0,2397146
mglBp,0.2,4,4,CGTACGTGGACTATTAGTTC,0,2364011
mglBp,0.2,4,4,CGTACGACCTTATAACTATG,0,2377360
mglBp,0.2,4,4,CGTACATGCAATCAGCACTA,0,2413345
mglBp,0.2,4,4,CGTAAGTAAGCTAAAATTGT,0,2343567
mglBp,0.2,4,4,CGGTTTGGGATATGGGTGTG,0,2406588
mglBp,0.2,4,4,CGGTTCATTACCGGCGGACT,0,2316446
mglBp,0.2,4,4,CGGTGTATGGTGTGAGCTTA,0,2345346
mglBp,0.2,4,4,CGGTGGGCGAAGACTACAAC,0,2400815
mglBp,0.2,4,4,CGGTCAGTTGGGTGGCTTCT,0,2317178
mglBp,0.2,4,4,CGGGTGCCTATACAGACGTG,0,2405668
mglBp,0.2,4,4,CGGGTCGATTTGAGACCTTG,0,2346585
mglBp,0.2,4,4,CGGGTCCCATCATACTGCCA,0,2324887
mglBp,0.2,4,4,CGGGTAGGAATCCTTAGCCT,0,2332521
mglBp,0.2,4,4,CGGGGGGTCAGTGAACGGGC,0,2346015
mglBp,0.2,4,4,CGGGGCTGACGTTTTTTGCA,0,2349368
mglBp,0.2,4,4,CGGGCGTTCGCCGCTCTCGG,0,2361335
mglBp,0.2,4,4,CGGGCCGTTTGGGAAGTGAG,0,2368746
mglBp,0.2,4,4,CGGGCAAACGGTCGGGACCT,0,2359512
mglBp,0.2,4,4,CGGGATTCCAATGTCCGAGC,0,2397569
mglBp,0.2,4,4,CGGGAGGTCCGTCATAATGT,0,2326301
mglBp,0.2,4,4,CGGGACATATGGGGTAGGCA,0,2378726
mglBp,0.2,4,4,CGGCTGGCGTGACCACGATT,0,2324585
mglBp,0.2,4,4,CGGCTGCCATCGTCGGCAAT,0,2371452
mglBp,0.2,4,4,CGGCTCCTATGATGCAGGAC,0,2340143
mglBp,0.2,4,4,CGGCGTTCGTCCGGGCATAA,0,2350463
mglBp,0.2,4,4,CGGCGTCACGCATCGTTGCT,0,2390095
mglBp,0.2,4,4,CGGCCGGTTCAATAGCGGCT,0,2349807
mglBp,0.2,4,4,CGGCCGACTAGACGCCCTAA,0,2319003
mglBp,0.2,4,4,CGGCCCCGGACAACTCTGTG,0,2355646
mglBp,0.2,4,4,CGGCATTGCGCTACCCATGT,0,2363066
mglBp,0.2,4,4,CGGATTACAAATCGGTTCGT,0,2322211
mglBp,0.2,4,4,CGGATATGCACGGTGGAGTA,0,2323724
mglBp,0.2,4,4,CGGATACTATAGCTGAAGAC,0,2337314
mglBp,0.2,4,4,CGGAGTGCTACCTAACAAAG,0,2419022
mglBp,0.2,4,4,CGGACTTGATTCCGTCGGTA,0,2379925
mglBp,0.2,4,4,CGGACCTTATTCTCGCTTTT,0,2374360
mglBp,0.2,4,4,CGGACATCTGAGCTCGACCA,0,2336512
mglBp,0.2,4,4,CGGAATTAGACAGCGGTCGT,0,2372078
mglBp,0.2,4,4,CGGAATTAAGTGTATTCCAT,0,2417294
mglBp,0.2,4,4,CGGAATGTTTGGGGACTGGG,0,2391788
mglBp,0.2,4,4,CGGAACTTACGAGAGCGGAT,0,2366018
mglBp,0.2,4,4,CGCTTTCCCAACGGGGCTCC,0,2359452
mglBp,0.2,4,4,CGCTTCCAATCTTCCCCGCA,0,2333045
mglBp,0.2,4,4,CGCTTAAAACACCGGGCAGT,0,2386797
mglBp,0.2,4,4,CGCTGGTTCGCCTCGGTCAT,0,2361887
mglBp,0.2,4,4,CGCTGCCACGTCGCCTTCTA,0,2321153
mglBp,0.2,4,4,CGCTGAGATCCGTAATATCC,0,2381539
mglBp,0.2,4,4,CGCTCCGCGCGTCACCGTCT,0,2352007
mglBp,0.2,4,4,CGCTCCCATGGCAGTGAAAT,0,2385137
mglBp,0.2,4,4,CGCGTTGCCAAGGAAAGCCT,0,2379359
mglBp,0.2,4,4,CGCGTTCCGGAGTACCTGGA,0,2358289
mglBp,0.2,4,4,CGCGTGGGAACTGTAGTTGT,0,2368932
mglBp,0.2,4,4,CGCGTGATTTATTATGCACT,0,2318196
mglBp,0.2,4,4,CGCGTCGCATAAACCTGTCA,0,2342163
mglBp,0.2,4,4,CGCGTCACGCTGAAGTCTCT,0,2364096
mglBp,0.2,4,4,CGCGTAGTTTCTTTTAGGCT,0,2421862
mglBp,0.2,4,4,CGCGGGGGAGCAGGAACTAG,0,2360068
mglBp,0.2,4,4,CGCGGATAGCCCAGGAGTGT,0,2386913
mglBp,0.2,4,4,CGCGGACAGCAAGGGAAATC,0,2323619
mglBp,0.2,4,4,CGCGCATGCTAGATACTGCG,0,2423414
mglBp,0.2,4,4,CGCGAGACACGTCTGAGCCA,0,2355140
mglBp,0.2,4,4,CGCCGTCGTCGGTCCAAAGC,0,2340553
mglBp,0.2,4,4,CGCCGCTAATGGCCGAATAT,0,2409655
mglBp,0.2,4,4,CGCCGCGGCGGGGTGAACGG,0,2396094
mglBp,0.2,4,4,CGCCGATCTTAAATGCTCGC,0,2368325
mglBp,0.2,4,4,CGCCGAAGCCATGGGCTTGC,0,2327797
mglBp,0.2,4,4,CGCCCTCCCTAGAATACACC,0,2362791
mglBp,0.2,4,4,CGCCCGGCTAGGCCTTACAC,0,2394767
mglBp,0.2,4,4,CGCCCAGAATCTGCGGGAAC,0,2397723
mglBp,0.2,4,4,CGCCCACAGGTTACCTAATC,0,2372179
mglBp,0.2,4,4,CGCCATTCTAAGAGTCTCGG,0,2353651
mglBp,0.2,4,4,CGCCATCCATACGGGATTCT,0,2319980
mglBp,0.2,4,4,CGCCACACCACCGCGGCGAA,0,2411761
mglBp,0.2,4,4,CGCCAACTGATGGTAATTAT,0,2414913
mglBp,0.2,4,4,CGCATGTTCGGTACTCGGAA,0,2346472
mglBp,0.2,4,4,CGCAGTTAAGTTGGATATAC,0,2396710
mglBp,0.2,4,4,CGCAGTCCTGCGTACACTTA,0,2384817
mglBp,0.2,4,4,CGCAGTATGAGGGGTGGCAG,0,2407172
mglBp,0.2,4,4,CGCAGATTGCGTGGGCTAGA,0,2388415
mglBp,0.2,4,4,CGCACGTGGGGTGCCAGAGT,0,2343329
mglBp,0.2,4,4,CGCACACTACCTCACCAAAG,0,2407618
mglBp,0.2,4,4,CGCAAGGGGCTGTCCTAGGA,0,2393970
mglBp,0.2,4,4,CGCAAGACTGCCCATTCACT,0,2350356
mglBp,0.2,4,4,CGCAAATGCGGAGGAAGGGA,0,2354116
mglBp,0.2,4,4,CGCAAAATTTGACTGGCATG,0,2332776
mglBp,0.2,4,4,CGATTTGTGGAAGTGGGTGC,0,2352716
mglBp,0.2,4,4,CGATTTCGGCCGATGGGCGA,0,2418529
mglBp,0.2,4,4,CGATTGGCAAAAGGTCTCAA,0,2325269
mglBp,0.2,4,4,CGATTGCGCTCGAAGGCAAC,0,2340377
mglBp,0.2,4,4,CGATTCTCCCGCCTGCGGGA,0,2412937
mglBp,0.2,4,4,CGATGTTGTTTAACGAAATA,0,2341498
mglBp,0.2,4,4,CGATGTGGACGGGGTTCGCA,0,2354097
mglBp,0.2,4,4,CGATGTAAAGAACCTTGCGA,0,2321854
mglBp,0.2,4,4,CGATGCGTAATAACGTATCA,0,2330965
mglBp,0.2,4,4,CGATGACGTAATCATGAGTT,0,2370547
mglBp,0.2,4,4,CGATCTCAGTTTATCAGTAG,0,2387621
mglBp,0.2,4,4,CGATCCAGCGCTGGAGTGAT,0,2328413
mglBp,0.2,4,4,CGAGTGTGTTGCATGTTTCT,0,2375139
mglBp,0.2,4,4,CGAGTGCTCCACCCCTGATT,0,2346628
mglBp,0.2,4,4,CGAGTCGGTGTAATGCGGGG,0,2332064
mglBp,0.2,4,4,CGAGTCGAAAGTACCTAAGC,0,2383783
mglBp,0.2,4,4,CGAGTCAACTCAGGGGACAG,0,2408139
mglBp,0.2,4,4,CGAGGTTATTCACACTAGAG,0,2357539
mglBp,0.2,4,4,CGAGGTGGAATCAGGGAACT,0,2419276
mglBp,0.2,4,4,CGAGGGCTACCGGCAATCAT,0,2391207
mglBp,0.2,4,4,CGAGGCCAGATACATATTGT,0,2345109
mglBp,0.2,4,4,CGAGGATTTCTATCCGGAAT,0,2336960
mglBp,0.2,4,4,CGAGGATCATGTGACGCGAT,0,2410278
mglBp,0.2,4,4,CGAGCAATAATACAGTATCC,0,2385150
mglBp,0.2,4,4,CGAGAATCCAGTACGTGGCC,0,2363747
mglBp,0.2,4,4,CGAGAATACTAATTTTGTTT,0,2325654
mglBp,0.2,4,4,CGAGAAGGTTATCCTGATCC,0,2327997
mglBp,0.2,4,4,CGACTGAAAGCAAGCATGAG,0,2372185
mglBp,0.2,4,4,CGACTATGTTTAACAGGTCA,0,2391439
mglBp,0.2,4,4,CGACGCTCGCATCGGCTACG,0,2394176
mglBp,0.2,4,4,CGACGCGAAACATGAGCAAC,0,2318990
mglBp,0.2,4,4,CGACCGCATAAGACTGTATA,0,2421134
mglBp,0.2,4,4,CGACCCAATTTGTTGACCGA,0,2354868
mglBp,0.2,4,4,CGACCATATAGGCGTTCTTC,0,2393837
mglBp,0.2,4,4,CGACATTCCGGCCTCTACAG,0,2387645
mglBp,0.2,4,4,CGAAGGGCATTCTGTAATGC,0,2387161
mglBp,0.2,4,4,CGAAGATTAGGGAAGCCCGC,0,2396957
mglBp,0.2,4,4,CCTTTCTTCTTGTGTCGGGG,0,2399019
mglBp,0.2,4,4,CCTTTCACCCGCTACCGCGC,0,2367742
mglBp,0.2,4,4,CCTTGGCGTAAATAGAGAAA,0,2333947
mglBp,0.2,4,4,CCTTGGAATGCGGAAAAGTG,0,2370737
mglBp,0.2,4,4,CCTTGATCCGACAAATTCCA,0,2421936
mglBp,0.2,4,4,CCTTGAGTCTCGGGCGAAGG,0,2395150
mglBp,0.2,4,4,CCTTCTTGAGTATAAGCTGA,0,2365950
mglBp,0.2,4,4,CCTTCGGCGAGCTCACTTGT,0,2317275
mglBp,0.2,4,4,CCTTCGCTCATCCACAGCAT,0,2360597
mglBp,0.2,4,4,CCTTCCTCTTACTTGGGTGA,0,2421534
mglBp,0.2,4,4,CCTTCAATGTAGTGTTCAGT,0,2327243
mglBp,0.2,4,4,CCTTATAGACGTCGATTCGG,0,2388594
mglBp,0.2,4,4,CCTTAGTACCGTTGAGCCAC,0,2325022
mglBp,0.2,4,4,CCTGTGCAGCCACTTTAAAG,0,2417971
mglBp,0.2,4,4,CCTGGTGATCCTACAACGAA,0,2417417
mglBp,0.2,4,4,CCTGGGAGTCAGTACACAAT,0,2419755
mglBp,0.2,4,4,CCTGGCTTAGATTTGTAGGT,0,2401941
mglBp,0.2,4,4,CCTGCGGTTCAAGGGCTATC,0,2416167
mglBp,0.2,4,4,CCTGCGCTCGAACTTACCAA,0,2347836
mglBp,0.2,4,4,CCTGCCTGCGATAGTTCGAA,0,2384336
mglBp,0.2,4,4,CCTGCATCAAGTGCATAATC,0,2332800
mglBp,0.2,4,4,CCTGAGGCCGCTATGGTAAC,0,2331704
mglBp,0.2,4,4,CCTCTTGGCGCTATTAATAG,0,2386835
mglBp,0.2,4,4,CCTCTATAATAGTCGAGCAA,0,2321953
mglBp,0.2,4,4,CCTCTACTTTGCAGTGAGAC,0,2337029
mglBp,0.2,4,4,CCTCGTGTACAGCAGACGGA,0,2322953
mglBp,0.2,4,4,CCTCCGCTATAAATCCGAAT,0,2412621
mglBp,0.2,4,4,CCTCCACGACCCCCGTGACC,0,2339792
mglBp,0.2,4,4,CCTATCGTCATGTCCTCCTA,0,2321372
mglBp,0.2,4,4,CCTAGTTTTTTGGCGAGAAG,0,2351302
mglBp,0.2,4,4,CCTAGTGGTAGTCACACAAA,0,2381841
mglBp,0.2,4,4,CCTAGGATAAAGCGTCGGCA,0,2394206
mglBp,0.2,4,4,CCTAGGACTAACGGTGAACC,0,2407254
mglBp,0.2,4,4,CCTACCGTTATAAGCGCCTT,0,2402034
mglBp,0.2,4,4,CCTAACACACTGTCACCTCA,0,2351173
mglBp,0.2,4,4,CCGTTTTTCGGTGCGCACAA,0,2357761
mglBp,0.2,4,4,CCGTTGATACTGCCAGGAGA,0,2392901
mglBp,0.2,4,4,CCGTTGACCTAGTTGATGGG,0,2399130
mglBp,0.2,4,4,CCGTTCGAACAGATGTGAGC,0,2386191
mglBp,0.2,4,4,CCGTGTCCTGCGTCCGTCTT,0,2325166
mglBp,0.2,4,4,CCGTGTACAATAGCGGCCTC,0,2423370
mglBp,0.2,4,4,CCGTGGGCATGCAAGCGTTA,0,2406826
mglBp,0.2,4,4,CCGTGCGACTTCCCCGTACA,0,2321970
mglBp,0.2,4,4,CCGTGCAGGCCGATCAAAGT,0,2384497
mglBp,0.2,4,4,CCGTCTCGCTAGTCAAGATT,0,2390350
mglBp,0.2,4,4,CCGTCCCTTACCTATGGCCG,0,2367695
mglBp,0.2,4,4,CCGTCACAGCTTCTGTGTAT,0,2323258
mglBp,0.2,4,4,CCGTATGGTGGCAGGTAGGG,0,2322324
mglBp,0.2,4,4,CCGTACGCACGGTACAGATA,0,2361608
mglBp,0.2,4,4,CCGGTGTGAGAGGAGTTGTA,0,2423429
mglBp,0.2,4,4,CCGGGTCGCGGATTACGGTG,0,2423767
mglBp,0.2,4,4,CCGGGAATTTCCTATACTGC,0,2388963
mglBp,0.2,4,4,CCGGCTTTCTCCACGAAGAC,0,2419401
mglBp,0.2,4,4,CCGGCTGGAGGAGGGGCAAT,0,2373471
mglBp,0.2,4,4,CCGGCAATTATGGACTGATA,0,2370074
mglBp,0.2,4,4,CCGGCAAGGGATATTATTAT,0,2403044
mglBp,0.2,4,4,CCGGATCCCGCCCCTACAGC,0,2404445
mglBp,0.2,4,4,CCGGATATTATAAATGGGTG,0,2359662
mglBp,0.2,4,4,CCGGAGTTCCGTCATCAATG,0,2377093
mglBp,0.2,4,4,CCGGACGTATTCTATGTCCT,0,2336488
mglBp,0.2,4,4,CCGCTTACGAAATTGGCATC,0,2352062
mglBp,0.2,4,4,CCGCGTCTTGTGCGCCTGGG,0,2405467
mglBp,0.2,4,4,CCGCGTACTAGAATAGGTGG,0,2350414
mglBp,0.2,4,4,CCGCGACTTGACTTCAAGAC,0,2365432
mglBp,0.2,4,4,CCGCCAGATCGCGGTAGCGG,0,2339058
mglBp,0.2,4,4,CCGCCAAGGTGTCAAGATGA,0,2388595
mglBp,0.2,4,4,CCGCAGATAGTGAGCATGGT,0,2373156
mglBp,0.2,4,4,CCGCAGAGTAGTAGTATCGC,0,2417250
mglBp,0.2,4,4,CCGATTGGCCCGTTTTAGTT,0,2413025
mglBp,0.2,4,4,CCGATGGACTCGACGATTGT,0,2330270
mglBp,0.2,4,4,CCGATAGGTTCGCCTGAATG,0,2334792
mglBp,0.2,4,4,CCGAGGCCGATTTTCAAGGC,0,2412083
mglBp,0.2,4,4,CCGAGGCCGAGCCCATCTGA,0,2320739
mglBp,0.2,4,4,CCGAGAAGACGCTTAAGGTG,0,2372479
mglBp,0.2,4,4,CCGACGTACTATCTGATAGG,0,2339542
mglBp,0.2,4,4,CCGACCTGGGCAGGTTCCCG,0,2344021
mglBp,0.2,4,4,CCGACAGAGTTACCGCTGAA,0,2391697
mglBp,0.2,4,4,CCGAACTTGAAATCCGAAAT,0,2324961
mglBp,0.2,4,4,CCCTTGTTCGGGTTTGCTAG,0,2317204
mglBp,0.2,4,4,CCCTTGTAAGTCCATGGTCC,0,2398717
mglBp,0.2,4,4,CCCTTGCCTTTCACTGGCCC,0,2398654
mglBp,0.2,4,4,CCCTTCACCCTTAACGTATT,0,2373973
mglBp,0.2,4,4,CCCTGATCACGTTGGGAACT,0,2341990
mglBp,0.2,4,4,CCCTCTTTTGGGATTCGTAT,0,2366655
mglBp,0.2,4,4,CCCTCGGGTCATACATGTAG,0,2370955
mglBp,0.2,4,4,CCCTCCTCGTGTCCGTAGAT,0,2365899
mglBp,0.2,4,4,CCCTCAAAGCTTCCGGTCGG,0,2321310
mglBp,0.2,4,4,CCCTCAAAATGTGCTCGATT,0,2382750
mglBp,0.2,4,4,CCCTAGTGTACTAGCAGTAC,0,2375332
mglBp,0.2,4,4,CCCTAGGAACATTATTACAC,0,2327046
mglBp,0.2,4,4,CCCTACGAGTGATCTGGAAT,0,2359223
mglBp,0.2,4,4,CCCTACCGTATCCTTTAGGC,0,2407912
mglBp,0.2,4,4,CCCTACAACAGACAAAGGAT,0,2321210
mglBp,0.2,4,4,CCCGTTAACCGGGAATGAAG,0,2416984
mglBp,0.2,4,4,CCCGTAGCTACTACGTTACG,0,2405626
mglBp,0.2,4,4,CCCGGGCTGATCAGTACATC,0,2346559
mglBp,0.2,4,4,CCCGGCTTGACTCCCTTATG,0,2333707
mglBp,0.2,4,4,CCCGGCCTGAGTCTTATCTC,0,2351202
mglBp,0.2,4,4,CCCGGCAGATGCTGGATTCA,0,2346425
mglBp,0.2,4,4,CCCGGAGACAATCAAACGAA,0,2406037
mglBp,0.2,4,4,CCCGGAATCGCACCATAGAT,0,2342826
mglBp,0.2,4,4,CCCGCGTATGGCACTTCAGT,0,2357208
mglBp,0.2,4,4,CCCGCCATCCGAGGGTAATA,0,2416521
mglBp,0.2,4,4,CCCGCAATAGCTATGTTTAG,0,2384178
mglBp,0.2,4,4,CCCGATGTCGCGAGCACTCT,0,2384926
mglBp,0.2,4,4,CCCGACAATGGCTGCATTGT,0,2332661
mglBp,0.2,4,4,CCCCTGTGCTCCTGTGGAAA,0,2391138
mglBp,0.2,4,4,CCCCGTACGCCCGAATTTAA,0,2342828
mglBp,0.2,4,4,CCCCGGGCTGAGTCTTTCGA,0,2377866
mglBp,0.2,4,4,CCCCGGGAAGCCGGAATAGC,0,2407419
mglBp,0.2,4,4,CCCCGATCTCCTAGGCCCCG,0,2386416
mglBp,0.2,4,4,CCCCGACTCCTACTAAGGAG,0,2361351
mglBp,0.2,4,4,CCCCCTCTGATGGACGTTAG,0,2317140
mglBp,0.2,4,4,CCCCCGGGAAACAAAGAGTT,0,2359012
mglBp,0.2,4,4,CCCCATCGGATATCGCTATT,0,2342148
mglBp,0.2,4,4,CCCCAACGGGGTTCGCGTTC,0,2338709
mglBp,0.2,4,4,CCCATTAGTATCACCGGCTG,0,2353358
mglBp,0.2,4,4,CCCATGGTGCCGTCATAGGT,0,2352793
mglBp,0.2,4,4,CCCATGGACTTGACTATACT,0,2325657
mglBp,0.2,4,4,CCCATGATTCAGTTGTTGAT,0,2420636
mglBp,0.2,4,4,CCCAGTCCTTACGCGTCTAC,0,2370398
mglBp,0.2,4,4,CCCAGGGTGGCAGAGTCATA,0,2414747
mglBp,0.2,4,4,CCCAGACAAGTAACGGGACC,0,2381449
mglBp,0.2,4,4,CCCACTACCTAGAGAAGAGA,0,2333708
mglBp,0.2,4,4,CCCAATCCTACGTTAAAGAT,0,2370613
mglBp,0.2,4,4,CCCAAGTCTGAAAACAAATT,0,2331824
mglBp,0.2,4,4,CCCAAGCGCGACTCGGTATT,0,2417575
mglBp,0.2,4,4,CCCAAGAGATTCTAACTCTA,0,2409445
mglBp,0.2,4,4,CCCAAAGTAAGTTCCTCGAA,0,2377595
mglBp,0.2,4,4,CCATTTGGACTGGGCGCGCT,0,2343955
mglBp,0.2,4,4,CCATTGGTTCCATCTTAATC,0,2367442
mglBp,0.2,4,4,CCATTGAGCTACTGTCAGAT,0,2402341
mglBp,0.2,4,4,CCATTCTTTTGCGTTACTTC,0,2335422
mglBp,0.2,4,4,CCATGTCGTGCATCGTGAGA,0,2326619
mglBp,0.2,4,4,CCATGTCCCAACTGCATTGT,0,2373783
mglBp,0.2,4,4,CCATGGGTTTCCTATAATTG,0,2347912
mglBp,0.2,4,4,CCATGCGATGTACAGACTCC,0,2331723
mglBp,0.2,4,4,CCATGCCGTTCAAACCCATG,0,2383679
mglBp,0.2,4,4,CCATGAAAGGCAAAAACACA,0,2421849
mglBp,0.2,4,4,CCATCCAAGTGGACACACCA,0,2408842
mglBp,0.2,4,4,CCAGTTGATCCAGTTAATCA,0,2340154
mglBp,0.2,4,4,CCAGTTCAGGGTTTTACACA,0,2418031
mglBp,0.2,4,4,CCAGTATTCCTTGGTTCCCT,0,2412815
mglBp,0.2,4,4,CCAGTATGTTGATGGCACGC,0,2381243
mglBp,0.2,4,4,CCAGTAAAGGCTTTCTAGAA,0,2319267
mglBp,0.2,4,4,CCAGGTCGAAGTTTGGTACT,0,2407809
mglBp,0.2,4,4,CCAGGGCTGTGTCAGACGTT,0,2357495
mglBp,0.2,4,4,CCAGGGATAGCAGCGCTCGG,0,2379912
mglBp,0.2,4,4,CCAGGCAACCGACCCGGCTT,0,2355233
mglBp,0.2,4,4,CCAGACTCGTGCATTCCCTA,0,2334464
mglBp,0.2,4,4,CCAGACTCCTGATTATTATT,0,2360829
mglBp,0.2,4,4,CCAGAAGTCAACATCGTTAC,0,2321587
mglBp,0.2,4,4,CCACTTGCTGACTCATTATA,0,2346054
mglBp,0.2,4,4,CCACTGTAGAGGTAATGGAC,0,2383774
mglBp,0.2,4,4,CCACTCCAAACGACATTTTA,0,2375985
mglBp,0.2,4,4,CCACCCTAAAATCTGATACC,0,2337363
mglBp,0.2,4,4,CCACCAATGTACTGAGGTCA,0,2352995
mglBp,0.2,4,4,CCACATCAGTAAGCCGGGAA,0,2365872
mglBp,0.2,4,4,CCACATAATATGCTGCGTAC,0,2339995
mglBp,0.2,4,4,CCACAGGCCATATTAATTGC,0,2331222
mglBp,0.2,4,4,CCAATTGGCTTTTACGGGTA,0,2387773
mglBp,0.2,4,4,CCAATGCGCTGGCGACCCCT,0,2332400
mglBp,0.2,4,4,CCAATCAAATTCGTAAATGG,0,2411169
mglBp,0.2,4,4,CCAAGCAGATTTGCGGCCCG,0,2404378
mglBp,0.2,4,4,CCAAGAGCCGTGCGTTGTAT,0,2335715
mglBp,0.2,4,4,CCAACGATCGCTGTATGGCG,0,2365534
mglBp,0.2,4,4,CCAAATTATTCTTTGTTATA,0,2332848
mglBp,0.2,4,4,CCAAATACTTGGACGCCTGT,0,2394440
mglBp,0.2,4,4,CCAAAGTGTTCAGGATGTCC,0,2334870
mglBp,0.2,4,4,CCAAAGAGCGATAGGATCGC,0,2363425
mglBp,0.2,4,4,CCAAACCTGTCTGCGAGGTG,0,2365140
mglBp,0.2,4,4,CCAAAACGGAACATAATGCT,0,2361415
mglBp,0.2,4,4,CATTTGCGGCAATTAATGAG,0,2385552
mglBp,0.2,4,4,CATTTCATGTTCGGACCAGT,0,2391921
mglBp,0.2,4,4,CATTTCAGTTATGTCAGGTG,0,2388487
mglBp,0.2,4,4,CATTCGCTTAAGTTTATCTC,0,2404433
mglBp,0.2,4,4,CATTCGCTGGCTCGGAGTAA,0,2336312
mglBp,0.2,4,4,CATTCGCGGCTACTGAGTGT,0,2320746
mglBp,0.2,4,4,CATTCCCGGCATACTATGCG,0,2329109
mglBp,0.2,4,4,CATTCAGACCCAAGTGCCTA,0,2366704
mglBp,0.2,4,4,CATTAGACAGAATCAATTAT,0,2365343
mglBp,0.2,4,4,CATTACGTATTACTAGGCAT,0,2345107
mglBp,0.2,4,4,CATGGGCCGATAAATGGACG,0,2420849
mglBp,0.2,4,4,CATGGACCCGAAAGACGCCA,0,2336347
mglBp,0.2,4,4,CATGCTTCATGAAGGACCTG,0,2342865
mglBp,0.2,4,4,CATCTTAAGATTTAACGTCA,0,2359670
mglBp,0.2,4,4,CATCGTCTACTCGCGAGTCA,0,2321506
mglBp,0.2,4,4,CATCGAGGGGATACAGGGGA,0,2406138
mglBp,0.2,4,4,CATCATGCGAGACTACGAAT,0,2353666
mglBp,0.2,4,4,CATCAGCTAGGTTCAATACA,0,2419747
mglBp,0.2,4,4,CATCACGCACCTGGTTCGGC,0,2329103
mglBp,0.2,4,4,CATCAAGTAGGCCCGTCTGA,0,2389789
mglBp,0.2,4,4,CATCAACTGAATACCTAACA,0,2323883
mglBp,0.2,4,4,CATCAACAGCGCCCTTGAAT,0,2415093
mglBp,0.2,4,4,CATATGTAGGAGTAGCCGAT,0,2399142
mglBp,0.2,4,4,CATATCAAGAGCCTACAAGA,0,2382756
mglBp,0.2,4,4,CATATAACCCAGCAAAATCT,0,2361463
mglBp,0.2,4,4,CATAGTGGAAGTTTCACTAA,0,2360785
mglBp,0.2,4,4,CATAGTGCGGTTATTAGCTA,0,2370700
mglBp,0.2,4,4,CATAGCTATTCTACCATTGG,0,2355238
mglBp,0.2,4,4,CATAGCGCTAATATGCATAT,0,2404959
mglBp,0.2,4,4,CATAGATGTTCGTGCAATTG,0,2410098
mglBp,0.2,4,4,CATAGAAGAATATGCACAAG,0,2330278
mglBp,0.2,4,4,CATACTGGGGCCAGACTCAC,0,2400552
mglBp,0.2,4,4,CATACTCTGTTCCGTGGAAT,0,2391333
mglBp,0.2,4,4,CATACGCGCTTGTGCATAAT,0,2394079
mglBp,0.2,4,4,CATAATAGTGAGCGAGAGCG,0,2391082
mglBp,0.2,4,4,CATAAAAGAGGGTCTGCAGC,0,2375686
mglBp,0.2,4,4,CATAAAACAGAGCAAACCTC,0,2413689
mglBp,0.2,4,4,CAGTTGGCCCTAAAGAGCAA,0,2367611
mglBp,0.2,4,4,CAGTTAACCCGGGTCATTTG,0,2384072
mglBp,0.2,4,4,CAGTGCACGACGGGATGGGC,0,2371889
mglBp,0.2,4,4,CAGTGAGTTCCTCCGGGTCA,0,2317992
mglBp,0.2,4,4,CAGTCTAGTCCGTTCCCTTT,0,2357577
mglBp,0.2,4,4,CAGTCTACCGTTCACGCATG,0,2362795
mglBp,0.2,4,4,CAGTCCCGATGCTAGGAAGC,0,2356705
mglBp,0.2,4,4,CAGTCATGCACACAAGAATG,0,2338217
mglBp,0.2,4,4,CAGTACGACATAAGTCCAAG,0,2365099
mglBp,0.2,4,4,CAGTAACTAATCGAGATGAT,0,2401272
mglBp,0.2,4,4,CAGTAACCGCGGGGATGCAA,0,2383517
mglBp,0.2,4,4,CAGTAACAATAGGTTCCATT,0,2367944
mglBp,0.2,4,4,CAGGTCTCCTATAGCTGCGA,0,2399495
mglBp,0.2,4,4,CAGGGCATCGCAGACACCAG,0,2408814
mglBp,0.2,4,4,CAGGGAAGCACTGATAGATA,0,2408224
mglBp,0.2,4,4,CAGGCTCAGACCTCGTCAGA,0,2383461
mglBp,0.2,4,4,CAGGCTATCTAAACAGAACA,0,2351403
mglBp,0.2,4,4,CAGGATGTCAGAGGCCAACG,0,2385659
mglBp,0.2,4,4,CAGGAGTTTGAGCCGAGGGA,0,2345648
mglBp,0.2,4,4,CAGCGGACATTGACCCACTA,0,2412941
mglBp,0.2,4,4,CAGCGCGCCCGCCGTAACGT,0,2332130
mglBp,0.2,4,4,CAGCGCCTGGGAGAGTCTCG,0,2360764
mglBp,0.2,4,4,CAGCGCAACCCGCGTAGTAG,0,2335470
mglBp,0.2,4,4,CAGCCCCGTACGTCCTGTCA,0,2331842
mglBp,0.2,4,4,CAGCCAGGGACACCAAATCA,0,2359344
mglBp,0.2,4,4,CAGCCAAGACCACAGCCGAC,0,2388117
mglBp,0.2,4,4,CAGCAGGTAACCGAAGGGGC,0,2420476
mglBp,0.2,4,4,CAGATTTACGTTTATTAGTC,0,2329844
mglBp,0.2,4,4,CAGATGGGCTATTCTATCCA,0,2336356
mglBp,0.2,4,4,CAGATGCCGTCACTTCCTGA,0,2370043
mglBp,0.2,4,4,CAGATCAGTAAGTTAATGGC,0,2406731
mglBp,0.2,4,4,CAGAGTTGGCGCTGATGACT,0,2321626
mglBp,0.2,4,4,CAGAGTTACTTGGACGTACA,0,2417922
mglBp,0.2,4,4,CAGAGATGTGATATGAAAGT,0,2364274
mglBp,0.2,4,4,CAGAGAGATCCATCGTTTTA,0,2376322
mglBp,0.2,4,4,CAGACGACTCACGAGGCCAG,0,2397305
mglBp,0.2,4,4,CAGACCTGGTCTTGGGGCGG,0,2345252
mglBp,0.2,4,4,CAGACATGGCGCGTTATTCT,0,2393204
mglBp,0.2,4,4,CAGAAGCTTTAACAGCATGG,0,2384846
mglBp,0.2,4,4,CAGAACTGTAATCAAAGGTG,0,2380204
mglBp,0.2,4,4,CACTTTACGCGATTCAATGA,0,2359063
mglBp,0.2,4,4,CACTTGAACAACGTATCCAC,0,2327512
mglBp,0.2,4,4,CACTTCGAGAACCCTATTAC,0,2366413
mglBp,0.2,4,4,CACTTCAGACCTGGCCATTT,0,2343930
mglBp,0.2,4,4,CACTTAGCATCACCCCGGAA,0,2321050
mglBp,0.2,4,4,CACTGCGGAAATTTTGATGT,0,2382566
mglBp,0.2,4,4,CACTCTCCTCCGAAGGTGGC,0,2324572
mglBp,0.2,4,4,CACGTGTTATAGGGACGGTA,0,2412822
mglBp,0.2,4,4,CACGTAGCCGACTTGAGCGA,0,2343841
mglBp,0.2,4,4,CACGGGGCATAGAGGCACGT,0,2324489
mglBp,0.2,4,4,CACGGCCGCCTAGGCTTTCT,0,2398631
mglBp,0.2,4,4,CACGGCAAGATAAGTTGCTC,0,2335693
mglBp,0.2,4,4,CACGCCTAATCTACGGAGAA,0,2419782
mglBp,0.2,4,4,CACGCCCTGCTGTGGGTATA,0,2335884
mglBp,0.2,4,4,CACGAAGGCCAGTTGGTTGT,0,2394866
mglBp,0.2,4,4,CACCCTCTTCGAGTGCCTGC,0,2334298
mglBp,0.2,4,4,CACCCGGAGGCGAGCACTAG,0,2404639
mglBp,0.2,4,4,CACCCCTCGCCTAGGAGGCG,0,2378312
mglBp,0.2,4,4,CACCCAACGGCCCTTATGTG,0,2324127
mglBp,0.2,4,4,CACCAGAACTCAAGAGTTTC,0,2324291
mglBp,0.2,4,4,CACCACTCGTGCGTAGAGGA,0,2396011
mglBp,0.2,4,4,CACCACGCACTCCCACACTC,0,2345422
mglBp,0.2,4,4,CACATGATAACTCCCACCAT,0,2344802
mglBp,0.2,4,4,CACAGCGGTGGCTACGGCTT,0,2318025
mglBp,0.2,4,4,CACAGATAGCGTATCTTGTC,0,2383456
mglBp,0.2,4,4,CACACGTCCCCACGGGACGC,0,2394861
mglBp,0.2,4,4,CACACGGTTTAGAAGTAGAA,0,2417298
mglBp,0.2,4,4,CACACATAGTAGGGTGTTGG,0,2398336
mglBp,0.2,4,4,CAATTTTAAAACATCGTCTC,0,2422137
mglBp,0.2,4,4,CAATTCGAGTGGGCCAAAGT,0,2410162
mglBp,0.2,4,4,CAATTCCCCAGCGCACGAGT,0,2343141
mglBp,0.2,4,4,CAATTAGGGTGAACGGCCCG,0,2364728
mglBp,0.2,4,4,CAATGTCATGTTTCGGCGTT,0,2320483
mglBp,0.2,4,4,CAATGTAAATCCTCGCCCCT,0,2389260
mglBp,0.2,4,4,CAATGGACCCCTCACGTATG,0,2347647
mglBp,0.2,4,4,CAATCACCTGTACGTCTTTT,0,2404369
mglBp,0.2,4,4,CAATACCATGTAAGTCCTGA,0,2356518
mglBp,0.2,4,4,CAATAAGGAATTACCCATAG,0,2373405
mglBp,0.2,4,4,CAAGTGGGTAATCCGCGAGG,0,2328686
mglBp,0.2,4,4,CAAGGTTGAGAGGAATGACT,0,2354964
mglBp,0.2,4,4,CAAGCTTCTGGATTTTATAC,0,2369077
mglBp,0.2,4,4,CAAGCTGTAAATGATGACCA,0,2367619
mglBp,0.2,4,4,CAAGCGCCGCAAATGTATTG,0,2352681
mglBp,0.2,4,4,CAAGATTATCGGAAATTTTG,0,2338436
mglBp,0.2,4,4,CAAGATCGGACTACTAGCGA,0,2383071
mglBp,0.2,4,4,CAACGTCCTTGACAGGGGGT,0,2329689
mglBp,0.2,4,4,CAACGGTCTGGACCTGGGCA,0,2399636
mglBp,0.2,4,4,CAACGCTACCAGACCTTCGC,0,2397571
mglBp,0.2,4,4,CAACGAAGAGCTTAGCGGAC,0,2363422
mglBp,0.2,4,4,CAACCGGACATAGTTAAAGC,0,2400298
mglBp,0.2,4,4,CAACCATTTCGCACACGGAG,0,2380298
mglBp,0.2,4,4,CAAATGGGGGGCCAAATTTC,0,2342922
mglBp,0.2,4,4,CAAAGGTCGTCCTGTAGTTG,0,2404215
mglBp,0.2,4,4,CAAAGCTGATTATAGAACTC,0,2393917
mglBp,0.2,4,4,CAAAGCATATATACTCCAGT,0,2394099
mglBp,0.2,4,4,CAAAATATGATTAGCTCGTT,0,2365404
mglBp,0.2,4,4,ATTTTGTTTACTGACCACAT,0,2325426
mglBp,0.2,4,4,ATTTTGTCGAAAACGGCCAG,0,2330796
mglBp,0.2,4,4,ATTTTATACAGGGACCACTA,0,2373137
mglBp,0.2,4,4,ATTTTACGATGGTACAACCG,0,2401067
mglBp,0.2,4,4,ATTTTAAATGAATGGAGGTT,0,2351275
mglBp,0.2,4,4,ATTTGTGAGCTAAGTTAGTT,0,2371961
mglBp,0.2,4,4,ATTTGGGAGGCGTGATGCAT,0,2394433
mglBp,0.2,4,4,ATTTGCATCCGGCGTGAATT,0,2369778
mglBp,0.2,4,4,ATTTCTTCATGCGTGGATGA,0,2317627
mglBp,0.2,4,4,ATTTCGCGGGTCATGTGTCA,0,2359199
mglBp,0.2,4,4,ATTTCCCGGTTACCAGGCTC,0,2376154
mglBp,0.2,4,4,ATTTCCAGCACCTCCTACTA,0,2346471
mglBp,0.2,4,4,ATTTCAGTTCCCCCGTGAAT,0,2365085
mglBp,0.2,4,4,ATTTCAGCAATAGCTGGACC,0,2358577
mglBp,0.2,4,4,ATTTCAAGTGATAGGATGCG,0,2352085
mglBp,0.2,4,4,ATTTCAACTCTATGAGCTAA,0,2378526
mglBp,0.2,4,4,ATTTAGCTCGCAAGGTGCCT,0,2334355
mglBp,0.2,4,4,ATTTAGAGAGGCTAAAAGTT,0,2420226
mglBp,0.2,4,4,ATTTAAGGCGTGGCCGACCT,0,2365798
mglBp,0.2,4,4,ATTTAAGAGTCACAAGTTGA,0,2338471
mglBp,0.2,4,4,ATTGTTTGGCACCCATCCGA,0,2352877
mglBp,0.2,4,4,ATTGTGGTTACCCGTGACGA,0,2322290
mglBp,0.2,4,4,ATTGGCGGTGGCTTTACGCA,0,2344537
mglBp,0.2,4,4,ATTGGCCCTCTGGTCCTGGT,0,2359570
mglBp,0.2,4,4,ATTGGACGCACGAACAGCAA,0,2323553
mglBp,0.2,4,4,ATTGCGGCTCATGATGGATA,0,2401459
mglBp,0.2,4,4,ATTGAGGTCTATTCGATTCG,0,2363862
mglBp,0.2,4,4,ATTGACAGGCGCTTTGGGAG,0,2351377
mglBp,0.2,4,4,ATTGAAAACTAGGCTCAAGG,0,2414119
mglBp,0.2,4,4,ATTCTCTTGTATAATACAGG,0,2328028
mglBp,0.2,4,4,ATTCTACATGGGGGATACGT,0,2412147
mglBp,0.2,4,4,ATTCTAAGCGTTCAGACCTT,0,2331747
mglBp,0.2,4,4,ATTCGACAAGGCGTAGAAGT,0,2364597
mglBp,0.2,4,4,ATTCCTACGTAGTGGGGACA,0,2358263
mglBp,0.2,4,4,ATTCCGGTTCTACCCAGCCC,0,2332933
mglBp,0.2,4,4,ATTCCCGGTCGTGGCAACGT,0,2333773
mglBp,0.2,4,4,ATTCATCTATTCCCAAAACT,0,2385202
mglBp,0.2,4,4,ATTCACTATGTGTAATCTTA,0,2321207
mglBp,0.2,4,4,ATTCACATTTATTATTGATA,0,2366859
mglBp,0.2,4,4,ATTATGTCACTATGGTGTCG,0,2404052
mglBp,0.2,4,4,ATTATGCACCCGTTTATAGG,0,2422214
mglBp,0.2,4,4,ATTATCTGAGCGAAGTGAAA,0,2408711
mglBp,0.2,4,4,ATTAGAAGGCGGGAAGCCGA,0,2377065
mglBp,0.2,4,4,ATTACGGAGTGCTTAATTGT,0,2345284
mglBp,0.2,4,4,ATTACCGCTAGACATCGGGT,0,2394937
mglBp,0.2,4,4,ATTACCCATCTTATGGAACC,0,2405206
mglBp,0.2,4,4,ATTAATTTCCTATGGGGGTA,0,2387102
mglBp,0.2,4,4,ATTAACGTTCTTCTGTAGCA,0,2352452
mglBp,0.2,4,4,ATGTTGCTCGAGAGGGGTGG,0,2399665
mglBp,0.2,4,4,ATGTTATAATCTTACGACTA,0,2409488
mglBp,0.2,4,4,ATGTTAAGGATGAATCAATT,0,2337656
mglBp,0.2,4,4,ATGTGTCAATTTAAGGGGTA,0,2382937
mglBp,0.2,4,4,ATGTGCAATCCCATGCGGTA,0,2369128
mglBp,0.2,4,4,ATGTCGTTCTCATTGAAGTA,0,2349194
mglBp,0.2,4,4,ATGTCACTCTCGTTACATAG,0,2421273
mglBp,0.2,4,4,ATGTCACACGGTACCGCATA,0,2409301
mglBp,0.2,4,4,ATGTATATATCGCCTTCCAA,0,2323445
mglBp,0.2,4,4,ATGTAGTGTCCTGGAATGTT,0,2322327
mglBp,0.2,4,4,ATGTACATTTATGGATCTCA,0,2385690
mglBp,0.2,4,4,ATGGTGTGGATACCGCAATT,0,2371022
mglBp,0.2,4,4,ATGGTGACGCAACTGGATAA,0,2412047
mglBp,0.2,4,4,ATGGTATCGTACCCGCTTCA,0,2381786
mglBp,0.2,4,4,ATGGTAGCACAGCCCTTTTT,0,2344577
mglBp,0.2,4,4,ATGGGTATGCAGAGAGTAAG,0,2375714
mglBp,0.2,4,4,ATGGGCGTCTGCTTCCGTAC,0,2319278
mglBp,0.2,4,4,ATGGGCGCTCCCTAACCAAT,0,2416985
mglBp,0.2,4,4,ATGGCTGGCGACGGCAGTGA,0,2411808
mglBp,0.2,4,4,ATGGCGTTCCCTGTTGGTTG,0,2357244
mglBp,0.2,4,4,ATGGCAATAGGGCTCGTGCG,0,2354742
mglBp,0.2,4,4,ATGGATGGTTCGAGCGTTAG,0,2354453
mglBp,0.2,4,4,ATGGATGATTCCCGTTAAAC,0,2408220
mglBp,0.2,4,4,ATGGATCATTTTGTTGGGTG,0,2405244
mglBp,0.2,4,4,ATGGACAGCGCCCTTCTTAC,0,2345262
mglBp,0.2,4,4,ATGGAATGTGCCGCCTGCAG,0,2339752
mglBp,0.2,4,4,ATGCTTGAGGTGTGAATTAT,0,2350226
mglBp,0.2,4,4,ATGCTCCGCGTCACGTAAAA,0,2373897
mglBp,0.2,4,4,ATGCGTTTTTAATGAACAGT,0,2395497
mglBp,0.2,4,4,ATGCGCATTTTCACGCTAAT,0,2402653
mglBp,0.2,4,4,ATGCGATCCCGAGATAATAC,0,2372463
mglBp,0.2,4,4,ATGCGAGTCTCGTACGGGGT,0,2415974
mglBp,0.2,4,4,ATGCCGCCGGTGTCATCTAG,0,2408774
mglBp,0.2,4,4,ATGCCCGCGCAGAAAATTAT,0,2326358
mglBp,0.2,4,4,ATGCAGAAGCAGCGTGGAGT,0,2376822
mglBp,0.2,4,4,ATGATGAAGGTCTGTCTACG,0,2383439
mglBp,0.2,4,4,ATGACGTACAGGCTAGCAGA,0,2371250
mglBp,0.2,4,4,ATCTTGGCATGCTGACCTTC,0,2354867
mglBp,0.2,4,4,ATCTTCCACGAACGGTTCCA,0,2328439
mglBp,0.2,4,4,ATCTGGACCGCTAACGGGGG,0,2407050
mglBp,0.2,4,4,ATCTCTCGACACTCGTCTCT,0,2360167
mglBp,0.2,4,4,ATCTCACGGAATCGGCTATT,0,2352690
mglBp,0.2,4,4,ATCTATTTTCGAGGGCGTGC,0,2394815
mglBp,0.2,4,4,ATCTATAACCCTTCGGCCTA,0,2391404
mglBp,0.2,4,4,ATCTATAAACGATGGGCTTG,0,2326393
mglBp,0.2,4,4,ATCTAAGAAGTCAGCGTTAT,0,2372438
mglBp,0.2,4,4,ATCGGGTGAATCCTTCGACA,0,2342346
mglBp,0.2,4,4,ATCGGCAGCCTATCGGGCGC,0,2417144
mglBp,0.2,4,4,ATCGGACTCAACTACCTCAG,0,2396088
mglBp,0.2,4,4,ATCGCTACCCGATCAGCATA,0,2423366
mglBp,0.2,4,4,ATCGCGGCGGTATATGCAAC,0,2363100
mglBp,0.2,4,4,ATCGCAGGCGCTTAGCAAAC,0,2401943
mglBp,0.2,4,4,ATCGCACAAGCATTTGTGAC,0,2354562
mglBp,0.2,4,4,ATCGAGTTAAGAATAATGAT,0,2349091
mglBp,0.2,4,4,ATCGAGGGGAGCGGAAGCAA,0,2421195
mglBp,0.2,4,4,ATCGACGACTGAAACGAAAC,0,2369369
mglBp,0.2,4,4,ATCCTTAAAATGGGAGCTCT,0,2334704
mglBp,0.2,4,4,ATCCTGTATCTCTTTGGGTA,0,2387928
mglBp,0.2,4,4,ATCCTAGCACTGGGTTGGAC,0,2328018
mglBp,0.2,4,4,ATCCGTAGGTCAACCCGGAT,0,2344560
mglBp,0.2,4,4,ATCCGCCATACCACGATATC,0,2386920
mglBp,0.2,4,4,ATCCCTCACTCAACATATTA,0,2398899
mglBp,0.2,4,4,ATCCCAGGGCATGGCCAAAG,0,2329094
mglBp,0.2,4,4,ATCATGATCTTCTGTATTCC,0,2353202
mglBp,0.2,4,4,ATCACGGTTATGAGAGCTCT,0,2396800
mglBp,0.2,4,4,ATCAAGCTTATATCCGAAAG,0,2388082
mglBp,0.2,4,4,ATCAACTCAACTCGGGTAAC,0,2380144
mglBp,0.2,4,4,ATCAAAGCTAGTGTCTCACA,0,2325544
mglBp,0.2,4,4,ATATTGACATACTCACACGG,0,2365245
mglBp,0.2,4,4,ATATTCATAATGGTGGCTTA,0,2369659
mglBp,0.2,4,4,ATATTACCATGGATTTATAT,0,2339045
mglBp,0.2,4,4,ATATGGTCAACTGGCCCCGC,0,2405325
mglBp,0.2,4,4,ATATCGTATTTGTAGTGGAC,0,2323919
mglBp,0.2,4,4,ATATCGTACTTCGCAAGCGA,0,2317826
mglBp,0.2,4,4,ATATATTACGGGAAAGTATC,0,2370703
mglBp,0.2,4,4,ATATATCTCGGCATGTATTC,0,2347687
mglBp,0.2,4,4,ATATAGGAGCGAGTTTCGCT,0,2383037
mglBp,0.2,4,4,ATAGTGTTCCGTCTTGTGCT,0,2328006
mglBp,0.2,4,4,ATAGTGACTACAAGCCCTAA,0,2412590
mglBp,0.2,4,4,ATAGTACATAATAGCCGCTG,0,2350279
mglBp,0.2,4,4,ATAGGGTCGCAGGGTGCTCC,0,2324120
mglBp,0.2,4,4,ATAGGCTTTAATGACGTCGG,0,2378527
mglBp,0.2,4,4,ATAGCTGAAGGCATGGGAGC,0,2357219
mglBp,0.2,4,4,ATAGATGTTGCAGGCCATCT,0,2343675
mglBp,0.2,4,4,ATAGAAGGGGATGAAGGCAT,0,2403173
mglBp,0.2,4,4,ATACTTTGGTGACAGAGCTG,0,2345050
mglBp,0.2,4,4,ATACTGGGTGCGAGTCTCAA,0,2395054
mglBp,0.2,4,4,ATACTGCATAGAAACATCCC,0,2358328
mglBp,0.2,4,4,ATACTCCCAACTTCTCACGC,0,2385787
mglBp,0.2,4,4,ATACTCAATTTAAACGAACC,0,2333830
mglBp,0.2,4,4,ATACTACTCCCTGAGCCAAC,0,2345646
mglBp,0.2,4,4,ATACGTTTGGATTCGAGGTA,0,2346469
mglBp,0.2,4,4,ATACGCTGAGAAGTAGCGTA,0,2354362
mglBp,0.2,4,4,ATACCGTACTTGACAGACTT,0,2353643
mglBp,0.2,4,4,ATACCCCCCCTGGCTCAAGA,0,2329647
mglBp,0.2,4,4,ATACCACAGTACTAAGTTTC,0,2351633
mglBp,0.2,4,4,ATACATTACCCGGCTCTGGC,0,2410316
mglBp,0.2,4,4,ATACAATCGCCGACAGAATG,0,2412601
mglBp,0.2,4,4,ATAATTAGTGTTGCGACACC,0,2385885
mglBp,0.2,4,4,ATAATGTGTGCTTTTCGCCT,0,2359450
mglBp,0.2,4,4,ATAATCTGGGGTAGTCCCAT,0,2377791
mglBp,0.2,4,4,ATAATATGACCCATGAGACA,0,2361455
mglBp,0.2,4,4,ATAATATAAGAGCTAAAGTG,0,2331253
mglBp,0.2,4,4,ATAACGTCCAGCTCGAACTG,0,2330482
mglBp,0.2,4,4,ATAACGAGTATTATTCGCGC,0,2377497
mglBp,0.2,4,4,ATAACCTAAGATTGCGGGGA,0,2354248
mglBp,0.2,4,4,ATAACCATACATAGGGATTA,0,2383384
mglBp,0.2,4,4,ATAACCAATCCTGGTTGGTA,0,2405454
mglBp,0.2,4,4,ATAACACTTGCTCTTACGTA,0,2331855
mglBp,0.2,4,4,ATAAATTGGCCTGCGTATGA,0,2328599
mglBp,0.2,4,4,ATAAAGGTGGGGGAGCAGGC,0,2345056
mglBp,0.2,4,4,ATAAACGCGGGGATATTATT,0,2383284
mglBp,0.2,4,4,ATAAACAATCTGAGAATAGG,0,2331521
mglBp,0.2,4,4,AGTTTTGTGATACAATATCC,0,2336343
mglBp,0.2,4,4,AGTTTATGGACTGATGCGAA,0,2405785
mglBp,0.2,4,4,AGTTTAGGTTTTAATGCAGG,0,2382799
mglBp,0.2,4,4,AGTTTACAATTTGCGAACTC,0,2361411
mglBp,0.2,4,4,AGTTGTGGTCCTAAAAGTAG,0,2366184
mglBp,0.2,4,4,AGTTGCTGTTAAATCGACCA,0,2343049
mglBp,0.2,4,4,AGTTGCTACGGAGGGTGTCT,0,2360220
mglBp,0.2,4,4,AGTTCTCCCCATCAGTCTAT,0,2380604
mglBp,0.2,4,4,AGTTCTATCGGAACCGCCGG,0,2364195
mglBp,0.2,4,4,AGTTCTATATCCGCCAGGAA,0,2324882
mglBp,0.2,4,4,AGTTCAGCTTCCCGACTGTC,0,2421619
mglBp,0.2,4,4,AGTGTTGGCCGATTAACTGT,0,2407776
mglBp,0.2,4,4,AGTGGGTGGCAACTTGGCTT,0,2322619
mglBp,0.2,4,4,AGTGGGTCAGGCAGAAAGAG,0,2379886
mglBp,0.2,4,4,AGTGGAAAAATGCTATCAAA,0,2356134
mglBp,0.2,4,4,AGTGCTTAATGCTAGCTCCC,0,2379182
mglBp,0.2,4,4,AGTGCTATCGGCCCTGGCAA,0,2392312
mglBp,0.2,4,4,AGTGCTAGACGTCGTTTGTG,0,2418284
mglBp,0.2,4,4,AGTGATTAGTATTGTGTTGT,0,2362961
mglBp,0.2,4,4,AGTGAGGGAGGCAATGCCGT,0,2422014
mglBp,0.2,4,4,AGTGAGGATGTTCTGAAACT,0,2420014
mglBp,0.2,4,4,AGTCTCTTTCAGCCTGACAT,0,2379991
mglBp,0.2,4,4,AGTCGTGCACTTAGCTCTCT,0,2332243
mglBp,0.2,4,4,AGTCGGACCGATCTAAAAGT,0,2344703
mglBp,0.2,4,4,AGTCGCCACAGCTCTGATCT,0,2381112
mglBp,0.2,4,4,AGTCGATCTACCTCAGTAGC,0,2414910
mglBp,0.2,4,4,AGTCGATAGGCTCTAGCGGA,0,2407174
mglBp,0.2,4,4,AGTCGAAAGGTTCACTTTAG,0,2393163
mglBp,0.2,4,4,AGTCCGTGTTGCATGTGTAT,0,2414289
mglBp,0.2,4,4,AGTCCGGCGGTTTTGGGCCT,0,2416590
mglBp,0.2,4,4,AGTCCAGAACATGAGGTGAT,0,2349391
mglBp,0.2,4,4,AGTCAGTGACTGTTGCTTGA,0,2378763
mglBp,0.2,4,4,AGTATTGCCGCTAATTCGGT,0,2375306
mglBp,0.2,4,4,AGTATTGATGCATCACATTC,0,2328333
mglBp,0.2,4,4,AGTATTAGCTGCTTCGATAT,0,2318156
mglBp,0.2,4,4,AGTATGTTTCTCTCAGCCAT,0,2413186
mglBp,0.2,4,4,AGTATGCGATACGAGCATCT,0,2369881
mglBp,0.2,4,4,AGTAGTTCAATCTCTTGCCA,0,2408914
mglBp,0.2,4,4,AGTAGGTTATAGTGAATTAG,0,2375926
mglBp,0.2,4,4,AGTAGGTGTGAATCCTCCTA,0,2338520
mglBp,0.2,4,4,AGTAGGTGGCGGGCAGATTG,0,2408655
mglBp,0.2,4,4,AGTAGGCCGAAGACTCTCCA,0,2373716
mglBp,0.2,4,4,AGTAGCGCATTGTTCCACTA,0,2399916
mglBp,0.2,4,4,AGTAGACGGGAGGGGACTAT,0,2344006
mglBp,0.2,4,4,AGTACCGATTGCCATCGGCA,0,2386436
mglBp,0.2,4,4,AGTAAGGTTTTAACTCCCCC,0,2348336
mglBp,0.2,4,4,AGTAAGCAGGTGGAATCTCT,0,2409961
mglBp,0.2,4,4,AGGTTTCCGATATGCTCTCC,0,2390223
mglBp,0.2,4,4,AGGTTCTTAGCGCATCCTTA,0,2336517
mglBp,0.2,4,4,AGGTGTGTCCGATAAGTAGT,0,2399696
mglBp,0.2,4,4,AGGTGTAAGCAAGCATTGTC,0,2349363
mglBp,0.2,4,4,AGGTGGTTAAACAGGCCTGC,0,2389808
mglBp,0.2,4,4,AGGTCTAGGTCGTACTATGA,0,2414524
mglBp,0.2,4,4,AGGTCCGTTGTTCTCGTAAG,0,2413696
mglBp,0.2,4,4,AGGTCAGGTATTAGCCTTCG,0,2323954
mglBp,0.2,4,4,AGGTCACGTTCGTGCTGGGT,0,2343331
mglBp,0.2,4,4,AGGTCACGTAAGGCATACGA,0,2370111
mglBp,0.2,4,4,AGGTATTGTAAGAAATTATC,0,2340476
mglBp,0.2,4,4,AGGTAGTTTAAGAAACGAAA,0,2359119
mglBp,0.2,4,4,AGGTAGTGATTTTTATCTAC,0,2385195
mglBp,0.2,4,4,AGGTAGCCGCGCTTTTAATC,0,2337816
mglBp,0.2,4,4,AGGTAGAGCCCTCCCGTAGT,0,2365463
mglBp,0.2,4,4,AGGTACTTTTCTGTCTGCGT,0,2378667
mglBp,0.2,4,4,AGGTACTGAGAGGTATGACT,0,2358453
mglBp,0.2,4,4,AGGTACGCAGCAGACAGATA,0,2421009
mglBp,0.2,4,4,AGGTAACTATGTCGTTTCGA,0,2410473
mglBp,0.2,4,4,AGGGTTGACAGGCTAGGCGT,0,2413240
mglBp,0.2,4,4,AGGGTTACTCCGGGACGCGA,0,2381850
mglBp,0.2,4,4,AGGGTCAACACTGGAGTGTA,0,2352168
mglBp,0.2,4,4,AGGGTACGTCCTCAAACCTT,0,2350889
mglBp,0.2,4,4,AGGGGCTATGACGATCTGCT,0,2407082
mglBp,0.2,4,4,AGGGCCATCTGTTGGTTCCG,0,2410649
mglBp,0.2,4,4,AGGGCAACGATATCTCCAGT,0,2393518
mglBp,0.2,4,4,AGGGAGACTCCAGAGGAGAC,0,2406810
mglBp,0.2,4,4,AGGGACTGTGGTGGCTAAGG,0,2395037
mglBp,0.2,4,4,AGGGAAACCAGCGTCCGGCT,0,2381045
mglBp,0.2,4,4,AGGCTGACGGAAATGTATCG,0,2403025
mglBp,0.2,4,4,AGGCTCGACATTGTAAACTG,0,2398251
mglBp,0.2,4,4,AGGCTCCTACCGGCACTTTG,0,2419055
mglBp,0.2,4,4,AGGCGTTAGCTGGTGGCAAG,0,2362389
mglBp,0.2,4,4,AGGCGTAATGGCATCAGCCT,0,2318879
mglBp,0.2,4,4,AGGCGGCAGCAAGACGAGTC,0,2337472
mglBp,0.2,4,4,AGGCGGAGGAGAAGCACAAG,0,2422541
mglBp,0.2,4,4,AGGCGAGGGAGGCGAAGGCC,0,2406907
mglBp,0.2,4,4,AGGCCTCTGACAGATTCGAC,0,2391081
mglBp,0.2,4,4,AGGCCATCAAATCTCGCTAG,0,2318596
mglBp,0.2,4,4,AGGCAACCCATCCCCATGTC,0,2349470
mglBp,0.2,4,4,AGGATTCACATATTTGATCA,0,2321441
mglBp,0.2,4,4,AGGATCCTGTGATCCTTGCA,0,2323988
mglBp,0.2,4,4,AGGATCATGCGACTTAACCA,0,2348230
mglBp,0.2,4,4,AGGATATGGGTCATTCAGCC,0,2378285
mglBp,0.2,4,4,AGGATATCATGTCTGGGTAA,0,2325267
mglBp,0.2,4,4,AGGATAAGATAAGCCGCGTC,0,2417303
mglBp,0.2,4,4,AGGAATTGAATAAAGGGAAT,0,2409340
mglBp,0.2,4,4,AGGAATCATCCGCGGTAGCT,0,2396657
mglBp,0.2,4,4,AGCTTGGAGAAGCCACGACT,0,2341070
mglBp,0.2,4,4,AGCTTGAATGGTATCGAGGA,0,2375041
mglBp,0.2,4,4,AGCTGGTCGTCTCAGTCCAT,0,2369679
mglBp,0.2,4,4,AGCTGGCCCCTCTGTCACGG,0,2363618
mglBp,0.2,4,4,AGCTGCGATATCGCTCTCCC,0,2327327
mglBp,0.2,4,4,AGCTGACATAAGGGGGAACC,0,2376189
mglBp,0.2,4,4,AGCTCGTTATATTCTGGTAT,0,2350755
mglBp,0.2,4,4,AGCTCGGGTTCAAGGGTGAT,0,2420808
mglBp,0.2,4,4,AGCTCATGCGGAACGACGGA,0,2410576
mglBp,0.2,4,4,AGCTCATGCGCGCTAGAGTA,0,2320963
mglBp,0.2,4,4,AGCTCAACAGGAGAGAGCGT,0,2408919
mglBp,0.2,4,4,AGCTATGGGGCACCTTTATG,0,2386628
mglBp,0.2,4,4,AGCGTTTCCACCGTACGTCC,0,2317953
mglBp,0.2,4,4,AGCGTGTTTTCCCTTGGGTA,0,2371111
mglBp,0.2,4,4,AGCGGTCTTAGGGGGAACTT,0,2332797
mglBp,0.2,4,4,AGCGGATAAGCCGTTATCCA,0,2327861
mglBp,0.2,4,4,AGCGCGTATGTTTATAAAGC,0,2380691
mglBp,0.2,4,4,AGCGCGAAGCTGGTCTCGAC,0,2386984
mglBp,0.2,4,4,AGCGCAGTCGGGTATGGGTA,0,2412859
mglBp,0.2,4,4,AGCGCAGGATTGGTTTTCGC,0,2350837
mglBp,0.2,4,4,AGCGACTGCTCTCGCACAAC,0,2347727
mglBp,0.2,4,4,AGCCTGCCGGGTGGAACATG,0,2379751
mglBp,0.2,4,4,AGCCTAGGAATGTTGGAGGG,0,2383790
mglBp,0.2,4,4,AGCCGCCCTCACGGAGTTCA,0,2376370
mglBp,0.2,4,4,AGCCCACACGAATATTCTCA,0,2335739
mglBp,0.2,4,4,AGCCATTGGTCCAGCAGTTG,0,2329600
mglBp,0.2,4,4,AGCCACTTTAAAGGCAAGCG,0,2354592
mglBp,0.2,4,4,AGCATTTTTGCCATTCTCTA,0,2381132
mglBp,0.2,4,4,AGCAGCGTCTACGTAGGATA,0,2337832
mglBp,0.2,4,4,AGCACTTGTAGTGCTCACCA,0,2361400
mglBp,0.2,4,4,AGCACTTCACTCCCTAGAGC,0,2320899
mglBp,0.2,4,4,AGCACTGACTTTGATGGCGC,0,2419855
mglBp,0.2,4,4,AGCACGCGAGGTGCTTACAC,0,2410614
mglBp,0.2,4,4,AGCAAACAGGGATCACCGAA,0,2333780
mglBp,0.2,4,4,AGATTACACTTATGGGCTAT,0,2387705
mglBp,0.2,4,4,AGATCTGGGGTAACGAATAC,0,2371776
mglBp,0.2,4,4,AGATCCGACGGAAGCCAAGT,0,2342193
mglBp,0.2,4,4,AGATAGGAAACTATGCCGAC,0,2355084
mglBp,0.2,4,4,AGATACCCGATCGATTATTG,0,2405143
mglBp,0.2,4,4,AGATACCACCGACTGTAGCC,0,2324692
mglBp,0.2,4,4,AGAGTCACGCACACTAGGTG,0,2373592
mglBp,0.2,4,4,AGAGTAGAGCACTCGATGAA,0,2389347
mglBp,0.2,4,4,AGAGTACTCTCGACACGTCA,0,2407235
mglBp,0.2,4,4,AGAGGAGTTTATCTCCATTG,0,2411009
mglBp,0.2,4,4,AGAGATCTTAAGAATTTACT,0,2418925
mglBp,0.2,4,4,AGAGAGGCCAGGTCTTGACT,0,2349894
mglBp,0.2,4,4,AGAGAGAAATTTAGGTTAAG,0,2386749
mglBp,0.2,4,4,AGACTGTCCCACTTCAGTGA,0,2393123
mglBp,0.2,4,4,AGACTGCGGCAACGCGGGGA,0,2324433
mglBp,0.2,4,4,AGACTATCTCGAGGTCTTGG,0,2395468
mglBp,0.2,4,4,AGACGTGGGCAAAACCTTTA,0,2349686
mglBp,0.2,4,4,AGACGCAGCCAACCCTTCCT,0,2407137
mglBp,0.2,4,4,AGAATGACAGGCGAGGCTTC,0,2329442
mglBp,0.2,4,4,AGAAGCTATACGGTACGTCT,0,2321412
mglBp,0.2,4,4,AGAAGCAGTTTCGTTTGGGA,0,2357986
mglBp,0.2,4,4,AGAAGAATCTCGCCAAGACG,0,2379814
mglBp,0.2,4,4,AGAACAGAAAAGGGGGCAGC,0,2399371
mglBp,0.2,4,4,AGAAATGAGTCTCGTTCTAT,0,2327531
mglBp,0.2,4,4,AGAAAGCCGTCATTCGACCT,0,2382023
mglBp,0.2,4,4,AGAAACGGATGGGCCTGGTA,0,2339664
mglBp,0.2,4,4,ACTTTTTGGAGTTGCACAAC,0,2353402
mglBp,0.2,4,4,ACTTTCAGCATAAGGTTGCC,0,2363266
mglBp,0.2,4,4,ACTTTAAGCGGGCGTAATTT,0,2354037
mglBp,0.2,4,4,ACTTGGGGGTGGCGGCTATT,0,2387172
mglBp,0.2,4,4,ACTTGGCCTCCTATGGGAGA,0,2352840
mglBp,0.2,4,4,ACTTGCAGCAGTAGGCCTCA,0,2382637
mglBp,0.2,4,4,ACTTCTTGGATCACGGGCCT,0,2398070
mglBp,0.2,4,4,ACTTCGATGGGCGTGTGTGG,0,2331496
mglBp,0.2,4,4,ACTTCAGTACCACCCACGAC,0,2359969
mglBp,0.2,4,4,ACTTCACTCCCCTCCCAATA,0,2372740
mglBp,0.2,4,4,ACTTCAAGGATCCACCGCCC,0,2391929
mglBp,0.2,4,4,ACTGTTTTTCAGGAACCATA,0,2393585
mglBp,0.2,4,4,ACTGTTTAGCGTGTGGTAAT,0,2357865
mglBp,0.2,4,4,ACTGTTCCTAGGGCTTCTTG,0,2356360
mglBp,0.2,4,4,ACTGTAGTAACTAACTAGCA,0,2322158
mglBp,0.2,4,4,ACTGTACACCTGTGGCTCCC,0,2349811
mglBp,0.2,4,4,ACTGGGTAGCGATACTACTG,0,2336643
mglBp,0.2,4,4,ACTGGCCCTCCTTAACGCGG,0,2327378
mglBp,0.2,4,4,ACTGCGGGCCGGCCCACGTC,0,2406987
mglBp,0.2,4,4,ACTGATCTATAAGCACGTCG,0,2337567
mglBp,0.2,4,4,ACTGAAGGGGTGCAGTGACG,0,2384064
mglBp,0.2,4,4,ACTCTGAACAGACTGATTTA,0,2406576
mglBp,0.2,4,4,ACTCTCGGCTTTACCTGCAG,0,2380083
mglBp,0.2,4,4,ACTCTCATTCAGCACGGGGT,0,2400455
mglBp,0.2,4,4,ACTCGGCTTTCGTTCGTTAG,0,2377191
mglBp,0.2,4,4,ACTCGGCAGAGGGATCTCCT,0,2356227
mglBp,0.2,4,4,ACTCGCGGATCCGGCTAACT,0,2346937
mglBp,0.2,4,4,ACTCCGGCGGGCCGCCTTCG,0,2386552
mglBp,0.2,4,4,ACTCATGTGGTAGCTAGTTG,0,2320580
mglBp,0.2,4,4,ACTCATGTCGGAGCAATTAG,0,2341898
mglBp,0.2,4,4,ACTATCTTAGCGAGATCCGC,0,2380026
mglBp,0.2,4,4,ACTATATTCAGAGGCCCTCC,0,2384985
mglBp,0.2,4,4,ACTATATCACTTTAAGTTTG,0,2346352
mglBp,0.2,4,4,ACTATAAACACACGAACCGG,0,2420254
mglBp,0.2,4,4,ACTAGCAGTACATTGTTCGT,0,2348275
mglBp,0.2,4,4,ACTACCACTTGTCCCGTGAA,0,2363605
mglBp,0.2,4,4,ACGTGTCTGTTTTCTCCGAT,0,2388764
mglBp,0.2,4,4,ACGTGGTTTCAATTGACCTT,0,2336067
mglBp,0.2,4,4,ACGTGGGCGGTAAGCGGTGA,0,2319608
mglBp,0.2,4,4,ACGTGATGGTATTGCATGGG,0,2409317
mglBp,0.2,4,4,ACGTGAGAAAATTGGACGGG,0,2392452
mglBp,0.2,4,4,ACGTGAAAGTATCGGCAATA,0,2349260
mglBp,0.2,4,4,ACGTCTCTTGACTCCTTTTA,0,2334428
mglBp,0.2,4,4,ACGTCCACGACGCCGAGGCC,0,2388097
mglBp,0.2,4,4,ACGTATCAGTGTGGTCCCTT,0,2417515
mglBp,0.2,4,4,ACGTAGGTCGTATAGAGTTA,0,2343713
mglBp,0.2,4,4,ACGTAGGCATTTGTATCGTA,0,2361048
mglBp,0.2,4,4,ACGTAGATTTGACTCTATTT,0,2317509
mglBp,0.2,4,4,ACGTACGTTCCCCACACAAT,0,2408745
mglBp,0.2,4,4,ACGGTTGCCGACCCGGACCC,0,2324788
mglBp,0.2,4,4,ACGGTGTCACTGTAGAACCG,0,2387677
mglBp,0.2,4,4,ACGGTCATTCGCATACAGAT,0,2349770
mglBp,0.2,4,4,ACGGTATCATTTCCAGCAGC,0,2377041
mglBp,0.2,4,4,ACGGGGCAAGGTATTCAATT,0,2362793
mglBp,0.2,4,4,ACGGGACTCCACCTCGTGAT,0,2379540
mglBp,0.2,4,4,ACGGGAATTCGACTTTCTCG,0,2348055
mglBp,0.2,4,4,ACGGCTGCCTTTGCAGGAGA,0,2356081
mglBp,0.2,4,4,ACGGCCGCTTAAAAGATAGG,0,2392310
mglBp,0.2,4,4,ACGGAGCCGACACACTTCAA,0,2333409
mglBp,0.2,4,4,ACGGACTTACTCTGTATACT,0,2336716
mglBp,0.2,4,4,ACGCTGGCCCGCTCACGGAT,0,2422776
mglBp,0.2,4,4,ACGCTGCCATATAGGCTCAA,0,2420770
mglBp,0.2,4,4,ACGCTAGTGGGTTACAGGTT,0,2418705
mglBp,0.2,4,4,ACGCGCTGGAGGCATGCCTG,0,2359253
mglBp,0.2,4,4,ACGCGCCGGTATATGCCAGC,0,2408082
mglBp,0.2,4,4,ACGCCGATTAGCACCGAATG,0,2357806
mglBp,0.2,4,4,ACGCCGAAACCAAAGGGATA,0,2339340
mglBp,0.2,4,4,ACGCCCGTTGAGTTGTGGTA,0,2413264
mglBp,0.2,4,4,ACGATGAGTCCGTATGTTCG,0,2343926
mglBp,0.2,4,4,ACGATCGCAAATACCGAGGG,0,2365583
mglBp,0.2,4,4,ACGATAGTGGCTGCCCTAAA,0,2350876
mglBp,0.2,4,4,ACGAGATTCGCAAGCAGGGC,0,2327185
mglBp,0.2,4,4,ACGACGGAAGCGCTGGCAAC,0,2413814
mglBp,0.2,4,4,ACGACATAGTGCAAAGAGCT,0,2319131
mglBp,0.2,4,4,ACCTTATTTGTTCATTCGCA,0,2381798
mglBp,0.2,4,4,ACCTGGGCCCTCTGTGAGTA,0,2380217
mglBp,0.2,4,4,ACCTGCGTCCGTTCTACCGA,0,2400203
mglBp,0.2,4,4,ACCTGACGGCGATAGGCGAC,0,2379227
mglBp,0.2,4,4,ACCTCTCGCCCTTGGTATCG,0,2403559
mglBp,0.2,4,4,ACCTCGCTTTTGAGTCGAAA,0,2319662
mglBp,0.2,4,4,ACCTCCTTGCTATCAGCCAG,0,2395187
mglBp,0.2,4,4,ACCTCCTCGCGCAATAGCTA,0,2382763
mglBp,0.2,4,4,ACCGTATCGCTTGGGATGAT,0,2374078
mglBp,0.2,4,4,ACCGGCTAGGTTAGTGCCCA,0,2339587
mglBp,0.2,4,4,ACCGGCCCTATGCGCTCCCT,0,2379025
mglBp,0.2,4,4,ACCGCTAGCTCCGGCTTATA,0,2358499
mglBp,0.2,4,4,ACCGCGAGATTAAAATCGAC,0,2422840
mglBp,0.2,4,4,ACCGAGGTAGTGTCTCTAGG,0,2388403
mglBp,0.2,4,4,ACCGAGCTTAGAAGCTTTAA,0,2334668
mglBp,0.2,4,4,ACCGAAGGAGCACCTACCCT,0,2324778
mglBp,0.2,4,4,ACCCTGGACAGATTATTACT,0,2370072
mglBp,0.2,4,4,ACCCGTTAAAAAATACCTAC,0,2418871
mglBp,0.2,4,4,ACCCGTGACATGTCACGCCG,0,2322530
mglBp,0.2,4,4,ACCCGTATCCGCAACACACC,0,2334653
mglBp,0.2,4,4,ACCCGGGCGAGACACGTAAG,0,2367381
mglBp,0.2,4,4,ACCCGGCGCTCTGAGCAGAA,0,2374507
mglBp,0.2,4,4,ACCCCGCGCAAAAAAAAGTG,0,2357949
mglBp,0.2,4,4,ACCCCCCGCAAAAGTTACAA,0,2368181
mglBp,0.2,4,4,ACCATAGTTTACAAATTCCT,0,2410148
mglBp,0.2,4,4,ACCATAAGCAGTCTTGAATA,0,2404688
mglBp,0.2,4,4,ACCAGTGGGTTTGGATATGA,0,2339142
mglBp,0.2,4,4,ACCACCGGTTTACCTCGACT,0,2404212
mglBp,0.2,4,4,ACCACCGCTAGCCGATTTCA,0,2378079
mglBp,0.2,4,4,ACCACCAGCCAACGTGTGAC,0,2407974
mglBp,0.2,4,4,ACCAATGCTGAGCATCGCAG,0,2412220
mglBp,0.2,4,4,ACCAAGGGATAGTCTTAATG,0,2331552
mglBp,0.2,4,4,ACATGTGTTTTGCCCGAGAC,0,2408839
mglBp,0.2,4,4,ACATCATCGTTTTAACCCGG,0,2347269
mglBp,0.2,4,4,ACATCAGGACGATACGATTG,0,2375369
mglBp,0.2,4,4,ACATCACGGTCCGTTCTAAG,0,2415198
mglBp,0.2,4,4,ACATACGCATCCGTAAGAGG,0,2342504
mglBp,0.2,4,4,ACATACGCACCGCAGAAGCC,0,2326478
mglBp,0.2,4,4,ACAGTTGCGGTCGAAACTGG,0,2415099
mglBp,0.2,4,4,ACAGTAAACGTAGATGCGCA,0,2356378
mglBp,0.2,4,4,ACAGGAGTAGTGGCCAAGTG,0,2325519
mglBp,0.2,4,4,ACAGGAGTAGACATACTTGA,0,2410480
mglBp,0.2,4,4,ACAGGAGCATTAGCGGTCGG,0,2326112
mglBp,0.2,4,4,ACAGCCCAATCTAAGAGGCT,0,2329516
mglBp,0.2,4,4,ACAGACGAGAGAGCGGCCCC,0,2384435
mglBp,0.2,4,4,ACACTTGCTATAGAGTCTAG,0,2386603
mglBp,0.2,4,4,ACACGGTCTATTAGCCACAG,0,2317092
mglBp,0.2,4,4,ACACCCGGGTCTAGTGTATC,0,2402450
mglBp,0.2,4,4,ACACCATCAATCATTTCAAA,0,2374928
mglBp,0.2,4,4,ACACCACCGGCAGTCCGAAG,0,2404859
mglBp,0.2,4,4,ACAATGTCGTAGACTCCGTT,0,2332556
mglBp,0.2,4,4,ACAATCACCGCGAGACATTC,0,2348568
mglBp,0.2,4,4,ACAAGGGCGGTAGATTACAA,0,2369934
mglBp,0.2,4,4,ACAAGGCACGTGTCGCCATT,0,2404162
mglBp,0.2,4,4,ACAAGGAAGAATACTTACTA,0,2383317
mglBp,0.2,4,4,ACAAGCGGGCGGCCTCTATT,0,2411153
mglBp,0.2,4,4,ACAAGAGTCCCCTGGGACTA,0,2324964
mglBp,0.2,4,4,ACAACCCTTGTGAGGGTTAC,0,2386388
mglBp,0.2,4,4,ACAACATGCGCGAGTACGTA,0,2341017
mglBp,0.2,4,4,ACAACAAAGACTAAGTCAAT,0,2388074
mglBp,0.2,4,4,AATTTTGTTGTAGGCGCGAA,0,2388921
mglBp,0.2,4,4,AATTTTAGGCCTATCATCAA,0,2403185
mglBp,0.2,4,4,AATTTGGCGGGGAACCGAGA,0,2365400
mglBp,0.2,4,4,AATTTAGTTCAGCGTAGTCT,0,2325707
mglBp,0.2,4,4,AATTTACACGGTGAATTCTC,0,2387758
mglBp,0.2,4,4,AATTGTGCCTACTAGCTCTC,0,2385856
mglBp,0.2,4,4,AATTGCTTAATGATAAAGAG,0,2387125
mglBp,0.2,4,4,AATTCATGTGTTCAGTCGGC,0,2321902
mglBp,0.2,4,4,AATTCAGTGAGGGTTTTTTC,0,2323069
mglBp,0.2,4,4,AATTCACGGTCGCTTCGCGA,0,2415384
mglBp,0.2,4,4,AATTCAAGCGAATTGGTGGT,0,2410862
mglBp,0.2,4,4,AATTATTCCTTTTTTCAGGT,0,2374946
mglBp,0.2,4,4,AATTATGACCGTCCAGGCCA,0,2417273
mglBp,0.2,4,4,AATTATCGAAAGCTACATCA,0,2396382
mglBp,0.2,4,4,AATTAGAGGCGCAAAGGAAC,0,2387116
mglBp,0.2,4,4,AATTAGAAGGATCACCTGAA,0,2341123
mglBp,0.2,4,4,AATTAGAACCGTGCATTCTA,0,2382116
mglBp,0.2,4,4,AATTACTGGACGCCGTACAC,0,2419964
mglBp,0.2,4,4,AATTAAGCCCATAGTCATTC,0,2368388
mglBp,0.2,4,4,AATGTCATTGTGTATGATTC,0,2386544
mglBp,0.2,4,4,AATGTATTTCTTATTGTTCC,0,2398149
mglBp,0.2,4,4,AATGGTCTCTTATAGAGTTG,0,2387179
mglBp,0.2,4,4,AATGGGTACCGGTAACAGAA,0,2360164
mglBp,0.2,4,4,AATGGCGATGCCGGGCCTCA,0,2362981
mglBp,0.2,4,4,AATGGATAAAGTCCAGCTGG,0,2376334
mglBp,0.2,4,4,AATGGACTGGTTATCCTTCA,0,2422718
mglBp,0.2,4,4,AATGCATTGCTGCTAATAAC,0,2361269
mglBp,0.2,4,4,AATGACTGGGAGGGCTTAGT,0,2377147
mglBp,0.2,4,4,AATGAAAGACGCAATTAAGA,0,2410436
mglBp,0.2,4,4,AATCGCCAGCACTAGCCGTG,0,2417735
mglBp,0.2,4,4,AATCCCCATGGAGGGCACTA,0,2324155
mglBp,0.2,4,4,AATCAGAGAAAATTCCTTCA,0,2389546
mglBp,0.2,4,4,AATCAACAGTCCAACAATCA,0,2385695
mglBp,0.2,4,4,AATCAAACGTATTTTTCCAG,0,2373127
mglBp,0.2,4,4,AATAGCGCGCACTGTCCAGG,0,2380560
mglBp,0.2,4,4,AATACTGGGATACGGAATCG,0,2375981
mglBp,0.2,4,4,AATACGAAAGATAATGGGGT,0,2398013
mglBp,0.2,4,4,AATACCATCGTCGGTGTCCG,0,2345489
mglBp,0.2,4,4,AATAATGTTGACGAGTTCTA,0,2390403
mglBp,0.2,4,4,AATAAGCAACACTCCATCTT,0,2389956
mglBp,0.2,4,4,AATAAGAGTCCAAGGATCGT,0,2368810
mglBp,0.2,4,4,AAGTTCTACAGACCCCTGAC,0,2351570
mglBp,0.2,4,4,AAGTTCAAGCGACTTGCGGA,0,2322164
mglBp,0.2,4,4,AAGTTAAATCCGAGTACTTT,0,2398541
mglBp,0.2,4,4,AAGTCGATTCTCGTATGCAA,0,2405108
mglBp,0.2,4,4,AAGTCCATACTGAAGATCTA,0,2380060
mglBp,0.2,4,4,AAGTCACATTCGGAGCCATT,0,2369037
mglBp,0.2,4,4,AAGTATGGGCGATTCGATAC,0,2419786
mglBp,0.2,4,4,AAGTAGGAGATTTAAGAGGC,0,2365839
mglBp,0.2,4,4,AAGTACTGTCTAATGGGGAT,0,2346241
mglBp,0.2,4,4,AAGGTCTCAAAGAAGGCTAG,0,2386468
mglBp,0.2,4,4,AAGGTAATCAATTCGAATCT,0,2321814
mglBp,0.2,4,4,AAGGGTTTTCGACGTGTCAC,0,2412717
mglBp,0.2,4,4,AAGGCAGATTGTTCAAGCAA,0,2335279
mglBp,0.2,4,4,AAGGCACTTCACATAAGTAG,0,2380856
mglBp,0.2,4,4,AAGGCACTGAAGAGTGCACA,0,2329107
mglBp,0.2,4,4,AAGGATGGAAACCAGGGAAA,0,2415227
mglBp,0.2,4,4,AAGGAGCGACGGATCGGCAT,0,2334422
mglBp,0.2,4,4,AAGGACGGATTAAGGTACGA,0,2346053
mglBp,0.2,4,4,AAGCGGGAGATCACACCTGA,0,2371582
mglBp,0.2,4,4,AAGCGCTCGGACTCAAGTGC,0,2409944
mglBp,0.2,4,4,AAGCGACTAATTAGCCTAGA,0,2321458
mglBp,0.2,4,4,AAGCCTTTCGCTACGGTTAT,0,2345965
mglBp,0.2,4,4,AAGCCTTTACCCCTTAGACG,0,2402061
mglBp,0.2,4,4,AAGCCCTAATCGCCTTATTC,0,2414674
mglBp,0.2,4,4,AAGCCATCGCTGTCAACTCA,0,2421262
mglBp,0.2,4,4,AAGCCAACTGCTTCGATAAT,0,2339041
mglBp,0.2,4,4,AAGCATTTTATAACTTACCG,0,2360326
mglBp,0.2,4,4,AAGCATGCGTACGCCCCCAT,0,2342416
mglBp,0.2,4,4,AAGCAGTCATACGCGCGGGA,0,2325191
mglBp,0.2,4,4,AAGATTTTCATGGTGCTCAT,0,2323725
mglBp,0.2,4,4,AAGATTAGCCAACGTTATGG,0,2360119
mglBp,0.2,4,4,AAGATCGAAATTGTATTTGG,0,2327798
mglBp,0.2,4,4,AAGAGTGACCTTTAAATCCA,0,2374265
mglBp,0.2,4,4,AAGAGGTACCCATCGACTCC,0,2421968
mglBp,0.2,4,4,AAGAGCTATAACGAGCGTGG,0,2391010
mglBp,0.2,4,4,AAGAGAGCCATCAGTACCAT,0,2399954
mglBp,0.2,4,4,AAGAGAGATGTGTTACTACA,0,2417666
mglBp,0.2,4,4,AAGAGACTTCGGTGCATGTT,0,2340591
mglBp,0.2,4,4,AAGAATATGCCGGATAGGAT,0,2343326
mglBp,0.2,4,4,AAGAAACTGGTCAACGGAGA,0,2380882
mglBp,0.2,4,4,AAGAAACTCGCGCTCGCGAA,0,2360790
mglBp,0.2,4,4,AACTGTGTTTAACCCCTGTT,0,2357757
mglBp,0.2,4,4,AACTGTAGAGGCCAGCGCAG,0,2378025
mglBp,0.2,4,4,AACTGGGGCTAATCAGATCA,0,2369348
mglBp,0.2,4,4,AACTGCGGAAACTTCTAGGT,0,2381892
mglBp,0.2,4,4,AACTCGATACATCCGGCCGT,0,2336000
mglBp,0.2,4,4,AACTCATATGACCAGGTTAA,0,2323348
mglBp,0.2,4,4,AACTCAGGCGACACTTCAAA,0,2327880
mglBp,0.2,4,4,AACTCACTGGGCACTGAATG,0,2331836
mglBp,0.2,4,4,AACTAAATGACCGGTTCGGT,0,2368302
mglBp,0.2,4,4,AACGTCTCAATAGCTTGTTT,0,2397832
mglBp,0.2,4,4,AACGTCGTCGCATGAGGATC,0,2357791
mglBp,0.2,4,4,AACGTCGTACTAGCAGCAGG,0,2410354
mglBp,0.2,4,4,AACGTAAATGTAGCCCACGA,0,2401846
mglBp,0.2,4,4,AACGGGGTTGCGCTTATAAT,0,2347359
mglBp,0.2,4,4,AACGGCCATGCAGTAAAAAA,0,2349690
mglBp,0.2,4,4,AACGGCAGATAAAGAAGTGT,0,2410497
mglBp,0.2,4,4,AACGCTCAGATGCTATATTG,0,2398010
mglBp,0.2,4,4,AACGCGTCCGAACACGGAGT,0,2374345
mglBp,0.2,4,4,AACGCGCGCACCCCGCCCAA,0,2343416
mglBp,0.2,4,4,AACGCGAAGAACAACTAGAC,0,2417855
mglBp,0.2,4,4,AACGCATATTATAGAACCTG,0,2331337
mglBp,0.2,4,4,AACGAGGCCCCGGTTTACTT,0,2345354
mglBp,0.2,4,4,AACGACCTAGGAGGTACCTA,0,2408495
mglBp,0.2,4,4,AACGAATTGCCGACGGGCTC,0,2399735
mglBp,0.2,4,4,AACGAACCTAAAGCACCTCA,0,2333136
mglBp,0.2,4,4,AACCTGGATCCTCTCGTGAT,0,2358581
mglBp,0.2,4,4,AACCTAATGCCTTTGACCCC,0,2332536
mglBp,0.2,4,4,AACCGGGCGCAACCAGGCCT,0,2333250
mglBp,0.2,4,4,AACCCTGTGCATCAGTTTCA,0,2373226
mglBp,0.2,4,4,AACCCGTTTGCGTATCCATC,0,2327646
mglBp,0.2,4,4,AACCCGCTCCCCAGTCGGAA,0,2369336
mglBp,0.2,4,4,AACCCGACCATTATGTTAGT,0,2317555
mglBp,0.2,4,4,AACCCATGTTCAGGCCACTA,0,2345871
mglBp,0.2,4,4,AACCAGGAACACCACTGGAC,0,2390973
mglBp,0.2,4,4,AACATTTTTCAAAAAACTTA,0,2338290
mglBp,0.2,4,4,AACATCACTCCTAGCCGAGA,0,2363386
mglBp,0.2,4,4,AACATAGCCAATTTGCCATA,0,2398528
mglBp,0.2,4,4,AACAGGATGGGTGTGAGTGG,0,2346164
mglBp,0.2,4,4,AACAGCTTTACATCCGACGA,0,2381712
mglBp,0.2,4,4,AACAGAGGAACATGGAGCGG,0,2336837
mglBp,0.2,4,4,AACACATTCTTAATGACTAA,0,2402520
mglBp,0.2,4,4,AACAACAGTGATTTAGGTCG,0,2364033
mglBp,0.2,4,4,AAATTTGATCGGGTCGTTAA,0,2404222
mglBp,0.2,4,4,AAATTGCGGTGCACAGCTCG,0,2362523
mglBp,0.2,4,4,AAATTCAAATGAAGAGGCCT,0,2350402
mglBp,0.2,4,4,AAATCGGTAGGTAGACGCGG,0,2357569
mglBp,0.2,4,4,AAATATGTCCGGATTTGTAG,0,2319038
mglBp,0.2,4,4,AAATACTGTAGAAAGATCGT,0,2349282
mglBp,0.2,4,4,AAATACATATTTATACTCAA,0,2333050
mglBp,0.2,4,4,AAATACAATCACAGGATTAT,0,2409385
mglBp,0.2,4,4,AAAGTACCGCACGCGCTTTC,0,2366654
mglBp,0.2,4,4,AAAGGGGGTAATCGGCATGA,0,2381768
mglBp,0.2,4,4,AAAGGAGAACTGACCAGAGT,0,2353746
mglBp,0.2,4,4,AAAGCACAACCAGAAATCTA,0,2419544
mglBp,0.2,4,4,AAAGAGCAAACCCCTCTATG,0,2381178
mglBp,0.2,4,4,AAAGAATTCTTTCTGATAAT,0,2381446
mglBp,0.2,4,4,AAACTGGGCGTACATAACGT,0,2417766
mglBp,0.2,4,4,AAACTCGCAGGATCACGAGC,0,2355674
mglBp,0.2,4,4,AAACGCCCCGAAAAGTACCA,0,2369719
mglBp,0.2,4,4,AAACGCAGAAGATATCTGAT,0,2368119
mglBp,0.2,4,4,AAACCGGTATCTTTCCACTG,0,2325252
mglBp,0.2,4,4,AAACCCCTAGACGGCAAGAA,0,2325866
mglBp,0.2,4,4,AAACAGTCAACAGGGTACTA,0,2405524
mglBp,0.2,4,4,AAAATGATCAACCGTCCCAA,0,2353577
mglBp,0.2,4,4,AAAAGATCTGTGAGTCTTGG,0,2396669
mglBp,0.2,4,4,AAAACGACTCTTAGCATAAA,0,2385199
mglBp,0.2,4,4,AAAAATCAATAAGGTGTCCT,0,2398651
mglBp,0.2,4,4,AAAAAGGTAATTGGGTCAAC,0,2354606
mglBp,0.2,4,4,AAAAAGCCTGTTTAGCGGGC,0,2418412
mglBp,0.2,4,4,AAAAAATGGTCATGCGGTTT,0,2378717
mglBp,0.25,3,3,TTTTTTCACAGACAATATGT,0,2335939
mglBp,0.25,3,3,TTTTTGGAATCGCATTCCAC,0,2402016
mglBp,0.25,3,3,TTTTTGCCCGCTGGGGATAT,0,2327668
mglBp,0.25,3,3,TTTTTAGTCCCGTCGCATGA,0,2383927
mglBp,0.25,3,3,TTTTGATATCCTACTCGCTT,0,2372953
mglBp,0.25,3,3,TTTTGAGGACTTAGGTGGCG,0,2361020
mglBp,0.25,3,3,TTTTGAAGAAGCGAATATGC,0,2352810
mglBp,0.25,3,3,TTTTCTGTTTGCTCTGGTGT,0,2335466
mglBp,0.25,3,3,TTTTCGTCGCTCTGTTTACC,0,2361264
mglBp,0.25,3,3,TTTTCGATTTCTACAGTAAC,0,2380673
mglBp,0.25,3,3,TTTTCGATCCCCCAGCAGTT,0,2405017
mglBp,0.25,3,3,TTTTCCACTCTTCGACGCGT,0,2413860
mglBp,0.25,3,3,TTTTCAAGGGCTTCAAGGGT,0,2420471
mglBp,0.25,3,3,TTTTACGTAAGGAACAGATA,0,2408319
mglBp,0.25,3,3,TTTTAATGCATCCAACCTTC,0,2320621
mglBp,0.25,3,3,TTTGGTGGAAATAAATTCAA,0,2387137
mglBp,0.25,3,3,TTTGGGCCTAAGTACGCATA,0,2333973
mglBp,0.25,3,3,TTTGGACGATGGTCACTGCT,0,2409035
mglBp,0.25,3,3,TTTGCTATGCGGTGCACATT,0,2372542
mglBp,0.25,3,3,TTTGCCTCACGCAGGGAAAG,0,2325479
mglBp,0.25,3,3,TTTGAGGTATGATCAATCGC,0,2365474
mglBp,0.25,3,3,TTTGACTAGGCGTAGAGCAA,0,2350899
mglBp,0.25,3,3,TTTGAACTCGTACTTCAAAA,0,2335042
mglBp,0.25,3,3,TTTGAAATGTACTCGGACGG,0,2349553
mglBp,0.25,3,3,TTTCTTGATGCACGTACGAA,0,2383781
mglBp,0.25,3,3,TTTCTGCAACTTAAGGAAAT,0,2392205
mglBp,0.25,3,3,TTTCTCGTGCCTCCGGTTGG,0,2349617
mglBp,0.25,3,3,TTTCGCCCGGGACGCGTATT,0,2414214
mglBp,0.25,3,3,TTTCGAGACATACATATCTC,0,2335963
mglBp,0.25,3,3,TTTCCTTGCCGACTTAACAT,0,2352460
mglBp,0.25,3,3,TTTCCTATATCAGCACGCTT,0,2347515
mglBp,0.25,3,3,TTTCCTAAATAGCTTTAGGC,0,2353283
mglBp,0.25,3,3,TTTCCGTTACACTGCAGTTA,0,2333109
mglBp,0.25,3,3,TTTCCGCAGTGTCCTCGGGA,0,2394533
mglBp,0.25,3,3,TTTCATGTATTCAAGTGGTA,0,2389190
mglBp,0.25,3,3,TTTCACTCCTAAATAACCTC,0,2323269
mglBp,0.25,3,3,TTTCAATGGGCTTTTGCTAC,0,2337840
mglBp,0.25,3,3,TTTATGTAACTGACCGTGCC,0,2328721
mglBp,0.25,3,3,TTTATGCCCGGTGCGAGGAA,0,2336379
mglBp,0.25,3,3,TTTATAAACCAAAAACGTTC,0,2317690
mglBp,0.25,3,3,TTTAGTTAGTTTGCATGGGT,0,2342095
mglBp,0.25,3,3,TTTAGTCATCGAGCACCCTC,0,2347796
mglBp,0.25,3,3,TTTAGACGGGGGGGGCGGGC,0,2366226
mglBp,0.25,3,3,TTTACCATCCTATAGGCTAA,0,2351831
mglBp,0.25,3,3,TTTACACGGGTGTACGAATT,0,2353649
mglBp,0.25,3,3,TTTAATTTCACGCAATACCT,0,2418414
mglBp,0.25,3,3,TTTAATCGCCGAACTTGCTG,0,2381969
mglBp,0.25,3,3,TTTAACAAGCAAGATACGAG,0,2363920
mglBp,0.25,3,3,TTGTTCCTCCGGACCGGCGT,0,2399824
mglBp,0.25,3,3,TTGTGGTGAACGGGATTCCG,0,2375604
mglBp,0.25,3,3,TTGTGCTATACTACTCGTGG,0,2319306
mglBp,0.25,3,3,TTGTGACCTGAAGCTGCTCG,0,2398195
mglBp,0.25,3,3,TTGTCCTAATTTGAGGACGA,0,2336967
mglBp,0.25,3,3,TTGTCACCACTGAACGAAAC,0,2400153
mglBp,0.25,3,3,TTGGTTCGACTTCTCAACTA,0,2327214
mglBp,0.25,3,3,TTGGTTCCAGGTTGCACGGA,0,2371968
mglBp,0.25,3,3,TTGGTGCGAGCTTTGTGCCA,0,2369653
mglBp,0.25,3,3,TTGGTGCAGCCACGCGGCTA,0,2344482
mglBp,0.25,3,3,TTGGTCCGTTCCATGACAGC,0,2409192
mglBp,0.25,3,3,TTGGTAACATAAGAAAGATG,0,2335531
mglBp,0.25,3,3,TTGGGTGGTCAAACATTCCG,0,2387224
mglBp,0.25,3,3,TTGGGTCGTAGCACTGAGGG,0,2415934
mglBp,0.25,3,3,TTGGGTCAGACTCGCACCTC,0,2329058
mglBp,0.25,3,3,TTGGGATTTACCTCGGCTGC,0,2345225
mglBp,0.25,3,3,TTGGCGGCGCACAGAGACAT,0,2393012
mglBp,0.25,3,3,TTGGCGACTGTAGGTGGGGG,0,2333259
mglBp,0.25,3,3,TTGGCCACGAGCCTGCAGAT,0,2420137
mglBp,0.25,3,3,TTGGCAGAGCTGTTAGTCGG,0,2385231
mglBp,0.25,3,3,TTGGATATCGGGCCTAGGGT,0,2349475
mglBp,0.25,3,3,TTGGAAAAGCCGATACCTCC,0,2356710
mglBp,0.25,3,3,TTGCTGGCACAACGGATTAA,0,2361297
mglBp,0.25,3,3,TTGCTGCCGCCCCCTCATCC,0,2398456
mglBp,0.25,3,3,TTGCTGCACGCTAGAGAGCC,0,2399497
mglBp,0.25,3,3,TTGCGTTATGCACGCGTAGA,0,2336139
mglBp,0.25,3,3,TTGCGGACGGTAAGCGCTCC,0,2382506
mglBp,0.25,3,3,TTGCGCCTTATATGCTTTGA,0,2350683
mglBp,0.25,3,3,TTGCCTTCGAGCTGTGACGC,0,2346468
mglBp,0.25,3,3,TTGCCTGTGGTATTCGGAGT,0,2371336
mglBp,0.25,3,3,TTGCCTCGTGTAATAGCAAA,0,2382049
mglBp,0.25,3,3,TTGCCCGGCGTCGGGCTGTG,0,2349785
mglBp,0.25,3,3,TTGCATAGAACCCCGTGCCA,0,2404138
mglBp,0.25,3,3,TTGCATACAAGTTGAGGAGA,0,2418011
mglBp,0.25,3,3,TTGCACGGGGTCCAAAATAC,0,2334648
mglBp,0.25,3,3,TTGCAACCGGCTCTCTCCAG,0,2398092
mglBp,0.25,3,3,TTGATGGGAAAAATCAGAGG,0,2366061
mglBp,0.25,3,3,TTGATAACATGTCAACCACG,0,2410807
mglBp,0.25,3,3,TTGAGGTGATAAGAAGCCTA,0,2355275
mglBp,0.25,3,3,TTGACTACTTTGTTTGCTAG,0,2401034
mglBp,0.25,3,3,TTGACACTAGGGGGGGAGGC,0,2352289
mglBp,0.25,3,3,TTGAACAAACATTGCTCTAA,0,2382914
mglBp,0.25,3,3,TTGAAATAGTTTGAGTCAAA,0,2342389
mglBp,0.25,3,3,TTCTTTTCAACGGTACTGCT,0,2389710
mglBp,0.25,3,3,TTCTTAAACGCACGCGCAAG,0,2342898
mglBp,0.25,3,3,TTCTGTTTGCAGTCCATGCC,0,2367903
mglBp,0.25,3,3,TTCTGTCGGGTCCAGAAATT,0,2384619
mglBp,0.25,3,3,TTCTGGTTGAAGGTCGGCGT,0,2342618
mglBp,0.25,3,3,TTCTGGGGGCTGACAGTTGG,0,2322528
mglBp,0.25,3,3,TTCTGCAGGGGGGCACACTC,0,2373643
mglBp,0.25,3,3,TTCTAGCCCCAAACTCCGAG,0,2380647
mglBp,0.25,3,3,TTCTAATGTTGAATGTCCTT,0,2362250
mglBp,0.25,3,3,TTCTAAGGTTGTCCTATGCA,0,2402529
mglBp,0.25,3,3,TTCGTGGCTAGTAGGTAAAA,0,2321044
mglBp,0.25,3,3,TTCGTCTGACACGGGATACC,0,2369536
mglBp,0.25,3,3,TTCGGGGGCACGGGCTCAAG,0,2375641
mglBp,0.25,3,3,TTCGGCTGGTGCGGCGGCCA,0,2400041
mglBp,0.25,3,3,TTCGGCCACACCCGGTGGTG,0,2415812
mglBp,0.25,3,3,TTCGCTTCAGTCGCCGATCG,0,2389503
mglBp,0.25,3,3,TTCGATCACTGTAAGTATAA,0,2336055
mglBp,0.25,3,3,TTCGAGCGTGTATGGTTCTT,0,2352677
mglBp,0.25,3,3,TTCGAATTAAGCACGTGGGT,0,2349838
mglBp,0.25,3,3,TTCGAAGGACAAGTCTTTCC,0,2322606
mglBp,0.25,3,3,TTCCTTCTACCGGCATCCAA,0,2366415
mglBp,0.25,3,3,TTCCTGCCCGTCTGACTGGG,0,2404953
mglBp,0.25,3,3,TTCCTCGAATGGTCTCTATT,0,2345048
mglBp,0.25,3,3,TTCCTAGCGTATTCAACGTA,0,2371695
mglBp,0.25,3,3,TTCCGTTTACCACCTTGCTG,0,2394044
mglBp,0.25,3,3,TTCCGGTCATGAACTGACCA,0,2389549
mglBp,0.25,3,3,TTCCGCTACACTGAGTTACG,0,2318901
mglBp,0.25,3,3,TTCCCGCGGCCGGTCGGATA,0,2345140
mglBp,0.25,3,3,TTCCAGCCATAACCACCATG,0,2417301
mglBp,0.25,3,3,TTCCAATCAGGCGGGCCTAA,0,2384489
mglBp,0.25,3,3,TTCATCGGTAGGTCTTGTCT,0,2396778
mglBp,0.25,3,3,TTCATCACTGTGGTAGGTAA,0,2401355
mglBp,0.25,3,3,TTCATATGCTACAGCGTTGC,0,2335174
mglBp,0.25,3,3,TTCATATAGTTTATATTCAT,0,2405333
mglBp,0.25,3,3,TTCAGGTTGGAGGAGCCTAC,0,2336505
mglBp,0.25,3,3,TTCAGGTGCTCGGAAGATCT,0,2403810
mglBp,0.25,3,3,TTCAGCCCGATTTTATTACG,0,2388714
mglBp,0.25,3,3,TTCACTAAAGTGGAGATCTA,0,2403450
mglBp,0.25,3,3,TTCACGGGCTTATCGATCGG,0,2386504
mglBp,0.25,3,3,TTCAAGGGTCAGGAAGAGGC,0,2395609
mglBp,0.25,3,3,TTCAAGACCATCGCGTTCAC,0,2320843
mglBp,0.25,3,3,TTCAACCACCCCTGCCCTGA,0,2393423
mglBp,0.25,3,3,TTATTGACGGTTCATAACCA,0,2325047
mglBp,0.25,3,3,TTATTCGATTTTCGAACTGT,0,2364586
mglBp,0.25,3,3,TTATGTCTCGTTCGCAAAAG,0,2338767
mglBp,0.25,3,3,TTATGGCTATGTAAGAAACA,0,2343005
mglBp,0.25,3,3,TTATCTAAGAAAGAGTCCGA,0,2412205
mglBp,0.25,3,3,TTATCCCGCTATAGTGCATC,0,2378567
mglBp,0.25,3,3,TTATCATGACAACAATCTGT,0,2390186
mglBp,0.25,3,3,TTATAAATTATACATATTTA,0,2324248
mglBp,0.25,3,3,TTAGTTTCATCGGAGCCCCT,0,2396578
mglBp,0.25,3,3,TTAGTCTGTTGGTTAATACA,0,2400339
mglBp,0.25,3,3,TTAGTACTCATCCTACAACC,0,2334122
mglBp,0.25,3,3,TTAGGTGACCTTTGGGTTCA,0,2340412
mglBp,0.25,3,3,TTAGGGTCTTTTATCTAAAT,0,2385477
mglBp,0.25,3,3,TTAGGGCACCGATATCGCTA,0,2418637
mglBp,0.25,3,3,TTAGGAGTGACCTAGGCTTA,0,2369852
mglBp,0.25,3,3,TTAGCTTCGACACATTACTT,0,2338209
mglBp,0.25,3,3,TTAGCGAAATACCGCAGTCG,0,2341055
mglBp,0.25,3,3,TTAGCCTTTAGGTCATACAT,0,2352504
mglBp,0.25,3,3,TTAGCCCTCCCCAACGATGG,0,2384933
mglBp,0.25,3,3,TTAGACGTTCCTGGGTACCA,0,2382248
mglBp,0.25,3,3,TTAGACGGACTGAGGAAGAC,0,2316427
mglBp,0.25,3,3,TTAGAACATATTTCTGTTGT,0,2398915
mglBp,0.25,3,3,TTACTGAGGTCATATAAACA,0,2326229
mglBp,0.25,3,3,TTACATAAGGGTAACACTTA,0,2405641
mglBp,0.25,3,3,TTACAGGAGTGTAGGGTAGA,0,2340653
mglBp,0.25,3,3,TTACACTCATGTCACCTCTT,0,2396809
mglBp,0.25,3,3,TTAAGGTAAACAAAGACAGG,0,2317327
mglBp,0.25,3,3,TTAAGGCTTATTTTGAGAGG,0,2416806
mglBp,0.25,3,3,TTAAGCAACCATTACCGAGC,0,2422995
mglBp,0.25,3,3,TTAACTAGGGTGACTGAGCG,0,2423515
mglBp,0.25,3,3,TTAAATAGGTCATCCTGCTT,0,2404443
mglBp,0.25,3,3,TTAAAGGATGCAGTGGACAT,0,2355813
mglBp,0.25,3,3,TTAAACCGCAAAAATGTCTA,0,2354769
mglBp,0.25,3,3,TGTTTCTAAGTCCAAAACAT,0,2376247
mglBp,0.25,3,3,TGTTTCCGAAAGATACTACT,0,2387491
mglBp,0.25,3,3,TGTTTAGGTGCTGGGAATAC,0,2422439
mglBp,0.25,3,3,TGTTGTTACGACGCGGTACA,0,2374525
mglBp,0.25,3,3,TGTTCGTTGCGATATACGCA,0,2329409
mglBp,0.25,3,3,TGTTCGCCCAGCTCTACCGA,0,2354496
mglBp,0.25,3,3,TGTTCCCATAACGTTCTCAA,0,2344056
mglBp,0.25,3,3,TGTGTAGTTCGATCGGCCAG,0,2406884
mglBp,0.25,3,3,TGTGTAGGAAAAGAAAGTCT,0,2382184
mglBp,0.25,3,3,TGTGGGCAGCTGGGACCTAG,0,2329360
mglBp,0.25,3,3,TGTGCTGTACCTACCACGCA,0,2408915
mglBp,0.25,3,3,TGTCGTGCATAGGGCTCTCT,0,2407194
mglBp,0.25,3,3,TGTCGTAACAGAGGTTGCTA,0,2370743
mglBp,0.25,3,3,TGTCGGTCGATCAGGTGCCA,0,2416753
mglBp,0.25,3,3,TGTCGGAGTATCGAGCTGGG,0,2332158
mglBp,0.25,3,3,TGTCCTGGGGGTCTCTGCGA,0,2328907
mglBp,0.25,3,3,TGTCCTCGGTGTGGCATTAA,0,2329104
mglBp,0.25,3,3,TGTCCTAGAATTTGCTATAC,0,2356189
mglBp,0.25,3,3,TGTCCGCGGGAGAGTCGTTG,0,2390420
mglBp,0.25,3,3,TGTCCAAAAACGCAATACGA,0,2367058
mglBp,0.25,3,3,TGTCATGAGGGTTCTTTAAT,0,2418027
mglBp,0.25,3,3,TGTCACCTCGAACACAACCT,0,2321932
mglBp,0.25,3,3,TGTCACACGGGATTGCGGTT,0,2391755
mglBp,0.25,3,3,TGTATGCGGTTGACAGATCA,0,2347880
mglBp,0.25,3,3,TGTAGTGCTTTGACATACAT,0,2415795
mglBp,0.25,3,3,TGTAGCCTAGATCACGACAT,0,2353414
mglBp,0.25,3,3,TGTAGCCCCTGAATTGGCGT,0,2340516
mglBp,0.25,3,3,TGTAGAATGCGGGTAAGGAT,0,2402531
mglBp,0.25,3,3,TGTACAGGGACCCTTACACA,0,2386380
mglBp,0.25,3,3,TGTACACTTTTTACGGCACA,0,2413989
mglBp,0.25,3,3,TGTAATCGGCCCGCACTTAA,0,2319770
mglBp,0.25,3,3,TGTAAGATGTTTGTTTGCTT,0,2400560
mglBp,0.25,3,3,TGTAACGCGGGTGGTCATAC,0,2390109
mglBp,0.25,3,3,TGTAACACCTACGCCGAGCT,0,2415823
mglBp,0.25,3,3,TGTAAAGGCCCGATCGCGGA,0,2374165
mglBp,0.25,3,3,TGTAAACATGTCCGAACGTT,0,2347971
mglBp,0.25,3,3,TGGTTAGATACCTGTTTACT,0,2407982
mglBp,0.25,3,3,TGGTGCTTGTCGGGTCCTGA,0,2361692
mglBp,0.25,3,3,TGGTGACCATCTTGCGGTAA,0,2381255
mglBp,0.25,3,3,TGGTGAACCAGATGAGGTTC,0,2387883
mglBp,0.25,3,3,TGGTCGTGAGCTTCTAAAGA,0,2399002
mglBp,0.25,3,3,TGGTCCGGGGTTCACACTGA,0,2367232
mglBp,0.25,3,3,TGGTATACTCACTTACAGAT,0,2409873
mglBp,0.25,3,3,TGGTAGGATTGCAAGGACTG,0,2345308
mglBp,0.25,3,3,TGGTAATGCAAAGCACCGGT,0,2347529
mglBp,0.25,3,3,TGGGTGGGCACTTATAAAAG,0,2403037
mglBp,0.25,3,3,TGGGTCACTTTAGGGAATTA,0,2338224
mglBp,0.25,3,3,TGGGTACCTCGCATCCTCCT,0,2340051
mglBp,0.25,3,3,TGGGGGTTTGAGGCCTTAGC,0,2405886
mglBp,0.25,3,3,TGGGGCTTCCCATCCGGTAT,0,2359732
mglBp,0.25,3,3,TGGGCGGATGGGTTGCCTGT,0,2402021
mglBp,0.25,3,3,TGGGCAGATGCCTAGCCACG,0,2416054
mglBp,0.25,3,3,TGGGATTTTTATGCGTATCT,0,2390406
mglBp,0.25,3,3,TGGGATCAGGCGCGTCTTTG,0,2322686
mglBp,0.25,3,3,TGGGAGGACGGGGTTTCACA,0,2396672
mglBp,0.25,3,3,TGGGACGCCAAGTCTCTCGA,0,2408257
mglBp,0.25,3,3,TGGCTTAGTAAACTGTTGTC,0,2376659
mglBp,0.25,3,3,TGGCTGGAGATGATGCACCT,0,2337247
mglBp,0.25,3,3,TGGCTCTTTGGCCTCTCGCT,0,2330160
mglBp,0.25,3,3,TGGCTCGCACAGCTGGATGA,0,2343716
mglBp,0.25,3,3,TGGCTATAGGTAGGAGCGGA,0,2388570
mglBp,0.25,3,3,TGGCTATAAAACCGTGTTTT,0,2319648
mglBp,0.25,3,3,TGGCGGTCTCCTGCATGAAC,0,2385630
mglBp,0.25,3,3,TGGCGCTTCGGGCGACGGGA,0,2328701
mglBp,0.25,3,3,TGGCGCCGACTATAAGGCCA,0,2341731
mglBp,0.25,3,3,TGGCGAAAAGTGTTCGATAG,0,2385277
mglBp,0.25,3,3,TGGCCTTTCGGTCCAGTGCT,0,2371751
mglBp,0.25,3,3,TGGCCTAAGGTTCCTGTGCC,0,2325151
mglBp,0.25,3,3,TGGCACTTCGCTCCTGGAGC,0,2377754
mglBp,0.25,3,3,TGGCACGCGTATAATGGGCG,0,2394024
mglBp,0.25,3,3,TGGCAAGGGGAGGCACGATT,0,2349569
mglBp,0.25,3,3,TGGATTTGGAGAACCCAGGT,0,2388101
mglBp,0.25,3,3,TGGATCTAGACGATAATTGT,0,2372135
mglBp,0.25,3,3,TGGATATAGGTAAGCGTCTC,0,2329910
mglBp,0.25,3,3,TGGATATAGCTTTTAACGGA,0,2423439
mglBp,0.25,3,3,TGGAGTTTAGGTGGCTCTGA,0,2402712
mglBp,0.25,3,3,TGGAGCCGAAAGACCGAATG,0,2358386
mglBp,0.25,3,3,TGGAGAAGGGCGGGAAATCT,0,2416745
mglBp,0.25,3,3,TGGACTTGAAGTCTGCGTGA,0,2379422
mglBp,0.25,3,3,TGGACTCGTGTATAGTTTGA,0,2336822
mglBp,0.25,3,3,TGGACTATATCGTCCACTGA,0,2413664
mglBp,0.25,3,3,TGGACGAAGTCTATATCTCA,0,2392316
mglBp,0.25,3,3,TGGACCACGCGATGATGATA,0,2327149
mglBp,0.25,3,3,TGGAATAAGACACTGCGATG,0,2343110
mglBp,0.25,3,3,TGGAACGTCAGCTTTACCAG,0,2337738
mglBp,0.25,3,3,TGGAACCTGGTTTCAATGTG,0,2324492
mglBp,0.25,3,3,TGGAAACAGCATATAGAAAC,0,2402565
mglBp,0.25,3,3,TGCTTTTTCAGATACAATAG,0,2372196
mglBp,0.25,3,3,TGCTTTTGACGATATTATCA,0,2367464
mglBp,0.25,3,3,TGCTTTCTGTCCACCGCAAG,0,2348047
mglBp,0.25,3,3,TGCTTGCGGGACGAGATTCT,0,2328717
mglBp,0.25,3,3,TGCTTGCAAGGTCAAACGCT,0,2418954
mglBp,0.25,3,3,TGCTTCTTCAGTCCTCACGG,0,2332514
mglBp,0.25,3,3,TGCTCTACAAATAGAGTCTG,0,2359094
mglBp,0.25,3,3,TGCTCCTAAACCTAGCAGGC,0,2406942
mglBp,0.25,3,3,TGCGTGATCCTGGGCAACTA,0,2323863
mglBp,0.25,3,3,TGCGTGACGAAGTCGCGCTC,0,2322833
mglBp,0.25,3,3,TGCGTATCTGGTGGCTAGCT,0,2353062
mglBp,0.25,3,3,TGCGGTCTGGCGCTTCGCCT,0,2340905
mglBp,0.25,3,3,TGCGGCCGATACGTATTATA,0,2372120
mglBp,0.25,3,3,TGCCTATTCGATTGGCGGAG,0,2413088
mglBp,0.25,3,3,TGCCTAAAGTTAGGCGTAGA,0,2366503
mglBp,0.25,3,3,TGCCGTTGGGACTTCCATAT,0,2327314
mglBp,0.25,3,3,TGCCGTGTTTTCCCACACCC,0,2372726
mglBp,0.25,3,3,TGCCGTCGCCTTCGGACCGC,0,2365911
mglBp,0.25,3,3,TGCCGGGGGCCTTCACGCTA,0,2371472
mglBp,0.25,3,3,TGCCGCCACGGCCATTGTTC,0,2365985
mglBp,0.25,3,3,TGCCCGACAAGGCTGTCTTG,0,2347642
mglBp,0.25,3,3,TGCCAGTGTTGTTTATGCAT,0,2327154
mglBp,0.25,3,3,TGCCAGGGGCATGGAGGTCT,0,2351374
mglBp,0.25,3,3,TGCATGTATCAGACACTACT,0,2385643
mglBp,0.25,3,3,TGCATGGGAATTATTTCTAA,0,2406090
mglBp,0.25,3,3,TGCAGCCCCTCTTCTATGCG,0,2319553
mglBp,0.25,3,3,TGCAGATACCTCTATCGTTG,0,2423198
mglBp,0.25,3,3,TGCAGAGCGAATCCGCCTAT,0,2347037
mglBp,0.25,3,3,TGCACGGAAGATTTTAGGAT,0,2331726
mglBp,0.25,3,3,TGCACAGAGCTGAGGACTAC,0,2393569
mglBp,0.25,3,3,TGCAAGCACGTCAATTCAGT,0,2325725
mglBp,0.25,3,3,TGCAACATGTCGCTCAAGTG,0,2408574
mglBp,0.25,3,3,TGATTTTCTCCGGATTCGGG,0,2382517
mglBp,0.25,3,3,TGATTGAGTTGTGCCTGTCG,0,2387856
mglBp,0.25,3,3,TGATTCAATTGCCAACTGAT,0,2393279
mglBp,0.25,3,3,TGATGTGGTCCCATACGTGA,0,2364340
mglBp,0.25,3,3,TGATGGAACCGACAAATAAT,0,2391508
mglBp,0.25,3,3,TGATCTCGCTACCGAAGGGT,0,2381739
mglBp,0.25,3,3,TGATCGTACCGGTATACAGA,0,2338501
mglBp,0.25,3,3,TGATATATCAAATACTCGAT,0,2369293
mglBp,0.25,3,3,TGATAGCGTCGAATGCTAGA,0,2334341
mglBp,0.25,3,3,TGATACGTCTTTGCGGGTCA,0,2370261
mglBp,0.25,3,3,TGAGTTTCCGTGGCTGATGG,0,2385121
mglBp,0.25,3,3,TGAGTCGTGCTCGGTGTCTT,0,2330469
mglBp,0.25,3,3,TGAGTCAGTTGTGCGAACCG,0,2404065
mglBp,0.25,3,3,TGAGTAGGCCATGGGCGGGG,0,2326510
mglBp,0.25,3,3,TGAGGGGGTCTGCCCTAGTG,0,2407372
mglBp,0.25,3,3,TGAGGGACGAGCAGGTCAAC,0,2351640
mglBp,0.25,3,3,TGAGGAAACCGTCCAATCAT,0,2371755
mglBp,0.25,3,3,TGAGACCACAGGGTCGGTAG,0,2336256
mglBp,0.25,3,3,TGAGACATAAGTCGGTCGCC,0,2368193
mglBp,0.25,3,3,TGAGACAAACCGAGTACCCT,0,2341804
mglBp,0.25,3,3,TGACTGGATGCGCGCCCCAT,0,2388166
mglBp,0.25,3,3,TGACTATAGTGGTTAATTCA,0,2416886
mglBp,0.25,3,3,TGACTAACAACATTGGGCTG,0,2362890
mglBp,0.25,3,3,TGACGCTTTTTTCAATGTCG,0,2333858
mglBp,0.25,3,3,TGACGAGTGATGTTATGGGT,0,2316432
mglBp,0.25,3,3,TGACGAAGACCGCCCGAGTA,0,2360066
mglBp,0.25,3,3,TGACATGGCGACCTTCGATC,0,2343220
mglBp,0.25,3,3,TGACAGTTGGCCAGCCAACT,0,2406923
mglBp,0.25,3,3,TGACACAGTCCGTTCATCCT,0,2334922
mglBp,0.25,3,3,TGACAATGTGTGCCGGCTCG,0,2326628
mglBp,0.25,3,3,TGAATCTTGCAACATTTATC,0,2409409
mglBp,0.25,3,3,TGAATCGATTTTGCAAGAGT,0,2393105
mglBp,0.25,3,3,TGAATCAAAAGGAACGCTCG,0,2365278
mglBp,0.25,3,3,TGAATATGACTCCACAGCCC,0,2396015
mglBp,0.25,3,3,TGAAGGTATGCACGTGGTTA,0,2383770
mglBp,0.25,3,3,TGAAGAAGGATTAGCACCCG,0,2423191
mglBp,0.25,3,3,TGAACCTAACTGTACTCGGG,0,2355289
mglBp,0.25,3,3,TGAACATTGGAAAGTGCATT,0,2373195
mglBp,0.25,3,3,TGAACATGAACTATATGGCT,0,2409692
mglBp,0.25,3,3,TGAACAGCTTGCAGTAACAC,0,2378709
mglBp,0.25,3,3,TGAACAATCTCCCGCCCGGA,0,2375319
mglBp,0.25,3,3,TGAAAGAGTTTTTTCGCCAG,0,2335086
mglBp,0.25,3,3,TGAAACTGCGATCGCAACCA,0,2377371
mglBp,0.25,3,3,TGAAACCACAAGTAATTATG,0,2332767
mglBp,0.25,3,3,TGAAACAGGTTGCCTGTAGG,0,2345915
mglBp,0.25,3,3,TGAAACAGGGCAGCCGCAGT,0,2317094
mglBp,0.25,3,3,TGAAACACGCCACTGGGGTA,0,2423532
mglBp,0.25,3,3,TGAAAATTTCGGAATTGACA,0,2331923
mglBp,0.25,3,3,TCTTTGGTCGATATAGTCTG,0,2416869
mglBp,0.25,3,3,TCTTTCGGCGCCATTCGAAA,0,2326788
mglBp,0.25,3,3,TCTTTATAGGCGCACACTCT,0,2322374
mglBp,0.25,3,3,TCTTTATACAAATTTACAGA,0,2420629
mglBp,0.25,3,3,TCTTTACCGTCTTATTAACT,0,2406358
mglBp,0.25,3,3,TCTTTAAGCTTCGTGGCACC,0,2351873
mglBp,0.25,3,3,TCTTTAACGTGACAGAAGAA,0,2371143
mglBp,0.25,3,3,TCTTGTGTCTGGCCGGTGAA,0,2389450
mglBp,0.25,3,3,TCTTGATTTTGCGCCCGTTA,0,2338691
mglBp,0.25,3,3,TCTTCTTAGGTTATACATTA,0,2373798
mglBp,0.25,3,3,TCTTCTCAGAGCTATGGCCG,0,2395326
mglBp,0.25,3,3,TCTTCGTAAGAGACTTCACC,0,2371784
mglBp,0.25,3,3,TCTTCGCAGCACGTTGGTAA,0,2371521
mglBp,0.25,3,3,TCTTCCTTTGATATTCAGGC,0,2423622
mglBp,0.25,3,3,TCTTCACAGAACACGAACAA,0,2404236
mglBp,0.25,3,3,TCTGTCCACATGCTGCCGAA,0,2318285
mglBp,0.25,3,3,TCTGGTCTGTACCTACACGA,0,2322332
mglBp,0.25,3,3,TCTGGTAGAATGGCTGATAA,0,2404776
mglBp,0.25,3,3,TCTGGGAGCATTTAGCCATA,0,2382370
mglBp,0.25,3,3,TCTGCTGAGGCCAGAAACTA,0,2414531
mglBp,0.25,3,3,TCTGCGGTCCCGATGGCATG,0,2406899
mglBp,0.25,3,3,TCTGCCGCGCTGTTGTTCTT,0,2333970
mglBp,0.25,3,3,TCTGCAACGGCGCGTACCCG,0,2375927
mglBp,0.25,3,3,TCTGAATTAGGTGTCTAGTT,0,2330417
mglBp,0.25,3,3,TCTCTCGTGGTTCACGTGAG,0,2391256
mglBp,0.25,3,3,TCTCGCAGCCAAGCATGTGA,0,2405627
mglBp,0.25,3,3,TCTCCTATCTCGTTAGGTTT,0,2328937
mglBp,0.25,3,3,TCTCCGCGCCCGAGGTCATT,0,2334572
mglBp,0.25,3,3,TCTCCATGGTAGTACATTCA,0,2418779
mglBp,0.25,3,3,TCTCATCAAGACTTCCTCAA,0,2350754
mglBp,0.25,3,3,TCTCAGGTTGGACATGGTAC,0,2386861
mglBp,0.25,3,3,TCTCACTAAGCGTACGACGT,0,2400410
mglBp,0.25,3,3,TCTCAATATTAGAAGGGTAT,0,2419298
mglBp,0.25,3,3,TCTCAACGCCCTCTCTCGAA,0,2396048
mglBp,0.25,3,3,TCTATTAAGCCGCTTTGATG,0,2319453
mglBp,0.25,3,3,TCTATGGTGGAGCAGTGACG,0,2351593
mglBp,0.25,3,3,TCTATCAATAAGAGCGAGAA,0,2329220
mglBp,0.25,3,3,TCTATAACCGCTTATAGTAG,0,2401977
mglBp,0.25,3,3,TCTAGTAAAAGGAACCCATA,0,2392790
mglBp,0.25,3,3,TCTAGAGTTCGTCGCGGAAT,0,2374562
mglBp,0.25,3,3,TCTAGAAGCTCCACTTATTA,0,2337699
mglBp,0.25,3,3,TCTACGCTGGCATGGCGATG,0,2399320
mglBp,0.25,3,3,TCTACACATAGGTTACTGGG,0,2392245
mglBp,0.25,3,3,TCTACAAGCCAGAACTCCGC,0,2403796
mglBp,0.25,3,3,TCTAATTTCAAGTTACCCGG,0,2381499
mglBp,0.25,3,3,TCTAATACATGGAATTAAAG,0,2369441
mglBp,0.25,3,3,TCGTTTGGAGAGTACGAGGG,0,2378318
mglBp,0.25,3,3,TCGTTGGGGGACGAAGGGCA,0,2350994
mglBp,0.25,3,3,TCGTTCCTTCTGGTACCGGA,0,2381406
mglBp,0.25,3,3,TCGTTACTTTACCTCGTAAG,0,2373099
mglBp,0.25,3,3,TCGTTACTACTCACGACTTA,0,2376790
mglBp,0.25,3,3,TCGTCTGCTATAGTTCGTGA,0,2368670
mglBp,0.25,3,3,TCGTCTCATGCTACCCCTCC,0,2366837
mglBp,0.25,3,3,TCGTATGACACGTGACAGGT,0,2321635
mglBp,0.25,3,3,TCGTACTTTGTGTCGATCGG,0,2411407
mglBp,0.25,3,3,TCGTACGACGATGTAGAGTT,0,2355589
mglBp,0.25,3,3,TCGGTTTTATTCCCGGACAA,0,2414596
mglBp,0.25,3,3,TCGGTTCAGTGAGTGAGTGT,0,2338869
mglBp,0.25,3,3,TCGGTCTATCTGTCATTTAC,0,2407765
mglBp,0.25,3,3,TCGGGTGCGACTTATGTCTC,0,2418800
mglBp,0.25,3,3,TCGGGATTGGTCGTCCGAGT,0,2383967
mglBp,0.25,3,3,TCGGCGTGTGACTTTGGGCT,0,2339734
mglBp,0.25,3,3,TCGGCCTTAGTTTATTTGTA,0,2321624
mglBp,0.25,3,3,TCGGCCGTGGGTACTAAATT,0,2396801
mglBp,0.25,3,3,TCGGCATGGTACTCCGATGT,0,2339916
mglBp,0.25,3,3,TCGGAGGGGAGGCAAACACT,0,2357380
mglBp,0.25,3,3,TCGGAGGCACGGCGGGAGCG,0,2376494
mglBp,0.25,3,3,TCGGAGGACAGGAGATAGGA,0,2317010
mglBp,0.25,3,3,TCGGAATACGATGCTCAGGT,0,2389811
mglBp,0.25,3,3,TCGCTATGAAACGTGAGATT,0,2378257
mglBp,0.25,3,3,TCGCTAGGTGGACAGTCCAC,0,2411619
mglBp,0.25,3,3,TCGCGTACACTAGAGCGGCC,0,2330968
mglBp,0.25,3,3,TCGCGGAACCGCCAGACGTA,0,2342406
mglBp,0.25,3,3,TCGCGCCGCCCAAAAACTGA,0,2412618
mglBp,0.25,3,3,TCGCGCCCACTAGAGAACAG,0,2405910
mglBp,0.25,3,3,TCGCCTCACTAATGCTCGGT,0,2379851
mglBp,0.25,3,3,TCGCCTAACAACAGGCCCGG,0,2343399
mglBp,0.25,3,3,TCGCCCGGGACGGACCCTGG,0,2411367
mglBp,0.25,3,3,TCGCATCTCCGGCCATGCAG,0,2423177
mglBp,0.25,3,3,TCGCAATCCTGGTGTAACCT,0,2388780
mglBp,0.25,3,3,TCGCAAGGAGGGTTTTCTGG,0,2380388
mglBp,0.25,3,3,TCGCAACTACCACCTTCCCT,0,2338937
mglBp,0.25,3,3,TCGATGGTGTTCACACGTCC,0,2367340
mglBp,0.25,3,3,TCGATAGGCTCGTCGGGAAT,0,2377087
mglBp,0.25,3,3,TCGAGTGGTAGCTGGCTAAC,0,2338416
mglBp,0.25,3,3,TCGAGGGAATTACGATAAAT,0,2330816
mglBp,0.25,3,3,TCGACTGTGTTGCGCTCACA,0,2323115
mglBp,0.25,3,3,TCGACGTTTTCTATCTGTTT,0,2404169
mglBp,0.25,3,3,TCGACGAGTATAGGGTAAGA,0,2325262
mglBp,0.25,3,3,TCGACATACGTACCGTTTAT,0,2344291
mglBp,0.25,3,3,TCGAAGCGCATTATTATGTA,0,2339008
mglBp,0.25,3,3,TCCTTTTGGCCGCATAAGCA,0,2395805
mglBp,0.25,3,3,TCCTGTCGGCAAAAATTGGG,0,2351129
mglBp,0.25,3,3,TCCTGTATGACAAAACTATT,0,2316655
mglBp,0.25,3,3,TCCTGTAGTAACTTTAAACA,0,2317616
mglBp,0.25,3,3,TCCTGGCAGGGCTTAGAAAC,0,2318099
mglBp,0.25,3,3,TCCTGCTGTTATGTCGTCTC,0,2360356
mglBp,0.25,3,3,TCCTCGTGTAAAGTCCTCCT,0,2359234
mglBp,0.25,3,3,TCCTCATTCGGTAACCCGGC,0,2344679
mglBp,0.25,3,3,TCCTCACCGGGATGGGGCAG,0,2404870
mglBp,0.25,3,3,TCCTAGCGATTGTACGGAGC,0,2317614
mglBp,0.25,3,3,TCCGTGTAGGCTGAACGACT,0,2336504
mglBp,0.25,3,3,TCCGGCTAGGCGCAGGTTGC,0,2368456
mglBp,0.25,3,3,TCCGGCTAATAAATGTTCTC,0,2318592
mglBp,0.25,3,3,TCCGGCTAAGCAAGCCATGG,0,2368579
mglBp,0.25,3,3,TCCGCGTTGCGCTTTTAGTT,0,2410677
mglBp,0.25,3,3,TCCGCGGTTTTATCGCGCCA,0,2343540
mglBp,0.25,3,3,TCCGCAGGTTCTTTGATGGA,0,2380302
mglBp,0.25,3,3,TCCGACACAGGAGTTCGGTG,0,2420979
mglBp,0.25,3,3,TCCGAATGGAGAGGAATATG,0,2347754
mglBp,0.25,3,3,TCCCTGGCTGCTACACGCTG,0,2369276
mglBp,0.25,3,3,TCCCTATGTACAAACATGAG,0,2393372
mglBp,0.25,3,3,TCCCGGCCCACCGTGGGCCA,0,2329890
mglBp,0.25,3,3,TCCCGAGCATACATGTAGTA,0,2325359
mglBp,0.25,3,3,TCCCCGAACTCATCAGTACA,0,2374039
mglBp,0.25,3,3,TCCCCCTGGTAATACGTTAG,0,2393766
mglBp,0.25,3,3,TCCATTCATAGTAAGGTTTT,0,2389125
mglBp,0.25,3,3,TCCATGGAAGTCACCTGTTG,0,2348530
mglBp,0.25,3,3,TCCATGCGGGTCTTCTTGAG,0,2390411
mglBp,0.25,3,3,TCCAGGCACACGTGTCCTGG,0,2423218
mglBp,0.25,3,3,TCCAGCTAATCGGCCATCTA,0,2366496
mglBp,0.25,3,3,TCCAGAGCCATGCCGTGTTC,0,2317827
mglBp,0.25,3,3,TCCACTGTAATTCGGGCCGA,0,2381797
mglBp,0.25,3,3,TCCACCCGCTGCTGGTGTCT,0,2317080
mglBp,0.25,3,3,TCCACAAGACATCTATGTGG,0,2358115
mglBp,0.25,3,3,TCCAATGCGATGTGCTAGAA,0,2340050
mglBp,0.25,3,3,TCCAATAAGATTGCGTTTGG,0,2374783
mglBp,0.25,3,3,TCATTGCCGCAGGAGTAGGT,0,2357124
mglBp,0.25,3,3,TCATTATATCTCTTTCGGTT,0,2373632
mglBp,0.25,3,3,TCATTAATTTATACACTTTC,0,2378947
mglBp,0.25,3,3,TCATGTGAGCACAGTTGGAT,0,2401024
mglBp,0.25,3,3,TCATGGGGTATGCAAAGTTG,0,2335285
mglBp,0.25,3,3,TCATGCTAGGCATAACAGCC,0,2411015
mglBp,0.25,3,3,TCATGAGTGGCGTACCCGAT,0,2346887
mglBp,0.25,3,3,TCATCTCTGTTTACTAATGG,0,2353243
mglBp,0.25,3,3,TCATCATCAAAATAAACACG,0,2323185
mglBp,0.25,3,3,TCATCATATTGGAGGAATTA,0,2391611
mglBp,0.25,3,3,TCATCATACGTCGGTCATTC,0,2396864
mglBp,0.25,3,3,TCAGTTCCGGTACCACGTGC,0,2398059
mglBp,0.25,3,3,TCAGTGGGATCACTAACCTT,0,2399776
mglBp,0.25,3,3,TCAGGTTCCCGGACACATTT,0,2379620
mglBp,0.25,3,3,TCAGGTGCCCAGCCGGAGAT,0,2396954
mglBp,0.25,3,3,TCAGGTAAGTAATAGCTGAC,0,2406633
mglBp,0.25,3,3,TCAGGCTTTGCTATCTGAGG,0,2327333
mglBp,0.25,3,3,TCAGGCGGCCAGTGCCCTTG,0,2330446
mglBp,0.25,3,3,TCAGCCCAGGTTTTCACAAT,0,2333359
mglBp,0.25,3,3,TCAGCAATTGTAATCGGGGG,0,2410955
mglBp,0.25,3,3,TCAGAGTGAAATACCGATCG,0,2381619
mglBp,0.25,3,3,TCACTGCATCCTTGCAACTT,0,2414051
mglBp,0.25,3,3,TCACTACTAGGCGTCAGGCA,0,2322424
mglBp,0.25,3,3,TCACGTTAATTCTGGCGCAA,0,2322885
mglBp,0.25,3,3,TCACGCGGACTCAGCGCATT,0,2407277
mglBp,0.25,3,3,TCACGAACCGCACTCCTTTT,0,2345620
mglBp,0.25,3,3,TCACCTACTCCGCGCGCAGC,0,2343479
mglBp,0.25,3,3,TCACCATACACCCCCCTGGA,0,2334649
mglBp,0.25,3,3,TCACATTATTTATAGCAGTC,0,2343679
mglBp,0.25,3,3,TCACATGCAGGATGACCGTG,0,2323582
mglBp,0.25,3,3,TCACACTACTTCAATACGTC,0,2350759
mglBp,0.25,3,3,TCACACGCGCCCATCATACA,0,2318689
mglBp,0.25,3,3,TCAATGGTACGTCCGCGAGG,0,2420375
mglBp,0.25,3,3,TCAATCCCTGAGCGTAACTG,0,2362056
mglBp,0.25,3,3,TCAATCCACCTAAGTATCAT,0,2397623
mglBp,0.25,3,3,TCAACTTACTCTAAGTGGAG,0,2407921
mglBp,0.25,3,3,TCAACTCCTCGGCTCCCGAT,0,2409249
mglBp,0.25,3,3,TCAACTACTGCCGGTAGATG,0,2346514
mglBp,0.25,3,3,TCAACCTATTTTCGCTAACT,0,2319927
mglBp,0.25,3,3,TCAAATCTAGCGTGCCAATC,0,2335335
mglBp,0.25,3,3,TCAAATATCACTTAATTTCG,0,2416372
mglBp,0.25,3,3,TCAAAGTTTAATAACACTCA,0,2389837
mglBp,0.25,3,3,TATTTGTCTGGAGTTCCGCT,0,2343579
mglBp,0.25,3,3,TATTTGGAGAACTGCTATAT,0,2333920
mglBp,0.25,3,3,TATTGTAATATACCTTCGAC,0,2399900
mglBp,0.25,3,3,TATTCCCCTGGGACAGTCAA,0,2419852
mglBp,0.25,3,3,TATTACTTTGGTGGCGGTTA,0,2364363
mglBp,0.25,3,3,TATGTTCAAGATTTGCGCAA,0,2335287
mglBp,0.25,3,3,TATGTGATGCGTAGGGCGGG,0,2382426
mglBp,0.25,3,3,TATGTCTTGTTGTTGTCGCT,0,2334209
mglBp,0.25,3,3,TATGTCCGTGTACTTATCGT,0,2384274
mglBp,0.25,3,3,TATGTACCGTAATCTCATGG,0,2369654
mglBp,0.25,3,3,TATGGGCCTACCGGGAATAT,0,2356726
mglBp,0.25,3,3,TATGGGCAGATTAGGGGCTC,0,2361440
mglBp,0.25,3,3,TATGGAGATCCGTAGGTATA,0,2319140
mglBp,0.25,3,3,TATGCTGTGGCTCCATAAGG,0,2344248
mglBp,0.25,3,3,TATGCGCGACCCATGTTCTA,0,2408514
mglBp,0.25,3,3,TATGCCAAGATAAGGAGTAG,0,2335186
mglBp,0.25,3,3,TATCTCAAATATGTACGCCC,0,2363487
mglBp,0.25,3,3,TATCGGTCACTTGAAAACAG,0,2324221
mglBp,0.25,3,3,TATCGCCGCAACCTATGCCC,0,2419021
mglBp,0.25,3,3,TATCCCGTTAGCGGGCGAGA,0,2318779
mglBp,0.25,3,3,TATCCCCTCGGACGAAGCAT,0,2327975
mglBp,0.25,3,3,TATCCACAACTTAATTTTCA,0,2421599
mglBp,0.25,3,3,TATCAGATGCGCTAGTTATA,0,2319349
mglBp,0.25,3,3,TATATCCCGTTCGCCAGAGT,0,2415643
mglBp,0.25,3,3,TATATCCCCAGCCATGGGAA,0,2357994
mglBp,0.25,3,3,TATAGCATGAAAACAGATGT,0,2393923
mglBp,0.25,3,3,TATAGCACTTTAGAGGTGCC,0,2384857
mglBp,0.25,3,3,TATAGCAATAGCAGTTATGA,0,2340505
mglBp,0.25,3,3,TATAGAGCCATGGGTGTGAC,0,2366353
mglBp,0.25,3,3,TATACCCTTGCCATTCCACA,0,2383751
mglBp,0.25,3,3,TATAATACTTACCTTCACCG,0,2404223
mglBp,0.25,3,3,TATAAGGTCGATAGTTATCT,0,2359407
mglBp,0.25,3,3,TATAACTGAATGCTCGTTAG,0,2403950
mglBp,0.25,3,3,TATAACCATCTACGGACATC,0,2347257
mglBp,0.25,3,3,TAGTCCCTGGGCTCGCGAGT,0,2382664
mglBp,0.25,3,3,TAGGTTTCCGGGCTCCAGGC,0,2325616
mglBp,0.25,3,3,TAGGTGTAAGGAGATTGGGT,0,2362086
mglBp,0.25,3,3,TAGGTGACAATGTACTGCCC,0,2345523
mglBp,0.25,3,3,TAGGTATGGCTGAATTTAAG,0,2387219
mglBp,0.25,3,3,TAGGTACAGTTAATTACGCT,0,2374253
mglBp,0.25,3,3,TAGGTAAGCGCAGAGGGCCT,0,2374045
mglBp,0.25,3,3,TAGGGTTACCGCATCGGATG,0,2389675
mglBp,0.25,3,3,TAGGGTCTTTACTTTAGGTG,0,2377400
mglBp,0.25,3,3,TAGGGTAATATTCCGCGTAA,0,2399252
mglBp,0.25,3,3,TAGGGCTGAGTGTCTAGGCG,0,2382568
mglBp,0.25,3,3,TAGGGCGACCCTTCGAAGAG,0,2360598
mglBp,0.25,3,3,TAGGGAGTGACATCAATATG,0,2379131
mglBp,0.25,3,3,TAGGGACGTCCATGGCTATC,0,2399378
mglBp,0.25,3,3,TAGGGAACGCATTGTTGGTG,0,2362650
mglBp,0.25,3,3,TAGGATTGAATCTGCGTTTT,0,2390230
mglBp,0.25,3,3,TAGCTCTGTTTAAGCAAAAC,0,2362313
mglBp,0.25,3,3,TAGCGTCCGTCATGATTGGC,0,2368070
mglBp,0.25,3,3,TAGCCAGCAAGTGTTTGGCG,0,2407151
mglBp,0.25,3,3,TAGCATTATATGTTGTCTAT,0,2341639
mglBp,0.25,3,3,TAGCATATGCTAGAACGTAC,0,2404404
mglBp,0.25,3,3,TAGCACCGTATGTTACCAGC,0,2385835
mglBp,0.25,3,3,TAGCAACCTATTTGCTTTCC,0,2411303
mglBp,0.25,3,3,TAGATGTATAGGGATGGCGG,0,2362505
mglBp,0.25,3,3,TAGAGTGGCCATTAAAAAGG,0,2336210
mglBp,0.25,3,3,TAGAGGAATCTTCCCCTGGG,0,2385757
mglBp,0.25,3,3,TAGAAAGGTCAACTCCATGA,0,2395813
mglBp,0.25,3,3,TACTTAGGTCAAGCTAGACC,0,2372738
mglBp,0.25,3,3,TACTTAAACGTATAGCCTTC,0,2423621
mglBp,0.25,3,3,TACTATGAACACCAATGAAG,0,2336565
mglBp,0.25,3,3,TACTAATTTCCAGGTCATGA,0,2320253
mglBp,0.25,3,3,TACGTTCGATGGAGTCCCAC,0,2405181
mglBp,0.25,3,3,TACGTGTGACCCTATGTTCC,0,2369449
mglBp,0.25,3,3,TACGGCCTATCTCAGACGTT,0,2349291
mglBp,0.25,3,3,TACGGCACGCGCGTTAAGAA,0,2388105
mglBp,0.25,3,3,TACGGCAACCTACTGATGAT,0,2321642
mglBp,0.25,3,3,TACGCAAATTGCCAGGCCAC,0,2404051
mglBp,0.25,3,3,TACCTAAAGGCACGACCATG,0,2400748
mglBp,0.25,3,3,TACCGTTACAGACCGGTGGT,0,2322208
mglBp,0.25,3,3,TACCCTAGAGGGGCCAGATC,0,2353431
mglBp,0.25,3,3,TACCCGCGCTCCTCATCGTC,0,2388047
mglBp,0.25,3,3,TACCCGCAGGAAACTTAGGG,0,2403478
mglBp,0.25,3,3,TACCATTCGGACGCTATCTG,0,2330894
mglBp,0.25,3,3,TACCATACAAGAAAAGGTAA,0,2372035
mglBp,0.25,3,3,TACCAGTAAGTGGGTTATCA,0,2340637
mglBp,0.25,3,3,TACATTCGGCGAGGAAGAAA,0,2392787
mglBp,0.25,3,3,TACATGGGTTCGGGAATCAC,0,2334660
mglBp,0.25,3,3,TACAGGACACCAAAACGAGG,0,2339997
mglBp,0.25,3,3,TACACTATATTGGCCTGACC,0,2406524
mglBp,0.25,3,3,TACACATGGGTAGTTAGTCC,0,2340029
mglBp,0.25,3,3,TACACAGGAGCAGGGATGGC,0,2350932
mglBp,0.25,3,3,TACAATTTCGTTCCGCTCTG,0,2399287
mglBp,0.25,3,3,TACAAGTTCGTCAACGACTT,0,2331376
mglBp,0.25,3,3,TACAAGGGATTCTTCCATCT,0,2319764
mglBp,0.25,3,3,TACAACGTTCCCTCTTAGTA,0,2363093
mglBp,0.25,3,3,TAATTGGTGCTCGGTGTTAT,0,2401133
mglBp,0.25,3,3,TAATTGATAGGGTATCAATG,0,2364220
mglBp,0.25,3,3,TAATTCAGCATGGTGCGTCC,0,2324472
mglBp,0.25,3,3,TAATTATCGCGTTCCGACAG,0,2396343
mglBp,0.25,3,3,TAATGTTTTAAGCAAAAAGT,0,2316582
mglBp,0.25,3,3,TAATCTATTCCCGCGTAAGC,0,2412976
mglBp,0.25,3,3,TAATCGAGAAAGTCCGGATA,0,2399298
mglBp,0.25,3,3,TAATCCACGCTCTCATCGGT,0,2378123
mglBp,0.25,3,3,TAATCAGAAACTAGCGTCCA,0,2384988
mglBp,0.25,3,3,TAATAGGGTACTTTATAGTG,0,2362306
mglBp,0.25,3,3,TAATACGTACGGTAGGCAAG,0,2389198
mglBp,0.25,3,3,TAAGTGTGCGCGAACCGACT,0,2365369
mglBp,0.25,3,3,TAAGTGTGAGGGCCTTGAGC,0,2404398
mglBp,0.25,3,3,TAAGTGCAAATTGCTATTTA,0,2363928
mglBp,0.25,3,3,TAAGTGAAAATCGCATTATG,0,2417127
mglBp,0.25,3,3,TAAGTACAGGGAATCAGACA,0,2339445
mglBp,0.25,3,3,TAAGTAAGTCTCAGAAATTG,0,2412085
mglBp,0.25,3,3,TAAGGGCATCTGCGTGGGCA,0,2361690
mglBp,0.25,3,3,TAAGGGAGCTGCGCTTGGTC,0,2329674
mglBp,0.25,3,3,TAAGCTCCCCTTGGCAGCAA,0,2352350
mglBp,0.25,3,3,TAAGCGAACGTCATCGGACA,0,2383792
mglBp,0.25,3,3,TAAGCAGGCCCAGGATGCTT,0,2341610
mglBp,0.25,3,3,TAAGCACCCCCTAGGGTAGG,0,2329655
mglBp,0.25,3,3,TAAGATTTTCGATTGCCCAT,0,2406951
mglBp,0.25,3,3,TAAGAGGGTACACGAATCTC,0,2418016
mglBp,0.25,3,3,TAAGACGTCAATGCAGATTC,0,2369938
mglBp,0.25,3,3,TAACTAACACATTGCCGAAG,0,2323462
mglBp,0.25,3,3,TAACGTAACGTCAAGTGACT,0,2318354
mglBp,0.25,3,3,TAACCTGGCCAGCGGAGGAT,0,2414313
mglBp,0.25,3,3,TAACCTCTTTAAGGGCGACG,0,2324688
mglBp,0.25,3,3,TAACCTCGACCTTCATACCA,0,2384083
mglBp,0.25,3,3,TAACCGCGGTGTCCTACCTT,0,2379595
mglBp,0.25,3,3,TAACCCGACTGCTTATCCCA,0,2376707
mglBp,0.25,3,3,TAACACAAACACGAAAAAAG,0,2375692
mglBp,0.25,3,3,TAAATTCGGAACGTCGAACT,0,2406641
mglBp,0.25,3,3,TAAATGAGATGGTACACTCT,0,2336863
mglBp,0.25,3,3,TAAAGTAGGATCTGCAATGT,0,2423623
mglBp,0.25,3,3,TAAAGCCTTTATAATTAGGG,0,2384270
mglBp,0.25,3,3,TAAAGATTGTGCCCTATGCT,0,2377492
mglBp,0.25,3,3,TAAAGAGTATTGCGTATTCC,0,2380147
mglBp,0.25,3,3,TAAACTGTACGACTTCAATG,0,2381091
mglBp,0.25,3,3,TAAACTAGAATACTTGACTA,0,2364021
mglBp,0.25,3,3,TAAACAGATATGACGGCACG,0,2344531
mglBp,0.25,3,3,TAAACACCGTTTGCGGAAGT,0,2319423
mglBp,0.25,3,3,TAAAACCATAATAGGAGTAG,0,2361789
mglBp,0.25,3,3,GTTTTTGGTACGCTCCGTTA,0,2405232
mglBp,0.25,3,3,GTTTTGTACGTGCCAGACTC,0,2351643
mglBp,0.25,3,3,GTTTTGCCGGGATAGCACGT,0,2387658
mglBp,0.25,3,3,GTTTTCCTTGGCCGATTGAC,0,2367202
mglBp,0.25,3,3,GTTTTATCCCTTGACATCAT,0,2413181
mglBp,0.25,3,3,GTTTTACCAAACTTACTGGA,0,2352899
mglBp,0.25,3,3,GTTTGTTTCCACGGGGCTGT,0,2338933
mglBp,0.25,3,3,GTTTGGTTCCCTGGATGTGC,0,2389733
mglBp,0.25,3,3,GTTTCCCGTCTCTGGGTTTC,0,2360769
mglBp,0.25,3,3,GTTTCATGTAATCAGCTACT,0,2335972
mglBp,0.25,3,3,GTTTATCAACGGCTGATAGT,0,2359705
mglBp,0.25,3,3,GTTTAGCGGAATTAGCACGA,0,2330843
mglBp,0.25,3,3,GTTTAGAGTGCATTGGTAGC,0,2377203
mglBp,0.25,3,3,GTTTACGGGGGGTTCCGAAA,0,2418742
mglBp,0.25,3,3,GTTTACGGCTCATACTTTAT,0,2380515
mglBp,0.25,3,3,GTTTACGATCGGTGATGCCC,0,2400376
mglBp,0.25,3,3,GTTGTACGGTAAAAGGTGTG,0,2361527
mglBp,0.25,3,3,GTTGGTAAACTGAAGTCGTG,0,2423513
mglBp,0.25,3,3,GTTGGGAATCCGCGTGCATC,0,2383497
mglBp,0.25,3,3,GTTGCTTGTTTCTTAATTAA,0,2410408
mglBp,0.25,3,3,GTTGCGCATCGACTGTAAAT,0,2401370
mglBp,0.25,3,3,GTTGAATTTAGGACCGGCTT,0,2323544
mglBp,0.25,3,3,GTTGAAGGAAGTAGGCGCTT,0,2363701
mglBp,0.25,3,3,GTTGAACTCGGCTATCCCTT,0,2388901
mglBp,0.25,3,3,GTTCTCAACCGGTCCCTTAT,0,2404921
mglBp,0.25,3,3,GTTCGGGAAAGCGTTACAGG,0,2408717
mglBp,0.25,3,3,GTTCGCTCATAGTACAAGCT,0,2382221
mglBp,0.25,3,3,GTTCGCTAGCGGAGGCTTGA,0,2358096
mglBp,0.25,3,3,GTTCGAGTAAGCTATGGATA,0,2331650
mglBp,0.25,3,3,GTTCGACCTAGACAAGCCGT,0,2357396
mglBp,0.25,3,3,GTTCCGTTCACAACAGGCGG,0,2323262
mglBp,0.25,3,3,GTTCCGTCATACTGTTATAT,0,2339874
mglBp,0.25,3,3,GTTCCCTTGTAACTTGCAAT,0,2334714
mglBp,0.25,3,3,GTTCCAATGTGGGATGATAA,0,2336495
mglBp,0.25,3,3,GTTCCAAGCTTCATAAACTC,0,2407340
mglBp,0.25,3,3,GTTCAGTTGCACTGGTCGGG,0,2317304
mglBp,0.25,3,3,GTTCAGACACGCTTATTGAC,0,2373983
mglBp,0.25,3,3,GTTCACCTGACGGGGTGATA,0,2336819
mglBp,0.25,3,3,GTTATCCGACGAAATCCGAA,0,2366988
mglBp,0.25,3,3,GTTATCAGATAATCAAAGTC,0,2361016
mglBp,0.25,3,3,GTTATCACTGCCACCCGCGC,0,2416897
mglBp,0.25,3,3,GTTATCACTGAAAATTAGGC,0,2350099
mglBp,0.25,3,3,GTTAGGCGGTTTTGATCCTC,0,2367714
mglBp,0.25,3,3,GTTACCTGGAGCGCCTGTCA,0,2412230
mglBp,0.25,3,3,GTTACAGCCATTGTGAGTAA,0,2376634
mglBp,0.25,3,3,GTTAATCCGTATTACCGCAG,0,2352678
mglBp,0.25,3,3,GTGTTTCAGATAGGTGTCTA,0,2370172
mglBp,0.25,3,3,GTGTTCTGTACCATCCAGCT,0,2330687
mglBp,0.25,3,3,GTGTTCGTTGGATCTTCATT,0,2335942
mglBp,0.25,3,3,GTGTGAGCTTGTCCAGTTGA,0,2318682
mglBp,0.25,3,3,GTGTGACCTCACGAATGATG,0,2395078
mglBp,0.25,3,3,GTGTCTCTTCATTCCGGTAT,0,2413386
mglBp,0.25,3,3,GTGTATGTGGAAGTGCATTT,0,2340410
mglBp,0.25,3,3,GTGGTGACTAGGTTACAGGC,0,2413577
mglBp,0.25,3,3,GTGGTCAGCAGCATAGACGG,0,2398132
mglBp,0.25,3,3,GTGGGGTCAGATTGGAGTCT,0,2364147
mglBp,0.25,3,3,GTGGGAACCATATCGTCGGG,0,2391251
mglBp,0.25,3,3,GTGGCTTCAAAAGGTACTAG,0,2333518
mglBp,0.25,3,3,GTGGCGTATGGGCCAAGCAG,0,2391868
mglBp,0.25,3,3,GTGGCAAAGGGTTAATTCTG,0,2323822
mglBp,0.25,3,3,GTGGATGAAAAAAGTAATAT,0,2354812
mglBp,0.25,3,3,GTGGATCGGCGGCGGAGCCG,0,2365430
mglBp,0.25,3,3,GTGGAGCATCAAGCTTCCAT,0,2335342
mglBp,0.25,3,3,GTGCTTTTACACCAGGATCA,0,2391337
mglBp,0.25,3,3,GTGCTCGGCGACCAGGCAAG,0,2391502
mglBp,0.25,3,3,GTGCTAGTGTACGTGATCCA,0,2343368
mglBp,0.25,3,3,GTGCGTTGTGACTGTCCATC,0,2378374
mglBp,0.25,3,3,GTGCGAGTTTGGCAGTTGAC,0,2373181
mglBp,0.25,3,3,GTGCGACGGATGGATCACGT,0,2365993
mglBp,0.25,3,3,GTGCCATCCTAATTACGCAT,0,2389517
mglBp,0.25,3,3,GTGCCAGCATGGTTCTCCCA,0,2390978
mglBp,0.25,3,3,GTGCCACTTAATCGGTGTAA,0,2403153
mglBp,0.25,3,3,GTGCAGGATCGAGTAATGCA,0,2418343
mglBp,0.25,3,3,GTGCACCAATACAGGCGATT,0,2366188
mglBp,0.25,3,3,GTGATTGTGTCGGCAAAAAT,0,2371278
mglBp,0.25,3,3,GTGAGGTCTGCGTCTCACGG,0,2378658
mglBp,0.25,3,3,GTGAGCCGTCCTTGTATGGA,0,2373376
mglBp,0.25,3,3,GTGACTCCTATTAATAGGGC,0,2321713
mglBp,0.25,3,3,GTGACTAAGGTGTCAAAGGA,0,2338828
mglBp,0.25,3,3,GTGACATTTCCCCAGGGATG,0,2379202
mglBp,0.25,3,3,GTGACACATGGAAGATAGCT,0,2394381
mglBp,0.25,3,3,GTGAAGAGGAGTGGTTGACG,0,2375948
mglBp,0.25,3,3,GTCTTACGGTATAGTGCAAT,0,2392030
mglBp,0.25,3,3,GTCTTACGGAAGAAACCTTT,0,2351828
mglBp,0.25,3,3,GTCTTACCTTCTGTGCGGAT,0,2373021
mglBp,0.25,3,3,GTCTGTTTCGTCACTAAAGG,0,2350049
mglBp,0.25,3,3,GTCTGTAGCCCATCCATCAA,0,2399851
mglBp,0.25,3,3,GTCTGATAACGGTGCCCCTA,0,2386914
mglBp,0.25,3,3,GTCTCTCCGCATCCTTATGT,0,2401744
mglBp,0.25,3,3,GTCTCCCCACAGCGCGGTTG,0,2391348
mglBp,0.25,3,3,GTCTCAGTAACTATACGTCG,0,2332842
mglBp,0.25,3,3,GTCTCACAGCCCCACGAGTA,0,2363650
mglBp,0.25,3,3,GTCTCAACTACCCATTAGAC,0,2373428
mglBp,0.25,3,3,GTCTACAAGCTATCCGCTTA,0,2318143
mglBp,0.25,3,3,GTCGTTGGTTCTCTAAACTC,0,2352341
mglBp,0.25,3,3,GTCGTGTCTGTGTCCGTCGG,0,2358294
mglBp,0.25,3,3,GTCGTCCGCCCAGGCTAATA,0,2373139
mglBp,0.25,3,3,GTCGGTTGGCACTCATTCCA,0,2365650
mglBp,0.25,3,3,GTCGGGACTGTTTTTCCTCC,0,2386895
mglBp,0.25,3,3,GTCGCCTGGGCTAAAAAGCG,0,2380587
mglBp,0.25,3,3,GTCGCCCCCAAACACGTAAA,0,2347300
mglBp,0.25,3,3,GTCGCCAATCTAGAGAGAGT,0,2419378
mglBp,0.25,3,3,GTCGCAGCGGCGGGTCTCAT,0,2398210
mglBp,0.25,3,3,GTCGATGTGGCCGGCCTGTA,0,2370543
mglBp,0.25,3,3,GTCGATCCTTAGAATTCCTT,0,2346232
mglBp,0.25,3,3,GTCGAGATATACTTATCCGA,0,2420999
mglBp,0.25,3,3,GTCGAGAGTAGAGGCATATA,0,2373717
mglBp,0.25,3,3,GTCGAAACTGTTGATGGGAG,0,2362406
mglBp,0.25,3,3,GTCCTATATTCAATGACTTA,0,2326003
mglBp,0.25,3,3,GTCCGTTATGGTATGAGTCT,0,2319853
mglBp,0.25,3,3,GTCCGGTCATGTACAGAGTC,0,2399690
mglBp,0.25,3,3,GTCCCTGAGACCTGGAAGAC,0,2334127
mglBp,0.25,3,3,GTCCCTATATGAAATTTTGT,0,2406599
mglBp,0.25,3,3,GTCCACTCAGGTGATCTCTA,0,2326677
mglBp,0.25,3,3,GTCCACCAGGATTCCGTTGA,0,2401028
mglBp,0.25,3,3,GTCCAAGAATCATAACATGA,0,2422310
mglBp,0.25,3,3,GTCAGTCTAACGGTGGCGGT,0,2317645
mglBp,0.25,3,3,GTCAGGGGGACGTAACAAGG,0,2376935
mglBp,0.25,3,3,GTCAGGGCTTCCCAGTTGGT,0,2317295
mglBp,0.25,3,3,GTCAGCGTTACCGGTTGATT,0,2369666
mglBp,0.25,3,3,GTCACTTACTGAGACGGTTG,0,2317402
mglBp,0.25,3,3,GTCAAGTCATATAGAGCAAT,0,2423693
mglBp,0.25,3,3,GTCAAGCTAAAGATGTATGT,0,2331793
mglBp,0.25,3,3,GTCAAGCACCATGGTGACGT,0,2365322
mglBp,0.25,3,3,GTCAACACGTACGGACGACA,0,2364108
mglBp,0.25,3,3,GTATTCATTCGTTTAACCTT,0,2367873
mglBp,0.25,3,3,GTATTATCCTCCTTCACGAT,0,2332307
mglBp,0.25,3,3,GTATTAGACACTCCCCTGGA,0,2333047
mglBp,0.25,3,3,GTATGTTTCATGGGAAATAC,0,2407639
mglBp,0.25,3,3,GTATGTATGTTGTAGTGCCA,0,2323662
mglBp,0.25,3,3,GTATGCCCGTACTTTCCGAA,0,2337206
mglBp,0.25,3,3,GTATCTTACCGGTCCTTAAG,0,2321478
mglBp,0.25,3,3,GTATCGGTTAACCTGGGGTA,0,2395566
mglBp,0.25,3,3,GTATATTAAATAGTCCAGTG,0,2388621
mglBp,0.25,3,3,GTATACAGTGGCACAACTCT,0,2375432
mglBp,0.25,3,3,GTATAAAAATTTCCCTACGT,0,2319279
mglBp,0.25,3,3,GTAGTGTTTTTCCCCATGAA,0,2323362
mglBp,0.25,3,3,GTAGTCGTGTGCGATTCAGG,0,2328083
mglBp,0.25,3,3,GTAGTCGTACTCGGACTTTG,0,2409706
mglBp,0.25,3,3,GTAGTATTAACCAACGAGAA,0,2368459
mglBp,0.25,3,3,GTAGGTGATAGCCCTTCGGA,0,2371075
mglBp,0.25,3,3,GTAGCATATTCGGGCGCTGC,0,2380610
mglBp,0.25,3,3,GTAGATTGGTGTTACGATGA,0,2367439
mglBp,0.25,3,3,GTAGATGCAAAGCGAACATT,0,2352169
mglBp,0.25,3,3,GTAGAGTTCTGATGTCTATC,0,2373025
mglBp,0.25,3,3,GTAGAAGGGTCCTAGAGTTC,0,2389704
mglBp,0.25,3,3,GTACTGTCGTCTGAACGTGT,0,2318894
mglBp,0.25,3,3,GTACTGGAAGTCAGCATGTG,0,2410870
mglBp,0.25,3,3,GTACTGCTCAAAGAGCCGCC,0,2419791
mglBp,0.25,3,3,GTACGCACAAATGCGTGCCA,0,2355886
mglBp,0.25,3,3,GTACGATTAACAAGGTGATC,0,2389299
mglBp,0.25,3,3,GTACCTGCTGCGCGTGCCTT,0,2390284
mglBp,0.25,3,3,GTACCGCGTGCTAGGAACAT,0,2400997
mglBp,0.25,3,3,GTACATTACCGGTTCAGGTC,0,2369615
mglBp,0.25,3,3,GTACATCTGCTTTATTTAGG,0,2336339
mglBp,0.25,3,3,GTAATTCTCAGGTCTAGTTA,0,2341973
mglBp,0.25,3,3,GTAATCAATGACGCAACTGG,0,2339342
mglBp,0.25,3,3,GTAAGTTGAGGCTTGGGTGA,0,2379792
mglBp,0.25,3,3,GTAAGTGGGCAGATAAGCAT,0,2416932
mglBp,0.25,3,3,GTAAGGGGAAGGAGTCCACA,0,2345875
mglBp,0.25,3,3,GTAAGAGAGTAGATGCATGC,0,2386047
mglBp,0.25,3,3,GTAAGACGTTTGGTTCCAAG,0,2411947
mglBp,0.25,3,3,GTAACTTAGCGGCGAAACTA,0,2368167
mglBp,0.25,3,3,GTAACTACCCTATTGGCGGG,0,2354792
mglBp,0.25,3,3,GTAACGATACAACGGCGAGC,0,2394898
mglBp,0.25,3,3,GTAAATTCAGGCTCATTGTG,0,2368908
mglBp,0.25,3,3,GTAAACGTAGGCAGCCGGAT,0,2342808
mglBp,0.25,3,3,GTAAAATCAAGATTGCGTGA,0,2378734
mglBp,0.25,3,3,GGTTTTTCAAGAAAATGGAT,0,2407570
mglBp,0.25,3,3,GGTTTTATTTCATTACTCAC,0,2400011
mglBp,0.25,3,3,GGTTTGGGCTGCCGCTGGCG,0,2403323
mglBp,0.25,3,3,GGTTTGAGGGGATGACCGGA,0,2328807
mglBp,0.25,3,3,GGTTTGAGATGCAATCGTTC,0,2392836
mglBp,0.25,3,3,GGTTTGAAGCGGCGGCATAT,0,2343165
mglBp,0.25,3,3,GGTTTGAAAGAGGTCTCTAC,0,2420609
mglBp,0.25,3,3,GGTTTATGTTCCGCTTTTCC,0,2366159
mglBp,0.25,3,3,GGTTGTGAGGTAACATTTTT,0,2355741
mglBp,0.25,3,3,GGTTGTCAACAACGACCTAC,0,2329629
mglBp,0.25,3,3,GGTTGCGGAGCGGCGACCAG,0,2372305
mglBp,0.25,3,3,GGTTCAGAGTGCACCTACTT,0,2329155
mglBp,0.25,3,3,GGTTATCATTGCTTTTACCC,0,2354203
mglBp,0.25,3,3,GGTTAAAAAGGCGTAGGGGT,0,2362331
mglBp,0.25,3,3,GGTGGGTCAAGAAAAGCGCT,0,2375732
mglBp,0.25,3,3,GGTGGACGAGACATTATAGG,0,2352175
mglBp,0.25,3,3,GGTGCGGCTAGTGTCGTACA,0,2415981
mglBp,0.25,3,3,GGTGCCTCACCAGTAGATGG,0,2388334
mglBp,0.25,3,3,GGTGCATCGGGTTTTAGTAC,0,2381998
mglBp,0.25,3,3,GGTGCACGAGGGTAGTTCGG,0,2320118
mglBp,0.25,3,3,GGTGAGTGGTGACGGTCCCT,0,2336305
mglBp,0.25,3,3,GGTCTATTCCTGTCAGTTTA,0,2342653
mglBp,0.25,3,3,GGTCGTGGCCGGAAAGGGTG,0,2376882
mglBp,0.25,3,3,GGTCGTAGGTAGGTTCAGGT,0,2423700
mglBp,0.25,3,3,GGTCGGTAGACTCTAGTCGT,0,2348533
mglBp,0.25,3,3,GGTCGGCGTAATACATCTAT,0,2338130
mglBp,0.25,3,3,GGTCGAACCCCCCGAAGCAT,0,2384986
mglBp,0.25,3,3,GGTCCATATTTCCGGTATAT,0,2384111
mglBp,0.25,3,3,GGTCCATATCTCAACGAGGT,0,2320110
mglBp,0.25,3,3,GGTCCAGTCTTGTGACTCCC,0,2414485
mglBp,0.25,3,3,GGTCATTTCAGCGATGCGCA,0,2375606
mglBp,0.25,3,3,GGTCATTCGAGTGAGACATC,0,2410289
mglBp,0.25,3,3,GGTCACGCAATAACATGTCC,0,2416432
mglBp,0.25,3,3,GGTCACAGTCATCGGTTATA,0,2407985
mglBp,0.25,3,3,GGTATTTACAGGGACCACCC,0,2365457
mglBp,0.25,3,3,GGTAGGGCATAACAGCTAGA,0,2387780
mglBp,0.25,3,3,GGTAGGCCTTGTGCCCGAAC,0,2398120
mglBp,0.25,3,3,GGTACGTGGCCTTCTACTGG,0,2320950
mglBp,0.25,3,3,GGTACCTCATGCAAGGCCAG,0,2335032
mglBp,0.25,3,3,GGTACAGCCCTGAGCTGTGC,0,2366214
mglBp,0.25,3,3,GGTAATATATCCGTGGCCAT,0,2385172
mglBp,0.25,3,3,GGGTTGCTCCTGCGGTAATA,0,2359928
mglBp,0.25,3,3,GGGTTCAGGACAAATAGGAG,0,2318844
mglBp,0.25,3,3,GGGTTACAGAGTTAGCGGTG,0,2342113
mglBp,0.25,3,3,GGGTGTCTGAAATTGACTCC,0,2376320
mglBp,0.25,3,3,GGGTGAAATCATCGTGCTGA,0,2325311
mglBp,0.25,3,3,GGGTCTACGTATTCAGAGAA,0,2324538
mglBp,0.25,3,3,GGGTCTAAAAATGCACGCGC,0,2384054
mglBp,0.25,3,3,GGGTCGAGGCGGCCGACTCC,0,2353455
mglBp,0.25,3,3,GGGTCATCTTTGGTACAGTG,0,2396919
mglBp,0.25,3,3,GGGTCAGTGAGTGTCACTTT,0,2422347
mglBp,0.25,3,3,GGGTATTTTCGAAACATAAG,0,2415520
mglBp,0.25,3,3,GGGTACGCTCACGCGGGTCC,0,2390125
mglBp,0.25,3,3,GGGTAATGGGCACATATCTA,0,2400308
mglBp,0.25,3,3,GGGGTTAATCGAAGCGTTCG,0,2375511
mglBp,0.25,3,3,GGGGTCTGGCACGAAGGGTC,0,2377202
mglBp,0.25,3,3,GGGGTAAGAGGGTGGGTTGT,0,2411414
mglBp,0.25,3,3,GGGGGGGTAAAGCGAACTGT,0,2417159
mglBp,0.25,3,3,GGGGGATCTTGTCAGTTCGA,0,2364864
mglBp,0.25,3,3,GGGGCTAGATTGGGACCTAT,0,2361072
mglBp,0.25,3,3,GGGGCGCGTCCCACCTGGAC,0,2321906
mglBp,0.25,3,3,GGGGCGAGAGCAAGAATGAA,0,2412793
mglBp,0.25,3,3,GGGGCCGGATCAATCTTACA,0,2405597
mglBp,0.25,3,3,GGGGATACCCGGGTTTCATT,0,2414333
mglBp,0.25,3,3,GGGGAGTTAGTCACGATGTT,0,2318024
mglBp,0.25,3,3,GGGGAGGCCGCAGTCACGGT,0,2365591
mglBp,0.25,3,3,GGGCTTCCTACTTTATGCAT,0,2407855
mglBp,0.25,3,3,GGGCTTATTTACCAAGATGC,0,2382470
mglBp,0.25,3,3,GGGCTCGAATGATCCTATGT,0,2327373
mglBp,0.25,3,3,GGGCTAGTTGCTTTTCTCAC,0,2367884
mglBp,0.25,3,3,GGGCGTCCCTGCTTTGAACA,0,2392643
mglBp,0.25,3,3,GGGCGATGAACCCGTAGGTT,0,2405148
mglBp,0.25,3,3,GGGCCTGTCGGGGATAACCA,0,2335371
mglBp,0.25,3,3,GGGCCGATGAACCCAGGTTG,0,2405724
mglBp,0.25,3,3,GGGCCGAAGCTCGTACCCCC,0,2379195
mglBp,0.25,3,3,GGGCACGGGTGTAGGGACCT,0,2419678
mglBp,0.25,3,3,GGGCACGGATCTATTGTCTT,0,2374544
mglBp,0.25,3,3,GGGCACGAGCGAAACATGGC,0,2392325
mglBp,0.25,3,3,GGGATAGACCGTGCCCTGTG,0,2404062
mglBp,0.25,3,3,GGGATAAGTGCGCGCGCCTC,0,2382789
mglBp,0.25,3,3,GGGAGTTCCGTCCTCTCGGG,0,2383599
mglBp,0.25,3,3,GGGAGGGTAACGGTTCTCAC,0,2341999
mglBp,0.25,3,3,GGGAGCTACCTGTTGGTTCT,0,2402180
mglBp,0.25,3,3,GGGAGCCCAAATGGTTTGGA,0,2325643
mglBp,0.25,3,3,GGGAGCAAATTTTTGGTGAT,0,2404760
mglBp,0.25,3,3,GGGACGCTGACCGCTGCGAA,0,2341568
mglBp,0.25,3,3,GGGACCTACTTATTGTTAAA,0,2389005
mglBp,0.25,3,3,GGGAATCACCAGGCTGAATG,0,2380990
mglBp,0.25,3,3,GGGAAGCTAGACCTGAGGTG,0,2413999
mglBp,0.25,3,3,GGGAACGTGCTAGAACTAAG,0,2322772
mglBp,0.25,3,3,GGCTTTTACAGGGCTGCGAT,0,2369617
mglBp,0.25,3,3,GGCTTGGCAGTGATCGAGTC,0,2318302
mglBp,0.25,3,3,GGCTTCGCTCCCAAAGCTAC,0,2381016
mglBp,0.25,3,3,GGCTTAATACGTGATTAAGG,0,2345456
mglBp,0.25,3,3,GGCTGTTCACGACCACGTGT,0,2418777
mglBp,0.25,3,3,GGCTGTAATGTCTTTCGTAC,0,2345207
mglBp,0.25,3,3,GGCTGGGCTATTCTAGGTGA,0,2368157
mglBp,0.25,3,3,GGCTGGCCATCCAGGGTATT,0,2361709
mglBp,0.25,3,3,GGCTGACCCCGGCTTCTATA,0,2334862
mglBp,0.25,3,3,GGCTCGCTGGCGACGATCCA,0,2375705
mglBp,0.25,3,3,GGCTCCAATTGGCACAATAA,0,2391252
mglBp,0.25,3,3,GGCTCACATCACCTTCACCT,0,2414890
mglBp,0.25,3,3,GGCTATCCATGGTGTTATGG,0,2395122
mglBp,0.25,3,3,GGCTAGCGCTAACTTCCTTC,0,2376164
mglBp,0.25,3,3,GGCTAATTAGGCTCTGGGGT,0,2359973
mglBp,0.25,3,3,GGCGTTTATGCGGGTTCACT,0,2402399
mglBp,0.25,3,3,GGCGTGGTATAAAATGTACT,0,2397872
mglBp,0.25,3,3,GGCGGCCAGATGACAATGTG,0,2416149
mglBp,0.25,3,3,GGCGGATTCAGACTCCTCGG,0,2382876
mglBp,0.25,3,3,GGCGGAAAGGGATCTCGGTA,0,2323267
mglBp,0.25,3,3,GGCGCTGGTTTCATAACAAT,0,2324134
mglBp,0.25,3,3,GGCGCCTCCGTTCTCACCCA,0,2346335
mglBp,0.25,3,3,GGCGAGGGTACCGCGGCCGT,0,2337701
mglBp,0.25,3,3,GGCGACTACCCACGCGTTTA,0,2328637
mglBp,0.25,3,3,GGCGAAAGGTTGCTGTCAAC,0,2402337
mglBp,0.25,3,3,GGCCTCCCATATTTGGCGTC,0,2403818
mglBp,0.25,3,3,GGCCGGTGGGAATAGGAATC,0,2327785
mglBp,0.25,3,3,GGCCGCCGTGTTGTGGCTCA,0,2355602
mglBp,0.25,3,3,GGCCCGTTTATTTGAGGTAA,0,2331080
mglBp,0.25,3,3,GGCCCGGGCGAGTATTCCCA,0,2335247
mglBp,0.25,3,3,GGCCCCCGCTCACCGTCATG,0,2335753
mglBp,0.25,3,3,GGCCCCCAAGTCTGTAAATG,0,2417334
mglBp,0.25,3,3,GGCCAGGATTCTAGTAACGA,0,2360322
mglBp,0.25,3,3,GGCCAGATATCTTGATCATT,0,2320113
mglBp,0.25,3,3,GGCCACAGGTGGGGAAAGAA,0,2375277
mglBp,0.25,3,3,GGCCAACACTGCTCGTGCCC,0,2350584
mglBp,0.25,3,3,GGCCAAAGCACCGACTCACA,0,2340976
mglBp,0.25,3,3,GGCATTAAGAACCCTAGGCA,0,2395051
mglBp,0.25,3,3,GGCATCATTGCTAACTGCAC,0,2329527
mglBp,0.25,3,3,GGCAGGGATTCCGTGCTTCT,0,2376806
mglBp,0.25,3,3,GGCAATATGTCTTAGGCTCC,0,2343600
mglBp,0.25,3,3,GGCAAGTTTAAGGGCATCCA,0,2397460
mglBp,0.25,3,3,GGCAAGGGAAATACTCTGTA,0,2346244
mglBp,0.25,3,3,GGCAACACGGATGTCCCCAG,0,2369929
mglBp,0.25,3,3,GGATTTGTGATAGAGTTAAA,0,2354542
mglBp,0.25,3,3,GGATTGAACTGCGGGTGCCA,0,2364692
mglBp,0.25,3,3,GGATTATTGGTAACCAAACT,0,2405883
mglBp,0.25,3,3,GGATTAATCAGGCGTAGTAA,0,2354984
mglBp,0.25,3,3,GGATGGTGGGAGCAAGTACG,0,2341689
mglBp,0.25,3,3,GGATGCGTATATGTGTTGAA,0,2358867
mglBp,0.25,3,3,GGATCTTAGGTAACAACACG,0,2410301
mglBp,0.25,3,3,GGATCGTATAGTTCTCGTCA,0,2378026
mglBp,0.25,3,3,GGATCGGTTATGTCCGTCCG,0,2338157
mglBp,0.25,3,3,GGATCAATGGCGCTGACTCA,0,2407853
mglBp,0.25,3,3,GGATAGGGTTCTCCTAGCAT,0,2372191
mglBp,0.25,3,3,GGAGTAGGAGCTACCCCTCC,0,2386949
mglBp,0.25,3,3,GGAGGTGCCGCAGGTCCTGG,0,2336961
mglBp,0.25,3,3,GGAGGCGAGGCCACGGAGTA,0,2330644
mglBp,0.25,3,3,GGAGCTTACTCCGGGGGCAA,0,2323569
mglBp,0.25,3,3,GGAGCGTGCAGACTCAGAGT,0,2341460
mglBp,0.25,3,3,GGAGCGACGGGTAGATAGCT,0,2381062
mglBp,0.25,3,3,GGAGCCGTAGACACCGTCAA,0,2363215
mglBp,0.25,3,3,GGAGCCGGGCGGCCCCTTGA,0,2382105
mglBp,0.25,3,3,GGAGAGCTTTGTTAGTTTAT,0,2369991
mglBp,0.25,3,3,GGAGACGGACGCGTTCGTGG,0,2323907
mglBp,0.25,3,3,GGAGAACCCGCATCGTTCCC,0,2327274
mglBp,0.25,3,3,GGACTTGCTTTAAAAGCCTC,0,2362218
mglBp,0.25,3,3,GGACTCAATAGAACCTGGTC,0,2343759
mglBp,0.25,3,3,GGACGGCAAGGTAAAGACCC,0,2394376
mglBp,0.25,3,3,GGACGCCACGACTGCACGCA,0,2357603
mglBp,0.25,3,3,GGACCTGGGTGTGTGGCGGT,0,2416022
mglBp,0.25,3,3,GGACCTGCTATCCGATCTAA,0,2329989
mglBp,0.25,3,3,GGACCATCACTAATCACCCT,0,2325583
mglBp,0.25,3,3,GGACCAGGATTCTGAGTCCG,0,2337383
mglBp,0.25,3,3,GGACATTAGCCGCATTACCA,0,2354910
mglBp,0.25,3,3,GGACATATCCGATGCAATTT,0,2402890
mglBp,0.25,3,3,GGAATGCAATCCTACCATTA,0,2365260
mglBp,0.25,3,3,GGAATATTCGTCGAGGATCT,0,2392403
mglBp,0.25,3,3,GGAATATCGGAGAGGTGCTT,0,2380096
mglBp,0.25,3,3,GGAAGGGGTAAAGCTCGTGA,0,2325432
mglBp,0.25,3,3,GGAAGGAGCGGAAAGTCCTG,0,2321901
mglBp,0.25,3,3,GGAAGGAAAGCATTCAATGC,0,2323283
mglBp,0.25,3,3,GGAAGATATCCCAACTTATA,0,2402881
mglBp,0.25,3,3,GGAACCAAGATGACGTATGT,0,2352028
mglBp,0.25,3,3,GGAACAATGGGTCTGATCAA,0,2414744
mglBp,0.25,3,3,GGAAATGCGTTAGAAACGCA,0,2317427
mglBp,0.25,3,3,GGAAATATCATGGCGATAAT,0,2417361
mglBp,0.25,3,3,GGAAAGACTCATAGTTATAC,0,2391968
mglBp,0.25,3,3,GGAAAGACTCACTTTGTTCA,0,2351962
mglBp,0.25,3,3,GGAAACAGGGTGGTTATCTT,0,2342551
mglBp,0.25,3,3,GCTTTAGCGTGGACTCGTAG,0,2380454
mglBp,0.25,3,3,GCTTTAAAAAAGTCTACACT,0,2340691
mglBp,0.25,3,3,GCTTGTCCATCCTAAAGCCT,0,2405027
mglBp,0.25,3,3,GCTTCTACGGGTCATTTTGA,0,2348174
mglBp,0.25,3,3,GCTTCCCAGGTTAATCAATA,0,2355406
mglBp,0.25,3,3,GCTTAACGGGCACTTGCTGT,0,2328693
mglBp,0.25,3,3,GCTTAACCTTCTGAGGGGCA,0,2331921
mglBp,0.25,3,3,GCTGTTACATATAGGTGCGT,0,2395132
mglBp,0.25,3,3,GCTGGGGATGCCGACGTCAC,0,2405818
mglBp,0.25,3,3,GCTGGACGGGTTCTGAAACA,0,2352502
mglBp,0.25,3,3,GCTGATATAGAAAACCAGTG,0,2350272
mglBp,0.25,3,3,GCTGAGACATCACCCTAAGC,0,2342573
mglBp,0.25,3,3,GCTGAAAGCTCGTTACTAAA,0,2416402
mglBp,0.25,3,3,GCTCTTTGGCTGAAGTCTGT,0,2338512
mglBp,0.25,3,3,GCTCTTCCGGGGCCTAATCG,0,2355160
mglBp,0.25,3,3,GCTCTGAGCGTCTCGGGCGA,0,2321010
mglBp,0.25,3,3,GCTCTCGGCTAGGGTGAGGC,0,2338492
mglBp,0.25,3,3,GCTCGCAGGATTTCTTGTAG,0,2391084
mglBp,0.25,3,3,GCTCGCAATTAGAGGTGTCA,0,2317610
mglBp,0.25,3,3,GCTCCAGGCTTAGAGTCCTG,0,2377452
mglBp,0.25,3,3,GCTCCAGCGCCTGAACGTAG,0,2402801
mglBp,0.25,3,3,GCTCCACACTACAGCTGTTT,0,2331945
mglBp,0.25,3,3,GCTCAGGTAAAATGACTTTA,0,2389479
mglBp,0.25,3,3,GCTCAGCGCTGAGTTTATCT,0,2402998
mglBp,0.25,3,3,GCTCACAGGCGCGCCTGGAT,0,2340157
mglBp,0.25,3,3,GCTATGAGGGACTACAAGCG,0,2386152
mglBp,0.25,3,3,GCTATATGCTGCCGGCTGCT,0,2399586
mglBp,0.25,3,3,GCTAGTCCTTATAAGGGTAC,0,2409446
mglBp,0.25,3,3,GCTAGTAAGCATTAGCCTTT,0,2380000
mglBp,0.25,3,3,GCTAGGTTATAGTATGGGTC,0,2321091
mglBp,0.25,3,3,GCTACGTACGCCCGTCGGGG,0,2395607
mglBp,0.25,3,3,GCTACCCAGACGGGTAAGAC,0,2364185
mglBp,0.25,3,3,GCTACATGTAGCGATGCGCC,0,2359822
mglBp,0.25,3,3,GCTAATGTATTACGCAAACT,0,2342552
mglBp,0.25,3,3,GCTAATCTTTCCGGCACTTA,0,2316456
mglBp,0.25,3,3,GCTAAGTTTTCGGCTAATCG,0,2351795
mglBp,0.25,3,3,GCTAACGCCAAGAACGCATA,0,2411473
mglBp,0.25,3,3,GCTAACCATCAATCGCGGCG,0,2411323
mglBp,0.25,3,3,GCTAAAGACCGCTTTTTGGC,0,2400630
mglBp,0.25,3,3,GCTAAACGCATTAGGAAACT,0,2360158
mglBp,0.25,3,3,GCGTTTGGCTCGGAAGGCAA,0,2323428
mglBp,0.25,3,3,GCGTTGCTGCCCAATCGGGA,0,2397377
mglBp,0.25,3,3,GCGTTCAATTTAATTCCGTC,0,2401590
mglBp,0.25,3,3,GCGTTCAATAGGTGGAGGTT,0,2389195
mglBp,0.25,3,3,GCGTGGCATGGTTTCTCATT,0,2401656
mglBp,0.25,3,3,GCGTGCATGTCGAGTTCTTA,0,2407006
mglBp,0.25,3,3,GCGTGATGTGTAATTCTATT,0,2333445
mglBp,0.25,3,3,GCGTCTAATACGGTATTTAT,0,2366522
mglBp,0.25,3,3,GCGTCCTGTTAGCTGTTTGG,0,2347314
mglBp,0.25,3,3,GCGTCCAGTAGGGGCGATTA,0,2408957
mglBp,0.25,3,3,GCGTCAAGTGGATCGGTCAC,0,2323256
mglBp,0.25,3,3,GCGGTTCCTAAGACGTCGTG,0,2369351
mglBp,0.25,3,3,GCGGTACTGTTCTGTAGTCC,0,2414669
mglBp,0.25,3,3,GCGGGTTAGATCTCAATAGT,0,2365069
mglBp,0.25,3,3,GCGGCTTGTTCCATCGAATC,0,2396911
mglBp,0.25,3,3,GCGGCATTGGGTGAATGGGT,0,2416781
mglBp,0.25,3,3,GCGGAAACCCCCTGCACCAC,0,2346134
mglBp,0.25,3,3,GCGCTTTAACGATTAGGTGG,0,2353370
mglBp,0.25,3,3,GCGCTTGATGAATATTAAGC,0,2376668
mglBp,0.25,3,3,GCGCTGTCTATCTCCATTGT,0,2410660
mglBp,0.25,3,3,GCGCTAGACAATGCTTTTAA,0,2374308
mglBp,0.25,3,3,GCGCGGTTACCGCGTTAGTT,0,2321617
mglBp,0.25,3,3,GCGCGGTGCTCATTTTTAGT,0,2317967
mglBp,0.25,3,3,GCGCGGCTCCAAATGGCTTT,0,2407014
mglBp,0.25,3,3,GCGCGGAAAAGCATTTCTTT,0,2372769
mglBp,0.25,3,3,GCGCGCTATCCCACTCGGAG,0,2358990
mglBp,0.25,3,3,GCGCCACCATGAAGTGCGCA,0,2337451
mglBp,0.25,3,3,GCGCATAATGTTATCACCAT,0,2326227
mglBp,0.25,3,3,GCGCAGTTGGCTAGTGGTTT,0,2381598
mglBp,0.25,3,3,GCGAGGTCATAGATGGTTTA,0,2367527
mglBp,0.25,3,3,GCGAGGTATGGTGCAAATTC,0,2413953
mglBp,0.25,3,3,GCGAGAGGTGAGTCTGGACT,0,2378326
mglBp,0.25,3,3,GCGAGAGCATAGGTCAGTTT,0,2337251
mglBp,0.25,3,3,GCGACCGGTTTGCGCTTTGA,0,2355880
mglBp,0.25,3,3,GCGAAGGACAATACGGGAGA,0,2350838
mglBp,0.25,3,3,GCGAACTTGTTCCTTAGTCG,0,2416312
mglBp,0.25,3,3,GCCTTTGATAGAATCCAGTG,0,2369661
mglBp,0.25,3,3,GCCTTGTGCTTGGCTGCTCT,0,2389223
mglBp,0.25,3,3,GCCTTGGACGAGCTCTAGCC,0,2348476
mglBp,0.25,3,3,GCCTTAGTGTTTTGGATTGG,0,2336871
mglBp,0.25,3,3,GCCTGTCACTCGCTGCGGTG,0,2327278
mglBp,0.25,3,3,GCCTCACGGACTAGAGCACC,0,2337593
mglBp,0.25,3,3,GCCTAGGCTAAACACCACAT,0,2319093
mglBp,0.25,3,3,GCCTACATTAGCCGAGTCCC,0,2389561
mglBp,0.25,3,3,GCCGTGAGACACGCGCCTGG,0,2383574
mglBp,0.25,3,3,GCCGTCACGTGATGCAGGGT,0,2397359
mglBp,0.25,3,3,GCCGGCTTGCGATGTGCTGA,0,2391739
mglBp,0.25,3,3,GCCGGCAGTGTGATGTTAGG,0,2325649
mglBp,0.25,3,3,GCCGGAGTAATGAGGGACCA,0,2409561
mglBp,0.25,3,3,GCCGGACAGACAGGGACGAA,0,2410419
mglBp,0.25,3,3,GCCGCTCTGGGGGATGCACT,0,2397733
mglBp,0.25,3,3,GCCGCGAGCTCAGTACTAGG,0,2350608
mglBp,0.25,3,3,GCCGATCCGCTCACCCTTGC,0,2422513
mglBp,0.25,3,3,GCCGATAGACTCACAGGCTG,0,2403802
mglBp,0.25,3,3,GCCGAACCAGTGGGGGAGCC,0,2329179
mglBp,0.25,3,3,GCCCTTTTGCACTGAATGAG,0,2386026
mglBp,0.25,3,3,GCCCTGAGTTTAGTGCCCCA,0,2376470
mglBp,0.25,3,3,GCCCGTGGGTGAGCACTACG,0,2351059
mglBp,0.25,3,3,GCCCGCTAACGCAACGTACG,0,2325372
mglBp,0.25,3,3,GCCCGACCTCGAACGTTCAT,0,2369413
mglBp,0.25,3,3,GCCCATGAAGGCGCCGCCGC,0,2410242
mglBp,0.25,3,3,GCCATTGTCTGTCTGCCGCC,0,2336785
mglBp,0.25,3,3,GCCATTGCTTAGAACGGAGA,0,2402280
mglBp,0.25,3,3,GCCATGTTAATTGACCACTA,0,2339171
mglBp,0.25,3,3,GCCATAGGTGGTACAAACGG,0,2358432
mglBp,0.25,3,3,GCCATACAATCAGTTTAACT,0,2382587
mglBp,0.25,3,3,GCCAGTACCTGTTAAATCTA,0,2410433
mglBp,0.25,3,3,GCCAGTAACTATCATTCTTT,0,2334306
mglBp,0.25,3,3,GCCAGGAGGGGATTTTATGA,0,2418021
mglBp,0.25,3,3,GCCAGCCGGTGAGCGGTGTA,0,2409173
mglBp,0.25,3,3,GCCAGCATATTGGGTGCTTT,0,2409167
mglBp,0.25,3,3,GCCAGAAAGAAATTCTATAA,0,2366318
mglBp,0.25,3,3,GCCACATCCCCGTGGAATTT,0,2330408
mglBp,0.25,3,3,GCCAACCATTATAGGTCTTT,0,2344452
mglBp,0.25,3,3,GCATTTGGGGCCTTTACACA,0,2377780
mglBp,0.25,3,3,GCATTTAGACGTCTTCAGGA,0,2358174
mglBp,0.25,3,3,GCATTCAATCGGGTCGTTGC,0,2415737
mglBp,0.25,3,3,GCATCTGTCCATGGAACAGT,0,2378282
mglBp,0.25,3,3,GCATCTAAATACCGTCTCAC,0,2321594
mglBp,0.25,3,3,GCATAGGGGGTTTGTGAATC,0,2371898
mglBp,0.25,3,3,GCATAGAGCTTGCCCTAGGT,0,2385406
mglBp,0.25,3,3,GCAGTGCTCGAAAAACTGAT,0,2361059
mglBp,0.25,3,3,GCAGTCTGTTTACTCACGTC,0,2397833
mglBp,0.25,3,3,GCAGTCAGTCCAACGCTCCG,0,2373287
mglBp,0.25,3,3,GCAGTAACGCCGATGCGCAT,0,2361885
mglBp,0.25,3,3,GCAGGGGTAGGGGTCACGTT,0,2353605
mglBp,0.25,3,3,GCAGGGATTGAGATTCGAGT,0,2391095
mglBp,0.25,3,3,GCAGCGATTCTCAGTGCCAT,0,2344701
mglBp,0.25,3,3,GCAGCCGGTCAGGATTCCTA,0,2405112
mglBp,0.25,3,3,GCAGCATTAATGATACGCAA,0,2384327
mglBp,0.25,3,3,GCAGATGTAATGAGGATTAA,0,2383520
mglBp,0.25,3,3,GCAGAGGTGATTGTTAAAGA,0,2362648
mglBp,0.25,3,3,GCAGAAATCTAGCTTGTTTT,0,2330922
mglBp,0.25,3,3,GCACTTCAGTTGACGGGTCA,0,2370399
mglBp,0.25,3,3,GCACTCGATAGTGATCTGCT,0,2413812
mglBp,0.25,3,3,GCACTCATCCGATAAAGAGG,0,2339252
mglBp,0.25,3,3,GCACTATGCACGTTATAAAA,0,2361734
mglBp,0.25,3,3,GCACGGCTTCCCACTGAACG,0,2345016
mglBp,0.25,3,3,GCACGCTTTGGAGCTATCAA,0,2384992
mglBp,0.25,3,3,GCACGCGGGCTAGAGTTCCA,0,2331191
mglBp,0.25,3,3,GCACCTCCTTCCAGAGAGTG,0,2411319
mglBp,0.25,3,3,GCACCTACTGGCCAGCTGTA,0,2414222
mglBp,0.25,3,3,GCACCGGCAACATTCGGTAA,0,2419826
mglBp,0.25,3,3,GCACCGACTCTCATGTTAAC,0,2351234
mglBp,0.25,3,3,GCACCCCTGCAATCTGGTGT,0,2417423
mglBp,0.25,3,3,GCACCCCACTGCAAAGCGAA,0,2332429
mglBp,0.25,3,3,GCACATGGAAAAGGCAAGTA,0,2327581
mglBp,0.25,3,3,GCAATGACAGCCAGCTGTAA,0,2372310
mglBp,0.25,3,3,GCAAGGGAAGGGTCGGGCAG,0,2401891
mglBp,0.25,3,3,GCAAGGAGTGCCAGCCCGCT,0,2363407
mglBp,0.25,3,3,GCAACGCAAGAATCGGCCGA,0,2384069
mglBp,0.25,3,3,GCAACCTCTGCCGCCCTTAC,0,2336404
mglBp,0.25,3,3,GCAACCTCCGTGACGACTTT,0,2408365
mglBp,0.25,3,3,GCAAATAGTCCCGCAGTACA,0,2390506
mglBp,0.25,3,3,GCAAAGGGGGGACGGGGCGC,0,2355699
mglBp,0.25,3,3,GATTTCTCCCCTGTACCTAC,0,2376261
mglBp,0.25,3,3,GATTTCGATTGGCCAGGGCA,0,2355007
mglBp,0.25,3,3,GATTTAGCATGAACGCTGCT,0,2366606
mglBp,0.25,3,3,GATTGTTCATCGGGATTCTG,0,2351534
mglBp,0.25,3,3,GATTGTGAAAGTACTCTATT,0,2356808
mglBp,0.25,3,3,GATTGCTGTGCGGGAGGCTA,0,2325895
mglBp,0.25,3,3,GATTGCTCCGCAAGGCTTTA,0,2359186
mglBp,0.25,3,3,GATTGCGGTTCCGTCCTATC,0,2325513
mglBp,0.25,3,3,GATTGCCTGAACGCGCAGCC,0,2327043
mglBp,0.25,3,3,GATTCGAAGATGCCATCCAT,0,2412177
mglBp,0.25,3,3,GATTCATGATGCCACGGCAT,0,2325404
mglBp,0.25,3,3,GATTCACTGAGATTTCGAGA,0,2350117
mglBp,0.25,3,3,GATTATGCCAACATTCTGCA,0,2360042
mglBp,0.25,3,3,GATTACCAGTGCCTGGGATA,0,2371429
mglBp,0.25,3,3,GATTAATGACTCTGACAAAG,0,2355574
mglBp,0.25,3,3,GATGTTAAGCAGCGTACTTT,0,2373424
mglBp,0.25,3,3,GATGGGTGGTTCTGGGAGCA,0,2322607
mglBp,0.25,3,3,GATGGGGAAGGAACAAATAT,0,2318064
mglBp,0.25,3,3,GATGGCTGTTCCGTCGGAAT,0,2413730
mglBp,0.25,3,3,GATGGCCACTACCACGAAGT,0,2361095
mglBp,0.25,3,3,GATGGATAGGGACATTCAAG,0,2416024
mglBp,0.25,3,3,GATGGACCAGTAAAGTCACC,0,2357156
mglBp,0.25,3,3,GATGCGCGCATCGCAGGAAA,0,2407579
mglBp,0.25,3,3,GATGCATTAAGATTTGCCGG,0,2401946
mglBp,0.25,3,3,GATGATCCGTCACGTCCGTA,0,2393638
mglBp,0.25,3,3,GATGACTTTGCATAATTATC,0,2317228
mglBp,0.25,3,3,GATGACCTGCTATCAAGGTA,0,2383795
mglBp,0.25,3,3,GATCTCCACGTCCATAGCTT,0,2418546
mglBp,0.25,3,3,GATCTAGCACACGTCAAAAT,0,2399395
mglBp,0.25,3,3,GATCGTAGTGATATCGGTGT,0,2414009
mglBp,0.25,3,3,GATCATGCTTTCAGGCTCGA,0,2420684
mglBp,0.25,3,3,GATCATCTCGTACCTGAAGG,0,2330354
mglBp,0.25,3,3,GATCAGGGCCGTTCCATATC,0,2334515
mglBp,0.25,3,3,GATATGTCCTAAGCCCCGTA,0,2402024
mglBp,0.25,3,3,GATATGAGCACCTATCACGT,0,2405015
mglBp,0.25,3,3,GATATCAGCCCGATCACCAA,0,2328349
mglBp,0.25,3,3,GATAGTTAATAGTAAACCAG,0,2399085
mglBp,0.25,3,3,GATAGTCATACTCGTCTACT,0,2386677
mglBp,0.25,3,3,GATAGCATGAGGGGGTCAAA,0,2355968
mglBp,0.25,3,3,GATAGCACAAATAGAGCGTC,0,2383759
mglBp,0.25,3,3,GATAGACAGAGTCACTGAAT,0,2339379
mglBp,0.25,3,3,GATACCGTTTGGTAAGTGTA,0,2421263
mglBp,0.25,3,3,GATACCCCGGCACTGAGGTA,0,2410642
mglBp,0.25,3,3,GATACACTAAAAAAATAGTA,0,2364060
mglBp,0.25,3,3,GATAATTATGATCTCCACAA,0,2352404
mglBp,0.25,3,3,GATAAATGTGACGGTATATC,0,2346480
mglBp,0.25,3,3,GATAAACCCGCCGCGGCTTA,0,2371775
mglBp,0.25,3,3,GAGTTTAGCGACGCGTTGCT,0,2404117
mglBp,0.25,3,3,GAGTGGTCCCCTCGGAAGCC,0,2390052
mglBp,0.25,3,3,GAGTGGGCTGAAGAACTCCG,0,2350210
mglBp,0.25,3,3,GAGTGACGTGGAAGGCGATC,0,2394969
mglBp,0.25,3,3,GAGTCGGGGAGCGAAATTCA,0,2388637
mglBp,0.25,3,3,GAGTCCTCAGGTCATAGACT,0,2373182
mglBp,0.25,3,3,GAGTCCCGGCCCCATTTGAA,0,2407640
mglBp,0.25,3,3,GAGTAGGAAGAGGTCCTGGG,0,2336860
mglBp,0.25,3,3,GAGTAGCGCAAAGAGTTCAT,0,2334330
mglBp,0.25,3,3,GAGTAGCATCATATTATGAA,0,2371855
mglBp,0.25,3,3,GAGTACTCTATAGCGCAGAC,0,2410167
mglBp,0.25,3,3,GAGTACCGCTCAAAAGGCGT,0,2407409
mglBp,0.25,3,3,GAGTACCAAGCTGACGGTGG,0,2327374
mglBp,0.25,3,3,GAGTAATTCCAGTAGGCCAT,0,2418242
mglBp,0.25,3,3,GAGGTTCATCAAACCGCACT,0,2320671
mglBp,0.25,3,3,GAGGGTTTATCTTCTATCGG,0,2337169
mglBp,0.25,3,3,GAGGGTAAGAGTTCTTCAGT,0,2339375
mglBp,0.25,3,3,GAGGGGGAAACGTAGGCTAG,0,2379819
mglBp,0.25,3,3,GAGGGGCGCTACGCCAGATG,0,2377194
mglBp,0.25,3,3,GAGGGGCCTCTAACCACGTC,0,2420772
mglBp,0.25,3,3,GAGGGGCCACGTTGGGGGTC,0,2368271
mglBp,0.25,3,3,GAGGCTTTCAGACGGGCCAT,0,2339765
mglBp,0.25,3,3,GAGGCTAAATCAAGGCGTGA,0,2374093
mglBp,0.25,3,3,GAGGATCCCAACAGCCTTCA,0,2354845
mglBp,0.25,3,3,GAGGACGACGGCCGGAGTGT,0,2333169
mglBp,0.25,3,3,GAGGACCCCGTTTAATGTGG,0,2391997
mglBp,0.25,3,3,GAGGAATTTGATCAATGATT,0,2359746
mglBp,0.25,3,3,GAGGAAAGGGCAGTTGATAT,0,2319256
mglBp,0.25,3,3,GAGCTGCTTTGCCGCCGTAA,0,2421079
mglBp,0.25,3,3,GAGCTCCGACTGCGGATGAG,0,2365124
mglBp,0.25,3,3,GAGCGGAACGACCATGTGTC,0,2407349
mglBp,0.25,3,3,GAGCCAGATGTAAGGGAACC,0,2404091
mglBp,0.25,3,3,GAGCAGAGATTACGTCTGAT,0,2343717
mglBp,0.25,3,3,GAGATTGGATAAGTTCAAGT,0,2377709
mglBp,0.25,3,3,GAGAGGTCTATGCATTCGAC,0,2328934
mglBp,0.25,3,3,GAGAGGCCCGTGCGCACTGG,0,2409372
mglBp,0.25,3,3,GAGAGCCCCCCTTCTCTGCG,0,2401312
mglBp,0.25,3,3,GAGAGATCGAGACGCCATAA,0,2327445
mglBp,0.25,3,3,GAGACGACACCTCGTCAATA,0,2354713
mglBp,0.25,3,3,GAGAAGAATGCGGAATTTCC,0,2349729
mglBp,0.25,3,3,GACTGTTATGCCAGTATCCG,0,2388103
mglBp,0.25,3,3,GACTCCGTCGCCATAGCGCC,0,2323643
mglBp,0.25,3,3,GACTCATCGAGACCGAGTGC,0,2343671
mglBp,0.25,3,3,GACGGTCAAGATAGGTAATG,0,2374944
mglBp,0.25,3,3,GACGGCACACGGTACTCTTT,0,2358523
mglBp,0.25,3,3,GACGGAATGAATCCAATATC,0,2394074
mglBp,0.25,3,3,GACGCGTAGCGCTCGACGAT,0,2392768
mglBp,0.25,3,3,GACGATCTGTAGGTTTCATG,0,2410874
mglBp,0.25,3,3,GACGACGGCTGGGCTGAGGG,0,2337088
mglBp,0.25,3,3,GACGACCTGGCGACTTTCTA,0,2407380
mglBp,0.25,3,3,GACGAAGTTCATATCCGCAT,0,2339709
mglBp,0.25,3,3,GACCTCCCTAATCAGCATAT,0,2342007
mglBp,0.25,3,3,GACCTATAGGCCGCACCACT,0,2381633
mglBp,0.25,3,3,GACCGGCTTGATTTAGCGGG,0,2415163
mglBp,0.25,3,3,GACCGCGGAAACATATTCCG,0,2390414
mglBp,0.25,3,3,GACCGATTATCCTAATTAAG,0,2353160
mglBp,0.25,3,3,GACCGAGGACGTATGCGGCT,0,2419160
mglBp,0.25,3,3,GACCCTTGTTTACCCACAAT,0,2387526
mglBp,0.25,3,3,GACCAGTGGTATCGCCCAGT,0,2343602
mglBp,0.25,3,3,GACCAGTGGCGCAGATTTGA,0,2317273
mglBp,0.25,3,3,GACCAGCGTCGGAATGCAAC,0,2369036
mglBp,0.25,3,3,GACCACAAAAAGTGTCGGAA,0,2386634
mglBp,0.25,3,3,GACATGTTGCGGCGGTGTTC,0,2383608
mglBp,0.25,3,3,GACATGGTACTACGGTACAG,0,2371210
mglBp,0.25,3,3,GACATCAACCAGAGTTGAAG,0,2374097
mglBp,0.25,3,3,GACATACCCTCTGGCAAGAA,0,2400784
mglBp,0.25,3,3,GACATAACAATGGTTTAGAT,0,2414232
mglBp,0.25,3,3,GACATAAAAATATCGAAGTA,0,2343903
mglBp,0.25,3,3,GACAGTGGATCGCCCTTTTT,0,2391704
mglBp,0.25,3,3,GACAGTAAAAGCGAATGGGT,0,2324591
mglBp,0.25,3,3,GACAGCTTGTTGCGGCCACC,0,2349223
mglBp,0.25,3,3,GACAGCGCGATTATAGAACA,0,2348130
mglBp,0.25,3,3,GACAGACAATGTACTAAGCA,0,2419879
mglBp,0.25,3,3,GACACTTCAGCTGCCATTGC,0,2344574
mglBp,0.25,3,3,GACACTCTGTCACCGGGTTG,0,2361894
mglBp,0.25,3,3,GACACGTGTCGCGGGGCGAT,0,2385288
mglBp,0.25,3,3,GACAATCCTTCTATATTTGA,0,2316852
mglBp,0.25,3,3,GACAACACCTATTCGTCACT,0,2332802
mglBp,0.25,3,3,GACAAAACAGAGTATCCCAG,0,2412602
mglBp,0.25,3,3,GAATGGAATGCCTGAGGGGC,0,2361745
mglBp,0.25,3,3,GAATGAGACCCTTAAACAGC,0,2371348
mglBp,0.25,3,3,GAATCCGCACCTATAGCAAT,0,2362319
mglBp,0.25,3,3,GAATCCCTGAAGCACCTGCA,0,2385828
mglBp,0.25,3,3,GAATCACCGATCATACACAA,0,2359239
mglBp,0.25,3,3,GAATACTGCTGGGATCGTTT,0,2341452
mglBp,0.25,3,3,GAAGTTTATGCCACCGATAC,0,2322696
mglBp,0.25,3,3,GAAGTCCGAGCTTACTCATT,0,2416698
mglBp,0.25,3,3,GAAGTACAGAACGCTGCTCT,0,2416374
mglBp,0.25,3,3,GAAGGTCCCTGGGAATCCCG,0,2367119
mglBp,0.25,3,3,GAAGGGGTTCCGAAAAAAGA,0,2398506
mglBp,0.25,3,3,GAAGGGGGAGGTGTGCTTGC,0,2388326
mglBp,0.25,3,3,GAAGGGGCAACCGGGGTCAT,0,2330990
mglBp,0.25,3,3,GAAGGACGATGGACGATGTA,0,2339385
mglBp,0.25,3,3,GAAGGAACGATGTGTCTAGA,0,2350109
mglBp,0.25,3,3,GAAGCACGAAAAGGAGCACA,0,2413327
mglBp,0.25,3,3,GAACTTGGATGAAGGAGGTA,0,2334843
mglBp,0.25,3,3,GAACTTGCAAAGCAGGGTCT,0,2350603
mglBp,0.25,3,3,GAACTTATTCTGTTGGGCCT,0,2380109
mglBp,0.25,3,3,GAACTCTTCAATATGACCTG,0,2321011
mglBp,0.25,3,3,GAACTCTGCGTGCCTCCCAG,0,2372670
mglBp,0.25,3,3,GAACTCCTTTTAGGACCCGA,0,2350050
mglBp,0.25,3,3,GAACGGAGTGGCGCAGCACA,0,2354009
mglBp,0.25,3,3,GAACGAGCTCGCTCGACGTT,0,2317447
mglBp,0.25,3,3,GAACCTGTCCGCTCCCTAGT,0,2335198
mglBp,0.25,3,3,GAACATTCCTTGCCAGTCAT,0,2396325
mglBp,0.25,3,3,GAACACGATGAAACTCTTGG,0,2348244
mglBp,0.25,3,3,GAACACCGGCGGACGGTGAG,0,2317216
mglBp,0.25,3,3,GAAATTCGTCAGTGGGGTAT,0,2354928
mglBp,0.25,3,3,GAAATTCATTCGATACCTAC,0,2367534
mglBp,0.25,3,3,GAAATGGCGGCTTGAGGTTC,0,2387264
mglBp,0.25,3,3,GAAATCCAACACCACCTGTG,0,2381591
mglBp,0.25,3,3,GAAATATTTGTCCCGACGAC,0,2403043
mglBp,0.25,3,3,GAAATAGTACCGCGCATCGG,0,2344342
mglBp,0.25,3,3,GAAAGCGAGAACGTGACCTG,0,2344858
mglBp,0.25,3,3,GAAAGACGGGTTGGGTTCGA,0,2368973
mglBp,0.25,3,3,GAAACATGAAATCACTGTTT,0,2383010
mglBp,0.25,3,3,GAAAAATTGGCAACAACCGA,0,2405076
mglBp,0.25,3,3,GAAAAAGCGCAAGCCATGTC,0,2409907
mglBp,0.25,3,3,CTTTTTTATCTCGGTCCGGC,0,2317907
mglBp,0.25,3,3,CTTTTTTAGCTTTGTAGACG,0,2368795
mglBp,0.25,3,3,CTTTTAATGTAGGCGTACAT,0,2358359
mglBp,0.25,3,3,CTTTGTGGGCTAGTCTCTAG,0,2378176
mglBp,0.25,3,3,CTTTGTATAGTTGTGACCCT,0,2399448
mglBp,0.25,3,3,CTTTGGAGCCTGAGGCACCA,0,2404293
mglBp,0.25,3,3,CTTTGAAAGAAGAGAAATTC,0,2326669
mglBp,0.25,3,3,CTTTCTAACTAGCGGATTTA,0,2379654
mglBp,0.25,3,3,CTTTCGTGTCCTTCGGTCAA,0,2389099
mglBp,0.25,3,3,CTTTCCTTGGGATTTTGAAT,0,2414201
mglBp,0.25,3,3,CTTTAGCCCAGCCAAATGTT,0,2409647
mglBp,0.25,3,3,CTTTAGAACGTCTGTACTAT,0,2329924
mglBp,0.25,3,3,CTTTACTTGATGGAACGGTT,0,2388471
mglBp,0.25,3,3,CTTTACTGAATACACCTCCC,0,2395161
mglBp,0.25,3,3,CTTTACGTGGCACGCTTTGG,0,2320751
mglBp,0.25,3,3,CTTTAATACGTTCGGTTTCA,0,2386203
mglBp,0.25,3,3,CTTGTTCGAACTAAATGGCA,0,2358122
mglBp,0.25,3,3,CTTGTGATAGCGGAGTATGC,0,2342755
mglBp,0.25,3,3,CTTGTCACATGGCAAAGGCG,0,2376435
mglBp,0.25,3,3,CTTGGTCCAGAGTGAGTATA,0,2353496
mglBp,0.25,3,3,CTTGGCATACGTAGAGCAAG,0,2332773
mglBp,0.25,3,3,CTTGCTAGACGACGCATATC,0,2389001
mglBp,0.25,3,3,CTTGCGTAGTTTATCCGTGT,0,2330582
mglBp,0.25,3,3,CTTGCCTGGCTAACAACCTG,0,2340564
mglBp,0.25,3,3,CTTGCACGAACGGTACCGGC,0,2318149
mglBp,0.25,3,3,CTTGATGGGAGATACCTCCC,0,2409875
mglBp,0.25,3,3,CTTCTTGATTCCGATACACT,0,2371319
mglBp,0.25,3,3,CTTCTGGCGATAGTTTCGAC,0,2410864
mglBp,0.25,3,3,CTTCTGATTTTCGCGTAATC,0,2351052
mglBp,0.25,3,3,CTTCTAGACATGAATATACT,0,2353648
mglBp,0.25,3,3,CTTCTAGAAGCCAGAGCTGG,0,2415942
mglBp,0.25,3,3,CTTCGTTCTTTCTGCCATGG,0,2380602
mglBp,0.25,3,3,CTTCGGTAAGCCCTCGTTAG,0,2385297
mglBp,0.25,3,3,CTTCGCGCAGTCGTATCGGC,0,2410590
mglBp,0.25,3,3,CTTCGACCGACACCACTATA,0,2350277
mglBp,0.25,3,3,CTTCCGAGACGTTTGAGCTG,0,2354118
mglBp,0.25,3,3,CTTCCCCCTTCCTGCAGCGC,0,2379888
mglBp,0.25,3,3,CTTCCAGCTGGGACATAAAC,0,2358125
mglBp,0.25,3,3,CTTCAGTAGCCAAACAAGTG,0,2321259
mglBp,0.25,3,3,CTTATGTCAGCGAACGTATA,0,2369769
mglBp,0.25,3,3,CTTATGGATATCTATTGGAC,0,2378075
mglBp,0.25,3,3,CTTATAGCGGGGGCCTCGTC,0,2400077
mglBp,0.25,3,3,CTTAGCTTGAAGAGGGGTTG,0,2411858
mglBp,0.25,3,3,CTTACCAAATGTACGTCATA,0,2339862
mglBp,0.25,3,3,CTTACAGGCATGCAGTCGGC,0,2417982
mglBp,0.25,3,3,CTTAACTGTGTCACGCGTGC,0,2372867
mglBp,0.25,3,3,CTGTTGCGACTGTGTAGATG,0,2374470
mglBp,0.25,3,3,CTGTTGATACCTCATCCTAC,0,2374196
mglBp,0.25,3,3,CTGTTCGGGCGGTCCAAAAA,0,2360225
mglBp,0.25,3,3,CTGTTCAAGCAGGACCTAAG,0,2383683
mglBp,0.25,3,3,CTGTTACATACTAAGCACAT,0,2348149
mglBp,0.25,3,3,CTGTTAATGCATTCGTTGAT,0,2371953
mglBp,0.25,3,3,CTGTTAAGCGTTCTAGAAAG,0,2348318
mglBp,0.25,3,3,CTGTGTCTCGTACAGACTTT,0,2366640
mglBp,0.25,3,3,CTGTGTAGTAACCCCTCAGT,0,2370215
mglBp,0.25,3,3,CTGTGCGTCACTGTAGGCGA,0,2336073
mglBp,0.25,3,3,CTGTCTCCTGTTACCGTACA,0,2394102
mglBp,0.25,3,3,CTGTCTCACGCTATGCTGAC,0,2366212
mglBp,0.25,3,3,CTGTACTTCACGGGCCGAGT,0,2403387
mglBp,0.25,3,3,CTGTAATTGCTGAATAGATT,0,2391188
mglBp,0.25,3,3,CTGTAACGGTGTAAAAGAAT,0,2374515
mglBp,0.25,3,3,CTGTAAAGCCATATAAACGT,0,2358954
mglBp,0.25,3,3,CTGGTTTCATGTCAAGTAGG,0,2322417
mglBp,0.25,3,3,CTGGTTGAATTGGGTTGGGA,0,2331847
mglBp,0.25,3,3,CTGGTGTTATTACTCTCTTT,0,2383794
mglBp,0.25,3,3,CTGGTCGTAGGGCCTTTGGT,0,2323035
mglBp,0.25,3,3,CTGGTCCGTCAGTGCCGATT,0,2407017
mglBp,0.25,3,3,CTGGTAAGTATATCTTTAGC,0,2400220
mglBp,0.25,3,3,CTGGGTCGCTCCCGGTTACT,0,2333100
mglBp,0.25,3,3,CTGGCCGGCAAAGTAATTTG,0,2355795
mglBp,0.25,3,3,CTGGATGGGATGTGCTAGCA,0,2389330
mglBp,0.25,3,3,CTGGAGGGCTCTAGGGAAAT,0,2410891
mglBp,0.25,3,3,CTGGACTCTGTACGGTCTTC,0,2415854
mglBp,0.25,3,3,CTGGAACGGGGTGCCTCAAC,0,2385938
mglBp,0.25,3,3,CTGCTTTCTCTCCAACGGGT,0,2335381
mglBp,0.25,3,3,CTGCTTAGCTCTCGTACCCC,0,2375546
mglBp,0.25,3,3,CTGCTGAGTTCGGCACTAAA,0,2381193
mglBp,0.25,3,3,CTGCGGTTTGAAAGGGACTC,0,2404173
mglBp,0.25,3,3,CTGCGGTCCGAAAGAACGAT,0,2333824
mglBp,0.25,3,3,CTGCGCTTTGGACACATTCC,0,2349887
mglBp,0.25,3,3,CTGCGAGGCGGTTTTGAGGC,0,2398775
mglBp,0.25,3,3,CTGCCGTTTGAAATCGTCCC,0,2410839
mglBp,0.25,3,3,CTGCCGATGTACCTCAACGT,0,2422575
mglBp,0.25,3,3,CTGCAGTGTCATTAACTTAG,0,2405436
mglBp,0.25,3,3,CTGCAGATGACGTGCTGTAC,0,2404757
mglBp,0.25,3,3,CTGCAAGCTTGACGGTGTAT,0,2352570
mglBp,0.25,3,3,CTGATGTGAACCCACGTATG,0,2404202
mglBp,0.25,3,3,CTGATGCGGAGTGATTTGGT,0,2328796
mglBp,0.25,3,3,CTGATACAGAATAGTTACAG,0,2408398
mglBp,0.25,3,3,CTGAGGGGACGTTTATCCAC,0,2370376
mglBp,0.25,3,3,CTGACTAAGGGTAATAGCGA,0,2372854
mglBp,0.25,3,3,CTGACGTGTCAAGCGTTAAA,0,2341481
mglBp,0.25,3,3,CTGACCTCTTACGAGAGTTA,0,2400856
mglBp,0.25,3,3,CTGAACCTACGGCTAGCCGC,0,2409370
mglBp,0.25,3,3,CTGAACACCAACTGGGCTTG,0,2374827
mglBp,0.25,3,3,CTCTTTTTTCGTGCTGCCCC,0,2328758
mglBp,0.25,3,3,CTCTTGGCACGTCGTCGGAC,0,2411488
mglBp,0.25,3,3,CTCTTCCCCTTTTAGGTGTA,0,2335945
mglBp,0.25,3,3,CTCTGTGCGCTTGCTTGGAC,0,2338663
mglBp,0.25,3,3,CTCTGGTACATGGGGGGGAC,0,2319909
mglBp,0.25,3,3,CTCTGCGGGCAGCTCTACGT,0,2340524
mglBp,0.25,3,3,CTCTGCAGGGAGTCGGCAAG,0,2362220
mglBp,0.25,3,3,CTCTCTTGGCCGAAGTCCGT,0,2412710
mglBp,0.25,3,3,CTCTCCTTGGGAGATCGGCA,0,2364740
mglBp,0.25,3,3,CTCTCAGGATGTATTGCCTA,0,2390064
mglBp,0.25,3,3,CTCTATCTGTACATATGTAT,0,2381781
mglBp,0.25,3,3,CTCTAGGACTATAGGCCCAT,0,2350997
mglBp,0.25,3,3,CTCTAAGTCGCGTGTAAGTA,0,2413363
mglBp,0.25,3,3,CTCGTATTCAGCGGTGCTTT,0,2366613
mglBp,0.25,3,3,CTCGTAACCGGGCTGTAACC,0,2318769
mglBp,0.25,3,3,CTCGGTATCAACTATTACGT,0,2401888
mglBp,0.25,3,3,CTCGGTACCTACTCCACTTT,0,2329731
mglBp,0.25,3,3,CTCGGAAAAAACCGCCTAAT,0,2395839
mglBp,0.25,3,3,CTCGCTCTAATCGGACTTCG,0,2325819
mglBp,0.25,3,3,CTCCTTTCATCTCACGGCCG,0,2421742
mglBp,0.25,3,3,CTCCTGGATCGTAGCTGACC,0,2331653
mglBp,0.25,3,3,CTCCTAGATTTCGGTTTACT,0,2353129
mglBp,0.25,3,3,CTCCGTTAGCGTGCCGGAGC,0,2367239
mglBp,0.25,3,3,CTCCCCTTCCGATCTGTAGC,0,2384252
mglBp,0.25,3,3,CTCCCCATAATGTGCACCGG,0,2385304
mglBp,0.25,3,3,CTCCATTTAGGCCCAGTGAG,0,2356523
mglBp,0.25,3,3,CTCCATCTTAGCCGGATTTC,0,2339605
mglBp,0.25,3,3,CTCCAGGTGTGATCTTAGGA,0,2414859
mglBp,0.25,3,3,CTCCACACTTGCGAATAATG,0,2357732
mglBp,0.25,3,3,CTCATTGTGAGCAGGCAATG,0,2327060
mglBp,0.25,3,3,CTCATGCATTCCGGCTGAGA,0,2422518
mglBp,0.25,3,3,CTCATAGGTCAATTTCAGGC,0,2339348
mglBp,0.25,3,3,CTCATAGCCACCTGAACATA,0,2340644
mglBp,0.25,3,3,CTCATAATTATCGACGAATG,0,2317994
mglBp,0.25,3,3,CTCAGTCGTACGCCGAGTAA,0,2345133
mglBp,0.25,3,3,CTCAGGCTGCACAGAGTAAA,0,2412716
mglBp,0.25,3,3,CTCAGCCCAGTCTTCGGGCT,0,2386415
mglBp,0.25,3,3,CTCAGAATGTTCTTTCAGAT,0,2343195
mglBp,0.25,3,3,CTCACTCTCCGGGATAACAG,0,2406556
mglBp,0.25,3,3,CTCACCGTGAGTTCATATAA,0,2372610
mglBp,0.25,3,3,CTCAAGAATCGGTAAGCCTA,0,2415001
mglBp,0.25,3,3,CTATTATTTGGAATCGTGTA,0,2344883
mglBp,0.25,3,3,CTATGGTATCCAATGAACAA,0,2372255
mglBp,0.25,3,3,CTATGGGCAGCGTCTATTGA,0,2330163
mglBp,0.25,3,3,CTATGCTTGAGGCCTAGTAT,0,2358802
mglBp,0.25,3,3,CTATGACGGTTAATTAAACT,0,2371988
mglBp,0.25,3,3,CTATGACCGGGATGGAGGCT,0,2336194
mglBp,0.25,3,3,CTATGAAAGGCACTCGGGCG,0,2388405
mglBp,0.25,3,3,CTATCGGGTTCCTGACAGGT,0,2400146
mglBp,0.25,3,3,CTATCCAAACGTCGGTTTAT,0,2396056
mglBp,0.25,3,3,CTATCAGACCATGGGAACGC,0,2367691
mglBp,0.25,3,3,CTATCACTCAGTCGATGAGC,0,2395195
mglBp,0.25,3,3,CTATACGCCAAAAGTATCCA,0,2384320
mglBp,0.25,3,3,CTAGTCCGATCCCGGGCTGA,0,2415545
mglBp,0.25,3,3,CTAGGTCCAAATCAACCCTG,0,2343761
mglBp,0.25,3,3,CTAGGCGGTATTTGGGCAGA,0,2334104
mglBp,0.25,3,3,CTAGGATTGCAACGGAAAGA,0,2388362
mglBp,0.25,3,3,CTAGCTAACGATGAGTTAGT,0,2376222
mglBp,0.25,3,3,CTAGCGGGCTTTAACACCGA,0,2334469
mglBp,0.25,3,3,CTAGCCAAGTCAGACGTGGC,0,2379363
mglBp,0.25,3,3,CTAGCAACTTATCTACCGCT,0,2412442
mglBp,0.25,3,3,CTAGACATGAAAGGCCCGGC,0,2326907
mglBp,0.25,3,3,CTACTTGTCCAGGTAGGCGC,0,2369950
mglBp,0.25,3,3,CTACTCGTCTGGCCTCACGC,0,2321760
mglBp,0.25,3,3,CTACTCAGTTTACGTGCAGC,0,2368948
mglBp,0.25,3,3,CTACCATGCATGAAGGGCTA,0,2386177
mglBp,0.25,3,3,CTACCAGGAGGCTGGGGGAC,0,2377755
mglBp,0.25,3,3,CTACATCAGATGCCATCCGT,0,2393326
mglBp,0.25,3,3,CTACAGTTGATAAGTCTCTA,0,2420604
mglBp,0.25,3,3,CTACACCCGACGGTTCCATC,0,2347354
mglBp,0.25,3,3,CTACACAAGCATAAGTCATT,0,2394193
mglBp,0.25,3,3,CTAATATGGGCACCGTCTCT,0,2348350
mglBp,0.25,3,3,CTAATAAGGAGGGCCGGACA,0,2336002
mglBp,0.25,3,3,CTAAGGCAACAGCGCAATAG,0,2414927
mglBp,0.25,3,3,CTAACGCTTTTTGCAATCGC,0,2404608
mglBp,0.25,3,3,CTAAAGAGTCACGGTATATC,0,2418256
mglBp,0.25,3,3,CGTTTGGCGGTACAAGTGGT,0,2336808
mglBp,0.25,3,3,CGTTTATATGCAGTGAAGGG,0,2342818
mglBp,0.25,3,3,CGTTTAGTTCAAGGGGGACG,0,2319096
mglBp,0.25,3,3,CGTTGGTCCAGGGGCGATAC,0,2336852
mglBp,0.25,3,3,CGTTGGCGAGGCCGCTTCTT,0,2406451
mglBp,0.25,3,3,CGTTGGCATCTTCTCGGGTA,0,2346790
mglBp,0.25,3,3,CGTTCTTACAATTGATGCGT,0,2354373
mglBp,0.25,3,3,CGTTCGGGGCTATTTATGAC,0,2405338
mglBp,0.25,3,3,CGTTCCGTAAGGCACTACCT,0,2321284
mglBp,0.25,3,3,CGTTATTGGGATGCGATGAA,0,2352550
mglBp,0.25,3,3,CGTTAGTGCAAGAAGGGCCA,0,2383154
mglBp,0.25,3,3,CGTTACGGCCGTACACTCTC,0,2415759
mglBp,0.25,3,3,CGTTACCGCAGGGAAACTTG,0,2402560
mglBp,0.25,3,3,CGTTAATTTGGCTAGTTGTG,0,2391500
mglBp,0.25,3,3,CGTGGTCGTCGCTTTTACGT,0,2367520
mglBp,0.25,3,3,CGTGGGCAATAGTACATGCA,0,2321152
mglBp,0.25,3,3,CGTGGACTCGCGGTACTTAC,0,2338654
mglBp,0.25,3,3,CGTGGAAGGTAGCTCAGATA,0,2402059
mglBp,0.25,3,3,CGTGCGAGTGTCATAACTAA,0,2322967
mglBp,0.25,3,3,CGTGCCGCATTAAGTGCACC,0,2409874
mglBp,0.25,3,3,CGTGACCGTTGTATGAGGGT,0,2383928
mglBp,0.25,3,3,CGTGAATAAAGCACTCCAGC,0,2351054
mglBp,0.25,3,3,CGTCTTCCGGCCTTCGATCC,0,2381794
mglBp,0.25,3,3,CGTCTTCCACCTTTATCCTT,0,2422904
mglBp,0.25,3,3,CGTCTAGGATTGAGGCCCAG,0,2405601
mglBp,0.25,3,3,CGTCGTGTATACGTCGGCGA,0,2332717
mglBp,0.25,3,3,CGTCGTCGGTTCACGATCAA,0,2414895
mglBp,0.25,3,3,CGTCGGAAAACCGTTTTCCC,0,2339653
mglBp,0.25,3,3,CGTCCTTTAGGTACAGCTTA,0,2352999
mglBp,0.25,3,3,CGTCCGCGACCAACCTGCAG,0,2336229
mglBp,0.25,3,3,CGTCCCTAGTTCATTGGGTC,0,2357767
mglBp,0.25,3,3,CGTCACGACGCGCACCGGCT,0,2421395
mglBp,0.25,3,3,CGTCAAATAGTGTGTCATCA,0,2349136
mglBp,0.25,3,3,CGTATTTGTATAAGAATTAG,0,2404219
mglBp,0.25,3,3,CGTATTGGGGTTTTATTTAT,0,2422233
mglBp,0.25,3,3,CGTATCCGTGAATTCTTCGA,0,2366264
mglBp,0.25,3,3,CGTATCACAACTCAGAGTGT,0,2333682
mglBp,0.25,3,3,CGTATACCGTCACAAGAAAA,0,2365036
mglBp,0.25,3,3,CGTAGTACCATACGTTGCAA,0,2317721
mglBp,0.25,3,3,CGTAGGCCGGTCGTCCAATT,0,2319796
mglBp,0.25,3,3,CGTACGATTTGATTGGACTC,0,2329834
mglBp,0.25,3,3,CGTACGAGGTTTTATTAGGC,0,2379108
mglBp,0.25,3,3,CGTACGAGATAGCCAGGAAA,0,2397737
mglBp,0.25,3,3,CGTAATTGTGGAGGTTCGAT,0,2403072
mglBp,0.25,3,3,CGTAATTCGTGCATACACGT,0,2330866
mglBp,0.25,3,3,CGGTTGCGGAGTCTTAAGTC,0,2346910
mglBp,0.25,3,3,CGGTTGATTTCGTGCATGAA,0,2385169
mglBp,0.25,3,3,CGGTTAGCCGACTAAAATCC,0,2340849
mglBp,0.25,3,3,CGGTGATCACAACAATGTCA,0,2356299
mglBp,0.25,3,3,CGGTCAGCCCTCTTGAACAT,0,2379038
mglBp,0.25,3,3,CGGTCAAAAATTTGGGGCCA,0,2406558
mglBp,0.25,3,3,CGGTAGCAACATGTTCTGGA,0,2380293
mglBp,0.25,3,3,CGGTAATTTCAATGGGACAC,0,2383607
mglBp,0.25,3,3,CGGTAAGTGTCCAGGTATTA,0,2415378
mglBp,0.25,3,3,CGGTAAGAAGCAATCCCTTT,0,2328649
mglBp,0.25,3,3,CGGTAAATAAACTCGAACTT,0,2400224
mglBp,0.25,3,3,CGGGTTTACCGTTTACATTT,0,2407058
mglBp,0.25,3,3,CGGGTTGCTTGGCAGCACAT,0,2325111
mglBp,0.25,3,3,CGGGTCGATTTCATGTGAAT,0,2372405
mglBp,0.25,3,3,CGGGTAAATAGATACATTGG,0,2348223
mglBp,0.25,3,3,CGGGGGCGTATTATAAGGTA,0,2391979
mglBp,0.25,3,3,CGGGGGAAGTCGCACTGACA,0,2396515
mglBp,0.25,3,3,CGGGGCGCTGGCAACCCATC,0,2410252
mglBp,0.25,3,3,CGGGATGTACGCACTGGTCA,0,2409124
mglBp,0.25,3,3,CGGGATGGGGCAAGTCGCCA,0,2340298
mglBp,0.25,3,3,CGGGAGTATATATTGTATGT,0,2396058
mglBp,0.25,3,3,CGGGACGGAATAGGTAGGCC,0,2390009
mglBp,0.25,3,3,CGGGACAATAAGTAGACAAT,0,2378857
mglBp,0.25,3,3,CGGCTCGACCAATTGAGTCC,0,2381541
mglBp,0.25,3,3,CGGCGTTGACTACCCCTGAT,0,2422356
mglBp,0.25,3,3,CGGCGGGTTTACTCGACTGG,0,2400137
mglBp,0.25,3,3,CGGCGCACCATAAGTCCGTA,0,2326070
mglBp,0.25,3,3,CGGCCTGTCGTCCATGGGGC,0,2350938
mglBp,0.25,3,3,CGGCCGTTCGGCATGATCGA,0,2411129
mglBp,0.25,3,3,CGGCCATACAGGCTTCGTTT,0,2375279
mglBp,0.25,3,3,CGGCCAGGTATGCTTAGATT,0,2326620
mglBp,0.25,3,3,CGGCCAAGGGTGTGATTCAC,0,2341736
mglBp,0.25,3,3,CGGCATGGATCCGATAAAGC,0,2400089
mglBp,0.25,3,3,CGGCAATCTGTTGCGTGTGT,0,2382629
mglBp,0.25,3,3,CGGCAAGGCCAGGTGTAGAT,0,2349684
mglBp,0.25,3,3,CGGCAAACCGCGCCCGCGTT,0,2396597
mglBp,0.25,3,3,CGGCAAAAAAATGGCTTAAA,0,2384622
mglBp,0.25,3,3,CGGATTGAGGACTGTGGACG,0,2353658
mglBp,0.25,3,3,CGGATTCTCGGCGCACCAGT,0,2356260
mglBp,0.25,3,3,CGGATAAGGCAACAAACATA,0,2387345
mglBp,0.25,3,3,CGGATAAATTGCACTGTTAT,0,2324803
mglBp,0.25,3,3,CGGAGCTTTTAGGCTGTTGT,0,2409963
mglBp,0.25,3,3,CGGAGCGGGTGGCTCATTGT,0,2396370
mglBp,0.25,3,3,CGGAGAACCGTGGGGCGCTG,0,2380536
mglBp,0.25,3,3,CGGACGAAGCACACTGGTGT,0,2331162
mglBp,0.25,3,3,CGGACCCACGAATAGTAGCC,0,2399672
mglBp,0.25,3,3,CGGACAGGCACAAGTGCATT,0,2375034
mglBp,0.25,3,3,CGGAACATGTCTTCTAGTAC,0,2319784
mglBp,0.25,3,3,CGGAAAGGTTAGCGTTCTGT,0,2359271
mglBp,0.25,3,3,CGCTTTCGCTGGGCTCACTA,0,2394860
mglBp,0.25,3,3,CGCTTGTGAGCGAGTGGTCA,0,2323994
mglBp,0.25,3,3,CGCTTCAAGCCTGTCAGCTC,0,2337960
mglBp,0.25,3,3,CGCTTATCAACCGAAGGCGG,0,2318903
mglBp,0.25,3,3,CGCTTAACTAAGTCACGTCT,0,2348262
mglBp,0.25,3,3,CGCTGGATCAACCACACTCG,0,2404738
mglBp,0.25,3,3,CGCTGGAATACAGGTACACG,0,2356497
mglBp,0.25,3,3,CGCTCTCATTTACCCCGACT,0,2365096
mglBp,0.25,3,3,CGCTCCAAGGTATGACGACG,0,2371959
mglBp,0.25,3,3,CGCTAGCATATGTAGACCAG,0,2321927
mglBp,0.25,3,3,CGCTAGCACATTCAAGTAGT,0,2319181
mglBp,0.25,3,3,CGCTAAGGGATTAACAGTTC,0,2356074
mglBp,0.25,3,3,CGCGTTCGCGTGCAGTGGTC,0,2348393
mglBp,0.25,3,3,CGCGTGTAGTCCCCATACGC,0,2319945
mglBp,0.25,3,3,CGCGTCTCTCGGGTCGAGTG,0,2395278
mglBp,0.25,3,3,CGCGTCCTAGTAGTCCACGT,0,2344072
mglBp,0.25,3,3,CGCGTCAGTGCCAAGTATCA,0,2371915
mglBp,0.25,3,3,CGCGTCACAAACGACGAATA,0,2411312
mglBp,0.25,3,3,CGCGTATCGCCATCCGGTAA,0,2368758
mglBp,0.25,3,3,CGCGGGTGCACCCGATATAA,0,2410551
mglBp,0.25,3,3,CGCGGACTGCGATACGTGTA,0,2397298
mglBp,0.25,3,3,CGCGGAACACATGCAGAGAT,0,2356164
mglBp,0.25,3,3,CGCGCGCCTCGATCCATTAA,0,2337262
mglBp,0.25,3,3,CGCGCATGCGGGTGTTCGTG,0,2325905
mglBp,0.25,3,3,CGCGATTGTTACATTTCTGA,0,2418035
mglBp,0.25,3,3,CGCGAGGGATATAGCGGTAG,0,2368276
mglBp,0.25,3,3,CGCGACGGTTACGAAGCGGT,0,2324629
mglBp,0.25,3,3,CGCCTGACAAAATCAATTAT,0,2343398
mglBp,0.25,3,3,CGCCTCTGAATTCTTTACAC,0,2378182
mglBp,0.25,3,3,CGCCTAGTGCAGTCGCCGTA,0,2378878
mglBp,0.25,3,3,CGCCGTTGATACAGGATGGT,0,2359660
mglBp,0.25,3,3,CGCCGCATTGATTTCTGTCA,0,2400295
mglBp,0.25,3,3,CGCCGACATAACAATCGAAC,0,2379035
mglBp,0.25,3,3,CGCCCTATTCCGCGCAGACC,0,2404392
mglBp,0.25,3,3,CGCCCCGGATGTGGCCAAAA,0,2373546
mglBp,0.25,3,3,CGCCCAAGAGTAGTTCTTGT,0,2399368
mglBp,0.25,3,3,CGCCATGCAAGGCCCTCCGT,0,2386917
mglBp,0.25,3,3,CGCCACTCAACTTTTAGTTC,0,2340728
mglBp,0.25,3,3,CGCCAACTCTCTCAAGGTAC,0,2399013
mglBp,0.25,3,3,CGCATGTTGATGTGGTAATA,0,2335956
mglBp,0.25,3,3,CGCATCCAGGTCGCAAAAGT,0,2377578
mglBp,0.25,3,3,CGCAATCAGTCCCGAGAGTT,0,2404226
mglBp,0.25,3,3,CGATGTTCTTAACTCTTAGC,0,2393925
mglBp,0.25,3,3,CGATGGCTATCGGCGCATTG,0,2385733
mglBp,0.25,3,3,CGATGCCCAGGGTCATAATA,0,2354440
mglBp,0.25,3,3,CGATCCTTCGTTTGGTTACA,0,2374044
mglBp,0.25,3,3,CGATCCTACGATGGATGATG,0,2347843
mglBp,0.25,3,3,CGATCCGACCAAGAGGGAAC,0,2342676
mglBp,0.25,3,3,CGATCAGCATAAAGTTAGGG,0,2413819
mglBp,0.25,3,3,CGATAAAAAGGAGCCGCCAC,0,2317809
mglBp,0.25,3,3,CGAGTTCGCTGATAATTCAA,0,2373123
mglBp,0.25,3,3,CGAGTCTGGCATCCCGCCAT,0,2347514
mglBp,0.25,3,3,CGAGTCTAGATGCAATGGTA,0,2322842
mglBp,0.25,3,3,CGAGGTACGTTGAGTTTTCA,0,2326653
mglBp,0.25,3,3,CGAGGGTTGGGGCGGCACCC,0,2360111
mglBp,0.25,3,3,CGAGGGCTTGTGAAATTTGC,0,2351005
mglBp,0.25,3,3,CGAGGATGGGTTACACAGAG,0,2350729
mglBp,0.25,3,3,CGAGCCGGGCATTTTTCGGC,0,2340678
mglBp,0.25,3,3,CGAGCAGGCACACGGTGTGA,0,2342139
mglBp,0.25,3,3,CGAGACAGTCGGATTGAAAA,0,2402150
mglBp,0.25,3,3,CGAGAACGACGTAAGTACAC,0,2346290
mglBp,0.25,3,3,CGACTGGTACGGATCGTTCC,0,2332770
mglBp,0.25,3,3,CGACTGGGTCTATAAACCAT,0,2317641
mglBp,0.25,3,3,CGACTGAAGCAGGCCTTTAA,0,2353508
mglBp,0.25,3,3,CGACTCACTAATAAACCGAA,0,2402102
mglBp,0.25,3,3,CGACTCAAGGACGATCCCCC,0,2377607
mglBp,0.25,3,3,CGACTATTACTCGACCCGCA,0,2388956
mglBp,0.25,3,3,CGACTAGAGGCAGAGCGCGC,0,2336532
mglBp,0.25,3,3,CGACTAATCCCAGAAAAAAA,0,2343748
mglBp,0.25,3,3,CGACGTGCTTCCCGTCATAA,0,2354058
mglBp,0.25,3,3,CGACGTCGTGAATAGTTTTC,0,2397622
mglBp,0.25,3,3,CGACGTAAGCCCGTGGGTCA,0,2417873
mglBp,0.25,3,3,CGACGGGGATAACTCAGTGA,0,2335847
mglBp,0.25,3,3,CGACCTCGTTGTAAGCCCCA,0,2369474
mglBp,0.25,3,3,CGACCCGATTCACCTCGAAT,0,2342357
mglBp,0.25,3,3,CGACCCCGAGCTTCGGATAC,0,2411992
mglBp,0.25,3,3,CGACCAGGTTTTGGAAAAAG,0,2420917
mglBp,0.25,3,3,CGACCACGTAAGGATTTCGC,0,2370204
mglBp,0.25,3,3,CGACAAGTGGACTGCCAAGA,0,2336351
mglBp,0.25,3,3,CGACAACAAACCAGACCTAC,0,2399679
mglBp,0.25,3,3,CGAATGTGTTGCAGGTTCAA,0,2317576
mglBp,0.25,3,3,CGAATCCAGTGTTCCTCAAC,0,2392611
mglBp,0.25,3,3,CGAAGGACCCCGTAAGGACA,0,2361157
mglBp,0.25,3,3,CGAAGATGCTTGTCAGAACC,0,2356297
mglBp,0.25,3,3,CGAAGAGGACGACACAGCGG,0,2386210
mglBp,0.25,3,3,CGAACTAGAAAAGGGCTCCG,0,2324872
mglBp,0.25,3,3,CGAACCCTATTTATCTGACG,0,2366730
mglBp,0.25,3,3,CGAACCCAGGTTCAGTCAAG,0,2360321
mglBp,0.25,3,3,CGAACATTAACTGCTGGCTG,0,2395872
mglBp,0.25,3,3,CGAAAAGGTAACTTTCGCAG,0,2383629
mglBp,0.25,3,3,CGAAAACTACCCGTAATACG,0,2386539
mglBp,0.25,3,3,CCTTTTGGGTCGGCGTGGAG,0,2357362
mglBp,0.25,3,3,CCTTTGCACAAATTTAGTTT,0,2363431
mglBp,0.25,3,3,CCTTTGACCTCAGTCTGTTG,0,2352648
mglBp,0.25,3,3,CCTTTGAAGGGCCGGCCCCT,0,2318217
mglBp,0.25,3,3,CCTTTCATGATGTCGCACGC,0,2408746
mglBp,0.25,3,3,CCTTGTCGTCACTATGCGAA,0,2369851
mglBp,0.25,3,3,CCTTCTTCATACGCATGAGT,0,2392741
mglBp,0.25,3,3,CCTTCCATTGCCGGTTAAGC,0,2418120
mglBp,0.25,3,3,CCTGTCTTCGTGCAGCGCAT,0,2385784
mglBp,0.25,3,3,CCTGTCAGCCGCGCCGGGAT,0,2402716
mglBp,0.25,3,3,CCTGGTATCGCTGGTCTTGT,0,2337294
mglBp,0.25,3,3,CCTGGGCTTATGGCTCGCCT,0,2361155
mglBp,0.25,3,3,CCTGGGACGCTTTCTGACCC,0,2316439
mglBp,0.25,3,3,CCTGGGAACAGATAAAACCC,0,2383491
mglBp,0.25,3,3,CCTGGATTCTGCTTCCTTGA,0,2366094
mglBp,0.25,3,3,CCTGCTGAACAAGGGAGAGG,0,2332006
mglBp,0.25,3,3,CCTGCCATAGGTCCGAGTTA,0,2356781
mglBp,0.25,3,3,CCTGCATCGCTGATATACGG,0,2415362
mglBp,0.25,3,3,CCTGCATAGCGTCGTGCACA,0,2374354
mglBp,0.25,3,3,CCTGATAGCGACCGTGGCCG,0,2337839
mglBp,0.25,3,3,CCTGATAATCGGCACACCAA,0,2386250
mglBp,0.25,3,3,CCTGAGGATGTCGAAGCTAG,0,2420769
mglBp,0.25,3,3,CCTGAGCGGGTAACTACCAC,0,2317650
mglBp,0.25,3,3,CCTGAAGAGAACGGAGCTTG,0,2322844
mglBp,0.25,3,3,CCTCTTTTGGAGAATCAAGC,0,2359086
mglBp,0.25,3,3,CCTCTCTTGTAGACTATTGT,0,2348729
mglBp,0.25,3,3,CCTCTATTATTGATACAGGC,0,2395957
mglBp,0.25,3,3,CCTCGGTGGCTAGATTTCTT,0,2338727
mglBp,0.25,3,3,CCTCACAGCACGCTAATGTA,0,2320426
mglBp,0.25,3,3,CCTCAACCAACATCACCTGG,0,2365939
mglBp,0.25,3,3,CCTATGTAATACTCAGAGCT,0,2391227
mglBp,0.25,3,3,CCTATGGATCATACCCATGC,0,2380329
mglBp,0.25,3,3,CCTATGCCAGCACCATCGTG,0,2361972
mglBp,0.25,3,3,CCTATCCTCCCGACACCCAA,0,2411581
mglBp,0.25,3,3,CCTATAATTATTGTGGGCAG,0,2328935
mglBp,0.25,3,3,CCTAGCGCAACTCACATGTC,0,2392449
mglBp,0.25,3,3,CCTAGCATCGGACATGTATC,0,2386712
mglBp,0.25,3,3,CCTACTGTAAGGTGCTTAGG,0,2381171
mglBp,0.25,3,3,CCTACTCGTCGAAAGGGCGT,0,2363004
mglBp,0.25,3,3,CCTAAGTCGTGGGGCTCCGT,0,2378502
mglBp,0.25,3,3,CCGTTTTGCGTACCTCCCAT,0,2371515
mglBp,0.25,3,3,CCGTTTTACAATCTGATCTC,0,2327209
mglBp,0.25,3,3,CCGTTGTCAGTCGCTCGGGA,0,2414048
mglBp,0.25,3,3,CCGTTGCAGCCGGACAGTGT,0,2378675
mglBp,0.25,3,3,CCGTGGCTCAGGCGATGGGA,0,2329318
mglBp,0.25,3,3,CCGTGCAATTGTTGATTGAA,0,2396139
mglBp,0.25,3,3,CCGTCTCTAGTTAGAAAGTC,0,2351743
mglBp,0.25,3,3,CCGTATATAATGATTGATTT,0,2375191
mglBp,0.25,3,3,CCGGTTTTAGGATCCTTCTC,0,2377444
mglBp,0.25,3,3,CCGGTGTTCACGGGGCTACA,0,2359357
mglBp,0.25,3,3,CCGGCGCGAGGGGCGTAACA,0,2362923
mglBp,0.25,3,3,CCGGCCCAGGGCCTGAAAAG,0,2323083
mglBp,0.25,3,3,CCGGCAGCCACGATGGCCTA,0,2396105
mglBp,0.25,3,3,CCGGATTGTACGTGCATCTT,0,2319378
mglBp,0.25,3,3,CCGGAATTCGGATGTGCAAA,0,2420161
mglBp,0.25,3,3,CCGGAACGCCTTATAGAACT,0,2416841
mglBp,0.25,3,3,CCGGAACGCCACTCTGCAGC,0,2406207
mglBp,0.25,3,3,CCGCTGCTTGCTAATGGTAT,0,2355179
mglBp,0.25,3,3,CCGCTGAGGTGAGAAGGGCA,0,2407954
mglBp,0.25,3,3,CCGCTCGTAGCTATTCTTCT,0,2411791
mglBp,0.25,3,3,CCGCTATCTTGGATACGCAA,0,2390757
mglBp,0.25,3,3,CCGCTACCCTCGCAGCGACA,0,2349197
mglBp,0.25,3,3,CCGCGCATTAAAGATCTAAC,0,2400745
mglBp,0.25,3,3,CCGCCTTCATATGTTGGAAT,0,2316904
mglBp,0.25,3,3,CCGCCGAGCGGTTTGGCACG,0,2373033
mglBp,0.25,3,3,CCGCCATACAACATCGTTAT,0,2363339
mglBp,0.25,3,3,CCGCCAATTGGGGTCTGATG,0,2383824
mglBp,0.25,3,3,CCGCACAATCACATGCCGGC,0,2344652
mglBp,0.25,3,3,CCGATGGTGTAGATCGTTCA,0,2339536
mglBp,0.25,3,3,CCGATGCTGGCTAAGCCTCC,0,2363186
mglBp,0.25,3,3,CCGATCGGTCGCCTAACGGC,0,2391323
mglBp,0.25,3,3,CCGATAAGCATTGGGCATTC,0,2345814
mglBp,0.25,3,3,CCGAGTTTCAAGAACACATT,0,2346024
mglBp,0.25,3,3,CCGAGTCTAGTTAGTTTTCG,0,2366247
mglBp,0.25,3,3,CCGACTAAAACGCAAGTTAG,0,2383355
mglBp,0.25,3,3,CCGACCCCGACAACAATAGT,0,2323535
mglBp,0.25,3,3,CCGAATCTTGTACTTAAGGT,0,2415922
mglBp,0.25,3,3,CCGAAGGCTGAGGTACAATT,0,2379653
mglBp,0.25,3,3,CCGAACGTGACCGTAGTGCA,0,2414430
mglBp,0.25,3,3,CCCTTTATATGGCAGGAAGC,0,2386799
mglBp,0.25,3,3,CCCTTGAAGTCCTTGCGAGA,0,2380556
mglBp,0.25,3,3,CCCTTCCCATAGCGACCAAC,0,2411528
mglBp,0.25,3,3,CCCTGTATCTCGACCGATGA,0,2405702
mglBp,0.25,3,3,CCCTGGTTGCAACTCGAAAA,0,2323278
mglBp,0.25,3,3,CCCTGGTCTACGGCCCCTGA,0,2326440
mglBp,0.25,3,3,CCCTGGGGATTAAGAACGAA,0,2359288
mglBp,0.25,3,3,CCCTGCTGAGATATTCATAG,0,2317043
mglBp,0.25,3,3,CCCTGACTGCATTTGGTTCT,0,2416867
mglBp,0.25,3,3,CCCTCTCCGGCCCTGCGGAT,0,2372150
mglBp,0.25,3,3,CCCTCGTCTGGCGGCTTAAA,0,2349232
mglBp,0.25,3,3,CCCTCCTTATCTAATCTATC,0,2358461
mglBp,0.25,3,3,CCCTATGGGACGTGTACCAC,0,2338900
mglBp,0.25,3,3,CCCTAGTGCGGGATGTGACC,0,2376267
mglBp,0.25,3,3,CCCTACTGGTACCCGCGATG,0,2351272
mglBp,0.25,3,3,CCCTACTACGTATTAATACA,0,2391168
mglBp,0.25,3,3,CCCTACCAAAGGATCAGAGT,0,2342738
mglBp,0.25,3,3,CCCTAAAACGGAAAAATCTG,0,2346010
mglBp,0.25,3,3,CCCGTGGGCAATTACTGTCC,0,2331159
mglBp,0.25,3,3,CCCGTCGGGGCTTGTGCTAA,0,2361693
mglBp,0.25,3,3,CCCGTAGGTAACAATCGATA,0,2327677
mglBp,0.25,3,3,CCCGGTTACGACCGTGTTGC,0,2320308
mglBp,0.25,3,3,CCCGGTGGTTGTAGAATCGC,0,2389017
mglBp,0.25,3,3,CCCGGGATCTAGAGCAATGC,0,2377541
mglBp,0.25,3,3,CCCGGCGTCCGGTCGCCAGG,0,2381095
mglBp,0.25,3,3,CCCGGATGTGAAGAAACTGT,0,2409883
mglBp,0.25,3,3,CCCGCGCGGCGTAGAGGTTG,0,2398252
mglBp,0.25,3,3,CCCGCCTAGCGTAGAACCAT,0,2389192
mglBp,0.25,3,3,CCCGCCTAAGCTGGCACCCA,0,2409218
mglBp,0.25,3,3,CCCGCATCAATATAACCTAT,0,2320967
mglBp,0.25,3,3,CCCGACGCGGCGGCACCTGC,0,2409623
mglBp,0.25,3,3,CCCCTTGGAGAGTTATGTGT,0,2354234
mglBp,0.25,3,3,CCCCTCTGCAGGGAGCAGGT,0,2415308
mglBp,0.25,3,3,CCCCTCCGCTTTCCCTACTT,0,2349132
mglBp,0.25,3,3,CCCCGGTGAGGCGAGCCTGT,0,2403569
mglBp,0.25,3,3,CCCCCTATAGGCCGTCGATC,0,2392579
mglBp,0.25,3,3,CCCCCGACGTGGTACATATT,0,2370993
mglBp,0.25,3,3,CCCCAGGACAAGGCCTGCTG,0,2345785
mglBp,0.25,3,3,CCCCACCACGCTAAGAGAAT,0,2345531
mglBp,0.25,3,3,CCCATTGGAGTGCAACGGAA,0,2397110
mglBp,0.25,3,3,CCCATTAGCGTGCTGACATG,0,2373241
mglBp,0.25,3,3,CCCATGCAGCTCAGCTCATT,0,2335978
mglBp,0.25,3,3,CCCATCACTGTGCGCCTTAT,0,2365017
mglBp,0.25,3,3,CCCAGACCCCACAAGTCTTC,0,2333487
mglBp,0.25,3,3,CCCACGTTCTTTTAGGCGGC,0,2418449
mglBp,0.25,3,3,CCCACGAGTGCGATTCGTAG,0,2340718
mglBp,0.25,3,3,CCCACAACAGCGGTTCTCGC,0,2406390
mglBp,0.25,3,3,CCCAAGTTGTTGGTGTTCGT,0,2380646
mglBp,0.25,3,3,CCATTAGACTTCCACACAAA,0,2342954
mglBp,0.25,3,3,CCATGTCTCGCCGTGTGGGA,0,2401240
mglBp,0.25,3,3,CCATGGGATCTGTCGGGCAT,0,2329153
mglBp,0.25,3,3,CCATGACGGCAAAGACTTGT,0,2379500
mglBp,0.25,3,3,CCATCCCAAGTCCGAAAACA,0,2412436
mglBp,0.25,3,3,CCATCATGCCCGGGTTCACC,0,2381451
mglBp,0.25,3,3,CCATCAGATAACCCTTAAGA,0,2350504
mglBp,0.25,3,3,CCATATTTTGCCTCTACATC,0,2402482
mglBp,0.25,3,3,CCATACATCATTAGCGCCCA,0,2355223
mglBp,0.25,3,3,CCAGTGTACAATGCCCCATT,0,2409069
mglBp,0.25,3,3,CCAGTGCTTCGCACGGGTAG,0,2323092
mglBp,0.25,3,3,CCAGTGCCTCCATTCTTAGA,0,2373104
mglBp,0.25,3,3,CCAGTCCTATTGGGCTCTGA,0,2332841
mglBp,0.25,3,3,CCAGTCATTCGGTGTCAATC,0,2346295
mglBp,0.25,3,3,CCAGGGCTCGGAGAATACTA,0,2358902
mglBp,0.25,3,3,CCAGGCTCGCACTTATATAA,0,2395636
mglBp,0.25,3,3,CCAGGCGGCCGAGTAATCAA,0,2338710
mglBp,0.25,3,3,CCAGCTAGCCCTGGTTGAAA,0,2391452
mglBp,0.25,3,3,CCAGCCTCTCAGCGATTAGT,0,2359677
mglBp,0.25,3,3,CCAGCCCTAAGTAATTTCAA,0,2405802
mglBp,0.25,3,3,CCAGCCATGTCTGCGACTCT,0,2381262
mglBp,0.25,3,3,CCAGCCAAGTTAGATCAGCT,0,2404612
mglBp,0.25,3,3,CCAGATGTTGTCTCGGGTAG,0,2361148
mglBp,0.25,3,3,CCAGAATGGACCCCTTCTCG,0,2410772
mglBp,0.25,3,3,CCACTCAGTACACCACCCGT,0,2382365
mglBp,0.25,3,3,CCACGTTGTTTGTACACGTG,0,2317342
mglBp,0.25,3,3,CCACCGGACGCCGCTTAGTA,0,2403527
mglBp,0.25,3,3,CCACCCCTGTCTTTGGACAT,0,2388079
mglBp,0.25,3,3,CCACCAGTTTAGCGCTTTCT,0,2412884
mglBp,0.25,3,3,CCACAAAGTCTAAGGACTGA,0,2345874
mglBp,0.25,3,3,CCAATTTTTCGGTGTTCAAG,0,2329839
mglBp,0.25,3,3,CCAATGGCATCTAGAACATG,0,2347519
mglBp,0.25,3,3,CCAATGCGGAAGGTTCCTAT,0,2417251
mglBp,0.25,3,3,CCAAGCATAAAACAATAGCT,0,2365779
mglBp,0.25,3,3,CCAACGTCGTACAAGAGCGG,0,2368982
mglBp,0.25,3,3,CCAACGCCTAAGTACTCCCC,0,2413501
mglBp,0.25,3,3,CCAAAGCAGGATCGTGACAA,0,2370432
mglBp,0.25,3,3,CCAAACGGGGGGTAAAATTT,0,2320179
mglBp,0.25,3,3,CCAAACCGGTATTATGACTA,0,2322052
mglBp,0.25,3,3,CCAAAATAGCGGTTGACTGT,0,2392937
mglBp,0.25,3,3,CATTTGGTGCCATCAGTGAT,0,2407540
mglBp,0.25,3,3,CATTGTCTTCGCGGTGCAAT,0,2371328
mglBp,0.25,3,3,CATTGGTACCGGCCTTTTGG,0,2386327
mglBp,0.25,3,3,CATTGGGTGGATTGGTCTAA,0,2322941
mglBp,0.25,3,3,CATTGCGATCGCAGAGGCAG,0,2366895
mglBp,0.25,3,3,CATTCTGTTCATTCCGGAGT,0,2403483
mglBp,0.25,3,3,CATTCTGACTCGCTCGGCCA,0,2345633
mglBp,0.25,3,3,CATTCGTCGTGAGACGTTTA,0,2322160
mglBp,0.25,3,3,CATTCCGCAATTGCACTCGT,0,2404894
mglBp,0.25,3,3,CATTCCACTCACTACGGGTC,0,2353443
mglBp,0.25,3,3,CATTATTATAAAAGCAGCCC,0,2351650
mglBp,0.25,3,3,CATTATAAAAGGATGTGCTG,0,2328677
mglBp,0.25,3,3,CATTAGTCACGGAAGGGTAA,0,2366048
mglBp,0.25,3,3,CATGTTTAGTGTGCGAGGGC,0,2387336
mglBp,0.25,3,3,CATGTTGTTAGATTACATTA,0,2386624
mglBp,0.25,3,3,CATGTTGGTCCCTTCCGTCA,0,2416358
mglBp,0.25,3,3,CATGTTCAGGCCCGCCTTGT,0,2422376
mglBp,0.25,3,3,CATGTGGGCTTTCTTATAAA,0,2341001
mglBp,0.25,3,3,CATGTAGCCGTCTTAAGCAG,0,2316465
mglBp,0.25,3,3,CATGGTACTGTGGAATATTG,0,2379794
mglBp,0.25,3,3,CATGGCCTCATTGTGACCTT,0,2365835
mglBp,0.25,3,3,CATGGAGGTACCGCGTGTGA,0,2338184
mglBp,0.25,3,3,CATGCTCACCGAGTACCGGC,0,2389590
mglBp,0.25,3,3,CATGCGGGATTGACGCAACA,0,2414631
mglBp,0.25,3,3,CATGCCATCCTAGGACTGGA,0,2332821
mglBp,0.25,3,3,CATGATGTGTCATAAGCGTA,0,2360283
mglBp,0.25,3,3,CATCTGAACCATTCCCTCCT,0,2400293
mglBp,0.25,3,3,CATCTAGATAGTCCTTGTAA,0,2398586
mglBp,0.25,3,3,CATCGTGTAGTCAACAACTA,0,2405165
mglBp,0.25,3,3,CATCGTCTCGAGCCGACGAT,0,2320341
mglBp,0.25,3,3,CATCGGTGAGTGCTAAATAA,0,2370079
mglBp,0.25,3,3,CATCGGACAAGCTGATTAAC,0,2404440
mglBp,0.25,3,3,CATCGCGCCCCGGGTACAAA,0,2394839
mglBp,0.25,3,3,CATCGCCCAGCCCCCGTCTT,0,2403119
mglBp,0.25,3,3,CATCGCAGGAATGCCACCAG,0,2408280
mglBp,0.25,3,3,CATCGAACGGATACACCAAG,0,2387117
mglBp,0.25,3,3,CATCATTGTGGTGTGGTACG,0,2354182
mglBp,0.25,3,3,CATCATTGAAGGAGATTTAA,0,2332860
mglBp,0.25,3,3,CATCAGTGGTTAAGGGCCCA,0,2423542
mglBp,0.25,3,3,CATCAGCAGGGTTTTCAACA,0,2325803
mglBp,0.25,3,3,CATCAACGTTTACTTGTGGT,0,2405844
mglBp,0.25,3,3,CATATTCATTCGACGAATGA,0,2321627
mglBp,0.25,3,3,CATATCGAGTGGCTCAATCC,0,2329881
mglBp,0.25,3,3,CATATCCCGTGTGCAGGTCC,0,2390959
mglBp,0.25,3,3,CATATCAAGCTGATACTCCG,0,2393808
mglBp,0.25,3,3,CATAGTCTTAGGGTCCGATG,0,2414192
mglBp,0.25,3,3,CATAGGAACCCCGATTAACT,0,2391167
mglBp,0.25,3,3,CATAGCTGTCTGGTCGAGCC,0,2404500
mglBp,0.25,3,3,CATACTGATTGGGGCGCTGT,0,2411476
mglBp,0.25,3,3,CATACTACTACGTAAGTTTA,0,2392994
mglBp,0.25,3,3,CATACAGTGAAGGGAGTTTG,0,2406073
mglBp,0.25,3,3,CATAATGGTCCACACTCGCA,0,2384612
mglBp,0.25,3,3,CATAAGTGCGACCGCACGTT,0,2373563
mglBp,0.25,3,3,CATAAGCTATTGGTTCCTTT,0,2341069
mglBp,0.25,3,3,CATAACCAGAAAACATCCTG,0,2414497
mglBp,0.25,3,3,CATAAAGAGCTGCAACCCCC,0,2406203
mglBp,0.25,3,3,CATAAACGGACATCCTAAAT,0,2340739
mglBp,0.25,3,3,CAGTTTTAACGCGGCCCCTA,0,2362509
mglBp,0.25,3,3,CAGTTCTGCATCTCGCATGA,0,2341294
mglBp,0.25,3,3,CAGTTAGTCGGAGAAAAGTA,0,2330718
mglBp,0.25,3,3,CAGTGATGGCAGGCGAACGG,0,2398892
mglBp,0.25,3,3,CAGTGAATCAGACCGTCAGG,0,2368230
mglBp,0.25,3,3,CAGTCGTACTGGATTTCTAC,0,2394011
mglBp,0.25,3,3,CAGTCGCGCATTTGTTCAAT,0,2418277
mglBp,0.25,3,3,CAGTATGGAATAGTATCTCA,0,2343296
mglBp,0.25,3,3,CAGTATACGATTTGAATCGG,0,2324191
mglBp,0.25,3,3,CAGTAGCGAATCGTTATTAA,0,2380257
mglBp,0.25,3,3,CAGGTCGGCGAGGGTCGCGG,0,2400217
mglBp,0.25,3,3,CAGGGTCTATTATTGTGTCA,0,2379423
mglBp,0.25,3,3,CAGGGTCAGAAGGTTAAATC,0,2387965
mglBp,0.25,3,3,CAGGCTGATTTGATATACGT,0,2416835
mglBp,0.25,3,3,CAGGCTAGATGCGAGGTTTC,0,2368901
mglBp,0.25,3,3,CAGGCCATACGTCGTTCGTC,0,2343237
mglBp,0.25,3,3,CAGGCCAGGAAAAAATCCGT,0,2327645
mglBp,0.25,3,3,CAGGATGTTAAATCGTAGGT,0,2318440
mglBp,0.25,3,3,CAGGAGGCATGAGTGCAGGA,0,2414931
mglBp,0.25,3,3,CAGGACGCTTGAGTCGCGAG,0,2337586
mglBp,0.25,3,3,CAGGACAGAGTATCGGAAAA,0,2378402
mglBp,0.25,3,3,CAGGAACTCAAGTTCGGTCT,0,2323986
mglBp,0.25,3,3,CAGCTTCCGAACGTGCGCGC,0,2391737
mglBp,0.25,3,3,CAGCTGGGCCGGCGAGACGG,0,2394761
mglBp,0.25,3,3,CAGCTGGAGGGCATATGAGG,0,2329154
mglBp,0.25,3,3,CAGCTCCCCCATTTCCTAGC,0,2344076
mglBp,0.25,3,3,CAGCTCCCCATCGCTCCGGT,0,2327559
mglBp,0.25,3,3,CAGCTATTGCGCCGGTTGGA,0,2363025
mglBp,0.25,3,3,CAGCTATTGCCGCGTTGTTG,0,2384995
mglBp,0.25,3,3,CAGCGCCTTTTGCGATGCTG,0,2401142
mglBp,0.25,3,3,CAGCGAGAGCCAAATAGAAG,0,2369967
mglBp,0.25,3,3,CAGCCTGATAACGTTTGAGG,0,2346546
mglBp,0.25,3,3,CAGCCTACCGCCCAAACCCA,0,2411713
mglBp,0.25,3,3,CAGCATACGGTGCAACGATC,0,2357296
mglBp,0.25,3,3,CAGCAGGTGACGCTGCCACG,0,2400310
mglBp,0.25,3,3,CAGCACGAATATCAAGTACG,0,2379952
mglBp,0.25,3,3,CAGCACACGGCCAAGAGCAT,0,2333863
mglBp,0.25,3,3,CAGATGTTCGATAGTGTTTG,0,2359910
mglBp,0.25,3,3,CAGATACAGCGGGGTCACGC,0,2374429
mglBp,0.25,3,3,CAGATAACTTTGGGCGGGAC,0,2317930
mglBp,0.25,3,3,CAGAGTAAGGCTCATACGCA,0,2401332
mglBp,0.25,3,3,CAGAGGTGGTAGTTATCTGT,0,2417069
mglBp,0.25,3,3,CAGAGGCTGCACTATGACAG,0,2334966
mglBp,0.25,3,3,CAGAGCACCGCGTAAGACTC,0,2373621
mglBp,0.25,3,3,CAGAGATGGCCGTGCGCTTA,0,2324517
mglBp,0.25,3,3,CAGAGAGGTTTGATACTCAG,0,2390958
mglBp,0.25,3,3,CAGACAAGTTCTTGCACGGA,0,2387005
mglBp,0.25,3,3,CAGAATTTAAGACGGGGTAA,0,2335941
mglBp,0.25,3,3,CAGAATTATCATAGTTGTAC,0,2379404
mglBp,0.25,3,3,CAGAACAATGACAACGATGG,0,2401434
mglBp,0.25,3,3,CAGAAAATTTCATACGGATG,0,2378020
mglBp,0.25,3,3,CACTTGCACGCGTCAACAGT,0,2326345
mglBp,0.25,3,3,CACTTCGTAGTAGTTCAAAT,0,2402272
mglBp,0.25,3,3,CACTGTCACCCGTCTAGGCC,0,2368042
mglBp,0.25,3,3,CACTGTAATGTGAAAGTTCT,0,2363802
mglBp,0.25,3,3,CACTCCCTTCGACTGTCTGA,0,2355253
mglBp,0.25,3,3,CACTCCATTTCGGCGAACTA,0,2396721
mglBp,0.25,3,3,CACTCAATCATCTCAAACGA,0,2416642
mglBp,0.25,3,3,CACTCAACGTATAATCACTG,0,2349930
mglBp,0.25,3,3,CACTATACTAGAACGCACAA,0,2400216
mglBp,0.25,3,3,CACTAAACACACACTCTTCA,0,2371204
mglBp,0.25,3,3,CACGTCACCAATGGGTTGTG,0,2318828
mglBp,0.25,3,3,CACGTATCTCCGAGCGAGGC,0,2345810
mglBp,0.25,3,3,CACGGGCACCTGAAAAAACT,0,2333393
mglBp,0.25,3,3,CACGGGACAACCCGACGCAC,0,2336662
mglBp,0.25,3,3,CACGGCCCCCGGGTTTTGGT,0,2355915
mglBp,0.25,3,3,CACGGCAGTATAAATGCCCT,0,2410479
mglBp,0.25,3,3,CACGGAATAAAATTCTAGGG,0,2354738
mglBp,0.25,3,3,CACGATACTGCCTGATACAT,0,2395777
mglBp,0.25,3,3,CACGAGTATCCATCATTAGG,0,2351573
mglBp,0.25,3,3,CACGAGCATTACCATGGCTT,0,2421629
mglBp,0.25,3,3,CACGAAACACAAGGTTGACT,0,2347885
mglBp,0.25,3,3,CACCTTCTGCGCGGGATATC,0,2378804
mglBp,0.25,3,3,CACCTGCGGCAGACGTAGCC,0,2323497
mglBp,0.25,3,3,CACCGGTCCGGGCTTGTATC,0,2330071
mglBp,0.25,3,3,CACCGGGAACTCTCAAATCT,0,2377040
mglBp,0.25,3,3,CACCGCCAACAGGGGTGCAT,0,2410323
mglBp,0.25,3,3,CACCCCGGGACGTGTACGGT,0,2412795
mglBp,0.25,3,3,CACCAGTTGAAGTGACCGAT,0,2396390
mglBp,0.25,3,3,CACCAACCCCGTAGGCCGTG,0,2383379
mglBp,0.25,3,3,CACCAAACGATGCGTTGCCA,0,2318279
mglBp,0.25,3,3,CACATGGTGAAGTATGGCTA,0,2405421
mglBp,0.25,3,3,CACATACTAATCCTAGCATT,0,2375480
mglBp,0.25,3,3,CACATAAGGTGACACTTCAT,0,2384446
mglBp,0.25,3,3,CACAGCCTACAACTCAGGAA,0,2411371
mglBp,0.25,3,3,CACAGCAAGCTGTGCAAAGG,0,2414636
mglBp,0.25,3,3,CACACTTGTTGTCGTTAGAG,0,2398213
mglBp,0.25,3,3,CACACATGGTACAGGCACTT,0,2333405
mglBp,0.25,3,3,CACACAGCATTTACACAGAC,0,2362221
mglBp,0.25,3,3,CACAAGGCGGCGACCAGTGG,0,2316776
mglBp,0.25,3,3,CACAAAATAATCCGCTGAAC,0,2423048
mglBp,0.25,3,3,CAATTCATCATTTCCTCGAT,0,2388537
mglBp,0.25,3,3,CAATTAATGGGGGCGATTTC,0,2390886
mglBp,0.25,3,3,CAATGTAAAATACGGTAGGA,0,2399066
mglBp,0.25,3,3,CAATGGGATCGAGGCTTTAC,0,2360142
mglBp,0.25,3,3,CAATGAAGTGCACTGCCCAA,0,2418831
mglBp,0.25,3,3,CAATCGAAGGAATCGCAGTT,0,2387981
mglBp,0.25,3,3,CAAGGTTCGGGTACGTCCTC,0,2332559
mglBp,0.25,3,3,CAAGGTCCGCGCAACTCATG,0,2384247
mglBp,0.25,3,3,CAAGGGATCGTCTATCGTAT,0,2340478
mglBp,0.25,3,3,CAAGGCCTAATAGGGAGAAT,0,2351693
mglBp,0.25,3,3,CAAGCCGTGTCGGAATGATA,0,2417734
mglBp,0.25,3,3,CAAGCCGTAAATAGGTCTGG,0,2381359
mglBp,0.25,3,3,CAAGCCCCGTGCGCGTATTC,0,2359335
mglBp,0.25,3,3,CAAGCAAACCGTAGTGATGG,0,2414461
mglBp,0.25,3,3,CAAGATATTTGTCAGACCCG,0,2392019
mglBp,0.25,3,3,CAAGAGTTTCAGCACACATA,0,2415467
mglBp,0.25,3,3,CAAGAGTCAGACGGGTCGTC,0,2410046
mglBp,0.25,3,3,CAAGAGTAATGTGGAGAGAT,0,2344832
mglBp,0.25,3,3,CAAGACGTTGACAGGTTAAC,0,2346560
mglBp,0.25,3,3,CAAGACCCCGGTTAGAAGGC,0,2368755
mglBp,0.25,3,3,CAACTGTATCTGAACATCCT,0,2328836
mglBp,0.25,3,3,CAACTGAATGGCAACCAGAG,0,2341510
mglBp,0.25,3,3,CAACGTGGTACCATAAGTCA,0,2386418
mglBp,0.25,3,3,CAACGTCGAGTTGGCGAATT,0,2330444
mglBp,0.25,3,3,CAACGCTTCGCCGGGATGGT,0,2376071
mglBp,0.25,3,3,CAACGCTTCACACCTGGGCA,0,2342952
mglBp,0.25,3,3,CAACGCTCCTGGGTACCGTG,0,2398493
mglBp,0.25,3,3,CAACGCGGGATGTGGCAAGT,0,2332383
mglBp,0.25,3,3,CAACGCCGTTAATGGGATTG,0,2422972
mglBp,0.25,3,3,CAACGCCCTGGTAGGTGGAA,0,2321946
mglBp,0.25,3,3,CAACGAAGAGTTCAATAGAC,0,2420582
mglBp,0.25,3,3,CAACCGGCCCCGGCTGGGAG,0,2413734
mglBp,0.25,3,3,CAACCGAAAAATGGGCGAGT,0,2407842
mglBp,0.25,3,3,CAACCCTTCCTCCCGGTGGC,0,2391244
mglBp,0.25,3,3,CAACCCACCTTAGGGTGGCG,0,2375092
mglBp,0.25,3,3,CAACCAGCAACCCGCATACA,0,2380400
mglBp,0.25,3,3,CAACCAAATCGCTAGCCGGA,0,2408357
mglBp,0.25,3,3,CAACACCGACGCCAGAAAAA,0,2401023
mglBp,0.25,3,3,CAAATCAGGTGTCATACAAT,0,2382391
mglBp,0.25,3,3,CAAAGTCAGGGCTCTCGAGA,0,2405211
mglBp,0.25,3,3,CAAAGGCTCGTACACGACGC,0,2359907
mglBp,0.25,3,3,CAAAGGAAAGCTTCAAAATC,0,2368766
mglBp,0.25,3,3,CAAAGCATGGAGCTACGGAA,0,2362249
mglBp,0.25,3,3,CAAACGTGCACCTTGAAGTC,0,2356916
mglBp,0.25,3,3,CAAACCAAATGTTAGTGTGA,0,2366915
mglBp,0.25,3,3,CAAACAAGTAATTACTTTGC,0,2405580
mglBp,0.25,3,3,CAAAAGTAGGTCTTTATAAT,0,2378855
mglBp,0.25,3,3,CAAAACCGTCGGGTTAACGT,0,2322089
mglBp,0.25,3,3,ATTTTTCCGTCGTGTTATGC,0,2321269
mglBp,0.25,3,3,ATTTTCTGTATATGCCCCGT,0,2375355
mglBp,0.25,3,3,ATTTTCAGGGAAAGATAGAT,0,2319428
mglBp,0.25,3,3,ATTTGTCCCTCGAACTAAAT,0,2420619
mglBp,0.25,3,3,ATTTGGCTTGCGACCGAGGA,0,2420995
mglBp,0.25,3,3,ATTTGAGAAAGCCCCAGCCA,0,2377859
mglBp,0.25,3,3,ATTTCAAGAATGACAGACAG,0,2338199
mglBp,0.25,3,3,ATTTAACATCCAGGGCTAGT,0,2420089
mglBp,0.25,3,3,ATTGTCTCAAATGGCGTGCT,0,2336026
mglBp,0.25,3,3,ATTGTCCGGCGACTTAGTGC,0,2412432
mglBp,0.25,3,3,ATTGTATTCGCTTTTAGTCC,0,2373767
mglBp,0.25,3,3,ATTGTAGGCTCGGTCCGGTC,0,2394378
mglBp,0.25,3,3,ATTGGATCTTGAACCCTCGA,0,2397792
mglBp,0.25,3,3,ATTGCGGGAAAGGGTAGATG,0,2336462
mglBp,0.25,3,3,ATTGCGCTTTCGCCGCTGAA,0,2386989
mglBp,0.25,3,3,ATTGCCTAAGGGCATACGGT,0,2386841
mglBp,0.25,3,3,ATTGAGTCTCTAGTAGACGT,0,2361586
mglBp,0.25,3,3,ATTGAGCGGGACCGTGCCTC,0,2408676
mglBp,0.25,3,3,ATTGAATAGTGTGCTAGGTT,0,2348191
mglBp,0.25,3,3,ATTCTTATCGTCCGATCTCT,0,2352996
mglBp,0.25,3,3,ATTCTTATCCTACGTTATTA,0,2356959
mglBp,0.25,3,3,ATTCTCTAGGGTGTCTTTAG,0,2372586
mglBp,0.25,3,3,ATTCTCCGCGCGTACCTACC,0,2386287
mglBp,0.25,3,3,ATTCTAACTATAGGGCTATC,0,2348119
mglBp,0.25,3,3,ATTCGTCCTCCCGAAATATT,0,2399330
mglBp,0.25,3,3,ATTCGGGCCACCTCATACCC,0,2319560
mglBp,0.25,3,3,ATTCGGCACCCTGATTCATA,0,2408449
mglBp,0.25,3,3,ATTCGGAACCGTATTTACTT,0,2412087
mglBp,0.25,3,3,ATTCATCTATACGAGGTCTT,0,2370023
mglBp,0.25,3,3,ATTCAGCGGTTCCCGCTCGT,0,2364986
mglBp,0.25,3,3,ATTCAGCACGACTTTTTCCA,0,2410134
mglBp,0.25,3,3,ATTCACGGTGTTGCCGGGAT,0,2375887
mglBp,0.25,3,3,ATTATTCCAGATACACGCTG,0,2320294
mglBp,0.25,3,3,ATTATGACGTACACCCCTGG,0,2356678
mglBp,0.25,3,3,ATTATGAATGCGCTAGACAA,0,2357567
mglBp,0.25,3,3,ATTATCTTGGTCGAGTGGTT,0,2354094
mglBp,0.25,3,3,ATTATCTCGTCGAATAGCTG,0,2403743
mglBp,0.25,3,3,ATTATAGTGAGACTTTTCAG,0,2359788
mglBp,0.25,3,3,ATTAGTCGTAATCATCCGCA,0,2385316
mglBp,0.25,3,3,ATTAGGGTATTGGTTAGGGT,0,2345215
mglBp,0.25,3,3,ATTAGGAGCGTTAGAGCGTT,0,2373612
mglBp,0.25,3,3,ATTAGCGTGATCTAACCTGC,0,2402686
mglBp,0.25,3,3,ATTACTGAGAAATGACACAC,0,2375517
mglBp,0.25,3,3,ATTACCAGTTTGTCGCCGGA,0,2367574
mglBp,0.25,3,3,ATTAAGAGAATTGTAGTGGA,0,2413610
mglBp,0.25,3,3,ATTAACGCAAGTGTACCTAG,0,2366060
mglBp,0.25,3,3,ATTAACAGCCTAAAAGGTAT,0,2416766
mglBp,0.25,3,3,ATGTTGGCAACGGACGGGAT,0,2330764
mglBp,0.25,3,3,ATGTGTCGGGTATCGTGCAT,0,2327439
mglBp,0.25,3,3,ATGTGGCTGCCGGGCCAGAC,0,2384445
mglBp,0.25,3,3,ATGTGATTCTGACGTCATGC,0,2407919
mglBp,0.25,3,3,ATGTCTCATATCTCTTTCTC,0,2377660
mglBp,0.25,3,3,ATGTCCTTTGGTTCGATCCG,0,2346208
mglBp,0.25,3,3,ATGTCCGCGGCAACAACGGA,0,2395456
mglBp,0.25,3,3,ATGTATTCTTGGAAATCTGT,0,2407434
mglBp,0.25,3,3,ATGGTGCCCAGCTTGGGGAA,0,2330712
mglBp,0.25,3,3,ATGGTACGGGCCTGGACAAG,0,2420413
mglBp,0.25,3,3,ATGGGCTACCCAGTCCTAGT,0,2370371
mglBp,0.25,3,3,ATGGCTGGCACCTCCGCAAC,0,2346421
mglBp,0.25,3,3,ATGGCTAGGCTACCTTACAA,0,2408178
mglBp,0.25,3,3,ATGGCGCCGACGGCCCTTGA,0,2319252
mglBp,0.25,3,3,ATGGCGCACCAATCTTACTT,0,2355960
mglBp,0.25,3,3,ATGGCGATATCATACCGTAA,0,2329703
mglBp,0.25,3,3,ATGGCCACGCTGTTCCGTGG,0,2378473
mglBp,0.25,3,3,ATGGCATGCGCATCCTCGTA,0,2422201
mglBp,0.25,3,3,ATGGCATGCATGAGTCGAGC,0,2405962
mglBp,0.25,3,3,ATGGCACTCCAACGGTACAG,0,2379877
mglBp,0.25,3,3,ATGGATAAGATTTTCGGACA,0,2340729
mglBp,0.25,3,3,ATGGAGCATCTAAGCCGGTG,0,2331164
mglBp,0.25,3,3,ATGGACCCTACCCGTCGCCT,0,2325737
mglBp,0.25,3,3,ATGGAATAAGGTGTTTTGAT,0,2379884
mglBp,0.25,3,3,ATGGAACTAGGCCATTATAA,0,2412514
mglBp,0.25,3,3,ATGGAAAACCTCTATCGAGT,0,2337443
mglBp,0.25,3,3,ATGCTTGCCGAATCTCAGCT,0,2348242
mglBp,0.25,3,3,ATGCTGGTGTAGTGCTTCAG,0,2326357
mglBp,0.25,3,3,ATGCTCTTTCCGTGATTCCC,0,2334891
mglBp,0.25,3,3,ATGCTCACTAGGCGTATCGC,0,2388541
mglBp,0.25,3,3,ATGCTAGACACCAGCGCGTC,0,2390685
mglBp,0.25,3,3,ATGCTACGGCGGATATCAGT,0,2421881
mglBp,0.25,3,3,ATGCGTGTACGGAGCTACGA,0,2403599
mglBp,0.25,3,3,ATGCGTGGCCCCTAGGGGGG,0,2320600
mglBp,0.25,3,3,ATGCGTCATGCACGTAATTG,0,2401102
mglBp,0.25,3,3,ATGCCGAATTTCGGCCACAC,0,2346418
mglBp,0.25,3,3,ATGCCCCTTTCCTTCGACAC,0,2347610
mglBp,0.25,3,3,ATGCCAAAAGAGCAATCAAT,0,2344023
mglBp,0.25,3,3,ATGCATTCCTGTTCTCAACA,0,2355389
mglBp,0.25,3,3,ATGCATTCAAAGGCAAGATA,0,2347254
mglBp,0.25,3,3,ATGCATTAGCTCTCCACTAA,0,2384316
mglBp,0.25,3,3,ATGCATGGTCGCCAAAGCGA,0,2370126
mglBp,0.25,3,3,ATGATGGGGAAAGGGACACC,0,2409544
mglBp,0.25,3,3,ATGATAGAGTTCGCTGGTAT,0,2411351
mglBp,0.25,3,3,ATGATAAAGCCGTTGGGTTT,0,2412835
mglBp,0.25,3,3,ATGAGCCTTCCACGCGCTGC,0,2377255
mglBp,0.25,3,3,ATGACTCCCGAAATCCTCTG,0,2329914
mglBp,0.25,3,3,ATGACGACGTGAGGGTAAGC,0,2327793
mglBp,0.25,3,3,ATGAATTATTCGGTGTCGTC,0,2362965
mglBp,0.25,3,3,ATGAAGTCTCCATTGAAGAT,0,2374670
mglBp,0.25,3,3,ATGAAGAGAATTACGATGAG,0,2332042
mglBp,0.25,3,3,ATGAAATCGCTCGTAATAGA,0,2384488
mglBp,0.25,3,3,ATCTTTGTCCTAAAAATGGT,0,2334079
mglBp,0.25,3,3,ATCTTGCCCCCATGCTTAAT,0,2405525
mglBp,0.25,3,3,ATCTTGCCACGTGGTGATAG,0,2345319
mglBp,0.25,3,3,ATCTTCCACGGTACTTAACA,0,2374001
mglBp,0.25,3,3,ATCTTCAGGAACGGCGGCCA,0,2384840
mglBp,0.25,3,3,ATCTGGTCAGTAATAGAAAA,0,2384574
mglBp,0.25,3,3,ATCTGGGAAGTTGGGAGTAC,0,2385912
mglBp,0.25,3,3,ATCTGCAGCCGTACCAGCCC,0,2356561
mglBp,0.25,3,3,ATCTCCGGCTACACTACTCA,0,2417905
mglBp,0.25,3,3,ATCTCCGAGCAGGCTGTGGT,0,2324675
mglBp,0.25,3,3,ATCTCCCAGCGGTTCGTATT,0,2358609
mglBp,0.25,3,3,ATCTATTCGCCTCCAATATG,0,2378524
mglBp,0.25,3,3,ATCGTATGAGAACCAAGCCA,0,2341471
mglBp,0.25,3,3,ATCGGTCGTACGTGACGCTA,0,2394254
mglBp,0.25,3,3,ATCGGAATAGAGAACTGTCT,0,2321391
mglBp,0.25,3,3,ATCGCTTCGAACAGTGAGGG,0,2328255
mglBp,0.25,3,3,ATCGCCTGTTGAATTGCGGG,0,2359998
mglBp,0.25,3,3,ATCGCATCAATTTGATAAGG,0,2352795
mglBp,0.25,3,3,ATCGCACTGGCCAAATACAT,0,2350530
mglBp,0.25,3,3,ATCGAGAGACTGTACTCGCA,0,2389629
mglBp,0.25,3,3,ATCGAATTGACCCTGAGGCA,0,2383942
mglBp,0.25,3,3,ATCCTCCGGAACTTAACAGA,0,2420828
mglBp,0.25,3,3,ATCCGGACTCCATATTCCCC,0,2369533
mglBp,0.25,3,3,ATCCGCAATGTATTAGGTTT,0,2371703
mglBp,0.25,3,3,ATCCCGGGGCTATTTTAGTT,0,2413301
mglBp,0.25,3,3,ATCCATTTCATGCCGACTCG,0,2412961
mglBp,0.25,3,3,ATCCAGTAAATCGGCCCTTG,0,2345811
mglBp,0.25,3,3,ATCCAGCGAGAGCGCAAAAG,0,2318349
mglBp,0.25,3,3,ATCCAGCCGTTGTCTACCTC,0,2393810
mglBp,0.25,3,3,ATCCAGATCCTCTTACACCA,0,2324333
mglBp,0.25,3,3,ATCCACTGGGGGGTGTCCGT,0,2338894
mglBp,0.25,3,3,ATCATGCCCGTGGGGACTTT,0,2362620
mglBp,0.25,3,3,ATCATCGCCATAAGGAGCCA,0,2362466
mglBp,0.25,3,3,ATCATCCCAAGGTCTCTGTA,0,2329591
mglBp,0.25,3,3,ATCATATTTCGCCGCTAATC,0,2356637
mglBp,0.25,3,3,ATCAGTGTCGCCAGACACAG,0,2371899
mglBp,0.25,3,3,ATCAGGACCTCTTCCTTCTG,0,2325721
mglBp,0.25,3,3,ATCACGTCTTGCTTACTATG,0,2364596
mglBp,0.25,3,3,ATCAACTTCGATGGACCAGA,0,2373577
mglBp,0.25,3,3,ATCAAATAAGACGGAACTCT,0,2392386
mglBp,0.25,3,3,ATATTTGCCGTTGGCTCGGA,0,2336688
mglBp,0.25,3,3,ATATTTCTTGTATCAAGAGC,0,2340043
mglBp,0.25,3,3,ATATTTAGGTTTATTGCCTA,0,2397363
mglBp,0.25,3,3,ATATTCGGCGAGACCGGGAT,0,2380082
mglBp,0.25,3,3,ATATGTACCTTTAGATTAGC,0,2346665
mglBp,0.25,3,3,ATATGAGTGGAAGCTAAAGG,0,2349332
mglBp,0.25,3,3,ATATCTTTCAAGGGCCGTAT,0,2404853
mglBp,0.25,3,3,ATATCTACTGGTAGGGGCGC,0,2326556
mglBp,0.25,3,3,ATATCAGGCAACTCTCCCAC,0,2321016
mglBp,0.25,3,3,ATATAGGTCCCACATTACGA,0,2338142
mglBp,0.25,3,3,ATAGTTCCTAACGTGGAGTC,0,2378028
mglBp,0.25,3,3,ATAGTCATTTGGGTAGAGAC,0,2347794
mglBp,0.25,3,3,ATAGTAATACTGTTTGAGCC,0,2328656
mglBp,0.25,3,3,ATAGGTTTGAGCGCAAGACC,0,2387382
mglBp,0.25,3,3,ATAGGGCACATTTCGGGGGT,0,2322262
mglBp,0.25,3,3,ATAGGATAAACGGAGTTTTG,0,2381325
mglBp,0.25,3,3,ATAGCGTTAGTAGTGACTTC,0,2416263
mglBp,0.25,3,3,ATAGCAGCATTTACGTTATG,0,2318860
mglBp,0.25,3,3,ATAGATTTCCACGGCGAACC,0,2349618
mglBp,0.25,3,3,ATAGATCACCTGTTCGAGAC,0,2320604
mglBp,0.25,3,3,ATAGACTTGACAGCGGCATT,0,2333825
mglBp,0.25,3,3,ATAGACTGATAAGTTCTTTC,0,2422653
mglBp,0.25,3,3,ATAGACAAGCATCATAGGGC,0,2364759
mglBp,0.25,3,3,ATAGAATGAGTCTTGTTCAT,0,2343188
mglBp,0.25,3,3,ATAGAACATCCCCAGGACGA,0,2394575
mglBp,0.25,3,3,ATACTGTGAGGGTTCAAACT,0,2416890
mglBp,0.25,3,3,ATACTGGAACAGGCTCCTAA,0,2332389
mglBp,0.25,3,3,ATACTCCACCTGCGACGAGC,0,2334566
mglBp,0.25,3,3,ATACTACCGCGGATACGCCT,0,2387579
mglBp,0.25,3,3,ATACGGTAATATCATTGGTT,0,2381686
mglBp,0.25,3,3,ATACGGGGTACACCTAATAA,0,2417109
mglBp,0.25,3,3,ATACGGGGGACCATCCATAT,0,2414589
mglBp,0.25,3,3,ATACCGTTTGCTGGATTGGC,0,2369081
mglBp,0.25,3,3,ATACCGTGGGATCGCAACGG,0,2366533
mglBp,0.25,3,3,ATACCGACAGTCTCGTGAAT,0,2374760
mglBp,0.25,3,3,ATACCAGTGTAGACAATAGA,0,2368491
mglBp,0.25,3,3,ATACAATTGGTCCCCGAGTC,0,2411432
mglBp,0.25,3,3,ATAATGAGGCATATAACCTT,0,2413403
mglBp,0.25,3,3,ATAATAGTGCAGTAAAGTAA,0,2331412
mglBp,0.25,3,3,ATAAGAGCGGGTGGCTGGCC,0,2423145
mglBp,0.25,3,3,ATAAGAAAACCGTTACCTTC,0,2417041
mglBp,0.25,3,3,ATAACCTAGAGTTTAGGCGT,0,2391781
mglBp,0.25,3,3,ATAACCGTTGAGGCTAAGCA,0,2403026
mglBp,0.25,3,3,ATAACATATGTAACTCTACC,0,2385341
mglBp,0.25,3,3,ATAACAGTTACCTGGTAAAT,0,2326530
mglBp,0.25,3,3,ATAACAGACTTGCAACTTGC,0,2334210
mglBp,0.25,3,3,ATAAAAATCGTCTCATCGCA,0,2353503
mglBp,0.25,3,3,AGTTTGTCGGTGTTAAACCT,0,2423447
mglBp,0.25,3,3,AGTTTCGTCATGGGTGGGCT,0,2353169
mglBp,0.25,3,3,AGTTTAAGGGCAGCAGCAAA,0,2360697
mglBp,0.25,3,3,AGTTGTTGTTACTCGTCTTT,0,2356024
mglBp,0.25,3,3,AGTTGTAAGCGATTTAGTCG,0,2343662
mglBp,0.25,3,3,AGTTGGGTGCTTAGACAAAA,0,2351875
mglBp,0.25,3,3,AGTTGCGGTCTTTAATTCAA,0,2414969
mglBp,0.25,3,3,AGTTGCATCGCACTGATACC,0,2352355
mglBp,0.25,3,3,AGTTCGCTGATCTTTAGATC,0,2358339
mglBp,0.25,3,3,AGTTCCACACAAAAAGTAGT,0,2390024
mglBp,0.25,3,3,AGTTCATCATGAGTTAGGTG,0,2342530
mglBp,0.25,3,3,AGTTCATACGCGGTCCTCAC,0,2348545
mglBp,0.25,3,3,AGTTAGCGCATGTGCCCTCT,0,2355213
mglBp,0.25,3,3,AGTTACGTATTGATTCACAT,0,2336538
mglBp,0.25,3,3,AGTTAAACCCCTTTAGAGTG,0,2374421
mglBp,0.25,3,3,AGTTAAAAAGTGCCTCTATT,0,2372475
mglBp,0.25,3,3,AGTGTTTCTCGAGCCGGATT,0,2349466
mglBp,0.25,3,3,AGTGTGAAAGTGCTCTGTAC,0,2363454
mglBp,0.25,3,3,AGTGTCGGCGCGGCCTGTAA,0,2353094
mglBp,0.25,3,3,AGTGTATCTCCGTTTACAAC,0,2396269
mglBp,0.25,3,3,AGTGGGTGCGTGCCATCGAT,0,2374094
mglBp,0.25,3,3,AGTGGGGGCGATCGTGGATT,0,2421015
mglBp,0.25,3,3,AGTGGGAGATCACAGGATGA,0,2343956
mglBp,0.25,3,3,AGTGGCTAAAGTCGAGGGTT,0,2387776
mglBp,0.25,3,3,AGTGCTGGCATCTCTCTAGC,0,2337838
mglBp,0.25,3,3,AGTGCCCTGGAAAGACGTCT,0,2366037
mglBp,0.25,3,3,AGTGCACGTGGAGCATCAGC,0,2325280
mglBp,0.25,3,3,AGTGATCCAGACCCAGTACA,0,2324371
mglBp,0.25,3,3,AGTGACCGCGAACGGATCTC,0,2391263
mglBp,0.25,3,3,AGTCTTGAATATCTTCCCAA,0,2405382
mglBp,0.25,3,3,AGTCGTGGTTTATGGCCCAT,0,2412052
mglBp,0.25,3,3,AGTCGCCTGTTTTATATGGA,0,2415523
mglBp,0.25,3,3,AGTCGCAATTTTAGAGAGTA,0,2384285
mglBp,0.25,3,3,AGTCGCAAGCGACGCACAGG,0,2381023
mglBp,0.25,3,3,AGTCCCTTGGTTCCTCTCTG,0,2423712
mglBp,0.25,3,3,AGTCCCGGTTGTCGGAGATA,0,2335392
mglBp,0.25,3,3,AGTCATCAGGAAGCGATTGG,0,2343414
mglBp,0.25,3,3,AGTCAGGTCTCAGCGACGGG,0,2317854
mglBp,0.25,3,3,AGTCAGACTTCGTGCGTGCG,0,2394233
mglBp,0.25,3,3,AGTATCCTAGTTTCGGCGCA,0,2372916
mglBp,0.25,3,3,AGTAGTATCTTGCACCAAAA,0,2327604
mglBp,0.25,3,3,AGTAGGCTTACTGGTGAAGA,0,2358798
mglBp,0.25,3,3,AGTAGCTTTCTGTTCAAAGC,0,2324939
mglBp,0.25,3,3,AGTAGAGGGCGAGGATTGCG,0,2323149
mglBp,0.25,3,3,AGTACAAGGTTTCCGCATAG,0,2356107
mglBp,0.25,3,3,AGTAATTACGAGAGGACCGT,0,2347959
mglBp,0.25,3,3,AGTAAGCCAATTGTTCCACC,0,2336580
mglBp,0.25,3,3,AGTAAAGTCGCTTGCGGCTA,0,2397842
mglBp,0.25,3,3,AGGTTCGCAGCTGGAATGGT,0,2407125
mglBp,0.25,3,3,AGGTTCCCTAGCTAAGGGTA,0,2377307
mglBp,0.25,3,3,AGGTTATCGATCTACCCTGT,0,2386497
mglBp,0.25,3,3,AGGTTAGCTGATCGGATTCG,0,2357007
mglBp,0.25,3,3,AGGTTAACCGTGGTCTAAGT,0,2348359
mglBp,0.25,3,3,AGGTGCACCGAGATTCACTG,0,2406323
mglBp,0.25,3,3,AGGTGATGGCACATTACACT,0,2386028
mglBp,0.25,3,3,AGGTGAAGGCCAGATCAGAA,0,2349124
mglBp,0.25,3,3,AGGTCTGGGAGGGCTCAGGC,0,2359905
mglBp,0.25,3,3,AGGTCGTCCAGAGCCGATTG,0,2386682
mglBp,0.25,3,3,AGGTCGTATGGGTGTCAAAG,0,2385414
mglBp,0.25,3,3,AGGTCGGGTCCGAACACAGC,0,2327273
mglBp,0.25,3,3,AGGTCACGAACTAGACGTGA,0,2319933
mglBp,0.25,3,3,AGGTCACCTGGCCTACCCGT,0,2320593
mglBp,0.25,3,3,AGGTCAAAGCGTTACATGCG,0,2376930
mglBp,0.25,3,3,AGGTATGCCACAGTTATTAT,0,2345411
mglBp,0.25,3,3,AGGTATCTCCGCTTTGGAAT,0,2358414
mglBp,0.25,3,3,AGGTACATTTGTGGTGCTTC,0,2378903
mglBp,0.25,3,3,AGGGTGAGAAGTATGCAGGA,0,2414227
mglBp,0.25,3,3,AGGGTGAAGGTGGGAATTCA,0,2371886
mglBp,0.25,3,3,AGGGTGAACCAGGCTGGTAG,0,2364883
mglBp,0.25,3,3,AGGGTCGTCCATGAGGGCTC,0,2356487
mglBp,0.25,3,3,AGGGTCGGCCGCGTCTCTGG,0,2320463
mglBp,0.25,3,3,AGGGTCGAAAATGACAAGTA,0,2381674
mglBp,0.25,3,3,AGGGTATAATTTATAACTTC,0,2342142
mglBp,0.25,3,3,AGGGTACGCATAGCCCTACA,0,2344299
mglBp,0.25,3,3,AGGGTAATGCCGAAAATTCA,0,2388974
mglBp,0.25,3,3,AGGGTAATCGTTAAAGGAGT,0,2418440
mglBp,0.25,3,3,AGGGGTTGCCTAGACATGAC,0,2339035
mglBp,0.25,3,3,AGGGGTGTGCATGGGGGAGT,0,2346263
mglBp,0.25,3,3,AGGGGACGCACCCTTCTAAA,0,2347749
mglBp,0.25,3,3,AGGGCGGTGAACGCTTTGGT,0,2345454
mglBp,0.25,3,3,AGGGCGCATAGAACACTTGT,0,2396756
mglBp,0.25,3,3,AGGGCCGCCGGCGGATAGGG,0,2331635
mglBp,0.25,3,3,AGGGATGGCTGGTGTGTTGT,0,2392872
mglBp,0.25,3,3,AGGGATAATTAGATTCGCGG,0,2333138
mglBp,0.25,3,3,AGGGACCGGGCGCGGCGGTA,0,2379464
mglBp,0.25,3,3,AGGGACCATATAGTCTTAGT,0,2345290
mglBp,0.25,3,3,AGGGAAATCCACTTCCTTGA,0,2401016
mglBp,0.25,3,3,AGGCTCTTGTAGTTCGCCAG,0,2421969
mglBp,0.25,3,3,AGGCTCGTACTTAGGTCAGT,0,2400821
mglBp,0.25,3,3,AGGCTCCGGGGGTCGTGAGT,0,2397249
mglBp,0.25,3,3,AGGCGTAGCACTAAACTTTA,0,2419804
mglBp,0.25,3,3,AGGCGGTAGAGCTTGGCAGA,0,2350620
mglBp,0.25,3,3,AGGCGGGCAGGAGCTGCAAG,0,2406061
mglBp,0.25,3,3,AGGCCTCCCATATGTTTTGT,0,2415620
mglBp,0.25,3,3,AGGCCGTTATCGAATTTCAT,0,2395005
mglBp,0.25,3,3,AGGCCGTCACCCTAAGTGGC,0,2345396
mglBp,0.25,3,3,AGGCCCCGGAAAGAAACTCG,0,2385841
mglBp,0.25,3,3,AGGCCCCGCGCAGGTTATGT,0,2318515
mglBp,0.25,3,3,AGGCCCAGAAAGGCATCGAA,0,2377233
mglBp,0.25,3,3,AGGCCACGGATCAGTATCTT,0,2348685
mglBp,0.25,3,3,AGGCCACCGTTGACACTTGG,0,2318141
mglBp,0.25,3,3,AGGCCAAAGCGAGACCCGAT,0,2413275
mglBp,0.25,3,3,AGGCATTCGTCATCCGGATA,0,2403838
mglBp,0.25,3,3,AGGCATCCAATGTAGTAAAT,0,2375027
mglBp,0.25,3,3,AGGCAGGAACGTCTTTTCGG,0,2323709
mglBp,0.25,3,3,AGGCAGCTCGTAGTTGCAAT,0,2356650
mglBp,0.25,3,3,AGGCAACAGATTTTATTCTC,0,2373076
mglBp,0.25,3,3,AGGATTCTCAGATACAGTAT,0,2323835
mglBp,0.25,3,3,AGGATAAGCCCGGGGGGCGT,0,2348063
mglBp,0.25,3,3,AGGAGGCTAATGTTCGCTTC,0,2420768
mglBp,0.25,3,3,AGGACTCATTTGATTTCTCC,0,2349562
mglBp,0.25,3,3,AGGACACTCGCAGACCGAGT,0,2349372
mglBp,0.25,3,3,AGGAATATTCGATTGCGCTA,0,2344803
mglBp,0.25,3,3,AGGAAATGTTGCGGGGGCAA,0,2318634
mglBp,0.25,3,3,AGGAAAAGGGGAAGAGGCAG,0,2393149
mglBp,0.25,3,3,AGCTTGGGAAACGATGGATC,0,2361704
mglBp,0.25,3,3,AGCTTAAAGTGATTCCTGTT,0,2348542
mglBp,0.25,3,3,AGCTGTATACCCGTTCGTAC,0,2340871
mglBp,0.25,3,3,AGCTGCCCTCTATTGGGAGA,0,2352342
mglBp,0.25,3,3,AGCTGCATATTGTCGTCGTT,0,2411275
mglBp,0.25,3,3,AGCTCCTTTTTTTTATTCAC,0,2361669
mglBp,0.25,3,3,AGCTATTGACCTTCTCAAGG,0,2337239
mglBp,0.25,3,3,AGCTAATGCAAGGCGGCCAA,0,2347793
mglBp,0.25,3,3,AGCGTTTTAGACATCCTCCG,0,2360834
mglBp,0.25,3,3,AGCGTTCTACTCTTTGTCTT,0,2416053
mglBp,0.25,3,3,AGCGTGACTATCTGCGATTT,0,2360804
mglBp,0.25,3,3,AGCGTATTGTGTATGATCGG,0,2422521
mglBp,0.25,3,3,AGCGGTCGTCGTCCACGCTG,0,2387661
mglBp,0.25,3,3,AGCGGCGTACACACGGCATG,0,2384867
mglBp,0.25,3,3,AGCGCCGTATATGTTTCCGG,0,2334131
mglBp,0.25,3,3,AGCGCATCGCCTGGCGGGGT,0,2358611
mglBp,0.25,3,3,AGCGACGTGCCCGCCTATCC,0,2404387
mglBp,0.25,3,3,AGCGAAGCTCCGGTATACTT,0,2414972
mglBp,0.25,3,3,AGCGAAGAGTATCTAACGAG,0,2343550
mglBp,0.25,3,3,AGCCTCAGAGTAAGCTCACT,0,2387975
mglBp,0.25,3,3,AGCCTACCACCGCCCTGTGC,0,2349104
mglBp,0.25,3,3,AGCCTAACTCGGGAAGCGCC,0,2404302
mglBp,0.25,3,3,AGCCGGGGAGTTCAGTGTGG,0,2327010
mglBp,0.25,3,3,AGCCGCGTGGTAGCCGCACT,0,2376780
mglBp,0.25,3,3,AGCCGAGGACACGGCAACTA,0,2393617
mglBp,0.25,3,3,AGCCGAGAGGACGTCAATTG,0,2344836
mglBp,0.25,3,3,AGCCGAACCACGGATACTAG,0,2349511
mglBp,0.25,3,3,AGCCCGCCGTTTAAGTTGAG,0,2405073
mglBp,0.25,3,3,AGCCCGCCATTATTATTATG,0,2422598
mglBp,0.25,3,3,AGCCCAGATATATGCCACAA,0,2359702
mglBp,0.25,3,3,AGCCCAACTGAGGGTCTAAT,0,2334662
mglBp,0.25,3,3,AGCCAATGCCTCCTGGTATA,0,2368125
mglBp,0.25,3,3,AGCATTCTATTACGCTTGTC,0,2388438
mglBp,0.25,3,3,AGCATTCGTTCAGGGCGTGT,0,2343300
mglBp,0.25,3,3,AGCATGCTCGGCCGGAGTAA,0,2322848
mglBp,0.25,3,3,AGCATACTATCTTAACCATC,0,2334598
mglBp,0.25,3,3,AGCAGGCGCTCACTGCGGAT,0,2420045
mglBp,0.25,3,3,AGCAGCTTTTGTCTGAGACT,0,2363464
mglBp,0.25,3,3,AGCAGCTCCCCAATTGTTCG,0,2409343
mglBp,0.25,3,3,AGCAGCACCGGCCCAGAGAA,0,2394630
mglBp,0.25,3,3,AGCAGAGTCGATGCGGCGCA,0,2316604
mglBp,0.25,3,3,AGCACCTACATGGTTGGCAC,0,2316472
mglBp,0.25,3,3,AGCACCCCCGCTGAAGCTCG,0,2349146
mglBp,0.25,3,3,AGCACATCGTGCAAAATGAC,0,2379323
mglBp,0.25,3,3,AGCACAATGCCGAAGTGAAG,0,2350940
mglBp,0.25,3,3,AGCAATTCAGGATCATTAGG,0,2343995
mglBp,0.25,3,3,AGCAACTATATTTATCATGT,0,2325129
mglBp,0.25,3,3,AGATTAGCAAGGTGTTTGAA,0,2328363
mglBp,0.25,3,3,AGATGTCGAATCCAATTGAA,0,2398969
mglBp,0.25,3,3,AGATGTCCAGAACTTGAAAG,0,2359364
mglBp,0.25,3,3,AGATGGGTAGCGTAGATACG,0,2364746
mglBp,0.25,3,3,AGATGGGACTTAAATGGTTA,0,2344189
mglBp,0.25,3,3,AGATGGCGGTTACAGTGTTG,0,2322285
mglBp,0.25,3,3,AGATGCGAGATCCATGTGAT,0,2330957
mglBp,0.25,3,3,AGATGATTCATCTTTGCTTA,0,2329572
mglBp,0.25,3,3,AGATCTTGATCCGTGCTGTA,0,2375116
mglBp,0.25,3,3,AGATCTGAGTAGTCTTAATA,0,2384601
mglBp,0.25,3,3,AGATCTACGTCCTTATCGGA,0,2393055
mglBp,0.25,3,3,AGATCGGCCCCTCAAGGGCG,0,2351970
mglBp,0.25,3,3,AGATCATTGCTAATGGACCT,0,2403726
mglBp,0.25,3,3,AGATATCGACGCATGACCAA,0,2386002
mglBp,0.25,3,3,AGATATAAAGCGCCCACCGG,0,2406941
mglBp,0.25,3,3,AGATACGGCCGCTCTACTTC,0,2340151
mglBp,0.25,3,3,AGAGTTCTATATACTTTAAG,0,2340797
mglBp,0.25,3,3,AGAGTCAACCTTTCTCTTAT,0,2372186
mglBp,0.25,3,3,AGAGGTAATGCGTAACGCCG,0,2356430
mglBp,0.25,3,3,AGAGGCGCGCAATAAAGTTC,0,2350072
mglBp,0.25,3,3,AGAGGAGCGATCGCATCCTA,0,2372269
mglBp,0.25,3,3,AGAGCCGCTCGAAGCGCCTC,0,2420835
mglBp,0.25,3,3,AGAGCCCGTTATCGCAGCAG,0,2329000
mglBp,0.25,3,3,AGAGCCCGGCGGAACACAAG,0,2393460
mglBp,0.25,3,3,AGAGCCAGTTTGAGGTTGAA,0,2380944
mglBp,0.25,3,3,AGACTGGTTTCATGGGTGGA,0,2338432
mglBp,0.25,3,3,AGACTGGATGACATAGGGCT,0,2366662
mglBp,0.25,3,3,AGACTGGAAGATTAGGTTGA,0,2319624
mglBp,0.25,3,3,AGACTCAGGATGACGTCGAT,0,2319019
mglBp,0.25,3,3,AGACGCAGGTTACCAATCAT,0,2398376
mglBp,0.25,3,3,AGACGACGGACGCTGGCAAG,0,2384844
mglBp,0.25,3,3,AGACCGTTCTGGTAAGTATT,0,2404262
mglBp,0.25,3,3,AGACCGACCTCTCACGCTTA,0,2333438
mglBp,0.25,3,3,AGACCGACAGTGCTCAGATT,0,2394650
mglBp,0.25,3,3,AGACCATCAGGTTATTCGCA,0,2337790
mglBp,0.25,3,3,AGACATGGCAGTTACGTATG,0,2393367
mglBp,0.25,3,3,AGAATGGGTCTCTGACGCTT,0,2376238
mglBp,0.25,3,3,AGAATATAAAGCTGCAACCA,0,2379531
mglBp,0.25,3,3,AGAATAGAGTCTAGGAGGCA,0,2381409
mglBp,0.25,3,3,AGAATACCGCACTAGGTATG,0,2339927
mglBp,0.25,3,3,AGAAGGTACCACCCTTGTGT,0,2326794
mglBp,0.25,3,3,AGAACTTCTGTTGAAGTAGC,0,2318193
mglBp,0.25,3,3,AGAACTAATCGTCGGACTAT,0,2407016
mglBp,0.25,3,3,AGAACGGTCCGATGATACTC,0,2380924
mglBp,0.25,3,3,AGAACCCTCGGGGCGGCAAG,0,2422736
mglBp,0.25,3,3,AGAACCCGAGTCAGCAAGCA,0,2401202
mglBp,0.25,3,3,ACTTTCCAGTCGCATAGTGG,0,2417411
mglBp,0.25,3,3,ACTTGTAGCTAAGACGTCTA,0,2319387
mglBp,0.25,3,3,ACTTGCTGAGAGCGACAGCT,0,2359171
mglBp,0.25,3,3,ACTTGCGTGCGACCGCTATG,0,2340482
mglBp,0.25,3,3,ACTTCGTGTCGTTGTACACC,0,2412593
mglBp,0.25,3,3,ACTTCGGGAAGCGATCCAAG,0,2360270
mglBp,0.25,3,3,ACTTCAGATTTAGTCGGGGT,0,2348199
mglBp,0.25,3,3,ACTGTTGGGCGAGAGATTTT,0,2336642
mglBp,0.25,3,3,ACTGTTAGGCAATCTCGGCC,0,2376763
mglBp,0.25,3,3,ACTGTACGCGACTCGCTTTG,0,2359487
mglBp,0.25,3,3,ACTGGGCTCAAGCCGGGAGA,0,2317297
mglBp,0.25,3,3,ACTGGGCCGGCTGAGGTTTG,0,2407817
mglBp,0.25,3,3,ACTGCTAACTTATTGCGGAG,0,2332035
mglBp,0.25,3,3,ACTGCAGGCTCGACGTGGAA,0,2332619
mglBp,0.25,3,3,ACTGATTGCTTTTGGACTGC,0,2327511
mglBp,0.25,3,3,ACTGATGACTCAGGAGCGTG,0,2320908
mglBp,0.25,3,3,ACTGATAATCAATGGTCTTC,0,2355145
mglBp,0.25,3,3,ACTGACGCAGTTGGTGGATC,0,2328750
mglBp,0.25,3,3,ACTGAACAACGGGCTTGGGA,0,2364014
mglBp,0.25,3,3,ACTGAAACATCAATGCCGAA,0,2419692
mglBp,0.25,3,3,ACTCTTTTGGTAGCTACTTA,0,2394571
mglBp,0.25,3,3,ACTCTCACGTTACCGAGTTA,0,2341803
mglBp,0.25,3,3,ACTCGTCGCCATCGTGGGGG,0,2403861
mglBp,0.25,3,3,ACTCGGAGTTGAAGTTAGCT,0,2362897
mglBp,0.25,3,3,ACTCGATGGAAGGGCTCCAC,0,2390079
mglBp,0.25,3,3,ACTCCCCCTTGAAGTAGATG,0,2366335
mglBp,0.25,3,3,ACTCCATCGATCCCCATCTC,0,2370650
mglBp,0.25,3,3,ACTCCAGTACTATGAAAATG,0,2334560
mglBp,0.25,3,3,ACTCATGATGGTTGCATTAG,0,2344870
mglBp,0.25,3,3,ACTCATACGTATGCCAAACC,0,2333957
mglBp,0.25,3,3,ACTCATACCACACAGGTAGA,0,2368721
mglBp,0.25,3,3,ACTCAGGGCGGAGTACGGCA,0,2338659
mglBp,0.25,3,3,ACTATTATCGTCCAGGCATT,0,2364411
mglBp,0.25,3,3,ACTATTAGAATTCCAGTGCG,0,2376237
mglBp,0.25,3,3,ACTATGTTCCGATCGTCCGG,0,2416429
mglBp,0.25,3,3,ACTATGGCTACCTATGCTAC,0,2421884
mglBp,0.25,3,3,ACTATCTTAGTATGCTCTGG,0,2351306
mglBp,0.25,3,3,ACTAGGGTCCTGGAAATGAC,0,2396768
mglBp,0.25,3,3,ACTACTTCCGGCGGTCACAG,0,2393083
mglBp,0.25,3,3,ACTACTAGCTCTTGATGTTG,0,2339913
mglBp,0.25,3,3,ACTACATTAGGATCAAATTT,0,2361821
mglBp,0.25,3,3,ACTAATCAAGCTTCATTCAT,0,2322966
mglBp,0.25,3,3,ACTAAGCGCTATCCCGAGCC,0,2418392
mglBp,0.25,3,3,ACTAACAGCTTCCGCAATGG,0,2416793
mglBp,0.25,3,3,ACTAAATAACATTAACCCGA,0,2330600
mglBp,0.25,3,3,ACTAAACGCTCTGTTGGCGT,0,2320195
mglBp,0.25,3,3,ACTAAACGATAATCTGACCA,0,2369088
mglBp,0.25,3,3,ACGTTTTTGCACGGAGCCGT,0,2378227
mglBp,0.25,3,3,ACGTTTGCATGGTTACCACT,0,2414781
mglBp,0.25,3,3,ACGTTTAGATCAAGACACGG,0,2328085
mglBp,0.25,3,3,ACGTTTAATACCTGGACACT,0,2345527
mglBp,0.25,3,3,ACGTGGCTTGGGAATAATGT,0,2422595
mglBp,0.25,3,3,ACGTGCGCGGGGGTACAGAG,0,2381636
mglBp,0.25,3,3,ACGTGCATCTGTTTTCAGGC,0,2354029
mglBp,0.25,3,3,ACGTGATGATCAAGCTACGA,0,2368902
mglBp,0.25,3,3,ACGTCTGGACCCGAAATGTG,0,2385964
mglBp,0.25,3,3,ACGTCTATGGCGATCGATAC,0,2401906
mglBp,0.25,3,3,ACGTCTAACCTAAGTCTGTG,0,2379301
mglBp,0.25,3,3,ACGTCGTTAAAACAGAATAT,0,2364846
mglBp,0.25,3,3,ACGTCGTCCTAGTATCTGAA,0,2395762
mglBp,0.25,3,3,ACGTCAGGCAAACCCGTGTT,0,2317253
mglBp,0.25,3,3,ACGTATGTCTCGCATGGGGT,0,2407719
mglBp,0.25,3,3,ACGTAATGTTCCGGCTAGAC,0,2347925
mglBp,0.25,3,3,ACGGTGAGCGTAACTGTCCT,0,2345547
mglBp,0.25,3,3,ACGGGTTTGGGGTAGTTTCT,0,2339223
mglBp,0.25,3,3,ACGGGTAACGCTTCTGAATT,0,2317283
mglBp,0.25,3,3,ACGGGCTACTAGGAAGAGAA,0,2407367
mglBp,0.25,3,3,ACGGGAGCCGGGCGTGTTGG,0,2403117
mglBp,0.25,3,3,ACGGCGTCCAGGCTTTACGG,0,2322486
mglBp,0.25,3,3,ACGGCGTAGTGAACCTAGCC,0,2395899
mglBp,0.25,3,3,ACGGCGCGTACGTGCATACT,0,2353791
mglBp,0.25,3,3,ACGGCGCGAGTAAGCCTAGT,0,2350364
mglBp,0.25,3,3,ACGGATTAGTTAGGATATTA,0,2420633
mglBp,0.25,3,3,ACGGATTAGACCAGGTTTAA,0,2350707
mglBp,0.25,3,3,ACGGATGGTCATTACCATCG,0,2388205
mglBp,0.25,3,3,ACGGACATGCGTTACCTTCA,0,2401273
mglBp,0.25,3,3,ACGCTTTCCAACCCTTGCTT,0,2326412
mglBp,0.25,3,3,ACGCTGGCTATATTTCACAG,0,2342662
mglBp,0.25,3,3,ACGCTCGCTAGACCTGAGTT,0,2391513
mglBp,0.25,3,3,ACGCTAACCCTTGGTGTTCA,0,2362031
mglBp,0.25,3,3,ACGCGGTGTAGCTACAAAGA,0,2388860
mglBp,0.25,3,3,ACGCGGGCTTCCAACACGGT,0,2357953
mglBp,0.25,3,3,ACGCGACATCTACGCAAGGA,0,2363952
mglBp,0.25,3,3,ACGCCTTGCGCGTACAGGCA,0,2420525
mglBp,0.25,3,3,ACGCCTCCAGCCCTTAGGTT,0,2375907
mglBp,0.25,3,3,ACGCCAAAAAAGAGTTCAAT,0,2369305
mglBp,0.25,3,3,ACGCACGGGTAGACTCGTGT,0,2364594
mglBp,0.25,3,3,ACGCACAACACGCGGCCTAG,0,2317485
mglBp,0.25,3,3,ACGCAATGTCAGATTGCCAT,0,2407768
mglBp,0.25,3,3,ACGCAAAACAAGACTAGCCC,0,2330581
mglBp,0.25,3,3,ACGATTCGTACGCACAAAGG,0,2370440
mglBp,0.25,3,3,ACGAGTTATTGTCATGACTC,0,2421029
mglBp,0.25,3,3,ACGAGGTGATCTCTCCCGTT,0,2332601
mglBp,0.25,3,3,ACGAGCGTTCAGCTAGGGTA,0,2390814
mglBp,0.25,3,3,ACGAGATGAGCTTTGGCTCA,0,2392518
mglBp,0.25,3,3,ACGAGATCACATAGTGCTGT,0,2382265
mglBp,0.25,3,3,ACGAGAGCAGTATTTACTAT,0,2401523
mglBp,0.25,3,3,ACGAGACCATGATAAGAATT,0,2393570
mglBp,0.25,3,3,ACGACTCTGAAAGGCTACTG,0,2331444
mglBp,0.25,3,3,ACGACACAATATCAGGTCAA,0,2378441
mglBp,0.25,3,3,ACGAATATCAGATTACCACT,0,2403066
mglBp,0.25,3,3,ACGAAACTCGAGCGGTTTCG,0,2393650
mglBp,0.25,3,3,ACGAAACGGCACGGTGACTA,0,2344818
mglBp,0.25,3,3,ACCTTTGGCCAGGGCACAGG,0,2421521
mglBp,0.25,3,3,ACCTTTAATGTCATGGCAAC,0,2333199
mglBp,0.25,3,3,ACCTTGGAATTTGGTTGCCG,0,2342178
mglBp,0.25,3,3,ACCTTCTCAGTTGGTCGAAT,0,2336374
mglBp,0.25,3,3,ACCTGTCAAGGCGTGCACAA,0,2318943
mglBp,0.25,3,3,ACCTGTACACGGAACCATAG,0,2352199
mglBp,0.25,3,3,ACCTGGGAGGTCGGGAGTTA,0,2330238
mglBp,0.25,3,3,ACCTGGCGGAAACAGCTAAA,0,2421950
mglBp,0.25,3,3,ACCTGGAGAGTGCTAAGGCC,0,2368004
mglBp,0.25,3,3,ACCTGCGATATTGGGATCGG,0,2394628
mglBp,0.25,3,3,ACCTCCGATGCGAAGTTTCC,0,2357112
mglBp,0.25,3,3,ACCTAGGGTTCTTGCGAATA,0,2334218
mglBp,0.25,3,3,ACCTAAACCCAGCCATGCCG,0,2353808
mglBp,0.25,3,3,ACCGTGTCGGTACTGCACCT,0,2406464
mglBp,0.25,3,3,ACCGTATCTTGGGGCGATGT,0,2358715
mglBp,0.25,3,3,ACCGGCTGCGGTGTTGATGT,0,2378876
mglBp,0.25,3,3,ACCGGCAGCAGATAAAATCA,0,2373795
mglBp,0.25,3,3,ACCGGATTTAATGAGACATA,0,2324011
mglBp,0.25,3,3,ACCGGAATGTCCTTTGGGTA,0,2328015
mglBp,0.25,3,3,ACCGCGCCAAGACATAATAG,0,2320470
mglBp,0.25,3,3,ACCGCGAGTATCTGTGAACC,0,2328606
mglBp,0.25,3,3,ACCGATAGTTTCCTCTATGC,0,2404569
mglBp,0.25,3,3,ACCGAGTGGTCCCAGGTCCA,0,2411634
mglBp,0.25,3,3,ACCGAGGGGTTCCCCAGCGA,0,2335077
mglBp,0.25,3,3,ACCGAAATGCTTTTCATACG,0,2339696
mglBp,0.25,3,3,ACCCTTTAGCAGCTCTGGGG,0,2406488
mglBp,0.25,3,3,ACCCGTAAGCCGGATGTACA,0,2345645
mglBp,0.25,3,3,ACCCGCCCCGTTACAGCTTT,0,2388604
mglBp,0.25,3,3,ACCCGAATGGACGCTCAAGT,0,2358177
mglBp,0.25,3,3,ACCCCGGGCGATGCAACGGA,0,2393476
mglBp,0.25,3,3,ACCCCCACTAAGGCCTCGAA,0,2346513
mglBp,0.25,3,3,ACCCATTGTCTAGTGCCCGT,0,2412259
mglBp,0.25,3,3,ACCCATGTTGTGTCCTAGCT,0,2337135
mglBp,0.25,3,3,ACCCAGAGTTCGGTGTGTCG,0,2395704
mglBp,0.25,3,3,ACCCAGAGCTTCTTGAACGG,0,2374357
mglBp,0.25,3,3,ACCCACGGATAATAGCGTGA,0,2349606
mglBp,0.25,3,3,ACCCACCTGCCCCTCGCGCT,0,2394615
mglBp,0.25,3,3,ACCATTTGCAATTTATTAAG,0,2331989
mglBp,0.25,3,3,ACCATTGTACGTTTTGGGGG,0,2415017
mglBp,0.25,3,3,ACCATTGGGTCTAGATAAAA,0,2370076
mglBp,0.25,3,3,ACCATGCTCAGCTGTTGTGT,0,2406415
mglBp,0.25,3,3,ACCATGACTGTGGAGGATGC,0,2382529
mglBp,0.25,3,3,ACCACGTTAGATGTAAGCGA,0,2399588
mglBp,0.25,3,3,ACCACCAGAATTCGGAATTG,0,2420297
mglBp,0.25,3,3,ACCAATCCTCTTGTGAGCTT,0,2345937
mglBp,0.25,3,3,ACCAACTTATGAAAGGAACG,0,2337007
mglBp,0.25,3,3,ACCAAAATGTTACAACCCTC,0,2392475
mglBp,0.25,3,3,ACATTTTCGATTACATGGAT,0,2400083
mglBp,0.25,3,3,ACATTGATGATCTGCGCTTT,0,2398603
mglBp,0.25,3,3,ACATTCGGTTAGGCGGGGGG,0,2391339
mglBp,0.25,3,3,ACATTATTAGAGCCAAGATC,0,2324045
mglBp,0.25,3,3,ACATGTACCGCCTATTTCAG,0,2402625
mglBp,0.25,3,3,ACATGGGCCGAGGCGCGGCT,0,2321285
mglBp,0.25,3,3,ACATGGCTGAGTCGGGTAAC,0,2404684
mglBp,0.25,3,3,ACATGGAGGCATAAAGCATA,0,2360246
mglBp,0.25,3,3,ACATGCTTAGAGGGGACGTA,0,2322534
mglBp,0.25,3,3,ACATGCTCCATAAGAGACCT,0,2345725
mglBp,0.25,3,3,ACATCGCAATCGTAAGCGAA,0,2330150
mglBp,0.25,3,3,ACATCCTGCAAACCTCGTCG,0,2319810
mglBp,0.25,3,3,ACATCCGGCCCAAGTGCGGC,0,2421896
mglBp,0.25,3,3,ACATCAGGGGAGACGATTCA,0,2336699
mglBp,0.25,3,3,ACATAATCGCCTTACTTAAG,0,2362863
mglBp,0.25,3,3,ACAGTGGGACATGTAGAGGG,0,2375235
mglBp,0.25,3,3,ACAGGTATAGTTGGGTCTTG,0,2395642
mglBp,0.25,3,3,ACAGGCTCTTGCCGCAACAG,0,2392459
mglBp,0.25,3,3,ACAGGCGTCATACGCGACCT,0,2332830
mglBp,0.25,3,3,ACAGGATAAACAGGAGTATC,0,2414171
mglBp,0.25,3,3,ACAGGAAAAGGGCGGTGCAG,0,2322643
mglBp,0.25,3,3,ACAGCTTGGTGGACTACGAT,0,2418982
mglBp,0.25,3,3,ACAGCGGGTATCCCTAGTAA,0,2413375
mglBp,0.25,3,3,ACAGCGACTTAAACGCTCAT,0,2421888
mglBp,0.25,3,3,ACAGCCTAGAACGTGACTCC,0,2376126
mglBp,0.25,3,3,ACAGCCGGGGTAATACCGTT,0,2354066
mglBp,0.25,3,3,ACAGATTAGCTTGCTGACAG,0,2330693
mglBp,0.25,3,3,ACAGAGGGTATTGGTATCGT,0,2352223
mglBp,0.25,3,3,ACAGACTCTCCAAAATGTTG,0,2332214
mglBp,0.25,3,3,ACAGAATCCTCAACGGTAGC,0,2373547
mglBp,0.25,3,3,ACACTGTCCGTTGGCAACGG,0,2363021
mglBp,0.25,3,3,ACACTCGGCGGACAGAACGC,0,2396111
mglBp,0.25,3,3,ACACTATGGCGCCGTGTTTT,0,2335697
mglBp,0.25,3,3,ACACTAACCGGACTTCGTCC,0,2375109
mglBp,0.25,3,3,ACACGTGCATTAGTTGCGAC,0,2363480
mglBp,0.25,3,3,ACACGCCAGCGGTCGGCTCA,0,2321915
mglBp,0.25,3,3,ACACGATTCACTTTGTGCCT,0,2329511
mglBp,0.25,3,3,ACACCGCTTGCTCATAGCAA,0,2351359
mglBp,0.25,3,3,ACACCCGCGATACGCGACCT,0,2338239
mglBp,0.25,3,3,ACACATAGCAAGCACGGGAT,0,2415458
mglBp,0.25,3,3,ACACAGAGCTTTCAATATAT,0,2352124
mglBp,0.25,3,3,ACACAACTGCGGGTCATGCC,0,2396186
mglBp,0.25,3,3,ACACAAACTGCCACCCTCTA,0,2390723
mglBp,0.25,3,3,ACAATTCCAATCACGCGCTG,0,2375853
mglBp,0.25,3,3,ACAATTAAGTAATTGATAGT,0,2358048
mglBp,0.25,3,3,ACAATGCATGACGGTGTTTT,0,2418557
mglBp,0.25,3,3,ACAAGGTCCATGTCTCATCA,0,2413795
mglBp,0.25,3,3,ACAAGGGCCTTGTGCCACAG,0,2359191
mglBp,0.25,3,3,ACAAGCCGGGTAGATCAATG,0,2383323
mglBp,0.25,3,3,ACAAGATGCTCTGAAAAGGG,0,2350370
mglBp,0.25,3,3,ACAACTTATGGTATTAAGTA,0,2389886
mglBp,0.25,3,3,ACAACTACTCATTAGACCTC,0,2316706
mglBp,0.25,3,3,ACAACATGCATCGAGCACCC,0,2421354
mglBp,0.25,3,3,ACAACAGCTGTATAGGGACT,0,2352047
mglBp,0.25,3,3,ACAAATGTTTTACGAAGTCA,0,2373926
mglBp,0.25,3,3,ACAAAGGACGGGGTCCGTCA,0,2330090
mglBp,0.25,3,3,ACAAAAGCAATTCATGTCAT,0,2393924
mglBp,0.25,3,3,ACAAAAGATGTAGGCATCAA,0,2387686
mglBp,0.25,3,3,AATTTGCGGGGAAGCCGCTG,0,2386503
mglBp,0.25,3,3,AATTTGATATCGCGTGTGCT,0,2360174
mglBp,0.25,3,3,AATTTCTTAACGAAACCGAA,0,2376390
mglBp,0.25,3,3,AATTGCAGACAATCGTGATT,0,2329951
mglBp,0.25,3,3,AATTCTCACGTATTTAGCCG,0,2347263
mglBp,0.25,3,3,AATTCGCCCCCTGCGTTTAC,0,2420237
mglBp,0.25,3,3,AATTACTCGTGGGGTTACTC,0,2422276
mglBp,0.25,3,3,AATTACGCGGTACATGGATC,0,2374527
mglBp,0.25,3,3,AATTAAGGGGGTACCGGCTT,0,2382533
mglBp,0.25,3,3,AATGTGAAGTGTAATCCCAC,0,2392703
mglBp,0.25,3,3,AATGTCTTCGAACAACACCT,0,2404865
mglBp,0.25,3,3,AATGTCAGGCTCCGCACAGG,0,2325588
mglBp,0.25,3,3,AATGGGTATACTTGGGGTGC,0,2375479
mglBp,0.25,3,3,AATGGAGCGGTTTGGACCGC,0,2380874
mglBp,0.25,3,3,AATGGACGAGCTTACCGTCA,0,2360641
mglBp,0.25,3,3,AATGAGTGAGACGGCGCTCG,0,2418258
mglBp,0.25,3,3,AATCTTTGGGGCTGCCTGAG,0,2390947
mglBp,0.25,3,3,AATCTGCTGACCCATGAGGT,0,2353740
mglBp,0.25,3,3,AATCTCCGTGTGAAAAACCT,0,2399734
mglBp,0.25,3,3,AATCTACCAGGACGCACGAT,0,2366528
mglBp,0.25,3,3,AATCGTACAGAACTCGCCCA,0,2402525
mglBp,0.25,3,3,AATCGCGCGGGTCATCTAGT,0,2387555
mglBp,0.25,3,3,AATCCTCGGGACGCCTATGA,0,2402795
mglBp,0.25,3,3,AATCCACGGCATATTAACTA,0,2324626
mglBp,0.25,3,3,AATCAGCTCGGCAGGACATT,0,2406089
mglBp,0.25,3,3,AATCAACAAGATCTTCCCAA,0,2343964
mglBp,0.25,3,3,AATATTCTGGCCTAGCTCGT,0,2358470
mglBp,0.25,3,3,AATATCCTCTTATTACTCTA,0,2392011
mglBp,0.25,3,3,AATAGTTATGGTCCAGTTGG,0,2334374
mglBp,0.25,3,3,AATAGGGGGCGGCATACGTG,0,2367268
mglBp,0.25,3,3,AATAGGCATTGCATAACAGG,0,2327977
mglBp,0.25,3,3,AATAGCGGCAATGGGAAGCA,0,2395561
mglBp,0.25,3,3,AATAGAGCGGGTATTCACTG,0,2340360
mglBp,0.25,3,3,AATACTCAATTCCTTATACC,0,2391919
mglBp,0.25,3,3,AATACTAAAACGGGAGCCCA,0,2324992
mglBp,0.25,3,3,AATACGTCAACGATTTCAAT,0,2321274
mglBp,0.25,3,3,AATAATTTGACCGACTCGGA,0,2355844
mglBp,0.25,3,3,AATAATTCCCAAGTACTTTC,0,2333607
mglBp,0.25,3,3,AATAACACAATGGACATCAA,0,2395664
mglBp,0.25,3,3,AATAAACGTGGGAGCTAGGC,0,2341155
mglBp,0.25,3,3,AAGTTTCCCCGTTTCAGATA,0,2374476
mglBp,0.25,3,3,AAGTTGTGATTAATGCACGT,0,2422174
mglBp,0.25,3,3,AAGTTCCCGAAAGTAGACGG,0,2407532
mglBp,0.25,3,3,AAGTTATCCTAAAGCAGTGA,0,2369285
mglBp,0.25,3,3,AAGTGGTCTACCAGCCACCT,0,2367064
mglBp,0.25,3,3,AAGTGGAATTAACAGGGCTA,0,2422872
mglBp,0.25,3,3,AAGTGCTAGACAATCATAGC,0,2360579
mglBp,0.25,3,3,AAGTCTGTAGTACCTGTGCT,0,2326800
mglBp,0.25,3,3,AAGTCTAGGCTGATGTGGGA,0,2325077
mglBp,0.25,3,3,AAGTCCCGAGGGAAGGTTAG,0,2403862
mglBp,0.25,3,3,AAGTAATTGGTTACCGAGTA,0,2355703
mglBp,0.25,3,3,AAGGTCTTTCTTTGTACGAA,0,2323691
mglBp,0.25,3,3,AAGGGTTCGTACTCTGATAG,0,2337915
mglBp,0.25,3,3,AAGGCCGTCAAGGGCTCTGT,0,2355142
mglBp,0.25,3,3,AAGGCAGGACTGATCCGCCA,0,2326335
mglBp,0.25,3,3,AAGGAGCCAATGTCAGGGCG,0,2403195
mglBp,0.25,3,3,AAGCTCCGTTTTATTCCTTA,0,2323632
mglBp,0.25,3,3,AAGCTAGGCTAGGTCTGGAT,0,2391863
mglBp,0.25,3,3,AAGCGTCAGCCTAGGTCTCG,0,2422444
mglBp,0.25,3,3,AAGCGTATGGACAGCATCCG,0,2411986
mglBp,0.25,3,3,AAGCCTGTTTACGGGTCGGT,0,2396726
mglBp,0.25,3,3,AAGCCGACGTTTCGCGCGTT,0,2404335
mglBp,0.25,3,3,AAGCCCGTCTAAGTACGAGT,0,2388786
mglBp,0.25,3,3,AAGCCCAGTGAAGGTACTTT,0,2368040
mglBp,0.25,3,3,AAGCATCTCTGATTTTACTT,0,2414131
mglBp,0.25,3,3,AAGCACGTACTAGAAAAATC,0,2418578
mglBp,0.25,3,3,AAGCACGCAGACCGCTAACC,0,2414939
mglBp,0.25,3,3,AAGCAAATGCTAGTCGGCCT,0,2321504
mglBp,0.25,3,3,AAGATGTGTATGCCGTCAAT,0,2400509
mglBp,0.25,3,3,AAGATCGCACAATGGGAATT,0,2421981
mglBp,0.25,3,3,AAGAGTAATAATCAATAGGT,0,2350907
mglBp,0.25,3,3,AAGAGGTTAGGAATCATTGA,0,2359574
mglBp,0.25,3,3,AAGAGATTTCAACTCTTTGA,0,2382957
mglBp,0.25,3,3,AAGACTAGGGTAGGGTCTTG,0,2410875
mglBp,0.25,3,3,AAGACGCGTCATAGGTGGGA,0,2350337
mglBp,0.25,3,3,AAGACAGAGCATGTTTTCTG,0,2368072
mglBp,0.25,3,3,AAGAATCATAGCTCGGACCA,0,2364749
mglBp,0.25,3,3,AAGAAAATAGTCGAGGTTTT,0,2377802
mglBp,0.25,3,3,AACTTTTGCAGTATTTTATG,0,2357959
mglBp,0.25,3,3,AACTTGGGGCGCTATAGCAA,0,2394994
mglBp,0.25,3,3,AACTTCTACTTGCGTCTGAA,0,2352931
mglBp,0.25,3,3,AACTTCCTAGCTTTTCGGGG,0,2338332
mglBp,0.25,3,3,AACTTCCCGAATATGTGCTG,0,2408507
mglBp,0.25,3,3,AACTTAAAAGTGTCGAAGAA,0,2403375
mglBp,0.25,3,3,AACTGGCATCCACACTTGTA,0,2360443
mglBp,0.25,3,3,AACTCATGTGCAACTTGGTA,0,2423373
mglBp,0.25,3,3,AACTATGGTCTGTCTGGTGC,0,2346060
mglBp,0.25,3,3,AACTAGGATTGCATTTGCAA,0,2412931
mglBp,0.25,3,3,AACTACTGCCATGGGTTTGG,0,2368044
mglBp,0.25,3,3,AACTACAAATCCTTTTGCCA,0,2408359
mglBp,0.25,3,3,AACGTACACCAGTTGGTTTA,0,2404480
mglBp,0.25,3,3,AACGGTGGTCATCGGTCATT,0,2333956
mglBp,0.25,3,3,AACGGTGATAGGCCTCCTAA,0,2348290
mglBp,0.25,3,3,AACGGTCAAAATGTCAGCGA,0,2411086
mglBp,0.25,3,3,AACGGTAACACGTCCCTCGT,0,2372403
mglBp,0.25,3,3,AACGGGGGCTAGTAACGATT,0,2325635
mglBp,0.25,3,3,AACGGACGCGGACGCAATGG,0,2412970
mglBp,0.25,3,3,AACGCCTTCAGTTTTCAGAC,0,2377058
mglBp,0.25,3,3,AACGATTACTCTGCAATAAT,0,2362941
mglBp,0.25,3,3,AACGATGCACGACGTCTCCT,0,2359875
mglBp,0.25,3,3,AACGAGGCAGGAGCTGATTC,0,2402029
mglBp,0.25,3,3,AACGACCAGATCTCAAAGGT,0,2345344
mglBp,0.25,3,3,AACCGAATAATACTGGTCAT,0,2410746
mglBp,0.25,3,3,AACCCCGATTGCTCTGGACT,0,2385126
mglBp,0.25,3,3,AACCCATACGAGCGGTCCGT,0,2355663
mglBp,0.25,3,3,AACCATTGTACAATATTGCA,0,2373055
mglBp,0.25,3,3,AACCAGCGACACCTGGTTCT,0,2420761
mglBp,0.25,3,3,AACCAATTAATGTGTACCAA,0,2348155
mglBp,0.25,3,3,AACCAAGGTTTCGTGTTTCC,0,2422373
mglBp,0.25,3,3,AACAGTCTACAGGTTTGCCC,0,2404444
mglBp,0.25,3,3,AACAGTAGAACGCAATTGTC,0,2369321
mglBp,0.25,3,3,AACAGCCCGCGGCACGGAGG,0,2412934
mglBp,0.25,3,3,AACACCCAATATGGTTCTTC,0,2343136
mglBp,0.25,3,3,AACACATGGATGAAGGCAAT,0,2367626
mglBp,0.25,3,3,AACACACCCCTACGTTTGTG,0,2330806
mglBp,0.25,3,3,AACAAATCAAGAACGTCACG,0,2396452
mglBp,0.25,3,3,AACAAATAGAAATCGGCTCA,0,2335537
mglBp,0.25,3,3,AAATTTTGAGACAAAATGTG,0,2375119
mglBp,0.25,3,3,AAATTGCGGCATAGACCATA,0,2363485
mglBp,0.25,3,3,AAATTCGGGTTTTTTAACGT,0,2421977
mglBp,0.25,3,3,AAATTATGGTGATATTTGAC,0,2348752
mglBp,0.25,3,3,AAATTATAGGTCGAGATGAG,0,2393304
mglBp,0.25,3,3,AAATGTCCTTATGAGATACA,0,2382733
mglBp,0.25,3,3,AAATGCCCTTAGAAGCCCGA,0,2326828
mglBp,0.25,3,3,AAATCGCAGTCGCAAATGTC,0,2401144
mglBp,0.25,3,3,AAATATACAAATCTGGGGTC,0,2351974
mglBp,0.25,3,3,AAATACAGAAATGTCGGATA,0,2330432
mglBp,0.25,3,3,AAAGTTGGGCCAGGGTAAAC,0,2421679
mglBp,0.25,3,3,AAAGTCGTAACACGCAGGCT,0,2370770
mglBp,0.25,3,3,AAAGTCCATTTAACCCAACC,0,2334286
mglBp,0.25,3,3,AAAGTACACGTATCACAAGG,0,2383321
mglBp,0.25,3,3,AAAGGTGATTCGGGTCGCAT,0,2422166
mglBp,0.25,3,3,AAAGGCCGGCTGATGTGACT,0,2355637
mglBp,0.25,3,3,AAAGGCAGAGGGGTGTTATG,0,2402562
mglBp,0.25,3,3,AAAGCGACACAAGAAAACTT,0,2407969
mglBp,0.25,3,3,AAAGCCTGGCTTGACACTAT,0,2373719
mglBp,0.25,3,3,AAAGCCACGCTTGTACCGCG,0,2373899
mglBp,0.25,3,3,AAAGCAAACCCTGTTGTCTA,0,2354004
mglBp,0.25,3,3,AAAGAGCGTCGATCCCTTTT,0,2409744
mglBp,0.25,3,3,AAAGAGATATACCGAGCAGC,0,2387974
mglBp,0.25,3,3,AAAGAAATTTGGACTCCAGT,0,2335535
mglBp,0.25,3,3,AAACTTTAAGGGTTTGGACG,0,2351456
mglBp,0.25,3,3,AAACGGCCACCATCTACGAG,0,2323527
mglBp,0.25,3,3,AAACGCAAATCACCAGAGGT,0,2322356
mglBp,0.25,3,3,AAACCTGACACACTACTCTC,0,2420773
mglBp,0.25,3,3,AAACACTCGCGGATCAGGCT,0,2324447
mglBp,0.25,3,3,AAAATTCTACGTTCGGCCGC,0,2357357
mglBp,0.25,3,3,AAAATGGTTTAACGGGATCG,0,2354212
mglBp,0.25,3,3,AAAATGCCTTGCATACCGAT,0,2350852
mglBp,0.25,3,3,AAAATGAGCGAATAATCCCA,0,2382394
mglBp,0.25,3,3,AAAATCGTTTCGCGCTACGC,0,2371598
mglBp,0.25,3,3,AAAATATGCAGTGCCACTAC,0,2383101
mglBp,0.25,3,3,AAAAGGTTAGCAACAGTGGC,0,2343551
mglBp,0.25,3,3,AAAAGGACCTATCGCAGTCC,0,2389375
mglBp,0.25,3,3,AAAAGCTCTATTTCAGACTT,0,2322098
mglBp,0.25,3,3,AAAACGAACCGACTGGATCA,0,2331967
mglBp,0.25,3,3,AAAACATCGATCTGACAAGC,0,2347373
mglBp,0.25,3,3,AAAACAGCCTCTGCATTTTT,0,2361536
mglBp,0.25,3,3,AAAAACTAAATTAACGGACT,0,2350972
mglBp,0.25,3,3,AAAAACGTAGAGCCGCCTCG,0,2374412
mglBp,0.25,3,3,AAAAACGACCGAAGAGGCTA,0,2391197
mglBp,0.25,3,3,AAAAACCGATTCCTAGGAGG,0,2318104
mglBp,0.3333333333333333,2,2,TTTTTTCCCCGCTGGCACTT,0,2397730
mglBp,0.3333333333333333,2,2,TTTTTTAAATGGCCCCGAGC,0,2376142
mglBp,0.3333333333333333,2,2,TTTTTGCATTTTTCAACGTG,0,2356832
mglBp,0.3333333333333333,2,2,TTTTTGAACAGGATAGCACA,0,2364492
mglBp,0.3333333333333333,2,2,TTTTTCTACCCCGCACCGAC,0,2328267
mglBp,0.3333333333333333,2,2,TTTTTACAACCCAGAGGACG,0,2345106
mglBp,0.3333333333333333,2,2,TTTTGGCTTAATGCCTCGGT,0,2322741
mglBp,0.3333333333333333,2,2,TTTTGGAATGCAGTTATAAC,0,2323766
mglBp,0.3333333333333333,2,2,TTTTGAGCTGCAGTTTTAGT,0,2413077
mglBp,0.3333333333333333,2,2,TTTTCTGGTTTTTGAACATA,0,2399222
mglBp,0.3333333333333333,2,2,TTTTCCCCGACCCGTTCAAG,0,2344178
mglBp,0.3333333333333333,2,2,TTTTATTTCAGTGAGCTCCC,0,2400674
mglBp,0.3333333333333333,2,2,TTTTATGGCTCTAGGGGGGC,0,2360372
mglBp,0.3333333333333333,2,2,TTTTACGCAGACTGCGTTAA,0,2367959
mglBp,0.3333333333333333,2,2,TTTGTGGCTGTAGGCGCTAA,0,2317585
mglBp,0.3333333333333333,2,2,TTTGTGGAGCGTAGTTACTT,0,2360713
mglBp,0.3333333333333333,2,2,TTTGGTATAGATTCCATAAT,0,2349685
mglBp,0.3333333333333333,2,2,TTTGGCGAATGAACCAATTG,0,2337820
mglBp,0.3333333333333333,2,2,TTTGGCAAGAACGGATAGTC,0,2381629
mglBp,0.3333333333333333,2,2,TTTGGAGTGACAACCCTATC,0,2364165
mglBp,0.3333333333333333,2,2,TTTGGAATTTGCAACCTATA,0,2353163
mglBp,0.3333333333333333,2,2,TTTGCTCGTTAGGTAGAGTC,0,2394070
mglBp,0.3333333333333333,2,2,TTTGCTAGTTGCGGATGCAA,0,2329822
mglBp,0.3333333333333333,2,2,TTTGCTAGACACAACCACGG,0,2385917
mglBp,0.3333333333333333,2,2,TTTGCGTTAAAGCATGTTTT,0,2346833
mglBp,0.3333333333333333,2,2,TTTGCCCGCCTCGTTGCAAC,0,2346102
mglBp,0.3333333333333333,2,2,TTTGCACCGCAGGTTTAACT,0,2363724
mglBp,0.3333333333333333,2,2,TTTGATGTGGGCAAGGCGCA,0,2370509
mglBp,0.3333333333333333,2,2,TTTGATGGTTTTCGAGACGA,0,2346112
mglBp,0.3333333333333333,2,2,TTTGACTTTGCCGGTCATAG,0,2421481
mglBp,0.3333333333333333,2,2,TTTGACGTGATACGCCCTGG,0,2393162
mglBp,0.3333333333333333,2,2,TTTCGCGTAAGAGGTATTCG,0,2396417
mglBp,0.3333333333333333,2,2,TTTCGCCACAAAGAACGGGA,0,2320952
mglBp,0.3333333333333333,2,2,TTTCGACAGGTACAGATTTG,0,2321317
mglBp,0.3333333333333333,2,2,TTTCCTCTGAGTCTGAAATC,0,2413971
mglBp,0.3333333333333333,2,2,TTTCCGAGTGGATGCTCAAC,0,2401297
mglBp,0.3333333333333333,2,2,TTTCCAGTTAGTTTTGGACG,0,2382524
mglBp,0.3333333333333333,2,2,TTTCCAAAGTCTAATTAAAA,0,2370904
mglBp,0.3333333333333333,2,2,TTTCATGTGTGTCGTAACGA,0,2355244
mglBp,0.3333333333333333,2,2,TTTCATGCGAAATTTTCCAC,0,2325482
mglBp,0.3333333333333333,2,2,TTTATTAGGTTGCTAGCGAT,0,2411004
mglBp,0.3333333333333333,2,2,TTTATGTTTAGTAGTATGGA,0,2361516
mglBp,0.3333333333333333,2,2,TTTAGCGCAGTTCAACATCC,0,2364297
mglBp,0.3333333333333333,2,2,TTTACGTGATGTTAATAGTT,0,2380614
mglBp,0.3333333333333333,2,2,TTTACGTCGCCCCAACGTCA,0,2393276
mglBp,0.3333333333333333,2,2,TTTACGTATTGTGGTAACCT,0,2357118
mglBp,0.3333333333333333,2,2,TTTAAGGGTCGCGAGTCAAC,0,2321059
mglBp,0.3333333333333333,2,2,TTTAAATACCAGCGTCTGCC,0,2404280
mglBp,0.3333333333333333,2,2,TTGTTTGTGGGGGGGTCCTT,0,2391414
mglBp,0.3333333333333333,2,2,TTGTTTCGGAATCCTGTCTT,0,2317901
mglBp,0.3333333333333333,2,2,TTGTTGGGTTCGTTAAGGTT,0,2366728
mglBp,0.3333333333333333,2,2,TTGTGTAAATAATTTGTTTG,0,2344502
mglBp,0.3333333333333333,2,2,TTGTGGGTCGCGTATCTCAC,0,2373682
mglBp,0.3333333333333333,2,2,TTGTGGGAGGGGATGTCGAA,0,2407049
mglBp,0.3333333333333333,2,2,TTGTGGACGGTGTTACCTTA,0,2351408
mglBp,0.3333333333333333,2,2,TTGTGATCACGGCCTTGTCT,0,2363661
mglBp,0.3333333333333333,2,2,TTGTCTCCCTGTGTCCACGC,0,2385802
mglBp,0.3333333333333333,2,2,TTGTCATGAAACCGACCATG,0,2316505
mglBp,0.3333333333333333,2,2,TTGTCAAAACCGGGCAGTCG,0,2328030
mglBp,0.3333333333333333,2,2,TTGTAGCACTCCGTGTGGGT,0,2317224
mglBp,0.3333333333333333,2,2,TTGGGGTGGATGCCCGTAGG,0,2330793
mglBp,0.3333333333333333,2,2,TTGGGGTATACGGTGAACCC,0,2400040
mglBp,0.3333333333333333,2,2,TTGGGGAGTCAAGAAGCGTT,0,2345329
mglBp,0.3333333333333333,2,2,TTGGGCTTAACGTGTGCGAC,0,2389298
mglBp,0.3333333333333333,2,2,TTGGCTTGTGTCTGGGCGCG,0,2337346
mglBp,0.3333333333333333,2,2,TTGGCGTCACAGGTATTCAC,0,2364301
mglBp,0.3333333333333333,2,2,TTGGCCTCACGGTATCCGAA,0,2384139
mglBp,0.3333333333333333,2,2,TTGGATGGATTCCGTGCGGT,0,2369936
mglBp,0.3333333333333333,2,2,TTGGATACAATATTAAGAAA,0,2381439
mglBp,0.3333333333333333,2,2,TTGGAGCTAGCTCGATTCAT,0,2360638
mglBp,0.3333333333333333,2,2,TTGGACGATTTCTTGTTCAT,0,2333236
mglBp,0.3333333333333333,2,2,TTGCTGCGGGAGGTTCAGAG,0,2361700
mglBp,0.3333333333333333,2,2,TTGCTATACCTGTGTCCAGC,0,2350567
mglBp,0.3333333333333333,2,2,TTGCTAGCTTCAGAACGGTG,0,2404920
mglBp,0.3333333333333333,2,2,TTGCGGCTGCTATGCCAATG,0,2378251
mglBp,0.3333333333333333,2,2,TTGCCCGTTTTTGCATGTAC,0,2400185
mglBp,0.3333333333333333,2,2,TTGCCCCTGCACTGTAGCGC,0,2318220
mglBp,0.3333333333333333,2,2,TTGCCAAACACACTTATGAG,0,2366705
mglBp,0.3333333333333333,2,2,TTGCAGCGCTCATGTTCCGT,0,2392993
mglBp,0.3333333333333333,2,2,TTGCAATCCCGGAATTGCTT,0,2351061
mglBp,0.3333333333333333,2,2,TTGATGAGCCAGGCGGTTTC,0,2337337
mglBp,0.3333333333333333,2,2,TTGATGACCAGCTTCGTAGG,0,2340995
mglBp,0.3333333333333333,2,2,TTGATCCCTATGCCTCGAGC,0,2361744
mglBp,0.3333333333333333,2,2,TTGATCAGCATCCGGGGAGG,0,2412986
mglBp,0.3333333333333333,2,2,TTGATACCTCCTATGTACTC,0,2354245
mglBp,0.3333333333333333,2,2,TTGAGTAACTTCCGTTCTAC,0,2321807
mglBp,0.3333333333333333,2,2,TTGAGGGTATTTCTGTGCAA,0,2362436
mglBp,0.3333333333333333,2,2,TTGAGAGTTCCGGGTCGGGT,0,2338038
mglBp,0.3333333333333333,2,2,TTGAGACGGCGATTGAGATT,0,2365460
mglBp,0.3333333333333333,2,2,TTGAGAAATCGCCACTGTTC,0,2363448
mglBp,0.3333333333333333,2,2,TTGACTCTAGGATAGAGAAT,0,2357594
mglBp,0.3333333333333333,2,2,TTGACTAAGGGGCGCCCAAC,0,2391471
mglBp,0.3333333333333333,2,2,TTGACGGTGATTATTCAACG,0,2376761
mglBp,0.3333333333333333,2,2,TTGAACATGAATAATATTGG,0,2421409
mglBp,0.3333333333333333,2,2,TTCTTTCGCGGCTACGCCAT,0,2347800
mglBp,0.3333333333333333,2,2,TTCTTTCCGGTTCTCCCCGC,0,2353996
mglBp,0.3333333333333333,2,2,TTCTTTATATCGGTAAAGGT,0,2386575
mglBp,0.3333333333333333,2,2,TTCTTACCAGTTCCTGTGGT,0,2413556
mglBp,0.3333333333333333,2,2,TTCTGTAGCTATGCCCGTTC,0,2373994
mglBp,0.3333333333333333,2,2,TTCTGGCGTCCACATAGAGT,0,2381401
mglBp,0.3333333333333333,2,2,TTCTGCTGGAGTCATTCTTG,0,2359093
mglBp,0.3333333333333333,2,2,TTCTGCCGGATGCAAGCCGT,0,2421344
mglBp,0.3333333333333333,2,2,TTCTCATAGACGAGGGCTAC,0,2330647
mglBp,0.3333333333333333,2,2,TTCTACAGGAATAGTCTGTT,0,2367734
mglBp,0.3333333333333333,2,2,TTCGTTATGGGTTCGTCTAC,0,2382970
mglBp,0.3333333333333333,2,2,TTCGTGTTATTAGGAGGGCG,0,2324205
mglBp,0.3333333333333333,2,2,TTCGTGTAGGGGTCCTCGTT,0,2328296
mglBp,0.3333333333333333,2,2,TTCGGGGGTACGGACGTCTT,0,2409813
mglBp,0.3333333333333333,2,2,TTCGGGAGAAGCATAAGGCA,0,2357407
mglBp,0.3333333333333333,2,2,TTCGGCTACATAGCGGAGAC,0,2349700
mglBp,0.3333333333333333,2,2,TTCGGCGAACTCCGCATTTA,0,2369052
mglBp,0.3333333333333333,2,2,TTCGGCCGAGAACCTAACGT,0,2368975
mglBp,0.3333333333333333,2,2,TTCGGCAATCGGACATGTTG,0,2403361
mglBp,0.3333333333333333,2,2,TTCGCTGGTCACTTGTGAGG,0,2358657
mglBp,0.3333333333333333,2,2,TTCGCTCCTAGCTCGATGTC,0,2394374
mglBp,0.3333333333333333,2,2,TTCGCGACACGGTTCTGGGA,0,2414021
mglBp,0.3333333333333333,2,2,TTCGCCATTTATATTCTCAC,0,2366933
mglBp,0.3333333333333333,2,2,TTCGCATGGCTCGGCCGTAG,0,2398139
mglBp,0.3333333333333333,2,2,TTCGATTTGTGTCATAGGCA,0,2373308
mglBp,0.3333333333333333,2,2,TTCGATGGGTGTGTTGCTTA,0,2352684
mglBp,0.3333333333333333,2,2,TTCGAGATACACCAAGCACT,0,2344902
mglBp,0.3333333333333333,2,2,TTCGAACTAATGGTGAAGGT,0,2321644
mglBp,0.3333333333333333,2,2,TTCCGTTTCTTTGATATGAT,0,2337090
mglBp,0.3333333333333333,2,2,TTCCGTATTGGTGAGCGTCA,0,2366498
mglBp,0.3333333333333333,2,2,TTCCGGGACGCAGTAGCACT,0,2400581
mglBp,0.3333333333333333,2,2,TTCCGGACACTGCTCTACAG,0,2333081
mglBp,0.3333333333333333,2,2,TTCCGGAAGACGGCGCATGT,0,2328941
mglBp,0.3333333333333333,2,2,TTCCGACATAGTTTGTGACT,0,2392782
mglBp,0.3333333333333333,2,2,TTCCCTGGCCCGTTTAAGCC,0,2372903
mglBp,0.3333333333333333,2,2,TTCCCTGCAATTTAGTAAGT,0,2366317
mglBp,0.3333333333333333,2,2,TTCCCGACAGTCATGTCTAT,0,2366636
mglBp,0.3333333333333333,2,2,TTCCCACAGTAACGAGGTCT,0,2367471
mglBp,0.3333333333333333,2,2,TTCCATAGAGGCAGTGTGAA,0,2353302
mglBp,0.3333333333333333,2,2,TTCCACTATCGGTCACTTTG,0,2392838
mglBp,0.3333333333333333,2,2,TTCATTGAACGGGTAGAGGA,0,2376425
mglBp,0.3333333333333333,2,2,TTCATTCGTTTTATTCCCCG,0,2327726
mglBp,0.3333333333333333,2,2,TTCATTCATCTCCACGGGCC,0,2377601
mglBp,0.3333333333333333,2,2,TTCATCCCGCGAGCGTTCGC,0,2363771
mglBp,0.3333333333333333,2,2,TTCATCAATGTTACTGGTTA,0,2384885
mglBp,0.3333333333333333,2,2,TTCAGTTATGTCGATACAGA,0,2384101
mglBp,0.3333333333333333,2,2,TTCAGCTGGAAATCCGTGGT,0,2408182
mglBp,0.3333333333333333,2,2,TTCAGCTAGGCCGGAATCTG,0,2401136
mglBp,0.3333333333333333,2,2,TTCAGATAATCGGAACTTTA,0,2419020
mglBp,0.3333333333333333,2,2,TTCACGTACTGCAATCCACT,0,2338627
mglBp,0.3333333333333333,2,2,TTCACCTACGCATCAGATAA,0,2329242
mglBp,0.3333333333333333,2,2,TTCAATTTTCAGAATCCTAC,0,2408452
mglBp,0.3333333333333333,2,2,TTCAACCTGGTACGACGACT,0,2364590
mglBp,0.3333333333333333,2,2,TTATTGGACGTGCTTTGATG,0,2353882
mglBp,0.3333333333333333,2,2,TTATTAGCTTCACAATTAAG,0,2355119
mglBp,0.3333333333333333,2,2,TTATGTTGCGGGTAAACAAG,0,2422206
mglBp,0.3333333333333333,2,2,TTATGGGTAAAGTCATGCTA,0,2339532
mglBp,0.3333333333333333,2,2,TTATGCTTCCTCGGGCATCA,0,2354472
mglBp,0.3333333333333333,2,2,TTATGATGCGTTAGGTGTCA,0,2323729
mglBp,0.3333333333333333,2,2,TTATCTTCCGTATAACAGAT,0,2321549
mglBp,0.3333333333333333,2,2,TTATCGGAGACGTAGTTGAG,0,2383023
mglBp,0.3333333333333333,2,2,TTATCGACATTGAATGGATC,0,2352107
mglBp,0.3333333333333333,2,2,TTATATCGCGTCTTTATACA,0,2348389
mglBp,0.3333333333333333,2,2,TTATAGGTAGCGGAGAGGAT,0,2364790
mglBp,0.3333333333333333,2,2,TTATACCCTTCAAAAATTGC,0,2329741
mglBp,0.3333333333333333,2,2,TTATAAGCGAGTTAGATAGG,0,2322631
mglBp,0.3333333333333333,2,2,TTATAAGAAACAACGACGTC,0,2338794
mglBp,0.3333333333333333,2,2,TTATAAACGGCGTAAACGCA,0,2407672
mglBp,0.3333333333333333,2,2,TTAGTTACACTTTAGTTTCG,0,2366165
mglBp,0.3333333333333333,2,2,TTAGTGTTTGGTCGGGAAAA,0,2321188
mglBp,0.3333333333333333,2,2,TTAGTGGTATTCATCTAGGG,0,2408393
mglBp,0.3333333333333333,2,2,TTAGTCGCTCCCTGGTGTAA,0,2366960
mglBp,0.3333333333333333,2,2,TTAGTACGTTCCGATGACTC,0,2342372
mglBp,0.3333333333333333,2,2,TTAGGATTACGGCCTACGTA,0,2320998
mglBp,0.3333333333333333,2,2,TTAGCTCGAGTGACTCATTC,0,2320133
mglBp,0.3333333333333333,2,2,TTAGCCCCTCGACCATTTGT,0,2332169
mglBp,0.3333333333333333,2,2,TTAGCATGGTTCTACTCCGC,0,2350655
mglBp,0.3333333333333333,2,2,TTAGATTATCGCTCCTGCTT,0,2387746
mglBp,0.3333333333333333,2,2,TTAGATCATAAATCCTACAA,0,2380511
mglBp,0.3333333333333333,2,2,TTAGACTACCGGTAGGTTGA,0,2358167
mglBp,0.3333333333333333,2,2,TTACTGCGCTAGGGAGAGTT,0,2326571
mglBp,0.3333333333333333,2,2,TTACGGTGTTGAATGCGGGA,0,2419888
mglBp,0.3333333333333333,2,2,TTACGCGCTATGACTGCGCA,0,2412113
mglBp,0.3333333333333333,2,2,TTACGCCGAAGACAACTCGC,0,2343336
mglBp,0.3333333333333333,2,2,TTACGACACTATTGTCCATG,0,2335776
mglBp,0.3333333333333333,2,2,TTACCTTATTATTTCCGAGC,0,2361334
mglBp,0.3333333333333333,2,2,TTACCGTCCGGATCGAGGAT,0,2341212
mglBp,0.3333333333333333,2,2,TTACCCGGGAGTATCTCCAA,0,2347229
mglBp,0.3333333333333333,2,2,TTACCCCCGGGACCTATCTT,0,2390612
mglBp,0.3333333333333333,2,2,TTACCCAACCCACACAAAAG,0,2371789
mglBp,0.3333333333333333,2,2,TTACCATCTAGCCCGCTGAA,0,2354630
mglBp,0.3333333333333333,2,2,TTACCATCAGGAGTTGAAAT,0,2363410
mglBp,0.3333333333333333,2,2,TTACATGTGCAGATCCTAGA,0,2376430
mglBp,0.3333333333333333,2,2,TTACACTGACAGGGCCGTCT,0,2379750
mglBp,0.3333333333333333,2,2,TTACACGCAAGCTCCGCCAG,0,2416100
mglBp,0.3333333333333333,2,2,TTACAACCAAGTGCTAAGCT,0,2349577
mglBp,0.3333333333333333,2,2,TTAATTAAGTGTCCGGTGCC,0,2341233
mglBp,0.3333333333333333,2,2,TTAATCTTAGGCCTTTCAAT,0,2355613
mglBp,0.3333333333333333,2,2,TTAAGTTACGCGTCTCTGGA,0,2319712
mglBp,0.3333333333333333,2,2,TTAAGTGTGAAAAGGGGGCG,0,2345331
mglBp,0.3333333333333333,2,2,TTAAGATACTCCAGTATCAT,0,2358474
mglBp,0.3333333333333333,2,2,TTAACTCACTAGACTTGCGT,0,2349568
mglBp,0.3333333333333333,2,2,TTAACTAAGCAGCGATCTAA,0,2404632
mglBp,0.3333333333333333,2,2,TTAACGGTACTCGATAGGTC,0,2379000
mglBp,0.3333333333333333,2,2,TTAACGCGACAGACGGTTAC,0,2376856
mglBp,0.3333333333333333,2,2,TTAACCAAAGCTCGGGTCGC,0,2323757
mglBp,0.3333333333333333,2,2,TTAACATGTTCGCGTGCAGG,0,2338632
mglBp,0.3333333333333333,2,2,TTAACAGGTAACAGAAACTC,0,2345424
mglBp,0.3333333333333333,2,2,TTAACACAGGTGTAAGAATA,0,2368919
mglBp,0.3333333333333333,2,2,TGTTGTTCAATCTATGCTTT,0,2349773
mglBp,0.3333333333333333,2,2,TGTTGTGACCGTTGTAATCT,0,2342784
mglBp,0.3333333333333333,2,2,TGTTGTCCGGGCGCCGCTGT,0,2377950
mglBp,0.3333333333333333,2,2,TGTTGTAGTGGTGTAGACTA,0,2376466
mglBp,0.3333333333333333,2,2,TGTTGGATGGTGCAATACAT,0,2374912
mglBp,0.3333333333333333,2,2,TGTTGCCAGCATCTTCCTGT,0,2390824
mglBp,0.3333333333333333,2,2,TGTTGACATAGATCGATAAA,0,2327867
mglBp,0.3333333333333333,2,2,TGTTGAAGGCGCGATATGGT,0,2400932
mglBp,0.3333333333333333,2,2,TGTTCTCCAATTCAGTCATC,0,2366005
mglBp,0.3333333333333333,2,2,TGTTCATTACAGGGAGGCGC,0,2360157
mglBp,0.3333333333333333,2,2,TGTTCATAAAACTGACTTTT,0,2336543
mglBp,0.3333333333333333,2,2,TGTTCAGCGATGGCCCGTGG,0,2329052
mglBp,0.3333333333333333,2,2,TGTTAGATTCTTCTCTTGAG,0,2318199
mglBp,0.3333333333333333,2,2,TGTTACGGTGGAACATGGGA,0,2369002
mglBp,0.3333333333333333,2,2,TGTGTTTTGTATTATCACAG,0,2373262
mglBp,0.3333333333333333,2,2,TGTGTTGCCAAAGTCAGTGA,0,2422897
mglBp,0.3333333333333333,2,2,TGTGTCGGGTACGAGATATC,0,2391041
mglBp,0.3333333333333333,2,2,TGTGGTCAAGAGTCAATGTT,0,2381297
mglBp,0.3333333333333333,2,2,TGTGGCGGATCCACAAAATT,0,2367146
mglBp,0.3333333333333333,2,2,TGTGGAACGGGCGGTCAAGG,0,2379503
mglBp,0.3333333333333333,2,2,TGTGACGGTTCGGGGATGTC,0,2334935
mglBp,0.3333333333333333,2,2,TGTGACCTATTGTATTTAAA,0,2336983
mglBp,0.3333333333333333,2,2,TGTCTTCAATGGATACTTTC,0,2353408
mglBp,0.3333333333333333,2,2,TGTCTCGATCGGACTCCTCC,0,2362805
mglBp,0.3333333333333333,2,2,TGTCTACTATTGCCGAGAAT,0,2331614
mglBp,0.3333333333333333,2,2,TGTCGTTTTCAATCGTAACA,0,2388706
mglBp,0.3333333333333333,2,2,TGTCCTTGGGTCGAAGTGAT,0,2322403
mglBp,0.3333333333333333,2,2,TGTCCTTCAGTGACAGAGGC,0,2377271
mglBp,0.3333333333333333,2,2,TGTCCTGAAAGTGTCCCCAA,0,2330477
mglBp,0.3333333333333333,2,2,TGTCCGGGTGCCCAGCCTTG,0,2374240
mglBp,0.3333333333333333,2,2,TGTCCCTTTTGGGCCGAATG,0,2352809
mglBp,0.3333333333333333,2,2,TGTCCCGGCCTTATGTCCGC,0,2407591
mglBp,0.3333333333333333,2,2,TGTCCAGTTCATCGTAAAGA,0,2389461
mglBp,0.3333333333333333,2,2,TGTCCAGTGAGGCCGTATAT,0,2357089
mglBp,0.3333333333333333,2,2,TGTCCAGCAACTTCCGTCAA,0,2354797
mglBp,0.3333333333333333,2,2,TGTCACGAGATGTCCGTCGG,0,2323895
mglBp,0.3333333333333333,2,2,TGTCACCTCGCTCTTCGTTT,0,2367421
mglBp,0.3333333333333333,2,2,TGTCAAGACGGTGGAGATCA,0,2356541
mglBp,0.3333333333333333,2,2,TGTATTGATAGTTCCGCCAG,0,2396252
mglBp,0.3333333333333333,2,2,TGTATCTGAAAGAATTGAGT,0,2400924
mglBp,0.3333333333333333,2,2,TGTATCCTGTAATACGTAGA,0,2359940
mglBp,0.3333333333333333,2,2,TGTATCCCTCGTATTAGACG,0,2322761
mglBp,0.3333333333333333,2,2,TGTAGTAGAGTATGACCACA,0,2335975
mglBp,0.3333333333333333,2,2,TGTAGGATTTATGAATCGAT,0,2384021
mglBp,0.3333333333333333,2,2,TGTACTCCGACACGCGTCAC,0,2387359
mglBp,0.3333333333333333,2,2,TGTAATGGGACAAAATTCGG,0,2360438
mglBp,0.3333333333333333,2,2,TGTAATGCGTTTGCAACTCA,0,2399543
mglBp,0.3333333333333333,2,2,TGTAACGTGTTTAAAATCCC,0,2320115
mglBp,0.3333333333333333,2,2,TGTAACGCTCACGCCACTTT,0,2346948
mglBp,0.3333333333333333,2,2,TGTAAACCGTGACCGTATGA,0,2366332
mglBp,0.3333333333333333,2,2,TGGTTCAGCTTCCATCCGTA,0,2316709
mglBp,0.3333333333333333,2,2,TGGTGTACACCAATAATGGT,0,2407977
mglBp,0.3333333333333333,2,2,TGGTGGTGCGAGTCTTATCG,0,2347511
mglBp,0.3333333333333333,2,2,TGGTGCAGATTTCACCTCGT,0,2318884
mglBp,0.3333333333333333,2,2,TGGTGATCAGGTAACTGTTG,0,2378129
mglBp,0.3333333333333333,2,2,TGGTCCCTTTCGGCAGTAAC,0,2392606
mglBp,0.3333333333333333,2,2,TGGTATGGTACAGGGCTGAA,0,2404605
mglBp,0.3333333333333333,2,2,TGGTACTCAAACCGTGACGT,0,2317128
mglBp,0.3333333333333333,2,2,TGGTACGATGACATTCCTGA,0,2381028
mglBp,0.3333333333333333,2,2,TGGGTTATGCTTCCTATCAT,0,2395874
mglBp,0.3333333333333333,2,2,TGGGTGGGTGCTAAAAATTG,0,2351407
mglBp,0.3333333333333333,2,2,TGGGTGATATCGATCAAGAA,0,2362866
mglBp,0.3333333333333333,2,2,TGGGTCTTGTGATCACGTGA,0,2395136
mglBp,0.3333333333333333,2,2,TGGGTCCAAATATGTTGGAC,0,2365536
mglBp,0.3333333333333333,2,2,TGGGTATTGCAAGGTCTCTA,0,2374895
mglBp,0.3333333333333333,2,2,TGGGGTTAGGTGATACGATG,0,2354874
mglBp,0.3333333333333333,2,2,TGGGGTCTTTGTATATTGCC,0,2328653
mglBp,0.3333333333333333,2,2,TGGGGGGTCCGTAGCTGGTA,0,2323176
mglBp,0.3333333333333333,2,2,TGGGGACTGCTGTAAACACG,0,2325453
mglBp,0.3333333333333333,2,2,TGGGCGGGTGGTATGAGGAG,0,2384048
mglBp,0.3333333333333333,2,2,TGGGCGACTATCTCCGAAGA,0,2371563
mglBp,0.3333333333333333,2,2,TGGGCCGTCTCCTTGGACCC,0,2370089
mglBp,0.3333333333333333,2,2,TGGGATGTAGCCGGGCTATG,0,2325938
mglBp,0.3333333333333333,2,2,TGGGATAATCCCATTGACTG,0,2355799
mglBp,0.3333333333333333,2,2,TGGCTATTAACATGTAGAAA,0,2367378
mglBp,0.3333333333333333,2,2,TGGCTATGATCGACTCTTAA,0,2345793
mglBp,0.3333333333333333,2,2,TGGCGTCCATCTCAATTCCC,0,2399682
mglBp,0.3333333333333333,2,2,TGGCGGGGTTTGTGGGGTCA,0,2421228
mglBp,0.3333333333333333,2,2,TGGCGCCTTGCCCCGCAGAA,0,2359430
mglBp,0.3333333333333333,2,2,TGGCCTAAACGATTATCCAC,0,2363314
mglBp,0.3333333333333333,2,2,TGGCCCATGTACTATAACGT,0,2331561
mglBp,0.3333333333333333,2,2,TGGCCAATGCCTATTGCTCA,0,2414793
mglBp,0.3333333333333333,2,2,TGGCATTGTAGTCTCGTCTA,0,2348795
mglBp,0.3333333333333333,2,2,TGGCATCGGTTTTATACGCG,0,2417003
mglBp,0.3333333333333333,2,2,TGGCATATCCGGGGCCAGCG,0,2343752
mglBp,0.3333333333333333,2,2,TGGCAGGGTTGGTCAAATTG,0,2327703
mglBp,0.3333333333333333,2,2,TGGCAGCTACAGTAAAACAT,0,2348905
mglBp,0.3333333333333333,2,2,TGGCAGACGCCAGAAAGAAA,0,2412191
mglBp,0.3333333333333333,2,2,TGGCACAGTACCATGCTCGC,0,2345033
mglBp,0.3333333333333333,2,2,TGGCAACAGTCGAATACAGA,0,2387651
mglBp,0.3333333333333333,2,2,TGGATGGACCTCCAAATGCT,0,2391038
mglBp,0.3333333333333333,2,2,TGGATCCTGTGCTGGGCCTG,0,2351597
mglBp,0.3333333333333333,2,2,TGGATATGGCCGGCTTAGGC,0,2402892
mglBp,0.3333333333333333,2,2,TGGATACTGAGTATCGAGCA,0,2421668
mglBp,0.3333333333333333,2,2,TGGAGTGCCTGACGGCGACT,0,2321214
mglBp,0.3333333333333333,2,2,TGGAGCTCCAGTATGTCTTT,0,2377140
mglBp,0.3333333333333333,2,2,TGGAGCCCGGATTAATGGCT,0,2420846
mglBp,0.3333333333333333,2,2,TGGAGATAAGTGAGGTATCG,0,2401041
mglBp,0.3333333333333333,2,2,TGGAGAGACCGGGATTGTAG,0,2387006
mglBp,0.3333333333333333,2,2,TGGACTGATCCCCAGTCTAA,0,2395344
mglBp,0.3333333333333333,2,2,TGGACTAAGGGACGGTCAGA,0,2404408
mglBp,0.3333333333333333,2,2,TGGACAGAGGAGTTATGAAG,0,2370522
mglBp,0.3333333333333333,2,2,TGGAATATAAATCTCACCTG,0,2393241
mglBp,0.3333333333333333,2,2,TGGAACTTTATAATAGACGT,0,2369613
mglBp,0.3333333333333333,2,2,TGGAACGACCAGCAATTATG,0,2382946
mglBp,0.3333333333333333,2,2,TGCTTTCCCACGTCGGGCAA,0,2349440
mglBp,0.3333333333333333,2,2,TGCTTCGTCAACGCGGCCGT,0,2357705
mglBp,0.3333333333333333,2,2,TGCTTCCAGTGAAACTTCTT,0,2387793
mglBp,0.3333333333333333,2,2,TGCTTACTAAAATTATAAGG,0,2413450
mglBp,0.3333333333333333,2,2,TGCTGAGTTGGGAGTCTGCT,0,2318496
mglBp,0.3333333333333333,2,2,TGCTGAGCCTATGAATTGGC,0,2348833
mglBp,0.3333333333333333,2,2,TGCTCCTGGTTTGACAGTAC,0,2418818
mglBp,0.3333333333333333,2,2,TGCTCCCGGTTTTGTTTCAC,0,2374564
mglBp,0.3333333333333333,2,2,TGCTATCCCAACAGGAAAAA,0,2422510
mglBp,0.3333333333333333,2,2,TGCTAAGCTAAACCGCGGAT,0,2403544
mglBp,0.3333333333333333,2,2,TGCGTTCACGACGCTTGATC,0,2376549
mglBp,0.3333333333333333,2,2,TGCGTCCTGGGGTGTTCGCC,0,2374945
mglBp,0.3333333333333333,2,2,TGCGGTGCATCTCGGGTCTT,0,2379033
mglBp,0.3333333333333333,2,2,TGCGGTACACGGAAAGAGTA,0,2331936
mglBp,0.3333333333333333,2,2,TGCGGCTGGATCGTTGCTTC,0,2393931
mglBp,0.3333333333333333,2,2,TGCGCGTATGTCGCTTCAGC,0,2389957
mglBp,0.3333333333333333,2,2,TGCGCGCTAGAGCCAGCGTT,0,2377457
mglBp,0.3333333333333333,2,2,TGCGCGACCAAATAATGACA,0,2419560
mglBp,0.3333333333333333,2,2,TGCGCCAGGCATAGGGAGGT,0,2374305
mglBp,0.3333333333333333,2,2,TGCGCATCTCCCGGTTACAT,0,2420806
mglBp,0.3333333333333333,2,2,TGCGCAGATTAGTAGTAAAC,0,2383096
mglBp,0.3333333333333333,2,2,TGCGACCAAGGATACCCTGG,0,2357160
mglBp,0.3333333333333333,2,2,TGCCTTTCTTCTGGGTGTTA,0,2379673
mglBp,0.3333333333333333,2,2,TGCCTTTAGCCACTAGAGAT,0,2416231
mglBp,0.3333333333333333,2,2,TGCCTTGACGCTGTGTAGCA,0,2406602
mglBp,0.3333333333333333,2,2,TGCCTGAAATAATTAAGTAT,0,2375560
mglBp,0.3333333333333333,2,2,TGCCTCAATGGTTAGTGAGT,0,2357601
mglBp,0.3333333333333333,2,2,TGCCGTGATCGAGTCCGGTA,0,2328293
mglBp,0.3333333333333333,2,2,TGCCGACATTGCTGCCCCGT,0,2328957
mglBp,0.3333333333333333,2,2,TGCCCTTTTTCGATATGGGG,0,2406995
mglBp,0.3333333333333333,2,2,TGCCCCTTCCCATGTACGAT,0,2354415
mglBp,0.3333333333333333,2,2,TGCCCCTAGATTTAAGTACC,0,2356073
mglBp,0.3333333333333333,2,2,TGCCCCAAGTAGTGGCATCA,0,2343542
mglBp,0.3333333333333333,2,2,TGCCCATAGGTATCTTTTAT,0,2379093
mglBp,0.3333333333333333,2,2,TGCCCAGCCAACTATACTCA,0,2323108
mglBp,0.3333333333333333,2,2,TGCCATTTTGATGGCACTCA,0,2394507
mglBp,0.3333333333333333,2,2,TGCCAGCGAATCATCGATCA,0,2381101
mglBp,0.3333333333333333,2,2,TGCCACCGTCCGGAGCCTTG,0,2404810
mglBp,0.3333333333333333,2,2,TGCCAACTCGTTATACCTGC,0,2407374
mglBp,0.3333333333333333,2,2,TGCATGCAGGACATTCGCGT,0,2393614
mglBp,0.3333333333333333,2,2,TGCATGAATTACGACAAGAT,0,2316678
mglBp,0.3333333333333333,2,2,TGCATCGATATCTAACCCTT,0,2343112
mglBp,0.3333333333333333,2,2,TGCATAGGCCAAACCTGTCG,0,2407319
mglBp,0.3333333333333333,2,2,TGCATAAACAGAAAGTGTGT,0,2319047
mglBp,0.3333333333333333,2,2,TGCACTGTTGCGGAGGAGGT,0,2417665
mglBp,0.3333333333333333,2,2,TGCACGAAATCTGGCGGTTA,0,2401870
mglBp,0.3333333333333333,2,2,TGCACACGCTTGTAATAGCA,0,2412660
mglBp,0.3333333333333333,2,2,TGCACAACACACAGGTCAAG,0,2381253
mglBp,0.3333333333333333,2,2,TGCAATCTGGAAAGACAGCG,0,2344581
mglBp,0.3333333333333333,2,2,TGCAAGAGCTTTATGGACGT,0,2397128
mglBp,0.3333333333333333,2,2,TGCAACCGGCATGAGGAGTA,0,2381973
mglBp,0.3333333333333333,2,2,TGCAACATTAGTCTCAACGC,0,2413166
mglBp,0.3333333333333333,2,2,TGCAAAATTCGGGTTCTAGA,0,2389929
mglBp,0.3333333333333333,2,2,TGATTTTAGGCTCCCTTTTC,0,2345451
mglBp,0.3333333333333333,2,2,TGATTCCTTCACCGGACACT,0,2388684
mglBp,0.3333333333333333,2,2,TGATTAGTTCACTTTCCGAC,0,2346874
mglBp,0.3333333333333333,2,2,TGATCGTTAAACGCGGTCCT,0,2397028
mglBp,0.3333333333333333,2,2,TGATCCAGGAAAAAAGATGA,0,2359224
mglBp,0.3333333333333333,2,2,TGATCATGGGCAAGCTCAGG,0,2397018
mglBp,0.3333333333333333,2,2,TGATAACGACCATTTATCCC,0,2328876
mglBp,0.3333333333333333,2,2,TGAGTTTGAGTGGGGCATGA,0,2382964
mglBp,0.3333333333333333,2,2,TGAGTTCATGACATACCACC,0,2414723
mglBp,0.3333333333333333,2,2,TGAGTTAGCTGGCTAGACGC,0,2317004
mglBp,0.3333333333333333,2,2,TGAGTCGTACCATTCGATCA,0,2393089
mglBp,0.3333333333333333,2,2,TGAGTCAGGCTTGTAGTAAG,0,2328851
mglBp,0.3333333333333333,2,2,TGAGTATGAAGCTAATATTA,0,2371073
mglBp,0.3333333333333333,2,2,TGAGGTCATGACGTTGAGTC,0,2404066
mglBp,0.3333333333333333,2,2,TGAGGTAGATTCCTGTCATG,0,2390377
mglBp,0.3333333333333333,2,2,TGAGGCCAAATGGCCTTTTG,0,2329330
mglBp,0.3333333333333333,2,2,TGAGCGGTAGGGGGACGGGT,0,2331325
mglBp,0.3333333333333333,2,2,TGAGCAAACTCATAGCGTCT,0,2378531
mglBp,0.3333333333333333,2,2,TGAGATTGGACAGAGTTGTG,0,2337075
mglBp,0.3333333333333333,2,2,TGAGAGGGAGAGTCAACACA,0,2362690
mglBp,0.3333333333333333,2,2,TGAGAGGCTTGGCCATTACT,0,2321280
mglBp,0.3333333333333333,2,2,TGACTACTTGCGCAACAAAC,0,2371718
mglBp,0.3333333333333333,2,2,TGACGCACTTACATCGTATC,0,2335251
mglBp,0.3333333333333333,2,2,TGACCTTTGCTTCAGTACGA,0,2355917
mglBp,0.3333333333333333,2,2,TGACCATGATGCGCAGCACT,0,2377577
mglBp,0.3333333333333333,2,2,TGACCACACGGCCGTTCGTG,0,2388758
mglBp,0.3333333333333333,2,2,TGACATGCATATGAGACAGC,0,2417191
mglBp,0.3333333333333333,2,2,TGACATCCTAGGGCCTAGTT,0,2343119
mglBp,0.3333333333333333,2,2,TGACAGTTAAACGGGTGGTT,0,2319768
mglBp,0.3333333333333333,2,2,TGAAGTGGTGGGTTTGGATA,0,2361065
mglBp,0.3333333333333333,2,2,TGAAGGCATAAGTCACTGAT,0,2361959
mglBp,0.3333333333333333,2,2,TGAAGCCACTGAGTGTCGAT,0,2399276
mglBp,0.3333333333333333,2,2,TGAAGCAGCTAACGTTGCAA,0,2351719
mglBp,0.3333333333333333,2,2,TGAACGGGCCGGCCGTTTGA,0,2322401
mglBp,0.3333333333333333,2,2,TGAACAATATGCCAAGGCGA,0,2350115
mglBp,0.3333333333333333,2,2,TGAAAGTCTCTAACATTTAT,0,2373785
mglBp,0.3333333333333333,2,2,TCTTTTCCGAGCTGCTCCCA,0,2414906
mglBp,0.3333333333333333,2,2,TCTTTTACGTGAAACTGGCG,0,2351943
mglBp,0.3333333333333333,2,2,TCTTTAGAAATTCAGCGCAA,0,2351835
mglBp,0.3333333333333333,2,2,TCTTTAAGCCGGGTGTGTAA,0,2412813
mglBp,0.3333333333333333,2,2,TCTTGGCTCACCCCGCTCCA,0,2331968
mglBp,0.3333333333333333,2,2,TCTTGGCCGGAATCGGAACA,0,2317552
mglBp,0.3333333333333333,2,2,TCTTGCAAAAGTAGGAATCA,0,2394642
mglBp,0.3333333333333333,2,2,TCTTCCGGTCCAACGTTCTT,0,2396784
mglBp,0.3333333333333333,2,2,TCTTAGTATGCCTTTTCGTT,0,2380024
mglBp,0.3333333333333333,2,2,TCTTAAGATTCTTCTTGCAT,0,2423470
mglBp,0.3333333333333333,2,2,TCTGTTGCGGGATAGCGGGC,0,2354865
mglBp,0.3333333333333333,2,2,TCTGTGAATTCTACGGCTCG,0,2397414
mglBp,0.3333333333333333,2,2,TCTGTCATGCTATAGTGTTG,0,2406619
mglBp,0.3333333333333333,2,2,TCTGTATACTGGAACGTCCG,0,2353497
mglBp,0.3333333333333333,2,2,TCTGGGGCTAAATCCACAAC,0,2333261
mglBp,0.3333333333333333,2,2,TCTGGGGAGCGCGGCCGTCA,0,2396451
mglBp,0.3333333333333333,2,2,TCTGGCCGGAGTTCATGTAT,0,2407373
mglBp,0.3333333333333333,2,2,TCTGCCCTATACCCTTCTTT,0,2422408
mglBp,0.3333333333333333,2,2,TCTGACAGGCATTGAGCTTC,0,2408262
mglBp,0.3333333333333333,2,2,TCTGAATCGCAGAGCGACTC,0,2382267
mglBp,0.3333333333333333,2,2,TCTCTGAAAGATTCCATCTC,0,2363989
mglBp,0.3333333333333333,2,2,TCTCGTTTGACCAATGCAGG,0,2416741
mglBp,0.3333333333333333,2,2,TCTCGTAGTAGATACACATG,0,2343812
mglBp,0.3333333333333333,2,2,TCTCGAAAAAACTTTGTTCG,0,2329682
mglBp,0.3333333333333333,2,2,TCTCCGTTCACCAGCTTGAC,0,2336591
mglBp,0.3333333333333333,2,2,TCTCCCACATCGGCGTACTA,0,2357216
mglBp,0.3333333333333333,2,2,TCTCCAGGCATGCTCCGCCA,0,2360882
mglBp,0.3333333333333333,2,2,TCTCCACGGATTAGGTATAT,0,2397802
mglBp,0.3333333333333333,2,2,TCTCATCGTTTGCGTCGATC,0,2361644
mglBp,0.3333333333333333,2,2,TCTCATATCCTGGCGAGTGT,0,2320061
mglBp,0.3333333333333333,2,2,TCTCAAGTTGGAATAAATGT,0,2336402
mglBp,0.3333333333333333,2,2,TCTATTGGAGCCTAACCCGT,0,2396265
mglBp,0.3333333333333333,2,2,TCTATAGATTGTCAATGTGC,0,2363232
mglBp,0.3333333333333333,2,2,TCTAGTTCTAATGACCTAAA,0,2397031
mglBp,0.3333333333333333,2,2,TCTAGGCATCATCCGTGTTT,0,2318466
mglBp,0.3333333333333333,2,2,TCTAGGACAGATATCGTGCT,0,2355424
mglBp,0.3333333333333333,2,2,TCTAGCATTAGATGACAGGC,0,2353180
mglBp,0.3333333333333333,2,2,TCTAGCACCTCGCATAGCCT,0,2385042
mglBp,0.3333333333333333,2,2,TCTAGATGAACGTTCCGCTA,0,2383526
mglBp,0.3333333333333333,2,2,TCTAGATAAAGAAGCTAAAT,0,2396481
mglBp,0.3333333333333333,2,2,TCTACTTATTAGGATTCGCG,0,2372240
mglBp,0.3333333333333333,2,2,TCTACGACCGGTGGACCGGA,0,2368865
mglBp,0.3333333333333333,2,2,TCTACCTTTCTCAAGTAGAT,0,2398361
mglBp,0.3333333333333333,2,2,TCTACCTCGTGTTTTATCGT,0,2407803
mglBp,0.3333333333333333,2,2,TCTACCGTACAACCGCGTCA,0,2355758
mglBp,0.3333333333333333,2,2,TCTACCGAACGGATTCGGAT,0,2403754
mglBp,0.3333333333333333,2,2,TCTACATAATGGAAGGGTAC,0,2345716
mglBp,0.3333333333333333,2,2,TCTACACGAAGCTTTCCCTT,0,2343433
mglBp,0.3333333333333333,2,2,TCTACACCATTGGGCTTGTT,0,2365649
mglBp,0.3333333333333333,2,2,TCTACAAGCTCCTCCAGTGG,0,2394173
mglBp,0.3333333333333333,2,2,TCTAAGAGTATCGCCTTGTC,0,2374551
mglBp,0.3333333333333333,2,2,TCTAACTGGATCCCAACCTG,0,2356036
mglBp,0.3333333333333333,2,2,TCTAAATCGATTAGCGCAGT,0,2369461
mglBp,0.3333333333333333,2,2,TCTAAACCGGCGTGTGAGCC,0,2338017
mglBp,0.3333333333333333,2,2,TCGTTGTTGCACTTTTTAAT,0,2389077
mglBp,0.3333333333333333,2,2,TCGTTGTGAAGCGTTGCTCC,0,2348187
mglBp,0.3333333333333333,2,2,TCGTGTTATCAATAGTAACA,0,2375827
mglBp,0.3333333333333333,2,2,TCGTGCCTTTCTCGTCGCAT,0,2354407
mglBp,0.3333333333333333,2,2,TCGTCTTAGCTCCAGTCGTG,0,2345287
mglBp,0.3333333333333333,2,2,TCGTCCTATCCTATCCTCTT,0,2402293
mglBp,0.3333333333333333,2,2,TCGTCCTACTATATCCGTAC,0,2324135
mglBp,0.3333333333333333,2,2,TCGTCAGGAATTCTTATCCA,0,2418244
mglBp,0.3333333333333333,2,2,TCGTACCGGGTTGGTACTTT,0,2379037
mglBp,0.3333333333333333,2,2,TCGTAACGCGTTAACTCACT,0,2325891
mglBp,0.3333333333333333,2,2,TCGGTATAGGAGCTAGTCAT,0,2325808
mglBp,0.3333333333333333,2,2,TCGGGTGTGGTCTCTGCCAG,0,2340328
mglBp,0.3333333333333333,2,2,TCGGGTCTAATATTTTGGTG,0,2373085
mglBp,0.3333333333333333,2,2,TCGGGGGGAGTATTTGAGTG,0,2350515
mglBp,0.3333333333333333,2,2,TCGGGGGCTATCTTGGTGGC,0,2346106
mglBp,0.3333333333333333,2,2,TCGGGGGCGGTCCCAAATCT,0,2421311
mglBp,0.3333333333333333,2,2,TCGGGCTCCTTGCAGAAGTG,0,2385156
mglBp,0.3333333333333333,2,2,TCGGCTAGCCACAGCAGCTG,0,2383332
mglBp,0.3333333333333333,2,2,TCGGCGAAGCCAGACATTTG,0,2360557
mglBp,0.3333333333333333,2,2,TCGGCAATACTCGGGTCATG,0,2330762
mglBp,0.3333333333333333,2,2,TCGGATCAAAGCCTCGGTGT,0,2394429
mglBp,0.3333333333333333,2,2,TCGGACGAGTCATCGCTATA,0,2386617
mglBp,0.3333333333333333,2,2,TCGGACGAAAAAAATTCAGG,0,2421728
mglBp,0.3333333333333333,2,2,TCGCTGAGTTTATATGACTA,0,2399529
mglBp,0.3333333333333333,2,2,TCGCTCTTTAAATTTGCCTG,0,2397876
mglBp,0.3333333333333333,2,2,TCGCTAGTTCATCGTTAAAG,0,2349795
mglBp,0.3333333333333333,2,2,TCGCTAACTGGACGACGAAC,0,2333996
mglBp,0.3333333333333333,2,2,TCGCGTTTGTATGATCCATG,0,2361056
mglBp,0.3333333333333333,2,2,TCGCGTGAAACTACTGTGGC,0,2422924
mglBp,0.3333333333333333,2,2,TCGCGTCTTAATTCATGGGT,0,2357956
mglBp,0.3333333333333333,2,2,TCGCGCAGGGGGGGACGGGG,0,2384429
mglBp,0.3333333333333333,2,2,TCGCGATGGTACACTCATTC,0,2389150
mglBp,0.3333333333333333,2,2,TCGCCTCACGGGATAGAATT,0,2324698
mglBp,0.3333333333333333,2,2,TCGCCCAATGATAGGCCTCT,0,2317763
mglBp,0.3333333333333333,2,2,TCGCATTTCGGGAAGAGCCC,0,2338916
mglBp,0.3333333333333333,2,2,TCGCATTATCGAAGCCCACT,0,2341660
mglBp,0.3333333333333333,2,2,TCGCAGCTTGGCCTTGACTC,0,2350839
mglBp,0.3333333333333333,2,2,TCGCAAGCCGTCCGGAACTA,0,2401181
mglBp,0.3333333333333333,2,2,TCGATTTCTTAGTCATGTCA,0,2341595
mglBp,0.3333333333333333,2,2,TCGATTATTCCGCTAGACTA,0,2421194
mglBp,0.3333333333333333,2,2,TCGATGTGGCTCCGGGTAGG,0,2422978
mglBp,0.3333333333333333,2,2,TCGATCGCAAAAGAGTATGC,0,2361053
mglBp,0.3333333333333333,2,2,TCGATCCGTTCGAGCTACAG,0,2397987
mglBp,0.3333333333333333,2,2,TCGAGGGCTATCAAGCACCT,0,2342691
mglBp,0.3333333333333333,2,2,TCGAGCTTACTTCAGGATAT,0,2346438
mglBp,0.3333333333333333,2,2,TCGAGAAAACTGGTGTGGCT,0,2329397
mglBp,0.3333333333333333,2,2,TCGACTGGTATACTCAGGCG,0,2327854
mglBp,0.3333333333333333,2,2,TCGACTAAGTCTGTCGCTCT,0,2350438
mglBp,0.3333333333333333,2,2,TCGACGATTAGAAACGGTAC,0,2393750
mglBp,0.3333333333333333,2,2,TCGACCCCATCTCATTGATC,0,2337436
mglBp,0.3333333333333333,2,2,TCGACAGGACCGCTATTGGA,0,2334578
mglBp,0.3333333333333333,2,2,TCGACAATAACACGAAAACA,0,2383061
mglBp,0.3333333333333333,2,2,TCGAAGTTAAAAGAGCATTT,0,2372983
mglBp,0.3333333333333333,2,2,TCGAAGTCCTCCCTGGCCTT,0,2396177
mglBp,0.3333333333333333,2,2,TCGAACCGTAGGCACATTGC,0,2385119
mglBp,0.3333333333333333,2,2,TCCTGGATGCCCGATTCCAA,0,2349646
mglBp,0.3333333333333333,2,2,TCCTGGACTCGTTTTTATTT,0,2391758
mglBp,0.3333333333333333,2,2,TCCTGAAGTACTAAAGAAGC,0,2410439
mglBp,0.3333333333333333,2,2,TCCTCTCTTAGCGCTGGAAG,0,2399351
mglBp,0.3333333333333333,2,2,TCCTCGCGATCCCATGGTAG,0,2401299
mglBp,0.3333333333333333,2,2,TCCTCCGGGCGATGGCTCAG,0,2422302
mglBp,0.3333333333333333,2,2,TCCTATCGCTGACCTCATGA,0,2340218
mglBp,0.3333333333333333,2,2,TCCTACGGAGTAAACCGTCC,0,2412256
mglBp,0.3333333333333333,2,2,TCCTACAAGACTGGCATGAA,0,2407823
mglBp,0.3333333333333333,2,2,TCCGTTTCGATACCTTGAGT,0,2398049
mglBp,0.3333333333333333,2,2,TCCGTCTATAATGTTTTCCA,0,2381701
mglBp,0.3333333333333333,2,2,TCCGTAGGTTTTACGTTACT,0,2351959
mglBp,0.3333333333333333,2,2,TCCGGTGCATGCGTTTACAG,0,2316788
mglBp,0.3333333333333333,2,2,TCCGGTGCACTAACCTTAAT,0,2329368
mglBp,0.3333333333333333,2,2,TCCGGTGAATCCTGTCCGCT,0,2329849
mglBp,0.3333333333333333,2,2,TCCGGCGTCGTGCCTGATCA,0,2339787
mglBp,0.3333333333333333,2,2,TCCGGCAGGACTTGGAATCA,0,2385891
mglBp,0.3333333333333333,2,2,TCCGCATGGGTGCGGTGCAA,0,2394501
mglBp,0.3333333333333333,2,2,TCCGAGACGAAGCAGCGGAT,0,2388843
mglBp,0.3333333333333333,2,2,TCCCTTAACGCGTTACATGG,0,2323150
mglBp,0.3333333333333333,2,2,TCCCTGTCCAAGTTTATGCA,0,2336494
mglBp,0.3333333333333333,2,2,TCCCTCCTTATACGGTATGG,0,2371674
mglBp,0.3333333333333333,2,2,TCCCTAGATTTAGGACGTAC,0,2348692
mglBp,0.3333333333333333,2,2,TCCCGTACTCATCCTGGAGA,0,2331265
mglBp,0.3333333333333333,2,2,TCCCGGGCGGGCGTATGTGT,0,2334602
mglBp,0.3333333333333333,2,2,TCCCGGCCTTAGCTCACGTT,0,2390826
mglBp,0.3333333333333333,2,2,TCCCGAGCTCAGCCTAAGTA,0,2411018
mglBp,0.3333333333333333,2,2,TCCCCGCACCAAGGGTATGC,0,2338656
mglBp,0.3333333333333333,2,2,TCCCCGATTATACAGCACTG,0,2404095
mglBp,0.3333333333333333,2,2,TCCCAGGGGAACAGAATAAG,0,2354669
mglBp,0.3333333333333333,2,2,TCCCAGCGCCACGTTGGGGG,0,2332741
mglBp,0.3333333333333333,2,2,TCCCAAGTACTATAGCGGAT,0,2386604
mglBp,0.3333333333333333,2,2,TCCATGAAAAGATCCTGCAG,0,2341830
mglBp,0.3333333333333333,2,2,TCCAGGTAACTACTAGGAGC,0,2385423
mglBp,0.3333333333333333,2,2,TCCAGATTCTGGCGAACTGA,0,2389083
mglBp,0.3333333333333333,2,2,TCCACCTCAGACACGAAATA,0,2357903
mglBp,0.3333333333333333,2,2,TCCACCAGACATCGTGACTG,0,2334297
mglBp,0.3333333333333333,2,2,TCCACATTCCGGAGACCGCC,0,2355449
mglBp,0.3333333333333333,2,2,TCCACACTCCCAGGCGGGAT,0,2374998
mglBp,0.3333333333333333,2,2,TCCACACCGGCTGGATATGT,0,2351741
mglBp,0.3333333333333333,2,2,TCCAACCAGAAGATACACGG,0,2411974
mglBp,0.3333333333333333,2,2,TCCAACAAGATTAGGGTACT,0,2327973
mglBp,0.3333333333333333,2,2,TCCAAATGGCATATCCCCAC,0,2386950
mglBp,0.3333333333333333,2,2,TCCAAATAGGCGGCTTCGAT,0,2385245
mglBp,0.3333333333333333,2,2,TCATTTGCACTCTCCATCCG,0,2347989
mglBp,0.3333333333333333,2,2,TCATTCGTTAAGGGGGTTAT,0,2391580
mglBp,0.3333333333333333,2,2,TCATGCCAGTTCACGTAGAG,0,2332073
mglBp,0.3333333333333333,2,2,TCATGACGTGGTTAGCGTAG,0,2422154
mglBp,0.3333333333333333,2,2,TCATCGCTGATCTTAATATT,0,2413535
mglBp,0.3333333333333333,2,2,TCATCATTACGACTCTTCCT,0,2371613
mglBp,0.3333333333333333,2,2,TCATACTCGGAAGGCTCATG,0,2386532
mglBp,0.3333333333333333,2,2,TCATACGGATCGTAATAATA,0,2393303
mglBp,0.3333333333333333,2,2,TCATACCGAATTACGGGCTA,0,2347255
mglBp,0.3333333333333333,2,2,TCAGTCCATAATATGCTCGG,0,2370018
mglBp,0.3333333333333333,2,2,TCAGTCATGGGGGACCATGG,0,2320830
mglBp,0.3333333333333333,2,2,TCAGGGTGGACCGACCGAAC,0,2402471
mglBp,0.3333333333333333,2,2,TCAGGCCAAGCCGCTCACGT,0,2406140
mglBp,0.3333333333333333,2,2,TCAGGCAGGGGGCGCTTTGC,0,2332689
mglBp,0.3333333333333333,2,2,TCAGCCGCTTACAGGTAGGT,0,2370849
mglBp,0.3333333333333333,2,2,TCAGATGAAAGACTTTGTAT,0,2351416
mglBp,0.3333333333333333,2,2,TCAGAGGGTACGGAACATAC,0,2360870
mglBp,0.3333333333333333,2,2,TCAGACACTATTTATAGGCC,0,2333478
mglBp,0.3333333333333333,2,2,TCACTTCGTCGGTCAATGGC,0,2362717
mglBp,0.3333333333333333,2,2,TCACGTTTCAGTGTGAACTA,0,2377048
mglBp,0.3333333333333333,2,2,TCACGTCGAGGTATTAAACT,0,2355176
mglBp,0.3333333333333333,2,2,TCACGGCACACTTTTTGTAA,0,2404305
mglBp,0.3333333333333333,2,2,TCACGGAATAAACCCTGCCC,0,2391674
mglBp,0.3333333333333333,2,2,TCACGCCGGTTTCTGGCGAA,0,2405228
mglBp,0.3333333333333333,2,2,TCACGCATCGTGACCCTCCT,0,2423273
mglBp,0.3333333333333333,2,2,TCACCTAGGCCAACGTGGCT,0,2420502
mglBp,0.3333333333333333,2,2,TCACCGATACCGGGCAGCCA,0,2406682
mglBp,0.3333333333333333,2,2,TCACCCCATGAAACTTACCA,0,2394249
mglBp,0.3333333333333333,2,2,TCACCAAATCGCGCAGGATC,0,2416577
mglBp,0.3333333333333333,2,2,TCACAGATTGATAAACAAAT,0,2329070
mglBp,0.3333333333333333,2,2,TCACAGAACCTAGAATGTAT,0,2344379
mglBp,0.3333333333333333,2,2,TCACACCGGTATGTGAATTA,0,2333152
mglBp,0.3333333333333333,2,2,TCAATTACCAGAAGGGCACA,0,2390928
mglBp,0.3333333333333333,2,2,TCAATCTTAGATTGACAAAC,0,2341379
mglBp,0.3333333333333333,2,2,TCAAGTGCGATTATTTGCCT,0,2376042
mglBp,0.3333333333333333,2,2,TCAAGTCGGGGGTGGATAAT,0,2391998
mglBp,0.3333333333333333,2,2,TCAAGGGACAATGGTCCAAT,0,2320537
mglBp,0.3333333333333333,2,2,TCAAGGAAGGTTTTGCGCGT,0,2420166
mglBp,0.3333333333333333,2,2,TCAAGATGGGGAACTGTGCA,0,2388998
mglBp,0.3333333333333333,2,2,TCAAGAGCCCGATGCAAGGC,0,2392895
mglBp,0.3333333333333333,2,2,TCAAATGGCGGAGCTGACAC,0,2406811
mglBp,0.3333333333333333,2,2,TCAAAGAGAGAAGATACGAT,0,2386775
mglBp,0.3333333333333333,2,2,TCAAAGAACGGGTCCAGCGG,0,2339626
mglBp,0.3333333333333333,2,2,TCAAACCGTTGATCGTGATG,0,2404385
mglBp,0.3333333333333333,2,2,TCAAACCGTAGCGAACGCGA,0,2390660
mglBp,0.3333333333333333,2,2,TATTTGCTAGACATGCCTGA,0,2411016
mglBp,0.3333333333333333,2,2,TATTTCCTTCTAGGGGCAGC,0,2374592
mglBp,0.3333333333333333,2,2,TATTGCTATACCGTTCTAAG,0,2368077
mglBp,0.3333333333333333,2,2,TATTCTTCAATCAGTACTTG,0,2319848
mglBp,0.3333333333333333,2,2,TATTCTTATGGGTGGTTCCG,0,2371546
mglBp,0.3333333333333333,2,2,TATTCTAGAGGCGTTTGGCC,0,2374723
mglBp,0.3333333333333333,2,2,TATTCTAATGGCTCGACCCA,0,2349130
mglBp,0.3333333333333333,2,2,TATTCAGGCTTACGCTCAAA,0,2384196
mglBp,0.3333333333333333,2,2,TATTAGTAGGGATTTAATCC,0,2399582
mglBp,0.3333333333333333,2,2,TATTAAAAGCACGGGATTCA,0,2370774
mglBp,0.3333333333333333,2,2,TATGTTTTATGATCATGGTT,0,2372041
mglBp,0.3333333333333333,2,2,TATGTTCAATGCATGCGCGA,0,2367203
mglBp,0.3333333333333333,2,2,TATGTCATATCTGGAAATTT,0,2383475
mglBp,0.3333333333333333,2,2,TATGGTTTATTGTCTATTGC,0,2405330
mglBp,0.3333333333333333,2,2,TATGGGGCAGCGAACGCAAT,0,2415762
mglBp,0.3333333333333333,2,2,TATGGCTGCCCCATTCCAGC,0,2404330
mglBp,0.3333333333333333,2,2,TATGGATTGGGGTCGTTGAT,0,2399711
mglBp,0.3333333333333333,2,2,TATGCCAGGGATACACTGAT,0,2392036
mglBp,0.3333333333333333,2,2,TATGATCCGGGGTTTAGCAT,0,2333986
mglBp,0.3333333333333333,2,2,TATGATACAGATAAGTATGC,0,2386858
mglBp,0.3333333333333333,2,2,TATGAGTGAAAGAGAATAAT,0,2342358
mglBp,0.3333333333333333,2,2,TATGAACATCCAGGACCTGG,0,2358044
mglBp,0.3333333333333333,2,2,TATCTGTTCATGTTTCGGAC,0,2342727
mglBp,0.3333333333333333,2,2,TATCTCGCCTCATCCACGAA,0,2346008
mglBp,0.3333333333333333,2,2,TATCTCCACCACATTAGAGG,0,2417516
mglBp,0.3333333333333333,2,2,TATCTCAGCTGGCTGGTTTG,0,2359667
mglBp,0.3333333333333333,2,2,TATCGTAAGATATATGCGCA,0,2358061
mglBp,0.3333333333333333,2,2,TATCGGTGTCAGAATCGGAC,0,2362147
mglBp,0.3333333333333333,2,2,TATCCTCTTCACCGCTCATA,0,2414614
mglBp,0.3333333333333333,2,2,TATCCGACGGTTCGGATACT,0,2392275
mglBp,0.3333333333333333,2,2,TATCCGACCAATCAAGTCAG,0,2322143
mglBp,0.3333333333333333,2,2,TATCCCGGGTCAGCCTGTTG,0,2391976
mglBp,0.3333333333333333,2,2,TATCCCAATTCAGTTTGACA,0,2346027
mglBp,0.3333333333333333,2,2,TATCCATCGGTTGCGCCTCT,0,2395995
mglBp,0.3333333333333333,2,2,TATCATTATCGCAACATAAA,0,2410750
mglBp,0.3333333333333333,2,2,TATCATCACCTCCTTTTGTG,0,2410686
mglBp,0.3333333333333333,2,2,TATATTTGTAATTGGCGGAC,0,2422708
mglBp,0.3333333333333333,2,2,TATATACCGGCTGGAGGTGG,0,2419435
mglBp,0.3333333333333333,2,2,TATAGTCTCGTAGGATCCAA,0,2322778
mglBp,0.3333333333333333,2,2,TATAGGGCCCTTTTGTGATG,0,2323878
mglBp,0.3333333333333333,2,2,TATACACCTACGAGGGTGGG,0,2320605
mglBp,0.3333333333333333,2,2,TATAAGTCTTATATTTAACC,0,2360349
mglBp,0.3333333333333333,2,2,TATAAGTCAGACCTCGGAAC,0,2379514
mglBp,0.3333333333333333,2,2,TATAACTATTGACCTGGAGC,0,2366090
mglBp,0.3333333333333333,2,2,TATAAACATTTTCCATGATC,0,2332551
mglBp,0.3333333333333333,2,2,TAGGTTGCGCCCCAATTCTA,0,2354401
mglBp,0.3333333333333333,2,2,TAGGTGGGGCATCGGAGTAC,0,2369911
mglBp,0.3333333333333333,2,2,TAGGTGACATAGTGGCAAAC,0,2333328
mglBp,0.3333333333333333,2,2,TAGGGTAATAGGGTGACAAA,0,2319307
mglBp,0.3333333333333333,2,2,TAGGGGTTGGTGTCACCCTG,0,2394946
mglBp,0.3333333333333333,2,2,TAGGGCGGCCATTTGAGGTT,0,2349468
mglBp,0.3333333333333333,2,2,TAGGGCGGACCACTCACCGC,0,2376307
mglBp,0.3333333333333333,2,2,TAGGCGGACGCGGATGAAGC,0,2384666
mglBp,0.3333333333333333,2,2,TAGGCGCGTCGTGATGAGGA,0,2388323
mglBp,0.3333333333333333,2,2,TAGGCGACAAGCATTGGTAG,0,2400377
mglBp,0.3333333333333333,2,2,TAGGCCAACCCCACAATGTG,0,2359917
mglBp,0.3333333333333333,2,2,TAGGCAGTCGCCGTATTCCG,0,2341726
mglBp,0.3333333333333333,2,2,TAGGCAGTCCGGACAAGGCG,0,2323358
mglBp,0.3333333333333333,2,2,TAGGCACTTGCGCAGTTAAA,0,2395479
mglBp,0.3333333333333333,2,2,TAGGCAATTGTGTAACAGCC,0,2344595
mglBp,0.3333333333333333,2,2,TAGGAATAGAAACAATTGCG,0,2371001
mglBp,0.3333333333333333,2,2,TAGGAACTCGCGTGAACATT,0,2404691
mglBp,0.3333333333333333,2,2,TAGCTGTGCACACGGTTTCT,0,2357843
mglBp,0.3333333333333333,2,2,TAGCTCCGCCGGCTCCCGTT,0,2385168
mglBp,0.3333333333333333,2,2,TAGCTCCAAGCTCATCAGTC,0,2336659
mglBp,0.3333333333333333,2,2,TAGCGGGTCCGGCCTTCCAC,0,2333880
mglBp,0.3333333333333333,2,2,TAGCGGCGTCAGAGGCAGAT,0,2366421
mglBp,0.3333333333333333,2,2,TAGCGCGGCGCCTTAAATGA,0,2413776
mglBp,0.3333333333333333,2,2,TAGCGCGAATTCTACCCTGT,0,2320643
mglBp,0.3333333333333333,2,2,TAGCCACCGTCATGTCCAAA,0,2327534
mglBp,0.3333333333333333,2,2,TAGCAGAGATCTCCACTTGT,0,2401573
mglBp,0.3333333333333333,2,2,TAGCAACGGCTCAACACTTG,0,2392675
mglBp,0.3333333333333333,2,2,TAGATTGCATTAGTGACGCA,0,2324159
mglBp,0.3333333333333333,2,2,TAGATTCAAACTAGGGCCGC,0,2381722
mglBp,0.3333333333333333,2,2,TAGATCATGATGTTTTCGCG,0,2412420
mglBp,0.3333333333333333,2,2,TAGAGTCAAGAACGAAGTGC,0,2377574
mglBp,0.3333333333333333,2,2,TAGAGGTATGCTGTTTCCGA,0,2407705
mglBp,0.3333333333333333,2,2,TAGAGGAATCGCGAGCGACT,0,2348240
mglBp,0.3333333333333333,2,2,TAGACTTGCGTGGTTAGTTG,0,2383435
mglBp,0.3333333333333333,2,2,TAGACCAGCAGAAGTAGGGT,0,2415735
mglBp,0.3333333333333333,2,2,TAGACACGAGATTGGTGGCA,0,2367052
mglBp,0.3333333333333333,2,2,TAGACACCGGTAGTTTACGG,0,2349801
mglBp,0.3333333333333333,2,2,TAGAATAACCAATCGTCAGT,0,2352532
mglBp,0.3333333333333333,2,2,TACTTGACTTCGCGCAGGCA,0,2334213
mglBp,0.3333333333333333,2,2,TACTGCTGCTTCAAGACTCC,0,2360053
mglBp,0.3333333333333333,2,2,TACTCCCAAGGGTCTTATAT,0,2382414
mglBp,0.3333333333333333,2,2,TACTACCGTGGTAGGTTATT,0,2377324
mglBp,0.3333333333333333,2,2,TACTAAGATGGCAACCGTAA,0,2330205
mglBp,0.3333333333333333,2,2,TACGTTGAAAAAGAATCTGG,0,2319500
mglBp,0.3333333333333333,2,2,TACGGCAACACCGCTATGAT,0,2353164
mglBp,0.3333333333333333,2,2,TACGGAACTTCGCGACACGA,0,2371048
mglBp,0.3333333333333333,2,2,TACGCTGAAATTGTTCTGAC,0,2413938
mglBp,0.3333333333333333,2,2,TACGCGGTATCTCAAGATAA,0,2327944
mglBp,0.3333333333333333,2,2,TACGCGGATGGCATAGAATG,0,2353595
mglBp,0.3333333333333333,2,2,TACGCGCGAATTGACCCGGA,0,2347747
mglBp,0.3333333333333333,2,2,TACGCCTCACGGGTACCATT,0,2404075
mglBp,0.3333333333333333,2,2,TACGCAGAGGTTACATATGT,0,2421087
mglBp,0.3333333333333333,2,2,TACGCAAAGCGAAGTACTCC,0,2407320
mglBp,0.3333333333333333,2,2,TACGATCAGCCACACCCTTG,0,2404345
mglBp,0.3333333333333333,2,2,TACGAAACCCTGCATCAGTG,0,2370482
mglBp,0.3333333333333333,2,2,TACCTTCGTAAAGCTGGGTC,0,2383955
mglBp,0.3333333333333333,2,2,TACCTGAACTGAGAATGTTT,0,2415173
mglBp,0.3333333333333333,2,2,TACCTCTTATCAGCTTCTTC,0,2371782
mglBp,0.3333333333333333,2,2,TACCTCTCTGGCCTTATGGT,0,2403357
mglBp,0.3333333333333333,2,2,TACCGTTACATAGAGCTTAA,0,2333356
mglBp,0.3333333333333333,2,2,TACCGGCCGAGGTAGGTAGG,0,2332805
mglBp,0.3333333333333333,2,2,TACCGGAGGACTAAACCGGG,0,2402943
mglBp,0.3333333333333333,2,2,TACCGCCGACCGAATACGTT,0,2333204
mglBp,0.3333333333333333,2,2,TACCGATAGCTTAGCCGCCA,0,2358398
mglBp,0.3333333333333333,2,2,TACCCTTTGAAAGTGTCCTG,0,2342150
mglBp,0.3333333333333333,2,2,TACCCTTCGAAACCGGATGG,0,2391918
mglBp,0.3333333333333333,2,2,TACCCCAGGCGGTACCTGGT,0,2372658
mglBp,0.3333333333333333,2,2,TACCATGACCTCAAAATCGC,0,2351341
mglBp,0.3333333333333333,2,2,TACCAGACAAAAACACAATA,0,2351194
mglBp,0.3333333333333333,2,2,TACATACTCGCTGTTCCATA,0,2388864
mglBp,0.3333333333333333,2,2,TACATAACGCTCTCTGTCAA,0,2343838
mglBp,0.3333333333333333,2,2,TACAGGTAGGGACTACGCTC,0,2333476
mglBp,0.3333333333333333,2,2,TACAGGGATTAGATCGCGAG,0,2382096
mglBp,0.3333333333333333,2,2,TACAGGATTTACCGTGACAC,0,2336637
mglBp,0.3333333333333333,2,2,TACAGGAGCATGCGTGTTAT,0,2368384
mglBp,0.3333333333333333,2,2,TACAGCGGAGAGCGGAGGCA,0,2361284
mglBp,0.3333333333333333,2,2,TACACTGTGCTTTATGTATA,0,2326381
mglBp,0.3333333333333333,2,2,TACAATGCTTCGCAGGCATT,0,2366057
mglBp,0.3333333333333333,2,2,TACAAGCGGGTTACAGCACA,0,2323333
mglBp,0.3333333333333333,2,2,TACAACCGCCAGTACCTAAA,0,2352019
mglBp,0.3333333333333333,2,2,TACAACATAGACACTTAATT,0,2399510
mglBp,0.3333333333333333,2,2,TACAACACCTCTACATTGAG,0,2410565
mglBp,0.3333333333333333,2,2,TACAAACGTATCTTGCTAGT,0,2357279
mglBp,0.3333333333333333,2,2,TAATTTTGTTTTGCCGCCCG,0,2403671
mglBp,0.3333333333333333,2,2,TAATTTTCTTCCTCCTGGTC,0,2383076
mglBp,0.3333333333333333,2,2,TAATTGGGGCGTTTTACTCG,0,2335845
mglBp,0.3333333333333333,2,2,TAATTCTAGGCTTCCTTTAG,0,2316892
mglBp,0.3333333333333333,2,2,TAATGGGCGCTTCTGCAACT,0,2416551
mglBp,0.3333333333333333,2,2,TAATGGCAATAGCCTAGGGC,0,2317331
mglBp,0.3333333333333333,2,2,TAATGCTACCACGAGATAGT,0,2412624
mglBp,0.3333333333333333,2,2,TAATCGTCAATTGCTTGAAG,0,2404912
mglBp,0.3333333333333333,2,2,TAATCGAGCTGCGGATGTAG,0,2321361
mglBp,0.3333333333333333,2,2,TAATCCTCGTAATTCGTGAT,0,2365290
mglBp,0.3333333333333333,2,2,TAATCCACAGAGGTAATTGC,0,2376031
mglBp,0.3333333333333333,2,2,TAATCAGGTGACCGTAAAGT,0,2333223
mglBp,0.3333333333333333,2,2,TAATAGCGGGGCCGAAATAA,0,2326544
mglBp,0.3333333333333333,2,2,TAATAGACATCGTGGTGCGA,0,2365288
mglBp,0.3333333333333333,2,2,TAAGTTACGTCCCCGACCCC,0,2333458
mglBp,0.3333333333333333,2,2,TAAGTCTCAGGACACAGTAC,0,2328250
mglBp,0.3333333333333333,2,2,TAAGCTCTAGAGGCTCCCCG,0,2325579
mglBp,0.3333333333333333,2,2,TAAGAGGGAACCACCATAGT,0,2404376
mglBp,0.3333333333333333,2,2,TAAGACTGTTGTAACAACTA,0,2369983
mglBp,0.3333333333333333,2,2,TAACTGTGGAAACGAGCATA,0,2319704
mglBp,0.3333333333333333,2,2,TAACTGCCGTTTGTAGCATG,0,2385140
mglBp,0.3333333333333333,2,2,TAACTCTGAGTAGATGTTTT,0,2353784
mglBp,0.3333333333333333,2,2,TAACGTCGCATGTCTCCTGT,0,2321938
mglBp,0.3333333333333333,2,2,TAACGGGCAGATGCTTCGGC,0,2334965
mglBp,0.3333333333333333,2,2,TAACATATGCGGTATCATCA,0,2362386
mglBp,0.3333333333333333,2,2,TAACAGGCGCTCCAGCTGTC,0,2371243
mglBp,0.3333333333333333,2,2,TAACACAGACATCTCCGGGA,0,2386325
mglBp,0.3333333333333333,2,2,TAACAACATTAGACCAGGCA,0,2323449
mglBp,0.3333333333333333,2,2,TAAATTCCGGTATCTCGGCG,0,2363927
mglBp,0.3333333333333333,2,2,TAAATGACATTAAGCTAATG,0,2324644
mglBp,0.3333333333333333,2,2,TAAATGAATCGTTTATGCAC,0,2379713
mglBp,0.3333333333333333,2,2,TAAATAGGTCTGTTTGCGTA,0,2344093
mglBp,0.3333333333333333,2,2,TAAATACATGCGTCCTGGGA,0,2352181
mglBp,0.3333333333333333,2,2,TAAAGGGGAACTAAAAGAAA,0,2370697
mglBp,0.3333333333333333,2,2,TAAAGCGTCGAGGGCACCGG,0,2414225
mglBp,0.3333333333333333,2,2,TAAAGCAGGAGCGCACGAGG,0,2416971
mglBp,0.3333333333333333,2,2,TAAAGAGCCCCCCTGAAAAC,0,2414518
mglBp,0.3333333333333333,2,2,TAAACGGGCTAGATCAAGTT,0,2414218
mglBp,0.3333333333333333,2,2,TAAACGCTACCGAAGGGGCA,0,2373449
mglBp,0.3333333333333333,2,2,TAAACGCGCCTAACATCTGA,0,2351019
mglBp,0.3333333333333333,2,2,TAAACGACCCAAGGCCAATA,0,2415578
mglBp,0.3333333333333333,2,2,TAAAAGTTACGGATCAAGAT,0,2393350
mglBp,0.3333333333333333,2,2,TAAAAGGTATCACCTATAAT,0,2422544
mglBp,0.3333333333333333,2,2,TAAAAGGAGTATGTTCGATT,0,2364849
mglBp,0.3333333333333333,2,2,TAAAAAACCATTCAAGCCCT,0,2343707
mglBp,0.3333333333333333,2,2,GTTTTTTGATCCTTAGCAGC,0,2400269
mglBp,0.3333333333333333,2,2,GTTTTTGCACTGACGGCCGG,0,2358323
mglBp,0.3333333333333333,2,2,GTTTTCCAGCGTAACACGGC,0,2373142
mglBp,0.3333333333333333,2,2,GTTTTCCACAACGGACCGAA,0,2423185
mglBp,0.3333333333333333,2,2,GTTTTCATCCATTGGGCTAG,0,2356253
mglBp,0.3333333333333333,2,2,GTTTTACTTTTGAACAACAG,0,2365971
mglBp,0.3333333333333333,2,2,GTTTTACCGGCATCCCCGAG,0,2331814
mglBp,0.3333333333333333,2,2,GTTTGTGGGTGTCTTACCCC,0,2339341
mglBp,0.3333333333333333,2,2,GTTTGGGGGAAGGTGCTAGT,0,2358063
mglBp,0.3333333333333333,2,2,GTTTGCTTTCACGGAATGAT,0,2357257
mglBp,0.3333333333333333,2,2,GTTTGCGCCGCGTATCATCT,0,2328026
mglBp,0.3333333333333333,2,2,GTTTGCCCGAAGCTCGCCGT,0,2360230
mglBp,0.3333333333333333,2,2,GTTTGATGCTACTATGGCTC,0,2383744
mglBp,0.3333333333333333,2,2,GTTTCTCCTGCCTGAAAAGA,0,2385574
mglBp,0.3333333333333333,2,2,GTTTCATTGGGAGAACGTCA,0,2417306
mglBp,0.3333333333333333,2,2,GTTTCAAATCATGTCTCTAG,0,2321839
mglBp,0.3333333333333333,2,2,GTTGTTCGCAGGGGTGAGAT,0,2364711
mglBp,0.3333333333333333,2,2,GTTGTCGTTGGCTCGAACAG,0,2361491
mglBp,0.3333333333333333,2,2,GTTGTATGGGTTTGAGCCGG,0,2363708
mglBp,0.3333333333333333,2,2,GTTGGCCATCCTTACGAAGT,0,2400645
mglBp,0.3333333333333333,2,2,GTTGGATCCCCGGCCCCTCG,0,2389477
mglBp,0.3333333333333333,2,2,GTTGGAAATCGCGTATAGAT,0,2328719
mglBp,0.3333333333333333,2,2,GTTGCATGTGAATAAGCATA,0,2359455
mglBp,0.3333333333333333,2,2,GTTGCACTGCAGAGGGTCTG,0,2409760
mglBp,0.3333333333333333,2,2,GTTGCAAAGAGCGAGGGCTG,0,2405054
mglBp,0.3333333333333333,2,2,GTTGATGATAGTACCTTAGG,0,2382219
mglBp,0.3333333333333333,2,2,GTTGAGATTGGAATTAAAAT,0,2385762
mglBp,0.3333333333333333,2,2,GTTGACCAGAATTACGGGCC,0,2403752
mglBp,0.3333333333333333,2,2,GTTCTGCATCGGAGTCACGC,0,2317990
mglBp,0.3333333333333333,2,2,GTTCTCGTACATTCTGACTT,0,2392347
mglBp,0.3333333333333333,2,2,GTTCGAAGTGTACCTTCATC,0,2375936
mglBp,0.3333333333333333,2,2,GTTCCTACACAGGTAAGTCT,0,2351088
mglBp,0.3333333333333333,2,2,GTTCCACATACCAGCTGCGG,0,2360689
mglBp,0.3333333333333333,2,2,GTTCATTCTCATAGGTTTAT,0,2405540
mglBp,0.3333333333333333,2,2,GTTCATTATCTACTTTCCAT,0,2422672
mglBp,0.3333333333333333,2,2,GTTCAGGCAGTACTCTGACA,0,2330358
mglBp,0.3333333333333333,2,2,GTTCACATGTGCGGACTCTC,0,2374857
mglBp,0.3333333333333333,2,2,GTTCAATCTTATGCCTGACT,0,2355430
mglBp,0.3333333333333333,2,2,GTTATGTTGTCAAAGAGAAG,0,2383841
mglBp,0.3333333333333333,2,2,GTTATGCATTCGTAATCGTT,0,2325341
mglBp,0.3333333333333333,2,2,GTTATGAGAGCGCCCCTTTA,0,2420715
mglBp,0.3333333333333333,2,2,GTTAGTGACGAGAGCTGTAG,0,2392327
mglBp,0.3333333333333333,2,2,GTTAGTCAAGTACCATAGAG,0,2413668
mglBp,0.3333333333333333,2,2,GTTAGGTAGAATATCTGTTC,0,2404252
mglBp,0.3333333333333333,2,2,GTTAGCCATCCAAGCGCACT,0,2421056
mglBp,0.3333333333333333,2,2,GTTACTGTAAACCCGGCCCA,0,2377820
mglBp,0.3333333333333333,2,2,GTTACTCTAGAACCGGACCC,0,2384723
mglBp,0.3333333333333333,2,2,GTTACGCAGATCGGCCATGT,0,2343574
mglBp,0.3333333333333333,2,2,GTGTTGTTAGGTGAATACGT,0,2333737
mglBp,0.3333333333333333,2,2,GTGTTGTGAAGATGGCGTCA,0,2401954
mglBp,0.3333333333333333,2,2,GTGTTGATATGTGTGCAATC,0,2393494
mglBp,0.3333333333333333,2,2,GTGTTCAGTTGAGCATTGGA,0,2403256
mglBp,0.3333333333333333,2,2,GTGTTAGCCATTGTCAGGAT,0,2372838
mglBp,0.3333333333333333,2,2,GTGTGATATAGTGAGTGCTC,0,2372270
mglBp,0.3333333333333333,2,2,GTGTCAATGCGACACTAAAA,0,2386194
mglBp,0.3333333333333333,2,2,GTGTCAATAAGTCACAAACT,0,2374901
mglBp,0.3333333333333333,2,2,GTGTATTGTCGTCTTAGAAT,0,2406372
mglBp,0.3333333333333333,2,2,GTGTAGGCGGTTCTACCAAA,0,2398941
mglBp,0.3333333333333333,2,2,GTGTACTCATGTAACAAGAG,0,2344070
mglBp,0.3333333333333333,2,2,GTGTACCTTGGCTGGGAGGG,0,2390642
mglBp,0.3333333333333333,2,2,GTGTACCAAGGGCCCTCATA,0,2327184
mglBp,0.3333333333333333,2,2,GTGTAAAGGTCACTGTAGAT,0,2341523
mglBp,0.3333333333333333,2,2,GTGTAAAGCGAGTAACCCAC,0,2395875
mglBp,0.3333333333333333,2,2,GTGTAAAAGTTAATGGATGC,0,2332253
mglBp,0.3333333333333333,2,2,GTGGTTCTGCTAAGTCATAC,0,2423259
mglBp,0.3333333333333333,2,2,GTGGTGTAAGGGTCATGAAG,0,2387837
mglBp,0.3333333333333333,2,2,GTGGTACCTCGTCACAAAAA,0,2408423
mglBp,0.3333333333333333,2,2,GTGGGGGGGAACCGGGTTAC,0,2363347
mglBp,0.3333333333333333,2,2,GTGGGACCTGTCTTATGCAA,0,2351645
mglBp,0.3333333333333333,2,2,GTGGCCTTTACTCCCTTGAA,0,2384788
mglBp,0.3333333333333333,2,2,GTGGAGTACTTAGGTAGCCA,0,2348677
mglBp,0.3333333333333333,2,2,GTGGAGCGCGATAGAAGCCC,0,2420288
mglBp,0.3333333333333333,2,2,GTGGAATCATATTATTTTAA,0,2394047
mglBp,0.3333333333333333,2,2,GTGCTGTGAACACGCGCTTC,0,2396866
mglBp,0.3333333333333333,2,2,GTGCTCGATACGTCATGTGT,0,2413854
mglBp,0.3333333333333333,2,2,GTGCTCCTGAACTTTAACGT,0,2407496
mglBp,0.3333333333333333,2,2,GTGCGTCCGTCCCGCTTTTT,0,2330486
mglBp,0.3333333333333333,2,2,GTGCGGGGAGCGAAGAGTGG,0,2361051
mglBp,0.3333333333333333,2,2,GTGCGATATATGCTGTTGGT,0,2397198
mglBp,0.3333333333333333,2,2,GTGCCTGATCTGGCCAGTCG,0,2390017
mglBp,0.3333333333333333,2,2,GTGCCGTTGCACACGGACCA,0,2369118
mglBp,0.3333333333333333,2,2,GTGCCGGTATATAGACTAAG,0,2384777
mglBp,0.3333333333333333,2,2,GTGCAGACGCGGATTTATCT,0,2396279
mglBp,0.3333333333333333,2,2,GTGCACAGTAAAAGGTTGTG,0,2391400
mglBp,0.3333333333333333,2,2,GTGCAACGTGAGCTGTCCGG,0,2346005
mglBp,0.3333333333333333,2,2,GTGATTCTCAGTTTTGAGCC,0,2377016
mglBp,0.3333333333333333,2,2,GTGATGCCTTCCCGATACTC,0,2323740
mglBp,0.3333333333333333,2,2,GTGATACGATTTCTTGCCAT,0,2371795
mglBp,0.3333333333333333,2,2,GTGAGTCGGGAATTGTGTTA,0,2354945
mglBp,0.3333333333333333,2,2,GTGACTTCCAATAACCCGGT,0,2387087
mglBp,0.3333333333333333,2,2,GTGACTCAATTTCCGGATGG,0,2386796
mglBp,0.3333333333333333,2,2,GTGACGACTGCGGTGCGGTA,0,2377873
mglBp,0.3333333333333333,2,2,GTGACCGGATCGAGTGTCTT,0,2382712
mglBp,0.3333333333333333,2,2,GTGAATATTATCCCCTGCCA,0,2416244
mglBp,0.3333333333333333,2,2,GTGAAGGTTGGGCAAACTCA,0,2330190
mglBp,0.3333333333333333,2,2,GTGAAATGGAGCGCATACGT,0,2400015
mglBp,0.3333333333333333,2,2,GTGAAAATTTCCCAGCTAGA,0,2321675
mglBp,0.3333333333333333,2,2,GTCTTTGCGGACAGCGGAAT,0,2365241
mglBp,0.3333333333333333,2,2,GTCTTGGCCTCGGGTTCGAG,0,2323953
mglBp,0.3333333333333333,2,2,GTCTTACATCTTGATAGGGA,0,2388028
mglBp,0.3333333333333333,2,2,GTCTGTGACACAGCCTATGT,0,2367327
mglBp,0.3333333333333333,2,2,GTCTGTCTCGTAGAGCACCA,0,2323630
mglBp,0.3333333333333333,2,2,GTCTGATGGTCCAAATCCGT,0,2347034
mglBp,0.3333333333333333,2,2,GTCTGAAAGATAGCCCACCT,0,2366571
mglBp,0.3333333333333333,2,2,GTCTCGCACTGCCCAATTAC,0,2333467
mglBp,0.3333333333333333,2,2,GTCTCGACGCTGCCACCGTG,0,2375011
mglBp,0.3333333333333333,2,2,GTCTCAGTCCGAGGCCCCAT,0,2370645
mglBp,0.3333333333333333,2,2,GTCTATAATCGCGCTCATAG,0,2375285
mglBp,0.3333333333333333,2,2,GTCTAACCTTTGGGATCAAG,0,2399671
mglBp,0.3333333333333333,2,2,GTCTAAAATTCTTTATATAT,0,2370910
mglBp,0.3333333333333333,2,2,GTCGTTTTCACACCACTGGA,0,2350681
mglBp,0.3333333333333333,2,2,GTCGTACTTTCTTTCTTGCA,0,2366117
mglBp,0.3333333333333333,2,2,GTCGGACATCGCCAGGCATT,0,2416026
mglBp,0.3333333333333333,2,2,GTCGCGTAGTCCTACCTCAT,0,2327759
mglBp,0.3333333333333333,2,2,GTCGCAGGGGGCGCCTCGTC,0,2412515
mglBp,0.3333333333333333,2,2,GTCGCAGCCGGGTAGCGCAT,0,2360377
mglBp,0.3333333333333333,2,2,GTCGATGACTCCCTGGCTAA,0,2339076
mglBp,0.3333333333333333,2,2,GTCGATCTCACCAGCCACCT,0,2353499
mglBp,0.3333333333333333,2,2,GTCGAACATCTTCGCTTTAG,0,2402232
mglBp,0.3333333333333333,2,2,GTCCGGGTAAGTCGTCAAGG,0,2408617
mglBp,0.3333333333333333,2,2,GTCCGGAAATCTCCGTGCGA,0,2423727
mglBp,0.3333333333333333,2,2,GTCCGCTTACTTTCTACAGG,0,2399740
mglBp,0.3333333333333333,2,2,GTCCGCGGAAGCTACTAATC,0,2344525
mglBp,0.3333333333333333,2,2,GTCCGCCCTTTTGAGGGCTG,0,2409351
mglBp,0.3333333333333333,2,2,GTCCGCCAATAGCACGAAGT,0,2349513
mglBp,0.3333333333333333,2,2,GTCCCTGCTCAACATGTAAA,0,2394386
mglBp,0.3333333333333333,2,2,GTCCCGATTGGTGGCGCGGG,0,2344977
mglBp,0.3333333333333333,2,2,GTCCCCTCAGTTCGATCTTT,0,2371705
mglBp,0.3333333333333333,2,2,GTCCCAACATAAACGGCACT,0,2348098
mglBp,0.3333333333333333,2,2,GTCCCAACAGATTACAAACG,0,2391072
mglBp,0.3333333333333333,2,2,GTCCACCACCGGATTCTTCA,0,2404521
mglBp,0.3333333333333333,2,2,GTCATCTCGCTTGTGAATAC,0,2361921
mglBp,0.3333333333333333,2,2,GTCATCTACGAGCCTCACTT,0,2391015
mglBp,0.3333333333333333,2,2,GTCATAGATCAAGGTATAGG,0,2378284
mglBp,0.3333333333333333,2,2,GTCATACAAAGATGATAATA,0,2345301
mglBp,0.3333333333333333,2,2,GTCAGGAGCGGTGCGCGTAC,0,2405644
mglBp,0.3333333333333333,2,2,GTCACGGTACAACGCAATTA,0,2341289
mglBp,0.3333333333333333,2,2,GTCACCCATCACACTGTCTA,0,2350728
mglBp,0.3333333333333333,2,2,GTCACAGGTACAGCAAGTAC,0,2317404
mglBp,0.3333333333333333,2,2,GTCACAATGGGACACGCCGT,0,2356524
mglBp,0.3333333333333333,2,2,GTCAATTTGAGGGTCACGAT,0,2387413
mglBp,0.3333333333333333,2,2,GTCAATGTACGACTCATGGA,0,2337105
mglBp,0.3333333333333333,2,2,GTCAAATAGTCTCCTGGGAA,0,2408366
mglBp,0.3333333333333333,2,2,GTATTTGAATGTCCCATTAA,0,2333288
mglBp,0.3333333333333333,2,2,GTATTTCTCTAACTGACGAA,0,2420532
mglBp,0.3333333333333333,2,2,GTATTGTAGGGCCGCAGGTA,0,2330753
mglBp,0.3333333333333333,2,2,GTATTGACCAGCATACATTA,0,2367965
mglBp,0.3333333333333333,2,2,GTATTCATAGAAGAAAGTTA,0,2405088
mglBp,0.3333333333333333,2,2,GTATTCACGGTACCGCCTAA,0,2349017
mglBp,0.3333333333333333,2,2,GTATGTTTGCATGTGCCTCA,0,2407529
mglBp,0.3333333333333333,2,2,GTATGATTTCCTGAAACAGC,0,2412198
mglBp,0.3333333333333333,2,2,GTATCTTGATTCTGGCCAGG,0,2325327
mglBp,0.3333333333333333,2,2,GTATCTTCAGAAGCATTCCA,0,2338178
mglBp,0.3333333333333333,2,2,GTATCTGCATAACCGGAGCG,0,2373233
mglBp,0.3333333333333333,2,2,GTATCTCAGTATCAGACATT,0,2318059
mglBp,0.3333333333333333,2,2,GTATCGTCTTCGTGCGATAC,0,2419542
mglBp,0.3333333333333333,2,2,GTATCGATAGCGTTTCAGGT,0,2374543
mglBp,0.3333333333333333,2,2,GTATATTGCGTCGGCCGCGC,0,2351617
mglBp,0.3333333333333333,2,2,GTATAGTGGTGCACCGTCGG,0,2340926
mglBp,0.3333333333333333,2,2,GTATAGTGGGGGATGGCCAG,0,2348287
mglBp,0.3333333333333333,2,2,GTATAGGGATAATGACAGTC,0,2400908
mglBp,0.3333333333333333,2,2,GTAGTTGGGACAAATCAATA,0,2375024
mglBp,0.3333333333333333,2,2,GTAGTGAGATTGATCATACT,0,2327617
mglBp,0.3333333333333333,2,2,GTAGTAGAGGTTAAATAAAG,0,2370688
mglBp,0.3333333333333333,2,2,GTAGGTTTGTGGACATTAAT,0,2413349
mglBp,0.3333333333333333,2,2,GTAGGTTAGCTTCTCCCTGT,0,2374647
mglBp,0.3333333333333333,2,2,GTAGGTGGTACAAAGGATGG,0,2331642
mglBp,0.3333333333333333,2,2,GTAGGTGATGAGTTCGAAGG,0,2382007
mglBp,0.3333333333333333,2,2,GTAGGTAAAGGCAGACGATG,0,2379372
mglBp,0.3333333333333333,2,2,GTAGGGGCGCCCTCAAAGAG,0,2416321
mglBp,0.3333333333333333,2,2,GTAGCGTGATCACGGGTAAA,0,2355526
mglBp,0.3333333333333333,2,2,GTAGCCCAGGCGGTATCGGA,0,2327979
mglBp,0.3333333333333333,2,2,GTAGCATTTGGAGTCTTTAT,0,2400722
mglBp,0.3333333333333333,2,2,GTAGAGCGCAACGAGCTACT,0,2394282
mglBp,0.3333333333333333,2,2,GTAGACAAACATTTCGGATG,0,2351037
mglBp,0.3333333333333333,2,2,GTAGAATGCACCTGTACTGC,0,2376959
mglBp,0.3333333333333333,2,2,GTAGAAGTACGGTTACTATA,0,2371324
mglBp,0.3333333333333333,2,2,GTACTCACAAGCAGATCCCA,0,2366448
mglBp,0.3333333333333333,2,2,GTACGATTTTCACCGTGGGC,0,2351629
mglBp,0.3333333333333333,2,2,GTACCTATTCAAGCGAATCG,0,2325835
mglBp,0.3333333333333333,2,2,GTACCCCCGCCGGTAACCCG,0,2361895
mglBp,0.3333333333333333,2,2,GTACCCCAGGCGAGTTCTTA,0,2412704
mglBp,0.3333333333333333,2,2,GTACACGCCGCCCTTGCACC,0,2378484
mglBp,0.3333333333333333,2,2,GTACACCGTGTCGGCATCTA,0,2400451
mglBp,0.3333333333333333,2,2,GTAATTGACTGATGAAGGCA,0,2384685
mglBp,0.3333333333333333,2,2,GTAATGAGAGGAACCATGTA,0,2361105
mglBp,0.3333333333333333,2,2,GTAATGACTTAGGTTAATCG,0,2376093
mglBp,0.3333333333333333,2,2,GTAATGACCTGTATACCAAG,0,2398784
mglBp,0.3333333333333333,2,2,GTAATCCTCCAACTCCACGA,0,2418264
mglBp,0.3333333333333333,2,2,GTAAGTAAGCGACTCTAGTT,0,2325589
mglBp,0.3333333333333333,2,2,GTAAGGCGGCACACCAATGT,0,2404055
mglBp,0.3333333333333333,2,2,GTAAGCGTCTTCAAATTCAT,0,2419773
mglBp,0.3333333333333333,2,2,GTAACTGCTCGCCACCCCTC,0,2387238
mglBp,0.3333333333333333,2,2,GTAACGTTTGGCTGTTATGT,0,2328569
mglBp,0.3333333333333333,2,2,GTAACGACTGAGCTCAGTTT,0,2354207
mglBp,0.3333333333333333,2,2,GTAAATAGTTTCGGACCCGG,0,2402055
mglBp,0.3333333333333333,2,2,GTAAAGCGGGCACAGGCACG,0,2388030
mglBp,0.3333333333333333,2,2,GTAAAATTGCGCATGGACAT,0,2363267
mglBp,0.3333333333333333,2,2,GGTTTTGGTTAGCAATTCTC,0,2387998
mglBp,0.3333333333333333,2,2,GGTTGTCCGGCAGCCTTCAG,0,2331073
mglBp,0.3333333333333333,2,2,GGTTGTCAAACTCATTACTT,0,2320610
mglBp,0.3333333333333333,2,2,GGTTGGTTCTTTGGAAATTA,0,2403019
mglBp,0.3333333333333333,2,2,GGTTGGAGTCTAGCACGAGT,0,2353560
mglBp,0.3333333333333333,2,2,GGTTCTATAGATAAAGGAGC,0,2342361
mglBp,0.3333333333333333,2,2,GGTTCTATAAATCGCTGTTC,0,2375435
mglBp,0.3333333333333333,2,2,GGTTAGCTTCTCGCTATTAT,0,2387210
mglBp,0.3333333333333333,2,2,GGTGTTGCCTTTCCGGTAGC,0,2423178
mglBp,0.3333333333333333,2,2,GGTGTGGGTTTTGTCTAATC,0,2328936
mglBp,0.3333333333333333,2,2,GGTGTCATTCTCTTCATATG,0,2379490
mglBp,0.3333333333333333,2,2,GGTGTATGGTCGTCATACAT,0,2397934
mglBp,0.3333333333333333,2,2,GGTGGTCCTCGGGGGAACAT,0,2388265
mglBp,0.3333333333333333,2,2,GGTGGGTTTGCACTCCTTTT,0,2340284
mglBp,0.3333333333333333,2,2,GGTGGCTTAGTACGCTTAAT,0,2375323
mglBp,0.3333333333333333,2,2,GGTGGCCTTAAAATAGCTGT,0,2387810
mglBp,0.3333333333333333,2,2,GGTGGAAAAGCTAATATCTC,0,2336651
mglBp,0.3333333333333333,2,2,GGTGATTTGGATCCCAGAGT,0,2364616
mglBp,0.3333333333333333,2,2,GGTGAGTCTCAGCGCTGGGG,0,2401428
mglBp,0.3333333333333333,2,2,GGTGAGGAACCTTCTTTCGT,0,2359031
mglBp,0.3333333333333333,2,2,GGTGAATTCTCACTACGGTT,0,2369266
mglBp,0.3333333333333333,2,2,GGTGAACCAGACGCACCTGC,0,2399960
mglBp,0.3333333333333333,2,2,GGTCTTAGTGGGAGGACCTA,0,2344991
mglBp,0.3333333333333333,2,2,GGTCTGACTATTGGCTGTGA,0,2367373
mglBp,0.3333333333333333,2,2,GGTCTCAGTGCCTTGGTGGG,0,2339395
mglBp,0.3333333333333333,2,2,GGTCGTCTATTATGTCTCCC,0,2373478
mglBp,0.3333333333333333,2,2,GGTCGTCATCGTGGGATGCG,0,2334243
mglBp,0.3333333333333333,2,2,GGTCGGAGGGAAGGGATCTT,0,2367468
mglBp,0.3333333333333333,2,2,GGTCGCGGCATGGTCGAAAG,0,2328698
mglBp,0.3333333333333333,2,2,GGTCGCAGTAACAGCCGTCT,0,2403875
mglBp,0.3333333333333333,2,2,GGTCCTTCAGCGGATTCCAA,0,2363530
mglBp,0.3333333333333333,2,2,GGTCCGGGACCAGCAAGTCT,0,2327666
mglBp,0.3333333333333333,2,2,GGTCCGATCGGCTATCGGGG,0,2381792
mglBp,0.3333333333333333,2,2,GGTCCCGCTTAGTCACAAGT,0,2349901
mglBp,0.3333333333333333,2,2,GGTCATGTGGATACATGACA,0,2320112
mglBp,0.3333333333333333,2,2,GGTCAGTTTGCATAGCTCGT,0,2336631
mglBp,0.3333333333333333,2,2,GGTCAAAGGGTCCCAAATTC,0,2406492
mglBp,0.3333333333333333,2,2,GGTCAAAGGCCCTCGGTTGG,0,2382559
mglBp,0.3333333333333333,2,2,GGTCAAAAGCTGTTATGACA,0,2323563
mglBp,0.3333333333333333,2,2,GGTATTTACTTAAGGTAGAC,0,2401599
mglBp,0.3333333333333333,2,2,GGTATTTAATTCCGATACGG,0,2357602
mglBp,0.3333333333333333,2,2,GGTATTAACTCTAAAGGAGT,0,2395646
mglBp,0.3333333333333333,2,2,GGTATGGTTTAGCACCTATC,0,2341113
mglBp,0.3333333333333333,2,2,GGTATGCCAAAAGCACCAAA,0,2395480
mglBp,0.3333333333333333,2,2,GGTATCGCATAGCAGGCAGA,0,2360612
mglBp,0.3333333333333333,2,2,GGTAGTAGAGTACCCGAAAC,0,2410924
mglBp,0.3333333333333333,2,2,GGTAGGTTTTTAATGGTATA,0,2408259
mglBp,0.3333333333333333,2,2,GGTAGCGATAGCCGTCCTTT,0,2340909
mglBp,0.3333333333333333,2,2,GGTACTTTCAAGATGATCTA,0,2369931
mglBp,0.3333333333333333,2,2,GGTACTGGGACGGAACAGGC,0,2392581
mglBp,0.3333333333333333,2,2,GGTACTCCTTTGGCCACTCG,0,2367598
mglBp,0.3333333333333333,2,2,GGTACCAGGGAAAATAGGAT,0,2397889
mglBp,0.3333333333333333,2,2,GGTAAACGTAGCACGTGGGT,0,2320845
mglBp,0.3333333333333333,2,2,GGTAAAACTTCTAGGGCCTA,0,2402214
mglBp,0.3333333333333333,2,2,GGGTTTTGCAACATTCGCTT,0,2366733
mglBp,0.3333333333333333,2,2,GGGTTTCACAGAGCTTTAAT,0,2334433
mglBp,0.3333333333333333,2,2,GGGTTAGCCTCTTAAATTAG,0,2346258
mglBp,0.3333333333333333,2,2,GGGTGTGGCATCGAATAGCT,0,2374161
mglBp,0.3333333333333333,2,2,GGGTGGGCTCTTGAGAAACG,0,2372450
mglBp,0.3333333333333333,2,2,GGGTGATCGAGATTTCCTAG,0,2398123
mglBp,0.3333333333333333,2,2,GGGTCTATCATTCGTTAATT,0,2331091
mglBp,0.3333333333333333,2,2,GGGTCTATAACCATCGCGAC,0,2350580
mglBp,0.3333333333333333,2,2,GGGTCTAACCCCACTATATA,0,2317755
mglBp,0.3333333333333333,2,2,GGGTCTAAATCTAAAAGCTT,0,2331268
mglBp,0.3333333333333333,2,2,GGGTCGCCTAAGCCATATAA,0,2357808
mglBp,0.3333333333333333,2,2,GGGTCCTGCTGGGTGTCACT,0,2409299
mglBp,0.3333333333333333,2,2,GGGTCCCCTTAAGTGATTAC,0,2413799
mglBp,0.3333333333333333,2,2,GGGTCAGGGGGGCGCACGCA,0,2411935
mglBp,0.3333333333333333,2,2,GGGTCACGGTTACCAGCGAT,0,2333117
mglBp,0.3333333333333333,2,2,GGGTCAACTCACCGTTCATA,0,2375585
mglBp,0.3333333333333333,2,2,GGGTATCGTTATCAGTTAGG,0,2370641
mglBp,0.3333333333333333,2,2,GGGTATCCCCGGGTACATGG,0,2340184
mglBp,0.3333333333333333,2,2,GGGTATAAGGCGATATCAAT,0,2346826
mglBp,0.3333333333333333,2,2,GGGTAGTCTGGGGCTCTATT,0,2364827
mglBp,0.3333333333333333,2,2,GGGTACTAAACACAACTTCT,0,2376746
mglBp,0.3333333333333333,2,2,GGGTAATTTATTAAATTCAC,0,2403418
mglBp,0.3333333333333333,2,2,GGGTAATGTTTTAGTCATGA,0,2378666
mglBp,0.3333333333333333,2,2,GGGTAACATACTGGCTCCAT,0,2357404
mglBp,0.3333333333333333,2,2,GGGGTTACACTCTAAGCCTT,0,2402297
mglBp,0.3333333333333333,2,2,GGGGTGCACTAATGTACATC,0,2338025
mglBp,0.3333333333333333,2,2,GGGGTAGGACCCGAACGAAA,0,2410616
mglBp,0.3333333333333333,2,2,GGGGTAGATCAGATACCAAA,0,2354747
mglBp,0.3333333333333333,2,2,GGGGGTTGGTACACTAAGCT,0,2319681
mglBp,0.3333333333333333,2,2,GGGGGTCTTAAAGGGAGGGG,0,2402967
mglBp,0.3333333333333333,2,2,GGGGGGTAATCGCGACGCAA,0,2350508
mglBp,0.3333333333333333,2,2,GGGGGGGGCCACCCTGGGGG,0,2363983
mglBp,0.3333333333333333,2,2,GGGGGCGTATAAACCGAGGT,0,2346922
mglBp,0.3333333333333333,2,2,GGGGCCTCGGGCGATCCCGT,0,2330372
mglBp,0.3333333333333333,2,2,GGGGCCACAACTCACTCGAG,0,2353553
mglBp,0.3333333333333333,2,2,GGGGATGACCCGTAGTGGTG,0,2387165
mglBp,0.3333333333333333,2,2,GGGGATACGGAACGACCCAA,0,2330427
mglBp,0.3333333333333333,2,2,GGGGACTTAAAACCCACTGC,0,2333652
mglBp,0.3333333333333333,2,2,GGGGAACTCCAGCATGAGGC,0,2362335
mglBp,0.3333333333333333,2,2,GGGCTTTGAGGAGTTGTACC,0,2322462
mglBp,0.3333333333333333,2,2,GGGCTTCAAACTTGGTACGG,0,2331833
mglBp,0.3333333333333333,2,2,GGGCTGCTCCTACAAGATTT,0,2356848
mglBp,0.3333333333333333,2,2,GGGCTGACACCAGGTGATCC,0,2393578
mglBp,0.3333333333333333,2,2,GGGCTCTTAATCGGTTATCT,0,2319617
mglBp,0.3333333333333333,2,2,GGGCTCTCGACACTCAAACA,0,2363129
mglBp,0.3333333333333333,2,2,GGGCGTTTAAATAGTAACCA,0,2330916
mglBp,0.3333333333333333,2,2,GGGCGTATGTGCCGAGGCGA,0,2385628
mglBp,0.3333333333333333,2,2,GGGCGGGATGCTTACCGGGC,0,2325795
mglBp,0.3333333333333333,2,2,GGGCGGATTAGGACCAGTCT,0,2321263
mglBp,0.3333333333333333,2,2,GGGCGGACGCCATACCCGTT,0,2356849
mglBp,0.3333333333333333,2,2,GGGCCTGTCACAGGACTCTC,0,2349884
mglBp,0.3333333333333333,2,2,GGGCCTATCGCCGACACGTG,0,2350862
mglBp,0.3333333333333333,2,2,GGGCCGGTCAGTGAAATGCC,0,2392400
mglBp,0.3333333333333333,2,2,GGGCCGCGCACCAGCTATGA,0,2327983
mglBp,0.3333333333333333,2,2,GGGCCAGACTGAGAGTAAGA,0,2321420
mglBp,0.3333333333333333,2,2,GGGCATAGTAAATGAGAAAA,0,2405105
mglBp,0.3333333333333333,2,2,GGGCATAGACGGGTAAAGCC,0,2388545
mglBp,0.3333333333333333,2,2,GGGCAGTGTATACGGGACTT,0,2371119
mglBp,0.3333333333333333,2,2,GGGCACAGCGGCCGAAAACC,0,2410728
mglBp,0.3333333333333333,2,2,GGGCAATGCGACAGTGCATA,0,2326359
mglBp,0.3333333333333333,2,2,GGGCAAGGCAAACCGATCCA,0,2330970
mglBp,0.3333333333333333,2,2,GGGATTGGGACAAGTCCTAA,0,2413907
mglBp,0.3333333333333333,2,2,GGGATGCAAAGATCCCCTGG,0,2352968
mglBp,0.3333333333333333,2,2,GGGATCGGAACGCAGCTCGC,0,2336245
mglBp,0.3333333333333333,2,2,GGGATCGCCAGTCTCCTCAT,0,2379101
mglBp,0.3333333333333333,2,2,GGGATCGAAGGCAGTCGAGG,0,2367732
mglBp,0.3333333333333333,2,2,GGGATAATGCTGCCTAGGGT,0,2393386
mglBp,0.3333333333333333,2,2,GGGAGGTCACGATTCAGAGC,0,2352577
mglBp,0.3333333333333333,2,2,GGGAGCGGTTTGAGTCGAGA,0,2342305
mglBp,0.3333333333333333,2,2,GGGAGCATGACCTTTCCTGT,0,2353616
mglBp,0.3333333333333333,2,2,GGGACTATCTTTAATACCCC,0,2408250
mglBp,0.3333333333333333,2,2,GGGACCTGGGTGCGGTTGCG,0,2369916
mglBp,0.3333333333333333,2,2,GGGACCACCTACCTGCGTAA,0,2321212
mglBp,0.3333333333333333,2,2,GGGACACACATAGAAAGGGT,0,2402371
mglBp,0.3333333333333333,2,2,GGGACAATTTTTCGAATGAA,0,2335054
mglBp,0.3333333333333333,2,2,GGGAATCAGGATGAATCTAG,0,2330351
mglBp,0.3333333333333333,2,2,GGGAACTACAAGCCATGAAC,0,2388668
mglBp,0.3333333333333333,2,2,GGGAACCAGCGAGGCCCGTA,0,2416276
mglBp,0.3333333333333333,2,2,GGCTTGGTCTACTGAATTCC,0,2355502
mglBp,0.3333333333333333,2,2,GGCTTGACGGATGGACTAGT,0,2368829
mglBp,0.3333333333333333,2,2,GGCTTAAGCGGGTCTCTGCA,0,2410953
mglBp,0.3333333333333333,2,2,GGCTGTTTCAAGGTATCCAA,0,2398067
mglBp,0.3333333333333333,2,2,GGCTGTGTAATACTCTAGTG,0,2374512
mglBp,0.3333333333333333,2,2,GGCTGCGCTTTTAGACACTT,0,2349052
mglBp,0.3333333333333333,2,2,GGCTGCGCTTACCGGTAAAG,0,2367712
mglBp,0.3333333333333333,2,2,GGCTGCATCATGTGGGTGTT,0,2318512
mglBp,0.3333333333333333,2,2,GGCTCGCCTGTGAAACGCTA,0,2349651
mglBp,0.3333333333333333,2,2,GGCTCCGGGTGCACGGACTG,0,2376818
mglBp,0.3333333333333333,2,2,GGCTATCTAATCCTCTGGTC,0,2401188
mglBp,0.3333333333333333,2,2,GGCTACCATTCAAGCTGGAC,0,2423331
mglBp,0.3333333333333333,2,2,GGCTACAGCGTTAGTCACAC,0,2354748
mglBp,0.3333333333333333,2,2,GGCTAATATATTTACCTGAT,0,2416097
mglBp,0.3333333333333333,2,2,GGCGTGCGGGGTTAAGCTAG,0,2367299
mglBp,0.3333333333333333,2,2,GGCGGTAATTTTGGGAAAAC,0,2397263
mglBp,0.3333333333333333,2,2,GGCGGACTACGCTTGAGACC,0,2406752
mglBp,0.3333333333333333,2,2,GGCGCCCACTTCGGTCTCGG,0,2359699
mglBp,0.3333333333333333,2,2,GGCGAGTAACCCGTGGTAAG,0,2415428
mglBp,0.3333333333333333,2,2,GGCGACTCCAGAACCCAGCG,0,2403774
mglBp,0.3333333333333333,2,2,GGCGACGTATTTCACAGCCT,0,2319345
mglBp,0.3333333333333333,2,2,GGCGACCCCACATATATACT,0,2349753
mglBp,0.3333333333333333,2,2,GGCGAAAGTAAGGTCCGATA,0,2373910
mglBp,0.3333333333333333,2,2,GGCCTATAGGTCAGCCGATT,0,2328573
mglBp,0.3333333333333333,2,2,GGCCTACCTCCTCGTCAGAT,0,2346484
mglBp,0.3333333333333333,2,2,GGCCGTGGGCCTGTCCGCTA,0,2364877
mglBp,0.3333333333333333,2,2,GGCCGTACGCATATGGTTGA,0,2343724
mglBp,0.3333333333333333,2,2,GGCCGTAATATTTGAAGTTT,0,2375086
mglBp,0.3333333333333333,2,2,GGCCGGTGCTCATCACAACT,0,2378823
mglBp,0.3333333333333333,2,2,GGCCGGGAATGGCCTCCTCT,0,2382619
mglBp,0.3333333333333333,2,2,GGCCGCCCACCTCCTGACAG,0,2399305
mglBp,0.3333333333333333,2,2,GGCCCGTCACATTAAACTCT,0,2380382
mglBp,0.3333333333333333,2,2,GGCCCCTCCGCTGATAGCAC,0,2369854
mglBp,0.3333333333333333,2,2,GGCCCAGGCAATCAGGACAG,0,2343357
mglBp,0.3333333333333333,2,2,GGCCATCAGTGGCGAATCCA,0,2368350
mglBp,0.3333333333333333,2,2,GGCCACGGACGTGGGAGGCT,0,2340073
mglBp,0.3333333333333333,2,2,GGCCACAGAATATGGATCCA,0,2386022
mglBp,0.3333333333333333,2,2,GGCCAAACATTGGCGCTCGC,0,2364502
mglBp,0.3333333333333333,2,2,GGCATTACATGGATCTAGGC,0,2373432
mglBp,0.3333333333333333,2,2,GGCATGTCAAAAGTGTGGTG,0,2392292
mglBp,0.3333333333333333,2,2,GGCATAGATCGGCTTAGTCA,0,2370619
mglBp,0.3333333333333333,2,2,GGCATAAATCATACCCGAGC,0,2343664
mglBp,0.3333333333333333,2,2,GGCAGTTGGGTCCCCCAAAT,0,2343352
mglBp,0.3333333333333333,2,2,GGCAGTATTGGAGCAGACTA,0,2334471
mglBp,0.3333333333333333,2,2,GGCAGGTCTCTGTACCAACA,0,2363615
mglBp,0.3333333333333333,2,2,GGCAGGCTGAAAGGGCTGGT,0,2325919
mglBp,0.3333333333333333,2,2,GGCAGGCACTGCTACGTAAT,0,2359243
mglBp,0.3333333333333333,2,2,GGCAGGCAACACTGAACACA,0,2329039
mglBp,0.3333333333333333,2,2,GGCAGGAGCTACGCTGACCA,0,2396896
mglBp,0.3333333333333333,2,2,GGCAGCGCCCACGACCGATA,0,2322330
mglBp,0.3333333333333333,2,2,GGCAGAGACGGATTGTAAAT,0,2317223
mglBp,0.3333333333333333,2,2,GGCACTTAGCGGATTGGGGT,0,2333481
mglBp,0.3333333333333333,2,2,GGCACGCAGACAGGAAGTGC,0,2388472
mglBp,0.3333333333333333,2,2,GGCACCCCTATACTTGAGCG,0,2375989
mglBp,0.3333333333333333,2,2,GGCACCAGCATGATTCCCTT,0,2342961
mglBp,0.3333333333333333,2,2,GGCACACTTTGTCATCTACT,0,2343036
mglBp,0.3333333333333333,2,2,GGCAACCGGTCTCGTCTAAA,0,2354551
mglBp,0.3333333333333333,2,2,GGCAACCGCGCTTAACCCGA,0,2397904
mglBp,0.3333333333333333,2,2,GGCAACACAGACCTGGTTAA,0,2332600
mglBp,0.3333333333333333,2,2,GGCAAAATGTTTATGAAACA,0,2333625
mglBp,0.3333333333333333,2,2,GGATTTTTCACCGATAATGT,0,2395812
mglBp,0.3333333333333333,2,2,GGATTGGTTTTACTTCGTAC,0,2352027
mglBp,0.3333333333333333,2,2,GGATTAATGTAATCACGTCG,0,2375140
mglBp,0.3333333333333333,2,2,GGATGGGACAATGATAGGCA,0,2336070
mglBp,0.3333333333333333,2,2,GGATGCCAGCCGATAAGTCC,0,2330284
mglBp,0.3333333333333333,2,2,GGATATCAATGAGACATGGT,0,2355255
mglBp,0.3333333333333333,2,2,GGATAGCAATGCTCACAAAC,0,2382958
mglBp,0.3333333333333333,2,2,GGATACCGCTATTCTTGCAC,0,2346713
mglBp,0.3333333333333333,2,2,GGATACCGCACTGTTCTTGG,0,2347422
mglBp,0.3333333333333333,2,2,GGATAACCCAAGCTATGGAG,0,2376213
mglBp,0.3333333333333333,2,2,GGATAAAATGGAGCCAAGTG,0,2321699
mglBp,0.3333333333333333,2,2,GGAGTCTTGACAGAGGTAAG,0,2331258
mglBp,0.3333333333333333,2,2,GGAGGTGTACCGATTCTAGA,0,2317850
mglBp,0.3333333333333333,2,2,GGAGGTCTGATAGGTTTGGC,0,2355407
mglBp,0.3333333333333333,2,2,GGAGGGGCTTGGTGACAACG,0,2397124
mglBp,0.3333333333333333,2,2,GGAGGGATCATACGTGCCTA,0,2382588
mglBp,0.3333333333333333,2,2,GGAGCTTACATGTATCCAGA,0,2341144
mglBp,0.3333333333333333,2,2,GGAGCCGAGTCACAACTTCC,0,2365002
mglBp,0.3333333333333333,2,2,GGAGCCCCGACCAGAGGGGT,0,2335261
mglBp,0.3333333333333333,2,2,GGAGATACACGAAACAGGTA,0,2326703
mglBp,0.3333333333333333,2,2,GGAGAGTTACATGGCAGATC,0,2408011
mglBp,0.3333333333333333,2,2,GGAGAGCACTGTACGGCTCT,0,2398697
mglBp,0.3333333333333333,2,2,GGAGACCGTCATTGGCAAAA,0,2325826
mglBp,0.3333333333333333,2,2,GGAGACCCGCAATGTCAGTC,0,2417787
mglBp,0.3333333333333333,2,2,GGAGAAGCAGACATGATGGG,0,2401894
mglBp,0.3333333333333333,2,2,GGACTTTAACGAACTCTGCT,0,2344294
mglBp,0.3333333333333333,2,2,GGACTGGCCTTGATTTATAC,0,2336454
mglBp,0.3333333333333333,2,2,GGACTGAGTGAACGTCCGAT,0,2421553
mglBp,0.3333333333333333,2,2,GGACTATCCTGCTTCGGTAC,0,2395205
mglBp,0.3333333333333333,2,2,GGACTACTGCGGATTGTGAG,0,2368653
mglBp,0.3333333333333333,2,2,GGACGTGCTACCGATAGAGT,0,2335642
mglBp,0.3333333333333333,2,2,GGACGCTGTCCAGTAAACTC,0,2393148
mglBp,0.3333333333333333,2,2,GGACCTGGGCGACTTAAATA,0,2339339
mglBp,0.3333333333333333,2,2,GGACCTAACAGCGCTCGGCA,0,2411682
mglBp,0.3333333333333333,2,2,GGACCATAACTCTTTACCGT,0,2322244
mglBp,0.3333333333333333,2,2,GGACATTTGGATTGCGAGTC,0,2422498
mglBp,0.3333333333333333,2,2,GGACAGACTGTTTAGAGGTC,0,2412168
mglBp,0.3333333333333333,2,2,GGAATCCGTCAGGTCGGCAA,0,2423155
mglBp,0.3333333333333333,2,2,GGAATCCGGGAAACTCCGGA,0,2355667
mglBp,0.3333333333333333,2,2,GGAATATCCGGAATATGTCA,0,2388633
mglBp,0.3333333333333333,2,2,GGAAGTGAAATGAGTGGTTT,0,2331829
mglBp,0.3333333333333333,2,2,GGAAGCGCCTGTTCGTCGAT,0,2375882
mglBp,0.3333333333333333,2,2,GGAAGAGAGTTCGCCGGGGC,0,2363416
mglBp,0.3333333333333333,2,2,GGAACTATTTACTAACGCCT,0,2392566
mglBp,0.3333333333333333,2,2,GGAACGATCATACGTATTCA,0,2376621
mglBp,0.3333333333333333,2,2,GGAACCCATAGTACGGCTCA,0,2391006
mglBp,0.3333333333333333,2,2,GGAACAGATCAATCTTGAAC,0,2398296
mglBp,0.3333333333333333,2,2,GGAAATCCCATTATCGGGTA,0,2418012
mglBp,0.3333333333333333,2,2,GGAAAGTCAGCGCTGCGAAT,0,2421005
mglBp,0.3333333333333333,2,2,GGAAAGTAACTTAGGCTGGG,0,2342114
mglBp,0.3333333333333333,2,2,GCTTTTTCTGACTACAGACT,0,2390168
mglBp,0.3333333333333333,2,2,GCTTTGAGCAGTCTGGGAAT,0,2415749
mglBp,0.3333333333333333,2,2,GCTTTGAATGTAGTCCGGGG,0,2373150
mglBp,0.3333333333333333,2,2,GCTTTAGCGGGCTGCAAAAG,0,2324600
mglBp,0.3333333333333333,2,2,GCTTGTAGTGGGCCGCGCGA,0,2373810
mglBp,0.3333333333333333,2,2,GCTTCTTACCGCCCTATGTT,0,2400046
mglBp,0.3333333333333333,2,2,GCTTCTGACGAGCGTCGGGT,0,2373097
mglBp,0.3333333333333333,2,2,GCTTCTCCTCTGATTTGGGA,0,2411400
mglBp,0.3333333333333333,2,2,GCTTCATGCAAAAACTATCT,0,2333336
mglBp,0.3333333333333333,2,2,GCTTACGCATTCGGGTGAAA,0,2414305
mglBp,0.3333333333333333,2,2,GCTTACGACTGCAAATTATG,0,2327289
mglBp,0.3333333333333333,2,2,GCTTACACCAAACTCGGATC,0,2390199
mglBp,0.3333333333333333,2,2,GCTGTGTTGACCGTAAGGAA,0,2378387
mglBp,0.3333333333333333,2,2,GCTGTGGCACTTGGTTTAGG,0,2353612
mglBp,0.3333333333333333,2,2,GCTGTGAGGCCCATCGTCTT,0,2360124
mglBp,0.3333333333333333,2,2,GCTGCTTTGCTTTCATATAG,0,2339430
mglBp,0.3333333333333333,2,2,GCTGCTGGTCATCTCGTGTG,0,2415884
mglBp,0.3333333333333333,2,2,GCTGCTCATGGGAATTCACG,0,2414776
mglBp,0.3333333333333333,2,2,GCTGCAGATTCGCTCATTAC,0,2343095
mglBp,0.3333333333333333,2,2,GCTGATCGGAAATGCCCTGT,0,2351490
mglBp,0.3333333333333333,2,2,GCTGATAACGACCGTAGTAG,0,2324736
mglBp,0.3333333333333333,2,2,GCTGAGTTTCAGAGCGCGCG,0,2411290
mglBp,0.3333333333333333,2,2,GCTGAGGTTTTCTTTGGCAT,0,2328370
mglBp,0.3333333333333333,2,2,GCTCTGCCCTGCAAAATACA,0,2402624
mglBp,0.3333333333333333,2,2,GCTCTCAAGTTCTTTCTCAA,0,2367911
mglBp,0.3333333333333333,2,2,GCTCTAGTCAAGGTATAGTT,0,2419864
mglBp,0.3333333333333333,2,2,GCTCGTCTACATTCATGATT,0,2374618
mglBp,0.3333333333333333,2,2,GCTCGCTACTCGCCCAGAGG,0,2401039
mglBp,0.3333333333333333,2,2,GCTCCGGGCTCCACGGCCGC,0,2378882
mglBp,0.3333333333333333,2,2,GCTCCGGCGCTGGCTATAGA,0,2345636
mglBp,0.3333333333333333,2,2,GCTCATTACCCTAAGCGGCT,0,2332019
mglBp,0.3333333333333333,2,2,GCTCATCCTTGCTACCCTAT,0,2356358
mglBp,0.3333333333333333,2,2,GCTCACTAGCAATCTCAAGC,0,2379679
mglBp,0.3333333333333333,2,2,GCTCACGCGGTTGGGAGATT,0,2344630
mglBp,0.3333333333333333,2,2,GCTATTGGCGAATTTTGCCC,0,2408934
mglBp,0.3333333333333333,2,2,GCTAGTGACTCTGAACAATC,0,2386186
mglBp,0.3333333333333333,2,2,GCTAGGATCCCCAAGGCCTA,0,2356152
mglBp,0.3333333333333333,2,2,GCTAGCACAGCCCAATATGC,0,2370933
mglBp,0.3333333333333333,2,2,GCTAGACTTTTGCCCTAAGT,0,2328795
mglBp,0.3333333333333333,2,2,GCTACTTTCGGCTTGCTTCA,0,2356065
mglBp,0.3333333333333333,2,2,GCTACCTGTTATGGCACGGT,0,2332431
mglBp,0.3333333333333333,2,2,GCTACCCAGTGCAGGGCTTT,0,2379804
mglBp,0.3333333333333333,2,2,GCTACAAAACGTGGTAGTCC,0,2399075
mglBp,0.3333333333333333,2,2,GCTAATTGATTACCTACATA,0,2339866
mglBp,0.3333333333333333,2,2,GCTAATGCGAAACTTTGAAG,0,2370264
mglBp,0.3333333333333333,2,2,GCGTTGCTCATCTTTCACGG,0,2383030
mglBp,0.3333333333333333,2,2,GCGTTATTCTTTGGTTAGGA,0,2409133
mglBp,0.3333333333333333,2,2,GCGTTACCGGTGCGGCAATG,0,2376665
mglBp,0.3333333333333333,2,2,GCGTGTAACGGCACCAAAGA,0,2379411
mglBp,0.3333333333333333,2,2,GCGTGAGAGCATAAATTTTT,0,2413708
mglBp,0.3333333333333333,2,2,GCGTGACACATTTACATCGT,0,2401238
mglBp,0.3333333333333333,2,2,GCGTCTCGGCTCAGTGGACA,0,2410052
mglBp,0.3333333333333333,2,2,GCGTCTCCCAGACTCTATAG,0,2362138
mglBp,0.3333333333333333,2,2,GCGTCGGTCGCGCGGGAAGG,0,2344064
mglBp,0.3333333333333333,2,2,GCGTCGGCAAACAGTTGGAA,0,2373293
mglBp,0.3333333333333333,2,2,GCGTAGGCTTTTGAGGCTGA,0,2343915
mglBp,0.3333333333333333,2,2,GCGTAATTTTCAGCGATTCA,0,2348851
mglBp,0.3333333333333333,2,2,GCGTAAACGACAACGGCTCG,0,2414444
mglBp,0.3333333333333333,2,2,GCGGTTGTCCCCTGCGAAGA,0,2353812
mglBp,0.3333333333333333,2,2,GCGGTTATATCCCGGACAAG,0,2365022
mglBp,0.3333333333333333,2,2,GCGGTGAATTTACAGGACCT,0,2324378
mglBp,0.3333333333333333,2,2,GCGGTCGTTCCTGCCTTCGT,0,2413289
mglBp,0.3333333333333333,2,2,GCGGTCCACGGTTATTGTGA,0,2329049
mglBp,0.3333333333333333,2,2,GCGGTCCAAAATGGAACTCC,0,2358894
mglBp,0.3333333333333333,2,2,GCGGGTTTTGAAATGGTGGT,0,2342407
mglBp,0.3333333333333333,2,2,GCGGGGTCCCGCAGTCCGGG,0,2411830
mglBp,0.3333333333333333,2,2,GCGGGCTTTTCTCGTAAGGT,0,2402566
mglBp,0.3333333333333333,2,2,GCGGGATTCCACATCTAGCA,0,2320474
mglBp,0.3333333333333333,2,2,GCGGCGTACAGTGATATTCT,0,2361961
mglBp,0.3333333333333333,2,2,GCGGATACAAACGTGAGATA,0,2335727
mglBp,0.3333333333333333,2,2,GCGGACTGTTGCTAATATCC,0,2359839
mglBp,0.3333333333333333,2,2,GCGGACGGCTAACATGGGAG,0,2367063
mglBp,0.3333333333333333,2,2,GCGGAACGTATCTTCCACCC,0,2324136
mglBp,0.3333333333333333,2,2,GCGCTCTCTGGCAAGGATGC,0,2379508
mglBp,0.3333333333333333,2,2,GCGCTCCGAACTCTAGAGTA,0,2352582
mglBp,0.3333333333333333,2,2,GCGCTCCAGTGACCGAGTTT,0,2414728
mglBp,0.3333333333333333,2,2,GCGCGTGGTGTAACGTACAG,0,2418112
mglBp,0.3333333333333333,2,2,GCGCCAGTTTTTACTAGGTC,0,2339009
mglBp,0.3333333333333333,2,2,GCGCATTGCCGTATGACAGC,0,2333410
mglBp,0.3333333333333333,2,2,GCGCAGGCCGGCAAGGCAGT,0,2344288
mglBp,0.3333333333333333,2,2,GCGATTTTCCGCGGCTGAGG,0,2346719
mglBp,0.3333333333333333,2,2,GCGATTTAGGAATGTATGTT,0,2389473
mglBp,0.3333333333333333,2,2,GCGAGTTTAGCAGCGATCGT,0,2335747
mglBp,0.3333333333333333,2,2,GCGAGTCTCCACCTCGAACG,0,2335818
mglBp,0.3333333333333333,2,2,GCGAGGGGGAGCGGGGACGG,0,2331859
mglBp,0.3333333333333333,2,2,GCGAGAGACATGCGTAATGG,0,2382446
mglBp,0.3333333333333333,2,2,GCGAGACAATATCTTAGATC,0,2330282
mglBp,0.3333333333333333,2,2,GCGACGCTGGGACGTGGTGG,0,2321177
mglBp,0.3333333333333333,2,2,GCGACCAGGCACTAAGGGTT,0,2374528
mglBp,0.3333333333333333,2,2,GCGACATCGAAAAAGGCGGG,0,2393262
mglBp,0.3333333333333333,2,2,GCGACAACGGGAGGAGGAAT,0,2351066
mglBp,0.3333333333333333,2,2,GCGAATTTAAAGCGGTTGGT,0,2356836
mglBp,0.3333333333333333,2,2,GCGAAGGTTGCATAGTTCGC,0,2388760
mglBp,0.3333333333333333,2,2,GCGAAGGGTACAGAACTGAT,0,2369927
mglBp,0.3333333333333333,2,2,GCGAACCGGCTAGGCCAGAG,0,2383695
mglBp,0.3333333333333333,2,2,GCGAACCACGTTTTGTTGAG,0,2353363
mglBp,0.3333333333333333,2,2,GCGAAAGAAAGAGGGTCGTG,0,2406853
mglBp,0.3333333333333333,2,2,GCCTTTGTACGGACAACATA,0,2399716
mglBp,0.3333333333333333,2,2,GCCTTAACAGGGGTACGCTA,0,2339444
mglBp,0.3333333333333333,2,2,GCCTTAAACAAAAAGACGTG,0,2337527
mglBp,0.3333333333333333,2,2,GCCTGGTGGCACTATGGGGA,0,2401645
mglBp,0.3333333333333333,2,2,GCCTGGGGAATACCGAATGG,0,2383956
mglBp,0.3333333333333333,2,2,GCCTGCTTTCACCCCGTCAA,0,2411273
mglBp,0.3333333333333333,2,2,GCCTCTTCATATTACTGTGG,0,2422183
mglBp,0.3333333333333333,2,2,GCCTCTGCCCCTCTTCCCTG,0,2330807
mglBp,0.3333333333333333,2,2,GCCTCGTCTCGCTATGGGAC,0,2412541
mglBp,0.3333333333333333,2,2,GCCTCCTTGGCACGTCTAGA,0,2422971
mglBp,0.3333333333333333,2,2,GCCTCCAAAGGATCCGTTAT,0,2390190
mglBp,0.3333333333333333,2,2,GCCTATGACAGTAGGAGATT,0,2379029
mglBp,0.3333333333333333,2,2,GCCTACGTTGACGACTTCCA,0,2340726
mglBp,0.3333333333333333,2,2,GCCGTCGGCCACACAAACGA,0,2408569
mglBp,0.3333333333333333,2,2,GCCGTACTTCCGCTCACAGC,0,2332603
mglBp,0.3333333333333333,2,2,GCCGTACAGCCTCAAGGGAA,0,2418808
mglBp,0.3333333333333333,2,2,GCCGGGTACAGCTTGTATAC,0,2362624
mglBp,0.3333333333333333,2,2,GCCGGGGCCGTTTTAGGGAC,0,2390526
mglBp,0.3333333333333333,2,2,GCCGGCTCGCCGTCTGCGTT,0,2381248
mglBp,0.3333333333333333,2,2,GCCGGAGGGTTTTAGCATCC,0,2343038
mglBp,0.3333333333333333,2,2,GCCGGACGAGTTTACAGGCG,0,2395438
mglBp,0.3333333333333333,2,2,GCCGGAAATCATATTACGGC,0,2346013
mglBp,0.3333333333333333,2,2,GCCGCTGGCCATACGCATTT,0,2391151
mglBp,0.3333333333333333,2,2,GCCGCGGGCGCTCGCACAAT,0,2387593
mglBp,0.3333333333333333,2,2,GCCGCGCTTTATCCAGAGTC,0,2392649
mglBp,0.3333333333333333,2,2,GCCGCCCCCATCCAAGTGAC,0,2342010
mglBp,0.3333333333333333,2,2,GCCGCACGTTTCGTCAAAAC,0,2335526
mglBp,0.3333333333333333,2,2,GCCGCACGCCTTCAATTACA,0,2412754
mglBp,0.3333333333333333,2,2,GCCCTTTGGGCGACATACTC,0,2392941
mglBp,0.3333333333333333,2,2,GCCCTCGTTAGTCATTTCAG,0,2401458
mglBp,0.3333333333333333,2,2,GCCCTCCTGACCGGGAGTCG,0,2360263
mglBp,0.3333333333333333,2,2,GCCCTCAGTATCTGAAGCGG,0,2340557
mglBp,0.3333333333333333,2,2,GCCCTAGGGTGGCCGAAAGT,0,2375368
mglBp,0.3333333333333333,2,2,GCCCGTGCCGAGACTGTATA,0,2374149
mglBp,0.3333333333333333,2,2,GCCCGTATGCATTCATTCAA,0,2320557
mglBp,0.3333333333333333,2,2,GCCCGGAGGTAACCGAGACA,0,2395143
mglBp,0.3333333333333333,2,2,GCCCGCTCAACTCTAAAGGT,0,2345624
mglBp,0.3333333333333333,2,2,GCCCGCCCCACACGCCCGTT,0,2409276
mglBp,0.3333333333333333,2,2,GCCCCTACTCTCGGTGTTCT,0,2368622
mglBp,0.3333333333333333,2,2,GCCCCGAAAGGGAGTGCGAA,0,2331751
mglBp,0.3333333333333333,2,2,GCCCATATGCCCCCGTGGCA,0,2317395
mglBp,0.3333333333333333,2,2,GCCCAGGCCTGACCTTGGTA,0,2405037
mglBp,0.3333333333333333,2,2,GCCATTGTACTCAGGTCTCT,0,2352617
mglBp,0.3333333333333333,2,2,GCCATTCCTAGACACCGAGA,0,2340628
mglBp,0.3333333333333333,2,2,GCCATGTAAATAGGCAGGTA,0,2407175
mglBp,0.3333333333333333,2,2,GCCATCGGTTTGCTCGCTGT,0,2346816
mglBp,0.3333333333333333,2,2,GCCATAATCGTGCGTGCAAA,0,2354563
mglBp,0.3333333333333333,2,2,GCCAGGGTCACAGTTTTGCA,0,2390130
mglBp,0.3333333333333333,2,2,GCCAGGAGCCTAACGCACCA,0,2396790
mglBp,0.3333333333333333,2,2,GCCAGCCTGTATTATCGCGT,0,2337917
mglBp,0.3333333333333333,2,2,GCCAGATCGCGCCAGGTACA,0,2394857
mglBp,0.3333333333333333,2,2,GCCACTAGAGATCCGCGCGA,0,2406392
mglBp,0.3333333333333333,2,2,GCCACTAAAGGGTTTTATTG,0,2369120
mglBp,0.3333333333333333,2,2,GCCACGTGCGTCTAAAGGAA,0,2391980
mglBp,0.3333333333333333,2,2,GCCACGGACCAGACAGGTTT,0,2375703
mglBp,0.3333333333333333,2,2,GCCACCCGGTGTTCTACCGT,0,2334936
mglBp,0.3333333333333333,2,2,GCCAACTTCATGAAAGCAAT,0,2383891
mglBp,0.3333333333333333,2,2,GCCAAACGGCTTCTGTTTGG,0,2329742
mglBp,0.3333333333333333,2,2,GCATTTTTAGTCGGAAATAA,0,2393344
mglBp,0.3333333333333333,2,2,GCATTCGTGTCCAGCTACAG,0,2393465
mglBp,0.3333333333333333,2,2,GCATTATCTTGTATCACGAT,0,2421233
mglBp,0.3333333333333333,2,2,GCATTACAGTTCAGCTCTGG,0,2343594
mglBp,0.3333333333333333,2,2,GCATTAATACTTGTAACGCG,0,2380873
mglBp,0.3333333333333333,2,2,GCATGCAGTCAAGTTTTCGA,0,2418224
mglBp,0.3333333333333333,2,2,GCATGATAGACTGGCGAGTC,0,2347318
mglBp,0.3333333333333333,2,2,GCATCTGGTTTCGGAATTCG,0,2386257
mglBp,0.3333333333333333,2,2,GCATCCCCAATGGGTTGCTT,0,2401414
mglBp,0.3333333333333333,2,2,GCATACATCCAAGAGATCCC,0,2371669
mglBp,0.3333333333333333,2,2,GCATACACTTCCAGTAAGCT,0,2335130
mglBp,0.3333333333333333,2,2,GCATAAAACTTTCGGATAGA,0,2362355
mglBp,0.3333333333333333,2,2,GCAGGTTGCCGCCGGATAAA,0,2379780
mglBp,0.3333333333333333,2,2,GCAGGTACCCCTCAACACGG,0,2401104
mglBp,0.3333333333333333,2,2,GCAGGGGTTGGGGTGGCAAC,0,2367519
mglBp,0.3333333333333333,2,2,GCAGGGGGTTACCGCGTGAA,0,2335400
mglBp,0.3333333333333333,2,2,GCAGGACTGAAAGTCATTAA,0,2331267
mglBp,0.3333333333333333,2,2,GCAGGAATCTAGAATGTAGA,0,2393520
mglBp,0.3333333333333333,2,2,GCAGCGATCGGTTATTGATG,0,2411555
mglBp,0.3333333333333333,2,2,GCAGCGAGAAGTTAATTAAT,0,2357302
mglBp,0.3333333333333333,2,2,GCAGCCCTATGTAAAGGGAT,0,2337689
mglBp,0.3333333333333333,2,2,GCAGCCATTATCCGTTCCTC,0,2317149
mglBp,0.3333333333333333,2,2,GCAGATTTACCCTAAAAGGC,0,2356156
mglBp,0.3333333333333333,2,2,GCAGATTCGATAATAGCTAG,0,2335468
mglBp,0.3333333333333333,2,2,GCAGAATCACACAACTTCTG,0,2393767
mglBp,0.3333333333333333,2,2,GCACTATGCCGTAAGTGAAA,0,2408637
mglBp,0.3333333333333333,2,2,GCACTAGAACCGTCAATCGA,0,2339344
mglBp,0.3333333333333333,2,2,GCACCTTTCCTGAGCATTTA,0,2421734
mglBp,0.3333333333333333,2,2,GCACCTCCTAACGAGTGTTG,0,2404603
mglBp,0.3333333333333333,2,2,GCACCGGGAGTCCGACCGCC,0,2405674
mglBp,0.3333333333333333,2,2,GCACCGACGCATAGCTCCTT,0,2378792
mglBp,0.3333333333333333,2,2,GCACCCGGAACACTTAGTAA,0,2396947
mglBp,0.3333333333333333,2,2,GCACATTTTGTGCAGAAAGA,0,2407107
mglBp,0.3333333333333333,2,2,GCACACGGGATAATATAAGA,0,2335424
mglBp,0.3333333333333333,2,2,GCAATTCCGGACAATACTCT,0,2342173
mglBp,0.3333333333333333,2,2,GCAATTATGATGTCGTCAGT,0,2376366
mglBp,0.3333333333333333,2,2,GCAATTACTCGGTAGGTTGC,0,2346239
mglBp,0.3333333333333333,2,2,GCAATCAGTAAATTATGCTC,0,2323618
mglBp,0.3333333333333333,2,2,GCAATACTCTTGGTTATCAT,0,2360003
mglBp,0.3333333333333333,2,2,GCAAGGGAGGCTGTACGCAT,0,2368510
mglBp,0.3333333333333333,2,2,GCAAGGCAGAGCCCGGTCGA,0,2362749
mglBp,0.3333333333333333,2,2,GCAAGCAGGTGATCGAAACT,0,2379905
mglBp,0.3333333333333333,2,2,GCAACTTGAGGACAGCTGCG,0,2330864
mglBp,0.3333333333333333,2,2,GCAACGCATTTTGTGTATCT,0,2348672
mglBp,0.3333333333333333,2,2,GCAACAGGTCCTCCTGATGG,0,2374022
mglBp,0.3333333333333333,2,2,GCAAAGTTGCTCTGCGGGAG,0,2364331
mglBp,0.3333333333333333,2,2,GCAAAGTAAGACGACGTCAT,0,2365632
mglBp,0.3333333333333333,2,2,GCAAAGGGATAGAGCTTTAT,0,2368662
mglBp,0.3333333333333333,2,2,GCAAAGGATGGCCTAAAGGT,0,2337856
mglBp,0.3333333333333333,2,2,GCAAAGATCGTAAGTAGCGA,0,2353656
mglBp,0.3333333333333333,2,2,GATTTTCGCTTCTAAGCCTC,0,2357218
mglBp,0.3333333333333333,2,2,GATTTGTAGGCAATCCTCTA,0,2407950
mglBp,0.3333333333333333,2,2,GATTTCTTGGTGAGCTAGGT,0,2370860
mglBp,0.3333333333333333,2,2,GATTGGGACGGATAAATTGA,0,2344432
mglBp,0.3333333333333333,2,2,GATTGATTTGCTTATCAAAG,0,2350930
mglBp,0.3333333333333333,2,2,GATTCTACCGCCAGGTTTTA,0,2329018
mglBp,0.3333333333333333,2,2,GATTCGCGTCGATTTAACAA,0,2328971
mglBp,0.3333333333333333,2,2,GATTCATCATTTTTGTGTAA,0,2349695
mglBp,0.3333333333333333,2,2,GATTATCCAGTCTATAAAGC,0,2396549
mglBp,0.3333333333333333,2,2,GATTAGGGGAGTATCCGTTT,0,2389654
mglBp,0.3333333333333333,2,2,GATGTGTTTACACTATAATC,0,2396943
mglBp,0.3333333333333333,2,2,GATGTCCAAAACATGCCTCT,0,2349323
mglBp,0.3333333333333333,2,2,GATGTACTCATGTGTTATGG,0,2422725
mglBp,0.3333333333333333,2,2,GATGGGGCCTGCTACAAGAT,0,2332287
mglBp,0.3333333333333333,2,2,GATGCGACACCCGTTACACA,0,2369734
mglBp,0.3333333333333333,2,2,GATGCCACGCTAAATTAACT,0,2372918
mglBp,0.3333333333333333,2,2,GATGCACTCCAACATGGCCC,0,2390876
mglBp,0.3333333333333333,2,2,GATGATTTACCCGCTCGGCA,0,2340278
mglBp,0.3333333333333333,2,2,GATCTGCGACTGTGCGGTTA,0,2359739
mglBp,0.3333333333333333,2,2,GATCGTGAAACTTAGCGATA,0,2388002
mglBp,0.3333333333333333,2,2,GATCGGGCGTATGAGCGTAC,0,2394279
mglBp,0.3333333333333333,2,2,GATCGGAGACGCGAAAGAGA,0,2325270
mglBp,0.3333333333333333,2,2,GATCCGTTTGTGTAGCCCAC,0,2374061
mglBp,0.3333333333333333,2,2,GATCCCATGAACCTTAACGG,0,2416035
mglBp,0.3333333333333333,2,2,GATCCAGCATGGTAGTCGTT,0,2379139
mglBp,0.3333333333333333,2,2,GATCCACGAGAACATAGATA,0,2351122
mglBp,0.3333333333333333,2,2,GATCCAACTCTCGTACGCTA,0,2399619
mglBp,0.3333333333333333,2,2,GATCATTTCGGAGCTCGTAA,0,2372619
mglBp,0.3333333333333333,2,2,GATCACGGAACCTGGTGGAG,0,2359518
mglBp,0.3333333333333333,2,2,GATCAAAACGGATCATCAAA,0,2321463
mglBp,0.3333333333333333,2,2,GATATTTGTCTCTGCCGGAC,0,2379413
mglBp,0.3333333333333333,2,2,GATATGTAGGTGCATCTTGT,0,2391577
mglBp,0.3333333333333333,2,2,GATATCTCTCCTAAGTCCTA,0,2339909
mglBp,0.3333333333333333,2,2,GATATCGCACTCGCCGAACA,0,2371761
mglBp,0.3333333333333333,2,2,GATAGTTGCCGGGCTGAGTG,0,2419263
mglBp,0.3333333333333333,2,2,GATAGTCCTGTAATCGCATT,0,2391077
mglBp,0.3333333333333333,2,2,GATAGGGTATTGGACCACAA,0,2349340
mglBp,0.3333333333333333,2,2,GATAGCTGTCCATTAGGGGA,0,2334251
mglBp,0.3333333333333333,2,2,GATACTCGTGTTGCGGACAA,0,2377441
mglBp,0.3333333333333333,2,2,GATACGACGGTCCCGCAATC,0,2323291
mglBp,0.3333333333333333,2,2,GATACCGCCATAAACCTTCG,0,2410671
mglBp,0.3333333333333333,2,2,GATACCGAAGGCATTAGAGT,0,2369376
mglBp,0.3333333333333333,2,2,GATACCAGAGACCCCAACGA,0,2357265
mglBp,0.3333333333333333,2,2,GATACAGTAAAATAACTACG,0,2357359
mglBp,0.3333333333333333,2,2,GATAATTGGATGAGTAGTCA,0,2349221
mglBp,0.3333333333333333,2,2,GATAACGGGTAAAGGCACTG,0,2383109
mglBp,0.3333333333333333,2,2,GAGTTTAAGGCCACGTACGT,0,2362834
mglBp,0.3333333333333333,2,2,GAGTGGTTTTCTGAGTTTGG,0,2316847
mglBp,0.3333333333333333,2,2,GAGTGACGCAACCAATCAAT,0,2339691
mglBp,0.3333333333333333,2,2,GAGTGAATCGAAGATGCCAG,0,2377272
mglBp,0.3333333333333333,2,2,GAGTCTTGGAAAATAAGAGA,0,2421498
mglBp,0.3333333333333333,2,2,GAGTATCTCAGTTAAGACAG,0,2394684
mglBp,0.3333333333333333,2,2,GAGTAGTACTCGTGACCCCC,0,2346783
mglBp,0.3333333333333333,2,2,GAGTAGGTGTGGAAACCTTT,0,2388375
mglBp,0.3333333333333333,2,2,GAGTACCCGCCTGGGAATAT,0,2422857
mglBp,0.3333333333333333,2,2,GAGTAATCAAAAATCCCTCC,0,2339391
mglBp,0.3333333333333333,2,2,GAGTAAAGATTGACACGCAG,0,2386931
mglBp,0.3333333333333333,2,2,GAGGTTAGAGCGGTTGGTCC,0,2388115
mglBp,0.3333333333333333,2,2,GAGGTCAATAACAACGAGAG,0,2359027
mglBp,0.3333333333333333,2,2,GAGGTACAAGCCAGGTGGGC,0,2388191
mglBp,0.3333333333333333,2,2,GAGGGTCTATCTACGACGTT,0,2400326
mglBp,0.3333333333333333,2,2,GAGGGGCTAGAGCGGACTGT,0,2358245
mglBp,0.3333333333333333,2,2,GAGGGGCGAATGTGGTAAGA,0,2363926
mglBp,0.3333333333333333,2,2,GAGGGCTTCCGATTGACGAT,0,2345684
mglBp,0.3333333333333333,2,2,GAGGGCGGATAGGGGCAATC,0,2373598
mglBp,0.3333333333333333,2,2,GAGGGAACGTCCGCGCGGTA,0,2324446
mglBp,0.3333333333333333,2,2,GAGGCTCATACAACAAGGAA,0,2404899
mglBp,0.3333333333333333,2,2,GAGGCTACGGTCCAGGAACG,0,2351730
mglBp,0.3333333333333333,2,2,GAGGATGCGCTCCCGGAAAT,0,2394966
mglBp,0.3333333333333333,2,2,GAGGAGCATGAACTCAACAA,0,2418969
mglBp,0.3333333333333333,2,2,GAGCTCGTTATTGGGCTTCT,0,2379806
mglBp,0.3333333333333333,2,2,GAGCTAGGCAGCTGACACTT,0,2331826
mglBp,0.3333333333333333,2,2,GAGCGTCAAGAGTTTTTCTA,0,2418421
mglBp,0.3333333333333333,2,2,GAGCGCGGGCTCTGGCTTGA,0,2365363
mglBp,0.3333333333333333,2,2,GAGCGCAGTCCAATGGCGGT,0,2353826
mglBp,0.3333333333333333,2,2,GAGCCTCAACGGCCTTTGAG,0,2400221
mglBp,0.3333333333333333,2,2,GAGCCGCGGGATGCTCAGGT,0,2319320
mglBp,0.3333333333333333,2,2,GAGCATGCTTCAACAAGGCG,0,2333872
mglBp,0.3333333333333333,2,2,GAGCAGACGCTGCGGTGATT,0,2399023
mglBp,0.3333333333333333,2,2,GAGCACCATTAAATGGGCAT,0,2417389
mglBp,0.3333333333333333,2,2,GAGCACACGAGACCCTCCTG,0,2355685
mglBp,0.3333333333333333,2,2,GAGATGTCAAGTCAATGTTG,0,2403714
mglBp,0.3333333333333333,2,2,GAGATGAAGTAGCGGACATG,0,2380519
mglBp,0.3333333333333333,2,2,GAGATCTCTTTGTCACGGAA,0,2335330
mglBp,0.3333333333333333,2,2,GAGATCGGACCACCAAGGCG,0,2359683
mglBp,0.3333333333333333,2,2,GAGATCCGACAAAACACTGA,0,2383410
mglBp,0.3333333333333333,2,2,GAGATCATATGCTTTTCAAT,0,2357584
mglBp,0.3333333333333333,2,2,GAGAGTTCTTTGTTTTATAC,0,2322372
mglBp,0.3333333333333333,2,2,GAGAGGATTTGGGAGTCTAG,0,2393122
mglBp,0.3333333333333333,2,2,GAGAGAACCACTCTCATCAT,0,2367276
mglBp,0.3333333333333333,2,2,GAGACGGCTCGGGGGACCTT,0,2318205
mglBp,0.3333333333333333,2,2,GAGACCTTACCCTCAACGCG,0,2399154
mglBp,0.3333333333333333,2,2,GAGAATTGAGGAAATTAGCA,0,2416260
mglBp,0.3333333333333333,2,2,GAGAAGATCTTGTTTGTATA,0,2317664
mglBp,0.3333333333333333,2,2,GAGAACTGTATGACTTTTTG,0,2327476
mglBp,0.3333333333333333,2,2,GAGAACGGGCAGCATCCTAA,0,2410050
mglBp,0.3333333333333333,2,2,GAGAACGCCTACTTCTATAA,0,2339016
mglBp,0.3333333333333333,2,2,GAGAACCCAGACGGACAGGT,0,2413342
mglBp,0.3333333333333333,2,2,GAGAACAATCTGTCCAATGC,0,2378581
mglBp,0.3333333333333333,2,2,GAGAAAATCAGTTACCGAGA,0,2383867
mglBp,0.3333333333333333,2,2,GACTTGCACATTGCTACCCA,0,2343167
mglBp,0.3333333333333333,2,2,GACTTAATCTTGCCACGAGT,0,2359128
mglBp,0.3333333333333333,2,2,GACTTAAGGGCCATACACCT,0,2368519
mglBp,0.3333333333333333,2,2,GACTGTTTTTAGCAGGCAGG,0,2374384
mglBp,0.3333333333333333,2,2,GACTCTTTAGTACAGGGCGT,0,2364839
mglBp,0.3333333333333333,2,2,GACTCTTGCAAGCGAACTGA,0,2421222
mglBp,0.3333333333333333,2,2,GACTCTGTAGCGCTTCAGGT,0,2349510
mglBp,0.3333333333333333,2,2,GACTCTACATCAGTTTGGGT,0,2407892
mglBp,0.3333333333333333,2,2,GACTCGTAATGACTTCTCAT,0,2386506
mglBp,0.3333333333333333,2,2,GACTATCTAGGTGTAGCACA,0,2326175
mglBp,0.3333333333333333,2,2,GACGTTTATAAAGGAGGTAC,0,2335634
mglBp,0.3333333333333333,2,2,GACGTTCTCCGGTTTGTGGC,0,2387408
mglBp,0.3333333333333333,2,2,GACGTGTCTGCGCAAGCGGG,0,2334742
mglBp,0.3333333333333333,2,2,GACGGTTCGGTGTACGAATT,0,2325563
mglBp,0.3333333333333333,2,2,GACGGGTAAGATCTAGATCG,0,2346351
mglBp,0.3333333333333333,2,2,GACGGGGTTATAGTAAGAGT,0,2375111
mglBp,0.3333333333333333,2,2,GACGGCTAACGCCTGGCGTA,0,2355312
mglBp,0.3333333333333333,2,2,GACGGAGGCGCGGACGGATA,0,2374487
mglBp,0.3333333333333333,2,2,GACGGACTGGGCTTAGCAGT,0,2319733
mglBp,0.3333333333333333,2,2,GACGGAACTGCCCGATGTAT,0,2370854
mglBp,0.3333333333333333,2,2,GACGCTTCGAAACTCTCATA,0,2407469
mglBp,0.3333333333333333,2,2,GACGCGTCAACACTTAGTAA,0,2418058
mglBp,0.3333333333333333,2,2,GACGCGCTGCATCTACACAC,0,2404888
mglBp,0.3333333333333333,2,2,GACGCAGTCCTTGTGGTCAC,0,2385877
mglBp,0.3333333333333333,2,2,GACGATTCTTTATACCATTG,0,2422235
mglBp,0.3333333333333333,2,2,GACGACTTGTGATATCTGCC,0,2326481
mglBp,0.3333333333333333,2,2,GACGACTGGAGTACTCAAGG,0,2417677
mglBp,0.3333333333333333,2,2,GACGAACTCGCCCCCTCGGG,0,2418028
mglBp,0.3333333333333333,2,2,GACCTCCGTGAAACGGCGTT,0,2397665
mglBp,0.3333333333333333,2,2,GACCGTCTGTCTTGCAGAGT,0,2411365
mglBp,0.3333333333333333,2,2,GACCGTACGCTAGCGTCGCT,0,2324226
mglBp,0.3333333333333333,2,2,GACCGGCCCGCGCTAATCTC,0,2347352
mglBp,0.3333333333333333,2,2,GACCGCCTCTCACATTTGGT,0,2371619
mglBp,0.3333333333333333,2,2,GACCGCCCCAAGCGAGGCGA,0,2335463
mglBp,0.3333333333333333,2,2,GACCGATCCCAAATTAAGGG,0,2377811
mglBp,0.3333333333333333,2,2,GACCCTTGGCTGCAAGCAAA,0,2364413
mglBp,0.3333333333333333,2,2,GACCCTGGCAGCGGGGTGAC,0,2326690
mglBp,0.3333333333333333,2,2,GACCATCAATAGAACACTGC,0,2373578
mglBp,0.3333333333333333,2,2,GACCAGATTTGTTTTAGAAG,0,2382811
mglBp,0.3333333333333333,2,2,GACCACCAAAAGTAATTCTA,0,2410678
mglBp,0.3333333333333333,2,2,GACCAATTGGGGGAAATGTC,0,2410179
mglBp,0.3333333333333333,2,2,GACCAAGACTGTCTAGTCCA,0,2342854
mglBp,0.3333333333333333,2,2,GACCAACTCTACAGCTCCAC,0,2376191
mglBp,0.3333333333333333,2,2,GACATTTTCCGCCCCCTAAG,0,2333915
mglBp,0.3333333333333333,2,2,GACAGTAAGTCGGTCTTCCT,0,2375839
mglBp,0.3333333333333333,2,2,GACAGATAGAAATTACACTG,0,2369135
mglBp,0.3333333333333333,2,2,GACACTCGTGATGAGGCAAG,0,2351039
mglBp,0.3333333333333333,2,2,GACACTAAAGCGCGGCCCAT,0,2332455
mglBp,0.3333333333333333,2,2,GACACCGCATCGCATATATT,0,2326135
mglBp,0.3333333333333333,2,2,GACAATTATAAGCGATACGT,0,2325083
mglBp,0.3333333333333333,2,2,GACAATAGGCCTACGCGGAC,0,2420438
mglBp,0.3333333333333333,2,2,GACAAGAAGGTCTCATGGCG,0,2396865
mglBp,0.3333333333333333,2,2,GACAACGAGTGCCGTTGCTC,0,2355005
mglBp,0.3333333333333333,2,2,GACAACATGAACAGTCGCAA,0,2417130
mglBp,0.3333333333333333,2,2,GACAAACGCCATGGCACGGT,0,2390283
mglBp,0.3333333333333333,2,2,GACAAACCGAAGTGAAAATG,0,2325040
mglBp,0.3333333333333333,2,2,GACAAACAGAAGGAAACGTA,0,2369117
mglBp,0.3333333333333333,2,2,GAATTTTGGCCACACGGAGC,0,2335254
mglBp,0.3333333333333333,2,2,GAATTTGTTCCTATACAGTA,0,2402406
mglBp,0.3333333333333333,2,2,GAATTTCGGAAGGCTCCCCT,0,2337167
mglBp,0.3333333333333333,2,2,GAATTAATTCAAAATGTTAT,0,2380098
mglBp,0.3333333333333333,2,2,GAATGCTAGAACAAATTTAT,0,2356762
mglBp,0.3333333333333333,2,2,GAATCCGGGTGGACTTTGAA,0,2330320
mglBp,0.3333333333333333,2,2,GAATATGTACGTCTAGGGGA,0,2322146
mglBp,0.3333333333333333,2,2,GAATATGGCTGTAACTTGTA,0,2402058
mglBp,0.3333333333333333,2,2,GAAGTTAGATACCTCCTGTC,0,2405357
mglBp,0.3333333333333333,2,2,GAAGTGTTGTGAGCAATACG,0,2409656
mglBp,0.3333333333333333,2,2,GAAGTGTATTACTACTGTAA,0,2340974
mglBp,0.3333333333333333,2,2,GAAGGGTCCTGAATTGGCGC,0,2384409
mglBp,0.3333333333333333,2,2,GAAGGCGCTCCCAACCGCCT,0,2328494
mglBp,0.3333333333333333,2,2,GAAGGCGCGTCGTGTTCCGA,0,2416574
mglBp,0.3333333333333333,2,2,GAAGGATATAGGTGATTATG,0,2419405
mglBp,0.3333333333333333,2,2,GAAGCTTTGGTACATCGCCG,0,2386748
mglBp,0.3333333333333333,2,2,GAAGCCCTAACTGTAAACTA,0,2349726
mglBp,0.3333333333333333,2,2,GAAGCCACGATCCGAACTCG,0,2316716
mglBp,0.3333333333333333,2,2,GAAGATAAAAGTTGTCCATG,0,2356841
mglBp,0.3333333333333333,2,2,GAACTTTACCGCTCGAGAAT,0,2363177
mglBp,0.3333333333333333,2,2,GAACTGTCTTCAGACGGTCG,0,2392059
mglBp,0.3333333333333333,2,2,GAACTATCCCTACTGTGGAA,0,2420714
mglBp,0.3333333333333333,2,2,GAACGGCTATAGTAGCTCGG,0,2329159
mglBp,0.3333333333333333,2,2,GAACGGAAAGCGAAACCTTC,0,2415818
mglBp,0.3333333333333333,2,2,GAACGATAGTAGGCTCGTAG,0,2330702
mglBp,0.3333333333333333,2,2,GAACCGATTCACAGCTTACT,0,2329051
mglBp,0.3333333333333333,2,2,GAACATCGTTATTACACCAT,0,2341432
mglBp,0.3333333333333333,2,2,GAACATAGACGGACGAGTTT,0,2373960
mglBp,0.3333333333333333,2,2,GAACATACTCTTACAGAACT,0,2381155
mglBp,0.3333333333333333,2,2,GAACAGCCGCCGTCCTGCTG,0,2382677
mglBp,0.3333333333333333,2,2,GAACAGAAGATGCGTCTTCA,0,2377348
mglBp,0.3333333333333333,2,2,GAACACTTAATTTTTATGTT,0,2419707
mglBp,0.3333333333333333,2,2,GAACAATCAGATACGATAAA,0,2401988
mglBp,0.3333333333333333,2,2,GAACAATACAGTTATTGTAC,0,2356680
mglBp,0.3333333333333333,2,2,GAACAAAGCCGCGCCGGCTC,0,2395173
mglBp,0.3333333333333333,2,2,GAAATTAGGCGCGTGTATGC,0,2341994
mglBp,0.3333333333333333,2,2,GAAATGGATTCTGGGCGCCA,0,2389194
mglBp,0.3333333333333333,2,2,GAAATCGGAAGCCGCTAAAT,0,2383477
mglBp,0.3333333333333333,2,2,GAAATCCTCTAGCAGAAGTT,0,2337114
mglBp,0.3333333333333333,2,2,GAAATCATTGGTCAATAGGG,0,2335075
mglBp,0.3333333333333333,2,2,GAAATCAGTTTTTAATAGAG,0,2346594
mglBp,0.3333333333333333,2,2,GAAATATCTTGTTTTTTCAT,0,2366756
mglBp,0.3333333333333333,2,2,GAAATATCGATTTTGTGCCT,0,2400304
mglBp,0.3333333333333333,2,2,GAAAGCCTAGAGGGTCGCGA,0,2418994
mglBp,0.3333333333333333,2,2,GAAACGGTCAGCGGTTATCC,0,2323260
mglBp,0.3333333333333333,2,2,GAAACGGAAGATGTCCTCCA,0,2382532
mglBp,0.3333333333333333,2,2,GAAACCTGGGCGGGTGTTAT,0,2351510
mglBp,0.3333333333333333,2,2,GAAACCGGAGGATTATTGGT,0,2348609
mglBp,0.3333333333333333,2,2,GAAACAGTAGTTATAAGGAG,0,2380323
mglBp,0.3333333333333333,2,2,GAAACACGATGTAGGTACAG,0,2392744
mglBp,0.3333333333333333,2,2,GAAAATTTGCCCAGCGTTCT,0,2340146
mglBp,0.3333333333333333,2,2,GAAAATAAAGACCAGGGAGG,0,2359372
mglBp,0.3333333333333333,2,2,GAAAAGGACCTAATTCGTAT,0,2370940
mglBp,0.3333333333333333,2,2,CTTTTTATTCGAGTCTATTT,0,2386874
mglBp,0.3333333333333333,2,2,CTTTTGTTAGAGTAATCTAT,0,2396554
mglBp,0.3333333333333333,2,2,CTTTTGGGTCGCTGTAACAC,0,2357384
mglBp,0.3333333333333333,2,2,CTTTTGCAGGCAGCCAGTAT,0,2322156
mglBp,0.3333333333333333,2,2,CTTTTCTAGCCTAAAAGCAT,0,2338390
mglBp,0.3333333333333333,2,2,CTTTTCTACTATTGTACCCC,0,2340044
mglBp,0.3333333333333333,2,2,CTTTTCAGCTGAGAGCTCAC,0,2400566
mglBp,0.3333333333333333,2,2,CTTTGTTTGCGTATAGCAGC,0,2358116
mglBp,0.3333333333333333,2,2,CTTTGTTCGGCCACCGGTCA,0,2366952
mglBp,0.3333333333333333,2,2,CTTTCACTGACAACCTTAGT,0,2398261
mglBp,0.3333333333333333,2,2,CTTTATGCAATCACAATAGC,0,2385522
mglBp,0.3333333333333333,2,2,CTTTATCCATCAATACGAGG,0,2369600
mglBp,0.3333333333333333,2,2,CTTTACTGGGGGCGAGTTAC,0,2366510
mglBp,0.3333333333333333,2,2,CTTTACGAGACCAATAAATG,0,2398056
mglBp,0.3333333333333333,2,2,CTTTAACCGTATCAGATAAG,0,2343384
mglBp,0.3333333333333333,2,2,CTTGTACCATCATACCGGCT,0,2341915
mglBp,0.3333333333333333,2,2,CTTGGTTAACTGGTTCTAGC,0,2363474
mglBp,0.3333333333333333,2,2,CTTGGGCGCCTCTTAGACCC,0,2375185
mglBp,0.3333333333333333,2,2,CTTGGCTTTATGTCAGTAGA,0,2359635
mglBp,0.3333333333333333,2,2,CTTGGCCAGACCTCGTTAAC,0,2423126
mglBp,0.3333333333333333,2,2,CTTGGATTCATGCGAGGATA,0,2357993
mglBp,0.3333333333333333,2,2,CTTGCTCTCCTTACGTCGAT,0,2405028
mglBp,0.3333333333333333,2,2,CTTGCTCAACAGACAGGTAT,0,2410339
mglBp,0.3333333333333333,2,2,CTTGCGTGAATACTTACTCC,0,2394869
mglBp,0.3333333333333333,2,2,CTTGCCAAGAGCGAGGCAGT,0,2342741
mglBp,0.3333333333333333,2,2,CTTGCACGGAAACGAGACCT,0,2342856
mglBp,0.3333333333333333,2,2,CTTGCAAAAACATTCGAGAG,0,2352688
mglBp,0.3333333333333333,2,2,CTTGCAAAAACAAGGGCCAC,0,2412216
mglBp,0.3333333333333333,2,2,CTTGATGCTTCGATGCCCAG,0,2413715
mglBp,0.3333333333333333,2,2,CTTGATCTAGAATCACCTAT,0,2331332
mglBp,0.3333333333333333,2,2,CTTGACATCTTAACCACTAT,0,2386940
mglBp,0.3333333333333333,2,2,CTTCTGGATAGATCATGAAT,0,2330045
mglBp,0.3333333333333333,2,2,CTTCTCCGTATTTCACACAT,0,2362401
mglBp,0.3333333333333333,2,2,CTTCTAGGCAGACAGGCTGT,0,2402727
mglBp,0.3333333333333333,2,2,CTTCTACACCTACCCCGGAG,0,2393675
mglBp,0.3333333333333333,2,2,CTTCGACCCGTCATCATACG,0,2379882
mglBp,0.3333333333333333,2,2,CTTCGACACCGACTGCGCAT,0,2395085
mglBp,0.3333333333333333,2,2,CTTCGAATGCGGCTCCATCG,0,2404783
mglBp,0.3333333333333333,2,2,CTTCCTTGATTCGCGTCCGT,0,2368032
mglBp,0.3333333333333333,2,2,CTTCCTCCTTCGGGAGATAG,0,2370010
mglBp,0.3333333333333333,2,2,CTTCCGAGGCACGGAACATA,0,2342761
mglBp,0.3333333333333333,2,2,CTTCCCCGGCAAGAGGCGCA,0,2358194
mglBp,0.3333333333333333,2,2,CTTCCCCAGTGTACGGTGAA,0,2396378
mglBp,0.3333333333333333,2,2,CTTCATTCTCATAGGTTTAT,0,2405536
mglBp,0.3333333333333333,2,2,CTTCAGCTAACAAGCCCCTT,0,2322840
mglBp,0.3333333333333333,2,2,CTTCACGACTGAATTTGAAG,0,2404744
mglBp,0.3333333333333333,2,2,CTTATGCTATGTTCAATTAA,0,2363953
mglBp,0.3333333333333333,2,2,CTTATGCCCTAGATGCAACC,0,2396213
mglBp,0.3333333333333333,2,2,CTTATCTACGGTTCAGAAGG,0,2342182
mglBp,0.3333333333333333,2,2,CTTATAGTGGTCGCGCCGAC,0,2377383
mglBp,0.3333333333333333,2,2,CTTAGTTCTGAGCAGATATT,0,2335105
mglBp,0.3333333333333333,2,2,CTTAGTGCAAATTTGGGCAG,0,2411660
mglBp,0.3333333333333333,2,2,CTTAGGTAACCAGAGCTGAT,0,2393475
mglBp,0.3333333333333333,2,2,CTTAGATATTCCTAATGCCA,0,2338938
mglBp,0.3333333333333333,2,2,CTTACGATGCCATTGAGGGA,0,2387061
mglBp,0.3333333333333333,2,2,CTTAAGCTCTGCGTGTCAGG,0,2419409
mglBp,0.3333333333333333,2,2,CTTAAGATAAAGTTCTTCTT,0,2394566
mglBp,0.3333333333333333,2,2,CTTAAGACACGGGGAGGGGA,0,2384759
mglBp,0.3333333333333333,2,2,CTTAACGGACAGATTATTCA,0,2321725
mglBp,0.3333333333333333,2,2,CTTAAACGAGAGGCACGCTC,0,2376239
mglBp,0.3333333333333333,2,2,CTGTTTGATCGTAGGTGCAA,0,2414768
mglBp,0.3333333333333333,2,2,CTGTTGTACTTGAGCATTCC,0,2380088
mglBp,0.3333333333333333,2,2,CTGTTGACGTCCGAGTGTGC,0,2385577
mglBp,0.3333333333333333,2,2,CTGTGTTGCATATTGGCTCC,0,2396051
mglBp,0.3333333333333333,2,2,CTGTGTACGAATATTCTATG,0,2421003
mglBp,0.3333333333333333,2,2,CTGTGGTGTTCTGATAGCCA,0,2375563
mglBp,0.3333333333333333,2,2,CTGTGCCAGCTGCACAACAA,0,2354380
mglBp,0.3333333333333333,2,2,CTGTGAAAGCGGTTTCGATT,0,2406294
mglBp,0.3333333333333333,2,2,CTGTCTGGTAATAAGAAGAA,0,2394266
mglBp,0.3333333333333333,2,2,CTGTCGTGCAGCGAGCCATC,0,2409803
mglBp,0.3333333333333333,2,2,CTGTCCAGCCATGGCCCATA,0,2385682
mglBp,0.3333333333333333,2,2,CTGTCATGACGAGGTGCGAG,0,2317006
mglBp,0.3333333333333333,2,2,CTGTCACACAACGACGCTTG,0,2390835
mglBp,0.3333333333333333,2,2,CTGTATTTAGGATCTTGCTA,0,2368597
mglBp,0.3333333333333333,2,2,CTGTAAGTGTCGCCTTTTGA,0,2334438
mglBp,0.3333333333333333,2,2,CTGGTGCAAGCTTCCTCAAT,0,2340112
mglBp,0.3333333333333333,2,2,CTGGTAGAGACGCCCGACAC,0,2380330
mglBp,0.3333333333333333,2,2,CTGGGTGAGATGAAAGTTAA,0,2331038
mglBp,0.3333333333333333,2,2,CTGGGGTGAACAGACAGGGA,0,2379754
mglBp,0.3333333333333333,2,2,CTGGAGCCGACCATCTTTGG,0,2405258
mglBp,0.3333333333333333,2,2,CTGGAGATAGGGTGCAGATT,0,2393165
mglBp,0.3333333333333333,2,2,CTGGAAGGACAGAATCCTAG,0,2393862
mglBp,0.3333333333333333,2,2,CTGCTTACCAGCGCAGGTAT,0,2387149
mglBp,0.3333333333333333,2,2,CTGCTGGCCGCTTCGTTTGA,0,2378394
mglBp,0.3333333333333333,2,2,CTGCTGATAGTCGGAGGATG,0,2396606
mglBp,0.3333333333333333,2,2,CTGCTATCTTGGTGGGGCAT,0,2413823
mglBp,0.3333333333333333,2,2,CTGCTAGAACGTATCTACCA,0,2354195
mglBp,0.3333333333333333,2,2,CTGCGTCCTCAGATTGTCTG,0,2420398
mglBp,0.3333333333333333,2,2,CTGCGTCCGGACGCGCACGG,0,2395185
mglBp,0.3333333333333333,2,2,CTGCGTAGTTAACGTATCTT,0,2380952
mglBp,0.3333333333333333,2,2,CTGCGGGGTGTTACATATGG,0,2413208
mglBp,0.3333333333333333,2,2,CTGCGGGGTGTCCATTCGCA,0,2391112
mglBp,0.3333333333333333,2,2,CTGCGCACACCCAGCCGCTT,0,2384384
mglBp,0.3333333333333333,2,2,CTGCGACACTGAGAAGAAGT,0,2335630
mglBp,0.3333333333333333,2,2,CTGCCGGATACAACGCGTTG,0,2398332
mglBp,0.3333333333333333,2,2,CTGCCGCGTATTCTAGTGTA,0,2360298
mglBp,0.3333333333333333,2,2,CTGCCCGTACCTCACTAGGG,0,2352343
mglBp,0.3333333333333333,2,2,CTGCCCCTACTACGGGGGGC,0,2403215
mglBp,0.3333333333333333,2,2,CTGCAGAAGGGTAGCGCCGA,0,2388754
mglBp,0.3333333333333333,2,2,CTGCAACAACACAAGTCTCC,0,2407670
mglBp,0.3333333333333333,2,2,CTGATGTCCCCCAGTCACTT,0,2393050
mglBp,0.3333333333333333,2,2,CTGATGATGCCGATTACTAA,0,2361738
mglBp,0.3333333333333333,2,2,CTGATGACAGGGATATTAAT,0,2352364
mglBp,0.3333333333333333,2,2,CTGATCGCGATTGCCTTGCG,0,2362940
mglBp,0.3333333333333333,2,2,CTGATCCAATCCGACCCTTG,0,2393702
mglBp,0.3333333333333333,2,2,CTGATCACCGTAGAAAGTTC,0,2398848
mglBp,0.3333333333333333,2,2,CTGATAATCTCTTTACCATA,0,2327013
mglBp,0.3333333333333333,2,2,CTGAGGCTCAGTCAAGTATC,0,2410933
mglBp,0.3333333333333333,2,2,CTGAGCAAGGCAGGATTTAC,0,2325539
mglBp,0.3333333333333333,2,2,CTGACGAGAGGAAGTGCGTT,0,2383400
mglBp,0.3333333333333333,2,2,CTGACACAGATTATAGTTGC,0,2323509
mglBp,0.3333333333333333,2,2,CTGAATTAATACATTGACTG,0,2413481
mglBp,0.3333333333333333,2,2,CTGAAGCGTCACTTGGCCTG,0,2351472
mglBp,0.3333333333333333,2,2,CTGAACAGTTAAGATAGGCA,0,2378048
mglBp,0.3333333333333333,2,2,CTGAACACAAGATGTTCTCT,0,2390484
mglBp,0.3333333333333333,2,2,CTGAAATCGTCCGAGTGTGT,0,2363978
mglBp,0.3333333333333333,2,2,CTCTTTTATAGAAATCATGC,0,2338969
mglBp,0.3333333333333333,2,2,CTCTTTTAACAGCGCCTACT,0,2376994
mglBp,0.3333333333333333,2,2,CTCTTGGCATTCGTTTACCA,0,2420290
mglBp,0.3333333333333333,2,2,CTCTTGAGTGTAGCGGTGGA,0,2321907
mglBp,0.3333333333333333,2,2,CTCTTCAATCCGCTATCCCT,0,2319549
mglBp,0.3333333333333333,2,2,CTCTGAGTGAGTGAACGGCT,0,2331764
mglBp,0.3333333333333333,2,2,CTCTGAAATATATTCACCCA,0,2355427
mglBp,0.3333333333333333,2,2,CTCTCTCTTCATTCCGGTAT,0,2413381
mglBp,0.3333333333333333,2,2,CTCTCTCCCAAGGCCAAACA,0,2379612
mglBp,0.3333333333333333,2,2,CTCTCGACGGCTTTGCGCCA,0,2341395
mglBp,0.3333333333333333,2,2,CTCTCCCGTGTGACTCCAAG,0,2345326
mglBp,0.3333333333333333,2,2,CTCTAGAATTCGCGGTCTCA,0,2382770
mglBp,0.3333333333333333,2,2,CTCTACAAGAGTGTGGCAGC,0,2324825
mglBp,0.3333333333333333,2,2,CTCTAACATTCGGTCTGAAA,0,2331873
mglBp,0.3333333333333333,2,2,CTCTAAATCGTTTAGGGTCT,0,2370397
mglBp,0.3333333333333333,2,2,CTCGTGTAACAACTAAGAAG,0,2393655
mglBp,0.3333333333333333,2,2,CTCGTGCATGGGACCAGCAA,0,2389193
mglBp,0.3333333333333333,2,2,CTCGTCAATGCGTGAACCTC,0,2410997
mglBp,0.3333333333333333,2,2,CTCGTCAAGAGGACTTGTAG,0,2318953
mglBp,0.3333333333333333,2,2,CTCGGGTTTAACGCCTCGAA,0,2351823
mglBp,0.3333333333333333,2,2,CTCGGAATCGGGCGACTGCA,0,2423308
mglBp,0.3333333333333333,2,2,CTCGCTTACGAATAGTCCTG,0,2398599
mglBp,0.3333333333333333,2,2,CTCGCTCCGGGCACGTTGAA,0,2378221
mglBp,0.3333333333333333,2,2,CTCGCTCACGGCCTCAGGTC,0,2359448
mglBp,0.3333333333333333,2,2,CTCGCCTAGTATTGTTTTTT,0,2398298
mglBp,0.3333333333333333,2,2,CTCGCACAACTGTACGTCGC,0,2398778
mglBp,0.3333333333333333,2,2,CTCGATGACTTCTCCGAGGC,0,2322853
mglBp,0.3333333333333333,2,2,CTCGATAACGGGGACTCTCT,0,2414757
mglBp,0.3333333333333333,2,2,CTCGAGGGTGTGACGTCGCC,0,2363798
mglBp,0.3333333333333333,2,2,CTCCTTTCCGCGTAGTCCAG,0,2348702
mglBp,0.3333333333333333,2,2,CTCCTGCGGAGGTTTTACTT,0,2361177
mglBp,0.3333333333333333,2,2,CTCCTCTCAGGCTGGGGTGC,0,2363226
mglBp,0.3333333333333333,2,2,CTCCGTGGTTACAGGGGTCA,0,2412482
mglBp,0.3333333333333333,2,2,CTCCGTATGCGTTCAGGGAG,0,2422605
mglBp,0.3333333333333333,2,2,CTCCGGATCACAGAGTTCGG,0,2372109
mglBp,0.3333333333333333,2,2,CTCCGGAGGTAAATAAAGGT,0,2351641
mglBp,0.3333333333333333,2,2,CTCCGCAAGGTATTTGTGAG,0,2396893
mglBp,0.3333333333333333,2,2,CTCCGATAAGAGAGCCTTAA,0,2395799
mglBp,0.3333333333333333,2,2,CTCCCCGGATGTTTTACTAC,0,2386299
mglBp,0.3333333333333333,2,2,CTCCATAGCAAGCGCACTTT,0,2357261
mglBp,0.3333333333333333,2,2,CTCCACTACAGCCGTCGTTG,0,2363879
mglBp,0.3333333333333333,2,2,CTCATGGCTGAGGTGCTCTA,0,2378893
mglBp,0.3333333333333333,2,2,CTCATCGTCAAGCAGGACTA,0,2353237
mglBp,0.3333333333333333,2,2,CTCAGCTTCCTCTGAATTCC,0,2419101
mglBp,0.3333333333333333,2,2,CTCAGCGAGGCTTCATACAG,0,2355671
mglBp,0.3333333333333333,2,2,CTCACTCACAGTGTGATGCG,0,2375268
mglBp,0.3333333333333333,2,2,CTCACTAGCAAAGCGAACGA,0,2341771
mglBp,0.3333333333333333,2,2,CTCACCGCATCGGCGAATGG,0,2384753
mglBp,0.3333333333333333,2,2,CTCACATACTTCGCAGCTAG,0,2323804
mglBp,0.3333333333333333,2,2,CTCAAGAATCAGTTGAGTCA,0,2412804
mglBp,0.3333333333333333,2,2,CTATTTCTACTACTAATCGC,0,2423095
mglBp,0.3333333333333333,2,2,CTATGGGCCTCTCGTCGAGC,0,2381889
mglBp,0.3333333333333333,2,2,CTATGGCGGACATAGAAGCT,0,2383780
mglBp,0.3333333333333333,2,2,CTATGGCAAGCAATGTCGCG,0,2404269
mglBp,0.3333333333333333,2,2,CTATGGACGACACCTTGGCC,0,2419149
mglBp,0.3333333333333333,2,2,CTATGCTTATATGCAATGGA,0,2369143
mglBp,0.3333333333333333,2,2,CTATCCTGATAGCTGGATGT,0,2360286
mglBp,0.3333333333333333,2,2,CTATCCCGGACGGAGTCCCT,0,2407312
mglBp,0.3333333333333333,2,2,CTATCAGCATAGGTGAAGGT,0,2341888
mglBp,0.3333333333333333,2,2,CTATATGCATGCCGTGCTTG,0,2385373
mglBp,0.3333333333333333,2,2,CTATAATTACCATGGGTGTA,0,2319381
mglBp,0.3333333333333333,2,2,CTATAAAAGTCGAGCCGCAT,0,2409776
mglBp,0.3333333333333333,2,2,CTAGTTATCTCATGGAGCAA,0,2341467
mglBp,0.3333333333333333,2,2,CTAGTCGCGACGGATGCGGT,0,2366102
mglBp,0.3333333333333333,2,2,CTAGTCCAACCGTGCCTCAG,0,2418042
mglBp,0.3333333333333333,2,2,CTAGGTCCCTGTAAGGTACT,0,2419998
mglBp,0.3333333333333333,2,2,CTAGGGTTTCATTACTCACT,0,2375247
mglBp,0.3333333333333333,2,2,CTAGGGCGAGAGATATTGCA,0,2407147
mglBp,0.3333333333333333,2,2,CTAGCGTGAAGGAGAACAGA,0,2414831
mglBp,0.3333333333333333,2,2,CTAGCGCACTCTCCTGAAGT,0,2353387
mglBp,0.3333333333333333,2,2,CTAGCGATGATTGACTTGGG,0,2395137
mglBp,0.3333333333333333,2,2,CTAGCCTATCCGATTGACGC,0,2401569
mglBp,0.3333333333333333,2,2,CTAGCAGTGGAAAACCTACC,0,2339801
mglBp,0.3333333333333333,2,2,CTAGCACGTAGAACTGACGA,0,2330578
mglBp,0.3333333333333333,2,2,CTAGCAATGAACGCGACAGG,0,2391823
mglBp,0.3333333333333333,2,2,CTAGCAAGTTATATAAGTAA,0,2351535
mglBp,0.3333333333333333,2,2,CTAGATTCTTTATTACCAGC,0,2335433
mglBp,0.3333333333333333,2,2,CTAGAATGTAGGCGCACGTT,0,2359548
mglBp,0.3333333333333333,2,2,CTAGAAGTTCAAACGAGTAG,0,2387561
mglBp,0.3333333333333333,2,2,CTAGAAAGGACGCACCGCCC,0,2402336
mglBp,0.3333333333333333,2,2,CTACTTGCGACCATACCCAA,0,2356537
mglBp,0.3333333333333333,2,2,CTACTTGCATGCGTCCTCAA,0,2323005
mglBp,0.3333333333333333,2,2,CTACTCGCCGTCGTATCAAA,0,2316710
mglBp,0.3333333333333333,2,2,CTACTCATGGACCTATCGCC,0,2341063
mglBp,0.3333333333333333,2,2,CTACGCGCTCTCAACACCTG,0,2328404
mglBp,0.3333333333333333,2,2,CTACCTTCTACTGAGCCCAC,0,2322434
mglBp,0.3333333333333333,2,2,CTACCGACAGTCCGGTATTG,0,2356791
mglBp,0.3333333333333333,2,2,CTACCCCTTCGAACTCGGTC,0,2327708
mglBp,0.3333333333333333,2,2,CTACCCCATTGTCTGCGGCG,0,2339681
mglBp,0.3333333333333333,2,2,CTACATTCCTTCGAAAGGCA,0,2332518
mglBp,0.3333333333333333,2,2,CTACACCCCGGGGTGCTTGT,0,2374200
mglBp,0.3333333333333333,2,2,CTAATGTTATGTGACTGTAG,0,2396986
mglBp,0.3333333333333333,2,2,CTAATGAGGGTAGTTAGCTT,0,2323576
mglBp,0.3333333333333333,2,2,CTAATCTTATATAAAGTGGG,0,2362899
mglBp,0.3333333333333333,2,2,CTAATCTCGGACAAGTGACA,0,2421631
mglBp,0.3333333333333333,2,2,CTAATATTACGATTTGGCAG,0,2356061
mglBp,0.3333333333333333,2,2,CTAAGTTAAACCGCCCCACA,0,2385485
mglBp,0.3333333333333333,2,2,CTAAGTGGCCGGGAACAGCA,0,2340243
mglBp,0.3333333333333333,2,2,CTAAGTACGTGCCTGTCTTA,0,2387535
mglBp,0.3333333333333333,2,2,CTAAGGGTTTCGATATTAGG,0,2329167
mglBp,0.3333333333333333,2,2,CTAAGGGGTGTCCACGGGAA,0,2325303
mglBp,0.3333333333333333,2,2,CTAAGGGATACCCCCTCTTT,0,2409066
mglBp,0.3333333333333333,2,2,CTAACGGACGAGGACATACT,0,2363016
mglBp,0.3333333333333333,2,2,CTAAATCCTGCATCTTACGG,0,2327133
mglBp,0.3333333333333333,2,2,CTAAATAATGAACACATAGT,0,2358037
mglBp,0.3333333333333333,2,2,CTAAAGTGTGGACATTTGTG,0,2384546
mglBp,0.3333333333333333,2,2,CTAAACTTTGGTCTGCGGGA,0,2332284
mglBp,0.3333333333333333,2,2,CGTTTTGAAAACAATGGTTA,0,2395863
mglBp,0.3333333333333333,2,2,CGTTTGTAGCCAGTTTAGTA,0,2422249
mglBp,0.3333333333333333,2,2,CGTTTCTGGACTTATCAGAC,0,2334844
mglBp,0.3333333333333333,2,2,CGTTTCAGTAATTGTACTAG,0,2383002
mglBp,0.3333333333333333,2,2,CGTTTAGGATTTGAAAGACT,0,2366178
mglBp,0.3333333333333333,2,2,CGTTTACAGCTTGGTAAGTC,0,2333413
mglBp,0.3333333333333333,2,2,CGTTGTCCGTGCGGCAACCC,0,2386159
mglBp,0.3333333333333333,2,2,CGTTGAGAATTGCGTTCACT,0,2319292
mglBp,0.3333333333333333,2,2,CGTTGACGTTGACGATAATC,0,2366464
mglBp,0.3333333333333333,2,2,CGTTCCAGAAAGTAGGTTCC,0,2386632
mglBp,0.3333333333333333,2,2,CGTTCATAAACTATAGCACG,0,2393841
mglBp,0.3333333333333333,2,2,CGTTATTGGCTTGAGTAAAA,0,2374483
mglBp,0.3333333333333333,2,2,CGTTATCGCGTGGTTGAGGT,0,2418369
mglBp,0.3333333333333333,2,2,CGTTAGTTCTCATCAGCGTT,0,2381070
mglBp,0.3333333333333333,2,2,CGTTAGTGACGAGGGGCATA,0,2400003
mglBp,0.3333333333333333,2,2,CGTTAGGAGTTTGACTTGTT,0,2404006
mglBp,0.3333333333333333,2,2,CGTTAGCAAAGTTTACCTCT,0,2336240
mglBp,0.3333333333333333,2,2,CGTTAGAAGTGCGGGACTTT,0,2408478
mglBp,0.3333333333333333,2,2,CGTTACTTGCTGCGATCACT,0,2416057
mglBp,0.3333333333333333,2,2,CGTTACAGGAACGTTATCGT,0,2415146
mglBp,0.3333333333333333,2,2,CGTTACAAGACTATATTTTC,0,2409097
mglBp,0.3333333333333333,2,2,CGTTAAGTACCGTATTTTCC,0,2320996
mglBp,0.3333333333333333,2,2,CGTTAACGATCAGGTAAAAG,0,2326015
mglBp,0.3333333333333333,2,2,CGTGTGTATACATTCACCTC,0,2391217
mglBp,0.3333333333333333,2,2,CGTGTCTATGCTTACTTCAA,0,2344019
mglBp,0.3333333333333333,2,2,CGTGTCAGCAAGTTTAAGGG,0,2374872
mglBp,0.3333333333333333,2,2,CGTGGGTGTAGATGTTAACG,0,2382625
mglBp,0.3333333333333333,2,2,CGTGGCGTGGTTTAAAGAGA,0,2351585
mglBp,0.3333333333333333,2,2,CGTGCTTGGTTCGATCACTA,0,2346183
mglBp,0.3333333333333333,2,2,CGTGCTGCTTTTTGAAGTCC,0,2344862
mglBp,0.3333333333333333,2,2,CGTGCGTATCTTGGCCGGTT,0,2414245
mglBp,0.3333333333333333,2,2,CGTGCCCACGGCCCTACAAT,0,2404741
mglBp,0.3333333333333333,2,2,CGTGCAGAAAGTGATTTTTC,0,2350355
mglBp,0.3333333333333333,2,2,CGTGATCCTGCGCCCTCGTT,0,2419930
mglBp,0.3333333333333333,2,2,CGTGATACATCGCATCCATG,0,2398430
mglBp,0.3333333333333333,2,2,CGTGAGTGTCCACTAACGAC,0,2391799
mglBp,0.3333333333333333,2,2,CGTGAGTGCTTCAAGGCGTA,0,2404512
mglBp,0.3333333333333333,2,2,CGTGAGGTTCCCTGTTGACC,0,2392816
mglBp,0.3333333333333333,2,2,CGTGAGCATGTCCCAGCTTC,0,2394084
mglBp,0.3333333333333333,2,2,CGTGAAGGTAGTGGATACGA,0,2373608
mglBp,0.3333333333333333,2,2,CGTGAAATCGTCGTGGAGGC,0,2364626
mglBp,0.3333333333333333,2,2,CGTCTGAGGTTACGCGTCCT,0,2361859
mglBp,0.3333333333333333,2,2,CGTCTCAATGGTAGTATTGC,0,2355483
mglBp,0.3333333333333333,2,2,CGTCGTAGAAACAATGGGCA,0,2331694
mglBp,0.3333333333333333,2,2,CGTCGGCAGTGGTGCCTGGT,0,2344485
mglBp,0.3333333333333333,2,2,CGTCGATATTTCGCAAATGA,0,2324587
mglBp,0.3333333333333333,2,2,CGTCCTAGGATTTACTGCAT,0,2419842
mglBp,0.3333333333333333,2,2,CGTCCCTCCAACGGGTTCGA,0,2384624
mglBp,0.3333333333333333,2,2,CGTCCAACGCGCTTGCTAGA,0,2400199
mglBp,0.3333333333333333,2,2,CGTCATGGGCACCGGATTGC,0,2340522
mglBp,0.3333333333333333,2,2,CGTCATCGCTCCAGGGGTGA,0,2354793
mglBp,0.3333333333333333,2,2,CGTCAGGAACGCACCACATA,0,2327643
mglBp,0.3333333333333333,2,2,CGTCACGGGAAAGCACTATA,0,2395755
mglBp,0.3333333333333333,2,2,CGTCACCTAATCTCGGATTG,0,2359827
mglBp,0.3333333333333333,2,2,CGTCAACGCCCTGAAGGAGC,0,2407553
mglBp,0.3333333333333333,2,2,CGTATAGGCTATTCGAGGTC,0,2400300
mglBp,0.3333333333333333,2,2,CGTATAGGACTTCCTAGCCA,0,2358213
mglBp,0.3333333333333333,2,2,CGTAGTAGGGTGGCCCTACT,0,2387148
mglBp,0.3333333333333333,2,2,CGTACAATAAGCAGCCGTGA,0,2333408
mglBp,0.3333333333333333,2,2,CGTAAGTCTCGTACTAAGTT,0,2390050
mglBp,0.3333333333333333,2,2,CGTAAGCAAACGTCGCCCTT,0,2363512
mglBp,0.3333333333333333,2,2,CGTAACCAGAGGAGCGCCCA,0,2329169
mglBp,0.3333333333333333,2,2,CGGTTTTATGGGTAGTCCGT,0,2369173
mglBp,0.3333333333333333,2,2,CGGTTGACTCTTCTTGTTGG,0,2346985
mglBp,0.3333333333333333,2,2,CGGTTCGCAGAGAATACGGA,0,2404696
mglBp,0.3333333333333333,2,2,CGGTTCCGTTGTCGCGAGAC,0,2366999
mglBp,0.3333333333333333,2,2,CGGTGTCTCTTGGGTGGCCC,0,2411165
mglBp,0.3333333333333333,2,2,CGGTGTCTCCTAAGCCTCTG,0,2367122
mglBp,0.3333333333333333,2,2,CGGTGTATACGCGATATCTA,0,2376036
mglBp,0.3333333333333333,2,2,CGGTGGCGGAGTTCGGGTAC,0,2397950
mglBp,0.3333333333333333,2,2,CGGTCAGATGGGTCATGTGT,0,2405075
mglBp,0.3333333333333333,2,2,CGGTCAATTTGGAAATCTCC,0,2356235
mglBp,0.3333333333333333,2,2,CGGTCAATCCTGCGTGATGT,0,2353834
mglBp,0.3333333333333333,2,2,CGGTCAAGATAGCATCATTC,0,2342996
mglBp,0.3333333333333333,2,2,CGGTATTGTTCATAGGTAAG,0,2374854
mglBp,0.3333333333333333,2,2,CGGTATAAAAGATAGCCGTC,0,2339044
mglBp,0.3333333333333333,2,2,CGGTAGTTTCAATTACGACA,0,2374708
mglBp,0.3333333333333333,2,2,CGGTAGCGCGTGAGAAATAG,0,2392450
mglBp,0.3333333333333333,2,2,CGGTACATCGTGCAGATCGA,0,2400226
mglBp,0.3333333333333333,2,2,CGGTACATAAGCAGCTTGGG,0,2397642
mglBp,0.3333333333333333,2,2,CGGTAATCATTATCCGCAAA,0,2359101
mglBp,0.3333333333333333,2,2,CGGGTTCGGTCCTCTATCTA,0,2337299
mglBp,0.3333333333333333,2,2,CGGGTGGTTTAATGTACGTC,0,2345600
mglBp,0.3333333333333333,2,2,CGGGTGAACGATCCAGACAT,0,2400861
mglBp,0.3333333333333333,2,2,CGGGGCTCGCAGACACCGGT,0,2416438
mglBp,0.3333333333333333,2,2,CGGGGCGTTAAGACTCGTTC,0,2357654
mglBp,0.3333333333333333,2,2,CGGGGAGGTGTTCAAAGGCA,0,2401182
mglBp,0.3333333333333333,2,2,CGGGCTCCAAGTTCTATGAT,0,2326189
mglBp,0.3333333333333333,2,2,CGGGCCAGCTGCGAGTAGAC,0,2399688
mglBp,0.3333333333333333,2,2,CGGGCATACAGGTGCGGCGG,0,2408881
mglBp,0.3333333333333333,2,2,CGGGATTACAACTAGCGATC,0,2338630
mglBp,0.3333333333333333,2,2,CGGGATGACGTTCACAAAAG,0,2361217
mglBp,0.3333333333333333,2,2,CGGGAGGTCGGCACTCCCTC,0,2368437
mglBp,0.3333333333333333,2,2,CGGGAGCTCAATCTAATGAT,0,2373657
mglBp,0.3333333333333333,2,2,CGGGAGCACGTGACCAGAGT,0,2390606
mglBp,0.3333333333333333,2,2,CGGGACTTTATATTGAAATG,0,2341780
mglBp,0.3333333333333333,2,2,CGGGAAAGCATAGGCTCCGG,0,2353895
mglBp,0.3333333333333333,2,2,CGGCTTTGATTGCAGATTGG,0,2356089
mglBp,0.3333333333333333,2,2,CGGCTTTCGAGCCTGACTTG,0,2323198
mglBp,0.3333333333333333,2,2,CGGCTGTCCTATCTCGGTCC,0,2421157
mglBp,0.3333333333333333,2,2,CGGCTCTTTCGGCGCTATCA,0,2406232
mglBp,0.3333333333333333,2,2,CGGCTCGTAGGGTTCATCAT,0,2418275
mglBp,0.3333333333333333,2,2,CGGCTATTGGCGGATAGTCA,0,2378644
mglBp,0.3333333333333333,2,2,CGGCTATATCAGCCCCGTTC,0,2352297
mglBp,0.3333333333333333,2,2,CGGCGTTAGAATTATTCGGT,0,2372325
mglBp,0.3333333333333333,2,2,CGGCGTCGCTCCGAATGGTT,0,2385407
mglBp,0.3333333333333333,2,2,CGGCGATCATTTGTTTACAA,0,2385950
mglBp,0.3333333333333333,2,2,CGGCGAGTTGGTCTCGTACA,0,2403228
mglBp,0.3333333333333333,2,2,CGGCGAACATGGGCCCTCCA,0,2364042
mglBp,0.3333333333333333,2,2,CGGCCTTCACGTCTCGGGGG,0,2395894
mglBp,0.3333333333333333,2,2,CGGCCGGGAACTAGGCAAGG,0,2346556
mglBp,0.3333333333333333,2,2,CGGCCGGCTCCTCCTCTAAG,0,2381705
mglBp,0.3333333333333333,2,2,CGGCCCCCAAATGCGATCAG,0,2353677
mglBp,0.3333333333333333,2,2,CGGCAGGCACCACGTGACGT,0,2348722
mglBp,0.3333333333333333,2,2,CGGCAGCTCGAGTGACGTCC,0,2318888
mglBp,0.3333333333333333,2,2,CGGCACGATTTATGACCTCA,0,2332066
mglBp,0.3333333333333333,2,2,CGGCAATAGGCGACCCGGAG,0,2402589
mglBp,0.3333333333333333,2,2,CGGATGGTCTAGCCCCAGTC,0,2328335
mglBp,0.3333333333333333,2,2,CGGATCAGGCATCCGATCGT,0,2394063
mglBp,0.3333333333333333,2,2,CGGATATTGCAATTCCCATT,0,2317289
mglBp,0.3333333333333333,2,2,CGGAGTCATAATGTAGTGCA,0,2369800
mglBp,0.3333333333333333,2,2,CGGAGCGGTGTAACCTCCAG,0,2336406
mglBp,0.3333333333333333,2,2,CGGAGATCAAACGTTGGGAC,0,2411500
mglBp,0.3333333333333333,2,2,CGGAGATAACAGTCGGTCCT,0,2359794
mglBp,0.3333333333333333,2,2,CGGACTGAAACTTGTCATTG,0,2341529
mglBp,0.3333333333333333,2,2,CGGACGTTTCCTCTGAGCTC,0,2391140
mglBp,0.3333333333333333,2,2,CGGACGAAGTGCTCGCGTGT,0,2375534
mglBp,0.3333333333333333,2,2,CGGACCATATCCTCAGGCTT,0,2377149
mglBp,0.3333333333333333,2,2,CGGAAGTTATTGTCCAAATT,0,2335131
mglBp,0.3333333333333333,2,2,CGGAAAAGAGGTATTAGGGT,0,2387598
mglBp,0.3333333333333333,2,2,CGCTTTTGTACTTATCTATA,0,2337438
mglBp,0.3333333333333333,2,2,CGCTTGTTCGTCCGATACAC,0,2367033
mglBp,0.3333333333333333,2,2,CGCTGGGACCGGACCACAAC,0,2352132
mglBp,0.3333333333333333,2,2,CGCTGGATGACACTCGATTC,0,2332067
mglBp,0.3333333333333333,2,2,CGCTGCTAGCCAGCTTATTG,0,2341502
mglBp,0.3333333333333333,2,2,CGCTGCGGTTACCGACGCGG,0,2419848
mglBp,0.3333333333333333,2,2,CGCTGATGCCTTGGTGATTT,0,2343404
mglBp,0.3333333333333333,2,2,CGCTCTTGAAAGCAGGCTGT,0,2388092
mglBp,0.3333333333333333,2,2,CGCTCTGTGGAGCGGCCTCC,0,2399771
mglBp,0.3333333333333333,2,2,CGCTCGGCGTCAACGGTCGC,0,2421899
mglBp,0.3333333333333333,2,2,CGCTCCTTACGGAAAAGCCC,0,2344250
mglBp,0.3333333333333333,2,2,CGCTATCTCCGGGCGCCCCA,0,2412041
mglBp,0.3333333333333333,2,2,CGCTACACAAAGTTCTCTGG,0,2391556
mglBp,0.3333333333333333,2,2,CGCTAAGGTTCGGATACGGT,0,2351040
mglBp,0.3333333333333333,2,2,CGCTAAACTCGCAAGCCTTG,0,2371938
mglBp,0.3333333333333333,2,2,CGCGTGTATTAACAGATAGC,0,2354293
mglBp,0.3333333333333333,2,2,CGCGGTGGAGAGTAGAATAT,0,2344655
mglBp,0.3333333333333333,2,2,CGCGGGGTAAAAGACTATAA,0,2422031
mglBp,0.3333333333333333,2,2,CGCGGCTTTCACGGCGGATT,0,2352431
mglBp,0.3333333333333333,2,2,CGCGGAGACTCAGAGGCCGA,0,2389406
mglBp,0.3333333333333333,2,2,CGCGGACTCTACCCATGCAG,0,2393654
mglBp,0.3333333333333333,2,2,CGCGCGTCTTTTGTGAAGAG,0,2353054
mglBp,0.3333333333333333,2,2,CGCGATTCTGTTACTCCGAA,0,2334823
mglBp,0.3333333333333333,2,2,CGCCTTCAAGGAGATAGTTG,0,2362455
mglBp,0.3333333333333333,2,2,CGCCTAGACGTGCCAGGGGG,0,2375286
mglBp,0.3333333333333333,2,2,CGCCGTCGCAACGTCCCGAA,0,2358747
mglBp,0.3333333333333333,2,2,CGCCGTAACATTTCGATCGG,0,2401263
mglBp,0.3333333333333333,2,2,CGCCGCTTGACCCCGAACCC,0,2360148
mglBp,0.3333333333333333,2,2,CGCCGCTCATTTGATCTGAC,0,2377080
mglBp,0.3333333333333333,2,2,CGCCCTACTGGCCCTTCAGG,0,2392247
mglBp,0.3333333333333333,2,2,CGCCCTAAGGTTCTCTAAGT,0,2390091
mglBp,0.3333333333333333,2,2,CGCCCGATTCTCCGGTAACG,0,2320137
mglBp,0.3333333333333333,2,2,CGCCCACTATCATACCTGCA,0,2402685
mglBp,0.3333333333333333,2,2,CGCCCAATACTCGCTGTCTT,0,2394296
mglBp,0.3333333333333333,2,2,CGCCAGGCTCCATGACTCAT,0,2387985
mglBp,0.3333333333333333,2,2,CGCCACTATTGCGGAGGGCT,0,2404960
mglBp,0.3333333333333333,2,2,CGCCACGCCCAAACGTCCGG,0,2422252
mglBp,0.3333333333333333,2,2,CGCAGCTATAATCTGCTCAC,0,2324828
mglBp,0.3333333333333333,2,2,CGCAGACATCAAGATTTTAT,0,2345171
mglBp,0.3333333333333333,2,2,CGCACTGGCAAGCCAGACAC,0,2357070
mglBp,0.3333333333333333,2,2,CGCACGCGATAGAATAAAGG,0,2325414
mglBp,0.3333333333333333,2,2,CGCACGATCTGCGTTATCGA,0,2341557
mglBp,0.3333333333333333,2,2,CGCACCGCCTGTAAATCTGA,0,2415133
mglBp,0.3333333333333333,2,2,CGCACACTTGCAAACTAAGC,0,2327969
mglBp,0.3333333333333333,2,2,CGCAATCCAAAACGCAGCTA,0,2374239
mglBp,0.3333333333333333,2,2,CGCAAACTAGACAAGCTAGG,0,2348900
mglBp,0.3333333333333333,2,2,CGATTGGTTGATGGCCCAAA,0,2378942
mglBp,0.3333333333333333,2,2,CGATTGCACCGCCAGCTAGT,0,2322301
mglBp,0.3333333333333333,2,2,CGATTGACGGGTCACGGCTC,0,2419819
mglBp,0.3333333333333333,2,2,CGATTCCGTGGAAACACCAA,0,2374295
mglBp,0.3333333333333333,2,2,CGATGTCAGGGCAGTTAGTG,0,2416838
mglBp,0.3333333333333333,2,2,CGATGCTCTCAAGTGCTCAA,0,2414920
mglBp,0.3333333333333333,2,2,CGATGCCTTGAACTTCTAAG,0,2373829
mglBp,0.3333333333333333,2,2,CGATGAGGGAGTGTGAAAGA,0,2383828
mglBp,0.3333333333333333,2,2,CGATCGTCCGGGGCTTCATT,0,2354796
mglBp,0.3333333333333333,2,2,CGATCGTAACAGATATTGTA,0,2367297
mglBp,0.3333333333333333,2,2,CGATCCACGGGAGACGAGAC,0,2363013
mglBp,0.3333333333333333,2,2,CGATCAGCTTTTACAAGGAT,0,2383057
mglBp,0.3333333333333333,2,2,CGATACTCGGTTAACATTCC,0,2320066
mglBp,0.3333333333333333,2,2,CGATAATAGTACACGCACAC,0,2353289
mglBp,0.3333333333333333,2,2,CGAGTTGGGGACTGGGCCCC,0,2375506
mglBp,0.3333333333333333,2,2,CGAGTTCGGCGGCAGGCGTT,0,2361685
mglBp,0.3333333333333333,2,2,CGAGTTCCTATTACTTGTAA,0,2396335
mglBp,0.3333333333333333,2,2,CGAGTGTAGATGGTAAAATT,0,2379729
mglBp,0.3333333333333333,2,2,CGAGTGCGTTATGTACCTCT,0,2417168
mglBp,0.3333333333333333,2,2,CGAGTCTGTTTGCCGCAATC,0,2352348
mglBp,0.3333333333333333,2,2,CGAGTCCCTCGAAGTGTACC,0,2385582
mglBp,0.3333333333333333,2,2,CGAGTCCACGCCCGACACCC,0,2381875
mglBp,0.3333333333333333,2,2,CGAGTAATAACGTATGCGGA,0,2337921
mglBp,0.3333333333333333,2,2,CGAGGTTGGGAACCTTCTTA,0,2393608
mglBp,0.3333333333333333,2,2,CGAGGTGACCTAAGTCTGCC,0,2349783
mglBp,0.3333333333333333,2,2,CGAGGGATTAAGTCCTTCAG,0,2397500
mglBp,0.3333333333333333,2,2,CGAGGGACGAGCTGGCTAGT,0,2325198
mglBp,0.3333333333333333,2,2,CGAGGCGAACTCAACCTGCT,0,2353326
mglBp,0.3333333333333333,2,2,CGAGCGGGACGTACTTGTTT,0,2364629
mglBp,0.3333333333333333,2,2,CGAGCATTACATCGTCAAGG,0,2325777
mglBp,0.3333333333333333,2,2,CGAGACGTGCGAACTACGGA,0,2388156
mglBp,0.3333333333333333,2,2,CGAGACGGATATAAAGCACT,0,2379820
mglBp,0.3333333333333333,2,2,CGACTTTTTCCCAAACGGTT,0,2382515
mglBp,0.3333333333333333,2,2,CGACTCAGCTTTAACGCACT,0,2385786
mglBp,0.3333333333333333,2,2,CGACGTGATTCGGTGCCCCT,0,2377532
mglBp,0.3333333333333333,2,2,CGACGGAATTTTGTGTACAT,0,2377212
mglBp,0.3333333333333333,2,2,CGACGCGCGTCTTTCTAATT,0,2388025
mglBp,0.3333333333333333,2,2,CGACGAACATTAAGGAAATG,0,2340638
mglBp,0.3333333333333333,2,2,CGACCTTGGGATAAGAATAT,0,2384144
mglBp,0.3333333333333333,2,2,CGACAGGCATGGCCGGGGCG,0,2410689
mglBp,0.3333333333333333,2,2,CGACAGATGCCCGTAATTGT,0,2317954
mglBp,0.3333333333333333,2,2,CGACAAGAGGATTGTGTTAT,0,2423227
mglBp,0.3333333333333333,2,2,CGAATGTTACCTTTGCGAGG,0,2337850
mglBp,0.3333333333333333,2,2,CGAATGCGAGTTCCGCAGAC,0,2395653
mglBp,0.3333333333333333,2,2,CGAAGTTATAGTTTGTTAAC,0,2330781
mglBp,0.3333333333333333,2,2,CGAAGGCACACAGCGGAATA,0,2339203
mglBp,0.3333333333333333,2,2,CGAAGCGCAAATTAGAATAA,0,2400644
mglBp,0.3333333333333333,2,2,CGAACCTCCAGCCGATTATT,0,2411412
mglBp,0.3333333333333333,2,2,CGAACCACATTCATGGCAGT,0,2325158
mglBp,0.3333333333333333,2,2,CGAAAGTTCTAACAACATTA,0,2420293
mglBp,0.3333333333333333,2,2,CGAAACGTACTCGTATGTCA,0,2398851
mglBp,0.3333333333333333,2,2,CGAAACGAGAGTGTTGACGC,0,2358587
mglBp,0.3333333333333333,2,2,CGAAAAGGACTGACGTACGC,0,2333944
mglBp,0.3333333333333333,2,2,CCTTTTTCCGCGTGCTGGTT,0,2422633
mglBp,0.3333333333333333,2,2,CCTTTCCCCGTTAGTGCGCA,0,2343473
mglBp,0.3333333333333333,2,2,CCTTTAGTTTATACGCGTAC,0,2337775
mglBp,0.3333333333333333,2,2,CCTTGTCGGACACACCCTGC,0,2365018
mglBp,0.3333333333333333,2,2,CCTTGGGAGCCATTAACCGA,0,2391564
mglBp,0.3333333333333333,2,2,CCTTGGCTAAGGTGGAAGAT,0,2355523
mglBp,0.3333333333333333,2,2,CCTTGAGATGCAGGTAAATC,0,2400589
mglBp,0.3333333333333333,2,2,CCTTGAACCGTACACAAGCC,0,2369440
mglBp,0.3333333333333333,2,2,CCTTCTGTTCATGATGGACA,0,2401957
mglBp,0.3333333333333333,2,2,CCTTCTGCTGCGTATAATAC,0,2371956
mglBp,0.3333333333333333,2,2,CCTTCTACTTCGCCTATAAA,0,2336999
mglBp,0.3333333333333333,2,2,CCTTCGGGTATAGAGATAGT,0,2404883
mglBp,0.3333333333333333,2,2,CCTTAGACGATTGGGCGTTT,0,2378998
mglBp,0.3333333333333333,2,2,CCTTACGGTTACCCCGTAGA,0,2397297
mglBp,0.3333333333333333,2,2,CCTGTGAGAAAAAATGGGAG,0,2327855
mglBp,0.3333333333333333,2,2,CCTGGTTGGCTTTCCGGAGT,0,2346880
mglBp,0.3333333333333333,2,2,CCTGGTTAGATAAGAGGTCG,0,2401843
mglBp,0.3333333333333333,2,2,CCTGGTCCGCTGGTTTAATA,0,2389334
mglBp,0.3333333333333333,2,2,CCTGGTCATTCAATTTCATA,0,2343363
mglBp,0.3333333333333333,2,2,CCTGGTAAGGGTTCACGTAG,0,2333675
mglBp,0.3333333333333333,2,2,CCTGGGGCCTTTAAACACAG,0,2414917
mglBp,0.3333333333333333,2,2,CCTGGCCGCTATTTAAGAGA,0,2331501
mglBp,0.3333333333333333,2,2,CCTGGAGCACGAGCCGTAGA,0,2319726
mglBp,0.3333333333333333,2,2,CCTGGACATAAGCTTGCCCT,0,2345230
mglBp,0.3333333333333333,2,2,CCTGGAAAGTTCGCCTTAGA,0,2396944
mglBp,0.3333333333333333,2,2,CCTGCCCATTGTTACGCTTA,0,2347633
mglBp,0.3333333333333333,2,2,CCTGCACTTCGTTCATGGCA,0,2348116
mglBp,0.3333333333333333,2,2,CCTGATGGTTACAGCCATTT,0,2339860
mglBp,0.3333333333333333,2,2,CCTGATGACCATCCTTGGAT,0,2405263
mglBp,0.3333333333333333,2,2,CCTGAGGCAGGTGCCCATGA,0,2366179
mglBp,0.3333333333333333,2,2,CCTGACATCTATGCTAAGGA,0,2365083
mglBp,0.3333333333333333,2,2,CCTCGTAATCAATGTTACTC,0,2398241
mglBp,0.3333333333333333,2,2,CCTCGGAAACATCTCCCATC,0,2370388
mglBp,0.3333333333333333,2,2,CCTCCTCCAGACGGCCGTTC,0,2391297
mglBp,0.3333333333333333,2,2,CCTCCGTCGGTCACAGAGAT,0,2399703
mglBp,0.3333333333333333,2,2,CCTCCGCGAAGGGCATCGTG,0,2316784
mglBp,0.3333333333333333,2,2,CCTCCCGATTAGTCTCCCCG,0,2335215
mglBp,0.3333333333333333,2,2,CCTCATTTTTACAGACCGTG,0,2394172
mglBp,0.3333333333333333,2,2,CCTCAGGGGGCGGGCGCCAT,0,2406585
mglBp,0.3333333333333333,2,2,CCTCACATAACCCCCTACTA,0,2375327
mglBp,0.3333333333333333,2,2,CCTCAATCGACTGTCATCTT,0,2362719
mglBp,0.3333333333333333,2,2,CCTATTTTGGTGAGTCTTTT,0,2324690
mglBp,0.3333333333333333,2,2,CCTATCTTGCAATATCATTT,0,2333173
mglBp,0.3333333333333333,2,2,CCTATATGACGAGTGCCCGT,0,2341515
mglBp,0.3333333333333333,2,2,CCTATACAAGCTTCTCCTAC,0,2402255
mglBp,0.3333333333333333,2,2,CCTAGTGCTCGCTCTCCGAC,0,2374035
mglBp,0.3333333333333333,2,2,CCTAGGTGACTATCTTGTCA,0,2407699
mglBp,0.3333333333333333,2,2,CCTAGGCCGGGACCTCGTGT,0,2336247
mglBp,0.3333333333333333,2,2,CCTAGCTGTCCGGACGTACC,0,2339272
mglBp,0.3333333333333333,2,2,CCTACTCTAATCCTTTGTTC,0,2334618
mglBp,0.3333333333333333,2,2,CCTACGCGGCTATTGGGCTA,0,2386864
mglBp,0.3333333333333333,2,2,CCTACGACCTAACACAATGA,0,2417392
mglBp,0.3333333333333333,2,2,CCTACAAACGTTTTTACGTA,0,2324924
mglBp,0.3333333333333333,2,2,CCTAATCAAACTGGCTTCGT,0,2320240
mglBp,0.3333333333333333,2,2,CCTAAATTAGGTTGTAGACT,0,2319171
mglBp,0.3333333333333333,2,2,CCGTTTGTAGTATGGCCAGC,0,2379958
mglBp,0.3333333333333333,2,2,CCGTTGTTAGCTCGGAACTA,0,2417136
mglBp,0.3333333333333333,2,2,CCGTTGCTGGGTGTCAAGAG,0,2331452
mglBp,0.3333333333333333,2,2,CCGTTCTCACGTACGCGTTT,0,2388671
mglBp,0.3333333333333333,2,2,CCGTTCGAGTGACGGTATAA,0,2371510
mglBp,0.3333333333333333,2,2,CCGTTCACCAGTTCTGACGT,0,2345834
mglBp,0.3333333333333333,2,2,CCGTTACAGAATAAGTAAGA,0,2375425
mglBp,0.3333333333333333,2,2,CCGTGTGTTCCACGATCCGC,0,2359519
mglBp,0.3333333333333333,2,2,CCGTGTAAACTTCTACTCTC,0,2407069
mglBp,0.3333333333333333,2,2,CCGTGGGGCTATTTTCCGTG,0,2361722
mglBp,0.3333333333333333,2,2,CCGTGGCATGATAGTGGCTG,0,2356538
mglBp,0.3333333333333333,2,2,CCGTGCCCGTTCCACGCAGA,0,2366656
mglBp,0.3333333333333333,2,2,CCGTGACGCGGAGGAGATGG,0,2355291
mglBp,0.3333333333333333,2,2,CCGTCGTACGATACTCCACA,0,2402120
mglBp,0.3333333333333333,2,2,CCGTATTAAAAGAGACGAAT,0,2408458
mglBp,0.3333333333333333,2,2,CCGTAGGGGTGATTCGTCCC,0,2395056
mglBp,0.3333333333333333,2,2,CCGTAGGCCATGGAAAGTAG,0,2360156
mglBp,0.3333333333333333,2,2,CCGTAATATTCTTTAGGTCA,0,2420114
mglBp,0.3333333333333333,2,2,CCGTAATATTACCGACAGGA,0,2372151
mglBp,0.3333333333333333,2,2,CCGTAAGCGTGAAGCGGGGT,0,2396271
mglBp,0.3333333333333333,2,2,CCGGTTTTGAACTCGGGTTC,0,2366827
mglBp,0.3333333333333333,2,2,CCGGTTCTACGGACAGCAGA,0,2325810
mglBp,0.3333333333333333,2,2,CCGGTTATATTACTCTTCGG,0,2317723
mglBp,0.3333333333333333,2,2,CCGGTCTCATGCGGCAAGTA,0,2329955
mglBp,0.3333333333333333,2,2,CCGGGTGATTTCTGAGTACG,0,2329157
mglBp,0.3333333333333333,2,2,CCGGGTCCCGATGAGTAAAC,0,2413586
mglBp,0.3333333333333333,2,2,CCGGGTATCGTCCTATGAGG,0,2412840
mglBp,0.3333333333333333,2,2,CCGGGGATCCCATACCGGGA,0,2396502
mglBp,0.3333333333333333,2,2,CCGGCTTTGTACTTGGAGAT,0,2396650
mglBp,0.3333333333333333,2,2,CCGGCTTCACGCAAACTGTA,0,2354305
mglBp,0.3333333333333333,2,2,CCGGCCCCAAATGCACATGT,0,2397051
mglBp,0.3333333333333333,2,2,CCGGCATGGTAATATTGCAC,0,2392833
mglBp,0.3333333333333333,2,2,CCGGATTCCAAACCCCATCT,0,2339864
mglBp,0.3333333333333333,2,2,CCGGATTATACAAACACTTT,0,2415314
mglBp,0.3333333333333333,2,2,CCGGATGTCGGAAGGTGGAT,0,2401304
mglBp,0.3333333333333333,2,2,CCGGATCGATGTGTTCCCAT,0,2343426
mglBp,0.3333333333333333,2,2,CCGGAGACCATTGTATGTCC,0,2377745
mglBp,0.3333333333333333,2,2,CCGGAAGTAAACCCTGACCA,0,2417591
mglBp,0.3333333333333333,2,2,CCGGAAACTCCAAGGCTCGC,0,2373801
mglBp,0.3333333333333333,2,2,CCGCTTCTTACGTATGTACT,0,2320299
mglBp,0.3333333333333333,2,2,CCGCTCCAAGCGTCAATGGG,0,2335769
mglBp,0.3333333333333333,2,2,CCGCGGCTTCATAGGGCGTA,0,2318259
mglBp,0.3333333333333333,2,2,CCGCGGACAGCAACCGTTTT,0,2405461
mglBp,0.3333333333333333,2,2,CCGCCGTCAACTGTTGTCAA,0,2371255
mglBp,0.3333333333333333,2,2,CCGCCCGGTGTTATAGTTTG,0,2329374
mglBp,0.3333333333333333,2,2,CCGCCATGGCGGGTGGCATA,0,2390608
mglBp,0.3333333333333333,2,2,CCGCCAGCTAAGGCCCGTAC,0,2343755
mglBp,0.3333333333333333,2,2,CCGCCACTTGGTGGGTCACG,0,2393681
mglBp,0.3333333333333333,2,2,CCGCCAACGCGCCCGAATGT,0,2375685
mglBp,0.3333333333333333,2,2,CCGCAGCAGCCGTACGCCCT,0,2334568
mglBp,0.3333333333333333,2,2,CCGCACTGGGACTTACGCGA,0,2335795
mglBp,0.3333333333333333,2,2,CCGATTTAATCGCGAAATTC,0,2418786
mglBp,0.3333333333333333,2,2,CCGATGGTAATTTGGTATTA,0,2412439
mglBp,0.3333333333333333,2,2,CCGATACGTGTGGCGTTCAA,0,2397366
mglBp,0.3333333333333333,2,2,CCGAGGTTAAAAAGTAGTAG,0,2334879
mglBp,0.3333333333333333,2,2,CCGAGCTTAGGTCAGACGCG,0,2319675
mglBp,0.3333333333333333,2,2,CCGACTGAGTTTCCGGTAGT,0,2317851
mglBp,0.3333333333333333,2,2,CCGACGTCACAAGCGATTAA,0,2340639
mglBp,0.3333333333333333,2,2,CCGACCCTAGACTCTCCAAC,0,2363031
mglBp,0.3333333333333333,2,2,CCGACATGCTGGGACGAGTG,0,2413353
mglBp,0.3333333333333333,2,2,CCCTTTCGGTGCGGAACTAC,0,2394436
mglBp,0.3333333333333333,2,2,CCCTTCTCCGGCAAGGCGCT,0,2380403
mglBp,0.3333333333333333,2,2,CCCTTAGCGCGTCAACCCCC,0,2411945
mglBp,0.3333333333333333,2,2,CCCTGTCATGTCACATAGCG,0,2363024
mglBp,0.3333333333333333,2,2,CCCTGTAAACCGTTATCTCT,0,2317183
mglBp,0.3333333333333333,2,2,CCCTGGTTTGCCGCGCCTTC,0,2379319
mglBp,0.3333333333333333,2,2,CCCTGCCGCGTCAGTCTGTA,0,2320707
mglBp,0.3333333333333333,2,2,CCCTCTGATCCGCAGATTTA,0,2331329
mglBp,0.3333333333333333,2,2,CCCTCGTCAACGCCAATTCC,0,2318917
mglBp,0.3333333333333333,2,2,CCCTATACGGCTTACGGTAA,0,2357152
mglBp,0.3333333333333333,2,2,CCCTACGTCTCCTGCGACTA,0,2332355
mglBp,0.3333333333333333,2,2,CCCGTTTGAGCCTATGCAGA,0,2391349
mglBp,0.3333333333333333,2,2,CCCGTTCGGCCCCTGTTTGG,0,2393252
mglBp,0.3333333333333333,2,2,CCCGTGTGCGCTTGGAATTC,0,2414308
mglBp,0.3333333333333333,2,2,CCCGTGTAATAGCAATCGAG,0,2342453
mglBp,0.3333333333333333,2,2,CCCGTGGGGGATTCGCGGCA,0,2358443
mglBp,0.3333333333333333,2,2,CCCGTAATGCCAAACGACAC,0,2317897
mglBp,0.3333333333333333,2,2,CCCGGGGGGATTTGAGAGGA,0,2391643
mglBp,0.3333333333333333,2,2,CCCGGGAGGCGCGCAACCGG,0,2423129
mglBp,0.3333333333333333,2,2,CCCGGCACGGAGCAATCTAT,0,2350943
mglBp,0.3333333333333333,2,2,CCCGGCAAAATCAATTGGTC,0,2339547
mglBp,0.3333333333333333,2,2,CCCGGATTGTCTTGCTCCCC,0,2343286
mglBp,0.3333333333333333,2,2,CCCGGAAGAACCTGCCATGC,0,2396459
mglBp,0.3333333333333333,2,2,CCCGCGGATTTGCGGGCGGT,0,2394448
mglBp,0.3333333333333333,2,2,CCCGCCTTCACGATGTTAAT,0,2413415
mglBp,0.3333333333333333,2,2,CCCGATACGGTGTGGCTCTC,0,2421726
mglBp,0.3333333333333333,2,2,CCCGAGTCAATATCTCCACC,0,2384382
mglBp,0.3333333333333333,2,2,CCCGAACGTGCTCATCGCAG,0,2321387
mglBp,0.3333333333333333,2,2,CCCGAAACCAATTGCGCGAC,0,2368232
mglBp,0.3333333333333333,2,2,CCCCGTAGTGGACCATTAGG,0,2340127
mglBp,0.3333333333333333,2,2,CCCCGTAGAGCCTTCCCGTG,0,2375840
mglBp,0.3333333333333333,2,2,CCCCGGCACTTACCTTACAT,0,2341164
mglBp,0.3333333333333333,2,2,CCCCGCTAAGGTGTCGTACT,0,2331115
mglBp,0.3333333333333333,2,2,CCCCGCGGGGCGAATTGTAT,0,2348917
mglBp,0.3333333333333333,2,2,CCCCGCATTTTACTTAATGG,0,2374805
mglBp,0.3333333333333333,2,2,CCCCGATCTGACTTGCGTCA,0,2356372
mglBp,0.3333333333333333,2,2,CCCCACCTGACCACCAGGCT,0,2318906
mglBp,0.3333333333333333,2,2,CCCCAAGATTCTACGAGATC,0,2389900
mglBp,0.3333333333333333,2,2,CCCATTACATGGGGCTGCTA,0,2340232
mglBp,0.3333333333333333,2,2,CCCATAACACTGACCGTTAT,0,2319040
mglBp,0.3333333333333333,2,2,CCCAGGAAGTACCGCAAAGA,0,2393542
mglBp,0.3333333333333333,2,2,CCCACCGACGCTAGTAGTGA,0,2352174
mglBp,0.3333333333333333,2,2,CCCAATGAGGGTATGCAGAT,0,2323020
mglBp,0.3333333333333333,2,2,CCCAATAGCCTGCACAGACG,0,2346794
mglBp,0.3333333333333333,2,2,CCCAATACAAACGTTCAAGG,0,2321457
mglBp,0.3333333333333333,2,2,CCCAAGGATGCTAAAGGCTT,0,2380316
mglBp,0.3333333333333333,2,2,CCCAAAGTAGTGTGCTATAC,0,2356446
mglBp,0.3333333333333333,2,2,CCCAAACCACCCGTGCAGGA,0,2327142
mglBp,0.3333333333333333,2,2,CCATTGCCGCAGCTACTCGG,0,2380790
mglBp,0.3333333333333333,2,2,CCATTCTACTCGTAGATATT,0,2343189
mglBp,0.3333333333333333,2,2,CCATTCCTCGATTCCCTGTT,0,2333959
mglBp,0.3333333333333333,2,2,CCATTATGGCGGACATGGAT,0,2394974
mglBp,0.3333333333333333,2,2,CCATTATCACGACATAGCTT,0,2390675
mglBp,0.3333333333333333,2,2,CCATTAACCCCTTGATGCAC,0,2382960
mglBp,0.3333333333333333,2,2,CCATGTGCGTGTTGCACGCT,0,2384731
mglBp,0.3333333333333333,2,2,CCATGGTACCTTGATTCCAA,0,2363305
mglBp,0.3333333333333333,2,2,CCATGCTTATGCGTTCGTTA,0,2323593
mglBp,0.3333333333333333,2,2,CCATGAAGGAAGTCCTTAAC,0,2330959
mglBp,0.3333333333333333,2,2,CCATCTTGATCCGCTAAGGA,0,2362107
mglBp,0.3333333333333333,2,2,CCATCTGGCACACCAGTAAC,0,2404460
mglBp,0.3333333333333333,2,2,CCATCGATTATAGCGCAGAT,0,2346748
mglBp,0.3333333333333333,2,2,CCATCCACTTGCAGATCGAA,0,2367597
mglBp,0.3333333333333333,2,2,CCATCATCCGGTGTCCCGCC,0,2390368
mglBp,0.3333333333333333,2,2,CCATCACAGCTAGGACGGAG,0,2339409
mglBp,0.3333333333333333,2,2,CCATATGAGCAATCTACGTG,0,2376933
mglBp,0.3333333333333333,2,2,CCATATATGGGTCCCGAGAG,0,2328384
mglBp,0.3333333333333333,2,2,CCATAGTACATACGTTATAG,0,2341429
mglBp,0.3333333333333333,2,2,CCATAACTTTCGTGAACAAC,0,2374659
mglBp,0.3333333333333333,2,2,CCAGTTTTGGATTTAAGGTA,0,2399163
mglBp,0.3333333333333333,2,2,CCAGTTCTTACGGCAAATGG,0,2364928
mglBp,0.3333333333333333,2,2,CCAGTTCTCATTGGTGTCCT,0,2327188
mglBp,0.3333333333333333,2,2,CCAGTGCCCTGTTCCGAATT,0,2340580
mglBp,0.3333333333333333,2,2,CCAGGGACATGGGCGACCGT,0,2329750
mglBp,0.3333333333333333,2,2,CCAGGCATTCAGTGCTCCAA,0,2367919
mglBp,0.3333333333333333,2,2,CCAGGATCCTTACGTTGCGT,0,2368878
mglBp,0.3333333333333333,2,2,CCAGCTTACTCGGGGGCATA,0,2357848
mglBp,0.3333333333333333,2,2,CCAGCTCGTCACGGTGAGAC,0,2348075
mglBp,0.3333333333333333,2,2,CCAGCCAAGGCATCAAGTTC,0,2356580
mglBp,0.3333333333333333,2,2,CCAGAAACGGACGTTGGTGA,0,2394466
mglBp,0.3333333333333333,2,2,CCACTGGGATCGTTCAAGCA,0,2348212
mglBp,0.3333333333333333,2,2,CCACGGGCAGACACCACGTG,0,2383645
mglBp,0.3333333333333333,2,2,CCACGCATCGCCTCCTAGAA,0,2420342
mglBp,0.3333333333333333,2,2,CCACCTAGTTGTTCTGGGTC,0,2379547
mglBp,0.3333333333333333,2,2,CCACCGCCAATTAGGCCCGA,0,2354663
mglBp,0.3333333333333333,2,2,CCACCATCTATCTTTCCCTA,0,2353631
mglBp,0.3333333333333333,2,2,CCACACTGTAGCAGAATGAG,0,2317698
mglBp,0.3333333333333333,2,2,CCACAAATGGTGTGGAAAGA,0,2399373
mglBp,0.3333333333333333,2,2,CCAATTTGCGTCAGGGTGGG,0,2392508
mglBp,0.3333333333333333,2,2,CCAATGTGGACTGCGAGCGA,0,2361494
mglBp,0.3333333333333333,2,2,CCAATGTACTCGTTGTCTTG,0,2345147
mglBp,0.3333333333333333,2,2,CCAATGACGGACAGGAGTCG,0,2330835
mglBp,0.3333333333333333,2,2,CCAATATTGCGTAGACGTGA,0,2367904
mglBp,0.3333333333333333,2,2,CCAATACCTCGAGCGGAAAC,0,2371063
mglBp,0.3333333333333333,2,2,CCAATAACTTGCGGTGCCAT,0,2365468
mglBp,0.3333333333333333,2,2,CCAAGTGCAAGCAATACGTT,0,2412349
mglBp,0.3333333333333333,2,2,CCAAGTCGCTCAAGAAGGCT,0,2390432
mglBp,0.3333333333333333,2,2,CCAAGCAAGTTTGATATTAT,0,2392571
mglBp,0.3333333333333333,2,2,CCAAGATTTTCAACAGACGT,0,2390668
mglBp,0.3333333333333333,2,2,CCAAGATTCGATGTGCGTTG,0,2417309
mglBp,0.3333333333333333,2,2,CCAAGATCGTCTTATCGGCA,0,2324287
mglBp,0.3333333333333333,2,2,CCAACTTGCTGATCCGCTTA,0,2353962
mglBp,0.3333333333333333,2,2,CCAACCCACTGCGTTGCTGA,0,2362350
mglBp,0.3333333333333333,2,2,CCAAATAGAAGCAGGAAGTG,0,2316649
mglBp,0.3333333333333333,2,2,CCAAACCTCGGACTGACAGA,0,2395523
mglBp,0.3333333333333333,2,2,CATTTTGATGACGCCGTCTA,0,2340386
mglBp,0.3333333333333333,2,2,CATTTCTGGAGCTGAATCCC,0,2347460
mglBp,0.3333333333333333,2,2,CATTGGTGTGTAATGAGGCT,0,2333931
mglBp,0.3333333333333333,2,2,CATTGCTTTGCAAATCATAC,0,2348520
mglBp,0.3333333333333333,2,2,CATTGCCACACGGGTTAGCT,0,2396024
mglBp,0.3333333333333333,2,2,CATTCTCAGCTCAGACTCTG,0,2357938
mglBp,0.3333333333333333,2,2,CATTCTAGCTTACTACGCCA,0,2408043
mglBp,0.3333333333333333,2,2,CATTCGATTTGGCCAGATCG,0,2399758
mglBp,0.3333333333333333,2,2,CATTCCACAAACGTGGGTCT,0,2383442
mglBp,0.3333333333333333,2,2,CATTCAGTCCCGCAAGCATG,0,2397254
mglBp,0.3333333333333333,2,2,CATTCAAGCATATTACCGCC,0,2337349
mglBp,0.3333333333333333,2,2,CATTATGTATTAGGCGCGAC,0,2352564
mglBp,0.3333333333333333,2,2,CATTATGCGTATCAAGCGTT,0,2370485
mglBp,0.3333333333333333,2,2,CATTAAAAATTTTTATAGAG,0,2405042
mglBp,0.3333333333333333,2,2,CATGTTATCGCAATCCCCTA,0,2423698
mglBp,0.3333333333333333,2,2,CATGTTAATATGGGGATTAG,0,2323987
mglBp,0.3333333333333333,2,2,CATGTTAAGTCGGTACTTTA,0,2391464
mglBp,0.3333333333333333,2,2,CATGTGCTTGTGTGTGGATT,0,2356597
mglBp,0.3333333333333333,2,2,CATGTGCAAATAATTCCCAC,0,2406580
mglBp,0.3333333333333333,2,2,CATGTCCTGTTGAAGGTCAT,0,2326137
mglBp,0.3333333333333333,2,2,CATGTACTAGTGGTAAAAAA,0,2380087
mglBp,0.3333333333333333,2,2,CATGCGTGAACATCTAGGAT,0,2350201
mglBp,0.3333333333333333,2,2,CATGCCCGGGTCCTGTTAGG,0,2401103
mglBp,0.3333333333333333,2,2,CATGCATCCTAGGGCTCTGG,0,2404600
mglBp,0.3333333333333333,2,2,CATGATCTCCCGTAGGGCAT,0,2373950
mglBp,0.3333333333333333,2,2,CATGAGTAGTGGAGCGAATT,0,2335258
mglBp,0.3333333333333333,2,2,CATGACTATGTCGAGGGCAT,0,2345990
mglBp,0.3333333333333333,2,2,CATCTCATCGAGCATAGACG,0,2374359
mglBp,0.3333333333333333,2,2,CATCTAGGCGAGCGCTTAAG,0,2400753
mglBp,0.3333333333333333,2,2,CATCGTTACGAGTTGCCCAT,0,2380966
mglBp,0.3333333333333333,2,2,CATCGTGTCCCAGGAAGACT,0,2339992
mglBp,0.3333333333333333,2,2,CATCCTGCGGCTCGGGCCCT,0,2335994
mglBp,0.3333333333333333,2,2,CATCCATTAATAAGGTGAGA,0,2321154
mglBp,0.3333333333333333,2,2,CATCATCTGCAGACTTCCTC,0,2385057
mglBp,0.3333333333333333,2,2,CATCACCAGCTTATAATTCC,0,2386760
mglBp,0.3333333333333333,2,2,CATATGTCGTCTTCGTGTTG,0,2384609
mglBp,0.3333333333333333,2,2,CATATCTTTTGCCAGTATGG,0,2338935
mglBp,0.3333333333333333,2,2,CATAGTGACTTACGTAAGTA,0,2343968
mglBp,0.3333333333333333,2,2,CATAGTATGACAAGGGCAAA,0,2404483
mglBp,0.3333333333333333,2,2,CATAGTAGTCTTCCTTTTTG,0,2324575
mglBp,0.3333333333333333,2,2,CATAGGCCTACGATGGGTGG,0,2399262
mglBp,0.3333333333333333,2,2,CATACTTGCACGTGAACAGT,0,2401292
mglBp,0.3333333333333333,2,2,CATACCTATAGGAATCCCAC,0,2399236
mglBp,0.3333333333333333,2,2,CATAATGCATTTCGACGAGA,0,2385615
mglBp,0.3333333333333333,2,2,CATAACAGTCACGGTCGGGG,0,2376718
mglBp,0.3333333333333333,2,2,CAGTTTTTCTTTCCGTCGGG,0,2401869
mglBp,0.3333333333333333,2,2,CAGTTCCGAATGTGAATCTC,0,2414706
mglBp,0.3333333333333333,2,2,CAGTGGTTGAGGTTTAATGC,0,2353893
mglBp,0.3333333333333333,2,2,CAGTGCTCTCTATATTGGGT,0,2351551
mglBp,0.3333333333333333,2,2,CAGTGCTCGAGGTCGAGGTT,0,2347064
mglBp,0.3333333333333333,2,2,CAGTCGGACGTCTACCGAAG,0,2321401
mglBp,0.3333333333333333,2,2,CAGTCATTTAGACTCTGGAG,0,2330153
mglBp,0.3333333333333333,2,2,CAGTCATAGTCGAGAGGGTC,0,2327176
mglBp,0.3333333333333333,2,2,CAGTCAACTTGGTGTTTTGG,0,2362469
mglBp,0.3333333333333333,2,2,CAGTATCTTGGCGCACATTG,0,2375750
mglBp,0.3333333333333333,2,2,CAGGTTTATGACAAGAGTCC,0,2366035
mglBp,0.3333333333333333,2,2,CAGGTTGGAGCGGTGCATGT,0,2374804
mglBp,0.3333333333333333,2,2,CAGGTTGAATGGTTAAGATT,0,2420019
mglBp,0.3333333333333333,2,2,CAGGTTAGTTAATAATGGTC,0,2318793
mglBp,0.3333333333333333,2,2,CAGGTGTCCGTATCTCGGCG,0,2324664
mglBp,0.3333333333333333,2,2,CAGGGGGGCAGATATAACGA,0,2384620
mglBp,0.3333333333333333,2,2,CAGGGCTCGTTTGCAGGCTC,0,2342209
mglBp,0.3333333333333333,2,2,CAGGGCGAGAGCGCCCTAAG,0,2406168
mglBp,0.3333333333333333,2,2,CAGGGCACAGGATATATCTA,0,2378586
mglBp,0.3333333333333333,2,2,CAGGCTATTTCAGATGAAGC,0,2405006
mglBp,0.3333333333333333,2,2,CAGGCTAAGGCGGGCAAAGG,0,2376208
mglBp,0.3333333333333333,2,2,CAGGCGTGCCTCATGCATAG,0,2357079
mglBp,0.3333333333333333,2,2,CAGGCGCCTCACACCAATAT,0,2416444
mglBp,0.3333333333333333,2,2,CAGGCAGCGCTGGCGGGGAT,0,2410372
mglBp,0.3333333333333333,2,2,CAGGCAAGTACGAGCCCAGT,0,2413131
mglBp,0.3333333333333333,2,2,CAGGATCGCACTGTTTGCGC,0,2327609
mglBp,0.3333333333333333,2,2,CAGGAGTGATCACGCCTAAA,0,2338243
mglBp,0.3333333333333333,2,2,CAGGAGGTGGGTCAAAAAGC,0,2418101
mglBp,0.3333333333333333,2,2,CAGGAGGCGGGTGACAGATA,0,2414381
mglBp,0.3333333333333333,2,2,CAGGAAGTCACGCTGGCGAC,0,2357528
mglBp,0.3333333333333333,2,2,CAGGAAAGCTGATAGTCGGT,0,2350988
mglBp,0.3333333333333333,2,2,CAGCTTTAGGTTTTCTAGCA,0,2406118
mglBp,0.3333333333333333,2,2,CAGCTTGCTTCCCACAGATA,0,2318598
mglBp,0.3333333333333333,2,2,CAGCTGGATGCAGAGGGTCC,0,2360843
mglBp,0.3333333333333333,2,2,CAGCTCCATTCGAGGCCAAT,0,2358097
mglBp,0.3333333333333333,2,2,CAGCGTAATCGTCTTAAGCC,0,2323532
mglBp,0.3333333333333333,2,2,CAGCGGAGCCACGGCAACGA,0,2381222
mglBp,0.3333333333333333,2,2,CAGCGGAGCAGCCTTGTTCG,0,2363189
mglBp,0.3333333333333333,2,2,CAGCCTCAAACGGGAGGTAA,0,2358158
mglBp,0.3333333333333333,2,2,CAGCCCACCGTCTATCGGAC,0,2338991
mglBp,0.3333333333333333,2,2,CAGCCAGTTTCGCTGTCTGA,0,2351016
mglBp,0.3333333333333333,2,2,CAGCATATGAGATGGAATTC,0,2377257
mglBp,0.3333333333333333,2,2,CAGCAGTTGTTACTGCGTAA,0,2405434
mglBp,0.3333333333333333,2,2,CAGCAGGGTGTCCTATTAAA,0,2413054
mglBp,0.3333333333333333,2,2,CAGCACTTCATCGTCACTCT,0,2423526
mglBp,0.3333333333333333,2,2,CAGCACCCCATACCGTAGGA,0,2410972
mglBp,0.3333333333333333,2,2,CAGCACACGGGACATTACAG,0,2406149
mglBp,0.3333333333333333,2,2,CAGCAAACTGGTCGGATTCA,0,2372565
mglBp,0.3333333333333333,2,2,CAGATTCGGAGCTCTTAATG,0,2399797
mglBp,0.3333333333333333,2,2,CAGATGGGACTGTAACATCG,0,2409905
mglBp,0.3333333333333333,2,2,CAGATGCCCATCACACTGTA,0,2334072
mglBp,0.3333333333333333,2,2,CAGATGATTATACGGGCCTT,0,2398645
mglBp,0.3333333333333333,2,2,CAGATACTACTTATTTGTAG,0,2394904
mglBp,0.3333333333333333,2,2,CAGAGTCGGAGTGTCGGGTT,0,2368665
mglBp,0.3333333333333333,2,2,CAGAGCTCCCTAATGACCCA,0,2366238
mglBp,0.3333333333333333,2,2,CAGAGAGGTAGGGGCACTGT,0,2409678
mglBp,0.3333333333333333,2,2,CAGAGAAAAGTTACAGTACT,0,2418191
mglBp,0.3333333333333333,2,2,CAGACTTGATACTGCTCGAG,0,2328397
mglBp,0.3333333333333333,2,2,CAGACTCCCCCAGTGTCAGC,0,2389187
mglBp,0.3333333333333333,2,2,CAGACGCATAAGACAACATC,0,2338502
mglBp,0.3333333333333333,2,2,CAGACCGTCGGCTAGGATGG,0,2410625
mglBp,0.3333333333333333,2,2,CAGACCGGTTCAACTGCTGT,0,2372409
mglBp,0.3333333333333333,2,2,CAGACAGAGCAGTGGTTAGT,0,2353155
mglBp,0.3333333333333333,2,2,CAGAAAGAGCCACCTTTTGC,0,2400344
mglBp,0.3333333333333333,2,2,CAGAAAACAAAAATCTGTAG,0,2360937
mglBp,0.3333333333333333,2,2,CACTTGTTATACTTAATCGA,0,2392942
mglBp,0.3333333333333333,2,2,CACTTGTAAGGGTTGTATTG,0,2400584
mglBp,0.3333333333333333,2,2,CACTTCTCCCAAAATTCCCA,0,2345895
mglBp,0.3333333333333333,2,2,CACTTATCGATGGTGAACGA,0,2421496
mglBp,0.3333333333333333,2,2,CACTTAGGTTATCAGCTACA,0,2397915
mglBp,0.3333333333333333,2,2,CACTGTGGTCTAGTGTTGTA,0,2391795
mglBp,0.3333333333333333,2,2,CACTGTATTCATTAGTGGAG,0,2336098
mglBp,0.3333333333333333,2,2,CACTGTAAGTTCGCCAGATA,0,2413902
mglBp,0.3333333333333333,2,2,CACTGTAACGAGGTCGTCGC,0,2347619
mglBp,0.3333333333333333,2,2,CACTGGGATTCGGCTGCTAA,0,2355168
mglBp,0.3333333333333333,2,2,CACTGGACGGGGGTACAACA,0,2416060
mglBp,0.3333333333333333,2,2,CACTGGACCTTTGGGTAGAA,0,2323743
mglBp,0.3333333333333333,2,2,CACTCGAAATACTTATCTGG,0,2377664
mglBp,0.3333333333333333,2,2,CACTATGTCTTGTAAGTGCA,0,2404535
mglBp,0.3333333333333333,2,2,CACTACTACTTTTCAGAGGC,0,2331609
mglBp,0.3333333333333333,2,2,CACGTTCCGCACTTTTGTCT,0,2339084
mglBp,0.3333333333333333,2,2,CACGTTCAGCGGGCACGTAG,0,2357828
mglBp,0.3333333333333333,2,2,CACGTGCTTATTTACTGACT,0,2323109
mglBp,0.3333333333333333,2,2,CACGTGCCGCCAAACCGGCT,0,2418281
mglBp,0.3333333333333333,2,2,CACGTACACGAGACAGGCGA,0,2356881
mglBp,0.3333333333333333,2,2,CACGGCGCAGAAGAAGAGGC,0,2422153
mglBp,0.3333333333333333,2,2,CACGGCCATGCCCGGGCCCA,0,2409666
mglBp,0.3333333333333333,2,2,CACGGCAAGGTGCGCCATGT,0,2363803
mglBp,0.3333333333333333,2,2,CACGGATTTGCATTAGGCGC,0,2359567
mglBp,0.3333333333333333,2,2,CACGCTGCGCAGCGCTAGTA,0,2350971
mglBp,0.3333333333333333,2,2,CACGCTAATTAATGCCGAAC,0,2376971
mglBp,0.3333333333333333,2,2,CACGCAGCTCTATATACGAT,0,2409543
mglBp,0.3333333333333333,2,2,CACGAGCTGGTCATTTTTTT,0,2379179
mglBp,0.3333333333333333,2,2,CACGAACTAATCTGGTAACT,0,2375365
mglBp,0.3333333333333333,2,2,CACGAACGTAAGATACCGTG,0,2393037
mglBp,0.3333333333333333,2,2,CACGAACATAGCATGAGTGA,0,2329493
mglBp,0.3333333333333333,2,2,CACGAAAAATCCGCTCATCC,0,2330966
mglBp,0.3333333333333333,2,2,CACCTTCGGGGTCGTTGGAG,0,2323533
mglBp,0.3333333333333333,2,2,CACCTGGCACCCGCGTGCAA,0,2340289
mglBp,0.3333333333333333,2,2,CACCTCATACGGACGTTAAA,0,2418303
mglBp,0.3333333333333333,2,2,CACCGGCCAAGGCCCTAGCA,0,2359697
mglBp,0.3333333333333333,2,2,CACCGCTGTATGGTTATAAA,0,2319309
mglBp,0.3333333333333333,2,2,CACCGCTCATTGGGGTTAGA,0,2372508
mglBp,0.3333333333333333,2,2,CACCGACTTCTAAGGAAATA,0,2420116
mglBp,0.3333333333333333,2,2,CACCCTTCACGCAGTATACA,0,2352744
mglBp,0.3333333333333333,2,2,CACCCGGGTTTTCCGTAGGC,0,2329908
mglBp,0.3333333333333333,2,2,CACCCGCCAGGCGGGACCGG,0,2344619
mglBp,0.3333333333333333,2,2,CACATTATTACGTCCCATTT,0,2332213
mglBp,0.3333333333333333,2,2,CACATGGCACCCTAAAGTCT,0,2328565
mglBp,0.3333333333333333,2,2,CACATAGAGAACGTCATTCA,0,2404014
mglBp,0.3333333333333333,2,2,CACATAACCACAGAGTCATG,0,2344278
mglBp,0.3333333333333333,2,2,CACAGTGGCCCTAAACGGAT,0,2376407
mglBp,0.3333333333333333,2,2,CACAGCTGCACAGGAATCAG,0,2349612
mglBp,0.3333333333333333,2,2,CACACTTGTAACGAGGAACA,0,2354192
mglBp,0.3333333333333333,2,2,CACACTTACGCACTGCTACG,0,2352710
mglBp,0.3333333333333333,2,2,CACACCTGACCTTATCCATC,0,2322379
mglBp,0.3333333333333333,2,2,CACAATCACGACGAAGTCGC,0,2400629
mglBp,0.3333333333333333,2,2,CACAATATGGTGGTTTAGTG,0,2371944
mglBp,0.3333333333333333,2,2,CACAAGTCACGATACGGAAG,0,2327866
mglBp,0.3333333333333333,2,2,CACAAAAAAACCCAGAGTTT,0,2399983
mglBp,0.3333333333333333,2,2,CAATTTTGATCAAGTCGTGA,0,2329120
mglBp,0.3333333333333333,2,2,CAATTCTGGTACCGAGGGGA,0,2372850
mglBp,0.3333333333333333,2,2,CAATTATAAAATACCATTCT,0,2336360
mglBp,0.3333333333333333,2,2,CAATCTGCACACACTCGCGG,0,2366914
mglBp,0.3333333333333333,2,2,CAATATGAGTCCCATCATTC,0,2406458
mglBp,0.3333333333333333,2,2,CAATATAACCCTCTCGAAGA,0,2319607
mglBp,0.3333333333333333,2,2,CAATAGTAGCATCCGCTATA,0,2365924
mglBp,0.3333333333333333,2,2,CAATACGTATTTCACGGTCA,0,2363041
mglBp,0.3333333333333333,2,2,CAATAAGCTGCTAGCAGATT,0,2370699
mglBp,0.3333333333333333,2,2,CAAGTGGTCTAGGGCTGCGA,0,2402099
mglBp,0.3333333333333333,2,2,CAAGTGCATTGTGGCGAATG,0,2375748
mglBp,0.3333333333333333,2,2,CAAGTACCTTTCAGATCATT,0,2403280
mglBp,0.3333333333333333,2,2,CAAGGTGGACAGCAGCCCGA,0,2359968
mglBp,0.3333333333333333,2,2,CAAGGATGCAATTATCAACT,0,2407636
mglBp,0.3333333333333333,2,2,CAAGGACCTAAGGGAACAAA,0,2395110
mglBp,0.3333333333333333,2,2,CAAGGAATGTGGGGGAATTA,0,2333352
mglBp,0.3333333333333333,2,2,CAAGCGAACGAAGCCGGAGG,0,2366242
mglBp,0.3333333333333333,2,2,CAAGCCTCAATCACCATCAT,0,2372178
mglBp,0.3333333333333333,2,2,CAAGCAAGACCTAGAACCCC,0,2339027
mglBp,0.3333333333333333,2,2,CAAGATAAGCGATCAATTAC,0,2364528
mglBp,0.3333333333333333,2,2,CAAGAGTCGCATTTTCGAAC,0,2332220
mglBp,0.3333333333333333,2,2,CAAGACCGGGGTGGTGTGTA,0,2385515
mglBp,0.3333333333333333,2,2,CAAGAAAAGTGGGAGCCGTT,0,2396210
mglBp,0.3333333333333333,2,2,CAACTTATGGCGAAACAAGA,0,2378400
mglBp,0.3333333333333333,2,2,CAACTCTTGGGATCGCCCCT,0,2423271
mglBp,0.3333333333333333,2,2,CAACTACGTCTTCATACCAC,0,2341192
mglBp,0.3333333333333333,2,2,CAACGTCCGTCTTGGAAAAA,0,2318545
mglBp,0.3333333333333333,2,2,CAACGCTTTTAACAAATAAA,0,2357635
mglBp,0.3333333333333333,2,2,CAACCTAGACACAATAGCTG,0,2324927
mglBp,0.3333333333333333,2,2,CAACAGTAAAGGGTATTAGT,0,2353672
mglBp,0.3333333333333333,2,2,CAACAGGAGGCGCACTTTCC,0,2362294
mglBp,0.3333333333333333,2,2,CAACACTCATGTCTGCGGCT,0,2409096
mglBp,0.3333333333333333,2,2,CAACACGTTGAGACAGTGGG,0,2319610
mglBp,0.3333333333333333,2,2,CAAATTATTATCTAAGATAC,0,2392373
mglBp,0.3333333333333333,2,2,CAAATCAACAGCCCAGGTTC,0,2387775
mglBp,0.3333333333333333,2,2,CAAAGTTGGCCAGGTAGAAG,0,2352737
mglBp,0.3333333333333333,2,2,CAAAGTGTCGGGCGCATCAA,0,2382787
mglBp,0.3333333333333333,2,2,CAAAGGTATCGGGTATCGGC,0,2380500
mglBp,0.3333333333333333,2,2,CAAAGGAATGATACTCCAGT,0,2370480
mglBp,0.3333333333333333,2,2,CAAAGAGAAATCTTTACGCT,0,2385205
mglBp,0.3333333333333333,2,2,CAAAGAAGACTTGGCATGGC,0,2398282
mglBp,0.3333333333333333,2,2,CAAAATTGGTCACATTGCGT,0,2411235
mglBp,0.3333333333333333,2,2,CAAAATCTCATCGGCGGATA,0,2324300
mglBp,0.3333333333333333,2,2,CAAAAGGAAATCGCTTTCGA,0,2391370
mglBp,0.3333333333333333,2,2,CAAAAATAGTCGGATTCACT,0,2391750
mglBp,0.3333333333333333,2,2,CAAAAATAAGACCGGCTCCC,0,2402229
mglBp,0.3333333333333333,2,2,ATTTTTAGGCAGAAAGCGCT,0,2358869
mglBp,0.3333333333333333,2,2,ATTTTTAACTCTTTGCAAGG,0,2390007
mglBp,0.3333333333333333,2,2,ATTTTGGGTAAGTATCCATT,0,2404366
mglBp,0.3333333333333333,2,2,ATTTTGGAGATTCGAAGGGA,0,2352173
mglBp,0.3333333333333333,2,2,ATTTTGAGTCCAAGAATATT,0,2334368
mglBp,0.3333333333333333,2,2,ATTTTCGACAACGCTACATA,0,2344173
mglBp,0.3333333333333333,2,2,ATTTTATAGAAATATAGCTT,0,2385095
mglBp,0.3333333333333333,2,2,ATTTTAATTCCCGTGGAGAG,0,2329938
mglBp,0.3333333333333333,2,2,ATTTGTTGGATTTTCAATTT,0,2356046
mglBp,0.3333333333333333,2,2,ATTTGGTTAGCAAGCTGATA,0,2407606
mglBp,0.3333333333333333,2,2,ATTTGGTCCCTGCCCGTCCA,0,2350192
mglBp,0.3333333333333333,2,2,ATTTGCACATTCGGCTCCAA,0,2365710
mglBp,0.3333333333333333,2,2,ATTTCCCGTGAGTGTATTCA,0,2344222
mglBp,0.3333333333333333,2,2,ATTTCAGTGTCGTATAAGTC,0,2353092
mglBp,0.3333333333333333,2,2,ATTTCAGTATCTGCCCACTC,0,2318952
mglBp,0.3333333333333333,2,2,ATTTCAATTGTCGGCAGCCT,0,2380648
mglBp,0.3333333333333333,2,2,ATTTATCATTTCCGCGCTCG,0,2318762
mglBp,0.3333333333333333,2,2,ATTTAGGCCCGACGGTTCCG,0,2327271
mglBp,0.3333333333333333,2,2,ATTTAGCAGGCAGTGGTTAA,0,2330411
mglBp,0.3333333333333333,2,2,ATTTAAGTTCGTTGGCATGA,0,2382313
mglBp,0.3333333333333333,2,2,ATTTAAGAATGGTTAGTGTT,0,2369807
mglBp,0.3333333333333333,2,2,ATTTAAACTGTTCTATGGGC,0,2338182
mglBp,0.3333333333333333,2,2,ATTGTTTCTCTTGTGATTAA,0,2342582
mglBp,0.3333333333333333,2,2,ATTGTTAACATAGTATGGCC,0,2380380
mglBp,0.3333333333333333,2,2,ATTGTGCCTGGCACCGTTCG,0,2375031
mglBp,0.3333333333333333,2,2,ATTGTCGTTGTTCACGGGTT,0,2375596
mglBp,0.3333333333333333,2,2,ATTGTCATGGGCTGTTTTTT,0,2399914
mglBp,0.3333333333333333,2,2,ATTGGTCAAGCTGCCCACAT,0,2375992
mglBp,0.3333333333333333,2,2,ATTGGATTAGAATGGCTGAT,0,2413574
mglBp,0.3333333333333333,2,2,ATTGCTTCTGCGCACCTTTG,0,2324521
mglBp,0.3333333333333333,2,2,ATTGCTTCACGTGCATCCAC,0,2374801
mglBp,0.3333333333333333,2,2,ATTGCATACGTTCGGGCCTA,0,2351339
mglBp,0.3333333333333333,2,2,ATTGATCGCTGAATGAGCTG,0,2391587
mglBp,0.3333333333333333,2,2,ATTCTTCCCATGGAAATATA,0,2418354
mglBp,0.3333333333333333,2,2,ATTCTGGTCACACAAGGAAC,0,2374757
mglBp,0.3333333333333333,2,2,ATTCTGCTAGTCGGAAAGAG,0,2359892
mglBp,0.3333333333333333,2,2,ATTCTCCATCTCAGGGGGTT,0,2357628
mglBp,0.3333333333333333,2,2,ATTCTCAGAGTTGCGAGTGA,0,2336665
mglBp,0.3333333333333333,2,2,ATTCTAAGCCCTGCTGGTCC,0,2389876
mglBp,0.3333333333333333,2,2,ATTCGGATGTATGGCTCCGT,0,2389762
mglBp,0.3333333333333333,2,2,ATTCGCTAAGCTCATTTCAT,0,2411250
mglBp,0.3333333333333333,2,2,ATTCCCGTCACCTTCGCAAC,0,2393327
mglBp,0.3333333333333333,2,2,ATTCACTACGCATTGCAGAT,0,2344665
mglBp,0.3333333333333333,2,2,ATTCAATGCCAGCTCGGCTA,0,2331697
mglBp,0.3333333333333333,2,2,ATTCAAGCACGCCACTCACC,0,2348617
mglBp,0.3333333333333333,2,2,ATTCAAAGTATCTGGCATGC,0,2325455
mglBp,0.3333333333333333,2,2,ATTATGACCTCTCCATTGAG,0,2319082
mglBp,0.3333333333333333,2,2,ATTATCGCGATTCAGGGAAG,0,2342396
mglBp,0.3333333333333333,2,2,ATTATCCAGACGGGGGAGCT,0,2355152
mglBp,0.3333333333333333,2,2,ATTAGGATTTATACAGGGCT,0,2320665
mglBp,0.3333333333333333,2,2,ATTAGGATGCGGTAGCCCTT,0,2334475
mglBp,0.3333333333333333,2,2,ATTAGCGGCGCTGACCTGTA,0,2395866
mglBp,0.3333333333333333,2,2,ATTAGCGCTGCTCTATGGAT,0,2420618
mglBp,0.3333333333333333,2,2,ATTAGCCGGGCCTTCTCCCA,0,2361679
mglBp,0.3333333333333333,2,2,ATTAGATCATACAATACTCT,0,2362352
mglBp,0.3333333333333333,2,2,ATTACCCCGCTCGCTACATA,0,2366583
mglBp,0.3333333333333333,2,2,ATTACAGACTCAGTTAGCTC,0,2400415
mglBp,0.3333333333333333,2,2,ATTAAGCGATACATCAGACT,0,2328219
mglBp,0.3333333333333333,2,2,ATTAAGCCACGTTCCCCCCT,0,2357929
mglBp,0.3333333333333333,2,2,ATTAAATTTCATTGGGGTGC,0,2347362
mglBp,0.3333333333333333,2,2,ATTAAAGGTACGTAAGGTCC,0,2372736
mglBp,0.3333333333333333,2,2,ATGTTGCGTACCATTTAATT,0,2413778
mglBp,0.3333333333333333,2,2,ATGTTGACCTCACATGAAAG,0,2358598
mglBp,0.3333333333333333,2,2,ATGTTAACTGTAATGCGGGT,0,2365103
mglBp,0.3333333333333333,2,2,ATGTGTTAAGATATTTCTAT,0,2422627
mglBp,0.3333333333333333,2,2,ATGTGTGGAAACTGGCCCAC,0,2360001
mglBp,0.3333333333333333,2,2,ATGTGGATCGTTGCCTGAAA,0,2340302
mglBp,0.3333333333333333,2,2,ATGTGCGTTTATTCAATGCT,0,2326569
mglBp,0.3333333333333333,2,2,ATGTGCCAACTAGTTCCAGT,0,2399102
mglBp,0.3333333333333333,2,2,ATGTGAACAGTACCGCCCGG,0,2413585
mglBp,0.3333333333333333,2,2,ATGTAGTATTAACCCAAGTT,0,2358897
mglBp,0.3333333333333333,2,2,ATGTAGGTGTGACACAGCTT,0,2386790
mglBp,0.3333333333333333,2,2,ATGGTTTAATTTCTCAAAAC,0,2409583
mglBp,0.3333333333333333,2,2,ATGGTTATCCGGGTCACTTA,0,2337537
mglBp,0.3333333333333333,2,2,ATGGTGTTACACTCGTATAA,0,2422411
mglBp,0.3333333333333333,2,2,ATGGTCTAGGAGACCCACAT,0,2321147
mglBp,0.3333333333333333,2,2,ATGGTCCTGGACCGCTGCAT,0,2360993
mglBp,0.3333333333333333,2,2,ATGGGAGGGAATAAGGAAAA,0,2337765
mglBp,0.3333333333333333,2,2,ATGGGAGCAACGCAGTATCC,0,2381823
mglBp,0.3333333333333333,2,2,ATGGCCGGTTAGCTGAGGAC,0,2344270
mglBp,0.3333333333333333,2,2,ATGGCCCGCTCGGGTGGGAT,0,2396229
mglBp,0.3333333333333333,2,2,ATGGCCAGTTTGACATTTTT,0,2318079
mglBp,0.3333333333333333,2,2,ATGGCATATGACGAAGCCAA,0,2360351
mglBp,0.3333333333333333,2,2,ATGGATTTCGCCTTTCTATA,0,2353618
mglBp,0.3333333333333333,2,2,ATGGATCAAAGGGCCTCCTG,0,2407323
mglBp,0.3333333333333333,2,2,ATGCTAATCTAGAAGCTTAC,0,2328124
mglBp,0.3333333333333333,2,2,ATGCGGCACATTACCATGTG,0,2367531
mglBp,0.3333333333333333,2,2,ATGCCGACTTTATCAGGCGC,0,2329146
mglBp,0.3333333333333333,2,2,ATGCCCCTCAAAGCTATTCT,0,2349325
mglBp,0.3333333333333333,2,2,ATGCATGAGACAACTAGATC,0,2344603
mglBp,0.3333333333333333,2,2,ATGCACTGTCCTCGGATACC,0,2406139
mglBp,0.3333333333333333,2,2,ATGCACCCTATTTGTCATCT,0,2349098
mglBp,0.3333333333333333,2,2,ATGCACCCAACTGTGACTCT,0,2365347
mglBp,0.3333333333333333,2,2,ATGATGGCTTGCCTATGCCT,0,2422786
mglBp,0.3333333333333333,2,2,ATGATGGCTCGGCCATCTCG,0,2365089
mglBp,0.3333333333333333,2,2,ATGATCACTGAATCCTCATT,0,2421505
mglBp,0.3333333333333333,2,2,ATGATATGACCGCTCGAGCA,0,2412847
mglBp,0.3333333333333333,2,2,ATGATAAATTCGGTGGCCAT,0,2389247
mglBp,0.3333333333333333,2,2,ATGAGTCTGCTTCCGGCGAG,0,2417601
mglBp,0.3333333333333333,2,2,ATGAGGTGTGTTTACTGTTG,0,2344932
mglBp,0.3333333333333333,2,2,ATGAGCAGGCTCTCTTATAG,0,2372434
mglBp,0.3333333333333333,2,2,ATGAGATAACACTGTCTAGG,0,2357901
mglBp,0.3333333333333333,2,2,ATGACCGTACTGGATGTATA,0,2365396
mglBp,0.3333333333333333,2,2,ATGACACTGCCTATTTGGTT,0,2381761
mglBp,0.3333333333333333,2,2,ATGAACGAGTACCTTTCGAT,0,2371630
mglBp,0.3333333333333333,2,2,ATGAACATTGCCGCAAACTT,0,2378530
mglBp,0.3333333333333333,2,2,ATGAAACATCACGTTGTGAC,0,2350581
mglBp,0.3333333333333333,2,2,ATCTTTGGCGCGATTCCTGT,0,2398365
mglBp,0.3333333333333333,2,2,ATCTTGGTGGAGGACCAGTT,0,2399604
mglBp,0.3333333333333333,2,2,ATCTTATTACGGGGGTGGTA,0,2330979
mglBp,0.3333333333333333,2,2,ATCTGGGCAGGATAACCACA,0,2393147
mglBp,0.3333333333333333,2,2,ATCTGGCGTGGCTATCCCCA,0,2331608
mglBp,0.3333333333333333,2,2,ATCTGATCGAAACTTAGGTT,0,2319218
mglBp,0.3333333333333333,2,2,ATCTGATAAGTCTCAACACG,0,2367287
mglBp,0.3333333333333333,2,2,ATCTCCTCTACGTCAGGAAA,0,2402610
mglBp,0.3333333333333333,2,2,ATCTCAGATACACGGGGCAG,0,2387249
mglBp,0.3333333333333333,2,2,ATCTAACGATTCTTCCAGGC,0,2386669
mglBp,0.3333333333333333,2,2,ATCTAACAGTCCTCCAGAGT,0,2334764
mglBp,0.3333333333333333,2,2,ATCGTCCATGCCAGGAGATG,0,2372552
mglBp,0.3333333333333333,2,2,ATCGTATGATTCTGATCTCA,0,2408791
mglBp,0.3333333333333333,2,2,ATCGGGGGTGAATCTGCGAC,0,2402172
mglBp,0.3333333333333333,2,2,ATCGCGCCACTGGTACCATA,0,2405591
mglBp,0.3333333333333333,2,2,ATCGCAGAGCTACGGGCCAA,0,2409418
mglBp,0.3333333333333333,2,2,ATCGAGATATATGCCGCCTG,0,2416290
mglBp,0.3333333333333333,2,2,ATCGAATCAGCATTATTTTC,0,2402600
mglBp,0.3333333333333333,2,2,ATCGAAGTCTGAACAGGCAG,0,2316839
mglBp,0.3333333333333333,2,2,ATCCTTGTAGCTAGGTTGTT,0,2371015
mglBp,0.3333333333333333,2,2,ATCCTTCGCTCTTGGTACGC,0,2395694
mglBp,0.3333333333333333,2,2,ATCCTTACTCATTGCTTATC,0,2401596
mglBp,0.3333333333333333,2,2,ATCCTGCGACATTCATCGTT,0,2325692
mglBp,0.3333333333333333,2,2,ATCCTCATGATCGGCGTTAC,0,2344103
mglBp,0.3333333333333333,2,2,ATCCTATAAATTTGTTCTAT,0,2370840
mglBp,0.3333333333333333,2,2,ATCCGGTGAGCTTTTAACAT,0,2397673
mglBp,0.3333333333333333,2,2,ATCCGGACAGAAGCATTGAA,0,2362296
mglBp,0.3333333333333333,2,2,ATCCGCGTCTGGATAGTAAT,0,2323286
mglBp,0.3333333333333333,2,2,ATCCGAGCCCGGGTAGTAAA,0,2346873
mglBp,0.3333333333333333,2,2,ATCCGACTCTAACCAAACTT,0,2400472
mglBp,0.3333333333333333,2,2,ATCCGACGAAAATGCCCCTA,0,2372590
mglBp,0.3333333333333333,2,2,ATCCCCTAATTGCAGTCCTT,0,2324893
mglBp,0.3333333333333333,2,2,ATCCAGGGTTATATGCTTTA,0,2418873
mglBp,0.3333333333333333,2,2,ATCCAGATGTCGCGTTGGTA,0,2408980
mglBp,0.3333333333333333,2,2,ATCCACCGGGTTAGGATTGT,0,2406975
mglBp,0.3333333333333333,2,2,ATCCAACCGGATCCGACTGA,0,2358500
mglBp,0.3333333333333333,2,2,ATCATTTACGATCGTTTCGG,0,2383115
mglBp,0.3333333333333333,2,2,ATCAGTTCTATAATCCGTTT,0,2404879
mglBp,0.3333333333333333,2,2,ATCAGTCCACGTTTTGCTGT,0,2347040
mglBp,0.3333333333333333,2,2,ATCAGGATTAAAATAATAAC,0,2412247
mglBp,0.3333333333333333,2,2,ATCAGCTCGTTATGGCAGCC,0,2384042
mglBp,0.3333333333333333,2,2,ATCAGCCGCTAGATTCCTAG,0,2379988
mglBp,0.3333333333333333,2,2,ATCAGCAGCACATACTTCCT,0,2379849
mglBp,0.3333333333333333,2,2,ATCAGAGATCCAGGGGGGGT,0,2373720
mglBp,0.3333333333333333,2,2,ATCACGTCACACGCCACGGC,0,2338013
mglBp,0.3333333333333333,2,2,ATCACGGTCATCAATTATGT,0,2327215
mglBp,0.3333333333333333,2,2,ATCACCAGAGTTGAAAGGCG,0,2373846
mglBp,0.3333333333333333,2,2,ATCACAGCTCTAGCATCGGA,0,2423262
mglBp,0.3333333333333333,2,2,ATCAAGTGCGCGATGTCGTG,0,2402329
mglBp,0.3333333333333333,2,2,ATATGTCGTAGCCGATTTAA,0,2321114
mglBp,0.3333333333333333,2,2,ATATGCTCACCAGCAAATAA,0,2403181
mglBp,0.3333333333333333,2,2,ATATCAGACCATGGCCATGG,0,2394699
mglBp,0.3333333333333333,2,2,ATATAGTACCAGGTGACCAC,0,2318768
mglBp,0.3333333333333333,2,2,ATATAGGGAGACGATCCTGA,0,2344054
mglBp,0.3333333333333333,2,2,ATATACTCGTCAGTCTCAGG,0,2363220
mglBp,0.3333333333333333,2,2,ATAGTTGGTGTTTGGGGCTT,0,2418193
mglBp,0.3333333333333333,2,2,ATAGTATTTGGGAAGTGTAT,0,2319276
mglBp,0.3333333333333333,2,2,ATAGTACAAAGTGCCGGATT,0,2377937
mglBp,0.3333333333333333,2,2,ATAGTAATGGGACACATGAG,0,2341002
mglBp,0.3333333333333333,2,2,ATAGGCTATCCAAGAAGTGT,0,2406491
mglBp,0.3333333333333333,2,2,ATAGGCGGAACATTCCTCAA,0,2328111
mglBp,0.3333333333333333,2,2,ATAGGACAACTTTACATGGA,0,2322435
mglBp,0.3333333333333333,2,2,ATAGGAAGCAGTCGATGTCT,0,2375199
mglBp,0.3333333333333333,2,2,ATAGAGGCCACAATAAAGAG,0,2403788
mglBp,0.3333333333333333,2,2,ATAGAGCCGTCCCGCCTGGA,0,2411684
mglBp,0.3333333333333333,2,2,ATAGAATCGATCATGCCGTG,0,2377961
mglBp,0.3333333333333333,2,2,ATACTTCAGGACAGGACCCC,0,2361561
mglBp,0.3333333333333333,2,2,ATACTCGGCTAAATCAGTCT,0,2395830
mglBp,0.3333333333333333,2,2,ATACGTACGGAAATACCCGT,0,2380576
mglBp,0.3333333333333333,2,2,ATACGATTCCTGCGTGTACG,0,2332490
mglBp,0.3333333333333333,2,2,ATACCTATGAAGGGGTGAAG,0,2401893
mglBp,0.3333333333333333,2,2,ATACCGTCGCTCGCTTTATC,0,2355981
mglBp,0.3333333333333333,2,2,ATACCCGCGTTTACCTCGTA,0,2397653
mglBp,0.3333333333333333,2,2,ATACCACCCGTTGGTTGTCA,0,2341351
mglBp,0.3333333333333333,2,2,ATAATTTTTGTGAGGCAACA,0,2329209
mglBp,0.3333333333333333,2,2,ATAATGCTACAATGGCCGGG,0,2408227
mglBp,0.3333333333333333,2,2,ATAATCGTGTCCGTACGCGA,0,2423009
mglBp,0.3333333333333333,2,2,ATAATAAGCCTTGCGGAGCT,0,2411752
mglBp,0.3333333333333333,2,2,ATAATAACATAAAAACAGTG,0,2372855
mglBp,0.3333333333333333,2,2,ATAAGTGTTCGAGGCCGGGT,0,2378248
mglBp,0.3333333333333333,2,2,ATAAGTCAAGTACTGAATCA,0,2400265
mglBp,0.3333333333333333,2,2,ATAAGGAGGGCGCTAAAGGG,0,2422900
mglBp,0.3333333333333333,2,2,ATAAGGACCAACCAGTCGGC,0,2364737
mglBp,0.3333333333333333,2,2,ATAAGCCGACGTTTTTGTTT,0,2373752
mglBp,0.3333333333333333,2,2,ATAACTGGGCGTGTGATCGA,0,2392270
mglBp,0.3333333333333333,2,2,ATAACGTCACTGGGTGCATT,0,2415556
mglBp,0.3333333333333333,2,2,ATAACGCTCTTTCTGATATC,0,2369650
mglBp,0.3333333333333333,2,2,ATAACGCCCACCCCACATGT,0,2392746
mglBp,0.3333333333333333,2,2,ATAACCTTTTCGATACAAAT,0,2362758
mglBp,0.3333333333333333,2,2,ATAACAGTTGGTGTGGTATG,0,2395337
mglBp,0.3333333333333333,2,2,ATAAATGGAAGTAGTCCGGT,0,2331914
mglBp,0.3333333333333333,2,2,ATAAAGTAAGTTCATCTTCG,0,2362820
mglBp,0.3333333333333333,2,2,ATAAACATAGGAGGTAGATA,0,2419582
mglBp,0.3333333333333333,2,2,ATAAAACAATTACATGTTGG,0,2413898
mglBp,0.3333333333333333,2,2,AGTTTTACGATCGATCACAG,0,2348993
mglBp,0.3333333333333333,2,2,AGTTTGGCGTTTAATGCTTT,0,2344352
mglBp,0.3333333333333333,2,2,AGTTTCCGATGTATTGCAGA,0,2331886
mglBp,0.3333333333333333,2,2,AGTTGGTCAGGCGTGCCAGG,0,2378889
mglBp,0.3333333333333333,2,2,AGTTGATAAGAAGCGCTGGC,0,2382772
mglBp,0.3333333333333333,2,2,AGTTGAACTTCTCGGCAATA,0,2399780
mglBp,0.3333333333333333,2,2,AGTTGAAACTACTTCGACTA,0,2343505
mglBp,0.3333333333333333,2,2,AGTTCTAGAGACACATTCCA,0,2365198
mglBp,0.3333333333333333,2,2,AGTTCGACTCGACCTCCCAT,0,2373828
mglBp,0.3333333333333333,2,2,AGTTCGACGCCGCAGCATAC,0,2373875
mglBp,0.3333333333333333,2,2,AGTTCCAAACCCCGGAATAT,0,2380836
mglBp,0.3333333333333333,2,2,AGTTCAGCGATATTTTACGT,0,2350944
mglBp,0.3333333333333333,2,2,AGTTATGGTGCCCGCCTAAA,0,2385507
mglBp,0.3333333333333333,2,2,AGTTAGTCGAAAACTCACCC,0,2362206
mglBp,0.3333333333333333,2,2,AGTTAGAGGCTAATGTTTGG,0,2354098
mglBp,0.3333333333333333,2,2,AGTTACTTATTCGACGGCGG,0,2326868
mglBp,0.3333333333333333,2,2,AGTGTTATTTTCATACTAGG,0,2392573
mglBp,0.3333333333333333,2,2,AGTGGGACCGCGACCTAGAT,0,2318886
mglBp,0.3333333333333333,2,2,AGTGCTTAGGTGCCATTGCT,0,2413039
mglBp,0.3333333333333333,2,2,AGTGCTTACATTGTACACGT,0,2348866
mglBp,0.3333333333333333,2,2,AGTGCGTTTCGAGGTAGATA,0,2404565
mglBp,0.3333333333333333,2,2,AGTGCCTCTAGTGTCTCGTT,0,2358952
mglBp,0.3333333333333333,2,2,AGTGCCCTCGCCGGTGCGGT,0,2324703
mglBp,0.3333333333333333,2,2,AGTGCATGCGGCTGATAAAT,0,2372770
mglBp,0.3333333333333333,2,2,AGTGAACATGTCGTGACCTA,0,2400925
mglBp,0.3333333333333333,2,2,AGTCTTTATCTGTCGTGGGA,0,2353671
mglBp,0.3333333333333333,2,2,AGTCTGTGGACTAGCACGGT,0,2380475
mglBp,0.3333333333333333,2,2,AGTCTGAGTCGAAATAGTTA,0,2400192
mglBp,0.3333333333333333,2,2,AGTCTATTAGCACGGCGAAC,0,2416292
mglBp,0.3333333333333333,2,2,AGTCGTCAGGTATCGAGTGT,0,2324385
mglBp,0.3333333333333333,2,2,AGTCGGTCGCGGACGAATGT,0,2421622
mglBp,0.3333333333333333,2,2,AGTCGATGCACAGCTCCTTA,0,2361992
mglBp,0.3333333333333333,2,2,AGTCCTCGAACCGGGCATAA,0,2339831
mglBp,0.3333333333333333,2,2,AGTCCTAGAACAATTTCCGT,0,2333006
mglBp,0.3333333333333333,2,2,AGTCCATCATTTGGGAAGAG,0,2378997
mglBp,0.3333333333333333,2,2,AGTCACAATGGCGCTCTTCT,0,2349144
mglBp,0.3333333333333333,2,2,AGTCAATTCTCTACTTCTAG,0,2335141
mglBp,0.3333333333333333,2,2,AGTAGTCTTTAGACCCGTGA,0,2330728
mglBp,0.3333333333333333,2,2,AGTAGTAGATACACAGCCTG,0,2389284
mglBp,0.3333333333333333,2,2,AGTAGGGGTTCATTGTTTAT,0,2370227
mglBp,0.3333333333333333,2,2,AGTAGGGGAGCCGGGTACGC,0,2349153
mglBp,0.3333333333333333,2,2,AGTAGCCAATGGGTGAGGCA,0,2344308
mglBp,0.3333333333333333,2,2,AGTAGATCCCTAAGGCAGAA,0,2350209
mglBp,0.3333333333333333,2,2,AGTACTAAGACGGCAAGTAG,0,2422456
mglBp,0.3333333333333333,2,2,AGTACGTGGCGATGGCGTAT,0,2369466
mglBp,0.3333333333333333,2,2,AGTACGTGGATCTGTACGGG,0,2387476
mglBp,0.3333333333333333,2,2,AGTACGCAAACTTAGCACCG,0,2344941
mglBp,0.3333333333333333,2,2,AGTACCCATAGACTTTCGGA,0,2355697
mglBp,0.3333333333333333,2,2,AGTACAGTAGTAGCACCATA,0,2324111
mglBp,0.3333333333333333,2,2,AGTACAGGTATCTACCATCG,0,2405202
mglBp,0.3333333333333333,2,2,AGTACAATTTGAGATCGTTA,0,2404099
mglBp,0.3333333333333333,2,2,AGTAATGAGGATGATTACCA,0,2390638
mglBp,0.3333333333333333,2,2,AGTAAGGCGCGCTGAAGTCG,0,2363825
mglBp,0.3333333333333333,2,2,AGTAAGCCAGCAGCAAGAAA,0,2398767
mglBp,0.3333333333333333,2,2,AGTAAAACGAGTGGGGGTGA,0,2414699
mglBp,0.3333333333333333,2,2,AGGTTTATTGTCAGGCTGAT,0,2358769
mglBp,0.3333333333333333,2,2,AGGTTCCGCAGATGTAGAAA,0,2346888
mglBp,0.3333333333333333,2,2,AGGTTAACACACACCACAGC,0,2381540
mglBp,0.3333333333333333,2,2,AGGTGGGTAGGGAAACATGC,0,2376064
mglBp,0.3333333333333333,2,2,AGGTGATCCTGCAGCCTGCG,0,2330792
mglBp,0.3333333333333333,2,2,AGGTGAGACAAAGGCCGCGC,0,2318493
mglBp,0.3333333333333333,2,2,AGGTCTCATGGAAGTAGTTG,0,2336047
mglBp,0.3333333333333333,2,2,AGGTCCCCTGCCCCAGTTTA,0,2346377
mglBp,0.3333333333333333,2,2,AGGTCACCATACCAAGCGGA,0,2380693
mglBp,0.3333333333333333,2,2,AGGTATATGCTACCCGTAAA,0,2378368
mglBp,0.3333333333333333,2,2,AGGTATACATGTGGTGGATT,0,2399773
mglBp,0.3333333333333333,2,2,AGGTATAATAGTAAGCGATG,0,2378428
mglBp,0.3333333333333333,2,2,AGGTAGGTTAGATCGTGACA,0,2351451
mglBp,0.3333333333333333,2,2,AGGTACGATGCAACGCACTG,0,2401729
mglBp,0.3333333333333333,2,2,AGGGTTGGTGTACCCATGAC,0,2327195
mglBp,0.3333333333333333,2,2,AGGGTTCCCGAATAACAGGC,0,2352822
mglBp,0.3333333333333333,2,2,AGGGTGTTAGCTGGGAAACC,0,2370805
mglBp,0.3333333333333333,2,2,AGGGTGCCCGCGCTTTCTAG,0,2383786
mglBp,0.3333333333333333,2,2,AGGGTGCATGTCAGCGAAAG,0,2375572
mglBp,0.3333333333333333,2,2,AGGGTACCGTCAGGCCTTCT,0,2414195
mglBp,0.3333333333333333,2,2,AGGGGGTGCGAGGGGGGGTC,0,2341244
mglBp,0.3333333333333333,2,2,AGGGGGGGGTCACTTCGGTA,0,2422565
mglBp,0.3333333333333333,2,2,AGGGGGCTGTCCAAACTGCA,0,2419592
mglBp,0.3333333333333333,2,2,AGGGGGAACCGTACGGGACA,0,2343565
mglBp,0.3333333333333333,2,2,AGGGGCCACCTATGGAAGCC,0,2379983
mglBp,0.3333333333333333,2,2,AGGGCTCTGAGACAGTTTGT,0,2363337
mglBp,0.3333333333333333,2,2,AGGGCCACTTTTCTGCAGGA,0,2336507
mglBp,0.3333333333333333,2,2,AGGGATGAAGGACTTGCAGC,0,2324790
mglBp,0.3333333333333333,2,2,AGGGATCGAAATATCCAAAT,0,2408732
mglBp,0.3333333333333333,2,2,AGGGATATCTGATCGCAGGA,0,2402816
mglBp,0.3333333333333333,2,2,AGGGAGGAGATCGCCCCGGT,0,2372084
mglBp,0.3333333333333333,2,2,AGGGAGATCAGCGGCTCCGC,0,2405520
mglBp,0.3333333333333333,2,2,AGGGAAGCACTCGTTGTGTC,0,2343631
mglBp,0.3333333333333333,2,2,AGGGAACCCGCGCTCAATTA,0,2406910
mglBp,0.3333333333333333,2,2,AGGGAAAATTGGGACCCATG,0,2327365
mglBp,0.3333333333333333,2,2,AGGCTTTCGCACCCTCGGAT,0,2423492
mglBp,0.3333333333333333,2,2,AGGCTTCTGGTAAGCTGTTC,0,2328331
mglBp,0.3333333333333333,2,2,AGGCTTAGGCTCGTTATCTG,0,2354900
mglBp,0.3333333333333333,2,2,AGGCTGCGAAGCACTGTGCA,0,2321377
mglBp,0.3333333333333333,2,2,AGGCTGAGGTAATTTAGTCT,0,2340125
mglBp,0.3333333333333333,2,2,AGGCTGACCATCAATGCTGA,0,2372729
mglBp,0.3333333333333333,2,2,AGGCTCCCTTCAGAAATAAT,0,2379203
mglBp,0.3333333333333333,2,2,AGGCTATTCACGCTGACCCG,0,2379465
mglBp,0.3333333333333333,2,2,AGGCTAGTAAGCTGTACATT,0,2380318
mglBp,0.3333333333333333,2,2,AGGCGTGTGTTACACAGGCG,0,2370908
mglBp,0.3333333333333333,2,2,AGGCGTGTGCACGCCCTCAT,0,2410467
mglBp,0.3333333333333333,2,2,AGGCGGGGCCGGCTTGACCT,0,2421172
mglBp,0.3333333333333333,2,2,AGGCGCCTGTAAGGCCTACC,0,2335889
mglBp,0.3333333333333333,2,2,AGGCGCAGGCCTGCGTTGGG,0,2396084
mglBp,0.3333333333333333,2,2,AGGCCTCAAACGTTAGACTC,0,2371804
mglBp,0.3333333333333333,2,2,AGGCCCGTGCGCGATGTTTC,0,2324534
mglBp,0.3333333333333333,2,2,AGGCACTTACTTCTCCAGGG,0,2405479
mglBp,0.3333333333333333,2,2,AGGCACCCTTCCGCCAATGT,0,2392487
mglBp,0.3333333333333333,2,2,AGGCAAATGATGGGAGATGT,0,2421636
mglBp,0.3333333333333333,2,2,AGGATTCCGTCCGGGAAACA,0,2368023
mglBp,0.3333333333333333,2,2,AGGATTATGTCACACCGTTT,0,2339799
mglBp,0.3333333333333333,2,2,AGGATGGAAGCAGATTCTCC,0,2380251
mglBp,0.3333333333333333,2,2,AGGATCCTGACCTATAGTGA,0,2422463
mglBp,0.3333333333333333,2,2,AGGATAATCACATCCCGCGC,0,2345494
mglBp,0.3333333333333333,2,2,AGGAGTGTTAAGGTACGATT,0,2378741
mglBp,0.3333333333333333,2,2,AGGAGCGCGAAACAGACAAC,0,2364498
mglBp,0.3333333333333333,2,2,AGGAGCAATATTGGCAGGAA,0,2420171
mglBp,0.3333333333333333,2,2,AGGAGAGGAATGACTTTCTT,0,2395887
mglBp,0.3333333333333333,2,2,AGGACGCCAAGTCGAGCGTG,0,2410781
mglBp,0.3333333333333333,2,2,AGGAAGTGTGCTGCAAGGTT,0,2417710
mglBp,0.3333333333333333,2,2,AGGAAGGAAAGCGCGTGGGT,0,2396014
mglBp,0.3333333333333333,2,2,AGGAACTTGTGTGGGCGTCT,0,2323014
mglBp,0.3333333333333333,2,2,AGGAACGGGATAACATGCGT,0,2363393
mglBp,0.3333333333333333,2,2,AGGAACCTTATCCTTCCGTC,0,2332599
mglBp,0.3333333333333333,2,2,AGGAACCTCGCTGAGCGTGA,0,2422343
mglBp,0.3333333333333333,2,2,AGGAACCACGGAAGGCACTC,0,2383995
mglBp,0.3333333333333333,2,2,AGGAAATTGCACCCCAGTTC,0,2371603
mglBp,0.3333333333333333,2,2,AGGAAAGAAACGTACTTTAT,0,2376016
mglBp,0.3333333333333333,2,2,AGGAAAATCAAGCTGCGTAT,0,2340696
mglBp,0.3333333333333333,2,2,AGCTTGGCTTTGAATTCCAA,0,2389425
mglBp,0.3333333333333333,2,2,AGCTGGCCCTAGGATGGTGG,0,2322405
mglBp,0.3333333333333333,2,2,AGCTGGACTCGAACTCCGGG,0,2415435
mglBp,0.3333333333333333,2,2,AGCTGACCTCGGTAACACGC,0,2416821
mglBp,0.3333333333333333,2,2,AGCTCTTGCTGGCCATATCT,0,2380331
mglBp,0.3333333333333333,2,2,AGCTCTCATCCGGTCCTGAC,0,2405561
mglBp,0.3333333333333333,2,2,AGCTCGTACTCACCCTACCA,0,2388711
mglBp,0.3333333333333333,2,2,AGCTCCGTGCACAAATCTCG,0,2352439
mglBp,0.3333333333333333,2,2,AGCTCCCTGTGCGTTGTGAA,0,2356990
mglBp,0.3333333333333333,2,2,AGCTATTCACCGGAGTAGCG,0,2411213
mglBp,0.3333333333333333,2,2,AGCTAGGGAGCTCCACAGTC,0,2391687
mglBp,0.3333333333333333,2,2,AGCTACTGCGTTCCGTAGTA,0,2320634
mglBp,0.3333333333333333,2,2,AGCTAATCCCAAGCAGGCCC,0,2382794
mglBp,0.3333333333333333,2,2,AGCGTGATAGGGATCATCCT,0,2397938
mglBp,0.3333333333333333,2,2,AGCGTAAGGTATTCCAGCTA,0,2327612
mglBp,0.3333333333333333,2,2,AGCGGGTTGAGACCACTGAT,0,2379548
mglBp,0.3333333333333333,2,2,AGCGGGTACAGTATTGGACA,0,2371923
mglBp,0.3333333333333333,2,2,AGCGGCCCGATCAGGCCTGA,0,2349899
mglBp,0.3333333333333333,2,2,AGCGGCCATGATATCCAGTA,0,2389293
mglBp,0.3333333333333333,2,2,AGCGCGAGGCAGTGTAAAGC,0,2350324
mglBp,0.3333333333333333,2,2,AGCGATCGTTCCCTTGTAGG,0,2320837
mglBp,0.3333333333333333,2,2,AGCGATCCCAACATCTTCCT,0,2418355
mglBp,0.3333333333333333,2,2,AGCGAGCAGCGTCGTAGCTC,0,2350283
mglBp,0.3333333333333333,2,2,AGCCTGGTGGCTCAACATCC,0,2404732
mglBp,0.3333333333333333,2,2,AGCCTCATCGCGAACTACAG,0,2325834
mglBp,0.3333333333333333,2,2,AGCCTCAACGAGTGATTACA,0,2377918
mglBp,0.3333333333333333,2,2,AGCCTACTTCCAGACACGAT,0,2385032
mglBp,0.3333333333333333,2,2,AGCCGAATCACCAGCGTGCT,0,2379816
mglBp,0.3333333333333333,2,2,AGCCCTGGCAGAGAAAACCC,0,2335757
mglBp,0.3333333333333333,2,2,AGCCCCTAGTCGTAGAGTTG,0,2384722
mglBp,0.3333333333333333,2,2,AGCCCCCCTTTTCAAAGTCA,0,2334071
mglBp,0.3333333333333333,2,2,AGCCATATTCCCAAAGAGAT,0,2407144
mglBp,0.3333333333333333,2,2,AGCCAGCAGGTTCGTCATGA,0,2387733
mglBp,0.3333333333333333,2,2,AGCCAAAAAACGTGTACTAC,0,2413051
mglBp,0.3333333333333333,2,2,AGCATTTGCACAGGCCCATG,0,2356831
mglBp,0.3333333333333333,2,2,AGCAGTGTGGTGTTTCAACG,0,2374331
mglBp,0.3333333333333333,2,2,AGCAGGGCGATCACTTGAGG,0,2402997
mglBp,0.3333333333333333,2,2,AGCACTGGGGTGGTGCCGGT,0,2338431
mglBp,0.3333333333333333,2,2,AGCACCAATTATCATCATGG,0,2398628
mglBp,0.3333333333333333,2,2,AGCAAGCGGGGCATTCCGTT,0,2378223
mglBp,0.3333333333333333,2,2,AGCAACTTTTCGTAATGGAG,0,2373174
mglBp,0.3333333333333333,2,2,AGATTGGGGTGACGTGGACC,0,2354736
mglBp,0.3333333333333333,2,2,AGATTGACTCGACTCGACCA,0,2393575
mglBp,0.3333333333333333,2,2,AGATGTCTTTGCCGGGACGC,0,2379223
mglBp,0.3333333333333333,2,2,AGATGCCACAGCTTAAGGTA,0,2397176
mglBp,0.3333333333333333,2,2,AGATGAGCATTCAAGTACGG,0,2375334
mglBp,0.3333333333333333,2,2,AGATCCGGCGATGGCGGGAA,0,2334069
mglBp,0.3333333333333333,2,2,AGATCCACTCGGTCCTACGA,0,2372613
mglBp,0.3333333333333333,2,2,AGATATTTCGCTCCAGCGTG,0,2411048
mglBp,0.3333333333333333,2,2,AGATATTCAGGCTCAAACTT,0,2422448
mglBp,0.3333333333333333,2,2,AGATACCATCTAGCTACACA,0,2394059
mglBp,0.3333333333333333,2,2,AGATAAGGCCCGATATGAGC,0,2346365
mglBp,0.3333333333333333,2,2,AGAGTTGTACCGGGGCGACG,0,2384051
mglBp,0.3333333333333333,2,2,AGAGTGTCTCTGTACACAGT,0,2370000
mglBp,0.3333333333333333,2,2,AGAGTGGACAGTACGATGCC,0,2352812
mglBp,0.3333333333333333,2,2,AGAGGTTCCTGAGCCAGCGT,0,2326226
mglBp,0.3333333333333333,2,2,AGAGGTCCTTCAACAGGACG,0,2373415
mglBp,0.3333333333333333,2,2,AGAGGCCAATTGTAATACCC,0,2411872
mglBp,0.3333333333333333,2,2,AGAGGAGTAAGGGACTGGAT,0,2404593
mglBp,0.3333333333333333,2,2,AGAGCTGTGGTATCCTCCGC,0,2402748
mglBp,0.3333333333333333,2,2,AGAGCTCTGCAGTTAATTGA,0,2363242
mglBp,0.3333333333333333,2,2,AGAGAGACGTGAAATAAAAT,0,2369560
mglBp,0.3333333333333333,2,2,AGAGACTCAACGGTCTCCTA,0,2416403
mglBp,0.3333333333333333,2,2,AGAGACGTATCAGTTAGCCT,0,2405114
mglBp,0.3333333333333333,2,2,AGAGAAACAGGGCGTTGTCA,0,2321008
mglBp,0.3333333333333333,2,2,AGACTGAATTGTCCCTATAG,0,2409925
mglBp,0.3333333333333333,2,2,AGACGATTCGTCGAGCGGTC,0,2360477
mglBp,0.3333333333333333,2,2,AGACATTAAGCTCAGAGGGG,0,2325066
mglBp,0.3333333333333333,2,2,AGACATAGGACAGCGAGCTT,0,2333163
mglBp,0.3333333333333333,2,2,AGACATAAGGTAGAATTCGG,0,2384070
mglBp,0.3333333333333333,2,2,AGACAATAGGCTTAAACCCG,0,2321979
mglBp,0.3333333333333333,2,2,AGAATTAATGCCAACGACTC,0,2411998
mglBp,0.3333333333333333,2,2,AGAATCTTATGCAACTCCAT,0,2332852
mglBp,0.3333333333333333,2,2,AGAAGTTTGCCCCTGGCTAG,0,2355690
mglBp,0.3333333333333333,2,2,AGAAGGTCTGGTCGCAGCGA,0,2344232
mglBp,0.3333333333333333,2,2,AGAAGAGCCCTGCAGATAAT,0,2396298
mglBp,0.3333333333333333,2,2,AGAACTTCTCGCGTTAGCAA,0,2402190
mglBp,0.3333333333333333,2,2,AGAACCTTCAACTTATCTCA,0,2415702
mglBp,0.3333333333333333,2,2,AGAAAGTCGTCTGAGATTCA,0,2402987
mglBp,0.3333333333333333,2,2,AGAAAGGTCCCTCTGTAAAG,0,2361953
mglBp,0.3333333333333333,2,2,AGAAACCCCAAAAAATAAAG,0,2321808
mglBp,0.3333333333333333,2,2,AGAAACATAAAGGCTCTGAT,0,2386434
mglBp,0.3333333333333333,2,2,AGAAACAGCACAATAGGCTA,0,2371553
mglBp,0.3333333333333333,2,2,ACTTTTCCCCGTGTTCATAA,0,2357837
mglBp,0.3333333333333333,2,2,ACTTTGGACCCAGATTCCGA,0,2347807
mglBp,0.3333333333333333,2,2,ACTTTATATCTTGAGCGTGG,0,2337732
mglBp,0.3333333333333333,2,2,ACTTTAGTAGTGCACACCAA,0,2363732
mglBp,0.3333333333333333,2,2,ACTTTAGCCAGGTGGTGCTG,0,2412387
mglBp,0.3333333333333333,2,2,ACTTGTGGAGCTAGACTACG,0,2389297
mglBp,0.3333333333333333,2,2,ACTTGGGGGGGCGTTCGAGC,0,2333781
mglBp,0.3333333333333333,2,2,ACTTGCCAAGGTGGATTATC,0,2341360
mglBp,0.3333333333333333,2,2,ACTTGATATAGGTCAAATTC,0,2334125
mglBp,0.3333333333333333,2,2,ACTTCCCTCCTCGCAAGGAC,0,2376099
mglBp,0.3333333333333333,2,2,ACTTATGTATCGTCACAAGT,0,2343678
mglBp,0.3333333333333333,2,2,ACTTAGTGTGTTGGGACTGG,0,2361305
mglBp,0.3333333333333333,2,2,ACTTACAGGGGTGACCATTA,0,2422937
mglBp,0.3333333333333333,2,2,ACTGTGGCGTCTTCTGCCTC,0,2352642
mglBp,0.3333333333333333,2,2,ACTGTACCGTCATCCTATCA,0,2335063
mglBp,0.3333333333333333,2,2,ACTGGCGTTCAACCAGCCGA,0,2418128
mglBp,0.3333333333333333,2,2,ACTGGCATTAGAATGTTTTG,0,2413558
mglBp,0.3333333333333333,2,2,ACTGGCACCACTGACTACGA,0,2418100
mglBp,0.3333333333333333,2,2,ACTGCTCGAAGATAGCCAGT,0,2320180
mglBp,0.3333333333333333,2,2,ACTGCTAGTACCCACCCCTT,0,2392605
mglBp,0.3333333333333333,2,2,ACTGCGGGGTATAACAGAGG,0,2352358
mglBp,0.3333333333333333,2,2,ACTGCAGGGTCGTTGGGCGG,0,2408001
mglBp,0.3333333333333333,2,2,ACTGAGCCTAAGTGTGCAAT,0,2338414
mglBp,0.3333333333333333,2,2,ACTGACGTGTGACGTACCTG,0,2401730
mglBp,0.3333333333333333,2,2,ACTCTAATCGTAAGGGTTCA,0,2379533
mglBp,0.3333333333333333,2,2,ACTCGTGGGTGATGTGTATC,0,2327226
mglBp,0.3333333333333333,2,2,ACTCCGCCCACGGCTTCTAT,0,2417500
mglBp,0.3333333333333333,2,2,ACTCCCCGTAGTGGACGCTC,0,2385677
mglBp,0.3333333333333333,2,2,ACTCCCCAGGTGATTTAATT,0,2369923
mglBp,0.3333333333333333,2,2,ACTCAGGGAGACTCAGTAAT,0,2407394
mglBp,0.3333333333333333,2,2,ACTCAGCCGTGCCGCGAGGG,0,2383216
mglBp,0.3333333333333333,2,2,ACTCACTCAACGAGTATGGC,0,2343057
mglBp,0.3333333333333333,2,2,ACTCAAGATTAGGGTGAAAG,0,2356833
mglBp,0.3333333333333333,2,2,ACTCAAGACAAATGGGCTAG,0,2336903
mglBp,0.3333333333333333,2,2,ACTATTAAACGTGTTCGAGA,0,2417399
mglBp,0.3333333333333333,2,2,ACTATGCATGACTCGGTTCA,0,2337213
mglBp,0.3333333333333333,2,2,ACTATGATCTCCGACCCGAC,0,2382002
mglBp,0.3333333333333333,2,2,ACTATATACTATTGTCCCGC,0,2341009
mglBp,0.3333333333333333,2,2,ACTAGGCCCCGACAGGGTGC,0,2397687
mglBp,0.3333333333333333,2,2,ACTAGCACCTGGCACCACTC,0,2410980
mglBp,0.3333333333333333,2,2,ACTAGATAGACCGGTCCCAT,0,2393920
mglBp,0.3333333333333333,2,2,ACTAGATAAGCCTTTCTTAC,0,2389953
mglBp,0.3333333333333333,2,2,ACTACTCTGGATAGATCAGC,0,2394303
mglBp,0.3333333333333333,2,2,ACTACGTCGGTTACACATCT,0,2363808
mglBp,0.3333333333333333,2,2,ACTACCTAGTATAGGGTTAG,0,2340915
mglBp,0.3333333333333333,2,2,ACTACCGGACTCGGGCGTTG,0,2351190
mglBp,0.3333333333333333,2,2,ACTACCATTAAACGAAAGTT,0,2351571
mglBp,0.3333333333333333,2,2,ACTACCAATCACCAGGGCAA,0,2392402
mglBp,0.3333333333333333,2,2,ACTACCAAATGAGCAGTTAG,0,2415288
mglBp,0.3333333333333333,2,2,ACTAAAGGTTGATGCTATGT,0,2353747
mglBp,0.3333333333333333,2,2,ACTAAAGAACGAACGGAAAC,0,2400639
mglBp,0.3333333333333333,2,2,ACTAAAAGCGGTCACGCCCA,0,2324910
mglBp,0.3333333333333333,2,2,ACGTTTGCGCTGTGAGGCTT,0,2413040
mglBp,0.3333333333333333,2,2,ACGTTCTGTACCTACTCAGC,0,2330896
mglBp,0.3333333333333333,2,2,ACGTTCTATTCCACACCTCC,0,2317609
mglBp,0.3333333333333333,2,2,ACGTTCCCGTTAAGAAGAGA,0,2423211
mglBp,0.3333333333333333,2,2,ACGTTACAACTAAAGGGCCT,0,2366889
mglBp,0.3333333333333333,2,2,ACGTTAACCTTACAATAGAG,0,2405152
mglBp,0.3333333333333333,2,2,ACGTGGAAATCCATGATGCG,0,2389842
mglBp,0.3333333333333333,2,2,ACGTGAACTATTATAGAGCA,0,2322094
mglBp,0.3333333333333333,2,2,ACGTCGTTAAGCTTGGGGAA,0,2332666
mglBp,0.3333333333333333,2,2,ACGTCCACTTAATGGTACAA,0,2393000
mglBp,0.3333333333333333,2,2,ACGTATGTATCGTCGGTAGT,0,2382535
mglBp,0.3333333333333333,2,2,ACGTATCCGGTAACGGGTGT,0,2343712
mglBp,0.3333333333333333,2,2,ACGTACTTTGAATGTCAGCA,0,2326092
mglBp,0.3333333333333333,2,2,ACGTACCCTGTCGTGCACGG,0,2406629
mglBp,0.3333333333333333,2,2,ACGTAAAACCGCTAGGAGAG,0,2334011
mglBp,0.3333333333333333,2,2,ACGGTATAGCAAGCCAGCCG,0,2413057
mglBp,0.3333333333333333,2,2,ACGGTAATCGCCACTTGACA,0,2393528
mglBp,0.3333333333333333,2,2,ACGGGTATATGGGTCGGCAA,0,2328274
mglBp,0.3333333333333333,2,2,ACGGGTATATCATTGTTTTC,0,2423728
mglBp,0.3333333333333333,2,2,ACGGGTACTTCTGGTACCCT,0,2422384
mglBp,0.3333333333333333,2,2,ACGGGTACCATTTGCTTGAT,0,2347259
mglBp,0.3333333333333333,2,2,ACGGGCTCCAGCTTCAATCG,0,2376363
mglBp,0.3333333333333333,2,2,ACGGGCCTACTGTATAGGAG,0,2356806
mglBp,0.3333333333333333,2,2,ACGGGATAACTGCGCGTCTC,0,2330392
mglBp,0.3333333333333333,2,2,ACGGGAGTAGGTTCATACGG,0,2394307
mglBp,0.3333333333333333,2,2,ACGGGAAAGCAGAGGCCAGC,0,2373985
mglBp,0.3333333333333333,2,2,ACGGCTTTCGTGTGCAGTCG,0,2364866
mglBp,0.3333333333333333,2,2,ACGGCTTGATCACGATGTCA,0,2361057
mglBp,0.3333333333333333,2,2,ACGGCATCCATTATAAGATC,0,2387120
mglBp,0.3333333333333333,2,2,ACGGCATAATCAGTGGAAAA,0,2406319
mglBp,0.3333333333333333,2,2,ACGGAGGAGTGAGATACTTA,0,2381413
mglBp,0.3333333333333333,2,2,ACGGAAGGCCAGGCACATCT,0,2403783
mglBp,0.3333333333333333,2,2,ACGGAAAGCACGCCCTCGTG,0,2393958
mglBp,0.3333333333333333,2,2,ACGCTGTACTGAGGCAAGCC,0,2422485
mglBp,0.3333333333333333,2,2,ACGCTCAGCGTGTTTCGGAT,0,2366046
mglBp,0.3333333333333333,2,2,ACGCGTCTATGCATCGGACA,0,2390239
mglBp,0.3333333333333333,2,2,ACGCGGTAACTTTTTGGTTG,0,2351091
mglBp,0.3333333333333333,2,2,ACGCGCGGCTGTCACACGGT,0,2321316
mglBp,0.3333333333333333,2,2,ACGCGCAGCTGGGTTGCCAA,0,2419277
mglBp,0.3333333333333333,2,2,ACGCCTGTACCTGGCGTCCA,0,2344391
mglBp,0.3333333333333333,2,2,ACGCCCTACTACACGCGGCT,0,2378383
mglBp,0.3333333333333333,2,2,ACGCCATGTATACCTGTATA,0,2317180
mglBp,0.3333333333333333,2,2,ACGCATGAAAAGGTGCGCCC,0,2353935
mglBp,0.3333333333333333,2,2,ACGCACATATGATTCGAAAC,0,2320578
mglBp,0.3333333333333333,2,2,ACGCAAACGGGGAGCACCCC,0,2400465
mglBp,0.3333333333333333,2,2,ACGATGCGGTACCAAGGCGA,0,2341537
mglBp,0.3333333333333333,2,2,ACGATGAATCTAAAGCACAA,0,2340860
mglBp,0.3333333333333333,2,2,ACGATATATATTCTCCCCAC,0,2405103
mglBp,0.3333333333333333,2,2,ACGAGGCTAGCAGTCTCGGC,0,2369614
mglBp,0.3333333333333333,2,2,ACGAGCGATGACCATTCCTT,0,2328208
mglBp,0.3333333333333333,2,2,ACGACTTCAGGCCAACTGAA,0,2407826
mglBp,0.3333333333333333,2,2,ACGACTAACCTTTCTATGCT,0,2399593
mglBp,0.3333333333333333,2,2,ACGACGCAAGGGGCTATAGC,0,2386322
mglBp,0.3333333333333333,2,2,ACGACCTTTCCAGTGGGCAG,0,2319023
mglBp,0.3333333333333333,2,2,ACGACCTTACCTGAGGGAGG,0,2367425
mglBp,0.3333333333333333,2,2,ACGACCGACTTCGATTACTC,0,2390562
mglBp,0.3333333333333333,2,2,ACGAATAGGGAAGGGTAGAA,0,2404928
mglBp,0.3333333333333333,2,2,ACGAAGGCGTCCATGGTCGC,0,2396453
mglBp,0.3333333333333333,2,2,ACCTGACGTTTCTTTCAGTC,0,2373990
mglBp,0.3333333333333333,2,2,ACCTGAACGGAGTACTATTC,0,2383487
mglBp,0.3333333333333333,2,2,ACCTCGCGCTCTCCATTATA,0,2417095
mglBp,0.3333333333333333,2,2,ACCTAGAAGACCCAGAAAGT,0,2362608
mglBp,0.3333333333333333,2,2,ACCTAACACATTAGTTCCCC,0,2403709
mglBp,0.3333333333333333,2,2,ACCGTTTAGCATGTTATAGG,0,2360954
mglBp,0.3333333333333333,2,2,ACCGTGTCTACTTGACGGAA,0,2324901
mglBp,0.3333333333333333,2,2,ACCGTGTCGAGTCAGAGACA,0,2324607
mglBp,0.3333333333333333,2,2,ACCGTCTGTTCGGCTAGGTC,0,2385350
mglBp,0.3333333333333333,2,2,ACCGTAGTTGCCCGCCTCGT,0,2388206
mglBp,0.3333333333333333,2,2,ACCGGTCGGCTTTAATGATT,0,2322645
mglBp,0.3333333333333333,2,2,ACCGGTATATGGGTTTACTT,0,2348132
mglBp,0.3333333333333333,2,2,ACCGGCTTTTGGTGCGAAGA,0,2387986
mglBp,0.3333333333333333,2,2,ACCGGCGCAAAACCGGTGGA,0,2376687
mglBp,0.3333333333333333,2,2,ACCGGCCCCTAGTCTAGGGA,0,2366822
mglBp,0.3333333333333333,2,2,ACCGGCATTTATCGACTTCA,0,2397257
mglBp,0.3333333333333333,2,2,ACCGGAGGGATAAGACTGCA,0,2413355
mglBp,0.3333333333333333,2,2,ACCGATTCCCGACTAAAAGG,0,2353383
mglBp,0.3333333333333333,2,2,ACCGAGAGGGTAAACCGGCT,0,2352604
mglBp,0.3333333333333333,2,2,ACCCTGATGCACTCCTTAAG,0,2415894
mglBp,0.3333333333333333,2,2,ACCCTCATGATATCGACTTT,0,2320494
mglBp,0.3333333333333333,2,2,ACCCGTCGTGATATCAAGCG,0,2352152
mglBp,0.3333333333333333,2,2,ACCCGACCTGATCCCTTCCC,0,2364823
mglBp,0.3333333333333333,2,2,ACCCCCGGGAGATGCCGGTA,0,2336046
mglBp,0.3333333333333333,2,2,ACCCCACCCTGTTGCAAAGA,0,2351147
mglBp,0.3333333333333333,2,2,ACCCAGTCGCCATGTTCTCT,0,2413348
mglBp,0.3333333333333333,2,2,ACCCAATCCTGAAGTGTTGT,0,2353029
mglBp,0.3333333333333333,2,2,ACCATTAGCGGCTTGTCCCA,0,2422817
mglBp,0.3333333333333333,2,2,ACCATCTGCCGAGGCCTCCT,0,2375008
mglBp,0.3333333333333333,2,2,ACCATATGGCATTCAAGATT,0,2395000
mglBp,0.3333333333333333,2,2,ACCAGGTCTTGCCATTGCAG,0,2371788
mglBp,0.3333333333333333,2,2,ACCAGGTCTATTCGTGGGTA,0,2382291
mglBp,0.3333333333333333,2,2,ACCAGGGCTGGTCGTATAAC,0,2404682
mglBp,0.3333333333333333,2,2,ACCAGGCAAACTGTCATCAA,0,2325913
mglBp,0.3333333333333333,2,2,ACCAGACGATGGTTTTTTCT,0,2417640
mglBp,0.3333333333333333,2,2,ACCACTTACGCAGTGAAAAC,0,2330706
mglBp,0.3333333333333333,2,2,ACCACGCACCAGATTATAAG,0,2399669
mglBp,0.3333333333333333,2,2,ACCAAAGAGTTCATTCATAG,0,2350585
mglBp,0.3333333333333333,2,2,ACCAAACGGTACGAGCATGT,0,2382700
mglBp,0.3333333333333333,2,2,ACATTTGGGCGTAGCGCGGG,0,2411478
mglBp,0.3333333333333333,2,2,ACATTTATTTATCCCGGGTC,0,2327336
mglBp,0.3333333333333333,2,2,ACATTGCGTCGGGTAAGTAG,0,2363203
mglBp,0.3333333333333333,2,2,ACATTATTCGCAATCTGCAG,0,2348448
mglBp,0.3333333333333333,2,2,ACATTAGCTTGAGGTGGTTT,0,2396594
mglBp,0.3333333333333333,2,2,ACATGTCAGGCAAGAACGCA,0,2397358
mglBp,0.3333333333333333,2,2,ACATGATCTCAGTCCAGGAC,0,2325906
mglBp,0.3333333333333333,2,2,ACATCTTTAACGCTTAGAAT,0,2356339
mglBp,0.3333333333333333,2,2,ACATCTAAGTTTTGCGTTCT,0,2358654
mglBp,0.3333333333333333,2,2,ACATCTAAAGAGATACTTCA,0,2382355
mglBp,0.3333333333333333,2,2,ACATCTAAACATGTAATAGT,0,2316814
mglBp,0.3333333333333333,2,2,ACATCGTTTCTTATCGACGG,0,2349808
mglBp,0.3333333333333333,2,2,ACATCGCGATGAAAGGATGA,0,2388080
mglBp,0.3333333333333333,2,2,ACATCATGTTGAGTTCCTTT,0,2406360
mglBp,0.3333333333333333,2,2,ACATCAGATTATGGATACTG,0,2379708
mglBp,0.3333333333333333,2,2,ACATATATAAAATGGAGAGG,0,2384163
mglBp,0.3333333333333333,2,2,ACATAGGTTTGGGTACAGGA,0,2414733
mglBp,0.3333333333333333,2,2,ACATACCCAAGGGTGCCCGA,0,2375856
mglBp,0.3333333333333333,2,2,ACATAAATAGGCTGGAATGA,0,2316469
mglBp,0.3333333333333333,2,2,ACAGTTGGTTGACGGTAATT,0,2391080
mglBp,0.3333333333333333,2,2,ACAGTAAACGTGCTGTCATT,0,2374820
mglBp,0.3333333333333333,2,2,ACAGGGTTTACTGCGAGTTG,0,2331029
mglBp,0.3333333333333333,2,2,ACAGGGGAGGTCGGTCCATT,0,2404893
mglBp,0.3333333333333333,2,2,ACAGGGATGTCCCAGAGGCC,0,2358962
mglBp,0.3333333333333333,2,2,ACAGGGAGATGTGCATCCCA,0,2351319
mglBp,0.3333333333333333,2,2,ACAGGATTCTACAAATGCTA,0,2330164
mglBp,0.3333333333333333,2,2,ACAGCTCTTTCCTGACACCT,0,2415936
mglBp,0.3333333333333333,2,2,ACAGCGCTCCACGCCCCACG,0,2384613
mglBp,0.3333333333333333,2,2,ACAGCGAAATTTGGGATACG,0,2388308
mglBp,0.3333333333333333,2,2,ACAGCATCCAGCTTAGCTGC,0,2321440
mglBp,0.3333333333333333,2,2,ACAGATTTAAAAAAGAGGCA,0,2400253
mglBp,0.3333333333333333,2,2,ACAGATCGACCCCTCGCCGC,0,2356300
mglBp,0.3333333333333333,2,2,ACAGACTTTATAGACTTGCT,0,2326838
mglBp,0.3333333333333333,2,2,ACACTTTGAAGAGGTTTTAC,0,2362078
mglBp,0.3333333333333333,2,2,ACACTGGGGTACCTCCTGGT,0,2322760
mglBp,0.3333333333333333,2,2,ACACTGACGATACCTTACTC,0,2383125
mglBp,0.3333333333333333,2,2,ACACTAGCCTCGTAAGCCAG,0,2348842
mglBp,0.3333333333333333,2,2,ACACGTCAGAGCGTATAGAA,0,2387718
mglBp,0.3333333333333333,2,2,ACACGGTCTGGTGCGTTTCA,0,2336358
mglBp,0.3333333333333333,2,2,ACACGGGTGGGTGCCAAAAG,0,2406159
mglBp,0.3333333333333333,2,2,ACACGCATTGTTATCATACC,0,2409306
mglBp,0.3333333333333333,2,2,ACACCTCGGGTAATTTACCG,0,2347839
mglBp,0.3333333333333333,2,2,ACACCCCTCTTTTTAAAGCT,0,2354103
mglBp,0.3333333333333333,2,2,ACACCAACGTTTTCACGTCA,0,2369183
mglBp,0.3333333333333333,2,2,ACACAGGCAACATTAGGCCC,0,2416287
mglBp,0.3333333333333333,2,2,ACACAAGCTGTTGTCTATAT,0,2352537
mglBp,0.3333333333333333,2,2,ACACAAAATATGGCAGAGTG,0,2375062
mglBp,0.3333333333333333,2,2,ACAATTCGGTTTGTTCTTTG,0,2420803
mglBp,0.3333333333333333,2,2,ACAATGTCGATGGAAACTTG,0,2384482
mglBp,0.3333333333333333,2,2,ACAATGGTACGCACTCGGAA,0,2406903
mglBp,0.3333333333333333,2,2,ACAAGATGTCTAAACGTCTG,0,2400148
mglBp,0.3333333333333333,2,2,ACAAGACATCGTTCCCTTGT,0,2410188
mglBp,0.3333333333333333,2,2,ACAACCTTTGTGGAATGAGT,0,2349552
mglBp,0.3333333333333333,2,2,ACAACATTGTGCCTAATGAC,0,2403190
mglBp,0.3333333333333333,2,2,ACAACAGTATTCCAATCTGT,0,2409224
mglBp,0.3333333333333333,2,2,ACAAAGACGGGTCCCACAAC,0,2351224
mglBp,0.3333333333333333,2,2,ACAAACGTATCACCGAATTT,0,2417587
mglBp,0.3333333333333333,2,2,ACAAACAAGTGTATGGGCTA,0,2383990
mglBp,0.3333333333333333,2,2,ACAAACAAATGATATCGTAT,0,2378797
mglBp,0.3333333333333333,2,2,ACAAAATACATCAACCGGCA,0,2326004
mglBp,0.3333333333333333,2,2,AATTTGTTATTTAGAAAATT,0,2407135
mglBp,0.3333333333333333,2,2,AATTTCGGCCCCGAAGATCG,0,2335544
mglBp,0.3333333333333333,2,2,AATTTATGAGGCATCGGCAA,0,2360974
mglBp,0.3333333333333333,2,2,AATTTAGGGTATAATCGTCC,0,2332683
mglBp,0.3333333333333333,2,2,AATTTAACACTCAGAGTCCA,0,2421885
mglBp,0.3333333333333333,2,2,AATTGTTGTCTTGCTACGGA,0,2316644
mglBp,0.3333333333333333,2,2,AATTGTATCGACCCGTACGA,0,2342168
mglBp,0.3333333333333333,2,2,AATTGGCCTAAATGGTGCAA,0,2419757
mglBp,0.3333333333333333,2,2,AATTGCATCTTGGGCGGCCC,0,2383062
mglBp,0.3333333333333333,2,2,AATTGATATCCGCAAGGTAT,0,2376583
mglBp,0.3333333333333333,2,2,AATTCGGTGGGGCCATGATG,0,2416494
mglBp,0.3333333333333333,2,2,AATTCAAGCAATACCCCCTT,0,2373793
mglBp,0.3333333333333333,2,2,AATTATCTTTCTGCCCACGT,0,2334102
mglBp,0.3333333333333333,2,2,AATGTGATGCAAGGGATAGA,0,2349656
mglBp,0.3333333333333333,2,2,AATGTCTTGGTGCTGAATAC,0,2401865
mglBp,0.3333333333333333,2,2,AATGTCATAGCACTACCAAG,0,2378754
mglBp,0.3333333333333333,2,2,AATGGTAGGCAAAAGGCGAA,0,2410889
mglBp,0.3333333333333333,2,2,AATGGGCATAACAATAGATG,0,2421150
mglBp,0.3333333333333333,2,2,AATGGGCACTAGGGTTGATA,0,2316527
mglBp,0.3333333333333333,2,2,AATGGGAAATCCTTATTCCG,0,2342410
mglBp,0.3333333333333333,2,2,AATGCTCACGCTGAGTTGGG,0,2356578
mglBp,0.3333333333333333,2,2,AATGCTAACTACTTATGTCA,0,2339280
mglBp,0.3333333333333333,2,2,AATGCGACATGGGGCCCTAT,0,2403448
mglBp,0.3333333333333333,2,2,AATGATGGACCCGTCCTAAG,0,2350687
mglBp,0.3333333333333333,2,2,AATGATCCTGCGTATTAAAG,0,2395657
mglBp,0.3333333333333333,2,2,AATCTTGGTGTTCTAAGCGC,0,2322228
mglBp,0.3333333333333333,2,2,AATCTTGACGGTCCCTCTAG,0,2339167
mglBp,0.3333333333333333,2,2,AATCTTAGCGGGGCCTGCGG,0,2356213
mglBp,0.3333333333333333,2,2,AATCTGGTATTGATGGCTGC,0,2320607
mglBp,0.3333333333333333,2,2,AATCTCCATTTGGCGAGGAT,0,2322519
mglBp,0.3333333333333333,2,2,AATCGTTTCTATTGACACGG,0,2339794
mglBp,0.3333333333333333,2,2,AATCGTGCTTCGCTGAAAGG,0,2388303
mglBp,0.3333333333333333,2,2,AATCGGTCAACAACCAACCA,0,2338110
mglBp,0.3333333333333333,2,2,AATCCCCTAGGAAGTCCGTT,0,2345907
mglBp,0.3333333333333333,2,2,AATCATTGCTATTACCTTCA,0,2361318
mglBp,0.3333333333333333,2,2,AATCAGTTGGTACCTTCACA,0,2331223
mglBp,0.3333333333333333,2,2,AATCAGTCGATTGGCGGCAT,0,2378369
mglBp,0.3333333333333333,2,2,AATCACTGGACTCGATAGGG,0,2390593
mglBp,0.3333333333333333,2,2,AATCAATCGGTCGCCTGGGG,0,2376501
mglBp,0.3333333333333333,2,2,AATATTGGAAGGGATCTGCG,0,2421070
mglBp,0.3333333333333333,2,2,AATATATGCAAACCCGATGC,0,2328278
mglBp,0.3333333333333333,2,2,AATATAGAACCTGACATATT,0,2383370
mglBp,0.3333333333333333,2,2,AATAGGTTTGCGGCACGGCT,0,2374201
mglBp,0.3333333333333333,2,2,AATAGGTCTGTCCTCGTAGA,0,2407101
mglBp,0.3333333333333333,2,2,AATAGGGCATTGTGAAGCGG,0,2319613
mglBp,0.3333333333333333,2,2,AATAGCGGACAAGAGAGCTG,0,2317036
mglBp,0.3333333333333333,2,2,AATACCCCCTCGCGGTTGTG,0,2375052
mglBp,0.3333333333333333,2,2,AATACATTCGCAATCTACGC,0,2361045
mglBp,0.3333333333333333,2,2,AATAATTTCCGAGCAGCAAC,0,2335129
mglBp,0.3333333333333333,2,2,AATAAGGTACGTCATTCCAC,0,2419953
mglBp,0.3333333333333333,2,2,AATAACGGGTGGGGGAGCAA,0,2401464
mglBp,0.3333333333333333,2,2,AAGTTTTATGGATGACCTGT,0,2397154
mglBp,0.3333333333333333,2,2,AAGTTTGTCGGTTGTGATCT,0,2325080
mglBp,0.3333333333333333,2,2,AAGTTTCGGCTGCACGCACC,0,2343365
mglBp,0.3333333333333333,2,2,AAGTTCCTGTCCACTGCGGC,0,2347782
mglBp,0.3333333333333333,2,2,AAGTGTCCTCGACGTGTTAT,0,2366215
mglBp,0.3333333333333333,2,2,AAGTGTATCAGGTCTTTCGA,0,2417696
mglBp,0.3333333333333333,2,2,AAGTGGTTGTTGCGGAATTG,0,2358123
mglBp,0.3333333333333333,2,2,AAGTGGTAATTCTAATTGGT,0,2415463
mglBp,0.3333333333333333,2,2,AAGTGCTAGGAGCACTTGTC,0,2340010
mglBp,0.3333333333333333,2,2,AAGTGCCTTCCGCCGTTTTT,0,2323419
mglBp,0.3333333333333333,2,2,AAGTGAGGGAGAGGACCTTT,0,2408401
mglBp,0.3333333333333333,2,2,AAGTCTTGTAGGGCACTTTA,0,2376047
mglBp,0.3333333333333333,2,2,AAGTCGTTGTAGCATTCCGT,0,2339396
mglBp,0.3333333333333333,2,2,AAGTCGTAGCAGGCTGTTCT,0,2364826
mglBp,0.3333333333333333,2,2,AAGTCGCGCCCGGGGCCTTT,0,2374073
mglBp,0.3333333333333333,2,2,AAGTCAGAGTGCCGGAATAT,0,2397111
mglBp,0.3333333333333333,2,2,AAGTATCATACGCACCATTA,0,2400792
mglBp,0.3333333333333333,2,2,AAGTACTAAGCGGTTAAACT,0,2323454
mglBp,0.3333333333333333,2,2,AAGGTGTGCTGGCTAGGGAG,0,2347714
mglBp,0.3333333333333333,2,2,AAGGTCGCGGAAAAGGTAAG,0,2344904
mglBp,0.3333333333333333,2,2,AAGGTCATGCTGGCATCGAA,0,2412755
mglBp,0.3333333333333333,2,2,AAGGGTTCCTCGCTGTCTAT,0,2420869
mglBp,0.3333333333333333,2,2,AAGGGGTAAAAAGAAAGAGT,0,2367905
mglBp,0.3333333333333333,2,2,AAGGGGGTATAATTCCGGAG,0,2321788
mglBp,0.3333333333333333,2,2,AAGGGGAAAGCACCAGAGAT,0,2363629
mglBp,0.3333333333333333,2,2,AAGGGCGATCCGGGTCCAGT,0,2403767
mglBp,0.3333333333333333,2,2,AAGGCTTTGGGGCAAGGACA,0,2373476
mglBp,0.3333333333333333,2,2,AAGGCTCGGCACACTGTAGT,0,2357522
mglBp,0.3333333333333333,2,2,AAGGCGATGATTCCAAGTGG,0,2392015
mglBp,0.3333333333333333,2,2,AAGGCGATCTAACGCGGTGA,0,2366630
mglBp,0.3333333333333333,2,2,AAGGCGAAATCTGCAACGCG,0,2423010
mglBp,0.3333333333333333,2,2,AAGGCCGCTTTCGTACAATA,0,2381576
mglBp,0.3333333333333333,2,2,AAGGCACATATTCGAATTGG,0,2333938
mglBp,0.3333333333333333,2,2,AAGGATAATAATATCCCGGC,0,2340641
mglBp,0.3333333333333333,2,2,AAGGAGTCCGCATCAGCTCA,0,2371979
mglBp,0.3333333333333333,2,2,AAGGAGGGCTGGTCGCATTA,0,2392368
mglBp,0.3333333333333333,2,2,AAGGAAAAGCGTGTACGGGC,0,2383903
mglBp,0.3333333333333333,2,2,AAGCTCCGATCTAACGGTGC,0,2412774
mglBp,0.3333333333333333,2,2,AAGCGTGAACCGACCTGCTG,0,2421660
mglBp,0.3333333333333333,2,2,AAGCGGCGTTCCACGAATAG,0,2321954
mglBp,0.3333333333333333,2,2,AAGCGCCCTGGTAACTCACA,0,2363715
mglBp,0.3333333333333333,2,2,AAGCCTGCGTTGATCGTCCT,0,2347350
mglBp,0.3333333333333333,2,2,AAGCCTCCAGGCAAAGTATT,0,2365505
mglBp,0.3333333333333333,2,2,AAGCCCGAGGCGTCGGATCA,0,2341878
mglBp,0.3333333333333333,2,2,AAGCCCCCCTAAGTTCTTCT,0,2330609
mglBp,0.3333333333333333,2,2,AAGCCAAATCTGTGCCGCCA,0,2341085
mglBp,0.3333333333333333,2,2,AAGCATGCGCCGCTGTCTCG,0,2386184
mglBp,0.3333333333333333,2,2,AAGCAGGTCTGGTGAAGACT,0,2324080
mglBp,0.3333333333333333,2,2,AAGCAGGTACATCGAAAGAC,0,2320989
mglBp,0.3333333333333333,2,2,AAGATGCAATCCTGGACTCT,0,2411526
mglBp,0.3333333333333333,2,2,AAGATAGGGTTGTATCAAGC,0,2346983
mglBp,0.3333333333333333,2,2,AAGATAAGCCAGAACAACCT,0,2337608
mglBp,0.3333333333333333,2,2,AAGATAACGGTGTATCCCAT,0,2389094
mglBp,0.3333333333333333,2,2,AAGAGTTCCGTAAGGTTCTC,0,2422139
mglBp,0.3333333333333333,2,2,AAGACTGTGTCTATCAGTCA,0,2324532
mglBp,0.3333333333333333,2,2,AAGACCCGCATCAGCAACGT,0,2397140
mglBp,0.3333333333333333,2,2,AAGACAGGGCGGTGGCTACC,0,2394358
mglBp,0.3333333333333333,2,2,AAGAATAATAGACCTCACTC,0,2320028
mglBp,0.3333333333333333,2,2,AAGAAATCCTCAGGGACCAG,0,2338764
mglBp,0.3333333333333333,2,2,AAGAAACACGCGTCACGCAG,0,2401792
mglBp,0.3333333333333333,2,2,AACTTTTCCTGGGTGGGTAG,0,2347265
mglBp,0.3333333333333333,2,2,AACTTTCTTTACCTCATCGA,0,2359304
mglBp,0.3333333333333333,2,2,AACTTTATTCGCTGGAGCGT,0,2380655
mglBp,0.3333333333333333,2,2,AACTTTACCGGGGCGCTGCC,0,2321288
mglBp,0.3333333333333333,2,2,AACTTCCATGGCAACTGCAA,0,2323275
mglBp,0.3333333333333333,2,2,AACTGTTAGTAATAAGTTAT,0,2368554
mglBp,0.3333333333333333,2,2,AACTGGTTAGTTCCGTCAAT,0,2317554
mglBp,0.3333333333333333,2,2,AACTGGGGCATTCCTCTTCG,0,2370348
mglBp,0.3333333333333333,2,2,AACTGCTTCGCGTTCTTGTC,0,2351919
mglBp,0.3333333333333333,2,2,AACTGCAGGGCTCTCCGGTG,0,2415034
mglBp,0.3333333333333333,2,2,AACTGATCGCTCACTGGATT,0,2382817
mglBp,0.3333333333333333,2,2,AACTCATCTAGATTCGGACT,0,2357812
mglBp,0.3333333333333333,2,2,AACTAATCTTCGGAATCATG,0,2318100
mglBp,0.3333333333333333,2,2,AACGTCTCTTTTCCCTTTTG,0,2388903
mglBp,0.3333333333333333,2,2,AACGTCATAGCCCGAGTCAT,0,2327588
mglBp,0.3333333333333333,2,2,AACGGTCTACGCCACGCTAT,0,2412099
mglBp,0.3333333333333333,2,2,AACGGGCACAGCAAACCCCG,0,2419223
mglBp,0.3333333333333333,2,2,AACGGGATACGGTCGGGGGT,0,2339462
mglBp,0.3333333333333333,2,2,AACGCTCTTGGATTACAATC,0,2331819
mglBp,0.3333333333333333,2,2,AACGCTCAGGTACGCGACAC,0,2409946
mglBp,0.3333333333333333,2,2,AACGCGCCTCGAGTACATTT,0,2348586
mglBp,0.3333333333333333,2,2,AACGCCCGGCACGAACTATC,0,2366520
mglBp,0.3333333333333333,2,2,AACGCATGGCGCTACTTGAA,0,2367621
mglBp,0.3333333333333333,2,2,AACGATTCGATAAGGTCGGG,0,2340053
mglBp,0.3333333333333333,2,2,AACGAGCCCAACGTACCTCT,0,2387203
mglBp,0.3333333333333333,2,2,AACCTTCGGGGAGCGTAAGC,0,2351433
mglBp,0.3333333333333333,2,2,AACCTAGGTGTTATTATCGC,0,2380325
mglBp,0.3333333333333333,2,2,AACCTAGATCAAACCGCATG,0,2415680
mglBp,0.3333333333333333,2,2,AACCTAAGGTCGCTCACTAG,0,2318019
mglBp,0.3333333333333333,2,2,AACCGGTGCATGGCCCATGT,0,2356337
mglBp,0.3333333333333333,2,2,AACCGCATGCGCAGATGTAT,0,2328288
mglBp,0.3333333333333333,2,2,AACCCTGAACTACCAGGTCC,0,2317122
mglBp,0.3333333333333333,2,2,AACCCTCATAATAATACGAA,0,2409657
mglBp,0.3333333333333333,2,2,AACATCATCGCCGCCACCTC,0,2410562
mglBp,0.3333333333333333,2,2,AACATAAAAAAACTTATAAG,0,2385157
mglBp,0.3333333333333333,2,2,AACAGCGACACAGCGGCCTG,0,2359734
mglBp,0.3333333333333333,2,2,AACAGACTTTGGCGTCCGAG,0,2348061
mglBp,0.3333333333333333,2,2,AACACTTGCCGGCGGATAAC,0,2355713
mglBp,0.3333333333333333,2,2,AACAATTCGGCAGCCGTTTA,0,2336380
mglBp,0.3333333333333333,2,2,AACAAAGGGGGTACCACGCA,0,2342929
mglBp,0.3333333333333333,2,2,AAATTTTGTGGCTATTGGGA,0,2329485
mglBp,0.3333333333333333,2,2,AAATTGGAGGGAAGTCCGCG,0,2364263
mglBp,0.3333333333333333,2,2,AAATTGAAGGTGCCCCGGTT,0,2344183
mglBp,0.3333333333333333,2,2,AAATTCGCTTTCGACCTACA,0,2349642
mglBp,0.3333333333333333,2,2,AAATTCATCAGAGGGCGGTC,0,2338825
mglBp,0.3333333333333333,2,2,AAATGTGGTAAGGTTTCCGG,0,2397168
mglBp,0.3333333333333333,2,2,AAATGCTTTTTTTTATATTT,0,2323397
mglBp,0.3333333333333333,2,2,AAATCTCCTCAATTAGCCAT,0,2408557
mglBp,0.3333333333333333,2,2,AAATCGGTTGCGAGTACACA,0,2342019
mglBp,0.3333333333333333,2,2,AAATCCTCTGAGCGCCAGGA,0,2352922
mglBp,0.3333333333333333,2,2,AAATCCACGCGCATTCAATG,0,2403596
mglBp,0.3333333333333333,2,2,AAATCAGTGATCAGAACGAC,0,2397519
mglBp,0.3333333333333333,2,2,AAATATGCCATGTGCGAAGA,0,2372110
mglBp,0.3333333333333333,2,2,AAATATAAGAAGCACCACGG,0,2387657
mglBp,0.3333333333333333,2,2,AAATAGTAGGGAATACATAT,0,2380167
mglBp,0.3333333333333333,2,2,AAATACGCCAGTGAAGTATG,0,2422818
mglBp,0.3333333333333333,2,2,AAATAAACACCGCCCACTAA,0,2346722
mglBp,0.3333333333333333,2,2,AAAGTGTGTGCCCTCGTCCT,0,2357694
mglBp,0.3333333333333333,2,2,AAAGGCTTTACACTCGATAC,0,2408404
mglBp,0.3333333333333333,2,2,AAAGGACCCAGGCCACATTA,0,2363636
mglBp,0.3333333333333333,2,2,AAAGCGTGGGCGCGTGCTAA,0,2350731
mglBp,0.3333333333333333,2,2,AAAGCGGGTATTCTACCAGT,0,2340970
mglBp,0.3333333333333333,2,2,AAAGACTCATAGGTGAGGTC,0,2401774
mglBp,0.3333333333333333,2,2,AAACTTGATACGCTTTCGGT,0,2409514
mglBp,0.3333333333333333,2,2,AAACTGTAAGGTACGTGCCT,0,2333046
mglBp,0.3333333333333333,2,2,AAACTGGCCACAATTGCGAT,0,2366930
mglBp,0.3333333333333333,2,2,AAACTGGACCCAGTTGCCTT,0,2358690
mglBp,0.3333333333333333,2,2,AAACTGAAGCTCTCACGCCA,0,2340309
mglBp,0.3333333333333333,2,2,AAACGGCCATGTGCATAGAA,0,2375655
mglBp,0.3333333333333333,2,2,AAACCGTAACATGACCCTTC,0,2363504
mglBp,0.3333333333333333,2,2,AAACATGTACGAGCCCCTTT,0,2370647
mglBp,0.3333333333333333,2,2,AAACAGCGACATTGCCAATA,0,2401261
mglBp,0.3333333333333333,2,2,AAACAAAGCCCTTTCGAGCG,0,2399272
mglBp,0.3333333333333333,2,2,AAAATAGTACGACGGGTAAA,0,2410758
mglBp,0.3333333333333333,2,2,AAAAGTAGTGGAAGCCCGGT,0,2361497
mglBp,0.3333333333333333,2,2,AAAAGACCGGGAATGTTAGA,0,2319680
mglBp,0.3333333333333333,2,2,AAAACTCATAGCTCATGTGC,0,2330398
mglBp,0.3333333333333333,2,2,AAAACCGGACGTGGAGGAGC,0,2397355
mglBp,0.3333333333333333,2,2,AAAACCGAACACGATTTATG,0,2358891
mglBp,0.3333333333333333,2,2,AAAACATAAAGCTCGCACGT,0,2333289
mglBp,0.3333333333333333,2,2,AAAACAACGCATACCCGGAT,0,2346868
mglBp,0.3333333333333333,2,2,AAAACAACATGTACTTCTCT,0,2323495
mglBp,0.3333333333333333,2,2,AAAAATTCTTCAAAGCCCTG,0,2415961
mglBp,0.3333333333333333,2,2,AAAAAGTACTCCCTTGATAA,0,2419604
mglBp,0.3333333333333333,2,2,AAAAACTCGCCTCATGGCGG,0,2371371
mglBp,0.3333333333333333,2,2,AAAAACAGAGCGGATAGCGG,0,2323916
mglBp,0.3333333333333333,2,2,AAAAAATGGTAGTTAATCAC,0,2387894
mglBp,0.3333333333333333,2,2,AAAAAAATTGGAGAATTCGC,0,2407218
mglBp,0.5,1,1,TTTTTTTTCGACTCAGTATG,0,2369935
mglBp,0.5,1,1,TTTTTTTCTCCCCTTTCAGG,0,2421931
mglBp,0.5,1,1,TTTTTGCGTTCCTGCGGTAT,0,2318519
mglBp,0.5,1,1,TTTTGGATTCCGGCTACGTC,0,2395852
mglBp,0.5,1,1,TTTTGCTCACGAACTGGCAA,0,2336381
mglBp,0.5,1,1,TTTTGATTTGGGGTACATCA,0,2363250
mglBp,0.5,1,1,TTTTGATTACTACTGGTAAG,0,2317461
mglBp,0.5,1,1,TTTTCGGCACTAAATCAAAG,0,2343366
mglBp,0.5,1,1,TTTTCCTTAAATTTATTCCT,0,2422479
mglBp,0.5,1,1,TTTTCACTGCTGCTATCAGC,0,2384433
mglBp,0.5,1,1,TTTTATTACAGAGCAGTAAA,0,2361321
mglBp,0.5,1,1,TTTTAAGATTGGAACGTCGG,0,2319584
mglBp,0.5,1,1,TTTTAAATAGGGTTCGATAC,0,2363700
mglBp,0.5,1,1,TTTGTTTGGACGGTTACCGT,0,2351250
mglBp,0.5,1,1,TTTGTGTTACATGGTAAGGC,0,2361945
mglBp,0.5,1,1,TTTGTGTCAATCGTAAAAGT,0,2337654
mglBp,0.5,1,1,TTTGTATTAAGGGTGGTGAT,0,2330547
mglBp,0.5,1,1,TTTGTAGCTCACGACTGGCG,0,2359122
mglBp,0.5,1,1,TTTGGTGGTGCTACCACCCA,0,2353457
mglBp,0.5,1,1,TTTGGTAGGGGGCTGGCGTC,0,2345406
mglBp,0.5,1,1,TTTGGGGGAGATCGCGAGGA,0,2404773
mglBp,0.5,1,1,TTTGGGACGGTAAAGGAACT,0,2407625
mglBp,0.5,1,1,TTTGGGACATTAGTCTCACT,0,2378379
mglBp,0.5,1,1,TTTGGCGGCCACATGGTTAG,0,2366919
mglBp,0.5,1,1,TTTGGCAACTATCATTAGAA,0,2418013
mglBp,0.5,1,1,TTTGCTGATTGCTGTTCGTG,0,2353104
mglBp,0.5,1,1,TTTGCTATGCACACTGGTGT,0,2421697
mglBp,0.5,1,1,TTTGCGTGTCGCCGGCGGTT,0,2390345
mglBp,0.5,1,1,TTTGATTTCATAGATGCATC,0,2400429
mglBp,0.5,1,1,TTTGATACGGTTCGTAGTTC,0,2372515
mglBp,0.5,1,1,TTTGAGTCTGCTGCTCGAAA,0,2336408
mglBp,0.5,1,1,TTTGAGCGGAGTTTCATCTT,0,2398216
mglBp,0.5,1,1,TTTGACAAGGTGTGTCAAAA,0,2406873
mglBp,0.5,1,1,TTTGAATGTCAGATATCGCA,0,2337865
mglBp,0.5,1,1,TTTCTAGGGGTTCGAGTTTC,0,2405029
mglBp,0.5,1,1,TTTCGGTAAACTCGTGCCAG,0,2344530
mglBp,0.5,1,1,TTTCGGGTCGAGTATCAGGG,0,2335809
mglBp,0.5,1,1,TTTCGGCTTAGTCGGTGTAT,0,2378515
mglBp,0.5,1,1,TTTCGCGGTCCGTGTTTCAT,0,2342937
mglBp,0.5,1,1,TTTCGCGGGTACATGAATCT,0,2328029
mglBp,0.5,1,1,TTTCGAATCAGGCTGGCCGG,0,2324252
mglBp,0.5,1,1,TTTCCTGCGGCGCGTACATA,0,2321192
mglBp,0.5,1,1,TTTCCGTGGCCGCATTTCAA,0,2390549
mglBp,0.5,1,1,TTTCCGAAGCTATCGAAACT,0,2370340
mglBp,0.5,1,1,TTTCCCTTTATGTAGGAACA,0,2341536
mglBp,0.5,1,1,TTTCACATTTGATACTTACA,0,2370105
mglBp,0.5,1,1,TTTCACATAGATCATAATTA,0,2397444
mglBp,0.5,1,1,TTTATTTCTATTGATGGCGG,0,2324771
mglBp,0.5,1,1,TTTATTGGATGTTAAGTCCC,0,2333087
mglBp,0.5,1,1,TTTATTCGACCGGTTGCCAC,0,2418755
mglBp,0.5,1,1,TTTATGCATTCTGGGCGCAG,0,2352135
mglBp,0.5,1,1,TTTATCATCTATTCTACTCG,0,2337807
mglBp,0.5,1,1,TTTATATGGGGCACTTTCCC,0,2350631
mglBp,0.5,1,1,TTTAGTAGATGGGGTTTACA,0,2381504
mglBp,0.5,1,1,TTTAGGCACATTGCGGAAGT,0,2400476
mglBp,0.5,1,1,TTTAGCGACTCGATTTAGGC,0,2361575
mglBp,0.5,1,1,TTTAGCCAGTTATAGGATGA,0,2422039
mglBp,0.5,1,1,TTTAGAGAAATACTGAACAA,0,2410718
mglBp,0.5,1,1,TTTACGTGCCATTACGACAA,0,2350505
mglBp,0.5,1,1,TTTACGCACAATTTAGACAT,0,2384606
mglBp,0.5,1,1,TTTACAACCTACAAGTCATT,0,2383327
mglBp,0.5,1,1,TTTAATAACGTTTGACAGGG,0,2318681
mglBp,0.5,1,1,TTTAAGGGAGACACAGTTCT,0,2332353
mglBp,0.5,1,1,TTTAAGCTTTGCGTTGCGTA,0,2320279
mglBp,0.5,1,1,TTTAACTTTATGGATAGACT,0,2414722
mglBp,0.5,1,1,TTTAACCTTCGTGCGGACTT,0,2419575
mglBp,0.5,1,1,TTTAACCCTGCAGCGATATG,0,2325374
mglBp,0.5,1,1,TTTAACAGCCGCCCTGTTAC,0,2347795
mglBp,0.5,1,1,TTGTTTATGTCGTACCTTGA,0,2392426
mglBp,0.5,1,1,TTGTTTATGAGATTCCTACC,0,2403607
mglBp,0.5,1,1,TTGTTGTACGAAGTCCTCCG,0,2419748
mglBp,0.5,1,1,TTGTTGAGTTAGACGACATG,0,2345708
mglBp,0.5,1,1,TTGTTCCACAACAGTCGTAC,0,2419716
mglBp,0.5,1,1,TTGTTCAAGTCCCCCAGACT,0,2333161
mglBp,0.5,1,1,TTGTGGTTGGGTGATGGCCT,0,2402250
mglBp,0.5,1,1,TTGTGGCCAACCAGGTCCTG,0,2349361
mglBp,0.5,1,1,TTGTGACTTGCACTCCTTCG,0,2355793
mglBp,0.5,1,1,TTGTGACTCGAGACGTGCGC,0,2320496
mglBp,0.5,1,1,TTGTCGGAGAATTCATAAGT,0,2337982
mglBp,0.5,1,1,TTGTCGCTATTGGATTTGGG,0,2330357
mglBp,0.5,1,1,TTGTATTAGGATGTCCCCCT,0,2423716
mglBp,0.5,1,1,TTGTATGGCAACCGATTGGT,0,2335583
mglBp,0.5,1,1,TTGTATATGCTATACGTGAA,0,2414716
mglBp,0.5,1,1,TTGTAGAGTCATCTCTTCAT,0,2329826
mglBp,0.5,1,1,TTGTACGCGAATTATTTGAT,0,2384936
mglBp,0.5,1,1,TTGTACAGTCATCTCTTCAT,0,2329828
mglBp,0.5,1,1,TTGTAATAAACTGGTGCTCA,0,2413674
mglBp,0.5,1,1,TTGTAAAGCTTGTGCTAGGT,0,2376300
mglBp,0.5,1,1,TTGGTTTAGGTCCGTACCTC,0,2353286
mglBp,0.5,1,1,TTGGTCTGAGTGTCCCGTGC,0,2328184
mglBp,0.5,1,1,TTGGTCAATCCACCGTGTAC,0,2317779
mglBp,0.5,1,1,TTGGTATAACGAACGAGAGT,0,2408802
mglBp,0.5,1,1,TTGGGTTGCCCCATTTGCTG,0,2322794
mglBp,0.5,1,1,TTGGGTATATTGGAGACCGG,0,2361935
mglBp,0.5,1,1,TTGGGTAATATTTATAGTGA,0,2419528
mglBp,0.5,1,1,TTGGGCGAAGCGGCCCGCAA,0,2383091
mglBp,0.5,1,1,TTGGGACTAGAGGGACATGG,0,2317589
mglBp,0.5,1,1,TTGGGAATTCCGCATAACTA,0,2381080
mglBp,0.5,1,1,TTGGCGTCTCCCTCTAGAAC,0,2351413
mglBp,0.5,1,1,TTGGCCTCTTCTTCTCGAAG,0,2337141
mglBp,0.5,1,1,TTGGAAGGACTTCAAACTGA,0,2360748
mglBp,0.5,1,1,TTGCTTTGGTTGCCGTAATT,0,2404687
mglBp,0.5,1,1,TTGCTGTAGGACGAGACTGG,0,2392536
mglBp,0.5,1,1,TTGCTCTTATAGTGGGCGAT,0,2382767
mglBp,0.5,1,1,TTGCTAGAGCGACTTGGGTA,0,2362094
mglBp,0.5,1,1,TTGCGGGCTAGGGCATCAGC,0,2411929
mglBp,0.5,1,1,TTGCGCACGTAGGATGAGAG,0,2336738
mglBp,0.5,1,1,TTGCGAGCAGCAACGTATTA,0,2318576
mglBp,0.5,1,1,TTGCCCAACACGCATTGTCT,0,2333211
mglBp,0.5,1,1,TTGCCCAAACCCAGGCTAAG,0,2337627
mglBp,0.5,1,1,TTGCCATCCGGGCTGTTACG,0,2370861
mglBp,0.5,1,1,TTGCATTCTGGCTCTGTGGG,0,2387267
mglBp,0.5,1,1,TTGCATGAATTGACAGGCTT,0,2392621
mglBp,0.5,1,1,TTGCAGGGGTAATCAACCCT,0,2367093
mglBp,0.5,1,1,TTGCAGCCAATGTTATTGTC,0,2400389
mglBp,0.5,1,1,TTGCACGGTGCCGGCAATGA,0,2407758
mglBp,0.5,1,1,TTGATCGGCTCCTCCAAGGA,0,2328697
mglBp,0.5,1,1,TTGATCCCAAGTGAGCGCCT,0,2359537
mglBp,0.5,1,1,TTGATAATCAGTTAACTTCT,0,2397992
mglBp,0.5,1,1,TTGAGCAACGGAAGGTTTAC,0,2417422
mglBp,0.5,1,1,TTGAGACTTACTGTCGTATA,0,2317471
mglBp,0.5,1,1,TTGACTCATCATTCAAAAAT,0,2333295
mglBp,0.5,1,1,TTGACGTTCTGCCTGAGTGC,0,2388913
mglBp,0.5,1,1,TTGACCCTACACGCGGGCCT,0,2345423
mglBp,0.5,1,1,TTGAATTTTGGGCACCTTTT,0,2390147
mglBp,0.5,1,1,TTGAATTTGACTCAGAAAAA,0,2324739
mglBp,0.5,1,1,TTGAATGAGCTTCGTCAGTT,0,2320852
mglBp,0.5,1,1,TTGAAGCCTAGGGGTTGGGA,0,2382917
mglBp,0.5,1,1,TTGAAAGTACGGACGGGTAT,0,2360103
mglBp,0.5,1,1,TTGAAACTCAGCGCACCCGA,0,2378130
mglBp,0.5,1,1,TTGAAACCCCTGACAACATA,0,2401237
mglBp,0.5,1,1,TTCTTTTCACAGTATTCCAA,0,2381526
mglBp,0.5,1,1,TTCTTTAATTTTGACTTGGA,0,2318975
mglBp,0.5,1,1,TTCTTTAACTTCCTGGGAGC,0,2326829
mglBp,0.5,1,1,TTCTTGGGATGAGAAATACC,0,2340548
mglBp,0.5,1,1,TTCTTGAGCCGATTAGGTGC,0,2363440
mglBp,0.5,1,1,TTCTTCAAAGTTTGCCGACA,0,2367479
mglBp,0.5,1,1,TTCTGGGATCGGGAATTGAT,0,2379011
mglBp,0.5,1,1,TTCTGGCCTACATATTCGTT,0,2358916
mglBp,0.5,1,1,TTCTGCTATTCTGAGCTGTA,0,2359569
mglBp,0.5,1,1,TTCTGCCATGTTTCCCCGCG,0,2406447
mglBp,0.5,1,1,TTCTGAGACTCGTGTTGCGA,0,2368154
mglBp,0.5,1,1,TTCTCTTAAGTCGGCGTTTG,0,2382456
mglBp,0.5,1,1,TTCTCCTCCAGCTAAGTAGC,0,2318904
mglBp,0.5,1,1,TTCTCCATGCTAGACGGTGT,0,2327935
mglBp,0.5,1,1,TTCTCATTGGAACAGCGAGA,0,2395844
mglBp,0.5,1,1,TTCTCAAGTATAGGTATGGC,0,2349689
mglBp,0.5,1,1,TTCTAGTCTTGCGCACAAGT,0,2374596
mglBp,0.5,1,1,TTCTAGGCATGCCCGAGAGG,0,2421100
mglBp,0.5,1,1,TTCTACTTACAGTGTCAGTG,0,2382474
mglBp,0.5,1,1,TTCTACTGTTAATGATTTCA,0,2371564
mglBp,0.5,1,1,TTCTAATGGATACATCTCTT,0,2339225
mglBp,0.5,1,1,TTCGTGTGCCACTCTTAAGA,0,2388121
mglBp,0.5,1,1,TTCGTCCCTGGAAAGGCAAC,0,2387122
mglBp,0.5,1,1,TTCGTCCACATGGGCTTTTG,0,2417047
mglBp,0.5,1,1,TTCGGTCAACGATACGTGTT,0,2337984
mglBp,0.5,1,1,TTCGGCTAGAGCATTCTGAT,0,2371139
mglBp,0.5,1,1,TTCGGACACCACGTAGTAGG,0,2385087
mglBp,0.5,1,1,TTCGGAATTCAGCCAGTGGG,0,2351737
mglBp,0.5,1,1,TTCGCTGGCTGCACGTTCGC,0,2380165
mglBp,0.5,1,1,TTCGCAGGGGGTATTTGAAT,0,2353678
mglBp,0.5,1,1,TTCGATTAGGGGATGCACGG,0,2319756
mglBp,0.5,1,1,TTCGAGTTATAAATGCCATT,0,2338054
mglBp,0.5,1,1,TTCGAAACCAGTATCGCGCA,0,2384684
mglBp,0.5,1,1,TTCGAAAAAATGAAGTAGAG,0,2371810
mglBp,0.5,1,1,TTCCTGGTACGTACTAATAT,0,2365672
mglBp,0.5,1,1,TTCCTCCCCACCCGGAGGTA,0,2326169
mglBp,0.5,1,1,TTCCTAGGGCAGTGGTACAC,0,2370591
mglBp,0.5,1,1,TTCCTAATGCATCCCGGCTA,0,2334350
mglBp,0.5,1,1,TTCCTAAATTGTCCCGCAGG,0,2368240
mglBp,0.5,1,1,TTCCCTAAGCGTGTACTGAA,0,2377356
mglBp,0.5,1,1,TTCCATTGTTGTAGTTCTTT,0,2380735
mglBp,0.5,1,1,TTCCAGCTGCGCCCGATTTA,0,2337615
mglBp,0.5,1,1,TTCCACGGAACGGTTTTGCC,0,2331675
mglBp,0.5,1,1,TTCCAATTCGCAGCGTCTGC,0,2324973
mglBp,0.5,1,1,TTCATTTTCTAACGCAATCT,0,2373000
mglBp,0.5,1,1,TTCATGTTAGACTTACTCAC,0,2407709
mglBp,0.5,1,1,TTCATCAGGGCAGAGCACAA,0,2379370
mglBp,0.5,1,1,TTCAGTCAGGGGCTCCGGGG,0,2325039
mglBp,0.5,1,1,TTCACTTGTCGCAGGTATAA,0,2335289
mglBp,0.5,1,1,TTCACTTACTTTCTATGGTT,0,2403349
mglBp,0.5,1,1,TTCACGGCCGAGAGACCTTG,0,2396003
mglBp,0.5,1,1,TTCACATCTGTAACTAGCTT,0,2380607
mglBp,0.5,1,1,TTCACAGGTCAATTGACGCG,0,2328249
mglBp,0.5,1,1,TTCACACCTTATAACCGCAA,0,2366537
mglBp,0.5,1,1,TTCAATGTTCTGTGGGGATC,0,2365626
mglBp,0.5,1,1,TTCAATCCTCGCGTTTAAGA,0,2357174
mglBp,0.5,1,1,TTCAATAGAATATACGCCTA,0,2317606
mglBp,0.5,1,1,TTCAAGGTCGTGGAGAGGCG,0,2370815
mglBp,0.5,1,1,TTATTTCCGGGAGTGTGAGT,0,2370606
mglBp,0.5,1,1,TTATTCTGGCTCGCTCGGTC,0,2377206
mglBp,0.5,1,1,TTATTAACTTAATTCATGCC,0,2405874
mglBp,0.5,1,1,TTATGTCTGCGCTCATTACT,0,2353919
mglBp,0.5,1,1,TTATGTATAAGAAGTTTGAA,0,2412667
mglBp,0.5,1,1,TTATGGGCAGTGCAATCTGA,0,2420260
mglBp,0.5,1,1,TTATGGCAGAAGCGGACGAC,0,2354677
mglBp,0.5,1,1,TTATCTCGTGACTGGGTTAA,0,2362527
mglBp,0.5,1,1,TTATCGTTTTCCTCACCAGG,0,2360666
mglBp,0.5,1,1,TTATCGTGGGCACGCCGAAA,0,2398362
mglBp,0.5,1,1,TTATCATCTACAGAGATATC,0,2363373
mglBp,0.5,1,1,TTATCACCTGGACGTCGGGG,0,2335048
mglBp,0.5,1,1,TTATATCACCCACCATACTG,0,2354798
mglBp,0.5,1,1,TTAGTTTGTAAACGAGTAGA,0,2319947
mglBp,0.5,1,1,TTAGTGGTCCTGGTCACTTC,0,2420641
mglBp,0.5,1,1,TTAGTAGCGTAAGGAGTCCT,0,2364495
mglBp,0.5,1,1,TTAGGGGCGTGCCTAGCATC,0,2363911
mglBp,0.5,1,1,TTAGGGAGACGGGCACCTAA,0,2353270
mglBp,0.5,1,1,TTAGGCTGGCGTTCGGCTTA,0,2396010
mglBp,0.5,1,1,TTAGCTAGTTAAAACTTATC,0,2371726
mglBp,0.5,1,1,TTAGCGGCGAGGCTCTACTA,0,2402060
mglBp,0.5,1,1,TTAGCGACGAATGAGGTAGA,0,2385333
mglBp,0.5,1,1,TTAGCCTGACGGACCACCGA,0,2333874
mglBp,0.5,1,1,TTAGATTCGGGGACCGCTAG,0,2375740
mglBp,0.5,1,1,TTAGAGCCCGAGCCGTGTCT,0,2343061
mglBp,0.5,1,1,TTACTTTTCATCTTAGCGGA,0,2370925
mglBp,0.5,1,1,TTACGTAATGCTGTAGTCAA,0,2320062
mglBp,0.5,1,1,TTACGGGGTTGAGAACGCAA,0,2336273
mglBp,0.5,1,1,TTACGGGCATTCCGTATGGT,0,2377579
mglBp,0.5,1,1,TTACGAGAGGAAAGCAAAGG,0,2352852
mglBp,0.5,1,1,TTACCCGTCTGTAGCTTCAC,0,2364930
mglBp,0.5,1,1,TTACCACCAACATGGATGCA,0,2409107
mglBp,0.5,1,1,TTACACGACACCCGTAGCCA,0,2330798
mglBp,0.5,1,1,TTACACATTGCTAAGGGGAA,0,2371275
mglBp,0.5,1,1,TTACACACAACCTAGTGATC,0,2408987
mglBp,0.5,1,1,TTACAATGGTTAGGACCTTC,0,2421541
mglBp,0.5,1,1,TTACAATCCTCTGGCACGCA,0,2339528
mglBp,0.5,1,1,TTAATTCCAAGAAGCTCACG,0,2329992
mglBp,0.5,1,1,TTAATTAACTGCAAGCACAG,0,2417594
mglBp,0.5,1,1,TTAATTAAAGAGGTTATGGT,0,2403054
mglBp,0.5,1,1,TTAATCTGGAAGGTCCAATC,0,2388022
mglBp,0.5,1,1,TTAAGCCGAATGCTGGGGTT,0,2332230
mglBp,0.5,1,1,TTAAGCAGCAATCCTCACTT,0,2388942
mglBp,0.5,1,1,TTAACGTATTACTCTCATAG,0,2339590
mglBp,0.5,1,1,TTAACCGAGAATGGATTTCG,0,2334624
mglBp,0.5,1,1,TTAACAGGCCGGATGTGCCA,0,2367651
mglBp,0.5,1,1,TTAACACGGGCACGGAGGAC,0,2375330
mglBp,0.5,1,1,TTAAATTGGGATTTTGATGT,0,2369265
mglBp,0.5,1,1,TTAAATGTGAGCGACTAAGT,0,2415041
mglBp,0.5,1,1,TTAAATGAAGCCTTTGATGA,0,2388212
mglBp,0.5,1,1,TTAAAGATATCCTATGTATA,0,2378894
mglBp,0.5,1,1,TTAAACCAGCCGGGATGAGA,0,2344536
mglBp,0.5,1,1,TTAAAAAACTGCGCAAGAAC,0,2324400
mglBp,0.5,1,1,TGTTTTTATGTTTGGTGGGT,0,2339118
mglBp,0.5,1,1,TGTTTGTTCAGCCATTCTCC,0,2381974
mglBp,0.5,1,1,TGTTTGGATTGGTGTGATTC,0,2364103
mglBp,0.5,1,1,TGTTTGCCGCTTGAAGCGTT,0,2318298
mglBp,0.5,1,1,TGTTTGACTCACGACAGTCC,0,2347073
mglBp,0.5,1,1,TGTTGTAGGTCCGTAACCAC,0,2341939
mglBp,0.5,1,1,TGTTGCGTTCAGGAAGACGT,0,2376893
mglBp,0.5,1,1,TGTTGCCGCTACCAAAGTCC,0,2322138
mglBp,0.5,1,1,TGTTCTATTTTATGATGCGA,0,2355792
mglBp,0.5,1,1,TGTTCTAGTAAACCCCCAGG,0,2343078
mglBp,0.5,1,1,TGTTCCGCCAAGAGAGGGGT,0,2360178
mglBp,0.5,1,1,TGTTATGTTTGGCCTGGTCC,0,2409870
mglBp,0.5,1,1,TGTTATATTGGAGCTACAGT,0,2330528
mglBp,0.5,1,1,TGTTAGGGGCATGAAAAAGA,0,2394905
mglBp,0.5,1,1,TGTTACTGCAATCACACGTA,0,2414595
mglBp,0.5,1,1,TGTTACGGACTACAGGTGAG,0,2419771
mglBp,0.5,1,1,TGTTAACGCGGTTTAAGCTT,0,2339230
mglBp,0.5,1,1,TGTTAACGAAGAATACTCTG,0,2417198
mglBp,0.5,1,1,TGTTAAAGGAGAAATTAATC,0,2333180
mglBp,0.5,1,1,TGTGTTAAGATGCCATCACT,0,2380135
mglBp,0.5,1,1,TGTGGTCCGAGATGGATTGC,0,2359267
mglBp,0.5,1,1,TGTGGTCCGACTGCTCCTAC,0,2356882
mglBp,0.5,1,1,TGTGGCGAGGCGTAATATAT,0,2333717
mglBp,0.5,1,1,TGTGGACAAAGACAAACCGT,0,2396374
mglBp,0.5,1,1,TGTGCTGGGCTCAGTGCTAA,0,2348493
mglBp,0.5,1,1,TGTGCAGACGTAACTGTAGC,0,2416101
mglBp,0.5,1,1,TGTGAGACATGCTCAGTCAT,0,2407504
mglBp,0.5,1,1,TGTGAACAAGGGAATTTTCC,0,2414924
mglBp,0.5,1,1,TGTCTACTAAGCGATATGAC,0,2357207
mglBp,0.5,1,1,TGTCTACCTGCAACTAGCGC,0,2412966
mglBp,0.5,1,1,TGTCTACAGGCCACTTCCCC,0,2401548
mglBp,0.5,1,1,TGTCTAAGGGAGCCATGATA,0,2404568
mglBp,0.5,1,1,TGTCTAAGAGCGTCAAGCTA,0,2397981
mglBp,0.5,1,1,TGTCGGGACATTCCAACACT,0,2390366
mglBp,0.5,1,1,TGTCGGCACGCACTTTCAAA,0,2358236
mglBp,0.5,1,1,TGTCCATCACCAGATGTCGC,0,2379661
mglBp,0.5,1,1,TGTCCACGAGGAATAAGTAC,0,2423224
mglBp,0.5,1,1,TGTCATTAAACTACCGTCGT,0,2369177
mglBp,0.5,1,1,TGTCAGTGGGAGTATGGGGG,0,2406055
mglBp,0.5,1,1,TGTCAGAATATAAATTCTTC,0,2374714
mglBp,0.5,1,1,TGTCAAGGGCCATCTAATGG,0,2376329
mglBp,0.5,1,1,TGTATTGTACGTACGTCGGC,0,2420170
mglBp,0.5,1,1,TGTATGCGGTAGCACCTTGA,0,2379862
mglBp,0.5,1,1,TGTATCGCCTTCGCCGGAGG,0,2317186
mglBp,0.5,1,1,TGTATACTATAAGCGAACTA,0,2417863
mglBp,0.5,1,1,TGTAGGTTCCGCCAGGCGCT,0,2372125
mglBp,0.5,1,1,TGTAGGATTCGTTTGTACGC,0,2324896
mglBp,0.5,1,1,TGTAGATTGCCACCTCATGT,0,2382547
mglBp,0.5,1,1,TGTAGATGGAGGGTTGTGTC,0,2404615
mglBp,0.5,1,1,TGTACGGTTAAATTGAATAA,0,2388302
mglBp,0.5,1,1,TGTAATTTTCGTGTTTAGTG,0,2333818
mglBp,0.5,1,1,TGTAATAGTCATGTCTGTCT,0,2406434
mglBp,0.5,1,1,TGTAAACACAGTTCGGCGGA,0,2397596
mglBp,0.5,1,1,TGGTTTGATCCATGTGTGAC,0,2358367
mglBp,0.5,1,1,TGGTTTCCGCAGAGACTTAT,0,2353138
mglBp,0.5,1,1,TGGTTGTTCTTGCGTCTGAA,0,2358052
mglBp,0.5,1,1,TGGTTGGAGTTGTCCTGGCA,0,2396001
mglBp,0.5,1,1,TGGTTCGTCCGGGAGTAACA,0,2410397
mglBp,0.5,1,1,TGGTTCCTCACGTACTCGGC,0,2331215
mglBp,0.5,1,1,TGGTTATATATCGGTACTCT,0,2372906
mglBp,0.5,1,1,TGGTTAGAATGATACGCCAC,0,2419333
mglBp,0.5,1,1,TGGTGACCATGGCGTTCGAA,0,2415585
mglBp,0.5,1,1,TGGTGACACCCTGGGGTGGA,0,2417158
mglBp,0.5,1,1,TGGTCCTGTATGGATCGGTT,0,2341080
mglBp,0.5,1,1,TGGTCCCTATTTGAAAGCAA,0,2322543
mglBp,0.5,1,1,TGGTCCCCGTTACTTAGGCG,0,2398167
mglBp,0.5,1,1,TGGTAGTGCCGGGCAAGTCT,0,2329537
mglBp,0.5,1,1,TGGTACGCGGTGCTTTGTCA,0,2355412
mglBp,0.5,1,1,TGGTAATCGCAACAGATTGT,0,2389318
mglBp,0.5,1,1,TGGTAACCGAGATTTGGCTG,0,2369289
mglBp,0.5,1,1,TGGGTTTGAGAATCCGGTAT,0,2334039
mglBp,0.5,1,1,TGGGTGTGTAAAAACATCAC,0,2393921
mglBp,0.5,1,1,TGGGTACTGGAAGGGGGAGC,0,2355918
mglBp,0.5,1,1,TGGGGTTGTCCACATCTAAG,0,2349760
mglBp,0.5,1,1,TGGGGGCTGAGCGGCTATGG,0,2411394
mglBp,0.5,1,1,TGGGGCTACAGTCCGTAGAG,0,2421684
mglBp,0.5,1,1,TGGGGCAGTTGTCCAGTGGT,0,2364961
mglBp,0.5,1,1,TGGGGCAGTCGATTCTGGTT,0,2421495
mglBp,0.5,1,1,TGGGGCAGTACTTGTTGCTA,0,2369131
mglBp,0.5,1,1,TGGGGAGCCAATCAGCTCCT,0,2400648
mglBp,0.5,1,1,TGGGCTACAGAAGCCTCTAA,0,2366614
mglBp,0.5,1,1,TGGGCTAATCTATGGTATCC,0,2403319
mglBp,0.5,1,1,TGGGCGGAAATTCGCGGACT,0,2386072
mglBp,0.5,1,1,TGGGCGCTGTCAACTCATTC,0,2318060
mglBp,0.5,1,1,TGGGCCAATTTCATTGGTCA,0,2357604
mglBp,0.5,1,1,TGGGCAAACACTGGAACTTC,0,2350732
mglBp,0.5,1,1,TGGGATAAAGGCCGCAACAT,0,2318406
mglBp,0.5,1,1,TGGGAGTACGTACGTGGTTA,0,2333796
mglBp,0.5,1,1,TGGGAGGAACCTACAATCGA,0,2416042
mglBp,0.5,1,1,TGGGAGCAAAAGCCACGGTT,0,2395556
mglBp,0.5,1,1,TGGGACGATCTTGTGAAGGT,0,2323886
mglBp,0.5,1,1,TGGGACCTCGCATCTCGAGA,0,2324231
mglBp,0.5,1,1,TGGGAACGGATGCCGCGCTT,0,2420279
mglBp,0.5,1,1,TGGGAACACGCGATATTATC,0,2362290
mglBp,0.5,1,1,TGGCTTCGGTCGGATATGAA,0,2347759
mglBp,0.5,1,1,TGGCGGGGTCATTCACTAAT,0,2405869
mglBp,0.5,1,1,TGGCGGACAGCCGCCTACGT,0,2333765
mglBp,0.5,1,1,TGGCGCTTTGATTACGTATT,0,2322944
mglBp,0.5,1,1,TGGCGCTGTTAAAATTGGGC,0,2396068
mglBp,0.5,1,1,TGGCGCCCGAAAAAGTGCAT,0,2374942
mglBp,0.5,1,1,TGGCGATAGAATTCGATTTT,0,2361900
mglBp,0.5,1,1,TGGCGAGTGCACTGGGTGAA,0,2317151
mglBp,0.5,1,1,TGGCCTCATTGTGAACTTAT,0,2386120
mglBp,0.5,1,1,TGGCCGGCTCGGAGAGTGAT,0,2390351
mglBp,0.5,1,1,TGGCCCGTTCCAAGCTAAGA,0,2325644
mglBp,0.5,1,1,TGGCCAATGAAGGGTGTGAA,0,2334477
mglBp,0.5,1,1,TGGCATCTATCCCGAGACGG,0,2324749
mglBp,0.5,1,1,TGGCATCATACGTTACTTGA,0,2359170
mglBp,0.5,1,1,TGGCAGGCTGTAGTTTAGCA,0,2412158
mglBp,0.5,1,1,TGGCAGGCAGCTAAAAATCA,0,2364111
mglBp,0.5,1,1,TGGCACGTAACCTCTCTTCG,0,2361542
mglBp,0.5,1,1,TGGATTCTTCAAGATTTGTA,0,2412759
mglBp,0.5,1,1,TGGAGTCACTGGGAGTACAT,0,2366245
mglBp,0.5,1,1,TGGAGGGTTCCAAATATGAA,0,2413965
mglBp,0.5,1,1,TGGAGGGCTTTAAGGTTCAG,0,2409065
mglBp,0.5,1,1,TGGAGCACTAGCAGCAGGAC,0,2353721
mglBp,0.5,1,1,TGGAGATTATTGCCTAGCGC,0,2404097
mglBp,0.5,1,1,TGGACGTCACCTCCGCAAAT,0,2340033
mglBp,0.5,1,1,TGGACGCCTCTCAGTACAAG,0,2404397
mglBp,0.5,1,1,TGGACGAAACCATGTTGTGG,0,2386142
mglBp,0.5,1,1,TGGACCCATATGACAAAGGT,0,2369095
mglBp,0.5,1,1,TGGAAGGTAATTATCGAACA,0,2332986
mglBp,0.5,1,1,TGGAAGGGACTGTGCGCGCG,0,2412170
mglBp,0.5,1,1,TGGAAGGAGTCGGCGCACCA,0,2335641
mglBp,0.5,1,1,TGGAAAGGAAGTCCCATTTC,0,2389281
mglBp,0.5,1,1,TGCTTTTGATAGAGGTTCTT,0,2386594
mglBp,0.5,1,1,TGCTTTCCAATTAAAGTGTT,0,2354309
mglBp,0.5,1,1,TGCTTGTATATACAATTTAG,0,2375249
mglBp,0.5,1,1,TGCTTATAATCGACTCAAGT,0,2407127
mglBp,0.5,1,1,TGCTTACTACTGCGTAGACG,0,2337553
mglBp,0.5,1,1,TGCTTAAAGACGGGGAGATT,0,2364197
mglBp,0.5,1,1,TGCTGTTTGTATTTTAGGGA,0,2419572
mglBp,0.5,1,1,TGCTGTTGATAACGTGATGA,0,2320200
mglBp,0.5,1,1,TGCTGGACTCGCCCAACTAC,0,2399167
mglBp,0.5,1,1,TGCTGCACGGTGTCGGACTT,0,2323687
mglBp,0.5,1,1,TGCTGATAAACTATGTGTCG,0,2337543
mglBp,0.5,1,1,TGCTCGGCTCCCGAATGTAC,0,2322722
mglBp,0.5,1,1,TGCTCGGACGGATAGTATTG,0,2341408
mglBp,0.5,1,1,TGCTCGCTGCTCTTCGAGTA,0,2411035
mglBp,0.5,1,1,TGCTATGCCTATCGATTACC,0,2400620
mglBp,0.5,1,1,TGCTAGTTATTGAAGGTGTA,0,2341727
mglBp,0.5,1,1,TGCTAATGCACTATTGTGTC,0,2347322
mglBp,0.5,1,1,TGCTAAGCTCGTGTAGTGGC,0,2335489
mglBp,0.5,1,1,TGCGTTATTCGTTGTCGCAT,0,2328243
mglBp,0.5,1,1,TGCGTTACTAGAATCTGATC,0,2381345
mglBp,0.5,1,1,TGCGGTTAATATATCTCTAC,0,2372352
mglBp,0.5,1,1,TGCGGGCGCGAGGGAGAGAG,0,2418475
mglBp,0.5,1,1,TGCGGCCAGCTACGAAAGAG,0,2396499
mglBp,0.5,1,1,TGCGGCAGGCATGCGGGCCG,0,2344353
mglBp,0.5,1,1,TGCGGACATCGCAACATGAC,0,2360572
mglBp,0.5,1,1,TGCGCTGCAGCCCCGGGATA,0,2328180
mglBp,0.5,1,1,TGCGCACCGGGCAATGCCCC,0,2351442
mglBp,0.5,1,1,TGCGATTTGCGCTTAGGAAG,0,2331670
mglBp,0.5,1,1,TGCGATCGGTCCTGACGAGC,0,2355645
mglBp,0.5,1,1,TGCGAGCCGCCCGTACCTCT,0,2337112
mglBp,0.5,1,1,TGCCTCTATGCTTGCGCATT,0,2355818
mglBp,0.5,1,1,TGCCTACCCAATAAAATAGA,0,2344659
mglBp,0.5,1,1,TGCCGTACTAACCGGGCTCT,0,2417980
mglBp,0.5,1,1,TGCCGGGAAAGATTCCCTTT,0,2368278
mglBp,0.5,1,1,TGCCGCTCAGACAGCAAGAT,0,2330598
mglBp,0.5,1,1,TGCCGATTGGAGACTTTTTA,0,2368652
mglBp,0.5,1,1,TGCCGAACTACCCCGGACAT,0,2325213
mglBp,0.5,1,1,TGCCCTACCGTATAGGTTTT,0,2344982
mglBp,0.5,1,1,TGCCCTACACCAGTCGCTAT,0,2340414
mglBp,0.5,1,1,TGCCCGGCCGTATACAAATC,0,2327721
mglBp,0.5,1,1,TGCCCCTCTCTCCCTATTAA,0,2404196
mglBp,0.5,1,1,TGCCCCTATTTTCTCCGATG,0,2411068
mglBp,0.5,1,1,TGCCCAGTGACCGCCGTACT,0,2364296
mglBp,0.5,1,1,TGCCATTAGGCCGAGCTGGA,0,2382144
mglBp,0.5,1,1,TGCCATCTTCTAAAAGAGGA,0,2401057
mglBp,0.5,1,1,TGCATGTTAGGCCAATGCTA,0,2376132
mglBp,0.5,1,1,TGCATGGAGCTCGGTACTGA,0,2370156
mglBp,0.5,1,1,TGCATCAGGTTTGTGTCACC,0,2383006
mglBp,0.5,1,1,TGCATAAAGCGTGGAGACTA,0,2354831
mglBp,0.5,1,1,TGCAGGTTGAGTCTACCCCC,0,2324817
mglBp,0.5,1,1,TGCAGGGACTTCAACGGTTA,0,2368972
mglBp,0.5,1,1,TGCAGACTTCAACAACAAGG,0,2404277
mglBp,0.5,1,1,TGCACGCAATTATTGGAGTA,0,2421982
mglBp,0.5,1,1,TGCACGAAGTGTGCTCGTAA,0,2375105
mglBp,0.5,1,1,TGCACAGTTATATTCGGCGC,0,2322881
mglBp,0.5,1,1,TGCACAGGGTTCGCAAGCTA,0,2401715
mglBp,0.5,1,1,TGCAATATGTCGAATTAAAT,0,2348593
mglBp,0.5,1,1,TGCAAATTGATTGGCCCGAG,0,2371162
mglBp,0.5,1,1,TGCAAACGTCATTTTTTCAC,0,2364620
mglBp,0.5,1,1,TGATTTGCCCCTCTGTCATA,0,2409763
mglBp,0.5,1,1,TGATTGACCTGTCGTTAGCA,0,2390878
mglBp,0.5,1,1,TGATGTTGTCTCAGCGTGGG,0,2330989
mglBp,0.5,1,1,TGATATACATACGCCTTGTA,0,2410827
mglBp,0.5,1,1,TGAGTGCGTCATACATCGGG,0,2325991
mglBp,0.5,1,1,TGAGTGCGGGAACTCCTGGT,0,2368073
mglBp,0.5,1,1,TGAGTGACTTAATGAAGCAG,0,2418712
mglBp,0.5,1,1,TGAGTCAATTGAAAGGAAGT,0,2348407
mglBp,0.5,1,1,TGAGGTGGCCTCAACGCACA,0,2333779
mglBp,0.5,1,1,TGAGGGTATGTATCCGAGGT,0,2350344
mglBp,0.5,1,1,TGAGGGGGTTAAAATATACT,0,2359131
mglBp,0.5,1,1,TGAGGGAACATCTCGGCGCG,0,2349766
mglBp,0.5,1,1,TGAGCTCGCTTGTGCAATCT,0,2325169
mglBp,0.5,1,1,TGAGCAAATAACATTACTTA,0,2316889
mglBp,0.5,1,1,TGAGATGCCTAAGCCGCGGG,0,2359333
mglBp,0.5,1,1,TGAGATGAATGCTTTGTATG,0,2384518
mglBp,0.5,1,1,TGAGATCGTTTTTTGGCAAT,0,2340290
mglBp,0.5,1,1,TGAGAGTTGTCGCTAGCCAC,0,2324544
mglBp,0.5,1,1,TGAGAGGGGTCTATTCGAAT,0,2400735
mglBp,0.5,1,1,TGAGAATCCGGCATGACTGT,0,2342645
mglBp,0.5,1,1,TGACTCGTTATACAACGTTA,0,2413963
mglBp,0.5,1,1,TGACTCCCGCGCATAATAGA,0,2339951
mglBp,0.5,1,1,TGACTAAAGATAAAGGGCCA,0,2330591
mglBp,0.5,1,1,TGACGTAATCTGGGTAAAAG,0,2318866
mglBp,0.5,1,1,TGACGGCGTCCACTCGAGCA,0,2420380
mglBp,0.5,1,1,TGACGCCTGCGTTGGTAAGA,0,2381594
mglBp,0.5,1,1,TGACGATGTAAAATCGTTCC,0,2363619
mglBp,0.5,1,1,TGACCGTTGAGATTTATATG,0,2354002
mglBp,0.5,1,1,TGACCGTTACATTCGATTAA,0,2360948
mglBp,0.5,1,1,TGACCCTGGTTCGAAGGCAG,0,2399855
mglBp,0.5,1,1,TGACCCCTGCGAGGCCTGAC,0,2363302
mglBp,0.5,1,1,TGACCATTTGTCCTACCATA,0,2412019
mglBp,0.5,1,1,TGACCAAATTTAGGCGTGTA,0,2350373
mglBp,0.5,1,1,TGACACTAACAGATCTTGCA,0,2358291
mglBp,0.5,1,1,TGAATTAGGGTTGTACATCA,0,2352596
mglBp,0.5,1,1,TGAATATGCCTAGTCTAGTG,0,2404745
mglBp,0.5,1,1,TGAAGTGGAGCCGTTCTCAA,0,2391211
mglBp,0.5,1,1,TGAAGGTCTAAGCCGCTAGA,0,2351225
mglBp,0.5,1,1,TGAAGGGACCGAGACGCATT,0,2319510
mglBp,0.5,1,1,TGAAGGCACACCGTTTCACA,0,2319941
mglBp,0.5,1,1,TGAAGAGCGTTAACTGCAAT,0,2368460
mglBp,0.5,1,1,TGAAGAAGGTTCTTATATAG,0,2404104
mglBp,0.5,1,1,TGAAGAAAGCAATCTAACAA,0,2380513
mglBp,0.5,1,1,TGAAAGTATGGACTCAACGG,0,2344244
mglBp,0.5,1,1,TGAAAGGGTACCTCTTACTA,0,2381470
mglBp,0.5,1,1,TGAAAGAAGTATATTAGCGA,0,2391638
mglBp,0.5,1,1,TGAAAACCCTAGGTTGTCGA,0,2352731
mglBp,0.5,1,1,TCTTTTTCGAGCGCAAAGAG,0,2347662
mglBp,0.5,1,1,TCTTTTATCTTAGACGATAC,0,2322139
mglBp,0.5,1,1,TCTTTGGCGAAAGTAGTATC,0,2318704
mglBp,0.5,1,1,TCTTTCAATATGTCCCCTGC,0,2368134
mglBp,0.5,1,1,TCTTGTCGGTGCAACGTAAG,0,2414959
mglBp,0.5,1,1,TCTTGTCGGTGACACCACGT,0,2367403
mglBp,0.5,1,1,TCTTGAGGGCCACAATTGAC,0,2342108
mglBp,0.5,1,1,TCTTCTAGGTGGAGTGCTTC,0,2419054
mglBp,0.5,1,1,TCTTCGTACGTCAAATGGCA,0,2401796
mglBp,0.5,1,1,TCTTCCCCGGTGGATGTTAC,0,2396753
mglBp,0.5,1,1,TCTTCATACAGTATGCCAAC,0,2368241
mglBp,0.5,1,1,TCTTAGTAAAGACTGTAGGT,0,2339125
mglBp,0.5,1,1,TCTTAGGTTGCACACGGGGA,0,2360448
mglBp,0.5,1,1,TCTTAGACGGGATAGACAGT,0,2350586
mglBp,0.5,1,1,TCTTACATTAGATCAATGCA,0,2397354
mglBp,0.5,1,1,TCTGTTTGAACCAGGCCCTT,0,2355266
mglBp,0.5,1,1,TCTGTTAGCTTAACAGTTAC,0,2345249
mglBp,0.5,1,1,TCTGTCTTTAAGGGCGGTCG,0,2367242
mglBp,0.5,1,1,TCTGTCAGTATGTTGCGTAA,0,2373344
mglBp,0.5,1,1,TCTGTATTAGTCCACGTCGA,0,2345114
mglBp,0.5,1,1,TCTGTAACGTTCTCGACATG,0,2402740
mglBp,0.5,1,1,TCTGGTGCTCGGATACGTGG,0,2334342
mglBp,0.5,1,1,TCTGGGACTAGAGGTACTCT,0,2323468
mglBp,0.5,1,1,TCTGGCATTAGGCGTCATCA,0,2369479
mglBp,0.5,1,1,TCTGGAGGTCCCCATCGCTG,0,2339146
mglBp,0.5,1,1,TCTGGACTAAATGGCCCAGA,0,2377911
mglBp,0.5,1,1,TCTGCTTTACTGAAGCGCAA,0,2335161
mglBp,0.5,1,1,TCTGCTGTAGGCTACCCCTA,0,2422363
mglBp,0.5,1,1,TCTGCGCTGTCACGGGGTGG,0,2346852
mglBp,0.5,1,1,TCTGCCGTGTAGACCCAATA,0,2375724
mglBp,0.5,1,1,TCTGCCCGTAGTTGCTCCTA,0,2421461
mglBp,0.5,1,1,TCTGAGTATCCCGCGCGATC,0,2420189
mglBp,0.5,1,1,TCTGAGATTAGATATGACGT,0,2349328
mglBp,0.5,1,1,TCTGAGAACCTCCTCCGAGT,0,2330195
mglBp,0.5,1,1,TCTCTTGTAGGTCGTGCTCT,0,2387298
mglBp,0.5,1,1,TCTCGGTGGCAGAAAGGCCT,0,2354059
mglBp,0.5,1,1,TCTCGGATGAGCCGAGACAA,0,2348294
mglBp,0.5,1,1,TCTCGCGTAAGGTGTCCATG,0,2338069
mglBp,0.5,1,1,TCTCCTCCTCTGTGGCTCAT,0,2422248
mglBp,0.5,1,1,TCTCCGACTACGCATCCTCT,0,2341742
mglBp,0.5,1,1,TCTCCCAAAAAGGTCACATA,0,2401728
mglBp,0.5,1,1,TCTCCACAGGTGGTCAGGAG,0,2372814
mglBp,0.5,1,1,TCTCATACAGAACAGGTACC,0,2376228
mglBp,0.5,1,1,TCTCACTTTAAAAATTGTAG,0,2371054
mglBp,0.5,1,1,TCTCAACCGAATGATTTCTA,0,2409829
mglBp,0.5,1,1,TCTCAAATGTCATGAAATTG,0,2382874
mglBp,0.5,1,1,TCTAGTGATCTTAAGCGTTA,0,2371954
mglBp,0.5,1,1,TCTAGGTAAGAGTGGGAGGT,0,2325546
mglBp,0.5,1,1,TCTAGGGTGCTAGCCAAAAG,0,2423207
mglBp,0.5,1,1,TCTAGGGGATCTGAAGCCCG,0,2391486
mglBp,0.5,1,1,TCTAGATCTACACAGGTCCC,0,2404961
mglBp,0.5,1,1,TCTACGCAGATTATACCTTA,0,2389342
mglBp,0.5,1,1,TCTACCAGAAGAGATGGGCG,0,2380417
mglBp,0.5,1,1,TCTAACCTGGCGAGGACTGT,0,2377767
mglBp,0.5,1,1,TCTAACCGGACTTGCCTCAA,0,2414327
mglBp,0.5,1,1,TCTAACAAGGGATAAACATG,0,2343967
mglBp,0.5,1,1,TCTAAATCTCGCCACAATCA,0,2368763
mglBp,0.5,1,1,TCTAAACGTCTTCAACGAGA,0,2389817
mglBp,0.5,1,1,TCGTTTTATTTGAACCGTAC,0,2420136
mglBp,0.5,1,1,TCGTTTATACGTTAGAGCTT,0,2367688
mglBp,0.5,1,1,TCGTTGGGATTCAGAGTAAT,0,2411340
mglBp,0.5,1,1,TCGTGTTGCCTCCATCCCTA,0,2414339
mglBp,0.5,1,1,TCGTGGCGAAATGTCTAACT,0,2356888
mglBp,0.5,1,1,TCGTGCGACGTTCTCGTCAC,0,2318557
mglBp,0.5,1,1,TCGTCTTTCCAGGACCACCC,0,2347238
mglBp,0.5,1,1,TCGTCTGCGACTAATATGGA,0,2366295
mglBp,0.5,1,1,TCGTCTCCACCTCGGGTCAG,0,2422952
mglBp,0.5,1,1,TCGTCTCATACTCGGCGATG,0,2367411
mglBp,0.5,1,1,TCGTCGGACCAACCTGTTGG,0,2383923
mglBp,0.5,1,1,TCGTCGCTCCACATGTTGCT,0,2348053
mglBp,0.5,1,1,TCGTCCCTATGTTTATACTG,0,2386715
mglBp,0.5,1,1,TCGTATCGGAGTAGCATGTT,0,2421632
mglBp,0.5,1,1,TCGTACAGTCTTGGCAGGCT,0,2361380
mglBp,0.5,1,1,TCGTAAATCAGCCAATGATT,0,2320502
mglBp,0.5,1,1,TCGGTGTGTTCGCCAGACTC,0,2371470
mglBp,0.5,1,1,TCGGTGTGCCGGTGATTCAA,0,2403957
mglBp,0.5,1,1,TCGGTGCTCGTATTAGTGTC,0,2382999
mglBp,0.5,1,1,TCGGTAGCAGCTATGCAGCC,0,2409577
mglBp,0.5,1,1,TCGGTAGACCTAGGCAACGA,0,2410307
mglBp,0.5,1,1,TCGGCTAGCGCCGGTGTCAT,0,2324642
mglBp,0.5,1,1,TCGGCGCCGAAAATTGGTCA,0,2338862
mglBp,0.5,1,1,TCGGCACATCGATGCGCAAA,0,2318150
mglBp,0.5,1,1,TCGGCACACGCGTAGTCGGC,0,2335379
mglBp,0.5,1,1,TCGGAGCTCGTCTCTGACGT,0,2407649
mglBp,0.5,1,1,TCGGAGCGCCATACTGCAGT,0,2383171
mglBp,0.5,1,1,TCGGAATGTAGGCCCGTCCC,0,2343332
mglBp,0.5,1,1,TCGGAAGTCGTATGGAAGAT,0,2323991
mglBp,0.5,1,1,TCGGAAATGCCTTCGCGTTA,0,2410067
mglBp,0.5,1,1,TCGCTTTCTCGTTTCAAGTA,0,2404145
mglBp,0.5,1,1,TCGCTTCAGGTTACAATGGC,0,2397301
mglBp,0.5,1,1,TCGCGGAACTGTCGCAACTT,0,2368393
mglBp,0.5,1,1,TCGCGCGGGCGATCCGTTTT,0,2414789
mglBp,0.5,1,1,TCGCGCCGGTGTGGTGTCCA,0,2381600
mglBp,0.5,1,1,TCGCGATTATGATCACGTAT,0,2372529
mglBp,0.5,1,1,TCGCCGCAATAGTCATCGGT,0,2398930
mglBp,0.5,1,1,TCGCCCAATATAGCATACAG,0,2345758
mglBp,0.5,1,1,TCGCCAGAAAAGGTCCCGAG,0,2397722
mglBp,0.5,1,1,TCGCAGCTCGCAGGAACGGC,0,2394171
mglBp,0.5,1,1,TCGCACGATTCCGCCACTTG,0,2367683
mglBp,0.5,1,1,TCGAGTCGATTCACGTACCA,0,2403610
mglBp,0.5,1,1,TCGAGGTCCCCTATGGTAGC,0,2372871
mglBp,0.5,1,1,TCGAGCGCACACGCCCTGGG,0,2389760
mglBp,0.5,1,1,TCGACTATGCGGGGCACCAG,0,2323054
mglBp,0.5,1,1,TCGACCTTGTCTGGGGGCTT,0,2355787
mglBp,0.5,1,1,TCGACAATCTTTCCAGCTCA,0,2389048
mglBp,0.5,1,1,TCGAAGGTCATACTCCACCC,0,2419412
mglBp,0.5,1,1,TCGAAATTCGCCATGGACGT,0,2335377
mglBp,0.5,1,1,TCGAAAAGTCGTTAGGTGAT,0,2329783
mglBp,0.5,1,1,TCCTTCCGCTACTCACGCAG,0,2382170
mglBp,0.5,1,1,TCCTTCACAGCGGCGTCCGT,0,2399794
mglBp,0.5,1,1,TCCTGTCTTCAGTTACCTTG,0,2349366
mglBp,0.5,1,1,TCCTGGGTCTCATACAATTA,0,2371966
mglBp,0.5,1,1,TCCTGCTTGTTTTGGATATT,0,2319989
mglBp,0.5,1,1,TCCTAGGCACCATCTCTACA,0,2399705
mglBp,0.5,1,1,TCCTAGCCAACGATATAACC,0,2332369
mglBp,0.5,1,1,TCCTACTTGAGGTGGAATAG,0,2350902
mglBp,0.5,1,1,TCCTACCGAGGTGTTAGGGT,0,2328198
mglBp,0.5,1,1,TCCTAAGACAAATGTTCCTT,0,2414483
mglBp,0.5,1,1,TCCGTGAACCTGCCCATCAG,0,2356539
mglBp,0.5,1,1,TCCGTATGCTCTGGCGGGGT,0,2359183
mglBp,0.5,1,1,TCCGGGGCTCGTTCACACTA,0,2384469
mglBp,0.5,1,1,TCCGGGCAGGTGTGAATCTT,0,2404283
mglBp,0.5,1,1,TCCGGGAGGACACCGAATTC,0,2368010
mglBp,0.5,1,1,TCCGGAACGTTCCCTCGCCA,0,2373688
mglBp,0.5,1,1,TCCGCTTAGGGAGACACTAC,0,2328749
mglBp,0.5,1,1,TCCGCTCAACGTTTTTACCA,0,2390184
mglBp,0.5,1,1,TCCGCGGACAGCTGCTTAAT,0,2364529
mglBp,0.5,1,1,TCCGCGACCATATAAAGGAA,0,2335334
mglBp,0.5,1,1,TCCGCCCAGATCTATTGGAG,0,2408212
mglBp,0.5,1,1,TCCGCCAGGCCGTACCTATT,0,2330814
mglBp,0.5,1,1,TCCGATTTATACGGCAACAT,0,2379986
mglBp,0.5,1,1,TCCGATCTGTAGTGAAGAAT,0,2397498
mglBp,0.5,1,1,TCCGAGGCGCTGTATGTTTA,0,2362445
mglBp,0.5,1,1,TCCGAACGGACGCATGACGT,0,2350149
mglBp,0.5,1,1,TCCGAACGAAAGCGTAACTT,0,2337871
mglBp,0.5,1,1,TCCGAACACAGTACGGCAAA,0,2339946
mglBp,0.5,1,1,TCCCTGATTACGGGGCACAT,0,2336314
mglBp,0.5,1,1,TCCCTCTCAGCACCTGTGTT,0,2347630
mglBp,0.5,1,1,TCCCGTTGGTCGTACCGATT,0,2371617
mglBp,0.5,1,1,TCCCGTTCGCTCCCGAAGGA,0,2328557
mglBp,0.5,1,1,TCCCGTGCTACTTACTTCCT,0,2324981
mglBp,0.5,1,1,TCCCGGCTTTGGAATACTGA,0,2318726
mglBp,0.5,1,1,TCCCGGATCAAACCAAAGGA,0,2375196
mglBp,0.5,1,1,TCCCGCTGTGCGTTCAATAC,0,2351702
mglBp,0.5,1,1,TCCCGCGGACTTCCCGGGAT,0,2413901
mglBp,0.5,1,1,TCCCCTAGATGGGCGCTCAA,0,2382004
mglBp,0.5,1,1,TCCCCCTGTGTGGGGACTTG,0,2324849
mglBp,0.5,1,1,TCCATGGATAGTAATAGAAC,0,2369353
mglBp,0.5,1,1,TCCATCAGCTTCTGTTTGTT,0,2411315
mglBp,0.5,1,1,TCCAGCTTGAACAATCAGGT,0,2354200
mglBp,0.5,1,1,TCCAGCGACTTACGCCGACT,0,2391743
mglBp,0.5,1,1,TCCACTACCGTAAAAGGATC,0,2355141
mglBp,0.5,1,1,TCCACGCGCACTCGTAATGC,0,2378756
mglBp,0.5,1,1,TCCACCGTTCAATCCTAGAG,0,2345061
mglBp,0.5,1,1,TCCACAGCAGTTTAGTAAAT,0,2374666
mglBp,0.5,1,1,TCCACAACCTGCAGTTGTAT,0,2373271
mglBp,0.5,1,1,TCCAATGAACCCTAGTTGGA,0,2423464
mglBp,0.5,1,1,TCCAATCCATGCATAGAACC,0,2388938
mglBp,0.5,1,1,TCCAAGGGAAAATGAGGCGG,0,2331544
mglBp,0.5,1,1,TCCAAGCCCGGGTTCATAGG,0,2342843
mglBp,0.5,1,1,TCCAACGGGACTATGCGCGA,0,2353844
mglBp,0.5,1,1,TCCAACGCAGAACTTACGAA,0,2361868
mglBp,0.5,1,1,TCATTTAGAGCCACCAGCGA,0,2328423
mglBp,0.5,1,1,TCATTGTTAATAGTGTCGTT,0,2354553
mglBp,0.5,1,1,TCATTGGGTATTAAGCGGTT,0,2376136
mglBp,0.5,1,1,TCATTCGTCGTCCAGATGGT,0,2389208
mglBp,0.5,1,1,TCATGTTTTCAACTAGCTAA,0,2395698
mglBp,0.5,1,1,TCATGTCAGGACTATAAGAA,0,2342405
mglBp,0.5,1,1,TCATGTAGCTTTAGCTGGGA,0,2374866
mglBp,0.5,1,1,TCATGGTTGCCAGACGCGAG,0,2382635
mglBp,0.5,1,1,TCATGGGGGCTGGACAGTTC,0,2375245
mglBp,0.5,1,1,TCATGCCACACATAGTACGG,0,2397036
mglBp,0.5,1,1,TCATGATTTCAACTAGACAT,0,2321056
mglBp,0.5,1,1,TCATGACTTAGAACGGAGGG,0,2369242
mglBp,0.5,1,1,TCATGACCAACAACGGGCAA,0,2369708
mglBp,0.5,1,1,TCATCTGCGAGTTCATACGG,0,2345886
mglBp,0.5,1,1,TCATCGTATGACATCCCGAG,0,2385167
mglBp,0.5,1,1,TCATATCGGTGAGGGCAATT,0,2412546
mglBp,0.5,1,1,TCATAGCCGAGCTGATCTGG,0,2361405
mglBp,0.5,1,1,TCATACATAGGGGACCATCG,0,2324934
mglBp,0.5,1,1,TCAGTTGAACATGTCTCGAT,0,2417355
mglBp,0.5,1,1,TCAGTACCTCTACGACACTT,0,2366617
mglBp,0.5,1,1,TCAGTAAAAGAGATGGCTCG,0,2387020
mglBp,0.5,1,1,TCAGGTTGGTTGTGGTGCGT,0,2318741
mglBp,0.5,1,1,TCAGGTCCGTAGACGTCAGT,0,2388476
mglBp,0.5,1,1,TCAGGGACCTCTTCATATGT,0,2395441
mglBp,0.5,1,1,TCAGCTTCTGAAGATACGAG,0,2348461
mglBp,0.5,1,1,TCAGCGGATCCAAACTGAGT,0,2400980
mglBp,0.5,1,1,TCAGCCTCGGGCATCCCCTG,0,2389179
mglBp,0.5,1,1,TCAGCAACGACATAGGTGTG,0,2344845
mglBp,0.5,1,1,TCAGATCCAATTTCGTCAAG,0,2401704
mglBp,0.5,1,1,TCAGAATATGTAGACTTGCC,0,2337569
mglBp,0.5,1,1,TCAGAAATTTACCAGTGGAT,0,2348911
mglBp,0.5,1,1,TCACTTACGTTCAGTCAGTT,0,2356787
mglBp,0.5,1,1,TCACTTAACGTAAGTTCTAC,0,2384584
mglBp,0.5,1,1,TCACTGCTGCGCAAGTCATA,0,2421883
mglBp,0.5,1,1,TCACTCGTTTCGTCTAAGCC,0,2410652
mglBp,0.5,1,1,TCACGTGGCTATGCTGAGAG,0,2351043
mglBp,0.5,1,1,TCACGAGTCGTTGAAAGTTC,0,2387917
mglBp,0.5,1,1,TCACGAGCCCCAGCCCGGTA,0,2388055
mglBp,0.5,1,1,TCACCTGCCTCGAGGTATCC,0,2358010
mglBp,0.5,1,1,TCACCGCCTAAAGTTGCATG,0,2359844
mglBp,0.5,1,1,TCACCGATAGGTATTATTGC,0,2402980
mglBp,0.5,1,1,TCACCGAGTAAGGCTCTCCA,0,2362025
mglBp,0.5,1,1,TCACCCCACCAAAGCGGCTG,0,2356883
mglBp,0.5,1,1,TCACCATGATGAGATATGAG,0,2390748
mglBp,0.5,1,1,TCACAGACTGTCGCGCCCGA,0,2372987
mglBp,0.5,1,1,TCACACTTGTCAGCTAAATG,0,2355493
mglBp,0.5,1,1,TCACACCACTAGCATGAATT,0,2342390
mglBp,0.5,1,1,TCAATGCAGCCGTCCGGAAC,0,2383555
mglBp,0.5,1,1,TCAATCCCGGGTCCCAAAGC,0,2327317
mglBp,0.5,1,1,TCAATCAGTCTCGGCATCAT,0,2417379
mglBp,0.5,1,1,TCAATAGGAAAATGCCGGTC,0,2401712
mglBp,0.5,1,1,TCAATAACGCCTTCGTAAGG,0,2322053
mglBp,0.5,1,1,TCAAGTCCATCACCCTGGTT,0,2400990
mglBp,0.5,1,1,TCAAGCTCCGCAGGCCAGAA,0,2370349
mglBp,0.5,1,1,TCAAGCAGGAAATTTTTTTA,0,2358128
mglBp,0.5,1,1,TCAAGAAGCGATGGGCGCGC,0,2319032
mglBp,0.5,1,1,TCAACTGCTAACGTATTTAG,0,2341388
mglBp,0.5,1,1,TCAACGGCCTGCGACTGGTC,0,2324597
mglBp,0.5,1,1,TCAACCACTAGCAATGAATG,0,2320176
mglBp,0.5,1,1,TCAAAGTACGGGTCTTAGTC,0,2417899
mglBp,0.5,1,1,TCAAAGGGCCGGTGAATTTC,0,2317176
mglBp,0.5,1,1,TCAAAGCTCATATATAGTTA,0,2398417
mglBp,0.5,1,1,TCAAACGCATAGTTTTCTGC,0,2318340
mglBp,0.5,1,1,TCAAACATATGAATCCTATT,0,2394989
mglBp,0.5,1,1,TCAAAAGAAGATGACGTCAA,0,2374632
mglBp,0.5,1,1,TATTTTGTGTCTAGACAGTG,0,2386476
mglBp,0.5,1,1,TATTTTACTTTACTGCGATA,0,2367831
mglBp,0.5,1,1,TATTTGTGAGGAGCCCGGAA,0,2363135
mglBp,0.5,1,1,TATTTGTCATTTTCGTCAAT,0,2415834
mglBp,0.5,1,1,TATTTGCCTAGTGAATACAA,0,2378528
mglBp,0.5,1,1,TATTTCCAATTGATCACCTA,0,2325345
mglBp,0.5,1,1,TATTTATTCTTCACAATGTC,0,2346356
mglBp,0.5,1,1,TATTTAGGCGCTCTAGCGCG,0,2365061
mglBp,0.5,1,1,TATTGTGTTACCTTACGATG,0,2398977
mglBp,0.5,1,1,TATTGGGATACCCAGTTGCT,0,2395882
mglBp,0.5,1,1,TATTGCAGAGCAGGAGCATT,0,2334409
mglBp,0.5,1,1,TATTGAAGATAACTTGCTAA,0,2358957
mglBp,0.5,1,1,TATTCTTATGGTCCATGTGA,0,2366021
mglBp,0.5,1,1,TATTCGTCCGCGGTTCAACT,0,2395364
mglBp,0.5,1,1,TATTCGAAACCGTGGTTTCT,0,2377693
mglBp,0.5,1,1,TATTATTTAAGTTGGAGTTG,0,2396399
mglBp,0.5,1,1,TATTATTGGGTCGATTGCCT,0,2323598
mglBp,0.5,1,1,TATGTCGATTCATGGTGCGG,0,2385431
mglBp,0.5,1,1,TATGTATTGCAGGCCTCTAT,0,2365892
mglBp,0.5,1,1,TATGTACACGGAATTTTTAG,0,2387649
mglBp,0.5,1,1,TATGGTAGCATATCCCGGCT,0,2374062
mglBp,0.5,1,1,TATGGTAAACCTGTCATCCG,0,2354185
mglBp,0.5,1,1,TATGGGTGGGCCATTCCATG,0,2380539
mglBp,0.5,1,1,TATGGGCATCTAGTACGGCT,0,2341110
mglBp,0.5,1,1,TATGGCCTATAGGGTGCATG,0,2411074
mglBp,0.5,1,1,TATGGATCGTGCACAAGTCT,0,2352881
mglBp,0.5,1,1,TATGCTGCACATTGCGGCTC,0,2339924
mglBp,0.5,1,1,TATGCGTTAAGAATCGTCAC,0,2332285
mglBp,0.5,1,1,TATGCGATCTCTGCGCCCTT,0,2326432
mglBp,0.5,1,1,TATGATTGGTTATTATCGTC,0,2381743
mglBp,0.5,1,1,TATGACATGTACGGCCGCAA,0,2317977
mglBp,0.5,1,1,TATCTCGCTCAGTGATCTCG,0,2397497
mglBp,0.5,1,1,TATCTCCATGCGTAGGTGAT,0,2400454
mglBp,0.5,1,1,TATCGGAAGAGTTAGCATTG,0,2367749
mglBp,0.5,1,1,TATCGATCTCTTCGAGAATT,0,2384245
mglBp,0.5,1,1,TATCGACCGGTCGCCAACAA,0,2345865
mglBp,0.5,1,1,TATCGAATATGAACCTCGTC,0,2373963
mglBp,0.5,1,1,TATCCGAATCTACCTTCGTT,0,2367979
mglBp,0.5,1,1,TATCCCGTGCATCATAGTCT,0,2348292
mglBp,0.5,1,1,TATCCAGAAAAGAGCGGCAG,0,2359472
mglBp,0.5,1,1,TATCAGGCCGGAAACCGGAT,0,2330271
mglBp,0.5,1,1,TATCACTTAGTACTACAGGT,0,2418734
mglBp,0.5,1,1,TATCACACAAGGTGCAGGAA,0,2394330
mglBp,0.5,1,1,TATCACACAAAGGTTCACCG,0,2419093
mglBp,0.5,1,1,TATCAAGGGCGGTGGACGGA,0,2419685
mglBp,0.5,1,1,TATCAAATGATTCGGGCCGC,0,2356755
mglBp,0.5,1,1,TATATTAATGCACGAATCTA,0,2339144
mglBp,0.5,1,1,TATATATGTGTTTAACATCT,0,2371901
mglBp,0.5,1,1,TATAGTTACCCTTTTAGTAG,0,2361788
mglBp,0.5,1,1,TATACAAGACGTTTGCGAGT,0,2342257
mglBp,0.5,1,1,TATAATGATCGAAGGACATT,0,2397632
mglBp,0.5,1,1,TATAATATAGAGGTATGAAC,0,2353240
mglBp,0.5,1,1,TATAAGGTATGAACTGCCTT,0,2419725
mglBp,0.5,1,1,TATAAGCGCGGTAGTTGGGT,0,2373560
mglBp,0.5,1,1,TATAACTTACACGCCGCTAT,0,2355922
mglBp,0.5,1,1,TATAACTAAAGAACCTAGTA,0,2385417
mglBp,0.5,1,1,TAGGTCCAGTTGGACCGGTG,0,2395641
mglBp,0.5,1,1,TAGGTACCTTAAGGGACGGT,0,2331876
mglBp,0.5,1,1,TAGGGTTCCTGTCTCCACTC,0,2346697
mglBp,0.5,1,1,TAGGGTCCCCTCAAAAGAGG,0,2327985
mglBp,0.5,1,1,TAGGGGTGACGCAATCGATG,0,2380279
mglBp,0.5,1,1,TAGGGGGCTACCTTTGTGAT,0,2375942
mglBp,0.5,1,1,TAGGGGCAATGCAATGGTCC,0,2372776
mglBp,0.5,1,1,TAGGGCTTACTAATCTTTAC,0,2390684
mglBp,0.5,1,1,TAGGGACGTGTTTTGGGTGA,0,2337016
mglBp,0.5,1,1,TAGGCTTTCTGGAGATCCCT,0,2363146
mglBp,0.5,1,1,TAGGCTCGAGGACGAAGCTT,0,2358663
mglBp,0.5,1,1,TAGGCTCCGGTCTAGGAGCG,0,2417415
mglBp,0.5,1,1,TAGGCCTGAGTCAAGCGATG,0,2355008
mglBp,0.5,1,1,TAGGCCCGTCTCATCTGGCA,0,2370852
mglBp,0.5,1,1,TAGGCCCCGGAGTATGACAG,0,2386779
mglBp,0.5,1,1,TAGGCAACGGGCAATGTCTA,0,2331442
mglBp,0.5,1,1,TAGGATGTAGTAGTTAAAGG,0,2371865
mglBp,0.5,1,1,TAGGATATATCGTACGAGGT,0,2410327
mglBp,0.5,1,1,TAGGAGCACACGCGCCCAGC,0,2326543
mglBp,0.5,1,1,TAGGACGGGTTTCCGATGGT,0,2415497
mglBp,0.5,1,1,TAGCTTCGATTAGGTGTACT,0,2414799
mglBp,0.5,1,1,TAGCTTCCCTCCGGTAACGC,0,2335990
mglBp,0.5,1,1,TAGCTGCGCATCAATGGTAT,0,2421313
mglBp,0.5,1,1,TAGCTGACTGTCTCTAGTAG,0,2357247
mglBp,0.5,1,1,TAGCTATTCTTATTCGTAGA,0,2379622
mglBp,0.5,1,1,TAGCTAGAAACATACGTGCT,0,2362457
mglBp,0.5,1,1,TAGCGTTTGATAGACACGAC,0,2342304
mglBp,0.5,1,1,TAGCGGGGTTCGTGTGTTCT,0,2328123
mglBp,0.5,1,1,TAGCCGGGTCTCGTTTACAG,0,2403744
mglBp,0.5,1,1,TAGCCCGGCGCGCCATTCCA,0,2378258
mglBp,0.5,1,1,TAGCATAGTACCGCGCGTCA,0,2364043
mglBp,0.5,1,1,TAGCACGGGCTTCTAAGAAG,0,2385889
mglBp,0.5,1,1,TAGCAATAAGCCAGGGTAAA,0,2405819
mglBp,0.5,1,1,TAGATTAACACCGGACCTAA,0,2357195
mglBp,0.5,1,1,TAGATCATAAGTTTGTCCAC,0,2355082
mglBp,0.5,1,1,TAGATACCCGTATTTTAAAG,0,2323969
mglBp,0.5,1,1,TAGAGTCCTTTGGGGCTCCC,0,2330159
mglBp,0.5,1,1,TAGAGGGGGAGGCTGGGATT,0,2387704
mglBp,0.5,1,1,TAGAGCGTGTGCGGCGTTAT,0,2346596
mglBp,0.5,1,1,TAGAGCGGCTTGGTTAGATA,0,2319852
mglBp,0.5,1,1,TAGAGCGCGCGTTCGGTCGT,0,2365990
mglBp,0.5,1,1,TAGAGCACAAATATGCACTA,0,2319558
mglBp,0.5,1,1,TAGACGTCGTTCCAGCGCAT,0,2360045
mglBp,0.5,1,1,TAGACCTGCAACAGCCGTTC,0,2417075
mglBp,0.5,1,1,TAGACAGGTACGTTCTGTTC,0,2342374
mglBp,0.5,1,1,TAGACACGGGGATCTTACGA,0,2412343
mglBp,0.5,1,1,TAGAAGGTATGGCAGGACTA,0,2323897
mglBp,0.5,1,1,TAGAACTCGGGATTGTGACG,0,2331874
mglBp,0.5,1,1,TAGAACCACGCGTTTAAACT,0,2409990
mglBp,0.5,1,1,TAGAAACTTTCCGACGTAAC,0,2415840
mglBp,0.5,1,1,TACTTTTCAAGTCGGCGTAG,0,2366757
mglBp,0.5,1,1,TACTTTTAAGTGTCTCGGGG,0,2405676
mglBp,0.5,1,1,TACTTACCCTGCAGCAGCCC,0,2405801
mglBp,0.5,1,1,TACTGCCGTACTATAAGAAG,0,2359868
mglBp,0.5,1,1,TACTGCACTCGGCAAATACA,0,2389526
mglBp,0.5,1,1,TACTCTTCGGCTCGCAGAAA,0,2327158
mglBp,0.5,1,1,TACTCTACAGTGTTTCTTCT,0,2402687
mglBp,0.5,1,1,TACTCGGGTGCCGCTGAAAA,0,2421748
mglBp,0.5,1,1,TACTCCTACACCGGATGGCA,0,2360466
mglBp,0.5,1,1,TACTCCCTAATTGCGTGTGT,0,2406701
mglBp,0.5,1,1,TACTCCATTTCGGTTGTATG,0,2373660
mglBp,0.5,1,1,TACTCAAAAAGACAGTATGA,0,2412771
mglBp,0.5,1,1,TACTATTCGTCCCACCCCGG,0,2350320
mglBp,0.5,1,1,TACTAGTAGGTAGGAATGAC,0,2379217
mglBp,0.5,1,1,TACTACTTTCGAGCCGGCGC,0,2414686
mglBp,0.5,1,1,TACTACAAGTCCACTGACGT,0,2384425
mglBp,0.5,1,1,TACGTGTCCCCCAGTCCGAA,0,2322100
mglBp,0.5,1,1,TACGTGGTGAGCGAAGGACA,0,2386215
mglBp,0.5,1,1,TACGTCGCTGGAATGACCGC,0,2366340
mglBp,0.5,1,1,TACGTATCAGGTGTCTCTGT,0,2395531
mglBp,0.5,1,1,TACGTAGTCAGCAGAGTCAA,0,2329197
mglBp,0.5,1,1,TACGTAGCTAGTAAACGCGC,0,2372965
mglBp,0.5,1,1,TACGTACTATCCCCAGCCAT,0,2394117
mglBp,0.5,1,1,TACGTAAAGCAGGAATGGGG,0,2346266
mglBp,0.5,1,1,TACGGTATCACTAATGCCAT,0,2352248
mglBp,0.5,1,1,TACGGGTCACACATCGACTT,0,2411530
mglBp,0.5,1,1,TACGGGTCAACAACTATCCA,0,2380072
mglBp,0.5,1,1,TACGGCGGTGCTCGTAAGCA,0,2379527
mglBp,0.5,1,1,TACGGCCGCACATGCCTATT,0,2353689
mglBp,0.5,1,1,TACGGCAGGTTATCACAAGG,0,2338019
mglBp,0.5,1,1,TACGCTGGGGTGACAGTCGT,0,2412608
mglBp,0.5,1,1,TACGCGACGAAATAACTCTT,0,2361488
mglBp,0.5,1,1,TACGCGACAAAGTGGATGAA,0,2413813
mglBp,0.5,1,1,TACGCCTAAGGGAGTTGCGT,0,2404555
mglBp,0.5,1,1,TACGCCACGCACCAGCCCAC,0,2369337
mglBp,0.5,1,1,TACGCATCCCGTATGTCAAG,0,2379164
mglBp,0.5,1,1,TACGATACGGACGAACTGGA,0,2365371
mglBp,0.5,1,1,TACCTGAAAAGTTCCATCCG,0,2352203
mglBp,0.5,1,1,TACCTATGCAAGTGAATCGC,0,2385020
mglBp,0.5,1,1,TACCTAGTCACGCCAGACCT,0,2354025
mglBp,0.5,1,1,TACCGTCGTGCCGCTCTGAC,0,2364911
mglBp,0.5,1,1,TACCGGTCCAGAAGCAAACT,0,2405885
mglBp,0.5,1,1,TACCGATATGTAGGCCATGC,0,2388260
mglBp,0.5,1,1,TACCGAACCGAGCCTAGTTC,0,2346718
mglBp,0.5,1,1,TACCCGGACACTCTTGATTC,0,2363228
mglBp,0.5,1,1,TACCCGATGTCCAGTTTCAA,0,2414845
mglBp,0.5,1,1,TACCATCTCACTTGGACGAA,0,2351659
mglBp,0.5,1,1,TACCAGTGATAGAGCAAATA,0,2359630
mglBp,0.5,1,1,TACCAGGGCCAGGATCAGTT,0,2404254
mglBp,0.5,1,1,TACCAGCCTTCTTCTGTGTA,0,2331757
mglBp,0.5,1,1,TACCAACCGTATCTATACGG,0,2399613
mglBp,0.5,1,1,TACATTACAGCCTAATTAAT,0,2353539
mglBp,0.5,1,1,TACAGGCTTATCATTATGAA,0,2361643
mglBp,0.5,1,1,TACAGGCGCGCGACGCTTGA,0,2367296
mglBp,0.5,1,1,TACAGGAGCCCTTATAAGGC,0,2384481
mglBp,0.5,1,1,TACAGCAGGAGTTGAAGACC,0,2365657
mglBp,0.5,1,1,TACACCAGTGTAGGAAGCCA,0,2364676
mglBp,0.5,1,1,TACAAAAGGCGATTGCGTTT,0,2391770
mglBp,0.5,1,1,TAATTTATTCAGCTAATGCC,0,2320393
mglBp,0.5,1,1,TAATTGGGGTAGACGGACAG,0,2423573
mglBp,0.5,1,1,TAATTGCATCAGTTGGTTAA,0,2375555
mglBp,0.5,1,1,TAATTATAGACTGAACGGCT,0,2390156
mglBp,0.5,1,1,TAATTAATCAGAATCCAGCG,0,2317229
mglBp,0.5,1,1,TAATGTGAATGAGACTCGAA,0,2415126
mglBp,0.5,1,1,TAATGGGGGGACGGGCATGC,0,2380912
mglBp,0.5,1,1,TAATGCATATATCATCATGC,0,2409321
mglBp,0.5,1,1,TAATCTTTACCGGTAAGATG,0,2375238
mglBp,0.5,1,1,TAATCCTGGTTAGCGTATTG,0,2374577
mglBp,0.5,1,1,TAATCCGTCGATGGGAAGGA,0,2402145
mglBp,0.5,1,1,TAATCCGTAGAAACCAACAC,0,2373048
mglBp,0.5,1,1,TAATAGCTAATCTTTGTCAT,0,2364957
mglBp,0.5,1,1,TAATACCAATGGATAGCATG,0,2332807
mglBp,0.5,1,1,TAATAAGTTAATTTATGCCA,0,2330505
mglBp,0.5,1,1,TAAGTGAAGCCGAATCTTGA,0,2342636
mglBp,0.5,1,1,TAAGGTTGTGAAACTTAGTG,0,2338150
mglBp,0.5,1,1,TAAGGGTGGCCATGCTCCAG,0,2407574
mglBp,0.5,1,1,TAAGGGGAGCCCGCCTCGCT,0,2349974
mglBp,0.5,1,1,TAAGGCTCGTCTTCCGCGTG,0,2391833
mglBp,0.5,1,1,TAAGCTAACAAATTGCTTCA,0,2411372
mglBp,0.5,1,1,TAAGCGTAAAACTGTTCCGC,0,2329979
mglBp,0.5,1,1,TAAGCGCCCTCTCTTGTATG,0,2365831
mglBp,0.5,1,1,TAAGCATAACTCTCTGGTAG,0,2369490
mglBp,0.5,1,1,TAAGCACCCAGTATGGATTA,0,2342454
mglBp,0.5,1,1,TAAGATTCCGCTCGAAACAT,0,2399335
mglBp,0.5,1,1,TAAGATATCTGACACGGAAG,0,2326464
mglBp,0.5,1,1,TAAGAGGCACGTTCGCGGAT,0,2394618
mglBp,0.5,1,1,TAACTTGGGCATGAACAGAT,0,2385136
mglBp,0.5,1,1,TAACTGTGTCAATTGCACCA,0,2363982
mglBp,0.5,1,1,TAACTGGTTGTGACACCTTT,0,2404570
mglBp,0.5,1,1,TAACTGGCCTCCCCTGCATT,0,2369882
mglBp,0.5,1,1,TAACTGGAGTGTTCTTCACG,0,2361267
mglBp,0.5,1,1,TAACTCCAGTGGGTATCCGA,0,2316438
mglBp,0.5,1,1,TAACTACAATTCTACCTACA,0,2338803
mglBp,0.5,1,1,TAACGTGTCTGCACGTACTG,0,2395521
mglBp,0.5,1,1,TAACGTGGGAACTTACGCGC,0,2372516
mglBp,0.5,1,1,TAACGACACACGGTGGCCGG,0,2381020
mglBp,0.5,1,1,TAACCGCTCAAGGAAAAGAG,0,2417909
mglBp,0.5,1,1,TAACCCGGCTGACAGACAAC,0,2353203
mglBp,0.5,1,1,TAACCACTTGTAGGTAGTTG,0,2324714
mglBp,0.5,1,1,TAACCAAGTCTAAGGCACCT,0,2385039
mglBp,0.5,1,1,TAACATGTACTCGACCGTGC,0,2382644
mglBp,0.5,1,1,TAACATATATAATTCGACCC,0,2421038
mglBp,0.5,1,1,TAAATTCGGAGGTGTTAATA,0,2349364
mglBp,0.5,1,1,TAAATGGAGCCAGTCAAGTT,0,2326272
mglBp,0.5,1,1,TAAATGAATCGTGTCCATTA,0,2393306
mglBp,0.5,1,1,TAAATCATGCGAAGGTGAGT,0,2420625
mglBp,0.5,1,1,TAAATAAGACTGCAACGTTC,0,2348855
mglBp,0.5,1,1,TAAAGTTGCGGGTCAGTGGG,0,2394446
mglBp,0.5,1,1,TAAAGTCGCGTCCACCCTTG,0,2398071
mglBp,0.5,1,1,TAAAGTAGTCGTGCGCCGCA,0,2368089
mglBp,0.5,1,1,TAAAGGGAGCCTGCTCTACT,0,2346104
mglBp,0.5,1,1,TAAAGCGTGGGCAGTACGCT,0,2388655
mglBp,0.5,1,1,TAAAGCGGTGCTCGTGGGGA,0,2339861
mglBp,0.5,1,1,TAAAGCGAGTCCCGTTCGAG,0,2360376
mglBp,0.5,1,1,TAAAGAGTGCAGATTTAATA,0,2326583
mglBp,0.5,1,1,TAAACATGTGCCAAGTCATC,0,2325205
mglBp,0.5,1,1,TAAACAGGTTTCGAGTTCAA,0,2390413
mglBp,0.5,1,1,TAAACAGAGAGAAGGGGAAT,0,2409236
mglBp,0.5,1,1,TAAACACCGGTGCATGCGCC,0,2384519
mglBp,0.5,1,1,TAAAAGCGTGTTAAAGATAA,0,2337814
mglBp,0.5,1,1,GTTTTTAACCCGCTGTCCTA,0,2369542
mglBp,0.5,1,1,GTTTTCCTATTTGATTCATA,0,2413723
mglBp,0.5,1,1,GTTTTAGCAGAGATTTCATG,0,2401377
mglBp,0.5,1,1,GTTTTAAGAAACGTACTTAG,0,2363321
mglBp,0.5,1,1,GTTTGTCTATAAATTTTGAG,0,2352390
mglBp,0.5,1,1,GTTTGTCCCTCTTTGTCAAA,0,2414321
mglBp,0.5,1,1,GTTTGGTTATTCTCCGGCAT,0,2355920
mglBp,0.5,1,1,GTTTGCTTCCGGTTATATGA,0,2337562
mglBp,0.5,1,1,GTTTGAGCCAACTACTTGCC,0,2328600
mglBp,0.5,1,1,GTTTGAATGTCTCGCAACGT,0,2363348
mglBp,0.5,1,1,GTTTCTTATTCTCGTTATCT,0,2376233
mglBp,0.5,1,1,GTTTCGTAACTGTATTATGT,0,2359972
mglBp,0.5,1,1,GTTTATCGGATTAGGACAGT,0,2385541
mglBp,0.5,1,1,GTTTAGCGGACCCTGCCCGC,0,2388340
mglBp,0.5,1,1,GTTTAGAGTGAGCACCGAGA,0,2421055
mglBp,0.5,1,1,GTTTAGAAACTTGGCCAGGT,0,2371092
mglBp,0.5,1,1,GTTTACATCAGTATTGCAGG,0,2407846
mglBp,0.5,1,1,GTTGTCGGAAGTCCTTAACA,0,2368797
mglBp,0.5,1,1,GTTGTCCCCGGTGTAGTGCT,0,2328444
mglBp,0.5,1,1,GTTGGTGTGTATGGACGTCG,0,2328651
mglBp,0.5,1,1,GTTGGTGTACTATAGCTAAT,0,2387033
mglBp,0.5,1,1,GTTGGCGTGGTCACATCCTG,0,2351790
mglBp,0.5,1,1,GTTGGCCGAGCTCCACATAC,0,2335721
mglBp,0.5,1,1,GTTGGCATATTTGATGCGGA,0,2412081
mglBp,0.5,1,1,GTTGGATGCCCCTTCAGTAG,0,2410432
mglBp,0.5,1,1,GTTGGAAGGAGTCCTCTCTT,0,2394002
mglBp,0.5,1,1,GTTGCTGTCAGTCATCGATA,0,2355030
mglBp,0.5,1,1,GTTGCTACGACAAGTGCCCG,0,2351572
mglBp,0.5,1,1,GTTGCGCCAGCCCGCGCCTA,0,2400628
mglBp,0.5,1,1,GTTGCGATGTCAAGTTCGCA,0,2356347
mglBp,0.5,1,1,GTTGCCCGATAGCGGGGATC,0,2369897
mglBp,0.5,1,1,GTTGCCAGCAGTGCCATTGG,0,2408771
mglBp,0.5,1,1,GTTGAATGAGGGCTCCGAGC,0,2370474
mglBp,0.5,1,1,GTTCTGTTTAGCTCTTTCCT,0,2326526
mglBp,0.5,1,1,GTTCTCAGCGTATTGATGGG,0,2328607
mglBp,0.5,1,1,GTTCTAGCAAACGTTATGAA,0,2408253
mglBp,0.5,1,1,GTTCGTCAAATGCGGGATTA,0,2341013
mglBp,0.5,1,1,GTTCGAGGGCAAACGCATGT,0,2413726
mglBp,0.5,1,1,GTTCGACGCTAGATTTAGAA,0,2405983
mglBp,0.5,1,1,GTTCGAACTCTCTTGGGCCG,0,2342588
mglBp,0.5,1,1,GTTCCGGGAGTACCGACGCG,0,2379973
mglBp,0.5,1,1,GTTCCCTAGACCGGGGAGAC,0,2401871
mglBp,0.5,1,1,GTTCCAGAAAGGCTGTTACA,0,2410859
mglBp,0.5,1,1,GTTCCACGCCGGATAGAGAC,0,2329494
mglBp,0.5,1,1,GTTCATATTTTAGTGTTTAG,0,2346860
mglBp,0.5,1,1,GTTCATATGCAAATATGCTG,0,2407295
mglBp,0.5,1,1,GTTCAAGTCCTCCATTCATT,0,2400935
mglBp,0.5,1,1,GTTCAAACGACCAGAGAAGG,0,2397734
mglBp,0.5,1,1,GTTATATGTATGTTTATTAT,0,2321323
mglBp,0.5,1,1,GTTATATGGCAGGAGCGATT,0,2368920
mglBp,0.5,1,1,GTTATATAAGGCCTATTACA,0,2336417
mglBp,0.5,1,1,GTTATAAAGGACCCTGCTTC,0,2380808
mglBp,0.5,1,1,GTTAGCCTATTTCTAAGCTT,0,2375255
mglBp,0.5,1,1,GTTACGTTTTTCGGAGTTTA,0,2346998
mglBp,0.5,1,1,GTTACGTTGATCCGCACAAG,0,2346101
mglBp,0.5,1,1,GTTACGGCATAAGAGTCCTC,0,2413529
mglBp,0.5,1,1,GTTACATTGCAGCGCCATAG,0,2319018
mglBp,0.5,1,1,GTTACAGGCCCTTTTATTCA,0,2337611
mglBp,0.5,1,1,GTTACAAATTGGCAGATTGA,0,2382447
mglBp,0.5,1,1,GTTAATCAATCGGTAAGGTG,0,2379994
mglBp,0.5,1,1,GTTAAGTTTGCAAGTTATAT,0,2345816
mglBp,0.5,1,1,GTTAAATCATGCAAATCAAT,0,2396148
mglBp,0.5,1,1,GTGTTTTCGGTGAGCATTTA,0,2394576
mglBp,0.5,1,1,GTGTTGCGAATCTAATGGCT,0,2367452
mglBp,0.5,1,1,GTGTTATGTTATAGAGAAAA,0,2403812
mglBp,0.5,1,1,GTGTGGTGCATTTTCATCAA,0,2391272
mglBp,0.5,1,1,GTGTCTAAATTGCGTGAGCA,0,2369169
mglBp,0.5,1,1,GTGTCGTGAACCGTGGAATC,0,2403383
mglBp,0.5,1,1,GTGTCGCCCACTGATAACGG,0,2383427
mglBp,0.5,1,1,GTGTCAGAGTCATACACCAC,0,2372058
mglBp,0.5,1,1,GTGTCAATTGAGGTGCATTG,0,2346455
mglBp,0.5,1,1,GTGTAATAGATAACTGATGA,0,2381832
mglBp,0.5,1,1,GTGTAACTATGGACGCATCT,0,2421526
mglBp,0.5,1,1,GTGTAAACCTTTTATTATGG,0,2330324
mglBp,0.5,1,1,GTGGTTGACCCAGATAGGAT,0,2340480
mglBp,0.5,1,1,GTGGTGGGCGGGACCAACCA,0,2339693
mglBp,0.5,1,1,GTGGTCTTTGTCTCGACTTA,0,2394889
mglBp,0.5,1,1,GTGGTCCCCGAATCGTGCAT,0,2370330
mglBp,0.5,1,1,GTGGGTGTAGAATGGACGGT,0,2342792
mglBp,0.5,1,1,GTGGGTAGCGAGATCCTACT,0,2394458
mglBp,0.5,1,1,GTGGGGGGCTGATTAGATAC,0,2387341
mglBp,0.5,1,1,GTGGGGCACGGGCATTATGG,0,2350193
mglBp,0.5,1,1,GTGGGGAATGGAATCATGAG,0,2374306
mglBp,0.5,1,1,GTGGGCAATCTAATGGCATT,0,2383889
mglBp,0.5,1,1,GTGGGACAGGTATGCGAGGC,0,2397694
mglBp,0.5,1,1,GTGGGAATCAAATGTATGTT,0,2319800
mglBp,0.5,1,1,GTGGCTTCCGCTCGACTTTA,0,2399979
mglBp,0.5,1,1,GTGGCTCAGCAACTTTGCAC,0,2382010
mglBp,0.5,1,1,GTGGCGAGTTTGATCTAGCA,0,2364595
mglBp,0.5,1,1,GTGGCCCTCCAGCAGGGGTG,0,2325524
mglBp,0.5,1,1,GTGGCAATAATCCGGTACTT,0,2383842
mglBp,0.5,1,1,GTGGATTCAATTTACATTTG,0,2385155
mglBp,0.5,1,1,GTGGATTAGGTTTTAGATCG,0,2332009
mglBp,0.5,1,1,GTGGATCCAAACAGTAAGCA,0,2406046
mglBp,0.5,1,1,GTGGAGGCAGGCACTGGTTA,0,2409180
mglBp,0.5,1,1,GTGGAAAGAGGAGGTAAAAA,0,2318034
mglBp,0.5,1,1,GTGCTTTCACACCGTATGTA,0,2326845
mglBp,0.5,1,1,GTGCTGGTTGGCACTGTAGT,0,2340245
mglBp,0.5,1,1,GTGCTCATAACGCGACGCAT,0,2346342
mglBp,0.5,1,1,GTGCTATCTTAGCCCTCGGA,0,2377450
mglBp,0.5,1,1,GTGCTAGGCATGGGCGGCTG,0,2363329
mglBp,0.5,1,1,GTGCTAAAGACATCGTAAAT,0,2346368
mglBp,0.5,1,1,GTGCGTTTCACTTTGACGAG,0,2371038
mglBp,0.5,1,1,GTGCGTTACATGAGGTCCAC,0,2393705
mglBp,0.5,1,1,GTGCGTGTCGAGTGTTTGGA,0,2328816
mglBp,0.5,1,1,GTGCGTCCGGGCATCCCTTG,0,2416777
mglBp,0.5,1,1,GTGCGTATGCCCACTTTTCG,0,2393965
mglBp,0.5,1,1,GTGCGCCTTAGCACGCAGGT,0,2406116
mglBp,0.5,1,1,GTGCGACGCGCGGACTCATG,0,2377043
mglBp,0.5,1,1,GTGCGAATAACCGCCCCCAC,0,2419046
mglBp,0.5,1,1,GTGCCCTACTTCGTTAAGGA,0,2420251
mglBp,0.5,1,1,GTGCATTGTGATCTTAATCG,0,2347293
mglBp,0.5,1,1,GTGCAACGTCTTCGGTACGG,0,2412626
mglBp,0.5,1,1,GTGCAAAAACTGGCGACTTG,0,2329886
mglBp,0.5,1,1,GTGATGAGGTTCCACCCACC,0,2420005
mglBp,0.5,1,1,GTGATGAGCCGGTAACGAGA,0,2354667
mglBp,0.5,1,1,GTGATAGAGCGTCAGTTTAT,0,2375220
mglBp,0.5,1,1,GTGATACCGCATTGACCTGA,0,2391208
mglBp,0.5,1,1,GTGAGGCTCGGAACAGCTCT,0,2320165
mglBp,0.5,1,1,GTGAGATAGTAGGTCGGCTT,0,2370567
mglBp,0.5,1,1,GTGAGAGTGGCCTCTTTTCG,0,2347469
mglBp,0.5,1,1,GTGACGCGTACGCACGGAAA,0,2406423
mglBp,0.5,1,1,GTGAATCAGGTTCCGTGAAT,0,2380042
mglBp,0.5,1,1,GTGAATAGGGTGCCCCGACG,0,2358753
mglBp,0.5,1,1,GTGAACGGTAGAAAGGTGGA,0,2410944
mglBp,0.5,1,1,GTGAACCGATTAGCGCATTT,0,2368709
mglBp,0.5,1,1,GTGAACCATGCCCCCCCTAC,0,2335474
mglBp,0.5,1,1,GTGAACACCCCTTAGCCGGA,0,2416229
mglBp,0.5,1,1,GTGAAATTGGTTACCGGTAA,0,2392529
mglBp,0.5,1,1,GTCTTTACCGAGGCCAAGCA,0,2419069
mglBp,0.5,1,1,GTCTTGTCGTAGTAGGCTAG,0,2355507
mglBp,0.5,1,1,GTCTTGCTTGGGGACCGCGT,0,2412938
mglBp,0.5,1,1,GTCTTGATCAGGGTTTCGGG,0,2340314
mglBp,0.5,1,1,GTCTGTCACGTGTTTGGGGG,0,2367693
mglBp,0.5,1,1,GTCTGGCCAACTCGACCGGC,0,2331576
mglBp,0.5,1,1,GTCTGCGTAGCTGGTCTGTG,0,2371446
mglBp,0.5,1,1,GTCTCTAGGGCGGTAGGGAA,0,2398916
mglBp,0.5,1,1,GTCTCGGGTAGGGAGTAAAT,0,2328151
mglBp,0.5,1,1,GTCTAGTAGGTAAATGTCTG,0,2361188
mglBp,0.5,1,1,GTCTAGCGGTCACCTCGCAA,0,2322004
mglBp,0.5,1,1,GTCTAAGCCGTTGCTCAGTG,0,2410604
mglBp,0.5,1,1,GTCGTTCATGAACAAAAGCA,0,2339390
mglBp,0.5,1,1,GTCGTGCTTGTAATTATTGT,0,2399930
mglBp,0.5,1,1,GTCGTAAGGCGCTTTTGCCA,0,2407647
mglBp,0.5,1,1,GTCGGTCCGGACACCAAAGT,0,2366536
mglBp,0.5,1,1,GTCGGTCACGTTCCTATCGA,0,2399312
mglBp,0.5,1,1,GTCGCTGTCCTCGGTAGTTT,0,2354580
mglBp,0.5,1,1,GTCGCTGCTATTGTCCATGG,0,2354111
mglBp,0.5,1,1,GTCGCACGACAGGGCTGGTC,0,2345794
mglBp,0.5,1,1,GTCGCACAGCACTACAGCAT,0,2395522
mglBp,0.5,1,1,GTCGATCACCTCTATGTTCA,0,2335206
mglBp,0.5,1,1,GTCGAGAGTGTAATTAGGAC,0,2347655
mglBp,0.5,1,1,GTCCTGCTGTCAAAAAGGTC,0,2410588
mglBp,0.5,1,1,GTCCGTGGCCCTCGGCATTA,0,2386999
mglBp,0.5,1,1,GTCCGCTTGCGAGCTCGTAG,0,2322589
mglBp,0.5,1,1,GTCCGCTATTTTGTGTTACT,0,2383411
mglBp,0.5,1,1,GTCCGATAAGAGTCGTCTAA,0,2329889
mglBp,0.5,1,1,GTCCCTACAGCAATCCGTCA,0,2328338
mglBp,0.5,1,1,GTCCCGTTGACGCTCGATAG,0,2393927
mglBp,0.5,1,1,GTCCCGTTAAGTATCAGTTC,0,2378314
mglBp,0.5,1,1,GTCCCCGTGCTGGGCGGGCG,0,2338788
mglBp,0.5,1,1,GTCCCCATTGTCCCGGTTAG,0,2336004
mglBp,0.5,1,1,GTCCATTGGCGCCTGGTAGT,0,2395780
mglBp,0.5,1,1,GTCCATGTCTTTATAAGGTG,0,2383618
mglBp,0.5,1,1,GTCCATCGTATGTCCGTAAC,0,2395696
mglBp,0.5,1,1,GTCCATCGGAGTCCTGCATA,0,2399405
mglBp,0.5,1,1,GTCCAGGCAAGAGTGTATAT,0,2324273
mglBp,0.5,1,1,GTCATTAGTAATTATGTGTC,0,2333078
mglBp,0.5,1,1,GTCATGTGGAGCAATGTCAC,0,2393755
mglBp,0.5,1,1,GTCATCTTGGAGTACTCTTG,0,2324158
mglBp,0.5,1,1,GTCATCGGGTTAATTAATTA,0,2375378
mglBp,0.5,1,1,GTCATCGCTACCAACCGAAA,0,2340121
mglBp,0.5,1,1,GTCATCGAATGCTTTTAGCG,0,2368457
mglBp,0.5,1,1,GTCATAGCAGGGATTGAGCG,0,2369700
mglBp,0.5,1,1,GTCAGTGAGCATTGTCTCCA,0,2349069
mglBp,0.5,1,1,GTCAGTACACTGGTACTTGG,0,2336948
mglBp,0.5,1,1,GTCAGGCGCCCTAAATTCCT,0,2419288
mglBp,0.5,1,1,GTCAGCTCCGCCGGTCATTG,0,2380832
mglBp,0.5,1,1,GTCAGCACGACTATCGTAGT,0,2416078
mglBp,0.5,1,1,GTCAGAGGATGCTCAGTGCA,0,2407188
mglBp,0.5,1,1,GTCACGACCTTAACGTGTCT,0,2394813
mglBp,0.5,1,1,GTCACAGTGTAAGTGCGGTC,0,2400723
mglBp,0.5,1,1,GTCACAACGGGTATCACTCA,0,2412135
mglBp,0.5,1,1,GTCAATTTGACTACATTAAT,0,2419404
mglBp,0.5,1,1,GTCAATCATTTCCGGAGGTC,0,2392468
mglBp,0.5,1,1,GTCAATAGGCGATATCTAAA,0,2346839
mglBp,0.5,1,1,GTCAAGAGTGATCTGTGCGC,0,2408425
mglBp,0.5,1,1,GTATTTGGTCAATTGTGGCC,0,2335355
mglBp,0.5,1,1,GTATTTACATTCCTTAGTCA,0,2364241
mglBp,0.5,1,1,GTATTGTCTTCTGTATAGCA,0,2365314
mglBp,0.5,1,1,GTATTCGCCAAGGCAAACTT,0,2357352
mglBp,0.5,1,1,GTATTATCTTCGATGTAATC,0,2341108
mglBp,0.5,1,1,GTATCGGCGCCCAATTCATG,0,2359785
mglBp,0.5,1,1,GTATCGAGACAATAACCGCT,0,2372216
mglBp,0.5,1,1,GTATCCCTAGCGGGTAAGTA,0,2391096
mglBp,0.5,1,1,GTATCCATACGGTACGGCCT,0,2365989
mglBp,0.5,1,1,GTATCACTCCTTAGCGGTCT,0,2319318
mglBp,0.5,1,1,GTATATGTAATATTCGCATA,0,2391767
mglBp,0.5,1,1,GTATATCTCCCAGTGACCCC,0,2408648
mglBp,0.5,1,1,GTATAGTAAGGAGGCGGCGT,0,2407917
mglBp,0.5,1,1,GTATAGGTCGTACATCTCTA,0,2362071
mglBp,0.5,1,1,GTATAATAGGCGATAGGGAG,0,2350803
mglBp,0.5,1,1,GTAGTCCAAAAGGTGGCTCC,0,2415810
mglBp,0.5,1,1,GTAGTCATTATGGTGTGTAG,0,2415507
mglBp,0.5,1,1,GTAGGTGACCCAGAAGCTAA,0,2397267
mglBp,0.5,1,1,GTAGGCGCACTACGGTGTAC,0,2344662
mglBp,0.5,1,1,GTAGGCCATAGGCTAGGCAA,0,2323009
mglBp,0.5,1,1,GTAGGATCCGGAGTCATGGC,0,2360475
mglBp,0.5,1,1,GTAGCGACTGAGGTCATCGA,0,2342685
mglBp,0.5,1,1,GTAGCGAAATACTGCAGCGG,0,2407098
mglBp,0.5,1,1,GTAGCAACTGTGTGCTGTTT,0,2338068
mglBp,0.5,1,1,GTAGAGTAGTACAAACGCGG,0,2363788
mglBp,0.5,1,1,GTAGAATTACAATTTCCCTG,0,2317373
mglBp,0.5,1,1,GTAGAAGTCCGGTTCGCTAA,0,2370475
mglBp,0.5,1,1,GTACTTGACTCTTTGGGCTT,0,2338429
mglBp,0.5,1,1,GTACTTCGTCAACCTAGTCC,0,2407713
mglBp,0.5,1,1,GTACTTCATAGGCAGCAGTA,0,2417384
mglBp,0.5,1,1,GTACTGCGTTTCCTGTCTAG,0,2337164
mglBp,0.5,1,1,GTACTGACTGATATTCGGCC,0,2338790
mglBp,0.5,1,1,GTACTAGGGCTCCTGCTCAT,0,2330301
mglBp,0.5,1,1,GTACTACGTGTAAAGCGTTT,0,2423369
mglBp,0.5,1,1,GTACGTCTGCCTGTGCTGAG,0,2356182
mglBp,0.5,1,1,GTACGAGCAATCTGTGAGCA,0,2339867
mglBp,0.5,1,1,GTACGAACACTCTAGAGTCA,0,2348980
mglBp,0.5,1,1,GTACCTACTTTCGCACCCTA,0,2394820
mglBp,0.5,1,1,GTACCGCTTCTACTGTAAAC,0,2398573
mglBp,0.5,1,1,GTACATTGACGCACTTCTTG,0,2403356
mglBp,0.5,1,1,GTACAGCTCGCGATATTCAT,0,2357034
mglBp,0.5,1,1,GTAATTGTTTGTCGTCCGGC,0,2423754
mglBp,0.5,1,1,GTAATTCTACATCTGGCCCA,0,2369254
mglBp,0.5,1,1,GTAATGGGCTAGAGAGACCC,0,2332392
mglBp,0.5,1,1,GTAATGAGAATGCGACCTCC,0,2423332
mglBp,0.5,1,1,GTAATCTTTGTAAAATCAAA,0,2381935
mglBp,0.5,1,1,GTAATCTACAAGCGGGTATA,0,2355333
mglBp,0.5,1,1,GTAATCGAGTATAAACCATA,0,2334888
mglBp,0.5,1,1,GTAATAGCCGTCTGTACGTG,0,2378879
mglBp,0.5,1,1,GTAAGTCGAAATGCCCGGGG,0,2342487
mglBp,0.5,1,1,GTAAGGGGCTTTCTAAAGGG,0,2342615
mglBp,0.5,1,1,GTAAGATGGGAACGAAAAAT,0,2383640
mglBp,0.5,1,1,GTAAGAGGGAAAAGGGTCGG,0,2403194
mglBp,0.5,1,1,GTAACCGTCAGCATAGCGCT,0,2396468
mglBp,0.5,1,1,GTAACAACCCTGTTGATCTA,0,2409337
mglBp,0.5,1,1,GTAAAGGGGCCGCATATGGA,0,2339170
mglBp,0.5,1,1,GTAAACTCCCGAAGTGTGCA,0,2378185
mglBp,0.5,1,1,GTAAACTATGTGTCGCTAGT,0,2372952
mglBp,0.5,1,1,GGTTTTCTCATAACTTCCCT,0,2322342
mglBp,0.5,1,1,GGTTTGCCAGGATCAGGTTT,0,2350748
mglBp,0.5,1,1,GGTTTCCCGATTGTGGTCGC,0,2381577
mglBp,0.5,1,1,GGTTTAGAATCGGCATAACT,0,2324034
mglBp,0.5,1,1,GGTTGTACCAGCATGGTGTG,0,2316583
mglBp,0.5,1,1,GGTTGAAGTCTCACACCCCC,0,2339488
mglBp,0.5,1,1,GGTTCGTATCCGGACAGGTC,0,2320782
mglBp,0.5,1,1,GGTTCGAAGAATTCGTCAAG,0,2316843
mglBp,0.5,1,1,GGTTCCTTTCGACCGCGGAC,0,2412308
mglBp,0.5,1,1,GGTTCCTTCGACCTCGTACC,0,2347070
mglBp,0.5,1,1,GGTTCATTACCCACCTACCT,0,2390535
mglBp,0.5,1,1,GGTTCAGGCGTAGGGCTTGT,0,2397804
mglBp,0.5,1,1,GGTTATCTAGTGACGCGACA,0,2358750
mglBp,0.5,1,1,GGTTAGAACTGTTCCACAGT,0,2351591
mglBp,0.5,1,1,GGTTACGGTCATGTCCTGTA,0,2357532
mglBp,0.5,1,1,GGTTAATAATTCTCAATTAC,0,2353889
mglBp,0.5,1,1,GGTGTTAGATTACGCTATCT,0,2339407
mglBp,0.5,1,1,GGTGTGGATTATTGGGTTCA,0,2322516
mglBp,0.5,1,1,GGTGTGAATACTGGGCATTA,0,2422609
mglBp,0.5,1,1,GGTGTCTGCCAAAGCCTCGT,0,2380296
mglBp,0.5,1,1,GGTGTCTCGGGCCAGGCACG,0,2388681
mglBp,0.5,1,1,GGTGGGTTTGTCCCTTGGCG,0,2367067
mglBp,0.5,1,1,GGTGGGATGAATTCCTTACA,0,2364630
mglBp,0.5,1,1,GGTGGCTGCCTTGTCATCTA,0,2399852
mglBp,0.5,1,1,GGTGGAAAATCTCCTTCGCA,0,2397667
mglBp,0.5,1,1,GGTGCTAATCCCAGCCGATC,0,2382662
mglBp,0.5,1,1,GGTGCGCCCGGTGACAGGGT,0,2387711
mglBp,0.5,1,1,GGTGCCGTGGGGCTTGGATA,0,2384193
mglBp,0.5,1,1,GGTGCCCCAACTCTGGGGTA,0,2417649
mglBp,0.5,1,1,GGTGCAACCGACTACATTAA,0,2406292
mglBp,0.5,1,1,GGTGATTCCGCGCCGAGAGC,0,2321732
mglBp,0.5,1,1,GGTGAGCGGGACATACGGCT,0,2408498
mglBp,0.5,1,1,GGTGAAGTACTCGTTCGCGC,0,2333095
mglBp,0.5,1,1,GGTGAAGAAGCAGTTCCCCT,0,2391747
mglBp,0.5,1,1,GGTGAACTTGTTATGCAAGA,0,2416256
mglBp,0.5,1,1,GGTCTTCAGTAGTCATTATC,0,2401442
mglBp,0.5,1,1,GGTCTCTCAACGGCAAGACG,0,2332489
mglBp,0.5,1,1,GGTCGTAGAGATCCCGCGCT,0,2397595
mglBp,0.5,1,1,GGTCGTACTTATTATACCGT,0,2326320
mglBp,0.5,1,1,GGTCGGAGGACACATATCGT,0,2409297
mglBp,0.5,1,1,GGTCGCCAGGGCCCAGGAGA,0,2329755
mglBp,0.5,1,1,GGTCGAGACTTGATGATTAG,0,2321005
mglBp,0.5,1,1,GGTCCTGCCGCGGTGGTCAA,0,2398398
mglBp,0.5,1,1,GGTCCTCGAAAAATAGCATT,0,2406463
mglBp,0.5,1,1,GGTCCGTCCTAGGCGTGAGA,0,2371025
mglBp,0.5,1,1,GGTCCGTCAGATTAGTGTAA,0,2347705
mglBp,0.5,1,1,GGTCCGCCCTTTCCTTCGAA,0,2323331
mglBp,0.5,1,1,GGTCCCTTTCTAGTTTTTGT,0,2321255
mglBp,0.5,1,1,GGTCCCTGAAGGTAGTACGG,0,2417896
mglBp,0.5,1,1,GGTCCCGGTATCGTATTCAG,0,2339759
mglBp,0.5,1,1,GGTCCACGCTTATACATCGC,0,2388670
mglBp,0.5,1,1,GGTCATCCCGGTGGGATTGT,0,2373303
mglBp,0.5,1,1,GGTCACATGTATGTGAGAGT,0,2329207
mglBp,0.5,1,1,GGTCAACACAGACTCGAATA,0,2362851
mglBp,0.5,1,1,GGTCAAACGTTTCTTCCCTG,0,2347883
mglBp,0.5,1,1,GGTCAAACGGGTCTTGGAAA,0,2365447
mglBp,0.5,1,1,GGTATTTCTCCATTTGGTCA,0,2343963
mglBp,0.5,1,1,GGTATTAAGTGGGGGGTGTG,0,2389775
mglBp,0.5,1,1,GGTATCGGCACGAAGGGCGA,0,2383894
mglBp,0.5,1,1,GGTATATATTCTCCTTTACA,0,2321260
mglBp,0.5,1,1,GGTATAGCGTTCTGCACTGA,0,2342540
mglBp,0.5,1,1,GGTAGTGTTTTTTCTGCTAC,0,2366566
mglBp,0.5,1,1,GGTAGCCGCTCTGCATTCGC,0,2409628
mglBp,0.5,1,1,GGTAGATAGCTACGTTTCGG,0,2331585
mglBp,0.5,1,1,GGTACGATCCTGTTGAGATG,0,2355426
mglBp,0.5,1,1,GGTACGACCGGAACCAGCTA,0,2376700
mglBp,0.5,1,1,GGTACCACCTTATCAGGGGA,0,2406033
mglBp,0.5,1,1,GGTAAGGAATCTTGAACGTA,0,2357498
mglBp,0.5,1,1,GGTAAGATACTGGGGACGAC,0,2322968
mglBp,0.5,1,1,GGTAACAGGGGGTCAATAAC,0,2329887
mglBp,0.5,1,1,GGGTTGTGACCGGCGACGTA,0,2388075
mglBp,0.5,1,1,GGGTTGGTATAACAACCCGG,0,2322217
mglBp,0.5,1,1,GGGTTGGCCAAATTTGAGGA,0,2348364
mglBp,0.5,1,1,GGGTGTGGAGGGCCACAGAT,0,2364099
mglBp,0.5,1,1,GGGTGGGGAAGGGAGTTTTG,0,2333396
mglBp,0.5,1,1,GGGTGGAGTACTACCTTAGT,0,2339037
mglBp,0.5,1,1,GGGTGACGCGTGGTCACGGG,0,2351956
mglBp,0.5,1,1,GGGTGAAGCGATCGACACTT,0,2369663
mglBp,0.5,1,1,GGGTCTACCCCTTCGGGCGC,0,2388631
mglBp,0.5,1,1,GGGTCGGGACTTCCAATACA,0,2385956
mglBp,0.5,1,1,GGGTCGCGGCCAGAGTAATC,0,2330187
mglBp,0.5,1,1,GGGTCCGCACGGGTTCGCAA,0,2416094
mglBp,0.5,1,1,GGGTCATTTTCTTTCACGGA,0,2329907
mglBp,0.5,1,1,GGGTCAGGCCTGCCGTTTCC,0,2397161
mglBp,0.5,1,1,GGGTCAGGAGGGTAACGGTT,0,2415109
mglBp,0.5,1,1,GGGTCAGCGGGGGTTTAAAC,0,2345626
mglBp,0.5,1,1,GGGTCAGAACTTCTCAGTCA,0,2329498
mglBp,0.5,1,1,GGGTCAACTGCGGTACTATA,0,2371395
mglBp,0.5,1,1,GGGTATGACCTATCACTCCT,0,2339796
mglBp,0.5,1,1,GGGTATACAGCTTAAATAGC,0,2324716
mglBp,0.5,1,1,GGGTACAGGCTCTTAGATCC,0,2385487
mglBp,0.5,1,1,GGGGTTGGTTCGCTAGAGTA,0,2408789
mglBp,0.5,1,1,GGGGTTCTAGCTCATTTCAC,0,2364159
mglBp,0.5,1,1,GGGGTGTGGTAAACCCACAA,0,2379414
mglBp,0.5,1,1,GGGGTGTCGTAGTAACACCA,0,2362042
mglBp,0.5,1,1,GGGGTGCGATATAGGGCTCC,0,2368182
mglBp,0.5,1,1,GGGGTCGCTGGAGCGGAACG,0,2382646
mglBp,0.5,1,1,GGGGTAATGCTGTAACTCTG,0,2354462
mglBp,0.5,1,1,GGGGGTGCGTTATTGATTGG,0,2317579
mglBp,0.5,1,1,GGGGGTCTCCAATAATGGTA,0,2407195
mglBp,0.5,1,1,GGGGGCCATCGGTACTGCTC,0,2342955
mglBp,0.5,1,1,GGGGGAAATGAGTGGTAAAT,0,2390652
mglBp,0.5,1,1,GGGGCTGTTCGGCAAACTGC,0,2320400
mglBp,0.5,1,1,GGGGCTCTCTTTTCACTTTT,0,2326622
mglBp,0.5,1,1,GGGGCCGGTTTTCGATGTAG,0,2339537
mglBp,0.5,1,1,GGGGCCAGTTTACCGGTAGG,0,2422013
mglBp,0.5,1,1,GGGGCATTGGACTGTACTTT,0,2382975
mglBp,0.5,1,1,GGGGAGGGAAAGGCTGACAC,0,2321759
mglBp,0.5,1,1,GGGGACTCCCCTGCTAGTAG,0,2401810
mglBp,0.5,1,1,GGGGACGCACGATCCCCGGA,0,2346061
mglBp,0.5,1,1,GGGGAAGCTCGGAGCACCAT,0,2371103
mglBp,0.5,1,1,GGGGAACTTCTGTGCCTAAG,0,2325813
mglBp,0.5,1,1,GGGCTTCGCAAAAGGCTGAG,0,2419948
mglBp,0.5,1,1,GGGCTGGCCGTAGCAGCTAT,0,2371524
mglBp,0.5,1,1,GGGCTGCTGGTGTAACAGTT,0,2348342
mglBp,0.5,1,1,GGGCTGCCTCACTTGGCCTA,0,2316500
mglBp,0.5,1,1,GGGCTCTAAGTTTGGTTCTG,0,2338294
mglBp,0.5,1,1,GGGCTCATACCAAGCCTGGT,0,2383636
mglBp,0.5,1,1,GGGCTACCTATGCATCGTTT,0,2368834
mglBp,0.5,1,1,GGGCGTAGCCGAGGCCAGGG,0,2389594
mglBp,0.5,1,1,GGGCGGGATGAACTGAAGAG,0,2390736
mglBp,0.5,1,1,GGGCCTCAGTCCGTGTCCTC,0,2384662
mglBp,0.5,1,1,GGGCATTGGCCCAAGTAGTC,0,2365546
mglBp,0.5,1,1,GGGCAGGTACCAGCCTTACT,0,2317241
mglBp,0.5,1,1,GGGCACGACAGCGATTAGGT,0,2392013
mglBp,0.5,1,1,GGGCACCGACCGAGTCGGGT,0,2374505
mglBp,0.5,1,1,GGGATTTGACGAAGTGCGAG,0,2374777
mglBp,0.5,1,1,GGGATGCGCAACTTCAAGGC,0,2324474
mglBp,0.5,1,1,GGGATGCCTGGCGTGGCCAA,0,2369451
mglBp,0.5,1,1,GGGATGAATAGGTCTGGTGT,0,2359221
mglBp,0.5,1,1,GGGATATCGGACTGTATCAC,0,2342921
mglBp,0.5,1,1,GGGATAGCCAATTGACTTTT,0,2327613
mglBp,0.5,1,1,GGGAGGGCAAAGAAACGACT,0,2389382
mglBp,0.5,1,1,GGGAGGCGTTGTTCCTGAAC,0,2355201
mglBp,0.5,1,1,GGGAGGCCATGTATCGAGTA,0,2329137
mglBp,0.5,1,1,GGGACTTCATAAGTTGTTTG,0,2343571
mglBp,0.5,1,1,GGGACTAACCATTTTAAAAT,0,2418929
mglBp,0.5,1,1,GGGACGGCTGCTAACGATAC,0,2361200
mglBp,0.5,1,1,GGGACCGAGAATTAGCAGAC,0,2367169
mglBp,0.5,1,1,GGGACCCGCATTATTGACCT,0,2398130
mglBp,0.5,1,1,GGGACACGAGACCAGGAGGT,0,2342897
mglBp,0.5,1,1,GGGAATTAGTGGATGTTTCC,0,2392319
mglBp,0.5,1,1,GGGAACCGGTCAGACGTTGA,0,2382178
mglBp,0.5,1,1,GGGAAATGCCCGACACTCCG,0,2321476
mglBp,0.5,1,1,GGGAAAGCGCTTGTTACTGA,0,2378255
mglBp,0.5,1,1,GGGAAAACTTCCCTCACAAT,0,2355207
mglBp,0.5,1,1,GGCTTGCATTGGGGCTGCTG,0,2344576
mglBp,0.5,1,1,GGCTTGATCAGCTTATACTC,0,2392480
mglBp,0.5,1,1,GGCTTCCATTGATAATCAGT,0,2359308
mglBp,0.5,1,1,GGCTTCCACAAGTCGAGTGA,0,2353751
mglBp,0.5,1,1,GGCTTATGCAGGACAATCAA,0,2344057
mglBp,0.5,1,1,GGCTGGTTGCTTACGAGACA,0,2355594
mglBp,0.5,1,1,GGCTGCAGTCATGAGTTATA,0,2414755
mglBp,0.5,1,1,GGCTCTTAGTAGTCCGAATT,0,2354149
mglBp,0.5,1,1,GGCTCTCGGGGGCACCTAAC,0,2384421
mglBp,0.5,1,1,GGCTCGTACAGTATACGGCA,0,2356499
mglBp,0.5,1,1,GGCTCGGAGGGGCCGTACAC,0,2411374
mglBp,0.5,1,1,GGCTCGAGGTGGGGTAATGT,0,2338629
mglBp,0.5,1,1,GGCTCCTGTGAGGACAGCGG,0,2387404
mglBp,0.5,1,1,GGCTCCAGGGTCAACTGCAT,0,2391274
mglBp,0.5,1,1,GGCGTGGCACACCGTATTTA,0,2395999
mglBp,0.5,1,1,GGCGTGACGAGCGACGGCTT,0,2410767
mglBp,0.5,1,1,GGCGTCACACTCATCTAGGA,0,2343012
mglBp,0.5,1,1,GGCGTAGCTGTAGAATTCAC,0,2357013
mglBp,0.5,1,1,GGCGGTTGAACACTGAAATG,0,2356708
mglBp,0.5,1,1,GGCGCTGTGCGGCCCTATAT,0,2383860
mglBp,0.5,1,1,GGCGCTCGAGACACATATTG,0,2366103
mglBp,0.5,1,1,GGCGCCGGCATTAGTCACAA,0,2363987
mglBp,0.5,1,1,GGCGCATCGAACTGGCGTGC,0,2369551
mglBp,0.5,1,1,GGCGCAAAGAGTTCGTACAG,0,2343219
mglBp,0.5,1,1,GGCGAAGCTTCGCCGACTAC,0,2372343
mglBp,0.5,1,1,GGCGAAGATCCATTGTAGCC,0,2421088
mglBp,0.5,1,1,GGCCTTTACAATTCCTGCAG,0,2423527
mglBp,0.5,1,1,GGCCTTAGGTTATCGTCTTT,0,2401400
mglBp,0.5,1,1,GGCCTATAGCGGCAATGTCT,0,2396090
mglBp,0.5,1,1,GGCCGATGGCAACCAAAGTC,0,2408962
mglBp,0.5,1,1,GGCCGAGATCGTAAAGAGTC,0,2322542
mglBp,0.5,1,1,GGCCCTAGCTTTTTAATCAT,0,2352778
mglBp,0.5,1,1,GGCCCTACGCACTGTAACCC,0,2353572
mglBp,0.5,1,1,GGCCCGTCTCACTCGCCCGA,0,2325949
mglBp,0.5,1,1,GGCCCAAGTGCTATGCAGGA,0,2422368
mglBp,0.5,1,1,GGCCCAACGTGCCCAGCGTA,0,2406645
mglBp,0.5,1,1,GGCCATTCCCTAAACATCGC,0,2354602
mglBp,0.5,1,1,GGCCATGCACGTCAGCCGCG,0,2390830
mglBp,0.5,1,1,GGCCAGATTCCTCAGAGCAG,0,2324657
mglBp,0.5,1,1,GGCCAAGATTTGAAAAGAAG,0,2331668
mglBp,0.5,1,1,GGCATGTGACCGATCGACTT,0,2316496
mglBp,0.5,1,1,GGCAGGGTGTCAAAGGAGGT,0,2406718
mglBp,0.5,1,1,GGCAGATCGGATAGCCATGG,0,2418360
mglBp,0.5,1,1,GGCACATCCGATTCGAAATT,0,2417534
mglBp,0.5,1,1,GGCAATACTGAACCAACAAG,0,2415359
mglBp,0.5,1,1,GGCAATACGGATAGAGGGCA,0,2397373
mglBp,0.5,1,1,GGCAACTCACGCATCTCCGA,0,2392407
mglBp,0.5,1,1,GGCAAACTCATCTCAGAGTG,0,2409374
mglBp,0.5,1,1,GGATTGTCTTTCGGGGTAAG,0,2377303
mglBp,0.5,1,1,GGATTCAGGGAGCGGATAAA,0,2371421
mglBp,0.5,1,1,GGATTATCCACTTCACCGTT,0,2383455
mglBp,0.5,1,1,GGATGTGACCAGTAAGCCCC,0,2338811
mglBp,0.5,1,1,GGATGGTATTGTCCATCGTG,0,2411045
mglBp,0.5,1,1,GGATGCTTAGCTACAACCGG,0,2394311
mglBp,0.5,1,1,GGATGCCAAACAATAAAACA,0,2332622
mglBp,0.5,1,1,GGATGAGAACAAATATCTGG,0,2391764
mglBp,0.5,1,1,GGATCAGAGTGTTAATGAGG,0,2331714
mglBp,0.5,1,1,GGATCACTATGGAGGGATGA,0,2374580
mglBp,0.5,1,1,GGATACCATTAATGTCAACC,0,2330405
mglBp,0.5,1,1,GGATACATAATATGAAATCA,0,2381666
mglBp,0.5,1,1,GGATAATAGAGCGACTCGCA,0,2417012
mglBp,0.5,1,1,GGAGTCATAAACCTCGGGAG,0,2371339
mglBp,0.5,1,1,GGAGGTTTGCAGCTGCGTGG,0,2396202
mglBp,0.5,1,1,GGAGGTGCGTCGAATAAGTT,0,2397212
mglBp,0.5,1,1,GGAGGGTGCATGCCGCAGCG,0,2321500
mglBp,0.5,1,1,GGAGGGCACAACTGAGGAGG,0,2328789
mglBp,0.5,1,1,GGAGGCTATTGCCGCCATTA,0,2418706
mglBp,0.5,1,1,GGAGGCCTTTGGCTACGGGA,0,2317860
mglBp,0.5,1,1,GGAGGCCGAGTGACCCCAAA,0,2386739
mglBp,0.5,1,1,GGAGCTCGTGTCGGGTGATT,0,2385209
mglBp,0.5,1,1,GGAGCTCGGTACGGAGTGGT,0,2370920
mglBp,0.5,1,1,GGAGCGATAATCTCCCGGGA,0,2392956
mglBp,0.5,1,1,GGAGCCTGTATTTGGCTATT,0,2324035
mglBp,0.5,1,1,GGAGCCTAAGGTTCATGTAT,0,2376281
mglBp,0.5,1,1,GGAGCCCTCTCCAATGTGCG,0,2370095
mglBp,0.5,1,1,GGAGATGGTGGCGGTCAACG,0,2335001
mglBp,0.5,1,1,GGAGATAACCCCTGTACCAT,0,2338964
mglBp,0.5,1,1,GGAGACCGAGGTAGCGTTGG,0,2416030
mglBp,0.5,1,1,GGAGACAATAACCCTAACCC,0,2367165
mglBp,0.5,1,1,GGAGAATCCGACGCGCTGCG,0,2320692
mglBp,0.5,1,1,GGACTCGGTGTTGATTTCGG,0,2413785
mglBp,0.5,1,1,GGACTATGCCCCACAGGTGG,0,2409067
mglBp,0.5,1,1,GGACGGTGCCTGCTCTTCAT,0,2361181
mglBp,0.5,1,1,GGACGCAGGGATAGGGGAAC,0,2338111
mglBp,0.5,1,1,GGACCTGCCGGCTGAAAAAT,0,2418785
mglBp,0.5,1,1,GGACCCACATCTTCTATAGA,0,2324540
mglBp,0.5,1,1,GGACAGCCACCCTCTGTTGG,0,2336397
mglBp,0.5,1,1,GGACACCGGCACGGACTCGA,0,2326052
mglBp,0.5,1,1,GGACACCCAACGATTTGTAT,0,2372949
mglBp,0.5,1,1,GGACAAACCTAATGGTCGCT,0,2371303
mglBp,0.5,1,1,GGAATTTACTACCTGTCAGT,0,2342589
mglBp,0.5,1,1,GGAATTCACGGTTAAAATGT,0,2362760
mglBp,0.5,1,1,GGAATGCAGACGATAACTTC,0,2384695
mglBp,0.5,1,1,GGAATATATCGTGTCTTTGA,0,2347612
mglBp,0.5,1,1,GGAATATAAACTGTTTACGC,0,2322615
mglBp,0.5,1,1,GGAACGGCGAAAATGGAGGT,0,2342578
mglBp,0.5,1,1,GGAACCCGGTGATCGGGGAC,0,2399772
mglBp,0.5,1,1,GGAACCCCATGCGTATGAGT,0,2378418
mglBp,0.5,1,1,GGAAAAAAAGTGTTGACCTC,0,2388200
mglBp,0.5,1,1,GCTTTTGGCACATTGGTGCT,0,2374156
mglBp,0.5,1,1,GCTTTTCACGTTACCTATAA,0,2384558
mglBp,0.5,1,1,GCTTTGTAAGTCTGCCTAGT,0,2403495
mglBp,0.5,1,1,GCTTTGCATGGTCCTGAGTG,0,2321132
mglBp,0.5,1,1,GCTTTCTGGGTATACATATG,0,2363553
mglBp,0.5,1,1,GCTTTCGTACTAACGCCCGA,0,2404152
mglBp,0.5,1,1,GCTTTATCCACCCATTGGTC,0,2361182
mglBp,0.5,1,1,GCTTGTAAACGGTTCATTAA,0,2414749
mglBp,0.5,1,1,GCTTGGGTCGTGAGGTCCTT,0,2356461
mglBp,0.5,1,1,GCTTGGCATAGGTACGTATA,0,2372471
mglBp,0.5,1,1,GCTTGGCAATGTGCGGGGTG,0,2391873
mglBp,0.5,1,1,GCTTATTATTATTCTCCCCA,0,2385717
mglBp,0.5,1,1,GCTTAGGTGCCCCTGTACGG,0,2380943
mglBp,0.5,1,1,GCTTAGGTCGTGTATGCCGA,0,2336883
mglBp,0.5,1,1,GCTTAGCATGCATAGGTGGA,0,2356626
mglBp,0.5,1,1,GCTTACGGTATGTAAGTCCT,0,2349898
mglBp,0.5,1,1,GCTTAACCAGTCCTGTCGTG,0,2326118
mglBp,0.5,1,1,GCTTAAAGCATCCTTCTGTA,0,2387903
mglBp,0.5,1,1,GCTGTGGGGGATGAAACTTG,0,2417819
mglBp,0.5,1,1,GCTGTGCCGTGCAACTGTGC,0,2359530
mglBp,0.5,1,1,GCTGTCCATTTGGGCGTGAC,0,2393909
mglBp,0.5,1,1,GCTGTCATGTCATTTTGGCC,0,2390042
mglBp,0.5,1,1,GCTGTATGGAGCGATGCCGG,0,2344497
mglBp,0.5,1,1,GCTGTAGTATAGTACTCTCT,0,2355301
mglBp,0.5,1,1,GCTGGACTGGAACTTCACAC,0,2338433
mglBp,0.5,1,1,GCTGCTGGCCGTTGAAATCT,0,2340115
mglBp,0.5,1,1,GCTGCGTCACCGAGCCGCGG,0,2357677
mglBp,0.5,1,1,GCTGCCTAGTTGGACTTGGT,0,2360366
mglBp,0.5,1,1,GCTGCACACTTATGTGATCG,0,2397661
mglBp,0.5,1,1,GCTGCAACGATAGTCTATGA,0,2385312
mglBp,0.5,1,1,GCTGATTTTGCTTTGTTCCA,0,2356224
mglBp,0.5,1,1,GCTGATCCATCGAGTCATCC,0,2332052
mglBp,0.5,1,1,GCTGATATATCCTGGGAAGG,0,2416862
mglBp,0.5,1,1,GCTGAGAATCGTTTTGGGGC,0,2325310
mglBp,0.5,1,1,GCTGACACGCGTACTAACCA,0,2333790
mglBp,0.5,1,1,GCTGACAACGTTCTCGACTT,0,2380309
mglBp,0.5,1,1,GCTCTTACGTAATCGTCGAT,0,2418263
mglBp,0.5,1,1,GCTCTTACAAGGAGGGTGTA,0,2329151
mglBp,0.5,1,1,GCTCTGGTAGGATGTGAGCC,0,2331372
mglBp,0.5,1,1,GCTCTCACGGAGGTCTAACC,0,2324424
mglBp,0.5,1,1,GCTCTAAACTAGATTAGTTT,0,2375075
mglBp,0.5,1,1,GCTCGTTGGTAGATCAGGCG,0,2341524
mglBp,0.5,1,1,GCTCGTGTCCACTATGCGAA,0,2383778
mglBp,0.5,1,1,GCTCGGTGGCCGACCGCGAA,0,2419866
mglBp,0.5,1,1,GCTCGGCATTTCACCTCAGT,0,2381808
mglBp,0.5,1,1,GCTCGCTCGGAGCACTTAAC,0,2413895
mglBp,0.5,1,1,GCTCCTCTGGGGCCTCATCA,0,2356163
mglBp,0.5,1,1,GCTCCGCGTGAGGCATATAT,0,2324036
mglBp,0.5,1,1,GCTCCATAACGGTCGTTGCC,0,2415496
mglBp,0.5,1,1,GCTCATCGCTCGACATCACA,0,2318696
mglBp,0.5,1,1,GCTCAGCTCTGTCTGAAATT,0,2401707
mglBp,0.5,1,1,GCTCAGCCAAAGTCTATATT,0,2326458
mglBp,0.5,1,1,GCTCAAGTTACTTTTGGACG,0,2389593
mglBp,0.5,1,1,GCTATTTTAGACAGGCTTGC,0,2379252
mglBp,0.5,1,1,GCTATCCACGGATGTAGATG,0,2407314
mglBp,0.5,1,1,GCTATCAATCTGTAAACTCG,0,2368584
mglBp,0.5,1,1,GCTATAGGCCCCAACCCAGG,0,2322698
mglBp,0.5,1,1,GCTAGGCGATCAAAGGTTTG,0,2320298
mglBp,0.5,1,1,GCTAGCAATGTTGCGGATCA,0,2349682
mglBp,0.5,1,1,GCTAATTTTACAGGACGCAA,0,2396465
mglBp,0.5,1,1,GCTAATTGACAATAGGTCGC,0,2421074
mglBp,0.5,1,1,GCTAAATCCGCCCTTAGATA,0,2325817
mglBp,0.5,1,1,GCGTTTGATTCTTGAGGACT,0,2376976
mglBp,0.5,1,1,GCGTTTCCGGGAAAAAACCA,0,2401522
mglBp,0.5,1,1,GCGTTTATAAAGATCTCATT,0,2370757
mglBp,0.5,1,1,GCGTGGTTTTCATAAAATAT,0,2372525
mglBp,0.5,1,1,GCGTGCGGTAACCTTCATAT,0,2334952
mglBp,0.5,1,1,GCGTGCGAAGGGCTGTGAGT,0,2352576
mglBp,0.5,1,1,GCGTCGTGATGTCAATCCTA,0,2384888
mglBp,0.5,1,1,GCGTCATTTTCTTTCACGGA,0,2329909
mglBp,0.5,1,1,GCGTCATCAAGACTTTATGT,0,2381492
mglBp,0.5,1,1,GCGTAGTGCAGCTTAGTGGA,0,2319665
mglBp,0.5,1,1,GCGTACGGCTACCGGCATAC,0,2409697
mglBp,0.5,1,1,GCGTACCGCCAATAATGGCG,0,2423293
mglBp,0.5,1,1,GCGTAAGGATAAAACTGACT,0,2317049
mglBp,0.5,1,1,GCGGTTTTGATTGGGCGAGC,0,2362467
mglBp,0.5,1,1,GCGGTTGCAGTGCTTTGATC,0,2354105
mglBp,0.5,1,1,GCGGTTCCCATAGTTACCTA,0,2417690
mglBp,0.5,1,1,GCGGTTAACACTACTCGGTT,0,2375014
mglBp,0.5,1,1,GCGGTGTCAAGATCATTCGT,0,2410663
mglBp,0.5,1,1,GCGGTCCAAAGAGGCACGTG,0,2334557
mglBp,0.5,1,1,GCGGGTATCATCGGAGTCTG,0,2346048
mglBp,0.5,1,1,GCGGGCCTGCAGTAGGTTGG,0,2416325
mglBp,0.5,1,1,GCGGGATTGCCATGATAAAA,0,2367177
mglBp,0.5,1,1,GCGGCTCGGCAAAAGATAAG,0,2351872
mglBp,0.5,1,1,GCGGCGGGCCTGCCGAAGGC,0,2392025
mglBp,0.5,1,1,GCGGCGCTAGTCCGCCCTTC,0,2338765
mglBp,0.5,1,1,GCGGCGCGCGGCGGACCCCT,0,2381332
mglBp,0.5,1,1,GCGGATCTAGTATCCGGCAT,0,2348971
mglBp,0.5,1,1,GCGGAGTCGTGAGCGATTAC,0,2377105
mglBp,0.5,1,1,GCGGAAGTGTGCCTGGGGAA,0,2419104
mglBp,0.5,1,1,GCGCTTTCTGACTGCAATGT,0,2358805
mglBp,0.5,1,1,GCGCTGGCTTGCCCTATACG,0,2329124
mglBp,0.5,1,1,GCGCTCCTCACCCGCCTCTC,0,2323162
mglBp,0.5,1,1,GCGCTATGGATGATTGCCAC,0,2390369
mglBp,0.5,1,1,GCGCTAGGGTGTACCTGATT,0,2423411
mglBp,0.5,1,1,GCGCCTTGATAGTCTGTCAT,0,2368407
mglBp,0.5,1,1,GCGCCGTAGCCGCTTTTCAT,0,2390965
mglBp,0.5,1,1,GCGCCGGTTCAACTTAGCTA,0,2414661
mglBp,0.5,1,1,GCGCCATTAAGTTATCCCTA,0,2352811
mglBp,0.5,1,1,GCGCCAAAGGAGAGTGTCAA,0,2401791
mglBp,0.5,1,1,GCGCACGGTCACGACATCGC,0,2324491
mglBp,0.5,1,1,GCGCACGGCCTGGAATCTGG,0,2382475
mglBp,0.5,1,1,GCGATTTCTTGATTGGGCAA,0,2364710
mglBp,0.5,1,1,GCGATGCAAGATACGTCTTT,0,2420320
mglBp,0.5,1,1,GCGATCTAGACCGCTGCCCG,0,2372237
mglBp,0.5,1,1,GCGAGTGCTTCAGACTGTTG,0,2398742
mglBp,0.5,1,1,GCGAGCAAGCAATCTTTGTT,0,2320657
mglBp,0.5,1,1,GCGAGATGGAGAGACTGGGG,0,2367782
mglBp,0.5,1,1,GCGACTTTTCCGAGCAAATT,0,2349273
mglBp,0.5,1,1,GCGACTATCCAATTCCCTCG,0,2341133
mglBp,0.5,1,1,GCGACCTGCGACTTTCAGTA,0,2325255
mglBp,0.5,1,1,GCGACATTTGCGGGGCACGC,0,2415503
mglBp,0.5,1,1,GCGAAAGCTGCTTAACTTTC,0,2322839
mglBp,0.5,1,1,GCCTTGCACTCGCATCGGAT,0,2374602
mglBp,0.5,1,1,GCCTTGACAACTAATCATCG,0,2338067
mglBp,0.5,1,1,GCCTTCGCGGGCCGCTCTAG,0,2359576
mglBp,0.5,1,1,GCCTTCCAGGATTTCATACG,0,2363821
mglBp,0.5,1,1,GCCTGTCGGGAAAAATAGAA,0,2393200
mglBp,0.5,1,1,GCCTGCGTTCCATTCAATTT,0,2396274
mglBp,0.5,1,1,GCCTGATAGCACCGTGCAGA,0,2335211
mglBp,0.5,1,1,GCCTCGTGCTTTCGCGACTC,0,2325162
mglBp,0.5,1,1,GCCTATCATTCGATATGCGG,0,2356777
mglBp,0.5,1,1,GCCTAGCTTCAAGATGTTGC,0,2368889
mglBp,0.5,1,1,GCCTACCGTAGGTCACAGGT,0,2325371
mglBp,0.5,1,1,GCCTAATAGATTTCCCGTTC,0,2366901
mglBp,0.5,1,1,GCCGTTTGTTAACGTTTCTT,0,2331548
mglBp,0.5,1,1,GCCGTCTTTACTCGCACCAT,0,2377759
mglBp,0.5,1,1,GCCGTATCATTTTGCATTCC,0,2388270
mglBp,0.5,1,1,GCCGTAGTCAAAGACAGTGG,0,2344226
mglBp,0.5,1,1,GCCGTACATCAACCAGTGTA,0,2345122
mglBp,0.5,1,1,GCCGGGGGGAGTATTGAGAT,0,2337298
mglBp,0.5,1,1,GCCGGGACGTTAACGGATTC,0,2408781
mglBp,0.5,1,1,GCCGGCTACCTTAATTCCCT,0,2376354
mglBp,0.5,1,1,GCCGGCCAAGTCCCAGAATC,0,2329891
mglBp,0.5,1,1,GCCGGATGGAAGAATTCTGG,0,2334904
mglBp,0.5,1,1,GCCGGATAGTAAGCCCTAGT,0,2390797
mglBp,0.5,1,1,GCCGGAATGTTATATAGTCT,0,2322443
mglBp,0.5,1,1,GCCGCGATACTGACGCTTCA,0,2392339
mglBp,0.5,1,1,GCCGCAACATATTCTGCGAC,0,2345498
mglBp,0.5,1,1,GCCGAGGCAGTGCCAATGGA,0,2375767
mglBp,0.5,1,1,GCCGACTTAATCTTATCACG,0,2320353
mglBp,0.5,1,1,GCCGACCTGGAGGATCGTGC,0,2317120
mglBp,0.5,1,1,GCCGAAGACCGGACCCCTCT,0,2337767
mglBp,0.5,1,1,GCCCTGTGCTAACCTATGCT,0,2349727
mglBp,0.5,1,1,GCCCTAATCCTTTTACTGGT,0,2337758
mglBp,0.5,1,1,GCCCGTTCCTAGGTCCTAGG,0,2322633
mglBp,0.5,1,1,GCCCGGTTTTTTTTCTTAAT,0,2384993
mglBp,0.5,1,1,GCCCCTGGTCCCTGGTATTT,0,2362136
mglBp,0.5,1,1,GCCCCGGAGACGTCTCAACA,0,2359668
mglBp,0.5,1,1,GCCCCGCCTGTAAACTCATC,0,2410034
mglBp,0.5,1,1,GCCCCCGCGGGGATAGGCGT,0,2326028
mglBp,0.5,1,1,GCCCCCGACAGAAGGTGAGG,0,2421696
mglBp,0.5,1,1,GCCCCCAGGCTCTTTGTGCG,0,2359740
mglBp,0.5,1,1,GCCCCAGTTAACGCGGCAAC,0,2317810
mglBp,0.5,1,1,GCCCAGAATGGGGCACGTAT,0,2423747
mglBp,0.5,1,1,GCCCAAGAGAACTTACATAA,0,2318057
mglBp,0.5,1,1,GCCATGTGCATCGTAAGCTC,0,2333431
mglBp,0.5,1,1,GCCATGTGCACGTCGATTTT,0,2345634
mglBp,0.5,1,1,GCCATGGACCTGAAACTTTT,0,2332663
mglBp,0.5,1,1,GCCATGAATGCACGGGTTTA,0,2397670
mglBp,0.5,1,1,GCCATCCTCGCCGGGGCGCC,0,2351664
mglBp,0.5,1,1,GCCAGTTTATGCATCACGGT,0,2377575
mglBp,0.5,1,1,GCCAGTCCAGCACATACGTT,0,2370587
mglBp,0.5,1,1,GCCAGGTGAATGTTAAAGTA,0,2323952
mglBp,0.5,1,1,GCCAGCTCGGTCACACCAGT,0,2372359
mglBp,0.5,1,1,GCCAGCCCGGCATACGGCGT,0,2324562
mglBp,0.5,1,1,GCCACTATGAGCCACCGCAG,0,2411582
mglBp,0.5,1,1,GCCACGTTAGTCAGATGTGT,0,2412638
mglBp,0.5,1,1,GCCACGCCTTCCCACGTTCG,0,2367164
mglBp,0.5,1,1,GCCACGCATGTCCGAGCTGA,0,2371453
mglBp,0.5,1,1,GCCACCGCCCTGAAGGCATC,0,2382667
mglBp,0.5,1,1,GCCACATCCGCATACCTAAT,0,2393809
mglBp,0.5,1,1,GCCAATCAGAATTTTGGATT,0,2366665
mglBp,0.5,1,1,GCCAAGTCTCCCATACCTTG,0,2369397
mglBp,0.5,1,1,GCATTGGCGGGACCTATTTT,0,2317254
mglBp,0.5,1,1,GCATTGCCGTTTAAGCCGTT,0,2316815
mglBp,0.5,1,1,GCATTGCCCCAGAGCCGCCT,0,2353743
mglBp,0.5,1,1,GCATTGAGGCCGTCTGGCTT,0,2330494
mglBp,0.5,1,1,GCATTCGAGGAAGATGTGAC,0,2387010
mglBp,0.5,1,1,GCATGTCGTCGTTAAAACAC,0,2341513
mglBp,0.5,1,1,GCATGTCACCCACATGAAAT,0,2420568
mglBp,0.5,1,1,GCATGTCAAAAACCCGTCTA,0,2390743
mglBp,0.5,1,1,GCATGGCCATCACTCCGTCT,0,2334393
mglBp,0.5,1,1,GCATCTGCAATTGATAGAGT,0,2408291
mglBp,0.5,1,1,GCATCTCATCAACCTACGGG,0,2347169
mglBp,0.5,1,1,GCATCGGATCGCGATCTATT,0,2361574
mglBp,0.5,1,1,GCATATGGGCATTGTAGCAA,0,2332312
mglBp,0.5,1,1,GCATACGCGTTCCTACCCTA,0,2318711
mglBp,0.5,1,1,GCATAATCTGGGTGGATCTT,0,2348089
mglBp,0.5,1,1,GCAGTTCCGTGCAATATTGA,0,2347214
mglBp,0.5,1,1,GCAGTCCCGATACGACAGGC,0,2361703
mglBp,0.5,1,1,GCAGTACGAGTTGAGGACAC,0,2335459
mglBp,0.5,1,1,GCAGGGCGATCGAAACCCAG,0,2319097
mglBp,0.5,1,1,GCAGGCGTGTAGACCGCTAC,0,2373903
mglBp,0.5,1,1,GCAGCGGTTGCTCAACAAAC,0,2346069
mglBp,0.5,1,1,GCAGCGGTGACTATACTAGA,0,2335368
mglBp,0.5,1,1,GCAGCGGCCCTTACCCCCGC,0,2367652
mglBp,0.5,1,1,GCAGCGAGCTGTAGTTCATA,0,2422723
mglBp,0.5,1,1,GCAGCCTCGCTGGGCACAAG,0,2324137
mglBp,0.5,1,1,GCAGCCCAAGACCGTTCGGA,0,2399445
mglBp,0.5,1,1,GCAGCCATCATAGGCGCCCG,0,2363599
mglBp,0.5,1,1,GCAGCATCAAGAAACGTCTT,0,2317807
mglBp,0.5,1,1,GCAGAGCCAGTAGAACAGAT,0,2411968
mglBp,0.5,1,1,GCAGAACTGCATGCCATGAT,0,2375248
mglBp,0.5,1,1,GCAGAAAGCCGGGCTATTCT,0,2349207
mglBp,0.5,1,1,GCACTGGCTAATTGAACTCT,0,2390913
mglBp,0.5,1,1,GCACTGACCGAGGTTTGTGC,0,2343899
mglBp,0.5,1,1,GCACTGAAGGAAGCGGTAGT,0,2333774
mglBp,0.5,1,1,GCACTCGGGAGTGTATTGTA,0,2379869
mglBp,0.5,1,1,GCACGTCCAGGCTGCGTTCT,0,2367822
mglBp,0.5,1,1,GCACGGTGGGAAAATCATAT,0,2400282
mglBp,0.5,1,1,GCACGGGTCTAGGCTTGTTG,0,2405126
mglBp,0.5,1,1,GCACGGAGACTGCAAGTGAG,0,2404690
mglBp,0.5,1,1,GCACCGTTAACAGCGTCTCA,0,2389312
mglBp,0.5,1,1,GCACCGAATGGCGTTGTACC,0,2332149
mglBp,0.5,1,1,GCACAGTGCAGTAAACTGAG,0,2395260
mglBp,0.5,1,1,GCACAGCTTGCCTGATATGG,0,2338541
mglBp,0.5,1,1,GCACAGAGTGTATCCGCATT,0,2389736
mglBp,0.5,1,1,GCACAGACGCCTAGCATCAC,0,2375459
mglBp,0.5,1,1,GCAATTTCCCTTGCCAGGGA,0,2398050
mglBp,0.5,1,1,GCAATGTACTCATGGTGGTT,0,2355503
mglBp,0.5,1,1,GCAATCCCGGAAACATCAAT,0,2414342
mglBp,0.5,1,1,GCAATACTGAACCGGTTTTT,0,2373588
mglBp,0.5,1,1,GCAAGGCTCATGTTGATCCC,0,2329014
mglBp,0.5,1,1,GCAAGGATGATATGCAGAAG,0,2371894
mglBp,0.5,1,1,GCAAGATACAGAACCAGGTA,0,2334372
mglBp,0.5,1,1,GCAAGACAGCCAAGGTATAC,0,2335022
mglBp,0.5,1,1,GCAACTATATCACGCAACAT,0,2337318
mglBp,0.5,1,1,GCAACGGTTCTCTCGAGGAT,0,2360955
mglBp,0.5,1,1,GCAACCTAGCTAAAACGCAA,0,2401508
mglBp,0.5,1,1,GCAAATATGCAACGGAATCC,0,2319939
mglBp,0.5,1,1,GCAAAGTAACACTCGTACTG,0,2352607
mglBp,0.5,1,1,GATTTGAGGGTTCCATTCGT,0,2369342
mglBp,0.5,1,1,GATTTGAGACATCTATATGT,0,2403326
mglBp,0.5,1,1,GATTTGAATAGTACTTTACC,0,2419913
mglBp,0.5,1,1,GATTTAGTATTGGCCATTAC,0,2362288
mglBp,0.5,1,1,GATTGGTTTCCCGAGACACG,0,2317125
mglBp,0.5,1,1,GATTGACCTGCCTCAATCAT,0,2354492
mglBp,0.5,1,1,GATTCGGGCCGAGTCAATGA,0,2327735
mglBp,0.5,1,1,GATTCCGTATCTCCGTTAAT,0,2380465
mglBp,0.5,1,1,GATTAGTTTCAGCTCCGGTC,0,2370689
mglBp,0.5,1,1,GATTACTCGAGGCAAGCGAG,0,2416400
mglBp,0.5,1,1,GATTACCGTCGATATTTTGG,0,2401612
mglBp,0.5,1,1,GATTACCGCGCTGTAGCCAC,0,2329255
mglBp,0.5,1,1,GATTAATACGGCATCTGGTA,0,2378106
mglBp,0.5,1,1,GATTAAGACACAATTGCATA,0,2367139
mglBp,0.5,1,1,GATGTCCGTGATAGGTTCAA,0,2388000
mglBp,0.5,1,1,GATGTACAGTAGCGGGTAGA,0,2371825
mglBp,0.5,1,1,GATGTACAGGATTAATGATG,0,2335455
mglBp,0.5,1,1,GATGGTTTCGAAATCAACTG,0,2337988
mglBp,0.5,1,1,GATGGTCGGGGAGCCTTGCC,0,2331384
mglBp,0.5,1,1,GATGGGGCGCTCAGGGGGAA,0,2394109
mglBp,0.5,1,1,GATGCGTAACCTCAGTTCTA,0,2338408
mglBp,0.5,1,1,GATGCGAGTTGTGTTGGACA,0,2394536
mglBp,0.5,1,1,GATGCCCTGCTTTGGCAGAT,0,2372467
mglBp,0.5,1,1,GATGCATTCATTTGTGACTC,0,2393544
mglBp,0.5,1,1,GATGAGGGACCTGAAGTTGG,0,2393954
mglBp,0.5,1,1,GATCTTTCCGGGGCTGGTTT,0,2405470
mglBp,0.5,1,1,GATCGGAAACTAGAGCTGGG,0,2361833
mglBp,0.5,1,1,GATCGCGCTTCCGGTGGTAC,0,2378602
mglBp,0.5,1,1,GATCCGTCACCTGTCAGTTT,0,2348716
mglBp,0.5,1,1,GATCCGAGCGAGTAATCACC,0,2381704
mglBp,0.5,1,1,GATCCCGCTATCCCACGCCG,0,2373776
mglBp,0.5,1,1,GATCCATTTTGCCGTTCGAC,0,2373365
mglBp,0.5,1,1,GATCCATCTGGGCAACAGTA,0,2324704
mglBp,0.5,1,1,GATCATTAGATGGACGCCAT,0,2364745
mglBp,0.5,1,1,GATCAGGAAAACCGTAGTGG,0,2362821
mglBp,0.5,1,1,GATCAATCATCCATAATATC,0,2376555
mglBp,0.5,1,1,GATATTGTCATGCTACAATC,0,2358325
mglBp,0.5,1,1,GATATTGAAGTTCGTGTCAG,0,2383358
mglBp,0.5,1,1,GATATGCTACCAAAGCCTAT,0,2395338
mglBp,0.5,1,1,GATATCACCTTTTCAATGAC,0,2339863
mglBp,0.5,1,1,GATATAAGTATAGGATAAGA,0,2378012
mglBp,0.5,1,1,GATAGCTCGCCACTTTTTTA,0,2422683
mglBp,0.5,1,1,GATAGCGGTACGTTAGTCAC,0,2355640
mglBp,0.5,1,1,GATAGACTTACACGGCTTAA,0,2319598
mglBp,0.5,1,1,GATACTTGCGCTCAGACCGA,0,2387565
mglBp,0.5,1,1,GATACTGGTCTAACTGTTGG,0,2389043
mglBp,0.5,1,1,GATACGGATGAACAGCGGAT,0,2406165
mglBp,0.5,1,1,GATACGCATATGGCGTCAAT,0,2417015
mglBp,0.5,1,1,GATACCTCTGGCCATCGTAT,0,2334250
mglBp,0.5,1,1,GATACCTCCTCGTTGATTGA,0,2346009
mglBp,0.5,1,1,GATACATCCGCGGTGTGTCA,0,2420657
mglBp,0.5,1,1,GATACACGCTGTGTAACCTA,0,2363968
mglBp,0.5,1,1,GATAAGTTTGGGAACAAATT,0,2335808
mglBp,0.5,1,1,GATAAGACTGGTCGGTGGGG,0,2370517
mglBp,0.5,1,1,GATAACCCACGAGGGGCCAT,0,2352572
mglBp,0.5,1,1,GAGTTTCTTGCCCGACATCC,0,2398918
mglBp,0.5,1,1,GAGTTAGCGCCACATGATTC,0,2319412
mglBp,0.5,1,1,GAGTTAAGATGAGATTCACT,0,2383367
mglBp,0.5,1,1,GAGTGCTCCGTGAGGCATGC,0,2407012
mglBp,0.5,1,1,GAGTGCCTGTAGTGCTTGAA,0,2345459
mglBp,0.5,1,1,GAGTCTTTGCACGAAGGAAC,0,2348574
mglBp,0.5,1,1,GAGTCTGTCATCTCTTAGGG,0,2360637
mglBp,0.5,1,1,GAGTCCGGCCATGTATTCTT,0,2372119
mglBp,0.5,1,1,GAGTCCCAAGTTAGTTCAGA,0,2401546
mglBp,0.5,1,1,GAGTCAGAGGGTGAGGTGGC,0,2368152
mglBp,0.5,1,1,GAGTCAATGGCTCTTTCAAC,0,2379151
mglBp,0.5,1,1,GAGTCAATACGTGCGGTATC,0,2396007
mglBp,0.5,1,1,GAGTAGGGAATTTATCTAGT,0,2395232
mglBp,0.5,1,1,GAGTACCGCGATTAGCGGTC,0,2385539
mglBp,0.5,1,1,GAGTAACACAATCTTAGTCT,0,2378201
mglBp,0.5,1,1,GAGGTTTCTCACGGTTGCTT,0,2337797
mglBp,0.5,1,1,GAGGTTAGAGTCGGGGGTCG,0,2345165
mglBp,0.5,1,1,GAGGTCCGCTGGGTCATAAC,0,2411906
mglBp,0.5,1,1,GAGGGTTGGGACGGTCAATC,0,2410699
mglBp,0.5,1,1,GAGGGTGCCGGCTTGAGGGT,0,2369147
mglBp,0.5,1,1,GAGGGCGGTACATTACCGTC,0,2364050
mglBp,0.5,1,1,GAGGCTATTAACGTGATTCT,0,2365088
mglBp,0.5,1,1,GAGGCGTTCAATCCCTGGAT,0,2392673
mglBp,0.5,1,1,GAGGCATGTCTACAGTCGTT,0,2423071
mglBp,0.5,1,1,GAGGAAAGCATGATCCGGCA,0,2349868
mglBp,0.5,1,1,GAGGAAAGATCCAATCCTCG,0,2421062
mglBp,0.5,1,1,GAGCTTTGGACAAACTGTAC,0,2399139
mglBp,0.5,1,1,GAGCTGTATACGCACGTAGG,0,2345935
mglBp,0.5,1,1,GAGCTAATCACGCTGGATTA,0,2316566
mglBp,0.5,1,1,GAGCGCAGCCACCGGGACTT,0,2402757
mglBp,0.5,1,1,GAGCGAGCCTGCCGCTTATG,0,2413452
mglBp,0.5,1,1,GAGCCTGAGTTAGAGACAGA,0,2361914
mglBp,0.5,1,1,GAGCCTCATATTCTTTTCCC,0,2348799
mglBp,0.5,1,1,GAGCCATTCACGCAGAATTG,0,2365101
mglBp,0.5,1,1,GAGCACTTACTGTCACGCGC,0,2357533
mglBp,0.5,1,1,GAGATTATTGGGGCTCGACT,0,2393521
mglBp,0.5,1,1,GAGATTAGGTGAAGGACTTG,0,2347802
mglBp,0.5,1,1,GAGATGGAGCTCAAGAGCTC,0,2346961
mglBp,0.5,1,1,GAGATGCGACGCACGACCTT,0,2390424
mglBp,0.5,1,1,GAGATCGGACTCAGACAGGT,0,2349570
mglBp,0.5,1,1,GAGATCCTACACGGGGCATC,0,2420742
mglBp,0.5,1,1,GAGATATGTTGTGAACCCGA,0,2422076
mglBp,0.5,1,1,GAGAGTTCTGTAGATGGAGA,0,2399415
mglBp,0.5,1,1,GAGAGTACTGGTGAAAGCTC,0,2411659
mglBp,0.5,1,1,GAGAGGACTACGTACAGCAT,0,2325268
mglBp,0.5,1,1,GAGACTCGTGCAAGTTTCTT,0,2401277
mglBp,0.5,1,1,GAGACGTTTGGGCGTCAGGA,0,2353285
mglBp,0.5,1,1,GAGACGTGCCCAGCGGATAC,0,2324386
mglBp,0.5,1,1,GAGACGGTACGACAGGTTCT,0,2418152
mglBp,0.5,1,1,GAGACCCGGCATCGTGCGGA,0,2371752
mglBp,0.5,1,1,GAGACACTACGTGCAAGTTA,0,2413009
mglBp,0.5,1,1,GAGACAAGTCCGGCCAAGCA,0,2348555
mglBp,0.5,1,1,GAGAAGGAGGGATGCCGTGT,0,2366666
mglBp,0.5,1,1,GAGAAAGATTCGATCGTGTA,0,2329669
mglBp,0.5,1,1,GAGAAACTACGCGCGAGCGA,0,2423548
mglBp,0.5,1,1,GACTTCTTGTTACGGTGCAT,0,2382919
mglBp,0.5,1,1,GACTCTCTAAGAGGGCAGCT,0,2387138
mglBp,0.5,1,1,GACTCGTTGTCACAGTCACA,0,2413261
mglBp,0.5,1,1,GACTCATGAAGAAGGGGGAT,0,2368995
mglBp,0.5,1,1,GACTCACTTCATCCTCGACG,0,2414625
mglBp,0.5,1,1,GACGTTCTGACGTTGAGCTC,0,2392057
mglBp,0.5,1,1,GACGTGTGCAACGACACCGT,0,2327435
mglBp,0.5,1,1,GACGTGCGAAGTTAACTTTG,0,2337188
mglBp,0.5,1,1,GACGTCCTCCACATCGATAT,0,2321926
mglBp,0.5,1,1,GACGTCAAGCAATGATACCT,0,2414256
mglBp,0.5,1,1,GACGTATGGTTAGGCGTAAA,0,2357766
mglBp,0.5,1,1,GACGTATCAACGTCTGTTCA,0,2371800
mglBp,0.5,1,1,GACGTAGTTTGGGATTACCA,0,2354336
mglBp,0.5,1,1,GACGTAGAGTCGTGAGGTGG,0,2346883
mglBp,0.5,1,1,GACGGGCGGGCCTCCCTTAA,0,2381018
mglBp,0.5,1,1,GACGGGATGTTCTCCTCCCT,0,2397762
mglBp,0.5,1,1,GACGGGAGCTAGGCGTGGTT,0,2333055
mglBp,0.5,1,1,GACGGCTCAAGTGCGTAGGT,0,2341290
mglBp,0.5,1,1,GACGCTCCGGTGTGCCTAGA,0,2415872
mglBp,0.5,1,1,GACGCTATTGTCGGAGTAAG,0,2381729
mglBp,0.5,1,1,GACGATTAGCACGCTCATTG,0,2358282
mglBp,0.5,1,1,GACGACCGACGACTGATAGA,0,2387795
mglBp,0.5,1,1,GACCTGACCCCGTTGTATCA,0,2335891
mglBp,0.5,1,1,GACCTCGTCACCTTCACTCC,0,2342023
mglBp,0.5,1,1,GACCGTATAGTGCGGTCAAA,0,2353686
mglBp,0.5,1,1,GACCGGTGGCCAGCACTATC,0,2411924
mglBp,0.5,1,1,GACCGACGATCCTGCTACTG,0,2342157
mglBp,0.5,1,1,GACCGAATTAATAACGGCTT,0,2325636
mglBp,0.5,1,1,GACCCTTCAAGGCGGAACGA,0,2379998
mglBp,0.5,1,1,GACCCTCTTGTGTCCATCAG,0,2322779
mglBp,0.5,1,1,GACCCGGTAATCGTATACAT,0,2409911
mglBp,0.5,1,1,GACCCCTTCTCGTATGCTTC,0,2330355
mglBp,0.5,1,1,GACCCCTGCGGGACCACGAT,0,2403574
mglBp,0.5,1,1,GACCATTTCTAACAGCTAGT,0,2333670
mglBp,0.5,1,1,GACCAGCTGAACGTCTAGTG,0,2379393
mglBp,0.5,1,1,GACCAGCTATCTTCGAGATT,0,2393722
mglBp,0.5,1,1,GACATTTCCCCTCCTAAACT,0,2358175
mglBp,0.5,1,1,GACATTTAGGACGGAGATGA,0,2327311
mglBp,0.5,1,1,GACATGTGCCAAGACCATTA,0,2416510
mglBp,0.5,1,1,GACATGATTACCGAGACCCA,0,2399668
mglBp,0.5,1,1,GACATGAATGTCATTGATCG,0,2393024
mglBp,0.5,1,1,GACATCTTGCATCTAATGTA,0,2416586
mglBp,0.5,1,1,GACATATCCGGCTCGCGACG,0,2339835
mglBp,0.5,1,1,GACAGTAAACTCTCGGGTGA,0,2347404
mglBp,0.5,1,1,GACAGCTTTGTCAGATTTAG,0,2396169
mglBp,0.5,1,1,GACAGACCTGCAATCTAGGT,0,2326383
mglBp,0.5,1,1,GACAGAAAGTTTCCGGAGTC,0,2407263
mglBp,0.5,1,1,GACACGGAGATCCAGGGAAA,0,2330480
mglBp,0.5,1,1,GACACATATTCTGGCAGGTG,0,2371487
mglBp,0.5,1,1,GACAAGGTACAAATGAGCTC,0,2417986
mglBp,0.5,1,1,GACAAATGGTAGCATTTCCT,0,2340171
mglBp,0.5,1,1,GACAAAGAGGCGCTCCCACT,0,2340142
mglBp,0.5,1,1,GAATTTATGCGATTCAATGT,0,2409496
mglBp,0.5,1,1,GAATTCCTGCGGGTTGGGCA,0,2319986
mglBp,0.5,1,1,GAATTACGGTACGGTTTGGT,0,2415706
mglBp,0.5,1,1,GAATTACCTGAGCGCATGTG,0,2404869
mglBp,0.5,1,1,GAATGTTCGTCAAAATTTAA,0,2332592
mglBp,0.5,1,1,GAATGTGTACTTAGTAGTAT,0,2338676
mglBp,0.5,1,1,GAATGGAACAACCGTTCCTT,0,2359824
mglBp,0.5,1,1,GAATGCTACTCGGACGGTTC,0,2338832
mglBp,0.5,1,1,GAATGCCCGACGACGAAGAG,0,2395406
mglBp,0.5,1,1,GAATGATTTTTGACCGACAT,0,2330322
mglBp,0.5,1,1,GAATGAGACGTGTGAGGGCT,0,2333232
mglBp,0.5,1,1,GAATCTGCGGTATATAATGG,0,2395514
mglBp,0.5,1,1,GAATCTATGTTCCGCTCCAG,0,2400079
mglBp,0.5,1,1,GAATCGGAACCCCCAGCCTA,0,2390837
mglBp,0.5,1,1,GAATCAAATTAACAGGGTCA,0,2409333
mglBp,0.5,1,1,GAATATGTTCACATGTAAAT,0,2350148
mglBp,0.5,1,1,GAATATGGAGGGTACATTAA,0,2350616
mglBp,0.5,1,1,GAATATCGAGACTGGGAAAG,0,2393651
mglBp,0.5,1,1,GAATATATGTGTGACCCGGT,0,2326924
mglBp,0.5,1,1,GAATACTGCTATTACCTGAG,0,2362065
mglBp,0.5,1,1,GAATAACGCTCGGTCACCAG,0,2387945
mglBp,0.5,1,1,GAAGTGCTCAAGTGCTACAG,0,2338711
mglBp,0.5,1,1,GAAGTCATACCGTATGGCTG,0,2324199
mglBp,0.5,1,1,GAAGGTTGCCCAGCTTGTGG,0,2360854
mglBp,0.5,1,1,GAAGGCGGTTCAGTGATAAC,0,2409517
mglBp,0.5,1,1,GAAGCTACGGTATTTTCCGT,0,2419059
mglBp,0.5,1,1,GAAGCATGAATTTCAGGTTA,0,2331986
mglBp,0.5,1,1,GAAGCAGTCTCAGATGTCTT,0,2361262
mglBp,0.5,1,1,GAAGCAAAAACGCAACTGCC,0,2389660
mglBp,0.5,1,1,GAAGAGGATGTGCTGTGACA,0,2391653
mglBp,0.5,1,1,GAAGAAACTGGTTCACTGCC,0,2324933
mglBp,0.5,1,1,GAACTGCAAGAAAATTAATG,0,2396527
mglBp,0.5,1,1,GAACTACCTAGGAATCGGAG,0,2352396
mglBp,0.5,1,1,GAACGTGTGTTTTAAATGCT,0,2361735
mglBp,0.5,1,1,GAACGTGAGTCTCAATTAAG,0,2399015
mglBp,0.5,1,1,GAACGGCCAGAATTACTCTA,0,2394163
mglBp,0.5,1,1,GAACGGAGTCGAAAGGTTTC,0,2324733
mglBp,0.5,1,1,GAACGCTGACTTGTCAGATA,0,2414996
mglBp,0.5,1,1,GAACGCGGTTCCACAGACAA,0,2355158
mglBp,0.5,1,1,GAACCTTTAGCGCGCTAGAA,0,2400414
mglBp,0.5,1,1,GAACCTCGAAATGCCATAGC,0,2322369
mglBp,0.5,1,1,GAACCGGGATATTTGCGTGA,0,2409835
mglBp,0.5,1,1,GAACCGATAGGCAAAACCTC,0,2384634
mglBp,0.5,1,1,GAACATGGTCTGGGCGAGTA,0,2342757
mglBp,0.5,1,1,GAACATAACCCTTATTGGAT,0,2415844
mglBp,0.5,1,1,GAACAGCCCGGAGCGAAGAT,0,2387862
mglBp,0.5,1,1,GAACAGATTAGGTATCCTAG,0,2400116
mglBp,0.5,1,1,GAACACGATCTCACGCCATA,0,2366468
mglBp,0.5,1,1,GAACACCGAATGGACGTGTC,0,2383199
mglBp,0.5,1,1,GAACACAGCCTACCAATTCG,0,2408612
mglBp,0.5,1,1,GAACAATCCCTTTTCTCTGA,0,2391260
mglBp,0.5,1,1,GAAATTGGTAGTAGATACAT,0,2387425
mglBp,0.5,1,1,GAAATTATAGCAGAGGCTGA,0,2378639
mglBp,0.5,1,1,GAAATTACGAGACAGCTCGC,0,2316835
mglBp,0.5,1,1,GAAATCCAGTCGTAACGATG,0,2353133
mglBp,0.5,1,1,GAAAGTAATTTACCCTGCCC,0,2361511
mglBp,0.5,1,1,GAAAGGGCAGTGTTCATTTT,0,2385868
mglBp,0.5,1,1,GAAAGCAATTGTTCGCACGA,0,2353987
mglBp,0.5,1,1,GAAACGGGAAAAACGTGCCC,0,2400928
mglBp,0.5,1,1,GAAACCCTCTCGGGCGCAAG,0,2390299
mglBp,0.5,1,1,GAAACCCCCGAAACCAGGAC,0,2353587
mglBp,0.5,1,1,GAAACCACTATCGTACGAGA,0,2361481
mglBp,0.5,1,1,GAAACCAACGCCTACCTAGT,0,2337987
mglBp,0.5,1,1,GAAACACGGCTACGCCAGGT,0,2380554
mglBp,0.5,1,1,GAAAATCAATGCCTGCCGTA,0,2336718
mglBp,0.5,1,1,GAAAAGGAAAGTGCCGTGCT,0,2371786
mglBp,0.5,1,1,GAAAAGCGCCAGGGAATATG,0,2394862
mglBp,0.5,1,1,CTTTTGTCCACGTCGCAGGC,0,2401783
mglBp,0.5,1,1,CTTTTGACACTGGGGCTGAT,0,2356340
mglBp,0.5,1,1,CTTTTCACCCACCACAGCCA,0,2351281
mglBp,0.5,1,1,CTTTGTCGTGAGCGCCAACG,0,2327269
mglBp,0.5,1,1,CTTTGGTAGTCCGGGAGTCC,0,2399165
mglBp,0.5,1,1,CTTTGGAATATGAGGGCGCA,0,2393470
mglBp,0.5,1,1,CTTTGCGGGGTCCGGAGCTA,0,2340556
mglBp,0.5,1,1,CTTTGAACGAATCCGCAGGT,0,2349802
mglBp,0.5,1,1,CTTTCTCTTCACACAATGCT,0,2336858
mglBp,0.5,1,1,CTTTCAGCTCGTAGAGTTGT,0,2412229
mglBp,0.5,1,1,CTTTCAGCGTCCAGGTTTAA,0,2318017
mglBp,0.5,1,1,CTTTCAATGGATATCGCGGA,0,2386585
mglBp,0.5,1,1,CTTTATCTGTTGAGTCTCAA,0,2397597
mglBp,0.5,1,1,CTTTAGGGTCAGGAGAAGTT,0,2395145
mglBp,0.5,1,1,CTTTACGCGGTTACAAAGCT,0,2417429
mglBp,0.5,1,1,CTTTACCCTTCGAGAAATTA,0,2391270
mglBp,0.5,1,1,CTTTACAGATTCGCGTCTGA,0,2377231
mglBp,0.5,1,1,CTTTACAAGTTAGTTTTGGA,0,2327990
mglBp,0.5,1,1,CTTGTGCGAGAAGTGCTTGT,0,2341007
mglBp,0.5,1,1,CTTGTCGGCGTTATCCTGGC,0,2395139
mglBp,0.5,1,1,CTTGTAGTAGGGAGATACTC,0,2404625
mglBp,0.5,1,1,CTTGTAGGTATCGATAAATA,0,2407433
mglBp,0.5,1,1,CTTGTACGGGACGGGAAGCA,0,2346714
mglBp,0.5,1,1,CTTGGGTCGCAATTGTCATA,0,2410053
mglBp,0.5,1,1,CTTGGGATCGTTACCAGCGT,0,2390834
mglBp,0.5,1,1,CTTGGCCACATATGGCTTAC,0,2355628
mglBp,0.5,1,1,CTTGCTGTAGGCTATTCAGG,0,2370486
mglBp,0.5,1,1,CTTGCTCCGAAAAACGTTTC,0,2347210
mglBp,0.5,1,1,CTTGCTATGGCGTCAAAGTA,0,2358277
mglBp,0.5,1,1,CTTGATTGTCTGTTAAAGTA,0,2378865
mglBp,0.5,1,1,CTTGAGTACCCTTTCTCCCA,0,2401032
mglBp,0.5,1,1,CTTGAGGCGCAGAACTACCC,0,2346428
mglBp,0.5,1,1,CTTGACTGACGTAGCCGTCA,0,2333645
mglBp,0.5,1,1,CTTGACAGCGTTGATTCCTA,0,2413145
mglBp,0.5,1,1,CTTGAATAGGATCCCGCGCC,0,2384308
mglBp,0.5,1,1,CTTCTTCGTGACGCTGGGAG,0,2318796
mglBp,0.5,1,1,CTTCTTAGGGGGCCTTAACT,0,2381143
mglBp,0.5,1,1,CTTCGTTGAATAATTCAGGC,0,2392182
mglBp,0.5,1,1,CTTCGTGCAGTGGTCACAAT,0,2344503
mglBp,0.5,1,1,CTTCGCCGACGAAAAGATTT,0,2327878
mglBp,0.5,1,1,CTTCCTTGTCTGTTTAAGTA,0,2380823
mglBp,0.5,1,1,CTTCCTCGGACCATGAAGAC,0,2320749
mglBp,0.5,1,1,CTTCCTCCGTTGCTGTTTGA,0,2320111
mglBp,0.5,1,1,CTTCCGGTCATGGGATGTGT,0,2372478
mglBp,0.5,1,1,CTTCCGCGGGGCGGGTCACT,0,2380028
mglBp,0.5,1,1,CTTCCCGGATGCCTAGGGTT,0,2369774
mglBp,0.5,1,1,CTTCCATTAGTCGGGCGTGG,0,2403406
mglBp,0.5,1,1,CTTCCAGTCAGCAAATTCGT,0,2415879
mglBp,0.5,1,1,CTTCCAGAGATTATACAGTT,0,2364260
mglBp,0.5,1,1,CTTCAGGCGGCTGTCAGAGG,0,2422949
mglBp,0.5,1,1,CTTCAGACATCTCCCGGTTA,0,2350135
mglBp,0.5,1,1,CTTCACGCCCTTGGTCCGGA,0,2388748
mglBp,0.5,1,1,CTTATCATGACCACGTATAT,0,2348927
mglBp,0.5,1,1,CTTATACTCTCGATGACTAC,0,2410302
mglBp,0.5,1,1,CTTAGGTTAGTGTCACCTAG,0,2389015
mglBp,0.5,1,1,CTTAGCAGTCACGTACGCGC,0,2336319
mglBp,0.5,1,1,CTTACGTACTTGTATTAATA,0,2335599
mglBp,0.5,1,1,CTTACGCCGTTATCGTAAAT,0,2374899
mglBp,0.5,1,1,CTTACCTCTGCTCTGTTCCT,0,2410493
mglBp,0.5,1,1,CTTACCACGATTAAGAATAC,0,2344081
mglBp,0.5,1,1,CTTACAGAGTGTAATTATCT,0,2410475
mglBp,0.5,1,1,CTTAATATCCCGCGCCCAAA,0,2403220
mglBp,0.5,1,1,CTTAACCATTACGAACCCCT,0,2363325
mglBp,0.5,1,1,CTTAAAAGAGTGGCCCATAC,0,2350582
mglBp,0.5,1,1,CTGTTTCTGTATCCGAATGG,0,2406936
mglBp,0.5,1,1,CTGTTTCACTTCGCATCTTC,0,2388437
mglBp,0.5,1,1,CTGTTGCACCGGATGACTAG,0,2332743
mglBp,0.5,1,1,CTGTGTCGAGTCGGGCGTGG,0,2379632
mglBp,0.5,1,1,CTGTGTAGTTTACCGAAAAA,0,2344256
mglBp,0.5,1,1,CTGTGTAATTGTTGAATTAG,0,2389852
mglBp,0.5,1,1,CTGTGTAACTCCGCTGGATA,0,2342860
mglBp,0.5,1,1,CTGTGCGGCCCCTGGTCTGT,0,2355693
mglBp,0.5,1,1,CTGTGACTACCCGTCCCCAG,0,2368054
mglBp,0.5,1,1,CTGTGACAGCACTTCGGGAC,0,2352102
mglBp,0.5,1,1,CTGTCTCATGCGCTAATGTG,0,2333987
mglBp,0.5,1,1,CTGTCGGGGACTTGTGATGA,0,2385080
mglBp,0.5,1,1,CTGTCGAAACCTTTGTATTA,0,2364718
mglBp,0.5,1,1,CTGTCATTTATGCCGTCGGA,0,2403877
mglBp,0.5,1,1,CTGTATCCTTGAACCTCCGT,0,2370071
mglBp,0.5,1,1,CTGTAGCTCTGGGCATTCCT,0,2351095
mglBp,0.5,1,1,CTGTACCACCCGTTATGCGA,0,2394276
mglBp,0.5,1,1,CTGTAATACGAAAGTCGGAT,0,2348039
mglBp,0.5,1,1,CTGTAAAATCGTTAACTAGA,0,2405979
mglBp,0.5,1,1,CTGGTGATATCGCAGCGGTA,0,2321781
mglBp,0.5,1,1,CTGGTATCGGTTAGATTCGT,0,2404907
mglBp,0.5,1,1,CTGGGTGAACGCTTGGAGGG,0,2319912
mglBp,0.5,1,1,CTGGGTAGGGTTATTGCTAG,0,2381621
mglBp,0.5,1,1,CTGGGGGGTTAAATCAGCAC,0,2373954
mglBp,0.5,1,1,CTGGGCTGATGACGCGACCA,0,2324189
mglBp,0.5,1,1,CTGGGCTCCATGGATGCACA,0,2412830
mglBp,0.5,1,1,CTGGCGTGCAATCATCTGGA,0,2403451
mglBp,0.5,1,1,CTGGCGAAGTCCGAGCGGCT,0,2419776
mglBp,0.5,1,1,CTGGCACGTTCGGCTTGCCT,0,2318556
mglBp,0.5,1,1,CTGGAGCCGGGCCGCGTATA,0,2349576
mglBp,0.5,1,1,CTGGAGACATTTCGCGGTTA,0,2327799
mglBp,0.5,1,1,CTGCTTAAAATGATCAGTAA,0,2344896
mglBp,0.5,1,1,CTGCTCTGTGTTCTCTTAGT,0,2408904
mglBp,0.5,1,1,CTGCTCCGGCCTTTCCCACC,0,2344430
mglBp,0.5,1,1,CTGCTCAGTTCCTAGCGTAA,0,2359030
mglBp,0.5,1,1,CTGCTATGACAGATCTTTGG,0,2373383
mglBp,0.5,1,1,CTGCGTCTATATTCGTATTC,0,2415175
mglBp,0.5,1,1,CTGCGTCAAGCCGGATCCTG,0,2401229
mglBp,0.5,1,1,CTGCGGTCACATTTAAACTT,0,2383053
mglBp,0.5,1,1,CTGCGAGACAAACCCGGTAA,0,2340808
mglBp,0.5,1,1,CTGCGACTCGCGGCCTTGTA,0,2341237
mglBp,0.5,1,1,CTGCGACATCGGGGGAAGGG,0,2402787
mglBp,0.5,1,1,CTGCGACAAATGGATGGTCG,0,2377201
mglBp,0.5,1,1,CTGCCGACGAGTGGCAATCA,0,2420899
mglBp,0.5,1,1,CTGCCCCGTTCGGTCACCTT,0,2368769
mglBp,0.5,1,1,CTGCCACATTTGCCGCTCTC,0,2347493
mglBp,0.5,1,1,CTGCATCCACTGACCGGCCT,0,2375054
mglBp,0.5,1,1,CTGCATAAAAGAGCACTTGT,0,2337045
mglBp,0.5,1,1,CTGCAATATTGGCGACTGGC,0,2386986
mglBp,0.5,1,1,CTGATTGCCGCACTCAACGG,0,2359846
mglBp,0.5,1,1,CTGATTCGTACGGTATTGCT,0,2368773
mglBp,0.5,1,1,CTGATGGTCACTCCGTCCGT,0,2389058
mglBp,0.5,1,1,CTGAGGAGCATAGATGTCTG,0,2334869
mglBp,0.5,1,1,CTGAGGACTGCTCTGCGCCA,0,2411573
mglBp,0.5,1,1,CTGACTATAGGCGCGGATGG,0,2323268
mglBp,0.5,1,1,CTGACGGCAACCCGAGTATG,0,2357387
mglBp,0.5,1,1,CTGACATTATCGCGCGGCCC,0,2337184
mglBp,0.5,1,1,CTGAATTCTGGGGTCCTCGT,0,2380043
mglBp,0.5,1,1,CTGAACATCGATGACGTAGA,0,2368639
mglBp,0.5,1,1,CTCTTGTTTTACAGCCCCCC,0,2388201
mglBp,0.5,1,1,CTCTTGCTAGCAGGATGCGG,0,2412284
mglBp,0.5,1,1,CTCTTCAACTGGATTCTTCG,0,2348827
mglBp,0.5,1,1,CTCTTAATAGCGAATAACTA,0,2319647
mglBp,0.5,1,1,CTCTTAAGCTGCACGTTTGC,0,2384812
mglBp,0.5,1,1,CTCTGTTGATAGCCATAGTC,0,2415865
mglBp,0.5,1,1,CTCTGTCTGAGGGGACGTCT,0,2385684
mglBp,0.5,1,1,CTCTGTACGTGCTGGGTACT,0,2334948
mglBp,0.5,1,1,CTCTGGTGTTAAGTCGTGGT,0,2371648
mglBp,0.5,1,1,CTCTGCGTATCGTCCAATGG,0,2331927
mglBp,0.5,1,1,CTCTGCCGCTGGCATCGTAG,0,2384790
mglBp,0.5,1,1,CTCTGCCCGTAAGAACAGAG,0,2373438
mglBp,0.5,1,1,CTCTCCTCTGTCCCGACATT,0,2334916
mglBp,0.5,1,1,CTCTCAAGGGGAACCTGACC,0,2340107
mglBp,0.5,1,1,CTCTATTTGAAACTGATTAT,0,2393784
mglBp,0.5,1,1,CTCTAGTTGATGAGCATGTT,0,2373024
mglBp,0.5,1,1,CTCTAGATGAAAAGTCGCAA,0,2388400
mglBp,0.5,1,1,CTCTACGGAAAACAGCGAAA,0,2329806
mglBp,0.5,1,1,CTCGTGTGGAGAGCATACTT,0,2398804
mglBp,0.5,1,1,CTCGTGGACCCCCGCGAGCA,0,2410717
mglBp,0.5,1,1,CTCGTCTTCAGGGCAGTTTG,0,2410855
mglBp,0.5,1,1,CTCGGTTATAGGCATACACA,0,2378663
mglBp,0.5,1,1,CTCGGGCCTGTGATAGGGGT,0,2395562
mglBp,0.5,1,1,CTCGGGAGATTCCACAAAGT,0,2355956
mglBp,0.5,1,1,CTCGCTCCTTGCCAGGTACG,0,2326467
mglBp,0.5,1,1,CTCGCGGTCTTTATACCTGT,0,2393914
mglBp,0.5,1,1,CTCGCATGTAGGGAGGCGGG,0,2324750
mglBp,0.5,1,1,CTCGACTAAAACCTGCAAAG,0,2351388
mglBp,0.5,1,1,CTCGACCTTGTTAAGCGTAG,0,2380918
mglBp,0.5,1,1,CTCGACCCGGCCATCCCGCT,0,2376660
mglBp,0.5,1,1,CTCCTGCGGGAGCGCTCTTA,0,2374371
mglBp,0.5,1,1,CTCCTCTGTTTCTTCACGGT,0,2376606
mglBp,0.5,1,1,CTCCTAGGAAGGAAGCATAA,0,2407261
mglBp,0.5,1,1,CTCCTAATAAAAGCTGCCAA,0,2397918
mglBp,0.5,1,1,CTCCGGTAATGAGATCCCTA,0,2412231
mglBp,0.5,1,1,CTCCGGGTGAGGGGTATGTG,0,2364766
mglBp,0.5,1,1,CTCCGGCAGGTTGTCTACGG,0,2388348
mglBp,0.5,1,1,CTCCGCCCGAGGGCATTTCG,0,2411782
mglBp,0.5,1,1,CTCCGATTTCGAACGGCAGG,0,2321676
mglBp,0.5,1,1,CTCCCTGCGCTCCTGGGTTG,0,2319954
mglBp,0.5,1,1,CTCCCCCTCGCATTCACCCC,0,2388366
mglBp,0.5,1,1,CTCCCCAATGGAGTGGCGTA,0,2321934
mglBp,0.5,1,1,CTCCCATCCCATAAATGGAA,0,2407227
mglBp,0.5,1,1,CTCCATTAGGTCCTGAGCAG,0,2392797
mglBp,0.5,1,1,CTCCATACGTCAGCCCGATC,0,2361154
mglBp,0.5,1,1,CTCCACGTGTGCCCTGCTCT,0,2325412
mglBp,0.5,1,1,CTCATGATCATTATGCCTTC,0,2360473
mglBp,0.5,1,1,CTCATATCATTGGCGGTTTT,0,2322560
mglBp,0.5,1,1,CTCATATAGAATAGACAAAC,0,2394963
mglBp,0.5,1,1,CTCAGACGGACCACCGAGGC,0,2394443
mglBp,0.5,1,1,CTCAGACAAGATACTGCATC,0,2387275
mglBp,0.5,1,1,CTCACTGTATATTCCAAGGC,0,2355897
mglBp,0.5,1,1,CTCACGTTGGAGGCACGAGA,0,2325434
mglBp,0.5,1,1,CTCACGGCGCCATTGTTAGC,0,2339270
mglBp,0.5,1,1,CTCACAGAAGGCCGGCACGC,0,2335664
mglBp,0.5,1,1,CTCACACACTCTGCGCACGG,0,2338420
mglBp,0.5,1,1,CTCACAATCCTGAACACTGG,0,2341507
mglBp,0.5,1,1,CTCAATTTGGTGCGGATTTT,0,2376558
mglBp,0.5,1,1,CTCAACTGACTAAAGAAACG,0,2351207
mglBp,0.5,1,1,CTCAACGTTGAGTACTGTGT,0,2343987
mglBp,0.5,1,1,CTCAACACGCGACTATGTAA,0,2320498
mglBp,0.5,1,1,CTATTTTGTGACAAGAATGG,0,2360501
mglBp,0.5,1,1,CTATTGCAAATGCGTTCTAA,0,2411681
mglBp,0.5,1,1,CTATTGAATTCATTTGTGAT,0,2368483
mglBp,0.5,1,1,CTATTCTAGCTGCGACCCTG,0,2389674
mglBp,0.5,1,1,CTATTCCGGAGGGGTCAGAT,0,2413244
mglBp,0.5,1,1,CTATTCAACGCGGCTTGAGT,0,2362520
mglBp,0.5,1,1,CTATTACTGATTGTCCCTAC,0,2402332
mglBp,0.5,1,1,CTATGTGTACATGGCTGATG,0,2319455
mglBp,0.5,1,1,CTATGCCCAGCATCGTGGCC,0,2379080
mglBp,0.5,1,1,CTATGCAGTTATTTTCGTTA,0,2400433
mglBp,0.5,1,1,CTATCCCCGTTCGGGCAAAT,0,2329050
mglBp,0.5,1,1,CTATCACCTTCCAATGCTTC,0,2367480
mglBp,0.5,1,1,CTATCAAATTGCTTCGAGTA,0,2410204
mglBp,0.5,1,1,CTATAATTATATAGGTGCGC,0,2343032
mglBp,0.5,1,1,CTATAAACAGTAGCGAATAC,0,2360775
mglBp,0.5,1,1,CTATAAAAGACCAGTTCACA,0,2361185
mglBp,0.5,1,1,CTAGTCAGATCCTCATGGTT,0,2350038
mglBp,0.5,1,1,CTAGGTCCGGCGGCTGCCGA,0,2404527
mglBp,0.5,1,1,CTAGGGAAGGTTTAACCCGA,0,2421991
mglBp,0.5,1,1,CTAGGATACGACGAAAGGCG,0,2318165
mglBp,0.5,1,1,CTAGGAGATCTTGTAGTCCA,0,2350185
mglBp,0.5,1,1,CTAGCTAACAGAAAACCCCG,0,2376917
mglBp,0.5,1,1,CTAGCGTGTCGCCAGGGAGG,0,2410902
mglBp,0.5,1,1,CTAGCGGCAAGGCGTTGTAG,0,2362424
mglBp,0.5,1,1,CTAGCGATCAGTTGGTCATG,0,2386618
mglBp,0.5,1,1,CTAGCGAGTTAGGATGTAAG,0,2398513
mglBp,0.5,1,1,CTAGCAGCCCTAATCATTTA,0,2344602
mglBp,0.5,1,1,CTAGCACTGTTATTTAAGTA,0,2321411
mglBp,0.5,1,1,CTAGCACTAACCTCCCACAG,0,2418688
mglBp,0.5,1,1,CTAGATGCTCCAGGTAGTCA,0,2354065
mglBp,0.5,1,1,CTAGAGGTCTGGGGTCGAAT,0,2370442
mglBp,0.5,1,1,CTAGAGATTTATTGGCTTAT,0,2398710
mglBp,0.5,1,1,CTAGACCAGATAGGACGCGG,0,2347744
mglBp,0.5,1,1,CTAGAAACAGGCCTAAAGGC,0,2420477
mglBp,0.5,1,1,CTACTCACTCAGAGTTGTTG,0,2319027
mglBp,0.5,1,1,CTACTAACGAGTTCTGACGC,0,2421066
mglBp,0.5,1,1,CTACGCGGCGTAGAAGCTGA,0,2389014
mglBp,0.5,1,1,CTACGCATGTAGGCGCTGAG,0,2364052
mglBp,0.5,1,1,CTACCTCCGCTGACCTGCCA,0,2400054
mglBp,0.5,1,1,CTACACCGGCGTCATCCCAC,0,2340801
mglBp,0.5,1,1,CTAATTTAGTACTAACTATT,0,2361965
mglBp,0.5,1,1,CTAATTGACTGTCGCCCTTT,0,2385374
mglBp,0.5,1,1,CTAATTCAGAGGAAGAAACT,0,2355719
mglBp,0.5,1,1,CTAATGGGACATGGAGTGCG,0,2394455
mglBp,0.5,1,1,CTAATCTCTCCGACACCCCC,0,2335232
mglBp,0.5,1,1,CTAATCGAGTATGGGCACCA,0,2394747
mglBp,0.5,1,1,CTAATCATTGGCCTCAAAAG,0,2391011
mglBp,0.5,1,1,CTAATAATTACCTAGCAGCG,0,2386413
mglBp,0.5,1,1,CTAAGGTTTACGTTTGTCTC,0,2402240
mglBp,0.5,1,1,CTAAGGTAAGCTAGTAGCTC,0,2333916
mglBp,0.5,1,1,CTAAGGGGTTGCCCGTATGC,0,2349100
mglBp,0.5,1,1,CTAAGGAGTGATGCACGCGG,0,2407039
mglBp,0.5,1,1,CTAAGCATTTACGCCTCTAA,0,2356546
mglBp,0.5,1,1,CTAAGAAAACACTATTGAAC,0,2404823
mglBp,0.5,1,1,CTAACTATGGCGCATAACGC,0,2353588
mglBp,0.5,1,1,CTAAATTTCCGCTCGGCGAT,0,2390427
mglBp,0.5,1,1,CTAAACCCTGGGCAAAAGAA,0,2383375
mglBp,0.5,1,1,CGTTTTTCTAGTCGTTCCAT,0,2366950
mglBp,0.5,1,1,CGTTTTCTTAGATCATGCTA,0,2375912
mglBp,0.5,1,1,CGTTTTAATTTAAGGCGATC,0,2392604
mglBp,0.5,1,1,CGTTTACCACATTACCGACT,0,2349858
mglBp,0.5,1,1,CGTTTAAGAGAGTAGCCAAC,0,2417578
mglBp,0.5,1,1,CGTTTAAACTCGAAATACGT,0,2343334
mglBp,0.5,1,1,CGTTGGCCCTGGAGTAAGGT,0,2348188
mglBp,0.5,1,1,CGTTGGCAGCACGCAAAGAT,0,2324370
mglBp,0.5,1,1,CGTTGCTCAATAAGCGTGGG,0,2318868
mglBp,0.5,1,1,CGTTGAGTTTTCGTCCTGGA,0,2357249
mglBp,0.5,1,1,CGTTCTTCGTGCTCGGCCAA,0,2358617
mglBp,0.5,1,1,CGTTCGGTAGGAATCTCTGA,0,2344051
mglBp,0.5,1,1,CGTTCGGCAGCGGACGATGC,0,2398734
mglBp,0.5,1,1,CGTTCCTGACACGCTCTCAA,0,2329730
mglBp,0.5,1,1,CGTTCATAGAAGTCAAGTCA,0,2332325
mglBp,0.5,1,1,CGTTCAAGCTGCTACAGATC,0,2418586
mglBp,0.5,1,1,CGTTCAAGCAACCATTTGGA,0,2342083
mglBp,0.5,1,1,CGTTATCGGTTGTTTTGCTA,0,2373359
mglBp,0.5,1,1,CGTTACTACGGGATCACCAT,0,2396020
mglBp,0.5,1,1,CGTTACCATCACGATCGGCT,0,2404513
mglBp,0.5,1,1,CGTTAAGCTTCGGTACGGTG,0,2405346
mglBp,0.5,1,1,CGTTAACATACCCGAATTCT,0,2319272
mglBp,0.5,1,1,CGTGTTGCTTCGGGGAACCG,0,2353049
mglBp,0.5,1,1,CGTGTGACTGTGGACCTCGG,0,2388146
mglBp,0.5,1,1,CGTGTCACGGAGGTAACTAA,0,2422056
mglBp,0.5,1,1,CGTGTCACAAAGCTACGTCA,0,2406705
mglBp,0.5,1,1,CGTGGTGATCATCTTGTACT,0,2371333
mglBp,0.5,1,1,CGTGGAACGAGATACTCTAA,0,2332391
mglBp,0.5,1,1,CGTGGAACCGGCATTCTTGT,0,2363377
mglBp,0.5,1,1,CGTGCTTAATCGACACCGAA,0,2355409
mglBp,0.5,1,1,CGTGCGGATAATCGGCTTTC,0,2408860
mglBp,0.5,1,1,CGTGCGCCACTCAAACAAGT,0,2391793
mglBp,0.5,1,1,CGTGCGAGGATCGGACATCG,0,2383749
mglBp,0.5,1,1,CGTGCCCGTGTAAGAACGCG,0,2339154
mglBp,0.5,1,1,CGTGCATACTCCCATCATTC,0,2403354
mglBp,0.5,1,1,CGTGCAGCGATTCGGGGTTA,0,2386428
mglBp,0.5,1,1,CGTGATGACAAAGGCGTAAA,0,2343051
mglBp,0.5,1,1,CGTGACTTATAGTTAGCCAC,0,2358777
mglBp,0.5,1,1,CGTGAATCCAGTAGACGCGT,0,2317899
mglBp,0.5,1,1,CGTGAAAAGTCGTTTTCGTA,0,2373892
mglBp,0.5,1,1,CGTCTTGGGACATACTTCCA,0,2333363
mglBp,0.5,1,1,CGTCTTCTCGCGTAAGTGTG,0,2316830
mglBp,0.5,1,1,CGTCGGTTAAGCCCGGTGGT,0,2391352
mglBp,0.5,1,1,CGTCGGGTTCCCGCTTTTAG,0,2365091
mglBp,0.5,1,1,CGTCCGCTCACACCAAAGTA,0,2379982
mglBp,0.5,1,1,CGTCCGCGTAAAGTCAGACC,0,2342309
mglBp,0.5,1,1,CGTCCGAATCCCGAGATTAA,0,2358127
mglBp,0.5,1,1,CGTCCCTTTCTAGTTTTTGT,0,2321231
mglBp,0.5,1,1,CGTCATGCGTAATGCTCGGT,0,2404448
mglBp,0.5,1,1,CGTCATAGATAACTTGATGC,0,2371839
mglBp,0.5,1,1,CGTCAGAAGCGCGGACGTGA,0,2380670
mglBp,0.5,1,1,CGTCACGCCCGTCTTCCGTT,0,2322559
mglBp,0.5,1,1,CGTCACCTCATGGGATTACA,0,2351899
mglBp,0.5,1,1,CGTCAATGCGGAGAGGTCCG,0,2340368
mglBp,0.5,1,1,CGTATGGTAGAATGGGGTCC,0,2331194
mglBp,0.5,1,1,CGTATGATATCGCCTTCGGT,0,2417880
mglBp,0.5,1,1,CGTATGACTAGGAGGTTGTC,0,2417746
mglBp,0.5,1,1,CGTATCAGACGAACCGCAAC,0,2405210
mglBp,0.5,1,1,CGTATACGATTACAGGTCAA,0,2353264
mglBp,0.5,1,1,CGTAGGCTACGCAGGATTAC,0,2415339
mglBp,0.5,1,1,CGTAGGACTTTCGTACCCAC,0,2379885
mglBp,0.5,1,1,CGTACGGTAAATACGGCGTC,0,2361008
mglBp,0.5,1,1,CGTACCATATCGAGGGAATT,0,2334206
mglBp,0.5,1,1,CGTACATTTACCCGCGTCCA,0,2335534
mglBp,0.5,1,1,CGTACATCTCGCATTGGGGC,0,2318431
mglBp,0.5,1,1,CGTAATTGCGGAATTCAATA,0,2391368
mglBp,0.5,1,1,CGTAATGTGCCCCCCAGCCA,0,2378490
mglBp,0.5,1,1,CGTAATACTGGGCAAGTCCC,0,2410928
mglBp,0.5,1,1,CGTAAGTCGAGTGTGGAGAG,0,2405248
mglBp,0.5,1,1,CGGTTTCTCCATAGATAAAA,0,2380201
mglBp,0.5,1,1,CGGTTTCCAGGCCTACGTCA,0,2318970
mglBp,0.5,1,1,CGGTTTATGGGCTGGCTGCG,0,2397056
mglBp,0.5,1,1,CGGTTCGTTGCTTAACGTAA,0,2361202
mglBp,0.5,1,1,CGGTTCGTAAGGTTTTAGGT,0,2404557
mglBp,0.5,1,1,CGGTGTTAGTACCCTCTGCG,0,2354430
mglBp,0.5,1,1,CGGTGGTTCGTCAGGCTCCG,0,2384577
mglBp,0.5,1,1,CGGTGGGTTTTGATCACCCG,0,2334334
mglBp,0.5,1,1,CGGTGGGACAAAATGACTAT,0,2343209
mglBp,0.5,1,1,CGGTGATAATCACAGGTTTC,0,2338784
mglBp,0.5,1,1,CGGTCTTAGAAACTGTATCC,0,2322718
mglBp,0.5,1,1,CGGTCTCGTCGCATCCACGA,0,2323272
mglBp,0.5,1,1,CGGTCCGTGCGTAAAAGCGA,0,2334099
mglBp,0.5,1,1,CGGTCAGACCTGCACGTCCA,0,2325159
mglBp,0.5,1,1,CGGTATGTAGACCAGTGAGG,0,2323889
mglBp,0.5,1,1,CGGTATGCCCTCGTTTGGCA,0,2367869
mglBp,0.5,1,1,CGGTATACCAACCGTCTCGA,0,2376708
mglBp,0.5,1,1,CGGTAGTTCCACTTTTGTTT,0,2395196
mglBp,0.5,1,1,CGGTAGACCAAGCTCGCGGT,0,2333884
mglBp,0.5,1,1,CGGTACTCAGACCCTGCTCC,0,2382090
mglBp,0.5,1,1,CGGTACAATCACTCCGTTAT,0,2419764
mglBp,0.5,1,1,CGGTAAACGAAAAGGAGCCC,0,2398248
mglBp,0.5,1,1,CGGGTTCCTATGGCGCGATT,0,2382352
mglBp,0.5,1,1,CGGGTGGGTAGATGCTCTGG,0,2402969
mglBp,0.5,1,1,CGGGTCTGAATCTCGTAAAA,0,2364094
mglBp,0.5,1,1,CGGGGTTCTGAGCTAAGCCG,0,2366750
mglBp,0.5,1,1,CGGGGTGCCGGAATCTAGAG,0,2372527
mglBp,0.5,1,1,CGGGGGGGCTCCGCGGAGAA,0,2356741
mglBp,0.5,1,1,CGGGGACATTGGGTTGGATA,0,2386337
mglBp,0.5,1,1,CGGGCTCATTGGGAGATGTA,0,2370304
mglBp,0.5,1,1,CGGGCCGGTGGTTACGGTGC,0,2317594
mglBp,0.5,1,1,CGGGCCATTGATATATTATG,0,2393916
mglBp,0.5,1,1,CGGGCAGTCTGCTATGACAA,0,2358015
mglBp,0.5,1,1,CGGGCAACCACGTAGTCTTT,0,2356963
mglBp,0.5,1,1,CGGGAGTTGTTACTTGTGAT,0,2344462
mglBp,0.5,1,1,CGGGAGCCGAGGTAGATAGG,0,2361951
mglBp,0.5,1,1,CGGGACATCCTGCCTGAAAC,0,2378960
mglBp,0.5,1,1,CGGGAAGGCCACTTGTCATT,0,2399875
mglBp,0.5,1,1,CGGGAACTTCGCAAGCCACG,0,2403381
mglBp,0.5,1,1,CGGCTGCCTTGGCGTGTGGA,0,2332144
mglBp,0.5,1,1,CGGCTGAGTAAGTTGCGCTT,0,2360840
mglBp,0.5,1,1,CGGCGTGCGACAGCGGGCGT,0,2410808
mglBp,0.5,1,1,CGGCGTCCCCATGAAGTTCT,0,2394139
mglBp,0.5,1,1,CGGCGTAAACTCGCGGCGTA,0,2321266
mglBp,0.5,1,1,CGGCGGGCATTGCTCCGGGG,0,2327129
mglBp,0.5,1,1,CGGCGGGAAACGGGTGAGTA,0,2380281
mglBp,0.5,1,1,CGGCGCTTCGATTCGATGAG,0,2340186
mglBp,0.5,1,1,CGGCCTCGCTCTCTCGGTGT,0,2319850
mglBp,0.5,1,1,CGGCCCCGTTTCAGTACATA,0,2347618
mglBp,0.5,1,1,CGGCCATCTTGGATTCAGCG,0,2371565
mglBp,0.5,1,1,CGGCATCCTCTGAGTATTTA,0,2323745
mglBp,0.5,1,1,CGGCAATATAGACCCTAGGT,0,2352497
mglBp,0.5,1,1,CGGCAAGCTGCTCTCTGTAT,0,2338553
mglBp,0.5,1,1,CGGCAACGGGGGGCTCCAAG,0,2395277
mglBp,0.5,1,1,CGGATTGTCTGAAACTGTTG,0,2404514
mglBp,0.5,1,1,CGGATGAAGTGGGGACATTA,0,2323394
mglBp,0.5,1,1,CGGATAGGCTAGCCAGCCAC,0,2329125
mglBp,0.5,1,1,CGGAGTGTTCTCATCCTCCA,0,2387469
mglBp,0.5,1,1,CGGAGTGATTGGGACCAGTT,0,2336489
mglBp,0.5,1,1,CGGAGGCGCAATAGGGGCTT,0,2357811
mglBp,0.5,1,1,CGGAGGCAACATTTATAGTG,0,2386025
mglBp,0.5,1,1,CGGAGCAAGCAACCAGGCTC,0,2380968
mglBp,0.5,1,1,CGGAGATAGTTTCCCACTCT,0,2396364
mglBp,0.5,1,1,CGGAGAAGATCGAACAAGAC,0,2350917
mglBp,0.5,1,1,CGGACTGTATAATGCGGTAA,0,2321096
mglBp,0.5,1,1,CGGACTCATGGATAAAAGGC,0,2413360
mglBp,0.5,1,1,CGGACTCAAACCCTTAGGAA,0,2382101
mglBp,0.5,1,1,CGGACGCCCTTTGACACCTT,0,2381580
mglBp,0.5,1,1,CGGACCGTCATTCATGTCTG,0,2326786
mglBp,0.5,1,1,CGGACAAATAAAGGTATGGA,0,2323786
mglBp,0.5,1,1,CGGAATTCAAATATGGAGTG,0,2403108
mglBp,0.5,1,1,CGGAATGAGTTCCATGAGGG,0,2407933
mglBp,0.5,1,1,CGGAATCTGTTACTGCTCTA,0,2366618
mglBp,0.5,1,1,CGGAAGATCTTTACCCGATC,0,2337740
mglBp,0.5,1,1,CGGAACTTATCTTGTTAATT,0,2359087
mglBp,0.5,1,1,CGGAACAGGCAAATAATCGA,0,2356815
mglBp,0.5,1,1,CGGAAAGACAGGGTCAACGA,0,2364122
mglBp,0.5,1,1,CGCTTTTGGTTATACCAGAC,0,2421312
mglBp,0.5,1,1,CGCTTCTGGGAGCGGTTCGG,0,2325244
mglBp,0.5,1,1,CGCTTCTCTCATTCATCTCA,0,2324418
mglBp,0.5,1,1,CGCTTCCAGAGTTGAGGAGT,0,2401296
mglBp,0.5,1,1,CGCTGGTAAAATTTGTGGTC,0,2395229
mglBp,0.5,1,1,CGCTGAGAGACCATACTGAA,0,2360507
mglBp,0.5,1,1,CGCTGACGTCGTCACCGTAA,0,2322716
mglBp,0.5,1,1,CGCTCGTTATCCTATGGGAG,0,2327539
mglBp,0.5,1,1,CGCTCGTCATTGAGGATCTA,0,2408137
mglBp,0.5,1,1,CGCTCCTCTGGATGAGGCGC,0,2406707
mglBp,0.5,1,1,CGCTCATGACGAAGTCTCGC,0,2392910
mglBp,0.5,1,1,CGCTCAACATACACTCTATA,0,2392667
mglBp,0.5,1,1,CGCTAGGACACACGCACTCA,0,2389496
mglBp,0.5,1,1,CGCGTGCGTGTTCACCACAA,0,2374404
mglBp,0.5,1,1,CGCGTCCTAAGGACTACTTA,0,2356157
mglBp,0.5,1,1,CGCGTATGCGACCGTGGCGC,0,2408538
mglBp,0.5,1,1,CGCGTAGCGATTTGGCACCG,0,2417639
mglBp,0.5,1,1,CGCGGTTGTGGTTTTTGATT,0,2338014
mglBp,0.5,1,1,CGCGGGCTTGGCCATATCCA,0,2331890
mglBp,0.5,1,1,CGCGGCAGTTTGACCTGCCC,0,2386033
mglBp,0.5,1,1,CGCGGATTTCAATCGTCTGG,0,2386163
mglBp,0.5,1,1,CGCGGACAAGGTTACCCACT,0,2356807
mglBp,0.5,1,1,CGCGCTCATACTCTTGACTT,0,2417243
mglBp,0.5,1,1,CGCGCTAGACTTAGAAAGTA,0,2415440
mglBp,0.5,1,1,CGCGCGAGAGTGGTTCTCCC,0,2324175
mglBp,0.5,1,1,CGCGAATTGTAACATTTCAG,0,2393719
mglBp,0.5,1,1,CGCCTGTGCCACAGCACGGC,0,2331587
mglBp,0.5,1,1,CGCCGCCACTTCATTCAGTT,0,2369975
mglBp,0.5,1,1,CGCCGATGTGTTGTAACTGC,0,2326967
mglBp,0.5,1,1,CGCCGAGTAATTGCGCTCTA,0,2401733
mglBp,0.5,1,1,CGCCCTTTCACCAACGCAAA,0,2353239
mglBp,0.5,1,1,CGCCCTGCTGCATATATAAG,0,2333361
mglBp,0.5,1,1,CGCCCTGCATGGACACACAT,0,2337976
mglBp,0.5,1,1,CGCCCATACGTGTATACCAG,0,2360582
mglBp,0.5,1,1,CGCCAGTCTGGACGATTTCT,0,2398069
mglBp,0.5,1,1,CGCCAGCGATCTAAGTTTCT,0,2390003
mglBp,0.5,1,1,CGCCACATCTTGATTGTAGA,0,2384386
mglBp,0.5,1,1,CGCCAACCCGCGTCGAACTT,0,2328101
mglBp,0.5,1,1,CGCCAAAGTGGAATGGAAAT,0,2347689
mglBp,0.5,1,1,CGCATTTGTCACATGGCAAA,0,2374605
mglBp,0.5,1,1,CGCATTTCGCAAATGATCTC,0,2400965
mglBp,0.5,1,1,CGCATACATCCCCTTCTTTT,0,2325645
mglBp,0.5,1,1,CGCATAAGGGTGACGCAACC,0,2330641
mglBp,0.5,1,1,CGCATAACGACGAATCTTTT,0,2363707
mglBp,0.5,1,1,CGCATAAAGTTTCTTTCACA,0,2388135
mglBp,0.5,1,1,CGCAGGTAGCTTTGGCCGCA,0,2329554
mglBp,0.5,1,1,CGCAGCGTGGATGTAAAGGT,0,2400839
mglBp,0.5,1,1,CGCAGCGAGCACCTTAATCA,0,2363566
mglBp,0.5,1,1,CGCACTTCAAGCGAAGATAT,0,2402162
mglBp,0.5,1,1,CGCACGGATTAACAGACCCT,0,2322078
mglBp,0.5,1,1,CGCACCGGTGATTGTAAGCC,0,2405508
mglBp,0.5,1,1,CGCACCCTCGGGCCAGTGTT,0,2385685
mglBp,0.5,1,1,CGCAACATCATCTTTACTCC,0,2391579
mglBp,0.5,1,1,CGATTTTAACGAAGGGATTT,0,2380150
mglBp,0.5,1,1,CGATTCGGAAGTTTAGTCCA,0,2332290
mglBp,0.5,1,1,CGATTAGGGCTAGTACTCGG,0,2408497
mglBp,0.5,1,1,CGATTAAAGAAAGTCTATGC,0,2423419
mglBp,0.5,1,1,CGATCGAGGCGCCGGCCTGT,0,2395721
mglBp,0.5,1,1,CGATCGAATTCAAGGCGAAT,0,2329500
mglBp,0.5,1,1,CGATCCGCATAATTTCCAAA,0,2381706
mglBp,0.5,1,1,CGATCCCGCATACGTTGACA,0,2406831
mglBp,0.5,1,1,CGATCCCAAAACGAATGTAA,0,2418896
mglBp,0.5,1,1,CGATCACTGGCCCCTAGTCA,0,2341564
mglBp,0.5,1,1,CGATCACCCGCGACTTATCG,0,2346676
mglBp,0.5,1,1,CGATATGGCAACCGGGATTG,0,2419008
mglBp,0.5,1,1,CGATATGGAGGAGGGTACTG,0,2409383
mglBp,0.5,1,1,CGATAGCCACGCACCTGCTT,0,2349846
mglBp,0.5,1,1,CGATAGATTATTGGCGGCGC,0,2383612
mglBp,0.5,1,1,CGATAGATCTCAGACGTGTC,0,2336821
mglBp,0.5,1,1,CGATACCGTTATAACTTTTT,0,2346012
mglBp,0.5,1,1,CGAGTTGAATGACAAGCGCA,0,2395004
mglBp,0.5,1,1,CGAGTTATCTGTATACCCTT,0,2365247
mglBp,0.5,1,1,CGAGTTACAGATGTTAAGCT,0,2334546
mglBp,0.5,1,1,CGAGTGTATTCAGGAAGGAG,0,2356891
mglBp,0.5,1,1,CGAGTGTATCCTCACCTAGG,0,2419691
mglBp,0.5,1,1,CGAGTGATGGTCGATCCCAG,0,2384762
mglBp,0.5,1,1,CGAGTGACCTAGCATTGCAT,0,2383012
mglBp,0.5,1,1,CGAGGTGTTCGTTGCGACTG,0,2385523
mglBp,0.5,1,1,CGAGGTGGCCAAGCTGTGCG,0,2377992
mglBp,0.5,1,1,CGAGGTCCCTCTATTGCGAA,0,2342665
mglBp,0.5,1,1,CGAGGTACATAAAAGAAGTT,0,2405739
mglBp,0.5,1,1,CGAGGGTCTCCATATCGTGC,0,2399219
mglBp,0.5,1,1,CGAGGGACTCAGTAAGTGCA,0,2340313
mglBp,0.5,1,1,CGAGGGAAGCCTGGGCAGCT,0,2414470
mglBp,0.5,1,1,CGAGGCCGATAACGGCAGTG,0,2370653
mglBp,0.5,1,1,CGAGGAACTTTACTATAACC,0,2352838
mglBp,0.5,1,1,CGAGCTTTGGCCTTTAAGAG,0,2417724
mglBp,0.5,1,1,CGAGCGAGGAACATGATACT,0,2380101
mglBp,0.5,1,1,CGAGCCTTTAGGGAAGGAGG,0,2340366
mglBp,0.5,1,1,CGAGAAGGAGCGGAAGGCGG,0,2420331
mglBp,0.5,1,1,CGACTGGTACGTGCAACTTC,0,2391454
mglBp,0.5,1,1,CGACGGTCAGCGTTGGTTCA,0,2386320
mglBp,0.5,1,1,CGACGGCAATGGCCCGGTGT,0,2395434
mglBp,0.5,1,1,CGACGCCGGGCCAATACGGA,0,2412712
mglBp,0.5,1,1,CGACGCAATTCTCGGCTCAA,0,2368844
mglBp,0.5,1,1,CGACGAAACCCGGCCTAGCG,0,2413592
mglBp,0.5,1,1,CGACCGGGCCAGAGAATTCT,0,2367579
mglBp,0.5,1,1,CGACCGATCTAAAAGATCAT,0,2354487
mglBp,0.5,1,1,CGACCCCGAGACACTGCCCG,0,2421142
mglBp,0.5,1,1,CGACCAACTCCGAGGGAGAT,0,2348754
mglBp,0.5,1,1,CGACATGTCAGTCCGAATCA,0,2357685
mglBp,0.5,1,1,CGACATGCACGGGAAACAGT,0,2369190
mglBp,0.5,1,1,CGACACTTGAAGCGCGGCTG,0,2341897
mglBp,0.5,1,1,CGACAATGCACTAATGTTAT,0,2377676
mglBp,0.5,1,1,CGACAAGGGCTATATGCAGA,0,2330463
mglBp,0.5,1,1,CGAATCCAACCAGCAGCATA,0,2407638
mglBp,0.5,1,1,CGAATAGATCCCTTAGTTTA,0,2341565
mglBp,0.5,1,1,CGAATAGAGTGCGCTATCCT,0,2330749
mglBp,0.5,1,1,CGAAGTTGAAACGGGATATA,0,2406560
mglBp,0.5,1,1,CGAAGGTCCACGAAAAAATG,0,2331939
mglBp,0.5,1,1,CGAAGCTGCTCCGAATCGTA,0,2341657
mglBp,0.5,1,1,CGAAGCTCCGGGTATGACGT,0,2342317
mglBp,0.5,1,1,CGAAGCTAGATGGAGCTCCT,0,2391023
mglBp,0.5,1,1,CGAACGTTGGAATATGTATG,0,2351020
mglBp,0.5,1,1,CGAACCACCTGAGAGAGATT,0,2325186
mglBp,0.5,1,1,CGAAAGCGTAAGCGCGATGG,0,2340311
mglBp,0.5,1,1,CGAAAGAGCAGGAACTCGAC,0,2321102
mglBp,0.5,1,1,CCTTTTGAGGAAGTCGTGGA,0,2403488
mglBp,0.5,1,1,CCTTTTCATGATTGTCCATT,0,2413470
mglBp,0.5,1,1,CCTTTTATCTGCCCGAAGGC,0,2352573
mglBp,0.5,1,1,CCTTTCCGTGTGGTGCCATT,0,2363304
mglBp,0.5,1,1,CCTTGCGAATGGCCCTTAGG,0,2409747
mglBp,0.5,1,1,CCTTCGCTAATCGGTTGAGC,0,2362949
mglBp,0.5,1,1,CCTTCAGGTAGGGCTTATTA,0,2344750
mglBp,0.5,1,1,CCTTATGCCCGATTGGTCCT,0,2384930
mglBp,0.5,1,1,CCTTATCATCTACGTTGGAT,0,2416074
mglBp,0.5,1,1,CCTTACGTCACATGCATCCT,0,2422098
mglBp,0.5,1,1,CCTGTTCGTGTCTCAGTATT,0,2398086
mglBp,0.5,1,1,CCTGTTAAGTCCCAGATGAA,0,2390443
mglBp,0.5,1,1,CCTGTGGTTTCGCACGCACG,0,2402714
mglBp,0.5,1,1,CCTGTGCTTCGCAGGGGTAT,0,2404319
mglBp,0.5,1,1,CCTGTCTGTAAATCCTACGA,0,2361779
mglBp,0.5,1,1,CCTGTATATACCTACTTGGA,0,2359286
mglBp,0.5,1,1,CCTGTAGGCGCAGTTGGATC,0,2368774
mglBp,0.5,1,1,CCTGGGTTGAACTTCGTTGC,0,2401540
mglBp,0.5,1,1,CCTGGCCTCGTTCCCCGGTA,0,2331605
mglBp,0.5,1,1,CCTGCTCGACGTCACGTTGG,0,2349681
mglBp,0.5,1,1,CCTGCTAATTGAGCAGGTTA,0,2389516
mglBp,0.5,1,1,CCTGCCCATGAAAACACATG,0,2336736
mglBp,0.5,1,1,CCTGCCACTTGTCCGTATGC,0,2380993
mglBp,0.5,1,1,CCTGCATCCCTGAAGCCCGA,0,2324824
mglBp,0.5,1,1,CCTGAGAAAACATTTGCGAT,0,2351268
mglBp,0.5,1,1,CCTGACCTTGTACCGTGGGA,0,2352443
mglBp,0.5,1,1,CCTCTGTTATTGTAGATATT,0,2368045
mglBp,0.5,1,1,CCTCTGGTATAATAGGTGGT,0,2393222
mglBp,0.5,1,1,CCTCTGGGATTACGAGGACC,0,2321225
mglBp,0.5,1,1,CCTCTCACCCCCCCATCCGT,0,2341387
mglBp,0.5,1,1,CCTCGGTATCGTACTGCTAT,0,2375342
mglBp,0.5,1,1,CCTCGGCGGGGCGCACGCTC,0,2332943
mglBp,0.5,1,1,CCTCGCGTATGAATCACCAG,0,2347539
mglBp,0.5,1,1,CCTCGCATCCCACCTTGGAA,0,2348222
mglBp,0.5,1,1,CCTCCGTTTCTGCAATATCA,0,2360459
mglBp,0.5,1,1,CCTCATGAGTCTTGTTGCGG,0,2392234
mglBp,0.5,1,1,CCTCACGAATTCATTTAGGT,0,2339300
mglBp,0.5,1,1,CCTCACCCGCCGCGGTTTCG,0,2344544
mglBp,0.5,1,1,CCTATGCGCAGAGCCACGTT,0,2345051
mglBp,0.5,1,1,CCTAGGCTAGTACGTTTGAA,0,2339610
mglBp,0.5,1,1,CCTAGGCGCCTTGCGACGAG,0,2355609
mglBp,0.5,1,1,CCTAGGAGTCCTCCAGGGCA,0,2359321
mglBp,0.5,1,1,CCTAGCCCGACTTGGATTTG,0,2368022
mglBp,0.5,1,1,CCTAGCATGTCTGACTGAGG,0,2324689
mglBp,0.5,1,1,CCTAGAGTGTTCTTATGCTC,0,2390057
mglBp,0.5,1,1,CCTACTGACTACACGGGGCG,0,2409134
mglBp,0.5,1,1,CCTACTCCACGTCTTACCCC,0,2367266
mglBp,0.5,1,1,CCTACGGCTGCTTCACGCAG,0,2356381
mglBp,0.5,1,1,CCTACATCAAGAGGTGGAAC,0,2334960
mglBp,0.5,1,1,CCTACAGCCTTAGGCACGAA,0,2323027
mglBp,0.5,1,1,CCTAATTCAGGTTATTCTAG,0,2406122
mglBp,0.5,1,1,CCTAAGCATAAGATGTGCAC,0,2415078
mglBp,0.5,1,1,CCTAACGTCGGATGTTTGGT,0,2349803
mglBp,0.5,1,1,CCTAACGCACGAATAGTATA,0,2369480
mglBp,0.5,1,1,CCGTTTCACGTGCCCTTACT,0,2326176
mglBp,0.5,1,1,CCGTTGGACAGATATAGTGC,0,2384841
mglBp,0.5,1,1,CCGTTCGGCTGCCACTCAAT,0,2415437
mglBp,0.5,1,1,CCGTGCCGACTCTGAGGCAA,0,2338510
mglBp,0.5,1,1,CCGTGATCGGTGCAGCGAGA,0,2353567
mglBp,0.5,1,1,CCGTGATCCTGGTTTCCCTC,0,2333350
mglBp,0.5,1,1,CCGTCGTTAGTGGAACAGTA,0,2384889
mglBp,0.5,1,1,CCGTCGTAGGCCGTGGTTCG,0,2344975
mglBp,0.5,1,1,CCGTCGCCAATTCACTTCAC,0,2349851
mglBp,0.5,1,1,CCGTCGAAAATTGTTAGGAG,0,2342276
mglBp,0.5,1,1,CCGTCATTGACACTCATTAT,0,2400561
mglBp,0.5,1,1,CCGTCATCTTGTCAACTTCT,0,2375646
mglBp,0.5,1,1,CCGTCACACGATCTGGCACA,0,2408728
mglBp,0.5,1,1,CCGTATAGGCTAAACCGCAA,0,2356385
mglBp,0.5,1,1,CCGTAGGATTGCTACTGAGT,0,2323079
mglBp,0.5,1,1,CCGTACGTGTCGAGCGTACG,0,2415984
mglBp,0.5,1,1,CCGTACCTAGGTACTGCCCT,0,2392060
mglBp,0.5,1,1,CCGGTTACTTATTAGGTTAG,0,2356376
mglBp,0.5,1,1,CCGGTGGGCTTTCCGTGGCA,0,2350811
mglBp,0.5,1,1,CCGGTGGAAAGGACCCGCTT,0,2385375
mglBp,0.5,1,1,CCGGGTCAAGCGCCTATCTT,0,2419732
mglBp,0.5,1,1,CCGGGGGTGTTACCAAAGAG,0,2339114
mglBp,0.5,1,1,CCGGGCTGATCTAAAATTTG,0,2375823
mglBp,0.5,1,1,CCGGGCCGCTGCGGTGTTAG,0,2352227
mglBp,0.5,1,1,CCGGGCCGACTGAAGGCTAC,0,2327259
mglBp,0.5,1,1,CCGGCGACGGTGTGTACAGG,0,2327722
mglBp,0.5,1,1,CCGGCCTTAAATACGGAGCT,0,2384319
mglBp,0.5,1,1,CCGGCCTAATAAGGATAGGT,0,2394726
mglBp,0.5,1,1,CCGGAGTTCCTGGGCTTTCC,0,2328372
mglBp,0.5,1,1,CCGGAGTAATATTATATGAT,0,2349545
mglBp,0.5,1,1,CCGGAGCTTGAGTAGGCCAG,0,2421957
mglBp,0.5,1,1,CCGCTTAGCTAGTTTCTGGT,0,2329740
mglBp,0.5,1,1,CCGCTCCGAGCCCATCAGAT,0,2316874
mglBp,0.5,1,1,CCGCGGTGTGAAGGTTGAAG,0,2408093
mglBp,0.5,1,1,CCGCGGGCGCAGAGCAGTCG,0,2358303
mglBp,0.5,1,1,CCGCGGACTGGAAACAAGCC,0,2331209
mglBp,0.5,1,1,CCGCGATCCGGGACCCATTC,0,2362735
mglBp,0.5,1,1,CCGCCTAAATTCGTCATTCT,0,2327984
mglBp,0.5,1,1,CCGCCGGGTTTTAGACGTGG,0,2400420
mglBp,0.5,1,1,CCGCCCGCGCTTAGTCAACC,0,2366031
mglBp,0.5,1,1,CCGCCCCCATAATGTATAGA,0,2350234
mglBp,0.5,1,1,CCGCATCGGTGGTGCTTAAT,0,2390738
mglBp,0.5,1,1,CCGCAGCACTAAAAGCTGGG,0,2396496
mglBp,0.5,1,1,CCGCACCATGTGGTCTTTCT,0,2386202
mglBp,0.5,1,1,CCGCAACAGATTGAGAATCC,0,2388209
mglBp,0.5,1,1,CCGCAAATTTACGTCGAAGG,0,2416406
mglBp,0.5,1,1,CCGATTTTTGCATACACTAC,0,2350183
mglBp,0.5,1,1,CCGATTCTTATACTGCAGGC,0,2360986
mglBp,0.5,1,1,CCGATGCATGTTTCCGACTC,0,2354801
mglBp,0.5,1,1,CCGATGAGCTCTCCCCAGAT,0,2410606
mglBp,0.5,1,1,CCGATGAATACGTGTGACAT,0,2331864
mglBp,0.5,1,1,CCGATATCCCAGGGACCGAT,0,2325821
mglBp,0.5,1,1,CCGAGTTCCTCCTATGCGTG,0,2334467
mglBp,0.5,1,1,CCGAGTACTTTCAGAGATGT,0,2383852
mglBp,0.5,1,1,CCGAGGCCGCCGTTATGCAG,0,2376732
mglBp,0.5,1,1,CCGAGCTGTCCTCACTAGGC,0,2352399
mglBp,0.5,1,1,CCGAGATGTAGATTACGGTT,0,2335671
mglBp,0.5,1,1,CCGAGAAGTTTGGTAAGTAT,0,2400844
mglBp,0.5,1,1,CCGACCTAAATACTGCAGTA,0,2320750
mglBp,0.5,1,1,CCGACCAACTGAGGGCCTAG,0,2330777
mglBp,0.5,1,1,CCGACAACGGGAAGTGAGAG,0,2370584
mglBp,0.5,1,1,CCGAACGTGTTTACGTGGGA,0,2337828
mglBp,0.5,1,1,CCGAAATGCAATGTGATAAC,0,2353395
mglBp,0.5,1,1,CCCTTTAATTGGATACGCCA,0,2410240
mglBp,0.5,1,1,CCCTTGGATAGGGTAATCCT,0,2322757
mglBp,0.5,1,1,CCCTTCGTTAGAGCCCTAGA,0,2382421
mglBp,0.5,1,1,CCCTTCACGAGAACGCAGGA,0,2382539
mglBp,0.5,1,1,CCCTTAGTGTCTTCGTTACA,0,2374861
mglBp,0.5,1,1,CCCTGTGCCTTGCTATTCAT,0,2327453
mglBp,0.5,1,1,CCCTGTACAAAGGACTCGGG,0,2375083
mglBp,0.5,1,1,CCCTGCTGGCCATCAGTGAT,0,2421266
mglBp,0.5,1,1,CCCTCTGGTACATTTTCGAT,0,2317770
mglBp,0.5,1,1,CCCTCGATATCGCTCGGTGT,0,2398133
mglBp,0.5,1,1,CCCTCGAGCTCGGGCTGAAG,0,2400142
mglBp,0.5,1,1,CCCTCCCGGGCCGGTTTTGT,0,2331716
mglBp,0.5,1,1,CCCTCAGACCGTAGTAGTGT,0,2408179
mglBp,0.5,1,1,CCCTATACTCCGGCTCTCGC,0,2388165
mglBp,0.5,1,1,CCCTAGCACTACCCCGTAAG,0,2418300
mglBp,0.5,1,1,CCCTAGAAGCACAGAAGCGT,0,2381454
mglBp,0.5,1,1,CCCTACGTTGTTTGCGTAAC,0,2320199
mglBp,0.5,1,1,CCCTACGATACGAGTCCAGT,0,2396966
mglBp,0.5,1,1,CCCTACCCTCAAGGCGCCGG,0,2418025
mglBp,0.5,1,1,CCCTAATGAGGTTAGCGCAG,0,2386983
mglBp,0.5,1,1,CCCGTTGATGACCCCGTCGA,0,2335369
mglBp,0.5,1,1,CCCGTAAGAGGAATCTCAGA,0,2372627
mglBp,0.5,1,1,CCCGGTAGCCTGGGTTTCAG,0,2397046
mglBp,0.5,1,1,CCCGGGGGAATTTCGATTTT,0,2356826
mglBp,0.5,1,1,CCCGGATTATAATGATGCGT,0,2406982
mglBp,0.5,1,1,CCCGCTTAACTACAATCCTG,0,2359277
mglBp,0.5,1,1,CCCGCTAGTTGTTAGTAGTT,0,2330268
mglBp,0.5,1,1,CCCGCTACAGTGGCTTATTG,0,2328313
mglBp,0.5,1,1,CCCGAGGTATGGGGGTCGGT,0,2397010
mglBp,0.5,1,1,CCCGAGCTTCGGATAACGTT,0,2406825
mglBp,0.5,1,1,CCCGAGCCGTGCGCGCGGCC,0,2323273
mglBp,0.5,1,1,CCCGAATTGGTCAAGCGCCT,0,2408296
mglBp,0.5,1,1,CCCGAAATTGCCCAGTACCC,0,2411635
mglBp,0.5,1,1,CCCCTTTGCACATACCCTAC,0,2330685
mglBp,0.5,1,1,CCCCTTAGGCGCATAAAAGT,0,2359704
mglBp,0.5,1,1,CCCCTGTAATGCAAGGCACA,0,2410237
mglBp,0.5,1,1,CCCCTGGTATTTGGCGCCAA,0,2398601
mglBp,0.5,1,1,CCCCTGACTCTCCCGTGAAG,0,2355616
mglBp,0.5,1,1,CCCCTGAAAGAAGGATTGCG,0,2338622
mglBp,0.5,1,1,CCCCTAGTTTCGTGATTCCT,0,2398015
mglBp,0.5,1,1,CCCCTACATCGCAACTGTCT,0,2329991
mglBp,0.5,1,1,CCCCGTTTGTATCAATATCG,0,2388435
mglBp,0.5,1,1,CCCCGTAAGTCGAACGCTTG,0,2340733
mglBp,0.5,1,1,CCCCGGTCCAAGGTGTGTTT,0,2414738
mglBp,0.5,1,1,CCCCGCGGTTTTCTTTCTGG,0,2363245
mglBp,0.5,1,1,CCCCGCAACTATATTCCCGC,0,2397902
mglBp,0.5,1,1,CCCCGACGTGGTACGTCCGG,0,2410374
mglBp,0.5,1,1,CCCCCGCTTTCCGGTTTGTT,0,2400870
mglBp,0.5,1,1,CCCCCCCAAGTGCACATCGT,0,2383605
mglBp,0.5,1,1,CCCCCACACGCATCCAAAAA,0,2409742
mglBp,0.5,1,1,CCCCATATGTTAGTTCGGGA,0,2348185
mglBp,0.5,1,1,CCCCACTAACGTATTTGACG,0,2342516
mglBp,0.5,1,1,CCCCAACATGTCCGATCAGT,0,2385294
mglBp,0.5,1,1,CCCATTGAAGTAGAGCAGTC,0,2376341
mglBp,0.5,1,1,CCCATCGAAACGAGATCACA,0,2397302
mglBp,0.5,1,1,CCCATAGTGACAAGCAAAAG,0,2383373
mglBp,0.5,1,1,CCCAGTATACCTCGGTAAAT,0,2388787
mglBp,0.5,1,1,CCCAGGGTACTGTGTCACAC,0,2338624
mglBp,0.5,1,1,CCCAGGCGGGCAACTCATTC,0,2373113
mglBp,0.5,1,1,CCCAGATAGTTTCAACGAGA,0,2334609
mglBp,0.5,1,1,CCCACGTAGGGCTTCGAAAA,0,2354998
mglBp,0.5,1,1,CCCACCTTTCTATTTCGTCC,0,2337192
mglBp,0.5,1,1,CCCACAGTGTAATCCTCGTC,0,2384120
mglBp,0.5,1,1,CCCAATTCCCCAAACCTATG,0,2358602
mglBp,0.5,1,1,CCCAATATGTAACTAACAAC,0,2385796
mglBp,0.5,1,1,CCCAAGACAGCTTGGCTTCC,0,2355957
mglBp,0.5,1,1,CCCAACTGGAGACGGCACGA,0,2415316
mglBp,0.5,1,1,CCCAAAAAGCAGTATTAAGA,0,2406989
mglBp,0.5,1,1,CCATTTTCCAATTGGTTAAA,0,2347789
mglBp,0.5,1,1,CCATTCGTCGATGATGGTGC,0,2383132
mglBp,0.5,1,1,CCATTCCGTTTCTCTTTTTA,0,2362831
mglBp,0.5,1,1,CCATGTTTGCGCACTCTTAG,0,2405471
mglBp,0.5,1,1,CCATGGAGTTCCCAGCTCGG,0,2323784
mglBp,0.5,1,1,CCATGGAGTGTTGGCCACTG,0,2325823
mglBp,0.5,1,1,CCATGCGCAGGCATTCCCAA,0,2392632
mglBp,0.5,1,1,CCATGAGAATACTTTCTTAC,0,2414491
mglBp,0.5,1,1,CCATCTTTATCAATGATGTG,0,2325428
mglBp,0.5,1,1,CCATCTAAAAGTAGGGATGG,0,2343474
mglBp,0.5,1,1,CCATCGTACTCCTGGATTGC,0,2396583
mglBp,0.5,1,1,CCATCGCCTAACTGGGGAGC,0,2370115
mglBp,0.5,1,1,CCATATTTTCATGGGCTGGC,0,2384099
mglBp,0.5,1,1,CCATATGGGTCTATGCCACA,0,2359647
mglBp,0.5,1,1,CCATAGTGCATCCGGCAGCA,0,2420655
mglBp,0.5,1,1,CCATAGTAGAGTTTAAAGGT,0,2369191
mglBp,0.5,1,1,CCATACCTGAGTCCCGGCCA,0,2386188
mglBp,0.5,1,1,CCAGTTTCATGACCCCGAGC,0,2335737
mglBp,0.5,1,1,CCAGTTAATGTTGCATGCGT,0,2333549
mglBp,0.5,1,1,CCAGTGTATGTATTCCTGTT,0,2345414
mglBp,0.5,1,1,CCAGTGACCCGATCGTCCAC,0,2327938
mglBp,0.5,1,1,CCAGGTGATAGGAATTGGCC,0,2353385
mglBp,0.5,1,1,CCAGGTGAGTTACACCGTAG,0,2326262
mglBp,0.5,1,1,CCAGGGCCCGCGTACCACAA,0,2316979
mglBp,0.5,1,1,CCAGGGAACATTACCTTGAA,0,2357322
mglBp,0.5,1,1,CCAGGCGGCTCTCTCTGAGG,0,2351547
mglBp,0.5,1,1,CCAGGATAAAAGCTTTTTAT,0,2372519
mglBp,0.5,1,1,CCAGGAATGGCCCAGTGGGT,0,2413196
mglBp,0.5,1,1,CCAGCTTAGGCGAATCGTCA,0,2365828
mglBp,0.5,1,1,CCAGCTATGTGAGCGTATGC,0,2394727
mglBp,0.5,1,1,CCAGCCGATGTACAGTTCAG,0,2420859
mglBp,0.5,1,1,CCAGATATAACGAGATAATG,0,2383592
mglBp,0.5,1,1,CCAGAGAGAGTGTGTAGCTG,0,2403843
mglBp,0.5,1,1,CCAGACGGAGGCACAGTACG,0,2344264
mglBp,0.5,1,1,CCAGACACGTGAAAACATGG,0,2412348
mglBp,0.5,1,1,CCAGAAACCACATGTCAACT,0,2323997
mglBp,0.5,1,1,CCACTGGATATGCGATCGAA,0,2411030
mglBp,0.5,1,1,CCACTACAGCGGTCCACGCC,0,2393120
mglBp,0.5,1,1,CCACGTCTCTCTAGAATTCC,0,2412405
mglBp,0.5,1,1,CCACGCGCGGACCAGCCTCT,0,2346262
mglBp,0.5,1,1,CCACCTCAGTCTCTCGAGGG,0,2414976
mglBp,0.5,1,1,CCACAGCTCCGGCAGCGCCT,0,2345518
mglBp,0.5,1,1,CCACAACCACGGCGGCTACT,0,2366320
mglBp,0.5,1,1,CCAATTGTTCGGTGCTGCGG,0,2349450
mglBp,0.5,1,1,CCAATTCCATATACCCAGTG,0,2360352
mglBp,0.5,1,1,CCAATCTCGTGGTCCTTACC,0,2394352
mglBp,0.5,1,1,CCAATATTACCGGGTTCATC,0,2326006
mglBp,0.5,1,1,CCAAGGGCAAAGTTCATGCT,0,2357821
mglBp,0.5,1,1,CCAAGAGGCAATCATGCCCC,0,2377434
mglBp,0.5,1,1,CCAACTAAGGGGGTCAACTG,0,2335527
mglBp,0.5,1,1,CCAACGTGCAGGCCACAGCA,0,2332279
mglBp,0.5,1,1,CCAACCAATAGGAATTAGTC,0,2391637
mglBp,0.5,1,1,CCAAAGCATCAGAGAAGCTG,0,2359946
mglBp,0.5,1,1,CCAAACCATATCCAAACCAT,0,2339611
mglBp,0.5,1,1,CCAAACACAGCCCAAACGGG,0,2322326
mglBp,0.5,1,1,CCAAAAAAATAGCAAGAAAG,0,2373412
mglBp,0.5,1,1,CATTTTAATACTCTCAATTT,0,2422572
mglBp,0.5,1,1,CATTTGGGAGACTTGCGTGC,0,2365236
mglBp,0.5,1,1,CATTTGCATGAATGGCGTGT,0,2395606
mglBp,0.5,1,1,CATTTGACGGGTCTAGACCG,0,2337669
mglBp,0.5,1,1,CATTTCAACCCGACCGTACG,0,2384015
mglBp,0.5,1,1,CATTTAGACGTGTCAGGGCA,0,2383896
mglBp,0.5,1,1,CATTGTGGATATGGCAGGAT,0,2410895
mglBp,0.5,1,1,CATTGTCACGGCGCGTACTT,0,2376207
mglBp,0.5,1,1,CATTGGGTCCAGTTACCTGG,0,2417960
mglBp,0.5,1,1,CATTGGGCGACTTACGATCC,0,2407126
mglBp,0.5,1,1,CATTGACACCAGTATCGCAT,0,2389862
mglBp,0.5,1,1,CATTGAACAGAATATAAATC,0,2365469
mglBp,0.5,1,1,CATTCTCACAAGCGATGCGC,0,2357308
mglBp,0.5,1,1,CATTCCGCCTTGGGAGTCTA,0,2400370
mglBp,0.5,1,1,CATTCACGGCTCCCACCCGC,0,2422101
mglBp,0.5,1,1,CATTCAACTTTTTGTCGTTA,0,2355148
mglBp,0.5,1,1,CATTATTTTACGTTCAGCAC,0,2408854
mglBp,0.5,1,1,CATTAGTAGTTTACATATGG,0,2372093
mglBp,0.5,1,1,CATTAGACGGGTGCAAGATG,0,2341509
mglBp,0.5,1,1,CATTACATTTATTAGTCACA,0,2321565
mglBp,0.5,1,1,CATTAACCGCTTGGAATACA,0,2372743
mglBp,0.5,1,1,CATGTTTTCTCGGTAAGGTT,0,2405197
mglBp,0.5,1,1,CATGTTTGGCCGTACGAAAA,0,2423003
mglBp,0.5,1,1,CATGTTCCAATGGGGAAGAG,0,2364151
mglBp,0.5,1,1,CATGTACTAGGCAGGTAACG,0,2404292
mglBp,0.5,1,1,CATGGTTAAGAAGCCTTACA,0,2342764
mglBp,0.5,1,1,CATGGTGTTAAGCCAAGAGT,0,2381702
mglBp,0.5,1,1,CATGGTGGCACTCATGGGCT,0,2340781
mglBp,0.5,1,1,CATGGTCTCTTGGGAAGGCT,0,2357369
mglBp,0.5,1,1,CATGGTCGCAGAAGTAGTTA,0,2376792
mglBp,0.5,1,1,CATGGGTCGGGGCAATGTAT,0,2363499
mglBp,0.5,1,1,CATGGGCCTACCGGAGATCT,0,2330429
mglBp,0.5,1,1,CATGGGCCAGTGTGTTTCTA,0,2317556
mglBp,0.5,1,1,CATGGCATGGCCACTCGGTT,0,2377962
mglBp,0.5,1,1,CATGGAACTGACCCCAGGGT,0,2328754
mglBp,0.5,1,1,CATGCTACGTGAAAAAAGAC,0,2358154
mglBp,0.5,1,1,CATGATTCGCAATGATCTTC,0,2403987
mglBp,0.5,1,1,CATGATCACAATTGCTCGGC,0,2420475
mglBp,0.5,1,1,CATCTTTTTAATAGTTTTGG,0,2419891
mglBp,0.5,1,1,CATCTTTGAACCTCCATTCC,0,2392575
mglBp,0.5,1,1,CATCTTGGGAGATTCGTAAT,0,2346884
mglBp,0.5,1,1,CATCTGTAGTTATTCGATGA,0,2369050
mglBp,0.5,1,1,CATCTGGATAATGGACGCGA,0,2339760
mglBp,0.5,1,1,CATCTGCGATCCGGGTCTGC,0,2353999
mglBp,0.5,1,1,CATCTCCTCGGCCCGATTCC,0,2327723
mglBp,0.5,1,1,CATCGTTCGATGCTTTACAC,0,2408127
mglBp,0.5,1,1,CATCGGCTCAACGCGGTTCA,0,2316563
mglBp,0.5,1,1,CATCGCACGGAATGGACTTC,0,2392899
mglBp,0.5,1,1,CATCGACCGCCTAGCGCAAC,0,2360890
mglBp,0.5,1,1,CATCCTTCTCCTCCCGGGTG,0,2385463
mglBp,0.5,1,1,CATCCTTATCTGAGGCCTTT,0,2330032
mglBp,0.5,1,1,CATCCGTAGTCTTATATGAC,0,2320895
mglBp,0.5,1,1,CATCCACGTTGTGTCCAGAG,0,2403396
mglBp,0.5,1,1,CATCAGGCTATGTATTGGTA,0,2358088
mglBp,0.5,1,1,CATCAGCTGTCAGCGAGTAC,0,2348904
mglBp,0.5,1,1,CATATTGGCACTGCCGCAGG,0,2376378
mglBp,0.5,1,1,CATATTATTGTACTCGTGCT,0,2408959
mglBp,0.5,1,1,CATATTAGCCGACCCCCAGG,0,2410905
mglBp,0.5,1,1,CATATCTATCGGGCATGAGT,0,2420230
mglBp,0.5,1,1,CATATCGTGCCAGTCAGGCC,0,2374953
mglBp,0.5,1,1,CATATATTGTCTTTATCAGG,0,2396260
mglBp,0.5,1,1,CATAGTGAGACACCGGGATC,0,2339228
mglBp,0.5,1,1,CATAGGTGGCAATTGGGCTG,0,2416443
mglBp,0.5,1,1,CATAGGCAAAGAGTATGCGC,0,2370468
mglBp,0.5,1,1,CATAGGATCTATCTAGTTCT,0,2373959
mglBp,0.5,1,1,CATAGCGGAATAGGGATTCT,0,2343113
mglBp,0.5,1,1,CATAGCCATACGGTGGTAGG,0,2344302
mglBp,0.5,1,1,CATACTTGGCTTATCTATTC,0,2396525
mglBp,0.5,1,1,CATACTTAGTATCTGATGTT,0,2405846
mglBp,0.5,1,1,CATACTAAGTACTGGCTGTC,0,2412306
mglBp,0.5,1,1,CATACGGGCAACCGGAACGT,0,2321145
mglBp,0.5,1,1,CATACGCGCTGACGTCCGCG,0,2388037
mglBp,0.5,1,1,CATAACAATAGGGATGAGCA,0,2382253
mglBp,0.5,1,1,CATAAATCTGAGACATACAG,0,2364861
mglBp,0.5,1,1,CATAAACCTGTCATATACTG,0,2362179
mglBp,0.5,1,1,CATAAAATTAGCATCTGGCC,0,2325514
mglBp,0.5,1,1,CAGTTTTGGGGGCAGTCGAG,0,2423197
mglBp,0.5,1,1,CAGTTTTGGGAACAGTCTAG,0,2412437
mglBp,0.5,1,1,CAGTTTTCAGTAGATCAGAA,0,2403680
mglBp,0.5,1,1,CAGTTTGAGCTACAGAGCCA,0,2357344
mglBp,0.5,1,1,CAGTTTCTCTCAGGACTTTG,0,2405518
mglBp,0.5,1,1,CAGTTTCTATAGAGTGAAAG,0,2347879
mglBp,0.5,1,1,CAGTTTCGCAGGGCGGTGTT,0,2363406
mglBp,0.5,1,1,CAGTTGGGGCAGTATGAGAC,0,2320520
mglBp,0.5,1,1,CAGTTGCTTACTCGTATCTT,0,2384495
mglBp,0.5,1,1,CAGTTGCTGTACTTCGCCCC,0,2370551
mglBp,0.5,1,1,CAGTTATGGCGATACAGCGT,0,2372902
mglBp,0.5,1,1,CAGTCCATATATCCCTTCGA,0,2323520
mglBp,0.5,1,1,CAGTATAACGCCTATTTAAC,0,2409515
mglBp,0.5,1,1,CAGTAGTGATCAGTCAATCG,0,2334658
mglBp,0.5,1,1,CAGTAGGGTGAGATTTGTGG,0,2376498
mglBp,0.5,1,1,CAGTAGCGCGTTTATAGCAA,0,2385409
mglBp,0.5,1,1,CAGTACGGGATCCGCGAGGA,0,2353391
mglBp,0.5,1,1,CAGTAAAGCCTGTTAGCGGG,0,2358789
mglBp,0.5,1,1,CAGGTTTACATCTCTCGTTC,0,2361183
mglBp,0.5,1,1,CAGGTTGGTCCGAAAGCTGT,0,2390687
mglBp,0.5,1,1,CAGGTTCGAGGTCGGGAACC,0,2397003
mglBp,0.5,1,1,CAGGTTCAGATTTGTGCTAC,0,2392693
mglBp,0.5,1,1,CAGGTGCACGTTAGGTGACA,0,2342948
mglBp,0.5,1,1,CAGGTCAGCGGGAGCGATAC,0,2367258
mglBp,0.5,1,1,CAGGTACAAGACGACCACAG,0,2423381
mglBp,0.5,1,1,CAGGGTTGTATAGATTCAGA,0,2334123
mglBp,0.5,1,1,CAGGGTGAGTAGGGTAATGG,0,2329187
mglBp,0.5,1,1,CAGGGGGCGTTGAATAGGAG,0,2384998
mglBp,0.5,1,1,CAGGGAGGCGATAGTGCACA,0,2345157
mglBp,0.5,1,1,CAGGCTCCGGAATTCCGGAA,0,2335344
mglBp,0.5,1,1,CAGGCATCTAAATAGGCTGC,0,2329260
mglBp,0.5,1,1,CAGGCACAGGCTCGTGGAGC,0,2380813
mglBp,0.5,1,1,CAGGATCTCATGGTTTACGC,0,2341449
mglBp,0.5,1,1,CAGGAGCCGAGAGGTTCTGT,0,2376913
mglBp,0.5,1,1,CAGGAAAGCATCGTGCACAT,0,2348328
mglBp,0.5,1,1,CAGGAAAACATTAGTTTAGT,0,2409412
mglBp,0.5,1,1,CAGCTGGTTGACGTAACTAA,0,2374959
mglBp,0.5,1,1,CAGCTGATCATTTCACTCCC,0,2355859
mglBp,0.5,1,1,CAGCTCGAACGAAATCCCAG,0,2324259
mglBp,0.5,1,1,CAGCTACCGGAGATCGGCTC,0,2359572
mglBp,0.5,1,1,CAGCTAACACAGGTGATATA,0,2383936
mglBp,0.5,1,1,CAGCGTGCAATTTGACTACC,0,2388995
mglBp,0.5,1,1,CAGCGTACCTGTTTTCTCTA,0,2316640
mglBp,0.5,1,1,CAGCGCTATAGTCCCCTAGA,0,2362402
mglBp,0.5,1,1,CAGCCTCAATAGTAGGACCT,0,2405426
mglBp,0.5,1,1,CAGCCGCGTAAGGACCCTGT,0,2384826
mglBp,0.5,1,1,CAGCCGAATTGGACTGGCGT,0,2365207
mglBp,0.5,1,1,CAGCCCACGGTGCGCCCCCA,0,2327391
mglBp,0.5,1,1,CAGCCATCTCAACAACATGT,0,2334145
mglBp,0.5,1,1,CAGCCAGCCCGCTATTAATA,0,2336730
mglBp,0.5,1,1,CAGCCAAAATCCTAATAAAA,0,2396022
mglBp,0.5,1,1,CAGCACGTATTCCTTAGCAG,0,2419096
mglBp,0.5,1,1,CAGCAACAGCGCTCCCCTCG,0,2365097
mglBp,0.5,1,1,CAGATTTATATGCCGAACTT,0,2319544
mglBp,0.5,1,1,CAGATCTCATGTCCTGGTAG,0,2418121
mglBp,0.5,1,1,CAGAGGTTAAATTGTGTCTA,0,2359620
mglBp,0.5,1,1,CAGAGACAGTTAGTTCCGTG,0,2330690
mglBp,0.5,1,1,CAGAGACAGCAACAGAGAAC,0,2386840
mglBp,0.5,1,1,CAGACTATCATATCCAACCT,0,2390962
mglBp,0.5,1,1,CAGACGCCCTATCATGGCAT,0,2328493
mglBp,0.5,1,1,CAGACGAACGCATAGAATAC,0,2320252
mglBp,0.5,1,1,CAGACAATTGACGGTAGATC,0,2379028
mglBp,0.5,1,1,CAGAATCAGTTGGGCCAGTG,0,2356221
mglBp,0.5,1,1,CACTTGACCGCAACGGGCTA,0,2330387
mglBp,0.5,1,1,CACTTCGTAGGGATGGACGC,0,2377490
mglBp,0.5,1,1,CACTTCCAGCTACTTAAAAT,0,2376365
mglBp,0.5,1,1,CACTGGGCATGCACCAAGTT,0,2333395
mglBp,0.5,1,1,CACTGGCCCGTAAAACGTTT,0,2337663
mglBp,0.5,1,1,CACTCGAATTCAGGGCCTAA,0,2344297
mglBp,0.5,1,1,CACTCAACTGGTAAAATTTG,0,2330858
mglBp,0.5,1,1,CACTATCGGATACCGATAGG,0,2403140
mglBp,0.5,1,1,CACTACGGGGAGACTTACTG,0,2338197
mglBp,0.5,1,1,CACTAAGTGAAACCTGTGCG,0,2350709
mglBp,0.5,1,1,CACTAAGCAGCGGGTCATGA,0,2400369
mglBp,0.5,1,1,CACGTTGTAACAAAAATGCT,0,2351984
mglBp,0.5,1,1,CACGTGTTACCCGTCGAACA,0,2350246
mglBp,0.5,1,1,CACGTGGGTAGTTTTCTGAA,0,2421763
mglBp,0.5,1,1,CACGTCGGGGTCACACTGTA,0,2384920
mglBp,0.5,1,1,CACGGTGAGTTGATGTGGTC,0,2399599
mglBp,0.5,1,1,CACGGTCTCCATTAAGGCGC,0,2339128
mglBp,0.5,1,1,CACGGCGGGGGAGGGGAGAT,0,2371401
mglBp,0.5,1,1,CACGGCATTCCATTGGGAGA,0,2375494
mglBp,0.5,1,1,CACGCTCAATTACAATAGTA,0,2409174
mglBp,0.5,1,1,CACGCTAGGTCCCCTAGGCG,0,2383452
mglBp,0.5,1,1,CACGCGCCACATTGACAAGC,0,2344874
mglBp,0.5,1,1,CACGCCGAGGCCCTGGTATA,0,2321070
mglBp,0.5,1,1,CACGCATGCGTATTGATTTC,0,2354413
mglBp,0.5,1,1,CACGCACTTTGGCCATGCTC,0,2417027
mglBp,0.5,1,1,CACGATGATGCGTATGTAAA,0,2394779
mglBp,0.5,1,1,CACGAGTCCTGGGTACGCAG,0,2409725
mglBp,0.5,1,1,CACGAGCCCAATCCTTGACA,0,2408258
mglBp,0.5,1,1,CACGAACTTCATCAGATCAG,0,2367108
mglBp,0.5,1,1,CACGAACGTTTGGAAAGCAG,0,2322016
mglBp,0.5,1,1,CACGAACGACCTATACTTCC,0,2330661
mglBp,0.5,1,1,CACGAACAAAGAGAGCAAAT,0,2339319
mglBp,0.5,1,1,CACCTGGCAGGGAATCAATC,0,2360411
mglBp,0.5,1,1,CACCTGGATGCCTACATGGC,0,2374717
mglBp,0.5,1,1,CACCTCGGTCAGGCTTTCTT,0,2345660
mglBp,0.5,1,1,CACCTCCCAAAATACGCATC,0,2412558
mglBp,0.5,1,1,CACCTCATGAAGAGTCTTTT,0,2339029
mglBp,0.5,1,1,CACCTATGAAGGATTCATCC,0,2385604
mglBp,0.5,1,1,CACCGTTTATCCGGTAGGGA,0,2320631
mglBp,0.5,1,1,CACCGGTTTCCCTCCGAGCT,0,2364076
mglBp,0.5,1,1,CACCGGGGCCTACTGTATGG,0,2318896
mglBp,0.5,1,1,CACCGGGCGCTTTAGATGCT,0,2419868
mglBp,0.5,1,1,CACCGCAGGGAAGTGTCCAC,0,2363838
mglBp,0.5,1,1,CACCGAACCGCGAAGGGTCA,0,2390222
mglBp,0.5,1,1,CACCCGGGTCCATATGCTTA,0,2352026
mglBp,0.5,1,1,CACCCCCTCTAATGACTGAC,0,2354486
mglBp,0.5,1,1,CACCCATCCGGTGGGGGCAT,0,2333687
mglBp,0.5,1,1,CACCATGCCAGGAATAAATG,0,2368546
mglBp,0.5,1,1,CACCATGCAATTACTGCTAG,0,2371340
mglBp,0.5,1,1,CACCAATTACGTTAGTTCAG,0,2392762
mglBp,0.5,1,1,CACATCCTTATTGACTCGGA,0,2336621
mglBp,0.5,1,1,CACATCCGCCCGCTGGAGTG,0,2335601
mglBp,0.5,1,1,CACAGTGACTTCCCAACTCA,0,2319932
mglBp,0.5,1,1,CACAGCCTCACGGTCGGGGA,0,2347275
mglBp,0.5,1,1,CACACTTTGAGCTACAGTGT,0,2373847
mglBp,0.5,1,1,CACACTCTCTAACCGCGCTT,0,2397061
mglBp,0.5,1,1,CACACTAGACAATTGCGTCG,0,2405747
mglBp,0.5,1,1,CACACGATTTATCCACTCTC,0,2331500
mglBp,0.5,1,1,CACACCAACGCATTACAGAG,0,2362105
mglBp,0.5,1,1,CACACATAAGCACAGAGCGG,0,2345167
mglBp,0.5,1,1,CACACAAGGCTAACATCAGT,0,2358257
mglBp,0.5,1,1,CACAATGTAAGACTTATCGG,0,2328938
mglBp,0.5,1,1,CACAATGCCTACTCTGCGGT,0,2346073
mglBp,0.5,1,1,CACAAACATATGAGCAAACA,0,2420527
mglBp,0.5,1,1,CAATTTTGCCAAGAGCCCCT,0,2417211
mglBp,0.5,1,1,CAATTACAAGAAATTCAACC,0,2350931
mglBp,0.5,1,1,CAATGGTTACGGGCTGACCC,0,2370867
mglBp,0.5,1,1,CAATGGGGGGAATTTATTAT,0,2388088
mglBp,0.5,1,1,CAATGCCGGATTCGTAGTGG,0,2393889
mglBp,0.5,1,1,CAATGCCCTTAGGGAGGATA,0,2418752
mglBp,0.5,1,1,CAATGAGATATAACGACGAA,0,2374768
mglBp,0.5,1,1,CAATCGCCGACACCATCAGA,0,2339222
mglBp,0.5,1,1,CAATCGAGAGTACTTGAGTG,0,2390507
mglBp,0.5,1,1,CAATCAGCGATACGAAGACT,0,2382371
mglBp,0.5,1,1,CAATATGGAATGTGGACATT,0,2380987
mglBp,0.5,1,1,CAATAGAATCGTGCGTATCA,0,2376785
mglBp,0.5,1,1,CAATACTGCCGTATGTCTGT,0,2352224
mglBp,0.5,1,1,CAATACAGCGTTTAATAATC,0,2363537
mglBp,0.5,1,1,CAATAACTTGCGTCATCAAG,0,2332788
mglBp,0.5,1,1,CAAGTTTACTTCGAGATGAT,0,2357966
mglBp,0.5,1,1,CAAGTCGCGGGACACAACTC,0,2417701
mglBp,0.5,1,1,CAAGTCCCCGGGTCCTAAGC,0,2388588
mglBp,0.5,1,1,CAAGGTACTAGCCGTTCCAA,0,2353517
mglBp,0.5,1,1,CAAGGGGATCTGGTGCCGGT,0,2324837
mglBp,0.5,1,1,CAAGGCCATCCTCCGTATTC,0,2328368
mglBp,0.5,1,1,CAAGCACGTAAGGGGGATAA,0,2335128
mglBp,0.5,1,1,CAAGATTGATTACGTACGTA,0,2417045
mglBp,0.5,1,1,CAAGAGGCAGGGGCTCCGGT,0,2375849
mglBp,0.5,1,1,CAAGAGCGGTTTTATTCGTA,0,2345096
mglBp,0.5,1,1,CAAGAAGCTCAAGAGACCGA,0,2421663
mglBp,0.5,1,1,CAACTTCGGACCGGTAGCAC,0,2334710
mglBp,0.5,1,1,CAACTGTTATCCTCTTCTTC,0,2327770
mglBp,0.5,1,1,CAACTGTGGCTTTGCGACTG,0,2377923
mglBp,0.5,1,1,CAACTGCCCCCCTTGACGAA,0,2365662
mglBp,0.5,1,1,CAACGTTCTCCACCGGGTGG,0,2331417
mglBp,0.5,1,1,CAACGTCTTTAGGCGGGCAT,0,2418782
mglBp,0.5,1,1,CAACGGCGCGCGTTGTGGAC,0,2363737
mglBp,0.5,1,1,CAACGCGGGGAGTGATAGAT,0,2336976
mglBp,0.5,1,1,CAACGCGCCAGTCGGGGCGT,0,2326337
mglBp,0.5,1,1,CAACGATGGAGGCGCGTGAA,0,2405360
mglBp,0.5,1,1,CAACGAAAATGATGTTGTTG,0,2325684
mglBp,0.5,1,1,CAACCTTGCTATGGGCTCAA,0,2323367
mglBp,0.5,1,1,CAACCTTATGCCCTAAGAGT,0,2412239
mglBp,0.5,1,1,CAACCGTCGGACTGTCACAT,0,2373256
mglBp,0.5,1,1,CAACCGAACAGGGGAACTCA,0,2332121
mglBp,0.5,1,1,CAACCCCACCGTTCTATGTT,0,2369345
mglBp,0.5,1,1,CAACCAAAGTTCACGATCAT,0,2397333
mglBp,0.5,1,1,CAACATTGAAGTCACCGCAG,0,2385379
mglBp,0.5,1,1,CAACATCTCTCGATCCTTGC,0,2370041
mglBp,0.5,1,1,CAACATCCAGTAGTTCTAGT,0,2368101
mglBp,0.5,1,1,CAACATAGAAAGAGAAAGGT,0,2364666
mglBp,0.5,1,1,CAACATACAGTGAATCGCTG,0,2332857
mglBp,0.5,1,1,CAACAGTACGCACAGTGTAA,0,2318240
mglBp,0.5,1,1,CAACACTTTATGCGTGCTAG,0,2417637
mglBp,0.5,1,1,CAACACTTTAAGATGGATCT,0,2357686
mglBp,0.5,1,1,CAACAAGTCATTTCCCGATG,0,2321957
mglBp,0.5,1,1,CAAATGGTAGTGGTTTCCAA,0,2388474
mglBp,0.5,1,1,CAAATGAAAGGCGTATACGT,0,2343869
mglBp,0.5,1,1,CAAATAACAGATTCACTTGC,0,2403523
mglBp,0.5,1,1,CAAAGCTGATCCGATCCCTA,0,2356729
mglBp,0.5,1,1,CAAAGCCTGTTCATGCCATG,0,2389642
mglBp,0.5,1,1,CAAACTCAGGGGATTGCTTA,0,2397857
mglBp,0.5,1,1,CAAAATTGACCCCACAAGGC,0,2341631
mglBp,0.5,1,1,CAAAACAAGCCCAGAATGAC,0,2375819
mglBp,0.5,1,1,CAAAAAGTCTCCGCGCCCGT,0,2372429
mglBp,0.5,1,1,CAAAAAATGCCAATTATGCA,0,2320883
mglBp,0.5,1,1,ATTTTGGACTCCGCCCGGCC,0,2394238
mglBp,0.5,1,1,ATTTTGATTACAGCGGGACG,0,2413480
mglBp,0.5,1,1,ATTTTCTATATAATACAAGT,0,2399211
mglBp,0.5,1,1,ATTTTCGACAGGTCCCCCTG,0,2392713
mglBp,0.5,1,1,ATTTTAGTGGTTGGCTTAAT,0,2386850
mglBp,0.5,1,1,ATTTTACATGGCAGTGTTGC,0,2404613
mglBp,0.5,1,1,ATTTGTTTCTCAGGACAAAT,0,2337079
mglBp,0.5,1,1,ATTTGTGCTATCTACGAGAC,0,2333276
mglBp,0.5,1,1,ATTTGGATCCAATGGATCAT,0,2345767
mglBp,0.5,1,1,ATTTGCAGTGTAGTACAGGA,0,2354841
mglBp,0.5,1,1,ATTTGACAAGGTCCGAAGCC,0,2367002
mglBp,0.5,1,1,ATTTCTGACGGCTATCAACA,0,2402330
mglBp,0.5,1,1,ATTTCTATCCTAGCTAGTCC,0,2370827
mglBp,0.5,1,1,ATTTCGTTTCACCGGAGGCG,0,2413447
mglBp,0.5,1,1,ATTTCGTCGAGGGGTAAGTA,0,2322106
mglBp,0.5,1,1,ATTTCGGTCAAATCCATCAG,0,2370165
mglBp,0.5,1,1,ATTTCGACCACGCCAGACGT,0,2419479
mglBp,0.5,1,1,ATTTCGAAACCTTCCTCCGG,0,2359291
mglBp,0.5,1,1,ATTTATGTAACGAGGTTGCT,0,2364888
mglBp,0.5,1,1,ATTTATGCTGTCGTTTTACG,0,2422291
mglBp,0.5,1,1,ATTTAGTGCAGTCGGAGCGG,0,2374556
mglBp,0.5,1,1,ATTTAATCGTTCCGAGTTGA,0,2391107
mglBp,0.5,1,1,ATTGTTTGGTCAGACCAGGA,0,2385792
mglBp,0.5,1,1,ATTGTGCCTTTGTCCCTATG,0,2369770
mglBp,0.5,1,1,ATTGTGATTAGAGATCATGA,0,2337649
mglBp,0.5,1,1,ATTGTATCCAGAAGGTGAAG,0,2411148
mglBp,0.5,1,1,ATTGTACGGGTGCGCGGGAA,0,2337444
mglBp,0.5,1,1,ATTGTAAAAGCGTCTGTGGA,0,2410156
mglBp,0.5,1,1,ATTGGTGGAGGCAGCCTTAC,0,2376505
mglBp,0.5,1,1,ATTGGGGGGCAAAAAAGCAG,0,2374463
mglBp,0.5,1,1,ATTGGGCCGCCATCCGCTAC,0,2421615
mglBp,0.5,1,1,ATTGGGATTTCCCGTGAACG,0,2320370
mglBp,0.5,1,1,ATTGGCGTAACTGTGCTAGG,0,2340367
mglBp,0.5,1,1,ATTGCTCACCCTCGGCCATA,0,2340667
mglBp,0.5,1,1,ATTGCGGATTTAAGACGTCC,0,2354130
mglBp,0.5,1,1,ATTGCATGGTCCCATCCAAT,0,2395444
mglBp,0.5,1,1,ATTGAGTGCGATAAAGCATG,0,2384293
mglBp,0.5,1,1,ATTGAGTACAATGCACAAGA,0,2362416
mglBp,0.5,1,1,ATTCTTGGCACAACGGACAG,0,2417841
mglBp,0.5,1,1,ATTCTGGGGTGCCCCGAGCT,0,2332510
mglBp,0.5,1,1,ATTCTCTGGGGGGTGGTGCA,0,2389316
mglBp,0.5,1,1,ATTCTAGCGGTTAGACACTG,0,2380505
mglBp,0.5,1,1,ATTCTAATTCGCCGGCTTCC,0,2331000
mglBp,0.5,1,1,ATTCTAAAAAGGGCGGACAA,0,2410399
mglBp,0.5,1,1,ATTCGTGTATGACACGCTCC,0,2412910
mglBp,0.5,1,1,ATTCGTGTATAGCTAATAGC,0,2371528
mglBp,0.5,1,1,ATTCGGTTCGAACCAGAACA,0,2414753
mglBp,0.5,1,1,ATTCGGTAAACTGCCGAAAC,0,2343152
mglBp,0.5,1,1,ATTCGGGCCTTAATGCGGCG,0,2342704
mglBp,0.5,1,1,ATTCGGCTGGCTTGAACGCA,0,2363772
mglBp,0.5,1,1,ATTCGGCTGAGTGAGAGGAC,0,2410152
mglBp,0.5,1,1,ATTCGGAAGTGCGCGCAAGC,0,2383474
mglBp,0.5,1,1,ATTCGACTCGCCTATCTTAC,0,2336796
mglBp,0.5,1,1,ATTCATGGACTATCTACGGT,0,2388223
mglBp,0.5,1,1,ATTCATCATGCTGGGTACAA,0,2357855
mglBp,0.5,1,1,ATTCAGCAACATTGCCATCA,0,2390328
mglBp,0.5,1,1,ATTCAGAGTAAACTCATGAG,0,2408976
mglBp,0.5,1,1,ATTCACTGGGAACGTCAGGA,0,2382926
mglBp,0.5,1,1,ATTCACACTCAAGCATTCCT,0,2390770
mglBp,0.5,1,1,ATTATGTTATCGCCATGTTC,0,2420623
mglBp,0.5,1,1,ATTATGCAATGGTTACGCAC,0,2336628
mglBp,0.5,1,1,ATTAGGACTTTGTGCCCGAT,0,2341142
mglBp,0.5,1,1,ATTAGCACTCACATGGCGGG,0,2349329
mglBp,0.5,1,1,ATTACTGTCACCACTATAAA,0,2395297
mglBp,0.5,1,1,ATTACGGGGCAAACCATTGC,0,2420946
mglBp,0.5,1,1,ATTACAATCTATGCGTACGT,0,2374473
mglBp,0.5,1,1,ATTACAACCTGTTGTGGTTT,0,2350613
mglBp,0.5,1,1,ATTAATTATCTATTCGTAAT,0,2396282
mglBp,0.5,1,1,ATTAATCACATGCAAGCTGC,0,2337136
mglBp,0.5,1,1,ATTAATAACCGAGAGACCTC,0,2395816
mglBp,0.5,1,1,ATTAAGCTTAAGTACACCTT,0,2395756
mglBp,0.5,1,1,ATTAAGAGAGCGCATACCAC,0,2387170
mglBp,0.5,1,1,ATTAACTATACCCGCCGTGT,0,2332482
mglBp,0.5,1,1,ATTAACAGTTTGTCGCTTAA,0,2341754
mglBp,0.5,1,1,ATTAAAGTACTCATTGTATT,0,2396917
mglBp,0.5,1,1,ATTAAAAGGGTGCCACAATA,0,2391016
mglBp,0.5,1,1,ATTAAAACCTCCGATTGATG,0,2318786
mglBp,0.5,1,1,ATGTTGAGGTTGCTTCGGAC,0,2319946
mglBp,0.5,1,1,ATGTTCTATCTCGTTTGTAT,0,2413653
mglBp,0.5,1,1,ATGTTATTAGGTGGCCTGAC,0,2391039
mglBp,0.5,1,1,ATGTGTTGAGTAAATAGTGA,0,2343510
mglBp,0.5,1,1,ATGTGTCATATCTCTTTCTC,0,2377672
mglBp,0.5,1,1,ATGTGGGGGGAGCCCAGGAC,0,2366651
mglBp,0.5,1,1,ATGTGCCGTGATTCTAGACT,0,2353593
mglBp,0.5,1,1,ATGTGATATCTAGCGGATTC,0,2379546
mglBp,0.5,1,1,ATGTGAGTCCCGTTAAAGTG,0,2362423
mglBp,0.5,1,1,ATGTGACCACCGGGATCTGC,0,2338508
mglBp,0.5,1,1,ATGTGACAGGAACGCATTGC,0,2355435
mglBp,0.5,1,1,ATGTCTCGTCACCAGCTTTG,0,2347384
mglBp,0.5,1,1,ATGTCGGCAATGATCAACGA,0,2361093
mglBp,0.5,1,1,ATGTATTATGGGCTAAGTCT,0,2401408
mglBp,0.5,1,1,ATGTATCGGCGACCAGTGTC,0,2421188
mglBp,0.5,1,1,ATGTAGGAGAGTGATATTCC,0,2395864
mglBp,0.5,1,1,ATGTAGATACAGGGATAAGC,0,2319483
mglBp,0.5,1,1,ATGTAGACCCTAGTCGAAGG,0,2380986
mglBp,0.5,1,1,ATGTACGAATTGGGGCATAG,0,2340363
mglBp,0.5,1,1,ATGTACATAGCACGGTGTGG,0,2367890
mglBp,0.5,1,1,ATGGTGCGACCGTGGATTTC,0,2352994
mglBp,0.5,1,1,ATGGTATGGAGTGATCCAAA,0,2419185
mglBp,0.5,1,1,ATGGTATGCATGCAGGACGC,0,2371727
mglBp,0.5,1,1,ATGGTACCATAAAACGAAAG,0,2342455
mglBp,0.5,1,1,ATGGGTATTCACTATAGGAC,0,2422512
mglBp,0.5,1,1,ATGGGGGAACGAACCGAGGC,0,2369585
mglBp,0.5,1,1,ATGGGATCTGGCCGTGAGTT,0,2333794
mglBp,0.5,1,1,ATGGGATCGAAGCAGATCAC,0,2374581
mglBp,0.5,1,1,ATGGGACAGGTAACAATAAT,0,2339284
mglBp,0.5,1,1,ATGGCTTGGTCCTCGTGAGT,0,2369580
mglBp,0.5,1,1,ATGGCTACTCGCATTGGTCG,0,2353234
mglBp,0.5,1,1,ATGGCCTTGTTTCTCTATGG,0,2366863
mglBp,0.5,1,1,ATGGCCAGGACGGTGCGCAA,0,2415222
mglBp,0.5,1,1,ATGGCAGTGCTGCCAGATAG,0,2403163
mglBp,0.5,1,1,ATGGATGGCAGCTTGGGGTC,0,2329676
mglBp,0.5,1,1,ATGGAGCTTCAAACCAGACA,0,2384670
mglBp,0.5,1,1,ATGGACTCATGCAACTACCT,0,2409335
mglBp,0.5,1,1,ATGGACGTAATTCAATGTTT,0,2408848
mglBp,0.5,1,1,ATGGACAAAATCGTAGCAAA,0,2360044
mglBp,0.5,1,1,ATGGAACTCAGGTGCAGCAG,0,2384119
mglBp,0.5,1,1,ATGCTTTAAGCCGTGAGGAA,0,2413878
mglBp,0.5,1,1,ATGCTAGAATTCGGTACCCA,0,2349011
mglBp,0.5,1,1,ATGCTACTGATAGCATATGA,0,2347445
mglBp,0.5,1,1,ATGCTACGGGTGGCTCGCGT,0,2395769
mglBp,0.5,1,1,ATGCCCTCTCAGGAGTGGAA,0,2356528
mglBp,0.5,1,1,ATGCCCCACGGAATAACCTT,0,2332625
mglBp,0.5,1,1,ATGCCAGGTACGCAGTTTCT,0,2376460
mglBp,0.5,1,1,ATGCCAAACGGAAGGTTATC,0,2411377
mglBp,0.5,1,1,ATGCACTTGACTTCGAGCCG,0,2366426
mglBp,0.5,1,1,ATGCACCTCACTCAAAGGCC,0,2361216
mglBp,0.5,1,1,ATGCACCAACCGCGGTAGAC,0,2322080
mglBp,0.5,1,1,ATGATGTCCTATGGCTGTCG,0,2388757
mglBp,0.5,1,1,ATGATATCCGGGCGTTCCGA,0,2418378
mglBp,0.5,1,1,ATGATACAGGGTCGCGAACA,0,2394046
mglBp,0.5,1,1,ATGATAATGGGGCGTTCTGG,0,2353261
mglBp,0.5,1,1,ATGATAATCGCGACAGCCTA,0,2410785
mglBp,0.5,1,1,ATGAGTGAGTGTGCACGTGT,0,2328858
mglBp,0.5,1,1,ATGAGGAGACTCAGACCCTT,0,2338681
mglBp,0.5,1,1,ATGAGATGACCTCGCTTATT,0,2389966
mglBp,0.5,1,1,ATGAGAGCCTGGTCTGGAGT,0,2395879
mglBp,0.5,1,1,ATGAGACTTAAGCGTACAAG,0,2396950
mglBp,0.5,1,1,ATGACGAGTTACCAGGATAT,0,2349478
mglBp,0.5,1,1,ATGACCGGCCTGGTACCGAC,0,2413563
mglBp,0.5,1,1,ATGAATCCTTTACTCGGACA,0,2326310
mglBp,0.5,1,1,ATGAAGGTTGATTTGCATGC,0,2394108
mglBp,0.5,1,1,ATGAAGCACTGCTGCGCGCT,0,2383748
mglBp,0.5,1,1,ATGAAGATGCATCGACACCG,0,2327981
mglBp,0.5,1,1,ATGAACGGGTGAACACGAAT,0,2391100
mglBp,0.5,1,1,ATGAAAGTGGAAGACATCGA,0,2378638
mglBp,0.5,1,1,ATCTTCCGTAGGCGTCTACT,0,2376663
mglBp,0.5,1,1,ATCTTAGACAGTAATTGCGT,0,2358530
mglBp,0.5,1,1,ATCTTAATGGTAACACGAAA,0,2404195
mglBp,0.5,1,1,ATCTGGCCTATCTGACTTGT,0,2358551
mglBp,0.5,1,1,ATCTGATGTACTCTTCGCTT,0,2370123
mglBp,0.5,1,1,ATCTCGTGCCCGTCCGTCAG,0,2322465
mglBp,0.5,1,1,ATCTCGTGAGTAACTTAGAG,0,2341905
mglBp,0.5,1,1,ATCTCCGCCGACGAATGCAA,0,2328803
mglBp,0.5,1,1,ATCTCCATGTAAGCATACAG,0,2390761
mglBp,0.5,1,1,ATCTCATGGTAGTGAAGTGT,0,2369664
mglBp,0.5,1,1,ATCTATCTATAAGATGTGAA,0,2364378
mglBp,0.5,1,1,ATCTAGGATATTATTGTAGC,0,2417820
mglBp,0.5,1,1,ATCTAGAGCAAAAATGTTAC,0,2330240
mglBp,0.5,1,1,ATCTACTATTACCAGGTCCT,0,2392262
mglBp,0.5,1,1,ATCTAAGCCGCAAGTCTCCC,0,2411229
mglBp,0.5,1,1,ATCTAACTAGGAACTACCAG,0,2396762
mglBp,0.5,1,1,ATCTAAACTACTGGACACAG,0,2327871
mglBp,0.5,1,1,ATCGTCCGCGACTTACAGCT,0,2370201
mglBp,0.5,1,1,ATCGTCCCATAATTTGGAGC,0,2353737
mglBp,0.5,1,1,ATCGTCAACGCCCAGAGATT,0,2377062
mglBp,0.5,1,1,ATCGTATGCGCGGCTCTACC,0,2415660
mglBp,0.5,1,1,ATCGTAATATATTCTGATCC,0,2414918
mglBp,0.5,1,1,ATCGGTAACCGGGGGTTTAG,0,2336405
mglBp,0.5,1,1,ATCGGGTTGCTGGAAGTGGG,0,2403482
mglBp,0.5,1,1,ATCGGGTAGGAGAGCAAAAA,0,2326371
mglBp,0.5,1,1,ATCGGGTAAATCCCCGAGGC,0,2381971
mglBp,0.5,1,1,ATCGGCTGCATTGTAGGAGC,0,2338504
mglBp,0.5,1,1,ATCGGATGACGGTCCGTCTA,0,2380866
mglBp,0.5,1,1,ATCGCTTACGCCAGTTGATA,0,2386857
mglBp,0.5,1,1,ATCGCTCTACACAGCGCGAA,0,2411020
mglBp,0.5,1,1,ATCGCGTGTCCCATTGATTA,0,2380902
mglBp,0.5,1,1,ATCGCGGCATCGTAGTCAGG,0,2361014
mglBp,0.5,1,1,ATCGCCTCCTAACGGGGAAT,0,2361097
mglBp,0.5,1,1,ATCGCCCAAGACAGCGTAAT,0,2380985
mglBp,0.5,1,1,ATCGAGTCTGCTGTAAGATG,0,2318114
mglBp,0.5,1,1,ATCGAGAAGCTACATCCGAG,0,2353704
mglBp,0.5,1,1,ATCGACCAATCCAAGGTCTT,0,2357088
mglBp,0.5,1,1,ATCCTTTCTTCTCCTCAAAT,0,2362248
mglBp,0.5,1,1,ATCCTGGTGCACTTTTCTGT,0,2397605
mglBp,0.5,1,1,ATCCTCGATGGTAAAAAGTG,0,2369112
mglBp,0.5,1,1,ATCCTCATTCGTTGAAACTG,0,2352911
mglBp,0.5,1,1,ATCCTAGTCATGATCCCATC,0,2410124
mglBp,0.5,1,1,ATCCTACCGCCCAGACCCTC,0,2403433
mglBp,0.5,1,1,ATCCTAAGAGCTCTGTTGGC,0,2414419
mglBp,0.5,1,1,ATCCGTGCTTGGCACCGTAC,0,2381256
mglBp,0.5,1,1,ATCCGAGAGTTCTAAACCGC,0,2357698
mglBp,0.5,1,1,ATCCCGCTACAGTCTTTCGG,0,2396987
mglBp,0.5,1,1,ATCCCGCACGCAAACTATTA,0,2416696
mglBp,0.5,1,1,ATCCATGGGTTGCAGGAGTT,0,2402069
mglBp,0.5,1,1,ATCCACTAAGCACCTTGATC,0,2380410
mglBp,0.5,1,1,ATCATGCGTTAGGAATGCTT,0,2412820
mglBp,0.5,1,1,ATCATGAAATCACCCTTGGA,0,2325107
mglBp,0.5,1,1,ATCATCGGCCGCTCAATATG,0,2409142
mglBp,0.5,1,1,ATCAGTGTCTAGCACGTGCA,0,2355356
mglBp,0.5,1,1,ATCAGGGCGTCTGATTCGTG,0,2364778
mglBp,0.5,1,1,ATCAGCGCATTTTTCCCCAG,0,2373089
mglBp,0.5,1,1,ATCAGCCGATATATGGCACA,0,2333572
mglBp,0.5,1,1,ATCACTTGCGGGGACTCGAT,0,2410613
mglBp,0.5,1,1,ATCACGGCAATTATAGTGAT,0,2337564
mglBp,0.5,1,1,ATCACATTTTCTGTATGGAC,0,2385418
mglBp,0.5,1,1,ATCACAGGTCTGTGCCATCG,0,2393878
mglBp,0.5,1,1,ATCAAGAGAGGCTGCCCTAC,0,2419177
mglBp,0.5,1,1,ATCAACGTGCTTTGCACTGG,0,2411563
mglBp,0.5,1,1,ATCAACAGGGGGAATCTAGG,0,2341309
mglBp,0.5,1,1,ATCAAAAGATGTACCAAAAT,0,2367623
mglBp,0.5,1,1,ATATTTGTGGGGATCTACAC,0,2394141
mglBp,0.5,1,1,ATATTTGACGCGCATTTCGA,0,2374558
mglBp,0.5,1,1,ATATTTACACGACTATTACG,0,2330220
mglBp,0.5,1,1,ATATTGTACACTAATACTCC,0,2333262
mglBp,0.5,1,1,ATATTGGTTGTTTAGATGTC,0,2348346
mglBp,0.5,1,1,ATATTCATACAGTGCCTCTT,0,2413766
mglBp,0.5,1,1,ATATTAGTAGATTGATGGAA,0,2388077
mglBp,0.5,1,1,ATATGTAGACGCGTCTAATC,0,2418115
mglBp,0.5,1,1,ATATGGGCAATATCACCGAG,0,2392826
mglBp,0.5,1,1,ATATGGCGTCTTAATCCATT,0,2342823
mglBp,0.5,1,1,ATATGCTAATATGTGCAGGA,0,2361220
mglBp,0.5,1,1,ATATGCGATCTATGATTCTG,0,2380619
mglBp,0.5,1,1,ATATCTCAGTAATAGGCCAA,0,2417160
mglBp,0.5,1,1,ATATCGATTCGGAGGTGGAA,0,2328838
mglBp,0.5,1,1,ATATCCGATCGCTGATTAGG,0,2412798
mglBp,0.5,1,1,ATATAGTTTGTCTGTGAGAC,0,2403659
mglBp,0.5,1,1,ATATAGTCGGAGTATTGCAG,0,2401468
mglBp,0.5,1,1,ATATACCGGCGGCTCGTAGG,0,2357648
mglBp,0.5,1,1,ATATACCGATCGAGAGCTCA,0,2365570
mglBp,0.5,1,1,ATATAATTAGGTATAGAGGG,0,2383380
mglBp,0.5,1,1,ATATAATCCTCCGGAGGCTA,0,2316748
mglBp,0.5,1,1,ATAGTTTTCATGTGCAAAAT,0,2375522
mglBp,0.5,1,1,ATAGTGGGTGCAAATTTCGG,0,2333789
mglBp,0.5,1,1,ATAGTAAGAGGCCTCTTTAG,0,2349315
mglBp,0.5,1,1,ATAGTAAAAGCATGTTTATT,0,2386745
mglBp,0.5,1,1,ATAGGTGCATAGGCAGGGAA,0,2369365
mglBp,0.5,1,1,ATAGCGAAACGGGTCTTATA,0,2412917
mglBp,0.5,1,1,ATAGACCGATTCGCGGCTTT,0,2333826
mglBp,0.5,1,1,ATAGAACCGTGATATGCGCT,0,2331528
mglBp,0.5,1,1,ATACTGGTTGGCAGGTGGTA,0,2333097
mglBp,0.5,1,1,ATACGGTTGTACCCAGTTCG,0,2416889
mglBp,0.5,1,1,ATACGGCCCATCCTTCTAGA,0,2327189
mglBp,0.5,1,1,ATACGCCTGAGAGTAAGACG,0,2360502
mglBp,0.5,1,1,ATACATCTCCTGTAAGACAG,0,2391930
mglBp,0.5,1,1,ATACATCTAACAATATGGCA,0,2365357
mglBp,0.5,1,1,ATACAGTGGTAGTTGTAATC,0,2377443
mglBp,0.5,1,1,ATACAACGCTAGACACGAGA,0,2414729
mglBp,0.5,1,1,ATAATTACTGGAGGTAGGTC,0,2343154
mglBp,0.5,1,1,ATAATCGGAATCCGGTAAGA,0,2351273
mglBp,0.5,1,1,ATAATCACTATCACCAAGGC,0,2362511
mglBp,0.5,1,1,ATAATAAGACTAATTTCTAT,0,2327253
mglBp,0.5,1,1,ATAAGCGGTATTTTAGTGCT,0,2406516
mglBp,0.5,1,1,ATAAGACCGGATGCCTCGCA,0,2412329
mglBp,0.5,1,1,ATAACTAGATATTCTACCTC,0,2382143
mglBp,0.5,1,1,ATAACCGTATACAAGCCTAT,0,2373266
mglBp,0.5,1,1,ATAACAAACATCTGCTTCTG,0,2409753
mglBp,0.5,1,1,ATAAATTTTAGGGCCAAACA,0,2341632
mglBp,0.5,1,1,ATAAATTCCTTGGCGACTGG,0,2338805
mglBp,0.5,1,1,ATAAATTCAATATCACTTTT,0,2339394
mglBp,0.5,1,1,ATAAATCATTCAACGTGTTT,0,2390273
mglBp,0.5,1,1,AGTTTTTATCCAACCCGACA,0,2385122
mglBp,0.5,1,1,AGTTTGGGCGCTCCTACCTT,0,2388190
mglBp,0.5,1,1,AGTTTCCTCCTGTCAGACAG,0,2412227
mglBp,0.5,1,1,AGTTTAGCTTTGTAATTAAC,0,2345822
mglBp,0.5,1,1,AGTTGTGCTTATCTTGTCGC,0,2338754
mglBp,0.5,1,1,AGTTGGCGGTTATACATGTT,0,2359780
mglBp,0.5,1,1,AGTTGATTATAACATAGCCT,0,2404956
mglBp,0.5,1,1,AGTTCTTTCGCGCTGGGTCC,0,2331377
mglBp,0.5,1,1,AGTTCTGGGGGAGTTTAGGC,0,2390927
mglBp,0.5,1,1,AGTTCATCGGCTTTAACAAT,0,2320314
mglBp,0.5,1,1,AGTTCACGGTCGATGCGTTG,0,2369887
mglBp,0.5,1,1,AGTTAGAAGGGTTTATGGGA,0,2317558
mglBp,0.5,1,1,AGTTACCTCGCGCTAGAACA,0,2354879
mglBp,0.5,1,1,AGTGTGAAGGGGGCCACGGC,0,2377011
mglBp,0.5,1,1,AGTGGTAAGTGACGCATAGA,0,2418968
mglBp,0.5,1,1,AGTGGGGCGACCATCACAGG,0,2322788
mglBp,0.5,1,1,AGTGGCGAGTAACCTTTTTG,0,2386805
mglBp,0.5,1,1,AGTGCGGCTGGTTCAATCTG,0,2370339
mglBp,0.5,1,1,AGTGCGCTTGGGGTTCTCGG,0,2344771
mglBp,0.5,1,1,AGTGCGAGGCAAAGCGTTGT,0,2342735
mglBp,0.5,1,1,AGTGATGATGTTCCTACAGT,0,2316822
mglBp,0.5,1,1,AGTGACAGGCAGTTGAGCAG,0,2408356
mglBp,0.5,1,1,AGTCTTTAAGGCTGGCCCAC,0,2324032
mglBp,0.5,1,1,AGTCTCTGGCTTGGCTTTAA,0,2376429
mglBp,0.5,1,1,AGTCTCAGGCGTAGAAAGCC,0,2338296
mglBp,0.5,1,1,AGTCTACGACACACCTGTCT,0,2329150
mglBp,0.5,1,1,AGTCTAAAATTTTAGGTAGT,0,2418234
mglBp,0.5,1,1,AGTCGGTTGCAAGTGTGTCT,0,2319203
mglBp,0.5,1,1,AGTCGGTTCACAAGGTGACA,0,2317199
mglBp,0.5,1,1,AGTCGCATAGTATACTCCGG,0,2340941
mglBp,0.5,1,1,AGTCGCACTACGTTCCAAGT,0,2376468
mglBp,0.5,1,1,AGTCCGCTCGGGTCCCCGAT,0,2400276
mglBp,0.5,1,1,AGTCCCTTACGACGGTTCCG,0,2358965
mglBp,0.5,1,1,AGTCCCCGGGTATGCCGTTT,0,2368937
mglBp,0.5,1,1,AGTCCACTATGTCCGCAATG,0,2368400
mglBp,0.5,1,1,AGTCCAAGAGAGCTTGGTCC,0,2405693
mglBp,0.5,1,1,AGTCATTTGGGAGGCTCAGC,0,2395239
mglBp,0.5,1,1,AGTCACGGGTGACGGTATAC,0,2381437
mglBp,0.5,1,1,AGTCAATGCGTGGCCGACAA,0,2410866
mglBp,0.5,1,1,AGTCAAACACCTGATTAAAC,0,2325783
mglBp,0.5,1,1,AGTATGCCCACCACATGATA,0,2368930
mglBp,0.5,1,1,AGTATCGATGTTTGCGGACT,0,2390870
mglBp,0.5,1,1,AGTATAATTCAGGTAGCGAT,0,2422040
mglBp,0.5,1,1,AGTAGTCATTGTCATCGACA,0,2362957
mglBp,0.5,1,1,AGTAGGTGGCTGCTAGCACT,0,2379972
mglBp,0.5,1,1,AGTAGGTACCCATCGTTATT,0,2375702
mglBp,0.5,1,1,AGTACTGAAATCGGTCAATC,0,2362828
mglBp,0.5,1,1,AGTACTCGACGCAAGCAGTC,0,2347173
mglBp,0.5,1,1,AGTACGCTTCAGAGGCGGAG,0,2404520
mglBp,0.5,1,1,AGTAATACTTAACCCACCTT,0,2347317
mglBp,0.5,1,1,AGTAACCCACATCTACTGAT,0,2321633
mglBp,0.5,1,1,AGTAACCACACATGAAGATC,0,2378778
mglBp,0.5,1,1,AGTAAAGCGGATCTCGGGCA,0,2411561
mglBp,0.5,1,1,AGTAAACTTTGGATGATGCC,0,2383877
mglBp,0.5,1,1,AGGTTTGCTGTGTTTACTAC,0,2390653
mglBp,0.5,1,1,AGGTTTGAATCCATCCGCGT,0,2354414
mglBp,0.5,1,1,AGGTTCTGGAGTGCGTCGCC,0,2334357
mglBp,0.5,1,1,AGGTTAATTCGTACCCAGTT,0,2352172
mglBp,0.5,1,1,AGGTGTGTACGCGCCCTATC,0,2321735
mglBp,0.5,1,1,AGGTGGACCAGGACTGTATG,0,2369288
mglBp,0.5,1,1,AGGTGCTTAAGGAAGCGTAG,0,2354978
mglBp,0.5,1,1,AGGTGCTGCAAGCAGAGATA,0,2326814
mglBp,0.5,1,1,AGGTGCCGGTTTCAGATACA,0,2332716
mglBp,0.5,1,1,AGGTGATTGACGGGAAGCAG,0,2357879
mglBp,0.5,1,1,AGGTGAAATGCAACGATTAT,0,2366249
mglBp,0.5,1,1,AGGTCTTGGTGTAATATGGA,0,2318113
mglBp,0.5,1,1,AGGTCGTGCTCTGCGTTGTT,0,2356767
mglBp,0.5,1,1,AGGTCGTAGGTACGGGAAAA,0,2329134
mglBp,0.5,1,1,AGGTCCTGATGAGGATTAAC,0,2344866
mglBp,0.5,1,1,AGGTCCGAAGCGCGGCATGG,0,2342993
mglBp,0.5,1,1,AGGTCATTTTAACCAATGTT,0,2417928
mglBp,0.5,1,1,AGGTCATGGGTGCTCTAGTC,0,2348773
mglBp,0.5,1,1,AGGTCAGTGGACAAGGGAGA,0,2374877
mglBp,0.5,1,1,AGGTATGCTTTTGGTTTACA,0,2363392
mglBp,0.5,1,1,AGGTATAATGTGTGCTACGT,0,2321637
mglBp,0.5,1,1,AGGTAGTGTTCGCCATGGCT,0,2343280
mglBp,0.5,1,1,AGGTACCCCCCTAGCTTGAA,0,2320322
mglBp,0.5,1,1,AGGTAAGTGACCGTTTCATC,0,2373214
mglBp,0.5,1,1,AGGTAAGCATGACCGTGTGT,0,2352255
mglBp,0.5,1,1,AGGTAACAGGGTCAGATCGC,0,2387327
mglBp,0.5,1,1,AGGTAAAATTCTTCAAATTT,0,2374841
mglBp,0.5,1,1,AGGGTTTGTTGGCTTATATT,0,2327197
mglBp,0.5,1,1,AGGGTTGGTTCGAAATACCA,0,2362190
mglBp,0.5,1,1,AGGGTGGCGCGAACAGTTGC,0,2388729
mglBp,0.5,1,1,AGGGTCTGACCTAATCTCCC,0,2406937
mglBp,0.5,1,1,AGGGGTTACCTAGTGTTGCC,0,2344969
mglBp,0.5,1,1,AGGGGGGTAGGCAGCCAAAT,0,2360176
mglBp,0.5,1,1,AGGGGACGGCTTTGCGATGG,0,2381596
mglBp,0.5,1,1,AGGGGAACGCTGACCCGTCC,0,2332358
mglBp,0.5,1,1,AGGGCGTCATCCATTTGGTA,0,2393455
mglBp,0.5,1,1,AGGGCGGTCCACGTAATCTT,0,2406870
mglBp,0.5,1,1,AGGGCCTAATTCGTCCGCGC,0,2407059
mglBp,0.5,1,1,AGGGAGTACGAACAAGGCAT,0,2394723
mglBp,0.5,1,1,AGGGAGATCTATGCGGTTAG,0,2387806
mglBp,0.5,1,1,AGGGAGACGTACTACAACGT,0,2388844
mglBp,0.5,1,1,AGGGACCGGGCGAATCCGGC,0,2363714
mglBp,0.5,1,1,AGGGACCCAGCACTGTATTT,0,2330269
mglBp,0.5,1,1,AGGGACAATGAAGGCTGGTA,0,2417617
mglBp,0.5,1,1,AGGGAAGCTGTGATTTTTGC,0,2423356
mglBp,0.5,1,1,AGGCTTTTACGCCCACGTGC,0,2363855
mglBp,0.5,1,1,AGGCTTTATCCTTCGTACCC,0,2332793
mglBp,0.5,1,1,AGGCTTCGACGAGACAAAAT,0,2378627
mglBp,0.5,1,1,AGGCTTACAGGAGCGTCATC,0,2413006
mglBp,0.5,1,1,AGGCTGATACCAGTGCACTG,0,2345593
mglBp,0.5,1,1,AGGCTCATGTTCATTATTCT,0,2395967
mglBp,0.5,1,1,AGGCTATCGGGGCGGGTCCT,0,2362338
mglBp,0.5,1,1,AGGCTATAACGAGGAGATCC,0,2382424
mglBp,0.5,1,1,AGGCGTCTTTCCTTTCTCCA,0,2420436
mglBp,0.5,1,1,AGGCGGCATAGTTCTAATCC,0,2317374
mglBp,0.5,1,1,AGGCCTCAGGACCATACGGA,0,2358866
mglBp,0.5,1,1,AGGCCCTTTCGTCCCGGGGG,0,2377445
mglBp,0.5,1,1,AGGCCCTGCACCCCCCAAGG,0,2393393
mglBp,0.5,1,1,AGGCCCCAAGCCGACCTCAT,0,2389848
mglBp,0.5,1,1,AGGCATACCGCCACCCTTTC,0,2420056
mglBp,0.5,1,1,AGGCAGACCAGGCGTGCCGA,0,2321977
mglBp,0.5,1,1,AGGCACGGGGAGTCCGGATA,0,2345872
mglBp,0.5,1,1,AGGCAATGAACCGAGTTGAT,0,2338838
mglBp,0.5,1,1,AGGATCTGAGGCGGGATCGC,0,2354239
mglBp,0.5,1,1,AGGATATACGCCTGGAATAG,0,2414721
mglBp,0.5,1,1,AGGAGAATCCGTATATTTCA,0,2371595
mglBp,0.5,1,1,AGGACGTAAGGGACCCGAAG,0,2355485
mglBp,0.5,1,1,AGGACCCCCGGAGCCCTCGC,0,2354534
mglBp,0.5,1,1,AGGACATTTTTTTATCCTTT,0,2344480
mglBp,0.5,1,1,AGGACAGCAACGGGTAGTCA,0,2339290
mglBp,0.5,1,1,AGGAAGGAATTGATGTTTCG,0,2385284
mglBp,0.5,1,1,AGGAAGCCGGACACAACTAT,0,2415259
mglBp,0.5,1,1,AGGAAGACCTCAGCTGCCCA,0,2392582
mglBp,0.5,1,1,AGGAACTTAGAGACTTGTCG,0,2393267
mglBp,0.5,1,1,AGGAACAGTCAAGTTTCCCT,0,2414533
mglBp,0.5,1,1,AGCTTGTCCTCACGCGGCTA,0,2374072
mglBp,0.5,1,1,AGCTTGGTTCGTCATACTTG,0,2375995
mglBp,0.5,1,1,AGCTTGGCAACCGGAATCGT,0,2382110
mglBp,0.5,1,1,AGCTTCCGGGGCAATTAGTT,0,2358533
mglBp,0.5,1,1,AGCTGTATCAATCGACTGTG,0,2393597
mglBp,0.5,1,1,AGCTGGAGTCTGGCATTGTG,0,2343279
mglBp,0.5,1,1,AGCTGAACCTAGACCGAAGG,0,2324004
mglBp,0.5,1,1,AGCTCTGGGACATAAAGTAT,0,2339392
mglBp,0.5,1,1,AGCTCTACATATAAGAAAAT,0,2383450
mglBp,0.5,1,1,AGCTCAAAATACATGTTATC,0,2385932
mglBp,0.5,1,1,AGCTAGCTGTCGCCGACACT,0,2340317
mglBp,0.5,1,1,AGCTACTACGGTGCCGGCTA,0,2384447
mglBp,0.5,1,1,AGCTACACAGCACAGCAGCG,0,2359305
mglBp,0.5,1,1,AGCTACAATTTTGTGTACTG,0,2381071
mglBp,0.5,1,1,AGCTAACGTTATGTGACCAG,0,2417177
mglBp,0.5,1,1,AGCTAAACGCAAACCGGGAG,0,2358402
mglBp,0.5,1,1,AGCGTGTAATCAGATCACCG,0,2373880
mglBp,0.5,1,1,AGCGTCGCGCGCGCCTGGAT,0,2338493
mglBp,0.5,1,1,AGCGGGCATTTTAGTGTACC,0,2398847
mglBp,0.5,1,1,AGCGGAGCATAGCACAGCGT,0,2321749
mglBp,0.5,1,1,AGCGGAAGTTCGCGGCTTGC,0,2356623
mglBp,0.5,1,1,AGCGGAACGTTCTGCTACAG,0,2398407
mglBp,0.5,1,1,AGCGCTATGCGAATGTAATA,0,2377824
mglBp,0.5,1,1,AGCGCGCGGTCGCTATGTTG,0,2417537
mglBp,0.5,1,1,AGCGCAGTAACCCGGCAGGT,0,2367662
mglBp,0.5,1,1,AGCGATCGGGGGCCGAGATC,0,2364168
mglBp,0.5,1,1,AGCCTGGGTGATATCGGAAG,0,2317778
mglBp,0.5,1,1,AGCCTAGTCAAACTCAGGAT,0,2330474
mglBp,0.5,1,1,AGCCTAATACGTACTATCAC,0,2393044
mglBp,0.5,1,1,AGCCGGAGTCGGTAGAACAC,0,2396146
mglBp,0.5,1,1,AGCCGAGGCTATCTTCTACG,0,2330174
mglBp,0.5,1,1,AGCCGAGGATGATTCGTACC,0,2391104
mglBp,0.5,1,1,AGCCCTTGACTGTGGACGCT,0,2346251
mglBp,0.5,1,1,AGCCATCTCACGACGGGCGG,0,2396816
mglBp,0.5,1,1,AGCCACGTATGAACTGATCC,0,2325847
mglBp,0.5,1,1,AGCCACATGTTCGTGCGGAG,0,2413670
mglBp,0.5,1,1,AGCATTACTGGAGGAGGCTA,0,2326317
mglBp,0.5,1,1,AGCAGTACTATCTATTTGAT,0,2397042
mglBp,0.5,1,1,AGCACGGGGCATATTAGCTG,0,2336361
mglBp,0.5,1,1,AGCACATTGCCCTCTTTGTC,0,2362576
mglBp,0.5,1,1,AGCACATGTTCTAATGAGAC,0,2402008
mglBp,0.5,1,1,AGCAAGGTTCTACACCAAAG,0,2367722
mglBp,0.5,1,1,AGCAACCACAATATTTGAAA,0,2356032
mglBp,0.5,1,1,AGCAAATACAACTATTTCGT,0,2387605
mglBp,0.5,1,1,AGATTGTACTCTAAGGTTTA,0,2400416
mglBp,0.5,1,1,AGATTGCTTAGGATGCAGGC,0,2347669
mglBp,0.5,1,1,AGATGAGATACTAGATGATG,0,2337449
mglBp,0.5,1,1,AGATGACGGGAAGTCTAAAC,0,2371732
mglBp,0.5,1,1,AGATCTTAAAATGCGTCGAA,0,2356739
mglBp,0.5,1,1,AGATCCCTCACTGTCGGCAT,0,2326799
mglBp,0.5,1,1,AGATCAGTCGTTGTCCACGT,0,2321042
mglBp,0.5,1,1,AGATATGGTCAGTAGGCTGA,0,2356558
mglBp,0.5,1,1,AGATACACTAATAACTGGAC,0,2332690
mglBp,0.5,1,1,AGATAATTCTGATAGACGTT,0,2405377
mglBp,0.5,1,1,AGAGTTCATCCGTGGATATT,0,2362305
mglBp,0.5,1,1,AGAGTTAGACTAAAGGATTG,0,2344621
mglBp,0.5,1,1,AGAGTGTATGCATGGCGCAG,0,2345712
mglBp,0.5,1,1,AGAGTGGACGACCGCACGTT,0,2321513
mglBp,0.5,1,1,AGAGGTGGGGTTCCCGTCTC,0,2387753
mglBp,0.5,1,1,AGAGGTCTGTATTGGTACGG,0,2419914
mglBp,0.5,1,1,AGAGGCTCGCCGAGTGCCCT,0,2318666
mglBp,0.5,1,1,AGAGGCTACCCCGGCTGCAC,0,2397361
mglBp,0.5,1,1,AGAGGCCCGCAGACGTGGTA,0,2389114
mglBp,0.5,1,1,AGAGGCCAAGGAGAATCGTG,0,2330288
mglBp,0.5,1,1,AGAGGCAACCAGGTCTAGAG,0,2317072
mglBp,0.5,1,1,AGAGGAGTCCTAAGGTCCAT,0,2385954
mglBp,0.5,1,1,AGAGGACCGCCAGTTCCCCG,0,2356309
mglBp,0.5,1,1,AGAGCCTAAACTCAATACTG,0,2354300
mglBp,0.5,1,1,AGAGCCAGGGTGAGACAAGC,0,2333929
mglBp,0.5,1,1,AGAGCACATCATGTAAGGCC,0,2389636
mglBp,0.5,1,1,AGAGAATGTGGTTTTATCTC,0,2355355
mglBp,0.5,1,1,AGACGGATGGATGCATAGAA,0,2392358
mglBp,0.5,1,1,AGACGCCACCTGGGTTTACG,0,2416045
mglBp,0.5,1,1,AGACCTGGTCTGGAGTATAG,0,2384161
mglBp,0.5,1,1,AGACCAGCGTTCAGTGTTCG,0,2347942
mglBp,0.5,1,1,AGACCACATATAACGAACAC,0,2354296
mglBp,0.5,1,1,AGACATTTTGACCTGGACGC,0,2417268
mglBp,0.5,1,1,AGACAGTGTCCTGGGTCACG,0,2390728
mglBp,0.5,1,1,AGAATTTTTAGGCCGCGTCG,0,2377856
mglBp,0.5,1,1,AGAATGTGGTCAAAAGGACT,0,2389725
mglBp,0.5,1,1,AGAAGTGTTGCAGACCACCA,0,2336592
mglBp,0.5,1,1,AGAAGTCTACCGATGCAACT,0,2336135
mglBp,0.5,1,1,AGAAGGCGACTCTAGTGTCA,0,2367099
mglBp,0.5,1,1,AGAAGGCCGTTCCCGACGTC,0,2408573
mglBp,0.5,1,1,AGAAGAAATAGAAATCGACT,0,2408971
mglBp,0.5,1,1,AGAACAGAGTCCCGCCAAGA,0,2422870
mglBp,0.5,1,1,AGAACACGATCAGGATTGTG,0,2348516
mglBp,0.5,1,1,AGAACACATGTGCTAGTGCC,0,2421986
mglBp,0.5,1,1,AGAAATGTGAGATAGGCCGT,0,2405547
mglBp,0.5,1,1,AGAAATGATTAGCTCATTTG,0,2408036
mglBp,0.5,1,1,AGAAAGGGTTGGACCTGCAG,0,2406067
mglBp,0.5,1,1,AGAAACGTGCTTGTTGACGA,0,2401331
mglBp,0.5,1,1,AGAAAAAGGATAAGGCTCCC,0,2347335
mglBp,0.5,1,1,ACTTTTTTTACGTCCACTAT,0,2342333
mglBp,0.5,1,1,ACTTTGTTGAAGCGCCATTG,0,2403844
mglBp,0.5,1,1,ACTTTCTCGCTTCGTCTATC,0,2380721
mglBp,0.5,1,1,ACTTTCGGCGAGACGTTCTC,0,2379185
mglBp,0.5,1,1,ACTTTCCGATGACGCACAAG,0,2368910
mglBp,0.5,1,1,ACTTTAAGCCAGTTTGAAAG,0,2336418
mglBp,0.5,1,1,ACTTGTTTCCTACGACTCTT,0,2360973
mglBp,0.5,1,1,ACTTGTTATACAGACTGAAG,0,2321209
mglBp,0.5,1,1,ACTTGCTTATGGTAGCAACA,0,2368914
mglBp,0.5,1,1,ACTTGACTACGAAGTTGCAG,0,2366607
mglBp,0.5,1,1,ACTTCGGAGCGGTGGTGGCT,0,2407008
mglBp,0.5,1,1,ACTTATTGGACTGCGTCGCT,0,2357123
mglBp,0.5,1,1,ACTTAGAAGGACAACCTTAT,0,2359783
mglBp,0.5,1,1,ACTTAAGGGTCATAGAAGCT,0,2376230
mglBp,0.5,1,1,ACTTAACAGCGTATGGTCAC,0,2316894
mglBp,0.5,1,1,ACTGTTTTTTCCAACCTTGT,0,2401706
mglBp,0.5,1,1,ACTGTTCGCCCCGGACTAGA,0,2386303
mglBp,0.5,1,1,ACTGTGATTCCGTATTGGGC,0,2398942
mglBp,0.5,1,1,ACTGTGAGAATATGCGGACA,0,2386453
mglBp,0.5,1,1,ACTGTACGAGATCTAGTGCA,0,2377086
mglBp,0.5,1,1,ACTGGTTGGTTAGAAAGAGA,0,2325387
mglBp,0.5,1,1,ACTGCTGCTGATGGACAGTT,0,2374600
mglBp,0.5,1,1,ACTGCGTCGTTTATCTGTCT,0,2329448
mglBp,0.5,1,1,ACTGCGAGTAGCACAATTAC,0,2346612
mglBp,0.5,1,1,ACTGCCTCTAGCAGACCCGG,0,2354639
mglBp,0.5,1,1,ACTGCCTCGGTGCGGTCAAC,0,2370512
mglBp,0.5,1,1,ACTGCCATTAGAGGGTGTAC,0,2342915
mglBp,0.5,1,1,ACTGCATATTGTTCGGGATC,0,2344817
mglBp,0.5,1,1,ACTGACACTGAGGAAGAAGT,0,2343074
mglBp,0.5,1,1,ACTCTTCAGACAGCGAAGGG,0,2365355
mglBp,0.5,1,1,ACTCTCTCGTACTCCTCGGA,0,2371458
mglBp,0.5,1,1,ACTCTACACGCGAGCGTATC,0,2412834
mglBp,0.5,1,1,ACTCGTCTTTCAGTCTGCAC,0,2403707
mglBp,0.5,1,1,ACTCGTCACATGTCATTTGC,0,2406600
mglBp,0.5,1,1,ACTCGGACGAACCTCTTGAT,0,2372226
mglBp,0.5,1,1,ACTCGCTTTGCTGAGGGTAA,0,2354410
mglBp,0.5,1,1,ACTCGATATGACTTTTGACG,0,2346329
mglBp,0.5,1,1,ACTCCTTAAGGGTGACGTTG,0,2403491
mglBp,0.5,1,1,ACTCCTAACAGTTTCAGTAC,0,2344266
mglBp,0.5,1,1,ACTCCACCTCCTAGCATAAG,0,2401972
mglBp,0.5,1,1,ACTCAGTCGGTTAAAGTGCG,0,2413687
mglBp,0.5,1,1,ACTCACCCGTGCAACACGTT,0,2349507
mglBp,0.5,1,1,ACTATTGTGAAGGTTGTCCA,0,2358816
mglBp,0.5,1,1,ACTATGGGGAATCGTAAGCT,0,2380868
mglBp,0.5,1,1,ACTATGCCAGATCTGACTAG,0,2351637
mglBp,0.5,1,1,ACTATCTGTGAATTATAATA,0,2335265
mglBp,0.5,1,1,ACTATATTAACTGACCGGAA,0,2344110
mglBp,0.5,1,1,ACTAGGGTCCGAAATCCTTG,0,2364989
mglBp,0.5,1,1,ACTAGGGTCAAGGATCAGGA,0,2384692
mglBp,0.5,1,1,ACTAGCGTGAATAAGTGTGC,0,2413695
mglBp,0.5,1,1,ACTAGCGGTCCGACACTCTA,0,2332219
mglBp,0.5,1,1,ACTAGCCGTACCTGAATGAA,0,2384569
mglBp,0.5,1,1,ACTAGAGACATCGCATATAC,0,2349416
mglBp,0.5,1,1,ACTACCTGGGATAGCCGTTG,0,2325160
mglBp,0.5,1,1,ACTACCGCCCTTAGTGGCTA,0,2337456
mglBp,0.5,1,1,ACTAATTACCATCAGTCCCC,0,2389490
mglBp,0.5,1,1,ACTAAGCATCAGGGACAAGG,0,2340147
mglBp,0.5,1,1,ACTAACGAACAGTGGTTCGT,0,2407914
mglBp,0.5,1,1,ACGTTTTGATGCGAACTGCA,0,2414830
mglBp,0.5,1,1,ACGTTGTAACTTAGAGCTTG,0,2367838
mglBp,0.5,1,1,ACGTTCAAATGTAAGTGAGT,0,2399632
mglBp,0.5,1,1,ACGTTAGACATGGTTTCGAT,0,2377239
mglBp,0.5,1,1,ACGTTAATGATTGACAATCC,0,2349558
mglBp,0.5,1,1,ACGTTAACGGACGGGTGTAT,0,2405928
mglBp,0.5,1,1,ACGTGTTTGCCCATAGTGGG,0,2341274
mglBp,0.5,1,1,ACGTGTGTGAGATCGGGTAC,0,2417955
mglBp,0.5,1,1,ACGTGAGTAACTCTCATGAG,0,2367157
mglBp,0.5,1,1,ACGTGAGAAAAAGGCGCGGT,0,2394563
mglBp,0.5,1,1,ACGTCGATTTTATATATAGC,0,2353371
mglBp,0.5,1,1,ACGTCCGGCCCAGGCTCGGG,0,2326791
mglBp,0.5,1,1,ACGTCAGCGTGGTACGTCCC,0,2352389
mglBp,0.5,1,1,ACGTCACCATTACAAGCCAT,0,2325445
mglBp,0.5,1,1,ACGTCAAGCGTTTCCAAACA,0,2419028
mglBp,0.5,1,1,ACGTAGATTGCGGGCATGAG,0,2413257
mglBp,0.5,1,1,ACGTACCGCGTATATTACCC,0,2375225
mglBp,0.5,1,1,ACGTAACTGCGAATTACATC,0,2405599
mglBp,0.5,1,1,ACGTAAACTCGCAACGGAAA,0,2333797
mglBp,0.5,1,1,ACGGTTGCACCCTCTCAAAA,0,2348354
mglBp,0.5,1,1,ACGGTTGATCTAATTTCTCT,0,2394280
mglBp,0.5,1,1,ACGGTCTACCGATGAGCCTA,0,2371009
mglBp,0.5,1,1,ACGGGTCTTTCCCGGTTTGT,0,2321300
mglBp,0.5,1,1,ACGGGGTATGATTGTACTCA,0,2316437
mglBp,0.5,1,1,ACGGGGCTGGTGGAGATTTG,0,2354127
mglBp,0.5,1,1,ACGGGGAGGTTAGGGAGCGA,0,2371872
mglBp,0.5,1,1,ACGGGCGTATAGGTTCCACA,0,2333583
mglBp,0.5,1,1,ACGGGAAATACGGGGGTGTG,0,2377409
mglBp,0.5,1,1,ACGGCTTCATGGGGTAGCTC,0,2357921
mglBp,0.5,1,1,ACGGCTGTAAACCTTGGGGT,0,2358608
mglBp,0.5,1,1,ACGGCTAGCAATACTTTCGC,0,2416499
mglBp,0.5,1,1,ACGGCGTGTGCCCGCAGCGG,0,2342519
mglBp,0.5,1,1,ACGGCGTGTCCCATGTAGGA,0,2415738
mglBp,0.5,1,1,ACGGCGGCTGGGGTCAAGCT,0,2332598
mglBp,0.5,1,1,ACGGCGAGGTATTTTGGGTC,0,2415734
mglBp,0.5,1,1,ACGGCATCACCGTCTCTGGG,0,2394291
mglBp,0.5,1,1,ACGGACTACACGTAAAAGAT,0,2346593
mglBp,0.5,1,1,ACGCTTGATTGTTGGCGTTT,0,2416661
mglBp,0.5,1,1,ACGCTGCTTATTTCACCTTT,0,2349647
mglBp,0.5,1,1,ACGCTGAGATCGATTCTCCC,0,2340119
mglBp,0.5,1,1,ACGCTGAAGTATACAGGAGT,0,2400409
mglBp,0.5,1,1,ACGCTCCTCATGTTACTCCT,0,2396701
mglBp,0.5,1,1,ACGCTCATCTACCTATTCGT,0,2321278
mglBp,0.5,1,1,ACGCGGAGTATTATATCGAA,0,2420111
mglBp,0.5,1,1,ACGCGATATCGCACCTGGAG,0,2403133
mglBp,0.5,1,1,ACGCCTTCTCTCTGGTGAAA,0,2356083
mglBp,0.5,1,1,ACGCCTGAATATTAGGGTTA,0,2372494
mglBp,0.5,1,1,ACGCCAATACTGGTTCTTCT,0,2362578
mglBp,0.5,1,1,ACGCATCCGACAAAAACATC,0,2334151
mglBp,0.5,1,1,ACGCAGGTTGCACTGTGTAT,0,2365133
mglBp,0.5,1,1,ACGCAGGCTCGTTGCTCCGG,0,2361429
mglBp,0.5,1,1,ACGCACAATTCAGTCATTTT,0,2335050
mglBp,0.5,1,1,ACGATTAGGCATTTCCGAAC,0,2329949
mglBp,0.5,1,1,ACGATGTACGAGGCGATTTC,0,2405806
mglBp,0.5,1,1,ACGATCGCTAAGGGGCCGGA,0,2318802
mglBp,0.5,1,1,ACGATCCAAATAATTTGGAA,0,2329078
mglBp,0.5,1,1,ACGATCAAGGTCGCGTGGCG,0,2360710
mglBp,0.5,1,1,ACGATACTGGATTCAATAGT,0,2397092
mglBp,0.5,1,1,ACGATAACAAGTGGGGTTAG,0,2349870
mglBp,0.5,1,1,ACGAGTAAGACTGCTGTCCC,0,2345930
mglBp,0.5,1,1,ACGAGCTTATGCGAGAAGTA,0,2367702
mglBp,0.5,1,1,ACGAGCTCGAATGCGTTGCA,0,2378476
mglBp,0.5,1,1,ACGAGCGTTGCCAAAGTAGA,0,2357579
mglBp,0.5,1,1,ACGACGTGGCGTGGGTTTCT,0,2365184
mglBp,0.5,1,1,ACGACGGCCTGGGAGGGTTG,0,2354711
mglBp,0.5,1,1,ACGACGATAACCACCAGAGG,0,2359147
mglBp,0.5,1,1,ACGACCGGTCGGACGGTTCA,0,2362489
mglBp,0.5,1,1,ACGACCATGTGCGCCAGACC,0,2408506
mglBp,0.5,1,1,ACGAATTAGGGACACCCGAT,0,2369297
mglBp,0.5,1,1,ACGAATCTTAGATACTCATT,0,2372311
mglBp,0.5,1,1,ACGAAGCCCCGGACGGGACG,0,2379368
mglBp,0.5,1,1,ACCTTTTCTATCAGGTAACT,0,2406267
mglBp,0.5,1,1,ACCTTGCCTCTCGTAGTTTG,0,2403115
mglBp,0.5,1,1,ACCTTCGAGAAAAATTCGGA,0,2407782
mglBp,0.5,1,1,ACCTGCGCGGAAATCCCTGG,0,2344498
mglBp,0.5,1,1,ACCTGCGCAGTCAGCGTAGG,0,2364801
mglBp,0.5,1,1,ACCTGCCTTCTTGACGGTCC,0,2378657
mglBp,0.5,1,1,ACCTGAACAAACATTATTTG,0,2409729
mglBp,0.5,1,1,ACCTCTTAAGCTGTTTAGCG,0,2415742
mglBp,0.5,1,1,ACCTCTGTGGTATTAAGCAT,0,2347577
mglBp,0.5,1,1,ACCTAGGAAACCTACCAACG,0,2338496
mglBp,0.5,1,1,ACCTAGACTAGCCCGCAATG,0,2421137
mglBp,0.5,1,1,ACCGTGTACCAGGTCGTGAT,0,2323605
mglBp,0.5,1,1,ACCGTGAGGCGTAAGTCCAG,0,2360966
mglBp,0.5,1,1,ACCGTGAGCCAGGGAGTATT,0,2336717
mglBp,0.5,1,1,ACCGTCCTGCCTTGTTAGCT,0,2400820
mglBp,0.5,1,1,ACCGTATTCTAGTAGTAGAG,0,2377608
mglBp,0.5,1,1,ACCGTATAGGCCTGAGGTGG,0,2379775
mglBp,0.5,1,1,ACCGGACTTATGGGGCCAGA,0,2408012
mglBp,0.5,1,1,ACCGCTTAGTAGAGGATACA,0,2329192
mglBp,0.5,1,1,ACCGCTCTATAAGCACGTGC,0,2350760
mglBp,0.5,1,1,ACCGATTTCATCAGGTAATT,0,2358262
mglBp,0.5,1,1,ACCGAGTTACCAAAATGCAT,0,2367937
mglBp,0.5,1,1,ACCGACGAGAGCAACCAGGG,0,2342275
mglBp,0.5,1,1,ACCCTTAGGATAGGACAATC,0,2350539
mglBp,0.5,1,1,ACCCTCTCCTCGGCATGTTT,0,2372864
mglBp,0.5,1,1,ACCCTCGTCTAGAGGCGCAG,0,2404261
mglBp,0.5,1,1,ACCCTCCCTGCCGGCTTGCT,0,2396219
mglBp,0.5,1,1,ACCCGTGTAAGTCCGCGTTA,0,2368577
mglBp,0.5,1,1,ACCCGGGTCTGGTTAGTGCT,0,2359601
mglBp,0.5,1,1,ACCCGATCCCTGTAGTGCAG,0,2360251
mglBp,0.5,1,1,ACCCCTCCGCTTCATCCTTC,0,2339591
mglBp,0.5,1,1,ACCCCATCGTGGGGAACGTC,0,2423133
mglBp,0.5,1,1,ACCCCAATAAAATGAGAGTG,0,2378643
mglBp,0.5,1,1,ACCCATGTAATGTTGACTTA,0,2410296
mglBp,0.5,1,1,ACCCATATCGAGGGGGTCAC,0,2326538
mglBp,0.5,1,1,ACCCAGTTGGGTTCTACCAG,0,2413701
mglBp,0.5,1,1,ACCCAGTCACGACGTCTTTT,0,2359781
mglBp,0.5,1,1,ACCCACATGTGGTTCAGAGG,0,2349840
mglBp,0.5,1,1,ACCCACAGGGGAACGTCCGA,0,2413230
mglBp,0.5,1,1,ACCCAATATGACATCGCAAA,0,2371483
mglBp,0.5,1,1,ACCATGGGCTGCTATGCTGC,0,2337841
mglBp,0.5,1,1,ACCAGGTGTCAAACGTCCGT,0,2362829
mglBp,0.5,1,1,ACCAGGTACCAGTTAGGGCG,0,2369925
mglBp,0.5,1,1,ACCAGCTTCTGAGTGCACTT,0,2362973
mglBp,0.5,1,1,ACCAGCTAATATCGATTTCC,0,2338094
mglBp,0.5,1,1,ACCAGCCACTATACGCCGAC,0,2335284
mglBp,0.5,1,1,ACCAGAATTTCGTCTCGGTT,0,2329473
mglBp,0.5,1,1,ACCACTGACAGAGTCCCGTC,0,2338677
mglBp,0.5,1,1,ACCACGGTGTTTCATCCTTT,0,2414397
mglBp,0.5,1,1,ACCACCCTACGAACAATGTA,0,2380200
mglBp,0.5,1,1,ACCAAAATATTTCTCTGTCA,0,2333536
mglBp,0.5,1,1,ACATTTGGCCGTGGTTGATA,0,2397919
mglBp,0.5,1,1,ACATTTGAGCGTTTGCTAAT,0,2316684
mglBp,0.5,1,1,ACATGGGGTATGGCAACGGG,0,2371028
mglBp,0.5,1,1,ACATGGGGATGCTAGGTTCC,0,2317185
mglBp,0.5,1,1,ACATGCTCTAACGTGCAGTT,0,2412046
mglBp,0.5,1,1,ACATGCGTACGGCCTCGCCC,0,2338351
mglBp,0.5,1,1,ACATGCGCACTTATCGCAGA,0,2318291
mglBp,0.5,1,1,ACATGACAGAGTCCATGAAT,0,2352394
mglBp,0.5,1,1,ACATCTCTAAAGGGCGCAAT,0,2335386
mglBp,0.5,1,1,ACATCTCAAAACAGAATCAT,0,2381639
mglBp,0.5,1,1,ACATCTAAAACGGCTGTATT,0,2378854
mglBp,0.5,1,1,ACATCGGGGACACTTGACAC,0,2405014
mglBp,0.5,1,1,ACATCGAAGGGCTACATGGA,0,2412196
mglBp,0.5,1,1,ACATCCTAAGTCCACTGACT,0,2413496
mglBp,0.5,1,1,ACATCCCCTTCCCCTTAAGA,0,2351604
mglBp,0.5,1,1,ACATAGGCAACTAGCTCAGG,0,2415441
mglBp,0.5,1,1,ACATAAGCCCATGACACCGA,0,2330330
mglBp,0.5,1,1,ACAGTCTAGTGAGGACATGG,0,2325916
mglBp,0.5,1,1,ACAGTAGTATCGTTAGGGCT,0,2395738
mglBp,0.5,1,1,ACAGGTGATCTCCCATCCCT,0,2341873
mglBp,0.5,1,1,ACAGGAGGTGTTTAGGGAGA,0,2376062
mglBp,0.5,1,1,ACAGGAATAGTGTTTGAAAA,0,2379205
mglBp,0.5,1,1,ACAGCTGGATTCTGGGATAT,0,2390754
mglBp,0.5,1,1,ACAGCTGCAGGCTAGCACGG,0,2334963
mglBp,0.5,1,1,ACAGCGTATCAAAGCGGAAC,0,2411575
mglBp,0.5,1,1,ACAGCGAATCATTCTCCAGA,0,2345715
mglBp,0.5,1,1,ACAGCCCCCGTAGCTCTACT,0,2354829
mglBp,0.5,1,1,ACAGCAGACTGAGCCCAAAG,0,2399051
mglBp,0.5,1,1,ACAGCACGGCCAGTCCCACC,0,2412625
mglBp,0.5,1,1,ACAGAGTGATCGGGGCACCT,0,2377168
mglBp,0.5,1,1,ACAGAGAGTACCACTGGTCC,0,2390339
mglBp,0.5,1,1,ACAGACGCGCGCTTTACTTA,0,2329449
mglBp,0.5,1,1,ACAGACAGTTCGGCCCACGT,0,2385893
mglBp,0.5,1,1,ACACTTTCACATTCACGCCA,0,2319585
mglBp,0.5,1,1,ACACTTGGCCTGCTATCCCC,0,2335670
mglBp,0.5,1,1,ACACTAGGTTTGCGTATTTG,0,2388357
mglBp,0.5,1,1,ACACTAGCTCCGCTGTGGTG,0,2401975
mglBp,0.5,1,1,ACACGTGTAGCCTAATGTTT,0,2387108
mglBp,0.5,1,1,ACACGTGGGAGAATACACAA,0,2414736
mglBp,0.5,1,1,ACACGGGTAGTGAAGGCAAT,0,2374851
mglBp,0.5,1,1,ACACGGAGAAAATGGGATCT,0,2330414
mglBp,0.5,1,1,ACACGCCACACACGGTGACA,0,2405123
mglBp,0.5,1,1,ACACCTAAGTTGTGAGGCCC,0,2355274
mglBp,0.5,1,1,ACACCCATTAGCGCGCGAGT,0,2403011
mglBp,0.5,1,1,ACACCCATGGGCTTGCTGCA,0,2363210
mglBp,0.5,1,1,ACACACTAGAATTGGACGGA,0,2336859
mglBp,0.5,1,1,ACACACGCAGATCTTCCCAT,0,2405314
mglBp,0.5,1,1,ACACAATTCTGTCGCCGACC,0,2321141
mglBp,0.5,1,1,ACAATGCTGTAGCAAGAGAG,0,2405332
mglBp,0.5,1,1,ACAATCGCGGCGGCACGCAA,0,2415670
mglBp,0.5,1,1,ACAAATGGTGCACAATACTG,0,2333298
mglBp,0.5,1,1,ACAAATCAGCGGCGGATAAA,0,2408140
mglBp,0.5,1,1,ACAAAGGCTTCATGCACCGG,0,2359483
mglBp,0.5,1,1,ACAAACATATGACCATTGCT,0,2337078
mglBp,0.5,1,1,ACAAAAACTAGGTTAGAGGT,0,2348565
mglBp,0.5,1,1,ACAAAAACGATAACAGCAAA,0,2408958
mglBp,0.5,1,1,AATTTGGGATGTACACGGCG,0,2350601
mglBp,0.5,1,1,AATTTGATCCTCTGTGTTAG,0,2346393
mglBp,0.5,1,1,AATTTCTAGTCCATGCTCAG,0,2317802
mglBp,0.5,1,1,AATTGATGGGTATCGAGGGT,0,2338706
mglBp,0.5,1,1,AATTCTATCATGGCCTTAAC,0,2357291
mglBp,0.5,1,1,AATTCGCGGTTCTCAGGTTA,0,2405956
mglBp,0.5,1,1,AATTCCTCACATTTACCTAC,0,2385722
mglBp,0.5,1,1,AATTCAATGCAGCGTTATAA,0,2371113
mglBp,0.5,1,1,AATTAGCATAGACCGAGCGC,0,2419485
mglBp,0.5,1,1,AATTACGGCATTGGGCACGG,0,2408614
mglBp,0.5,1,1,AATTACAGGTCCTTCCACGC,0,2372589
mglBp,0.5,1,1,AATTACAGCATCATATGACA,0,2322504
mglBp,0.5,1,1,AATGTTTATGCCAGTCTTTG,0,2338506
mglBp,0.5,1,1,AATGTTGCCGTGGAGGATTT,0,2383831
mglBp,0.5,1,1,AATGTGTCTTAAGTTAACAT,0,2415972
mglBp,0.5,1,1,AATGTCTCCGAAACAGCTTA,0,2385258
mglBp,0.5,1,1,AATGTACAATTCCCGACTCA,0,2359663
mglBp,0.5,1,1,AATGGTTCCATGAATTCGAA,0,2384366
mglBp,0.5,1,1,AATGGGGACCTACCAACAGA,0,2339704
mglBp,0.5,1,1,AATGGATACATTCTATAGTA,0,2378777
mglBp,0.5,1,1,AATGGAGACGCGCAGAGTTT,0,2365774
mglBp,0.5,1,1,AATGGACCGAGTTTACACCT,0,2398329
mglBp,0.5,1,1,AATGCTCATCTGGTGGAGGA,0,2362833
mglBp,0.5,1,1,AATGCGTGAACTAACATTTA,0,2399552
mglBp,0.5,1,1,AATGCACGTCGTAAGTCTTG,0,2401166
mglBp,0.5,1,1,AATGCACGCAGGTCACCACA,0,2334982
mglBp,0.5,1,1,AATGATGAATCCTTTGATAG,0,2375584
mglBp,0.5,1,1,AATGAGGTCACCTAAACCCT,0,2317096
mglBp,0.5,1,1,AATGACGCATACCATTAGTT,0,2348614
mglBp,0.5,1,1,AATGAATACATGTCCTCTCG,0,2402973
mglBp,0.5,1,1,AATCTTGTAATTTCAAAGTA,0,2394640
mglBp,0.5,1,1,AATCTTCTATGCTTGGCTCC,0,2418169
mglBp,0.5,1,1,AATCTGTCCCGTCAGGCCGG,0,2400944
mglBp,0.5,1,1,AATCTGGCAACGGGCATTCT,0,2406316
mglBp,0.5,1,1,AATCGTCCGTCTTCTACGCA,0,2379765
mglBp,0.5,1,1,AATCGTATGGTTGTTTAGGT,0,2322387
mglBp,0.5,1,1,AATCGGACATCGGACTGCTG,0,2367451
mglBp,0.5,1,1,AATCGATTATACGGAAGCAT,0,2353710
mglBp,0.5,1,1,AATCGATGTTGGTCTGTCTT,0,2392977
mglBp,0.5,1,1,AATCGAGATTTGTGCGAGTG,0,2374939
mglBp,0.5,1,1,AATCCCGGGCTGTGGCCCCT,0,2321510
mglBp,0.5,1,1,AATCAGTTAAGGTCGTTCGA,0,2405379
mglBp,0.5,1,1,AATCAGATGCTTTAAGCGTG,0,2374134
mglBp,0.5,1,1,AATATTGAGGGGAGCCTCAG,0,2418339
mglBp,0.5,1,1,AATATCCAAGTATTCGTCTT,0,2353559
mglBp,0.5,1,1,AATAGAACGTGCGAGTAACG,0,2390889
mglBp,0.5,1,1,AATACGCTAGGCATCTGTTA,0,2383441
mglBp,0.5,1,1,AATACGACTTTGATTTTCGA,0,2336857
mglBp,0.5,1,1,AATACAGTCGCCTAAGACAA,0,2362312
mglBp,0.5,1,1,AATACAACACGTCGCCACCT,0,2369248
mglBp,0.5,1,1,AATAATTCGAGGCGAGATTA,0,2366275
mglBp,0.5,1,1,AATAATAGCTCTTTAAAAGA,0,2348850
mglBp,0.5,1,1,AATAAGAAAAGCAAACCTGT,0,2356041
mglBp,0.5,1,1,AATAACCTTACCTAGTTTGA,0,2357176
mglBp,0.5,1,1,AATAACCAGTTCTAATGACA,0,2361043
mglBp,0.5,1,1,AATAACAATCAATGAAAAGA,0,2403102
mglBp,0.5,1,1,AAGTTGCCTTTTGAATTAAT,0,2415909
mglBp,0.5,1,1,AAGTTCATGGATGCGCTATG,0,2420411
mglBp,0.5,1,1,AAGTTATTCTACTGCTTAGT,0,2317110
mglBp,0.5,1,1,AAGTTATTCAACTAGGTCTT,0,2380415
mglBp,0.5,1,1,AAGTTAGCCAGTTCTGTAAT,0,2320184
mglBp,0.5,1,1,AAGTTAACTATTTATAGGAC,0,2321241
mglBp,0.5,1,1,AAGTGTTGCGGGAGTCCGCT,0,2342078
mglBp,0.5,1,1,AAGTGTCTCTCGATAACGCA,0,2414641
mglBp,0.5,1,1,AAGTGGCCGTTTTTGGTGGG,0,2415819
mglBp,0.5,1,1,AAGTGCATGCCAATCTTTTC,0,2411134
mglBp,0.5,1,1,AAGTGCAACGTTGCGTACGC,0,2355214
mglBp,0.5,1,1,AAGTGATGGAGCCGTTAATA,0,2347844
mglBp,0.5,1,1,AAGTGAGCGCACACCACCGA,0,2366501
mglBp,0.5,1,1,AAGTGAGCCTATCCCACCGC,0,2334889
mglBp,0.5,1,1,AAGTGAACGCTTAACGCCTC,0,2345622
mglBp,0.5,1,1,AAGTCCCTAGTATGAGGTGA,0,2391619
mglBp,0.5,1,1,AAGTATTATTCGGGTTATAG,0,2412458
mglBp,0.5,1,1,AAGTATGGCACATGAGACCC,0,2343824
mglBp,0.5,1,1,AAGTATCTGGAGCGGAAGTA,0,2373605
mglBp,0.5,1,1,AAGTACCCCAAAGATTTCGC,0,2374811
mglBp,0.5,1,1,AAGTAACTATAGAACTTCGA,0,2360393
mglBp,0.5,1,1,AAGGTTCCGCCTAGAGTCCT,0,2403710
mglBp,0.5,1,1,AAGGTTCCAGCACACCTTAA,0,2317563
mglBp,0.5,1,1,AAGGTATGAGCAAGGTGTAG,0,2337853
mglBp,0.5,1,1,AAGGTAACACGCCGAGTACC,0,2369526
mglBp,0.5,1,1,AAGGGTGTGAATAAAATCTA,0,2346699
mglBp,0.5,1,1,AAGGGTGGCCGGCATCCTCT,0,2415558
mglBp,0.5,1,1,AAGGGTGATACACCAGGAGT,0,2330152
mglBp,0.5,1,1,AAGGGGTATCGGAGTATGGG,0,2382402
mglBp,0.5,1,1,AAGGGGGGGTATAGACACAC,0,2340744
mglBp,0.5,1,1,AAGGGGGGCGGGAGTAGATA,0,2350173
mglBp,0.5,1,1,AAGGGGGCCTCGGGCTCAGG,0,2410504
mglBp,0.5,1,1,AAGGGGAAGCACGTTAATGA,0,2346311
mglBp,0.5,1,1,AAGGGCGGGAAAGCGCGATG,0,2393971
mglBp,0.5,1,1,AAGGGCAGTTCTCGCTATAG,0,2339428
mglBp,0.5,1,1,AAGGGACTTGAGTTACACGG,0,2404060
mglBp,0.5,1,1,AAGGATTAGGGGTAACGGGT,0,2374601
mglBp,0.5,1,1,AAGGATAAAGAATTGTATGT,0,2417365
mglBp,0.5,1,1,AAGGAGCACGACGACTACAG,0,2355496
mglBp,0.5,1,1,AAGCTTAAATAGCTCGATGA,0,2354786
mglBp,0.5,1,1,AAGCTGATTAAAGAGACTAG,0,2356094
mglBp,0.5,1,1,AAGCTCACGGCCCGTTCGGG,0,2384125
mglBp,0.5,1,1,AAGCTAGTTTATGGGTCAAG,0,2371833
mglBp,0.5,1,1,AAGCTAGTAGCGTACTCGGG,0,2416085
mglBp,0.5,1,1,AAGCTAAAAACGGTTGTTCT,0,2360782
mglBp,0.5,1,1,AAGCGTTACGGCAAACCGAC,0,2374366
mglBp,0.5,1,1,AAGCGGACGTAACCTGACAT,0,2393753
mglBp,0.5,1,1,AAGCGCGTGAATACGTCAGC,0,2367057
mglBp,0.5,1,1,AAGCCTCGATCCCAGCATGA,0,2407949
mglBp,0.5,1,1,AAGCCTAACGAAACAATAAT,0,2361090
mglBp,0.5,1,1,AAGCAGCCTGATTATTTAAG,0,2422016
mglBp,0.5,1,1,AAGATTTCTAACATCAGAAT,0,2423319
mglBp,0.5,1,1,AAGATGACGCGGAAGTAGGC,0,2354858
mglBp,0.5,1,1,AAGATCATGTCAGGTGAACC,0,2324074
mglBp,0.5,1,1,AAGAGTCACACATGTGCCTG,0,2405220
mglBp,0.5,1,1,AAGAGTATGAGCGGCAGGAG,0,2331149
mglBp,0.5,1,1,AAGAGATTCGCATGTAATTT,0,2377333
mglBp,0.5,1,1,AAGAGACGAGCTAATAGTAT,0,2320726
mglBp,0.5,1,1,AAGAGACATGCTAATTTCAT,0,2420789
mglBp,0.5,1,1,AAGACTTTTTACTTCCGACT,0,2347250
mglBp,0.5,1,1,AAGACGTGGTATCGAATGTC,0,2371384
mglBp,0.5,1,1,AAGACGTAGCAACTGGTTTG,0,2386429
mglBp,0.5,1,1,AAGACGGACGCTAGTTCAGC,0,2410906
mglBp,0.5,1,1,AAGACCGATCATGGGCTTGC,0,2319413
mglBp,0.5,1,1,AAGACCCATGCTTTATGGGG,0,2402176
mglBp,0.5,1,1,AAGAATTAATTGTCATCGCT,0,2398554
mglBp,0.5,1,1,AAGAAGCACACCAAGTTTTT,0,2414850
mglBp,0.5,1,1,AAGAAGAAGTTATTGCTCTA,0,2410715
mglBp,0.5,1,1,AAGAACGTGCATCAGCTTGT,0,2337013
mglBp,0.5,1,1,AAGAAAGTTGCCTGGAATAT,0,2404384
mglBp,0.5,1,1,AAGAAACCGGTTCGAAACCA,0,2328784
mglBp,0.5,1,1,AACTTTTAGCGTACCATGTC,0,2321334
mglBp,0.5,1,1,AACTTTCCAGTGAACCAGGT,0,2340191
mglBp,0.5,1,1,AACTTGGAGACATTATCTAG,0,2397101
mglBp,0.5,1,1,AACTTGATGTAGGTTGTGTG,0,2385655
mglBp,0.5,1,1,AACTTAAGACACTTTGATGA,0,2423302
mglBp,0.5,1,1,AACTGGCTACTGCAGCCCGA,0,2380819
mglBp,0.5,1,1,AACTGGCATTTTATCACCGG,0,2333129
mglBp,0.5,1,1,AACTCTCAGTTGCCCCGTGT,0,2412839
mglBp,0.5,1,1,AACTCCGGTCATTTGTGAAC,0,2331473
mglBp,0.5,1,1,AACTACTCAATCTCGCTTCA,0,2353934
mglBp,0.5,1,1,AACGTTTACCGCTCATAAGC,0,2379748
mglBp,0.5,1,1,AACGTTGGATAACACGCACT,0,2352359
mglBp,0.5,1,1,AACGTTGCCCCCCGTGTTGG,0,2350390
mglBp,0.5,1,1,AACGTTCCCGGACAAAGTAG,0,2376998
mglBp,0.5,1,1,AACGTGGTTTACTGAGTCCA,0,2380870
mglBp,0.5,1,1,AACGTCCGCTCAATTATTTG,0,2417684
mglBp,0.5,1,1,AACGTCCCGCTTTTAAGAGA,0,2401385
mglBp,0.5,1,1,AACGGGCGACGTTAAGGGGA,0,2420063
mglBp,0.5,1,1,AACGGGCCACATGGTAGGCC,0,2358994
mglBp,0.5,1,1,AACGGCTGTGCAACCCGGGT,0,2363471
mglBp,0.5,1,1,AACGGCCGTAAAAACAGGAA,0,2414683
mglBp,0.5,1,1,AACGGAAGACGGGATTCCCT,0,2327727
mglBp,0.5,1,1,AACGCGTCACTTTCCATGTT,0,2333494
mglBp,0.5,1,1,AACGCGATATCCGGCAACGG,0,2338421
mglBp,0.5,1,1,AACGCAGGCTTTCGACTGGG,0,2404300
mglBp,0.5,1,1,AACGCACGGCAAACATCCTG,0,2411566
mglBp,0.5,1,1,AACGATTTCAGAATTTAGTT,0,2358361
mglBp,0.5,1,1,AACGAGCATGCGTGGAGTGC,0,2348817
mglBp,0.5,1,1,AACGACCGGAGTGCCAACTT,0,2419208
mglBp,0.5,1,1,AACGAATTATGCCCTATGGA,0,2352318
mglBp,0.5,1,1,AACCTTTGAAGACACGAGGG,0,2400754
mglBp,0.5,1,1,AACCTGGACCTGTTTAAGGA,0,2403116
mglBp,0.5,1,1,AACCTCGGAAGTCTCTCTGT,0,2346000
mglBp,0.5,1,1,AACCGCGGAGTACAGGCTTC,0,2342546
mglBp,0.5,1,1,AACCGAATTATAGACTTTTC,0,2362465
mglBp,0.5,1,1,AACCAGGGATCGCTCGTGCA,0,2347490
mglBp,0.5,1,1,AACCACCGCAAGTTTTAGGA,0,2374502
mglBp,0.5,1,1,AACCACCCCTCGAACTCTTT,0,2331522
mglBp,0.5,1,1,AACCACAGATAAGCGTAGCA,0,2339387
mglBp,0.5,1,1,AACATTGGACCGATCCCCAT,0,2351013
mglBp,0.5,1,1,AACATCCTAATAAGCCGAAC,0,2329981
mglBp,0.5,1,1,AACATATTTTACAGGGGTGA,0,2368091
mglBp,0.5,1,1,AACATAGAGTCGCAATATCC,0,2368201
mglBp,0.5,1,1,AACATACCTCAGTAATAACA,0,2420941
mglBp,0.5,1,1,AACAGTAGTGTCGCCCTGTT,0,2387473
mglBp,0.5,1,1,AACAGCTGGGGGATAGCCGC,0,2385916
mglBp,0.5,1,1,AACACTGCTGGCACACTGAG,0,2317069
mglBp,0.5,1,1,AACACGTCCTTATATTTCGA,0,2415086
mglBp,0.5,1,1,AACACGCAACATCCCATGGT,0,2370906
mglBp,0.5,1,1,AACACCTTCAATCTAGGCTA,0,2408660
mglBp,0.5,1,1,AACACCGCTGTGCGTCACGT,0,2376158
mglBp,0.5,1,1,AACACAAAACAAAGAGTGGA,0,2331796
mglBp,0.5,1,1,AACAAGGCTCGTTACTAGGA,0,2344411
mglBp,0.5,1,1,AACAAGAGACTAACCGGCCA,0,2390789
mglBp,0.5,1,1,AACAACGTGCCAAAATGTAT,0,2369083
mglBp,0.5,1,1,AACAAAGGCAAACCAATCGC,0,2395017
mglBp,0.5,1,1,AACAAACCACCCCATGTGCT,0,2400390
mglBp,0.5,1,1,AACAAACAAGCTTCCTTGGT,0,2397695
mglBp,0.5,1,1,AAATTTTCCTTCTATCTGGG,0,2351270
mglBp,0.5,1,1,AAATTTGAAAATAGACAGAC,0,2376609
mglBp,0.5,1,1,AAATTTCTGAAAGTACCCCT,0,2423336
mglBp,0.5,1,1,AAATTGTCGCCATTTTCAGA,0,2410083
mglBp,0.5,1,1,AAATTGAACGATCCGATTGG,0,2418883
mglBp,0.5,1,1,AAATTAGGGACGCCTAGATG,0,2356269
mglBp,0.5,1,1,AAATGTACTTGTGTTCTAAA,0,2375037
mglBp,0.5,1,1,AAATGGTAAGCACTCCGCGG,0,2346554
mglBp,0.5,1,1,AAATGGCAAGGACAAGATCG,0,2368864
mglBp,0.5,1,1,AAATGCCGCGGGCATGTTTC,0,2342930
mglBp,0.5,1,1,AAATCGGTCTTGGGTCACGG,0,2364429
mglBp,0.5,1,1,AAATCATTACCATTTAGCGT,0,2363672
mglBp,0.5,1,1,AAATAGGCCGAGCCTGGTAT,0,2423100
mglBp,0.5,1,1,AAAGTGTCGGAGGTGCCCGT,0,2320841
mglBp,0.5,1,1,AAAGTGGTAGCTACCTGGGC,0,2346390
mglBp,0.5,1,1,AAAGTGGCCTTTCGGTAAAA,0,2335208
mglBp,0.5,1,1,AAAGTGACCACGAGTTATCA,0,2322077
mglBp,0.5,1,1,AAAGTCTGCACCCCGACGCG,0,2353347
mglBp,0.5,1,1,AAAGTCTATCTCGTCGCGGC,0,2423179
mglBp,0.5,1,1,AAAGTACAGAGCAGCTTAAC,0,2364015
mglBp,0.5,1,1,AAAGGTTGGATAGGGCATTG,0,2342733
mglBp,0.5,1,1,AAAGGGGCCGGCTCTTCACT,0,2335907
mglBp,0.5,1,1,AAAGGCTAGCGTACCTACGC,0,2342140
mglBp,0.5,1,1,AAAGGCAAGTTATCCGTGCA,0,2406813
mglBp,0.5,1,1,AAAGGACACCGGGTTTGGTC,0,2390172
mglBp,0.5,1,1,AAAGCGCAGACTTGAAGGAT,0,2379084
mglBp,0.5,1,1,AAAGCAGCCAAGCGGAATCG,0,2342300
mglBp,0.5,1,1,AAAGATTTGTTATGGACACG,0,2316560
mglBp,0.5,1,1,AAAGAAGAGGCGCCACCTAG,0,2421770
mglBp,0.5,1,1,AAAGAAACGGAGTAAATTAG,0,2325599
mglBp,0.5,1,1,AAACTTCGAAGTTCCGCGTT,0,2390499
mglBp,0.5,1,1,AAACTCGGGGCCAGAAGCAG,0,2409092
mglBp,0.5,1,1,AAACGTGTGACTGCAACTAA,0,2387852
mglBp,0.5,1,1,AAACGGGTATGCATGCTGCT,0,2325174
mglBp,0.5,1,1,AAACCTCTGAGATTGGCAAT,0,2413113
mglBp,0.5,1,1,AAACCTCACCCGCGCGAGTT,0,2401644
mglBp,0.5,1,1,AAACCGAGTATGAGTCGGGT,0,2420437
mglBp,0.5,1,1,AAACCAATGGCAAAGTCAGC,0,2355457
mglBp,0.5,1,1,AAACCAACGCATTTATTTAA,0,2406566
mglBp,0.5,1,1,AAACATAGATCCGATTTCGG,0,2389805
mglBp,0.5,1,1,AAACACTCTACTGCATGGGG,0,2353614
mglBp,0.5,1,1,AAACAATCAAGGGACTAGCT,0,2380809
mglBp,0.5,1,1,AAACAACTGGACGAGCAAAA,0,2377083
mglBp,0.5,1,1,AAACAAACGCGACAGACTTG,0,2337441
mglBp,0.5,1,1,AAAATTGCGGGATGGGTTTT,0,2421492
mglBp,0.5,1,1,AAAATTGCACCGAAGCTCAT,0,2396737
mglBp,0.5,1,1,AAAATCTTCCGGAGACTTTG,0,2327344
mglBp,0.5,1,1,AAAATCAGCTTAGGTCTGTG,0,2413073
mglBp,0.5,1,1,AAAATAGGTTCTTAGAGCTT,0,2363608
mglBp,0.5,1,1,AAAATAGGCCTTCTAGTGTT,0,2363541
mglBp,0.5,1,1,AAAAGTGGAAGAAAAGGAGA,0,2406285
mglBp,0.5,1,1,AAAAGTCTCGTTGATTCGAC,0,2322608
mglBp,0.5,1,1,AAAAGGTTATCCACTCACGT,0,2359018
mglBp,0.5,1,1,AAAAGGTCACATTAGGTCCA,0,2352212
mglBp,0.5,1,1,AAAAGCTGACACGAATCAGG,0,2336307
mglBp,0.5,1,1,AAAAGCTATCCCGTTTACCC,0,2338892
mglBp,0.5,1,1,AAAAGCCGAGGTACGTTTTT,0,2398316
mglBp,0.5,1,1,AAAAGCCCGCTAATCGGAGG,0,2323881
mglBp,0.5,1,1,AAAAGCAGTCCACGCTAAGG,0,2386140
mglBp,0.5,1,1,AAAAGATCCGGTGGTCAGTC,0,2415667
mglBp,0.5,1,1,AAAACCTTCGTAGTCAATGT,0,2335465
mglBp,0.5,1,1,AAAACCGAAGTTACAGATGA,0,2341825
mglBp,0.5,1,1,AAAACCCCGACCAACGGCGT,0,2339327
mglBp,0.5,1,1,AAAACAGCCGATCCGAGTGA,0,2374319
mglBp,0.5,1,1,AAAAACACAGGGTTCCCGTT,0,2340590
mglBp,1199.0,1198,0,CTCTACCTGAGTATTCGGAA,1198,2328223
mglBp,918.0,917,0,CACATACCGTCCCTTTCCCT,917,2379279
mglBp,28.0,27,0,AGAGATCTAGATCCGTGGAA,27,2332039
mglBp,20.0,19,0,CAGTGAGAACACGAGTTCGT,19,2411950
mglBp,11.0,10,0,GACGAAGGATTTGCGTTCCA,10,2368249
mglBp,11.0,10,0,CAGGTTCATCTCTCCCTGCA,10,2332535
mglBp,10.0,9,0,AATGAACAATCGCTGGCCCG,9,2369901
mglBp,9.0,8,0,CCTGGTTAGAGATGGAAGGT,8,2316662
mglBp,8.0,7,0,GTTAACCACGTTTGCCTGGA,7,2378384
mglBp,8.0,7,0,GTGGATTAAGTTGCATTGTT,7,2402420
mglBp,8.0,7,0,CTCTTTCCTGTGCGTATGCT,7,2381603
mglBp,7.0,6,0,TGCGGCACACAGAGGGCAAC,6,2414473
mglBp,7.0,6,0,TGCGAGCATGATAGCGTGGG,6,2346751
mglBp,7.0,6,0,GTTAACACAATTTCTGGTTC,6,2324608
mglBp,7.0,6,0,GATTTGTAGTGTGCGGATTT,6,2373042
mglBp,7.0,6,0,GATACGTTCGGCTTCTTCTT,6,2403870
mglBp,7.0,6,0,ATTGGTGTAAGTGTTTGCGT,6,2363611
mglBp,7.0,6,0,ATCCGAATCTGACTCGTTGG,6,2329937
mglBp,7.0,6,0,ATAGCCGTGTTTCCGTAGAT,6,2410865
mglBp,6.0,5,0,TGGCCTAGCACCAGTTTCAT,5,2360686
mglBp,6.0,5,0,GTAGCAGGGCGGGAACAATA,5,2341146
mglBp,5.0,4,0,TTACGAACAGACACGATCAT,4,2418391
mglBp,5.0,4,0,TACGTAGACTCGTTGGTACA,4,2370129
mglBp,5.0,4,0,GTAACGTCGTCCTAAAGGAC,4,2398967
mglBp,5.0,4,0,GGAGCAAACTCCTGAATGTC,4,2349339
mglBp,5.0,4,0,CGCAGGTAAGAAAGGAGCGG,4,2385774
mglBp,5.0,4,0,CCGCCACGGACATGCCGAGA,4,2352455
mglBp,5.0,4,0,AATCGGTGTACCGATCAAGG,4,2367124
mglBp,4.0,3,0,TGGTTAAGCCAGTTCACGAA,3,2377291
mglBp,4.0,3,0,GCCCCGTGGACGTATAACAT,3,2340585
mglBp,4.0,3,0,GAGAGCTGCCAGGGCGGAAT,3,2371115
mglBp,4.0,3,0,GACATCAATGGGGACCTGGC,3,2422294
mglBp,4.0,3,0,CTAGCCTGCTTCATCACATG,3,2325373
mglBp,4.0,3,0,CCTGTAACTAGCAGCAGGAA,3,2368163
mglBp,4.0,3,0,CCGCCTAAGCAACGGTATCC,3,2352427
mglBp,4.0,3,0,AGACGGCAATGCGTGAGACA,3,2369531
mglBp,4.0,3,0,AACGCATATACGTACCGTGA,3,2364862
mglBp,3.0,2,0,TCTTACGATTAGTGGCCTTT,2,2327763
mglBp,3.0,2,0,TATTACCCAGATCGGTAAGT,2,2320619
mglBp,3.0,2,0,TAAAAGCGACCTTAGACTAC,2,2403106
mglBp,3.0,2,0,GTCGATCGCGCCTTAATCGT,2,2332012
mglBp,3.0,2,0,GGACCGTGGTTGTGCTAATT,2,2335848
mglBp,3.0,2,0,GCCCCATCCGATGGCCTTGT,2,2350064
mglBp,3.0,2,0,GCAAAAGTTGACAAAAGCGC,2,2393966
mglBp,3.0,2,0,CTATCAACAGAGTGCGGGCT,2,2356496
mglBp,3.0,2,0,CGTATTGGGTCAAGGGTGAT,2,2420932
mglBp,3.0,2,0,CGTAGTTGTGGTTTTAGAGC,2,2395324
mglBp,3.0,2,0,CCCTCCCATCGTAGAGACAG,2,2361898
mglBp,3.0,2,0,CCCATGTAGCGCGAGGTCGT,2,2343791
mglBp,3.0,2,0,CCAAAGCTTCCGAGTGCACT,2,2421334
mglBp,3.0,2,0,CATACCGCTAACAGAGGCCT,2,2360076
mglBp,3.0,2,0,CAGGATGAAGTAGAGTTCAG,2,2372900
mglBp,3.0,2,0,ATTCGGTTCTTAATGTAATG,2,2317248
mglBp,3.0,2,0,ATCCGTAGCCCGCGGCGTGA,2,2402965
mglBp,3.0,2,0,ATAGGCTTTGTACTACTTGA,2,2416225
mglBp,2.0,1,0,TTTATACGAGTGTTGACAAA,1,2380767
mglBp,2.0,1,0,TTGTCTCATATCTCTTTCTC,1,2377698
mglBp,2.0,1,0,TTGTACTCTCATCTCTTCAT,1,2329827
mglBp,2.0,1,0,TTGGTAACAGTCGCAAGGTA,1,2405134
mglBp,2.0,1,0,TTCTGATTATCGAATTTTGT,1,2330470
mglBp,2.0,1,0,TTCACGGTAGGTTTTTACGG,1,2373946
mglBp,2.0,1,0,TTATTACCCGTAGCGCAGCT,1,2395597
mglBp,2.0,1,0,TTAAGCAGGTTCGCGAAGCC,1,2351047
mglBp,2.0,1,0,TGTAACTTGAGTGTCGGGGA,1,2333089
mglBp,2.0,1,0,TGGACCGAACGTAGCGCTAC,1,2417542
mglBp,2.0,1,0,TGAACTCCAACAAGCCCTGT,1,2403156
mglBp,2.0,1,0,TCGGTAACTAGGGTCGCAGT,1,2420844
mglBp,2.0,1,0,TCGGATGTAATGCTCCGCTG,1,2404685
mglBp,2.0,1,0,TCCTCGCATTCGGCCAAGGG,1,2411926
mglBp,2.0,1,0,TCATGTGACACTTCGTGTTC,1,2387357
mglBp,2.0,1,0,TATGAGCCATTACGGCGTCT,1,2407421
mglBp,2.0,1,0,TATCATAATAATCTACCTTA,1,2364349
mglBp,2.0,1,0,TAGACTTCCGCTTTTGGTTG,1,2412791
mglBp,2.0,1,0,TAGACACCGAACTCCCCATA,1,2369312
mglBp,2.0,1,0,TAATTAATTGAGCCACACAT,1,2420362
mglBp,2.0,1,0,TAAGAAATACCCCTTTGAGT,1,2340190
mglBp,2.0,1,0,GTTGTAACTCGTGCGTACAT,1,2418967
mglBp,2.0,1,0,GTTCCGGTCTCGGTGGCTAG,1,2322219
mglBp,2.0,1,0,GTGTTCGCAGCCTTCGATTG,1,2322511
mglBp,2.0,1,0,GTGGGTAACAGAGCAGAATT,1,2395322
mglBp,2.0,1,0,GTGCAAAAGCTAGAGTGCAA,1,2417703
mglBp,2.0,1,0,GGGGCTAATCCCGCTGAATG,1,2417271
mglBp,2.0,1,0,GGCGCACCCCGCTCATTATT,1,2366799
mglBp,2.0,1,0,GGCATCAGACACAGCATGAA,1,2419271
mglBp,2.0,1,0,GGAGTTCCGAGCTATCTCGA,1,2327194
mglBp,2.0,1,0,GGAGGAAATTAGAAAGTTGA,1,2396165
mglBp,2.0,1,0,GCGTTTAACTACCTGGACGA,1,2343847
mglBp,2.0,1,0,GCGGCCGCTAGGTACTTAAT,1,2357511
mglBp,2.0,1,0,GCGCACTACATAGTAAGAGC,1,2364523
mglBp,2.0,1,0,GCCCAAGATTCGCGTCCGAA,1,2370586
mglBp,2.0,1,0,GCAAGAGTAGTGAATCATGA,1,2355687
mglBp,2.0,1,0,GAGTTCGTCATGTGGTGCGG,1,2336302
mglBp,2.0,1,0,GAGCATCGGAGAAGGCAGCA,1,2407397
mglBp,2.0,1,0,GAGAAGATTATGGTAAGGGT,1,2354070
mglBp,2.0,1,0,GACGCTAAATAAAATCTTTA,1,2409971
mglBp,2.0,1,0,GACCAGGAGGGTTTTTTAGG,1,2327018
mglBp,2.0,1,0,GAAGACCGGCATCCCTAAAC,1,2319889
mglBp,2.0,1,0,CTTCTTGCACACTGTAGTCG,1,2409442
mglBp,2.0,1,0,CTGCCGCCGGGCGTAGTAGG,1,2355705
mglBp,2.0,1,0,CTCGATAGGGCCAGTACGGC,1,2389261
mglBp,2.0,1,0,CTATGTAGATCAAGCCAGGC,1,2387594
mglBp,2.0,1,0,CTATGGAGACACGGTGTGAC,1,2371417
mglBp,2.0,1,0,CGGTAGATTGTTAGATCATG,1,2322563
mglBp,2.0,1,0,CGGCCTTGCGTTTGCAGCTA,1,2409549
mglBp,2.0,1,0,CCTTAAATCCGCTACGTTAA,1,2330822
mglBp,2.0,1,0,CCTCGCTGCGGGTGCTTCTA,1,2345328
mglBp,2.0,1,0,CCGCTTACTCCATGCCGACC,1,2336897
mglBp,2.0,1,0,CCGCATTACTTTGACTTGCA,1,2391340
mglBp,2.0,1,0,CCCCTCCCCACGCCGTCTCT,1,2348998
mglBp,2.0,1,0,CCACGCACCGATTAAAGATT,1,2338867
mglBp,2.0,1,0,CCACATGAAATAAAACCTAA,1,2395088
mglBp,2.0,1,0,CCACAAGCTTTTCCGGGGTG,1,2404050
mglBp,2.0,1,0,CCAAGAGCTGTAATCCGGAA,1,2337989
mglBp,2.0,1,0,CCAACACGGAGTACTAAGCA,1,2336201
mglBp,2.0,1,0,CAGTATGTTGCGGCCAGGCC,1,2353456
mglBp,2.0,1,0,CACGAGGGCTTCAAGAGGAA,1,2376274
mglBp,2.0,1,0,CACACCTCGGTACGGTCTTC,1,2413911
mglBp,2.0,1,0,CACAAGAGGTCATGATTTAT,1,2391291
mglBp,2.0,1,0,ATTGCGAGGCAGTGACAACC,1,2355773
mglBp,2.0,1,0,ATGTGTGGAAGCCCCGAGCC,1,2363962
mglBp,2.0,1,0,ATGTCCCGTCACTCTGACCA,1,2419299
mglBp,2.0,1,0,ATGGGTACGGTGTTCAGGCT,1,2340246
mglBp,2.0,1,0,ATCAAAGTGCGCTCGAAGCA,1,2397217
mglBp,2.0,1,0,AGTGGGGGGAGTATCGTTCG,1,2392706
mglBp,2.0,1,0,AGTCTGATCGGTCGCCTAAG,1,2330349
mglBp,2.0,1,0,AGTAGTTAAAAGAGCCGGAA,1,2322728
mglBp,2.0,1,0,AGGAGCACTACCGCATTCAG,1,2339056
mglBp,2.0,1,0,AGCGAAATCGTCGAATGAAG,1,2386367
mglBp,2.0,1,0,AGCCCCCTGTGAGAGTTGCG,1,2375324
mglBp,2.0,1,0,AGCAGAGTGGCTTCGGGACC,1,2395336
mglBp,2.0,1,0,ACTATCAGGCCTCTCTCCTA,1,2399359
mglBp,2.0,1,0,ACGTCCACGGATGTATGTCG,1,2366903
mglBp,2.0,1,0,ACGGTGGAGCTTATGCGAGA,1,2345397
mglBp,2.0,1,0,ACGCTGTAAATATGTGGCCC,1,2423074
mglBp,2.0,1,0,ACGCGGGAGGTAGCGTCTTG,1,2371172
mglBp,2.0,1,0,ACGATCTGGCTAGGCAGTGA,1,2366783
mglBp,2.0,1,0,ACAGACCGGAGATTTTTGTG,1,2356572
mglBp,2.0,1,0,AATATACTATTGTGAGCCTT,1,2348391
mglBp,2.0,1,0,AAGGCGAGTGGTTATTAGAC,1,2397375
mglBp,2.0,1,0,AAAGGCCAAGACAGCAACGG,1,2384222
