name,relative_counts,ct,ct_0,barcode,ct_1,barcode_ind
mcbAp5,0.5399449035812672,2793,1814,GATCCATCTTTCGAGCTTTT,979,2300357
mcbAp5,0.2824675324675325,788,615,GTTCGGCAGAGTCGTCGAGG,173,2295756
mcbAp5,0.19,236,199,TGCAGGTGTACTCGTAGACT,37,2304597
mcbAp5,0.39690721649484534,269,193,CCAACAATGTGTTTTCCATA,76,2261391
mcbAp5,0.08955223880597014,144,133,AGGCCCTTAAGGAGGACGTA,11,2261439
mcbAp5,0.9381443298969072,186,96,CTGCCAAAATGTTGCCGAGT,90,2271431
mcbAp5,0.6363636363636364,142,87,CGTTAAGCTTCGAATAGCTG,55,2270469
mcbAp5,0.20930232558139536,102,85,AAACACCCCCGCCCTTTTTT,17,2261181
mcbAp5,3.0120481927710845,331,82,ACCAGGCGGCTAACCACCAC,249,2279673
mcbAp5,0.41025641025641024,108,77,CGGTGGGGCAATCGGCATGC,31,2303131
mcbAp5,0.1917808219178082,85,72,CAAGGTCCACTTCCTAGAGA,13,2274462
mcbAp5,1.0547945205479452,148,72,ACGGGACTCCGTCTTTCTGA,76,2310198
mcbAp5,0.027777777777777776,72,71,AAGTGACCCCGAGTGGAATA,1,2262154
mcbAp5,0.6086956521739131,109,68,CTGCGGCCATCAATCCTGCA,41,2274109
mcbAp5,0.4264705882352941,95,67,ATCTTTGGGTTTGAATTTTT,28,2263222
mcbAp5,0.23076923076923078,78,64,CAACCTATCGAACGCGACCC,14,2297853
mcbAp5,0.9206349206349206,119,62,GGATCGGGGAAATGTAACCA,57,2266200
mcbAp5,0.5238095238095238,94,62,CGCCTTGCGAAATGGTTTTA,32,2262634
mcbAp5,0.03225806451612903,62,61,CGGGTGCGAGCAATAGTTAG,1,2261903
mcbAp5,1.360655737704918,142,60,TTGCTCTTTGAGCCGATCTC,82,2262135
mcbAp5,0.5245901639344263,91,60,TGGAAGTACTCACGACGCTT,31,2267026
mcbAp5,1.0327868852459017,122,60,AATGTAACCGAGTAGTGGTT,62,2295530
mcbAp5,0.4098360655737705,84,60,AAACATATCGGCTACATTAT,24,2261761
mcbAp5,0.4166666666666667,83,59,AGACTACCCCAGGAGAAGCT,24,2313625
mcbAp5,0.3559322033898305,78,58,GCCCAAATCCAACTCCAGCA,20,2262155
mcbAp5,0.2413793103448276,70,57,CTTCAGCCGATCCGGTCAGT,13,2268621
mcbAp5,0.5,85,57,CACGGAGAGAGCCCGTACAT,28,2268459
mcbAp5,0.896551724137931,108,57,ACTGTAGGGCATTTACGGTG,51,2280895
mcbAp5,0.21052631578947367,67,56,AATGGGGATTCCTGCTCAAG,11,2272556
mcbAp5,1.0714285714285714,114,55,TCGCACCATACTTAGGCTTA,59,2261945
mcbAp5,0.21428571428571427,66,55,CTTGCATAGAGATTTTCCCA,11,2261658
mcbAp5,0.5185185185185185,80,53,TTCAACGGCGAACAAAGCAA,27,2262377
mcbAp5,0.037037037037037035,54,53,GCCGGTGTCCAGCATGGCAA,1,2284278
mcbAp5,1.169811320754717,113,52,GTACAAGGCTGGTAGGGAAT,61,2272467
mcbAp5,0.33962264150943394,69,52,CGCCCCCGTACGGCTCGTTT,17,2264877
mcbAp5,1.2452830188679245,117,52,CACGACAACGTCTTAGGATG,65,2284258
mcbAp5,0.19230769230769232,60,51,TGGGGTGCGCTTTACAGGGG,9,2312878
mcbAp5,0.6346153846153846,83,51,ACGGGAAAGTGTAGGGGGCT,32,2307301
mcbAp5,0.8823529411764706,94,50,GGAGCTTCGGCCTGGGGGAC,44,2262633
mcbAp5,1.1372549019607843,107,50,AGTTATAGCCTAGGCTGGAT,57,2279897
mcbAp5,0.42,69,49,TCAGCAGTGAGACGACGGAT,20,2273245
mcbAp5,0.42,69,49,TAGCTATGGTCGAATTCGGG,20,2262418
mcbAp5,0.48,72,49,ACAGCTACGGAGCGATCTGT,23,2264167
mcbAp5,1.0816326530612246,100,48,ACCTGCCTGGCTCTACCAAT,52,2290751
mcbAp5,1.875,136,47,TCTGCCCACAGTTCAACACT,89,2266936
mcbAp5,1.125,100,47,TATGGAAGCAGGTCCGTGGC,53,2263097
mcbAp5,0.5,70,47,TAAAATGCAACTTCGGAGCT,23,2265310
mcbAp5,0.4583333333333333,68,47,GACATACTTATGCCTCGGAT,21,2279726
mcbAp5,1.0,94,47,CGTTCAGAGGCCGCCTGTTT,47,2262682
mcbAp5,0.8936170212765957,87,46,GAAGCAGTGCAGCTCACCTT,41,2264562
mcbAp5,0.0851063829787234,49,46,AACCTGTGTTGTCATCCAAT,3,2300502
mcbAp5,0.8478260869565217,83,45,CCGATTGCCTCACCTGGGTA,38,2278109
mcbAp5,0.043478260869565216,46,45,AGTGCCGCTGGCTCACCCGT,1,2263812
mcbAp5,1.0869565217391304,94,45,AGAGGTCCAACAAGGTTAAG,49,2293813
mcbAp5,1.391304347826087,108,45,ACCCCCTCAAGACCCGAACT,63,2289591
mcbAp5,0.6444444444444445,72,44,TCTACTGGGCCATCACTATA,28,2261840
mcbAp5,0.6444444444444445,72,44,GGCACTTCCACCTACTGTTA,28,2288998
mcbAp5,0.6666666666666666,73,44,CACGGTCAGACAGTATACTA,29,2270148
mcbAp5,0.08888888888888889,47,44,AACCAATTATATAAAGCGCA,3,2272311
mcbAp5,0.8409090909090909,79,43,TGGAACCTACGCCGAAGATA,36,2303196
mcbAp5,0.18181818181818182,50,43,TATCCTTGCGGAAAGCCAGT,7,2268178
mcbAp5,0.06818181818181818,45,43,CGACTATTTAGGGGAACGGA,2,2275237
mcbAp5,0.046511627906976744,43,42,TATTAACGATTTAGCTCGAG,1,2262636
mcbAp5,0.7674418604651163,74,42,CGACCTCTGATACTCCCTGC,32,2281257
mcbAp5,0.627906976744186,68,42,CACGTGCATCGTCATCCTGA,26,2287532
mcbAp5,0.4883720930232558,62,42,AGTATTGTCGGCTTTTTAGT,20,2272780
mcbAp5,0.4883720930232558,62,42,AGGGCGCGCACTGGGAGCAG,20,2283040
mcbAp5,0.16666666666666666,47,41,TTATGGTATGCGTCCCAAAA,6,2295164
mcbAp5,0.42857142857142855,58,41,GGTACTATACCCACGGGTCC,17,2268616
mcbAp5,0.3333333333333333,54,41,AGGGAACACATTAATACAAA,13,2292684
mcbAp5,0.38095238095238093,56,41,AGAACGGATGCTTTATTCAT,15,2264602
mcbAp5,0.47619047619047616,60,41,ACTTCAGAGCACTACTTTAG,19,2276003
mcbAp5,0.6585365853658537,66,40,TGTAGGACAAATATCACAGG,26,2262258
mcbAp5,0.4634146341463415,58,40,TAGGGCAATAATGCTGTACC,18,2281961
mcbAp5,0.7073170731707317,68,40,TAGATTTAGTAAAGAGCTGA,28,2315576
mcbAp5,0.04878048780487805,41,40,GCCGAGATTAGGAAGCAATA,1,2275832
mcbAp5,1.6829268292682926,108,40,CCCAATTCTGATCCCGTTTT,68,2261285
mcbAp5,1.075,81,39,GGTCAAAGACAACCGAGACC,42,2294618
mcbAp5,0.05,40,39,GGGTGTCCTCACTAAAAGTC,1,2288721
mcbAp5,0.05128205128205128,39,38,GAAGCCTGAGGGCGAGGGTG,1,2310065
mcbAp5,1.2820512820512822,87,38,CGGCGTCCCCATTAAATGTG,49,2271239
mcbAp5,0.3684210526315789,50,37,TCATCCATCGCACTCCAAGT,13,2266234
mcbAp5,0.868421052631579,69,37,GGTTGGAAGCACCGTGCTAC,32,2285973
mcbAp5,0.4473684210526316,53,37,GAAGCAAACGTATGTGAAGA,16,2272389
mcbAp5,0.9736842105263158,73,37,CGTCAACACGAGTCCCAGAA,36,2269933
mcbAp5,0.42105263157894735,52,37,CGCACGATCGCACGCGGGTG,15,2264129
mcbAp5,0.05263157894736842,38,37,CGACGTCGGACCATGGTTGT,1,2310615
mcbAp5,0.23684210526315788,45,37,ATTCGGAAAGAAAAGCTTCG,8,2299117
mcbAp5,0.6578947368421053,61,37,ATCCATAATTACGGCAGCTG,24,2273985
mcbAp5,2.289473684210526,123,37,ACTATGGTTACGCCTGGGGG,86,2310880
mcbAp5,0.34210526315789475,49,37,AATGAAAGCGCACCTATCCG,12,2267680
mcbAp5,1.6578947368421053,99,37,AAGTTCTACACCTGTAACAT,62,2262934
mcbAp5,0.05263157894736842,38,37,AACGATCGCGTTACATTAAC,1,2286308
mcbAp5,0.39473684210526316,51,37,AAATATCGCGCGAAGTGTGT,14,2277295
mcbAp5,0.6756756756756757,60,36,TCACCCGCAACCGGGCGCAG,24,2293206
mcbAp5,0.05405405405405406,37,36,GTTATTTATGCGTTCGCCGT,1,2269808
mcbAp5,0.05405405405405406,37,36,GGGAACCCCTCCCAACTCAC,1,2279979
mcbAp5,1.2702702702702702,82,36,GGAGGTCTAGTCCCAAATTC,46,2271905
mcbAp5,0.4594594594594595,52,36,CTTCGTAGAATAGAGACGTA,16,2299108
mcbAp5,0.4594594594594595,52,36,CCGAGGTCGTATTGGACTGG,16,2289980
mcbAp5,0.5675675675675675,56,36,ATGCTGCAGTAGATTCCCTG,20,2269296
mcbAp5,0.5405405405405406,55,36,ATCTTCCTACAGCGCAAACA,19,2264883
mcbAp5,0.25,43,35,TCGATTTTCTTACAGTGGAA,8,2261587
mcbAp5,2.3333333333333335,118,35,GCAAGAAATTACAATAGGTT,83,2272131
mcbAp5,0.05555555555555555,36,35,GAGTTCCATCTGTGTTATTT,1,2299683
mcbAp5,1.3333333333333333,82,35,CCGAACCGCCCAGCCTCCGA,47,2261946
mcbAp5,0.3055555555555556,45,35,CACATGTCAGCTTTGCTAGG,10,2281256
mcbAp5,0.3333333333333333,46,35,AAGGGTACGTTTAACGAAGC,11,2288013
mcbAp5,0.05714285714285714,35,34,TTTTGTCGGGCGATTTCGGC,1,2262548
mcbAp5,0.6,54,34,TGTGGACTACTTTCATCAGG,20,2261269
mcbAp5,2.057142857142857,105,34,TGTCAGTACACGCTAGTGCA,71,2268356
mcbAp5,0.8285714285714286,62,34,TGACGAGTTAACGACACTCT,28,2270514
mcbAp5,0.14285714285714285,38,34,TCGCGGCACCCTGGGAACCA,4,2274588
mcbAp5,1.0,68,34,TATGGAGATGATCTGTCCAA,34,2282123
mcbAp5,0.6571428571428571,56,34,GATCGGTTGCTCATGGGACC,22,2265171
mcbAp5,0.8285714285714286,62,34,CTAACCTTTCTCTGGTTGTT,28,2290811
mcbAp5,1.0,66,33,TGCATGCCCCTCCCGCGTAG,33,2296671
mcbAp5,1.3235294117647058,77,33,GCCCTAAGCGTTCCGTGCTT,44,2263261
mcbAp5,0.20588235294117646,39,33,GCCCGTGCTCCCGACGTTAG,6,2268206
mcbAp5,1.2941176470588236,76,33,GATTCCGACCTTCTTCCGGC,43,2304596
mcbAp5,1.7058823529411764,90,33,CGCGTTTCTAGGCCTGTCAA,57,2266638
mcbAp5,0.5882352941176471,52,33,AGGATAGCACATGGTCTCAG,19,2303305
mcbAp5,0.2647058823529412,41,33,AATATTCACTTTAGTTGCTT,8,2280351
mcbAp5,0.058823529411764705,34,33,AAACCACATAGGCATACATG,1,2303361
mcbAp5,0.06060606060606061,33,32,TGCTGTACGGCGACGTGGGG,1,2295403
mcbAp5,1.606060606060606,84,32,TATTCCTCCTGGTCTTTTAA,52,2304931
mcbAp5,0.7272727272727273,55,32,GCTGGCGCATCCGGGACAAA,23,2283942
mcbAp5,1.0606060606060606,66,32,CGACCAAAAATGGGCTCGAA,34,2269973
mcbAp5,0.5151515151515151,48,32,CGAATAGTTAGCCGTCGTAG,16,2277157
mcbAp5,0.7272727272727273,55,32,CAGCCGCATAAGGGCCATGG,23,2286820
mcbAp5,0.48484848484848486,47,32,CAACTTCGAGAAAAATCGTC,15,2308617
mcbAp5,1.0606060606060606,66,32,AGGAAGCATCGGATTTACGG,34,2264708
mcbAp5,0.06060606060606061,33,32,AACCTGTTTGCTACACTGCT,1,2280033
mcbAp5,1.625,82,31,TTGTAGACGAACGGATTCCA,51,2282007
mcbAp5,0.40625,43,31,TGTTTGCAGGCGGCTGCCCA,12,2281155
mcbAp5,0.0625,32,31,TGATGCTTTTCGTCCATGCG,1,2270874
mcbAp5,1.40625,75,31,TCTGGTAGTCATTCAAGTCT,44,2276750
mcbAp5,0.0625,32,31,GGTTAAAATTGCCTTTTTGC,1,2278355
mcbAp5,0.96875,61,31,GGGGAGCTGCGGTGTCCGAT,30,2294526
mcbAp5,1.21875,69,31,GCATTTCCATTGTCTATCAC,38,2283619
mcbAp5,0.59375,49,31,GATAAATTCGGGTTCCATTA,18,2294311
mcbAp5,1.0,62,31,GAAGGTGGGCTCACATCAGT,31,2300731
mcbAp5,1.0,62,31,CTGTCTAGGTCAAATACTTT,31,2267357
mcbAp5,0.96875,61,31,CTCTGGACTTGTGACAAACG,30,2311737
mcbAp5,0.8125,56,31,CGGCCACACTGACCGCGAAT,25,2304325
mcbAp5,0.5,46,31,CGACGCCTCGATGCCGCGAC,15,2276205
mcbAp5,1.0,62,31,CAGAACCTTGGAACCCCCTC,31,2267180
mcbAp5,0.5625,48,31,CAACGAATCCAAGGATACGT,17,2263028
mcbAp5,1.0625,64,31,ATGGCTCGAAAACTCTGGGG,33,2283384
mcbAp5,0.5,46,31,AGGCAAACCAGTTCATCTCC,15,2269684
mcbAp5,1.0625,64,31,ACTTTGAGTTGTCCTGTGTT,33,2266710
mcbAp5,0.8064516129032258,54,30,TGGTCAGGGAACATCTCCCT,24,2294738
mcbAp5,1.967741935483871,90,30,TCGTCTAGAGGAGTCCGAGG,60,2271335
mcbAp5,0.9354838709677419,58,30,TCATGCCTGTCCGCTTCAAC,28,2266204
mcbAp5,1.1935483870967742,66,30,TATTTGTCACCTGGCACCCA,36,2294103
mcbAp5,0.6129032258064516,48,30,TATAATGGTACCGACCCCGA,18,2298182
mcbAp5,0.7741935483870968,53,30,GTTATGTTCGAAAAACCTCT,23,2264461
mcbAp5,0.967741935483871,59,30,GGTACGTAGCACTATCCGAA,29,2267468
mcbAp5,0.06451612903225806,31,30,GGTACCAGTGTAGGTTTTGT,1,2299113
mcbAp5,1.4193548387096775,73,30,GGGTTGGAGCGGAGTGCTTT,43,2282485
mcbAp5,1.1935483870967742,66,30,GCCCAAGAGGACCTATGTAT,36,2263870
mcbAp5,0.7096774193548387,51,30,GAATTCGCCCTGAAATCAGT,21,2262302
mcbAp5,0.41935483870967744,42,30,CCAGGTATTTACTTATAAAC,12,2278671
mcbAp5,1.3225806451612903,70,30,CCACATTGTTCTGATCACCA,40,2298237
mcbAp5,0.7419354838709677,52,30,CAAACAAATGGGCGAGTTAT,22,2307870
mcbAp5,0.2903225806451613,38,30,ATGTGTTTGAAATGTTTGCT,8,2287778
mcbAp5,0.06451612903225806,31,30,ATGTCTTCAGCTCTGTTCTT,1,2275507
mcbAp5,0.45161290322580644,43,30,ATCCCCTCGCTCATGGTTCA,13,2310733
mcbAp5,0.3870967741935484,41,30,AGTTGATTATTTTTGGGAGG,11,2288664
mcbAp5,0.06451612903225806,31,30,ACGGATCTTGACCTCAAGCT,1,2274804
mcbAp5,0.8709677419354839,56,30,AATTATTTGTTAACGATCGC,26,2302659
mcbAp5,0.7,49,29,TGAGCTCGTGCCGTATGATA,20,2288113
mcbAp5,1.5,73,29,GGCAAAAGAAACCATCGTGT,44,2266915
mcbAp5,1.1,61,29,GCTCAGCGCTTGTAGGCGCA,32,2265148
mcbAp5,0.7,49,29,GCGTTAACGTGAGGTCCTAC,20,2272192
mcbAp5,0.23333333333333334,35,29,GAGAGGCTGTTGCGTTCGGG,6,2266091
mcbAp5,2.066666666666667,90,29,GAAGATCGCTCAACACGATT,61,2308648
mcbAp5,0.7333333333333333,50,29,CATAGAGGTTCGTACAGTGG,21,2278312
mcbAp5,0.8,52,29,CAGATTGCGCCACTTTACCT,23,2278354
mcbAp5,0.6666666666666666,48,29,ATGTACATGCCTCATCAAAC,19,2272465
mcbAp5,0.7333333333333333,50,29,ATCGCTGGGTTGAAAGTCCA,21,2302907
mcbAp5,0.4666666666666667,42,29,ACTCATTGGAATAATGATAA,13,2265252
mcbAp5,1.9333333333333333,86,29,ACTACTGACATAAGCGGTGG,57,2295698
mcbAp5,0.06666666666666667,30,29,ACGTCAATGAACACTGAGTT,1,2284604
mcbAp5,1.1379310344827587,60,28,TGATCGTCACCCGTTCTGAG,32,2283833
mcbAp5,0.20689655172413793,33,28,TGATCGGTTTGAACCAAAGC,5,2261140
mcbAp5,0.8620689655172413,52,28,TGACAGTAGGCCGGTCCTGA,24,2285722
mcbAp5,0.6896551724137931,47,28,TATAGCCATATTTCAGAAGT,19,2263391
mcbAp5,0.7241379310344828,48,28,TACGAGTTAAAGTGGGGTAG,20,2272179
mcbAp5,5.482758620689655,186,28,GTTCTGCTTTAGAGGTCCCC,158,2275869
mcbAp5,4.206896551724138,149,28,GTTACAGATAGTGCATCTTA,121,2305964
mcbAp5,0.7241379310344828,48,28,GCTGAATCATCGATCCAAAA,20,2263088
mcbAp5,0.9310344827586207,54,28,GCAACTTGGTAGGGTACTAT,26,2278932
mcbAp5,0.06896551724137931,29,28,CTACGAAGGTCGAATCACAA,1,2277886
mcbAp5,0.7586206896551724,49,28,AGCGGGGTCGTCATTGCGGT,21,2288385
mcbAp5,0.5517241379310345,43,28,ACCTCGGGGCGACTGTAGCT,15,2292651
mcbAp5,1.4827586206896552,70,28,AAGAGCCATAAGCAACAAGA,42,2286661
mcbAp5,1.0357142857142858,55,27,TTCACGGGACCCCTAAAATC,28,2282351
mcbAp5,0.6071428571428571,43,27,TACGTGCTGCCAAAAAACCA,16,2294706
mcbAp5,1.3214285714285714,63,27,TACCGCAGTTCCACTATCCT,36,2278288
mcbAp5,0.8928571428571429,51,27,GTTTTGGGGAAATCCGGCTG,24,2302006
mcbAp5,0.9642857142857143,53,27,GTATATAATGGTTCGCTATA,26,2291212
mcbAp5,0.17857142857142858,31,27,GCTCCACATCCCGAGTGGTT,4,2268987
mcbAp5,0.4642857142857143,39,27,GATCGAGATAAGAAAGGGCA,12,2279280
mcbAp5,0.07142857142857142,28,27,GACGTGCTACGCCAGTAGTA,1,2292177
mcbAp5,1.2142857142857142,60,27,CTCGATGTTGCAATCGGGGA,33,2288335
mcbAp5,1.2857142857142858,62,27,CCCATAAGTATCCATATACT,35,2286222
mcbAp5,0.10714285714285714,29,27,CATAGGGGGTGCCTTTCTAG,2,2286434
mcbAp5,0.07142857142857142,28,27,AGGCCCCAGTGTCGAAAGAG,1,2295283
mcbAp5,0.5357142857142857,41,27,AGACGGAATTAAAACATCGT,14,2295217
mcbAp5,0.07407407407407407,27,26,TTTATGCAGTTGCAATCTCA,1,2283791
mcbAp5,0.9259259259259259,50,26,TTCGTTGGAGGTTGGGAGGA,24,2290645
mcbAp5,1.037037037037037,53,26,TGGAAACCTAAGTTAGCTTC,27,2296342
mcbAp5,0.07407407407407407,27,26,TGAATCCCGCGTCCTTGCTA,1,2261841
mcbAp5,0.48148148148148145,38,26,TCTAGACCTATGTGAGTTCA,12,2264670
mcbAp5,0.8518518518518519,48,26,TCGCGTATTGGCTGTGTGGA,22,2308976
mcbAp5,1.3333333333333333,61,26,TCCCAATACATACGGGGTTC,35,2261796
mcbAp5,1.3333333333333333,61,26,TATTACCGGGGACGATCCAA,35,2294771
mcbAp5,0.8888888888888888,49,26,GTCAAAACGTTAAAGATAAA,23,2262216
mcbAp5,0.8148148148148148,47,26,GGTTGTACCTTTCCATCATG,21,2265580
mcbAp5,3.6296296296296298,123,26,GGTACATTGTGGTAACCCCT,97,2277794
mcbAp5,0.9629629629629629,51,26,GGGGTTAGGTTATGATGTCT,25,2267537
mcbAp5,0.07407407407407407,27,26,GGACTCGAGTTGCCGGTCAT,1,2270228
mcbAp5,0.48148148148148145,38,26,GCGGGTCTGACTTCTCTCAT,12,2305218
mcbAp5,0.7037037037037037,44,26,GAGCCGTTGGCGAACCCCGG,18,2293787
mcbAp5,0.5925925925925926,41,26,GAAAGTGTTGACCGGTTAAA,15,2289166
mcbAp5,0.9259259259259259,50,26,CTACCATCGTTTGTGTAAGT,24,2266802
mcbAp5,1.2592592592592593,59,26,CTAACTCGTGAATGTGAGTA,33,2267345
mcbAp5,0.5925925925925926,41,26,CGTCAAATTGGGGATTAATT,15,2261783
mcbAp5,0.8518518518518519,48,26,CGCTGAGTTTCGCACGATAA,22,2271574
mcbAp5,0.18518518518518517,30,26,CATTAGGCGTGGCTTACTGC,4,2310900
mcbAp5,0.07407407407407407,27,26,CAGTGGCTACAGAACGTTCT,1,2276639
mcbAp5,1.2222222222222223,58,26,ACTCTGTGATATACTGCTCT,32,2283284
mcbAp5,0.48148148148148145,38,26,ACCTTGCTCAGGCGTGTCCC,12,2316061
mcbAp5,0.14814814814814814,29,26,ACAATAGACCCCGCTTTGCA,3,2264495
mcbAp5,1.5185185185185186,66,26,AAGCATGAGTGTCTCTCAGT,40,2271569
mcbAp5,0.6538461538461539,41,25,TGTTGCCGCCATCAAACGTT,16,2268654
mcbAp5,0.07692307692307693,26,25,TGGAGAGCCTATGCTAATGG,1,2268287
mcbAp5,0.07692307692307693,26,25,GTCTCTAGGGAGTGCGCTAT,1,2270470
mcbAp5,0.6538461538461539,41,25,GGTTCCGTGTTATGCCCACT,16,2296319
mcbAp5,0.2692307692307692,31,25,GCGGCCATGCCTATCGATAG,6,2291648
mcbAp5,0.07692307692307693,26,25,GACAAACATCGTCGGGCCAT,1,2269137
mcbAp5,2.1153846153846154,79,25,GAACAACAAAGCATGAAGGT,54,2272602
mcbAp5,1.0,50,25,CTACGAAGTGCTGTATTGGT,25,2271577
mcbAp5,0.6538461538461539,41,25,CGGGTACTAAAATTGCGCGT,16,2269245
mcbAp5,2.076923076923077,78,25,CGCTTCCAGTGTGCGAGCGC,53,2283544
mcbAp5,0.5769230769230769,39,25,CGAACAATCGCGGTTGCAAG,14,2272128
mcbAp5,0.5384615384615384,38,25,CACTCTACAAGACTTAGAGA,13,2265671
mcbAp5,0.3076923076923077,32,25,ATTTGTAGGTGTTGAATCTA,7,2285818
mcbAp5,2.1538461538461537,80,25,ATTTGCGCGGGTGAATACCT,55,2286467
mcbAp5,1.9615384615384615,75,25,ATTAATTCGCAGATACTAAA,50,2262419
mcbAp5,1.9615384615384615,75,25,ATGCGTAAACCCTTCATGCG,50,2279332
mcbAp5,1.1923076923076923,55,25,ATATCGCAGAGATGGTTGCA,30,2287015
mcbAp5,1.7692307692307692,70,25,AGTTCAACGTGGTCCCGACA,45,2288300
mcbAp5,0.5384615384615384,38,25,AGCAGGCCCAAGAGCGAGAC,13,2289949
mcbAp5,0.84,44,24,TTCTCGAACTGCTGAAGAGA,20,2275866
mcbAp5,0.44,34,24,TGGGTGGTGATTCAGATTTG,10,2290706
mcbAp5,0.52,36,24,GTTAGCGTCCGGGTTATGGA,12,2303477
mcbAp5,0.76,42,24,GCTGCGTGCCTTTCTAAATA,18,2296215
mcbAp5,1.84,69,24,GATATGAGTAAGGTGTGATG,45,2266472
mcbAp5,1.04,49,24,CTTACGCTTTTATAGTACTG,25,2298211
mcbAp5,2.6,88,24,CTGAAGTTTATCGGTGTCCT,64,2289549
mcbAp5,0.88,45,24,CGTGTGTCCATAATAGTCGG,21,2274024
mcbAp5,0.76,42,24,CGGTGTAGGAGTGAACACTG,18,2285785
mcbAp5,0.72,41,24,CCTAGGGCGTTTCGCTCCAC,17,2298885
mcbAp5,1.24,54,24,CACTTTGTCCCTCTTTACAA,30,2287918
mcbAp5,0.08,25,24,CACTGATGCATTCTCCAAAG,1,2278984
mcbAp5,0.6,38,24,CAACACCACCATGAATTGAA,14,2268289
mcbAp5,1.96,72,24,ATTTTATCTTTAGTGTAACC,48,2289604
mcbAp5,1.4,58,24,ATTAGACCGGTCTTCGTCTG,34,2288960
mcbAp5,0.84,44,24,ATGACGGTGCCGTGCGTTTG,20,2305021
mcbAp5,1.24,54,24,ACGTTGAACGCCTTTTGTTC,30,2275065
mcbAp5,0.88,45,24,ACGATCCGCAAAGACAAGAG,21,2261354
mcbAp5,0.72,41,24,AAGTTCGCCAAAATCTCCCA,17,2312539
mcbAp5,1.64,64,24,AAGGCATCCCACGCCATGAC,40,2286305
mcbAp5,1.2,53,24,AAAGTAGGCCGGATTGTCTG,29,2298396
mcbAp5,0.7916666666666666,41,23,TTGGCCAGCTTCGGACGTGA,18,2261964
mcbAp5,0.375,31,23,TGCTACTACGCTTTGTAACG,8,2279894
mcbAp5,0.625,37,23,TCTCACGGGTTAGGGGCAGT,14,2282739
mcbAp5,1.25,52,23,TCTACGGTGTAATACCTGAC,29,2267327
mcbAp5,0.4583333333333333,33,23,TCGCTACGGGTTATTCAAGT,10,2294861
mcbAp5,0.4583333333333333,33,23,TAAACACGGAGCTAGATTGT,10,2285720
mcbAp5,0.2916666666666667,29,23,GTAACATCGGCAGAAATGCA,6,2292224
mcbAp5,1.4583333333333333,57,23,GGTGAATGCAAAGGATCGAA,34,2267705
mcbAp5,0.7083333333333334,39,23,GCCATCGGGCCGAGGCGGAT,16,2261221
mcbAp5,0.875,43,23,GAGGATAGTCTCCAACTACA,20,2281498
mcbAp5,0.16666666666666666,26,23,CTGCATTTTGGAGCATTAGG,3,2276755
mcbAp5,0.9583333333333334,45,23,CTAGAACCTCGCGGCCAGGT,22,2298969
mcbAp5,0.2916666666666667,29,23,CGTGCAGGGAAACTCGCATA,6,2264310
mcbAp5,0.5833333333333334,36,23,CGCAGGGTACCGATTGAGGG,13,2299043
mcbAp5,1.0,46,23,CCCAGGCAGGGGCGCGGCAA,23,2313869
mcbAp5,2.3333333333333335,78,23,CACTATATCGTTGTCAACAT,55,2285911
mcbAp5,2.5,82,23,AGATTGTTACTAAACCAGAG,59,2308916
mcbAp5,0.9166666666666666,44,23,AAGAGTACTCTGCTATCGTG,21,2283573
mcbAp5,1.5833333333333333,60,23,AACTTCGGTGCGCACGGGCA,37,2284855
mcbAp5,0.4166666666666667,32,23,AAAACTGGCATCGATCTCAA,9,2293988
mcbAp5,1.434782608695652,54,22,TTGTGGACCCGCAGCTTGTA,32,2296670
mcbAp5,0.08695652173913043,23,22,TTCGCATACCGCCGGAGATA,1,2300106
mcbAp5,2.130434782608696,70,22,TTCGATAACTTAGTCCAGTA,48,2294458
mcbAp5,0.08695652173913043,23,22,TGGGTATTTACTGGGAGCTG,1,2268355
mcbAp5,0.9565217391304348,43,22,TGGGAGAAACTGCTAAGTTG,21,2296912
mcbAp5,1.565217391304348,57,22,TGAAATCATGTGGTAATTGT,35,2295624
mcbAp5,0.2608695652173913,27,22,TCTGGAGACGCCCTGATACG,5,2262726
mcbAp5,1.565217391304348,57,22,TCGCTGTTGTCTGTTCTCGC,35,2275901
mcbAp5,0.8695652173913043,41,22,TCATATATTGGCATCGGCAA,19,2286941
mcbAp5,0.13043478260869565,24,22,TAGGTAAAAATTCTGATAGC,2,2283199
mcbAp5,1.9565217391304348,66,22,TAGGGGTGCCCGTTTCCCGA,44,2271359
mcbAp5,1.2173913043478262,49,22,TAGCTCTCGAAACTGTCAGT,27,2298788
mcbAp5,0.9565217391304348,43,22,GTGGAATGTTTTAGTTGTCG,21,2304866
mcbAp5,0.34782608695652173,29,22,GTACGGCGCTGGGGATAGGG,7,2300565
mcbAp5,0.391304347826087,30,22,GGGACGCGCTTAGCACTTGT,8,2312313
mcbAp5,0.5652173913043478,34,22,GCTCGCTGCATTGATTGGGA,12,2295112
mcbAp5,0.9565217391304348,43,22,GCGTTCATTCCCCTATCGGC,21,2285889
mcbAp5,0.08695652173913043,23,22,GCGTGAGAACTTCGACGTTC,1,2265928
mcbAp5,1.4782608695652173,55,22,GAGATGGCCCTTACGTATCC,33,2310771
mcbAp5,0.6521739130434783,36,22,CTGGTTACGCGTTAAACCTG,14,2286117
mcbAp5,0.8695652173913043,41,22,CTGAAAATGTGATACTAGAT,19,2262160
mcbAp5,1.0434782608695652,45,22,CTAGGATATATCAAGCGACA,23,2308959
mcbAp5,0.8695652173913043,41,22,CGAGTTTGTATTGTTGATTG,19,2279026
mcbAp5,1.0434782608695652,45,22,CGACGGATGTGACAAATGAA,23,2282893
mcbAp5,0.782608695652174,39,22,CCTTGTGCTCTTGTCAACTG,17,2273734
mcbAp5,0.08695652173913043,23,22,CCTTACACCCCTCATGTCAA,1,2262130
mcbAp5,0.08695652173913043,23,22,CCTGCTCCACTAGCTCTAAC,1,2299450
mcbAp5,0.08695652173913043,23,22,CCCTTGCTTTACTGAGGAAG,1,2293204
mcbAp5,1.173913043478261,48,22,CCCGTGTTACTGCATTGGGA,26,2277501
mcbAp5,0.6086956521739131,35,22,CCCCTTGTGTCACGGAGCGA,13,2311473
mcbAp5,0.6521739130434783,36,22,ATGCCGAAAACGATACTGAG,14,2294898
mcbAp5,1.5217391304347827,56,22,AGTACGTCGATGGAAAAGGT,34,2286322
mcbAp5,0.08695652173913043,23,22,AGGCAGAGGCACATCTAAAG,1,2302615
mcbAp5,0.08695652173913043,23,22,AGCTAGAAGCCCAGGCCTAG,1,2267749
mcbAp5,0.782608695652174,39,22,ACCGGTGGTGAGCGCAACAA,17,2309436
mcbAp5,0.8695652173913043,41,22,ACATACATATTTACTTCCCC,19,2277357
mcbAp5,1.434782608695652,54,22,AATGTCGTGTTCTTGAGTAG,32,2300780
mcbAp5,0.391304347826087,30,22,AATCAAGTGGAAACATAGGT,8,2291066
mcbAp5,0.6818181818181818,35,21,TTAGTATTAGACCAGTACTT,14,2290359
mcbAp5,1.2727272727272727,48,21,TGGCCTATTGTGTAGGAATG,27,2272068
mcbAp5,0.5454545454545454,32,21,TGCAAGAACACATTGCTAGT,11,2268503
mcbAp5,1.0,42,21,TCTTTCATCAAAACCTAAAG,21,2274457
mcbAp5,0.5,31,21,TCGTACATTTATTCCTGGCA,10,2290451
mcbAp5,1.7272727272727273,58,21,TATTTACGTCTATCCTATGT,37,2281424
mcbAp5,0.6363636363636364,34,21,TATGCCACTTTTCAGAGCTG,13,2288952
mcbAp5,1.3636363636363635,50,21,TATGCATTCGTCTGAGTTTA,29,2270089
mcbAp5,0.18181818181818182,24,21,TATAGAGCGTAAGGCAGTCT,3,2275203
mcbAp5,0.5,31,21,TAACGGGATCACTTGTAGCG,10,2287781
mcbAp5,1.8636363636363635,61,21,GGTTATTTTACCGATTTGGC,40,2303652
mcbAp5,1.2272727272727273,47,21,GCGCCGGCTTTGTCGAAATT,26,2299234
mcbAp5,0.5454545454545454,32,21,GCCCAGTTCGGTGATGCAGT,11,2302179
mcbAp5,0.7272727272727273,36,21,GAGTAGACCTAGTAGTCGTG,15,2310242
mcbAp5,0.09090909090909091,22,21,GAGTAACCAGTGCATGCGAG,1,2263869
mcbAp5,0.9090909090909091,40,21,CTACGACTGTGTTGATAGGC,19,2282005
mcbAp5,0.5,31,21,CTACAGGCCTATTACGGACG,10,2265929
mcbAp5,1.3636363636363635,50,21,CGGAAAGTCGCAGCCAGTAC,29,2304601
mcbAp5,0.09090909090909091,22,21,CGATTTCTGATAAATCGGTA,1,2300779
mcbAp5,0.9545454545454546,41,21,CCGTCTGGGATAGGTAGCGT,20,2300968
mcbAp5,0.09090909090909091,22,21,CCGGCTACAATATTGTTACA,1,2315070
mcbAp5,3.0,86,21,CCCCAGAACTAATGTCCCAG,65,2301587
mcbAp5,2.0454545454545454,65,21,CCAGGACAGGCTGGGTACAT,44,2272371
mcbAp5,0.09090909090909091,22,21,CATATCAGCTAGGGACAAAG,1,2268656
mcbAp5,1.1363636363636365,45,21,CACCGGCTCCATTTTTCAAT,24,2283278
mcbAp5,2.3181818181818183,71,21,ATTTGGTGCCACATTCTCTA,50,2280504
mcbAp5,0.09090909090909091,22,21,ATTGACTGTATGGGCGCAGT,1,2274743
mcbAp5,0.7272727272727273,36,21,AGTCAGCACCTAAACCTATG,15,2298827
mcbAp5,1.2727272727272727,48,21,AGTAGGACCAATAGATCCCC,27,2309083
mcbAp5,0.13636363636363635,23,21,AGCCCTCGCTTGAAAGGCTT,2,2279528
mcbAp5,0.9090909090909091,40,21,AGATATAGTACTCTTGCTGT,19,2267058
mcbAp5,0.6363636363636364,34,21,AGAGTATTCTGTAGCCTGAT,13,2307771
mcbAp5,0.9090909090909091,40,21,ACTGCCTTTTGTGGACCCGC,19,2272320
mcbAp5,0.7272727272727273,36,21,AATCGATTATCGGCATGTAA,15,2301976
mcbAp5,0.6818181818181818,35,21,AAGGGGGTCATCCCTCAGTG,14,2300350
mcbAp5,2.1818181818181817,68,21,AACACATTTTCGGAGCCCAT,47,2265666
mcbAp5,0.09090909090909091,22,21,AAAGACTCTCTCGGGACATC,1,2297832
mcbAp5,0.09523809523809523,21,20,TTGTTTCGCACGCGCCTATG,1,2269198
mcbAp5,1.0,40,20,TTAGGTTGAGAGTAAGGCGT,20,2307663
mcbAp5,0.8095238095238095,36,20,TTAGAGATATTGTGTTGTCT,16,2288279
mcbAp5,1.0,40,20,TGCTCCCCGCACTCAACGGC,20,2288722
mcbAp5,1.5238095238095237,51,20,TGCGTCAGAGTTCGCTTAAC,31,2289292
mcbAp5,0.6666666666666666,33,20,TGAGTTTCAGTCTATTAACC,13,2278923
mcbAp5,1.5714285714285714,52,20,TCGCGTTTGGGCCTTCCGCG,32,2301906
mcbAp5,0.3333333333333333,26,20,TCCTTCAATCCAATCACTAT,6,2277594
mcbAp5,1.3333333333333333,47,20,TCCTATTAGGTTGATCCTGT,27,2290593
mcbAp5,1.4761904761904763,50,20,TCAATACAACATAATCGGCC,30,2281446
mcbAp5,0.9523809523809523,39,20,TCAAAATCTCCTTTTGGTCA,19,2281500
mcbAp5,0.7619047619047619,35,20,GTCTCTCGCGTTGATCATTG,15,2268025
mcbAp5,0.09523809523809523,21,20,GTCGAAAGCATTTGGCTGCG,1,2308832
mcbAp5,0.09523809523809523,21,20,GTAGGTGGCCTAGTGTTATG,1,2312132
mcbAp5,1.0952380952380953,42,20,GTAATAGGAGTGACTAGTAT,22,2306773
mcbAp5,0.7142857142857143,34,20,GGTAGTTATGCCGGGGGTAA,14,2304148
mcbAp5,0.7142857142857143,34,20,GGGCGCGCTGACGCTGTTTG,14,2275746
mcbAp5,1.5238095238095237,51,20,GGGCACTGGGCGACAACCAA,31,2298835
mcbAp5,1.0,40,20,GGCAGGCGACAGAACTACTA,20,2302532
mcbAp5,1.5714285714285714,52,20,GGAAGGGCCATTTAGCATCG,32,2279573
mcbAp5,0.6190476190476191,32,20,GGAAAGGGTCGAATCATATT,12,2270613
mcbAp5,1.0952380952380953,42,20,GAGGCAAGAGGAGGTTCGAA,22,2266126
mcbAp5,0.6666666666666666,33,20,CTTTGGACTAACAATAATCT,13,2279703
mcbAp5,7.285714285714286,172,20,CTTAACTTCCGGGCTCCGAC,152,2274893
mcbAp5,0.8571428571428571,37,20,CTCCTCCCCCCAAGGACCAA,17,2273493
mcbAp5,0.09523809523809523,21,20,CTCACACCGTAGATGACAGG,1,2273102
mcbAp5,2.1904761904761907,65,20,CTATGTAGCCCTGCCCGATC,45,2272023
mcbAp5,1.0,40,20,CTAGTAATGTGTTAAAACGT,20,2287413
mcbAp5,1.0476190476190477,41,20,CGTGATTAGGACGCATCTAT,21,2275348
mcbAp5,1.0476190476190477,41,20,CCTCCAACGAGAAGTATGAT,21,2310721
mcbAp5,0.5714285714285714,31,20,CAGTTAAGTAAACATTCAAT,11,2271664
mcbAp5,1.8571428571428572,58,20,CAGGGTCTAATCCTCTCAGT,38,2269535
mcbAp5,0.9047619047619048,38,20,ATTCCTCATTCAATATGGCA,18,2303653
mcbAp5,0.42857142857142855,28,20,AGGTACGCTGTAGACCGGAG,8,2312376
mcbAp5,0.8095238095238095,36,20,AGCACCTCATTACCCTTCAT,16,2305561
mcbAp5,0.09523809523809523,21,20,ACTCGTATCATGGTTCTGCC,1,2282801
mcbAp5,0.5714285714285714,31,20,ACGTCCTTGAATGCTAGTAA,11,2278234
mcbAp5,0.09523809523809523,21,20,AAGTTCATTACGTGCCCAAT,1,2299526
mcbAp5,1.0476190476190477,41,20,AACTTATTGCGGTTTGGGTA,21,2297760
mcbAp5,1.4761904761904763,50,20,AACTAACTGCGTCTGTTGCC,30,2273844
mcbAp5,0.09523809523809523,21,20,AACATCTCCGTTTCGATTAT,1,2265986
mcbAp5,1.0952380952380953,42,20,AAACACTCCCGAGTCACTCG,22,2280513
mcbAp5,0.7619047619047619,35,20,AAAAGCTGGGTCCGTTACCT,15,2303829
mcbAp5,0.1,20,19,TTGCCAATTGCCGACAGCCA,1,2286635
mcbAp5,0.1,20,19,TTCTTGTGACAAGGCCCACT,1,2267547
mcbAp5,1.05,39,19,TTAGGGTAACCCTTTGCCAA,20,2315072
mcbAp5,0.35,25,19,TGTTTAGCCAGAGGGAGTAT,6,2291153
mcbAp5,0.8,34,19,TGTGACCCAAGTCTTAGTCT,15,2312107
mcbAp5,1.65,51,19,TGTAAGACCCAACTCGGAAC,32,2280052
mcbAp5,0.7,32,19,TGCATACATGATGTTCGTTG,13,2306721
mcbAp5,1.5,48,19,TGCACCGTGACCTTCCCTTT,29,2313792
mcbAp5,2.2,62,19,TCGACGCCCTCTTTTTCAAA,43,2308779
mcbAp5,1.35,45,19,TCCGATCCAGAGCGCGTTGT,26,2265577
mcbAp5,1.35,45,19,TATATGTTAGGCACACTTCT,26,2282097
mcbAp5,0.3,24,19,GTTGCGGGATGGAGAGCCAT,5,2295424
mcbAp5,1.0,38,19,GTTACGAATCCGAGCTCGCT,19,2303874
mcbAp5,0.95,37,19,GTGTTCGTAAAAGGTTAATT,18,2278846
mcbAp5,1.05,39,19,GTGTAATGTCGGTGTTATGG,20,2300670
mcbAp5,0.95,37,19,GGGAAATTTACCACAAGCTG,18,2268707
mcbAp5,0.95,37,19,GCGATAGACAACCGCTAGGG,18,2289960
mcbAp5,3.7,92,19,GCCTCATAATCCACCTTCCT,73,2265690
mcbAp5,1.05,39,19,GCACAGCACGGTGACATCGG,20,2291966
mcbAp5,5.2,122,19,GATCAGGGCCAGCCCGAACT,103,2286303
mcbAp5,3.2,82,19,GAGTCTTGCAACTCGCTAAC,63,2274111
mcbAp5,1.05,39,19,GACCGTGCTTAACACCGGCT,20,2292918
mcbAp5,1.4,46,19,CTTTGTTGCTTTCGGGTAAT,27,2289601
mcbAp5,1.15,41,19,CTGCGGGTATACGCAGTTTG,22,2305804
mcbAp5,0.95,37,19,CGGGGGCTATACAAGTACAC,18,2298041
mcbAp5,1.0,38,19,CGATTGGGAGCAGACGGTTC,19,2270232
mcbAp5,0.55,29,19,CCTTATTGTAGGGTCTTCGG,10,2261273
mcbAp5,1.85,55,19,CCTCGAACTGACGGCCGCTC,36,2271300
mcbAp5,1.1,40,19,CCGCGATTGCCTCTGACTTT,21,2274599
mcbAp5,1.1,40,19,CCCCGCATTACTGCGCTTAT,21,2280352
mcbAp5,1.2,42,19,CCCAAGTAGCAGCGAACAAA,23,2295460
mcbAp5,1.35,45,19,CCAAGAAGATCGTACCGTGA,26,2312705
mcbAp5,0.1,20,19,ATGTGGTCAGTCCAGCTTTG,1,2273449
mcbAp5,1.6,50,19,ATAAACCTCGGCCGTACTTA,31,2274555
mcbAp5,0.5,28,19,AGCGTCCAGATACGTTAGAG,9,2265074
mcbAp5,2.0,58,19,AGCGCGTCTTAGCGGGTAAA,39,2262582
mcbAp5,2.35,65,19,AGAGAGTGTTTGCTAATGAT,46,2266206
mcbAp5,1.1,40,19,ACGTACATATCTTCAGTGTG,21,2284201
mcbAp5,0.8,34,19,ACCGCGTTCGTATTCTTTTA,15,2292951
mcbAp5,1.6,50,19,AATGCGGGAGTTAATGCAAT,31,2263892
mcbAp5,0.8421052631578947,33,18,TTAGCGACCTCCCGGTTTGT,15,2276412
mcbAp5,4.105263157894737,95,18,TGTCCCGTTGATGGATAAAT,77,2298139
mcbAp5,0.9473684210526315,35,18,TCTTCAAGTTGGTGTCTGCG,17,2267934
mcbAp5,1.4736842105263157,45,18,TCGCCGCGCACCACACGTGG,27,2269297
mcbAp5,0.15789473684210525,20,18,TCAACGACACGTTGCCATGT,2,2297412
mcbAp5,2.263157894736842,60,18,TATTAGGGCGTTAGGCACAC,42,2292833
mcbAp5,2.1578947368421053,58,18,TATTACTCCCCCCGTAACGT,40,2292041
mcbAp5,0.9473684210526315,35,18,TATCTAACTACGGGACGAAT,17,2297550
mcbAp5,1.263157894736842,41,18,TACGGTTTTTTCCGCTAGTA,23,2269824
mcbAp5,0.7894736842105263,32,18,GTTTTTATAATATCGGGAAT,14,2305800
mcbAp5,1.1578947368421053,39,18,GTGATGTTAGGTATGCTTGG,21,2268988
mcbAp5,0.5263157894736842,27,18,GGCGCCCACTCACGTGTGCA,9,2292490
mcbAp5,0.10526315789473684,19,18,GGCATTCCAGATAAAATTTA,1,2294224
mcbAp5,0.631578947368421,29,18,GCTGGCTCCGCACGAGGCAT,11,2272466
mcbAp5,0.10526315789473684,19,18,GCGCGACAACGATTACTACT,1,2299474
mcbAp5,1.4210526315789473,44,18,GCGACCGGTATTGTGAACAT,26,2281143
mcbAp5,0.10526315789473684,19,18,GCCTGGGGTTGCCTAGGCGG,1,2271016
mcbAp5,0.10526315789473684,19,18,GCCGGCGGAGATCTGCCCCC,1,2306808
mcbAp5,0.21052631578947367,21,18,GACATACTCTAGTCCTCCCG,3,2291386
mcbAp5,1.1578947368421053,39,18,GAAGTTGCGTCGGATCGGAT,21,2261355
mcbAp5,1.2105263157894737,40,18,GAACATCCACCATCTAATTC,22,2312020
mcbAp5,2.0526315789473686,56,18,CTGTACGCGAAATTATAAGC,38,2314425
mcbAp5,0.7368421052631579,31,18,CTGCGCGGTTGATGTGTGAA,13,2316022
mcbAp5,0.10526315789473684,19,18,CGGCCGAGGACGTTAGGTTT,1,2277750
mcbAp5,2.263157894736842,60,18,CGCGGGGGCCATCACGGGGT,42,2277422
mcbAp5,0.10526315789473684,19,18,CCAGTGGAATTGGAGGACCT,1,2310974
mcbAp5,2.1578947368421053,58,18,CCACTCTTTGGGCGAGATGT,40,2264166
mcbAp5,0.9473684210526315,35,18,CCAATAAGCGCGGACGTTTG,17,2279605
mcbAp5,0.6842105263157895,30,18,CATGAGCTAACCTTACATGG,12,2309978
mcbAp5,0.631578947368421,29,18,CACTTGAGGCCTGAGGGGAA,11,2272597
mcbAp5,0.9473684210526315,35,18,CACGCAGGGTTCGGCCGGAC,17,2290378
mcbAp5,0.631578947368421,29,18,CACCTGTGGGATCGCACTTC,11,2286781
mcbAp5,1.1578947368421053,39,18,CAATTTATGTCGCACTTACT,21,2299187
mcbAp5,2.1578947368421053,58,18,ATCCTTTAGACATCGTACAT,40,2283935
mcbAp5,0.10526315789473684,19,18,ATACGATGTAGCATTCCAGG,1,2273213
mcbAp5,0.8421052631578947,33,18,AGTCGTTGACGATCTTCGAT,15,2290072
mcbAp5,2.0526315789473686,56,18,AGGGGCCGTGGGACACGAGC,38,2273458
mcbAp5,1.368421052631579,43,18,AGCGGTCCGCGATATAGAAC,25,2265738
mcbAp5,1.4210526315789473,44,18,AGAGGGATCGCACTTCGAAT,26,2282642
mcbAp5,1.368421052631579,43,18,ACGTTAGAAAATCACGTGTG,25,2273945
mcbAp5,1.3157894736842106,42,18,ACACTCTTAATGCCTCGAGG,24,2273611
mcbAp5,1.0,36,18,AATGCCAATCAGTCAAGGAC,18,2264784
mcbAp5,0.631578947368421,29,18,AATACGGTGTATTCTTTTCA,11,2278473
mcbAp5,0.10526315789473684,19,18,AACCATCTCTGACCTAGGTT,1,2262316
mcbAp5,0.9473684210526315,35,18,AAATCTGATCTACTTGATAA,17,2282062
mcbAp5,0.10526315789473684,19,18,AAAGGCGGCTACCTAACTCA,1,2263866
mcbAp5,2.5555555555555554,62,17,TGTGTGTGCAGTGGTCCTAA,45,2290570
mcbAp5,1.3888888888888888,41,17,TGTATAGGCACGCCCCAGAT,24,2281593
mcbAp5,3.388888888888889,77,17,TGCAAAGTGTCTGGCAGCCC,60,2267102
mcbAp5,0.8888888888888888,32,17,TCTTGGTGCATCCGTGCACA,15,2300529
mcbAp5,1.0555555555555556,35,17,TCTATCGGATCCCAATTATC,18,2294104
mcbAp5,0.2222222222222222,20,17,TCATGCATCTCACCCCTGGG,3,2285779
mcbAp5,0.5,25,17,TCAGCCAGCACCACGATCAT,8,2268507
mcbAp5,0.1111111111111111,18,17,TATTTATTTCTGCGCGGTCA,1,2276581
mcbAp5,1.4444444444444444,42,17,TAACAGGGTTAAACCGCATA,25,2281881
mcbAp5,3.0,70,17,TAAAAATACACGAAGTCGGA,53,2287503
mcbAp5,0.1111111111111111,18,17,GTTAGCAACAGTATCACGCG,1,2270461
mcbAp5,0.5,25,17,GTTACATGACCTCCCCCTGG,8,2278668
mcbAp5,1.5,43,17,GTCAATTGGATTCCAACGCA,26,2308592
mcbAp5,0.1111111111111111,18,17,GTACAGCTTAAATGGTGCCA,1,2278422
mcbAp5,2.3333333333333335,58,17,GTAATTCTTACATACCGCAA,41,2264492
mcbAp5,0.2222222222222222,20,17,GGGCCGCTAGCACCGGGACC,3,2301030
mcbAp5,0.1111111111111111,18,17,GGGAGTGTGGTATCCTCTAG,1,2292652
mcbAp5,1.8888888888888888,50,17,GGAGTTTACTACATAAGGGA,33,2293024
mcbAp5,1.0,34,17,GGAACGCACGGGAACGAGGT,17,2284812
mcbAp5,0.1111111111111111,18,17,GCTCACGTTCAATCTGAGAC,1,2279237
mcbAp5,0.7222222222222222,29,17,GCAAGTCACAATATGCTTCG,12,2298504
mcbAp5,0.1111111111111111,18,17,GATCACACACTGTCGTCCTT,1,2264374
mcbAp5,1.1111111111111112,36,17,GAGCAATTTAGCACTTATCT,19,2280374
mcbAp5,0.1111111111111111,18,17,GAGAGATATGTGTAACCTGC,1,2309839
mcbAp5,1.6111111111111112,45,17,GACTGTTGCGTGATCCATAT,28,2280671
mcbAp5,1.5555555555555556,44,17,GAATTTAGTCGCCATATGGG,27,2302218
mcbAp5,1.9444444444444444,51,17,GAATATTAGGGGTATCCTCA,34,2274700
mcbAp5,0.3888888888888889,23,17,GAAGTCATTGCGGTTGAGAT,6,2263095
mcbAp5,1.3333333333333333,40,17,GAAAACGATAGACTAAATCC,23,2274194
mcbAp5,0.9444444444444444,33,17,CTTCTTGAACGGGGACCCAG,16,2298762
mcbAp5,1.1666666666666667,37,17,CTGTGTAGCGACGCTCCAGT,20,2278554
mcbAp5,0.1111111111111111,18,17,CTGGGTATAGCACATTCCGT,1,2270437
mcbAp5,0.7777777777777778,30,17,CTCTAACTAGCACTAATCAT,13,2311067
mcbAp5,0.1111111111111111,18,17,CGTCGGGTAGCAATGGAGAT,1,2267000
mcbAp5,0.3888888888888889,23,17,CGGGCACGATCCAGAGGGTT,6,2290748
mcbAp5,0.1111111111111111,18,17,CGGCAGCCCGCTAACGTTAG,1,2270669
mcbAp5,0.3888888888888889,23,17,CGCCCGGTACGTGTATTTAT,6,2291432
mcbAp5,2.388888888888889,59,17,CGACCGACAAATGGTTCACT,42,2279679
mcbAp5,0.1111111111111111,18,17,CCGACTAAGTCAAGCAAAAT,1,2315399
mcbAp5,2.7222222222222223,65,17,CAGTCCTTGACCTGAGTCGT,48,2281090
mcbAp5,1.0,34,17,CACCAGTGTAAGTTCTGTAT,17,2269189
mcbAp5,1.3333333333333333,40,17,CAAGCGGAACTGAAGGCGTC,23,2287680
mcbAp5,0.5,25,17,CAACATAACTACGACGATTA,8,2299788
mcbAp5,1.4444444444444444,42,17,ATGTTTCGGTAAAACTAGAT,25,2303605
mcbAp5,0.7777777777777778,30,17,ATGCAGCAATGGTTGACTGT,13,2286707
mcbAp5,0.3888888888888889,23,17,ATCCGGCCGCCCTACACAGT,6,2286038
mcbAp5,0.9444444444444444,33,17,ATATCTGGATGCAGCTTCTA,16,2310581
mcbAp5,0.6111111111111112,27,17,AGCACTTTCACCAAGCCGTA,10,2276848
mcbAp5,1.3333333333333333,40,17,AGATTATGCCGGCTGGTCGG,23,2281732
mcbAp5,2.2777777777777777,57,17,ACTATGTTTGTATCAGAACA,40,2280894
mcbAp5,0.1111111111111111,18,17,ACGACTCGGAGCGGCGCCAG,1,2292310
mcbAp5,1.0555555555555556,35,17,AATTGCCATAGCTACACTGC,18,2262970
mcbAp5,1.9444444444444444,51,17,AATGATTTGGCACGGTCGTC,34,2314402
mcbAp5,0.1111111111111111,18,17,AAGCCCCGCAAAACTGCGAC,1,2291455
mcbAp5,0.1111111111111111,18,17,AAGACGGCATAGGGATGTCT,1,2280551
mcbAp5,2.7058823529411766,61,16,TTTGCATTGCTCCGAATAGA,45,2269736
mcbAp5,1.411764705882353,39,16,TTGTAGGTTGCCTCCCGTCG,23,2267470
mcbAp5,2.823529411764706,63,16,TTCAAACGGGTGTAGGGATG,47,2270606
mcbAp5,0.11764705882352941,17,16,TGTCTTATTTCAATTGTTTT,1,2282500
mcbAp5,0.17647058823529413,18,16,TGTCCAATATTTTTTGACAG,2,2277019
mcbAp5,1.8823529411764706,47,16,TGGTATACTTCTTTAGCGTT,31,2313866
mcbAp5,1.8235294117647058,46,16,TGCACAGTGAGGCCAAAATC,30,2276899
mcbAp5,1.8235294117647058,46,16,TGATATGTCTAAGTATCGAC,30,2287363
mcbAp5,0.11764705882352941,17,16,TGACCCGGGACATTTTCCGT,1,2280810
mcbAp5,1.2941176470588236,37,16,TCTCGAAAAAGGTATGCAGG,21,2303360
mcbAp5,1.6470588235294117,43,16,TCTAGGGGGCGGTCTTAATG,27,2303767
mcbAp5,1.1176470588235294,34,16,TCGTGGTGTGTACTTATCAG,18,2275157
mcbAp5,1.0,32,16,TCCTGATCAGTTTGAGCATA,16,2288671
mcbAp5,1.5294117647058822,41,16,TCCGCGAGTGGGCGCCTTGA,25,2269941
mcbAp5,0.17647058823529413,18,16,TCCCCAGATAACTTGCGTAG,2,2281499
mcbAp5,0.47058823529411764,23,16,TAGGTAGGCATTATTGATGC,7,2271364
mcbAp5,1.6470588235294117,43,16,TACTACGGAACCCACTCTCT,27,2270290
mcbAp5,0.9411764705882353,31,16,TACGTGCCATTGTGTTCGAA,15,2285688
mcbAp5,0.9411764705882353,31,16,TACCGTTTCTGTCTTGCAGT,15,2277096
mcbAp5,0.9411764705882353,31,16,TACAGTAAGCCTGTCCTACG,15,2265799
mcbAp5,0.8823529411764706,30,16,TAACGGTGTCGCCGGGAGGC,14,2262787
mcbAp5,1.0588235294117647,33,16,GTTCCTGGTATACGGTCTGC,17,2307706
mcbAp5,1.8823529411764706,47,16,GTTATCACCTTAGATGGGTG,31,2309023
mcbAp5,1.2941176470588236,37,16,GTCGTTATTTCGCTTGTCAT,21,2290331
mcbAp5,1.0588235294117647,33,16,GTACCCGCGGAGGGGATAAT,17,2306170
mcbAp5,1.2352941176470589,36,16,GGTCACTCATGATTGGGAGA,20,2267057
mcbAp5,1.2352941176470589,36,16,GGCTCGATCATATCCTCCGA,20,2270833
mcbAp5,1.8823529411764706,47,16,GGAATGCGTCCTATGCCTCT,31,2271765
mcbAp5,0.29411764705882354,20,16,GCTTGATGGACCGGCGGGGA,4,2304195
mcbAp5,1.5294117647058822,41,16,GCTTATTATGATGGGGCCAT,25,2279442
mcbAp5,2.411764705882353,56,16,GCGCGAGTATGTAGGCTATA,40,2316343
mcbAp5,1.411764705882353,39,16,GCCTAGAAACTGTGCAGTAA,23,2286657
mcbAp5,0.47058823529411764,23,16,GCCCGCGACCAGAGATCGCC,7,2284491
mcbAp5,0.11764705882352941,17,16,GCATTGAACCCGCTGGACAT,1,2264884
mcbAp5,1.411764705882353,39,16,GACCCCTTCTGAGGGGAGTT,23,2304831
mcbAp5,0.7647058823529411,28,16,GAAGTGATGGTGCTGTCGTA,12,2290030
mcbAp5,1.2352941176470589,36,16,GAAGAGAATTTGCTTTCTTC,20,2279867
mcbAp5,0.6470588235294118,26,16,CTATACCCGTGTAGCAAATT,10,2272897
mcbAp5,0.8235294117647058,29,16,CTAGACCACGCTTGGTCCCT,13,2263304
mcbAp5,3.0,66,16,CGTTTAGATCTAAACTCGGA,50,2314970
mcbAp5,0.9411764705882353,31,16,CGTTTAGACCATTCCCTAGG,15,2292655
mcbAp5,1.0,32,16,CGGAGGGTCTAGACATATGC,16,2284842
mcbAp5,1.6470588235294117,43,16,CGGAGCAAGTTCGTGAGGGT,27,2313585
mcbAp5,1.1176470588235294,34,16,CGCGTAATTTTGTACAGCCC,18,2264639
mcbAp5,0.11764705882352941,17,16,CGAGCTGTGCCAAGAGGGTT,1,2276060
mcbAp5,1.6470588235294117,43,16,CCTTTAGACAGATTTACCTA,27,2312150
mcbAp5,0.11764705882352941,17,16,CCTGGTCGGTGCAGGTCTCG,1,2279017
mcbAp5,0.11764705882352941,17,16,CCCCGGAGACACGCTTCAAC,1,2315808
mcbAp5,1.0588235294117647,33,16,CCCATCGGAATTCAAATTGG,17,2297544
mcbAp5,0.11764705882352941,17,16,ATTGGTTCGCACCGCTCCAT,1,2262961
mcbAp5,0.11764705882352941,17,16,ATTCATTCTGGAAGAGACCA,1,2294867
mcbAp5,0.6470588235294118,26,16,ATTACATGTTCCTTTGGTAA,10,2283796
mcbAp5,0.5294117647058824,24,16,ATGTGGCTCCTCGGTAAGAG,8,2300999
mcbAp5,0.23529411764705882,19,16,ATGGGCCGTGTTATAAACCA,3,2296699
mcbAp5,1.2941176470588236,37,16,ATCGCACTAGGGTGTACCCT,21,2295235
mcbAp5,2.588235294117647,59,16,AGTGGACCTCATGGAACCTA,43,2266854
mcbAp5,0.11764705882352941,17,16,AGGTCAGTCCGGCGCCGAAT,1,2296847
mcbAp5,2.588235294117647,59,16,AGAGAGGTGACGACTTCTTT,43,2303011
mcbAp5,0.11764705882352941,17,16,AGACGATGTTGCAGTGACTG,1,2287643
mcbAp5,0.11764705882352941,17,16,ACTCTTCTGTGTTAATGTAC,1,2312671
mcbAp5,1.1176470588235294,34,16,ACGCCTCAACACGATACTTG,18,2290879
mcbAp5,0.5882352941176471,25,16,ACCACGACATGTGATGATCT,9,2265846
mcbAp5,0.8823529411764706,30,16,AAGCGCAACACGTACCGAAT,14,2263643
mcbAp5,2.235294117647059,53,16,AACGTCCAAACCGTTTTGAC,37,2264711
mcbAp5,2.8823529411764706,64,16,AAACTTGTGGTTGGATTCAC,48,2275625
mcbAp5,1.0,30,15,TTGGAGCAAAGTAGGATTTC,15,2297165
mcbAp5,1.375,36,15,TTGATAGTAGCGAGATTGCA,21,2294051
mcbAp5,3.1875,65,15,TTCCCCTCTCCTTATTGAAT,50,2289297
mcbAp5,1.1875,33,15,TTAGGCATGGGTACCCGCAA,18,2266924
mcbAp5,1.4375,37,15,TGGGATTATAGGTTGGCTGC,22,2291407
mcbAp5,1.25,34,15,TGGCTACCGCTCGGTAAGGC,19,2283388
mcbAp5,0.6875,25,15,TCTTAAACGTTGGACCAAGC,10,2273095
mcbAp5,1.0625,31,15,TCTGAAAAGTAAGAGGCTTA,16,2292150
mcbAp5,0.875,28,15,TATTCTTGGCTTAGTTAGGA,13,2274362
mcbAp5,2.0625,47,15,TATCTCCTAGGCTATATGGA,32,2294081
mcbAp5,0.125,16,15,GTTGGAATTTAATCTCATTC,1,2304459
mcbAp5,0.5,22,15,GTTAGAACGGACTGTGCACA,7,2305589
mcbAp5,0.125,16,15,GTCCGTCGTAGCATTACGTG,1,2279901
mcbAp5,0.125,16,15,GTATTCTTCGAATAGGCCAC,1,2266804
mcbAp5,0.5625,23,15,GTATAGCTAGCAATTACAAC,8,2303740
mcbAp5,1.25,34,15,GGTTATCAGAATGAATGACT,19,2295247
mcbAp5,1.25,34,15,GGGGAAAAGGTCCAGCTCAT,19,2267288
mcbAp5,0.125,16,15,GGGCTTAGGATGACAGTCCC,1,2302203
mcbAp5,1.5,38,15,GGGAGTACCAACGAGTGACT,23,2299047
mcbAp5,3.125,64,15,GGAGTTTGAATGAGTCCATA,49,2279725
mcbAp5,0.125,16,15,GGACTAGACCTGTTTGATCG,1,2262367
mcbAp5,0.75,26,15,GCTTCAATCAATTACCAAAG,11,2270774
mcbAp5,0.5,22,15,GCATAGTGTCTCACGGCCCT,7,2300023
mcbAp5,1.25,34,15,GATAGTACCGTTTCCGCATG,19,2288644
mcbAp5,1.6875,41,15,GAGCACACTAAGGATCTATG,26,2279748
mcbAp5,1.5625,39,15,GACGAGAATCATGGGTAAGG,24,2287907
mcbAp5,1.6875,41,15,GACCCAAAGCTGCTGCTGCA,26,2287042
mcbAp5,1.0625,31,15,GAATCGACGAGCGTACTCTG,16,2288277
mcbAp5,1.5625,39,15,GAACTAAGCGGCGTAGGGAT,24,2279978
mcbAp5,1.3125,35,15,CTGGGTTGCGGTACTGCGAG,20,2297307
mcbAp5,1.0,30,15,CTCGCCAAGAGTCAACGTCT,15,2293595
mcbAp5,1.3125,35,15,CTAATTGTTTGCCTCTCACG,20,2310654
mcbAp5,2.25,50,15,CGTTGCGGGTGGTCTGTTAA,35,2278091
mcbAp5,1.375,36,15,CGCTTTCACAAGTGTTATAG,21,2315690
mcbAp5,1.4375,37,15,CGAGCCACACTCAAACTTAA,22,2269549
mcbAp5,1.3125,35,15,CCTCAGGGTTGTATTTACTC,20,2292919
mcbAp5,0.125,16,15,CCTCACATCCGACCACGACA,1,2285466
mcbAp5,0.125,16,15,CCGCAAAGCGCTGGCTATCA,1,2266655
mcbAp5,0.125,16,15,CCATTCAGCTCCCACTAGCA,1,2304108
mcbAp5,1.375,36,15,CATAGATCAGTTTGCTCAGA,21,2274076
mcbAp5,1.625,40,15,CAGGAGCCCAGGGCTGGCGG,25,2277593
mcbAp5,1.3125,35,15,ATGCATCACAGCACACAATC,20,2274112
mcbAp5,1.0,30,15,ATGACAAGTTTGAGAGAGCA,15,2263481
mcbAp5,2.5625,55,15,ATGAACCGGTGGACTTGAGA,40,2272492
mcbAp5,0.125,16,15,ATCTTTATTTAAACTTTTAA,1,2288821
mcbAp5,1.625,40,15,AGTATTCTCGATTGCTACAC,25,2301719
mcbAp5,3.625,72,15,AGGTTGCACGTCCCCTCCGT,57,2272267
mcbAp5,1.125,32,15,AGGTGGACTTGTTTACACGT,17,2278342
mcbAp5,2.5625,55,15,AGGTGACTATTAGCTGAGAA,40,2314058
mcbAp5,2.9375,61,15,AGGAATGCGATGCTCACCCT,46,2265974
mcbAp5,1.0625,31,15,AGCTTCGAAAACAAAGCCGA,16,2296964
mcbAp5,1.5,38,15,AGAGGGTTCTTGGAGTCGAT,23,2271426
mcbAp5,1.625,40,15,ACTCGACGCGCGTCCGACTC,25,2280357
mcbAp5,1.625,40,15,ACCGGCTAGCTTGCGAGGAG,25,2280548
mcbAp5,1.3125,35,15,ACAGGGCAGATCCTTCGGGG,20,2298359
mcbAp5,1.5,38,15,ACAAGCCACTTCCACCACAA,23,2279309
mcbAp5,1.1875,33,15,ACAAGAGTGCCGCAACCGGT,18,2290770
mcbAp5,0.9375,29,15,AATACACCGATATGAGCGCT,14,2267820
mcbAp5,0.125,16,15,AACAACAGTCACCCAACCAC,1,2299306
mcbAp5,0.125,16,15,AAATGGCCGAAAGAATGCAT,1,2313618
mcbAp5,1.3125,35,15,AAAAGAGTGAAGTCTCATGT,20,2272442
mcbAp5,1.8,40,14,TTCCGCGAGAGTGCGCCAGA,26,2261843
mcbAp5,0.13333333333333333,15,14,TTCCCAGCAGTCTTCCAGAC,1,2261320
mcbAp5,0.4,19,14,TTACGCCGTGTAGTTAGTAA,5,2289033
mcbAp5,0.13333333333333333,15,14,TGCCATAGCAATCTTTAGGG,1,2290986
mcbAp5,1.1333333333333333,30,14,TGCAATGTAGCCGCCATTAA,16,2291027
mcbAp5,0.9333333333333333,27,14,TGATTCTGGTCCAGGTCTTA,13,2265931
mcbAp5,0.8666666666666667,26,14,TGAGATAGTGACACCACACA,12,2262194
mcbAp5,1.5333333333333334,36,14,TGAGAGCAGACGAGACCCAG,22,2264584
mcbAp5,2.933333333333333,57,14,TCGTGCCATAAGCCTCCTTA,43,2301292
mcbAp5,0.8666666666666667,26,14,TCGGCCCTCTATCAGACGCT,12,2297012
mcbAp5,1.4,34,14,TCGGCAGGCTGCCCTGCAAA,20,2279689
mcbAp5,0.13333333333333333,15,14,TCGAGAGTCGAGGAGGAGCT,1,2269078
mcbAp5,2.6666666666666665,53,14,TCAGGACTTTCGGAGGCCGA,39,2266727
mcbAp5,0.13333333333333333,15,14,TAGCTCTGCTCTCATGTGGT,1,2308176
mcbAp5,0.13333333333333333,15,14,TAGAGGTTATAAACGGAGAT,1,2265670
mcbAp5,1.1333333333333333,30,14,TAAACGAGGTCTCTCATACT,16,2304767
mcbAp5,0.13333333333333333,15,14,GTGTCGTTGTGGGATTTCTT,1,2306473
mcbAp5,1.8,40,14,GTACGGATTAAGCTTGCACC,26,2269521
mcbAp5,1.3333333333333333,33,14,GTACAGCGAGGATTATAACG,19,2299373
mcbAp5,1.8666666666666667,41,14,GGTCCTACTTTCCCGCTCAG,27,2298292
mcbAp5,1.5333333333333334,36,14,GGGTGATCTACACTTTGGTT,22,2311005
mcbAp5,0.13333333333333333,15,14,GGGAGGCACATCCGCCTCAT,1,2306440
mcbAp5,1.4666666666666666,35,14,GGCGGGTAGAAACTGCCCTG,21,2275200
mcbAp5,1.4666666666666666,35,14,GGCAACACACCAACGAGATG,21,2298570
mcbAp5,1.2,31,14,GGAGTTATCATGCGAACGTT,17,2303651
mcbAp5,0.13333333333333333,15,14,GGAGGCCCCCCGTCAAAAAG,1,2277503
mcbAp5,1.0,28,14,GGACACCCGTGACTATTCGT,14,2302039
mcbAp5,0.9333333333333333,27,14,GCTTCGATCGAGGTGCTCGT,13,2301097
mcbAp5,1.3333333333333333,33,14,GCTATCGGCCCGAAAAATGC,19,2282014
mcbAp5,4.333333333333333,78,14,GCGGGGTTGTCAAAGCGAGC,64,2316286
mcbAp5,3.7333333333333334,69,14,GCCAACACGCCTAGAGTTGA,55,2265193
mcbAp5,1.3333333333333333,33,14,GCAAGCCGACCCCCGGTGAC,19,2300604
mcbAp5,0.13333333333333333,15,14,GAGCATCACGGCAGTAGATG,1,2294656
mcbAp5,1.2,31,14,GACGCATTCCCGAGCCAATA,17,2308102
mcbAp5,2.533333333333333,51,14,GAATGTTCTTGATTAGACTA,37,2277326
mcbAp5,1.9333333333333333,42,14,CTGCCGCTCGTTTAGGTACT,28,2302957
mcbAp5,0.6,22,14,CTATGGGGTTTGACCATTTT,8,2278755
mcbAp5,0.6666666666666666,23,14,CTAGAACGACCCATCGGGCT,9,2280073
mcbAp5,1.9333333333333333,42,14,CGTGGAGCGCTCCGGGGAAG,28,2270773
mcbAp5,1.0666666666666667,29,14,CGTCTGTTCTGGTCCCTACG,15,2281851
mcbAp5,1.2666666666666666,32,14,CGTCTCCACCGACGTCAACC,18,2315859
mcbAp5,0.13333333333333333,15,14,CGTCGAACAGCACGTTCTAA,1,2294060
mcbAp5,2.533333333333333,51,14,CGGCTCGAACTGATAGTTTG,37,2294870
mcbAp5,1.9333333333333333,42,14,CGAGACAAGGCGCTCAATTC,28,2271737
mcbAp5,1.3333333333333333,33,14,CCTCGGGATTGGTTTCAAGC,19,2270030
mcbAp5,1.6666666666666667,38,14,CATTTTCGTGGACGAGAGTA,24,2266154
mcbAp5,1.6,37,14,CACGGCTTTCAATATCGTAT,23,2262305
mcbAp5,1.2666666666666666,32,14,ATTATCAAAGATCTCCTTCA,18,2278008
mcbAp5,1.6666666666666667,38,14,ATGCTCTCCTAGAAGTAAAG,24,2274722
mcbAp5,0.13333333333333333,15,14,ATCGGAGCACCGACAAAGGT,1,2264471
mcbAp5,1.6,37,14,ATCGCCGCCGCCCATTTCCT,23,2264254
mcbAp5,0.6,22,14,ATAGTCCCGATTAAAGGCGT,8,2263364
mcbAp5,2.533333333333333,51,14,ATAGCTAAATTTGGATCCAT,37,2307800
mcbAp5,0.13333333333333333,15,14,AGGAGTTGCCCGATCTGGTC,1,2315159
mcbAp5,3.066666666666667,59,14,AGCGATGTCTATTATGGCGG,45,2269314
mcbAp5,1.7333333333333334,39,14,ACGTGGCATCCGATAAGGTC,25,2313942
mcbAp5,1.7333333333333334,39,14,ACGGGAGTAGCAACGTTTTA,25,2289252
mcbAp5,1.0666666666666667,29,14,ACGACAGGAATTCCACTGTC,15,2280270
mcbAp5,1.5333333333333334,36,14,ACGAATGGAACAAATTCAAC,22,2286973
mcbAp5,1.4,34,14,ACATGCCGCAACAAACGACT,20,2263675
mcbAp5,1.2,31,14,ACAGTATTTCGGTTGGTGTG,17,2298972
mcbAp5,1.2666666666666666,32,14,AATGAGGTACTAAGTCTCCT,18,2302829
mcbAp5,0.13333333333333333,15,14,AATCTGGACAAGATTTTGTC,1,2288355
mcbAp5,0.13333333333333333,15,14,AAGTGGCATTAAACTAGACA,1,2274247
mcbAp5,1.6666666666666667,38,14,AAGGTTCCTCGATCAGCATA,24,2269270
mcbAp5,0.13333333333333333,15,14,AAATAGTAGTTCCAACTGAG,1,2266988
mcbAp5,1.2142857142857142,29,13,TTGGAGTTGGGCAAAGTCCT,16,2286207
mcbAp5,1.6428571428571428,35,13,TTCTGTGGGCCTTCCTTAAC,22,2276896
mcbAp5,0.2857142857142857,16,13,TTCCCGAGAATAGTCGAGAT,3,2280189
mcbAp5,0.21428571428571427,15,13,TTCCATACTCCCGTCGCCGG,2,2285139
mcbAp5,1.8571428571428572,38,13,TTCCAAGTCGAAACCGAATC,25,2267335
mcbAp5,2.142857142857143,42,13,TTCACTCCCGGCGGAACACT,29,2283620
mcbAp5,0.14285714285714285,14,13,TTAGGTATTCTGCTGCCGCG,1,2282244
mcbAp5,0.5,19,13,TTAGGAGACACTGAGGGCAA,6,2281988
mcbAp5,0.42857142857142855,18,13,TTACGGTGAGGTTGTATTTC,5,2266315
mcbAp5,1.1428571428571428,28,13,TTAAGAGCGCGGTAGCGACT,15,2296324
mcbAp5,1.5714285714285714,34,13,TGCGGGGTTGTAGTAACTGG,21,2311445
mcbAp5,1.7142857142857142,36,13,TCTGGTAACTGCTTTTATAA,23,2308712
mcbAp5,1.6428571428571428,35,13,TCTGGGGTGCGGGCTAGGAG,22,2262325
mcbAp5,1.0,26,13,TCGTCAGCGATGCTTGATGA,13,2265222
mcbAp5,3.0714285714285716,55,13,TCCGGTTTTCTCACGCACAT,42,2266402
mcbAp5,4.785714285714286,79,13,TCATCCCACGGAACCAGACA,66,2293236
mcbAp5,1.1428571428571428,28,13,TATTTCGGAGTATTATCCTT,15,2288599
mcbAp5,2.0,40,13,TATGCAGTGTATGCAATGCC,27,2280032
mcbAp5,1.0,26,13,TATATACTTCAATCCGGTAA,13,2281497
mcbAp5,1.0714285714285714,27,13,GTGTGTTATGCTAAACCTGA,14,2293107
mcbAp5,1.2857142857142858,30,13,GTGTATAAATTGGAAAGCAG,17,2298703
mcbAp5,0.14285714285714285,14,13,GTGCCCCATTTTCCCCTGGG,1,2300785
mcbAp5,1.4285714285714286,32,13,GTCTTTCGAGAGGCTTGTCA,19,2283983
mcbAp5,1.2142857142857142,29,13,GTCCGGACCGGATTTTTAGT,16,2272868
mcbAp5,2.4285714285714284,46,13,GTCAGTGTATTACACTGGAT,33,2297705
mcbAp5,2.142857142857143,42,13,GTCAGCGCCTGTATGCTAAC,29,2280897
mcbAp5,1.8571428571428572,38,13,GTATTGAGGAAACATCCATC,25,2263913
mcbAp5,1.4285714285714286,32,13,GGTGGGTCTTAAAGGCCTTT,19,2262320
mcbAp5,0.14285714285714285,14,13,GGCGTTTGGAGAGGGAGTGG,1,2295457
mcbAp5,0.42857142857142855,18,13,GGATGTACCGAGTGCGAAAG,5,2278865
mcbAp5,1.2142857142857142,29,13,GGACGTTTTATCCCTCACAA,16,2283288
mcbAp5,1.7857142857142858,37,13,GCTGGAATTCACACTAGGGG,24,2304502
mcbAp5,2.2857142857142856,44,13,GCTGACACTAATTAACTTTA,31,2301605
mcbAp5,1.2857142857142858,30,13,GCGTGTGGGGATCTCACTCT,17,2291918
mcbAp5,0.14285714285714285,14,13,GCGATCCGTCATCGGCGGGT,1,2299388
mcbAp5,0.14285714285714285,14,13,GCCGGGTTTTAAGAGTCGGA,1,2267426
mcbAp5,1.0,26,13,GCCGATTATCACGTAAACCC,13,2283106
mcbAp5,1.2857142857142858,30,13,GATGTGGTGCTTTTGGCGGA,17,2290780
mcbAp5,1.7857142857142858,37,13,GATCCGGTTAGGTCCCTCCA,24,2301632
mcbAp5,0.35714285714285715,17,13,GAACCGGGACACGTTCCAGT,4,2299102
mcbAp5,0.14285714285714285,14,13,CTTGGAGATAGGGTCTCAGA,1,2280245
mcbAp5,1.0,26,13,CTTCGAGCACTGAATGCCTA,13,2263031
mcbAp5,2.0,40,13,CTGCTTATAGTTTGCCAAGT,27,2299276
mcbAp5,1.5,33,13,CTCTTTGAGTATCTTACTGG,20,2269584
mcbAp5,1.5714285714285714,34,13,CTCTGTTTGCCGTTTGTATA,21,2291413
mcbAp5,1.0,26,13,CGTTAATTTGTAGCTGGTGA,13,2295122
mcbAp5,0.14285714285714285,14,13,CGTGCGGCTGCTACATGGCG,1,2269770
mcbAp5,1.8571428571428572,38,13,CGGCCGATCACGCACGCTTG,25,2282247
mcbAp5,0.6428571428571429,21,13,CGGAGTGTGCTGATACTTTC,8,2264098
mcbAp5,1.4285714285714286,32,13,CGGACTGCATCGATTCCCAG,19,2264674
mcbAp5,1.5714285714285714,34,13,CGCTTAACTAATATTTGATT,21,2270634
mcbAp5,0.7857142857142857,23,13,CCTTTGTTGATTGGTTTTAT,10,2268992
mcbAp5,1.7857142857142858,37,13,CCTATGTTGATTACGGCTCT,24,2277934
mcbAp5,0.5,19,13,CCGGCCGAAATCCCAGTCTT,6,2267868
mcbAp5,3.0,54,13,CCACTCAAGGCCCAAGAAAC,41,2266066
mcbAp5,2.2857142857142856,44,13,CATCTGCCACGTCACACAAC,31,2312201
mcbAp5,1.8571428571428572,38,13,CAGTCTAGATCTAACGAATA,25,2274303
mcbAp5,1.7142857142857142,36,13,CAGAATTGGTTTCCGGAATT,23,2308250
mcbAp5,0.14285714285714285,14,13,CAATATGACTATACTAATGG,1,2279315
mcbAp5,1.3571428571428572,31,13,AGCGTTCCACCCGATATTTG,18,2262547
mcbAp5,1.6428571428571428,35,13,AGATGGGGATTTATTTACAA,22,2304834
mcbAp5,2.4285714285714284,46,13,ACTCCTCCAGCTTTCAACTA,33,2280276
mcbAp5,1.2857142857142858,30,13,ACGCCTCGAGCTTGGATGAG,17,2295376
mcbAp5,3.0714285714285716,55,13,ACCTCCTTGGGATCGTGATC,42,2312126
mcbAp5,0.21428571428571427,15,13,ACCATTGCGATAGCCTCTGA,2,2297164
mcbAp5,1.7142857142857142,36,13,ACCAGCCAGTCGTGAAATTA,23,2300015
mcbAp5,1.8571428571428572,38,13,ACCAACTACAGCTCATGCCA,25,2293706
mcbAp5,1.7142857142857142,36,13,AAGTAGGTTAGCCATCATAA,23,2273103
mcbAp5,1.6428571428571428,35,13,AAGACTAAGCCCCGGCCTTA,22,2266748
mcbAp5,0.9285714285714286,25,13,AACTAGACTGACCTATGCGA,12,2299491
mcbAp5,0.15384615384615385,13,12,TTGTTGGCCCGTAGATGCCT,1,2313187
mcbAp5,1.3076923076923077,28,12,TTCTAGACAACAAGATAGGG,16,2296069
mcbAp5,1.2307692307692308,27,12,TGCATTTCTATTTCGGGGGT,15,2306572
mcbAp5,1.0,24,12,TCTTTCTGTCTCATAGGTAA,12,2306499
mcbAp5,1.5384615384615385,31,12,TCTGAGTACTAATCCGGTTT,19,2283196
mcbAp5,1.6923076923076923,33,12,TCTCGCTCGTAGAGCCGAGC,21,2281552
mcbAp5,4.538461538461538,70,12,TCCATTTCGTACAGCCAGGG,58,2265934
mcbAp5,0.15384615384615385,13,12,TCATTGGCAAGGAAACAAAA,1,2298841
mcbAp5,1.5384615384615385,31,12,TCATGTTGCAATCTAGCAAT,19,2307735
mcbAp5,1.0769230769230769,25,12,TCACGGCATGCCAGTTCTAC,13,2288063
mcbAp5,1.2307692307692308,27,12,TATTTGCCAATACGTCGGGT,15,2313641
mcbAp5,0.15384615384615385,13,12,TATTCCATAAATCTGCCTTT,1,2276584
mcbAp5,3.4615384615384617,56,12,TATGCTAGTGGTATCAGCTA,44,2265800
mcbAp5,2.4615384615384617,43,12,TAGATACAAATCGTCGGGGT,31,2278820
mcbAp5,1.3076923076923077,28,12,TACGCTACGGTGTCAATTCT,16,2284404
mcbAp5,0.23076923076923078,14,12,GTTGTTCCTCGCGTTTAAAC,2,2297683
mcbAp5,2.076923076923077,38,12,GTGCTATCGCTCGGCAGATA,26,2277831
mcbAp5,0.15384615384615385,13,12,GTGCGCGAATCGAGCAACAA,1,2296492
mcbAp5,1.1538461538461537,26,12,GTCGTCGGTGCTAGCGGCAG,14,2276649
mcbAp5,0.7692307692307693,21,12,GTACGACTGCATCCGTGACA,9,2300867
mcbAp5,4.6923076923076925,72,12,GGTCCTGTTGTAGTGTCGGT,60,2266101
mcbAp5,1.3076923076923077,28,12,GGTATAACGCGCTGTTGAAG,16,2276895
mcbAp5,0.8461538461538461,22,12,GGTAGTCTCGACGCCAATTA,10,2280908
mcbAp5,1.3076923076923077,28,12,GGGTACTGACTCCTGTCGCA,16,2289103
mcbAp5,0.15384615384615385,13,12,GGGGATCAGAAAGCGGGTGG,1,2278460
mcbAp5,2.4615384615384617,43,12,GGGCAAAAACCGGTGCTGTT,31,2264491
mcbAp5,1.4615384615384615,30,12,GGATTAGCCTACCACAATAG,18,2276668
mcbAp5,1.9230769230769231,36,12,GGAATGTTTCCAATAGCCTC,24,2292114
mcbAp5,1.8461538461538463,35,12,GCTCTTTACAGAGGACCTAA,23,2310787
mcbAp5,1.5384615384615385,31,12,GCGGGGGCATGTTGGATATA,19,2300720
mcbAp5,1.2307692307692308,27,12,GCGAGTACGGGACCCGGACA,15,2264873
mcbAp5,2.5384615384615383,44,12,GCAAGAACTTATGGGCAAAG,32,2285266
mcbAp5,1.6923076923076923,33,12,GATACCACTTTATGAACAAA,21,2311085
mcbAp5,0.15384615384615385,13,12,GAGGCATACACATATCATGT,1,2270335
mcbAp5,1.0,24,12,GAGCAGCCCCCGGTCGCCCG,12,2269538
mcbAp5,0.7692307692307693,21,12,GACTATCCGGCTGGCAAGCA,9,2261771
mcbAp5,1.2307692307692308,27,12,CTGTATTCATGGGGAGTAAA,15,2306480
mcbAp5,1.0769230769230769,25,12,CTGCATGGGGGACGAACGAC,13,2303902
mcbAp5,1.3846153846153846,29,12,CTCCCATTCCAGCACATCCT,17,2274224
mcbAp5,0.15384615384615385,13,12,CGTCCACCAACTATCAACAT,1,2270781
mcbAp5,1.0769230769230769,25,12,CGTAACGCGGGCGATCTAGT,13,2292489
mcbAp5,1.7692307692307692,34,12,CGGGTGACGCATCACGTTAT,22,2309619
mcbAp5,2.3846153846153846,42,12,CGCTTCGGAAACTTGGGTGA,30,2315479
mcbAp5,1.1538461538461537,26,12,CGCGTACACGATTCGGGTCC,14,2298007
mcbAp5,1.9230769230769231,36,12,CGAGTGAGCATGACCGAGGG,24,2312925
mcbAp5,0.46153846153846156,17,12,CGAACGCAGGTGTATTGTAG,5,2305103
mcbAp5,0.15384615384615385,13,12,CCTCCTCCTGAAGAGGAAGC,1,2278090
mcbAp5,2.6153846153846154,45,12,CCTCAGATTCCCTACGGGTG,33,2270572
mcbAp5,1.7692307692307692,34,12,CCTATGTTTCACTTCGCATA,22,2266656
mcbAp5,0.15384615384615385,13,12,CCGTAAGGGACAGAAGGAAT,1,2266953
mcbAp5,1.3846153846153846,29,12,CCGGGCTTCAGTAGAAGACC,17,2269313
mcbAp5,1.0769230769230769,25,12,CCGGCCAAGGCTCAATATCC,13,2293594
mcbAp5,1.0,24,12,CCGCTTAAAGATAACATGAA,12,2263606
mcbAp5,3.4615384615384617,56,12,CCGAATAAAGGCCACTGAAG,44,2299368
mcbAp5,0.38461538461538464,16,12,CCCCCATGTAAGGTCTAGGA,4,2264605
mcbAp5,2.0,37,12,CATGTACCTCGCCGATCGGA,25,2309502
mcbAp5,1.8461538461538463,35,12,CATGAGTATCTTAACTGAAA,23,2263168
mcbAp5,2.076923076923077,38,12,CAGTCAGTTTTAGAAGATAT,26,2279685
mcbAp5,1.0769230769230769,25,12,CACTACTGTGTTTGTTTCTA,13,2302416
mcbAp5,0.6153846153846154,19,12,CACTACTATTGCTAAGCAAA,7,2272422
mcbAp5,3.5384615384615383,57,12,CACCTTGTTGTGTGGGAAAG,45,2283044
mcbAp5,0.8461538461538461,22,12,CAAGGAAGAAGTACCAGGTG,10,2273249
mcbAp5,1.0,24,12,CAAGATTTCAGTTATGGGCT,12,2309381
mcbAp5,1.9230769230769231,36,12,ATGGTTGCCAAAACGACTAC,24,2266902
mcbAp5,2.076923076923077,38,12,ATATGCCGTTGGTTTGCCAC,26,2315863
mcbAp5,3.076923076923077,51,12,AGTTTCTTACAATAACAACT,39,2297938
mcbAp5,1.0,24,12,AGTCTACCGACTTTTTGAGA,12,2285906
mcbAp5,1.6923076923076923,33,12,AGTATATTATTGTGGTCCAT,21,2281448
mcbAp5,0.15384615384615385,13,12,AGAGGAGAGGGCTGTCTATA,1,2274557
mcbAp5,0.15384615384615385,13,12,AGACCTACCGACGTTGTTCT,1,2266688
mcbAp5,0.15384615384615385,13,12,ACTTACACGATACCAGAGTT,1,2312863
mcbAp5,1.3846153846153846,29,12,ACGGCAGGCTGATAGGAGCT,17,2272063
mcbAp5,0.15384615384615385,13,12,ACCTAGGCTTCCTTCGGCGG,1,2279563
mcbAp5,2.3076923076923075,41,12,AATCTGCTGCCACTTAATAC,29,2312861
mcbAp5,0.5384615384615384,18,12,AAGCTTTAGAAAAAAGCCTC,6,2300531
mcbAp5,1.6923076923076923,33,12,AAACCATAAGGTAAATCATA,21,2275066
mcbAp5,0.16666666666666666,12,11,TTGTGAGGGTTGATGATGTT,1,2261123
mcbAp5,1.6666666666666667,30,11,TTGGCACTGGCCGAACGTTC,19,2292154
mcbAp5,0.5833333333333334,17,11,TTCAAAGACATTCCGTACGA,6,2276107
mcbAp5,0.3333333333333333,14,11,TTAGAATGTTTTAACCGTGT,3,2290921
mcbAp5,1.75,31,11,TGTACCTGTCCTCTTTTCAT,20,2304981
mcbAp5,3.0,46,11,TGGGAATCCATCCGATCTAT,35,2280373
mcbAp5,1.4166666666666667,27,11,TGCTTTAATTAACTCTGCCG,16,2262743
mcbAp5,4.833333333333333,68,11,TGATGTTGATCCATACCGAG,57,2267177
mcbAp5,1.75,31,11,TGACGGTGTCACATCAAGTA,20,2305108
mcbAp5,1.0,22,11,TGACGAATATAGGTGATCCT,11,2286710
mcbAp5,0.16666666666666666,12,11,TCTAACGTGAGAAGAGTAAC,1,2296318
mcbAp5,0.16666666666666666,12,11,TCGCGGAGTTTCATAGGCAA,1,2286116
mcbAp5,1.6666666666666667,30,11,TCGCAATCAAAGGATACAAC,19,2275284
mcbAp5,1.4166666666666667,27,11,TCGCAAGGTGGTGGCGGGTT,16,2272096
mcbAp5,1.6666666666666667,30,11,TCCCTAACACTTCTCGGAAC,19,2269193
mcbAp5,2.0,34,11,TCATCAAAATTCACAGTCAG,23,2294313
mcbAp5,1.0,22,11,TCACAAATTCTGGTACTCAG,11,2262612
mcbAp5,5.166666666666667,72,11,TATTTACCTGTCCGTGACTC,61,2292398
mcbAp5,1.1666666666666667,24,11,TATCAGCGACGACGATCCGA,13,2311194
mcbAp5,1.75,31,11,TATATCATTGGTGCTTTATC,20,2271969
mcbAp5,0.25,13,11,TAGGAATGCAGTTCCGCGCC,2,2303209
mcbAp5,2.1666666666666665,36,11,TAGACCTGATGTATAAGGAT,25,2269368
mcbAp5,0.16666666666666666,12,11,TAGACCAGCAGTGGGCGGAT,1,2293814
mcbAp5,2.5,40,11,TACCATCGGAGGCCACGGTG,29,2297810
mcbAp5,0.4166666666666667,15,11,TACAGCATTTCCGTATCCTG,4,2263512
mcbAp5,1.6666666666666667,30,11,TAAGTAAGACAGCTATGGTC,19,2284029
mcbAp5,0.3333333333333333,14,11,TAAAGCCCTATACTTCGAAT,3,2306360
mcbAp5,0.16666666666666666,12,11,TAAAATCTTGAATCGCTGAC,1,2299612
mcbAp5,0.16666666666666666,12,11,GTGTGTCCGCTTTTCTCATA,1,2306365
mcbAp5,0.16666666666666666,12,11,GTCCTCTCTTTGGAATCGCT,1,2261453
mcbAp5,1.0833333333333333,23,11,GTCCAGATGAGAGTTAGACT,12,2262443
mcbAp5,2.5,40,11,GTCAACCAGTCTCTTAGACT,29,2284495
mcbAp5,1.8333333333333333,32,11,GGAGGTTGCTAACAAGGCAT,21,2307361
mcbAp5,0.16666666666666666,12,11,GGAAATTCGCAATGAGGCAG,1,2269970
mcbAp5,2.0833333333333335,35,11,GCTATGAATCGCATATAAAG,24,2270438
mcbAp5,1.0833333333333333,23,11,GCGTCCCATAGGATCACAGT,12,2308967
mcbAp5,2.0833333333333335,35,11,GCGCAATTGTATTCTTTCTT,24,2262689
mcbAp5,0.16666666666666666,12,11,GCCGAAGTACGGTGCAGACT,1,2281305
mcbAp5,2.5,40,11,GCATGCAACTCTGACCTTGA,29,2284033
mcbAp5,1.8333333333333333,32,11,GAGAGCTCCCAGGCTCAGTA,21,2278203
mcbAp5,3.25,49,11,GACTCACTATCGAGGAATAT,38,2265375
mcbAp5,1.4166666666666667,27,11,GACTAATGTGGCGACTCATG,16,2303851
mcbAp5,1.0,22,11,GACATTGGCCTCTTTAGGGT,11,2312734
mcbAp5,1.1666666666666667,24,11,CTTGTTACAAAGGGTTGTCT,13,2280242
mcbAp5,0.16666666666666666,12,11,CTTGTAGCTTACCACGAAGG,1,2307477
mcbAp5,1.4166666666666667,27,11,CTTAATATCCGGAGTCTACA,16,2265679
mcbAp5,0.16666666666666666,12,11,CTGCTTCCAAGATCAGGACA,1,2270235
mcbAp5,3.5833333333333335,53,11,CTGCGCGTGCCCTCCTCGGG,42,2314834
mcbAp5,0.16666666666666666,12,11,CTGAGGGTCGGGTGTATTGA,1,2266718
mcbAp5,1.25,25,11,CGTTTGAACCCACGGCATGA,14,2284635
mcbAp5,1.75,31,11,CGTTGGCATGGCAACACATA,20,2266295
mcbAp5,1.4166666666666667,27,11,CGGCATTTTAGGAACGAGTA,16,2265331
mcbAp5,0.9166666666666666,21,11,CGATCGTGACTTAGGCACCC,10,2264876
mcbAp5,0.25,13,11,CCTGAGGACGACGCTCAGTT,2,2299063
mcbAp5,1.75,31,11,CCGGTCAGTTTCCTGTGCCC,20,2266328
mcbAp5,1.0833333333333333,23,11,CCCCGTGGTACATTATTGAC,12,2288940
mcbAp5,0.16666666666666666,12,11,CCATGGAGTACCGGACGATA,1,2289421
mcbAp5,3.5833333333333335,53,11,CCACTGTCATAGATCTATCT,42,2289170
mcbAp5,1.3333333333333333,26,11,CATTGCGGTGTAGGCTAGGA,15,2295402
mcbAp5,0.16666666666666666,12,11,CATCGCCTGGATGCACGTCA,1,2298735
mcbAp5,2.6666666666666665,42,11,CATAGGCGCGGTAAAATGCC,31,2308185
mcbAp5,0.6666666666666666,18,11,CAGAGCCGTTATCAGGGGTA,7,2303569
mcbAp5,3.0,46,11,CACAGCCTTTATCGAGCGGT,35,2295364
mcbAp5,1.25,25,11,ATTTTGCGAGCACTGCGTGG,14,2309024
mcbAp5,2.25,37,11,ATTTTCTCGTTAAAGAGCAT,26,2279019
mcbAp5,1.6666666666666667,30,11,ATTTCGTACAGTAAGCCTCT,19,2304042
mcbAp5,3.8333333333333335,56,11,ATTGACACACCGGTGCGGTC,45,2309851
mcbAp5,1.9166666666666667,33,11,AGTACCTTCACCGGTAAGGC,22,2284165
mcbAp5,1.75,31,11,AGGTTGCGCTGGTCTCTGTC,20,2267684
mcbAp5,0.25,13,11,AGCCACGCCCTGCCTTGCAT,2,2280493
mcbAp5,2.4166666666666665,39,11,AGCACTCACACCGGACCTGC,28,2305753
mcbAp5,2.5,40,11,AGAGGATCCAGCGCGCCACA,29,2280825
mcbAp5,0.8333333333333334,20,11,ACTGAGAATGGTTCCGTGCT,9,2291454
mcbAp5,0.5,16,11,ACTACTTACGTACCGAGGGA,5,2294486
mcbAp5,0.9166666666666666,21,11,ACTACGTCTGTTCACGCTCC,10,2305304
mcbAp5,0.75,19,11,ACTACGCGAATGACGATGAC,8,2275550
mcbAp5,1.0833333333333333,23,11,ACTACAAAGTGCTTTGTATA,12,2309953
mcbAp5,0.6666666666666666,18,11,ACGGTATGATTATGGCGACT,7,2305733
mcbAp5,0.6666666666666666,18,11,ACGGGTAACAATGGTTAAAT,7,2307258
mcbAp5,2.0,34,11,ACGCCGCGATAGAATAAAAG,23,2308300
mcbAp5,2.1666666666666665,36,11,ACCGGGCAAAGCGATGAATC,25,2261907
mcbAp5,0.5,16,11,ACAGACAAATGTGGCCTGCG,5,2292352
mcbAp5,1.5833333333333333,29,11,AATGCATTGGTTCAGAGGTA,18,2275751
mcbAp5,0.9166666666666666,21,11,AATCCTTTACCGCCAGCTCT,10,2303612
mcbAp5,0.16666666666666666,12,11,AAGGCGGCTTACTTTCGCCA,1,2288514
mcbAp5,0.8333333333333334,20,11,AAGGACGTATCGTGTTGCCA,9,2276011
mcbAp5,4.25,61,11,AAGCTTCCTCTAACCGGGCT,50,2309801
mcbAp5,2.25,37,11,AACTTGCCCCGGAGGTTGTT,26,2268632
mcbAp5,1.8333333333333333,32,11,AAACACCTCGGATACGTGCG,21,2278633
mcbAp5,2.9166666666666665,45,11,AAAAACCCGTTGGCAGCAAG,34,2272354
mcbAp5,1.6363636363636365,27,10,TTGTATACCTTAAGTGATTA,17,2281973
mcbAp5,0.18181818181818182,11,10,TTGTATAAAATGTGAATACG,1,2313248
mcbAp5,2.1818181818181817,33,10,TTCGGAGGTCCATCAGGCCA,23,2278486
mcbAp5,1.4545454545454546,25,10,TTCGATACTGATGACAGACC,15,2315522
mcbAp5,1.7272727272727273,28,10,TTCCGTGTCATCGTATACTT,18,2292688
mcbAp5,0.18181818181818182,11,10,TTCCCGCTGGCCAGCTGGTA,1,2275400
mcbAp5,2.1818181818181817,33,10,TTATGCACGAAAATATCCAA,23,2274719
mcbAp5,2.5454545454545454,37,10,TTAGCTGGCAGTTTTTAAGT,27,2294047
mcbAp5,4.090909090909091,54,10,TTAGCGATTAGAAGCTCCCC,44,2282638
mcbAp5,3.090909090909091,43,10,TTAGCCCTTACAATCGGTGA,33,2283792
mcbAp5,2.5454545454545454,37,10,TTAATGCGTTGAAGGATCTG,27,2270892
mcbAp5,0.8181818181818182,18,10,TGTCAGACTGGGGCTCGTAA,8,2277190
mcbAp5,2.1818181818181817,33,10,TGGCTCTTATACACGAAATA,23,2262638
mcbAp5,0.18181818181818182,11,10,TGCGCTGTAGAGGTACGTGT,1,2290968
mcbAp5,0.18181818181818182,11,10,TGCAGGTCGAATATAAGGCA,1,2305017
mcbAp5,0.18181818181818182,11,10,TGATTAAGCGGTAAGCGCCA,1,2307567
mcbAp5,1.8181818181818181,29,10,TGAGGCATGGGTACCGGGGT,19,2267858
mcbAp5,0.18181818181818182,11,10,TGAGAGTAATCCCCTCTGCG,1,2313053
mcbAp5,2.0,31,10,TGAGACATGATTCGGTCAGT,21,2296223
mcbAp5,1.0909090909090908,21,10,TGAAGAGAAAGATCAAAGTC,11,2297095
mcbAp5,3.727272727272727,50,10,TCTGCCTACCTTTCTAGTCA,40,2281648
mcbAp5,2.5454545454545454,37,10,TCTCAGAGAACGGAGTTCAG,27,2305204
mcbAp5,2.090909090909091,32,10,TCTAATCCGAACGGCAAAGT,22,2306344
mcbAp5,2.090909090909091,32,10,TCTAAAGATGTTCGCGTCCT,22,2280311
mcbAp5,1.0,20,10,TCCTCGAAGGGTACTCGGCT,10,2263098
mcbAp5,0.18181818181818182,11,10,TCCTCCTGACGTGAAAGTCT,1,2264805
mcbAp5,2.0,31,10,TCCATAGGTAGCCTTAATCA,21,2296691
mcbAp5,1.2727272727272727,23,10,TCAGTCATCACGAAGTTCAG,13,2281700
mcbAp5,0.18181818181818182,11,10,TATGATGATCATGTGGGGGT,1,2295307
mcbAp5,2.0,31,10,TATGAACGAACGACGCCAGT,21,2267359
mcbAp5,1.0,20,10,TATAGCGTTTACGATTCGCT,10,2291254
mcbAp5,0.18181818181818182,11,10,TAGGATGTGTCTCAACTCCT,1,2262699
mcbAp5,1.5454545454545454,26,10,TACGTATAGATTGATTAACT,16,2286127
mcbAp5,0.2727272727272727,12,10,TAATTCCCCTTGACTGTTTG,2,2266462
mcbAp5,1.0909090909090908,21,10,GTGCTTGTTGCAGGTAGAAC,11,2271289
mcbAp5,0.18181818181818182,11,10,GTGAACCTGCACGCATCGTC,1,2291156
mcbAp5,1.8181818181818181,29,10,GTCTGGCGCGCGAATAAGAT,19,2281941
mcbAp5,2.272727272727273,34,10,GTCTCCATGCCACATCGAGA,24,2290594
mcbAp5,0.18181818181818182,11,10,GGGTGTGTTGGCAGAAGCAT,1,2271489
mcbAp5,1.2727272727272727,23,10,GGGGTCCCTGGGTGGTTCAG,13,2304941
mcbAp5,1.5454545454545454,26,10,GGGCTCAGTACCTATATGTA,16,2308718
mcbAp5,0.9090909090909091,19,10,GGGAAATCGTTAACGTTGTT,9,2309347
mcbAp5,1.2727272727272727,23,10,GGCGACCTGGGTACGGGATA,13,2296571
mcbAp5,0.18181818181818182,11,10,GGATTCTCCCTAATACCCGG,1,2313572
mcbAp5,2.090909090909091,32,10,GGATTCAAAACGGGTCGCGA,22,2302047
mcbAp5,0.18181818181818182,11,10,GGAGCTGGCTGTTAGAGGAA,1,2308803
mcbAp5,3.8181818181818183,51,10,GGACACGAGGGTCCCGTACC,41,2286977
mcbAp5,2.1818181818181817,33,10,GGACAAGGCCATCAAGGTTT,23,2285373
mcbAp5,1.0,20,10,GCTGTATGGCCGTACCCTTA,10,2293128
mcbAp5,1.8181818181818181,29,10,GCTACCTAGCATTCCTCCAT,19,2273590
mcbAp5,4.090909090909091,54,10,GCGAAGCTTAAGTCGGGCGT,44,2263686
mcbAp5,1.9090909090909092,30,10,GCCATCACTAAGGCCATCCC,20,2275201
mcbAp5,2.090909090909091,32,10,GCAGCACTAGCCCAGTCAAC,22,2266341
mcbAp5,0.18181818181818182,11,10,GCACTACAAACGAAGATCGG,1,2276838
mcbAp5,1.4545454545454546,25,10,GATACGGTGTGGCATAAAGA,15,2269589
mcbAp5,1.9090909090909092,30,10,GATAAATACCATCTTGTGAG,20,2269977
mcbAp5,1.2727272727272727,23,10,GAGGTCCAGGAAGAAGGGTC,13,2288633
mcbAp5,0.2727272727272727,12,10,GACTTCATCCTGACGCACAT,2,2278463
mcbAp5,1.9090909090909092,30,10,GACCGTTTTTTCAAGCCCCT,20,2302235
mcbAp5,1.0,20,10,GAATGATGTTTTGTAACACT,10,2268293
mcbAp5,1.3636363636363635,24,10,GAAGACTAAAGTCCTTGAAC,14,2298179
mcbAp5,1.1818181818181819,22,10,GAAACCGCCCTATTTTAGTT,12,2261471
mcbAp5,2.5454545454545454,37,10,GAAACAATGGGGTGTTGTCA,27,2304014
mcbAp5,2.0,31,10,CTTCTTACTACCCTAACAGT,21,2305243
mcbAp5,2.909090909090909,41,10,CTTACCTAGACCAATTTTAA,31,2287504
mcbAp5,2.272727272727273,34,10,CTTAAGCAGCGTGTTAAAGC,24,2301657
mcbAp5,0.18181818181818182,11,10,CTGTCACCTTACCACTACGA,1,2283862
mcbAp5,1.8181818181818181,29,10,CTGGCTATGCCAGGGCCACA,19,2264990
mcbAp5,0.18181818181818182,11,10,CTGCGACAAAGGTTTGGGTA,1,2282118
mcbAp5,2.6363636363636362,38,10,CTGCACCAGTGTATGGATTC,28,2300554
mcbAp5,1.0909090909090908,21,10,CTCTCGTTTTTAGGTCGTAG,11,2278876
mcbAp5,2.8181818181818183,40,10,CTCGTCCGGTGGGTGACAGA,30,2305397
mcbAp5,3.090909090909091,43,10,CTCGTCAGGTATAAACATTC,33,2284863
mcbAp5,1.6363636363636365,27,10,CTCCTTAAGAACTACACAGT,17,2263875
mcbAp5,1.8181818181818181,29,10,CTATGTCCCCTCCGCATAGT,19,2290881
mcbAp5,2.909090909090909,41,10,CTATACTCAAGCTGCTAATC,31,2285540
mcbAp5,1.7272727272727273,28,10,CTAGCGCCGGGGATCACATG,18,2303327
mcbAp5,1.5454545454545454,26,10,CGTTACGGGGATCTCGACTT,16,2267065
mcbAp5,1.3636363636363635,24,10,CGTCTCAAGAAGCATTCGAA,14,2273265
mcbAp5,1.2727272727272727,23,10,CGTATTACTCATACTAGCTT,13,2262822
mcbAp5,0.5454545454545454,15,10,CGGCAGGACCTGTCTGCGTC,5,2264434
mcbAp5,1.6363636363636365,27,10,CGGAACGGAAAATTAAGACT,17,2269251
mcbAp5,1.6363636363636365,27,10,CGCTCTAGGCCTGTACGTTA,17,2287310
mcbAp5,1.8181818181818181,29,10,CCCTTTCAGTTGTCTAAATA,19,2277074
mcbAp5,4.090909090909091,54,10,CCATTTATCGGACACCGATT,44,2263919
mcbAp5,2.3636363636363638,35,10,CATTAAAGCAACTCGGATGG,25,2309669
mcbAp5,2.727272727272727,39,10,CATGTGACATATAACGAATA,29,2309396
mcbAp5,1.1818181818181819,22,10,CATGGACTCTCCCGGGCAGT,12,2273469
mcbAp5,4.636363636363637,60,10,CATGAAGTATTACTAACTTC,50,2308957
mcbAp5,1.5454545454545454,26,10,CAGCAGAGTCATTATTAAAT,16,2263147
mcbAp5,0.18181818181818182,11,10,CAGCAAACTTGTAAATGATT,1,2293455
mcbAp5,2.0,31,10,CACCTTTATATGCCATTGTC,21,2263981
mcbAp5,2.3636363636363638,35,10,CACCTTGGGAATCGCCTAAG,25,2296728
mcbAp5,2.272727272727273,34,10,CACCGAAGTCCGTGGCTGTC,24,2273582
mcbAp5,4.0,53,10,CAACGAGGCCTAGTTCACAA,43,2302309
mcbAp5,1.7272727272727273,28,10,ATTCACACGCCTTCGTCTCG,18,2270612
mcbAp5,2.090909090909091,32,10,ATCCTAGGGAGGGGGCGGGG,22,2272632
mcbAp5,1.3636363636363635,24,10,AGTTTGGCGTGGAGCACGGA,14,2271115
mcbAp5,5.454545454545454,69,10,AGTATAGTGGGTGAAACGGC,59,2287400
mcbAp5,4.454545454545454,58,10,AGGGTTTATGTGTTTAATTG,48,2286468
mcbAp5,0.18181818181818182,11,10,AGGAGAGGGGCAGCGATGTG,1,2270105
mcbAp5,2.0,31,10,AGCTATTTAACTAAGTGCTA,21,2289109
mcbAp5,0.18181818181818182,11,10,ACATTGTTGGCGAGTGGCAG,1,2276669
mcbAp5,1.8181818181818181,29,10,ACAGGGCGCTAAGAAGTAAG,19,2312738
mcbAp5,0.18181818181818182,11,10,ACAGAAATGCGATAGGACCA,1,2263393
mcbAp5,2.727272727272727,39,10,AATGGTTATAGTCTCTTAAT,29,2297973
mcbAp5,1.3636363636363635,24,10,AATGCATATGCAGTGAGTGA,14,2303608
mcbAp5,2.6363636363636362,38,10,AAGTCTCCCAGGACCCTTAT,28,2312567
mcbAp5,4.181818181818182,55,10,AAGGCATGCAAATAATAGAA,45,2263033
mcbAp5,0.18181818181818182,11,10,AAGGAGGTTCAGACCTAAAT,1,2309501
mcbAp5,4.2727272727272725,56,10,AAGCGTACGGAACATTGACT,46,2297614
mcbAp5,1.9090909090909092,30,10,AAGCAGTCGGATGAAATTAT,20,2266957
mcbAp5,2.1818181818181817,33,10,AAGACGTATTAGGGCATTGA,23,2299221
mcbAp5,0.18181818181818182,11,10,AAGAACGAACAGCAGCATCC,1,2315012
mcbAp5,0.8181818181818182,18,10,AACGGTGACGCCCTGTTGGG,8,2270093
mcbAp5,0.36363636363636365,13,10,AAATACCACGTTCGTTAGAG,3,2281646
mcbAp5,2.0,31,10,AAAGACAGGGCTCTACCTGT,21,2283452
mcbAp5,1.9090909090909092,30,10,AAAAGTATTAGGTTACTGAT,20,2292127
mcbAp5,2.3,31,9,TTTCTCAGGTAAAGGCAGGT,22,2279986
mcbAp5,2.4,32,9,TTTACGGTGTACGGCTGTCA,23,2273902
mcbAp5,0.2,10,9,TTGTTCCGGGCTTTGCTATT,1,2308179
mcbAp5,2.0,28,9,TTGGCCTCCGTAATCTAGTA,19,2271478
mcbAp5,2.8,36,9,TTCATCCGTAATTCCGTGCC,27,2277572
mcbAp5,4.4,52,9,TTCACACGGGGCGCTCTATG,43,2291970
mcbAp5,3.7,45,9,TTATCATAGGCGTCCCATTG,36,2302332
mcbAp5,0.3,11,9,TTAAGTACATCGCCCCATTA,2,2299799
mcbAp5,0.2,10,9,TGTGAAGCTGTGGAAAGTAA,1,2310892
mcbAp5,3.2,40,9,TGGTACTTAAAACTTACCCC,31,2302430
mcbAp5,2.0,28,9,TGGCCTGCTGTCTAAGAAGA,19,2287694
mcbAp5,0.5,13,9,TGCGATACTGCGCCTAAGAA,4,2302514
mcbAp5,0.3,11,9,TGCCCCCTAAATAGTTGGCC,2,2277447
mcbAp5,1.9,27,9,TGAGACCGAATTTTGGGTAA,18,2295159
mcbAp5,1.7,25,9,TGAGAATCAGCCAACGGGCA,16,2274377
mcbAp5,0.6,14,9,TCTGATAGTTTTCACTGAAA,5,2310405
mcbAp5,3.3,41,9,TCGGGCTTTACTTTTTTTGT,32,2271337
mcbAp5,5.0,58,9,TCGCTTCCCGGTTGTCCATT,49,2291601
mcbAp5,2.1,29,9,TCCGATATCGTCTAGATAAA,20,2306023
mcbAp5,2.4,32,9,TCCCTCCAATCCATGTCCTC,23,2283846
mcbAp5,2.6,34,9,TCATCGGGAGATAAGGGTTA,25,2269541
mcbAp5,2.3,31,9,TCAATAACAGGATGTACAGT,22,2267427
mcbAp5,1.5,23,9,TATTTGCATCGGTCTTTCAC,14,2299217
mcbAp5,1.9,27,9,TAGGTTGAAGCTCTGGGTTA,18,2272959
mcbAp5,2.4,32,9,TACCCCTTGAGTAGCAAGTC,23,2261183
mcbAp5,0.2,10,9,TACACTCACGCTTGCAAAGA,1,2276151
mcbAp5,0.2,10,9,TAATACTCTAGGAAAATCCA,1,2265979
mcbAp5,0.3,11,9,GTTGTTCTTGAGTGTACCTG,2,2290035
mcbAp5,0.8,16,9,GTCCAAAGGTTCGACTCGGT,7,2304910
mcbAp5,1.0,18,9,GGTTCTTGGTTTGTTAAAAT,9,2271634
mcbAp5,0.5,13,9,GGTAGAACCTCCGGCCTAAT,4,2311468
mcbAp5,0.2,10,9,GGCGAAAATCTGCATATAGG,1,2264109
mcbAp5,1.9,27,9,GGACGTGATGGCCACCGTTA,18,2292277
mcbAp5,1.6,24,9,GGAAAAATCGTTCAACAATT,15,2281136
mcbAp5,0.2,10,9,GCTTTGCAGCGGGTGGGTTT,1,2273452
mcbAp5,1.8,26,9,GCTTGACATGCCACCCCTAT,17,2286198
mcbAp5,1.1,19,9,GCCGATGAAACACTCAGGCA,10,2271026
mcbAp5,1.5,23,9,GCCCACCGGGATGCCGCTCA,14,2307392
mcbAp5,0.5,13,9,GCACAGCAAGTCCGGATGTT,4,2289835
mcbAp5,2.3,31,9,GATTATGGAATCGACGGAAT,22,2283643
mcbAp5,2.9,37,9,GACGCAATATTTTTCGTCCA,28,2281255
mcbAp5,0.5,13,9,GACCACCGAATTTTAGAATC,4,2277025
mcbAp5,0.2,10,9,GAAAACGGACTGGAATCCGG,1,2291734
mcbAp5,2.9,37,9,CTTTTACTTGGGCATCACCT,28,2298244
mcbAp5,0.2,10,9,CTTGGCAGGAGCAATAAGGG,1,2290120
mcbAp5,0.5,13,9,CTTGACCTATAACGTCTAAT,4,2279241
mcbAp5,0.6,14,9,CTGGGTTTCCGACACTAAGC,5,2266067
mcbAp5,0.3,11,9,CTGCAGAGATCGGATAGTAC,2,2303812
mcbAp5,0.2,10,9,CTCCGTCTATCTTTGGAGCT,1,2266817
mcbAp5,2.5,33,9,CTATTTTAGCTGTACCCGAG,24,2297475
mcbAp5,1.9,27,9,CGTCGCCCGAGGTCGTTGAT,18,2292524
mcbAp5,2.6,34,9,CGTCCATAAAAGGAATTTTA,25,2309026
mcbAp5,1.8,26,9,CGGTGGTTGTCCGGTGGTTT,17,2279606
mcbAp5,0.2,10,9,CGGGAAGGAATCTCCGAAGT,1,2290134
mcbAp5,1.0,18,9,CGGATGGGAAATTATTAACA,9,2310630
mcbAp5,1.1,19,9,CGCGCCGGGTCTGAAGCCTT,10,2264105
mcbAp5,2.8,36,9,CGCGAGTTGAATTCGGCGTC,27,2264706
mcbAp5,0.2,10,9,CGACGTGCGTATTGTTATGA,1,2304330
mcbAp5,6.1,69,9,CCTGTTTATTCTTCATACCT,60,2262007
mcbAp5,1.2,20,9,CCTCGTGCGCGACTAGCAGG,11,2285294
mcbAp5,3.1,39,9,CCTAAGAGTAAACTGCGGAA,30,2315483
mcbAp5,0.2,10,9,CCGGACGGGATACAAGTTTT,1,2310536
mcbAp5,1.4,22,9,CCGACCTTCTCCCATGTGTG,13,2273709
mcbAp5,3.1,39,9,CCGAACTTAGACATGTTCTT,30,2270967
mcbAp5,1.4,22,9,CCCTATTCCGCTTCAACGAG,13,2284757
mcbAp5,0.3,11,9,CCACTCGTCATCTGCTCAGT,2,2290121
mcbAp5,2.0,28,9,CATGGTGATTGGAACAGAGA,19,2274554
mcbAp5,2.4,32,9,CAGCACCACTATTTATCAGG,23,2285004
mcbAp5,0.2,10,9,CAGATATGCAGGTCCTACAA,1,2299347
mcbAp5,2.0,28,9,CAGAACGGTCTATAGGTCGT,19,2269148
mcbAp5,2.2,30,9,CACTGAATCTAGTCTTCGTG,21,2308771
mcbAp5,0.2,10,9,CACCTGTTTGGATCACTGAT,1,2279799
mcbAp5,3.1,39,9,CACATTGTCTGGTGCCCTGG,30,2298208
mcbAp5,3.2,40,9,CACACAAGTCCCAGGTGCTA,31,2281735
mcbAp5,0.8,16,9,ATTTATATCGCGACTCGGAG,7,2275396
mcbAp5,2.2,30,9,ATGACCTACCGGTTTGGCCT,21,2305905
mcbAp5,1.4,22,9,ATCTCCCCGGTAGTGCTTGC,13,2279604
mcbAp5,0.2,10,9,ATCGAGGCCCTCACCGTTCA,1,2278864
mcbAp5,1.6,24,9,ATCATACCAGGAAATACTCG,15,2292261
mcbAp5,0.2,10,9,ATCAATTAGAGCAGACGAAA,1,2274370
mcbAp5,2.7,35,9,ATAATATTGGGTTATGATTT,26,2288919
mcbAp5,1.4,22,9,AGTTATGACCTGTCCCCCAG,13,2313266
mcbAp5,0.2,10,9,AGTTAGGAGACTGGCATAGA,1,2313543
mcbAp5,3.7,45,9,AGTAGATGATGACCCGGATC,36,2302316
mcbAp5,2.0,28,9,AGGTGAACATGACCTGTTTG,19,2280785
mcbAp5,2.5,33,9,AGATAATGAGACAGACGCAA,24,2278102
mcbAp5,0.2,10,9,AGACGGGTTATGGTCGGATG,1,2266001
mcbAp5,1.5,23,9,ACTTTGCATTGAGTTTAGGA,14,2276593
mcbAp5,1.6,24,9,ACGAGAAAGGTTAACTGCTT,15,2264506
mcbAp5,3.1,39,9,AATTGTGAATCCGGGCTTGG,30,2308026
mcbAp5,1.3,21,9,AATGCCGACTTTCTTTTTCT,12,2288200
mcbAp5,1.8,26,9,AATGCATTGTTGGCACCGGA,17,2276211
mcbAp5,1.3,21,9,AATATGAATATTTTGCTTCG,12,2280473
mcbAp5,2.6,34,9,AAGGCATCCCTTGCCGTAGG,25,2269760
mcbAp5,3.5,43,9,AAATATGACTTGTTGACGGC,34,2292571
mcbAp5,2.4,32,9,AAACGTATCAAAGTAAGCAA,23,2261860
mcbAp5,0.2,10,9,AAACGGTATCCGAAGGTCAC,1,2305888
mcbAp5,1.8,26,9,AAACCGGTCTCAGACACAAT,17,2302715
mcbAp5,4.222222222222222,45,8,TTTTACTTTTGCGCAGCGGC,37,2265290
mcbAp5,1.6666666666666667,22,8,TTTGGTGGATCACTGTCCAA,14,2296513
mcbAp5,0.4444444444444444,11,8,TTTGCCAACACCATCAAACT,3,2307142
mcbAp5,0.2222222222222222,9,8,TTTATCTCGCAACACATTCA,1,2297439
mcbAp5,0.2222222222222222,9,8,TTGGGATTGATAACAATACA,1,2305162
mcbAp5,1.5555555555555556,21,8,TTGCGTCCGAGGTAAGATCA,13,2304004
mcbAp5,5.111111111111111,53,8,TTGCCAGGACACTAGATGGG,45,2309599
mcbAp5,0.5555555555555556,12,8,TTGATGGCGCTAACAGGTAG,4,2288308
mcbAp5,0.3333333333333333,10,8,TTCGTTTCGGATGCTGCAGT,2,2288318
mcbAp5,0.6666666666666666,13,8,TTATTTACTGTTGCTTCCCC,5,2268742
mcbAp5,4.888888888888889,51,8,TTAGCATACTACATATTGCG,43,2278710
mcbAp5,1.2222222222222223,18,8,TTAAATTGTGTCACGAATAC,10,2300438
mcbAp5,1.7777777777777777,23,8,TGTGCACCGGGGTTCCATAT,15,2281669
mcbAp5,2.3333333333333335,28,8,TGTCTTGTACAATGCACTGT,20,2265673
mcbAp5,2.111111111111111,26,8,TGTCACTCAGTTCTCTTCGG,18,2303832
mcbAp5,0.2222222222222222,9,8,TGGTAATTCTCTCAATGGTC,1,2268862
mcbAp5,2.0,25,8,TGGGACCCCCGCATGGATTC,17,2300551
mcbAp5,2.888888888888889,33,8,TGGACCTACGGTCATGTCTA,25,2292084
mcbAp5,0.2222222222222222,9,8,TGATTGCAGCTCCGGATAGG,1,2293791
mcbAp5,3.3333333333333335,37,8,TGATTAGCTTCAAAATCACT,29,2288530
mcbAp5,1.8888888888888888,24,8,TGATGGCCTCAATTTACAAA,16,2268978
mcbAp5,1.7777777777777777,23,8,TGAAGTCTATGCGTCATTAG,15,2264746
mcbAp5,3.0,34,8,TCGGCAAAATCAGAAAAATT,26,2295668
mcbAp5,2.3333333333333335,28,8,TCGCCTCCATCTTACACGAC,20,2304715
mcbAp5,1.3333333333333333,19,8,TCCTGACTCCAAGGAACAGA,11,2276787
mcbAp5,1.7777777777777777,23,8,TCCCCAATTGTTGCCCTCCA,15,2294460
mcbAp5,2.6666666666666665,31,8,TCCACTAAAATTGACATTAC,23,2272665
mcbAp5,2.111111111111111,26,8,TCAGCGGCAGTTGTTGATCT,18,2292113
mcbAp5,1.6666666666666667,22,8,TCAGAACGATGACCTCACAC,14,2294880
mcbAp5,2.4444444444444446,29,8,TCACCCGCTACGCAAGGATC,21,2310389
mcbAp5,3.4444444444444446,38,8,TCAACGATCATTCAGGCTTT,30,2282068
mcbAp5,2.4444444444444446,29,8,TATCATCTCCGGCACCAGAA,21,2283091
mcbAp5,2.2222222222222223,27,8,TACTAGTGTTGGTATTCGAC,19,2263335
mcbAp5,4.777777777777778,50,8,TACCTTTTTACTCTTAATTC,42,2290111
mcbAp5,3.0,34,8,TACCCTGGGACAATCTAGCA,26,2296423
mcbAp5,2.0,25,8,TAAAGCCGACAAGTAGGGAA,17,2309632
mcbAp5,1.3333333333333333,19,8,TAAAAGTCTCGGGGCAAACT,11,2277060
mcbAp5,2.5555555555555554,30,8,GTTATCCAGTACTATCCCTG,22,2300947
mcbAp5,1.4444444444444444,20,8,GTGTCGGAGCAGAAACTTAC,12,2273854
mcbAp5,0.2222222222222222,9,8,GTGTAGTTATACCGGAGGGT,1,2314765
mcbAp5,0.2222222222222222,9,8,GTGATATCCATCCGTCTGAG,1,2290688
mcbAp5,2.4444444444444446,29,8,GTCGCACAAGGCTCCTATCC,21,2291764
mcbAp5,2.111111111111111,26,8,GTCACTGACTTCCACATCGA,18,2273839
mcbAp5,0.8888888888888888,15,8,GTATGGTCGTACTCTCTAAT,7,2310874
mcbAp5,2.111111111111111,26,8,GTAGATAATATAACAATTGC,18,2283752
mcbAp5,2.4444444444444446,29,8,GTAAGCAAGGTCGAATGGAA,21,2307217
mcbAp5,0.7777777777777778,14,8,GGTCCTTCATTCATTGTGCA,6,2283448
mcbAp5,0.2222222222222222,9,8,GGTAAGGTTATTAGCGTTTC,1,2313793
mcbAp5,0.8888888888888888,15,8,GGGCTTGACATGGGGCACGC,7,2276051
mcbAp5,3.111111111111111,35,8,GGGAATTCGGTATGAGTGGA,27,2286302
mcbAp5,1.8888888888888888,24,8,GCTTTTCGGAGACTCAACAA,16,2284079
mcbAp5,3.0,34,8,GCGTACCCTAGGCAAACCTA,26,2306594
mcbAp5,1.3333333333333333,19,8,GCGGCAAGGCAAGATGGTAA,11,2290297
mcbAp5,7.0,70,8,GCCCGGACGCTCAATGTTCT,62,2279681
mcbAp5,2.888888888888889,33,8,GCCATAGAGGCATTGTGAAT,25,2305110
mcbAp5,2.0,25,8,GCCAGCCCCAATCCCCTCAG,17,2294422
mcbAp5,0.2222222222222222,9,8,GCAGCATTATAGAAGAAGTT,1,2291138
mcbAp5,2.5555555555555554,30,8,GCACGGCCCGTTACCAGTGT,22,2265641
mcbAp5,2.0,25,8,GCACGCCTATTGTGTGCTGC,17,2267688
mcbAp5,2.2222222222222223,27,8,GATTTGCCGTTGACCAAACA,19,2297160
mcbAp5,0.3333333333333333,10,8,GATTAAGTGTTGGTGAGTCA,2,2294649
mcbAp5,2.4444444444444446,29,8,GAGTGTATCCCAAGGCGTAT,21,2278641
mcbAp5,2.4444444444444446,29,8,GAGTATGCGACGTTCTGCGA,21,2292182
mcbAp5,4.777777777777778,50,8,GAGCTCAGATTAACATCTGA,42,2278208
mcbAp5,3.7777777777777777,41,8,GAGAAGTCCCCCAATTTTGG,33,2286317
mcbAp5,3.6666666666666665,40,8,GACTGCTCGGGTCTCTTTGT,32,2282098
mcbAp5,1.4444444444444444,20,8,GACGTCGTGGCAACCGAGAG,12,2311143
mcbAp5,1.6666666666666667,22,8,GACCCGGCACTGAAAGCTGG,14,2271618
mcbAp5,3.6666666666666665,40,8,CTTGGACGGTCTGCGTTTAA,32,2285898
mcbAp5,2.6666666666666665,31,8,CTTCAGTTGGAACATATCAT,23,2301855
mcbAp5,4.111111111111111,44,8,CTGTATAACAATTGTTCACT,36,2271149
mcbAp5,4.0,43,8,CTGTACGGCGAAACGTAATT,35,2264607
mcbAp5,8.333333333333334,82,8,CTGGTTACGTCAATCGGACA,74,2281144
mcbAp5,2.111111111111111,26,8,CTGAGAGTGTGATTGCTCCT,18,2272817
mcbAp5,0.2222222222222222,9,8,CTCCGACCCATCTAACGGTA,1,2310024
mcbAp5,5.333333333333333,55,8,CTCCACATTATGCTCATTTA,47,2276773
mcbAp5,2.7777777777777777,32,8,CTCACCATGCGACTAGAAAG,24,2273827
mcbAp5,1.5555555555555556,21,8,CTATCATCCGCGCAAGGCTT,13,2289162
mcbAp5,2.0,25,8,CTAGTACTAACACCAGTCAC,17,2300358
mcbAp5,0.3333333333333333,10,8,CTAGCATAGTTCTAGAGAAT,2,2282943
mcbAp5,1.3333333333333333,19,8,CTACCCCAACGAATCGTCGA,11,2282253
mcbAp5,2.3333333333333335,28,8,CGGCCGCACGGAAGCGAAAC,20,2263027
mcbAp5,2.111111111111111,26,8,CGCCATGGCATAGGTTAGTC,18,2275487
mcbAp5,1.6666666666666667,22,8,CGCAGTATGGACAGACAGTC,14,2299118
mcbAp5,1.3333333333333333,19,8,CGAGGCCCCCTCTACCGTGA,11,2315574
mcbAp5,2.0,25,8,CGACCATGGAGCGTGCGTTT,17,2298782
mcbAp5,1.6666666666666667,22,8,CGAAGACTGGAGAACAGCCT,14,2277552
mcbAp5,0.2222222222222222,9,8,CCTTCGCTAAGCAATAGCCC,1,2263922
mcbAp5,5.222222222222222,54,8,CCTGGCTTGTGTGGGTCTCT,46,2292225
mcbAp5,2.111111111111111,26,8,CCTCAGGCGAGTGCCGCTCT,18,2281353
mcbAp5,0.2222222222222222,9,8,CCGGCTTGTAAGACCTCAGT,1,2308302
mcbAp5,0.2222222222222222,9,8,CCCTGATGGCCGGATGGCAG,1,2287952
mcbAp5,1.5555555555555556,21,8,CCCCGCACGATTAAGCCTTT,13,2297286
mcbAp5,0.2222222222222222,9,8,CCCCACCAATCCGCCGGGAG,1,2280273
mcbAp5,2.3333333333333335,28,8,CCAGCAACCCAATATTCCTT,20,2267263
mcbAp5,3.0,34,8,CATTGCCGCGTAGTTAAGGC,26,2278202
mcbAp5,2.888888888888889,33,8,CATGGGGCATAGGGGGGCGC,25,2267807
mcbAp5,0.2222222222222222,9,8,CATGCGGATAAGTAACGCGT,1,2308309
mcbAp5,2.6666666666666665,31,8,CATGCGCACCAAGAGGGGAT,23,2264044
mcbAp5,0.2222222222222222,9,8,CACGATCAAGCAAAAATCGC,1,2265242
mcbAp5,4.444444444444445,47,8,CACCTTCGTGAGTACGCATA,39,2314975
mcbAp5,2.888888888888889,33,8,CACCTCAGGCAAGTTTCTTT,25,2307519
mcbAp5,2.111111111111111,26,8,CAATAATTGAATTTGCGTAA,18,2284973
mcbAp5,1.1111111111111112,17,8,CAAGCGTTATAAGGATGGGT,9,2299067
mcbAp5,0.2222222222222222,9,8,ATCGTGTTTTGTTAACAGCC,1,2306864
mcbAp5,0.2222222222222222,9,8,ATCATGACCAGTTGGATGCA,1,2308267
mcbAp5,2.5555555555555554,30,8,ATAGTATACGCCGGATGGGA,22,2281195
mcbAp5,4.222222222222222,45,8,ATACAACGGTGTTTAATTTC,37,2306911
mcbAp5,2.5555555555555554,30,8,AGTTATCCGTTGGTGTGCCT,22,2312422
mcbAp5,2.2222222222222223,27,8,AGGTATCGGGCCACGCGCTT,19,2270560
mcbAp5,4.222222222222222,45,8,AGGGATAGTGGTTTCCTTAG,37,2275432
mcbAp5,1.3333333333333333,19,8,AGGCTTTTACAGTCAGATAT,11,2285115
mcbAp5,1.5555555555555556,21,8,AGCGATATGATCTCGGGGCA,13,2310635
mcbAp5,3.0,34,8,AGATTATGGATGGTGCATAA,26,2287179
mcbAp5,2.4444444444444446,29,8,AGAATGACGTCACCGTCCGG,21,2289253
mcbAp5,1.5555555555555556,21,8,AGAAGGGTTCGAGACCCAAC,13,2298768
mcbAp5,2.2222222222222223,27,8,ACGTTGACGTAATGACCTAT,19,2284085
mcbAp5,0.2222222222222222,9,8,ACGGTCTGCGCCAGCCATGC,1,2266755
mcbAp5,2.2222222222222223,27,8,ACGCTCTAACCTCCGAATAG,19,2277867
mcbAp5,1.6666666666666667,22,8,ACGACGCGTACTATTGCAAA,14,2277834
mcbAp5,0.2222222222222222,9,8,ACCGAACAACAAAGTTCTTT,1,2287407
mcbAp5,2.4444444444444446,29,8,ACCATCCGGGTTAACGTAAT,21,2308769
mcbAp5,0.2222222222222222,9,8,ACAGCGATTTGTATTCGGCC,1,2303036
mcbAp5,5.777777777777778,59,8,ACACGCATGACCAGCCATTA,51,2281260
mcbAp5,3.6666666666666665,40,8,ACACATCCTAGCACTCTCGT,32,2268298
mcbAp5,2.2222222222222223,27,8,AATTCACGGCCTCGAGATTG,19,2262054
mcbAp5,2.6666666666666665,31,8,AATTAAGTTAGCCTAGACCT,23,2296149
mcbAp5,0.7777777777777778,14,8,AATACACATCGTCGCGCCCG,6,2291491
mcbAp5,1.5555555555555556,21,8,AAGGTTTCAGAACGGCCGAG,13,2274117
mcbAp5,0.2222222222222222,9,8,AAGCTACCTGACACGGCCTA,1,2274529
mcbAp5,0.2222222222222222,9,8,AAGAGGGAACAGCGCTATCA,1,2275035
mcbAp5,4.888888888888889,51,8,AACCCCGGAAGTAATCCGGT,43,2279301
mcbAp5,0.3333333333333333,10,8,AAACTGTAGTGTGGATAAAA,2,2261735
mcbAp5,0.2222222222222222,9,8,AAACCGGTGGCCGATTGCGA,1,2279655
mcbAp5,6.444444444444445,65,8,AAACCACGGCAGAACTCCAG,57,2300905
mcbAp5,2.7777777777777777,32,8,AAACATATTAAATCACAGTG,24,2287601
mcbAp5,1.3333333333333333,19,8,AAAAACACACTCGAGTTATT,11,2307268
mcbAp5,3.625,35,7,TTTGCCTTTTCTATTTGACT,28,2303770
mcbAp5,1.125,15,7,TTTCTTATGCTCGTATCTGC,8,2303334
mcbAp5,0.75,12,7,TTTACCGCACTAACCTATTT,5,2267714
mcbAp5,1.75,20,7,TTTAACGTCTGTACGCTTTT,13,2288408
mcbAp5,1.25,16,7,TTGTCTAGCTGATTTGAGAT,9,2286264
mcbAp5,3.875,37,7,TTGTAATCTTTGAGACACTC,30,2270004
mcbAp5,3.25,32,7,TTGCTCCACGAATTTGCACT,25,2294900
mcbAp5,2.75,28,7,TTGCATGCTACGGTATGGCA,21,2279982
mcbAp5,0.75,12,7,TTCGGGTTGAAGCACGAGCT,5,2304169
mcbAp5,3.25,32,7,TTCCCCCTCGCGTAATCTTC,25,2270921
mcbAp5,1.5,18,7,TTCAGTGTGGTGCGACACAA,11,2304449
mcbAp5,5.125,47,7,TTAGTGATAGATGCTGATAG,40,2305512
mcbAp5,1.625,19,7,TTACCCTGCGAAGGACGCTC,12,2296834
mcbAp5,3.125,31,7,TGTGTGAATCATTTAACGAA,24,2300429
mcbAp5,0.25,8,7,TGTGGCCACTGCCGATCGTC,1,2303647
mcbAp5,2.375,25,7,TGTCGTAGTAATTGTACACC,18,2262593
mcbAp5,1.875,21,7,TGTCAACTAGATCATGCGGT,14,2313631
mcbAp5,1.5,18,7,TGGTACCTATTGTCCCCCTA,11,2312631
mcbAp5,0.25,8,7,TGGGGGGTCTCCCGCTCGCC,1,2262586
mcbAp5,2.5,26,7,TGGGCTCCTATACGGTGGCC,19,2300505
mcbAp5,2.0,22,7,TGGCGCTTCATCTCGTTTCG,15,2297013
mcbAp5,2.25,24,7,TGGAAATCGACACCAATCAC,17,2283500
mcbAp5,0.5,10,7,TGCTATTAACGTAGGGGAAT,3,2291860
mcbAp5,0.25,8,7,TGCGTTAGGATTAGTCCGAA,1,2298006
mcbAp5,3.5,34,7,TGCCAGTTATCAGCAAGTGA,27,2272697
mcbAp5,3.625,35,7,TCTTCAGAGTTACGAAAGGT,28,2281832
mcbAp5,1.75,20,7,TCTGGTTCACTGGGCGGAGA,13,2273149
mcbAp5,2.375,25,7,TCTCCAGGATGAGCGACATA,18,2261359
mcbAp5,3.0,30,7,TCTCACAATGGACTTCGTTT,23,2278053
mcbAp5,2.125,23,7,TCTAAACCCCCCAATCCATT,16,2282153
mcbAp5,1.125,15,7,TCATATCCGTTCAAACTCGC,8,2282523
mcbAp5,0.875,13,7,TCAGTGTCAGATGTTTGCAT,6,2314086
mcbAp5,7.0,62,7,TCAGCTCAACACCACCTCGC,55,2276753
mcbAp5,0.25,8,7,TCACGTCCTAAGTCGTCGTG,1,2306729
mcbAp5,3.25,32,7,TCAAATGACATTGGCATTCT,25,2307711
mcbAp5,0.25,8,7,TAGGGTCCCCGTGATATCGT,1,2266700
mcbAp5,4.0,38,7,TAGACTATACTTCAAACCCC,31,2302682
mcbAp5,3.25,32,7,TAATGCCACTGGTGGACACC,25,2279281
mcbAp5,2.25,24,7,TAACTATCACGTAGTTTAGA,17,2280464
mcbAp5,1.625,19,7,TAACGTAATCCCCCGACCAA,12,2314874
mcbAp5,3.125,31,7,TAACAATTTCTCGGGTGCAT,24,2314767
mcbAp5,0.375,9,7,GTGCAAACACGATTCCTGTA,2,2264494
mcbAp5,3.875,37,7,GTCTTTCTGAAACATCTCTA,30,2273900
mcbAp5,0.25,8,7,GTCAGGCTTAATATTCAGCG,1,2265441
mcbAp5,1.5,18,7,GTACCGGTACCACTAAGGAG,11,2313313
mcbAp5,3.0,30,7,GGTTGAGAATCGGGGCACGA,23,2264568
mcbAp5,2.375,25,7,GGTTCAGCGGCGAGTAACGA,18,2283913
mcbAp5,2.75,28,7,GGTACACAAGGAATTACACA,21,2296745
mcbAp5,0.25,8,7,GGGAGAAATTACACACGTCC,1,2286311
mcbAp5,2.5,26,7,GGCTAAGCGATATTGTCTGG,19,2309121
mcbAp5,2.375,25,7,GGACCCCAGTCGAGGCGGAA,18,2311739
mcbAp5,2.75,28,7,GCGGTTAACGCAATCGTTTT,21,2295623
mcbAp5,0.25,8,7,GCGCTGGATATGGATTCACG,1,2305105
mcbAp5,1.625,19,7,GCGATGGTCCTCTACCCTCA,12,2283747
mcbAp5,0.375,9,7,GCCTTTTACCGGGCGTATGT,2,2272931
mcbAp5,1.75,20,7,GCATTTTGCGTCAAAGCAGA,13,2284773
mcbAp5,6.75,60,7,GCATATCGAATCTCCTCACC,53,2314548
mcbAp5,2.625,27,7,GCATAGCATGGTTGAAGGTA,20,2275632
mcbAp5,1.625,19,7,GCAAAGAGCCACGGTACTCT,12,2262677
mcbAp5,2.5,26,7,GATTCGTCCAACGTGCCGGT,19,2310092
mcbAp5,2.25,24,7,GATTACATCTGTCAGAACTA,17,2278749
mcbAp5,2.5,26,7,GATTAACATTGCGAGCTCAG,19,2289923
mcbAp5,1.875,21,7,GATGAGAACACTGAATTCGT,14,2290119
mcbAp5,3.125,31,7,GATCACTCCAAACCCGTACG,24,2297580
mcbAp5,0.25,8,7,GAGCCAACATTACCTGTTAC,1,2305235
mcbAp5,2.125,23,7,GACGTCTGTAGAGGGGTTCA,16,2304929
mcbAp5,3.125,31,7,GACGCTGACATGGGGACCTA,24,2280845
mcbAp5,2.75,28,7,GACGAGGGCGCCTGTACGGA,21,2303622
mcbAp5,2.5,26,7,GACCGTTTAACAGGTCACTT,19,2295377
mcbAp5,1.125,15,7,GAAGCTGATCGCGTTTTACG,8,2275679
mcbAp5,2.25,24,7,GAACTACCGGACCATAACTA,17,2297928
mcbAp5,2.625,27,7,CTTTTGGCTGAGTAAGCCAA,20,2261147
mcbAp5,3.0,30,7,CTTTTCCGTTAATTCTGTTC,23,2302496
mcbAp5,2.875,29,7,CTTTAGGCTTAAGCGCGAGA,22,2306745
mcbAp5,0.25,8,7,CTTCCTTAGCCGGCCCTCGT,1,2289735
mcbAp5,2.875,29,7,CTGAAAAAAATACTCCTCCC,22,2272866
mcbAp5,6.125,55,7,CTCTTGAGCCTCCACGGCAG,48,2279930
mcbAp5,0.5,10,7,CTCTCAAATGCGCCGTTAGG,3,2283354
mcbAp5,3.0,30,7,CTCCTCACCTTAGCAGTGTT,23,2312509
mcbAp5,3.25,32,7,CTCCCCGTTCGATATTCTCA,25,2298505
mcbAp5,1.5,18,7,CTCAGCCACTTCGAGATCAA,11,2309634
mcbAp5,1.75,20,7,CTCAAACAAGTTTATGGATG,13,2272344
mcbAp5,3.25,32,7,CTACGTTGGGCATAAGGGTG,25,2305452
mcbAp5,0.25,8,7,CGTGCTGTTATACCTCCCGT,1,2293669
mcbAp5,0.75,12,7,CGTCTAAGCCGGTCTTAGAT,5,2264881
mcbAp5,1.0,14,7,CGGCTCAAGCCTCTAATCGT,7,2276361
mcbAp5,3.875,37,7,CGGCGCTTGCCTCGTATAGT,30,2282466
mcbAp5,0.25,8,7,CGCTGGGTTCGGATATCGTG,1,2276621
mcbAp5,2.0,22,7,CGAGTTGTAGTTGACTAAGA,15,2270705
mcbAp5,2.625,27,7,CGACGATGGCTTGAACGTCC,20,2292722
mcbAp5,1.25,16,7,CGACAGACATGGGAGGGAAG,9,2277362
mcbAp5,1.25,16,7,CGAATAGCCACTACTCCCCT,9,2283297
mcbAp5,0.25,8,7,CCTACAGCGGCCCTGCGAAT,1,2304846
mcbAp5,0.25,8,7,CCGCTGCCCGGTGCGATAGT,1,2279435
mcbAp5,2.75,28,7,CCGCGATTATGCAGACATCT,21,2263037
mcbAp5,2.375,25,7,CCCCCTACGACAACAGTAGG,18,2308244
mcbAp5,0.25,8,7,CCAGCCAAGAGTACAACGTA,1,2282689
mcbAp5,1.125,15,7,CCAAAGAAGCTAAAAAATGG,8,2268358
mcbAp5,2.875,29,7,CATTTGTGGTGTCCTGAGCT,22,2292223
mcbAp5,2.25,24,7,CATGCCGTTCGTTTTGATAG,17,2304760
mcbAp5,5.5,50,7,CATCTCTTTCGGGCATGGTG,43,2284781
mcbAp5,1.5,18,7,CAGCTTGCGAACTTATGCGC,11,2300752
mcbAp5,2.25,24,7,CAGAATCCGAGACTCGGTGG,17,2276821
mcbAp5,3.5,34,7,CAAGCCACACGGTAGCACGC,27,2273957
mcbAp5,3.0,30,7,CAAGATTCAGACGTTTACTA,23,2294462
mcbAp5,2.25,24,7,CAACACCGAATGATCCTACA,17,2268294
mcbAp5,0.25,8,7,ATTCGATGGGGCCTTTTCTG,1,2269873
mcbAp5,4.25,40,7,ATGGTATAGTCTGCAAGGTT,33,2269109
mcbAp5,0.25,8,7,ATGCGGTGCCTACGCACACG,1,2290538
mcbAp5,1.375,17,7,ATCGTGCTACGTTGCTCATT,10,2309771
mcbAp5,0.625,11,7,ATCGAACGGTAAATATTGGT,4,2271020
mcbAp5,4.25,40,7,ATATTTCTTCTGCCGTGCAA,33,2298970
mcbAp5,0.25,8,7,ATAGTTAAGCGATGCCGTAT,1,2284219
mcbAp5,0.25,8,7,AGTTACAAAGAGTAGGGTTT,1,2292838
mcbAp5,2.375,25,7,AGTGCTGTTAAATGTTTAGA,18,2307668
mcbAp5,2.625,27,7,AGTAAGGTCAAATGGTCACA,20,2302910
mcbAp5,2.75,28,7,AGGTATTTGCAGTCGTTCTT,21,2314178
mcbAp5,2.5,26,7,AGGCTCTGATCTTGTCCCGG,19,2289636
mcbAp5,2.125,23,7,AGGACATAGGAGAAGTCCAT,16,2267919
mcbAp5,2.125,23,7,AGCTGCGAAAGGAAGAGGGA,16,2280660
mcbAp5,4.0,38,7,AGCGCTCTCCAAGCACCTGT,31,2279327
mcbAp5,0.25,8,7,AGCGCGTCCTAGATCTTGCT,1,2312246
mcbAp5,3.75,36,7,AGCGATTCCAAGCTTTGGAA,29,2266511
mcbAp5,6.5,58,7,AGAGTACGCGAACTCTGCTC,51,2262455
mcbAp5,1.625,19,7,AGAAAAAGGTGGCGTGATGC,12,2277381
mcbAp5,2.875,29,7,ACTCGGGTTTAAGATACGGA,22,2288303
mcbAp5,2.625,27,7,ACGGTCTACCTTGAGACAGC,20,2310318
mcbAp5,1.625,19,7,ACGAATCTTACCGTTGTAAG,12,2294659
mcbAp5,2.125,23,7,ACACTATGGTAGCATTATTT,16,2283697
mcbAp5,1.25,16,7,ACACCCTCGCGGGTAACACT,9,2261912
mcbAp5,2.125,23,7,ACAAGAAGAGCGTTTGCTCC,16,2261810
mcbAp5,4.0,38,7,AATGTCAGTAGTTTAGGTAT,31,2303563
mcbAp5,2.5,26,7,AAGTCTATCCTCGGTTGAGC,19,2263172
mcbAp5,2.75,28,7,AACTACGACATTTCACACCA,21,2296718
mcbAp5,1.875,21,7,AACCACCACAGCCACAAGCG,14,2310981
mcbAp5,0.25,8,7,AAAGCTACCTCGCGTTGACG,1,2288971
mcbAp5,1.875,21,7,AAACGGCTGATTGTCCTTTG,14,2304604
mcbAp5,3.5,34,7,AAAAGCGTGGTCCAGGCATC,27,2274231
mcbAp5,0.875,13,7,AAAACATCCCGTTTTCTCGC,6,2301659
mcbAp5,2.7142857142857144,24,6,TTTGGACTGTGCATAGACTC,18,2285394
mcbAp5,0.2857142857142857,7,6,TTTCCGTCAGCTGAACCTGG,1,2312320
mcbAp5,1.4285714285714286,15,6,TTTAATCGGGGAGTCAATAA,9,2311385
mcbAp5,3.0,26,6,TTTAACGACCGAACTGTATG,20,2273629
mcbAp5,4.0,33,6,TTTAACAAGTCGGCTATCCT,27,2267242
mcbAp5,2.857142857142857,25,6,TTGTTGGAAGAAAGGTTGTG,19,2291498
mcbAp5,3.0,26,6,TTGTAGTTATGGTCGATTAA,20,2302844
mcbAp5,1.7142857142857142,17,6,TTGGGCAGAGGCAAGGAAGA,11,2279875
mcbAp5,2.0,19,6,TTGGCCCCATGTTCGGCTGC,13,2268898
mcbAp5,0.2857142857142857,7,6,TTGACTGGGAAATCGGACAG,1,2267103
mcbAp5,4.0,33,6,TTCTGAGCAAATCCAACAAT,27,2313949
mcbAp5,3.2857142857142856,28,6,TTCCGCTAGTCGGTTAGCTG,22,2288387
mcbAp5,0.5714285714285714,9,6,TTAGCGCCGCTATGTGGTAC,3,2299753
mcbAp5,3.4285714285714284,29,6,TTACGCCAACCGCTCCGTAG,23,2314368
mcbAp5,2.857142857142857,25,6,TTAATTGGGATAATCTTGGT,19,2287356
mcbAp5,9.142857142857142,69,6,TGTCGAAAATCCGTCCGAGC,63,2306011
mcbAp5,1.8571428571428572,18,6,TGTCAATATGACTATCTACT,12,2288724
mcbAp5,1.0,12,6,TGGTTTTCTTATTATATGTG,6,2270715
mcbAp5,2.4285714285714284,22,6,TGGGGCTCTGGTAGATCTCA,16,2306960
mcbAp5,0.2857142857142857,7,6,TGGATCTTATGTGGCGCGGT,1,2268922
mcbAp5,1.5714285714285714,16,6,TGCTCTGGCTTCGGAATGTC,10,2269384
mcbAp5,2.5714285714285716,23,6,TGATAAACCCCTTGCCGGTT,17,2280360
mcbAp5,1.8571428571428572,18,6,TGAGTCGCCAGCCGTAGAGA,12,2299762
mcbAp5,3.142857142857143,27,6,TGAGGGGAAATTCGGGTAAA,21,2261638
mcbAp5,1.1428571428571428,13,6,TCTCCGGTTTCTGGAATTAA,7,2309536
mcbAp5,3.857142857142857,32,6,TCGCGTGTTAGGCCGATGCT,26,2265402
mcbAp5,2.4285714285714284,22,6,TCGCCTTAATCTGTCGGTGA,16,2306531
mcbAp5,0.2857142857142857,7,6,TCGATAAAAATGGGCTCAGG,1,2304900
mcbAp5,2.0,19,6,TCCTTGAGGGTGCGCGCCCC,13,2272832
mcbAp5,1.5714285714285714,16,6,TCCTTATTCAGGACGGCCTC,10,2289114
mcbAp5,0.2857142857142857,7,6,TCCTGTGGTAGGCTCCGACT,1,2305172
mcbAp5,7.142857142857143,55,6,TCCTGATCTTGGGTCTTACA,49,2304290
mcbAp5,3.4285714285714284,29,6,TCAGCGTTATGTCGCGAATG,23,2280045
mcbAp5,2.2857142857142856,21,6,TCAGAATCGGTAGAGGCTTC,15,2261844
mcbAp5,2.0,19,6,TATGGTTCCCAGCCAATTTA,13,2273851
mcbAp5,3.7142857142857144,31,6,TATCGGCCTATAGCCATACA,25,2307433
mcbAp5,3.0,26,6,TACGCCGTACATCTGATAAG,20,2270442
mcbAp5,6.857142857142857,53,6,TACAGACGATAGCCCGGGTT,47,2281380
mcbAp5,3.2857142857142856,28,6,TACAAGCCAATGACCAACTT,22,2288933
mcbAp5,5.571428571428571,44,6,TAAGATAATGGGTACATACT,38,2284083
mcbAp5,4.142857142857143,34,6,GTTGTGTCTTTGTAATTCTT,28,2284606
mcbAp5,3.4285714285714284,29,6,GTTGTCGTACGAATTGGATG,23,2276208
mcbAp5,0.2857142857142857,7,6,GTTCTTTAGTGACAGCGTAC,1,2267781
mcbAp5,4.142857142857143,34,6,GTTAAAGAACCACCTGGACA,28,2302118
mcbAp5,2.5714285714285716,23,6,GTGTTAGTTTTAGTGTTCGC,17,2291566
mcbAp5,2.0,19,6,GTGCAGGCCATTCCGGCAGA,13,2286130
mcbAp5,2.2857142857142856,21,6,GTGACAAACAGCTACTCAAA,15,2314132
mcbAp5,3.4285714285714284,29,6,GTCGGCCGTGAGTACAACTC,23,2279473
mcbAp5,0.42857142857142855,8,6,GTATACGCCGATCGACAGCG,2,2301662
mcbAp5,3.2857142857142856,28,6,GGTGGAAGTTAGCGAGCTTT,22,2271671
mcbAp5,2.142857142857143,20,6,GGTCTTCTCTTCACAATTAC,14,2280296
mcbAp5,1.0,12,6,GGTCACATTTACGCGTTTCC,6,2281649
mcbAp5,3.0,26,6,GGTAAGACCGATACAGATAT,20,2288217
mcbAp5,1.8571428571428572,18,6,GGGACGTAACAGCTGCCTCA,12,2314049
mcbAp5,0.2857142857142857,7,6,GGCGTGTAAGATGTAAGGGA,1,2293224
mcbAp5,0.2857142857142857,7,6,GGATTTGCCGACTATCATGG,1,2289249
mcbAp5,0.2857142857142857,7,6,GGACTGCCTGGCGCGTTTCA,1,2269481
mcbAp5,2.2857142857142856,21,6,GGAATCGCCATCTTGTGTTC,15,2297057
mcbAp5,0.2857142857142857,7,6,GGAAGGGTATTTTTCTGGAT,1,2314946
mcbAp5,4.142857142857143,34,6,GGAAGCCTTGGTCTGGTAGG,28,2283148
mcbAp5,3.142857142857143,27,6,GCTTCAGATTCGGCAGCCAT,21,2282158
mcbAp5,4.428571428571429,36,6,GCTTACGGCCAGTTTTTGTG,30,2291037
mcbAp5,2.2857142857142856,21,6,GCTGTTCTAATAGTATTCGA,15,2306400
mcbAp5,2.0,19,6,GCTCTCGGTTTTTCCAAAGG,13,2264007
mcbAp5,0.8571428571428571,11,6,GCTCGATGGCAAATCCCCGA,5,2283690
mcbAp5,3.0,26,6,GCGTTCACCTCCAAAGTCAC,20,2304418
mcbAp5,3.2857142857142856,28,6,GCGTCCGGAGCAGACATGAT,22,2290692
mcbAp5,0.8571428571428571,11,6,GCGCGTGCGCTGGGTGTAAA,5,2300583
mcbAp5,2.0,19,6,GCGAGCATATCGCGGATATA,13,2263917
mcbAp5,3.7142857142857144,31,6,GCCTCGGAAACAATGTTCAC,25,2288745
mcbAp5,0.2857142857142857,7,6,GCCACGCCTGTTGTTCCGCC,1,2272109
mcbAp5,0.2857142857142857,7,6,GCAACCGGGTGCGATAAATC,1,2285841
mcbAp5,0.2857142857142857,7,6,GATGGAGACCCCTCCGTATC,1,2274025
mcbAp5,4.142857142857143,34,6,GATGATTTGTCTTCGCCTAC,28,2267823
mcbAp5,0.2857142857142857,7,6,GATACGTGTCCTTCATCCGT,1,2302346
mcbAp5,0.2857142857142857,7,6,GAGTGGGGAATCTGTCTACA,1,2292455
mcbAp5,0.2857142857142857,7,6,GACTATTTGCATACTAACCC,1,2264843
mcbAp5,2.0,19,6,GACCATTGGTGTGGTTTGTA,13,2290327
mcbAp5,3.7142857142857144,31,6,GAACGTGAGCTACCGGGGTA,25,2306803
mcbAp5,1.7142857142857142,17,6,GAAATCCGGCGTCGTGCCAT,11,2312927
mcbAp5,3.2857142857142856,28,6,CTGGGATATCTCCCCAGTCG,22,2314424
mcbAp5,3.142857142857143,27,6,CTGCTACTAGGCACTACTGC,21,2299604
mcbAp5,4.0,33,6,CTCCAGCGCACTGGCTGGAC,27,2275446
mcbAp5,4.0,33,6,CTAGTCTAGGTTAATCTAGA,27,2296558
mcbAp5,0.2857142857142857,7,6,CGGTCTTCGATCTAAAGGTG,1,2301647
mcbAp5,1.1428571428571428,13,6,CGGCCGTATCGTGAGATGTA,7,2299288
mcbAp5,0.2857142857142857,7,6,CGGCCACGGGATGGTCCTAC,1,2280112
mcbAp5,2.857142857142857,25,6,CGCTTAGTTCCGATATTGGA,19,2290265
mcbAp5,4.0,33,6,CGCTGTCTGGGTCACCGTGT,27,2280964
mcbAp5,4.0,33,6,CGCTGGTAACTTCAGCCTAT,27,2287634
mcbAp5,0.2857142857142857,7,6,CGAGAGCAATTCGGATCCGA,1,2311696
mcbAp5,2.5714285714285716,23,6,CGACTGACCCGTGTAGCTTC,17,2297854
mcbAp5,5.428571428571429,43,6,CGAAACCGACAGCGGAGAGA,37,2276707
mcbAp5,3.0,26,6,CCTTTGTGCAAATCGTACTC,20,2278060
mcbAp5,0.2857142857142857,7,6,CCTTTAGTCGTACGCCAATG,1,2289056
mcbAp5,2.7142857142857144,24,6,CCTCATTCTCGCCGAGGATT,18,2308297
mcbAp5,1.8571428571428572,18,6,CCGGTGCGGTTCTAGCCTCT,12,2287068
mcbAp5,1.8571428571428572,18,6,CCGGGACTTAGGTTGCTTTA,12,2294446
mcbAp5,4.285714285714286,35,6,CCGGCTCTCCGCACGACGTC,29,2302119
mcbAp5,3.0,26,6,CCGACTGAGCCAAAAATCTT,20,2303777
mcbAp5,1.8571428571428572,18,6,CCCCCGCGCTGAGTCAGAGA,12,2289879
mcbAp5,3.0,26,6,CATCGTGGCGCGTTAGTACT,20,2303290
mcbAp5,0.2857142857142857,7,6,CATATTTTCATTGAAGTCGT,1,2303254
mcbAp5,0.42857142857142855,8,6,CAGTGTAAAGGGTGCCATTG,2,2273497
mcbAp5,2.7142857142857144,24,6,CAGTAGTTCTAGATGGACAT,18,2272335
mcbAp5,2.7142857142857144,24,6,CAGTAGACCCTGGACAAGCA,18,2273633
mcbAp5,5.571428571428571,44,6,CACGAATGTTCTCTCTAGCA,38,2264849
mcbAp5,3.7142857142857144,31,6,CACAAGGACCATCCTATGGT,25,2288301
mcbAp5,2.4285714285714284,22,6,CAAGCCTAAAATTCCATGGC,16,2303054
mcbAp5,2.7142857142857144,24,6,CAAACTTTAGCCTCTATCAG,18,2303996
mcbAp5,2.142857142857143,20,6,ATTACTTCGTATGAATCCTT,14,2291637
mcbAp5,0.2857142857142857,7,6,ATTAATGCTCTTATAGACCA,1,2269388
mcbAp5,2.7142857142857144,24,6,ATGGATTAGACGGACGCAGT,18,2295237
mcbAp5,2.5714285714285716,23,6,ATGCGATGCTGTTAGTTCTA,17,2290171
mcbAp5,1.8571428571428572,18,6,ATGATTCTAACGGCGGATAC,12,2295384
mcbAp5,3.142857142857143,27,6,ATGACGCATTGACGTGGAAA,21,2298429
mcbAp5,0.7142857142857143,10,6,ATCGGCCGCCACGCGGGGCT,4,2275125
mcbAp5,0.2857142857142857,7,6,ATCAAACGGCATCAGTACGT,1,2271143
mcbAp5,1.4285714285714286,15,6,ATAGGCTCTGCATTCCCAAG,9,2279842
mcbAp5,1.5714285714285714,16,6,ATACCAGCCAATATCCCTTA,10,2306059
mcbAp5,1.8571428571428572,18,6,ATAAGAACCAAAGCATGACC,12,2280768
mcbAp5,1.7142857142857142,17,6,AGGTCATGAGTTGTGAACCC,11,2284847
mcbAp5,4.0,33,6,AGGTAGAGTAGACCATGATA,27,2279380
mcbAp5,0.42857142857142855,8,6,AGGGGGGAAAAACGCTGGAC,2,2298524
mcbAp5,7.0,54,6,AGGGCGGGACTGATCTACGC,48,2312997
mcbAp5,4.428571428571429,36,6,AGGCGGCGTTTCGACTCGGA,30,2277953
mcbAp5,2.7142857142857144,24,6,AGCCCGTAACCCTTCGGATA,18,2265173
mcbAp5,2.4285714285714284,22,6,AGAAGTAAGTTATTCTTGAC,16,2264996
mcbAp5,7.428571428571429,57,6,ACTTAGTGTATGCTTCCATT,51,2299227
mcbAp5,2.7142857142857144,24,6,ACTGCGCTGGGATAACGGAC,18,2275708
mcbAp5,3.7142857142857144,31,6,ACGAGCGAGTAATGGCCCGT,25,2266925
mcbAp5,2.7142857142857144,24,6,ACCTTCCGGCACTTTCCGTA,18,2303973
mcbAp5,3.857142857142857,32,6,ACCGCTAAGATCGGTCCCTA,26,2287981
mcbAp5,2.4285714285714284,22,6,ACCCCTTGGTAAAGGGTTGC,16,2303293
mcbAp5,3.2857142857142856,28,6,ACCATTTTCGGTTTGTTAGC,22,2302471
mcbAp5,0.2857142857142857,7,6,ACATAATCAGCTCAGAGGTG,1,2299354
mcbAp5,3.4285714285714284,29,6,AATGCCGTTCCACCATGGAA,23,2302998
mcbAp5,0.5714285714285714,9,6,AATCAATTTTAAACAGGCAT,3,2287182
mcbAp5,2.857142857142857,25,6,AAGGTGAAACTTAAATAATA,19,2301491
mcbAp5,4.571428571428571,37,6,AAGGTCCATCTGGACGCCCT,31,2307928
mcbAp5,3.142857142857143,27,6,AAGCGGAGTTGCTCGTCCTA,21,2278870
mcbAp5,4.0,33,6,AAGAGACTGTTAGCCGTTCT,27,2285886
mcbAp5,3.2857142857142856,28,6,AACCTGAGGTCTCTAAGTGA,22,2264992
mcbAp5,2.857142857142857,25,6,AACCCGGTACTTCGAGGCGT,19,2304450
mcbAp5,0.7142857142857143,10,6,AACAGCGGGACCCCACAGCC,4,2288403
mcbAp5,4.0,33,6,AAATACTGTAACACCGAAAT,27,2302739
mcbAp5,1.8571428571428572,18,6,AAAGCGCTACGCCAAGCGGT,12,2308576
mcbAp5,4.571428571428571,37,6,AAAAGAGTAACATTTGCTGA,31,2275085
mcbAp5,3.4285714285714284,29,6,AAAACGTAATTTTAGTACAT,23,2281596
mcbAp5,3.6666666666666665,26,5,TTTCTACTAAACCCAGCGGC,21,2283594
mcbAp5,2.0,16,5,TTTAACGTTATGATTCCGAA,11,2285558
mcbAp5,4.5,31,5,TTGCTTGAATCCCTGAGCGG,26,2278337
mcbAp5,2.6666666666666665,20,5,TTGCGTCATCACGGCGTAGG,15,2306014
mcbAp5,0.3333333333333333,6,5,TTGAAGTCGCGCAAGAAAGG,1,2261441
mcbAp5,3.5,25,5,TTCTCCTATCCCATCCTTTA,20,2289849
mcbAp5,4.166666666666667,29,5,TTCTCATTAATCGAGAAATA,24,2270882
mcbAp5,0.3333333333333333,6,5,TTCGTTGCTGATTCTGCCTT,1,2288222
mcbAp5,3.1666666666666665,23,5,TTCGTAGTGGAGAGTTGCTA,18,2270189
mcbAp5,4.0,28,5,TTATAAGCTTCGAGTTCTTC,23,2267876
mcbAp5,0.6666666666666666,8,5,TGTGTATAGCCATATGCACT,3,2282762
mcbAp5,6.5,43,5,TGTGTAAAAGATCAATGCCT,38,2291154
mcbAp5,0.3333333333333333,6,5,TGGGAACATAGCAACCGCGC,1,2309496
mcbAp5,6.833333333333333,45,5,TGCCGCCGGTAACAGGGCCT,40,2282473
mcbAp5,0.3333333333333333,6,5,TGCCCCGGGACCTGACACAC,1,2309677
mcbAp5,1.1666666666666667,11,5,TGCAAAATGCCGGCGGGCCT,6,2314840
mcbAp5,1.1666666666666667,11,5,TGAAGCTCTCGATTACGCTA,6,2278430
mcbAp5,2.5,19,5,TCTTGCAATGATACATTGTA,14,2314629
mcbAp5,2.3333333333333335,18,5,TCTCGCTGCGGTCGCGTACT,13,2267543
mcbAp5,2.3333333333333335,18,5,TCTATGTCCCCTTTCTACCG,13,2285372
mcbAp5,3.1666666666666665,23,5,TCGTCTGAGGGCTGACAGAT,18,2264846
mcbAp5,0.3333333333333333,6,5,TCGGTCAACCACTATACGAA,1,2302951
mcbAp5,3.5,25,5,TCGATGACAACTATTCACTT,20,2272370
mcbAp5,0.5,7,5,TCCTCACCGGAGGATCTCTA,2,2278264
mcbAp5,3.6666666666666665,26,5,TCCGGATCGCCCAACGGTGG,21,2264989
mcbAp5,4.0,28,5,TCCGCAACGCCCCCGTAACC,23,2303328
mcbAp5,4.166666666666667,29,5,TCCCCTCATCATGTCGAGAA,24,2292463
mcbAp5,3.3333333333333335,24,5,TCATTCCGACTCCGTCCATC,19,2283346
mcbAp5,0.3333333333333333,6,5,TATGACGAGGGCGTAGGAGC,1,2292220
mcbAp5,3.0,22,5,TATGAACGCATATCTGGCAG,17,2308434
mcbAp5,0.3333333333333333,6,5,TATCAAGCTTCAGACTACTT,1,2272861
mcbAp5,3.3333333333333335,24,5,TATACTCTTGGTATATTATT,19,2291542
mcbAp5,4.5,31,5,TATACCTCTGTAAGGGATGG,26,2269747
mcbAp5,2.3333333333333335,18,5,TAGGGTGCTATATAATCAGA,13,2302356
mcbAp5,1.0,10,5,TAGGGCGGTTAGGGCGCTAG,5,2272973
mcbAp5,4.666666666666667,32,5,TAGCAGTTAGTACCACCTCA,27,2279846
mcbAp5,3.6666666666666665,26,5,TAGAACTTTTCTCGGTGCCA,21,2309922
mcbAp5,2.5,19,5,TAGAACGCAAGGTCACCAGA,14,2292101
mcbAp5,3.6666666666666665,26,5,TACGTCTGGTACCGGAACCA,21,2267133
mcbAp5,0.3333333333333333,6,5,TACGCTCATGAACGGCTTTG,1,2264043
mcbAp5,0.3333333333333333,6,5,TACATCTGGAAACTTACTTT,1,2286602
mcbAp5,1.8333333333333333,15,5,TAAATAGGTGCGGCGAAATT,10,2305116
mcbAp5,2.5,19,5,TAAAGCAATTACATAACCTA,14,2308284
mcbAp5,3.8333333333333335,27,5,TAAAATACTGGCGACGTAGG,22,2266937
mcbAp5,3.8333333333333335,27,5,GTGTGCTAACTCTGAGGCTA,22,2279764
mcbAp5,2.6666666666666665,20,5,GTGGATCGGGAGCTGGTCAT,15,2292482
mcbAp5,0.3333333333333333,6,5,GTGCTTAAGATAGGCGGGAA,1,2312021
mcbAp5,0.3333333333333333,6,5,GTGAGTTCAGCAGCTCTCAA,1,2273906
mcbAp5,1.8333333333333333,15,5,GTCTCTGTCTAGGCCAATGA,10,2286082
mcbAp5,1.5,13,5,GTCGTAACGTACGTCATCAC,8,2279111
mcbAp5,6.5,43,5,GTCCTATCGTGCGTCTCGGC,38,2289047
mcbAp5,0.3333333333333333,6,5,GTACGCAACTATGAGGGTAA,1,2294629
mcbAp5,2.5,19,5,GTAATAGATGATGCATACTT,14,2277878
mcbAp5,0.3333333333333333,6,5,GGTTTCCTATGTACACCAGG,1,2289538
mcbAp5,2.8333333333333335,21,5,GGTTGGGACGAATACGCTGG,16,2290230
mcbAp5,1.1666666666666667,11,5,GGTTATAGGCCGCGCCTCAC,6,2274320
mcbAp5,0.3333333333333333,6,5,GGTAGGAATATCGGCCGAGG,1,2311388
mcbAp5,0.3333333333333333,6,5,GGTAATTGGACCGGGTGTGC,1,2296570
mcbAp5,2.6666666666666665,20,5,GGGTTAAAATGTATAGCGAT,15,2283955
mcbAp5,0.3333333333333333,6,5,GGGGAGAAGCCGCCGTCATC,1,2280816
mcbAp5,1.6666666666666667,14,5,GGGCCAGATATGGGGCAGAA,9,2270381
mcbAp5,5.0,34,5,GGCTGCGCCGGACTACCGCG,29,2312732
mcbAp5,5.0,34,5,GGCGGCCTCGACAGGGCGTC,29,2263034
mcbAp5,3.0,22,5,GGCAACGGGAGACTAAACAT,17,2305886
mcbAp5,0.3333333333333333,6,5,GGACGTCCCTCCAGGGTTAG,1,2273950
mcbAp5,4.5,31,5,GCTCTTTCTAGCTACTCTGG,26,2278815
mcbAp5,4.0,28,5,GCTATAAACTCAAACGTTTT,23,2313630
mcbAp5,4.0,28,5,GCTAAAAGGATGCATGTGTT,23,2261631
mcbAp5,3.1666666666666665,23,5,GCCAATATGCAAGTAAAGGT,18,2280694
mcbAp5,2.8333333333333335,21,5,GCCAAGTCACGTAATGGCTC,16,2298975
mcbAp5,1.3333333333333333,12,5,GATTATTGAAGCCAGCAGAT,7,2274761
mcbAp5,2.5,19,5,GATGCGGGCTGTGCCCCGCT,14,2307798
mcbAp5,3.1666666666666665,23,5,GATCTTCCAAAAGAATGTTC,18,2289557
mcbAp5,3.1666666666666665,23,5,GATATAGCGTCCCGTGGTTC,18,2270660
mcbAp5,4.0,28,5,GATAGTCAGGTCGCCCCGCT,23,2262456
mcbAp5,0.3333333333333333,6,5,GAGTGTTACAATTTCAAATC,1,2267530
mcbAp5,0.3333333333333333,6,5,GAGTAGAGGCGGGTATAGGT,1,2315165
mcbAp5,10.666666666666666,68,5,GAAGCGAGCGCATCTTACCT,63,2300053
mcbAp5,3.0,22,5,GAAAAAGTGTGCTTAAGGGA,17,2285264
mcbAp5,6.833333333333333,45,5,CTTTGAGCCTACATTTCAGC,40,2308697
mcbAp5,3.6666666666666665,26,5,CTTTCGCTCAGACTGCTCGG,21,2308196
mcbAp5,4.0,28,5,CTTCTTACACGAACCTTTGA,23,2296606
mcbAp5,3.8333333333333335,27,5,CTGTCAGCCTCATCAGCCTG,22,2310067
mcbAp5,0.3333333333333333,6,5,CTGAATGGATAATTTCTCCT,1,2270723
mcbAp5,1.6666666666666667,14,5,CTCTTTAGTGCTAATGATAG,9,2306479
mcbAp5,0.3333333333333333,6,5,CTCTCCGAGTACGCTGCCGT,1,2264998
mcbAp5,1.6666666666666667,14,5,CTCATAACGCTAAAGGACCT,9,2282322
mcbAp5,5.5,37,5,CTCAGCTAGGTGCCCGCTCC,32,2314397
mcbAp5,2.3333333333333335,18,5,CTCACTCCCGTAATCTGCAG,13,2304126
mcbAp5,1.6666666666666667,14,5,CTAATTACAATATGCACATA,9,2287865
mcbAp5,6.666666666666667,44,5,CGTGCTAGAGCTTCGCAGTG,39,2284269
mcbAp5,4.333333333333333,30,5,CGTCTAGTACTTGCTCGATT,25,2284614
mcbAp5,2.0,16,5,CGGGGATCGCTAGCGCGAGT,11,2276077
mcbAp5,1.3333333333333333,12,5,CGGAGGAGCGGAGCGAGTGG,7,2273914
mcbAp5,0.3333333333333333,6,5,CGCTTAGGTACACGAGTCAG,1,2285946
mcbAp5,5.5,37,5,CGCTCCTCAAGGCACGGGGG,32,2265769
mcbAp5,2.0,16,5,CCTCACGAACTTATGTACGC,11,2287646
mcbAp5,5.0,34,5,CCGTTGGGTAAGAATGAAAT,29,2267992
mcbAp5,2.0,16,5,CCGCGGATGCCTGCGTAGGC,11,2268242
mcbAp5,3.3333333333333335,24,5,CCCTGGCTACCCGTCTGTAG,19,2292502
mcbAp5,1.0,10,5,CCCCTCTATTCTTTATTGCG,5,2288961
mcbAp5,9.0,58,5,CCCCCGCCAATTCTTCCTGT,53,2276754
mcbAp5,4.0,28,5,CCACGAAAATTTAAATTAGG,23,2307183
mcbAp5,0.3333333333333333,6,5,CATGAGGGTTGGTACAAGAT,1,2306876
mcbAp5,2.6666666666666665,20,5,CATATTACAGGACAGTTCTT,15,2280078
mcbAp5,6.0,40,5,CATACTCATTTATGGGGGTT,35,2294620
mcbAp5,8.333333333333334,54,5,CAGTGTAACGTCTCTTCATA,49,2301048
mcbAp5,0.3333333333333333,6,5,CAGGGACGAAACAGCCTTGG,1,2287410
mcbAp5,6.166666666666667,41,5,CAGAGTGGAGCTAGACCAAT,36,2276093
mcbAp5,0.8333333333333334,9,5,CAGACAACCTTCGTCTTCAC,4,2264050
mcbAp5,0.8333333333333334,9,5,CACTAGGGTGGCATGTTAAA,4,2269280
mcbAp5,0.3333333333333333,6,5,CACGCCTCGCCTTGGACGGC,1,2265746
mcbAp5,2.6666666666666665,20,5,CAAGGCCAATAACAGGTGGG,15,2296650
mcbAp5,4.0,28,5,CAACTACCTCCCATCGGACA,23,2298848
mcbAp5,4.666666666666667,32,5,CAACCGCAGATCAACCTCAC,27,2297291
mcbAp5,0.3333333333333333,6,5,ATTGTGACTATCAGGTGCGA,1,2273741
mcbAp5,0.3333333333333333,6,5,ATTGTCTGGCTGGGCCACCC,1,2284733
mcbAp5,4.666666666666667,32,5,ATTCTCGGTCCTCACAAGTT,27,2302796
mcbAp5,0.3333333333333333,6,5,ATGGAGCATATCGAACGTTA,1,2306481
mcbAp5,0.8333333333333334,9,5,ATGAGACGTGGTGTGTAAAA,4,2274340
mcbAp5,1.8333333333333333,15,5,ATCTGAGTTTGTGAGACCTC,10,2314939
mcbAp5,4.333333333333333,30,5,ATCGGTCTAACTTATAGATC,25,2263616
mcbAp5,2.8333333333333335,21,5,ATCAGACTATGCCCTCCGGC,16,2268550
mcbAp5,0.3333333333333333,6,5,ATACCCCGGCTGCTCATTTT,1,2262144
mcbAp5,2.5,19,5,AGTGTGGAGTTGTATAGTGT,14,2276666
mcbAp5,0.3333333333333333,6,5,AGTGCAAATGATTTTAAATT,1,2273116
mcbAp5,4.333333333333333,30,5,AGTCACCAGGACTTCCTCGT,25,2271746
mcbAp5,0.5,7,5,AGGTCTTTGCGAAACTACTA,2,2284886
mcbAp5,4.666666666666667,32,5,AGGGATCCAAGCGTCCGTGT,27,2290132
mcbAp5,7.0,46,5,AGGCCAACTAACTTTTGTGA,41,2281912
mcbAp5,3.8333333333333335,27,5,AGCTGTGACGGCGCTTGAAC,22,2279239
mcbAp5,3.3333333333333335,24,5,AGCGTTGAGATGACGGCACA,19,2288578
mcbAp5,2.3333333333333335,18,5,AGAGAGTGTTACGCCTACGC,13,2293784
mcbAp5,3.5,25,5,ACTCCTGAACGTCCACGACC,20,2285505
mcbAp5,3.8333333333333335,27,5,ACTCCCTTTTGGGCAGACAT,22,2291162
mcbAp5,2.3333333333333335,18,5,ACTATAGGCCTTCAACTTTA,13,2286331
mcbAp5,4.0,28,5,ACTACTCCAGGCAGGTCGTT,23,2304871
mcbAp5,0.3333333333333333,6,5,ACGGCAGCACTCAGTCTCCA,1,2280742
mcbAp5,2.1666666666666665,17,5,ACGCGTGCGTTTCTGCACCT,12,2314348
mcbAp5,0.3333333333333333,6,5,ACCTTCGACTCCGTTCAGAA,1,2275421
mcbAp5,3.1666666666666665,23,5,ACCGTTCAGGGATTGTGTAA,18,2295124
mcbAp5,1.1666666666666667,11,5,ACCATAAGTTAGTGGTGCGG,6,2280725
mcbAp5,4.666666666666667,32,5,ACAGATCGGTGAAGAATTAC,27,2294169
mcbAp5,0.3333333333333333,6,5,ACAATAATTTCCTGAGATGT,1,2297649
mcbAp5,2.8333333333333335,21,5,AATTAAACGTGATCTCCCCC,16,2268383
mcbAp5,2.3333333333333335,18,5,AATGGGCTTTGGTAGCTAGG,13,2275742
mcbAp5,4.0,28,5,AATGGGATACTGAGGCCGGG,23,2296519
mcbAp5,3.3333333333333335,24,5,AAGTTTTGATCTAAGACGAG,19,2293858
mcbAp5,3.3333333333333335,24,5,AAGGCGTAAACACATCCGTA,19,2290057
mcbAp5,4.0,28,5,AAGCACCGTTATTTTTCAAT,23,2267305
mcbAp5,3.8333333333333335,27,5,AACTGAATAGACACTTTGCA,22,2287319
mcbAp5,8.166666666666666,53,5,AACGCTTTCCATGTCAATTA,48,2304523
mcbAp5,2.5,19,5,AAAAACCCGACGTCATAGAT,14,2309178
mcbAp5,2.0,13,4,TTTCCGTGTGTATATTTGAG,9,2274159
mcbAp5,3.6,21,4,TTTCAAGTCTATTGCCGGGA,17,2264986
mcbAp5,0.4,5,4,TTTAAGTTACTATAGTGGAG,1,2275665
mcbAp5,3.8,22,4,TTGACCTTTTTGCCAATAAC,18,2262351
mcbAp5,4.2,24,4,TTCCAGTAGACCGCACTCGA,20,2301830
mcbAp5,6.6,36,4,TTAGAGATCGTGGGGCTGGC,32,2296858
mcbAp5,4.2,24,4,TGTAAAGCGCCTCAGTATAC,20,2281696
mcbAp5,4.0,23,4,TGCGTCATGTAGTTTGCTAC,19,2305762
mcbAp5,11.6,61,4,TGATTATCCCGAGGAAATGC,57,2307116
mcbAp5,0.4,5,4,TGATACCATGAATCATTATG,1,2286640
mcbAp5,4.0,23,4,TGAGCCGGCTCTGTATGGCT,19,2285896
mcbAp5,7.8,42,4,TCTTGTATACTCCGGTCCTC,38,2276680
mcbAp5,4.2,24,4,TCTTCTCAGAGTTGCACAAA,20,2305249
mcbAp5,3.8,22,4,TCTTCAAGGTATCTTGACCA,18,2273500
mcbAp5,1.8,12,4,TCTCAATCCCAAATCCCTCT,8,2275611
mcbAp5,1.8,12,4,TCTAGACCGCCATATTCTGA,8,2315705
mcbAp5,2.2,14,4,TCGATACACGTCTTCCCCTA,10,2279326
mcbAp5,7.2,39,4,TCGAACGTTCTGATCCGTCT,35,2285728
mcbAp5,0.6,6,4,TCCTCCTAATCAGGGTTGAA,2,2276676
mcbAp5,1.6,11,4,TCCGACTCGCGGTGGTATTG,7,2288893
mcbAp5,3.2,19,4,TCATGTGCCAGGTCTTTTGA,15,2302607
mcbAp5,4.2,24,4,TCATATCCCCCTCCCGTTTT,20,2261591
mcbAp5,3.2,19,4,TCAGTGAGATTCCTTCTAGC,15,2315004
mcbAp5,4.4,25,4,TCACACGTTGATTCGCCGTT,21,2301915
mcbAp5,4.0,23,4,TATTTAGGTGGTGGGCTCGT,19,2314921
mcbAp5,5.2,29,4,TATTCCACCCGGAGTATCAT,25,2282136
mcbAp5,1.6,11,4,TATCCCTCGGGGACAGGGTT,7,2264428
mcbAp5,3.0,18,4,TAGCGCAACCAGAAAAGGGC,14,2275155
mcbAp5,0.4,5,4,TACTCCGATCCAGTCTGTCT,1,2263155
mcbAp5,2.8,17,4,TACCCTAAGTAATGATGCCT,13,2293463
mcbAp5,2.8,17,4,TAATTCTGTAGACCCTTAGC,13,2280942
mcbAp5,0.4,5,4,TAACCAACCCCCCCTCCATA,1,2305929
mcbAp5,4.8,27,4,TAAATCGTGGATAGATATCC,23,2293346
mcbAp5,0.4,5,4,TAAACGCACTATCGTTTAAT,1,2279816
mcbAp5,4.6,26,4,TAAACAGATAGGTATGTATG,22,2276007
mcbAp5,0.4,5,4,GTTACGAGGCATCCCTTTCG,1,2294448
mcbAp5,4.4,25,4,GTTACCTGTCTTTGGCGTGT,21,2274606
mcbAp5,5.6,31,4,GTTACCAACTGTGCACCTGG,27,2311700
mcbAp5,3.2,19,4,GTGTGGCGAGTCATCCGTCT,15,2280819
mcbAp5,5.8,32,4,GTGATGACTTTGGGTGTGTT,28,2298081
mcbAp5,5.0,28,4,GTGACCGTGATTGGACTCAA,24,2294323
mcbAp5,3.8,22,4,GTGAAAATGAAGATTATCGC,18,2314429
mcbAp5,2.6,16,4,GTCTTCAAATACCAGATGAG,12,2303965
mcbAp5,0.4,5,4,GTCGAATAATCCTATCGGGG,1,2265978
mcbAp5,0.8,7,4,GTCCCAGTACGAAAGGTACA,3,2266071
mcbAp5,0.8,7,4,GTAAACAGACAGCTTCAGCG,3,2304560
mcbAp5,4.4,25,4,GGCTGACGCGCCACATCGAT,21,2268657
mcbAp5,5.8,32,4,GGATAGAGTCGCTGCCCGAA,28,2264426
mcbAp5,3.4,20,4,GGAGGTTCTGGTGATTTGCC,16,2291705
mcbAp5,4.6,26,4,GGAACGAACCGGGGCAACTG,22,2293450
mcbAp5,3.0,18,4,GCTGGTACAGCAAGGTTTCT,14,2263820
mcbAp5,3.0,18,4,GCTACTGGGGGGTGTTAGTT,14,2295654
mcbAp5,4.2,24,4,GCTAATGACGTACGAGCAAG,20,2297929
mcbAp5,1.8,12,4,GCGTGCGGCCACTGTGTAGA,8,2271071
mcbAp5,0.4,5,4,GCGGGAGTACGGGTACACCT,1,2305479
mcbAp5,3.8,22,4,GCCGTGACGAGTCACTTCCG,18,2267476
mcbAp5,4.6,26,4,GCCGCTCTCGAATTTCGACA,22,2281270
mcbAp5,5.6,31,4,GCCAGGTCAACCGTCTCTTT,27,2313564
mcbAp5,5.8,32,4,GCATTAACGCGCGGTGCAAA,28,2308239
mcbAp5,3.6,21,4,GCAGACTCATGAATGAGACC,17,2276902
mcbAp5,1.8,12,4,GCAATGCCTAACATACGGTC,8,2271069
mcbAp5,7.4,40,4,GAGTACCAATTACCGAAACC,36,2265996
mcbAp5,5.2,29,4,GAGGCGATGTCTCCTTATCG,25,2298985
mcbAp5,3.2,19,4,GAGAGGGTAATCTAGGCGAC,15,2294386
mcbAp5,3.2,19,4,GACTCGTCACTGCGTAGCTC,15,2305009
mcbAp5,3.6,21,4,GAACACGCCTTAATAGTGCT,17,2307987
mcbAp5,3.0,18,4,CTTGTTTCTAAACGGGTGTA,14,2279614
mcbAp5,3.2,19,4,CTTCGGGGGTCTGGGTGCAG,15,2264412
mcbAp5,0.4,5,4,CTTCAGCGTCACGCCGCTGA,1,2273124
mcbAp5,7.8,42,4,CTGGCCTTGAAAGAAATCTT,38,2294144
mcbAp5,3.8,22,4,CTGCAAGCGCCATCAGCAAG,18,2283280
mcbAp5,5.2,29,4,CTGACTTTCCAAAGCCTGGA,25,2307511
mcbAp5,3.2,19,4,CTCTGGGTCCATCTTCCATG,15,2309206
mcbAp5,3.8,22,4,CTCGAGCGACAAGAAACAAA,18,2277416
mcbAp5,0.4,5,4,CTATGGTGTTGTGTTCGCCT,1,2296723
mcbAp5,0.4,5,4,CGTTATCAGGGTCAATAGGT,1,2307661
mcbAp5,2.6,16,4,CGTGCAAGCCGGAATATTTT,12,2261960
mcbAp5,0.6,6,4,CGTCCTAATATACAAGCGTG,2,2281307
mcbAp5,8.8,47,4,CGGTCTCACTGTTGAACAAC,43,2265578
mcbAp5,12.0,63,4,CGGAGAGTGCTTACAATGAT,59,2286167
mcbAp5,1.0,8,4,CGGACACCCGCCACCGACGT,4,2292118
mcbAp5,0.4,5,4,CGCTTGCGCAAGACGAGAAC,1,2311080
mcbAp5,4.8,27,4,CGATGAGACGAACATAGGGT,23,2262157
mcbAp5,0.6,6,4,CGATACTACGTTTCGGGGCG,2,2271665
mcbAp5,2.8,17,4,CGACATGAACCTCAGTATTC,13,2302255
mcbAp5,3.0,18,4,CCTCTCAGTTCTTACATGGC,14,2279279
mcbAp5,2.6,16,4,CCTCGATAAGCTAGAGAACA,12,2264944
mcbAp5,0.4,5,4,CCTACCCCCCACTACGGATG,1,2261662
mcbAp5,2.2,14,4,CCGCCCTGAAGTGGGAATGT,10,2290478
mcbAp5,4.2,24,4,CCCTTCGCACTTATAATAGT,20,2274553
mcbAp5,5.2,29,4,CCCGTAGCATCTAGGAATTC,25,2262736
mcbAp5,4.0,23,4,CCATCGGAAGGCACTGGGTG,19,2281875
mcbAp5,4.0,23,4,CCATCCGTGCTGCTCGAAAG,19,2272622
mcbAp5,0.4,5,4,CCACTTTTCGCTCGACCTCC,1,2280339
mcbAp5,3.6,21,4,CATTAGGGCCGCCAGCCTGA,17,2263963
mcbAp5,3.2,19,4,CAGTGACTATCGCTGTTTGT,15,2272867
mcbAp5,7.2,39,4,CAGCTTGTACCACCCTTCGT,35,2291091
mcbAp5,5.6,31,4,CAGCTTAAGTGTAGAGGGTT,27,2286942
mcbAp5,1.2,9,4,CAGCCATGTACGTGGAGAGT,5,2274556
mcbAp5,0.4,5,4,CAGAGCACCCAGTCGCATCC,1,2262465
mcbAp5,0.8,7,4,CACTCTTGGTTTGTATAATG,3,2270344
mcbAp5,2.6,16,4,CACGTTCTCATCGTCGCACT,12,2314551
mcbAp5,0.4,5,4,CACCGCAGTGTCCGACCATC,1,2285157
mcbAp5,2.4,15,4,CAATGACTGTTGCGCCATAA,11,2305699
mcbAp5,3.4,20,4,CAACGGGGGTCGTGTCGAGA,16,2312937
mcbAp5,7.6,41,4,CAACCTCCCCTCTTCTGTCA,37,2266350
mcbAp5,0.4,5,4,ATTTATGTTCTGACCAGACC,1,2272233
mcbAp5,3.2,19,4,ATTCTTCTGATTTAATCTCT,15,2289880
mcbAp5,4.2,24,4,ATTCCTCGACGAGAGCTCTC,20,2274955
mcbAp5,0.4,5,4,ATGTTGAGCAGCCTCAAATC,1,2273415
mcbAp5,3.0,18,4,ATGGAGGACCCGAATTTTGC,14,2314580
mcbAp5,5.6,31,4,ATCTTTTCGCTACGAGGTAA,27,2273683
mcbAp5,3.0,18,4,ATCGTGAAAAAGGCGAAGTG,14,2262915
mcbAp5,1.8,12,4,ATATGCAGCTACTGGATAGA,8,2275040
mcbAp5,4.8,27,4,ATAAGCGCCAGTGATCTAGA,23,2306537
mcbAp5,3.2,19,4,AGTACATGAGGATAGCATGA,15,2304436
mcbAp5,0.4,5,4,AGGATGCGTCTGTAGACAGG,1,2315549
mcbAp5,3.6,21,4,AGCGGGGCCACCTACAGATG,17,2269739
mcbAp5,2.4,15,4,AGAGAAAGGGACCCGTGTGG,11,2289445
mcbAp5,3.6,21,4,ACTTAACGTGTCTCCCGTAT,17,2266834
mcbAp5,3.4,20,4,ACTCGCGTCTACATGGATGG,16,2306718
mcbAp5,8.2,44,4,ACTCAAAGATTAGGCCGAGT,40,2297449
mcbAp5,6.2,34,4,ACGGTCAGATGTTTACACGG,30,2294197
mcbAp5,0.4,5,4,ACGCTGAAACCTGGTGCCCA,1,2267031
mcbAp5,1.2,9,4,ACGACAAGATTCCACGCTAC,5,2304539
mcbAp5,2.0,13,4,ACCGTTCCTTAAGCAAATCG,9,2286255
mcbAp5,0.4,5,4,ACCGCCACGGGATCCTATAC,1,2291783
mcbAp5,5.0,28,4,ACCCACAGGATAACGATAAT,24,2309991
mcbAp5,3.2,19,4,ACCAATGCCGAGATTAAGCC,15,2266298
mcbAp5,3.8,22,4,ACATTTATGGACTTACCACG,18,2279678
mcbAp5,2.6,16,4,ACATTGTGGGCGGAGACCGT,12,2304649
mcbAp5,2.6,16,4,ACATTGTCTCACGGTGATCG,12,2300790
mcbAp5,5.2,29,4,ACATGTTTATCGGAATTGGC,25,2288522
mcbAp5,1.8,12,4,ACAACGGTGTACAGTGACAT,8,2316269
mcbAp5,2.8,17,4,AATTTTGCCCCTCGCAATCA,13,2293818
mcbAp5,3.4,20,4,AATAGTCAACCGTCAATGTC,16,2274466
mcbAp5,4.2,24,4,AAGCTGTTGTTGACCCGCCT,20,2301082
mcbAp5,4.6,26,4,AAGAAACATCTCTCTCCCAC,22,2309837
mcbAp5,5.4,30,4,AACTGGTCACCTATGTCGTA,26,2306992
mcbAp5,3.2,19,4,AAATATCTTTAACAGCGCAT,15,2261592
mcbAp5,0.4,5,4,AAAGTTTGCCTTGGATGAGT,1,2295265
mcbAp5,4.5,20,3,TTGGATATTTAGCCCACGCA,17,2304458
mcbAp5,4.75,21,3,TTGCCAACGAGAGTGCGCTG,18,2270301
mcbAp5,0.5,4,3,TTGCATATCTAGCGCTCGCA,1,2273830
mcbAp5,0.5,4,3,TTGAGCCTGAATAAGGTTTA,1,2262459
mcbAp5,5.5,24,3,TTGAGATCCACTTATCGGTC,21,2294167
mcbAp5,0.5,4,3,TTCTGGCAAGTAAGTAAGAA,1,2280091
mcbAp5,2.25,11,3,TTCTGACAGAGAACTACCTG,8,2303854
mcbAp5,0.5,4,3,TTCTCGGTCCACTGAAATCA,1,2276995
mcbAp5,0.5,4,3,TTCGTGGTCATGACGCTATA,1,2274453
mcbAp5,6.75,29,3,TTCCCTCTCATGCCGTACTA,26,2308129
mcbAp5,7.25,31,3,TTATTAACCAGGCTTAACGT,28,2304310
mcbAp5,0.5,4,3,TTATGTACGTGAAGACCCAT,1,2265994
mcbAp5,6.5,28,3,TTAGAGTAAAAAACGACGTG,25,2274124
mcbAp5,7.25,31,3,TTACTACGGTGACTGCCCAG,28,2284181
mcbAp5,5.0,22,3,TGTTGAGTTACCATAGGGCG,19,2279287
mcbAp5,0.5,4,3,TGTATTTAGAGATTTCACCG,1,2294737
mcbAp5,5.25,23,3,TGTAGCGTCCTCAGCTCCCT,20,2278103
mcbAp5,0.5,4,3,TGTACTTCTCATCCACAGAC,1,2312152
mcbAp5,1.75,9,3,TGTACGAGCACTTACACCTC,6,2305168
mcbAp5,0.5,4,3,TGGTGGGAGGATGGTCGAAA,1,2307320
mcbAp5,0.5,4,3,TGGTACAGAGTCGATACACA,1,2277787
mcbAp5,11.5,48,3,TGGGTATGATGAGCGGTACA,45,2273402
mcbAp5,3.75,17,3,TGGCGGAGATACCAGTGTAA,14,2262200
mcbAp5,4.25,19,3,TGGACGGCTCGTACCGAAGC,16,2296102
mcbAp5,4.75,21,3,TGCTTCCGCATTACCAGCTC,18,2311675
mcbAp5,4.25,19,3,TGCTCCTAGCGGCTTCCTAC,16,2304675
mcbAp5,3.0,14,3,TGAGAGAAGTTTGCGTCCCA,11,2307792
mcbAp5,2.0,10,3,TGAATAGGGCAATGCCACCT,7,2273352
mcbAp5,12.25,51,3,TCTACTCGCATTGCCCAACA,48,2304178
mcbAp5,0.75,5,3,TCTAAATTTACGGCCCAATA,2,2280535
mcbAp5,5.25,23,3,TCGCACAGGGTTTCGGGCAA,20,2292319
mcbAp5,5.0,22,3,TCCTCCGGTGCTTCTCCGGG,19,2279881
mcbAp5,0.5,4,3,TCCGCGGAGGATACCATGCC,1,2269367
mcbAp5,5.75,25,3,TCCCGGTGCAAAGGGCATTT,22,2272066
mcbAp5,7.0,30,3,TCCATATACGTCATTGAATA,27,2291679
mcbAp5,5.75,25,3,TAATAGGTACCGACTTTATG,22,2288014
mcbAp5,5.5,24,3,TAAACAGGCCTCCAGAACGA,21,2297612
mcbAp5,4.75,21,3,GTTGTGCTGGTAGCGAGAAT,18,2279839
mcbAp5,0.5,4,3,GTTGGGGATCCATCTTTTTG,1,2265265
mcbAp5,5.0,22,3,GTTCAAAGAATCGTGTGCTT,19,2267712
mcbAp5,6.75,29,3,GTCTGCATCGTAACATCCTG,26,2303217
mcbAp5,0.5,4,3,GTCCGACGCGTCGTTGGCGA,1,2289281
mcbAp5,8.25,35,3,GTCACCGGAATCATATTGAA,32,2263816
mcbAp5,0.5,4,3,GTAGGAGCGTAACATGCCAA,1,2310353
mcbAp5,6.25,27,3,GGTGGTACTAAAATTGCGAT,24,2297968
mcbAp5,4.25,19,3,GGTGGGGACGAACGAACAGC,16,2265627
mcbAp5,0.5,4,3,GGTGGGAAGACATTGTGCCT,1,2265294
mcbAp5,1.25,7,3,GGTCAAAGACAACCGAGTCC,4,2294637
mcbAp5,1.0,6,3,GGGTGAGCCGAGCGGGACAT,3,2271499
mcbAp5,5.75,25,3,GGGCGCCTGTCATTGCGCGT,22,2273864
mcbAp5,4.25,19,3,GGCGAACCCCGGGAAACAGC,16,2300027
mcbAp5,6.5,28,3,GGCAGTTTAGTCAAGGACCA,25,2288905
mcbAp5,0.5,4,3,GGATTTCCACAACTACCTCC,1,2312161
mcbAp5,4.75,21,3,GGATTCGCAGGTACAAACTT,18,2267003
mcbAp5,5.75,25,3,GGATGCGCGCAGCAGCTTAT,22,2313675
mcbAp5,6.0,26,3,GGAGGACCTCAAAGTCCTTA,23,2284360
mcbAp5,6.5,28,3,GCTGCTAAAGAAACTGGTTC,25,2311161
mcbAp5,6.75,29,3,GCGTGTTTCCAGGGCCGCGG,26,2276439
mcbAp5,4.5,20,3,GCGGTGTAGCACCTGGCTGG,17,2285514
mcbAp5,4.75,21,3,GCGCTTCGTAGGCAAAAGAT,18,2300784
mcbAp5,5.25,23,3,GCGACAATGTTGCGGTACGG,20,2277768
mcbAp5,0.5,4,3,GCCGTAGCTTAAGCGTAGCT,1,2302013
mcbAp5,5.75,25,3,GCATCTGTGGTTGACACGAT,22,2264409
mcbAp5,8.25,35,3,GCATCAAATCAAGCTCACTG,32,2271242
mcbAp5,0.5,4,3,GCAGGTCGGTGGTCATGCAT,1,2300080
mcbAp5,0.5,4,3,GCAGATGGAAGGCTACATAG,1,2281052
mcbAp5,11.0,46,3,GATTAGGTTGGGCGATTGGC,43,2315463
mcbAp5,5.75,25,3,GATAAGCTTAGATCTTGAAC,22,2311252
mcbAp5,5.75,25,3,GAGTGATGGTCCTGGGCGGT,22,2305920
mcbAp5,5.75,25,3,GAGACAACCGAGCCACGGAT,22,2273889
mcbAp5,7.0,30,3,GAGAAGCGCTACGCAGGTTT,27,2289075
mcbAp5,5.0,22,3,GACTAAACTCGGTCTGGAAG,19,2282196
mcbAp5,2.0,10,3,GACCCCGTAACTGGGACACG,7,2272896
mcbAp5,4.5,20,3,GACAGTCGGCTGCCTCAGAG,17,2265081
mcbAp5,5.25,23,3,GAATTCAAAGTGAATGATTC,20,2263041
mcbAp5,5.25,23,3,CTTTGCAAACTCTCAACCGT,20,2262186
mcbAp5,8.75,37,3,CTTTAAATCCACTAATTCTT,34,2315260
mcbAp5,2.0,10,3,CTTCTACCCAGGCCCGACAC,7,2269809
mcbAp5,5.5,24,3,CTCTTTTATTCTCAACGGGA,21,2263703
mcbAp5,1.5,8,3,CTCGCATTGGCATGACCCAA,5,2310357
mcbAp5,5.5,24,3,CTCCGAGAGCGAATCGCGGG,21,2262204
mcbAp5,0.5,4,3,CTCCACCACTAAACTTTCCA,1,2273897
mcbAp5,5.5,24,3,CTCATTCTGATATCTTGTCC,21,2300324
mcbAp5,1.5,8,3,CTAGCTAGGTCCTAGCTGGG,5,2264138
mcbAp5,4.5,20,3,CGTTACAAACGTATGACTAT,17,2263868
mcbAp5,0.5,4,3,CGTCCTTCATTCATTGTGCA,1,2283424
mcbAp5,5.75,25,3,CGTACGTGCTCGTCAATCAT,22,2269882
mcbAp5,5.25,23,3,CGTAATCGCCGCGTTAACTA,20,2279699
mcbAp5,5.25,23,3,CGGGAGACGTGCGCTGTCGC,20,2308014
mcbAp5,5.25,23,3,CGGAGTTATCATTATCATGA,20,2272030
mcbAp5,5.5,24,3,CGGAATTGTGCGGTTATAGT,21,2300441
mcbAp5,3.75,17,3,CGGAATTGCAGCCCATCCGT,14,2284454
mcbAp5,6.5,28,3,CGGAATGATCGGGCAACGAG,25,2308205
mcbAp5,4.0,18,3,CGCTCAGCTCCGGTCCTCGA,15,2300224
mcbAp5,0.5,4,3,CGCTATTTTGTTAGATGTTT,1,2266564
mcbAp5,9.0,38,3,CGCTACAACCGTCATAAAAG,35,2265401
mcbAp5,7.0,30,3,CGCGCTTGTCGCTCTACATG,27,2288216
mcbAp5,6.0,26,3,CGCCGGCTCGCCTCTCGGTG,23,2279924
mcbAp5,0.5,4,3,CGACTGCAAGAATAGACAAG,1,2264004
mcbAp5,0.5,4,3,CGAACCCAAAGCGCACGTCT,1,2270516
mcbAp5,6.0,26,3,CCTGGCCTTGAGAAGGATGG,23,2286779
mcbAp5,4.0,18,3,CCTGCAATGTTACTTCGAGC,15,2263325
mcbAp5,7.5,32,3,CCGTGTATAACACCATCCTC,29,2273544
mcbAp5,11.25,47,3,CCGTGCCTTAAAATCAACTT,44,2276617
mcbAp5,1.75,9,3,CCCGGCGTACGGGATTGGAT,6,2280842
mcbAp5,6.25,27,3,CCCGCGGAGAGTATGAAGAG,24,2313167
mcbAp5,3.5,16,3,CCCCTCAACTCCACCGGAAT,13,2273747
mcbAp5,6.5,28,3,CCCCCCAGAGCGTGACGCTC,25,2309832
mcbAp5,5.25,23,3,CCATAGGTGCCCCATCAGAG,20,2271314
mcbAp5,7.5,32,3,CCAGCTGACGTTTTTTGAAT,29,2274254
mcbAp5,3.5,16,3,CATGTGAGTTGCCTTTGTTC,13,2300585
mcbAp5,12.25,51,3,CATGCAGAAGGAAGCGAAGC,48,2306759
mcbAp5,5.0,22,3,CATCTTTGCTCCTGGCCTTA,19,2304884
mcbAp5,4.5,20,3,CATATATTGGCCCGCCTCCA,17,2271596
mcbAp5,6.75,29,3,CATAATGGCTTCTCCTCCCC,26,2273349
mcbAp5,0.5,4,3,CAGTATAGATGGCTCAGGCA,1,2307764
mcbAp5,1.5,8,3,CAGACGGTTAAGGGATCCAT,5,2275590
mcbAp5,6.25,27,3,CAGAACGCGAGTCCTGTCTC,24,2269877
mcbAp5,5.25,23,3,CACAACCTAAAAATCTTCGC,20,2261678
mcbAp5,5.25,23,3,CAATTGTACGGTCATATGCG,20,2280382
mcbAp5,29.0,118,3,CAATCGCCTAGTTGCTTTCT,115,2301977
mcbAp5,2.25,11,3,CAAGTGCGTGCTAAGAACAG,8,2275589
mcbAp5,0.5,4,3,ATTACAGTCACAGCGATTTG,1,2272146
mcbAp5,7.5,32,3,ATGGGTACTATGGGCTATAA,29,2309461
mcbAp5,5.25,23,3,ATCGAATGGGGAACAGCTGA,20,2299379
mcbAp5,5.0,22,3,ATCACGATCCAAGTGCGCAG,19,2288156
mcbAp5,0.5,4,3,ATATTTCGTGATTACGGTGC,1,2280034
mcbAp5,5.25,23,3,ATAGTCCGCTGGTCGTCTGT,20,2294037
mcbAp5,3.0,14,3,ATAGTATGCCCTGTCGAACT,11,2263483
mcbAp5,3.0,14,3,ATAACCGGCATTCTCGTACG,11,2304911
mcbAp5,5.25,23,3,AGTGCCCGCATTCAGGTGTG,20,2295151
mcbAp5,5.75,25,3,AGTCATGATACCGGACTGAG,22,2267993
mcbAp5,3.75,17,3,AGGGATGCGACATGACCTCC,14,2293929
mcbAp5,2.75,13,3,AGGAATAATGAGGGAGTGAG,10,2300796
mcbAp5,2.5,12,3,AGCTGACTATTGGACGTGCC,9,2261445
mcbAp5,5.75,25,3,AGCTAAATCGAACTTTAGGA,22,2312632
mcbAp5,3.25,15,3,AGATTGTCCCCATTCCTCCC,12,2294848
mcbAp5,9.5,40,3,AGAACTGTGGGTAAATATCC,37,2308292
mcbAp5,6.75,29,3,ACTCGGCAATAGCATTTCTC,26,2267361
mcbAp5,6.5,28,3,ACTCGACATGTCAGCTACTG,25,2298564
mcbAp5,10.0,42,3,ACTAGCGTATAGATCCAACT,39,2286801
mcbAp5,1.75,9,3,ACGGAACCCCGCCAGGGTCA,6,2299190
mcbAp5,5.0,22,3,ACCGTTTGGCTCGCCAGCCA,19,2291982
mcbAp5,6.75,29,3,ACCAAACATCCGAAGGCTGG,26,2310354
mcbAp5,6.75,29,3,ACAGTTATAATTTAGTCATA,26,2290228
mcbAp5,1.75,9,3,ACAGGTGAACCCATCTCCTT,6,2261222
mcbAp5,5.0,22,3,AATAAAGTATATATTACTCT,19,2311190
mcbAp5,4.25,19,3,AAGCCGCACACCGGTGGCTG,16,2285781
mcbAp5,4.5,20,3,AACTTTTATGTAAGTTCCAA,17,2283499
mcbAp5,5.25,23,3,AACATGCGATTAACTCAGAC,20,2266338
mcbAp5,2.75,13,3,AACAAGGTCTGGTAATCGGT,10,2272032
mcbAp5,4.0,18,3,AAATCTGTTGGTTTTCCTCC,15,2285109
mcbAp5,4.75,21,3,AAACTTAATGGTGGATGAAT,18,2267183
mcbAp5,8.25,35,3,AAACGGAAAGGGAGCCCACC,32,2264799
mcbAp5,6.666666666666667,21,2,TTTGTATGGTTGTACTTATA,19,2281141
mcbAp5,20.0,61,2,TTGGCGGGACCGAGATTCGT,59,2268519
mcbAp5,6.0,19,2,TTGCCTCGTTTCTTGCAGCG,17,2295183
mcbAp5,0.6666666666666666,3,2,TTATTAAGATATCGGAGTGT,1,2304485
mcbAp5,7.333333333333333,23,2,TTAGGGGATACATTGGACAA,21,2315814
mcbAp5,2.3333333333333335,8,2,TTAGGGAGGTGCGCTTATCC,6,2297979
mcbAp5,3.0,10,2,TTACCTTAACCCTTCTAATT,8,2315458
mcbAp5,4.333333333333333,14,2,TTACACAAAGTTTCACTTAT,12,2302270
mcbAp5,1.6666666666666667,6,2,TGTTATTCCCTGTCTCTCAC,4,2312714
mcbAp5,8.333333333333334,26,2,TGGGGCCTATGTAAACTAAG,24,2296742
mcbAp5,4.333333333333333,14,2,TGGGGATTCGAAATCGGTGG,12,2262095
mcbAp5,8.666666666666666,27,2,TGGCGGAGCTCTTAGATTTA,25,2284629
mcbAp5,2.3333333333333335,8,2,TGCTTGCCAGGATCCCGCGA,6,2302452
mcbAp5,3.6666666666666665,12,2,TGCTGTGAGTACTACGGCAT,10,2280865
mcbAp5,4.333333333333333,14,2,TGCTATCAGCCGAAGTTCCT,12,2304763
mcbAp5,7.333333333333333,23,2,TGAATTTTCGTCGTGACCAC,21,2274382
mcbAp5,8.333333333333334,26,2,TGAACGAAATGGGAATAAAT,24,2270294
mcbAp5,6.0,19,2,TCTCTTCGTACCTTCGTAAA,17,2279055
mcbAp5,9.0,28,2,TCTATTGGAGAACCGAGAGG,26,2270989
mcbAp5,0.6666666666666666,3,2,TCGTCCGCGGTAGGAATTCA,1,2285544
mcbAp5,8.0,25,2,TCGGTCGCTGAGTGGTCACT,23,2267904
mcbAp5,8.0,25,2,TCCTACATGAGCGAAGCGGC,23,2311678
mcbAp5,0.6666666666666666,3,2,TCCGATGAACGAATTGAAAA,1,2280149
mcbAp5,9.666666666666666,30,2,TCCATCGGATTGTCCGGGCC,28,2279130
mcbAp5,13.0,40,2,TCACGTCCTTGCTCCATCCA,38,2274623
mcbAp5,13.333333333333334,41,2,TATCTCGGTCTCTGCTTCCA,39,2286907
mcbAp5,8.666666666666666,27,2,TATAGTACTTAGTCTGGAAT,25,2264062
mcbAp5,6.0,19,2,TAGGAACAAGCGTACTATAA,17,2295049
mcbAp5,0.6666666666666666,3,2,TAAATGATTCGGGTCGATAG,1,2302438
mcbAp5,4.0,13,2,GTTTATAGAGCTGTGGCTCA,11,2306634
mcbAp5,8.666666666666666,27,2,GTTGTGATGCATGAGGTCAC,25,2281184
mcbAp5,8.666666666666666,27,2,GTGTGGCGCTTACCGCGCTT,25,2280517
mcbAp5,11.333333333333334,35,2,GTGGTTGCAACACGAATCTG,33,2298729
mcbAp5,4.666666666666667,15,2,GTGCTCTTTGCTTTGATTCT,13,2274077
mcbAp5,6.0,19,2,GTGACTCCCAGACATTAGAG,17,2275514
mcbAp5,8.0,25,2,GTCGGACGGTGGGGCTGACC,23,2308336
mcbAp5,7.333333333333333,23,2,GTCGCCGTCGAAAGTACTCA,21,2291902
mcbAp5,6.666666666666667,21,2,GTCCTAGCATCATGTCGCGC,19,2316254
mcbAp5,0.6666666666666666,3,2,GTCACGCTGAGTTCCAGTAA,1,2310805
mcbAp5,0.6666666666666666,3,2,GTATTAATCTACGTTTGGGT,1,2279092
mcbAp5,6.333333333333333,20,2,GTAGTTCCCCTGCAAGATGC,18,2283667
mcbAp5,6.0,19,2,GGTGTCGGTTGGGGCGCTCC,17,2270045
mcbAp5,7.666666666666667,24,2,GGTAGCCTGAGTGCCTCTTC,22,2293700
mcbAp5,4.333333333333333,14,2,GGGCCGCCATGTTGGTCTTC,12,2281196
mcbAp5,13.0,40,2,GGCGCTTCGTAATGCGAACA,38,2301629
mcbAp5,5.333333333333333,17,2,GGATATGGTTGGGGTAGCGT,15,2277193
mcbAp5,1.3333333333333333,5,2,GGACCGCAATTGTCGTCTGA,3,2313934
mcbAp5,12.666666666666666,39,2,GGAATGATTCAAAGGGAACT,37,2293558
mcbAp5,6.333333333333333,20,2,GGAACCGCGGGTTTTGCTAG,18,2267291
mcbAp5,5.666666666666667,18,2,GCTGTTAGAATCCGGGCTTC,16,2316298
mcbAp5,17.333333333333332,53,2,GCTGGCAGAAAAGCCTGTTA,51,2291630
mcbAp5,0.6666666666666666,3,2,GCTGCACTGTTGGACGCGGG,1,2290786
mcbAp5,6.333333333333333,20,2,GCTCCCTCCATTGACAACCA,18,2269474
mcbAp5,8.0,25,2,GCTAAGACACTGTTGACATA,23,2290583
mcbAp5,0.6666666666666666,3,2,GCGGCGAATGTTCGTATCTG,1,2296428
mcbAp5,3.6666666666666665,12,2,GCGCCTTTTATACCAGGCAA,10,2300591
mcbAp5,3.0,10,2,GCGATTGTACCCGGTCCAGG,8,2309532
mcbAp5,8.666666666666666,27,2,GCCCTTTACTGGGGCTTGGA,25,2292306
mcbAp5,2.6666666666666665,9,2,GCCCCGTAGTGACATAAGGA,7,2265188
mcbAp5,2.3333333333333335,8,2,GCCATTGGTGAGGGTTGATG,6,2268016
mcbAp5,7.333333333333333,23,2,GCATTACACGAAGTGTGCGT,21,2280433
mcbAp5,0.6666666666666666,3,2,GCACGATCTCAATTAAAGTA,1,2304573
mcbAp5,6.333333333333333,20,2,GCACACCAGACAGACTTCTT,18,2267706
mcbAp5,6.666666666666667,21,2,GCAAGGCGACGTTTGGGCGG,19,2283604
mcbAp5,7.333333333333333,23,2,GATGGAAGACACGGCATACG,21,2306127
mcbAp5,7.666666666666667,24,2,GATAGTGGAACAATAGTGCC,22,2287453
mcbAp5,5.666666666666667,18,2,GAGTTATGGTTGGTGTGCCT,16,2298962
mcbAp5,8.0,25,2,GAGCTAGATTTCTTGGACGC,23,2273781
mcbAp5,7.0,22,2,GACGATCGTCCGTTCCGCAT,20,2266015
mcbAp5,13.666666666666666,42,2,GACATGTGGTCATGTAGAGG,40,2300950
mcbAp5,3.3333333333333335,11,2,GAATTCCCAGGTTCCTCGGT,9,2291001
mcbAp5,8.333333333333334,26,2,GAATGGTCTTTGATACTGCT,24,2286000
mcbAp5,7.0,22,2,GAAGAATTACCATCCGATCT,20,2262560
mcbAp5,5.666666666666667,18,2,GAAATAGAAGTATTCGCTCC,16,2292813
mcbAp5,5.333333333333333,17,2,CTTACCTCCAGTGCGCGACT,15,2271384
mcbAp5,15.0,46,2,CTTACCGCGGGCGGTTTTCG,44,2268701
mcbAp5,7.333333333333333,23,2,CTGGTCTCATTTCCTACGCT,21,2287266
mcbAp5,10.666666666666666,33,2,CTGCTTTGACATCAACGACG,31,2315572
mcbAp5,2.3333333333333335,8,2,CTCCCTCCGGTCAATCTGTC,6,2295764
mcbAp5,19.0,58,2,CTCCACTCGAAGTTTTCGAC,56,2261906
mcbAp5,1.6666666666666667,6,2,CTCAGAGTAGGGGTTACGTC,4,2289807
mcbAp5,7.0,22,2,CTCAAACCTCCTGTGTAAAA,20,2268948
mcbAp5,8.666666666666666,27,2,CTATCTTGGAAGCATGGAGG,25,2285689
mcbAp5,1.0,4,2,CTATAATAGCGACAACTACT,2,2293313
mcbAp5,5.0,16,2,CTACACGAAACGCATCGTCA,14,2307659
mcbAp5,2.6666666666666665,9,2,CTAATGGAGACATCCTCCGG,7,2273275
mcbAp5,5.666666666666667,18,2,CGTACTACAAAGGTCGCAGG,16,2277297
mcbAp5,7.0,22,2,CGGTCTCCATTAAGCAGTCT,20,2303367
mcbAp5,0.6666666666666666,3,2,CGGGCATTTGTGGGAGATGA,1,2304683
mcbAp5,5.333333333333333,17,2,CGGATGGCCGGTGTTCGGTA,15,2289210
mcbAp5,0.6666666666666666,3,2,CGCTTATCCACTGGCCCAAA,1,2280244
mcbAp5,4.666666666666667,15,2,CGCTACAGAATAAGCGCCTT,13,2279830
mcbAp5,7.333333333333333,23,2,CGCAAAAAAGGGCTGTCATT,21,2293598
mcbAp5,0.6666666666666666,3,2,CGATCCTCTAGCGCCCGCTG,1,2312876
mcbAp5,7.0,22,2,CGAAACTGCTTTAATTCCGA,20,2283075
mcbAp5,8.333333333333334,26,2,CCTTGGTCGGACTTGAAATG,24,2264011
mcbAp5,9.333333333333334,29,2,CCTAGGGCCGCGGAGTTATA,27,2296491
mcbAp5,0.6666666666666666,3,2,CCGTCCAGGGTGGACTTACG,1,2276401
mcbAp5,7.0,22,2,CCGCGTTTGCAATTTCAAGA,20,2302120
mcbAp5,2.3333333333333335,8,2,CCCGGTCGGTTGAACGACCT,6,2299283
mcbAp5,0.6666666666666666,3,2,CCCACTTAAAGTACGATCTG,1,2293304
mcbAp5,8.666666666666666,27,2,CCAGCCCAGACGGGGTCAAT,25,2273156
mcbAp5,0.6666666666666666,3,2,CCAGCAGGTGGGTCTACGCC,1,2304984
mcbAp5,11.0,34,2,CCACGTAACCCGCGGGCTCA,32,2307139
mcbAp5,2.3333333333333335,8,2,CCAAAGCGAGATGAACCGGC,6,2298577
mcbAp5,5.666666666666667,18,2,CATGAATAGGAAGACCTGTG,16,2269544
mcbAp5,11.333333333333334,35,2,CATCGCACTGGATGCCTTGT,33,2303492
mcbAp5,10.0,31,2,CAGACCATCCTTGAGTTAAC,29,2303860
mcbAp5,0.6666666666666666,3,2,CACGGGAACTGAATCGATTG,1,2285996
mcbAp5,0.6666666666666666,3,2,CACCGTTTCCCCTTCGTACG,1,2301257
mcbAp5,0.6666666666666666,3,2,CACCGGGGTCCCGATTCCAC,1,2307584
mcbAp5,7.0,22,2,CACCGCCCGCAACTTAAGGT,20,2263043
mcbAp5,0.6666666666666666,3,2,CAAGAACAAACCCTCAAGAA,1,2290812
mcbAp5,7.0,22,2,CAACTGCCGGGGACCTCGGC,20,2309618
mcbAp5,0.6666666666666666,3,2,CAACATGCCAGAGCCCGTCA,1,2268486
mcbAp5,8.0,25,2,ATTTTTTGCTTCGGGTTTGG,23,2291880
mcbAp5,7.666666666666667,24,2,ATTTGTTGCGATTCCACAAC,22,2303181
mcbAp5,5.666666666666667,18,2,ATTATGGCGGAGACTGGCCC,16,2264378
mcbAp5,5.666666666666667,18,2,ATTAATTTGTGATGCATAAA,16,2266277
mcbAp5,0.6666666666666666,3,2,ATGTTTAAGAGCCGCTACAA,1,2310006
mcbAp5,8.333333333333334,26,2,ATGTCGTTACTATATATTCT,24,2277909
mcbAp5,8.333333333333334,26,2,ATGATATCCACTAAGGACAT,24,2295871
mcbAp5,0.6666666666666666,3,2,ATGAGGCTGAAACCAGTTGA,1,2281317
mcbAp5,8.666666666666666,27,2,ATGACTTTTATCCTCACACG,25,2283154
mcbAp5,14.333333333333334,44,2,ATCCAAGAAGATGGCTAAGA,42,2309984
mcbAp5,8.0,25,2,ATATCGGACCGCTCTAAATA,23,2263396
mcbAp5,1.0,4,2,AGTTCGCGCGTCTCCAACTT,2,2313947
mcbAp5,2.6666666666666665,9,2,AGGGTTTCTCGTGTGTTTCA,7,2294285
mcbAp5,4.333333333333333,14,2,AGGGTTCGGGTACCTTTTCA,12,2291758
mcbAp5,8.0,25,2,AGGGTGGCGCCCGAGGTATC,23,2306474
mcbAp5,3.6666666666666665,12,2,AGGCGTCTGGCATGGAGCCG,10,2307031
mcbAp5,12.333333333333334,38,2,AGGCGAGACGCAGAATCAAT,36,2272843
mcbAp5,4.333333333333333,14,2,AGGCCCTATACCGAACGTAT,12,2282780
mcbAp5,18.333333333333332,56,2,AGGCATATGGGACAAGTACA,54,2303424
mcbAp5,9.0,28,2,AGCTAAATTACGTGACTCCT,26,2314353
mcbAp5,0.6666666666666666,3,2,AGCGGGTCAAGATCAAGCTT,1,2270110
mcbAp5,5.0,16,2,AGCAGAGGAATAACCCATTA,14,2263064
mcbAp5,8.666666666666666,27,2,AGCAAAAGTATGACACACGT,25,2287524
mcbAp5,0.6666666666666666,3,2,AGACTATCAGAATAGGCCAA,1,2276982
mcbAp5,4.666666666666667,15,2,AGACCGATAGTAAACCTGAA,13,2308224
mcbAp5,0.6666666666666666,3,2,AGAAGACCGGCTTGATCGTA,1,2315476
mcbAp5,0.6666666666666666,3,2,ACTGTAGTTATACACACAGG,1,2274724
mcbAp5,0.6666666666666666,3,2,ACTAGCAAACGGTCATCGGC,1,2278549
mcbAp5,0.6666666666666666,3,2,ACGTCATCCCACTTTGACAC,1,2263748
mcbAp5,5.0,16,2,ACGCGAAGCCTGTTAGGGAT,14,2294195
mcbAp5,5.666666666666667,18,2,ACGAGACACGCAACTGGGGT,16,2289361
mcbAp5,3.0,10,2,ACCGGATACCACTAGCCCAT,8,2291570
mcbAp5,19.0,58,2,ACCCGGATTAGCGCCCGGCC,56,2304991
mcbAp5,8.0,25,2,ACCCATTTACAGACTGGCGA,23,2276346
mcbAp5,0.6666666666666666,3,2,ACAGATGGCAATGACTTGGT,1,2299206
mcbAp5,6.666666666666667,21,2,AATGGCGTGTAATCTTAGGT,19,2282859
mcbAp5,1.0,4,2,AATAGGCCTGCAGAATCGAG,2,2286600
mcbAp5,9.333333333333334,29,2,AACTTAGCGAGAGATCTATT,27,2293326
mcbAp5,5.666666666666667,18,2,AACCCGATGTCGATGAGCCA,16,2295524
mcbAp5,8.666666666666666,27,2,AACATGTTCAGTACTCTATA,25,2294280
mcbAp5,5.333333333333333,17,2,AAATCCGCCGGTTGTATCAA,15,2272962
mcbAp5,0.6666666666666666,3,2,AAAGGGCTGAATGCTGGAAG,1,2290199
mcbAp5,7.0,22,2,AAAGGCAATTCGACCCTCCC,20,2312171
mcbAp5,0.6666666666666666,3,2,AAAGACGTAAGCAGACGGGA,1,2300951
mcbAp5,2.3333333333333335,8,2,AAAAGGATGGACAGCACCGC,6,2277996
mcbAp5,6.5,13,1,TTTTTGAACACTGATCTCTT,12,2283316
mcbAp5,18.5,37,1,TTTTGAGCGGAGGAGCTAAG,36,2272888
mcbAp5,23.0,46,1,TTTATTGTTTGACCACGTCA,45,2315571
mcbAp5,13.5,27,1,TTGTCACAAATACGTGTAGC,26,2278154
mcbAp5,8.5,17,1,TTGGCCTAGTAACGTACATC,16,2287751
mcbAp5,9.5,19,1,TTGCTGGTTACTTGCGGAAG,18,2304625
mcbAp5,13.0,26,1,TTCTTTCCGCTCTTGTCAAT,25,2293673
mcbAp5,18.0,36,1,TTCAGAGTTTGGCTTTCCGG,35,2264146
mcbAp5,9.5,19,1,TTATGCTAACTAAATAATTT,18,2285734
mcbAp5,1.0,2,1,TTATATGGCATCGCGGCCCG,1,2268877
mcbAp5,1.0,2,1,TTACTGACGCAACGTAGAAT,1,2266945
mcbAp5,5.0,10,1,TTAAAGACTGTGCATAGCCT,9,2287174
mcbAp5,8.5,17,1,TGTTATTATCCTTCGCGCAA,16,2297622
mcbAp5,4.0,8,1,TGTCTACATTTGACTCCATA,7,2299284
mcbAp5,11.5,23,1,TGCGGCTTTCCGAAGTGACA,22,2297574
mcbAp5,11.5,23,1,TGCCTCCTTTCTGAGTTACT,22,2296880
mcbAp5,13.5,27,1,TGAGTGCATTGCGAAATGCT,26,2278886
mcbAp5,10.5,21,1,TGAGTATGCACATGTAAACA,20,2280882
mcbAp5,1.0,2,1,TCTTGTTTGATCGAAGGGGC,1,2293984
mcbAp5,7.5,15,1,TCTTCTACATCCTCCCTCAG,14,2290390
mcbAp5,4.0,8,1,TCTGCAGAACCATATACGGG,7,2264863
mcbAp5,12.5,25,1,TCCGACACGTTTTCGCTTGG,24,2314116
mcbAp5,11.5,23,1,TCCAGTTCCGGCCTATTATC,22,2292023
mcbAp5,11.5,23,1,TCCAATGGGGGGATCTAGGG,22,2301867
mcbAp5,11.0,22,1,TCAAGCGAACAGGACGGCCA,21,2315375
mcbAp5,1.0,2,1,TAGCACATGGCTTTAACCCT,1,2305670
mcbAp5,7.5,15,1,TACTAAGTCCAACCCCTGGA,14,2306569
mcbAp5,3.5,7,1,TACCTAAGTGCTGTATTTTG,6,2312597
mcbAp5,1.0,2,1,TAACCCTTTGTTCGCATGGG,1,2305945
mcbAp5,5.5,11,1,GTTGCTTGCACGGCGGCCCC,10,2280550
mcbAp5,1.0,2,1,GTCTTTGAAATGTCACGCTC,1,2270242
mcbAp5,8.0,16,1,GTCTCTCAGCTCACTGTTCT,15,2304875
mcbAp5,13.5,27,1,GTCCGATCGAAAATCCAAAG,26,2261282
mcbAp5,9.0,18,1,GTAGTCGAGATGCATTAAGG,17,2282202
mcbAp5,15.0,30,1,GGTGGGTACGGGCGCGTACT,29,2298234
mcbAp5,1.0,2,1,GGTGGCGACTTCCGCGCATA,1,2293324
mcbAp5,12.0,24,1,GGTGATTGTTAGAGTCCCCT,23,2300573
mcbAp5,1.0,2,1,GGTATACCCAACGTTGCCCT,1,2268124
mcbAp5,7.0,14,1,GGGGAGGATGCGGCAACGAT,13,2292574
mcbAp5,15.5,31,1,GGGCCTTTCAATTGTGATCT,30,2282257
mcbAp5,1.0,2,1,GGCTTCACTCCATATTACCT,1,2288854
mcbAp5,7.0,14,1,GGCGAGACAAAAGGATGACA,13,2262061
mcbAp5,1.0,2,1,GGATAAGTCGCGACTATAGT,1,2294529
mcbAp5,8.0,16,1,GGACCGGGCCGACACTAAGT,15,2309617
mcbAp5,28.5,57,1,GCGAGGTTAATAGGGTCTGA,56,2304992
mcbAp5,1.0,2,1,GCATTACCTTACTCTCCAGG,1,2316064
mcbAp5,12.0,24,1,GCACAGTTCCTACTTGTATT,23,2264537
mcbAp5,5.0,10,1,GATTAGATGTCTCATAGTTT,9,2305873
mcbAp5,11.0,22,1,GAGAAGTTAAATCTAGGCCT,21,2313978
mcbAp5,23.5,47,1,GACTCTCCGAGTGCCTCCAG,46,2292662
mcbAp5,2.0,4,1,GAATAAGCCGCGATCCGGCG,3,2299811
mcbAp5,12.0,24,1,GAAGACATGATACTAATCGA,23,2309887
mcbAp5,10.5,21,1,CTTTATGCTCATATGGTTCA,20,2289460
mcbAp5,9.5,19,1,CTTCTTGCTTTTTGCCTTTC,18,2291105
mcbAp5,8.0,16,1,CTTCCTAGAGCCAGCACCAA,15,2295947
mcbAp5,1.0,2,1,CTTAGTAGGATTGGGTGGGA,1,2307872
mcbAp5,7.5,15,1,CTGATCTCCTGTAAACCACT,14,2292265
mcbAp5,15.5,31,1,CTCCTTGGCAGCTTAAACAC,30,2289059
mcbAp5,1.0,2,1,CTCCTGGTGAACTTTGGTCT,1,2278099
mcbAp5,15.0,30,1,CTATTTACTACAGGCCGAAG,29,2308120
mcbAp5,11.5,23,1,CTATTGCCCACAGCATCGTA,22,2261819
mcbAp5,5.5,11,1,CTATCCCGGGGGGTAGGGGG,10,2274119
mcbAp5,10.5,21,1,CGTTGCTGCGAGTGGCCGTG,20,2266278
mcbAp5,11.0,22,1,CGTCTACACTCTAAGGTCAG,21,2261255
mcbAp5,10.5,21,1,CGTCGAAGGATTCGGTTGGT,20,2289186
mcbAp5,1.0,2,1,CGTCACCACGAGTCCCAGAA,1,2269967
mcbAp5,10.5,21,1,CGGTCAGGCTCTGGAACTAC,20,2286378
mcbAp5,10.5,21,1,CGGGTTTTACTCCCCATTTG,20,2266666
mcbAp5,1.0,2,1,CGGGGCGAGTACTACCTCTA,1,2276334
mcbAp5,8.5,17,1,CGGCATGCGCCGTTATCGGA,16,2263818
mcbAp5,11.0,22,1,CGGAAGGTCTTCGCCGAGGG,21,2274489
mcbAp5,10.5,21,1,CGCGGTACAACCCGTGCAGG,20,2292916
mcbAp5,10.0,20,1,CGCCGCGGTAGGCATAAGCG,19,2268237
mcbAp5,12.0,24,1,CGCAACCCTACGGCATGACT,23,2268660
mcbAp5,9.5,19,1,CGATGCAGGGGTTCTGGTCG,18,2270827
mcbAp5,12.5,25,1,CGAGTACCGACTGGTTGATC,24,2304483
mcbAp5,1.0,2,1,CGAGCCAACAAACCATTGGG,1,2299648
mcbAp5,11.5,23,1,CCTTCAAGCGGTACAGCTTC,22,2296654
mcbAp5,3.5,7,1,CCTCTCCGCTTCTATGATTT,6,2292161
mcbAp5,10.5,21,1,CCGTGATCGTCAGAACGATT,20,2271111
mcbAp5,3.5,7,1,CCGGCGGCAAAAGTAGTAAC,6,2264612
mcbAp5,25.5,51,1,CCGCACTATATTCACGAAAA,50,2305542
mcbAp5,5.0,10,1,CCGAGCTTAAGCATACCGTA,9,2269539
mcbAp5,9.5,19,1,CCGAAGCAAGTGATATCTCG,18,2301966
mcbAp5,1.0,2,1,CCCACATGAGCGACACCGGC,1,2264995
mcbAp5,4.0,8,1,CCAGTAGCGTAGTGACCGTA,7,2310468
mcbAp5,14.0,28,1,CCAGGGGGACGTACGATTGC,27,2267875
mcbAp5,1.0,2,1,CCACTGCTGCTTTGTGAAAA,1,2276512
mcbAp5,6.0,12,1,CCAATGGTTAGAATGTACCT,11,2263063
mcbAp5,3.0,6,1,CACGCACAGGGGCGCTTCGT,5,2304153
mcbAp5,10.0,20,1,CACCACGTGTGGCAGCTTAA,19,2282487
mcbAp5,10.5,21,1,ATTTGTAGTCCCGCCCAGCA,20,2281796
mcbAp5,7.5,15,1,ATTCTAGTGCGGTAACCTCA,14,2265090
mcbAp5,11.5,23,1,ATTATATAATTCTTCCCGCT,22,2292409
mcbAp5,4.0,8,1,ATTATAAAATAACGTAGTTA,7,2306241
mcbAp5,6.5,13,1,ATGCCGTTTTTGGGGACGGT,12,2263035
mcbAp5,9.0,18,1,ATGACGTATATAACGTACAG,17,2264271
mcbAp5,12.0,24,1,ATGACAATTTGGAACCGGGG,23,2313868
mcbAp5,10.5,21,1,ATCGAACATGGATCTGGGGG,20,2298392
mcbAp5,1.0,2,1,ATATAGCCAAGAGAAATGTG,1,2301255
mcbAp5,6.5,13,1,ATAGCAAGAATGGACAACCT,12,2267652
mcbAp5,7.0,14,1,ATAAGGTCATCGCATAGGTT,13,2286001
mcbAp5,23.0,46,1,AGTAGGCGGACTCTATGAAG,45,2269399
mcbAp5,8.5,17,1,AGCTAAAGCAACCGATTACT,16,2266322
mcbAp5,8.5,17,1,AGAGGTTCACGGGCTGTCAT,16,2307415
mcbAp5,1.0,2,1,ACTGCGTGCATCGATTCCAC,1,2277042
mcbAp5,1.0,2,1,ACTAAACTGTAGGTCAATTG,1,2310674
mcbAp5,5.5,11,1,ACGGAGGCGGGAGATAGGTG,10,2287431
mcbAp5,9.5,19,1,ACGCGTGAATCCTAAATAGT,18,2310538
mcbAp5,6.5,13,1,ACCGCGCGAACCGGTTTCAA,12,2281390
mcbAp5,12.5,25,1,ACCCGTTGACGGCTGACTGA,24,2288831
mcbAp5,6.5,13,1,ACATTGCTGAAACGGCAAAC,12,2275120
mcbAp5,9.5,19,1,ACATGATCGGTACCCGGTGA,18,2267371
mcbAp5,8.0,16,1,ACAAGCAGTGATCGAAGGGT,15,2283646
mcbAp5,1.0,2,1,ACAAAGGGTCAAGTTTCTTC,1,2289917
mcbAp5,15.5,31,1,AATTGACTGACGGGCCGTTT,30,2274036
mcbAp5,32.0,64,1,AATTCCACTGGGGCTGTTAC,63,2306471
mcbAp5,1.0,2,1,AATGTTTCATTAGTAATGCC,1,2307721
mcbAp5,8.5,17,1,AATGGAACTTACCGTTCGTG,16,2308830
mcbAp5,1.0,2,1,AATCATGGTAACTGCCCAAT,1,2307098
mcbAp5,8.0,16,1,AAGTACCCCTAATTTTTATT,15,2265226
mcbAp5,12.0,24,1,AAGATTTAGGCACCGCGCAT,23,2308119
mcbAp5,12.5,25,1,AAGATGAATTATACCGTCCT,24,2312556
mcbAp5,11.0,22,1,AACTAAGGCGATCGTGGATA,21,2283432
mcbAp5,1.0,2,1,AACCCTTGGTGAGCCCGACC,1,2311075
mcbAp5,0.011627906976744186,85,85,TAAGGTTATAAGGGCTGGCT,0,2266853
mcbAp5,0.012987012987012988,76,76,GATGGCTCCCATGATCACTT,0,2265790
mcbAp5,0.013513513513513514,73,73,GCCAACAGCAGGAAATAGGT,0,2289074
mcbAp5,0.0136986301369863,72,72,GGATTCTCGTCAACGCCGTA,0,2264038
mcbAp5,0.014285714285714285,69,69,CCCAGCCTTCGCGTATCTAT,0,2264776
mcbAp5,0.017241379310344827,57,57,AAGGTTAAACGGCACCGCAG,0,2279423
mcbAp5,0.01818181818181818,54,54,TTGTACTCGAAGCTTACATA,0,2262902
mcbAp5,0.018518518518518517,53,53,TCACCGCATCAAGTGTGTGA,0,2262053
mcbAp5,0.018518518518518517,53,53,CATCATCCTGGAACATCAAT,0,2268195
mcbAp5,0.018518518518518517,53,53,CACGTCGCCCGGCTTAAGTA,0,2313865
mcbAp5,0.0196078431372549,50,50,CGTACCCGAACAGTCGTGAT,0,2275111
mcbAp5,0.020833333333333332,47,47,GTAGGGAGTTTGCCGGTGCA,0,2262291
mcbAp5,0.020833333333333332,47,47,CGGACAGTGGTTCGCTAATA,0,2315210
mcbAp5,0.020833333333333332,47,47,ATTTTTGATCAACGTGAAGA,0,2264128
mcbAp5,0.02127659574468085,46,46,TAAATACAGCATCACGCCTA,0,2299320
mcbAp5,0.02127659574468085,46,46,CTTACCGTCTCATATCCCGG,0,2311553
mcbAp5,0.021739130434782608,45,45,CGATCTCTAAAGGGCTTAAA,0,2267553
mcbAp5,0.021739130434782608,45,45,CAGCATTGGGGTAACGGAAC,0,2279112
mcbAp5,0.022222222222222223,44,44,TTGGTATACAGTCAGTAGCT,0,2290813
mcbAp5,0.022222222222222223,44,44,GGATGACACTTCCCCCGAGT,0,2287020
mcbAp5,0.022222222222222223,44,44,CGTAACGGCCACCATTTCTG,0,2279956
mcbAp5,0.022727272727272728,43,43,CTTGAGGTTGTACTGTGTGC,0,2263912
mcbAp5,0.022727272727272728,43,43,CTGAGGACACCACATGAAGA,0,2261126
mcbAp5,0.023255813953488372,42,42,TGGAAATTCCTTCGACGCCC,0,2300427
mcbAp5,0.023255813953488372,42,42,TCATCCGGGTACCACGGGGT,0,2262193
mcbAp5,0.023255813953488372,42,42,CATCGAGCGGTGCGAGGAGG,0,2262366
mcbAp5,0.023255813953488372,42,42,AGACGTGACCTGCTCAGTCA,0,2268822
mcbAp5,0.024390243902439025,40,40,TATAAACGAGCTCGCCTCGT,0,2271973
mcbAp5,0.024390243902439025,40,40,GTCTCATCAGCAACTATGAT,0,2291336
mcbAp5,0.024390243902439025,40,40,GTAAACGTACAGGAATTTCA,0,2277565
mcbAp5,0.024390243902439025,40,40,CCCCTGGAAGTGGGTGTTAA,0,2287849
mcbAp5,0.024390243902439025,40,40,ACTGGGGCAGACTAGAATAG,0,2271903
mcbAp5,0.024390243902439025,40,40,AATGTCGCGTGGGATCCAAA,0,2298736
mcbAp5,0.025,39,39,GTATCTGCGCAACCATCCCT,0,2269465
mcbAp5,0.025,39,39,GGCTCTGGTATTAGACCGCA,0,2274938
mcbAp5,0.025,39,39,ATAGTCACATGTAAAGCCAA,0,2269969
mcbAp5,0.025,39,39,ACGCGGGCTAGTCGTGACTG,0,2276823
mcbAp5,0.02564102564102564,38,38,TGGGACAAGCCATCCGATAT,0,2277196
mcbAp5,0.02564102564102564,38,38,GGCAAATGGGGATCAGGTGT,0,2265668
mcbAp5,0.02564102564102564,38,38,GCATAGTATTGCCCAGGGTC,0,2272468
mcbAp5,0.02564102564102564,38,38,CTGTCGTCGACAGGCCACTT,0,2267434
mcbAp5,0.02564102564102564,38,38,CCGGATATACTGCTAAACAG,0,2300865
mcbAp5,0.02564102564102564,38,38,ATACAGTCTTAAGGTAGGCG,0,2262503
mcbAp5,0.02564102564102564,38,38,AGTTTTGTCGGATTCCTATG,0,2263615
mcbAp5,0.02631578947368421,37,37,TCTAACGTACACGCGTGGAA,0,2263858
mcbAp5,0.02631578947368421,37,37,GAGGCATGGTTTGGTCTTGC,0,2261113
mcbAp5,0.02631578947368421,37,37,CCGAATCTGGCGGCGTAGGT,0,2301461
mcbAp5,0.02631578947368421,37,37,CACGCGGGGCCGCCCAACGC,0,2300617
mcbAp5,0.02702702702702703,36,36,GGTGGCTCTTCACGCACAGA,0,2285090
mcbAp5,0.02702702702702703,36,36,CGTTCGGAGATACTTAACAT,0,2274158
mcbAp5,0.02702702702702703,36,36,ATTGTAAGCTTGCGATTCTC,0,2267051
mcbAp5,0.02702702702702703,36,36,ACAATTATGTCCCACTGTTG,0,2306645
mcbAp5,0.027777777777777776,35,35,TTTGGCATCATCCCACCACA,0,2293508
mcbAp5,0.027777777777777776,35,35,TTATGGGATTAGGATTTGTA,0,2266754
mcbAp5,0.027777777777777776,35,35,TACACTCCGCGGTAGCCAGG,0,2305843
mcbAp5,0.027777777777777776,35,35,GTTTTTAGAGGTGCCTTATG,0,2269013
mcbAp5,0.027777777777777776,35,35,CGTCATGTCATGGGGAGTCA,0,2292259
mcbAp5,0.027777777777777776,35,35,CAATCGTTGGCTGTTGTCCC,0,2282939
mcbAp5,0.027777777777777776,35,35,ATTCCCAATAGGGTAGAACT,0,2290025
mcbAp5,0.027777777777777776,35,35,ATGGCCTTGGCGCGTTTGTG,0,2272550
mcbAp5,0.02857142857142857,34,34,TGTTTGTTAATTGATATGCA,0,2264563
mcbAp5,0.02857142857142857,34,34,TAACAGTTGTCAAAATTAGA,0,2267700
mcbAp5,0.02857142857142857,34,34,CTGTAGCGGGACCTAAGGCA,0,2262218
mcbAp5,0.02857142857142857,34,34,CGATTTTCCTCTTCGCACGT,0,2276778
mcbAp5,0.02857142857142857,34,34,CAATGAGGGCGTATGAGCGG,0,2270275
mcbAp5,0.02857142857142857,34,34,AAGGCCAGTACCTACCCTAG,0,2272413
mcbAp5,0.029411764705882353,33,33,TACTTGAGGTTGGTCAGTAT,0,2278092
mcbAp5,0.029411764705882353,33,33,GTTAATCACGATTAGAAGGT,0,2286989
mcbAp5,0.029411764705882353,33,33,GTAATCCGCCGGGTGCAGAA,0,2298890
mcbAp5,0.029411764705882353,33,33,GGAGTAGCAGGCGCGTGGCG,0,2298623
mcbAp5,0.029411764705882353,33,33,GCAAGGTGGGGTTGCCGTAG,0,2309346
mcbAp5,0.029411764705882353,33,33,GACATTATTACATTTTTTAT,0,2298503
mcbAp5,0.029411764705882353,33,33,CTTGTCATACCGCTTATAGT,0,2302233
mcbAp5,0.029411764705882353,33,33,CTCATTTCAAGTTACCTCAA,0,2298222
mcbAp5,0.029411764705882353,33,33,CTACTTGATTTTTTTGGCAT,0,2311034
mcbAp5,0.029411764705882353,33,33,CCCTTCAGCCGCGTAAGATC,0,2264218
mcbAp5,0.029411764705882353,33,33,ATTGGCCCCATGGGTGTGAC,0,2281698
mcbAp5,0.029411764705882353,33,33,ATGGTCTTATAGGGGAACAC,0,2277582
mcbAp5,0.029411764705882353,33,33,AGAAGCTACGGGAGTTCAAA,0,2289683
mcbAp5,0.029411764705882353,33,33,ACGCTCTGCTCATGCTCGGG,0,2262981
mcbAp5,0.029411764705882353,33,33,AAGGCCTTTTGGGTAATTGC,0,2261317
mcbAp5,0.029411764705882353,33,33,AAAGACACAGGGCGAATACA,0,2312979
mcbAp5,0.030303030303030304,32,32,TATACATTATGCGTGTTTCG,0,2273396
mcbAp5,0.030303030303030304,32,32,TAAACATTTCCCCGGTTTTG,0,2284852
mcbAp5,0.030303030303030304,32,32,GGTGGGGACCATCGTCTCTC,0,2295231
mcbAp5,0.030303030303030304,32,32,GGTAACTCGGAGCTAAGGAT,0,2304562
mcbAp5,0.030303030303030304,32,32,GGGCCAGAAATTTGTAGGGT,0,2283992
mcbAp5,0.030303030303030304,32,32,GGAGGCAACCCCATGATGCT,0,2263867
mcbAp5,0.030303030303030304,32,32,CTGTTCAGTAGGACGATTTG,0,2272738
mcbAp5,0.030303030303030304,32,32,CTAGGGTTCTCAGCCTATTT,0,2288953
mcbAp5,0.030303030303030304,32,32,CTAGCTATACCGCACGGGAA,0,2263680
mcbAp5,0.030303030303030304,32,32,CCGCTGTAGCAATCGTCTAC,0,2268539
mcbAp5,0.030303030303030304,32,32,CCGACTTACAGAGAAATCAC,0,2277865
mcbAp5,0.030303030303030304,32,32,AGGTCTACCCTTGGCCGAAT,0,2263317
mcbAp5,0.030303030303030304,32,32,ACTGTCTCTTCCACCAGTTC,0,2301346
mcbAp5,0.030303030303030304,32,32,ACGTGTAATTGCCAGTGCTG,0,2316023
mcbAp5,0.030303030303030304,32,32,ACGGTCAGTGTCCCTAACTT,0,2306516
mcbAp5,0.03125,31,31,TCGCCACTCTGGCTCGCCCC,0,2283084
mcbAp5,0.03125,31,31,TACACGGGTACAGCCGATGT,0,2281412
mcbAp5,0.03125,31,31,TAACCCGGAAGCGCTTACAA,0,2270873
mcbAp5,0.03125,31,31,GGGGCCGAGATCAGAACGCT,0,2295362
mcbAp5,0.03125,31,31,GGAACGGCCTGGAATAACAT,0,2268789
mcbAp5,0.03125,31,31,GCGACCGGCCTATTAGCGAA,0,2283542
mcbAp5,0.03125,31,31,CGATAACTTAGGCCGACGCA,0,2265616
mcbAp5,0.03125,31,31,CCTCTTCCCTCAAGCGCGAT,0,2279304
mcbAp5,0.03125,31,31,CATTTCGTAGAGGGACGAAG,0,2299640
mcbAp5,0.03125,31,31,CAGTCCCGTGTAGAAGACGA,0,2262440
mcbAp5,0.03225806451612903,30,30,TCTAACGGGATATATGGCTG,0,2264886
mcbAp5,0.03225806451612903,30,30,TCGGTGGCCAACCTTGTGAA,0,2286512
mcbAp5,0.03225806451612903,30,30,TCCTTCCCAGTAAGTCCCTT,0,2273998
mcbAp5,0.03225806451612903,30,30,TCATTCTGCGCTGATTCCCA,0,2281883
mcbAp5,0.03225806451612903,30,30,TAATGGACTCCCGCTCTACA,0,2285557
mcbAp5,0.03225806451612903,30,30,GTTTGATTACTCGGCACGCC,0,2291565
mcbAp5,0.03225806451612903,30,30,GGCCTCCATGTTTACAGACT,0,2288004
mcbAp5,0.03225806451612903,30,30,GAGAACCTGTCCAAAAAATC,0,2264872
mcbAp5,0.03225806451612903,30,30,CGTACTCCGCCGGGTGCGTA,0,2281634
mcbAp5,0.03225806451612903,30,30,CCGCGCTATACAGACTTGAC,0,2291482
mcbAp5,0.03225806451612903,30,30,CAGCGGCTGACGGCCTTAGT,0,2273988
mcbAp5,0.03225806451612903,30,30,ATCGTCCTGAAGTTGAGCAA,0,2271005
mcbAp5,0.03225806451612903,30,30,ATATTCAGAATCGTATCTCA,0,2262092
mcbAp5,0.03225806451612903,30,30,ACTTGAGGAGACATCCCGGA,0,2284850
mcbAp5,0.03225806451612903,30,30,ACGACCACAACCATTGCCAT,0,2269573
mcbAp5,0.03225806451612903,30,30,ACATCGCTTACCCACTTCGG,0,2264373
mcbAp5,0.03225806451612903,30,30,AAAACTCCGAGGTTAGTCTT,0,2292486
mcbAp5,0.03333333333333333,29,29,TTTACTCGGACAGAACGTAT,0,2265981
mcbAp5,0.03333333333333333,29,29,TGCCGGGTTTGCCCGAGGCT,0,2287064
mcbAp5,0.03333333333333333,29,29,TGCAGACGGCAAGGAAGGTT,0,2265669
mcbAp5,0.03333333333333333,29,29,TCTCGTGCCTCTACGCGAGT,0,2291460
mcbAp5,0.03333333333333333,29,29,TAGGTGTACAAATGTGGTTT,0,2315129
mcbAp5,0.03333333333333333,29,29,TACAGGTACCGTTGGTGAAA,0,2275924
mcbAp5,0.03333333333333333,29,29,GCACTAGCAAAATTACGATA,0,2286744
mcbAp5,0.03333333333333333,29,29,GATGCCAGATTTCTTTGCCT,0,2264707
mcbAp5,0.03333333333333333,29,29,GATAATGTGGGCTGAATTTG,0,2290495
mcbAp5,0.03333333333333333,29,29,CGCGCGATCTTTTGAACTAT,0,2274593
mcbAp5,0.03333333333333333,29,29,CGAGGATAGTCCCATCAACG,0,2267888
mcbAp5,0.03333333333333333,29,29,CCGGGTAACCCCCATGGGGA,0,2301791
mcbAp5,0.03333333333333333,29,29,AGGGTGTGCCTGTACAATAT,0,2261219
mcbAp5,0.03333333333333333,29,29,AGAATCTTCCGTCAGTTATT,0,2285757
mcbAp5,0.03333333333333333,29,29,AAGGGGTCCTGGGTTCAATT,0,2277748
mcbAp5,0.03333333333333333,29,29,AACGCCACTATTGTTTTTCT,0,2286312
mcbAp5,0.034482758620689655,28,28,TTTCCTAGTTGCTCACATTA,0,2287095
mcbAp5,0.034482758620689655,28,28,TTCAGCAACTACCAGCACCA,0,2295734
mcbAp5,0.034482758620689655,28,28,TGTGAAGGTCATCAGACCGG,0,2291385
mcbAp5,0.034482758620689655,28,28,TGGGCCATTTCGGTGACGGA,0,2292032
mcbAp5,0.034482758620689655,28,28,TGGCATTGTTCACACCACAT,0,2268788
mcbAp5,0.034482758620689655,28,28,TCGAAACCAGCCTCTCGTGA,0,2299008
mcbAp5,0.034482758620689655,28,28,TCATTTGCCTACCAGGTAGA,0,2264672
mcbAp5,0.034482758620689655,28,28,TATTCCATCTTGAGTATTTT,0,2263645
mcbAp5,0.034482758620689655,28,28,GTCTTTATGCCGACGGGACA,0,2268698
mcbAp5,0.034482758620689655,28,28,GTAACCAGGGATTCTGGAGT,0,2295341
mcbAp5,0.034482758620689655,28,28,GGTTCGCAGGATGCTACATT,0,2263828
mcbAp5,0.034482758620689655,28,28,GGTTCACCCAGTAAGATCTA,0,2297487
mcbAp5,0.034482758620689655,28,28,GGAAAGGTCGGCGGGCTTCG,0,2261392
mcbAp5,0.034482758620689655,28,28,CTGCGTGGAACTCACATCTT,0,2294445
mcbAp5,0.034482758620689655,28,28,CTCTTCTTTGTTGATAATTG,0,2272889
mcbAp5,0.034482758620689655,28,28,CGGCTCTCACCCAAATGGGA,0,2270826
mcbAp5,0.034482758620689655,28,28,CGCACCTTGGTAAGGCTGAT,0,2290275
mcbAp5,0.034482758620689655,28,28,CCTAAAGGCCGCGTCATGAA,0,2267037
mcbAp5,0.034482758620689655,28,28,CCCCGGTGATTGACAATCGG,0,2285376
mcbAp5,0.034482758620689655,28,28,CCAAATTGTGGGGCAATCGT,0,2279767
mcbAp5,0.034482758620689655,28,28,ATGTTGCGGTTCCGGCAGTT,0,2290066
mcbAp5,0.034482758620689655,28,28,ATCAGGTACTGCTTAGTAGG,0,2262725
mcbAp5,0.034482758620689655,28,28,AGGTGAGAACTTTTGTCATA,0,2275019
mcbAp5,0.034482758620689655,28,28,AGGCTCCAGGAACGTCAGAG,0,2291339
mcbAp5,0.034482758620689655,28,28,ACGAGCACTGTTGTGGACGA,0,2297305
mcbAp5,0.034482758620689655,28,28,ACCATGGGTTAGACCCCGGA,0,2307628
mcbAp5,0.034482758620689655,28,28,ACCAGAGGTTGACAACCTGT,0,2294865
mcbAp5,0.034482758620689655,28,28,AATAAGGAAGCTTACGTCAG,0,2298751
mcbAp5,0.03571428571428571,27,27,TTTCGTTCTGCGGTCTATGG,0,2293209
mcbAp5,0.03571428571428571,27,27,TGTACAATGTCCTGTGCCTG,0,2314400
mcbAp5,0.03571428571428571,27,27,TGATAGATCCTGCTAAACGT,0,2269468
mcbAp5,0.03571428571428571,27,27,TATAACATTAAGCGGCAGGT,0,2299406
mcbAp5,0.03571428571428571,27,27,TACCGGACTCCACAGCATTA,0,2283259
mcbAp5,0.03571428571428571,27,27,GTAGAGGGCTGATGTCTATA,0,2290114
mcbAp5,0.03571428571428571,27,27,GGTTGACCTTTCTGAACGAA,0,2280375
mcbAp5,0.03571428571428571,27,27,GGCGTCCGGCTGTAAAATAT,0,2296151
mcbAp5,0.03571428571428571,27,27,GGATATCCTCGCGTGCATAA,0,2305581
mcbAp5,0.03571428571428571,27,27,GCTTCGGTCCCTACGTGTTC,0,2271539
mcbAp5,0.03571428571428571,27,27,GCGTTCTAGTTTGGATGAAC,0,2278207
mcbAp5,0.03571428571428571,27,27,GCGGTACTGAAACCGAACCA,0,2273946
mcbAp5,0.03571428571428571,27,27,GCGATACGTGTTCTAGCACA,0,2304505
mcbAp5,0.03571428571428571,27,27,GCCTCACTTGGCCGCTGATG,0,2263144
mcbAp5,0.03571428571428571,27,27,GCCTAGACATCAGCGCTGCT,0,2299852
mcbAp5,0.03571428571428571,27,27,GAGAGCAGGCTACGATTAGT,0,2297909
mcbAp5,0.03571428571428571,27,27,GACCGGAGTCGGTTTGTGAG,0,2267887
mcbAp5,0.03571428571428571,27,27,CTTGCGTAAGCATCTGTTTT,0,2273147
mcbAp5,0.03571428571428571,27,27,CTAGAACGGGTCCACTCGGT,0,2271739
mcbAp5,0.03571428571428571,27,27,CGGTAGTTCGTTCGGGGAAC,0,2268306
mcbAp5,0.03571428571428571,27,27,CCGATTCCAAACGCGTGCCG,0,2262788
mcbAp5,0.03571428571428571,27,27,CCCGTGTGTCAGAGCAACAC,0,2275002
mcbAp5,0.03571428571428571,27,27,CAGGGCTACGACGGCTCACA,0,2272579
mcbAp5,0.03571428571428571,27,27,AGTTAGTCACCACAACGGGA,0,2263116
mcbAp5,0.03571428571428571,27,27,ACCTTTCAATAGGCCTAATA,0,2295865
mcbAp5,0.03571428571428571,27,27,AATCATATTGGGCGTAATGG,0,2294752
mcbAp5,0.03571428571428571,27,27,AAGTATCGCTAGGTTTGAAA,0,2304684
mcbAp5,0.03571428571428571,27,27,AAGGGCGAGACGATTATCGC,0,2296760
mcbAp5,0.037037037037037035,26,26,TTTATTGTCTATCTTTTTGT,0,2262797
mcbAp5,0.037037037037037035,26,26,TTAGCTGCTGTGAATAGGTA,0,2276674
mcbAp5,0.037037037037037035,26,26,TGTACAACGCTATGAAGGAT,0,2277665
mcbAp5,0.037037037037037035,26,26,TGCATTCCCCCCGTAGGGTA,0,2280372
mcbAp5,0.037037037037037035,26,26,TCCCAACGACACCACGCAGT,0,2262021
mcbAp5,0.037037037037037035,26,26,TATTCCTTTCCTCCTCGGCC,0,2288241
mcbAp5,0.037037037037037035,26,26,TATCCGCTGGTTGCTAATGT,0,2273742
mcbAp5,0.037037037037037035,26,26,TAGAGCATCCGACGGCATAC,0,2291735
mcbAp5,0.037037037037037035,26,26,TACAACTTTAAGCGAGGCCT,0,2282779
mcbAp5,0.037037037037037035,26,26,GTCTATTTAGGGGAAAACGG,0,2283985
mcbAp5,0.037037037037037035,26,26,GTCTAGGGACTTCGTTGGTT,0,2268790
mcbAp5,0.037037037037037035,26,26,GCGGCAGTACACCATAGCTT,0,2272022
mcbAp5,0.037037037037037035,26,26,GATTGGGGCTCCTTCATTAG,0,2283601
mcbAp5,0.037037037037037035,26,26,GAGTGGGGTGGGTCAGGACG,0,2298074
mcbAp5,0.037037037037037035,26,26,GACCATGGACGTAGGGTCTC,0,2265437
mcbAp5,0.037037037037037035,26,26,CTTTTGGCGCGCATCTTTCT,0,2278768
mcbAp5,0.037037037037037035,26,26,CTTTAGGCGGAGTGACGGTC,0,2293782
mcbAp5,0.037037037037037035,26,26,CTCGTTATGCTTATCAGATG,0,2307016
mcbAp5,0.037037037037037035,26,26,CGGTCGGGTGTATCTCGCAT,0,2314152
mcbAp5,0.037037037037037035,26,26,CGCTTAGAGCCCGCTGCCAT,0,2283789
mcbAp5,0.037037037037037035,26,26,CGCAGCAGGGGTAGTCATAA,0,2261444
mcbAp5,0.037037037037037035,26,26,CCTTGCGGGTGGTTACTGAA,0,2307255
mcbAp5,0.037037037037037035,26,26,CCGGAGTGTATCAATACGGA,0,2268115
mcbAp5,0.037037037037037035,26,26,CCCGAATCATTAATGTTTCA,0,2295789
mcbAp5,0.037037037037037035,26,26,CACTATAGGGCATCTTTGCG,0,2264411
mcbAp5,0.037037037037037035,26,26,ATGTAGTTGTGGCGTTGAAA,0,2276100
mcbAp5,0.037037037037037035,26,26,ATCAGGCCCTATACTTAAAC,0,2293229
mcbAp5,0.037037037037037035,26,26,ATAGAGGTTAGGCTGGAAAT,0,2295116
mcbAp5,0.037037037037037035,26,26,ATAGACACAAACTAGCGCTT,0,2282595
mcbAp5,0.037037037037037035,26,26,ACTTGAACTACGATTGTAAA,0,2265737
mcbAp5,0.037037037037037035,26,26,ACTCTCCGCATCAGGGGTCA,0,2294297
mcbAp5,0.037037037037037035,26,26,AAAGTCTATGGCAGGCATTT,0,2289158
mcbAp5,0.038461538461538464,25,25,TTCGGCCTAGTCGGACGAGA,0,2273237
mcbAp5,0.038461538461538464,25,25,TTCCGGGGACCCGTGTGGGT,0,2270611
mcbAp5,0.038461538461538464,25,25,TTCCCAGACAAGCCGTAAAA,0,2276706
mcbAp5,0.038461538461538464,25,25,TTAGACCAGTAGCTTTGGGT,0,2290446
mcbAp5,0.038461538461538464,25,25,TGTGATAAGTAGGCAAGAGC,0,2291733
mcbAp5,0.038461538461538464,25,25,TGAACACGAGGGTGATTGCT,0,2283079
mcbAp5,0.038461538461538464,25,25,TCTTGGGAGCCCGATATCTA,0,2282954
mcbAp5,0.038461538461538464,25,25,TCGATATCTTTCAGGCGACT,0,2307117
mcbAp5,0.038461538461538464,25,25,TAGCCACGCGGTCAAGCACG,0,2307178
mcbAp5,0.038461538461538464,25,25,GTTCAACCAAGTTCGAAAAT,0,2282588
mcbAp5,0.038461538461538464,25,25,GTCCTACAAGGTAGTTCTAG,0,2263918
mcbAp5,0.038461538461538464,25,25,GGGTGTATCACAACATTCGG,0,2264314
mcbAp5,0.038461538461538464,25,25,GGACGAAGGTGCGCAATTGG,0,2272077
mcbAp5,0.038461538461538464,25,25,GAGAAGCAAGTACTAATGTA,0,2278862
mcbAp5,0.038461538461538464,25,25,CTGCAAGAGTGCTCAATTAT,0,2298894
mcbAp5,0.038461538461538464,25,25,CTCTGGCGGGGAAGTGCACG,0,2289736
mcbAp5,0.038461538461538464,25,25,CGCTATATAAACCAGGATGG,0,2266707
mcbAp5,0.038461538461538464,25,25,CGATGGCACGTCGCACTAAT,0,2266461
mcbAp5,0.038461538461538464,25,25,CCTAACCTCTGTCCAGCGAC,0,2295791
mcbAp5,0.038461538461538464,25,25,CCGATTGCGATTGGACGCAG,0,2285940
mcbAp5,0.038461538461538464,25,25,CCCTCTAGGTGACTACGACA,0,2265253
mcbAp5,0.038461538461538464,25,25,CCCGCCAGGGGCTGGGCGTT,0,2290449
mcbAp5,0.038461538461538464,25,25,CATGCTGGGGCGCAATGATC,0,2272271
mcbAp5,0.038461538461538464,25,25,ATGCGGCAATTAGCTCGTAT,0,2261286
mcbAp5,0.038461538461538464,25,25,AGTAGGTGTTTGCTGGCGGG,0,2290152
mcbAp5,0.038461538461538464,25,25,AGGGCACACACTTCACACAT,0,2281429
mcbAp5,0.038461538461538464,25,25,AGAGTGGGAAGGTTCATGGA,0,2300948
mcbAp5,0.04,24,24,TTTAGGGAAGACGCCCCACG,0,2297442
mcbAp5,0.04,24,24,TTGCATCCATACTGAATACA,0,2302239
mcbAp5,0.04,24,24,TTAAACCCCTACCAGGCCAT,0,2273510
mcbAp5,0.04,24,24,TGTCAGAATACGCCGCAGGA,0,2302232
mcbAp5,0.04,24,24,TGGCACGCTTCAATATAGTA,0,2266998
mcbAp5,0.04,24,24,TGCAAGGGGTGGTTCCCCCT,0,2268295
mcbAp5,0.04,24,24,TGATGGGACGCAGTCCGCCA,0,2278709
mcbAp5,0.04,24,24,TGAGAGGCGGGCGCCCCCAA,0,2308246
mcbAp5,0.04,24,24,TCGCTCCGCTCCCTCTCGAT,0,2279918
mcbAp5,0.04,24,24,GTTACTCACCCTTGCGCAGT,0,2298513
mcbAp5,0.04,24,24,GTTAATTTGTTGTCTGAGAA,0,2290192
mcbAp5,0.04,24,24,GTCGTGTGACGTACAATCGT,0,2261142
mcbAp5,0.04,24,24,GTAGCCACTCACATGATCCT,0,2280898
mcbAp5,0.04,24,24,GGTTCGGCACTCCCAAAGGA,0,2291763
mcbAp5,0.04,24,24,GGTCTCGTGAGTCAACCATA,0,2277685
mcbAp5,0.04,24,24,GGTAGGACCCTAATGACATT,0,2276505
mcbAp5,0.04,24,24,GCACCACATAATGTGGACGA,0,2270265
mcbAp5,0.04,24,24,GACCCATGTCGTAGATCAGT,0,2301725
mcbAp5,0.04,24,24,CTAATGAAAGAAAAAGGGCA,0,2315915
mcbAp5,0.04,24,24,CGGGCATGCGGCGGTGCGTT,0,2280498
mcbAp5,0.04,24,24,CCTCCGGGGACTGCTCTGTT,0,2309980
mcbAp5,0.04,24,24,ATGTACACGAATTAAATCTC,0,2301424
mcbAp5,0.04,24,24,ATGCAAAAGCTCGTTCCGCT,0,2310101
mcbAp5,0.04,24,24,ATCTCACTACCTACGTGCAT,0,2266989
mcbAp5,0.04,24,24,AGTTTCACCACGAGTTGATC,0,2270094
mcbAp5,0.04,24,24,AGTTCCGTTAGCCTTGGGAT,0,2279278
mcbAp5,0.04,24,24,AGGTACATTATCGGTCAGAC,0,2283835
mcbAp5,0.04,24,24,ACCGGGGGGCACACCCTTTT,0,2270519
mcbAp5,0.04,24,24,ACCGGCCCTTCTGCACATGA,0,2266753
mcbAp5,0.04,24,24,ACACATGCGGCTGCAATTAG,0,2264742
mcbAp5,0.041666666666666664,23,23,TTTGTGCATTGTCAGTACGA,0,2313965
mcbAp5,0.041666666666666664,23,23,TTTACATGATAACAGAGTTA,0,2304538
mcbAp5,0.041666666666666664,23,23,TTATTCGCTCTTGACCGCCC,0,2294531
mcbAp5,0.041666666666666664,23,23,TGTGGCCATAGCATTCTGGA,0,2300165
mcbAp5,0.041666666666666664,23,23,TGGTCAGTACGGCAAGGTCG,0,2303198
mcbAp5,0.041666666666666664,23,23,TGGTACACGGAGCGCGGGAT,0,2306402
mcbAp5,0.041666666666666664,23,23,TGGGCGGCACGCCCCGGGGT,0,2300331
mcbAp5,0.041666666666666664,23,23,TGGCGCATGCACGAGTTCGT,0,2285684
mcbAp5,0.041666666666666664,23,23,TGAGAAGTGGTAAAGGTCGG,0,2290633
mcbAp5,0.041666666666666664,23,23,TCTCGGCGTCCAGTGAATAG,0,2281465
mcbAp5,0.041666666666666664,23,23,TCCTAACAGGCCTTTCATGG,0,2281876
mcbAp5,0.041666666666666664,23,23,TAGATGAGCCTGAAATCTAT,0,2283932
mcbAp5,0.041666666666666664,23,23,GTTAAGGGTCGTCATTATAT,0,2277950
mcbAp5,0.041666666666666664,23,23,GTGAAGGCTGTGAGTCCAAG,0,2263174
mcbAp5,0.041666666666666664,23,23,GTCGGGCCAGCGGGACCTGT,0,2278867
mcbAp5,0.041666666666666664,23,23,GTCCCGACGGGCAAACCCTG,0,2264532
mcbAp5,0.041666666666666664,23,23,GTAACAGGCCAAAATTGGTA,0,2281831
mcbAp5,0.041666666666666664,23,23,GGTGGAAAGCGCACTGCGAT,0,2304275
mcbAp5,0.041666666666666664,23,23,GGGAGGAACGTTCACTTACT,0,2263319
mcbAp5,0.041666666666666664,23,23,GGCTTGCTAGCAAGCTCATT,0,2266640
mcbAp5,0.041666666666666664,23,23,GGCCATGTCGATAGCTGTTG,0,2279515
mcbAp5,0.041666666666666664,23,23,GGAGGCCACAGGATAGGCGT,0,2292149
mcbAp5,0.041666666666666664,23,23,GCTGCCTCATCGTTCGAGTT,0,2288693
mcbAp5,0.041666666666666664,23,23,GCTATCTGTGGCCGCGAATT,0,2286209
mcbAp5,0.041666666666666664,23,23,GCCATAAGGGCCAACCCACG,0,2264772
mcbAp5,0.041666666666666664,23,23,GATTTTGTCGCTGCAAATAA,0,2273246
mcbAp5,0.041666666666666664,23,23,GAAGAGATCTTATGCGCTTT,0,2300134
mcbAp5,0.041666666666666664,23,23,CTTGGGATAAATTTTATCTA,0,2267224
mcbAp5,0.041666666666666664,23,23,CTTAGGCGAATGAGGCCACA,0,2313540
mcbAp5,0.041666666666666664,23,23,CTATTACTATTTTATACGCA,0,2302622
mcbAp5,0.041666666666666664,23,23,CGGTGACCAGGCCGGTACGT,0,2299953
mcbAp5,0.041666666666666664,23,23,CGCGGTTTCATGGGAGCTAT,0,2266914
mcbAp5,0.041666666666666664,23,23,CGCGAGGGTAGGGGTCCGGC,0,2263813
mcbAp5,0.041666666666666664,23,23,CCTTTGCGGGCTCGAGTAAG,0,2265910
mcbAp5,0.041666666666666664,23,23,CCTACTGCATCAGCCCATCG,0,2294384
mcbAp5,0.041666666666666664,23,23,CCCCTTTGTCAGTTTACCTG,0,2271094
mcbAp5,0.041666666666666664,23,23,CAGGCTAAGTGGATATCAGA,0,2270825
mcbAp5,0.041666666666666664,23,23,CAGCTTCTTTCGGCGGTCCT,0,2295945
mcbAp5,0.041666666666666664,23,23,CAAGTAAATATGGCTAACGG,0,2262259
mcbAp5,0.041666666666666664,23,23,CAACGGTTCATTTTGGGCAA,0,2264719
mcbAp5,0.041666666666666664,23,23,ATTGGGAGGTTGACGTCTAT,0,2288398
mcbAp5,0.041666666666666664,23,23,ATGTAACGATAAATGTTATG,0,2277788
mcbAp5,0.041666666666666664,23,23,ATGGTGCGATTTCTGGTCTC,0,2263109
mcbAp5,0.041666666666666664,23,23,ATGCGTGATTAAAGGTCTCA,0,2304196
mcbAp5,0.041666666666666664,23,23,ATCTTTGAATCTTGATTTTA,0,2272020
mcbAp5,0.041666666666666664,23,23,AGTACCGTATCGAGAGACAT,0,2272820
mcbAp5,0.041666666666666664,23,23,AGTAACGTCAACAGGTTTGT,0,2266157
mcbAp5,0.041666666666666664,23,23,AGAATACCAATTCATTCCTA,0,2313620
mcbAp5,0.041666666666666664,23,23,ACGTTCAGTGGCGTCTGGAC,0,2267425
mcbAp5,0.041666666666666664,23,23,ACGTGGTGAGGTCCTGGTCC,0,2267175
mcbAp5,0.041666666666666664,23,23,ACCTTGAGCCACGTAGCCTG,0,2316007
mcbAp5,0.041666666666666664,23,23,ACAGGGTTCCCTAGTCAACG,0,2296359
mcbAp5,0.041666666666666664,23,23,ACAGGCAGAACGCGCGCTCT,0,2262546
mcbAp5,0.041666666666666664,23,23,AATCAGAAATTCAGGAAGGA,0,2301839
mcbAp5,0.041666666666666664,23,23,AAGCGGTAGATCCGGTTGTC,0,2264463
mcbAp5,0.043478260869565216,22,22,TTTTGTTGTGAAACTGCAGT,0,2292341
mcbAp5,0.043478260869565216,22,22,TTTCACTCTTGAACTAAAAG,0,2290642
mcbAp5,0.043478260869565216,22,22,TTGTGGCTGGTGTCTGGTTA,0,2269187
mcbAp5,0.043478260869565216,22,22,TTGTCACCGCACGGCAGTAC,0,2264221
mcbAp5,0.043478260869565216,22,22,TTGGACAAAAGGCGACCTGA,0,2304641
mcbAp5,0.043478260869565216,22,22,TTAGAGGCGTACTCGTCTGA,0,2266379
mcbAp5,0.043478260869565216,22,22,TGTAGGCCTCATCATGTTCA,0,2268509
mcbAp5,0.043478260869565216,22,22,TGGATTACCAATACATTTAT,0,2297210
mcbAp5,0.043478260869565216,22,22,TGCAGGCACCCGCTTTGTGA,0,2276101
mcbAp5,0.043478260869565216,22,22,TGAGTGGGTGTACCCTCCAT,0,2289955
mcbAp5,0.043478260869565216,22,22,TCTCACGTGGAGAGAGGTGC,0,2275868
mcbAp5,0.043478260869565216,22,22,TCTAGACGGGTTTATTGTGA,0,2268814
mcbAp5,0.043478260869565216,22,22,TCGTTTCTCAAAACGCACGA,0,2270830
mcbAp5,0.043478260869565216,22,22,TCACAGTTTATCATGATAAT,0,2305470
mcbAp5,0.043478260869565216,22,22,TACCTGACCTGTGCGGGCGA,0,2280139
mcbAp5,0.043478260869565216,22,22,GTTTTGTGCCGATCGATTCA,0,2310664
mcbAp5,0.043478260869565216,22,22,GTTACTTGCCCTGCTAGACT,0,2305020
mcbAp5,0.043478260869565216,22,22,GTCTGCATTCAATGGATCTT,0,2291776
mcbAp5,0.043478260869565216,22,22,GGGTGCCTTTGAGTTCTTAA,0,2303137
mcbAp5,0.043478260869565216,22,22,GGGATAATCGGGGCATCTAT,0,2299603
mcbAp5,0.043478260869565216,22,22,GGCGTACTCCGATCGTGCTT,0,2302995
mcbAp5,0.043478260869565216,22,22,GGATAACAATGAAATAAGGG,0,2303660
mcbAp5,0.043478260869565216,22,22,GGAGGTGCTGGGGGGATGCA,0,2300741
mcbAp5,0.043478260869565216,22,22,GCGACACATACGTTGGTCGG,0,2278637
mcbAp5,0.043478260869565216,22,22,GCCAGATTCGAAACTCAAGT,0,2266260
mcbAp5,0.043478260869565216,22,22,GATAAGAACCGACCAAAGGC,0,2262127
mcbAp5,0.043478260869565216,22,22,GAACTGGAGCCTCTTAATAT,0,2292686
mcbAp5,0.043478260869565216,22,22,GAACGTTTTAGTTAACGAGA,0,2294233
mcbAp5,0.043478260869565216,22,22,GAAAGAGGATGCTTTGCTAA,0,2268866
mcbAp5,0.043478260869565216,22,22,CTTTCTCTTACCGGGTCGGG,0,2293300
mcbAp5,0.043478260869565216,22,22,CTTTACTGTTTAACTTAGTC,0,2265349
mcbAp5,0.043478260869565216,22,22,CTATTGTTATTCGTGCAACG,0,2275675
mcbAp5,0.043478260869565216,22,22,CTATCTGGTCACGACGTTAG,0,2294140
mcbAp5,0.043478260869565216,22,22,CTATCAGGTGCCTGTTTAAA,0,2284457
mcbAp5,0.043478260869565216,22,22,CGTCTTATGTCTGAAAGGCT,0,2267835
mcbAp5,0.043478260869565216,22,22,CGGATTCTTACGGCATGTTG,0,2293781
mcbAp5,0.043478260869565216,22,22,CGATACTGCGTGCTAGCCAA,0,2275353
mcbAp5,0.043478260869565216,22,22,CCTTAATACGCACAGCGCCA,0,2296493
mcbAp5,0.043478260869565216,22,22,CCTAACTAGAGGGGCGGAAC,0,2271775
mcbAp5,0.043478260869565216,22,22,CCGGAATATCATCCTTGAGT,0,2287362
mcbAp5,0.043478260869565216,22,22,CCCCCTAACGAGTGTGAGGT,0,2279020
mcbAp5,0.043478260869565216,22,22,CCAGTAGTTACCCCATTGAG,0,2273545
mcbAp5,0.043478260869565216,22,22,CCAAGTAAAAGTTGACCAAT,0,2306935
mcbAp5,0.043478260869565216,22,22,CAGTATTATCCGATGCGTTA,0,2265219
mcbAp5,0.043478260869565216,22,22,CAGGTCCTACCCGCCGTGTT,0,2295105
mcbAp5,0.043478260869565216,22,22,CAGACTAAGATGCACGGCCC,0,2272402
mcbAp5,0.043478260869565216,22,22,CAACTCTGTTGTTCCCATGA,0,2308109
mcbAp5,0.043478260869565216,22,22,ATTATAGTGTTCGGCGCCTA,0,2289031
mcbAp5,0.043478260869565216,22,22,ATCGGTCATCTGTTCGGCAG,0,2276356
mcbAp5,0.043478260869565216,22,22,ATAACCTGCACTGGGTTATT,0,2290635
mcbAp5,0.043478260869565216,22,22,AGGTACCCCAGCGTCGAAAA,0,2261244
mcbAp5,0.043478260869565216,22,22,AGGGCGGGTGGGTTATGTAT,0,2276256
mcbAp5,0.043478260869565216,22,22,AGCCGGTTGCAATGGCATTT,0,2268505
mcbAp5,0.043478260869565216,22,22,AGCATAGTGAGAATTCGGAG,0,2308948
mcbAp5,0.043478260869565216,22,22,AGCAGTGTTCAAAAGGGAGA,0,2297852
mcbAp5,0.043478260869565216,22,22,AGCACCGTTTTAGGTAAGTA,0,2278169
mcbAp5,0.043478260869565216,22,22,AGACGACTGCCCGCAAGGAG,0,2299369
mcbAp5,0.043478260869565216,22,22,AGACCGCCTTATTAATCAAT,0,2266963
mcbAp5,0.043478260869565216,22,22,ACAACTTGATGTGTATCCAG,0,2303804
mcbAp5,0.043478260869565216,22,22,AATCACGAATATAACTTCAC,0,2279916
mcbAp5,0.043478260869565216,22,22,AATACTCTTCAGCTCGGAGA,0,2311653
mcbAp5,0.043478260869565216,22,22,AAGGCGTGAATGGAAGGCCC,0,2305359
mcbAp5,0.043478260869565216,22,22,AAGAATGGTTGTACTCGAAG,0,2291920
mcbAp5,0.043478260869565216,22,22,AACCGGTTTCATCAGGACCT,0,2303385
mcbAp5,0.043478260869565216,22,22,AAATCGGCGTCTAGGGTTTC,0,2262924
mcbAp5,0.043478260869565216,22,22,AAAAGCAAAGTCGATGGATT,0,2262272
mcbAp5,0.045454545454545456,21,21,TTGGCTATGCTACTTGATCA,0,2313948
mcbAp5,0.045454545454545456,21,21,TTGATGCGGGAGGACGGCGG,0,2273863
mcbAp5,0.045454545454545456,21,21,TTCAGTTCTGGGTAGCAGAT,0,2308790
mcbAp5,0.045454545454545456,21,21,TTCACCTTCAGCCGTTGGTG,0,2269129
mcbAp5,0.045454545454545456,21,21,TTAGCGATTAAATCCGTTCT,0,2276388
mcbAp5,0.045454545454545456,21,21,TGTTGTCCGCAGCAAATGAT,0,2292577
mcbAp5,0.045454545454545456,21,21,TGTACCCCACCTCTCGTTTG,0,2300602
mcbAp5,0.045454545454545456,21,21,TGGGATCACCTTGCTACAGC,0,2285141
mcbAp5,0.045454545454545456,21,21,TCTTTTCTAAATCGCGTGAG,0,2280314
mcbAp5,0.045454545454545456,21,21,TCATACAGCAACGAGGTCAA,0,2297911
mcbAp5,0.045454545454545456,21,21,TCAAGCAATCATCGTTCGCT,0,2265754
mcbAp5,0.045454545454545456,21,21,TACTTACTCAGCAGATCCTT,0,2274325
mcbAp5,0.045454545454545456,21,21,TACCGAGTGCTTTATATGCT,0,2305979
mcbAp5,0.045454545454545456,21,21,TACCGAGTCTCAAGTTTTTT,0,2277502
mcbAp5,0.045454545454545456,21,21,TAAATCGACTCACGCGGGGA,0,2265346
mcbAp5,0.045454545454545456,21,21,GTTGTCGGCTCTTAATGGGA,0,2261923
mcbAp5,0.045454545454545456,21,21,GTTGATTTGACTACGCGACT,0,2270473
mcbAp5,0.045454545454545456,21,21,GTGCTTTGTAGACTAGGCAA,0,2286155
mcbAp5,0.045454545454545456,21,21,GGTTGGATTCGGGTACGGGT,0,2263432
mcbAp5,0.045454545454545456,21,21,GGTTACGAACTTCTGTCTGT,0,2273837
mcbAp5,0.045454545454545456,21,21,GGTAGCGGGGAGTGGCGACA,0,2288103
mcbAp5,0.045454545454545456,21,21,GGGATAACAAATGTCACCAG,0,2285618
mcbAp5,0.045454545454545456,21,21,GGCTCCATAGCATCATATGT,0,2279023
mcbAp5,0.045454545454545456,21,21,GGCACAACGTTTTGCAGAAC,0,2263339
mcbAp5,0.045454545454545456,21,21,GCTCCTCAGGTGTGGTCTTT,0,2275941
mcbAp5,0.045454545454545456,21,21,GCAGCCTGGAGTGGAACCTT,0,2273685
mcbAp5,0.045454545454545456,21,21,GCACTCAAGCAAATAGAGCG,0,2264497
mcbAp5,0.045454545454545456,21,21,GATTCCAATGGAGACTGGCG,0,2271054
mcbAp5,0.045454545454545456,21,21,GATAGAGCTAAGGTGTTTCA,0,2289942
mcbAp5,0.045454545454545456,21,21,GAGGCTATATGAATCCCCTG,0,2271134
mcbAp5,0.045454545454545456,21,21,GACTGGGACGCTGAAGTTAT,0,2270775
mcbAp5,0.045454545454545456,21,21,GACTCGCAGTATCCCTCTAA,0,2290649
mcbAp5,0.045454545454545456,21,21,GAATCGAGCCGGGGGCTATA,0,2261563
mcbAp5,0.045454545454545456,21,21,GAACCCTATGTTTGTGTTTG,0,2299308
mcbAp5,0.045454545454545456,21,21,CTGCCAGGAAAGTACCGAAC,0,2267758
mcbAp5,0.045454545454545456,21,21,CTCTTAGTGCCTTGGAATCT,0,2289551
mcbAp5,0.045454545454545456,21,21,CTCGGGGTTGGTCAGGTCTC,0,2269370
mcbAp5,0.045454545454545456,21,21,CTCCATCCTGCGGCTTCGCC,0,2268748
mcbAp5,0.045454545454545456,21,21,CGTGACGTAGACAGGAAGTA,0,2307355
mcbAp5,0.045454545454545456,21,21,CGTAGGAGTTTCCGCCACTG,0,2305875
mcbAp5,0.045454545454545456,21,21,CGTAAGGCTAATTGGCAGAC,0,2304375
mcbAp5,0.045454545454545456,21,21,CGGGCAAACATGCTTGCTGT,0,2271828
mcbAp5,0.045454545454545456,21,21,CGGATCTCGTTGTTGGTAGA,0,2269683
mcbAp5,0.045454545454545456,21,21,CGGAGGCAACATCAGCGTTT,0,2292583
mcbAp5,0.045454545454545456,21,21,CGCGTGTCTTATCAGGGGGG,0,2263478
mcbAp5,0.045454545454545456,21,21,CGCCGGGCACGCCATCGGGA,0,2294043
mcbAp5,0.045454545454545456,21,21,CGCACGTAGTCCGACTACGT,0,2272021
mcbAp5,0.045454545454545456,21,21,CGATATTGGGAAAGTTAACA,0,2306401
mcbAp5,0.045454545454545456,21,21,CGACGATTCTTATGTAGGCA,0,2292175
mcbAp5,0.045454545454545456,21,21,CCCGCCGACGAATGGGTTTA,0,2285124
mcbAp5,0.045454545454545456,21,21,CCCCCTCGTTGGTCACAATT,0,2296529
mcbAp5,0.045454545454545456,21,21,CAGTAAAAGCACGTGTCTCC,0,2311285
mcbAp5,0.045454545454545456,21,21,CAGGGTTTTGGTAGGTGCTC,0,2278829
mcbAp5,0.045454545454545456,21,21,CACTCACGCCTCATGTGTGT,0,2279257
mcbAp5,0.045454545454545456,21,21,CACAGCCAACACGGGTGTAC,0,2280249
mcbAp5,0.045454545454545456,21,21,CAAATAGTGGTGTGTCATCT,0,2302439
mcbAp5,0.045454545454545456,21,21,ATTTGACTAGACACCGTCAA,0,2267223
mcbAp5,0.045454545454545456,21,21,ATTACCGATAAAAGGTTAGT,0,2275282
mcbAp5,0.045454545454545456,21,21,AGTGTTATTTGGTTCCAAAA,0,2264988
mcbAp5,0.045454545454545456,21,21,AGATGGCCCCACACAAATCT,0,2267727
mcbAp5,0.045454545454545456,21,21,AGAGGACGACTATCTCTAAG,0,2272407
mcbAp5,0.045454545454545456,21,21,ACTGATTCGTTCGACCTCCA,0,2294110
mcbAp5,0.045454545454545456,21,21,ACGGGGGATATTAAGCGACC,0,2293555
mcbAp5,0.045454545454545456,21,21,ACGGCGTCAGTAAGATGATA,0,2285313
mcbAp5,0.045454545454545456,21,21,ACGGCAGGTGGTGCCCAGAT,0,2284034
mcbAp5,0.045454545454545456,21,21,ACCTTGCGTAAGTAAGTTAA,0,2306441
mcbAp5,0.045454545454545456,21,21,AATTATGCTGATTGTATGCC,0,2271971
mcbAp5,0.045454545454545456,21,21,AAGATTGACTTCGATATGCT,0,2301413
mcbAp5,0.045454545454545456,21,21,AACAACAACTATTTGGCACC,0,2261119
mcbAp5,0.045454545454545456,21,21,AAAGAGACCAGTCTCGCGTA,0,2276204
mcbAp5,0.045454545454545456,21,21,AAACCCCGGTCCAACCCCGC,0,2286100
mcbAp5,0.047619047619047616,20,20,TTTTTGGAACGCCGGTTTTG,0,2275822
mcbAp5,0.047619047619047616,20,20,TTTGTGTATTTTCGGAGTTT,0,2296496
mcbAp5,0.047619047619047616,20,20,TTGGGTGTCACTGCGGTCTT,0,2282758
mcbAp5,0.047619047619047616,20,20,TTGGGTGAAAGGACGGGTGC,0,2277936
mcbAp5,0.047619047619047616,20,20,TTCAGTGACACCGCGGGCGA,0,2284106
mcbAp5,0.047619047619047616,20,20,TTCAACATGAGTAGGATTCC,0,2265932
mcbAp5,0.047619047619047616,20,20,TTATCTTTTGTAGTCGAATA,0,2291736
mcbAp5,0.047619047619047616,20,20,TTATCACTCCGACGGTTCTC,0,2278632
mcbAp5,0.047619047619047616,20,20,TTAGTGGCTGGCCTGAAAGT,0,2301765
mcbAp5,0.047619047619047616,20,20,TGTTTTGTAGCATTTTGCGA,0,2269778
mcbAp5,0.047619047619047616,20,20,TGGCCGACATGCTTCGGTAA,0,2262217
mcbAp5,0.047619047619047616,20,20,TGCATCTAGCCGGTTTTAGA,0,2264896
mcbAp5,0.047619047619047616,20,20,TGAACCTGGGGCGATATCAA,0,2268139
mcbAp5,0.047619047619047616,20,20,TCTATCGTGGACTGGGGCGA,0,2315940
mcbAp5,0.047619047619047616,20,20,TCAACACATGGACTTAGTAA,0,2294449
mcbAp5,0.047619047619047616,20,20,TATCACAGTCGCTTACGGGA,0,2289546
mcbAp5,0.047619047619047616,20,20,TATATTCGCCGGACTTAGTC,0,2314549
mcbAp5,0.047619047619047616,20,20,GTTCAAGTCAGGGACAATTA,0,2285054
mcbAp5,0.047619047619047616,20,20,GTGTAAGATAGTAAAGGCAT,0,2272813
mcbAp5,0.047619047619047616,20,20,GTGGAGTAGAGCCGCAACAC,0,2297308
mcbAp5,0.047619047619047616,20,20,GTCTCTGAACCCGCCAGGGC,0,2281029
mcbAp5,0.047619047619047616,20,20,GTCGGTTCAACATGCGACAG,0,2276822
mcbAp5,0.047619047619047616,20,20,GTCCGGTGTGTTGAACATTA,0,2305711
mcbAp5,0.047619047619047616,20,20,GTAGCCCCGCAGATTCGGGA,0,2275938
mcbAp5,0.047619047619047616,20,20,GGTGCACCACACAAGGAGAC,0,2275481
mcbAp5,0.047619047619047616,20,20,GGTATGGCGAGTGGACGCAA,0,2263169
mcbAp5,0.047619047619047616,20,20,GGGTCAATCAGTGTGTTTAC,0,2264041
mcbAp5,0.047619047619047616,20,20,GGGGTTGAATATGTTCGCGG,0,2273822
mcbAp5,0.047619047619047616,20,20,GGGCTAGCGTTCAGTAAATC,0,2295274
mcbAp5,0.047619047619047616,20,20,GGCGGGCAGCCTACTAGGGA,0,2296056
mcbAp5,0.047619047619047616,20,20,GGCCGGATCCGTTGGTCTAG,0,2274067
mcbAp5,0.047619047619047616,20,20,GGACGTGAGTTTTAGGTCAG,0,2264207
mcbAp5,0.047619047619047616,20,20,GCTAGTTTGGTAGGTTAAGA,0,2280111
mcbAp5,0.047619047619047616,20,20,GCGATCGTTGGAGTCGGATA,0,2287093
mcbAp5,0.047619047619047616,20,20,GCCTTGCTCGATTGGATGAA,0,2285440
mcbAp5,0.047619047619047616,20,20,GCCGGGTAGCGCCTAGGCCT,0,2272670
mcbAp5,0.047619047619047616,20,20,GATCGCACATCCTGTCGTAA,0,2305705
mcbAp5,0.047619047619047616,20,20,GATATGGGATGTTAATGTAT,0,2272072
mcbAp5,0.047619047619047616,20,20,GAGGCTTAGGGGATCGATGA,0,2294213
mcbAp5,0.047619047619047616,20,20,GAGACACGATAGCTGCCAGT,0,2271060
mcbAp5,0.047619047619047616,20,20,GACAGAAATGAGGCATCCAG,0,2297935
mcbAp5,0.047619047619047616,20,20,GAACCGGTACTTGGTGGGAT,0,2269766
mcbAp5,0.047619047619047616,20,20,CTTAGTTTCAGTACAGTGTT,0,2291159
mcbAp5,0.047619047619047616,20,20,CTCGCGTTTTATGGCGGCTG,0,2280632
mcbAp5,0.047619047619047616,20,20,CTCGAAGAACCCCCCGCCTC,0,2290237
mcbAp5,0.047619047619047616,20,20,CTAGTTGGGACTCTTTAATG,0,2287190
mcbAp5,0.047619047619047616,20,20,CGTAGGTGTGTCAAGCCAGT,0,2275664
mcbAp5,0.047619047619047616,20,20,CGGGTGCCGACTCTACCAGG,0,2293345
mcbAp5,0.047619047619047616,20,20,CGCTGTCTGCTTCTGCCGGA,0,2310937
mcbAp5,0.047619047619047616,20,20,CGCGTCAAGCGCCCGGAGTC,0,2278201
mcbAp5,0.047619047619047616,20,20,CCTTGCCTTATTCAGTGGTC,0,2263646
mcbAp5,0.047619047619047616,20,20,CCTGTCATTTGGGTCGCTAC,0,2266859
mcbAp5,0.047619047619047616,20,20,CCTGATGCCGGTTAAGCCAT,0,2312650
mcbAp5,0.047619047619047616,20,20,CCGTTGTTCGACTGTCGATT,0,2266693
mcbAp5,0.047619047619047616,20,20,CCGTTGCCAGCTCATGTGTG,0,2274156
mcbAp5,0.047619047619047616,20,20,CCGACGGACTGGTTTGCTGG,0,2284966
mcbAp5,0.047619047619047616,20,20,CCCCGCGACCGCGATTTGCA,0,2296400
mcbAp5,0.047619047619047616,20,20,CCCAAGGCCAGTCAAGACTG,0,2303374
mcbAp5,0.047619047619047616,20,20,CCACACATCTTCGTGGCCTT,0,2297345
mcbAp5,0.047619047619047616,20,20,CATATCTCGGCGAGGGTAGG,0,2294713
mcbAp5,0.047619047619047616,20,20,CACCCCGCATAGCGGTCCGT,0,2289212
mcbAp5,0.047619047619047616,20,20,CACAAAGCCGGGGGACCGGA,0,2281342
mcbAp5,0.047619047619047616,20,20,ATTTAGACGTATGGTTTACT,0,2273355
mcbAp5,0.047619047619047616,20,20,ATTCGTACGCGACGCGGCGC,0,2271870
mcbAp5,0.047619047619047616,20,20,ATGGCAAGTGCTCCCTTAGC,0,2283047
mcbAp5,0.047619047619047616,20,20,ATCTCTCAGGGGCGCCCTTT,0,2302275
mcbAp5,0.047619047619047616,20,20,ATCTCGGGCTGCCGCGCCTT,0,2282836
mcbAp5,0.047619047619047616,20,20,AGTTTTAGGGGCGTAGTAAC,0,2280900
mcbAp5,0.047619047619047616,20,20,AGGGCTCGCCCACGTGATTA,0,2264418
mcbAp5,0.047619047619047616,20,20,AGGATACTCAACTGCTGGAA,0,2284452
mcbAp5,0.047619047619047616,20,20,AGCATCACAACCAGTACCCG,0,2277549
mcbAp5,0.047619047619047616,20,20,AGCAGCCCTGAAAGGTTTTA,0,2266806
mcbAp5,0.047619047619047616,20,20,AGATGGAAAATTAGACATAC,0,2263684
mcbAp5,0.047619047619047616,20,20,AGACGGATACGACTCCGGAA,0,2282391
mcbAp5,0.047619047619047616,20,20,ACTGAGCTAGAGTCACGGCG,0,2283097
mcbAp5,0.047619047619047616,20,20,ACAGGTTCTCGCGGGAAATT,0,2278232
mcbAp5,0.047619047619047616,20,20,AATGATGGAACGGCTTGATT,0,2315805
mcbAp5,0.047619047619047616,20,20,AATCGTGACAAAGTCAAGGT,0,2275937
mcbAp5,0.047619047619047616,20,20,AAGTTTCACTATGTATTAAA,0,2266337
mcbAp5,0.047619047619047616,20,20,AAGCCACATTGGCCCTTAGG,0,2312034
mcbAp5,0.047619047619047616,20,20,AAGATCTTCGTAACAGCTTT,0,2265880
mcbAp5,0.047619047619047616,20,20,AAGAGTTTCGATCCTTTTTC,0,2310816
mcbAp5,0.047619047619047616,20,20,AACGCCGTTGCCTGGATCGT,0,2272692
mcbAp5,0.047619047619047616,20,20,AAAGGGGCGCGGCTCAGTTT,0,2271773
mcbAp5,0.047619047619047616,20,20,AAACCCCGACTTGTTCGTTT,0,2271910
mcbAp5,0.05,19,19,TTTGTCCGAAGCTCGTAATA,0,2278511
mcbAp5,0.05,19,19,TTTGAGTTGAGTTTGAAGAT,0,2263962
mcbAp5,0.05,19,19,TTTCTAGGATGCCGCTACGA,0,2299795
mcbAp5,0.05,19,19,TTGCACATCCAATACTTGTG,0,2272404
mcbAp5,0.05,19,19,TTGAATCGACTTTTCTGCCA,0,2285613
mcbAp5,0.05,19,19,TTCGGGCCGGAATATAGATA,0,2305122
mcbAp5,0.05,19,19,TTATGGATTCAAACGTATGT,0,2265218
mcbAp5,0.05,19,19,TTACGGCATGTGAGGTCCCC,0,2278591
mcbAp5,0.05,19,19,TGTACACGGGGAATGGCCTT,0,2301947
mcbAp5,0.05,19,19,TGCTTAAATATACCCTGCAT,0,2267892
mcbAp5,0.05,19,19,TGCACCTGCACTTTTGTTGT,0,2304982
mcbAp5,0.05,19,19,TGACCATGGTATACTGTTGT,0,2265398
mcbAp5,0.05,19,19,TGAAGCGGGGAATCCCCGGA,0,2272205
mcbAp5,0.05,19,19,TCGTTATGCCTGTGTTTGGT,0,2273450
mcbAp5,0.05,19,19,TCCTATTCATCCCGCAAGTT,0,2274898
mcbAp5,0.05,19,19,TCAGGACTTGTACAAGGATG,0,2269132
mcbAp5,0.05,19,19,TCAACAGGGTTCATGCAGAG,0,2304156
mcbAp5,0.05,19,19,TATCATGCTCAAACAGGGAT,0,2306053
mcbAp5,0.05,19,19,TAGCTTACATATTTCTCAAC,0,2288958
mcbAp5,0.05,19,19,TACATTTTGTAATGCGTCCC,0,2302641
mcbAp5,0.05,19,19,TAATCGTGCGTTAAGTCTAC,0,2305155
mcbAp5,0.05,19,19,TAAAGCTGGGTTCGATTCGC,0,2267105
mcbAp5,0.05,19,19,GTCAAATACTCTCCCGAGGC,0,2293114
mcbAp5,0.05,19,19,GGGACACGATAACTGAAAGT,0,2263329
mcbAp5,0.05,19,19,GGCTAGTCCGTGGATATAAG,0,2264267
mcbAp5,0.05,19,19,GGCGTTAGGTAGGTGTGTAC,0,2276062
mcbAp5,0.05,19,19,GGATGGATATCGTAGCGAGT,0,2306309
mcbAp5,0.05,19,19,GGACCACTAGCCCTTGACGT,0,2288755
mcbAp5,0.05,19,19,GCTGGTACTTTTAAGAAGAA,0,2269244
mcbAp5,0.05,19,19,GCGCAGATACACTAACTAGC,0,2273984
mcbAp5,0.05,19,19,GCCAGAGACGTGCGGATTTT,0,2270159
mcbAp5,0.05,19,19,GCCAATTCGTAGTACGACGT,0,2297918
mcbAp5,0.05,19,19,GCAATATTTCATGGGGAAAG,0,2312267
mcbAp5,0.05,19,19,GATTAATAAACGCACAGTCA,0,2292849
mcbAp5,0.05,19,19,GATCTGGGTGTTAATAACTC,0,2271218
mcbAp5,0.05,19,19,GAGGCACTATAATCGAAAAT,0,2291111
mcbAp5,0.05,19,19,GAGACCAATGCTTTCGCTGG,0,2297285
mcbAp5,0.05,19,19,GACTCCTTACCTGACGTGTC,0,2277189
mcbAp5,0.05,19,19,CTGCTGCCAATAATACCGGT,0,2302308
mcbAp5,0.05,19,19,CTGAGGTGCGGATACCGTAC,0,2278741
mcbAp5,0.05,19,19,CTCCTCACTAGGGATGGCTC,0,2279777
mcbAp5,0.05,19,19,CTAGATGGACTTAGTGCACG,0,2268713
mcbAp5,0.05,19,19,CTAGATCGTGCTGGGGGGTC,0,2273247
mcbAp5,0.05,19,19,CGTTGTGCCCCCGTTAGTGG,0,2276667
mcbAp5,0.05,19,19,CGGTGCTAGCGACGCATCCG,0,2295651
mcbAp5,0.05,19,19,CGGGGCAGAGCTGACAGGGA,0,2294440
mcbAp5,0.05,19,19,CGCTAACGCGCCGCATCTTG,0,2285371
mcbAp5,0.05,19,19,CGCGACAGCTTAGGTATCAT,0,2311259
mcbAp5,0.05,19,19,CGAGGAAGTGAACTGTCTTG,0,2273423
mcbAp5,0.05,19,19,CCTGGCGAATGAGGTAGGAA,0,2265998
mcbAp5,0.05,19,19,CCTATCGAATCAGAGGTTGA,0,2282961
mcbAp5,0.05,19,19,CCTATATCCCAGGAATGCTC,0,2293257
mcbAp5,0.05,19,19,CCGGAATATCCTGATCTACA,0,2291569
mcbAp5,0.05,19,19,CCGCAGTTACTCATGGGCTA,0,2286206
mcbAp5,0.05,19,19,CATTGTGTGATGGACATACT,0,2276615
mcbAp5,0.05,19,19,CATGTAGTCGATCGTTTGTC,0,2285051
mcbAp5,0.05,19,19,CAAGCGCTATTGGACATGTA,0,2305300
mcbAp5,0.05,19,19,ATTATGGCACGGTATGGTGA,0,2288145
mcbAp5,0.05,19,19,ATGTCCCACCTCGGACTTCC,0,2268884
mcbAp5,0.05,19,19,ATGGTAGCGTATTCCGCTCT,0,2270716
mcbAp5,0.05,19,19,ATGGCGACGGGTCTGAATCA,0,2269243
mcbAp5,0.05,19,19,ATGAGCTCAAGTTAGAGTGC,0,2293509
mcbAp5,0.05,19,19,ATGAAGTATAGCGCTGCCAC,0,2285180
mcbAp5,0.05,19,19,ATCCCGCGATTCCGTCTTAC,0,2303287
mcbAp5,0.05,19,19,ATATAGGCCGTGGCGCATGC,0,2315409
mcbAp5,0.05,19,19,ATACACATCCCATCCAAGAT,0,2283602
mcbAp5,0.05,19,19,ATAATGTTGTGTAATAGTCT,0,2282463
mcbAp5,0.05,19,19,AGTTGGACGCACTGTAGGCA,0,2295649
mcbAp5,0.05,19,19,AGGATACGCGTCGGCATGCT,0,2292353
mcbAp5,0.05,19,19,AGCCGGTTAAGCTGACTCAC,0,2276019
mcbAp5,0.05,19,19,AGCCCCCTGCGCTCGGATGA,0,2306987
mcbAp5,0.05,19,19,AGACGAGTAATTGGGCAAAG,0,2284811
mcbAp5,0.05,19,19,AGACAGGGTGACTACGCAGA,0,2305367
mcbAp5,0.05,19,19,ACTCGTAATTCATCGTTTCG,0,2269176
mcbAp5,0.05,19,19,ACTCATCAATGTCTTTCGAG,0,2306013
mcbAp5,0.05,19,19,ACGTTTCCAAGCCGTCCAGG,0,2307855
mcbAp5,0.05,19,19,ACCAGCATCTTATGTTGTTA,0,2296873
mcbAp5,0.05,19,19,ACCAAAAGTGGGATTAACTT,0,2293205
mcbAp5,0.05,19,19,AATTCGGATGCGACACCAAG,0,2309449
mcbAp5,0.05,19,19,AAGTAATGCCTTTTAGAAGG,0,2285056
mcbAp5,0.05,19,19,AAGCCCGAACCAGTTAAGGC,0,2270880
mcbAp5,0.05,19,19,AAGATCAGTGAGCGCCAGTG,0,2274193
mcbAp5,0.05,19,19,AAGACCGCTGCCAGCGCGAC,0,2288486
mcbAp5,0.05,19,19,AACTCAGAAACACTGTCTCC,0,2270778
mcbAp5,0.05,19,19,AACCGCCCTAACTCTCAATA,0,2276893
mcbAp5,0.05,19,19,AAATGGTTCGTGGTTAGAAG,0,2275747
mcbAp5,0.05,19,19,AAAGGTCGAGGGCATCACGA,0,2293848
mcbAp5,0.05263157894736842,18,18,TTTCGTTCCAACCAACCTGT,0,2269259
mcbAp5,0.05263157894736842,18,18,TTTCGAGGAGAACGGGCAAT,0,2270515
mcbAp5,0.05263157894736842,18,18,TTCGGTGCTTCTTGTTACCG,0,2301665
mcbAp5,0.05263157894736842,18,18,TTCATCAGAGAAAGGCTCTA,0,2283926
mcbAp5,0.05263157894736842,18,18,TTACATAGGCAGCGCGGGCA,0,2277587
mcbAp5,0.05263157894736842,18,18,TGTTCTAATCGCGGGGTTAA,0,2307980
mcbAp5,0.05263157894736842,18,18,TGGTTTAGACGCGGCACAAG,0,2267938
mcbAp5,0.05263157894736842,18,18,TGGCATGGTTAATTGTGACC,0,2286259
mcbAp5,0.05263157894736842,18,18,TGGAGGAGGTTCTTCAGTTG,0,2270034
mcbAp5,0.05263157894736842,18,18,TGCCAGGGGTGACCGGTTAG,0,2290453
mcbAp5,0.05263157894736842,18,18,TGAAAGGCAGGCGAGTTGGA,0,2283578
mcbAp5,0.05263157894736842,18,18,TCGTTCATCATCTATTCTGG,0,2294814
mcbAp5,0.05263157894736842,18,18,TCCGCCCCCCTACTGGTGTC,0,2311991
mcbAp5,0.05263157894736842,18,18,TCCATGACGTGGTTAAAACT,0,2285293
mcbAp5,0.05263157894736842,18,18,TCAAGACTTGGCTCGAAGTA,0,2308822
mcbAp5,0.05263157894736842,18,18,TACGTTGGGCCGATTGAGGT,0,2290247
mcbAp5,0.05263157894736842,18,18,TAATTCGCTCCGGCACGGTA,0,2272797
mcbAp5,0.05263157894736842,18,18,TAATACTCGCATTAGACATG,0,2280101
mcbAp5,0.05263157894736842,18,18,GTTGTTGCAGAGTCACTTGC,0,2293948
mcbAp5,0.05263157894736842,18,18,GTTATGGTAACCCGTTCTTA,0,2263692
mcbAp5,0.05263157894736842,18,18,GTGCGGTCAGATCGTTCGTC,0,2274608
mcbAp5,0.05263157894736842,18,18,GTGAGCTTCGTCTGTGTTTA,0,2304329
mcbAp5,0.05263157894736842,18,18,GTCGTAACGCCTCGAACTCA,0,2271093
mcbAp5,0.05263157894736842,18,18,GTCCCGCGGCGGCTACGCTA,0,2315093
mcbAp5,0.05263157894736842,18,18,GGTGTCCACAAATCTGCCAA,0,2291411
mcbAp5,0.05263157894736842,18,18,GGGGTTATCGCCGTCTGATC,0,2266281
mcbAp5,0.05263157894736842,18,18,GGGGTACACGAAAGATTGCA,0,2288672
mcbAp5,0.05263157894736842,18,18,GGGCGCGTCTGTTGAAGTGA,0,2287729
mcbAp5,0.05263157894736842,18,18,GGCTATCGGTATGCCGGAAC,0,2305906
mcbAp5,0.05263157894736842,18,18,GGAAAATATTTCTCTGCTAA,0,2310622
mcbAp5,0.05263157894736842,18,18,GCTATTGGCCAAGACGTGCC,0,2271976
mcbAp5,0.05263157894736842,18,18,GCGTGCGTGATTCTTATTTG,0,2267129
mcbAp5,0.05263157894736842,18,18,GCCTTAGCGCTCGGGTGCGC,0,2277809
mcbAp5,0.05263157894736842,18,18,GATGTTGAGGACCTGCCCAT,0,2283569
mcbAp5,0.05263157894736842,18,18,GATGCACGTTCATCCAAAAG,0,2292952
mcbAp5,0.05263157894736842,18,18,GACCGAGGATGAAGAGCCGT,0,2273140
mcbAp5,0.05263157894736842,18,18,CTTCTCACCCTTCTAAGATT,0,2273543
mcbAp5,0.05263157894736842,18,18,CTCGAGCGTCTACCTGGTCA,0,2269780
mcbAp5,0.05263157894736842,18,18,CTATATCGTGTCTGAGTGAT,0,2291573
mcbAp5,0.05263157894736842,18,18,CTATAAGCGTGTGCGGGTGC,0,2283498
mcbAp5,0.05263157894736842,18,18,CTAGGTTTAAGGCGTTTCTT,0,2265409
mcbAp5,0.05263157894736842,18,18,CTAGCGGGGCGTGCTTACTT,0,2264198
mcbAp5,0.05263157894736842,18,18,CTACAGGGTACGGCTCCATT,0,2291255
mcbAp5,0.05263157894736842,18,18,CGTTCAAGGGGTCTGATCCC,0,2272174
mcbAp5,0.05263157894736842,18,18,CGTCTAGTCTCCGTTCGTTG,0,2266760
mcbAp5,0.05263157894736842,18,18,CGCGGTACATTGGTAAGTTG,0,2279514
mcbAp5,0.05263157894736842,18,18,CGCCAAGGCAAGAACGTCGA,0,2279303
mcbAp5,0.05263157894736842,18,18,CGCAACAAGTATTCTGATCA,0,2297545
mcbAp5,0.05263157894736842,18,18,CGATAGCGGTCAGGGGCAAA,0,2261588
mcbAp5,0.05263157894736842,18,18,CGAGGGTATCTATGAGGAGT,0,2309999
mcbAp5,0.05263157894736842,18,18,CGACAAAAATAAGCGTTATT,0,2265288
mcbAp5,0.05263157894736842,18,18,CCCGCTGGACCCCTCGGAAT,0,2262986
mcbAp5,0.05263157894736842,18,18,CCCAGGTAACTATGTAATGC,0,2287261
mcbAp5,0.05263157894736842,18,18,CCAGATCCACAAGGGCACAG,0,2291638
mcbAp5,0.05263157894736842,18,18,CATCTCGCACTACTTCTATA,0,2266068
mcbAp5,0.05263157894736842,18,18,CAGTTCTTTTTTAGTAAAAA,0,2265620
mcbAp5,0.05263157894736842,18,18,CAGGAGGCGCTTCTAGGGTA,0,2291792
mcbAp5,0.05263157894736842,18,18,ATTTTGATAACAGAATCGGG,0,2300548
mcbAp5,0.05263157894736842,18,18,ATTGGACGTGGCGCAGGATC,0,2264350
mcbAp5,0.05263157894736842,18,18,ATTCGCACCACCCACTGACC,0,2270881
mcbAp5,0.05263157894736842,18,18,ATCATGAACTGTTACGCAAT,0,2312428
mcbAp5,0.05263157894736842,18,18,ATATATGTGTCAGAACCGGA,0,2269341
mcbAp5,0.05263157894736842,18,18,ATACAAGAAGAAGCCGGCCA,0,2299634
mcbAp5,0.05263157894736842,18,18,ATAATCCCCGACAATTCGTC,0,2286511
mcbAp5,0.05263157894736842,18,18,AGTTCCTGCGCTATGGGCAT,0,2278863
mcbAp5,0.05263157894736842,18,18,AGTCGCGGAACTTCCGGTAT,0,2288890
mcbAp5,0.05263157894736842,18,18,AGTAAGCCCGCTTCTGATAA,0,2270829
mcbAp5,0.05263157894736842,18,18,AGGATATATAATTAGCTCAA,0,2275158
mcbAp5,0.05263157894736842,18,18,AGCTAATATACTCCTCAGCT,0,2310896
mcbAp5,0.05263157894736842,18,18,AGCAACCCGTATGAATGTCT,0,2300192
mcbAp5,0.05263157894736842,18,18,AGAGTACCTAAGGTGCACCA,0,2309757
mcbAp5,0.05263157894736842,18,18,AGAGCATGGGGTTAAAAGCC,0,2304835
mcbAp5,0.05263157894736842,18,18,AGAAGTCTCTAACTGGCCCA,0,2290294
mcbAp5,0.05263157894736842,18,18,AGAAGGGCCGGGAACCAGGT,0,2261789
mcbAp5,0.05263157894736842,18,18,ACTGTTACTCCGCGCCACTG,0,2292075
mcbAp5,0.05263157894736842,18,18,ACTCCACGATACCGACTCGA,0,2288297
mcbAp5,0.05263157894736842,18,18,ACTAAATCCCCAGAATGACA,0,2302735
mcbAp5,0.05263157894736842,18,18,ACGGTGGCCGAGCTTTAGCT,0,2271784
mcbAp5,0.05263157894736842,18,18,AAGGCCGGGAGCTACCGTCT,0,2278824
mcbAp5,0.05263157894736842,18,18,AAGCTCACGAGCTCCCTGAG,0,2291107
mcbAp5,0.05263157894736842,18,18,AAAGGGATCTGGATCAGGAT,0,2287953
mcbAp5,0.05263157894736842,18,18,AAACAATATGTTAGAGAGTA,0,2296713
mcbAp5,0.05263157894736842,18,18,AAAACGAAGTTCAGTTATGA,0,2282516
mcbAp5,0.05555555555555555,17,17,TTTTGTTGATTTTGGACCTA,0,2309204
mcbAp5,0.05555555555555555,17,17,TTTTAAGTACCCGTTATTAT,0,2264879
mcbAp5,0.05555555555555555,17,17,TTTGATTAGATGGTGGGACT,0,2281759
mcbAp5,0.05555555555555555,17,17,TTGTCAACTCTAGGTCTTCG,0,2266369
mcbAp5,0.05555555555555555,17,17,TTCGGCGACGACAGGATCTG,0,2262196
mcbAp5,0.05555555555555555,17,17,TTATTTACCGGTCCCTTCGC,0,2282019
mcbAp5,0.05555555555555555,17,17,TTACGAAATCGTACTACCTA,0,2261801
mcbAp5,0.05555555555555555,17,17,TTACCCCGCGTAGCAGATCA,0,2273496
mcbAp5,0.05555555555555555,17,17,TGTCGCTATAATTTCAGAGG,0,2274155
mcbAp5,0.05555555555555555,17,17,TGTATGACGAGAGTAAGTTC,0,2307633
mcbAp5,0.05555555555555555,17,17,TGTACTTAGTCGGTGTGGGT,0,2301449
mcbAp5,0.05555555555555555,17,17,TGGCGTTACATCAGGCTAGG,0,2279317
mcbAp5,0.05555555555555555,17,17,TGACGCCATGGAAAGCGACG,0,2306424
mcbAp5,0.05555555555555555,17,17,TCGCCGGGCAAGTCCAGTAG,0,2302736
mcbAp5,0.05555555555555555,17,17,TCCATATAGTACTTATAGAT,0,2274333
mcbAp5,0.05555555555555555,17,17,TCCACGGTCTCCACGAGGAA,0,2299470
mcbAp5,0.05555555555555555,17,17,TCATTGCTGGGAGTCGCTCA,0,2264165
mcbAp5,0.05555555555555555,17,17,TCAGGAATCTTGGGTAAGTA,0,2267330
mcbAp5,0.05555555555555555,17,17,TATCTTATCCAGCATCAGGT,0,2301473
mcbAp5,0.05555555555555555,17,17,TATCAATAGAACACGTGTGC,0,2283293
mcbAp5,0.05555555555555555,17,17,TACACGTGTGTGCACCGAGA,0,2297605
mcbAp5,0.05555555555555555,17,17,TAATTGTGCTCTCCTGCGCG,0,2286124
mcbAp5,0.05555555555555555,17,17,TAATAGTAGGATGCAACGCT,0,2272341
mcbAp5,0.05555555555555555,17,17,TAAGGACTAGGCGCCCGGAG,0,2278973
mcbAp5,0.05555555555555555,17,17,TAACCGCTTTACGTAAGGAA,0,2267059
mcbAp5,0.05555555555555555,17,17,GTTTACTGGAGTTCCGCTTA,0,2291583
mcbAp5,0.05555555555555555,17,17,GTTGGGAGTTGGGACCAATC,0,2298245
mcbAp5,0.05555555555555555,17,17,GTGGTTCGCTGCTGCTAACA,0,2286435
mcbAp5,0.05555555555555555,17,17,GTCTTTTTTCCCTCACCTAG,0,2281105
mcbAp5,0.05555555555555555,17,17,GTAGCTCGCCGGGATCGGTT,0,2278745
mcbAp5,0.05555555555555555,17,17,GGTGATAATAGCTCTCGCAA,0,2283575
mcbAp5,0.05555555555555555,17,17,GGTGACAGATCGATAGCGGG,0,2298814
mcbAp5,0.05555555555555555,17,17,GGGCCTACTTTGCCGTGACG,0,2307888
mcbAp5,0.05555555555555555,17,17,GGCGTGGGTGTAGTGAGGGA,0,2272514
mcbAp5,0.05555555555555555,17,17,GGATGGCTTCATCTTAAATA,0,2270099
mcbAp5,0.05555555555555555,17,17,GGACTGGACAATATCGAGCG,0,2275202
mcbAp5,0.05555555555555555,17,17,GGACGGTCAGGACCCGTAAT,0,2290448
mcbAp5,0.05555555555555555,17,17,GCTGTGGTAGCAAGTAAAAG,0,2276285
mcbAp5,0.05555555555555555,17,17,GCTGGCAACCCTGGGCTAGG,0,2280277
mcbAp5,0.05555555555555555,17,17,GCGGTTCACTACTCGGTTGT,0,2288155
mcbAp5,0.05555555555555555,17,17,GCGCCTTCTATGGCCTTCAA,0,2293991
mcbAp5,0.05555555555555555,17,17,GCATTTATTGTTACAGGCAA,0,2280124
mcbAp5,0.05555555555555555,17,17,GCATAGTGATGGCCGCGCCC,0,2307144
mcbAp5,0.05555555555555555,17,17,GCACATGAACAGAGCCTTCA,0,2267052
mcbAp5,0.05555555555555555,17,17,GCACAGGACTAATGTTGACG,0,2292326
mcbAp5,0.05555555555555555,17,17,GCAACTAATTACATGAGTCT,0,2287577
mcbAp5,0.05555555555555555,17,17,GCAAATACTTTATGCCGTAT,0,2262166
mcbAp5,0.05555555555555555,17,17,GATTACAGAAAACGGGATTG,0,2295186
mcbAp5,0.05555555555555555,17,17,GATCACGATACCCTCTGAGA,0,2309087
mcbAp5,0.05555555555555555,17,17,GAGTACTCCATGACGAGATC,0,2302658
mcbAp5,0.05555555555555555,17,17,GAGCTCTCGTCTTGCCGTCC,0,2263655
mcbAp5,0.05555555555555555,17,17,GACCCGGCGCCGAACGATCA,0,2315637
mcbAp5,0.05555555555555555,17,17,GAAGATAACAAATATGGAGT,0,2302686
mcbAp5,0.05555555555555555,17,17,GAACTAAGTCCACCCCATGC,0,2278792
mcbAp5,0.05555555555555555,17,17,CTTCTCGAGGCCACATTTTT,0,2294249
mcbAp5,0.05555555555555555,17,17,CTGTTTCTTGACGAAGAGTA,0,2272815
mcbAp5,0.05555555555555555,17,17,CTGCTTCGAAAGTCAAACCC,0,2291857
mcbAp5,0.05555555555555555,17,17,CTCTGCGAATGACGGCGACT,0,2290585
mcbAp5,0.05555555555555555,17,17,CTAACCGCGCATCCCATATG,0,2282349
mcbAp5,0.05555555555555555,17,17,CGTGAAGACGGACCACGGTC,0,2283253
mcbAp5,0.05555555555555555,17,17,CGGTTGCTCTTAACGTTTAC,0,2298847
mcbAp5,0.05555555555555555,17,17,CGGTAAAATGAGTGATCACT,0,2292264
mcbAp5,0.05555555555555555,17,17,CGGCCCGCCCAGTAACTTGT,0,2293789
mcbAp5,0.05555555555555555,17,17,CGCTTGTGGGCCTCTCTACT,0,2263619
mcbAp5,0.05555555555555555,17,17,CGCAAGCGCCACAGGTCTCG,0,2300904
mcbAp5,0.05555555555555555,17,17,CCTTGCTCGATAGGGGGCCG,0,2279424
mcbAp5,0.05555555555555555,17,17,CCTGTCCTAGATTGCTCTAC,0,2273465
mcbAp5,0.05555555555555555,17,17,CCGCTTACGCAACTTATCTA,0,2285489
mcbAp5,0.05555555555555555,17,17,CCGCGTGTAAACCTTGACAA,0,2279476
mcbAp5,0.05555555555555555,17,17,CCAGAGCCTCTTGAACGTGA,0,2276052
mcbAp5,0.05555555555555555,17,17,CCAAGTGATGTTTCTGTGGA,0,2305765
mcbAp5,0.05555555555555555,17,17,CATGCCGATGCTCCACCAAT,0,2267134
mcbAp5,0.05555555555555555,17,17,CAGGCTATACTTTAGGGCGG,0,2263814
mcbAp5,0.05555555555555555,17,17,CAGCTCACCTGTGCCTGGCA,0,2309187
mcbAp5,0.05555555555555555,17,17,CAGCGCTGTCACCTTGTAAT,0,2288600
mcbAp5,0.05555555555555555,17,17,CACTAGAGCGGCGTCTGTTT,0,2291595
mcbAp5,0.05555555555555555,17,17,CACTAATGGCGCACGAGCGT,0,2295472
mcbAp5,0.05555555555555555,17,17,CACGTGAACCACGATGCGTA,0,2261564
mcbAp5,0.05555555555555555,17,17,CACGCCCGGACAAGGCAGTG,0,2296692
mcbAp5,0.05555555555555555,17,17,CAATCATGGAACAGGGTCAC,0,2270376
mcbAp5,0.05555555555555555,17,17,CAAGCGCGGCCCCCGTGGCG,0,2285882
mcbAp5,0.05555555555555555,17,17,CAACCCTGGCATACCTAAGG,0,2262332
mcbAp5,0.05555555555555555,17,17,ATTGGAGTGGTCTACTCTCT,0,2293565
mcbAp5,0.05555555555555555,17,17,ATGTTCTCCAAGGCCGCGTC,0,2282756
mcbAp5,0.05555555555555555,17,17,ATGTGTTGTCCGAGGAGTTT,0,2271497
mcbAp5,0.05555555555555555,17,17,ATGCGGACTGTGTAGCAAGG,0,2261182
mcbAp5,0.05555555555555555,17,17,ATGATGTGCTTATGCCCGGC,0,2267867
mcbAp5,0.05555555555555555,17,17,ATGATGAAGCGTACTGTCCG,0,2301850
mcbAp5,0.05555555555555555,17,17,ATCCGTCTTAAAGGGGTGTA,0,2284985
mcbAp5,0.05555555555555555,17,17,ATCCGCCAAAACTTTTTGTG,0,2270573
mcbAp5,0.05555555555555555,17,17,ATAGGAGTTTGAGAGCGAAA,0,2292214
mcbAp5,0.05555555555555555,17,17,ATAGAACGGGGAGTAATGTA,0,2299501
mcbAp5,0.05555555555555555,17,17,AGTGCGCAATGATCACGGAT,0,2285019
mcbAp5,0.05555555555555555,17,17,AGGTATCGGTCAGGCTAACG,0,2304602
mcbAp5,0.05555555555555555,17,17,AGGGGATCGAGGAGGATGAA,0,2294378
mcbAp5,0.05555555555555555,17,17,AGGATAAAAGAACGTTGTTA,0,2264427
mcbAp5,0.05555555555555555,17,17,AGCTTAAAATGCAGGTCATT,0,2307153
mcbAp5,0.05555555555555555,17,17,AGCCCCCTTAGCATGTGTTT,0,2309800
mcbAp5,0.05555555555555555,17,17,AGCAATGTGCACTTCGGGAG,0,2267401
mcbAp5,0.05555555555555555,17,17,AGAGGGCGAGCCGAAAGCTT,0,2272783
mcbAp5,0.05555555555555555,17,17,AGAGAAGGCGTCGGCTTAAC,0,2293718
mcbAp5,0.05555555555555555,17,17,AGACTCTCCTGGTGCGAATA,0,2308517
mcbAp5,0.05555555555555555,17,17,ACTAAAGGGTTCAAAGTTGG,0,2264252
mcbAp5,0.05555555555555555,17,17,ACGGCCATTGTCTCTGGGGG,0,2282331
mcbAp5,0.05555555555555555,17,17,ACATACCGGGTGTGACTTAA,0,2296739
mcbAp5,0.05555555555555555,17,17,ACACGTAGTGGAAGCTGAAT,0,2307358
mcbAp5,0.05555555555555555,17,17,AATATCTGCAAGAGGACTGA,0,2262278
mcbAp5,0.05555555555555555,17,17,AATAGAGCGAAAACCCTCCT,0,2286624
mcbAp5,0.05555555555555555,17,17,AAGGACCCTTAATGTGACCA,0,2286159
mcbAp5,0.05555555555555555,17,17,AAGCTATCCCTGTCTTGAGT,0,2263885
mcbAp5,0.05555555555555555,17,17,AACCGAGGATTCGTTCGAGC,0,2285617
mcbAp5,0.05555555555555555,17,17,AAATCATTATGGAAAATGCG,0,2282426
mcbAp5,0.05555555555555555,17,17,AAAACTAGGTAGGGTTTGTC,0,2271341
mcbAp5,0.058823529411764705,16,16,TTTTTGGGTAGAGTGAAGCA,0,2305978
mcbAp5,0.058823529411764705,16,16,TTGGTTCACTTGAGGCCCCA,0,2272872
mcbAp5,0.058823529411764705,16,16,TTGCAACTCCTCCCTGGTTA,0,2288243
mcbAp5,0.058823529411764705,16,16,TTCAGATCGGGAGGAAATTA,0,2278897
mcbAp5,0.058823529411764705,16,16,TTAATAGAGCAAAACCTCCA,0,2278543
mcbAp5,0.058823529411764705,16,16,TGTTCACCAGAATGAGAAGA,0,2290452
mcbAp5,0.058823529411764705,16,16,TGTGGTTGCTCTGCGATATA,0,2287455
mcbAp5,0.058823529411764705,16,16,TGGTTTGACCTCAGGCGACT,0,2298619
mcbAp5,0.058823529411764705,16,16,TGGTGGCGTGGAATGACGGA,0,2283703
mcbAp5,0.058823529411764705,16,16,TGCGTGTAGGCTCGCCCGCG,0,2301003
mcbAp5,0.058823529411764705,16,16,TGATTACGCGGACTGGTTTG,0,2279022
mcbAp5,0.058823529411764705,16,16,TGACCTTAAGAAAGTCAATA,0,2274587
mcbAp5,0.058823529411764705,16,16,TCTGTCTGGAGCTTCACGTT,0,2304544
mcbAp5,0.058823529411764705,16,16,TCTGCCGCGGGTTAGAGTGG,0,2272555
mcbAp5,0.058823529411764705,16,16,TCGCGGGGGATCGCCCCTTC,0,2295489
mcbAp5,0.058823529411764705,16,16,TCGCATGTCGGGACAAGTGT,0,2292010
mcbAp5,0.058823529411764705,16,16,TCCCTAACTTATCTTCATAC,0,2284419
mcbAp5,0.058823529411764705,16,16,TCCCAGCATTGAGACAACGT,0,2269017
mcbAp5,0.058823529411764705,16,16,TATTTGACACGGAGGCACGC,0,2288116
mcbAp5,0.058823529411764705,16,16,TAGGTATGCCAGGGGGTGGT,0,2283557
mcbAp5,0.058823529411764705,16,16,TAGGCATTGGTCTCTAGGTA,0,2308405
mcbAp5,0.058823529411764705,16,16,TAGAAACTCGCACCATCGGA,0,2272722
mcbAp5,0.058823529411764705,16,16,TACACCTGTTACTATGAAAT,0,2263124
mcbAp5,0.058823529411764705,16,16,TAATCAGGATTTGGGTGGTC,0,2308929
mcbAp5,0.058823529411764705,16,16,TAACCCGTTTGTGTGAGCTT,0,2283790
mcbAp5,0.058823529411764705,16,16,TAAAGACAATAGATCGCACG,0,2290515
mcbAp5,0.058823529411764705,16,16,GTTTGAACGAAATCTTACAT,0,2286304
mcbAp5,0.058823529411764705,16,16,GTTGTAACTTCGGCTGATCG,0,2291456
mcbAp5,0.058823529411764705,16,16,GTTCGGGAAGTCCCTACTAG,0,2304109
mcbAp5,0.058823529411764705,16,16,GTTCGACGATATAAATATGT,0,2315218
mcbAp5,0.058823529411764705,16,16,GTTCAGCTCCGTCGAGTTTG,0,2270300
mcbAp5,0.058823529411764705,16,16,GTGGTGAGATTTTTTCCACG,0,2305688
mcbAp5,0.058823529411764705,16,16,GTGGATAACTGTTTCCCTCG,0,2300757
mcbAp5,0.058823529411764705,16,16,GTCTTGGCGGAAGGAATCGT,0,2297312
mcbAp5,0.058823529411764705,16,16,GTCTCCGGGGAAAGTAGGTG,0,2282938
mcbAp5,0.058823529411764705,16,16,GTCGAAAAACTAAAGCTACG,0,2291152
mcbAp5,0.058823529411764705,16,16,GTCCTCCCGGCTCTACAAAA,0,2301526
mcbAp5,0.058823529411764705,16,16,GTCCGTGCTGCTAACTCATC,0,2263679
mcbAp5,0.058823529411764705,16,16,GTCCCCAATTACCGCGTCCA,0,2280658
mcbAp5,0.058823529411764705,16,16,GTAGAAGGCGGTGGCACAGA,0,2278996
mcbAp5,0.058823529411764705,16,16,GTACAAGGGGGCTTTGATGA,0,2281690
mcbAp5,0.058823529411764705,16,16,GGTCGCACTTCCGCGTGACG,0,2310665
mcbAp5,0.058823529411764705,16,16,GGGGCAGTAGTCGAATAATC,0,2279016
mcbAp5,0.058823529411764705,16,16,GGGCCTCTCTGGAGCCGGGA,0,2286166
mcbAp5,0.058823529411764705,16,16,GGATGTGCTTTTCGATCCTA,0,2287283
mcbAp5,0.058823529411764705,16,16,GGAGTCGCAACCTATATCGA,0,2298522
mcbAp5,0.058823529411764705,16,16,GGAGGGGGAATGGGAAAAGT,0,2299608
mcbAp5,0.058823529411764705,16,16,GCTTTTATAAACCGTTTGCA,0,2274521
mcbAp5,0.058823529411764705,16,16,GCTTGCTTTTGCCGGGAGTT,0,2263260
mcbAp5,0.058823529411764705,16,16,GCTTAACCCGGTGCCGGTCT,0,2265256
mcbAp5,0.058823529411764705,16,16,GCTGCAGTTCTGTGCGTAAA,0,2305503
mcbAp5,0.058823529411764705,16,16,GCTCGAAGCTTGTAGTGGAG,0,2304088
mcbAp5,0.058823529411764705,16,16,GCTAAGGGGAACGCTCGGAG,0,2271873
mcbAp5,0.058823529411764705,16,16,GCGTTGGTTACGTGGCGCCC,0,2281379
mcbAp5,0.058823529411764705,16,16,GCGTAAAGGAACAGTTCTAA,0,2305402
mcbAp5,0.058823529411764705,16,16,GCACCATGGTTCCGGCATGT,0,2292481
mcbAp5,0.058823529411764705,16,16,GCAAACAGTCGAGTAGCATT,0,2283589
mcbAp5,0.058823529411764705,16,16,GATCCAATTACTTAAAGTAG,0,2299840
mcbAp5,0.058823529411764705,16,16,GAGTAAACTCGTCCGGGTGT,0,2272133
mcbAp5,0.058823529411764705,16,16,GAGGCCTTCTATCGTTCTAA,0,2287359
mcbAp5,0.058823529411764705,16,16,GACCTACCAAGTTCCTAGCA,0,2267141
mcbAp5,0.058823529411764705,16,16,GACCCGCCATGATATGCGAC,0,2283204
mcbAp5,0.058823529411764705,16,16,GAAGGGTCTTCCTCGAATAC,0,2306855
mcbAp5,0.058823529411764705,16,16,GAAGGATTACGGCACCCGAA,0,2302386
mcbAp5,0.058823529411764705,16,16,GAACGCAGAGAGCCCCTAGT,0,2272060
mcbAp5,0.058823529411764705,16,16,CTTTTTATTCTAGCTCCGAG,0,2271491
mcbAp5,0.058823529411764705,16,16,CTTTAAAGACTCGTTCGGGT,0,2265896
mcbAp5,0.058823529411764705,16,16,CTTAGGTCTAGGACTAGGTG,0,2312675
mcbAp5,0.058823529411764705,16,16,CTGTTGCAGGAAATTAATGT,0,2267431
mcbAp5,0.058823529411764705,16,16,CTGGGTAGGGGTGATATCTG,0,2307216
mcbAp5,0.058823529411764705,16,16,CTGGGCCTGAGGGGCTCGGA,0,2289010
mcbAp5,0.058823529411764705,16,16,CTCCAGTGACCGTAGAAGTG,0,2277104
mcbAp5,0.058823529411764705,16,16,CTATCAAGCGCGATCAATAT,0,2289026
mcbAp5,0.058823529411764705,16,16,CTAGGACAGGGCGAAATTCT,0,2293299
mcbAp5,0.058823529411764705,16,16,CTAAGTAATCATCTGGAAAA,0,2275409
mcbAp5,0.058823529411764705,16,16,CGTCGTTCCCGCGAAGAATT,0,2304696
mcbAp5,0.058823529411764705,16,16,CGGTTCATCCCCGCAAGGTG,0,2270788
mcbAp5,0.058823529411764705,16,16,CGGCCTCTTGTGGCCCCTTT,0,2300786
mcbAp5,0.058823529411764705,16,16,CGGCCCAGCCTGCCTTGGCA,0,2303471
mcbAp5,0.058823529411764705,16,16,CGGCCACTTTAGTTTTTGAG,0,2277583
mcbAp5,0.058823529411764705,16,16,CGGCAGGAGTAATACCGGCA,0,2296711
mcbAp5,0.058823529411764705,16,16,CGGAGCCTGGACAGCCTAGT,0,2292196
mcbAp5,0.058823529411764705,16,16,CGCGCTTGGCAATCGAGTTC,0,2291457
mcbAp5,0.058823529411764705,16,16,CGCCCCGCAAGTATTTCCTC,0,2300114
mcbAp5,0.058823529411764705,16,16,CGATCCGATTTAAAGCATTC,0,2297082
mcbAp5,0.058823529411764705,16,16,CGACTAATAAAGTAGTAGGC,0,2263077
mcbAp5,0.058823529411764705,16,16,CGACGCCTCAATTGCTGTAA,0,2279895
mcbAp5,0.058823529411764705,16,16,CGAAGGGTCTATGCAACCTT,0,2288751
mcbAp5,0.058823529411764705,16,16,CCTTGAACGGCTAAATTGCC,0,2299829
mcbAp5,0.058823529411764705,16,16,CCTCTCTGTCACCTGAGGCG,0,2298390
mcbAp5,0.058823529411764705,16,16,CCTAGCCAAGTCTCTGAAAC,0,2262819
mcbAp5,0.058823529411764705,16,16,CCGTTACCGGGCAACAACAT,0,2289916
mcbAp5,0.058823529411764705,16,16,CCGGGATGCTAAATTTTAAA,0,2287597
mcbAp5,0.058823529411764705,16,16,CCCTGTCGGCGCCTTTTGGG,0,2281742
mcbAp5,0.058823529411764705,16,16,CCCTAGTCTTCTTGGTGGAG,0,2305582
mcbAp5,0.058823529411764705,16,16,CCCGTACACCCGTGCCCGGT,0,2283692
mcbAp5,0.058823529411764705,16,16,CCCGGGGCGTAGAAGCAATT,0,2272903
mcbAp5,0.058823529411764705,16,16,CCCGGATGCTGATATTCAAC,0,2274654
mcbAp5,0.058823529411764705,16,16,CCCAGTCTCTCTATTTCACT,0,2302828
mcbAp5,0.058823529411764705,16,16,CCATTGGCAAAGCAGTCTCT,0,2289354
mcbAp5,0.058823529411764705,16,16,CCATCGAGCCGACTACCGTA,0,2293704
mcbAp5,0.058823529411764705,16,16,CCAGTATACTCTCATCTTCA,0,2282056
mcbAp5,0.058823529411764705,16,16,CCACTAACAACGAGCGTGCC,0,2309128
mcbAp5,0.058823529411764705,16,16,CCAATGAGCAGTTCAACTCA,0,2310339
mcbAp5,0.058823529411764705,16,16,CATTCTTCGGGTACTCCAGA,0,2285378
mcbAp5,0.058823529411764705,16,16,CATGCGTTTGGTCTCGAACA,0,2291710
mcbAp5,0.058823529411764705,16,16,CAGGAGTAATTGCGCTGAAG,0,2308287
mcbAp5,0.058823529411764705,16,16,CACGATTGTCGTTTGAGATG,0,2295152
mcbAp5,0.058823529411764705,16,16,CACCAGGACCGGGGTGCTCA,0,2306839
mcbAp5,0.058823529411764705,16,16,CACATGGTCTTCCGGGAAGT,0,2291658
mcbAp5,0.058823529411764705,16,16,CACACTAGGGATTAGGTCTT,0,2302756
mcbAp5,0.058823529411764705,16,16,CAAGATGACGAGATAGGAAT,0,2277268
mcbAp5,0.058823529411764705,16,16,ATTTGGTCACTTTCGTCCAC,0,2307241
mcbAp5,0.058823529411764705,16,16,ATTGTTCTAGATCAACAAAG,0,2308408
mcbAp5,0.058823529411764705,16,16,ATTGGCTCCGCGTAAACAGA,0,2274562
mcbAp5,0.058823529411764705,16,16,ATTGCTGATTAGCTTCATAT,0,2277952
mcbAp5,0.058823529411764705,16,16,ATTGAGTACGCATCTCGCAG,0,2266801
mcbAp5,0.058823529411764705,16,16,ATTGAATAGGGGTGTATTTA,0,2294666
mcbAp5,0.058823529411764705,16,16,ATTCCCTCTGGCTCAGGCGC,0,2270364
mcbAp5,0.058823529411764705,16,16,ATGTCATGTGCGACTCCGGC,0,2304415
mcbAp5,0.058823529411764705,16,16,ATGCGTTGCCGGCATTGAAC,0,2270363
mcbAp5,0.058823529411764705,16,16,ATGACTGGCTCATTAGGCGT,0,2292485
mcbAp5,0.058823529411764705,16,16,ATCCTCATGATATTCAGGAA,0,2285278
mcbAp5,0.058823529411764705,16,16,ATCCCGAGCGTAGATAAGGG,0,2275480
mcbAp5,0.058823529411764705,16,16,ATAGCTAGCATCGCCAGCTC,0,2299760
mcbAp5,0.058823529411764705,16,16,ATACGAGCTGCAGTATATTC,0,2315155
mcbAp5,0.058823529411764705,16,16,ATACCTGCTGGGAGAACGGG,0,2290972
mcbAp5,0.058823529411764705,16,16,ATACCGTTATGGCTAAAGGA,0,2310431
mcbAp5,0.058823529411764705,16,16,ATACCATATACTCCTCGACG,0,2293272
mcbAp5,0.058823529411764705,16,16,ATAAAGCTGAACGTCAAAGG,0,2303741
mcbAp5,0.058823529411764705,16,16,AGTTTGCTATTGAAGGGCAA,0,2275486
mcbAp5,0.058823529411764705,16,16,AGTGAGCACGGCAACTCATA,0,2305071
mcbAp5,0.058823529411764705,16,16,AGTGAATAGACGCTCCACAT,0,2269978
mcbAp5,0.058823529411764705,16,16,AGGTTCCTAACAGGCGTACG,0,2307306
mcbAp5,0.058823529411764705,16,16,AGGTGCAACACAGTTGTACA,0,2263720
mcbAp5,0.058823529411764705,16,16,AGGGTGAAAAGTACCGCAGT,0,2265636
mcbAp5,0.058823529411764705,16,16,AGGGATTACAAGATCTAGTT,0,2285312
mcbAp5,0.058823529411764705,16,16,AGAAAGTGAGATCCGTCATG,0,2311956
mcbAp5,0.058823529411764705,16,16,ACTTGTTTTAGGCAAAGGAA,0,2264261
mcbAp5,0.058823529411764705,16,16,ACTTGGTTCTATAAATACTC,0,2274482
mcbAp5,0.058823529411764705,16,16,ACTTCCTTCCTGAAAACCGG,0,2302214
mcbAp5,0.058823529411764705,16,16,ACTGTAATGGGTTATGCATC,0,2262506
mcbAp5,0.058823529411764705,16,16,ACTGAATTACCGGAAACGGA,0,2268820
mcbAp5,0.058823529411764705,16,16,ACTAATGATCACACGCTGCT,0,2272522
mcbAp5,0.058823529411764705,16,16,ACGTTATTGATTAAGAATAG,0,2261967
mcbAp5,0.058823529411764705,16,16,ACGGATTCAAGCCCCCACTC,0,2278783
mcbAp5,0.058823529411764705,16,16,ACGAGTCAATCTAGGGGTAT,0,2297146
mcbAp5,0.058823529411764705,16,16,ACGACACCATGTATTTACAC,0,2312486
mcbAp5,0.058823529411764705,16,16,ACCTCGAACGCGCGGTCTCG,0,2297174
mcbAp5,0.058823529411764705,16,16,ACCCCGGGAGGAGTTTAAGA,0,2298463
mcbAp5,0.058823529411764705,16,16,ACATCAGTACTACCCTTGAT,0,2265408
mcbAp5,0.058823529411764705,16,16,ACATACAGTAGTCGGGAGAT,0,2305958
mcbAp5,0.058823529411764705,16,16,ACAGAGGAAAGGTGGGGAGG,0,2311020
mcbAp5,0.058823529411764705,16,16,ACACATAAGCTCCAAACGGG,0,2292568
mcbAp5,0.058823529411764705,16,16,ACAAGGAATTGTGGAGTGTA,0,2280818
mcbAp5,0.058823529411764705,16,16,AATCTAGTCAGGGAAGCTGT,0,2282301
mcbAp5,0.058823529411764705,16,16,AAGTGTCTACCGAGGTCCGT,0,2291678
mcbAp5,0.058823529411764705,16,16,AAGTGGACTACAGTCAGAAG,0,2288554
mcbAp5,0.058823529411764705,16,16,AAGAGCTGACGGGGCTGGCT,0,2296712
mcbAp5,0.058823529411764705,16,16,AACCCGGGGTCCCGAACTCC,0,2310381
mcbAp5,0.058823529411764705,16,16,AAATAGCTTTCGCCCCGCCT,0,2312024
mcbAp5,0.058823529411764705,16,16,AAAGATGGGTATAATTAAGA,0,2265453
mcbAp5,0.058823529411764705,16,16,AAACTGGACAATAACAACGT,0,2287017
mcbAp5,0.0625,15,15,TTTGGGGCGGACGTTGATGC,0,2269980
mcbAp5,0.0625,15,15,TTTGGATGACTTGAATAGGT,0,2303251
mcbAp5,0.0625,15,15,TTTCATTTTGTCAGTGGTAG,0,2285905
mcbAp5,0.0625,15,15,TTGGTATTCCTATGGGCAAC,0,2294381
mcbAp5,0.0625,15,15,TTGCTCCGATATATAAAACA,0,2282220
mcbAp5,0.0625,15,15,TTGAATCTGAGTCGGTTGGT,0,2266856
mcbAp5,0.0625,15,15,TTCTGTACAAGGGTTCATTA,0,2283941
mcbAp5,0.0625,15,15,TTCCGAAGCTCTTGTCTCTG,0,2277032
mcbAp5,0.0625,15,15,TTATTAGAGCTTACGGCGAC,0,2306012
mcbAp5,0.0625,15,15,TTAGGGATACGGACTCCCAG,0,2291209
mcbAp5,0.0625,15,15,TTAACCTGGGCGAAGCCATG,0,2269898
mcbAp5,0.0625,15,15,TGTTGCGATGGTAAAGTAAA,0,2300319
mcbAp5,0.0625,15,15,TGTTGACCGAAGTTAACAAT,0,2300544
mcbAp5,0.0625,15,15,TGTGGTTCCACGTTACATCA,0,2297543
mcbAp5,0.0625,15,15,TGTGGTTAGGATTTTCTTAT,0,2302358
mcbAp5,0.0625,15,15,TGTCCAAGACGGTCACTTTA,0,2309835
mcbAp5,0.0625,15,15,TGGGGACACTCAGTGGAAGA,0,2287424
mcbAp5,0.0625,15,15,TGGGCAACCCCGGGTGGGGC,0,2289386
mcbAp5,0.0625,15,15,TGGGAGTAAAGGCCACAAGT,0,2314289
mcbAp5,0.0625,15,15,TGCTGGCCGGTTAACGATTG,0,2302855
mcbAp5,0.0625,15,15,TGCCAATTCATCTGATTACT,0,2271791
mcbAp5,0.0625,15,15,TGAGGATCATCAAGGATGCT,0,2269093
mcbAp5,0.0625,15,15,TGAAAGGAGGGTCACTTAGA,0,2268388
mcbAp5,0.0625,15,15,TCGCCCCTAGGAGTCTCACA,0,2278997
mcbAp5,0.0625,15,15,TCGAAAAAAGCTTCTTAAAG,0,2278357
mcbAp5,0.0625,15,15,TCCTTTGCTGCCTTACCCTG,0,2283695
mcbAp5,0.0625,15,15,TCCTCCCTCGTATATGGACC,0,2307630
mcbAp5,0.0625,15,15,TCCGTTCATGGAGTACATTC,0,2264705
mcbAp5,0.0625,15,15,TCCACCCTCATCTGTCGGTT,0,2265078
mcbAp5,0.0625,15,15,TCATCCGAGAAAGGGACTCT,0,2274343
mcbAp5,0.0625,15,15,TCAGACGTAGGAGCTCTCCG,0,2268381
mcbAp5,0.0625,15,15,TCACGGGGGGTGTTACATGT,0,2263395
mcbAp5,0.0625,15,15,TATATGGCATCCGAGATCGC,0,2288067
mcbAp5,0.0625,15,15,TAGCCCCGCAATAGCCTACA,0,2289905
mcbAp5,0.0625,15,15,TAGATATGCATTCTCCACGC,0,2298512
mcbAp5,0.0625,15,15,TAGATACGGTTTAATCGTCG,0,2282510
mcbAp5,0.0625,15,15,TACGAATGATTAACCCGGTC,0,2270522
mcbAp5,0.0625,15,15,TACAAAAAATTTCATCGCGG,0,2302826
mcbAp5,0.0625,15,15,TAAGGGGGGTGTCCACCCCG,0,2306937
mcbAp5,0.0625,15,15,TAAAAGACTAGATGGAAGCA,0,2278827
mcbAp5,0.0625,15,15,GTTTCACCACGAATGGTGGA,0,2264051
mcbAp5,0.0625,15,15,GTGGAGCAACGGAAGGTAAT,0,2297803
mcbAp5,0.0625,15,15,GTGGAACGGCAGGTTATCAG,0,2275760
mcbAp5,0.0625,15,15,GTGCTATGGGCGTACAGATG,0,2265744
mcbAp5,0.0625,15,15,GTGAGACTGAATGCCACACT,0,2261184
mcbAp5,0.0625,15,15,GTGAGACCGCGTGACGAACT,0,2271137
mcbAp5,0.0625,15,15,GTCGTGTGAGAAATCATAGT,0,2286183
mcbAp5,0.0625,15,15,GTCGTCTAGATCCGATTTGG,0,2271002
mcbAp5,0.0625,15,15,GGTGGGGAGGACGAAATGTT,0,2296720
mcbAp5,0.0625,15,15,GGTCCGTCTGCCGAGCCCGT,0,2292923
mcbAp5,0.0625,15,15,GGTAGGACTGTTCTAGCGAT,0,2273733
mcbAp5,0.0625,15,15,GGTAAATAGAGTCGGTGGGA,0,2311742
mcbAp5,0.0625,15,15,GGTAAAACCCTTCATAGGGG,0,2296044
mcbAp5,0.0625,15,15,GGGTGAGTGGTCCGTACTGT,0,2273138
mcbAp5,0.0625,15,15,GGGGGCATCTTGACAATCCG,0,2305515
mcbAp5,0.0625,15,15,GGGAACTCTGGCCATTGTAT,0,2289597
mcbAp5,0.0625,15,15,GGCCTTTTACCCACCCACTT,0,2307582
mcbAp5,0.0625,15,15,GGCCACTAAAAAAAGTTGTT,0,2287019
mcbAp5,0.0625,15,15,GGCACCATTCAGTGACACGC,0,2298760
mcbAp5,0.0625,15,15,GGACCATAAGTACCTCGAAC,0,2313594
mcbAp5,0.0625,15,15,GGAATACCCCCTGGCGAGAA,0,2275763
mcbAp5,0.0625,15,15,GCTTCGTCAACTGTTTCTAC,0,2279661
mcbAp5,0.0625,15,15,GCTTCCCTCGCACGCGAGGG,0,2297691
mcbAp5,0.0625,15,15,GCTGTTCAACAATTTGCTGC,0,2311296
mcbAp5,0.0625,15,15,GCTATGTACTGGAAACGCAG,0,2281712
mcbAp5,0.0625,15,15,GCCTCTTCGATTTTCAAATA,0,2267701
mcbAp5,0.0625,15,15,GCCAGGATGCATGTCATCTA,0,2271490
mcbAp5,0.0625,15,15,GCATTTCTGGGTTCCGTTTC,0,2284050
mcbAp5,0.0625,15,15,GATAGTGCGCCAACAGTCCA,0,2279021
mcbAp5,0.0625,15,15,GAGTTAAAGAGAACAAGCCT,0,2266528
mcbAp5,0.0625,15,15,GAGCGGGATCCGGAACAATG,0,2269681
mcbAp5,0.0625,15,15,GAGACTTATTACCACTGGAT,0,2262976
mcbAp5,0.0625,15,15,GACTGAGCGTTCATGTACCA,0,2284410
mcbAp5,0.0625,15,15,GACAGGGCCGAGCTCTCAAC,0,2301312
mcbAp5,0.0625,15,15,GACAACACCATCGCAGAGGA,0,2262729
mcbAp5,0.0625,15,15,GAATAGCAGATGTTCCTGCG,0,2297823
mcbAp5,0.0625,15,15,CTTGTGTCAGATGCTTAAGG,0,2267889
mcbAp5,0.0625,15,15,CTTGTGGGTGCAGAGGCGAA,0,2288852
mcbAp5,0.0625,15,15,CTTATCGTGGTAGACGTTCA,0,2308355
mcbAp5,0.0625,15,15,CTGGGTCTGATTCCATACAT,0,2307898
mcbAp5,0.0625,15,15,CTGGACTGGCGTAATATTGG,0,2290595
mcbAp5,0.0625,15,15,CTGCGTGGGAATCTTTAATC,0,2303393
mcbAp5,0.0625,15,15,CTGCACCGGGTCTATTCATG,0,2290276
mcbAp5,0.0625,15,15,CTCGCACAAGGGATGTTGCT,0,2266810
mcbAp5,0.0625,15,15,CTCCTGTGTACCCGCTTTCC,0,2291492
mcbAp5,0.0625,15,15,CTCACGGTCCGAGCTGCGAG,0,2298698
mcbAp5,0.0625,15,15,CTATCATCCCTAGCAGCTTC,0,2307224
mcbAp5,0.0625,15,15,CTATATTCAAGGTCAATCCT,0,2304877
mcbAp5,0.0625,15,15,CTATATGCGATTCAAACTGA,0,2314494
mcbAp5,0.0625,15,15,CTACGGACAATAGTGGCCGA,0,2269371
mcbAp5,0.0625,15,15,CTAACTTTCACAAGCGTTGA,0,2272064
mcbAp5,0.0625,15,15,CGTGGCGGGAAAGGGTCTGT,0,2261886
mcbAp5,0.0625,15,15,CGTCCAGTGGAGATGAACAT,0,2275759
mcbAp5,0.0625,15,15,CGGGTTGAATTAAGATAGAA,0,2291086
mcbAp5,0.0625,15,15,CGGGTCAAGGCTACTGAGGA,0,2266388
mcbAp5,0.0625,15,15,CGGGGGCGGGGGTTCACCAT,0,2299854
mcbAp5,0.0625,15,15,CGGCGCCATGGTACGGGACT,0,2278101
mcbAp5,0.0625,15,15,CGCCTAGAGCCGGAACAAAG,0,2272510
mcbAp5,0.0625,15,15,CGCAGAACCGTGTGGAGGCA,0,2272187
mcbAp5,0.0625,15,15,CGATTTCATCCTTCGGTACA,0,2301648
mcbAp5,0.0625,15,15,CGATAAGTAGATATAACTAC,0,2273253
mcbAp5,0.0625,15,15,CCTACCAGGACCGGGACTCT,0,2276575
mcbAp5,0.0625,15,15,CCTAACCCCAATCTGGGCAT,0,2305716
mcbAp5,0.0625,15,15,CCGTGCGCTCGCAGAAGGCG,0,2299402
mcbAp5,0.0625,15,15,CCGGGCTCCGTGACTCTAAC,0,2266756
mcbAp5,0.0625,15,15,CCGCACGGTCTTTCATTGAC,0,2289068
mcbAp5,0.0625,15,15,CCGATTGCTCCTTAACCGTT,0,2285137
mcbAp5,0.0625,15,15,CCGACTAGAGGGCCTCCGTG,0,2269347
mcbAp5,0.0625,15,15,CCGAACCTCACGACCAGTTT,0,2286218
mcbAp5,0.0625,15,15,CCACTCACTACGTACCGAAG,0,2285133
mcbAp5,0.0625,15,15,CCACGATGCCGTTTTATAGG,0,2274721
mcbAp5,0.0625,15,15,CATTGTCCTCTCCAGCATGA,0,2300422
mcbAp5,0.0625,15,15,CATGTCCATGGTGTATCACT,0,2284199
mcbAp5,0.0625,15,15,CATCTGTCGCCATGTGCTAG,0,2276276
mcbAp5,0.0625,15,15,CATCCAGGGATGAAACCTAA,0,2276744
mcbAp5,0.0625,15,15,CATACCGCCCTTACACGGAC,0,2262063
mcbAp5,0.0625,15,15,CAGGTGCTCTGGGCAGACAC,0,2265976
mcbAp5,0.0625,15,15,CAGGGAACTTATTGTCGAAA,0,2268198
mcbAp5,0.0625,15,15,CAGGAGTTTAATTAGGGTAG,0,2261800
mcbAp5,0.0625,15,15,CACTTGCATAGACACCGTCG,0,2292562
mcbAp5,0.0625,15,15,CACGGCACGGTTGAATGGAA,0,2286552
mcbAp5,0.0625,15,15,CACGGAACGATCAGGACAGA,0,2312044
mcbAp5,0.0625,15,15,CACCTCTATTTGACTTGGAC,0,2272784
mcbAp5,0.0625,15,15,CAATGTGCATGAACCTCCGC,0,2292787
mcbAp5,0.0625,15,15,CAATGAATTGGGAGCCCCAC,0,2281258
mcbAp5,0.0625,15,15,CAATCTAACTTCTCTAGCCA,0,2275999
mcbAp5,0.0625,15,15,CAACGCGTGTTGTTTGGTAT,0,2283340
mcbAp5,0.0625,15,15,CAAATCAACGCGGGGAGGTG,0,2298583
mcbAp5,0.0625,15,15,CAAAGATCATGGCGAAAGAA,0,2292433
mcbAp5,0.0625,15,15,ATTTATAAGGTTGTAATCTC,0,2266299
mcbAp5,0.0625,15,15,ATTCTTCAACTACGGAAAAT,0,2269080
mcbAp5,0.0625,15,15,ATTAGTGTCATAATAGACTG,0,2287895
mcbAp5,0.0625,15,15,ATTAGTCTCTACCTACATAA,0,2288513
mcbAp5,0.0625,15,15,ATTACGCTTTTGTATATAGG,0,2310612
mcbAp5,0.0625,15,15,ATGTCTGCCGAGAACGGTGT,0,2283146
mcbAp5,0.0625,15,15,ATGCTTGTCCGGTGTTTTGT,0,2273735
mcbAp5,0.0625,15,15,ATGAGAAGTGCCTCATAGAG,0,2306072
mcbAp5,0.0625,15,15,ATCGTTGCATCTGTCGCGCA,0,2306151
mcbAp5,0.0625,15,15,ATCGCTGGACGGGCAGGAAG,0,2278089
mcbAp5,0.0625,15,15,ATCGCAGGACAACCAACGAC,0,2298419
mcbAp5,0.0625,15,15,ATCAGAACTCTGCTGCATAT,0,2286823
mcbAp5,0.0625,15,15,ATCAACGAAGCACTTAAATA,0,2306526
mcbAp5,0.0625,15,15,ATATCGGCGATATGCGCCGG,0,2274977
mcbAp5,0.0625,15,15,AGTGTCAATTAAGATCCCAC,0,2276795
mcbAp5,0.0625,15,15,AGTCAGAACTTGCTATAGGA,0,2297581
mcbAp5,0.0625,15,15,AGTATCCAGCGAGTGAGAAT,0,2303604
mcbAp5,0.0625,15,15,AGGCGCGCGAGCCCTGTGGC,0,2261293
mcbAp5,0.0625,15,15,AGGCCAGTCGGTGACGGTCG,0,2307683
mcbAp5,0.0625,15,15,AGCAACTATGGTGGCCTTTG,0,2273872
mcbAp5,0.0625,15,15,AGAGCCGGCATGTGAACGAC,0,2307981
mcbAp5,0.0625,15,15,AGACCGATTGATATAGGTAT,0,2288756
mcbAp5,0.0625,15,15,AGACAGCCTTAATTGGCGTG,0,2292872
mcbAp5,0.0625,15,15,ACTTTGTGTGACCCCACTCG,0,2273986
mcbAp5,0.0625,15,15,ACGTTGGTTTACATGTCTCA,0,2264878
mcbAp5,0.0625,15,15,ACGTCAAGCATCTGTATGAC,0,2314541
mcbAp5,0.0625,15,15,ACCGTAATAGTCGGACGAAG,0,2298892
mcbAp5,0.0625,15,15,ACCGGTGCGCCCATCGAACA,0,2296914
mcbAp5,0.0625,15,15,ACCATCACCAGTTAAACGTA,0,2263916
mcbAp5,0.0625,15,15,ACATCCAGCGGTCCCATTTT,0,2285517
mcbAp5,0.0625,15,15,ACAGTCTTGGCGAGGTACTG,0,2300814
mcbAp5,0.0625,15,15,ACAGTCTCACGATCGGCTCA,0,2312073
mcbAp5,0.0625,15,15,ACAAGGACCTCTTCCAGCGA,0,2272785
mcbAp5,0.0625,15,15,AATCTACGACGCCATGTTAT,0,2304567
mcbAp5,0.0625,15,15,AATAGCATAACGCAGGATAT,0,2298834
mcbAp5,0.0625,15,15,AAGTAAGACCTAGAATGAGT,0,2275064
mcbAp5,0.0625,15,15,AAGATGTTGCTACGTCCCAG,0,2310933
mcbAp5,0.0625,15,15,AAGAGGGTGGAAATTAACGT,0,2270671
mcbAp5,0.0625,15,15,AACTGGAAGCACACCATCGA,0,2261951
mcbAp5,0.0625,15,15,AACCCGAAAAAAATCCGGTA,0,2295973
mcbAp5,0.0625,15,15,AACACGTATGTAGAACATAA,0,2268762
mcbAp5,0.0625,15,15,AAATCTCGTCGCAAAGGGCG,0,2292649
mcbAp5,0.0625,15,15,AAATAAGCGCGACGAGCAGT,0,2268624
mcbAp5,0.0625,15,15,AAAGGCACAAAAGATTTTGC,0,2305588
mcbAp5,0.0625,15,15,AAAGCACATCGCTATTTTTC,0,2269953
mcbAp5,0.06666666666666667,14,14,TTTTGATCGACAACCGATAG,0,2298016
mcbAp5,0.06666666666666667,14,14,TTTCGTTCTTTCAGCTTCGC,0,2295933
mcbAp5,0.06666666666666667,14,14,TTTAGGCTTGTTGCCGTCAT,0,2274134
mcbAp5,0.06666666666666667,14,14,TTTAAATGCTGTCAACATGG,0,2269574
mcbAp5,0.06666666666666667,14,14,TTGTGCAGTTACGTTCACCG,0,2272551
mcbAp5,0.06666666666666667,14,14,TTGGTCAACGGTCGTTCTGA,0,2275624
mcbAp5,0.06666666666666667,14,14,TTGCCGCCGGTAACAAACCC,0,2282751
mcbAp5,0.06666666666666667,14,14,TTCGCAGTCGTGTAGTTGCT,0,2310205
mcbAp5,0.06666666666666667,14,14,TTCGATTTCGGAATGCTTTA,0,2289011
mcbAp5,0.06666666666666667,14,14,TTAGAATCGCCCCACATGCC,0,2278145
mcbAp5,0.06666666666666667,14,14,TTACTTGGAGCGACCCGGAA,0,2297144
mcbAp5,0.06666666666666667,14,14,TTAATCGAAGGCCTGGAGAT,0,2262164
mcbAp5,0.06666666666666667,14,14,TGTCTCCACCCCATCCGGTC,0,2293660
mcbAp5,0.06666666666666667,14,14,TGTCTATTTCTAAGGAATAA,0,2301698
mcbAp5,0.06666666666666667,14,14,TGTCGTAGAAATTGTTAAGT,0,2291389
mcbAp5,0.06666666666666667,14,14,TGTCATAGAGCTAGGGGCTG,0,2272403
mcbAp5,0.06666666666666667,14,14,TGTATTGTGCTTGATCTTGT,0,2302536
mcbAp5,0.06666666666666667,14,14,TGTACCGTCGAGCAACAGTT,0,2279942
mcbAp5,0.06666666666666667,14,14,TGTACAACTACACTCACGCG,0,2309021
mcbAp5,0.06666666666666667,14,14,TGGACTCCAAGGGAGTTTTC,0,2309772
mcbAp5,0.06666666666666667,14,14,TGCGCTCAGGGCGTGGGCAA,0,2280131
mcbAp5,0.06666666666666667,14,14,TGCGACACAAAGTTCAGGGG,0,2275943
mcbAp5,0.06666666666666667,14,14,TGCAGGCGTGAGCTGCAATG,0,2287405
mcbAp5,0.06666666666666667,14,14,TGATGGGGCCTTTGCGTCTA,0,2301441
mcbAp5,0.06666666666666667,14,14,TGAGTGGGGGTCCGTTCAAG,0,2284040
mcbAp5,0.06666666666666667,14,14,TGAGGCGATGGCTAGCCAAG,0,2310066
mcbAp5,0.06666666666666667,14,14,TGACTAATCGGGAGGTACAG,0,2313306
mcbAp5,0.06666666666666667,14,14,TCTTATTAAAAAATCAAAGG,0,2303842
mcbAp5,0.06666666666666667,14,14,TCCGAATGACGTCGCTGCCC,0,2308177
mcbAp5,0.06666666666666667,14,14,TCCCTCCACCGTGGATGTTT,0,2308986
mcbAp5,0.06666666666666667,14,14,TCCAGGCTCCACGTAGGATC,0,2312427
mcbAp5,0.06666666666666667,14,14,TCCAGATATGATTGTCCAGT,0,2261842
mcbAp5,0.06666666666666667,14,14,TCCACGAGAGGCAATTTCCC,0,2287073
mcbAp5,0.06666666666666667,14,14,TCATCACTATGCGGTCATCA,0,2300016
mcbAp5,0.06666666666666667,14,14,TCAGTGCCTGGTGCTACTGA,0,2270092
mcbAp5,0.06666666666666667,14,14,TCACTGTGGGAGGACTGTCT,0,2289397
mcbAp5,0.06666666666666667,14,14,TCAAAAGTCTGCGCGCTTGC,0,2275482
mcbAp5,0.06666666666666667,14,14,TATCGTCCGCATCTATAGAT,0,2284280
mcbAp5,0.06666666666666667,14,14,TATACAACTGCCGATTATGC,0,2294452
mcbAp5,0.06666666666666667,14,14,TAGGAGCGTTCTGTTAGGCT,0,2263127
mcbAp5,0.06666666666666667,14,14,TAGACGAGGCCGGCTTATTT,0,2264052
mcbAp5,0.06666666666666667,14,14,TAGAAACCTCCAAATCGACC,0,2283988
mcbAp5,0.06666666666666667,14,14,TACGTACCCTAAACGCTACT,0,2270639
mcbAp5,0.06666666666666667,14,14,TACCACCCAGCTGGCAACTT,0,2295719
mcbAp5,0.06666666666666667,14,14,TACATCTTTAGGTTGGCCTC,0,2294218
mcbAp5,0.06666666666666667,14,14,TAATATAAAGACGTCAGGCC,0,2265172
mcbAp5,0.06666666666666667,14,14,TAACTAGATTCGAAATGCGG,0,2287727
mcbAp5,0.06666666666666667,14,14,TAACGATGAACTACCTGATG,0,2263940
mcbAp5,0.06666666666666667,14,14,TAACCGATAGCCCCACCCTG,0,2295700
mcbAp5,0.06666666666666667,14,14,GTTGGAGGACAGAACAGCGT,0,2296821
mcbAp5,0.06666666666666667,14,14,GTTAATGAGGCCACGCCTAG,0,2294827
mcbAp5,0.06666666666666667,14,14,GTGGCAACCAATGGTAGGAA,0,2300600
mcbAp5,0.06666666666666667,14,14,GTCTCGGCCGGAACCCATTT,0,2307907
mcbAp5,0.06666666666666667,14,14,GTCGTAGTCCACTTGCCCAT,0,2311347
mcbAp5,0.06666666666666667,14,14,GTCGCTTCTTGAAATGACCT,0,2275086
mcbAp5,0.06666666666666667,14,14,GTCGAACATGAATGTCTCGG,0,2286473
mcbAp5,0.06666666666666667,14,14,GTCCTTCCAACATTTTAGGG,0,2264276
mcbAp5,0.06666666666666667,14,14,GTAGGATATTATGGGAGCGG,0,2295765
mcbAp5,0.06666666666666667,14,14,GTAGGAACCTGTAAGGCAGT,0,2287598
mcbAp5,0.06666666666666667,14,14,GTAGCTTGCAGTTGCCAGTA,0,2284941
mcbAp5,0.06666666666666667,14,14,GTAGAGCCGACATGCCCTCG,0,2265403
mcbAp5,0.06666666666666667,14,14,GTACTGGCGCGGTCGCGTAG,0,2308251
mcbAp5,0.06666666666666667,14,14,GTACGTACACCACCAAGCGG,0,2289997
mcbAp5,0.06666666666666667,14,14,GTACAGGCGTGCGCGGCCCT,0,2300837
mcbAp5,0.06666666666666667,14,14,GTAATTGTACAGGCAGAGAA,0,2303248
mcbAp5,0.06666666666666667,14,14,GTAACAGCTGTGATAGATGT,0,2269246
mcbAp5,0.06666666666666667,14,14,GGTGGAGGTTCCCGTTATTG,0,2297410
mcbAp5,0.06666666666666667,14,14,GGTGCGTAACACTGCCTCTA,0,2262368
mcbAp5,0.06666666666666667,14,14,GGTCTGGGAGGCATTCTGTT,0,2272720
mcbAp5,0.06666666666666667,14,14,GGTCTGAACACGTGATCAGG,0,2274725
mcbAp5,0.06666666666666667,14,14,GGTCTCTATCTGGCTGCACA,0,2284253
mcbAp5,0.06666666666666667,14,14,GGTCGTCAAGAGCGCTTCGG,0,2261298
mcbAp5,0.06666666666666667,14,14,GGGTGATAATCATCATTAGA,0,2289299
mcbAp5,0.06666666666666667,14,14,GGGACTCAACATACCACAGG,0,2293226
mcbAp5,0.06666666666666667,14,14,GGGACAGAGGCCAAATACTT,0,2269575
mcbAp5,0.06666666666666667,14,14,GGGAAGTCCACCACTCCATG,0,2312025
mcbAp5,0.06666666666666667,14,14,GGCTTGTGGATCCGGTGACC,0,2265388
mcbAp5,0.06666666666666667,14,14,GGATATTAACCTGCGGAGGC,0,2268114
mcbAp5,0.06666666666666667,14,14,GGAATGCCGCCTGGGAAAGA,0,2297878
mcbAp5,0.06666666666666667,14,14,GGAACAGCGTCAATCTTAAC,0,2274549
mcbAp5,0.06666666666666667,14,14,GCTATTCTCGGGACGCGCCA,0,2268122
mcbAp5,0.06666666666666667,14,14,GCGTGAGGGAGACTAGACCG,0,2274232
mcbAp5,0.06666666666666667,14,14,GCGGCTTTCGTGTGACGGAA,0,2274899
mcbAp5,0.06666666666666667,14,14,GCGGCTCTAGAGTTTACGCT,0,2282727
mcbAp5,0.06666666666666667,14,14,GCGGATGTTAGATTACGTTC,0,2285619
mcbAp5,0.06666666666666667,14,14,GCGCGAGCTCTTTCTCTTGA,0,2290026
mcbAp5,0.06666666666666667,14,14,GCGCAGGTGACCGAATGCTC,0,2292472
mcbAp5,0.06666666666666667,14,14,GCGATCCGCATATAATGATC,0,2292311
mcbAp5,0.06666666666666667,14,14,GCCGTTGGGATTGTGGCCAC,0,2314757
mcbAp5,0.06666666666666667,14,14,GCCCAGACATGGGAATAATG,0,2264259
mcbAp5,0.06666666666666667,14,14,GCCACGCTAGAAGTGCTGCA,0,2306966
mcbAp5,0.06666666666666667,14,14,GATTATTATGCGTATGGCTA,0,2292771
mcbAp5,0.06666666666666667,14,14,GATCTTTATCTGGCACCCCT,0,2313399
mcbAp5,0.06666666666666667,14,14,GATCCCTTTATCGCTGATAT,0,2297677
mcbAp5,0.06666666666666667,14,14,GATCAGTGCCCGGAATATGG,0,2292191
mcbAp5,0.06666666666666667,14,14,GATCAGGTGCGGCGATGCCA,0,2301356
mcbAp5,0.06666666666666667,14,14,GATATCAATTTGTACGAAAT,0,2276446
mcbAp5,0.06666666666666667,14,14,GAGTGTCTGGTATAATGGCT,0,2282053
mcbAp5,0.06666666666666667,14,14,GAGGTCAGAGCGTACGACCA,0,2287454
mcbAp5,0.06666666666666667,14,14,GAGCAACTTGATCAGAAAAG,0,2279486
mcbAp5,0.06666666666666667,14,14,GACATGTTACGGCAGGATGA,0,2307489
mcbAp5,0.06666666666666667,14,14,GAATTGATTCTAGACACAGC,0,2294838
mcbAp5,0.06666666666666667,14,14,GAAGTCTGGAGAATACCCTT,0,2309838
mcbAp5,0.06666666666666667,14,14,GAAGGATTCGTATGATTTGC,0,2282129
mcbAp5,0.06666666666666667,14,14,GAACCGGTGAGCAATAGCTA,0,2265092
mcbAp5,0.06666666666666667,14,14,CTTCTCCAAAAGCACCTCTC,0,2275833
mcbAp5,0.06666666666666667,14,14,CTTCCGACCAGGCTCGTTCC,0,2264188
mcbAp5,0.06666666666666667,14,14,CTTACCTCCCGAACCCCCCT,0,2270227
mcbAp5,0.06666666666666667,14,14,CTTACAAATATGAACCGCGA,0,2314053
mcbAp5,0.06666666666666667,14,14,CTTAAGGTTGGCTGCACCAC,0,2276080
mcbAp5,0.06666666666666667,14,14,CTGTCAGTATGGTCGCTGAC,0,2273498
mcbAp5,0.06666666666666667,14,14,CTGTCACACCTCTTGCTGAG,0,2263915
mcbAp5,0.06666666666666667,14,14,CTGGTATCAAGGACTCTTCG,0,2261440
mcbAp5,0.06666666666666667,14,14,CTGGACGTCGTTGTAAATGA,0,2302236
mcbAp5,0.06666666666666667,14,14,CTGCTCGAAAGGGTATATTT,0,2292874
mcbAp5,0.06666666666666667,14,14,CTGCGTACTTGCTGCTGCGA,0,2305674
mcbAp5,0.06666666666666667,14,14,CTCCGTTTTGAATCACGCTA,0,2306685
mcbAp5,0.06666666666666667,14,14,CTCAGTACATGGGGAAGTAA,0,2306132
mcbAp5,0.06666666666666667,14,14,CTAGATGGCACTGAGCTTAT,0,2280562
mcbAp5,0.06666666666666667,14,14,CTACTTCCTCCCCTTGATCA,0,2290092
mcbAp5,0.06666666666666667,14,14,CTACTGCTGGAATGCGGTTG,0,2275586
mcbAp5,0.06666666666666667,14,14,CGTGCAGAGCGCTGGTTTTA,0,2271136
mcbAp5,0.06666666666666667,14,14,CGTCTAAAATCGGAGGACCT,0,2309561
mcbAp5,0.06666666666666667,14,14,CGTAGATCCGACGCGAGCGA,0,2298496
mcbAp5,0.06666666666666667,14,14,CGGTAGGCTGACCTCTGGCG,0,2287422
mcbAp5,0.06666666666666667,14,14,CGGGGCTTGGAACTGATTAT,0,2306016
mcbAp5,0.06666666666666667,14,14,CGGCTATGTGGAATGGCAAT,0,2301004
mcbAp5,0.06666666666666667,14,14,CGGATCTGAAGGTCTGCATC,0,2307637
mcbAp5,0.06666666666666667,14,14,CGCCGCAGGCTCCGGCCCTA,0,2276699
mcbAp5,0.06666666666666667,14,14,CGCCACAGAAAGCCAGGTCT,0,2302973
mcbAp5,0.06666666666666667,14,14,CGAGCTGCATAAGGCGCCAG,0,2304332
mcbAp5,0.06666666666666667,14,14,CGAAGCGGCAGTCGCCCATG,0,2282509
mcbAp5,0.06666666666666667,14,14,CGAAAGCATTTTAGAGTATG,0,2270153
mcbAp5,0.06666666666666667,14,14,CCTTGCCGGGGATGCGCACT,0,2312974
mcbAp5,0.06666666666666667,14,14,CCTGTCAATCCCCTTTCTCC,0,2281964
mcbAp5,0.06666666666666667,14,14,CCTGCCTTACAGAAAAACAT,0,2308875
mcbAp5,0.06666666666666667,14,14,CCTCCTCTTGATTGATCAGT,0,2295270
mcbAp5,0.06666666666666667,14,14,CCTCAGCATGTTCCGTATCT,0,2269594
mcbAp5,0.06666666666666667,14,14,CCTATCTGAAATGATTCCAC,0,2311008
mcbAp5,0.06666666666666667,14,14,CCGGGCGCTCCTTGGATCGG,0,2309755
mcbAp5,0.06666666666666667,14,14,CCGCGCGTCCCGGCAGGAAA,0,2281929
mcbAp5,0.06666666666666667,14,14,CCCTACTTAGGTGGTCAGTA,0,2274245
mcbAp5,0.06666666666666667,14,14,CCCGGGTCGCACCAATTAGT,0,2285556
mcbAp5,0.06666666666666667,14,14,CCCGGGAGGAGGTTTGGCTT,0,2304118
mcbAp5,0.06666666666666667,14,14,CCCCGTTACCAAATTTGCAA,0,2288895
mcbAp5,0.06666666666666667,14,14,CCCCCGACGATCACGCCTCA,0,2314189
mcbAp5,0.06666666666666667,14,14,CCCATATGAACTTGACCTTA,0,2289295
mcbAp5,0.06666666666666667,14,14,CCCACCCGGAGAAGGTAGCT,0,2263327
mcbAp5,0.06666666666666667,14,14,CCCAAGTTTCGTTCGTCCTG,0,2306353
mcbAp5,0.06666666666666667,14,14,CCATCTGCGTATGTAAGCGT,0,2311311
mcbAp5,0.06666666666666667,14,14,CCAGGTCTTACCGTCCAATA,0,2284538
mcbAp5,0.06666666666666667,14,14,CATTCCCCAGAAACAACATC,0,2262792
mcbAp5,0.06666666666666667,14,14,CATGGTCCACCCCCAGTCAG,0,2274110
mcbAp5,0.06666666666666667,14,14,CAGTCTACGATTTTTTTCCC,0,2273145
mcbAp5,0.06666666666666667,14,14,CAGCTGTAATTAGCCTCTAT,0,2270296
mcbAp5,0.06666666666666667,14,14,CAGCTAAGAATGGTCTTATC,0,2292402
mcbAp5,0.06666666666666667,14,14,CAGCACGGGGAAAAATCTCA,0,2302714
mcbAp5,0.06666666666666667,14,14,CAGAGGCCGGCTAGACGTCA,0,2315069
mcbAp5,0.06666666666666667,14,14,CACTGGCATTGAACCGGGTA,0,2290883
mcbAp5,0.06666666666666667,14,14,CACGTGTCCAAACAGTTTCG,0,2305434
mcbAp5,0.06666666666666667,14,14,CACGAACTGTGGTCGCGCCT,0,2278266
mcbAp5,0.06666666666666667,14,14,CACCAGGTGTGCCCGTATAA,0,2275585
mcbAp5,0.06666666666666667,14,14,CACATCTGTCGAAGAGACGT,0,2271427
mcbAp5,0.06666666666666667,14,14,CACATCCAAGGGACCAACTG,0,2284279
mcbAp5,0.06666666666666667,14,14,CAATTTGTCCGGGAAATAAA,0,2300432
mcbAp5,0.06666666666666667,14,14,CAAGCTGCACAGGCTACGTC,0,2276891
mcbAp5,0.06666666666666667,14,14,CAACTTGCGGAACTTACATG,0,2262550
mcbAp5,0.06666666666666667,14,14,CAACCCCACTCCTGTACTCA,0,2281967
mcbAp5,0.06666666666666667,14,14,CAAACCCTGTTCTTTGGACT,0,2268661
mcbAp5,0.06666666666666667,14,14,CAAACACATACCAAACTCTT,0,2289611
mcbAp5,0.06666666666666667,14,14,ATTGTGCTGCGGGCTGACTC,0,2312238
mcbAp5,0.06666666666666667,14,14,ATTATCCCTTTATTGGCATC,0,2264097
mcbAp5,0.06666666666666667,14,14,ATTAGTTCCAAAACAACTCT,0,2308829
mcbAp5,0.06666666666666667,14,14,ATGGGGTGGGGTACTCACTC,0,2284200
mcbAp5,0.06666666666666667,14,14,ATGGGCGTCCGGGTCCTCTA,0,2302548
mcbAp5,0.06666666666666667,14,14,ATGGCCAACCCGTTACTGGA,0,2293543
mcbAp5,0.06666666666666667,14,14,ATGAGAGGTGCTCACAATCA,0,2311471
mcbAp5,0.06666666666666667,14,14,ATGAAGCCCCAGGAGGCCGA,0,2269775
mcbAp5,0.06666666666666667,14,14,ATCCTATTTTGGATGAACTG,0,2279833
mcbAp5,0.06666666666666667,14,14,ATCAGCCAAGTTCTGGAAAG,0,2290217
mcbAp5,0.06666666666666667,14,14,ATCAGACTGACACGTTAGAC,0,2265575
mcbAp5,0.06666666666666667,14,14,ATAGTTACCAGGCGGCTTTT,0,2281452
mcbAp5,0.06666666666666667,14,14,ATAGTGCGTAATCCATGGTG,0,2264045
mcbAp5,0.06666666666666667,14,14,AGTTACGCAATTGATGTCTG,0,2263197
mcbAp5,0.06666666666666667,14,14,AGTGGGCAAGTGTTAAAGAT,0,2274259
mcbAp5,0.06666666666666667,14,14,AGTACGGGGCATGGTCCTGC,0,2264771
mcbAp5,0.06666666666666667,14,14,AGTAATCCCGACACCGGCCG,0,2303925
mcbAp5,0.06666666666666667,14,14,AGGTTCTAGCGCGTCTCAGA,0,2304905
mcbAp5,0.06666666666666667,14,14,AGGTTAATTTAGTTGCACCA,0,2273097
mcbAp5,0.06666666666666667,14,14,AGGTACCAATACTGCGACTT,0,2306573
mcbAp5,0.06666666666666667,14,14,AGGGTCGAAATTAAGATTCT,0,2278231
mcbAp5,0.06666666666666667,14,14,AGGACGGGAGTGATCCATGG,0,2266202
mcbAp5,0.06666666666666667,14,14,AGGACATTATCGCTGGTATA,0,2304733
mcbAp5,0.06666666666666667,14,14,AGCTTTGGGATTGCACATGT,0,2266812
mcbAp5,0.06666666666666667,14,14,AGCGACCAGCCGTTGCTCCA,0,2307538
mcbAp5,0.06666666666666667,14,14,AGCCGAAATTGCTATGTATT,0,2301335
mcbAp5,0.06666666666666667,14,14,AGATGCAGCCTAGGTGCCTT,0,2284227
mcbAp5,0.06666666666666667,14,14,AGAGCTCTTGCAGGTCATCA,0,2302859
mcbAp5,0.06666666666666667,14,14,ACTGGGCTCCAGATTCTCCA,0,2261230
mcbAp5,0.06666666666666667,14,14,ACTAAGAGTGGGGTCGGTAC,0,2266092
mcbAp5,0.06666666666666667,14,14,ACGCCCTAAGGCATACGAAG,0,2280583
mcbAp5,0.06666666666666667,14,14,ACCTTCTACGATCTGCAGTA,0,2264874
mcbAp5,0.06666666666666667,14,14,ACCGTCAATTTCAGTAGGCT,0,2292885
mcbAp5,0.06666666666666667,14,14,ACCGCCAACCCGCCGCCGAA,0,2309435
mcbAp5,0.06666666666666667,14,14,ACCGATAGTTCATCCTCTAT,0,2281194
mcbAp5,0.06666666666666667,14,14,ACCCTTAAGTTGAGCGAGTC,0,2292014
mcbAp5,0.06666666666666667,14,14,ACCCACAACTCACCTAGGGT,0,2265424
mcbAp5,0.06666666666666667,14,14,ACCATTCCACCACCTTGCTG,0,2263761
mcbAp5,0.06666666666666667,14,14,ACCACAGCGGTAAACGCGTC,0,2287360
mcbAp5,0.06666666666666667,14,14,ACAGACTTGGTCTGCACCAC,0,2288136
mcbAp5,0.06666666666666667,14,14,ACACCATGCCCGTAGCATGT,0,2292367
mcbAp5,0.06666666666666667,14,14,ACAATCGTATGTGAACAGCT,0,2281193
mcbAp5,0.06666666666666667,14,14,AATTTAGAATTAGGTGTCAA,0,2276479
mcbAp5,0.06666666666666667,14,14,AATTAAATATATTCGACTGG,0,2261116
mcbAp5,0.06666666666666667,14,14,AATCTCGGCCCGGACGGTGC,0,2297288
mcbAp5,0.06666666666666667,14,14,AATAGTAGCATGCTATCTAA,0,2292020
mcbAp5,0.06666666666666667,14,14,AAGTAAGGGCTTGGGTGATG,0,2313599
mcbAp5,0.06666666666666667,14,14,AAGGTTATGGGGTTAATGGT,0,2279512
mcbAp5,0.06666666666666667,14,14,AAGGCCGAGGTAATAACGGA,0,2267194
mcbAp5,0.06666666666666667,14,14,AAGCAGCAGCCCCAGTTCTG,0,2311209
mcbAp5,0.06666666666666667,14,14,AAGAACATCGCAATTTAGAG,0,2264040
mcbAp5,0.06666666666666667,14,14,AAGAAAAAGGACGAACATAC,0,2281523
mcbAp5,0.06666666666666667,14,14,AACGCATCGGGCGAGCCTCT,0,2308791
mcbAp5,0.06666666666666667,14,14,AACGAATTGACGGTCGATGG,0,2277095
mcbAp5,0.06666666666666667,14,14,AACAAAAACCGTAGCGTCTA,0,2301948
mcbAp5,0.06666666666666667,14,14,AAATCACTCTCTTCCACAGG,0,2314248
mcbAp5,0.06666666666666667,14,14,AAATAGCTACCATGCTATGA,0,2263398
mcbAp5,0.06666666666666667,14,14,AAACGCGGAGCGGACAGTCA,0,2274765
mcbAp5,0.06666666666666667,14,14,AAACCCCGCAGCACTACCCC,0,2291099
mcbAp5,0.06666666666666667,14,14,AAAATTCCACTGAGGAGGAT,0,2283282
mcbAp5,0.06666666666666667,14,14,AAAAATTATCAGGAACAAAG,0,2269847
mcbAp5,0.07142857142857142,13,13,TTTTGGACCCACGTACCCCT,0,2271465
mcbAp5,0.07142857142857142,13,13,TTTTAGCGCTGGGGCTATTC,0,2273933
mcbAp5,0.07142857142857142,13,13,TTGTTACGCGACAGGTGCAG,0,2292070
mcbAp5,0.07142857142857142,13,13,TTGGTATTGACACGTTGTTA,0,2292159
mcbAp5,0.07142857142857142,13,13,TTGGACGTATCAAGCCAGTT,0,2301488
mcbAp5,0.07142857142857142,13,13,TTGGACGGACCGCAGTTATA,0,2305154
mcbAp5,0.07142857142857142,13,13,TTGATTAAGACAGTTTGAAA,0,2272884
mcbAp5,0.07142857142857142,13,13,TTGACAATGATTTTCCAAGG,0,2288678
mcbAp5,0.07142857142857142,13,13,TTGAAGCAGCCTGCTATATA,0,2292507
mcbAp5,0.07142857142857142,13,13,TTCTGGCACGGAGCGTCTCT,0,2263766
mcbAp5,0.07142857142857142,13,13,TTCGGGGACTCTTAATGCGT,0,2279056
mcbAp5,0.07142857142857142,13,13,TTCGACGGGTAGAACTTGCA,0,2287932
mcbAp5,0.07142857142857142,13,13,TTCCCTATGATCTGTTGATT,0,2287850
mcbAp5,0.07142857142857142,13,13,TTCCAAGTTCGTGAAAGGCT,0,2288213
mcbAp5,0.07142857142857142,13,13,TTCAGACACGGGTTGTGTAT,0,2287899
mcbAp5,0.07142857142857142,13,13,TTAAAGCTGGAACATGTTCA,0,2304934
mcbAp5,0.07142857142857142,13,13,TGTTTCCGATTATGAAGACG,0,2286085
mcbAp5,0.07142857142857142,13,13,TGGTGGGCATTAGGGGGCCT,0,2288970
mcbAp5,0.07142857142857142,13,13,TGGGGTAGTGGGAACTGAGT,0,2291750
mcbAp5,0.07142857142857142,13,13,TGGCGCATGCCTTGCCCAGC,0,2310667
mcbAp5,0.07142857142857142,13,13,TGGCAATTGACACATTCTAA,0,2295205
mcbAp5,0.07142857142857142,13,13,TGGAGAATGGTCCTGCTCAA,0,2308112
mcbAp5,0.07142857142857142,13,13,TGCTTTATGTTTGGTTGCCT,0,2293327
mcbAp5,0.07142857142857142,13,13,TGCTCTCCTGGGGCTTCCTG,0,2289692
mcbAp5,0.07142857142857142,13,13,TGACTGCCAGTCGAGCGCGT,0,2297486
mcbAp5,0.07142857142857142,13,13,TCTTACCGGAAGTGGTACTC,0,2283644
mcbAp5,0.07142857142857142,13,13,TCTGCCGGCGGACTTCCAGC,0,2269861
mcbAp5,0.07142857142857142,13,13,TCTACAGTAGTCAAACAGGA,0,2294447
mcbAp5,0.07142857142857142,13,13,TCGTTATCAGCCAGATGATT,0,2302601
mcbAp5,0.07142857142857142,13,13,TCGTTAGCTCAACAATTCTT,0,2269940
mcbAp5,0.07142857142857142,13,13,TCGGATTGCATGGTATGCTC,0,2298746
mcbAp5,0.07142857142857142,13,13,TCGCTCGTATGCCCGTCGTC,0,2264644
mcbAp5,0.07142857142857142,13,13,TCGCATTGGCTGTCTTCCGT,0,2274357
mcbAp5,0.07142857142857142,13,13,TCGCATGCGTCGAATCCCTC,0,2312429
mcbAp5,0.07142857142857142,13,13,TCCTTGTAGGACTCGGGCAA,0,2272336
mcbAp5,0.07142857142857142,13,13,TCCCGTTGGAGCCTTGCGTG,0,2266527
mcbAp5,0.07142857142857142,13,13,TCCCCTCCGCATAGCACATT,0,2278928
mcbAp5,0.07142857142857142,13,13,TCCCCCGGCCTGACCACATA,0,2283610
mcbAp5,0.07142857142857142,13,13,TCATCCCAAACCCTAGCCTA,0,2313972
mcbAp5,0.07142857142857142,13,13,TCAGGAGAATAAGGCAGTAA,0,2277864
mcbAp5,0.07142857142857142,13,13,TATGTGGGGAAAAAGACGTG,0,2290838
mcbAp5,0.07142857142857142,13,13,TATCTAGCGATCATCGCCGG,0,2303468
mcbAp5,0.07142857142857142,13,13,TATAGCGGGGAATTATAAAC,0,2286514
mcbAp5,0.07142857142857142,13,13,TAGGCTGCGACTACTGGTAA,0,2298832
mcbAp5,0.07142857142857142,13,13,TAGCGGTCCTTTTTCTCGAG,0,2314542
mcbAp5,0.07142857142857142,13,13,TAGCCGTGCTGCAGTTAAAG,0,2281457
mcbAp5,0.07142857142857142,13,13,TAGATGTTTCTAACGTGAGA,0,2288052
mcbAp5,0.07142857142857142,13,13,TAGAGTATGATCTCTCAACG,0,2299116
mcbAp5,0.07142857142857142,13,13,TACTATGTATGCAGAGTCCA,0,2279031
mcbAp5,0.07142857142857142,13,13,TACGGACCAGATTTTGAGCA,0,2289314
mcbAp5,0.07142857142857142,13,13,TACGGAATTGTTTAATAGAA,0,2285977
mcbAp5,0.07142857142857142,13,13,TACATCGTAAGGATTTTTCA,0,2266873
mcbAp5,0.07142857142857142,13,13,TAACGCAGAACTAGCTGTTT,0,2287379
mcbAp5,0.07142857142857142,13,13,TAACCGTGGTGATCCCAGAA,0,2261220
mcbAp5,0.07142857142857142,13,13,TAAATGATGAGCGTATCTCA,0,2311467
mcbAp5,0.07142857142857142,13,13,TAAAAGTCTGTACGCAGAGA,0,2298888
mcbAp5,0.07142857142857142,13,13,GTTTTGGTTGGCTTATGGCT,0,2265348
mcbAp5,0.07142857142857142,13,13,GTTTCGGAACTACCACTGGG,0,2309018
mcbAp5,0.07142857142857142,13,13,GTTCATCGCGAACACTGTCT,0,2264815
mcbAp5,0.07142857142857142,13,13,GTTCAATCGTCCCGAGGGAT,0,2282848
mcbAp5,0.07142857142857142,13,13,GTTACTTGTTTACGGCATGT,0,2308486
mcbAp5,0.07142857142857142,13,13,GTGTTACAATTGAACCACCG,0,2266140
mcbAp5,0.07142857142857142,13,13,GTGGCGGTCATGTACAATCG,0,2303807
mcbAp5,0.07142857142857142,13,13,GTGGCCCCGTTGACCATTGT,0,2262156
mcbAp5,0.07142857142857142,13,13,GTCTTCGTCAAAGAGGAGGA,0,2297927
mcbAp5,0.07142857142857142,13,13,GTCTGTCTATCTCTCATTAA,0,2287460
mcbAp5,0.07142857142857142,13,13,GTCGTGACCGGGAGCCGCTT,0,2312100
mcbAp5,0.07142857142857142,13,13,GTAGACTACCTCGTGTATAT,0,2264564
mcbAp5,0.07142857142857142,13,13,GTACCATCGCCCATCAGGTG,0,2284030
mcbAp5,0.07142857142857142,13,13,GTAAGCTACATGCAGAGTTT,0,2314617
mcbAp5,0.07142857142857142,13,13,GGTTTGGAGAGGTATAAGGA,0,2297759
mcbAp5,0.07142857142857142,13,13,GGTTAGCTATGGCCCAGATT,0,2282769
mcbAp5,0.07142857142857142,13,13,GGTGGTTACACACGTGCGAA,0,2290840
mcbAp5,0.07142857142857142,13,13,GGTGACTTTGGTAGTGGCAT,0,2301852
mcbAp5,0.07142857142857142,13,13,GGTGAAGACAAGCGTTGTCT,0,2291157
mcbAp5,0.07142857142857142,13,13,GGTGAAATGGTTCGTCCCTA,0,2264144
mcbAp5,0.07142857142857142,13,13,GGTCGTGCCTGAGAGAGTGG,0,2283420
mcbAp5,0.07142857142857142,13,13,GGTCACGTGGGACAGGGAAG,0,2271767
mcbAp5,0.07142857142857142,13,13,GGGGGATGTGAGGAACCCAC,0,2290884
mcbAp5,0.07142857142857142,13,13,GGGGCTGGGTATGCAGGTTC,0,2265406
mcbAp5,0.07142857142857142,13,13,GGGGCTCCCAATTCTTGGCA,0,2268466
mcbAp5,0.07142857142857142,13,13,GGGGACGGAACCGTTCCTTC,0,2298293
mcbAp5,0.07142857142857142,13,13,GGCTTAAGGGATGGGTCTGA,0,2297609
mcbAp5,0.07142857142857142,13,13,GGCTCTAGAATTTCTTCTTC,0,2272952
mcbAp5,0.07142857142857142,13,13,GGCTCCCTCGCATCAGGGCA,0,2299019
mcbAp5,0.07142857142857142,13,13,GGCCAGTCTCGGGGGATCGT,0,2272865
mcbAp5,0.07142857142857142,13,13,GGATTATCGGTAGTGATCAC,0,2315892
mcbAp5,0.07142857142857142,13,13,GGAGATCCAATTTCGAGCTC,0,2284046
mcbAp5,0.07142857142857142,13,13,GGACTACGGAATTAACGCCG,0,2266239
mcbAp5,0.07142857142857142,13,13,GGACGTGGGTCCATGACGCA,0,2305908
mcbAp5,0.07142857142857142,13,13,GCTTGCACCTGCCCTAGGTA,0,2262702
mcbAp5,0.07142857142857142,13,13,GCTTAGTATTGCCTTCATGT,0,2285938
mcbAp5,0.07142857142857142,13,13,GCTCATATGTAAATAGTTCG,0,2297059
mcbAp5,0.07142857142857142,13,13,GCTAACGCTAATCCCGAAAA,0,2279579
mcbAp5,0.07142857142857142,13,13,GCTAAACCCTGTTCACACGA,0,2283845
mcbAp5,0.07142857142857142,13,13,GCGTTCGCCCCTTGCTCCCG,0,2300791
mcbAp5,0.07142857142857142,13,13,GCGATAGACTGGAGAGTGAT,0,2287246
mcbAp5,0.07142857142857142,13,13,GCCTATGATCTGGGTGAAGT,0,2275243
mcbAp5,0.07142857142857142,13,13,GCCGTATGCATAGGGACCTG,0,2280356
mcbAp5,0.07142857142857142,13,13,GCCGGCGCCCGTCGGCTATG,0,2304799
mcbAp5,0.07142857142857142,13,13,GCCCTCTTCGGATTCAGTAG,0,2278457
mcbAp5,0.07142857142857142,13,13,GCATTCTTTACGCGTCAGAG,0,2263984
mcbAp5,0.07142857142857142,13,13,GCATATAAATATTCGTCAGT,0,2278419
mcbAp5,0.07142857142857142,13,13,GCAGGCGTTTGGCATTGCCT,0,2294102
mcbAp5,0.07142857142857142,13,13,GCACCAAAGCCAGGTGGCGA,0,2283145
mcbAp5,0.07142857142857142,13,13,GCAAGACTGTTTACCCACAC,0,2271867
mcbAp5,0.07142857142857142,13,13,GATTGTGGCGATGCCTTACT,0,2290235
mcbAp5,0.07142857142857142,13,13,GATAGTGGTACAAACGAATC,0,2280384
mcbAp5,0.07142857142857142,13,13,GAGTAGACTGTCGTCGCGCT,0,2311720
mcbAp5,0.07142857142857142,13,13,GAGGGTCGCTTGTGGGGAGC,0,2296971
mcbAp5,0.07142857142857142,13,13,GAGCCTGAAGGCTATCTGTT,0,2274199
mcbAp5,0.07142857142857142,13,13,GACGTATGCAAAGAGGGATT,0,2267974
mcbAp5,0.07142857142857142,13,13,GACCGGGCGGGCAGCGTGTA,0,2309870
mcbAp5,0.07142857142857142,13,13,GACCGCCGAAGGGTTCATTG,0,2305808
mcbAp5,0.07142857142857142,13,13,GACCGACAGCGGCGTGCCTA,0,2302303
mcbAp5,0.07142857142857142,13,13,GACCCTTGCAGATATCGTCT,0,2275398
mcbAp5,0.07142857142857142,13,13,GACAGACTGTGCGAGAGACT,0,2287648
mcbAp5,0.07142857142857142,13,13,GAATCATGAACGGATTGGAA,0,2298186
mcbAp5,0.07142857142857142,13,13,GAAGTCCTTTTGGTTGCGAA,0,2288956
mcbAp5,0.07142857142857142,13,13,GAAGCTCGGCAAGGCACGTG,0,2302926
mcbAp5,0.07142857142857142,13,13,GAAATATTATGGGTTTCACT,0,2306052
mcbAp5,0.07142857142857142,13,13,CTTTGCTTCCGGATTTAATA,0,2277671
mcbAp5,0.07142857142857142,13,13,CTTTCCGTGATAGTAAAGGA,0,2263511
mcbAp5,0.07142857142857142,13,13,CTGTGCTATCGAGTGATGCT,0,2277506
mcbAp5,0.07142857142857142,13,13,CTGGATGCTCGAATAGACGG,0,2282894
mcbAp5,0.07142857142857142,13,13,CTGCGGAGATACAGTTACAT,0,2305027
mcbAp5,0.07142857142857142,13,13,CTCTTGCCTGACCCATTCTT,0,2271152
mcbAp5,0.07142857142857142,13,13,CTCTGGCATTCATACGGCTA,0,2296075
mcbAp5,0.07142857142857142,13,13,CTCGTACCAAAGCAGGTCAT,0,2272583
mcbAp5,0.07142857142857142,13,13,CTCGACTCGTGAAATAGTAT,0,2304106
mcbAp5,0.07142857142857142,13,13,CTCGACCGACTGGGGGCTAA,0,2280376
mcbAp5,0.07142857142857142,13,13,CTATCACGAGACTGTTGATT,0,2278565
mcbAp5,0.07142857142857142,13,13,CTAGCGAGTGAGGGGAGTAA,0,2268301
mcbAp5,0.07142857142857142,13,13,CGTCATGAAAATGTCCCAGA,0,2286786
mcbAp5,0.07142857142857142,13,13,CGTATACGGGAAGCAGGCAA,0,2284746
mcbAp5,0.07142857142857142,13,13,CGTAACCCCAGACGCGCGCT,0,2270142
mcbAp5,0.07142857142857142,13,13,CGGTCTCCAATCCGGTGACA,0,2273096
mcbAp5,0.07142857142857142,13,13,CGGTACGCGTCGCAAGGGTC,0,2282262
mcbAp5,0.07142857142857142,13,13,CGGTAACAACTATGATGTAA,0,2294219
mcbAp5,0.07142857142857142,13,13,CGGGTATCAGTAGGAGCCAG,0,2282467
mcbAp5,0.07142857142857142,13,13,CGGCTCTGCACCCTCGGTGA,0,2297281
mcbAp5,0.07142857142857142,13,13,CGGCGGGCTGCTTTCCATGA,0,2283571
mcbAp5,0.07142857142857142,13,13,CGGCACGCAGGTACCCAATA,0,2279115
mcbAp5,0.07142857142857142,13,13,CGGCACCTAGCCCGACATAA,0,2281904
mcbAp5,0.07142857142857142,13,13,CGCTGGGGTCGCCATAGTGT,0,2314167
mcbAp5,0.07142857142857142,13,13,CGCTATCTCTGGGCAATTCG,0,2302005
mcbAp5,0.07142857142857142,13,13,CGCGTGCATAAGGTTGGTCC,0,2261731
mcbAp5,0.07142857142857142,13,13,CGCCCTCCCCTAGATCCTCA,0,2295107
mcbAp5,0.07142857142857142,13,13,CGCATTGTGACTACGTATGT,0,2270714
mcbAp5,0.07142857142857142,13,13,CGCATCTATATGGGAACTCG,0,2308001
mcbAp5,0.07142857142857142,13,13,CGCAGTGAGGTGTCAGAGGG,0,2263157
mcbAp5,0.07142857142857142,13,13,CGATGGCAATGAATTCAGCA,0,2282679
mcbAp5,0.07142857142857142,13,13,CGATCAAAAGCCCATGTTCT,0,2308229
mcbAp5,0.07142857142857142,13,13,CGACTGTAATGGATACATGA,0,2316147
mcbAp5,0.07142857142857142,13,13,CGACGGCACAGATGAAGATA,0,2289290
mcbAp5,0.07142857142857142,13,13,CGACCACGCATCAATAAGCA,0,2300212
mcbAp5,0.07142857142857142,13,13,CGAAGGGGTATAATCAACGA,0,2307340
mcbAp5,0.07142857142857142,13,13,CCTTCGTCTAGGTGGCATCC,0,2278866
mcbAp5,0.07142857142857142,13,13,CCTGACCTAAGCTCCCACAG,0,2266943
mcbAp5,0.07142857142857142,13,13,CCTAGTAGATAGATGGTATT,0,2267289
mcbAp5,0.07142857142857142,13,13,CCGGTCACGTACACGGCACT,0,2312290
mcbAp5,0.07142857142857142,13,13,CCGAGGTAATATCAGGAGGG,0,2310675
mcbAp5,0.07142857142857142,13,13,CCGACTTTGCACCCGGCCGT,0,2273212
mcbAp5,0.07142857142857142,13,13,CCCTGGGGATTTCCCATTAT,0,2276322
mcbAp5,0.07142857142857142,13,13,CCCTCCACATATTGCTCCTT,0,2307019
mcbAp5,0.07142857142857142,13,13,CCCGTTGAAACAACTCAACA,0,2283502
mcbAp5,0.07142857142857142,13,13,CCCAGATCCAGGGCTTGTGC,0,2272956
mcbAp5,0.07142857142857142,13,13,CCATCTCGGCAACTTTCTCC,0,2289681
mcbAp5,0.07142857142857142,13,13,CCAGGAGATCTATATCAAGG,0,2278966
mcbAp5,0.07142857142857142,13,13,CCACCAAATCCGCTTATCTC,0,2287029
mcbAp5,0.07142857142857142,13,13,CCACATACGGCGCGAAGGAG,0,2298456
mcbAp5,0.07142857142857142,13,13,CCACATAAATCGTTCGAGAA,0,2280863
mcbAp5,0.07142857142857142,13,13,CCACAGAGGGTAAGTGGTGC,0,2274289
mcbAp5,0.07142857142857142,13,13,CATTAGAGAATTCAGTCAAC,0,2271012
mcbAp5,0.07142857142857142,13,13,CATATGCAGGGAAGTTGGAT,0,2306261
mcbAp5,0.07142857142857142,13,13,CATACCCTTCCTCCTCGCAA,0,2286621
mcbAp5,0.07142857142857142,13,13,CATAAGTGGGGTATGGTAAA,0,2313252
mcbAp5,0.07142857142857142,13,13,CAGTATGGTGCGCACGTAGG,0,2284899
mcbAp5,0.07142857142857142,13,13,CAGGATGGAGATTCTACGGT,0,2295650
mcbAp5,0.07142857142857142,13,13,CAGCTCCAATAACGCAGCTG,0,2291746
mcbAp5,0.07142857142857142,13,13,CAGCGAAATCGGACAGGGCT,0,2272885
mcbAp5,0.07142857142857142,13,13,CAGCCCTCTCTCACCTTCTG,0,2262260
mcbAp5,0.07142857142857142,13,13,CACTTGCCGTCCATTGGAGC,0,2314763
mcbAp5,0.07142857142857142,13,13,CACTGCTCGTGTCGTTAACT,0,2292539
mcbAp5,0.07142857142857142,13,13,CACTCTAGTGAATGCTCCTG,0,2297965
mcbAp5,0.07142857142857142,13,13,CACTCCACTTCGTTAAGTGC,0,2274559
mcbAp5,0.07142857142857142,13,13,CACACTTCAGTTGTTTACAA,0,2304717
mcbAp5,0.07142857142857142,13,13,CAATGTACAGAAAGAAAGAC,0,2302501
mcbAp5,0.07142857142857142,13,13,CAAAGCCCCGCTCTCCAAGG,0,2272104
mcbAp5,0.07142857142857142,13,13,ATTTGATACGGCTGCTACCA,0,2286706
mcbAp5,0.07142857142857142,13,13,ATTTGACGTCGTGGAGCCGT,0,2302827
mcbAp5,0.07142857142857142,13,13,ATTAGATTCCCATAGCTGAC,0,2265295
mcbAp5,0.07142857142857142,13,13,ATGTCTGGCACGCGAACCGA,0,2277669
mcbAp5,0.07142857142857142,13,13,ATGTATGAGCCGGGCAAGGA,0,2297086
mcbAp5,0.07142857142857142,13,13,ATGGTGGGTCTCATCAGTTT,0,2288889
mcbAp5,0.07142857142857142,13,13,ATGCTAAAAATTTAGAGGAA,0,2314398
mcbAp5,0.07142857142857142,13,13,ATGCCGGCGCGGATGGCATG,0,2299146
mcbAp5,0.07142857142857142,13,13,ATGCATCCGCGGTCATGCGG,0,2264887
mcbAp5,0.07142857142857142,13,13,ATGAAAGGGCATAGGAAATT,0,2278146
mcbAp5,0.07142857142857142,13,13,ATCCTGGGGGGTACATCCTT,0,2271414
mcbAp5,0.07142857142857142,13,13,ATCATGGATTTGTACAATAC,0,2289353
mcbAp5,0.07142857142857142,13,13,ATAGCCGTAGTCCTCGGGAG,0,2294441
mcbAp5,0.07142857142857142,13,13,AGTTTAGCATCAAGATCGGC,0,2279005
mcbAp5,0.07142857142857142,13,13,AGTTCCTAAAATGTGAGTTT,0,2292846
mcbAp5,0.07142857142857142,13,13,AGTGTGTATTGAGGCGGCGT,0,2282371
mcbAp5,0.07142857142857142,13,13,AGTGGAGAACGTCACCGTCT,0,2296919
mcbAp5,0.07142857142857142,13,13,AGTCCCCCGATCCTCGGCAG,0,2284576
mcbAp5,0.07142857142857142,13,13,AGGGGGGAGTTACTAACACG,0,2271728
mcbAp5,0.07142857142857142,13,13,AGGCGCACATTGAATGGAAA,0,2301598
mcbAp5,0.07142857142857142,13,13,AGGCAAGCAATTTAGCGGGC,0,2268879
mcbAp5,0.07142857142857142,13,13,AGGATAACTGAGAGGTCCCC,0,2292777
mcbAp5,0.07142857142857142,13,13,AGCCGGGTCAGTTCGCAGAT,0,2277790
mcbAp5,0.07142857142857142,13,13,AGCCCTGTCAAATCCTTACA,0,2300869
mcbAp5,0.07142857142857142,13,13,AGCCCCTCAAAATAGGTGAA,0,2262172
mcbAp5,0.07142857142857142,13,13,AGCCCCGGAGGCCTGCGACT,0,2303218
mcbAp5,0.07142857142857142,13,13,AGAGAGTGGCCTAGTTGTTA,0,2299558
mcbAp5,0.07142857142857142,13,13,ACTTGTGAGGGACCGCCATC,0,2298120
mcbAp5,0.07142857142857142,13,13,ACTTGCCACAGAATACTATC,0,2271526
mcbAp5,0.07142857142857142,13,13,ACTGAGGCTTAGCGTCTGCT,0,2271630
mcbAp5,0.07142857142857142,13,13,ACTAATTGATTTTACACTGG,0,2279084
mcbAp5,0.07142857142857142,13,13,ACGTGCCCGCACGCAATAAA,0,2311400
mcbAp5,0.07142857142857142,13,13,ACGTCCTCGCGGCGGCGAGA,0,2295209
mcbAp5,0.07142857142857142,13,13,ACGTAGCACGGCGCGTGTCC,0,2289594
mcbAp5,0.07142857142857142,13,13,ACGGACTACATGACCCATTC,0,2290970
mcbAp5,0.07142857142857142,13,13,ACGATACTGTTCAGGGAAGT,0,2291314
mcbAp5,0.07142857142857142,13,13,ACGAAGCAGGATCCTGAGGA,0,2266813
mcbAp5,0.07142857142857142,13,13,ACCTCGATAATCTCAGCTCG,0,2289950
mcbAp5,0.07142857142857142,13,13,ACCTATGCTCCGCTACGGTT,0,2261869
mcbAp5,0.07142857142857142,13,13,ACCTAATGAATAAGCAAAAT,0,2306408
mcbAp5,0.07142857142857142,13,13,ACCTAAACTTACGCATGGTC,0,2295404
mcbAp5,0.07142857142857142,13,13,ACCGGCTAGTGAGATTTAGT,0,2282522
mcbAp5,0.07142857142857142,13,13,ACCCCGTCGGGGCCGCTCTC,0,2282009
mcbAp5,0.07142857142857142,13,13,ACCAGATAGGAGCAAAGTAG,0,2276131
mcbAp5,0.07142857142857142,13,13,ACAGGACAGGGATACGCATC,0,2305807
mcbAp5,0.07142857142857142,13,13,ACACGGCTCCAATGCTTACA,0,2281740
mcbAp5,0.07142857142857142,13,13,AATTAGGATTACGGGTCCTA,0,2292816
mcbAp5,0.07142857142857142,13,13,AATCGAATTGGAAATAGTGA,0,2264671
mcbAp5,0.07142857142857142,13,13,AATCATGAGCAGGGCTATTC,0,2266896
mcbAp5,0.07142857142857142,13,13,AATAACGTCTGATTTCCGGG,0,2299028
mcbAp5,0.07142857142857142,13,13,AAGTTTCCTGGTGATCCCCA,0,2295096
mcbAp5,0.07142857142857142,13,13,AAGTCCGTATAGGGGAAAAT,0,2292950
mcbAp5,0.07142857142857142,13,13,AAGGTAGGACCTTCCATTCG,0,2300174
mcbAp5,0.07142857142857142,13,13,AAGGGGAACGATCCTTCACG,0,2279980
mcbAp5,0.07142857142857142,13,13,AAGGGACCCCGGGCGATTGA,0,2270150
mcbAp5,0.07142857142857142,13,13,AAGGCCATAGCTTACGAAAG,0,2270755
mcbAp5,0.07142857142857142,13,13,AAGCTTAGAGTTATTTGATC,0,2276057
mcbAp5,0.07142857142857142,13,13,AAGCGATTTACAGCGTACAA,0,2261288
mcbAp5,0.07142857142857142,13,13,AAGAGGTCGCATGCTGGTTG,0,2305880
mcbAp5,0.07142857142857142,13,13,AAGAAACATGGCTCGGACAT,0,2291600
mcbAp5,0.07142857142857142,13,13,AACGGAGAGCTGTCCTGAGA,0,2270758
mcbAp5,0.07142857142857142,13,13,AACGCCGGACAATATGGCAT,0,2303330
mcbAp5,0.07142857142857142,13,13,AACCTATTGAGGATTGGAGG,0,2279712
mcbAp5,0.07142857142857142,13,13,AACCGAGAGAGGACGTATCA,0,2264222
mcbAp5,0.07142857142857142,13,13,AACATCGTCCCCGCACCCCT,0,2283991
mcbAp5,0.07692307692307693,12,12,TTTTAATATGCCGATTAGTA,0,2302685
mcbAp5,0.07692307692307693,12,12,TTTGCTCCTTCCGTCGCCAT,0,2311292
mcbAp5,0.07692307692307693,12,12,TTTCGCTCCACGCACAAGTG,0,2289953
mcbAp5,0.07692307692307693,12,12,TTTCAGGCATTGGGCGAATT,0,2310671
mcbAp5,0.07692307692307693,12,12,TTTAGCTCTTATATGCTGTG,0,2265257
mcbAp5,0.07692307692307693,12,12,TTGGTAGGCATGAGGGGGTG,0,2265223
mcbAp5,0.07692307692307693,12,12,TTGGGCTTAAGGTGGGGCAA,0,2281413
mcbAp5,0.07692307692307693,12,12,TTGGCCATATCTGACTGCGT,0,2294770
mcbAp5,0.07692307692307693,12,12,TTGGACTAAACGATCAAGGG,0,2274691
mcbAp5,0.07692307692307693,12,12,TTGAATACGGTAAGATCCTG,0,2305677
mcbAp5,0.07692307692307693,12,12,TTCCAGTATTAAGCCGGTCA,0,2292426
mcbAp5,0.07692307692307693,12,12,TTCCACCACTTCCCCTTTTG,0,2295342
mcbAp5,0.07692307692307693,12,12,TTATGCGGAGCAGGCCCCAT,0,2273155
mcbAp5,0.07692307692307693,12,12,TTATGAGGATGGTGGCAGAT,0,2262697
mcbAp5,0.07692307692307693,12,12,TTAGAGTGCATGTTCAAGTT,0,2280511
mcbAp5,0.07692307692307693,12,12,TTAACTTTGTTCCTCTGTTC,0,2263096
mcbAp5,0.07692307692307693,12,12,TTAACTCGGCCGGGAAATAT,0,2315926
mcbAp5,0.07692307692307693,12,12,TGTTTGTTCACTGCGACCTT,0,2262793
mcbAp5,0.07692307692307693,12,12,TGTTCGGGGGGTCTGTTATG,0,2292752
mcbAp5,0.07692307692307693,12,12,TGTGGGAGCGGGGGGAATCG,0,2264900
mcbAp5,0.07692307692307693,12,12,TGTCTTGCATAGAGTTTATA,0,2309769
mcbAp5,0.07692307692307693,12,12,TGTCATGTCAGGGCCTGCAA,0,2279045
mcbAp5,0.07692307692307693,12,12,TGGTCTCTCGTATTCCAGAC,0,2286825
mcbAp5,0.07692307692307693,12,12,TGGGGCTATCCGGAAGGCAT,0,2279480
mcbAp5,0.07692307692307693,12,12,TGGCGAGGGGCTATATAGTC,0,2263914
mcbAp5,0.07692307692307693,12,12,TGGCCGCAGCTTCACCGAAC,0,2282799
mcbAp5,0.07692307692307693,12,12,TGGAACGACCACAGGCTAAC,0,2283624
mcbAp5,0.07692307692307693,12,12,TGCTGAAAGTCCGCAACCCA,0,2261853
mcbAp5,0.07692307692307693,12,12,TGCGGGATAAAGGTCAAGTT,0,2280039
mcbAp5,0.07692307692307693,12,12,TGCATTAGAGCTTGTCTTCG,0,2299235
mcbAp5,0.07692307692307693,12,12,TGATTCTTCAAAGGGGTCTG,0,2288975
mcbAp5,0.07692307692307693,12,12,TGAGAGACGCATAGGGGTAG,0,2288955
mcbAp5,0.07692307692307693,12,12,TCTGACCTAAGGACGACGTC,0,2307302
mcbAp5,0.07692307692307693,12,12,TCTCTTAAAGACCGTGCTGA,0,2292129
mcbAp5,0.07692307692307693,12,12,TCTCGGTTCGTCCACCGAAG,0,2302643
mcbAp5,0.07692307692307693,12,12,TCTCGGGAGGTGGTCGCGCT,0,2277191
mcbAp5,0.07692307692307693,12,12,TCTCACGGGGGCTTCGCGGT,0,2271424
mcbAp5,0.07692307692307693,12,12,TCTAGAACGCCAGAGGTATA,0,2309715
mcbAp5,0.07692307692307693,12,12,TCGTATGATGTTGTGCTTGG,0,2287256
mcbAp5,0.07692307692307693,12,12,TCGGCCTCGCTCCGCATGCA,0,2292696
mcbAp5,0.07692307692307693,12,12,TCGGACGATGGCTAATCGGT,0,2297147
mcbAp5,0.07692307692307693,12,12,TCGCCGAGCAAGACGAGAAG,0,2288140
mcbAp5,0.07692307692307693,12,12,TCGACGATTTCTTCAGGTGT,0,2276449
mcbAp5,0.07692307692307693,12,12,TCCGATACTCAGGGAGGATT,0,2262380
mcbAp5,0.07692307692307693,12,12,TCCCGTTATAAAGCGATGTA,0,2314877
mcbAp5,0.07692307692307693,12,12,TCATGTTTTTCTTCGCCCTA,0,2293267
mcbAp5,0.07692307692307693,12,12,TCATGTAACCATCGTCAGAA,0,2264462
mcbAp5,0.07692307692307693,12,12,TCAGTATAGCACTTCGCTGT,0,2262859
mcbAp5,0.07692307692307693,12,12,TCAGCTTGCCGCGGGCGTGA,0,2293306
mcbAp5,0.07692307692307693,12,12,TCAATGAACTCGCAACGAGG,0,2308629
mcbAp5,0.07692307692307693,12,12,TCAAACTGGCCCAGAACCAC,0,2306969
mcbAp5,0.07692307692307693,12,12,TATTCGTTCAGGAGAACCAA,0,2289548
mcbAp5,0.07692307692307693,12,12,TATCGGGCGACCAATATATT,0,2265589
mcbAp5,0.07692307692307693,12,12,TAGGATCGGTTCAGCGGGAA,0,2279302
mcbAp5,0.07692307692307693,12,12,TAGGAGTTTTGGCCGGATCG,0,2269501
mcbAp5,0.07692307692307693,12,12,TAGCCTCTCCCAAGATGGGC,0,2278431
mcbAp5,0.07692307692307693,12,12,TACTGAGATCACGCGTCAGT,0,2262158
mcbAp5,0.07692307692307693,12,12,TACTAATAGTGGATTTTGCA,0,2292425
mcbAp5,0.07692307692307693,12,12,TACGGAAGGGGATCACTAAG,0,2288211
mcbAp5,0.07692307692307693,12,12,TACCTCCGGTTAGCAAGGCA,0,2314404
mcbAp5,0.07692307692307693,12,12,TACCCGATCGAGGTTGTCAT,0,2271580
mcbAp5,0.07692307692307693,12,12,TACCATGAGGTCATAGAACC,0,2261623
mcbAp5,0.07692307692307693,12,12,TAATTCGACCTTGTGCCCGC,0,2309712
mcbAp5,0.07692307692307693,12,12,TAAATGCTTGAGTACACCCG,0,2268288
mcbAp5,0.07692307692307693,12,12,TAAAGATGGTCCCCCCCGGA,0,2272340
mcbAp5,0.07692307692307693,12,12,GTTTGAAAATGTCGTTAACG,0,2308415
mcbAp5,0.07692307692307693,12,12,GTTTCAGCGACGTACTTACC,0,2262553
mcbAp5,0.07692307692307693,12,12,GTTGACGGTACTACTCGTGA,0,2303834
mcbAp5,0.07692307692307693,12,12,GTTACCGCTTATTAATATAC,0,2315448
mcbAp5,0.07692307692307693,12,12,GTTAATTTAATGCTTCCCCA,0,2302266
mcbAp5,0.07692307692307693,12,12,GTGTCTTTCATACTTCACGT,0,2301220
mcbAp5,0.07692307692307693,12,12,GTGGGCTAGTGATGCCGTGA,0,2309641
mcbAp5,0.07692307692307693,12,12,GTGATAGCAGTACGAGACTC,0,2262735
mcbAp5,0.07692307692307693,12,12,GTCTTGGGGAGGTTGGTTAG,0,2284753
mcbAp5,0.07692307692307693,12,12,GTCTCTAGCTGTGTATTCGA,0,2299403
mcbAp5,0.07692307692307693,12,12,GTCTCGACTCAGCAACCGAA,0,2303495
mcbAp5,0.07692307692307693,12,12,GTCGGCCTGAATCACTAAAA,0,2263421
mcbAp5,0.07692307692307693,12,12,GTATGCCTGGTGGGCGTAAA,0,2264175
mcbAp5,0.07692307692307693,12,12,GTAGCTTTGCAAATTCTCAT,0,2305861
mcbAp5,0.07692307692307693,12,12,GTAGAGAGGACATCCAAAGT,0,2301652
mcbAp5,0.07692307692307693,12,12,GTACTATAGTAAGGGCCTGA,0,2285883
mcbAp5,0.07692307692307693,12,12,GGTGTTGGACGGAGCCTAAA,0,2310469
mcbAp5,0.07692307692307693,12,12,GGTGACAGATCTGCAACGTA,0,2279490
mcbAp5,0.07692307692307693,12,12,GGTCCCAGGGGACACACCGT,0,2314752
mcbAp5,0.07692307692307693,12,12,GGGTGAAATGCCACGGCCTG,0,2312871
mcbAp5,0.07692307692307693,12,12,GGGTCTCGTGTCACTCCTGG,0,2261846
mcbAp5,0.07692307692307693,12,12,GGGTCTACATTTTCAGGCGA,0,2294268
mcbAp5,0.07692307692307693,12,12,GGGTCAGTCTGCCCGCAAAG,0,2299487
mcbAp5,0.07692307692307693,12,12,GGGGGGTTACGACTTCAGCC,0,2280947
mcbAp5,0.07692307692307693,12,12,GGGGGCCAGACGGACAAGTG,0,2275592
mcbAp5,0.07692307692307693,12,12,GGGCTTTGCAGATATAATGC,0,2270417
mcbAp5,0.07692307692307693,12,12,GGCTTGTGGCGAAAAATGCA,0,2272134
mcbAp5,0.07692307692307693,12,12,GGCTCACTGTTTAGACAAAG,0,2282955
mcbAp5,0.07692307692307693,12,12,GGCATGCCGGCTGAACCTAA,0,2261849
mcbAp5,0.07692307692307693,12,12,GGCACTTCTTCAACATTGCT,0,2308642
mcbAp5,0.07692307692307693,12,12,GGATTCCGGGTACGCCGAAG,0,2282465
mcbAp5,0.07692307692307693,12,12,GGATGGAGGCGGGGGCGAGT,0,2274239
mcbAp5,0.07692307692307693,12,12,GGAGACTGCCAACGGACTGG,0,2315296
mcbAp5,0.07692307692307693,12,12,GGACTGGTAATAAATGGACA,0,2274338
mcbAp5,0.07692307692307693,12,12,GGACCAAGGCACTCTGTAAC,0,2272580
mcbAp5,0.07692307692307693,12,12,GCTTAATAGGTAGGCGGACG,0,2277269
mcbAp5,0.07692307692307693,12,12,GCTCTCTGGCGGCGGAAATT,0,2308788
mcbAp5,0.07692307692307693,12,12,GCTCGGGGATTCTAGGCATC,0,2301359
mcbAp5,0.07692307692307693,12,12,GCGGTGTTTAGGTGGAGTAG,0,2299920
mcbAp5,0.07692307692307693,12,12,GCGCGGCTGTCCTCCCTATA,0,2279700
mcbAp5,0.07692307692307693,12,12,GCGATCCCAAACACTAATTG,0,2265629
mcbAp5,0.07692307692307693,12,12,GCGATATTCCCGCGATCAAC,0,2306219
mcbAp5,0.07692307692307693,12,12,GCGAGATCTGCAATGATACA,0,2282295
mcbAp5,0.07692307692307693,12,12,GCCTCCACATTGAAGGACGA,0,2309096
mcbAp5,0.07692307692307693,12,12,GCCTAAATGCCACAGACTTA,0,2269537
mcbAp5,0.07692307692307693,12,12,GCCCCCGTTACGGCAGAGTC,0,2266662
mcbAp5,0.07692307692307693,12,12,GCATTGGTGTCTGTTCGCGC,0,2276761
mcbAp5,0.07692307692307693,12,12,GCAGCACCCGCAAAGCATAA,0,2285044
mcbAp5,0.07692307692307693,12,12,GCACTGTTCACTTACGGACG,0,2269014
mcbAp5,0.07692307692307693,12,12,GCACGCATAGAAAACTTTAA,0,2271382
mcbAp5,0.07692307692307693,12,12,GCACCGACGTAACTAATCGG,0,2271495
mcbAp5,0.07692307692307693,12,12,GCAACACATTATTCCGGCCT,0,2293885
mcbAp5,0.07692307692307693,12,12,GATTGTCCGAGACCGGCAAT,0,2289045
mcbAp5,0.07692307692307693,12,12,GATTAAACTGAAAAATGGTG,0,2262734
mcbAp5,0.07692307692307693,12,12,GATGATCCTGGGCTGGCTTC,0,2310608
mcbAp5,0.07692307692307693,12,12,GATCATCAAGGACTCAGATT,0,2305248
mcbAp5,0.07692307692307693,12,12,GATAGTTGTACTACGTATTA,0,2264804
mcbAp5,0.07692307692307693,12,12,GATAATATCAAGCTAGATGC,0,2301754
mcbAp5,0.07692307692307693,12,12,GATAACTCTTTCGGACAAAT,0,2277430
mcbAp5,0.07692307692307693,12,12,GAGTTGAAGGCGCAGTAAGC,0,2263271
mcbAp5,0.07692307692307693,12,12,GAGTACACTGGGACCACGAC,0,2290909
mcbAp5,0.07692307692307693,12,12,GAGCCTGCGAGACCGTGCCC,0,2283552
mcbAp5,0.07692307692307693,12,12,GACGCAGGCGCGATCGGTAT,0,2269938
mcbAp5,0.07692307692307693,12,12,GACGATTACAGTAGCGTGCA,0,2265656
mcbAp5,0.07692307692307693,12,12,GACACCCAGCCTTTCTCTTT,0,2265415
mcbAp5,0.07692307692307693,12,12,GAATTCTCCACGGATCGCTT,0,2283209
mcbAp5,0.07692307692307693,12,12,GAATCCGGCGATACTTATCA,0,2302105
mcbAp5,0.07692307692307693,12,12,GAAACGTTCGCCAAACAAGG,0,2285039
mcbAp5,0.07692307692307693,12,12,GAAAAGAGTCTGGGGGCGAG,0,2292483
mcbAp5,0.07692307692307693,12,12,CTTGGTTTCAACTAAGTGTT,0,2311538
mcbAp5,0.07692307692307693,12,12,CTTCGCAATCCTCTTAGCCC,0,2293103
mcbAp5,0.07692307692307693,12,12,CTTAGACGAGAGATTATTCA,0,2274486
mcbAp5,0.07692307692307693,12,12,CTGTGGTCCTTAGACTGTAA,0,2265709
mcbAp5,0.07692307692307693,12,12,CTGTGCTCGTCGATCAACTG,0,2308598
mcbAp5,0.07692307692307693,12,12,CTGGTAAATGGCATGTATGT,0,2296876
mcbAp5,0.07692307692307693,12,12,CTGCCATCGGGTCTGTAGTA,0,2309169
mcbAp5,0.07692307692307693,12,12,CTGAACTCACCCTCTGACAG,0,2298415
mcbAp5,0.07692307692307693,12,12,CTCTTTGGGCGAAATAATGT,0,2280984
mcbAp5,0.07692307692307693,12,12,CTCTCACCCTATGTGTAGGC,0,2288951
mcbAp5,0.07692307692307693,12,12,CTCCAAAATTGTACCGAGGA,0,2287374
mcbAp5,0.07692307692307693,12,12,CTATAGATCGGTTAGTTGAT,0,2276828
mcbAp5,0.07692307692307693,12,12,CTATAATTGGAACCGAACTA,0,2312584
mcbAp5,0.07692307692307693,12,12,CTACAGACCGCTGTATGATG,0,2299271
mcbAp5,0.07692307692307693,12,12,CGTTGAAAAGGATAAGTTCT,0,2277723
mcbAp5,0.07692307692307693,12,12,CGTTCACAAGGCGCTGGACA,0,2295278
mcbAp5,0.07692307692307693,12,12,CGTGGTTGTCATGTACGCGA,0,2287506
mcbAp5,0.07692307692307693,12,12,CGTCAACAAATTATTAGTGT,0,2285696
mcbAp5,0.07692307692307693,12,12,CGTACAGAGGAAAGCGTAAT,0,2266593
mcbAp5,0.07692307692307693,12,12,CGGTGTTGCGAGCACTTCAA,0,2289256
mcbAp5,0.07692307692307693,12,12,CGGTGTGCTACGGGTACTAA,0,2285686
mcbAp5,0.07692307692307693,12,12,CGGGGACCAACGTGATAAAT,0,2287102
mcbAp5,0.07692307692307693,12,12,CGGCTTCCGGGGCATCCCAT,0,2274478
mcbAp5,0.07692307692307693,12,12,CGGATACTTGGACGGAACAT,0,2296594
mcbAp5,0.07692307692307693,12,12,CGCTCTGGGACAGTAAATTG,0,2279627
mcbAp5,0.07692307692307693,12,12,CGCGTACGATAGTGCGATAT,0,2267489
mcbAp5,0.07692307692307693,12,12,CGCCGTCATTACCGGATTAA,0,2316309
mcbAp5,0.07692307692307693,12,12,CGCACTTATATACAAAGGTT,0,2284857
mcbAp5,0.07692307692307693,12,12,CGCAACGACGTGGGGGTATA,0,2274773
mcbAp5,0.07692307692307693,12,12,CGCAAATCACCGACCACGAT,0,2296121
mcbAp5,0.07692307692307693,12,12,CGATAGAAGGATACCCCAAC,0,2282209
mcbAp5,0.07692307692307693,12,12,CGAGGTGCGGCTGTTCCCAG,0,2276281
mcbAp5,0.07692307692307693,12,12,CGAGCGGCTTCGGGCGCTTA,0,2285002
mcbAp5,0.07692307692307693,12,12,CGACTATGTTACGGTCAGCC,0,2261461
mcbAp5,0.07692307692307693,12,12,CGACCGCATACAATCCCGTA,0,2308685
mcbAp5,0.07692307692307693,12,12,CGAAATAATGGTAAAGTATA,0,2300503
mcbAp5,0.07692307692307693,12,12,CCTTGGCCTTGTACACCACG,0,2286658
mcbAp5,0.07692307692307693,12,12,CCTTCATGCATGAACCGTAG,0,2282246
mcbAp5,0.07692307692307693,12,12,CCTGCCGCGGCTATAATTAG,0,2264956
mcbAp5,0.07692307692307693,12,12,CCTGATATACTTGGAAAAGT,0,2273101
mcbAp5,0.07692307692307693,12,12,CCTAGGTCTATTCAGAGGCG,0,2281606
mcbAp5,0.07692307692307693,12,12,CCGTTTTTTCTTCTTAACGA,0,2293868
mcbAp5,0.07692307692307693,12,12,CCGTGTCCCCCACGGTCCTC,0,2305709
mcbAp5,0.07692307692307693,12,12,CCGTCACCCTTCGCTCGAAA,0,2299940
mcbAp5,0.07692307692307693,12,12,CCGGTCTTAGGAAGATCGAC,0,2304915
mcbAp5,0.07692307692307693,12,12,CCGGTAAGTTATGGTCGGCT,0,2268951
mcbAp5,0.07692307692307693,12,12,CCGGGCACGCCTGCCTGCGC,0,2286015
mcbAp5,0.07692307692307693,12,12,CCGCGTCGCTTTATTCGTGT,0,2302411
mcbAp5,0.07692307692307693,12,12,CCGATCCGTCGATACATGAT,0,2291711
mcbAp5,0.07692307692307693,12,12,CCCCAATACTTGTAGATTAC,0,2282272
mcbAp5,0.07692307692307693,12,12,CCCAGACTTGCTATGATAGT,0,2275321
mcbAp5,0.07692307692307693,12,12,CCCACACATCACGGATGTCG,0,2299346
mcbAp5,0.07692307692307693,12,12,CCATTGGTCCCATGGTTACT,0,2273973
mcbAp5,0.07692307692307693,12,12,CCAGGGTATAGGCACATCTA,0,2275327
mcbAp5,0.07692307692307693,12,12,CCACGATCTACCACTCGCCA,0,2313644
mcbAp5,0.07692307692307693,12,12,CCAAGCTCATACCGTACCAC,0,2288114
mcbAp5,0.07692307692307693,12,12,CATTCTAGTATCTCACGCCC,0,2296218
mcbAp5,0.07692307692307693,12,12,CATGTTAACGTACTGTCTAT,0,2275349
mcbAp5,0.07692307692307693,12,12,CATCTCAAGGTCTGGCTCCT,0,2275245
mcbAp5,0.07692307692307693,12,12,CAGTATGAGAGAAGAGGGTT,0,2288199
mcbAp5,0.07692307692307693,12,12,CAGGTCTCGAAGTGAGGCGT,0,2294789
mcbAp5,0.07692307692307693,12,12,CAGGTCGTACCATACTTCAG,0,2276752
mcbAp5,0.07692307692307693,12,12,CAGGGTGATCTTCTCCGCAG,0,2266857
mcbAp5,0.07692307692307693,12,12,CAGCGGGGTGCTTGGAATCG,0,2290785
mcbAp5,0.07692307692307693,12,12,CAGACGGCTCGTCGCCCACT,0,2288015
mcbAp5,0.07692307692307693,12,12,CAGAAGTGTAGGTAGTAAGT,0,2302531
mcbAp5,0.07692307692307693,12,12,CACTCGGTATGCTGTCGCAT,0,2276589
mcbAp5,0.07692307692307693,12,12,CACTATGTATTGAGTATCTC,0,2261295
mcbAp5,0.07692307692307693,12,12,CACGTTTGCTCCGTGTAAAT,0,2311844
mcbAp5,0.07692307692307693,12,12,CACGGATCCCGCAAGCCTTG,0,2278841
mcbAp5,0.07692307692307693,12,12,CACGGAAGGCTCACCAGTCG,0,2290979
mcbAp5,0.07692307692307693,12,12,CACGAGCCTGGGGAAGCTAG,0,2276167
mcbAp5,0.07692307692307693,12,12,CACGAAGTTAAACTCTTCTT,0,2283202
mcbAp5,0.07692307692307693,12,12,CACATAGGTAAATATGATAC,0,2272333
mcbAp5,0.07692307692307693,12,12,CAATATTAACGCTGATGATA,0,2291927
mcbAp5,0.07692307692307693,12,12,CAAGGGTAAAAATTCGATAC,0,2293321
mcbAp5,0.07692307692307693,12,12,CAAGCCCTCCCCAGGCAGAA,0,2300391
mcbAp5,0.07692307692307693,12,12,CAACTTTGTTCTTACGGCTC,0,2268266
mcbAp5,0.07692307692307693,12,12,CAACTCTGGAACAGATATAA,0,2293680
mcbAp5,0.07692307692307693,12,12,CAAATGTCGGCCCAGACCAT,0,2295936
mcbAp5,0.07692307692307693,12,12,CAAAAATACCCGCAGAAGGT,0,2272061
mcbAp5,0.07692307692307693,12,12,ATTTTACCTCCGCCGCCGAT,0,2314916
mcbAp5,0.07692307692307693,12,12,ATTTCAAGTCAATATCTAGA,0,2296421
mcbAp5,0.07692307692307693,12,12,ATTGGCCCACTGCCCTTCAT,0,2285817
mcbAp5,0.07692307692307693,12,12,ATTGACGGCGTAGTTCACGA,0,2293672
mcbAp5,0.07692307692307693,12,12,ATTGACCATCGGCAGCGAGG,0,2284107
mcbAp5,0.07692307692307693,12,12,ATGTTCGACCATTCTATTTA,0,2305212
mcbAp5,0.07692307692307693,12,12,ATGTAGAGGCCCACGGATTG,0,2271730
mcbAp5,0.07692307692307693,12,12,ATGGTGATCGGTGGCTATTC,0,2285628
mcbAp5,0.07692307692307693,12,12,ATGCCGGCGGTCTCTCAGTT,0,2299898
mcbAp5,0.07692307692307693,12,12,ATGATCAGATGTTACATATA,0,2289267
mcbAp5,0.07692307692307693,12,12,ATGAATTGTGCTTCCAAATA,0,2266087
mcbAp5,0.07692307692307693,12,12,ATCTGTCTGGTGGCGGCTAA,0,2307961
mcbAp5,0.07692307692307693,12,12,ATCGGTTCGACAGCCATGGT,0,2280146
mcbAp5,0.07692307692307693,12,12,ATCGGGTTCATGAGAAGCTG,0,2263399
mcbAp5,0.07692307692307693,12,12,ATCGACAAGCTTTACGATTA,0,2274941
mcbAp5,0.07692307692307693,12,12,ATCCTATACACAGATATCTG,0,2304017
mcbAp5,0.07692307692307693,12,12,ATCCCTAACTGGCGATCTGG,0,2284731
mcbAp5,0.07692307692307693,12,12,ATCAGAATCTCTACCCGACG,0,2274771
mcbAp5,0.07692307692307693,12,12,ATATCCTGCTAAAATGACAG,0,2268260
mcbAp5,0.07692307692307693,12,12,ATACTCCCTGCCATTCCTTG,0,2278541
mcbAp5,0.07692307692307693,12,12,ATAAAAGCCATGACGCTGAC,0,2300421
mcbAp5,0.07692307692307693,12,12,AGGTGAGACCGGAACACCCA,0,2271579
mcbAp5,0.07692307692307693,12,12,AGGGTGGAGTCGAGCCCCAA,0,2303520
mcbAp5,0.07692307692307693,12,12,AGCTCGGCGTGTTTTTGGCG,0,2295755
mcbAp5,0.07692307692307693,12,12,AGCTATTGGTGATTTCTATT,0,2306459
mcbAp5,0.07692307692307693,12,12,AGCGTTAATATCTCCTCCGA,0,2286528
mcbAp5,0.07692307692307693,12,12,AGCGCCGGACGTAATCCTGC,0,2275748
mcbAp5,0.07692307692307693,12,12,AGCAGCTCAAGGAATATCCT,0,2295793
mcbAp5,0.07692307692307693,12,12,AGCAATACCGTTCTCGATAC,0,2294646
mcbAp5,0.07692307692307693,12,12,AGCAACTTTATAATGGATAG,0,2298631
mcbAp5,0.07692307692307693,12,12,AGCAACCTAGGTCCATCCTT,0,2305343
mcbAp5,0.07692307692307693,12,12,AGAGCAATTGGTGTTAATTA,0,2301328
mcbAp5,0.07692307692307693,12,12,AGACTTGGAGTGTCTGGAGA,0,2277939
mcbAp5,0.07692307692307693,12,12,AGAATAGTCGGTTCGCTCTG,0,2296569
mcbAp5,0.07692307692307693,12,12,AGAAGAAAGTCCCTATTGAC,0,2262652
mcbAp5,0.07692307692307693,12,12,ACTTTTCGGGCTGTATTTGC,0,2265626
mcbAp5,0.07692307692307693,12,12,ACTGCTATCCGGTCTGATCT,0,2262173
mcbAp5,0.07692307692307693,12,12,ACTCGCTCTTGCCATACTAC,0,2268792
mcbAp5,0.07692307692307693,12,12,ACTCGACATGCTTATTTGTT,0,2264677
mcbAp5,0.07692307692307693,12,12,ACGGGTATTGGCCTCTCGCA,0,2291429
mcbAp5,0.07692307692307693,12,12,ACGGAAGGTCAGGTTCGATG,0,2281378
mcbAp5,0.07692307692307693,12,12,ACGCGTCCGGTGTAGGGCCG,0,2261442
mcbAp5,0.07692307692307693,12,12,ACGCCTGAGGGTCTAGTCTA,0,2266213
mcbAp5,0.07692307692307693,12,12,ACGCACCCTTCCGCTAACCG,0,2315274
mcbAp5,0.07692307692307693,12,12,ACCTCGGATCCAGCGTGTCC,0,2271882
mcbAp5,0.07692307692307693,12,12,ACCAGGTCTAGGGGCAGAAT,0,2265706
mcbAp5,0.07692307692307693,12,12,ACATGATTCGTCAGCGTATC,0,2303811
mcbAp5,0.07692307692307693,12,12,ACAGGTTGATACGATTCAAC,0,2312312
mcbAp5,0.07692307692307693,12,12,ACAAGTTGTACAGAGCCACC,0,2271494
mcbAp5,0.07692307692307693,12,12,ACAAGTCCTGACATTAGCCT,0,2288007
mcbAp5,0.07692307692307693,12,12,ACAAGTACTGGGAATTGCGA,0,2291276
mcbAp5,0.07692307692307693,12,12,AATTGGGGTTAGATGTCTAA,0,2277835
mcbAp5,0.07692307692307693,12,12,AATTGATTGCAAGGCCCGTT,0,2266814
mcbAp5,0.07692307692307693,12,12,AATGTGCACTTTTGGAGGAT,0,2314399
mcbAp5,0.07692307692307693,12,12,AAGTAGTCTTTTGTATGAAG,0,2266723
mcbAp5,0.07692307692307693,12,12,AAGCGCAGGCTTAGTCGTGC,0,2292068
mcbAp5,0.07692307692307693,12,12,AACTATGACATCTTGGCGTA,0,2265674
mcbAp5,0.07692307692307693,12,12,AACGAGGCTACATCGACACC,0,2280000
mcbAp5,0.07692307692307693,12,12,AACAGTTGGGAAGGTTTGGC,0,2298573
mcbAp5,0.08333333333333333,11,11,TTTCGCAGGATGGTCCTACT,0,2291628
mcbAp5,0.08333333333333333,11,11,TTTATTTTTATTTTTCGTCG,0,2262513
mcbAp5,0.08333333333333333,11,11,TTTATGGGGCATGTAAATAA,0,2300684
mcbAp5,0.08333333333333333,11,11,TTTACTACGGATGCCTGTCG,0,2304475
mcbAp5,0.08333333333333333,11,11,TTTAAATTACCCGCAGAGGC,0,2268098
mcbAp5,0.08333333333333333,11,11,TTTAAACAGGGCGCCCATGG,0,2271420
mcbAp5,0.08333333333333333,11,11,TTGTGATCAAAGGCAGCGAC,0,2302517
mcbAp5,0.08333333333333333,11,11,TTGGTCCGCTCCAGGCGGGA,0,2309374
mcbAp5,0.08333333333333333,11,11,TTGGGCTGCATCGCTGATTC,0,2303088
mcbAp5,0.08333333333333333,11,11,TTGCAGGTTGTCCAATAGAA,0,2296058
mcbAp5,0.08333333333333333,11,11,TTCTTCCTCCATGACGGCAT,0,2289619
mcbAp5,0.08333333333333333,11,11,TTCGTATCCCTTAAGTGCAT,0,2261115
mcbAp5,0.08333333333333333,11,11,TTCGCCGCCCCCTGGGTGTA,0,2287692
mcbAp5,0.08333333333333333,11,11,TTCGAGGTTCACACACAAAC,0,2304327
mcbAp5,0.08333333333333333,11,11,TTCCGATCGAGCATTAGCCA,0,2273691
mcbAp5,0.08333333333333333,11,11,TTCAGTGTGATATTAATGGT,0,2269556
mcbAp5,0.08333333333333333,11,11,TTCAGTGGTCGTTCAGAGAG,0,2316392
mcbAp5,0.08333333333333333,11,11,TTCAGCATTCCGTAGGTGGC,0,2291593
mcbAp5,0.08333333333333333,11,11,TTCACCCGTGCTCTGGATCA,0,2269402
mcbAp5,0.08333333333333333,11,11,TTATCAACCGCGTATCGTGT,0,2282120
mcbAp5,0.08333333333333333,11,11,TTAGTTTTGGAAGAGTGTGT,0,2297921
mcbAp5,0.08333333333333333,11,11,TGTTTTTTATCTAATGGCCC,0,2275944
mcbAp5,0.08333333333333333,11,11,TGTTGAAAAGGATGTGGTCG,0,2264619
mcbAp5,0.08333333333333333,11,11,TGTGTCAATTTGAGGAGTTA,0,2272420
mcbAp5,0.08333333333333333,11,11,TGTGATTACGTGTCGAACAT,0,2304743
mcbAp5,0.08333333333333333,11,11,TGTGACCATACACGTAGAGC,0,2273555
mcbAp5,0.08333333333333333,11,11,TGTCATTTCGATCAAGCACT,0,2301687
mcbAp5,0.08333333333333333,11,11,TGTCACGAGCTGCCGCGTGT,0,2297877
mcbAp5,0.08333333333333333,11,11,TGCGTGCCCGAGCGAGATCG,0,2265180
mcbAp5,0.08333333333333333,11,11,TGATTTAGTAGATGCAGCCC,0,2296074
mcbAp5,0.08333333333333333,11,11,TGATGGTGTGTTTGCGGGAG,0,2277589
mcbAp5,0.08333333333333333,11,11,TGACTTAGGAATACCCTCTG,0,2299802
mcbAp5,0.08333333333333333,11,11,TGACACGCAGCAGGTGTCTA,0,2276843
mcbAp5,0.08333333333333333,11,11,TGAATGCGGACATACTGAGG,0,2270713
mcbAp5,0.08333333333333333,11,11,TGAAGTAGGAGCTGTTAGGT,0,2301051
mcbAp5,0.08333333333333333,11,11,TGAAATAAACGCCCGGATGC,0,2293458
mcbAp5,0.08333333333333333,11,11,TCTTGATCCCAGGCAAGTAG,0,2310453
mcbAp5,0.08333333333333333,11,11,TCTGCCTTAAATATTACCAT,0,2270036
mcbAp5,0.08333333333333333,11,11,TCTCCTCCGCAAGTGCTAGT,0,2314002
mcbAp5,0.08333333333333333,11,11,TCTCATCAGTACAGCCGGCG,0,2271393
mcbAp5,0.08333333333333333,11,11,TCTACCCGAGGTCCTGTTCT,0,2297807
mcbAp5,0.08333333333333333,11,11,TCGGACTTTCCCGTCTCGTC,0,2289892
mcbAp5,0.08333333333333333,11,11,TCGCTTTTATGGCAATGAGC,0,2278314
mcbAp5,0.08333333333333333,11,11,TCGCCCATGTTCAACAAGTA,0,2277841
mcbAp5,0.08333333333333333,11,11,TCCTCTAATTCCTTAAAAAA,0,2293816
mcbAp5,0.08333333333333333,11,11,TCCTAGGGCACGGCACGTAC,0,2312643
mcbAp5,0.08333333333333333,11,11,TCCGTGACCCCTGGTTGTAC,0,2304160
mcbAp5,0.08333333333333333,11,11,TCCGGTGGAGTCAAGTTGCC,0,2270605
mcbAp5,0.08333333333333333,11,11,TCCGGCCGGCCTCAACTGTA,0,2263683
mcbAp5,0.08333333333333333,11,11,TCATTTTGGGCGGTAGTGCA,0,2313943
mcbAp5,0.08333333333333333,11,11,TCATGGCGAATCCAAGGGTG,0,2299323
mcbAp5,0.08333333333333333,11,11,TCACATGGGGACGGCAAGTT,0,2308433
mcbAp5,0.08333333333333333,11,11,TCACAAAGTGGAGTTATCGT,0,2307446
mcbAp5,0.08333333333333333,11,11,TCAATGGATATCAGCCCCAG,0,2266898
mcbAp5,0.08333333333333333,11,11,TCAATAATCGGTTATTTAAT,0,2286543
mcbAp5,0.08333333333333333,11,11,TCAACTCTCACGTCTTGCCC,0,2278496
mcbAp5,0.08333333333333333,11,11,TATAGTTCTCGTCACCCCGT,0,2296401
mcbAp5,0.08333333333333333,11,11,TATAAGTAGCTTTTGCGGAA,0,2311166
mcbAp5,0.08333333333333333,11,11,TAGGTAGAATCCTTGCGGCG,0,2284172
mcbAp5,0.08333333333333333,11,11,TAGGAGCAAGTACGTACCGT,0,2261966
mcbAp5,0.08333333333333333,11,11,TAGACTTGTCGTTTTTAACG,0,2295863
mcbAp5,0.08333333333333333,11,11,TAGAAGCAGCGCGGAATGTC,0,2289115
mcbAp5,0.08333333333333333,11,11,TACTGCTCCTTCCGTCGGCA,0,2269777
mcbAp5,0.08333333333333333,11,11,TACTACGGCTTAGGTTCTGT,0,2309947
mcbAp5,0.08333333333333333,11,11,TACGGCTCAAATTCCGGTGG,0,2264882
mcbAp5,0.08333333333333333,11,11,TACGGAGTTAAGAATTTTAG,0,2286488
mcbAp5,0.08333333333333333,11,11,TACGCATTATCCCTGGTGGC,0,2299196
mcbAp5,0.08333333333333333,11,11,TACCGTTTCTAAGCCCCGAC,0,2270976
mcbAp5,0.08333333333333333,11,11,TAATGTTACTGTCATAATGT,0,2303041
mcbAp5,0.08333333333333333,11,11,TAATGACCGGAGCATCCCTG,0,2279734
mcbAp5,0.08333333333333333,11,11,TAATCATCGGCTGGAATGAG,0,2294951
mcbAp5,0.08333333333333333,11,11,TAATATTCCCAATTCCCGTT,0,2282302
mcbAp5,0.08333333333333333,11,11,TAAGTCGGGACTATTCTGCT,0,2268796
mcbAp5,0.08333333333333333,11,11,TAAGCTTGTGGACATTCGAT,0,2263290
mcbAp5,0.08333333333333333,11,11,TAAGCAGATTAACTCGGCTT,0,2263517
mcbAp5,0.08333333333333333,11,11,TAAGAATCTCTCAGACTCGT,0,2284421
mcbAp5,0.08333333333333333,11,11,TAACCGTATAGGGCGAAGGC,0,2263051
mcbAp5,0.08333333333333333,11,11,TAAATGTGGTGTCGTCTTTA,0,2284698
mcbAp5,0.08333333333333333,11,11,GTTTGGTACAGCGGCTAATT,0,2276618
mcbAp5,0.08333333333333333,11,11,GTTTAGTAGAGTCGCTCACA,0,2291313
mcbAp5,0.08333333333333333,11,11,GTTGTGCCAGCCGTACAAGT,0,2295870
mcbAp5,0.08333333333333333,11,11,GTTGTATACCAAGAGCTACG,0,2297440
mcbAp5,0.08333333333333333,11,11,GTTGCTAGCATGACCACAAA,0,2279129
mcbAp5,0.08333333333333333,11,11,GTTGACATTGTGGACCTACG,0,2308202
mcbAp5,0.08333333333333333,11,11,GTTCGGCGTTTCATGAGCCT,0,2300111
mcbAp5,0.08333333333333333,11,11,GTGTCTGATCGTTCGTGACA,0,2262006
mcbAp5,0.08333333333333333,11,11,GTGCTACCTCCATTTCTCGG,0,2297675
mcbAp5,0.08333333333333333,11,11,GTGACTGAGGTACGTAGAGC,0,2294432
mcbAp5,0.08333333333333333,11,11,GTGACATAGTTCTTTACTCG,0,2309944
mcbAp5,0.08333333333333333,11,11,GTCGGGGTACGGGCTCGCAT,0,2281345
mcbAp5,0.08333333333333333,11,11,GTCGGACACAGGCAGCAAAG,0,2285726
mcbAp5,0.08333333333333333,11,11,GTATGGCTATGTCAATGATG,0,2301414
mcbAp5,0.08333333333333333,11,11,GTAGCCCTGTCGTCTTCATT,0,2315104
mcbAp5,0.08333333333333333,11,11,GTACGCCCGTGGTACAAAAA,0,2300006
mcbAp5,0.08333333333333333,11,11,GGTTGGGCAAAACGTCCAGG,0,2281547
mcbAp5,0.08333333333333333,11,11,GGTTCGGAGCGATGAAAATC,0,2278261
mcbAp5,0.08333333333333333,11,11,GGTTAGATTACTCCATAATT,0,2307080
mcbAp5,0.08333333333333333,11,11,GGTGCCTTGTCACCCTCGAC,0,2296163
mcbAp5,0.08333333333333333,11,11,GGTCCTTAGCTCCGACACGT,0,2294862
mcbAp5,0.08333333333333333,11,11,GGTCATGATAGCTATTTGAG,0,2279007
mcbAp5,0.08333333333333333,11,11,GGTATAAAGAGGTTTACTCT,0,2266997
mcbAp5,0.08333333333333333,11,11,GGTACTTGTCGGGTGTAACT,0,2313547
mcbAp5,0.08333333333333333,11,11,GGTACTGGTAGTTTTGTCTT,0,2296878
mcbAp5,0.08333333333333333,11,11,GGGGTTAGCGTTCGGCCCCT,0,2262343
mcbAp5,0.08333333333333333,11,11,GGGCCACCTCCCAATATCAC,0,2306820
mcbAp5,0.08333333333333333,11,11,GGGACAGGTACATCGTCCAG,0,2280419
mcbAp5,0.08333333333333333,11,11,GGGAAATGTGAATGAGTAAG,0,2282124
mcbAp5,0.08333333333333333,11,11,GGCTGGTTGGGTCTAAAAGT,0,2293665
mcbAp5,0.08333333333333333,11,11,GGCTCAGCACCGGTAACGTA,0,2272727
mcbAp5,0.08333333333333333,11,11,GGCTATACAATTGTGGAGGT,0,2274801
mcbAp5,0.08333333333333333,11,11,GGCGGTGTCCTCATGTATAG,0,2280950
mcbAp5,0.08333333333333333,11,11,GGCCGTGGTACAAGCGTCGT,0,2286747
mcbAp5,0.08333333333333333,11,11,GGCCGTCATGACTGCTGAAT,0,2267783
mcbAp5,0.08333333333333333,11,11,GGATGAGCATTCTTCCTCGA,0,2296288
mcbAp5,0.08333333333333333,11,11,GGATCACTGCATCCGTTTTC,0,2305361
mcbAp5,0.08333333333333333,11,11,GGAGGTGAACTCTGGGCATT,0,2298210
mcbAp5,0.08333333333333333,11,11,GGACAGTCACAATAGGGCCA,0,2261914
mcbAp5,0.08333333333333333,11,11,GGAATTTTCGCAAGCCCAGC,0,2297944
mcbAp5,0.08333333333333333,11,11,GGAATGTATCGTATCAGGGT,0,2272955
mcbAp5,0.08333333333333333,11,11,GGAATCATAGACCCGTATGA,0,2279421
mcbAp5,0.08333333333333333,11,11,GCTTGACGTGCTTGATAAAT,0,2272129
mcbAp5,0.08333333333333333,11,11,GCTTAGCAAGAGCTGCTACA,0,2274324
mcbAp5,0.08333333333333333,11,11,GCTCTCATTCGACAGGGCGA,0,2277443
mcbAp5,0.08333333333333333,11,11,GCTCGTCCCCAGTTCTGGAT,0,2307369
mcbAp5,0.08333333333333333,11,11,GCTAAATTTAGTAGGGATAA,0,2286708
mcbAp5,0.08333333333333333,11,11,GCGTGTCGTGGCAGGTTAGA,0,2264893
mcbAp5,0.08333333333333333,11,11,GCGGGACAGGCATGGAGTAG,0,2278735
mcbAp5,0.08333333333333333,11,11,GCGGCTGCTGAGTGGCATAT,0,2293162
mcbAp5,0.08333333333333333,11,11,GCGCATTCATGTGCCCCTGG,0,2265151
mcbAp5,0.08333333333333333,11,11,GCGCATAAACATACTACCTA,0,2276004
mcbAp5,0.08333333333333333,11,11,GCGCACAAAAGACGATACTA,0,2273592
mcbAp5,0.08333333333333333,11,11,GCGAGTGCTAGCGACCACCG,0,2277951
mcbAp5,0.08333333333333333,11,11,GCGAACAAGAAGCGGTTGGA,0,2302766
mcbAp5,0.08333333333333333,11,11,GCGAAAGTGCTGGCTTCAAT,0,2295203
mcbAp5,0.08333333333333333,11,11,GCCTCTGCAAGTGGAGCAGC,0,2268181
mcbAp5,0.08333333333333333,11,11,GCCTACGTGGAGAATCCTCA,0,2272673
mcbAp5,0.08333333333333333,11,11,GCCGCGAGAGCGAAGGTTCC,0,2292436
mcbAp5,0.08333333333333333,11,11,GCCGATCTACCCGGCGCATA,0,2292687
mcbAp5,0.08333333333333333,11,11,GCCCGATCCCAGCCAGGCAT,0,2290197
mcbAp5,0.08333333333333333,11,11,GCCCCTTCAGCTAGTCAAAT,0,2309364
mcbAp5,0.08333333333333333,11,11,GCCATGTAAATTAGCATGTC,0,2313980
mcbAp5,0.08333333333333333,11,11,GCCATGGGCTTTTGGAACAT,0,2313779
mcbAp5,0.08333333333333333,11,11,GCATCTGTCTTCTCAGCTAG,0,2293914
mcbAp5,0.08333333333333333,11,11,GCATCGCAAAACCCAATATG,0,2275114
mcbAp5,0.08333333333333333,11,11,GCATATCCATCAAGGAGACT,0,2296633
mcbAp5,0.08333333333333333,11,11,GCATACAGGGAATCCGAAAT,0,2310391
mcbAp5,0.08333333333333333,11,11,GCAGTTATGGGGCTATACGT,0,2268893
mcbAp5,0.08333333333333333,11,11,GCACTCAGAACCAGAAGACG,0,2272059
mcbAp5,0.08333333333333333,11,11,GCAACCGTGAGGTGAAATCT,0,2263038
mcbAp5,0.08333333333333333,11,11,GCAAAGCTCAGGGAGCCATG,0,2304021
mcbAp5,0.08333333333333333,11,11,GATGGTCTTATATAATAGTC,0,2306983
mcbAp5,0.08333333333333333,11,11,GATCGCGGAGGCATAAGAAA,0,2304769
mcbAp5,0.08333333333333333,11,11,GATATGGTAAAGCGGACTTA,0,2297437
mcbAp5,0.08333333333333333,11,11,GATAAGACGATGGGCGACAA,0,2278551
mcbAp5,0.08333333333333333,11,11,GAGTAGACACTCGCTGCCCA,0,2261644
mcbAp5,0.08333333333333333,11,11,GAGGGGAGATCTATCGTCCC,0,2292647
mcbAp5,0.08333333333333333,11,11,GAGGATGAGTAGGGGTTCTA,0,2314993
mcbAp5,0.08333333333333333,11,11,GAGCTTTTAGTAGTGTGTAT,0,2280469
mcbAp5,0.08333333333333333,11,11,GAGCAGACGTGTAAAGCTAG,0,2261144
mcbAp5,0.08333333333333333,11,11,GAGATTTCTTCCGCTCCCCG,0,2291765
mcbAp5,0.08333333333333333,11,11,GAGAGCTGCGTATTTTACAC,0,2274497
mcbAp5,0.08333333333333333,11,11,GAGAGAGTTTGACGGTTAAA,0,2286524
mcbAp5,0.08333333333333333,11,11,GAGACCGAGACTCATGGCTT,0,2295426
mcbAp5,0.08333333333333333,11,11,GACTCGGCAAAAATGTGATT,0,2305560
mcbAp5,0.08333333333333333,11,11,GACAAACTTGTCATTTACCT,0,2288822
mcbAp5,0.08333333333333333,11,11,GAATTCGCTCGCCTTTACTT,0,2265191
mcbAp5,0.08333333333333333,11,11,GAATGAATAGCAGAGTCACA,0,2267891
mcbAp5,0.08333333333333333,11,11,GAAGGAGAGAGCGGTCAAGT,0,2262974
mcbAp5,0.08333333333333333,11,11,GAAGCTAGCGTCCACGAATC,0,2305557
mcbAp5,0.08333333333333333,11,11,GAACCTCGTACAGTTCGTGA,0,2282155
mcbAp5,0.08333333333333333,11,11,CTTGTCATCGCTCAAGTGAG,0,2274023
mcbAp5,0.08333333333333333,11,11,CTTGCTCGGGGTATCCTTGG,0,2310350
mcbAp5,0.08333333333333333,11,11,CTTCACACGACGACTATCTT,0,2261661
mcbAp5,0.08333333333333333,11,11,CTGTGAGATGGCCCACGCGG,0,2296694
mcbAp5,0.08333333333333333,11,11,CTGATAAATATTCCTATTGC,0,2300973
mcbAp5,0.08333333333333333,11,11,CTGAAGTGAGTAGGTCGCAA,0,2312868
mcbAp5,0.08333333333333333,11,11,CTGAAAAAGATTGGAGACTT,0,2298418
mcbAp5,0.08333333333333333,11,11,CTCGTGCCAGACGCGTCGCG,0,2298405
mcbAp5,0.08333333333333333,11,11,CTCGGAGGTTCTTGCATCTC,0,2308326
mcbAp5,0.08333333333333333,11,11,CTCCGGTCCAATGACCGTTT,0,2299186
mcbAp5,0.08333333333333333,11,11,CTCCCGCTAAGTCCAGTAAT,0,2303753
mcbAp5,0.08333333333333333,11,11,CTATTATTCGGACCACGAAA,0,2307304
mcbAp5,0.08333333333333333,11,11,CTATGGCGCATTAAAAACTG,0,2309273
mcbAp5,0.08333333333333333,11,11,CTAGCGCGGCAATATTGGAT,0,2262907
mcbAp5,0.08333333333333333,11,11,CTAGAATGGCGACACCAATG,0,2268834
mcbAp5,0.08333333333333333,11,11,CTACTTCACATTAGCAGTTT,0,2280525
mcbAp5,0.08333333333333333,11,11,CGTGACCTTAAAATTCGCCC,0,2274029
mcbAp5,0.08333333333333333,11,11,CGTCGTGTGGTCATTGAGCG,0,2281776
mcbAp5,0.08333333333333333,11,11,CGTAAAGCAAGGCTCGCCGA,0,2267181
mcbAp5,0.08333333333333333,11,11,CGGTTCGGTGAGGTGACAGG,0,2310817
mcbAp5,0.08333333333333333,11,11,CGGTACTGCTACGATGGTCA,0,2284397
mcbAp5,0.08333333333333333,11,11,CGGGTCTTGGCGCTACAGGT,0,2275796
mcbAp5,0.08333333333333333,11,11,CGGGCGTGAGCTCCGACCGC,0,2280514
mcbAp5,0.08333333333333333,11,11,CGGCTACGGACAAGATTGTC,0,2310442
mcbAp5,0.08333333333333333,11,11,CGCGTTGTGTTGTTAAATTA,0,2263223
mcbAp5,0.08333333333333333,11,11,CGCCGTTCCCACGCTGTCTA,0,2279715
mcbAp5,0.08333333333333333,11,11,CGCCGGCACCTTCACTACTC,0,2265189
mcbAp5,0.08333333333333333,11,11,CGCCGACCTGCGGATTAGGC,0,2261606
mcbAp5,0.08333333333333333,11,11,CGCCAACTTGAGGATTTGAA,0,2292739
mcbAp5,0.08333333333333333,11,11,CGATGTATATCCGCACACAT,0,2275546
mcbAp5,0.08333333333333333,11,11,CGAGGGTCCAGGCTACGCGC,0,2278921
mcbAp5,0.08333333333333333,11,11,CCTCATGGGGCGTTATGTAT,0,2302300
mcbAp5,0.08333333333333333,11,11,CCTACAAGGCTCTTTTGCGC,0,2305475
mcbAp5,0.08333333333333333,11,11,CCGTTGTATTCGATTTGGCC,0,2279472
mcbAp5,0.08333333333333333,11,11,CCGTAACGACTCGCCCAAGT,0,2284767
mcbAp5,0.08333333333333333,11,11,CCGAGTGGAATGTGTACTGT,0,2312641
mcbAp5,0.08333333333333333,11,11,CCGAGTCGGGGATATGAGTG,0,2279578
mcbAp5,0.08333333333333333,11,11,CCGAGGCTATTTGAGCTGGT,0,2312666
mcbAp5,0.08333333333333333,11,11,CCGACGAAGGCAAGACAGCC,0,2316026
mcbAp5,0.08333333333333333,11,11,CCCTTCGATCCTACGTCACC,0,2304570
mcbAp5,0.08333333333333333,11,11,CCCTCATGCTCCAGAAGGGA,0,2283641
mcbAp5,0.08333333333333333,11,11,CCCGGGTCGTGCCGAAGATT,0,2271954
mcbAp5,0.08333333333333333,11,11,CCCGCCACCAAGGTCCACAG,0,2294024
mcbAp5,0.08333333333333333,11,11,CCATGAGAGAAATTGCCCAT,0,2288274
mcbAp5,0.08333333333333333,11,11,CCATAGGTAATCTGGCATGA,0,2261458
mcbAp5,0.08333333333333333,11,11,CCATAGACTGTCCTGCCTAA,0,2268091
mcbAp5,0.08333333333333333,11,11,CCAGTTTGTAAGAGTTATAA,0,2296592
mcbAp5,0.08333333333333333,11,11,CCACGCTTTGAGCGTAATAC,0,2298136
mcbAp5,0.08333333333333333,11,11,CCAAGGCTCTAGATGAATGC,0,2288022
mcbAp5,0.08333333333333333,11,11,CCAAGGACTGAGCCGAATGA,0,2307836
mcbAp5,0.08333333333333333,11,11,CCAACCGTCAAAAGCACGAT,0,2314760
mcbAp5,0.08333333333333333,11,11,CATTGCGGTGATCTTCCGAG,0,2304771
mcbAp5,0.08333333333333333,11,11,CATGGCAAAGCGAACAATGT,0,2302122
mcbAp5,0.08333333333333333,11,11,CATATGTAATTGGGCACCTA,0,2315407
mcbAp5,0.08333333333333333,11,11,CATAGGTGACAATAATCGTA,0,2299282
mcbAp5,0.08333333333333333,11,11,CAGTTGACTAAATCGACATT,0,2299079
mcbAp5,0.08333333333333333,11,11,CAGTAATTACCAAAAAGTAG,0,2265315
mcbAp5,0.08333333333333333,11,11,CAGGGGGCTCGTGATCCCTT,0,2289417
mcbAp5,0.08333333333333333,11,11,CAGAAGTGTGTTAAGAGGGA,0,2274726
mcbAp5,0.08333333333333333,11,11,CACTTGCTTACTAGGGGTAC,0,2306377
mcbAp5,0.08333333333333333,11,11,CACTCATCCCTCATCGATCA,0,2312257
mcbAp5,0.08333333333333333,11,11,CACGCTAGGAGCAAGTATAC,0,2291028
mcbAp5,0.08333333333333333,11,11,CACGCCGAGTAGGAGATGTA,0,2280940
mcbAp5,0.08333333333333333,11,11,CACCTGGGTTACCATCTGTC,0,2272062
mcbAp5,0.08333333333333333,11,11,CACCCATAGCTTGGGACGTA,0,2296982
mcbAp5,0.08333333333333333,11,11,CACAGAGACATAGTATATCG,0,2274120
mcbAp5,0.08333333333333333,11,11,CAATGAGTAAAGCCGTTCGA,0,2299476
mcbAp5,0.08333333333333333,11,11,CAAGCTCACGAATCAATTAC,0,2278634
mcbAp5,0.08333333333333333,11,11,CAACCTACAGCTGAAAGTGA,0,2293532
mcbAp5,0.08333333333333333,11,11,CAAAGCTCATAGTCCGGGCA,0,2311122
mcbAp5,0.08333333333333333,11,11,ATTTGTTTACTTGTATCGGT,0,2287024
mcbAp5,0.08333333333333333,11,11,ATTGCGAATAGGGGCGAATA,0,2314298
mcbAp5,0.08333333333333333,11,11,ATTGATGACTGATGTTTCGT,0,2270040
mcbAp5,0.08333333333333333,11,11,ATTCTCTTAGCCATTGCCAG,0,2297761
mcbAp5,0.08333333333333333,11,11,ATTCTCTGTAAGTGCGCCCA,0,2274246
mcbAp5,0.08333333333333333,11,11,ATTCGGAACAACGTTTCGAA,0,2280018
mcbAp5,0.08333333333333333,11,11,ATTCAATAAGTTGTGTATGC,0,2262881
mcbAp5,0.08333333333333333,11,11,ATTAAGGAGAAGGGATAGGT,0,2269310
mcbAp5,0.08333333333333333,11,11,ATGTACCCTCGATGGCTCTG,0,2281325
mcbAp5,0.08333333333333333,11,11,ATGGGCGAGTTTCAGTTGAG,0,2261419
mcbAp5,0.08333333333333333,11,11,ATGGCCCGCAGTCAAGGGCG,0,2287365
mcbAp5,0.08333333333333333,11,11,ATGCGAGTGGTCGAAGAAAT,0,2276129
mcbAp5,0.08333333333333333,11,11,ATGCATAGCATAAACGCACT,0,2278927
mcbAp5,0.08333333333333333,11,11,ATGAGTACCACGTGTAACCA,0,2267519
mcbAp5,0.08333333333333333,11,11,ATCGATTTATTATATTACGT,0,2300018
mcbAp5,0.08333333333333333,11,11,ATCACAACGGAGCTGTCCGA,0,2280318
mcbAp5,0.08333333333333333,11,11,ATCAAGGCTTCTTACGAGAT,0,2272969
mcbAp5,0.08333333333333333,11,11,ATAGTTTTTCAGCGCTGGCT,0,2263275
mcbAp5,0.08333333333333333,11,11,ATACAGTATGCGGTGTTATC,0,2291519
mcbAp5,0.08333333333333333,11,11,AGTTTCCCACTTCAGCCTGT,0,2310818
mcbAp5,0.08333333333333333,11,11,AGTTGCAACAAGATTACAGG,0,2299761
mcbAp5,0.08333333333333333,11,11,AGTGATGGTGGTTGAGTATT,0,2304322
mcbAp5,0.08333333333333333,11,11,AGTCTTCCCGGTGATTACTT,0,2262653
mcbAp5,0.08333333333333333,11,11,AGTAGTTACTGTTGTGGAGA,0,2266102
mcbAp5,0.08333333333333333,11,11,AGTAGTGCCCTCTCTGGCCA,0,2308032
mcbAp5,0.08333333333333333,11,11,AGTAGAACCGTACCCTAGCT,0,2280905
mcbAp5,0.08333333333333333,11,11,AGTACTGGCCAGGCGGGAGT,0,2270154
mcbAp5,0.08333333333333333,11,11,AGTACAAGACTTGCACGAAC,0,2284490
mcbAp5,0.08333333333333333,11,11,AGTAACGTTCGTTGGATAGC,0,2299335
mcbAp5,0.08333333333333333,11,11,AGGGTATGCTTGGTGCAAAT,0,2267516
mcbAp5,0.08333333333333333,11,11,AGGGGTAGATACACCAACGG,0,2299904
mcbAp5,0.08333333333333333,11,11,AGGCTTAAGTATCCCAATAA,0,2270001
mcbAp5,0.08333333333333333,11,11,AGGCTCAAATCATGTAAATT,0,2264613
mcbAp5,0.08333333333333333,11,11,AGGCCTTCTAACATCTTGTT,0,2303957
mcbAp5,0.08333333333333333,11,11,AGGAGCTCTCAGGCCTAACT,0,2269708
mcbAp5,0.08333333333333333,11,11,AGGAAAGAGCAAGGGGATTA,0,2292457
mcbAp5,0.08333333333333333,11,11,AGCTGTTCCGGCCTCAGTAC,0,2270517
mcbAp5,0.08333333333333333,11,11,AGCTGGAGCGGTCTCTGATG,0,2303039
mcbAp5,0.08333333333333333,11,11,AGCTCTTCATAAGACGTCAC,0,2291172
mcbAp5,0.08333333333333333,11,11,AGCGTCATTTTTGATTTGAT,0,2287244
mcbAp5,0.08333333333333333,11,11,AGCGGATCGGGATTTCCGTT,0,2283818
mcbAp5,0.08333333333333333,11,11,AGCGCGGGACACCGGAACAG,0,2284062
mcbAp5,0.08333333333333333,11,11,AGCCGTGCTTTTACCGGTTG,0,2262425
mcbAp5,0.08333333333333333,11,11,AGCCGGTGTCAAAAAGAACC,0,2272779
mcbAp5,0.08333333333333333,11,11,ACTTCTTCTAGACGTTGTAG,0,2273368
mcbAp5,0.08333333333333333,11,11,ACTGCGCTGACGTTCTTGGA,0,2283095
mcbAp5,0.08333333333333333,11,11,ACTGACACTAAAGTAGTCGT,0,2305809
mcbAp5,0.08333333333333333,11,11,ACTACCTCCCCGGCTTATCG,0,2301388
mcbAp5,0.08333333333333333,11,11,ACGTACTCCGTGTGTGGTGT,0,2312266
mcbAp5,0.08333333333333333,11,11,ACGGGAACAGTGGTTTTCAC,0,2277289
mcbAp5,0.08333333333333333,11,11,ACCTGATGCCCTCTTGCTTC,0,2281966
mcbAp5,0.08333333333333333,11,11,ACCGTTCTTGATATATGAGG,0,2281449
mcbAp5,0.08333333333333333,11,11,ACCGCATGCCATGCCAGCAT,0,2275095
mcbAp5,0.08333333333333333,11,11,ACCCCGGAACGAAGGAATTA,0,2264898
mcbAp5,0.08333333333333333,11,11,ACCAAGGACTTCTTTCTCCA,0,2264224
mcbAp5,0.08333333333333333,11,11,ACATACGGCGTATTCTGAGT,0,2285698
mcbAp5,0.08333333333333333,11,11,ACAGGTTGGATTCAATCGGT,0,2279029
mcbAp5,0.08333333333333333,11,11,ACAGGGTTAGTGATCAAGCC,0,2290280
mcbAp5,0.08333333333333333,11,11,ACAGCGTAACGAGCAACGAG,0,2275669
mcbAp5,0.08333333333333333,11,11,ACACTGGTGTGAGACACGTC,0,2274165
mcbAp5,0.08333333333333333,11,11,ACACATCGCCTTTCTCTTGA,0,2280478
mcbAp5,0.08333333333333333,11,11,AATTGTGCTGCAAGTAGTCT,0,2285859
mcbAp5,0.08333333333333333,11,11,AATTCCAAGTGTTTACACGC,0,2279896
mcbAp5,0.08333333333333333,11,11,AATGTGCTTCCTTCAGATGT,0,2295801
mcbAp5,0.08333333333333333,11,11,AATGCCAAATGCTCGGTTGC,0,2304501
mcbAp5,0.08333333333333333,11,11,AATGCAGGAGGGGCCAGTGA,0,2304217
mcbAp5,0.08333333333333333,11,11,AATACTACGTGATGTCGTAT,0,2297338
mcbAp5,0.08333333333333333,11,11,AATAAGTAGGTCCAATTTCT,0,2293707
mcbAp5,0.08333333333333333,11,11,AAGCTCATGCCGCCGCCGAA,0,2287166
mcbAp5,0.08333333333333333,11,11,AAGAGCGCTGAGATCATCTG,0,2274605
mcbAp5,0.08333333333333333,11,11,AACTAACTCTAAGGCCCTCT,0,2288950
mcbAp5,0.08333333333333333,11,11,AACGCCAGCACGTGCCATAT,0,2309019
mcbAp5,0.08333333333333333,11,11,AAATCAATGTAGGCGTCGTA,0,2286306
mcbAp5,0.08333333333333333,11,11,AAATACTGGATATGGCAGCC,0,2306744
mcbAp5,0.08333333333333333,11,11,AAAGTTGGCTCCATTTGTGG,0,2300033
mcbAp5,0.08333333333333333,11,11,AAAGGTACGCCCCACTATCC,0,2289545
mcbAp5,0.08333333333333333,11,11,AAAGCTGCTAGTATTTCCGA,0,2287958
mcbAp5,0.08333333333333333,11,11,AAAATAGTTGTATGGTCCTC,0,2270268
mcbAp5,0.09090909090909091,10,10,TTTTGTCATCCTAGGGGCCG,0,2295970
mcbAp5,0.09090909090909091,10,10,TTTAGAGGGGTCTTAGCTTT,0,2302838
mcbAp5,0.09090909090909091,10,10,TTTACTGTTGACGGGTTTAA,0,2266115
mcbAp5,0.09090909090909091,10,10,TTTACCGTGAACGAACCATT,0,2273412
mcbAp5,0.09090909090909091,10,10,TTGTTGTCGGGCCCTTTCGA,0,2269860
mcbAp5,0.09090909090909091,10,10,TTGGTGTAGGCTGCGGCTCC,0,2312085
mcbAp5,0.09090909090909091,10,10,TTGCGTTAACATATCGCTAA,0,2272345
mcbAp5,0.09090909090909091,10,10,TTGAGGTCCCAGCCATATGT,0,2276892
mcbAp5,0.09090909090909091,10,10,TTGACAGGATTGCAGGTTAA,0,2267040
mcbAp5,0.09090909090909091,10,10,TTCTTCCACCATTCGCGTAT,0,2287162
mcbAp5,0.09090909090909091,10,10,TTCGTAACCGGAAAGTAGGT,0,2286782
mcbAp5,0.09090909090909091,10,10,TTCGCGACCAATAGGCGGCC,0,2281699
mcbAp5,0.09090909090909091,10,10,TTCGCAGGCTCGATGGAATA,0,2274609
mcbAp5,0.09090909090909091,10,10,TTCCGCGAGAATTTGAGCGT,0,2261399
mcbAp5,0.09090909090909091,10,10,TTCCCAGTCACAGACAAGAA,0,2282191
mcbAp5,0.09090909090909091,10,10,TTATTAAGGGTACAATCTAC,0,2269548
mcbAp5,0.09090909090909091,10,10,TTATCACGAAAGGACTTTTG,0,2308621
mcbAp5,0.09090909090909091,10,10,TTATCAACATGGACTAGCCA,0,2262618
mcbAp5,0.09090909090909091,10,10,TTAGGGAGCTAGTGCTAAAC,0,2283434
mcbAp5,0.09090909090909091,10,10,TTACCCAATATGATAGAAAT,0,2273584
mcbAp5,0.09090909090909091,10,10,TTACAAAATATGGCCGTGGA,0,2292887
mcbAp5,0.09090909090909091,10,10,TTAATCAATACATGTGGTAG,0,2288579
mcbAp5,0.09090909090909091,10,10,TTAAGCTTCCATACTGTGAC,0,2302737
mcbAp5,0.09090909090909091,10,10,TTAAGACAGTTTGGCTGTGG,0,2297034
mcbAp5,0.09090909090909091,10,10,TGTTTTGATCGTTAGATACG,0,2300517
mcbAp5,0.09090909090909091,10,10,TGTTTGCAGGACAGCTTGGG,0,2282889
mcbAp5,0.09090909090909091,10,10,TGTGTGAACTGGCTGAACTT,0,2293355
mcbAp5,0.09090909090909091,10,10,TGTGGCACACTGGCAACGTC,0,2281455
mcbAp5,0.09090909090909091,10,10,TGTGCTCCCACTATCCTGGA,0,2283041
mcbAp5,0.09090909090909091,10,10,TGTCGGTTGTTAGACCAATC,0,2303170
mcbAp5,0.09090909090909091,10,10,TGTCGCAACTGGGTGATTGT,0,2275534
mcbAp5,0.09090909090909091,10,10,TGTAGAGACTCATGCATGAA,0,2265102
mcbAp5,0.09090909090909091,10,10,TGGTGAGCATTCCCAGTTTA,0,2286232
mcbAp5,0.09090909090909091,10,10,TGGGTACAGCTGACTAATCA,0,2306768
mcbAp5,0.09090909090909091,10,10,TGGGTAAAAATTCAGTTTAC,0,2268018
mcbAp5,0.09090909090909091,10,10,TGGCTGCAAGGCCGCAAGCA,0,2305959
mcbAp5,0.09090909090909091,10,10,TGGCTACGGAATTCTGGCTT,0,2303479
mcbAp5,0.09090909090909091,10,10,TGGATGGCGCGAACACACGT,0,2275246
mcbAp5,0.09090909090909091,10,10,TGCTCATTGGGGCATCCGGG,0,2277023
mcbAp5,0.09090909090909091,10,10,TGCGTTCAGGGAGGAATTTC,0,2289555
mcbAp5,0.09090909090909091,10,10,TGCGGTTCGGTTTTGGATTC,0,2288276
mcbAp5,0.09090909090909091,10,10,TGCGGTCTTGAATTTGCTGA,0,2285916
mcbAp5,0.09090909090909091,10,10,TGCCGGACATAGACATTGGG,0,2278962
mcbAp5,0.09090909090909091,10,10,TGCCGAAGTTTATTGTTGAA,0,2279696
mcbAp5,0.09090909090909091,10,10,TGCCATTTTCGGGAGCCGCC,0,2299576
mcbAp5,0.09090909090909091,10,10,TGCACCCTGCATGGATTCGT,0,2307188
mcbAp5,0.09090909090909091,10,10,TGAGCCCAGCAGCCTGTGTG,0,2308926
mcbAp5,0.09090909090909091,10,10,TGAGCACGAGCTGCAACGAT,0,2282857
mcbAp5,0.09090909090909091,10,10,TGAGAATTTCGATGTTTTAC,0,2280103
mcbAp5,0.09090909090909091,10,10,TGAACGCAGGCTAGTTCACA,0,2271731
mcbAp5,0.09090909090909091,10,10,TGAACACAGGCATTGCATCT,0,2297424
mcbAp5,0.09090909090909091,10,10,TCTTGCACACGTTGACAGCT,0,2282198
mcbAp5,0.09090909090909091,10,10,TCTTCCCATGTAAGACAGGT,0,2302767
mcbAp5,0.09090909090909091,10,10,TCTTCACGGAAGTATAGTGG,0,2291526
mcbAp5,0.09090909090909091,10,10,TCTGGCCCAGAGTTCTTGAT,0,2314862
mcbAp5,0.09090909090909091,10,10,TCTGGCAATCTCGTCCACCG,0,2285370
mcbAp5,0.09090909090909091,10,10,TCTAGGCGCGCGCCACCGGC,0,2285254
mcbAp5,0.09090909090909091,10,10,TCTACCAGCATTACGCTTTC,0,2298527
mcbAp5,0.09090909090909091,10,10,TCTAAGATAACAGAATTCAT,0,2305849
mcbAp5,0.09090909090909091,10,10,TCGTAGGGACGACCGGATTA,0,2271294
mcbAp5,0.09090909090909091,10,10,TCGCTATTCCCCCAGACCAT,0,2267127
mcbAp5,0.09090909090909091,10,10,TCGCCCGCTTATAGGCGTCA,0,2281994
mcbAp5,0.09090909090909091,10,10,TCGAAATTCCTGTGCCACTC,0,2309500
mcbAp5,0.09090909090909091,10,10,TCCTTTTTGGAGCGTTATGC,0,2287737
mcbAp5,0.09090909090909091,10,10,TCCGTGTAGCAGAACACCGA,0,2280506
mcbAp5,0.09090909090909091,10,10,TCCGTACGCCATACTGACCC,0,2272584
mcbAp5,0.09090909090909091,10,10,TCCATAGCGTCGTACAGCTA,0,2280817
mcbAp5,0.09090909090909091,10,10,TCATTTCTCTGTTTAGATCG,0,2295962
mcbAp5,0.09090909090909091,10,10,TCATCGGTTGGCACCTACTC,0,2306061
mcbAp5,0.09090909090909091,10,10,TCAGGTGGCTTTAGCATTCA,0,2308794
mcbAp5,0.09090909090909091,10,10,TCAGCTCAGGTGCGAGTCAG,0,2310265
mcbAp5,0.09090909090909091,10,10,TCAGCGTCTTCAATGTTGGT,0,2271788
mcbAp5,0.09090909090909091,10,10,TCACGTGCTAGCCAGACTTC,0,2301415
mcbAp5,0.09090909090909091,10,10,TCACGATGTACCGTCTCTGT,0,2268954
mcbAp5,0.09090909090909091,10,10,TCAAAGAAATTGGAAAGGCA,0,2272954
mcbAp5,0.09090909090909091,10,10,TATTTTATACGATTCTTTTA,0,2298851
mcbAp5,0.09090909090909091,10,10,TATCTGGACACCCAAGGAAC,0,2281304
mcbAp5,0.09090909090909091,10,10,TATCGCATAGAAGCTTAGTT,0,2306723
mcbAp5,0.09090909090909091,10,10,TAGGAGGGATCAAGTCTACC,0,2268291
mcbAp5,0.09090909090909091,10,10,TAGATTATGATGGTCGCGGG,0,2292270
mcbAp5,0.09090909090909091,10,10,TACTTCACCTGTGATCGGGT,0,2301593
mcbAp5,0.09090909090909091,10,10,TACTCGCATGGGGATAGACT,0,2271675
mcbAp5,0.09090909090909091,10,10,TACACCGGCTACCCGTTCAA,0,2263629
mcbAp5,0.09090909090909091,10,10,TAAGTATTTGCAGCATAATT,0,2284094
mcbAp5,0.09090909090909091,10,10,TAAGAGCACTATCAGTACGA,0,2273172
mcbAp5,0.09090909090909091,10,10,TAACTCGCGGAGCTGGCGGA,0,2294772
mcbAp5,0.09090909090909091,10,10,TAACCCCGCATTAAAGAACC,0,2296085
mcbAp5,0.09090909090909091,10,10,GTTTTCGATGGGCATAGGGT,0,2278294
mcbAp5,0.09090909090909091,10,10,GTTTGGCAGTAAACCTCCTG,0,2268508
mcbAp5,0.09090909090909091,10,10,GTTTCGGCGGGTTGCATCGA,0,2289291
mcbAp5,0.09090909090909091,10,10,GTTGAGAAGCGCCGCTCGAC,0,2270229
mcbAp5,0.09090909090909091,10,10,GTTCGGTCGCTATGTAGTCA,0,2277425
mcbAp5,0.09090909090909091,10,10,GTTAGATGAAGGCCGGCAGT,0,2287084
mcbAp5,0.09090909090909091,10,10,GTTACACTTCACCCATGGTG,0,2312933
mcbAp5,0.09090909090909091,10,10,GTTAATTAGCCACCAGTCTA,0,2303329
mcbAp5,0.09090909090909091,10,10,GTGTTGCACGATGCTGCAAA,0,2275416
mcbAp5,0.09090909090909091,10,10,GTGGTACAAAGTCGTTGTTT,0,2292285
mcbAp5,0.09090909090909091,10,10,GTGGCATGTACCGTCTCACT,0,2314758
mcbAp5,0.09090909090909091,10,10,GTGCGGTACATCTAATCAAG,0,2296816
mcbAp5,0.09090909090909091,10,10,GTGCCGGCTAGTTCTAGCCT,0,2315580
mcbAp5,0.09090909090909091,10,10,GTGCATATGCCCCATATAAT,0,2262667
mcbAp5,0.09090909090909091,10,10,GTGATCATCATACCCTATAG,0,2306912
mcbAp5,0.09090909090909091,10,10,GTGAGGCTCCCCATGGTATC,0,2280081
mcbAp5,0.09090909090909091,10,10,GTCTGCAACCATTAAAAACC,0,2268757
mcbAp5,0.09090909090909091,10,10,GTCTGATCAGAAATCGCCCC,0,2271488
mcbAp5,0.09090909090909091,10,10,GTCGGCGTATTTCCAAGGAA,0,2277808
mcbAp5,0.09090909090909091,10,10,GTCCGGACGGACTGCGGGTT,0,2312311
mcbAp5,0.09090909090909091,10,10,GTCCCCATACCGCTCAGTCC,0,2268678
mcbAp5,0.09090909090909091,10,10,GTCATACGAAGAGGTGGATC,0,2284078
mcbAp5,0.09090909090909091,10,10,GTCAAGACTAAATATGAATT,0,2311729
mcbAp5,0.09090909090909091,10,10,GTATCGTTAAACCAGGATAA,0,2285723
mcbAp5,0.09090909090909091,10,10,GTATATTGCCGGAAGCTCGG,0,2284173
mcbAp5,0.09090909090909091,10,10,GTAGCTAATGTAGTAGCTCC,0,2300711
mcbAp5,0.09090909090909091,10,10,GTAGAGGTCCGCGGGAATCT,0,2283905
mcbAp5,0.09090909090909091,10,10,GTAAAACTCTGTGGAAATAA,0,2279488
mcbAp5,0.09090909090909091,10,10,GGTTTGGCTACTGGCAAGGG,0,2303489
mcbAp5,0.09090909090909091,10,10,GGTTGAAAGCTGAGCCGCTT,0,2283705
mcbAp5,0.09090909090909091,10,10,GGTTACATCACAGCGATCGC,0,2307436
mcbAp5,0.09090909090909091,10,10,GGTGTCACACGTCAGTTGCT,0,2288660
mcbAp5,0.09090909090909091,10,10,GGTGCCCTCGGACACATAGA,0,2293567
mcbAp5,0.09090909090909091,10,10,GGTCATGGTTCCCGACCCTA,0,2310788
mcbAp5,0.09090909090909091,10,10,GGGTAATCCGGGAGGAGTAA,0,2311172
mcbAp5,0.09090909090909091,10,10,GGGGCTCGCGGCGTCTAGTG,0,2291216
mcbAp5,0.09090909090909091,10,10,GGGCTAGGCGAGTAGATACA,0,2280179
mcbAp5,0.09090909090909091,10,10,GGGCCACACGGTGGGGAAGA,0,2291652
mcbAp5,0.09090909090909091,10,10,GGGCACACCGGGTTCTAGTC,0,2310893
mcbAp5,0.09090909090909091,10,10,GGCTTTGGTCACAATAAGGG,0,2298633
mcbAp5,0.09090909090909091,10,10,GGCTGTGGAACTCGAACGAG,0,2305295
mcbAp5,0.09090909090909091,10,10,GGCTCAGCAAAGTATCGTAG,0,2279569
mcbAp5,0.09090909090909091,10,10,GGCGGAGTGCATAAGCCGTC,0,2297730
mcbAp5,0.09090909090909091,10,10,GGCCTGTAGGGTTGAGCTCC,0,2285937
mcbAp5,0.09090909090909091,10,10,GGCCTCGTTTCAGACCGATT,0,2274048
mcbAp5,0.09090909090909091,10,10,GGCCGAGATGGTGGATGGAC,0,2310073
mcbAp5,0.09090909090909091,10,10,GGCCCGCCGGAGGTGGTGAC,0,2302415
mcbAp5,0.09090909090909091,10,10,GGCCAACCTGCCTTAAAGCC,0,2307908
mcbAp5,0.09090909090909091,10,10,GGATGCAGTCTTCGAGCATG,0,2290634
mcbAp5,0.09090909090909091,10,10,GGATCCGACTTAGAGTTCAT,0,2278712
mcbAp5,0.09090909090909091,10,10,GGAGGCCTGTCCAAGTTCTT,0,2299313
mcbAp5,0.09090909090909091,10,10,GGAATCAGTTCGCAGGGCCA,0,2314892
mcbAp5,0.09090909090909091,10,10,GGAACCCACCTTCCGCTATT,0,2285436
mcbAp5,0.09090909090909091,10,10,GCTTGTTGACCTTTATATAT,0,2299691
mcbAp5,0.09090909090909091,10,10,GCTTGCCAGTTCCTGCCCGT,0,2263276
mcbAp5,0.09090909090909091,10,10,GCTTCTCAAATAAGTAGGTA,0,2296754
mcbAp5,0.09090909090909091,10,10,GCTGTGTATGACTCTGGATC,0,2311898
mcbAp5,0.09090909090909091,10,10,GCTGGCCAGAAGTCTATCGC,0,2271629
mcbAp5,0.09090909090909091,10,10,GCTCGAGAGGCCTCGGCTCT,0,2304113
mcbAp5,0.09090909090909091,10,10,GCTCCATCAACGTGGGCGTT,0,2270890
mcbAp5,0.09090909090909091,10,10,GCTCATTGAAGCCCTGTTTA,0,2298299
mcbAp5,0.09090909090909091,10,10,GCGTTCCGGATTACCCGGAG,0,2272879
mcbAp5,0.09090909090909091,10,10,GCGGGGATCCGACTGGACAG,0,2272028
mcbAp5,0.09090909090909091,10,10,GCGAGCTTGTCCGACTGTGA,0,2308342
mcbAp5,0.09090909090909091,10,10,GCGAATAGGGTAGTGATAAT,0,2266579
mcbAp5,0.09090909090909091,10,10,GCGAAATTCTCGCTAGTTGA,0,2295154
mcbAp5,0.09090909090909091,10,10,GCCTCGTGAAGTCCGTGTCA,0,2283089
mcbAp5,0.09090909090909091,10,10,GCCTCGCCAGCGTTCCGAAA,0,2278214
mcbAp5,0.09090909090909091,10,10,GCCGTCACCCACAAAGTGCA,0,2280677
mcbAp5,0.09090909090909091,10,10,GCCGCGGATTGTCAAGGTGG,0,2310026
mcbAp5,0.09090909090909091,10,10,GCCCTCCGGTGCCCCCGCTG,0,2261905
mcbAp5,0.09090909090909091,10,10,GCCCACAGGCATAGGAGTGA,0,2293819
mcbAp5,0.09090909090909091,10,10,GCCAGCACGACTTAGCGGTG,0,2309038
mcbAp5,0.09090909090909091,10,10,GCCACATTATGACGCAGGTC,0,2306107
mcbAp5,0.09090909090909091,10,10,GCCAAAGGCACTAGCATCCT,0,2286507
mcbAp5,0.09090909090909091,10,10,GCATTTCAGCTAGGTATTGT,0,2291223
mcbAp5,0.09090909090909091,10,10,GCAAAACAAGCGTTACGGGT,0,2268185
mcbAp5,0.09090909090909091,10,10,GATGTCCATTCTTGTGACGG,0,2304730
mcbAp5,0.09090909090909091,10,10,GATCTCTCTAGGAACTTCAG,0,2295410
mcbAp5,0.09090909090909091,10,10,GATCAATCCGGCCTCAACGT,0,2265118
mcbAp5,0.09090909090909091,10,10,GATAGCAGAGCGTGGTCGCG,0,2309620
mcbAp5,0.09090909090909091,10,10,GATACGACTTCAACATAGGT,0,2261202
mcbAp5,0.09090909090909091,10,10,GAGTCTACGCACATTACGAT,0,2293464
mcbAp5,0.09090909090909091,10,10,GAGGGCTTATAGTTACAAGA,0,2296749
mcbAp5,0.09090909090909091,10,10,GAGGCTGTCTAAAGCTATTT,0,2288489
mcbAp5,0.09090909090909091,10,10,GAGCATTGCGGGTGAAGGAA,0,2312082
mcbAp5,0.09090909090909091,10,10,GAGATTACGTCTCAAGCGAT,0,2290328
mcbAp5,0.09090909090909091,10,10,GAGACATGTGGCGATACAGG,0,2294774
mcbAp5,0.09090909090909091,10,10,GACTATTGATTACCTCTGCG,0,2273858
mcbAp5,0.09090909090909091,10,10,GACCACTGCCGCCTTTCTAA,0,2277791
mcbAp5,0.09090909090909091,10,10,GAAGTCACAGCGTCTTGATT,0,2305583
mcbAp5,0.09090909090909091,10,10,GAAGGTACGGTATATAACCA,0,2294041
mcbAp5,0.09090909090909091,10,10,GAAGCTGGTTGCCTCGATTA,0,2301069
mcbAp5,0.09090909090909091,10,10,GAAGACCAAGCTGTGGGATA,0,2306448
mcbAp5,0.09090909090909091,10,10,CTTTGATCCTGGTCCTCGCG,0,2307557
mcbAp5,0.09090909090909091,10,10,CTTGGTACCCCCTGGGTTAG,0,2280812
mcbAp5,0.09090909090909091,10,10,CTTCCTCTCCATACGATTAC,0,2293357
mcbAp5,0.09090909090909091,10,10,CTTCCCGGCGGCTGTTATAC,0,2271358
mcbAp5,0.09090909090909091,10,10,CTTATGAGCCCACTATTCGT,0,2275867
mcbAp5,0.09090909090909091,10,10,CTTACCGACACCGCTTCCAG,0,2287861
mcbAp5,0.09090909090909091,10,10,CTGTGCCGGTGGTCCGCGCA,0,2289351
mcbAp5,0.09090909090909091,10,10,CTGGTTTACGCACGGGCATG,0,2264774
mcbAp5,0.09090909090909091,10,10,CTGGTGCAAATACTAGAGTT,0,2297352
mcbAp5,0.09090909090909091,10,10,CTGGGAGTAATAGAGTCAAC,0,2302041
mcbAp5,0.09090909090909091,10,10,CTGCCTCGTTAGCCCATCCC,0,2278635
mcbAp5,0.09090909090909091,10,10,CTGACCGACGCAGTTCGCCA,0,2314342
mcbAp5,0.09090909090909091,10,10,CTGAAGGGTCTCGTGTCTCG,0,2299478
mcbAp5,0.09090909090909091,10,10,CTCTGATCCGGGAAGCCTTT,0,2291707
mcbAp5,0.09090909090909091,10,10,CTCTAGTTAGACTCCATCAT,0,2290333
mcbAp5,0.09090909090909091,10,10,CTCCGGTCCACTCCACTCGT,0,2300058
mcbAp5,0.09090909090909091,10,10,CTATTTCTAACTTGGCACAT,0,2263406
mcbAp5,0.09090909090909091,10,10,CTATCCCGGGTCGGCAAACC,0,2286510
mcbAp5,0.09090909090909091,10,10,CTAGTAATACCGTTATTTCA,0,2300507
mcbAp5,0.09090909090909091,10,10,CTACTGCGCTGGACACCCTG,0,2289469
mcbAp5,0.09090909090909091,10,10,CTACATTTGGCCTGAACATT,0,2301588
mcbAp5,0.09090909090909091,10,10,CTACACGAAGGATTTCTGTG,0,2304693
mcbAp5,0.09090909090909091,10,10,CTAACTCCCCGGATCTTCGT,0,2298319
mcbAp5,0.09090909090909091,10,10,CTAAAGGCGTTCCATATGAG,0,2307859
mcbAp5,0.09090909090909091,10,10,CGTTTATGTTATGTCGAATT,0,2268200
mcbAp5,0.09090909090909091,10,10,CGTTCGCGCCCATATCTCCA,0,2268702
mcbAp5,0.09090909090909091,10,10,CGTGTTGCCCGAGCGCAAAT,0,2290683
mcbAp5,0.09090909090909091,10,10,CGTGTGATATCTTTTACAAG,0,2301470
mcbAp5,0.09090909090909091,10,10,CGTGCGCGTGGTCCTGCGCT,0,2309714
mcbAp5,0.09090909090909091,10,10,CGGGGATAACCCGCATGGAC,0,2265977
mcbAp5,0.09090909090909091,10,10,CGGGCCTGACCTGGAAAAAT,0,2275025
mcbAp5,0.09090909090909091,10,10,CGGGCACCTACGCGAAGTGT,0,2287784
mcbAp5,0.09090909090909091,10,10,CGGCGACAAATCCTCAGCGA,0,2309904
mcbAp5,0.09090909090909091,10,10,CGGCCGCATGGGACTCCCAG,0,2310409
mcbAp5,0.09090909090909091,10,10,CGGATCACTTTAGGCCCGTT,0,2301851
mcbAp5,0.09090909090909091,10,10,CGGAGCCTGGCCTACCTTAC,0,2265229
mcbAp5,0.09090909090909091,10,10,CGGAGAATTCTGGCTATGTA,0,2273782
mcbAp5,0.09090909090909091,10,10,CGCTGGAATCCTGATTGCAT,0,2276832
mcbAp5,0.09090909090909091,10,10,CGCTCTATCACTTTGTCCGG,0,2315570
mcbAp5,0.09090909090909091,10,10,CGCTAGACTATTCTTGGGCT,0,2307025
mcbAp5,0.09090909090909091,10,10,CGCGTATGATAAGTTATTGA,0,2263318
mcbAp5,0.09090909090909091,10,10,CGCGGGGGTAGGCCCTGTTC,0,2269906
mcbAp5,0.09090909090909091,10,10,CGCCATGCCCAATTCACGCA,0,2298008
mcbAp5,0.09090909090909091,10,10,CGCAATTACGTCCTAGGGAT,0,2288853
mcbAp5,0.09090909090909091,10,10,CGAGTTATTTCCATATCTGC,0,2261908
mcbAp5,0.09090909090909091,10,10,CGAGGGCATAGCGATGCCGC,0,2276000
mcbAp5,0.09090909090909091,10,10,CGACTTTGTTGGTGGTTAAT,0,2296616
mcbAp5,0.09090909090909091,10,10,CGACCAGTTACTTACTCGTC,0,2269018
mcbAp5,0.09090909090909091,10,10,CGACATTGTCCGTCACACTG,0,2307145
mcbAp5,0.09090909090909091,10,10,CGAAGGCATGTTTAGACGCA,0,2268292
mcbAp5,0.09090909090909091,10,10,CCTTTCGACCTCTAGTTGAT,0,2312538
mcbAp5,0.09090909090909091,10,10,CCTTCGTGTACCGGCTCATA,0,2282935
mcbAp5,0.09090909090909091,10,10,CCTTAAATTATCATTGCCAG,0,2300601
mcbAp5,0.09090909090909091,10,10,CCTGTGTGCCATAGCTATGT,0,2272069
mcbAp5,0.09090909090909091,10,10,CCTAGACTAATTATCCTCTC,0,2287777
mcbAp5,0.09090909090909091,10,10,CCTAATCACTAGACTAATTT,0,2298217
mcbAp5,0.09090909090909091,10,10,CCTAACTTTGAGTGGGGAAT,0,2300109
mcbAp5,0.09090909090909091,10,10,CCTAACAGACGTAGGTCAAA,0,2276217
mcbAp5,0.09090909090909091,10,10,CCGTTGCCGTGCATTAGTCT,0,2266938
mcbAp5,0.09090909090909091,10,10,CCGTTACTATACGGAATGAG,0,2280304
mcbAp5,0.09090909090909091,10,10,CCGGGGCGCGCCTGAGCCGT,0,2284696
mcbAp5,0.09090909090909091,10,10,CCGGGAAGGTTGGACAGGTA,0,2293127
mcbAp5,0.09090909090909091,10,10,CCGCAGTCGGGTAGGGGCGG,0,2273502
mcbAp5,0.09090909090909091,10,10,CCGAGGCAGTGTGCGTTAAT,0,2262683
mcbAp5,0.09090909090909091,10,10,CCCTCTATACGGGGCCAACC,0,2268912
mcbAp5,0.09090909090909091,10,10,CCCGGGAATGGATGCGTACA,0,2279845
mcbAp5,0.09090909090909091,10,10,CCCCTGTAATAACGTCAGCT,0,2288897
mcbAp5,0.09090909090909091,10,10,CCCACCATGTAGTTGTAGTA,0,2302302
mcbAp5,0.09090909090909091,10,10,CCCAATGTGCAGATTATACG,0,2314367
mcbAp5,0.09090909090909091,10,10,CCATGATGCAACCCGAACGG,0,2312935
mcbAp5,0.09090909090909091,10,10,CCATGACATGCTGCCTGAGT,0,2264656
mcbAp5,0.09090909090909091,10,10,CCATAATTCCAGAGAGATGG,0,2288556
mcbAp5,0.09090909090909091,10,10,CCACCAGCATCTGTGGGGAG,0,2294773
mcbAp5,0.09090909090909091,10,10,CCAAGTTGGGATTCTCGATA,0,2306905
mcbAp5,0.09090909090909091,10,10,CCAACGGGGAAGTTGTGAGC,0,2299863
mcbAp5,0.09090909090909091,10,10,CATTGTGCTAAGGTGTTGCT,0,2288210
mcbAp5,0.09090909090909091,10,10,CATTGCTAAACAACTAAAGC,0,2301384
mcbAp5,0.09090909090909091,10,10,CATTAATCTGAACGAGCGAC,0,2275030
mcbAp5,0.09090909090909091,10,10,CATTAAGTCTTGCGGCGCTA,0,2293230
mcbAp5,0.09090909090909091,10,10,CATGTCCTGCCAGGATTCGG,0,2293839
mcbAp5,0.09090909090909091,10,10,CATGCTCCCCAGATTGAATG,0,2312248
mcbAp5,0.09090909090909091,10,10,CATCTTCTAGGTACAGTGCT,0,2307303
mcbAp5,0.09090909090909091,10,10,CATCAGTTCGATTCAGGGCA,0,2266104
mcbAp5,0.09090909090909091,10,10,CATACTGACGGGGGGCAATC,0,2285251
mcbAp5,0.09090909090909091,10,10,CATACGAGAGCGAAACTGTC,0,2288673
mcbAp5,0.09090909090909091,10,10,CAGTCCGTAATGAGGTTGCG,0,2269248
mcbAp5,0.09090909090909091,10,10,CAGTAATGAGGGCCAACGAG,0,2288485
mcbAp5,0.09090909090909091,10,10,CAGGTATCCGGGGCATCTGT,0,2297802
mcbAp5,0.09090909090909091,10,10,CAGGTAACTTTAACAGACAC,0,2278920
mcbAp5,0.09090909090909091,10,10,CAGGACCAAGCGCGCACAGC,0,2305342
mcbAp5,0.09090909090909091,10,10,CAGGAAGCGGACAAGACAGA,0,2288954
mcbAp5,0.09090909090909091,10,10,CAGCGTGGCATCGTTTCGTC,0,2274980
mcbAp5,0.09090909090909091,10,10,CAGATGGGGGAGGTCCCGAG,0,2286526
mcbAp5,0.09090909090909091,10,10,CAGAGACAGACCACTAAATA,0,2283501
mcbAp5,0.09090909090909091,10,10,CAGAGAAGTACCTGAAGTCC,0,2279546
mcbAp5,0.09090909090909091,10,10,CAGAACTGATTAAGAGATTT,0,2266758
mcbAp5,0.09090909090909091,10,10,CAGAACTGAACGAAGGACTA,0,2305074
mcbAp5,0.09090909090909091,10,10,CACTGAGCGTCTGACGTCGT,0,2305756
mcbAp5,0.09090909090909091,10,10,CACTCCTACATGAGTCCATT,0,2313223
mcbAp5,0.09090909090909091,10,10,CACGTAATTTTTGCAGCTAA,0,2294903
mcbAp5,0.09090909090909091,10,10,CACGCACTTTTTGTCCAGAT,0,2283868
mcbAp5,0.09090909090909091,10,10,CACCGCAAGGGACCAAGTTG,0,2297811
mcbAp5,0.09090909090909091,10,10,CACAGGGCTACTCGCACGCT,0,2265405
mcbAp5,0.09090909090909091,10,10,CACACATCGTACGTGGGCGT,0,2305256
mcbAp5,0.09090909090909091,10,10,CACACATCGCCATGGCAATA,0,2295072
mcbAp5,0.09090909090909091,10,10,CAATGGCAAGTCATCTTTAG,0,2286838
mcbAp5,0.09090909090909091,10,10,CAAAGGGCGGCACATATCCG,0,2314242
mcbAp5,0.09090909090909091,10,10,CAAAATCCGGAGTAACGTTT,0,2278093
mcbAp5,0.09090909090909091,10,10,ATTTTATAGGGACCGTTAGC,0,2280471
mcbAp5,0.09090909090909091,10,10,ATTTATTTAAAATCGTCCTT,0,2287032
mcbAp5,0.09090909090909091,10,10,ATTTACATCGCCCAATGGTG,0,2262065
mcbAp5,0.09090909090909091,10,10,ATTGCCAGCGGTAGGTAGAA,0,2283287
mcbAp5,0.09090909090909091,10,10,ATTAGTCCCTCACAGATTGG,0,2271406
mcbAp5,0.09090909090909091,10,10,ATTAAGCCCGACAGACCTCC,0,2274255
mcbAp5,0.09090909090909091,10,10,ATGTTGAGTAATAATGGGGG,0,2284367
mcbAp5,0.09090909090909091,10,10,ATGTTAGAGCGCTGATTTAG,0,2269579
mcbAp5,0.09090909090909091,10,10,ATGTTAAACACGTGGACCGT,0,2292315
mcbAp5,0.09090909090909091,10,10,ATGTATCGCCGGGGCATTCA,0,2296216
mcbAp5,0.09090909090909091,10,10,ATGGTAACTGGATTATGACC,0,2313979
mcbAp5,0.09090909090909091,10,10,ATGGGATTCATTTTTTCGTA,0,2279656
mcbAp5,0.09090909090909091,10,10,ATGCGGAGCTTTCGGATGGA,0,2283266
mcbAp5,0.09090909090909091,10,10,ATGCCGCGAGTACTGAGCTT,0,2273852
mcbAp5,0.09090909090909091,10,10,ATCTTACGGAAGCACCTGGG,0,2307797
mcbAp5,0.09090909090909091,10,10,ATCGGTAGTCATTGGCTATT,0,2275351
mcbAp5,0.09090909090909091,10,10,ATCACGACTCGATGATCGCG,0,2298906
mcbAp5,0.09090909090909091,10,10,ATATGTTTGTGATCCAAGGA,0,2307612
mcbAp5,0.09090909090909091,10,10,ATAGTTCCTGAACCGTCTTT,0,2293861
mcbAp5,0.09090909090909091,10,10,ATAGGCGCCCGTGAGTCTTG,0,2290194
mcbAp5,0.09090909090909091,10,10,ATAGCCCTACGGGCATGCGC,0,2279114
mcbAp5,0.09090909090909091,10,10,ATACGTACACTTAGAAATGG,0,2302222
mcbAp5,0.09090909090909091,10,10,ATACCGGAGTACGTAAAGCC,0,2292770
mcbAp5,0.09090909090909091,10,10,ATACATTTCCAATCGTAGTG,0,2289163
mcbAp5,0.09090909090909091,10,10,ATAAGCTAAGAACAGAAACC,0,2263989
mcbAp5,0.09090909090909091,10,10,ATAACCCCCCCGGTAGAGCA,0,2277504
mcbAp5,0.09090909090909091,10,10,AGTTAACGACGGCCAGATAA,0,2290666
mcbAp5,0.09090909090909091,10,10,AGTGTGAAAGATGTTGCTAA,0,2302472
mcbAp5,0.09090909090909091,10,10,AGTGGGCGCGGATGTCGTAC,0,2271543
mcbAp5,0.09090909090909091,10,10,AGTCATATAGGTTAACACTT,0,2283701
mcbAp5,0.09090909090909091,10,10,AGTAATGTGGGGGAGGGGAT,0,2266549
mcbAp5,0.09090909090909091,10,10,AGTAATGCCACAGGCCGGCC,0,2285885
mcbAp5,0.09090909090909091,10,10,AGGTTTGCTTATGACATCGA,0,2295534
mcbAp5,0.09090909090909091,10,10,AGGTATTACCAGGCGGGCGA,0,2313154
mcbAp5,0.09090909090909091,10,10,AGGGGGATACGCTTGGGTAT,0,2265805
mcbAp5,0.09090909090909091,10,10,AGGCTACCGACTTGGTTAGC,0,2269012
mcbAp5,0.09090909090909091,10,10,AGCTGAGCGTTGGGTCAGCA,0,2309752
mcbAp5,0.09090909090909091,10,10,AGCTACCTCCAGTAACGTAG,0,2303079
mcbAp5,0.09090909090909091,10,10,AGCGTCGCCGTTTACGCTTA,0,2284531
mcbAp5,0.09090909090909091,10,10,AGCGGTTATCCGATCGCGTG,0,2295792
mcbAp5,0.09090909090909091,10,10,AGCGGAAGCTGTCGGGTTAT,0,2287457
mcbAp5,0.09090909090909091,10,10,AGCCTATTGAACGGAAGGTT,0,2264464
mcbAp5,0.09090909090909091,10,10,AGCCCCGCCAACCCTTAAGC,0,2277194
mcbAp5,0.09090909090909091,10,10,AGATTGTCCACACTCGGAAA,0,2272725
mcbAp5,0.09090909090909091,10,10,AGAGGTTGGCCAGAGGAAGA,0,2304229
mcbAp5,0.09090909090909091,10,10,AGAGATCCTCCTATAATATC,0,2275575
mcbAp5,0.09090909090909091,10,10,AGACTTTGAGATACCCGCGT,0,2309682
mcbAp5,0.09090909090909091,10,10,AGACGAGCTAGGGGTATCTT,0,2262591
mcbAp5,0.09090909090909091,10,10,AGACGAAGTGTTGGTTCATC,0,2307701
mcbAp5,0.09090909090909091,10,10,AGACACTCTTCCTTAACGCC,0,2277371
mcbAp5,0.09090909090909091,10,10,ACTTTCTTCGTGATTTGGTA,0,2295692
mcbAp5,0.09090909090909091,10,10,ACTGTGTTAGTCTGTCCTTA,0,2291329
mcbAp5,0.09090909090909091,10,10,ACTGTAGCGGCGCGGCGGGT,0,2296923
mcbAp5,0.09090909090909091,10,10,ACTGGGACTACTCGTCTGCA,0,2311677
mcbAp5,0.09090909090909091,10,10,ACTCTATCATGGAATGGTGG,0,2278843
mcbAp5,0.09090909090909091,10,10,ACTCGTAGTTTTCGTGCGAC,0,2288681
mcbAp5,0.09090909090909091,10,10,ACTCGGATAAAGTTCAATGG,0,2266129
mcbAp5,0.09090909090909091,10,10,ACTATAAAGCGTATCCATGT,0,2312745
mcbAp5,0.09090909090909091,10,10,ACGTCAGTAGGTCATCGCGA,0,2287783
mcbAp5,0.09090909090909091,10,10,ACGAGGAGTGGGACTCCACA,0,2298043
mcbAp5,0.09090909090909091,10,10,ACGACGCCGATTGCCAGTTC,0,2293510
mcbAp5,0.09090909090909091,10,10,ACCTTTTATTCTGCTGGCAT,0,2305962
mcbAp5,0.09090909090909091,10,10,ACCTTCGCGAGGATAGCAAA,0,2300168
mcbAp5,0.09090909090909091,10,10,ACCGTACGCTACATGACTGT,0,2299859
mcbAp5,0.09090909090909091,10,10,ACATATATCACTCATCCGTC,0,2287213
mcbAp5,0.09090909090909091,10,10,ACAGCCAGCACCATCGTGGG,0,2276783
mcbAp5,0.09090909090909091,10,10,ACAGAGGCCGGATAAGTGTT,0,2271509
mcbAp5,0.09090909090909091,10,10,AATGTTGGCAAAAGCCGTTG,0,2309222
mcbAp5,0.09090909090909091,10,10,AATGCGCTACGCGAACACAG,0,2308626
mcbAp5,0.09090909090909091,10,10,AATCCCGCCGGCTGTGAGTA,0,2306821
mcbAp5,0.09090909090909091,10,10,AATACGTAAAATTCCACGAG,0,2311922
mcbAp5,0.09090909090909091,10,10,AAGTGCCCGGGCCACCACGC,0,2285494
mcbAp5,0.09090909090909091,10,10,AAGGTAGCGGCACTTCGAGA,0,2270297
mcbAp5,0.09090909090909091,10,10,AAGGGGGACTCGAAGCTGTG,0,2282119
mcbAp5,0.09090909090909091,10,10,AAGGGACCGACAAGCCGAAT,0,2282358
mcbAp5,0.09090909090909091,10,10,AAGAGGGGGATCGTGACGGG,0,2314621
mcbAp5,0.09090909090909091,10,10,AACGTTAGTCGATTAAATCC,0,2308606
mcbAp5,0.09090909090909091,10,10,AACCCTTAGGAGTCCAGTAT,0,2281635
mcbAp5,0.09090909090909091,10,10,AAATAACTTTTGGTGCTGCA,0,2285075
mcbAp5,0.09090909090909091,10,10,AAAGTGGAGGCAAGGAGGGT,0,2272353
mcbAp5,0.09090909090909091,10,10,AAAGCGCAGTGTGGTATAGA,0,2297723
mcbAp5,0.09090909090909091,10,10,AAAGAATGCTTGGCCTCTTA,0,2288863
mcbAp5,0.09090909090909091,10,10,AAACTTAGGGAACCTCGGTA,0,2266522
mcbAp5,0.09090909090909091,10,10,AAACCGATACAAACGATTAA,0,2300581
mcbAp5,0.09090909090909091,10,10,AAACAGAAGGTGGGTTCTAC,0,2261334
mcbAp5,0.09090909090909091,10,10,AAAATTCATGGCTGATCTTT,0,2280626
mcbAp5,0.09090909090909091,10,10,AAAATAGGTACCCACCGGAC,0,2307740
mcbAp5,0.09090909090909091,10,10,AAAAAGGGTCAAAAGCGCAT,0,2264493
mcbAp5,0.1,9,9,TTTTCCTCGGGTGTTTCTCC,0,2307492
mcbAp5,0.1,9,9,TTTGACTTTTTCATTCGGTT,0,2305185
mcbAp5,0.1,9,9,TTTCTGTACGATTGCGTAGT,0,2273098
mcbAp5,0.1,9,9,TTTCCTCACGGGCGGCTGAT,0,2266583
mcbAp5,0.1,9,9,TTTCCGCGTGAATGGAAGAA,0,2267182
mcbAp5,0.1,9,9,TTTCATTTGAGCAACTATCG,0,2312154
mcbAp5,0.1,9,9,TTTCACGCAACCGAGATATA,0,2280031
mcbAp5,0.1,9,9,TTTCAAATTCCCTCGGGGGT,0,2280711
mcbAp5,0.1,9,9,TTTAACTGACGGGTTTGAGG,0,2312790
mcbAp5,0.1,9,9,TTGTTGTTTGCCTGGAAAAC,0,2273282
mcbAp5,0.1,9,9,TTGTTCGCCTTTCAAAAGTC,0,2282956
mcbAp5,0.1,9,9,TTGGTAAGAGATTGTATGAT,0,2280226
mcbAp5,0.1,9,9,TTGGCTCCTTACGAATGTCG,0,2313064
mcbAp5,0.1,9,9,TTGGCCAATTTACTAGAGGG,0,2286157
mcbAp5,0.1,9,9,TTGCCCGGAGATAAGGGTAC,0,2293161
mcbAp5,0.1,9,9,TTGATGGCCGAAGGCTTTCG,0,2270908
mcbAp5,0.1,9,9,TTCTGTTAGTCCTGCTTGCG,0,2287772
mcbAp5,0.1,9,9,TTCCGAGTCTGCGTGCAGGG,0,2295826
mcbAp5,0.1,9,9,TTCAGTCAAACTGCATAGGT,0,2313600
mcbAp5,0.1,9,9,TTCAGGAGGGGAATCATTTT,0,2286017
mcbAp5,0.1,9,9,TTCAAGACCCCTCGCCGGTA,0,2287215
mcbAp5,0.1,9,9,TTATCTCTTAATGTGTTCAT,0,2275766
mcbAp5,0.1,9,9,TTATCGGCCACGTCTATGTT,0,2294875
mcbAp5,0.1,9,9,TTAGTAGATTTGTTGATAAT,0,2263092
mcbAp5,0.1,9,9,TTAATCTTGATTGTTATGCC,0,2277982
mcbAp5,0.1,9,9,TTAATATTAGGACCCTTTGG,0,2262524
mcbAp5,0.1,9,9,TTAAGTCACAGTGTGTGGTG,0,2276862
mcbAp5,0.1,9,9,TGTTTATGCTTCTCAAGTAA,0,2314427
mcbAp5,0.1,9,9,TGTTTAACGTGACACCATTC,0,2264686
mcbAp5,0.1,9,9,TGTTAGCAGTGTTCGTCCAG,0,2313820
mcbAp5,0.1,9,9,TGTGCCTGAATGGCTCAGAA,0,2269862
mcbAp5,0.1,9,9,TGTCCTCGAGGTTTAGTCTA,0,2297204
mcbAp5,0.1,9,9,TGTAGTCGATGTACGTTCAA,0,2303500
mcbAp5,0.1,9,9,TGTAGAACCTTGATCCGGAC,0,2277509
mcbAp5,0.1,9,9,TGTACCGTGTTTCAGCCCAT,0,2273115
mcbAp5,0.1,9,9,TGTAAAGATAGTGATGTGGT,0,2300388
mcbAp5,0.1,9,9,TGGTCGGCGTCAGCGACCCC,0,2292973
mcbAp5,0.1,9,9,TGGTACGAAGTCAATTTCAT,0,2300325
mcbAp5,0.1,9,9,TGGGTAAGGTCACTGGACGC,0,2307082
mcbAp5,0.1,9,9,TGGGGCGAGCAAAGGACGGC,0,2298029
mcbAp5,0.1,9,9,TGGGCCTATCTTTTATGCTT,0,2294442
mcbAp5,0.1,9,9,TGGGCCGGGACGGTTAGCGC,0,2268512
mcbAp5,0.1,9,9,TGGGACTGGGACAGTTCTCT,0,2290601
mcbAp5,0.1,9,9,TGGGACCCTAGGATCAGCGG,0,2261151
mcbAp5,0.1,9,9,TGGCTTATCCTCGCGCATCT,0,2281758
mcbAp5,0.1,9,9,TGGATGATGGACTGTCTCTG,0,2278052
mcbAp5,0.1,9,9,TGGATCTGGCCGGCTCCGTT,0,2263939
mcbAp5,0.1,9,9,TGCTCGTGTGACCTACAGGC,0,2276370
mcbAp5,0.1,9,9,TGCGTCTAGTGGCTCGCTAC,0,2270593
mcbAp5,0.1,9,9,TGCGCTTGCTGCGCCTGGTC,0,2286359
mcbAp5,0.1,9,9,TGCCATTCTAGCGCTCTTGG,0,2262094
mcbAp5,0.1,9,9,TGCATACCGGTACCGACCTG,0,2266664
mcbAp5,0.1,9,9,TGCAGCCATTCTATTGATAG,0,2280062
mcbAp5,0.1,9,9,TGCACACCGACACGCTAAAT,0,2296054
mcbAp5,0.1,9,9,TGATAGGCCGGCACTAAGAT,0,2264875
mcbAp5,0.1,9,9,TGAGCTTGTGTGCTCAATAG,0,2307844
mcbAp5,0.1,9,9,TGACTGTAAGGACAACCCCA,0,2306364
mcbAp5,0.1,9,9,TCTTAGCATACTCATGACGG,0,2281269
mcbAp5,0.1,9,9,TCTGTAAAACAGCTCGACAA,0,2293980
mcbAp5,0.1,9,9,TCTGGCTTCGACTGAACGGC,0,2304898
mcbAp5,0.1,9,9,TCTGGCGATTAGTCAGCTAA,0,2306867
mcbAp5,0.1,9,9,TCTGATCACGGCTTTCGGGA,0,2309311
mcbAp5,0.1,9,9,TCTCGTCGGGATGCGCCTAC,0,2299149
mcbAp5,0.1,9,9,TCTCGACGCCAAGCCCTGCC,0,2285856
mcbAp5,0.1,9,9,TCTCAGGGACCCACCTGGTT,0,2269015
mcbAp5,0.1,9,9,TCTAAGTCATATTCAACAGT,0,2308500
mcbAp5,0.1,9,9,TCTAAACCTCGTTTGCAACC,0,2263956
mcbAp5,0.1,9,9,TCGTCAATCAGTGTACACTG,0,2282471
mcbAp5,0.1,9,9,TCGTAGAACCCAGCGTTTTG,0,2261994
mcbAp5,0.1,9,9,TCGGTGAGGGTCTCCATCGG,0,2301148
mcbAp5,0.1,9,9,TCGGCCGGTAGATATTGTCA,0,2291919
mcbAp5,0.1,9,9,TCGCATTTTCTAGGCACAGG,0,2261300
mcbAp5,0.1,9,9,TCGCATATTCGTCGCCCCGG,0,2266577
mcbAp5,0.1,9,9,TCGCAGGGAGTCATTGGAAA,0,2274026
mcbAp5,0.1,9,9,TCGATAGCATGACAGTGAAG,0,2272376
mcbAp5,0.1,9,9,TCGATAATGTCAATCCAGCA,0,2307892
mcbAp5,0.1,9,9,TCGACGAACAAGTAGTGCAT,0,2301721
mcbAp5,0.1,9,9,TCGAAGACTTGGCGCCGAAT,0,2264800
mcbAp5,0.1,9,9,TCGAAAAGACGCATAGGCTA,0,2281107
mcbAp5,0.1,9,9,TCCTTTACTCGTGCTCATTT,0,2301797
mcbAp5,0.1,9,9,TCCGTAAGACGGCCAGTGAG,0,2289216
mcbAp5,0.1,9,9,TCCCCGTTCGAGTTAAGCTA,0,2291528
mcbAp5,0.1,9,9,TCCACTAGCAGGAGTCCAAC,0,2300211
mcbAp5,0.1,9,9,TCCACAGTATATTTGTAGAT,0,2297595
mcbAp5,0.1,9,9,TCAGCTAACACCTTCGTACC,0,2292704
mcbAp5,0.1,9,9,TCACATCACAGGTACGATTA,0,2261155
mcbAp5,0.1,9,9,TCACAGTTGATGAGACTTCT,0,2271570
mcbAp5,0.1,9,9,TCAATCTGGTCGCGGGGAGG,0,2314160
mcbAp5,0.1,9,9,TCAAATTTAAGGCGGTATAC,0,2281384
mcbAp5,0.1,9,9,TATTTCGCGCAGAGTTTACT,0,2310327
mcbAp5,0.1,9,9,TATCTTAGTGTCTATACCCA,0,2270706
mcbAp5,0.1,9,9,TATCTATTCTGGACGAACTG,0,2293512
mcbAp5,0.1,9,9,TATATATTTGTGGTCGATCA,0,2309219
mcbAp5,0.1,9,9,TAGTTTATAAGGCTCCTCAG,0,2283645
mcbAp5,0.1,9,9,TAGGGGATTGGGACCATGGC,0,2262558
mcbAp5,0.1,9,9,TAGGCTCAAGCTGAGGCTAC,0,2263414
mcbAp5,0.1,9,9,TAGCGGTTAGAGTCTAGCAA,0,2282828
mcbAp5,0.1,9,9,TAGATGGCCCATCCAATATA,0,2265473
mcbAp5,0.1,9,9,TAGATATAATACGATACCAA,0,2303747
mcbAp5,0.1,9,9,TAGAAATCTATATGTAAAGT,0,2270776
mcbAp5,0.1,9,9,TACTGCTAAGCGGACCAAGA,0,2309313
mcbAp5,0.1,9,9,TACTCTGCTGTTGGGACGTG,0,2262666
mcbAp5,0.1,9,9,TACGTGGCTCGCCTACACAT,0,2278462
mcbAp5,0.1,9,9,TACGGGGCTGACCAGCGTGA,0,2303979
mcbAp5,0.1,9,9,TACCTGTGCAACTGATTTGT,0,2287104
mcbAp5,0.1,9,9,TACACAAGTGTCATTACTTG,0,2278054
mcbAp5,0.1,9,9,TAATAACGATGATCAATACG,0,2304451
mcbAp5,0.1,9,9,TAAGTCCCCCACGCGTTTGG,0,2264419
mcbAp5,0.1,9,9,TAAGGGGGCATCCGTACTAC,0,2265206
mcbAp5,0.1,9,9,TAAGGGACGCCCCATCAGGG,0,2313583
mcbAp5,0.1,9,9,TAAGAGGATTACAAGTATAT,0,2266916
mcbAp5,0.1,9,9,TAACGATTGGTCCTATCGTG,0,2284699
mcbAp5,0.1,9,9,GTTTGGGCGGCTAAAAGGCC,0,2263908
mcbAp5,0.1,9,9,GTTGTTTTGTAGTTCGGAAG,0,2263431
mcbAp5,0.1,9,9,GTTGTGTATTGAGCCGGGCG,0,2308552
mcbAp5,0.1,9,9,GTTCCACTCGTAGAGATCTT,0,2285046
mcbAp5,0.1,9,9,GTTAAATTAACGCGGTTCAA,0,2274630
mcbAp5,0.1,9,9,GTGTGTGAAGTCTAGCCTGC,0,2291092
mcbAp5,0.1,9,9,GTGGTCACCGACGCGTAGGG,0,2274323
mcbAp5,0.1,9,9,GTGGGGGCTATCCTAATAGA,0,2286550
mcbAp5,0.1,9,9,GTGCTGCCGAAATCCCAGAG,0,2308416
mcbAp5,0.1,9,9,GTGCGGAGAGGACCCCAGTA,0,2296752
mcbAp5,0.1,9,9,GTGCCGCTCATCCCCGAAGG,0,2265667
mcbAp5,0.1,9,9,GTGAGGCCACACCGCACCGC,0,2302713
mcbAp5,0.1,9,9,GTGAGCGAGAATTAATTCGT,0,2289628
mcbAp5,0.1,9,9,GTCTCCCTACGGCGGCTCCA,0,2274192
mcbAp5,0.1,9,9,GTCTCAATCATTTCGCCATA,0,2282559
mcbAp5,0.1,9,9,GTCGGAACTGGCGAATGTGA,0,2303469
mcbAp5,0.1,9,9,GTCGCAGAAGTACATAAATA,0,2295365
mcbAp5,0.1,9,9,GTCCGTAGTCACCGCCGTGA,0,2311191
mcbAp5,0.1,9,9,GTCCGCGGTGGTTGGCGCGA,0,2290704
mcbAp5,0.1,9,9,GTCCCGCTCATCGAAGGTGG,0,2297554
mcbAp5,0.1,9,9,GTCAGACACCCCCTCAATAG,0,2298704
mcbAp5,0.1,9,9,GTCAGAACTCCATTAAAATG,0,2294608
mcbAp5,0.1,9,9,GTATGAGGTAAACGGGGCTG,0,2273462
mcbAp5,0.1,9,9,GTATCTGGCCACCTGCGTGC,0,2264775
mcbAp5,0.1,9,9,GTACTCGACTGTTGTGTAGT,0,2278317
mcbAp5,0.1,9,9,GTACCCGGGTGCAACCCTTA,0,2282075
mcbAp5,0.1,9,9,GTAATAATTTTGTGCAAATT,0,2280999
mcbAp5,0.1,9,9,GTAAGGTCACGTCCCTCGGT,0,2261188
mcbAp5,0.1,9,9,GTAACGGTAGGTGTATTATC,0,2301955
mcbAp5,0.1,9,9,GTAAATCTTATAGAGAGGTA,0,2297582
mcbAp5,0.1,9,9,GTAAAGTCACTATACCCCGA,0,2287163
mcbAp5,0.1,9,9,GTAAAATGCACTGGGAGCCC,0,2267838
mcbAp5,0.1,9,9,GGTTCTACGGATGATCTTTC,0,2305050
mcbAp5,0.1,9,9,GGTCACATGAGAGCCGGGAG,0,2287395
mcbAp5,0.1,9,9,GGTAATACACGAACGTAGGC,0,2299601
mcbAp5,0.1,9,9,GGTAACCTGTTTGATGTGAG,0,2280906
mcbAp5,0.1,9,9,GGGTCGGAAGTTGAAGCCAT,0,2262252
mcbAp5,0.1,9,9,GGGTACAAACTGTTTGCTAC,0,2272409
mcbAp5,0.1,9,9,GGGTAAGCCCACACTCCGCA,0,2284898
mcbAp5,0.1,9,9,GGGGTTTTAATTCCCCTATG,0,2311466
mcbAp5,0.1,9,9,GGGGTTGGCCTCGACGAGCT,0,2269258
mcbAp5,0.1,9,9,GGGGTCTGCCCACTCATAGG,0,2288299
mcbAp5,0.1,9,9,GGGGCAAAACACTTGGTTAC,0,2315172
mcbAp5,0.1,9,9,GGGGAAAGCTAATGCTTGAT,0,2292430
mcbAp5,0.1,9,9,GGGGAAACCTTCCGGAGAGG,0,2269380
mcbAp5,0.1,9,9,GGGCGAAGGGAGATGTCCTA,0,2292884
mcbAp5,0.1,9,9,GGCTCCAAAGATCGGCGGCA,0,2302848
mcbAp5,0.1,9,9,GGCATTTGAAGAAAACACGG,0,2300557
mcbAp5,0.1,9,9,GGCACCCCAAATGAGTGCAT,0,2313515
mcbAp5,0.1,9,9,GGCAATGTCCTAGGCGCAGG,0,2278666
mcbAp5,0.1,9,9,GGATTATTCGAAAAGCGTAT,0,2278421
mcbAp5,0.1,9,9,GGATTATTCCTGCTTCGCGA,0,2283088
mcbAp5,0.1,9,9,GGATGAGAGCGGTGTGAAAG,0,2263957
mcbAp5,0.1,9,9,GGATCGGACGACCACACACG,0,2294107
mcbAp5,0.1,9,9,GGATCCATCTAAAGGATGAC,0,2277753
mcbAp5,0.1,9,9,GGACAGCCCCTGGACAGAGT,0,2309793
mcbAp5,0.1,9,9,GGAACGTTTTCGTTTTAACG,0,2265883
mcbAp5,0.1,9,9,GGAAATCGCGGTGATCCAAG,0,2284211
mcbAp5,0.1,9,9,GGAAAGGTGTAAACGTCAAT,0,2267753
mcbAp5,0.1,9,9,GGAAAAGATCCTAAGTAGGT,0,2275310
mcbAp5,0.1,9,9,GCTTTCCGTCACGGCACGAT,0,2311857
mcbAp5,0.1,9,9,GCTTGTCTAGATGGGCTAAG,0,2282778
mcbAp5,0.1,9,9,GCTTCTAGTTCGCTGGCCTT,0,2303534
mcbAp5,0.1,9,9,GCTTCGCTACAATCATTCTT,0,2306281
mcbAp5,0.1,9,9,GCTTAGTAGTCATCCCACAT,0,2282338
mcbAp5,0.1,9,9,GCTTACTAATATCCTCAGAC,0,2287164
mcbAp5,0.1,9,9,GCTGCGATGAGGGTTCTTCC,0,2272334
mcbAp5,0.1,9,9,GCTGAAGGCAGCTCCGATAA,0,2266002
mcbAp5,0.1,9,9,GCTCAGGAAGTGCGGCGGAA,0,2299755
mcbAp5,0.1,9,9,GCTAGTAGTTCGAGGGACCA,0,2284534
mcbAp5,0.1,9,9,GCTAATTCCTCTAGTAGTAT,0,2276269
mcbAp5,0.1,9,9,GCGTATGTCGGTGCGGCCAA,0,2305407
mcbAp5,0.1,9,9,GCGGGCGGGGTTTGTAGGGA,0,2303027
mcbAp5,0.1,9,9,GCGGCGGCTTAGCTGACGGG,0,2288275
mcbAp5,0.1,9,9,GCGATATAACGTGTACTATA,0,2285273
mcbAp5,0.1,9,9,GCGACATTTGGGTTCTCTTT,0,2264905
mcbAp5,0.1,9,9,GCCTTTCGCAGGTCACGTTA,0,2274215
mcbAp5,0.1,9,9,GCCTTTAGTCGGCGAGCACT,0,2266469
mcbAp5,0.1,9,9,GCCTCGCATAGATTTGCCAC,0,2291926
mcbAp5,0.1,9,9,GCCTCCCGGTATTTGTCCTG,0,2310977
mcbAp5,0.1,9,9,GCCGGACCCTTTAGCCGGGG,0,2266183
mcbAp5,0.1,9,9,GCCCTCCTAATGCGCCATTT,0,2276779
mcbAp5,0.1,9,9,GCCCGTGGCGGAGTTGAGAG,0,2277438
mcbAp5,0.1,9,9,GCCCGGGTTTGTACCCGTTG,0,2281693
mcbAp5,0.1,9,9,GCCCAGGGTTATGCGGATCT,0,2305211
mcbAp5,0.1,9,9,GCCATCCCGGATTCGTACGT,0,2270746
mcbAp5,0.1,9,9,GCCACAGGGAAGGGATGGAG,0,2267430
mcbAp5,0.1,9,9,GCAGTACCTACAGTGAAACA,0,2287275
mcbAp5,0.1,9,9,GCAGGGTGGGTGTGGCGGTA,0,2291527
mcbAp5,0.1,9,9,GCAGCCATAGGCATGTGATC,0,2308290
mcbAp5,0.1,9,9,GCAGACGACCAGTTATTCAC,0,2304899
mcbAp5,0.1,9,9,GCACGGGATATACGTGGGCG,0,2298468
mcbAp5,0.1,9,9,GCACCAAGAGCATCCCAGGG,0,2306971
mcbAp5,0.1,9,9,GCAATTCTGTCCAAAGGGCG,0,2301595
mcbAp5,0.1,9,9,GCAAGGAAGTTACTATGGCG,0,2302290
mcbAp5,0.1,9,9,GCAAGCCGCTTATCAGCTTG,0,2280811
mcbAp5,0.1,9,9,GCAACCCCGGGGTACAAAAT,0,2297890
mcbAp5,0.1,9,9,GATTGTGTTCTAATTATTAG,0,2296853
mcbAp5,0.1,9,9,GATTCACGACAGGCACATGT,0,2265583
mcbAp5,0.1,9,9,GATGTCCGCCAATTACAAAC,0,2274683
mcbAp5,0.1,9,9,GATGACCATTCCTTTACTTA,0,2298889
mcbAp5,0.1,9,9,GATCGTCTCGGTAGGTGAGA,0,2274524
mcbAp5,0.1,9,9,GATCGTCGTGCACATCGGGG,0,2303258
mcbAp5,0.1,9,9,GATAGATGACCGGTGCCTCG,0,2267754
mcbAp5,0.1,9,9,GAGTTTCAGTAACCTCCGCG,0,2285851
mcbAp5,0.1,9,9,GAGGTGGGCATCGGTTCCTT,0,2292260
mcbAp5,0.1,9,9,GAGGTCTTGATATGCAAAAT,0,2267063
mcbAp5,0.1,9,9,GAGGCATTTAGGGGGCTCTT,0,2309699
mcbAp5,0.1,9,9,GAGCTGGAGGGACATCACAA,0,2310447
mcbAp5,0.1,9,9,GAGATTTTGTTCCGTCGCCT,0,2267383
mcbAp5,0.1,9,9,GAGAAGTCACCTTTCAGTCT,0,2305362
mcbAp5,0.1,9,9,GACGTATGTCGTTTCCGAAC,0,2274113
mcbAp5,0.1,9,9,GACGGCTGAGCAATTACCAC,0,2312501
mcbAp5,0.1,9,9,GACGCTCGAAAACCTGCGTG,0,2266238
mcbAp5,0.1,9,9,GACGCGGGACCAGGCCCTTC,0,2271260
mcbAp5,0.1,9,9,GACGCATAGTAGTCCACATT,0,2283613
mcbAp5,0.1,9,9,GACGAGCACAGCTTACCAAA,0,2280297
mcbAp5,0.1,9,9,GACCTGCTCATACACATGCC,0,2288601
mcbAp5,0.1,9,9,GACCGGCTTTCGTGGGGTGT,0,2273993
mcbAp5,0.1,9,9,GACCCTGGGCAATAAAAATA,0,2311222
mcbAp5,0.1,9,9,GACCAGCAAGTCAAAGGCCT,0,2263695
mcbAp5,0.1,9,9,GACACGCTAAGTTTGCCTCG,0,2268583
mcbAp5,0.1,9,9,GAATCAGGAATGCATCTCAT,0,2313310
mcbAp5,0.1,9,9,GAAGTTGGTGTTTAGGGGGT,0,2269983
mcbAp5,0.1,9,9,GAACCGGGCTGGAGAGGACG,0,2290549
mcbAp5,0.1,9,9,GAAATAAGCGTGGTCTCGCG,0,2292072
mcbAp5,0.1,9,9,GAAAAGCGCGATTTCAGCGA,0,2283333
mcbAp5,0.1,9,9,CTTTTCGTCGGTGAACAGCC,0,2281031
mcbAp5,0.1,9,9,CTTTGGCCTGGGAGCCAAGA,0,2277684
mcbAp5,0.1,9,9,CTTTGACCACACAACATAGT,0,2282476
mcbAp5,0.1,9,9,CTTGGTGAGAATCTCAGTTA,0,2276213
mcbAp5,0.1,9,9,CTTGGGGGTTTAGCTAACGT,0,2305092
mcbAp5,0.1,9,9,CTTGCACAAATAGGGTTTCA,0,2262660
mcbAp5,0.1,9,9,CTTGATGGCACCACGAGATC,0,2262461
mcbAp5,0.1,9,9,CTTCCACTTTGACTGTGCAG,0,2300719
mcbAp5,0.1,9,9,CTTCAACAGTGGTTACTGGT,0,2277143
mcbAp5,0.1,9,9,CTTATGACACTGGCATGTGC,0,2266694
mcbAp5,0.1,9,9,CTTATAGTTTTGCATTCGTA,0,2283454
mcbAp5,0.1,9,9,CTGTGCGCGAGTCTATTAGT,0,2308964
mcbAp5,0.1,9,9,CTGTGCAGAAAGCATCAATA,0,2303899
mcbAp5,0.1,9,9,CTGGGCCAGCGCGTCGGCGT,0,2309122
mcbAp5,0.1,9,9,CTGGCTGAGGTTAGCCCCAA,0,2285299
mcbAp5,0.1,9,9,CTGGCACGGGCATTTTAGTC,0,2312518
mcbAp5,0.1,9,9,CTGGCAACTTGCTACTCCAC,0,2279682
mcbAp5,0.1,9,9,CTGGATTACCAGCGACTTGT,0,2294736
mcbAp5,0.1,9,9,CTGGATGCAATTGGCACTAA,0,2312874
mcbAp5,0.1,9,9,CTGCGTCTAACATTGTGTGG,0,2289228
mcbAp5,0.1,9,9,CTGCGAAACGTGAATCTGGA,0,2267028
mcbAp5,0.1,9,9,CTGCAGCGCATTTTATGTCC,0,2279085
mcbAp5,0.1,9,9,CTGATCGTCTAAATTAGGGG,0,2290878
mcbAp5,0.1,9,9,CTCTTGGTGTCGAAGTCCGT,0,2279069
mcbAp5,0.1,9,9,CTCTAGCTATGTTAGTAAAA,0,2315818
mcbAp5,0.1,9,9,CTCTAGAGAGCTGAGGACCA,0,2265079
mcbAp5,0.1,9,9,CTCGTCTTAAGTTACGTTAG,0,2289039
mcbAp5,0.1,9,9,CTCGGTGGGCGGTCGGAGGC,0,2283793
mcbAp5,0.1,9,9,CTCCTGGAGCAAGGTGCTAA,0,2297858
mcbAp5,0.1,9,9,CTCCGTGGGCCAGCGGTTCG,0,2285559
mcbAp5,0.1,9,9,CTCACCGATGGCTTTTCGCG,0,2270641
mcbAp5,0.1,9,9,CTCAAGTGGTGTAAACTCAT,0,2291621
mcbAp5,0.1,9,9,CTATTATTCCGCTTTAGTTC,0,2268745
mcbAp5,0.1,9,9,CTATAATAGTTGAGACTGAT,0,2284171
mcbAp5,0.1,9,9,CTAGTTCATCCACGCGAAGT,0,2309981
mcbAp5,0.1,9,9,CTAGATAGATGTCTCGCTGT,0,2276235
mcbAp5,0.1,9,9,CTACCTTTAGGCAGGGGTAA,0,2303997
mcbAp5,0.1,9,9,CGTTTTACACATTTTACCGG,0,2312510
mcbAp5,0.1,9,9,CGTTCGTGTCGGAAATACAG,0,2262504
mcbAp5,0.1,9,9,CGTGGTAGAGCTGCGTCCGT,0,2302609
mcbAp5,0.1,9,9,CGTCCTTGCGGAGGACTAGC,0,2293261
mcbAp5,0.1,9,9,CGTACTTTACTACCCACGAT,0,2299673
mcbAp5,0.1,9,9,CGTAACCGGCTGAGTGTTGT,0,2276900
mcbAp5,0.1,9,9,CGGTTTCTGCGGACTCATAA,0,2311063
mcbAp5,0.1,9,9,CGGTTTAGTTATTACAAGAG,0,2313794
mcbAp5,0.1,9,9,CGGTGACGTTCGCGTTGAAT,0,2307666
mcbAp5,0.1,9,9,CGGTGACAGGACTATATCTG,0,2277524
mcbAp5,0.1,9,9,CGGGTTTAATGAAGCAGTTA,0,2306769
mcbAp5,0.1,9,9,CGGGGCAGTCACGACCACCT,0,2308593
mcbAp5,0.1,9,9,CGGGCTCTAAGCATCCCCTA,0,2306571
mcbAp5,0.1,9,9,CGGGATTGGTGCGGTCGGTA,0,2268227
mcbAp5,0.1,9,9,CGGGAAGACTATAGTGATGT,0,2287636
mcbAp5,0.1,9,9,CGGCGTCGGCTTAGAAAAGT,0,2311709
mcbAp5,0.1,9,9,CGGCGCACAAGGAAGGTCAA,0,2305887
mcbAp5,0.1,9,9,CGGCGAAGGCAGGGCTCCCG,0,2287900
mcbAp5,0.1,9,9,CGGCCCCGGTCATTATGGTT,0,2283925
mcbAp5,0.1,9,9,CGGATCGGTCACAGGCGTGG,0,2280180
mcbAp5,0.1,9,9,CGGACTATCGCCTTGGGTGT,0,2275479
mcbAp5,0.1,9,9,CGGAATCTACTGACTCTCTT,0,2286400
mcbAp5,0.1,9,9,CGGAATAGTCTGTTCTGGGT,0,2279420
mcbAp5,0.1,9,9,CGCTTGTCGATTGCTGGATA,0,2274690
mcbAp5,0.1,9,9,CGCGTTAGCGTAACGCAACA,0,2306866
mcbAp5,0.1,9,9,CGCGGTAGATAAAGGCGCTT,0,2264056
mcbAp5,0.1,9,9,CGCGCTCTATTGCGCCTGGA,0,2276360
mcbAp5,0.1,9,9,CGCGCTCGATCGTAATGCGT,0,2293955
mcbAp5,0.1,9,9,CGCGCCTTTTAGGACTCTGG,0,2295184
mcbAp5,0.1,9,9,CGCGATAAAGAGTGCTATTA,0,2307835
mcbAp5,0.1,9,9,CGCCGCCTCCAATTGGTGCA,0,2282051
mcbAp5,0.1,9,9,CGCCCTGGATCGTTGAGGAA,0,2287605
mcbAp5,0.1,9,9,CGCCCGCAAATAGGGCTGCT,0,2305236
mcbAp5,0.1,9,9,CGCCATCAGTCCCCGAACGG,0,2312109
mcbAp5,0.1,9,9,CGCATATCAAGCGGTATGTG,0,2275996
mcbAp5,0.1,9,9,CGCAGAGAGCTCAAGGTGCT,0,2304464
mcbAp5,0.1,9,9,CGATTCTCTGGAAGTATCGG,0,2284639
mcbAp5,0.1,9,9,CGATGGTCCGCATCTCTGGG,0,2277585
mcbAp5,0.1,9,9,CGATCAATCGCCGGATCGGG,0,2299408
mcbAp5,0.1,9,9,CGAGTGATTGCATGTATCTA,0,2301519
mcbAp5,0.1,9,9,CGAGGGCATCGTGTACGTAT,0,2269857
mcbAp5,0.1,9,9,CGAGCGCGGGGCATTGGTCG,0,2287684
mcbAp5,0.1,9,9,CGAGACGGTCATGTATGCGA,0,2289007
mcbAp5,0.1,9,9,CGACTAGACTCTTGGCGGTT,0,2306008
mcbAp5,0.1,9,9,CGACATGCTGCGTCTCAGGA,0,2301427
mcbAp5,0.1,9,9,CGAACGTAGGGCGCAAATCC,0,2305805
mcbAp5,0.1,9,9,CCTTTCATATACCCGGGGCT,0,2310840
mcbAp5,0.1,9,9,CCTTCTTTCCCGTGACCGAT,0,2288999
mcbAp5,0.1,9,9,CCTCCGTAATCCGATCGTGG,0,2297134
mcbAp5,0.1,9,9,CCTCATCGGTGTGATTCAGG,0,2277816
mcbAp5,0.1,9,9,CCTATCTGGAAGGCTGACCA,0,2273109
mcbAp5,0.1,9,9,CCGTCGTTTTGTTCTAATTT,0,2313923
mcbAp5,0.1,9,9,CCGTCCTGCGCCACGGCAAA,0,2266261
mcbAp5,0.1,9,9,CCGTAGCCGAACGGGGTCGG,0,2266919
mcbAp5,0.1,9,9,CCGCCTTCTCAACGACGAAG,0,2282111
mcbAp5,0.1,9,9,CCCTCGAACAATGAAAAAGT,0,2275566
mcbAp5,0.1,9,9,CCCGGGAGCAAAACTCGCTC,0,2272704
mcbAp5,0.1,9,9,CCCGCCCAGGACTGGGCACC,0,2293110
mcbAp5,0.1,9,9,CCCCAATGAAGTCTAGATTC,0,2308178
mcbAp5,0.1,9,9,CCATGATCGGAGCGCTGAGT,0,2286355
mcbAp5,0.1,9,9,CCATACTCCGCAGGCATTTA,0,2312153
mcbAp5,0.1,9,9,CCAGTGCGTAATGGCTGCGG,0,2306599
mcbAp5,0.1,9,9,CCAGCGATAGGTGACATACC,0,2275884
mcbAp5,0.1,9,9,CCAGCCCTTCCGCAACCCCT,0,2305480
mcbAp5,0.1,9,9,CCAGCATCATATGGGCTAAA,0,2272217
mcbAp5,0.1,9,9,CCAGCACACACGTACTCGCA,0,2310025
mcbAp5,0.1,9,9,CCACTGCACCTCGGTCGCCT,0,2292475
mcbAp5,0.1,9,9,CCAATCGACGGATAAGCCTT,0,2310473
mcbAp5,0.1,9,9,CCAAGAGGGATTAACGGAAC,0,2296632
mcbAp5,0.1,9,9,CCAAAGACGGGTGCCGGGTA,0,2300717
mcbAp5,0.1,9,9,CATTTTAGTTGTGCTGGGAT,0,2261948
mcbAp5,0.1,9,9,CATTGGCCGCACAGGCGTTA,0,2288108
mcbAp5,0.1,9,9,CATTGCTCGGAGTTATAAGG,0,2307975
mcbAp5,0.1,9,9,CATGCTATAGAACAAGAAGT,0,2267379
mcbAp5,0.1,9,9,CATGCGCATGGCACTACTTG,0,2301145
mcbAp5,0.1,9,9,CATCTGTACAGCCCACTCGT,0,2297805
mcbAp5,0.1,9,9,CATCGCCACGCTATTCACGG,0,2272406
mcbAp5,0.1,9,9,CATCCATGAGTCCGGTTCAT,0,2307222
mcbAp5,0.1,9,9,CATATAGTCGGGGATTCCAG,0,2296290
mcbAp5,0.1,9,9,CATAGATACATCTGCGTAGT,0,2272871
mcbAp5,0.1,9,9,CATACGGGTGGTTGTAGCTA,0,2303803
mcbAp5,0.1,9,9,CATACGCCCGCATAGATACA,0,2303470
mcbAp5,0.1,9,9,CATACATATAGATCATAGCA,0,2294471
mcbAp5,0.1,9,9,CATAAGGGTACGGTACATAC,0,2265991
mcbAp5,0.1,9,9,CATAACGCACCCGCCCAGAC,0,2269810
mcbAp5,0.1,9,9,CAGTACAAGGACAAGAGCCC,0,2295943
mcbAp5,0.1,9,9,CAGCGCCGCGGGAGAAGTAT,0,2285008
mcbAp5,0.1,9,9,CAGCAACTGGCGTATATTGA,0,2281416
mcbAp5,0.1,9,9,CAGACAAGTCTGGTCACTGC,0,2286395
mcbAp5,0.1,9,9,CACTGTCAGGTACATCAAGA,0,2272870
mcbAp5,0.1,9,9,CACTCCCAGGGGAAGTGTCA,0,2296917
mcbAp5,0.1,9,9,CACTATGTAAAGATACTCGT,0,2296419
mcbAp5,0.1,9,9,CACTATAGTGCGTGGGCATG,0,2298126
mcbAp5,0.1,9,9,CACGTCCTGTTACCGCATGG,0,2304280
mcbAp5,0.1,9,9,CACCTCCCTGTGCCGAAGGA,0,2274157
mcbAp5,0.1,9,9,CACCGCCTCATAATAGGACT,0,2276420
mcbAp5,0.1,9,9,CACAATCCGGGTCCGTCGCC,0,2293353
mcbAp5,0.1,9,9,CAATTGGCCCCTCCGTAGGG,0,2295955
mcbAp5,0.1,9,9,CAATCGGTGATCGAGTTTGT,0,2292860
mcbAp5,0.1,9,9,CAATCATTGTCCTACACAAC,0,2306834
mcbAp5,0.1,9,9,CAACGTACACGAGTAACCGA,0,2263681
mcbAp5,0.1,9,9,CAACCGCGGCCATGTACGTC,0,2305474
mcbAp5,0.1,9,9,CAAAGTGGTTCCCACGCCAT,0,2300946
mcbAp5,0.1,9,9,CAAAGAACCGGCGGTCTTTA,0,2270526
mcbAp5,0.1,9,9,CAAAACTAACGTAAACAATT,0,2285565
mcbAp5,0.1,9,9,CAAAAACCCAGTGAAAGCGA,0,2290827
mcbAp5,0.1,9,9,ATTTTAAATGAGCGTTACGA,0,2291521
mcbAp5,0.1,9,9,ATTGGGCCAGCATAGTTGTG,0,2284398
mcbAp5,0.1,9,9,ATTGATTAATTTACTTCGTC,0,2271790
mcbAp5,0.1,9,9,ATTGAATATCCCTTTTATAG,0,2265181
mcbAp5,0.1,9,9,ATTCTAAGCGGTTGCAACAC,0,2268821
mcbAp5,0.1,9,9,ATTATTTCGTGCGTGCGCTA,0,2278679
mcbAp5,0.1,9,9,ATTAGTGGAATGAGCGTGAT,0,2281654
mcbAp5,0.1,9,9,ATTACAGGTGTGTTGTATCA,0,2269242
mcbAp5,0.1,9,9,ATGTTCTTGCCTCGAGACGT,0,2271244
mcbAp5,0.1,9,9,ATGTCACGATATGGAAGTCA,0,2299548
mcbAp5,0.1,9,9,ATGGTGCATGTTCATCGGAA,0,2264938
mcbAp5,0.1,9,9,ATGGGAAATTTATCCTCCAG,0,2276127
mcbAp5,0.1,9,9,ATGCGTTCGCCCGGTTTGCT,0,2293228
mcbAp5,0.1,9,9,ATGCGAAGACGGTCTGAGCA,0,2271360
mcbAp5,0.1,9,9,ATCTACCTTATCCCCTGGAC,0,2290747
mcbAp5,0.1,9,9,ATCGTTCCACAGCTGGATAA,0,2289306
mcbAp5,0.1,9,9,ATCGCCTTATTTAGCATCTA,0,2294600
mcbAp5,0.1,9,9,ATCCTCAGAGCCCTGAATCC,0,2273548
mcbAp5,0.1,9,9,ATCCCGAGGGGTCAACGTGG,0,2262908
mcbAp5,0.1,9,9,ATCCCAATCCGAACTTACTG,0,2274730
mcbAp5,0.1,9,9,ATCCAGTGCAATCCTCCCCC,0,2283255
mcbAp5,0.1,9,9,ATCCAGGAGGTCTTCTCCAT,0,2289118
mcbAp5,0.1,9,9,ATCATTTGGTCAAGGCCCGA,0,2316090
mcbAp5,0.1,9,9,ATCATGAAAGTCACCTCCCC,0,2298844
mcbAp5,0.1,9,9,ATCACGGGCGAGACTCGCGG,0,2301690
mcbAp5,0.1,9,9,ATCAACAATAAGGGGAGTAT,0,2297557
mcbAp5,0.1,9,9,ATCAAAGACGCATGTGTCCG,0,2285192
mcbAp5,0.1,9,9,ATATCGAAAGGTCCATCGCA,0,2265292
mcbAp5,0.1,9,9,ATAGTGGCAAGATCCCTCGG,0,2264266
mcbAp5,0.1,9,9,ATAGATACGTTTCAGACTCC,0,2295216
mcbAp5,0.1,9,9,ATACCCTAAGGAACAGAGGC,0,2291085
mcbAp5,0.1,9,9,ATAATTTGCTAGATATCCAG,0,2273913
mcbAp5,0.1,9,9,ATAAATTACGGTGCCGCTGC,0,2267748
mcbAp5,0.1,9,9,ATAAAAGTGGTAAGTCGATT,0,2271255
mcbAp5,0.1,9,9,AGTTCGACCGAGTTCAAAAT,0,2291316
mcbAp5,0.1,9,9,AGTTATGCGCATGGTAAATG,0,2301383
mcbAp5,0.1,9,9,AGTTACCTCGCCACGCTTAG,0,2263920
mcbAp5,0.1,9,9,AGTGGTCTCGGTGACGTCAA,0,2296934
mcbAp5,0.1,9,9,AGTGGGGACGCGGCAACGAC,0,2270779
mcbAp5,0.1,9,9,AGTGCTTTCAGTATTTCGAT,0,2269086
mcbAp5,0.1,9,9,AGTGACGTGCCGTGGGGACC,0,2277839
mcbAp5,0.1,9,9,AGTCTGCCTTCGAACATTTT,0,2262055
mcbAp5,0.1,9,9,AGTACTCGTTGGAAGATCCG,0,2313894
mcbAp5,0.1,9,9,AGTAACTGAACTTATCGGAA,0,2282512
mcbAp5,0.1,9,9,AGTAAAGGATAGATCTAAAA,0,2284406
mcbAp5,0.1,9,9,AGGTGTGCTAGGAGGTAAGT,0,2263581
mcbAp5,0.1,9,9,AGGTCATAAACCTTGAAAGT,0,2278538
mcbAp5,0.1,9,9,AGGTCAGGATGGCATCAACT,0,2308572
mcbAp5,0.1,9,9,AGGTAGACGCTGGAGGATAT,0,2306549
mcbAp5,0.1,9,9,AGGGAGGCGCAGAGTATGGG,0,2308544
mcbAp5,0.1,9,9,AGGCTCCGGTCGCGTGCTCT,0,2305678
mcbAp5,0.1,9,9,AGGCTATGACAATAGACCGG,0,2278545
mcbAp5,0.1,9,9,AGGCCTGGAAACAATAGTAG,0,2278088
mcbAp5,0.1,9,9,AGGCCCCACTCCTTCGGCAT,0,2281346
mcbAp5,0.1,9,9,AGGAAAACTTTGTTCAATCC,0,2306371
mcbAp5,0.1,9,9,AGCGTTACTTGGTTCGGAAG,0,2291408
mcbAp5,0.1,9,9,AGCGTAGCAAGGGATGCCGC,0,2262300
mcbAp5,0.1,9,9,AGCGTAGATCCTGCATACGG,0,2315590
mcbAp5,0.1,9,9,AGCGCGCAAATGAAGGGCAG,0,2299311
mcbAp5,0.1,9,9,AGCCAGAGGTGCTGAACCTG,0,2262971
mcbAp5,0.1,9,9,AGCCAGAATTGTCTCCCCAC,0,2291605
mcbAp5,0.1,9,9,AGCACGGGCGCTTTTCGATG,0,2270404
mcbAp5,0.1,9,9,AGCAAACATTTCATTAGGGG,0,2299804
mcbAp5,0.1,9,9,AGATGAAAGGAAGATGTATT,0,2289027
mcbAp5,0.1,9,9,AGATAGGGATCCAATGTCTG,0,2304360
mcbAp5,0.1,9,9,AGAGCCAGCCTTAATGTACA,0,2296972
mcbAp5,0.1,9,9,AGACTCTAGATCCTATGGTG,0,2296140
mcbAp5,0.1,9,9,AGACCAATGTCATTCATTGA,0,2311792
mcbAp5,0.1,9,9,AGACATTTTGAACAAAAAGT,0,2280044
mcbAp5,0.1,9,9,AGACACTCGATCGCCCCCCA,0,2293017
mcbAp5,0.1,9,9,AGAAGACCGCTGTCATGTTT,0,2308574
mcbAp5,0.1,9,9,ACTTGGTGGGATGCCCCGCT,0,2309495
mcbAp5,0.1,9,9,ACTTGCCTATAACCCGAGCT,0,2297607
mcbAp5,0.1,9,9,ACTTCAAGGTTTGTAGCAGA,0,2276152
mcbAp5,0.1,9,9,ACTCTCAACCGCACCTGTTC,0,2300423
mcbAp5,0.1,9,9,ACTCGCCACGAATGTTTGGA,0,2286562
mcbAp5,0.1,9,9,ACTCATTTATTGTCCGGCTA,0,2280815
mcbAp5,0.1,9,9,ACTCAAGTGCGTCTCCGGTA,0,2265097
mcbAp5,0.1,9,9,ACTAAGAGCCAAAATGGACA,0,2298637
mcbAp5,0.1,9,9,ACTAAAACAGTTGGGTCACA,0,2287956
mcbAp5,0.1,9,9,ACGTCCGATGGCATGCTGCA,0,2297671
mcbAp5,0.1,9,9,ACGTATGAAAGCTAACAACC,0,2262198
mcbAp5,0.1,9,9,ACGGGAGTTTAAGCATAGTG,0,2280505
mcbAp5,0.1,9,9,ACGGCGCATATGAGTGACGA,0,2264253
mcbAp5,0.1,9,9,ACGGCGAATACAGGTCGCTC,0,2307192
mcbAp5,0.1,9,9,ACGCACTACGCACATAATCC,0,2294533
mcbAp5,0.1,9,9,ACGCAATGTACGCAAAACGG,0,2274040
mcbAp5,0.1,9,9,ACGACGGGGAGATATAACTT,0,2268925
mcbAp5,0.1,9,9,ACGACCAGAATTATGAGGTC,0,2268680
mcbAp5,0.1,9,9,ACGAACGATGTACCGCTGTG,0,2305654
mcbAp5,0.1,9,9,ACCTTTCCAGGAAAATGGGG,0,2299263
mcbAp5,0.1,9,9,ACCTTGTCCGTCTGAGTACA,0,2303208
mcbAp5,0.1,9,9,ACCTGCTGAGGTCGCCTTCA,0,2301975
mcbAp5,0.1,9,9,ACCGGGGTCTAATATATGAT,0,2262830
mcbAp5,0.1,9,9,ACCGGACCAAGGCCAATCGG,0,2304002
mcbAp5,0.1,9,9,ACCCGGTTTAGAGTGTATAA,0,2283276
mcbAp5,0.1,9,9,ACCAGTAAGTGGTCACCCCA,0,2291217
mcbAp5,0.1,9,9,ACATCAGACGACCCTAGCTG,0,2309188
mcbAp5,0.1,9,9,ACAGTTCAGCCGGCTTATAG,0,2316037
mcbAp5,0.1,9,9,ACAGACGCGAGGAATACCTG,0,2263772
mcbAp5,0.1,9,9,ACACCCGCGACGACTATAAG,0,2262269
mcbAp5,0.1,9,9,ACACAGTTTAGATCCCACTA,0,2280289
mcbAp5,0.1,9,9,ACAATGACCACAATTCGACT,0,2291309
mcbAp5,0.1,9,9,AATTGGGTAGGCCTTGAATT,0,2286754
mcbAp5,0.1,9,9,AATTGGACCTGCTATCACGC,0,2273152
mcbAp5,0.1,9,9,AATTCGGGGGCGTTCCCGCG,0,2304025
mcbAp5,0.1,9,9,AATTAGTTTAGTACTTGCCG,0,2311575
mcbAp5,0.1,9,9,AATTAACTGCCTCTCATACA,0,2263764
mcbAp5,0.1,9,9,AATGTGCGTCTGGCGACCAG,0,2291674
mcbAp5,0.1,9,9,AATGGGGCTTACGCCAGATG,0,2311301
mcbAp5,0.1,9,9,AATATTCGGGTCGAGTGGAA,0,2282170
mcbAp5,0.1,9,9,AATATACCGCAGTATTGGGT,0,2284221
mcbAp5,0.1,9,9,AAGTTATCAGTACGCAGCTG,0,2267639
mcbAp5,0.1,9,9,AAGCTCTCGTTTTGCAACCG,0,2301263
mcbAp5,0.1,9,9,AAGCAGCTGTATCACCAGTT,0,2273853
mcbAp5,0.1,9,9,AAGATATTTGACTTAATTGC,0,2271252
mcbAp5,0.1,9,9,AAGAGGTTTCTTAGCAATCC,0,2310527
mcbAp5,0.1,9,9,AAGAAAAGGCCGCGTTTCGC,0,2276997
mcbAp5,0.1,9,9,AACTTCAACAGGTAGTGTAA,0,2310642
mcbAp5,0.1,9,9,AACTGCTATACCCAAGACGG,0,2290042
mcbAp5,0.1,9,9,AACTGATGTCCCTAAATGAT,0,2294915
mcbAp5,0.1,9,9,AACTAGGCTTAAGGGAATAT,0,2280429
mcbAp5,0.1,9,9,AACTAAAGGCCAAGACGATT,0,2298881
mcbAp5,0.1,9,9,AACGGGTTTTGCGAGACCGA,0,2296103
mcbAp5,0.1,9,9,AACGGGTCTGCAACTGGAGA,0,2286046
mcbAp5,0.1,9,9,AACGAGTTGGCGTCAGTCCA,0,2266094
mcbAp5,0.1,9,9,AACCGCGTGGGCCACTTCAG,0,2293372
mcbAp5,0.1,9,9,AACCGCACCTCAGCAGGGTA,0,2294603
mcbAp5,0.1,9,9,AACACTGATCTGTGCGTACA,0,2301515
mcbAp5,0.1,9,9,AAATTATGAGGATACTTGTT,0,2282273
mcbAp5,0.1,9,9,AAATGATCCGAGCCGTTACA,0,2269858
mcbAp5,0.1,9,9,AAATGAAAACGTCAACTTAG,0,2315467
mcbAp5,0.1,9,9,AAAGGTCGAAAAGTCAAGCT,0,2264055
mcbAp5,0.1,9,9,AAACTATGTAATTAAAGCCT,0,2293830
mcbAp5,0.1111111111111111,8,8,TTTTTAACTCGGCATACTAG,0,2291835
mcbAp5,0.1111111111111111,8,8,TTTTGTGACGAGGATCACGA,0,2307677
mcbAp5,0.1111111111111111,8,8,TTTTGAGATTTCCCAGTGTG,0,2272031
mcbAp5,0.1111111111111111,8,8,TTTGTGCCACCGCTTGCATT,0,2264230
mcbAp5,0.1111111111111111,8,8,TTTGAATAATTTGATACCTG,0,2284530
mcbAp5,0.1111111111111111,8,8,TTTCGTTCGTGGAAGTTGAG,0,2314254
mcbAp5,0.1111111111111111,8,8,TTTCCTATTGAGGTTCTGTA,0,2289169
mcbAp5,0.1111111111111111,8,8,TTTCAATTATCCAGCTGGTT,0,2307648
mcbAp5,0.1111111111111111,8,8,TTTATCTCCGGAGCAGAGAA,0,2277672
mcbAp5,0.1111111111111111,8,8,TTGTTTGAGGGGCCTTGCAT,0,2277125
mcbAp5,0.1111111111111111,8,8,TTGTTAATTGCGAGAAAATA,0,2299435
mcbAp5,0.1111111111111111,8,8,TTGTGTTGCAGCTGAACATT,0,2297067
mcbAp5,0.1111111111111111,8,8,TTGGGCGTCGCGTGTACTCG,0,2262508
mcbAp5,0.1111111111111111,8,8,TTGGCTGTTCGGCTATTGCA,0,2283795
mcbAp5,0.1111111111111111,8,8,TTGGAAGCTTTACATGTGGT,0,2310302
mcbAp5,0.1111111111111111,8,8,TTGCCGGAAGATAGTAGGGT,0,2290853
mcbAp5,0.1111111111111111,8,8,TTGAACGGTTTGCCCAGTCC,0,2274982
mcbAp5,0.1111111111111111,8,8,TTCTCCGCGGCCTTGCGGTC,0,2287048
mcbAp5,0.1111111111111111,8,8,TTCGTTCTTCTTGAAAGGCC,0,2300967
mcbAp5,0.1111111111111111,8,8,TTCGTATAGACGCGCCGCGA,0,2264603
mcbAp5,0.1111111111111111,8,8,TTCGGGTCAGGCACAGCGCG,0,2293258
mcbAp5,0.1111111111111111,8,8,TTCGATCAATCGTGCAGGAT,0,2282556
mcbAp5,0.1111111111111111,8,8,TTCCCTTAGGCTTGGCTTGA,0,2284384
mcbAp5,0.1111111111111111,8,8,TTCCAAGACCGATGGCATAT,0,2311305
mcbAp5,0.1111111111111111,8,8,TTCATGCTGTAGAATGCCAA,0,2303594
mcbAp5,0.1111111111111111,8,8,TTATGTATGGTATGGTTGGC,0,2304844
mcbAp5,0.1111111111111111,8,8,TTATGGATCGGAGGAGTCAG,0,2313253
mcbAp5,0.1111111111111111,8,8,TTATATAGCAAAACGTGTAT,0,2270023
mcbAp5,0.1111111111111111,8,8,TTAGTGCGTCTGGAGTGGCG,0,2306301
mcbAp5,0.1111111111111111,8,8,TTAGGCAAGTTCATCAGGTA,0,2283648
mcbAp5,0.1111111111111111,8,8,TTAGGAATGGCATTTTCCTA,0,2291469
mcbAp5,0.1111111111111111,8,8,TTACGGGCCGCAGGATTGCT,0,2269201
mcbAp5,0.1111111111111111,8,8,TTACCGAGGCCTGTCCTGAT,0,2296732
mcbAp5,0.1111111111111111,8,8,TTACCCCGGGCGCCGAATTT,0,2280853
mcbAp5,0.1111111111111111,8,8,TTAATCACGGTGCCCACTAG,0,2287976
mcbAp5,0.1111111111111111,8,8,TTAAGAGAGATTTCTCCTGC,0,2316071
mcbAp5,0.1111111111111111,8,8,TTAACTGGACGTACCATCGT,0,2282538
mcbAp5,0.1111111111111111,8,8,TTAAACTCCGTCGATAGACG,0,2269135
mcbAp5,0.1111111111111111,8,8,TGTGTGAGTTCCGTTCGTAC,0,2267795
mcbAp5,0.1111111111111111,8,8,TGTGCCCCTAATCAAATCAT,0,2278789
mcbAp5,0.1111111111111111,8,8,TGTCTAGTATGAAGCGTACG,0,2276423
mcbAp5,0.1111111111111111,8,8,TGTAACCATATCTCCTGGAG,0,2311702
mcbAp5,0.1111111111111111,8,8,TGGTTCCGTCCCCTGCCGCG,0,2283545
mcbAp5,0.1111111111111111,8,8,TGGTTAATTAATGTAAGAAG,0,2277600
mcbAp5,0.1111111111111111,8,8,TGGTCAATGCAGGCACGGTT,0,2266165
mcbAp5,0.1111111111111111,8,8,TGGTATAGATAATCTATAGA,0,2294388
mcbAp5,0.1111111111111111,8,8,TGGGGTCTACCGTTAATGTT,0,2268620
mcbAp5,0.1111111111111111,8,8,TGGGCCGCACGTAGCGGCTA,0,2296907
mcbAp5,0.1111111111111111,8,8,TGGCGTCTGGGTGTAAATAA,0,2286146
mcbAp5,0.1111111111111111,8,8,TGGCGCTCTTAATCAAAGTT,0,2282895
mcbAp5,0.1111111111111111,8,8,TGGCGCACTCGGGCGGAACA,0,2264249
mcbAp5,0.1111111111111111,8,8,TGGCCTGAGTACAATTTATT,0,2312664
mcbAp5,0.1111111111111111,8,8,TGGCAGGTGCCATGACTTCT,0,2279802
mcbAp5,0.1111111111111111,8,8,TGGAGCTCAGCTATTGTTCG,0,2310782
mcbAp5,0.1111111111111111,8,8,TGGAGCAACTCATGAGCTAT,0,2297354
mcbAp5,0.1111111111111111,8,8,TGCTGTGTGAGGGAGCTGAC,0,2264906
mcbAp5,0.1111111111111111,8,8,TGCGGGGGTTTCGTGCTACA,0,2298356
mcbAp5,0.1111111111111111,8,8,TGCGCATCTCTAGGGCGAGA,0,2265941
mcbAp5,0.1111111111111111,8,8,TGCCCGGTCAAATACTGAGT,0,2272953
mcbAp5,0.1111111111111111,8,8,TGCCATGTAAATACAATAGT,0,2289126
mcbAp5,0.1111111111111111,8,8,TGATGAAGAGGGCTTTCCGG,0,2306280
mcbAp5,0.1111111111111111,8,8,TGAGCATTCGGATACGAGTG,0,2304236
mcbAp5,0.1111111111111111,8,8,TGACACATCAGCCTTGTCTT,0,2275308
mcbAp5,0.1111111111111111,8,8,TCTTTATCCAGAGTGATCGA,0,2297613
mcbAp5,0.1111111111111111,8,8,TCTTGGCAGTAACTGACCAT,0,2262750
mcbAp5,0.1111111111111111,8,8,TCTTCGCAACCCGGACGCAA,0,2313819
mcbAp5,0.1111111111111111,8,8,TCTTCACCTTTCTATCCCGT,0,2297108
mcbAp5,0.1111111111111111,8,8,TCTTCAAAGAGGAGCCTTGC,0,2297523
mcbAp5,0.1111111111111111,8,8,TCTGTACAACACTGGCGCAT,0,2261947
mcbAp5,0.1111111111111111,8,8,TCTGATGCTCCAGGGGGACT,0,2279038
mcbAp5,0.1111111111111111,8,8,TCTATTGGTTAGGGATGCGA,0,2266540
mcbAp5,0.1111111111111111,8,8,TCTATACGACCTCCCTAAGC,0,2291441
mcbAp5,0.1111111111111111,8,8,TCTACGCGACGCGACGTGAG,0,2286248
mcbAp5,0.1111111111111111,8,8,TCGTTGGCCACTGGAAATTG,0,2270277
mcbAp5,0.1111111111111111,8,8,TCGTAAGCCTCACAGCCGAC,0,2297490
mcbAp5,0.1111111111111111,8,8,TCGGTGCGCTGCGCGAAATG,0,2274967
mcbAp5,0.1111111111111111,8,8,TCGGCCTGTGGTTAATTAGA,0,2291087
mcbAp5,0.1111111111111111,8,8,TCGGACGGTACGGTTACCTG,0,2299851
mcbAp5,0.1111111111111111,8,8,TCGCTGACCCGAACGCCGGC,0,2265939
mcbAp5,0.1111111111111111,8,8,TCGCGTCTTAAAGCATTTTA,0,2305594
mcbAp5,0.1111111111111111,8,8,TCGCCAAGTGACAACTCAAT,0,2303091
mcbAp5,0.1111111111111111,8,8,TCGCATAATTAAGGAAGGGT,0,2305161
mcbAp5,0.1111111111111111,8,8,TCGCACGGAGAGAGGATCCA,0,2308428
mcbAp5,0.1111111111111111,8,8,TCGCAAGCAATCGGAGCCAA,0,2285924
mcbAp5,0.1111111111111111,8,8,TCGATGAGCACAGAAAGGTC,0,2269582
mcbAp5,0.1111111111111111,8,8,TCGATAAAGTTATGGGTATA,0,2296962
mcbAp5,0.1111111111111111,8,8,TCGAGTTGATGGATTGGTTT,0,2296817
mcbAp5,0.1111111111111111,8,8,TCGAGGTTATCCTCTTACGC,0,2262014
mcbAp5,0.1111111111111111,8,8,TCCTGAAGTCTTAGCGATTC,0,2278888
mcbAp5,0.1111111111111111,8,8,TCCGTTTAATGAATCTTCGA,0,2286815
mcbAp5,0.1111111111111111,8,8,TCCGGGACCTCGAAAGACTG,0,2271763
mcbAp5,0.1111111111111111,8,8,TCCGATGCGTGGTCGATATA,0,2278059
mcbAp5,0.1111111111111111,8,8,TCCGAAAGTCCGTAGCCGGG,0,2282666
mcbAp5,0.1111111111111111,8,8,TCCCGTTCATACAGGCTGCT,0,2309554
mcbAp5,0.1111111111111111,8,8,TCCCCTTCACAGCCCAATTC,0,2277584
mcbAp5,0.1111111111111111,8,8,TCCATCACTCGACTGGAGGA,0,2295807
mcbAp5,0.1111111111111111,8,8,TCATGCTAGGACCGGTGTAA,0,2293886
mcbAp5,0.1111111111111111,8,8,TCATAAGTTACTGGCACTCC,0,2311036
mcbAp5,0.1111111111111111,8,8,TCAGGAGTACCGTACGATTG,0,2284237
mcbAp5,0.1111111111111111,8,8,TCAGGACCCACTACCAGTGC,0,2292121
mcbAp5,0.1111111111111111,8,8,TCACTGGTTAGAGTATTAGG,0,2307134
mcbAp5,0.1111111111111111,8,8,TCACAATCTGCCATTGCAAA,0,2269300
mcbAp5,0.1111111111111111,8,8,TCAATTCATCTGGGTACACA,0,2283606
mcbAp5,0.1111111111111111,8,8,TCAATGCCTAGATGTTGAAT,0,2263463
mcbAp5,0.1111111111111111,8,8,TCAAGATGGAGCCATCAACT,0,2303127
mcbAp5,0.1111111111111111,8,8,TCAAACCGGCAGGTATACAC,0,2281057
mcbAp5,0.1111111111111111,8,8,TATTTGTTGGCCGCATCCTA,0,2270863
mcbAp5,0.1111111111111111,8,8,TATTCGACTGAGCGTGCAGC,0,2315445
mcbAp5,0.1111111111111111,8,8,TATGAGTTGCCAAAGAGGAA,0,2263982
mcbAp5,0.1111111111111111,8,8,TATGAGTTGACCTTTACTGT,0,2270271
mcbAp5,0.1111111111111111,8,8,TATCATGCGCACTGCCGGGT,0,2267842
mcbAp5,0.1111111111111111,8,8,TATCAGTCACCATATCCCAT,0,2301344
mcbAp5,0.1111111111111111,8,8,TATAGTTGCGCTAAGCTTCC,0,2299595
mcbAp5,0.1111111111111111,8,8,TATACCATATGAACCATCAG,0,2313490
mcbAp5,0.1111111111111111,8,8,TAGTCGATGTAAACAATCGG,0,2303666
mcbAp5,0.1111111111111111,8,8,TAGGGGGAGCCTTGCACCGA,0,2300378
mcbAp5,0.1111111111111111,8,8,TAGGGGCCTCGACCGGTAGG,0,2304980
mcbAp5,0.1111111111111111,8,8,TAGGGGCATTAATTTTCGCA,0,2286316
mcbAp5,0.1111111111111111,8,8,TAGGGCTCATGGAGAGTGTA,0,2289806
mcbAp5,0.1111111111111111,8,8,TAGGCCTAGCAACCCCCTAC,0,2279878
mcbAp5,0.1111111111111111,8,8,TAGGCCGCTGGCTCTCCTCT,0,2311773
mcbAp5,0.1111111111111111,8,8,TAGGAGTGCCCTGAACGAGG,0,2264137
mcbAp5,0.1111111111111111,8,8,TAGGACGAGATGGTTTCCAG,0,2286612
mcbAp5,0.1111111111111111,8,8,TAGGAATTGCCCGACGTAAA,0,2279306
mcbAp5,0.1111111111111111,8,8,TAGCTGCTACCACCTTGTAT,0,2272877
mcbAp5,0.1111111111111111,8,8,TAGACCTCGTAAGCCATTAT,0,2300908
mcbAp5,0.1111111111111111,8,8,TACTGGCACGTCCCACAGGG,0,2277021
mcbAp5,0.1111111111111111,8,8,TACTCGCGCGCTTCCCACCG,0,2288412
mcbAp5,0.1111111111111111,8,8,TACTAAAGCCTAGACACTCA,0,2273616
mcbAp5,0.1111111111111111,8,8,TACGGCCGTAGAGTATTCTA,0,2292343
mcbAp5,0.1111111111111111,8,8,TACGACGGTCCGGAATCGGA,0,2288930
mcbAp5,0.1111111111111111,8,8,TACCGCGTGGTCATGTTGTT,0,2271464
mcbAp5,0.1111111111111111,8,8,TACCGATAGGCACTCAGTAG,0,2271835
mcbAp5,0.1111111111111111,8,8,TACCAGGACTGTAGTCATGG,0,2268947
mcbAp5,0.1111111111111111,8,8,TACCACAATTACGCAACGAG,0,2292056
mcbAp5,0.1111111111111111,8,8,TACATCGACTTTTGTACGCG,0,2299867
mcbAp5,0.1111111111111111,8,8,TACAGTAGGCCAGACAGGGT,0,2308006
mcbAp5,0.1111111111111111,8,8,TACAGGTCAGTAAACCGGGT,0,2283931
mcbAp5,0.1111111111111111,8,8,TACACGGGGGCAGGGTTTTC,0,2288727
mcbAp5,0.1111111111111111,8,8,TAATGTCGTTCATCGTATAA,0,2304167
mcbAp5,0.1111111111111111,8,8,TAATATGACTCTCACGTTCC,0,2262685
mcbAp5,0.1111111111111111,8,8,TAAGTTGCTAGACTGCTCAC,0,2302952
mcbAp5,0.1111111111111111,8,8,TAAGTAATCTAACTAGGTGT,0,2291333
mcbAp5,0.1111111111111111,8,8,TAAGCCGAACGTATATGATC,0,2297129
mcbAp5,0.1111111111111111,8,8,TAAGAGCCCCTTAATTGTCG,0,2306734
mcbAp5,0.1111111111111111,8,8,TAAGAGCATCGATGGATGAT,0,2285868
mcbAp5,0.1111111111111111,8,8,TAACAGTCGGAGGAGCTAAT,0,2267682
mcbAp5,0.1111111111111111,8,8,TAAAGATCTAAAATAATTAC,0,2299441
mcbAp5,0.1111111111111111,8,8,GTTTTGCAGATAGCGCACAT,0,2311962
mcbAp5,0.1111111111111111,8,8,GTTTGACGAGAGATAATCAC,0,2297553
mcbAp5,0.1111111111111111,8,8,GTTTAATAAATCAACAAGCA,0,2288928
mcbAp5,0.1111111111111111,8,8,GTTGTACCTCTCTAAGAGTA,0,2297967
mcbAp5,0.1111111111111111,8,8,GTTGGTGGGAATTACATACT,0,2307319
mcbAp5,0.1111111111111111,8,8,GTTGCGAACCTGAGTAGGCT,0,2287786
mcbAp5,0.1111111111111111,8,8,GTTAAAATTTGGTCATGTGC,0,2313901
mcbAp5,0.1111111111111111,8,8,GTGTGCCGGTTGGTTGAACT,0,2306842
mcbAp5,0.1111111111111111,8,8,GTGGTCGGGCGCCGCAGTCT,0,2271744
mcbAp5,0.1111111111111111,8,8,GTGGCGCAGGAACTTAGGAG,0,2270665
mcbAp5,0.1111111111111111,8,8,GTGCTTATGCCGGGCAGTAT,0,2284424
mcbAp5,0.1111111111111111,8,8,GTGCCGAACCGCGAATGTTT,0,2304379
mcbAp5,0.1111111111111111,8,8,GTGCATTGAGCACTGGAAAA,0,2305712
mcbAp5,0.1111111111111111,8,8,GTGATAAGAGGGTCCTGCGC,0,2267184
mcbAp5,0.1111111111111111,8,8,GTGAACGGGTGCTGTCCAAT,0,2288894
mcbAp5,0.1111111111111111,8,8,GTCTTTGGGGAGGCGTACTA,0,2274010
mcbAp5,0.1111111111111111,8,8,GTCTGCGCGGGTCCGACCAC,0,2264140
mcbAp5,0.1111111111111111,8,8,GTCTGCATGGGACTTAGCAA,0,2272860
mcbAp5,0.1111111111111111,8,8,GTCTGAAGCAGGATATGGGT,0,2304524
mcbAp5,0.1111111111111111,8,8,GTCTCTCCATCTCTAAAGAA,0,2275533
mcbAp5,0.1111111111111111,8,8,GTCTCGATAGGTATTAGCCC,0,2311175
mcbAp5,0.1111111111111111,8,8,GTCTATATCACGCCGTTTAG,0,2273748
mcbAp5,0.1111111111111111,8,8,GTCTACCCATCGGGAGTTAT,0,2281739
mcbAp5,0.1111111111111111,8,8,GTCGGGACCCCGTACTCGAG,0,2296016
mcbAp5,0.1111111111111111,8,8,GTCCGGCGTGACGACTTTTA,0,2279850
mcbAp5,0.1111111111111111,8,8,GTCCCCCCCGAAGTGGCCAA,0,2265985
mcbAp5,0.1111111111111111,8,8,GTCCATCGAGATAGGCGGTT,0,2268799
mcbAp5,0.1111111111111111,8,8,GTCCAACGGGCTGTAATTCC,0,2285687
mcbAp5,0.1111111111111111,8,8,GTCATACGAACGTGCAGTGA,0,2310931
mcbAp5,0.1111111111111111,8,8,GTCAGCCGGCATGTCTAACT,0,2269492
mcbAp5,0.1111111111111111,8,8,GTCAGAATATCACCTGCTTT,0,2262422
mcbAp5,0.1111111111111111,8,8,GTCAGAAATCGTGTAACTCG,0,2293730
mcbAp5,0.1111111111111111,8,8,GTCACGTACAAAGAAATGGG,0,2290259
mcbAp5,0.1111111111111111,8,8,GTCACCCCGCAGTGATAAGG,0,2307248
mcbAp5,0.1111111111111111,8,8,GTCAATCGGGTACAAACAAA,0,2311780
mcbAp5,0.1111111111111111,8,8,GTCAACCCAAGTCCGCTACA,0,2292488
mcbAp5,0.1111111111111111,8,8,GTATTATCGCCACGTTGACT,0,2296565
mcbAp5,0.1111111111111111,8,8,GTAGCCGGAAACCTTTTGTA,0,2300223
mcbAp5,0.1111111111111111,8,8,GTAGCAGTTGAAGGTGGCAA,0,2287402
mcbAp5,0.1111111111111111,8,8,GTAGACCCAGTCAACACGTA,0,2284044
mcbAp5,0.1111111111111111,8,8,GTACTCTGACGCGTTTTAGC,0,2266695
mcbAp5,0.1111111111111111,8,8,GTAAGGGACGTGGTACCAGA,0,2290270
mcbAp5,0.1111111111111111,8,8,GTAAAAAGCAGGAGCGAGTC,0,2266543
mcbAp5,0.1111111111111111,8,8,GGTTGTGGTCCGAGGGGTAA,0,2315177
mcbAp5,0.1111111111111111,8,8,GGTTCCCCGGAGTATTTCAT,0,2283968
mcbAp5,0.1111111111111111,8,8,GGTTATTACCTGGCGATCGT,0,2270695
mcbAp5,0.1111111111111111,8,8,GGTGTGGCCCCAGGCATAGT,0,2264955
mcbAp5,0.1111111111111111,8,8,GGTGTACGCTCTCGGTTACC,0,2272177
mcbAp5,0.1111111111111111,8,8,GGTGGACTTGGATTCCTGGC,0,2304273
mcbAp5,0.1111111111111111,8,8,GGTGCCACCACCGAATCGTA,0,2304198
mcbAp5,0.1111111111111111,8,8,GGTGCATCATGTGCTGTACG,0,2283300
mcbAp5,0.1111111111111111,8,8,GGTCATTTTACCGTCAATAA,0,2273521
mcbAp5,0.1111111111111111,8,8,GGTATATGAAGGAGGGCGTA,0,2287741
mcbAp5,0.1111111111111111,8,8,GGTATAGGTGCACGTCGGGA,0,2267113
mcbAp5,0.1111111111111111,8,8,GGTAGCGGAGGGGTGTCTGT,0,2283283
mcbAp5,0.1111111111111111,8,8,GGTACGTCCGATCTAGACGG,0,2274902
mcbAp5,0.1111111111111111,8,8,GGTAACGGAGTGTGTTAAGA,0,2278263
mcbAp5,0.1111111111111111,8,8,GGGTATCACTCGTGGGTACA,0,2285780
mcbAp5,0.1111111111111111,8,8,GGGTACCTTCGCGCCTTCGC,0,2270878
mcbAp5,0.1111111111111111,8,8,GGGTACACTCTTGATTGGCG,0,2276839
mcbAp5,0.1111111111111111,8,8,GGGGCGATTGACTGACGGAG,0,2292346
mcbAp5,0.1111111111111111,8,8,GGGGCGATATCAAACAGAAT,0,2294165
mcbAp5,0.1111111111111111,8,8,GGGCCTGGCGGTATGCAAAC,0,2312168
mcbAp5,0.1111111111111111,8,8,GGGCCTCAGACGGAAGCCAT,0,2268201
mcbAp5,0.1111111111111111,8,8,GGGCCATCGGCTAATTCTAG,0,2310857
mcbAp5,0.1111111111111111,8,8,GGGCATGCAGATATACTTGA,0,2305242
mcbAp5,0.1111111111111111,8,8,GGGATACTAGCGTGCCACGG,0,2277558
mcbAp5,0.1111111111111111,8,8,GGGAGGTACAAGCGTTCGTT,0,2283419
mcbAp5,0.1111111111111111,8,8,GGGAATGTACGCATGACGTG,0,2291938
mcbAp5,0.1111111111111111,8,8,GGCTTCATTCAAAGGGGACT,0,2264001
mcbAp5,0.1111111111111111,8,8,GGCTGCGCACAGGTCGGTCA,0,2262369
mcbAp5,0.1111111111111111,8,8,GGCTGACTATCTACACGTCA,0,2266269
mcbAp5,0.1111111111111111,8,8,GGCGTGGCGAGTTGGAATCA,0,2269255
mcbAp5,0.1111111111111111,8,8,GGCGCTTTGACGCGCCTTGA,0,2308413
mcbAp5,0.1111111111111111,8,8,GGCGCTCTCCCCACTTCATA,0,2311046
mcbAp5,0.1111111111111111,8,8,GGCCTCAGAACGGAGTAGGG,0,2314766
mcbAp5,0.1111111111111111,8,8,GGCCTACGACAGTTGATACA,0,2311997
mcbAp5,0.1111111111111111,8,8,GGCCGGTAGATCACTGAGGG,0,2275091
mcbAp5,0.1111111111111111,8,8,GGCCGATGCTGGCGGGAGTG,0,2298073
mcbAp5,0.1111111111111111,8,8,GGCATATGATAGAGCGTGAA,0,2287661
mcbAp5,0.1111111111111111,8,8,GGATGGATGTGTCGCAAGGG,0,2307605
mcbAp5,0.1111111111111111,8,8,GGATGAGAAATCGTAGGGTT,0,2289964
mcbAp5,0.1111111111111111,8,8,GGAGACTACTCTCGGTAAAC,0,2280657
mcbAp5,0.1111111111111111,8,8,GGAAGGACGGCCCCGAGAAG,0,2308865
mcbAp5,0.1111111111111111,8,8,GGAAAGACAAGTATCCAGCT,0,2297564
mcbAp5,0.1111111111111111,8,8,GCTTTCTGCTACTTCTGGGT,0,2296150
mcbAp5,0.1111111111111111,8,8,GCTTTCAAGCCAGATGTTTC,0,2279083
mcbAp5,0.1111111111111111,8,8,GCTTGTTTGATACGGCGGTT,0,2314095
mcbAp5,0.1111111111111111,8,8,GCTGTCTATGACGCCACGTG,0,2275026
mcbAp5,0.1111111111111111,8,8,GCTGATGCACATAAAGCGGT,0,2269680
mcbAp5,0.1111111111111111,8,8,GCTCTCACCTGGAGGCTAGC,0,2273754
mcbAp5,0.1111111111111111,8,8,GCTCCTTGGATTGGTATCGG,0,2313495
mcbAp5,0.1111111111111111,8,8,GCTCCTGTAATTGCCATTCC,0,2270332
mcbAp5,0.1111111111111111,8,8,GCTCCCTCAACGAACCGTGT,0,2286134
mcbAp5,0.1111111111111111,8,8,GCTCATGACAGTATGACTTC,0,2278836
mcbAp5,0.1111111111111111,8,8,GCTATGGTCACTTCGGTAAG,0,2288834
mcbAp5,0.1111111111111111,8,8,GCTAGGCAATCACTTCTGTG,0,2272504
mcbAp5,0.1111111111111111,8,8,GCGTTTTCAGCCGGCCCAAT,0,2293628
mcbAp5,0.1111111111111111,8,8,GCGTTACGAACTGTATCAGT,0,2281692
mcbAp5,0.1111111111111111,8,8,GCGTCACGTAGAAGCAGGAG,0,2290545
mcbAp5,0.1111111111111111,8,8,GCGGGGTTTCGGGCGGTTCC,0,2282314
mcbAp5,0.1111111111111111,8,8,GCGGCCCTGCGGGGTATGCC,0,2277805
mcbAp5,0.1111111111111111,8,8,GCGGACTAGGGTATGTTTCA,0,2294045
mcbAp5,0.1111111111111111,8,8,GCGCCGCGTGAAACCAATCA,0,2292276
mcbAp5,0.1111111111111111,8,8,GCGACTCTGCCAGCCTGACA,0,2308348
mcbAp5,0.1111111111111111,8,8,GCGAACCTAATCGGCTGCCT,0,2266643
mcbAp5,0.1111111111111111,8,8,GCCTATGCAGACCCTGTGAG,0,2279125
mcbAp5,0.1111111111111111,8,8,GCCGGGTGCTTACCATAAAC,0,2298977
mcbAp5,0.1111111111111111,8,8,GCCGGACGCAGGAGTACAGA,0,2263717
mcbAp5,0.1111111111111111,8,8,GCATGAAAGAGAGCACTGAG,0,2286963
mcbAp5,0.1111111111111111,8,8,GCAGTCGCCAAGCGGACTCC,0,2304930
mcbAp5,0.1111111111111111,8,8,GCAGGCGCTATTGGCTCTCA,0,2285040
mcbAp5,0.1111111111111111,8,8,GCAGGAGGCTTGTTTCTGGT,0,2305587
mcbAp5,0.1111111111111111,8,8,GCACTTATCAAGTGATGGCA,0,2301877
mcbAp5,0.1111111111111111,8,8,GCACGTCCCTTCAACCGGTT,0,2300787
mcbAp5,0.1111111111111111,8,8,GCACGGTTTGAACATATGAT,0,2262460
mcbAp5,0.1111111111111111,8,8,GCACGGTAAAAACTTGGGAG,0,2276853
mcbAp5,0.1111111111111111,8,8,GCAATTGGCTGAATGGTCAG,0,2263268
mcbAp5,0.1111111111111111,8,8,GCAATTGAACTGCTCAAGAG,0,2288076
mcbAp5,0.1111111111111111,8,8,GCAACTTAAGATGGCTTTTC,0,2296794
mcbAp5,0.1111111111111111,8,8,GCAACGTGAGGTTAGCTCGC,0,2290632
mcbAp5,0.1111111111111111,8,8,GATTTTAATACTCCGCTGAT,0,2301688
mcbAp5,0.1111111111111111,8,8,GATTTGAGTCTATTGCTGAT,0,2275722
mcbAp5,0.1111111111111111,8,8,GATTTAAGGCCGGATAGGTG,0,2262507
mcbAp5,0.1111111111111111,8,8,GATTGGGCCTCAGTTGTGAC,0,2293952
mcbAp5,0.1111111111111111,8,8,GATGTCCCTGGGTAAAACAG,0,2302310
mcbAp5,0.1111111111111111,8,8,GATGAGGCCAATTCGAGTCC,0,2280584
mcbAp5,0.1111111111111111,8,8,GATCCCATATGACAGGTCGG,0,2266670
mcbAp5,0.1111111111111111,8,8,GATCCCAGATTCTCTGAGTC,0,2311038
mcbAp5,0.1111111111111111,8,8,GATATAACGGGACTTGCCTG,0,2287980
mcbAp5,0.1111111111111111,8,8,GATAGCCATGAAAGTTCGAG,0,2263075
mcbAp5,0.1111111111111111,8,8,GATAACGCCTCAAGATTCGT,0,2307608
mcbAp5,0.1111111111111111,8,8,GATAAAAGCAACGGCAGAGA,0,2268537
mcbAp5,0.1111111111111111,8,8,GAGTCGTATAACGGTGTGAA,0,2295324
mcbAp5,0.1111111111111111,8,8,GAGTCATCATCAAAGGCAAG,0,2267443
mcbAp5,0.1111111111111111,8,8,GAGGCATCGAGGAATTGGTT,0,2277785
mcbAp5,0.1111111111111111,8,8,GAGCTTGAGTCACACTCGAA,0,2311434
mcbAp5,0.1111111111111111,8,8,GAGCCAATTGCTTCAGTGGA,0,2271989
mcbAp5,0.1111111111111111,8,8,GAGCCAAGCTCTAGGGGATT,0,2277967
mcbAp5,0.1111111111111111,8,8,GAGACGCTATGTAGCTGCCC,0,2308260
mcbAp5,0.1111111111111111,8,8,GAGACCACGGTTGCGGACGA,0,2308936
mcbAp5,0.1111111111111111,8,8,GACTTATAAACCATACATAT,0,2277426
mcbAp5,0.1111111111111111,8,8,GACTAGGATTTGCTATGGTA,0,2268744
mcbAp5,0.1111111111111111,8,8,GACGTGTGCCCATTTGGTCG,0,2281444
mcbAp5,0.1111111111111111,8,8,GACGGTTCGTGCGTATGTCA,0,2288309
mcbAp5,0.1111111111111111,8,8,GACCTACATTACTTTAGGTT,0,2305536
mcbAp5,0.1111111111111111,8,8,GACCGCTCTTTTGGTTAGTC,0,2290933
mcbAp5,0.1111111111111111,8,8,GACCATTCCTGCCCTCTACA,0,2283914
mcbAp5,0.1111111111111111,8,8,GACATGGTGTGGCGAACGCC,0,2312735
mcbAp5,0.1111111111111111,8,8,GAATGGAGCACCTCTTGCGA,0,2279034
mcbAp5,0.1111111111111111,8,8,GAATGCGGGTGTTGCTGATC,0,2261953
mcbAp5,0.1111111111111111,8,8,GAATGCCCTCGTGATCACGT,0,2300976
mcbAp5,0.1111111111111111,8,8,GAAGTTGAGCTTCGGGTGTT,0,2278171
mcbAp5,0.1111111111111111,8,8,GAAGTGTGGACCACAGGACG,0,2282673
mcbAp5,0.1111111111111111,8,8,GAACGTAGCGCATGTAGACG,0,2271148
mcbAp5,0.1111111111111111,8,8,GAACCCCGTTGCATGTCCAC,0,2282527
mcbAp5,0.1111111111111111,8,8,GAACCCCCAGGAACTGCTCT,0,2273789
mcbAp5,0.1111111111111111,8,8,GAACAACAGCGCCGGTTTCA,0,2293857
mcbAp5,0.1111111111111111,8,8,GAAACGTTTCGGCCATACTG,0,2277327
mcbAp5,0.1111111111111111,8,8,GAAAATAGCGTCTAGGCGGT,0,2271781
mcbAp5,0.1111111111111111,8,8,CTTTTCACTATTGCTGGAGG,0,2284359
mcbAp5,0.1111111111111111,8,8,CTTTGTCTTAACTTCAGCCT,0,2286474
mcbAp5,0.1111111111111111,8,8,CTTGGGCAACTAGGCCCCAC,0,2311012
mcbAp5,0.1111111111111111,8,8,CTTGGACCCGGAGCCGTTAA,0,2278831
mcbAp5,0.1111111111111111,8,8,CTTCCTAATAGATAGAGCTC,0,2303077
mcbAp5,0.1111111111111111,8,8,CTTCCAGAGTTTACGAGAGG,0,2274939
mcbAp5,0.1111111111111111,8,8,CTGTTACTTTCGTGTCATGA,0,2262990
mcbAp5,0.1111111111111111,8,8,CTGGTAACTCAGGCCGCTTG,0,2299895
mcbAp5,0.1111111111111111,8,8,CTGGATTGCATTAACACAGT,0,2280809
mcbAp5,0.1111111111111111,8,8,CTGGATATGACCTCTCCCGG,0,2294955
mcbAp5,0.1111111111111111,8,8,CTGGAGTTACCCCCTTGGAT,0,2294254
mcbAp5,0.1111111111111111,8,8,CTGATCACCACCCCGGCGCT,0,2276362
mcbAp5,0.1111111111111111,8,8,CTCTCCCCATCGCTCCACAT,0,2278324
mcbAp5,0.1111111111111111,8,8,CTCGTACAGTAAAGAGGCCG,0,2263265
mcbAp5,0.1111111111111111,8,8,CTCGGTGCTTGTCTTGTTTA,0,2292184
mcbAp5,0.1111111111111111,8,8,CTCGCTAGCTTATGTTTGAG,0,2288855
mcbAp5,0.1111111111111111,8,8,CTCACCATCTGTGCCCTCGT,0,2278429
mcbAp5,0.1111111111111111,8,8,CTATTTAATAGAGCTTATTC,0,2308535
mcbAp5,0.1111111111111111,8,8,CTATTACAGTTTCAACGAGT,0,2264756
mcbAp5,0.1111111111111111,8,8,CTATGTAGATACCTGCTAGT,0,2289744
mcbAp5,0.1111111111111111,8,8,CTAGTTCCGCGGTAAAGTTG,0,2307860
mcbAp5,0.1111111111111111,8,8,CTAGTATAAGTCCATACAGA,0,2267972
mcbAp5,0.1111111111111111,8,8,CTAGACTTGGTCGTGCCTAT,0,2291579
mcbAp5,0.1111111111111111,8,8,CTAGAACTCGAACCGGCCTA,0,2288312
mcbAp5,0.1111111111111111,8,8,CTACCTTACCAGAACTTAAA,0,2301260
mcbAp5,0.1111111111111111,8,8,CTACCGTCACGCGATGTCCG,0,2291738
mcbAp5,0.1111111111111111,8,8,CTAAGGCTTACTCGAGGCGG,0,2262385
mcbAp5,0.1111111111111111,8,8,CTAACCGCTGGTAGCACAGG,0,2275805
mcbAp5,0.1111111111111111,8,8,CTAAACTTTGAGTCAGACTA,0,2268504
mcbAp5,0.1111111111111111,8,8,CGTTGTTGGAGGCACTGCAT,0,2293949
mcbAp5,0.1111111111111111,8,8,CGTTGCGAGTAAACTCTGAT,0,2288829
mcbAp5,0.1111111111111111,8,8,CGTGTCCACACCGGATGTGG,0,2267358
mcbAp5,0.1111111111111111,8,8,CGTGGTGTTTAGATTTCCAT,0,2311294
mcbAp5,0.1111111111111111,8,8,CGTCCTGTAGGCTCAGACTT,0,2306299
mcbAp5,0.1111111111111111,8,8,CGTCCTCACGGGAGGGTTGG,0,2280661
mcbAp5,0.1111111111111111,8,8,CGTACAAATACCGAAGGGAA,0,2314555
mcbAp5,0.1111111111111111,8,8,CGTAAAGTGGACGGAAATCT,0,2267557
mcbAp5,0.1111111111111111,8,8,CGGTTTAGTATGTTACTCTG,0,2287094
mcbAp5,0.1111111111111111,8,8,CGGTTCAGGGTAGAGCCCAG,0,2282827
mcbAp5,0.1111111111111111,8,8,CGGGTCAGATTAAAGTTTTA,0,2283397
mcbAp5,0.1111111111111111,8,8,CGGGGGGTGTTTATGTAAAT,0,2271399
mcbAp5,0.1111111111111111,8,8,CGGGGGCCTATGGCTTAGTT,0,2306404
mcbAp5,0.1111111111111111,8,8,CGGGCCACTCCGGTCACATT,0,2286746
mcbAp5,0.1111111111111111,8,8,CGGCGCGGGAAAGGATGACT,0,2304914
mcbAp5,0.1111111111111111,8,8,CGGCCTGAGCGGTGAGAGGT,0,2282366
mcbAp5,0.1111111111111111,8,8,CGGCAAAGCTATTGGCCACT,0,2274475
mcbAp5,0.1111111111111111,8,8,CGGATCACGCGGACTGTGCC,0,2276712
mcbAp5,0.1111111111111111,8,8,CGGACGGTCACCGCGGTGTG,0,2293702
mcbAp5,0.1111111111111111,8,8,CGGAATCAGTTAACGGCACT,0,2284549
mcbAp5,0.1111111111111111,8,8,CGCTGAAGAGAGGACGGGGG,0,2270591
mcbAp5,0.1111111111111111,8,8,CGCTCCCGAATCAGGGCTCT,0,2307534
mcbAp5,0.1111111111111111,8,8,CGCGTGCTCACGTTATGCTT,0,2310518
mcbAp5,0.1111111111111111,8,8,CGCGGGTGGTATCTATGAAT,0,2301565
mcbAp5,0.1111111111111111,8,8,CGCCGCGAGCCAGGCACAGA,0,2316089
mcbAp5,0.1111111111111111,8,8,CGCCACCTATTCGTTCAGTG,0,2299274
mcbAp5,0.1111111111111111,8,8,CGCACTCCAATATCATTCAG,0,2295234
mcbAp5,0.1111111111111111,8,8,CGATTTGAGCATCATTCTAA,0,2273874
mcbAp5,0.1111111111111111,8,8,CGATTTATGTTATCGATAGC,0,2271770
mcbAp5,0.1111111111111111,8,8,CGATAAACTGATTAGGATCT,0,2299482
mcbAp5,0.1111111111111111,8,8,CGAGGAGATTCTTCTTTCTC,0,2291095
mcbAp5,0.1111111111111111,8,8,CGAGCACGGAAACTCCATGT,0,2287191
mcbAp5,0.1111111111111111,8,8,CGACGAGCCCTGTGGTTAAA,0,2305759
mcbAp5,0.1111111111111111,8,8,CGACCCGACAGATTTAGGGG,0,2265505
mcbAp5,0.1111111111111111,8,8,CGAAACTGTACCTCCATCTC,0,2296593
mcbAp5,0.1111111111111111,8,8,CGAAAACGGGCACGGGATCG,0,2263931
mcbAp5,0.1111111111111111,8,8,CCTTTAGACGCCACTGTCCC,0,2281965
mcbAp5,0.1111111111111111,8,8,CCTTCCCGAAAAGTGAAGAC,0,2265633
mcbAp5,0.1111111111111111,8,8,CCTGTCTCGTGAAGCTGCGG,0,2270230
mcbAp5,0.1111111111111111,8,8,CCTGTCAAACCAAATACTCC,0,2266467
mcbAp5,0.1111111111111111,8,8,CCTCCGCGACCTGAGCGTTA,0,2305835
mcbAp5,0.1111111111111111,8,8,CCTCCCTAAGACATTACTCA,0,2271624
mcbAp5,0.1111111111111111,8,8,CCTATTGGCGTAAAATACCG,0,2298560
mcbAp5,0.1111111111111111,8,8,CCGTTTATGAAAAAGCTCCT,0,2285319
mcbAp5,0.1111111111111111,8,8,CCGTGCGTTACTGGACGTCA,0,2290710
mcbAp5,0.1111111111111111,8,8,CCGTGATCGCCAAAACGTTA,0,2305648
mcbAp5,0.1111111111111111,8,8,CCGTCTGTAAGCGTTGTCAA,0,2269785
mcbAp5,0.1111111111111111,8,8,CCGGTCATATTCCACCCAAG,0,2265851
mcbAp5,0.1111111111111111,8,8,CCGGTACAGTCCTCGGGCAA,0,2270673
mcbAp5,0.1111111111111111,8,8,CCGGCGGAGCCGTAATAGTC,0,2295222
mcbAp5,0.1111111111111111,8,8,CCGGACCACCTTTACCCCTG,0,2293989
mcbAp5,0.1111111111111111,8,8,CCGCCATGCTAGCCGTCAAT,0,2263225
mcbAp5,0.1111111111111111,8,8,CCGCCACGCGCATCCAGTGC,0,2288529
mcbAp5,0.1111111111111111,8,8,CCGAGGCAACTGATATTTAC,0,2293190
mcbAp5,0.1111111111111111,8,8,CCGAACCCCATCTCACGCCA,0,2283714
mcbAp5,0.1111111111111111,8,8,CCCTAATCCATGTATAGTCA,0,2264915
mcbAp5,0.1111111111111111,8,8,CCCGCGTATTCGTTCTACTT,0,2286750
mcbAp5,0.1111111111111111,8,8,CCCGCCGGACGCGCTAACCA,0,2264730
mcbAp5,0.1111111111111111,8,8,CCCGCACCTCTGGCGTACCT,0,2307367
mcbAp5,0.1111111111111111,8,8,CCCGATATCTATACCTCTAG,0,2284859
mcbAp5,0.1111111111111111,8,8,CCCCGGGGTAGATATCGTTC,0,2278318
mcbAp5,0.1111111111111111,8,8,CCCCATTGCGGGTATAGTCA,0,2263824
mcbAp5,0.1111111111111111,8,8,CCCAGACCACAATAAAAGCT,0,2307970
mcbAp5,0.1111111111111111,8,8,CCCACCGTCTAGTCAGCCAA,0,2298193
mcbAp5,0.1111111111111111,8,8,CCATTAGGCTGTTAGCCGAC,0,2293552
mcbAp5,0.1111111111111111,8,8,CCAGCTAGGCTATTTGCGAA,0,2311859
mcbAp5,0.1111111111111111,8,8,CCAGCGCGCTAGTATAAGAA,0,2308607
mcbAp5,0.1111111111111111,8,8,CCAGAGTCCAGTGCTCAAGA,0,2281171
mcbAp5,0.1111111111111111,8,8,CCAGAATCAGAGCGACTTGC,0,2284882
mcbAp5,0.1111111111111111,8,8,CCACGTGACGCTCCTGCGCC,0,2311003
mcbAp5,0.1111111111111111,8,8,CCACATAAGAAAGCCCATGT,0,2295808
mcbAp5,0.1111111111111111,8,8,CCAAGTCCGTTTACAAAGGG,0,2261519
mcbAp5,0.1111111111111111,8,8,CCAAGGCACCGCGCTAGACA,0,2267292
mcbAp5,0.1111111111111111,8,8,CCAAGAGTGAGGCAGTAGGG,0,2310799
mcbAp5,0.1111111111111111,8,8,CATTGGATTAACTTCGGGGT,0,2316118
mcbAp5,0.1111111111111111,8,8,CATTCGCTTGTGGAATTGTG,0,2276788
mcbAp5,0.1111111111111111,8,8,CATTCATTATAGTTTGAGGT,0,2264504
mcbAp5,0.1111111111111111,8,8,CATTATTTCCAACTCTGATT,0,2263492
mcbAp5,0.1111111111111111,8,8,CATGACCATCGCTACGACTG,0,2276461
mcbAp5,0.1111111111111111,8,8,CATCGGAGTCATAACAGAAG,0,2285179
mcbAp5,0.1111111111111111,8,8,CATCGCACATGACTAGCAAA,0,2285182
mcbAp5,0.1111111111111111,8,8,CATCCAAGCCCAAGGGCTTT,0,2283281
mcbAp5,0.1111111111111111,8,8,CATCAAATTCCGTCGGGTGG,0,2264290
mcbAp5,0.1111111111111111,8,8,CAGTGGCCTTTATAAACGCG,0,2311552
mcbAp5,0.1111111111111111,8,8,CAGCAGTGTGAGTAGAAACT,0,2294487
mcbAp5,0.1111111111111111,8,8,CAGAGTTCAGGTCGTCGGCT,0,2302334
mcbAp5,0.1111111111111111,8,8,CAGAGAGTCCTCATGGGGTT,0,2299110
mcbAp5,0.1111111111111111,8,8,CAGACCGGGATTATGTTCAC,0,2269382
mcbAp5,0.1111111111111111,8,8,CAGAAGCTAGTCGTGTATGT,0,2273167
mcbAp5,0.1111111111111111,8,8,CAGAAACATAACTAGGATTT,0,2279612
mcbAp5,0.1111111111111111,8,8,CAGAAAAGTCCGTAATCCGC,0,2271198
mcbAp5,0.1111111111111111,8,8,CACTTACGTTGTGAGGACAT,0,2279832
mcbAp5,0.1111111111111111,8,8,CACTGTGTCTATGTGTCCCC,0,2311307
mcbAp5,0.1111111111111111,8,8,CACTCCTGTGCAGCGATGAT,0,2290195
mcbAp5,0.1111111111111111,8,8,CACTCCCAGATCTTGACGCA,0,2262235
mcbAp5,0.1111111111111111,8,8,CACTATAGCGAGTGAATTCC,0,2310041
mcbAp5,0.1111111111111111,8,8,CACGGTTAACCGCTAGAGTT,0,2285252
mcbAp5,0.1111111111111111,8,8,CACGACTAAAAGGGGCTCTT,0,2268671
mcbAp5,0.1111111111111111,8,8,CACCTTACACCGCTCGTTAT,0,2307391
mcbAp5,0.1111111111111111,8,8,CACCTGAAAGCCCCCACACA,0,2297736
mcbAp5,0.1111111111111111,8,8,CACCTACAATATCTGATTGG,0,2312404
mcbAp5,0.1111111111111111,8,8,CACAAATTTGCACTTGCCTC,0,2316096
mcbAp5,0.1111111111111111,8,8,CAATTCCCATGCGTAGCGGT,0,2273690
mcbAp5,0.1111111111111111,8,8,CAAGTCACTTGTGCCCACGT,0,2281556
mcbAp5,0.1111111111111111,8,8,CAACCTCAACCGTATCCGCC,0,2261773
mcbAp5,0.1111111111111111,8,8,CAAATCACTTTTTTCTACTG,0,2312443
mcbAp5,0.1111111111111111,8,8,CAAAAAGCTGAGAGGTCGAA,0,2264527
mcbAp5,0.1111111111111111,8,8,ATTTTGAGTCGGCCAAAGCT,0,2281381
mcbAp5,0.1111111111111111,8,8,ATTTGCGTCAGAAATTGGCG,0,2309705
mcbAp5,0.1111111111111111,8,8,ATTGGTGTAGCTAGGCTAAA,0,2268461
mcbAp5,0.1111111111111111,8,8,ATTCTGCTAAGCGACCCGAA,0,2289925
mcbAp5,0.1111111111111111,8,8,ATTCATTTACTACGTTTAGC,0,2264530
mcbAp5,0.1111111111111111,8,8,ATTAGGGCGGAATTCGTCTA,0,2299169
mcbAp5,0.1111111111111111,8,8,ATTACGTGATGGGCGGTGGA,0,2307681
mcbAp5,0.1111111111111111,8,8,ATTAATGACTAAATCTGATC,0,2261764
mcbAp5,0.1111111111111111,8,8,ATGTTCTCGGCACGTCAAGA,0,2288610
mcbAp5,0.1111111111111111,8,8,ATGTCTACAGGTGAATCTGT,0,2297893
mcbAp5,0.1111111111111111,8,8,ATGTCGGGGCTAAAGATTTA,0,2295153
mcbAp5,0.1111111111111111,8,8,ATGGCTGGATACTTCCATAT,0,2280666
mcbAp5,0.1111111111111111,8,8,ATGGAATGTGTGGTTCAGAT,0,2298558
mcbAp5,0.1111111111111111,8,8,ATGCTATCTTGAAATACTAA,0,2293821
mcbAp5,0.1111111111111111,8,8,ATGATCATAGGCGAGCTGTG,0,2288031
mcbAp5,0.1111111111111111,8,8,ATGAGTTACCTCGTTCCACT,0,2278539
mcbAp5,0.1111111111111111,8,8,ATCTTTCAATGTACCGCCCC,0,2296100
mcbAp5,0.1111111111111111,8,8,ATCTGGAGTCTGGAGAGCCC,0,2287876
mcbAp5,0.1111111111111111,8,8,ATCTAGCTGCTACTTCCATC,0,2261319
mcbAp5,0.1111111111111111,8,8,ATCGTCACGCAAAAGCTTAG,0,2273171
mcbAp5,0.1111111111111111,8,8,ATCGCGGGAAGCTATATAAT,0,2304279
mcbAp5,0.1111111111111111,8,8,ATCCGACTTCCACACAAGTC,0,2291326
mcbAp5,0.1111111111111111,8,8,ATCCAGCGTCGAAGAGTAAA,0,2266821
mcbAp5,0.1111111111111111,8,8,ATCATTTGGTACGCGTGTAA,0,2262821
mcbAp5,0.1111111111111111,8,8,ATCATCACTATGCCCCTGGA,0,2313235
mcbAp5,0.1111111111111111,8,8,ATATTTTTTTACTTAGAGGG,0,2279058
mcbAp5,0.1111111111111111,8,8,ATATTCCTTGCGACCGTACA,0,2278839
mcbAp5,0.1111111111111111,8,8,ATATGCTAACCACTCGACAG,0,2314837
mcbAp5,0.1111111111111111,8,8,ATATGCATTCGGGGGGTGAT,0,2300632
mcbAp5,0.1111111111111111,8,8,ATATCCAGATAAGGTCGAGT,0,2276850
mcbAp5,0.1111111111111111,8,8,ATATAACAGACCACCAGGCG,0,2313970
mcbAp5,0.1111111111111111,8,8,ATAGCCGTATATATTTGGCG,0,2297857
mcbAp5,0.1111111111111111,8,8,ATAGATAATGGGTGGATTGA,0,2282264
mcbAp5,0.1111111111111111,8,8,ATAGAAACTAGGGTGCCGTG,0,2312541
mcbAp5,0.1111111111111111,8,8,ATAGAAACGGTCCAGCTCGC,0,2262497
mcbAp5,0.1111111111111111,8,8,ATAAAATAGAGGCGATTTGC,0,2285110
mcbAp5,0.1111111111111111,8,8,AGTTCTCACCCAATTTACGT,0,2313907
mcbAp5,0.1111111111111111,8,8,AGTTCCTCACTTGACAGTTG,0,2289034
mcbAp5,0.1111111111111111,8,8,AGTTCCACCTGTGGGCTTAA,0,2308638
mcbAp5,0.1111111111111111,8,8,AGTGTTGGCTACGCTGCGTA,0,2285783
mcbAp5,0.1111111111111111,8,8,AGTGGAGCCCGTTTTAAGGA,0,2305107
mcbAp5,0.1111111111111111,8,8,AGTGGACGCGAAGGATCCGT,0,2293367
mcbAp5,0.1111111111111111,8,8,AGTGCAGGCTACCGCCACGA,0,2297806
mcbAp5,0.1111111111111111,8,8,AGTCGCGATTACCTGCGCTT,0,2306988
mcbAp5,0.1111111111111111,8,8,AGTAGTTAGAGCATCAGCTT,0,2266095
mcbAp5,0.1111111111111111,8,8,AGTAGGAGCGCAGGGCACTA,0,2296924
mcbAp5,0.1111111111111111,8,8,AGTACTCGCGTCCGGAATGA,0,2303968
mcbAp5,0.1111111111111111,8,8,AGTAAGAGCACACTTTCACC,0,2272472
mcbAp5,0.1111111111111111,8,8,AGGTCCCTGTCTTGTAAATG,0,2305580
mcbAp5,0.1111111111111111,8,8,AGGGCCTAGTATGTAGGTTA,0,2275623
mcbAp5,0.1111111111111111,8,8,AGGCTGTGAGGAGTGGTAGT,0,2306646
mcbAp5,0.1111111111111111,8,8,AGGCGGAAGTTGGCTCGAAT,0,2277010
mcbAp5,0.1111111111111111,8,8,AGGCCGGCACACGCAACTGT,0,2297024
mcbAp5,0.1111111111111111,8,8,AGGCCCTTCGGTGTTCGCCA,0,2291221
mcbAp5,0.1111111111111111,8,8,AGGCCAACCGGCAACAGAAT,0,2270149
mcbAp5,0.1111111111111111,8,8,AGGCATAATATAGAGGCTTT,0,2305923
mcbAp5,0.1111111111111111,8,8,AGGCAAACGTCGATGAATTG,0,2261196
mcbAp5,0.1111111111111111,8,8,AGGAGTCAGATTTAAGGGTA,0,2265519
mcbAp5,0.1111111111111111,8,8,AGCTGCTGGCAGCCAGTGTG,0,2302711
mcbAp5,0.1111111111111111,8,8,AGCTGCAACTGTGCGTCTGG,0,2262420
mcbAp5,0.1111111111111111,8,8,AGCGTTGAGAGTGGACCAAA,0,2278954
mcbAp5,0.1111111111111111,8,8,AGCGTAGCCCCCTTCCTTCA,0,2297501
mcbAp5,0.1111111111111111,8,8,AGCGGCGACCATGAGAAGAA,0,2264315
mcbAp5,0.1111111111111111,8,8,AGCGCAGCCGGTCCCATATT,0,2298321
mcbAp5,0.1111111111111111,8,8,AGCCTATATGATTATCCACT,0,2312344
mcbAp5,0.1111111111111111,8,8,AGCAATCTACACCGTGTTCT,0,2290684
mcbAp5,0.1111111111111111,8,8,AGATGTTGTAAGGATCCAGG,0,2267509
mcbAp5,0.1111111111111111,8,8,AGAGGGTCGCCATTCGTCAG,0,2264714
mcbAp5,0.1111111111111111,8,8,AGAGCACATCTGGCTCTTCG,0,2285003
mcbAp5,0.1111111111111111,8,8,AGACTACCCACCGTACACGT,0,2273883
mcbAp5,0.1111111111111111,8,8,AGAAAGCCAGATTCATAGGA,0,2308166
mcbAp5,0.1111111111111111,8,8,ACTTTAAAGCGTCTGTTGGC,0,2300619
mcbAp5,0.1111111111111111,8,8,ACTTGGTCAGTATTTGCGGA,0,2281138
mcbAp5,0.1111111111111111,8,8,ACTTGCTAGTCCCTTAAGTA,0,2268865
mcbAp5,0.1111111111111111,8,8,ACTTCCACCACTCAGCTTAT,0,2298010
mcbAp5,0.1111111111111111,8,8,ACTTATTCGCGTTACATTGA,0,2266004
mcbAp5,0.1111111111111111,8,8,ACTGTACACATTGGTGCAAC,0,2300722
mcbAp5,0.1111111111111111,8,8,ACTGGTAAAGTGCAAGCATT,0,2298150
mcbAp5,0.1111111111111111,8,8,ACTGGAGCGGGTAGGGTATA,0,2272026
mcbAp5,0.1111111111111111,8,8,ACTCTGCCAAGGCTGCTTGC,0,2310346
mcbAp5,0.1111111111111111,8,8,ACTCCTTGGAAGTGTCCCTT,0,2294067
mcbAp5,0.1111111111111111,8,8,ACGTGTCTTGTAAGCCTTAG,0,2290208
mcbAp5,0.1111111111111111,8,8,ACGTCCCGGATAAGAAGGAG,0,2300516
mcbAp5,0.1111111111111111,8,8,ACGGTTCCGACCACCGGCGG,0,2296520
mcbAp5,0.1111111111111111,8,8,ACGGTATAGTACTTATCGAG,0,2302351
mcbAp5,0.1111111111111111,8,8,ACGGCTAACACTCACCGGGG,0,2268001
mcbAp5,0.1111111111111111,8,8,ACGCTAATAACGAGTGGGTC,0,2297304
mcbAp5,0.1111111111111111,8,8,ACGCGGCTTGAGGCTTCTAT,0,2301131
mcbAp5,0.1111111111111111,8,8,ACGCATTAGAATGGTGGAAT,0,2278286
mcbAp5,0.1111111111111111,8,8,ACGAGGTGTGTTAAACGTTG,0,2292920
mcbAp5,0.1111111111111111,8,8,ACGAGCCTACACAGTACTCG,0,2297517
mcbAp5,0.1111111111111111,8,8,ACCTTGGTCTATCCAAAGAA,0,2274161
mcbAp5,0.1111111111111111,8,8,ACCTGTGGCTTATGGCCACG,0,2299998
mcbAp5,0.1111111111111111,8,8,ACCTCTATGGTGCCAACGAC,0,2314463
mcbAp5,0.1111111111111111,8,8,ACCTCGGTCACTCAAATGAC,0,2299531
mcbAp5,0.1111111111111111,8,8,ACCTACAAGAAGCCGAGTCT,0,2289429
mcbAp5,0.1111111111111111,8,8,ACCGGGCGAGTGATAATAGC,0,2293619
mcbAp5,0.1111111111111111,8,8,ACCGACGTCATCGTATCCAT,0,2305203
mcbAp5,0.1111111111111111,8,8,ACCGACGGGGGGGCTTGGAA,0,2283943
mcbAp5,0.1111111111111111,8,8,ACCCTGACACCGCAGATTCC,0,2307662
mcbAp5,0.1111111111111111,8,8,ACCCGCCTAATTAACACTAG,0,2283234
mcbAp5,0.1111111111111111,8,8,ACCCGACGCAGGTGGAATGG,0,2261198
mcbAp5,0.1111111111111111,8,8,ACCCATTGGGCTAAGGGTGT,0,2286904
mcbAp5,0.1111111111111111,8,8,ACCCATCGCGGGCAGATTGC,0,2299381
mcbAp5,0.1111111111111111,8,8,ACCATTGTCTCGGACCACCT,0,2266696
mcbAp5,0.1111111111111111,8,8,ACATATATAAGAGGGCAGCC,0,2310955
mcbAp5,0.1111111111111111,8,8,ACATACCATTAACGTGTACA,0,2269592
mcbAp5,0.1111111111111111,8,8,ACAGTGAGTTGCAGTTTGAT,0,2266339
mcbAp5,0.1111111111111111,8,8,ACACGCGAAGAATGCAACGT,0,2281514
mcbAp5,0.1111111111111111,8,8,ACACATTTATTATTCATACG,0,2267983
mcbAp5,0.1111111111111111,8,8,ACAAGCCACTCTGGCCACAA,0,2281753
mcbAp5,0.1111111111111111,8,8,AATTTCAGTCCGGCGATGAA,0,2299671
mcbAp5,0.1111111111111111,8,8,AATTCGAATCGGTTCAATGT,0,2314547
mcbAp5,0.1111111111111111,8,8,AATGTTTCGCTTATCCTCTG,0,2269087
mcbAp5,0.1111111111111111,8,8,AATAGCCTGGCTCGTACTTC,0,2292879
mcbAp5,0.1111111111111111,8,8,AAGTTCAAGTAGGATCCCTC,0,2289105
mcbAp5,0.1111111111111111,8,8,AAGTTATAGAAATACTGGCG,0,2311057
mcbAp5,0.1111111111111111,8,8,AAGGGCACGCGTTTTCTAAC,0,2306635
mcbAp5,0.1111111111111111,8,8,AAGGGATCCTATTTAGCTGG,0,2266211
mcbAp5,0.1111111111111111,8,8,AAGGCTCGTATTGAAACGAA,0,2269097
mcbAp5,0.1111111111111111,8,8,AAGGATATGTCACACCTTGG,0,2292347
mcbAp5,0.1111111111111111,8,8,AAGCTTGTAGTAGATTACGA,0,2301345
mcbAp5,0.1111111111111111,8,8,AAGCTCGCCAAATTGACCTT,0,2263221
mcbAp5,0.1111111111111111,8,8,AAGCGCTGTAAGCAGTGAGT,0,2282520
mcbAp5,0.1111111111111111,8,8,AAGAGCCGTGACCTCAGTCC,0,2298214
mcbAp5,0.1111111111111111,8,8,AACTCTATGCTGGGAATTCT,0,2305989
mcbAp5,0.1111111111111111,8,8,AACTCGATCGATATAGCTTA,0,2308646
mcbAp5,0.1111111111111111,8,8,AACGAAGATCCTATCCAACT,0,2277022
mcbAp5,0.1111111111111111,8,8,AACCTCCGCGAATGAGAATG,0,2281515
mcbAp5,0.1111111111111111,8,8,AACACACGCACGCGGCCGTC,0,2262648
mcbAp5,0.1111111111111111,8,8,AAATTTAGCTCGACAGTGTA,0,2286003
mcbAp5,0.1111111111111111,8,8,AAATGTATCTGGGCAAATGT,0,2287773
mcbAp5,0.1111111111111111,8,8,AAAGTGAATACAAGGCCGCA,0,2306411
mcbAp5,0.1111111111111111,8,8,AAAGGCCTCTTGGTTAGCCC,0,2302404
mcbAp5,0.125,7,7,TTTTTGCACATCCATATTTT,0,2310199
mcbAp5,0.125,7,7,TTTTTACGTTCGTGCTTGGT,0,2270975
mcbAp5,0.125,7,7,TTTTGTAACGGGAGATTGTT,0,2313928
mcbAp5,0.125,7,7,TTTTGGGCCATTGGGCGTAA,0,2304455
mcbAp5,0.125,7,7,TTTTGCACTAAACGAAGCGG,0,2300836
mcbAp5,0.125,7,7,TTTTGATGGAGTCGCCTATT,0,2275108
mcbAp5,0.125,7,7,TTTGCGGGATGTTGTGTGCT,0,2297168
mcbAp5,0.125,7,7,TTTCCTACCATAATCAACCC,0,2269303
mcbAp5,0.125,7,7,TTTCCGGGATCATGAGTGTA,0,2274221
mcbAp5,0.125,7,7,TTTCACCGCGGATTAAGCCC,0,2273585
mcbAp5,0.125,7,7,TTTATAGTGAGGCTTGCGAC,0,2291930
mcbAp5,0.125,7,7,TTTACCATTTGTTTTCCAGT,0,2295458
mcbAp5,0.125,7,7,TTTACATCGCGCGATAGACG,0,2282741
mcbAp5,0.125,7,7,TTGTTGGATTTGATGGGCTA,0,2271713
mcbAp5,0.125,7,7,TTGTCGGGCAGCTACGCATG,0,2283707
mcbAp5,0.125,7,7,TTGTATCCCACTAGCGACGA,0,2275813
mcbAp5,0.125,7,7,TTGCCTACTAAGTGAAAAAA,0,2300055
mcbAp5,0.125,7,7,TTGCAGCAAGCGCGATGCCT,0,2291155
mcbAp5,0.125,7,7,TTGCAATTGGAGTAAAAAAT,0,2288261
mcbAp5,0.125,7,7,TTGATTCTAAGTCGGGCTCA,0,2262010
mcbAp5,0.125,7,7,TTGATGGTGGTGCTTTCTTG,0,2287065
mcbAp5,0.125,7,7,TTGAAATTAATAGGACTATA,0,2295867
mcbAp5,0.125,7,7,TTCTGTTTTTTTTCGATTAA,0,2307261
mcbAp5,0.125,7,7,TTCTGGGCAAAACCTTAGAT,0,2302721
mcbAp5,0.125,7,7,TTCGTTGACAAAACAGTCGG,0,2262684
mcbAp5,0.125,7,7,TTCGTAGTCGAACCCTGAGT,0,2284005
mcbAp5,0.125,7,7,TTCGGACTATATCGTTCCGA,0,2272476
mcbAp5,0.125,7,7,TTCGAGTATTCAATTAAAAC,0,2263187
mcbAp5,0.125,7,7,TTCCTTTCGGGCTACAGAAA,0,2286530
mcbAp5,0.125,7,7,TTCCGGGCATATGTACATCA,0,2288761
mcbAp5,0.125,7,7,TTCCAATTTTCAGGAAAATG,0,2313660
mcbAp5,0.125,7,7,TTCATGCCAGCGAGCTCAAG,0,2271734
mcbAp5,0.125,7,7,TTCATCGCGTGCGCCTTTGG,0,2273373
mcbAp5,0.125,7,7,TTCATCACAGATGTTACCTC,0,2268522
mcbAp5,0.125,7,7,TTCAGGCTGTTGTTTAGGTA,0,2265329
mcbAp5,0.125,7,7,TTCACTCATGGTAAGCGGGA,0,2288040
mcbAp5,0.125,7,7,TTCAAGAGGAGGTTCGAACG,0,2301943
mcbAp5,0.125,7,7,TTCAAATTAGACTCAGGCAG,0,2304932
mcbAp5,0.125,7,7,TTATTCTGCCCAGCACTCTT,0,2295984
mcbAp5,0.125,7,7,TTATTATTCGACGCCCATTT,0,2299114
mcbAp5,0.125,7,7,TTATCGGACTGCTTGAACTT,0,2294275
mcbAp5,0.125,7,7,TTATATGGTCCACTTACTAA,0,2280896
mcbAp5,0.125,7,7,TTAGTCCGTGGCCGCTGCGT,0,2278548
mcbAp5,0.125,7,7,TTAGTCAAGAATGTGATGCA,0,2263499
mcbAp5,0.125,7,7,TTAGACCGCTCCGCCCTCTC,0,2288357
mcbAp5,0.125,7,7,TTACTGTTTGCAGTCGGTTC,0,2294306
mcbAp5,0.125,7,7,TTACGATCCTGTGGCAATGA,0,2283612
mcbAp5,0.125,7,7,TTACATATGCCGAAGGACAC,0,2288117
mcbAp5,0.125,7,7,TTACAGTGTCCTTAGAACGT,0,2282141
mcbAp5,0.125,7,7,TTAATACAGGTAACATCGAG,0,2261395
mcbAp5,0.125,7,7,TTAAGCAGCGAAGCCAATAA,0,2271667
mcbAp5,0.125,7,7,TGTTTACATGACTTTGACTC,0,2297167
mcbAp5,0.125,7,7,TGTTACCCACGAACTAAAGG,0,2272900
mcbAp5,0.125,7,7,TGTGTTGCCATTCTTTGATT,0,2305207
mcbAp5,0.125,7,7,TGTGCGAGTTACCAGGTATC,0,2280899
mcbAp5,0.125,7,7,TGTGCAATTGGCCGCACGCA,0,2276673
mcbAp5,0.125,7,7,TGTGCAACTGTTTGCACCGG,0,2271686
mcbAp5,0.125,7,7,TGTCGGCATGTGCAAGTGTG,0,2289646
mcbAp5,0.125,7,7,TGTCCTCAGGAAGGCACCCT,0,2268262
mcbAp5,0.125,7,7,TGTCCACCAATATAAAGTAA,0,2308407
mcbAp5,0.125,7,7,TGTCATATCGGAAGGACCTG,0,2289840
mcbAp5,0.125,7,7,TGTCACCAGCCGCATGCCTT,0,2273784
mcbAp5,0.125,7,7,TGGTTATTGGAAACGGCACT,0,2274169
mcbAp5,0.125,7,7,TGGTCAGGAAATAGTCGGAC,0,2304873
mcbAp5,0.125,7,7,TGGGTTATGTACTGTCATGA,0,2281562
mcbAp5,0.125,7,7,TGGGTCCGATCTCTCGAACT,0,2265595
mcbAp5,0.125,7,7,TGGGCGGCAACACTACAGGT,0,2314655
mcbAp5,0.125,7,7,TGGCTGCAAACGGGGTATAA,0,2295824
mcbAp5,0.125,7,7,TGGCGACCGGGTTGTTCGGA,0,2299223
mcbAp5,0.125,7,7,TGGCCTGTAGCCGTTCCGGG,0,2281451
mcbAp5,0.125,7,7,TGGCAGGAAGAATTAGCGGA,0,2291499
mcbAp5,0.125,7,7,TGGCAATTGCGCAGCCTGAA,0,2291564
mcbAp5,0.125,7,7,TGGATTGCTCTCGCTAAAAT,0,2301749
mcbAp5,0.125,7,7,TGGAGCTGGAATGCGTCAAA,0,2287531
mcbAp5,0.125,7,7,TGGACACAGGCGTCTAATGG,0,2281502
mcbAp5,0.125,7,7,TGGAACGGCGATATGTAACT,0,2315123
mcbAp5,0.125,7,7,TGGAAAAGGGAGAATGCTAC,0,2293390
mcbAp5,0.125,7,7,TGCTTTTTCCCGACAGGTAA,0,2290699
mcbAp5,0.125,7,7,TGCTTCGAAGATTCTGGACT,0,2279091
mcbAp5,0.125,7,7,TGCTGCGGGAGTCGTTTGAC,0,2282723
mcbAp5,0.125,7,7,TGCTATTCCCGGCTCACAGT,0,2307569
mcbAp5,0.125,7,7,TGCTACACGGGGGTCGTACA,0,2300582
mcbAp5,0.125,7,7,TGCTAAACATCAGGGGGGAG,0,2298294
mcbAp5,0.125,7,7,TGCGGGCGGTGAATTCGATG,0,2262707
mcbAp5,0.125,7,7,TGCGCGGTTTGCCTGATACG,0,2294630
mcbAp5,0.125,7,7,TGCGCAATACCTTCGAAATG,0,2293301
mcbAp5,0.125,7,7,TGCCTCCGAAAGACCAGCTA,0,2262598
mcbAp5,0.125,7,7,TGCCGTTGGCGAGAGGATAA,0,2276293
mcbAp5,0.125,7,7,TGCCGGTTGTATAGGGGATC,0,2264311
mcbAp5,0.125,7,7,TGCCCGTTACCGTGGCACCA,0,2267104
mcbAp5,0.125,7,7,TGCCCCCGAACGCACTATGA,0,2269173
mcbAp5,0.125,7,7,TGCCACACGGGACTGACAAG,0,2282804
mcbAp5,0.125,7,7,TGCAGCGGCGTTCAGCTGTT,0,2281203
mcbAp5,0.125,7,7,TGCACTTAGCATGTGAGCGT,0,2277954
mcbAp5,0.125,7,7,TGCACAAGAAAGGTGCTAGA,0,2266356
mcbAp5,0.125,7,7,TGATGAGCCATTTCGTTAGG,0,2275286
mcbAp5,0.125,7,7,TGAGTTGTAAGGCACACTCT,0,2266594
mcbAp5,0.125,7,7,TGAGTGCCAACGGGAGCGGG,0,2284281
mcbAp5,0.125,7,7,TGACGGTCCCTATAGTCGCT,0,2278998
mcbAp5,0.125,7,7,TGACAACTTTGGGCTTTGCT,0,2271666
mcbAp5,0.125,7,7,TGAAGATGTAATATGTGCTA,0,2278447
mcbAp5,0.125,7,7,TGAACCTCATATAAATACGA,0,2289214
mcbAp5,0.125,7,7,TCTTTAGTCATACATCCGCC,0,2293100
mcbAp5,0.125,7,7,TCTTGTCGCCCGATAGCGCC,0,2283527
mcbAp5,0.125,7,7,TCTTGCCTATCTAACCGAGC,0,2280104
mcbAp5,0.125,7,7,TCTTCCCTAGTCTTAGGTTA,0,2295069
mcbAp5,0.125,7,7,TCTCTTGCAGGCAGGTTCCC,0,2277431
mcbAp5,0.125,7,7,TCTCTTCCTCTGAGAGTAAT,0,2281323
mcbAp5,0.125,7,7,TCTCACGTGAGCGGCGCACG,0,2291945
mcbAp5,0.125,7,7,TCTAGGCGTAGGCATCATGT,0,2267950
mcbAp5,0.125,7,7,TCTACACGAGCTGTCGGCCA,0,2299083
mcbAp5,0.125,7,7,TCGTTCATGTGTGTCGCGGG,0,2314245
mcbAp5,0.125,7,7,TCGTCTTGGAGATCTTTAAC,0,2304522
mcbAp5,0.125,7,7,TCGTCAATCGCACATGGCCA,0,2289349
mcbAp5,0.125,7,7,TCGGTTTGAGGCGCCCATTA,0,2311707
mcbAp5,0.125,7,7,TCGGTTCCACCGTACCGCAA,0,2310973
mcbAp5,0.125,7,7,TCGGGTCCTTGCTGAAAGCT,0,2305649
mcbAp5,0.125,7,7,TCGGCTGCGCCTAACAAACT,0,2284911
mcbAp5,0.125,7,7,TCGGCGATGCTTGCATTAGG,0,2296088
mcbAp5,0.125,7,7,TCGGCGACTGGCAATTGGAG,0,2313799
mcbAp5,0.125,7,7,TCGGCCACCGAAAAAGGTTA,0,2284151
mcbAp5,0.125,7,7,TCGCCGGAAGCAAATAAGCA,0,2282915
mcbAp5,0.125,7,7,TCGCCAGCAATTCCTTTCTG,0,2282850
mcbAp5,0.125,7,7,TCGAAGTCGGAGACATCTAT,0,2299897
mcbAp5,0.125,7,7,TCCTGCAAGTGCCCGTGATT,0,2275226
mcbAp5,0.125,7,7,TCCTCCGTCAAGATTACGCG,0,2282606
mcbAp5,0.125,7,7,TCCTAAATTCAGTATTGGAT,0,2282560
mcbAp5,0.125,7,7,TCCTAAAGATCCCCAGGATT,0,2298460
mcbAp5,0.125,7,7,TCCGTCTGCTGTCGCTATTG,0,2297063
mcbAp5,0.125,7,7,TCCCTGCGCCTTTCGTCGCG,0,2273966
mcbAp5,0.125,7,7,TCCCGTGGTGGGAAAGCCAT,0,2296023
mcbAp5,0.125,7,7,TCCAGTTCAAATAACTGACA,0,2275299
mcbAp5,0.125,7,7,TCCACTTGGGTTTGTCAGCA,0,2270298
mcbAp5,0.125,7,7,TCCACATGTGATCATGTCTT,0,2286926
mcbAp5,0.125,7,7,TCATATTGGGAACTTTTGAA,0,2280106
mcbAp5,0.125,7,7,TCATATGCCTGGGGCTTGTA,0,2301137
mcbAp5,0.125,7,7,TCAGGGTCGTGTACACAGTG,0,2269583
mcbAp5,0.125,7,7,TCAGGCAGAGGAGGTCTTGG,0,2305112
mcbAp5,0.125,7,7,TCAGACAGAACTTATTTTGT,0,2308616
mcbAp5,0.125,7,7,TCAGAAAGGCAGTCCGGATT,0,2271419
mcbAp5,0.125,7,7,TCACTTACAGTTGCTAAGTA,0,2272891
mcbAp5,0.125,7,7,TCACTGGAGCCATTCTTTAT,0,2285621
mcbAp5,0.125,7,7,TCACGGGCGCGATCGAGAAC,0,2280824
mcbAp5,0.125,7,7,TCACACTCACGGGGTTTTCG,0,2288707
mcbAp5,0.125,7,7,TCACACGTTGGCGGTAGTCA,0,2294287
mcbAp5,0.125,7,7,TCAAGTCATGCGGGCTACTA,0,2305065
mcbAp5,0.125,7,7,TCAACAAAGTTCACACGTTT,0,2277370
mcbAp5,0.125,7,7,TCAAACCAGTTGCCGAGCTG,0,2313325
mcbAp5,0.125,7,7,TATTCCACCCTCTGCAGCTG,0,2304706
mcbAp5,0.125,7,7,TATGTTTTCGAGGTTTTCGG,0,2263101
mcbAp5,0.125,7,7,TATGGGTCTAGAAATGATGA,0,2303326
mcbAp5,0.125,7,7,TATGACAGGCGAAGCGACAC,0,2279030
mcbAp5,0.125,7,7,TATCCCTTGGGCCGACTTTG,0,2302055
mcbAp5,0.125,7,7,TATAGTGATAGTGACGCAAT,0,2279511
mcbAp5,0.125,7,7,TATAATGCGGCGCAGGGGAC,0,2274347
mcbAp5,0.125,7,7,TATAAGCGAATCTTGCCTTA,0,2290685
mcbAp5,0.125,7,7,TAGGCGCGTGTAAGAGTTCC,0,2290576
mcbAp5,0.125,7,7,TAGCTTCAGGCTACTTTATA,0,2266098
mcbAp5,0.125,7,7,TAGCCGATATACGTTCTAAT,0,2290379
mcbAp5,0.125,7,7,TAGCCGAAGCCAACTCGGCA,0,2272623
mcbAp5,0.125,7,7,TAGCCCAGTACGGCAGGCCA,0,2291976
mcbAp5,0.125,7,7,TAGATATCAGACGGAGTGAC,0,2265947
mcbAp5,0.125,7,7,TACTCGACCCATCCATGCAC,0,2283987
mcbAp5,0.125,7,7,TACTATCAACTTCCGACAAT,0,2283072
mcbAp5,0.125,7,7,TACTACTCCAGTGAGCATTG,0,2272553
mcbAp5,0.125,7,7,TACGTCACCCGGTTGCACAT,0,2288836
mcbAp5,0.125,7,7,TACGGGATTTGGGAACGATG,0,2284865
mcbAp5,0.125,7,7,TACGCCTGATGCAGCAGTAT,0,2289015
mcbAp5,0.125,7,7,TACCTGGTGGCAACGTCGCT,0,2315698
mcbAp5,0.125,7,7,TACCGGCAACTATCTGCGGG,0,2297809
mcbAp5,0.125,7,7,TACCATCTCGTGGTTGCATC,0,2292242
mcbAp5,0.125,7,7,TACAGTCACGTAGGGTCATG,0,2263420
mcbAp5,0.125,7,7,TACAGCTCCAAGAAAGTTAT,0,2262478
mcbAp5,0.125,7,7,TACAAGGGTGACGTACCCCT,0,2276067
mcbAp5,0.125,7,7,TAATTGTCTCCGTAAAGAGA,0,2297489
mcbAp5,0.125,7,7,TAATTAAGTATGAACTGCAG,0,2267372
mcbAp5,0.125,7,7,TAATAATTGCCTATTGTTGA,0,2278542
mcbAp5,0.125,7,7,TAAGTCCTCACACTGGCAGC,0,2299763
mcbAp5,0.125,7,7,TAAGCCGGAGCCACAGCCTA,0,2311557
mcbAp5,0.125,7,7,TAACTCTCTCTAACAATAGA,0,2266591
mcbAp5,0.125,7,7,TAACATGATACTCGGACATG,0,2303962
mcbAp5,0.125,7,7,TAACACGACTTCCACCAGAT,0,2273130
mcbAp5,0.125,7,7,TAAAGGAGGGTATCGGCGTA,0,2286948
mcbAp5,0.125,7,7,TAAACGTTGGACTGCTGGAG,0,2273607
mcbAp5,0.125,7,7,TAAACCCGACAACTCACACC,0,2296603
mcbAp5,0.125,7,7,GTTTTGCATTATGGGGTGGC,0,2311258
mcbAp5,0.125,7,7,GTTTTGCAAACAATTGATAC,0,2306203
mcbAp5,0.125,7,7,GTTTTCAGACACTTATGCTT,0,2268150
mcbAp5,0.125,7,7,GTTGTTCGACCGGATCGAGT,0,2268795
mcbAp5,0.125,7,7,GTTGACGAGGGTTCCATGTA,0,2280614
mcbAp5,0.125,7,7,GTTCGGGGGCCGATCCGGCT,0,2265233
mcbAp5,0.125,7,7,GTTCGATGTCAACAAGTTAC,0,2297974
mcbAp5,0.125,7,7,GTTCCTTGCGGAATTATTCG,0,2279848
mcbAp5,0.125,7,7,GTTAGATACGCGGGTCTCAT,0,2261632
mcbAp5,0.125,7,7,GTTACCCATAACTCAGAACG,0,2303519
mcbAp5,0.125,7,7,GTTAAAGGCGCCTGATTGTG,0,2297295
mcbAp5,0.125,7,7,GTGTTCGTACAGTGTGTGCT,0,2310197
mcbAp5,0.125,7,7,GTGTATCATGAGGACCGTGG,0,2306066
mcbAp5,0.125,7,7,GTGTAAGCATCGGGAGGGGT,0,2285826
mcbAp5,0.125,7,7,GTGGGCGTAAAGCGTGGATA,0,2271827
mcbAp5,0.125,7,7,GTGGGCAAAATATCTAGGGT,0,2297600
mcbAp5,0.125,7,7,GTGGACATTCGTCATAACCT,0,2283136
mcbAp5,0.125,7,7,GTGCTCGATGAAGTTCGTGA,0,2315589
mcbAp5,0.125,7,7,GTGCTCATTGGTGTGATAAG,0,2301590
mcbAp5,0.125,7,7,GTGCGTCAATTTGTCTCGGC,0,2261949
mcbAp5,0.125,7,7,GTGCAATTCAACCATGAGAC,0,2265147
mcbAp5,0.125,7,7,GTGATGACCGGCCTCCGTTC,0,2312387
mcbAp5,0.125,7,7,GTGACTGATGTTGAGAGTTG,0,2303610
mcbAp5,0.125,7,7,GTGAAATCGGCGGACCAAGT,0,2267898
mcbAp5,0.125,7,7,GTGAAACCCATACTATTCCT,0,2307450
mcbAp5,0.125,7,7,GTCTTGTCACGGATCGATGG,0,2266523
mcbAp5,0.125,7,7,GTCTGTATTGGTTGTACCCT,0,2310294
mcbAp5,0.125,7,7,GTCTGGGGCCGGCTACATGA,0,2303172
mcbAp5,0.125,7,7,GTCTGGAAAAAGGGAGCCGA,0,2283427
mcbAp5,0.125,7,7,GTCCCTACTTGGACGATTAC,0,2311210
mcbAp5,0.125,7,7,GTCCATGGTGTTGGTTACTC,0,2275535
mcbAp5,0.125,7,7,GTCATTGTTATCATCACCGG,0,2292116
mcbAp5,0.125,7,7,GTCATTCGGGGTGGGTTATC,0,2302648
mcbAp5,0.125,7,7,GTATCTGAGATTCTAAGGCG,0,2294333
mcbAp5,0.125,7,7,GTATAAGCATCTTGCCTCTG,0,2310669
mcbAp5,0.125,7,7,GTACGACTCTAAGTCAAGGC,0,2282515
mcbAp5,0.125,7,7,GTACCCGCACGTACCGTTAC,0,2292420
mcbAp5,0.125,7,7,GTAATTACACGCATGCCCGG,0,2268197
mcbAp5,0.125,7,7,GTAAGGGCAGCCTTGAAGGG,0,2271161
mcbAp5,0.125,7,7,GTAACTATCAGGGCGGCTTG,0,2289907
mcbAp5,0.125,7,7,GGTTTTATGGAGATATGCCA,0,2309220
mcbAp5,0.125,7,7,GGTTTTAGGTCTCGCTGATC,0,2304453
mcbAp5,0.125,7,7,GGTTCCACCGTGCGCCCGGT,0,2277792
mcbAp5,0.125,7,7,GGTTAACCTGAGGTAGGTCG,0,2287026
mcbAp5,0.125,7,7,GGTGAGAGTGAGGACCAGTC,0,2278094
mcbAp5,0.125,7,7,GGTGAACGTTAAGGGCACGA,0,2307823
mcbAp5,0.125,7,7,GGTGAACAAAATGGGCTGAG,0,2270251
mcbAp5,0.125,7,7,GGTGAAAGTGCGTGATATCT,0,2303342
mcbAp5,0.125,7,7,GGTCTTTTGAACGAGGGTCT,0,2267692
mcbAp5,0.125,7,7,GGTCTGTGCAACATGCCTAT,0,2262959
mcbAp5,0.125,7,7,GGTCTGGTCATCCGACTTAT,0,2263819
mcbAp5,0.125,7,7,GGTCTAAACTGCTACTCGTA,0,2282568
mcbAp5,0.125,7,7,GGTCCCAATCAGCGACATGA,0,2301726
mcbAp5,0.125,7,7,GGTCAAACCTTGCGTCAGGC,0,2265980
mcbAp5,0.125,7,7,GGTACAATATATGATTGCTT,0,2300833
mcbAp5,0.125,7,7,GGGTTTCGTACTTCCGCCCT,0,2281349
mcbAp5,0.125,7,7,GGGTGCATAGACCGTTATGA,0,2262375
mcbAp5,0.125,7,7,GGGGTTTTCGCCTCTCCATA,0,2312272
mcbAp5,0.125,7,7,GGGGTCAGAGGAGGCGAGAT,0,2271904
mcbAp5,0.125,7,7,GGGGGCTTGCCTCTCACAAG,0,2312940
mcbAp5,0.125,7,7,GGGGGCAAATCTTAACGCCA,0,2293891
mcbAp5,0.125,7,7,GGGGCAAGGCCAGGCCAGAA,0,2288060
mcbAp5,0.125,7,7,GGGGAAGCGACGCTATCTCA,0,2305597
mcbAp5,0.125,7,7,GGGCGTCACGAGGCGGGTCA,0,2273230
mcbAp5,0.125,7,7,GGGCCAGTAAAGTATTGATC,0,2296673
mcbAp5,0.125,7,7,GGGAGGCCCCGAAGGCGAGT,0,2261114
mcbAp5,0.125,7,7,GGGAGCATAACGGCCCGACT,0,2277786
mcbAp5,0.125,7,7,GGGAATGCCGTACGAACACT,0,2295412
mcbAp5,0.125,7,7,GGGAACGGAGGAGGCCGCAT,0,2275254
mcbAp5,0.125,7,7,GGCTCTTGCTCAATAACGAC,0,2277811
mcbAp5,0.125,7,7,GGCGTTGTCAATAGCTGAAA,0,2293851
mcbAp5,0.125,7,7,GGCGTTCCACAAACTTGCCA,0,2314066
mcbAp5,0.125,7,7,GGCGGGGGTACTCCCGGTTA,0,2261630
mcbAp5,0.125,7,7,GGCGATATTCTCACGCCCAA,0,2297620
mcbAp5,0.125,7,7,GGCCTGCGTTACAACCGGCA,0,2316231
mcbAp5,0.125,7,7,GGCCTAGGCTGTAGCGAATA,0,2299084
mcbAp5,0.125,7,7,GGCCGAGACCGCCAGTGTTA,0,2291036
mcbAp5,0.125,7,7,GGCCCCGTTTATAGGACATT,0,2285220
mcbAp5,0.125,7,7,GGCATGGGTACAGTTGGATA,0,2297724
mcbAp5,0.125,7,7,GGCATCGCTGAATGTGGAGT,0,2305404
mcbAp5,0.125,7,7,GGCAGAAAGCTTATACAAGC,0,2265587
mcbAp5,0.125,7,7,GGCAACACAGCGTGCGTATA,0,2306800
mcbAp5,0.125,7,7,GGCAAAGAGCTATTTATTCC,0,2278390
mcbAp5,0.125,7,7,GGATGAAAGCCTTTTGTTTG,0,2294164
mcbAp5,0.125,7,7,GGATCTAGGTGCCGACTGTC,0,2271536
mcbAp5,0.125,7,7,GGATCTAGCAAGGCTACTGC,0,2296675
mcbAp5,0.125,7,7,GGATCGTAGGGGGCCATGGC,0,2287607
mcbAp5,0.125,7,7,GGATCGACTCCTCATAGCAA,0,2300133
mcbAp5,0.125,7,7,GGATCCTGTCCACTTTTACA,0,2296239
mcbAp5,0.125,7,7,GGAGGGCGATTGTGTTTAGG,0,2294740
mcbAp5,0.125,7,7,GGAGCGTTTTCGCGGAAACC,0,2307079
mcbAp5,0.125,7,7,GGAGAGCGATACTCGTCTTT,0,2303029
mcbAp5,0.125,7,7,GGAGAGCCCATCGGGAGCTT,0,2281522
mcbAp5,0.125,7,7,GGACTGCTGACCACGCATGC,0,2266108
mcbAp5,0.125,7,7,GGACTACGTTAAGGGATCCA,0,2307022
mcbAp5,0.125,7,7,GGACGACCCCCGCCACAGAT,0,2286089
mcbAp5,0.125,7,7,GGACACGCCTGATACTCAGT,0,2305138
mcbAp5,0.125,7,7,GCTTCGGGACTGTCTCTACT,0,2304958
mcbAp5,0.125,7,7,GCTGTTACATGATAATACGT,0,2287628
mcbAp5,0.125,7,7,GCTGCCTGTCACGATGGAGG,0,2293551
mcbAp5,0.125,7,7,GCTCGAGGTTATAAATGGAA,0,2315700
mcbAp5,0.125,7,7,GCTCACGTACTTATTTATAC,0,2281137
mcbAp5,0.125,7,7,GCTATGGATTAGGTACATCA,0,2272372
mcbAp5,0.125,7,7,GCTACCTGCCATCTCACTCA,0,2281096
mcbAp5,0.125,7,7,GCGTGCAAATCCCCCCCGGG,0,2290934
mcbAp5,0.125,7,7,GCGTCGGGGATCGGAAGAGG,0,2289308
mcbAp5,0.125,7,7,GCGGACTTAAGCCTGTCCAC,0,2281641
mcbAp5,0.125,7,7,GCGCCACTCGTCTAATATCA,0,2283900
mcbAp5,0.125,7,7,GCGCAATATACGTTCCTTGT,0,2313815
mcbAp5,0.125,7,7,GCGATGGATAGTAAAACGCG,0,2274353
mcbAp5,0.125,7,7,GCGACGATCGGCGGTGCAAT,0,2287401
mcbAp5,0.125,7,7,GCCTTCTTTTTTTGGTCCCA,0,2268247
mcbAp5,0.125,7,7,GCCTGATGAATCTTTGATGG,0,2314092
mcbAp5,0.125,7,7,GCCTCGCTCAGAGAGTACCC,0,2288337
mcbAp5,0.125,7,7,GCCTAGGGAAGGTGTCCGGT,0,2284796
mcbAp5,0.125,7,7,GCCTAACTAACGTGCGTGAC,0,2284254
mcbAp5,0.125,7,7,GCCGTGTCTTAGAAGGTTAA,0,2314374
mcbAp5,0.125,7,7,GCCGGTGCAGTCAGCATCCA,0,2279310
mcbAp5,0.125,7,7,GCCGGACTAGGCTCGGCTTA,0,2293985
mcbAp5,0.125,7,7,GCCGGAAATGACTAGAGCTT,0,2285782
mcbAp5,0.125,7,7,GCCGCCTTCGGACACAGTGG,0,2263573
mcbAp5,0.125,7,7,GCCGCAAAGTCAAGTAGGTG,0,2277966
mcbAp5,0.125,7,7,GCCGAGTGTAGACTTACAGC,0,2264856
mcbAp5,0.125,7,7,GCCCTTGCCAGACGGGCGCT,0,2309395
mcbAp5,0.125,7,7,GCCCTGTCGTTGTAATCGAA,0,2314842
mcbAp5,0.125,7,7,GCCATTTTCTGTGGGATTGA,0,2293262
mcbAp5,0.125,7,7,GCCAACAAGAAACTACTGAC,0,2291417
mcbAp5,0.125,7,7,GCATGATTCCCCTGGGCGGC,0,2315654
mcbAp5,0.125,7,7,GCATCTCTAACTTGGATCAA,0,2275960
mcbAp5,0.125,7,7,GCATCCGAACTTGCCGCGGA,0,2293098
mcbAp5,0.125,7,7,GCATAGTGAAGTAGCTCAGG,0,2308029
mcbAp5,0.125,7,7,GCATAGGTTATAGTCGCGAA,0,2286541
mcbAp5,0.125,7,7,GCAGACGGTCACAGTCATTA,0,2312989
mcbAp5,0.125,7,7,GCACCGCCGGACGTTTACCT,0,2283776
mcbAp5,0.125,7,7,GCACAGGGTTTATCATAACG,0,2275135
mcbAp5,0.125,7,7,GCAATATAATGTGGGAGTGT,0,2308873
mcbAp5,0.125,7,7,GCAAGATTATAGTAATTGGG,0,2288377
mcbAp5,0.125,7,7,GCAACCAGCCGATAATAAGA,0,2267329
mcbAp5,0.125,7,7,GATTTCCTGTCAAGTATTGT,0,2295065
mcbAp5,0.125,7,7,GATTGAGACACGCGGCCAGG,0,2290716
mcbAp5,0.125,7,7,GATGGCAGAGCCGAATAATC,0,2289645
mcbAp5,0.125,7,7,GATCTGTTGAGCGTAGACGC,0,2310207
mcbAp5,0.125,7,7,GATCATCAGGGACTTACGGG,0,2266921
mcbAp5,0.125,7,7,GATAAGCGCTGGCCCGGCAA,0,2278219
mcbAp5,0.125,7,7,GAGTCTTCCTTTTTACCCAT,0,2280334
mcbAp5,0.125,7,7,GAGGTCAATTGGGTCTCGAT,0,2307674
mcbAp5,0.125,7,7,GAGGCGCGATCGTACCTGAT,0,2280444
mcbAp5,0.125,7,7,GAGGAGGTTCTAGAAGAACC,0,2295419
mcbAp5,0.125,7,7,GAGGACACGCGGGCAACCAG,0,2285253
mcbAp5,0.125,7,7,GAGCGAGCGGGTGTACATCA,0,2285381
mcbAp5,0.125,7,7,GAGACAGAGCGACCAGCTGA,0,2301514
mcbAp5,0.125,7,7,GAGACACATTACGCCAAAGG,0,2314343
mcbAp5,0.125,7,7,GAGAACTACGCTCCATGGCA,0,2297673
mcbAp5,0.125,7,7,GAGAACGAACTCTATATCTT,0,2282639
mcbAp5,0.125,7,7,GAGAAAACTCAACCGTAGAG,0,2297762
mcbAp5,0.125,7,7,GACTCAGAAACACGGAACGA,0,2280786
mcbAp5,0.125,7,7,GACGGCACCCTCAGCTTGGT,0,2310613
mcbAp5,0.125,7,7,GACGGAGCAGATGAAGGCAT,0,2271621
mcbAp5,0.125,7,7,GACGCCCTGGGTCATCATAA,0,2279674
mcbAp5,0.125,7,7,GACGAGGTGTCGCAAAACAC,0,2302994
mcbAp5,0.125,7,7,GACCTCCACCGCATCGTAGG,0,2299232
mcbAp5,0.125,7,7,GACCCCAAGTTATGGTCAAT,0,2294061
mcbAp5,0.125,7,7,GACCAATAGTCTAGAGTTTC,0,2299111
mcbAp5,0.125,7,7,GACAGCTCGCTTGGGACGTA,0,2310978
mcbAp5,0.125,7,7,GACAGCAACCGCCTTCTTAT,0,2312642
mcbAp5,0.125,7,7,GACACACGGTGGCAGCCACC,0,2270044
mcbAp5,0.125,7,7,GACACACAGAATTAAATTGC,0,2265336
mcbAp5,0.125,7,7,GAATTTCTAGCAAAAAAATT,0,2294665
mcbAp5,0.125,7,7,GAAGTAATCGACTGACACAT,0,2312286
mcbAp5,0.125,7,7,GAAGATGAGAGCCTCGAGCT,0,2271147
mcbAp5,0.125,7,7,GAACCGGTAGAACTGTTGTA,0,2299600
mcbAp5,0.125,7,7,GAACATTCGATTGTTTCGAC,0,2304795
mcbAp5,0.125,7,7,GAAATCCTTTGATCCTACGC,0,2274080
mcbAp5,0.125,7,7,GAAACTCAAGGGCCAGTTGT,0,2274367
mcbAp5,0.125,7,7,CTTTTCGTGTGTGCACGTAA,0,2263727
mcbAp5,0.125,7,7,CTTTGTACAGGTCTAGACAA,0,2296333
mcbAp5,0.125,7,7,CTTCTAGCTTAACGCTCAGC,0,2301038
mcbAp5,0.125,7,7,CTTCGGGTGCTCTAAAGGGT,0,2282222
mcbAp5,0.125,7,7,CTTCGCGGGTCCTGAGTATT,0,2262349
mcbAp5,0.125,7,7,CTTCATTTAGCTCCGTTGTA,0,2273873
mcbAp5,0.125,7,7,CTTACAAACGCGCGAGAGGC,0,2271865
mcbAp5,0.125,7,7,CTTAATGAGGCTATACAAGA,0,2292134
mcbAp5,0.125,7,7,CTGTTTTGAAGAACGTCGTG,0,2286609
mcbAp5,0.125,7,7,CTGTTGGGATATCTTGACAC,0,2289906
mcbAp5,0.125,7,7,CTGTTGGCATGCGGACTGTT,0,2294899
mcbAp5,0.125,7,7,CTGTATCTGGTAGCTTGGTC,0,2301472
mcbAp5,0.125,7,7,CTGGTGTGGTGGCGATATTA,0,2307734
mcbAp5,0.125,7,7,CTGGGGTAAAGGGAGGTACG,0,2274281
mcbAp5,0.125,7,7,CTGGGAAGACACCGATATGT,0,2284873
mcbAp5,0.125,7,7,CTGGCAGAGCTGGTGTCGTA,0,2270183
mcbAp5,0.125,7,7,CTGGAAATGGTGCTACATAA,0,2289554
mcbAp5,0.125,7,7,CTGCTGATGGCCGCATTGTT,0,2314953
mcbAp5,0.125,7,7,CTGCTATCACTGGAAAACGT,0,2288179
mcbAp5,0.125,7,7,CTGCAGCCCCAACGCGAGAT,0,2272636
mcbAp5,0.125,7,7,CTCTGTCTTCGAACTGTATT,0,2304069
mcbAp5,0.125,7,7,CTCGTCGAGATAGTGTAGCG,0,2315965
mcbAp5,0.125,7,7,CTCCCCAGACGATACCATCG,0,2305141
mcbAp5,0.125,7,7,CTCATGCCTCTAATAAACCC,0,2285129
mcbAp5,0.125,7,7,CTCAGGGCATAGAATCTTGG,0,2315351
mcbAp5,0.125,7,7,CTCACTTCCCTCACGTACTT,0,2314008
mcbAp5,0.125,7,7,CTATTTTTTACGAACTTCCC,0,2267388
mcbAp5,0.125,7,7,CTATGATGACGGTATCTACC,0,2270125
mcbAp5,0.125,7,7,CTATGACCGACCGAAAAGTA,0,2277818
mcbAp5,0.125,7,7,CTAGTGCTGCGGAACTGCTT,0,2267806
mcbAp5,0.125,7,7,CTAGTATGTAGATACAGTTT,0,2311169
mcbAp5,0.125,7,7,CTAGTACGTCATGCCAGGAT,0,2306057
mcbAp5,0.125,7,7,CTAGGTATAGTGATTAGAGT,0,2305776
mcbAp5,0.125,7,7,CTAGGACAGTGACAGTCAAT,0,2310402
mcbAp5,0.125,7,7,CTAGCTATTGTGTGGCCTTC,0,2285771
mcbAp5,0.125,7,7,CTAGCAACGAAACTTTAATG,0,2296117
mcbAp5,0.125,7,7,CTACCTCGTTTGGATTAGAT,0,2265619
mcbAp5,0.125,7,7,CTACCCACGGGTTCTGAGAA,0,2263430
mcbAp5,0.125,7,7,CTACACGCTATTCAATGGGA,0,2313985
mcbAp5,0.125,7,7,CGTTTGGCGAAGTTCGCTTG,0,2306455
mcbAp5,0.125,7,7,CGTTATAGCCGATCCCCGAT,0,2288406
mcbAp5,0.125,7,7,CGTTAGCAGGCACATTGCCT,0,2262596
mcbAp5,0.125,7,7,CGTGGGCGCTCTCAGGCTTA,0,2284086
mcbAp5,0.125,7,7,CGTGGCGGGATCGTGATTGG,0,2312952
mcbAp5,0.125,7,7,CGTGGCATAGCTCGCGGGGC,0,2306226
mcbAp5,0.125,7,7,CGTGCGTTTCGTTCTGTCGG,0,2277033
mcbAp5,0.125,7,7,CGTGACCGACCCCCGCGACT,0,2311293
mcbAp5,0.125,7,7,CGTCCTCACACTCGTAATTA,0,2269876
mcbAp5,0.125,7,7,CGTAGCAAAGAATTGGTCAC,0,2305189
mcbAp5,0.125,7,7,CGGTTGACGTCCGCAGTCCA,0,2265267
mcbAp5,0.125,7,7,CGGTATATTTCGGGACCCGA,0,2305850
mcbAp5,0.125,7,7,CGGTAGTTAAGACTAGGCCG,0,2286513
mcbAp5,0.125,7,7,CGGGGGGTAAGGACTCACCA,0,2297859
mcbAp5,0.125,7,7,CGGGGGATATGGCCCACGTA,0,2273736
mcbAp5,0.125,7,7,CGGGGAGTACATCTTAGGCA,0,2300979
mcbAp5,0.125,7,7,CGGGGACTGATCCACCCAGA,0,2285974
mcbAp5,0.125,7,7,CGGGCGTCATTAAGTTACCC,0,2264611
mcbAp5,0.125,7,7,CGGGCATTTGATTCGATTGA,0,2310972
mcbAp5,0.125,7,7,CGGGAACAGGCACTGACGGC,0,2294987
mcbAp5,0.125,7,7,CGGCGTCCGGCGTGGCTAGG,0,2285952
mcbAp5,0.125,7,7,CGGCCTTTAGGTGGAATCCC,0,2272501
mcbAp5,0.125,7,7,CGGCAGGCTTTCGCACGACG,0,2292267
mcbAp5,0.125,7,7,CGGATTTGACTGAACACGGA,0,2280037
mcbAp5,0.125,7,7,CGGAGTGACAAGCACTCAAT,0,2312302
mcbAp5,0.125,7,7,CGGACCACAGGATTTAACTT,0,2268622
mcbAp5,0.125,7,7,CGGAATGAGAATGACTTACA,0,2275017
mcbAp5,0.125,7,7,CGGAAGATCACACCGGCAGT,0,2263871
mcbAp5,0.125,7,7,CGGAAGAACTGTTTAAGAAA,0,2269988
mcbAp5,0.125,7,7,CGCTTAGTGTGCGATTTTAG,0,2295084
mcbAp5,0.125,7,7,CGCTGTGCGGTATTCTCGAC,0,2268706
mcbAp5,0.125,7,7,CGCTGGCATAGGACAATGTT,0,2283936
mcbAp5,0.125,7,7,CGCTGGAATTTACATGGCGG,0,2291399
mcbAp5,0.125,7,7,CGCTCTTAGACCCCCAAGCT,0,2287518
mcbAp5,0.125,7,7,CGCGTTCTTTTTTGGTGGAC,0,2265803
mcbAp5,0.125,7,7,CGCGTCCTAGTCGCTGCCAA,0,2266996
mcbAp5,0.125,7,7,CGCGGCACCTTGCTTCCGCG,0,2299166
mcbAp5,0.125,7,7,CGCGATCATCACCTCCGAAA,0,2296010
mcbAp5,0.125,7,7,CGCGACCGCCCAGCTTAGCT,0,2292322
mcbAp5,0.125,7,7,CGCCTTACTGGATGGAGCTG,0,2282724
mcbAp5,0.125,7,7,CGCCTCCCAATCGTAGCTAT,0,2271929
mcbAp5,0.125,7,7,CGCCGTAACTCTCAGGAATG,0,2298632
mcbAp5,0.125,7,7,CGCCGCGGTGATCACGCCAA,0,2262509
mcbAp5,0.125,7,7,CGCCCGCGCTACTATAGGCG,0,2282854
mcbAp5,0.125,7,7,CGCCAGCTTTTTGATTTATC,0,2290670
mcbAp5,0.125,7,7,CGCATCTCTGAGGGTCTTGT,0,2285257
mcbAp5,0.125,7,7,CGCATCCAGTCCAACTATAC,0,2304678
mcbAp5,0.125,7,7,CGCACATAACGGAAAGACAA,0,2300753
mcbAp5,0.125,7,7,CGATTTTCTTGAGACATTAT,0,2281213
mcbAp5,0.125,7,7,CGATTCACGTCACGCCGGAG,0,2270096
mcbAp5,0.125,7,7,CGATTCACCCGGGCGTTACC,0,2279688
mcbAp5,0.125,7,7,CGATTAGTATTGCCCACGTG,0,2299433
mcbAp5,0.125,7,7,CGATCTGGGAATTTGGAGGT,0,2287101
mcbAp5,0.125,7,7,CGAGCTGAAATGCAGGAGTC,0,2267681
mcbAp5,0.125,7,7,CGAGAGCCAATCTATATCGT,0,2275629
mcbAp5,0.125,7,7,CGAGACGCAATTCCCTTAAA,0,2311192
mcbAp5,0.125,7,7,CGACTGCTACCCTATTATAC,0,2285258
mcbAp5,0.125,7,7,CGACTCTGCTCTCCCTTTCT,0,2269440
mcbAp5,0.125,7,7,CGACTATATCAGCACACTTG,0,2306478
mcbAp5,0.125,7,7,CGACTAATACTAGCCCAACT,0,2288557
mcbAp5,0.125,7,7,CGACAAAGGTAGTTGTCACG,0,2303067
mcbAp5,0.125,7,7,CGAAAAATAGAGACGGCGCC,0,2263999
mcbAp5,0.125,7,7,CCTTTATTTCGGATGTGGTA,0,2297157
mcbAp5,0.125,7,7,CCTTGTTACGCTCTCCTTTC,0,2285909
mcbAp5,0.125,7,7,CCTTCGACGCCGTCGAGCAA,0,2286262
mcbAp5,0.125,7,7,CCTTAAAATTTGTTGTCTCT,0,2286905
mcbAp5,0.125,7,7,CCTGGTCAACTAATCCAGGC,0,2263878
mcbAp5,0.125,7,7,CCTGATGAGCCAAAGCGGCA,0,2264501
mcbAp5,0.125,7,7,CCTGACTCCAACTGATTGAT,0,2281093
mcbAp5,0.125,7,7,CCTGACCGCGATGGTGACCA,0,2312040
mcbAp5,0.125,7,7,CCTATCCGACGGAAACGAAT,0,2289609
mcbAp5,0.125,7,7,CCTATACACAGTCGGGGAAT,0,2304326
mcbAp5,0.125,7,7,CCTAGCGTATCCCGGGACCA,0,2312864
mcbAp5,0.125,7,7,CCTACGCAGTCATAAGTTTT,0,2277424
mcbAp5,0.125,7,7,CCGTTAGTTGCTCAGTCCCA,0,2266162
mcbAp5,0.125,7,7,CCGTGTACCGTACTGCCTGC,0,2270798
mcbAp5,0.125,7,7,CCGTCTGTTAGGGGATCGAA,0,2305013
mcbAp5,0.125,7,7,CCGGTCCTGATACGCTACAT,0,2301902
mcbAp5,0.125,7,7,CCGGGGTATACTAGCCACCT,0,2295758
mcbAp5,0.125,7,7,CCGGGGCGAGGTGTCATTTT,0,2281642
mcbAp5,0.125,7,7,CCGGACACTGGAGAAAAACC,0,2284729
mcbAp5,0.125,7,7,CCGGACACGGATAAATCTTC,0,2269227
mcbAp5,0.125,7,7,CCGCTAGGTATGATCCTTCA,0,2311881
mcbAp5,0.125,7,7,CCGCGTAGGGAAAGCTCTCG,0,2289161
mcbAp5,0.125,7,7,CCGCGCTACCGCAATATCCA,0,2305089
mcbAp5,0.125,7,7,CCGCGCCCTACTTACGGATT,0,2275729
mcbAp5,0.125,7,7,CCGCCGGTTTTCAACAATGC,0,2310273
mcbAp5,0.125,7,7,CCGCAACTACCACAGGCGGG,0,2282126
mcbAp5,0.125,7,7,CCGATACCTTTTGCGATGCC,0,2288174
mcbAp5,0.125,7,7,CCGACTCTAGTGTGATTATG,0,2271215
mcbAp5,0.125,7,7,CCGACAGGGGGTACCGGCCT,0,2294443
mcbAp5,0.125,7,7,CCGACACATTCTACTCTCGG,0,2295701
mcbAp5,0.125,7,7,CCGAAGTGCATTCTAAAATC,0,2274394
mcbAp5,0.125,7,7,CCCTGCTGAGGTATCTGTGC,0,2266803
mcbAp5,0.125,7,7,CCCTCTAGAATTAACTCGCG,0,2263032
mcbAp5,0.125,7,7,CCCTCGTACACCGGCCTAGT,0,2263590
mcbAp5,0.125,7,7,CCCGTACAGTACGAGTAAAT,0,2272115
mcbAp5,0.125,7,7,CCCGGCGTAATTGGGGAGAG,0,2290694
mcbAp5,0.125,7,7,CCCGCCCGGTGCTCCATACC,0,2304880
mcbAp5,0.125,7,7,CCCCCCCGCTTTCGTTGTAT,0,2269387
mcbAp5,0.125,7,7,CCCCCATGGATACTCTGATA,0,2277436
mcbAp5,0.125,7,7,CCCCCATCGCAGGCTAACTC,0,2283122
mcbAp5,0.125,7,7,CCCCAGCCAGGCAACAAGCT,0,2308643
mcbAp5,0.125,7,7,CCCATGGGAAATGCTCATGA,0,2271204
mcbAp5,0.125,7,7,CCCATGCTTTCGGACTCTTG,0,2276464
mcbAp5,0.125,7,7,CCCAAGACTGTGGTCGGTCG,0,2314682
mcbAp5,0.125,7,7,CCCAACGACGTCTACTTTGC,0,2269547
mcbAp5,0.125,7,7,CCCAAATCTCTGACCTGCTT,0,2268048
mcbAp5,0.125,7,7,CCATTTTAGCAATCCTCCGA,0,2280837
mcbAp5,0.125,7,7,CCATGGTTGCACGTGTGTGT,0,2286170
mcbAp5,0.125,7,7,CCATGAACGTCCCTCCCAAC,0,2263090
mcbAp5,0.125,7,7,CCAGTCCACCAGTCCCACTA,0,2287977
mcbAp5,0.125,7,7,CCAGCCTTATATCTTCACCC,0,2281594
mcbAp5,0.125,7,7,CCACCCATAATTGATTCTTT,0,2265414
mcbAp5,0.125,7,7,CCAAGGCAAGGGAACAGGTT,0,2278781
mcbAp5,0.125,7,7,CCAAAGTCACCTGGCAACGA,0,2308961
mcbAp5,0.125,7,7,CATTCGCAGGACTACTGCAA,0,2266816
mcbAp5,0.125,7,7,CATTCCTCCCGATGGCTACT,0,2264440
mcbAp5,0.125,7,7,CATCTGCTCAGCCTCGTTAG,0,2279899
mcbAp5,0.125,7,7,CATCGGGCTCAGATTTGTTA,0,2304225
mcbAp5,0.125,7,7,CATAGTGGCCCAGTGGCCAA,0,2292824
mcbAp5,0.125,7,7,CATAGGCAAGAGAGCAGCCA,0,2283358
mcbAp5,0.125,7,7,CATACTGTCGGCAGTTCCCC,0,2278828
mcbAp5,0.125,7,7,CAGTGCCAACCAGGTGTAGA,0,2282986
mcbAp5,0.125,7,7,CAGTCTGCTCACGTTCGCTT,0,2311315
mcbAp5,0.125,7,7,CAGGTACGGTATGTTAAGTA,0,2269794
mcbAp5,0.125,7,7,CAGGCCGGTTCGGCCCACCG,0,2303280
mcbAp5,0.125,7,7,CAGGCATCTTAACTGATGTA,0,2263973
mcbAp5,0.125,7,7,CAGCTCTGGTACTCCTAGAT,0,2297769
mcbAp5,0.125,7,7,CAGCTATTAACTTTAGCTTC,0,2311924
mcbAp5,0.125,7,7,CAGCGTTCACCGTCAGACCT,0,2301322
mcbAp5,0.125,7,7,CAGCCGAAAGAGGTCATAAC,0,2264760
mcbAp5,0.125,7,7,CAGCAGGAAGGTTGATTATT,0,2291950
mcbAp5,0.125,7,7,CAGAGAACTATCGCGTCGTA,0,2309913
mcbAp5,0.125,7,7,CAGAACTGCCAGAGGCATCT,0,2267448
mcbAp5,0.125,7,7,CAGAACGAGGAAGAATTGAT,0,2309875
mcbAp5,0.125,7,7,CAGAAAAGTCCGGTTTTGAG,0,2302470
mcbAp5,0.125,7,7,CACTTGTTGGCGTTGAGCTC,0,2285852
mcbAp5,0.125,7,7,CACTTAATGGACCGTGCACT,0,2285463
mcbAp5,0.125,7,7,CACTGTAGGGTCCAGAGTTA,0,2283277
mcbAp5,0.125,7,7,CACTGGGCGGGTCAAGGGCA,0,2270295
mcbAp5,0.125,7,7,CACTAATGTGACGGTCACTT,0,2276671
mcbAp5,0.125,7,7,CACGTTCTCGACAATAATAT,0,2283218
mcbAp5,0.125,7,7,CACGTGCCTCTCGTGACGCA,0,2278476
mcbAp5,0.125,7,7,CACGTGACCATCTATTAGTA,0,2262980
mcbAp5,0.125,7,7,CACGCGGACATCCATAACAT,0,2272876
mcbAp5,0.125,7,7,CACCTCTCGCGTGGAGCCCC,0,2309950
mcbAp5,0.125,7,7,CACCTAGTACGAGTTATTAT,0,2291035
mcbAp5,0.125,7,7,CACCGGGTCGGTACACGCCG,0,2306775
mcbAp5,0.125,7,7,CACCCTTGCGGCAGGAAAAT,0,2278914
mcbAp5,0.125,7,7,CACATCCGGCGTTGATCCAA,0,2266296
mcbAp5,0.125,7,7,CACACCTACTTCTGTCAGTC,0,2263586
mcbAp5,0.125,7,7,CACACAACCCCGGCCCAGTA,0,2282842
mcbAp5,0.125,7,7,CAATTAATTTAGAAGTATGT,0,2298761
mcbAp5,0.125,7,7,CAATGTACAGCTCGCTCGGT,0,2273795
mcbAp5,0.125,7,7,CAATGGCAACTTTCAGGTCG,0,2271830
mcbAp5,0.125,7,7,CAATAGGCCGAGGGGGATTG,0,2306210
mcbAp5,0.125,7,7,CAAGTTTAATGTATTTTCTC,0,2287533
mcbAp5,0.125,7,7,CAAGTTCTCCTTAGAAGGCT,0,2294624
mcbAp5,0.125,7,7,CAAGTCATCGGGGCTAGCAA,0,2293757
mcbAp5,0.125,7,7,CAAGTAGGAGTATCAGGCTA,0,2294352
mcbAp5,0.125,7,7,CAAGGTGGCCCTTTGATACA,0,2310027
mcbAp5,0.125,7,7,CAAGGTATCCAGGCTGCGCC,0,2275015
mcbAp5,0.125,7,7,CAAGGGCGCGGTCGGAAGCA,0,2286515
mcbAp5,0.125,7,7,CAAGCGGGGCTCGCCATTTG,0,2274931
mcbAp5,0.125,7,7,CAACCGCTCTAACCTACAGT,0,2304768
mcbAp5,0.125,7,7,CAACAGGGCGCCAGAGACGC,0,2314605
mcbAp5,0.125,7,7,CAACACTACACTAACTGAGG,0,2288001
mcbAp5,0.125,7,7,CAAATGCTTCTGCACGTTCC,0,2277359
mcbAp5,0.125,7,7,CAAATACGGGACTCTCGATG,0,2288966
mcbAp5,0.125,7,7,CAAACGTACTATCCTGCGAC,0,2309135
mcbAp5,0.125,7,7,CAAAAAGTAGGATTCCCCGG,0,2295220
mcbAp5,0.125,7,7,ATTTTGAGCTTTCAACAGGC,0,2284777
mcbAp5,0.125,7,7,ATTTGGCTAGTGATAGTTGA,0,2290198
mcbAp5,0.125,7,7,ATTTATACTGTCGAGGGTCT,0,2295866
mcbAp5,0.125,7,7,ATTGGTATATTTTTTTCAAC,0,2296145
mcbAp5,0.125,7,7,ATTGGCCATACCTATATTTC,0,2304855
mcbAp5,0.125,7,7,ATTGCGCAAGTATACAGAAA,0,2274906
mcbAp5,0.125,7,7,ATTGAACCGAATTGCGTAGT,0,2284075
mcbAp5,0.125,7,7,ATTCCGTTTCTAGAGGGGAT,0,2265258
mcbAp5,0.125,7,7,ATTATGCGCAACACGTGAGC,0,2262910
mcbAp5,0.125,7,7,ATTAGGTGGCTTTGCGTCTG,0,2267827
mcbAp5,0.125,7,7,ATTAATAACAGGGCAGCTGT,0,2269000
mcbAp5,0.125,7,7,ATTAACTTCGGTTGTTGATG,0,2295794
mcbAp5,0.125,7,7,ATGTCCTCCTCACCCGTGGA,0,2297416
mcbAp5,0.125,7,7,ATGGGTCTGCAAGTTATCGT,0,2263404
mcbAp5,0.125,7,7,ATGGGGAAAATGTATCGGTT,0,2270851
mcbAp5,0.125,7,7,ATGCTGCGGGGAACATGGTA,0,2278871
mcbAp5,0.125,7,7,ATGCCCCGTAATGGCCACGT,0,2279571
mcbAp5,0.125,7,7,ATGCAAAGTTGCTCGGGTCT,0,2291026
mcbAp5,0.125,7,7,ATGAGCTTAAATATAATTAA,0,2288922
mcbAp5,0.125,7,7,ATGACCGGGCCTTAGGGCAG,0,2283909
mcbAp5,0.125,7,7,ATGAAAGATGCCCATCTCGG,0,2284605
mcbAp5,0.125,7,7,ATGAAAAGAATCGAGATGTA,0,2299780
mcbAp5,0.125,7,7,ATCTTTGATCACTAAGAGTA,0,2280659
mcbAp5,0.125,7,7,ATCTACGCACGGAAAACAGC,0,2273828
mcbAp5,0.125,7,7,ATCGGGATTTATATGGCTCG,0,2296418
mcbAp5,0.125,7,7,ATCGCATGGATATTTAGAAA,0,2302497
mcbAp5,0.125,7,7,ATCCGATTGATGTCTCCCAC,0,2274345
mcbAp5,0.125,7,7,ATCCGAGTTAAGTTAGATAG,0,2286540
mcbAp5,0.125,7,7,ATCCAGGCCGCCCGGCTTTA,0,2291534
mcbAp5,0.125,7,7,ATCAGTCAAAGTTTTCCCAG,0,2283129
mcbAp5,0.125,7,7,ATCAGTAACGGCAGGGGCGT,0,2292460
mcbAp5,0.125,7,7,ATCAAACGGATTGTCGTAGT,0,2307469
mcbAp5,0.125,7,7,ATATTGAAGAGAGCTTAGAT,0,2271906
mcbAp5,0.125,7,7,ATATGGCGGTCCTTAGGGTA,0,2262803
mcbAp5,0.125,7,7,ATATGCACGTATATGCATCA,0,2298900
mcbAp5,0.125,7,7,ATATGATTCCCTTTATCAGA,0,2316034
mcbAp5,0.125,7,7,ATATGACAGTCACCAAATGG,0,2305505
mcbAp5,0.125,7,7,ATAGGGGGGTGGTGCAACGT,0,2311938
mcbAp5,0.125,7,7,ATAGCAGGTCATAACGGTGT,0,2311811
mcbAp5,0.125,7,7,ATAGATCCAAAACGCTACAG,0,2290842
mcbAp5,0.125,7,7,ATAGAGATCGCATTTCTCTG,0,2271754
mcbAp5,0.125,7,7,ATACTACCCGCCCGGATGGG,0,2264280
mcbAp5,0.125,7,7,ATACTAACAGGCCGGCTAAT,0,2270356
mcbAp5,0.125,7,7,ATACGGCTGTCATATGCTAG,0,2262043
mcbAp5,0.125,7,7,ATACATCGGTGCTGGTGGAC,0,2312953
mcbAp5,0.125,7,7,ATACACAGCGCACGTACAAA,0,2309139
mcbAp5,0.125,7,7,ATAATAAGATTTGCCCATGT,0,2299530
mcbAp5,0.125,7,7,ATAAAGGTCCATGAAATTCC,0,2291170
mcbAp5,0.125,7,7,AGTTGTTAGACAAGCAGCGC,0,2289251
mcbAp5,0.125,7,7,AGTTCTCATGCTGGACTCTG,0,2294468
mcbAp5,0.125,7,7,AGTTAAGACGCTAGGGCCGT,0,2266371
mcbAp5,0.125,7,7,AGTGTTTCCCGTCCCTGTCA,0,2275335
mcbAp5,0.125,7,7,AGTGTAGCTGACTACTGTGC,0,2279122
mcbAp5,0.125,7,7,AGTGGGCATTGGCTAGATGC,0,2269079
mcbAp5,0.125,7,7,AGTGGAGCTTGACCAAATTA,0,2271135
mcbAp5,0.125,7,7,AGTCTGGCACCGATTCGAAC,0,2283715
mcbAp5,0.125,7,7,AGTCGTAGCACAGGCAATCA,0,2300834
mcbAp5,0.125,7,7,AGTAGTCCTTACTGCAGGCC,0,2273797
mcbAp5,0.125,7,7,AGTAGCCGTGTAGGGAGTTT,0,2299680
mcbAp5,0.125,7,7,AGTAGCATAGGCTCTACACC,0,2307625
mcbAp5,0.125,7,7,AGTACAAAATTTTGATGGAA,0,2309127
mcbAp5,0.125,7,7,AGGTTGCGTTCCTGCCGCTC,0,2269077
mcbAp5,0.125,7,7,AGGTTCAAGTGAAACGATAC,0,2261443
mcbAp5,0.125,7,7,AGGTCGTTACCGGGATGGTA,0,2281905
mcbAp5,0.125,7,7,AGGGTGGCAACCCGTGGCAG,0,2261961
mcbAp5,0.125,7,7,AGGGTAGTGTTTGGGTAACG,0,2265400
mcbAp5,0.125,7,7,AGGGCCACCGACGTTTTCAA,0,2285784
mcbAp5,0.125,7,7,AGGGCACATCATTCGCGTAA,0,2301655
mcbAp5,0.125,7,7,AGGGAGCACTTTTTAATTGA,0,2262823
mcbAp5,0.125,7,7,AGGGACGCGTGAACGTTGCT,0,2315967
mcbAp5,0.125,7,7,AGGCGTCATCCACATGACGC,0,2266876
mcbAp5,0.125,7,7,AGGCGGAGAGAGCGGGGCTC,0,2312807
mcbAp5,0.125,7,7,AGGCCTTCGGTACTATGAAC,0,2267229
mcbAp5,0.125,7,7,AGGCCTCCACGCAGCCCTGG,0,2301558
mcbAp5,0.125,7,7,AGGCCCTCCAGGACGCGGAT,0,2307856
mcbAp5,0.125,7,7,AGGCCAACAGAAACCTAGTG,0,2294455
mcbAp5,0.125,7,7,AGGATGCGACTCTGAACATT,0,2291676
mcbAp5,0.125,7,7,AGGAGTCAGAGTTCGGACTA,0,2281768
mcbAp5,0.125,7,7,AGGACGGCTGCTTAAGAGTA,0,2304692
mcbAp5,0.125,7,7,AGCTTGCGTCCCTTCATATC,0,2302997
mcbAp5,0.125,7,7,AGCTGGTATGCGAATTTAAT,0,2273106
mcbAp5,0.125,7,7,AGCTCACGTGGTCTCGCCCA,0,2281707
mcbAp5,0.125,7,7,AGCTATATCCTTTCATCATG,0,2280630
mcbAp5,0.125,7,7,AGCGTTATGGTATAATACCA,0,2280447
mcbAp5,0.125,7,7,AGCGCTGCAAATTATTAAGC,0,2266479
mcbAp5,0.125,7,7,AGCGCGTTTCTCACCACGGA,0,2266159
mcbAp5,0.125,7,7,AGCGATTGGGGTCTGTAACG,0,2263443
mcbAp5,0.125,7,7,AGCGATACAACTTTACTTCC,0,2286940
mcbAp5,0.125,7,7,AGCGAGGTTAAAACAACGAG,0,2308982
mcbAp5,0.125,7,7,AGCGAACTACCGCTCGCATT,0,2298489
mcbAp5,0.125,7,7,AGCCTTTCACAGTAGCCTTG,0,2270836
mcbAp5,0.125,7,7,AGCCTACGTAGATCGTCGTG,0,2285566
mcbAp5,0.125,7,7,AGCCACGCGCGTGGGGGTCT,0,2304720
mcbAp5,0.125,7,7,AGCATTCAAATCGGTGTTAA,0,2302213
mcbAp5,0.125,7,7,AGAGTTTCATCCAGATTGAT,0,2281415
mcbAp5,0.125,7,7,AGAGTGTCACTGCTTGGATC,0,2271750
mcbAp5,0.125,7,7,AGAGCCTAGCTGACTCCGCT,0,2280910
mcbAp5,0.125,7,7,AGACGAGTCAACGTCAACGT,0,2313874
mcbAp5,0.125,7,7,AGACAAATGAGATGGGGTGA,0,2276055
mcbAp5,0.125,7,7,AGAATCCTCGGATTATCAGG,0,2271880
mcbAp5,0.125,7,7,ACTTGCCCTCCGAAGGACTA,0,2312472
mcbAp5,0.125,7,7,ACTTCTCTTTTTCCACGAGT,0,2291917
mcbAp5,0.125,7,7,ACTGTCAATTGGGACCGGTA,0,2288112
mcbAp5,0.125,7,7,ACTGTATCCGGCTTCTATTC,0,2307890
mcbAp5,0.125,7,7,ACTGGCGACGCACTGTTTAT,0,2290236
mcbAp5,0.125,7,7,ACTGCAAACTGGAGGGTGGA,0,2269738
mcbAp5,0.125,7,7,ACTAGCAAACTACTGTTAAT,0,2284429
mcbAp5,0.125,7,7,ACTAATCAATGTAACAGCTG,0,2293671
mcbAp5,0.125,7,7,ACGTAGGGAGCTCCCAGTAA,0,2287898
mcbAp5,0.125,7,7,ACGGGGATGCCCTCTGCTGT,0,2308181
mcbAp5,0.125,7,7,ACGGAGACGGTCTTTTGTAT,0,2291357
mcbAp5,0.125,7,7,ACGCTAGCCTGGAGAGCTGA,0,2276697
mcbAp5,0.125,7,7,ACGCGTCGCTGACCAATAGC,0,2279698
mcbAp5,0.125,7,7,ACGCACCCGCCGTAGAGAAC,0,2282611
mcbAp5,0.125,7,7,ACGCAATTTCATCTGGAAAA,0,2309993
mcbAp5,0.125,7,7,ACGATCGGCGTCGTCGTGGG,0,2292067
mcbAp5,0.125,7,7,ACGATATACCAACCGAAGGT,0,2265786
mcbAp5,0.125,7,7,ACGAGTAGCGTTTCGCGTGG,0,2280864
mcbAp5,0.125,7,7,ACGAGATTACGCGCGCAGAT,0,2281397
mcbAp5,0.125,7,7,ACGACCTTATTGACGGTCTT,0,2265894
mcbAp5,0.125,7,7,ACGAAGCGACCCTTTTTAAT,0,2268263
mcbAp5,0.125,7,7,ACCTCCGATACATCCTGTTA,0,2314919
mcbAp5,0.125,7,7,ACCTCCATCTACGTGTTGGG,0,2288965
mcbAp5,0.125,7,7,ACCTAACGCCGTCCTGCTTT,0,2292576
mcbAp5,0.125,7,7,ACCGGTGAAATACATGGAAT,0,2285297
mcbAp5,0.125,7,7,ACCGGTATCGTCGGATCGAC,0,2300608
mcbAp5,0.125,7,7,ACCGGGAACGATGGCTCCTC,0,2300115
mcbAp5,0.125,7,7,ACCGACATGATCCAATTGTA,0,2265757
mcbAp5,0.125,7,7,ACCCTCGCGGGTGAATTGCA,0,2282077
mcbAp5,0.125,7,7,ACCCTATACAAAGAGGTCGG,0,2266575
mcbAp5,0.125,7,7,ACCCTAGTTAAATGATGATA,0,2310412
mcbAp5,0.125,7,7,ACCCGTGGGATGACTTTAAT,0,2288305
mcbAp5,0.125,7,7,ACCAGTCGAGAGATCGCGCT,0,2266374
mcbAp5,0.125,7,7,ACCAGAAGACAAGACGACTT,0,2261233
mcbAp5,0.125,7,7,ACCACAAGGTAGCCAAGGCT,0,2305507
mcbAp5,0.125,7,7,ACATGACGCTCAGCAATTGG,0,2278926
mcbAp5,0.125,7,7,ACATCCTTTCGTATTGCCCA,0,2280035
mcbAp5,0.125,7,7,ACATACAGTAAACCTATCCG,0,2274590
mcbAp5,0.125,7,7,ACAGGCTCTTACAATTTCGG,0,2299158
mcbAp5,0.125,7,7,ACAGACAGTAGGTGTATTTA,0,2282800
mcbAp5,0.125,7,7,ACACCTACCGGGCATCTGGT,0,2268364
mcbAp5,0.125,7,7,ACACCAAAATGTAGATGTGG,0,2275757
mcbAp5,0.125,7,7,ACACATTTCCGTACGATCCT,0,2291932
mcbAp5,0.125,7,7,ACACACCTCTCGATTTTACT,0,2309035
mcbAp5,0.125,7,7,ACAATCAGTGCCGCAACCTA,0,2297087
mcbAp5,0.125,7,7,ACAATATTCTAAACGGGTCT,0,2283906
mcbAp5,0.125,7,7,ACAAGATAATGTTTTTGCCT,0,2268231
mcbAp5,0.125,7,7,ACAACTCTCACTTACGGCTT,0,2262517
mcbAp5,0.125,7,7,AATTTCGGGGTTAGAATACG,0,2267750
mcbAp5,0.125,7,7,AATTGGGCGTGAACAACAGG,0,2275399
mcbAp5,0.125,7,7,AATTCGTCCCCTGTAACGTG,0,2278374
mcbAp5,0.125,7,7,AATTACCGTTTACGTTTAGA,0,2273457
mcbAp5,0.125,7,7,AATGTAATTTATTGAAATGG,0,2270708
mcbAp5,0.125,7,7,AATGGGGTGCTCCACTGAGG,0,2300119
mcbAp5,0.125,7,7,AATGGATCATCTCCAAGCGT,0,2266069
mcbAp5,0.125,7,7,AATGGAAATAGCTATTGCCC,0,2273208
mcbAp5,0.125,7,7,AATGACACTTACGAAGCACA,0,2286094
mcbAp5,0.125,7,7,AATCTGCTGTCTTCCTTGTT,0,2284770
mcbAp5,0.125,7,7,AATCAGATGTTTAACGTTCG,0,2290206
mcbAp5,0.125,7,7,AATAGTCGAACGAAGGCTTA,0,2306138
mcbAp5,0.125,7,7,AATACTTAGCGACCTAACCC,0,2273255
mcbAp5,0.125,7,7,AATAATTCGCAATCGGGACA,0,2305966
mcbAp5,0.125,7,7,AAGTCATCAGTTAAGGTTCG,0,2300783
mcbAp5,0.125,7,7,AAGTATATTAAGTGCGATGG,0,2283653
mcbAp5,0.125,7,7,AAGGGTTCTTTGCTGACGAC,0,2310728
mcbAp5,0.125,7,7,AAGGGCCGGACTCTTCGAGG,0,2306494
mcbAp5,0.125,7,7,AAGGCATTCTTGCAGAAAAC,0,2262601
mcbAp5,0.125,7,7,AAGGAGTGTTTGGCGGATAC,0,2270558
mcbAp5,0.125,7,7,AAGGAGGCGTCCCACCCTTT,0,2278969
mcbAp5,0.125,7,7,AAGCGATGAACATGATCAAC,0,2308409
mcbAp5,0.125,7,7,AAGCATAGTAGTCGATGCAG,0,2290841
mcbAp5,0.125,7,7,AAGCATACTTGGCAATTCTC,0,2292406
mcbAp5,0.125,7,7,AAGCAGAATGGGAGCGCGGG,0,2307114
mcbAp5,0.125,7,7,AAGAGAACCACCTGCCACAT,0,2276450
mcbAp5,0.125,7,7,AAGAACCCCATTAGTCGAGT,0,2288002
mcbAp5,0.125,7,7,AAGAAATGTGCTTACATGCC,0,2266131
mcbAp5,0.125,7,7,AACTGCCCACGTGATTCCGA,0,2282822
mcbAp5,0.125,7,7,AACTGAGGAATATTATTCCA,0,2300996
mcbAp5,0.125,7,7,AACGTGGTTGAACCGGTAGG,0,2298514
mcbAp5,0.125,7,7,AACGGCTCAGTCGGTCGAAT,0,2273359
mcbAp5,0.125,7,7,AAATGTCTGTTTAAGCAATT,0,2296293
mcbAp5,0.125,7,7,AAATGACTTTAAGTCCGGGA,0,2269016
mcbAp5,0.125,7,7,AAATCTCGAACATCGTCGGC,0,2301903
mcbAp5,0.125,7,7,AAATAGCCGCCACAGGATGA,0,2281745
mcbAp5,0.125,7,7,AAATAATCAGGTTAGATCTT,0,2306736
mcbAp5,0.125,7,7,AAAGTTGGGTATGCAGTCAA,0,2277300
mcbAp5,0.125,7,7,AAAGTTCGAAATCTACCAGA,0,2305736
mcbAp5,0.125,7,7,AAAGTCTCAGCGATTTCAAC,0,2272410
mcbAp5,0.125,7,7,AAAGTCCAAGATAATAATTG,0,2272312
mcbAp5,0.125,7,7,AAAGCGGATACGGACTGACA,0,2289051
mcbAp5,0.125,7,7,AAAGCCCCATAGGGGATCGA,0,2262987
mcbAp5,0.125,7,7,AAAGAGAAGTTCGACCCTCG,0,2269253
mcbAp5,0.125,7,7,AAACCTTCCAATTGGTAACA,0,2302423
mcbAp5,0.125,7,7,AAACACCACCGGGAGGGAAG,0,2297932
mcbAp5,0.125,7,7,AAAATAACAGAGTCTTTCGC,0,2278742
mcbAp5,0.125,7,7,AAAAGTCGCAGTTTTGAAGT,0,2271797
mcbAp5,0.125,7,7,AAAACGGCAGCGTGATCATC,0,2286079
mcbAp5,0.14285714285714285,6,6,TTTTATTCCTGCGACGTTTC,0,2277310
mcbAp5,0.14285714285714285,6,6,TTTTATCATTCGGAATACGA,0,2307493
mcbAp5,0.14285714285714285,6,6,TTTTACTATTTGGAATCATG,0,2308360
mcbAp5,0.14285714285714285,6,6,TTTTAAGCCTGCAAACAATG,0,2308101
mcbAp5,0.14285714285714285,6,6,TTTGTGTGCATTAAGCTTAG,0,2296845
mcbAp5,0.14285714285714285,6,6,TTTGGTACAACTACTTTTAG,0,2281083
mcbAp5,0.14285714285714285,6,6,TTTGGAAGTGAGCCAACTAA,0,2289028
mcbAp5,0.14285714285714285,6,6,TTTGCTATCCGAACAAGCAA,0,2312931
mcbAp5,0.14285714285714285,6,6,TTTGCGTTGGACGGCCCCTT,0,2309588
mcbAp5,0.14285714285714285,6,6,TTTGCCACGGCGGACTGGAC,0,2280448
mcbAp5,0.14285714285714285,6,6,TTTGAAACTGACGGGTCCGC,0,2312022
mcbAp5,0.14285714285714285,6,6,TTTCTTTCCAGCCAAACTTC,0,2284846
mcbAp5,0.14285714285714285,6,6,TTTCGTGTCATGGGACTTCC,0,2302804
mcbAp5,0.14285714285714285,6,6,TTTCGGGTCGCAGCGTTGAT,0,2281202
mcbAp5,0.14285714285714285,6,6,TTTCCTTTCATAATTAAGTA,0,2316367
mcbAp5,0.14285714285714285,6,6,TTTCCAGCCATGATCTTAGT,0,2268095
mcbAp5,0.14285714285714285,6,6,TTTCAGCCAGGCCCCACTCA,0,2299021
mcbAp5,0.14285714285714285,6,6,TTTATTTGTTTGAGCACATC,0,2262128
mcbAp5,0.14285714285714285,6,6,TTTATTCGTCCTACGGGCGT,0,2296124
mcbAp5,0.14285714285714285,6,6,TTTATGTCCCGGGAACTGTT,0,2275159
mcbAp5,0.14285714285714285,6,6,TTTACTGGCGAACCACCGCG,0,2282683
mcbAp5,0.14285714285714285,6,6,TTTACAAGTTTAGCCGTGAC,0,2289211
mcbAp5,0.14285714285714285,6,6,TTGTGTCGCGCTATCAAAGA,0,2289357
mcbAp5,0.14285714285714285,6,6,TTGTGTAAAGGTTCTATACA,0,2289787
mcbAp5,0.14285714285714285,6,6,TTGTGACCCTCAACATGACG,0,2296086
mcbAp5,0.14285714285714285,6,6,TTGTCAAATCGGACTTATTG,0,2281204
mcbAp5,0.14285714285714285,6,6,TTGTAGAATCTGATTGCCGG,0,2287702
mcbAp5,0.14285714285714285,6,6,TTGGAGTGCAAGTTTGGGGA,0,2294783
mcbAp5,0.14285714285714285,6,6,TTGCTGCCAAAACACCGGCA,0,2309414
mcbAp5,0.14285714285714285,6,6,TTGCCTTGCTCGCGCTCTCT,0,2300189
mcbAp5,0.14285714285714285,6,6,TTGCAGAGCCGTTGGCTGGT,0,2283529
mcbAp5,0.14285714285714285,6,6,TTGCACTGCGCTAGTTAAGC,0,2277423
mcbAp5,0.14285714285714285,6,6,TTGCAATATGTAACATATGC,0,2312865
mcbAp5,0.14285714285714285,6,6,TTGATGCAGGGTGGTGTCTC,0,2288411
mcbAp5,0.14285714285714285,6,6,TTGACTTGTTACATGGGCGC,0,2274525
mcbAp5,0.14285714285714285,6,6,TTGACAAGCCGGGTTTATCT,0,2262946
mcbAp5,0.14285714285714285,6,6,TTGAATCTTAAAAAAAGCAT,0,2303615
mcbAp5,0.14285714285714285,6,6,TTGAACTCCGGTCACCTGCA,0,2268837
mcbAp5,0.14285714285714285,6,6,TTCTTGTAGTAGGATAACTC,0,2273409
mcbAp5,0.14285714285714285,6,6,TTCTTGGCCAGTATATGGAC,0,2261765
mcbAp5,0.14285714285714285,6,6,TTCTTAACTACTATGCCCCG,0,2312245
mcbAp5,0.14285714285714285,6,6,TTCTAACTGTGTATTGTTAT,0,2288488
mcbAp5,0.14285714285714285,6,6,TTCGTTGAGTTTATTAGATG,0,2292366
mcbAp5,0.14285714285714285,6,6,TTCGTGAACCACCGGTACTG,0,2288731
mcbAp5,0.14285714285714285,6,6,TTCGTCAGAGCCCTTCCCAA,0,2301029
mcbAp5,0.14285714285714285,6,6,TTCGGTTGACCCACGACGAG,0,2311346
mcbAp5,0.14285714285714285,6,6,TTCGGCACGGGCCACGTGCA,0,2276379
mcbAp5,0.14285714285714285,6,6,TTCGCGCCCACTATCCTTCG,0,2302382
mcbAp5,0.14285714285714285,6,6,TTCCTTTTACAGGCTCAAGT,0,2313062
mcbAp5,0.14285714285714285,6,6,TTCCGGTAGGGATGAGGCCC,0,2272391
mcbAp5,0.14285714285714285,6,6,TTCCGATCTGTGGACGTCTA,0,2309747
mcbAp5,0.14285714285714285,6,6,TTCATCCGCTCCGAGCGCAG,0,2303134
mcbAp5,0.14285714285714285,6,6,TTCACGCTGATTTTGATTAG,0,2273776
mcbAp5,0.14285714285714285,6,6,TTATGCGGCAGGACTCCGCC,0,2299828
mcbAp5,0.14285714285714285,6,6,TTATATACCCAGCGCGACTA,0,2267132
mcbAp5,0.14285714285714285,6,6,TTAGTGGTCGTAAACGGACT,0,2279000
mcbAp5,0.14285714285714285,6,6,TTACGGCGATGGTAATCTAG,0,2297882
mcbAp5,0.14285714285714285,6,6,TTACCTGACGTGGTGGCTAA,0,2302817
mcbAp5,0.14285714285714285,6,6,TTACCATGTATGCTGTGCGA,0,2270410
mcbAp5,0.14285714285714285,6,6,TTAATCTTGTCAGCGGGACA,0,2267053
mcbAp5,0.14285714285714285,6,6,TTAAGTTCATCGACAGGACT,0,2300847
mcbAp5,0.14285714285714285,6,6,TTAACATAACTCCTCGAATC,0,2281638
mcbAp5,0.14285714285714285,6,6,TTAACAACGCTCACTCTGAC,0,2291922
mcbAp5,0.14285714285714285,6,6,TGTTGGTCTGGCGCATCCGG,0,2304731
mcbAp5,0.14285714285714285,6,6,TGTTGAACCGGTCCAAGTCT,0,2268132
mcbAp5,0.14285714285714285,6,6,TGTTCCGTCCGGCCGAACGC,0,2305234
mcbAp5,0.14285714285714285,6,6,TGTTAGACAGCACGGGTCAA,0,2273279
mcbAp5,0.14285714285714285,6,6,TGTGTCCTATTCCATTGGGG,0,2284031
mcbAp5,0.14285714285714285,6,6,TGTGGTGCCTCGGGATCGTC,0,2315168
mcbAp5,0.14285714285714285,6,6,TGTGCGCAAAATGCTCGATA,0,2311695
mcbAp5,0.14285714285714285,6,6,TGTGATATTGGCCAAAAAAG,0,2294652
mcbAp5,0.14285714285714285,6,6,TGTGACATGGACAGATGTTA,0,2284216
mcbAp5,0.14285714285714285,6,6,TGTCTATCATTAGAATGAAA,0,2285290
mcbAp5,0.14285714285714285,6,6,TGTCGTTATCTTTTCTCTCG,0,2266366
mcbAp5,0.14285714285714285,6,6,TGTCGGTCGATAGGAGTGGA,0,2262834
mcbAp5,0.14285714285714285,6,6,TGTCAGAGTGCAATTGGAAA,0,2309357
mcbAp5,0.14285714285714285,6,6,TGTAGGTTAACATAAAATCG,0,2283911
mcbAp5,0.14285714285714285,6,6,TGTAGAAGTCCGCTTCGCTA,0,2305883
mcbAp5,0.14285714285714285,6,6,TGTACAAAATCGGACGCAGC,0,2278677
mcbAp5,0.14285714285714285,6,6,TGGTGGTTAACAGTAAGCAT,0,2296564
mcbAp5,0.14285714285714285,6,6,TGGTCCCGTTACATAATCAG,0,2283694
mcbAp5,0.14285714285714285,6,6,TGGTAGGATCACAACGGGTA,0,2308821
mcbAp5,0.14285714285714285,6,6,TGGGTTTCGGCGGGGAGCTC,0,2266569
mcbAp5,0.14285714285714285,6,6,TGGGCCTTTCAACGACGGCG,0,2287868
mcbAp5,0.14285714285714285,6,6,TGGGCATAGGATCACGCAGG,0,2302992
mcbAp5,0.14285714285714285,6,6,TGGGATAACCCTCCGACATG,0,2306265
mcbAp5,0.14285714285714285,6,6,TGGCTGCGCCGCTAGTTAAT,0,2277707
mcbAp5,0.14285714285714285,6,6,TGGCTCAGGTGGAGCTCTCT,0,2264578
mcbAp5,0.14285714285714285,6,6,TGGCTACCCATTTGTACCAG,0,2305403
mcbAp5,0.14285714285714285,6,6,TGGCGATTAGCATCGACGGT,0,2304890
mcbAp5,0.14285714285714285,6,6,TGGCAAGCTTCTGTACGGGT,0,2288923
mcbAp5,0.14285714285714285,6,6,TGGATGTAATAGGAAGTGTA,0,2273150
mcbAp5,0.14285714285714285,6,6,TGGAGGACAGGTTATACCTT,0,2308298
mcbAp5,0.14285714285714285,6,6,TGGACCCTCCTGAATAAAAC,0,2313966
mcbAp5,0.14285714285714285,6,6,TGGACCCCTGCGACGGGGGA,0,2315792
mcbAp5,0.14285714285714285,6,6,TGCTTCTACTTCAATAATTT,0,2266939
mcbAp5,0.14285714285714285,6,6,TGCTTCGCTTGCATAGACAA,0,2287534
mcbAp5,0.14285714285714285,6,6,TGCTTATTAAGGTACCGGAC,0,2293815
mcbAp5,0.14285714285714285,6,6,TGCTGGAACATTGGCAACGG,0,2313889
mcbAp5,0.14285714285714285,6,6,TGCTAGCGTTCGTGTACAGG,0,2263767
mcbAp5,0.14285714285714285,6,6,TGCGTGTGGCGAGCCGTTCA,0,2266868
mcbAp5,0.14285714285714285,6,6,TGCGGTTTTCAACTGCCTCA,0,2303978
mcbAp5,0.14285714285714285,6,6,TGCGGCAATGAGCAGAGGAC,0,2287603
mcbAp5,0.14285714285714285,6,6,TGCGAGTTCTGCAGGCCGGT,0,2281697
mcbAp5,0.14285714285714285,6,6,TGCATTTGCTAAGTAATACA,0,2272627
mcbAp5,0.14285714285714285,6,6,TGCACACAAAGGAGTGAGGG,0,2298607
mcbAp5,0.14285714285714285,6,6,TGATTGGCGTTTTCTTGAGC,0,2304422
mcbAp5,0.14285714285714285,6,6,TGATCGGCGACGGTTTTGGA,0,2297228
mcbAp5,0.14285714285714285,6,6,TGATCCCAGTGATACAAGTT,0,2262230
mcbAp5,0.14285714285714285,6,6,TGAGTTCATCAGTTAGTATG,0,2262583
mcbAp5,0.14285714285714285,6,6,TGAGTGTATCTTACGTAGTA,0,2281076
mcbAp5,0.14285714285714285,6,6,TGACGGAACCTATTACCCGG,0,2296875
mcbAp5,0.14285714285714285,6,6,TGACCAGTGAATATGGAGGA,0,2294435
mcbAp5,0.14285714285714285,6,6,TGAATTCCTCGACTCGCAGC,0,2305834
mcbAp5,0.14285714285714285,6,6,TGAAGTCTCACATAGCGGAA,0,2272823
mcbAp5,0.14285714285714285,6,6,TCTTTAACTCGCTACTGGGT,0,2282029
mcbAp5,0.14285714285714285,6,6,TCTTCTGCATCGAAAAGATG,0,2314140
mcbAp5,0.14285714285714285,6,6,TCTGTCGTCCTCGAAAGCTC,0,2296773
mcbAp5,0.14285714285714285,6,6,TCTGTCGCCTATCGGATTAC,0,2262779
mcbAp5,0.14285714285714285,6,6,TCTGTACGCTGACCATATTC,0,2269191
mcbAp5,0.14285714285714285,6,6,TCTCGGGGTGGGCTATACAT,0,2315688
mcbAp5,0.14285714285714285,6,6,TCTAGGGTTTAAGCCGTGCG,0,2306308
mcbAp5,0.14285714285714285,6,6,TCTAGGCCTCTATTGGAAGA,0,2272418
mcbAp5,0.14285714285714285,6,6,TCGTTTTACGCTGGCATGGT,0,2281734
mcbAp5,0.14285714285714285,6,6,TCGTGCGGTGAGTCGTAACA,0,2303110
mcbAp5,0.14285714285714285,6,6,TCGTCGGTATGGAGTTCGAT,0,2264000
mcbAp5,0.14285714285714285,6,6,TCGGTGAGCTAAACGTGTAT,0,2280726
mcbAp5,0.14285714285714285,6,6,TCGGTATTACGATAGCTCCA,0,2301511
mcbAp5,0.14285714285714285,6,6,TCGGTATATGGCGCTACTGA,0,2272136
mcbAp5,0.14285714285714285,6,6,TCGCTGATCTTCAGTACTGC,0,2280564
mcbAp5,0.14285714285714285,6,6,TCGCCTTGATCGTAGACAGA,0,2272322
mcbAp5,0.14285714285714285,6,6,TCGCCGGATACACCGCGTCA,0,2299494
mcbAp5,0.14285714285714285,6,6,TCGCATTCAGTGAGGTATCA,0,2296717
mcbAp5,0.14285714285714285,6,6,TCGCAAACGGATGCTCGGGC,0,2300622
mcbAp5,0.14285714285714285,6,6,TCGATGCGGGCGCCCCTTCG,0,2272379
mcbAp5,0.14285714285714285,6,6,TCGAGTGATGGTGCCGCTTG,0,2276686
mcbAp5,0.14285714285714285,6,6,TCGAAAGCGGTTCGCGCAAA,0,2289918
mcbAp5,0.14285714285714285,6,6,TCCTTGGCCAGTCGCAAGAG,0,2294243
mcbAp5,0.14285714285714285,6,6,TCCTGGACTTATTGACTATA,0,2287089
mcbAp5,0.14285714285714285,6,6,TCCTGATGACCTCGACCCCC,0,2310411
mcbAp5,0.14285714285714285,6,6,TCCTCTTCATAGATGGGATA,0,2306543
mcbAp5,0.14285714285714285,6,6,TCCTCTGGCGTCCGACTCTA,0,2315089
mcbAp5,0.14285714285714285,6,6,TCCTCAACTCTCTATTATGT,0,2270379
mcbAp5,0.14285714285714285,6,6,TCCGTTGGGGGCACACCCGT,0,2262383
mcbAp5,0.14285714285714285,6,6,TCCGTGACGACGGCTCGGAG,0,2311649
mcbAp5,0.14285714285714285,6,6,TCCCGGAAGCAAAGCCGTTT,0,2295491
mcbAp5,0.14285714285714285,6,6,TCCCGAAGGAGCCGACATCT,0,2268993
mcbAp5,0.14285714285714285,6,6,TCCCCTGCTAAACTAGACAT,0,2278526
mcbAp5,0.14285714285714285,6,6,TCCCCCGTGCAAACAGAACT,0,2283698
mcbAp5,0.14285714285714285,6,6,TCCCATTATCACTTCTGATT,0,2296823
mcbAp5,0.14285714285714285,6,6,TCCCAGGTGCCGATTTCGTG,0,2283797
mcbAp5,0.14285714285714285,6,6,TCCCAACAAATTCTTGCGTT,0,2268915
mcbAp5,0.14285714285714285,6,6,TCCATCTTTTTACGCATGTG,0,2287355
mcbAp5,0.14285714285714285,6,6,TCCATATGGAAGGCCGGTAC,0,2277981
mcbAp5,0.14285714285714285,6,6,TCCACCGCTCTAAGAGGCGA,0,2299265
mcbAp5,0.14285714285714285,6,6,TCCACACCGAGGAGCGGCTA,0,2267756
mcbAp5,0.14285714285714285,6,6,TCCACAAGGCTGACGAAGAT,0,2315421
mcbAp5,0.14285714285714285,6,6,TCCACAAATTGACGCGCCGC,0,2302101
mcbAp5,0.14285714285714285,6,6,TCCAAGGTCATACTAACGCA,0,2298759
mcbAp5,0.14285714285714285,6,6,TCCAACTGGGATCAACTCAA,0,2265139
mcbAp5,0.14285714285714285,6,6,TCCAAACTGTGGGCGCGAGT,0,2302262
mcbAp5,0.14285714285714285,6,6,TCATTAGTAATAAGCTAGGC,0,2306865
mcbAp5,0.14285714285714285,6,6,TCATTAGGGCGAGTTATTGC,0,2304024
mcbAp5,0.14285714285714285,6,6,TCATGGCCCGTCCGAGAAAT,0,2297914
mcbAp5,0.14285714285714285,6,6,TCATCTTCGGTAAGACTCAC,0,2268480
mcbAp5,0.14285714285714285,6,6,TCATCCACGGTACCGCAGAA,0,2264206
mcbAp5,0.14285714285714285,6,6,TCAGTTTCAGCTGTACTCAC,0,2303815
mcbAp5,0.14285714285714285,6,6,TCAGGTTCGCTAACCATAAT,0,2276068
mcbAp5,0.14285714285714285,6,6,TCACTGACATGGTAAGGGGC,0,2293892
mcbAp5,0.14285714285714285,6,6,TCAAGTGGCCCTCTGATCCA,0,2311530
mcbAp5,0.14285714285714285,6,6,TCAAGTAAGGCGGGATATTG,0,2287099
mcbAp5,0.14285714285714285,6,6,TCAAAAGGAGTCGCCAGAAA,0,2306637
mcbAp5,0.14285714285714285,6,6,TATTGCATGATGGGGTATCG,0,2308344
mcbAp5,0.14285714285714285,6,6,TATTGAATATGAACTCAGCG,0,2306403
mcbAp5,0.14285714285714285,6,6,TATTCATTCGCATTTGGAAA,0,2276119
mcbAp5,0.14285714285714285,6,6,TATTAGAACACGTACCTACT,0,2265185
mcbAp5,0.14285714285714285,6,6,TATGGTGACTACCATGTTGA,0,2301105
mcbAp5,0.14285714285714285,6,6,TATGCGCCGTTATCCGCAAC,0,2266170
mcbAp5,0.14285714285714285,6,6,TATGCCCTTATTGGTGCCGT,0,2268914
mcbAp5,0.14285714285714285,6,6,TATCGACTAGCAAACGCCCA,0,2309843
mcbAp5,0.14285714285714285,6,6,TATATTGACCATTTATGGTC,0,2308839
mcbAp5,0.14285714285714285,6,6,TATATCGACGGATCTAGGTT,0,2282348
mcbAp5,0.14285714285714285,6,6,TATACGTCAGGACTACGCTA,0,2291151
mcbAp5,0.14285714285714285,6,6,TATAATGGATGTTTCGTGCC,0,2277986
mcbAp5,0.14285714285714285,6,6,TATAAGGTTAGTGTCCAGTA,0,2282135
mcbAp5,0.14285714285714285,6,6,TAGTACTTGTGTGTGACAGT,0,2301681
mcbAp5,0.14285714285714285,6,6,TAGGTTCGGGAAGGCGATTC,0,2310304
mcbAp5,0.14285714285714285,6,6,TAGGTAACTGGAGCGTAGTG,0,2294401
mcbAp5,0.14285714285714285,6,6,TAGGGTCGTCAAACTGTCCT,0,2283683
mcbAp5,0.14285714285714285,6,6,TAGGGCGGAGTATTATGGTA,0,2261420
mcbAp5,0.14285714285714285,6,6,TAGCTCAGTGACGGGTATGG,0,2298393
mcbAp5,0.14285714285714285,6,6,TAGCGTAGTATGAAACTCTC,0,2315037
mcbAp5,0.14285714285714285,6,6,TAGCGCATGGACTGATCCGG,0,2307148
mcbAp5,0.14285714285714285,6,6,TACTTGAACTATTATGGCTC,0,2288388
mcbAp5,0.14285714285714285,6,6,TACTGTCTCTGATATTGTAC,0,2272269
mcbAp5,0.14285714285714285,6,6,TACTGGAGGGCCGTCGCCCA,0,2274376
mcbAp5,0.14285714285714285,6,6,TACTGCGCTGCATCTCTGTT,0,2265623
mcbAp5,0.14285714285714285,6,6,TACTGCAGGCGGTATGCGGC,0,2293663
mcbAp5,0.14285714285714285,6,6,TACTCTAGCATTGTCCATTA,0,2263057
mcbAp5,0.14285714285714285,6,6,TACTCGATGTTTTGGAGGGC,0,2305440
mcbAp5,0.14285714285714285,6,6,TACGTGCGTGACGTTATCAA,0,2300338
mcbAp5,0.14285714285714285,6,6,TACGTCCGTGGTGAACTACG,0,2314380
mcbAp5,0.14285714285714285,6,6,TACGCTCCTTCGGATGGAGC,0,2275306
mcbAp5,0.14285714285714285,6,6,TACGACTGCAATTTCGCCCA,0,2289371
mcbAp5,0.14285714285714285,6,6,TACGAAAACATTGCATGTCT,0,2286471
mcbAp5,0.14285714285714285,6,6,TACCTCCAGGCGTATTAGCA,0,2307032
mcbAp5,0.14285714285714285,6,6,TACCACGGTGTGGGTGTTCG,0,2288386
mcbAp5,0.14285714285714285,6,6,TACATTAAGCTTATGCCCGA,0,2263264
mcbAp5,0.14285714285714285,6,6,TACAGGAAAACTCTCTACTA,0,2268957
mcbAp5,0.14285714285714285,6,6,TACAGCGTTTGTCGGCGAAT,0,2293925
mcbAp5,0.14285714285714285,6,6,TACAAGTGAAGTTTAAAGAC,0,2267332
mcbAp5,0.14285714285714285,6,6,TAATTCACGCAACGTTACAA,0,2288490
mcbAp5,0.14285714285714285,6,6,TAAGTCTTATGCGGTTATCA,0,2297682
mcbAp5,0.14285714285714285,6,6,TAAGCGGATTATGGAGCCAT,0,2289696
mcbAp5,0.14285714285714285,6,6,TAACGACAGAGGAACCGCGC,0,2276904
mcbAp5,0.14285714285714285,6,6,TAAAGCCGATTGAGTGATGC,0,2275955
mcbAp5,0.14285714285714285,6,6,TAAACGAGAAGTCTACGGGC,0,2262058
mcbAp5,0.14285714285714285,6,6,GTTTCTCGAGTGCCTTGTCG,0,2284953
mcbAp5,0.14285714285714285,6,6,GTTTAGGTAGTAACGGTGTA,0,2305439
mcbAp5,0.14285714285714285,6,6,GTTTAGAGGACTCGCCGGAT,0,2292961
mcbAp5,0.14285714285714285,6,6,GTTGCCGTCAATACGCCAGT,0,2293163
mcbAp5,0.14285714285714285,6,6,GTTGAATGGACCGCGGAACG,0,2282080
mcbAp5,0.14285714285714285,6,6,GTTCGGTTACGTATGAAAGT,0,2301875
mcbAp5,0.14285714285714285,6,6,GTTCGCATCGGAGACAAGGG,0,2267260
mcbAp5,0.14285714285714285,6,6,GTTCGAAGAGACACCTCCGG,0,2285127
mcbAp5,0.14285714285714285,6,6,GTTCCCTCAAGGAATTTGTT,0,2268990
mcbAp5,0.14285714285714285,6,6,GTTCACGGCTTCCCGGAGGA,0,2290530
mcbAp5,0.14285714285714285,6,6,GTTCACCCCTGGGCTATTAC,0,2263145
mcbAp5,0.14285714285714285,6,6,GTTACCAGGGCTCAATGTGA,0,2267638
mcbAp5,0.14285714285714285,6,6,GTTAAACTGGGTTGGTGATT,0,2292262
mcbAp5,0.14285714285714285,6,6,GTGTTTTAGACTGATAGGGG,0,2308600
mcbAp5,0.14285714285714285,6,6,GTGTGTGACAAGTGCGCTCG,0,2294366
mcbAp5,0.14285714285714285,6,6,GTGTCTAACTCCGTTGGCTG,0,2302160
mcbAp5,0.14285714285714285,6,6,GTGTAGGTCTACGCACGAAG,0,2310617
mcbAp5,0.14285714285714285,6,6,GTGGGGTGGACCTTACGTTA,0,2284519
mcbAp5,0.14285714285714285,6,6,GTGGACGCCACTCGTAGTCA,0,2304481
mcbAp5,0.14285714285714285,6,6,GTGCTTCTCCATATACACTC,0,2280814
mcbAp5,0.14285714285714285,6,6,GTGCTTATAACGTTACCGAA,0,2307143
mcbAp5,0.14285714285714285,6,6,GTGCGTGGAGCTACCGAACT,0,2266205
mcbAp5,0.14285714285714285,6,6,GTGCCGCCGTGTCAGAGAAT,0,2273593
mcbAp5,0.14285714285714285,6,6,GTGCCAGTATACCGATTCAT,0,2261375
mcbAp5,0.14285714285714285,6,6,GTGACTCAGACTAGGTTTAT,0,2284621
mcbAp5,0.14285714285714285,6,6,GTGACCTACGACATGAAGGA,0,2292758
mcbAp5,0.14285714285714285,6,6,GTCTGACGAATAGACAACCT,0,2280435
mcbAp5,0.14285714285714285,6,6,GTCGTACGTTGACAATGGGG,0,2269254
mcbAp5,0.14285714285714285,6,6,GTCGGACCCCTTCAGCTGTC,0,2267702
mcbAp5,0.14285714285714285,6,6,GTCGATAGAGTCGGTAGAAT,0,2312087
mcbAp5,0.14285714285714285,6,6,GTCGAGACTTCTATTCATAG,0,2310234
mcbAp5,0.14285714285714285,6,6,GTCCCCGGTAGACTAATAGC,0,2277428
mcbAp5,0.14285714285714285,6,6,GTCCAGGCTTGCCCGCCGGT,0,2289513
mcbAp5,0.14285714285714285,6,6,GTCAGGCTGTTCAGCAACCG,0,2305868
mcbAp5,0.14285714285714285,6,6,GTCAGAATGCGTAGGTAGGT,0,2264313
mcbAp5,0.14285714285714285,6,6,GTCAATCCGTAGCTCTTCAT,0,2283158
mcbAp5,0.14285714285714285,6,6,GTCAAAAAACAACTGCTGTA,0,2307140
mcbAp5,0.14285714285714285,6,6,GTATTGTGCTGTCAAGAGTG,0,2297579
mcbAp5,0.14285714285714285,6,6,GTATTATCCTCGCGCACTCT,0,2274173
mcbAp5,0.14285714285714285,6,6,GTATATGTTAAACCCTGGTC,0,2298457
mcbAp5,0.14285714285714285,6,6,GTATATGTCTCCTTTATTAG,0,2304181
mcbAp5,0.14285714285714285,6,6,GTATAGGGATCCGTGCGGAA,0,2282733
mcbAp5,0.14285714285714285,6,6,GTAGTAGGTAAGTGCAGGTA,0,2271348
mcbAp5,0.14285714285714285,6,6,GTAGGATAATGGGCGATGGG,0,2284625
mcbAp5,0.14285714285714285,6,6,GTACTTCAGGTGTAGCCAGA,0,2313249
mcbAp5,0.14285714285714285,6,6,GTACCTTATTGAGGTAGTAG,0,2283801
mcbAp5,0.14285714285714285,6,6,GTACACGCGAACGGCGTTAG,0,2294704
mcbAp5,0.14285714285714285,6,6,GTAATAGTGGATGAATTTCA,0,2305897
mcbAp5,0.14285714285714285,6,6,GTAACGAGGGAGGATGAGTC,0,2277859
mcbAp5,0.14285714285714285,6,6,GGTTGCCCTCCAAATGGCCT,0,2283860
mcbAp5,0.14285714285714285,6,6,GGTTGCATGGCAATGAAATG,0,2292468
mcbAp5,0.14285714285714285,6,6,GGTTCCGATATGTTTGATGC,0,2304758
mcbAp5,0.14285714285714285,6,6,GGTTCAGTTGGACAGTTCAT,0,2288925
mcbAp5,0.14285714285714285,6,6,GGTGTCCATCGCTCTTTCTG,0,2267982
mcbAp5,0.14285714285714285,6,6,GGTGGGTCACATCGGTTTGA,0,2295705
mcbAp5,0.14285714285714285,6,6,GGTGCTGTTGGGGACGGGAC,0,2305559
mcbAp5,0.14285714285714285,6,6,GGTCTCATCATGGTAGGGTC,0,2280248
mcbAp5,0.14285714285714285,6,6,GGTCGTAAAAGGCTAGTAGA,0,2281168
mcbAp5,0.14285714285714285,6,6,GGTCCGAGACAGCCAGCTCG,0,2276264
mcbAp5,0.14285714285714285,6,6,GGTCAATCATTCCCAATAAT,0,2291030
mcbAp5,0.14285714285714285,6,6,GGTATCCCCTGCCCCGATTT,0,2284036
mcbAp5,0.14285714285714285,6,6,GGTAGAGTCCTCAGAACCAT,0,2269091
mcbAp5,0.14285714285714285,6,6,GGGTTATCGTATGCGTAACC,0,2276065
mcbAp5,0.14285714285714285,6,6,GGGTGTTCAGGGTGCGGGGT,0,2262690
mcbAp5,0.14285714285714285,6,6,GGGTGCAGGCCCTGAGTCCG,0,2296494
mcbAp5,0.14285714285714285,6,6,GGGTCTCGCCTACGCGATCT,0,2278711
mcbAp5,0.14285714285714285,6,6,GGGTCAGACTGCTCGTGACC,0,2289113
mcbAp5,0.14285714285714285,6,6,GGGGGATTCGACTTGTGTGA,0,2269768
mcbAp5,0.14285714285714285,6,6,GGGGCTTGATCCGGACGTAC,0,2273879
mcbAp5,0.14285714285714285,6,6,GGGGCTAGGGGTAACACGGC,0,2303623
mcbAp5,0.14285714285714285,6,6,GGGGACAATTCCAGATCGCA,0,2264754
mcbAp5,0.14285714285714285,6,6,GGGCTCCGAGGGCCATTGCC,0,2267062
mcbAp5,0.14285714285714285,6,6,GGGCGCCATAAACATAATTG,0,2311883
mcbAp5,0.14285714285714285,6,6,GGGATCCCTCTCGCGCCAAC,0,2285484
mcbAp5,0.14285714285714285,6,6,GGGATATGACCCCACGGGAA,0,2273868
mcbAp5,0.14285714285714285,6,6,GGGAGGTACTACACTTGGTT,0,2271972
mcbAp5,0.14285714285714285,6,6,GGGAGGCGAGAAATGTGCAT,0,2313632
mcbAp5,0.14285714285714285,6,6,GGGAGAATCCAGGTGCGGCC,0,2291361
mcbAp5,0.14285714285714285,6,6,GGCTTAGAGCAGGACGATCC,0,2296105
mcbAp5,0.14285714285714285,6,6,GGCTGAGGTGAATTGGGAGA,0,2303927
mcbAp5,0.14285714285714285,6,6,GGCTCTTAACGAAGCACGAT,0,2286837
mcbAp5,0.14285714285714285,6,6,GGCTCGAAAGGTAAGGGTAC,0,2282058
mcbAp5,0.14285714285714285,6,6,GGCTAGATCCTTTCGAGAAC,0,2284117
mcbAp5,0.14285714285714285,6,6,GGCGGCCCTCATCATCGCGT,0,2284778
mcbAp5,0.14285714285714285,6,6,GGCGCAACTCTATTCAGACC,0,2294923
mcbAp5,0.14285714285714285,6,6,GGCGATAGTATAGATACGGT,0,2309375
mcbAp5,0.14285714285714285,6,6,GGCCGGGGGGATTAAAGTTA,0,2296726
mcbAp5,0.14285714285714285,6,6,GGCCGCACGGGAGCAAGCCT,0,2270754
mcbAp5,0.14285714285714285,6,6,GGCCCGCCCGGCCTCAGGCA,0,2264099
mcbAp5,0.14285714285714285,6,6,GGATACGGCTATAGGGGTCA,0,2292345
mcbAp5,0.14285714285714285,6,6,GGAGTGGTCTAGGCTTTGCC,0,2270408
mcbAp5,0.14285714285714285,6,6,GGAGTAGAACTGGTCTTAGC,0,2271231
mcbAp5,0.14285714285714285,6,6,GGAGGTATCTTTTGATGCTG,0,2272847
mcbAp5,0.14285714285714285,6,6,GGAGGGTATGGTTACGATTT,0,2266500
mcbAp5,0.14285714285714285,6,6,GGAGCGAGCAGGCATGCGGC,0,2277899
mcbAp5,0.14285714285714285,6,6,GGAGCATCCAAAAGTTTCAG,0,2261241
mcbAp5,0.14285714285714285,6,6,GGACTTAAGTGTAAACTTTC,0,2310192
mcbAp5,0.14285714285714285,6,6,GGACTGAATACTTTCGGCTC,0,2265963
mcbAp5,0.14285714285714285,6,6,GGACGTGGCCGGGCCAGTGG,0,2280987
mcbAp5,0.14285714285714285,6,6,GGACCTGCGACGCCAAGGCT,0,2263128
mcbAp5,0.14285714285714285,6,6,GGACCCTAGCCTTACGATCG,0,2306405
mcbAp5,0.14285714285714285,6,6,GGACAATCGGGTATGTTTAG,0,2296059
mcbAp5,0.14285714285714285,6,6,GGAACCGCGGGCGCAAGGGT,0,2301031
mcbAp5,0.14285714285714285,6,6,GCTTTCGGGTTAGGAGGCGT,0,2272511
mcbAp5,0.14285714285714285,6,6,GCTTTATCTCGGTTTCGATG,0,2277749
mcbAp5,0.14285714285714285,6,6,GCTTCTTCCCCGGCTCATCA,0,2303252
mcbAp5,0.14285714285714285,6,6,GCTTAGATCGAGTCCATTAA,0,2277537
mcbAp5,0.14285714285714285,6,6,GCTGTTGCGACAGCACATGA,0,2280673
mcbAp5,0.14285714285714285,6,6,GCTGCGCCTGTACGCGATCC,0,2316324
mcbAp5,0.14285714285714285,6,6,GCTGCGCACCTGAGAGGCGT,0,2302032
mcbAp5,0.14285714285714285,6,6,GCTGATCCAAATCACGGCGT,0,2275072
mcbAp5,0.14285714285714285,6,6,GCTGAGTCGAGTGTTGAGTT,0,2286839
mcbAp5,0.14285714285714285,6,6,GCTCTCTTTATTCGCTATAT,0,2268630
mcbAp5,0.14285714285714285,6,6,GCTCTCTAGATATGGCCCGA,0,2270875
mcbAp5,0.14285714285714285,6,6,GCTCTATGTAGTTCCTTTAT,0,2286589
mcbAp5,0.14285714285714285,6,6,GCTCGGGCGAGACCCGTCTC,0,2312373
mcbAp5,0.14285714285714285,6,6,GCTCGCTGGACAGGGTCAGA,0,2284306
mcbAp5,0.14285714285714285,6,6,GCTCGAGGGCCACCCCATTT,0,2274257
mcbAp5,0.14285714285714285,6,6,GCTCATGCATAAATTTTTGG,0,2313308
mcbAp5,0.14285714285714285,6,6,GCTCAATTTCCATAAAGGCG,0,2304612
mcbAp5,0.14285714285714285,6,6,GCTAGATTGTTTAAGGGTCT,0,2310797
mcbAp5,0.14285714285714285,6,6,GCTAAGCGACCTGAGCCGCG,0,2295031
mcbAp5,0.14285714285714285,6,6,GCGTTATTTAAGTAACAACA,0,2289637
mcbAp5,0.14285714285714285,6,6,GCGTGGCGAAGCTCATCATC,0,2279779
mcbAp5,0.14285714285714285,6,6,GCGTCTCGTCAGGCCGGGTG,0,2266271
mcbAp5,0.14285714285714285,6,6,GCGTACTCCCTCACTCAAGC,0,2264323
mcbAp5,0.14285714285714285,6,6,GCGTACCGAGGGGGGATTCG,0,2306605
mcbAp5,0.14285714285714285,6,6,GCGGTTGTGACCTGAATCGA,0,2308384
mcbAp5,0.14285714285714285,6,6,GCGCGTTCGATGTTCGCAGT,0,2301952
mcbAp5,0.14285714285714285,6,6,GCGCCTGATCCGTAACTCAT,0,2302775
mcbAp5,0.14285714285714285,6,6,GCGCCCGGGTCACAACGTAG,0,2300054
mcbAp5,0.14285714285714285,6,6,GCGCAATTATTACAAAACTA,0,2267228
mcbAp5,0.14285714285714285,6,6,GCGATTAGCATCCAGGACTT,0,2290145
mcbAp5,0.14285714285714285,6,6,GCGATAGACAGGTCAACCAT,0,2304552
mcbAp5,0.14285714285714285,6,6,GCGAGGGGGATTCCTCACTA,0,2309070
mcbAp5,0.14285714285714285,6,6,GCGAGCGGAGCAAGCATGCT,0,2292515
mcbAp5,0.14285714285714285,6,6,GCGACGCAAAGACCCCGTCT,0,2275315
mcbAp5,0.14285714285714285,6,6,GCGACATGAGTGGTGTCCTT,0,2296828
mcbAp5,0.14285714285714285,6,6,GCCTGGTCCAGCGCGCAACC,0,2298466
mcbAp5,0.14285714285714285,6,6,GCCTGAGTGTCTTTAGGCGT,0,2285055
mcbAp5,0.14285714285714285,6,6,GCCTACAGTCTATCGGGGGG,0,2286724
mcbAp5,0.14285714285714285,6,6,GCCGGGCCGAGCAAGTCTTT,0,2271276
mcbAp5,0.14285714285714285,6,6,GCCGGCTGCCCTACTTTAGG,0,2283901
mcbAp5,0.14285714285714285,6,6,GCCGCATCGGCCCTTGCCAA,0,2268299
mcbAp5,0.14285714285714285,6,6,GCCGATTCCAAATACAAGTC,0,2273257
mcbAp5,0.14285714285714285,6,6,GCCGACTCCCCTCTAAGGTC,0,2289467
mcbAp5,0.14285714285714285,6,6,GCCGAACGCCTCATTCATGG,0,2274049
mcbAp5,0.14285714285714285,6,6,GCCCCGCAACGGAATGGACG,0,2300210
mcbAp5,0.14285714285714285,6,6,GCCATTTCAGCCGATGATCA,0,2314114
mcbAp5,0.14285714285714285,6,6,GCCAGCTGGATCGATGCCGA,0,2306706
mcbAp5,0.14285714285714285,6,6,GCCAGAAGTTCAATAACAAT,0,2312223
mcbAp5,0.14285714285714285,6,6,GCCACTAGGATAAGCGCTTT,0,2261199
mcbAp5,0.14285714285714285,6,6,GCCACGCCGCATGCATTTTT,0,2304022
mcbAp5,0.14285714285714285,6,6,GCCAAAAAGCATATGGGAGG,0,2306071
mcbAp5,0.14285714285714285,6,6,GCATGGTTATTTGGGGGTGG,0,2290334
mcbAp5,0.14285714285714285,6,6,GCATATCCTCACAGGAGGTG,0,2285913
mcbAp5,0.14285714285714285,6,6,GCATATCCCAACGCCATTCA,0,2288709
mcbAp5,0.14285714285714285,6,6,GCAGGGCTCTGGTTGCCAAA,0,2290516
mcbAp5,0.14285714285714285,6,6,GCAGCCTTGCACGTGTGTAA,0,2282637
mcbAp5,0.14285714285714285,6,6,GCAGAGGATGCATAAAAAGG,0,2278218
mcbAp5,0.14285714285714285,6,6,GCACGCGACCGGCGGTCCTC,0,2281320
mcbAp5,0.14285714285714285,6,6,GCACGAGGTTGAATCAATCT,0,2292751
mcbAp5,0.14285714285714285,6,6,GCACATCACTCGCAATTATT,0,2292953
mcbAp5,0.14285714285714285,6,6,GCAATCGACTGGGGATGTGG,0,2297441
mcbAp5,0.14285714285714285,6,6,GCAAGTGCCATAATCCAGGA,0,2288304
mcbAp5,0.14285714285714285,6,6,GCAAGCCGTCCCCAGAGTTG,0,2283211
mcbAp5,0.14285714285714285,6,6,GCAACAGAATATTCCCCTCA,0,2266267
mcbAp5,0.14285714285714285,6,6,GCAAAGGCTCCACACTCAAA,0,2267531
mcbAp5,0.14285714285714285,6,6,GCAAACTGAAGATCCTACAT,0,2273169
mcbAp5,0.14285714285714285,6,6,GCAAACCATGGGCCTAAGTA,0,2314462
mcbAp5,0.14285714285714285,6,6,GCAAAAATGCGCGGCCCCAG,0,2310767
mcbAp5,0.14285714285714285,6,6,GATGGCGATAAACGTCGACT,0,2289568
mcbAp5,0.14285714285714285,6,6,GATCATGGTTACGGACATAT,0,2295298
mcbAp5,0.14285714285714285,6,6,GATCAGTTCAGGAGGGTCCT,0,2266003
mcbAp5,0.14285714285714285,6,6,GATCACGTCCGCTCTAGCTG,0,2302793
mcbAp5,0.14285714285714285,6,6,GATCACCTTACAAGAGGTAG,0,2268793
mcbAp5,0.14285714285714285,6,6,GATATTCGTCGTATCGGAGG,0,2295185
mcbAp5,0.14285714285714285,6,6,GATATACCATGCGGGGGACC,0,2285551
mcbAp5,0.14285714285714285,6,6,GATACGGATTCGATATATGA,0,2303494
mcbAp5,0.14285714285714285,6,6,GATACCTAGGTACTTGCAGA,0,2298831
mcbAp5,0.14285714285714285,6,6,GAGTTTTGTCTTCTGTCATA,0,2305350
mcbAp5,0.14285714285714285,6,6,GAGTTGGTGATGCCATACTC,0,2267637
mcbAp5,0.14285714285714285,6,6,GAGTTATTTCAAGTTTCAAG,0,2264925
mcbAp5,0.14285714285714285,6,6,GAGTGGGTACGCATTATAAG,0,2302795
mcbAp5,0.14285714285714285,6,6,GAGTGCTAACGGCTAGACAC,0,2284814
mcbAp5,0.14285714285714285,6,6,GAGTGCCCTTTGTTTACTGT,0,2305752
mcbAp5,0.14285714285714285,6,6,GAGTATTTAGCAGGAAGCGG,0,2264174
mcbAp5,0.14285714285714285,6,6,GAGTATAGGAAACACTTTGC,0,2294610
mcbAp5,0.14285714285714285,6,6,GAGTAATTTTGCGTAGTATT,0,2273533
mcbAp5,0.14285714285714285,6,6,GAGGGGGCGTACGAGGAAAT,0,2297133
mcbAp5,0.14285714285714285,6,6,GAGGGAGACTGGCATGCCGA,0,2264251
mcbAp5,0.14285714285714285,6,6,GAGGCTGGCAAGATGAGCGA,0,2284368
mcbAp5,0.14285714285714285,6,6,GAGGCTCCGTTGACTATCGA,0,2314432
mcbAp5,0.14285714285714285,6,6,GAGGAACGTCTTGGATACAT,0,2284497
mcbAp5,0.14285714285714285,6,6,GAGCCCAACTGGTAGAGATC,0,2309494
mcbAp5,0.14285714285714285,6,6,GAGAGCTGACGGCAAGAGTG,0,2289172
mcbAp5,0.14285714285714285,6,6,GAGACGGATTAGTCGACCAG,0,2268542
mcbAp5,0.14285714285714285,6,6,GAGACACGTCACGTGAACGG,0,2275948
mcbAp5,0.14285714285714285,6,6,GAGAAGTAAACAGGACCTCG,0,2279985
mcbAp5,0.14285714285714285,6,6,GACTCATGCCTTTTTCAAAA,0,2299432
mcbAp5,0.14285714285714285,6,6,GACTATTGTGTTTCCCTGAT,0,2273517
mcbAp5,0.14285714285714285,6,6,GACGTGTTCTCATAAAGTCA,0,2296674
mcbAp5,0.14285714285714285,6,6,GACGTACCGATTACGGGCGA,0,2282090
mcbAp5,0.14285714285714285,6,6,GACGAGAAGAATATACCGCG,0,2312941
mcbAp5,0.14285714285714285,6,6,GACCTCCGCTCTATCTGGAC,0,2308228
mcbAp5,0.14285714285714285,6,6,GACCCGCCAGGGCATAGTCT,0,2306688
mcbAp5,0.14285714285714285,6,6,GACAACTCTCTTATTACAAG,0,2301589
mcbAp5,0.14285714285714285,6,6,GAATTGGCCGCTACAGTTAT,0,2267231
mcbAp5,0.14285714285714285,6,6,GAATTGCACAAGACCGGGGA,0,2261302
mcbAp5,0.14285714285714285,6,6,GAATCTCTATCTGCCCATGG,0,2267642
mcbAp5,0.14285714285714285,6,6,GAAGGGTGGTGAATGCACGG,0,2287067
mcbAp5,0.14285714285714285,6,6,GAAGATATTCCGCTTGCCAA,0,2267874
mcbAp5,0.14285714285714285,6,6,GAAGAGCTCCAGAGTGATGT,0,2261448
mcbAp5,0.14285714285714285,6,6,GAACCTTTGTGCGAGATCAC,0,2306214
mcbAp5,0.14285714285714285,6,6,GAACAGTCATAACGCGGACA,0,2283418
mcbAp5,0.14285714285714285,6,6,GAAATGGATCTAAAACAGGA,0,2290691
mcbAp5,0.14285714285714285,6,6,GAAACGGAATATCGCTATTA,0,2290034
mcbAp5,0.14285714285714285,6,6,GAAACGCCATGGCTCCGATA,0,2265327
mcbAp5,0.14285714285714285,6,6,GAAAAAGTTGTGATGGCAGA,0,2307983
mcbAp5,0.14285714285714285,6,6,CTTTTTGCAATGCTCGCAGT,0,2288371
mcbAp5,0.14285714285714285,6,6,CTTTGTGGAGGGCGTCGGCC,0,2305220
mcbAp5,0.14285714285714285,6,6,CTTTCTTTTTTAAATCTCTT,0,2286784
mcbAp5,0.14285714285714285,6,6,CTTTATTATTTACGGAGGCA,0,2271945
mcbAp5,0.14285714285714285,6,6,CTTTACCAAGCACTACGCGT,0,2292412
mcbAp5,0.14285714285714285,6,6,CTTGTGTATCGGTTACTCTA,0,2271959
mcbAp5,0.14285714285714285,6,6,CTTGTCAGCGTTTGATAATT,0,2288591
mcbAp5,0.14285714285714285,6,6,CTTGGCGTTCGTCGTGTGGG,0,2304574
mcbAp5,0.14285714285714285,6,6,CTTCTGGTGGATTATCCCCT,0,2309275
mcbAp5,0.14285714285714285,6,6,CTTCTGATTGCAACGTGGAT,0,2309174
mcbAp5,0.14285714285714285,6,6,CTTCGCCTGGCTATCCACGG,0,2312929
mcbAp5,0.14285714285714285,6,6,CTTCATATCTTGCAATTTCA,0,2290001
mcbAp5,0.14285714285714285,6,6,CTTATAAAGGTGGCTGTAAT,0,2310984
mcbAp5,0.14285714285714285,6,6,CTTAGCGTTCGAAGCCTGGG,0,2301438
mcbAp5,0.14285714285714285,6,6,CTTACATAACTCGGGTGGGA,0,2293799
mcbAp5,0.14285714285714285,6,6,CTTAAGGCGCCGCACGCTAC,0,2268911
mcbAp5,0.14285714285714285,6,6,CTTAACCCCTTGAACTCCCC,0,2310194
mcbAp5,0.14285714285714285,6,6,CTTAAAATTCCCCTCGATCA,0,2282279
mcbAp5,0.14285714285714285,6,6,CTTAAAACAAAAACGAATTG,0,2297572
mcbAp5,0.14285714285714285,6,6,CTGTGACAGTAGTCGTGATT,0,2273314
mcbAp5,0.14285714285714285,6,6,CTGGGGAAGGTGGTAAGCCC,0,2286238
mcbAp5,0.14285714285714285,6,6,CTGGGAGCAAGCTGGCCGGA,0,2310790
mcbAp5,0.14285714285714285,6,6,CTGGGAACTGTGCGGGTGCT,0,2307638
mcbAp5,0.14285714285714285,6,6,CTGGCGTCCATCGCCGCGCA,0,2303060
mcbAp5,0.14285714285714285,6,6,CTGGCCCAGAGGGGCCTTCA,0,2315180
mcbAp5,0.14285714285714285,6,6,CTGGCAATCGCACTTCCTCC,0,2291529
mcbAp5,0.14285714285714285,6,6,CTGGCAATCATCTATCAAGC,0,2271958
mcbAp5,0.14285714285714285,6,6,CTGGACCTCGGGGGTCGATC,0,2298430
mcbAp5,0.14285714285714285,6,6,CTGCGTACGCCCGCGGCCAA,0,2268414
mcbAp5,0.14285714285714285,6,6,CTGCGACATAGACGAGCCGG,0,2311764
mcbAp5,0.14285714285714285,6,6,CTGCCTCATACTGATTCTAC,0,2302920
mcbAp5,0.14285714285714285,6,6,CTGATGCCGTGGTGAGCCGG,0,2282458
mcbAp5,0.14285714285714285,6,6,CTGATGCATTCTATTACTGT,0,2307498
mcbAp5,0.14285714285714285,6,6,CTGAAGCAGAAGGCGTAAAT,0,2297808
mcbAp5,0.14285714285714285,6,6,CTCTGTGATCAGCTACGCGT,0,2288126
mcbAp5,0.14285714285714285,6,6,CTCTGAATAAGGCAAACGCC,0,2266605
mcbAp5,0.14285714285714285,6,6,CTCTCTCGGAGGCCTAATCA,0,2262885
mcbAp5,0.14285714285714285,6,6,CTCGTTATTTAGGCCGTACG,0,2266757
mcbAp5,0.14285714285714285,6,6,CTCGGTCTGTACTTTCTCAT,0,2283603
mcbAp5,0.14285714285714285,6,6,CTCGAGTGATAACTGTGTCC,0,2294847
mcbAp5,0.14285714285714285,6,6,CTCCTCGTGCCTGGGCGGGC,0,2267941
mcbAp5,0.14285714285714285,6,6,CTCCTACACGTGCCCTGAGA,0,2315325
mcbAp5,0.14285714285714285,6,6,CTCCCGCGACCGGTATGGAC,0,2265879
mcbAp5,0.14285714285714285,6,6,CTCCCCTACGCACATCCCGA,0,2307682
mcbAp5,0.14285714285714285,6,6,CTCCATCCCATGCGAATATC,0,2277020
mcbAp5,0.14285714285714285,6,6,CTCCATAGGCGCGGAAGCAG,0,2271021
mcbAp5,0.14285714285714285,6,6,CTCATACAGAGCGGCGACTA,0,2267757
mcbAp5,0.14285714285714285,6,6,CTCAGAGGGCTGTCTAGGTA,0,2311774
mcbAp5,0.14285714285714285,6,6,CTCACCGGATAGCCATATGC,0,2301910
mcbAp5,0.14285714285714285,6,6,CTCAACCTGGGTCGGGACGG,0,2291438
mcbAp5,0.14285714285714285,6,6,CTATTGGCTACAGGAAGTGA,0,2304098
mcbAp5,0.14285714285714285,6,6,CTATTCGGTCGCATGATCAT,0,2269748
mcbAp5,0.14285714285714285,6,6,CTATGGATCCTGGGAATAAC,0,2273786
mcbAp5,0.14285714285714285,6,6,CTATAGGCTATTCAGTCGTG,0,2294863
mcbAp5,0.14285714285714285,6,6,CTAGGGGGGGTAGCATCGAA,0,2290783
mcbAp5,0.14285714285714285,6,6,CTAGCTCCGCTCACAACGTG,0,2315215
mcbAp5,0.14285714285714285,6,6,CTAGAGCCGCATATGGCAAT,0,2281164
mcbAp5,0.14285714285714285,6,6,CTAGACTTTGTGGACTACAT,0,2292444
mcbAp5,0.14285714285714285,6,6,CTACGATACTGGACCCGACG,0,2282746
mcbAp5,0.14285714285714285,6,6,CTAAGATCGCCCGGCTTGGT,0,2270002
mcbAp5,0.14285714285714285,6,6,CTAACAGCCCACATAATCCT,0,2261200
mcbAp5,0.14285714285714285,6,6,CTAAAGCAGATTTATACTTA,0,2272106
mcbAp5,0.14285714285714285,6,6,CTAAACGGTTCCTTCTATGC,0,2298973
mcbAp5,0.14285714285714285,6,6,CTAAAATTGAGCCCGATCCA,0,2307093
mcbAp5,0.14285714285714285,6,6,CTAAAACCATCCACGCGCTG,0,2271241
mcbAp5,0.14285714285714285,6,6,CGTTGTGCGACCGAGAGACC,0,2312181
mcbAp5,0.14285714285714285,6,6,CGTTGGGTACGAGTGGATAC,0,2291769
mcbAp5,0.14285714285714285,6,6,CGTTATGACCTCACGGATCA,0,2263921
mcbAp5,0.14285714285714285,6,6,CGTTAGCGTCATACTATGGA,0,2271504
mcbAp5,0.14285714285714285,6,6,CGTGGTCTCGGCGCATTTGA,0,2275630
mcbAp5,0.14285714285714285,6,6,CGTGGCTCCTTGACCGATGC,0,2267467
mcbAp5,0.14285714285714285,6,6,CGTCCGATATCCAGTAGCAA,0,2286437
mcbAp5,0.14285714285714285,6,6,CGTCAATGCGATCAGTCTAA,0,2265864
mcbAp5,0.14285714285714285,6,6,CGTAGTTCTTCTGGAGGACA,0,2298812
mcbAp5,0.14285714285714285,6,6,CGTACGTCCGGCATCGCCGG,0,2301011
mcbAp5,0.14285714285714285,6,6,CGTAATGTCGTCAATTTTAT,0,2271288
mcbAp5,0.14285714285714285,6,6,CGGTGCATGGCTTTTTCGCA,0,2307629
mcbAp5,0.14285714285714285,6,6,CGGGTTATCACTTTACCTGG,0,2289005
mcbAp5,0.14285714285714285,6,6,CGGGGGGAGCTTAGACGTAA,0,2267873
mcbAp5,0.14285714285714285,6,6,CGGGAGTATCGAGCCAGGAT,0,2261307
mcbAp5,0.14285714285714285,6,6,CGGGAGGCTTTGCCGGGGAA,0,2293614
mcbAp5,0.14285714285714285,6,6,CGGCTAGTAGTTCAGGGTGC,0,2305181
mcbAp5,0.14285714285714285,6,6,CGGCGCGGGTTAGGGTCGCG,0,2272138
mcbAp5,0.14285714285714285,6,6,CGGCGCCCCAAACCATCAAC,0,2283343
mcbAp5,0.14285714285714285,6,6,CGGCCTAACGGCGCTTTGGT,0,2290109
mcbAp5,0.14285714285714285,6,6,CGGCCCCAGTTCGATGAATT,0,2307810
mcbAp5,0.14285714285714285,6,6,CGGCATCCATTGCCTTACCC,0,2270900
mcbAp5,0.14285714285714285,6,6,CGGATCAGTGCATGCTGACT,0,2299220
mcbAp5,0.14285714285714285,6,6,CGGAGACCTTCCAGGCTTAA,0,2278260
mcbAp5,0.14285714285714285,6,6,CGCTGGTTCTACTTTGGATT,0,2295663
mcbAp5,0.14285714285714285,6,6,CGCTGACTCAAGTTACGATT,0,2273588
mcbAp5,0.14285714285714285,6,6,CGCTCGCATTGGCTCAGAGT,0,2262727
mcbAp5,0.14285714285714285,6,6,CGCTCATGTGACTCTGAAGG,0,2269576
mcbAp5,0.14285714285714285,6,6,CGCTAAACATCACGTGCCGT,0,2290644
mcbAp5,0.14285714285714285,6,6,CGCGAGGAGCGGGCATGTAG,0,2272153
mcbAp5,0.14285714285714285,6,6,CGCCATCCTCTCCACTCGGC,0,2298520
mcbAp5,0.14285714285714285,6,6,CGCATCTGGTTATCCGAGGT,0,2270918
mcbAp5,0.14285714285714285,6,6,CGCACATAGCCCACCTGCGA,0,2271151
mcbAp5,0.14285714285714285,6,6,CGCAAGGCATACACAAACAT,0,2302299
mcbAp5,0.14285714285714285,6,6,CGATTAGTCACGTAGCTCAA,0,2301631
mcbAp5,0.14285714285714285,6,6,CGATGTATCCGATTTTCTCG,0,2266164
mcbAp5,0.14285714285714285,6,6,CGATGGGGCCTTCCAATTGA,0,2280610
mcbAp5,0.14285714285714285,6,6,CGATGCATATGTGTAGTACT,0,2316146
mcbAp5,0.14285714285714285,6,6,CGATCGGTACGGAGACCGTG,0,2304402
mcbAp5,0.14285714285714285,6,6,CGATCCCCCGGAGAGCTTCC,0,2307461
mcbAp5,0.14285714285714285,6,6,CGATCCCCCACACCTTTGAT,0,2273120
mcbAp5,0.14285714285714285,6,6,CGATATCTTGAGTCAACGGG,0,2271247
mcbAp5,0.14285714285714285,6,6,CGAGTGCCCGAAACGAGTGA,0,2308414
mcbAp5,0.14285714285714285,6,6,CGAGGGTGCGGTGGTGTGGT,0,2312232
mcbAp5,0.14285714285714285,6,6,CGAGGGGCGACAGGGGGTAT,0,2314255
mcbAp5,0.14285714285714285,6,6,CGAGCATAGAGGCAATTCAC,0,2296166
mcbAp5,0.14285714285714285,6,6,CGAGAGCGATTGGTCAAAGC,0,2274228
mcbAp5,0.14285714285714285,6,6,CGACTGAGTCGCTGCAACCT,0,2271391
mcbAp5,0.14285714285714285,6,6,CGACGTGGGATCGCAGTTGC,0,2286503
mcbAp5,0.14285714285714285,6,6,CGACGATAGCCAAGTAGGGG,0,2275849
mcbAp5,0.14285714285714285,6,6,CGACCCAACAAATTCACATA,0,2297311
mcbAp5,0.14285714285714285,6,6,CGACATAAGGTCGGATTGAA,0,2280287
mcbAp5,0.14285714285714285,6,6,CGAACTCTATTCGGCAGTGA,0,2280058
mcbAp5,0.14285714285714285,6,6,CGAAACATCAAACAAGATGA,0,2307124
mcbAp5,0.14285714285714285,6,6,CCTTTGCCGTCATAAGCGCG,0,2316068
mcbAp5,0.14285714285714285,6,6,CCTTGCGGTTAATTTTAGAT,0,2265858
mcbAp5,0.14285714285714285,6,6,CCTTGAGGATCTCTCCTCGA,0,2296420
mcbAp5,0.14285714285714285,6,6,CCTTAAAAACCAGACACTAA,0,2287022
mcbAp5,0.14285714285714285,6,6,CCTGTTTGAATAACAACTGC,0,2301546
mcbAp5,0.14285714285714285,6,6,CCTGGTTCTTCACAGTAGAC,0,2279534
mcbAp5,0.14285714285714285,6,6,CCTGCAGACGCATAAGCTCC,0,2269207
mcbAp5,0.14285714285714285,6,6,CCTCTGGTGTATAGTTCCCG,0,2277769
mcbAp5,0.14285714285714285,6,6,CCTCTCATACTTGGTCGTGA,0,2298904
mcbAp5,0.14285714285714285,6,6,CCTCGTGTCTAAATATCACA,0,2299922
mcbAp5,0.14285714285714285,6,6,CCTCGCGATTGCGTGGGCTA,0,2266907
mcbAp5,0.14285714285714285,6,6,CCTCCGCAGGCCCGAAACAA,0,2278968
mcbAp5,0.14285714285714285,6,6,CCTCCCGGGAGTTGCTCATG,0,2309762
mcbAp5,0.14285714285714285,6,6,CCTCATTTATTTGTAGCCAT,0,2275492
mcbAp5,0.14285714285714285,6,6,CCTATCCCCTATTAGTAGAT,0,2306778
mcbAp5,0.14285714285714285,6,6,CCTAGCCACTCTACTCGTTT,0,2301035
mcbAp5,0.14285714285714285,6,6,CCTAGACGAGGTCAATTGGA,0,2296220
mcbAp5,0.14285714285714285,6,6,CCGTTAGCCGACTATGGTCA,0,2299023
mcbAp5,0.14285714285714285,6,6,CCGTGGGCAGTTGATATAGT,0,2301421
mcbAp5,0.14285714285714285,6,6,CCGTACCTGGAGGGCCGTCA,0,2301891
mcbAp5,0.14285714285714285,6,6,CCGTAAATAGGCTGATCTCT,0,2298158
mcbAp5,0.14285714285714285,6,6,CCGGTGTACTGGGGATAGAA,0,2298789
mcbAp5,0.14285714285714285,6,6,CCGGGGATGACTCCTAGGGT,0,2269221
mcbAp5,0.14285714285714285,6,6,CCGGCAATTGGTGAAGTTAT,0,2289518
mcbAp5,0.14285714285714285,6,6,CCGCCTGGAAAAACTCCTAT,0,2315538
mcbAp5,0.14285714285714285,6,6,CCGATTCGGTGTGGGTGCAA,0,2311317
mcbAp5,0.14285714285714285,6,6,CCGACGGCTTAAAATGTTTT,0,2286983
mcbAp5,0.14285714285714285,6,6,CCGACGCTCACCACTCAAAT,0,2302177
mcbAp5,0.14285714285714285,6,6,CCGAAGCAAGCCTCATTCCC,0,2291767
mcbAp5,0.14285714285714285,6,6,CCCTCTTTCCGAAAATAGTT,0,2279240
mcbAp5,0.14285714285714285,6,6,CCCTCCGTCTGGGTGTATAA,0,2307624
mcbAp5,0.14285714285714285,6,6,CCCGTGCTACAGAGGCATAC,0,2284995
mcbAp5,0.14285714285714285,6,6,CCCGTAAACGGCCTAATTGG,0,2315175
mcbAp5,0.14285714285714285,6,6,CCCGGTGCACTGTTTAGGTT,0,2265747
mcbAp5,0.14285714285714285,6,6,CCCGCGTTTGCCTCGTTTAC,0,2290839
mcbAp5,0.14285714285714285,6,6,CCCGCCCAAGATGAAAGCCA,0,2269728
mcbAp5,0.14285714285714285,6,6,CCCGCCAGGACATCGGGACA,0,2288906
mcbAp5,0.14285714285714285,6,6,CCCGATATCTCAACACTACA,0,2278791
mcbAp5,0.14285714285714285,6,6,CCCCCACCTGTGGGCCATAC,0,2261478
mcbAp5,0.14285714285714285,6,6,CCCCAGACTCGTTCCATACC,0,2290337
mcbAp5,0.14285714285714285,6,6,CCCATTATGATACCGGGTAT,0,2280404
mcbAp5,0.14285714285714285,6,6,CCCAGAGCAGTAGGGTCAAG,0,2289438
mcbAp5,0.14285714285714285,6,6,CCCAGAGATGTCTCGTGCCA,0,2303540
mcbAp5,0.14285714285714285,6,6,CCCACCCCGAAACCCCAGAT,0,2271310
mcbAp5,0.14285714285714285,6,6,CCCACATCGTTATACCTCAT,0,2304705
mcbAp5,0.14285714285714285,6,6,CCCAAGTGTTGGTCATGTGT,0,2295162
mcbAp5,0.14285714285714285,6,6,CCATTTATGAGGTGAGGCGT,0,2313210
mcbAp5,0.14285714285714285,6,6,CCATTTAGATCTGAAGCCAA,0,2305543
mcbAp5,0.14285714285714285,6,6,CCAGTGTAGAATCTCGTGAG,0,2304286
mcbAp5,0.14285714285714285,6,6,CCAGCATTCGGGGCCTCTAA,0,2303483
mcbAp5,0.14285714285714285,6,6,CCACTGCCAAGAGGTTCAAG,0,2302923
mcbAp5,0.14285714285714285,6,6,CCACGCATTCAGGCAATTAA,0,2277329
mcbAp5,0.14285714285714285,6,6,CCACGAAAGGCCCTGGAGTA,0,2277427
mcbAp5,0.14285714285714285,6,6,CCACATATTTATATCAGATT,0,2291249
mcbAp5,0.14285714285714285,6,6,CCAATGGTCGCAAAGAGTTG,0,2276416
mcbAp5,0.14285714285714285,6,6,CCAAGTTGCTTATCTACTAT,0,2300975
mcbAp5,0.14285714285714285,6,6,CCAACTCATCTCTGGAGGCT,0,2296778
mcbAp5,0.14285714285714285,6,6,CATTGCTCTGGGATCGAAAT,0,2298893
mcbAp5,0.14285714285714285,6,6,CATTGCCCGAACCCGAGAAT,0,2275112
mcbAp5,0.14285714285714285,6,6,CATGCCAATGAAAGCGCACT,0,2301939
mcbAp5,0.14285714285714285,6,6,CATGATCGTTACCCCTTTTG,0,2276940
mcbAp5,0.14285714285714285,6,6,CATCCCTGGCGGGTGGCAGA,0,2268180
mcbAp5,0.14285714285714285,6,6,CATCACCAAGGCTAACGCCA,0,2304616
mcbAp5,0.14285714285714285,6,6,CATAGGCACTACAATACATA,0,2264567
mcbAp5,0.14285714285714285,6,6,CATAGGAGTGAAGGTGTCGC,0,2298622
mcbAp5,0.14285714285714285,6,6,CATAATCCCACGCTAGAAGG,0,2288521
mcbAp5,0.14285714285714285,6,6,CAGTGATGTGTACGCAGATT,0,2289853
mcbAp5,0.14285714285714285,6,6,CAGTATTGGCTAAGTGACGT,0,2297722
mcbAp5,0.14285714285714285,6,6,CAGTAGGTAAGGCGACATAT,0,2300851
mcbAp5,0.14285714285714285,6,6,CAGGTACTACTAAGATTAAG,0,2261267
mcbAp5,0.14285714285714285,6,6,CAGGTACGACTCCCCATATG,0,2310314
mcbAp5,0.14285714285714285,6,6,CAGGTAAATATCAATAAGCC,0,2311423
mcbAp5,0.14285714285714285,6,6,CAGGGTTGAACTTAGCGATG,0,2269467
mcbAp5,0.14285714285714285,6,6,CAGGGCTCGTTGTACCAGCC,0,2292705
mcbAp5,0.14285714285714285,6,6,CAGGGCCTACGGGTCACTAG,0,2277754
mcbAp5,0.14285714285714285,6,6,CAGGCCGTTAGGCACCGCGT,0,2274290
mcbAp5,0.14285714285714285,6,6,CAGGACACTAACAATGAGAA,0,2270054
mcbAp5,0.14285714285714285,6,6,CAGCTCTCAATAGCTTTGAT,0,2271617
mcbAp5,0.14285714285714285,6,6,CAGCTAGGGGGTTTGAGTGT,0,2262798
mcbAp5,0.14285714285714285,6,6,CAGCGCTATTGGCGCGATGT,0,2304525
mcbAp5,0.14285714285714285,6,6,CAGCCGCGGATGTGTGCTCA,0,2315333
mcbAp5,0.14285714285714285,6,6,CAGATATCAGGCCTGTGTCA,0,2283999
mcbAp5,0.14285714285714285,6,6,CAGACATGGTCACGCTTCTA,0,2280606
mcbAp5,0.14285714285714285,6,6,CACTAATGGGGGTCCTGCAG,0,2262914
mcbAp5,0.14285714285714285,6,6,CACGGAGTCGCACCACTCTG,0,2296549
mcbAp5,0.14285714285714285,6,6,CACGCGAAAGCGAGGCGAGC,0,2270097
mcbAp5,0.14285714285714285,6,6,CACGAGAGACCTTAAAATGC,0,2261131
mcbAp5,0.14285714285714285,6,6,CACCTTTGGCTGCTATTTTG,0,2290863
mcbAp5,0.14285714285714285,6,6,CACCTGACTGTGGACTGAGG,0,2297664
mcbAp5,0.14285714285714285,6,6,CACCTCGCTTCAAAAGGCAT,0,2270801
mcbAp5,0.14285714285714285,6,6,CACCGCAGGGTCTGCGCTTT,0,2287502
mcbAp5,0.14285714285714285,6,6,CACATCAAATGGCTAAACTA,0,2283005
mcbAp5,0.14285714285714285,6,6,CACAGTAGATTTCTGTAGCG,0,2267178
mcbAp5,0.14285714285714285,6,6,CACAGAGTGGGCCTACAGAA,0,2266266
mcbAp5,0.14285714285714285,6,6,CACACAGCTATTCTGGTAAC,0,2271571
mcbAp5,0.14285714285714285,6,6,CAATTTCACATGTCAGTCTG,0,2271669
mcbAp5,0.14285714285714285,6,6,CAATTGATCGATAAGCACGG,0,2263732
mcbAp5,0.14285714285714285,6,6,CAATTGAATGCCATCTGAAG,0,2267362
mcbAp5,0.14285714285714285,6,6,CAATTCTTATAAGTTTCTAG,0,2269299
mcbAp5,0.14285714285714285,6,6,CAATCAAAAGGGTGAGTGTT,0,2273254
mcbAp5,0.14285714285714285,6,6,CAAGTTTTTGAGTATCTCTA,0,2308002
mcbAp5,0.14285714285714285,6,6,CAAGTTGACAGTAAGATAAA,0,2312250
mcbAp5,0.14285714285714285,6,6,CAAGTCTAATCACTTTCGGT,0,2278322
mcbAp5,0.14285714285714285,6,6,CAAGTCGGCAAACGGATAAC,0,2266901
mcbAp5,0.14285714285714285,6,6,CAAGGGACCTCGAGCTGGCA,0,2302936
mcbAp5,0.14285714285714285,6,6,CAAGGCTACGTTTTTTACAA,0,2291538
mcbAp5,0.14285714285714285,6,6,CAACGGAACGACGTAGCTAC,0,2262973
mcbAp5,0.14285714285714285,6,6,CAACACTGGTCCATACACTG,0,2294318
mcbAp5,0.14285714285714285,6,6,CAAATATAGGAGGTTCGATC,0,2271909
mcbAp5,0.14285714285714285,6,6,CAAACTGGACACGGGCAAAG,0,2303756
mcbAp5,0.14285714285714285,6,6,CAAACGTGGCATGGGTGGAA,0,2284956
mcbAp5,0.14285714285714285,6,6,ATTTGGGTTGGTTTTGCGAA,0,2294475
mcbAp5,0.14285714285714285,6,6,ATTTCGCGGTAGCTTTCAGT,0,2302257
mcbAp5,0.14285714285714285,6,6,ATTTACCGAATTCATACCGG,0,2271610
mcbAp5,0.14285714285714285,6,6,ATTTAATCGTCAACAGGCCA,0,2307439
mcbAp5,0.14285714285714285,6,6,ATTGAGGATGGAAGAATTCG,0,2316277
mcbAp5,0.14285714285714285,6,6,ATTGAGCAGTAGGCATTATG,0,2267131
mcbAp5,0.14285714285714285,6,6,ATTCTTCGGCGCCATCAGGT,0,2263439
mcbAp5,0.14285714285714285,6,6,ATTCGCGTTCGTGATGTGTA,0,2303901
mcbAp5,0.14285714285714285,6,6,ATTCACTATCTGATCGGGTC,0,2278524
mcbAp5,0.14285714285714285,6,6,ATTCAAGTTGAGTTGACGTT,0,2283341
mcbAp5,0.14285714285714285,6,6,ATTATGTGTATTGCGGTCCT,0,2305801
mcbAp5,0.14285714285714285,6,6,ATTATGGGACTTGTTTAGAC,0,2271315
mcbAp5,0.14285714285714285,6,6,ATTATATTCTACTGATCAGT,0,2281637
mcbAp5,0.14285714285714285,6,6,ATTACTGTTGCTAGTGCCCA,0,2289198
mcbAp5,0.14285714285714285,6,6,ATTACAAGTTAAGCTGCAAT,0,2293655
mcbAp5,0.14285714285714285,6,6,ATTAATATCAAACCGGTTCA,0,2304344
mcbAp5,0.14285714285714285,6,6,ATTAACGTACGCGAGGCCGA,0,2305028
mcbAp5,0.14285714285714285,6,6,ATTAACATCATAGCAGTCTA,0,2311930
mcbAp5,0.14285714285714285,6,6,ATGTTGGTTGTGACGACGGT,0,2285507
mcbAp5,0.14285714285714285,6,6,ATGTTGAACTGTAACCAGCA,0,2277200
mcbAp5,0.14285714285714285,6,6,ATGTGCTCGGGGAGCTTTTC,0,2302669
mcbAp5,0.14285714285714285,6,6,ATGTCTTAGCAGGAGGTCGC,0,2299307
mcbAp5,0.14285714285714285,6,6,ATGTAGGAAATAGAATGTTT,0,2278979
mcbAp5,0.14285714285714285,6,6,ATGGGGTCGGCAACGTCCAT,0,2307781
mcbAp5,0.14285714285714285,6,6,ATGGACAACCAATTTATACA,0,2265514
mcbAp5,0.14285714285714285,6,6,ATGCAGGCAGGCAGGATAAC,0,2313580
mcbAp5,0.14285714285714285,6,6,ATGACCTTGCGGCAACTCAT,0,2275402
mcbAp5,0.14285714285714285,6,6,ATCTCAGCTTGGAACGCACA,0,2273471
mcbAp5,0.14285714285714285,6,6,ATCTAATGGTTATACAAGTG,0,2310898
mcbAp5,0.14285714285714285,6,6,ATCGGTTAGTCCCCTAAGAG,0,2297107
mcbAp5,0.14285714285714285,6,6,ATCGGGAGCAGCAGCTGCTT,0,2267035
mcbAp5,0.14285714285714285,6,6,ATCGCGTCAGGCGTCCCCAT,0,2268876
mcbAp5,0.14285714285714285,6,6,ATCGATGGACATGATCCCTC,0,2289663
mcbAp5,0.14285714285714285,6,6,ATCCTAAGGCCGATCGCCAT,0,2312988
mcbAp5,0.14285714285714285,6,6,ATCCGCGTGGTCACGTTTAA,0,2302161
mcbAp5,0.14285714285714285,6,6,ATCCCGGGGAGCGGTAAGCG,0,2262491
mcbAp5,0.14285714285714285,6,6,ATCCCACGCGTATTGGACTA,0,2293603
mcbAp5,0.14285714285714285,6,6,ATCATTTTGGGTTCCGCTAT,0,2272516
mcbAp5,0.14285714285714285,6,6,ATCATTGGCGAGCGAGAAAG,0,2271008
mcbAp5,0.14285714285714285,6,6,ATCATCAGAGTAGCATTGAG,0,2273215
mcbAp5,0.14285714285714285,6,6,ATCATACGAAGACAAGGCTA,0,2263330
mcbAp5,0.14285714285714285,6,6,ATCATACCTCGAACGTGTAA,0,2276624
mcbAp5,0.14285714285714285,6,6,ATCAGGGCGTGCGTTCCGCG,0,2304008
mcbAp5,0.14285714285714285,6,6,ATCAAGGTAGTACCCGATTG,0,2265537
mcbAp5,0.14285714285714285,6,6,ATCAACGCGTGCGTGTGCCC,0,2283659
mcbAp5,0.14285714285714285,6,6,ATATGGGCCGAAAAACACAC,0,2273335
mcbAp5,0.14285714285714285,6,6,ATATATTGGCACGAAGGATG,0,2266268
mcbAp5,0.14285714285714285,6,6,ATAGTGCCTACCTGAAAACT,0,2303116
mcbAp5,0.14285714285714285,6,6,ATAGGCATATAGTCCCGTTT,0,2291278
mcbAp5,0.14285714285714285,6,6,ATAGATTCTCGAACGAAATC,0,2279917
mcbAp5,0.14285714285714285,6,6,ATACTTTCTGAAGGCCTCTA,0,2264773
mcbAp5,0.14285714285714285,6,6,ATACGGACAACTTCCAGCGG,0,2297171
mcbAp5,0.14285714285714285,6,6,ATACCATTTGATCTTGCGTG,0,2289947
mcbAp5,0.14285714285714285,6,6,ATAATAATGAGCCGTAAATG,0,2267836
mcbAp5,0.14285714285714285,6,6,ATAAGAGAAGCAGTTTCTAG,0,2278398
mcbAp5,0.14285714285714285,6,6,ATAACAAACATCCGGACCTC,0,2262686
mcbAp5,0.14285714285714285,6,6,ATAAATTAGATGTTTACACG,0,2306974
mcbAp5,0.14285714285714285,6,6,ATAAATGGGCGTTCACCTTC,0,2301459
mcbAp5,0.14285714285714285,6,6,ATAAACTGGGAAGTCAGGGA,0,2287774
mcbAp5,0.14285714285714285,6,6,AGTTTTGGTCTTATTACGTC,0,2283195
mcbAp5,0.14285714285714285,6,6,AGTTTGCAGTTCTACCGAAC,0,2277678
mcbAp5,0.14285714285714285,6,6,AGTTCGGTAAGAAATAGAGA,0,2278259
mcbAp5,0.14285714285714285,6,6,AGTTCGCTGTTGGGGTTCGT,0,2271015
mcbAp5,0.14285714285714285,6,6,AGTTATGTTGCAGTAATATG,0,2269520
mcbAp5,0.14285714285714285,6,6,AGTTAGGTATTCTCGGGAGA,0,2309623
mcbAp5,0.14285714285714285,6,6,AGTTAAGTGCTCGATGCGCT,0,2290493
mcbAp5,0.14285714285714285,6,6,AGTGATTCTTGAAAAAAGCA,0,2293365
mcbAp5,0.14285714285714285,6,6,AGTGACAGATAGGCTGGGTT,0,2290073
mcbAp5,0.14285714285714285,6,6,AGTCTGTTCAAGACGCCCTG,0,2306660
mcbAp5,0.14285714285714285,6,6,AGTCCCACCTCCGGGCAGAT,0,2294825
mcbAp5,0.14285714285714285,6,6,AGTCCAACCGATTTAACCCG,0,2307111
mcbAp5,0.14285714285714285,6,6,AGTAGTGCTGGTCTTTTTCA,0,2302725
mcbAp5,0.14285714285714285,6,6,AGTACTTCGATCTCCCGAAG,0,2293461
mcbAp5,0.14285714285714285,6,6,AGTAAAGCACACTGCCAACC,0,2296913
mcbAp5,0.14285714285714285,6,6,AGGTGAAGTGAGGCCCGGGT,0,2313345
mcbAp5,0.14285714285714285,6,6,AGGTATAAAATATGCATTAA,0,2286310
mcbAp5,0.14285714285714285,6,6,AGGGGTTTAACGTTTGATTT,0,2302478
mcbAp5,0.14285714285714285,6,6,AGGGCATCTTAACTTGAGTT,0,2282493
mcbAp5,0.14285714285714285,6,6,AGGGATGCATCGTAAGTTTG,0,2307837
mcbAp5,0.14285714285714285,6,6,AGGGAGTCCATAAACCATCT,0,2300135
mcbAp5,0.14285714285714285,6,6,AGGCTCTTCCAGTCTCCCCT,0,2284176
mcbAp5,0.14285714285714285,6,6,AGGCTCTAGCAAACTCGATG,0,2301321
mcbAp5,0.14285714285714285,6,6,AGGCGAGACGCTAGCCATAC,0,2283198
mcbAp5,0.14285714285714285,6,6,AGGCGAAGTCTCCACTTGTG,0,2314581
mcbAp5,0.14285714285714285,6,6,AGGCATGATGTACTCGCCCA,0,2284255
mcbAp5,0.14285714285714285,6,6,AGGCACTCCAAGGCGGGCGG,0,2282011
mcbAp5,0.14285714285714285,6,6,AGGCAACACTGCTCTGAGCG,0,2314392
mcbAp5,0.14285714285714285,6,6,AGGATGATCCAGTTCTCTTG,0,2265354
mcbAp5,0.14285714285714285,6,6,AGGATAAGATGCTATCGATC,0,2268312
mcbAp5,0.14285714285714285,6,6,AGGAGTATAAGTGGTATGGT,0,2261143
mcbAp5,0.14285714285714285,6,6,AGGACGCAGGCAAGTCGGAC,0,2278307
mcbAp5,0.14285714285714285,6,6,AGGAATCCTTTAATCTGTCC,0,2269536
mcbAp5,0.14285714285714285,6,6,AGGAAGTAAGTATCTTTCCC,0,2310436
mcbAp5,0.14285714285714285,6,6,AGGAAAGCCCTGTACGACAG,0,2291349
mcbAp5,0.14285714285714285,6,6,AGCTTCAACACGGTACTTGT,0,2277293
mcbAp5,0.14285714285714285,6,6,AGCTCGGTTATAAGCATCCT,0,2282656
mcbAp5,0.14285714285714285,6,6,AGCTCCATGGTCTCCACTAA,0,2312329
mcbAp5,0.14285714285714285,6,6,AGCGTCCGGCATGCTTTCAG,0,2299012
mcbAp5,0.14285714285714285,6,6,AGCGGTGGTGTTTAAGCTTA,0,2280268
mcbAp5,0.14285714285714285,6,6,AGCGGAGTTGGAGAGTTGAT,0,2281480
mcbAp5,0.14285714285714285,6,6,AGCGCCCCTGGCTATTGGGG,0,2266778
mcbAp5,0.14285714285714285,6,6,AGCCGCCGGCAGGTGGGACT,0,2294065
mcbAp5,0.14285714285714285,6,6,AGCCCATGGTCGATACGTCA,0,2292911
mcbAp5,0.14285714285714285,6,6,AGCCACGACTAAATCGTTGA,0,2289393
mcbAp5,0.14285714285714285,6,6,AGCAGTAACCAAATCTTTTC,0,2308291
mcbAp5,0.14285714285714285,6,6,AGCAGCAAACGATACTTTAT,0,2268357
mcbAp5,0.14285714285714285,6,6,AGCAAAACACCCGACGTTCA,0,2289174
mcbAp5,0.14285714285714285,6,6,AGATTAGTATTTAGGGAGAA,0,2304714
mcbAp5,0.14285714285714285,6,6,AGATTAAGTCCAACATGCGC,0,2315577
mcbAp5,0.14285714285714285,6,6,AGATCGTGCTCCTAATTTGA,0,2276072
mcbAp5,0.14285714285714285,6,6,AGATCAGAATTGCTACTATC,0,2297903
mcbAp5,0.14285714285714285,6,6,AGAGGACCCCTGTTTACACC,0,2281549
mcbAp5,0.14285714285714285,6,6,AGAGCGAGTTCTGGGACGAA,0,2299932
mcbAp5,0.14285714285714285,6,6,AGACTCGGTTACCGCACCGT,0,2285093
mcbAp5,0.14285714285714285,6,6,AGACTCGATGAGGGGCACGG,0,2265890
mcbAp5,0.14285714285714285,6,6,AGACGCTAAAATTAGGTGAG,0,2297509
mcbAp5,0.14285714285714285,6,6,AGACGATCTGGAAGCCCTAT,0,2306845
mcbAp5,0.14285714285714285,6,6,AGACCCCTGACCTATGAACT,0,2267797
mcbAp5,0.14285714285714285,6,6,AGACCATGGGTTCGCCTGTG,0,2268840
mcbAp5,0.14285714285714285,6,6,AGACATGAAACGGTACTTGT,0,2311134
mcbAp5,0.14285714285714285,6,6,ACTTGGTTCAGGGACGCTGG,0,2261287
mcbAp5,0.14285714285714285,6,6,ACTTGGTCATGGATCGCTGC,0,2282745
mcbAp5,0.14285714285714285,6,6,ACTTCCCGTACCCTACCGGA,0,2261737
mcbAp5,0.14285714285714285,6,6,ACTTACGAATCCTGCCGGCC,0,2311125
mcbAp5,0.14285714285714285,6,6,ACTGGGCTGCGAACCGTGAC,0,2274793
mcbAp5,0.14285714285714285,6,6,ACTGCGGCTTGCGGACGAGG,0,2268423
mcbAp5,0.14285714285714285,6,6,ACTGATGTGCAAGAACGTCC,0,2266316
mcbAp5,0.14285714285714285,6,6,ACTGAGTATCCGGCAGATTA,0,2308733
mcbAp5,0.14285714285714285,6,6,ACTGAAACCAACGTACTGGC,0,2287756
mcbAp5,0.14285714285714285,6,6,ACTCTCTGTTGCCCGATCTT,0,2299393
mcbAp5,0.14285714285714285,6,6,ACTCGTTAATCCTCTAGATA,0,2299674
mcbAp5,0.14285714285714285,6,6,ACTCGATCCCTACCCGATCT,0,2281223
mcbAp5,0.14285714285714285,6,6,ACTCCGATTTAAGACGGCCC,0,2295800
mcbAp5,0.14285714285714285,6,6,ACTCATGAGGTGCTCAGTTT,0,2301832
mcbAp5,0.14285714285714285,6,6,ACTATCGGCAACAGGGATGA,0,2287458
mcbAp5,0.14285714285714285,6,6,ACTATATCGGCGGTCTGCCT,0,2278319
mcbAp5,0.14285714285714285,6,6,ACGTTTCGGGCGAGGAAACA,0,2264179
mcbAp5,0.14285714285714285,6,6,ACGTTGGACGCAACATTTCA,0,2296066
mcbAp5,0.14285714285714285,6,6,ACGTTATATTGATAGCTGCA,0,2305400
mcbAp5,0.14285714285714285,6,6,ACGTCTTAGATAGCATTTGT,0,2268102
mcbAp5,0.14285714285714285,6,6,ACGTAAGTGAGGCCAGCCGC,0,2275319
mcbAp5,0.14285714285714285,6,6,ACGGTTTACCCTTATCACGC,0,2312588
mcbAp5,0.14285714285714285,6,6,ACGGTTGTAAGCAGCCCGGA,0,2300428
mcbAp5,0.14285714285714285,6,6,ACGGTTCCAGGGGCAACGGC,0,2272782
mcbAp5,0.14285714285714285,6,6,ACGGGTACTTATGGTAATAC,0,2296398
mcbAp5,0.14285714285714285,6,6,ACGGGGGTTTCCATTATCGT,0,2276912
mcbAp5,0.14285714285714285,6,6,ACGGCTATCAAGTGGAGACT,0,2300659
mcbAp5,0.14285714285714285,6,6,ACGGCGCGTGAAACCCCAGT,0,2315088
mcbAp5,0.14285714285714285,6,6,ACGCTCGGTAGGGCGCAAGG,0,2299310
mcbAp5,0.14285714285714285,6,6,ACGCTCAGACCTAGTCACAA,0,2312225
mcbAp5,0.14285714285714285,6,6,ACGCCTCCCAGGGCGACGCA,0,2272041
mcbAp5,0.14285714285714285,6,6,ACGCAACCTTCATCATTTAC,0,2263777
mcbAp5,0.14285714285714285,6,6,ACGATGGGACTCCTTAAATC,0,2308104
mcbAp5,0.14285714285714285,6,6,ACGACGAAGAGTCTACCATA,0,2304903
mcbAp5,0.14285714285714285,6,6,ACGAATCCTCCTTGCTCAAT,0,2262905
mcbAp5,0.14285714285714285,6,6,ACGAAGTTGCAAAGGTGTAT,0,2305516
mcbAp5,0.14285714285714285,6,6,ACCTTTGCAGCGTATCGAGA,0,2287047
mcbAp5,0.14285714285714285,6,6,ACCTTCCTGGAGGCAAAGGC,0,2305970
mcbAp5,0.14285714285714285,6,6,ACCTTAGGGATAGGTTTTGG,0,2275646
mcbAp5,0.14285714285714285,6,6,ACCTTACGCGTTCGGGGCTA,0,2311071
mcbAp5,0.14285714285714285,6,6,ACCTGTTTCTATGCACTCGG,0,2268127
mcbAp5,0.14285714285714285,6,6,ACCTGGCTCTTACCCGTACA,0,2282682
mcbAp5,0.14285714285714285,6,6,ACCGTTGATATGTCTTGTGC,0,2301099
mcbAp5,0.14285714285714285,6,6,ACCGGCGGCACGTATACATT,0,2293511
mcbAp5,0.14285714285714285,6,6,ACCGCGATACCTCATGGCCC,0,2271205
mcbAp5,0.14285714285714285,6,6,ACCCTAGAATGTAGTATCAT,0,2288260
mcbAp5,0.14285714285714285,6,6,ACCCTAAAGTCAGTCGTAGC,0,2273322
mcbAp5,0.14285714285714285,6,6,ACCATGTTACAAAATGCATG,0,2304800
mcbAp5,0.14285714285714285,6,6,ACCAGGTTATCTCACGTCCA,0,2286396
mcbAp5,0.14285714285714285,6,6,ACATCTTACGCGGCGTGGCA,0,2276221
mcbAp5,0.14285714285714285,6,6,ACATATTATGCCCTTAAGTG,0,2293174
mcbAp5,0.14285714285714285,6,6,ACAGTTTGGTCCCGGCTGCG,0,2289069
mcbAp5,0.14285714285714285,6,6,ACAGGGGAATGCTAGTAATA,0,2287368
mcbAp5,0.14285714285714285,6,6,ACAGCTGTCGCTACTGAAAG,0,2299125
mcbAp5,0.14285714285714285,6,6,ACAGATCCGCAGACGGGGGA,0,2314165
mcbAp5,0.14285714285714285,6,6,ACAGAAATTGTTATCCCAGT,0,2277170
mcbAp5,0.14285714285714285,6,6,ACAGAAACAGCAATCCAGAC,0,2281504
mcbAp5,0.14285714285714285,6,6,ACACCCCGTTCAGTAGGCTA,0,2302014
mcbAp5,0.14285714285714285,6,6,ACACCAATCTCCACTCCAAT,0,2272537
mcbAp5,0.14285714285714285,6,6,ACAATAAGAGGAAGTAAGCT,0,2282692
mcbAp5,0.14285714285714285,6,6,AATTTCGGTTATATGCATAT,0,2288859
mcbAp5,0.14285714285714285,6,6,AATTGTGCCCGTAGTAACTT,0,2271548
mcbAp5,0.14285714285714285,6,6,AATTGGCCACAAAGCTATTA,0,2303966
mcbAp5,0.14285714285714285,6,6,AATTGAGAAGTGTGTGCGTC,0,2276021
mcbAp5,0.14285714285714285,6,6,AATTGAAGCGCCGCGGACGT,0,2313224
mcbAp5,0.14285714285714285,6,6,AATTCTGGACGGTGAGCTTT,0,2301630
mcbAp5,0.14285714285714285,6,6,AATTCGGCGGTCAAAAACCC,0,2288963
mcbAp5,0.14285714285714285,6,6,AATTAGGCATGCCCTGAGTG,0,2297318
mcbAp5,0.14285714285714285,6,6,AATGGTTTGTTTTCTAGATA,0,2284298
mcbAp5,0.14285714285714285,6,6,AATGGTTTCACAATACCCGT,0,2299569
mcbAp5,0.14285714285714285,6,6,AATGGAATACGGGGGCAGAA,0,2283593
mcbAp5,0.14285714285714285,6,6,AATGCTGGGGTCCCAGTTCC,0,2275841
mcbAp5,0.14285714285714285,6,6,AATGATCAAAGAACACAACA,0,2277208
mcbAp5,0.14285714285714285,6,6,AATATCGCGTACTTAGTTAG,0,2271422
mcbAp5,0.14285714285714285,6,6,AATAGCGTTGTAAACAATGC,0,2281263
mcbAp5,0.14285714285714285,6,6,AATAAGGTGAGTTACGCTTA,0,2311364
mcbAp5,0.14285714285714285,6,6,AAGTACTTATACTTGAGTAA,0,2267428
mcbAp5,0.14285714285714285,6,6,AAGGTCGCGTCGGGTATGTG,0,2266303
mcbAp5,0.14285714285714285,6,6,AAGGTAACTCAACTTGGTTG,0,2271441
mcbAp5,0.14285714285714285,6,6,AAGGGCTCTGATATCTGCTC,0,2292487
mcbAp5,0.14285714285714285,6,6,AAGGGATAAGTTAACAGGGC,0,2289041
mcbAp5,0.14285714285714285,6,6,AAGGGAAGGGTCAGGGGGAG,0,2273461
mcbAp5,0.14285714285714285,6,6,AAGATAGTTGTAGCCAACGG,0,2279771
mcbAp5,0.14285714285714285,6,6,AAGAAGCCCAGGACCCTCTC,0,2309211
mcbAp5,0.14285714285714285,6,6,AACTTCGTGTGATGAACCAG,0,2268205
mcbAp5,0.14285714285714285,6,6,AACTGGTCCGTAGGTACTGG,0,2272212
mcbAp5,0.14285714285714285,6,6,AACTATGAATTAGCAGAGAT,0,2293689
mcbAp5,0.14285714285714285,6,6,AACTAGAAACGGCAGATTCC,0,2296187
mcbAp5,0.14285714285714285,6,6,AACGTGTGTACTCGACGTGG,0,2284455
mcbAp5,0.14285714285714285,6,6,AACGACTGGAGGGACGTACT,0,2303390
mcbAp5,0.14285714285714285,6,6,AACGACCGCAGTGATGACGT,0,2314376
mcbAp5,0.14285714285714285,6,6,AACCTATCGATTCCCGCAAC,0,2275073
mcbAp5,0.14285714285714285,6,6,AACCGGAGGACTGACCGATC,0,2268586
mcbAp5,0.14285714285714285,6,6,AACCGCCTTGTCGGACTGGT,0,2315302
mcbAp5,0.14285714285714285,6,6,AACCGCACTTTAAGCAGCGA,0,2271297
mcbAp5,0.14285714285714285,6,6,AACCCGTGGTGCGATATCTT,0,2290309
mcbAp5,0.14285714285714285,6,6,AACCAGACCCGCGTGGCCCC,0,2306633
mcbAp5,0.14285714285714285,6,6,AACCACAGCCGGATATATAA,0,2267751
mcbAp5,0.14285714285714285,6,6,AACATGTGCCGTTATCGTTG,0,2297771
mcbAp5,0.14285714285714285,6,6,AACATCGTTCTCACTAGAAT,0,2305341
mcbAp5,0.14285714285714285,6,6,AACAGTCAATTAGTGGAGAT,0,2287119
mcbAp5,0.14285714285714285,6,6,AACACAGCTTCGCGAGTATA,0,2283175
mcbAp5,0.14285714285714285,6,6,AACACAATTTCATCTAGAGG,0,2294958
mcbAp5,0.14285714285714285,6,6,AACAAGGGAGGAAGCTTAAG,0,2271188
mcbAp5,0.14285714285714285,6,6,AAATCAGGTTTATTCTGCGA,0,2290849
mcbAp5,0.14285714285714285,6,6,AAACTTAGATTACTTCCATA,0,2279478
mcbAp5,0.14285714285714285,6,6,AAACTTAACCCTTGCATAGC,0,2287975
mcbAp5,0.14285714285714285,6,6,AAACGCCAGCTCACCCTGGC,0,2261118
mcbAp5,0.14285714285714285,6,6,AAACGCAGTGACGCCTAGGG,0,2304885
mcbAp5,0.14285714285714285,6,6,AAACAGAGGCGAACGTCATT,0,2297563
mcbAp5,0.14285714285714285,6,6,AAAAAGATCAGGTGAGGATG,0,2296118
mcbAp5,0.14285714285714285,6,6,AAAAACCTCCTTATTGTCAT,0,2306519
mcbAp5,0.16666666666666666,5,5,TTTTTGCATATACCCATGTG,0,2280056
mcbAp5,0.16666666666666666,5,5,TTTTTATTAGACTAGCATTA,0,2311074
mcbAp5,0.16666666666666666,5,5,TTTTGGTTCTATGTATTGGG,0,2307092
mcbAp5,0.16666666666666666,5,5,TTTTCTATTTACCGTGTTCA,0,2276368
mcbAp5,0.16666666666666666,5,5,TTTTCCATAAGCGTCACATA,0,2275024
mcbAp5,0.16666666666666666,5,5,TTTGGTTGGGATAATGAACA,0,2281526
mcbAp5,0.16666666666666666,5,5,TTTGGGAGGCGCCTCGAGGA,0,2291219
mcbAp5,0.16666666666666666,5,5,TTTGCGGCCATCGGACATGG,0,2315021
mcbAp5,0.16666666666666666,5,5,TTTGCATTCTGTACGTCCTT,0,2279438
mcbAp5,0.16666666666666666,5,5,TTTGACTCGTGACTATCAAA,0,2295039
mcbAp5,0.16666666666666666,5,5,TTTCCCTAACGTTAAAGTGG,0,2276268
mcbAp5,0.16666666666666666,5,5,TTTCATCAGTTAAAGACCTT,0,2302987
mcbAp5,0.16666666666666666,5,5,TTTAGGGTGCTGACTGTTCT,0,2276793
mcbAp5,0.16666666666666666,5,5,TTTAGGGATGCGGGGGATGT,0,2274127
mcbAp5,0.16666666666666666,5,5,TTTAGCGGCGGGACGGGTTT,0,2297506
mcbAp5,0.16666666666666666,5,5,TTTAGCCGAGCCTAGAGATC,0,2262457
mcbAp5,0.16666666666666666,5,5,TTTAGAAGACCGGGGATTCT,0,2285944
mcbAp5,0.16666666666666666,5,5,TTTAAGGATAAGCCACTCTA,0,2315640
mcbAp5,0.16666666666666666,5,5,TTGTCATATTTTGCTTAAAG,0,2299559
mcbAp5,0.16666666666666666,5,5,TTGGGGACGGAGTAATGTTT,0,2271234
mcbAp5,0.16666666666666666,5,5,TTGGCGTCACAAGGTAACGG,0,2289157
mcbAp5,0.16666666666666666,5,5,TTGCGTATGTAGACCAGACT,0,2297497
mcbAp5,0.16666666666666666,5,5,TTGCGGCCAGGCGGGTACGG,0,2277334
mcbAp5,0.16666666666666666,5,5,TTGCGGAATCAATATAGATG,0,2274326
mcbAp5,0.16666666666666666,5,5,TTGCCAGCGTCACCTATTGC,0,2284170
mcbAp5,0.16666666666666666,5,5,TTGCATGAGCGCGAGTTCAT,0,2280748
mcbAp5,0.16666666666666666,5,5,TTGCATGAGAGATTGGCCTT,0,2274248
mcbAp5,0.16666666666666666,5,5,TTGCAGCCCATGCCGTTGTC,0,2298813
mcbAp5,0.16666666666666666,5,5,TTGCACTAAGATTCTGCTAC,0,2264880
mcbAp5,0.16666666666666666,5,5,TTGACCCAATCACGGGCTCA,0,2301724
mcbAp5,0.16666666666666666,5,5,TTCTGAGGCACGTGGCCTGA,0,2302533
mcbAp5,0.16666666666666666,5,5,TTCTCTGTTTGGACTACAGT,0,2275642
mcbAp5,0.16666666666666666,5,5,TTCTAGGCGACGTCTTGAAA,0,2271078
mcbAp5,0.16666666666666666,5,5,TTCTACCGAGATAAATTACG,0,2269742
mcbAp5,0.16666666666666666,5,5,TTCGGGATCTATATTGGAGG,0,2299107
mcbAp5,0.16666666666666666,5,5,TTCGGCACGCAGGGCCGCAA,0,2305438
mcbAp5,0.16666666666666666,5,5,TTCGATTAGAGAGCTTGTTT,0,2292176
mcbAp5,0.16666666666666666,5,5,TTCGACAACAAGGGAGGGGT,0,2282900
mcbAp5,0.16666666666666666,5,5,TTCCGCTAACGACGATACTA,0,2311028
mcbAp5,0.16666666666666666,5,5,TTCCGCCCCCTTAGCTGGAG,0,2315003
mcbAp5,0.16666666666666666,5,5,TTCCCGTAGCCACTTTACAG,0,2296185
mcbAp5,0.16666666666666666,5,5,TTCCCGCCGCACGCTCTATA,0,2276008
mcbAp5,0.16666666666666666,5,5,TTCATCGAAAGACTGCAACT,0,2263232
mcbAp5,0.16666666666666666,5,5,TTCACTAGGGATTGATCCGA,0,2274720
mcbAp5,0.16666666666666666,5,5,TTCACGGACCTGCTTAACGT,0,2279672
mcbAp5,0.16666666666666666,5,5,TTCAAAGTGGATGCGGGTTC,0,2279721
mcbAp5,0.16666666666666666,5,5,TTCAAACTAAAGTCGAACTT,0,2269487
mcbAp5,0.16666666666666666,5,5,TTATCTGAGTAAATCGTTAT,0,2276622
mcbAp5,0.16666666666666666,5,5,TTATCGAGCTCGAATAAAAT,0,2299817
mcbAp5,0.16666666666666666,5,5,TTATCCCCCTCTAGGGATAC,0,2314883
mcbAp5,0.16666666666666666,5,5,TTATCCCAGACTACCATAAG,0,2286702
mcbAp5,0.16666666666666666,5,5,TTATAGAGTGCGGATAATGC,0,2265177
mcbAp5,0.16666666666666666,5,5,TTAGTGGAAGCGTGGAAGAA,0,2307581
mcbAp5,0.16666666666666666,5,5,TTAGTCCTCGGTGTATGACG,0,2285543
mcbAp5,0.16666666666666666,5,5,TTAGTAGGCACGTTATTGTC,0,2263938
mcbAp5,0.16666666666666666,5,5,TTAGGGAGCTCCTGTTTTCC,0,2279308
mcbAp5,0.16666666666666666,5,5,TTAGGCTGAGCTTGGCGGGG,0,2278605
mcbAp5,0.16666666666666666,5,5,TTAGGAAGGATTACATTTAC,0,2262322
mcbAp5,0.16666666666666666,5,5,TTAGCCTGAAAACGTAAAGA,0,2284035
mcbAp5,0.16666666666666666,5,5,TTAGCAATAGGATTTATGAG,0,2296081
mcbAp5,0.16666666666666666,5,5,TTAGAAGGTTCCGACATTTC,0,2270000
mcbAp5,0.16666666666666666,5,5,TTACTGGTACGCGTGCATAA,0,2291296
mcbAp5,0.16666666666666666,5,5,TTACGGAGAGTACCTGATCG,0,2297555
mcbAp5,0.16666666666666666,5,5,TTACATTTATGACCCTAGAC,0,2298830
mcbAp5,0.16666666666666666,5,5,TTAAGGATATGGGGGGATTT,0,2303885
mcbAp5,0.16666666666666666,5,5,TTAACCCTAAATCGATGTGA,0,2309125
mcbAp5,0.16666666666666666,5,5,TGTTTACAAAATCCGAGGAA,0,2278021
mcbAp5,0.16666666666666666,5,5,TGTTCGAGCGCGGGAGTAAG,0,2284616
mcbAp5,0.16666666666666666,5,5,TGTTCCCTAGGGTTTAGCGG,0,2299644
mcbAp5,0.16666666666666666,5,5,TGTGTGCTCTGCATTAAAGA,0,2284610
mcbAp5,0.16666666666666666,5,5,TGTGGGTGTCAGTACAGTAG,0,2287902
mcbAp5,0.16666666666666666,5,5,TGTGCAACGCTCATGTAAAG,0,2308586
mcbAp5,0.16666666666666666,5,5,TGTCAATATATCGGGTCACT,0,2302185
mcbAp5,0.16666666666666666,5,5,TGTATGTGCGGTCGCGTCTA,0,2267737
mcbAp5,0.16666666666666666,5,5,TGTAGGAAGGCACTCCAGAA,0,2282729
mcbAp5,0.16666666666666666,5,5,TGTACGAAGTGATACTTCGG,0,2263036
mcbAp5,0.16666666666666666,5,5,TGGTGTGGACAGGCCTGACG,0,2266235
mcbAp5,0.16666666666666666,5,5,TGGTCCGCTTCATGCCTTTA,0,2276605
mcbAp5,0.16666666666666666,5,5,TGGTCCAAGAGCCTAACGAA,0,2313056
mcbAp5,0.16666666666666666,5,5,TGGTCACCGGCTACAACCCC,0,2303417
mcbAp5,0.16666666666666666,5,5,TGGTCAATGTGCGAAAGGTT,0,2285010
mcbAp5,0.16666666666666666,5,5,TGGGTTCACGTGCACGCCGA,0,2285803
mcbAp5,0.16666666666666666,5,5,TGGGTTATGCAGCCATAGAT,0,2282204
mcbAp5,0.16666666666666666,5,5,TGGGAGTAGAGGGTAACCCT,0,2279989
mcbAp5,0.16666666666666666,5,5,TGGGAAGGTGTCCGAGCACA,0,2307077
mcbAp5,0.16666666666666666,5,5,TGGCGGGGTTAGGCCATAGG,0,2298387
mcbAp5,0.16666666666666666,5,5,TGGCGGATAGCCTCGCTGCC,0,2279713
mcbAp5,0.16666666666666666,5,5,TGGCAAGCTTGAGTGCAACT,0,2281597
mcbAp5,0.16666666666666666,5,5,TGGATTTGCGACCCGAAAAC,0,2294913
mcbAp5,0.16666666666666666,5,5,TGGATCGTAGGTCTAGTCTC,0,2290519
mcbAp5,0.16666666666666666,5,5,TGGAGCGGTGATCGGTACAA,0,2301258
mcbAp5,0.16666666666666666,5,5,TGGACTCCCGAAACCGGGGC,0,2266867
mcbAp5,0.16666666666666666,5,5,TGGACGGAAATTAGACATTT,0,2312634
mcbAp5,0.16666666666666666,5,5,TGGAACTTTCTGTCTTATAA,0,2297617
mcbAp5,0.16666666666666666,5,5,TGCTTTGTCCAGTGACACTT,0,2308614
mcbAp5,0.16666666666666666,5,5,TGCTTGGAATAATTGGCACG,0,2261316
mcbAp5,0.16666666666666666,5,5,TGCTGCGTTCAACGACAGAC,0,2306727
mcbAp5,0.16666666666666666,5,5,TGCTCTTCGGTTTATCAGAA,0,2301559
mcbAp5,0.16666666666666666,5,5,TGCTATTATAGGTGGTTGCT,0,2290135
mcbAp5,0.16666666666666666,5,5,TGCTAGTCGATATGTCCGGG,0,2262754
mcbAp5,0.16666666666666666,5,5,TGCGTGGAGGAGTTGAAGTT,0,2281394
mcbAp5,0.16666666666666666,5,5,TGCGTCCAACCATGCGGGTG,0,2269103
mcbAp5,0.16666666666666666,5,5,TGCGTAATACCAGACTTAAA,0,2272019
mcbAp5,0.16666666666666666,5,5,TGCGCCCATATGCGCATAGT,0,2270475
mcbAp5,0.16666666666666666,5,5,TGCGAGCTGGCCGTGAGCGT,0,2314725
mcbAp5,0.16666666666666666,5,5,TGCCTTCGCTTTTCTCTGAG,0,2297216
mcbAp5,0.16666666666666666,5,5,TGCCTATCAGGGGTTTCCTT,0,2286091
mcbAp5,0.16666666666666666,5,5,TGCCCTTTACTTAACAGAAA,0,2300841
mcbAp5,0.16666666666666666,5,5,TGCCATGCTCACAGGGTAGT,0,2288278
mcbAp5,0.16666666666666666,5,5,TGCCAGCCCTGGGATTCGGT,0,2298061
mcbAp5,0.16666666666666666,5,5,TGCAGCTAAACCAGGTGGTC,0,2289084
mcbAp5,0.16666666666666666,5,5,TGCAGCATGCTCCAACCGTT,0,2275018
mcbAp5,0.16666666666666666,5,5,TGCAGATTCAGATTCGTAAG,0,2305695
mcbAp5,0.16666666666666666,5,5,TGATTGTCCGCAAAAGTTAT,0,2265936
mcbAp5,0.16666666666666666,5,5,TGATGGGAATGGCAGGCCCC,0,2296819
mcbAp5,0.16666666666666666,5,5,TGATCGCAGTTTAAGCGATT,0,2262728
mcbAp5,0.16666666666666666,5,5,TGATCGAGTCACTGGAGAAC,0,2276794
mcbAp5,0.16666666666666666,5,5,TGATCAACTTCCGACAAGAG,0,2285622
mcbAp5,0.16666666666666666,5,5,TGAGTGCACTCAACAGTCAA,0,2289648
mcbAp5,0.16666666666666666,5,5,TGAGTCACATGACAGAGCTG,0,2285831
mcbAp5,0.16666666666666666,5,5,TGAGGCATAATGACTGAGGT,0,2312696
mcbAp5,0.16666666666666666,5,5,TGAGCCAGCTATAGCTGAAC,0,2261294
mcbAp5,0.16666666666666666,5,5,TGAGAGAAAAGAATTAGCTC,0,2311976
mcbAp5,0.16666666666666666,5,5,TGACCTGGAAACGCCTCATG,0,2277838
mcbAp5,0.16666666666666666,5,5,TGAATTTATGGCGGGTCTGT,0,2303413
mcbAp5,0.16666666666666666,5,5,TGAAGTGCCCGGAAACCGGT,0,2288835
mcbAp5,0.16666666666666666,5,5,TGAAGCAAAGCTGCGCCCCG,0,2271978
mcbAp5,0.16666666666666666,5,5,TGAACGTAGCAGGCTTCGCG,0,2295195
mcbAp5,0.16666666666666666,5,5,TGAACGACCGTGGATACTGT,0,2289185
mcbAp5,0.16666666666666666,5,5,TGAAAGCACGGGGCTGCGGC,0,2311554
mcbAp5,0.16666666666666666,5,5,TGAAAAGGAGCCATGTCTGC,0,2278356
mcbAp5,0.16666666666666666,5,5,TCTTGTTGGCGTAATTTACA,0,2299383
mcbAp5,0.16666666666666666,5,5,TCTTCGTGTTAACAACAGAT,0,2264220
mcbAp5,0.16666666666666666,5,5,TCTTATCGACCGGCCTGTCG,0,2288123
mcbAp5,0.16666666666666666,5,5,TCTTACTGGACCCAAGGACT,0,2307187
mcbAp5,0.16666666666666666,5,5,TCTTAATGCATTTTTGTGGT,0,2297650
mcbAp5,0.16666666666666666,5,5,TCTGTATCTACCCAAATTCG,0,2272788
mcbAp5,0.16666666666666666,5,5,TCTGGAGTGTTCACGTAATA,0,2264782
mcbAp5,0.16666666666666666,5,5,TCTGAGGCACTGAGGTAAAT,0,2300542
mcbAp5,0.16666666666666666,5,5,TCTCTTCGCTGTAGTGTGTT,0,2269268
mcbAp5,0.16666666666666666,5,5,TCTCTATTACCTAGAGACCT,0,2281841
mcbAp5,0.16666666666666666,5,5,TCTCCTCAGAGCACAGATTC,0,2288242
mcbAp5,0.16666666666666666,5,5,TCTCCATAAAGAGCAGTCAG,0,2262820
mcbAp5,0.16666666666666666,5,5,TCTCCAGCCGGGTACCCAAA,0,2275721
mcbAp5,0.16666666666666666,5,5,TCTCAGTGACATTACTTGTA,0,2279773
mcbAp5,0.16666666666666666,5,5,TCTCAGTCATTGACGTTCAT,0,2290258
mcbAp5,0.16666666666666666,5,5,TCTCAAGAGGGATACACTTT,0,2278262
mcbAp5,0.16666666666666666,5,5,TCTCAAAGGTAGTCGCTCGG,0,2263654
mcbAp5,0.16666666666666666,5,5,TCTATTGTATGTAACTCGCA,0,2283002
mcbAp5,0.16666666666666666,5,5,TCTAGGAAAGCAAGTCATTG,0,2277360
mcbAp5,0.16666666666666666,5,5,TCTAGCTTCTGTCAAAAGGG,0,2294173
mcbAp5,0.16666666666666666,5,5,TCTACGGAAAACCATACCAA,0,2306517
mcbAp5,0.16666666666666666,5,5,TCGTTACGGCATACAACCTG,0,2288753
mcbAp5,0.16666666666666666,5,5,TCGTCATTGTGTCTTGAAGG,0,2311849
mcbAp5,0.16666666666666666,5,5,TCGGTTGCAAGAAAGGTTAC,0,2267232
mcbAp5,0.16666666666666666,5,5,TCGGTGTTTCATCCAGGGCA,0,2278362
mcbAp5,0.16666666666666666,5,5,TCGGTCGTTTTCAGCGGTCT,0,2298075
mcbAp5,0.16666666666666666,5,5,TCGGGTTATATCAAATTTGG,0,2288062
mcbAp5,0.16666666666666666,5,5,TCGGGGGGATTTGGTTTGAA,0,2285530
mcbAp5,0.16666666666666666,5,5,TCGGCCGATGTGCGCTGGTG,0,2270879
mcbAp5,0.16666666666666666,5,5,TCGGATACCACGGTGGGCAT,0,2301041
mcbAp5,0.16666666666666666,5,5,TCGGACAGCGTTGTCCGAAT,0,2296332
mcbAp5,0.16666666666666666,5,5,TCGCTTCAACAGCTAAGGGT,0,2277958
mcbAp5,0.16666666666666666,5,5,TCGCTGTGTCTTGCTCACGA,0,2299599
mcbAp5,0.16666666666666666,5,5,TCGCTCAAATGTTCACTAAT,0,2306523
mcbAp5,0.16666666666666666,5,5,TCGCGTGATTAGGAGTGCCG,0,2288582
mcbAp5,0.16666666666666666,5,5,TCGCGTATCATGACCTCACT,0,2281844
mcbAp5,0.16666666666666666,5,5,TCGCGCATGCGCAAATCTTC,0,2298526
mcbAp5,0.16666666666666666,5,5,TCGCCGACCAAACGGCTTTT,0,2288444
mcbAp5,0.16666666666666666,5,5,TCGCATCCCAAGCAGCGGCT,0,2313665
mcbAp5,0.16666666666666666,5,5,TCGCACCCAGTGGCATCAAA,0,2276824
mcbAp5,0.16666666666666666,5,5,TCGATCTCTCCCCGAGCCGC,0,2309643
mcbAp5,0.16666666666666666,5,5,TCGACGGCATTGTAGAACAA,0,2298412
mcbAp5,0.16666666666666666,5,5,TCGAACGCGACATACCCTCA,0,2315968
mcbAp5,0.16666666666666666,5,5,TCCTGTAGCCCTCATATAGT,0,2297185
mcbAp5,0.16666666666666666,5,5,TCCTGGGTAAAATGTCGGCG,0,2289468
mcbAp5,0.16666666666666666,5,5,TCCTGCTGCGTTCTACTCGA,0,2276270
mcbAp5,0.16666666666666666,5,5,TCCTACTGGGAACTGCGCCT,0,2274286
mcbAp5,0.16666666666666666,5,5,TCCGTGGGAATGCAGCGCAA,0,2267440
mcbAp5,0.16666666666666666,5,5,TCCGTGGAATATCGAAAGAA,0,2316125
mcbAp5,0.16666666666666666,5,5,TCCGTAGGAGGGGTCGTCAT,0,2283325
mcbAp5,0.16666666666666666,5,5,TCCGTACTTCGCGTGCGGGC,0,2269737
mcbAp5,0.16666666666666666,5,5,TCCGGTGTTAGTGATGAATG,0,2307078
mcbAp5,0.16666666666666666,5,5,TCCGGTAACTAAGTCCGCTC,0,2290952
mcbAp5,0.16666666666666666,5,5,TCCGGGCGTACGGCGCCTAT,0,2263401
mcbAp5,0.16666666666666666,5,5,TCCGAAAACAGGTAATGTTT,0,2288526
mcbAp5,0.16666666666666666,5,5,TCCCTCTCGTAATACGTATA,0,2311882
mcbAp5,0.16666666666666666,5,5,TCCCGACTGCCTGGGTCGAG,0,2312336
mcbAp5,0.16666666666666666,5,5,TCCCATCTTCAACTTTGTAT,0,2267895
mcbAp5,0.16666666666666666,5,5,TCCAGGGGAGAGGCGGCGGT,0,2280558
mcbAp5,0.16666666666666666,5,5,TCCAGGACCGTACGCTAAGC,0,2262815
mcbAp5,0.16666666666666666,5,5,TCCAAACCCATCAACCGTTA,0,2278237
mcbAp5,0.16666666666666666,5,5,TCATGAACTGCCCGACGTTT,0,2273595
mcbAp5,0.16666666666666666,5,5,TCATCTGGTGAGTATAGGAA,0,2311496
mcbAp5,0.16666666666666666,5,5,TCATCTGATGCTGCTGTGAT,0,2288941
mcbAp5,0.16666666666666666,5,5,TCATCGGGAGTGTGTTCGAG,0,2282308
mcbAp5,0.16666666666666666,5,5,TCATCGCCTATCCTCCGGAT,0,2311084
mcbAp5,0.16666666666666666,5,5,TCATCAGTCGCCGGGCCATA,0,2288065
mcbAp5,0.16666666666666666,5,5,TCATAGCCAGGTCTAAAGGA,0,2272965
mcbAp5,0.16666666666666666,5,5,TCATACAGTATTAAGAGGGA,0,2295074
mcbAp5,0.16666666666666666,5,5,TCAGGCACAGTACTGCAGTC,0,2292566
mcbAp5,0.16666666666666666,5,5,TCAGGAAAGAAACATGAAAA,0,2287082
mcbAp5,0.16666666666666666,5,5,TCAGACCGACTCTCGGGGGA,0,2287041
mcbAp5,0.16666666666666666,5,5,TCACTATTGTATAATGTTAA,0,2273910
mcbAp5,0.16666666666666666,5,5,TCACGCCTTCCCATATGGAC,0,2262324
mcbAp5,0.16666666666666666,5,5,TCACCAGAGTCATGAAATAA,0,2284394
mcbAp5,0.16666666666666666,5,5,TCACATTTGGTCAATGACAA,0,2265857
mcbAp5,0.16666666666666666,5,5,TCACAGTTACGTCAGTTCTG,0,2263762
mcbAp5,0.16666666666666666,5,5,TCACAGGCAGTTGTACAGCT,0,2296741
mcbAp5,0.16666666666666666,5,5,TCAATCGACAGATCGTCCAT,0,2276831
mcbAp5,0.16666666666666666,5,5,TCAACCGAGCTCCGTTCGGG,0,2286947
mcbAp5,0.16666666666666666,5,5,TCAAAGTCAAGTAATTAATA,0,2311163
mcbAp5,0.16666666666666666,5,5,TCAAAATGTAGCAATCCTGC,0,2283156
mcbAp5,0.16666666666666666,5,5,TATTTGAAGTTGTACGAATG,0,2262067
mcbAp5,0.16666666666666666,5,5,TATTGGGATGGTTAGTTGGT,0,2294214
mcbAp5,0.16666666666666666,5,5,TATTGGGACCTCCGCGGACA,0,2285789
mcbAp5,0.16666666666666666,5,5,TATTACAGTAGCCTTGCCTT,0,2302879
mcbAp5,0.16666666666666666,5,5,TATGGCGATATACTGGCCCT,0,2272518
mcbAp5,0.16666666666666666,5,5,TATGGACACCAAGGAGTATA,0,2312165
mcbAp5,0.16666666666666666,5,5,TATGCCAGTTCAGGTGAAGG,0,2284806
mcbAp5,0.16666666666666666,5,5,TATCTACAATTCTGGGGGTC,0,2267395
mcbAp5,0.16666666666666666,5,5,TATCGCCCGGTAATCCTTCT,0,2265385
mcbAp5,0.16666666666666666,5,5,TATCCGTCAACCCGCTTCTG,0,2263716
mcbAp5,0.16666666666666666,5,5,TATCCGATCCTCTTCCATTG,0,2269936
mcbAp5,0.16666666666666666,5,5,TATATGTTGTCAAAGAGGTT,0,2290325
mcbAp5,0.16666666666666666,5,5,TATACTCCACCATTACGGCA,0,2275562
mcbAp5,0.16666666666666666,5,5,TAGTGGCTGATGCTCTGGCT,0,2282432
mcbAp5,0.16666666666666666,5,5,TAGGTTTAATGAATTAAAAT,0,2280521
mcbAp5,0.16666666666666666,5,5,TAGGTTGGTTTCCTCGGGTT,0,2284738
mcbAp5,0.16666666666666666,5,5,TAGGTATAATATGATCAGGA,0,2311500
mcbAp5,0.16666666666666666,5,5,TAGGCTTTGACCACAATCCA,0,2274740
mcbAp5,0.16666666666666666,5,5,TAGGCGGTTCTGGTTCGCGT,0,2304046
mcbAp5,0.16666666666666666,5,5,TAGGAGTATTGTAAACATAG,0,2308555
mcbAp5,0.16666666666666666,5,5,TAGGAGGGGCAATTGTCCTT,0,2268126
mcbAp5,0.16666666666666666,5,5,TAGGACCCTGCGGTGGCAAT,0,2269174
mcbAp5,0.16666666666666666,5,5,TAGCTTGATTTATGATAATG,0,2290640
mcbAp5,0.16666666666666666,5,5,TAGCTCAGATGGTCTTACGG,0,2304947
mcbAp5,0.16666666666666666,5,5,TAGCGTTTTCGAGTGGCTGA,0,2282218
mcbAp5,0.16666666666666666,5,5,TAGCGGTGGATGACCCGGAC,0,2302620
mcbAp5,0.16666666666666666,5,5,TAGCGCGTCGTGCGGGACAT,0,2280127
mcbAp5,0.16666666666666666,5,5,TAGCCTCAGTAGAGGCCATA,0,2293859
mcbAp5,0.16666666666666666,5,5,TAGCCATGGGCAGCGGACAC,0,2285801
mcbAp5,0.16666666666666666,5,5,TAGCCATAGTGAGACCGTCT,0,2299150
mcbAp5,0.16666666666666666,5,5,TAGCATCCAGTCAGTAGGCC,0,2279043
mcbAp5,0.16666666666666666,5,5,TAGCATCAAGTTAACGGTCG,0,2287370
mcbAp5,0.16666666666666666,5,5,TAGCACTCGGTCTCAAGGGG,0,2311142
mcbAp5,0.16666666666666666,5,5,TAGCACGTCAACCTAAGAAT,0,2298896
mcbAp5,0.16666666666666666,5,5,TAGCAACCTGCTCCGACGAT,0,2307150
mcbAp5,0.16666666666666666,5,5,TAGACTGGCCTACGTCACTA,0,2281940
mcbAp5,0.16666666666666666,5,5,TAGACTAATCGAGCATGGCA,0,2273836
mcbAp5,0.16666666666666666,5,5,TAGAACGGATGTACGTTCCC,0,2312743
mcbAp5,0.16666666666666666,5,5,TACTTCTGCCCACCCAGGAT,0,2295633
mcbAp5,0.16666666666666666,5,5,TACTGCGCCTGGTCTAAAGA,0,2276418
mcbAp5,0.16666666666666666,5,5,TACTCCCCACAGCCCTTTGA,0,2262835
mcbAp5,0.16666666666666666,5,5,TACGGTGCTTTAGGTCCACA,0,2281733
mcbAp5,0.16666666666666666,5,5,TACGGTGACACCGACTACAC,0,2292013
mcbAp5,0.16666666666666666,5,5,TACGGGTCTATAGAATGCGT,0,2267441
mcbAp5,0.16666666666666666,5,5,TACGGATGACTTCGAGTAAA,0,2279061
mcbAp5,0.16666666666666666,5,5,TACCACGTACGAAGGAAATG,0,2301771
mcbAp5,0.16666666666666666,5,5,TACATTCCATACACCTTTGT,0,2295264
mcbAp5,0.16666666666666666,5,5,TACATGGTTTGCTCTAGCTC,0,2295533
mcbAp5,0.16666666666666666,5,5,TACATCTTCAAAAGTCTACG,0,2275903
mcbAp5,0.16666666666666666,5,5,TACAGTGTTTTAAGCACGCC,0,2293539
mcbAp5,0.16666666666666666,5,5,TACACTATAGGCGGTCCGGC,0,2285064
mcbAp5,0.16666666666666666,5,5,TACACGCCCGGGTGCATCGA,0,2267187
mcbAp5,0.16666666666666666,5,5,TACAATCAAGTTCGCGCTTT,0,2302851
mcbAp5,0.16666666666666666,5,5,TACAAAGCACCGTTGGGCGG,0,2266807
mcbAp5,0.16666666666666666,5,5,TAATTCCCTAACATCGACAT,0,2280186
mcbAp5,0.16666666666666666,5,5,TAATTCACAAAAAACAAGTA,0,2313337
mcbAp5,0.16666666666666666,5,5,TAATGTTAGGTTTGTGTTGT,0,2281321
mcbAp5,0.16666666666666666,5,5,TAATCGGACGGGCCAGCCTT,0,2281108
mcbAp5,0.16666666666666666,5,5,TAAGCTTTTTGGGCCGCGCA,0,2269260
mcbAp5,0.16666666666666666,5,5,TAAGCCGGAGGAGGAATTTA,0,2271888
mcbAp5,0.16666666666666666,5,5,TAACGAAATCTAGGGTCCCC,0,2262017
mcbAp5,0.16666666666666666,5,5,TAACCCCTTATCCCGTTTTT,0,2280343
mcbAp5,0.16666666666666666,5,5,TAACCCATATCAAAGATCGA,0,2275316
mcbAp5,0.16666666666666666,5,5,TAAAGTATCCAGTCAGACCC,0,2295416
mcbAp5,0.16666666666666666,5,5,TAAAGGCCGCGAAGCGAGGA,0,2282335
mcbAp5,0.16666666666666666,5,5,TAAACCGAAGTTGTGGACAC,0,2275554
mcbAp5,0.16666666666666666,5,5,TAAACCATGATGGGTTGAAT,0,2282296
mcbAp5,0.16666666666666666,5,5,TAAAACACTATGGGTCAGTG,0,2273686
mcbAp5,0.16666666666666666,5,5,TAAAAATTCGCGGCCCTCAG,0,2264648
mcbAp5,0.16666666666666666,5,5,GTTTTGCGCATTACCTCTAA,0,2264747
mcbAp5,0.16666666666666666,5,5,GTTTTATCTCACCGGTACCG,0,2277002
mcbAp5,0.16666666666666666,5,5,GTTTCGACTTGAACTCGGAA,0,2275281
mcbAp5,0.16666666666666666,5,5,GTTTATTACCACTCGCTTGT,0,2273354
mcbAp5,0.16666666666666666,5,5,GTTGGTTCATAGGCCCTCGG,0,2300025
mcbAp5,0.16666666666666666,5,5,GTTGGGGTACCACGGCAAGA,0,2280727
mcbAp5,0.16666666666666666,5,5,GTTGCGGCAACGCCGGATCG,0,2276444
mcbAp5,0.16666666666666666,5,5,GTTCTCACGGGACTTTGATG,0,2302693
mcbAp5,0.16666666666666666,5,5,GTTCCCCGATCGTGCTAAGT,0,2292695
mcbAp5,0.16666666666666666,5,5,GTTCCACTTGCTGTTAGTGA,0,2287485
mcbAp5,0.16666666666666666,5,5,GTTCACTCTTACGTTGTCTT,0,2274037
mcbAp5,0.16666666666666666,5,5,GTTATCTGATACTAAAACCC,0,2298836
mcbAp5,0.16666666666666666,5,5,GTTAGTATGATCCTAGATAC,0,2311948
mcbAp5,0.16666666666666666,5,5,GTTAGACCGTCTCCTCGCAG,0,2268483
mcbAp5,0.16666666666666666,5,5,GTTACCAATGTGGTCCTCTC,0,2279117
mcbAp5,0.16666666666666666,5,5,GTGTTGGTAAAGCTGATGGG,0,2293637
mcbAp5,0.16666666666666666,5,5,GTGTTCTTCTACGAGCGGCT,0,2304810
mcbAp5,0.16666666666666666,5,5,GTGTAAGCGCTGATAGTCTG,0,2287196
mcbAp5,0.16666666666666666,5,5,GTGGTGACGACCTCCGGCGC,0,2274138
mcbAp5,0.16666666666666666,5,5,GTGGTGAATTCATATGACAA,0,2267907
mcbAp5,0.16666666666666666,5,5,GTGGTCGCCAGCGTTAACAT,0,2290533
mcbAp5,0.16666666666666666,5,5,GTGGTCGATCAGTCCCAAGT,0,2271302
mcbAp5,0.16666666666666666,5,5,GTGGGTTGCTGGAGAGAGCA,0,2308543
mcbAp5,0.16666666666666666,5,5,GTGGGACGGTAGCAAACGGG,0,2277018
mcbAp5,0.16666666666666666,5,5,GTGGATTAAGGTACGCTATT,0,2314678
mcbAp5,0.16666666666666666,5,5,GTGCTGCGCATTTAATTCAT,0,2299329
mcbAp5,0.16666666666666666,5,5,GTGCTCTGGTCGCCCCAAAA,0,2272441
mcbAp5,0.16666666666666666,5,5,GTGCTCGCTAGGCTTCGAGC,0,2315866
mcbAp5,0.16666666666666666,5,5,GTGCGTGGCGTTTGTGATAG,0,2307495
mcbAp5,0.16666666666666666,5,5,GTGCCACCGGCTGAGTCTGG,0,2270181
mcbAp5,0.16666666666666666,5,5,GTGCCAATCTAAATACTCCA,0,2278967
mcbAp5,0.16666666666666666,5,5,GTGCAGTACGGATCAGTCCT,0,2280467
mcbAp5,0.16666666666666666,5,5,GTGCAAGTTGAAATCATGCA,0,2261120
mcbAp5,0.16666666666666666,5,5,GTGCAAGCTGAAGTCTTTTA,0,2274069
mcbAp5,0.16666666666666666,5,5,GTGAGACTCGTAACCCATTC,0,2302166
mcbAp5,0.16666666666666666,5,5,GTGACTATTTTTATTCACAA,0,2291643
mcbAp5,0.16666666666666666,5,5,GTCTTTGTGACACCGGGTCA,0,2300835
mcbAp5,0.16666666666666666,5,5,GTCTTTATGCACCTGAACGA,0,2291636
mcbAp5,0.16666666666666666,5,5,GTCTGGTCATCTATACTGTA,0,2310988
mcbAp5,0.16666666666666666,5,5,GTCTGATCGGGTTTACGAAC,0,2314048
mcbAp5,0.16666666666666666,5,5,GTCTACCCGAGGGGCAACTA,0,2307542
mcbAp5,0.16666666666666666,5,5,GTCGTTGTATATCTGGAAGG,0,2274477
mcbAp5,0.16666666666666666,5,5,GTCGTGTTGATCAGCACATG,0,2265420
mcbAp5,0.16666666666666666,5,5,GTCGGTTGACGTTACACGCA,0,2303548
mcbAp5,0.16666666666666666,5,5,GTCGGTGGATGTCGTAGAGG,0,2284070
mcbAp5,0.16666666666666666,5,5,GTCGGCTGCCCAGGAACTCA,0,2303952
mcbAp5,0.16666666666666666,5,5,GTCCGGCGCCTAGAGTCGAC,0,2302424
mcbAp5,0.16666666666666666,5,5,GTCCGAGATCCATTGCGATG,0,2296788
mcbAp5,0.16666666666666666,5,5,GTCCAGCTAGCGCTCGTATA,0,2263053
mcbAp5,0.16666666666666666,5,5,GTCCAACGTCATGCGGGAGC,0,2297316
mcbAp5,0.16666666666666666,5,5,GTCAGCTCGTTCAACGGATA,0,2306940
mcbAp5,0.16666666666666666,5,5,GTCACAGGACAGCGAACCAT,0,2267473
mcbAp5,0.16666666666666666,5,5,GTCAAGCGAGTCAAGCGGAA,0,2299907
mcbAp5,0.16666666666666666,5,5,GTCAACTGCCTCGTTGGCAG,0,2273400
mcbAp5,0.16666666666666666,5,5,GTATTCAAGTTAGAAAATAG,0,2300843
mcbAp5,0.16666666666666666,5,5,GTATGAGCGAGGTGGGCATC,0,2291424
mcbAp5,0.16666666666666666,5,5,GTATATTGCTCTGGAACAGA,0,2287600
mcbAp5,0.16666666666666666,5,5,GTATAATGACCCCCGGTCCA,0,2308599
mcbAp5,0.16666666666666666,5,5,GTAGTTATATGCACATCCTA,0,2279717
mcbAp5,0.16666666666666666,5,5,GTAGGTGGGTCTCCTTTATC,0,2265075
mcbAp5,0.16666666666666666,5,5,GTAGGTGAAGTTATGAGTCG,0,2263372
mcbAp5,0.16666666666666666,5,5,GTAGGAGATCAGTTGAAGGG,0,2297931
mcbAp5,0.16666666666666666,5,5,GTAGCTTACCACGCCCCTGC,0,2273162
mcbAp5,0.16666666666666666,5,5,GTAGCCGCCGGCGAACGTGT,0,2312542
mcbAp5,0.16666666666666666,5,5,GTAGACACGTATCTCGGTTT,0,2309844
mcbAp5,0.16666666666666666,5,5,GTACCGGCGAGACTGATCCG,0,2305414
mcbAp5,0.16666666666666666,5,5,GTAATCCGGCCTACCCCGGA,0,2277466
mcbAp5,0.16666666666666666,5,5,GTAATACTGTTCCCGCGTAG,0,2283252
mcbAp5,0.16666666666666666,5,5,GTAAAATCAATAGGGTCTTT,0,2287546
mcbAp5,0.16666666666666666,5,5,GTAAAAATTTCGGAGTTGGA,0,2303391
mcbAp5,0.16666666666666666,5,5,GGTTTGTGTAAGCTTCACAG,0,2265743
mcbAp5,0.16666666666666666,5,5,GGTTTACAAAGGACCGTTAG,0,2304611
mcbAp5,0.16666666666666666,5,5,GGTTGTCCGGAACCTATAGT,0,2315092
mcbAp5,0.16666666666666666,5,5,GGTTGTATCATCCCGGCAGT,0,2308571
mcbAp5,0.16666666666666666,5,5,GGTTCTGTGACGCACCACGA,0,2265438
mcbAp5,0.16666666666666666,5,5,GGTTCTATCTATTGTAGCCT,0,2263336
mcbAp5,0.16666666666666666,5,5,GGTTATACCAGGGGTCGGTT,0,2285393
mcbAp5,0.16666666666666666,5,5,GGTGTTTCGCATAATGTATA,0,2293111
mcbAp5,0.16666666666666666,5,5,GGTGTGCCTAAGGAGCCTTT,0,2289254
mcbAp5,0.16666666666666666,5,5,GGTGGGCGGTTATAGGCTGT,0,2290269
mcbAp5,0.16666666666666666,5,5,GGTGGCTACAAGCCACGAAA,0,2294554
mcbAp5,0.16666666666666666,5,5,GGTGCACAGGTGCAGAATTC,0,2279467
mcbAp5,0.16666666666666666,5,5,GGTGAGGCCATCAGAGACCT,0,2278343
mcbAp5,0.16666666666666666,5,5,GGTCGAATACCACTGTCGGC,0,2311756
mcbAp5,0.16666666666666666,5,5,GGTCCACCAAGTGTCCAAAC,0,2272864
mcbAp5,0.16666666666666666,5,5,GGTCATCGGGCGTATCTATA,0,2262421
mcbAp5,0.16666666666666666,5,5,GGTAGCCCGCCCATTTCACT,0,2265013
mcbAp5,0.16666666666666666,5,5,GGTAAATCAAAGTCAGTTCC,0,2279238
mcbAp5,0.16666666666666666,5,5,GGGTTACTTGTACAAAAGTC,0,2290507
mcbAp5,0.16666666666666666,5,5,GGGTGTCAAAGGCTGGGTGT,0,2275052
mcbAp5,0.16666666666666666,5,5,GGGTCCATTGAAGGAAGAAA,0,2305622
mcbAp5,0.16666666666666666,5,5,GGGTATCCTACGCCAGGTTA,0,2271296
mcbAp5,0.16666666666666666,5,5,GGGTAAAAGCAGGGGTAATG,0,2275484
mcbAp5,0.16666666666666666,5,5,GGGGTGCTACATCAGTGGGT,0,2266077
mcbAp5,0.16666666666666666,5,5,GGGGTCCGTACACAGCTAAT,0,2302891
mcbAp5,0.16666666666666666,5,5,GGGGGCAAGTATAAGTGACT,0,2306112
mcbAp5,0.16666666666666666,5,5,GGGGAAATTCTCATGCGGGG,0,2300906
mcbAp5,0.16666666666666666,5,5,GGGCTGGGTGGCGTAGGCGA,0,2270697
mcbAp5,0.16666666666666666,5,5,GGGCGTCTCGCTGGATGTGA,0,2280916
mcbAp5,0.16666666666666666,5,5,GGGCCGTTTACAACGCAACA,0,2277344
mcbAp5,0.16666666666666666,5,5,GGGCCAAGCTGACCGAGTCG,0,2286126
mcbAp5,0.16666666666666666,5,5,GGGAGGGGCCTTAGGGACGG,0,2278058
mcbAp5,0.16666666666666666,5,5,GGGAGCGGAAGATCGCAGTC,0,2278931
mcbAp5,0.16666666666666666,5,5,GGGACTCCTGTGGGTTGTAG,0,2271970
mcbAp5,0.16666666666666666,5,5,GGGACCCGTGTAAGGTACCT,0,2306967
mcbAp5,0.16666666666666666,5,5,GGGAACATATCTCAAAGTTG,0,2294309
mcbAp5,0.16666666666666666,5,5,GGCTTTTTCACAAAGCCTAC,0,2272807
mcbAp5,0.16666666666666666,5,5,GGCTTTACGCCAAGCTCAAC,0,2261451
mcbAp5,0.16666666666666666,5,5,GGCTCATTTGGCTCTGCGCC,0,2295036
mcbAp5,0.16666666666666666,5,5,GGCTATTTTGACGTTGTGGT,0,2275725
mcbAp5,0.16666666666666666,5,5,GGCGTGATCTATGAGTAGAC,0,2312872
mcbAp5,0.16666666666666666,5,5,GGCGGTTTCCTCTTTCTCAC,0,2308270
mcbAp5,0.16666666666666666,5,5,GGCGGCGTAGCTATCTCGGT,0,2267521
mcbAp5,0.16666666666666666,5,5,GGCGCCGCGCGCTGCTGAAC,0,2300407
mcbAp5,0.16666666666666666,5,5,GGCGATTGCTAGACTTTTTC,0,2290535
mcbAp5,0.16666666666666666,5,5,GGCCGGGTAAGCATCACAGG,0,2305014
mcbAp5,0.16666666666666666,5,5,GGCCCGGCTACTTGGCATGA,0,2266952
mcbAp5,0.16666666666666666,5,5,GGCCCCCACTTTTGCTACTC,0,2311429
mcbAp5,0.16666666666666666,5,5,GGCATTTCTCCCATTGGCAC,0,2273401
mcbAp5,0.16666666666666666,5,5,GGCAATTGGCCACGATTGAA,0,2281578
mcbAp5,0.16666666666666666,5,5,GGCAAAAGTGGACGGCATGT,0,2286979
mcbAp5,0.16666666666666666,5,5,GGATTCGTACTCGTACGCCA,0,2301496
mcbAp5,0.16666666666666666,5,5,GGATGGCCAGCTTCGTTGGC,0,2275174
mcbAp5,0.16666666666666666,5,5,GGATGGACGGAAATTACAGT,0,2283838
mcbAp5,0.16666666666666666,5,5,GGATAGGTGCGGTCCCGGGA,0,2303859
mcbAp5,0.16666666666666666,5,5,GGATAGATGGCCAATTTAGT,0,2285205
mcbAp5,0.16666666666666666,5,5,GGATAGAGGGAGGTAGCCCA,0,2266201
mcbAp5,0.16666666666666666,5,5,GGAGTGTGGGCATCGTACAT,0,2305917
mcbAp5,0.16666666666666666,5,5,GGAGTGTACGTTTACCGTCT,0,2311646
mcbAp5,0.16666666666666666,5,5,GGAGTAGGGGAGTAACTGAG,0,2311824
mcbAp5,0.16666666666666666,5,5,GGAGGTGCTCTAAACGCCCC,0,2306874
mcbAp5,0.16666666666666666,5,5,GGAGGTGCCCAGGGCAGGAG,0,2314243
mcbAp5,0.16666666666666666,5,5,GGAGCTGCTGGTGGCGGTCA,0,2265217
mcbAp5,0.16666666666666666,5,5,GGACGGGCGATTTGGTACGC,0,2271145
mcbAp5,0.16666666666666666,5,5,GGACCTTGACCTATTATTAA,0,2265332
mcbAp5,0.16666666666666666,5,5,GGACCCATGTACGAGGCGTG,0,2265087
mcbAp5,0.16666666666666666,5,5,GGACCAGACACCATTGATCT,0,2265220
mcbAp5,0.16666666666666666,5,5,GGACCAATAGTCCCACAGTA,0,2282310
mcbAp5,0.16666666666666666,5,5,GGACATCAATTCTCAGACAA,0,2287123
mcbAp5,0.16666666666666666,5,5,GGACACCGTGGGCCTCCGGG,0,2309973
mcbAp5,0.16666666666666666,5,5,GGAAGCGACAGGTGTCAAAA,0,2281880
mcbAp5,0.16666666666666666,5,5,GCTTTTGTGTTTACAGTGAA,0,2276585
mcbAp5,0.16666666666666666,5,5,GCTTTGCTTTTGGCGTAGGT,0,2279064
mcbAp5,0.16666666666666666,5,5,GCTTGGGTAAAAGAACCCTC,0,2313938
mcbAp5,0.16666666666666666,5,5,GCTGCCCGTTTCTGGTCCAT,0,2307445
mcbAp5,0.16666666666666666,5,5,GCTGCCCGTCCCTTGTGGTC,0,2298747
mcbAp5,0.16666666666666666,5,5,GCTCGGTCGCCCTGGCCATT,0,2276425
mcbAp5,0.16666666666666666,5,5,GCTCGCTCAACAAGCATGAA,0,2316153
mcbAp5,0.16666666666666666,5,5,GCTCGCATGACTCCTTCCGG,0,2265877
mcbAp5,0.16666666666666666,5,5,GCTCGAGAAATTTAAACGGG,0,2268863
mcbAp5,0.16666666666666666,5,5,GCTCAAAGATAGTGCGCAGG,0,2298391
mcbAp5,0.16666666666666666,5,5,GCTATTCCCCACGGCCCCGT,0,2295772
mcbAp5,0.16666666666666666,5,5,GCTATACGGAACTACTGAAG,0,2280133
mcbAp5,0.16666666666666666,5,5,GCTAGAAAAGCTTCTCTTTC,0,2311851
mcbAp5,0.16666666666666666,5,5,GCTAAATCTTCGATAGCGAC,0,2309166
mcbAp5,0.16666666666666666,5,5,GCGTTTCATCCAGGGTCCCC,0,2301833
mcbAp5,0.16666666666666666,5,5,GCGTTTAGGGACGGCTTACT,0,2282194
mcbAp5,0.16666666666666666,5,5,GCGTGTAAAACCGTACATAG,0,2264085
mcbAp5,0.16666666666666666,5,5,GCGTGCGCGAAATAGTCATA,0,2282907
mcbAp5,0.16666666666666666,5,5,GCGTGCCACTATTGGCCGCA,0,2274491
mcbAp5,0.16666666666666666,5,5,GCGTCGGAACTTACTGGCGC,0,2284903
mcbAp5,0.16666666666666666,5,5,GCGGTTGAATGCCTAAATAG,0,2306259
mcbAp5,0.16666666666666666,5,5,GCGGTCAGCGGAAGGGCCAG,0,2271056
mcbAp5,0.16666666666666666,5,5,GCGGCGCAAGATACATGGAA,0,2283217
mcbAp5,0.16666666666666666,5,5,GCGGCCGTAGCCAAGGAGCA,0,2310766
mcbAp5,0.16666666666666666,5,5,GCGGATCAACGTAAGATCTG,0,2263829
mcbAp5,0.16666666666666666,5,5,GCGGACCCAAAGCAGGACCT,0,2303521
mcbAp5,0.16666666666666666,5,5,GCGCTGCAAGTCCCAATGTA,0,2278349
mcbAp5,0.16666666666666666,5,5,GCGCGATTTCATCACTCTAC,0,2308489
mcbAp5,0.16666666666666666,5,5,GCGCCTTGTTACTTTTAAAA,0,2269880
mcbAp5,0.16666666666666666,5,5,GCGCCTAAGACATGATGATC,0,2284318
mcbAp5,0.16666666666666666,5,5,GCGAGCTGTGGTCGTACGCG,0,2313669
mcbAp5,0.16666666666666666,5,5,GCGAGCATGACTTGAGGTTT,0,2303052
mcbAp5,0.16666666666666666,5,5,GCGACGAGGCAGGGGCTATC,0,2312762
mcbAp5,0.16666666666666666,5,5,GCGACAGGACCGTCTGCATT,0,2274962
mcbAp5,0.16666666666666666,5,5,GCGAAAACATGATTTTCGTT,0,2281172
mcbAp5,0.16666666666666666,5,5,GCCTTCTTGTTCGCTCACCA,0,2283856
mcbAp5,0.16666666666666666,5,5,GCCTGTGGTGCGGGTCCATT,0,2272108
mcbAp5,0.16666666666666666,5,5,GCCTCGTGTCCATATAGTGC,0,2292479
mcbAp5,0.16666666666666666,5,5,GCCGTAGGGATCCTCGTTCT,0,2299801
mcbAp5,0.16666666666666666,5,5,GCCGGTGCAAGGACGGGCCT,0,2273375
mcbAp5,0.16666666666666666,5,5,GCCGACAGGGATCTGGCGCG,0,2285571
mcbAp5,0.16666666666666666,5,5,GCCGAAGGCCGCCGACATGG,0,2313552
mcbAp5,0.16666666666666666,5,5,GCCCTAGCATTGCATATTGA,0,2295455
mcbAp5,0.16666666666666666,5,5,GCCCATCTGCCGCCCACGTC,0,2291898
mcbAp5,0.16666666666666666,5,5,GCCCAGCATCACAGTGGTTT,0,2285901
mcbAp5,0.16666666666666666,5,5,GCCCAACTCCCGTACTTTAA,0,2266597
mcbAp5,0.16666666666666666,5,5,GCCATAGTTCATCGTAAACA,0,2304967
mcbAp5,0.16666666666666666,5,5,GCCAGTCTGACCCACGCTCG,0,2292506
mcbAp5,0.16666666666666666,5,5,GCCAGCCGCATTATCCATAA,0,2307362
mcbAp5,0.16666666666666666,5,5,GCCAGAGTTCCGTGATCGTC,0,2263400
mcbAp5,0.16666666666666666,5,5,GCATTTCCGTCAATTCATCG,0,2286910
mcbAp5,0.16666666666666666,5,5,GCATTTATCTAGGGGGTTGC,0,2296008
mcbAp5,0.16666666666666666,5,5,GCATGCGTGCCAGCGCTGCC,0,2312690
mcbAp5,0.16666666666666666,5,5,GCATGCGGTACAGTGACCGA,0,2289092
mcbAp5,0.16666666666666666,5,5,GCATGCGGAGTACTCTACCT,0,2261963
mcbAp5,0.16666666666666666,5,5,GCATACGGGTACGGTTACGC,0,2282249
mcbAp5,0.16666666666666666,5,5,GCAGTGGGCCGGTGGGTCTT,0,2312511
mcbAp5,0.16666666666666666,5,5,GCAGCTAGTAGATAGACCAA,0,2285492
mcbAp5,0.16666666666666666,5,5,GCAGCACAATGTGCCGTATA,0,2298915
mcbAp5,0.16666666666666666,5,5,GCAGACAGTATATGTGAGTC,0,2277437
mcbAp5,0.16666666666666666,5,5,GCACTCTTCCAGGTTCAGCA,0,2300070
mcbAp5,0.16666666666666666,5,5,GCACTACGGGGAATAGCACG,0,2281600
mcbAp5,0.16666666666666666,5,5,GCACGCTCTTAAAGCCTAAC,0,2288528
mcbAp5,0.16666666666666666,5,5,GCACCAGAAACAGTCAAGGA,0,2276949
mcbAp5,0.16666666666666666,5,5,GCACATTGACTTGTGTTACA,0,2308503
mcbAp5,0.16666666666666666,5,5,GCACATAACCCTACCCCCAG,0,2282589
mcbAp5,0.16666666666666666,5,5,GCAATTCCCATATGGTCGGT,0,2300590
mcbAp5,0.16666666666666666,5,5,GCAATCTCAGCGTTTCGATA,0,2307702
mcbAp5,0.16666666666666666,5,5,GCAAGCGAAACACTCTTGAA,0,2261158
mcbAp5,0.16666666666666666,5,5,GCAAATTCAAATACGGCTAT,0,2272471
mcbAp5,0.16666666666666666,5,5,GATTTTGCATGAAAAGAGGT,0,2278172
mcbAp5,0.16666666666666666,5,5,GATTTGGTGCACGGGACCCC,0,2266699
mcbAp5,0.16666666666666666,5,5,GATTTCTCCCGGTTGTCTTG,0,2264710
mcbAp5,0.16666666666666666,5,5,GATTGCTATCATTTAGTGCG,0,2283587
mcbAp5,0.16666666666666666,5,5,GATTGATGTGTCCATATCGA,0,2266377
mcbAp5,0.16666666666666666,5,5,GATTGATATCGAGGCGTCTA,0,2291108
mcbAp5,0.16666666666666666,5,5,GATTCCTTGTCCGGTCGTCT,0,2279714
mcbAp5,0.16666666666666666,5,5,GATTCCTGTTGACGAAGTGC,0,2295456
mcbAp5,0.16666666666666666,5,5,GATTCATTGGTTCAACACAT,0,2262087
mcbAp5,0.16666666666666666,5,5,GATTACATTGCAATTCTGCG,0,2304115
mcbAp5,0.16666666666666666,5,5,GATGTGCCCGATATTCGCGG,0,2312179
mcbAp5,0.16666666666666666,5,5,GATGCGCCGACGCTTAGGTA,0,2272176
mcbAp5,0.16666666666666666,5,5,GATGACAGAGGCACTAATTC,0,2269197
mcbAp5,0.16666666666666666,5,5,GATCCGCATCTCTACCCCAC,0,2261394
mcbAp5,0.16666666666666666,5,5,GATCCCCAAGGGTGATGCCC,0,2284944
mcbAp5,0.16666666666666666,5,5,GATATCTCGGGGATTGTCCT,0,2279707
mcbAp5,0.16666666666666666,5,5,GATAGTGCATCGCTATGACA,0,2297011
mcbAp5,0.16666666666666666,5,5,GATAGTCATCAGTGCGCATC,0,2306869
mcbAp5,0.16666666666666666,5,5,GATACGGCCGATTGCTCGGC,0,2282054
mcbAp5,0.16666666666666666,5,5,GATAAGGTAATGTGCTTACA,0,2295998
mcbAp5,0.16666666666666666,5,5,GATAAGGAGGGACCGTATCA,0,2312108
mcbAp5,0.16666666666666666,5,5,GAGTGCAGCTTAGCGGTGAG,0,2301364
mcbAp5,0.16666666666666666,5,5,GAGTCTGCGGGTTCCGCATG,0,2285298
mcbAp5,0.16666666666666666,5,5,GAGTCTGAGAAAGACGAACG,0,2300985
mcbAp5,0.16666666666666666,5,5,GAGTATAGACGTTTTACATT,0,2297963
mcbAp5,0.16666666666666666,5,5,GAGTAAGGGGGTGGTACATC,0,2280568
mcbAp5,0.16666666666666666,5,5,GAGGTGATATTCCGTCAGCT,0,2297642
mcbAp5,0.16666666666666666,5,5,GAGGCTAATCTTTGACCTGT,0,2307029
mcbAp5,0.16666666666666666,5,5,GAGGCCGCCGGATTCTGGTC,0,2263718
mcbAp5,0.16666666666666666,5,5,GAGGCAGCCATATTTTGTAT,0,2276150
mcbAp5,0.16666666666666666,5,5,GAGGATGAGGGTGCAGTCAT,0,2313467
mcbAp5,0.16666666666666666,5,5,GAGCGCGTATAGGACGATAC,0,2269687
mcbAp5,0.16666666666666666,5,5,GAGCCTGTAAGTGTGCATCA,0,2284228
mcbAp5,0.16666666666666666,5,5,GAGCCTAGAGGAGTCACACC,0,2269863
mcbAp5,0.16666666666666666,5,5,GAGCCCCCTGATTACGATCT,0,2281112
mcbAp5,0.16666666666666666,5,5,GAGATTGTACGTCTGTTCAA,0,2282730
mcbAp5,0.16666666666666666,5,5,GAGACTTTTTTAACACAACT,0,2315860
mcbAp5,0.16666666666666666,5,5,GAGAACTCGCTAGCGTTCGC,0,2313909
mcbAp5,0.16666666666666666,5,5,GAGAAAGCAATTAGCTTGCT,0,2309685
mcbAp5,0.16666666666666666,5,5,GACTTGAATACAGCGAGCTC,0,2264967
mcbAp5,0.16666666666666666,5,5,GACTTAAGTCAATGCGTTTA,0,2311314
mcbAp5,0.16666666666666666,5,5,GACGTGATGCTATGCTTGCT,0,2288122
mcbAp5,0.16666666666666666,5,5,GACGGGTCAGAGTGAATGAA,0,2276385
mcbAp5,0.16666666666666666,5,5,GACGGGAGGAATGTGTAAAG,0,2305472
mcbAp5,0.16666666666666666,5,5,GACGGAGACCCGATTAAGGT,0,2311891
mcbAp5,0.16666666666666666,5,5,GACGCTTAGAGCACAATCAT,0,2266632
mcbAp5,0.16666666666666666,5,5,GACGACAAATTAGGCAAGCC,0,2287869
mcbAp5,0.16666666666666666,5,5,GACGAACAAGGCACGAGACC,0,2310374
mcbAp5,0.16666666666666666,5,5,GACCCTTGACGAAGGGACTC,0,2268535
mcbAp5,0.16666666666666666,5,5,GACCCATCGCACACTAAGAA,0,2287505
mcbAp5,0.16666666666666666,5,5,GACAGCAATACAACGACATA,0,2287178
mcbAp5,0.16666666666666666,5,5,GACAGAGCCATAACAACAAG,0,2274178
mcbAp5,0.16666666666666666,5,5,GACAATTACGTGGCACGGGC,0,2283597
mcbAp5,0.16666666666666666,5,5,GAATCCAGACGGGATTCTGA,0,2276718
mcbAp5,0.16666666666666666,5,5,GAAGTATCGCCCCAAATGAT,0,2280386
mcbAp5,0.16666666666666666,5,5,GAAGGTGGTTCATATGGACG,0,2306427
mcbAp5,0.16666666666666666,5,5,GAAGGCGCATCCCCACTGGT,0,2299026
mcbAp5,0.16666666666666666,5,5,GAAGACCCGCAAAGGGCTCT,0,2272279
mcbAp5,0.16666666666666666,5,5,GAACTTAATTGGGGCAAAAC,0,2281115
mcbAp5,0.16666666666666666,5,5,GAACCTGTCAATTACGGTGC,0,2292215
mcbAp5,0.16666666666666666,5,5,GAACCTCGTCCAGACTCTGA,0,2307866
mcbAp5,0.16666666666666666,5,5,GAACCATGGACTCGAATTTG,0,2269842
mcbAp5,0.16666666666666666,5,5,GAACAGTATGCTGTGAAAAA,0,2271385
mcbAp5,0.16666666666666666,5,5,GAACAAAAGGCGCGGCAATC,0,2264316
mcbAp5,0.16666666666666666,5,5,GAAATTGTTCAGAGGTTTTT,0,2300866
mcbAp5,0.16666666666666666,5,5,GAAAGGATGTTGAAAACTGT,0,2261934
mcbAp5,0.16666666666666666,5,5,GAAACGTAGTCCTACGGCGC,0,2275911
mcbAp5,0.16666666666666666,5,5,GAAAACCAGTTCCACGTTTA,0,2311782
mcbAp5,0.16666666666666666,5,5,CTTTTTAGTGACTCAAAGTA,0,2301845
mcbAp5,0.16666666666666666,5,5,CTTTTACTATGGGCTGTGGG,0,2295545
mcbAp5,0.16666666666666666,5,5,CTTTGTTGAGCACGTACAGA,0,2282125
mcbAp5,0.16666666666666666,5,5,CTTTGGTGCTCGCTGCTTGA,0,2278561
mcbAp5,0.16666666666666666,5,5,CTTTGATTACCCTGACCTGA,0,2277385
mcbAp5,0.16666666666666666,5,5,CTTGTGCCTCAATCTAATTC,0,2308539
mcbAp5,0.16666666666666666,5,5,CTTGTCGAATGCATCAAGGG,0,2302566
mcbAp5,0.16666666666666666,5,5,CTTGGGGGAGGGCAATGCCG,0,2272191
mcbAp5,0.16666666666666666,5,5,CTTGGGAATTGGTGACGCAA,0,2294972
mcbAp5,0.16666666666666666,5,5,CTTGGAGGGGGGGCAATCGG,0,2267870
mcbAp5,0.16666666666666666,5,5,CTTGCTTCGTAACATCCGTA,0,2299330
mcbAp5,0.16666666666666666,5,5,CTTGAGTCCAGTGTCAGCGA,0,2286944
mcbAp5,0.16666666666666666,5,5,CTTGAGACAAGACAAGGCAA,0,2270751
mcbAp5,0.16666666666666666,5,5,CTTCTTACCTTTCTTTCATA,0,2302017
mcbAp5,0.16666666666666666,5,5,CTTCTTAAAAATGAGGATCA,0,2262266
mcbAp5,0.16666666666666666,5,5,CTTCTGAGGGCATGAAGTGC,0,2277676
mcbAp5,0.16666666666666666,5,5,CTTCGTACATTCCTGACGCG,0,2268591
mcbAp5,0.16666666666666666,5,5,CTTCGGTTTTCGCGGTGGTG,0,2282292
mcbAp5,0.16666666666666666,5,5,CTTCCGTATTATCTGTAGCT,0,2296190
mcbAp5,0.16666666666666666,5,5,CTTCCAGTAATCCGTCTTTT,0,2284894
mcbAp5,0.16666666666666666,5,5,CTTCCACAATCCTTTTTTAG,0,2302956
mcbAp5,0.16666666666666666,5,5,CTTATGGAGCTACGGAGCTC,0,2286156
mcbAp5,0.16666666666666666,5,5,CTTATAGTTACCTCAGAGTG,0,2283472
mcbAp5,0.16666666666666666,5,5,CTTAGGTCACTTGGTGGGGT,0,2282116
mcbAp5,0.16666666666666666,5,5,CTTAGCGAGCCCCGAGCGTT,0,2277077
mcbAp5,0.16666666666666666,5,5,CTTAGAGACTTGGCCTGTAT,0,2266872
mcbAp5,0.16666666666666666,5,5,CTTACGTTCCAATGCCGTGT,0,2263376
mcbAp5,0.16666666666666666,5,5,CTGTGCCTCTTTAGGTTTTC,0,2281998
mcbAp5,0.16666666666666666,5,5,CTGTCAAGCTCGGCCCCTGG,0,2273358
mcbAp5,0.16666666666666666,5,5,CTGTACTGTAGGCGTCTCCA,0,2295855
mcbAp5,0.16666666666666666,5,5,CTGTAAGGGGTGAGTTTTGT,0,2277098
mcbAp5,0.16666666666666666,5,5,CTGGCGACGGAATACGGTTT,0,2313610
mcbAp5,0.16666666666666666,5,5,CTGGATTATGGGACACGGTC,0,2301112
mcbAp5,0.16666666666666666,5,5,CTGGACGGATTAATCGGGGT,0,2299469
mcbAp5,0.16666666666666666,5,5,CTGCTTGCGCGCGATGCTAC,0,2279325
mcbAp5,0.16666666666666666,5,5,CTGCTGGGAGGCAAATTACC,0,2295980
mcbAp5,0.16666666666666666,5,5,CTGCTGAAAACTTTCTTCTA,0,2268585
mcbAp5,0.16666666666666666,5,5,CTGCTCACATATCGGTCCAG,0,2297065
mcbAp5,0.16666666666666666,5,5,CTGCGGATAAATCCCCTATG,0,2297135
mcbAp5,0.16666666666666666,5,5,CTGCCTGGGCTTCTCAACGG,0,2299147
mcbAp5,0.16666666666666666,5,5,CTGATTGCCTGTCCAGTGCA,0,2286160
mcbAp5,0.16666666666666666,5,5,CTGATGCTGAACCTTTCCCT,0,2312648
mcbAp5,0.16666666666666666,5,5,CTGATCTTAAGGACAATTAG,0,2270047
mcbAp5,0.16666666666666666,5,5,CTGAGTTATCGTGGACCCCA,0,2284379
mcbAp5,0.16666666666666666,5,5,CTGAGGTAGACTTCGCCCGT,0,2307697
mcbAp5,0.16666666666666666,5,5,CTGACAAGCTAGTTGCTGTA,0,2302016
mcbAp5,0.16666666666666666,5,5,CTGAAGAGACGATTTAACGC,0,2274279
mcbAp5,0.16666666666666666,5,5,CTGAAAGTCATTAGTGCTAT,0,2312888
mcbAp5,0.16666666666666666,5,5,CTCTTCGAATGCAATAAGCA,0,2290155
mcbAp5,0.16666666666666666,5,5,CTCTTAGCTACATAGCAGGG,0,2285106
mcbAp5,0.16666666666666666,5,5,CTCTTACCCATTCTTCTGGC,0,2301654
mcbAp5,0.16666666666666666,5,5,CTCTGTCCACGGCACTTCCT,0,2266244
mcbAp5,0.16666666666666666,5,5,CTCTCTTGCAATGGCGGCGT,0,2303523
mcbAp5,0.16666666666666666,5,5,CTCTCATCTAAGGATCTAAT,0,2303570
mcbAp5,0.16666666666666666,5,5,CTCTATCTCTGCACATAACC,0,2290844
mcbAp5,0.16666666666666666,5,5,CTCGTAATGGTAATGACTAA,0,2270155
mcbAp5,0.16666666666666666,5,5,CTCGGTTGAGACCACGGCCT,0,2298012
mcbAp5,0.16666666666666666,5,5,CTCGGGGGAATTTTTCTGCC,0,2298042
mcbAp5,0.16666666666666666,5,5,CTCGCGCCTAGTGACAATTG,0,2263535
mcbAp5,0.16666666666666666,5,5,CTCGAAGCCTTCGCTCGAGC,0,2297314
mcbAp5,0.16666666666666666,5,5,CTCCTATCCTCGGCCGCAAG,0,2314146
mcbAp5,0.16666666666666666,5,5,CTCCCGGCTAACTGTTTTCA,0,2299401
mcbAp5,0.16666666666666666,5,5,CTCCCCACTGGCCATGGCTG,0,2271166
mcbAp5,0.16666666666666666,5,5,CTCCCAGTCTTTTGGGCCAA,0,2293425
mcbAp5,0.16666666666666666,5,5,CTCATCATACGAGGTTGGGG,0,2297829
mcbAp5,0.16666666666666666,5,5,CTCACTGAGCAGGCATAAAT,0,2281695
mcbAp5,0.16666666666666666,5,5,CTATTTAAACTCGCCAATGC,0,2281909
mcbAp5,0.16666666666666666,5,5,CTATGGATCGCTCACAGCGT,0,2288541
mcbAp5,0.16666666666666666,5,5,CTATCTCCGTTCACTGGGGC,0,2292130
mcbAp5,0.16666666666666666,5,5,CTATCGCCGCTCGGCAGCGT,0,2304154
mcbAp5,0.16666666666666666,5,5,CTATCATTGTGGCGTTCCTA,0,2280933
mcbAp5,0.16666666666666666,5,5,CTATAGCGAGCAGGAGCCCC,0,2277399
mcbAp5,0.16666666666666666,5,5,CTATAAACTCCTTTCATCTA,0,2284950
mcbAp5,0.16666666666666666,5,5,CTAGTTCCTTAGCTGGCTAG,0,2312758
mcbAp5,0.16666666666666666,5,5,CTAGTTAACGTCGCCAACTG,0,2314158
mcbAp5,0.16666666666666666,5,5,CTAGGGGTTGGGGCGGCCAG,0,2308031
mcbAp5,0.16666666666666666,5,5,CTAGCGTTTCTTCGTAATGG,0,2304680
mcbAp5,0.16666666666666666,5,5,CTACGGGGTGTTTAAGGAAC,0,2298355
mcbAp5,0.16666666666666666,5,5,CTACGCACGTTATGGACGTC,0,2267703
mcbAp5,0.16666666666666666,5,5,CTACCTTACCCTAGTATAGC,0,2269249
mcbAp5,0.16666666666666666,5,5,CTACCGAACTCTGCACCAAT,0,2299765
mcbAp5,0.16666666666666666,5,5,CTACAGATCATAGGCGCAAA,0,2268827
mcbAp5,0.16666666666666666,5,5,CTACAGACCATGTGTTGCAA,0,2302824
mcbAp5,0.16666666666666666,5,5,CTAATGCGGCGGAAGAGTCT,0,2307749
mcbAp5,0.16666666666666666,5,5,CTAATCTTTGAGATAAGGGG,0,2294779
mcbAp5,0.16666666666666666,5,5,CTAATAGGTGTGACGGTAGG,0,2310407
mcbAp5,0.16666666666666666,5,5,CTAACGGCCATTCGCGGCGC,0,2305209
mcbAp5,0.16666666666666666,5,5,CTAAACGGCAGATTGGCCCA,0,2310543
mcbAp5,0.16666666666666666,5,5,CGTTTGAGAGCGGTGATATT,0,2287103
mcbAp5,0.16666666666666666,5,5,CGTTTCTTTGGTCATTAGGT,0,2267896
mcbAp5,0.16666666666666666,5,5,CGTTTAACAAATCGTCTCTA,0,2276258
mcbAp5,0.16666666666666666,5,5,CGTTGCCTGGTGTTGACAAC,0,2289001
mcbAp5,0.16666666666666666,5,5,CGTTCCCCTCATGTAGTGTA,0,2302738
mcbAp5,0.16666666666666666,5,5,CGTTAAGGTGTTACAAGAAA,0,2299887
mcbAp5,0.16666666666666666,5,5,CGTGTGTTCGTACCCGATTT,0,2262825
mcbAp5,0.16666666666666666,5,5,CGTGTCTATAGTAATTCCTA,0,2311424
mcbAp5,0.16666666666666666,5,5,CGTGGTTATTCTGGATGCTA,0,2299085
mcbAp5,0.16666666666666666,5,5,CGTGGCTTAAGAACATGTTG,0,2302116
mcbAp5,0.16666666666666666,5,5,CGTGGCTCTCGTAGGCAGAT,0,2266948
mcbAp5,0.16666666666666666,5,5,CGTGGATAGGCGGGTGAAGA,0,2298420
mcbAp5,0.16666666666666666,5,5,CGTGCGTTCAGGTGCGGGGT,0,2303830
mcbAp5,0.16666666666666666,5,5,CGTGCATCTAAGCGATCTAA,0,2282496
mcbAp5,0.16666666666666666,5,5,CGTGACGAGTTGAGAGCGAT,0,2290754
mcbAp5,0.16666666666666666,5,5,CGTCGATAGGTAGTCGTCAT,0,2310475
mcbAp5,0.16666666666666666,5,5,CGTATCAGGCGGGTAAATTC,0,2271421
mcbAp5,0.16666666666666666,5,5,CGTAGTAAGGGCCAAGAGCA,0,2280728
mcbAp5,0.16666666666666666,5,5,CGTAGGGCCACAACAACCGA,0,2262566
mcbAp5,0.16666666666666666,5,5,CGTACGCTACGGATCATAAC,0,2268515
mcbAp5,0.16666666666666666,5,5,CGTACAAACTGAGTGACATA,0,2299378
mcbAp5,0.16666666666666666,5,5,CGGTTGACAAATCTATCGCA,0,2281887
mcbAp5,0.16666666666666666,5,5,CGGTTCTGCAAACGGGGGGT,0,2278510
mcbAp5,0.16666666666666666,5,5,CGGTTCTACAACGTAATGGA,0,2293779
mcbAp5,0.16666666666666666,5,5,CGGTGTTAACTTGCGACTGG,0,2306222
mcbAp5,0.16666666666666666,5,5,CGGTCTGAGCGCATGGGTCG,0,2287399
mcbAp5,0.16666666666666666,5,5,CGGTCAATAGCATATTTTAG,0,2270152
mcbAp5,0.16666666666666666,5,5,CGGGTTGTTCCATCTTCGTA,0,2284190
mcbAp5,0.16666666666666666,5,5,CGGGGATGGGAAGGAACTAT,0,2312668
mcbAp5,0.16666666666666666,5,5,CGGGGAAGGGTGGTACATCG,0,2290079
mcbAp5,0.16666666666666666,5,5,CGGGCTAAAGTCAGGAAAAC,0,2270523
mcbAp5,0.16666666666666666,5,5,CGGGCGCGCCTCACGTGAAG,0,2263494
mcbAp5,0.16666666666666666,5,5,CGGGACACGAGGTGTCTTAT,0,2277559
mcbAp5,0.16666666666666666,5,5,CGGCCTAGGATGAACGTTCG,0,2287472
mcbAp5,0.16666666666666666,5,5,CGGCCGCGTAGACTTCTGTG,0,2301739
mcbAp5,0.16666666666666666,5,5,CGGCCACAGTCCAGCGACTG,0,2280793
mcbAp5,0.16666666666666666,5,5,CGGATGCAAATCCCTTGTGT,0,2291220
mcbAp5,0.16666666666666666,5,5,CGGATCGGTCCTCGAGCGAT,0,2264790
mcbAp5,0.16666666666666666,5,5,CGGAGGGTTCCCGGGATGGT,0,2269479
mcbAp5,0.16666666666666666,5,5,CGGACACAGGCGTGACCTCA,0,2281102
mcbAp5,0.16666666666666666,5,5,CGGAATCTGCTCATTTGTGT,0,2293311
mcbAp5,0.16666666666666666,5,5,CGGAATCCTTGTGGTGGGTT,0,2287241
mcbAp5,0.16666666666666666,5,5,CGCTTTTACGGTCGGACAGT,0,2307262
mcbAp5,0.16666666666666666,5,5,CGCTTCACTACGTTAGGCAA,0,2297414
mcbAp5,0.16666666666666666,5,5,CGCTGTGGTGAGCACATTCA,0,2304647
mcbAp5,0.16666666666666666,5,5,CGCTCATGTGGTCACCACAT,0,2285132
mcbAp5,0.16666666666666666,5,5,CGCTATAGATAGCATTGCGT,0,2263380
mcbAp5,0.16666666666666666,5,5,CGCTACGTCGGGGGGAGGGG,0,2268367
mcbAp5,0.16666666666666666,5,5,CGCTAAGTTCTTGTAAGTAC,0,2277590
mcbAp5,0.16666666666666666,5,5,CGCGGCTGGTTATCCTCGTG,0,2296072
mcbAp5,0.16666666666666666,5,5,CGCGGCGGGTAAGTCACAAG,0,2287538
mcbAp5,0.16666666666666666,5,5,CGCCTGTCTTACATATTTTG,0,2279427
mcbAp5,0.16666666666666666,5,5,CGCCCTCGGGAATCACCCAC,0,2263099
mcbAp5,0.16666666666666666,5,5,CGCCCGTTGAACATCATAAG,0,2296798
mcbAp5,0.16666666666666666,5,5,CGCCAATACAGTGGGGCACA,0,2311288
mcbAp5,0.16666666666666666,5,5,CGCCAACCAATTCCCGAACA,0,2297711
mcbAp5,0.16666666666666666,5,5,CGCATCTTCAAAGGGCAAGT,0,2308783
mcbAp5,0.16666666666666666,5,5,CGCAGGCGCCACAAGGGCCC,0,2296634
mcbAp5,0.16666666666666666,5,5,CGCAGCCCACCGGGTTTCAG,0,2313911
mcbAp5,0.16666666666666666,5,5,CGCAGAACTCTGTGCGGGCA,0,2300977
mcbAp5,0.16666666666666666,5,5,CGCACGACGCCGACCTCCGG,0,2293130
mcbAp5,0.16666666666666666,5,5,CGCAATCGCTTGGGATCTCT,0,2310862
mcbAp5,0.16666666666666666,5,5,CGATTTGCCACGCGCAGAGA,0,2265076
mcbAp5,0.16666666666666666,5,5,CGATTGGGTACCGCGTGTGT,0,2279250
mcbAp5,0.16666666666666666,5,5,CGAGTCTTCTCGGTCACACT,0,2305127
mcbAp5,0.16666666666666666,5,5,CGAGGTTGACATCAAGATGC,0,2267635
mcbAp5,0.16666666666666666,5,5,CGAGCCGGTAATATAGCGTG,0,2296610
mcbAp5,0.16666666666666666,5,5,CGAGCAAACGCCTCGTTGGC,0,2261806
mcbAp5,0.16666666666666666,5,5,CGAGATCCGTGAACTTTAAA,0,2286662
mcbAp5,0.16666666666666666,5,5,CGACGCTGCCTCATTGGTGA,0,2296177
mcbAp5,0.16666666666666666,5,5,CGACACGTTGATACGTTCAG,0,2292565
mcbAp5,0.16666666666666666,5,5,CGAATCAACCAGGGCTATTA,0,2301390
mcbAp5,0.16666666666666666,5,5,CGAAGAGTTGCCTCAGTATA,0,2304428
mcbAp5,0.16666666666666666,5,5,CGAACTTTAAGGACCCTAGT,0,2290982
mcbAp5,0.16666666666666666,5,5,CGAACGGGAACCGATAAGAA,0,2278754
mcbAp5,0.16666666666666666,5,5,CGAAAAAATGTAGCTCTCCC,0,2264779
mcbAp5,0.16666666666666666,5,5,CCTTCCAATTCTCCTACTTG,0,2263173
mcbAp5,0.16666666666666666,5,5,CCTTACCAAGGCGGGCCTTC,0,2270151
mcbAp5,0.16666666666666666,5,5,CCTTAAAGCTTAAAAGGGCT,0,2293352
mcbAp5,0.16666666666666666,5,5,CCTGTATTATGTAACTAGAA,0,2302315
mcbAp5,0.16666666666666666,5,5,CCTGGGCAACATCGCGAGCA,0,2290589
mcbAp5,0.16666666666666666,5,5,CCTGGAACAGAGTGCGCATG,0,2277553
mcbAp5,0.16666666666666666,5,5,CCTGCTCTGGCATCCAGACT,0,2272818
mcbAp5,0.16666666666666666,5,5,CCTGACCATGCGCGGTCTCC,0,2274468
mcbAp5,0.16666666666666666,5,5,CCTGACAGTTGATGGTGGCC,0,2308269
mcbAp5,0.16666666666666666,5,5,CCTCTCAATGGCCGCGCGAA,0,2269744
mcbAp5,0.16666666666666666,5,5,CCTCCTCGTCCAACTCCCCA,0,2275671
mcbAp5,0.16666666666666666,5,5,CCTCCTAGAGGTGCAGCGCT,0,2290229
mcbAp5,0.16666666666666666,5,5,CCTCCAAGTTACGTTACCTT,0,2268455
mcbAp5,0.16666666666666666,5,5,CCTCAATCAACAGTGCTTAT,0,2275070
mcbAp5,0.16666666666666666,5,5,CCTCAAAGTCACTACTCCAT,0,2276166
mcbAp5,0.16666666666666666,5,5,CCTATCGGACTGTTGGACCT,0,2295308
mcbAp5,0.16666666666666666,5,5,CCTAGGTTGAACAAGCAGTG,0,2298843
mcbAp5,0.16666666666666666,5,5,CCTAGGATCCTTAAAACATA,0,2305102
mcbAp5,0.16666666666666666,5,5,CCGTGTTAGCTCGTGGGGCT,0,2300671
mcbAp5,0.16666666666666666,5,5,CCGTCGATTTGCTAGCTAGC,0,2276826
mcbAp5,0.16666666666666666,5,5,CCGTAGCCTCCGAGGCAATT,0,2305593
mcbAp5,0.16666666666666666,5,5,CCGTACTTAAATTTGATGCA,0,2310032
mcbAp5,0.16666666666666666,5,5,CCGTAATCGGTGTGCTCAAT,0,2269472
mcbAp5,0.16666666666666666,5,5,CCGGTTAAAGGGCGGCAACT,0,2299857
mcbAp5,0.16666666666666666,5,5,CCGGTGATAGTATGTCACTG,0,2269369
mcbAp5,0.16666666666666666,5,5,CCGGGGCATATGGCATCTGG,0,2268307
mcbAp5,0.16666666666666666,5,5,CCGGGGAAAATCGTTGATCG,0,2296641
mcbAp5,0.16666666666666666,5,5,CCGGGCTAGTCTTAAAGACA,0,2293019
mcbAp5,0.16666666666666666,5,5,CCGGCTTTACTCGCATCCGT,0,2311426
mcbAp5,0.16666666666666666,5,5,CCGGCGATCCGTAATTGCCA,0,2302381
mcbAp5,0.16666666666666666,5,5,CCGGACACTTCGTTAATGTC,0,2289024
mcbAp5,0.16666666666666666,5,5,CCGCGGGGGGGCGCGTCATG,0,2262274
mcbAp5,0.16666666666666666,5,5,CCGATCGAAGTTGGGGAACC,0,2290778
mcbAp5,0.16666666666666666,5,5,CCCTTCCTGTCAATTTGCTA,0,2276344
mcbAp5,0.16666666666666666,5,5,CCCTCCGCCCGTACAGTATC,0,2288710
mcbAp5,0.16666666666666666,5,5,CCCTAAAATGTTGTACGCAT,0,2293328
mcbAp5,0.16666666666666666,5,5,CCCGGGTGCGATGTAGGGAG,0,2283480
mcbAp5,0.16666666666666666,5,5,CCCGCAGTCTCCGCTGGGAC,0,2310895
mcbAp5,0.16666666666666666,5,5,CCCGATTGTAACGCGCGACG,0,2288190
mcbAp5,0.16666666666666666,5,5,CCCGACTGTTGACCGGCGAT,0,2269202
mcbAp5,0.16666666666666666,5,5,CCCCGTAAACCAAAGAACCT,0,2274388
mcbAp5,0.16666666666666666,5,5,CCCAGTTTAATCGACCGACT,0,2269982
mcbAp5,0.16666666666666666,5,5,CCCAGGCTAACTAGCCTCAA,0,2297355
mcbAp5,0.16666666666666666,5,5,CCCAAGCATACCATATGGCT,0,2300150
mcbAp5,0.16666666666666666,5,5,CCATGTGCCTCGTGCTACCG,0,2308732
mcbAp5,0.16666666666666666,5,5,CCAGGATCTGTATCTTTTCC,0,2265216
mcbAp5,0.16666666666666666,5,5,CCAGATCTGTTCAAAACTTA,0,2299429
mcbAp5,0.16666666666666666,5,5,CCAGAAGCTACCGTGGACAC,0,2269741
mcbAp5,0.16666666666666666,5,5,CCACGTTTCAATCGCGATTC,0,2275083
mcbAp5,0.16666666666666666,5,5,CCACGTGGCTTCTTGAAAAT,0,2294281
mcbAp5,0.16666666666666666,5,5,CCACGGATTTCGGGGTAGAC,0,2299923
mcbAp5,0.16666666666666666,5,5,CCACGAAAGTACGGCGAATC,0,2268465
mcbAp5,0.16666666666666666,5,5,CCACCCCGGGATACAAAGAC,0,2266368
mcbAp5,0.16666666666666666,5,5,CCAATGAAGTTCCATTCAAG,0,2298360
mcbAp5,0.16666666666666666,5,5,CCAAGCGAAGGCTGACGAAT,0,2311078
mcbAp5,0.16666666666666666,5,5,CCAAACCTTCCTCCGCTAAT,0,2307573
mcbAp5,0.16666666666666666,5,5,CCAAAAGCTGGGGAGCCTTG,0,2310631
mcbAp5,0.16666666666666666,5,5,CCAAAAAGAAGAGCCGCAGA,0,2283197
mcbAp5,0.16666666666666666,5,5,CATTTGCGGGCGCACACGGA,0,2311933
mcbAp5,0.16666666666666666,5,5,CATTTCACAACACAATAGGA,0,2269743
mcbAp5,0.16666666666666666,5,5,CATTGTTATTATATAGGAAA,0,2266317
mcbAp5,0.16666666666666666,5,5,CATTGTCGGTTCACTGTTAC,0,2297413
mcbAp5,0.16666666666666666,5,5,CATTGGGGCCAGCAAGGACT,0,2265815
mcbAp5,0.16666666666666666,5,5,CATTCCTATGACACGAGAGT,0,2314720
mcbAp5,0.16666666666666666,5,5,CATTACGTCTCTTTTTGCTG,0,2281736
mcbAp5,0.16666666666666666,5,5,CATTAAGAGTTATCCGCCAA,0,2284234
mcbAp5,0.16666666666666666,5,5,CATGTTGGCGGATCGCCTTC,0,2289779
mcbAp5,0.16666666666666666,5,5,CATGTTGAACCGTGTCCGTC,0,2263355
mcbAp5,0.16666666666666666,5,5,CATGTCACATAAAATCTACT,0,2313728
mcbAp5,0.16666666666666666,5,5,CATGGCTATTCGTTCATGTT,0,2291934
mcbAp5,0.16666666666666666,5,5,CATGGAAGTCTTTGTCCTAT,0,2303197
mcbAp5,0.16666666666666666,5,5,CATGCCAGGGTTGGGTTTAC,0,2267034
mcbAp5,0.16666666666666666,5,5,CATCTCTTAAGCGGTGTCAT,0,2295537
mcbAp5,0.16666666666666666,5,5,CATCCGTCTCTGTGCGTCTC,0,2297282
mcbAp5,0.16666666666666666,5,5,CATATCTCGATTGATCTAAG,0,2315789
mcbAp5,0.16666666666666666,5,5,CATATCCGTGCCCAGCCAAC,0,2278316
mcbAp5,0.16666666666666666,5,5,CATATAGTGGCGTCCCGTGG,0,2296562
mcbAp5,0.16666666666666666,5,5,CATATAACTCGAATAACGAG,0,2315711
mcbAp5,0.16666666666666666,5,5,CATAGGCGAACTAGGCGAGA,0,2280721
mcbAp5,0.16666666666666666,5,5,CATAGCTCGATGTGAGCTAT,0,2264309
mcbAp5,0.16666666666666666,5,5,CATAATGATTTTATTCAGAT,0,2313627
mcbAp5,0.16666666666666666,5,5,CATAAACCAACTTCACCACT,0,2290665
mcbAp5,0.16666666666666666,5,5,CAGTTGTGTGAGGAGTAGCA,0,2310217
mcbAp5,0.16666666666666666,5,5,CAGTTGTGGTCTCAAAGCTA,0,2284703
mcbAp5,0.16666666666666666,5,5,CAGTTAGCGAGTGCGGGCAT,0,2278905
mcbAp5,0.16666666666666666,5,5,CAGTGTACTTGCGGACAACA,0,2308523
mcbAp5,0.16666666666666666,5,5,CAGTCGCTGTCGCATGAAGG,0,2297552
mcbAp5,0.16666666666666666,5,5,CAGTCGAAAACGGTAGCACA,0,2262744
mcbAp5,0.16666666666666666,5,5,CAGTCCCCCCTACCTTCTGC,0,2266442
mcbAp5,0.16666666666666666,5,5,CAGTACCAGTGTGAGTACCC,0,2268023
mcbAp5,0.16666666666666666,5,5,CAGGGTGCCTAAGCTACACT,0,2291394
mcbAp5,0.16666666666666666,5,5,CAGGGCTTTGAGTCGGTAAG,0,2265691
mcbAp5,0.16666666666666666,5,5,CAGGGCTCTCTGACAGCCCT,0,2313893
mcbAp5,0.16666666666666666,5,5,CAGGCCTTGTATAGCTGGAT,0,2280380
mcbAp5,0.16666666666666666,5,5,CAGGCACGTATGGGGCGTAA,0,2289073
mcbAp5,0.16666666666666666,5,5,CAGGACCACGGTTAGTCATG,0,2292572
mcbAp5,0.16666666666666666,5,5,CAGGACAATTGTTCAATAGT,0,2263234
mcbAp5,0.16666666666666666,5,5,CAGCGGGGTGTCAAGAGTAT,0,2299025
mcbAp5,0.16666666666666666,5,5,CAGCGAATAAAACAGTCTGT,0,2272960
mcbAp5,0.16666666666666666,5,5,CAGAGGTAAAGGATCGGGTC,0,2264748
mcbAp5,0.16666666666666666,5,5,CAGACGCATATGTCGGTCTG,0,2292400
mcbAp5,0.16666666666666666,5,5,CAGAATGGGACGTTTTCGGG,0,2286780
mcbAp5,0.16666666666666666,5,5,CACTCCTCATCGGTCCCGAT,0,2267985
mcbAp5,0.16666666666666666,5,5,CACGGCCTTACATGAATTAA,0,2311162
mcbAp5,0.16666666666666666,5,5,CACGACCACAAATAATGTTA,0,2279719
mcbAp5,0.16666666666666666,5,5,CACGAAGTTGGAATTAGTGT,0,2288531
mcbAp5,0.16666666666666666,5,5,CACCGACTCCTAAAACTCCC,0,2271158
mcbAp5,0.16666666666666666,5,5,CACCCCATGTACGCAATAGA,0,2290509
mcbAp5,0.16666666666666666,5,5,CACATTCAGGCAAGGTACCT,0,2309225
mcbAp5,0.16666666666666666,5,5,CACATGATTCTTAGGTTCGT,0,2289176
mcbAp5,0.16666666666666666,5,5,CACACGTCTTCCACATTGGT,0,2274078
mcbAp5,0.16666666666666666,5,5,CACACAGGATGTAACGCTCA,0,2275723
mcbAp5,0.16666666666666666,5,5,CACACAACGGTGTCCGGCTT,0,2266863
mcbAp5,0.16666666666666666,5,5,CAATGGAGCTAAATGAAATT,0,2301423
mcbAp5,0.16666666666666666,5,5,CAATCGGCAATGGGGGTCTT,0,2267117
mcbAp5,0.16666666666666666,5,5,CAAGTTTCATTAGATACCAC,0,2309124
mcbAp5,0.16666666666666666,5,5,CAAGTTGTGCTGGGATGATT,0,2300107
mcbAp5,0.16666666666666666,5,5,CAAGTGGAACTCAAGACATT,0,2304576
mcbAp5,0.16666666666666666,5,5,CAAGGTTGGCTTCAATAATC,0,2292754
mcbAp5,0.16666666666666666,5,5,CAAGGGTCCGAGGAAGGTCC,0,2285736
mcbAp5,0.16666666666666666,5,5,CAAGGGTAAACTATCCTGGG,0,2281895
mcbAp5,0.16666666666666666,5,5,CAAGGGACACCAATGTGTAA,0,2266940
mcbAp5,0.16666666666666666,5,5,CAAGGATTGGCCTCAGTCAG,0,2261965
mcbAp5,0.16666666666666666,5,5,CAAGCGAAGTCAGTGCAATA,0,2295372
mcbAp5,0.16666666666666666,5,5,CAAGCCTGCAATTCTCGTGC,0,2271451
mcbAp5,0.16666666666666666,5,5,CAAGCATGCATCTTGTACCA,0,2286342
mcbAp5,0.16666666666666666,5,5,CAAGAGCTCGGCGGTACTCT,0,2277140
mcbAp5,0.16666666666666666,5,5,CAAGACTACCACCATTCGAC,0,2298301
mcbAp5,0.16666666666666666,5,5,CAACGAGTTCTGGTCAAAAT,0,2308658
mcbAp5,0.16666666666666666,5,5,CAACCATGTCCTTGACACTA,0,2277969
mcbAp5,0.16666666666666666,5,5,CAACATTTTAAATGTTTTAC,0,2263805
mcbAp5,0.16666666666666666,5,5,CAACACTTCTCGGGTAGCGA,0,2282268
mcbAp5,0.16666666666666666,5,5,CAAATTCGAGGTCAAAACAG,0,2311136
mcbAp5,0.16666666666666666,5,5,CAAATACGCAGATTCGTAAC,0,2275311
mcbAp5,0.16666666666666666,5,5,CAAAGGTGGGAACACTACGT,0,2289969
mcbAp5,0.16666666666666666,5,5,CAAACCCAGAGGGTGTGAGG,0,2292509
mcbAp5,0.16666666666666666,5,5,CAAAAGGGGTGCGTGACTAG,0,2267948
mcbAp5,0.16666666666666666,5,5,ATTTCTATAATTATAAGGCA,0,2309499
mcbAp5,0.16666666666666666,5,5,ATTTCTACTACCGATTTGTG,0,2283226
mcbAp5,0.16666666666666666,5,5,ATTTCTAACCCATCTCAATC,0,2280135
mcbAp5,0.16666666666666666,5,5,ATTTATATGCTTGTGCTGAA,0,2263967
mcbAp5,0.16666666666666666,5,5,ATTTACGGAAATAAATCAGC,0,2262452
mcbAp5,0.16666666666666666,5,5,ATTGTCAAGAGCCCGGGCGA,0,2294354
mcbAp5,0.16666666666666666,5,5,ATTGGCGCCGGAGACGGACA,0,2267328
mcbAp5,0.16666666666666666,5,5,ATTGCCTCTTCGCCGCAAAC,0,2270233
mcbAp5,0.16666666666666666,5,5,ATTCGTTGTGTGATTAGTCA,0,2290925
mcbAp5,0.16666666666666666,5,5,ATTCCCTAGACGCACGATCA,0,2276271
mcbAp5,0.16666666666666666,5,5,ATTCATCCACCTGAGGGGCT,0,2268875
mcbAp5,0.16666666666666666,5,5,ATTCATACTCATTCAGTCAC,0,2263631
mcbAp5,0.16666666666666666,5,5,ATTCAGAAGAGCACAGTGCC,0,2286607
mcbAp5,0.16666666666666666,5,5,ATTATCGTCTACCGCTTTCA,0,2297896
mcbAp5,0.16666666666666666,5,5,ATTAGAAGGGAGTTTCCCTG,0,2312820
mcbAp5,0.16666666666666666,5,5,ATGTTCAAGTACTCAACACG,0,2295349
mcbAp5,0.16666666666666666,5,5,ATGTGGGGCATGATTCATCA,0,2274035
mcbAp5,0.16666666666666666,5,5,ATGTGCGGGAATCTTAGAGC,0,2275877
mcbAp5,0.16666666666666666,5,5,ATGTGACCCTTCTATTTGCG,0,2264892
mcbAp5,0.16666666666666666,5,5,ATGTCCAATTACATAAGTGA,0,2281989
mcbAp5,0.16666666666666666,5,5,ATGGATTTATGTCGCAGCTG,0,2290973
mcbAp5,0.16666666666666666,5,5,ATGCTTCGACCGGCAATCCA,0,2274213
mcbAp5,0.16666666666666666,5,5,ATGCTGTTCAAGAAGTTCAC,0,2289219
mcbAp5,0.16666666666666666,5,5,ATGCTGTTATCAATGCCTTT,0,2291412
mcbAp5,0.16666666666666666,5,5,ATGCTATGGGAATCGAGGTG,0,2285135
mcbAp5,0.16666666666666666,5,5,ATGCCCAGATTGTGCATAGA,0,2308804
mcbAp5,0.16666666666666666,5,5,ATGATTTTAGATTCACGTTG,0,2277727
mcbAp5,0.16666666666666666,5,5,ATGAGTTCAAAAATGGAACC,0,2266944
mcbAp5,0.16666666666666666,5,5,ATGACGTGTTTAACGAAGGA,0,2262463
mcbAp5,0.16666666666666666,5,5,ATGACGGCGATGATGAGTCT,0,2316048
mcbAp5,0.16666666666666666,5,5,ATCTTGTAGAATCAACATTA,0,2288700
mcbAp5,0.16666666666666666,5,5,ATCTGCGAACACATATATTT,0,2302687
mcbAp5,0.16666666666666666,5,5,ATCTCGGGTAGCGACCTGTT,0,2304708
mcbAp5,0.16666666666666666,5,5,ATCTCGGCCACGCCTGCCAT,0,2271705
mcbAp5,0.16666666666666666,5,5,ATCTAACCGAAGAGAACGCA,0,2280381
mcbAp5,0.16666666666666666,5,5,ATCGTGCAGAAGAGCGTCCT,0,2314584
mcbAp5,0.16666666666666666,5,5,ATCGTGCACGGTTTTCGTTC,0,2292796
mcbAp5,0.16666666666666666,5,5,ATCGGGGTAAGTGTCGACGA,0,2266323
mcbAp5,0.16666666666666666,5,5,ATCGAGGGACGCAATAGTCC,0,2273434
mcbAp5,0.16666666666666666,5,5,ATCGACTTTTACGAAGGCGG,0,2271871
mcbAp5,0.16666666666666666,5,5,ATCCTTCGGGGCACAGTCCG,0,2294660
mcbAp5,0.16666666666666666,5,5,ATCCTTCAGCTCAGACGTTG,0,2305158
mcbAp5,0.16666666666666666,5,5,ATCAGGAAGCCGTTTCTGAA,0,2286101
mcbAp5,0.16666666666666666,5,5,ATCACGTGTCGTTGTATGTC,0,2267853
mcbAp5,0.16666666666666666,5,5,ATCAAGATAGTCTTCACATA,0,2298051
mcbAp5,0.16666666666666666,5,5,ATATGAACTCGCCGAAACGC,0,2276075
mcbAp5,0.16666666666666666,5,5,ATATAAAACCTAAAGGACGT,0,2280195
mcbAp5,0.16666666666666666,5,5,ATAGTCTAAGATGGCGGTGG,0,2281049
mcbAp5,0.16666666666666666,5,5,ATAGGCTAGCTCCTTAGGAG,0,2264901
mcbAp5,0.16666666666666666,5,5,ATAGGAGTTGCTAGGCTCGA,0,2283159
mcbAp5,0.16666666666666666,5,5,ATAGCCTGGTAAATATCGCA,0,2268362
mcbAp5,0.16666666666666666,5,5,ATAGCCGGGAGGTTAATCCC,0,2269146
mcbAp5,0.16666666666666666,5,5,ATAGAGCACCTTCATCCGTT,0,2307501
mcbAp5,0.16666666666666666,5,5,ATACTGGGCACTTTCCGGAT,0,2312611
mcbAp5,0.16666666666666666,5,5,ATACTAAATCTAATAGTATT,0,2267643
mcbAp5,0.16666666666666666,5,5,ATACGTACCTAACTGGAGTG,0,2267338
mcbAp5,0.16666666666666666,5,5,ATACGGATCGAAGGGGAAAG,0,2294454
mcbAp5,0.16666666666666666,5,5,ATACGCGTTTATGGCGCACA,0,2292179
mcbAp5,0.16666666666666666,5,5,ATACAGGGGATTACGGTCCT,0,2308579
mcbAp5,0.16666666666666666,5,5,ATAATTAAACGGCATGGATC,0,2312614
mcbAp5,0.16666666666666666,5,5,ATAAGCAACTGGCAACTCGG,0,2306548
mcbAp5,0.16666666666666666,5,5,ATAAGATTTGGGATAATGAA,0,2280835
mcbAp5,0.16666666666666666,5,5,ATAAATTGAGAGAGGGCAGA,0,2288421
mcbAp5,0.16666666666666666,5,5,AGTGGGTGACACGATACAAA,0,2268991
mcbAp5,0.16666666666666666,5,5,AGTGGCTCATAGTGAAGAAT,0,2311306
mcbAp5,0.16666666666666666,5,5,AGTGGCGTCGCACGCACATC,0,2298516
mcbAp5,0.16666666666666666,5,5,AGTGCACCCCGTACGGCAAC,0,2286153
mcbAp5,0.16666666666666666,5,5,AGTGATGCTACTATCAAGTG,0,2279728
mcbAp5,0.16666666666666666,5,5,AGTGAAGTTCATGATCTGTG,0,2280132
mcbAp5,0.16666666666666666,5,5,AGTCTCTGGGTTTCCACGGA,0,2268932
mcbAp5,0.16666666666666666,5,5,AGTCTCGGACCAATGTTTGT,0,2293268
mcbAp5,0.16666666666666666,5,5,AGTCGGCCCGACGAGGCTGT,0,2269304
mcbAp5,0.16666666666666666,5,5,AGTCGCCCGTTGAACTGGTG,0,2288144
mcbAp5,0.16666666666666666,5,5,AGTCAACACTGGATTACAGG,0,2280959
mcbAp5,0.16666666666666666,5,5,AGTCAAAGTGTGTCCGCGCC,0,2270717
mcbAp5,0.16666666666666666,5,5,AGTATAGTGATCGGCAGGTA,0,2296715
mcbAp5,0.16666666666666666,5,5,AGTAGGATTATTGTGTTATG,0,2288605
mcbAp5,0.16666666666666666,5,5,AGTAACGACGGGGCAGCGTT,0,2275814
mcbAp5,0.16666666666666666,5,5,AGGTCTTGCCACATCAAATA,0,2305106
mcbAp5,0.16666666666666666,5,5,AGGTCTCAGCTCTGAATCGT,0,2264780
mcbAp5,0.16666666666666666,5,5,AGGTATGGGAACTATGATGT,0,2281767
mcbAp5,0.16666666666666666,5,5,AGGTAAGGTTTCTCGGACTT,0,2293382
mcbAp5,0.16666666666666666,5,5,AGGGTGGGATCCGGTTAGAT,0,2278292
mcbAp5,0.16666666666666666,5,5,AGGGTCGCAGTTGATTCGCA,0,2285181
mcbAp5,0.16666666666666666,5,5,AGGGGTGCCACCCACACTTA,0,2272678
mcbAp5,0.16666666666666666,5,5,AGGGGAAATACACTACCTGA,0,2275874
mcbAp5,0.16666666666666666,5,5,AGGGAAAGAGATCGAAATGC,0,2299161
mcbAp5,0.16666666666666666,5,5,AGGCTCATGCATACGACGGA,0,2266272
mcbAp5,0.16666666666666666,5,5,AGGCCATTTCCGTCCAGAAG,0,2264194
mcbAp5,0.16666666666666666,5,5,AGGCCATTGTCACAACAAAA,0,2304626
mcbAp5,0.16666666666666666,5,5,AGGAGTATAACGCGGCCAGT,0,2287313
mcbAp5,0.16666666666666666,5,5,AGGAGGCGAATAGGTGGATT,0,2297025
mcbAp5,0.16666666666666666,5,5,AGGAGACCGCGTCAGCCCTG,0,2312663
mcbAp5,0.16666666666666666,5,5,AGGACACCATCTTTGCGAGT,0,2262739
mcbAp5,0.16666666666666666,5,5,AGCTTTTCCATGATAGGGCA,0,2276203
mcbAp5,0.16666666666666666,5,5,AGCTTACTTGATCGGTCCCA,0,2299665
mcbAp5,0.16666666666666666,5,5,AGCTCTGATGTTCGCCTGGG,0,2270257
mcbAp5,0.16666666666666666,5,5,AGCTCTCCATTTCATCACTG,0,2270960
mcbAp5,0.16666666666666666,5,5,AGCTACCGTCGGGATGCCGT,0,2315664
mcbAp5,0.16666666666666666,5,5,AGCTACCGTAAAATCTTTCT,0,2272034
mcbAp5,0.16666666666666666,5,5,AGCTACCAATCCATACCCGG,0,2289931
mcbAp5,0.16666666666666666,5,5,AGCTACCAAGTGCAGCGACG,0,2292581
mcbAp5,0.16666666666666666,5,5,AGCGTCATGTAAAGTAGCTG,0,2286660
mcbAp5,0.16666666666666666,5,5,AGCGTCATATTCGGATTACT,0,2273948
mcbAp5,0.16666666666666666,5,5,AGCGTATGCTAGGAAATTCG,0,2286408
mcbAp5,0.16666666666666666,5,5,AGCGTAGCGCGGACTGCCTC,0,2291210
mcbAp5,0.16666666666666666,5,5,AGCGGTTACATAACTCAAGG,0,2275952
mcbAp5,0.16666666666666666,5,5,AGCGGCTGGATGAGTCCGTT,0,2287427
mcbAp5,0.16666666666666666,5,5,AGCCGTTTGACACTCAAGAG,0,2263849
mcbAp5,0.16666666666666666,5,5,AGCCCTAGGACGCAAACAGC,0,2280989
mcbAp5,0.16666666666666666,5,5,AGCCCGAGCACGCAAGCCTC,0,2310218
mcbAp5,0.16666666666666666,5,5,AGCCAGGCTCGGCCTTCCAT,0,2287745
mcbAp5,0.16666666666666666,5,5,AGCATTGTGGTCCAAGTTAT,0,2263823
mcbAp5,0.16666666666666666,5,5,AGCATGTAAGCGTCCGCGCG,0,2315178
mcbAp5,0.16666666666666666,5,5,AGCATCCCTTCGTCGCTTCG,0,2271506
mcbAp5,0.16666666666666666,5,5,AGCAGCTACAGGCATAGTGA,0,2311598
mcbAp5,0.16666666666666666,5,5,AGATGATTATTGTCCCCAGC,0,2311928
mcbAp5,0.16666666666666666,5,5,AGATGATAGGTGATCAGGCA,0,2300556
mcbAp5,0.16666666666666666,5,5,AGAGTGGGTTTGAAACGAGC,0,2312229
mcbAp5,0.16666666666666666,5,5,AGAGTATGATTTCCATCCGC,0,2275783
mcbAp5,0.16666666666666666,5,5,AGAGGGGCCAGCACATCCCA,0,2297547
mcbAp5,0.16666666666666666,5,5,AGAGCACTAACGTATAACAG,0,2280138
mcbAp5,0.16666666666666666,5,5,AGACTTTTTTTGCTCCGGCA,0,2291501
mcbAp5,0.16666666666666666,5,5,AGACTTGAGTGTTCCAACCG,0,2298230
mcbAp5,0.16666666666666666,5,5,AGACGTTTATCTTTAAACCC,0,2281462
mcbAp5,0.16666666666666666,5,5,AGACGGTCATCCCGCGGACG,0,2264529
mcbAp5,0.16666666666666666,5,5,AGACGCTAACAAAAGTGGGG,0,2280130
mcbAp5,0.16666666666666666,5,5,AGAATCAGCCTCCTTGCGGA,0,2263270
mcbAp5,0.16666666666666666,5,5,AGAAGTAGACCCACCTTGCG,0,2295629
mcbAp5,0.16666666666666666,5,5,AGAAGCTTTAGTAGAAACGT,0,2285656
mcbAp5,0.16666666666666666,5,5,AGAACTCTGCAAGGAATGAT,0,2296542
mcbAp5,0.16666666666666666,5,5,AGAACGGCAAACCACGGAGT,0,2279898
mcbAp5,0.16666666666666666,5,5,ACTTTGGGAAAATAAGCCCC,0,2312104
mcbAp5,0.16666666666666666,5,5,ACTTCGTGTCTCATCAACTT,0,2270680
mcbAp5,0.16666666666666666,5,5,ACTTAGTGCGGTTAGTTTAG,0,2315569
mcbAp5,0.16666666666666666,5,5,ACTTAGTCCACCAAATGCGA,0,2292288
mcbAp5,0.16666666666666666,5,5,ACTTAGTAACGCAACTAGGT,0,2293225
mcbAp5,0.16666666666666666,5,5,ACTTACACCCTCAAGCCATG,0,2306205
mcbAp5,0.16666666666666666,5,5,ACTGCTCGAGGTGGACCGCC,0,2278849
mcbAp5,0.16666666666666666,5,5,ACTCTGATGAACCTTTACGA,0,2265724
mcbAp5,0.16666666666666666,5,5,ACTCGGCGAAAAAGCCTTGT,0,2309797
mcbAp5,0.16666666666666666,5,5,ACTCCTATTCAAGCGTGGGT,0,2280184
mcbAp5,0.16666666666666666,5,5,ACTCCTAGATGGTAAGCTCT,0,2292126
mcbAp5,0.16666666666666666,5,5,ACTCAGATGCTGGCATCCCT,0,2271979
mcbAp5,0.16666666666666666,5,5,ACTCACTGTTAGGGCAGACT,0,2271672
mcbAp5,0.16666666666666666,5,5,ACTATCGGCTATCCCACTGC,0,2262431
mcbAp5,0.16666666666666666,5,5,ACTAGAGCAGCATAGGGACA,0,2314391
mcbAp5,0.16666666666666666,5,5,ACTAGAGACAACCCACCCTA,0,2309378
mcbAp5,0.16666666666666666,5,5,ACTACTCAAGCTGTTCCATA,0,2316239
mcbAp5,0.16666666666666666,5,5,ACTAATCATCTTCAAGGCGT,0,2315964
mcbAp5,0.16666666666666666,5,5,ACGTTTAGATAGGGCAAGGG,0,2296180
mcbAp5,0.16666666666666666,5,5,ACGTTGAAGGTAATGAAAGC,0,2280075
mcbAp5,0.16666666666666666,5,5,ACGTCGCTGGTAGGCAGCTG,0,2304901
mcbAp5,0.16666666666666666,5,5,ACGTATGAACGGCTGTGTGA,0,2283020
mcbAp5,0.16666666666666666,5,5,ACGTACTCTCTTAGTCACAT,0,2295656
mcbAp5,0.16666666666666666,5,5,ACGTAAGCCAACGGTTCGTG,0,2270308
mcbAp5,0.16666666666666666,5,5,ACGGTTTGGGTATTATCCCA,0,2282743
mcbAp5,0.16666666666666666,5,5,ACGGTTACAGTTTGTGTTTG,0,2273583
mcbAp5,0.16666666666666666,5,5,ACGGGAATGCGCCTCGGAGG,0,2267143
mcbAp5,0.16666666666666666,5,5,ACGGAATAGCCCAAAGCAGC,0,2289999
mcbAp5,0.16666666666666666,5,5,ACGCTCAGGAGACGGGTGTT,0,2289797
mcbAp5,0.16666666666666666,5,5,ACGCGAAGATAGTTTTGTGA,0,2281979
mcbAp5,0.16666666666666666,5,5,ACGCCCCTGATCTACACTGC,0,2269023
mcbAp5,0.16666666666666666,5,5,ACGCACCGAAATTGTGGCGT,0,2281528
mcbAp5,0.16666666666666666,5,5,ACGCAAGCTTGATCCAGGGT,0,2300610
mcbAp5,0.16666666666666666,5,5,ACGCAAAACATTATATGAAC,0,2269494
mcbAp5,0.16666666666666666,5,5,ACGATTAACATTTGCCGGGG,0,2286751
mcbAp5,0.16666666666666666,5,5,ACGATCGGCCGACCACCGGA,0,2311393
mcbAp5,0.16666666666666666,5,5,ACGATAGTATGACGAAAATC,0,2270199
mcbAp5,0.16666666666666666,5,5,ACGATACGCATTCGGATGCT,0,2303493
mcbAp5,0.16666666666666666,5,5,ACGACTTTTTCTATTTCAAA,0,2291387
mcbAp5,0.16666666666666666,5,5,ACGACGCTAGCTCTACGGTA,0,2287951
mcbAp5,0.16666666666666666,5,5,ACCTTGTTACGGCAGTTCCA,0,2291895
mcbAp5,0.16666666666666666,5,5,ACCTTGGGAGCCGGAACCTT,0,2298897
mcbAp5,0.16666666666666666,5,5,ACCTTACCTTGCCGACCTTA,0,2261308
mcbAp5,0.16666666666666666,5,5,ACCTGATAGTCAACCCCTTC,0,2284607
mcbAp5,0.16666666666666666,5,5,ACCTCTTAGTTGGAGTAAGT,0,2279808
mcbAp5,0.16666666666666666,5,5,ACCTCGTTCCTCCATACCGT,0,2289486
mcbAp5,0.16666666666666666,5,5,ACCTATGTCAGGCGAACATG,0,2288932
mcbAp5,0.16666666666666666,5,5,ACCGTGCTGATTACGCATTT,0,2262057
mcbAp5,0.16666666666666666,5,5,ACCGTATGGCGGCAGGACAC,0,2272373
mcbAp5,0.16666666666666666,5,5,ACCGGTGGATGGGCTACGGG,0,2299901
mcbAp5,0.16666666666666666,5,5,ACCGGCTTTCATAAGCAGAC,0,2294225
mcbAp5,0.16666666666666666,5,5,ACCGAGCGGTACTCCTGCTA,0,2294604
mcbAp5,0.16666666666666666,5,5,ACCCTTTTGTGAGCCGTAAG,0,2308411
mcbAp5,0.16666666666666666,5,5,ACCCTGCATTCTGTTTCTTT,0,2290110
mcbAp5,0.16666666666666666,5,5,ACCCTAACGGTAATGAGTAC,0,2313526
mcbAp5,0.16666666666666666,5,5,ACCCGGCGGAACCGATGGGG,0,2273278
mcbAp5,0.16666666666666666,5,5,ACCCGATGCGTTGTAACACC,0,2289573
mcbAp5,0.16666666666666666,5,5,ACCCACTTTTCCTTCGACGG,0,2303959
mcbAp5,0.16666666666666666,5,5,ACCCACTGTGAATATTAAGT,0,2264228
mcbAp5,0.16666666666666666,5,5,ACCATTCGGGTATGTCGTAT,0,2314754
mcbAp5,0.16666666666666666,5,5,ACCAGGACTGTGTGGAAATA,0,2294284
mcbAp5,0.16666666666666666,5,5,ACCAGACATTCACCAAGATT,0,2289677
mcbAp5,0.16666666666666666,5,5,ACCACTGATCCCGGTGCACA,0,2304212
mcbAp5,0.16666666666666666,5,5,ACCACAGGATAGCTCCGAGC,0,2303680
mcbAp5,0.16666666666666666,5,5,ACCAATGATAATACTTACGA,0,2281126
mcbAp5,0.16666666666666666,5,5,ACCAAGTGGGAGTTAAAGTC,0,2262909
mcbAp5,0.16666666666666666,5,5,ACCAAGCCAGGGCCGTCCCC,0,2263190
mcbAp5,0.16666666666666666,5,5,ACCAACAAGGGTTCCCGATA,0,2314349
mcbAp5,0.16666666666666666,5,5,ACATTAGGGTCTTACAGAAT,0,2308036
mcbAp5,0.16666666666666666,5,5,ACATGAAAGTATGGTACCCT,0,2288643
mcbAp5,0.16666666666666666,5,5,ACATATGGTCTATAATCGGA,0,2279677
mcbAp5,0.16666666666666666,5,5,ACAGTTCCTCGTAGGGGACA,0,2297356
mcbAp5,0.16666666666666666,5,5,ACAGGTGGTACATCGCCCGC,0,2297438
mcbAp5,0.16666666666666666,5,5,ACAGGTGCGAGTTAGTCGGT,0,2271912
mcbAp5,0.16666666666666666,5,5,ACAGGCGCTCTCAGTACCAT,0,2303257
mcbAp5,0.16666666666666666,5,5,ACAGCGACGATGAGTAAGTC,0,2312198
mcbAp5,0.16666666666666666,5,5,ACAGCAAGCGTGTAGGGTAG,0,2313984
mcbAp5,0.16666666666666666,5,5,ACAGACATGTTGGACCCGAC,0,2292454
mcbAp5,0.16666666666666666,5,5,ACAGACAAAAAGCATCACGC,0,2311355
mcbAp5,0.16666666666666666,5,5,ACACGACGCCATATGAGATT,0,2281392
mcbAp5,0.16666666666666666,5,5,ACACCGATTATCCTCTTGCT,0,2267378
mcbAp5,0.16666666666666666,5,5,ACACACCATCTCGGAACGAA,0,2300176
mcbAp5,0.16666666666666666,5,5,ACACACCACTAAGAATTTTC,0,2279090
mcbAp5,0.16666666666666666,5,5,ACAAGGTGTAGTGGCTAGTC,0,2276675
mcbAp5,0.16666666666666666,5,5,ACAAGCGCCTACTAGCCCGG,0,2263618
mcbAp5,0.16666666666666666,5,5,ACAAGCAGGAACCGCGAATC,0,2283098
mcbAp5,0.16666666666666666,5,5,ACAACCGCCTGCAGTCATGT,0,2289286
mcbAp5,0.16666666666666666,5,5,ACAAAGTCGCTAGGTGTGGG,0,2309649
mcbAp5,0.16666666666666666,5,5,AATTTAGGTATTATAGCGTC,0,2298968
mcbAp5,0.16666666666666666,5,5,AATTGGATTTGATTTGAAAC,0,2266279
mcbAp5,0.16666666666666666,5,5,AATTGATATTAACTGAGAGA,0,2279128
mcbAp5,0.16666666666666666,5,5,AATTCGTGTCTAAATATAAG,0,2296364
mcbAp5,0.16666666666666666,5,5,AATGTTCTAAAATCGTTACC,0,2302301
mcbAp5,0.16666666666666666,5,5,AATGGAGATCAAACGAGCCG,0,2272538
mcbAp5,0.16666666666666666,5,5,AATGCAGAGCGCGTGGCCTT,0,2270486
mcbAp5,0.16666666666666666,5,5,AATGAGGTTGCGAGTTTTGA,0,2264116
mcbAp5,0.16666666666666666,5,5,AATGACAGGAAGTGTATTCT,0,2276472
mcbAp5,0.16666666666666666,5,5,AATCGGATCCCCGGTTACAT,0,2314888
mcbAp5,0.16666666666666666,5,5,AATCCAGGTGAGGATCTTGG,0,2262983
mcbAp5,0.16666666666666666,5,5,AATCAAACTTTTCCGGTCGT,0,2286120
mcbAp5,0.16666666666666666,5,5,AATATGGTACGGGATTCCGT,0,2281311
mcbAp5,0.16666666666666666,5,5,AATAGGGTTGATGCCACGGT,0,2306968
mcbAp5,0.16666666666666666,5,5,AATAGATTGACGCTTCGCAG,0,2284189
mcbAp5,0.16666666666666666,5,5,AATAAGAACTTGTACTTCGA,0,2291345
mcbAp5,0.16666666666666666,5,5,AAGTGTAATAGCAGCTCGGA,0,2269686
mcbAp5,0.16666666666666666,5,5,AAGTGGGCCAAACGGCCAGG,0,2300533
mcbAp5,0.16666666666666666,5,5,AAGTCCCGAGTCGGGGTTTT,0,2300506
mcbAp5,0.16666666666666666,5,5,AAGTAGTATGGGTCGCTGTA,0,2268541
mcbAp5,0.16666666666666666,5,5,AAGTAGAGGATCCAGGCTGT,0,2270645
mcbAp5,0.16666666666666666,5,5,AAGTACTTAGTCGAGGCATA,0,2309310
mcbAp5,0.16666666666666666,5,5,AAGTAAGTTTGTGTTCTCTC,0,2309034
mcbAp5,0.16666666666666666,5,5,AAGCCCGTCCCGCACAGTTT,0,2308628
mcbAp5,0.16666666666666666,5,5,AAGCCAACCGTTTGGTTTCC,0,2288247
mcbAp5,0.16666666666666666,5,5,AAGAGCGATCGTTAATCATT,0,2270025
mcbAp5,0.16666666666666666,5,5,AAGACGAAGGTTCGCATCGC,0,2301550
mcbAp5,0.16666666666666666,5,5,AAGACCGGCGTGAGTTGCCG,0,2269175
mcbAp5,0.16666666666666666,5,5,AACTTAAATAGTTGCTGTGC,0,2261455
mcbAp5,0.16666666666666666,5,5,AACTGGGTCGCTAGACTTTC,0,2306766
mcbAp5,0.16666666666666666,5,5,AACTGAAGATGGGTAGTTGC,0,2276619
mcbAp5,0.16666666666666666,5,5,AACTCCTCGATTGTAGCCGG,0,2271786
mcbAp5,0.16666666666666666,5,5,AACTCCCGGCCCCCCAACCA,0,2289250
mcbAp5,0.16666666666666666,5,5,AACTAGCTATGTACTGGTTG,0,2308671
mcbAp5,0.16666666666666666,5,5,AACGTCTGGCTCATATGGAG,0,2261957
mcbAp5,0.16666666666666666,5,5,AACGGTCCTGCTCTTGCTAT,0,2296769
mcbAp5,0.16666666666666666,5,5,AACGGGGATGAGTCCCGCAT,0,2276590
mcbAp5,0.16666666666666666,5,5,AACGGAACAGCGCGAAGAGG,0,2313844
mcbAp5,0.16666666666666666,5,5,AACGCTGCTTGTTTCCCCTT,0,2279088
mcbAp5,0.16666666666666666,5,5,AACCTCATGACCGTATTACT,0,2303650
mcbAp5,0.16666666666666666,5,5,AACCGTGGCTTGATGCTTCG,0,2290116
mcbAp5,0.16666666666666666,5,5,AACATATGCTCGCCGATAGA,0,2278592
mcbAp5,0.16666666666666666,5,5,AACACTATGGACAGCCCTCT,0,2297556
mcbAp5,0.16666666666666666,5,5,AACACAAGCTACTGAAGGGA,0,2284861
mcbAp5,0.16666666666666666,5,5,AAATTCCCGTCTCGCGTTTA,0,2297693
mcbAp5,0.16666666666666666,5,5,AAATTCAACCTTTTAAGCCT,0,2301548
mcbAp5,0.16666666666666666,5,5,AAATGTCGCGTGGAAGTCCG,0,2304764
mcbAp5,0.16666666666666666,5,5,AAATGGCTCATCGCCGGGTG,0,2301940
mcbAp5,0.16666666666666666,5,5,AAATGATACCCGGTTTAATG,0,2290234
mcbAp5,0.16666666666666666,5,5,AAATCCGACAATTCAGGTAT,0,2280669
mcbAp5,0.16666666666666666,5,5,AAATAAACAAATACCTGGGT,0,2284768
mcbAp5,0.16666666666666666,5,5,AAAGGGATGACCTTCACCAG,0,2302970
mcbAp5,0.16666666666666666,5,5,AAAGGAATAGGGCCAATTGG,0,2272456
mcbAp5,0.16666666666666666,5,5,AAAGAGGGCTGGCTTCCTGC,0,2314288
mcbAp5,0.16666666666666666,5,5,AAACTGACAGTCTGTGAGTC,0,2270887
mcbAp5,0.16666666666666666,5,5,AAACTCTCCCGGTCTAACGG,0,2266992
mcbAp5,0.16666666666666666,5,5,AAACCCGTATGGATAAATAC,0,2299129
mcbAp5,0.16666666666666666,5,5,AAACATCTTGAGTCTGAGTT,0,2281974
mcbAp5,0.16666666666666666,5,5,AAACACTGAGCCAAGTCTCT,0,2277100
mcbAp5,0.16666666666666666,5,5,AAAATACGGCTTCCAGTGCA,0,2293981
mcbAp5,0.16666666666666666,5,5,AAAAGGTATCCCCTAGGAAG,0,2266207
mcbAp5,0.16666666666666666,5,5,AAAACCTGCGATGCATGGGG,0,2303025
mcbAp5,0.16666666666666666,5,5,AAAAACAACAAGTGCCTGGT,0,2275494
mcbAp5,0.2,4,4,TTTTGGTACAAAAGTGGAGC,0,2314643
mcbAp5,0.2,4,4,TTTTGGCGCAGCTGTAGGTA,0,2271644
mcbAp5,0.2,4,4,TTTTGGATCTGACCTCCGGG,0,2280251
mcbAp5,0.2,4,4,TTTTGCACACCGATGGTAAT,0,2305866
mcbAp5,0.2,4,4,TTTTATGTTTTTACACTCCC,0,2311129
mcbAp5,0.2,4,4,TTTGGGATGGATACATGGAC,0,2298898
mcbAp5,0.2,4,4,TTTGGCTCGGAGTGGGTTTG,0,2262100
mcbAp5,0.2,4,4,TTTGCTATCTTTCGAAGCGG,0,2273755
mcbAp5,0.2,4,4,TTTGCGACCCCCTATGCTAG,0,2264391
mcbAp5,0.2,4,4,TTTGCAAGGCTTCCCGCAAT,0,2301136
mcbAp5,0.2,4,4,TTTGATCATGGGGGCAGTCT,0,2276206
mcbAp5,0.2,4,4,TTTGATCATCGGCTCCGGTC,0,2270508
mcbAp5,0.2,4,4,TTTCCCGGTTCCACTTATAC,0,2311680
mcbAp5,0.2,4,4,TTTCATAGCGCCCGACCCGA,0,2301005
mcbAp5,0.2,4,4,TTTCAGCAGGTAGCCGAGGC,0,2303809
mcbAp5,0.2,4,4,TTTCACTCCGCAGACTTCTT,0,2311127
mcbAp5,0.2,4,4,TTTATGTAAGATCGGTAATA,0,2270616
mcbAp5,0.2,4,4,TTTAGGCCTCGTGAGGTATT,0,2270876
mcbAp5,0.2,4,4,TTTACTGACCTATGCCCTGA,0,2292132
mcbAp5,0.2,4,4,TTTAAATGGGAGGGCTCGCA,0,2282844
mcbAp5,0.2,4,4,TTTAAAAGTCAATGAGTATT,0,2299475
mcbAp5,0.2,4,4,TTGTGTTTGCGACCCGATTC,0,2282517
mcbAp5,0.2,4,4,TTGTGATTGCGTGCCGCTCT,0,2285615
mcbAp5,0.2,4,4,TTGTCTCCCGGTTGATACGG,0,2308931
mcbAp5,0.2,4,4,TTGTCGGGTGACCGCATATG,0,2296640
mcbAp5,0.2,4,4,TTGTCATGTACGGCCTAAGA,0,2291301
mcbAp5,0.2,4,4,TTGGTAACTTTGGGCAAGTT,0,2284676
mcbAp5,0.2,4,4,TTGGGGTATAACATAGAGGT,0,2283928
mcbAp5,0.2,4,4,TTGGCGACACTCGACCCGAG,0,2263381
mcbAp5,0.2,4,4,TTGGCCTAAAGCTTTGTGTT,0,2287992
mcbAp5,0.2,4,4,TTGGATGCACCACTCTACCT,0,2290352
mcbAp5,0.2,4,4,TTGCTTCATTGACTATGTTT,0,2291562
mcbAp5,0.2,4,4,TTGCGGGCGGGACGCGCGAA,0,2289347
mcbAp5,0.2,4,4,TTGCCTATCAGTGAGGGATG,0,2265459
mcbAp5,0.2,4,4,TTGAGCTATAACTTTACCGA,0,2265426
mcbAp5,0.2,4,4,TTGACAAGCGAGAGTCCGGG,0,2289507
mcbAp5,0.2,4,4,TTGAAGCATCAAGCCTGTAC,0,2309213
mcbAp5,0.2,4,4,TTGAAAGTGCCTAAAATAAC,0,2300030
mcbAp5,0.2,4,4,TTGAAAGGGTAGCCCTGAGT,0,2268196
mcbAp5,0.2,4,4,TTCTTGACGAATCAGCTGTA,0,2293513
mcbAp5,0.2,4,4,TTCTTCCCGAGGTCGTCATG,0,2283014
mcbAp5,0.2,4,4,TTCTTACCCTGTGACGACCC,0,2273414
mcbAp5,0.2,4,4,TTCTCTCTAAATCACCGTTA,0,2295269
mcbAp5,0.2,4,4,TTCTATTGGCCACATACTGA,0,2299620
mcbAp5,0.2,4,4,TTCTAGGGACGTGCACGCGA,0,2314352
mcbAp5,0.2,4,4,TTCTAGGACCGGCACATTCA,0,2288413
mcbAp5,0.2,4,4,TTCGCAGACTATACATGCGA,0,2287695
mcbAp5,0.2,4,4,TTCCGACGATAGTAGGTCAC,0,2282197
mcbAp5,0.2,4,4,TTCCGAATGGTTCAGCTGAT,0,2289165
mcbAp5,0.2,4,4,TTCCCACGGCTACGCACGGC,0,2308933
mcbAp5,0.2,4,4,TTCAGCGCATCTATGAGCGG,0,2283869
mcbAp5,0.2,4,4,TTCACACGTGGTTAGACTCC,0,2271286
mcbAp5,0.2,4,4,TTCAAGAGACAGGAATATTT,0,2278663
mcbAp5,0.2,4,4,TTATTATAGGCCGTATTGTT,0,2298629
mcbAp5,0.2,4,4,TTATGCGATACAGGGTATAC,0,2306504
mcbAp5,0.2,4,4,TTATGCGAGGGTGGGACAGA,0,2289547
mcbAp5,0.2,4,4,TTATGCCCAGTAAACGCTAA,0,2298465
mcbAp5,0.2,4,4,TTATGATGGTGGGTATCGGG,0,2274603
mcbAp5,0.2,4,4,TTATCTAGTTCTTTGGTGTA,0,2266990
mcbAp5,0.2,4,4,TTATCGGGTCGCGACAGGTT,0,2262903
mcbAp5,0.2,4,4,TTATCCACTGAGAGGTGCAG,0,2299181
mcbAp5,0.2,4,4,TTATACGTGATTGGCCCAGG,0,2293901
mcbAp5,0.2,4,4,TTATAACAGCTCAATTGCGT,0,2270334
mcbAp5,0.2,4,4,TTATAAATTATATCTAGTGG,0,2263266
mcbAp5,0.2,4,4,TTAGTAAGGTAAACCAGTAA,0,2300728
mcbAp5,0.2,4,4,TTAGGGGGTCATCCGGGGTA,0,2271601
mcbAp5,0.2,4,4,TTAGGGCGCGAAGGCAAATA,0,2265692
mcbAp5,0.2,4,4,TTAGGCCACTGAAGACCCCC,0,2278908
mcbAp5,0.2,4,4,TTAGGCAGGCTAAGATCATA,0,2302642
mcbAp5,0.2,4,4,TTAGCATCATACTGCATACA,0,2266987
mcbAp5,0.2,4,4,TTAGCAAAGGCATTAGCATT,0,2275054
mcbAp5,0.2,4,4,TTAGATTGAGCTGTCTCAAT,0,2295671
mcbAp5,0.2,4,4,TTAGAAGGGCCTTACTATAG,0,2293623
mcbAp5,0.2,4,4,TTACTGTGCATGTCAATCCT,0,2314019
mcbAp5,0.2,4,4,TTACTGGTTAGGGTCGCTGA,0,2276827
mcbAp5,0.2,4,4,TTACGCAGGCCGTTTCAGGA,0,2300636
mcbAp5,0.2,4,4,TTACGAAGTCCATTGTGTGT,0,2300474
mcbAp5,0.2,4,4,TTACCACAGTTATATGGACT,0,2261356
mcbAp5,0.2,4,4,TTAAGCCACTCAGCTCACAA,0,2288920
mcbAp5,0.2,4,4,TTAAACGGATGTGTAGAACA,0,2299044
mcbAp5,0.2,4,4,TGTTGTACGTCTGGTCATGG,0,2261845
mcbAp5,0.2,4,4,TGTTATTTGAGCAATGTTAA,0,2274913
mcbAp5,0.2,4,4,TGTTATGGCGCCGAGAGGAC,0,2304211
mcbAp5,0.2,4,4,TGTTATGCGCGTGGACAGTT,0,2264895
mcbAp5,0.2,4,4,TGTGTACATAGATTCCGCTT,0,2261343
mcbAp5,0.2,4,4,TGTGCTCACTCGTGGCTAAC,0,2264059
mcbAp5,0.2,4,4,TGTGATCGCCTAGACGGGAA,0,2285413
mcbAp5,0.2,4,4,TGTCGAAGCCTAAGTGCATT,0,2272351
mcbAp5,0.2,4,4,TGTCCGCCGCGACGCCTGAT,0,2283102
mcbAp5,0.2,4,4,TGTCCGAAGCATCGGCCTTA,0,2294667
mcbAp5,0.2,4,4,TGTCCCAAAACCGAAAATCA,0,2309176
mcbAp5,0.2,4,4,TGTCAAAAGTTTATCAAGGG,0,2289975
mcbAp5,0.2,4,4,TGTATAAAGAGCACAAACCC,0,2277964
mcbAp5,0.2,4,4,TGTAACTCCTGCCTTACATT,0,2294613
mcbAp5,0.2,4,4,TGTAAATGCGTGTACGAATG,0,2269485
mcbAp5,0.2,4,4,TGGTTTTCCATAAAGGCCAT,0,2263320
mcbAp5,0.2,4,4,TGGTTTGAACCCCACCCGGG,0,2296927
mcbAp5,0.2,4,4,TGGTTCACCTCTTTAGAGGT,0,2294485
mcbAp5,0.2,4,4,TGGTGGTGTGCTACGTATCC,0,2302018
mcbAp5,0.2,4,4,TGGTCTCTGGAAGTCCCGTT,0,2270425
mcbAp5,0.2,4,4,TGGTAAAGGACAGGTAGGGG,0,2272319
mcbAp5,0.2,4,4,TGGGGGATCCGCTCGTTGGG,0,2300972
mcbAp5,0.2,4,4,TGGGAATTCGCTGCGCAGGC,0,2283402
mcbAp5,0.2,4,4,TGGGAATCCGCAGACAACGG,0,2277449
mcbAp5,0.2,4,4,TGGCTTTCAGTCTCGTAAGG,0,2274454
mcbAp5,0.2,4,4,TGGCTCTCCACCGGCGCGAG,0,2301879
mcbAp5,0.2,4,4,TGGCGGAGATACCATACTAG,0,2268317
mcbAp5,0.2,4,4,TGGCATTTATGGTGTAGGCA,0,2306486
mcbAp5,0.2,4,4,TGGATTCGTATAGGAGGATA,0,2273164
mcbAp5,0.2,4,4,TGGATCCGAAACCGCAACGA,0,2290024
mcbAp5,0.2,4,4,TGGATCAGAGAGTGCATCGC,0,2315693
mcbAp5,0.2,4,4,TGGAGTACCCGGCCCCGTTG,0,2304801
mcbAp5,0.2,4,4,TGGAGCGAGGTCAGAATGTG,0,2284825
mcbAp5,0.2,4,4,TGGACGTCCCGCAGTGAGGG,0,2279837
mcbAp5,0.2,4,4,TGGACGCTGTCGGGGTGTAT,0,2309073
mcbAp5,0.2,4,4,TGGACCAGCAAACCTCGAGC,0,2303139
mcbAp5,0.2,4,4,TGCTTTGAGTACGATACAAT,0,2300603
mcbAp5,0.2,4,4,TGCTTAACCAGTACGCATGG,0,2296064
mcbAp5,0.2,4,4,TGCTGTAGCTGGTTTGCCAG,0,2291493
mcbAp5,0.2,4,4,TGCTCGCCCCGCGTGGAATA,0,2305585
mcbAp5,0.2,4,4,TGCTCGACCAGGAGACTAGC,0,2280269
mcbAp5,0.2,4,4,TGCTATTTCCTGTGTTTGTT,0,2285971
mcbAp5,0.2,4,4,TGCTAGAATGTGATGCTCAG,0,2287541
mcbAp5,0.2,4,4,TGCTACACCTTCCTAGGCCA,0,2284460
mcbAp5,0.2,4,4,TGCGGCGTGGATTGTAGCCT,0,2305051
mcbAp5,0.2,4,4,TGCGCGGCGTGAGCGGGACT,0,2279855
mcbAp5,0.2,4,4,TGCGCCCTGCCTTGACCCAG,0,2281058
mcbAp5,0.2,4,4,TGCGCAGTTTCTACATCTAG,0,2299356
mcbAp5,0.2,4,4,TGCGCAACCGCAGTGGGGTG,0,2264572
mcbAp5,0.2,4,4,TGCGAGCCGAGGTCTGGAAG,0,2291651
mcbAp5,0.2,4,4,TGCGACAGAACAGATTGCCC,0,2293734
mcbAp5,0.2,4,4,TGCCGAATCAGTGTCATTTC,0,2269942
mcbAp5,0.2,4,4,TGCCACTGAGTGGCATCAAA,0,2269593
mcbAp5,0.2,4,4,TGCAGCGTGAGTATGATCCC,0,2290289
mcbAp5,0.2,4,4,TGCAGCCTCCATGCGGGTCA,0,2285374
mcbAp5,0.2,4,4,TGCACTTGTTTACGCGTTTT,0,2289171
mcbAp5,0.2,4,4,TGCACGGGCCAGAGGGCATT,0,2296362
mcbAp5,0.2,4,4,TGCACCTGTGTTGCGGTAGC,0,2308389
mcbAp5,0.2,4,4,TGCAAATTCCCAGAAATAAA,0,2308126
mcbAp5,0.2,4,4,TGATGTTTTATTAAACAGTT,0,2291594
mcbAp5,0.2,4,4,TGATGGTATATTTGATGAGA,0,2273398
mcbAp5,0.2,4,4,TGATGGGGTCTTACTTCAAT,0,2263333
mcbAp5,0.2,4,4,TGAGTGTTTTGGTGCAGTAA,0,2281200
mcbAp5,0.2,4,4,TGAGTCTTACTACAGTATCT,0,2299268
mcbAp5,0.2,4,4,TGAGTCCCTTATTGGTTAAT,0,2282557
mcbAp5,0.2,4,4,TGAGTCAACTGTCCACTTTA,0,2277047
mcbAp5,0.2,4,4,TGAGTACATACAGCATTTGA,0,2287789
mcbAp5,0.2,4,4,TGAGGTCGCAGAGCCATTCA,0,2280530
mcbAp5,0.2,4,4,TGAGGGCAGAGTTCGATAAT,0,2276175
mcbAp5,0.2,4,4,TGAGCGTACAATGGCTAGTG,0,2272151
mcbAp5,0.2,4,4,TGACTTTATCGATTAAACGA,0,2289168
mcbAp5,0.2,4,4,TGACGTTGGAGAAACTGAGC,0,2287708
mcbAp5,0.2,4,4,TGACGGTCCAGTTGCATTCC,0,2308930
mcbAp5,0.2,4,4,TGACGCGACTAGCTTCATTT,0,2316047
mcbAp5,0.2,4,4,TGACGATCCTCCATTGTGGA,0,2280105
mcbAp5,0.2,4,4,TGACCCCAACAAACGGGTGG,0,2298307
mcbAp5,0.2,4,4,TGACACATGTACTTATTCTG,0,2280941
mcbAp5,0.2,4,4,TGACAACCAACAATACTTGC,0,2265889
mcbAp5,0.2,4,4,TGACAAACTGGATAGGTAGC,0,2313999
mcbAp5,0.2,4,4,TGAAGTACCTTCGGAGTAGG,0,2265618
mcbAp5,0.2,4,4,TGAAGGTACTGTTTTATAAC,0,2303954
mcbAp5,0.2,4,4,TGAAGACCGCAGGGTGATTA,0,2266615
mcbAp5,0.2,4,4,TGAACTTAATTGCCTCATAC,0,2289685
mcbAp5,0.2,4,4,TCTTATCCAATCCTCTCTGG,0,2269250
mcbAp5,0.2,4,4,TCTTAGGTTCCGGCTCCGCA,0,2290464
mcbAp5,0.2,4,4,TCTTACGCTTCGACTGTCCA,0,2282615
mcbAp5,0.2,4,4,TCTTAACGTACTAAAGTCCA,0,2293572
mcbAp5,0.2,4,4,TCTGTCGCGCAGAGAAATGG,0,2265106
mcbAp5,0.2,4,4,TCTGGGCGCATGATAAGCAT,0,2269379
mcbAp5,0.2,4,4,TCTCGGGCGTACTAATAATC,0,2298502
mcbAp5,0.2,4,4,TCTCGATCCGTTCGGGTGAA,0,2297889
mcbAp5,0.2,4,4,TCTCCCGTTTATGGCCTCGG,0,2313521
mcbAp5,0.2,4,4,TCTCATTGTAGATACTGGCT,0,2315431
mcbAp5,0.2,4,4,TCTCAACCGTCTACGATATT,0,2291508
mcbAp5,0.2,4,4,TCTATACATCACAGTGTGTT,0,2290690
mcbAp5,0.2,4,4,TCTAGAGCAAGATAGGTTAC,0,2298635
mcbAp5,0.2,4,4,TCTAGAAGCTTGCAGCCTAT,0,2267802
mcbAp5,0.2,4,4,TCTACATAGGCCCTAACCTT,0,2279962
mcbAp5,0.2,4,4,TCTAAACAGGTTGAGGTCAA,0,2308496
mcbAp5,0.2,4,4,TCGTCGCTCTGTATCGCGTC,0,2301428
mcbAp5,0.2,4,4,TCGTCCTTAGCATAAACGAA,0,2264528
mcbAp5,0.2,4,4,TCGTACTGCGCGCGTGAATT,0,2288105
mcbAp5,0.2,4,4,TCGTAACTTTTTCTGGAAGG,0,2282373
mcbAp5,0.2,4,4,TCGGTGCAGTGATCGCGTGT,0,2307386
mcbAp5,0.2,4,4,TCGGGCAGTTCGCGGCTGAT,0,2306487
mcbAp5,0.2,4,4,TCGGCCGAGAAACGGCCCCT,0,2295058
mcbAp5,0.2,4,4,TCGGCAATCTGTCTAGGTTC,0,2284223
mcbAp5,0.2,4,4,TCGGAGCCTACGTAACGGGA,0,2264997
mcbAp5,0.2,4,4,TCGGACGAAGACGGTCTGCC,0,2305546
mcbAp5,0.2,4,4,TCGGAACGTGTAGGCGAGAC,0,2313472
mcbAp5,0.2,4,4,TCGCTAGCTCAACTGAAGGA,0,2295821
mcbAp5,0.2,4,4,TCGCCAGAGGCAGACGAGAC,0,2295952
mcbAp5,0.2,4,4,TCGCACAAGTTTTTCGCGTC,0,2313468
mcbAp5,0.2,4,4,TCGACACACGTCGGAAAAGC,0,2310292
mcbAp5,0.2,4,4,TCGAATTGAGGGATTGATAA,0,2307020
mcbAp5,0.2,4,4,TCGAAGAGGTCAACATACAA,0,2302495
mcbAp5,0.2,4,4,TCCTGTGGCGTCATTAGGTT,0,2291882
mcbAp5,0.2,4,4,TCCTGTAGTCAAGGCCCGAG,0,2265845
mcbAp5,0.2,4,4,TCCTGGAACTGATTCCTGTG,0,2286972
mcbAp5,0.2,4,4,TCCTAGGTTCGCTCTCGATG,0,2274033
mcbAp5,0.2,4,4,TCCTAGGTCTGATAGGCAAG,0,2289388
mcbAp5,0.2,4,4,TCCGTTCTTGGCACCCAGTA,0,2293705
mcbAp5,0.2,4,4,TCCGAGACTCCTGTATGGGT,0,2291128
mcbAp5,0.2,4,4,TCCCCGATCGGCCTCTGTCC,0,2277759
mcbAp5,0.2,4,4,TCCCCATAAAGGGAGCTATG,0,2305749
mcbAp5,0.2,4,4,TCCATTAAATGTTTGGGAGG,0,2274460
mcbAp5,0.2,4,4,TCCATCAGTCGGAGAAATGC,0,2298533
mcbAp5,0.2,4,4,TCCAGCATGTGAGCTCCTTA,0,2281874
mcbAp5,0.2,4,4,TCCAGATAGTCGGGTATGGA,0,2287740
mcbAp5,0.2,4,4,TCCACATCCGTACGATCGAC,0,2293568
mcbAp5,0.2,4,4,TCCACAGAATTCATTCGAAG,0,2278743
mcbAp5,0.2,4,4,TCCACACCTACTACTGCAGT,0,2310920
mcbAp5,0.2,4,4,TCCAAGGCCGACTACATTAT,0,2303776
mcbAp5,0.2,4,4,TCCAACGAGTGACATAGGCT,0,2262789
mcbAp5,0.2,4,4,TCCAAACGCCTGCAACGAGA,0,2295255
mcbAp5,0.2,4,4,TCCAAAATTCTAAGTGCTCG,0,2277869
mcbAp5,0.2,4,4,TCATGGTGGTGAGCAGTAAG,0,2264173
mcbAp5,0.2,4,4,TCATGGCCGGCTCCTATACA,0,2264891
mcbAp5,0.2,4,4,TCATGAGATTATATAATCCG,0,2304164
mcbAp5,0.2,4,4,TCATCGCGAGATGAATACCG,0,2303607
mcbAp5,0.2,4,4,TCATCGAGTTCCCGGTATGG,0,2288306
mcbAp5,0.2,4,4,TCATCCCTGGTTCGCCGGAG,0,2309602
mcbAp5,0.2,4,4,TCATCATTCAAGAGATCAAA,0,2295428
mcbAp5,0.2,4,4,TCATCAGGCCGCGAGAGCAA,0,2279436
mcbAp5,0.2,4,4,TCATACGTAGTCTGAATGGT,0,2296292
mcbAp5,0.2,4,4,TCAGTTGACTTACTGTCGGC,0,2295030
mcbAp5,0.2,4,4,TCAGTGTCATAAGCCGCATA,0,2283203
mcbAp5,0.2,4,4,TCAGTACTAGGAAATTGGTG,0,2284617
mcbAp5,0.2,4,4,TCAGTACGGGGTTTATCAAT,0,2261566
mcbAp5,0.2,4,4,TCAGCGGTTTGGGTCAAATC,0,2283939
mcbAp5,0.2,4,4,TCAGCACTGCAATGGTGGGC,0,2278714
mcbAp5,0.2,4,4,TCAGAGGCGATTTTGTTCTG,0,2306297
mcbAp5,0.2,4,4,TCACTTTTCGCTAAATGACA,0,2264151
mcbAp5,0.2,4,4,TCACTCGTACAAGAACCCAA,0,2285936
mcbAp5,0.2,4,4,TCACTCATTACTGGTGAAGC,0,2284533
mcbAp5,0.2,4,4,TCACGGAATCTTTAGCGCCA,0,2267815
mcbAp5,0.2,4,4,TCACCTGGATTGATCAGGCA,0,2297451
mcbAp5,0.2,4,4,TCACCTGAACGGACATCGCT,0,2305504
mcbAp5,0.2,4,4,TCACCAATTTATATTCGTCA,0,2302281
mcbAp5,0.2,4,4,TCAAGGTTCTAGATGATTTG,0,2303835
mcbAp5,0.2,4,4,TCAACGCGAGCCAAGCCCCC,0,2301254
mcbAp5,0.2,4,4,TATTATTTTTCGCTACAGGT,0,2296012
mcbAp5,0.2,4,4,TATTATTACCAAACTTATCT,0,2312146
mcbAp5,0.2,4,4,TATGTCGCTTCGCGTTGCTG,0,2303900
mcbAp5,0.2,4,4,TATGGTCGATTTACTGCTCC,0,2278912
mcbAp5,0.2,4,4,TATGGCGTCCGTGCCGCGTA,0,2266492
mcbAp5,0.2,4,4,TATGAGTTTTGTTAAAAGGT,0,2294682
mcbAp5,0.2,4,4,TATGAACTTGCGCCGGATGC,0,2284929
mcbAp5,0.2,4,4,TATCGGCCAGGGTCAAGCTT,0,2280622
mcbAp5,0.2,4,4,TATCGGATCGGCGGCATTCA,0,2286353
mcbAp5,0.2,4,4,TATCGCCCGATGGAGACCGA,0,2279959
mcbAp5,0.2,4,4,TATCATGGTTAGAAGTTCGG,0,2277667
mcbAp5,0.2,4,4,TATCACTGGCTGGACTATTT,0,2281834
mcbAp5,0.2,4,4,TATCAAAATCTCTCACAAAA,0,2286444
mcbAp5,0.2,4,4,TATATCTCGGGTGGGGAGAG,0,2296360
mcbAp5,0.2,4,4,TATAGTGCAGCCCCTCCGGC,0,2268473
mcbAp5,0.2,4,4,TATACTTGTGATTGGGGCGG,0,2301909
mcbAp5,0.2,4,4,TATACTCGGTCCTTTCGTCC,0,2301639
mcbAp5,0.2,4,4,TATACGAAACAGCCCACCAT,0,2273688
mcbAp5,0.2,4,4,TATACAAGCAGGCGTCCGAA,0,2270413
mcbAp5,0.2,4,4,TATAACAACCAAGTTCACTA,0,2294777
mcbAp5,0.2,4,4,TATAAAAAGACGATGTCAGT,0,2267538
mcbAp5,0.2,4,4,TAGGTGTTAGAGCCACCTAA,0,2276162
mcbAp5,0.2,4,4,TAGCGTCGGGGAGATTCAAA,0,2266709
mcbAp5,0.2,4,4,TAGCGTCGGACGCGTCTGAC,0,2278404
mcbAp5,0.2,4,4,TAGCGGCAAATGTTGAAAGT,0,2314900
mcbAp5,0.2,4,4,TAGCCTGGTTGGTCAGCTGA,0,2282263
mcbAp5,0.2,4,4,TAGCCGTTGCAGAAGTGAAT,0,2265194
mcbAp5,0.2,4,4,TAGCCAGTACCTCCATGCTC,0,2313416
mcbAp5,0.2,4,4,TAGCAGTATTTTCTGGACTG,0,2274267
mcbAp5,0.2,4,4,TAGAGCTAAAGGCGCGAGAG,0,2302267
mcbAp5,0.2,4,4,TAGACGAAGGGCTTTAGAGG,0,2262732
mcbAp5,0.2,4,4,TAGACCTCTAGGGGGTTTTG,0,2294228
mcbAp5,0.2,4,4,TAGACCAACATCAAGTAACA,0,2287776
mcbAp5,0.2,4,4,TAGAATTCACGAGTTTTAAT,0,2271620
mcbAp5,0.2,4,4,TAGAACAGGAATCCCCGGTC,0,2276648
mcbAp5,0.2,4,4,TAGAAATCATTCTGCTCGTA,0,2305928
mcbAp5,0.2,4,4,TAGAAAGCACCTTGCATGTC,0,2293243
mcbAp5,0.2,4,4,TAGAAAATATTATAGTGGTG,0,2265235
mcbAp5,0.2,4,4,TACTTTAGAAAGTATCATTC,0,2310997
mcbAp5,0.2,4,4,TACTTGATTTGTTAGCATGG,0,2285437
mcbAp5,0.2,4,4,TACTTGACGTAGCTCGCAAC,0,2273495
mcbAp5,0.2,4,4,TACTCATTTGTAAACTTACA,0,2303339
mcbAp5,0.2,4,4,TACGTTACTTGCTGCAATAC,0,2308261
mcbAp5,0.2,4,4,TACGTCCACGCTGACATAGT,0,2306879
mcbAp5,0.2,4,4,TACGCCTGATTGGTGAACGG,0,2276241
mcbAp5,0.2,4,4,TACGCCATATCCAATGTCCA,0,2287901
mcbAp5,0.2,4,4,TACGATTACAGAGAAATAGT,0,2293780
mcbAp5,0.2,4,4,TACCTGTAAGGGCAGCTCTC,0,2273926
mcbAp5,0.2,4,4,TACCTGGATCGCGATATTTT,0,2314137
mcbAp5,0.2,4,4,TACCTAGTACCCTCTAATAT,0,2284732
mcbAp5,0.2,4,4,TACCTAAAGCACAAGGCTGC,0,2295029
mcbAp5,0.2,4,4,TACATGGCGTTGTCAACCCT,0,2264049
mcbAp5,0.2,4,4,TAATTCTGTCCTTGATGTGT,0,2286824
mcbAp5,0.2,4,4,TAATGGTCGTGGCGACTAGC,0,2304738
mcbAp5,0.2,4,4,TAATCAGGTACAGTTGACTA,0,2314271
mcbAp5,0.2,4,4,TAATAGTTAACTTAGTGATG,0,2312333
mcbAp5,0.2,4,4,TAAGTTCGTGGGCCGTTCGG,0,2272348
mcbAp5,0.2,4,4,TAAGGGATCCGTGCGTCGAA,0,2275169
mcbAp5,0.2,4,4,TAAGCCAGCCTGCCTTCACT,0,2296743
mcbAp5,0.2,4,4,TAAGCATGGTCATCCTGCGC,0,2282084
mcbAp5,0.2,4,4,TAAGATCTACATCCACGGTT,0,2274481
mcbAp5,0.2,4,4,TAACGCATCGGTCATGGAGT,0,2264015
mcbAp5,0.2,4,4,TAACGAACGCTTGTTCTCAC,0,2298382
mcbAp5,0.2,4,4,TAACCTTAGAGGTGGTCCCA,0,2312241
mcbAp5,0.2,4,4,TAACCGGTACTCAATTCAGG,0,2290007
mcbAp5,0.2,4,4,TAACCAATATAGCGGGACTA,0,2313542
mcbAp5,0.2,4,4,TAACATTCGAACTGATCAAT,0,2275048
mcbAp5,0.2,4,4,TAACATCCCCCCGCGTCCAA,0,2315786
mcbAp5,0.2,4,4,TAACAGTTATCCGCTAATTG,0,2275361
mcbAp5,0.2,4,4,TAAATCTAACCGCTACCTAT,0,2279857
mcbAp5,0.2,4,4,TAAAGTGAAGACATTAGCGG,0,2287852
mcbAp5,0.2,4,4,TAAAGGGGCTTATAGGTCAA,0,2309863
mcbAp5,0.2,4,4,TAAACTCAGGCTATAATTGG,0,2269200
mcbAp5,0.2,4,4,TAAACCATACGTCGGTTATA,0,2263723
mcbAp5,0.2,4,4,TAAACAGGCCGTCGGTATGG,0,2293986
mcbAp5,0.2,4,4,TAAACAGCGGTCTGGGTGAT,0,2274280
mcbAp5,0.2,4,4,GTTTTTGGCAGCGTCGAGCC,0,2289876
mcbAp5,0.2,4,4,GTTTCTAAGTTACCTTGGAT,0,2262330
mcbAp5,0.2,4,4,GTTTCGTAGGCCTCACAGAG,0,2286352
mcbAp5,0.2,4,4,GTTTACGGTGTTTTAGTATT,0,2286791
mcbAp5,0.2,4,4,GTTTACCGACGCGTCAGACG,0,2315074
mcbAp5,0.2,4,4,GTTTACCAGATACTACGATA,0,2267773
mcbAp5,0.2,4,4,GTTTAAGCGTAGCGGCGGTA,0,2300437
mcbAp5,0.2,4,4,GTTGTCTGTGTGGTATCGTC,0,2262809
mcbAp5,0.2,4,4,GTTGTATGAACGACTGTCCT,0,2285573
mcbAp5,0.2,4,4,GTTGGTGCTTACGTGCACAA,0,2299068
mcbAp5,0.2,4,4,GTTGGTCCACAGAGCAACCC,0,2264265
mcbAp5,0.2,4,4,GTTGGGGGTGTATCAAACGA,0,2315638
mcbAp5,0.2,4,4,GTTGGAATCCGTACTCAACA,0,2261847
mcbAp5,0.2,4,4,GTTGAGCTCCCGTGCCGAAA,0,2265399
mcbAp5,0.2,4,4,GTTGAGAACCCCCATAAATG,0,2289479
mcbAp5,0.2,4,4,GTTGAACTAGGGAATATGAA,0,2267444
mcbAp5,0.2,4,4,GTTCTTGGACCGGCTCCGGA,0,2297583
mcbAp5,0.2,4,4,GTTCTCGGTTGGGTTTGTTA,0,2289553
mcbAp5,0.2,4,4,GTTCTACGTATATTGGTTCG,0,2277845
mcbAp5,0.2,4,4,GTTCGTAATATATTAGGGGT,0,2302692
mcbAp5,0.2,4,4,GTTCGGCATCCATTCACTAC,0,2303667
mcbAp5,0.2,4,4,GTTCCTTTGCCTCGGCCTCA,0,2265278
mcbAp5,0.2,4,4,GTTCCTACTAGCCGTAGTGC,0,2300910
mcbAp5,0.2,4,4,GTTCCGCGTAAGTAGAATAG,0,2308016
mcbAp5,0.2,4,4,GTTCATCGAAATCCCGAAGG,0,2293783
mcbAp5,0.2,4,4,GTTCAGAATGGACATCAACG,0,2311809
mcbAp5,0.2,4,4,GTTCAATTGCGGACTTCCGG,0,2266776
mcbAp5,0.2,4,4,GTTCAAAAGAGATTTTAGGT,0,2295790
mcbAp5,0.2,4,4,GTTACGTTTGATCCTGTTCT,0,2276010
mcbAp5,0.2,4,4,GTTACCAGTGGCTCAGGCCA,0,2272123
mcbAp5,0.2,4,4,GTTAAAGAGTCCCAGCCAAT,0,2274216
mcbAp5,0.2,4,4,GTGTTTGCGTCTCAGGCTAT,0,2310594
mcbAp5,0.2,4,4,GTGTTGAGTCCCCGGTCAAG,0,2300607
mcbAp5,0.2,4,4,GTGTGATTTAAGTATAGGGA,0,2277306
mcbAp5,0.2,4,4,GTGGTGCCGTCCTGCAGACT,0,2315038
mcbAp5,0.2,4,4,GTGGGAACTGCTCGTGGAAA,0,2262520
mcbAp5,0.2,4,4,GTGGCGCGTCAATCCCTACG,0,2304832
mcbAp5,0.2,4,4,GTGCTCCTGATACACACCGA,0,2295405
mcbAp5,0.2,4,4,GTGCTCATCTAGACTGGGTT,0,2268164
mcbAp5,0.2,4,4,GTGCCCCAGATGAACGGACC,0,2304985
mcbAp5,0.2,4,4,GTGCCACGTTACGTTCTCTT,0,2268663
mcbAp5,0.2,4,4,GTGCCAAGGCTACACATGCT,0,2294463
mcbAp5,0.2,4,4,GTGCATCGTTTGTGGCTTAT,0,2264696
mcbAp5,0.2,4,4,GTGCAGGGTCATGATTAATA,0,2270010
mcbAp5,0.2,4,4,GTGCAACCGCAGTGAACGTT,0,2280142
mcbAp5,0.2,4,4,GTGAGATTAACGTCCAGTGC,0,2279479
mcbAp5,0.2,4,4,GTGACTGCTGTGGGTTTGTG,0,2261243
mcbAp5,0.2,4,4,GTGACCAAGCGATTCAGTTA,0,2266769
mcbAp5,0.2,4,4,GTCTTACTTGATGGTTCTTG,0,2264148
mcbAp5,0.2,4,4,GTCTGTGGTTAGTCCGTGGC,0,2285523
mcbAp5,0.2,4,4,GTCTCTGAGACCGCCCCTCC,0,2297485
mcbAp5,0.2,4,4,GTCTATATTCGCTGCACAGA,0,2302784
mcbAp5,0.2,4,4,GTCTAAACAGGAATCTCCCC,0,2266598
mcbAp5,0.2,4,4,GTCGTCGTAAGGGACCGCGG,0,2264176
mcbAp5,0.2,4,4,GTCGGCTCTACCATCCAGCG,0,2306406
mcbAp5,0.2,4,4,GTCGGCAGATTCCGCCACTA,0,2298535
mcbAp5,0.2,4,4,GTCGGATTTGGCAACTTGTC,0,2305572
mcbAp5,0.2,4,4,GTCGCGCAAAGGACGAAGCT,0,2274122
mcbAp5,0.2,4,4,GTCGCCCTAGGGGATGACTG,0,2286214
mcbAp5,0.2,4,4,GTCGAGCGTTAGGAATGGCA,0,2294328
mcbAp5,0.2,4,4,GTCGAAGAACTATAGGCCTT,0,2309394
mcbAp5,0.2,4,4,GTCCTAGTGGGACTGAACTC,0,2284396
mcbAp5,0.2,4,4,GTCCGAGAAGTTTGCAACAA,0,2303336
mcbAp5,0.2,4,4,GTCCCCGCGTTTGCACCCCT,0,2297178
mcbAp5,0.2,4,4,GTCATTAAAGGAACACATAT,0,2272628
mcbAp5,0.2,4,4,GTCAGCCACACTTTGGGGCG,0,2267707
mcbAp5,0.2,4,4,GTCACTGAGGATTTGCGACG,0,2298617
mcbAp5,0.2,4,4,GTCACTCGCCAGGGCAGTTG,0,2302633
mcbAp5,0.2,4,4,GTCACCGGAGCGGACCGCAT,0,2284967
mcbAp5,0.2,4,4,GTCACATCTGTTGATAAGGT,0,2274536
mcbAp5,0.2,4,4,GTCACAAAGTTAAAGCCCTA,0,2294076
mcbAp5,0.2,4,4,GTCAACCTTGCGCTCTTTAA,0,2266324
mcbAp5,0.2,4,4,GTATGTATGTGTTAACGTCT,0,2262635
mcbAp5,0.2,4,4,GTATCTGTCCAGGACCTCGG,0,2306649
mcbAp5,0.2,4,4,GTATATCACTGTGTCTCGGG,0,2268735
mcbAp5,0.2,4,4,GTAGTGAGTGACCGGGAATT,0,2279744
mcbAp5,0.2,4,4,GTAGGTCAAAATCTTGGGAT,0,2262619
mcbAp5,0.2,4,4,GTAGGGTCTCAATATACCCA,0,2281051
mcbAp5,0.2,4,4,GTAGGCGAATAAAATCATCA,0,2311198
mcbAp5,0.2,4,4,GTAGGACAAACCGAGGCTGT,0,2290639
mcbAp5,0.2,4,4,GTAGCTGGGTATGTTCCACA,0,2298815
mcbAp5,0.2,4,4,GTAGCGACACATGGACAAGT,0,2265468
mcbAp5,0.2,4,4,GTAGCAGGATCTAGTGCCAG,0,2306140
mcbAp5,0.2,4,4,GTAGAAGAGCAACAAAGCGC,0,2306204
mcbAp5,0.2,4,4,GTACTTGGGGTTCAAACATT,0,2299278
mcbAp5,0.2,4,4,GTACGGTAATCAAGTAGGAG,0,2292740
mcbAp5,0.2,4,4,GTACGGCGGAGTTAAAACCC,0,2315697
mcbAp5,0.2,4,4,GTACGGCAGTATCGGTGTGA,0,2276265
mcbAp5,0.2,4,4,GTACGCGTCATGTATCAAGC,0,2306522
mcbAp5,0.2,4,4,GTACCCGCAATGTGGACTCG,0,2295706
mcbAp5,0.2,4,4,GTACCATCCCAAGCGCTTCT,0,2299911
mcbAp5,0.2,4,4,GTACCACTTGTAGAATTAAT,0,2304465
mcbAp5,0.2,4,4,GTACAGCTCACTTCGGGACA,0,2284202
mcbAp5,0.2,4,4,GTAATTCGAATCAGAGACTT,0,2315040
mcbAp5,0.2,4,4,GTAATCGCTTAAGCTCGTTT,0,2274455
mcbAp5,0.2,4,4,GTAACCCGGATGAATCCGAC,0,2311064
mcbAp5,0.2,4,4,GTAAATAAAGCGGTCTGATT,0,2315309
mcbAp5,0.2,4,4,GGTTTGTCACATCTGTCCCC,0,2312055
mcbAp5,0.2,4,4,GGTTGGAGATGGTCTCGGAC,0,2291884
mcbAp5,0.2,4,4,GGTTGATCCTGAAAGCCCCT,0,2278597
mcbAp5,0.2,4,4,GGTTAGATGTGGTCGTTCGA,0,2280466
mcbAp5,0.2,4,4,GGTGTCTACCAGCCTGCGCC,0,2272829
mcbAp5,0.2,4,4,GGTGTATTTAGCAAGTAAGG,0,2301637
mcbAp5,0.2,4,4,GGTGTACAGGTCCGACGTTT,0,2285730
mcbAp5,0.2,4,4,GGTGCGTCTTAGCTACAGCC,0,2268463
mcbAp5,0.2,4,4,GGTCTACTTCCGTCGGTTGT,0,2277746
mcbAp5,0.2,4,4,GGTCTACCGTATTTTAGGGA,0,2266860
mcbAp5,0.2,4,4,GGTCCGTACGTATAAATCCT,0,2280042
mcbAp5,0.2,4,4,GGTATTTTTGTCACTCGGCG,0,2314947
mcbAp5,0.2,4,4,GGTATGTTTCCGATCAGGTC,0,2289121
mcbAp5,0.2,4,4,GGTATGAGCTGGCCCTTTGA,0,2261962
mcbAp5,0.2,4,4,GGTAGCGACAAGTTCGGGGA,0,2296340
mcbAp5,0.2,4,4,GGTAAACGCAGCTTGTACTT,0,2280272
mcbAp5,0.2,4,4,GGGTTAACCTTTGCTCCAGC,0,2297411
mcbAp5,0.2,4,4,GGGTGCGAGGTAGGGAGGAG,0,2295047
mcbAp5,0.2,4,4,GGGTATTAATCGCGGGTTGA,0,2293833
mcbAp5,0.2,4,4,GGGTATACGCCTATAACCTA,0,2277097
mcbAp5,0.2,4,4,GGGTAATTTGGTGTACGCGG,0,2287489
mcbAp5,0.2,4,4,GGGGTTGGTCCTGGGTTTTA,0,2304960
mcbAp5,0.2,4,4,GGGGTGATTGCTGACCGGGC,0,2276623
mcbAp5,0.2,4,4,GGGGCTCCCTCCTTGATTTC,0,2288580
mcbAp5,0.2,4,4,GGGGCTCAGGGGCTACCCTC,0,2306483
mcbAp5,0.2,4,4,GGGGCGGTGAACAGTTCTAG,0,2307935
mcbAp5,0.2,4,4,GGGGCATAGTCTGTAACCCA,0,2311815
mcbAp5,0.2,4,4,GGGGATGCACGTCTTCTTCT,0,2269815
mcbAp5,0.2,4,4,GGGGATCGTTCGCGTCGTCA,0,2309359
mcbAp5,0.2,4,4,GGGCGTTTCTCACTAAGCGT,0,2301592
mcbAp5,0.2,4,4,GGGCGGACGTCGTCGAGACA,0,2287732
mcbAp5,0.2,4,4,GGGCCGGCTACTGGGCATGG,0,2271593
mcbAp5,0.2,4,4,GGGCAGTACGGCCTTGTACA,0,2264803
mcbAp5,0.2,4,4,GGGCACCTGTTCTGTCACTC,0,2297040
mcbAp5,0.2,4,4,GGGCAAGCGACAAAGGGGTA,0,2283716
mcbAp5,0.2,4,4,GGGATAGCTAATTGGAAACA,0,2295735
mcbAp5,0.2,4,4,GGGAGAGTGCGAAGAGGTCG,0,2303955
mcbAp5,0.2,4,4,GGGAATACATTTTTCTATGT,0,2267905
mcbAp5,0.2,4,4,GGGAAACCCCGAGAGGCCAT,0,2295318
mcbAp5,0.2,4,4,GGGAAAATAGAGCTAACCAC,0,2311476
mcbAp5,0.2,4,4,GGCTGCCCGCGGGCTTCATG,0,2269083
mcbAp5,0.2,4,4,GGCTGCAGGTCCATCTGTCA,0,2312148
mcbAp5,0.2,4,4,GGCTCCCGAAACTTTTTGGC,0,2310657
mcbAp5,0.2,4,4,GGCGGTAGTCACCCCTTGTA,0,2284772
mcbAp5,0.2,4,4,GGCGGGAAGCGCCCTCTCGG,0,2286789
mcbAp5,0.2,4,4,GGCGGCGCCAGGACGCGGGA,0,2306602
mcbAp5,0.2,4,4,GGCGATTGACTTATTCGTGC,0,2307891
mcbAp5,0.2,4,4,GGCGACTACGTGTCCATAGC,0,2308521
mcbAp5,0.2,4,4,GGCGACAGTACACATACTAT,0,2270896
mcbAp5,0.2,4,4,GGCCTAGGGACTCACTTAGC,0,2293913
mcbAp5,0.2,4,4,GGCCGGGGCTGCTCCTATGA,0,2269100
mcbAp5,0.2,4,4,GGCCGATGACTAAGTCCGTA,0,2303969
mcbAp5,0.2,4,4,GGCCGAGCATCCACGTCTCG,0,2312391
mcbAp5,0.2,4,4,GGCCCAGGAAAAAGTAGGCA,0,2271383
mcbAp5,0.2,4,4,GGCCATCCTAATATCCCCGG,0,2285878
mcbAp5,0.2,4,4,GGCCAAGGCAAGCCATCGAG,0,2310786
mcbAp5,0.2,4,4,GGCATTCGTGGTTAGTGACC,0,2274564
mcbAp5,0.2,4,4,GGCAAGTAAATCTGCGCAGT,0,2311503
mcbAp5,0.2,4,4,GGCAACTTTGTTCCTTACAA,0,2315547
mcbAp5,0.2,4,4,GGATTCAGCTATGCAGCGAC,0,2296796
mcbAp5,0.2,4,4,GGATGTTTTTTGAGATCGAG,0,2286377
mcbAp5,0.2,4,4,GGATGGAGTCAACCGCTGAC,0,2300884
mcbAp5,0.2,4,4,GGATGATTAGCGTGCCGATC,0,2312608
mcbAp5,0.2,4,4,GGATGAGCTCGTATTTTATA,0,2309945
mcbAp5,0.2,4,4,GGATCTGTTTTGATTTTAAA,0,2307514
mcbAp5,0.2,4,4,GGATCTGGGACAGAGTGAAC,0,2290895
mcbAp5,0.2,4,4,GGATACATTCACTACCCGAC,0,2292724
mcbAp5,0.2,4,4,GGAGTTCAAGGCCGAAACAG,0,2285631
mcbAp5,0.2,4,4,GGAGTATGGACCACAAGGAG,0,2314373
mcbAp5,0.2,4,4,GGAGGCATAAAGGATGTGCA,0,2286215
mcbAp5,0.2,4,4,GGAGCGCATTTATGGTCGAA,0,2284896
mcbAp5,0.2,4,4,GGAGACTTGTTCCACACCAA,0,2311316
mcbAp5,0.2,4,4,GGACTGCACCCTTATGGCTA,0,2294029
mcbAp5,0.2,4,4,GGACTACTTGACCGGATCAC,0,2297226
mcbAp5,0.2,4,4,GGACCCACGACGACTCACCT,0,2275887
mcbAp5,0.2,4,4,GGAATTTCAGAACACTGTAC,0,2301386
mcbAp5,0.2,4,4,GGAATTAGCTCTGGATGGGT,0,2282052
mcbAp5,0.2,4,4,GGAATAAGGAAGGCCGGGAC,0,2262851
mcbAp5,0.2,4,4,GGAAGTTGGAATAGGTCAGT,0,2264579
mcbAp5,0.2,4,4,GGAAGGTATCTCACCCGAGG,0,2309645
mcbAp5,0.2,4,4,GGAAGGACATTGACAAGTGT,0,2287300
mcbAp5,0.2,4,4,GGAACGTAGTCTAAAACGGT,0,2286125
mcbAp5,0.2,4,4,GGAACCAGATATATGCCGTC,0,2293096
mcbAp5,0.2,4,4,GGAACAAACTAAGGGGACGG,0,2274959
mcbAp5,0.2,4,4,GGAAAAGCGCACCCTATTGC,0,2298472
mcbAp5,0.2,4,4,GCTTTGATATTTGGTTTCTG,0,2287258
mcbAp5,0.2,4,4,GCTTGCTCCTTTCACTCGGA,0,2281969
mcbAp5,0.2,4,4,GCTTCCTTTCAATTGTCACC,0,2309589
mcbAp5,0.2,4,4,GCTTAGTCAAATTCATTTGG,0,2290142
mcbAp5,0.2,4,4,GCTGTCTCCGGCCCATTCGT,0,2285130
mcbAp5,0.2,4,4,GCTGTCACAATGACGCAAAG,0,2286794
mcbAp5,0.2,4,4,GCTGGTTGACATGTAGAATC,0,2287286
mcbAp5,0.2,4,4,GCTGGCCACTCTGTGTCACA,0,2263737
mcbAp5,0.2,4,4,GCTGGCAATCTTCTCCTTCA,0,2272296
mcbAp5,0.2,4,4,GCTGCTGATGGTGCTAGATA,0,2291133
mcbAp5,0.2,4,4,GCTGATTCTTTCACTGCACC,0,2297514
mcbAp5,0.2,4,4,GCTGAACACAATATGCACTT,0,2310479
mcbAp5,0.2,4,4,GCTCTTTCATAGTGATAGCC,0,2276280
mcbAp5,0.2,4,4,GCTCGGGTCGCCCCGTGAGA,0,2296708
mcbAp5,0.2,4,4,GCTCCGTACGGCGCTATGCC,0,2303560
mcbAp5,0.2,4,4,GCTCATCTTGAAAAGCGGGG,0,2264845
mcbAp5,0.2,4,4,GCTCACGCCGATAGCGGGGA,0,2312254
mcbAp5,0.2,4,4,GCTACTGCGATTTACGCGAG,0,2297980
mcbAp5,0.2,4,4,GCTACTATCTATTTTAGTAC,0,2266832
mcbAp5,0.2,4,4,GCTAATAGTATGTACATTTT,0,2264131
mcbAp5,0.2,4,4,GCGTTGAACCTCATATTGCC,0,2267508
mcbAp5,0.2,4,4,GCGTTCCACGAGTCGAGACC,0,2271966
mcbAp5,0.2,4,4,GCGTCCAGGGTCAAGCCTAA,0,2263879
mcbAp5,0.2,4,4,GCGTCATCCGAAACCCGTTT,0,2299908
mcbAp5,0.2,4,4,GCGTCACATGGGTGCTAGGA,0,2311256
mcbAp5,0.2,4,4,GCGTATGGAAAGCTTATGCG,0,2265982
mcbAp5,0.2,4,4,GCGGTCAAGGGGGTACAATA,0,2309648
mcbAp5,0.2,4,4,GCGGTACTAAATAACTTATT,0,2305176
mcbAp5,0.2,4,4,GCGGGAGGTTTTTCCCAATC,0,2286118
mcbAp5,0.2,4,4,GCGGCGTGCGTAGTATTACT,0,2297495
mcbAp5,0.2,4,4,GCGGCGAGAGAACTCGCGCT,0,2300400
mcbAp5,0.2,4,4,GCGGCACGTGTCACTCTAGT,0,2303846
mcbAp5,0.2,4,4,GCGGATCCCACGATTTCATC,0,2285482
mcbAp5,0.2,4,4,GCGGACTTCGCTAGCGAAAA,0,2279437
mcbAp5,0.2,4,4,GCGGACAGTTCGTAGACCCT,0,2296222
mcbAp5,0.2,4,4,GCGGAAAAAGGGGCTGGCCT,0,2271291
mcbAp5,0.2,4,4,GCGCGAACAAATCACGGACT,0,2274171
mcbAp5,0.2,4,4,GCGCCCCCGCCCAAACGTCT,0,2296911
mcbAp5,0.2,4,4,GCGATTTTATCCCTAGGGGT,0,2303232
mcbAp5,0.2,4,4,GCGAGTTCTAAGCGCATCGA,0,2304252
mcbAp5,0.2,4,4,GCGAGGAATGAAGTTCCTCC,0,2312609
mcbAp5,0.2,4,4,GCGAGCCGCGTTCGTCACTG,0,2292589
mcbAp5,0.2,4,4,GCGAGACCTCATTGTGGCGT,0,2313936
mcbAp5,0.2,4,4,GCGACTTCAGACGGGCGGAC,0,2301425
mcbAp5,0.2,4,4,GCGAAGCCGATCCGCGCTAA,0,2274644
mcbAp5,0.2,4,4,GCCTTCGGCACCTACGGCCT,0,2303026
mcbAp5,0.2,4,4,GCCTGTTTTCACAATACGAC,0,2261206
mcbAp5,0.2,4,4,GCCTGACTGGCAGTGAGCGC,0,2269374
mcbAp5,0.2,4,4,GCCTACGATTCGCCTAGGTA,0,2263248
mcbAp5,0.2,4,4,GCCGTGACTGTGGTCCAACT,0,2290656
mcbAp5,0.2,4,4,GCCGTATGGTTTTGTTAGAT,0,2279136
mcbAp5,0.2,4,4,GCCGCCTAGGCACCATGAAC,0,2268513
mcbAp5,0.2,4,4,GCCGAGACCGGGACCGGACT,0,2266216
mcbAp5,0.2,4,4,GCCCCATATCAGACGCGAGT,0,2298402
mcbAp5,0.2,4,4,GCCCCAGAACAAAAGCCGTG,0,2313537
mcbAp5,0.2,4,4,GCCCATTACTCCCCGCGTGC,0,2294301
mcbAp5,0.2,4,4,GCCATTTATGAGTTTGACCG,0,2262073
mcbAp5,0.2,4,4,GCCATGCACCACTCTGCGAG,0,2279920
mcbAp5,0.2,4,4,GCCATGAGAAGGCTCGATGT,0,2294221
mcbAp5,0.2,4,4,GCCAGAGCCATAAGCGTCAT,0,2315460
mcbAp5,0.2,4,4,GCCAATCGCTCTCAACAGGG,0,2307141
mcbAp5,0.2,4,4,GCATTTTGCCATGGTAATAT,0,2273667
mcbAp5,0.2,4,4,GCATCTTCCAAGCCCTCCGA,0,2293370
mcbAp5,0.2,4,4,GCATAGGATCACTACCACAG,0,2302816
mcbAp5,0.2,4,4,GCATAATGAGGTCCAGCACA,0,2276870
mcbAp5,0.2,4,4,GCATAAATGTTACGGCCCAC,0,2304987
mcbAp5,0.2,4,4,GCAGTCTGTATGGAGGGAAA,0,2290981
mcbAp5,0.2,4,4,GCAGGGAATTTCCTGGGTAA,0,2313152
mcbAp5,0.2,4,4,GCAGGACCAATTACGTCAGG,0,2263689
mcbAp5,0.2,4,4,GCAGCAGTAAGTCAGGGGCG,0,2268125
mcbAp5,0.2,4,4,GCAGACCCGGATCCGTCTCA,0,2271542
mcbAp5,0.2,4,4,GCAGAATTAGTAACCTTCGT,0,2272369
mcbAp5,0.2,4,4,GCACTCCGGAGGAGCATGGT,0,2265326
mcbAp5,0.2,4,4,GCACTAAAAATTTTTTTGTC,0,2299448
mcbAp5,0.2,4,4,GCACGCCCTTCAGAATCGCT,0,2275354
mcbAp5,0.2,4,4,GCACGACGCACCCGTCACGC,0,2277613
mcbAp5,0.2,4,4,GCACAACGTAGGGGTTACGT,0,2311299
mcbAp5,0.2,4,4,GCAATATATTAGCGACGAAT,0,2310545
mcbAp5,0.2,4,4,GCAAGGCGAGCGGTGTGCGT,0,2315308
mcbAp5,0.2,4,4,GCAAGGCAGTCCAACACCTA,0,2270052
mcbAp5,0.2,4,4,GCAACTCTAGTCGTCGGTAT,0,2279680
mcbAp5,0.2,4,4,GCAACACGTAATCTCTCAAC,0,2304010
mcbAp5,0.2,4,4,GCAAATTGCTATCGTTCCAA,0,2286950
mcbAp5,0.2,4,4,GCAAAAGTAGCGCTTCCGAA,0,2314588
mcbAp5,0.2,4,4,GATTTCAAAGGTCCGACGCA,0,2272378
mcbAp5,0.2,4,4,GATTAGTTGTTACTCAGGCT,0,2291388
mcbAp5,0.2,4,4,GATTAGAGCCAGGACACCGC,0,2271993
mcbAp5,0.2,4,4,GATGTTGTAAATTATGGGCG,0,2290606
mcbAp5,0.2,4,4,GATGTTAAGCTTCTAGTCAG,0,2306055
mcbAp5,0.2,4,4,GATGTCAACTCTTCTGCAGT,0,2293785
mcbAp5,0.2,4,4,GATGGGGGCGCAATATCGAT,0,2315350
mcbAp5,0.2,4,4,GATGGAGTCAGGTCATCCCT,0,2265254
mcbAp5,0.2,4,4,GATGCTTAAGACCTCCTGAA,0,2312512
mcbAp5,0.2,4,4,GATCTGGTTTAGTCACGTCA,0,2262389
mcbAp5,0.2,4,4,GATCTCTCAACCTGCCACCG,0,2262846
mcbAp5,0.2,4,4,GATCGTAAATAACGCCAGGG,0,2305228
mcbAp5,0.2,4,4,GATCGGTCATCCGCGAGATC,0,2293869
mcbAp5,0.2,4,4,GATCGCTCTCGCTGCAGTTA,0,2309627
mcbAp5,0.2,4,4,GATCGAGTTTGCACAACTGA,0,2263369
mcbAp5,0.2,4,4,GATCACAACGGCAAGCGTTT,0,2307541
mcbAp5,0.2,4,4,GATCAATTGCTCTGGTGGAT,0,2315867
mcbAp5,0.2,4,4,GATAGTGGAACACATGTAGG,0,2286223
mcbAp5,0.2,4,4,GAGTTTCAATTCGAGCTTTT,0,2266163
mcbAp5,0.2,4,4,GAGTTCCCCACGCACTCTCA,0,2282127
mcbAp5,0.2,4,4,GAGTTAGGAGTGGTAAAAGG,0,2282437
mcbAp5,0.2,4,4,GAGTGAGTTTGTAGCTCCAA,0,2281932
mcbAp5,0.2,4,4,GAGTGAGCTTACAATGGGAA,0,2309148
mcbAp5,0.2,4,4,GAGTCGTGAGTCATTACAAA,0,2269989
mcbAp5,0.2,4,4,GAGTACAATCCGCTTAGACC,0,2310380
mcbAp5,0.2,4,4,GAGTAACGTACGATAAACGG,0,2261921
mcbAp5,0.2,4,4,GAGGGTGAAGCTATACGGCC,0,2294353
mcbAp5,0.2,4,4,GAGGCTTGGAACTCCGAGTT,0,2289384
mcbAp5,0.2,4,4,GAGGCTGCTTTTGGAACGTC,0,2300095
mcbAp5,0.2,4,4,GAGGCGGGTGGGACGAAAGG,0,2279738
mcbAp5,0.2,4,4,GAGGCCTACCTCGCACACCA,0,2301553
mcbAp5,0.2,4,4,GAGGCCATCTTAGAATACTA,0,2315422
mcbAp5,0.2,4,4,GAGGATGATCCAATTGTGGG,0,2292115
mcbAp5,0.2,4,4,GAGCGAACACGTGGACGGAA,0,2272571
mcbAp5,0.2,4,4,GAGCCCGAGCCGTCAAAAGC,0,2313182
mcbAp5,0.2,4,4,GAGCAACCTTTTGGCAGGTC,0,2284853
mcbAp5,0.2,4,4,GAGAGGCGCACGCGTCCTGT,0,2295979
mcbAp5,0.2,4,4,GAGACTAGCCGGATGAGTAA,0,2276780
mcbAp5,0.2,4,4,GAGACGCTCGCCCCACGTTG,0,2261855
mcbAp5,0.2,4,4,GAGACAACCGTAACGGCGTA,0,2306720
mcbAp5,0.2,4,4,GAGAACGGCCTAGACTGGAC,0,2306742
mcbAp5,0.2,4,4,GAGAAAAATGGAACTTTTTG,0,2296676
mcbAp5,0.2,4,4,GACTTTCATCCGTAGTGAGG,0,2264104
mcbAp5,0.2,4,4,GACTCCGGCTCCAGTACCTA,0,2292201
mcbAp5,0.2,4,4,GACTAACGCTAGCGATATGA,0,2301981
mcbAp5,0.2,4,4,GACGGCTAACCTGGAGTGTC,0,2285869
mcbAp5,0.2,4,4,GACGGCCCGGCAATCCGTAA,0,2291495
mcbAp5,0.2,4,4,GACGCCGAAGAGCGTGGGAT,0,2309751
mcbAp5,0.2,4,4,GACGAGGATCGGGTCCTATC,0,2280724
mcbAp5,0.2,4,4,GACGACAGGTTGTAGGCGAA,0,2290469
mcbAp5,0.2,4,4,GACCTGTACTCGTTTTTATG,0,2311947
mcbAp5,0.2,4,4,GACCGTAACATGTATGAGCT,0,2300334
mcbAp5,0.2,4,4,GACCGGCTAAGAACGATCAT,0,2311373
mcbAp5,0.2,4,4,GACCACAGCTGTACCATCCG,0,2314085
mcbAp5,0.2,4,4,GACAGTGAATCGCCCATTAA,0,2305874
mcbAp5,0.2,4,4,GACAGATATATCGATTAAAC,0,2297076
mcbAp5,0.2,4,4,GACACCTCGGCTATGCAACA,0,2313236
mcbAp5,0.2,4,4,GACAAATGTACCAGAACCCG,0,2295244
mcbAp5,0.2,4,4,GAATTTGACCGTCAGCGAAA,0,2314618
mcbAp5,0.2,4,4,GAATTCGCGGATTGAATCTT,0,2276856
mcbAp5,0.2,4,4,GAATGTATTTCAGGTACTGG,0,2264238
mcbAp5,0.2,4,4,GAATCTAAACGTTTGCGCGA,0,2299070
mcbAp5,0.2,4,4,GAATCCGTTAACGGCGTCTC,0,2272883
mcbAp5,0.2,4,4,GAATCATTTCTGATGGTCTA,0,2302420
mcbAp5,0.2,4,4,GAATATGCTTACGTGGACGA,0,2299245
mcbAp5,0.2,4,4,GAATAACTTAAGAGCACCTG,0,2315170
mcbAp5,0.2,4,4,GAATAACTCTTTCATCAAGA,0,2286987
mcbAp5,0.2,4,4,GAAGTCGTTGCACGCCTATG,0,2288696
mcbAp5,0.2,4,4,GAAGTCCGCACATAATTGTG,0,2287696
mcbAp5,0.2,4,4,GAAGTACAGAGAATGATCGA,0,2301712
mcbAp5,0.2,4,4,GAAGGGCACCCTAGCTGTTT,0,2278924
mcbAp5,0.2,4,4,GAAGCTACGACTCTGCGGTA,0,2311124
mcbAp5,0.2,4,4,GAAGCAACGGCGTCGCTGCT,0,2315679
mcbAp5,0.2,4,4,GAACTCCTGGTATCTTCTGT,0,2263091
mcbAp5,0.2,4,4,GAACTACGAGCTACCATATC,0,2313798
mcbAp5,0.2,4,4,GAACGGCGTTCGGGCATCAC,0,2312076
mcbAp5,0.2,4,4,GAACATGTTCGTGAGTCTGA,0,2294879
mcbAp5,0.2,4,4,GAACACGTGGGATCAGCATA,0,2293348
mcbAp5,0.2,4,4,GAACACAAAGGGTATGGCGC,0,2274278
mcbAp5,0.2,4,4,GAAATGTTACACATAGTGTG,0,2285738
mcbAp5,0.2,4,4,GAAAGGACGAGTTAACAAAC,0,2312791
mcbAp5,0.2,4,4,GAAAGCATAGCCGGGCATTA,0,2297770
mcbAp5,0.2,4,4,GAAACTTTTGAACGGCATTT,0,2304173
mcbAp5,0.2,4,4,GAAACGGGCGGGGCGCCGTA,0,2308664
mcbAp5,0.2,4,4,GAAACCTTCAGTCATTTACC,0,2304698
mcbAp5,0.2,4,4,GAAACACTTTCCGGTGGCCT,0,2264981
mcbAp5,0.2,4,4,GAAAATCGACGATCGTATTA,0,2290959
mcbAp5,0.2,4,4,CTTTTTTAACTCCTTAAAGA,0,2314769
mcbAp5,0.2,4,4,CTTTTAACATGTCACGCTAT,0,2277588
mcbAp5,0.2,4,4,CTTTGTTGCTCAAGCGACGT,0,2261191
mcbAp5,0.2,4,4,CTTTGTGCAGGATCTGATGC,0,2292221
mcbAp5,0.2,4,4,CTTTGTAATGAAATATAGGA,0,2271363
mcbAp5,0.2,4,4,CTTTGCGGCAGTCAATGCGG,0,2262505
mcbAp5,0.2,4,4,CTTTCTCTTGAGCTAAGTTC,0,2306601
mcbAp5,0.2,4,4,CTTTATTATTTGTCACCAGT,0,2313725
mcbAp5,0.2,4,4,CTTGTGTTCCGTTGCAGGCG,0,2299162
mcbAp5,0.2,4,4,CTTGTGTGTCACCTTGCAAA,0,2280508
mcbAp5,0.2,4,4,CTTGTCCCACTGTCCGGAAA,0,2271853
mcbAp5,0.2,4,4,CTTGTATTCCGCACATGGTG,0,2314755
mcbAp5,0.2,4,4,CTTGGCGCATACAGGTCACA,0,2275928
mcbAp5,0.2,4,4,CTTGCAATGGCTTCGGGCAA,0,2307193
mcbAp5,0.2,4,4,CTTCTTTTATGTCCTAAACG,0,2292708
mcbAp5,0.2,4,4,CTTCTCTTTGTGGATAATAG,0,2309000
mcbAp5,0.2,4,4,CTTCTCTGCGGGTAGCTTTA,0,2263652
mcbAp5,0.2,4,4,CTTCGCGGGACTGCGCTAGA,0,2276946
mcbAp5,0.2,4,4,CTTCATGGAGGTTGTTGTAT,0,2261730
mcbAp5,0.2,4,4,CTTCATAAGTGATTAAACAC,0,2280867
mcbAp5,0.2,4,4,CTTCAACTCATCTACAGCGG,0,2296195
mcbAp5,0.2,4,4,CTTATAATAGTTAGTGAATA,0,2283847
mcbAp5,0.2,4,4,CTTAAATTCCGACCTAGTGG,0,2273564
mcbAp5,0.2,4,4,CTTAAATGCGTACACGCGAA,0,2301729
mcbAp5,0.2,4,4,CTTAAACGTATGACGCATGC,0,2282791
mcbAp5,0.2,4,4,CTGTTTGCAGATCAGGTCTC,0,2315665
mcbAp5,0.2,4,4,CTGTTTCCAAGCCAGTTTCA,0,2290344
mcbAp5,0.2,4,4,CTGTCTGTGATCAAAATTGC,0,2269232
mcbAp5,0.2,4,4,CTGTCAAACAACTGTTTGAG,0,2315273
mcbAp5,0.2,4,4,CTGTATAATATCTAAGCGAT,0,2286448
mcbAp5,0.2,4,4,CTGGTTCTCACTCGCTTCAA,0,2311228
mcbAp5,0.2,4,4,CTGGTCATCATGGGAAGTCA,0,2263977
mcbAp5,0.2,4,4,CTGGCTGTAATCCCCCGTAC,0,2287074
mcbAp5,0.2,4,4,CTGGCCGCTGGGGAGTGCTG,0,2299807
mcbAp5,0.2,4,4,CTGGCATGTGGTTGATGGCA,0,2276806
mcbAp5,0.2,4,4,CTGGACCACACACTTCGGCT,0,2310476
mcbAp5,0.2,4,4,CTGCGCCGGGTATCGAGGTA,0,2304534
mcbAp5,0.2,4,4,CTGCGCCCCCAGCGTTTTTA,0,2304519
mcbAp5,0.2,4,4,CTGCATACGATCTAGTCTAA,0,2293800
mcbAp5,0.2,4,4,CTGATTCCTACCATCGAATA,0,2313423
mcbAp5,0.2,4,4,CTGATGTGATGTATATTGAG,0,2265940
mcbAp5,0.2,4,4,CTGAGAAATGTTTGCCGTCT,0,2290071
mcbAp5,0.2,4,4,CTGACTACACGTGCATTTTT,0,2297886
mcbAp5,0.2,4,4,CTGAACCTAGCAGGCATTGA,0,2266518
mcbAp5,0.2,4,4,CTGAAATGTAGGCTCCGGTC,0,2294615
mcbAp5,0.2,4,4,CTGAAAGACTGATATCCGGT,0,2290637
mcbAp5,0.2,4,4,CTCTTTCAAAAGGCGGTCAA,0,2301175
mcbAp5,0.2,4,4,CTCTTATAGTTTGGTCTCTA,0,2310916
mcbAp5,0.2,4,4,CTCTGACCCGGCCGGGTTTG,0,2301019
mcbAp5,0.2,4,4,CTCGGCTCCCGCTCTAATCT,0,2266136
mcbAp5,0.2,4,4,CTCGCTAGGGTGGCATCTTG,0,2312824
mcbAp5,0.2,4,4,CTCGCAGCCTGTCCTGGACG,0,2302383
mcbAp5,0.2,4,4,CTCGATAAAATAATCATGTT,0,2270122
mcbAp5,0.2,4,4,CTCGACTCGATACGCCGACA,0,2290027
mcbAp5,0.2,4,4,CTCCTAGACAAGGGAAATGA,0,2276325
mcbAp5,0.2,4,4,CTCCTACGTGATAGCTTGAT,0,2306129
mcbAp5,0.2,4,4,CTCCGTTCGCAGTTAAGACA,0,2265680
mcbAp5,0.2,4,4,CTCCACGCCTCTGGGAACAC,0,2301578
mcbAp5,0.2,4,4,CTCCACAGATGGCCGGGACA,0,2299800
mcbAp5,0.2,4,4,CTCATCGGTTGACATTGTGC,0,2265390
mcbAp5,0.2,4,4,CTCACTGGCTGCTCATAAAC,0,2272688
mcbAp5,0.2,4,4,CTCACATTTTGAGTTGATGC,0,2261226
mcbAp5,0.2,4,4,CTCAATGTCCGCAACTAATG,0,2300368
mcbAp5,0.2,4,4,CTCAACATCCTCACGGGAAC,0,2299637
mcbAp5,0.2,4,4,CTATGTGATGCGCGCTTCGA,0,2281574
mcbAp5,0.2,4,4,CTATCGAGTTATGCCCCGGA,0,2265374
mcbAp5,0.2,4,4,CTATACGATCCTTGAGTCAG,0,2293719
mcbAp5,0.2,4,4,CTAGCTATCTACACGATGCA,0,2281001
mcbAp5,0.2,4,4,CTAGCGTATCTCTGACTGAC,0,2310821
mcbAp5,0.2,4,4,CTAGATTTACCGAAGGAGTT,0,2261401
mcbAp5,0.2,4,4,CTAGAGTCAGCCTACCATCA,0,2286993
mcbAp5,0.2,4,4,CTACTGTAAGGTTTAACGGA,0,2261457
mcbAp5,0.2,4,4,CTACGGTAAGGAGCTTGCTT,0,2289418
mcbAp5,0.2,4,4,CTACCAACAAAAATACCCTG,0,2283750
mcbAp5,0.2,4,4,CTAATAATCTGCTCGTGAAT,0,2297425
mcbAp5,0.2,4,4,CTAACTGTCTACCATTACAA,0,2278152
mcbAp5,0.2,4,4,CTAACCAGTCAGAGGAGCGG,0,2300605
mcbAp5,0.2,4,4,CTAACATGGTCCGAAGTTAT,0,2275441
mcbAp5,0.2,4,4,CTAAAAGTCGTGGGGAAGAA,0,2296188
mcbAp5,0.2,4,4,CGTTTTGTGTCGCAACTTAG,0,2298952
mcbAp5,0.2,4,4,CGTTGGATGCATGTATACGA,0,2273949
mcbAp5,0.2,4,4,CGTTGAGCGAGTGCTATGTC,0,2270782
mcbAp5,0.2,4,4,CGTTGAATCGTGCGCGTCTG,0,2273876
mcbAp5,0.2,4,4,CGTTGAACTCAGATTTTTGA,0,2266587
mcbAp5,0.2,4,4,CGTTCGAGAGTATTTCCGGC,0,2271473
mcbAp5,0.2,4,4,CGTTCATGGTACGCGTGTAC,0,2306295
mcbAp5,0.2,4,4,CGTTATCTGTGGCAGCACCC,0,2296154
mcbAp5,0.2,4,4,CGTGTTGCCACATGAGGATG,0,2269696
mcbAp5,0.2,4,4,CGTGTGCTGGCGTTACCAAT,0,2261333
mcbAp5,0.2,4,4,CGTGGGTGTTCACTTATTTT,0,2290141
mcbAp5,0.2,4,4,CGTGGGCCTTTGTTTCGGAG,0,2297131
mcbAp5,0.2,4,4,CGTGCCTTTTCTGTCGTGGC,0,2303649
mcbAp5,0.2,4,4,CGTGCCTAGTTTATTTGTGG,0,2275403
mcbAp5,0.2,4,4,CGTGATCAGTGCACACTATT,0,2269921
mcbAp5,0.2,4,4,CGTGATAGTCATCGGAAAAA,0,2296146
mcbAp5,0.2,4,4,CGTCTTTTCTGTAGTGCATT,0,2292456
mcbAp5,0.2,4,4,CGTCTCGTCATGGGGCTTGT,0,2302959
mcbAp5,0.2,4,4,CGTCGCCGCACCCTGTAAAC,0,2304308
mcbAp5,0.2,4,4,CGTCCGAAGGGTCAGATCTG,0,2311356
mcbAp5,0.2,4,4,CGTCACTGAGGTGGGTCTGG,0,2283927
mcbAp5,0.2,4,4,CGTCAAGCTTTAGATAAGAC,0,2266347
mcbAp5,0.2,4,4,CGTCAAGAGCGTCGGTTCGT,0,2298615
mcbAp5,0.2,4,4,CGTATGGGTTCAAATTTTCG,0,2310210
mcbAp5,0.2,4,4,CGTATAGCTTAAAGGTTCGA,0,2295710
mcbAp5,0.2,4,4,CGTACGTACAGCAAAGACGC,0,2291230
mcbAp5,0.2,4,4,CGTAAGCGATTGGTTTTATA,0,2293701
mcbAp5,0.2,4,4,CGGTTTCATCATCCTGGATG,0,2278925
mcbAp5,0.2,4,4,CGGTTGTTTGTAAGGAAAGT,0,2315426
mcbAp5,0.2,4,4,CGGTTCCTCAAATGGATCGT,0,2283206
mcbAp5,0.2,4,4,CGGTGCCCGTAGGGGAAGAT,0,2289569
mcbAp5,0.2,4,4,CGGGTGTTATTGGTACGGCA,0,2308841
mcbAp5,0.2,4,4,CGGGTCCAAGGTTTCCTAGA,0,2282050
mcbAp5,0.2,4,4,CGGGGTCATTCTGTGGGTTA,0,2264795
mcbAp5,0.2,4,4,CGGGGCGAGTACCCTCAAGC,0,2280441
mcbAp5,0.2,4,4,CGGGCCTCGGTGCTTCTCAT,0,2280827
mcbAp5,0.2,4,4,CGGGCCAGGCAGAGTCCCTG,0,2264382
mcbAp5,0.2,4,4,CGGGACCTCCCACACCGACT,0,2284697
mcbAp5,0.2,4,4,CGGGAATCGTGACACCCATA,0,2290904
mcbAp5,0.2,4,4,CGGCTTGGTTCACTCTCGCA,0,2290157
mcbAp5,0.2,4,4,CGGCTCGCATTAGCCAGACG,0,2281757
mcbAp5,0.2,4,4,CGGCTACGGTGTTTTTCATG,0,2272079
mcbAp5,0.2,4,4,CGGCTAATGGGAGCTTGTAG,0,2289350
mcbAp5,0.2,4,4,CGGCGGCCCAAATTACGCTA,0,2311035
mcbAp5,0.2,4,4,CGGCGCTTTACGATAGAGGG,0,2266763
mcbAp5,0.2,4,4,CGGCGCATCGAATAAGCGGT,0,2311264
mcbAp5,0.2,4,4,CGGCCTAGCGACTCGCCTCG,0,2279766
mcbAp5,0.2,4,4,CGGCCCTTCCATGGGTTTAG,0,2302684
mcbAp5,0.2,4,4,CGGCCCCTCGTAATAGTCTT,0,2264521
mcbAp5,0.2,4,4,CGGCCCCCGTTGTGGAAGAT,0,2280760
mcbAp5,0.2,4,4,CGGCATCACACGCCAATTTT,0,2283060
mcbAp5,0.2,4,4,CGGATGATGAGCCCTGGTCG,0,2288768
mcbAp5,0.2,4,4,CGGAGCAGGTTAGAATCGCA,0,2298999
mcbAp5,0.2,4,4,CGGACTGTCTATACCGGGTT,0,2281639
mcbAp5,0.2,4,4,CGGACTATGTGCTTCAGCAA,0,2270197
mcbAp5,0.2,4,4,CGGAAGTTTTCATCACCCAC,0,2286569
mcbAp5,0.2,4,4,CGGAAGACACGTAATAGCAG,0,2279344
mcbAp5,0.2,4,4,CGGAACGACGTATGTCCATA,0,2310352
mcbAp5,0.2,4,4,CGCTGGACCATAAGAAGCGG,0,2307185
mcbAp5,0.2,4,4,CGCTCTGAGGAAGGTGTATA,0,2285581
mcbAp5,0.2,4,4,CGCTCGTCTTATCCCACTTA,0,2263093
mcbAp5,0.2,4,4,CGCTAGCTAACATAGTTCGA,0,2279040
mcbAp5,0.2,4,4,CGCGTACAGTACGCATACTG,0,2273643
mcbAp5,0.2,4,4,CGCGGGGCAAGTCCGCCGGT,0,2310932
mcbAp5,0.2,4,4,CGCGCCATATGCCACTCGGC,0,2309362
mcbAp5,0.2,4,4,CGCGATATCGGAAGCAAATG,0,2277271
mcbAp5,0.2,4,4,CGCCGGACAGGGTTCTCGAC,0,2275084
mcbAp5,0.2,4,4,CGCCACGATGGGTTGATCGG,0,2267840
mcbAp5,0.2,4,4,CGCAGGACTGGCAGTGCCTT,0,2316195
mcbAp5,0.2,4,4,CGCAGCTTTGCTTACTATGG,0,2278271
mcbAp5,0.2,4,4,CGCAGATGGAACGTTACAGT,0,2311262
mcbAp5,0.2,4,4,CGCAAAAGTCTCGTCCGTCA,0,2301259
mcbAp5,0.2,4,4,CGATTCAACCAGTCCCCAGA,0,2286827
mcbAp5,0.2,4,4,CGATCGTTCAGGATTCCTAT,0,2302178
mcbAp5,0.2,4,4,CGATCCCCCCCATAAGTGAA,0,2282933
mcbAp5,0.2,4,4,CGATCATCATTTGGAATATT,0,2279050
mcbAp5,0.2,4,4,CGAGTTTAAGGTGTATGTCG,0,2269257
mcbAp5,0.2,4,4,CGAGTCTGGAGGCCATTGGA,0,2285042
mcbAp5,0.2,4,4,CGAGTAAGCGGAGCGCCTGG,0,2310420
mcbAp5,0.2,4,4,CGAGGGAAATCCGGAACCTC,0,2288754
mcbAp5,0.2,4,4,CGAGGCAGACCTGAGCATTG,0,2282563
mcbAp5,0.2,4,4,CGAGCCAAAATTACACATGA,0,2280640
mcbAp5,0.2,4,4,CGACTGAGGAAAAGGGCAGA,0,2266589
mcbAp5,0.2,4,4,CGACTCAATTCCACACCAAG,0,2268910
mcbAp5,0.2,4,4,CGACGCGTTACTCGGGGACA,0,2276424
mcbAp5,0.2,4,4,CGACCTGGTCGAGACATTGG,0,2277804
mcbAp5,0.2,4,4,CGACAGGCGTCACCTCTACC,0,2275950
mcbAp5,0.2,4,4,CGACAATGCAGTCCCCTCTC,0,2262424
mcbAp5,0.2,4,4,CGACAACTGTGCTAAATCCA,0,2282653
mcbAp5,0.2,4,4,CGAATGGACTCAAGCTGAGT,0,2278329
mcbAp5,0.2,4,4,CGAAGTTGTCATGATAGCGC,0,2294902
mcbAp5,0.2,4,4,CGAACGGGTGAAGCTATGCC,0,2280682
mcbAp5,0.2,4,4,CGAACCCAGCGCTTCTCGGA,0,2296608
mcbAp5,0.2,4,4,CCTTTAATGCCTGTTCGAGT,0,2268676
mcbAp5,0.2,4,4,CCTTGAGGTTATGGCCGCTT,0,2262687
mcbAp5,0.2,4,4,CCTGGTGGGGTCCAACACAT,0,2290118
mcbAp5,0.2,4,4,CCTGGGTCTAGTGGTATAAC,0,2315020
mcbAp5,0.2,4,4,CCTGGAGTTACATTGAGCCC,0,2268994
mcbAp5,0.2,4,4,CCTGCTTACAGAACCTGTAC,0,2306534
mcbAp5,0.2,4,4,CCTGAACCAACGGATCCACT,0,2313592
mcbAp5,0.2,4,4,CCTCTGGCCCAGTAGGCTGT,0,2265793
mcbAp5,0.2,4,4,CCTCCTTCAGAGTCCTGGGC,0,2307229
mcbAp5,0.2,4,4,CCTCCGTGCTCGCAAACTCA,0,2293379
mcbAp5,0.2,4,4,CCTCCAGGGATATGTCGGAT,0,2302129
mcbAp5,0.2,4,4,CCTCATAGAGGTCGTTTCAG,0,2306563
mcbAp5,0.2,4,4,CCTATTTCGACTATCCCAAA,0,2297930
mcbAp5,0.2,4,4,CCTATTGAAAGAATAGGTTG,0,2299199
mcbAp5,0.2,4,4,CCTATAAGAGCGAAGATAAG,0,2308341
mcbAp5,0.2,4,4,CCTAGTATTACACCAAATCC,0,2311945
mcbAp5,0.2,4,4,CCTAGGTAGGATATTCGGAC,0,2287955
mcbAp5,0.2,4,4,CCTAGGCGTGTGCCCCCGGA,0,2282624
mcbAp5,0.2,4,4,CCTAGGATTAACCATTCGAT,0,2312101
mcbAp5,0.2,4,4,CCTACTGTCAAATTAATATA,0,2284218
mcbAp5,0.2,4,4,CCTACTCGCGAACGGGAAGA,0,2263412
mcbAp5,0.2,4,4,CCTACCGGGATCGGTGTGAA,0,2300674
mcbAp5,0.2,4,4,CCTACATGCACTAAACATAC,0,2281928
mcbAp5,0.2,4,4,CCGTTTCACGAGGACGCGCA,0,2299486
mcbAp5,0.2,4,4,CCGTGAACAGGAATAGATAA,0,2274295
mcbAp5,0.2,4,4,CCGTCCCACAGCGTTTGGTT,0,2308819
mcbAp5,0.2,4,4,CCGTCAGAAGGAGCCAGCTG,0,2281367
mcbAp5,0.2,4,4,CCGTAGCAGTCTCAGGCTCG,0,2305055
mcbAp5,0.2,4,4,CCGTAGATCTCAAAAGCAAA,0,2268638
mcbAp5,0.2,4,4,CCGGTTCTCTATCCGCCTTA,0,2279484
mcbAp5,0.2,4,4,CCGGCTCAAACAAGACCCCC,0,2272216
mcbAp5,0.2,4,4,CCGGAAGTTGCGCGTTAATG,0,2271984
mcbAp5,0.2,4,4,CCGCCCCCGCTCTTGGCATC,0,2294833
mcbAp5,0.2,4,4,CCGCCAAATTGACTCGCTGT,0,2262496
mcbAp5,0.2,4,4,CCGCACTGTCGAAGCTACTG,0,2314496
mcbAp5,0.2,4,4,CCGATGGTGTCAAATGCGGC,0,2300895
mcbAp5,0.2,4,4,CCGACTGCAATTACCAAGCG,0,2268711
mcbAp5,0.2,4,4,CCGACGCAGCTCTAGGGATT,0,2283702
mcbAp5,0.2,4,4,CCGACCTAATAGCCATTTCG,0,2281749
mcbAp5,0.2,4,4,CCGAAATCCGCCATCAGTGT,0,2270173
mcbAp5,0.2,4,4,CCCTTTAGGCTTGCGAATTC,0,2281445
mcbAp5,0.2,4,4,CCCTTCTGCACCCGTCAAAA,0,2261412
mcbAp5,0.2,4,4,CCCTTACAGAGGCTAACTTA,0,2263224
mcbAp5,0.2,4,4,CCCTGCAATGTGAGTCGGTT,0,2310863
mcbAp5,0.2,4,4,CCCTCTTTTACACAAAACCA,0,2310114
mcbAp5,0.2,4,4,CCCTCCTGGGACTAGCGATC,0,2273752
mcbAp5,0.2,4,4,CCCTCATCTAACTGGGCATG,0,2295975
mcbAp5,0.2,4,4,CCCTCAGATCGGCAGAATGT,0,2271872
mcbAp5,0.2,4,4,CCCTATAGATTAAGAGGTTT,0,2303351
mcbAp5,0.2,4,4,CCCTATACCACCACTGCAAA,0,2277367
mcbAp5,0.2,4,4,CCCTAGCGGGTCTTAATGAC,0,2303084
mcbAp5,0.2,4,4,CCCTAATCTAGTCCGATTTT,0,2278095
mcbAp5,0.2,4,4,CCCGTAGATATCCAATTCTG,0,2308729
mcbAp5,0.2,4,4,CCCGGTACAAGCCTTCCAGA,0,2298695
mcbAp5,0.2,4,4,CCCGGATTCTTAGTGCACAC,0,2306527
mcbAp5,0.2,4,4,CCCGCTAGCGCCCTGCAGAC,0,2280988
mcbAp5,0.2,4,4,CCCGCGCCGGGGTCATTGCG,0,2279813
mcbAp5,0.2,4,4,CCCCTCTGTCACACTCTCTG,0,2290784
mcbAp5,0.2,4,4,CCCCTCAGCTTTAGTTTTGT,0,2262209
mcbAp5,0.2,4,4,CCCCGTCCAGCGTCGCGGGT,0,2285751
mcbAp5,0.2,4,4,CCCCGTAAGTTGCTTCGCTG,0,2273943
mcbAp5,0.2,4,4,CCCCGTAAGACAGGCTATGT,0,2292972
mcbAp5,0.2,4,4,CCCCGCCACGAACCGGTACA,0,2304149
mcbAp5,0.2,4,4,CCCCGAGATGTATGAACATC,0,2297686
mcbAp5,0.2,4,4,CCCCCTTATTGTGAGCCCAC,0,2303030
mcbAp5,0.2,4,4,CCCCCCACATGCATCTGCCG,0,2271689
mcbAp5,0.2,4,4,CCCATGCTTGCTAATAGCCT,0,2279346
mcbAp5,0.2,4,4,CCCATGATCAAGTGGGCTGG,0,2303921
mcbAp5,0.2,4,4,CCCAGTGGGGCGCGTCACGA,0,2274204
mcbAp5,0.2,4,4,CCCAGGGGTCGGCATGTAGC,0,2314890
mcbAp5,0.2,4,4,CCCACTCGCGTAGCGCGTAA,0,2272874
mcbAp5,0.2,4,4,CCCAAACTAACGGGTTGCAA,0,2312224
mcbAp5,0.2,4,4,CCATTATTCTCCTCTTTTTA,0,2268314
mcbAp5,0.2,4,4,CCATCGTAGTTTGTTGGATC,0,2265475
mcbAp5,0.2,4,4,CCAGGGTCTTCAGGTTAGTA,0,2307715
mcbAp5,0.2,4,4,CCAGGCGTCAACGTAACTGG,0,2290889
mcbAp5,0.2,4,4,CCAGCGTTCGCCATCGGTCC,0,2279124
mcbAp5,0.2,4,4,CCAGCCCGATCGACCCCCAG,0,2284505
mcbAp5,0.2,4,4,CCAGAGCAAAAACTGATGAA,0,2316260
mcbAp5,0.2,4,4,CCAGAAGGAAGGCCTACGGA,0,2274639
mcbAp5,0.2,4,4,CCAGAACGGTGTTATGAAAC,0,2315169
mcbAp5,0.2,4,4,CCACTTCAACACTTGGGAGT,0,2292797
mcbAp5,0.2,4,4,CCACGTGTGTAACAGCAATA,0,2262292
mcbAp5,0.2,4,4,CCACATGGTCAGGCGACTAA,0,2266934
mcbAp5,0.2,4,4,CCAATTATGGTCATGGCGCG,0,2276470
mcbAp5,0.2,4,4,CCAATTACCTGCGCTGCGCC,0,2261780
mcbAp5,0.2,4,4,CCAATCCCGAATTGCCTGTA,0,2296883
mcbAp5,0.2,4,4,CCAAGTTCCTACACTAGCTT,0,2314545
mcbAp5,0.2,4,4,CCAACGTTGTCCATTCATTA,0,2306936
mcbAp5,0.2,4,4,CCAAAATAAGCATCAGCCTA,0,2293101
mcbAp5,0.2,4,4,CATTTTGCTATCTGCATTTA,0,2284843
mcbAp5,0.2,4,4,CATTGTTGGACAAGTAGGCT,0,2264274
mcbAp5,0.2,4,4,CATTGGCAGAGCTGGATTTA,0,2307906
mcbAp5,0.2,4,4,CATTCTCGATCTCCATCTAG,0,2289279
mcbAp5,0.2,4,4,CATTCCAGCAAGGCGCGCGG,0,2269331
mcbAp5,0.2,4,4,CATTAGTACGGCGTTTTGCC,0,2304541
mcbAp5,0.2,4,4,CATTAGAGTACGGCTGGATG,0,2310434
mcbAp5,0.2,4,4,CATGGTCAAAAACGTTGCAG,0,2269939
mcbAp5,0.2,4,4,CATGGGCGTTATTTTCGGCA,0,2312602
mcbAp5,0.2,4,4,CATGGCACGGGTTCCGCAAT,0,2291298
mcbAp5,0.2,4,4,CATGGAGATGCATTTTGCAT,0,2302399
mcbAp5,0.2,4,4,CATGCTAATCGATGGGTAAT,0,2262119
mcbAp5,0.2,4,4,CATGCAGACTTGGCAACCTG,0,2300359
mcbAp5,0.2,4,4,CATCTAATGGCCTGCTTTAT,0,2313457
mcbAp5,0.2,4,4,CATCTAACGGGCGAGTGTCT,0,2263968
mcbAp5,0.2,4,4,CATCGTGAATTGTAAGACGA,0,2294330
mcbAp5,0.2,4,4,CATCCTCGACTGCGTGAAAC,0,2306564
mcbAp5,0.2,4,4,CATATTGCACATGCCCCGAA,0,2272582
mcbAp5,0.2,4,4,CATATATACTCGATGTTTTT,0,2288867
mcbAp5,0.2,4,4,CATATACCTACCCTATGTCT,0,2281109
mcbAp5,0.2,4,4,CATAGTCGCAGATGAGGCAG,0,2275305
mcbAp5,0.2,4,4,CATAGCCCTCTCTCAGTTCT,0,2314917
mcbAp5,0.2,4,4,CATAGAGGGATATTGACTTA,0,2292029
mcbAp5,0.2,4,4,CATACGCGGTACCGACATCA,0,2261805
mcbAp5,0.2,4,4,CAGTTTTCAATTCAACGCTT,0,2287734
mcbAp5,0.2,4,4,CAGTTAGCAGAGTAATCCGA,0,2270269
mcbAp5,0.2,4,4,CAGTTAACCCGCGATGTTAT,0,2309566
mcbAp5,0.2,4,4,CAGTGCAGAGTGCTCTGGGA,0,2264410
mcbAp5,0.2,4,4,CAGTCCGGCCGTAACGAGTA,0,2292229
mcbAp5,0.2,4,4,CAGTATGGCCATAACTCCGG,0,2300104
mcbAp5,0.2,4,4,CAGTACCGCCGGATCTTTCC,0,2312244
mcbAp5,0.2,4,4,CAGGTCTGCAACCTGGACTT,0,2289175
mcbAp5,0.2,4,4,CAGGGCCCGGTAGAAAAATA,0,2315496
mcbAp5,0.2,4,4,CAGGCAGCCGTTAGAGATTA,0,2293642
mcbAp5,0.2,4,4,CAGGACGAACGCACCGCTTG,0,2303789
mcbAp5,0.2,4,4,CAGATTGAGTAGGAGCATCA,0,2298143
mcbAp5,0.2,4,4,CAGATCAACCCTATACGCCT,0,2275945
mcbAp5,0.2,4,4,CAGAGGCACATGTGTGCGAA,0,2292712
mcbAp5,0.2,4,4,CAGACAGTACATAAAATCTA,0,2261931
mcbAp5,0.2,4,4,CAGAATGAGAGCCCCTCGCT,0,2307300
mcbAp5,0.2,4,4,CAGAACTTAACATGTATTGG,0,2313846
mcbAp5,0.2,4,4,CAGAACCCACACAGCAGGAA,0,2301853
mcbAp5,0.2,4,4,CAGAAAGAGTATCGACACGG,0,2278760
mcbAp5,0.2,4,4,CACTTCACACGTCTAACTGG,0,2313009
mcbAp5,0.2,4,4,CACTGTGTGCCTAATAAAGG,0,2297674
mcbAp5,0.2,4,4,CACTGACCGCGTTGACGACA,0,2288085
mcbAp5,0.2,4,4,CACGTGGTGGAGGTTAGGAA,0,2270891
mcbAp5,0.2,4,4,CACGTACACCGACTCGCATA,0,2283220
mcbAp5,0.2,4,4,CACGGTTATATCCTGGGGTC,0,2306422
mcbAp5,0.2,4,4,CACGGGTAGCTGCAACGTAG,0,2276134
mcbAp5,0.2,4,4,CACGGAACAGAACGGCACGC,0,2265439
mcbAp5,0.2,4,4,CACGCGTAATGAAGGCCGAA,0,2289676
mcbAp5,0.2,4,4,CACGATTTATTGGCCCACTT,0,2271635
mcbAp5,0.2,4,4,CACGATCTACCCATCACGTT,0,2299200
mcbAp5,0.2,4,4,CACGAGCCATACTCACAAAT,0,2262167
mcbAp5,0.2,4,4,CACCTATGTAGCGAGTCTGC,0,2262659
mcbAp5,0.2,4,4,CACCTAACGTCTCCGGTAAA,0,2289167
mcbAp5,0.2,4,4,CACCCGGCCGAACCTCGAGT,0,2280379
mcbAp5,0.2,4,4,CACCAATCCTTCTTAGCGGG,0,2301463
mcbAp5,0.2,4,4,CACCAATCATGCGGCGGCAA,0,2290978
mcbAp5,0.2,4,4,CACATTGTATGGCTTAGTCC,0,2262232
mcbAp5,0.2,4,4,CACAAAGAGAGCCAGAGCCC,0,2303203
mcbAp5,0.2,4,4,CAATTTGTTCACGCCGGCAG,0,2267747
mcbAp5,0.2,4,4,CAATGGGGTTCGGTCAGCGA,0,2277571
mcbAp5,0.2,4,4,CAATGCCCGGATGACTAATT,0,2277747
mcbAp5,0.2,4,4,CAATCAAACTCCGAGAGTAA,0,2281061
mcbAp5,0.2,4,4,CAATCAAAAAGTGGTATGCT,0,2263995
mcbAp5,0.2,4,4,CAATATACTAGGCGCGGTGC,0,2298149
mcbAp5,0.2,4,4,CAAGTAATGATGGCCCTAGG,0,2272084
mcbAp5,0.2,4,4,CAAGGAAGCTTTTGTTGATG,0,2310448
mcbAp5,0.2,4,4,CAAGCGCCTAGCCTAGGTGT,0,2281781
mcbAp5,0.2,4,4,CAAGCGATCAGGTCTACCGT,0,2272958
mcbAp5,0.2,4,4,CAAGCAAGGACGCACAAAAG,0,2302852
mcbAp5,0.2,4,4,CAAGAGTCCCACGGGGATCA,0,2289603
mcbAp5,0.2,4,4,CAAGAGCACGCGGCCTCAGG,0,2266820
mcbAp5,0.2,4,4,CAAGACCATTGGTAGTTCGT,0,2290821
mcbAp5,0.2,4,4,CAAGAAGAATTTGCTTGTCA,0,2278275
mcbAp5,0.2,4,4,CAAGAACATGGATGCGATAG,0,2311230
mcbAp5,0.2,4,4,CAACTGTCGTGAGATAAGTT,0,2283000
mcbAp5,0.2,4,4,CAACTGCGATGGTGGAACTT,0,2263644
mcbAp5,0.2,4,4,CAACGGTTCCCATTCACGGA,0,2293440
mcbAp5,0.2,4,4,CAACGGTTCCACTGCCACAC,0,2288860
mcbAp5,0.2,4,4,CAACCCAAAACCCACTCACC,0,2306554
mcbAp5,0.2,4,4,CAACACGGGGATCATCATGA,0,2288515
mcbAp5,0.2,4,4,CAACAAACCATATTTCAGGT,0,2297055
mcbAp5,0.2,4,4,CAAATGGTTGGCATGCTCAA,0,2270209
mcbAp5,0.2,4,4,CAAAGTAGACCCAACTCCGC,0,2268315
mcbAp5,0.2,4,4,CAAAGAGCACATAGGAAAAA,0,2281159
mcbAp5,0.2,4,4,ATTTTTATGCAAGCTCCGTG,0,2275207
mcbAp5,0.2,4,4,ATTTGTGCCCGCGTGGCTTA,0,2300546
mcbAp5,0.2,4,4,ATTTGTCTGCGCTCGGGTCC,0,2265111
mcbAp5,0.2,4,4,ATTTGATAACGGTGATTCGA,0,2262993
mcbAp5,0.2,4,4,ATTTGACTCAATGAATGTAA,0,2296399
mcbAp5,0.2,4,4,ATTTAGGATGATCATAAAGG,0,2298366
mcbAp5,0.2,4,4,ATTTAGCGTAGGTGGGCGCC,0,2286822
mcbAp5,0.2,4,4,ATTTACGTTGTCGCAACTTA,0,2310444
mcbAp5,0.2,4,4,ATTTACCTGTCATACTCCAT,0,2309986
mcbAp5,0.2,4,4,ATTGTTAATTCGTAGCTCGA,0,2298262
mcbAp5,0.2,4,4,ATTGTAAGCCTCAACTTGAC,0,2309069
mcbAp5,0.2,4,4,ATTGGTTCTCGGCGTAATGT,0,2305598
mcbAp5,0.2,4,4,ATTGCGTCGAGACCTAGCTC,0,2272709
mcbAp5,0.2,4,4,ATTGCGCGTGGCCTGGCTGA,0,2310791
mcbAp5,0.2,4,4,ATTGAAAGACCATATTAACA,0,2310071
mcbAp5,0.2,4,4,ATTCTTCCACTAATGCAATC,0,2304272
mcbAp5,0.2,4,4,ATTCTACCCTGATTCATGTC,0,2309120
mcbAp5,0.2,4,4,ATTCGCAAGACCCCCGTTGC,0,2278183
mcbAp5,0.2,4,4,ATTCCAATTAATAAGCATGA,0,2276359
mcbAp5,0.2,4,4,ATTAGTTATTTGACATTTCA,0,2280043
mcbAp5,0.2,4,4,ATTAAAAAACTTTGTCACGG,0,2304565
mcbAp5,0.2,4,4,ATGTTACTGCCCTTAAGGGG,0,2297176
mcbAp5,0.2,4,4,ATGTTAAGTTGTTTGAACAC,0,2315775
mcbAp5,0.2,4,4,ATGTCTGGGGAGCGGCGAGA,0,2265644
mcbAp5,0.2,4,4,ATGTCTAAACTACCTTAGTT,0,2276516
mcbAp5,0.2,4,4,ATGTAGAGATAGAAAACCGT,0,2315958
mcbAp5,0.2,4,4,ATGGGTATGACCTCGCTCGC,0,2304986
mcbAp5,0.2,4,4,ATGGGCAAATAGTATACCTG,0,2310884
mcbAp5,0.2,4,4,ATGGCAAATGCGACGTGTGG,0,2284611
mcbAp5,0.2,4,4,ATGGATGACGATTAAATCTT,0,2262139
mcbAp5,0.2,4,4,ATGGAGGTTCGACTCGCGTA,0,2286229
mcbAp5,0.2,4,4,ATGGAGGACTCCACAGTCTC,0,2267942
mcbAp5,0.2,4,4,ATGCTTAAGAGTTTTATGCC,0,2312765
mcbAp5,0.2,4,4,ATGCTGTTCAGACGCAGGGG,0,2269797
mcbAp5,0.2,4,4,ATGCCTAAGTATGTAGATTA,0,2270728
mcbAp5,0.2,4,4,ATGCATTGCCGAAATCATGC,0,2303929
mcbAp5,0.2,4,4,ATGCACGCTAGTTCGCCAGA,0,2262696
mcbAp5,0.2,4,4,ATGATTGGGGCACCGAGGGT,0,2288212
mcbAp5,0.2,4,4,ATGATGGCATCTATCGATTT,0,2300153
mcbAp5,0.2,4,4,ATGATCTTTTAGCCCCACCA,0,2262870
mcbAp5,0.2,4,4,ATGACCAGGTTAGAGTACAA,0,2314244
mcbAp5,0.2,4,4,ATGAACGCAACCGTCGAACT,0,2297519
mcbAp5,0.2,4,4,ATGAAAATGCTCAAGCCCAA,0,2306844
mcbAp5,0.2,4,4,ATCTTTAAGATCTGTTGTGA,0,2312470
mcbAp5,0.2,4,4,ATCTTGCTCATTTCAGTGGG,0,2296602
mcbAp5,0.2,4,4,ATCTAGGTGCGTAAATCAAT,0,2296011
mcbAp5,0.2,4,4,ATCTACAGGCCGGTAGGCTG,0,2273970
mcbAp5,0.2,4,4,ATCGGTTCACGTCCGTATAC,0,2289443
mcbAp5,0.2,4,4,ATCGGCTCAGAGTCGTACTT,0,2268952
mcbAp5,0.2,4,4,ATCGCAAGAAAAATTGCTGT,0,2298332
mcbAp5,0.2,4,4,ATCGACACGCCCATTATTAT,0,2280288
mcbAp5,0.2,4,4,ATCCTGGTAGCGAAGAGGAA,0,2276128
mcbAp5,0.2,4,4,ATCCTGCGGGGTCTTCACTG,0,2300091
mcbAp5,0.2,4,4,ATCCGGGACGCCAAGGATTA,0,2262319
mcbAp5,0.2,4,4,ATCCGACGAAGGAGGTAAGA,0,2277668
mcbAp5,0.2,4,4,ATCCAGGAAGCGTCACATGT,0,2289679
mcbAp5,0.2,4,4,ATCCAAGACCCGAGAGTTGC,0,2276644
mcbAp5,0.2,4,4,ATCATTCCGTAAATTCTTTT,0,2276275
mcbAp5,0.2,4,4,ATCATCGGTCCAGTCCATAG,0,2289462
mcbAp5,0.2,4,4,ATCAGTCCTCTGTTGTCACT,0,2292263
mcbAp5,0.2,4,4,ATATTGTTTCAATAATCGGT,0,2264796
mcbAp5,0.2,4,4,ATATTCAATGCTTATGAGAA,0,2280674
mcbAp5,0.2,4,4,ATATTATCGAGGTGACTATC,0,2298986
mcbAp5,0.2,4,4,ATATGTAAGAGCGTGTGCGT,0,2269277
mcbAp5,0.2,4,4,ATATGGTGGATATAGGCCTC,0,2314751
mcbAp5,0.2,4,4,ATATAGGACGATTCAGTATG,0,2299480
mcbAp5,0.2,4,4,ATAGGTGTTTGTTTTCGCAG,0,2269746
mcbAp5,0.2,4,4,ATAGGATGGAATCAGGTTGG,0,2264650
mcbAp5,0.2,4,4,ATAGCTGTTACTAGCGGTTC,0,2269712
mcbAp5,0.2,4,4,ATAGCGTGCTTGCACTACAA,0,2304779
mcbAp5,0.2,4,4,ATAGCCCTGCTGGGCGGCTG,0,2295407
mcbAp5,0.2,4,4,ATAGCCAAAGTATTGCAAGG,0,2305766
mcbAp5,0.2,4,4,ATACTGTCAGAGTATCTAAA,0,2275917
mcbAp5,0.2,4,4,ATACCAGATAGATCCATAAA,0,2265179
mcbAp5,0.2,4,4,ATACCACAGTATCCGATAGG,0,2286832
mcbAp5,0.2,4,4,ATACATGTCTGCAAGGGGCG,0,2279610
mcbAp5,0.2,4,4,ATACACGACCAAGGAACTCG,0,2264621
mcbAp5,0.2,4,4,ATAATCTGAAGTTAATACCC,0,2302760
mcbAp5,0.2,4,4,ATAATAGGACATCTCTACTC,0,2304852
mcbAp5,0.2,4,4,ATAAGGGTCGCTTACCGGCA,0,2298916
mcbAp5,0.2,4,4,ATAAGCCTTTTGAAACACTA,0,2295532
mcbAp5,0.2,4,4,ATAAACCGCGGCACTGGCCA,0,2309954
mcbAp5,0.2,4,4,AGTTTCGTTCTAATGGTACA,0,2277253
mcbAp5,0.2,4,4,AGTTTAGATTAGATGTGGCC,0,2280914
mcbAp5,0.2,4,4,AGTTCGACATCACAGTTAAT,0,2267686
mcbAp5,0.2,4,4,AGTTCCCGGTGTGGCGATTC,0,2263409
mcbAp5,0.2,4,4,AGTTATGTGTGCGGCGAGAT,0,2261570
mcbAp5,0.2,4,4,AGTTAGCGAGAAGTCTATTA,0,2302644
mcbAp5,0.2,4,4,AGTTAAGACTGGGTGGGGCG,0,2274522
mcbAp5,0.2,4,4,AGTGTGCCCTACCTATAGCC,0,2273259
mcbAp5,0.2,4,4,AGTGGGCAGCACAGGTCGTT,0,2301988
mcbAp5,0.2,4,4,AGTGGCTGAGTAGTACAGGA,0,2314833
mcbAp5,0.2,4,4,AGTGCTTAGACGAGTGCGTG,0,2309720
mcbAp5,0.2,4,4,AGTGATGGATCATCTGTCGT,0,2263926
mcbAp5,0.2,4,4,AGTGATGCGCTCTCGTGTGG,0,2312038
mcbAp5,0.2,4,4,AGTGATCGGGAATTGATCCA,0,2311777
mcbAp5,0.2,4,4,AGTGATAGGTGTTGGTGTGG,0,2281361
mcbAp5,0.2,4,4,AGTCGTTAGGGCCAGCATGC,0,2277758
mcbAp5,0.2,4,4,AGTCGAGCACAGCGACCCCA,0,2281078
mcbAp5,0.2,4,4,AGTCCGCACAGCCCACTATT,0,2267370
mcbAp5,0.2,4,4,AGTCCCGGACATATGCGCCC,0,2282599
mcbAp5,0.2,4,4,AGTCCAGCCGAAACGGCAAG,0,2264450
mcbAp5,0.2,4,4,AGTCCAATCAAAGTATTCAA,0,2286084
mcbAp5,0.2,4,4,AGTATCCCATCGCTGACGCC,0,2315198
mcbAp5,0.2,4,4,AGTAGGAGGTAAACTCCCAC,0,2305360
mcbAp5,0.2,4,4,AGTACCACGACGGGTTGTTA,0,2310958
mcbAp5,0.2,4,4,AGTAAGCATGAACCGTACGG,0,2261980
mcbAp5,0.2,4,4,AGGTTGCTCGCGATTGGAAC,0,2272474
mcbAp5,0.2,4,4,AGGTTGAACAGCGTTCTGTT,0,2271841
mcbAp5,0.2,4,4,AGGTGTGGTGTACAGGCTGT,0,2272362
mcbAp5,0.2,4,4,AGGTGTCTTTATGAAATGCC,0,2295454
mcbAp5,0.2,4,4,AGGTGGTTTATATGTGGATC,0,2301562
mcbAp5,0.2,4,4,AGGTGGGATATATACCACTC,0,2283570
mcbAp5,0.2,4,4,AGGTGCTTATCAAAATGTAT,0,2281414
mcbAp5,0.2,4,4,AGGTCTGTGGGGACCACAAC,0,2287775
mcbAp5,0.2,4,4,AGGTCTCAGGTCCAACTGGG,0,2312930
mcbAp5,0.2,4,4,AGGTCTAAAACTCGTCCGAG,0,2281322
mcbAp5,0.2,4,4,AGGTCGTTACTGTATGGAGC,0,2305620
mcbAp5,0.2,4,4,AGGTCGGAAAATGGCCATAC,0,2262190
mcbAp5,0.2,4,4,AGGTCCATTCTGACCTCCAA,0,2302036
mcbAp5,0.2,4,4,AGGTATGATCAAATACTGGT,0,2278233
mcbAp5,0.2,4,4,AGGGTTCCTGTACACAAACT,0,2272147
mcbAp5,0.2,4,4,AGGGTCGTGATATGCTGTCT,0,2283096
mcbAp5,0.2,4,4,AGGGTATACCTTGGGGTTCC,0,2288588
mcbAp5,0.2,4,4,AGGGTAATAAGTACACCGGA,0,2310770
mcbAp5,0.2,4,4,AGGGGCTCGACAGGCTCATA,0,2280036
mcbAp5,0.2,4,4,AGGGGCCCAGGGCACTTCAT,0,2303561
mcbAp5,0.2,4,4,AGGGGATTCCTCCTTACTGT,0,2272227
mcbAp5,0.2,4,4,AGGGCTTGACAAAAGCAACC,0,2278868
mcbAp5,0.2,4,4,AGGGCTCCGTCTGTATTTGT,0,2292235
mcbAp5,0.2,4,4,AGGGCACTGGTCCAAAGTCG,0,2287242
mcbAp5,0.2,4,4,AGGGAGTGAGTGATCGGTCC,0,2268658
mcbAp5,0.2,4,4,AGGGAGAGCGGTCACGGGAG,0,2297964
mcbAp5,0.2,4,4,AGGGACTCACCCTAACGCTT,0,2264143
mcbAp5,0.2,4,4,AGGCATCCATAATTATATAA,0,2315477
mcbAp5,0.2,4,4,AGGATTGTTTGCTCTGTTTC,0,2316063
mcbAp5,0.2,4,4,AGGAGTCAAGCGGCGGTTGA,0,2281968
mcbAp5,0.2,4,4,AGGACCATGGCTGCGTACTA,0,2297628
mcbAp5,0.2,4,4,AGGAACTGGGGTGTACACAT,0,2294920
mcbAp5,0.2,4,4,AGGAAAGAGGACTATGTGGG,0,2272293
mcbAp5,0.2,4,4,AGCTTGGGGGCTTAGGAACT,0,2295340
mcbAp5,0.2,4,4,AGCTGTAGTGAGGTATTTAT,0,2301978
mcbAp5,0.2,4,4,AGCTCGTCTCCTTTACTCTG,0,2276365
mcbAp5,0.2,4,4,AGCTCGGGGTGGCGCTACCC,0,2292495
mcbAp5,0.2,4,4,AGCTCGGATTCGGCGTAGAT,0,2289296
mcbAp5,0.2,4,4,AGCTCAGGTGTGCCCAGCTG,0,2275991
mcbAp5,0.2,4,4,AGCCTGGGCGTTTCCTGATA,0,2277275
mcbAp5,0.2,4,4,AGCCCTCCGACAGTGTGCAT,0,2293748
mcbAp5,0.2,4,4,AGCCCCGGAGGTTATGGAGC,0,2275347
mcbAp5,0.2,4,4,AGCATGGAAACGGCTAGCTA,0,2287325
mcbAp5,0.2,4,4,AGCAAGCTTCGGGCCGGTGG,0,2282255
mcbAp5,0.2,4,4,AGATGCCAGGTTGAGACCCG,0,2300404
mcbAp5,0.2,4,4,AGATCACTTTTGGGCTAGAG,0,2309814
mcbAp5,0.2,4,4,AGATCAAGTGTCTGGGGCGG,0,2292373
mcbAp5,0.2,4,4,AGAGGTGAACACCCTAGCGG,0,2313896
mcbAp5,0.2,4,4,AGAGGTCGTCCTATTTTCGC,0,2293744
mcbAp5,0.2,4,4,AGAGCCCATGATCTATTGGG,0,2293222
mcbAp5,0.2,4,4,AGAGAGTGCGCGAACCCAGG,0,2308226
mcbAp5,0.2,4,4,AGAGACGTTCCGTTAAAAGT,0,2268365
mcbAp5,0.2,4,4,AGACGGATAGTCGCCACTTA,0,2277292
mcbAp5,0.2,4,4,AGACGCCGTCTTCAGTTCAC,0,2312778
mcbAp5,0.2,4,4,AGACGAATCGGCCCCAACCC,0,2303844
mcbAp5,0.2,4,4,AGACATTCCGGCTTGGAAGC,0,2307689
mcbAp5,0.2,4,4,AGACACAACCCGATCTATAG,0,2315683
mcbAp5,0.2,4,4,AGAAATACTGTCTACAACAA,0,2294031
mcbAp5,0.2,4,4,AGAAACTATGGGCTAGTGTA,0,2272315
mcbAp5,0.2,4,4,ACTTGTTGCAGTTTCCTCCG,0,2282650
mcbAp5,0.2,4,4,ACTTGTGTACCCCTGAAGGT,0,2267061
mcbAp5,0.2,4,4,ACTTGTGGGCAAGGCACGTC,0,2274520
mcbAp5,0.2,4,4,ACTTCCGGCATAGCTACTAT,0,2269210
mcbAp5,0.2,4,4,ACTGTATCTGGTATATATCT,0,2281750
mcbAp5,0.2,4,4,ACTGTAAGGACACCAGCAAT,0,2303332
mcbAp5,0.2,4,4,ACTGGTCTACAGACCCTTTC,0,2302996
mcbAp5,0.2,4,4,ACTGGGAACGTTAAGACAGA,0,2276950
mcbAp5,0.2,4,4,ACTCTGGTGTGGCCCGCTGA,0,2267256
mcbAp5,0.2,4,4,ACTCTGCTAAGGCAAATAGA,0,2269992
mcbAp5,0.2,4,4,ACTCTAGAGATTTACCCGGG,0,2308357
mcbAp5,0.2,4,4,ACTCTAGACCTTAAGGATAT,0,2316215
mcbAp5,0.2,4,4,ACTCGGATCGGAGCTAGTGA,0,2297444
mcbAp5,0.2,4,4,ACTCCCCTTGATGGACTTGT,0,2307799
mcbAp5,0.2,4,4,ACTCATGTTTGCTGAACCGA,0,2265930
mcbAp5,0.2,4,4,ACTCATGGTGTGCAGCGCTA,0,2298534
mcbAp5,0.2,4,4,ACTCATAGCACTGCGTAAGC,0,2300868
mcbAp5,0.2,4,4,ACTCAGGGTTAGCGGTCTTG,0,2299431
mcbAp5,0.2,4,4,ACTCAGCTATGCGGCGGATC,0,2303078
mcbAp5,0.2,4,4,ACTCAGATACGGCTCCTGTT,0,2291967
mcbAp5,0.2,4,4,ACTATGATCACGATCCGTGA,0,2266078
mcbAp5,0.2,4,4,ACTAGGTGCCACTGTGGCCT,0,2292921
mcbAp5,0.2,4,4,ACTAGGACACGGGGCGATCA,0,2276153
mcbAp5,0.2,4,4,ACTAGACTCGACGAAATAAT,0,2304162
mcbAp5,0.2,4,4,ACTACTTAGCGGTTCTCCCT,0,2273506
mcbAp5,0.2,4,4,ACTAAGAATCGAATCTTATC,0,2289241
mcbAp5,0.2,4,4,ACTAACAGACAAACCTGTGT,0,2292782
mcbAp5,0.2,4,4,ACGTTCAGCCTTTTGTTGAG,0,2303861
mcbAp5,0.2,4,4,ACGTGTGGAACCGGCTAAGT,0,2306625
mcbAp5,0.2,4,4,ACGTGACCGGTATGCAAGCT,0,2277118
mcbAp5,0.2,4,4,ACGTCCCCGGGCGGAGCTCA,0,2277999
mcbAp5,0.2,4,4,ACGTCCACAGTATGTGCCAT,0,2278964
mcbAp5,0.2,4,4,ACGTCAGACGAAGTGCCCTT,0,2307520
mcbAp5,0.2,4,4,ACGGTTCTTGGCGCAAGGGT,0,2273787
mcbAp5,0.2,4,4,ACGGTGCTAGAGGCGCTTCA,0,2277361
mcbAp5,0.2,4,4,ACGGGTATGTTCTCGCAACC,0,2279291
mcbAp5,0.2,4,4,ACGGGCAGTCAACATAAACT,0,2297138
mcbAp5,0.2,4,4,ACGGAGACTATGCGGCTCTA,0,2271585
mcbAp5,0.2,4,4,ACGGACCAGTAGGAAACAAA,0,2262161
mcbAp5,0.2,4,4,ACGGAAGTCAATGACTGACT,0,2315821
mcbAp5,0.2,4,4,ACGGAACTAACCGTCGTTAA,0,2307796
mcbAp5,0.2,4,4,ACGGAAAGTGATCTAGAGAC,0,2311425
mcbAp5,0.2,4,4,ACGGAAAAGGTCTGAGGAGC,0,2281068
mcbAp5,0.2,4,4,ACGCGGTCAAAGGTCCCTGG,0,2308306
mcbAp5,0.2,4,4,ACGCGCGGGTTTAGAAATAA,0,2275967
mcbAp5,0.2,4,4,ACGCGCACCAAGGCTCATTT,0,2271442
mcbAp5,0.2,4,4,ACGCGAACGACTCTGAACAG,0,2313971
mcbAp5,0.2,4,4,ACGCCGGGCCTAGCAATGAG,0,2289974
mcbAp5,0.2,4,4,ACGCCGCTTAGATGTTGTAC,0,2287642
mcbAp5,0.2,4,4,ACGCCAGTGCCGCTATTGAG,0,2289247
mcbAp5,0.2,4,4,ACGATTAATTGGGCACGGCC,0,2306453
mcbAp5,0.2,4,4,ACGAGTTGCAACCATTGGAT,0,2263089
mcbAp5,0.2,4,4,ACGACTAAGTAACAATATTC,0,2266645
mcbAp5,0.2,4,4,ACGACGGTTGACGGGGTCCG,0,2299428
mcbAp5,0.2,4,4,ACGACGCATTGCGTGACCAT,0,2273284
mcbAp5,0.2,4,4,ACGACGATTTGGTAGGTTGG,0,2271771
mcbAp5,0.2,4,4,ACCTTTCTGTCGCAGGTGCT,0,2272971
mcbAp5,0.2,4,4,ACCTTCGTCATGGTAAGGTT,0,2281156
mcbAp5,0.2,4,4,ACCTTCCTTAACCAGACGAG,0,2271469
mcbAp5,0.2,4,4,ACCTTCATTTCGGCTACGGA,0,2271248
mcbAp5,0.2,4,4,ACCTTACCATTGAGAGCAGT,0,2310765
mcbAp5,0.2,4,4,ACCTGCTTAAACCTGTTTCA,0,2261185
mcbAp5,0.2,4,4,ACCTGCACGTGCCCCTCTGG,0,2313096
mcbAp5,0.2,4,4,ACCTCCATAATTAGTTTTGT,0,2280868
mcbAp5,0.2,4,4,ACCTATACTTGCGCCGAGCC,0,2305863
mcbAp5,0.2,4,4,ACCGGGTCTGCCAGTCTGTC,0,2302215
mcbAp5,0.2,4,4,ACCGGGCTTTCTGACACGTG,0,2292395
mcbAp5,0.2,4,4,ACCGGCCCCGCCCCCCACTA,0,2309020
mcbAp5,0.2,4,4,ACCGGACGTCCAAGCGACTC,0,2302606
mcbAp5,0.2,4,4,ACCGCGCCGCATCCTGACTA,0,2298699
mcbAp5,0.2,4,4,ACCGCCCGAGCGTTACTGCT,0,2286067
mcbAp5,0.2,4,4,ACCCGTGGAAGGTCAATTAA,0,2305514
mcbAp5,0.2,4,4,ACCCGGATCAGGTCAGTATT,0,2292747
mcbAp5,0.2,4,4,ACCCGAGTTAGATAGAGTGC,0,2300650
mcbAp5,0.2,4,4,ACCCGAGATGGACCTTGTAT,0,2289446
mcbAp5,0.2,4,4,ACCCAGCGGAGGAATGAGAC,0,2296490
mcbAp5,0.2,4,4,ACCCACTAGATTCCGTTCGT,0,2303908
mcbAp5,0.2,4,4,ACCATTTATCCTGGTCGTAG,0,2280953
mcbAp5,0.2,4,4,ACCATTCGCGCCATAACGTG,0,2263365
mcbAp5,0.2,4,4,ACCAGGGGCTAGGGCTCTTA,0,2285813
mcbAp5,0.2,4,4,ACCAGCGCTTTTGTTTGGTT,0,2262972
mcbAp5,0.2,4,4,ACCACTTCCTAGTGCTGTGG,0,2264751
mcbAp5,0.2,4,4,ACCACTGTCCTCGATTCGGA,0,2287096
mcbAp5,0.2,4,4,ACCAAGCGGGTTCTCGCGGG,0,2282128
mcbAp5,0.2,4,4,ACCAAGCGCGAACCTACGTG,0,2290843
mcbAp5,0.2,4,4,ACCAAAAGCAAACTGGTTAA,0,2279631
mcbAp5,0.2,4,4,ACATGTTGGGGAGATCTAAT,0,2274282
mcbAp5,0.2,4,4,ACATGTTATGTTTGGAGAGA,0,2284032
mcbAp5,0.2,4,4,ACATCTTGGGTCACTAATCC,0,2270162
mcbAp5,0.2,4,4,ACAGGGTGCGTGCCTCTCCT,0,2263337
mcbAp5,0.2,4,4,ACAGGGGATTTTAGACGGAA,0,2267286
mcbAp5,0.2,4,4,ACAGGCATAGCAAGGAAGAA,0,2306432
mcbAp5,0.2,4,4,ACAGGCACGGTGGTTAGGAT,0,2268516
mcbAp5,0.2,4,4,ACAGCGTTGAAGGATTGATG,0,2313402
mcbAp5,0.2,4,4,ACAGCATTAGCTCAACCATA,0,2309434
mcbAp5,0.2,4,4,ACAGCAGTTCATACTGGACT,0,2274474
mcbAp5,0.2,4,4,ACAGAGAGTCTATAGTTTGA,0,2270345
mcbAp5,0.2,4,4,ACAGACATTTTTCGTTAAGG,0,2297601
mcbAp5,0.2,4,4,ACACTGGCCTGGCCCTCGCA,0,2312425
mcbAp5,0.2,4,4,ACACTGAACGGAAAGTGTAT,0,2286718
mcbAp5,0.2,4,4,ACACTCCGTACTGGGGCGTT,0,2280603
mcbAp5,0.2,4,4,ACACTACTGGCCCTCATGCT,0,2299405
mcbAp5,0.2,4,4,ACAATCAATGGAGTTAGACA,0,2294406
mcbAp5,0.2,4,4,ACAACTACTGCTCTCAGACG,0,2299385
mcbAp5,0.2,4,4,ACAACGGTCCTGACCTGAAC,0,2292837
mcbAp5,0.2,4,4,ACAAAGGATCTCCATAAGTG,0,2283392
mcbAp5,0.2,4,4,AATTTTGGGATGCCTGTAAT,0,2298304
mcbAp5,0.2,4,4,AATTTTCCTAGGATCTAGAT,0,2263533
mcbAp5,0.2,4,4,AATTTATCTTTATGAGAACC,0,2285999
mcbAp5,0.2,4,4,AATTGGACTTGCTGAGAGGA,0,2315551
mcbAp5,0.2,4,4,AATTGCCAGGGATCTTACAT,0,2299171
mcbAp5,0.2,4,4,AATTAAACATCGTGAGCAGA,0,2274933
mcbAp5,0.2,4,4,AATGGTGAGGATGTCACCAA,0,2307352
mcbAp5,0.2,4,4,AATGGTCAGGGGTGTATACT,0,2286761
mcbAp5,0.2,4,4,AATGGACACTCATAATAGTC,0,2262841
mcbAp5,0.2,4,4,AATGGAAAAAGGATGTCGTA,0,2307997
mcbAp5,0.2,4,4,AATGCTAGTGCTTTACTTTT,0,2264819
mcbAp5,0.2,4,4,AATGCCTTGAAATTAAGTCC,0,2313528
mcbAp5,0.2,4,4,AATGCCCTGCGCGCCTGGTA,0,2305510
mcbAp5,0.2,4,4,AATGCCAATAGCAGTGTCAA,0,2262519
mcbAp5,0.2,4,4,AATCTTACACCGACGATATG,0,2292832
mcbAp5,0.2,4,4,AATCTGAATGCTCGTCGCAT,0,2301858
mcbAp5,0.2,4,4,AATCTAGTTTTGTCCTTGGC,0,2289301
mcbAp5,0.2,4,4,AATCTAACGCGCATACTCTG,0,2266618
mcbAp5,0.2,4,4,AATCGCGATCCGCATGGTGT,0,2286628
mcbAp5,0.2,4,4,AATCCCGTAGCCGAAAATAC,0,2276514
mcbAp5,0.2,4,4,AATATCGCCACACACGCTAC,0,2266678
mcbAp5,0.2,4,4,AATACGGTCACACGAAACAA,0,2283523
mcbAp5,0.2,4,4,AATAAGATACCCGAGTCCAC,0,2262833
mcbAp5,0.2,4,4,AATAAAGTGTTTGAGTCTCG,0,2262426
mcbAp5,0.2,4,4,AAGTTGACATTCCTGAGCGC,0,2286558
mcbAp5,0.2,4,4,AAGTTCGTGGTCTCACATTA,0,2276477
mcbAp5,0.2,4,4,AAGTCGGACAGCCGTGGACT,0,2305869
mcbAp5,0.2,4,4,AAGTAGGTTCATGAGCCCTG,0,2298195
mcbAp5,0.2,4,4,AAGTACAGGCATGCAGAAAC,0,2281419
mcbAp5,0.2,4,4,AAGGTTGTCGGGACTCTTGA,0,2293514
mcbAp5,0.2,4,4,AAGGTCATCGATAAGTAATC,0,2269486
mcbAp5,0.2,4,4,AAGGGTCAGAAGCCTCTCTG,0,2273211
mcbAp5,0.2,4,4,AAGGGAATGATCGGTCGTGC,0,2268253
mcbAp5,0.2,4,4,AAGGCGCGACACAAACTAGC,0,2290003
mcbAp5,0.2,4,4,AAGGCACGGGGTATGTGTAT,0,2305506
mcbAp5,0.2,4,4,AAGGATACGCCATTCCAGCT,0,2270342
mcbAp5,0.2,4,4,AAGGAGGCCGGTCGGAGTGA,0,2309942
mcbAp5,0.2,4,4,AAGCTTCTTGGCAAGAATCC,0,2292757
mcbAp5,0.2,4,4,AAGCGTCGATTGATTCTGAA,0,2292588
mcbAp5,0.2,4,4,AAGCGGTCATCCGCTCTCCG,0,2269095
mcbAp5,0.2,4,4,AAGCGCATATTAAGTAATGT,0,2284946
mcbAp5,0.2,4,4,AAGCCGACTCCTTAGGGGGG,0,2293520
mcbAp5,0.2,4,4,AAGATCGGGTTCCAGGGGGT,0,2271017
mcbAp5,0.2,4,4,AAGATAACTAGAGCCTCCTG,0,2300646
mcbAp5,0.2,4,4,AAGAGTGGGTCTGGTATCTA,0,2269247
mcbAp5,0.2,4,4,AAGACCGTGGGCTGGGACGA,0,2291778
mcbAp5,0.2,4,4,AAGACCGGCCCGGAGGACCT,0,2269150
mcbAp5,0.2,4,4,AAGAATCTGCGGTGGCCCGC,0,2279120
mcbAp5,0.2,4,4,AACTGCGGAATCACTCTGCG,0,2271118
mcbAp5,0.2,4,4,AACTGCCACGCGGATTGAGG,0,2279018
mcbAp5,0.2,4,4,AACTCTGTGTTACGAAACTA,0,2281129
mcbAp5,0.2,4,4,AACTCGCTGCAACAATTATC,0,2313848
mcbAp5,0.2,4,4,AACTCCGCTACCATGTTCGA,0,2311880
mcbAp5,0.2,4,4,AACGTGGAATGCTTTCAGAG,0,2311679
mcbAp5,0.2,4,4,AACGTGCGCCCTATGGACTA,0,2294380
mcbAp5,0.2,4,4,AACGACTCATTCCGGTTATG,0,2305391
mcbAp5,0.2,4,4,AACCGCAGGTAGCTATTCTT,0,2299900
mcbAp5,0.2,4,4,AACCACCCCGGGTCGCCCTG,0,2279118
mcbAp5,0.2,4,4,AACATACGTAACCTTAAGTA,0,2302676
mcbAp5,0.2,4,4,AACAATTTTCAACCTTATAG,0,2307189
mcbAp5,0.2,4,4,AAATGTGGTGACGGGGATTG,0,2278124
mcbAp5,0.2,4,4,AAATCCAACTACTCGTCTGC,0,2312378
mcbAp5,0.2,4,4,AAATATTTTTTCGAATGACC,0,2275012
mcbAp5,0.2,4,4,AAATATCAAAAGACTGGTCG,0,2272713
mcbAp5,0.2,4,4,AAATAGTTTGACGCGGACGG,0,2286570
mcbAp5,0.2,4,4,AAATAATTACGAAGGAGTAT,0,2312106
mcbAp5,0.2,4,4,AAAGGGTTGGACTAGCTCAC,0,2311000
mcbAp5,0.2,4,4,AAAGCAGTGACGTGTATATC,0,2278680
mcbAp5,0.2,4,4,AAAGCAAATGTAGGGGATTC,0,2284637
mcbAp5,0.2,4,4,AAAGATGGCCGCTGTGCTTC,0,2288152
mcbAp5,0.2,4,4,AAAGACCGCCCATAATATAA,0,2280387
mcbAp5,0.2,4,4,AAAGACCCCCACGGACAGGG,0,2266576
mcbAp5,0.2,4,4,AAACTTCCCTCTCGATCAAA,0,2289850
mcbAp5,0.2,4,4,AAACGTTATCTTTAGCGTAC,0,2275029
mcbAp5,0.2,4,4,AAACGGTCAGCTAACCGGGT,0,2282130
mcbAp5,0.2,4,4,AAACGCTCAGATCTGACACA,0,2287253
mcbAp5,0.2,4,4,AAACCTCCGGACTGGCATAT,0,2287622
mcbAp5,0.2,4,4,AAACCCCCGACACGATGTTT,0,2282513
mcbAp5,0.2,4,4,AAACAGAACAGATAAAGGTG,0,2262323
mcbAp5,0.2,4,4,AAAATGGCTTTGACAGGCTT,0,2307411
mcbAp5,0.2,4,4,AAAATCGTGCGCATTGAGAG,0,2297913
mcbAp5,0.2,4,4,AAAAGTCCGTGGCCGAAGTA,0,2300682
mcbAp5,0.2,4,4,AAAAGGTCCCTACACCGGGG,0,2303790
mcbAp5,0.2,4,4,AAAAGACTGCGTTGGAGTTT,0,2290875
mcbAp5,0.25,3,3,TTTTTTGCGCTAGTTACCCC,0,2296697
mcbAp5,0.25,3,3,TTTTTGTTTCAACACTTGGA,0,2273745
mcbAp5,0.25,3,3,TTTTTGGTTTGTTTAAACGG,0,2263768
mcbAp5,0.25,3,3,TTTTTGGAATCCCGTGATAC,0,2262840
mcbAp5,0.25,3,3,TTTTGTTCACGGCCTGATGT,0,2307076
mcbAp5,0.25,3,3,TTTTGGATTGACCTAACGGC,0,2289789
mcbAp5,0.25,3,3,TTTTGAAACGACGTCCGCCT,0,2275364
mcbAp5,0.25,3,3,TTTTATGAAACAGTCACTAG,0,2261627
mcbAp5,0.25,3,3,TTTGTTGAGTTACCGAATCT,0,2264565
mcbAp5,0.25,3,3,TTTGTTATCATACTTTTGAG,0,2309318
mcbAp5,0.25,3,3,TTTGATGATCAGTGCCATCG,0,2283572
mcbAp5,0.25,3,3,TTTGAGGCCGCCCGGCGCTC,0,2305612
mcbAp5,0.25,3,3,TTTGAAACAACCTAATTTGT,0,2305547
mcbAp5,0.25,3,3,TTTCTGCTTGGTATCTCTCA,0,2270574
mcbAp5,0.25,3,3,TTTCTCGGTGGTGTCCCGTT,0,2294143
mcbAp5,0.25,3,3,TTTCTCCTTCGGTACCCCTA,0,2277035
mcbAp5,0.25,3,3,TTTCTAGTCGTCTGAAATTA,0,2277517
mcbAp5,0.25,3,3,TTTCGCCGATGGTTTAACCC,0,2261447
mcbAp5,0.25,3,3,TTTCCTACCAGAGCGTGATC,0,2287979
mcbAp5,0.25,3,3,TTTCATCAAGAGTAGAACCT,0,2278400
mcbAp5,0.25,3,3,TTTCATAGACACCAATAAGT,0,2276323
mcbAp5,0.25,3,3,TTTCAGTCAAGTTCAGTGCT,0,2280920
mcbAp5,0.25,3,3,TTTATTAGTGGGTCATGGCA,0,2302792
mcbAp5,0.25,3,3,TTTATCGCCAGTTGTCCGCT,0,2263924
mcbAp5,0.25,3,3,TTTAGGTGATACAAAACCGG,0,2281205
mcbAp5,0.25,3,3,TTTAGAGTTGTAATGCACTC,0,2262328
mcbAp5,0.25,3,3,TTTAGAGACATCACCCATAA,0,2305707
mcbAp5,0.25,3,3,TTTAGAATGGTTCTCTGACT,0,2294300
mcbAp5,0.25,3,3,TTGTTGGCGCTGCTTCGGGC,0,2272754
mcbAp5,0.25,3,3,TTGTGCAGTGAAGACAGGAT,0,2314164
mcbAp5,0.25,3,3,TTGTCTACTGCACCCTAGAC,0,2280788
mcbAp5,0.25,3,3,TTGTCGGGGAGGACCGTGAT,0,2271365
mcbAp5,0.25,3,3,TTGTCCGAGTTGCGTGCAAG,0,2288921
mcbAp5,0.25,3,3,TTGTCAGTCAGGCCTATTGA,0,2280316
mcbAp5,0.25,3,3,TTGTATGAGTTAGACCAGCG,0,2301001
mcbAp5,0.25,3,3,TTGTAACTAAAACACGGAAA,0,2289025
mcbAp5,0.25,3,3,TTGGTTATCGGTTATGGGAC,0,2279983
mcbAp5,0.25,3,3,TTGGGTTTATGCCATAGGGA,0,2313667
mcbAp5,0.25,3,3,TTGGGAATTCGAATGCTGCG,0,2314875
mcbAp5,0.25,3,3,TTGGCGGAATGTGACACAGG,0,2298887
mcbAp5,0.25,3,3,TTGGCATCCCGAGCTGAGAA,0,2302769
mcbAp5,0.25,3,3,TTGGCAGGGGACTAGATTCA,0,2261594
mcbAp5,0.25,3,3,TTGGATGTCTACTAGCCCGA,0,2261187
mcbAp5,0.25,3,3,TTGGAGATTTGTCCGCACCA,0,2292660
mcbAp5,0.25,3,3,TTGCTTGGTTCGACCTGCGT,0,2276428
mcbAp5,0.25,3,3,TTGCTTGCGCTACCGGCACC,0,2286544
mcbAp5,0.25,3,3,TTGCTGGCAGGTTTTCGATA,0,2266214
mcbAp5,0.25,3,3,TTGCTCACGTATACGTCAAC,0,2264657
mcbAp5,0.25,3,3,TTGCTATAAATTTCAGCTAC,0,2295832
mcbAp5,0.25,3,3,TTGCGGGACACCGATAGGAG,0,2264588
mcbAp5,0.25,3,3,TTGCGCGAAATCCGTGGCGT,0,2270635
mcbAp5,0.25,3,3,TTGCCAGGCCATCTGCCGAT,0,2278736
mcbAp5,0.25,3,3,TTGCACGTGCTCGCCCAGTT,0,2306173
mcbAp5,0.25,3,3,TTGCAACATCTGGGATTTAC,0,2310810
mcbAp5,0.25,3,3,TTGATGTCCCGATGATTTTT,0,2299264
mcbAp5,0.25,3,3,TTGAGTTCATCCCCGTCCGT,0,2273738
mcbAp5,0.25,3,3,TTGAGATTTGCACCAGTGAA,0,2298421
mcbAp5,0.25,3,3,TTGACTTAACTAGGCCCCCA,0,2276259
mcbAp5,0.25,3,3,TTCTTCATATCAGCGTTCAA,0,2265795
mcbAp5,0.25,3,3,TTCTGCGACCCGAATACATT,0,2263539
mcbAp5,0.25,3,3,TTCGTGGTGTGTCTAATCGC,0,2295742
mcbAp5,0.25,3,3,TTCGTAGGTGCAACTGAGCC,0,2305994
mcbAp5,0.25,3,3,TTCGTAGATAGAAAGAATCG,0,2261950
mcbAp5,0.25,3,3,TTCGGCCTGTGAAAACGGTA,0,2277301
mcbAp5,0.25,3,3,TTCGGCAGCGGTTGAGGGTA,0,2273714
mcbAp5,0.25,3,3,TTCGCGGGAGGGAGAGCACA,0,2273760
mcbAp5,0.25,3,3,TTCGCGAGACACGGCGGCGG,0,2300172
mcbAp5,0.25,3,3,TTCCTGACGGTGATGTTATG,0,2279544
mcbAp5,0.25,3,3,TTCCGGAGCCAGAGTCGCAT,0,2289223
mcbAp5,0.25,3,3,TTCCGCTTTACCACGCAAAC,0,2312832
mcbAp5,0.25,3,3,TTCCCGGCTTAACGAAGAAG,0,2302186
mcbAp5,0.25,3,3,TTCCCCGGCACGCGCACAAT,0,2298901
mcbAp5,0.25,3,3,TTCCAGAGGGGGGCGACCGC,0,2304026
mcbAp5,0.25,3,3,TTCCAACCAGCTTCGGGGTC,0,2292146
mcbAp5,0.25,3,3,TTCATTGAGCGTTACCAATT,0,2262709
mcbAp5,0.25,3,3,TTCATCTAAGATTACGCAGG,0,2293418
mcbAp5,0.25,3,3,TTCATCCGGACACCGTGTAC,0,2284053
mcbAp5,0.25,3,3,TTCATAGACATATAGGACAT,0,2264610
mcbAp5,0.25,3,3,TTCAGTAAGCTACTGGAAAC,0,2271463
mcbAp5,0.25,3,3,TTCAGGTATGGTAGTTTGGT,0,2272572
mcbAp5,0.25,3,3,TTCACTAGGGGCACGCTGCG,0,2288555
mcbAp5,0.25,3,3,TTCACCTAGCCGGGCCACTT,0,2305682
mcbAp5,0.25,3,3,TTATTTATCTTCACTTTCTG,0,2269269
mcbAp5,0.25,3,3,TTATTCCATCTGCGATGAAT,0,2291838
mcbAp5,0.25,3,3,TTATGTTTTCAACAGTTTCC,0,2306730
mcbAp5,0.25,3,3,TTATGTGTCGCAGACGGGAC,0,2275312
mcbAp5,0.25,3,3,TTATCGAAGGCGCGTACGAC,0,2307532
mcbAp5,0.25,3,3,TTATCAGGCCATGTCCTGGT,0,2263452
mcbAp5,0.25,3,3,TTATATTGTCTGTCACTAGC,0,2291646
mcbAp5,0.25,3,3,TTATAGGCCTTTGAAGTCAG,0,2285907
mcbAp5,0.25,3,3,TTATACGCCGCATCGGTGGT,0,2310609
mcbAp5,0.25,3,3,TTAGTTTTTAAAGTCCGTCG,0,2315776
mcbAp5,0.25,3,3,TTAGTCCAACCGCTATAGGC,0,2294947
mcbAp5,0.25,3,3,TTAGGTCTCGACTGTTACTC,0,2280396
mcbAp5,0.25,3,3,TTAGGCCCGTGGCATTTCGA,0,2280121
mcbAp5,0.25,3,3,TTAGGAATAGGTTGGGGGGT,0,2274970
mcbAp5,0.25,3,3,TTAGCTACCATTACGCGCTA,0,2310941
mcbAp5,0.25,3,3,TTAGAAATAAATGGATAAGC,0,2308840
mcbAp5,0.25,3,3,TTACTCTGTACACTGAATCC,0,2284137
mcbAp5,0.25,3,3,TTACCTTGGCCACAGGGGGA,0,2283893
mcbAp5,0.25,3,3,TTACCTAATTGACACGGATT,0,2270390
mcbAp5,0.25,3,3,TTACATTAACATTTAGTGCA,0,2315678
mcbAp5,0.25,3,3,TTACAGCGACTCTGCAGTAG,0,2283615
mcbAp5,0.25,3,3,TTACACGACCTAACTGAAGG,0,2310836
mcbAp5,0.25,3,3,TTAATGTCTTATGTGTCAGA,0,2304682
mcbAp5,0.25,3,3,TTAATAGGGTACCTCCGCTG,0,2290087
mcbAp5,0.25,3,3,TTAAGCAGGTGGTCTCGTTC,0,2302797
mcbAp5,0.25,3,3,TTAAGACCAAAAACGGTGGG,0,2278809
mcbAp5,0.25,3,3,TTAACTAAATGGTTTGAAAT,0,2296373
mcbAp5,0.25,3,3,TTAACGGCTTGTCGAAGACT,0,2264787
mcbAp5,0.25,3,3,TGTTTTATATCTAGGTATGT,0,2302021
mcbAp5,0.25,3,3,TGTTGTTATTGAGTGATTAG,0,2267513
mcbAp5,0.25,3,3,TGTTGCTATGAATAGACTTT,0,2294001
mcbAp5,0.25,3,3,TGTTGCACTAACGAACCGTG,0,2265658
mcbAp5,0.25,3,3,TGTTGATCAGTGTTCGTCCA,0,2270633
mcbAp5,0.25,3,3,TGTTCATGCGACCTCTACCT,0,2285637
mcbAp5,0.25,3,3,TGTTAGCACAAGCACCGTTA,0,2308789
mcbAp5,0.25,3,3,TGTGTTTTGAATGCTGCGTG,0,2310430
mcbAp5,0.25,3,3,TGTGTTGTGTGTTTTGCGCT,0,2302335
mcbAp5,0.25,3,3,TGTGTCAACTAGATACTAAA,0,2280436
mcbAp5,0.25,3,3,TGTGTAAAGTATACAAGGAG,0,2291747
mcbAp5,0.25,3,3,TGTGGGCAGAGAATGACGCT,0,2283647
mcbAp5,0.25,3,3,TGTGGAGAACATCGGCTATA,0,2302324
mcbAp5,0.25,3,3,TGTGAGCTTGGATACCTGCA,0,2312228
mcbAp5,0.25,3,3,TGTGAATTTTCTCGTGGTAG,0,2295798
mcbAp5,0.25,3,3,TGTCTTTGGATTCCCAAGAT,0,2315124
mcbAp5,0.25,3,3,TGTCTTTAGAGGTTGCGTAT,0,2263822
mcbAp5,0.25,3,3,TGTCGATACGACCAACTGCG,0,2281674
mcbAp5,0.25,3,3,TGTCGAACACAATGTTGAGG,0,2279769
mcbAp5,0.25,3,3,TGTCCCAATACAGCGATCAG,0,2301039
mcbAp5,0.25,3,3,TGTCACACCTGTCACGATAC,0,2303122
mcbAp5,0.25,3,3,TGTCAACTCATCTGTAGGTA,0,2298586
mcbAp5,0.25,3,3,TGTATAGCGAACTCGTTATC,0,2286220
mcbAp5,0.25,3,3,TGTATAAATCAGGAGCCGGT,0,2288497
mcbAp5,0.25,3,3,TGTAGGAGCACGGTATCAAA,0,2293709
mcbAp5,0.25,3,3,TGTAGCAATGTGCCTCATAT,0,2277511
mcbAp5,0.25,3,3,TGTACGGTGCCGGGTCCAAG,0,2278810
mcbAp5,0.25,3,3,TGTACGGCATAATGCTCGAA,0,2261772
mcbAp5,0.25,3,3,TGTACGAAGGTAATTCACAA,0,2270005
mcbAp5,0.25,3,3,TGTACACTCTCGGATCTTTT,0,2297712
mcbAp5,0.25,3,3,TGTAAGGCTACGTGGGACAT,0,2310553
mcbAp5,0.25,3,3,TGTAAAGGCCAGGGCGCAAT,0,2301980
mcbAp5,0.25,3,3,TGGTTATCCCTGTATCCTTG,0,2288019
mcbAp5,0.25,3,3,TGGTGTACTTTCTACTAGCA,0,2315263
mcbAp5,0.25,3,3,TGGTGAGTGTCTATTGTTTT,0,2309906
mcbAp5,0.25,3,3,TGGTGAGCGATCAGCCCGAC,0,2309593
mcbAp5,0.25,3,3,TGGTCCATGCAAATAGATCA,0,2311321
mcbAp5,0.25,3,3,TGGTATTTTAGGGGCGGTCT,0,2269981
mcbAp5,0.25,3,3,TGGTATTAATTTGTAGACTG,0,2303872
mcbAp5,0.25,3,3,TGGTAGTGTAAAGTAGGTAC,0,2280836
mcbAp5,0.25,3,3,TGGGTGGAGTCAGTGATTTT,0,2291721
mcbAp5,0.25,3,3,TGGGGAGACTAGAAAACTTC,0,2301941
mcbAp5,0.25,3,3,TGGGGAAACCCGAGGACGAG,0,2294499
mcbAp5,0.25,3,3,TGGGAATCTAGTAGCTGGGA,0,2285232
mcbAp5,0.25,3,3,TGGGAACTCAGAGAATACTA,0,2283902
mcbAp5,0.25,3,3,TGGCGGAAAAGCAACAGGGA,0,2293285
mcbAp5,0.25,3,3,TGGCGAACGTAAAGAATTGC,0,2297309
mcbAp5,0.25,3,3,TGGCCATGCTTAGAGAGAGC,0,2314056
mcbAp5,0.25,3,3,TGGATATATGGTTGAGTCCA,0,2268803
mcbAp5,0.25,3,3,TGGAGTATCGGGTTTTCGTG,0,2287194
mcbAp5,0.25,3,3,TGGAGCCAGTTTCACTTTGG,0,2268191
mcbAp5,0.25,3,3,TGGACGGTGTAAGGGTCGCC,0,2299878
mcbAp5,0.25,3,3,TGGACAATAGGCTGCGAATC,0,2282918
mcbAp5,0.25,3,3,TGGAATTTCCCAGTTCGGGG,0,2314623
mcbAp5,0.25,3,3,TGGAAGCCAGTAAAGGAGCG,0,2303839
mcbAp5,0.25,3,3,TGGAAATGAAACACTAAGCC,0,2263106
mcbAp5,0.25,3,3,TGGAAAATGTACCTCAGGTC,0,2271554
mcbAp5,0.25,3,3,TGGAAAACTCGTAACGCTTC,0,2287517
mcbAp5,0.25,3,3,TGCTTTGAAGGATTTGTCAT,0,2273283
mcbAp5,0.25,3,3,TGCTTCAGTGTAGAACCTTG,0,2275452
mcbAp5,0.25,3,3,TGCTTAGATTTGCCGAGGCC,0,2281894
mcbAp5,0.25,3,3,TGCTGGGTCCAGAATATAAA,0,2274045
mcbAp5,0.25,3,3,TGCTGGACATCAATCTAGGA,0,2301504
mcbAp5,0.25,3,3,TGCTCCGTTGAGCTAACGGA,0,2270212
mcbAp5,0.25,3,3,TGCGTATCTAGGTCGGAGGA,0,2302326
mcbAp5,0.25,3,3,TGCGGGAATAAAATTCACTG,0,2314920
mcbAp5,0.25,3,3,TGCGGCTCAATACTTCGTGA,0,2280772
mcbAp5,0.25,3,3,TGCCTAGTCGCACGTATCGT,0,2282521
mcbAp5,0.25,3,3,TGCCCGTGCGCTCCGCCCGC,0,2264781
mcbAp5,0.25,3,3,TGCCCGAGACAAAGGTAGTT,0,2294433
mcbAp5,0.25,3,3,TGCCCAAGACATGTCACGCC,0,2295289
mcbAp5,0.25,3,3,TGCATGATTGAAGCACACAC,0,2308152
mcbAp5,0.25,3,3,TGCAGGTATTCGAAGGGTCA,0,2274233
mcbAp5,0.25,3,3,TGCAGGCATATTCCCTGGCA,0,2261589
mcbAp5,0.25,3,3,TGCACTTCGCTACGTAAGAG,0,2274896
mcbAp5,0.25,3,3,TGCAAGCATGGGGTGTGGTC,0,2302830
mcbAp5,0.25,3,3,TGCAAATGAGTGCGTCCGAT,0,2278607
mcbAp5,0.25,3,3,TGCAAAGTGGGGGCAGCACA,0,2291096
mcbAp5,0.25,3,3,TGCAAAACTATAGCCCAGGT,0,2307607
mcbAp5,0.25,3,3,TGATTGCATACCAGAGGCTA,0,2308980
mcbAp5,0.25,3,3,TGATGTAACAGTCAACTTAT,0,2295437
mcbAp5,0.25,3,3,TGATCCGTTGTGGGTCGATT,0,2271254
mcbAp5,0.25,3,3,TGAGTTTCACGTTCTCTTTC,0,2268039
mcbAp5,0.25,3,3,TGAGTTATAAAGTTAGCGTT,0,2312039
mcbAp5,0.25,3,3,TGAGTGCAGACTGGACGGTT,0,2284403
mcbAp5,0.25,3,3,TGAGTCAGTGGCTCGACACG,0,2262842
mcbAp5,0.25,3,3,TGAGTAAGCGAGACCTATTG,0,2267297
mcbAp5,0.25,3,3,TGAGGTTCGATTGTCCTAGG,0,2270068
mcbAp5,0.25,3,3,TGAGGCATAGGGCCTTTAGG,0,2275826
mcbAp5,0.25,3,3,TGAGCTCTCTCGCTTTCGTT,0,2298362
mcbAp5,0.25,3,3,TGAGCAGAGACGAGATTTTT,0,2261736
mcbAp5,0.25,3,3,TGAGAGGGGGCCGGTTTACA,0,2272591
mcbAp5,0.25,3,3,TGAGAGCCGCACCGTGTTCT,0,2295972
mcbAp5,0.25,3,3,TGACGGATAAGCAACAATCA,0,2273785
mcbAp5,0.25,3,3,TGAATGCGATACATGCAGCA,0,2305015
mcbAp5,0.25,3,3,TGAATCCTTGAATATGGCCT,0,2280196
mcbAp5,0.25,3,3,TGAATAGTGCCGACATCTAG,0,2282988
mcbAp5,0.25,3,3,TGAAGGAAAGACCATCAACT,0,2297638
mcbAp5,0.25,3,3,TGAAGCGGGGGTACTGGCGA,0,2283126
mcbAp5,0.25,3,3,TGAAGCGAGAGATGACCACC,0,2278313
mcbAp5,0.25,3,3,TGAACTCGTTAAGAGTAGGT,0,2305166
mcbAp5,0.25,3,3,TGAACTCCCCGGGTACATTG,0,2310813
mcbAp5,0.25,3,3,TGAACACCAGCTGGCGATAC,0,2279709
mcbAp5,0.25,3,3,TGAACAATGGTCTGGGCGTT,0,2292549
mcbAp5,0.25,3,3,TCTTTGCATGACCTCGGACA,0,2299159
mcbAp5,0.25,3,3,TCTTTCTTGTCAGACGCCGT,0,2312985
mcbAp5,0.25,3,3,TCTTTAGGTCAATCAGTGTA,0,2278642
mcbAp5,0.25,3,3,TCTTGTGCGGCCCGCCCAAA,0,2281576
mcbAp5,0.25,3,3,TCTTCGAAAGTTTTCTCGGC,0,2283511
mcbAp5,0.25,3,3,TCTTATGGGTAAACCCTTGG,0,2281485
mcbAp5,0.25,3,3,TCTGGAATGATCTGGGCATC,0,2307710
mcbAp5,0.25,3,3,TCTGCGTGTAGTTAAAGCTA,0,2264888
mcbAp5,0.25,3,3,TCTGATCTGCGCTTAAAGGA,0,2272635
mcbAp5,0.25,3,3,TCTCCCGGTAGGAAGTACGG,0,2273855
mcbAp5,0.25,3,3,TCTAGTAGATTGGCTCATCA,0,2265997
mcbAp5,0.25,3,3,TCTAGCGATCCCCTTAAGAT,0,2291327
mcbAp5,0.25,3,3,TCGTTGTACTACTGAACGGT,0,2313652
mcbAp5,0.25,3,3,TCGTGATGTGGTATGGGGCT,0,2307627
mcbAp5,0.25,3,3,TCGTCGAATCGAACCCCATA,0,2265631
mcbAp5,0.25,3,3,TCGTCATAGGTAGCCGGACA,0,2293465
mcbAp5,0.25,3,3,TCGTAAGCCGTTCTCGAACA,0,2288263
mcbAp5,0.25,3,3,TCGTAAGAGTAAGATAAGGA,0,2312731
mcbAp5,0.25,3,3,TCGGTGGGGCTAGGCGCTAG,0,2261237
mcbAp5,0.25,3,3,TCGGTGAGCAGAGTTAGTAT,0,2285388
mcbAp5,0.25,3,3,TCGGGTGTTACCGACACTAT,0,2266007
mcbAp5,0.25,3,3,TCGGGGCAATGCTTCAACGA,0,2277569
mcbAp5,0.25,3,3,TCGGGACCACGGGTCTTATT,0,2262267
mcbAp5,0.25,3,3,TCGGCGGGTAGCACTCAAAA,0,2285438
mcbAp5,0.25,3,3,TCGGCCTTAACTGAGTGTGC,0,2270440
mcbAp5,0.25,3,3,TCGGCACGGGCCAATCATAT,0,2306686
mcbAp5,0.25,3,3,TCGGAGCTGAAATTGGTTCA,0,2277078
mcbAp5,0.25,3,3,TCGGAAACACCGTGTGATTC,0,2283850
mcbAp5,0.25,3,3,TCGCCAACGGGTAGCGAAGG,0,2293962
mcbAp5,0.25,3,3,TCGCAGGTTTTGGCTATGTT,0,2261414
mcbAp5,0.25,3,3,TCGCACTGGCCCGTAGGAAA,0,2286577
mcbAp5,0.25,3,3,TCGATATAGGCTGCCTAAGA,0,2263522
mcbAp5,0.25,3,3,TCGAGTGGAGTTTTTGTATG,0,2297586
mcbAp5,0.25,3,3,TCGAGGCAGTTAGTCATTTC,0,2272844
mcbAp5,0.25,3,3,TCGACCATGCATTCACCTAT,0,2305186
mcbAp5,0.25,3,3,TCGACAAATTGATCTGACCT,0,2276159
mcbAp5,0.25,3,3,TCCTTGATTCTGGTGGCGTC,0,2272515
mcbAp5,0.25,3,3,TCCTGTTAGAGTGCTCGCTT,0,2266321
mcbAp5,0.25,3,3,TCCTGTGAACTTCTAACACG,0,2315455
mcbAp5,0.25,3,3,TCCTGTCTATAATAGTAACT,0,2267186
mcbAp5,0.25,3,3,TCCTGTCTAGCCTTAACGCA,0,2287165
mcbAp5,0.25,3,3,TCCTGGTAAATCCGACTCAC,0,2303998
mcbAp5,0.25,3,3,TCCTGAACGACTGATTGGAT,0,2307270
mcbAp5,0.25,3,3,TCCTCTGACTGCGCAAACGT,0,2268135
mcbAp5,0.25,3,3,TCCTCTCGTGAAGGCTAAAC,0,2295062
mcbAp5,0.25,3,3,TCCTCGGGTGAGAACAGCTC,0,2287856
mcbAp5,0.25,3,3,TCCTCATCGGATGGAGCTAT,0,2267067
mcbAp5,0.25,3,3,TCCGTGCAGGTTACCCTGCA,0,2303396
mcbAp5,0.25,3,3,TCCCTTCAGGCACTGCGAAA,0,2278664
mcbAp5,0.25,3,3,TCCCTGGGTACTCCACCCGA,0,2314576
mcbAp5,0.25,3,3,TCCCGGAGATCGGGGGGATT,0,2310619
mcbAp5,0.25,3,3,TCCCATCGCTATGAGGGGCA,0,2309133
mcbAp5,0.25,3,3,TCCCACCTCAAAAGGGGATC,0,2263278
mcbAp5,0.25,3,3,TCCATGGCCAGGAGGCGACC,0,2280301
mcbAp5,0.25,3,3,TCCAGTGAGGAGGTTCGTTT,0,2261590
mcbAp5,0.25,3,3,TCCAGTCCTCATGGGACACC,0,2271278
mcbAp5,0.25,3,3,TCCACGATACATCCTCTTGC,0,2282845
mcbAp5,0.25,3,3,TCCAATTATGGCAGCGCACT,0,2276267
mcbAp5,0.25,3,3,TCATTGTAGTGGGTGGCAAG,0,2300446
mcbAp5,0.25,3,3,TCATTGCTTGTACTTTCTAA,0,2266698
mcbAp5,0.25,3,3,TCATTCCTAGGGACTATCAG,0,2301218
mcbAp5,0.25,3,3,TCATTCACGTATAACTAGAT,0,2279652
mcbAp5,0.25,3,3,TCATTCAAGACTGCCTCATT,0,2263056
mcbAp5,0.25,3,3,TCATGTTTGGGAGCAAATTC,0,2309498
mcbAp5,0.25,3,3,TCATGTGTTTGGGCGTTTAG,0,2295740
mcbAp5,0.25,3,3,TCATCCCCACGCTTTTATAC,0,2289107
mcbAp5,0.25,3,3,TCATAGCTGGCGGGCGTCAC,0,2281000
mcbAp5,0.25,3,3,TCATACAAACCCACACATTC,0,2309109
mcbAp5,0.25,3,3,TCAGTGTACCACGGGCTTAG,0,2274298
mcbAp5,0.25,3,3,TCAGGCTTTCGCCCGTGCTT,0,2303524
mcbAp5,0.25,3,3,TCAGCGCTAGCGTGATACAG,0,2306510
mcbAp5,0.25,3,3,TCAGCGCTAGCCGCGGTCAG,0,2274305
mcbAp5,0.25,3,3,TCAGCCCACTTCCTGGCATG,0,2284426
mcbAp5,0.25,3,3,TCAGCAAACGTTAATGTCAA,0,2311181
mcbAp5,0.25,3,3,TCAGAGTAGACTGTTGCGAA,0,2266644
mcbAp5,0.25,3,3,TCACTGATTCGTTCGATATT,0,2305715
mcbAp5,0.25,3,3,TCACTCATTAATTTGGAGTC,0,2279417
mcbAp5,0.25,3,3,TCACCTAGGATCACCCTTGC,0,2310437
mcbAp5,0.25,3,3,TCACCTAAAATATCCTGCTA,0,2271476
mcbAp5,0.25,3,3,TCACCCCCAGCCTAGGGATC,0,2276759
mcbAp5,0.25,3,3,TCACCCAGTGGTACCGCAAG,0,2263011
mcbAp5,0.25,3,3,TCACAGCACTACCTCTCGTT,0,2274350
mcbAp5,0.25,3,3,TCACACGGTGGGGCCAGCAG,0,2269026
mcbAp5,0.25,3,3,TCACACCTTTTGGATATGGC,0,2286508
mcbAp5,0.25,3,3,TCACAAACGGAACGCGGCCA,0,2268913
mcbAp5,0.25,3,3,TCAATAGAGTGATAATCTTG,0,2284981
mcbAp5,0.25,3,3,TCAATACATTGAGGGAATGA,0,2279312
mcbAp5,0.25,3,3,TCAAGTGAGCAGAATTTTCG,0,2267567
mcbAp5,0.25,3,3,TCAACTGGCTTAGTGTACAA,0,2315658
mcbAp5,0.25,3,3,TCAACGGGGGTGAGGCTCTG,0,2281650
mcbAp5,0.25,3,3,TCAAAGGTAAAGATAGCTTT,0,2281163
mcbAp5,0.25,3,3,TATTTCGCTCGCTAGTATGT,0,2295344
mcbAp5,0.25,3,3,TATTATCCATCAGCGCCGGA,0,2267527
mcbAp5,0.25,3,3,TATTACTGGCGGGGGATGCG,0,2266158
mcbAp5,0.25,3,3,TATGTTGGTGATAACCTGTC,0,2264312
mcbAp5,0.25,3,3,TATGTGCGGTGAGTCAAGTA,0,2305726
mcbAp5,0.25,3,3,TATGTCAGGCACATAATGTC,0,2303967
mcbAp5,0.25,3,3,TATGGACACCTTTCCCAGAA,0,2307335
mcbAp5,0.25,3,3,TATGATTTGAATAACCCAAG,0,2287993
mcbAp5,0.25,3,3,TATGAGGCGGACGGTAGCGG,0,2271156
mcbAp5,0.25,3,3,TATGACGGAGGGTCGCAGTT,0,2280397
mcbAp5,0.25,3,3,TATCGTGGCCTGTATACTAT,0,2291458
mcbAp5,0.25,3,3,TATCGACACTGGCGCTTCGA,0,2268816
mcbAp5,0.25,3,3,TATCCTTACCATGGACTGGG,0,2270215
mcbAp5,0.25,3,3,TATCCGCTCAGCGTTCGTGA,0,2283473
mcbAp5,0.25,3,3,TATATTTCACGGCCTTCAAA,0,2305301
mcbAp5,0.25,3,3,TATATGTTGTGAAGGCATGG,0,2266114
mcbAp5,0.25,3,3,TATATATTGCATTTGATCAC,0,2286136
mcbAp5,0.25,3,3,TATATAGCATCCCGCATGAT,0,2274219
mcbAp5,0.25,3,3,TATACGGTAGTCCAGCGCTT,0,2304879
mcbAp5,0.25,3,3,TATACATGCGCCAATTAAGC,0,2303473
mcbAp5,0.25,3,3,TAGTCTTTCACGGTTCGACT,0,2297452
mcbAp5,0.25,3,3,TAGGTGTACCAACTGACAGA,0,2297815
mcbAp5,0.25,3,3,TAGGTGATGTCTGGGATATG,0,2300875
mcbAp5,0.25,3,3,TAGGTCTTGCAAATCCCGCG,0,2306258
mcbAp5,0.25,3,3,TAGGGTTACTGTTAACCTAT,0,2276602
mcbAp5,0.25,3,3,TAGGCAGACTTCAGTCTATT,0,2303237
mcbAp5,0.25,3,3,TAGGAGAGGGTATCACTGAG,0,2290503
mcbAp5,0.25,3,3,TAGCTAGTATGACAAGGACC,0,2275294
mcbAp5,0.25,3,3,TAGCGTAGTCGTTCACCAGG,0,2284089
mcbAp5,0.25,3,3,TAGCGGCGGGAGGGGGATCT,0,2283289
mcbAp5,0.25,3,3,TAGCGCGGACACAGCTCCGG,0,2261227
mcbAp5,0.25,3,3,TAGCCTGAGGACGGGCGATC,0,2295214
mcbAp5,0.25,3,3,TAGCCAACTATGTTGCCCAT,0,2298561
mcbAp5,0.25,3,3,TAGAGTCTATAGCACCTACA,0,2290647
mcbAp5,0.25,3,3,TAGAGGTGTTGGGTAACTCG,0,2272753
mcbAp5,0.25,3,3,TACTTTGTCCGTCCATACGA,0,2267072
mcbAp5,0.25,3,3,TACTTTCGTCGATATTCTTG,0,2307328
mcbAp5,0.25,3,3,TACTTGTGGTTTTAGTGAAT,0,2265792
mcbAp5,0.25,3,3,TACTTATAGCTTCCTGAAAT,0,2266203
mcbAp5,0.25,3,3,TACTGCTTCACGAGGACAAA,0,2291842
mcbAp5,0.25,3,3,TACTGAGGCTATTATCAAGC,0,2269327
mcbAp5,0.25,3,3,TACTGAGCCATATAGGAGAT,0,2308567
mcbAp5,0.25,3,3,TACTCCCTCGCCCATCCTCG,0,2265508
mcbAp5,0.25,3,3,TACTCATCCCAACCCAACCT,0,2273753
mcbAp5,0.25,3,3,TACGTTGCGGAGAATGGAAA,0,2277429
mcbAp5,0.25,3,3,TACGTTACAAAGAGACTTCA,0,2274129
mcbAp5,0.25,3,3,TACGGATTTTTGGCTCTATG,0,2289777
mcbAp5,0.25,3,3,TACGGATTAACGATTGTATA,0,2287870
mcbAp5,0.25,3,3,TACGGATCTGTGAACGTAGC,0,2296182
mcbAp5,0.25,3,3,TACGCGCTAACGTTGTTTAC,0,2306914
mcbAp5,0.25,3,3,TACGACTTCGCACTTGATTA,0,2270828
mcbAp5,0.25,3,3,TACGACTGAACCAACCATCC,0,2300367
mcbAp5,0.25,3,3,TACCCGAGCGTATAGTGACC,0,2316282
mcbAp5,0.25,3,3,TACCCATTCTCGATATAAGG,0,2264869
mcbAp5,0.25,3,3,TACCATATGTCCGGCCATGA,0,2274550
mcbAp5,0.25,3,3,TACCAAGCAGCGCGGAGAAA,0,2262168
mcbAp5,0.25,3,3,TACATACAGATAATTAATAC,0,2289274
mcbAp5,0.25,3,3,TACAGGCAGACAGCGGGGTT,0,2313566
mcbAp5,0.25,3,3,TACACGACTAGCGACAGACA,0,2277562
mcbAp5,0.25,3,3,TACAAGCGGTTGCGACAAGA,0,2285344
mcbAp5,0.25,3,3,TACAAGCATGAAAGTTAGAT,0,2281779
mcbAp5,0.25,3,3,TACAAGCAAGCAGGTAGACG,0,2290750
mcbAp5,0.25,3,3,TAATTACACAGTCCGTTTTT,0,2261568
mcbAp5,0.25,3,3,TAATGTCTATACTCTTCAGC,0,2272706
mcbAp5,0.25,3,3,TAATGCCGATCCTTATCTGT,0,2282275
mcbAp5,0.25,3,3,TAATCTTTAACTTCTGCGAA,0,2291451
mcbAp5,0.25,3,3,TAATCGTAATCGAAACGCCC,0,2263923
mcbAp5,0.25,3,3,TAATCCGCAGCGTGTACGGA,0,2279519
mcbAp5,0.25,3,3,TAATAGCATATGTTGCAAGT,0,2273295
mcbAp5,0.25,3,3,TAAGTTACGAGCGTCCCATG,0,2308334
mcbAp5,0.25,3,3,TAAGTGAGAACCGGCACAGC,0,2280134
mcbAp5,0.25,3,3,TAAGTGAACACGTAGGACTA,0,2289559
mcbAp5,0.25,3,3,TAAGGTGTTTTGCGGGGCTC,0,2275307
mcbAp5,0.25,3,3,TAAGCATATGACTACGCTCA,0,2303586
mcbAp5,0.25,3,3,TAAGCAGGTACCATCCCAGT,0,2292511
mcbAp5,0.25,3,3,TAAGCAGATCTGGCCGGAGA,0,2269194
mcbAp5,0.25,3,3,TAAGAAGGAAAATATTTAAA,0,2312265
mcbAp5,0.25,3,3,TAACTTAACTAAGAGGAAGC,0,2301396
mcbAp5,0.25,3,3,TAACTCTTCGCCCGTAGTCG,0,2280604
mcbAp5,0.25,3,3,TAACTCGTGTATCGACGTCC,0,2268119
mcbAp5,0.25,3,3,TAACGGGGCGCCAGGTTTAT,0,2290613
mcbAp5,0.25,3,3,TAACAGGACGTGAAGTGGGT,0,2299941
mcbAp5,0.25,3,3,TAAATGGATCTGCCTTATCG,0,2291423
mcbAp5,0.25,3,3,TAAAGAACGCCGGGGGAGCA,0,2308545
mcbAp5,0.25,3,3,TAAACCTATAAATCGATGGA,0,2284813
mcbAp5,0.25,3,3,GTTTTTAAAGACCTCGTACC,0,2281878
mcbAp5,0.25,3,3,GTTTGGCCATGGTCCTCGGT,0,2306209
mcbAp5,0.25,3,3,GTTTCGCCCAGTCTCTCAAA,0,2296693
mcbAp5,0.25,3,3,GTTTACCGCCGGACTTGCAT,0,2310394
mcbAp5,0.25,3,3,GTTGTTTAGCAAGTTACTTG,0,2293917
mcbAp5,0.25,3,3,GTTGGCTCACACGTGGTGAG,0,2310639
mcbAp5,0.25,3,3,GTTGGATGTACGGGGGTATA,0,2288082
mcbAp5,0.25,3,3,GTTGCCGTCCCTGGATCAAA,0,2295408
mcbAp5,0.25,3,3,GTTGACTCAGTCAATTCCCA,0,2278673
mcbAp5,0.25,3,3,GTTGAAAAATGAAGTGAAGA,0,2271179
mcbAp5,0.25,3,3,GTTCTCATGGCTGGGCGATC,0,2265628
mcbAp5,0.25,3,3,GTTCTAGGTTCTTCCCCGGA,0,2264375
mcbAp5,0.25,3,3,GTTCGTTCAGGTCTGTACCT,0,2295713
mcbAp5,0.25,3,3,GTTCCCGCCATGCGAAGTCT,0,2278394
mcbAp5,0.25,3,3,GTTCCCCCTTCACTAGAGGA,0,2262059
mcbAp5,0.25,3,3,GTTCAGGATCATTACTTGTC,0,2315493
mcbAp5,0.25,3,3,GTTCACGGCCTGAATTTTAC,0,2262162
mcbAp5,0.25,3,3,GTTATTTCTACCCGAAGTTC,0,2264802
mcbAp5,0.25,3,3,GTTAGCAAGAACCCTCTATT,0,2284205
mcbAp5,0.25,3,3,GTTACGGGGCTTGTAGCGTC,0,2277109
mcbAp5,0.25,3,3,GTTACGGGCCGCCGGCGGAC,0,2307960
mcbAp5,0.25,3,3,GTTAAGGGAGAGCTTAACAA,0,2310237
mcbAp5,0.25,3,3,GTGTTCGCCAATCGAATGTG,0,2301733
mcbAp5,0.25,3,3,GTGTTATACGACATTAAGCT,0,2307228
mcbAp5,0.25,3,3,GTGTAGATGGCACTCCACAC,0,2293912
mcbAp5,0.25,3,3,GTGGTTGCTCTGGTCGTGGG,0,2267533
mcbAp5,0.25,3,3,GTGGTGGACCGGTAGAATGA,0,2307381
mcbAp5,0.25,3,3,GTGGGCAAAATCCGGAAGGA,0,2285206
mcbAp5,0.25,3,3,GTGGCGTGGGTACACTGTGC,0,2307782
mcbAp5,0.25,3,3,GTGGCGCGAATTGAGTGGAT,0,2300089
mcbAp5,0.25,3,3,GTGGCCCTATGCAGCTGGCC,0,2307299
mcbAp5,0.25,3,3,GTGGCAATGCGTGGTTTTAC,0,2293342
mcbAp5,0.25,3,3,GTGGAGGACTATACAGCCGA,0,2301596
mcbAp5,0.25,3,3,GTGGAATTGGGTCTGTCCCG,0,2277375
mcbAp5,0.25,3,3,GTGGAATGCCTGAACGCGAC,0,2270777
mcbAp5,0.25,3,3,GTGCTCCAAGCACCTTTGGT,0,2312251
mcbAp5,0.25,3,3,GTGCGTGTAATAGGACAGAG,0,2308645
mcbAp5,0.25,3,3,GTGCGGTGGGGGTTGTCCCT,0,2272968
mcbAp5,0.25,3,3,GTGCCGTTTCCGTTCCTTCC,0,2277833
mcbAp5,0.25,3,3,GTGCCGGGCGTGAAGGGCAA,0,2315117
mcbAp5,0.25,3,3,GTGCAATGCGCAGACCCACA,0,2306296
mcbAp5,0.25,3,3,GTGATGACCTGCTTTATTAA,0,2305791
mcbAp5,0.25,3,3,GTGATACGATAGACCGAGAT,0,2277342
mcbAp5,0.25,3,3,GTGAGGGCTACCCTTACTGG,0,2282855
mcbAp5,0.25,3,3,GTGAGGCGTAGTTTGAGATG,0,2312397
mcbAp5,0.25,3,3,GTGAGCCACGGCGTGGCCGC,0,2310307
mcbAp5,0.25,3,3,GTCTTGCAGGTGACGACACC,0,2303472
mcbAp5,0.25,3,3,GTCTGGATAAGCCTGTTGGA,0,2286985
mcbAp5,0.25,3,3,GTCTCTGTAGCCCAAGTATT,0,2280611
mcbAp5,0.25,3,3,GTCTAGGTTGTGTTGAGTTA,0,2261397
mcbAp5,0.25,3,3,GTCTAGGTGGGGCTATCGTC,0,2312193
mcbAp5,0.25,3,3,GTCTAGGTCGCGGCCCCGGA,0,2272424
mcbAp5,0.25,3,3,GTCTAAGGAAGGTCACTGTA,0,2261899
mcbAp5,0.25,3,3,GTCGGCTGATCCTTTTCTTA,0,2262808
mcbAp5,0.25,3,3,GTCGCTAGCTTGATCCGTAT,0,2297430
mcbAp5,0.25,3,3,GTCGCCCTGATATGAACGCC,0,2264187
mcbAp5,0.25,3,3,GTCGCACAGAGCTCTCATAC,0,2278009
mcbAp5,0.25,3,3,GTCGAGGACAATGAAAAGCC,0,2262551
mcbAp5,0.25,3,3,GTCGAGCTCGCGTACTTTAT,0,2286826
mcbAp5,0.25,3,3,GTCCTTTGCGCCTATTGGGT,0,2304598
mcbAp5,0.25,3,3,GTCCTTACCGGGGAGCATTT,0,2279531
mcbAp5,0.25,3,3,GTCCGTCAAGGCTCATCGGC,0,2308329
mcbAp5,0.25,3,3,GTCCGGGTTCAGTCCGCAGT,0,2300203
mcbAp5,0.25,3,3,GTCCCCATGAAATGCAGATG,0,2282897
mcbAp5,0.25,3,3,GTCCACCATTAACCCCCCGA,0,2280738
mcbAp5,0.25,3,3,GTCATTATGTGCATCGAAAT,0,2288583
mcbAp5,0.25,3,3,GTCATCGCCCACTCCTAGCT,0,2298253
mcbAp5,0.25,3,3,GTCATAACTGAAGTGAATAC,0,2286953
mcbAp5,0.25,3,3,GTCAGTCAGCCCGCAACGCC,0,2275802
mcbAp5,0.25,3,3,GTCAGGTAGAACAGCGGCGG,0,2284994
mcbAp5,0.25,3,3,GTCAGGCGTAATTTCCAGGT,0,2284830
mcbAp5,0.25,3,3,GTCACAACCTAGGTGCGTGC,0,2278269
mcbAp5,0.25,3,3,GTCAATTATTTGCGCCGGCA,0,2290903
mcbAp5,0.25,3,3,GTCAATGCAGCTGGCTCGAT,0,2308647
mcbAp5,0.25,3,3,GTCAAGAAAGTATAGGGCAG,0,2295050
mcbAp5,0.25,3,3,GTATGTGGACACAACCTTTG,0,2297983
mcbAp5,0.25,3,3,GTATGCTCTAGTAAAATTTT,0,2263154
mcbAp5,0.25,3,3,GTATGCATTGTTTATGAACG,0,2289845
mcbAp5,0.25,3,3,GTATGACGCGGAGGAAACCT,0,2272728
mcbAp5,0.25,3,3,GTATGAACCCAAGTGCCGAC,0,2268950
mcbAp5,0.25,3,3,GTATGAAAAAAATAGTGGTA,0,2286595
mcbAp5,0.25,3,3,GTATCGCTCGCACATCGTTT,0,2263007
mcbAp5,0.25,3,3,GTATATGGCTGTTCGGAGCC,0,2271645
mcbAp5,0.25,3,3,GTATATAAGCAAGTCGACTG,0,2313232
mcbAp5,0.25,3,3,GTATACGCTAGACGCGCAGA,0,2299861
mcbAp5,0.25,3,3,GTATACCTACTGAGGCGCTT,0,2278414
mcbAp5,0.25,3,3,GTAGTTATGCTAGTTGAGAC,0,2288109
mcbAp5,0.25,3,3,GTAGTGCGCACAAACTCTGT,0,2293747
mcbAp5,0.25,3,3,GTAGTCTATCCGGCTGTATG,0,2282413
mcbAp5,0.25,3,3,GTAGTAACATCGCCCTCGAC,0,2280074
mcbAp5,0.25,3,3,GTAGGTACCATATGCCCGCG,0,2270312
mcbAp5,0.25,3,3,GTAGGCAGGGGTCCGTATTC,0,2267450
mcbAp5,0.25,3,3,GTAGGAGGGTGAGACCGCTG,0,2276058
mcbAp5,0.25,3,3,GTAGCGTGAGTTTCTGGTTT,0,2264652
mcbAp5,0.25,3,3,GTACTTGACAAACTTAAGCA,0,2316222
mcbAp5,0.25,3,3,GTACGTAGCGGCAATCTTCA,0,2294407
mcbAp5,0.25,3,3,GTACCTTTTGGTAGACCTTT,0,2266994
mcbAp5,0.25,3,3,GTACCTGCTTTGGCGGCATA,0,2277745
mcbAp5,0.25,3,3,GTACCCCGAATGGCGAGTTA,0,2294954
mcbAp5,0.25,3,3,GTACCACAGTAGCTGGAGTC,0,2286121
mcbAp5,0.25,3,3,GTACACGGTTTCTGATACCT,0,2290726
mcbAp5,0.25,3,3,GTACACCACATGTGGGGCTT,0,2314469
mcbAp5,0.25,3,3,GTAAGCTAGACTGAGTCACG,0,2293233
mcbAp5,0.25,3,3,GTAAGAAGGATTGCTATAAT,0,2281012
mcbAp5,0.25,3,3,GTAACGGTTATCTCACGACT,0,2276414
mcbAp5,0.25,3,3,GTAAAACATTCTAGGGGCCT,0,2306907
mcbAp5,0.25,3,3,GGTTTCCCCTGACAAGACTC,0,2314084
mcbAp5,0.25,3,3,GGTTGCCCGGTTACTGTGTC,0,2274979
mcbAp5,0.25,3,3,GGTTGCAGGGCGCAGCTCCT,0,2285795
mcbAp5,0.25,3,3,GGTTGACGGCCTCCAAGTTT,0,2296045
mcbAp5,0.25,3,3,GGTTCGTGGTTAAGACTTCT,0,2280224
mcbAp5,0.25,3,3,GGTTCCCGGCCTAAACCGGG,0,2295236
mcbAp5,0.25,3,3,GGTTCCCCGGATTTGCTCGT,0,2302163
mcbAp5,0.25,3,3,GGTTAAATAATTACCGGTGT,0,2273586
mcbAp5,0.25,3,3,GGTGTTTGATCTTAACACCC,0,2303487
mcbAp5,0.25,3,3,GGTGTTGCAGGCAACAAGTA,0,2314648
mcbAp5,0.25,3,3,GGTGTGAAGTGACACTAAGC,0,2302499
mcbAp5,0.25,3,3,GGTGTAGAAATTCGGATCTA,0,2278999
mcbAp5,0.25,3,3,GGTGGGCTTAACTTATTTGT,0,2272142
mcbAp5,0.25,3,3,GGTGCGTGGTAACCCCTTCG,0,2270687
mcbAp5,0.25,3,3,GGTGCCAGCCTTCGGTAGTT,0,2296580
mcbAp5,0.25,3,3,GGTGATCCATATTGTGCCCG,0,2311529
mcbAp5,0.25,3,3,GGTGACTAGAATGGGTGGCT,0,2281694
mcbAp5,0.25,3,3,GGTGACGTCAAGAGTAAATA,0,2296868
mcbAp5,0.25,3,3,GGTGACGGCAACAACTGAAG,0,2300747
mcbAp5,0.25,3,3,GGTCGTGCCGCCCCGCAAGT,0,2304976
mcbAp5,0.25,3,3,GGTCGCGCCGTGTGATCAGG,0,2315305
mcbAp5,0.25,3,3,GGTCCTATTGGTGTTTCTCT,0,2289013
mcbAp5,0.25,3,3,GGTCCCCGGCGATCGCGGGT,0,2315353
mcbAp5,0.25,3,3,GGTCATGGAATTGTCAACGC,0,2286151
mcbAp5,0.25,3,3,GGTCAGCGAGCTGTCTGGGC,0,2270626
mcbAp5,0.25,3,3,GGTATAGCATACCCGTAAGA,0,2275666
mcbAp5,0.25,3,3,GGTAGCGAGAAGTGTGTGAC,0,2279772
mcbAp5,0.25,3,3,GGTAGCAGTGCCTTTACGGT,0,2264437
mcbAp5,0.25,3,3,GGTAGACAGACCAACATGAA,0,2309531
mcbAp5,0.25,3,3,GGTACTGTATGGTCCCGCTT,0,2299289
mcbAp5,0.25,3,3,GGTACGTATGATTTACGATG,0,2306482
mcbAp5,0.25,3,3,GGTACCAGGGGTGTGGCCGA,0,2262518
mcbAp5,0.25,3,3,GGTAATGTCCGTACGAGTAC,0,2264209
mcbAp5,0.25,3,3,GGTAACGAGCGGTGGCCGCA,0,2314664
mcbAp5,0.25,3,3,GGGTTCTGTGTGCAGCTCTG,0,2272873
mcbAp5,0.25,3,3,GGGTTATCTGGTTACAATGG,0,2275283
mcbAp5,0.25,3,3,GGGTGTCATAACGTTCTGAT,0,2264292
mcbAp5,0.25,3,3,GGGTGGACCATGGTACGTGG,0,2288763
mcbAp5,0.25,3,3,GGGTGGAAGCCCAGTCACTG,0,2288400
mcbAp5,0.25,3,3,GGGTCTCTAATCTAGTATCA,0,2287272
mcbAp5,0.25,3,3,GGGTATGTTACCTCTGCAGT,0,2273262
mcbAp5,0.25,3,3,GGGTACTACTCAAGTAAGTT,0,2287403
mcbAp5,0.25,3,3,GGGGTGGAGACTCAAGACAT,0,2287700
mcbAp5,0.25,3,3,GGGGTAACCATCTTATCCCC,0,2280683
mcbAp5,0.25,3,3,GGGGCTTACCCATCCCCTTT,0,2277209
mcbAp5,0.25,3,3,GGGGCTGGCCGGGCTGAATT,0,2270299
mcbAp5,0.25,3,3,GGGGCTCTTGCGTCGGCCAG,0,2275214
mcbAp5,0.25,3,3,GGGGCGTGACTTCGCGTATC,0,2280023
mcbAp5,0.25,3,3,GGGGCCGAGCTTACTAGCAA,0,2307199
mcbAp5,0.25,3,3,GGGGACGTGAGTGACGTCCA,0,2262670
mcbAp5,0.25,3,3,GGGGACAGAGGGATATATCC,0,2281640
mcbAp5,0.25,3,3,GGGGAAGTATAAGTTGCGTA,0,2273476
mcbAp5,0.25,3,3,GGGCGGGAGGTTGCCCGGTT,0,2266712
mcbAp5,0.25,3,3,GGGCGGAGAACGGAGTTTCA,0,2294650
mcbAp5,0.25,3,3,GGGCGGACAGCGATACGGGA,0,2294872
mcbAp5,0.25,3,3,GGGCGATTCGGAGGTCACAA,0,2285939
mcbAp5,0.25,3,3,GGGCGAATGATGTTTTATCG,0,2280607
mcbAp5,0.25,3,3,GGGCCTCTTCGTAGTAACGA,0,2284907
mcbAp5,0.25,3,3,GGGCCTCCATTATGATCGGT,0,2296656
mcbAp5,0.25,3,3,GGGCAGACAATCTCCCAGGA,0,2274571
mcbAp5,0.25,3,3,GGGATTTCTCTTGGATTCCA,0,2273859
mcbAp5,0.25,3,3,GGGATTCCCGGACCTTGAGC,0,2263884
mcbAp5,0.25,3,3,GGGAGGGTACATTACGGAAC,0,2277258
mcbAp5,0.25,3,3,GGGAGATCGGGAAGTATACG,0,2309750
mcbAp5,0.25,3,3,GGGAGAAATGGTTACTAACA,0,2293234
mcbAp5,0.25,3,3,GGGACCACTCTAATCACTCA,0,2269305
mcbAp5,0.25,3,3,GGGAATCGATGATCCCTCCA,0,2276626
mcbAp5,0.25,3,3,GGGAAGTGTCCTATTGACCA,0,2299272
mcbAp5,0.25,3,3,GGCTTCCCTAGTTGTCTTGA,0,2276422
mcbAp5,0.25,3,3,GGCTGTGATAGCTTTCAACT,0,2316127
mcbAp5,0.25,3,3,GGCTGCTTCAAGTAGTCTTA,0,2272963
mcbAp5,0.25,3,3,GGCTGCGTGTCCCTTAAATT,0,2282687
mcbAp5,0.25,3,3,GGCTAGGGGTCATCCACCAC,0,2299371
mcbAp5,0.25,3,3,GGCTACTCACATATATCATC,0,2269019
mcbAp5,0.25,3,3,GGCTACGGCTGCCGGAAAGC,0,2312646
mcbAp5,0.25,3,3,GGCTAAACCGGTTCAGGTTC,0,2267937
mcbAp5,0.25,3,3,GGCGTACGGGCGAATATTAG,0,2274234
mcbAp5,0.25,3,3,GGCGGGGCAGGAAATAACAG,0,2276224
mcbAp5,0.25,3,3,GGCGGACCTACAGTAGAGAC,0,2273832
mcbAp5,0.25,3,3,GGCGCCTACTGTTAATTCAT,0,2268998
mcbAp5,0.25,3,3,GGCGCCGCCTCTTAGGCCTT,0,2286416
mcbAp5,0.25,3,3,GGCGCAGCATTAAACATCGA,0,2295113
mcbAp5,0.25,3,3,GGCGCAATCCGTTTAGGTAT,0,2296746
mcbAp5,0.25,3,3,GGCGATGTTAGTTCGCCGGT,0,2310516
mcbAp5,0.25,3,3,GGCGACGAGATTCGCGCGGG,0,2261672
mcbAp5,0.25,3,3,GGCGAAGGCTCCCTCAGCTA,0,2277560
mcbAp5,0.25,3,3,GGCCTTTCAGGCTCGCCGGG,0,2275621
mcbAp5,0.25,3,3,GGCCTTGTACCTTGCGGTGT,0,2262129
mcbAp5,0.25,3,3,GGCCTAAACTTGCCTGTATC,0,2276670
mcbAp5,0.25,3,3,GGCCCTAGGAGTGAGTGTGG,0,2293108
mcbAp5,0.25,3,3,GGCCCGTAACTTGCGTCTAG,0,2314297
mcbAp5,0.25,3,3,GGCCCGGGTGTCTGCACAGA,0,2309402
mcbAp5,0.25,3,3,GGCCCCATACTCAGGACGGC,0,2285848
mcbAp5,0.25,3,3,GGCCCATGAGCCTCCCGTAA,0,2307396
mcbAp5,0.25,3,3,GGCCAGATGCGCGGGTCAAT,0,2280927
mcbAp5,0.25,3,3,GGCATTTGTCGTTGTTCGTC,0,2315495
mcbAp5,0.25,3,3,GGCATTTCGTTCGGGAATGT,0,2315189
mcbAp5,0.25,3,3,GGCATTACCCTCCGACCTAG,0,2283663
mcbAp5,0.25,3,3,GGCATCATCTTGCGAATAGC,0,2288634
mcbAp5,0.25,3,3,GGCAGGCCAGGGCTGGCTGT,0,2274297
mcbAp5,0.25,3,3,GGCAGCTCTGTTTATGTGCC,0,2265844
mcbAp5,0.25,3,3,GGCAGACCGCTACCTTGCCG,0,2275436
mcbAp5,0.25,3,3,GGCACAACTTCGCTGTTCTA,0,2261238
mcbAp5,0.25,3,3,GGCAAGTAATTTGACCCCAG,0,2305111
mcbAp5,0.25,3,3,GGCAACTTTGTTTCGGGCAG,0,2289834
mcbAp5,0.25,3,3,GGCAAAAGGTCATCCCTGTA,0,2305679
mcbAp5,0.25,3,3,GGATGTCACATTGACGCCAT,0,2285387
mcbAp5,0.25,3,3,GGATGGTATGGTTTTCGTGT,0,2287202
mcbAp5,0.25,3,3,GGATGAGCAAAGCCCCTACA,0,2266874
mcbAp5,0.25,3,3,GGATCGCTAGCAACGCACAT,0,2269986
mcbAp5,0.25,3,3,GGATCCCGTTTTATTTATGC,0,2267723
mcbAp5,0.25,3,3,GGATAGAATTGGCATTGGTC,0,2312630
mcbAp5,0.25,3,3,GGATAATGTCGATACGAATA,0,2278682
mcbAp5,0.25,3,3,GGATAATCTGGTGCGGTTGA,0,2268030
mcbAp5,0.25,3,3,GGAGTTCCCACAGTTGGCTC,0,2301990
mcbAp5,0.25,3,3,GGAGTCCCCAGCCAGTGAAG,0,2286466
mcbAp5,0.25,3,3,GGACGGTTGAAGCTCGAACC,0,2296110
mcbAp5,0.25,3,3,GGAAGTTTACGGGAATCTCG,0,2315783
mcbAp5,0.25,3,3,GGAAGATGACGCACTCTGCA,0,2261816
mcbAp5,0.25,3,3,GGAACAAATAGGCATGCATT,0,2264465
mcbAp5,0.25,3,3,GCTTTAAGAATAACTACTCT,0,2288762
mcbAp5,0.25,3,3,GCTTCCTGGTATTTTAACGA,0,2265155
mcbAp5,0.25,3,3,GCTGTGGCGGGAACTTGGGT,0,2298124
mcbAp5,0.25,3,3,GCTGGCCCGGCTTTCCAGTG,0,2304271
mcbAp5,0.25,3,3,GCTGCATTGCATGTTCGGAT,0,2289563
mcbAp5,0.25,3,3,GCTCTGGATTGCCCCCAATA,0,2309679
mcbAp5,0.25,3,3,GCTCTAGACGGTTTCGGATT,0,2274822
mcbAp5,0.25,3,3,GCTCGTAGGTCACCTATCGA,0,2298618
mcbAp5,0.25,3,3,GCTCGCGCTTTGGCATGTCT,0,2281853
mcbAp5,0.25,3,3,GCTCAGTATTTGGATGAGGA,0,2286086
mcbAp5,0.25,3,3,GCTCAGATGCATCGACTCCA,0,2314111
mcbAp5,0.25,3,3,GCTCACTATATTGTCTTTAC,0,2285616
mcbAp5,0.25,3,3,GCTCAAGGCCAAACAGCTTG,0,2265045
mcbAp5,0.25,3,3,GCTATCAAATCAGGCCGTAG,0,2264048
mcbAp5,0.25,3,3,GCTATAATGGACGAAGTGAT,0,2293659
mcbAp5,0.25,3,3,GCTAGTGTTACGGACTGACA,0,2266301
mcbAp5,0.25,3,3,GCTAGCTTTCTCGTTATCAT,0,2286476
mcbAp5,0.25,3,3,GCTACATAGTCTAGTCCCGT,0,2302412
mcbAp5,0.25,3,3,GCTAAGAAGTGATGCATCGA,0,2298094
mcbAp5,0.25,3,3,GCGTGTACATTGACACACAT,0,2263721
mcbAp5,0.25,3,3,GCGTGGCACACCGCTGGGCA,0,2272226
mcbAp5,0.25,3,3,GCGTGAGCTGTGGTATCTGC,0,2295373
mcbAp5,0.25,3,3,GCGTGACTTCATTGATGTTT,0,2267497
mcbAp5,0.25,3,3,GCGTCTTAATTACCTATGTC,0,2295729
mcbAp5,0.25,3,3,GCGTCGAATCAGGGGGTGCG,0,2315005
mcbAp5,0.25,3,3,GCGTCCTTACCCTCGATGTT,0,2309756
mcbAp5,0.25,3,3,GCGTACCCGCATCAGGTCTA,0,2285487
mcbAp5,0.25,3,3,GCGTAAGGCCATTGAGTTAA,0,2305217
mcbAp5,0.25,3,3,GCGGTCACCACTCTGCAGTT,0,2303490
mcbAp5,0.25,3,3,GCGGGCCATATGGAGAGACT,0,2285922
mcbAp5,0.25,3,3,GCGGGCAAGAACAGTCGGAC,0,2296144
mcbAp5,0.25,3,3,GCGGCTGTTTAGTGCGTAAT,0,2297070
mcbAp5,0.25,3,3,GCGGCAGGATGTCTGCAAGC,0,2312189
mcbAp5,0.25,3,3,GCGGAGAAGCACGTCTAGTT,0,2313539
mcbAp5,0.25,3,3,GCGGACTTTGGCCATCGGTG,0,2278746
mcbAp5,0.25,3,3,GCGCTTGGGGTTATAGGACC,0,2307318
mcbAp5,0.25,3,3,GCGCTCTAAGCGTGTGGTGA,0,2288500
mcbAp5,0.25,3,3,GCGCTATCGCCCTTCATTAG,0,2297036
mcbAp5,0.25,3,3,GCGCGGTACCCCTAGGTTCA,0,2271581
mcbAp5,0.25,3,3,GCGCGGAAGAAGTACTTCGT,0,2305420
mcbAp5,0.25,3,3,GCGCGAAATCTCTGTTACTA,0,2278546
mcbAp5,0.25,3,3,GCGCCTGCACGATAATACAT,0,2284289
mcbAp5,0.25,3,3,GCGCAGGCAACAGCCGGCGC,0,2294496
mcbAp5,0.25,3,3,GCGAGGTCACTAGGTATAAC,0,2299253
mcbAp5,0.25,3,3,GCGAGGGGCTGCTCTGCGTA,0,2265599
mcbAp5,0.25,3,3,GCGACGATGGGCTCAGAGTC,0,2265381
mcbAp5,0.25,3,3,GCGACGAGGGCTGTCTTGTA,0,2293778
mcbAp5,0.25,3,3,GCGAATCAACCAACAATGGT,0,2270564
mcbAp5,0.25,3,3,GCGAATATCCCAGTTGAGTA,0,2302921
mcbAp5,0.25,3,3,GCCTTTGTCGCGGTAACTTC,0,2299082
mcbAp5,0.25,3,3,GCCTTATTGTCGCGATATAG,0,2294871
mcbAp5,0.25,3,3,GCCTGGCCTCAACTACCGTT,0,2303799
mcbAp5,0.25,3,3,GCCTCTGGTTAACGTAGTTT,0,2273743
mcbAp5,0.25,3,3,GCCTCACGTAAGTCAGCGCT,0,2270599
mcbAp5,0.25,3,3,GCCTATTACATGTGAAGCGA,0,2311130
mcbAp5,0.25,3,3,GCCTATGGTCCATCCTGGGC,0,2286592
mcbAp5,0.25,3,3,GCCTAGAAGAACGGACGTTG,0,2261909
mcbAp5,0.25,3,3,GCCTACCAAGATTAGTGAAT,0,2311954
mcbAp5,0.25,3,3,GCCTAACCCAGGTAGGTAAA,0,2272361
mcbAp5,0.25,3,3,GCCGTTCTTTGAGTTGGAAT,0,2263959
mcbAp5,0.25,3,3,GCCGTCGCGCCAGTATCCAA,0,2313619
mcbAp5,0.25,3,3,GCCGTATTAACCTGCAAGCC,0,2269476
mcbAp5,0.25,3,3,GCCGGTGTTATATCATTGGT,0,2297313
mcbAp5,0.25,3,3,GCCGGTCTAATAACGAGCTA,0,2309990
mcbAp5,0.25,3,3,GCCGGTCCAGTACAGCCAGC,0,2292375
mcbAp5,0.25,3,3,GCCGCCAAAAGCCGTAACAG,0,2303838
mcbAp5,0.25,3,3,GCCGATCATGGTTTAATTGT,0,2308693
mcbAp5,0.25,3,3,GCCCGTATTCACCCTATATA,0,2302535
mcbAp5,0.25,3,3,GCCCGCAATAACTCCACCAG,0,2290477
mcbAp5,0.25,3,3,GCCCGAGGTAAGTAACAGCA,0,2309654
mcbAp5,0.25,3,3,GCCCGAGCGTACGACTTGTC,0,2309541
mcbAp5,0.25,3,3,GCCCGACCGCGGGCAATGGT,0,2312256
mcbAp5,0.25,3,3,GCCCGACCATGCTAGGGTAA,0,2261204
mcbAp5,0.25,3,3,GCCCCCAGCGGATCCCTGAC,0,2277432
mcbAp5,0.25,3,3,GCCCATGCTTGGCGGTAAAA,0,2285972
mcbAp5,0.25,3,3,GCCCAGTAGCTGGAACGACC,0,2309515
mcbAp5,0.25,3,3,GCCATTTCGGAGATTTCCAC,0,2275873
mcbAp5,0.25,3,3,GCCATTGCAAGACTACAAGG,0,2303782
mcbAp5,0.25,3,3,GCCATGGGTCTGGGTATAGT,0,2265440
mcbAp5,0.25,3,3,GCCATCGCGCGCGGGATGTT,0,2262264
mcbAp5,0.25,3,3,GCCAGTATAGGTTGGTGAAT,0,2274168
mcbAp5,0.25,3,3,GCCAGGCAGTGTGTCCCTCT,0,2271117
mcbAp5,0.25,3,3,GCCACTAGGAAGGGACAGTC,0,2313054
mcbAp5,0.25,3,3,GCCACCCATCCCTAACCTTG,0,2278661
mcbAp5,0.25,3,3,GCCAACGTGCGATTGTGGAC,0,2273421
mcbAp5,0.25,3,3,GCCAACCCGACCGGAAGAAC,0,2284209
mcbAp5,0.25,3,3,GCCAACACTCCTCAACTGGT,0,2261205
mcbAp5,0.25,3,3,GCCAAAGTGATCCACGCTCT,0,2292458
mcbAp5,0.25,3,3,GCATTTGCTTTTGCAGTCCG,0,2276182
mcbAp5,0.25,3,3,GCATTTGAATATGCAGGGAA,0,2268117
mcbAp5,0.25,3,3,GCATGACATGGCCCCGCTCC,0,2309604
mcbAp5,0.25,3,3,GCATGAAATAGTCTCAGCTG,0,2308596
mcbAp5,0.25,3,3,GCATATGTCTGTTATGGATT,0,2304642
mcbAp5,0.25,3,3,GCAGTTGTCATTGTACCTCG,0,2273453
mcbAp5,0.25,3,3,GCAGGGGGGAGGGAAGAAGA,0,2292715
mcbAp5,0.25,3,3,GCAGGCTCGCAAGGGACAGA,0,2271299
mcbAp5,0.25,3,3,GCAGCTGAATAACCTTCGTT,0,2295282
mcbAp5,0.25,3,3,GCAGATTACGTCCGGCACCT,0,2266245
mcbAp5,0.25,3,3,GCAGATCGTGAAGGGCATCA,0,2285014
mcbAp5,0.25,3,3,GCAGAGCCCGTCGCAAATAA,0,2261141
mcbAp5,0.25,3,3,GCAGAACGCTTAGCTCAGTG,0,2264283
mcbAp5,0.25,3,3,GCACTCTGGCTCGGACCATA,0,2292992
mcbAp5,0.25,3,3,GCACCCCCCCTAGCACATCT,0,2276647
mcbAp5,0.25,3,3,GCACATTCCCATGTCTAGAG,0,2296363
mcbAp5,0.25,3,3,GCAATGTCTTTGGGATACTG,0,2302813
mcbAp5,0.25,3,3,GCAATCTCCGGTAGAATAAG,0,2281962
mcbAp5,0.25,3,3,GCAAGTTATTTCCATAATAG,0,2300807
mcbAp5,0.25,3,3,GCAACCTCTACAGTTCGGGG,0,2299906
mcbAp5,0.25,3,3,GCAAAGTTCGTATAGTTTAG,0,2270114
mcbAp5,0.25,3,3,GATTTATTTTACGAGGGCGT,0,2298807
mcbAp5,0.25,3,3,GATTTAGCGGACTGAGGGAA,0,2266297
mcbAp5,0.25,3,3,GATTGGGGTTCAATCGCATT,0,2286631
mcbAp5,0.25,3,3,GATTGCAGGTTTTCTTGAGT,0,2314479
mcbAp5,0.25,3,3,GATTAATATTGGAACGGATC,0,2291561
mcbAp5,0.25,3,3,GATGTATACGCAGTGTCATA,0,2275697
mcbAp5,0.25,3,3,GATGCAGACTGCTCTGACCA,0,2299027
mcbAp5,0.25,3,3,GATCCTGCAGCACTGCTTCT,0,2303906
mcbAp5,0.25,3,3,GATCCGCACGTTTTGACACG,0,2266465
mcbAp5,0.25,3,3,GATCCCCAGAATTAGGCGTC,0,2263323
mcbAp5,0.25,3,3,GATCATTCCCCGGGCATTCA,0,2297943
mcbAp5,0.25,3,3,GATCATAGGATAGCACGGAC,0,2272408
mcbAp5,0.25,3,3,GATCAGTTTACGCAACGGGA,0,2306913
mcbAp5,0.25,3,3,GATCACTTGAACGTTAGCCG,0,2298543
mcbAp5,0.25,3,3,GATCAAACACCGTAGCGATA,0,2301275
mcbAp5,0.25,3,3,GATATGAATACTTCAACGAA,0,2304996
mcbAp5,0.25,3,3,GATAGTTTGTGCCGAGCATC,0,2269566
mcbAp5,0.25,3,3,GATAGAAGTCATTCCGCATC,0,2294601
mcbAp5,0.25,3,3,GATACCTTAGTATCGAAAGT,0,2298079
mcbAp5,0.25,3,3,GATAATCTCCCCGACTAACC,0,2266302
mcbAp5,0.25,3,3,GAGTTCATGACTTGTTCACA,0,2283851
mcbAp5,0.25,3,3,GAGTGTAGCGGTGTCATGAA,0,2264792
mcbAp5,0.25,3,3,GAGTCGGATGTTGGGGAGTC,0,2290597
mcbAp5,0.25,3,3,GAGTCATTGAAAGCACTGAA,0,2267364
mcbAp5,0.25,3,3,GAGTATGTGCGCAGAGAACG,0,2302126
mcbAp5,0.25,3,3,GAGTAGTATATACTAGCGCA,0,2281179
mcbAp5,0.25,3,3,GAGGTACTTGGCCGCTCCGT,0,2263112
mcbAp5,0.25,3,3,GAGGGACACTTTCGTCACCT,0,2282917
mcbAp5,0.25,3,3,GAGGGACAATAATACGGGGT,0,2310829
mcbAp5,0.25,3,3,GAGGGAAGCGTCCACATTAT,0,2312955
mcbAp5,0.25,3,3,GAGGCTAGGTTCGCGCGAGT,0,2310722
mcbAp5,0.25,3,3,GAGGACGGCCCGGCTAAGGT,0,2297837
mcbAp5,0.25,3,3,GAGGAACGAGGAATTAGTCC,0,2274669
mcbAp5,0.25,3,3,GAGCTGTTGTCACGGTCCAC,0,2302717
mcbAp5,0.25,3,3,GAGCTGTGAATTAGGCAGTT,0,2311810
mcbAp5,0.25,3,3,GAGCCCATCAACCCACCTCG,0,2310580
mcbAp5,0.25,3,3,GAGCCAGAGGATTGCACCAT,0,2287415
mcbAp5,0.25,3,3,GAGATTCGAAACGGTTTATT,0,2261739
mcbAp5,0.25,3,3,GAGAGCGCGGATCAATAGTC,0,2289422
mcbAp5,0.25,3,3,GAGAGCAGTGAGAACAACTA,0,2294341
mcbAp5,0.25,3,3,GAGAGATCATCCAGGGCGGT,0,2296881
mcbAp5,0.25,3,3,GACTTTACCTGCATGGCATC,0,2270156
mcbAp5,0.25,3,3,GACTCTAAGTGGTGGAGATT,0,2262064
mcbAp5,0.25,3,3,GACTCAATTTCTGTACTTGT,0,2274206
mcbAp5,0.25,3,3,GACTAGGGGGCGTTATCCTT,0,2315473
mcbAp5,0.25,3,3,GACTAACCTTCGGATATCCT,0,2300063
mcbAp5,0.25,3,3,GACGCCTTCTTGACAAGGAA,0,2282744
mcbAp5,0.25,3,3,GACGCCACTCATTGGCGATT,0,2313219
mcbAp5,0.25,3,3,GACGATAATGGGTCTTCCGT,0,2268202
mcbAp5,0.25,3,3,GACGACCTTCCAGCTAGTAT,0,2308266
mcbAp5,0.25,3,3,GACGACAGCGCCACGCTGGA,0,2277368
mcbAp5,0.25,3,3,GACCGGACGTACCTCCGTTA,0,2316334
mcbAp5,0.25,3,3,GACCCGCAGACTTGTCGTTT,0,2296889
mcbAp5,0.25,3,3,GACATGCCACATGTCATTTG,0,2263000
mcbAp5,0.25,3,3,GACAGCGTAGCCTCTCATAC,0,2310585
mcbAp5,0.25,3,3,GACAGCAGTGAGATTTTATA,0,2316308
mcbAp5,0.25,3,3,GACAGAAGATTTTCTACTGT,0,2292209
mcbAp5,0.25,3,3,GACACTCCCTGAGGTTATGG,0,2289272
mcbAp5,0.25,3,3,GACACCACCACGAGGGACTC,0,2268617
mcbAp5,0.25,3,3,GACACACGAACACAAAATCA,0,2304352
mcbAp5,0.25,3,3,GACAAGGCCGGAAACGTCCA,0,2287412
mcbAp5,0.25,3,3,GACAAGAAAGGCTACCTAAC,0,2307841
mcbAp5,0.25,3,3,GACAAATGGAAGTCCTGACA,0,2270015
mcbAp5,0.25,3,3,GAATTGGGATGAGCGTTTCC,0,2272724
mcbAp5,0.25,3,3,GAATGCTGTCCGCAATATGG,0,2311479
mcbAp5,0.25,3,3,GAATGCGGCCCCTACCCGAA,0,2305693
mcbAp5,0.25,3,3,GAATGACATGTCGTCTGGCA,0,2266283
mcbAp5,0.25,3,3,GAATATTTACTATGTCGCCT,0,2277680
mcbAp5,0.25,3,3,GAATAGAACTGTAAGCTTGG,0,2289592
mcbAp5,0.25,3,3,GAAGGGTGAGAGATAATTGT,0,2273382
mcbAp5,0.25,3,3,GAAGGGTATCTAGCATCCGG,0,2273210
mcbAp5,0.25,3,3,GAAGGAGCCGTGCGAGACTA,0,2305590
mcbAp5,0.25,3,3,GAAGCGTGCGTTGCGAACTT,0,2309078
mcbAp5,0.25,3,3,GAAGCGCAATGAATAACATG,0,2269563
mcbAp5,0.25,3,3,GAAGCAATTGCTTAGGCCGG,0,2278579
mcbAp5,0.25,3,3,GAAGAGGTTAGCTTCTATGT,0,2276655
mcbAp5,0.25,3,3,GAACTTAATTCTTCGGCTTG,0,2264145
mcbAp5,0.25,3,3,GAACCGACTGCCTAGTTTAT,0,2290238
mcbAp5,0.25,3,3,GAACCGACCCACCTCCCGGT,0,2310348
mcbAp5,0.25,3,3,GAACACAGTCTGAGTGTTAA,0,2271023
mcbAp5,0.25,3,3,GAAATTATGTAGAAATTGAC,0,2261393
mcbAp5,0.25,3,3,GAAATGATCAGGGTCAGTTA,0,2270531
mcbAp5,0.25,3,3,GAAATGAATGTCCTCCGATT,0,2291134
mcbAp5,0.25,3,3,GAAAGGTGGAATAATGCCCA,0,2294385
mcbAp5,0.25,3,3,GAAACGTGGCACCGCACGGC,0,2296143
mcbAp5,0.25,3,3,GAAAATTGTGTGATTTTCAC,0,2285425
mcbAp5,0.25,3,3,GAAAATGATATCATCTTTGC,0,2292719
mcbAp5,0.25,3,3,GAAAAGTGGCCTCCCCCGGA,0,2279664
mcbAp5,0.25,3,3,GAAAAGGAGCCTTACCCGGA,0,2264387
mcbAp5,0.25,3,3,CTTTTCTTGTCGCCACGAGA,0,2272172
mcbAp5,0.25,3,3,CTTTTCCTCCAGCCGAAAAG,0,2291390
mcbAp5,0.25,3,3,CTTTTATCGATATCAGGAGT,0,2269090
mcbAp5,0.25,3,3,CTTTTACCGTAGGGAATAAG,0,2310672
mcbAp5,0.25,3,3,CTTTGATAGCCCTAAAGCTA,0,2266545
mcbAp5,0.25,3,3,CTTTCTACGAACGAAGTGAA,0,2307305
mcbAp5,0.25,3,3,CTTTCGGCGCGGGGTCTGAT,0,2269266
mcbAp5,0.25,3,3,CTTTCAAAGGATTATGTTGG,0,2311543
mcbAp5,0.25,3,3,CTTTAATATGGTGTCGAGGC,0,2307287
mcbAp5,0.25,3,3,CTTGTCAGTGTCACCGATCC,0,2296181
mcbAp5,0.25,3,3,CTTGGCGAGGCTTTTGGAAA,0,2269691
mcbAp5,0.25,3,3,CTTGCTTGTTTACAATACAA,0,2306926
mcbAp5,0.25,3,3,CTTGATGGAAATTACGAACA,0,2306870
mcbAp5,0.25,3,3,CTTGAGGAGCGCCCCTGTGA,0,2312637
mcbAp5,0.25,3,3,CTTGAAGGAGGTGTTAGAGT,0,2273740
mcbAp5,0.25,3,3,CTTGAACTCTAAGGGTGTTT,0,2262584
mcbAp5,0.25,3,3,CTTCTCGATACACCTGGCGA,0,2298829
mcbAp5,0.25,3,3,CTTCTAGGTGAGTCTGCCCT,0,2289038
mcbAp5,0.25,3,3,CTTCGTAGGTCGAGGGCATG,0,2285309
mcbAp5,0.25,3,3,CTTCCCTCGGGGCCAAGGCT,0,2263188
mcbAp5,0.25,3,3,CTTCCCAGGAAACTGAGTCC,0,2280140
mcbAp5,0.25,3,3,CTTCACCGGTAGGGTACTTT,0,2265355
mcbAp5,0.25,3,3,CTTCAACCAACCCGGGCTGT,0,2291858
mcbAp5,0.25,3,3,CTTATTAAATGAGAGGCTCG,0,2302911
mcbAp5,0.25,3,3,CTTACGCCGTGTCTTATAAC,0,2261641
mcbAp5,0.25,3,3,CTTACGATCGTAAGACAGTT,0,2304592
mcbAp5,0.25,3,3,CTTACAATACAAACCATTCG,0,2276574
mcbAp5,0.25,3,3,CTTAAGACGCGTGAGATCGT,0,2271320
mcbAp5,0.25,3,3,CTTAAAGTACCTCATAGACT,0,2291425
mcbAp5,0.25,3,3,CTTAAACGGTGATCATCAAG,0,2314379
mcbAp5,0.25,3,3,CTGTTTGGATATTTAGTGCT,0,2267471
mcbAp5,0.25,3,3,CTGTTTACGAACCATCCCGT,0,2273987
mcbAp5,0.25,3,3,CTGTGTGCGGTTTGGCTGGC,0,2283834
mcbAp5,0.25,3,3,CTGTGGCATCCACGGAAGCC,0,2299374
mcbAp5,0.25,3,3,CTGTGACGGATCATTCAGCT,0,2285194
mcbAp5,0.25,3,3,CTGTCTAACTCTTGCACGCC,0,2293232
mcbAp5,0.25,3,3,CTGTCGTGGGGACATCTGTG,0,2287625
mcbAp5,0.25,3,3,CTGTCACAGGCTTCAACATT,0,2310297
mcbAp5,0.25,3,3,CTGTACAGAGGTGTGTCTTC,0,2292685
mcbAp5,0.25,3,3,CTGTAAGCAGTCTCAACACA,0,2298077
mcbAp5,0.25,3,3,CTGGTTGACGGGCACGTCGA,0,2296353
mcbAp5,0.25,3,3,CTGGTACTAAGCCTACGGAG,0,2287222
mcbAp5,0.25,3,3,CTGGGCGATACAAGTATAAG,0,2278428
mcbAp5,0.25,3,3,CTGGGAGCTAGTTATCCGCA,0,2284090
mcbAp5,0.25,3,3,CTGGATAGATACGAACCCGT,0,2313400
mcbAp5,0.25,3,3,CTGGAGGTGCTGAGGCTGAG,0,2307699
mcbAp5,0.25,3,3,CTGGAAGAACATTGGCTGGT,0,2281389
mcbAp5,0.25,3,3,CTGGAACGGCCCAAGTTAGA,0,2285108
mcbAp5,0.25,3,3,CTGGAAATCTTACCCTGAAT,0,2281103
mcbAp5,0.25,3,3,CTGCTTCGCGGCGAGACCTA,0,2288774
mcbAp5,0.25,3,3,CTGCTGCGCCCGACGGGACC,0,2261422
mcbAp5,0.25,3,3,CTGCTCACTTTACCTAAAGA,0,2271202
mcbAp5,0.25,3,3,CTGCGCTTGGGCACAGTGAA,0,2277877
mcbAp5,0.25,3,3,CTGCGCGATGGTTATCGTGT,0,2306973
mcbAp5,0.25,3,3,CTGCCTGTTCCGACGTGGCC,0,2314835
mcbAp5,0.25,3,3,CTGCCCTATAACGAAGGCCC,0,2285587
mcbAp5,0.25,3,3,CTGCACGATGATTATTCCGG,0,2297876
mcbAp5,0.25,3,3,CTGATGGCAAGAGTGATTGA,0,2280430
mcbAp5,0.25,3,3,CTGATCTACCGGACGGGCTG,0,2310541
mcbAp5,0.25,3,3,CTGATCCCACGACTTCAGAA,0,2263872
mcbAp5,0.25,3,3,CTGAGGGCCAGTAGAGGGAA,0,2305675
mcbAp5,0.25,3,3,CTGACTGTTCTCGAAATTCA,0,2293721
mcbAp5,0.25,3,3,CTGACTGTCATTCCACAGTA,0,2281162
mcbAp5,0.25,3,3,CTGACCCGCACATATGTGGT,0,2312867
mcbAp5,0.25,3,3,CTGACCAGGGATTAGCCGCT,0,2269791
mcbAp5,0.25,3,3,CTGAAGTATATGGAAAGCCA,0,2297343
mcbAp5,0.25,3,3,CTCTTTTCCGAGTCTGAATG,0,2313963
mcbAp5,0.25,3,3,CTCTTCCCGTAGGTTAATCA,0,2316280
mcbAp5,0.25,3,3,CTCTGCCCAGCGGGGAAGTG,0,2271992
mcbAp5,0.25,3,3,CTCTCGCATAGGGCTTAGTA,0,2289263
mcbAp5,0.25,3,3,CTCTCGAATCTAAAAAGAGT,0,2295828
mcbAp5,0.25,3,3,CTCTCCCCGTTGACGTAGCG,0,2288064
mcbAp5,0.25,3,3,CTCTATGATGCTCATATGAG,0,2292776
mcbAp5,0.25,3,3,CTCGTCTAAGCCGCAATCAT,0,2307576
mcbAp5,0.25,3,3,CTCGTAGGAGTTTAAATTGC,0,2278383
mcbAp5,0.25,3,3,CTCGGGGGTGCTCGCCCAAC,0,2306999
mcbAp5,0.25,3,3,CTCGCGAGCAAATTGCGATC,0,2285572
mcbAp5,0.25,3,3,CTCGCAAATGAACAGTACGG,0,2307746
mcbAp5,0.25,3,3,CTCGACGATAGTCATTTTTC,0,2264723
mcbAp5,0.25,3,3,CTCCTAGAAACGTGTTCTCC,0,2299237
mcbAp5,0.25,3,3,CTCCGTGGTATCGTAGAATC,0,2301326
mcbAp5,0.25,3,3,CTCCCCAAGATGCCCGAATT,0,2282526
mcbAp5,0.25,3,3,CTCCATAGGAGCGCCGTCGC,0,2278753
mcbAp5,0.25,3,3,CTCCAGGGGGTGGTATGGTA,0,2264054
mcbAp5,0.25,3,3,CTCCAGAGGTCTGATTGTCC,0,2305871
mcbAp5,0.25,3,3,CTCATTGCCAGTTGTAAACC,0,2292496
mcbAp5,0.25,3,3,CTCATGATGCGCATCAAGGT,0,2268633
mcbAp5,0.25,3,3,CTCATCAAGCAACTCAGTAG,0,2315861
mcbAp5,0.25,3,3,CTCAGTGGTGCACTCCCGCA,0,2316099
mcbAp5,0.25,3,3,CTCAGGCTGTATTGGGGCTC,0,2282199
mcbAp5,0.25,3,3,CTCAGGAATGCAGCGCACGT,0,2298353
mcbAp5,0.25,3,3,CTCACTTCGTCTGATCTAAA,0,2311654
mcbAp5,0.25,3,3,CTCACGCTTCGCGGCATGTT,0,2292828
mcbAp5,0.25,3,3,CTCACCTCGTAGAAGGTTTT,0,2314157
mcbAp5,0.25,3,3,CTCAAGTCGTGTCGCTCAGT,0,2313440
mcbAp5,0.25,3,3,CTCAAGGAGTTTGGGATCAA,0,2308204
mcbAp5,0.25,3,3,CTATGATCCCATCGCAGGCG,0,2292497
mcbAp5,0.25,3,3,CTATCTTCCGCAACGGCAAA,0,2279147
mcbAp5,0.25,3,3,CTATCGGGATTTTTCGTGCG,0,2289607
mcbAp5,0.25,3,3,CTATCGGCGTAACTCGGAGC,0,2264768
mcbAp5,0.25,3,3,CTATCAGTTTGGAGAACAAT,0,2286339
mcbAp5,0.25,3,3,CTAGTGCGTGGTTTCCGTCA,0,2307704
mcbAp5,0.25,3,3,CTAGTCGTTCCGGCGTACCC,0,2311944
mcbAp5,0.25,3,3,CTAGTCAGCTCTCCCACTTG,0,2266964
mcbAp5,0.25,3,3,CTAGGTATGGGCTTGCCCCT,0,2298140
mcbAp5,0.25,3,3,CTAGGCACTATCCGAGAGTA,0,2288003
mcbAp5,0.25,3,3,CTAGGCAAAGGTGTGCTGAC,0,2281098
mcbAp5,0.25,3,3,CTAGCACCCGCGATAGGTTA,0,2302440
mcbAp5,0.25,3,3,CTAGAGCTAGGTAGGGTGGG,0,2297339
mcbAp5,0.25,3,3,CTACTTTTCCCAATGGGGCA,0,2279697
mcbAp5,0.25,3,3,CTACTTCCTCATGAATGGCT,0,2287466
mcbAp5,0.25,3,3,CTACTAATCCTCCCCAGGGT,0,2296747
mcbAp5,0.25,3,3,CTACGGTTTCGTCATGTCAA,0,2262829
mcbAp5,0.25,3,3,CTACCCGGCCAGCCACCGCA,0,2314656
mcbAp5,0.25,3,3,CTACAGTATCCCGATGTGGG,0,2266384
mcbAp5,0.25,3,3,CTACAATGGAGCTCTGCCAA,0,2296516
mcbAp5,0.25,3,3,CTAAGCTAAGCATTGTTAGT,0,2282864
mcbAp5,0.25,3,3,CTAACGTCCTGCTTACACAT,0,2277396
mcbAp5,0.25,3,3,CGTTTTGGAGCGTCCTGAAC,0,2284399
mcbAp5,0.25,3,3,CGTTGGCGGCAGGGGGGTTG,0,2294929
mcbAp5,0.25,3,3,CGTTCGGAATTGATTGATCC,0,2270595
mcbAp5,0.25,3,3,CGTGTGGTGTTCTGATGTTA,0,2274018
mcbAp5,0.25,3,3,CGTGCTACTTGGCCCATAGC,0,2287897
mcbAp5,0.25,3,3,CGTGCCTCCGTTATGTGTGC,0,2267368
mcbAp5,0.25,3,3,CGTGCCGAGGTATAGAATAA,0,2270112
mcbAp5,0.25,3,3,CGTGCATTTTTGGTGGTCAC,0,2299103
mcbAp5,0.25,3,3,CGTGCAGGATTCAGCTGATA,0,2311492
mcbAp5,0.25,3,3,CGTGATCACTTACTTTCCCC,0,2315411
mcbAp5,0.25,3,3,CGTGAATGGGATCGCGCATG,0,2307801
mcbAp5,0.25,3,3,CGTCGTTGTCGTCGGAGCGC,0,2296437
mcbAp5,0.25,3,3,CGTCCCCCTCTCGTCACAAC,0,2275672
mcbAp5,0.25,3,3,CGTCATTCTCAGCGGTACTA,0,2302718
mcbAp5,0.25,3,3,CGTCATGGTTTTATAGATAC,0,2280983
mcbAp5,0.25,3,3,CGTCAGGAAGTCCAAAGGTT,0,2285234
mcbAp5,0.25,3,3,CGTCACCGGACCGAAATGAA,0,2273170
mcbAp5,0.25,3,3,CGTCAACCCAAATGGGAGGG,0,2273232
mcbAp5,0.25,3,3,CGTATCTATAGATCCCACCA,0,2284077
mcbAp5,0.25,3,3,CGTATCAATGCGAAGAAGTA,0,2266933
mcbAp5,0.25,3,3,CGTAGTCCGTAGTTTCCAGG,0,2315143
mcbAp5,0.25,3,3,CGTAAGGTCTATCTCAATAT,0,2311040
mcbAp5,0.25,3,3,CGGTTTAAGTCATAGAGGAG,0,2288964
mcbAp5,0.25,3,3,CGGTTGTTAGTGTTTTCGTT,0,2293711
mcbAp5,0.25,3,3,CGGTTCTACTTAGAGGACGC,0,2279997
mcbAp5,0.25,3,3,CGGTGAACTTCGGAACCCCG,0,2284268
mcbAp5,0.25,3,3,CGGTATTCGGTCAATTCATT,0,2278483
mcbAp5,0.25,3,3,CGGTACTATTCGCAATTGAC,0,2299562
mcbAp5,0.25,3,3,CGGTACAACGGATGTTAGGT,0,2311985
mcbAp5,0.25,3,3,CGGGGGGGATACGTGCTCAA,0,2288801
mcbAp5,0.25,3,3,CGGGGAACCCTTACACTAGC,0,2288728
mcbAp5,0.25,3,3,CGGGCTTACCTTGATAGTCA,0,2314707
mcbAp5,0.25,3,3,CGGGCTGTGGAAGAGACGCT,0,2261122
mcbAp5,0.25,3,3,CGGGCTCAGCTCTTGTGTCA,0,2291677
mcbAp5,0.25,3,3,CGGGCGGAAGCGTCTGCTGA,0,2286088
mcbAp5,0.25,3,3,CGGGCGCACCTGCCGTTTTC,0,2301306
mcbAp5,0.25,3,3,CGGGCCCATATCCGCAACAA,0,2273804
mcbAp5,0.25,3,3,CGGGCAAGGTACGGGCTAAT,0,2271059
mcbAp5,0.25,3,3,CGGGATACCTAACCTCGGGG,0,2268121
mcbAp5,0.25,3,3,CGGGAACGGGGACACAGTAA,0,2263166
mcbAp5,0.25,3,3,CGGGAAACAAGCAACTCGGA,0,2304613
mcbAp5,0.25,3,3,CGGCTTTACCTAAATCAGTA,0,2264655
mcbAp5,0.25,3,3,CGGCTTATGAGCCTCGGAAT,0,2273911
mcbAp5,0.25,3,3,CGGCGTCGAAGTTGGCCAGT,0,2293168
mcbAp5,0.25,3,3,CGGCGCCAAGGTAACAACAC,0,2297593
mcbAp5,0.25,3,3,CGGCCAGATGCAGGTTTTAT,0,2301958
mcbAp5,0.25,3,3,CGGCAGGCCTGCATAGACCT,0,2312202
mcbAp5,0.25,3,3,CGGCACTGAATGTGAACGAC,0,2315327
mcbAp5,0.25,3,3,CGGCACGTATATGAAAGGAT,0,2299184
mcbAp5,0.25,3,3,CGGATTCCGCAATAGTTTAT,0,2297907
mcbAp5,0.25,3,3,CGGATACGGAGCATCGAAGA,0,2263830
mcbAp5,0.25,3,3,CGGAGGTGCTCTCTATGCCT,0,2295466
mcbAp5,0.25,3,3,CGGAGCTGCATGCACATGCA,0,2309230
mcbAp5,0.25,3,3,CGGACGCCTGGCACAGGTGG,0,2311164
mcbAp5,0.25,3,3,CGGACACCCTACCCAGGCCT,0,2264813
mcbAp5,0.25,3,3,CGGAAGATGTCAGGACTTTA,0,2265382
mcbAp5,0.25,3,3,CGGAAATCACACTGAGGTGT,0,2285887
mcbAp5,0.25,3,3,CGGAAAGCACTTCGGCAGCA,0,2267978
mcbAp5,0.25,3,3,CGCTTCGGTTGTCGGGATGT,0,2268761
mcbAp5,0.25,3,3,CGCTGTGTAAAGGTCAAAGT,0,2297300
mcbAp5,0.25,3,3,CGCTGGGGCTGGGGCCGGGA,0,2307180
mcbAp5,0.25,3,3,CGCTCCCCGCTGACTTGAAT,0,2261247
mcbAp5,0.25,3,3,CGCTCCAGCAGATCCTCGTG,0,2274729
mcbAp5,0.25,3,3,CGCTATTAGAAGCTGTTAAC,0,2274342
mcbAp5,0.25,3,3,CGCTAAATGCCAGGTAAGTC,0,2263219
mcbAp5,0.25,3,3,CGCGTTTTACTTACAAACAC,0,2287910
mcbAp5,0.25,3,3,CGCGGTACACGCACGTTCGA,0,2299821
mcbAp5,0.25,3,3,CGCGCGGTAGATGCCGCCGA,0,2268655
mcbAp5,0.25,3,3,CGCGCCGGCTTCAATAGCGG,0,2289514
mcbAp5,0.25,3,3,CGCGCAGTGCCGGAGCGAGG,0,2301793
mcbAp5,0.25,3,3,CGCGCAGTATCAGGTTCCGT,0,2269955
mcbAp5,0.25,3,3,CGCGATGTTGATCTATGCTC,0,2284908
mcbAp5,0.25,3,3,CGCGAGTCTTGCGTTTGGCG,0,2285430
mcbAp5,0.25,3,3,CGCGAATGTTGTGGGCGAGT,0,2291165
mcbAp5,0.25,3,3,CGCCGGAGTTGCTTTTCCCT,0,2272836
mcbAp5,0.25,3,3,CGCCCTGTGTTGCTGGGTAT,0,2314131
mcbAp5,0.25,3,3,CGCCCCGTCAGCGGATTGGG,0,2274369
mcbAp5,0.25,3,3,CGCATCTCAGTCTTGCTCTT,0,2263370
mcbAp5,0.25,3,3,CGCAGTGCTAGTGTCACTCT,0,2265992
mcbAp5,0.25,3,3,CGCACTCTTCGGCCTGCATC,0,2293164
mcbAp5,0.25,3,3,CGCACTCGCCATGGCATTGA,0,2268767
mcbAp5,0.25,3,3,CGCAAAGTTCGTACGACCTG,0,2271338
mcbAp5,0.25,3,3,CGCAAAGGAGTGGTTTTCAC,0,2288512
mcbAp5,0.25,3,3,CGATTTGGTGCGATGTTCAC,0,2306655
mcbAp5,0.25,3,3,CGATTTGAAGCTGATATTAT,0,2275538
mcbAp5,0.25,3,3,CGATTCGATAAAACTATGGA,0,2281933
mcbAp5,0.25,3,3,CGATTACTGTTACGCCGCAC,0,2279780
mcbAp5,0.25,3,3,CGATGCGTTAGTTAGGTGAG,0,2312506
mcbAp5,0.25,3,3,CGATCCGGTGGGGTATACGT,0,2273992
mcbAp5,0.25,3,3,CGATCCGAAGCAATCAGTGT,0,2298018
mcbAp5,0.25,3,3,CGATCCCCCGGCTTGCTCTA,0,2312502
mcbAp5,0.25,3,3,CGATCAAACATCCGTTGATG,0,2292461
mcbAp5,0.25,3,3,CGATAGCATTGCAACTATTT,0,2270348
mcbAp5,0.25,3,3,CGATAGATATCGTAAATCGA,0,2283718
mcbAp5,0.25,3,3,CGATAATAACACAACTGGAT,0,2287612
mcbAp5,0.25,3,3,CGATAAAGGGACGAGCACAA,0,2308935
mcbAp5,0.25,3,3,CGAGTCTCCACGGTGGGTGG,0,2273922
mcbAp5,0.25,3,3,CGAGGTGCTGCCGCACTTCT,0,2315011
mcbAp5,0.25,3,3,CGAGGTCATTACCGGTGTGG,0,2268462
mcbAp5,0.25,3,3,CGAGGCGGGCGCTTCTCAAT,0,2274227
mcbAp5,0.25,3,3,CGAGGCATCGAGGGTGGTAA,0,2278268
mcbAp5,0.25,3,3,CGAGCAGGTCCAGGGGAGTC,0,2281074
mcbAp5,0.25,3,3,CGAGACTCGAGGTTCTGGCT,0,2280982
mcbAp5,0.25,3,3,CGACGGCCATCGCCTAGAAC,0,2293658
mcbAp5,0.25,3,3,CGACGGCATGAAGTGTTACA,0,2276367
mcbAp5,0.25,3,3,CGACAGTCAGGACGTGCCGA,0,2303233
mcbAp5,0.25,3,3,CGACACTGCGTATAAACTGT,0,2283094
mcbAp5,0.25,3,3,CGACACGCATTCAACACTTA,0,2315019
mcbAp5,0.25,3,3,CGACACACAGTTCAGTATAC,0,2307225
mcbAp5,0.25,3,3,CGAATGAGTACTCACTAGAC,0,2291531
mcbAp5,0.25,3,3,CGAATCTTCTCCTAGCGAGA,0,2269007
mcbAp5,0.25,3,3,CGAAGTCAAATCTCGGCTTC,0,2299115
mcbAp5,0.25,3,3,CGAACCCAAGTTTGATGTAA,0,2277044
mcbAp5,0.25,3,3,CCTTTCCTATAAGAAAAGCT,0,2274670
mcbAp5,0.25,3,3,CCTTGAGCACACTCCCGTCT,0,2291969
mcbAp5,0.25,3,3,CCTTCACAAGTGCAAAATTT,0,2311119
mcbAp5,0.25,3,3,CCTTCAAATGGGAACTCTAA,0,2291633
mcbAp5,0.25,3,3,CCTTAGGAAACCCTGAGAAG,0,2268750
mcbAp5,0.25,3,3,CCTTAAGGGGGAGGATAGTT,0,2300550
mcbAp5,0.25,3,3,CCTGTTAGGCGGTCAACTGG,0,2292536
mcbAp5,0.25,3,3,CCTGTAGAGACGTACGTAAA,0,2261310
mcbAp5,0.25,3,3,CCTGTAAGTGTGCGTTCAGG,0,2303395
mcbAp5,0.25,3,3,CCTGGCGGCTCTGGTTAAAC,0,2283513
mcbAp5,0.25,3,3,CCTGGCACCCCAGGGGGCAT,0,2298953
mcbAp5,0.25,3,3,CCTGGACCTAATGAAGTCCA,0,2294537
mcbAp5,0.25,3,3,CCTGAGTCCTTGTACATTCC,0,2310470
mcbAp5,0.25,3,3,CCTGAGAGTGACACCATCAC,0,2261494
mcbAp5,0.25,3,3,CCTCTCATTCTGTGATACAG,0,2312768
mcbAp5,0.25,3,3,CCTCTCATGCAGCGGCAAGT,0,2303619
mcbAp5,0.25,3,3,CCTCTCACGTAAGCCTATTA,0,2288453
mcbAp5,0.25,3,3,CCTCTACGGCCGGCTGGCTC,0,2293046
mcbAp5,0.25,3,3,CCTCAGGCCTTCATTGGGGT,0,2280003
mcbAp5,0.25,3,3,CCTATTTCACGTCCTTAATT,0,2275220
mcbAp5,0.25,3,3,CCTATTGTTTGCGTTGGGTA,0,2275320
mcbAp5,0.25,3,3,CCTAGTGGTTTTTTGCTGGT,0,2270883
mcbAp5,0.25,3,3,CCTAGGCTAATAGATAGCGT,0,2268596
mcbAp5,0.25,3,3,CCTACGGTAGGCCTTGAGCA,0,2295813
mcbAp5,0.25,3,3,CCTACGGGCGGTAGCCCGAC,0,2277962
mcbAp5,0.25,3,3,CCTACGATAAGATTTCAAGG,0,2296523
mcbAp5,0.25,3,3,CCTACATATTAACCTCCCGT,0,2263228
mcbAp5,0.25,3,3,CCTACAGGCCCTGGGGGCAT,0,2310064
mcbAp5,0.25,3,3,CCTAACGAAATAAGGTGCTC,0,2287072
mcbAp5,0.25,3,3,CCGTTCAGACTGGTCCACCA,0,2264332
mcbAp5,0.25,3,3,CCGTGTCAAGAAGGGCAGAA,0,2301509
mcbAp5,0.25,3,3,CCGTGAATCGTCTGCGAATG,0,2290652
mcbAp5,0.25,3,3,CCGTATTTTCTGGGCTTAGC,0,2314550
mcbAp5,0.25,3,3,CCGTAGGGCTGGATTGCAGA,0,2264957
mcbAp5,0.25,3,3,CCGTAAAAGTGGCGTAATAA,0,2271095
mcbAp5,0.25,3,3,CCGGTACCTTTTAATTGTCT,0,2316238
mcbAp5,0.25,3,3,CCGGGGATGCGCGGCGTAAT,0,2283115
mcbAp5,0.25,3,3,CCGGCTTCCCCACACTCAGT,0,2287259
mcbAp5,0.25,3,3,CCGGCTGGCCCGAAGGCACT,0,2315680
mcbAp5,0.25,3,3,CCGGCTGCTCCAAGGCTTAT,0,2304137
mcbAp5,0.25,3,3,CCGGCCATGATCGCCGGGGG,0,2306472
mcbAp5,0.25,3,3,CCGGCACCGCGCGTGGCCGT,0,2283428
mcbAp5,0.25,3,3,CCGGAGGGGATCGTACCCGT,0,2303467
mcbAp5,0.25,3,3,CCGGAATTTTCCAGAATCTT,0,2306687
mcbAp5,0.25,3,3,CCGGAACTCAACTCTAGGTT,0,2302164
mcbAp5,0.25,3,3,CCGCTTCATATGGCTATGCT,0,2304263
mcbAp5,0.25,3,3,CCGCTTACACAGAGTCTCAC,0,2288551
mcbAp5,0.25,3,3,CCGCTCTAATTAGCAATGAG,0,2264894
mcbAp5,0.25,3,3,CCGCTATTGCCCTCGAAGCC,0,2289643
mcbAp5,0.25,3,3,CCGCGTAATCCAAGACATGT,0,2285107
mcbAp5,0.25,3,3,CCGCCTGGGGATGTAAAGGT,0,2292880
mcbAp5,0.25,3,3,CCGCACAGTGATCCTTACAC,0,2297812
mcbAp5,0.25,3,3,CCGATGTATTCCGGCTCTCT,0,2275913
mcbAp5,0.25,3,3,CCGATGAAGCTCACGAGGAA,0,2306615
mcbAp5,0.25,3,3,CCGATCAGGCGGACTTGTAT,0,2303785
mcbAp5,0.25,3,3,CCGATCAACAGATCGCTAGT,0,2284808
mcbAp5,0.25,3,3,CCGAGGAATTCAGGAAAGTT,0,2292226
mcbAp5,0.25,3,3,CCGAGCGGGGAGAGAAAGCA,0,2271249
mcbAp5,0.25,3,3,CCGAGCCTCGGCCGTCGCCG,0,2314470
mcbAp5,0.25,3,3,CCGAGAGATCCGTCCTCGTC,0,2265503
mcbAp5,0.25,3,3,CCGAGACCTTTGGGACTCGT,0,2272272
mcbAp5,0.25,3,3,CCCTGCTGAGACGACGCTCC,0,2279432
mcbAp5,0.25,3,3,CCCTGCTCAAAATAAAGTTC,0,2264502
mcbAp5,0.25,3,3,CCCTCGGCTGTTTTCGAAGG,0,2263471
mcbAp5,0.25,3,3,CCCTCATAGGAACTGTGTGG,0,2312615
mcbAp5,0.25,3,3,CCCTCACGATCGTGAAACAA,0,2296966
mcbAp5,0.25,3,3,CCCTATAAAAAGCGGAGACA,0,2283543
mcbAp5,0.25,3,3,CCCTAGCTCTCCGCTTAAAG,0,2300514
mcbAp5,0.25,3,3,CCCGTTTATATTACAAGTTT,0,2292309
mcbAp5,0.25,3,3,CCCGTGCCATAAAGTTTACA,0,2261150
mcbAp5,0.25,3,3,CCCGTACGCTATGGTTCCCC,0,2270439
mcbAp5,0.25,3,3,CCCGGGGAGAACCGTCAAGG,0,2272719
mcbAp5,0.25,3,3,CCCGCTGTAGCGCGCACGTG,0,2283304
mcbAp5,0.25,3,3,CCCGCGGGGGATCCGGGGAT,0,2265020
mcbAp5,0.25,3,3,CCCGCGCCCAGGATATTACA,0,2293720
mcbAp5,0.25,3,3,CCCGCACTCTTCTCTGAAGC,0,2313974
mcbAp5,0.25,3,3,CCCGAGGGGGCACCCCCTAC,0,2268300
mcbAp5,0.25,3,3,CCCGAAGACTCCGATTGTAA,0,2283344
mcbAp5,0.25,3,3,CCCCGCTACCCCTGCCTCAG,0,2287357
mcbAp5,0.25,3,3,CCCCGCACCCCCGTTACCGT,0,2269466
mcbAp5,0.25,3,3,CCCCGACGGCCACTTGCAAC,0,2303504
mcbAp5,0.25,3,3,CCCCCTTCATCTTCGCATAC,0,2311391
mcbAp5,0.25,3,3,CCCCAAGCATAGGAGTCAGT,0,2281071
mcbAp5,0.25,3,3,CCCCAAATTGTCTGTCCCTT,0,2266701
mcbAp5,0.25,3,3,CCCAGCCGGATGGGCTGCCT,0,2290876
mcbAp5,0.25,3,3,CCCAGAGGTAAAATCACTTG,0,2301377
mcbAp5,0.25,3,3,CCCACTAGGCGCGCTAGGTG,0,2298298
mcbAp5,0.25,3,3,CCCACCCCGTTGCTAGTCAA,0,2291347
mcbAp5,0.25,3,3,CCCAAAATTAGATTGCGCAT,0,2312466
mcbAp5,0.25,3,3,CCATTTAATAATATCGCACA,0,2298177
mcbAp5,0.25,3,3,CCATTGAGGCCCGTAGATCA,0,2292266
mcbAp5,0.25,3,3,CCATTAGGGTTTTCACTCCC,0,2284462
mcbAp5,0.25,3,3,CCATGGAACCGTAACTCGCA,0,2286677
mcbAp5,0.25,3,3,CCATGCCAATTTAAGTGTAC,0,2316038
mcbAp5,0.25,3,3,CCATCTGATTCTCTCTCGGT,0,2262904
mcbAp5,0.25,3,3,CCATCAGCGGACGGTGTTCG,0,2285830
mcbAp5,0.25,3,3,CCATACATAACTGAATCCGA,0,2301455
mcbAp5,0.25,3,3,CCAGTGGGCGTATACTCTCT,0,2316121
mcbAp5,0.25,3,3,CCAGTGAGGCTGAACCGTCG,0,2276854
mcbAp5,0.25,3,3,CCACCTGGGTAAGGGCAGAT,0,2285183
mcbAp5,0.25,3,3,CCACCTCGTGTATTTAAGTC,0,2298515
mcbAp5,0.25,3,3,CCACCACAACGCATCAATCT,0,2288645
mcbAp5,0.25,3,3,CCACACAGGCTTCTGGATCA,0,2280395
mcbAp5,0.25,3,3,CCAATGCGCAATCGCCGCTA,0,2304881
mcbAp5,0.25,3,3,CCAATACACGCCGCAAAGGG,0,2273456
mcbAp5,0.25,3,3,CCAATAATGTTCAGGATACA,0,2275192
mcbAp5,0.25,3,3,CCAAGGAACTCACCCACAGT,0,2296228
mcbAp5,0.25,3,3,CCAAATAAGGACAGGTAATA,0,2290089
mcbAp5,0.25,3,3,CCAAAGTACCGGTGCTTACA,0,2313414
mcbAp5,0.25,3,3,CCAAACTCCAAGGGGCAGCT,0,2305401
mcbAp5,0.25,3,3,CCAAACGTGAACAGCGGTGC,0,2301416
mcbAp5,0.25,3,3,CATTTGAGAGCTCGATAAGC,0,2286930
mcbAp5,0.25,3,3,CATTTAGTAATTTTTAAGAT,0,2303833
mcbAp5,0.25,3,3,CATTTAGATTGGAGTACTTC,0,2309129
mcbAp5,0.25,3,3,CATTTAAACCCACTAGGCCC,0,2286212
mcbAp5,0.25,3,3,CATTGGGGCGGACGCGCCGT,0,2309683
mcbAp5,0.25,3,3,CATTCTCCGGACTTAGTGAC,0,2295502
mcbAp5,0.25,3,3,CATTCCCCCAGCTCTGTCTA,0,2272139
mcbAp5,0.25,3,3,CATTAAGGACCAGAGGCTAA,0,2304399
mcbAp5,0.25,3,3,CATTAACCGGTGCGCTCTTC,0,2267236
mcbAp5,0.25,3,3,CATGTCTTCACGGCGTAGGG,0,2266182
mcbAp5,0.25,3,3,CATGTCAATATCGGTTAGTT,0,2301521
mcbAp5,0.25,3,3,CATGTACCTCATTTTCAACT,0,2280342
mcbAp5,0.25,3,3,CATGGCAGTCCCAGGCGTGT,0,2295057
mcbAp5,0.25,3,3,CATGATACGTAAGAACCGAC,0,2268208
mcbAp5,0.25,3,3,CATGAGCTCCATCGTCCCTT,0,2310100
mcbAp5,0.25,3,3,CATGAATCGGATCCAGATCC,0,2309965
mcbAp5,0.25,3,3,CATCTAAGAGCATGCCACAA,0,2307738
mcbAp5,0.25,3,3,CATCGTTATCCACCGCAATA,0,2261770
mcbAp5,0.25,3,3,CATCAGCTTTCCCTTCACGC,0,2272290
mcbAp5,0.25,3,3,CATCACCGAAATTCCCAACC,0,2279033
mcbAp5,0.25,3,3,CATATGGTACTCTCAAGCCA,0,2284041
mcbAp5,0.25,3,3,CATATGACACGATACAAGTC,0,2271307
mcbAp5,0.25,3,3,CATATGAACGCACAGTGCAT,0,2306415
mcbAp5,0.25,3,3,CATAGCTCGTGTCACCTCCG,0,2266566
mcbAp5,0.25,3,3,CATACGGACATTAGCCATAG,0,2267995
mcbAp5,0.25,3,3,CATAACCGGCTCGTTCCACA,0,2262382
mcbAp5,0.25,3,3,CATAACACACCGAATTACAG,0,2280209
mcbAp5,0.25,3,3,CATAAATCTTCCTGACATAC,0,2308737
mcbAp5,0.25,3,3,CAGTTGATCAGGCCGTGCAG,0,2305183
mcbAp5,0.25,3,3,CAGTTCAGAAAACAAACCAG,0,2277462
mcbAp5,0.25,3,3,CAGTGGATGGTCATAGGGCG,0,2305680
mcbAp5,0.25,3,3,CAGTGAATCGAGGGTAGCAA,0,2265665
mcbAp5,0.25,3,3,CAGGTATTCATTATATGTAT,0,2263324
mcbAp5,0.25,3,3,CAGGGATACCTGGGCGTGAT,0,2307486
mcbAp5,0.25,3,3,CAGGCTCGACTTACCCGGGA,0,2290975
mcbAp5,0.25,3,3,CAGGATTGTATTATCAGAGA,0,2281197
mcbAp5,0.25,3,3,CAGGACACCGTCCTACGTTC,0,2289878
mcbAp5,0.25,3,3,CAGCTTGCTTAAAGCGAGAC,0,2293308
mcbAp5,0.25,3,3,CAGCGTACGTAGACTCCCCA,0,2301716
mcbAp5,0.25,3,3,CAGCCCTTACCACGCGAACC,0,2278129
mcbAp5,0.25,3,3,CAGCCCACCCCCTGTCCTTT,0,2263403
mcbAp5,0.25,3,3,CAGCCAGCAGATCGGTGGAA,0,2284860
mcbAp5,0.25,3,3,CAGCACATATCAAACACCCT,0,2293530
mcbAp5,0.25,3,3,CAGATTCTTCGGTTCACGGG,0,2291864
mcbAp5,0.25,3,3,CAGATGGTTCCTAGGTATTT,0,2278153
mcbAp5,0.25,3,3,CACTTGTAATCATGCCCGGA,0,2261239
mcbAp5,0.25,3,3,CACTTCGAGGGGTCTAGGCC,0,2312125
mcbAp5,0.25,3,3,CACTGCTGAGGAGCATCAAC,0,2261270
mcbAp5,0.25,3,3,CACTGAGCGGCATATGGCCC,0,2291319
mcbAp5,0.25,3,3,CACTCCCTGCCTGACGCTAC,0,2273111
mcbAp5,0.25,3,3,CACTCAGTGAGGTTAACGCT,0,2270920
mcbAp5,0.25,3,3,CACGGGGCTGCACGGGCCTT,0,2293523
mcbAp5,0.25,3,3,CACGGCAATCAATCCTTAAA,0,2287078
mcbAp5,0.25,3,3,CACGCTCGTGGAGAGGGATT,0,2299638
mcbAp5,0.25,3,3,CACGATGTTCAAACGTGTCT,0,2297436
mcbAp5,0.25,3,3,CACGATCTATTGCCGTTACT,0,2271096
mcbAp5,0.25,3,3,CACCTGCGGTAAACAATCGG,0,2305221
mcbAp5,0.25,3,3,CACCTCATAGTTTACCACCG,0,2267499
mcbAp5,0.25,3,3,CACCGGCCTTATTCGGAAAG,0,2303939
mcbAp5,0.25,3,3,CACCGGATGACTTCTTCGGC,0,2301895
mcbAp5,0.25,3,3,CACCGACTGCATTGTTGAAT,0,2265328
mcbAp5,0.25,3,3,CACCCGCACCGAGGTGTATC,0,2273264
mcbAp5,0.25,3,3,CACCCAGCACGTGTTTAGGT,0,2272604
mcbAp5,0.25,3,3,CACCCACAAGAGCGACCTCA,0,2291954
mcbAp5,0.25,3,3,CACCCAAACCTGGGCGTGAT,0,2277610
mcbAp5,0.25,3,3,CACCACACCCCATTTAAAAG,0,2294776
mcbAp5,0.25,3,3,CACATTGACGTATTCAGAGG,0,2267689
mcbAp5,0.25,3,3,CACATCACAGAGACGACTCC,0,2310200
mcbAp5,0.25,3,3,CACAGGTCTCAGAGTTCAGG,0,2293546
mcbAp5,0.25,3,3,CACAGCAGTTGGCATTGTTA,0,2267935
mcbAp5,0.25,3,3,CACACCGTGGTGTATAGGAA,0,2297166
mcbAp5,0.25,3,3,CACAATTGAATAGCGCGCTT,0,2270666
mcbAp5,0.25,3,3,CACAAGGGCTCAAAGTAGTC,0,2301268
mcbAp5,0.25,3,3,CACAACTAAGGTTCTTTGGA,0,2294970
mcbAp5,0.25,3,3,CAATGGCCGTCAGGTAATCT,0,2295339
mcbAp5,0.25,3,3,CAATCATTATAAATAGTGAA,0,2277687
mcbAp5,0.25,3,3,CAATCACTGACTCTATATGG,0,2263771
mcbAp5,0.25,3,3,CAAGTGCCCCCGAATTGTGC,0,2302530
mcbAp5,0.25,3,3,CAAGCAAGATAGCTACAGCT,0,2310222
mcbAp5,0.25,3,3,CAACTGCCGAAGAGAGTGGA,0,2261291
mcbAp5,0.25,3,3,CAACTAGACTCTGTCGTCTA,0,2307496
mcbAp5,0.25,3,3,CAACTACTCATTGTTAAGAA,0,2291780
mcbAp5,0.25,3,3,CAACGTTATGGGCCGGAACT,0,2292026
mcbAp5,0.25,3,3,CAACCCCTTAGACCTGCCTA,0,2294952
mcbAp5,0.25,3,3,CAACAGTGCTGTGACGGGAA,0,2312963
mcbAp5,0.25,3,3,CAAAGCATTTAGCTAAAGAG,0,2310449
mcbAp5,0.25,3,3,CAAACTCGTGCTTCTCTGAG,0,2285149
mcbAp5,0.25,3,3,CAAACCGGTCAAGGTAGGGT,0,2315939
mcbAp5,0.25,3,3,CAAAATTTGTACGGCACTTC,0,2292218
mcbAp5,0.25,3,3,CAAAATCGATGAAATGCTAT,0,2272841
mcbAp5,0.25,3,3,CAAAAAGGCACAGAAGCGAA,0,2301503
mcbAp5,0.25,3,3,ATTTTGTGTCTAGAATTTGG,0,2299834
mcbAp5,0.25,3,3,ATTTTGGCCGACCGACGCCT,0,2291993
mcbAp5,0.25,3,3,ATTTTGCGTACGCAGTCTGT,0,2310901
mcbAp5,0.25,3,3,ATTTTACTGGGAAATCATTT,0,2300635
mcbAp5,0.25,3,3,ATTTGTGCCCTCGTATAGAT,0,2296967
mcbAp5,0.25,3,3,ATTTGATCTCCAACGGCAGG,0,2275871
mcbAp5,0.25,3,3,ATTTGAAGCTCGAAGAGCCA,0,2274068
mcbAp5,0.25,3,3,ATTTCGTAAGCCTACTGGAC,0,2274179
mcbAp5,0.25,3,3,ATTTCCCTTGTTTAGCTTTG,0,2279351
mcbAp5,0.25,3,3,ATTTAGGGGTCACCCTACGT,0,2301727
mcbAp5,0.25,3,3,ATTGTCATACGGGATTCCTG,0,2263876
mcbAp5,0.25,3,3,ATTGTACAATGCCGTGTTTC,0,2308371
mcbAp5,0.25,3,3,ATTGGCAGGGAAACTAGAAA,0,2308008
mcbAp5,0.25,3,3,ATTGCGCGAGTCATTACGCC,0,2288670
mcbAp5,0.25,3,3,ATTGCGACAGGATCGGGGAG,0,2297923
mcbAp5,0.25,3,3,ATTGACATGAAGGCAATAGG,0,2312098
mcbAp5,0.25,3,3,ATTGAATTATAAAAGTTCCA,0,2308217
mcbAp5,0.25,3,3,ATTCTCTTGTGAGTGCTGAC,0,2300789
mcbAp5,0.25,3,3,ATTCTATGCCGAAGTGGCCT,0,2303613
mcbAp5,0.25,3,3,ATTCGCGGATGTCACAGCTT,0,2306975
mcbAp5,0.25,3,3,ATTCGACGGACATGTCAGAA,0,2305085
mcbAp5,0.25,3,3,ATTCATGGGAGAGGTTCCGG,0,2284615
mcbAp5,0.25,3,3,ATTATCGGGTCGGGCTTATT,0,2264908
mcbAp5,0.25,3,3,ATTAGATGGACGGGATAGTT,0,2305627
mcbAp5,0.25,3,3,ATTACTGTGCTTCACTACGC,0,2312467
mcbAp5,0.25,3,3,ATTAAGCGCACGTCTGACGG,0,2277570
mcbAp5,0.25,3,3,ATGTTCGTCACTACCCTATG,0,2298011
mcbAp5,0.25,3,3,ATGTTATGCAGGCGGACTAG,0,2295795
mcbAp5,0.25,3,3,ATGTTACCCTTTGTGCGTAT,0,2276911
mcbAp5,0.25,3,3,ATGTGTTTTTATTGGTCACA,0,2310831
mcbAp5,0.25,3,3,ATGTGTCGAGGTATCGTGTG,0,2268321
mcbAp5,0.25,3,3,ATGTGTAAAGGCCGCGCATA,0,2274088
mcbAp5,0.25,3,3,ATGTGGGTCAGGCCGTCATG,0,2288087
mcbAp5,0.25,3,3,ATGTGCATAGCCGGAAATTC,0,2287949
mcbAp5,0.25,3,3,ATGTCTTTTGCAGTCCTAAA,0,2280284
mcbAp5,0.25,3,3,ATGTCCGTATCTAGAATCAA,0,2262957
mcbAp5,0.25,3,3,ATGTAGTTTACTATCGAAAC,0,2308633
mcbAp5,0.25,3,3,ATGTAGGCAACCATGTCCTG,0,2263548
mcbAp5,0.25,3,3,ATGGTTTAACGATCGATGGC,0,2270108
mcbAp5,0.25,3,3,ATGGTGCTAATAGAGCGGAG,0,2315959
mcbAp5,0.25,3,3,ATGGTCTGGATACCTACCAT,0,2274201
mcbAp5,0.25,3,3,ATGGGTCGGAATAGTTACTA,0,2304107
mcbAp5,0.25,3,3,ATGGGACGCCCCGTCGTGAA,0,2288665
mcbAp5,0.25,3,3,ATGGCCAAACGCGTGCACAA,0,2307349
mcbAp5,0.25,3,3,ATGGCACTTCTCACGTTACG,0,2284411
mcbAp5,0.25,3,3,ATGGATTACAAAGAGGCATT,0,2297584
mcbAp5,0.25,3,3,ATGGAGGATAGTCTACGGAT,0,2301551
mcbAp5,0.25,3,3,ATGGACTCCCCCAGACAACT,0,2262738
mcbAp5,0.25,3,3,ATGGAAACCGTAGAGGGTAC,0,2284977
mcbAp5,0.25,3,3,ATGCTGGGATCATCGTAATT,0,2297818
mcbAp5,0.25,3,3,ATGCAAAATGTGAAGCCGAC,0,2312802
mcbAp5,0.25,3,3,ATGATACCGCACCCTTCCAC,0,2271756
mcbAp5,0.25,3,3,ATGATACCATAGTTAATGAT,0,2270614
mcbAp5,0.25,3,3,ATGAGGTGATGTTAAGGTAG,0,2261245
mcbAp5,0.25,3,3,ATGAGAGAAGACGCGATAGG,0,2309949
mcbAp5,0.25,3,3,ATCTTCGGTATATCACCGTA,0,2304823
mcbAp5,0.25,3,3,ATCTGCTCCGCACAGGCGAC,0,2275732
mcbAp5,0.25,3,3,ATCTGCAATAACCGGTCACG,0,2297068
mcbAp5,0.25,3,3,ATCTCGGTGTACCGTAGGTA,0,2295271
mcbAp5,0.25,3,3,ATCTACCATTGAACATACGA,0,2283345
mcbAp5,0.25,3,3,ATCGTGAGAGTCTCAGGCGT,0,2286219
mcbAp5,0.25,3,3,ATCGTATTCGCGCAACACAA,0,2281036
mcbAp5,0.25,3,3,ATCGTAACTTCTCAACACCG,0,2297867
mcbAp5,0.25,3,3,ATCGGTTGTTACGAAGTAAA,0,2313318
mcbAp5,0.25,3,3,ATCGGAGCGTCCTAAATATT,0,2268959
mcbAp5,0.25,3,3,ATCGCTGGCTGTCCTCGTCA,0,2267687
mcbAp5,0.25,3,3,ATCGATTGCTCGTGGGGAAA,0,2301863
mcbAp5,0.25,3,3,ATCGACGTACAAGGTCGTTA,0,2306806
mcbAp5,0.25,3,3,ATCGAATATGACGAAGGCGG,0,2315521
mcbAp5,0.25,3,3,ATCCTGGACTGCCGAAAAGA,0,2282022
mcbAp5,0.25,3,3,ATCCTGCTTTAGTCTTGGTG,0,2303194
mcbAp5,0.25,3,3,ATCCTGCATCTTATACACTA,0,2273750
mcbAp5,0.25,3,3,ATCCTAAGCTTATGTCTTTC,0,2304902
mcbAp5,0.25,3,3,ATCCGGAGTACGTTTCGGCA,0,2266962
mcbAp5,0.25,3,3,ATCCGAACTGATGCCTTGCA,0,2262273
mcbAp5,0.25,3,3,ATCCCCGTGTAAAGCGTAGG,0,2298877
mcbAp5,0.25,3,3,ATCCCCCGTAAGCCTCTGAG,0,2306964
mcbAp5,0.25,3,3,ATCCAGCTATTAGTGGCACA,0,2280616
mcbAp5,0.25,3,3,ATCAGGTGGTGCTAAATAAG,0,2309642
mcbAp5,0.25,3,3,ATCAGCGAGCGCTAGTGCAG,0,2287733
mcbAp5,0.25,3,3,ATCACCTTGAACCCTCCGTA,0,2302782
mcbAp5,0.25,3,3,ATCACCTAAAACAAGCTTGG,0,2302046
mcbAp5,0.25,3,3,ATCAACCGTGCCGGGGTTCG,0,2282597
mcbAp5,0.25,3,3,ATATTGGCACTACGCGGTGT,0,2272924
mcbAp5,0.25,3,3,ATATTGCTTCAGCACCAGAC,0,2312817
mcbAp5,0.25,3,3,ATATGTCCCTGCATTTATGC,0,2298148
mcbAp5,0.25,3,3,ATATCATGGATGTGTCGAAT,0,2269995
mcbAp5,0.25,3,3,ATATATAGACTGCGAGCTTT,0,2282300
mcbAp5,0.25,3,3,ATATAGCCTTGGAAGGTCTT,0,2313446
mcbAp5,0.25,3,3,ATATACGTTCTGAGCTGTCA,0,2270240
mcbAp5,0.25,3,3,ATAGTTAAGGTCTGATGGCC,0,2274393
mcbAp5,0.25,3,3,ATAGTCACCCATCGTCTGTT,0,2267897
mcbAp5,0.25,3,3,ATAGGGACTTCTACTGTCTA,0,2287463
mcbAp5,0.25,3,3,ATAGGCGAAAATCCTCTCAG,0,2263562
mcbAp5,0.25,3,3,ATAGCTGGGCACAAATATTA,0,2288625
mcbAp5,0.25,3,3,ATAGCCCTTTACTCCGAATG,0,2282777
mcbAp5,0.25,3,3,ATAGCACATTTGATCTGCGG,0,2286976
mcbAp5,0.25,3,3,ATAGATTCGCTTCAGTGCGT,0,2316407
mcbAp5,0.25,3,3,ATAGAATGTACGTTCCCTTA,0,2313898
mcbAp5,0.25,3,3,ATAGAAGGACGTAACAGCCC,0,2303354
mcbAp5,0.25,3,3,ATACTTGGGACCGGCGTTGA,0,2312439
mcbAp5,0.25,3,3,ATACTAAATAATAGGGACGC,0,2294760
mcbAp5,0.25,3,3,ATACCGTATTGGTCGCAAAT,0,2292011
mcbAp5,0.25,3,3,ATACAGCACTGCCATCCCCC,0,2305602
mcbAp5,0.25,3,3,ATACAAGTATTTCGGTCCCC,0,2278315
mcbAp5,0.25,3,3,ATAAGTGTAGCGGTGGTATA,0,2281605
mcbAp5,0.25,3,3,ATAAGTGCCAAAAAGCCCAA,0,2302037
mcbAp5,0.25,3,3,ATAAGGACGTTCACGCCGTG,0,2270732
mcbAp5,0.25,3,3,ATAAGGACCCAGCCGCAAAA,0,2282117
mcbAp5,0.25,3,3,ATAACTCAAATAACGAAGAC,0,2295703
mcbAp5,0.25,3,3,ATAACCTTAGTCGTGGGGGA,0,2307221
mcbAp5,0.25,3,3,ATAAAGTTAAGCTCGCCGCT,0,2287779
mcbAp5,0.25,3,3,ATAAAACAAACTATTCAGAG,0,2309116
mcbAp5,0.25,3,3,AGTTTCCCACGTTAATCACG,0,2282305
mcbAp5,0.25,3,3,AGTTGTAGCACAATGCATGG,0,2285276
mcbAp5,0.25,3,3,AGTTGAACTCCACGTTGTTT,0,2292508
mcbAp5,0.25,3,3,AGTTATTCTCAACTTTTGAG,0,2311304
mcbAp5,0.25,3,3,AGTTACATGTCCCGGTTGAT,0,2267114
mcbAp5,0.25,3,3,AGTTACAGTCCCCAGCGGGG,0,2300019
mcbAp5,0.25,3,3,AGTGTGTGCATCTACTCCAA,0,2296107
mcbAp5,0.25,3,3,AGTGTCCGGTTTTGTGAGTA,0,2311026
mcbAp5,0.25,3,3,AGTGGGTTTTACAATTCAGA,0,2274463
mcbAp5,0.25,3,3,AGTGGACTGAATATAATTCT,0,2280323
mcbAp5,0.25,3,3,AGTGCTGGGCGATGTAGGCT,0,2312636
mcbAp5,0.25,3,3,AGTGCAAATAATTGAAGTTG,0,2287739
mcbAp5,0.25,3,3,AGTGCAAAGTTGTTAAGGGT,0,2303528
mcbAp5,0.25,3,3,AGTGAATGTTCAGTGGTCAC,0,2298557
mcbAp5,0.25,3,3,AGTCTCGTATGGAGTGCGGT,0,2277068
mcbAp5,0.25,3,3,AGTCTCAGGAGTTGGGTGAT,0,2310624
mcbAp5,0.25,3,3,AGTCTAATACTGATGGTAAT,0,2311240
mcbAp5,0.25,3,3,AGTCCGGATAAGACGCAAGG,0,2300269
mcbAp5,0.25,3,3,AGTCCCGATTCCACACGCAG,0,2282534
mcbAp5,0.25,3,3,AGTCCCGACACTAGCCCGGC,0,2269813
mcbAp5,0.25,3,3,AGTCCCAGGTCTCCCCGGCT,0,2302831
mcbAp5,0.25,3,3,AGTCCATAGTTGCGGGTTTA,0,2271182
mcbAp5,0.25,3,3,AGTACTACATTCTCCACACT,0,2266676
mcbAp5,0.25,3,3,AGTACCCCGTCATTATTGGC,0,2274473
mcbAp5,0.25,3,3,AGTAAGATTCCGACGCGGAA,0,2273179
mcbAp5,0.25,3,3,AGTAAGAAAGGGATGAGATC,0,2297217
mcbAp5,0.25,3,3,AGTAACGACCGTGGACTAGG,0,2294392
mcbAp5,0.25,3,3,AGTAACAGCCGCAGCATCTC,0,2292069
mcbAp5,0.25,3,3,AGGTTTTTTATCCTGTTTCC,0,2277102
mcbAp5,0.25,3,3,AGGTTTTTGAGGGGGCAGAA,0,2279265
mcbAp5,0.25,3,3,AGGTTTGTTCTAAATTGGAA,0,2262484
mcbAp5,0.25,3,3,AGGTGTGATAACCACCCGTA,0,2264006
mcbAp5,0.25,3,3,AGGTAGTTAATTTGCAATAC,0,2283704
mcbAp5,0.25,3,3,AGGTAGATATTGCAGTAAAT,0,2281755
mcbAp5,0.25,3,3,AGGTACTTCCATGTTCTCAC,0,2308862
mcbAp5,0.25,3,3,AGGGTTGAGGATTCGACATA,0,2294834
mcbAp5,0.25,3,3,AGGGGTATTCCGTCAACTTA,0,2278596
mcbAp5,0.25,3,3,AGGGGACGTACGCTATTGAA,0,2306043
mcbAp5,0.25,3,3,AGGGCCGCCGAGTCCCCTGT,0,2289884
mcbAp5,0.25,3,3,AGGGCCGATAGACATGTTCT,0,2291011
mcbAp5,0.25,3,3,AGGGCATGCCACTCCATGAA,0,2285441
mcbAp5,0.25,3,3,AGGGCAGACAAGAAAGTTGA,0,2280589
mcbAp5,0.25,3,3,AGGGAGTTTGAGTCCATGTT,0,2314406
mcbAp5,0.25,3,3,AGGGAGCCACAGTGCTCCGT,0,2268128
mcbAp5,0.25,3,3,AGGCTGGACGTCTCTTCTCT,0,2273550
mcbAp5,0.25,3,3,AGGCTACCGTCCGTGTACCT,0,2266711
mcbAp5,0.25,3,3,AGGCGAACGGTAGCCTGCCC,0,2263484
mcbAp5,0.25,3,3,AGGCCGGATTGGCGTACCAT,0,2303255
mcbAp5,0.25,3,3,AGGCCAGTGAGGGGCAGATG,0,2304734
mcbAp5,0.25,3,3,AGGCATACCGGTAGGGCTAG,0,2297170
mcbAp5,0.25,3,3,AGGCAGGAGAAGAATTTCCA,0,2299468
mcbAp5,0.25,3,3,AGGATGTGCGGTATCTTGTG,0,2308743
mcbAp5,0.25,3,3,AGGATGCAAGCTAACCTCTC,0,2265975
mcbAp5,0.25,3,3,AGGAGGCCACCTCCTCTAAT,0,2279969
mcbAp5,0.25,3,3,AGGAGCCCATCCAGAAGTGA,0,2268384
mcbAp5,0.25,3,3,AGGAGCAAACTACTGGGATT,0,2275971
mcbAp5,0.25,3,3,AGGACCTAGCTAAACCTGAG,0,2288581
mcbAp5,0.25,3,3,AGGACCTAATAACAAAGTCA,0,2312934
mcbAp5,0.25,3,3,AGGAACGTACATACCAATTG,0,2275489
mcbAp5,0.25,3,3,AGGAACCTACAACCCCATGC,0,2302666
mcbAp5,0.25,3,3,AGCTTCATAGATGCTAATGT,0,2262317
mcbAp5,0.25,3,3,AGCTTACCTCTAATCGCAGT,0,2281344
mcbAp5,0.25,3,3,AGCTGAGCCTTTAAGGAGGA,0,2288083
mcbAp5,0.25,3,3,AGCTCCTAGTGACCACAACG,0,2283710
mcbAp5,0.25,3,3,AGCTAGTGGCCCTAATTACC,0,2292477
mcbAp5,0.25,3,3,AGCTAGGGGGGACCAGCCCG,0,2302321
mcbAp5,0.25,3,3,AGCGTTCCAGCCCCAGGCAT,0,2272375
mcbAp5,0.25,3,3,AGCGTTACGCAGCACCTCTA,0,2288985
mcbAp5,0.25,3,3,AGCGTCTCCAACTTGGGCGA,0,2304424
mcbAp5,0.25,3,3,AGCGTCATCGACCTAGCGTG,0,2302991
mcbAp5,0.25,3,3,AGCGGATCAAGAGACCTGGG,0,2309458
mcbAp5,0.25,3,3,AGCGCGCTATCTGTAACCTC,0,2279297
mcbAp5,0.25,3,3,AGCGCCACAATGGTTTCCTT,0,2306444
mcbAp5,0.25,3,3,AGCCTGTGCTCCTTCCTTCA,0,2286181
mcbAp5,0.25,3,3,AGCCTCGGAGCTAAGTTCAC,0,2276215
mcbAp5,0.25,3,3,AGCCTCGCTGTCGGCCCCCT,0,2265774
mcbAp5,0.25,3,3,AGCCTCAGGCGTGGGCGGGA,0,2288066
mcbAp5,0.25,3,3,AGCCTCACGTCTGACACGCC,0,2282787
mcbAp5,0.25,3,3,AGCCGGTTCCATGGTTGCCC,0,2275536
mcbAp5,0.25,3,3,AGCCGCTCTGGATAGTGACT,0,2269991
mcbAp5,0.25,3,3,AGCCCTTCCCTAATTTGCTG,0,2263521
mcbAp5,0.25,3,3,AGCCAAAATGAGGCTCTCAA,0,2274469
mcbAp5,0.25,3,3,AGCAGCAAAGACATTAAGTG,0,2287496
mcbAp5,0.25,3,3,AGCAGAAGTCGTAGACGCGT,0,2274090
mcbAp5,0.25,3,3,AGATTGGAATGACTCTAATT,0,2270441
mcbAp5,0.25,3,3,AGATTGGAAGTAGCCCGTTG,0,2294403
mcbAp5,0.25,3,3,AGATTCGACAAATCCGGCAT,0,2300207
mcbAp5,0.25,3,3,AGATTCCTCTGTCGAGCTAA,0,2288495
mcbAp5,0.25,3,3,AGATTATGCAGGTTCAGTAA,0,2264201
mcbAp5,0.25,3,3,AGATCGCAAATGAAGTAAGG,0,2308262
mcbAp5,0.25,3,3,AGAGTTGTGCGAATGCCCGG,0,2284370
mcbAp5,0.25,3,3,AGAGGTAGGCCCCGTAGCCC,0,2292459
mcbAp5,0.25,3,3,AGAGGGCCTGCTTCCTGCCG,0,2288079
mcbAp5,0.25,3,3,AGAGGCCCGCGCTGACTATC,0,2304759
mcbAp5,0.25,3,3,AGAGCTTCTCTTAGCCCTGG,0,2276157
mcbAp5,0.25,3,3,AGAGCTTCACGTACGAGCTC,0,2277771
mcbAp5,0.25,3,3,AGAGATTGCCTTGTAAAAGT,0,2267193
mcbAp5,0.25,3,3,AGACTCAACCTAACCTAACA,0,2275622
mcbAp5,0.25,3,3,AGACTAATTCCACGGGCACA,0,2306689
mcbAp5,0.25,3,3,AGACGTCGCACTTACGGACA,0,2290504
mcbAp5,0.25,3,3,AGACGCCGGGGAATTAGTCA,0,2261567
mcbAp5,0.25,3,3,AGACGAGAACAATACTTGTA,0,2314426
mcbAp5,0.25,3,3,AGACCGCTCTACGTACCATG,0,2295178
mcbAp5,0.25,3,3,AGAATATTTCCCATTATCGG,0,2277451
mcbAp5,0.25,3,3,AGAATAGCGGATCCCTTCGA,0,2307257
mcbAp5,0.25,3,3,AGAAGCTGTGCGACCGGATA,0,2267234
mcbAp5,0.25,3,3,AGAAGCAGAGGCAGCCTGGA,0,2262927
mcbAp5,0.25,3,3,AGAAGAAATAATGCGGTGCC,0,2289529
mcbAp5,0.25,3,3,AGAACGAGCTTTAGTAAAAT,0,2312361
mcbAp5,0.25,3,3,AGAACCTACCACGCCTCCTT,0,2297130
mcbAp5,0.25,3,3,AGAACAGGTGCAGCCATTTT,0,2299180
mcbAp5,0.25,3,3,AGAAATGCAGGAGTGCGCAG,0,2274598
mcbAp5,0.25,3,3,AGAAAATGGCGCGACTGGCT,0,2286210
mcbAp5,0.25,3,3,ACTTTTTACGGCGACCTTGG,0,2300348
mcbAp5,0.25,3,3,ACTTTATGTTGAGGTCTTCC,0,2297512
mcbAp5,0.25,3,3,ACTTGGGAATGCGCACGAAT,0,2300166
mcbAp5,0.25,3,3,ACTTGGAGTAGAGGCAATAG,0,2283386
mcbAp5,0.25,3,3,ACTTGCCTTTCCTTCTCTAG,0,2264042
mcbAp5,0.25,3,3,ACTTAGGCACGGCGTCCATG,0,2315682
mcbAp5,0.25,3,3,ACTTAGCCAGGTAAACCCGG,0,2280108
mcbAp5,0.25,3,3,ACTTAGAATGTCCTCCCACC,0,2298753
mcbAp5,0.25,3,3,ACTTACGGAGATAGGCATGG,0,2306980
mcbAp5,0.25,3,3,ACTTACAACCGTGCGAGACG,0,2294124
mcbAp5,0.25,3,3,ACTGGTTACTGTAGTGTACA,0,2293531
mcbAp5,0.25,3,3,ACTGGGCAACTAGACCGCGC,0,2289967
mcbAp5,0.25,3,3,ACTGGCAACACGAGAGTTGT,0,2306698
mcbAp5,0.25,3,3,ACTGCCTTTTTGTGCCACAT,0,2279335
mcbAp5,0.25,3,3,ACTGCAACCCCAGAGGTCCT,0,2264732
mcbAp5,0.25,3,3,ACTGAAACTTCCCAGTCGTT,0,2283933
mcbAp5,0.25,3,3,ACTCTTGCATCATTTGTTGC,0,2280002
mcbAp5,0.25,3,3,ACTCTTGATTTGAATTCTCT,0,2315303
mcbAp5,0.25,3,3,ACTCTTCACCCTGCGCTTTA,0,2313076
mcbAp5,0.25,3,3,ACTCTATTATACGTAAGCCA,0,2264903
mcbAp5,0.25,3,3,ACTCGTTTGCAGCCTGTAGG,0,2285209
mcbAp5,0.25,3,3,ACTCGTAGCGTCACTGTGTT,0,2296101
mcbAp5,0.25,3,3,ACTCGCACCACGCGATCCCA,0,2285184
mcbAp5,0.25,3,3,ACTCCTTCCGCTGTGGCTGT,0,2276451
mcbAp5,0.25,3,3,ACTCCAAATTTAAGATGGGT,0,2274810
mcbAp5,0.25,3,3,ACTCACTTATACGCCATTGT,0,2307324
mcbAp5,0.25,3,3,ACTCACTCTTCCGTTCCCGA,0,2296427
mcbAp5,0.25,3,3,ACTCAACCGGTTGCTTACTT,0,2273699
mcbAp5,0.25,3,3,ACTATCGCCCGGTCATGAGG,0,2262392
mcbAp5,0.25,3,3,ACTATCAGTTGCGATGGACT,0,2293876
mcbAp5,0.25,3,3,ACTAGCGCTGAACCCGCAGA,0,2276610
mcbAp5,0.25,3,3,ACTAGAAAACAATCTAGTTT,0,2277724
mcbAp5,0.25,3,3,ACTAATGAGCGTGCTCGCGT,0,2289050
mcbAp5,0.25,3,3,ACTAATAGTCCTATAACTGA,0,2304155
mcbAp5,0.25,3,3,ACTAAGATTATCATTCGGAC,0,2304305
mcbAp5,0.25,3,3,ACGTGGAGTGGATTAACAGG,0,2311493
mcbAp5,0.25,3,3,ACGTCGATGCCTCTAGGTCG,0,2303971
mcbAp5,0.25,3,3,ACGTCGATAGAGAACACTCG,0,2315222
mcbAp5,0.25,3,3,ACGTACGGTGCGCTCTAGAA,0,2295484
mcbAp5,0.25,3,3,ACGTAACTTGCCCCGTCATT,0,2306877
mcbAp5,0.25,3,3,ACGTAACAGAGAGGTTCGAT,0,2297071
mcbAp5,0.25,3,3,ACGGTGGGTCCTTAACAAAA,0,2292217
mcbAp5,0.25,3,3,ACGGGGTCTCGTAGATCAGT,0,2298950
mcbAp5,0.25,3,3,ACGGCGGTCGTGTGTTTAGC,0,2265535
mcbAp5,0.25,3,3,ACGGCGGGCATCAACCTCGG,0,2273325
mcbAp5,0.25,3,3,ACGGACCTTATCTAATAATC,0,2264466
mcbAp5,0.25,3,3,ACGCTTTCCCATAAGGACGT,0,2304054
mcbAp5,0.25,3,3,ACGCTTTAAAGCTGTCGTAT,0,2261634
mcbAp5,0.25,3,3,ACGCTTAATGCCACGGACGC,0,2304452
mcbAp5,0.25,3,3,ACGCTACCTCTCCGACACCT,0,2275680
mcbAp5,0.25,3,3,ACGCGTTCCTGAGTGAAGTC,0,2297365
mcbAp5,0.25,3,3,ACGCGTGGACGCATGCTGTG,0,2271262
mcbAp5,0.25,3,3,ACGCCCCACGAAAATAGGCT,0,2281282
mcbAp5,0.25,3,3,ACGATGGAACATGAATCAGG,0,2298146
mcbAp5,0.25,3,3,ACGAGAACATTGTCGTGTTC,0,2277605
mcbAp5,0.25,3,3,ACGACTGTTGAGACTCAAAA,0,2275953
mcbAp5,0.25,3,3,ACGACAATCGGGAGATCGTG,0,2294617
mcbAp5,0.25,3,3,ACCTGGATCGAGGTCCGCGA,0,2272000
mcbAp5,0.25,3,3,ACCTCGGTAGTATCGGAGAA,0,2289078
mcbAp5,0.25,3,3,ACCTACTTTGAGTCCGACGT,0,2267916
mcbAp5,0.25,3,3,ACCTACAGAGCGCTGAACCT,0,2276979
mcbAp5,0.25,3,3,ACCTAATTAGACTGGACTCG,0,2282421
mcbAp5,0.25,3,3,ACCGGATTATACAAGATCGG,0,2294453
mcbAp5,0.25,3,3,ACCGCTTCGCCTAACATTTC,0,2288630
mcbAp5,0.25,3,3,ACCGCCAGGAAACGAGCGCT,0,2285767
mcbAp5,0.25,3,3,ACCGCCACTGACATATAGAA,0,2271576
mcbAp5,0.25,3,3,ACCGAGTATCAGGTTAATGG,0,2308108
mcbAp5,0.25,3,3,ACCCGTGTGGTAAGGACTGC,0,2299157
mcbAp5,0.25,3,3,ACCCCTTACCGGCCCACGAT,0,2278469
mcbAp5,0.25,3,3,ACCCATTTCATGCTACCGTC,0,2305718
mcbAp5,0.25,3,3,ACCCAGAGGTTTGACTTTGA,0,2293936
mcbAp5,0.25,3,3,ACCATGTATATGAATGTCTA,0,2307382
mcbAp5,0.25,3,3,ACCATAAGCAACAGGTTTTG,0,2278811
mcbAp5,0.25,3,3,ACCAGGCGGGCAGATCATGC,0,2271955
mcbAp5,0.25,3,3,ACATTATAACAGTGCCCCGT,0,2267483
mcbAp5,0.25,3,3,ACATCCGGCAATTACCCCTG,0,2292236
mcbAp5,0.25,3,3,ACATATTTGAATGAGAGGAA,0,2276834
mcbAp5,0.25,3,3,ACATACTTGACCTGGCGCGT,0,2277363
mcbAp5,0.25,3,3,ACATACGTTTCGCAATCGAG,0,2299718
mcbAp5,0.25,3,3,ACATACAACATCCGTGGGGT,0,2290365
mcbAp5,0.25,3,3,ACATAACCAATAAATAACAT,0,2293518
mcbAp5,0.25,3,3,ACAGGTAAAAACTCCATGGG,0,2294472
mcbAp5,0.25,3,3,ACAGCGCTAGTGAGATTACT,0,2280164
mcbAp5,0.25,3,3,ACAGCCAAATCGGCATCGTT,0,2268613
mcbAp5,0.25,3,3,ACACTCCGACCTGTTGGTTC,0,2298550
mcbAp5,0.25,3,3,ACACGGTTGATTATGCATGC,0,2302954
mcbAp5,0.25,3,3,ACACCTCGACAACATGTACA,0,2269478
mcbAp5,0.25,3,3,ACACCAGGAAATCTATCATC,0,2302385
mcbAp5,0.25,3,3,ACACCAGACTTTTAAAAGAT,0,2268868
mcbAp5,0.25,3,3,ACACCAATCATGTGGTGGCA,0,2273732
mcbAp5,0.25,3,3,ACACATCGAGGAGGGTATAT,0,2298825
mcbAp5,0.25,3,3,ACACATCATGTAGGGGATTA,0,2310301
mcbAp5,0.25,3,3,ACACAGCGAGCTAATGTCAT,0,2310899
mcbAp5,0.25,3,3,ACACAATGTATGCGCTCGAC,0,2310472
mcbAp5,0.25,3,3,ACAATAGATTTGTTCAGTAT,0,2280803
mcbAp5,0.25,3,3,ACAAGTTAGTCATGTGGTCG,0,2278611
mcbAp5,0.25,3,3,ACAAGGACATCTAATCTGAG,0,2306532
mcbAp5,0.25,3,3,ACAAGCGAGTATTTGAGTTA,0,2311106
mcbAp5,0.25,3,3,ACAACGCGTTCTGCGGCACT,0,2263886
mcbAp5,0.25,3,3,ACAACATATGGACCAATCCT,0,2290246
mcbAp5,0.25,3,3,ACAAATGGGGGTATTTAACT,0,2278388
mcbAp5,0.25,3,3,AATTGTCTGTGCTTTATCAC,0,2294912
mcbAp5,0.25,3,3,AATTGGTACTTACCAAGCCG,0,2295206
mcbAp5,0.25,3,3,AATTCTATATGAAGGTAGCG,0,2273650
mcbAp5,0.25,3,3,AATTCGGTTACGGTTCAGAG,0,2275947
mcbAp5,0.25,3,3,AATTATGGGGTGCCACAGGG,0,2315087
mcbAp5,0.25,3,3,AATTAGTGCTAGGGTGTAGA,0,2305848
mcbAp5,0.25,3,3,AATGTTAAGCCTAATTACCT,0,2294044
mcbAp5,0.25,3,3,AATGGTCGTAATCGCATAAT,0,2291366
mcbAp5,0.25,3,3,AATGGTAATCCGGATAGCAA,0,2274894
mcbAp5,0.25,3,3,AATGCGGACTGTGCGACTAT,0,2264169
mcbAp5,0.25,3,3,AATGCCCGGTTTCCGTGCCC,0,2311710
mcbAp5,0.25,3,3,AATGAATTCACGGTGCATAC,0,2292464
mcbAp5,0.25,3,3,AATGAAGCCTAGGCGGATGT,0,2284471
mcbAp5,0.25,3,3,AATCTCTGCGCACGGAAATA,0,2279145
mcbAp5,0.25,3,3,AATCTAGCGCGGCGTCGGTA,0,2306827
mcbAp5,0.25,3,3,AATCGTGCTTTTGATTCTAC,0,2307226
mcbAp5,0.25,3,3,AATCGTCTCCGTATGGTCAT,0,2290752
mcbAp5,0.25,3,3,AATCGCCAGCAGCAGATAGT,0,2272794
mcbAp5,0.25,3,3,AATCCTAACGATTCAAGAGG,0,2264333
mcbAp5,0.25,3,3,AATCCGTGGAACGAGTTGCT,0,2311484
mcbAp5,0.25,3,3,AATCCGTAGGAACCGCCACT,0,2295835
mcbAp5,0.25,3,3,AATCCCCAACATCACATCAG,0,2263250
mcbAp5,0.25,3,3,AATCCACTTCACTCGTCAAT,0,2307158
mcbAp5,0.25,3,3,AATCATGTTCGATAGTTATT,0,2301756
mcbAp5,0.25,3,3,AATCATCGCAAGAGTCGGCT,0,2290123
mcbAp5,0.25,3,3,AATATTATACTCCATATACT,0,2303171
mcbAp5,0.25,3,3,AATATTACCGCACTTGACTT,0,2284513
mcbAp5,0.25,3,3,AATATCGTCCCTATGGGTCT,0,2274750
mcbAp5,0.25,3,3,AATAGGGTTATCTTCGGGTT,0,2273417
mcbAp5,0.25,3,3,AATACGCTATGGGCGGTACT,0,2311987
mcbAp5,0.25,3,3,AATACCGATCGCCCGTCTCG,0,2262805
mcbAp5,0.25,3,3,AATAATGAACTCACTAACTT,0,2272880
mcbAp5,0.25,3,3,AATAAAGGACCAGAACCAGC,0,2268832
mcbAp5,0.25,3,3,AAGTGGTATAGTGCCCAACA,0,2283504
mcbAp5,0.25,3,3,AAGTGGATGGCTTGAACTGA,0,2298015
mcbAp5,0.25,3,3,AAGTGCTGAGGCTCACAGAA,0,2284848
mcbAp5,0.25,3,3,AAGTCGTTATTCGGTGGATT,0,2265455
mcbAp5,0.25,3,3,AAGTAGCTAATGGGACCAGC,0,2304904
mcbAp5,0.25,3,3,AAGTAGACTAACGCGTACCG,0,2271637
mcbAp5,0.25,3,3,AAGGTGCGAAGCGCATCTGA,0,2268824
mcbAp5,0.25,3,3,AAGGGGTGTCGGCTGAAGAG,0,2298563
mcbAp5,0.25,3,3,AAGGCTTTCGGGCCAACCTT,0,2262866
mcbAp5,0.25,3,3,AAGGCCTTGTAGCAAAGTAA,0,2263847
mcbAp5,0.25,3,3,AAGGCAGCCTTGCCGGCCCC,0,2284364
mcbAp5,0.25,3,3,AAGGAGCTGGGTCGTCTCAG,0,2271762
mcbAp5,0.25,3,3,AAGCTGGCGGGAACGACCAC,0,2303778
mcbAp5,0.25,3,3,AAGCTGGCACTTACTCGGGA,0,2281308
mcbAp5,0.25,3,3,AAGCGCTTGGGCATTCTGAT,0,2303005
mcbAp5,0.25,3,3,AAGCATTGCCTTTAGACGTT,0,2271974
mcbAp5,0.25,3,3,AAGCACGAGATCTAAATCTC,0,2301387
mcbAp5,0.25,3,3,AAGATTTAAAGGACGTAAAA,0,2290360
mcbAp5,0.25,3,3,AAGATTGTAACCTCGGGACA,0,2281030
mcbAp5,0.25,3,3,AAGATGTGCGGCCGTGCAAG,0,2274397
mcbAp5,0.25,3,3,AAGATCTACAAAAGACTTAG,0,2265512
mcbAp5,0.25,3,3,AAGAGTAAAGGAGATATGGA,0,2284074
mcbAp5,0.25,3,3,AAGAGGGTCCTGGGTCTCTA,0,2271010
mcbAp5,0.25,3,3,AAGAGCGGTGTGTCAAGTCG,0,2261470
mcbAp5,0.25,3,3,AAGAGAAACAAACAAGCTAT,0,2265750
mcbAp5,0.25,3,3,AAGACTTCTGCACCCGTATA,0,2262318
mcbAp5,0.25,3,3,AAGACATCCGGCATTATGAA,0,2262766
mcbAp5,0.25,3,3,AAGAAGCGGTTATTTGCACA,0,2294668
mcbAp5,0.25,3,3,AAGAACGGGAAAGGTTTCGA,0,2296514
mcbAp5,0.25,3,3,AACTTGCCTTACTTTTATTT,0,2288720
mcbAp5,0.25,3,3,AACTTAGATCACAGAGTCGT,0,2314394
mcbAp5,0.25,3,3,AACTTAACAATTTGGAGGAC,0,2270088
mcbAp5,0.25,3,3,AACTGGCCGCCAACACATCA,0,2289944
mcbAp5,0.25,3,3,AACTGGAGCTATTGTCGTGG,0,2283956
mcbAp5,0.25,3,3,AACTGCTAGAATTACCGCCG,0,2267977
mcbAp5,0.25,3,3,AACTGCGGGTTCATCTGGCC,0,2285614
mcbAp5,0.25,3,3,AACGTTAGACAATTCTGTAA,0,2297458
mcbAp5,0.25,3,3,AACGTCGGGTTCTCCTGCGC,0,2289886
mcbAp5,0.25,3,3,AACGCGAGATATTGAAATTC,0,2278765
mcbAp5,0.25,3,3,AACGATCACAGATGGCGCTG,0,2299218
mcbAp5,0.25,3,3,AACGAGACTGACATACTTCT,0,2273565
mcbAp5,0.25,3,3,AACGAAGGACCGCATCTCCC,0,2271462
mcbAp5,0.25,3,3,AACCTGTACTTCGTGGGCGA,0,2306470
mcbAp5,0.25,3,3,AACCGTTCCAGTATTAGCCT,0,2272693
mcbAp5,0.25,3,3,AACCGGCTGCCGCTCAGACG,0,2267176
mcbAp5,0.25,3,3,AACCGCACTCGACCGCGACG,0,2290940
mcbAp5,0.25,3,3,AACCCGGTTTATTGTGTGGC,0,2294235
mcbAp5,0.25,3,3,AACCCCCAGACGTTACGGCG,0,2265279
mcbAp5,0.25,3,3,AACCCAATCTGTAAACTGGA,0,2278915
mcbAp5,0.25,3,3,AACCAACATACATGTTAAAA,0,2298191
mcbAp5,0.25,3,3,AACATTTCAAGCAGGTTACC,0,2268547
mcbAp5,0.25,3,3,AACACTGTCATTGTAAAGAT,0,2287535
mcbAp5,0.25,3,3,AACACTAAATTCTGGTTGGC,0,2306787
mcbAp5,0.25,3,3,AACACAAACAGCGAATCACT,0,2299805
mcbAp5,0.25,3,3,AACAACTATCTGAAGGGCGT,0,2291939
mcbAp5,0.25,3,3,AACAACCTGACAGCTTGGCA,0,2305489
mcbAp5,0.25,3,3,AAATTCCACAAATGGAGGTA,0,2286164
mcbAp5,0.25,3,3,AAATGTTTGAGGGAACGGCT,0,2262060
mcbAp5,0.25,3,3,AAATGTGAACGGGAACGGAG,0,2275164
mcbAp5,0.25,3,3,AAATGTATTGGTGTTCCTGA,0,2283649
mcbAp5,0.25,3,3,AAATAAACGCATGACGACAT,0,2284849
mcbAp5,0.25,3,3,AAAGTTACGCGTAATGGATG,0,2283391
mcbAp5,0.25,3,3,AAAGCCATAATGTCGGAATG,0,2291063
mcbAp5,0.25,3,3,AAAGCAGGAGAATAACAACA,0,2283327
mcbAp5,0.25,3,3,AAAGCACCGTAGCTGTCTCC,0,2268882
mcbAp5,0.25,3,3,AAACCCAAATAACACTCCTA,0,2290278
mcbAp5,0.25,3,3,AAACATGAATTGACAGGATC,0,2287372
mcbAp5,0.25,3,3,AAAATCCATCGACTGACCTG,0,2307572
mcbAp5,0.25,3,3,AAAAGTATCCGGGTGTGATC,0,2312583
mcbAp5,0.25,3,3,AAAAGGATTGTGCCCTGTGG,0,2270783
mcbAp5,0.25,3,3,AAAACGGGCCGGTATATACG,0,2278420
mcbAp5,0.25,3,3,AAAAATAGTGTGGGTGGAAA,0,2294675
mcbAp5,0.25,3,3,AAAAAGGGAGACTACACTCA,0,2298744
mcbAp5,0.25,3,3,AAAAAGAACCATTTATTTTT,0,2293401
mcbAp5,0.3333333333333333,2,2,TTTTGCTGGTGAAGGCACGG,0,2292773
mcbAp5,0.3333333333333333,2,2,TTTTGCGCTCCCAGAAGACT,0,2284245
mcbAp5,0.3333333333333333,2,2,TTTTGAGCCCCGTACCAGCA,0,2272766
mcbAp5,0.3333333333333333,2,2,TTTTCTAGGCTAGTGGGTGT,0,2294220
mcbAp5,0.3333333333333333,2,2,TTTTATTTCAATGGGTAAAG,0,2315056
mcbAp5,0.3333333333333333,2,2,TTTTACGTTCCTCCCGTGGT,0,2274322
mcbAp5,0.3333333333333333,2,2,TTTTAATTTGAGAGGAAATA,0,2309352
mcbAp5,0.3333333333333333,2,2,TTTGTTCTGGCAAGGCATCA,0,2285865
mcbAp5,0.3333333333333333,2,2,TTTGTTAATGAATCCGTCAG,0,2279093
mcbAp5,0.3333333333333333,2,2,TTTGTTAAAGAAAAAAATCT,0,2273146
mcbAp5,0.3333333333333333,2,2,TTTGTATCACGTCTTGTTCG,0,2268470
mcbAp5,0.3333333333333333,2,2,TTTGGGGCTTGAGGTACCAT,0,2302779
mcbAp5,0.3333333333333333,2,2,TTTGGCCATGCTCAGAATGT,0,2266969
mcbAp5,0.3333333333333333,2,2,TTTGCTCAGGTTTGCCTGGT,0,2264341
mcbAp5,0.3333333333333333,2,2,TTTGCTATAGGTTTAGATGA,0,2275206
mcbAp5,0.3333333333333333,2,2,TTTGCTAATAACACTGCTGT,0,2288402
mcbAp5,0.3333333333333333,2,2,TTTGCGCGTCATTAAATAAT,0,2303229
mcbAp5,0.3333333333333333,2,2,TTTGAAACCTCAATCCGGAA,0,2281104
mcbAp5,0.3333333333333333,2,2,TTTCTTGTGAGTTAAAGGTA,0,2315171
mcbAp5,0.3333333333333333,2,2,TTTCTTCCCCCATACGTTAT,0,2265749
mcbAp5,0.3333333333333333,2,2,TTTCGGGAGCAGCGGTTTCC,0,2268313
mcbAp5,0.3333333333333333,2,2,TTTCGCCAAACCTCGAACCA,0,2293406
mcbAp5,0.3333333333333333,2,2,TTTCGAACGGTCGTCGCATC,0,2296527
mcbAp5,0.3333333333333333,2,2,TTTCCGGGCCTCACAAAGAT,0,2292862
mcbAp5,0.3333333333333333,2,2,TTTCCAGTAGTACTAAAATA,0,2295207
mcbAp5,0.3333333333333333,2,2,TTTATTAGGCTAATGACTGG,0,2269781
mcbAp5,0.3333333333333333,2,2,TTTATGGCTAGTCGTGCATG,0,2303350
mcbAp5,0.3333333333333333,2,2,TTTAGCGGTAGATGTAATAT,0,2280440
mcbAp5,0.3333333333333333,2,2,TTTAGCCTCTCACCTGTGTG,0,2312566
mcbAp5,0.3333333333333333,2,2,TTTACTCGTACCACTAAGGA,0,2307457
mcbAp5,0.3333333333333333,2,2,TTTACCATCGTTCCCACAAG,0,2283638
mcbAp5,0.3333333333333333,2,2,TTTACCAAACTATTCCTTTG,0,2285177
mcbAp5,0.3333333333333333,2,2,TTTAATTGAACCGCCTGTAT,0,2271743
mcbAp5,0.3333333333333333,2,2,TTTAAGATGCTGTACAAACA,0,2271183
mcbAp5,0.3333333333333333,2,2,TTTAACGGGGTAGAGAGGGT,0,2277765
mcbAp5,0.3333333333333333,2,2,TTGTTTTTTTCACGATTTGG,0,2291057
mcbAp5,0.3333333333333333,2,2,TTGTTTTTCAATATGTGGGT,0,2263227
mcbAp5,0.3333333333333333,2,2,TTGTTTTCCACTCGGGTAGC,0,2295061
mcbAp5,0.3333333333333333,2,2,TTGTTTGCGGGCATACCAAT,0,2290885
mcbAp5,0.3333333333333333,2,2,TTGTTCCGCGATCATAACAA,0,2296926
mcbAp5,0.3333333333333333,2,2,TTGTGGTCTCCTGTGAAAGG,0,2309212
mcbAp5,0.3333333333333333,2,2,TTGTGATAGCCGAGTACAGA,0,2304223
mcbAp5,0.3333333333333333,2,2,TTGTCTGTTTAATACTGAGT,0,2270497
mcbAp5,0.3333333333333333,2,2,TTGTCTGGCCGTATTAGGAC,0,2264204
mcbAp5,0.3333333333333333,2,2,TTGTCAGCTCTTGTTGAATT,0,2293210
mcbAp5,0.3333333333333333,2,2,TTGTCACGGTATATAAAGAG,0,2286912
mcbAp5,0.3333333333333333,2,2,TTGTATGTATGGGGCGGGAT,0,2290240
mcbAp5,0.3333333333333333,2,2,TTGTAGACCTTCTGGAACAA,0,2300840
mcbAp5,0.3333333333333333,2,2,TTGTAGAAACATTCGGCTCG,0,2304287
mcbAp5,0.3333333333333333,2,2,TTGTAACTTGACTTGTTCAA,0,2309626
mcbAp5,0.3333333333333333,2,2,TTGTAACGGTAGTCTGCGGC,0,2298406
mcbAp5,0.3333333333333333,2,2,TTGGTTTGTAGCTACCACGT,0,2288244
mcbAp5,0.3333333333333333,2,2,TTGGTATTTTCACGAGTGCA,0,2271157
mcbAp5,0.3333333333333333,2,2,TTGGGGTGACTGGGGTTGAA,0,2270886
mcbAp5,0.3333333333333333,2,2,TTGGGGCATGGAACCCCGAC,0,2290572
mcbAp5,0.3333333333333333,2,2,TTGGGGCATACGGCGGGCAA,0,2304540
mcbAp5,0.3333333333333333,2,2,TTGGGGCAGCGTACGTCGTA,0,2308992
mcbAp5,0.3333333333333333,2,2,TTGGCTGCACTCGTTGCCGT,0,2288045
mcbAp5,0.3333333333333333,2,2,TTGGATTGGCCATCTAGGGA,0,2267009
mcbAp5,0.3333333333333333,2,2,TTGGATGTTGCGATTGTCAC,0,2287698
mcbAp5,0.3333333333333333,2,2,TTGGATGCAAAGGGTTAACG,0,2311785
mcbAp5,0.3333333333333333,2,2,TTGGACTCGGCGCGTCTATA,0,2311117
mcbAp5,0.3333333333333333,2,2,TTGCTGGAAGATAGTGCAAC,0,2290939
mcbAp5,0.3333333333333333,2,2,TTGCTAACCGCGCGGGTAGA,0,2274600
mcbAp5,0.3333333333333333,2,2,TTGCGTACCAATTTTCTCAC,0,2313638
mcbAp5,0.3333333333333333,2,2,TTGCGCCCCGGCCCAGCTTA,0,2300326
mcbAp5,0.3333333333333333,2,2,TTGCGAGCTCACCCTCGCAA,0,2309003
mcbAp5,0.3333333333333333,2,2,TTGCCTAACTGACCGTTCTA,0,2311114
mcbAp5,0.3333333333333333,2,2,TTGCATAAAGACTTGCGAGA,0,2284435
mcbAp5,0.3333333333333333,2,2,TTGCAGTAGGTCGATGGATT,0,2261228
mcbAp5,0.3333333333333333,2,2,TTGCAAGCGGCAATAAACCT,0,2291322
mcbAp5,0.3333333333333333,2,2,TTGCAAGCCCCCCTCAGGGA,0,2304803
mcbAp5,0.3333333333333333,2,2,TTGCAAATTAGATCGAGTCC,0,2313773
mcbAp5,0.3333333333333333,2,2,TTGATGCTGCGGTGAACCTA,0,2277985
mcbAp5,0.3333333333333333,2,2,TTGATAAATCATGAAAATAC,0,2265093
mcbAp5,0.3333333333333333,2,2,TTGAGCTGAAACTCATAGGA,0,2307060
mcbAp5,0.3333333333333333,2,2,TTGACCTGGGCTCTTATGCT,0,2286371
mcbAp5,0.3333333333333333,2,2,TTGACCAGGGGGGGTACTGT,0,2272297
mcbAp5,0.3333333333333333,2,2,TTGACACTAATCGGCGTCCG,0,2298227
mcbAp5,0.3333333333333333,2,2,TTGAATCCCACCGTTGTTAA,0,2285270
mcbAp5,0.3333333333333333,2,2,TTCTTAACCGACCCCACCGA,0,2285914
mcbAp5,0.3333333333333333,2,2,TTCTTAAAATATCGTTGTTA,0,2298798
mcbAp5,0.3333333333333333,2,2,TTCTGTGGGGATACCGAGTC,0,2281907
mcbAp5,0.3333333333333333,2,2,TTCTGACGGGTGCCGCTTGC,0,2302414
mcbAp5,0.3333333333333333,2,2,TTCTCTTCCGCTCTGCGTGT,0,2283165
mcbAp5,0.3333333333333333,2,2,TTCTCGCCACGCAAATGGAA,0,2279756
mcbAp5,0.3333333333333333,2,2,TTCTCATGTAAGCCTAAGCA,0,2305758
mcbAp5,0.3333333333333333,2,2,TTCGTTCGCAACCTTTCGCG,0,2278838
mcbAp5,0.3333333333333333,2,2,TTCGTACGTCGGAAGGGTAT,0,2263525
mcbAp5,0.3333333333333333,2,2,TTCGGTTCTGTATACAGTTT,0,2293534
mcbAp5,0.3333333333333333,2,2,TTCGGATCAGGTTAGTCAAA,0,2272667
mcbAp5,0.3333333333333333,2,2,TTCGAGCCTCGGGTACCAAT,0,2274592
mcbAp5,0.3333333333333333,2,2,TTCGACGTGCCATAGAGATG,0,2310979
mcbAp5,0.3333333333333333,2,2,TTCCTCCGGGGGCAAGAACT,0,2274334
mcbAp5,0.3333333333333333,2,2,TTCCGTGACCCGGTCATTCC,0,2268568
mcbAp5,0.3333333333333333,2,2,TTCCGTAACCGGTGCGGACA,0,2304954
mcbAp5,0.3333333333333333,2,2,TTCCGACGCTTAGCAGCGCT,0,2293528
mcbAp5,0.3333333333333333,2,2,TTCCCGTCCTGCTTCATGAC,0,2298845
mcbAp5,0.3333333333333333,2,2,TTCCCGGAACTGTTCCGCGG,0,2304388
mcbAp5,0.3333333333333333,2,2,TTCCAATGAGAGGGAACAAG,0,2299479
mcbAp5,0.3333333333333333,2,2,TTCATATTAAGATTCTAGAC,0,2293996
mcbAp5,0.3333333333333333,2,2,TTCATAATCTCCATTGGAAC,0,2283882
mcbAp5,0.3333333333333333,2,2,TTCAGCGGTGATACACGTGC,0,2264441
mcbAp5,0.3333333333333333,2,2,TTCACCGAGTAAAAGCTGGA,0,2286041
mcbAp5,0.3333333333333333,2,2,TTCACAAAGCGTTCTAGAAC,0,2293854
mcbAp5,0.3333333333333333,2,2,TTCAATCTTGCGAAAAACCT,0,2282205
mcbAp5,0.3333333333333333,2,2,TTCAACGCCGCAAAGTTAGG,0,2307606
mcbAp5,0.3333333333333333,2,2,TTATTTATAACGCTTCCTTG,0,2314029
mcbAp5,0.3333333333333333,2,2,TTATTATGGATGGTATTTCG,0,2274190
mcbAp5,0.3333333333333333,2,2,TTATGGTGGGTGGCACTCGA,0,2268341
mcbAp5,0.3333333333333333,2,2,TTATGCGCCCCAGAACCATG,0,2262555
mcbAp5,0.3333333333333333,2,2,TTATGACGAACCGCGGTGAG,0,2312629
mcbAp5,0.3333333333333333,2,2,TTATACTGCTTCTGACTGGT,0,2279690
mcbAp5,0.3333333333333333,2,2,TTATAATCATCGGCGAACGT,0,2262027
mcbAp5,0.3333333333333333,2,2,TTAGTGTAAGCTCGCGGCCT,0,2307211
mcbAp5,0.3333333333333333,2,2,TTAGTGGGCTATAACTCGAC,0,2268602
mcbAp5,0.3333333333333333,2,2,TTAGTCGGCCTCCTGGGTGG,0,2306108
mcbAp5,0.3333333333333333,2,2,TTAGTCAGTCGTAGGTCTGG,0,2304895
mcbAp5,0.3333333333333333,2,2,TTAGGTCCTTTTGTGGTGGA,0,2292742
mcbAp5,0.3333333333333333,2,2,TTAGCTAGTGACCGAACCTA,0,2304045
mcbAp5,0.3333333333333333,2,2,TTAGCGTATTTCCGCCTGCG,0,2263825
mcbAp5,0.3333333333333333,2,2,TTAGAGATGCGTGCTATTTT,0,2265513
mcbAp5,0.3333333333333333,2,2,TTAGAGAAAGTATTTATCAC,0,2285794
mcbAp5,0.3333333333333333,2,2,TTACGTGGCCGCGTATTCGA,0,2283609
mcbAp5,0.3333333333333333,2,2,TTACGAGCCACGGACCTATG,0,2274508
mcbAp5,0.3333333333333333,2,2,TTAATTGTTGAGAGGGGAAA,0,2281400
mcbAp5,0.3333333333333333,2,2,TTAATGCTACGGAGCTAACG,0,2261305
mcbAp5,0.3333333333333333,2,2,TTAATCTGCAGAGACTCAGA,0,2286601
mcbAp5,0.3333333333333333,2,2,TTAATACTGCATCGTCGGAG,0,2301291
mcbAp5,0.3333333333333333,2,2,TTAAGCGCTCGACGGATGGG,0,2267825
mcbAp5,0.3333333333333333,2,2,TTAAGCACGGACATTTCGTC,0,2294901
mcbAp5,0.3333333333333333,2,2,TTAAGATTCGGGGGGTACTA,0,2316105
mcbAp5,0.3333333333333333,2,2,TTAACTTTTTTGGCGAATGT,0,2263833
mcbAp5,0.3333333333333333,2,2,TTAACTCCACCTTGCATCAG,0,2269866
mcbAp5,0.3333333333333333,2,2,TTAACATACAAAGGCTAGTG,0,2277146
mcbAp5,0.3333333333333333,2,2,TTAAATCGACATCGTACCTT,0,2298213
mcbAp5,0.3333333333333333,2,2,TTAAAGTCCCCTTCGCTACT,0,2315778
mcbAp5,0.3333333333333333,2,2,TTAAACCAGTCGGGAAACAT,0,2309955
mcbAp5,0.3333333333333333,2,2,TTAAAAAACATACCTCTACA,0,2263626
mcbAp5,0.3333333333333333,2,2,TGTTTTGCTACGATGGGACT,0,2315649
mcbAp5,0.3333333333333333,2,2,TGTTTCCCCTCAGGTTTGGA,0,2309314
mcbAp5,0.3333333333333333,2,2,TGTTTATTGTGGGTGAGAGT,0,2272994
mcbAp5,0.3333333333333333,2,2,TGTTTATTGCTGGATACGTG,0,2278957
mcbAp5,0.3333333333333333,2,2,TGTTGAGGGAAGATCTACAA,0,2299514
mcbAp5,0.3333333333333333,2,2,TGTTCGGGAAAGGGATTCTC,0,2290905
mcbAp5,0.3333333333333333,2,2,TGTTCCTGTTGGATCCCTAA,0,2263752
mcbAp5,0.3333333333333333,2,2,TGTTAGTAGGGAAACAGGGC,0,2279144
mcbAp5,0.3333333333333333,2,2,TGTTAAGGAATCGTCTCATA,0,2262229
mcbAp5,0.3333333333333333,2,2,TGTGTTGCGACGAAATTGCC,0,2302023
mcbAp5,0.3333333333333333,2,2,TGTGTACCCTCCACCGTAGT,0,2299359
mcbAp5,0.3333333333333333,2,2,TGTGGGCTTCGGGATAGTGA,0,2306804
mcbAp5,0.3333333333333333,2,2,TGTGATGACCAGTGGCGCTA,0,2266946
mcbAp5,0.3333333333333333,2,2,TGTGAGCGGAGGCTTACCAT,0,2307885
mcbAp5,0.3333333333333333,2,2,TGTGAAGGCGCCATTGTCTC,0,2307434
mcbAp5,0.3333333333333333,2,2,TGTCTTACGATGAGGAGCCC,0,2311705
mcbAp5,0.3333333333333333,2,2,TGTCTGAGTCCGATTCAGGC,0,2266864
mcbAp5,0.3333333333333333,2,2,TGTCTCCAAAAACCGTTGTA,0,2286787
mcbAp5,0.3333333333333333,2,2,TGTCTATGGCGCCTTTTAGT,0,2304285
mcbAp5,0.3333333333333333,2,2,TGTCGGTAGTTCAACAGCGA,0,2275225
mcbAp5,0.3333333333333333,2,2,TGTCGGGGTAAGCCACATAG,0,2275511
mcbAp5,0.3333333333333333,2,2,TGTCGGCGTGGATGGAGTCT,0,2273481
mcbAp5,0.3333333333333333,2,2,TGTCCTTCCCAATCTAGTAG,0,2283657
mcbAp5,0.3333333333333333,2,2,TGTCCTTATAATGTCAGGAA,0,2292467
mcbAp5,0.3333333333333333,2,2,TGTCATTTTAACAGGAAGGA,0,2277039
mcbAp5,0.3333333333333333,2,2,TGTCAGCGCGAGGTAGTCGT,0,2261674
mcbAp5,0.3333333333333333,2,2,TGTCAACATTTAAAACACTT,0,2272904
mcbAp5,0.3333333333333333,2,2,TGTATTTGAGGCGTATACTA,0,2280645
mcbAp5,0.3333333333333333,2,2,TGTATCGATCGGGCATGGCT,0,2308333
mcbAp5,0.3333333333333333,2,2,TGTAGTGCCGGTAGCCCCGC,0,2301020
mcbAp5,0.3333333333333333,2,2,TGTACGCTCTTCTCACCCGC,0,2284709
mcbAp5,0.3333333333333333,2,2,TGTACACGTCGTTCCATACC,0,2268460
mcbAp5,0.3333333333333333,2,2,TGTACACATCCAAGTAAAAA,0,2305628
mcbAp5,0.3333333333333333,2,2,TGTAATTCATGTTTGGCGTC,0,2299584
mcbAp5,0.3333333333333333,2,2,TGTAAAGAATGGCTACGCTC,0,2278595
mcbAp5,0.3333333333333333,2,2,TGGTTTAGAGAAGGGGATGA,0,2305719
mcbAp5,0.3333333333333333,2,2,TGGTTGCGCTGGACCGAAAG,0,2297101
mcbAp5,0.3333333333333333,2,2,TGGTTCGGCATTACTTAAGA,0,2268092
mcbAp5,0.3333333333333333,2,2,TGGTGTGGCGGGCTGAGCAG,0,2303080
mcbAp5,0.3333333333333333,2,2,TGGTATGCAGCTAGGACGTT,0,2310917
mcbAp5,0.3333333333333333,2,2,TGGTAGGTGCGCCGTTATAA,0,2287611
mcbAp5,0.3333333333333333,2,2,TGGTAGCCGATTTTTGCGCT,0,2285195
mcbAp5,0.3333333333333333,2,2,TGGGTATGAGTCACAGCCGG,0,2282728
mcbAp5,0.3333333333333333,2,2,TGGGGTTTGCGAACTTGGAG,0,2292427
mcbAp5,0.3333333333333333,2,2,TGGGGAGGGCGAGAAGCAAT,0,2312035
mcbAp5,0.3333333333333333,2,2,TGGGCTACCTTTAAATGTGA,0,2270035
mcbAp5,0.3333333333333333,2,2,TGGGCATGTTATGTATATAT,0,2314346
mcbAp5,0.3333333333333333,2,2,TGGGCATCTCATGAATCAAG,0,2301023
mcbAp5,0.3333333333333333,2,2,TGGGCAAACTCCTTGCGGGT,0,2288729
mcbAp5,0.3333333333333333,2,2,TGGGATCGGAAAGTCTCTTA,0,2287456
mcbAp5,0.3333333333333333,2,2,TGGGACGATCCGTCTTGTAC,0,2275920
mcbAp5,0.3333333333333333,2,2,TGGCGCCACCGGGCGCGTAT,0,2294089
mcbAp5,0.3333333333333333,2,2,TGGCGCAAAGTCAACGCATG,0,2272482
mcbAp5,0.3333333333333333,2,2,TGGCCGGGTCTCCAGCGCCT,0,2280259
mcbAp5,0.3333333333333333,2,2,TGGCCGGACTTGTGAAGCTT,0,2281751
mcbAp5,0.3333333333333333,2,2,TGGCCGAAGTGTCATCTCCC,0,2276366
mcbAp5,0.3333333333333333,2,2,TGGCCACTGCTCGTATGAAA,0,2278503
mcbAp5,0.3333333333333333,2,2,TGGCAGCTAATTGTATTGAT,0,2265022
mcbAp5,0.3333333333333333,2,2,TGGATTCGAAAACAGGCTCT,0,2301992
mcbAp5,0.3333333333333333,2,2,TGGAGTGGAACTCGCACTAC,0,2272694
mcbAp5,0.3333333333333333,2,2,TGGAGGTCTCCCCAAATTTG,0,2266779
mcbAp5,0.3333333333333333,2,2,TGGAGCCGCCGCGGCTGGTA,0,2300194
mcbAp5,0.3333333333333333,2,2,TGGAGAATGGTGCAGAAGAA,0,2272759
mcbAp5,0.3333333333333333,2,2,TGGACCGCTAAACAAAATAT,0,2262824
mcbAp5,0.3333333333333333,2,2,TGGACAGACTTACCATCCGG,0,2284102
mcbAp5,0.3333333333333333,2,2,TGGACAACACCTTCGATCAC,0,2295937
mcbAp5,0.3333333333333333,2,2,TGGAACAAGGCTCACGATGG,0,2270245
mcbAp5,0.3333333333333333,2,2,TGCTTTTGGCGTGGCCCTCG,0,2265944
mcbAp5,0.3333333333333333,2,2,TGCTTCCGTCAGGCTACCTT,0,2307617
mcbAp5,0.3333333333333333,2,2,TGCTGTCTCATGGTGTTGTA,0,2295990
mcbAp5,0.3333333333333333,2,2,TGCTGTCAGGTTTGCTAGGG,0,2298490
mcbAp5,0.3333333333333333,2,2,TGCTGGGCCAAAGAACAAGT,0,2275318
mcbAp5,0.3333333333333333,2,2,TGCGTCTGCGATCGTATCTC,0,2297714
mcbAp5,0.3333333333333333,2,2,TGCGGTTATCGGCCAGCAAG,0,2272957
mcbAp5,0.3333333333333333,2,2,TGCGGCCGGTGGCAATAACA,0,2287108
mcbAp5,0.3333333333333333,2,2,TGCGCTCTTAGGCCGGAACC,0,2268255
mcbAp5,0.3333333333333333,2,2,TGCGCGGCTAGGAGGCGTCT,0,2277198
mcbAp5,0.3333333333333333,2,2,TGCGCCGTATCGCTCGGATG,0,2294292
mcbAp5,0.3333333333333333,2,2,TGCGCCATATGAACCCGGCT,0,2272440
mcbAp5,0.3333333333333333,2,2,TGCGCAAAGGCGCCCCCTCC,0,2302670
mcbAp5,0.3333333333333333,2,2,TGCGACGATACTGTTCTATG,0,2306561
mcbAp5,0.3333333333333333,2,2,TGCGAAGCGGATCTGCTAAT,0,2264018
mcbAp5,0.3333333333333333,2,2,TGCCTCGCTGAAATATCGCT,0,2265903
mcbAp5,0.3333333333333333,2,2,TGCCTCAGGAATGCTGATGT,0,2312526
mcbAp5,0.3333333333333333,2,2,TGCCGGGGGACTGACGCTAG,0,2290578
mcbAp5,0.3333333333333333,2,2,TGCCGAGCCAGGATACTGCG,0,2278520
mcbAp5,0.3333333333333333,2,2,TGCCGAATCTACCGGGCTTT,0,2280675
mcbAp5,0.3333333333333333,2,2,TGCCCCAGCCGTACAAAGCG,0,2295202
mcbAp5,0.3333333333333333,2,2,TGCCAGCCGAGACTGTCTCA,0,2299444
mcbAp5,0.3333333333333333,2,2,TGCCAAATTTTTAAGAGGTT,0,2276130
mcbAp5,0.3333333333333333,2,2,TGCCAAATATACGCTGGTGG,0,2264515
mcbAp5,0.3333333333333333,2,2,TGCATTCCGTCGAATTGTTC,0,2309408
mcbAp5,0.3333333333333333,2,2,TGCATAGAGGTGCGGGGATC,0,2278282
mcbAp5,0.3333333333333333,2,2,TGCAGTATTGAAGCCTATTA,0,2266641
mcbAp5,0.3333333333333333,2,2,TGCAGCAAGACCGGGCGGCG,0,2306521
mcbAp5,0.3333333333333333,2,2,TGCACTAATCTACCGGAGGT,0,2294878
mcbAp5,0.3333333333333333,2,2,TGCACGGATTACATGGACGC,0,2278794
mcbAp5,0.3333333333333333,2,2,TGCACCAGAATCCGGCGCCT,0,2294663
mcbAp5,0.3333333333333333,2,2,TGCAATTGGCTCGTGTGAGG,0,2274115
mcbAp5,0.3333333333333333,2,2,TGCAAGAGGGAGTAGTTGGG,0,2311238
mcbAp5,0.3333333333333333,2,2,TGCAACCTGATATATAGGCC,0,2301993
mcbAp5,0.3333333333333333,2,2,TGATTGGATAATTCGTGGAT,0,2283654
mcbAp5,0.3333333333333333,2,2,TGATTAGTCTGTTCTAATAA,0,2268556
mcbAp5,0.3333333333333333,2,2,TGATGCAACTCGTGAGTTCC,0,2290372
mcbAp5,0.3333333333333333,2,2,TGATATACACGCGTATTTGT,0,2274027
mcbAp5,0.3333333333333333,2,2,TGAGTCTATGCTCCTAATTC,0,2290231
mcbAp5,0.3333333333333333,2,2,TGAGGCAGGCTGATTGAACT,0,2264392
mcbAp5,0.3333333333333333,2,2,TGAGCGACATTCCCGTTGCG,0,2305010
mcbAp5,0.3333333333333333,2,2,TGAGATGTGGAGGAACTGAC,0,2280145
mcbAp5,0.3333333333333333,2,2,TGACTGTGCATCCCTAGGAA,0,2265681
mcbAp5,0.3333333333333333,2,2,TGACTCGGAATAAGATCTTA,0,2290521
mcbAp5,0.3333333333333333,2,2,TGACGCGTTGTTTTAAGACA,0,2264885
mcbAp5,0.3333333333333333,2,2,TGACCCATACGAGGTGTGGA,0,2304096
mcbAp5,0.3333333333333333,2,2,TGACAGATACAGTCCGTTTG,0,2306565
mcbAp5,0.3333333333333333,2,2,TGAATCGGTCCCCACGGTTC,0,2266240
mcbAp5,0.3333333333333333,2,2,TGAATATATACACGCACGAG,0,2294396
mcbAp5,0.3333333333333333,2,2,TGAAGACCAAACTGGCCCTA,0,2269869
mcbAp5,0.3333333333333333,2,2,TGAACAGGCTGGACAGCCCT,0,2271067
mcbAp5,0.3333333333333333,2,2,TGAAATCGGACGCGTGACTA,0,2314710
mcbAp5,0.3333333333333333,2,2,TGAAACAAACCACTGAATAA,0,2308878
mcbAp5,0.3333333333333333,2,2,TCTTTTTCCGATGCTACTTG,0,2307277
mcbAp5,0.3333333333333333,2,2,TCTTGCAGTGGGAGTGGTTC,0,2303309
mcbAp5,0.3333333333333333,2,2,TCTTCTCTATCCCGTTCATT,0,2275685
mcbAp5,0.3333333333333333,2,2,TCTTCGTTTATAAGAAGCGG,0,2290032
mcbAp5,0.3333333333333333,2,2,TCTTCCCGCGTAGTTGTTTC,0,2291629
mcbAp5,0.3333333333333333,2,2,TCTTCATTCTGGCCTATGAA,0,2269133
mcbAp5,0.3333333333333333,2,2,TCTTCATCGAACGGAAAGAC,0,2289651
mcbAp5,0.3333333333333333,2,2,TCTTCACTTGACGGAAGAAT,0,2284087
mcbAp5,0.3333333333333333,2,2,TCTGTTCAGCTGACACAGGC,0,2266995
mcbAp5,0.3333333333333333,2,2,TCTGTCCCAGCGCTGACCGT,0,2305471
mcbAp5,0.3333333333333333,2,2,TCTGTAAAGATGGCTAGAGT,0,2311173
mcbAp5,0.3333333333333333,2,2,TCTGGTTACCTCTCCCTTGG,0,2288973
mcbAp5,0.3333333333333333,2,2,TCTGGGTGTTAGACTGTCGG,0,2279307
mcbAp5,0.3333333333333333,2,2,TCTGGGATGTGTACTGGGAC,0,2267336
mcbAp5,0.3333333333333333,2,2,TCTCTGTTCGGATCCTTATC,0,2284121
mcbAp5,0.3333333333333333,2,2,TCTCTGTGTCCTTATTGACT,0,2303176
mcbAp5,0.3333333333333333,2,2,TCTCGGGATGTCCACGAGTA,0,2271200
mcbAp5,0.3333333333333333,2,2,TCTCGCCTTGTGTCATGTCA,0,2266761
mcbAp5,0.3333333333333333,2,2,TCTCGATCCAATAATGTCAC,0,2263267
mcbAp5,0.3333333333333333,2,2,TCTCCGATTTACAAGTAATG,0,2291856
mcbAp5,0.3333333333333333,2,2,TCTCACTGAAGGCGGCTTGG,0,2261259
mcbAp5,0.3333333333333333,2,2,TCTATTTTGTAACAACGAAT,0,2275940
mcbAp5,0.3333333333333333,2,2,TCTAGGAGTCAACTTCATAT,0,2296990
mcbAp5,0.3333333333333333,2,2,TCTACTCGCATTTATTATGT,0,2265884
mcbAp5,0.3333333333333333,2,2,TCTACCGTAAGTATTAGCAT,0,2289004
mcbAp5,0.3333333333333333,2,2,TCTAATTGTCTCGCGTGGAA,0,2264235
mcbAp5,0.3333333333333333,2,2,TCTAAATCAGGTAACCCCCT,0,2277803
mcbAp5,0.3333333333333333,2,2,TCGTTTTCTTTCTTGGAGAA,0,2304737
mcbAp5,0.3333333333333333,2,2,TCGTTATTCATTAGGGTGTT,0,2282999
mcbAp5,0.3333333333333333,2,2,TCGTTATATCGCTCGTGTTA,0,2299909
mcbAp5,0.3333333333333333,2,2,TCGTTACTTGACTTGAGCTA,0,2261852
mcbAp5,0.3333333333333333,2,2,TCGTGGATCTCGTGACCGTT,0,2271350
mcbAp5,0.3333333333333333,2,2,TCGTGCTTCGCCGTGTCGCG,0,2283083
mcbAp5,0.3333333333333333,2,2,TCGTCGGGTCCACATGGAAG,0,2286083
mcbAp5,0.3333333333333333,2,2,TCGTCGGGATTTCAAATAGA,0,2309925
mcbAp5,0.3333333333333333,2,2,TCGTCCTAACGGGGCCTTAT,0,2286213
mcbAp5,0.3333333333333333,2,2,TCGTAACCTCTGAGCGCCAC,0,2311004
mcbAp5,0.3333333333333333,2,2,TCGGTTTGATTTCCTTCCGT,0,2295869
mcbAp5,0.3333333333333333,2,2,TCGGTGTCTGTGGTTCGAGG,0,2288704
mcbAp5,0.3333333333333333,2,2,TCGGTGGTCTAAATGCATGT,0,2273698
mcbAp5,0.3333333333333333,2,2,TCGGTGCGCAAGGAGCCCAC,0,2271923
mcbAp5,0.3333333333333333,2,2,TCGGTAGGTACTCTACGAGT,0,2263487
mcbAp5,0.3333333333333333,2,2,TCGGGGTGTAATTGCGCTCG,0,2262469
mcbAp5,0.3333333333333333,2,2,TCGGGGCATCTTCGTGAGAG,0,2306156
mcbAp5,0.3333333333333333,2,2,TCGGGAGCAGGTGAATTTGT,0,2282609
mcbAp5,0.3333333333333333,2,2,TCGGCTGCAGCTGACTCAAT,0,2304643
mcbAp5,0.3333333333333333,2,2,TCGGCCACGACCACGCGGAT,0,2264688
mcbAp5,0.3333333333333333,2,2,TCGGCCACGAATCCCTCCAC,0,2311531
mcbAp5,0.3333333333333333,2,2,TCGGCAGGTAAAATCAGTAG,0,2308847
mcbAp5,0.3333333333333333,2,2,TCGGATTATAATGTTAATTG,0,2280475
mcbAp5,0.3333333333333333,2,2,TCGGAGGATGCGACTAGCTT,0,2269290
mcbAp5,0.3333333333333333,2,2,TCGGAACAATTGACGATCGT,0,2270477
mcbAp5,0.3333333333333333,2,2,TCGCTGGTGAAATCTCGTCC,0,2262768
mcbAp5,0.3333333333333333,2,2,TCGCTCCGACGGGAGCTCCA,0,2296722
mcbAp5,0.3333333333333333,2,2,TCGCGTATATCATTCTGGGG,0,2272502
mcbAp5,0.3333333333333333,2,2,TCGCGGTGCGATGGATTGAG,0,2265752
mcbAp5,0.3333333333333333,2,2,TCGCGGACGAGTATCAGAGG,0,2263874
mcbAp5,0.3333333333333333,2,2,TCGCCTGTAAGCAAGCTTCC,0,2308111
mcbAp5,0.3333333333333333,2,2,TCGCCGCTCGCCAGGTCCAC,0,2290113
mcbAp5,0.3333333333333333,2,2,TCGCCAAGGACGCAGCTTAA,0,2262827
mcbAp5,0.3333333333333333,2,2,TCGCACGTACAGCATCACAC,0,2287066
mcbAp5,0.3333333333333333,2,2,TCGCAATTGTAGCCTGAGTG,0,2292158
mcbAp5,0.3333333333333333,2,2,TCGATATTCGGAAACGAGCA,0,2307705
mcbAp5,0.3333333333333333,2,2,TCGACTTGGAGAGAGGGATC,0,2307743
mcbAp5,0.3333333333333333,2,2,TCGACAACGCTGGTTGGTGG,0,2299314
mcbAp5,0.3333333333333333,2,2,TCGAAAGATGGATTCGTCTA,0,2267001
mcbAp5,0.3333333333333333,2,2,TCGAAACTCATGTATCGGGT,0,2296576
mcbAp5,0.3333333333333333,2,2,TCCTTGTTTTCTGTAAACTC,0,2284942
mcbAp5,0.3333333333333333,2,2,TCCTGGTTCTTGGCCGAACT,0,2264107
mcbAp5,0.3333333333333333,2,2,TCCTGGAGGTTCCAATCAGG,0,2302086
mcbAp5,0.3333333333333333,2,2,TCCTCGCAAGACAAAGCAAT,0,2288209
mcbAp5,0.3333333333333333,2,2,TCCTCCTTCCTCGACGGGAA,0,2309404
mcbAp5,0.3333333333333333,2,2,TCCTCCTTATCAGCTTAGTA,0,2262093
mcbAp5,0.3333333333333333,2,2,TCCTATCTGGTCCCCAGAGT,0,2290567
mcbAp5,0.3333333333333333,2,2,TCCTAACCTAGCCTTCACTA,0,2296695
mcbAp5,0.3333333333333333,2,2,TCCGTTGGGCGCCGATGTAG,0,2308487
mcbAp5,0.3333333333333333,2,2,TCCGTGCGCGAGGGGTTTAA,0,2285154
mcbAp5,0.3333333333333333,2,2,TCCGTATTTAAAGAGCGATT,0,2296524
mcbAp5,0.3333333333333333,2,2,TCCGGGCTAGGTGCCAAACT,0,2284456
mcbAp5,0.3333333333333333,2,2,TCCGATACGAAATCCCCAGG,0,2282959
mcbAp5,0.3333333333333333,2,2,TCCGAGTGCTTAACAGTCCC,0,2289355
mcbAp5,0.3333333333333333,2,2,TCCCTTGCGGTTTGGTTGAC,0,2265504
mcbAp5,0.3333333333333333,2,2,TCCCTTCATATCGAACTTTT,0,2314418
mcbAp5,0.3333333333333333,2,2,TCCCTCATACTACGAGCTCT,0,2272278
mcbAp5,0.3333333333333333,2,2,TCCCGTGAAACAGTACTTTG,0,2263987
mcbAp5,0.3333333333333333,2,2,TCCCGTCACCGACTTAATAC,0,2278461
mcbAp5,0.3333333333333333,2,2,TCCCGTAGGATGCGTCTCTA,0,2286174
mcbAp5,0.3333333333333333,2,2,TCCCGTACCCAATCCGGCTA,0,2302968
mcbAp5,0.3333333333333333,2,2,TCCCGGTATATTAGACAAAA,0,2288446
mcbAp5,0.3333333333333333,2,2,TCCCGAGAGAATCCAAAAAT,0,2282898
mcbAp5,0.3333333333333333,2,2,TCCCCTAGATCTTAGAGAAT,0,2270559
mcbAp5,0.3333333333333333,2,2,TCCCCGCACTACGACATCTC,0,2301696
mcbAp5,0.3333333333333333,2,2,TCCCAAAATTTGGTCTTTTA,0,2293788
mcbAp5,0.3333333333333333,2,2,TCCATCCCCCCGGACTGGTG,0,2308722
mcbAp5,0.3333333333333333,2,2,TCCATATCTTGAACACAATT,0,2296119
mcbAp5,0.3333333333333333,2,2,TCCATAGATCTTAGCCCGCA,0,2285449
mcbAp5,0.3333333333333333,2,2,TCCAGCCCTTTTTAAGACAT,0,2282985
mcbAp5,0.3333333333333333,2,2,TCCAGAGAGTGATGACATGC,0,2282514
mcbAp5,0.3333333333333333,2,2,TCCACTTATTTAGTATTAAT,0,2311188
mcbAp5,0.3333333333333333,2,2,TCCACCTGTGGCGATGTTGT,0,2299242
mcbAp5,0.3333333333333333,2,2,TCCAACGGGCCTCCTGCACC,0,2288180
mcbAp5,0.3333333333333333,2,2,TCCAAACCACATTTGATCAT,0,2308254
mcbAp5,0.3333333333333333,2,2,TCATTCGTCGTTAATGCTCT,0,2265659
mcbAp5,0.3333333333333333,2,2,TCATTAGCGAGGGTCGTAAA,0,2294986
mcbAp5,0.3333333333333333,2,2,TCATTACGAGCCCGGGTCCC,0,2301056
mcbAp5,0.3333333333333333,2,2,TCATGTTGTCTGCTGTCCTC,0,2297061
mcbAp5,0.3333333333333333,2,2,TCATGAGCACCTGCGTACTG,0,2289745
mcbAp5,0.3333333333333333,2,2,TCATCTGATCGAACGATCAC,0,2288614
mcbAp5,0.3333333333333333,2,2,TCATCCGGCTAGCTAATGAC,0,2292469
mcbAp5,0.3333333333333333,2,2,TCATCCCACTCATAGCGTCA,0,2305303
mcbAp5,0.3333333333333333,2,2,TCATCACGTTCGCTCGTATG,0,2300373
mcbAp5,0.3333333333333333,2,2,TCATAGGCCTTGACCCCGTA,0,2274688
mcbAp5,0.3333333333333333,2,2,TCATAGCTGGAACGCCTCCG,0,2285020
mcbAp5,0.3333333333333333,2,2,TCATACTAAGCATCGCTCCA,0,2278608
mcbAp5,0.3333333333333333,2,2,TCAGGCTCCCTTTAGGAATT,0,2307405
mcbAp5,0.3333333333333333,2,2,TCAGCTGGTCACAGTTGCGG,0,2315810
mcbAp5,0.3333333333333333,2,2,TCAGATCGGCTTTGGTGATG,0,2268239
mcbAp5,0.3333333333333333,2,2,TCACTTCCATGCTGTCAATC,0,2298545
mcbAp5,0.3333333333333333,2,2,TCACTCAGATCACCGAGACT,0,2297709
mcbAp5,0.3333333333333333,2,2,TCACGGCAATTGGTGTGGTT,0,2312770
mcbAp5,0.3333333333333333,2,2,TCACGCTCCGCTGTCACCGG,0,2274374
mcbAp5,0.3333333333333333,2,2,TCACGAGTCTAGGCCCGGGG,0,2268257
mcbAp5,0.3333333333333333,2,2,TCACCTTCGAACGCAGATAT,0,2277670
mcbAp5,0.3333333333333333,2,2,TCACAGTCTGATTCACTGCG,0,2296740
mcbAp5,0.3333333333333333,2,2,TCAAGGGTGAGAATATGTGC,0,2310982
mcbAp5,0.3333333333333333,2,2,TCAACTCCGTCGGCTTGCGC,0,2312504
mcbAp5,0.3333333333333333,2,2,TCAACGCCGAGTCTTCAGAG,0,2304735
mcbAp5,0.3333333333333333,2,2,TCAACCGGAAAAGGATAACA,0,2286246
mcbAp5,0.3333333333333333,2,2,TCAACATTCACCTTCAAGTA,0,2283614
mcbAp5,0.3333333333333333,2,2,TCAACATATTACCTATACTT,0,2272699
mcbAp5,0.3333333333333333,2,2,TCAAATCCCGGACTTCCAAA,0,2301433
mcbAp5,0.3333333333333333,2,2,TATTTTGTTCCCAGGCCGAT,0,2288577
mcbAp5,0.3333333333333333,2,2,TATTTTGTCCTTGGTTCCGA,0,2287470
mcbAp5,0.3333333333333333,2,2,TATTTGGCCCACATGGTATC,0,2278675
mcbAp5,0.3333333333333333,2,2,TATTTATATAGCTTGGCGCT,0,2284103
mcbAp5,0.3333333333333333,2,2,TATTTACGGGCTCATTACGT,0,2286913
mcbAp5,0.3333333333333333,2,2,TATTCGTTCTCTCCGAAGTC,0,2285041
mcbAp5,0.3333333333333333,2,2,TATTCCACTACGTTGACCCC,0,2303307
mcbAp5,0.3333333333333333,2,2,TATTATTGGTTGATAGGCTC,0,2296784
mcbAp5,0.3333333333333333,2,2,TATTAAAGTGACCCAGCTGA,0,2290532
mcbAp5,0.3333333333333333,2,2,TATGTGTCATTGTTGAGCCC,0,2289262
mcbAp5,0.3333333333333333,2,2,TATGTAAAAGTTATTTTTTT,0,2280247
mcbAp5,0.3333333333333333,2,2,TATGGTGCACTGTTGCTGTG,0,2265821
mcbAp5,0.3333333333333333,2,2,TATGGTACCCTACGGCTAGT,0,2289747
mcbAp5,0.3333333333333333,2,2,TATGGGCAGAGTTATTTAAA,0,2278487
mcbAp5,0.3333333333333333,2,2,TATCTGCCCCTAGATAACGA,0,2307181
mcbAp5,0.3333333333333333,2,2,TATCTAGATGTAGGTACGAC,0,2273141
mcbAp5,0.3333333333333333,2,2,TATCGGGTGATAGGTTAACA,0,2303173
mcbAp5,0.3333333333333333,2,2,TATCCCGGGCATGCGGTCAG,0,2287358
mcbAp5,0.3333333333333333,2,2,TATCAGCTAAGTGACGCTTA,0,2292682
mcbAp5,0.3333333333333333,2,2,TATCAGCGGCGCGGGGATTA,0,2297522
mcbAp5,0.3333333333333333,2,2,TATATTGAAATGGTTACATA,0,2283460
mcbAp5,0.3333333333333333,2,2,TATAGGTAACCCTTAAGGTT,0,2293356
mcbAp5,0.3333333333333333,2,2,TATAGGGGCATTTAGTCCTA,0,2263389
mcbAp5,0.3333333333333333,2,2,TATAGGCATCTCGGCTTAGT,0,2303124
mcbAp5,0.3333333333333333,2,2,TATAGGAGACCTTCCTCAAT,0,2288193
mcbAp5,0.3333333333333333,2,2,TATAGCAGGAATGCCGCACG,0,2287382
mcbAp5,0.3333333333333333,2,2,TATACGAGGGTTAATTTTAA,0,2271956
mcbAp5,0.3333333333333333,2,2,TATAAGGCAACTGCTAGTAC,0,2313952
mcbAp5,0.3333333333333333,2,2,TATAAAGTCTCATGACGGTC,0,2314130
mcbAp5,0.3333333333333333,2,2,TAGTTAGATCTATCGAAGTT,0,2267030
mcbAp5,0.3333333333333333,2,2,TAGGTATCCTCAAAATACTA,0,2272578
mcbAp5,0.3333333333333333,2,2,TAGGGTTTAGAGCGTGCCGT,0,2295983
mcbAp5,0.3333333333333333,2,2,TAGGGGTAGTACTGCGTATG,0,2290723
mcbAp5,0.3333333333333333,2,2,TAGGGCACTTCGCAACGCTC,0,2286715
mcbAp5,0.3333333333333333,2,2,TAGGGATTCTTCTACAAACG,0,2281473
mcbAp5,0.3333333333333333,2,2,TAGGACGCAGTGGTGCCACT,0,2312359
mcbAp5,0.3333333333333333,2,2,TAGGACCGTCACGTGCAAAT,0,2275564
mcbAp5,0.3333333333333333,2,2,TAGGAACCTGGCCCATCAGG,0,2302201
mcbAp5,0.3333333333333333,2,2,TAGCTTGGCCTGCGTGTCCC,0,2298157
mcbAp5,0.3333333333333333,2,2,TAGCTGGTACGCTGTGTCGG,0,2316087
mcbAp5,0.3333333333333333,2,2,TAGCTCTCAACTTGAGAGGC,0,2311217
mcbAp5,0.3333333333333333,2,2,TAGCTCGTTATGGTTGGTCC,0,2311120
mcbAp5,0.3333333333333333,2,2,TAGCCCATTTCCCGCTCCTT,0,2295658
mcbAp5,0.3333333333333333,2,2,TAGCCACCCCGTGAAGCGTT,0,2279422
mcbAp5,0.3333333333333333,2,2,TAGATGCGCAACGAATGCAT,0,2284118
mcbAp5,0.3333333333333333,2,2,TAGACCGATTATACCCACAA,0,2302319
mcbAp5,0.3333333333333333,2,2,TAGACATCGACAGGCAAGGA,0,2264046
mcbAp5,0.3333333333333333,2,2,TAGAAGAGAGTTGAATACAG,0,2276133
mcbAp5,0.3333333333333333,2,2,TAGAAACCACGGTACGACAG,0,2297992
mcbAp5,0.3333333333333333,2,2,TACTGTCGATTTCGTAAGTT,0,2276453
mcbAp5,0.3333333333333333,2,2,TACTGTAAGTTCTGGAACTG,0,2316179
mcbAp5,0.3333333333333333,2,2,TACTGGACGCAGTCTGAGAT,0,2264633
mcbAp5,0.3333333333333333,2,2,TACTGAAAGCTGCACCTTAG,0,2310315
mcbAp5,0.3333333333333333,2,2,TACTCTTCCCCCCGCATGAT,0,2278752
mcbAp5,0.3333333333333333,2,2,TACTAGGCTACATCCTCGGA,0,2310355
mcbAp5,0.3333333333333333,2,2,TACTAATAATATCACGGTTC,0,2309377
mcbAp5,0.3333333333333333,2,2,TACTAACATATTGACGCAAT,0,2313171
mcbAp5,0.3333333333333333,2,2,TACGTAAGAATAGTGGGCCT,0,2306868
mcbAp5,0.3333333333333333,2,2,TACGCTTTAGGAGATGAATA,0,2291320
mcbAp5,0.3333333333333333,2,2,TACCTTAGGGTTCAACACAA,0,2279487
mcbAp5,0.3333333333333333,2,2,TACCTGCGTTCGGGGTTAGA,0,2283085
mcbAp5,0.3333333333333333,2,2,TACCTCCCACAGGTAGCTCC,0,2316027
mcbAp5,0.3333333333333333,2,2,TACCGCTGAAGGTGCTTGTC,0,2282742
mcbAp5,0.3333333333333333,2,2,TACCGCTCATCTTAAGGAAT,0,2264328
mcbAp5,0.3333333333333333,2,2,TACCGCCCGAATCGCGGGAG,0,2290023
mcbAp5,0.3333333333333333,2,2,TACCCTAATAGAGGAATCCG,0,2312379
mcbAp5,0.3333333333333333,2,2,TACCCCAAGAAGGGTCAGGA,0,2296183
mcbAp5,0.3333333333333333,2,2,TACCATTTCCTTTTATGGTG,0,2308370
mcbAp5,0.3333333333333333,2,2,TACCACCATGCCTGTATGTG,0,2278665
mcbAp5,0.3333333333333333,2,2,TACCAAAGCAAATGTTTTTT,0,2299626
mcbAp5,0.3333333333333333,2,2,TACATAGTGGCTTGTTACTT,0,2309158
mcbAp5,0.3333333333333333,2,2,TACAGGCGAAAGACCCAATC,0,2301827
mcbAp5,0.3333333333333333,2,2,TACAGGCAGTACTGTTCCCT,0,2301302
mcbAp5,0.3333333333333333,2,2,TACAGCTCGAGGTTAACAGC,0,2303831
mcbAp5,0.3333333333333333,2,2,TACAGCACATTTAAATCGGT,0,2304533
mcbAp5,0.3333333333333333,2,2,TACACTTGTTAATGACGCAT,0,2288289
mcbAp5,0.3333333333333333,2,2,TACACAAGAATAGAGTCGTC,0,2263765
mcbAp5,0.3333333333333333,2,2,TACAAGATGCCCGTCGAACG,0,2276714
mcbAp5,0.3333333333333333,2,2,TACAAAATACCGTGAGTGTG,0,2298961
mcbAp5,0.3333333333333333,2,2,TAATTAGATGAAGTCGTTCT,0,2281555
mcbAp5,0.3333333333333333,2,2,TAATGTGAACGCTCACGTAA,0,2264744
mcbAp5,0.3333333333333333,2,2,TAATGGCCCTGTCGAAAATG,0,2300512
mcbAp5,0.3333333333333333,2,2,TAATGCCGTGGCTACAAAAG,0,2303961
mcbAp5,0.3333333333333333,2,2,TAATCAGGGATGCTTGGTCA,0,2281931
mcbAp5,0.3333333333333333,2,2,TAATCACTTAACGGGTGGAT,0,2282993
mcbAp5,0.3333333333333333,2,2,TAAGTATTACCACTGAAGTT,0,2314403
mcbAp5,0.3333333333333333,2,2,TAAGTATCTGAGGCTTGATA,0,2284958
mcbAp5,0.3333333333333333,2,2,TAAGGTGGTGGATCTTCCTA,0,2271508
mcbAp5,0.3333333333333333,2,2,TAAGGTAAAACGATAGCGGG,0,2279732
mcbAp5,0.3333333333333333,2,2,TAAGCTGAATTCGGATTGCA,0,2306136
mcbAp5,0.3333333333333333,2,2,TAAGCAGTTAGAAGTAGATA,0,2270577
mcbAp5,0.3333333333333333,2,2,TAAGAGTTCTCCGGAGCGAC,0,2300190
mcbAp5,0.3333333333333333,2,2,TAAGAGCTTACGTGCTATCT,0,2262741
mcbAp5,0.3333333333333333,2,2,TAAGACCGTCCCCATGGTAT,0,2280759
mcbAp5,0.3333333333333333,2,2,TAACTTGTTAAAATAAATGC,0,2288830
mcbAp5,0.3333333333333333,2,2,TAACTTACGCGCCCTAATGA,0,2286152
mcbAp5,0.3333333333333333,2,2,TAACTGAGTATCGGCATATG,0,2305713
mcbAp5,0.3333333333333333,2,2,TAACTGACATATAAACTAGA,0,2300430
mcbAp5,0.3333333333333333,2,2,TAACGTTAAAGCCGTGCGTG,0,2272624
mcbAp5,0.3333333333333333,2,2,TAACGTGCCCGGGGGGTGCT,0,2295868
mcbAp5,0.3333333333333333,2,2,TAACGCCGCAGTACCCACGT,0,2270895
mcbAp5,0.3333333333333333,2,2,TAACGATGTGCGTGCTGGGG,0,2271203
mcbAp5,0.3333333333333333,2,2,TAACCCTAGAATCTATCCGT,0,2282995
mcbAp5,0.3333333333333333,2,2,TAACCCATACGCGATACTCA,0,2282592
mcbAp5,0.3333333333333333,2,2,TAACCAGTAAGTGTGGCTCT,0,2271011
mcbAp5,0.3333333333333333,2,2,TAACACGGGTGCCTGGCTCT,0,2265708
mcbAp5,0.3333333333333333,2,2,TAACACATGTCATAAAATGC,0,2298936
mcbAp5,0.3333333333333333,2,2,TAACAATGGCGGTTAAGGAA,0,2303956
mcbAp5,0.3333333333333333,2,2,TAACAAACGGCGGTGTGTCT,0,2297637
mcbAp5,0.3333333333333333,2,2,TAAATTGCCATTACACGCCC,0,2292019
mcbAp5,0.3333333333333333,2,2,TAAATTAGTTGGGACAGTGT,0,2284373
mcbAp5,0.3333333333333333,2,2,TAAATGGCCCCTTGGACGCC,0,2309062
mcbAp5,0.3333333333333333,2,2,TAAATGGACCCGAGGCCGAA,0,2307068
mcbAp5,0.3333333333333333,2,2,TAAATATTCAGAAGTTAGTA,0,2299993
mcbAp5,0.3333333333333333,2,2,TAAAGTTTTGTCACCACACA,0,2267110
mcbAp5,0.3333333333333333,2,2,TAAACATGGCTCTGGTATGT,0,2315949
mcbAp5,0.3333333333333333,2,2,TAAAACGTTGTCCACTTTTA,0,2290163
mcbAp5,0.3333333333333333,2,2,TAAAACGGTCAGCCTTCCCC,0,2315544
mcbAp5,0.3333333333333333,2,2,TAAAACGGCCTCGACAGTAT,0,2309172
mcbAp5,0.3333333333333333,2,2,TAAAAAGATAATATTATAGT,0,2277055
mcbAp5,0.3333333333333333,2,2,GTTTGTACACGCCACGGTAA,0,2270888
mcbAp5,0.3333333333333333,2,2,GTTTGAAACGGGAGTGGTTC,0,2299645
mcbAp5,0.3333333333333333,2,2,GTTTCTTAGTGGGTGCGGTA,0,2289954
mcbAp5,0.3333333333333333,2,2,GTTTCGTTACAGCTAACGCT,0,2262877
mcbAp5,0.3333333333333333,2,2,GTTTATTGCATTACATGGGG,0,2292142
mcbAp5,0.3333333333333333,2,2,GTTTATACTGGCAGCATGGT,0,2275010
mcbAp5,0.3333333333333333,2,2,GTTGTGGATGGGGCAACAGC,0,2297689
mcbAp5,0.3333333333333333,2,2,GTTGTGATAACGAAGTATGA,0,2270884
mcbAp5,0.3333333333333333,2,2,GTTGGTCACCTGTCAGTGCT,0,2285510
mcbAp5,0.3333333333333333,2,2,GTTGGCCTCACTTTGCGACG,0,2311820
mcbAp5,0.3333333333333333,2,2,GTTGCTGTCGTGAGTGGTTG,0,2302009
mcbAp5,0.3333333333333333,2,2,GTTGCCTAATAGCTGGAGGT,0,2295628
mcbAp5,0.3333333333333333,2,2,GTTGCATACGTACAATTGTG,0,2262400
mcbAp5,0.3333333333333333,2,2,GTTGAGTCGCTTTCTCATGG,0,2299350
mcbAp5,0.3333333333333333,2,2,GTTGAGTAGTTTGTTCAACT,0,2273587
mcbAp5,0.3333333333333333,2,2,GTTGAGCACAAAGAGAACAA,0,2270090
mcbAp5,0.3333333333333333,2,2,GTTGACGAATGCTACTAGGC,0,2295555
mcbAp5,0.3333333333333333,2,2,GTTCTGAGGGGGAATATCGT,0,2274752
mcbAp5,0.3333333333333333,2,2,GTTCGGTTCTCCCAGGACAT,0,2269155
mcbAp5,0.3333333333333333,2,2,GTTCGGGATGTTAAAGTTTA,0,2261600
mcbAp5,0.3333333333333333,2,2,GTTCGCCATTGAAACATTAC,0,2273323
mcbAp5,0.3333333333333333,2,2,GTTCCAACGAGCACATGCAT,0,2302453
mcbAp5,0.3333333333333333,2,2,GTTCACTGGGTGCATAAGGC,0,2306475
mcbAp5,0.3333333333333333,2,2,GTTCACATCTTTTGCCAGGC,0,2288314
mcbAp5,0.3333333333333333,2,2,GTTCACAACATCTAGGTAGC,0,2297417
mcbAp5,0.3333333333333333,2,2,GTTATGTACGCTCAATCTAT,0,2269477
mcbAp5,0.3333333333333333,2,2,GTTATGGGCTTATAGATGTA,0,2289556
mcbAp5,0.3333333333333333,2,2,GTTATCTCTAGCATAAGGAG,0,2314788
mcbAp5,0.3333333333333333,2,2,GTTATAGGTGCGGGAGTCAG,0,2262306
mcbAp5,0.3333333333333333,2,2,GTTAGTGACAACAAGCTTAT,0,2283004
mcbAp5,0.3333333333333333,2,2,GTTACGGCCAAGCTAGCCCG,0,2267055
mcbAp5,0.3333333333333333,2,2,GTTAAGCTGCTATATGGAAT,0,2282659
mcbAp5,0.3333333333333333,2,2,GTTAACCGACACGTTTAGTA,0,2305160
mcbAp5,0.3333333333333333,2,2,GTGTTTGCGAAGATCTCAGC,0,2308540
mcbAp5,0.3333333333333333,2,2,GTGTTGTCGCTCCCCTGTAG,0,2274101
mcbAp5,0.3333333333333333,2,2,GTGTTCGAATTAGGGCAATC,0,2289159
mcbAp5,0.3333333333333333,2,2,GTGTTATCTATTTACTTGCT,0,2303873
mcbAp5,0.3333333333333333,2,2,GTGTGCGGTTGCGCGGCCAA,0,2287685
mcbAp5,0.3333333333333333,2,2,GTGTCTCTGTTATCCGTTAG,0,2280011
mcbAp5,0.3333333333333333,2,2,GTGTCCGAGTACCTTTCGCG,0,2279836
mcbAp5,0.3333333333333333,2,2,GTGTCAAGGAGTTCAGTGAC,0,2283581
mcbAp5,0.3333333333333333,2,2,GTGTATTCCAACGTAGCTAG,0,2264299
mcbAp5,0.3333333333333333,2,2,GTGTATGTCTTAGACGGCCC,0,2314607
mcbAp5,0.3333333333333333,2,2,GTGGTTTACGTGTGTGTCTG,0,2306067
mcbAp5,0.3333333333333333,2,2,GTGGTGAGAAATCATTACAC,0,2292324
mcbAp5,0.3333333333333333,2,2,GTGGGGAGCAAGATCGGGCG,0,2270513
mcbAp5,0.3333333333333333,2,2,GTGGCCGGGAGCGAGTGGAA,0,2264275
mcbAp5,0.3333333333333333,2,2,GTGGCCCGTTGTGACCTGAT,0,2310861
mcbAp5,0.3333333333333333,2,2,GTGGCCACGGTGTAGGTTTG,0,2270868
mcbAp5,0.3333333333333333,2,2,GTGGATTACCCAATTCGATC,0,2295506
mcbAp5,0.3333333333333333,2,2,GTGGAGGGCTTATGGCAGGG,0,2292711
mcbAp5,0.3333333333333333,2,2,GTGGACCTTTCGGGCTCCAA,0,2316198
mcbAp5,0.3333333333333333,2,2,GTGGAACGAGATTACTGACG,0,2304324
mcbAp5,0.3333333333333333,2,2,GTGCTTAGTCACAGAACGTG,0,2296780
mcbAp5,0.3333333333333333,2,2,GTGCGATCTCGAGAACGCCA,0,2298874
mcbAp5,0.3333333333333333,2,2,GTGCCGCGAAGTGCGAGTTC,0,2298721
mcbAp5,0.3333333333333333,2,2,GTGCAGCAGGGTATTTCAAG,0,2288080
mcbAp5,0.3333333333333333,2,2,GTGATTACGTGGCACGCCAA,0,2282696
mcbAp5,0.3333333333333333,2,2,GTGATCTACGGCTCGTCTCA,0,2284116
mcbAp5,0.3333333333333333,2,2,GTGAGGGTTTGAGAGGTTGA,0,2262992
mcbAp5,0.3333333333333333,2,2,GTGAGACGTGCTTGATACTT,0,2268566
mcbAp5,0.3333333333333333,2,2,GTGAGACGCGGGGCGGTAAC,0,2273202
mcbAp5,0.3333333333333333,2,2,GTGACTGTCATCCGGAGCTT,0,2280907
mcbAp5,0.3333333333333333,2,2,GTGACGGGTCAGCGCCGCCC,0,2271407
mcbAp5,0.3333333333333333,2,2,GTGACCGTCTAAAGGCGGGC,0,2286404
mcbAp5,0.3333333333333333,2,2,GTGACATCCGCGCCATCACA,0,2314878
mcbAp5,0.3333333333333333,2,2,GTGAATAAGCGGCCCTGTCC,0,2267646
mcbAp5,0.3333333333333333,2,2,GTCTTGCATGGCAGTCCTTT,0,2264544
mcbAp5,0.3333333333333333,2,2,GTCTTCGGTGATTTTCCGTA,0,2264223
mcbAp5,0.3333333333333333,2,2,GTCTTCATTTTAAGGTTACC,0,2281479
mcbAp5,0.3333333333333333,2,2,GTCTCTGATTAGTTTTTTAT,0,2298246
mcbAp5,0.3333333333333333,2,2,GTCTAATTTGACACCATCAA,0,2304907
mcbAp5,0.3333333333333333,2,2,GTCTAAAAACCTCGACTGAA,0,2290124
mcbAp5,0.3333333333333333,2,2,GTCGTTGATTTTTACAAATT,0,2277338
mcbAp5,0.3333333333333333,2,2,GTCGTACCCTCATGGTTAAG,0,2286829
mcbAp5,0.3333333333333333,2,2,GTCGGTGGTAGGTTCCAGCT,0,2307090
mcbAp5,0.3333333333333333,2,2,GTCGGCTCCTAATGTGCGTA,0,2272350
mcbAp5,0.3333333333333333,2,2,GTCGGCGTGGAGTGGATGGG,0,2263108
mcbAp5,0.3333333333333333,2,2,GTCGGCAGTGTTAGGTTACT,0,2280191
mcbAp5,0.3333333333333333,2,2,GTCGGCAGGCCACGCCGGAC,0,2296104
mcbAp5,0.3333333333333333,2,2,GTCGCTCACTCCCTTTAGAG,0,2298597
mcbAp5,0.3333333333333333,2,2,GTCGCCTGTAACTAGGCAGG,0,2276372
mcbAp5,0.3333333333333333,2,2,GTCGAGAAATTTGCAAGAGA,0,2281385
mcbAp5,0.3333333333333333,2,2,GTCCTTTACCATATGTAGCG,0,2271546
mcbAp5,0.3333333333333333,2,2,GTCCTGTGACGACAGTCCGG,0,2294744
mcbAp5,0.3333333333333333,2,2,GTCCTAGTACTCTGGCGCCA,0,2277866
mcbAp5,0.3333333333333333,2,2,GTCCGTTTTGTTTCACAAAG,0,2309045
mcbAp5,0.3333333333333333,2,2,GTCCCTCGGATCGGAGCAGT,0,2308958
mcbAp5,0.3333333333333333,2,2,GTCCCGGCGGTTCGCACTAC,0,2304507
mcbAp5,0.3333333333333333,2,2,GTCCCCTTGAAGGGCTGCTA,0,2296833
mcbAp5,0.3333333333333333,2,2,GTCCATAAACTGCGGCGTTA,0,2285884
mcbAp5,0.3333333333333333,2,2,GTCCAGGTTAAGGGTTTCGT,0,2294909
mcbAp5,0.3333333333333333,2,2,GTCCAGCGTGTGCCCCACCG,0,2307914
mcbAp5,0.3333333333333333,2,2,GTCATTGCGTATCCTTCGGC,0,2278236
mcbAp5,0.3333333333333333,2,2,GTCATCAATTCGTGTCGGTC,0,2315983
mcbAp5,0.3333333333333333,2,2,GTCAGGTCACGCGTACCTAA,0,2272325
mcbAp5,0.3333333333333333,2,2,GTCAGATCTGACTGATCAAA,0,2277108
mcbAp5,0.3333333333333333,2,2,GTCACTGACATAGACCAGTG,0,2284901
mcbAp5,0.3333333333333333,2,2,GTCACGAGGCTCTAAAACCG,0,2310645
mcbAp5,0.3333333333333333,2,2,GTCACAAACGCTATCGTTTG,0,2265529
mcbAp5,0.3333333333333333,2,2,GTCAATTAGGGTAAGTCCTG,0,2282066
mcbAp5,0.3333333333333333,2,2,GTCAAAACAAGGAGTAAGCA,0,2297016
mcbAp5,0.3333333333333333,2,2,GTATTCAGGAACATATCCCC,0,2288030
mcbAp5,0.3333333333333333,2,2,GTATTCAGAGAAATGCCCGC,0,2289783
mcbAp5,0.3333333333333333,2,2,GTATTAAGCGCTCAGGAGTT,0,2298086
mcbAp5,0.3333333333333333,2,2,GTATGTTCGTTCGTTTGATG,0,2283342
mcbAp5,0.3333333333333333,2,2,GTATGGCCTCTAGTGAGTCC,0,2291029
mcbAp5,0.3333333333333333,2,2,GTATGCTGGTTGCGACTTTT,0,2266730
mcbAp5,0.3333333333333333,2,2,GTATGCGCACGGTTCAGGGA,0,2292864
mcbAp5,0.3333333333333333,2,2,GTATGCACAGTTAATTCCAT,0,2313212
mcbAp5,0.3333333333333333,2,2,GTATCTAGTCGTATACGGTA,0,2283140
mcbAp5,0.3333333333333333,2,2,GTATCACAGGCCGAGGGGTG,0,2280219
mcbAp5,0.3333333333333333,2,2,GTATATCGTTAGGCGTAGTC,0,2288891
mcbAp5,0.3333333333333333,2,2,GTAGGGCGTAACATTAAATT,0,2269085
mcbAp5,0.3333333333333333,2,2,GTAGGCTAAAGCAGGTCGTA,0,2290794
mcbAp5,0.3333333333333333,2,2,GTAGGAGTACCCAACTCGAT,0,2280512
mcbAp5,0.3333333333333333,2,2,GTAGCGAACTCCCGTGGGAA,0,2265807
mcbAp5,0.3333333333333333,2,2,GTAGCCTCGCGATTACTGAG,0,2313830
mcbAp5,0.3333333333333333,2,2,GTAGATCAGATTGAATGTGG,0,2278744
mcbAp5,0.3333333333333333,2,2,GTAGAGACATGCGGCTGTAT,0,2261229
mcbAp5,0.3333333333333333,2,2,GTACTGTGCGGGTCGGAATA,0,2291933
mcbAp5,0.3333333333333333,2,2,GTACTCTATTGTTTAACGCC,0,2284895
mcbAp5,0.3333333333333333,2,2,GTACTCCCGAACACACGTTT,0,2306538
mcbAp5,0.3333333333333333,2,2,GTACCGTGGGGTTAAATGGC,0,2274294
mcbAp5,0.3333333333333333,2,2,GTACATCTAATTGGTACCCT,0,2290343
mcbAp5,0.3333333333333333,2,2,GTACACGCGTGTTGGGAAAT,0,2278327
mcbAp5,0.3333333333333333,2,2,GTAAGGCTTATACAACGGGG,0,2309051
mcbAp5,0.3333333333333333,2,2,GTAAGAGATTCGCCTCCTAC,0,2306216
mcbAp5,0.3333333333333333,2,2,GTAAGACAACCCCAAGCATC,0,2301222
mcbAp5,0.3333333333333333,2,2,GTAACTCCAAGACAGATTCC,0,2270904
mcbAp5,0.3333333333333333,2,2,GTAACAATGGTGATACTCGT,0,2300504
mcbAp5,0.3333333333333333,2,2,GTAAATAGACGCTTGCGGAC,0,2276299
mcbAp5,0.3333333333333333,2,2,GGTTGTAGCCGACGCTCGCA,0,2310095
mcbAp5,0.3333333333333333,2,2,GGTTGGCTCCACGCTGGTGT,0,2303862
mcbAp5,0.3333333333333333,2,2,GGTTGGCAATCGGAGTTTGA,0,2278733
mcbAp5,0.3333333333333333,2,2,GGTTGAAAGGTCCTATATCT,0,2290686
mcbAp5,0.3333333333333333,2,2,GGTTCCGCTCATTCGTTTCG,0,2275727
mcbAp5,0.3333333333333333,2,2,GGTTACGCAAGCTTGGGTTA,0,2285584
mcbAp5,0.3333333333333333,2,2,GGTGTTCGTATTTCGCTCGG,0,2295711
mcbAp5,0.3333333333333333,2,2,GGTGTGTTCAGACCCACCGC,0,2307475
mcbAp5,0.3333333333333333,2,2,GGTGTCCGTAGCGCGAATGT,0,2299445
mcbAp5,0.3333333333333333,2,2,GGTGGGTATGGAGTTGTAGG,0,2300966
mcbAp5,0.3333333333333333,2,2,GGTGGGCCTCCAGGCAGCAT,0,2313312
mcbAp5,0.3333333333333333,2,2,GGTGGCTCTGTTCGGCCGGA,0,2273197
mcbAp5,0.3333333333333333,2,2,GGTGCGCAATTGCCAGGGCG,0,2277160
mcbAp5,0.3333333333333333,2,2,GGTGAGAAAGAGCATAGGTG,0,2279383
mcbAp5,0.3333333333333333,2,2,GGTGAAATATCGATACACCA,0,2301264
mcbAp5,0.3333333333333333,2,2,GGTCTCTCAAAAAGTTCTTG,0,2293575
mcbAp5,0.3333333333333333,2,2,GGTCTAGAAAAATACACCGG,0,2282057
mcbAp5,0.3333333333333333,2,2,GGTCGTCGTTGTGTGTACTG,0,2282417
mcbAp5,0.3333333333333333,2,2,GGTCGTACCCTAGCATAAAT,0,2304506
mcbAp5,0.3333333333333333,2,2,GGTCGTAATAGCTCTCAACG,0,2290086
mcbAp5,0.3333333333333333,2,2,GGTCGGTTCTCACGCAACGA,0,2314042
mcbAp5,0.3333333333333333,2,2,GGTCGGATCTTGTGGAAGGC,0,2297804
mcbAp5,0.3333333333333333,2,2,GGTCACATAGGCTATCCAAA,0,2300655
mcbAp5,0.3333333333333333,2,2,GGTATGGTCGCGGAATATGG,0,2306725
mcbAp5,0.3333333333333333,2,2,GGTATGCATACGTTGATAGA,0,2297136
mcbAp5,0.3333333333333333,2,2,GGTATAAGCCCTCGTTATAC,0,2287430
mcbAp5,0.3333333333333333,2,2,GGTAGAGTTATTCCCAGGGA,0,2282581
mcbAp5,0.3333333333333333,2,2,GGTACGGATACGAGCAGTCT,0,2305348
mcbAp5,0.3333333333333333,2,2,GGTAATGGGATCATAGTAGT,0,2289129
mcbAp5,0.3333333333333333,2,2,GGTAAGTTGATTTACCCTTA,0,2297325
mcbAp5,0.3333333333333333,2,2,GGTAAGGGCCACATATGTTT,0,2278038
mcbAp5,0.3333333333333333,2,2,GGTAACGGAATCTGCAGAAA,0,2294223
mcbAp5,0.3333333333333333,2,2,GGTAACATTCCTGAGGACAT,0,2309175
mcbAp5,0.3333333333333333,2,2,GGTAAATGGGAGATGGAAGA,0,2294933
mcbAp5,0.3333333333333333,2,2,GGGTTGTATTGCGGCAAGTT,0,2308248
mcbAp5,0.3333333333333333,2,2,GGGTTGGTACGGCGTAAACA,0,2297348
mcbAp5,0.3333333333333333,2,2,GGGTTGAGACTGAATTGTAG,0,2284082
mcbAp5,0.3333333333333333,2,2,GGGTGTTAATTTCGGTAATG,0,2278213
mcbAp5,0.3333333333333333,2,2,GGGTGCACGTCCGAGCATGT,0,2300092
mcbAp5,0.3333333333333333,2,2,GGGTCCCTTAAAAGGTTGAC,0,2313086
mcbAp5,0.3333333333333333,2,2,GGGTCACTCTGGTGTGTTAT,0,2293769
mcbAp5,0.3333333333333333,2,2,GGGTATTAAAATATATTTTG,0,2261663
mcbAp5,0.3333333333333333,2,2,GGGGTTCCAGTAATGAGGCG,0,2283352
mcbAp5,0.3333333333333333,2,2,GGGGTCTTGTGTGCCGGATG,0,2295067
mcbAp5,0.3333333333333333,2,2,GGGGTCCGGTAACTCGTTGA,0,2310312
mcbAp5,0.3333333333333333,2,2,GGGGTATTTAGGGAGAATTC,0,2263710
mcbAp5,0.3333333333333333,2,2,GGGGGTCACTGAGATAGGTA,0,2291090
mcbAp5,0.3333333333333333,2,2,GGGGGCGGGAATTACACCCC,0,2275077
mcbAp5,0.3333333333333333,2,2,GGGGCTAGTTCGGTTTGTAT,0,2286165
mcbAp5,0.3333333333333333,2,2,GGGGCTAACACCTTCATTAC,0,2310243
mcbAp5,0.3333333333333333,2,2,GGGGATACTATCTCGCCACC,0,2267415
mcbAp5,0.3333333333333333,2,2,GGGGAGAGATCCACGCATGC,0,2290869
mcbAp5,0.3333333333333333,2,2,GGGGACGGTTGGTAAGTTTT,0,2274705
mcbAp5,0.3333333333333333,2,2,GGGGACCGTATCCTATCCTA,0,2273451
mcbAp5,0.3333333333333333,2,2,GGGGACATTTATCCGGGCGT,0,2267796
mcbAp5,0.3333333333333333,2,2,GGGCTTCAGAGATCAACAGG,0,2289526
mcbAp5,0.3333333333333333,2,2,GGGCTGGTAACTCAGAGGAG,0,2307164
mcbAp5,0.3333333333333333,2,2,GGGCTGAAGGTTCCAGTCAA,0,2278245
mcbAp5,0.3333333333333333,2,2,GGGCTCTAACGGCGCCAGAG,0,2279747
mcbAp5,0.3333333333333333,2,2,GGGCTCCAGCTGGTCTGTTC,0,2306553
mcbAp5,0.3333333333333333,2,2,GGGCGTGATCCTATTTCTTC,0,2277720
mcbAp5,0.3333333333333333,2,2,GGGCGTAACGGCTGGATCGC,0,2285623
mcbAp5,0.3333333333333333,2,2,GGGCGACGGAGCTGCCCTTT,0,2283577
mcbAp5,0.3333333333333333,2,2,GGGCCTGCTCCTCTAGAAAT,0,2315807
mcbAp5,0.3333333333333333,2,2,GGGCCCACAATTGCACCGAT,0,2310341
mcbAp5,0.3333333333333333,2,2,GGGCCATAAAACCGTACACA,0,2288068
mcbAp5,0.3333333333333333,2,2,GGGCACTCGATATGTTGTTT,0,2279765
mcbAp5,0.3333333333333333,2,2,GGGCAAGGGTAAATTTAGTA,0,2315806
mcbAp5,0.3333333333333333,2,2,GGGCAACCAAAAATTTTCTC,0,2310087
mcbAp5,0.3333333333333333,2,2,GGGATCTCTGAGTAACCTGA,0,2293134
mcbAp5,0.3333333333333333,2,2,GGGACTGGCAGCGAATAGAT,0,2298089
mcbAp5,0.3333333333333333,2,2,GGGACGTTTGCTAGGGAGGG,0,2315670
mcbAp5,0.3333333333333333,2,2,GGGAATATAATGCCGTTCCC,0,2288484
mcbAp5,0.3333333333333333,2,2,GGGAAGAATAGCCGACAAAT,0,2294489
mcbAp5,0.3333333333333333,2,2,GGGAACGGGCAAAGCCTCCA,0,2274118
mcbAp5,0.3333333333333333,2,2,GGGAACGGAGTGGACTTAGA,0,2275289
mcbAp5,0.3333333333333333,2,2,GGGAACCTCTTGCGTCACAT,0,2300282
mcbAp5,0.3333333333333333,2,2,GGCTTTGACTCATTCAGCTC,0,2306312
mcbAp5,0.3333333333333333,2,2,GGCTGTTATGCTAGCTGACG,0,2280162
mcbAp5,0.3333333333333333,2,2,GGCTGGATTTTGGATCTGGG,0,2282032
mcbAp5,0.3333333333333333,2,2,GGCTGAGCGACTATGCTGGA,0,2295852
mcbAp5,0.3333333333333333,2,2,GGCTCGTTAAGCCAATGGAA,0,2297445
mcbAp5,0.3333333333333333,2,2,GGCTCCTGTCCTTACTGCAT,0,2277161
mcbAp5,0.3333333333333333,2,2,GGCTCCTAAGGACGACGCTC,0,2266581
mcbAp5,0.3333333333333333,2,2,GGCTATGTGACGAGCGTCCT,0,2289385
mcbAp5,0.3333333333333333,2,2,GGCGTTATTTCCGACACTTG,0,2279392
mcbAp5,0.3333333333333333,2,2,GGCGTCCTGACTTCGATCCC,0,2267481
mcbAp5,0.3333333333333333,2,2,GGCGTCAATTTTCGCTCTCA,0,2315641
mcbAp5,0.3333333333333333,2,2,GGCGGTCCCACGATCCACAA,0,2264132
mcbAp5,0.3333333333333333,2,2,GGCGGGCAGGTTAGCCCATT,0,2311603
mcbAp5,0.3333333333333333,2,2,GGCGGCTGGTAGCTGCAAGC,0,2262315
mcbAp5,0.3333333333333333,2,2,GGCGGCGAGATTTGGCGACT,0,2277465
mcbAp5,0.3333333333333333,2,2,GGCGGATCCTTCATCATTTC,0,2273229
mcbAp5,0.3333333333333333,2,2,GGCGATATCAGGCTTGCTAA,0,2265759
mcbAp5,0.3333333333333333,2,2,GGCGAGAACTGGCTTCCCAG,0,2269825
mcbAp5,0.3333333333333333,2,2,GGCCTACACCGCAGTCCAAT,0,2270415
mcbAp5,0.3333333333333333,2,2,GGCCGGGTACTGTTGATTTA,0,2278057
mcbAp5,0.3333333333333333,2,2,GGCCGGAATAGGTTCTCCCC,0,2267225
mcbAp5,0.3333333333333333,2,2,GGCCGCGCTAGAATACCGTT,0,2268004
mcbAp5,0.3333333333333333,2,2,GGCCGACTTAACCCATAACT,0,2300685
mcbAp5,0.3333333333333333,2,2,GGCCCTTGTCTGCGGCGGTT,0,2275433
mcbAp5,0.3333333333333333,2,2,GGCCCGATAAACATAGATGA,0,2265521
mcbAp5,0.3333333333333333,2,2,GGCCCCGCTTGGTTTCGCTC,0,2280692
mcbAp5,0.3333333333333333,2,2,GGCCAGGTGAACACTCTTCC,0,2283389
mcbAp5,0.3333333333333333,2,2,GGCCAGGGATAAAGACTCCG,0,2279352
mcbAp5,0.3333333333333333,2,2,GGCCAGAACGCGGGAACGTA,0,2314163
mcbAp5,0.3333333333333333,2,2,GGCCAATTTACGCAGGCAGT,0,2302089
mcbAp5,0.3333333333333333,2,2,GGCATCCTTGGGGTTAGCCT,0,2313471
mcbAp5,0.3333333333333333,2,2,GGCATATCTTGTTGGGGTCC,0,2288215
mcbAp5,0.3333333333333333,2,2,GGCATAATTTGCACTCGACT,0,2313849
mcbAp5,0.3333333333333333,2,2,GGCAGTACCCACTAGACTTT,0,2281262
mcbAp5,0.3333333333333333,2,2,GGCAGGGAGTATCAGCTGGG,0,2283275
mcbAp5,0.3333333333333333,2,2,GGCAGAGAGCCATGGATATG,0,2291190
mcbAp5,0.3333333333333333,2,2,GGCACTGCTTGATTTCCGCT,0,2293246
mcbAp5,0.3333333333333333,2,2,GGCACAGGTACGCACTTGGT,0,2307932
mcbAp5,0.3333333333333333,2,2,GGCAATCAAGCCATACTCGG,0,2269996
mcbAp5,0.3333333333333333,2,2,GGATTGCCAATGGTCCGCAT,0,2273217
mcbAp5,0.3333333333333333,2,2,GGATTCGCAGGGGTGCTGAG,0,2311133
mcbAp5,0.3333333333333333,2,2,GGATGCTAAGTTGCTCCTGG,0,2278621
mcbAp5,0.3333333333333333,2,2,GGATGCGATCGTATTCAATG,0,2270850
mcbAp5,0.3333333333333333,2,2,GGATGCCTGATATTGGGGAT,0,2307963
mcbAp5,0.3333333333333333,2,2,GGATGCAAACCAATTCTATA,0,2273256
mcbAp5,0.3333333333333333,2,2,GGATGATAGCGTAGACTTTG,0,2284694
mcbAp5,0.3333333333333333,2,2,GGATCTGGGTGTGGTGTGGT,0,2303609
mcbAp5,0.3333333333333333,2,2,GGATCCAAAGTGCCATTTAA,0,2288372
mcbAp5,0.3333333333333333,2,2,GGATAGGATTAGTGTTAAAT,0,2310120
mcbAp5,0.3333333333333333,2,2,GGATAGAATTAGTCGAAAAG,0,2266692
mcbAp5,0.3333333333333333,2,2,GGATACTTTGTCTTTAGAGC,0,2313487
mcbAp5,0.3333333333333333,2,2,GGATACAAACACGTAAGCCC,0,2273248
mcbAp5,0.3333333333333333,2,2,GGAGTGACCGACCTACAGAT,0,2299075
mcbAp5,0.3333333333333333,2,2,GGAGTATCCTAGCTAGGTAT,0,2296303
mcbAp5,0.3333333333333333,2,2,GGAGTAGCGTGACTCCGTGT,0,2306801
mcbAp5,0.3333333333333333,2,2,GGAGGTTATGTACTTCGAAG,0,2302940
mcbAp5,0.3333333333333333,2,2,GGAGGCGCCTGAATAGCACG,0,2296361
mcbAp5,0.3333333333333333,2,2,GGAGCGCGGATAAAGCAGAG,0,2292156
mcbAp5,0.3333333333333333,2,2,GGAGAATCGTCGTTTGCTTC,0,2277251
mcbAp5,0.3333333333333333,2,2,GGACTGCTGAGTCACTTTCT,0,2301256
mcbAp5,0.3333333333333333,2,2,GGACTCTGCCTCCGGGACAT,0,2276953
mcbAp5,0.3333333333333333,2,2,GGACTCCGATATTTAGTTCG,0,2311469
mcbAp5,0.3333333333333333,2,2,GGACGAGGAACGTCGCGTGA,0,2298769
mcbAp5,0.3333333333333333,2,2,GGACCGCATAAATGTCGAGC,0,2285579
mcbAp5,0.3333333333333333,2,2,GGACCAAGTTTGGATTTAGC,0,2295367
mcbAp5,0.3333333333333333,2,2,GGAAGTGACGCCCTAATAGT,0,2303752
mcbAp5,0.3333333333333333,2,2,GGAAATTAGTACTCTGGCGC,0,2301649
mcbAp5,0.3333333333333333,2,2,GGAAAGCCTCGCATGAAAAA,0,2262225
mcbAp5,0.3333333333333333,2,2,GGAAACATTGCTACATTTTC,0,2267831
mcbAp5,0.3333333333333333,2,2,GCTTGCCTACCTAAAGCAAA,0,2288767
mcbAp5,0.3333333333333333,2,2,GCTTCCTTGAAAAGGATTAA,0,2282920
mcbAp5,0.3333333333333333,2,2,GCTGGTTGTGGGGAAAGTGT,0,2293264
mcbAp5,0.3333333333333333,2,2,GCTGCTGCTTGCTAGTCACT,0,2308219
mcbAp5,0.3333333333333333,2,2,GCTGCGTCCGTAGTCCATTG,0,2266956
mcbAp5,0.3333333333333333,2,2,GCTGCCTCAGAACCTTGGAG,0,2312283
mcbAp5,0.3333333333333333,2,2,GCTGCCGTCAGATAAGGACT,0,2270237
mcbAp5,0.3333333333333333,2,2,GCTGATCCAGGTTTCAGATT,0,2275885
mcbAp5,0.3333333333333333,2,2,GCTGAGATCTCTCATTTCCT,0,2283849
mcbAp5,0.3333333333333333,2,2,GCTGAATTAAGGATCCTGGG,0,2281161
mcbAp5,0.3333333333333333,2,2,GCTCTTTCGTCAAGTTCGGT,0,2276965
mcbAp5,0.3333333333333333,2,2,GCTCTGAGCTACCTACCTCC,0,2289209
mcbAp5,0.3333333333333333,2,2,GCTCTATCATTAGTCTTGTC,0,2266340
mcbAp5,0.3333333333333333,2,2,GCTCGTTCCGCGTCGTTTGC,0,2272552
mcbAp5,0.3333333333333333,2,2,GCTCGGGGGGCGCTCCGCCC,0,2273404
mcbAp5,0.3333333333333333,2,2,GCTCGGCCTTGGACAATTCA,0,2273501
mcbAp5,0.3333333333333333,2,2,GCTCGCTTAAAATAGGTTTT,0,2308569
mcbAp5,0.3333333333333333,2,2,GCTCCTTAACCCAACTTGTC,0,2288856
mcbAp5,0.3333333333333333,2,2,GCTCCTAGTTGTGATGATGC,0,2278900
mcbAp5,0.3333333333333333,2,2,GCTCCCCCTGATGGATCATG,0,2290687
mcbAp5,0.3333333333333333,2,2,GCTCATAGAGTTGTGGGTTG,0,2301846
mcbAp5,0.3333333333333333,2,2,GCTATGCCACGCTGCTTGAA,0,2291984
mcbAp5,0.3333333333333333,2,2,GCTATATAAAAAACATCATA,0,2304646
mcbAp5,0.3333333333333333,2,2,GCTACTATCGAGTGCATAAC,0,2314263
mcbAp5,0.3333333333333333,2,2,GCTACGGAATGGAATAAGAC,0,2280358
mcbAp5,0.3333333333333333,2,2,GCTACGCCAGGATGCCCGGT,0,2308497
mcbAp5,0.3333333333333333,2,2,GCTAATGAGGCCGAAATACA,0,2284250
mcbAp5,0.3333333333333333,2,2,GCTAATCAGAGTATACACAA,0,2307357
mcbAp5,0.3333333333333333,2,2,GCTAAGGGTTCCAAACCCGA,0,2302169
mcbAp5,0.3333333333333333,2,2,GCTAACACTGGATCTGCTCC,0,2293817
mcbAp5,0.3333333333333333,2,2,GCGTTTGGTCATAGGATTTT,0,2292071
mcbAp5,0.3333333333333333,2,2,GCGTTTGCTTGTTTAGGACG,0,2292873
mcbAp5,0.3333333333333333,2,2,GCGTTTAACATTCAGGCGCA,0,2267710
mcbAp5,0.3333333333333333,2,2,GCGTTTAAAACATATAAATG,0,2290587
mcbAp5,0.3333333333333333,2,2,GCGTTCCTGATAGAGTCGAT,0,2296879
mcbAp5,0.3333333333333333,2,2,GCGTTAGGGGGGTACTCACA,0,2276841
mcbAp5,0.3333333333333333,2,2,GCGTGGATGAGGTTCGGATT,0,2310859
mcbAp5,0.3333333333333333,2,2,GCGTCGGGCATGGCCGTGCT,0,2280185
mcbAp5,0.3333333333333333,2,2,GCGTCACGGTCCCGAGGAGG,0,2279915
mcbAp5,0.3333333333333333,2,2,GCGTCACCGCGGAGGGATAT,0,2270231
mcbAp5,0.3333333333333333,2,2,GCGTAGTCTTGAGAAGGACT,0,2277244
mcbAp5,0.3333333333333333,2,2,GCGGTTCCTGAACAGGCGAC,0,2281201
mcbAp5,0.3333333333333333,2,2,GCGGTGGATGCAATTTGATT,0,2283969
mcbAp5,0.3333333333333333,2,2,GCGGTAGTACGACCCCTCGA,0,2265689
mcbAp5,0.3333333333333333,2,2,GCGGGGCCACTGCGTGAACG,0,2284230
mcbAp5,0.3333333333333333,2,2,GCGGCTTAATTTTAACCTTT,0,2276328
mcbAp5,0.3333333333333333,2,2,GCGGCAATCATCTGAAGTGG,0,2298257
mcbAp5,0.3333333333333333,2,2,GCGGATTTTTTCCCCATCGC,0,2277197
mcbAp5,0.3333333333333333,2,2,GCGGATTTTGTAGGGTCATA,0,2309450
mcbAp5,0.3333333333333333,2,2,GCGGAACCCCCGGGGACTAC,0,2305213
mcbAp5,0.3333333333333333,2,2,GCGCTAGAGAATCAATGACC,0,2265696
mcbAp5,0.3333333333333333,2,2,GCGCGTGGACGTATTTGCTT,0,2266220
mcbAp5,0.3333333333333333,2,2,GCGCGGCCTGCATTAGAGCG,0,2283989
mcbAp5,0.3333333333333333,2,2,GCGCGCCAAGGGGGTAGTCC,0,2313329
mcbAp5,0.3333333333333333,2,2,GCGCGCAGTGGGGCTCAGCT,0,2269782
mcbAp5,0.3333333333333333,2,2,GCGCGAGAGATAGGTAACAT,0,2308157
mcbAp5,0.3333333333333333,2,2,GCGCCTGCTCCGTGCAAATC,0,2272071
mcbAp5,0.3333333333333333,2,2,GCGCCGGTGACGAAGAGCTG,0,2274071
mcbAp5,0.3333333333333333,2,2,GCGCCGCAGGCATTGCGGAC,0,2297679
mcbAp5,0.3333333333333333,2,2,GCGCCAAGCGAGGATATGGC,0,2291094
mcbAp5,0.3333333333333333,2,2,GCGCATTATTCACCTGAAGT,0,2274597
mcbAp5,0.3333333333333333,2,2,GCGATCCGTGAAAGTTCTCG,0,2300321
mcbAp5,0.3333333333333333,2,2,GCGAGGAGTCATTGTCCACT,0,2263049
mcbAp5,0.3333333333333333,2,2,GCGAGCTAAATCTGTACGCT,0,2262984
mcbAp5,0.3333333333333333,2,2,GCGACCATTTTTCCTGGCGG,0,2312928
mcbAp5,0.3333333333333333,2,2,GCGACAAGCGAGCGCGAGGC,0,2314292
mcbAp5,0.3333333333333333,2,2,GCGAATTCCTCAATGAAATA,0,2272830
mcbAp5,0.3333333333333333,2,2,GCGAAGATTCAATATAAACC,0,2308635
mcbAp5,0.3333333333333333,2,2,GCCTTTATAGGGCACCCGCA,0,2263279
mcbAp5,0.3333333333333333,2,2,GCCTTCCTCATAACTGCCGC,0,2312689
mcbAp5,0.3333333333333333,2,2,GCCTCGGCAGCTGTGTTCAA,0,2274458
mcbAp5,0.3333333333333333,2,2,GCCTCCGCTGTCCCCAATCG,0,2286060
mcbAp5,0.3333333333333333,2,2,GCCTCAAGTCCCAAGACAAG,0,2272746
mcbAp5,0.3333333333333333,2,2,GCCTACAACGCACGCGTCAG,0,2262371
mcbAp5,0.3333333333333333,2,2,GCCTAAGTCATTCCTGCGGA,0,2310300
mcbAp5,0.3333333333333333,2,2,GCCTAAGATCCGTGGTTTTA,0,2285459
mcbAp5,0.3333333333333333,2,2,GCCTAACCTCACAAGGTGGA,0,2312841
mcbAp5,0.3333333333333333,2,2,GCCGTTATATAACTGGTTAC,0,2298247
mcbAp5,0.3333333333333333,2,2,GCCGTCGGTTATGGAGCGAA,0,2307862
mcbAp5,0.3333333333333333,2,2,GCCGTATTAGATACTAATTT,0,2267648
mcbAp5,0.3333333333333333,2,2,GCCGGTCCCGTTCTCCGCCA,0,2295678
mcbAp5,0.3333333333333333,2,2,GCCGGGTTCCCAAAGCTCCA,0,2300598
mcbAp5,0.3333333333333333,2,2,GCCGCATGTAATACGCTTCG,0,2298494
mcbAp5,0.3333333333333333,2,2,GCCGACGTTTCGACGCAAGT,0,2286226
mcbAp5,0.3333333333333333,2,2,GCCCTAAGGGATCGAAGGGC,0,2278578
mcbAp5,0.3333333333333333,2,2,GCCCACCCTACCATGCGCGG,0,2265517
mcbAp5,0.3333333333333333,2,2,GCCATTCGGCACCTGTTTGA,0,2288609
mcbAp5,0.3333333333333333,2,2,GCCATACAAGGTTGTCTCAA,0,2309400
mcbAp5,0.3333333333333333,2,2,GCCATAAGAAGGGCCATTTT,0,2310345
mcbAp5,0.3333333333333333,2,2,GCCAGTTGGCATGGTTCTCA,0,2298394
mcbAp5,0.3333333333333333,2,2,GCCAGTGGTTCACAGTTCCG,0,2269554
mcbAp5,0.3333333333333333,2,2,GCCACGTATTAAAGCATGCG,0,2266378
mcbAp5,0.3333333333333333,2,2,GCCACCGCCACTTGACTTTC,0,2272618
mcbAp5,0.3333333333333333,2,2,GCCAATACATAAGTGTGAGA,0,2306082
mcbAp5,0.3333333333333333,2,2,GCCAACGTCATGAACCTGAA,0,2264702
mcbAp5,0.3333333333333333,2,2,GCATTTCAAAACTATAAGGG,0,2263621
mcbAp5,0.3333333333333333,2,2,GCATTAATTTTGGGGCTATC,0,2270147
mcbAp5,0.3333333333333333,2,2,GCATGGGATGCGCTAATTAG,0,2310945
mcbAp5,0.3333333333333333,2,2,GCATGGATCTGTGAGTAGGT,0,2286637
mcbAp5,0.3333333333333333,2,2,GCATCGATCACTGGTAATTC,0,2287859
mcbAp5,0.3333333333333333,2,2,GCATCGAGTGGCCATCTTGG,0,2290262
mcbAp5,0.3333333333333333,2,2,GCATCACTACAGCGCGTGTC,0,2273561
mcbAp5,0.3333333333333333,2,2,GCATATCCTGTGAAGCGAAA,0,2280102
mcbAp5,0.3333333333333333,2,2,GCATACGGGGCAAGTTTTGG,0,2276070
mcbAp5,0.3333333333333333,2,2,GCATACCTGTCTGTCAGTCA,0,2304535
mcbAp5,0.3333333333333333,2,2,GCAGTCCAGCTCCCAGCAAA,0,2303284
mcbAp5,0.3333333333333333,2,2,GCAGGGGACACTAAGACAGC,0,2268887
mcbAp5,0.3333333333333333,2,2,GCAGCGGCCGCAATAAACTT,0,2284292
mcbAp5,0.3333333333333333,2,2,GCAGACCATCTGGTTTTCCT,0,2275339
mcbAp5,0.3333333333333333,2,2,GCAGAACTCGGCGACCATAC,0,2313321
mcbAp5,0.3333333333333333,2,2,GCACTGCCGGAAACCATCCC,0,2270354
mcbAp5,0.3333333333333333,2,2,GCACGGCTAAACGTCCGCCA,0,2311295
mcbAp5,0.3333333333333333,2,2,GCACGCTATACACATGCCTA,0,2312694
mcbAp5,0.3333333333333333,2,2,GCACCATCCTTAGGTGATAG,0,2308630
mcbAp5,0.3333333333333333,2,2,GCACCAGTACACCCCGTAAT,0,2308103
mcbAp5,0.3333333333333333,2,2,GCACATGACCCTAAATCGGG,0,2261779
mcbAp5,0.3333333333333333,2,2,GCACATAGGACGTGATGTAT,0,2268703
mcbAp5,0.3333333333333333,2,2,GCAATGCGGCTTTAGGCGTT,0,2295156
mcbAp5,0.3333333333333333,2,2,GCAATATGCCAGGTTATGTC,0,2309052
mcbAp5,0.3333333333333333,2,2,GCAAGGTCTGCGCGACGGCA,0,2273953
mcbAp5,0.3333333333333333,2,2,GCAAGGGGATATTCGAAAAG,0,2275654
mcbAp5,0.3333333333333333,2,2,GCAAGGGCACGCAACGAAGA,0,2279469
mcbAp5,0.3333333333333333,2,2,GCAACTCAAGCATCTCGGCG,0,2299123
mcbAp5,0.3333333333333333,2,2,GCAACGTCCAACTGGCAGGC,0,2314843
mcbAp5,0.3333333333333333,2,2,GCAAAGGGCAAGTCTACGAC,0,2309326
mcbAp5,0.3333333333333333,2,2,GATTGATTGCCCCGAGTCTG,0,2307653
mcbAp5,0.3333333333333333,2,2,GATTATCGAAGGAAGCGCCT,0,2304781
mcbAp5,0.3333333333333333,2,2,GATTAATCAGCCGTCATGAG,0,2265869
mcbAp5,0.3333333333333333,2,2,GATGTTGCATGGCCGCCACG,0,2293350
mcbAp5,0.3333333333333333,2,2,GATGTTCTCATTAGAGTTGC,0,2315488
mcbAp5,0.3333333333333333,2,2,GATGCTGGGCTTCTCCTCAT,0,2298730
mcbAp5,0.3333333333333333,2,2,GATGCGACGCAAGCACCATT,0,2286278
mcbAp5,0.3333333333333333,2,2,GATGATTTATATGCAACCTG,0,2299430
mcbAp5,0.3333333333333333,2,2,GATCGTCTGTCATTTCTAAT,0,2299570
mcbAp5,0.3333333333333333,2,2,GATCGGCCATCAGACAGATT,0,2299492
mcbAp5,0.3333333333333333,2,2,GATCGCCCAGAGGGTTTGGT,0,2287459
mcbAp5,0.3333333333333333,2,2,GATCGAAACCTCTTATGCGC,0,2313259
mcbAp5,0.3333333333333333,2,2,GATATTGAACAACACAGAGC,0,2272346
mcbAp5,0.3333333333333333,2,2,GATAGGTCTATAACTTCTTT,0,2266553
mcbAp5,0.3333333333333333,2,2,GATAGGCCTTAACCTGGATT,0,2266396
mcbAp5,0.3333333333333333,2,2,GATAGCTAAATAGATTCGCG,0,2267317
mcbAp5,0.3333333333333333,2,2,GATAGAGGTCTAGCGGCTCA,0,2284720
mcbAp5,0.3333333333333333,2,2,GATAGAATGACACTCAATTC,0,2285078
mcbAp5,0.3333333333333333,2,2,GATACGAGTCGCTACACGTG,0,2294255
mcbAp5,0.3333333333333333,2,2,GATACCGAGTATACCGAGCA,0,2268626
mcbAp5,0.3333333333333333,2,2,GATAATGGAATAACGATGGG,0,2276986
mcbAp5,0.3333333333333333,2,2,GATAAGTATGTGGTGTATTA,0,2303535
mcbAp5,0.3333333333333333,2,2,GAGTTTTGTGACTCTACACA,0,2271313
mcbAp5,0.3333333333333333,2,2,GAGTTGCGATTGGCGCTTGC,0,2264538
mcbAp5,0.3333333333333333,2,2,GAGTTCCCTACAGCAAGCAC,0,2281836
mcbAp5,0.3333333333333333,2,2,GAGTTCCAAGCAGGGGGACG,0,2301870
mcbAp5,0.3333333333333333,2,2,GAGTGTCCCCCGAGAAGCCA,0,2309907
mcbAp5,0.3333333333333333,2,2,GAGTCTAATCAGATCGTATG,0,2316414
mcbAp5,0.3333333333333333,2,2,GAGTACTGCGCTAGACTTCA,0,2314943
mcbAp5,0.3333333333333333,2,2,GAGGTCGAAGGAAATGATGG,0,2272547
mcbAp5,0.3333333333333333,2,2,GAGGTATGATGATTCGATGA,0,2311167
mcbAp5,0.3333333333333333,2,2,GAGGGCTCCCGGGTTTGGGA,0,2286796
mcbAp5,0.3333333333333333,2,2,GAGGGATCTGGGTTTACGGA,0,2316232
mcbAp5,0.3333333333333333,2,2,GAGGGATCGGATTTCTACCA,0,2295699
mcbAp5,0.3333333333333333,2,2,GAGGGACATATCTAAACTGC,0,2312836
mcbAp5,0.3333333333333333,2,2,GAGGGACACCGGTAGTGCTG,0,2303598
mcbAp5,0.3333333333333333,2,2,GAGGCGGAGCGTTTCAAACC,0,2283960
mcbAp5,0.3333333333333333,2,2,GAGGCACTCGGTCCAGCATA,0,2269383
mcbAp5,0.3333333333333333,2,2,GAGGATCCGAGATTCGTGAG,0,2289265
mcbAp5,0.3333333333333333,2,2,GAGGAGCCCCGTGACGACGG,0,2275340
mcbAp5,0.3333333333333333,2,2,GAGGACTTTTTATGACTGAC,0,2293584
mcbAp5,0.3333333333333333,2,2,GAGGACTTGAGGTTTTGGGG,0,2313522
mcbAp5,0.3333333333333333,2,2,GAGCTATCAGTCTCATTTCC,0,2268749
mcbAp5,0.3333333333333333,2,2,GAGCGTTCCTTCGATGCAAG,0,2290573
mcbAp5,0.3333333333333333,2,2,GAGCGGGTTCTGCGGGGATC,0,2296909
mcbAp5,0.3333333333333333,2,2,GAGCGGCCTCACAGTTTAAC,0,2280621
mcbAp5,0.3333333333333333,2,2,GAGCGCTGTACAAAGGTAAG,0,2267154
mcbAp5,0.3333333333333333,2,2,GAGCGCGCCGTAGACGTTAC,0,2312275
mcbAp5,0.3333333333333333,2,2,GAGCCGTCCTCCCCGCCCCC,0,2263568
mcbAp5,0.3333333333333333,2,2,GAGCCAGCATGCCCTCGAGC,0,2307256
mcbAp5,0.3333333333333333,2,2,GAGCATAGAAGAGGTCCGCT,0,2312445
mcbAp5,0.3333333333333333,2,2,GAGCACTTGGCCAGCGGATT,0,2290193
mcbAp5,0.3333333333333333,2,2,GAGATGTATACGGGTTGCCG,0,2270721
mcbAp5,0.3333333333333333,2,2,GAGATATTCGAATCAGCTGT,0,2288374
mcbAp5,0.3333333333333333,2,2,GAGATAACGGCACGACCATA,0,2293399
mcbAp5,0.3333333333333333,2,2,GAGAGTCGGATAGAACGGGG,0,2281660
mcbAp5,0.3333333333333333,2,2,GAGAGTCCTTTTGATCGAAG,0,2289470
mcbAp5,0.3333333333333333,2,2,GAGAGCCCGAGAGCTTTAGC,0,2263730
mcbAp5,0.3333333333333333,2,2,GAGACTTTGAGATGGGTGTA,0,2294841
mcbAp5,0.3333333333333333,2,2,GAGACGACATGCGGTTACTG,0,2262569
mcbAp5,0.3333333333333333,2,2,GAGACCACGGAGCAGATATT,0,2290579
mcbAp5,0.3333333333333333,2,2,GAGAAACCTCGCCGGCAAAA,0,2264171
mcbAp5,0.3333333333333333,2,2,GACTTAGCATCCTCATGTAT,0,2265847
mcbAp5,0.3333333333333333,2,2,GACTGACGGACCGATCCTTG,0,2299864
mcbAp5,0.3333333333333333,2,2,GACTATTGTTTAATCTAATA,0,2276677
mcbAp5,0.3333333333333333,2,2,GACTATCTACACCTGAATGA,0,2298740
mcbAp5,0.3333333333333333,2,2,GACTATATGTCTCCACTCGT,0,2310542
mcbAp5,0.3333333333333333,2,2,GACTAGATCGCCGATACCGT,0,2276844
mcbAp5,0.3333333333333333,2,2,GACTAGAGGCAAGGTTAGTG,0,2262107
mcbAp5,0.3333333333333333,2,2,GACGTTACGACAGCCTGGGA,0,2267146
mcbAp5,0.3333333333333333,2,2,GACGTGAGGTTTGGTACCAT,0,2289430
mcbAp5,0.3333333333333333,2,2,GACGTCTCTCTAAGCGGAAA,0,2314979
mcbAp5,0.3333333333333333,2,2,GACGTCGGTGCCCTCCGATA,0,2294075
mcbAp5,0.3333333333333333,2,2,GACGGTTCTCGCAATTTATG,0,2279046
mcbAp5,0.3333333333333333,2,2,GACGCGTGGGCACGAATACC,0,2309366
mcbAp5,0.3333333333333333,2,2,GACGCACATCCGAGGTGGGC,0,2264469
mcbAp5,0.3333333333333333,2,2,GACCTCTTGAAGGAGAAGGT,0,2275556
mcbAp5,0.3333333333333333,2,2,GACCTATTTGCCCCATTAAT,0,2281743
mcbAp5,0.3333333333333333,2,2,GACCGGGGTGTATCGTGCGT,0,2278856
mcbAp5,0.3333333333333333,2,2,GACCGGGCGGTCAGAGATAT,0,2294839
mcbAp5,0.3333333333333333,2,2,GACCGAAGGTGTGACACGCA,0,2297420
mcbAp5,0.3333333333333333,2,2,GACCCTGTGGTGAGCCCCGA,0,2277195
mcbAp5,0.3333333333333333,2,2,GACCATCCTTGTCCCCTTGT,0,2272102
mcbAp5,0.3333333333333333,2,2,GACCAGCTCGCCCCAGCGAG,0,2277612
mcbAp5,0.3333333333333333,2,2,GACATACCGAGGCCGGTTTG,0,2295697
mcbAp5,0.3333333333333333,2,2,GACAATCCAACGTCCAGGAA,0,2289982
mcbAp5,0.3333333333333333,2,2,GACAAGTTATACCCGTTGGT,0,2269943
mcbAp5,0.3333333333333333,2,2,GACAACGGCCAGTACCTGAT,0,2283756
mcbAp5,0.3333333333333333,2,2,GAATTGTTCCATATGTCCTA,0,2275438
mcbAp5,0.3333333333333333,2,2,GAATTCTGGTCGAAGTCACT,0,2310865
mcbAp5,0.3333333333333333,2,2,GAATTATCATAGCCACGCCC,0,2284626
mcbAp5,0.3333333333333333,2,2,GAATGGTATGACAAATTCGT,0,2308492
mcbAp5,0.3333333333333333,2,2,GAATGCAACGTAGTGTATCA,0,2303210
mcbAp5,0.3333333333333333,2,2,GAATGATTATAAAGCTATTA,0,2303963
mcbAp5,0.3333333333333333,2,2,GAATCATCCACGGCTAGGGG,0,2269272
mcbAp5,0.3333333333333333,2,2,GAATATTACAGGGAGCCAAA,0,2264066
mcbAp5,0.3333333333333333,2,2,GAATAGCGCCTCTTGGTGGT,0,2296825
mcbAp5,0.3333333333333333,2,2,GAATAAGTTGGAGCTGGGAA,0,2265777
mcbAp5,0.3333333333333333,2,2,GAATAACACTACCACGCTAG,0,2273558
mcbAp5,0.3333333333333333,2,2,GAAGCTCATCAATGTCTAAG,0,2270589
mcbAp5,0.3333333333333333,2,2,GAAGCGCGACGACCCGTCAC,0,2296802
mcbAp5,0.3333333333333333,2,2,GAAGCCCCCACAGGTGGACA,0,2279904
mcbAp5,0.3333333333333333,2,2,GAAGCATCAGAGGCGCGGTT,0,2276079
mcbAp5,0.3333333333333333,2,2,GAAGAGTCGCAAGGCTGTAG,0,2266551
mcbAp5,0.3333333333333333,2,2,GAAGAGTCCCCCCCGCGAAG,0,2301227
mcbAp5,0.3333333333333333,2,2,GAAGAAGTAGGTCCAGATTG,0,2284836
mcbAp5,0.3333333333333333,2,2,GAACTCTGAACTGTTTAGGT,0,2290277
mcbAp5,0.3333333333333333,2,2,GAACTCCGTACAAGTCTATT,0,2268187
mcbAp5,0.3333333333333333,2,2,GAACCTCTCGTCGAAGGCTA,0,2271795
mcbAp5,0.3333333333333333,2,2,GAACATATGGAAAATTCCTT,0,2292243
mcbAp5,0.3333333333333333,2,2,GAAATTCAGGAGGGATAACA,0,2311439
mcbAp5,0.3333333333333333,2,2,GAAAGTTACAAACTTCTAGT,0,2313185
mcbAp5,0.3333333333333333,2,2,GAAACGATATGAAGTACATG,0,2293473
mcbAp5,0.3333333333333333,2,2,GAAAAGTAGGGTCCTTATTC,0,2314168
mcbAp5,0.3333333333333333,2,2,GAAAAGGTATTCCAACTAGG,0,2311807
mcbAp5,0.3333333333333333,2,2,GAAAACGCGGCCAATTGAAG,0,2313905
mcbAp5,0.3333333333333333,2,2,CTTTTTTGTAATCGAATTGC,0,2263366
mcbAp5,0.3333333333333333,2,2,CTTTTTTCAATTACAGACCC,0,2273099
mcbAp5,0.3333333333333333,2,2,CTTTTTAACTTGTCGCTATT,0,2295171
mcbAp5,0.3333333333333333,2,2,CTTTTGGTTATGGTACGCGA,0,2292745
mcbAp5,0.3333333333333333,2,2,CTTTTAGATATACGGGTAAC,0,2284220
mcbAp5,0.3333333333333333,2,2,CTTTGACTGATATATCATTC,0,2268732
mcbAp5,0.3333333333333333,2,2,CTTTCTTGAGTAAGTCTATA,0,2271719
mcbAp5,0.3333333333333333,2,2,CTTTCGTTGCGCCGCGGCCC,0,2307500
mcbAp5,0.3333333333333333,2,2,CTTTCAAGGGTATGATCGGT,0,2316405
mcbAp5,0.3333333333333333,2,2,CTTTATAAAACGTCCGTATG,0,2268918
mcbAp5,0.3333333333333333,2,2,CTTTACAGAGTTAGTGTTGG,0,2295728
mcbAp5,0.3333333333333333,2,2,CTTTAATATGGTGGTGGACT,0,2277445
mcbAp5,0.3333333333333333,2,2,CTTGTTGGTGGCATGAACCG,0,2288772
mcbAp5,0.3333333333333333,2,2,CTTGTTACACACACTTTTAA,0,2276836
mcbAp5,0.3333333333333333,2,2,CTTGTGACCGTTCGCCTCCG,0,2291921
mcbAp5,0.3333333333333333,2,2,CTTGTGAATGCCGTGAGGAG,0,2300718
mcbAp5,0.3333333333333333,2,2,CTTGTCGGCGACACAAGGGT,0,2272469
mcbAp5,0.3333333333333333,2,2,CTTGTCGGAGATCACAGGTT,0,2286659
mcbAp5,0.3333333333333333,2,2,CTTGTATGATCTCAAAGTCA,0,2295285
mcbAp5,0.3333333333333333,2,2,CTTGTAAGTTCGTAGCCATT,0,2282934
mcbAp5,0.3333333333333333,2,2,CTTGGTTCAACACCGCCTTC,0,2302341
mcbAp5,0.3333333333333333,2,2,CTTGGTGCTACATCAGTAGA,0,2274392
mcbAp5,0.3333333333333333,2,2,CTTGGCGAAGAAAGTCTCGT,0,2275074
mcbAp5,0.3333333333333333,2,2,CTTGGCATTATCCCTCGCCT,0,2262585
mcbAp5,0.3333333333333333,2,2,CTTGGCACATGTCAGTGGAC,0,2313881
mcbAp5,0.3333333333333333,2,2,CTTGCCAGTGAATAAATTGT,0,2264424
mcbAp5,0.3333333333333333,2,2,CTTGAACTCGGGAGACGCGA,0,2291663
mcbAp5,0.3333333333333333,2,2,CTTCTGTTAAGCCATACTCG,0,2280009
mcbAp5,0.3333333333333333,2,2,CTTCTGCCCCAATACCAAGG,0,2301862
mcbAp5,0.3333333333333333,2,2,CTTCTAGCTTAAGCCAAAGT,0,2276326
mcbAp5,0.3333333333333333,2,2,CTTCGTTGTCGCGTTCTATG,0,2306841
mcbAp5,0.3333333333333333,2,2,CTTCGCGCATACGAAGCCTA,0,2312287
mcbAp5,0.3333333333333333,2,2,CTTCGCGATTCGGCCGGTAA,0,2289883
mcbAp5,0.3333333333333333,2,2,CTTCGATGCTCTTAAAAGCT,0,2307453
mcbAp5,0.3333333333333333,2,2,CTTCCTCCATGAGTAGCAGC,0,2277500
mcbAp5,0.3333333333333333,2,2,CTTCAGTATTGACCAACCCA,0,2261197
mcbAp5,0.3333333333333333,2,2,CTTATTGGATTCCTCAAAAA,0,2283693
mcbAp5,0.3333333333333333,2,2,CTTAGTAGTCATTTATGGAC,0,2261449
mcbAp5,0.3333333333333333,2,2,CTTAGAAACTGTAGGGAACT,0,2271376
mcbAp5,0.3333333333333333,2,2,CTTACTAATAGTCTTACTTT,0,2273463
mcbAp5,0.3333333333333333,2,2,CTTACCTTGTTACAGCGCCA,0,2275827
mcbAp5,0.3333333333333333,2,2,CTTAATTGAAAGTCAGGTAT,0,2308724
mcbAp5,0.3333333333333333,2,2,CTGTTGTCTACTCAGGAAGA,0,2292124
mcbAp5,0.3333333333333333,2,2,CTGTTCTGGGAGGCTCCGCT,0,2294465
mcbAp5,0.3333333333333333,2,2,CTGTTCTGGAGCATACACAC,0,2288604
mcbAp5,0.3333333333333333,2,2,CTGTGTGTGGGTCAAGCGAG,0,2280482
mcbAp5,0.3333333333333333,2,2,CTGTGCCGCACCCGCGCCTT,0,2286949
mcbAp5,0.3333333333333333,2,2,CTGTCTCGGTCTAAGTACAG,0,2280527
mcbAp5,0.3333333333333333,2,2,CTGTCGGGGTGATCGTGTGA,0,2284054
mcbAp5,0.3333333333333333,2,2,CTGTCGATATTCTTTCAGCA,0,2287599
mcbAp5,0.3333333333333333,2,2,CTGTCCCGGGCTCTGATCAG,0,2297608
mcbAp5,0.3333333333333333,2,2,CTGGTGTCAGAATTCTCGCA,0,2300188
mcbAp5,0.3333333333333333,2,2,CTGGTGCTCAGAGACTAATT,0,2278221
mcbAp5,0.3333333333333333,2,2,CTGGTCGGGAGGTGGGTAAA,0,2288130
mcbAp5,0.3333333333333333,2,2,CTGGTCATACTTATATCGCC,0,2288688
mcbAp5,0.3333333333333333,2,2,CTGGGTTTTCTCTCACTCCC,0,2289452
mcbAp5,0.3333333333333333,2,2,CTGGGGGCTCGCGGCCTTCA,0,2312993
mcbAp5,0.3333333333333333,2,2,CTGGCTACCCATTTGTTAGT,0,2300226
mcbAp5,0.3333333333333333,2,2,CTGGAGTCATACCGTGTCGG,0,2310591
mcbAp5,0.3333333333333333,2,2,CTGGAGAAACTTGAATCTTT,0,2298183
mcbAp5,0.3333333333333333,2,2,CTGGAACATCAGCGTCTTGG,0,2275972
mcbAp5,0.3333333333333333,2,2,CTGCTCTGAGCCGACGTAGC,0,2298160
mcbAp5,0.3333333333333333,2,2,CTGCGGTCGGAAATGCTCTC,0,2296681
mcbAp5,0.3333333333333333,2,2,CTGCGGGATGTGGCGTTCAC,0,2290993
mcbAp5,0.3333333333333333,2,2,CTGCGATTCGCACTATCTCC,0,2269216
mcbAp5,0.3333333333333333,2,2,CTGATTTAATCACGCCGATT,0,2280557
mcbAp5,0.3333333333333333,2,2,CTGATTCGTACGCTGCACCC,0,2286945
mcbAp5,0.3333333333333333,2,2,CTGATGTCAAGTTGTATTTA,0,2302189
mcbAp5,0.3333333333333333,2,2,CTGATGTATGGGGCCATGAG,0,2281330
mcbAp5,0.3333333333333333,2,2,CTGATGGGGGATGAGCTAAT,0,2307040
mcbAp5,0.3333333333333333,2,2,CTGATAACAACAGTTAAAGT,0,2310891
mcbAp5,0.3333333333333333,2,2,CTGAGTAAATTCTATTTAGT,0,2261497
mcbAp5,0.3333333333333333,2,2,CTGAGCGACAGTTCTGATTT,0,2277377
mcbAp5,0.3333333333333333,2,2,CTGAGAAATAGGGAATATGC,0,2265773
mcbAp5,0.3333333333333333,2,2,CTGACTGATAATAGGCGACC,0,2272646
mcbAp5,0.3333333333333333,2,2,CTGACGTCAACTTATAAACT,0,2295111
mcbAp5,0.3333333333333333,2,2,CTCTGCGCCCTCCGTTAGCG,0,2270610
mcbAp5,0.3333333333333333,2,2,CTCTATAAGGCTTCATACAC,0,2280566
mcbAp5,0.3333333333333333,2,2,CTCTAAGGCGAATATCTCCG,0,2301535
mcbAp5,0.3333333333333333,2,2,CTCTAACTCGAGTGGTCCAA,0,2298864
mcbAp5,0.3333333333333333,2,2,CTCGTTTCTTCAGTCGTGGC,0,2283819
mcbAp5,0.3333333333333333,2,2,CTCGTCACATATGACCACAC,0,2271439
mcbAp5,0.3333333333333333,2,2,CTCGGAAGTAAGGAACGCGG,0,2287736
mcbAp5,0.3333333333333333,2,2,CTCGCGCTAGGACGATTCGC,0,2296024
mcbAp5,0.3333333333333333,2,2,CTCGAAGTGCATAGAATCGA,0,2310286
mcbAp5,0.3333333333333333,2,2,CTCGAAAGGAGTTCGGTTCA,0,2294040
mcbAp5,0.3333333333333333,2,2,CTCGAAACATCCGCAATTCT,0,2289516
mcbAp5,0.3333333333333333,2,2,CTCCCGAAGGCGTCTGTCAT,0,2309548
mcbAp5,0.3333333333333333,2,2,CTCCATTAGGTATTGACATG,0,2267138
mcbAp5,0.3333333333333333,2,2,CTCCATAGCTGGTCGCAGAG,0,2275510
mcbAp5,0.3333333333333333,2,2,CTCCACTAATGTAGGGCAAC,0,2310946
mcbAp5,0.3333333333333333,2,2,CTCATAGCTGATAAAACGGT,0,2289220
mcbAp5,0.3333333333333333,2,2,CTCAGTGTGTAATGGACACT,0,2280973
mcbAp5,0.3333333333333333,2,2,CTCAGACAGAAACTTGAAGG,0,2298580
mcbAp5,0.3333333333333333,2,2,CTCACGGGACTTCGATAGAC,0,2305638
mcbAp5,0.3333333333333333,2,2,CTCACGCGCCGTGGCAGATC,0,2314901
mcbAp5,0.3333333333333333,2,2,CTCACAGACGTTCTTTATTC,0,2308049
mcbAp5,0.3333333333333333,2,2,CTCAAACGCCTAATGCTCAG,0,2272653
mcbAp5,0.3333333333333333,2,2,CTCAAACATTATCTACGGTC,0,2310206
mcbAp5,0.3333333333333333,2,2,CTATGGACCTTCGTCTAGTG,0,2292222
mcbAp5,0.3333333333333333,2,2,CTATCTCGAAGTCTAGAACC,0,2298866
mcbAp5,0.3333333333333333,2,2,CTATCCCGCCGGAGAGTGGA,0,2300259
mcbAp5,0.3333333333333333,2,2,CTATAGGCTAGCCCCATTTT,0,2310384
mcbAp5,0.3333333333333333,2,2,CTATAGCGTGGGTACCTCGT,0,2266464
mcbAp5,0.3333333333333333,2,2,CTAGTGTTTTTTTTGTTGAT,0,2301047
mcbAp5,0.3333333333333333,2,2,CTAGTGTTTCACTTTGAGGT,0,2304679
mcbAp5,0.3333333333333333,2,2,CTAGTGCATTACAAACGGCT,0,2301512
mcbAp5,0.3333333333333333,2,2,CTAGGCTTAAGCCAGATTGA,0,2311753
mcbAp5,0.3333333333333333,2,2,CTAGGCGGGTGGACCTTCAC,0,2268145
mcbAp5,0.3333333333333333,2,2,CTAGCCATCGATCGTGCGTT,0,2314028
mcbAp5,0.3333333333333333,2,2,CTAGCAGGTGACTCAAAGCG,0,2298958
mcbAp5,0.3333333333333333,2,2,CTAGAGGGGCCTCAATAATC,0,2283054
mcbAp5,0.3333333333333333,2,2,CTAGACTCAGACGCTGTTAG,0,2273646
mcbAp5,0.3333333333333333,2,2,CTACTTGCTCGACTCCGCTC,0,2293846
mcbAp5,0.3333333333333333,2,2,CTACTGTATCCCTTGCAATG,0,2286313
mcbAp5,0.3333333333333333,2,2,CTACGCACAATTGCCTAGGT,0,2298860
mcbAp5,0.3333333333333333,2,2,CTACCGATTATTTTTGTGAC,0,2299655
mcbAp5,0.3333333333333333,2,2,CTACCCTAGGGGCCGAATAA,0,2293386
mcbAp5,0.3333333333333333,2,2,CTACCCGGCCGAGCGAGGTA,0,2280643
mcbAp5,0.3333333333333333,2,2,CTACATGTTTCCGGGCTCCT,0,2291211
mcbAp5,0.3333333333333333,2,2,CTACAAGAATTACCCTGGTT,0,2300624
mcbAp5,0.3333333333333333,2,2,CTAATCATTGACGAAACACA,0,2272625
mcbAp5,0.3333333333333333,2,2,CTAAGTACGTTTTAGATGAG,0,2293470
mcbAp5,0.3333333333333333,2,2,CTAAGTAATCCGGAGGCCCA,0,2312965
mcbAp5,0.3333333333333333,2,2,CTAAGACCGACATTCCAAAG,0,2267374
mcbAp5,0.3333333333333333,2,2,CTAACTAAGGCTCGAGTATC,0,2296568
mcbAp5,0.3333333333333333,2,2,CTAAAGGAAGTTTGGCACTG,0,2266982
mcbAp5,0.3333333333333333,2,2,CTAAAGCGATTACGGAAGAC,0,2314293
mcbAp5,0.3333333333333333,2,2,CTAAACATCTGACAGGGCGG,0,2298215
mcbAp5,0.3333333333333333,2,2,CTAAAATCATATCACTACGC,0,2264500
mcbAp5,0.3333333333333333,2,2,CTAAAATATAGAATGGGCGC,0,2298268
mcbAp5,0.3333333333333333,2,2,CGTTTGTCCAAGTATAATGA,0,2266478
mcbAp5,0.3333333333333333,2,2,CGTTTGAAATAGTCCACCGG,0,2309647
mcbAp5,0.3333333333333333,2,2,CGTTTATAGTCTTAGGGATA,0,2310959
mcbAp5,0.3333333333333333,2,2,CGTTTAGACCCAATGATCAG,0,2295060
mcbAp5,0.3333333333333333,2,2,CGTTGTTATCAGGGTCCGGG,0,2280679
mcbAp5,0.3333333333333333,2,2,CGTTCGGCCAGGTAACACTT,0,2265163
mcbAp5,0.3333333333333333,2,2,CGTTCATGGGCAGGTTGGGA,0,2284175
mcbAp5,0.3333333333333333,2,2,CGTTATTGGGTAAGATTGCC,0,2264704
mcbAp5,0.3333333333333333,2,2,CGTTATACGGTGGGACAGTA,0,2291539
mcbAp5,0.3333333333333333,2,2,CGTTAACAAGTGACGATTAT,0,2292248
mcbAp5,0.3333333333333333,2,2,CGTTAAATAACCTAGAGGTC,0,2294444
mcbAp5,0.3333333333333333,2,2,CGTGTTCGATCCTCTGGTCC,0,2269545
mcbAp5,0.3333333333333333,2,2,CGTGTGGTCTGTGCACCTGT,0,2277844
mcbAp5,0.3333333333333333,2,2,CGTGTAAATCGTGGGACCAA,0,2311545
mcbAp5,0.3333333333333333,2,2,CGTGGGGGCTAACTAAAGTC,0,2275668
mcbAp5,0.3333333333333333,2,2,CGTGCTTCAGTGTGCAGTGG,0,2292379
mcbAp5,0.3333333333333333,2,2,CGTGCGCGGCAGGAGTAGGT,0,2301764
mcbAp5,0.3333333333333333,2,2,CGTGAGACGTTGACTAAGGA,0,2267924
mcbAp5,0.3333333333333333,2,2,CGTGACGACCCAGTGGACGG,0,2261402
mcbAp5,0.3333333333333333,2,2,CGTGACCGTAAGAGCGACCG,0,2275584
mcbAp5,0.3333333333333333,2,2,CGTGACAATAGGAGACAAAT,0,2292575
mcbAp5,0.3333333333333333,2,2,CGTCTAAGTTGGGGTTAGAT,0,2284002
mcbAp5,0.3333333333333333,2,2,CGTCTAAACGCCGGGATTCC,0,2269199
mcbAp5,0.3333333333333333,2,2,CGTCGTAAAATTGGTTCTAT,0,2299579
mcbAp5,0.3333333333333333,2,2,CGTCGGTACGTTTCATGGAC,0,2310949
mcbAp5,0.3333333333333333,2,2,CGTCGCACTCAGGATTCCTA,0,2267886
mcbAp5,0.3333333333333333,2,2,CGTCGAGACGGCGCGTTAAT,0,2281396
mcbAp5,0.3333333333333333,2,2,CGTCCGTATCATATCAGTGC,0,2292726
mcbAp5,0.3333333333333333,2,2,CGTCCCTTGGGTCCGTACGC,0,2312942
mcbAp5,0.3333333333333333,2,2,CGTCCCCGACTTTGCCTAAT,0,2287043
mcbAp5,0.3333333333333333,2,2,CGTCATTACTTTAGTCAAAT,0,2297731
mcbAp5,0.3333333333333333,2,2,CGTCAGTGCTAATGTAGGGG,0,2281503
mcbAp5,0.3333333333333333,2,2,CGTCAGTCCAGATTCTGCAA,0,2284233
mcbAp5,0.3333333333333333,2,2,CGTCACGTAAGCCAACATCG,0,2268627
mcbAp5,0.3333333333333333,2,2,CGTCACGCGTAAACTCGCAT,0,2310777
mcbAp5,0.3333333333333333,2,2,CGTATTCAAAGTCACCCCTT,0,2307408
mcbAp5,0.3333333333333333,2,2,CGTATCGTCAGGTGGCTCGA,0,2313961
mcbAp5,0.3333333333333333,2,2,CGTATCGGGTGGGAACGGAT,0,2303032
mcbAp5,0.3333333333333333,2,2,CGTATAGTCTTTTTTTGCGC,0,2281387
mcbAp5,0.3333333333333333,2,2,CGTAGTGTATCCCGTATGTT,0,2286565
mcbAp5,0.3333333333333333,2,2,CGTAGTAAATGTGGGTCGTG,0,2273871
mcbAp5,0.3333333333333333,2,2,CGTACTAGCTCTCGGGACGC,0,2274736
mcbAp5,0.3333333333333333,2,2,CGTACTAAGGCAGCCCAAAA,0,2269724
mcbAp5,0.3333333333333333,2,2,CGTACATCCATTCGTTTGGA,0,2296884
mcbAp5,0.3333333333333333,2,2,CGTAACTTTCTTGGTGGCTT,0,2274028
mcbAp5,0.3333333333333333,2,2,CGTAAATGGTGTTGATTTCT,0,2271886
mcbAp5,0.3333333333333333,2,2,CGGTTTAGAGGGGGCCAGGA,0,2308981
mcbAp5,0.3333333333333333,2,2,CGGTGTAACTTGATCACATG,0,2266665
mcbAp5,0.3333333333333333,2,2,CGGTGGATGATTCGTTAAGA,0,2285822
mcbAp5,0.3333333333333333,2,2,CGGTGGAGCAGACGTATAAC,0,2305419
mcbAp5,0.3333333333333333,2,2,CGGTGGAGAACATGTGCGTA,0,2298076
mcbAp5,0.3333333333333333,2,2,CGGTGGACGCTGCTCTAAAA,0,2291567
mcbAp5,0.3333333333333333,2,2,CGGTGCGCACCTGTTATACA,0,2287297
mcbAp5,0.3333333333333333,2,2,CGGTCGGTGGCAACATGGCG,0,2309144
mcbAp5,0.3333333333333333,2,2,CGGTCCCCCGTCCAGTTCAC,0,2273107
mcbAp5,0.3333333333333333,2,2,CGGTCATACTGGACGGCACT,0,2277522
mcbAp5,0.3333333333333333,2,2,CGGTATCATTGCTAAGGGTC,0,2273082
mcbAp5,0.3333333333333333,2,2,CGGTACTGTACTAAATCCTA,0,2304531
mcbAp5,0.3333333333333333,2,2,CGGTAATCATACCGCGCCCA,0,2315685
mcbAp5,0.3333333333333333,2,2,CGGGTAGTCATTGCATATGC,0,2302575
mcbAp5,0.3333333333333333,2,2,CGGGTAGAGTCCCCCCGCAT,0,2305276
mcbAp5,0.3333333333333333,2,2,CGGGGCGCACCCGGTACATA,0,2292683
mcbAp5,0.3333333333333333,2,2,CGGGCCATACCTCATATCGC,0,2298742
mcbAp5,0.3333333333333333,2,2,CGGGCATGCGGCGTTCGTAG,0,2282942
mcbAp5,0.3333333333333333,2,2,CGGGCATCATCATTACTGTT,0,2285562
mcbAp5,0.3333333333333333,2,2,CGGGCACGCCGTGAGATATT,0,2301991
mcbAp5,0.3333333333333333,2,2,CGGGCAAGTCAGGCACCCTA,0,2305831
mcbAp5,0.3333333333333333,2,2,CGGGAGGATGGAACTCAGGA,0,2266133
mcbAp5,0.3333333333333333,2,2,CGGGAAGCCAATGTACGTCT,0,2293239
mcbAp5,0.3333333333333333,2,2,CGGGAAAGCCTTCAAGTTCT,0,2312547
mcbAp5,0.3333333333333333,2,2,CGGCTTCATTGATGATCTTA,0,2279268
mcbAp5,0.3333333333333333,2,2,CGGCCTGGGATTCTAGATTT,0,2287124
mcbAp5,0.3333333333333333,2,2,CGGCCCTTCGATTTCGGGTT,0,2299846
mcbAp5,0.3333333333333333,2,2,CGGCACACGCCCGGCTATTA,0,2297604
mcbAp5,0.3333333333333333,2,2,CGGATGTTATATCAACGACG,0,2272892
mcbAp5,0.3333333333333333,2,2,CGGATGCATCCTCTAGGACG,0,2312750
mcbAp5,0.3333333333333333,2,2,CGGATCTTTCGTTAAATCGC,0,2305363
mcbAp5,0.3333333333333333,2,2,CGGAGTTACTGTACTACCGT,0,2304815
mcbAp5,0.3333333333333333,2,2,CGGAGTCTTTGGCCTCCTTA,0,2304772
mcbAp5,0.3333333333333333,2,2,CGGAGCGCAGACCGTAGATT,0,2284532
mcbAp5,0.3333333333333333,2,2,CGGAGAGACAACTCGTTTTA,0,2310792
mcbAp5,0.3333333333333333,2,2,CGGAGAATTGTATTCACGAT,0,2307310
mcbAp5,0.3333333333333333,2,2,CGGACTATTCTCCCTTCAGA,0,2280340
mcbAp5,0.3333333333333333,2,2,CGGACCAGAAATTCTAGTTT,0,2265446
mcbAp5,0.3333333333333333,2,2,CGGAAGCTCAAAATCTTTAA,0,2263647
mcbAp5,0.3333333333333333,2,2,CGGAACCTTTCGTGACCCCT,0,2304336
mcbAp5,0.3333333333333333,2,2,CGGAACAAGTCCCCCGGCCT,0,2291234
mcbAp5,0.3333333333333333,2,2,CGCTTTTCGCACCGCTGGTC,0,2311551
mcbAp5,0.3333333333333333,2,2,CGCTTAGTCCCTCAAGGATT,0,2286307
mcbAp5,0.3333333333333333,2,2,CGCTCAAAGGATGATTACGA,0,2271685
mcbAp5,0.3333333333333333,2,2,CGCTAGGTCAAGAGAGTAGG,0,2304681
mcbAp5,0.3333333333333333,2,2,CGCGTATGCTCGAGTTGTCC,0,2277666
mcbAp5,0.3333333333333333,2,2,CGCGGTTGGTGGCGAGTCTA,0,2294739
mcbAp5,0.3333333333333333,2,2,CGCGGTTGGCCACTATTTCG,0,2300164
mcbAp5,0.3333333333333333,2,2,CGCGGTATTACACTCCTGTT,0,2297917
mcbAp5,0.3333333333333333,2,2,CGCGGACCACGCCCCTCGCT,0,2263514
mcbAp5,0.3333333333333333,2,2,CGCGCTAAAAACCGGACAGG,0,2271498
mcbAp5,0.3333333333333333,2,2,CGCGCGTAGACATTCACTTA,0,2291604
mcbAp5,0.3333333333333333,2,2,CGCGCATATGGATTCCTGTA,0,2271003
mcbAp5,0.3333333333333333,2,2,CGCGCATACAACGCCAAAAT,0,2284231
mcbAp5,0.3333333333333333,2,2,CGCGAGCAGCAGCGTACGGA,0,2312613
mcbAp5,0.3333333333333333,2,2,CGCGACGACCTGGCTAGCAT,0,2299209
mcbAp5,0.3333333333333333,2,2,CGCCTCTGTATCTGGCGCTC,0,2276996
mcbAp5,0.3333333333333333,2,2,CGCCTATGTGAGACTCCGAA,0,2261137
mcbAp5,0.3333333333333333,2,2,CGCCGTCCAGGATTAAACAA,0,2275352
mcbAp5,0.3333333333333333,2,2,CGCCGATGAACACTTTGTGG,0,2276515
mcbAp5,0.3333333333333333,2,2,CGCCCTTCCGCGCCAAAGCG,0,2264139
mcbAp5,0.3333333333333333,2,2,CGCCCGCTCGACTAGACCTG,0,2294467
mcbAp5,0.3333333333333333,2,2,CGCCCGAATCACCTGGGCCC,0,2288517
mcbAp5,0.3333333333333333,2,2,CGCCATGTGTAAAGTCGTAG,0,2263373
mcbAp5,0.3333333333333333,2,2,CGCCATAGATTCGTGATATC,0,2264991
mcbAp5,0.3333333333333333,2,2,CGCCACGGGAGACCCCCGCA,0,2274797
mcbAp5,0.3333333333333333,2,2,CGCCACAAGGCCATTCTTTT,0,2280615
mcbAp5,0.3333333333333333,2,2,CGCCAAAGAGCTGCAGGATC,0,2310343
mcbAp5,0.3333333333333333,2,2,CGCAGCCAGTTCGGATAAGG,0,2299647
mcbAp5,0.3333333333333333,2,2,CGCACTGGCGTAAAACCGGT,0,2314055
mcbAp5,0.3333333333333333,2,2,CGCACATCCGATAAGGATCT,0,2313317
mcbAp5,0.3333333333333333,2,2,CGCAAAGTAGGAACCACTCA,0,2263040
mcbAp5,0.3333333333333333,2,2,CGATTTTCTTTCCGTGATTA,0,2267651
mcbAp5,0.3333333333333333,2,2,CGATTGCAGAGAGCTGGTGA,0,2270053
mcbAp5,0.3333333333333333,2,2,CGATTCAGATGTTGCACGTT,0,2290053
mcbAp5,0.3333333333333333,2,2,CGATTATAGTGTACGGTGGT,0,2271573
mcbAp5,0.3333333333333333,2,2,CGATTAAATGTACACTCACC,0,2276102
mcbAp5,0.3333333333333333,2,2,CGATGTTCGTTTGATCTTAG,0,2295640
mcbAp5,0.3333333333333333,2,2,CGATGTTAGCGATACGGGCA,0,2270533
mcbAp5,0.3333333333333333,2,2,CGATGCTAAGCGGCTAGATG,0,2312568
mcbAp5,0.3333333333333333,2,2,CGATGACAAGCGCCTTCAAG,0,2282598
mcbAp5,0.3333333333333333,2,2,CGATCGCCCGGGCGGCTCAC,0,2314259
mcbAp5,0.3333333333333333,2,2,CGATCGCAATGTGGTAACTG,0,2282041
mcbAp5,0.3333333333333333,2,2,CGATAGCAGCTAACTATCAG,0,2284828
mcbAp5,0.3333333333333333,2,2,CGATACCAGAAGTTCTATCT,0,2271292
mcbAp5,0.3333333333333333,2,2,CGATAAAAAAGTAAGCAACT,0,2313222
mcbAp5,0.3333333333333333,2,2,CGAGGTCGCAATATCCCTCT,0,2295953
mcbAp5,0.3333333333333333,2,2,CGAGGGAACAACCAGACGCC,0,2308105
mcbAp5,0.3333333333333333,2,2,CGAGGCGTGAAGTTCTCTGA,0,2310732
mcbAp5,0.3333333333333333,2,2,CGAGCTGTGGCTATAGCCAG,0,2300236
mcbAp5,0.3333333333333333,2,2,CGAGCGGGAAACGAGGGCAG,0,2271245
mcbAp5,0.3333333333333333,2,2,CGAGCGCACCCTGGTGAAAA,0,2302365
mcbAp5,0.3333333333333333,2,2,CGAGCAGTCGTGCGTCTTTC,0,2279062
mcbAp5,0.3333333333333333,2,2,CGAGAGAGTGGAAGCGTGAC,0,2290809
mcbAp5,0.3333333333333333,2,2,CGACCTAGCAAGAAGTTTCG,0,2312306
mcbAp5,0.3333333333333333,2,2,CGACCCGCCATACAGCTGGC,0,2276210
mcbAp5,0.3333333333333333,2,2,CGACCAGCGTAAGAGTGGTA,0,2262850
mcbAp5,0.3333333333333333,2,2,CGAAGGTAGGGGGTCAGACC,0,2298471
mcbAp5,0.3333333333333333,2,2,CGAAGCACACATAACTTGGG,0,2279730
mcbAp5,0.3333333333333333,2,2,CGAAGACTTCGAGCTTAAAC,0,2261798
mcbAp5,0.3333333333333333,2,2,CGAAGACTCTGAGATACATA,0,2296120
mcbAp5,0.3333333333333333,2,2,CGAACTCGTCAGTGATCGTA,0,2290060
mcbAp5,0.3333333333333333,2,2,CGAACAGCTAGCTAACTATT,0,2293305
mcbAp5,0.3333333333333333,2,2,CGAACAACGGTTATAACTTT,0,2291639
mcbAp5,0.3333333333333333,2,2,CGAAATAACATAGCGGTAAC,0,2282017
mcbAp5,0.3333333333333333,2,2,CGAAACGCTTCGCGGAACTT,0,2302401
mcbAp5,0.3333333333333333,2,2,CGAAACCGTAGATAGAACTT,0,2293331
mcbAp5,0.3333333333333333,2,2,CGAAAATTCATGTCTTGTCA,0,2268710
mcbAp5,0.3333333333333333,2,2,CCTTTTCGGTCACAAGGGCA,0,2266616
mcbAp5,0.3333333333333333,2,2,CCTTTATACTGGGAAGACTG,0,2290790
mcbAp5,0.3333333333333333,2,2,CCTTTAGCTAGGCGACCGTG,0,2300009
mcbAp5,0.3333333333333333,2,2,CCTTTAACCAAATTAGCCAT,0,2264859
mcbAp5,0.3333333333333333,2,2,CCTTGTTGATAAATCTTCGG,0,2273890
mcbAp5,0.3333333333333333,2,2,CCTTGTATCTCCTTTTGCTA,0,2278845
mcbAp5,0.3333333333333333,2,2,CCTTGGTTGGCTTCCTACAA,0,2284361
mcbAp5,0.3333333333333333,2,2,CCTTGGTGTCTCTTGGTTGG,0,2270302
mcbAp5,0.3333333333333333,2,2,CCTTGGATCCGTCCGGCTCC,0,2315026
mcbAp5,0.3333333333333333,2,2,CCTTGGATAATTCTCTTCGT,0,2262028
mcbAp5,0.3333333333333333,2,2,CCTTGCGAACGACCAGTGTA,0,2297320
mcbAp5,0.3333333333333333,2,2,CCTTCTTAAGCCCGCAATCG,0,2262949
mcbAp5,0.3333333333333333,2,2,CCTTCTGCTCTCTAAAATAG,0,2304080
mcbAp5,0.3333333333333333,2,2,CCTTATCGCGATTGCGAAGA,0,2299112
mcbAp5,0.3333333333333333,2,2,CCTTAGTCGGGAGGCCAAGA,0,2261835
mcbAp5,0.3333333333333333,2,2,CCTTAGATACCCTGCACTGC,0,2283299
mcbAp5,0.3333333333333333,2,2,CCTTAAAGGTTTTAGATCTA,0,2281738
mcbAp5,0.3333333333333333,2,2,CCTGTGTTGCCCCGGGCAAC,0,2279998
mcbAp5,0.3333333333333333,2,2,CCTGTCTAATAACTCCAAAC,0,2281094
mcbAp5,0.3333333333333333,2,2,CCTGGGTAATGCGGACCTGA,0,2298772
mcbAp5,0.3333333333333333,2,2,CCTGGCAGGCGTCTGCACAT,0,2272508
mcbAp5,0.3333333333333333,2,2,CCTGGACTCGCATGAGTCGG,0,2280789
mcbAp5,0.3333333333333333,2,2,CCTCTTTTGTGGTTTTGCTG,0,2285281
mcbAp5,0.3333333333333333,2,2,CCTCTTTTGAAAAGCTGAGA,0,2304621
mcbAp5,0.3333333333333333,2,2,CCTCTGGCAGTGATCAAGCA,0,2267108
mcbAp5,0.3333333333333333,2,2,CCTCGTTCGCTTGACCGGGG,0,2299845
mcbAp5,0.3333333333333333,2,2,CCTCGGCTTTCATTCAATGA,0,2278134
mcbAp5,0.3333333333333333,2,2,CCTCGCTCTCTGGTACGCCA,0,2299372
mcbAp5,0.3333333333333333,2,2,CCTCGCCCGATGCTTATAAA,0,2277330
mcbAp5,0.3333333333333333,2,2,CCTCGATACTGCTTTCTTAC,0,2285210
mcbAp5,0.3333333333333333,2,2,CCTCCTTAGGCAGGGCGCGC,0,2298147
mcbAp5,0.3333333333333333,2,2,CCTCCGCACGCGGTTGGATA,0,2290721
mcbAp5,0.3333333333333333,2,2,CCTCACAGTCCAAGGAGGTG,0,2303033
mcbAp5,0.3333333333333333,2,2,CCTATCTCCGGACTGAACGA,0,2284807
mcbAp5,0.3333333333333333,2,2,CCTAGTTGGTTGTCATACTT,0,2266900
mcbAp5,0.3333333333333333,2,2,CCTAGTCCTTGATATTTGCC,0,2300969
mcbAp5,0.3333333333333333,2,2,CCTAGCTCGCGCGAGCTTTC,0,2262740
mcbAp5,0.3333333333333333,2,2,CCTAGCCCGAAAGCAGTCCT,0,2271918
mcbAp5,0.3333333333333333,2,2,CCTAGATCTTCGGTCGTCCG,0,2276994
mcbAp5,0.3333333333333333,2,2,CCTAGATCGTACTTACCCAG,0,2266697
mcbAp5,0.3333333333333333,2,2,CCTAGAGCATGGGCAAAGCT,0,2279957
mcbAp5,0.3333333333333333,2,2,CCTAGAACCTATCAAGCAAG,0,2291848
mcbAp5,0.3333333333333333,2,2,CCTAACTAGGAGTCAGTGCT,0,2306676
mcbAp5,0.3333333333333333,2,2,CCGTTTCCGATCTTTGAAGG,0,2292448
mcbAp5,0.3333333333333333,2,2,CCGTTTAGCTCACCATGTCA,0,2266871
mcbAp5,0.3333333333333333,2,2,CCGTGCAATTCAGCTTGGAC,0,2263960
mcbAp5,0.3333333333333333,2,2,CCGTCTGTGTTGCTTTATGG,0,2265886
mcbAp5,0.3333333333333333,2,2,CCGTCAGAGACGCGGTACAT,0,2306328
mcbAp5,0.3333333333333333,2,2,CCGTATTGCCGGTCACAGCA,0,2316138
mcbAp5,0.3333333333333333,2,2,CCGTATGGTTCCCCGGTCTC,0,2298342
mcbAp5,0.3333333333333333,2,2,CCGGTCAAGCCAGACTTAGT,0,2262220
mcbAp5,0.3333333333333333,2,2,CCGGGTGCAGACACAAATTG,0,2262342
mcbAp5,0.3333333333333333,2,2,CCGGGCATATACTTCGTCCG,0,2277225
mcbAp5,0.3333333333333333,2,2,CCGGGAAACCTGGAGGGGGA,0,2284048
mcbAp5,0.3333333333333333,2,2,CCGGCCTTAGGCGCCCCTGC,0,2301585
mcbAp5,0.3333333333333333,2,2,CCGGATGGAATAGGTATAAC,0,2306423
mcbAp5,0.3333333333333333,2,2,CCGGATCTATTCATGTCCCC,0,2277961
mcbAp5,0.3333333333333333,2,2,CCGGATCGAGATCTTTATCT,0,2267044
mcbAp5,0.3333333333333333,2,2,CCGGACAGTGTCCCACGACC,0,2293347
mcbAp5,0.3333333333333333,2,2,CCGCTTCCCGTCAGCAACCA,0,2304072
mcbAp5,0.3333333333333333,2,2,CCGCGCGTTAGTCGAGCGCA,0,2310126
mcbAp5,0.3333333333333333,2,2,CCGCCTAAAGTTGTGTACGT,0,2304520
mcbAp5,0.3333333333333333,2,2,CCGCATACCAAACACTTGCA,0,2286039
mcbAp5,0.3333333333333333,2,2,CCGCAAATGATCCTTGTAAC,0,2267429
mcbAp5,0.3333333333333333,2,2,CCGATTTCCTAGGACGGCGA,0,2275366
mcbAp5,0.3333333333333333,2,2,CCGATTAGGCACGGACAGTT,0,2280668
mcbAp5,0.3333333333333333,2,2,CCGATGCTCATGGCGCAATT,0,2280613
mcbAp5,0.3333333333333333,2,2,CCGAGCAGGTGAGACGAAAA,0,2277313
mcbAp5,0.3333333333333333,2,2,CCGACGCTACGCGTTGTATC,0,2261297
mcbAp5,0.3333333333333333,2,2,CCGAATCCGAGCGGGTAACA,0,2312860
mcbAp5,0.3333333333333333,2,2,CCGAATAGGAGGGTCTTTTC,0,2281460
mcbAp5,0.3333333333333333,2,2,CCCTTTTCGTGTACGCGTTC,0,2312548
mcbAp5,0.3333333333333333,2,2,CCCTTGACGATCTGCCTTTC,0,2309674
mcbAp5,0.3333333333333333,2,2,CCCTGGGCAGTGGAAAATCC,0,2307570
mcbAp5,0.3333333333333333,2,2,CCCTGCTACAATTTTAACGT,0,2264337
mcbAp5,0.3333333333333333,2,2,CCCTCTGTTATACAGGCAAG,0,2306681
mcbAp5,0.3333333333333333,2,2,CCCTCGCCTCTCTAATGTAC,0,2271265
mcbAp5,0.3333333333333333,2,2,CCCTCCGTTCAAATGGCCAT,0,2299239
mcbAp5,0.3333333333333333,2,2,CCCTCCGTCCAGTGTTTGCT,0,2301237
mcbAp5,0.3333333333333333,2,2,CCCTATGTTCGGTCCATCTC,0,2272366
mcbAp5,0.3333333333333333,2,2,CCCTACCATACAAAGAGACG,0,2303475
mcbAp5,0.3333333333333333,2,2,CCCGTTACTCTCTAGCAATA,0,2279849
mcbAp5,0.3333333333333333,2,2,CCCGTGTCACTTTGAAAGGT,0,2262571
mcbAp5,0.3333333333333333,2,2,CCCGTGAAAGTAAGTTCTGT,0,2299351
mcbAp5,0.3333333333333333,2,2,CCCGGAGGGTTGTACTAAAT,0,2277054
mcbAp5,0.3333333333333333,2,2,CCCGGACGAGGTTAAGGCTC,0,2290796
mcbAp5,0.3333333333333333,2,2,CCCGCACACTCACATTTTTC,0,2294142
mcbAp5,0.3333333333333333,2,2,CCCGCAACTTTGTTGTCTTC,0,2315995
mcbAp5,0.3333333333333333,2,2,CCCGATCTCTGCTCCCACCG,0,2284042
mcbAp5,0.3333333333333333,2,2,CCCGATCAGCACGCATAGTA,0,2301161
mcbAp5,0.3333333333333333,2,2,CCCGAGGTAACGTCAGAACA,0,2316313
mcbAp5,0.3333333333333333,2,2,CCCGACCAAAACCTTTTAAT,0,2276333
mcbAp5,0.3333333333333333,2,2,CCCGAAGAGGCCGTAATCAC,0,2277274
mcbAp5,0.3333333333333333,2,2,CCCCTTTTGGTCTAAACATA,0,2272869
mcbAp5,0.3333333333333333,2,2,CCCCTCCCGGTTATCACTCA,0,2314175
mcbAp5,0.3333333333333333,2,2,CCCCTACCGGTCCGATGGAA,0,2300998
mcbAp5,0.3333333333333333,2,2,CCCCGGTAAGTTGAGCCCCG,0,2299797
mcbAp5,0.3333333333333333,2,2,CCCCGGGGCCAATCTGTTTA,0,2311267
mcbAp5,0.3333333333333333,2,2,CCCCGCTCTCCCTTGAACAA,0,2288021
mcbAp5,0.3333333333333333,2,2,CCCCGCAGTCACTATAACAA,0,2262416
mcbAp5,0.3333333333333333,2,2,CCCCCGTTAGGATATCCGAA,0,2307889
mcbAp5,0.3333333333333333,2,2,CCCCCGATTGCTACTTTTCG,0,2271032
mcbAp5,0.3333333333333333,2,2,CCCCATGAATCGTCGAACCC,0,2303126
mcbAp5,0.3333333333333333,2,2,CCCCAGGCCAACGGCCCTGT,0,2314796
mcbAp5,0.3333333333333333,2,2,CCCCAGGAGTGGTGGAACGA,0,2287249
mcbAp5,0.3333333333333333,2,2,CCCCAGATGGTACGATACGA,0,2303093
mcbAp5,0.3333333333333333,2,2,CCCCAGAGGGTAGTAGTGGA,0,2281627
mcbAp5,0.3333333333333333,2,2,CCCATGCACTATACTTTTAT,0,2279482
mcbAp5,0.3333333333333333,2,2,CCCATATTAGTCGGGTAGTC,0,2307322
mcbAp5,0.3333333333333333,2,2,CCCAGAAAAGATTGCAGAGT,0,2302912
mcbAp5,0.3333333333333333,2,2,CCATTCCTATTTAAAACAAA,0,2315095
mcbAp5,0.3333333333333333,2,2,CCATTCAATATCATGGGCGA,0,2296930
mcbAp5,0.3333333333333333,2,2,CCATTAGCAAACACGTCTAT,0,2267042
mcbAp5,0.3333333333333333,2,2,CCATGTGTGGGTTGGATGCC,0,2311996
mcbAp5,0.3333333333333333,2,2,CCATGGTGTCAAGTTAAGAG,0,2295639
mcbAp5,0.3333333333333333,2,2,CCATGGGAGCAAGACCTACA,0,2272173
mcbAp5,0.3333333333333333,2,2,CCATGGCCTGCATGTGATGC,0,2269484
mcbAp5,0.3333333333333333,2,2,CCATGAACTTCTCACGTTGA,0,2307110
mcbAp5,0.3333333333333333,2,2,CCATCAGCGACTTTTCCGCG,0,2301768
mcbAp5,0.3333333333333333,2,2,CCATCAATCGAGCGTTTACC,0,2262921
mcbAp5,0.3333333333333333,2,2,CCAGTTCATACTCGTACATA,0,2303055
mcbAp5,0.3333333333333333,2,2,CCAGTGAGTGGGGTTGAATT,0,2272121
mcbAp5,0.3333333333333333,2,2,CCAGTCGTGCGGGTTTGGTT,0,2282540
mcbAp5,0.3333333333333333,2,2,CCAGTATTGTGGACGAAACG,0,2312471
mcbAp5,0.3333333333333333,2,2,CCAGTAGGTCTCACATTGCC,0,2275280
mcbAp5,0.3333333333333333,2,2,CCAGGTGGTCTTTACGTCAT,0,2289345
mcbAp5,0.3333333333333333,2,2,CCAGGTAATCCTTCGTCCCT,0,2261231
mcbAp5,0.3333333333333333,2,2,CCAGGGCGCGTCGGACGCGT,0,2300397
mcbAp5,0.3333333333333333,2,2,CCAGCGTCTAAAGCGTCTTA,0,2290326
mcbAp5,0.3333333333333333,2,2,CCAGATTTTTCTTTCATTCT,0,2301467
mcbAp5,0.3333333333333333,2,2,CCAGAGTAGATCAGGTTCTT,0,2284949
mcbAp5,0.3333333333333333,2,2,CCACTCTCACTCCAGGGCTG,0,2295842
mcbAp5,0.3333333333333333,2,2,CCACTATTCGGTATTATGAC,0,2261875
mcbAp5,0.3333333333333333,2,2,CCACGGGTGAGCACCTCTTT,0,2263241
mcbAp5,0.3333333333333333,2,2,CCACGCCGGTCGTCGAACAC,0,2276733
mcbAp5,0.3333333333333333,2,2,CCACCCGTTCGTCCAAGGCC,0,2290169
mcbAp5,0.3333333333333333,2,2,CCACATACATCGGCTGAATC,0,2299687
mcbAp5,0.3333333333333333,2,2,CCACACTTAAAGCGCGCCAT,0,2302205
mcbAp5,0.3333333333333333,2,2,CCAAGGCCATCGTTATCCGC,0,2296197
mcbAp5,0.3333333333333333,2,2,CCAACCTTCCAAAGTAGCTA,0,2273831
mcbAp5,0.3333333333333333,2,2,CCAACAAAGCGTTTACGAAT,0,2287167
mcbAp5,0.3333333333333333,2,2,CCAAAGGAGGGAGGCTAGCC,0,2296032
mcbAp5,0.3333333333333333,2,2,CCAAAGCCTGGACGAGACAC,0,2314016
mcbAp5,0.3333333333333333,2,2,CCAAAGACCGAATAAGGAAA,0,2315154
mcbAp5,0.3333333333333333,2,2,CCAAAACGTTTAGAACTCCA,0,2280577
mcbAp5,0.3333333333333333,2,2,CATTTCCAGTTCGGGGAGCC,0,2308412
mcbAp5,0.3333333333333333,2,2,CATTGTCCCGACTGTTAGGT,0,2298739
mcbAp5,0.3333333333333333,2,2,CATTCTAAGCTTGTTTAGAA,0,2269937
mcbAp5,0.3333333333333333,2,2,CATTCGTGAGACGCTAGGGC,0,2272887
mcbAp5,0.3333333333333333,2,2,CATTATGTAGCGAGACATGA,0,2270446
mcbAp5,0.3333333333333333,2,2,CATTAATTCACTTTTTTCGA,0,2291719
mcbAp5,0.3333333333333333,2,2,CATGTCCATTTCCAAACGTA,0,2282701
mcbAp5,0.3333333333333333,2,2,CATGGTTGTTCATCTGAATT,0,2283628
mcbAp5,0.3333333333333333,2,2,CATGGCTCAAGTAGTAACAG,0,2291427
mcbAp5,0.3333333333333333,2,2,CATGGATAAAGTATGCACAT,0,2292729
mcbAp5,0.3333333333333333,2,2,CATGCGCTCAGGCGGCACTA,0,2281350
mcbAp5,0.3333333333333333,2,2,CATGCCATAGGTTCTTGTTG,0,2282270
mcbAp5,0.3333333333333333,2,2,CATGAGCTGCCTAGGACTTA,0,2287616
mcbAp5,0.3333333333333333,2,2,CATCGGACATACCGCGTGTA,0,2304645
mcbAp5,0.3333333333333333,2,2,CATCGCTGAGACTAGCCTAT,0,2266100
mcbAp5,0.3333333333333333,2,2,CATCGCGACTCGCTAATATG,0,2274763
mcbAp5,0.3333333333333333,2,2,CATCGACGCCGGGTATTGTG,0,2299883
mcbAp5,0.3333333333333333,2,2,CATCCATTTGTGCGGCTCGT,0,2313616
mcbAp5,0.3333333333333333,2,2,CATCATTATAGTCTCAGCCC,0,2313403
mcbAp5,0.3333333333333333,2,2,CATCATGTCACTGGACTTCC,0,2298209
mcbAp5,0.3333333333333333,2,2,CATCAGATCCTGGAATAGTT,0,2303260
mcbAp5,0.3333333333333333,2,2,CATATCCATGTCATTTCATG,0,2276009
mcbAp5,0.3333333333333333,2,2,CATAGCAATTGCTACGAGGA,0,2263094
mcbAp5,0.3333333333333333,2,2,CATAGAGTTGTTTGTACAAG,0,2269482
mcbAp5,0.3333333333333333,2,2,CATAGAGGACTTTACTACTA,0,2295130
mcbAp5,0.3333333333333333,2,2,CATAAGGGAGACCCTTTCGC,0,2293120
mcbAp5,0.3333333333333333,2,2,CATAAATGCAGCAACCGCAC,0,2293165
mcbAp5,0.3333333333333333,2,2,CAGTTGTGCTGCCAAATTGT,0,2274344
mcbAp5,0.3333333333333333,2,2,CAGTCGCTCTCACGATGCAA,0,2283134
mcbAp5,0.3333333333333333,2,2,CAGTCGCCATACAAGGGCCC,0,2305297
mcbAp5,0.3333333333333333,2,2,CAGTAGGCATGTTGACAGCT,0,2309425
mcbAp5,0.3333333333333333,2,2,CAGTACACATATTTTCCGAG,0,2297934
mcbAp5,0.3333333333333333,2,2,CAGGGGGCCATATGAATGCG,0,2309205
mcbAp5,0.3333333333333333,2,2,CAGGCGTAATGGTCTAAGTA,0,2302135
mcbAp5,0.3333333333333333,2,2,CAGGCCTGTTATCCCGAGAT,0,2279513
mcbAp5,0.3333333333333333,2,2,CAGGCCTGCCGGATGCGATC,0,2304909
mcbAp5,0.3333333333333333,2,2,CAGGCAGAGACCCGGTGAGT,0,2286443
mcbAp5,0.3333333333333333,2,2,CAGGCACGTGAACTCCGAGT,0,2291533
mcbAp5,0.3333333333333333,2,2,CAGCTTCGGTCGCGTCATTC,0,2293344
mcbAp5,0.3333333333333333,2,2,CAGCTAAACTGATTCACCAT,0,2264976
mcbAp5,0.3333333333333333,2,2,CAGCGTCGCCGGTTACATAT,0,2298142
mcbAp5,0.3333333333333333,2,2,CAGCCCCCGCGACAACGGGC,0,2303474
mcbAp5,0.3333333333333333,2,2,CAGCCATTCTGATACGGATA,0,2291109
mcbAp5,0.3333333333333333,2,2,CAGCCAGCACGCGCCTAGTC,0,2303787
mcbAp5,0.3333333333333333,2,2,CAGCCACCAAGGCAGCGAAA,0,2276846
mcbAp5,0.3333333333333333,2,2,CAGCATTTGAAGAGGTGTGC,0,2275851
mcbAp5,0.3333333333333333,2,2,CAGCAAAATTTTGAAGCCTC,0,2277029
mcbAp5,0.3333333333333333,2,2,CAGAGAAGGATAGGTAATAC,0,2275942
mcbAp5,0.3333333333333333,2,2,CAGACGCGGCCGCTGCGTGG,0,2274756
mcbAp5,0.3333333333333333,2,2,CAGACAGGCTCACGATTTGC,0,2264713
mcbAp5,0.3333333333333333,2,2,CAGAACCGACACAAGTGTAT,0,2308332
mcbAp5,0.3333333333333333,2,2,CACTTTGACAAATGCGATGG,0,2284730
mcbAp5,0.3333333333333333,2,2,CACTTTCCAACCCCTCGGGG,0,2278720
mcbAp5,0.3333333333333333,2,2,CACTTGGTGAGAATCTCACG,0,2273737
mcbAp5,0.3333333333333333,2,2,CACTGTAGAGTGTCAGGTAA,0,2293460
mcbAp5,0.3333333333333333,2,2,CACTGTACACTGCCTCTTGG,0,2307808
mcbAp5,0.3333333333333333,2,2,CACTGAATTGTAGAGATAAC,0,2304833
mcbAp5,0.3333333333333333,2,2,CACTCTCCGCATAGACGGTC,0,2272814
mcbAp5,0.3333333333333333,2,2,CACTCGAGTAAATGTGATGG,0,2300993
mcbAp5,0.3333333333333333,2,2,CACTCAGTTTTACATCTACG,0,2311097
mcbAp5,0.3333333333333333,2,2,CACTATGTCATAACGTACAA,0,2292675
mcbAp5,0.3333333333333333,2,2,CACTACTAATAGGGGAGGGT,0,2293749
mcbAp5,0.3333333333333333,2,2,CACTACGTAGGATCCTAGTC,0,2277168
mcbAp5,0.3333333333333333,2,2,CACGGTTCATAGAATCGATT,0,2279416
mcbAp5,0.3333333333333333,2,2,CACGGTGTTAACCGCACACC,0,2308115
mcbAp5,0.3333333333333333,2,2,CACGGCGTAGACGTCTTGAA,0,2274104
mcbAp5,0.3333333333333333,2,2,CACGCCGGAGGCGCAAGTCG,0,2288176
mcbAp5,0.3333333333333333,2,2,CACGCATTATCGCATCCTAC,0,2310873
mcbAp5,0.3333333333333333,2,2,CACCGCTTCGGAAGGAGGAA,0,2309631
mcbAp5,0.3333333333333333,2,2,CACATTGCTCTTCCCAGGGG,0,2284259
mcbAp5,0.3333333333333333,2,2,CACATGACGTTAAGAGCGTA,0,2307578
mcbAp5,0.3333333333333333,2,2,CACAGAGGGACAGATGGGCA,0,2262898
mcbAp5,0.3333333333333333,2,2,CACACGTGGGCGGTCGTGTA,0,2262812
mcbAp5,0.3333333333333333,2,2,CACACGGTGTGGACGTCAGT,0,2269542
mcbAp5,0.3333333333333333,2,2,CACAACTACGTGTGGATTGG,0,2303964
mcbAp5,0.3333333333333333,2,2,CAATTCAGGCGAATGTAACT,0,2280831
mcbAp5,0.3333333333333333,2,2,CAATGGGTATGAGATATGAT,0,2283263
mcbAp5,0.3333333333333333,2,2,CAATGGAAACCCAATGGCTG,0,2312801
mcbAp5,0.3333333333333333,2,2,CAATCTAAATTTTTTTCGGG,0,2309873
mcbAp5,0.3333333333333333,2,2,CAATCCGGGTTTAACTAAAC,0,2269235
mcbAp5,0.3333333333333333,2,2,CAATATCGTGTTAGTAATGG,0,2275260
mcbAp5,0.3333333333333333,2,2,CAATACTGTTGCACAGTCCC,0,2290943
mcbAp5,0.3333333333333333,2,2,CAATAATCCAGTCTCCACTA,0,2274384
mcbAp5,0.3333333333333333,2,2,CAAGTTCACGAAATTTCGGA,0,2262099
mcbAp5,0.3333333333333333,2,2,CAAGTGGGCTAGAGGTGTTA,0,2286586
mcbAp5,0.3333333333333333,2,2,CAAGTGGCTGGGGTATTTGT,0,2270041
mcbAp5,0.3333333333333333,2,2,CAAGGGCAAAACCTCACATA,0,2293417
mcbAp5,0.3333333333333333,2,2,CAAGCGGGGGTCGTAGTGCT,0,2288363
mcbAp5,0.3333333333333333,2,2,CAAGAATCACCAGATCTACC,0,2276966
mcbAp5,0.3333333333333333,2,2,CAACTGTTTGTACCTGAGAC,0,2300196
mcbAp5,0.3333333333333333,2,2,CAACTGCGGGGAGCCCGACG,0,2297623
mcbAp5,0.3333333333333333,2,2,CAACGCGTCTACAATCGAGG,0,2286242
mcbAp5,0.3333333333333333,2,2,CAACCTTACCTGACCAGCCA,0,2312811
mcbAp5,0.3333333333333333,2,2,CAACATCCATCAGGAGTTAG,0,2309094
mcbAp5,0.3333333333333333,2,2,CAACAGCGTCAGGCCCTGCT,0,2295478
mcbAp5,0.3333333333333333,2,2,CAAATTCGGCTTACAATCAC,0,2294077
mcbAp5,0.3333333333333333,2,2,CAAATCGGCACCGGGCGGCA,0,2311959
mcbAp5,0.3333333333333333,2,2,CAAATATGGGAGAACCATAT,0,2269561
mcbAp5,0.3333333333333333,2,2,CAAATAGCAATTAGCTTAAG,0,2281664
mcbAp5,0.3333333333333333,2,2,CAAAGCTGGTAGATAAGCTG,0,2293866
mcbAp5,0.3333333333333333,2,2,CAAACATTCTAGGCCCGGCG,0,2286817
mcbAp5,0.3333333333333333,2,2,CAAAACGGCTCGCGTAGGCA,0,2306943
mcbAp5,0.3333333333333333,2,2,ATTTTAAGTAATTTAACCTG,0,2274200
mcbAp5,0.3333333333333333,2,2,ATTTGTTTGTATAATGATAG,0,2298540
mcbAp5,0.3333333333333333,2,2,ATTTCGATATGGGTGAGCGC,0,2310400
mcbAp5,0.3333333333333333,2,2,ATTTATGATTTGTTCTAATA,0,2289976
mcbAp5,0.3333333333333333,2,2,ATTTATAGCTACTACCTGAG,0,2306938
mcbAp5,0.3333333333333333,2,2,ATTTAGGGACCCCGTATTCT,0,2264263
mcbAp5,0.3333333333333333,2,2,ATTTAGAGGCTGTTAAGAAT,0,2262919
mcbAp5,0.3333333333333333,2,2,ATTGTATTAAAAAAGAACTG,0,2294413
mcbAp5,0.3333333333333333,2,2,ATTGGTTGGCGCTACAGCGC,0,2312771
mcbAp5,0.3333333333333333,2,2,ATTGGTACCCGGTCCAAACC,0,2271100
mcbAp5,0.3333333333333333,2,2,ATTGGGCTTCACAGTTGACC,0,2286397
mcbAp5,0.3333333333333333,2,2,ATTGGAATTTACCTTTGAAC,0,2289111
mcbAp5,0.3333333333333333,2,2,ATTGCCGGGTCGCGCAGAAT,0,2292417
mcbAp5,0.3333333333333333,2,2,ATTGAGGAGGTTAGGTACCG,0,2308107
mcbAp5,0.3333333333333333,2,2,ATTCTTGCTGTGGATCGTCT,0,2299896
mcbAp5,0.3333333333333333,2,2,ATTCTTGCGGGGGTACGAGC,0,2274618
mcbAp5,0.3333333333333333,2,2,ATTCTGTAGGCATCCAAACA,0,2292073
mcbAp5,0.3333333333333333,2,2,ATTCTCCAGAACTCCCTATA,0,2271101
mcbAp5,0.3333333333333333,2,2,ATTCTCACTGTCTGTTGACG,0,2266588
mcbAp5,0.3333333333333333,2,2,ATTCGGCGTTCATGCAACGT,0,2268818
mcbAp5,0.3333333333333333,2,2,ATTCCGTGAGTTGGTTCGAT,0,2262500
mcbAp5,0.3333333333333333,2,2,ATTCATTCACAGACCGGCTT,0,2303094
mcbAp5,0.3333333333333333,2,2,ATTCAGTTATGACCTTACTT,0,2314410
mcbAp5,0.3333333333333333,2,2,ATTAGTTGGCACCCCGCCTC,0,2288527
mcbAp5,0.3333333333333333,2,2,ATTAGCCTGCCGTTGGGATA,0,2267185
mcbAp5,0.3333333333333333,2,2,ATTACCGACTCTACGATTGG,0,2268662
mcbAp5,0.3333333333333333,2,2,ATTACAACTTACCATGAGGG,0,2298763
mcbAp5,0.3333333333333333,2,2,ATTAATGAAATGACTATAAC,0,2303769
mcbAp5,0.3333333333333333,2,2,ATTAATAGGCCATTGCGAGG,0,2271732
mcbAp5,0.3333333333333333,2,2,ATTAAGCAACCCAGAGCTAG,0,2295823
mcbAp5,0.3333333333333333,2,2,ATTAAAAGGTAACCGGGTGT,0,2277614
mcbAp5,0.3333333333333333,2,2,ATGTTGCGGTTCGGATCCTA,0,2288310
mcbAp5,0.3333333333333333,2,2,ATGTGCCCGGTACTTTCTAT,0,2292978
mcbAp5,0.3333333333333333,2,2,ATGTGCCATGAGCGCTTAGA,0,2285047
mcbAp5,0.3333333333333333,2,2,ATGTGCAGATACGGGGACGT,0,2269685
mcbAp5,0.3333333333333333,2,2,ATGTGACACGTTCTTTTCAC,0,2309454
mcbAp5,0.3333333333333333,2,2,ATGTCTTCCCCTCAGCAATG,0,2297910
mcbAp5,0.3333333333333333,2,2,ATGTCTCTGGTTCCTGCGCT,0,2314344
mcbAp5,0.3333333333333333,2,2,ATGTAGCCATCTAGATTCGA,0,2273250
mcbAp5,0.3333333333333333,2,2,ATGGTTATCATGATATCACA,0,2273824
mcbAp5,0.3333333333333333,2,2,ATGGGGCAGGGTTGCGGCTC,0,2295093
mcbAp5,0.3333333333333333,2,2,ATGGGGATTCCCTAATACAA,0,2305841
mcbAp5,0.3333333333333333,2,2,ATGGAGAGGCAACGATTCGG,0,2288348
mcbAp5,0.3333333333333333,2,2,ATGGACAGGGTTCCAGTAAT,0,2270859
mcbAp5,0.3333333333333333,2,2,ATGCTGGGGCCGCGATATTT,0,2276086
mcbAp5,0.3333333333333333,2,2,ATGCTCAGTATGATATTGGC,0,2269222
mcbAp5,0.3333333333333333,2,2,ATGCTAGAATGCTTGCCAGA,0,2278659
mcbAp5,0.3333333333333333,2,2,ATGCGGATGTCGCTTACTAC,0,2291980
mcbAp5,0.3333333333333333,2,2,ATGCCGCAGGTCCCTGCTGC,0,2291167
mcbAp5,0.3333333333333333,2,2,ATGCATAAGACATAGACTCT,0,2303981
mcbAp5,0.3333333333333333,2,2,ATGCACAGGTAGTTTAACTG,0,2289612
mcbAp5,0.3333333333333333,2,2,ATGCAACGCATGAATTGTTC,0,2261232
mcbAp5,0.3333333333333333,2,2,ATGACGGAAAATCGAGTGTT,0,2308256
mcbAp5,0.3333333333333333,2,2,ATGACGATTTATTGTAGGCG,0,2278662
mcbAp5,0.3333333333333333,2,2,ATGACCAGTTCCATATCTCG,0,2292484
mcbAp5,0.3333333333333333,2,2,ATGAATATGCTCATCGTAAT,0,2277774
mcbAp5,0.3333333333333333,2,2,ATCTTGTCGGTTTCAAGGAA,0,2266535
mcbAp5,0.3333333333333333,2,2,ATCTTCGTCCTAAAGCACGA,0,2281386
mcbAp5,0.3333333333333333,2,2,ATCTTCCCCCGGCGCTTTCC,0,2302846
mcbAp5,0.3333333333333333,2,2,ATCTGTGTAAGAACGCCTAA,0,2263042
mcbAp5,0.3333333333333333,2,2,ATCTCGAACGGATAACGGGG,0,2269493
mcbAp5,0.3333333333333333,2,2,ATCTCCACGGCATGTTCAAT,0,2296645
mcbAp5,0.3333333333333333,2,2,ATCTACTTTAATTATCTAGA,0,2288006
mcbAp5,0.3333333333333333,2,2,ATCTAATCGGCTGTGCCCTG,0,2297856
mcbAp5,0.3333333333333333,2,2,ATCTAAACCCGGTAATTAGC,0,2263410
mcbAp5,0.3333333333333333,2,2,ATCGGTCTGAAGTCGTATGG,0,2265202
mcbAp5,0.3333333333333333,2,2,ATCGGTCCTTTCGTGGGAGC,0,2278468
mcbAp5,0.3333333333333333,2,2,ATCGGGTAGCTACTACCCCA,0,2280365
mcbAp5,0.3333333333333333,2,2,ATCGGGTAGACTGCCTAACG,0,2276177
mcbAp5,0.3333333333333333,2,2,ATCGGCGTACATGCTAGGCC,0,2280775
mcbAp5,0.3333333333333333,2,2,ATCGATGTCAATTATGCCGA,0,2295038
mcbAp5,0.3333333333333333,2,2,ATCGACAGTTGTTCAAGACC,0,2301781
mcbAp5,0.3333333333333333,2,2,ATCCTTTGCTTATAGGTGTG,0,2271866
mcbAp5,0.3333333333333333,2,2,ATCCGCGGCTTGTCGGATCA,0,2284287
mcbAp5,0.3333333333333333,2,2,ATCCGCACGCAAACCTTATA,0,2296200
mcbAp5,0.3333333333333333,2,2,ATCCCTGGCAGCCTCTTTGA,0,2305066
mcbAp5,0.3333333333333333,2,2,ATCCACTGATACTTCACAAA,0,2298510
mcbAp5,0.3333333333333333,2,2,ATCATGTTGTGTTTCCGGAA,0,2280747
mcbAp5,0.3333333333333333,2,2,ATCAGTAGTGAAGTCTGCTC,0,2282781
mcbAp5,0.3333333333333333,2,2,ATCAGAGTTTTGGTAAGAGA,0,2266715
mcbAp5,0.3333333333333333,2,2,ATCACTTGTATACGTATTAC,0,2304710
mcbAp5,0.3333333333333333,2,2,ATATTTCGAGCATGTAACCT,0,2311986
mcbAp5,0.3333333333333333,2,2,ATATTACTGTTCAGCCAATA,0,2310340
mcbAp5,0.3333333333333333,2,2,ATATGTTATGGCAGCTCGTA,0,2313071
mcbAp5,0.3333333333333333,2,2,ATATGATTGGAAAAAGCGCG,0,2264531
mcbAp5,0.3333333333333333,2,2,ATATCGAGGTGTACTGCGAA,0,2273575
mcbAp5,0.3333333333333333,2,2,ATATATTGCCAAATATAGGG,0,2293644
mcbAp5,0.3333333333333333,2,2,ATATATGCTTATCATGGTAT,0,2291164
mcbAp5,0.3333333333333333,2,2,ATATAACTCTTACGGGAAGG,0,2305156
mcbAp5,0.3333333333333333,2,2,ATAGTTTTCCACTTCGTGCA,0,2291581
mcbAp5,0.3333333333333333,2,2,ATAGGCAATGTGTGAGCGCA,0,2263839
mcbAp5,0.3333333333333333,2,2,ATAGGACGGAGGTAACTATC,0,2262836
mcbAp5,0.3333333333333333,2,2,ATAGGAAAAGGACAGATTAC,0,2264147
mcbAp5,0.3333333333333333,2,2,ATAGCTGGAGTAACGCACCT,0,2309029
mcbAp5,0.3333333333333333,2,2,ATAGCCGGTCATTAGCGGCT,0,2273336
mcbAp5,0.3333333333333333,2,2,ATAGAGGCGTAACTTTAGGT,0,2283551
mcbAp5,0.3333333333333333,2,2,ATAGAATTACCTCCGCAATC,0,2312618
mcbAp5,0.3333333333333333,2,2,ATAGAAGGACGTATGGTAAT,0,2286831
mcbAp5,0.3333333333333333,2,2,ATAGAAACACCGACGGGGTT,0,2287500
mcbAp5,0.3333333333333333,2,2,ATACTCCTGCTAGACGGGCA,0,2299065
mcbAp5,0.3333333333333333,2,2,ATACGATCACAGGGACTAGC,0,2306654
mcbAp5,0.3333333333333333,2,2,ATACCTGAAGCAAGGAAGGG,0,2269140
mcbAp5,0.3333333333333333,2,2,ATACATGACGTTTCTGCAAC,0,2308774
mcbAp5,0.3333333333333333,2,2,ATACATATGAAGCGAAGCCA,0,2307879
mcbAp5,0.3333333333333333,2,2,ATACAGGGCGTTTTCCGGAG,0,2306369
mcbAp5,0.3333333333333333,2,2,ATAATGGACTAGAGGGGTCA,0,2264257
mcbAp5,0.3333333333333333,2,2,ATAATATTTATTATTTGGCA,0,2304089
mcbAp5,0.3333333333333333,2,2,ATAAGCGAGTATATGTCACT,0,2278020
mcbAp5,0.3333333333333333,2,2,ATAAGCAGGCGTACCTAATA,0,2275541
mcbAp5,0.3333333333333333,2,2,ATAAGAATGCTCCTTGGGTT,0,2299489
mcbAp5,0.3333333333333333,2,2,ATAACCTGAAGTTGTATCTC,0,2302906
mcbAp5,0.3333333333333333,2,2,ATAACAAATGAACGCCTCTC,0,2307506
mcbAp5,0.3333333333333333,2,2,ATAAAGTCAATTTGGTCGTT,0,2292699
mcbAp5,0.3333333333333333,2,2,ATAAAGACTCGTTTTGTCAA,0,2308488
mcbAp5,0.3333333333333333,2,2,ATAAAACAGCGAACCGGCCC,0,2294883
mcbAp5,0.3333333333333333,2,2,AGTTGTAGCGCGTGCCCCTC,0,2279866
mcbAp5,0.3333333333333333,2,2,AGTTGGCAAATATGGTTACC,0,2282890
mcbAp5,0.3333333333333333,2,2,AGTTGCCCGGTAATCATTAT,0,2273665
mcbAp5,0.3333333333333333,2,2,AGTTGACATTTTTTCCCTGC,0,2296291
mcbAp5,0.3333333333333333,2,2,AGTTCTGACATAAGATTTAG,0,2301311
mcbAp5,0.3333333333333333,2,2,AGTTCTCTGGATTCCCAAAA,0,2306178
mcbAp5,0.3333333333333333,2,2,AGTTCGCATCAGCACTCCAT,0,2306562
mcbAp5,0.3333333333333333,2,2,AGTTCCGATACCACCGTGTG,0,2263281
mcbAp5,0.3333333333333333,2,2,AGTTAGAATGGCATAAACAG,0,2267064
mcbAp5,0.3333333333333333,2,2,AGTTAGAAGTCCTGATGGAA,0,2314258
mcbAp5,0.3333333333333333,2,2,AGTTAAGAATCAGAAGTAAC,0,2282764
mcbAp5,0.3333333333333333,2,2,AGTGTTAAACAAAATCTTCA,0,2288451
mcbAp5,0.3333333333333333,2,2,AGTGGGGGCCCATACCGAAA,0,2275154
mcbAp5,0.3333333333333333,2,2,AGTGGAATGGAGTATCGAGA,0,2299902
mcbAp5,0.3333333333333333,2,2,AGTGCTCAGTAGGTGGGTTA,0,2294461
mcbAp5,0.3333333333333333,2,2,AGTGCCGTGGAATACTGTGG,0,2284174
mcbAp5,0.3333333333333333,2,2,AGTGCCATCGCGTGGGAGGG,0,2314305
mcbAp5,0.3333333333333333,2,2,AGTGCATTTCAGGCATAAGA,0,2314839
mcbAp5,0.3333333333333333,2,2,AGTGCACGAAATCTGAGGGT,0,2308654
mcbAp5,0.3333333333333333,2,2,AGTGACGGGGTATCATAGAT,0,2288759
mcbAp5,0.3333333333333333,2,2,AGTCTTCGGAAGCCCGTTGT,0,2285561
mcbAp5,0.3333333333333333,2,2,AGTCTACGCCACGTATTGGT,0,2276163
mcbAp5,0.3333333333333333,2,2,AGTCGGCGGTGGGCAACCGG,0,2306217
mcbAp5,0.3333333333333333,2,2,AGTCGGCCTCATTACACTTG,0,2294389
mcbAp5,0.3333333333333333,2,2,AGTCGGATTGGTTTTTCAAG,0,2270447
mcbAp5,0.3333333333333333,2,2,AGTCGAGCCTGTGGATGTGG,0,2294967
mcbAp5,0.3333333333333333,2,2,AGTCCTACCTTATTTTGCAT,0,2290936
mcbAp5,0.3333333333333333,2,2,AGTCCCAGTCTTCGTCGGAT,0,2315799
mcbAp5,0.3333333333333333,2,2,AGTCCAACCCTGTCTCTGCG,0,2308429
mcbAp5,0.3333333333333333,2,2,AGTCAGGAGCTGTACTACGG,0,2312835
mcbAp5,0.3333333333333333,2,2,AGTATACGGAAATCCTTGGG,0,2300445
mcbAp5,0.3333333333333333,2,2,AGTAGTATCATACTAGGTTA,0,2277051
mcbAp5,0.3333333333333333,2,2,AGTAGCGTATGTCCAACGTG,0,2298417
mcbAp5,0.3333333333333333,2,2,AGTAGCGCCCTGTGTTCGGA,0,2279684
mcbAp5,0.3333333333333333,2,2,AGTAGAATTCGGGATGCAGT,0,2283881
mcbAp5,0.3333333333333333,2,2,AGTAATCGGTGGGACCAGTA,0,2285375
mcbAp5,0.3333333333333333,2,2,AGTAATATGGGTAGGATTAC,0,2296978
mcbAp5,0.3333333333333333,2,2,AGGTTTAACTGGCCCTGGAT,0,2274492
mcbAp5,0.3333333333333333,2,2,AGGTTGTACCGTAGAAGATA,0,2275608
mcbAp5,0.3333333333333333,2,2,AGGTTGGCCCTACCTACGCG,0,2270380
mcbAp5,0.3333333333333333,2,2,AGGTTATATTAGGGCAAACT,0,2310662
mcbAp5,0.3333333333333333,2,2,AGGTTAGACGCAATTCAAAC,0,2276064
mcbAp5,0.3333333333333333,2,2,AGGTTACAGTCCGATGGGCA,0,2280113
mcbAp5,0.3333333333333333,2,2,AGGTGTCTGCCGGTAATCAT,0,2294069
mcbAp5,0.3333333333333333,2,2,AGGTGCACATCGAGGCCGAT,0,2297152
mcbAp5,0.3333333333333333,2,2,AGGTGATACAAGAGCGGAGG,0,2296658
mcbAp5,0.3333333333333333,2,2,AGGTGACTTTCGTGCCAAAA,0,2306970
mcbAp5,0.3333333333333333,2,2,AGGTAGTAGGCACATCAGTG,0,2265317
mcbAp5,0.3333333333333333,2,2,AGGTACAAGAGGTCGCAACA,0,2261208
mcbAp5,0.3333333333333333,2,2,AGGTAATCCGGTTCCCTCGC,0,2273856
mcbAp5,0.3333333333333333,2,2,AGGTAACGAATTCATGCGGA,0,2298947
mcbAp5,0.3333333333333333,2,2,AGGGTTTACAGTAGATTGTC,0,2292653
mcbAp5,0.3333333333333333,2,2,AGGGTCAAGCGTCTCGTATG,0,2279037
mcbAp5,0.3333333333333333,2,2,AGGGGTAGTTATTCGGCTCA,0,2296945
mcbAp5,0.3333333333333333,2,2,AGGGGGTCATAAGTAGGTTA,0,2285125
mcbAp5,0.3333333333333333,2,2,AGGGCGTAGTATACTCAGGA,0,2278555
mcbAp5,0.3333333333333333,2,2,AGGGATGGAGAGGTAAGTCA,0,2307481
mcbAp5,0.3333333333333333,2,2,AGGGAGCCTTAAACGACGTT,0,2283231
mcbAp5,0.3333333333333333,2,2,AGGGACACTTACTTGTCGGG,0,2309022
mcbAp5,0.3333333333333333,2,2,AGGCTGCACTCATATCTGAA,0,2287591
mcbAp5,0.3333333333333333,2,2,AGGCTAAACAGCGCGGCGTG,0,2294245
mcbAp5,0.3333333333333333,2,2,AGGCGAACGCATATGATCGA,0,2265447
mcbAp5,0.3333333333333333,2,2,AGGCCGCGTATACGTCGATT,0,2301957
mcbAp5,0.3333333333333333,2,2,AGGCCCTTACGGAGGACGTA,0,2261492
mcbAp5,0.3333333333333333,2,2,AGGCCAGCGTGAGCAAAGAG,0,2278211
mcbAp5,0.3333333333333333,2,2,AGGCCACTACAGCTCCGTTT,0,2287653
mcbAp5,0.3333333333333333,2,2,AGGCCAAGATGCGGGCCAGC,0,2281054
mcbAp5,0.3333333333333333,2,2,AGGCCAACGCGCGGCAATAC,0,2302876
mcbAp5,0.3333333333333333,2,2,AGGCAGATGATGCAAGCGGA,0,2314667
mcbAp5,0.3333333333333333,2,2,AGGCACGCGGTTGAACAGTC,0,2300606
mcbAp5,0.3333333333333333,2,2,AGGATGCTACCGTTCAGTTG,0,2298203
mcbAp5,0.3333333333333333,2,2,AGGAGGTTGAGCATTTGCGT,0,2294148
mcbAp5,0.3333333333333333,2,2,AGGAGCGCTAGGGCTATCGC,0,2294812
mcbAp5,0.3333333333333333,2,2,AGGACTCGTGGTGTGTTTGG,0,2305196
mcbAp5,0.3333333333333333,2,2,AGGACGTATTTGCAACTTGT,0,2312781
mcbAp5,0.3333333333333333,2,2,AGGACCCAGTTAATGCCTTC,0,2275574
mcbAp5,0.3333333333333333,2,2,AGGAATGTTGGTAGCAACTT,0,2266470
mcbAp5,0.3333333333333333,2,2,AGGAACAGGAACTGAACAAA,0,2284110
mcbAp5,0.3333333333333333,2,2,AGGAAAACTGAACCAGGTGT,0,2275764
mcbAp5,0.3333333333333333,2,2,AGCTTGTGTGTAAGCGACAA,0,2311271
mcbAp5,0.3333333333333333,2,2,AGCTTCATTGAGACCGCTTC,0,2309584
mcbAp5,0.3333333333333333,2,2,AGCTGTCAGGGCGACAAAAG,0,2273560
mcbAp5,0.3333333333333333,2,2,AGCTGCGCCATTGCACACTC,0,2280055
mcbAp5,0.3333333333333333,2,2,AGCTGCAGACGGGCCGCACG,0,2276708
mcbAp5,0.3333333333333333,2,2,AGCTGATAACGATGGTCTGG,0,2307219
mcbAp5,0.3333333333333333,2,2,AGCTCTCGACTGCGCAAGCC,0,2283700
mcbAp5,0.3333333333333333,2,2,AGCTCCGACGGGTCGAACAT,0,2296567
mcbAp5,0.3333333333333333,2,2,AGCTAGGGACATGTGCTAAA,0,2280702
mcbAp5,0.3333333333333333,2,2,AGCGTCTGGATTGAGGGTAC,0,2270338
mcbAp5,0.3333333333333333,2,2,AGCGTAGAAAAGGGTACCTG,0,2294705
mcbAp5,0.3333333333333333,2,2,AGCGGGAAAGTGTGTGAATA,0,2281559
mcbAp5,0.3333333333333333,2,2,AGCGGATTGTAGGCATCCGA,0,2312944
mcbAp5,0.3333333333333333,2,2,AGCGGACGTCAGTTGCATAA,0,2290865
mcbAp5,0.3333333333333333,2,2,AGCGACCGAATTGTACCTCT,0,2305251
mcbAp5,0.3333333333333333,2,2,AGCGAACTCGTGGCTTCCGG,0,2292896
mcbAp5,0.3333333333333333,2,2,AGCCGCACGGGCTGTATTTC,0,2273927
mcbAp5,0.3333333333333333,2,2,AGCCCGATAATGCTAGTCAA,0,2271840
mcbAp5,0.3333333333333333,2,2,AGCCCCATGCCGGTAAGTAC,0,2315833
mcbAp5,0.3333333333333333,2,2,AGCATGAATGATAAGCATTG,0,2295796
mcbAp5,0.3333333333333333,2,2,AGCAGTAGTTAGTGTAGCGC,0,2281310
mcbAp5,0.3333333333333333,2,2,AGCAGGTAGCCTAGAGACAT,0,2307967
mcbAp5,0.3333333333333333,2,2,AGCACTTTGGTGTGCTTAAA,0,2286318
mcbAp5,0.3333333333333333,2,2,AGCACGACGGGCAAAGACCC,0,2312339
mcbAp5,0.3333333333333333,2,2,AGCACATGCGGTGCTAAGTG,0,2278603
mcbAp5,0.3333333333333333,2,2,AGCAATTACCTGGGTGCTGA,0,2291631
mcbAp5,0.3333333333333333,2,2,AGCAATCCAGCCGCTCGTCA,0,2279587
mcbAp5,0.3333333333333333,2,2,AGCAAGTGATTTGCAGCTAT,0,2297287
mcbAp5,0.3333333333333333,2,2,AGCAACGGGGTGCAGAGCTC,0,2265156
mcbAp5,0.3333333333333333,2,2,AGATTGCAATATATGTCATG,0,2310682
mcbAp5,0.3333333333333333,2,2,AGATTAGTACACAAACCCGA,0,2309226
mcbAp5,0.3333333333333333,2,2,AGATTAAATGTATCCGTGCT,0,2269333
mcbAp5,0.3333333333333333,2,2,AGATGTTCATCGTACCAAAG,0,2263707
mcbAp5,0.3333333333333333,2,2,AGATGCGCCGTCGCCTTATG,0,2262169
mcbAp5,0.3333333333333333,2,2,AGATGAGCATACAACATGAA,0,2281091
mcbAp5,0.3333333333333333,2,2,AGATGAGACAAGCAGCTTGG,0,2272427
mcbAp5,0.3333333333333333,2,2,AGATCTTAGTCCAACCGAGA,0,2261797
mcbAp5,0.3333333333333333,2,2,AGATCTAACAGGGAACGGCT,0,2267464
mcbAp5,0.3333333333333333,2,2,AGATCGCCTGCATCTACCGT,0,2286168
mcbAp5,0.3333333333333333,2,2,AGATCCTTCCGTGTTAGGTT,0,2290788
mcbAp5,0.3333333333333333,2,2,AGATCCCAGAATATGTTGTC,0,2311506
mcbAp5,0.3333333333333333,2,2,AGATCATACCGGTTCTGTCG,0,2298963
mcbAp5,0.3333333333333333,2,2,AGATCAGGATGAGACGTTAC,0,2287731
mcbAp5,0.3333333333333333,2,2,AGATAAACACGGCGCTCCTG,0,2290837
mcbAp5,0.3333333333333333,2,2,AGAGTTTCGGGTCTCGGGTG,0,2283937
mcbAp5,0.3333333333333333,2,2,AGAGGTTAGACTCGCTACGA,0,2295252
mcbAp5,0.3333333333333333,2,2,AGAGGGTTCATCTGTTAACA,0,2280567
mcbAp5,0.3333333333333333,2,2,AGAGCCGAGGATCTCTCTGA,0,2313097
mcbAp5,0.3333333333333333,2,2,AGAGCACAGCTGGTTGATCA,0,2272182
mcbAp5,0.3333333333333333,2,2,AGACTATCTAAGCGTGATCA,0,2283678
mcbAp5,0.3333333333333333,2,2,AGACTACCTTGCGCCGAGGT,0,2299794
mcbAp5,0.3333333333333333,2,2,AGACGGAGGTTCTGCACGAC,0,2294683
mcbAp5,0.3333333333333333,2,2,AGACGGACGTTAGAAGATCA,0,2294964
mcbAp5,0.3333333333333333,2,2,AGACGCGCAATACATTACGA,0,2276951
mcbAp5,0.3333333333333333,2,2,AGACCGGGCATAAACGAGAG,0,2266477
mcbAp5,0.3333333333333333,2,2,AGACCGGACAGCCCCCTGAC,0,2287903
mcbAp5,0.3333333333333333,2,2,AGACCGACCAGTATCGCGGC,0,2274223
mcbAp5,0.3333333333333333,2,2,AGACATGTAAGCGGAGGGGT,0,2307925
mcbAp5,0.3333333333333333,2,2,AGACAGTCGCAAAATAAGAT,0,2271917
mcbAp5,0.3333333333333333,2,2,AGACAGGAGATAACTCTGTA,0,2311056
mcbAp5,0.3333333333333333,2,2,AGACAGAGTCAACGCGTTGC,0,2301241
mcbAp5,0.3333333333333333,2,2,AGACAAGGTCTAAAGCAGCT,0,2315415
mcbAp5,0.3333333333333333,2,2,AGAATTGACGCTGAAGCATC,0,2277935
mcbAp5,0.3333333333333333,2,2,AGAATGTCGAGGCTGAGCTT,0,2282016
mcbAp5,0.3333333333333333,2,2,AGAATGGTTAAACAGCTCAG,0,2312543
mcbAp5,0.3333333333333333,2,2,AGAATCAGTGGGAAGCCCTT,0,2309996
mcbAp5,0.3333333333333333,2,2,AGAAGCCCATTGGGGCAGGT,0,2279418
mcbAp5,0.3333333333333333,2,2,AGAAGAGACGCATAGCAGCA,0,2296933
mcbAp5,0.3333333333333333,2,2,AGAAGAACAGGAGGCTTATA,0,2311174
mcbAp5,0.3333333333333333,2,2,AGAACCATCTTTCGTGGAGG,0,2295192
mcbAp5,0.3333333333333333,2,2,AGAAATGGCACGCTTGAAGT,0,2292238
mcbAp5,0.3333333333333333,2,2,AGAAAGAATTACAAGTTCGG,0,2277130
mcbAp5,0.3333333333333333,2,2,AGAAACACATCGTTAAGTTT,0,2294785
mcbAp5,0.3333333333333333,2,2,ACTTTTATATCGCAGCCTCG,0,2304016
mcbAp5,0.3333333333333333,2,2,ACTTTGTTCTAGGGGCAACT,0,2284141
mcbAp5,0.3333333333333333,2,2,ACTTTAAATCACTGGTATTT,0,2280706
mcbAp5,0.3333333333333333,2,2,ACTTGCTGTAGGCTAAAAGG,0,2292180
mcbAp5,0.3333333333333333,2,2,ACTTGAGCACATTGAACTGT,0,2282370
mcbAp5,0.3333333333333333,2,2,ACTTGACTTGGAAACATATG,0,2269483
mcbAp5,0.3333333333333333,2,2,ACTTGAATGTCACAATGGAT,0,2299564
mcbAp5,0.3333333333333333,2,2,ACTTCTCTCCCCCTTGAGTT,0,2305441
mcbAp5,0.3333333333333333,2,2,ACTTCGGCACAATTTAGCCC,0,2297850
mcbAp5,0.3333333333333333,2,2,ACTTCGCCTGACCCGGTCAC,0,2298188
mcbAp5,0.3333333333333333,2,2,ACTGTTATCGAATATCTCTG,0,2267436
mcbAp5,0.3333333333333333,2,2,ACTGGGCCAGGAGAGACCGA,0,2285493
mcbAp5,0.3333333333333333,2,2,ACTGCTTTTTGCTGGCCGCG,0,2268919
mcbAp5,0.3333333333333333,2,2,ACTGCCCGGATATCCAGACT,0,2286112
mcbAp5,0.3333333333333333,2,2,ACTGCATACTTTTCCAAAGC,0,2279434
mcbAp5,0.3333333333333333,2,2,ACTCTGACCGGGACCGAGTC,0,2275957
mcbAp5,0.3333333333333333,2,2,ACTCTCGATTTAGTGGGGCA,0,2286995
mcbAp5,0.3333333333333333,2,2,ACTCTACCGAGCCCCGTCAT,0,2279613
mcbAp5,0.3333333333333333,2,2,ACTCGTGAGATGGGGACGTC,0,2296186
mcbAp5,0.3333333333333333,2,2,ACTCGTACTAGCACTTCCAT,0,2292702
mcbAp5,0.3333333333333333,2,2,ACTCCCTCGCAAGTCACGTA,0,2274811
mcbAp5,0.3333333333333333,2,2,ACTCAACAGCTACGACGACC,0,2307316
mcbAp5,0.3333333333333333,2,2,ACTCAACAAACCCGGATTAG,0,2301612
mcbAp5,0.3333333333333333,2,2,ACTATGTAGTCAGGCTTATA,0,2287536
mcbAp5,0.3333333333333333,2,2,ACTATGCACAAGGGGGGTCA,0,2273356
mcbAp5,0.3333333333333333,2,2,ACTATCTAGTATCAAGGGTG,0,2273357
mcbAp5,0.3333333333333333,2,2,ACTAGCTAGTAATCGGCGTA,0,2299568
mcbAp5,0.3333333333333333,2,2,ACTACAGAGGGGTGCTCCCT,0,2280598
mcbAp5,0.3333333333333333,2,2,ACTAATCACGGCCCTAGTAC,0,2288723
mcbAp5,0.3333333333333333,2,2,ACTAAAAGTTGCATAAACTA,0,2301664
mcbAp5,0.3333333333333333,2,2,ACGTTCATCAAGGGGATCGC,0,2297072
mcbAp5,0.3333333333333333,2,2,ACGTGATAAGGCATACCGTT,0,2309523
mcbAp5,0.3333333333333333,2,2,ACGTCCCTATCGAGGATATG,0,2277601
mcbAp5,0.3333333333333333,2,2,ACGTCAACACTGCAATTCTT,0,2302237
mcbAp5,0.3333333333333333,2,2,ACGTACTAATTTGTGAGGGA,0,2299855
mcbAp5,0.3333333333333333,2,2,ACGTAATCGCCGGGGCACCT,0,2281833
mcbAp5,0.3333333333333333,2,2,ACGTAACGGCCCACCGTATC,0,2287690
mcbAp5,0.3333333333333333,2,2,ACGGTTCTTCCGCTAATCGT,0,2283052
mcbAp5,0.3333333333333333,2,2,ACGGTGCAACCGCATTGGTA,0,2292082
mcbAp5,0.3333333333333333,2,2,ACGGTAACTCTAAGATAAAA,0,2305022
mcbAp5,0.3333333333333333,2,2,ACGGGTTCGTTGGTTACCAC,0,2273271
mcbAp5,0.3333333333333333,2,2,ACGGGTGTGATCCGTTGCAA,0,2269527
mcbAp5,0.3333333333333333,2,2,ACGGGGTCGTAGGTATTATC,0,2299839
mcbAp5,0.3333333333333333,2,2,ACGGGAGCCTCGGGGCGGTA,0,2271836
mcbAp5,0.3333333333333333,2,2,ACGGGACGGAAACGGAAGGT,0,2266555
mcbAp5,0.3333333333333333,2,2,ACGGGACGCCGATGCTGCTT,0,2315275
mcbAp5,0.3333333333333333,2,2,ACGGCTGACTCAGAAACATT,0,2295733
mcbAp5,0.3333333333333333,2,2,ACGGCAAAACCCCACCCGCG,0,2304742
mcbAp5,0.3333333333333333,2,2,ACGGATCGAGTCAGTGGTTA,0,2311160
mcbAp5,0.3333333333333333,2,2,ACGGAGTAGGGAGCAGACGA,0,2280468
mcbAp5,0.3333333333333333,2,2,ACGGAATCCTACGGGCTCAA,0,2307036
mcbAp5,0.3333333333333333,2,2,ACGCTTATGGGATAGTCCTG,0,2314464
mcbAp5,0.3333333333333333,2,2,ACGCTCCTCTCCCAGTCCAA,0,2284104
mcbAp5,0.3333333333333333,2,2,ACGCTAATTAACGCGTGAAG,0,2276798
mcbAp5,0.3333333333333333,2,2,ACGCGTGTGTCATCCCCTCC,0,2301474
mcbAp5,0.3333333333333333,2,2,ACGCGTGCATAGCAGTTTTC,0,2303917
mcbAp5,0.3333333333333333,2,2,ACGCGGTTCGTGTTACGGCA,0,2271055
mcbAp5,0.3333333333333333,2,2,ACGCGCAGGGAAGTCCATGG,0,2299545
mcbAp5,0.3333333333333333,2,2,ACGCGAGGGTTAAAGGGCCA,0,2303572
mcbAp5,0.3333333333333333,2,2,ACGCGAACAATTCAAGATTG,0,2299534
mcbAp5,0.3333333333333333,2,2,ACGCCTAGACTTTGTCAGCG,0,2261272
mcbAp5,0.3333333333333333,2,2,ACGCCCTGATTTAGTTACTA,0,2301262
mcbAp5,0.3333333333333333,2,2,ACGCCCGGTAGTGCACCATG,0,2272156
mcbAp5,0.3333333333333333,2,2,ACGCATGGCCCGGGGCGACT,0,2268551
mcbAp5,0.3333333333333333,2,2,ACGATTGACATTTTCGTTTT,0,2264622
mcbAp5,0.3333333333333333,2,2,ACGATTCTTCCTCGGTCTAC,0,2264024
mcbAp5,0.3333333333333333,2,2,ACGACTGAAGAGCCTCAACT,0,2314753
mcbAp5,0.3333333333333333,2,2,ACGACTAACCGAATACTAAT,0,2304083
mcbAp5,0.3333333333333333,2,2,ACGACATTTCGCGGCAGTAA,0,2292283
mcbAp5,0.3333333333333333,2,2,ACGACATATCCGTGGTTAGC,0,2314096
mcbAp5,0.3333333333333333,2,2,ACGACAACGTCAGTGAGACC,0,2288404
mcbAp5,0.3333333333333333,2,2,ACGAAGAACGGTATGTATTT,0,2265741
mcbAp5,0.3333333333333333,2,2,ACGAAATTTGTGCTGCGACC,0,2295830
mcbAp5,0.3333333333333333,2,2,ACGAAAGAAGCGGCATAGCC,0,2298004
mcbAp5,0.3333333333333333,2,2,ACCTTTACAACCTATATACT,0,2308966
mcbAp5,0.3333333333333333,2,2,ACCTTCTTTATAAGTTGTAT,0,2284774
mcbAp5,0.3333333333333333,2,2,ACCTTATAATTGGGGCTTCA,0,2302834
mcbAp5,0.3333333333333333,2,2,ACCTGGGGAAGGTATTAAGA,0,2295188
mcbAp5,0.3333333333333333,2,2,ACCTGGCCGGACTATCGAGT,0,2303013
mcbAp5,0.3333333333333333,2,2,ACCTCTAACATCAATTTTTC,0,2290244
mcbAp5,0.3333333333333333,2,2,ACCTCCCCTCATAACATACG,0,2274144
mcbAp5,0.3333333333333333,2,2,ACCTAAATATCATGGAATTT,0,2310090
mcbAp5,0.3333333333333333,2,2,ACCGTTACGCATGCACCACA,0,2278069
mcbAp5,0.3333333333333333,2,2,ACCGGTATAATGATCAGCGT,0,2311946
mcbAp5,0.3333333333333333,2,2,ACCGGCGTGGGTGAGTTGCT,0,2303145
mcbAp5,0.3333333333333333,2,2,ACCGCCGGCTCATATAATTA,0,2289117
mcbAp5,0.3333333333333333,2,2,ACCGCCCTCTTGTTCAACGC,0,2271769
mcbAp5,0.3333333333333333,2,2,ACCCTTGAAAACAATCAGTT,0,2314635
mcbAp5,0.3333333333333333,2,2,ACCCTGAACACTCCCACGGG,0,2262237
mcbAp5,0.3333333333333333,2,2,ACCCTCGAAGGAATGTCACA,0,2272521
mcbAp5,0.3333333333333333,2,2,ACCCTCATTCGTACAATCCC,0,2306722
mcbAp5,0.3333333333333333,2,2,ACCCTAAGGTCCGGGCGTAG,0,2300733
mcbAp5,0.3333333333333333,2,2,ACCCTAAAGAGGCTCCGGCG,0,2284815
mcbAp5,0.3333333333333333,2,2,ACCCGTCAAAATGGGTAGCC,0,2280128
mcbAp5,0.3333333333333333,2,2,ACCCGGGTGGCTTGACGGAG,0,2268719
mcbAp5,0.3333333333333333,2,2,ACCCCACAGTTGACGTTGCC,0,2283055
mcbAp5,0.3333333333333333,2,2,ACCCAGGTGGCATTACTTGG,0,2267893
mcbAp5,0.3333333333333333,2,2,ACCCAACGTCACGGAGTTTC,0,2264788
mcbAp5,0.3333333333333333,2,2,ACCATTTCAGGTATCATGGT,0,2306069
mcbAp5,0.3333333333333333,2,2,ACCAGTCACATGCATTGCTA,0,2272825
mcbAp5,0.3333333333333333,2,2,ACCAGAGTGGCGCGAAGCGG,0,2300845
mcbAp5,0.3333333333333333,2,2,ACCACTTTCTCGTGGAAATA,0,2266774
mcbAp5,0.3333333333333333,2,2,ACCACTCTGAGGCAATGTCA,0,2291578
mcbAp5,0.3333333333333333,2,2,ACCACGGTCGCAGCTCTGTC,0,2307867
mcbAp5,0.3333333333333333,2,2,ACATTTTTGCTAGCGAACGG,0,2263331
mcbAp5,0.3333333333333333,2,2,ACATTGTCGTTGACGGGAAT,0,2306741
mcbAp5,0.3333333333333333,2,2,ACATTCTTTTATGACCCTTC,0,2263167
mcbAp5,0.3333333333333333,2,2,ACATTCATAATATTTACAGT,0,2294304
mcbAp5,0.3333333333333333,2,2,ACATTAGGGTGTACAAAGAA,0,2276825
mcbAp5,0.3333333333333333,2,2,ACATGCGTCCTATGGCGCGC,0,2290847
mcbAp5,0.3333333333333333,2,2,ACATGCCCCCTCAAAAGGGC,0,2315785
mcbAp5,0.3333333333333333,2,2,ACATGCAAGTATATGATATC,0,2313582
mcbAp5,0.3333333333333333,2,2,ACATGCAAGGAGCGGCTCGA,0,2309350
mcbAp5,0.3333333333333333,2,2,ACATGACGTTAATAGAACGG,0,2291370
mcbAp5,0.3333333333333333,2,2,ACATATGCAAACATTGAGTA,0,2302752
mcbAp5,0.3333333333333333,2,2,ACATATCGTATAGTTATGAA,0,2314868
mcbAp5,0.3333333333333333,2,2,ACAGTTTGGCGGCGTAGAGC,0,2282757
mcbAp5,0.3333333333333333,2,2,ACAGTTAAGCGCTGGTTTTG,0,2285087
mcbAp5,0.3333333333333333,2,2,ACAGTCCAATTGGCCCCCTC,0,2307964
mcbAp5,0.3333333333333333,2,2,ACAGTATTTTGTCCCCAGTC,0,2311482
mcbAp5,0.3333333333333333,2,2,ACAGGGTTTCAAGAGAGCGC,0,2308524
mcbAp5,0.3333333333333333,2,2,ACAGGCGGCGGGGAGCTTCC,0,2309194
mcbAp5,0.3333333333333333,2,2,ACAGGCCAAAGTTGCACGCC,0,2262554
mcbAp5,0.3333333333333333,2,2,ACAGGAGTTAGTGTTTTTCC,0,2275443
mcbAp5,0.3333333333333333,2,2,ACAGCGATAGCTCGCCACGA,0,2315482
mcbAp5,0.3333333333333333,2,2,ACAGCATCTAAACGACTGCT,0,2266172
mcbAp5,0.3333333333333333,2,2,ACAGCACTATATGTGTTTGA,0,2282061
mcbAp5,0.3333333333333333,2,2,ACAGATTGGGGCTCGCCGGA,0,2263883
mcbAp5,0.3333333333333333,2,2,ACAGAATCGTGAAAAGGGCT,0,2306651
mcbAp5,0.3333333333333333,2,2,ACACGTAGAGGCACCATGGT,0,2298984
mcbAp5,0.3333333333333333,2,2,ACACGGATGAGCGACGCACC,0,2293351
mcbAp5,0.3333333333333333,2,2,ACACAGAAGAATTAGCCGCC,0,2311323
mcbAp5,0.3333333333333333,2,2,ACAATTAGAGTAAATACGAC,0,2288803
mcbAp5,0.3333333333333333,2,2,ACAAGGTACATAAACAGCAG,0,2288635
mcbAp5,0.3333333333333333,2,2,ACAAGCCGCTGATAGTGTTA,0,2315130
mcbAp5,0.3333333333333333,2,2,ACAACGAGTAGACTCTTGAC,0,2295709
mcbAp5,0.3333333333333333,2,2,ACAACAGATCTCCCAATATT,0,2262170
mcbAp5,0.3333333333333333,2,2,AATTTTACAGCAGTTCCAAT,0,2266118
mcbAp5,0.3333333333333333,2,2,AATTGTGATAAAACGTAATA,0,2280904
mcbAp5,0.3333333333333333,2,2,AATTGCTTTCATGTTAACCG,0,2291641
mcbAp5,0.3333333333333333,2,2,AATTGATCTGCGGAAGGATG,0,2296846
mcbAp5,0.3333333333333333,2,2,AATTCCAGATCTTGGACGCA,0,2289908
mcbAp5,0.3333333333333333,2,2,AATTAGGCGGTTTTGGCAGG,0,2273509
mcbAp5,0.3333333333333333,2,2,AATTAGAGATGCACAGGTTG,0,2287649
mcbAp5,0.3333333333333333,2,2,AATGTCTTAAGTTACCACGC,0,2272385
mcbAp5,0.3333333333333333,2,2,AATGTCCACACGCGATGTTA,0,2304378
mcbAp5,0.3333333333333333,2,2,AATGTACTACGGCTGCTTGA,0,2286975
mcbAp5,0.3333333333333333,2,2,AATGGGGGGAGCAATGTATG,0,2273866
mcbAp5,0.3333333333333333,2,2,AATGGGCTACGCGTAGGAGG,0,2280474
mcbAp5,0.3333333333333333,2,2,AATGCTTTGCTCGGTGAGCC,0,2276340
mcbAp5,0.3333333333333333,2,2,AATGCTTAAGGTGGCTACGC,0,2293394
mcbAp5,0.3333333333333333,2,2,AATGAGGTCGCATGCGCAAT,0,2311887
mcbAp5,0.3333333333333333,2,2,AATCTGGAGTTTGGCCAAAA,0,2297521
mcbAp5,0.3333333333333333,2,2,AATCTCTTGTGGAGTATGTA,0,2295691
mcbAp5,0.3333333333333333,2,2,AATCTATGTCCGCGACGATA,0,2280555
mcbAp5,0.3333333333333333,2,2,AATCGGTTGCCCCTCGCGTC,0,2284167
mcbAp5,0.3333333333333333,2,2,AATCGGCAACTCTAAGTAGT,0,2304528
mcbAp5,0.3333333333333333,2,2,AATCGCTATTTGGTGAGATA,0,2315525
mcbAp5,0.3333333333333333,2,2,AATCGAGGATAAACGTGCGT,0,2266151
mcbAp5,0.3333333333333333,2,2,AATCCTTTAGGGAATGTCGG,0,2301057
mcbAp5,0.3333333333333333,2,2,AATCCGGCCTGGCCTTAGCC,0,2275371
mcbAp5,0.3333333333333333,2,2,AATCATGCAGGCGGCATAGT,0,2294346
mcbAp5,0.3333333333333333,2,2,AATATTCTATTTCCTCGATA,0,2267432
mcbAp5,0.3333333333333333,2,2,AATATCTGTTTTCGGCCGAT,0,2303256
mcbAp5,0.3333333333333333,2,2,AATATCCAGGTAGCCTCCCA,0,2311713
mcbAp5,0.3333333333333333,2,2,AATAGGCGGTCCTCAGCCGA,0,2269935
mcbAp5,0.3333333333333333,2,2,AATACGCCCTCCAACACAAC,0,2271353
mcbAp5,0.3333333333333333,2,2,AATACGAGGGGGGAACCCGA,0,2313151
mcbAp5,0.3333333333333333,2,2,AATAATTATATCATGATTCA,0,2308837
mcbAp5,0.3333333333333333,2,2,AATAAGGTAATCGGGACGAC,0,2287681
mcbAp5,0.3333333333333333,2,2,AAGTTGTAAAGCAGACCAAA,0,2271295
mcbAp5,0.3333333333333333,2,2,AAGTTCGCAACTTCGCCGGA,0,2315484
mcbAp5,0.3333333333333333,2,2,AAGTTAATATGCAGTTTAAC,0,2287252
mcbAp5,0.3333333333333333,2,2,AAGTGTCTAGAAATAGATAC,0,2286626
mcbAp5,0.3333333333333333,2,2,AAGTGTCGCCTGTCTAACAT,0,2306701
mcbAp5,0.3333333333333333,2,2,AAGTCATTTAGGCTGCATGT,0,2277144
mcbAp5,0.3333333333333333,2,2,AAGTATGTGACTAAGTATCG,0,2264646
mcbAp5,0.3333333333333333,2,2,AAGTAGGTGCAGACCTGTAT,0,2281554
mcbAp5,0.3333333333333333,2,2,AAGGTTCCTAAACTAAGCAA,0,2301096
mcbAp5,0.3333333333333333,2,2,AAGGTGGGTGGAGTGCGCGT,0,2311211
mcbAp5,0.3333333333333333,2,2,AAGGTGAACTGGCTCCATGA,0,2284217
mcbAp5,0.3333333333333333,2,2,AAGGGCGTGTATCGTCAAAG,0,2301290
mcbAp5,0.3333333333333333,2,2,AAGGGCACAACGCCTCACCT,0,2287978
mcbAp5,0.3333333333333333,2,2,AAGGCGCCCTTGTGTCTATT,0,2292810
mcbAp5,0.3333333333333333,2,2,AAGGACAGATGCACTGCGTA,0,2261874
mcbAp5,0.3333333333333333,2,2,AAGCTTCGATATTGCGGCCT,0,2283519
mcbAp5,0.3333333333333333,2,2,AAGCTTCAGGCAAACATTGG,0,2311170
mcbAp5,0.3333333333333333,2,2,AAGCTGGACTGGGGCTGAGT,0,2273857
mcbAp5,0.3333333333333333,2,2,AAGCGTCCAACAGGTTTCAG,0,2315301
mcbAp5,0.3333333333333333,2,2,AAGCGGATCCAACGACCAAC,0,2266389
mcbAp5,0.3333333333333333,2,2,AAGCGAGTAAACATTCCCAC,0,2269901
mcbAp5,0.3333333333333333,2,2,AAGCGAAAGCTTCCTATTGC,0,2269205
mcbAp5,0.3333333333333333,2,2,AAGCATTATCTTTCAAGCCA,0,2310477
mcbAp5,0.3333333333333333,2,2,AAGCATGTTTAGGATTTACC,0,2309443
mcbAp5,0.3333333333333333,2,2,AAGATGTTTTTGTTTCAACT,0,2264899
mcbAp5,0.3333333333333333,2,2,AAGATCTGCTTCACAAGGTA,0,2278385
mcbAp5,0.3333333333333333,2,2,AAGATAAATCGGGGGCCGGT,0,2264294
mcbAp5,0.3333333333333333,2,2,AAGAGACGGTTTTCACCTTG,0,2294022
mcbAp5,0.3333333333333333,2,2,AAGAATTGAGTATGGGACAT,0,2270567
mcbAp5,0.3333333333333333,2,2,AAGAATGTTGCTTATACGTA,0,2280274
mcbAp5,0.3333333333333333,2,2,AAGAATCTACCGTCACTGCT,0,2310313
mcbAp5,0.3333333333333333,2,2,AACTTGGGTTCCCTTCCAGG,0,2292525
mcbAp5,0.3333333333333333,2,2,AACTTGCATATGTGGTTGTA,0,2280481
mcbAp5,0.3333333333333333,2,2,AACTTCTGCTCCTTCTTTCC,0,2288291
mcbAp5,0.3333333333333333,2,2,AACTTCGCGGAACTTTGTCT,0,2312091
mcbAp5,0.3333333333333333,2,2,AACTTACAATACAGTCCATC,0,2285226
mcbAp5,0.3333333333333333,2,2,AACTGTATGGTGGGTTGACG,0,2283456
mcbAp5,0.3333333333333333,2,2,AACTGGACCCCACACAATCT,0,2277046
mcbAp5,0.3333333333333333,2,2,AACTGCATTTGATCTAGACT,0,2310746
mcbAp5,0.3333333333333333,2,2,AACTACAGTAATTCACTAGG,0,2283149
mcbAp5,0.3333333333333333,2,2,AACTAACTGCGTAGCTGACT,0,2262775
mcbAp5,0.3333333333333333,2,2,AACGGGGTCCGTGGCATCAC,0,2286333
mcbAp5,0.3333333333333333,2,2,AACGGCCTGCACTGTGCGTG,0,2282989
mcbAp5,0.3333333333333333,2,2,AACGGACCGTGGTCCTAGCT,0,2293016
mcbAp5,0.3333333333333333,2,2,AACGCTAATGTACCTAGGTG,0,2273433
mcbAp5,0.3333333333333333,2,2,AACGAAGGTAGTGGGGCATT,0,2261917
mcbAp5,0.3333333333333333,2,2,AACCTGTCCTGACTCCTCAT,0,2301946
mcbAp5,0.3333333333333333,2,2,AACCTGCACGGACTACCAGA,0,2310646
mcbAp5,0.3333333333333333,2,2,AACCTCCACCGGGGGTCCTT,0,2312353
mcbAp5,0.3333333333333333,2,2,AACCGTAAAAAACTTTGGCA,0,2293221
mcbAp5,0.3333333333333333,2,2,AACCAGATGAAGGAAGTGTA,0,2310068
mcbAp5,0.3333333333333333,2,2,AACATGTTAAGAGTCCTAAC,0,2315207
mcbAp5,0.3333333333333333,2,2,AACAGCCGGATTGTAGCACA,0,2279329
mcbAp5,0.3333333333333333,2,2,AACACGACATTCATACTGGG,0,2264168
mcbAp5,0.3333333333333333,2,2,AACACCAACTGTGTCAAGGC,0,2281911
mcbAp5,0.3333333333333333,2,2,AACAATTGTTCTGTCGTTGT,0,2268777
mcbAp5,0.3333333333333333,2,2,AACAAGTGGGCTTCTTACTG,0,2275393
mcbAp5,0.3333333333333333,2,2,AACAAGCGAGGCCCCGAGCC,0,2285921
mcbAp5,0.3333333333333333,2,2,AACAAGAGCACACCCCGTCA,0,2266726
mcbAp5,0.3333333333333333,2,2,AACAAGAGAGGTGGGTGACC,0,2286401
mcbAp5,0.3333333333333333,2,2,AACAAATGGAGTGACTTTAC,0,2302117
mcbAp5,0.3333333333333333,2,2,AAATGTCACCCGTGGCCCCA,0,2280808
mcbAp5,0.3333333333333333,2,2,AAATGGAATTTGTACACCGT,0,2311384
mcbAp5,0.3333333333333333,2,2,AAATCTATTCCGTCTGCAGT,0,2307028
mcbAp5,0.3333333333333333,2,2,AAATAGCTCCTTGTTCATTG,0,2285984
mcbAp5,0.3333333333333333,2,2,AAAGGGAATTCCTTGGGCGT,0,2282631
mcbAp5,0.3333333333333333,2,2,AAAGGACGTAGTCAGGCCAC,0,2277989
mcbAp5,0.3333333333333333,2,2,AAAGCGGAAGCCCCCAGTTC,0,2268669
mcbAp5,0.3333333333333333,2,2,AAAGAGAAGTAAGCACATTT,0,2303388
mcbAp5,0.3333333333333333,2,2,AAAGAAGTGCGCACTATGCG,0,2271738
mcbAp5,0.3333333333333333,2,2,AAACTAAACGTAGAGCGGTG,0,2295201
mcbAp5,0.3333333333333333,2,2,AAACCTCGGCCCGGTACTTA,0,2273272
mcbAp5,0.3333333333333333,2,2,AAACCACGACAACACCAGGA,0,2278029
mcbAp5,0.3333333333333333,2,2,AAACAGTGTTGAGATCTTGC,0,2315255
mcbAp5,0.3333333333333333,2,2,AAACACTGATACGTCATGAA,0,2303755
mcbAp5,0.3333333333333333,2,2,AAACACAGGGAGGCATTCGA,0,2274240
mcbAp5,0.3333333333333333,2,2,AAAATGGGCAGAACCCGTAT,0,2311703
mcbAp5,0.3333333333333333,2,2,AAAATACACGAACTAATTAA,0,2307568
mcbAp5,0.3333333333333333,2,2,AAAAGATGTAATCCTAAATC,0,2279481
mcbAp5,0.3333333333333333,2,2,AAAACTTCACCCCACTGTCG,0,2288732
mcbAp5,0.3333333333333333,2,2,AAAAACATGAATTGCCGACT,0,2287912
mcbAp5,0.5,1,1,TTTTTGAAATAGTGGGAGGA,0,2291586
mcbAp5,0.5,1,1,TTTTTCTATCTAGACTCTGC,0,2275798
mcbAp5,0.5,1,1,TTTTTAATCGTAATGAGATT,0,2283080
mcbAp5,0.5,1,1,TTTTGCTCACAGGCTACGAT,0,2261496
mcbAp5,0.5,1,1,TTTTGCCATCTAGTACGGTG,0,2304918
mcbAp5,0.5,1,1,TTTTGAGGAAGAGCCCTCCA,0,2275549
mcbAp5,0.5,1,1,TTTTCGTTCGGGCTACCAGG,0,2293469
mcbAp5,0.5,1,1,TTTTCCGCGTTGTCTGGTAC,0,2307086
mcbAp5,0.5,1,1,TTTTCATATCATAGGACCAA,0,2305418
mcbAp5,0.5,1,1,TTTTATTCCCTCTCTAAATT,0,2283166
mcbAp5,0.5,1,1,TTTTACCACCGTCCAGAACC,0,2266485
mcbAp5,0.5,1,1,TTTTACAATCTCGATGCAAC,0,2282069
mcbAp5,0.5,1,1,TTTTAAGTTTGCTGGACACG,0,2279151
mcbAp5,0.5,1,1,TTTGTGACAAGCATTAGCGG,0,2265312
mcbAp5,0.5,1,1,TTTGTACGTTATTAATAGGA,0,2298905
mcbAp5,0.5,1,1,TTTGGTTGTGGAAGCTTTTT,0,2294246
mcbAp5,0.5,1,1,TTTGGTTATAGACCCCTATA,0,2278320
mcbAp5,0.5,1,1,TTTGGGAACACCGGTTTTGT,0,2313658
mcbAp5,0.5,1,1,TTTGGCGCGGGTGTAACGGG,0,2276448
mcbAp5,0.5,1,1,TTTGGCCCCGGCTTAAACAT,0,2277516
mcbAp5,0.5,1,1,TTTGCGAGATTTCTCTTTTG,0,2301874
mcbAp5,0.5,1,1,TTTGCAGTATCGTACCAAGA,0,2313498
mcbAp5,0.5,1,1,TTTGACCCGCCATTACTAGG,0,2313778
mcbAp5,0.5,1,1,TTTGAATCATGGACGTGCAT,0,2267817
mcbAp5,0.5,1,1,TTTGAAAGTTTTGAGAGTGG,0,2312676
mcbAp5,0.5,1,1,TTTCTTGAGTTATTGTTATC,0,2311561
mcbAp5,0.5,1,1,TTTCTGTCCGACCTACCGGC,0,2304765
mcbAp5,0.5,1,1,TTTCTCAGAGGTGGTCACCG,0,2297223
mcbAp5,0.5,1,1,TTTCTATAAAACGTGTGAAT,0,2300558
mcbAp5,0.5,1,1,TTTCTAGGATTAGTGATCCC,0,2280353
mcbAp5,0.5,1,1,TTTCGTTTGGTCAAATGGAA,0,2275730
mcbAp5,0.5,1,1,TTTCGTCGTGTGGCTTACCC,0,2290695
mcbAp5,0.5,1,1,TTTCGCTGTCGCTCCTTGGA,0,2294324
mcbAp5,0.5,1,1,TTTCCTCGAAGGCGGCAGGA,0,2308689
mcbAp5,0.5,1,1,TTTCCGCCGGTTGACCAACA,0,2285721
mcbAp5,0.5,1,1,TTTCACGTTCCCGCGTCAAT,0,2264482
mcbAp5,0.5,1,1,TTTATATGGCTAAGAGAGAA,0,2300453
mcbAp5,0.5,1,1,TTTATACGATGCGATTAATT,0,2266173
mcbAp5,0.5,1,1,TTTAGCTGCAGTATAGGATT,0,2299598
mcbAp5,0.5,1,1,TTTAGCTAGTGCAAAGACCT,0,2298909
mcbAp5,0.5,1,1,TTTAGACGGGGGGACGCTAC,0,2304928
mcbAp5,0.5,1,1,TTTACGGACTCGGTTAACCG,0,2295465
mcbAp5,0.5,1,1,TTTACGAGATGTGATCTTAA,0,2269697
mcbAp5,0.5,1,1,TTTACCGTGTTTCCTAGTGG,0,2303568
mcbAp5,0.5,1,1,TTTACATCACGAACGCGTAC,0,2300854
mcbAp5,0.5,1,1,TTTAAGAGGATATCAGAAAA,0,2277591
mcbAp5,0.5,1,1,TTTAACGGGCCTCGGGATTA,0,2300586
mcbAp5,0.5,1,1,TTTAACGCGGACAGAGTAGT,0,2293106
mcbAp5,0.5,1,1,TTTAACCAAGCTCATCCCGA,0,2308027
mcbAp5,0.5,1,1,TTGTTCTGTGGACCCTGGTC,0,2299653
mcbAp5,0.5,1,1,TTGTTCGGAGTATTCCCCGT,0,2286984
mcbAp5,0.5,1,1,TTGTTAGTCCACGAGTATTG,0,2277270
mcbAp5,0.5,1,1,TTGTGTTCTGACGTCGTAGT,0,2274181
mcbAp5,0.5,1,1,TTGTGTCTTCAACTGTTACA,0,2299792
mcbAp5,0.5,1,1,TTGTGGCAGTTGTTCAAATT,0,2308537
mcbAp5,0.5,1,1,TTGTCGGCCACAGATGTCTT,0,2279768
mcbAp5,0.5,1,1,TTGTCATTAACGGGTAGTGG,0,2282133
mcbAp5,0.5,1,1,TTGTATTATCCTTCCTCGGT,0,2267233
mcbAp5,0.5,1,1,TTGTAGTATAAACGAGCACG,0,2270524
mcbAp5,0.5,1,1,TTGTACCGTAGGCTAAGCAT,0,2274249
mcbAp5,0.5,1,1,TTGGTGATTTTCTTTGGGCT,0,2311387
mcbAp5,0.5,1,1,TTGGTAGCCAACCGGGGGGT,0,2264136
mcbAp5,0.5,1,1,TTGGGTGGTTATTATGGCCC,0,2281644
mcbAp5,0.5,1,1,TTGGGTACGGAGACTACCGA,0,2297267
mcbAp5,0.5,1,1,TTGGGGAGCTGAGCCACGCT,0,2302010
mcbAp5,0.5,1,1,TTGGGCCTGGATGCCGGTTC,0,2312115
mcbAp5,0.5,1,1,TTGGGATGCTTACGTAGTGG,0,2269974
mcbAp5,0.5,1,1,TTGGGAGACTCCTGGCCTTG,0,2284295
mcbAp5,0.5,1,1,TTGGCTTCGTGTGTCCAGCA,0,2286162
mcbAp5,0.5,1,1,TTGGCGCGGCTCTTACAGGA,0,2294113
mcbAp5,0.5,1,1,TTGGCGCACTAGAGTAGGGC,0,2292691
mcbAp5,0.5,1,1,TTGGCCCTCACCCGTTACAC,0,2301217
mcbAp5,0.5,1,1,TTGGCAGACGATGGCGGTCA,0,2308580
mcbAp5,0.5,1,1,TTGGCACCTTGACCAGGTGT,0,2263934
mcbAp5,0.5,1,1,TTGGCAAGCAAGAACCCGGT,0,2312399
mcbAp5,0.5,1,1,TTGGAGGGTGTCGCGTAATA,0,2271028
mcbAp5,0.5,1,1,TTGGAATGCTCTTGCGGAGC,0,2290233
mcbAp5,0.5,1,1,TTGGAAATCTTTGATGCGGC,0,2275410
mcbAp5,0.5,1,1,TTGCTGCTCACAGCCGAATC,0,2287602
mcbAp5,0.5,1,1,TTGCTCCTGCATCCGTGACA,0,2305069
mcbAp5,0.5,1,1,TTGCTATGATCGGAATTAAT,0,2265804
mcbAp5,0.5,1,1,TTGCGTCCTAGGCATACAAG,0,2303289
mcbAp5,0.5,1,1,TTGCGGCGCCTAAAAGGCTG,0,2303564
mcbAp5,0.5,1,1,TTGCGAACCGGCGTCCACGG,0,2277389
mcbAp5,0.5,1,1,TTGCCTGAAATAGGTGTAAA,0,2304427
mcbAp5,0.5,1,1,TTGCCTACGGGTGCCATACT,0,2289303
mcbAp5,0.5,1,1,TTGCATCCGACTCGATTTGT,0,2305653
mcbAp5,0.5,1,1,TTGCAGGTTATACGTATATA,0,2304829
mcbAp5,0.5,1,1,TTGATAGTCTCTACAATGGG,0,2302398
mcbAp5,0.5,1,1,TTGATACTCACGTAAAAGTG,0,2284493
mcbAp5,0.5,1,1,TTGAGGCTTTTGTAATGGGG,0,2289266
mcbAp5,0.5,1,1,TTGAGGCGGCGTCCGCCGAC,0,2261633
mcbAp5,0.5,1,1,TTGACTTCTTTTAGTCTACG,0,2266099
mcbAp5,0.5,1,1,TTGACTCTTCTCCCTATCGG,0,2305986
mcbAp5,0.5,1,1,TTGACTATCTGCTTATATCC,0,2261379
mcbAp5,0.5,1,1,TTGACTACACAATTCGTACT,0,2280098
mcbAp5,0.5,1,1,TTGACCGGTGGCTAGTTGCC,0,2262023
mcbAp5,0.5,1,1,TTGACAATCTGTATTCTTAC,0,2289888
mcbAp5,0.5,1,1,TTGAATTTAGGTCCCGGAAC,0,2268573
mcbAp5,0.5,1,1,TTGAATTGCTATACACTTGC,0,2275925
mcbAp5,0.5,1,1,TTCTTTACCGGTGCGTGGGG,0,2268869
mcbAp5,0.5,1,1,TTCTTGTAATTAGCGAACCG,0,2298144
mcbAp5,0.5,1,1,TTCTTCGAGGCTAGTGGCGA,0,2306770
mcbAp5,0.5,1,1,TTCTTCAATAGGAGTTCTGA,0,2286619
mcbAp5,0.5,1,1,TTCTTCAAGATCTCATTGGT,0,2272875
mcbAp5,0.5,1,1,TTCTGTATTCTTCTGCGGCA,0,2282109
mcbAp5,0.5,1,1,TTCTGCCGGCTAATGTGCAT,0,2307962
mcbAp5,0.5,1,1,TTCTCTTGTCGTGAGTGAGA,0,2277391
mcbAp5,0.5,1,1,TTCTCGCGACTGCACGGTAC,0,2294794
mcbAp5,0.5,1,1,TTCTCCACGACTCATCTACT,0,2284787
mcbAp5,0.5,1,1,TTCTCATAAGGTGTATCCCA,0,2291022
mcbAp5,0.5,1,1,TTCTCAGCAAAAGATATTCA,0,2303299
mcbAp5,0.5,1,1,TTCTCACATTGCCACACGCG,0,2306018
mcbAp5,0.5,1,1,TTCGTTGTCACCAGGCTACC,0,2290324
mcbAp5,0.5,1,1,TTCGTGTTCTTAGGTAACGG,0,2282685
mcbAp5,0.5,1,1,TTCGTGAATTAAATTGATGT,0,2262397
mcbAp5,0.5,1,1,TTCGGTAGGATCCATACTGT,0,2282963
mcbAp5,0.5,1,1,TTCGGGGTGTTGCGATATTC,0,2272120
mcbAp5,0.5,1,1,TTCGGGAAAATCTTGTTTGT,0,2276782
mcbAp5,0.5,1,1,TTCGGAGCGTCTCAGTGGCG,0,2314577
mcbAp5,0.5,1,1,TTCGCTGCCCACCTGTGTGA,0,2262126
mcbAp5,0.5,1,1,TTCGCGTCCAAGACCACCTG,0,2284499
mcbAp5,0.5,1,1,TTCGAGGCCAACAATGAACC,0,2282645
mcbAp5,0.5,1,1,TTCGAGAAGCGGTTACGGCA,0,2265984
mcbAp5,0.5,1,1,TTCGAAGTTTAACGAGGGGT,0,2261595
mcbAp5,0.5,1,1,TTCCTTCTGGCTTGTGCGTC,0,2272158
mcbAp5,0.5,1,1,TTCCTGGAAATGGATTTCTC,0,2303553
mcbAp5,0.5,1,1,TTCCTCGTCCCCAATAGATA,0,2300116
mcbAp5,0.5,1,1,TTCCGTTGTGCGTAACGTGT,0,2286783
mcbAp5,0.5,1,1,TTCCGTCAGTACTGGACATT,0,2283489
mcbAp5,0.5,1,1,TTCCGTCAGGATGGTTAGCA,0,2276876
mcbAp5,0.5,1,1,TTCCGTACAACAGGGTCAAT,0,2272878
mcbAp5,0.5,1,1,TTCCGGGTCAGATACGGCGG,0,2277840
mcbAp5,0.5,1,1,TTCCGGCCGCGATGAGGGTA,0,2269211
mcbAp5,0.5,1,1,TTCCGCTCCCGTTGGCAATT,0,2280405
mcbAp5,0.5,1,1,TTCCGCAGTCTATGAGAAAG,0,2268229
mcbAp5,0.5,1,1,TTCCGAATAGAAGGACGACA,0,2292405
mcbAp5,0.5,1,1,TTCCCAGAGATAGAGAAATG,0,2283745
mcbAp5,0.5,1,1,TTCCATTGGTTGATGCGGCC,0,2286762
mcbAp5,0.5,1,1,TTCCATGGGTTATGCTGACC,0,2312239
mcbAp5,0.5,1,1,TTCCAGAGCTTTTAAGGGCC,0,2302445
mcbAp5,0.5,1,1,TTCCAAACGTTCCTCTTTTC,0,2308013
mcbAp5,0.5,1,1,TTCATTAGAATAACCCACTA,0,2296578
mcbAp5,0.5,1,1,TTCATGTCTTTACGCCCATT,0,2274901
mcbAp5,0.5,1,1,TTCATATACAGAGATACGCC,0,2296908
mcbAp5,0.5,1,1,TTCAGTTGTCGGCGAGCTGG,0,2291433
mcbAp5,0.5,1,1,TTCAGGTCGATTTAAGTGGA,0,2263425
mcbAp5,0.5,1,1,TTCAGGCTGCGACGGTACGG,0,2289083
mcbAp5,0.5,1,1,TTCAGCCTAGGGTGGGGGAC,0,2286952
mcbAp5,0.5,1,1,TTCACTGGGCTTAGACGAAT,0,2275881
mcbAp5,0.5,1,1,TTCACACGACCAATCGGATA,0,2312261
mcbAp5,0.5,1,1,TTCAATTGCGCCGGCGTTAC,0,2277991
mcbAp5,0.5,1,1,TTCAATCCTTTAGCCAGATG,0,2307205
mcbAp5,0.5,1,1,TTCAAGTAAACATGGCCAGT,0,2281420
mcbAp5,0.5,1,1,TTCAAGCGCTATCTCTCCGA,0,2287654
mcbAp5,0.5,1,1,TTCAACAAGGGACGGCAGAT,0,2276061
mcbAp5,0.5,1,1,TTCAAATGTTGCCCGACGTT,0,2264604
mcbAp5,0.5,1,1,TTCAAACTTGGAATTTTAAA,0,2279426
mcbAp5,0.5,1,1,TTATTGGACCTTCTAAGCAA,0,2309279
mcbAp5,0.5,1,1,TTATGTGTATTCACCCGTGT,0,2268705
mcbAp5,0.5,1,1,TTATGTGGCAGTGGAAGTCC,0,2290803
mcbAp5,0.5,1,1,TTATGTCGTGATAGAACTTA,0,2314020
mcbAp5,0.5,1,1,TTATGTAATCAAAGTAAATT,0,2310274
mcbAp5,0.5,1,1,TTATGGCAAGGCTGCACCAT,0,2295011
mcbAp5,0.5,1,1,TTATCTGTACCCGGGGTGTA,0,2300658
mcbAp5,0.5,1,1,TTATCGGAACAGTTAAGCTT,0,2263233
mcbAp5,0.5,1,1,TTATCCTTTATTTGAGTAGT,0,2311992
mcbAp5,0.5,1,1,TTATAGTTAGTGCGTGTTAG,0,2262134
mcbAp5,0.5,1,1,TTATAGAGACTTAGCCTGGT,0,2270273
mcbAp5,0.5,1,1,TTATAAGGTTCTATCGGGAC,0,2269351
mcbAp5,0.5,1,1,TTAGTTTGATGATATGTTTC,0,2276774
mcbAp5,0.5,1,1,TTAGTTGTTCTCTCTGTCAT,0,2295319
mcbAp5,0.5,1,1,TTAGTTGTGTTTCTGATCTG,0,2313871
mcbAp5,0.5,1,1,TTAGTCCGAAGCCATCTTAC,0,2300997
mcbAp5,0.5,1,1,TTAGGGTTGCACGGAGGTGA,0,2261642
mcbAp5,0.5,1,1,TTAGGGTCGAGCGCCACCGG,0,2286834
mcbAp5,0.5,1,1,TTAGGCTGTCTACAGGAGTT,0,2275042
mcbAp5,0.5,1,1,TTAGGACGGGGCATATGCCA,0,2313975
mcbAp5,0.5,1,1,TTAGGAATGTGGCGGACGGG,0,2289255
mcbAp5,0.5,1,1,TTAGATACAAGGCGTTTGCG,0,2292962
mcbAp5,0.5,1,1,TTAGACCCATCGAGACTGTG,0,2313850
mcbAp5,0.5,1,1,TTAGACAGGTAAGACCTTAA,0,2292155
mcbAp5,0.5,1,1,TTAGAAAGAATTCAAATGTG,0,2263844
mcbAp5,0.5,1,1,TTACTTCGCATGTCATACCT,0,2296528
mcbAp5,0.5,1,1,TTACTGATAAGGCCTGCCTC,0,2301144
mcbAp5,0.5,1,1,TTACGGCTCCAGGTACACGA,0,2292888
mcbAp5,0.5,1,1,TTACCTCGGTCTCTATTTTA,0,2264285
mcbAp5,0.5,1,1,TTACCATGGAATTGTATGAG,0,2289885
mcbAp5,0.5,1,1,TTACCAAGTGAAAGTCGATT,0,2296800
mcbAp5,0.5,1,1,TTAATTCTTACGTCAGGGGC,0,2262831
mcbAp5,0.5,1,1,TTAATGGAGCCACGTGTATG,0,2298741
mcbAp5,0.5,1,1,TTAATCCCTAGTCAATACTT,0,2267391
mcbAp5,0.5,1,1,TTAATATTAACGGAGAATGG,0,2278798
mcbAp5,0.5,1,1,TTAAGGAACAACGCGCCCCT,0,2306131
mcbAp5,0.5,1,1,TTAAGCGTGAACAAATATGC,0,2298606
mcbAp5,0.5,1,1,TTAACGGACGGAGACCTTCA,0,2292107
mcbAp5,0.5,1,1,TTAACCCTGTGGTAGACTAG,0,2283100
mcbAp5,0.5,1,1,TTAACATGCACAGCTCCTGC,0,2284412
mcbAp5,0.5,1,1,TTAAATATCGGGACGTGGAT,0,2297019
mcbAp5,0.5,1,1,TTAAATATAGTGGTCGGAGC,0,2311577
mcbAp5,0.5,1,1,TTAAAGATGTACAGCTCCGT,0,2301744
mcbAp5,0.5,1,1,TTAAACGGAGGCTGTTGTTA,0,2299679
mcbAp5,0.5,1,1,TGTTTTGGGTTCCACAGATT,0,2264912
mcbAp5,0.5,1,1,TGTTTTCTGCGCATTGTTCA,0,2304685
mcbAp5,0.5,1,1,TGTTTTAGTTAGCGAGGCGG,0,2295288
mcbAp5,0.5,1,1,TGTTTTACTTATATTGGCGT,0,2304240
mcbAp5,0.5,1,1,TGTTTGCTATCGATAGTTTA,0,2275313
mcbAp5,0.5,1,1,TGTTTGACCCAAGACGACAA,0,2278078
mcbAp5,0.5,1,1,TGTTTCAAATTCGGTCTATT,0,2296503
mcbAp5,0.5,1,1,TGTTGTAATTACGCGTGTTA,0,2270454
mcbAp5,0.5,1,1,TGTTGGGATTCGAGGCTACA,0,2302988
mcbAp5,0.5,1,1,TGTTGCAACTATTCGCGTGC,0,2300202
mcbAp5,0.5,1,1,TGTTGAGACGTTACAACCTT,0,2284166
mcbAp5,0.5,1,1,TGTTCGCGTCACAACTTGTG,0,2290893
mcbAp5,0.5,1,1,TGTTCACCACGCAGCACTCC,0,2308711
mcbAp5,0.5,1,1,TGTGTTACTTGTTCCGTCGG,0,2282018
mcbAp5,0.5,1,1,TGTGTGCGGATCGCATCGTA,0,2311352
mcbAp5,0.5,1,1,TGTGGTTATTGTGCTTTTCC,0,2274022
mcbAp5,0.5,1,1,TGTGGGGGGCATTCTTTAGT,0,2298796
mcbAp5,0.5,1,1,TGTGGCCTAATGCGATTTGG,0,2264226
mcbAp5,0.5,1,1,TGTGGCAGGGTGCACGTTTT,0,2292122
mcbAp5,0.5,1,1,TGTGGACGAGCAAGGGGCTA,0,2275205
mcbAp5,0.5,1,1,TGTGATTAGCATACAGCCTC,0,2315211
mcbAp5,0.5,1,1,TGTGATGAAATTTAATTGTT,0,2280177
mcbAp5,0.5,1,1,TGTGAGGCCGTTTTAAAGTT,0,2305125
mcbAp5,0.5,1,1,TGTCTGGTAGTAAGTATCGG,0,2270031
mcbAp5,0.5,1,1,TGTCTAGGCTACCCGACTTT,0,2268008
mcbAp5,0.5,1,1,TGTCTACGAGCGATAGGTGC,0,2291503
mcbAp5,0.5,1,1,TGTCGTTTCCTATGCATTGT,0,2269312
mcbAp5,0.5,1,1,TGTCGGGTGGATTAGGTGAG,0,2286988
mcbAp5,0.5,1,1,TGTCCCGCTTATGTAACAGT,0,2266111
mcbAp5,0.5,1,1,TGTATGTCGCTCAGATGTCT,0,2267449
mcbAp5,0.5,1,1,TGTATCTGAAGTAACGCGAC,0,2273934
mcbAp5,0.5,1,1,TGTATCTCACTGATCCAATA,0,2310558
mcbAp5,0.5,1,1,TGTATAGAGAGGCGATCAGA,0,2297704
mcbAp5,0.5,1,1,TGTAGGGCTTACTTGGGACC,0,2305910
mcbAp5,0.5,1,1,TGTAGATACGCGGACAACCA,0,2309467
mcbAp5,0.5,1,1,TGTACCAGGATCGTGCGCGT,0,2308123
mcbAp5,0.5,1,1,TGTACACCGTCGCGGGTGTG,0,2277983
mcbAp5,0.5,1,1,TGTACAACAGGAGCCACACG,0,2282941
mcbAp5,0.5,1,1,TGTAACCTATGCATGCCACG,0,2283767
mcbAp5,0.5,1,1,TGGTTTGTTGGTATGTTGTC,0,2267012
mcbAp5,0.5,1,1,TGGTTGCCTGGTCTTTCCGC,0,2301718
mcbAp5,0.5,1,1,TGGTTCGAGCTCGCCCAGCG,0,2267729
mcbAp5,0.5,1,1,TGGTTCAAGGCCAGTGACTA,0,2305151
mcbAp5,0.5,1,1,TGGTTCAACATCACACCTTG,0,2282814
mcbAp5,0.5,1,1,TGGTTAGCCAGGTTGCGCGG,0,2277101
mcbAp5,0.5,1,1,TGGTTAAAACATCGTCCTGA,0,2283994
mcbAp5,0.5,1,1,TGGTGGTTTCCGCTGGACAA,0,2295165
mcbAp5,0.5,1,1,TGGTGGGCGTCGTATCGCGG,0,2284877
mcbAp5,0.5,1,1,TGGTGCTTGTTCCCTCCAGT,0,2308594
mcbAp5,0.5,1,1,TGGTCGCGTACTTGCTGTCA,0,2305755
mcbAp5,0.5,1,1,TGGTCCCAAGTAGAATTAGA,0,2301127
mcbAp5,0.5,1,1,TGGTCAGACTGTGGACCGTC,0,2289368
mcbAp5,0.5,1,1,TGGTACTGCGACTCCTGCAG,0,2314172
mcbAp5,0.5,1,1,TGGGTGCTATTGAAAATGAA,0,2276903
mcbAp5,0.5,1,1,TGGGTGAGTTATTGGCACTA,0,2279283
mcbAp5,0.5,1,1,TGGGTATAAGGATATCTCTA,0,2288223
mcbAp5,0.5,1,1,TGGGGTAAGATTTTCTGACT,0,2302428
mcbAp5,0.5,1,1,TGGGGGCAATTGCTTAGTTG,0,2296136
mcbAp5,0.5,1,1,TGGGGCTGGTGCTCGTGTGA,0,2267841
mcbAp5,0.5,1,1,TGGGGATTAAGCGAATCCAA,0,2303286
mcbAp5,0.5,1,1,TGGGCGGTGGCATTTTATAC,0,2308662
mcbAp5,0.5,1,1,TGGGCGGGGGGTGAACTGTT,0,2289135
mcbAp5,0.5,1,1,TGGGAAGGTTAAGTACCCGG,0,2292313
mcbAp5,0.5,1,1,TGGCTTTCTGCTTGTAGGGG,0,2281254
mcbAp5,0.5,1,1,TGGCTATATTATTGTGGAAG,0,2281705
mcbAp5,0.5,1,1,TGGCTAGCCAGTATAAGAAG,0,2295652
mcbAp5,0.5,1,1,TGGCGTCAAAATGTCATACG,0,2315176
mcbAp5,0.5,1,1,TGGCGGAGTGCGGCACTCCT,0,2287618
mcbAp5,0.5,1,1,TGGCCGTGTCTAAAGCCTCA,0,2284123
mcbAp5,0.5,1,1,TGGCCATTCGGACTTGTCTT,0,2309141
mcbAp5,0.5,1,1,TGGCCATGCTGACTGAATTA,0,2283484
mcbAp5,0.5,1,1,TGGCCAGGTGCCTCCTGTTC,0,2285926
mcbAp5,0.5,1,1,TGGCCAGAACCCTCACCTTT,0,2272081
mcbAp5,0.5,1,1,TGGCATTTATCGAAATATCG,0,2302798
mcbAp5,0.5,1,1,TGGCATTTACGAAGTTATGG,0,2297103
mcbAp5,0.5,1,1,TGGCAATTACTGATCGGCAG,0,2300113
mcbAp5,0.5,1,1,TGGCAATGTAGGGTTCGCAT,0,2271004
mcbAp5,0.5,1,1,TGGATGGTGTTGGGTTAACA,0,2275168
mcbAp5,0.5,1,1,TGGATCTTTTGGTCAGCCCC,0,2275627
mcbAp5,0.5,1,1,TGGATCTTCTGCTGGCCACA,0,2274723
mcbAp5,0.5,1,1,TGGATCGAAATCGGTTATCT,0,2306106
mcbAp5,0.5,1,1,TGGATCAAACATAATAAATT,0,2273287
mcbAp5,0.5,1,1,TGGAGCAGCAAAGGTAGACA,0,2309761
mcbAp5,0.5,1,1,TGGAGAAGCATGTTCTTATG,0,2287758
mcbAp5,0.5,1,1,TGGACAGTTCTTTTATAGAT,0,2265379
mcbAp5,0.5,1,1,TGGAATCTCATCTGGCTCCA,0,2292194
mcbAp5,0.5,1,1,TGGAACCTGATTACCGGGCA,0,2289621
mcbAp5,0.5,1,1,TGGAACCCACGCAGCGTCCA,0,2291971
mcbAp5,0.5,1,1,TGCTTTTGCCGATCATCATC,0,2261321
mcbAp5,0.5,1,1,TGCTTCGTCTTCCAGTTGGA,0,2299484
mcbAp5,0.5,1,1,TGCTGAAACTTAGTGAGTCA,0,2267344
mcbAp5,0.5,1,1,TGCTCGGCATCTGCTCCACT,0,2299269
mcbAp5,0.5,1,1,TGCTCATGCGCAAAGTAAGA,0,2316351
mcbAp5,0.5,1,1,TGCTCATGCCTCGGACAGGT,0,2273756
mcbAp5,0.5,1,1,TGCTCACATTAGTCGTTAAA,0,2286398
mcbAp5,0.5,1,1,TGCTATACCAGCCACGGTAG,0,2301418
mcbAp5,0.5,1,1,TGCTACGCGGTCTTGGCATC,0,2294241
mcbAp5,0.5,1,1,TGCTAAAGAGGACCAATTGG,0,2262009
mcbAp5,0.5,1,1,TGCGTTTCATACGGTCCTCA,0,2306060
mcbAp5,0.5,1,1,TGCGTTCACGCGCCCACCAG,0,2274830
mcbAp5,0.5,1,1,TGCGTTATGCGCATTATATA,0,2280359
mcbAp5,0.5,1,1,TGCGTGCTAACGCTAGGTCC,0,2310583
mcbAp5,0.5,1,1,TGCGTCTACGCGTCCAGTAG,0,2307218
mcbAp5,0.5,1,1,TGCGTCGGAAAGTGGAATCG,0,2294840
mcbAp5,0.5,1,1,TGCGTCGAGCGGCCGGCTCC,0,2298218
mcbAp5,0.5,1,1,TGCGTAAGAACGTCAAATAT,0,2301034
mcbAp5,0.5,1,1,TGCGGTACATCACGTTAACT,0,2296918
mcbAp5,0.5,1,1,TGCGGGTTATCCGAGCTCAT,0,2306285
mcbAp5,0.5,1,1,TGCGGGTCTCAAAGAAATAG,0,2282688
mcbAp5,0.5,1,1,TGCGGCCCTGTAGTAGGCCA,0,2284088
mcbAp5,0.5,1,1,TGCGCAGCTAATACGCCTAG,0,2277405
mcbAp5,0.5,1,1,TGCGATCGCCATATTCATGA,0,2270837
mcbAp5,0.5,1,1,TGCGATAGCGTTACTGGAGC,0,2311523
mcbAp5,0.5,1,1,TGCCTGTACGGTGTCTCTTC,0,2310310
mcbAp5,0.5,1,1,TGCCGACCGGTTCAGCCGCA,0,2302963
mcbAp5,0.5,1,1,TGCCCGGGTAAGAAGGAGGG,0,2273301
mcbAp5,0.5,1,1,TGCCAGACAATACCGCGGGC,0,2289590
mcbAp5,0.5,1,1,TGCATTCCTGTCTGCTGCGA,0,2279146
mcbAp5,0.5,1,1,TGCATGACATATGGTTTCGC,0,2271106
mcbAp5,0.5,1,1,TGCAGTTCCGACACTTGTTC,0,2309371
mcbAp5,0.5,1,1,TGCAGGTTAACGTATTCGGT,0,2272708
mcbAp5,0.5,1,1,TGCAGGGATTGCACCGCAGG,0,2267157
mcbAp5,0.5,1,1,TGCACGTAATGGGTGAGCAA,0,2309469
mcbAp5,0.5,1,1,TGCAAGCAAATTATGATAAT,0,2299197
mcbAp5,0.5,1,1,TGCAAGACATACCCCGTGGC,0,2268199
mcbAp5,0.5,1,1,TGATTGTCACCATTCGAGTA,0,2307013
mcbAp5,0.5,1,1,TGATGATGCCTAAAGACTAC,0,2298180
mcbAp5,0.5,1,1,TGATCTCCCCATGTTTGTCC,0,2263195
mcbAp5,0.5,1,1,TGATCCCTACGTAACTCTAT,0,2310652
mcbAp5,0.5,1,1,TGATCATTCCTCGAGGCGCG,0,2301130
mcbAp5,0.5,1,1,TGATCACACCTCAAGATCTA,0,2303200
mcbAp5,0.5,1,1,TGATAGATCAGATGTGTACG,0,2306298
mcbAp5,0.5,1,1,TGATAGAGGTAATCCAGATA,0,2280479
mcbAp5,0.5,1,1,TGATACGAGGCCATTAACGA,0,2281259
mcbAp5,0.5,1,1,TGATAAATATCGAGAGCTTC,0,2281508
mcbAp5,0.5,1,1,TGAGTCGCGCGGTAACCTCG,0,2313851
mcbAp5,0.5,1,1,TGAGTCAGCCCAGACGTGCT,0,2300958
mcbAp5,0.5,1,1,TGAGTACGCAATACTCTGCC,0,2301985
mcbAp5,0.5,1,1,TGAGGGAGAGGGAACGGAGC,0,2274687
mcbAp5,0.5,1,1,TGAGCTTTGGAGTCGCGCTC,0,2274565
mcbAp5,0.5,1,1,TGAGCGCGGTTTTGAGGGGC,0,2300831
mcbAp5,0.5,1,1,TGAGATTGCATGTGTGCTCC,0,2316224
mcbAp5,0.5,1,1,TGAGACGAGTTCGCCAAGCT,0,2296684
mcbAp5,0.5,1,1,TGAGAATTTCGTGAGTGTAT,0,2292831
mcbAp5,0.5,1,1,TGACTTATAGCGGTACCCGG,0,2302156
mcbAp5,0.5,1,1,TGACTCGAACGTTGTGGTCT,0,2291770
mcbAp5,0.5,1,1,TGACGGAATCGTATCCGTCA,0,2307713
mcbAp5,0.5,1,1,TGACCTTTGTGGTCCGGAAC,0,2296424
mcbAp5,0.5,1,1,TGACCCAGAGAAAATGTGCT,0,2289442
mcbAp5,0.5,1,1,TGAATCTAAAGCTATTACGA,0,2268946
mcbAp5,0.5,1,1,TGAAGTACGACAGCTTGGTC,0,2288292
mcbAp5,0.5,1,1,TGAAGAACAAATGCGCTTTC,0,2291572
mcbAp5,0.5,1,1,TGAACTGCTTTATCTGGGTG,0,2274759
mcbAp5,0.5,1,1,TGAACCTTGAGGGGATCCAA,0,2277577
mcbAp5,0.5,1,1,TGAACATGGAAGAGATTTGC,0,2308311
mcbAp5,0.5,1,1,TGAACATCCTCTCGTAGTGG,0,2267474
mcbAp5,0.5,1,1,TGAAAGTTGTTCTCAGCGTC,0,2294317
mcbAp5,0.5,1,1,TGAAAGAACTGAAACTTGTC,0,2305038
mcbAp5,0.5,1,1,TCTTTCGGAGCCATCCGCAA,0,2302008
mcbAp5,0.5,1,1,TCTTGGTACTAATCAGTCCT,0,2308844
mcbAp5,0.5,1,1,TCTTGGGCAGGCCCATTTAA,0,2264068
mcbAp5,0.5,1,1,TCTTGGAGGGGATGTTGTAG,0,2274214
mcbAp5,0.5,1,1,TCTTGCGGCTAGCTCCATCC,0,2294602
mcbAp5,0.5,1,1,TCTTGATCGGTTCGTCTATT,0,2301607
mcbAp5,0.5,1,1,TCTTCTGTGAATATAACCGA,0,2263873
mcbAp5,0.5,1,1,TCTTCCATCAGACTCTCGGG,0,2309456
mcbAp5,0.5,1,1,TCTTATGACTGTCAGTCGTT,0,2308044
mcbAp5,0.5,1,1,TCTTAGCAGCCAAGTAATGG,0,2302012
mcbAp5,0.5,1,1,TCTTAGACTTTGCCACATTA,0,2261499
mcbAp5,0.5,1,1,TCTGTGGGGAAAGTTGGCGG,0,2291400
mcbAp5,0.5,1,1,TCTGTGGAGGTGCCGCGCCA,0,2316182
mcbAp5,0.5,1,1,TCTGTACGCACGGTTCACCA,0,2287054
mcbAp5,0.5,1,1,TCTGGTCACGTCCCATGATA,0,2285787
mcbAp5,0.5,1,1,TCTGAGAGTCATCGGAAATG,0,2280401
mcbAp5,0.5,1,1,TCTGAGACAACGCCGCGTCG,0,2309952
mcbAp5,0.5,1,1,TCTGACATTGAGGTTGGAAG,0,2310108
mcbAp5,0.5,1,1,TCTCTCCTCAACGCCAAAGT,0,2315297
mcbAp5,0.5,1,1,TCTCTCCCCGGGACTTCACT,0,2297362
mcbAp5,0.5,1,1,TCTCGTTGCATCCATCGGAA,0,2293802
mcbAp5,0.5,1,1,TCTCGTGGTTATATCTCGAA,0,2296201
mcbAp5,0.5,1,1,TCTCGTAGATCTTGGAAAGA,0,2298228
mcbAp5,0.5,1,1,TCTCGCTTGCGGTCCCATCC,0,2294058
mcbAp5,0.5,1,1,TCTCGACGGCCTCGCAGACG,0,2294078
mcbAp5,0.5,1,1,TCTCGACCTTGCCAGAACAG,0,2282192
mcbAp5,0.5,1,1,TCTCCGTTAACCGAGCGAAC,0,2312102
mcbAp5,0.5,1,1,TCTCAGTGTTCAGGGTCAGA,0,2307814
mcbAp5,0.5,1,1,TCTCAGATGCAGCCGTTAGC,0,2299185
mcbAp5,0.5,1,1,TCTCAACAACAGCTATTCGC,0,2301912
mcbAp5,0.5,1,1,TCTATGGCCCTATGAATAAC,0,2313867
mcbAp5,0.5,1,1,TCTATCTGTTGTGATTTGTG,0,2299071
mcbAp5,0.5,1,1,TCTAGTATCCAGCAAACATC,0,2311821
mcbAp5,0.5,1,1,TCTAAATTATTGCATCGGAC,0,2302617
mcbAp5,0.5,1,1,TCTAAAACGCGAGGTGCACG,0,2273841
mcbAp5,0.5,1,1,TCGTTGCGCTAGTCTCATGA,0,2271334
mcbAp5,0.5,1,1,TCGTTCGAAGCATCTGCAAA,0,2306363
mcbAp5,0.5,1,1,TCGTTAACAACTGATCATAT,0,2266722
mcbAp5,0.5,1,1,TCGTGTACGCAAAAGGACGA,0,2271392
mcbAp5,0.5,1,1,TCGTGATCTGACACGATCGC,0,2283748
mcbAp5,0.5,1,1,TCGTCCCTCACCTGAGGCTC,0,2292914
mcbAp5,0.5,1,1,TCGTCAGGTTACGTTCGCAA,0,2276709
mcbAp5,0.5,1,1,TCGTCAAGAACATCAGCTCT,0,2287219
mcbAp5,0.5,1,1,TCGTAGTCCGTATACATTCT,0,2297447
mcbAp5,0.5,1,1,TCGTAAACTTTGTACCCATA,0,2261802
mcbAp5,0.5,1,1,TCGTAAAAGGAGACTATGGC,0,2305216
mcbAp5,0.5,1,1,TCGGTTACTTTTGATAGTGA,0,2306024
mcbAp5,0.5,1,1,TCGGTTAAAGTCGGCTGCTG,0,2274251
mcbAp5,0.5,1,1,TCGGTGTAAAATTGGTAGGT,0,2313883
mcbAp5,0.5,1,1,TCGGTACAGACATATGCGAT,0,2272554
mcbAp5,0.5,1,1,TCGGGTTACAGATGTCCGAA,0,2277374
mcbAp5,0.5,1,1,TCGGGCCTCGCAAAAGCCGG,0,2263510
mcbAp5,0.5,1,1,TCGGGCAGGAGGGTAGGGGC,0,2261749
mcbAp5,0.5,1,1,TCGGGCAAGCGAGTACATCA,0,2286049
mcbAp5,0.5,1,1,TCGGCGGGTGACCGCTCTAG,0,2269889
mcbAp5,0.5,1,1,TCGGCGCTACATAGCTGGCC,0,2313439
mcbAp5,0.5,1,1,TCGGCGACACTTAGCGACTT,0,2307765
mcbAp5,0.5,1,1,TCGGATGGCAATGCAACTCA,0,2268155
mcbAp5,0.5,1,1,TCGGATCTTACGTAAGCCGC,0,2295233
mcbAp5,0.5,1,1,TCGGACAATCGACACGAGTG,0,2300970
mcbAp5,0.5,1,1,TCGGACAATATCTGACTGTG,0,2301824
mcbAp5,0.5,1,1,TCGGAATATGCAAGGTGCTA,0,2286252
mcbAp5,0.5,1,1,TCGCTTGCGTCCTACACGAT,0,2313628
mcbAp5,0.5,1,1,TCGCTCCGGCACGGGTGGTG,0,2287520
mcbAp5,0.5,1,1,TCGCTCAAAATTAGGCATGC,0,2305426
mcbAp5,0.5,1,1,TCGCGCTCTACGACAGCCAT,0,2269550
mcbAp5,0.5,1,1,TCGCGCACAGCTCAAAGCGT,0,2295032
mcbAp5,0.5,1,1,TCGCCGCTCCTTCACTACCA,0,2305445
mcbAp5,0.5,1,1,TCGCCCACTGACACTGCATG,0,2280346
mcbAp5,0.5,1,1,TCGCCATTATGTGGGTCTAG,0,2285322
mcbAp5,0.5,1,1,TCGCATTGATGTTTGGAGAG,0,2289218
mcbAp5,0.5,1,1,TCGCATCCCCGAGGATTTAA,0,2265313
mcbAp5,0.5,1,1,TCGCACCATGGCCTTCAAGA,0,2286723
mcbAp5,0.5,1,1,TCGATTACATCACTTGGCAT,0,2284461
mcbAp5,0.5,1,1,TCGATCATAGTCCATATACA,0,2307774
mcbAp5,0.5,1,1,TCGAGTGGGAACACGGTCGT,0,2282195
mcbAp5,0.5,1,1,TCGAGCGGTCGGGCAACTCC,0,2307309
mcbAp5,0.5,1,1,TCGACCTTATACGTATTCCT,0,2301139
mcbAp5,0.5,1,1,TCGAATATCTTACTGCTGGG,0,2281897
mcbAp5,0.5,1,1,TCGAAGCTGAGCAAAACTTC,0,2270453
mcbAp5,0.5,1,1,TCCTTTCGTAACGTAAGGTT,0,2280705
mcbAp5,0.5,1,1,TCCTTTCAGTTCCTAAGTTC,0,2294101
mcbAp5,0.5,1,1,TCCTTCTCCACTGGAGAGTG,0,2301835
mcbAp5,0.5,1,1,TCCTGTCCTGGAGGCGACTT,0,2306998
mcbAp5,0.5,1,1,TCCTGTCCCAATTCCTTAAA,0,2295232
mcbAp5,0.5,1,1,TCCTGTATCCTACATTTTAA,0,2282573
mcbAp5,0.5,1,1,TCCTGCTTGCCAAGTTTGGC,0,2306555
mcbAp5,0.5,1,1,TCCTGACATGTCAGCTCACC,0,2316062
mcbAp5,0.5,1,1,TCCTCTGCCGAGGACGCTCT,0,2301516
mcbAp5,0.5,1,1,TCCTCGCCACCTCAACATTT,0,2298902
mcbAp5,0.5,1,1,TCCTCGCAACAAACATTGCT,0,2302058
mcbAp5,0.5,1,1,TCCTCCGGTATACTTGTAGA,0,2268595
mcbAp5,0.5,1,1,TCCTCCAGCTGGTACGTACG,0,2266070
mcbAp5,0.5,1,1,TCCTATTATTGTTTATTGCA,0,2313401
mcbAp5,0.5,1,1,TCCGTTGGTTAGTTATGGTT,0,2302653
mcbAp5,0.5,1,1,TCCGTCTGCCAACATCGGCT,0,2291274
mcbAp5,0.5,1,1,TCCGTCTATGAATCAGGGTA,0,2301223
mcbAp5,0.5,1,1,TCCGTACTCCACGACAGATT,0,2279474
mcbAp5,0.5,1,1,TCCGCTAGTAACCGTCTAGT,0,2306443
mcbAp5,0.5,1,1,TCCGCGTATCGTGAGGGAGA,0,2277773
mcbAp5,0.5,1,1,TCCGCGCGTCGGCACCTATG,0,2312459
mcbAp5,0.5,1,1,TCCGAGTCCCACCATGACAT,0,2297611
mcbAp5,0.5,1,1,TCCGAGATGGCGGGTTACCG,0,2284472
mcbAp5,0.5,1,1,TCCGAAACCATTCGACCCTA,0,2307873
mcbAp5,0.5,1,1,TCCCTTAATGTCCTTAGGTT,0,2312581
mcbAp5,0.5,1,1,TCCCGCTACATCTTCAGGAC,0,2275724
mcbAp5,0.5,1,1,TCCCGCGGTATGGTGGCTAT,0,2268179
mcbAp5,0.5,1,1,TCCCGATTAGGATAGAGGGC,0,2295986
mcbAp5,0.5,1,1,TCCCCTTCGTCTGGCATACG,0,2261275
mcbAp5,0.5,1,1,TCCCCGACTTAGCGGCATAC,0,2262510
mcbAp5,0.5,1,1,TCCCATCCAGGAACCACGAA,0,2280158
mcbAp5,0.5,1,1,TCCCACTCCAGCTGTATACA,0,2305509
mcbAp5,0.5,1,1,TCCCAATCAACTGAACGGTG,0,2261331
mcbAp5,0.5,1,1,TCCATTCCCTTTTTTTCCTT,0,2301510
mcbAp5,0.5,1,1,TCCATGGGTTCGCATACGTG,0,2280178
mcbAp5,0.5,1,1,TCCATGACTACAGTCGCTTC,0,2291279
mcbAp5,0.5,1,1,TCCATGAATGCTACTTTAGT,0,2312657
mcbAp5,0.5,1,1,TCCAGTCCGTCCAAATCATG,0,2284415
mcbAp5,0.5,1,1,TCCAGGGACGAGTGGCAGTA,0,2315050
mcbAp5,0.5,1,1,TCCACTGAATTAGCGTCCTG,0,2282535
mcbAp5,0.5,1,1,TCCACGTTGCACGACAACGC,0,2309987
mcbAp5,0.5,1,1,TCCACGACGCTGTTGCTTCA,0,2273515
mcbAp5,0.5,1,1,TCCACACAGTTTTCGCCTTA,0,2267545
mcbAp5,0.5,1,1,TCCAATGCGCAGTACCAAAG,0,2269298
mcbAp5,0.5,1,1,TCCAATCAGAGCTCGGCGAG,0,2302892
mcbAp5,0.5,1,1,TCATTAAATCCGAATGGAGG,0,2278795
mcbAp5,0.5,1,1,TCATGTATTTCGGACAATCC,0,2314015
mcbAp5,0.5,1,1,TCATGAGAAAAATGCTCTCT,0,2311118
mcbAp5,0.5,1,1,TCATCCCTAGGCCAGTTTCG,0,2298701
mcbAp5,0.5,1,1,TCATCATTCGCTATCGTTCA,0,2308035
mcbAp5,0.5,1,1,TCATAATAAGCTGATACTAA,0,2293823
mcbAp5,0.5,1,1,TCAGTAGCTTTGGCAACCCC,0,2291286
mcbAp5,0.5,1,1,TCAGCGTCGCTGCAATATCG,0,2286323
mcbAp5,0.5,1,1,TCAGCGGTGATCTAGTCGAA,0,2309049
mcbAp5,0.5,1,1,TCAGATACCTCATCTTTCTC,0,2285178
mcbAp5,0.5,1,1,TCAGACGGGTTAGTCTTCAG,0,2304719
mcbAp5,0.5,1,1,TCAGACCTCTCATGCCTGCA,0,2311879
mcbAp5,0.5,1,1,TCAGACACTCACAGACCCTG,0,2300230
mcbAp5,0.5,1,1,TCACGTCCTAGATTCGTTTT,0,2311428
mcbAp5,0.5,1,1,TCACGTCAGGTTCTGTACTT,0,2270667
mcbAp5,0.5,1,1,TCACGCAACACGACGACGAT,0,2264709
mcbAp5,0.5,1,1,TCACGACGGGATTAGCGAGC,0,2316169
mcbAp5,0.5,1,1,TCACCGGATTGCCACGTCCC,0,2315901
mcbAp5,0.5,1,1,TCACCCTGGTCAGCATAGGG,0,2285490
mcbAp5,0.5,1,1,TCACCATATCGGTCTTAGCA,0,2271650
mcbAp5,0.5,1,1,TCACCAGCTGTGAGCCACCG,0,2297502
mcbAp5,0.5,1,1,TCACCACTGCTCCCGTTGAC,0,2294866
mcbAp5,0.5,1,1,TCACCAACTCGAACGGACCA,0,2274949
mcbAp5,0.5,1,1,TCACAGAATGATCGCTAGGC,0,2278564
mcbAp5,0.5,1,1,TCACACCTACCTTCCCCACC,0,2311957
mcbAp5,0.5,1,1,TCAATTGGGAATTCGTCATA,0,2293395
mcbAp5,0.5,1,1,TCAATTCCCAAGTTGCGGAT,0,2285120
mcbAp5,0.5,1,1,TCAATTATCTCGTAGGAAAT,0,2307121
mcbAp5,0.5,1,1,TCAATGCCCGTGCTGGGGTC,0,2283066
mcbAp5,0.5,1,1,TCAATCGCAAATTCGTGGCG,0,2298511
mcbAp5,0.5,1,1,TCAATCCGCTGTCTCGAGGC,0,2262662
mcbAp5,0.5,1,1,TCAAGCTGGAAGAATGACTC,0,2275521
mcbAp5,0.5,1,1,TCAACACCCAGCTGCAACAA,0,2271099
mcbAp5,0.5,1,1,TCAAATTGTCTACGCGTGCG,0,2289044
mcbAp5,0.5,1,1,TCAAAGGGTATCTACGTATT,0,2304504
mcbAp5,0.5,1,1,TCAAAGAGCTGATGCTGCAA,0,2279933
mcbAp5,0.5,1,1,TCAAACAGAGAGAATTTCTA,0,2262132
mcbAp5,0.5,1,1,TCAAAAACAGGCCGGACGGA,0,2283507
mcbAp5,0.5,1,1,TATTTTACCTTGTACCATCT,0,2276053
mcbAp5,0.5,1,1,TATTTGGCTATGTTGACGCG,0,2289520
mcbAp5,0.5,1,1,TATTTCTCCCAGACTCACAA,0,2271139
mcbAp5,0.5,1,1,TATTGTTTCGTGTGATAGAT,0,2275532
mcbAp5,0.5,1,1,TATTGTCTATATCACGGTAT,0,2284989
mcbAp5,0.5,1,1,TATTCCGGCACGCTTCCAGA,0,2274798
mcbAp5,0.5,1,1,TATTCCATCAGCATCTGCGT,0,2301330
mcbAp5,0.5,1,1,TATTATTTTTGTGCGCACAC,0,2276705
mcbAp5,0.5,1,1,TATTAGACCTAGATAACAGT,0,2272840
mcbAp5,0.5,1,1,TATTACCTGACTGTTAGAGG,0,2287954
mcbAp5,0.5,1,1,TATTAAGTAACACGCAACCC,0,2280952
mcbAp5,0.5,1,1,TATGTGGATGGTGCAGCCGT,0,2309476
mcbAp5,0.5,1,1,TATGTCCGGATGCCTCTCTT,0,2277819
mcbAp5,0.5,1,1,TATGTAAGCCTCTGTGACTA,0,2304373
mcbAp5,0.5,1,1,TATGCTTTAGGTTCCGTGAT,0,2265579
mcbAp5,0.5,1,1,TATGCGATTCGGGTGTACAA,0,2298826
mcbAp5,0.5,1,1,TATGCCGTTGTAGGAAACCC,0,2264262
mcbAp5,0.5,1,1,TATGCCAACGTATAGGGTTC,0,2269489
mcbAp5,0.5,1,1,TATGATATGAACCCAATAGA,0,2266922
mcbAp5,0.5,1,1,TATGAAGGGCCATGCCAGCG,0,2304334
mcbAp5,0.5,1,1,TATCTTCAGGAGGAGGTCAG,0,2278361
mcbAp5,0.5,1,1,TATCTCGCGGGGGTGAGGGT,0,2290571
mcbAp5,0.5,1,1,TATCTCCCCGCATCTCGCAA,0,2312155
mcbAp5,0.5,1,1,TATCTAGGTTGCCGGCACGA,0,2315425
mcbAp5,0.5,1,1,TATCGGTCTACCTGAGTCTA,0,2279047
mcbAp5,0.5,1,1,TATCGCTCGCGACTGATTCC,0,2316305
mcbAp5,0.5,1,1,TATATTCTGAAAGACGATCT,0,2297073
mcbAp5,0.5,1,1,TATATTACCGGTCGCCGACT,0,2302273
mcbAp5,0.5,1,1,TATATAACGCAATGGCGCTT,0,2295094
mcbAp5,0.5,1,1,TATACTTCAAACCTCCATGG,0,2266512
mcbAp5,0.5,1,1,TATACATACAATTAATGGGG,0,2298312
mcbAp5,0.5,1,1,TATAATGCGTATTCCCTGGC,0,2266759
mcbAp5,0.5,1,1,TAGGTCGGAGCGCACAACGC,0,2296766
mcbAp5,0.5,1,1,TAGGTACTGAGGAGCCTGTA,0,2296979
mcbAp5,0.5,1,1,TAGGGTCGCGGTTGAGTCAA,0,2313548
mcbAp5,0.5,1,1,TAGGGGCGACTACTTGGATA,0,2266445
mcbAp5,0.5,1,1,TAGGCTGAAGTCGTTCCGAC,0,2291470
mcbAp5,0.5,1,1,TAGGCCGTGATAAAGATAGG,0,2289642
mcbAp5,0.5,1,1,TAGGCATATACTGAAGACAT,0,2279004
mcbAp5,0.5,1,1,TAGGCACGGGGGGGTCACTC,0,2269776
mcbAp5,0.5,1,1,TAGGATTGTCAATCTGCTAA,0,2268752
mcbAp5,0.5,1,1,TAGGAAATTCTCCTATAAAG,0,2307366
mcbAp5,0.5,1,1,TAGGAAATCGATAGCCCCCG,0,2300062
mcbAp5,0.5,1,1,TAGCTTGCCATAGGCGTCTA,0,2288364
mcbAp5,0.5,1,1,TAGCTCTGGGCTTCTTTCGC,0,2270953
mcbAp5,0.5,1,1,TAGCTCTACGTCGTTCACAG,0,2284819
mcbAp5,0.5,1,1,TAGCGTTAAGATGGCCCTCA,0,2266828
mcbAp5,0.5,1,1,TAGCGCCTTATACGCGTACC,0,2278563
mcbAp5,0.5,1,1,TAGCCCTGACACTAGATGAG,0,2288071
mcbAp5,0.5,1,1,TAGCCCACGATACTCCTGGG,0,2267290
mcbAp5,0.5,1,1,TAGCATCGGACCCGGACCAC,0,2306728
mcbAp5,0.5,1,1,TAGCATCATCAGAGTATTTC,0,2312736
mcbAp5,0.5,1,1,TAGCAGTGCGTTGGGTGTGA,0,2265885
mcbAp5,0.5,1,1,TAGCACGAGTTCGAAAGGGC,0,2305202
mcbAp5,0.5,1,1,TAGATGTGCATTCTGTATCA,0,2275068
mcbAp5,0.5,1,1,TAGATCCTGGTGCAGAGGAC,0,2303271
mcbAp5,0.5,1,1,TAGAGGACACGTTTATTAGT,0,2297149
mcbAp5,0.5,1,1,TAGAGCCCAGGCACGGGTAA,0,2296207
mcbAp5,0.5,1,1,TAGACATAAGTACAGAGCCT,0,2293392
mcbAp5,0.5,1,1,TAGACACCTGCAGTCGAGCT,0,2263386
mcbAp5,0.5,1,1,TAGAATTTCCAGCTATTCAC,0,2299367
mcbAp5,0.5,1,1,TAGAAGGTCATGCCATAGGA,0,2276132
mcbAp5,0.5,1,1,TAGAAGCTTTAGACATGTAC,0,2277287
mcbAp5,0.5,1,1,TACTTTGTCGGTCTAAAGTA,0,2310725
mcbAp5,0.5,1,1,TACTTGTAGGAGCGCCCACC,0,2270316
mcbAp5,0.5,1,1,TACTTACGTACAAAATTCCG,0,2290257
mcbAp5,0.5,1,1,TACTGTATAGTGTTGCTCTG,0,2282937
mcbAp5,0.5,1,1,TACTGCCACCAAGGGAATTA,0,2286439
mcbAp5,0.5,1,1,TACTCTGAAGCTCATAAAGC,0,2286518
mcbAp5,0.5,1,1,TACTATATCAGCAGACTGTC,0,2298459
mcbAp5,0.5,1,1,TACTAATTTAAACTGTCATA,0,2307998
mcbAp5,0.5,1,1,TACGTTTTAATGACTAAGGT,0,2278418
mcbAp5,0.5,1,1,TACGTTAGGGGGTACTTCAA,0,2291612
mcbAp5,0.5,1,1,TACGTTAGCAAACACCCGGT,0,2315306
mcbAp5,0.5,1,1,TACGTGGTGGTGAAGTGCGG,0,2300333
mcbAp5,0.5,1,1,TACGTCCTCGGGTCCTGACA,0,2292493
mcbAp5,0.5,1,1,TACGGTAGTAGACTAGGGAT,0,2276158
mcbAp5,0.5,1,1,TACGGGGCTTTTGCCTGGGC,0,2289261
mcbAp5,0.5,1,1,TACGCAGCGCATCTTATCGT,0,2290506
mcbAp5,0.5,1,1,TACGCAACCTTAGAAGAGCG,0,2308359
mcbAp5,0.5,1,1,TACCTAAGAGTAGGCCGGCG,0,2300411
mcbAp5,0.5,1,1,TACCGGTACCCCCAGTTAGA,0,2282064
mcbAp5,0.5,1,1,TACCGCCAGAAATCTTTCTG,0,2265632
mcbAp5,0.5,1,1,TACCCTGGATGGTTCGAAGG,0,2278638
mcbAp5,0.5,1,1,TACCCTGAATCCAAGCGAGG,0,2281100
mcbAp5,0.5,1,1,TACCCGGCCCCTAAGTGTTA,0,2263177
mcbAp5,0.5,1,1,TACCCCTTGAAGGTTATTAT,0,2274620
mcbAp5,0.5,1,1,TACCAGCTTCCGCCGGATGG,0,2277900
mcbAp5,0.5,1,1,TACAGTACCGTCTCGATTCA,0,2271336
mcbAp5,0.5,1,1,TACAGGCATGGCCTATCCTA,0,2316289
mcbAp5,0.5,1,1,TACAGAGGGTTTCACCGGTG,0,2294905
mcbAp5,0.5,1,1,TACAGAGAATAAGCATGGGC,0,2293904
mcbAp5,0.5,1,1,TACAAAGTGTTTCCGATGGT,0,2312386
mcbAp5,0.5,1,1,TACAAAACGCACGACAATCT,0,2266704
mcbAp5,0.5,1,1,TAATTTATACGGGAAAGGTA,0,2262467
mcbAp5,0.5,1,1,TAATTGTACGGGGGCGAGAC,0,2307877
mcbAp5,0.5,1,1,TAATTGAGGGTCTTTGTATA,0,2261216
mcbAp5,0.5,1,1,TAATGTAAGAATTTGGTGAA,0,2263251
mcbAp5,0.5,1,1,TAATGCGAAGGTGCCCAGGT,0,2275837
mcbAp5,0.5,1,1,TAATCGTCCATACTACAAGC,0,2272076
mcbAp5,0.5,1,1,TAATCCTAGAGTTGGTGCAG,0,2304994
mcbAp5,0.5,1,1,TAATAGGTCCGTCGCCACAT,0,2285486
mcbAp5,0.5,1,1,TAATAGAAGAACAGCTGGAG,0,2267808
mcbAp5,0.5,1,1,TAAGGTTGTCAAGGAAACTG,0,2278244
mcbAp5,0.5,1,1,TAAGGTTAGCGGCACAACTT,0,2273216
mcbAp5,0.5,1,1,TAAGGTCAGTTCCACGTGCT,0,2297017
mcbAp5,0.5,1,1,TAAGGGTGCGCATCCGGTAT,0,2315952
mcbAp5,0.5,1,1,TAAGGGAAAGTGAATGCGGA,0,2315812
mcbAp5,0.5,1,1,TAAGCTCTCTTGTCGGCATG,0,2313977
mcbAp5,0.5,1,1,TAAGCGTTGGGCGAAATTTT,0,2315388
mcbAp5,0.5,1,1,TAAGCCAGACTCGTGCATCC,0,2313584
mcbAp5,0.5,1,1,TAAGCATAAACAAGCATACC,0,2309171
mcbAp5,0.5,1,1,TAAGAGGGTTGTTCGTACCA,0,2289076
mcbAp5,0.5,1,1,TAAGACACGTTGAGGGATAG,0,2265802
mcbAp5,0.5,1,1,TAAGAATAGATGTGCGCAGT,0,2276909
mcbAp5,0.5,1,1,TAACTTCAAAAGGGTTTCGG,0,2296093
mcbAp5,0.5,1,1,TAACTCCCATGCTAACTTTG,0,2310429
mcbAp5,0.5,1,1,TAACGATTTGGTTAGTAGGA,0,2296330
mcbAp5,0.5,1,1,TAACCGATGGTTGAGCGCAT,0,2290128
mcbAp5,0.5,1,1,TAACCCAATGACTACACAAA,0,2314471
mcbAp5,0.5,1,1,TAACATGGTCTACACCCTGG,0,2309874
mcbAp5,0.5,1,1,TAACATAATCTCTCATTCCA,0,2280870
mcbAp5,0.5,1,1,TAACAACGTCTCGAACTTCT,0,2304150
mcbAp5,0.5,1,1,TAACAACGACTGTTCCCGGT,0,2270674
mcbAp5,0.5,1,1,TAAATGTGCAGACAGAAGTT,0,2312050
mcbAp5,0.5,1,1,TAAAGTCGCGTTTTGGAGGA,0,2306604
mcbAp5,0.5,1,1,TAAAGGCAATGTAAGTACCT,0,2284613
mcbAp5,0.5,1,1,TAAAGCAGTCATTGCTTTAT,0,2302927
mcbAp5,0.5,1,1,TAAAGAGCTATACTACTGGC,0,2271061
mcbAp5,0.5,1,1,TAAAGAAGGGATGCCTTCGT,0,2278645
mcbAp5,0.5,1,1,TAAACTGAAGCCTGTATGGA,0,2296598
mcbAp5,0.5,1,1,TAAACAGTGGACACATCATC,0,2271013
mcbAp5,0.5,1,1,TAAACAGCATCGGCCTTTAG,0,2300686
mcbAp5,0.5,1,1,TAAAAGGTCGCGCCAGCGAC,0,2272317
mcbAp5,0.5,1,1,GTTTTGAGGTAAGCGAGCAT,0,2298795
mcbAp5,0.5,1,1,GTTTGGCGTGGCTCGTTCTC,0,2308198
mcbAp5,0.5,1,1,GTTTGCCACATCAAACATAG,0,2292799
mcbAp5,0.5,1,1,GTTTCTTGGTTATAGCTGTA,0,2294965
mcbAp5,0.5,1,1,GTTTCGGAGTGGTTAGCCCT,0,2290497
mcbAp5,0.5,1,1,GTTTCGAGACACACTGAGCC,0,2289602
mcbAp5,0.5,1,1,GTTTACTGACATTTGGCCCT,0,2288568
mcbAp5,0.5,1,1,GTTTACGTCTGGACTTCCCT,0,2308491
mcbAp5,0.5,1,1,GTTTAAGCTTCGAATTTCGG,0,2293288
mcbAp5,0.5,1,1,GTTTAACTTGCGAGGATTTC,0,2294925
mcbAp5,0.5,1,1,GTTGTCATTTACGTGTCCCC,0,2291232
mcbAp5,0.5,1,1,GTTGTCAGAGGGACCAGGAG,0,2271926
mcbAp5,0.5,1,1,GTTGGGGTCCCGGCATTTTC,0,2268870
mcbAp5,0.5,1,1,GTTGGCGGGGCGTAGTGTAT,0,2282541
mcbAp5,0.5,1,1,GTTGGCCCTTTCTATGAAGG,0,2261289
mcbAp5,0.5,1,1,GTTGGAATACGGGTTGATGC,0,2287087
mcbAp5,0.5,1,1,GTTGGAACGACGGGATTTTA,0,2270977
mcbAp5,0.5,1,1,GTTGCGGCCAATACCGCGGA,0,2271837
mcbAp5,0.5,1,1,GTTGCACCTAAGAGGCGGCG,0,2268817
mcbAp5,0.5,1,1,GTTGATGTTTAACCTTTAGA,0,2289032
mcbAp5,0.5,1,1,GTTGATGTATGGCGCGTATG,0,2301140
mcbAp5,0.5,1,1,GTTGACGTGTGTGCGGTCAA,0,2284793
mcbAp5,0.5,1,1,GTTGAAATGCAACCAACCCG,0,2315744
mcbAp5,0.5,1,1,GTTCTATCCAAATGCGGTCC,0,2308215
mcbAp5,0.5,1,1,GTTCGTGTTCAGAAGTTATG,0,2310508
mcbAp5,0.5,1,1,GTTCGCTGTGCCAGAGCACT,0,2311902
mcbAp5,0.5,1,1,GTTCCTGTGCTCCTCATCTC,0,2301758
mcbAp5,0.5,1,1,GTTCCGTATCGGCTGTGTGA,0,2294339
mcbAp5,0.5,1,1,GTTCCGATAACGACCGCGCT,0,2280137
mcbAp5,0.5,1,1,GTTCAGTATCACGCAAGTCG,0,2286068
mcbAp5,0.5,1,1,GTTCACAGGCGTAAGTATCT,0,2310956
mcbAp5,0.5,1,1,GTTATTTGCGCGCCGGTAGG,0,2286924
mcbAp5,0.5,1,1,GTTATAGGTGTAAGACCAGG,0,2296597
mcbAp5,0.5,1,1,GTTAGTTTAAATGCGGGCAG,0,2263208
mcbAp5,0.5,1,1,GTTAGGGCAGACGCGGGTTA,0,2271935
mcbAp5,0.5,1,1,GTTAGCGCGAGAGGATAGTG,0,2307717
mcbAp5,0.5,1,1,GTTAGATTAGCTCTGGCCAG,0,2298509
mcbAp5,0.5,1,1,GTTAGATACTGGTATTGATT,0,2315552
mcbAp5,0.5,1,1,GTTACGCGTGCGGGATGTTT,0,2285145
mcbAp5,0.5,1,1,GTTACCACTCCATTGCTCGG,0,2272445
mcbAp5,0.5,1,1,GTGTTTCCTCACCCTTAATC,0,2263694
mcbAp5,0.5,1,1,GTGTTGTTATCCGTACTCAA,0,2281983
mcbAp5,0.5,1,1,GTGTTGGTTGTCTTGTTCCA,0,2290787
mcbAp5,0.5,1,1,GTGTTGAAGAATTTAGAATT,0,2278265
mcbAp5,0.5,1,1,GTGTTCCGTGCGGGGGGCAA,0,2291558
mcbAp5,0.5,1,1,GTGTTCAAGAAGGTCCGAGA,0,2266887
mcbAp5,0.5,1,1,GTGTGTGGTCTAGGATGCAG,0,2294090
mcbAp5,0.5,1,1,GTGTGTGGCACGTCGGTCGC,0,2310890
mcbAp5,0.5,1,1,GTGTGGTGTCACGGACTTAC,0,2302668
mcbAp5,0.5,1,1,GTGTGGGACTCTATCGTGGA,0,2286042
mcbAp5,0.5,1,1,GTGTGGAGATTCCCGGTACT,0,2289383
mcbAp5,0.5,1,1,GTGTGAGGTGTAATCCTCAG,0,2277646
mcbAp5,0.5,1,1,GTGTGAGACAGACGAGGGAT,0,2316017
mcbAp5,0.5,1,1,GTGTCTTTCGGCTGTGCCCA,0,2279132
mcbAp5,0.5,1,1,GTGTCGTGGAGGTGTTGATA,0,2281890
mcbAp5,0.5,1,1,GTGTACCGTATTCGGCACGT,0,2280572
mcbAp5,0.5,1,1,GTGTAAGCACGCTGCCCTTG,0,2275933
mcbAp5,0.5,1,1,GTGTAAATGGTAACGTCCAA,0,2266733
mcbAp5,0.5,1,1,GTGGTGTCATCCCGGCGAGT,0,2295788
mcbAp5,0.5,1,1,GTGGTAATGTGTGCGACAAG,0,2273304
mcbAp5,0.5,1,1,GTGGGTGGGGGGCACCAACA,0,2270794
mcbAp5,0.5,1,1,GTGGGTCGTCGTACGGTCCC,0,2262110
mcbAp5,0.5,1,1,GTGGGGGTAGATGCAACTGT,0,2300571
mcbAp5,0.5,1,1,GTGGGGGAGAAGAAATCATA,0,2296885
mcbAp5,0.5,1,1,GTGGGGACGACCTACGAGCA,0,2269389
mcbAp5,0.5,1,1,GTGGGCGGGGTATTAGGATT,0,2278160
mcbAp5,0.5,1,1,GTGGGATGCAGTATACCATT,0,2302394
mcbAp5,0.5,1,1,GTGGGAACAGATGCATCCTG,0,2268618
mcbAp5,0.5,1,1,GTGGCTGGTAATCTACTGCG,0,2291929
mcbAp5,0.5,1,1,GTGGCATACGAAGCGAATTT,0,2281575
mcbAp5,0.5,1,1,GTGGCAGGTCAGTAAAACCC,0,2277848
mcbAp5,0.5,1,1,GTGGCACAGTAAATAATTAT,0,2269295
mcbAp5,0.5,1,1,GTGGATGGGTTACCACAACC,0,2292302
mcbAp5,0.5,1,1,GTGGAGCATTAAGTCAACGA,0,2309195
mcbAp5,0.5,1,1,GTGGAAACTGCCAAAGCCCT,0,2288229
mcbAp5,0.5,1,1,GTGCTGATTTATCGGCGAAC,0,2294096
mcbAp5,0.5,1,1,GTGCTCACCCTATATCTCCT,0,2296566
mcbAp5,0.5,1,1,GTGCGTCACATCCAGGTAAC,0,2304202
mcbAp5,0.5,1,1,GTGCGGTCTTGCGGATAACC,0,2289213
mcbAp5,0.5,1,1,GTGCGGGCACAATGTAAATG,0,2284541
mcbAp5,0.5,1,1,GTGCGGACATCGCAGGTAAC,0,2292330
mcbAp5,0.5,1,1,GTGCGCACCTTGCTCTCCTT,0,2293694
mcbAp5,0.5,1,1,GTGCCTGCCCCGATTCTCCT,0,2263058
mcbAp5,0.5,1,1,GTGCATTTGTTGAGGAAGGT,0,2272674
mcbAp5,0.5,1,1,GTGCATGTCATGGTACGTAG,0,2315179
mcbAp5,0.5,1,1,GTGCATCTGTAGACAGGCCC,0,2294661
mcbAp5,0.5,1,1,GTGCAAGTGGGTACTTGTCT,0,2304416
mcbAp5,0.5,1,1,GTGCAAGCGGTTGATCATAA,0,2272741
mcbAp5,0.5,1,1,GTGATTCTTCTCAATAGAGA,0,2312960
mcbAp5,0.5,1,1,GTGATACTTTAGGAACTATC,0,2308113
mcbAp5,0.5,1,1,GTGAGCTTCATTGTCCTTAA,0,2297142
mcbAp5,0.5,1,1,GTGACTTGACTTAGTAGTGG,0,2300327
mcbAp5,0.5,1,1,GTGACCTTGTGCCGAACAGC,0,2290898
mcbAp5,0.5,1,1,GTGAAGCATAGCCGAATAGA,0,2267724
mcbAp5,0.5,1,1,GTGAAGAGCGTGGCCAAGGC,0,2266273
mcbAp5,0.5,1,1,GTGAAACGAGAATCTACGGT,0,2313873
mcbAp5,0.5,1,1,GTGAAAAGCTCTACATCCTC,0,2303749
mcbAp5,0.5,1,1,GTCTGGTCTTTTAAGTATCC,0,2284063
mcbAp5,0.5,1,1,GTCTGCATGGGCCGCTGTCC,0,2298013
mcbAp5,0.5,1,1,GTCTCTAAGGGTTGGGCTTG,0,2270419
mcbAp5,0.5,1,1,GTCTCGTAAGCCTAACGGAA,0,2299236
mcbAp5,0.5,1,1,GTCTCGGAGGTTCTGCTGGG,0,2261194
mcbAp5,0.5,1,1,GTCTCGGAGACTCCTAAGGC,0,2294670
mcbAp5,0.5,1,1,GTCTCCACATATACAAAATA,0,2310270
mcbAp5,0.5,1,1,GTCTCATCGGTAAGTCGGTG,0,2270073
mcbAp5,0.5,1,1,GTCTATCGCGCGCAACAGCG,0,2303868
mcbAp5,0.5,1,1,GTCTATAGGCACTCTGTCCT,0,2288587
mcbAp5,0.5,1,1,GTCTACCCAAGTAACGCATT,0,2267926
mcbAp5,0.5,1,1,GTCTAAGCTGGGATTTTAAA,0,2270653
mcbAp5,0.5,1,1,GTCTAAGAAATCGTATTAAG,0,2306846
mcbAp5,0.5,1,1,GTCGGGTTGCTGGTGGTCGC,0,2291310
mcbAp5,0.5,1,1,GTCGGCTGGAATACAGCATA,0,2303678
mcbAp5,0.5,1,1,GTCGGCACAACGCTGCCGAC,0,2283212
mcbAp5,0.5,1,1,GTCGCTTGTACGGTTGTGTC,0,2264987
mcbAp5,0.5,1,1,GTCGCGAAAAATGGGACCGT,0,2281774
mcbAp5,0.5,1,1,GTCGCCGCTGCATGCGTCTA,0,2288798
mcbAp5,0.5,1,1,GTCGAGTCACCATTTAAACA,0,2265367
mcbAp5,0.5,1,1,GTCGAGAGGTCGCGTATATC,0,2271524
mcbAp5,0.5,1,1,GTCGAAGTGGGATATTGAAT,0,2316264
mcbAp5,0.5,1,1,GTCCTTCTTTTACGGGGTCA,0,2290463
mcbAp5,0.5,1,1,GTCCTGGAACACAAAATGTC,0,2297415
mcbAp5,0.5,1,1,GTCCTCGTTACCCCCCGTGT,0,2294935
mcbAp5,0.5,1,1,GTCCGTGACCTGACAGCATT,0,2290091
mcbAp5,0.5,1,1,GTCCGCCGTTCCAACGATCA,0,2306939
mcbAp5,0.5,1,1,GTCCCAGTTTAATGGATGGG,0,2295470
mcbAp5,0.5,1,1,GTCCATGCCGTCGGTGACGC,0,2315127
mcbAp5,0.5,1,1,GTCCAGCCGAACAGAAATAA,0,2278123
mcbAp5,0.5,1,1,GTCCAACGCGAGTTGGGTCC,0,2269814
mcbAp5,0.5,1,1,GTCATTTACTCTTACCCGCA,0,2296327
mcbAp5,0.5,1,1,GTCATGCCCAGCACGCCAGA,0,2302339
mcbAp5,0.5,1,1,GTCATGCACACCCTGAGAGC,0,2287018
mcbAp5,0.5,1,1,GTCATCAGTAACCGTTTAAG,0,2283279
mcbAp5,0.5,1,1,GTCATAATGGCGATCAATCT,0,2276033
mcbAp5,0.5,1,1,GTCAGTTAACCACCTACGTG,0,2313470
mcbAp5,0.5,1,1,GTCAGGTGGCTGGTTTCCAA,0,2309168
mcbAp5,0.5,1,1,GTCAGGTAGAGCCACTTAGG,0,2287962
mcbAp5,0.5,1,1,GTCAGCTTGAACGGCCTCTC,0,2268953
mcbAp5,0.5,1,1,GTCAGCGTGGAAACATTCAG,0,2315122
mcbAp5,0.5,1,1,GTCACCGACCCCGCATATTC,0,2300200
mcbAp5,0.5,1,1,GTCACCAGAAGTACTTGTAC,0,2270396
mcbAp5,0.5,1,1,GTCAAGGTGACTGGCTTCGG,0,2271211
mcbAp5,0.5,1,1,GTCAACGGCGTGCGGATGCC,0,2282524
mcbAp5,0.5,1,1,GTATTTAGAACCGTTTGCTG,0,2279453
mcbAp5,0.5,1,1,GTATTGGTAGTAATATAGTC,0,2291215
mcbAp5,0.5,1,1,GTATTGAACTTTGACGACGA,0,2275431
mcbAp5,0.5,1,1,GTATTCGATATGGCTCACGT,0,2280509
mcbAp5,0.5,1,1,GTATTAGTGCTATGTTCAGT,0,2303285
mcbAp5,0.5,1,1,GTATGAGTTAATTTCCCCCA,0,2298528
mcbAp5,0.5,1,1,GTATGAGGGCGAATCATCCA,0,2294800
mcbAp5,0.5,1,1,GTATGACGCCTCGGACAGAC,0,2284537
mcbAp5,0.5,1,1,GTATACCAGCTAGTCATGAA,0,2271619
mcbAp5,0.5,1,1,GTATAAATTGACAGATTGAG,0,2280354
mcbAp5,0.5,1,1,GTATAAAACAGGAGTTAGTC,0,2295167
mcbAp5,0.5,1,1,GTAGTTGTGTACGAATTGAA,0,2308692
mcbAp5,0.5,1,1,GTAGTGTCAATGACATCTGA,0,2287173
mcbAp5,0.5,1,1,GTAGGTCTTCCTCATATGGA,0,2287569
mcbAp5,0.5,1,1,GTAGGTCAAATATACTGGGA,0,2275969
mcbAp5,0.5,1,1,GTAGGGCAAAGCTCAAAGTG,0,2297678
mcbAp5,0.5,1,1,GTAGGCCTAGTTAGGCCGGA,0,2280944
mcbAp5,0.5,1,1,GTAGCGTTGGATTTTACGAC,0,2265672
mcbAp5,0.5,1,1,GTAGAAGGCTCACACAGTAA,0,2287200
mcbAp5,0.5,1,1,GTACGTATTAATGCGTCCAT,0,2280432
mcbAp5,0.5,1,1,GTACGTACTTAGAGCGTAAT,0,2269896
mcbAp5,0.5,1,1,GTACGCTAGAGTTTAGAGTC,0,2297870
mcbAp5,0.5,1,1,GTACGCCGCGTACGTAAATT,0,2269934
mcbAp5,0.5,1,1,GTACGACGCCTGGGGCGGAA,0,2309182
mcbAp5,0.5,1,1,GTACGAACAAGGTAAGACGT,0,2275332
mcbAp5,0.5,1,1,GTACCTCTATGGGAAGTGGA,0,2304619
mcbAp5,0.5,1,1,GTACCCTAGTTAGAAGGGTC,0,2296162
mcbAp5,0.5,1,1,GTACAGTGCGCAAGAAGCGA,0,2289618
mcbAp5,0.5,1,1,GTACACCTACGCTTTTTTAC,0,2271400
mcbAp5,0.5,1,1,GTACAACACTGTGCGCATGT,0,2275406
mcbAp5,0.5,1,1,GTAATTGCAGCGCAACGGGT,0,2267310
mcbAp5,0.5,1,1,GTAATCCACTTTTCTTTAGT,0,2271599
mcbAp5,0.5,1,1,GTAATACGAAACACCTGGCC,0,2288608
mcbAp5,0.5,1,1,GTAAGGCGTGTACATCGTAT,0,2294749
mcbAp5,0.5,1,1,GTAAGGATTGGCGCTCTGCC,0,2275749
mcbAp5,0.5,1,1,GTAAGAAAGCGGCTTCCCAA,0,2281901
mcbAp5,0.5,1,1,GTAACGGATAGTTTGTTCCG,0,2277063
mcbAp5,0.5,1,1,GTAAATAGCCGAGGTGGCGA,0,2289112
mcbAp5,0.5,1,1,GTAAAGGTGTGCGTGTACTC,0,2271425
mcbAp5,0.5,1,1,GTAAACTTAAGAAATGAACT,0,2273220
mcbAp5,0.5,1,1,GGTTTATGGGCGAGCAGGCC,0,2262386
mcbAp5,0.5,1,1,GGTTTACGGTCGTTGATGGC,0,2268094
mcbAp5,0.5,1,1,GGTTTAAACTATCGATGCAA,0,2275483
mcbAp5,0.5,1,1,GGTTGTGGAGACCATCCAGA,0,2267482
mcbAp5,0.5,1,1,GGTTCGCCAAATGAACGAGG,0,2271981
mcbAp5,0.5,1,1,GGTTAGTCAATTCGGCTTAC,0,2291599
mcbAp5,0.5,1,1,GGTTAGGTTTGGGTGCACAA,0,2270580
mcbAp5,0.5,1,1,GGTTACTTGTTATCAGGGCT,0,2308786
mcbAp5,0.5,1,1,GGTGGGGGGAACCAGCGTTC,0,2311527
mcbAp5,0.5,1,1,GGTGGCTACATCGTCTCCAT,0,2264177
mcbAp5,0.5,1,1,GGTGGAGCGCTCCGGGGAAG,0,2270822
mcbAp5,0.5,1,1,GGTGGAAGATCAATTTTGCC,0,2301651
mcbAp5,0.5,1,1,GGTGGAAATTTCCTCCCATG,0,2277752
mcbAp5,0.5,1,1,GGTGCTCTGTTGGGCACCTT,0,2304945
mcbAp5,0.5,1,1,GGTGCGGTTGAATGGATAAT,0,2316103
mcbAp5,0.5,1,1,GGTGCGAGCGGCCTGCTGAG,0,2283127
mcbAp5,0.5,1,1,GGTGCATTGTTGCTCGAGAT,0,2289998
mcbAp5,0.5,1,1,GGTGAGGATGGACCACTGCT,0,2287393
mcbAp5,0.5,1,1,GGTGAAGAACCAGCATCCTG,0,2291188
mcbAp5,0.5,1,1,GGTCTTAGCCGCGTAACAGG,0,2274574
mcbAp5,0.5,1,1,GGTCTGGAAACCTGACTAAC,0,2264321
mcbAp5,0.5,1,1,GGTCGTAGTTATCGCTACGG,0,2307314
mcbAp5,0.5,1,1,GGTCGGGAACCGGTCACTTA,0,2276216
mcbAp5,0.5,1,1,GGTCGATAAAGTACGTTTCA,0,2314269
mcbAp5,0.5,1,1,GGTCCTGTGGCTACCGGCAT,0,2302559
mcbAp5,0.5,1,1,GGTCCTCGTACGTAACGAAG,0,2310589
mcbAp5,0.5,1,1,GGTCATATGTCGTGGCGATT,0,2310606
mcbAp5,0.5,1,1,GGTATGTGGATAGTGCAAGC,0,2264811
mcbAp5,0.5,1,1,GGTATGGTTGGCGGGCAGTT,0,2273420
mcbAp5,0.5,1,1,GGTATGGCGTTATGATTTTA,0,2275247
mcbAp5,0.5,1,1,GGTATGAATGTGTCATGCCT,0,2301408
mcbAp5,0.5,1,1,GGTATCGGGTACGGGTAAGA,0,2312924
mcbAp5,0.5,1,1,GGTATAGTAGGGGGGCAAGG,0,2264016
mcbAp5,0.5,1,1,GGTAGGTTTTATAAACATGG,0,2275686
mcbAp5,0.5,1,1,GGTAGCGGTCTAAATGGGTC,0,2302162
mcbAp5,0.5,1,1,GGTAGCCGTTAGATTGCTCT,0,2266539
mcbAp5,0.5,1,1,GGTAGCACACTTGCGGCTCG,0,2264897
mcbAp5,0.5,1,1,GGTACTACGCCTAGAAGGAG,0,2275221
mcbAp5,0.5,1,1,GGTACGAGTCTACATATGTC,0,2282837
mcbAp5,0.5,1,1,GGTACCACTGCAGTAAACAC,0,2315922
mcbAp5,0.5,1,1,GGTACAGTCCAGGTTCCGTT,0,2261911
mcbAp5,0.5,1,1,GGTAAGTGTAACCTGAGATA,0,2308605
mcbAp5,0.5,1,1,GGTAAGGTCCCATTCCTCGA,0,2287197
mcbAp5,0.5,1,1,GGTAACTTGACACAACGACT,0,2312823
mcbAp5,0.5,1,1,GGTAAAGGTATTTCTGCATG,0,2290255
mcbAp5,0.5,1,1,GGGTTGCGGACCTCCCATGC,0,2261361
mcbAp5,0.5,1,1,GGGTTGATGAATGGGCTGCC,0,2300103
mcbAp5,0.5,1,1,GGGTGGTGTCTACTCTCGAA,0,2280320
mcbAp5,0.5,1,1,GGGTGGATGGATCTTGGGGA,0,2312304
mcbAp5,0.5,1,1,GGGTGAAAAAGATCGATACA,0,2293361
mcbAp5,0.5,1,1,GGGTCGTTAGTGTCCGTAGT,0,2305316
mcbAp5,0.5,1,1,GGGTCGAACAGGGGACCTAA,0,2283719
mcbAp5,0.5,1,1,GGGTCCTGGTCAGGTACTTG,0,2276830
mcbAp5,0.5,1,1,GGGTCAAACTCTTAGTCGAG,0,2305267
mcbAp5,0.5,1,1,GGGTAGGGGTTCGCGGGCAT,0,2287295
mcbAp5,0.5,1,1,GGGTACGCGGGTGATCGATT,0,2281601
mcbAp5,0.5,1,1,GGGTACCTCACCGCCGTTGG,0,2275238
mcbAp5,0.5,1,1,GGGTAATCCCCCGTAGATTA,0,2303188
mcbAp5,0.5,1,1,GGGTAAAACTTAGTTTCCCA,0,2267550
mcbAp5,0.5,1,1,GGGGTTAAAGTCTGAGGGGT,0,2293864
mcbAp5,0.5,1,1,GGGGTGGGACTAGGCTAATA,0,2306359
mcbAp5,0.5,1,1,GGGGTGCGCATCGCGGGGAT,0,2295438
mcbAp5,0.5,1,1,GGGGTCGTATGATGGTCTGG,0,2294026
mcbAp5,0.5,1,1,GGGGTAGACAGACAATACGG,0,2284203
mcbAp5,0.5,1,1,GGGGGTATGCGTATCAATCA,0,2269377
mcbAp5,0.5,1,1,GGGGGCCGAATATTCTGGCA,0,2281996
mcbAp5,0.5,1,1,GGGGGCCATCTGTTGGGTTC,0,2285950
mcbAp5,0.5,1,1,GGGGGCAATCTCGGCTTATC,0,2307364
mcbAp5,0.5,1,1,GGGGCGGAGCCGCACGGCGC,0,2270592
mcbAp5,0.5,1,1,GGGGCGACACCATTGGCCAT,0,2290203
mcbAp5,0.5,1,1,GGGGCCAGGTTTATAAACAA,0,2315213
mcbAp5,0.5,1,1,GGGGATGGCATTGGCTCGGA,0,2268836
mcbAp5,0.5,1,1,GGGCTTAATGTTCTCTGCAA,0,2272786
mcbAp5,0.5,1,1,GGGCTGGACCATCTATTGTA,0,2277686
mcbAp5,0.5,1,1,GGGCTGATCAACGGTAATCA,0,2307278
mcbAp5,0.5,1,1,GGGCTCTAGGCCGGCCACAA,0,2283665
mcbAp5,0.5,1,1,GGGCGTACAGACATGGTGGC,0,2312465
mcbAp5,0.5,1,1,GGGCGTAAAATTGCGCAGGC,0,2306908
mcbAp5,0.5,1,1,GGGCGGTAGTGGCAGGCGTA,0,2290914
mcbAp5,0.5,1,1,GGGCGGGCTTGCATTGAAAA,0,2276364
mcbAp5,0.5,1,1,GGGCGGGCACTGGGCAAATA,0,2305855
mcbAp5,0.5,1,1,GGGCGGCGAAGGGCCGCGAT,0,2279495
mcbAp5,0.5,1,1,GGGCGCGATGCATCTATGTT,0,2293633
mcbAp5,0.5,1,1,GGGCCTCCCATCCGAATGCT,0,2289963
mcbAp5,0.5,1,1,GGGCCGATACCTACATACCC,0,2285162
mcbAp5,0.5,1,1,GGGCCGAGAGGGCATAGACC,0,2311037
mcbAp5,0.5,1,1,GGGCCATAGAACGCGATTAA,0,2290648
mcbAp5,0.5,1,1,GGGCCAGTATGCATAACACG,0,2307460
mcbAp5,0.5,1,1,GGGCACTAAATCGGCAGAAA,0,2276427
mcbAp5,0.5,1,1,GGGCACAGACGGTCCGTCGT,0,2268464
mcbAp5,0.5,1,1,GGGCAATGAGTGAGCCTCGT,0,2273739
mcbAp5,0.5,1,1,GGGATTCTGCGCTGAATCAG,0,2271927
mcbAp5,0.5,1,1,GGGAGTGAAACATGCTCGAT,0,2308424
mcbAp5,0.5,1,1,GGGAGGACCGGGGTATCTTC,0,2293624
mcbAp5,0.5,1,1,GGGACATGCTCGAAGGGAGT,0,2294072
mcbAp5,0.5,1,1,GGGAATTATAGGGTGGCACG,0,2309084
mcbAp5,0.5,1,1,GGGAACAGTAACTCCTCAAT,0,2305652
mcbAp5,0.5,1,1,GGGAAATGTTGCTCATTTAG,0,2314206
mcbAp5,0.5,1,1,GGCTTGTAGGTAGTGCCCAT,0,2314141
mcbAp5,0.5,1,1,GGCTTGGGGGGATCATCTAA,0,2269031
mcbAp5,0.5,1,1,GGCTTGAGCCTCCAATGACG,0,2315490
mcbAp5,0.5,1,1,GGCTTCTAAAGTGAGAATAA,0,2283627
mcbAp5,0.5,1,1,GGCTTCCAGGCGTACGAAGG,0,2277106
mcbAp5,0.5,1,1,GGCTTAAGGGTGGTGTCAGT,0,2289367
mcbAp5,0.5,1,1,GGCTGTGGAGATTGTAAGAC,0,2286752
mcbAp5,0.5,1,1,GGCTGCCCGCCGTTTTTGCA,0,2277882
mcbAp5,0.5,1,1,GGCTGATACTTCAGGGAGTA,0,2289958
mcbAp5,0.5,1,1,GGCTCCTCTCTATTGTGACA,0,2303686
mcbAp5,0.5,1,1,GGCTCCGTTAGGCTATAGTC,0,2261405
mcbAp5,0.5,1,1,GGCTATTCCGTAGGGCTTGG,0,2300949
mcbAp5,0.5,1,1,GGCTAGAGCCACCACCCGGC,0,2310474
mcbAp5,0.5,1,1,GGCTACTCCAGTTTATATCA,0,2261565
mcbAp5,0.5,1,1,GGCTAATCTATAGTTTGTTA,0,2280554
mcbAp5,0.5,1,1,GGCTAAATTAAGACTATCTA,0,2309460
mcbAp5,0.5,1,1,GGCGTCGAAATGACCGATTT,0,2288498
mcbAp5,0.5,1,1,GGCGGGGCAGGTACTGACAC,0,2293845
mcbAp5,0.5,1,1,GGCGGCCGTCGTAAAATTAG,0,2265162
mcbAp5,0.5,1,1,GGCGGAATGAGTGTGTGGGG,0,2279626
mcbAp5,0.5,1,1,GGCGATTTGTGACCGACATA,0,2268308
mcbAp5,0.5,1,1,GGCCTGACCCGCCGATGGAC,0,2289671
mcbAp5,0.5,1,1,GGCCTAGTAGATTGGGTGAT,0,2292841
mcbAp5,0.5,1,1,GGCCGTCTTGCCCTTAGTGG,0,2291406
mcbAp5,0.5,1,1,GGCCGCGGATACGCAGACTG,0,2262472
mcbAp5,0.5,1,1,GGCCGCCTTCCCCTCCCCCC,0,2296678
mcbAp5,0.5,1,1,GGCCGACTCTTTCAACACAG,0,2276324
mcbAp5,0.5,1,1,GGCCATTCATTGAAGAATAA,0,2273816
mcbAp5,0.5,1,1,GGCATCGACTTAGCGATACA,0,2268310
mcbAp5,0.5,1,1,GGCATCCAATACTGCGCTCC,0,2270912
mcbAp5,0.5,1,1,GGCATAGGTACTCTATGTTA,0,2305374
mcbAp5,0.5,1,1,GGCAGTAATGGTTACAGATT,0,2311165
mcbAp5,0.5,1,1,GGCAGAATTTAAGCTCCATG,0,2272530
mcbAp5,0.5,1,1,GGCACCTCTGGTGGTCCGGC,0,2279718
mcbAp5,0.5,1,1,GGCACATAGTAGCTCCATCA,0,2302087
mcbAp5,0.5,1,1,GGCACAGGTTATCATGATCA,0,2300353
mcbAp5,0.5,1,1,GGCACAGGAGGTAGCCGTTG,0,2287377
mcbAp5,0.5,1,1,GGCAAAACCAAACTCTATGC,0,2293753
mcbAp5,0.5,1,1,GGATTTTTGCTCGTTGTCCC,0,2283339
mcbAp5,0.5,1,1,GGATTTTGACTATTACTTAT,0,2263630
mcbAp5,0.5,1,1,GGATTTAACGGGTCATACGT,0,2270195
mcbAp5,0.5,1,1,GGATTGTTACTAACCTCTGA,0,2300832
mcbAp5,0.5,1,1,GGATTGCCATTATTATCCGG,0,2262742
mcbAp5,0.5,1,1,GGATGTACAATAGGCTTCAA,0,2276993
mcbAp5,0.5,1,1,GGATGGTTAAGTATCCATTC,0,2296771
mcbAp5,0.5,1,1,GGATGGCCTGGTGCGGTCTG,0,2268393
mcbAp5,0.5,1,1,GGATGCCTCACTTTTGCACT,0,2311524
mcbAp5,0.5,1,1,GGATGCCCCCGCAGCACTTA,0,2301337
mcbAp5,0.5,1,1,GGATGAGTTGGGATGAAGGC,0,2266866
mcbAp5,0.5,1,1,GGATGAGTAGCCGTAGCTAG,0,2308549
mcbAp5,0.5,1,1,GGATCTTGCAGTGGCGACTT,0,2271668
mcbAp5,0.5,1,1,GGATCTCACTTCAATGGATA,0,2277630
mcbAp5,0.5,1,1,GGATATCGAGGTCCTTTCTT,0,2298856
mcbAp5,0.5,1,1,GGATACCTGGAGTCCCTGAG,0,2294707
mcbAp5,0.5,1,1,GGATACACTCCAAATGTCAT,0,2280996
mcbAp5,0.5,1,1,GGATAATGTTGCCTTACTTC,0,2309842
mcbAp5,0.5,1,1,GGATAATACGCGACATCGTA,0,2301024
mcbAp5,0.5,1,1,GGAGTCTTTACCGACAGGAT,0,2291183
mcbAp5,0.5,1,1,GGAGTATAGTCACCTTACAG,0,2292933
mcbAp5,0.5,1,1,GGAGTACGTGTTCTGATCCC,0,2280322
mcbAp5,0.5,1,1,GGAGGGGCACACCGACTTGG,0,2304249
mcbAp5,0.5,1,1,GGAGGGAGTAGGCAAGCCCG,0,2264959
mcbAp5,0.5,1,1,GGAGGCGCTACCAGCCTCTT,0,2302868
mcbAp5,0.5,1,1,GGAGGCCGCTCCCGGAATGC,0,2292411
mcbAp5,0.5,1,1,GGAGCTTAGCCAACGAGCGC,0,2276829
mcbAp5,0.5,1,1,GGAGCGCTTTCCACTCTCTT,0,2314850
mcbAp5,0.5,1,1,GGAGCGATACTATTTTCGCT,0,2286914
mcbAp5,0.5,1,1,GGAGCGACCGTGTCCTTTTT,0,2286720
mcbAp5,0.5,1,1,GGAGCACCAAGTCGTACGAT,0,2282940
mcbAp5,0.5,1,1,GGACTGCATTCCCCCGCCCA,0,2264642
mcbAp5,0.5,1,1,GGACTGCATGGGTCTGGCTA,0,2310776
mcbAp5,0.5,1,1,GGACTCGGAAGCCTCGACCA,0,2292957
mcbAp5,0.5,1,1,GGACTCCACCCGGCGTTGGC,0,2278464
mcbAp5,0.5,1,1,GGACTATCCAAATGTGCCTG,0,2306414
mcbAp5,0.5,1,1,GGACTACGACCTCTACCAAG,0,2283189
mcbAp5,0.5,1,1,GGACGCTTTACGAGCATCGC,0,2274371
mcbAp5,0.5,1,1,GGACGCTTGGCAAACTACGG,0,2286358
mcbAp5,0.5,1,1,GGACCTCCGGAGAGTCAAAC,0,2301619
mcbAp5,0.5,1,1,GGACCGTTCAGCCCATCGAT,0,2302357
mcbAp5,0.5,1,1,GGACCGTGTTTCGGCGCAAC,0,2313070
mcbAp5,0.5,1,1,GGACCGGCACTTTCGTTAAA,0,2299529
mcbAp5,0.5,1,1,GGACCGAGTACGTCGAACAT,0,2279052
mcbAp5,0.5,1,1,GGACCCGGCTCTACCCTTAG,0,2303670
mcbAp5,0.5,1,1,GGACCCACATAAGGGCAAAT,0,2306891
mcbAp5,0.5,1,1,GGACCACGTGCATGAAGCGG,0,2299768
mcbAp5,0.5,1,1,GGACATTAATGAGGGGAGGA,0,2305823
mcbAp5,0.5,1,1,GGACACTTGAATATGCGTAT,0,2294196
mcbAp5,0.5,1,1,GGACACTATCACTCGGAAGT,0,2282761
mcbAp5,0.5,1,1,GGAAGGTTTGCGCGTAACGC,0,2287896
mcbAp5,0.5,1,1,GGAAGGCTCGCGTGGTAACT,0,2297684
mcbAp5,0.5,1,1,GGAAGAACATTTTCATTCGG,0,2299222
mcbAp5,0.5,1,1,GGAACTTCATGAAGCGATTT,0,2291634
mcbAp5,0.5,1,1,GGAACTTAGTGTCAAGACTC,0,2274203
mcbAp5,0.5,1,1,GGAACATAGCTATTTCTTCA,0,2293752
mcbAp5,0.5,1,1,GGAAATTCCAGGCCTGGATA,0,2261593
mcbAp5,0.5,1,1,GGAAATGGGGCAGGGCGGCA,0,2290126
mcbAp5,0.5,1,1,GGAAAGGGTAAGCGTAGTAG,0,2287787
mcbAp5,0.5,1,1,GGAAAATTATACCCGTCAGC,0,2280275
mcbAp5,0.5,1,1,GCTTTGGTGGCAGAGATGGG,0,2270493
mcbAp5,0.5,1,1,GCTTTCTGCAAAACTATGAC,0,2278280
mcbAp5,0.5,1,1,GCTTTCATTTGACTCGATGA,0,2293995
mcbAp5,0.5,1,1,GCTTGTCAACCCGTTTTCAG,0,2268966
mcbAp5,0.5,1,1,GCTTGGGGGTGCTACCTGAG,0,2313215
mcbAp5,0.5,1,1,GCTTGGCCTCGCATCAACTG,0,2314421
mcbAp5,0.5,1,1,GCTTGAATATGAGACGAGGA,0,2307882
mcbAp5,0.5,1,1,GCTTCCCTGCTGTATTCAGG,0,2264907
mcbAp5,0.5,1,1,GCTTCAACCCCATAGTCCAC,0,2266818
mcbAp5,0.5,1,1,GCTTATGAGAAGTGTAGTTA,0,2275465
mcbAp5,0.5,1,1,GCTTATACACAAATCTCCAA,0,2280041
mcbAp5,0.5,1,1,GCTTACGGCTCCCCTAAGTT,0,2313973
mcbAp5,0.5,1,1,GCTGTGGGGACACCTTAGCC,0,2301036
mcbAp5,0.5,1,1,GCTGTCGAGGCGCGTATAGA,0,2310089
mcbAp5,0.5,1,1,GCTGTACGGTACACATTGCC,0,2301102
mcbAp5,0.5,1,1,GCTGGGCGGCCGGTTTAAGA,0,2315681
mcbAp5,0.5,1,1,GCTGGCAGGTCGATGTCCCT,0,2291160
mcbAp5,0.5,1,1,GCTGATTCTCCTTAAGTCAA,0,2281951
mcbAp5,0.5,1,1,GCTGAGGACGAAACCTGCGC,0,2302187
mcbAp5,0.5,1,1,GCTGAGCTGTTGAGTCATGG,0,2301694
mcbAp5,0.5,1,1,GCTGAGACGGGCACTCAGTA,0,2298122
mcbAp5,0.5,1,1,GCTGACGATTCACCAAGGGC,0,2294469
mcbAp5,0.5,1,1,GCTCGGTTCACACGTGCATC,0,2272717
mcbAp5,0.5,1,1,GCTCGGACTTTCTAATTCAC,0,2310584
mcbAp5,0.5,1,1,GCTCGAATATAACTCACCCA,0,2307441
mcbAp5,0.5,1,1,GCTCCCGATAGGCTGGGGAC,0,2265887
mcbAp5,0.5,1,1,GCTCCCCTCGGCTTAACGAT,0,2302460
mcbAp5,0.5,1,1,GCTCATGCTTCACTGGAATT,0,2293485
mcbAp5,0.5,1,1,GCTCAATGCCTGCGTATTAT,0,2303199
mcbAp5,0.5,1,1,GCTCAATACCACCCTAGTGG,0,2314423
mcbAp5,0.5,1,1,GCTATGCGGCACTAACGGAG,0,2308833
mcbAp5,0.5,1,1,GCTATCATATAAGAACACGT,0,2315920
mcbAp5,0.5,1,1,GCTATCAAATGAGTATATTT,0,2275799
mcbAp5,0.5,1,1,GCTATACTTCCATATGACAG,0,2315828
mcbAp5,0.5,1,1,GCTATACGGCTTATGAAAGG,0,2278639
mcbAp5,0.5,1,1,GCTAGTCGAGTTCAATGCGC,0,2265797
mcbAp5,0.5,1,1,GCTAGCCGACGTTTACCCTG,0,2299688
mcbAp5,0.5,1,1,GCTAGATGTGCGATGATTTG,0,2277550
mcbAp5,0.5,1,1,GCTACTTATATGGGAGAGGC,0,2299689
mcbAp5,0.5,1,1,GCTAACAGGGGGTCTATAAC,0,2289544
mcbAp5,0.5,1,1,GCGTTTCTAGGGCTCTTCAG,0,2267340
mcbAp5,0.5,1,1,GCGTTGAGGCTGTCACTGTT,0,2285483
mcbAp5,0.5,1,1,GCGTTACGTTTTCACGGGAT,0,2304201
mcbAp5,0.5,1,1,GCGTGAGTACTCGCTAAGTA,0,2282565
mcbAp5,0.5,1,1,GCGTCTGGGGTAAAGAAACT,0,2294498
mcbAp5,0.5,1,1,GCGTCATCTCATACGTCACA,0,2291502
mcbAp5,0.5,1,1,GCGTACATGGTGCGCAGAAC,0,2286846
mcbAp5,0.5,1,1,GCGTACACAAGCTCTTCTAA,0,2302444
mcbAp5,0.5,1,1,GCGTAAGGTTACGACCTACA,0,2279165
mcbAp5,0.5,1,1,GCGGTGCTGCTATCAAAGCA,0,2305344
mcbAp5,0.5,1,1,GCGGGATTGAGGTAAAAGAT,0,2277348
mcbAp5,0.5,1,1,GCGGGATCGGTATCGTTGGG,0,2262458
mcbAp5,0.5,1,1,GCGGCACGTGGTGGGTCCAA,0,2294918
mcbAp5,0.5,1,1,GCGGACGCCTCCCGTACGTA,0,2309419
mcbAp5,0.5,1,1,GCGGAACGATATAAGACTTT,0,2297585
mcbAp5,0.5,1,1,GCGCTTGATGACATCCCAGA,0,2292871
mcbAp5,0.5,1,1,GCGCGGGATACGTGCGGATA,0,2281645
mcbAp5,0.5,1,1,GCGCGCGGCATCGTCCTCCA,0,2279724
mcbAp5,0.5,1,1,GCGCAAGCTTGTTAAATTTG,0,2286713
mcbAp5,0.5,1,1,GCGATGCCTTGCACTGAGTT,0,2293661
mcbAp5,0.5,1,1,GCGATATTTCAGATATGAGG,0,2269993
mcbAp5,0.5,1,1,GCGAGGCCGGGATTGAGCCG,0,2314110
mcbAp5,0.5,1,1,GCGAGGATGTAAGCACTGAA,0,2314894
mcbAp5,0.5,1,1,GCGAGCGCCCGGCATGACGC,0,2300214
mcbAp5,0.5,1,1,GCGAGATTCTCCAACTCTTA,0,2277158
mcbAp5,0.5,1,1,GCGACGGTGATTCCTGAGTT,0,2267159
mcbAp5,0.5,1,1,GCGACATCGTCCCTGAGTGT,0,2289224
mcbAp5,0.5,1,1,GCGACAATTGGTAGACCTAG,0,2300677
mcbAp5,0.5,1,1,GCGAATTCATTTGTATCTTC,0,2311019
mcbAp5,0.5,1,1,GCGAATGTCGTCCCTTCTCG,0,2314117
mcbAp5,0.5,1,1,GCGAAGTTAGGGGTGACACA,0,2289750
mcbAp5,0.5,1,1,GCGAACTAATAAATGCTCAT,0,2273792
mcbAp5,0.5,1,1,GCGAACGCAGTAAATACATG,0,2306990
mcbAp5,0.5,1,1,GCGAACCTGTACCAGTAGTC,0,2314687
mcbAp5,0.5,1,1,GCGAAATTTGGGCGTCGAAG,0,2299682
mcbAp5,0.5,1,1,GCCTTGACGACATAGAGGGA,0,2284608
mcbAp5,0.5,1,1,GCCTTCCTCACGTCAAACAC,0,2270474
mcbAp5,0.5,1,1,GCCTTAGATATTATCAGTCC,0,2283093
mcbAp5,0.5,1,1,GCCTTAGAACAGAACAGTAT,0,2316241
mcbAp5,0.5,1,1,GCCTCTCACTCCAACGCGGT,0,2288810
mcbAp5,0.5,1,1,GCCTCCTAAGTTCCCCGCAA,0,2294343
mcbAp5,0.5,1,1,GCCTCCGGTCGTATTCGCAT,0,2278403
mcbAp5,0.5,1,1,GCCTCCACCACAAGTACGCC,0,2297179
mcbAp5,0.5,1,1,GCCTCATTTAGCCTACTTTT,0,2284822
mcbAp5,0.5,1,1,GCCTAGCGGTTTCACGGGAT,0,2289231
mcbAp5,0.5,1,1,GCCTACCATCCTCGTGGGGG,0,2309821
mcbAp5,0.5,1,1,GCCTAATAACTTTAGCAATG,0,2312598
mcbAp5,0.5,1,1,GCCTAAGATCCAGAGGGACC,0,2282734
mcbAp5,0.5,1,1,GCCGTTCAGGTGGCTACTGG,0,2261817
mcbAp5,0.5,1,1,GCCGTCAATGGCTATTGATG,0,2276088
mcbAp5,0.5,1,1,GCCGTATTGTTTTTTAGTGC,0,2288735
mcbAp5,0.5,1,1,GCCGGTGTCCGAGCATGTTT,0,2262911
mcbAp5,0.5,1,1,GCCGGGTTTCCCTCTTTTGT,0,2265515
mcbAp5,0.5,1,1,GCCGGGAGCTCCGGCGGATC,0,2290076
mcbAp5,0.5,1,1,GCCGCTTCATTCAAGAAGTA,0,2314579
mcbAp5,0.5,1,1,GCCGCTGCTTTTTGAAGGCA,0,2301225
mcbAp5,0.5,1,1,GCCGCGCATATTCTTGGGCT,0,2297173
mcbAp5,0.5,1,1,GCCGCGAGTTGTTAATGTCA,0,2306950
mcbAp5,0.5,1,1,GCCGATCTTGCTCCGGTGAC,0,2271829
mcbAp5,0.5,1,1,GCCCGTAGAATGTGCAGCCC,0,2276764
mcbAp5,0.5,1,1,GCCCGGAGGCCTCGGCTCGC,0,2285729
mcbAp5,0.5,1,1,GCCCCCTCGATAAACAGACC,0,2294073
mcbAp5,0.5,1,1,GCCCCCCCATTTAAAAGGCA,0,2310911
mcbAp5,0.5,1,1,GCCCCATCCTTCCAAACCTG,0,2263480
mcbAp5,0.5,1,1,GCCCCAACTCAGTTCGGGGC,0,2273419
mcbAp5,0.5,1,1,GCCCATCGGGAGCGACACCC,0,2286590
mcbAp5,0.5,1,1,GCCCAGTTCGTCCATGGAGA,0,2290777
mcbAp5,0.5,1,1,GCCCAGCCATTAGTAGGTTC,0,2264848
mcbAp5,0.5,1,1,GCCCAACGAACCTACTCGAC,0,2293764
mcbAp5,0.5,1,1,GCCATTTTTTCTTGGTACCT,0,2269868
mcbAp5,0.5,1,1,GCCATTCAGATTCGACAACG,0,2278470
mcbAp5,0.5,1,1,GCCATCGTTACGTGGCACAA,0,2263118
mcbAp5,0.5,1,1,GCCATCCATAAAAGAGGACG,0,2281018
mcbAp5,0.5,1,1,GCCAGTTCGAGGGGTGAGTC,0,2271583
mcbAp5,0.5,1,1,GCCAGGAGGAGGGTTGATAT,0,2307840
mcbAp5,0.5,1,1,GCCAGCTTTAGTACCTTCCT,0,2273777
mcbAp5,0.5,1,1,GCCAGAGAGTGTACGTGACT,0,2303624
mcbAp5,0.5,1,1,GCCACCCGTTATGTGCGGTA,0,2266096
mcbAp5,0.5,1,1,GCCACAGCAATATGTAAAGC,0,2267899
mcbAp5,0.5,1,1,GCCAATGCATTGACCATTCG,0,2290810
mcbAp5,0.5,1,1,GCCAATCAATATACCAGGAC,0,2310980
mcbAp5,0.5,1,1,GCCAAGCGGAGGTATGGGAT,0,2294230
mcbAp5,0.5,1,1,GCCAACTCGTGTTGATATGA,0,2286445
mcbAp5,0.5,1,1,GCATTTATAGGAGATTACGC,0,2264505
mcbAp5,0.5,1,1,GCATTTAACGGGACGCAGGA,0,2272681
mcbAp5,0.5,1,1,GCATTGTTGATGATGAATAC,0,2273618
mcbAp5,0.5,1,1,GCATTGTACAGCGTGGATAT,0,2291771
mcbAp5,0.5,1,1,GCATTACTCATGGAGTAGCC,0,2266537
mcbAp5,0.5,1,1,GCATGTCGATTCATTGCGGT,0,2303480
mcbAp5,0.5,1,1,GCATGCGACTTATTAGTAGT,0,2281408
mcbAp5,0.5,1,1,GCATCTGCTGTAGGCGTTCA,0,2266840
mcbAp5,0.5,1,1,GCATCTGCTCGTACGTACCG,0,2291346
mcbAp5,0.5,1,1,GCATCGAGCCTGCCTCACAA,0,2274897
mcbAp5,0.5,1,1,GCATCCTACGTTACTGTGAA,0,2295345
mcbAp5,0.5,1,1,GCATCATTGTTCTGCTCGTA,0,2271097
mcbAp5,0.5,1,1,GCATATGGAAGTACCAAGTC,0,2293916
mcbAp5,0.5,1,1,GCAGTGATTGCTACAACGCG,0,2297739
mcbAp5,0.5,1,1,GCAGTAGCTTTCGTATGGTA,0,2281553
mcbAp5,0.5,1,1,GCAGTAAAATTCTTATTATA,0,2283210
mcbAp5,0.5,1,1,GCAGGTACGGACCGTCGAGG,0,2301660
mcbAp5,0.5,1,1,GCAGCGCGTGGCTTCCGCTT,0,2312833
mcbAp5,0.5,1,1,GCAGAGAGGCAGCCGAACGG,0,2282991
mcbAp5,0.5,1,1,GCAGACCTTCAAACAGCTCC,0,2281056
mcbAp5,0.5,1,1,GCAGACAATGGGCGGGCTTA,0,2287584
mcbAp5,0.5,1,1,GCACTGTTTCCGGACAGAAT,0,2265695
mcbAp5,0.5,1,1,GCACTGGGGTCTGGCAAGGA,0,2308427
mcbAp5,0.5,1,1,GCACTCTGCCCTGGCCAGGT,0,2280919
mcbAp5,0.5,1,1,GCACTCTATGTGAGTAGTCG,0,2269283
mcbAp5,0.5,1,1,GCACCTTTAGGGGGGCGCGT,0,2302860
mcbAp5,0.5,1,1,GCACATTGGGCGAGGTTTAG,0,2298040
mcbAp5,0.5,1,1,GCACATTAGGGGTACTGAAT,0,2307722
mcbAp5,0.5,1,1,GCACATATTTGCACATCCCA,0,2272668
mcbAp5,0.5,1,1,GCACATAAAATAGCATACAT,0,2277722
mcbAp5,0.5,1,1,GCACACTATGTCGAGTCATC,0,2284979
mcbAp5,0.5,1,1,GCAATTAACTTGCTGAAAGA,0,2264993
mcbAp5,0.5,1,1,GCAATGGCCAGCTTCCCTCA,0,2304224
mcbAp5,0.5,1,1,GCAATGGAGACATAGGTGCG,0,2292906
mcbAp5,0.5,1,1,GCAATCGAGGGGGGGACAGG,0,2310614
mcbAp5,0.5,1,1,GCAAGGTACAGCTCGCACCC,0,2315200
mcbAp5,0.5,1,1,GCAAGCCCAGTTCAGTCCAA,0,2270168
mcbAp5,0.5,1,1,GCAACTCTTTTACGGCATAA,0,2267799
mcbAp5,0.5,1,1,GCAACAGCCCCTAATAGGCA,0,2274372
mcbAp5,0.5,1,1,GCAAATCTCAATATAGATAA,0,2293997
mcbAp5,0.5,1,1,GCAAACAAAATGAGAAGTTT,0,2268213
mcbAp5,0.5,1,1,GCAAAAATAGGCAGAGAATC,0,2314636
mcbAp5,0.5,1,1,GATTTTTGCCCCGGGCCTTT,0,2269404
mcbAp5,0.5,1,1,GATTTGACGGGAATTTCCCC,0,2269859
mcbAp5,0.5,1,1,GATTTAACTTGTGAGTGGAC,0,2302338
mcbAp5,0.5,1,1,GATTGCAGACACGCTCATGT,0,2287304
mcbAp5,0.5,1,1,GATTGAGAAAGCAGACTTAC,0,2314283
mcbAp5,0.5,1,1,GATTCTTAGATCTGGCAATA,0,2297668
mcbAp5,0.5,1,1,GATTCGTAAGAAGTCAGACT,0,2277528
mcbAp5,0.5,1,1,GATTCGAACGGAGAGGGTTC,0,2292016
mcbAp5,0.5,1,1,GATTCCTCGATGGGCAAGTA,0,2261176
mcbAp5,0.5,1,1,GATTCACCGGACTTTGTATC,0,2304293
mcbAp5,0.5,1,1,GATTAGCATTCAGCCTCAGC,0,2291753
mcbAp5,0.5,1,1,GATTAAGGAAGAACGTGTCA,0,2267994
mcbAp5,0.5,1,1,GATGTCCGGCATCAAGTTAC,0,2298568
mcbAp5,0.5,1,1,GATGGTAACTGGAGAACTCT,0,2309272
mcbAp5,0.5,1,1,GATGGCAAACAGGGGCGCCA,0,2312740
mcbAp5,0.5,1,1,GATGACCTGTCGAGGCAGTT,0,2305340
mcbAp5,0.5,1,1,GATGAAAGAAGCGTATCAAG,0,2299697
mcbAp5,0.5,1,1,GATCTCTAACGTGCTGCTTA,0,2293754
mcbAp5,0.5,1,1,GATCTCACCTTGCCCCACCA,0,2300892
mcbAp5,0.5,1,1,GATCGTTTCCGCCTTGCCCT,0,2285629
mcbAp5,0.5,1,1,GATCGTAGGACCCCTCTGGA,0,2263334
mcbAp5,0.5,1,1,GATCGACTGTGGAGTACGCA,0,2289668
mcbAp5,0.5,1,1,GATCCAGCAGTGCGTCCCGC,0,2272730
mcbAp5,0.5,1,1,GATCATCTCAGTCCATTCTC,0,2283016
mcbAp5,0.5,1,1,GATCACCTGGGGGCCAGCCG,0,2277760
mcbAp5,0.5,1,1,GATCACACAGGTGAAGTTGC,0,2310537
mcbAp5,0.5,1,1,GATATATCTCGCTCATGTCT,0,2293562
mcbAp5,0.5,1,1,GATATAGTGCTACCACGCAG,0,2261240
mcbAp5,0.5,1,1,GATAGGTCTCATCTTGCGGC,0,2314170
mcbAp5,0.5,1,1,GATACATGTTGTTAGCTTGT,0,2271309
mcbAp5,0.5,1,1,GATACAGCGGAAATTTGGAA,0,2262703
mcbAp5,0.5,1,1,GATACAACGCGTATGTGTCG,0,2293376
mcbAp5,0.5,1,1,GATAAGATGAATAGTCCTGG,0,2267819
mcbAp5,0.5,1,1,GATAACTTGGATTCGCCAGA,0,2316104
mcbAp5,0.5,1,1,GATAACTGACATGTGCCGAA,0,2301471
mcbAp5,0.5,1,1,GATAACATTGCCGTCACAAT,0,2286006
mcbAp5,0.5,1,1,GAGTTTTTGTAAGCTATATT,0,2274195
mcbAp5,0.5,1,1,GAGTTTGCCTGATAGGTATC,0,2291916
mcbAp5,0.5,1,1,GAGTTTGCAGTCCGTGGCCG,0,2274114
mcbAp5,0.5,1,1,GAGTGTGAGTTTTACTCCGC,0,2295940
mcbAp5,0.5,1,1,GAGTGTCGTCCGATCGAGTC,0,2276358
mcbAp5,0.5,1,1,GAGTGATGCACTGTTCGTAG,0,2286384
mcbAp5,0.5,1,1,GAGTCTTGTCTCTCCTAAGG,0,2277755
mcbAp5,0.5,1,1,GAGTCTCACTTCTATCTAGA,0,2294028
mcbAp5,0.5,1,1,GAGTCCATCTCTGACGCAGT,0,2271268
mcbAp5,0.5,1,1,GAGTATGTTTTCGGTACGGC,0,2296757
mcbAp5,0.5,1,1,GAGTAGGTTTTGATGCCCTA,0,2285509
mcbAp5,0.5,1,1,GAGGTGGCTCATAGCAGTAG,0,2295531
mcbAp5,0.5,1,1,GAGGTCAATGGGCAGTCACT,0,2295275
mcbAp5,0.5,1,1,GAGGGTTTCAATCGTTCTGC,0,2310726
mcbAp5,0.5,1,1,GAGGGGCTGACTACGGGTTA,0,2301231
mcbAp5,0.5,1,1,GAGGATGGAACAGGAGGACA,0,2311566
mcbAp5,0.5,1,1,GAGGATATAGGACCTGACTA,0,2279305
mcbAp5,0.5,1,1,GAGCTTTTTTTCCCATATCG,0,2295025
mcbAp5,0.5,1,1,GAGCTTAAGCTACCTTTAAC,0,2296804
mcbAp5,0.5,1,1,GAGCTAAACACCTAACATCC,0,2275176
mcbAp5,0.5,1,1,GAGCGGTTGGTCAATGACGG,0,2274757
mcbAp5,0.5,1,1,GAGCGCTACTGCCCAGTCCA,0,2283875
mcbAp5,0.5,1,1,GAGCATGTCTAGTCTTTCTG,0,2316145
mcbAp5,0.5,1,1,GAGCATGTAGCCACGACTAG,0,2310719
mcbAp5,0.5,1,1,GAGCAGGGCTCGCGAACCGG,0,2274576
mcbAp5,0.5,1,1,GAGCAAGGTAGTTGTCTGCT,0,2309871
mcbAp5,0.5,1,1,GAGCAAGGCGTGAGGACCGT,0,2268856
mcbAp5,0.5,1,1,GAGATTGGGGCTCTATTTCG,0,2290891
mcbAp5,0.5,1,1,GAGATTCTTCTCCTCGGCCG,0,2289060
mcbAp5,0.5,1,1,GAGAGTATTAGTACAGTATC,0,2301297
mcbAp5,0.5,1,1,GAGAGGATAGTCTAAAGTTT,0,2306493
mcbAp5,0.5,1,1,GAGACTTTATTTCCGGGAAT,0,2303292
mcbAp5,0.5,1,1,GAGACTAAATTGACAGTATA,0,2290211
mcbAp5,0.5,1,1,GAGACGCCCACCCAAATGGG,0,2276939
mcbAp5,0.5,1,1,GAGACATTCCTGGGAACATT,0,2277332
mcbAp5,0.5,1,1,GAGACAGACCTCCAGTGTAT,0,2306811
mcbAp5,0.5,1,1,GAGACAATTGAAACTTGCGT,0,2311338
mcbAp5,0.5,1,1,GAGAAGGATGGTCGAACATA,0,2293894
mcbAp5,0.5,1,1,GACTTGAGCAATGCATAATT,0,2294410
mcbAp5,0.5,1,1,GACTTCGAATTGCAAGGCAG,0,2294950
mcbAp5,0.5,1,1,GACTTCCGGGTGAAACTCAT,0,2284240
mcbAp5,0.5,1,1,GACTTCAAGGCATTGGATGC,0,2311289
mcbAp5,0.5,1,1,GACTGGAAAGTCTCCCTCAC,0,2305562
mcbAp5,0.5,1,1,GACTGCCGGTAATTGGGTCC,0,2311427
mcbAp5,0.5,1,1,GACTCGCTCCGACCTCTCGT,0,2279615
mcbAp5,0.5,1,1,GACTCGAATATAATGCGTTT,0,2272065
mcbAp5,0.5,1,1,GACTCATGGGATCTATACAG,0,2261145
mcbAp5,0.5,1,1,GACTATCAAAGGCAAACGTC,0,2290577
mcbAp5,0.5,1,1,GACTACTGCTCAGACACGTG,0,2307399
mcbAp5,0.5,1,1,GACTAAGGATTCAAGTCTCG,0,2269263
mcbAp5,0.5,1,1,GACGTTCAGGGCATATAGTG,0,2315015
mcbAp5,0.5,1,1,GACGTGGAGCTATCCTAAAT,0,2280552
mcbAp5,0.5,1,1,GACGGTGGATGCTCCCCGAC,0,2301640
mcbAp5,0.5,1,1,GACGGTAATCGGCCAGGCGA,0,2287224
mcbAp5,0.5,1,1,GACGGGTACCTGATGGTGAG,0,2272405
mcbAp5,0.5,1,1,GACGGGCACGGAAGCTAAGG,0,2305238
mcbAp5,0.5,1,1,GACGGCAGCGTGCTGCCATG,0,2272029
mcbAp5,0.5,1,1,GACGCTGGCATGTTTAGTAC,0,2290846
mcbAp5,0.5,1,1,GACGCCCATGATCCCTCGCA,0,2311738
mcbAp5,0.5,1,1,GACGCACCGTTCGTCTCTCC,0,2275750
mcbAp5,0.5,1,1,GACGCACCCATAGCAGCAGT,0,2281319
mcbAp5,0.5,1,1,GACGACCGGTATCGCTTAAT,0,2275636
mcbAp5,0.5,1,1,GACGACACAGTCCTAAAGTG,0,2299910
mcbAp5,0.5,1,1,GACCTGAGGACAATCCGCAA,0,2315564
mcbAp5,0.5,1,1,GACCTCGAGCCCACCGCCAT,0,2266408
mcbAp5,0.5,1,1,GACCTCACAGTGCTTTCTAA,0,2264264
mcbAp5,0.5,1,1,GACCTAGACAGAGCTGATGG,0,2264566
mcbAp5,0.5,1,1,GACCGTGGTTTCAAATCACA,0,2283579
mcbAp5,0.5,1,1,GACCGTCCATTTAGCCGACT,0,2282830
mcbAp5,0.5,1,1,GACCATTTACGGAAAGCGTT,0,2288792
mcbAp5,0.5,1,1,GACCAGTGGCGGAGGCAGAG,0,2300304
mcbAp5,0.5,1,1,GACCAATAATTTCAAGACGA,0,2287417
mcbAp5,0.5,1,1,GACATGTGAACAGTTACGAT,0,2297435
mcbAp5,0.5,1,1,GACATGGTGCGGGCTGCCAG,0,2302781
mcbAp5,0.5,1,1,GACATATTTGAAACTCTTAC,0,2304030
mcbAp5,0.5,1,1,GACATATATAGTTACTACAT,0,2299820
mcbAp5,0.5,1,1,GACAGAACGACCTCGACCCA,0,2301419
mcbAp5,0.5,1,1,GACACTGACTGCCACTGGTC,0,2292066
mcbAp5,0.5,1,1,GACAACGCGTCGTCTTATGA,0,2315533
mcbAp5,0.5,1,1,GACAACCCCTCCGGAACACA,0,2270208
mcbAp5,0.5,1,1,GAATTGTTAGGGTAGTTATA,0,2310522
mcbAp5,0.5,1,1,GAATTGGATATGCTGAGACC,0,2274399
mcbAp5,0.5,1,1,GAATTCAGATCATTCGAAAG,0,2299472
mcbAp5,0.5,1,1,GAATGCTTTATACGACTCCA,0,2276482
mcbAp5,0.5,1,1,GAATGAATCGCGTGCAACGA,0,2277889
mcbAp5,0.5,1,1,GAATCGGCCGACTCCATATG,0,2296920
mcbAp5,0.5,1,1,GAATCCTATGTTTCGACAGG,0,2266961
mcbAp5,0.5,1,1,GAATCCGTAATGGGGTTCTG,0,2275314
mcbAp5,0.5,1,1,GAATAGACTATTATTAAACA,0,2264624
mcbAp5,0.5,1,1,GAAGTGATGTATGGTAATGA,0,2286403
mcbAp5,0.5,1,1,GAAGTCCAATGGAAGCCACG,0,2269765
mcbAp5,0.5,1,1,GAAGTACGCTTCCAGTGAAC,0,2301944
mcbAp5,0.5,1,1,GAAGGGTATCGCAGGTTAGT,0,2301628
mcbAp5,0.5,1,1,GAAGGAGGTACGCCTGGTCT,0,2261510
mcbAp5,0.5,1,1,GAAGGACGGAGACAAGCGGG,0,2309982
mcbAp5,0.5,1,1,GAAGATCTAGAACTGCAGAA,0,2305671
mcbAp5,0.5,1,1,GAAGATATCGTGTATTAGAA,0,2298833
mcbAp5,0.5,1,1,GAAGACTACGGTAACTGACA,0,2272894
mcbAp5,0.5,1,1,GAAGACACCAGTGTGTACGT,0,2309624
mcbAp5,0.5,1,1,GAACTTTCTGCCTCGCGTCC,0,2273861
mcbAp5,0.5,1,1,GAACTTGCTTGCAGGCGCGA,0,2286411
mcbAp5,0.5,1,1,GAACTGAATACATGCTCCCC,0,2306978
mcbAp5,0.5,1,1,GAACTCGTATGAAGGCACGG,0,2267071
mcbAp5,0.5,1,1,GAACTCGCGCCTTGAAAGAC,0,2281564
mcbAp5,0.5,1,1,GAACGTTGTGTACGTAGGTT,0,2312341
mcbAp5,0.5,1,1,GAACGTGAGTTAGTGCACTT,0,2272967
mcbAp5,0.5,1,1,GAACGCACAACTTTAAACTC,0,2291523
mcbAp5,0.5,1,1,GAACCTATCGAAATGTGGCC,0,2310306
mcbAp5,0.5,1,1,GAACAGATGTTAAGTACAGT,0,2300322
mcbAp5,0.5,1,1,GAACACTCAATCGCAGCTGT,0,2264103
mcbAp5,0.5,1,1,GAACAACGCTCCCACTGTAA,0,2267189
mcbAp5,0.5,1,1,GAAATTTACCCATTAAAATA,0,2268302
mcbAp5,0.5,1,1,GAAATACCGTCTTAGCTTAG,0,2293256
mcbAp5,0.5,1,1,GAAAGGTCCCATTTCCAATA,0,2269914
mcbAp5,0.5,1,1,GAAAGCGAAAGCGGCTGAGC,0,2290332
mcbAp5,0.5,1,1,GAAACTTCCGGAATACCTGG,0,2279529
mcbAp5,0.5,1,1,GAAACTCGTCAAGATGGCCT,0,2294910
mcbAp5,0.5,1,1,GAAACCATTACATGTCACGC,0,2307703
mcbAp5,0.5,1,1,GAAAAATCTTAGACAAAATG,0,2310202
mcbAp5,0.5,1,1,GAAAAATCACAGAATTGCCA,0,2305481
mcbAp5,0.5,1,1,CTTTTGAGGGATCGTTAATC,0,2276155
mcbAp5,0.5,1,1,CTTTTGACCTGTGTGGTTTA,0,2267859
mcbAp5,0.5,1,1,CTTTTCTAACCCTGCTAATC,0,2303603
mcbAp5,0.5,1,1,CTTTTATAAAGATCAATTCT,0,2299442
mcbAp5,0.5,1,1,CTTTTAGCGGGGTTTATTCT,0,2288365
mcbAp5,0.5,1,1,CTTTTAGAAAATATTGGTGT,0,2286231
mcbAp5,0.5,1,1,CTTTGTGCTACGGTTTGGCT,0,2261315
mcbAp5,0.5,1,1,CTTTGGGAACGTTGGTGTCT,0,2263569
mcbAp5,0.5,1,1,CTTTCGCTTAATGCTTGGTA,0,2276035
mcbAp5,0.5,1,1,CTTTCCACTGACGGGCTCTT,0,2276711
mcbAp5,0.5,1,1,CTTTATAGACGGGGGATTCA,0,2286527
mcbAp5,0.5,1,1,CTTTAGTACCCACCGTTTCT,0,2291741
mcbAp5,0.5,1,1,CTTTAGCCCCTGTCCAGAAG,0,2275883
mcbAp5,0.5,1,1,CTTTACGGATGCTATCGGCA,0,2289817
mcbAp5,0.5,1,1,CTTTAAAGGGATATTATAAA,0,2304047
mcbAp5,0.5,1,1,CTTGTTGAGTTCGTTCCAGA,0,2299677
mcbAp5,0.5,1,1,CTTGTCACTTTCCGTCAAAG,0,2264618
mcbAp5,0.5,1,1,CTTGTACAGTCGATATCAAC,0,2304563
mcbAp5,0.5,1,1,CTTGGAGGCCATTACCGCAT,0,2307326
mcbAp5,0.5,1,1,CTTGCTAAACAATAGTGCCC,0,2276646
mcbAp5,0.5,1,1,CTTGCGCAAGGATAGGAAGA,0,2289839
mcbAp5,0.5,1,1,CTTGCCGCGTAAAGTGAGTC,0,2286756
mcbAp5,0.5,1,1,CTTGCACTCAGGCTCTTCCC,0,2301402
mcbAp5,0.5,1,1,CTTGATTTGCTTGGACCCCT,0,2301689
mcbAp5,0.5,1,1,CTTGAGATACAGCCCAGCCA,0,2295293
mcbAp5,0.5,1,1,CTTCTGGCTCGGATACGTGT,0,2286722
mcbAp5,0.5,1,1,CTTCTCTTCCCCTCGGAAAG,0,2303288
mcbAp5,0.5,1,1,CTTCTATTGAATCGCTGAGA,0,2267377
mcbAp5,0.5,1,1,CTTCGTGACTGAAGGGAATC,0,2270177
mcbAp5,0.5,1,1,CTTCGTCGTTATGTTCCTCA,0,2309277
mcbAp5,0.5,1,1,CTTCGGGATAGAGAGAGCTG,0,2314087
mcbAp5,0.5,1,1,CTTCGCAGGTACACGCCCAC,0,2272114
mcbAp5,0.5,1,1,CTTCGATCTGTGTGTCCCGA,0,2265937
mcbAp5,0.5,1,1,CTTCCTCCAGATGGTTTGGT,0,2278082
mcbAp5,0.5,1,1,CTTCCAAAACGAGCTAATCG,0,2275408
mcbAp5,0.5,1,1,CTTCAGGCACCTGGAGCAAG,0,2298869
mcbAp5,0.5,1,1,CTTCACCTACCTCATCTCTT,0,2282342
mcbAp5,0.5,1,1,CTTATTGTGGTGATAGCTTT,0,2292350
mcbAp5,0.5,1,1,CTTATCCGTGGTGCCGTATT,0,2280294
mcbAp5,0.5,1,1,CTTAGCCAACGTCCCGCGGT,0,2263889
mcbAp5,0.5,1,1,CTTACTAAGGACACATGAGT,0,2293021
mcbAp5,0.5,1,1,CTTACGTCCTATTAATAATC,0,2294869
mcbAp5,0.5,1,1,CTTACGAAGGGTGAATAAGA,0,2304056
mcbAp5,0.5,1,1,CTTACAGGCCGAGGAGGAGT,0,2292188
mcbAp5,0.5,1,1,CTTAATATATCTGGGGGGTG,0,2274336
mcbAp5,0.5,1,1,CTTAAGGTTTCAGGACACCC,0,2279617
mcbAp5,0.5,1,1,CTTAAGAACATCAACGGTGA,0,2261303
mcbAp5,0.5,1,1,CTTAACTCTTAACATGGGGT,0,2270965
mcbAp5,0.5,1,1,CTGTTCGTGATAGTAGCTAG,0,2293269
mcbAp5,0.5,1,1,CTGTTCAGCGCCAATTTGAA,0,2279977
mcbAp5,0.5,1,1,CTGTGTTCTACATTGAACAC,0,2304251
mcbAp5,0.5,1,1,CTGTGTGCTGCTAGCTCGAG,0,2272042
mcbAp5,0.5,1,1,CTGTGTCATCTAACGTCTCT,0,2306595
mcbAp5,0.5,1,1,CTGTGGTTAACAGATGAGAC,0,2308003
mcbAp5,0.5,1,1,CTGTGGTAGGGAGACTGTTA,0,2267480
mcbAp5,0.5,1,1,CTGTGAGTATCGGCGAAGCA,0,2269178
mcbAp5,0.5,1,1,CTGTCGTTTCATAGGATTCG,0,2287214
mcbAp5,0.5,1,1,CTGTCCTTGCGATTGGGGCG,0,2314544
mcbAp5,0.5,1,1,CTGTCCGTCCCCCATGCAAT,0,2292362
mcbAp5,0.5,1,1,CTGTCCCTGCAATTAACCGA,0,2313469
mcbAp5,0.5,1,1,CTGTCACTCTGAGGGATAAG,0,2279089
mcbAp5,0.5,1,1,CTGTCACTATGAATTCGGTA,0,2309594
mcbAp5,0.5,1,1,CTGTAGATGCTGCATTTGAG,0,2286245
mcbAp5,0.5,1,1,CTGGTTACAAAATTCTCCGT,0,2266955
mcbAp5,0.5,1,1,CTGGTTAAATGGCAGATTTG,0,2309520
mcbAp5,0.5,1,1,CTGGTGGGACTAACGGATGA,0,2280262
mcbAp5,0.5,1,1,CTGGTACGCATAGTTGGCGT,0,2303827
mcbAp5,0.5,1,1,CTGGTAATTTCGACGAGTAT,0,2297919
mcbAp5,0.5,1,1,CTGGGTTAACCAGGACATAA,0,2271208
mcbAp5,0.5,1,1,CTGGGTCCGGTGGTCGATAT,0,2308828
mcbAp5,0.5,1,1,CTGGGGTGCAGTGGCGTCGT,0,2305182
mcbAp5,0.5,1,1,CTGGGCTGTACGAATAGAGA,0,2267535
mcbAp5,0.5,1,1,CTGGGAGACAATAAGAAGCG,0,2292775
mcbAp5,0.5,1,1,CTGGCTGATCGTATGCGCCT,0,2262207
mcbAp5,0.5,1,1,CTGGCCTCAATATTCCTCTC,0,2281854
mcbAp5,0.5,1,1,CTGGATTAGGCATTTCCAGA,0,2295653
mcbAp5,0.5,1,1,CTGGATGATATTGGGGGGAC,0,2314876
mcbAp5,0.5,1,1,CTGCTCAATTGTGTCAGCAA,0,2307175
mcbAp5,0.5,1,1,CTGCTAAGTTGGTGCCGGCA,0,2281501
mcbAp5,0.5,1,1,CTGCGTTTAATAACCTGAAT,0,2280767
mcbAp5,0.5,1,1,CTGCGGACGGAAGTATCACC,0,2293018
mcbAp5,0.5,1,1,CTGCGATAGACTAGTGTACG,0,2290657
mcbAp5,0.5,1,1,CTGCGAGATGCGTGACCTCT,0,2270253
mcbAp5,0.5,1,1,CTGCGAAGGGTTACATTAGA,0,2274327
mcbAp5,0.5,1,1,CTGCCTCTATAAGGTAGGTT,0,2313092
mcbAp5,0.5,1,1,CTGCCAGGGGAACTGTGACT,0,2288692
mcbAp5,0.5,1,1,CTGCATTATTCGCACGAAGA,0,2283422
mcbAp5,0.5,1,1,CTGCATTAACGTAAGCGGAT,0,2274607
mcbAp5,0.5,1,1,CTGCAGCCTAAAGTCTATTC,0,2296048
mcbAp5,0.5,1,1,CTGATTGCGACCACGTCCGG,0,2311656
mcbAp5,0.5,1,1,CTGATGCTCATTTAATACGT,0,2291404
mcbAp5,0.5,1,1,CTGATCGCGAGTGTGTCGTT,0,2304304
mcbAp5,0.5,1,1,CTGATACACCTCCAACTACC,0,2303083
mcbAp5,0.5,1,1,CTGAGTGATTAAGCGCTAGT,0,2286407
mcbAp5,0.5,1,1,CTGAGGTCCAGGGATGATAC,0,2297033
mcbAp5,0.5,1,1,CTGAGCCGGTGTACAGGGCA,0,2312200
mcbAp5,0.5,1,1,CTGAGATTTATACTATAACA,0,2296563
mcbAp5,0.5,1,1,CTGACCTATAAGTACCCCTA,0,2305072
mcbAp5,0.5,1,1,CTGACACGAAGCGAACGCCT,0,2314941
mcbAp5,0.5,1,1,CTGAATGAGGGATCTGGAAC,0,2300543
mcbAp5,0.5,1,1,CTGAAAGGCCTGACCCCGGG,0,2270478
mcbAp5,0.5,1,1,CTCTTATTTGACACGAGTTC,0,2280355
mcbAp5,0.5,1,1,CTCTGTTGGGGGTTTCTACT,0,2292786
mcbAp5,0.5,1,1,CTCTGGTATGGCATTCCTTT,0,2273270
mcbAp5,0.5,1,1,CTCTGGAAGCATATTTTAAC,0,2312293
mcbAp5,0.5,1,1,CTCTGCGTTTCTCTAATGCT,0,2276772
mcbAp5,0.5,1,1,CTCTGCCGTAGGCTACGTCA,0,2287703
mcbAp5,0.5,1,1,CTCTCAGTAAAGCTTTGAAA,0,2303398
mcbAp5,0.5,1,1,CTCTACCGAGTACCTGTAAC,0,2310482
mcbAp5,0.5,1,1,CTCGTGTGAATGTAGCATTC,0,2304983
mcbAp5,0.5,1,1,CTCGTCATGTCGTAACTTGC,0,2290974
mcbAp5,0.5,1,1,CTCGGATACCGGACTGTATC,0,2263877
mcbAp5,0.5,1,1,CTCGGAGCTCACAGCTGACT,0,2289164
mcbAp5,0.5,1,1,CTCGCTGCGTGTAGTTGCGT,0,2302582
mcbAp5,0.5,1,1,CTCGCTGACCTGCATGACGA,0,2298357
mcbAp5,0.5,1,1,CTCGCGGGCATAGTGCAGTC,0,2269682
mcbAp5,0.5,1,1,CTCGCCTTCTCATTAGGATG,0,2265009
mcbAp5,0.5,1,1,CTCGCATGCATACATTTATG,0,2293318
mcbAp5,0.5,1,1,CTCGCAGTCTACTTGAGACG,0,2312540
mcbAp5,0.5,1,1,CTCGAAACCTGGCGTTAGGC,0,2290129
mcbAp5,0.5,1,1,CTCCTTTCATCGGTGTGTAT,0,2295279
mcbAp5,0.5,1,1,CTCCTTCGGACCTGTTGTTA,0,2300389
mcbAp5,0.5,1,1,CTCCGTTAGCAGCGGGCCAC,0,2314159
mcbAp5,0.5,1,1,CTCCCCCCGAGAGTGGATCA,0,2305771
mcbAp5,0.5,1,1,CTCCCAGCGTCGCAAGGGCA,0,2291046
mcbAp5,0.5,1,1,CTCATGGGTTAGCGGGGGGC,0,2308575
mcbAp5,0.5,1,1,CTCAGCTAGCTCGCGGTGGG,0,2269704
mcbAp5,0.5,1,1,CTCAGCCCCCTAAATTCTGT,0,2266473
mcbAp5,0.5,1,1,CTCACTCGAAATGGACCGCT,0,2278787
mcbAp5,0.5,1,1,CTCACCTTATAGCCTGGAGC,0,2290256
mcbAp5,0.5,1,1,CTCACCCACGATAGTAATTT,0,2299054
mcbAp5,0.5,1,1,CTCACAATAAGGACCTAGCA,0,2263269
mcbAp5,0.5,1,1,CTCAAGGGCGGGGCTGACCT,0,2297998
mcbAp5,0.5,1,1,CTCAAGACGGCCTCATCTGG,0,2307505
mcbAp5,0.5,1,1,CTCAAGAATCGTTGGTGGTA,0,2291065
mcbAp5,0.5,1,1,CTCAAACACATATCAGATCA,0,2312374
mcbAp5,0.5,1,1,CTCAAAAGGGCAGAGCGCCA,0,2310119
mcbAp5,0.5,1,1,CTATTTGCGGGTAAGTTCAA,0,2282372
mcbAp5,0.5,1,1,CTATTGAATTGCTCCGTAAG,0,2279860
mcbAp5,0.5,1,1,CTATGGCGTCATCTACGAAC,0,2286367
mcbAp5,0.5,1,1,CTATGCCCTGCTTGAGGCTG,0,2294335
mcbAp5,0.5,1,1,CTATGATGAGCAGTTGCAAA,0,2285645
mcbAp5,0.5,1,1,CTATCTAGAGTTTGTATCTT,0,2288668
mcbAp5,0.5,1,1,CTATCGCAAACATCGTCAGA,0,2281752
mcbAp5,0.5,1,1,CTATCCGTCTGGGATGTCTA,0,2280114
mcbAp5,0.5,1,1,CTATCCAGGGCCTCAGATAA,0,2289540
mcbAp5,0.5,1,1,CTATCAGAGCGCCATGACTT,0,2291992
mcbAp5,0.5,1,1,CTATCAGACGTAATTTGCTC,0,2316015
mcbAp5,0.5,1,1,CTAGTTTGACCACGACGTGA,0,2272827
mcbAp5,0.5,1,1,CTAGTGAACGTATCACTCAG,0,2298469
mcbAp5,0.5,1,1,CTAGTCCTCAGGAGCCCGTT,0,2263817
mcbAp5,0.5,1,1,CTAGTCCCGAACCTAAGGGC,0,2276255
mcbAp5,0.5,1,1,CTAGGTATGCGTGAACGGTA,0,2284769
mcbAp5,0.5,1,1,CTAGGGTTTCCCACAGATGA,0,2282166
mcbAp5,0.5,1,1,CTAGGCAAACCTTACGCACG,0,2274681
mcbAp5,0.5,1,1,CTAGGAGTAATCGACTTGCA,0,2264777
mcbAp5,0.5,1,1,CTAGCTCGTTAGTTACAATC,0,2272135
mcbAp5,0.5,1,1,CTAGCGCAATAATTACTCTT,0,2301490
mcbAp5,0.5,1,1,CTAGCAGCGCTAAAAGCCAA,0,2274914
mcbAp5,0.5,1,1,CTAGAGTGGCGGCTAATGTA,0,2272760
mcbAp5,0.5,1,1,CTAGAGAAGGTACTGATCAA,0,2275949
mcbAp5,0.5,1,1,CTAGACGGGATCAATTCATG,0,2280689
mcbAp5,0.5,1,1,CTAGACCCGTCTGCAACAGC,0,2297991
mcbAp5,0.5,1,1,CTACTGGGTCAGCTAGTCTG,0,2313623
mcbAp5,0.5,1,1,CTACTCCTACTTGTCAGGAA,0,2281839
mcbAp5,0.5,1,1,CTACTATTATTTGTTTTGAT,0,2282971
mcbAp5,0.5,1,1,CTACGTGTAGACAGGTCTCA,0,2309749
mcbAp5,0.5,1,1,CTACGTCAGCGCCAGAGACT,0,2278097
mcbAp5,0.5,1,1,CTACGCGAATAGTGTCCTAT,0,2299377
mcbAp5,0.5,1,1,CTACGAGTCTCAAACTCGTC,0,2265678
mcbAp5,0.5,1,1,CTACCTTGTAAGATAGTGGT,0,2294803
mcbAp5,0.5,1,1,CTACCTGGGACACGGGAATC,0,2296744
mcbAp5,0.5,1,1,CTACCTCGTGAGGTTCATGC,0,2297669
mcbAp5,0.5,1,1,CTACCCTTACAACAGCTCAG,0,2288802
mcbAp5,0.5,1,1,CTACCAGCACAAAACACACT,0,2312013
mcbAp5,0.5,1,1,CTACATCCAAAGTTTGTAGA,0,2306302
mcbAp5,0.5,1,1,CTACAAGTGATGAAGTACGG,0,2299154
mcbAp5,0.5,1,1,CTACAACCTTGCCCAAACAA,0,2288287
mcbAp5,0.5,1,1,CTAATAGCGTCGCTAGGCTC,0,2271155
mcbAp5,0.5,1,1,CTAAGGACGGCAAGTGTCAG,0,2303791
mcbAp5,0.5,1,1,CTAAGACCAGTTCTATCAAG,0,2313362
mcbAp5,0.5,1,1,CTAACGACGCGTGGTCAATG,0,2282150
mcbAp5,0.5,1,1,CTAACATAGCGACAGTGATG,0,2286705
mcbAp5,0.5,1,1,CTAAATGGTATGTAATTTTT,0,2288429
mcbAp5,0.5,1,1,CTAAAGTTGATAATGCGTTT,0,2281838
mcbAp5,0.5,1,1,CTAAAGGAGGTCCGGCGTTA,0,2278599
mcbAp5,0.5,1,1,CGTTTTTCTGCAGGAGCCGA,0,2262671
mcbAp5,0.5,1,1,CGTTTCGGCTAAAGTTGCGT,0,2270456
mcbAp5,0.5,1,1,CGTTGGATTGCTCGGCGAGC,0,2310117
mcbAp5,0.5,1,1,CGTTGGATTACCTAAGGGGA,0,2264005
mcbAp5,0.5,1,1,CGTTGCGTGCTTAGCGTTTC,0,2314881
mcbAp5,0.5,1,1,CGTTGCAGCTCAAAGTTGTC,0,2273632
mcbAp5,0.5,1,1,CGTTGATCTAAGTTTGTGCA,0,2265110
mcbAp5,0.5,1,1,CGTTCTGTCGGGGCCAATGG,0,2289323
mcbAp5,0.5,1,1,CGTTCTCACCTCATTCAGTG,0,2264499
mcbAp5,0.5,1,1,CGTTCGTCTGGAGCAACGGG,0,2272356
mcbAp5,0.5,1,1,CGTTATTGTGCCGCGTTTTC,0,2263408
mcbAp5,0.5,1,1,CGTTATAGCCTTTGCAGGTG,0,2314609
mcbAp5,0.5,1,1,CGTTAGCGAATAAGCCGGTT,0,2300744
mcbAp5,0.5,1,1,CGTTACGCCTCCAGTTTGTA,0,2272040
mcbAp5,0.5,1,1,CGTGGGGCTCAAGGACTGTA,0,2289257
mcbAp5,0.5,1,1,CGTGGCTGACTGGTGCGTTG,0,2287864
mcbAp5,0.5,1,1,CGTGGATTCTTTTGCGGGGC,0,2296040
mcbAp5,0.5,1,1,CGTGGAGCCAGAAATCCAAT,0,2295210
mcbAp5,0.5,1,1,CGTGCTCGTGGGTCAATAAA,0,2308335
mcbAp5,0.5,1,1,CGTGCGTCGTACTCGTATTA,0,2264381
mcbAp5,0.5,1,1,CGTGCGTAGGCTGCATGGGA,0,2304651
mcbAp5,0.5,1,1,CGTGCCTGGGAGGTAATACA,0,2266355
mcbAp5,0.5,1,1,CGTGCACGGCGACGTCAACG,0,2311043
mcbAp5,0.5,1,1,CGTGCAACACTACTGCTACT,0,2264229
mcbAp5,0.5,1,1,CGTGATTTAGACGAGGGGGC,0,2311982
mcbAp5,0.5,1,1,CGTGAGTTGGTGCTCTAAGG,0,2283986
mcbAp5,0.5,1,1,CGTGACCGCTTATGTCAACT,0,2300654
mcbAp5,0.5,1,1,CGTGACAAGCAATAGCATGG,0,2276511
mcbAp5,0.5,1,1,CGTCTTTTTGCGGCTGTCAA,0,2265404
mcbAp5,0.5,1,1,CGTCTGTTCGAGTCATAGTA,0,2314031
mcbAp5,0.5,1,1,CGTCTAGTTCCGTCTCATTC,0,2289188
mcbAp5,0.5,1,1,CGTCGCGTGTTAGCCTTGAG,0,2296515
mcbAp5,0.5,1,1,CGTCCTTCAGAATGGCTCGG,0,2279259
mcbAp5,0.5,1,1,CGTCCGGCTCTCGTTTACAG,0,2284959
mcbAp5,0.5,1,1,CGTCCCCCAAATGGGCACAT,0,2310847
mcbAp5,0.5,1,1,CGTCCCATATAGAGATTGTG,0,2288866
mcbAp5,0.5,1,1,CGTCATATACGGGCGGGGGT,0,2273324
mcbAp5,0.5,1,1,CGTCAGTCTAAGCGCATACC,0,2302702
mcbAp5,0.5,1,1,CGTCAGCCAATTGGCTGAAC,0,2299848
mcbAp5,0.5,1,1,CGTCAACGGGCCACGGTGAG,0,2305916
mcbAp5,0.5,1,1,CGTATTCCGTTAGTTTGCGC,0,2280889
mcbAp5,0.5,1,1,CGTATATGCTCGCGTAAGTA,0,2277674
mcbAp5,0.5,1,1,CGTAGTACATGTTGCAGGGT,0,2283730
mcbAp5,0.5,1,1,CGTAGTAATCAAATCGCCTT,0,2277230
mcbAp5,0.5,1,1,CGTAGGTAGTCAGAGGTTAA,0,2276161
mcbAp5,0.5,1,1,CGTACCGGCACTGCGGTCAT,0,2297158
mcbAp5,0.5,1,1,CGTACCATCCCACAATAAAA,0,2277346
mcbAp5,0.5,1,1,CGTAATGCACCGCTATGGGC,0,2313598
mcbAp5,0.5,1,1,CGTAAGGTGGCCGACTTCAT,0,2281987
mcbAp5,0.5,1,1,CGTAAGGTGACGGATGTCCT,0,2271741
mcbAp5,0.5,1,1,CGTAAGAACCTTCCATCTGG,0,2306207
mcbAp5,0.5,1,1,CGTAAAGGTTGAAACAACCC,0,2271194
mcbAp5,0.5,1,1,CGGTTTCGACGCTAGTAGGA,0,2296009
mcbAp5,0.5,1,1,CGGTTGAAACAACATCAATT,0,2295033
mcbAp5,0.5,1,1,CGGTTCGGTGAGATGACAGG,0,2310833
mcbAp5,0.5,1,1,CGGTGTACGAACTATTCGAG,0,2277984
mcbAp5,0.5,1,1,CGGTGAGGGGCGCCCAATCA,0,2276386
mcbAp5,0.5,1,1,CGGTGACTACTCTGCATAGT,0,2289599
mcbAp5,0.5,1,1,CGGTCTTGGACATACCAATT,0,2294350
mcbAp5,0.5,1,1,CGGTCTATCTACTCTAATTT,0,2275248
mcbAp5,0.5,1,1,CGGTCGATCATCCCGGGGAC,0,2270039
mcbAp5,0.5,1,1,CGGTCCGGTAGGTTCACGTC,0,2298824
mcbAp5,0.5,1,1,CGGTCCCATTGCTATGGTAG,0,2315028
mcbAp5,0.5,1,1,CGGTATGACAGACTCCACTG,0,2295717
mcbAp5,0.5,1,1,CGGTAGGCAGAGCGTAACTA,0,2263974
mcbAp5,0.5,1,1,CGGGTTGGAGTACTGTACAT,0,2269828
mcbAp5,0.5,1,1,CGGGTGAATTTCCCTGAGGC,0,2287921
mcbAp5,0.5,1,1,CGGGTCAGCGCGATCACTGG,0,2288033
mcbAp5,0.5,1,1,CGGGGTTAAGCGTTCGCGTA,0,2284820
mcbAp5,0.5,1,1,CGGGGTAGATTCTTTCATGT,0,2264791
mcbAp5,0.5,1,1,CGGGGGAAATTGAGTTCAGG,0,2265208
mcbAp5,0.5,1,1,CGGGGCATTCCCTAGCTTAT,0,2285153
mcbAp5,0.5,1,1,CGGGGACACGAAACCGGGTT,0,2306212
mcbAp5,0.5,1,1,CGGGCTGAAGTCAAGTTTGG,0,2270116
mcbAp5,0.5,1,1,CGGGCTCGTCTTCTGGCTGT,0,2270487
mcbAp5,0.5,1,1,CGGGCGTAGGGGAGGACCGC,0,2305629
mcbAp5,0.5,1,1,CGGGCCAGTATCGGCGTAGA,0,2308568
mcbAp5,0.5,1,1,CGGGCATCCGCTCGGTATGA,0,2314465
mcbAp5,0.5,1,1,CGGGATCTCGTATCCACAGC,0,2294283
mcbAp5,0.5,1,1,CGGGATCGAAAACGTTGATC,0,2299607
mcbAp5,0.5,1,1,CGGGATCACACACAAAAAGA,0,2268878
mcbAp5,0.5,1,1,CGGGAGTCGAGACTGTCTAG,0,2292917
mcbAp5,0.5,1,1,CGGGACAATACTCCAGACGC,0,2310414
mcbAp5,0.5,1,1,CGGGAACGCTAGGAAACGTA,0,2267226
mcbAp5,0.5,1,1,CGGCTTTATTCCACTGGCGT,0,2271964
mcbAp5,0.5,1,1,CGGCTTACATGTAGGCGAGA,0,2285577
mcbAp5,0.5,1,1,CGGCTGAAAGACTACAGGTT,0,2271878
mcbAp5,0.5,1,1,CGGCTCTTAGGCGAGTAACC,0,2306110
mcbAp5,0.5,1,1,CGGCTCTAGGGTTTCTCGTA,0,2268322
mcbAp5,0.5,1,1,CGGCGTCACAGCCAATCATG,0,2308417
mcbAp5,0.5,1,1,CGGCGCCCGTGGCTATTAGA,0,2269397
mcbAp5,0.5,1,1,CGGCGCAGCGCAGAAATCGA,0,2316092
mcbAp5,0.5,1,1,CGGCGAATACCTGCTCTACG,0,2300745
mcbAp5,0.5,1,1,CGGCCTGGCGGGTCTACACT,0,2268714
mcbAp5,0.5,1,1,CGGCCTCTTCGTGGCTGGGT,0,2288381
mcbAp5,0.5,1,1,CGGCAATGCACAGCTTACGT,0,2301636
mcbAp5,0.5,1,1,CGGATTGATGCGACTGTTCT,0,2304255
mcbAp5,0.5,1,1,CGGACTACCGGGGTTTGAGC,0,2307499
mcbAp5,0.5,1,1,CGGAAGAACTACGTGTGGGC,0,2283917
mcbAp5,0.5,1,1,CGGAAAGGTCCCGGTAGTAT,0,2283453
mcbAp5,0.5,1,1,CGGAAAATAGATTCTTTAGA,0,2312669
mcbAp5,0.5,1,1,CGCTTTATCGAACCAGCAGA,0,2262098
mcbAp5,0.5,1,1,CGCTGGCACGCTAGCGAAAG,0,2306648
mcbAp5,0.5,1,1,CGCTGCAATGGAGTGCAAGC,0,2279794
mcbAp5,0.5,1,1,CGCTGATAACCCGGATCCGC,0,2297032
mcbAp5,0.5,1,1,CGCTCTTTTGGAGATGGTGG,0,2312564
mcbAp5,0.5,1,1,CGCTCGGTTAACTCTCGGAC,0,2304561
mcbAp5,0.5,1,1,CGCTCACTACTTGTGGCCAG,0,2288399
mcbAp5,0.5,1,1,CGCTAGCAGTTGAAAATCCT,0,2306613
mcbAp5,0.5,1,1,CGCTACGATGCAGAGTTAAA,0,2266300
mcbAp5,0.5,1,1,CGCTAACTCTGAGGAATGAA,0,2305544
mcbAp5,0.5,1,1,CGCTAAACCCGGGTACGCCA,0,2269884
mcbAp5,0.5,1,1,CGCGTCCTACATCCCTGGTC,0,2276616
mcbAp5,0.5,1,1,CGCGGGAACCATCTGGCCAG,0,2300763
mcbAp5,0.5,1,1,CGCGGCAAACGTCTAGATTT,0,2284169
mcbAp5,0.5,1,1,CGCGGAGAAATCTCAAAAAC,0,2305313
mcbAp5,0.5,1,1,CGCGCGTTAGGGACTGTGTT,0,2298162
mcbAp5,0.5,1,1,CGCGCACGCCTTGAAATTTT,0,2301982
mcbAp5,0.5,1,1,CGCGAATATCTCCGACGATG,0,2285063
mcbAp5,0.5,1,1,CGCCTTGTAATACCTACTCA,0,2296893
mcbAp5,0.5,1,1,CGCCTTAGTGTCTAGCCAGT,0,2263013
mcbAp5,0.5,1,1,CGCCTCGAACCGTAGACTAT,0,2264683
mcbAp5,0.5,1,1,CGCCGTGTTCACCCCGGAGG,0,2275754
mcbAp5,0.5,1,1,CGCCGTATGTAAGAATATCT,0,2313953
mcbAp5,0.5,1,1,CGCCGCAAGAGGATTGCCCT,0,2288224
mcbAp5,0.5,1,1,CGCCGATTATCCGCCAACCA,0,2311540
mcbAp5,0.5,1,1,CGCCCGGTTATTTCGGGCAC,0,2294450
mcbAp5,0.5,1,1,CGCCCAGTATAAATTGTGGC,0,2261814
mcbAp5,0.5,1,1,CGCCAGCGAGGTTATCTATA,0,2283487
mcbAp5,0.5,1,1,CGCATGGTAGTGATGCTACC,0,2302933
mcbAp5,0.5,1,1,CGCAGTAATGAAACTCAATA,0,2288494
mcbAp5,0.5,1,1,CGCAGGCGTCCCTACCTCTG,0,2314440
mcbAp5,0.5,1,1,CGCAGAGTCTTCGAACCCGG,0,2306889
mcbAp5,0.5,1,1,CGCACGCCGCCCATATGGTA,0,2305255
mcbAp5,0.5,1,1,CGCACGCACGTGAGTGGAGG,0,2282817
mcbAp5,0.5,1,1,CGCACGACAACTAGTCACCT,0,2273181
mcbAp5,0.5,1,1,CGCACCGGCGTGTGTACGCT,0,2266613
mcbAp5,0.5,1,1,CGCACAGTCTCGTCGTGATT,0,2295881
mcbAp5,0.5,1,1,CGCACAGAGCGTGAGTCGTT,0,2264142
mcbAp5,0.5,1,1,CGCAAGCGGCAGAGCTGGGC,0,2272859
mcbAp5,0.5,1,1,CGCAACGGGTCTCATCGTGT,0,2279477
mcbAp5,0.5,1,1,CGCAAATGAATGGGGGGCCA,0,2265444
mcbAp5,0.5,1,1,CGATTTAGGTCAGGATGAAT,0,2280282
mcbAp5,0.5,1,1,CGATTGGGGTGGCGATAGCT,0,2286402
mcbAp5,0.5,1,1,CGATTCACGTCATTATATGT,0,2307827
mcbAp5,0.5,1,1,CGATTACTCAAATGCCCGGG,0,2283769
mcbAp5,0.5,1,1,CGATGTCTAATAGTGCGGGT,0,2292413
mcbAp5,0.5,1,1,CGATGCAGGAGGTCTTGCTC,0,2295803
mcbAp5,0.5,1,1,CGATCGTTACAGAGAGATAA,0,2261417
mcbAp5,0.5,1,1,CGATCACGGACGTCAGTTGC,0,2297208
mcbAp5,0.5,1,1,CGATAGGAGAGAGTCAGATA,0,2298381
mcbAp5,0.5,1,1,CGATACGCTCGAATGCGAAC,0,2303250
mcbAp5,0.5,1,1,CGATAATGTACGCTCTCCCC,0,2298708
mcbAp5,0.5,1,1,CGAGTGCCTTGCGCCTAGTT,0,2298484
mcbAp5,0.5,1,1,CGAGCTTTAGCTTGAAGCGG,0,2294940
mcbAp5,0.5,1,1,CGAGCCTAAGAACGCTGGAT,0,2267349
mcbAp5,0.5,1,1,CGAGCCCGGGAATAAACTTA,0,2286315
mcbAp5,0.5,1,1,CGAGATTGGGGTTACCTGAT,0,2287086
mcbAp5,0.5,1,1,CGACTCTGGCAGAACGTGTT,0,2300911
mcbAp5,0.5,1,1,CGACTAGAGTTCGGCCACCA,0,2304163
mcbAp5,0.5,1,1,CGACTACCCACCAGTGCTCT,0,2301329
mcbAp5,0.5,1,1,CGACGTGAGCGGTAAGAGCA,0,2297676
mcbAp5,0.5,1,1,CGACGGATATTCTAGGGCGC,0,2279254
mcbAp5,0.5,1,1,CGACCAGGAGCGTATCGCAG,0,2299045
mcbAp5,0.5,1,1,CGACATTCTCTTAAATCGAC,0,2268843
mcbAp5,0.5,1,1,CGACATGCATTCCCTTCACA,0,2304161
mcbAp5,0.5,1,1,CGACACTAGGTGCGTCTTAA,0,2284178
mcbAp5,0.5,1,1,CGAATTAGAACTTTCAAGCT,0,2285307
mcbAp5,0.5,1,1,CGAATGATGCGGCCACGCCA,0,2313968
mcbAp5,0.5,1,1,CGAATCTTTCAAGAACCTCC,0,2309037
mcbAp5,0.5,1,1,CGAATCGCTTGAGACAAAAA,0,2297150
mcbAp5,0.5,1,1,CGAAGCGCCTTCTCGTGACC,0,2302019
mcbAp5,0.5,1,1,CGAAGATTAGAGTACTCGTC,0,2299856
mcbAp5,0.5,1,1,CGAACTGTTCCTTCCAGGTT,0,2271908
mcbAp5,0.5,1,1,CGAACGCTGATAGGCCTCGT,0,2274627
mcbAp5,0.5,1,1,CGAACCACTAAATTTGGATA,0,2262226
mcbAp5,0.5,1,1,CGAAAACAGTCAGGTCTCCT,0,2303387
mcbAp5,0.5,1,1,CCTTTTAATTCGTATCAATT,0,2265987
mcbAp5,0.5,1,1,CCTTTCACGCCCAAGAGACA,0,2316418
mcbAp5,0.5,1,1,CCTTTATCGCCATAAACAAT,0,2287420
mcbAp5,0.5,1,1,CCTTGTCGGATCCGTCCAGG,0,2294775
mcbAp5,0.5,1,1,CCTTGGTAATAATAATACGT,0,2288689
mcbAp5,0.5,1,1,CCTTCTCCGCGGGCCAGGAG,0,2278018
mcbAp5,0.5,1,1,CCTTCGCGCTACTATGCACA,0,2299899
mcbAp5,0.5,1,1,CCTTCAAGGCTGTTTTCAAG,0,2299267
mcbAp5,0.5,1,1,CCTGTTCGGACGCGGAGGGG,0,2286906
mcbAp5,0.5,1,1,CCTGTGCGGTCTCTATACCA,0,2283595
mcbAp5,0.5,1,1,CCTGGTGCGACTGACTGGGA,0,2269878
mcbAp5,0.5,1,1,CCTGGCGTTCACCAGACGCC,0,2303576
mcbAp5,0.5,1,1,CCTGGCGATTTCTGGAGCGC,0,2267084
mcbAp5,0.5,1,1,CCTGGCCGTCACCCAGCAAT,0,2266563
mcbAp5,0.5,1,1,CCTGGCCGTAGACGCGGTTC,0,2267601
mcbAp5,0.5,1,1,CCTGGCACACTTAAAATATT,0,2265850
mcbAp5,0.5,1,1,CCTGCGGGTTTATCATAGTT,0,2313775
mcbAp5,0.5,1,1,CCTGCGAACAAAAATATAGA,0,2294654
mcbAp5,0.5,1,1,CCTGCATAGAGTCTTGGAGA,0,2265237
mcbAp5,0.5,1,1,CCTGAGGGTGGATAAATCAA,0,2262753
mcbAp5,0.5,1,1,CCTGAGCCTGTCAGGCTGAA,0,2279243
mcbAp5,0.5,1,1,CCTCTGCGAGGTCCTGTCTG,0,2276781
mcbAp5,0.5,1,1,CCTCTAGAACCTCCCCAGGG,0,2282239
mcbAp5,0.5,1,1,CCTCTAACAACGCTTACGCA,0,2292977
mcbAp5,0.5,1,1,CCTCGTGGAGCCTGCACGCA,0,2297347
mcbAp5,0.5,1,1,CCTCGTAATGACACGCCGCT,0,2300426
mcbAp5,0.5,1,1,CCTCGGCTGTTGGCCTCGAA,0,2266249
mcbAp5,0.5,1,1,CCTCGGAAGGACTTTGCGAC,0,2261621
mcbAp5,0.5,1,1,CCTCGCCTCCAGGTCAAGCA,0,2298569
mcbAp5,0.5,1,1,CCTCCTCGATGCAATGCCAG,0,2306180
mcbAp5,0.5,1,1,CCTCCCGGACGTGAGTCGAA,0,2269894
mcbAp5,0.5,1,1,CCTCCCGCCAAACACGAATC,0,2281934
mcbAp5,0.5,1,1,CCTCCATCGTCATCCGGTCA,0,2274745
mcbAp5,0.5,1,1,CCTCAGGTAGCAATCCAAAG,0,2287851
mcbAp5,0.5,1,1,CCTATGGACATGGGCCAGCA,0,2269131
mcbAp5,0.5,1,1,CCTATCTTAATAGATGATTG,0,2287713
mcbAp5,0.5,1,1,CCTAGTTTGCCAATAAGGGT,0,2268733
mcbAp5,0.5,1,1,CCTAGATGTGCTGGCTTACG,0,2302360
mcbAp5,0.5,1,1,CCTACGGCGAAAGGTGAGGT,0,2307709
mcbAp5,0.5,1,1,CCTACAATTTCAGGTCGTCC,0,2297062
mcbAp5,0.5,1,1,CCTAACTTTCGACGGTAGGG,0,2271372
mcbAp5,0.5,1,1,CCTAACCAGCATATGGACGG,0,2303836
mcbAp5,0.5,1,1,CCTAAAGTCGAACGAACTCG,0,2269998
mcbAp5,0.5,1,1,CCGTTTTAGTCGATCCCTCA,0,2288734
mcbAp5,0.5,1,1,CCGTTCGTTACAGACGGTCT,0,2280079
mcbAp5,0.5,1,1,CCGTGTTCTTGATTTGATCC,0,2279568
mcbAp5,0.5,1,1,CCGTGAATTACTTAGGACCA,0,2280732
mcbAp5,0.5,1,1,CCGTCTCTACCCCCCCGGAC,0,2279919
mcbAp5,0.5,1,1,CCGTATACGCGATCATGATT,0,2292030
mcbAp5,0.5,1,1,CCGGTGTCATAGTGCTACGA,0,2263273
mcbAp5,0.5,1,1,CCGGGCAAACTGAATCGTTT,0,2299384
mcbAp5,0.5,1,1,CCGGCTGTGAGGACTATCCC,0,2310029
mcbAp5,0.5,1,1,CCGGCTCCATGAGTGGGTAC,0,2280495
mcbAp5,0.5,1,1,CCGGATCCTGTGCATTCGGC,0,2303883
mcbAp5,0.5,1,1,CCGGAGGGTCAGTCAATGTA,0,2304233
mcbAp5,0.5,1,1,CCGGAGAGGAGCGTGTCGTT,0,2284494
mcbAp5,0.5,1,1,CCGCTCACTATAGTCGCGGA,0,2267695
mcbAp5,0.5,1,1,CCGCTACGCAATTAAGTTTG,0,2283535
mcbAp5,0.5,1,1,CCGCGTCCCGGAGAGAACGC,0,2293284
mcbAp5,0.5,1,1,CCGCCTCTGGGTGTTATTAC,0,2315031
mcbAp5,0.5,1,1,CCGCCTAGGCCGTCGGGGGA,0,2272276
mcbAp5,0.5,1,1,CCGCCGTGCGGGGGTTAGGG,0,2283426
mcbAp5,0.5,1,1,CCGCAACGGTATCCCGAATC,0,2297315
mcbAp5,0.5,1,1,CCGATGGGGGTGGGGGTTTA,0,2297970
mcbAp5,0.5,1,1,CCGATCTCACATGGTTACTA,0,2270934
mcbAp5,0.5,1,1,CCGATCCTTCCGTGGGTTGG,0,2292580
mcbAp5,0.5,1,1,CCGAGATTTGTCAGATACAT,0,2296803
mcbAp5,0.5,1,1,CCGACGTCTTCTAAATAGGT,0,2309652
mcbAp5,0.5,1,1,CCGACAGGAGCCGCTGTTAT,0,2272426
mcbAp5,0.5,1,1,CCGACAATGTGATGTCCGCT,0,2282323
mcbAp5,0.5,1,1,CCGAATATCCCGGCGCCCCA,0,2304059
mcbAp5,0.5,1,1,CCGAAGGAACCCTTCCCATA,0,2313332
mcbAp5,0.5,1,1,CCGAACACCGATCGTAAGGC,0,2308968
mcbAp5,0.5,1,1,CCGAAAGGAGTCCATGAGCA,0,2315904
mcbAp5,0.5,1,1,CCCTTTTTAGGGTTGCTCTG,0,2284810
mcbAp5,0.5,1,1,CCCTTGTAATAGAAAGGGGT,0,2277894
mcbAp5,0.5,1,1,CCCTGTGAGATTCAAGCCAC,0,2292881
mcbAp5,0.5,1,1,CCCTGTCAGCCGGGTTTAAT,0,2311555
mcbAp5,0.5,1,1,CCCTGTACAAGATAATCCGA,0,2277115
mcbAp5,0.5,1,1,CCCTGTAAATAATGTAATTC,0,2303119
mcbAp5,0.5,1,1,CCCTGGCCGTAGACTTTTCT,0,2287674
mcbAp5,0.5,1,1,CCCTGCTGTAGTATTCGTGA,0,2283652
mcbAp5,0.5,1,1,CCCTCTCTAAACGTCTCTGA,0,2289665
mcbAp5,0.5,1,1,CCCTCCTTGGAACATACGTC,0,2295768
mcbAp5,0.5,1,1,CCCTCAATGCTCGGCCACGT,0,2286007
mcbAp5,0.5,1,1,CCCGTGGGATTAACAGGCGG,0,2307698
mcbAp5,0.5,1,1,CCCGTCCACCAATTGTGTCG,0,2279042
mcbAp5,0.5,1,1,CCCGTATAGTGACGGCACAG,0,2305315
mcbAp5,0.5,1,1,CCCGGCGCCCGTTTCGTAAT,0,2281089
mcbAp5,0.5,1,1,CCCGGCCGAAAGTACCCCTT,0,2294201
mcbAp5,0.5,1,1,CCCGGATGTGGATGCCTACG,0,2303659
mcbAp5,0.5,1,1,CCCGCCTCCTATAGCTTAAC,0,2281440
mcbAp5,0.5,1,1,CCCGAGAAAAATTGCATGTA,0,2298828
mcbAp5,0.5,1,1,CCCCTTTACTGCATAACGGT,0,2278278
mcbAp5,0.5,1,1,CCCCGAATCCGGTGGCAGAA,0,2298797
mcbAp5,0.5,1,1,CCCCCTTAATGTCTGTTGTC,0,2302123
mcbAp5,0.5,1,1,CCCCCTACTCTCGTTTAACC,0,2278459
mcbAp5,0.5,1,1,CCCCCGAGCATTGTATAACA,0,2282847
mcbAp5,0.5,1,1,CCCCCCCCCAAATTTCGTCA,0,2290969
mcbAp5,0.5,1,1,CCCCCCCCCAAAATTCGTCA,0,2291023
mcbAp5,0.5,1,1,CCCCCCCCAAATTTCGTCAC,0,2291019
mcbAp5,0.5,1,1,CCCCCAGTACATTGTACCGA,0,2292351
mcbAp5,0.5,1,1,CCCCCACACAGACCGCCAGA,0,2262737
mcbAp5,0.5,1,1,CCCCAGGTACAAAATCAATA,0,2305702
mcbAp5,0.5,1,1,CCCATTTGTGTACGGTGGCC,0,2299536
mcbAp5,0.5,1,1,CCCATCTGCTCGCACTTAAG,0,2290000
mcbAp5,0.5,1,1,CCCATCGTCTAGTCTGCACA,0,2296700
mcbAp5,0.5,1,1,CCCATATCTCACGTTGACAA,0,2270725
mcbAp5,0.5,1,1,CCCAGTGGATAAAATAGACA,0,2309622
mcbAp5,0.5,1,1,CCCAGATGCGGACTCTCAGA,0,2291852
mcbAp5,0.5,1,1,CCCAGAACAGCCCGAGCCAC,0,2269308
mcbAp5,0.5,1,1,CCCACGGGCTTTCGGAACAG,0,2314633
mcbAp5,0.5,1,1,CCCACGCGATCGCGGGAGGA,0,2313163
mcbAp5,0.5,1,1,CCCACATAGAGTTAGGGTGG,0,2298198
mcbAp5,0.5,1,1,CCCAAAGCTAGCTCAAATGA,0,2303526
mcbAp5,0.5,1,1,CCATTCAGTACCCCCAGTAA,0,2280279
mcbAp5,0.5,1,1,CCATTAATAGAATCGTGTTG,0,2298979
mcbAp5,0.5,1,1,CCATGTCGATGGCGCTTCAG,0,2303121
mcbAp5,0.5,1,1,CCATGGCGCTTTAAGTGTTA,0,2281183
mcbAp5,0.5,1,1,CCATGGCAGGCAGTTGTATG,0,2272862
mcbAp5,0.5,1,1,CCATCCAGAAGATCAGAGAG,0,2262613
mcbAp5,0.5,1,1,CCATCAAGCCAGAAATATAG,0,2301323
mcbAp5,0.5,1,1,CCATATTGATGCTAATTAGG,0,2291896
mcbAp5,0.5,1,1,CCATATTCAGGGGAGGGTCT,0,2297153
mcbAp5,0.5,1,1,CCATAGAGGTCTCAGCCTGA,0,2284925
mcbAp5,0.5,1,1,CCAGTGCATGTGAGAAGCTG,0,2308536
mcbAp5,0.5,1,1,CCAGTAAACGAGAGTTACCC,0,2303211
mcbAp5,0.5,1,1,CCAGGTGGTTCGGCTCGGTG,0,2295227
mcbAp5,0.5,1,1,CCAGGCTTCCAGTGTGTTAC,0,2277162
mcbAp5,0.5,1,1,CCAGCGTTGAAGCTCTCATA,0,2277675
mcbAp5,0.5,1,1,CCAGCCTAATTCCCCGTCAT,0,2305311
mcbAp5,0.5,1,1,CCAGCAACACACCAACAACA,0,2265276
mcbAp5,0.5,1,1,CCAGATCTACAGCAGACACA,0,2271590
mcbAp5,0.5,1,1,CCAGATCCAGCTGTTGGATG,0,2289100
mcbAp5,0.5,1,1,CCAGACTCTCCTAAAGAGAG,0,2285491
mcbAp5,0.5,1,1,CCAGACAGTACTCGAATCAG,0,2273920
mcbAp5,0.5,1,1,CCAGAACTTCTAGTATATAC,0,2285819
mcbAp5,0.5,1,1,CCACTTGGAACGCGGACCTA,0,2314922
mcbAp5,0.5,1,1,CCACTTGCCATTCTTCTCAC,0,2277107
mcbAp5,0.5,1,1,CCACGTTCCCTTGACTCGGT,0,2280175
mcbAp5,0.5,1,1,CCACGCCAGATCTCAGTGTT,0,2308430
mcbAp5,0.5,1,1,CCACGATGCCAAGAAGCGGC,0,2306881
mcbAp5,0.5,1,1,CCACGAAAGAGCGTTAACAA,0,2286053
mcbAp5,0.5,1,1,CCACCTATGAGGAACAATTA,0,2286332
mcbAp5,0.5,1,1,CCACCCCAGGCCTGGTAACT,0,2270165
mcbAp5,0.5,1,1,CCACACCTGCAATGTACCTA,0,2284474
mcbAp5,0.5,1,1,CCACAAGGGTGTGGGTCAGT,0,2280007
mcbAp5,0.5,1,1,CCACAAAACCGGGGGGCAGG,0,2307052
mcbAp5,0.5,1,1,CCAATTTTATCCATTTGTGA,0,2268888
mcbAp5,0.5,1,1,CCAATGTGAGTTGCAGTAAC,0,2299563
mcbAp5,0.5,1,1,CCAATGGAAACATAAATCAC,0,2274373
mcbAp5,0.5,1,1,CCAATCGCGTTACGGATCAG,0,2289576
mcbAp5,0.5,1,1,CCAAGTGCTGGTTGGCCACA,0,2274834
mcbAp5,0.5,1,1,CCAAGGTGCTGTACCTCGTG,0,2271823
mcbAp5,0.5,1,1,CCAAGCTGTTTGTGAGGCGG,0,2287076
mcbAp5,0.5,1,1,CCAAGCACGCTGGGGCAAGT,0,2315893
mcbAp5,0.5,1,1,CCAACTGATAGGGCTGTGGA,0,2262447
mcbAp5,0.5,1,1,CCAACGAAGGAGCGCCCGAC,0,2314290
mcbAp5,0.5,1,1,CCAAAGTGGATAGATTTGCC,0,2295172
mcbAp5,0.5,1,1,CCAAAGGTGTTCCGGGACAC,0,2280879
mcbAp5,0.5,1,1,CCAAAGGAACATTGCAATAT,0,2308369
mcbAp5,0.5,1,1,CCAAAGATATTCTAGGAGCA,0,2302630
mcbAp5,0.5,1,1,CCAAACACGATTGTGGGCTG,0,2274528
mcbAp5,0.5,1,1,CATTTTGGCCTTGATCGTTT,0,2305603
mcbAp5,0.5,1,1,CATTTTAATATCTATTGTTC,0,2289515
mcbAp5,0.5,1,1,CATTTAAAAGATAAAGTTAC,0,2305433
mcbAp5,0.5,1,1,CATTGGAGAACTGTCGGCAT,0,2294490
mcbAp5,0.5,1,1,CATTCTAACTATCCTAGGCG,0,2263475
mcbAp5,0.5,1,1,CATTATCGCGAAGGCGGAGC,0,2306850
mcbAp5,0.5,1,1,CATTAGGTCAATATGACTCA,0,2273135
mcbAp5,0.5,1,1,CATTAGCTGTCGGCCAGAAC,0,2288358
mcbAp5,0.5,1,1,CATTACCTTAGTTTCAGAGG,0,2282419
mcbAp5,0.5,1,1,CATTACATCGACGTGGCGCT,0,2283848
mcbAp5,0.5,1,1,CATGTGTAAGTTCAGACTTA,0,2309595
mcbAp5,0.5,1,1,CATGTAGGGGGCAACCTCGA,0,2274125
mcbAp5,0.5,1,1,CATGTAGCCGCTATCAGCGA,0,2261818
mcbAp5,0.5,1,1,CATGGTTTGTGTCTGGGGAG,0,2297697
mcbAp5,0.5,1,1,CATGGAGGGTCGCCGCGTCT,0,2310806
mcbAp5,0.5,1,1,CATGCTAGGTACAAAAGGTA,0,2283574
mcbAp5,0.5,1,1,CATGCCATTAGACATTGATT,0,2311658
mcbAp5,0.5,1,1,CATGCATCCGCAAGCCGCCC,0,2262698
mcbAp5,0.5,1,1,CATGCAGGTTGCAGATGCCC,0,2304152
mcbAp5,0.5,1,1,CATGATTCACGTATGGACGC,0,2271699
mcbAp5,0.5,1,1,CATGATGTCATATTATCCAT,0,2315535
mcbAp5,0.5,1,1,CATGAGCGGAGAAAGTCATG,0,2262913
mcbAp5,0.5,1,1,CATCTGTTCCGACTTTTAGG,0,2312032
mcbAp5,0.5,1,1,CATCTATATCGCCGGAAATA,0,2293600
mcbAp5,0.5,1,1,CATCTATAGAAGGACCCCGC,0,2288570
mcbAp5,0.5,1,1,CATCGCGTTCCCCGTCACCT,0,2295976
mcbAp5,0.5,1,1,CATCGCACCGGATTGCTTGG,0,2308853
mcbAp5,0.5,1,1,CATCGACCCGGCTTGTTCAA,0,2282406
mcbAp5,0.5,1,1,CATCCCTTGGTATCTGCATG,0,2268230
mcbAp5,0.5,1,1,CATAGTTGGCCCGTGTATGC,0,2296915
mcbAp5,0.5,1,1,CATAGCGGGGTGATCTTTCA,0,2266971
mcbAp5,0.5,1,1,CATAGCGCAGGTCGGTCCGG,0,2307308
mcbAp5,0.5,1,1,CATACTAATGGTCTTAGCAT,0,2302028
mcbAp5,0.5,1,1,CATACGCGCTATGCGTCCCT,0,2275090
mcbAp5,0.5,1,1,CATACCTCATAAAGATAAGC,0,2308820
mcbAp5,0.5,1,1,CATACACCCGCCCCAGCGCA,0,2311265
mcbAp5,0.5,1,1,CATAAGTCATGTGCCCGGAG,0,2289054
mcbAp5,0.5,1,1,CATAAGCTAATATGACGTGT,0,2283465
mcbAp5,0.5,1,1,CATAAGAGAACGCAAAGGTT,0,2268989
mcbAp5,0.5,1,1,CATAAACTCGCTACTTACTT,0,2305984
mcbAp5,0.5,1,1,CAGTTTCCGGGTTCATTGAT,0,2281882
mcbAp5,0.5,1,1,CAGTTGTAAGAACCTGCACG,0,2293865
mcbAp5,0.5,1,1,CAGTTGCCGCATATGCCCAT,0,2278612
mcbAp5,0.5,1,1,CAGTTCACACTTCACGCCGA,0,2281106
mcbAp5,0.5,1,1,CAGTTAAGGGGCTCTCCTCT,0,2266493
mcbAp5,0.5,1,1,CAGTGTACCCTTGCATCCTG,0,2316193
mcbAp5,0.5,1,1,CAGTGGGAAGCCAGGCTCGG,0,2286517
mcbAp5,0.5,1,1,CAGTGATCTGTCATCTTCCA,0,2289489
mcbAp5,0.5,1,1,CAGTGAAGTTCGCTGCATTG,0,2267539
mcbAp5,0.5,1,1,CAGTCTTAACCAATAGCGAG,0,2304808
mcbAp5,0.5,1,1,CAGTCTGACCGATGGATGTC,0,2303614
mcbAp5,0.5,1,1,CAGTACTCTACACACAGCAG,0,2287906
mcbAp5,0.5,1,1,CAGTACATCTGTCCGGCGGA,0,2301050
mcbAp5,0.5,1,1,CAGTAATAACCCCGCGGCTT,0,2279002
mcbAp5,0.5,1,1,CAGGTTTGATCGACCACATA,0,2300919
mcbAp5,0.5,1,1,CAGGTTATATAAACTCTCAG,0,2291192
mcbAp5,0.5,1,1,CAGGTGCAAACAAATGAGGA,0,2263515
mcbAp5,0.5,1,1,CAGGTACGCGTGCCGCGCGT,0,2298130
mcbAp5,0.5,1,1,CAGGTACAACGACAGCTTCT,0,2273142
mcbAp5,0.5,1,1,CAGGGCGGTTCTCCCCACAA,0,2289037
mcbAp5,0.5,1,1,CAGGGCGAATGTGCCTAGTA,0,2267435
mcbAp5,0.5,1,1,CAGGGCACTAGCTATCGCAG,0,2285997
mcbAp5,0.5,1,1,CAGGCGACAGCAATATTGAT,0,2303536
mcbAp5,0.5,1,1,CAGGCATCATACACCGGAAG,0,2277868
mcbAp5,0.5,1,1,CAGGCAGAATATGGCTCGGT,0,2310478
mcbAp5,0.5,1,1,CAGGATATTAACCCCGCCTA,0,2302727
mcbAp5,0.5,1,1,CAGGATACACGCGGCGGGGG,0,2304123
mcbAp5,0.5,1,1,CAGGAGTAGGCATGATAGAG,0,2295268
mcbAp5,0.5,1,1,CAGGAAACCCATTGTCTGTT,0,2312948
mcbAp5,0.5,1,1,CAGCTAGCAGGCTTTATTCC,0,2311868
mcbAp5,0.5,1,1,CAGCGGCCTGAGGCTCCGCG,0,2312151
mcbAp5,0.5,1,1,CAGCGCCGTGCCCACAGTAA,0,2297371
mcbAp5,0.5,1,1,CAGCCTTCCCAGTGAAAAAT,0,2314453
mcbAp5,0.5,1,1,CAGCCTATCGTCTACTCCCC,0,2271339
mcbAp5,0.5,1,1,CAGCCGTCCTCACGTTAGGT,0,2304303
mcbAp5,0.5,1,1,CAGCCGAAAAAGGGTATCCA,0,2274015
mcbAp5,0.5,1,1,CAGATGTTAACATTTTCCCT,0,2272423
mcbAp5,0.5,1,1,CAGATGCTGCGCGTCTCCAA,0,2286536
mcbAp5,0.5,1,1,CAGAGTAACGGCGCACATGA,0,2311070
mcbAp5,0.5,1,1,CAGAGCAATCGAATTCTGCA,0,2310824
mcbAp5,0.5,1,1,CAGAGAACTGAATACTTTGT,0,2299066
mcbAp5,0.5,1,1,CAGACCAGAGGATTAGTGAG,0,2268557
mcbAp5,0.5,1,1,CACTTCTGCCACCGTGTAGG,0,2311357
mcbAp5,0.5,1,1,CACTTCATCCATCAGTAGGA,0,2286221
mcbAp5,0.5,1,1,CACTTAGGGGACCAACTTCG,0,2293135
mcbAp5,0.5,1,1,CACTGGATTATTACCGCAGG,0,2283385
mcbAp5,0.5,1,1,CACTGCTTGACCGCGCGATG,0,2305907
mcbAp5,0.5,1,1,CACTGATGGTACTACACGGG,0,2275930
mcbAp5,0.5,1,1,CACTCCTCACCGTTCCCGGA,0,2285447
mcbAp5,0.5,1,1,CACTCCTATCAGTCTCCGCC,0,2286415
mcbAp5,0.5,1,1,CACTCCAGTAAAATGAATAA,0,2314997
mcbAp5,0.5,1,1,CACTCAGCGTCACTCGCGGC,0,2311403
mcbAp5,0.5,1,1,CACGTTGTTGTGAGCTACAC,0,2284288
mcbAp5,0.5,1,1,CACGTTCTCAATATGCGGCT,0,2262018
mcbAp5,0.5,1,1,CACGTTCCGGCGCTTATTCA,0,2267812
mcbAp5,0.5,1,1,CACGTGTCTGGGGGCACCAG,0,2294351
mcbAp5,0.5,1,1,CACGGTGCGCACGACGCGTA,0,2275215
mcbAp5,0.5,1,1,CACGGGACCCATGTGCCAGA,0,2302461
mcbAp5,0.5,1,1,CACGGGAATAAGTGGCATGG,0,2311818
mcbAp5,0.5,1,1,CACGGCAAACGCAGCGGTGA,0,2315794
mcbAp5,0.5,1,1,CACGGAAAAGTCAGTGAGGC,0,2282190
mcbAp5,0.5,1,1,CACGCTTCAGATGGAACGGA,0,2298044
mcbAp5,0.5,1,1,CACGCTAGCCGGCAATCCAC,0,2292348
mcbAp5,0.5,1,1,CACGAATTACCCCGGAAAAA,0,2274456
mcbAp5,0.5,1,1,CACCTTCACTTGTCAGGCCT,0,2309905
mcbAp5,0.5,1,1,CACCTCGGTTTGGCAGGGAG,0,2295627
mcbAp5,0.5,1,1,CACCGTGCTCACCGAACGCC,0,2275204
mcbAp5,0.5,1,1,CACCGGTTCCGTTGGTCAGA,0,2278610
mcbAp5,0.5,1,1,CACCGGGAACCATTGGCCTA,0,2284059
mcbAp5,0.5,1,1,CACCGGCGCCCCCGGCCACC,0,2312839
mcbAp5,0.5,1,1,CACCGCCCTCATACTTTCCC,0,2262076
mcbAp5,0.5,1,1,CACCGATGTCATATTCGTTA,0,2293679
mcbAp5,0.5,1,1,CACCCTACCAGTATTCTAAG,0,2309126
mcbAp5,0.5,1,1,CACCCGGTGACGGGGCAGGT,0,2286663
mcbAp5,0.5,1,1,CACCAATATCAGGACCTCCC,0,2272448
mcbAp5,0.5,1,1,CACCAACTGCGTGTACGTCC,0,2315116
mcbAp5,0.5,1,1,CACCAAACGAATGCGAGCGA,0,2313821
mcbAp5,0.5,1,1,CACATTTGAAGCTCCTTCCC,0,2273143
mcbAp5,0.5,1,1,CACATTATCTCATAGTCCCC,0,2268955
mcbAp5,0.5,1,1,CACATTAGGCGTCGTGCCGG,0,2283514
mcbAp5,0.5,1,1,CACATGTCGGAGGGTTAAAT,0,2312519
mcbAp5,0.5,1,1,CACATAGTCCCCTCTTACGA,0,2267666
mcbAp5,0.5,1,1,CACATACATTGAACCCAATT,0,2304055
mcbAp5,0.5,1,1,CACAGTGCTCTATCGGCAAC,0,2299652
mcbAp5,0.5,1,1,CACAGTCAGCACCCCCTCAT,0,2266166
mcbAp5,0.5,1,1,CACAGATGTCAATGGACTGG,0,2262012
mcbAp5,0.5,1,1,CACACTCGTCGGCCCCCTGC,0,2299868
mcbAp5,0.5,1,1,CACACGACGAGATAGGTATA,0,2300896
mcbAp5,0.5,1,1,CACACAAGACGAACGCGGCC,0,2264255
mcbAp5,0.5,1,1,CACAAGTTTTAGGAAGGCTT,0,2262441
mcbAp5,0.5,1,1,CACAAGTGAGTTGCAATGAC,0,2292650
mcbAp5,0.5,1,1,CACAACTTCGCGCGTAAAAC,0,2275439
mcbAp5,0.5,1,1,CACAACGACTCGGTTCTTCT,0,2286800
mcbAp5,0.5,1,1,CAATTTGGGCGGGGGAGTTT,0,2263120
mcbAp5,0.5,1,1,CAATTCCAGTTACGTCTAAA,0,2286819
mcbAp5,0.5,1,1,CAATTCCACCGTCGAGGCCA,0,2277117
mcbAp5,0.5,1,1,CAATGGGTGCTGAGCCCATG,0,2276580
mcbAp5,0.5,1,1,CAATGGCACCCCTGGCAGCC,0,2307685
mcbAp5,0.5,1,1,CAATGACAATCTAACTTTCA,0,2298426
mcbAp5,0.5,1,1,CAATGAAGGGGGCTTGCTCT,0,2273630
mcbAp5,0.5,1,1,CAATCTTAACCGCGTCATTC,0,2286235
mcbAp5,0.5,1,1,CAATCCATCAAACGGGGTTG,0,2295204
mcbAp5,0.5,1,1,CAATCACACAAATTGCAACT,0,2313216
mcbAp5,0.5,1,1,CAATATTCTATCGTGCACCA,0,2316130
mcbAp5,0.5,1,1,CAATACAGCAGTAACGATGT,0,2263831
mcbAp5,0.5,1,1,CAAGTGTGAACTCGCAGATC,0,2291428
mcbAp5,0.5,1,1,CAAGTGTAGGTTGTTAGCGC,0,2263129
mcbAp5,0.5,1,1,CAAGGTTTAGACGTCGTTTT,0,2281741
mcbAp5,0.5,1,1,CAAGGTAGTTGCCTGACAGG,0,2303783
mcbAp5,0.5,1,1,CAAGGGAGCCCCCGCCAAGG,0,2285048
mcbAp5,0.5,1,1,CAAGGATTATCGTAAATTGG,0,2309338
mcbAp5,0.5,1,1,CAAGGATCGGTAGAAAGCTA,0,2305806
mcbAp5,0.5,1,1,CAAGATTGTCATTACGTTCC,0,2311736
mcbAp5,0.5,1,1,CAAGAGGCCAGGCTTACTAA,0,2270602
mcbAp5,0.5,1,1,CAAGAGATCAATCTACGAGA,0,2315091
mcbAp5,0.5,1,1,CAAGACGAACAGTCCAATCG,0,2273226
mcbAp5,0.5,1,1,CAAGAACCGATCCCACCTCT,0,2289330
mcbAp5,0.5,1,1,CAACTGAACAGTCACTCGTT,0,2291694
mcbAp5,0.5,1,1,CAACTCTGAGTTCGCTAGTT,0,2265751
mcbAp5,0.5,1,1,CAACTCCCGCCTCCCACGTT,0,2286632
mcbAp5,0.5,1,1,CAACGAGAAGTCAGTCGAGT,0,2287964
mcbAp5,0.5,1,1,CAAATGGCCATCAAGGGTGA,0,2288629
mcbAp5,0.5,1,1,CAAATCTAAGTATTCGCGGG,0,2272180
mcbAp5,0.5,1,1,CAAATCCAGTTGGCAGAACG,0,2290117
mcbAp5,0.5,1,1,CAAATAGGAGCATGAAAGTC,0,2298131
mcbAp5,0.5,1,1,CAAAGTCGGTACGAAATGTC,0,2308156
mcbAp5,0.5,1,1,CAAAGGGGATCGTAATCACC,0,2294998
mcbAp5,0.5,1,1,CAAACTTTCGTACACACTGC,0,2272796
mcbAp5,0.5,1,1,CAAACAGGCACCGATACGGC,0,2278801
mcbAp5,0.5,1,1,CAAACAACTTAAACGATGAG,0,2301486
mcbAp5,0.5,1,1,CAAAATTCGAAAGACGTAAC,0,2274292
mcbAp5,0.5,1,1,CAAAATTAGCCAACCATACA,0,2302425
mcbAp5,0.5,1,1,CAAAATCAGTTTCCGTTGGG,0,2302613
mcbAp5,0.5,1,1,CAAAATCACTGTCAGTTGTC,0,2305963
mcbAp5,0.5,1,1,CAAAAGCCGTGGTGCCATCC,0,2305595
mcbAp5,0.5,1,1,CAAAAAAGGTAGACTAAGCG,0,2276730
mcbAp5,0.5,1,1,ATTTTGTCAACTCTACCGAA,0,2270964
mcbAp5,0.5,1,1,ATTTTGAATAGCCTGAGTAC,0,2301399
mcbAp5,0.5,1,1,ATTTTATGGTTGACAATCCA,0,2276522
mcbAp5,0.5,1,1,ATTTGCACCTTCCCACTGGA,0,2310564
mcbAp5,0.5,1,1,ATTTCTGTACTGCGACTCCA,0,2289275
mcbAp5,0.5,1,1,ATTTCGCGCTCTATTCTCGG,0,2311541
mcbAp5,0.5,1,1,ATTTCCGATTCAAGTTGGGA,0,2263941
mcbAp5,0.5,1,1,ATTTCATGCTTTTACGTGTA,0,2271530
mcbAp5,0.5,1,1,ATTTATATTGGCCCAGCTAC,0,2310773
mcbAp5,0.5,1,1,ATTTACCGGATAGAGGCGCC,0,2273214
mcbAp5,0.5,1,1,ATTTAAAAGCAACAAGGTGC,0,2265230
mcbAp5,0.5,1,1,ATTGTGAGCAGACACTTCGC,0,2306647
mcbAp5,0.5,1,1,ATTGTGAAAAAGAGAAGTCA,0,2276598
mcbAp5,0.5,1,1,ATTGTATGGTTTTATGAACA,0,2277247
mcbAp5,0.5,1,1,ATTGTAAAGCCTCAGTGTAG,0,2313157
mcbAp5,0.5,1,1,ATTGGTTCCCATATGTGAAG,0,2313407
mcbAp5,0.5,1,1,ATTGGTCGTGGTCTGTGAAG,0,2270727
mcbAp5,0.5,1,1,ATTGGGTCCGCTCTGGCGGG,0,2314300
mcbAp5,0.5,1,1,ATTGGCTTTGAGTACCATCT,0,2286785
mcbAp5,0.5,1,1,ATTGGACCTAATATCAGTGA,0,2280992
mcbAp5,0.5,1,1,ATTGCTGGGCCGGCTCGAAT,0,2264317
mcbAp5,0.5,1,1,ATTGCGGTTATTTAAGACCC,0,2284784
mcbAp5,0.5,1,1,ATTGCGGTAACATGGTCGGG,0,2289881
mcbAp5,0.5,1,1,ATTGCGAAAACCTCCTGGGT,0,2278366
mcbAp5,0.5,1,1,ATTGCCACTTGGGCTGAACT,0,2267237
mcbAp5,0.5,1,1,ATTGCAATTGGTACCGCGGA,0,2297971
mcbAp5,0.5,1,1,ATTGAGAAGTATCCTGGCAA,0,2289000
mcbAp5,0.5,1,1,ATTGACAACAGACTTGATTT,0,2271290
mcbAp5,0.5,1,1,ATTGAAACAGGACAAAATTT,0,2279547
mcbAp5,0.5,1,1,ATTCTTGTTCGGTAGGTAAA,0,2274958
mcbAp5,0.5,1,1,ATTCTGCGACGCTTTTATGT,0,2284314
mcbAp5,0.5,1,1,ATTCTAGGGGGTAAAACATT,0,2261171
mcbAp5,0.5,1,1,ATTCTACCGAACGAAAATGC,0,2288183
mcbAp5,0.5,1,1,ATTCGGCACATACGTATGGT,0,2312185
mcbAp5,0.5,1,1,ATTCGAATGGGCACAGGCGC,0,2309103
mcbAp5,0.5,1,1,ATTCCTATTTTGAAAGCAAC,0,2262947
mcbAp5,0.5,1,1,ATTCCGTGTCAACCATCTAT,0,2310727
mcbAp5,0.5,1,1,ATTCCGCCAACAGGGCCGTT,0,2269990
mcbAp5,0.5,1,1,ATTCAATGGTTTGCCTCTTG,0,2305290
mcbAp5,0.5,1,1,ATTATTACATGCGGGGGAGA,0,2300874
mcbAp5,0.5,1,1,ATTATGTTTGGCCTTCGAAG,0,2309517
mcbAp5,0.5,1,1,ATTAGAATACGTTGATAGCC,0,2310983
mcbAp5,0.5,1,1,ATTACCCTATATTGCGGACT,0,2301713
mcbAp5,0.5,1,1,ATTAATGTCGCGTTTACCGT,0,2261383
mcbAp5,0.5,1,1,ATTAATCAAGAACGGATCTT,0,2279535
mcbAp5,0.5,1,1,ATGTTGGGAGGGGCACGCAG,0,2296320
mcbAp5,0.5,1,1,ATGTTGACAACAAACCTGCG,0,2293119
mcbAp5,0.5,1,1,ATGTTGAATATTGCGGTGAT,0,2262195
mcbAp5,0.5,1,1,ATGTTCGGAAGCCACCTTGT,0,2286485
mcbAp5,0.5,1,1,ATGTTATCCACTATGGCCAT,0,2311199
mcbAp5,0.5,1,1,ATGTTAAGGCTGGGCTGGTG,0,2276488
mcbAp5,0.5,1,1,ATGTGGGGTACATATGCTTG,0,2296224
mcbAp5,0.5,1,1,ATGTGCGGCACATGGTCTAG,0,2275144
mcbAp5,0.5,1,1,ATGTGCGAATCACCTAGAGC,0,2288865
mcbAp5,0.5,1,1,ATGTGCATAGGCCCTACTAA,0,2291281
mcbAp5,0.5,1,1,ATGTCTTGTCAACCTGATGC,0,2288524
mcbAp5,0.5,1,1,ATGTCCGCTTTTGATTCTTT,0,2294183
mcbAp5,0.5,1,1,ATGTCATTAGCCGCTGGACT,0,2277715
mcbAp5,0.5,1,1,ATGTCAGGCAGTAAATGCCC,0,2314598
mcbAp5,0.5,1,1,ATGTAGCTGGTCCGCGAGTG,0,2285128
mcbAp5,0.5,1,1,ATGTAACTCTCACAGTATCC,0,2270109
mcbAp5,0.5,1,1,ATGGTAAAGGCTAAATTGTT,0,2281984
mcbAp5,0.5,1,1,ATGGGGGCTGAAGTGAGTCT,0,2262978
mcbAp5,0.5,1,1,ATGGGGACCGTAGAAAGCAA,0,2267890
mcbAp5,0.5,1,1,ATGGGAGAACACCAGAAGAT,0,2261970
mcbAp5,0.5,1,1,ATGGCTCCATCAACAAGACT,0,2275797
mcbAp5,0.5,1,1,ATGGCTATCCAAGCTGTCCA,0,2301945
mcbAp5,0.5,1,1,ATGGCGGGGAAACGCTGTTC,0,2268495
mcbAp5,0.5,1,1,ATGGCCATGCGGTGCCAAGA,0,2295718
mcbAp5,0.5,1,1,ATGGCAGGCCCAATTCAGCG,0,2298971
mcbAp5,0.5,1,1,ATGGATGACACGGCGTTTGC,0,2268120
mcbAp5,0.5,1,1,ATGGATAGAACGGGTCTCTT,0,2275587
mcbAp5,0.5,1,1,ATGGAGAATGTCCCGTGAAT,0,2276789
mcbAp5,0.5,1,1,ATGGACATTCGCCTTGACTT,0,2271062
mcbAp5,0.5,1,1,ATGCTTTCTGGGAAGCGGCT,0,2315201
mcbAp5,0.5,1,1,ATGCTTATAAATATCCGGTA,0,2293794
mcbAp5,0.5,1,1,ATGCGGTATAGTGTTAATAC,0,2315240
mcbAp5,0.5,1,1,ATGCGCCAAGTATCTTAATA,0,2287206
mcbAp5,0.5,1,1,ATGCGCATCGGTGAACGAAA,0,2314461
mcbAp5,0.5,1,1,ATGCGATGATCTCCCCCACT,0,2300366
mcbAp5,0.5,1,1,ATGCCCGTACATGCGAACGT,0,2312640
mcbAp5,0.5,1,1,ATGCCATTCCCCATCTATTT,0,2275755
mcbAp5,0.5,1,1,ATGCATAGCAATGCTCCCTT,0,2311420
mcbAp5,0.5,1,1,ATGATTCGGCTTTAGACCCG,0,2263699
mcbAp5,0.5,1,1,ATGATGCCAGCCCGTCAAAA,0,2282613
mcbAp5,0.5,1,1,ATGAGGATGACGGCCCGGGA,0,2267314
mcbAp5,0.5,1,1,ATGAGACGCTGTAGCAATAA,0,2311995
mcbAp5,0.5,1,1,ATGACTGACGCAAGAAGTCC,0,2292718
mcbAp5,0.5,1,1,ATGACTCAGCACATCCCCAG,0,2270637
mcbAp5,0.5,1,1,ATGAATGGGTAATCACCAGG,0,2294842
mcbAp5,0.5,1,1,ATGAATGGAAATATGGTCAG,0,2270115
mcbAp5,0.5,1,1,ATGAAGCGCAATTCAGAAAA,0,2279154
mcbAp5,0.5,1,1,ATGAAATATCACTGGGCATC,0,2285941
mcbAp5,0.5,1,1,ATCTTTGATGCCATGGGGTG,0,2265449
mcbAp5,0.5,1,1,ATCTGTTTCGGGCAGCAAGG,0,2304739
mcbAp5,0.5,1,1,ATCTGCGCCTTCCTTGGCCG,0,2272284
mcbAp5,0.5,1,1,ATCTCTCGTCGGTTTTCGGC,0,2309621
mcbAp5,0.5,1,1,ATCTATATATATCTTAAAGT,0,2300754
mcbAp5,0.5,1,1,ATCTACACTACTCGAAAATC,0,2307267
mcbAp5,0.5,1,1,ATCGCTAGTATCGTGCCAAA,0,2294808
mcbAp5,0.5,1,1,ATCGCGAACTATACTCCTCA,0,2269698
mcbAp5,0.5,1,1,ATCGCAGGTATCAAAAAAGA,0,2289790
mcbAp5,0.5,1,1,ATCGATGCGCGATTACCGTT,0,2283065
mcbAp5,0.5,1,1,ATCGACAGATCGAGGTGACG,0,2269802
mcbAp5,0.5,1,1,ATCGAAAGTCACTCCATCCA,0,2281238
mcbAp5,0.5,1,1,ATCCTTGATACCGAAATGCC,0,2270161
mcbAp5,0.5,1,1,ATCCGGCGTCGTGGACTATC,0,2306300
mcbAp5,0.5,1,1,ATCCGGACTGATTGATACTA,0,2291421
mcbAp5,0.5,1,1,ATCCCTCCCCGAGAGAACCA,0,2303567
mcbAp5,0.5,1,1,ATCCATCGAGGCTAAGACGC,0,2264861
mcbAp5,0.5,1,1,ATCCAGTTGATCTTACTTTG,0,2293022
mcbAp5,0.5,1,1,ATCCAGCTCCGGCATATTCA,0,2279543
mcbAp5,0.5,1,1,ATCATGCCGTGATTTGCGCT,0,2307372
mcbAp5,0.5,1,1,ATCATAGAAACATAGGCCAG,0,2267641
mcbAp5,0.5,1,1,ATCAGCCGAACGGCAGTAGG,0,2270304
mcbAp5,0.5,1,1,ATCAGCACGTGCAGTTGTGA,0,2270646
mcbAp5,0.5,1,1,ATCACTGAAGTACAATTTTA,0,2293759
mcbAp5,0.5,1,1,ATCACAGGCAAGAAGCCTCC,0,2307371
mcbAp5,0.5,1,1,ATCACAAGATGTTATCTGCT,0,2268559
mcbAp5,0.5,1,1,ATCAAGAACCTGTCGCAACT,0,2283120
mcbAp5,0.5,1,1,ATATTTTTCGCGCTTAGTGA,0,2263151
mcbAp5,0.5,1,1,ATATTTTCCGTCGTAGCACC,0,2287217
mcbAp5,0.5,1,1,ATATTTAGCGCGGACGTTGC,0,2311786
mcbAp5,0.5,1,1,ATATTGTTGTGCCTCAGCCA,0,2308994
mcbAp5,0.5,1,1,ATATTATCAGTTGACCGGTC,0,2295312
mcbAp5,0.5,1,1,ATATTAGTAGCTTTCATCAG,0,2272981
mcbAp5,0.5,1,1,ATATTAAACGTATGCTCAGT,0,2280280
mcbAp5,0.5,1,1,ATATGGGGTTTAGCATCAGC,0,2288253
mcbAp5,0.5,1,1,ATATGCAACCGTGACCCGAG,0,2283841
mcbAp5,0.5,1,1,ATATCCATGTGCCCGAGGAT,0,2303639
mcbAp5,0.5,1,1,ATATATGCCTCGTGGGGTTA,0,2307452
mcbAp5,0.5,1,1,ATATACATAAGGTACTGCGT,0,2302240
mcbAp5,0.5,1,1,ATATAACTCGGGTTCTGCAG,0,2275359
mcbAp5,0.5,1,1,ATATAAAGGATACTCACGAA,0,2270422
mcbAp5,0.5,1,1,ATAGTGGTCAGCGGGGCTCT,0,2291430
mcbAp5,0.5,1,1,ATAGTCGATTAGTGGGACGT,0,2271138
mcbAp5,0.5,1,1,ATAGTCATTTATACAGTTTG,0,2276212
mcbAp5,0.5,1,1,ATAGGTAGCGTGACGGCACG,0,2305778
mcbAp5,0.5,1,1,ATAGGGAAATCGGTGTCAGC,0,2282081
mcbAp5,0.5,1,1,ATAGGCCGTATCAGCACGGT,0,2285301
mcbAp5,0.5,1,1,ATAGGACCCGGTTGCTGTGC,0,2289738
mcbAp5,0.5,1,1,ATAGGAATTGATATGTAAAG,0,2286730
mcbAp5,0.5,1,1,ATAGCTCTAATACCGCTTCC,0,2279784
mcbAp5,0.5,1,1,ATAGCCGAACGAGTGACCTA,0,2279086
mcbAp5,0.5,1,1,ATAGCACTAGGATCGGCTCA,0,2311185
mcbAp5,0.5,1,1,ATAGATGATGGGAAGTATTA,0,2294394
mcbAp5,0.5,1,1,ATAGATCCTCAACCGGCAGC,0,2284465
mcbAp5,0.5,1,1,ATAGACTTGGCCAATTTACA,0,2280385
mcbAp5,0.5,1,1,ATAGACTTATAGCTCCCCAT,0,2290517
mcbAp5,0.5,1,1,ATACTCTGCTAGGAGGGCAC,0,2266372
mcbAp5,0.5,1,1,ATACTCTATACTTTATGACT,0,2261446
mcbAp5,0.5,1,1,ATACGTTCTCGTTCTCGTAG,0,2283806
mcbAp5,0.5,1,1,ATACGTCCAATCCATGACTC,0,2262295
mcbAp5,0.5,1,1,ATACGCTCAATCGGCTCTAG,0,2261941
mcbAp5,0.5,1,1,ATACCTCTCTTATAGTGGGG,0,2313565
mcbAp5,0.5,1,1,ATACCTCACGTCGTAAAAAC,0,2261734
mcbAp5,0.5,1,1,ATACCCTTCGGGCCAATAAC,0,2292930
mcbAp5,0.5,1,1,ATACATTACTTATTTAAAGT,0,2281706
mcbAp5,0.5,1,1,ATACAGAAAACCTTCTATGG,0,2272416
mcbAp5,0.5,1,1,ATACAACAACGTTTTAATTT,0,2305571
mcbAp5,0.5,1,1,ATACAAAAAAAACAAAGAGA,0,2295350
mcbAp5,0.5,1,1,ATAATTTATTAAGGACGTGG,0,2292035
mcbAp5,0.5,1,1,ATAATTCTACTGGTAGCATT,0,2262221
mcbAp5,0.5,1,1,ATAATTAGTTCGCCTCGGGG,0,2303253
mcbAp5,0.5,1,1,ATAATGGCCAACGCTCATGG,0,2300672
mcbAp5,0.5,1,1,ATAAGGTGCGCAGCCTGCCT,0,2276538
mcbAp5,0.5,1,1,ATAAGGTAGTGATGACACTG,0,2265082
mcbAp5,0.5,1,1,ATAAGCGAACACGCACTATT,0,2279324
mcbAp5,0.5,1,1,ATAACGTTGAGGGGAATGGC,0,2308376
mcbAp5,0.5,1,1,ATAACCTAAAGAGATCGCGA,0,2270793
mcbAp5,0.5,1,1,ATAACAATCGTAAAGGGGCG,0,2291653
mcbAp5,0.5,1,1,ATAAAGCCGGCAGGATAATC,0,2293419
mcbAp5,0.5,1,1,ATAAAATAGGAGGCCCTCAC,0,2298310
mcbAp5,0.5,1,1,ATAAAAGATAGGAGGACCTA,0,2278272
mcbAp5,0.5,1,1,ATAAAACTAAACCCCGTCGG,0,2277611
mcbAp5,0.5,1,1,ATAAAACGGCAGCAATTTGT,0,2312521
mcbAp5,0.5,1,1,AGTTTCAGGCTATGTATCAT,0,2303372
mcbAp5,0.5,1,1,AGTTCTCAAGACGCAGGGCA,0,2301860
mcbAp5,0.5,1,1,AGTTCGAAGGCTAAATATCG,0,2295974
mcbAp5,0.5,1,1,AGTTCCGGTTTGACAGCTAC,0,2298562
mcbAp5,0.5,1,1,AGTTATTCCTGTCTGCCGGC,0,2278387
mcbAp5,0.5,1,1,AGTTATATTTTTGTTCAGAT,0,2304689
mcbAp5,0.5,1,1,AGTTAGACCTTTGGATTCGT,0,2264106
mcbAp5,0.5,1,1,AGTTAACAGGAGACTGGTAG,0,2272882
mcbAp5,0.5,1,1,AGTGTCTTGTTCAACAAACC,0,2305146
mcbAp5,0.5,1,1,AGTGTCTGGAAAAGGAACCA,0,2307838
mcbAp5,0.5,1,1,AGTGTAACTTATGAGACAAT,0,2315986
mcbAp5,0.5,1,1,AGTGGTGCAGTATAGCTCCT,0,2278540
mcbAp5,0.5,1,1,AGTGGCTTTATGTCCCATGG,0,2268679
mcbAp5,0.5,1,1,AGTGGCTAAAAATGGAGCGT,0,2291717
mcbAp5,0.5,1,1,AGTGGCGTATACCGATGGGT,0,2285695
mcbAp5,0.5,1,1,AGTGGCGGTGCAATTCTTGC,0,2271386
mcbAp5,0.5,1,1,AGTGGCAAATACGGGATATA,0,2274591
mcbAp5,0.5,1,1,AGTGCATTGGCTATTATCAG,0,2272412
mcbAp5,0.5,1,1,AGTGCACTCTGTAGACCCTG,0,2277386
mcbAp5,0.5,1,1,AGTGAGACGTTACTGTATCG,0,2294769
mcbAp5,0.5,1,1,AGTGAATTATGAGGTTTGCT,0,2292022
mcbAp5,0.5,1,1,AGTGAATGTTGGGTCCGTTG,0,2316219
mcbAp5,0.5,1,1,AGTCTTCCGCTCGCGAAACC,0,2298096
mcbAp5,0.5,1,1,AGTCGCATGCTGAGTACAAA,0,2266904
mcbAp5,0.5,1,1,AGTCGAGAACGACGTCGCTG,0,2275806
mcbAp5,0.5,1,1,AGTCCGCGCAGGGACTGTAA,0,2279127
mcbAp5,0.5,1,1,AGTCCCTTATCAATAAATTC,0,2304074
mcbAp5,0.5,1,1,AGTCCCGTCAACCAATAGCA,0,2301219
mcbAp5,0.5,1,1,AGTCCCCCTTATCCACCATC,0,2310879
mcbAp5,0.5,1,1,AGTCCCATCATCAAATAGAT,0,2282347
mcbAp5,0.5,1,1,AGTCATGCCGTCCAAGCGGA,0,2274167
mcbAp5,0.5,1,1,AGTCAGCGGCGTACGCAGGT,0,2261785
mcbAp5,0.5,1,1,AGTCACAGGTACGCATGTCG,0,2312792
mcbAp5,0.5,1,1,AGTATGACACAAGACGGTTT,0,2261873
mcbAp5,0.5,1,1,AGTATAGTCTAGACGTTGAA,0,2263550
mcbAp5,0.5,1,1,AGTATAAGAATACCTTCCTT,0,2278323
mcbAp5,0.5,1,1,AGTAGTACAAACTGCAGACA,0,2305157
mcbAp5,0.5,1,1,AGTAGGTCATCTGTCGAGGA,0,2310361
mcbAp5,0.5,1,1,AGTAGCACGCAGGGACCAAT,0,2308118
mcbAp5,0.5,1,1,AGTACCTCGACTACGCAAAC,0,2285204
mcbAp5,0.5,1,1,AGTAAATGTCTAGTACGTGT,0,2299074
mcbAp5,0.5,1,1,AGTAAACCTAATTCAATAGT,0,2310039
mcbAp5,0.5,1,1,AGGTTTTCCGCTTGGTCCCT,0,2288938
mcbAp5,0.5,1,1,AGGTTGTGCTGAACCGGTCA,0,2307839
mcbAp5,0.5,1,1,AGGTTGGACCCTGACTAGGG,0,2298470
mcbAp5,0.5,1,1,AGGTTCATACACCGGCTGGT,0,2316240
mcbAp5,0.5,1,1,AGGTTAGCTAACAGGCATAA,0,2289760
mcbAp5,0.5,1,1,AGGTCTTATCGATTGCCAAA,0,2290659
mcbAp5,0.5,1,1,AGGTATTCTCCCCTGCATGC,0,2307517
mcbAp5,0.5,1,1,AGGTAGCAGAAGTTAATTAA,0,2298938
mcbAp5,0.5,1,1,AGGTAGATCTTAGGGACGCA,0,2282416
mcbAp5,0.5,1,1,AGGTAAAATCGGATGGGCGA,0,2264331
mcbAp5,0.5,1,1,AGGGTCTTATTTGATTTGGA,0,2289304
mcbAp5,0.5,1,1,AGGGTACAATATAGATGCTG,0,2282902
mcbAp5,0.5,1,1,AGGGGTTGTGGAGGCCATCG,0,2310401
mcbAp5,0.5,1,1,AGGGGTCTTCTCTGGCTGGG,0,2277731
mcbAp5,0.5,1,1,AGGGGTACTCATTTTCCCAC,0,2299533
mcbAp5,0.5,1,1,AGGGGGGTGCGAATGAATAA,0,2303654
mcbAp5,0.5,1,1,AGGGGGGAGTTACAACTCAC,0,2304603
mcbAp5,0.5,1,1,AGGGGGAAGGAGTTTAAGTC,0,2278598
mcbAp5,0.5,1,1,AGGGGCTTGTTGGCAGTGCG,0,2263933
mcbAp5,0.5,1,1,AGGGGCATTCCATTGCGGTC,0,2316060
mcbAp5,0.5,1,1,AGGGCTACGGATCCAGTCAG,0,2292690
mcbAp5,0.5,1,1,AGGGACCTGCATGCCGGCAG,0,2274365
mcbAp5,0.5,1,1,AGGCTTTGCTGGGGTCTATC,0,2293526
mcbAp5,0.5,1,1,AGGCTGGGGTCTCAAAGCGC,0,2295721
mcbAp5,0.5,1,1,AGGCTCGAACGGTTCCGGAG,0,2272002
mcbAp5,0.5,1,1,AGGCGGCAGATTGCAAAGGG,0,2261404
mcbAp5,0.5,1,1,AGGCGCTTATCCGGCACCCT,0,2285855
mcbAp5,0.5,1,1,AGGCCAGGCCTCCCAAGGTA,0,2263961
mcbAp5,0.5,1,1,AGGCCAAGACCCGGCGTACA,0,2285647
mcbAp5,0.5,1,1,AGGCAGGTTTCAGGTTTATG,0,2302323
mcbAp5,0.5,1,1,AGGCAGGACGCAATCGAATC,0,2299870
mcbAp5,0.5,1,1,AGGCACCAGGGGTTAACGGC,0,2274601
mcbAp5,0.5,1,1,AGGCAATAGGGGCGACAGAC,0,2296155
mcbAp5,0.5,1,1,AGGATTCTTATGGGAGCAGA,0,2281667
mcbAp5,0.5,1,1,AGGATTCATATTTGGAGTTA,0,2308601
mcbAp5,0.5,1,1,AGGATGTGTCACCACCCGTT,0,2279609
mcbAp5,0.5,1,1,AGGATGGTACTTGACCTATT,0,2291659
mcbAp5,0.5,1,1,AGGATCAGTACCACTTAAGC,0,2285023
mcbAp5,0.5,1,1,AGGATACCTGAATCTAGTAT,0,2310556
mcbAp5,0.5,1,1,AGGAGCTTAGGCGTTGTGGA,0,2311856
mcbAp5,0.5,1,1,AGGAATTCGTAGGACCGTAT,0,2285207
mcbAp5,0.5,1,1,AGGAAGGTACAAGCAACACG,0,2274806
mcbAp5,0.5,1,1,AGGAACTGGCCTGCCGTTTT,0,2262672
mcbAp5,0.5,1,1,AGGAAAGTTGATCATGCGAA,0,2265684
mcbAp5,0.5,1,1,AGCTTTGCTCGACGGACCTT,0,2292931
mcbAp5,0.5,1,1,AGCTTCGTGCAATTCAGGGC,0,2262746
mcbAp5,0.5,1,1,AGCTTAGACGGTAAGGTAGA,0,2290454
mcbAp5,0.5,1,1,AGCTGTTGCGCGTCTGGCGG,0,2282252
mcbAp5,0.5,1,1,AGCTGGGCTTCGGCTCTATC,0,2299035
mcbAp5,0.5,1,1,AGCTGGACATCAAGTTATTA,0,2269123
mcbAp5,0.5,1,1,AGCTGAGATAGTTGTGCCTT,0,2315420
mcbAp5,0.5,1,1,AGCTGACGTACTCCTTCAAC,0,2278660
mcbAp5,0.5,1,1,AGCTCCAGGTATGAAATGTG,0,2301278
mcbAp5,0.5,1,1,AGCTCACGCCATTTCTCTGA,0,2315647
mcbAp5,0.5,1,1,AGCTCAAGGCCCAATGGTCT,0,2293109
mcbAp5,0.5,1,1,AGCTACCCCTTTCCGTTTTC,0,2281658
mcbAp5,0.5,1,1,AGCTAAGCACTAATTAAGAA,0,2270383
mcbAp5,0.5,1,1,AGCTAACCCCCCGAAAGCTA,0,2310820
mcbAp5,0.5,1,1,AGCGTATTCTCGCGGGCTTA,0,2298578
mcbAp5,0.5,1,1,AGCGGTCATAAACTTAGGTC,0,2273626
mcbAp5,0.5,1,1,AGCGGGGCGTTCGACCTCCA,0,2283751
mcbAp5,0.5,1,1,AGCGGCTCTGATTAAAGCGC,0,2267653
mcbAp5,0.5,1,1,AGCGGCACTTCACAATCTAA,0,2306837
mcbAp5,0.5,1,1,AGCGCTCAATTAGCCCGAGG,0,2282768
mcbAp5,0.5,1,1,AGCGCGGATCGGACAGCCTG,0,2277567
mcbAp5,0.5,1,1,AGCGCACGTATTTTGAAGTT,0,2313530
mcbAp5,0.5,1,1,AGCGAATGGTCCCACAACCA,0,2310784
mcbAp5,0.5,1,1,AGCCTAGTGAGGAATTGGTG,0,2311009
mcbAp5,0.5,1,1,AGCCGACAGGGGTCCGCCCA,0,2301458
mcbAp5,0.5,1,1,AGCCCATTTATACAGGGTCG,0,2280797
mcbAp5,0.5,1,1,AGCCCATTGGAGTTGGCGCT,0,2310417
mcbAp5,0.5,1,1,AGCCCACGGCGCCAGCATTT,0,2297423
mcbAp5,0.5,1,1,AGCCATTGCCAGAGCACTGG,0,2307438
mcbAp5,0.5,1,1,AGCCATGACGTTTGACGTAA,0,2305876
mcbAp5,0.5,1,1,AGCCACCCAATGGTGTGGTC,0,2296653
mcbAp5,0.5,1,1,AGCCAAGACGGCATCTGTGC,0,2278559
mcbAp5,0.5,1,1,AGCATGAAGCATCGGTTCTG,0,2278985
mcbAp5,0.5,1,1,AGCATCGTACTGAATACGCG,0,2313662
mcbAp5,0.5,1,1,AGCATAGTAAGCTTTATGTT,0,2270946
mcbAp5,0.5,1,1,AGCATAGGACATCGCTGCCA,0,2289620
mcbAp5,0.5,1,1,AGCAGTCACCTGACATCTAC,0,2261682
mcbAp5,0.5,1,1,AGCAGGCAAGTCAGATTATA,0,2295187
mcbAp5,0.5,1,1,AGCAGCCATGATGAAGGTTT,0,2268835
mcbAp5,0.5,1,1,AGCACTGCAGAAATAGGTGA,0,2297189
mcbAp5,0.5,1,1,AGCACGCCTATTCGGTAGAG,0,2278250
mcbAp5,0.5,1,1,AGCAATACGGTCGTCGATAA,0,2266106
mcbAp5,0.5,1,1,AGCAAGGTCGCTCTCTGGAA,0,2279032
mcbAp5,0.5,1,1,AGCAACTCTAGCCTTTATCT,0,2291466
mcbAp5,0.5,1,1,AGCAACCACGCAGATGGTCA,0,2277912
mcbAp5,0.5,1,1,AGCAAACGAGGCGAATCCCC,0,2278370
mcbAp5,0.5,1,1,AGATTGGGGGTGTCGCTTAG,0,2290734
mcbAp5,0.5,1,1,AGATTATTTGTTCATCTGTT,0,2277380
mcbAp5,0.5,1,1,AGATTAAGAAAGGAAGCGTA,0,2280943
mcbAp5,0.5,1,1,AGATCATAATCCTCTCGTAT,0,2309518
mcbAp5,0.5,1,1,AGAGTTCCTCCAATGTCCTC,0,2305865
mcbAp5,0.5,1,1,AGAGTGCTGTAATTCGTAGA,0,2292257
mcbAp5,0.5,1,1,AGAGTACGCCAACTTTGGTT,0,2291545
mcbAp5,0.5,1,1,AGAGTACGATGGCCCAAGCC,0,2314954
mcbAp5,0.5,1,1,AGAGGTTTCGTCGCCCGACA,0,2289761
mcbAp5,0.5,1,1,AGAGGTAGATACATCCGGCC,0,2312094
mcbAp5,0.5,1,1,AGAGGCGGGCTCGTCCGCAG,0,2281062
mcbAp5,0.5,1,1,AGAGGCCTCGCACGCACAAG,0,2286309
mcbAp5,0.5,1,1,AGAGCTCCGAGAAAGTATTG,0,2282811
mcbAp5,0.5,1,1,AGAGCGCCGATTAGTACCAC,0,2301411
mcbAp5,0.5,1,1,AGAGCGCAGATTCCGCCCTC,0,2303867
mcbAp5,0.5,1,1,AGAGACTATGAATCAAGCGG,0,2276672
mcbAp5,0.5,1,1,AGAGACACAGCGCGCGAAAG,0,2313072
mcbAp5,0.5,1,1,AGACTTTTTGTGAAAGAGAT,0,2293244
mcbAp5,0.5,1,1,AGACTTAAAATGGTATTAAT,0,2266809
mcbAp5,0.5,1,1,AGACTCCCTGGCGTCGTTAC,0,2306623
mcbAp5,0.5,1,1,AGACGGATGGCGGCTATTAT,0,2299678
mcbAp5,0.5,1,1,AGACGGAATCCCCTAGGGAT,0,2304623
mcbAp5,0.5,1,1,AGACGGAACTGAGAATAGTA,0,2311159
mcbAp5,0.5,1,1,AGACGCTGTAATAGAGTAAT,0,2273468
mcbAp5,0.5,1,1,AGACCTTATCGTTGTTGAAA,0,2307842
mcbAp5,0.5,1,1,AGACCTAGAGGCGGATTACT,0,2284507
mcbAp5,0.5,1,1,AGACCCTCTGGCTTTATGGT,0,2261768
mcbAp5,0.5,1,1,AGACCACATCTTGAATGGAT,0,2281199
mcbAp5,0.5,1,1,AGACATCACGCCTACGGGAT,0,2263728
mcbAp5,0.5,1,1,AGACAGTAGTGTACGGCGCC,0,2300249
mcbAp5,0.5,1,1,AGAATTCTTACTAATACCCA,0,2300792
mcbAp5,0.5,1,1,AGAATAGCATTGATGAACGT,0,2298364
mcbAp5,0.5,1,1,AGAAGTTGGTAGTTCAACGG,0,2303048
mcbAp5,0.5,1,1,AGAAGCGGTTGGGTGGGGTC,0,2266541
mcbAp5,0.5,1,1,AGAAGAATACAACTTGGCAG,0,2264101
mcbAp5,0.5,1,1,AGAACTTGAATCTGAGGATA,0,2270098
mcbAp5,0.5,1,1,AGAACTCCCGGGATGACGGT,0,2273625
mcbAp5,0.5,1,1,AGAACCTTAGGACTTCACCT,0,2277795
mcbAp5,0.5,1,1,AGAACCGCTAGTATTGGGTA,0,2273128
mcbAp5,0.5,1,1,AGAAACGCGGATCGCCCGGA,0,2293578
mcbAp5,0.5,1,1,AGAAAATGGTGACAGATACT,0,2293560
mcbAp5,0.5,1,1,ACTTTGGTCCGAGCCTGCAT,0,2268873
mcbAp5,0.5,1,1,ACTTGAGGGAGTGGGTTCGA,0,2289194
mcbAp5,0.5,1,1,ACTTCAGCGAAGTAGCGCCA,0,2276237
mcbAp5,0.5,1,1,ACTTACGCAACGCGCATATC,0,2313267
mcbAp5,0.5,1,1,ACTTACCTGCGTGAATCCAA,0,2267542
mcbAp5,0.5,1,1,ACTTAAGCTCACGTTTATGG,0,2262922
mcbAp5,0.5,1,1,ACTGTCGAGAACACGCGCAG,0,2283003
mcbAp5,0.5,1,1,ACTGTCACATCGAGTTTTAG,0,2269213
mcbAp5,0.5,1,1,ACTGTAATAATGGATGTGGA,0,2298943
mcbAp5,0.5,1,1,ACTGGTTAAATCTGATTAGA,0,2312555
mcbAp5,0.5,1,1,ACTGGCCTCCCTCGCAGGTA,0,2295366
mcbAp5,0.5,1,1,ACTGATTTGGGCCGAGTGTA,0,2301989
mcbAp5,0.5,1,1,ACTGACTGTCCCTTACGAAC,0,2291904
mcbAp5,0.5,1,1,ACTCTCTGTAAGTCGTGTAA,0,2277770
mcbAp5,0.5,1,1,ACTCTCACCATGAGCATCAA,0,2302908
mcbAp5,0.5,1,1,ACTCTAACTGATTCGATTAA,0,2291431
mcbAp5,0.5,1,1,ACTCGTTGATGAAGAAACTT,0,2306716
mcbAp5,0.5,1,1,ACTCGGGTACAGACGAAGAT,0,2303571
mcbAp5,0.5,1,1,ACTCGCAGTGAATGGTTCTG,0,2305511
mcbAp5,0.5,1,1,ACTCGAGATCAGGTCCTGAA,0,2273652
mcbAp5,0.5,1,1,ACTCATTTGGAAGTTCGCTT,0,2286172
mcbAp5,0.5,1,1,ACTCAGAATTACGCATTTCT,0,2273894
mcbAp5,0.5,1,1,ACTATACCGTGAGTGTGTCA,0,2312992
mcbAp5,0.5,1,1,ACTAGGTAACTCTCAATCTA,0,2286047
mcbAp5,0.5,1,1,ACTACGCGTCATTATAAGAA,0,2262228
mcbAp5,0.5,1,1,ACTACCTCTATTTCGGGCTC,0,2283069
mcbAp5,0.5,1,1,ACTACCCTGCTGCGGTGTCT,0,2297218
mcbAp5,0.5,1,1,ACTACCATATAATTTTGCGC,0,2303898
mcbAp5,0.5,1,1,ACTAATGATTGTCACGATTG,0,2295997
mcbAp5,0.5,1,1,ACGTTGAAACTTCAAATAAA,0,2289913
mcbAp5,0.5,1,1,ACGTTCTTCTGCGACACTCG,0,2301635
mcbAp5,0.5,1,1,ACGTGGTCCGTAAGGCCCCA,0,2290006
mcbAp5,0.5,1,1,ACGTGGCATCGCACAAATTG,0,2267239
mcbAp5,0.5,1,1,ACGTGAAGCTTTGGTCGTAA,0,2305977
mcbAp5,0.5,1,1,ACGTCTAGCAAGGCGAGACA,0,2277383
mcbAp5,0.5,1,1,ACGTCGGATCTACCTAACTA,0,2313774
mcbAp5,0.5,1,1,ACGTCGCCTGCGATCCGAGC,0,2316353
mcbAp5,0.5,1,1,ACGTCGAGCCGACTAGCTTA,0,2303034
mcbAp5,0.5,1,1,ACGTCATGTTAGGGTGCTAT,0,2312103
mcbAp5,0.5,1,1,ACGTCAGGGAACATCCTTTG,0,2310989
mcbAp5,0.5,1,1,ACGTACCTCCACTAATCCCG,0,2308714
mcbAp5,0.5,1,1,ACGTAAGAGAGATATACCTA,0,2306857
mcbAp5,0.5,1,1,ACGGTTGTAACGATTTTAGA,0,2309099
mcbAp5,0.5,1,1,ACGGTCTGAATTATACAGCT,0,2307379
mcbAp5,0.5,1,1,ACGGTCTAGCTCGTGCTTAG,0,2270566
mcbAp5,0.5,1,1,ACGGTCTAACTTGCACGCGG,0,2277830
mcbAp5,0.5,1,1,ACGGGTGGCCGGTAACTTTT,0,2273700
mcbAp5,0.5,1,1,ACGGGTCTCGTGCCATCATC,0,2271975
mcbAp5,0.5,1,1,ACGGGTACCCAACCGCGAAC,0,2298634
mcbAp5,0.5,1,1,ACGGCTCAGGAATAGCGTTG,0,2288929
mcbAp5,0.5,1,1,ACGGCCTGGCCCTGTAATAT,0,2287542
mcbAp5,0.5,1,1,ACGGCCACCGAGTCCATGAT,0,2305454
mcbAp5,0.5,1,1,ACGGCAGGACGGCGGGTTTT,0,2279790
mcbAp5,0.5,1,1,ACGGCACGTCTAAAATTGGT,0,2309710
mcbAp5,0.5,1,1,ACGGCAATCTTAACTAAGGC,0,2269764
mcbAp5,0.5,1,1,ACGGATGTCCACTGAGCCAT,0,2312041
mcbAp5,0.5,1,1,ACGCGTTGTATAGGCGCAAG,0,2274002
mcbAp5,0.5,1,1,ACGCGTTGCAAACCTGCGAT,0,2314660
mcbAp5,0.5,1,1,ACGCGCTGGGGGAGATGCGG,0,2310486
mcbAp5,0.5,1,1,ACGCGAGTACGAGCATTTCA,0,2264134
mcbAp5,0.5,1,1,ACGCCGTCGAGTGCGATTAC,0,2295939
mcbAp5,0.5,1,1,ACGCCGCTAGCCTGGATCCT,0,2267746
mcbAp5,0.5,1,1,ACGCCAAGTTAGAGCTTAAC,0,2311404
mcbAp5,0.5,1,1,ACGATGTGGCTTGGGCGTCT,0,2295969
mcbAp5,0.5,1,1,ACGATATTCGGTTTGCGGGC,0,2294112
mcbAp5,0.5,1,1,ACGATAGTGAAAAGGAATGT,0,2293451
mcbAp5,0.5,1,1,ACGACGGCTGGGCTGGCTTT,0,2302258
mcbAp5,0.5,1,1,ACGACCCGGGGCCAGACCAG,0,2294786
mcbAp5,0.5,1,1,ACGAATGTTTTTCAGCTGGC,0,2287519
mcbAp5,0.5,1,1,ACGAAGCTCCAGTGAGTATC,0,2283394
mcbAp5,0.5,1,1,ACCTTCGAGTATAGCCCATC,0,2311743
mcbAp5,0.5,1,1,ACCTGTTGGTGTGCAAGACA,0,2280647
mcbAp5,0.5,1,1,ACCTGTCAGACCGCGAGGAG,0,2301692
mcbAp5,0.5,1,1,ACCTGCGGTATAACGAGTTG,0,2309547
mcbAp5,0.5,1,1,ACCTCTGGACAAGAATATTG,0,2272669
mcbAp5,0.5,1,1,ACCTCCTTAGGAGTTGTGGG,0,2297341
mcbAp5,0.5,1,1,ACCTCACGCTAGCCAGAAAA,0,2265943
mcbAp5,0.5,1,1,ACCGTTGGGAATCCAGACTA,0,2276758
mcbAp5,0.5,1,1,ACCGGGACTAGATGGACGGA,0,2263731
mcbAp5,0.5,1,1,ACCGGGAACTGTGGACAGCC,0,2274162
mcbAp5,0.5,1,1,ACCGGCGCGTCCACTCATCG,0,2281417
mcbAp5,0.5,1,1,ACCGGAACGTTGTCCTCAAT,0,2307676
mcbAp5,0.5,1,1,ACCGCTGGTCCCTCGCACAA,0,2285574
mcbAp5,0.5,1,1,ACCGCGTACGGTTCCCCGGG,0,2280400
mcbAp5,0.5,1,1,ACCGCAGGACAGGCCTATCA,0,2286059
mcbAp5,0.5,1,1,ACCGAAGATGCGGGCAATAC,0,2264640
mcbAp5,0.5,1,1,ACCCTCGATTAGGAAGGAGA,0,2294748
mcbAp5,0.5,1,1,ACCCGTGGATACCTCAAGAC,0,2264749
mcbAp5,0.5,1,1,ACCCGTGACTAAGATCTCAG,0,2267373
mcbAp5,0.5,1,1,ACCCGAAGCCAGGATGCACA,0,2261992
mcbAp5,0.5,1,1,ACCCCTGATATTACTACGTC,0,2270711
mcbAp5,0.5,1,1,ACCCATGAATGGTCCAAGCT,0,2273370
mcbAp5,0.5,1,1,ACCCAGGAAACGTGCCTCGT,0,2306670
mcbAp5,0.5,1,1,ACCCAAGAGATGGTGAGGCT,0,2309646
mcbAp5,0.5,1,1,ACCCAACGGATTTTCGCGGT,0,2276413
mcbAp5,0.5,1,1,ACCATGTGTCCTCTTATCGG,0,2267365
mcbAp5,0.5,1,1,ACCATCTCCTGGGATTTCTA,0,2297505
mcbAp5,0.5,1,1,ACCAGCGCGCAGACTGCAAG,0,2268361
mcbAp5,0.5,1,1,ACCACGGTCTGAAACAAAGA,0,2313112
mcbAp5,0.5,1,1,ACCACGCGTGTTAGTTGCCG,0,2280080
mcbAp5,0.5,1,1,ACCACAGGTGCTCCGCCTGA,0,2288069
mcbAp5,0.5,1,1,ACATTTAACGTTCCTGTCTG,0,2301389
mcbAp5,0.5,1,1,ACATTGCTTCCGCGGGCCTG,0,2285473
mcbAp5,0.5,1,1,ACATTCTACATAACTGGTGG,0,2307410
mcbAp5,0.5,1,1,ACATTAATTAACCGCACTAC,0,2268536
mcbAp5,0.5,1,1,ACATGGGACCTGTATATTGC,0,2282460
mcbAp5,0.5,1,1,ACATGCCAGTGCAGATGCGT,0,2305992
mcbAp5,0.5,1,1,ACATGATATGCAAAATAAAC,0,2284693
mcbAp5,0.5,1,1,ACATATGGCTATGGTACTGA,0,2293383
mcbAp5,0.5,1,1,ACATACCCATCAGAGGAGCT,0,2309522
mcbAp5,0.5,1,1,ACATACACGTTTGAACGGGA,0,2262020
mcbAp5,0.5,1,1,ACAGTGGTAGACCTATCGAG,0,2268964
mcbAp5,0.5,1,1,ACAGTCTATAATTGCAGACC,0,2299874
mcbAp5,0.5,1,1,ACAGTATCGTTAGTGTATAC,0,2279516
mcbAp5,0.5,1,1,ACAGGCTCGTAGGACCTATT,0,2284432
mcbAp5,0.5,1,1,ACAGGCGATGGCATTAATTT,0,2302833
mcbAp5,0.5,1,1,ACAGCTACATAGGCAGCGGT,0,2271977
mcbAp5,0.5,1,1,ACAGCACGCAATGTTCCAAC,0,2313221
mcbAp5,0.5,1,1,ACAGAGACCCATGTATCTAT,0,2279116
mcbAp5,0.5,1,1,ACAGACAAGTTGGGGACAGG,0,2285262
mcbAp5,0.5,1,1,ACACTGTGGTCAATTACATG,0,2302045
mcbAp5,0.5,1,1,ACACTCTGCTTATAAACGGT,0,2305241
mcbAp5,0.5,1,1,ACACGTGTGATCTTACATAG,0,2279142
mcbAp5,0.5,1,1,ACACGAGAAATATCACATCA,0,2270917
mcbAp5,0.5,1,1,ACACCTACGTATTCTTTACA,0,2288858
mcbAp5,0.5,1,1,ACACCGTACAACGGGCCACC,0,2303263
mcbAp5,0.5,1,1,ACACCGCATGGGCTGCGTTG,0,2290058
mcbAp5,0.5,1,1,ACACCCCCGAGAATTGGTCT,0,2283010
mcbAp5,0.5,1,1,ACACCCCATTCGTTGGTAAA,0,2284224
mcbAp5,0.5,1,1,ACACCCACCGGACTGAGTAA,0,2310827
mcbAp5,0.5,1,1,ACACCACCTTTTCCAACAGC,0,2305965
mcbAp5,0.5,1,1,ACACACCCCCGGATATAGGA,0,2265159
mcbAp5,0.5,1,1,ACACAACTTAGCCACTGCCT,0,2265214
mcbAp5,0.5,1,1,ACAAGCCAACCTTACGTGGG,0,2306361
mcbAp5,0.5,1,1,ACAAAGGAATATCATAGCGC,0,2265951
mcbAp5,0.5,1,1,AATTTCTTCTCCGCAATCTT,0,2269577
mcbAp5,0.5,1,1,AATTTCCCTGCTAGATTCCC,0,2304117
mcbAp5,0.5,1,1,AATTTCAGGAACAGAAACGG,0,2276931
mcbAp5,0.5,1,1,AATTGTGGACGTGCATTGGT,0,2288612
mcbAp5,0.5,1,1,AATTGCAGTTGACCCTGCCT,0,2313473
mcbAp5,0.5,1,1,AATTCCACCAGCGTGTTAAG,0,2312644
mcbAp5,0.5,1,1,AATTCAGACCCGACGTTCCA,0,2277166
mcbAp5,0.5,1,1,AATTCAATCTGACGCCTAAC,0,2290759
mcbAp5,0.5,1,1,AATTATGCTCATATGGGTGA,0,2299053
mcbAp5,0.5,1,1,AATTATCCCCAGAACAGCAG,0,2265352
mcbAp5,0.5,1,1,AATGTGCGATATGCTGGGTA,0,2271107
mcbAp5,0.5,1,1,AATGTAGGGTTCATGCCAAT,0,2263416
mcbAp5,0.5,1,1,AATGGTACCGAGGATGAACC,0,2273556
mcbAp5,0.5,1,1,AATGGCCAGACTCTTGTTTG,0,2307854
mcbAp5,0.5,1,1,AATGCTCGACTAGATCCGTA,0,2297154
mcbAp5,0.5,1,1,AATGCTATGCTGAGCGGTTG,0,2291245
mcbAp5,0.5,1,1,AATGCACTGATTATTTCAGT,0,2283799
mcbAp5,0.5,1,1,AATCTTTATACACCCCAGAA,0,2314971
mcbAp5,0.5,1,1,AATCGTCAGTAGCGTCCTCA,0,2270743
mcbAp5,0.5,1,1,AATCGCGAGCACCAGGTATT,0,2304333
mcbAp5,0.5,1,1,AATCGATCGTTAACCGCTAT,0,2296781
mcbAp5,0.5,1,1,AATCCACGAACCCGTCTGCC,0,2283746
mcbAp5,0.5,1,1,AATCACGTTCCGGGTTAAAG,0,2266410
mcbAp5,0.5,1,1,AATCACCGCAATGATGACGC,0,2302450
mcbAp5,0.5,1,1,AATCACAGTGCGGGTACTTC,0,2272734
mcbAp5,0.5,1,1,AATCAACAATGTCAATAGAC,0,2298518
mcbAp5,0.5,1,1,AATAGTGACAACTCTCCACC,0,2290115
mcbAp5,0.5,1,1,AATAGCTCCGGCCAAAAGTT,0,2310113
mcbAp5,0.5,1,1,AATAGAATATTATGTTTCTT,0,2298071
mcbAp5,0.5,1,1,AATACTACAGATGACTTTGA,0,2308798
mcbAp5,0.5,1,1,AATACCTCCACGATCAGAGT,0,2310136
mcbAp5,0.5,1,1,AATAATGTTGATGCTATACG,0,2303620
mcbAp5,0.5,1,1,AATAAGTTATGTTTTGTTGA,0,2306559
mcbAp5,0.5,1,1,AATAACTTGTTTAATATTGC,0,2289106
mcbAp5,0.5,1,1,AATAACATGGGTCCAATTTC,0,2277111
mcbAp5,0.5,1,1,AATAAACTTTGGCTAACAAA,0,2278426
mcbAp5,0.5,1,1,AAGTTTCGGTCAAAGTCGGC,0,2315098
mcbAp5,0.5,1,1,AAGTTTCATGAAGAGTTGAG,0,2308041
mcbAp5,0.5,1,1,AAGTGTGGAAGATCGCCAGG,0,2296638
mcbAp5,0.5,1,1,AAGTGGGTCTGGACCTCGAA,0,2315937
mcbAp5,0.5,1,1,AAGTGGCCGGTATTAAACAC,0,2272976
mcbAp5,0.5,1,1,AAGTGGAACAACAAGTGTAT,0,2282547
mcbAp5,0.5,1,1,AAGTGCGTTCAACCCGCGTT,0,2265601
mcbAp5,0.5,1,1,AAGTGCGGAGTCCAAGATCA,0,2265017
mcbAp5,0.5,1,1,AAGTGAAAAAGCCGATGTAC,0,2293436
mcbAp5,0.5,1,1,AAGTCTATTCAAACAGTCGT,0,2315562
mcbAp5,0.5,1,1,AAGTCCTACTGATCACAACT,0,2287477
mcbAp5,0.5,1,1,AAGTCCCTATCAATCCCTGA,0,2266941
mcbAp5,0.5,1,1,AAGTCATAAGTGACAATCGA,0,2301238
mcbAp5,0.5,1,1,AAGTCAGGAGTCGGACTGGG,0,2295885
mcbAp5,0.5,1,1,AAGTACTGGTTGAAGCGTCA,0,2311006
mcbAp5,0.5,1,1,AAGTACAGGCAGCCTTATGC,0,2299696
mcbAp5,0.5,1,1,AAGTACAAAACTGATAGACA,0,2273508
mcbAp5,0.5,1,1,AAGGTGGGGACTCCTACATG,0,2305366
mcbAp5,0.5,1,1,AAGGTGATTTATACAGGGGT,0,2309123
mcbAp5,0.5,1,1,AAGGTCAGTATAGTGGTGGA,0,2302340
mcbAp5,0.5,1,1,AAGGGGTATAAATGCGGCAG,0,2307691
mcbAp5,0.5,1,1,AAGGGGCTGTCGCACAGGAT,0,2301925
mcbAp5,0.5,1,1,AAGGGGACTTAGATCACCGA,0,2274038
mcbAp5,0.5,1,1,AAGGGGAAAGCCATCAGAGT,0,2295409
mcbAp5,0.5,1,1,AAGGGATACTGTCGGTCCGC,0,2315071
mcbAp5,0.5,1,1,AAGGGAGAGTCGTTCCAACT,0,2291744
mcbAp5,0.5,1,1,AAGGGACCGAATGTTACGAG,0,2310942
mcbAp5,0.5,1,1,AAGGGACCAGCAAGAGGCAG,0,2294116
mcbAp5,0.5,1,1,AAGGCTCCCTGTCTGTACAA,0,2291532
mcbAp5,0.5,1,1,AAGGAGGGCTGGAAACAATT,0,2286249
mcbAp5,0.5,1,1,AAGGAGGGATCATGTAGCTG,0,2267765
mcbAp5,0.5,1,1,AAGGACATGCGAGCCGGTTA,0,2299137
mcbAp5,0.5,1,1,AAGGAAAATTGGAGACGAGT,0,2264509
mcbAp5,0.5,1,1,AAGCTTGAGATTGTGCAAGG,0,2266121
mcbAp5,0.5,1,1,AAGCTTCCGGTTATGGAGTG,0,2274499
mcbAp5,0.5,1,1,AAGCGGTTTCCTTATCGGTT,0,2309743
mcbAp5,0.5,1,1,AAGCGGTATAGCCGGGCATC,0,2298009
mcbAp5,0.5,1,1,AAGCGGCTCATACTTTCGAC,0,2272387
mcbAp5,0.5,1,1,AAGCGCATTAACATATAGAA,0,2264192
mcbAp5,0.5,1,1,AAGCGCAAATTGGCGAGTAA,0,2283662
mcbAp5,0.5,1,1,AAGCCGAGCAATCGTTGATC,0,2283291
mcbAp5,0.5,1,1,AAGCCCTCCGACGAGCCTGC,0,2263584
mcbAp5,0.5,1,1,AAGCCCAACATTAAGCGGCA,0,2282590
mcbAp5,0.5,1,1,AAGCCATCATACATCCCATT,0,2280740
mcbAp5,0.5,1,1,AAGCAACGCGTTCTTGTATG,0,2265221
mcbAp5,0.5,1,1,AAGATTCTTACTTGCTGCTT,0,2262327
mcbAp5,0.5,1,1,AAGATTAGGTGCACCGAATG,0,2314938
mcbAp5,0.5,1,1,AAGATGGGTGGCGAGTAACC,0,2289753
mcbAp5,0.5,1,1,AAGATGGCGCGACTAAAGTC,0,2294117
mcbAp5,0.5,1,1,AAGATAGGGTAGGAGGTACG,0,2296372
mcbAp5,0.5,1,1,AAGAGTCCTAGAGTTGTCTT,0,2302145
mcbAp5,0.5,1,1,AAGAGCCCTAGAGCCAACTC,0,2302545
mcbAp5,0.5,1,1,AAGAGATCATACCTTACGTC,0,2309088
mcbAp5,0.5,1,1,AAGACTTCGGGCGAGGAGAT,0,2285639
mcbAp5,0.5,1,1,AAGACTCTGCAAGGTTACAG,0,2268534
mcbAp5,0.5,1,1,AAGACTACGGCATACGCTTC,0,2306109
mcbAp5,0.5,1,1,AAGACCATAACTTCTTCATT,0,2311691
mcbAp5,0.5,1,1,AAGAACTGGTTTACGACGAA,0,2313517
mcbAp5,0.5,1,1,AACTTAATGTGTGATGGTAG,0,2278161
mcbAp5,0.5,1,1,AACTGTTAGGGAAAAGGAGA,0,2270562
mcbAp5,0.5,1,1,AACTGGAGGGTTCCAGGTCC,0,2273884
mcbAp5,0.5,1,1,AACTGCTACTGTAGAACTGT,0,2267115
mcbAp5,0.5,1,1,AACTCGGAACAATAAGAGTC,0,2265625
mcbAp5,0.5,1,1,AACGTTGTTTTGACAGGGGG,0,2293309
mcbAp5,0.5,1,1,AACGTGAATATGACCATCGG,0,2311784
mcbAp5,0.5,1,1,AACGTCTAACGGTGCATGCT,0,2299243
mcbAp5,0.5,1,1,AACGTAGGATCAGTGTATAG,0,2316186
mcbAp5,0.5,1,1,AACGTAAACTTCTGCCACAG,0,2293245
mcbAp5,0.5,1,1,AACGGGATGTGATCGTACTA,0,2288502
mcbAp5,0.5,1,1,AACGGCGACGGCCCCGCGTT,0,2311556
mcbAp5,0.5,1,1,AACGGCCCACTTCAACGCCT,0,2264072
mcbAp5,0.5,1,1,AACGGCAACGAAGATATTTG,0,2283214
mcbAp5,0.5,1,1,AACGCGGGGGCCTTTACAAT,0,2276165
mcbAp5,0.5,1,1,AACGCGGACCAGGGTTGTTG,0,2290450
mcbAp5,0.5,1,1,AACGCGAGGCGTGCATCAGC,0,2302314
mcbAp5,0.5,1,1,AACGCACCATGGCTCATTCT,0,2264614
mcbAp5,0.5,1,1,AACGATAATGGACAGCCCGA,0,2289678
mcbAp5,0.5,1,1,AACGAGTCTGCCTCCGGATC,0,2273137
mcbAp5,0.5,1,1,AACGAGTCGTCAACATACCT,0,2308150
mcbAp5,0.5,1,1,AACGACCAATGGACGTTTCA,0,2265260
mcbAp5,0.5,1,1,AACCTTATGCGTATATTCAT,0,2286373
mcbAp5,0.5,1,1,AACCTGTCACGACAACCATT,0,2294864
mcbAp5,0.5,1,1,AACCTGGGGAATCATTTCCT,0,2269124
mcbAp5,0.5,1,1,AACCTCATTTGTGTGCACTG,0,2262423
mcbAp5,0.5,1,1,AACCGAACCTGTATTAGTCA,0,2287411
mcbAp5,0.5,1,1,AACCCCTTGAGAGATCCATG,0,2266977
mcbAp5,0.5,1,1,AACCAGGCTTCGTGGTCCTG,0,2291766
mcbAp5,0.5,1,1,AACCAACGTAACCTGTGAGC,0,2307646
mcbAp5,0.5,1,1,AACCAAAACTATCGTTTGGA,0,2274527
mcbAp5,0.5,1,1,AACATACAATCTGATTAATC,0,2275213
mcbAp5,0.5,1,1,AACAGGCGTTCGAAGTCAAG,0,2261851
mcbAp5,0.5,1,1,AACAGCCTTTACTCCGGGGT,0,2267640
mcbAp5,0.5,1,1,AACACTAACGGCGGAGAGTT,0,2269028
mcbAp5,0.5,1,1,AACACGGATTACGGACGAGG,0,2291609
mcbAp5,0.5,1,1,AACACGCTCTCCGTGTATCG,0,2306191
mcbAp5,0.5,1,1,AACACCATGGCAATGAAGAA,0,2266716
mcbAp5,0.5,1,1,AACACAGGTCGCTACGCGGA,0,2294658
mcbAp5,0.5,1,1,AACACAAAATAAACCCTTTG,0,2287957
mcbAp5,0.5,1,1,AACAATCTGTGGCAGTGCGC,0,2292359
mcbAp5,0.5,1,1,AACAATACAGGACTGCTCTA,0,2273694
mcbAp5,0.5,1,1,AAATTGGGGTTGAAACGTTA,0,2280634
mcbAp5,0.5,1,1,AAATTGCGCAGTTAAGGACC,0,2292078
mcbAp5,0.5,1,1,AAATTCTGTGCTGTTCGATA,0,2291786
mcbAp5,0.5,1,1,AAATGGGCCTTTAGACCATT,0,2313646
mcbAp5,0.5,1,1,AAATGGATATACAATGGGTT,0,2265776
mcbAp5,0.5,1,1,AAATGAATCTACCCTGATTT,0,2273240
mcbAp5,0.5,1,1,AAATCCTGTTTCCACAGTTC,0,2263664
mcbAp5,0.5,1,1,AAATCCCGGATAACCTGTGC,0,2278684
mcbAp5,0.5,1,1,AAATCAGGTGTCTAGTATAC,0,2268668
mcbAp5,0.5,1,1,AAATACCGCCAGCTTGGCTC,0,2300105
mcbAp5,0.5,1,1,AAAGTTTGATGGCAATTGGG,0,2314005
mcbAp5,0.5,1,1,AAAGTATGTGAGCCGTTCCG,0,2300082
mcbAp5,0.5,1,1,AAAGGTTTTGGTTCGGGGGT,0,2293703
mcbAp5,0.5,1,1,AAAGGCCCACTTAGGGTACG,0,2301854
mcbAp5,0.5,1,1,AAAGGATCTCGCAAACTTCC,0,2268166
mcbAp5,0.5,1,1,AAAGGAGCGCTTTAAGGACC,0,2295938
mcbAp5,0.5,1,1,AAAGGAAACGAGGAAGGAGG,0,2310878
mcbAp5,0.5,1,1,AAAGAGTAACTGAATACAGG,0,2272757
mcbAp5,0.5,1,1,AAAGACCCGGTTCCAGATTT,0,2271394
mcbAp5,0.5,1,1,AAACTCTTACTGTAGGCCAA,0,2315823
mcbAp5,0.5,1,1,AAACTCCTTTTATACTACCA,0,2288765
mcbAp5,0.5,1,1,AAACTCATAGCGTCCGAGTA,0,2263659
mcbAp5,0.5,1,1,AAACGTTTGCTGGAACCAGA,0,2296942
mcbAp5,0.5,1,1,AAACGTCAGAGAAGGGGGTT,0,2284066
mcbAp5,0.5,1,1,AAACGGGCATGGTTCTTTCT,0,2283048
mcbAp5,0.5,1,1,AAACGCTTCTCGACGGGGTT,0,2295027
mcbAp5,0.5,1,1,AAACCAGCAGCGAGCCGCGG,0,2294990
mcbAp5,0.5,1,1,AAACATTTTTTAAGCGTCCT,0,2308203
mcbAp5,0.5,1,1,AAACAGTAGGCCGGGCGATC,0,2285485
mcbAp5,0.5,1,1,AAAATCGCTCCAACGTCAGA,0,2288725
mcbAp5,0.5,1,1,AAAAATCTGCGATCACCGCC,0,2271263
mcbAp5,0.5,1,1,AAAAACCTTGAACTAAGAAT,0,2282148
mcbAp5,0.5,1,1,AAAAAACTCACTCAGTTCGG,0,2264215
mcbAp5,0.5,1,1,AAAAAAACGAGTATAGGCTA,0,2261865
mcbAp5,55.0,54,0,CATTCGGCGAGCTAAATCAC,54,2315862
mcbAp5,53.0,52,0,GGGTAGACGCGTATTCTTTG,52,2269568
mcbAp5,40.0,39,0,TGGACGTTCCAGTAAAACTG,39,2305073
mcbAp5,40.0,39,0,CCTCGTAGTACATTCTCCCT,39,2275870
mcbAp5,39.0,38,0,TATTGCAAGGGGCAACTTCC,38,2269343
mcbAp5,39.0,38,0,AATACACTTAGAGAACCCTC,38,2306211
mcbAp5,37.0,36,0,ACCCACAGGTGAATTGATAC,36,2277507
mcbAp5,35.0,34,0,TCATAAGTGTTTAAGTAATT,34,2285445
mcbAp5,34.0,33,0,ACATCGCCGACGAAAGACCA,33,2304933
mcbAp5,33.0,32,0,GGTAGGTGTACGACAGACAG,32,2301799
mcbAp5,31.0,30,0,TGTTGGCGCTCGTTATAGAG,30,2305208
mcbAp5,30.0,29,0,TCCGGGAGGCTGTGGTATTA,29,2289461
mcbAp5,29.0,28,0,CAATCCACTCCGTTGAACTT,28,2304521
mcbAp5,28.0,27,0,ATGGGGGTAATTTAATTTAG,27,2281059
mcbAp5,27.0,26,0,CACTAGCTTCTCTGAGTCAC,26,2276287
mcbAp5,27.0,26,0,ATATGCAGAAGAATATGAGG,26,2279272
mcbAp5,25.0,24,0,GTGAGCTCCCATAAATGGGG,24,2277288
mcbAp5,25.0,24,0,CCTAGCTATAGAACAATACG,24,2311983
mcbAp5,25.0,24,0,ACTCATCACGGGCCAGTCAC,24,2286123
mcbAp5,25.0,24,0,ACAGGGGATCAAAAGCGTTA,24,2294063
mcbAp5,24.0,23,0,TGTAAGTTCCTGAAACAAAA,23,2304868
mcbAp5,24.0,23,0,GCTCATTACGACTACGTGGA,23,2308145
mcbAp5,24.0,23,0,GCGGACTGGCAGGATATATG,23,2289535
mcbAp5,24.0,23,0,ACCCGAGATACTCCCTAACG,23,2283090
mcbAp5,23.0,22,0,TCTATACCGAAGATCGGCTC,22,2298352
mcbAp5,23.0,22,0,GTAATTAAGCTAACTGGAAA,22,2281754
mcbAp5,23.0,22,0,CGCCATGTGGTGGACGCAAT,22,2281592
mcbAp5,23.0,22,0,CAGTTTCTGTCGAAAAGAAG,22,2276082
mcbAp5,23.0,22,0,ACTCTAGGTCCTCAAATTTC,22,2283907
mcbAp5,23.0,22,0,ACGTGTTTCGGAAATGCCTG,22,2270234
mcbAp5,22.0,21,0,TCTATAGATAATAATCCTCT,21,2271209
mcbAp5,22.0,21,0,GTCCTGTGCATCCCTTAGGC,21,2293662
mcbAp5,21.0,20,0,TAATTTTGAAGACCGGGATT,20,2281275
mcbAp5,21.0,20,0,ATTGTATGACATGCCTTTAC,20,2273671
mcbAp5,21.0,20,0,AATTGATTCGAGTTTGCGCT,20,2297503
mcbAp5,21.0,20,0,AACGCACTTTCTACGAGACG,20,2264183
mcbAp5,21.0,20,0,AAAGCTTGCTAATCGGTGAC,20,2272478
mcbAp5,20.0,19,0,TGGTTCGTGCAAATACAACA,19,2307533
mcbAp5,20.0,19,0,GTCAGAAGCAATCTAAGGAC,19,2263162
mcbAp5,20.0,19,0,GGTCTGAGTTGAGCACATCG,19,2294647
mcbAp5,20.0,19,0,ACGTTGGTTAGTGTACTGCT,19,2273865
mcbAp5,19.0,18,0,TCATCTCGCGGCATTAGGGA,18,2262763
mcbAp5,19.0,18,0,GCTCTTAACCGATCGCCCGA,18,2278832
mcbAp5,19.0,18,0,GAGTCTCGGCGAGACGTAAT,18,2307779
mcbAp5,19.0,18,0,GAAATCAGTGTTCGTCTTAC,18,2278065
mcbAp5,19.0,18,0,CTCACCGATGCCGTGCGAAG,18,2289428
mcbAp5,19.0,18,0,CGTTTATCCTACGTGTATTA,18,2286280
mcbAp5,19.0,18,0,CGGACGCCTTCGGTGGATAT,18,2275524
mcbAp5,19.0,18,0,CCCAATGATGCACGAGAGAA,18,2278446
mcbAp5,18.0,17,0,GTCGGTCCTGCGTCTAACCT,17,2312172
mcbAp5,18.0,17,0,CCAAGCAAAAATCCCCATAG,17,2304796
mcbAp5,17.0,16,0,TCCGTCTCGAGTTTTAGAGT,16,2290165
mcbAp5,17.0,16,0,CCGTATTTTTACTTGGAAGA,16,2280016
mcbAp5,17.0,16,0,CCGGCGATAATTTAAGGAGG,16,2293712
mcbAp5,17.0,16,0,CAATGGTCCGCTCAGAGCGT,16,2300513
mcbAp5,16.0,15,0,TTTTTAGGACATCCCCCGTG,15,2310769
mcbAp5,16.0,15,0,TGTCTCTGGCCGTTCTTCCT,15,2304838
mcbAp5,16.0,15,0,TAACATCTCGTCGTATGAGT,15,2283802
mcbAp5,16.0,15,0,GTAAAATCTATAGCATCATA,15,2278443
mcbAp5,16.0,15,0,CCGGCGGCATGAACGCACAA,15,2277277
mcbAp5,15.0,14,0,TTTGCTTCTGACAAAAGAAC,14,2315573
mcbAp5,15.0,14,0,CATTAGTGACCAGCCTCTGA,14,2274684
mcbAp5,15.0,14,0,AGATCGATTATTACTTTGAC,14,2279910
mcbAp5,14.0,13,0,CAAGGTGGACCATAAGTGGT,13,2294904
mcbAp5,14.0,13,0,ATTGGTAATCCTGGCCACGC,13,2286274
mcbAp5,14.0,13,0,ATGCGTCGTAAAACCGGCGT,13,2288128
mcbAp5,13.0,12,0,CGTCAGTACCTTTGCCCATA,12,2272940
mcbAp5,13.0,12,0,ATGTCTTGCTTTCCCATATG,12,2273989
mcbAp5,12.0,11,0,TGCCACTTATAGAGCCATTC,11,2298581
mcbAp5,12.0,11,0,GTCCGTCTCCGCCCCGCTGA,11,2304530
mcbAp5,12.0,11,0,CTAGCGGCTCTTCCCATGCT,11,2262968
mcbAp5,12.0,11,0,CGGGCTAAGAATTTTAATGG,11,2293160
mcbAp5,12.0,11,0,CACTATCAACTACGTTCCAT,11,2264576
mcbAp5,12.0,11,0,ATCTATGCAGTCACCGGGGT,11,2310364
mcbAp5,12.0,11,0,AGGCCCCGAGTGCGACCCGG,11,2274829
mcbAp5,12.0,11,0,ACCTTGCTTAAATGTGCTTG,11,2295731
mcbAp5,12.0,11,0,AATTTTGACAAATCGCGATA,11,2283387
mcbAp5,10.0,9,0,GCGTGCGTTAAGTATACCAT,9,2285203
mcbAp5,10.0,9,0,GCCCCAGCCTGGACTGGTCC,9,2262837
mcbAp5,10.0,9,0,CGTAAACATCGCCAACTTGG,9,2302059
mcbAp5,10.0,9,0,CATCTTTACTCTATTGCCGC,9,2279774
mcbAp5,10.0,9,0,AATTACTTCTGGGTCCGTTG,9,2272352
mcbAp5,9.0,8,0,ATCCTATTAACTGAGTTCTT,8,2274363
mcbAp5,9.0,8,0,ACAAATCTTCTTCTCTCTCT,8,2283758
mcbAp5,8.0,7,0,ACTCCTGTAGCTCATCCTCT,7,2304568
mcbAp5,7.0,6,0,TTGATCCGTGGTGCCCTCCC,6,2280038
mcbAp5,6.0,5,0,GGATTCAGATCTGTCTTGAC,5,2295474
mcbAp5,5.0,4,0,GTAAGGTGCGTCGGGCTGCT,4,2287748
mcbAp5,4.0,3,0,ACAGCAGCACCATTGGAGGT,3,2299561
mcbAp5,2.0,1,0,TTCGCGGGTCGTCGTTGCAT,1,2283536
mcbAp5,2.0,1,0,TGTACCACTTGCAGCTGTTA,1,2297035
mcbAp5,2.0,1,0,TGGTGGAAGTCTCAGACTTA,1,2269972
mcbAp5,2.0,1,0,TCGAGGTTAAACTCTATATT,1,2276458
mcbAp5,2.0,1,0,TCAACATCGTACACTCTGCA,1,2306731
mcbAp5,2.0,1,0,GTTCACTTGTGGTACGTGGC,1,2271778
mcbAp5,2.0,1,0,GTCGGCGCACAAAGCGCTGA,1,2269867
mcbAp5,2.0,1,0,GTAATGCCCTCCGGGATAAT,1,2266862
mcbAp5,2.0,1,0,GCACATCGAGCCGCAAGGCT,1,2291888
mcbAp5,2.0,1,0,GACTACACTTCCGCAGTAAC,1,2282470
mcbAp5,2.0,1,0,GACGTAAAGATGATCAACAC,1,2271105
mcbAp5,2.0,1,0,GACCACTCAATCAGTGAGTA,1,2276327
mcbAp5,2.0,1,0,CTTGAGGGTATCCCATAGTC,1,2277245
mcbAp5,2.0,1,0,CGGTGCGGACGTCTATGCAA,1,2275687
mcbAp5,2.0,1,0,CGCAAGCAAGCTAGGGTAGT,1,2307609
mcbAp5,2.0,1,0,CCGCGCGGTGGTAGAATACT,1,2296672
mcbAp5,2.0,1,0,CCACGCCTATGGACCCAGTG,1,2293235
mcbAp5,2.0,1,0,CAGTTTTTCAAAATAGACAT,1,2287001
mcbAp5,2.0,1,0,AGAGTACGCGACCTCTGCTC,1,2262501
mcbAp5,2.0,1,0,ACTTGGTAAAGAGTTGCAGT,1,2287058
