name,relative_counts,ct,ct_0,barcode,ct_1,barcode_ind
ygeX_predicted,1.0944976076555024,1749,835,TGTCCAGCCTAACTCAGCGT,914,4766805
ygeX_predicted,0.019736842105263157,153,151,GAACCCATACTTATCATCCA,2,4766779
ygeX_predicted,0.03125,130,127,TATAGGGACTGTCACATCAA,3,4767089
ygeX_predicted,0.03418803418803419,119,116,TGGCCATGTCACGTAGTGAT,3,4767182
ygeX_predicted,0.018018018018018018,111,110,CGGAAACCTGAAGACCCACT,1,4766967
ygeX_predicted,3.8703703703703702,524,107,GGGGGCCAAATACCCGGTTA,417,4788100
ygeX_predicted,4.097087378640777,523,102,GTTTTCGCAAATCTGATTAA,421,4766707
ygeX_predicted,0.021052631578947368,95,94,CCTGGGACACTTAGACCAAT,1,4776500
ygeX_predicted,3.688888888888889,420,89,GGGACCGCGAGGGTGTTTTT,331,4790183
ygeX_predicted,0.022222222222222223,90,89,CCCCCTGGGTCAAACTAAAT,1,4780808
ygeX_predicted,0.02247191011235955,89,88,TTTAGGACGGACACCGTCTT,1,4788666
ygeX_predicted,0.022988505747126436,87,86,CAGCAGAACAATGCCCAAGT,1,4768949
ygeX_predicted,0.023255813953488372,86,85,GCGTCCGTTGTTTGCTGAGT,1,4767616
ygeX_predicted,0.03571428571428571,85,83,TTGACTATCCTAACTCACGT,2,4772337
ygeX_predicted,0.023809523809523808,84,83,TTCATTCCTTACAGGACCCG,1,4769508
ygeX_predicted,5.309523809523809,528,83,CCGCGGTATCGTGGTGCGAA,445,4767338
ygeX_predicted,0.03614457831325301,84,82,ACAATTTGAACCGCACCGGT,2,4769305
ygeX_predicted,0.037037037037037035,82,80,ACAATGGAGGCTCTCCCCAG,2,4768420
ygeX_predicted,0.025,80,79,AGAAAGGGGCTCAGTCAAAG,1,4769339
ygeX_predicted,0.07692307692307693,82,77,TGGCGGCGTGGCGGCAACTT,5,4768316
ygeX_predicted,2.6025641025641026,279,77,ATGTATGCGTTACAGCCGGT,202,4774238
ygeX_predicted,0.04054054054054054,75,73,AGTCACGCACTCCCGCATAC,2,4777960
ygeX_predicted,6.708333333333333,553,71,TTTCCAGATATCGCTCCCAT,482,4768128
ygeX_predicted,0.08333333333333333,76,71,GTTAATGCCTAGAGAGCCTA,5,4776860
ygeX_predicted,0.041666666666666664,73,71,AGAGAGCGTAAGCTCTTCGA,2,4781582
ygeX_predicted,0.028169014084507043,71,70,AGGGAAAGAGTTCTCAGCAA,1,4769003
ygeX_predicted,0.07142857142857142,73,69,AGTGTACGACGCGCTTGCTT,4,4768666
ygeX_predicted,0.02857142857142857,70,69,AACTACGCGAAGTTGCGGGA,1,4770051
ygeX_predicted,0.028985507246376812,69,68,ATTGGCGGGGTTAGTTTTAC,1,4776487
ygeX_predicted,0.029411764705882353,68,67,GCATAAACGAGTACAAACCG,1,4766694
ygeX_predicted,0.029850746268656716,67,66,CGCCGCAAATGTTGGGATTG,1,4785823
ygeX_predicted,7.6716417910447765,579,66,ATCGTTGCGGGAGCAGTTTG,513,4775490
ygeX_predicted,0.030303030303030304,66,65,GATGTTGCATGGGTCGTTAG,1,4767005
ygeX_predicted,0.03076923076923077,65,64,GCCAGCCTGACCAGGGCCGT,1,4780323
ygeX_predicted,7.6,557,64,CGGTGGTTTGCCAGTATCCG,493,4767237
ygeX_predicted,8.5625,610,63,TCTACATCGTGGCCATAACT,547,4767367
ygeX_predicted,0.03125,64,63,GGCGGTTGGCTGGGCGGTTA,1,4771709
ygeX_predicted,0.031746031746031744,63,62,TTGTGCCGCGCAATAGGAGA,1,4772880
ygeX_predicted,0.031746031746031744,63,62,TTCATATCCGGAAGCTGGAG,1,4777439
ygeX_predicted,0.031746031746031744,63,62,TGTATAGGGTGTCAATATGT,1,4792064
ygeX_predicted,6.444444444444445,467,62,GGGACCCTGCCTTTCCAGTG,405,4786931
ygeX_predicted,0.031746031746031744,63,62,AACTCTCCAGCAAACGCGCA,1,4771099
ygeX_predicted,0.03225806451612903,62,61,TACTGTCTTCGGAGGTAACA,1,4779534
ygeX_predicted,0.06451612903225806,64,61,GCCTTATTCTATATCGGGAC,3,4773783
ygeX_predicted,0.03225806451612903,62,61,AATCTTCAGGAGGACTGATA,1,4770080
ygeX_predicted,0.06557377049180328,63,60,TGGCTGAAGAACCGGCCCAT,3,4768244
ygeX_predicted,0.03278688524590164,61,60,TACCTGTCGTGCCAGATTGA,1,4768973
ygeX_predicted,0.03278688524590164,61,60,GTTTTCTTGCCTTATGAGAG,1,4772715
ygeX_predicted,0.03278688524590164,61,60,CAATAAAATGTGAAGTGCGA,1,4779340
ygeX_predicted,0.13333333333333333,66,59,GTAAATTCTAGGGGGTGTCA,7,4769301
ygeX_predicted,7.216666666666667,491,59,AACAACTATCCCAGGGCCAT,432,4772446
ygeX_predicted,0.03389830508474576,59,58,TACTAGGCTAGATCCCAGAA,1,4781740
ygeX_predicted,0.05084745762711865,60,58,CCAGGGGGGGCTCTGTTCGT,2,4794291
ygeX_predicted,0.034482758620689655,58,57,TATCGCAAGCGGCGACATCT,1,4771023
ygeX_predicted,0.05263157894736842,58,56,TCCTCGACTCCTTATGCTTT,2,4777148
ygeX_predicted,0.05263157894736842,58,56,CGCGACCCGATATACAGCAT,2,4770488
ygeX_predicted,0.03508771929824561,57,56,AGGTCGCAAAGCATGGGAAC,1,4770334
ygeX_predicted,0.03508771929824561,57,56,AAGCATGCTGAACGATAGTA,1,4773745
ygeX_predicted,0.03571428571428571,56,55,GTCTTTCGACTCCATGAGTA,1,4780466
ygeX_predicted,8.946428571428571,555,55,AGAGTCGTAGATTCGGTTCT,500,4773497
ygeX_predicted,0.03636363636363636,55,54,TCGAGAATCTCCTAAAAGTC,1,4782124
ygeX_predicted,0.03636363636363636,55,54,ACTGCAAGAGCCGTCTGGTA,1,4776951
ygeX_predicted,0.037037037037037035,54,53,TCCGACATCTTACAAGGAGC,1,4773782
ygeX_predicted,0.037037037037037035,54,53,CATACTCAAGATAATCTATA,1,4768804
ygeX_predicted,9.12962962962963,545,53,CAGGGAGCGCGTACGATAGA,492,4769962
ygeX_predicted,16.61111111111111,949,53,ATGGTCAGCGTACCGCTCGC,896,4770052
ygeX_predicted,0.037037037037037035,54,53,AGTAAACTTGGTCGAGTTAC,1,4770341
ygeX_predicted,10.075471698113208,585,52,CAAACAATTGAGTTGGTAAG,533,4766877
ygeX_predicted,0.03773584905660377,53,52,ACCAAGGTCGCGCATAACAT,1,4782467
ygeX_predicted,0.057692307692307696,53,51,TATCAGCCACTTTGTGCTAA,2,4774645
ygeX_predicted,0.057692307692307696,53,51,TACGGCAGACATCCTCCAAC,2,4778431
ygeX_predicted,0.038461538461538464,52,51,GGACCGTTCCGGGCGAGGCG,1,4767594
ygeX_predicted,0.057692307692307696,53,51,GCATTACAACTGTGAAATAC,2,4784646
ygeX_predicted,0.038461538461538464,52,51,CCGAGAATACACTTTTGCAT,1,4771590
ygeX_predicted,0.038461538461538464,52,51,AAATCTACGGCCTCGCCAAG,1,4776225
ygeX_predicted,0.0392156862745098,51,50,CGGGCATATTAGGACGGGGT,1,4782391
ygeX_predicted,10.96078431372549,608,50,AAACAGTAGCCTGCCGAGGA,558,4772663
ygeX_predicted,0.04,50,49,TTCCTAGAAATGATTCCTAA,1,4775929
ygeX_predicted,0.04,50,49,TGATGGTTTTGTCGAAATTT,1,4770118
ygeX_predicted,9.36,516,49,GGGTACACTAACAATGAGTT,467,4775171
ygeX_predicted,0.06,51,49,GCTAGTTTTTCACAGCAGAG,2,4768609
ygeX_predicted,9.12,504,49,GAAAAAGGCACGTAGAACAG,455,4767402
ygeX_predicted,0.04,50,49,CGATTCTGAATGGGCAATCA,1,4789437
ygeX_predicted,0.04,50,49,CAATCTCGGACCGCAGATTA,1,4768536
ygeX_predicted,0.041666666666666664,48,47,GTGTTAAACTCGCTTATCAT,1,4769843
ygeX_predicted,0.041666666666666664,48,47,AGGGGCCGTGTGATATGAAG,1,4766989
ygeX_predicted,0.0425531914893617,47,46,TACTGAACGGGTATGGGTTT,1,4772810
ygeX_predicted,0.0425531914893617,47,46,CGCTGAAAATCTAAAACTAT,1,4779091
ygeX_predicted,22.76086956521739,1091,45,GGTGTAATCTCTTAACCGAT,1046,4777635
ygeX_predicted,10.369565217391305,521,45,GCCCATATCGTGAGGGCCAG,476,4770534
ygeX_predicted,0.043478260869565216,46,45,GCATTTCTTAATGGCTCATC,1,4771708
ygeX_predicted,0.06666666666666667,46,44,TCCTGGTATGCACTCGAGAT,2,4776640
ygeX_predicted,0.044444444444444446,45,44,TAATGATTGGTGGCATCCCA,1,4776721
ygeX_predicted,0.08888888888888889,47,44,GAACCCGTCGTAAGCTTTGT,3,4780783
ygeX_predicted,0.044444444444444446,45,44,ACTGGGCACTGGGCAGTATT,1,4773555
ygeX_predicted,0.06818181818181818,45,43,TCTCGTAACTCTGCTATGAT,2,4786050
ygeX_predicted,0.045454545454545456,44,43,TCCAGTGGGCCGCGCTGCAA,1,4771532
ygeX_predicted,0.045454545454545456,44,43,GCGGGATTCGCGTTGTCGCA,1,4778047
ygeX_predicted,0.045454545454545456,44,43,CGATCGCACCGCGCTAGCGT,1,4791150
ygeX_predicted,11.113636363636363,531,43,AGTGCCACCAACATATTAGT,488,4783926
ygeX_predicted,0.045454545454545456,44,43,ACGGAACTTTTATCCTCGCA,1,4774656
ygeX_predicted,0.045454545454545456,44,43,ACAGGCTTAGCGCATCTCTG,1,4784533
ygeX_predicted,10.953488372093023,512,42,GTAAGTAATTTCCATGGGCA,470,4789560
ygeX_predicted,29.372093023255815,1304,42,CGGTCATAGTGAGGCATCAG,1262,4788454
ygeX_predicted,0.046511627906976744,43,42,AGGCGAAATGCCTATTCAAA,1,4792883
ygeX_predicted,10.523809523809524,482,41,TTCAATGTTAAACACTCAGC,441,4773551
ygeX_predicted,10.666666666666666,488,41,TATCGATTCGATGTCAAACA,447,4784067
ygeX_predicted,0.047619047619047616,42,41,GTGAGTTCCTAGCATCTTAT,1,4771509
ygeX_predicted,0.047619047619047616,42,41,GTCGGATGCTGAGCGATAAA,1,4788748
ygeX_predicted,0.047619047619047616,42,41,GGCCGGCAACACCTGGCAGT,1,4789434
ygeX_predicted,0.3333333333333333,54,41,AGGGCAGGATGAGGTGCATA,13,4769903
ygeX_predicted,11.238095238095237,512,41,ACTCCTCAACCTCCGTCTTG,471,4789497
ygeX_predicted,0.07317073170731707,42,40,TTCCGTATAATGGTCTCGGC,2,4769898
ygeX_predicted,0.07317073170731707,42,40,TGGCATGTCTTGGCTTACTG,2,4775931
ygeX_predicted,0.04878048780487805,41,40,TCCCGGCAGTCGTGGCCCAT,1,4782101
ygeX_predicted,0.04878048780487805,41,40,TACTGCAGCATGTATAACTC,1,4773188
ygeX_predicted,0.07317073170731707,42,40,CATGTCGCGCGACAAAGCTG,2,4778180
ygeX_predicted,0.05,40,39,TTAGTCACGGGCTGGCCCTA,1,4773702
ygeX_predicted,0.05,40,39,TGGGTCAAGATATAGGGACT,1,4769017
ygeX_predicted,0.05,40,39,GGGTGCTTAATAACTCAAGT,1,4791076
ygeX_predicted,0.05,40,39,GCTCCCTGCATGCTCAGCAT,1,4790371
ygeX_predicted,0.05,40,39,GATGACCTTGTAACGCGCTC,1,4787881
ygeX_predicted,0.05,40,39,AAGTACTCATACGTGTCGGT,1,4779335
ygeX_predicted,11.923076923076923,502,38,TTAGCATAAGCATATGGAAG,464,4785878
ygeX_predicted,0.05128205128205128,39,38,TAAACCTCTTGAGATTACAA,1,4774558
ygeX_predicted,9.897435897435898,423,38,GGCCCTGTATATTCGGGGCA,385,4769345
ygeX_predicted,12.23076923076923,514,38,CGCGGACCTACCGCAGTCTA,476,4789801
ygeX_predicted,12.384615384615385,520,38,CCAAGACATGGGCCGGACCT,482,4770156
ygeX_predicted,0.05128205128205128,39,38,CATGACACTTTCATATATAC,1,4770079
ygeX_predicted,0.05128205128205128,39,38,AGGCGGTTGGTAAGTGCGAC,1,4767989
ygeX_predicted,0.05128205128205128,39,38,ACGCCTTTGCGTTGTGCCCT,1,4767036
ygeX_predicted,6.447368421052632,281,37,TGTTCCACTGAAGCGAAGCT,244,4768174
ygeX_predicted,0.07894736842105263,39,37,TGAAAAAGTTGGAAGTTGGA,2,4776333
ygeX_predicted,0.05263157894736842,38,37,CTCATAAGGGGCCGAGTTAT,1,4769596
ygeX_predicted,0.05263157894736842,38,37,CCCAATATTACTCTGCATCA,1,4769936
ygeX_predicted,10.421052631578947,432,37,CATTGAACGATAGGTTGTTA,395,4768636
ygeX_predicted,0.05263157894736842,38,37,AGTCCAGTCTGCGGGCAAAA,1,4780141
ygeX_predicted,0.10526315789473684,40,37,AGATAGGACAACTGTGTCGG,3,4774126
ygeX_predicted,0.05405405405405406,37,36,CTGGGGTTTACTACAAGGTG,1,4771335
ygeX_predicted,0.05405405405405406,37,36,CTGAGGCCTCCTGTTCTCTT,1,4778077
ygeX_predicted,0.05405405405405406,37,36,CGGTAAGCCATATAGGTTAC,1,4774826
ygeX_predicted,0.05405405405405406,37,36,CACCGACAAGCCACTAGATT,1,4787557
ygeX_predicted,3.8378378378378377,177,36,ATTCTACGGCCTTGATTAAC,141,4785629
ygeX_predicted,13.486486486486486,534,36,AGATTACTTCAGGGGACACA,498,4770627
ygeX_predicted,13.805555555555555,531,35,TGGGTTGGGGTAATCCGGAT,496,4772915
ygeX_predicted,0.05555555555555555,36,35,TCTGCCCCGTAACTGCCAAT,1,4781041
ygeX_predicted,0.05555555555555555,36,35,TACGTCACACGCATTAGCAG,1,4784181
ygeX_predicted,0.1388888888888889,39,35,GTCTCTATGTCATCACCTGT,4,4784904
ygeX_predicted,0.05555555555555555,36,35,GAGTTTTTAACACTGTCGGG,1,4789405
ygeX_predicted,0.05555555555555555,36,35,CCAATTCTATGCCCTGTAAT,1,4788270
ygeX_predicted,0.05555555555555555,36,35,CAGCTAATCCGGTCTGGTGA,1,4781093
ygeX_predicted,0.05555555555555555,36,35,ACTGGGACATCGCGATTCAT,1,4780771
ygeX_predicted,13.527777777777779,521,35,AACAGTCCTACCCCGCTGGA,486,4787638
ygeX_predicted,0.05714285714285714,35,34,TCGCAATGTAGTGGTCGGAT,1,4769775
ygeX_predicted,0.05714285714285714,35,34,ATGCAAAATTCACAGAGGCA,1,4775591
ygeX_predicted,0.05714285714285714,35,34,ACTAAGTCATATGTCTTGAA,1,4782257
ygeX_predicted,0.2,40,34,ACCGCAAGGCTCACGGCAAT,6,4778131
ygeX_predicted,0.08571428571428572,36,34,AATCTTTTAACGACTCCTGA,2,4772187
ygeX_predicted,0.058823529411764705,34,33,TTGTCAGGGGTGCTCGAGGT,1,4786757
ygeX_predicted,0.14705882352941177,37,33,TGTGTCGCGCACTTCACATT,4,4781385
ygeX_predicted,0.11764705882352941,36,33,TGACGCGTCTAACGGTGCGT,3,4770001
ygeX_predicted,14.264705882352942,517,33,TCCGACGCGGGGGGGCAGGC,484,4774077
ygeX_predicted,0.058823529411764705,34,33,TATGTGCGCATAGGGGCCAT,1,4772885
ygeX_predicted,0.058823529411764705,34,33,TAAGGATGGGGGAATCTTCT,1,4777696
ygeX_predicted,0.058823529411764705,34,33,GTTGCTTATGGGATATTACA,1,4772272
ygeX_predicted,0.058823529411764705,34,33,GAACAGGGAGCTCGAAAAAG,1,4778928
ygeX_predicted,0.17647058823529413,38,33,CTGCACCACCAAAAGGGCCA,5,4783323
ygeX_predicted,0.058823529411764705,34,33,CGATTCGCTGGGCAAATGAA,1,4777903
ygeX_predicted,0.08823529411764706,35,33,CCTATTGTGCCCAACAACTG,2,4772544
ygeX_predicted,0.058823529411764705,34,33,ATTTATACGTTATGCATAGT,1,4776606
ygeX_predicted,0.3235294117647059,43,33,ACGCACATGGTTAACGTTTT,10,4788311
ygeX_predicted,0.058823529411764705,34,33,AACGGCGGTAATAGACCTAA,1,4788004
ygeX_predicted,0.08823529411764706,35,33,AACAGCATAACCGTCAAGAG,2,4772395
ygeX_predicted,0.08823529411764706,35,33,AACACCCTGAGCGGGTGGAA,2,4784534
ygeX_predicted,0.06060606060606061,33,32,TTAGTCACCCCCCTTGTGAT,1,4768219
ygeX_predicted,0.06060606060606061,33,32,GGAGCATTTAAATATTTCAA,1,4776696
ygeX_predicted,0.06060606060606061,33,32,GCTGTAAGCGGGAATACCGT,1,4785288
ygeX_predicted,0.15151515151515152,36,32,CTTTGAACCTGTGGGAAATC,4,4769563
ygeX_predicted,0.06060606060606061,33,32,CTTCGCAATCCGCGTCTGTA,1,4768623
ygeX_predicted,2.5757575757575757,116,32,AGTAGACAACATGGCGCAAT,84,4784699
ygeX_predicted,0.06060606060606061,33,32,AGAGCTGTCAAGTAAGTGGT,1,4782811
ygeX_predicted,15.848484848484848,554,32,AATATGGATGCACGGTACAA,522,4783882
ygeX_predicted,0.09375,33,31,TGGAGTCTCCTTAGAGCAAT,2,4777387
ygeX_predicted,0.0625,32,31,TGCGGGGCATCTGGTGTAAA,1,4790093
ygeX_predicted,0.0625,32,31,TCCCGCGGCACCATCAGTAA,1,4767369
ygeX_predicted,16.28125,551,31,GTCACTCCTTTAACAAAGTA,520,4784262
ygeX_predicted,0.0625,32,31,GGGGGACGGTGCAATTAAGT,1,4785812
ygeX_predicted,0.0625,32,31,CGCAGACTGCATCTGTTCTC,1,4790623
ygeX_predicted,0.09375,33,31,CCCGCTGGTGCTTTGTTCGA,2,4772881
ygeX_predicted,0.125,34,31,CATTATGAGCGACTACCGGC,3,4769688
ygeX_predicted,0.0625,32,31,ATTATGCCGAGACGGAATTG,1,4788968
ygeX_predicted,0.0625,32,31,AATATATCATGGCCGGGCCA,1,4781987
ygeX_predicted,0.06451612903225806,31,30,TTCCGCGGGGCAAAGCACTA,1,4783810
ygeX_predicted,0.06451612903225806,31,30,TCTACGCGCTTCCAGGCCAT,1,4769724
ygeX_predicted,0.06451612903225806,31,30,TCATTTGCAGCGCCGAGCGT,1,4787803
ygeX_predicted,0.06451612903225806,31,30,TCATAGAGCGGCCGTGCGTA,1,4774735
ygeX_predicted,0.06451612903225806,31,30,TCAGTATGATTAGTTAGTCC,1,4790987
ygeX_predicted,0.06451612903225806,31,30,GGCTTTTGGGTTTATTCGCA,1,4777383
ygeX_predicted,0.06451612903225806,31,30,GACACATTAGGTAACAAGTT,1,4771059
ygeX_predicted,0.06451612903225806,31,30,GAACGGCCTTACTCGTCGAT,1,4783923
ygeX_predicted,0.06451612903225806,31,30,CTTCTCTCACAAGCATACCC,1,4769902
ygeX_predicted,0.06451612903225806,31,30,CTGAGATACTATGTTTATTT,1,4784239
ygeX_predicted,0.06451612903225806,31,30,CATCGACCATGGTGCCGGGT,1,4773519
ygeX_predicted,0.06451612903225806,31,30,CACGGACTAAATTCCGAGTA,1,4787723
ygeX_predicted,0.06451612903225806,31,30,ATGGCCTCACTATGAAAGGA,1,4787923
ygeX_predicted,0.06451612903225806,31,30,ATGACTCTGTAGCGGTCAGT,1,4770701
ygeX_predicted,0.06451612903225806,31,30,AGCACGCTAACATTGAGACA,1,4782701
ygeX_predicted,0.06451612903225806,31,30,AATAGTTTGCGCTTAATGTG,1,4778128
ygeX_predicted,0.06451612903225806,31,30,AACTAGACGACCGAAGAGAT,1,4770989
ygeX_predicted,16.70967741935484,547,30,AACTAGAATAATACTACACA,517,4787343
ygeX_predicted,0.12903225806451613,33,30,AAACAACGAGGTTGCCACTA,3,4773360
ygeX_predicted,0.06666666666666667,30,29,TGGATAAAGTAACCGCACTG,1,4786207
ygeX_predicted,0.06666666666666667,30,29,TAGGTATGCCCATAAAATAG,1,4770252
ygeX_predicted,0.06666666666666667,30,29,GGAGCGTCGAAACCTAAAAT,1,4769578
ygeX_predicted,0.4,40,29,GACTGTGCTCAACTAACACG,11,4769190
ygeX_predicted,12.033333333333333,389,29,CCATGCCCTGACTAGCTCAT,360,4767743
ygeX_predicted,0.06666666666666667,30,29,AGCCCAATTCTGAACCGTTT,1,4773079
ygeX_predicted,0.06666666666666667,30,29,AGAGCAACGTTGAATGCTCA,1,4778401
ygeX_predicted,0.06896551724137931,29,28,GGTGCACCTCCTCGGCATGT,1,4770297
ygeX_predicted,0.06896551724137931,29,28,GGGCGTACCAAGGCATCACA,1,4786898
ygeX_predicted,0.06896551724137931,29,28,GGCGTGCCTTTAAGGTTTGG,1,4768101
ygeX_predicted,0.06896551724137931,29,28,GCTGATGAGGGAAGAATGTA,1,4790893
ygeX_predicted,0.06896551724137931,29,28,GCTATTTAAGTCTCGGTCTG,1,4773210
ygeX_predicted,0.3103448275862069,36,28,GCCCAATCAAACCATAGCCA,8,4789120
ygeX_predicted,0.06896551724137931,29,28,GATCTGCTAGTTAAGGTCAA,1,4786117
ygeX_predicted,0.06896551724137931,29,28,GAGAGCGATGCCTACTGTCC,1,4767161
ygeX_predicted,0.06896551724137931,29,28,GAATCCCGGCAGAACATATT,1,4789897
ygeX_predicted,0.20689655172413793,33,28,CTGACTGACCATAGCGGCAA,5,4790851
ygeX_predicted,0.06896551724137931,29,28,CGCTCTAGAACGCCCCCGCT,1,4791699
ygeX_predicted,0.06896551724137931,29,28,AGAACATGTGGACTGGATGA,1,4786231
ygeX_predicted,0.06896551724137931,29,28,ACGGCTGATACAGCAACCAG,1,4787568
ygeX_predicted,0.10344827586206896,30,28,AAAATGTGTGAAGTACCCTC,2,4772714
ygeX_predicted,0.07142857142857142,28,27,TGCGCTGTGAATTCGTCATA,1,4776922
ygeX_predicted,17.428571428571427,514,27,TCGTCTACTCGTTCAATCTT,487,4767881
ygeX_predicted,0.07142857142857142,28,27,TCGACGCTTTACTGGATGCA,1,4771628
ygeX_predicted,0.07142857142857142,28,27,TCAAACCCGCCTAGTAACCA,1,4789748
ygeX_predicted,0.07142857142857142,28,27,TATGGCGGTATTCAAAGTCC,1,4782678
ygeX_predicted,0.07142857142857142,28,27,TAAGTATGGTGCGAAGTTAA,1,4782599
ygeX_predicted,0.07142857142857142,28,27,GTGCGATGTTGCCCAATAGG,1,4783018
ygeX_predicted,0.07142857142857142,28,27,GGTAGACGTACGAACAGATA,1,4785218
ygeX_predicted,0.07142857142857142,28,27,GATACCGTGACCTGAGTACT,1,4784615
ygeX_predicted,0.07142857142857142,28,27,CTACCAAGGAGCAAGTGGTC,1,4767863
ygeX_predicted,2.2142857142857144,88,27,CGTTTGATACTTTGAAGTGT,61,4771301
ygeX_predicted,8.892857142857142,275,27,CGATAGAAATAGTCGCCTGG,248,4793667
ygeX_predicted,0.07142857142857142,28,27,CAGGCAATTGGTTATGGAGA,1,4772449
ygeX_predicted,0.07142857142857142,28,27,CAATGTCTTTAAAATGGAGT,1,4790150
ygeX_predicted,0.07142857142857142,28,27,ATTGCGGAACAGATAGCTAG,1,4786615
ygeX_predicted,0.07407407407407407,27,26,TTCGCTGCCTCGGTACCGTC,1,4785040
ygeX_predicted,0.07407407407407407,27,26,TCTCCCAAAGCAGCATCAAT,1,4776116
ygeX_predicted,0.07407407407407407,27,26,TATAACTCGACAGTCCGTAG,1,4781099
ygeX_predicted,0.2222222222222222,31,26,TACGGGTGTGTATGGAGTTT,5,4780145
ygeX_predicted,0.3333333333333333,34,26,GTGATACTGGGTCTTTCAAT,8,4776325
ygeX_predicted,0.07407407407407407,27,26,GGTTGGGTATCGCAACTGGA,1,4776081
ygeX_predicted,0.07407407407407407,27,26,GCAGCATAGTACTTAACATT,1,4777364
ygeX_predicted,16.59259259259259,473,26,CTCGAGTGAATATCGCACCT,447,4782720
ygeX_predicted,0.07407407407407407,27,26,CGGGTCAATTGGAAACAGTA,1,4770104
ygeX_predicted,0.07407407407407407,27,26,CGCGATTTAAACTAATATCG,1,4774647
ygeX_predicted,0.07407407407407407,27,26,ATATCTGAGCATAAGGACAC,1,4781870
ygeX_predicted,0.07407407407407407,27,26,AGAGGCTACGGTGTCGGCGT,1,4785642
ygeX_predicted,18.923076923076923,516,25,TGCATCCTTCATCACCCGAT,491,4778496
ygeX_predicted,0.07692307692307693,26,25,TATTTAGAACCCGCATGCGA,1,4770200
ygeX_predicted,0.11538461538461539,27,25,GTTTACGCAGGCGTACAGTG,2,4784697
ygeX_predicted,0.07692307692307693,26,25,GATTCGCCAGTTGGGCTCTA,1,4788722
ygeX_predicted,0.07692307692307693,26,25,GATAAATAGACCAAGGACCT,1,4790988
ygeX_predicted,0.07692307692307693,26,25,CTTGCAGATCTAAGGCGCCA,1,4778251
ygeX_predicted,0.11538461538461539,27,25,CTATTCTGGTCAGTAACTCT,2,4780840
ygeX_predicted,15.538461538461538,428,25,CGCAGGACCTGCTTACGCGC,403,4794392
ygeX_predicted,0.07692307692307693,26,25,CGACTCCTGGGATATGCACA,1,4785708
ygeX_predicted,0.07692307692307693,26,25,ACTCCGTGAGGATTTGCAGT,1,4770285
ygeX_predicted,18.76923076923077,512,25,AAGTATCCATTATTAGGCTT,487,4783884
ygeX_predicted,2.423076923076923,87,25,AACGGTCTTGGAAGCTACCG,62,4774530
ygeX_predicted,0.07692307692307693,26,25,AAAGCTGTTAGTGTTCGTTT,1,4779149
ygeX_predicted,0.2,28,24,TGCAGATCTTCCCCCTCGGA,4,4766780
ygeX_predicted,0.08,25,24,TATACTGCAGTTTTGAGCAT,1,4770685
ygeX_predicted,0.08,25,24,GTGAGTAGTTAAACATCCCC,1,4785384
ygeX_predicted,0.08,25,24,GGTCCGATCTCGACGTGCAT,1,4775152
ygeX_predicted,0.08,25,24,GGCTGTACCTTTGGAGTTCG,1,4780305
ygeX_predicted,0.12,26,24,GATAATTGCATCGAAATGCA,2,4775380
ygeX_predicted,21.64,564,24,GACATTACCAGAAGGACGGT,540,4770698
ygeX_predicted,0.08,25,24,GACATAACGACTTCTTAAGC,1,4772560
ygeX_predicted,0.08,25,24,GAAGACTTCCTGAGGGGTGG,1,4773457
ygeX_predicted,0.12,26,24,CTGCCATCAAGCTTGTCAGG,2,4776612
ygeX_predicted,0.12,26,24,CCGGGCCAAGGCGCGGGTTG,2,4775079
ygeX_predicted,0.08,25,24,CCGGAAGCCGACCTAGACTG,1,4767129
ygeX_predicted,0.08,25,24,CATACGTCTCGCCTTGCACT,1,4783886
ygeX_predicted,21.56,562,24,CAGATTTGAAACTCCATAAT,538,4787260
ygeX_predicted,0.08,25,24,AGAACCATGAATAAGCCAAC,1,4787049
ygeX_predicted,0.08,25,24,ACGATACTCGGCTTCTCGAT,1,4786965
ygeX_predicted,0.08,25,24,ACATTTATGCAGTCAACGCA,1,4772764
ygeX_predicted,0.08,25,24,AATACAACCACAGAGCAGCA,1,4772076
ygeX_predicted,0.08333333333333333,24,23,TTTGGTGCACGGTGAAACAG,1,4785507
ygeX_predicted,0.08333333333333333,24,23,TTAGGGCGCGCCTCCCGGCA,1,4785439
ygeX_predicted,0.125,25,23,TTACGCTGGCTACCAAAACT,2,4791915
ygeX_predicted,23.541666666666668,587,23,TCTTGACCGGTAGGGGTAGA,564,4791368
ygeX_predicted,0.08333333333333333,24,23,TATAAGCCTGAATGGATCTT,1,4787946
ygeX_predicted,0.125,25,23,TAGAATCGCTCGGCCACTTT,2,4785764
ygeX_predicted,0.08333333333333333,24,23,TAAAACGCTTTGGTATCAAT,1,4790425
ygeX_predicted,18.25,460,23,GTTCCACACAGGACATGGCT,437,4786841
ygeX_predicted,21.625,541,23,GTTAGAGCGTTAATAGTCGC,518,4787583
ygeX_predicted,0.08333333333333333,24,23,GTGTCTGTAAATATGTTCGA,1,4794265
ygeX_predicted,0.125,25,23,CTTGGAATGGATGCGGATCA,2,4785723
ygeX_predicted,19.583333333333332,492,23,CTTCCAGGGCGAACAGACAG,469,4779905
ygeX_predicted,22.541666666666668,563,23,CTATTACTGCCATCATGGTA,540,4775932
ygeX_predicted,0.08333333333333333,24,23,CGTTGAAGAACAGGAATGAA,1,4779709
ygeX_predicted,0.08333333333333333,24,23,CCGCTTCGTAGTCAGCCATA,1,4777268
ygeX_predicted,15.875,403,23,CCGAAGATATCGTGTTCGTG,380,4787520
ygeX_predicted,0.125,25,23,ATTGTGCGCTTCTGTAAATT,2,4769728
ygeX_predicted,0.08333333333333333,24,23,ATGAGCCTACCTTTCACGGG,1,4794431
ygeX_predicted,0.08333333333333333,24,23,ATCGTCACCGTCTTTGTCTG,1,4786271
ygeX_predicted,0.125,25,23,ATCCGTCATGTTTCTTACAA,2,4791259
ygeX_predicted,0.08333333333333333,24,23,AGTATCGTCGATCCCAAAAA,1,4768573
ygeX_predicted,0.08333333333333333,24,23,ACTCTACGGGGTTTGGCCCT,1,4783868
ygeX_predicted,0.08333333333333333,24,23,ACCATAAGGAACCGCAATCA,1,4774052
ygeX_predicted,0.08333333333333333,24,23,ACAGTGGCTGCATACGATAA,1,4771292
ygeX_predicted,0.16666666666666666,26,23,AAGGATAACTGCTTGGGGGT,3,4782568
ygeX_predicted,20.041666666666668,503,23,AACTGGCCAGTGTTGAATTC,480,4780799
ygeX_predicted,0.08333333333333333,24,23,AACGTTTACTCGAGGCGAAG,1,4771001
ygeX_predicted,0.08695652173913043,23,22,TTTGACTGCTTCATTCGCGC,1,4781695
ygeX_predicted,0.08695652173913043,23,22,TTTCCGCTGATTCTTATCTG,1,4775912
ygeX_predicted,0.13043478260869565,24,22,TGGTGCAATCGATGACAAAG,2,4775514
ygeX_predicted,0.08695652173913043,23,22,TGGGGCTATGCTAGGGGCTG,1,4790747
ygeX_predicted,0.08695652173913043,23,22,TATGCTATATCACGCTCTAT,1,4776698
ygeX_predicted,0.13043478260869565,24,22,GTGTCAACAGCTCACGGGCA,2,4785645
ygeX_predicted,0.13043478260869565,24,22,GGAGCATCCATTTTGTAGCA,2,4775588
ygeX_predicted,13.608695652173912,334,22,GCGTGTGCCCTATTTATCCC,312,4766862
ygeX_predicted,0.08695652173913043,23,22,GCGCCTTGTGACAGAAAAAA,1,4785477
ygeX_predicted,0.13043478260869565,24,22,GCCGCATGCCACGAGGCGTT,2,4770388
ygeX_predicted,0.08695652173913043,23,22,GAGTTTCATGTGGCCCGAAA,1,4773627
ygeX_predicted,0.13043478260869565,24,22,CTAGGTGCTCCAGATCATAG,2,4781253
ygeX_predicted,0.17391304347826086,25,22,CGGTCCCGTAGACAATTAAG,3,4774362
ygeX_predicted,0.08695652173913043,23,22,CCTCAAACCCTTGCGTTTGG,1,4782097
ygeX_predicted,22.782608695652176,545,22,CAGGCAACTGAATTTGCTGT,523,4779065
ygeX_predicted,0.08695652173913043,23,22,CACACCACCGACGGTTAAAA,1,4790069
ygeX_predicted,0.13043478260869565,24,22,ATGCCTCTCGCAGAATTACT,2,4773697
ygeX_predicted,22.52173913043478,539,22,ACGTTACTGTTCAGAACATA,517,4779274
ygeX_predicted,0.08695652173913043,23,22,ACGGTGCCGGGTTAGTAGAT,1,4766848
ygeX_predicted,0.08695652173913043,23,22,ACGGTACGAAGACCCGCTTT,1,4793320
ygeX_predicted,0.13043478260869565,24,22,ACCACATAGTTGTTAAGCCC,2,4784265
ygeX_predicted,0.13043478260869565,24,22,AACCCGAATTTAGCAGCGGG,2,4769860
ygeX_predicted,22.434782608695652,537,22,AAAAGAACAGGGACTACACC,515,4792232
ygeX_predicted,0.09090909090909091,22,21,TCGCTCGCTCTGTGTTGCGT,1,4778924
ygeX_predicted,0.09090909090909091,22,21,GGAAGGCTCGTTAACCGGCT,1,4770517
ygeX_predicted,0.09090909090909091,22,21,GATTCATATATCACAGCATA,1,4793948
ygeX_predicted,0.22727272727272727,25,21,GATTAAACGAAATTGCAGAC,4,4781971
ygeX_predicted,0.09090909090909091,22,21,GAGGTCAGCAGGTTCATGAT,1,4769106
ygeX_predicted,32.31818181818182,731,21,GACTTTGCGGGAGACCCATT,710,4791570
ygeX_predicted,0.09090909090909091,22,21,CTTTATGGAGCGAATCGGGT,1,4780825
ygeX_predicted,20.136363636363637,463,21,CTACCCTCTACGGGAGTCTA,442,4788430
ygeX_predicted,0.09090909090909091,22,21,CGCGAACCTTGAAAAATTTA,1,4783582
ygeX_predicted,0.09090909090909091,22,21,CCTGTTTGGCGACAGTACCG,1,4789677
ygeX_predicted,0.09090909090909091,22,21,CCGTTCAGTCCTACATGATT,1,4781306
ygeX_predicted,0.09090909090909091,22,21,CCGATAGTCACTTTACGAGA,1,4770085
ygeX_predicted,0.09090909090909091,22,21,CATCTGGGTTTCCTCGAAAC,1,4792898
ygeX_predicted,22.40909090909091,513,21,CAATCAACCATCAATGGGTA,492,4780107
ygeX_predicted,0.09090909090909091,22,21,CAACTCTTGGCGTGGGTTCC,1,4788811
ygeX_predicted,0.09090909090909091,22,21,ATTCAGCACACCATCGAGTG,1,4767948
ygeX_predicted,0.09090909090909091,22,21,AATGTGATGGACTCACTGTG,1,4775430
ygeX_predicted,15.454545454545455,360,21,AACCGCGCGGGGGCACTATC,339,4786811
ygeX_predicted,12.045454545454545,285,21,AAAGCGACCTAAGAAACCTC,264,4781051
ygeX_predicted,3.142857142857143,85,20,TAGCCCGGGGACTCTACTAA,65,4771288
ygeX_predicted,0.14285714285714285,22,20,TACATAATTGGTGTCGAATA,2,4776414
ygeX_predicted,0.09523809523809523,21,20,GTTTGTGGATGAGATAAACC,1,4790649
ygeX_predicted,0.09523809523809523,21,20,GAGCATGTGTCGGTTGTGCC,1,4781213
ygeX_predicted,0.09523809523809523,21,20,CTGGCCGGCGACGATTGGAA,1,4787240
ygeX_predicted,0.09523809523809523,21,20,CTGACTCTGTTCTTAAACTA,1,4783777
ygeX_predicted,0.09523809523809523,21,20,CTACCACCGGACGCATCTAA,1,4768056
ygeX_predicted,0.14285714285714285,22,20,ATGATACTGTTGGTCCAGCC,2,4775336
ygeX_predicted,0.19047619047619047,23,20,ATCGTTAGCGCTTAGACCCG,3,4785396
ygeX_predicted,0.09523809523809523,21,20,ATCGGTTTAGTGATCATCTG,1,4774239
ygeX_predicted,0.09523809523809523,21,20,ACGCATTGTCCGGTTTTTGC,1,4789143
ygeX_predicted,0.25,23,19,TTCGTTGCGTACTCGTCATT,4,4791900
ygeX_predicted,0.2,22,19,TTCGAATGAATGTGTATGTA,3,4793849
ygeX_predicted,0.1,20,19,TTCATCCGTGTCACATGTTT,1,4785330
ygeX_predicted,0.1,20,19,TTAGGGAGTAACTTGAGGAA,1,4793258
ygeX_predicted,21.2,442,19,TTACTTAAAGCCATCTTTGT,423,4777389
ygeX_predicted,0.15,21,19,TGGTGGGCCGAGCTTCTTCG,2,4769050
ygeX_predicted,0.1,20,19,TGGAGAGACATCCCATTATG,1,4786319
ygeX_predicted,0.1,20,19,TGATCAATAATCCCGTTCAC,1,4787793
ygeX_predicted,0.1,20,19,TATGTACCGTCCTAGTTCTA,1,4775279
ygeX_predicted,0.2,22,19,GGGTGTGTTGCTGAAATTAT,3,4791585
ygeX_predicted,0.1,20,19,GCCATCGCAGAGGGGGTGAT,1,4766822
ygeX_predicted,0.1,20,19,GACCGCCCACCCGCGTACAC,1,4791887
ygeX_predicted,0.1,20,19,GAAATCGGCTTACAAATGCT,1,4794306
ygeX_predicted,0.2,22,19,CGTTGGCTGCATAATTGTAT,3,4768960
ygeX_predicted,0.1,20,19,CGTTGCGGTCGTCCCTCAGT,1,4773130
ygeX_predicted,0.1,20,19,CGTCATTGCAAGGGTTCGTG,1,4767481
ygeX_predicted,0.1,20,19,CCTTGTCCGTGGGTCGTAGT,1,4773879
ygeX_predicted,0.1,20,19,CCCTCCTCGGTGAAGATTAA,1,4793295
ygeX_predicted,25.8,534,19,CACGTAGCGGACAGCCATAG,515,4769661
ygeX_predicted,0.1,20,19,CACCAAAGTCATAATCGATC,1,4773701
ygeX_predicted,0.15,21,19,ATGCGCCAAATGTCCCCTAT,2,4771907
ygeX_predicted,26.1,540,19,AGTGTCGTAACCTTCTCGAC,521,4786845
ygeX_predicted,0.1,20,19,AGGGAATCTAAATTGAGCAG,1,4794245
ygeX_predicted,0.1,20,19,AAGATCAACCCGTTAGAGCG,1,4786306
ygeX_predicted,0.10526315789473684,19,18,TGGTCCTTGAAACGTCGGTT,1,4771384
ygeX_predicted,0.15789473684210525,20,18,TGCGATCTAGGCTAGGAGCT,2,4769713
ygeX_predicted,0.10526315789473684,19,18,TCATGACGGAATGATTGCCC,1,4772916
ygeX_predicted,0.10526315789473684,19,18,TATTGTCTGACGTGTACGGG,1,4767681
ygeX_predicted,0.15789473684210525,20,18,GGTGGCCCGGCGGGGCTAAT,2,4772219
ygeX_predicted,25.473684210526315,501,18,GCAACTGTGAAGCGGCCCAA,483,4794611
ygeX_predicted,26.526315789473685,521,18,GAGTGAGTAGCACTAATTTA,503,4776649
ygeX_predicted,0.10526315789473684,19,18,GAATCCTGAGCCATCGTCCT,1,4777090
ygeX_predicted,0.15789473684210525,20,18,GAAATTCGGTTACGCTACAT,2,4784391
ygeX_predicted,0.10526315789473684,19,18,CTCCGACTAGAGCTACATAA,1,4786967
ygeX_predicted,0.10526315789473684,19,18,CGTGGCCGTTCGGGATAAAT,1,4775746
ygeX_predicted,0.10526315789473684,19,18,CGTGCGTAGCAGTGCAAATG,1,4778133
ygeX_predicted,0.10526315789473684,19,18,CGGCTCTCTCAAGCACAATA,1,4779143
ygeX_predicted,0.10526315789473684,19,18,CGACTTGCACGACGGTTCCG,1,4769863
ygeX_predicted,26.0,511,18,CCCTTGGCCAACCATCTGTT,493,4777726
ygeX_predicted,0.10526315789473684,19,18,CATTGAGCTGTAGTACACGT,1,4786054
ygeX_predicted,0.10526315789473684,19,18,CATAATCCCTCCAATGCGAC,1,4781594
ygeX_predicted,0.10526315789473684,19,18,CAGACAAGGTCGATACCCTT,1,4780492
ygeX_predicted,0.21052631578947367,21,18,CACTATCAGTGCATGGGGAA,3,4780983
ygeX_predicted,0.21052631578947367,21,18,CACTATACCTAGTGTCCAGA,3,4782262
ygeX_predicted,0.10526315789473684,19,18,ATGCCATCCAAGCGGGCAGA,1,4768504
ygeX_predicted,0.10526315789473684,19,18,ATGAGAGCACAGGCCGGAAC,1,4773309
ygeX_predicted,0.10526315789473684,19,18,ATACCTGATGCGGAGACCAT,1,4783515
ygeX_predicted,0.10526315789473684,19,18,AGTGACCAGAAGACACAGTG,1,4776192
ygeX_predicted,0.10526315789473684,19,18,ACTAACCAGGAATCCTTTAC,1,4777289
ygeX_predicted,0.10526315789473684,19,18,ACGTCTTGGGACAAATAAGT,1,4786129
ygeX_predicted,28.736842105263158,563,18,ACCATATATGGTAACGTTAT,545,4782548
ygeX_predicted,0.10526315789473684,19,18,AAATTCCTTACCTTTTCGAA,1,4785984
ygeX_predicted,0.21052631578947367,21,18,AAAACTCGGTCTCGAAGGAC,3,4777883
ygeX_predicted,0.1111111111111111,18,17,TTTCGTCGCAGCAACCTTAA,1,4774673
ygeX_predicted,0.1111111111111111,18,17,TTTATTTCACCGCAAGGCTT,1,4780101
ygeX_predicted,0.16666666666666666,19,17,TTACGCGGTTCCAGGGCCTG,2,4768246
ygeX_predicted,0.3333333333333333,22,17,TGGGTCTCCCACACCTGCTA,5,4779982
ygeX_predicted,0.1111111111111111,18,17,TGAAGGGGTGACCATGTAGG,1,4794287
ygeX_predicted,0.1111111111111111,18,17,TCTGTTAATGTAGTACCTGA,1,4773794
ygeX_predicted,0.1111111111111111,18,17,TCCATTCGGGTTCGGTCATG,1,4791208
ygeX_predicted,0.1111111111111111,18,17,TCACCTTGGGTCTGAGCTTC,1,4778463
ygeX_predicted,0.1111111111111111,18,17,GTTGCTTCGGCTAATCACAA,1,4776035
ygeX_predicted,0.2777777777777778,21,17,GCATTGTTCCTAGATTGTTC,4,4786589
ygeX_predicted,27.61111111111111,513,17,GCAGTGTGCCCTGAGAATGT,496,4769240
ygeX_predicted,27.22222222222222,506,17,GAACTGCCATCAACCAGGCA,489,4776617
ygeX_predicted,0.16666666666666666,19,17,CTGATACCTCATTTCATTTT,2,4790704
ygeX_predicted,0.1111111111111111,18,17,CTGAGTCGTTAAGCCACGTG,1,4775930
ygeX_predicted,0.16666666666666666,19,17,CGGCACCACTGGGCCATTCG,2,4777323
ygeX_predicted,0.1111111111111111,18,17,CGACTCATTAGGGATTTGGT,1,4775894
ygeX_predicted,0.16666666666666666,19,17,CCTTTCGTAGGTGTTAGTAC,2,4788907
ygeX_predicted,0.1111111111111111,18,17,CCTGGACGGCGCGGATTAAC,1,4785159
ygeX_predicted,0.1111111111111111,18,17,CCCCTCGGTAATGGTACGAA,1,4781026
ygeX_predicted,0.1111111111111111,18,17,CAGTTTCCCCCACGACCATA,1,4775354
ygeX_predicted,0.1111111111111111,18,17,ATGGCATACCTGGTTGACCG,1,4782620
ygeX_predicted,0.1111111111111111,18,17,ATACGTCCCGGCTCCGGATC,1,4776141
ygeX_predicted,0.2777777777777778,21,17,AAGTGCGACAACGGAGATGT,4,4773641
ygeX_predicted,0.1111111111111111,18,17,AAGGATATGCAGTGTTAGCG,1,4788579
ygeX_predicted,0.16666666666666666,19,17,AACCCGTGGTTGAGCGTAGG,2,4793734
ygeX_predicted,0.11764705882352941,17,16,TCGTTCCTATTTAATGTGCT,1,4768094
ygeX_predicted,0.11764705882352941,17,16,TCGGAGTGAAGGGGGATGTC,1,4778052
ygeX_predicted,0.29411764705882354,20,16,TCGCAACCGTCGTACATTTT,4,4789531
ygeX_predicted,20.0,355,16,TCCTTCTCGCGTGGAAGCTG,339,4785299
ygeX_predicted,15.352941176470589,276,16,TCCGCAATACTATGATGTTC,260,4784263
ygeX_predicted,0.11764705882352941,17,16,TATACGTCTTGTGGTTCTAA,1,4771711
ygeX_predicted,0.17647058823529413,18,16,GTGCGTACGGAATGGGAGTT,2,4788456
ygeX_predicted,0.11764705882352941,17,16,GTGCACTACTCACCTAGGGG,1,4784993
ygeX_predicted,0.17647058823529413,18,16,GTATCAGCCCGGTCCACCAC,2,4781532
ygeX_predicted,0.11764705882352941,17,16,GGTCGGCCACATTACTCTAT,1,4794511
ygeX_predicted,0.11764705882352941,17,16,GGGGACGTATGTTTTTGAAG,1,4766949
ygeX_predicted,12.176470588235293,222,16,GGGCGTTAGGCGCTAGTTTT,206,4789324
ygeX_predicted,0.11764705882352941,17,16,GGGCGGCCGTGTTAAGACAG,1,4786815
ygeX_predicted,0.11764705882352941,17,16,GGCAACTTTGTTTCCTTGCG,1,4776751
ygeX_predicted,0.11764705882352941,17,16,GCGCCCATAGACGATTGGCA,1,4772920
ygeX_predicted,0.11764705882352941,17,16,GCAACCGTTTATCCTAGTTT,1,4772804
ygeX_predicted,26.176470588235293,460,16,CTGTGGGGTTCGAAGGTCAT,444,4787628
ygeX_predicted,0.17647058823529413,18,16,CTACGTGATGCTCGGTTCAG,2,4789378
ygeX_predicted,0.11764705882352941,17,16,CGATTCGGGACCTCATGGAG,1,4784468
ygeX_predicted,0.11764705882352941,17,16,CCCGGCCACCAGTTGTCTTC,1,4767713
ygeX_predicted,0.11764705882352941,17,16,CCCCAATGTCGGCCTCGACT,1,4777480
ygeX_predicted,0.11764705882352941,17,16,CAGTGGGCTATTATTGGACT,1,4783534
ygeX_predicted,0.11764705882352941,17,16,CAAGTTCGCCTTCGTTGCAG,1,4775789
ygeX_predicted,0.11764705882352941,17,16,CAACAACCCCCGACGTATAG,1,4782265
ygeX_predicted,0.11764705882352941,17,16,ATTTTATTGTAATAGCGGTA,1,4771298
ygeX_predicted,0.17647058823529413,18,16,ATCCTATCAACAAGTGTGCA,2,4791780
ygeX_predicted,33.294117647058826,581,16,AGCTACATAAACTGACGTAT,565,4776274
ygeX_predicted,0.11764705882352941,17,16,AGAGTTAGCCTACATTCAGC,1,4768699
ygeX_predicted,0.11764705882352941,17,16,AGAGGGTGCATACAAGAGCT,1,4777984
ygeX_predicted,0.11764705882352941,17,16,ACCGGTTACAGAAGAGGAAG,1,4787456
ygeX_predicted,11.882352941176471,217,16,AATTCCCCGCTATCAGCTCG,201,4790882
ygeX_predicted,0.11764705882352941,17,16,AAGGCGTAGGGGTTATCCGA,1,4774805
ygeX_predicted,0.11764705882352941,17,16,AAACGAGGGTACGACGTTGC,1,4781125
ygeX_predicted,0.125,16,15,TTCGCCGTACCATGCCCATT,1,4788244
ygeX_predicted,0.125,16,15,TTATATTTGCTCCCACATAT,1,4767730
ygeX_predicted,0.1875,17,15,TGTTAGTATCGATTTTTTAG,2,4777652
ygeX_predicted,32.375,532,15,TCTCGATCCATGTCATCAAA,517,4772754
ygeX_predicted,0.125,16,15,TCAAAGTTTGTAGATTATGT,1,4792345
ygeX_predicted,0.1875,17,15,TACCTTTTCTTTCTGTGTCG,2,4776716
ygeX_predicted,0.125,16,15,GGTGATAGGGTGTCTTTGTT,1,4792467
ygeX_predicted,25.1875,417,15,GGCCCGGTAGCATTGTTTCT,402,4780431
ygeX_predicted,0.125,16,15,GACCCACGCTAACGCGCCCC,1,4793591
ygeX_predicted,0.125,16,15,GACACTGCCATAGATCATAC,1,4790125
ygeX_predicted,25.0,414,15,CGACCGGACACCCGGAGAGC,399,4771268
ygeX_predicted,0.1875,17,15,CGAATGGGGCGCTCATATAT,2,4787418
ygeX_predicted,0.3125,19,15,CCATCAAGCTAAGCCATACT,4,4780223
ygeX_predicted,0.125,16,15,CACATATCGCGCCTCCACTT,1,4781292
ygeX_predicted,10.9375,189,15,CAACGGGTTGATCGGATCTA,174,4771225
ygeX_predicted,30.4375,501,15,AGTTCCCTTATTTGGAGGCA,486,4790185
ygeX_predicted,0.125,16,15,ACGAAGCTATCTGCTTGTAC,1,4771759
ygeX_predicted,0.125,16,15,AAATACTTTCTTAAGTGGTA,1,4771239
ygeX_predicted,20.4,319,14,TTGTGAGGGGTGACTCCCAC,305,4775480
ygeX_predicted,0.13333333333333333,15,14,TTCAACCCCCTTCTGTATAC,1,4770315
ygeX_predicted,36.4,559,14,TTAGTTCACAAGATAAATAG,545,4783929
ygeX_predicted,0.13333333333333333,15,14,TTAACCGTCAATCTTCGCCA,1,4772538
ygeX_predicted,0.2,16,14,TGAGAATCGATCACTTGCGA,2,4768624
ygeX_predicted,0.13333333333333333,15,14,TCCCGTTATAAATTCCTCCA,1,4770776
ygeX_predicted,36.46666666666667,560,14,TAGGAGATCACAGATCCTTG,546,4779156
ygeX_predicted,0.13333333333333333,15,14,GTGTACAGCGCTTCCCCAGG,1,4786911
ygeX_predicted,0.2,16,14,GTGCGGGGTTGCTGTTCGGG,2,4787907
ygeX_predicted,32.86666666666667,506,14,GGTTGCCTCTTAAAATCAAA,492,4776906
ygeX_predicted,0.13333333333333333,15,14,GGTCTAGGCTTCCTTCAATG,1,4771763
ygeX_predicted,28.933333333333334,447,14,GCACGACACTCCGGTAGACA,433,4778571
ygeX_predicted,0.2,16,14,GAATGCCCGTGAGCAAACCA,2,4784023
ygeX_predicted,0.2,16,14,CTCAAGGCCTAGTTTTTTAG,2,4785873
ygeX_predicted,0.3333333333333333,18,14,CGGGCCGATCTGTTTTGGAC,4,4781481
ygeX_predicted,0.13333333333333333,15,14,CGCTAATATATACGCGCGTC,1,4779740
ygeX_predicted,22.666666666666668,353,14,CCGAATTCAAGCTCTGCGTA,339,4788169
ygeX_predicted,23.933333333333334,372,14,CCCCTGTGCGGGCTCATAGG,358,4792637
ygeX_predicted,0.13333333333333333,15,14,CATCATGCGTTACCGACATA,1,4767691
ygeX_predicted,0.4,19,14,CATATCAACCTAACTTCAAA,5,4777021
ygeX_predicted,0.13333333333333333,15,14,CACCACGGTAGTCTGAAAGT,1,4769793
ygeX_predicted,0.13333333333333333,15,14,ATGCTCTGTCGAGCTTTGTG,1,4787883
ygeX_predicted,0.13333333333333333,15,14,ATACTTGGCGGCCCCCAGCA,1,4775780
ygeX_predicted,57.46666666666667,875,14,ATAACATAACTTATTCATTT,861,4770976
ygeX_predicted,36.06666666666667,554,14,AGATAGACGAAGCTTCTGGC,540,4786759
ygeX_predicted,0.13333333333333333,15,14,ACTTACAAATAGCGGGAGAA,1,4793344
ygeX_predicted,0.13333333333333333,15,14,ACAAAACTATGACCATGCGT,1,4770168
ygeX_predicted,0.14285714285714285,14,13,TTGATGGGGTCTAGCATGAG,1,4772433
ygeX_predicted,0.14285714285714285,14,13,TTGACCGGCGCACCAAATAT,1,4778020
ygeX_predicted,0.14285714285714285,14,13,TTCTAAAGCCGATGATACGA,1,4772109
ygeX_predicted,0.14285714285714285,14,13,TTCCAGTGGTTGTCAATGAA,1,4783695
ygeX_predicted,0.14285714285714285,14,13,TGTCAGTGGCCGAGATTCAA,1,4768770
ygeX_predicted,0.14285714285714285,14,13,TGGATTAGCCAATATAATCT,1,4792749
ygeX_predicted,0.21428571428571427,15,13,TGACACTTCTTAGCCGAGAA,2,4781122
ygeX_predicted,0.14285714285714285,14,13,TCACGGCCAATCACATGAAC,1,4784384
ygeX_predicted,0.14285714285714285,14,13,TAGAATCGAGCAATGGAAAT,1,4784662
ygeX_predicted,35.0,502,13,GTCTCCATATGAACCGACTA,489,4794077
ygeX_predicted,0.14285714285714285,14,13,GTCGTGATTCATCAGGGTGA,1,4772178
ygeX_predicted,33.785714285714285,485,13,GGACGATGAACAAGTGCAAA,472,4776122
ygeX_predicted,31.571428571428573,454,13,GCTATCCCAATAGCTGCCCA,441,4766842
ygeX_predicted,15.071428571428571,223,13,GCGTCAGAGAATTCGCGAAA,210,4791816
ygeX_predicted,0.14285714285714285,14,13,GCAGATGCTCCGTTAAGTGA,1,4785195
ygeX_predicted,0.14285714285714285,14,13,GATGGCATTTCAGAGGTAGA,1,4786901
ygeX_predicted,0.14285714285714285,14,13,GAGTATTACATTTAGATGGT,1,4773542
ygeX_predicted,0.14285714285714285,14,13,GAGGATCCCAAAGCACTTTT,1,4791934
ygeX_predicted,0.21428571428571427,15,13,GACGCAATGGTGTCGAGAGC,2,4792097
ygeX_predicted,0.14285714285714285,14,13,CTTGGCTTAGATTAGGGTGA,1,4783388
ygeX_predicted,0.14285714285714285,14,13,CTCAAGGTCACTGCATACGC,1,4788877
ygeX_predicted,32.285714285714285,464,13,CGTAGTTCGTACCGAGTATA,451,4793850
ygeX_predicted,27.0,390,13,CGGTCGCCGTGTACGAAGGC,377,4791992
ygeX_predicted,0.21428571428571427,15,13,CCCGCTGGGGAACTTGTGAA,2,4783708
ygeX_predicted,0.14285714285714285,14,13,CACTGTAAGAGCAACCATGC,1,4786052
ygeX_predicted,0.14285714285714285,14,13,ATATATGGCCTCGCTTTCTC,1,4789057
ygeX_predicted,0.14285714285714285,14,13,AGTACTCTAGTAATTACCTT,1,4775506
ygeX_predicted,35.357142857142854,507,13,ACGTGTTACGCTCTAGTGGG,494,4782069
ygeX_predicted,33.214285714285715,477,13,ACCGATCTGACTGGGGGTAA,464,4778378
ygeX_predicted,0.14285714285714285,14,13,AAGGAGGGTCCGAATCTACT,1,4788645
ygeX_predicted,0.15384615384615385,13,12,TTCACTGGTAGCATTGTTGT,1,4778612
ygeX_predicted,0.15384615384615385,13,12,TTACTCGTATGCAGCGTTAG,1,4788294
ygeX_predicted,36.84615384615385,490,12,TGGAGGGAGAGTGGGCGGGC,478,4770186
ygeX_predicted,0.15384615384615385,13,12,TCCGGGAGCTTCACAATCCT,1,4787249
ygeX_predicted,0.15384615384615385,13,12,TATTACGTGTGCGATGGAAT,1,4778370
ygeX_predicted,0.15384615384615385,13,12,TATGTGCGGGAGTTTTCTTG,1,4775773
ygeX_predicted,0.15384615384615385,13,12,TATATTCAGACGGACCGCGA,1,4772478
ygeX_predicted,0.5384615384615384,18,12,TAGATGAAGATTCACCCCGA,6,4779057
ygeX_predicted,0.15384615384615385,13,12,GTTGCCTCACACCATTCAGT,1,4789956
ygeX_predicted,0.15384615384615385,13,12,GTCCAACGCTGCGCGGAGAC,1,4768247
ygeX_predicted,0.15384615384615385,13,12,GGTTTGAGGTAGCTTTGACT,1,4766695
ygeX_predicted,0.15384615384615385,13,12,GCTTATGCAGGTACCCTGGA,1,4771215
ygeX_predicted,0.15384615384615385,13,12,GATGCTGCCGTACGCTTTGA,1,4783449
ygeX_predicted,0.15384615384615385,13,12,GACCTGTACGTAGAGATTCC,1,4790245
ygeX_predicted,0.15384615384615385,13,12,CGAGGTGGTCCCAACACGCA,1,4768762
ygeX_predicted,0.3076923076923077,15,12,CCGTTTCTCAAACCATCAAT,3,4788076
ygeX_predicted,41.30769230769231,548,12,CCGATAACCAACCTCTTACC,536,4771635
ygeX_predicted,42.30769230769231,561,12,CCAATCGGATTTGCTAAGCC,549,4773644
ygeX_predicted,34.23076923076923,456,12,CATGAGGTGGTGTATTGAAT,444,4774855
ygeX_predicted,0.23076923076923078,14,12,CATCGGGTCTATGCAGCTCC,2,4789973
ygeX_predicted,0.15384615384615385,13,12,CAGTTATATAAACCTAGCGT,1,4770216
ygeX_predicted,0.15384615384615385,13,12,CACGCCCCTGGCGTTCAAAG,1,4794278
ygeX_predicted,0.15384615384615385,13,12,CACAGAAGGTCCGTGTGGGC,1,4774259
ygeX_predicted,0.15384615384615385,13,12,ATTCATGTTACATTAGAATA,1,4774662
ygeX_predicted,0.15384615384615385,13,12,ATTATGAGAGCCGACCCCAA,1,4794080
ygeX_predicted,0.15384615384615385,13,12,ATAGATTACCGGACCTCTTA,1,4777023
ygeX_predicted,0.15384615384615385,13,12,AGGCCAATCGAATAAAATTC,1,4766806
ygeX_predicted,74.3076923076923,977,12,AGACTTCAACTTCATATGTT,965,4784786
ygeX_predicted,32.84615384615385,438,12,ACGGGTGCAGATCAACGGTA,426,4774657
ygeX_predicted,37.76923076923077,502,12,ACGAACTCGGGACTTCTATT,490,4782011
ygeX_predicted,0.15384615384615385,13,12,AAATTGATTCCCGCCTCCCT,1,4767625
ygeX_predicted,0.16666666666666666,12,11,TTTTAAAAGAACACAATCTG,1,4783100
ygeX_predicted,0.25,13,11,TGCATGAGAGAGCATTACAA,2,4786687
ygeX_predicted,0.3333333333333333,14,11,TGACTGGGGGTCGGGGGCTC,3,4773499
ygeX_predicted,0.16666666666666666,12,11,TAGGACTTAGTTCTGTCAAT,1,4767913
ygeX_predicted,43.083333333333336,527,11,TAGCCAGCAACAATCAGGTC,516,4782194
ygeX_predicted,0.16666666666666666,12,11,TACAACCACAAGTCACGGAA,1,4768080
ygeX_predicted,0.16666666666666666,12,11,TAACTGGAAGAACTGACAAA,1,4773451
ygeX_predicted,0.16666666666666666,12,11,GTCTTATCGGACTGGAGTTA,1,4780483
ygeX_predicted,47.583333333333336,581,11,GTCCATAGGGTGACATAAAT,570,4773812
ygeX_predicted,0.16666666666666666,12,11,GTACTAAGATGATTCCCCGA,1,4789868
ygeX_predicted,0.16666666666666666,12,11,GGGGGAACATGTGGGCTGAC,1,4788466
ygeX_predicted,0.16666666666666666,12,11,GAGCCCGTCGGGGACTGAAT,1,4792858
ygeX_predicted,0.16666666666666666,12,11,GAGAGGTGGCGCCCTGTAAA,1,4780049
ygeX_predicted,0.16666666666666666,12,11,CTGCCACCCATCAAAAACAC,1,4774953
ygeX_predicted,37.166666666666664,456,11,CTCGAGCAGCCGGCTTAGGA,445,4769811
ygeX_predicted,0.16666666666666666,12,11,CGCTATCACACTCACCTACT,1,4784584
ygeX_predicted,0.25,13,11,CCTGAACACCGCCACTAGCC,2,4768353
ygeX_predicted,45.333333333333336,554,11,ACTGGGATTTATGTCATCCA,543,4787903
ygeX_predicted,0.16666666666666666,12,11,AATGCGATAGCCCTCCGTAT,1,4770674
ygeX_predicted,0.16666666666666666,12,11,AACGTGTAAATCTCCTCGCT,1,4779790
ygeX_predicted,0.18181818181818182,11,10,TTTCATTTGGGTTGGCTGAT,1,4777779
ygeX_predicted,0.18181818181818182,11,10,TTCTACGAACTCGCTTGAGC,1,4767686
ygeX_predicted,47.18181818181818,528,10,TTAGGATTACTGCGTTATTA,518,4789599
ygeX_predicted,0.18181818181818182,11,10,TGGCGTAGCCTAGTGGCTAA,1,4794846
ygeX_predicted,0.18181818181818182,11,10,TAGCTACCCGTTTGTCTTCC,1,4779799
ygeX_predicted,0.18181818181818182,11,10,TAATTGAACGGGGTTGAAGG,1,4777877
ygeX_predicted,0.18181818181818182,11,10,GTCTTAACCAAATTTCTAGC,1,4792012
ygeX_predicted,0.18181818181818182,11,10,GTCTAGGCCGATTAGGACAT,1,4794661
ygeX_predicted,0.18181818181818182,11,10,GTCAGTAGCGTATCCAGGAT,1,4777749
ygeX_predicted,0.18181818181818182,11,10,GGTGACAATAGGGTCTCTTT,1,4767384
ygeX_predicted,0.18181818181818182,11,10,GGCTGTACCTGTTCCAGTGC,1,4786362
ygeX_predicted,0.18181818181818182,11,10,GGCCTCTTCTCGGGGAATAG,1,4780484
ygeX_predicted,0.18181818181818182,11,10,GGACACATCGTAGAGTGGGG,1,4789014
ygeX_predicted,0.2727272727272727,12,10,GCCCGTAGGCGTTGCGCTAG,2,4787529
ygeX_predicted,0.36363636363636365,13,10,GCAAGAGGTGCATTATTCAG,3,4771657
ygeX_predicted,0.2727272727272727,12,10,CTCGTAGTGTTCCCGATAAT,2,4771452
ygeX_predicted,0.5454545454545454,15,10,CGATCGGCCAGTCCCTCCAT,5,4774569
ygeX_predicted,0.18181818181818182,11,10,CCTGAATTGTGACATGTATC,1,4775881
ygeX_predicted,40.63636363636363,456,10,CCCAGTCGAGTAGTGTACAG,446,4785958
ygeX_predicted,0.36363636363636365,13,10,CCATCACAGTGTCAAGTGGA,3,4771566
ygeX_predicted,26.09090909090909,296,10,CAGCTGCCTCGAACCACGTA,286,4782586
ygeX_predicted,0.18181818181818182,11,10,CAGACCGTCCCAGGGTGCGA,1,4778855
ygeX_predicted,0.18181818181818182,11,10,CAATGGCATACATCCTCGTT,1,4767865
ygeX_predicted,0.2727272727272727,12,10,ATCTGACTTCACTGGACGGG,2,4777304
ygeX_predicted,0.18181818181818182,11,10,ACTGACAGTTGGCAGCTAAC,1,4778586
ygeX_predicted,44.1,449,9,TTTTAAATAATATGCCACCT,440,4786433
ygeX_predicted,0.2,10,9,TTGGTAACATCTGTTTCTGG,1,4776255
ygeX_predicted,46.9,477,9,TTCGCAATCCAGTAGGCCGT,468,4791040
ygeX_predicted,0.2,10,9,TTAGGTAGGTGCGATTTATA,1,4794450
ygeX_predicted,0.3,11,9,TTAATCACGCGAACTCACAG,2,4784867
ygeX_predicted,0.4,12,9,TGGCCTCTGACCTCGCAACT,3,4770911
ygeX_predicted,0.2,10,9,TGCTATTGGAGCAGGAGCAG,1,4790152
ygeX_predicted,0.2,10,9,TCGACTCGCTGATTACGTGC,1,4777636
ygeX_predicted,0.2,10,9,GTATGATCCTGCATCGTTAT,1,4784887
ygeX_predicted,0.3,11,9,GGTCGATGTGCCAAAACACA,2,4769270
ygeX_predicted,0.2,10,9,GATCTCACAGGGATCTTGGG,1,4785066
ygeX_predicted,0.2,10,9,GATAGTTACCGTCACGCCGT,1,4776868
ygeX_predicted,0.3,11,9,GAGATCTGAGTCGCCCTTAT,2,4774474
ygeX_predicted,0.2,10,9,GACCTCAGTGAACAAATTAG,1,4775423
ygeX_predicted,0.4,12,9,GACATTCGAACCATAATTCT,3,4793348
ygeX_predicted,50.2,510,9,CTGATCCGGGGCCTCATCGA,501,4790009
ygeX_predicted,0.2,10,9,CGACCATGAACAGGAGGCCC,1,4788079
ygeX_predicted,53.9,547,9,CGAATCAAACTAAGTTAGAG,538,4775712
ygeX_predicted,0.3,11,9,CCCCTTATATTGAAATTAGT,2,4775620
ygeX_predicted,0.2,10,9,CCATATCTCTAGAATCGGAC,1,4785229
ygeX_predicted,0.2,10,9,CATTTTCGAGTTAAAATTCA,1,4767343
ygeX_predicted,0.2,10,9,AGTGTTACGGCGAGGTCCCG,1,4771425
ygeX_predicted,50.6,514,9,AGCGCGTTCTAGTCGCCACT,505,4792905
ygeX_predicted,0.2,10,9,ACTTTTTGCTCAATCCACGT,1,4775569
ygeX_predicted,0.2,10,9,ACTACTCTCACCGTTCGATG,1,4792368
ygeX_predicted,0.2,10,9,ACGTGTGCGTTGGCACCAAG,1,4768943
ygeX_predicted,0.6,14,9,AATTCCCCCGAAAGTTCAAC,5,4785197
ygeX_predicted,0.2222222222222222,9,8,TTTACTCCGTGGGGGGCCCC,1,4785248
ygeX_predicted,0.2222222222222222,9,8,TTGTTAAGAATCGGTTTTCT,1,4788132
ygeX_predicted,0.2222222222222222,9,8,TGTGCTAGGGGGGACCACAG,1,4773969
ygeX_predicted,0.2222222222222222,9,8,TGGTCAGGCGTACGGCGCAA,1,4768196
ygeX_predicted,0.2222222222222222,9,8,TGGATCAAGAACTGGATAGA,1,4770319
ygeX_predicted,0.2222222222222222,9,8,TCTCCTCGGATCATGGGCCT,1,4780952
ygeX_predicted,0.2222222222222222,9,8,TCGAGAGGTGCTGACGGTAT,1,4794836
ygeX_predicted,0.3333333333333333,10,8,TCCTCGTGGTGGTTTATCAC,2,4781299
ygeX_predicted,56.111111111111114,512,8,TCACTGGCCTGAGCAACGAA,504,4782455
ygeX_predicted,0.5555555555555556,12,8,TCACCAGAGAAACGCAGGAT,4,4768543
ygeX_predicted,0.3333333333333333,10,8,TATTCCTGAGTTCGCCGTTT,2,4791028
ygeX_predicted,0.2222222222222222,9,8,TATGCAGCCATAAAAATATG,1,4792618
ygeX_predicted,0.2222222222222222,9,8,GTTGTTCGTATAGGCAGATG,1,4790058
ygeX_predicted,51.666666666666664,472,8,GGCAGGTTAAATATAAGGGA,464,4767633
ygeX_predicted,0.3333333333333333,10,8,GCGGGGCCGGGCCAGTTTAC,2,4787617
ygeX_predicted,0.3333333333333333,10,8,GCACTGTGTAGTATGAATTG,2,4779220
ygeX_predicted,0.2222222222222222,9,8,GAGTAAGATCGCACGGTCCC,1,4771531
ygeX_predicted,0.2222222222222222,9,8,GAACCTTTTGGCAGCCTGAT,1,4785176
ygeX_predicted,0.2222222222222222,9,8,GAACAGAAATAAGCTTACAC,1,4775060
ygeX_predicted,0.2222222222222222,9,8,CTGCACAGATGGCGTGCTTA,1,4778307
ygeX_predicted,0.2222222222222222,9,8,CTAAGTCGTTGTTAAACGGT,1,4776929
ygeX_predicted,54.22222222222222,495,8,CCCAATCGCGCTGAAACATT,487,4790212
ygeX_predicted,57.666666666666664,526,8,CCAGTCTATTAAGGATTCAA,518,4794883
ygeX_predicted,0.2222222222222222,9,8,CCACCAGACCGGGCTCACCT,1,4792796
ygeX_predicted,0.2222222222222222,9,8,CAGCGGGCAATAAGAATCTT,1,4794712
ygeX_predicted,0.2222222222222222,9,8,ATGCCGGGGTTATGGGAGCA,1,4769369
ygeX_predicted,56.111111111111114,512,8,ATCCGCTGAAGCCATTAAGG,504,4794439
ygeX_predicted,0.2222222222222222,9,8,AGGGGCGGCCATTCGATGCA,1,4768193
ygeX_predicted,0.2222222222222222,9,8,ACGAAGGAAGTCGCTACTCT,1,4774440
ygeX_predicted,0.2222222222222222,9,8,AATACCAGCCCAAACCCAGC,1,4784061
ygeX_predicted,0.2222222222222222,9,8,AATAATCCTACTGAATATAT,1,4778694
ygeX_predicted,0.2222222222222222,9,8,AAGTTCACTGCCTATCACCT,1,4781899
ygeX_predicted,0.3333333333333333,10,8,AAAAGTTGGAAGTGTCGGCT,2,4794042
ygeX_predicted,0.25,8,7,TTGAGCAGGTAGGGCAAAAT,1,4792035
ygeX_predicted,0.5,10,7,TTATATTTGCACTGTCAGAG,3,4785590
ygeX_predicted,0.25,8,7,TGTAACTAGGTTCTTTGGCA,1,4785158
ygeX_predicted,0.25,8,7,GGTCATTTGGATTGTAAGAT,1,4788686
ygeX_predicted,0.375,9,7,GGCGTGAACTCATGGGGTCC,2,4781408
ygeX_predicted,0.25,8,7,GGCGCTAAGAACCCCTATGT,1,4774609
ygeX_predicted,0.25,8,7,GGCGAGGCGCATGTCAGCGC,1,4771685
ygeX_predicted,0.25,8,7,GGCAACTCTGGTAGCCGGCC,1,4783124
ygeX_predicted,0.375,9,7,GATTTCCAGCGTCATTCGGG,2,4771294
ygeX_predicted,0.25,8,7,CTGACTACCTGTTTTGATGT,1,4779593
ygeX_predicted,0.5,10,7,CTATCTATATGCTGCACCCT,3,4776272
ygeX_predicted,0.25,8,7,CTAGGACCGTTATAGTTCGA,1,4781132
ygeX_predicted,0.25,8,7,CGTCTCAACCGACCGTTCCC,1,4784906
ygeX_predicted,0.25,8,7,CGGCTTAGATCCGGTTTAGT,1,4792926
ygeX_predicted,64.875,525,7,CCTAGCAGAACTCCGGCTTC,518,4775428
ygeX_predicted,0.25,8,7,CCCCTGATTTTGGAAAAAAC,1,4770956
ygeX_predicted,0.25,8,7,CAGCGTCGTTGCTCCTACCT,1,4767190
ygeX_predicted,0.25,8,7,CAGAGGAAGATGCCGTCCAC,1,4791098
ygeX_predicted,0.375,9,7,CAAGTTCTTAAGACTTTCTG,2,4779634
ygeX_predicted,36.75,300,7,CAAATGTAATAGGAGAAGCC,293,4779859
ygeX_predicted,0.25,8,7,ATAGACACCGATTAAGATCA,1,4779620
ygeX_predicted,0.25,8,7,AGAGTTAGCGGGCCTGGTCT,1,4773518
ygeX_predicted,0.25,8,7,ACTGCCCAGGTCAGGGTTAC,1,4767236
ygeX_predicted,0.25,8,7,ACGTAATTAGCAATCCATTC,1,4766726
ygeX_predicted,0.25,8,7,ACGAATTAAGATTGTGGGTA,1,4789425
ygeX_predicted,0.375,9,7,ACCAACAAAGATCCGAGGCA,2,4785721
ygeX_predicted,0.25,8,7,ACATTAGCGGGGATTCCTGC,1,4776371
ygeX_predicted,0.25,8,7,AATCGCCCATAAGCTCGGAG,1,4777893
ygeX_predicted,0.2857142857142857,7,6,TTCACGATGTAGTACAACTT,1,4767417
ygeX_predicted,0.2857142857142857,7,6,TTATGCAGCAGATGGTGAAG,1,4772186
ygeX_predicted,71.0,502,6,TGTGAAGCGGAGTTCAAAGG,496,4774364
ygeX_predicted,0.2857142857142857,7,6,TGGTCACGACTACTCGGTGA,1,4787306
ygeX_predicted,51.857142857142854,368,6,TGGCATCGGCGGGTGAGTCG,362,4767485
ygeX_predicted,0.2857142857142857,7,6,TGACTATGTACCCTAATTAA,1,4779699
ygeX_predicted,0.2857142857142857,7,6,TCAACGCATACACCTCGCAA,1,4769510
ygeX_predicted,0.2857142857142857,7,6,TACTGATACCAGCATCCAGG,1,4775253
ygeX_predicted,0.2857142857142857,7,6,GTTACTCAATCGCTATGGAG,1,4793438
ygeX_predicted,0.2857142857142857,7,6,GTCACGGGTGGACTCTGAAT,1,4772194
ygeX_predicted,0.2857142857142857,7,6,GGGGTTTTATGTTCGCTTTA,1,4792689
ygeX_predicted,0.42857142857142855,8,6,GCCTAGGGCCAAATCCTCCT,2,4783960
ygeX_predicted,0.2857142857142857,7,6,GCCGCATTGGGTAGTCATCG,1,4780912
ygeX_predicted,0.7142857142857143,10,6,GCAGGAATCGAATGAATCCA,4,4778776
ygeX_predicted,0.2857142857142857,7,6,GAACACCAAACGCTTTGTAT,1,4769051
ygeX_predicted,0.2857142857142857,7,6,CTGTCATACCGAGGCGGAAC,1,4785118
ygeX_predicted,0.2857142857142857,7,6,CTAGACACAACGAGCAAAGA,1,4775928
ygeX_predicted,0.2857142857142857,7,6,CGGGTGTCGTAAGATATCCA,1,4785009
ygeX_predicted,0.2857142857142857,7,6,CGAAGCTAGGGCAAATGGAT,1,4779610
ygeX_predicted,0.2857142857142857,7,6,CCCTGGATCCGATCGTGGGG,1,4776920
ygeX_predicted,0.2857142857142857,7,6,CCCGCTGAATATTCCCCGTA,1,4782524
ygeX_predicted,0.2857142857142857,7,6,CAGGCACCGCCCCGCAGCCA,1,4789634
ygeX_predicted,0.2857142857142857,7,6,ATTACGACGACACAGTTAGC,1,4783710
ygeX_predicted,0.42857142857142855,8,6,ATGACCGTGGATATGCACGT,2,4771466
ygeX_predicted,64.42857142857143,456,6,AGGGACGTGTGGCGGGCATA,450,4789415
ygeX_predicted,0.5714285714285714,9,6,ACGTCTGGCAAGGTCGGTCA,3,4775915
ygeX_predicted,0.2857142857142857,7,6,ACCACCTTCCGCGAATTACA,1,4768495
ygeX_predicted,0.2857142857142857,7,6,AATCGAGTTGTCTAAACTAG,1,4780428
ygeX_predicted,73.85714285714286,522,6,AAGTTCTAAGCGGTACGTGT,516,4777188
ygeX_predicted,0.42857142857142855,8,6,AACTTGGACCAAGCGAGGAG,2,4794473
ygeX_predicted,0.2857142857142857,7,6,AACCTTACGCGGCGAAGGTA,1,4772585
ygeX_predicted,0.7142857142857143,10,6,AAACACCCATACTTAACGTT,4,4780872
ygeX_predicted,0.5,7,5,TTTCTCGTAATTTGGTCACT,2,4782085
ygeX_predicted,81.5,493,5,TTGGACCCAATATATATAGA,488,4777718
ygeX_predicted,0.6666666666666666,8,5,TTGATTGCCCTGTATAACAG,3,4787241
ygeX_predicted,0.6666666666666666,8,5,TTCTAACTAGGCGTTCCACA,3,4778707
ygeX_predicted,0.3333333333333333,6,5,TGGATCGTCCACGGGAACGA,1,4791549
ygeX_predicted,0.3333333333333333,6,5,TCTAGTACTGAGCAAAGGAT,1,4786395
ygeX_predicted,0.3333333333333333,6,5,TCGCGAGTCGTCTAGCCTGT,1,4794504
ygeX_predicted,0.3333333333333333,6,5,TCCCTGCTAGTTCTAGGCAG,1,4768822
ygeX_predicted,0.3333333333333333,6,5,TCATCAGGAGCGCGGGCGAT,1,4768667
ygeX_predicted,0.3333333333333333,6,5,TCAACGTTACATCATGCCCC,1,4790258
ygeX_predicted,0.3333333333333333,6,5,TATCCGGTTTTAGACGCACG,1,4784546
ygeX_predicted,0.5,7,5,TACATTTTTAGTTTTTCCCC,2,4784244
ygeX_predicted,0.3333333333333333,6,5,TAATTACTCGCAGCTCAAGG,1,4780770
ygeX_predicted,0.3333333333333333,6,5,TAATCAGCCTCGTTATACGA,1,4790210
ygeX_predicted,0.3333333333333333,6,5,GTGTCTTGCAAGGCGCATTA,1,4775804
ygeX_predicted,0.3333333333333333,6,5,GTACGGGGAACCGAGATCAG,1,4771154
ygeX_predicted,0.3333333333333333,6,5,GGACCTACTATTGTATCGTT,1,4768068
ygeX_predicted,35.666666666666664,218,5,GCCCCGTATCGCGCGTCTGG,213,4785298
ygeX_predicted,0.6666666666666666,8,5,GAACGAACATTTGCTTCTAT,3,4793134
ygeX_predicted,0.3333333333333333,6,5,CTTTCCAAATGAGTCTCGTT,1,4769818
ygeX_predicted,0.3333333333333333,6,5,CTCGCACACACGATGTAGGG,1,4792643
ygeX_predicted,0.5,7,5,CTCGAGGTCTTGAATTTTCT,2,4785030
ygeX_predicted,115.33333333333333,696,5,CGTACTACACTGAAGCATAA,691,4779904
ygeX_predicted,0.3333333333333333,6,5,CGCAGGGGTGCCAGGCTAGG,1,4767305
ygeX_predicted,0.3333333333333333,6,5,CCGGTCCTTAGGCCGATTCG,1,4775726
ygeX_predicted,0.3333333333333333,6,5,CATGCTGACCGGTTATACTG,1,4784398
ygeX_predicted,100.33333333333333,606,5,CATACTACGATAGGCACCTT,601,4789151
ygeX_predicted,0.5,7,5,CAGAGTCGCCGAGCATCGAC,2,4769380
ygeX_predicted,0.3333333333333333,6,5,ATGCATGCCCGTGTGCACGA,1,4767137
ygeX_predicted,0.3333333333333333,6,5,ATCTACCTGGCTTCTACTCG,1,4775664
ygeX_predicted,0.3333333333333333,6,5,ATCATGTTTCAATGATAATA,1,4783731
ygeX_predicted,0.3333333333333333,6,5,AGTCACAGATACCCAACGCC,1,4788463
ygeX_predicted,0.3333333333333333,6,5,ACCCCGATGGGGCTTACTCT,1,4782311
ygeX_predicted,0.3333333333333333,6,5,AATGTCAATAAGGCCTAAGG,1,4776756
ygeX_predicted,89.5,541,5,AATGGGCACTGGCATCGTTT,536,4766766
ygeX_predicted,0.3333333333333333,6,5,AAAACGGCGCGACATGACTA,1,4783912
ygeX_predicted,83.6,421,4,TTTCAAAAAGCCGCGGAGAC,417,4775927
ygeX_predicted,0.4,5,4,TGTTAAGGTAATGAACCCTC,1,4774185
ygeX_predicted,0.8,7,4,TGTAAAGATCCTATACAACC,3,4770092
ygeX_predicted,0.4,5,4,TGGAGATTTCGTAATCGGGG,1,4794083
ygeX_predicted,0.4,5,4,TGCGTGTGGCAGTAATATGA,1,4793251
ygeX_predicted,0.4,5,4,TATAGGGCAGCAGAAACTCA,1,4792751
ygeX_predicted,0.4,5,4,TAATCCGCGGTCCGGGTCTA,1,4786917
ygeX_predicted,0.4,5,4,GTTCACGAAGCCTCAGAATC,1,4772716
ygeX_predicted,0.4,5,4,GGATGCATGACTGAAACTCG,1,4790990
ygeX_predicted,0.4,5,4,GGATAAAGATTTTATGCGGG,1,4773532
ygeX_predicted,75.4,380,4,GGAACCCCCGCAGCTCGAGC,376,4786338
ygeX_predicted,0.4,5,4,GCCTAAGAGAACAGCGGGGC,1,4770791
ygeX_predicted,0.6,6,4,CTTTAAAGTTCTGTTACTTA,2,4791185
ygeX_predicted,0.4,5,4,CTTCAATATTAATAGCGGTT,1,4783029
ygeX_predicted,0.4,5,4,CGGGCGGTTTTACGGTTGCA,1,4773284
ygeX_predicted,0.4,5,4,CGGCCATTGGCATCACAGAT,1,4789159
ygeX_predicted,0.4,5,4,CCAGAAACCGGCAGCGTCAG,1,4772182
ygeX_predicted,0.4,5,4,CATTTAGATTCTTGTCGCGG,1,4767848
ygeX_predicted,194.0,973,4,CACACCGCTGTGCCTAGTAT,969,4790030
ygeX_predicted,0.4,5,4,ATTGCTTCACCTCTCTATAG,1,4783477
ygeX_predicted,0.4,5,4,AGTTTCCGATTATAGACGTA,1,4778067
ygeX_predicted,0.4,5,4,ACGGCTCCGGAATACAAAAG,1,4772882
ygeX_predicted,0.4,5,4,ACATTTTATTGCGGACGAGG,1,4774526
ygeX_predicted,0.4,5,4,AATTGCCCCTCTACCGTAGC,1,4788468
ygeX_predicted,24.0,123,4,AATCGCTACTGTGGTTTAGC,119,4785906
ygeX_predicted,0.6,6,4,AAGTTTAGAGTCTGACGACG,2,4779665
ygeX_predicted,40.4,205,4,AAAAAGAATGGTTCACTGGC,201,4772419
ygeX_predicted,0.5,4,3,TTTGATCGGGTATGGGACCG,1,4782081
ygeX_predicted,0.5,4,3,TGCCAAGCGGCAATAAAGAA,1,4775648
ygeX_predicted,0.5,4,3,TCTAGTTAGTATTACTGGTG,1,4792476
ygeX_predicted,0.5,4,3,TCGGGCATCGCAGCGGAATC,1,4772548
ygeX_predicted,0.5,4,3,TATCATAAGGTAATGATTAT,1,4769149
ygeX_predicted,0.5,4,3,TAGTACACGGCCAACTACCA,1,4794831
ygeX_predicted,0.5,4,3,GTTTTAAACGCCAGGTAAGA,1,4794571
ygeX_predicted,0.5,4,3,GTCCGCCGTATGTAGTGACA,1,4782413
ygeX_predicted,0.5,4,3,GGGTGGTAACCTGGGTGGGA,1,4780353
ygeX_predicted,66.5,268,3,GCGACGTCCCGCTATGGAAG,265,4777969
ygeX_predicted,0.5,4,3,GCATCGATGTACAACTATGA,1,4768406
ygeX_predicted,0.5,4,3,GATATGTAAGTGATAGTGTC,1,4779282
ygeX_predicted,0.5,4,3,GACTCTGCTCTAACTGTAGC,1,4772060
ygeX_predicted,120.5,484,3,CTTATGACGGTTTTTCTCCT,481,4778179
ygeX_predicted,0.5,4,3,CGTACACCACGTTCTTCTGC,1,4776429
ygeX_predicted,0.75,5,3,CGGGAGGAGGTATGTTACAA,2,4774775
ygeX_predicted,0.75,5,3,CGCTTTTTCCCACTTAAACG,2,4771889
ygeX_predicted,99.25,399,3,CGCGCCCTGTCCCTCTCAGC,396,4769343
ygeX_predicted,0.5,4,3,CGCCGTGTACTTTTTAAAAA,1,4783567
ygeX_predicted,0.75,5,3,CCGGCGTCTCTACTCACTCA,2,4788519
ygeX_predicted,0.5,4,3,CCGACGCCGTTATACTGTCT,1,4781670
ygeX_predicted,0.5,4,3,CCCGAAGTTTCACATCAACG,1,4768447
ygeX_predicted,0.5,4,3,CCCAGCATGACTCAAAAGGG,1,4774338
ygeX_predicted,0.5,4,3,CCATCCACTCAGTATGGTCG,1,4777771
ygeX_predicted,0.5,4,3,CATACGTACACACAACGGGA,1,4790993
ygeX_predicted,0.5,4,3,CACTCTCGACACAAAGTTCT,1,4783755
ygeX_predicted,0.5,4,3,ATAGGTAATGATAAGCTTAT,1,4790430
ygeX_predicted,139.0,558,3,AGCTTAGCAGCCAGTCTAGA,555,4792238
ygeX_predicted,0.5,4,3,AGATATTGTTCAATTATTAT,1,4786236
ygeX_predicted,0.5,4,3,AGACTATGGAGCGTAAACCC,1,4777746
ygeX_predicted,0.5,4,3,AATTGGCATAGTTCAAAGGT,1,4778427
ygeX_predicted,0.5,4,3,AAGATTGCTCGGGCCATCGC,1,4792019
ygeX_predicted,132.0,530,3,AACACTCATGGGGTCTGTCC,527,4767973
ygeX_predicted,0.5,4,3,AAAGTAAGGTTTCACGTTTG,1,4771004
ygeX_predicted,0.6666666666666666,3,2,TGGGCTCCCTTCATTCGAAG,1,4778770
ygeX_predicted,0.6666666666666666,3,2,TGAGGCGGAGACCATCACAA,1,4780396
ygeX_predicted,0.6666666666666666,3,2,TCTAATCCGCTCGGTCCCTT,1,4788088
ygeX_predicted,0.6666666666666666,3,2,TCAGCGTGGGATACAATGGT,1,4792902
ygeX_predicted,1.6666666666666667,6,2,TATGAACGTTTGTCTAGACC,4,4780448
ygeX_predicted,0.6666666666666666,3,2,GGTTACGGGTTTGTGCTCAA,1,4791241
ygeX_predicted,0.6666666666666666,3,2,GGCGGCCTGCACCCGAAATT,1,4779378
ygeX_predicted,0.6666666666666666,3,2,GAGACACCTGGGATCGGGGT,1,4768583
ygeX_predicted,0.6666666666666666,3,2,CTTATGCGGCAAAAAATCGA,1,4781002
ygeX_predicted,0.6666666666666666,3,2,CTCCTCACTCACGTCCTGCA,1,4780909
ygeX_predicted,0.6666666666666666,3,2,CTCCGAAACCCCTATTCCCT,1,4776481
ygeX_predicted,0.6666666666666666,3,2,CGTTCCTTTTGATCAGGGGT,1,4779750
ygeX_predicted,0.6666666666666666,3,2,CGTAACGACCTACGATAAGT,1,4791097
ygeX_predicted,0.6666666666666666,3,2,CGGCTTATTGGCGGTGGTGG,1,4774833
ygeX_predicted,174.33333333333334,524,2,CCGTTAACAAGAGGTGAGGA,522,4788457
ygeX_predicted,160.33333333333334,482,2,CCCTCTAACTTAGGCCCATA,480,4773236
ygeX_predicted,0.6666666666666666,3,2,CCAACCGCAGTTCCGTGGTA,1,4772577
ygeX_predicted,0.6666666666666666,3,2,ATTGAGGAACTCCCGGGAAC,1,4794182
ygeX_predicted,164.33333333333334,494,2,ATGCTAACCCGCCAAATTTT,492,4784941
ygeX_predicted,0.6666666666666666,3,2,ATGCGCGCTACATATTGCGC,1,4788622
ygeX_predicted,0.6666666666666666,3,2,ATGATACATTGAGGATCCAT,1,4784613
ygeX_predicted,1.0,4,2,ATAATTCGGGGATCTTCCGC,2,4768015
ygeX_predicted,0.6666666666666666,3,2,AGTCCAGCCTAACTCAGCGT,1,4766818
ygeX_predicted,0.6666666666666666,3,2,AGGGTCACGGTCCCTATCAT,1,4785073
ygeX_predicted,173.0,520,2,AGGCCAACTGATTTTACCTA,518,4776136
ygeX_predicted,1.3333333333333333,5,2,AGATTGAGTATTGGTGGGAT,3,4787057
ygeX_predicted,0.6666666666666666,3,2,ACACCCGCCGGGGTGTATAA,1,4782071
ygeX_predicted,186.66666666666666,561,2,AAGTGGGCAGGCTACCGATA,559,4766698
ygeX_predicted,113.66666666666667,342,2,AAGGTTGTTGGTTTTCAGAC,340,4769702
ygeX_predicted,0.6666666666666666,3,2,AAGAGCTTAGAGGGGTCCGA,1,4772738
ygeX_predicted,0.6666666666666666,3,2,AAACGTTATCGGACATTCAT,1,4767213
ygeX_predicted,1.0,2,1,TTATTCCCAAGAGATGTCTA,1,4785712
ygeX_predicted,1.0,2,1,TTAAGGGCTTAATATCTAAA,1,4779157
ygeX_predicted,1.0,2,1,TCTGTACACCTCCCCTATCT,1,4784182
ygeX_predicted,1.0,2,1,TATGTCCGAGTGTAACGGGT,1,4771712
ygeX_predicted,1.0,2,1,GTGAGGGAAATGCCGCGGCG,1,4782725
ygeX_predicted,1.0,2,1,GGCGGAACCGCAGGTCCACG,1,4773784
ygeX_predicted,1.0,2,1,GCTCATTACAAGTGCAACTC,1,4767825
ygeX_predicted,1.0,2,1,GCCACTTATAATCCTCACCC,1,4788119
ygeX_predicted,1.0,2,1,GATGATATGGGCTCATAAAG,1,4787939
ygeX_predicted,1.0,2,1,GAATGTGGTATGCGAGTTTC,1,4790610
ygeX_predicted,1.5,3,1,CTATCTATTCTACTTGTAGC,2,4767112
ygeX_predicted,1.0,2,1,CGGACAGAAGATCACGACCG,1,4793909
ygeX_predicted,1.0,2,1,CGCAGCAAGACTAATGGCGG,1,4787763
ygeX_predicted,1.0,2,1,CCTCCTTCCTGATCAGCCGC,1,4771046
ygeX_predicted,3.0,6,1,CCTAAGGAAATCGGAGTAGT,5,4784865
ygeX_predicted,1.0,2,1,CCCAATTGCCTTCAGATCAT,1,4785373
ygeX_predicted,1.0,2,1,CAGAGTGAAAATGCCTCTCA,1,4769225
ygeX_predicted,1.0,2,1,CAAATAGTTGCATGTCGCCT,1,4794375
ygeX_predicted,4.5,9,1,CAAACTTGATATTTAGAAAT,8,4786191
ygeX_predicted,232.0,464,1,ATTTCCTTAGGAGGGAAAAC,463,4773979
ygeX_predicted,1.0,2,1,AGGCCATGTGGGCTATGTTG,1,4771916
ygeX_predicted,1.0,2,1,AGACCAAGCTTCAGTCTTTT,1,4782937
ygeX_predicted,1.5,3,1,ACTTATCGCGCTTGGTGTCC,2,4767856
ygeX_predicted,1.0,2,1,ACGAGACCCCAAAACTACAC,1,4774864
ygeX_predicted,1.0,2,1,AATGCACTTAAGGTGTGGGT,1,4784021
ygeX_predicted,1.0,2,1,AAAGTCCGTATCTGACAATG,1,4786504
ygeX_predicted,0.007633587786259542,130,130,CTGGCCCCTCCAGGAGCTTT,0,4768373
ygeX_predicted,0.009523809523809525,104,104,CATCCCGCCTACAAAGCCCT,0,4774017
ygeX_predicted,0.010416666666666666,95,95,CAATCGCTGTACATTGCTGA,0,4766986
ygeX_predicted,0.010869565217391304,91,91,TTGCCTGTATAGAGGTGCAT,0,4788973
ygeX_predicted,0.011111111111111112,89,89,TGATGACACTAACTAGCGTG,0,4772052
ygeX_predicted,0.011627906976744186,85,85,CAGGGTTTAGAATAATCATG,0,4768884
ygeX_predicted,0.012048192771084338,82,82,GTATGAATTCACTACGAGTG,0,4776327
ygeX_predicted,0.012195121951219513,81,81,TGACAGCTTGCTCGCGTAAA,0,4770673
ygeX_predicted,0.012345679012345678,80,80,ACTTGTGCATTCCACCCCTG,0,4768859
ygeX_predicted,0.0125,79,79,GGCCAGGACGGGGTGAGCTA,0,4779203
ygeX_predicted,0.0125,79,79,AGCACGGCGCATCTCCCAGG,0,4781816
ygeX_predicted,0.012658227848101266,78,78,GTAGTCCCACAAAAGAAGGA,0,4771898
ygeX_predicted,0.012987012987012988,76,76,AACAGTCAGCGAGCTGGGTA,0,4769210
ygeX_predicted,0.013157894736842105,75,75,CATTGGGTCATCCATTAAAT,0,4766750
ygeX_predicted,0.013157894736842105,75,75,ATCTTGTTGCATGCAGCAAA,0,4769080
ygeX_predicted,0.013333333333333334,74,74,TGAATGAGGCTCCTTTGGGA,0,4779188
ygeX_predicted,0.013333333333333334,74,74,CCCAGGTACACAATTGGCGA,0,4769987
ygeX_predicted,0.013888888888888888,71,71,ACAACTCCCACGGGAGTAAT,0,4772806
ygeX_predicted,0.014084507042253521,70,70,TGGCCGACTATGGGGTCTTG,0,4772034
ygeX_predicted,0.014084507042253521,70,70,TACATGGGGAATTGCAGTCT,0,4785832
ygeX_predicted,0.014285714285714285,69,69,GCGAAAGTGAGCAAACCAAT,0,4771226
ygeX_predicted,0.014492753623188406,68,68,TGCGAGCCATTGCTTAAGCA,0,4777133
ygeX_predicted,0.014705882352941176,67,67,GTAACTTCATCATTGACCTT,0,4772033
ygeX_predicted,0.014705882352941176,67,67,ATGACGAAAGAAGATGCGTA,0,4766819
ygeX_predicted,0.014925373134328358,66,66,TATAACTGTGTAGTAATACA,0,4774799
ygeX_predicted,0.014925373134328358,66,66,AGGCTGGGTAGGCAAAACGT,0,4767639
ygeX_predicted,0.015151515151515152,65,65,GCCCTTAGTGGTAGGTAGGA,0,4773579
ygeX_predicted,0.015151515151515152,65,65,AGACTCCATTTGAAGTAGTT,0,4767714
ygeX_predicted,0.015384615384615385,64,64,TACCTTCTTGCAGGGCATGA,0,4768173
ygeX_predicted,0.015384615384615385,64,64,GGACAGTCGGTCGAAGTGAT,0,4767742
ygeX_predicted,0.015384615384615385,64,64,CCCCTCTCTTAGGGTCGGAT,0,4767871
ygeX_predicted,0.015384615384615385,64,64,CACTTACGTTTCCGGCTAAA,0,4768632
ygeX_predicted,0.015384615384615385,64,64,CAAAATTCACACCGTTACTG,0,4791569
ygeX_predicted,0.015625,63,63,TTGTCGCAGCCCCTAGCCAA,0,4784763
ygeX_predicted,0.015873015873015872,62,62,TGCTTCGCGAAGAAGAACAT,0,4780659
ygeX_predicted,0.015873015873015872,62,62,ACCCGAGCTAGGACGGACAT,0,4771144
ygeX_predicted,0.016129032258064516,61,61,GTGATGTCACACTCTGCATT,0,4768508
ygeX_predicted,0.016129032258064516,61,61,GCGGCCCCCGGAACGAAGGA,0,4776411
ygeX_predicted,0.016129032258064516,61,61,CTGCTAATTCATAATGTGAA,0,4767339
ygeX_predicted,0.016129032258064516,61,61,ACTGCATACGGTTTAGCATG,0,4766947
ygeX_predicted,0.01639344262295082,60,60,TTTAATTATGCCTTAGCGCA,0,4768046
ygeX_predicted,0.01639344262295082,60,60,TCGTAACTGGGGTATATTGA,0,4777086
ygeX_predicted,0.01639344262295082,60,60,TCCTAGGAATCAGGTGAATG,0,4777793
ygeX_predicted,0.01639344262295082,60,60,GCTGCACGAACTCAGTTGCA,0,4780661
ygeX_predicted,0.01639344262295082,60,60,GAACTCAGTCTCACGGTTAA,0,4771810
ygeX_predicted,0.01639344262295082,60,60,AGCATGAGGGTCACTAAACT,0,4770294
ygeX_predicted,0.01639344262295082,60,60,AAAAGGGGGCGTACGTTCAA,0,4770918
ygeX_predicted,0.016666666666666666,59,59,TGATTGCTAGTTCCACTGGA,0,4788837
ygeX_predicted,0.016666666666666666,59,59,CGAGAGGTCAAAGGAAGATA,0,4779224
ygeX_predicted,0.016666666666666666,59,59,ACCTAGGTTTCCATCCCCCG,0,4770081
ygeX_predicted,0.01694915254237288,58,58,TATGCCCCGCACGGCATGGT,0,4782699
ygeX_predicted,0.01694915254237288,58,58,GGGGGCATTACTACAGGTAC,0,4769714
ygeX_predicted,0.01694915254237288,58,58,CGCCAGTATAGCTAACACGG,0,4767365
ygeX_predicted,0.01694915254237288,58,58,ATGATCGGGGAGGTCCGTTG,0,4768393
ygeX_predicted,0.017241379310344827,57,57,TATTAGGCGGTCGCTATGTG,0,4773230
ygeX_predicted,0.017241379310344827,57,57,GAGGAGCTGGGGCGCTTAGG,0,4773609
ygeX_predicted,0.017241379310344827,57,57,ACAAGAATCCGTTCTGGGAC,0,4768013
ygeX_predicted,0.017241379310344827,57,57,AAATGTTGGGACACGAACAT,0,4769523
ygeX_predicted,0.017241379310344827,57,57,AAATCGGTTGTACACAACAG,0,4778549
ygeX_predicted,0.017543859649122806,56,56,GGACGAAACGTTCAGATAAG,0,4777165
ygeX_predicted,0.017543859649122806,56,56,CTTGATCGGTGGGATTTGTT,0,4767398
ygeX_predicted,0.017543859649122806,56,56,ATACCAGTCCCATGGGGCAA,0,4792060
ygeX_predicted,0.017857142857142856,55,55,GGCTCGTGGTGCCATTTTCA,0,4771804
ygeX_predicted,0.017857142857142856,55,55,GAAGTCTGGCCTTCTGCCGA,0,4771653
ygeX_predicted,0.017857142857142856,55,55,CAGATCTTTGGAGAGCTCTG,0,4769392
ygeX_predicted,0.017857142857142856,55,55,AAAAAGGGTAATAAACATCC,0,4767696
ygeX_predicted,0.01818181818181818,54,54,TCCTCGAAATCTCGAAAACC,0,4767783
ygeX_predicted,0.01818181818181818,54,54,GGGCGCTTTTTCGCCAGGAA,0,4770363
ygeX_predicted,0.01818181818181818,54,54,GCCACGGGGGGGTTATGTCA,0,4781790
ygeX_predicted,0.01818181818181818,54,54,CTGGGCTGCCATCGGCCAGG,0,4783609
ygeX_predicted,0.01818181818181818,54,54,CGGTATTTATGAGGACCCTG,0,4787275
ygeX_predicted,0.01818181818181818,54,54,ATGGGTCCAAAGTGGTATGA,0,4772114
ygeX_predicted,0.01818181818181818,54,54,AGGTGATTACAACCAGTCAA,0,4793114
ygeX_predicted,0.01818181818181818,54,54,ACCCCTGCGTAATGTAGTGC,0,4783419
ygeX_predicted,0.018518518518518517,53,53,TTCGGTCCGGACGATGGCAT,0,4776223
ygeX_predicted,0.018518518518518517,53,53,TGCGGTTTGCCCATGACAGT,0,4768648
ygeX_predicted,0.018518518518518517,53,53,CGTTTGGAATGGCGATTTAT,0,4769447
ygeX_predicted,0.018518518518518517,53,53,CCTCTCGTGCACTTGGGCTC,0,4774378
ygeX_predicted,0.018518518518518517,53,53,AGCAACCTGGGGTTACTCTG,0,4779978
ygeX_predicted,0.018867924528301886,52,52,TATTGGCGCTCTGGAGTCGC,0,4778786
ygeX_predicted,0.018867924528301886,52,52,GTCATTGCACATCGTGTAGG,0,4769622
ygeX_predicted,0.018867924528301886,52,52,CAGTATCGAGACTATGCCTC,0,4786773
ygeX_predicted,0.018867924528301886,52,52,AGGACAATGACCTGATGCAG,0,4776385
ygeX_predicted,0.018867924528301886,52,52,AGCAATTATTCTTATCAAAC,0,4771528
ygeX_predicted,0.018867924528301886,52,52,ACGGCCAGGCCTGGCTTATA,0,4772890
ygeX_predicted,0.019230769230769232,51,51,TTGGAGTGGGGCAGGCCCGA,0,4792425
ygeX_predicted,0.019230769230769232,51,51,TTCGATGTAAACCGGGCAAA,0,4767466
ygeX_predicted,0.019230769230769232,51,51,GGTGAGTAGCCAATTGACCT,0,4771825
ygeX_predicted,0.019230769230769232,51,51,GAGGTTGAGCAAGGGACATA,0,4782700
ygeX_predicted,0.019230769230769232,51,51,CCGGCAAACCGGTACACAAA,0,4771682
ygeX_predicted,0.019230769230769232,51,51,CACCAATCGAGGTGACCGAT,0,4772995
ygeX_predicted,0.019230769230769232,51,51,ATAACTACTTTTTCAAACAG,0,4774830
ygeX_predicted,0.019230769230769232,51,51,AGGTGATGCAGTCAGACGCT,0,4789106
ygeX_predicted,0.019230769230769232,51,51,ACGACACACACGCATGTGGG,0,4778529
ygeX_predicted,0.0196078431372549,50,50,TTTGAGCAGCTCATCGATAA,0,4775868
ygeX_predicted,0.0196078431372549,50,50,TTCACACAATCAATGGGCGA,0,4773746
ygeX_predicted,0.0196078431372549,50,50,TCCTATGTCAATTTTGGGTG,0,4788274
ygeX_predicted,0.0196078431372549,50,50,GTTCGGCGTGTATTACCATT,0,4786449
ygeX_predicted,0.0196078431372549,50,50,ATAACCCCTTCTTGAAACAG,0,4780247
ygeX_predicted,0.02,49,49,TCAGAAGGGATTCAGGGTTG,0,4770975
ygeX_predicted,0.02,49,49,GTCATACGGGATCCTGCGAA,0,4767159
ygeX_predicted,0.02,49,49,GGGGGAGCCGTAGCACTTCT,0,4778912
ygeX_predicted,0.02,49,49,CTCGCAATTGGGCCAACGCC,0,4780969
ygeX_predicted,0.02,49,49,CGTCGGTTACACCGAAGGAA,0,4782473
ygeX_predicted,0.02,49,49,CGGAATTGGTAGGGTCAGAG,0,4774395
ygeX_predicted,0.02,49,49,AGATTGTTTAAGAGTAACGT,0,4774124
ygeX_predicted,0.02,49,49,ACAACGATCGTTGTTTTCCA,0,4777955
ygeX_predicted,0.02,49,49,AATCACACGCGATTGACGCA,0,4771429
ygeX_predicted,0.02,49,49,AATAAATCATTGATACCCAG,0,4769007
ygeX_predicted,0.02,49,49,AACATGGCGTACAGGAACCC,0,4782877
ygeX_predicted,0.02040816326530612,48,48,TCGGCACTACAGGAATGGGA,0,4791810
ygeX_predicted,0.02040816326530612,48,48,TACTTATACGTCCGTCTAGG,0,4779847
ygeX_predicted,0.02040816326530612,48,48,GAACGACAAAAGAATTATTG,0,4773731
ygeX_predicted,0.02040816326530612,48,48,CGATTCAGGCGATCTAGCTG,0,4782152
ygeX_predicted,0.02040816326530612,48,48,CGAATATAAGATTTCGAATG,0,4769172
ygeX_predicted,0.02040816326530612,48,48,CCTCACGCCTTGGGCAGTCG,0,4768647
ygeX_predicted,0.02040816326530612,48,48,CCGGCTGTGGTGTTCGGTGC,0,4766861
ygeX_predicted,0.02040816326530612,48,48,CATTCGAGTGGGAAAGGATG,0,4794851
ygeX_predicted,0.02040816326530612,48,48,CAGTGCCCAGCGCGTTGAAG,0,4777742
ygeX_predicted,0.020833333333333332,47,47,TTTTATGCTAACTAGCTCTT,0,4783807
ygeX_predicted,0.020833333333333332,47,47,TAGAGGGTCATGTGATATGT,0,4779338
ygeX_predicted,0.020833333333333332,47,47,GTCTAGCCGACAGCCATTCA,0,4769340
ygeX_predicted,0.020833333333333332,47,47,GGTAGCGATACGGGTTATTC,0,4785437
ygeX_predicted,0.020833333333333332,47,47,GGTAAATTAGCCGCGGACCA,0,4784504
ygeX_predicted,0.020833333333333332,47,47,GCCCGACCGACATTTACAGA,0,4775781
ygeX_predicted,0.020833333333333332,47,47,CTGGCGACTTATATCAGATT,0,4781629
ygeX_predicted,0.020833333333333332,47,47,CGGGATTTTAGTATTACCTT,0,4773446
ygeX_predicted,0.020833333333333332,47,47,AGTAGCGAACCACACACTGA,0,4775456
ygeX_predicted,0.020833333333333332,47,47,AGAGACTTCCGTGGGGAGGT,0,4788928
ygeX_predicted,0.020833333333333332,47,47,ACTAACCCTCGTAATCTGGG,0,4784827
ygeX_predicted,0.020833333333333332,47,47,ACCCGAGCCAGTTGGTGTAA,0,4777633
ygeX_predicted,0.02127659574468085,46,46,TGACTGATGATAACTGTGAT,0,4780913
ygeX_predicted,0.02127659574468085,46,46,GTTTTACTAAAAACAGCCTT,0,4779716
ygeX_predicted,0.02127659574468085,46,46,GGCGAGTTACTGGACGAGGG,0,4779585
ygeX_predicted,0.02127659574468085,46,46,CGGGTTGGCGCCGTGGCGAG,0,4767018
ygeX_predicted,0.02127659574468085,46,46,ACCCCCGTCTGGCCTGACTA,0,4770166
ygeX_predicted,0.02127659574468085,46,46,AATACTTCACTGTAACGTCT,0,4770489
ygeX_predicted,0.021739130434782608,45,45,TTTAATACGTGCTAACGTCA,0,4789893
ygeX_predicted,0.021739130434782608,45,45,TGTCACCCCTTAGAAGACGG,0,4786611
ygeX_predicted,0.021739130434782608,45,45,TATCATGTCTTAGATTTGAG,0,4780166
ygeX_predicted,0.021739130434782608,45,45,TAAATGTTCTAACCGGCCAG,0,4770723
ygeX_predicted,0.021739130434782608,45,45,TAAAGTAACATTACTGACGA,0,4786475
ygeX_predicted,0.021739130434782608,45,45,GTTCGTACCGGCAGCCACGC,0,4791039
ygeX_predicted,0.021739130434782608,45,45,GGGGAGGCGGAATGTGACGC,0,4768846
ygeX_predicted,0.021739130434782608,45,45,GAACCAGAGTTCTGTCGATA,0,4768272
ygeX_predicted,0.021739130434782608,45,45,CTAGGCATTGCTAGAACGGG,0,4767006
ygeX_predicted,0.021739130434782608,45,45,CGATCAGGAGTAATCAAGTT,0,4768753
ygeX_predicted,0.021739130434782608,45,45,CACCGGGTTTTTCATACCGA,0,4777983
ygeX_predicted,0.021739130434782608,45,45,CAACAGCAGGAATCTTTCCA,0,4769081
ygeX_predicted,0.022222222222222223,44,44,TTTGCTGCTCCAGTATCTCT,0,4782615
ygeX_predicted,0.022222222222222223,44,44,TGTACTAAGGTAAACTTTGG,0,4767923
ygeX_predicted,0.022222222222222223,44,44,TCGCTCCAATCACGGTCCCG,0,4789316
ygeX_predicted,0.022222222222222223,44,44,GTGTGAACAGTGCGGCTCAA,0,4768820
ygeX_predicted,0.022222222222222223,44,44,GTGGGAACACAAGCGTTCAA,0,4779741
ygeX_predicted,0.022222222222222223,44,44,GGCGTCTCTAATATGCTCGT,0,4786170
ygeX_predicted,0.022222222222222223,44,44,GAGTTGTGTGATTCTTGCGA,0,4786350
ygeX_predicted,0.022222222222222223,44,44,CGTGGTTTCGAGTCCAATCG,0,4777834
ygeX_predicted,0.022222222222222223,44,44,CCTCACCTCAGACGATGCAT,0,4772489
ygeX_predicted,0.022222222222222223,44,44,CCGAGGGAACCGCCACCTAA,0,4785328
ygeX_predicted,0.022222222222222223,44,44,CAGGTGTAAAACCGATGTTA,0,4790320
ygeX_predicted,0.022727272727272728,43,43,TTAGAGTGAACTATGTCATA,0,4772789
ygeX_predicted,0.022727272727272728,43,43,TGTGGAGGGGGCATGACTTG,0,4769048
ygeX_predicted,0.022727272727272728,43,43,TGCAGGAGGCCGAGGAATGT,0,4794318
ygeX_predicted,0.022727272727272728,43,43,TCTACCTCGCGCGCGAATCA,0,4776351
ygeX_predicted,0.022727272727272728,43,43,TCCGAGTCGCAAACCGGGCT,0,4777417
ygeX_predicted,0.022727272727272728,43,43,TAACGTACGGTGCCCTCGTA,0,4770513
ygeX_predicted,0.022727272727272728,43,43,TAAACATACACGACCGGCAT,0,4773034
ygeX_predicted,0.022727272727272728,43,43,GTCGTTTGTCTTTGGGTCCA,0,4780533
ygeX_predicted,0.022727272727272728,43,43,GCGTGATGAGAGAGCGCACA,0,4782532
ygeX_predicted,0.022727272727272728,43,43,CTGTCCACAGAAATAGCGGT,0,4767416
ygeX_predicted,0.022727272727272728,43,43,CGAGTATGCACTGCCAGAAT,0,4791230
ygeX_predicted,0.022727272727272728,43,43,CCCCGAATCACCGTGGGATA,0,4767617
ygeX_predicted,0.022727272727272728,43,43,ATATCGGTGCAGTTCAAAGA,0,4778885
ygeX_predicted,0.023255813953488372,42,42,TGGGTCTACGGGACCTTTCT,0,4771231
ygeX_predicted,0.023255813953488372,42,42,TCACATGGACTGCGCACTGA,0,4783977
ygeX_predicted,0.023255813953488372,42,42,TAGATTCCATCATACGCTCA,0,4771188
ygeX_predicted,0.023255813953488372,42,42,GTTTAGCTGGTAACCGTAGT,0,4767070
ygeX_predicted,0.023255813953488372,42,42,GGGGCTCGGACATCACCTGA,0,4789305
ygeX_predicted,0.023255813953488372,42,42,GACATCGAACTGTCGTTATA,0,4768421
ygeX_predicted,0.023255813953488372,42,42,GAACGATAGTGGTCTGTAGT,0,4775597
ygeX_predicted,0.023255813953488372,42,42,CGTTAAGATACCTGCGCAAA,0,4791078
ygeX_predicted,0.023255813953488372,42,42,CGTCTAACTAGATGAAATAG,0,4778594
ygeX_predicted,0.023255813953488372,42,42,CGAACTGACAGATTTTTAGT,0,4776447
ygeX_predicted,0.023255813953488372,42,42,CCCACATCTAGGCCGTATCC,0,4769740
ygeX_predicted,0.023255813953488372,42,42,CCCACATACACCGACCCTAT,0,4775607
ygeX_predicted,0.023255813953488372,42,42,ACTTGGTCCATTCAGCCACT,0,4790646
ygeX_predicted,0.023809523809523808,41,41,TTACTGTCACCAGTATTACA,0,4767744
ygeX_predicted,0.023809523809523808,41,41,TGGAAATAAGCCAATAGGCT,0,4785302
ygeX_predicted,0.023809523809523808,41,41,TGATAGTGGATGGGTGGCTA,0,4771973
ygeX_predicted,0.023809523809523808,41,41,TGAGAGGTCGCTTCTATAGA,0,4771984
ygeX_predicted,0.023809523809523808,41,41,TCTAGGTTCGGTTGTTGATG,0,4782392
ygeX_predicted,0.023809523809523808,41,41,GTGTACCTATTTATTGAGCA,0,4769137
ygeX_predicted,0.023809523809523808,41,41,GTGGTCTAGTCCGGGAATGT,0,4777460
ygeX_predicted,0.023809523809523808,41,41,GTGCGCTCCAGTAAATTTGG,0,4779324
ygeX_predicted,0.023809523809523808,41,41,GGTGAACTGATCTTAGGGCA,0,4786713
ygeX_predicted,0.023809523809523808,41,41,GGGGATTCTCATTAGGCATT,0,4786881
ygeX_predicted,0.023809523809523808,41,41,GCTAACGATGATTTATTGAT,0,4767984
ygeX_predicted,0.023809523809523808,41,41,GAGCTAATCGTAGGGGAGTT,0,4779835
ygeX_predicted,0.023809523809523808,41,41,GAATCGTAGGTAATATAGCG,0,4782854
ygeX_predicted,0.023809523809523808,41,41,CTTAGACTTAATCGGTTTTG,0,4780926
ygeX_predicted,0.023809523809523808,41,41,CGCACCTCTGCAGCATGTCA,0,4782822
ygeX_predicted,0.023809523809523808,41,41,CCTCGAACTGGCTCGGCGGA,0,4774971
ygeX_predicted,0.023809523809523808,41,41,ATTAGAAAGCGAAATACGAT,0,4790935
ygeX_predicted,0.023809523809523808,41,41,AGACTTGAATATTCGCACAT,0,4776788
ygeX_predicted,0.023809523809523808,41,41,AGAATCGTTTCTACTTGGTA,0,4773341
ygeX_predicted,0.023809523809523808,41,41,AAGGGGAGGCGAAGTACAGC,0,4771486
ygeX_predicted,0.023809523809523808,41,41,AAGAGCCGGCTAGACAGCTG,0,4770140
ygeX_predicted,0.024390243902439025,40,40,TCTAGAACGCATTCGTAGAA,0,4778530
ygeX_predicted,0.024390243902439025,40,40,TCGAGCCTAGATGTGCGCGA,0,4774225
ygeX_predicted,0.024390243902439025,40,40,TAGGAAGGATTCCGACTGAT,0,4772211
ygeX_predicted,0.024390243902439025,40,40,TAACCTGAATTTCTGAGCTC,0,4780070
ygeX_predicted,0.024390243902439025,40,40,TAAAAGTCAGCATGATAATA,0,4769136
ygeX_predicted,0.024390243902439025,40,40,GTGGAAATCGTATGTCACTT,0,4780717
ygeX_predicted,0.024390243902439025,40,40,GTCTACTGGTGGTGGATGTC,0,4769192
ygeX_predicted,0.024390243902439025,40,40,GTAAGCGTACTTCGTCATGT,0,4791545
ygeX_predicted,0.024390243902439025,40,40,GGGCATGTGTTACCGGCGGA,0,4775631
ygeX_predicted,0.024390243902439025,40,40,GCAACTTCCAGACTTAGATG,0,4786722
ygeX_predicted,0.024390243902439025,40,40,GATACGGTGTGGTAGGGGGT,0,4783253
ygeX_predicted,0.024390243902439025,40,40,GACTCGTGCTCTGAAAATCA,0,4777134
ygeX_predicted,0.024390243902439025,40,40,CTGCAAGTGGGAAGATGTAA,0,4772633
ygeX_predicted,0.024390243902439025,40,40,CGTAAGCGAACGCCACGGCA,0,4786107
ygeX_predicted,0.024390243902439025,40,40,CGACCTAGGGCGGCGACTAT,0,4777120
ygeX_predicted,0.024390243902439025,40,40,CCGGATAACGTAGCCCGAGA,0,4775993
ygeX_predicted,0.024390243902439025,40,40,ATGTCCTAATGTGCCCTTTT,0,4775991
ygeX_predicted,0.024390243902439025,40,40,ATCCACCGAAAACGTGTGGC,0,4789909
ygeX_predicted,0.024390243902439025,40,40,ACTATACACCCGATGGTCAA,0,4767037
ygeX_predicted,0.025,39,39,TTTATAGGGTAATTGTAGAT,0,4785964
ygeX_predicted,0.025,39,39,TTAATGAATCTCAACGCCAC,0,4783159
ygeX_predicted,0.025,39,39,TGTTTTACCCAGTAACTCTC,0,4767039
ygeX_predicted,0.025,39,39,TGGGTGCTTCAAGCGTTTAG,0,4772295
ygeX_predicted,0.025,39,39,TGCCCACTCAACTACTGATC,0,4793477
ygeX_predicted,0.025,39,39,GTATCAGTTAGTACCACAGT,0,4767950
ygeX_predicted,0.025,39,39,GTAAAAACCTACAATTCAAA,0,4767316
ygeX_predicted,0.025,39,39,GGTACGTTTTAATCGAGGCA,0,4772401
ygeX_predicted,0.025,39,39,GGGTTTGGTTCGGAGTTTGA,0,4773085
ygeX_predicted,0.025,39,39,GCTCAATCCACCAATTTGCA,0,4768782
ygeX_predicted,0.025,39,39,GCCTCGACGTCGTGATCATT,0,4776562
ygeX_predicted,0.025,39,39,GAAGTTGTAGCGTTTGTAGT,0,4770512
ygeX_predicted,0.025,39,39,ATCTCTAAATGAACTATCAA,0,4777703
ygeX_predicted,0.025,39,39,ATCTCGCGTACGCCAAGGGT,0,4777206
ygeX_predicted,0.025,39,39,ATCTCATCCTCGTTAACACT,0,4776198
ygeX_predicted,0.025,39,39,AGTGCCTACACCCACCTTGT,0,4778651
ygeX_predicted,0.025,39,39,ACCGCTCTGAAAAGACACCA,0,4767104
ygeX_predicted,0.025,39,39,AATTGATATTGGGTGAGGCA,0,4782452
ygeX_predicted,0.025,39,39,AAGCACCCTGCTACTTGACA,0,4783844
ygeX_predicted,0.025,39,39,AACTTTCTCTCGATACGCCG,0,4793263
ygeX_predicted,0.02564102564102564,38,38,TTCGTGAGCTCGTGGAATAG,0,4774704
ygeX_predicted,0.02564102564102564,38,38,TTCAAGTCACGGACCTACGA,0,4787025
ygeX_predicted,0.02564102564102564,38,38,TGGTCACTAGAACGGCTCGT,0,4772430
ygeX_predicted,0.02564102564102564,38,38,TGGCTAAGCATAGTTCAGCA,0,4793550
ygeX_predicted,0.02564102564102564,38,38,TCCGGGCTCGCAAGTTGTCA,0,4784137
ygeX_predicted,0.02564102564102564,38,38,TATGTAGCAGCAAAGCATCT,0,4794405
ygeX_predicted,0.02564102564102564,38,38,TAGCCGCAAGTAGCAGAACT,0,4767468
ygeX_predicted,0.02564102564102564,38,38,GTCTGGCTGTGGCACAAGTT,0,4773358
ygeX_predicted,0.02564102564102564,38,38,GTACGAAACACGTCCCCAAT,0,4788830
ygeX_predicted,0.02564102564102564,38,38,GGAGTCTTTTATCTCACGTC,0,4781595
ygeX_predicted,0.02564102564102564,38,38,GATTGCCGCAGATTTGCCAC,0,4790379
ygeX_predicted,0.02564102564102564,38,38,CTGACCAGGTAGCTCTCCGT,0,4784995
ygeX_predicted,0.02564102564102564,38,38,CTATTGACCCCTCGCCTCAC,0,4772142
ygeX_predicted,0.02564102564102564,38,38,CTAGCCTCACCAGCATCGAT,0,4793631
ygeX_predicted,0.02564102564102564,38,38,CGGAGACAAGTAACACGCTC,0,4774485
ygeX_predicted,0.02564102564102564,38,38,CCTAGGTTTACAGCAGAGGC,0,4781537
ygeX_predicted,0.02564102564102564,38,38,AGGCGAGGCTTTTTAGTAAA,0,4786651
ygeX_predicted,0.02564102564102564,38,38,AGATTCGAGTAATTTCAAAC,0,4789770
ygeX_predicted,0.02564102564102564,38,38,AGATCCTGCGGGCGTGACTG,0,4776319
ygeX_predicted,0.02564102564102564,38,38,AGAGGGGGCTTTTACGATGG,0,4783666
ygeX_predicted,0.02564102564102564,38,38,ACCGCTAGTGGTTCCACTTC,0,4770442
ygeX_predicted,0.02564102564102564,38,38,ACATCATAGGGGCCGTGTAG,0,4785185
ygeX_predicted,0.02564102564102564,38,38,AATCCTGCCTCCCATTGGGT,0,4789009
ygeX_predicted,0.02564102564102564,38,38,AACCATCTCTAAGTGTGCCA,0,4783083
ygeX_predicted,0.02564102564102564,38,38,AACCAAGGATCACTGGCGTG,0,4779616
ygeX_predicted,0.02564102564102564,38,38,AACATCGCGCATGAACTTCT,0,4776729
ygeX_predicted,0.02564102564102564,38,38,AAATCTGCGAAGGGTGGGAT,0,4768359
ygeX_predicted,0.02631578947368421,37,37,TTTCCGACCCACCCCGTGAG,0,4781664
ygeX_predicted,0.02631578947368421,37,37,TTCACTTTTAGCATGACGAT,0,4772415
ygeX_predicted,0.02631578947368421,37,37,TGCCTTTGCATTGTGTGGTG,0,4771710
ygeX_predicted,0.02631578947368421,37,37,TCTCTCATGTGAGAGCCTTG,0,4768469
ygeX_predicted,0.02631578947368421,37,37,TAATTGCGCGAATTACGAGA,0,4768920
ygeX_predicted,0.02631578947368421,37,37,GTGACGTACGGCTTAAGTAC,0,4794354
ygeX_predicted,0.02631578947368421,37,37,GGTCGGCGTCATTGGTCCGC,0,4791131
ygeX_predicted,0.02631578947368421,37,37,GCCGGGCCTTGCATCCACTA,0,4794093
ygeX_predicted,0.02631578947368421,37,37,GAACGAGAATACGCGTTCTA,0,4793707
ygeX_predicted,0.02631578947368421,37,37,CTAGCCCCAGCGGCGACATG,0,4775411
ygeX_predicted,0.02631578947368421,37,37,CGCCTAGACCTTGAGTTTTA,0,4783517
ygeX_predicted,0.02631578947368421,37,37,CGAGGTTTATTGTCGGCTAC,0,4768525
ygeX_predicted,0.02631578947368421,37,37,CCCACCGTGGTATGAGGATT,0,4774062
ygeX_predicted,0.02631578947368421,37,37,CAGAATTGAGGGCGAACTTA,0,4774467
ygeX_predicted,0.02631578947368421,37,37,CAAGGTCCCGCGAGCTTAGT,0,4770570
ygeX_predicted,0.02631578947368421,37,37,CAAAGTCTGTATGACGTGCT,0,4772746
ygeX_predicted,0.02631578947368421,37,37,ATACCCCACGCGTGATAAAT,0,4769940
ygeX_predicted,0.02631578947368421,37,37,AGGGGATATACCATTACTTA,0,4777770
ygeX_predicted,0.02631578947368421,37,37,AATTGTAATGAACAGGCGCT,0,4782149
ygeX_predicted,0.02631578947368421,37,37,AAAGTTGTTTAAACTTCCGG,0,4773475
ygeX_predicted,0.02631578947368421,37,37,AAAACATGATGCGTTACATG,0,4778263
ygeX_predicted,0.02702702702702703,36,36,TTCGGTCAATGTTCTGTTTG,0,4766969
ygeX_predicted,0.02702702702702703,36,36,TGGGGCGACTTGTAAATCAG,0,4775195
ygeX_predicted,0.02702702702702703,36,36,TAGCCGGTCACTATCCGACA,0,4781854
ygeX_predicted,0.02702702702702703,36,36,TAAGCGGTAATGCTGGTGTT,0,4770344
ygeX_predicted,0.02702702702702703,36,36,TAACGTCCTAAATTCGAGTT,0,4767126
ygeX_predicted,0.02702702702702703,36,36,GTAAATGCGCATCATTAGTT,0,4777351
ygeX_predicted,0.02702702702702703,36,36,GGTCCTCTCCTGCACTTCTC,0,4775045
ygeX_predicted,0.02702702702702703,36,36,GGCTCGACTCACTATGTGAC,0,4769808
ygeX_predicted,0.02702702702702703,36,36,GGACGATGATGACATGGCAT,0,4776343
ygeX_predicted,0.02702702702702703,36,36,GCGGAACATTTGGTAACGTC,0,4778630
ygeX_predicted,0.02702702702702703,36,36,GCGCCATGCCGGTTTTAGAC,0,4775355
ygeX_predicted,0.02702702702702703,36,36,GCCCATTAGGTGCGACTGTA,0,4770544
ygeX_predicted,0.02702702702702703,36,36,GCACTGGGCGCTGATATTAA,0,4782968
ygeX_predicted,0.02702702702702703,36,36,GATCCAGTTAGAATAGCGTT,0,4776564
ygeX_predicted,0.02702702702702703,36,36,GACAGCTTTGGTTGCATATA,0,4775358
ygeX_predicted,0.02702702702702703,36,36,GAATAGGCACCCTACCCTGT,0,4789169
ygeX_predicted,0.02702702702702703,36,36,CTGTGTTCATTCCAATGGCT,0,4774020
ygeX_predicted,0.02702702702702703,36,36,CTCTTCTACAATTGTGTAGT,0,4771488
ygeX_predicted,0.02702702702702703,36,36,CGTCTTGAGCCCGCACTCGT,0,4773389
ygeX_predicted,0.02702702702702703,36,36,CGCACCAGGGCCAAGCGGAA,0,4780681
ygeX_predicted,0.02702702702702703,36,36,CCTTGGACTGTGAGCGAGTG,0,4791201
ygeX_predicted,0.02702702702702703,36,36,CCCCGGTATGCTAAGTTAAA,0,4774776
ygeX_predicted,0.02702702702702703,36,36,CCATAGGGCCTGTCAACTGT,0,4774349
ygeX_predicted,0.02702702702702703,36,36,AGTCAGGCTGTCCAACGGTA,0,4794127
ygeX_predicted,0.02702702702702703,36,36,AGGTGCTGAGGATGACTGGT,0,4782869
ygeX_predicted,0.02702702702702703,36,36,ACGGCTGCTATAAGGCAATG,0,4768950
ygeX_predicted,0.02702702702702703,36,36,ACACAACGTACGGGGGGGCA,0,4778856
ygeX_predicted,0.02702702702702703,36,36,AAGCGTCTTTTGCACGTTGA,0,4792983
ygeX_predicted,0.02702702702702703,36,36,AAGCCTTAAACGCGCGCTTA,0,4775725
ygeX_predicted,0.02702702702702703,36,36,AACGGATCACAGTCGCAAAT,0,4790559
ygeX_predicted,0.027777777777777776,35,35,TTGACAACAATCAACGGTTT,0,4788826
ygeX_predicted,0.027777777777777776,35,35,TTCTCGTTAATTGGCCCGGG,0,4774840
ygeX_predicted,0.027777777777777776,35,35,TTATGCCCGAGCGGTAACAT,0,4775304
ygeX_predicted,0.027777777777777776,35,35,TGAGACACAAAATGGCCCAG,0,4780824
ygeX_predicted,0.027777777777777776,35,35,TAGGCGGTCAGTGCACCACC,0,4770718
ygeX_predicted,0.027777777777777776,35,35,TACAGTACCGTGGCCGAAAA,0,4775169
ygeX_predicted,0.027777777777777776,35,35,GTTTGGGAACTTTCCGTGCC,0,4788615
ygeX_predicted,0.027777777777777776,35,35,GTTCCTGATCCATCGACCGT,0,4782632
ygeX_predicted,0.027777777777777776,35,35,GTGTCAGCGTCTAAATAAGG,0,4786160
ygeX_predicted,0.027777777777777776,35,35,GTGCAACAACAGATATAGAT,0,4782593
ygeX_predicted,0.027777777777777776,35,35,GTCTGATAGACCGACCACAC,0,4774070
ygeX_predicted,0.027777777777777776,35,35,GTATATGGATAGATTTGATC,0,4770019
ygeX_predicted,0.027777777777777776,35,35,GGTGCGGGAGGAAGCGTGCC,0,4769624
ygeX_predicted,0.027777777777777776,35,35,GGTCCGGAGGAGGCCGCATT,0,4770455
ygeX_predicted,0.027777777777777776,35,35,GGGCTGCCGCTTTGACTTGT,0,4776821
ygeX_predicted,0.027777777777777776,35,35,GCTGTCGAATCGCCATATGT,0,4771002
ygeX_predicted,0.027777777777777776,35,35,GCACGGGGATGAGATTGTGG,0,4773363
ygeX_predicted,0.027777777777777776,35,35,GATTCGGTACAGTTTCTAGA,0,4777504
ygeX_predicted,0.027777777777777776,35,35,GATGCCGACGCGCGGGACGG,0,4784032
ygeX_predicted,0.027777777777777776,35,35,GACATGAATGAACACGGCGT,0,4766831
ygeX_predicted,0.027777777777777776,35,35,CGGGCGCTTGAGCAAGGTCT,0,4790443
ygeX_predicted,0.027777777777777776,35,35,CCGGTGCTTAGGCATTGTGG,0,4770692
ygeX_predicted,0.027777777777777776,35,35,CATTACTCAATTTTAGTGAT,0,4772290
ygeX_predicted,0.027777777777777776,35,35,CAGGTAACCATTACGATCAA,0,4779659
ygeX_predicted,0.027777777777777776,35,35,CACCGTCCTGGAATCGAACA,0,4777382
ygeX_predicted,0.027777777777777776,35,35,AGAAAGGGTATTGTCAAGTC,0,4787446
ygeX_predicted,0.027777777777777776,35,35,ACTTAAATCCTGGGTCCTAT,0,4767301
ygeX_predicted,0.027777777777777776,35,35,ACGTTGAAAGCTTAGCCATC,0,4768156
ygeX_predicted,0.027777777777777776,35,35,ACGCCACGGCAATAGGTGTA,0,4790703
ygeX_predicted,0.027777777777777776,35,35,ACCCATGGTGGTATTCCTAG,0,4783117
ygeX_predicted,0.027777777777777776,35,35,ACAGCGTGGGGCAGCACCAG,0,4792059
ygeX_predicted,0.027777777777777776,35,35,AACTATTATCGTATCGGCCT,0,4771330
ygeX_predicted,0.027777777777777776,35,35,AAACATCATAGTAAGGTGGG,0,4788354
ygeX_predicted,0.02857142857142857,34,34,TTTTAGCCACCTGCCGCGGC,0,4775999
ygeX_predicted,0.02857142857142857,34,34,TTCCGTGGATACGGCCCGAG,0,4768984
ygeX_predicted,0.02857142857142857,34,34,TTCCCTACTCGCCGTACGTC,0,4783311
ygeX_predicted,0.02857142857142857,34,34,TGATCAACAGTTATCACACT,0,4772470
ygeX_predicted,0.02857142857142857,34,34,TGAGCTGGATTCAGGACATG,0,4769391
ygeX_predicted,0.02857142857142857,34,34,TCTGCTCCGGACCTAAATAC,0,4768476
ygeX_predicted,0.02857142857142857,34,34,TATGGTGCAATCTCAACTAG,0,4770459
ygeX_predicted,0.02857142857142857,34,34,TACTTACATACTTGAAGGAA,0,4778953
ygeX_predicted,0.02857142857142857,34,34,TAACTAAACAACCGAAACGG,0,4791710
ygeX_predicted,0.02857142857142857,34,34,GGTCCTACGGTGCTGGCGGA,0,4772309
ygeX_predicted,0.02857142857142857,34,34,GGGTTAGCACCTACACGTGA,0,4775750
ygeX_predicted,0.02857142857142857,34,34,GGGTAGCTCTAAGTATTATG,0,4767499
ygeX_predicted,0.02857142857142857,34,34,GGCATTTTTGGATAGACGCA,0,4781302
ygeX_predicted,0.02857142857142857,34,34,GCGAGCCGTCTACGTCACGC,0,4780388
ygeX_predicted,0.02857142857142857,34,34,GCAGAGTGTACTTTATTACG,0,4771850
ygeX_predicted,0.02857142857142857,34,34,GATGAGGGGATGGAGGTCCT,0,4783693
ygeX_predicted,0.02857142857142857,34,34,GACATGGGCATCAGTGGACC,0,4787870
ygeX_predicted,0.02857142857142857,34,34,GACAATAGTGTGGACCTGCC,0,4782993
ygeX_predicted,0.02857142857142857,34,34,CTTCTGTAACTCAATCCAAC,0,4785357
ygeX_predicted,0.02857142857142857,34,34,CTGGAACTCGCAGTAGTACG,0,4775831
ygeX_predicted,0.02857142857142857,34,34,CTATCTACGCCCTCAGGGAA,0,4783898
ygeX_predicted,0.02857142857142857,34,34,CTATAACCATTCGTGTTAGG,0,4766712
ygeX_predicted,0.02857142857142857,34,34,CGTGCTGCTCGTTTGCGGGG,0,4783214
ygeX_predicted,0.02857142857142857,34,34,CCTCCACTTAAATGCGCTGA,0,4772140
ygeX_predicted,0.02857142857142857,34,34,CCGAACCACTCATCACGTGG,0,4778006
ygeX_predicted,0.02857142857142857,34,34,CCATGATGCACTCGGGAAGT,0,4782646
ygeX_predicted,0.02857142857142857,34,34,CCACGAACACTTTGGGCGTG,0,4792399
ygeX_predicted,0.02857142857142857,34,34,CAAGGGGGCACACATTTATA,0,4787053
ygeX_predicted,0.02857142857142857,34,34,ATAGTCACATGACCACCTAG,0,4772641
ygeX_predicted,0.02857142857142857,34,34,AGCCCAAATTAGGTGTACTG,0,4788044
ygeX_predicted,0.02857142857142857,34,34,AGCAGCCCTTTCAAACGCCG,0,4779273
ygeX_predicted,0.02857142857142857,34,34,ACTGTCACTTATCGCTAGCA,0,4769175
ygeX_predicted,0.02857142857142857,34,34,ACTCTTTGCCACATACACAA,0,4777106
ygeX_predicted,0.02857142857142857,34,34,ACGTGCTTGCTTTCCACTAA,0,4772098
ygeX_predicted,0.02857142857142857,34,34,ACGCTTTATAGATTTGATGT,0,4773344
ygeX_predicted,0.02857142857142857,34,34,ACAACGAGCTGCTAAGTAAC,0,4784426
ygeX_predicted,0.02857142857142857,34,34,AAATTCTTCGGAGCTGCGCT,0,4771859
ygeX_predicted,0.029411764705882353,33,33,TTTACCCGCGAGGGGGTCTT,0,4768498
ygeX_predicted,0.029411764705882353,33,33,TTACCGCCGGACGGGACTGT,0,4767728
ygeX_predicted,0.029411764705882353,33,33,TTACCGATAGCTAAAGAAAA,0,4778784
ygeX_predicted,0.029411764705882353,33,33,TGCTATTAGATATATCGCGT,0,4770931
ygeX_predicted,0.029411764705882353,33,33,TCGCTCGTGCTGGAGTTTTT,0,4775911
ygeX_predicted,0.029411764705882353,33,33,TCCACAGGTTTGCGAGACAC,0,4768581
ygeX_predicted,0.029411764705882353,33,33,TATCTAGCCACACGAGGTAG,0,4773112
ygeX_predicted,0.029411764705882353,33,33,GTTTTCAGCTAACGCGGGTG,0,4790117
ygeX_predicted,0.029411764705882353,33,33,GTTGTATATCCGAATAAATT,0,4773318
ygeX_predicted,0.029411764705882353,33,33,GTTCGCACGGGGATGTATGG,0,4770271
ygeX_predicted,0.029411764705882353,33,33,GTCGGCACAGCGGCTCTCTA,0,4783309
ygeX_predicted,0.029411764705882353,33,33,GTCAGGAGTTTATCTTGGCC,0,4770525
ygeX_predicted,0.029411764705882353,33,33,GGGATATAGCAGTGTATGAC,0,4770441
ygeX_predicted,0.029411764705882353,33,33,GGCCCCAGGGTTTGGCCTAG,0,4770465
ygeX_predicted,0.029411764705882353,33,33,GCTAGGGCGTACCAGCGTTC,0,4778654
ygeX_predicted,0.029411764705882353,33,33,GCCGAGGAGACCGCTAACCT,0,4777543
ygeX_predicted,0.029411764705882353,33,33,GCAGCAGGCTGCATGAACCT,0,4779543
ygeX_predicted,0.029411764705882353,33,33,GATGCGCTACCCCGATAGCC,0,4791479
ygeX_predicted,0.029411764705882353,33,33,GAGTACGCTAAAGGAGCGGT,0,4774438
ygeX_predicted,0.029411764705882353,33,33,GAGCCTTTCTACGATAGGGT,0,4788368
ygeX_predicted,0.029411764705882353,33,33,GAACGTAAGATGAGTAGGAC,0,4783526
ygeX_predicted,0.029411764705882353,33,33,CTTCGGCCCCCAGTCAGAGT,0,4792032
ygeX_predicted,0.029411764705882353,33,33,CTGAGGTCAGAGTGCAGAAA,0,4770366
ygeX_predicted,0.029411764705882353,33,33,CTGAAGTATTTGTGACGTAA,0,4776184
ygeX_predicted,0.029411764705882353,33,33,CCGTCGAACCAGATCGACGG,0,4768057
ygeX_predicted,0.029411764705882353,33,33,ATGTTTTCGCGATCACGGTA,0,4772031
ygeX_predicted,0.029411764705882353,33,33,ATGGTCTCGTCCCGGCCGCT,0,4769564
ygeX_predicted,0.029411764705882353,33,33,ATGCCGGGTAGCTAAGGCGC,0,4778952
ygeX_predicted,0.029411764705882353,33,33,AGGTTTTAAGATCGAAATCT,0,4768669
ygeX_predicted,0.029411764705882353,33,33,AGGCTGGACCCTTCAACATT,0,4777519
ygeX_predicted,0.029411764705882353,33,33,AGAAAACGTCCCTCGTGATA,0,4780171
ygeX_predicted,0.029411764705882353,33,33,ACTGCGCCTTGGATCAAGGT,0,4768837
ygeX_predicted,0.029411764705882353,33,33,ACTCTCAAAGAGGGACCCTC,0,4784267
ygeX_predicted,0.029411764705882353,33,33,ACACGCAGGACTGCGAGTAA,0,4766934
ygeX_predicted,0.029411764705882353,33,33,ACAATATGTTACTTCTGAAT,0,4770142
ygeX_predicted,0.029411764705882353,33,33,AATGAGTACGTCGTAATGTA,0,4772734
ygeX_predicted,0.030303030303030304,32,32,TTGCCTCGCACGTTACGCTC,0,4772984
ygeX_predicted,0.030303030303030304,32,32,TTCCATTAAAAGTACTTCTC,0,4786206
ygeX_predicted,0.030303030303030304,32,32,TTCAGATATCCGCGCCTACA,0,4774128
ygeX_predicted,0.030303030303030304,32,32,TGTGGATCGCACTCCCGTTG,0,4772950
ygeX_predicted,0.030303030303030304,32,32,TGGCGTAAGTTATGACAGTG,0,4773189
ygeX_predicted,0.030303030303030304,32,32,TGAAAGTAGCATGGCCCAAG,0,4788671
ygeX_predicted,0.030303030303030304,32,32,TCGCGTCCCTTTTAGTAGAA,0,4772071
ygeX_predicted,0.030303030303030304,32,32,TAGCGCTGGGAGAGAATGCG,0,4792859
ygeX_predicted,0.030303030303030304,32,32,TAGCCTGTTTCTATAAAGGC,0,4786929
ygeX_predicted,0.030303030303030304,32,32,TAGCAGGGGAAGGCTGAGTC,0,4772970
ygeX_predicted,0.030303030303030304,32,32,TAAAAATATTGTAGATTACA,0,4768025
ygeX_predicted,0.030303030303030304,32,32,GTGTGCCGTTCACTTTGGCC,0,4777184
ygeX_predicted,0.030303030303030304,32,32,GTGATACACTGCTCCGAACA,0,4769041
ygeX_predicted,0.030303030303030304,32,32,GGTTCGCGCTTTGACCGTGT,0,4770391
ygeX_predicted,0.030303030303030304,32,32,GGTGAGGCCGCGTCAGCCAC,0,4794087
ygeX_predicted,0.030303030303030304,32,32,GGGGTCATGTCCTCCATTGG,0,4793893
ygeX_predicted,0.030303030303030304,32,32,GGACCCGTCTATAAATCATG,0,4781907
ygeX_predicted,0.030303030303030304,32,32,GCTTGTTCCAGACTCTGTCG,0,4771060
ygeX_predicted,0.030303030303030304,32,32,GCTCGATGGCGCATGCAAAC,0,4787601
ygeX_predicted,0.030303030303030304,32,32,GCAAATTGGGCGTGCAGACA,0,4778445
ygeX_predicted,0.030303030303030304,32,32,GAACCAGTTAGACCATCACT,0,4789027
ygeX_predicted,0.030303030303030304,32,32,CTTATTCGGTCACAATCCTT,0,4772432
ygeX_predicted,0.030303030303030304,32,32,CTACTCAGTGTGTACCAACA,0,4794876
ygeX_predicted,0.030303030303030304,32,32,CGTCAGCAGTTCCAATACGA,0,4791752
ygeX_predicted,0.030303030303030304,32,32,CGGCAGCCAACATTACCAGA,0,4771610
ygeX_predicted,0.030303030303030304,32,32,CGAGCTAGTCTCGCGAGGAT,0,4794755
ygeX_predicted,0.030303030303030304,32,32,CCAGTCTCCCCAAGGGGATA,0,4792104
ygeX_predicted,0.030303030303030304,32,32,CCAGGTTCATTAGTTCTCGA,0,4776475
ygeX_predicted,0.030303030303030304,32,32,CATGTTTGGGGCCAACCAAG,0,4767893
ygeX_predicted,0.030303030303030304,32,32,CAGTAGGCAGGCTTAAAGAG,0,4775335
ygeX_predicted,0.030303030303030304,32,32,AGTTGTAAAGACATGTCTAG,0,4789563
ygeX_predicted,0.030303030303030304,32,32,AGTGTAGATGGGTGGAGGAA,0,4781553
ygeX_predicted,0.030303030303030304,32,32,AGGTCTACTTACAAACGAGA,0,4786590
ygeX_predicted,0.030303030303030304,32,32,AGCACTGCCACTATTAGAAG,0,4778314
ygeX_predicted,0.030303030303030304,32,32,AGAAGTAGTAGACCGGGCTG,0,4790381
ygeX_predicted,0.030303030303030304,32,32,ACACCGCTCGCCCCGTTACA,0,4785563
ygeX_predicted,0.030303030303030304,32,32,AATAGATCGTTATTGCTGAC,0,4788133
ygeX_predicted,0.030303030303030304,32,32,AAGACTCAGCTTCCGTGTCA,0,4789797
ygeX_predicted,0.03125,31,31,TTTGCTGAGCTACCCCCGTT,0,4772251
ygeX_predicted,0.03125,31,31,TTGGAGAGCATGCCAACCTG,0,4785265
ygeX_predicted,0.03125,31,31,TGGGCGGGTTTACCAGGTAA,0,4775486
ygeX_predicted,0.03125,31,31,TGCACCCCAATATCAGCCTT,0,4771066
ygeX_predicted,0.03125,31,31,TGATGTACTCAGTATGCATC,0,4770430
ygeX_predicted,0.03125,31,31,TCTAGCCTGTGGCTTCTTTT,0,4772542
ygeX_predicted,0.03125,31,31,TCCGCTGGGCTATAGCGGAC,0,4773211
ygeX_predicted,0.03125,31,31,TATAGCATCAAAAAAAGGCT,0,4784653
ygeX_predicted,0.03125,31,31,TAGAATGGAATGGAATTCCT,0,4794014
ygeX_predicted,0.03125,31,31,TACTTCGGTTATTCACGACA,0,4787088
ygeX_predicted,0.03125,31,31,TAAGCTGCTAGGAGCCCTTT,0,4784747
ygeX_predicted,0.03125,31,31,TAAACACCGCTTGCTCGGGT,0,4786670
ygeX_predicted,0.03125,31,31,GTTATTACACTTATTCGCGA,0,4775633
ygeX_predicted,0.03125,31,31,GTACTGGGAATCCGAACGAG,0,4780121
ygeX_predicted,0.03125,31,31,GTAAGGCCCTTCCCCGTCGT,0,4772490
ygeX_predicted,0.03125,31,31,GGTAGATCATTCGACGTTCC,0,4769100
ygeX_predicted,0.03125,31,31,GGATACTAACCCGTGGCAAA,0,4769193
ygeX_predicted,0.03125,31,31,GGACATACCACTCGGAGATG,0,4771022
ygeX_predicted,0.03125,31,31,GAGCATGTTATGCGTCAATG,0,4767443
ygeX_predicted,0.03125,31,31,CTGCGGATATTGGGTACGTT,0,4774312
ygeX_predicted,0.03125,31,31,CTCTCGCTGTCTACCAATGA,0,4771287
ygeX_predicted,0.03125,31,31,CGTGTCAAAAATCCGCGCTC,0,4781224
ygeX_predicted,0.03125,31,31,CGGGTCTATGTCCTATAACG,0,4776828
ygeX_predicted,0.03125,31,31,CGCCGCGCAAGGCGCGAGGC,0,4773865
ygeX_predicted,0.03125,31,31,CCGTACCAATGGCAAGGACA,0,4769449
ygeX_predicted,0.03125,31,31,CCCGCTGCATGGGATGACTC,0,4778023
ygeX_predicted,0.03125,31,31,CCCCGACCGCGACGAAAGAA,0,4781054
ygeX_predicted,0.03125,31,31,CCACGAGATAACTTACCTCA,0,4789423
ygeX_predicted,0.03125,31,31,CCAAATTCTTGTCGCTCAAA,0,4782547
ygeX_predicted,0.03125,31,31,ATGGGGGCGTATATACACAC,0,4770721
ygeX_predicted,0.03125,31,31,ATAACCACGTCGGGATGGCT,0,4775695
ygeX_predicted,0.03125,31,31,ACGTCAGCCTACTCTAGGAA,0,4784036
ygeX_predicted,0.03125,31,31,ACCCACGTATCCTCATAGCC,0,4769528
ygeX_predicted,0.03125,31,31,ACACGCATGATGCAAAATCG,0,4773051
ygeX_predicted,0.03125,31,31,AATCATGTGTTGTGCCCTGA,0,4769415
ygeX_predicted,0.03125,31,31,AAACGATGCATAACAATAAG,0,4786440
ygeX_predicted,0.03225806451612903,30,30,TTCGTAAAGGCTCTCATGGA,0,4784401
ygeX_predicted,0.03225806451612903,30,30,TTAAAGAACTTGATTTTTAG,0,4773056
ygeX_predicted,0.03225806451612903,30,30,TGTAAGCTGGCTATTGGGTA,0,4781027
ygeX_predicted,0.03225806451612903,30,30,TGATCTGTCTGGATTCCGTC,0,4772705
ygeX_predicted,0.03225806451612903,30,30,TGAGTGGGACTCTGCACAGT,0,4786528
ygeX_predicted,0.03225806451612903,30,30,TCTTACGGAATGGGGGGAAT,0,4774703
ygeX_predicted,0.03225806451612903,30,30,TCGTCCCAGCCTGTACCATG,0,4782006
ygeX_predicted,0.03225806451612903,30,30,TCGTAACAACTGATTCAGCC,0,4776435
ygeX_predicted,0.03225806451612903,30,30,TCGAGGGAGAATGTTAAGAG,0,4769985
ygeX_predicted,0.03225806451612903,30,30,TCCGGGATGAGGTGCTCTAC,0,4772177
ygeX_predicted,0.03225806451612903,30,30,TCAATAGTGATATTTACGAC,0,4774125
ygeX_predicted,0.03225806451612903,30,30,TAGCTTATGGCATATCGAAT,0,4778713
ygeX_predicted,0.03225806451612903,30,30,TAGCTCTTAGGATCTAAAGA,0,4777863
ygeX_predicted,0.03225806451612903,30,30,TAGCGTCTCACTTGCCACCA,0,4788742
ygeX_predicted,0.03225806451612903,30,30,TAAGCCCATTAGGAAGATCT,0,4774039
ygeX_predicted,0.03225806451612903,30,30,GTACCGGCTACGTCGCAAGA,0,4767215
ygeX_predicted,0.03225806451612903,30,30,GGGTCTGCCATCCCCCACAG,0,4770438
ygeX_predicted,0.03225806451612903,30,30,GGCTGCTTGAGGCGTAAGCA,0,4775153
ygeX_predicted,0.03225806451612903,30,30,GGCGGAGTATCCGGTACTCC,0,4774451
ygeX_predicted,0.03225806451612903,30,30,GCTCCAGGTGCGGGTTCCAA,0,4774589
ygeX_predicted,0.03225806451612903,30,30,GCCCTTGATAGTGCTTAACG,0,4780414
ygeX_predicted,0.03225806451612903,30,30,GCACGAGTACTCTGACCCGG,0,4769002
ygeX_predicted,0.03225806451612903,30,30,GATCCTCCAGATCTACTTTT,0,4783596
ygeX_predicted,0.03225806451612903,30,30,GATAATATAGAGCGAATCCA,0,4784879
ygeX_predicted,0.03225806451612903,30,30,GAGTCAGACGGGACCACCGT,0,4790484
ygeX_predicted,0.03225806451612903,30,30,GACTTATTACTTGAGTAGAT,0,4770520
ygeX_predicted,0.03225806451612903,30,30,GAACCCCGACGAATAGTCAA,0,4772414
ygeX_predicted,0.03225806451612903,30,30,CTTGTGCCTACCGGTTAACT,0,4777135
ygeX_predicted,0.03225806451612903,30,30,CTTCTGCGCATGTAGCCCTA,0,4772755
ygeX_predicted,0.03225806451612903,30,30,CTGAGGCTTACGGCCGTGAT,0,4782490
ygeX_predicted,0.03225806451612903,30,30,CTATTTAATTAGGACCCGGC,0,4779815
ygeX_predicted,0.03225806451612903,30,30,CGGCCGTGTTAGTCGGCTCT,0,4787298
ygeX_predicted,0.03225806451612903,30,30,CGCTGCGGGCAAGTGTATGT,0,4776740
ygeX_predicted,0.03225806451612903,30,30,ATTGAGCCATATCCGACCTC,0,4787121
ygeX_predicted,0.03225806451612903,30,30,ATAGGAGGCTACCGGCCTTC,0,4788535
ygeX_predicted,0.03225806451612903,30,30,ACGGCACTGGTTGCCTACGG,0,4783698
ygeX_predicted,0.03225806451612903,30,30,ACATATGGAAAATACCGTAC,0,4778156
ygeX_predicted,0.03225806451612903,30,30,AATGGTCCATCGCTGTAGAT,0,4783825
ygeX_predicted,0.03225806451612903,30,30,AACCGACCATAGATCTAGAA,0,4767131
ygeX_predicted,0.03225806451612903,30,30,AAAACTGGACATCCATAGAT,0,4772706
ygeX_predicted,0.03225806451612903,30,30,AAAAATTCCCAAGTCCACAT,0,4780066
ygeX_predicted,0.03333333333333333,29,29,TTCCAGTAACGCATCGTAAT,0,4783533
ygeX_predicted,0.03333333333333333,29,29,TTATCGTGGGAATGAACGGG,0,4770889
ygeX_predicted,0.03333333333333333,29,29,TGTGCGAAAACGGATTTAAA,0,4787528
ygeX_predicted,0.03333333333333333,29,29,TGGAAGTACCGGAACGGGTG,0,4792663
ygeX_predicted,0.03333333333333333,29,29,TGACTAGAAACCAAATCGAT,0,4772191
ygeX_predicted,0.03333333333333333,29,29,TCTGGCGAGTGGTAAAGGCC,0,4793792
ygeX_predicted,0.03333333333333333,29,29,TCTCCTAAGATAGCAGTTGA,0,4787734
ygeX_predicted,0.03333333333333333,29,29,TCGCCGTACGATGGACTAAA,0,4794264
ygeX_predicted,0.03333333333333333,29,29,TCAGATATACTGGATATGTC,0,4772888
ygeX_predicted,0.03333333333333333,29,29,TAACAGGTTGCATGAGGATT,0,4773647
ygeX_predicted,0.03333333333333333,29,29,GTCTAACGGAGCTTTCCACA,0,4767771
ygeX_predicted,0.03333333333333333,29,29,GTCAAATGAATCGCTCGTAA,0,4777349
ygeX_predicted,0.03333333333333333,29,29,GTAACGGTCAAAGCGTTCTA,0,4776753
ygeX_predicted,0.03333333333333333,29,29,GGCTTAAGCCTCAACCACCT,0,4775568
ygeX_predicted,0.03333333333333333,29,29,GGAAACAGCCCCAGTATGCC,0,4769268
ygeX_predicted,0.03333333333333333,29,29,GCTCGCATTGTGGGTGCAGC,0,4793305
ygeX_predicted,0.03333333333333333,29,29,GCTAAAAACTTCGTTCGAAC,0,4776987
ygeX_predicted,0.03333333333333333,29,29,GCGTGTGGCCGTAGGCAGGG,0,4778761
ygeX_predicted,0.03333333333333333,29,29,GCGGTGTGTACACGAGCTTG,0,4783513
ygeX_predicted,0.03333333333333333,29,29,GCCATACTTGCCTCGGTGAT,0,4780662
ygeX_predicted,0.03333333333333333,29,29,GCACATCCCATGCGAAGACA,0,4791121
ygeX_predicted,0.03333333333333333,29,29,GACCGGACACTCGACTTACA,0,4774380
ygeX_predicted,0.03333333333333333,29,29,CTTGCATCTACCTGCCGTTA,0,4776886
ygeX_predicted,0.03333333333333333,29,29,CGTTGAAGTGTAGCCGTGAA,0,4768574
ygeX_predicted,0.03333333333333333,29,29,CGTTAGTACGGCTGGTTGCC,0,4772584
ygeX_predicted,0.03333333333333333,29,29,CGTCCGCCCATATGGTAGGT,0,4782663
ygeX_predicted,0.03333333333333333,29,29,CGCGGCCAGTCTGCCTACTA,0,4767896
ygeX_predicted,0.03333333333333333,29,29,CCTGCGTTCGGCTGGCGTCT,0,4773387
ygeX_predicted,0.03333333333333333,29,29,CCTCCCCGACCGCGTCTGTT,0,4775413
ygeX_predicted,0.03333333333333333,29,29,CCTATCAAACGAACAGAATG,0,4777747
ygeX_predicted,0.03333333333333333,29,29,CCCCAGCACGCTAGCAAGCA,0,4791312
ygeX_predicted,0.03333333333333333,29,29,CCAAGGTGCTTTGAGAGTAA,0,4776685
ygeX_predicted,0.03333333333333333,29,29,CACGGTTGCAGAGGGTCATC,0,4776560
ygeX_predicted,0.03333333333333333,29,29,ATTCACGCTCAAGGGGGCAT,0,4777604
ygeX_predicted,0.03333333333333333,29,29,ATGGGGACCCTGTTTCGTAC,0,4770541
ygeX_predicted,0.03333333333333333,29,29,ATGGGACACTGATTACCACT,0,4768200
ygeX_predicted,0.03333333333333333,29,29,ATGCCGTCAATGTCCGGGAA,0,4770553
ygeX_predicted,0.03333333333333333,29,29,ATCTAAGGCCTGCTCAACGC,0,4778640
ygeX_predicted,0.03333333333333333,29,29,ATCGCGGGAATAAGCACGGT,0,4780911
ygeX_predicted,0.03333333333333333,29,29,AGTCTTTCCGGTAGTACACA,0,4771589
ygeX_predicted,0.03333333333333333,29,29,AGTAACGGCGTTATGCCATA,0,4786867
ygeX_predicted,0.03333333333333333,29,29,AGACCTGTCCTTCGTGTTTA,0,4788337
ygeX_predicted,0.03333333333333333,29,29,ACCTCCCTGGTATCTTAACA,0,4773032
ygeX_predicted,0.03333333333333333,29,29,AATCCTTACAGGGCACACCT,0,4774648
ygeX_predicted,0.03333333333333333,29,29,AACTGGGCACCGACGTAGGA,0,4772501
ygeX_predicted,0.03333333333333333,29,29,AACTAGGACGGGTGCTGTAA,0,4769381
ygeX_predicted,0.03333333333333333,29,29,AACGCGCGACAGATGAGGGT,0,4776720
ygeX_predicted,0.034482758620689655,28,28,TTAAGGTTTTTAAGGCACTG,0,4785890
ygeX_predicted,0.034482758620689655,28,28,TTAAAGATCAGCAATAGTTC,0,4787761
ygeX_predicted,0.034482758620689655,28,28,TGTGTGTTCGGCGGGGCTGA,0,4768422
ygeX_predicted,0.034482758620689655,28,28,TGGGCTGTCAAGTCAGTCAT,0,4778772
ygeX_predicted,0.034482758620689655,28,28,TGGCCAAAACAGTACGGCAA,0,4771611
ygeX_predicted,0.034482758620689655,28,28,TGGACTGTACCGACTTTACA,0,4773674
ygeX_predicted,0.034482758620689655,28,28,TGCTACGTCGTGAATAAGTT,0,4777226
ygeX_predicted,0.034482758620689655,28,28,TGACCAGAGGCAACAAGTAG,0,4778482
ygeX_predicted,0.034482758620689655,28,28,TGACACGGTATCCATACCTG,0,4771545
ygeX_predicted,0.034482758620689655,28,28,TCTTGATTGAGTCATTGCAG,0,4790579
ygeX_predicted,0.034482758620689655,28,28,TCGAGCTTGCTTATCAAGTA,0,4774371
ygeX_predicted,0.034482758620689655,28,28,TCCACGATTTTGAAATGTCT,0,4785138
ygeX_predicted,0.034482758620689655,28,28,TCACCTGGATGCAGCCCAAA,0,4781671
ygeX_predicted,0.034482758620689655,28,28,TATTACGGATATTGAGTTGA,0,4769562
ygeX_predicted,0.034482758620689655,28,28,TATCGACACCGCGATCCATC,0,4774269
ygeX_predicted,0.034482758620689655,28,28,TATAAGCATACTGCCAGTGC,0,4771125
ygeX_predicted,0.034482758620689655,28,28,TACTGCGGTGAGTATCTGCC,0,4776339
ygeX_predicted,0.034482758620689655,28,28,TACACTGAGGGGGCGTCTGG,0,4781201
ygeX_predicted,0.034482758620689655,28,28,GTTGCTGAAGGGAGTCAGCC,0,4767442
ygeX_predicted,0.034482758620689655,28,28,GTTATAGAAGCACTACAAAC,0,4773254
ygeX_predicted,0.034482758620689655,28,28,GTGACAAGAGACCACTGATG,0,4772233
ygeX_predicted,0.034482758620689655,28,28,GTCCCATCTCTGCGTGTCAT,0,4789722
ygeX_predicted,0.034482758620689655,28,28,GGTCCAAGTTGGGCAGACTG,0,4768611
ygeX_predicted,0.034482758620689655,28,28,GGTAGAGGGTGTACGTTTAG,0,4771358
ygeX_predicted,0.034482758620689655,28,28,GGCGTTCCTACTGATACCCA,0,4767832
ygeX_predicted,0.034482758620689655,28,28,GGCAGCGACGGGAGTTTAGA,0,4770904
ygeX_predicted,0.034482758620689655,28,28,GGATATTTTGATGTGCGCAA,0,4770106
ygeX_predicted,0.034482758620689655,28,28,GCTTTCAGGGATCCGTCACA,0,4792390
ygeX_predicted,0.034482758620689655,28,28,GCGATCAACGAGGCGGCCTA,0,4781739
ygeX_predicted,0.034482758620689655,28,28,GACTCATTCGGTAAGGCCTA,0,4771599
ygeX_predicted,0.034482758620689655,28,28,GACCGCCCGCCTCAAAAGGG,0,4783472
ygeX_predicted,0.034482758620689655,28,28,GAATATGGCGCCTAGATACT,0,4781287
ygeX_predicted,0.034482758620689655,28,28,CTGGAGCTCTCCTAAAACAT,0,4786566
ygeX_predicted,0.034482758620689655,28,28,CTGCTTGTAAGTCGATCGTC,0,4781872
ygeX_predicted,0.034482758620689655,28,28,CTGACCAAAGGAAGAGCCTG,0,4779963
ygeX_predicted,0.034482758620689655,28,28,CTCCCGCAATTTGCTCAATG,0,4778447
ygeX_predicted,0.034482758620689655,28,28,CGTTGGCAAGAGTCAAGTTG,0,4777942
ygeX_predicted,0.034482758620689655,28,28,CGTGTGTCAACCAAAGGCTT,0,4776436
ygeX_predicted,0.034482758620689655,28,28,CGTCACGACTGCGGATTTTC,0,4771587
ygeX_predicted,0.034482758620689655,28,28,CGTACCTTAGTAAGACAGAG,0,4782365
ygeX_predicted,0.034482758620689655,28,28,CGGCTCAGAAGATTACAAAT,0,4767985
ygeX_predicted,0.034482758620689655,28,28,CGCCCTACGCGAATGAGAGT,0,4790274
ygeX_predicted,0.034482758620689655,28,28,CCTAAGATTTTGGTCTTTTC,0,4773478
ygeX_predicted,0.034482758620689655,28,28,CCGCCTTTCCTGTTGCTCAA,0,4774879
ygeX_predicted,0.034482758620689655,28,28,CCGCCGATCTTATTATTGGG,0,4769359
ygeX_predicted,0.034482758620689655,28,28,CATACGCTTAGCGCTTATTT,0,4782594
ygeX_predicted,0.034482758620689655,28,28,CACGGATTACCGAGCTATTT,0,4779867
ygeX_predicted,0.034482758620689655,28,28,CAAAAGGGGGGGGATAGATA,0,4773161
ygeX_predicted,0.034482758620689655,28,28,ATGGTACTACGTAACCCGCG,0,4768730
ygeX_predicted,0.034482758620689655,28,28,ATGAAGAGTTCATCCGGAAG,0,4778785
ygeX_predicted,0.034482758620689655,28,28,ATAAGGCTGATAACTGAGCT,0,4772358
ygeX_predicted,0.034482758620689655,28,28,AGTTCGTAATCGCGGGGCCA,0,4786934
ygeX_predicted,0.034482758620689655,28,28,AGTGAGGTTGATAAGCAACA,0,4782111
ygeX_predicted,0.034482758620689655,28,28,AGGACATCATTACGACAATG,0,4772783
ygeX_predicted,0.034482758620689655,28,28,AGATGAAAGCCTACCGCGGT,0,4771849
ygeX_predicted,0.034482758620689655,28,28,AGACATATGAGCGTTTCAAA,0,4772106
ygeX_predicted,0.034482758620689655,28,28,ACAATATGTAAGACAGCGAG,0,4772457
ygeX_predicted,0.034482758620689655,28,28,ACAATAATGTCGGCATGGCT,0,4777150
ygeX_predicted,0.034482758620689655,28,28,AATTTGTCACCATGACGCAT,0,4767238
ygeX_predicted,0.034482758620689655,28,28,AACGGACACCAGTTAATCAG,0,4777833
ygeX_predicted,0.03571428571428571,27,27,TTTTTCAGGTAAGCAAGCAA,0,4783917
ygeX_predicted,0.03571428571428571,27,27,TTCGTAGCGAGATTGTAAGA,0,4767640
ygeX_predicted,0.03571428571428571,27,27,TTACACGCACTCTTCGTTTG,0,4773680
ygeX_predicted,0.03571428571428571,27,27,TGTTTTGCTTCCGACTTGGG,0,4778648
ygeX_predicted,0.03571428571428571,27,27,TGGTTTATTGTTCGGCTTTC,0,4773362
ygeX_predicted,0.03571428571428571,27,27,TCGTTAATGTGGCAGGTAAT,0,4778076
ygeX_predicted,0.03571428571428571,27,27,TCGGACATAGACAGATCATT,0,4787322
ygeX_predicted,0.03571428571428571,27,27,TATTCTATAGAGCATTGTTA,0,4785733
ygeX_predicted,0.03571428571428571,27,27,TACTACCTCTCTATTCGCGT,0,4768885
ygeX_predicted,0.03571428571428571,27,27,TAATGATATAATATTGTATT,0,4778537
ygeX_predicted,0.03571428571428571,27,27,GTTCGAATGTAGTAGCTGAG,0,4790192
ygeX_predicted,0.03571428571428571,27,27,GTCCAAGGAGGATCTTGTTG,0,4788654
ygeX_predicted,0.03571428571428571,27,27,GTCAAATTCCCAGATTGTAT,0,4783797
ygeX_predicted,0.03571428571428571,27,27,GTATTTGTATACTTGCAGTG,0,4767264
ygeX_predicted,0.03571428571428571,27,27,GTATGGCAACGAGGTAAATA,0,4776512
ygeX_predicted,0.03571428571428571,27,27,GTATACTAAAGACGTATCGA,0,4771240
ygeX_predicted,0.03571428571428571,27,27,GGTCCTAATATTAATGAGTG,0,4780767
ygeX_predicted,0.03571428571428571,27,27,GGGGTTAGCGGGGCGAAATC,0,4783027
ygeX_predicted,0.03571428571428571,27,27,GGGATAGTGGCTTCTAAGAC,0,4779414
ygeX_predicted,0.03571428571428571,27,27,GCTTTCTTTGAAGTTTCCCC,0,4772859
ygeX_predicted,0.03571428571428571,27,27,GCCATGTTTCTTGATAACGG,0,4766733
ygeX_predicted,0.03571428571428571,27,27,GCATACTGAGCAATGCCCCT,0,4792636
ygeX_predicted,0.03571428571428571,27,27,GATGGGTGCCTGTGTCTCTT,0,4787975
ygeX_predicted,0.03571428571428571,27,27,GATGATACTAACGGATTCTG,0,4789325
ygeX_predicted,0.03571428571428571,27,27,GAGTAATAAGTTTATACGGA,0,4786587
ygeX_predicted,0.03571428571428571,27,27,GACCCCGTTTGCGACATAAC,0,4791942
ygeX_predicted,0.03571428571428571,27,27,CTTGCTCGTTATGATGGGTG,0,4769658
ygeX_predicted,0.03571428571428571,27,27,CTTGCGTCTTACACTCTTAC,0,4770657
ygeX_predicted,0.03571428571428571,27,27,CTCAGTCGCTAGCCGTACGC,0,4791501
ygeX_predicted,0.03571428571428571,27,27,CTACTGTTGATGCACGATAC,0,4773530
ygeX_predicted,0.03571428571428571,27,27,CTAATTACACTCTTGTCAGG,0,4781172
ygeX_predicted,0.03571428571428571,27,27,CGGTCCAAACCGACCGTGAG,0,4778466
ygeX_predicted,0.03571428571428571,27,27,CGAGACGTCATTGGCCAACC,0,4792265
ygeX_predicted,0.03571428571428571,27,27,CGACCTTATAATTACAAGCA,0,4781908
ygeX_predicted,0.03571428571428571,27,27,CGACCGAAATGATCACGATC,0,4771786
ygeX_predicted,0.03571428571428571,27,27,CCCAGATGACGGGAGATGGT,0,4778305
ygeX_predicted,0.03571428571428571,27,27,CATCCAGTATAAGAAGCCAT,0,4785196
ygeX_predicted,0.03571428571428571,27,27,CAGGACGTATTGTTTACTGG,0,4791886
ygeX_predicted,0.03571428571428571,27,27,CAGCTATTGGACGTTGCGAC,0,4770611
ygeX_predicted,0.03571428571428571,27,27,CACTGCTAATCCATGCTGAA,0,4774977
ygeX_predicted,0.03571428571428571,27,27,CAAAGGGTACGGCAGGCCTA,0,4785121
ygeX_predicted,0.03571428571428571,27,27,ATTTCACTTGGCCAGCTGCC,0,4772107
ygeX_predicted,0.03571428571428571,27,27,ATTGCCTCTAATGCGCCTAG,0,4775151
ygeX_predicted,0.03571428571428571,27,27,ATGGCATGAGGCGATCTGCA,0,4787985
ygeX_predicted,0.03571428571428571,27,27,ATCTGGGACATTTGCGGGGT,0,4771826
ygeX_predicted,0.03571428571428571,27,27,ATCCACGTGTGGTGTTGCTA,0,4790461
ygeX_predicted,0.03571428571428571,27,27,AGTCCACGTAGTACGCAGAT,0,4791929
ygeX_predicted,0.03571428571428571,27,27,AGTATGGGATCAATCGGTCG,0,4785525
ygeX_predicted,0.03571428571428571,27,27,AGGTGTCGTTCAAGTAAATT,0,4769651
ygeX_predicted,0.03571428571428571,27,27,AGGCGCATATAGCTGGTGGG,0,4771951
ygeX_predicted,0.03571428571428571,27,27,AGCGGGGCGGATTAACGTAC,0,4778205
ygeX_predicted,0.03571428571428571,27,27,AGCGGCAGGGCAAACCAAGT,0,4789401
ygeX_predicted,0.03571428571428571,27,27,ACTTGCGTTCCTTCATGGAG,0,4772118
ygeX_predicted,0.03571428571428571,27,27,ACGATCCGCTACGTAGTTGT,0,4785385
ygeX_predicted,0.037037037037037035,26,26,TTTAGGTACATTTGGCAGCA,0,4771609
ygeX_predicted,0.037037037037037035,26,26,TTGTTGCGGACCCTCGCGAG,0,4770386
ygeX_predicted,0.037037037037037035,26,26,TTGTGGGTGGCGTCGCTCGA,0,4776791
ygeX_predicted,0.037037037037037035,26,26,TGGCCGATCATAGACAGCGG,0,4781518
ygeX_predicted,0.037037037037037035,26,26,TGGCACCGTTCTGCACAGCT,0,4787792
ygeX_predicted,0.037037037037037035,26,26,TGCGCCGGACTGTAGGGGGA,0,4773255
ygeX_predicted,0.037037037037037035,26,26,TGAGCTCGCTTTTCTATTTA,0,4790424
ygeX_predicted,0.037037037037037035,26,26,TGACTAAGTGCACCTCTAGA,0,4786259
ygeX_predicted,0.037037037037037035,26,26,TCGTGGCACTGTGAAACGTA,0,4774494
ygeX_predicted,0.037037037037037035,26,26,TCGTCCTACAACGACCATTG,0,4782017
ygeX_predicted,0.037037037037037035,26,26,TCACTGTCGTCTGTGTCTGA,0,4768736
ygeX_predicted,0.037037037037037035,26,26,TCAAACCTCGACTCCTGCCA,0,4785522
ygeX_predicted,0.037037037037037035,26,26,GTTGGACCTTAACTGTGAGC,0,4769784
ygeX_predicted,0.037037037037037035,26,26,GTTACGCATGGGATCGACCT,0,4781249
ygeX_predicted,0.037037037037037035,26,26,GTGTGAACCCCCGATCGTAA,0,4782591
ygeX_predicted,0.037037037037037035,26,26,GTCGTTCGCGGGATATGTGA,0,4784565
ygeX_predicted,0.037037037037037035,26,26,GTCATATCCGCCAGTCTGGA,0,4780970
ygeX_predicted,0.037037037037037035,26,26,GGTTTTTAGTACCGTCTGAG,0,4793671
ygeX_predicted,0.037037037037037035,26,26,GGTCCGTAGGGACCACTGGG,0,4767920
ygeX_predicted,0.037037037037037035,26,26,GGTAGGGCGAGTCAAGTTGC,0,4776954
ygeX_predicted,0.037037037037037035,26,26,GGGTCGCATACTTAATGGAG,0,4776982
ygeX_predicted,0.037037037037037035,26,26,GGCCACCAATCCAGGGAGTA,0,4775832
ygeX_predicted,0.037037037037037035,26,26,GGCATACTCGCCCATAGCTA,0,4769685
ygeX_predicted,0.037037037037037035,26,26,GGATGGTGATACCCGGTATG,0,4778963
ygeX_predicted,0.037037037037037035,26,26,GGAGGTCATCGGGCAAGGCC,0,4784832
ygeX_predicted,0.037037037037037035,26,26,GCGATTTCTTAACCATTTAA,0,4777187
ygeX_predicted,0.037037037037037035,26,26,GCCAGTAAGGAAATACACCA,0,4776959
ygeX_predicted,0.037037037037037035,26,26,GCAAACTTGCTTTCCCTGGT,0,4774105
ygeX_predicted,0.037037037037037035,26,26,GATTCTCAGATTCCATACAA,0,4771024
ygeX_predicted,0.037037037037037035,26,26,GAGCGAGCTTTATCATGAAT,0,4771529
ygeX_predicted,0.037037037037037035,26,26,GAAGGATTACCTGTCTGTTT,0,4771370
ygeX_predicted,0.037037037037037035,26,26,GAAGATACAGATATGGATAC,0,4772141
ygeX_predicted,0.037037037037037035,26,26,GAAAGCGGGGAGTAGAGAAG,0,4776293
ygeX_predicted,0.037037037037037035,26,26,CTATTAACGTCCCATGTCAA,0,4769341
ygeX_predicted,0.037037037037037035,26,26,CTAGGGGATGCCCAGACCAA,0,4767303
ygeX_predicted,0.037037037037037035,26,26,CGTGTGTAAAGAAATCTACA,0,4779590
ygeX_predicted,0.037037037037037035,26,26,CGTCGCCGTACCCGTAGATA,0,4770419
ygeX_predicted,0.037037037037037035,26,26,CGGGTCAACTGATCTGATGC,0,4785258
ygeX_predicted,0.037037037037037035,26,26,CGCCGACTGGATAGTGTTTG,0,4789588
ygeX_predicted,0.037037037037037035,26,26,CGCAGGCAGCCGGAGCATAT,0,4774646
ygeX_predicted,0.037037037037037035,26,26,CGACTATTATAGCCCTACTT,0,4786733
ygeX_predicted,0.037037037037037035,26,26,CGAAACTTCTGGTTTAAGCA,0,4775342
ygeX_predicted,0.037037037037037035,26,26,CCTATGCCGCTAACCCACGC,0,4769972
ygeX_predicted,0.037037037037037035,26,26,CCGCAGAGCAACTCTTAAAG,0,4787261
ygeX_predicted,0.037037037037037035,26,26,CCCTTGATAAGTGTCTCTAA,0,4775544
ygeX_predicted,0.037037037037037035,26,26,CATTTCACGGTAGCTCATTG,0,4778862
ygeX_predicted,0.037037037037037035,26,26,CATTACTTCCTAGCGGGGCA,0,4780268
ygeX_predicted,0.037037037037037035,26,26,CAGTACTTACATAGGTGGAT,0,4789766
ygeX_predicted,0.037037037037037035,26,26,CAGGGGTAGCCCGCCGTCCC,0,4770919
ygeX_predicted,0.037037037037037035,26,26,CAGGCTCTGTGCACCCAGCA,0,4779983
ygeX_predicted,0.037037037037037035,26,26,CAACCGCTTGGTACCTCCAC,0,4792309
ygeX_predicted,0.037037037037037035,26,26,ATTCGGACCCTGAAGTACGT,0,4782964
ygeX_predicted,0.037037037037037035,26,26,ATCCCGGCACGCGTGGTCAT,0,4794250
ygeX_predicted,0.037037037037037035,26,26,ATAGGATGGATCCAGCTAAT,0,4789804
ygeX_predicted,0.037037037037037035,26,26,AGCTTAATAAAGGGGACAGG,0,4777508
ygeX_predicted,0.037037037037037035,26,26,AGATTACCCTGACGCTGTTC,0,4779903
ygeX_predicted,0.037037037037037035,26,26,AGAGTGTCATAGTGGGGGTC,0,4780029
ygeX_predicted,0.037037037037037035,26,26,AGACCGAGTTACATGCGTCC,0,4770454
ygeX_predicted,0.037037037037037035,26,26,ACTCATTCTCCCCCCTGAGT,0,4785783
ygeX_predicted,0.037037037037037035,26,26,ACTAGGGTGGTGGGTGCACC,0,4782388
ygeX_predicted,0.037037037037037035,26,26,ACCTCTTTCGCGCTTCAAGA,0,4773859
ygeX_predicted,0.037037037037037035,26,26,ACCGTTAAAGGCTCGGGGTT,0,4772477
ygeX_predicted,0.037037037037037035,26,26,ACATTCGCACACTGCTGCCT,0,4785628
ygeX_predicted,0.037037037037037035,26,26,ACAAGACATTACGGTAAAAG,0,4784454
ygeX_predicted,0.037037037037037035,26,26,AATTCGGGAAATAAAACGAA,0,4779404
ygeX_predicted,0.037037037037037035,26,26,AAGTAGCCAAGGGGAAATGC,0,4790763
ygeX_predicted,0.037037037037037035,26,26,AAGGACGGCTTTGATTCACA,0,4786237
ygeX_predicted,0.037037037037037035,26,26,AACCCTGACGGAATACACAG,0,4780571
ygeX_predicted,0.037037037037037035,26,26,AACACCTATAGCTCGGTACG,0,4781097
ygeX_predicted,0.037037037037037035,26,26,AAAGTTGTGAGTGATTTCGT,0,4791528
ygeX_predicted,0.038461538461538464,25,25,TTGGATTACTACGCCAGCTA,0,4767873
ygeX_predicted,0.038461538461538464,25,25,TTGATCTAGGACAGAAGCGA,0,4771592
ygeX_predicted,0.038461538461538464,25,25,TTGAATGAAAAAAGTTCTAT,0,4778752
ygeX_predicted,0.038461538461538464,25,25,TTCGAATGATCTCACCGGGG,0,4777305
ygeX_predicted,0.038461538461538464,25,25,TGTAGATATGTTCGGGGTCC,0,4782941
ygeX_predicted,0.038461538461538464,25,25,TGTACCCCTATCAGCGTATG,0,4770307
ygeX_predicted,0.038461538461538464,25,25,TGGTGTACCAGAGCCTAAAG,0,4789350
ygeX_predicted,0.038461538461538464,25,25,TGGCCCCGATTGGCCATTTG,0,4793299
ygeX_predicted,0.038461538461538464,25,25,TGCATACCTATGTAGGGTTT,0,4781855
ygeX_predicted,0.038461538461538464,25,25,TGCAGCGACCATAACCGGGA,0,4782920
ygeX_predicted,0.038461538461538464,25,25,TGAGTGCCCAGCCCGTAACT,0,4768381
ygeX_predicted,0.038461538461538464,25,25,TCTTAAGGCGAAGTTCAGCC,0,4793381
ygeX_predicted,0.038461538461538464,25,25,TCGGTCGGCATCCAACCGTG,0,4772273
ygeX_predicted,0.038461538461538464,25,25,TATGATTGCATCCCTTTGCC,0,4781227
ygeX_predicted,0.038461538461538464,25,25,TACTTGCCGAGTCCTAGCAA,0,4786140
ygeX_predicted,0.038461538461538464,25,25,TACAGAGACTCGAGGATACT,0,4776958
ygeX_predicted,0.038461538461538464,25,25,TAACGTGAAGCATATAGTAA,0,4771376
ygeX_predicted,0.038461538461538464,25,25,TAACACGGCCTTCGGCTAGG,0,4774544
ygeX_predicted,0.038461538461538464,25,25,GTGTGTACCTAGGGAGTCTC,0,4769656
ygeX_predicted,0.038461538461538464,25,25,GTGTACTAGCTATGTCGCTG,0,4790384
ygeX_predicted,0.038461538461538464,25,25,GTCCCTCGGCCCTGAGTCTA,0,4777714
ygeX_predicted,0.038461538461538464,25,25,GTCATTGTAGCTGAGCGACT,0,4777459
ygeX_predicted,0.038461538461538464,25,25,GTCACCGGTTGGGGCGGTTA,0,4788046
ygeX_predicted,0.038461538461538464,25,25,GTAGGGGTGGCAGTCCACAT,0,4767990
ygeX_predicted,0.038461538461538464,25,25,GTACAGCCTCAGAAGGACCC,0,4794835
ygeX_predicted,0.038461538461538464,25,25,GGTGTAATGGATTGCCATAT,0,4781165
ygeX_predicted,0.038461538461538464,25,25,GGTCGGTTCGCTACCGCGCC,0,4768788
ygeX_predicted,0.038461538461538464,25,25,GGCCGGGCTTATTCATAAAA,0,4787540
ygeX_predicted,0.038461538461538464,25,25,GGATTGGGTGCTGTGGCTGT,0,4784470
ygeX_predicted,0.038461538461538464,25,25,GCTGAGATGCTCCAAATGTT,0,4767588
ygeX_predicted,0.038461538461538464,25,25,GCGATGAGTCGCTACCACTA,0,4777905
ygeX_predicted,0.038461538461538464,25,25,GCGAAAATTCAAGAGGTGTC,0,4776950
ygeX_predicted,0.038461538461538464,25,25,GCCGATATTCCTGGGAGGGG,0,4770787
ygeX_predicted,0.038461538461538464,25,25,GCCAGTTGTCTATCAAGGTA,0,4774730
ygeX_predicted,0.038461538461538464,25,25,GCAGCGGGTCGTTCTCCCGT,0,4776443
ygeX_predicted,0.038461538461538464,25,25,GCACGCACCTTCTCGGGATC,0,4782007
ygeX_predicted,0.038461538461538464,25,25,GATGTGGATCGTCTGAGCGT,0,4777438
ygeX_predicted,0.038461538461538464,25,25,GATGAGCTAGCGGTACGCTC,0,4787114
ygeX_predicted,0.038461538461538464,25,25,GATGACCGCGTAAAGGTCTC,0,4780609
ygeX_predicted,0.038461538461538464,25,25,GATAGTACGATTAGTAACAG,0,4772590
ygeX_predicted,0.038461538461538464,25,25,GAGTGCTGCGGGAGCTGTTG,0,4784136
ygeX_predicted,0.038461538461538464,25,25,GAGAGTGTGTTCTTGTTCTA,0,4774607
ygeX_predicted,0.038461538461538464,25,25,GACCGGCTAGAGCGTTCAGT,0,4776422
ygeX_predicted,0.038461538461538464,25,25,GAAGTTATGCGCTTTCAAGA,0,4777092
ygeX_predicted,0.038461538461538464,25,25,CTTTGTGGTTAGGCCCGTAT,0,4789075
ygeX_predicted,0.038461538461538464,25,25,CTGATTGTTGTCATCTTCTG,0,4788057
ygeX_predicted,0.038461538461538464,25,25,CTGAGTAGCGCGTGGCGCGA,0,4783171
ygeX_predicted,0.038461538461538464,25,25,CTGAGCGGCCACTCTAAGAC,0,4769845
ygeX_predicted,0.038461538461538464,25,25,CTCGGGCCATTGTTGCCTAG,0,4792693
ygeX_predicted,0.038461538461538464,25,25,CTCATTGCCGCCACAGACGT,0,4769921
ygeX_predicted,0.038461538461538464,25,25,CGGTAGGATGCATGTCGAGG,0,4769717
ygeX_predicted,0.038461538461538464,25,25,CGAGTATGACGGGAGTAACC,0,4777036
ygeX_predicted,0.038461538461538464,25,25,CGAGAAACGCACATATAAGT,0,4785938
ygeX_predicted,0.038461538461538464,25,25,CGACGAAGCGAAGATATCAG,0,4776755
ygeX_predicted,0.038461538461538464,25,25,CCGCGCTACAAGCGTTAATT,0,4784768
ygeX_predicted,0.038461538461538464,25,25,CCGCGAATCCGTTCGGAGCC,0,4773749
ygeX_predicted,0.038461538461538464,25,25,CCGATGACAGCGGGATATGC,0,4794204
ygeX_predicted,0.038461538461538464,25,25,CCCAACGGTACAACCACACT,0,4783127
ygeX_predicted,0.038461538461538464,25,25,CATCGTAGATAGATATAAAT,0,4782852
ygeX_predicted,0.038461538461538464,25,25,CAAGTATATGTCTGTATAGT,0,4785713
ygeX_predicted,0.038461538461538464,25,25,ATTTGGTTCTCACATCCTGT,0,4771919
ygeX_predicted,0.038461538461538464,25,25,ATGTCGTAAAGATTGGGTCG,0,4768432
ygeX_predicted,0.038461538461538464,25,25,ATGGTGCCGCCCGGGTTCAT,0,4776347
ygeX_predicted,0.038461538461538464,25,25,ATGGAAGCAGCGCGTACAAT,0,4784990
ygeX_predicted,0.038461538461538464,25,25,AGTGCTAATTTAGACCCGCG,0,4776427
ygeX_predicted,0.038461538461538464,25,25,AGGGTATTCGACCGTAGTAA,0,4772787
ygeX_predicted,0.038461538461538464,25,25,AGGATTGGACAACTAACTCC,0,4782705
ygeX_predicted,0.038461538461538464,25,25,AGGAGAATCTACCGCAATAT,0,4792341
ygeX_predicted,0.038461538461538464,25,25,AGGAAGGCGTTTGGCGATCA,0,4788825
ygeX_predicted,0.038461538461538464,25,25,ACTGTAATGCGCCACAGCTT,0,4777950
ygeX_predicted,0.038461538461538464,25,25,ACTAATGCTAAGGGGATCGT,0,4767627
ygeX_predicted,0.038461538461538464,25,25,ACGACATCGAGATCGTTTTG,0,4776057
ygeX_predicted,0.038461538461538464,25,25,ACCTCTAGGCGTCTGGGGTA,0,4791473
ygeX_predicted,0.038461538461538464,25,25,ACCGTATCTTTAGGACGATA,0,4782449
ygeX_predicted,0.038461538461538464,25,25,ACACATTTCCATCATGATAT,0,4788530
ygeX_predicted,0.038461538461538464,25,25,ACAATTATCAGCCCTGCAGA,0,4768310
ygeX_predicted,0.038461538461538464,25,25,ACAAAATAGAGAGCAGGGTT,0,4773166
ygeX_predicted,0.038461538461538464,25,25,AATCACCATGGCCCACGCCC,0,4777748
ygeX_predicted,0.038461538461538464,25,25,AATCAACATTTGGCTCGTCA,0,4775362
ygeX_predicted,0.038461538461538464,25,25,AATAAGTGTTTCCAAGAAAA,0,4772345
ygeX_predicted,0.038461538461538464,25,25,AAGAGCGGGTGGTCGGGTAC,0,4775707
ygeX_predicted,0.038461538461538464,25,25,AACCCGTTATTAGTAAATCT,0,4773752
ygeX_predicted,0.038461538461538464,25,25,AAAAAGTGTGGAGATTGAAT,0,4771267
ygeX_predicted,0.04,24,24,TTTCTAGAACAGGAACACGG,0,4788326
ygeX_predicted,0.04,24,24,TTGTATTCGTCCTACTTCGG,0,4774043
ygeX_predicted,0.04,24,24,TTGCGGCCTCTAAATGAGAC,0,4788271
ygeX_predicted,0.04,24,24,TTGCCATTGAAATATCCGTT,0,4789011
ygeX_predicted,0.04,24,24,TTCTATTTTTATGTGAGTCA,0,4768376
ygeX_predicted,0.04,24,24,TTAGTTTAGGTAGGGCTAAG,0,4785256
ygeX_predicted,0.04,24,24,TGGAGTAGGAAAAGGCTGGC,0,4786679
ygeX_predicted,0.04,24,24,TGGAATACGTCCTCGTACGA,0,4788016
ygeX_predicted,0.04,24,24,TGCTAATGGGTACTGTGTAG,0,4777953
ygeX_predicted,0.04,24,24,TGCGTAATGTATAGTCGTGA,0,4773131
ygeX_predicted,0.04,24,24,TGATTGATGGGAACGGCTGC,0,4792118
ygeX_predicted,0.04,24,24,TGAAAGGAACCTGCGGTTCT,0,4787111
ygeX_predicted,0.04,24,24,TCTCTTTAAGCATCGAACGT,0,4773909
ygeX_predicted,0.04,24,24,TCTCACCAGCTCCGTTCAGA,0,4788708
ygeX_predicted,0.04,24,24,TCGGCGCAAGTACTAGCTCA,0,4778407
ygeX_predicted,0.04,24,24,TCGACCCGACGCATCATTGT,0,4779613
ygeX_predicted,0.04,24,24,TCGAAAAGTAAACTCGGCTT,0,4772616
ygeX_predicted,0.04,24,24,TCCGGTCTGGGAAGTGAGTG,0,4767239
ygeX_predicted,0.04,24,24,TCACGTGGCTGAAATTTGGA,0,4791297
ygeX_predicted,0.04,24,24,TAATGGGTAGTGTCCAAGCA,0,4788413
ygeX_predicted,0.04,24,24,TAACAGCAAGGCTACTCGTT,0,4769399
ygeX_predicted,0.04,24,24,TAAAGTACTTTATACGGCTG,0,4789339
ygeX_predicted,0.04,24,24,GTCACGCACTAGAGTTTTAG,0,4772169
ygeX_predicted,0.04,24,24,GTACATCACTTACCTTTTGG,0,4787805
ygeX_predicted,0.04,24,24,GGCGCACAGAACAGTCAGTC,0,4787933
ygeX_predicted,0.04,24,24,GGACGTGCGAGCAAGACCTG,0,4770141
ygeX_predicted,0.04,24,24,GGACCGGGCAACTTGTAGAA,0,4781062
ygeX_predicted,0.04,24,24,GCCGGTCCCTCGACATTGTG,0,4768050
ygeX_predicted,0.04,24,24,GCCCTAAGACTGTGGCAAAT,0,4771512
ygeX_predicted,0.04,24,24,GCCCGGGCACTGCGTGAAAA,0,4781700
ygeX_predicted,0.04,24,24,GCAACGAACAAGGCGAGAAA,0,4781639
ygeX_predicted,0.04,24,24,GATGCTTTTCTAGGGAACTC,0,4791889
ygeX_predicted,0.04,24,24,GAGGATGGGGACAACGTTCC,0,4770750
ygeX_predicted,0.04,24,24,GACAAGTCGAATGAGGGTAT,0,4773046
ygeX_predicted,0.04,24,24,CTGATCTCTGGACAGCAGAA,0,4773543
ygeX_predicted,0.04,24,24,CTCGCGAGGATGTGGCGTGT,0,4787177
ygeX_predicted,0.04,24,24,CGGTGGTAGTCATGGCATAG,0,4786919
ygeX_predicted,0.04,24,24,CGATCCAGTCAGTACGGTGT,0,4781231
ygeX_predicted,0.04,24,24,CGACGTCGGTCGCTGACCGG,0,4771572
ygeX_predicted,0.04,24,24,CGACGTAATACAAGCAATAT,0,4767173
ygeX_predicted,0.04,24,24,CCTAGTGGAACAGGGCGGGA,0,4771574
ygeX_predicted,0.04,24,24,CCGGATATGCCAGTAAAAAC,0,4775431
ygeX_predicted,0.04,24,24,CCCTATGACAGATGCCCTGG,0,4779487
ygeX_predicted,0.04,24,24,CCCGTCGATCTTACCAGCAG,0,4787615
ygeX_predicted,0.04,24,24,CCATTGACAAGGGCTTTTAC,0,4768375
ygeX_predicted,0.04,24,24,CATTTGACAGTTTATACGAA,0,4786866
ygeX_predicted,0.04,24,24,CATGTGCGACGATCCGGATA,0,4773924
ygeX_predicted,0.04,24,24,CACTGTGTGGGATTTCGTTA,0,4776863
ygeX_predicted,0.04,24,24,CAAAGCCGGATGCGACAGCC,0,4773376
ygeX_predicted,0.04,24,24,ATCGCGCGCAAGGGGTTATT,0,4790223
ygeX_predicted,0.04,24,24,ATAGCAAACAATGGATTACT,0,4773411
ygeX_predicted,0.04,24,24,ATACCATATCGGGGAGAGTA,0,4788493
ygeX_predicted,0.04,24,24,AGCTCATCGCAGTACGCTGG,0,4786224
ygeX_predicted,0.04,24,24,AGATATCTGGGTGATGTTGT,0,4775492
ygeX_predicted,0.04,24,24,AGAGTCACCTCGCGAAGCAT,0,4768780
ygeX_predicted,0.04,24,24,AGACAGCGAGCATTAACGGT,0,4788197
ygeX_predicted,0.04,24,24,ACTGAAAGAAGCAACGGTTT,0,4787704
ygeX_predicted,0.04,24,24,ACGTTGATAATGTTAAGACT,0,4769377
ygeX_predicted,0.04,24,24,ACGCGTAGGGTCTGGTAAAA,0,4778510
ygeX_predicted,0.04,24,24,ACGCGGTCCAAACCTGTGTC,0,4791240
ygeX_predicted,0.04,24,24,ACATTGTGCGTTCACCGAGC,0,4768836
ygeX_predicted,0.04,24,24,ACATTGTGATAGGATGCAAG,0,4787556
ygeX_predicted,0.04,24,24,ACAGAGGGCTGATGCTGTGG,0,4767184
ygeX_predicted,0.04,24,24,AAGTCGGCAGCTAAGTAGAG,0,4781291
ygeX_predicted,0.041666666666666664,23,23,TTTATAAACATGTTCTTGGA,0,4788785
ygeX_predicted,0.041666666666666664,23,23,TTGGAGGTCACACCCTTCTC,0,4778241
ygeX_predicted,0.041666666666666664,23,23,TTGCGCACAGTGGCGGATTC,0,4772996
ygeX_predicted,0.041666666666666664,23,23,TTGCCATTATAGGCAGCTGC,0,4791995
ygeX_predicted,0.041666666666666664,23,23,TTGAGACTGTGCACATATAC,0,4786266
ygeX_predicted,0.041666666666666664,23,23,TTCCTTCGTGCAGAAAGCGG,0,4785487
ygeX_predicted,0.041666666666666664,23,23,TTACGTAGCGAATGGAAATG,0,4789892
ygeX_predicted,0.041666666666666664,23,23,TGGCACAATGAAGTAGATTC,0,4773285
ygeX_predicted,0.041666666666666664,23,23,TGGAGACATATATCGCAACC,0,4767801
ygeX_predicted,0.041666666666666664,23,23,TGCTCAAGAAGAGTAAGTGG,0,4778751
ygeX_predicted,0.041666666666666664,23,23,TGAGAGCGACCTTTTCGGAT,0,4777261
ygeX_predicted,0.041666666666666664,23,23,TCTTTTGTTGTAGCCTTAAT,0,4788990
ygeX_predicted,0.041666666666666664,23,23,TCTTAGTTCGTATGTGTATT,0,4782138
ygeX_predicted,0.041666666666666664,23,23,TCCTCTGGTAACGAATCGGA,0,4781130
ygeX_predicted,0.041666666666666664,23,23,TCCGGGTATGGCTGGTGCCG,0,4783105
ygeX_predicted,0.041666666666666664,23,23,TCCAGAATTCCTTCCACTCC,0,4789749
ygeX_predicted,0.041666666666666664,23,23,TCAGACGCCTTCCGCTAGCG,0,4771470
ygeX_predicted,0.041666666666666664,23,23,TCAACACGATAGTGTGATCC,0,4778403
ygeX_predicted,0.041666666666666664,23,23,TATGTTACAAATGCGTGATG,0,4772218
ygeX_predicted,0.041666666666666664,23,23,TATGGGAAGAAACTTCTCAA,0,4778273
ygeX_predicted,0.041666666666666664,23,23,TAGGGCGTACGCGATGTTTT,0,4787949
ygeX_predicted,0.041666666666666664,23,23,TACCGCAGTGTAGCTAGATT,0,4766701
ygeX_predicted,0.041666666666666664,23,23,GTTGCGGGTTGGGGGACAGT,0,4794105
ygeX_predicted,0.041666666666666664,23,23,GTGGGGCATGAGGCGACTCA,0,4770922
ygeX_predicted,0.041666666666666664,23,23,GTGGACTCACCTCCCGTAGG,0,4777929
ygeX_predicted,0.041666666666666664,23,23,GTCACACACAGAAAGGGCCT,0,4774991
ygeX_predicted,0.041666666666666664,23,23,GTATCAAGGTTCCAGGATCT,0,4782798
ygeX_predicted,0.041666666666666664,23,23,GTAGCCATAGGGGTGACTTG,0,4780973
ygeX_predicted,0.041666666666666664,23,23,GTAAAGCTAAATGCATTGCT,0,4767661
ygeX_predicted,0.041666666666666664,23,23,GGGTATGGGATTCGGGGCAA,0,4775783
ygeX_predicted,0.041666666666666664,23,23,GGGGCTTGGAATTAACCATG,0,4785257
ygeX_predicted,0.041666666666666664,23,23,GGGCCGATCCGAAGGCCTTT,0,4778615
ygeX_predicted,0.041666666666666664,23,23,GGCAGCGCAGAGCTACATTG,0,4782492
ygeX_predicted,0.041666666666666664,23,23,GGCACGACAATCTGATAGGT,0,4782451
ygeX_predicted,0.041666666666666664,23,23,GCTACAGCCCCTTTCAACTA,0,4767102
ygeX_predicted,0.041666666666666664,23,23,GCGCACAGGTTGAACTCTTA,0,4769450
ygeX_predicted,0.041666666666666664,23,23,GCCCTGCGGGCTAACCGACT,0,4775954
ygeX_predicted,0.041666666666666664,23,23,GCCCACATGCAGACCCGTAC,0,4775200
ygeX_predicted,0.041666666666666664,23,23,GCCATAGGCGCCACACTCGG,0,4767382
ygeX_predicted,0.041666666666666664,23,23,GCATGCGCACTCAAGGTGCT,0,4780644
ygeX_predicted,0.041666666666666664,23,23,GATGGGGGGTATTTGTAGCC,0,4767475
ygeX_predicted,0.041666666666666664,23,23,GAGTTCTTAGGTTGCCTAGA,0,4774992
ygeX_predicted,0.041666666666666664,23,23,GAAAGGAGCGGTAAAAGCGT,0,4779894
ygeX_predicted,0.041666666666666664,23,23,CTCGCCTTACTAAGTCACAA,0,4775701
ygeX_predicted,0.041666666666666664,23,23,CTCAATAGTGCTAATATCAT,0,4777009
ygeX_predicted,0.041666666666666664,23,23,CTAGACGTCCAAGACCGCAG,0,4780039
ygeX_predicted,0.041666666666666664,23,23,CTACAGGGTACATTCCGTGG,0,4766899
ygeX_predicted,0.041666666666666664,23,23,CGTTCGCGTGACGGACGTTT,0,4792373
ygeX_predicted,0.041666666666666664,23,23,CGTGGTGGCTGATGCAGAAT,0,4781065
ygeX_predicted,0.041666666666666664,23,23,CGTCAGCACCAGGGGTAGAT,0,4788701
ygeX_predicted,0.041666666666666664,23,23,CGAGTACATTGAATCATAGC,0,4793400
ygeX_predicted,0.041666666666666664,23,23,CCCCAGGGATGATGCATGTC,0,4787513
ygeX_predicted,0.041666666666666664,23,23,CCCACCAGTTCTAGGACTCC,0,4780594
ygeX_predicted,0.041666666666666664,23,23,CCCACAAATCCCGGGTGGAC,0,4770398
ygeX_predicted,0.041666666666666664,23,23,CCAGGTCTGCTGTAGATGCT,0,4773522
ygeX_predicted,0.041666666666666664,23,23,CCACGATTGGGGAAGTAATT,0,4794243
ygeX_predicted,0.041666666666666664,23,23,CATTTAGTCGTATTTGAACA,0,4785660
ygeX_predicted,0.041666666666666664,23,23,CATGTGCTTGCTGACTTGTA,0,4769484
ygeX_predicted,0.041666666666666664,23,23,CATATTAAGCATAGTAGTGC,0,4776120
ygeX_predicted,0.041666666666666664,23,23,CACATAACCGAGCACGCCTC,0,4778021
ygeX_predicted,0.041666666666666664,23,23,CAATTGGAAGATAGTCCTGG,0,4783933
ygeX_predicted,0.041666666666666664,23,23,CAACCGTGCCAGAGTTTAAT,0,4769103
ygeX_predicted,0.041666666666666664,23,23,CAAAGTCTAGAGTGCTTCAC,0,4774419
ygeX_predicted,0.041666666666666664,23,23,ATTCGAAGGGCCTAGATCAC,0,4771172
ygeX_predicted,0.041666666666666664,23,23,ATCCAAAGGGTATGGGTGGA,0,4771630
ygeX_predicted,0.041666666666666664,23,23,ATAGCGGGAGTCAGGGGTCG,0,4793512
ygeX_predicted,0.041666666666666664,23,23,AGTCATATTGATGGTCTCTA,0,4773502
ygeX_predicted,0.041666666666666664,23,23,AGCGCAGTACCGCGTATACC,0,4791043
ygeX_predicted,0.041666666666666664,23,23,AGATTCACGCGGCTAGGCCT,0,4772498
ygeX_predicted,0.041666666666666664,23,23,AGACGCGTTAAAACATTCGC,0,4778106
ygeX_predicted,0.041666666666666664,23,23,ACCCATTTTAACAGCACAAG,0,4793064
ygeX_predicted,0.041666666666666664,23,23,AATTGGTTTAGTCTTGGATA,0,4782823
ygeX_predicted,0.041666666666666664,23,23,AATTCCGAACTTCCTTACGG,0,4785599
ygeX_predicted,0.041666666666666664,23,23,AATTAGATGATCGAGAATCT,0,4772998
ygeX_predicted,0.041666666666666664,23,23,AATGAAGTACTACATCGTCT,0,4783425
ygeX_predicted,0.041666666666666664,23,23,AAGGACTAGGTCCAGCTAAA,0,4782395
ygeX_predicted,0.041666666666666664,23,23,AAGATTGCGGAACCGACACA,0,4789988
ygeX_predicted,0.041666666666666664,23,23,AAATCCCTACTCCTTTTCGT,0,4776516
ygeX_predicted,0.041666666666666664,23,23,AAAATTCAGTGGCCCGCGTC,0,4793451
ygeX_predicted,0.043478260869565216,22,22,TTTCGAGCACGGCTTCGGTC,0,4783746
ygeX_predicted,0.043478260869565216,22,22,TTGTGAAGGATTGGTACTCA,0,4767050
ygeX_predicted,0.043478260869565216,22,22,TTCGTATAAAGGTGCAAGCA,0,4792915
ygeX_predicted,0.043478260869565216,22,22,TTACCTTGTTGAAAAACTTA,0,4778400
ygeX_predicted,0.043478260869565216,22,22,TTAACTTTTTCCCGAACAAT,0,4793100
ygeX_predicted,0.043478260869565216,22,22,TGTGGACGAGTATTGCATAA,0,4786303
ygeX_predicted,0.043478260869565216,22,22,TGGATAACACTCCTCCACGT,0,4782127
ygeX_predicted,0.043478260869565216,22,22,TGGACACGGGGGCGGGCGAT,0,4792138
ygeX_predicted,0.043478260869565216,22,22,TGCCTAGACCGTGGGACTCA,0,4767191
ygeX_predicted,0.043478260869565216,22,22,TGCCATTTATTTAGGGCAGA,0,4770021
ygeX_predicted,0.043478260869565216,22,22,TGCAGTACTGGATGACCGGT,0,4784619
ygeX_predicted,0.043478260869565216,22,22,TGATGCTTTCAATCCTAAGC,0,4780598
ygeX_predicted,0.043478260869565216,22,22,TGATATACCACCTCCGGGTA,0,4767383
ygeX_predicted,0.043478260869565216,22,22,TGACTGTTCTATTTCCCGCA,0,4782612
ygeX_predicted,0.043478260869565216,22,22,TGACGAAGGCGTAGAGTCAG,0,4783547
ygeX_predicted,0.043478260869565216,22,22,TGACACGGTCAAAAAGGTTA,0,4779418
ygeX_predicted,0.043478260869565216,22,22,TGAAGGGTTATGTCTCAAAA,0,4792428
ygeX_predicted,0.043478260869565216,22,22,TCTTCACTATTAAATCTCTG,0,4786857
ygeX_predicted,0.043478260869565216,22,22,TCTATCGGGGACCGCTATTA,0,4771146
ygeX_predicted,0.043478260869565216,22,22,TCGTGTAGAGCTGCGTCGTA,0,4789594
ygeX_predicted,0.043478260869565216,22,22,TCCTTACTTTCTACGAACCT,0,4778464
ygeX_predicted,0.043478260869565216,22,22,TCCTATTGGGAGGTAAAGCC,0,4786244
ygeX_predicted,0.043478260869565216,22,22,TCCCATGACCGAAAACTACT,0,4786762
ygeX_predicted,0.043478260869565216,22,22,TCAGGTATCCAAAAGTGCGG,0,4779927
ygeX_predicted,0.043478260869565216,22,22,TCAGCATCACACGTCATCAG,0,4768024
ygeX_predicted,0.043478260869565216,22,22,TATTTTAGAGTAACAGCGTG,0,4784449
ygeX_predicted,0.043478260869565216,22,22,TAGCGTAAGGATGGGCGCTT,0,4782587
ygeX_predicted,0.043478260869565216,22,22,TACTCAGTTCTATGTAAAGA,0,4785186
ygeX_predicted,0.043478260869565216,22,22,TACGGGCAGGTTATGGCTTG,0,4779784
ygeX_predicted,0.043478260869565216,22,22,TACCGTGTTCCCGACCGCTC,0,4782744
ygeX_predicted,0.043478260869565216,22,22,TAAGGCTCTGACCAAAATTT,0,4781040
ygeX_predicted,0.043478260869565216,22,22,GTTTTTACGTCATGACGCTT,0,4772537
ygeX_predicted,0.043478260869565216,22,22,GTTTAGACTTTCCCTACGGA,0,4770634
ygeX_predicted,0.043478260869565216,22,22,GTGGGAGAAACAGGCTCGAT,0,4777234
ygeX_predicted,0.043478260869565216,22,22,GTGATAATCACCACTCTACA,0,4778405
ygeX_predicted,0.043478260869565216,22,22,GTCTAAACAGAGCCATGAGG,0,4778730
ygeX_predicted,0.043478260869565216,22,22,GTCAGTGGTATTCTTAAGAT,0,4793335
ygeX_predicted,0.043478260869565216,22,22,GTATTTAATTTCAATTTCGT,0,4772504
ygeX_predicted,0.043478260869565216,22,22,GTACGAAAGCTAGCCAAGGC,0,4774571
ygeX_predicted,0.043478260869565216,22,22,GTACAGCCTCACAAGAGTAG,0,4769944
ygeX_predicted,0.043478260869565216,22,22,GGTGTACTGGGCGCCAAGTT,0,4782664
ygeX_predicted,0.043478260869565216,22,22,GGGGGCAAGGATTGGAAGAA,0,4770279
ygeX_predicted,0.043478260869565216,22,22,GGGGCAAGTATCGCGGCCTT,0,4776941
ygeX_predicted,0.043478260869565216,22,22,GGGACCGTGGTAGGACCATT,0,4767054
ygeX_predicted,0.043478260869565216,22,22,GGCTGTGTAGATACGTTGGT,0,4788710
ygeX_predicted,0.043478260869565216,22,22,GGCTAGTTGAGGCTAAAAAG,0,4793397
ygeX_predicted,0.043478260869565216,22,22,GGCATTTTGAGAACGCTGGA,0,4794355
ygeX_predicted,0.043478260869565216,22,22,GGATATAGGTTGTCTTAGAA,0,4793774
ygeX_predicted,0.043478260869565216,22,22,GGAGCGGATACGCTGGCACA,0,4774576
ygeX_predicted,0.043478260869565216,22,22,GGACACCTTTTACAAGTCTA,0,4773885
ygeX_predicted,0.043478260869565216,22,22,GGAACCGTTCTGGGTTTATC,0,4794873
ygeX_predicted,0.043478260869565216,22,22,GCCTCATGTGCTATGCCTCC,0,4786435
ygeX_predicted,0.043478260869565216,22,22,GCCTATGGGGCGATCAGTGG,0,4793264
ygeX_predicted,0.043478260869565216,22,22,GCAGGTCACAACGCGATTAA,0,4767934
ygeX_predicted,0.043478260869565216,22,22,GCACCGATCGAGAAGGGACA,0,4784701
ygeX_predicted,0.043478260869565216,22,22,GCACCCAATTATATGAAATT,0,4767814
ygeX_predicted,0.043478260869565216,22,22,GATCAAAATCCAATCATCTC,0,4772479
ygeX_predicted,0.043478260869565216,22,22,GAGTGATGAGATTTCCGGTA,0,4779505
ygeX_predicted,0.043478260869565216,22,22,GAGCTGACCGCATTTCTGTA,0,4784488
ygeX_predicted,0.043478260869565216,22,22,GAAAGAGGTCTATGCAGATA,0,4792641
ygeX_predicted,0.043478260869565216,22,22,GAAACGGGTTGTACCAATTT,0,4776963
ygeX_predicted,0.043478260869565216,22,22,CTTTGAGAGGGTTTAGATAG,0,4780540
ygeX_predicted,0.043478260869565216,22,22,CTAATCGGGGCAAACCGTAC,0,4774844
ygeX_predicted,0.043478260869565216,22,22,CGGATCAAAGGCGTATGCCA,0,4766744
ygeX_predicted,0.043478260869565216,22,22,CGGAGTCGTGACGTACTTAC,0,4777407
ygeX_predicted,0.043478260869565216,22,22,CGCACGCATTCGCCCCCCGT,0,4787497
ygeX_predicted,0.043478260869565216,22,22,CCTGATCGATGCCCGTACGG,0,4769215
ygeX_predicted,0.043478260869565216,22,22,CCTCCATCGACGCTGGACAG,0,4793844
ygeX_predicted,0.043478260869565216,22,22,CCTACCCGACTTTTACCCTT,0,4772380
ygeX_predicted,0.043478260869565216,22,22,CCCACGTCTTGTCCTCGTGA,0,4772669
ygeX_predicted,0.043478260869565216,22,22,CATTATTAAACTTAGTAACC,0,4780853
ygeX_predicted,0.043478260869565216,22,22,CATGATACCGTAAAGTCCGG,0,4787050
ygeX_predicted,0.043478260869565216,22,22,CACGGAGCTACTAAATTGTA,0,4779748
ygeX_predicted,0.043478260869565216,22,22,CAATCGAGGGTATTGAACTC,0,4782398
ygeX_predicted,0.043478260869565216,22,22,CAAATTATCTGGCGCGTTCG,0,4789534
ygeX_predicted,0.043478260869565216,22,22,ATTTTTCGGGGAAAGGTCAG,0,4783732
ygeX_predicted,0.043478260869565216,22,22,ATGTTTTGCGAGCCAGGCTC,0,4786205
ygeX_predicted,0.043478260869565216,22,22,ATGAAGCTGGCAGTTTCAGT,0,4779257
ygeX_predicted,0.043478260869565216,22,22,ATAGCTCGCCTGAGTTATCT,0,4777461
ygeX_predicted,0.043478260869565216,22,22,ATACATAGCTAATTTTATAG,0,4768781
ygeX_predicted,0.043478260869565216,22,22,AGTTTCGCAGGTAGTCTGGA,0,4791152
ygeX_predicted,0.043478260869565216,22,22,AGTTAGGGGACCCCTGAGGG,0,4776341
ygeX_predicted,0.043478260869565216,22,22,AGTGGTCGGAGCGATATGCA,0,4788299
ygeX_predicted,0.043478260869565216,22,22,AGCCGTCTGAAAGACTTCTT,0,4779541
ygeX_predicted,0.043478260869565216,22,22,AGCCAATATGCTCCTTCTGA,0,4791129
ygeX_predicted,0.043478260869565216,22,22,AGAAAAAGGGGCACCTTCCG,0,4780099
ygeX_predicted,0.043478260869565216,22,22,ACTTCCCGGGGTAGAGTGGC,0,4772278
ygeX_predicted,0.043478260869565216,22,22,ACCTTCAACATCTGTACTGA,0,4789402
ygeX_predicted,0.043478260869565216,22,22,ACCATCTCGTAAGTCTCGGC,0,4782977
ygeX_predicted,0.043478260869565216,22,22,ACAGTGCAAAAATCTCGCAT,0,4774946
ygeX_predicted,0.043478260869565216,22,22,ACACTAGGCTATCGGCAAGG,0,4779537
ygeX_predicted,0.043478260869565216,22,22,ACAACCCGGGCAATGGCACA,0,4777639
ygeX_predicted,0.043478260869565216,22,22,AATGTGACAAATGGCACTCA,0,4793892
ygeX_predicted,0.043478260869565216,22,22,AATCGATTCGGGAGCCCGTA,0,4780537
ygeX_predicted,0.043478260869565216,22,22,AATCCCCTTCCCGACCCCGA,0,4781379
ygeX_predicted,0.043478260869565216,22,22,AAGTTCTGGCATCTTCCAGC,0,4785140
ygeX_predicted,0.043478260869565216,22,22,AACTTTTTACAGCAACCGGT,0,4788916
ygeX_predicted,0.043478260869565216,22,22,AAATATTATCATGCACGGCT,0,4788086
ygeX_predicted,0.045454545454545456,21,21,TTTACTGAATTTATAACGCG,0,4778239
ygeX_predicted,0.045454545454545456,21,21,TTGGGCAATTTTAGGCCGCT,0,4767922
ygeX_predicted,0.045454545454545456,21,21,TTCAATAGCATCAGTAAGTC,0,4783453
ygeX_predicted,0.045454545454545456,21,21,TTAACTCAATATCCAGAGTA,0,4771089
ygeX_predicted,0.045454545454545456,21,21,TGTCCTAAGTGCTTGGCAAG,0,4780126
ygeX_predicted,0.045454545454545456,21,21,TGGCATGGTACCCGTGGCCA,0,4768532
ygeX_predicted,0.045454545454545456,21,21,TGCTACTATAAGACGAGTAT,0,4768188
ygeX_predicted,0.045454545454545456,21,21,TGCGGCAATGGTAGCTACAC,0,4770338
ygeX_predicted,0.045454545454545456,21,21,TGCACGTTATTTTCAGTATG,0,4783729
ygeX_predicted,0.045454545454545456,21,21,TGAGCGGTGTTGCTTACACA,0,4781033
ygeX_predicted,0.045454545454545456,21,21,TGAAAGGGAAAAAAATTTCG,0,4776029
ygeX_predicted,0.045454545454545456,21,21,TCTGCCCGGGAGGTCATGTA,0,4784110
ygeX_predicted,0.045454545454545456,21,21,TCTCCGCCAGGACCGCGATG,0,4768921
ygeX_predicted,0.045454545454545456,21,21,TCGTTTGATCTATTGCGCCG,0,4774943
ygeX_predicted,0.045454545454545456,21,21,TCGTATACAGTTACGCGTTC,0,4770274
ygeX_predicted,0.045454545454545456,21,21,TCCGTAATGATACTCCGTTA,0,4793408
ygeX_predicted,0.045454545454545456,21,21,TCATCGTACATCCTCTGGTA,0,4780128
ygeX_predicted,0.045454545454545456,21,21,TCAGGGCAATCTTTGCGGCT,0,4769371
ygeX_predicted,0.045454545454545456,21,21,TCAGACTCCGCCGGTTTACC,0,4782109
ygeX_predicted,0.045454545454545456,21,21,TCACGAGCTGCTTTCACGCT,0,4782550
ygeX_predicted,0.045454545454545456,21,21,TCAAGACGGTTTCTGCGCGC,0,4794625
ygeX_predicted,0.045454545454545456,21,21,TAGCTGGCGAGTGTCATCCA,0,4773173
ygeX_predicted,0.045454545454545456,21,21,GTTCTCAGTAAGGCTACGGA,0,4787689
ygeX_predicted,0.045454545454545456,21,21,GTCTGCGGTAATACGACCCT,0,4778369
ygeX_predicted,0.045454545454545456,21,21,GTCGATCACTCAGCAAGATA,0,4780507
ygeX_predicted,0.045454545454545456,21,21,GTAATGCCCTACCCGCTGGG,0,4776862
ygeX_predicted,0.045454545454545456,21,21,GGTGCCGAGCCAGAATCCGC,0,4780192
ygeX_predicted,0.045454545454545456,21,21,GGGGATGTTAACTCGTGATG,0,4787469
ygeX_predicted,0.045454545454545456,21,21,GGGGACGTTCGGACAGTCTC,0,4780168
ygeX_predicted,0.045454545454545456,21,21,GGGATGAACTGGAGATTATA,0,4785169
ygeX_predicted,0.045454545454545456,21,21,GGCAGCGTGTTATCTAGGGG,0,4771219
ygeX_predicted,0.045454545454545456,21,21,GGATTAGAGCAGCTTTGTAT,0,4785369
ygeX_predicted,0.045454545454545456,21,21,GCGTCACCGACATTAAGAGG,0,4776344
ygeX_predicted,0.045454545454545456,21,21,GCCCCAAGTTGGCAGGGCTT,0,4778632
ygeX_predicted,0.045454545454545456,21,21,GCATCAATGGCTGGCTCAAT,0,4781926
ygeX_predicted,0.045454545454545456,21,21,GCAACAATTATTCTTTGGAC,0,4767046
ygeX_predicted,0.045454545454545456,21,21,GCAAACCTTTTCGTAGGGGT,0,4778653
ygeX_predicted,0.045454545454545456,21,21,GATAGGGGCTACACGAACGT,0,4783404
ygeX_predicted,0.045454545454545456,21,21,GATACGGCTGTGTTACCCGG,0,4770789
ygeX_predicted,0.045454545454545456,21,21,GAGGCTAATACTTTGTGCAT,0,4769349
ygeX_predicted,0.045454545454545456,21,21,GAGGAGGTTCCGTTGTTTAC,0,4789457
ygeX_predicted,0.045454545454545456,21,21,GACGAGCTCAGCCGTTCCGC,0,4783694
ygeX_predicted,0.045454545454545456,21,21,GAATCCCGGGGGCTCGGTTG,0,4784119
ygeX_predicted,0.045454545454545456,21,21,CTGGGTGGAGAGGTGTCCTG,0,4771896
ygeX_predicted,0.045454545454545456,21,21,CTGGATATACAAGGATTGTC,0,4786737
ygeX_predicted,0.045454545454545456,21,21,CTGCTATTAGATTACAAAGC,0,4778335
ygeX_predicted,0.045454545454545456,21,21,CTCTGGCTGGCATCATGTTC,0,4777716
ygeX_predicted,0.045454545454545456,21,21,CTATTAAAAGTGCCACTCGG,0,4774680
ygeX_predicted,0.045454545454545456,21,21,CTAGTGCCTATCGGTCTAAT,0,4786051
ygeX_predicted,0.045454545454545456,21,21,CGTCTACGTACCCTCGCTCC,0,4783143
ygeX_predicted,0.045454545454545456,21,21,CGTCACTCGCACAATTGGGA,0,4767556
ygeX_predicted,0.045454545454545456,21,21,CGGTTCTAGGGTGTGACAAT,0,4778152
ygeX_predicted,0.045454545454545456,21,21,CGGCGGTATCTGGGAAGTAA,0,4774815
ygeX_predicted,0.045454545454545456,21,21,CGCTGGAGTCTCAAGGGGCA,0,4789504
ygeX_predicted,0.045454545454545456,21,21,CGCGCGTTTCGGCATATCTC,0,4775481
ygeX_predicted,0.045454545454545456,21,21,CGCCCTAGACACGGCTTCTC,0,4790442
ygeX_predicted,0.045454545454545456,21,21,CCGTAGACCTTGGCTTACAG,0,4769082
ygeX_predicted,0.045454545454545456,21,21,CCGAGAGTTCAGGCGTTCTT,0,4770061
ygeX_predicted,0.045454545454545456,21,21,CCGACCGTCCTCTCGGCACG,0,4787419
ygeX_predicted,0.045454545454545456,21,21,CCCGGACAATAGCATCTACC,0,4783845
ygeX_predicted,0.045454545454545456,21,21,CCAAAACATTGACGTAGCTA,0,4787213
ygeX_predicted,0.045454545454545456,21,21,CACTCACAGAGATCGTTGAG,0,4779218
ygeX_predicted,0.045454545454545456,21,21,CAATTTGCTGAACTAGGTTT,0,4778374
ygeX_predicted,0.045454545454545456,21,21,CAATAGTTGTGACTTAGTGA,0,4780078
ygeX_predicted,0.045454545454545456,21,21,ATTAATTCATAGGCCCACAG,0,4784783
ygeX_predicted,0.045454545454545456,21,21,ATGGATACTTTCCCGGGGAC,0,4773521
ygeX_predicted,0.045454545454545456,21,21,ATGACGTGGGGCCGTAGTTA,0,4769101
ygeX_predicted,0.045454545454545456,21,21,ATCCGAAGGCTTGACGAAAG,0,4791261
ygeX_predicted,0.045454545454545456,21,21,ATATCAATCGCTGTTGAGAT,0,4768320
ygeX_predicted,0.045454545454545456,21,21,ATAGGTGCATCTCCCAGGGA,0,4770662
ygeX_predicted,0.045454545454545456,21,21,ATACAGTGGTGGCAGCGTAA,0,4783516
ygeX_predicted,0.045454545454545456,21,21,AGGTCAATTTGACCCACGAA,0,4768326
ygeX_predicted,0.045454545454545456,21,21,AGCTGACAGACGTGCATAAT,0,4780389
ygeX_predicted,0.045454545454545456,21,21,AGCTAGGCGGACCTCTGTCT,0,4780572
ygeX_predicted,0.045454545454545456,21,21,ACTCCACATCCTGGCGATTA,0,4786424
ygeX_predicted,0.045454545454545456,21,21,ACGGCGCATCCATTTCAAGT,0,4767587
ygeX_predicted,0.045454545454545456,21,21,ACGCCTCAAGGACACAGTAG,0,4777458
ygeX_predicted,0.045454545454545456,21,21,ACCCCGGCTAACCGGTATGC,0,4792231
ygeX_predicted,0.045454545454545456,21,21,ACCAAAGGTGCCAAAGATGA,0,4784399
ygeX_predicted,0.045454545454545456,21,21,ACATACGCATCCCACTCAGT,0,4772625
ygeX_predicted,0.045454545454545456,21,21,ACACCGAGGTGATAAGTCCA,0,4788080
ygeX_predicted,0.045454545454545456,21,21,ACAAAAGCTATGCAATAACG,0,4773515
ygeX_predicted,0.045454545454545456,21,21,AATCGCAAGGCCCGTAAGTC,0,4778446
ygeX_predicted,0.045454545454545456,21,21,AATAGCGAGTTATCGTCCGA,0,4767987
ygeX_predicted,0.045454545454545456,21,21,AATAGCCAACGTAATTGCTG,0,4790758
ygeX_predicted,0.045454545454545456,21,21,AAAGATGGAGCTTGCTGCGT,0,4773977
ygeX_predicted,0.047619047619047616,20,20,TTTTGCACCACTAGGAACGT,0,4771986
ygeX_predicted,0.047619047619047616,20,20,TTTCTCTGCTAGACTATGAA,0,4793876
ygeX_predicted,0.047619047619047616,20,20,TTTCGTTGTGGACACTGAGT,0,4787830
ygeX_predicted,0.047619047619047616,20,20,TTGCGGTGGGTGATCTTTTT,0,4788446
ygeX_predicted,0.047619047619047616,20,20,TTCGTATGGGGAAGTAATCC,0,4780723
ygeX_predicted,0.047619047619047616,20,20,TTCGTAATGACCCGGAGTAT,0,4772540
ygeX_predicted,0.047619047619047616,20,20,TTCGCAGGCACCAACAATAA,0,4783053
ygeX_predicted,0.047619047619047616,20,20,TTCAGGCGTAAGCATCACCG,0,4782028
ygeX_predicted,0.047619047619047616,20,20,TTATAATAATAGTGCGGGCT,0,4786836
ygeX_predicted,0.047619047619047616,20,20,TTAGCGTCATAAATTGGTAC,0,4770409
ygeX_predicted,0.047619047619047616,20,20,TTAGATACGTATGACGAGGG,0,4791366
ygeX_predicted,0.047619047619047616,20,20,TTACCACACGTATTCGGACA,0,4782290
ygeX_predicted,0.047619047619047616,20,20,TGTTTTTCTCAACGCGACAC,0,4769302
ygeX_predicted,0.047619047619047616,20,20,TGTGAAGAGGGTTTGTCGGA,0,4779809
ygeX_predicted,0.047619047619047616,20,20,TGTATTAGCTGAAGGTAAAT,0,4770041
ygeX_predicted,0.047619047619047616,20,20,TGGTAGTTTTCTGAAAAACA,0,4781550
ygeX_predicted,0.047619047619047616,20,20,TGCTGGATATTCGGCCTTCC,0,4774332
ygeX_predicted,0.047619047619047616,20,20,TGATGTCAGCAGCCAAAGGA,0,4774587
ygeX_predicted,0.047619047619047616,20,20,TCTTAAGCATTGTGCAATAG,0,4780415
ygeX_predicted,0.047619047619047616,20,20,TCTCTCCAACCACCACAGGT,0,4789830
ygeX_predicted,0.047619047619047616,20,20,TCCTGGGTGGGGGGTGATGT,0,4792185
ygeX_predicted,0.047619047619047616,20,20,TCCCTACGTACGACGAGGTA,0,4783129
ygeX_predicted,0.047619047619047616,20,20,TCACGGGGCGTGGCTTCGTC,0,4783078
ygeX_predicted,0.047619047619047616,20,20,TATCCTATCTCACTAACAAA,0,4767439
ygeX_predicted,0.047619047619047616,20,20,TAATAGACCTGAAACCTCAA,0,4777174
ygeX_predicted,0.047619047619047616,20,20,TAACTCACCAGACGTCGAGA,0,4780193
ygeX_predicted,0.047619047619047616,20,20,GTTAGCGGCGTGACAAACCA,0,4782826
ygeX_predicted,0.047619047619047616,20,20,GTTACCTTCGGTTACACCTG,0,4784205
ygeX_predicted,0.047619047619047616,20,20,GTGCACATAATATAGCGAAC,0,4785088
ygeX_predicted,0.047619047619047616,20,20,GTGAGCGCGCTAGAAAAGAA,0,4778105
ygeX_predicted,0.047619047619047616,20,20,GTCCTGCATAATCTACAGAA,0,4793716
ygeX_predicted,0.047619047619047616,20,20,GTACGCGGGTCCGCACCGCA,0,4784585
ygeX_predicted,0.047619047619047616,20,20,GTACGAGACTTATGCATTAA,0,4771693
ygeX_predicted,0.047619047619047616,20,20,GGTCCGCTGAAGATGAAAAT,0,4782785
ygeX_predicted,0.047619047619047616,20,20,GGCAACACTGGTGTACCCAT,0,4782148
ygeX_predicted,0.047619047619047616,20,20,GGACCGGTTTAAGTTATTTT,0,4775439
ygeX_predicted,0.047619047619047616,20,20,GGAAACGCAGTTTTTAGCCA,0,4784057
ygeX_predicted,0.047619047619047616,20,20,GGAAACACAAATATCCAAAC,0,4780349
ygeX_predicted,0.047619047619047616,20,20,GCTTCAGAAGCCGTCTTAAG,0,4777320
ygeX_predicted,0.047619047619047616,20,20,GCTAAACGGTCATCGGACAA,0,4790182
ygeX_predicted,0.047619047619047616,20,20,GCGGGCTTTAATCATCGCTG,0,4770632
ygeX_predicted,0.047619047619047616,20,20,GCGCCTTTGTTTCCACTCGA,0,4771272
ygeX_predicted,0.047619047619047616,20,20,GCACGGCGGTAGGGTCATCA,0,4785116
ygeX_predicted,0.047619047619047616,20,20,GATGGGAAACATATGTATAG,0,4780512
ygeX_predicted,0.047619047619047616,20,20,GAGGCAGTACTCCAACGTCC,0,4774718
ygeX_predicted,0.047619047619047616,20,20,GAAACATCCTCCCGAAAGCA,0,4777025
ygeX_predicted,0.047619047619047616,20,20,CTTGCTCATCGGATTGATGT,0,4774863
ygeX_predicted,0.047619047619047616,20,20,CTTATCGGTAATAATTTTAG,0,4778153
ygeX_predicted,0.047619047619047616,20,20,CTGTGGGCTCAAATCGTCGT,0,4771472
ygeX_predicted,0.047619047619047616,20,20,CTGTCTTATGAATCAACACG,0,4789464
ygeX_predicted,0.047619047619047616,20,20,CTGTCGTACTCTCCTCTAAA,0,4777560
ygeX_predicted,0.047619047619047616,20,20,CTGACATAAACCTTTTTTCA,0,4778198
ygeX_predicted,0.047619047619047616,20,20,CTCGTTTGCCCAAGCAGTTG,0,4779909
ygeX_predicted,0.047619047619047616,20,20,CTCCTCCGCTATATGGTCTT,0,4772254
ygeX_predicted,0.047619047619047616,20,20,CTATGTCTCTTACAGGAGCG,0,4768739
ygeX_predicted,0.047619047619047616,20,20,CTAAGATGCTCGTGTCATCT,0,4767278
ygeX_predicted,0.047619047619047616,20,20,CGTTACCACAACCTCCGGTT,0,4767500
ygeX_predicted,0.047619047619047616,20,20,CGTAGATTGATCTTGCTCTA,0,4781555
ygeX_predicted,0.047619047619047616,20,20,CGGTTGAAACGCGATGTCTT,0,4769572
ygeX_predicted,0.047619047619047616,20,20,CGGTGCCTAAGGACCACTTC,0,4781666
ygeX_predicted,0.047619047619047616,20,20,CGGGTCCTCAATTCCTGCAG,0,4768923
ygeX_predicted,0.047619047619047616,20,20,CGCCCTGGGTGTTCGTTCCC,0,4773550
ygeX_predicted,0.047619047619047616,20,20,CCCGGTCACCCAGCCCACAT,0,4791118
ygeX_predicted,0.047619047619047616,20,20,CCCCTGGCCGATCTGGTTCA,0,4777839
ygeX_predicted,0.047619047619047616,20,20,CCCATCCACATACTTGTGAC,0,4768139
ygeX_predicted,0.047619047619047616,20,20,CCCATACATTGAGTGGCGCG,0,4789800
ygeX_predicted,0.047619047619047616,20,20,CATCCGTGTCGTGTGCGAAA,0,4779714
ygeX_predicted,0.047619047619047616,20,20,CATCACTGCCAGTACAACAG,0,4793837
ygeX_predicted,0.047619047619047616,20,20,CAGTGAGTCCATAGAGCCCA,0,4772807
ygeX_predicted,0.047619047619047616,20,20,CACCAGAATATGCGGATCAC,0,4776792
ygeX_predicted,0.047619047619047616,20,20,CAATCCTCAGGCCTCGCTAA,0,4793028
ygeX_predicted,0.047619047619047616,20,20,CAAAGGCAGCTGCTTTGGCC,0,4770800
ygeX_predicted,0.047619047619047616,20,20,CAAAGGACCTCGTGGTTAGT,0,4784445
ygeX_predicted,0.047619047619047616,20,20,CAAAGAAAATGGCAGCCTTA,0,4769910
ygeX_predicted,0.047619047619047616,20,20,ATTGGCATGCCAACCACATT,0,4775754
ygeX_predicted,0.047619047619047616,20,20,ATTATGAACTTCGGGCCGGT,0,4786168
ygeX_predicted,0.047619047619047616,20,20,ATGGGTGGTCGTTTCCTGAT,0,4779586
ygeX_predicted,0.047619047619047616,20,20,ATCGCGATTAATACGACGCA,0,4768205
ygeX_predicted,0.047619047619047616,20,20,ATACTGTGAGTCACATCGTA,0,4790303
ygeX_predicted,0.047619047619047616,20,20,ATACTGACGCGCAGGCACGT,0,4770018
ygeX_predicted,0.047619047619047616,20,20,ATACTAAGTTCCGAGGGCTT,0,4789579
ygeX_predicted,0.047619047619047616,20,20,AGTCCTGGGGCGTTAATGTG,0,4782139
ygeX_predicted,0.047619047619047616,20,20,AGGCTCAAGGTTAGAATCAG,0,4779325
ygeX_predicted,0.047619047619047616,20,20,AGCTTTATGCACGACGCCGC,0,4779008
ygeX_predicted,0.047619047619047616,20,20,AGCTCCCTCCCAAACTCTCT,0,4770539
ygeX_predicted,0.047619047619047616,20,20,AGCAGCGAGAGCGAGATCGT,0,4783499
ygeX_predicted,0.047619047619047616,20,20,AGCACGCCAACTGGGACTTT,0,4768191
ygeX_predicted,0.047619047619047616,20,20,AGCAATTGCCCGCTCGTGGA,0,4785089
ygeX_predicted,0.047619047619047616,20,20,AGCAAAGTGATGGAAGGTCA,0,4781248
ygeX_predicted,0.047619047619047616,20,20,AGATTATCCACAGCTCCCTA,0,4768048
ygeX_predicted,0.047619047619047616,20,20,AGAGTAAGTGCCCTATCATG,0,4776444
ygeX_predicted,0.047619047619047616,20,20,AGAATGCTACTCAATTGCCT,0,4773190
ygeX_predicted,0.047619047619047616,20,20,ACTATCTACTGACCTACATC,0,4787848
ygeX_predicted,0.047619047619047616,20,20,ACGCCGATTTAGACAATATG,0,4772298
ygeX_predicted,0.047619047619047616,20,20,ACGAGGGCATGGCGGCGGAG,0,4791843
ygeX_predicted,0.047619047619047616,20,20,ACAGGTAAGCCAGCCGACGA,0,4788332
ygeX_predicted,0.047619047619047616,20,20,AATGTTGCAGATCAGGGGCA,0,4783883
ygeX_predicted,0.047619047619047616,20,20,AATCCGATGCGTCACGACCG,0,4781156
ygeX_predicted,0.047619047619047616,20,20,AATATGTTATTCCAGTTCTC,0,4768572
ygeX_predicted,0.047619047619047616,20,20,AAGGGCCAGAGGTTGCTCAA,0,4780809
ygeX_predicted,0.047619047619047616,20,20,AAGCCTTGAGTCGGGATACC,0,4784118
ygeX_predicted,0.047619047619047616,20,20,AAGATTAGTAGATGTAGATT,0,4767847
ygeX_predicted,0.047619047619047616,20,20,AAGAGTCGGATTCTTATCGA,0,4782223
ygeX_predicted,0.047619047619047616,20,20,AACGGTCAGTTTAAGACCAA,0,4786903
ygeX_predicted,0.047619047619047616,20,20,AACGCTGAGTCAAAGTGTGC,0,4785303
ygeX_predicted,0.047619047619047616,20,20,AACATACCGGGCAACGCGGG,0,4773866
ygeX_predicted,0.047619047619047616,20,20,AAAGGAGGCGTGGTCAGGGA,0,4769147
ygeX_predicted,0.047619047619047616,20,20,AAACTTGTGGTACTCCAAGA,0,4781856
ygeX_predicted,0.05,19,19,TTTTTTACTAAGGTTATCTT,0,4785850
ygeX_predicted,0.05,19,19,TTTTGTATCTCTTGGATCAC,0,4779478
ygeX_predicted,0.05,19,19,TTTCCAGTAGTGAAGTTGCA,0,4776234
ygeX_predicted,0.05,19,19,TTATCGATCCTATACTAAAT,0,4771281
ygeX_predicted,0.05,19,19,TTAGCCATAGGGGGACTCAC,0,4790326
ygeX_predicted,0.05,19,19,TTAGAGGCCGCATTTCGTGG,0,4777879
ygeX_predicted,0.05,19,19,TGTGAGTCAGGATCAAAGTG,0,4776158
ygeX_predicted,0.05,19,19,TGTCTACAATGACATCGTAC,0,4778688
ygeX_predicted,0.05,19,19,TGTCAATATTCCAAGAATCT,0,4782305
ygeX_predicted,0.05,19,19,TGGTAGTATCGCCATAAGCT,0,4770970
ygeX_predicted,0.05,19,19,TGGGACGGACCTCTTAACGT,0,4767912
ygeX_predicted,0.05,19,19,TGCGTCCTCGGTCACTGTTC,0,4782650
ygeX_predicted,0.05,19,19,TGCGGCTACTCGGGGCAAGG,0,4778348
ygeX_predicted,0.05,19,19,TGAATGAGATTCTTTCTACC,0,4772215
ygeX_predicted,0.05,19,19,TCTAGTGGGTTTGGAGCGTA,0,4775182
ygeX_predicted,0.05,19,19,TCGCTATCCTGTTTCGTGAT,0,4783467
ygeX_predicted,0.05,19,19,TCGCCGTTCGTCTTTGGAAG,0,4771882
ygeX_predicted,0.05,19,19,TCCCATGCGGAGTAACTAGA,0,4786143
ygeX_predicted,0.05,19,19,TCATTTGGCTACCACGCGCT,0,4768142
ygeX_predicted,0.05,19,19,TCAGAACTGAGTGGCGGTAG,0,4788213
ygeX_predicted,0.05,19,19,TCAAGACAATGTCATCTCGT,0,4776822
ygeX_predicted,0.05,19,19,TATGTATGGGATCAATCAAA,0,4788815
ygeX_predicted,0.05,19,19,TATGAATCCCTCAGTACGCG,0,4770059
ygeX_predicted,0.05,19,19,TAGGTTTTTCGCCCGTTAAG,0,4774171
ygeX_predicted,0.05,19,19,TAGGCTAGGCTAAGTTAAAA,0,4781318
ygeX_predicted,0.05,19,19,TAGGCAGGAGAGGCACGCAT,0,4784574
ygeX_predicted,0.05,19,19,TAGACGATCTATGTAGGCAA,0,4767322
ygeX_predicted,0.05,19,19,TACGAAACGACCTGGCAACT,0,4792511
ygeX_predicted,0.05,19,19,TACCAGAATGGATTAATCCC,0,4769744
ygeX_predicted,0.05,19,19,TAACGTAGAGCAGAGGGGGG,0,4784066
ygeX_predicted,0.05,19,19,TAAATGCCGAATTGCGGCCT,0,4772198
ygeX_predicted,0.05,19,19,GTCTTATCCAACCACGTTGA,0,4776270
ygeX_predicted,0.05,19,19,GTCACGATCCCTTCCACGTA,0,4789852
ygeX_predicted,0.05,19,19,GTAGGGGGTCAATCGTGGCC,0,4772739
ygeX_predicted,0.05,19,19,GGTAGGACAATGAACGGCAA,0,4775389
ygeX_predicted,0.05,19,19,GGGGGTGGCATCCGTCCCAT,0,4766955
ygeX_predicted,0.05,19,19,GGGCGTGATTCCCTATTCTC,0,4783989
ygeX_predicted,0.05,19,19,GGCTTCCCAGGCACGGGGAT,0,4785379
ygeX_predicted,0.05,19,19,GGCCGGTACTCGACACAACA,0,4781760
ygeX_predicted,0.05,19,19,GGCCATTGGACATATATGGG,0,4778547
ygeX_predicted,0.05,19,19,GGCCACGCGATCTCGGTAAT,0,4774041
ygeX_predicted,0.05,19,19,GGAGTGTAGAACCGCTGTTT,0,4785741
ygeX_predicted,0.05,19,19,GGAGTGCATTCGTGATTCCG,0,4785374
ygeX_predicted,0.05,19,19,GGAGTGCACAGCGAGTCGCA,0,4791800
ygeX_predicted,0.05,19,19,GGACCAGGCCAGAAGCCGTT,0,4772918
ygeX_predicted,0.05,19,19,GCTTCAGGGATTTCGTAATT,0,4788568
ygeX_predicted,0.05,19,19,GCGTGGTCGCGACGATCTCA,0,4778424
ygeX_predicted,0.05,19,19,GCGCCACCGTCTGGCCATTA,0,4781277
ygeX_predicted,0.05,19,19,GCGAGTGTTGATGTTATTAC,0,4769273
ygeX_predicted,0.05,19,19,GCCTTCCCAAATCCACGTTT,0,4778937
ygeX_predicted,0.05,19,19,GCATTCTTCACGTAAAAGAA,0,4766763
ygeX_predicted,0.05,19,19,GATTGAAGTGCCGGGGTGAA,0,4789460
ygeX_predicted,0.05,19,19,GATGAAAGCGAAGCTCAACC,0,4787303
ygeX_predicted,0.05,19,19,GAGTGGAATACACCTTTGTA,0,4779428
ygeX_predicted,0.05,19,19,GAGGCAAAACTTGGGAGATT,0,4775521
ygeX_predicted,0.05,19,19,GAGCTCCGGTGAAAGCCCGT,0,4784910
ygeX_predicted,0.05,19,19,GACGTATAACTGCGGCGAAG,0,4792938
ygeX_predicted,0.05,19,19,GAATTACCCTTGAAAACCCC,0,4772500
ygeX_predicted,0.05,19,19,GAATGCGTACCTCCAGCAAG,0,4775635
ygeX_predicted,0.05,19,19,GAACCTTGGTCAATATTTTC,0,4778200
ygeX_predicted,0.05,19,19,CTTTCGTGTCAGCAGAGAAG,0,4782651
ygeX_predicted,0.05,19,19,CTGTCAAGCCGCTCAAAAAA,0,4776507
ygeX_predicted,0.05,19,19,CTGGAACTGTGGGGTTCGTA,0,4791477
ygeX_predicted,0.05,19,19,CTGCTAGAAATACTGAGTAA,0,4779935
ygeX_predicted,0.05,19,19,CTGACACTTCTGGCACCTCG,0,4786515
ygeX_predicted,0.05,19,19,CTAGTTGATACCCCACATTA,0,4774652
ygeX_predicted,0.05,19,19,CTAGATACGGCCCTGTGCTG,0,4785033
ygeX_predicted,0.05,19,19,CGTGCGGAGGGGAGGGTATA,0,4774495
ygeX_predicted,0.05,19,19,CGTCGCGGTGCCTCGTGAGA,0,4771293
ygeX_predicted,0.05,19,19,CGTAGTCTCATGCCCCGGAC,0,4782190
ygeX_predicted,0.05,19,19,CGGTAGTTGTAGTAACGGGC,0,4787654
ygeX_predicted,0.05,19,19,CGGCATAATTATTTGTGTTA,0,4774610
ygeX_predicted,0.05,19,19,CGGACCAGATGCAGATATGA,0,4767092
ygeX_predicted,0.05,19,19,CGGAAGCTATGGCCTGTATC,0,4791005
ygeX_predicted,0.05,19,19,CGCTTTATGATCTAGTCATG,0,4772257
ygeX_predicted,0.05,19,19,CGCTTACTCAGTCAGGGATC,0,4778689
ygeX_predicted,0.05,19,19,CGCTGGGACAAAGGGCTCAT,0,4788995
ygeX_predicted,0.05,19,19,CGCTAGCAACAAGCCCTTAC,0,4766837
ygeX_predicted,0.05,19,19,CGCTAATAAACATGCAACTT,0,4774798
ygeX_predicted,0.05,19,19,CGCACTCTTGGACTGCTCGC,0,4783638
ygeX_predicted,0.05,19,19,CGCACATAGCACTATTCTCA,0,4772292
ygeX_predicted,0.05,19,19,CGATGGATAACCCATTATTC,0,4789672
ygeX_predicted,0.05,19,19,CGAGAAGTTGCCGGCAGTGT,0,4769037
ygeX_predicted,0.05,19,19,CGACCTATAGATCCTACTAC,0,4777202
ygeX_predicted,0.05,19,19,CCTTACCGAACTCGTATGTA,0,4771770
ygeX_predicted,0.05,19,19,CCTACCATCGCATGAAACGT,0,4773648
ygeX_predicted,0.05,19,19,CCGGCTGGAAACGTCAGCTA,0,4767520
ygeX_predicted,0.05,19,19,CCGGCAGTCAATACGGTGAT,0,4788980
ygeX_predicted,0.05,19,19,CCGCTCGAACTCACACGATG,0,4787592
ygeX_predicted,0.05,19,19,CCGCGCTGGCTTGTCGGTGG,0,4785992
ygeX_predicted,0.05,19,19,CCGATCGAGTGTCCCGCCTC,0,4789711
ygeX_predicted,0.05,19,19,CCCCTCCGAGGCGAACTGGC,0,4784552
ygeX_predicted,0.05,19,19,CCCACCGAATTCAAACGAGT,0,4770870
ygeX_predicted,0.05,19,19,CCATCATGCCTGTTCTTATG,0,4787406
ygeX_predicted,0.05,19,19,CCAGTGGATGTCAATTCAGT,0,4774487
ygeX_predicted,0.05,19,19,CCACAAGCATTTTGAGGCGA,0,4776642
ygeX_predicted,0.05,19,19,CCAATCATAGGGGTTCTTAT,0,4771028
ygeX_predicted,0.05,19,19,CATGGATTTTCTCCAATTGT,0,4788780
ygeX_predicted,0.05,19,19,CATAGGCCGATGAACGGATA,0,4790931
ygeX_predicted,0.05,19,19,CATACAGAACAGTGAGACTA,0,4781068
ygeX_predicted,0.05,19,19,CAGCACCTAGAAAGAGAAAG,0,4770089
ygeX_predicted,0.05,19,19,CACCGCGCGATATCCTAGTT,0,4791448
ygeX_predicted,0.05,19,19,CAAGCCTTCCGCTGCATTTG,0,4778794
ygeX_predicted,0.05,19,19,CAAAAGGATGTCTTACAACG,0,4786802
ygeX_predicted,0.05,19,19,ATTGTTAGAATCTCCAGATC,0,4775101
ygeX_predicted,0.05,19,19,ATGTCATAAAGGTAATGGCC,0,4789920
ygeX_predicted,0.05,19,19,ATGGTAGGTCACCTATGGTG,0,4776082
ygeX_predicted,0.05,19,19,ATGGCTGGTGCCAGGGATTC,0,4778367
ygeX_predicted,0.05,19,19,ATCCTTTGACATCTTCTTAC,0,4780123
ygeX_predicted,0.05,19,19,AGTAAACGGGAAGGTTCCAT,0,4778220
ygeX_predicted,0.05,19,19,AGGCCAGAACGATATACAGC,0,4781477
ygeX_predicted,0.05,19,19,AGGAGTTGTGCCGCCAGCTG,0,4791826
ygeX_predicted,0.05,19,19,AGGACTAAGGCATTTGGTTT,0,4785419
ygeX_predicted,0.05,19,19,AGAGTACCAATCTACAGGAA,0,4781147
ygeX_predicted,0.05,19,19,AGAGCTTGAATACCGCTACG,0,4782919
ygeX_predicted,0.05,19,19,AGACTTTTATTAGGAGAATC,0,4770332
ygeX_predicted,0.05,19,19,AGACGCAGCGGATCAGGTCA,0,4788258
ygeX_predicted,0.05,19,19,ACTTTTGATCCGCAAGTGTG,0,4775303
ygeX_predicted,0.05,19,19,ACTGCTAACATTAACCGTGA,0,4777427
ygeX_predicted,0.05,19,19,ACGTGTCGCATGACTGTATT,0,4786361
ygeX_predicted,0.05,19,19,ACGGACCTAAATCAGATTGT,0,4779661
ygeX_predicted,0.05,19,19,ACGCCTTAAGCTGATCTAGC,0,4791580
ygeX_predicted,0.05,19,19,ACCTGTGACCGAGGAAGCTA,0,4774040
ygeX_predicted,0.05,19,19,ACCTCCAGGGATCACAAGTC,0,4780956
ygeX_predicted,0.05,19,19,ACCCTCTGAGATGTTCTGTA,0,4778267
ygeX_predicted,0.05,19,19,ACCCGCCGAAAATGGAGACC,0,4793532
ygeX_predicted,0.05,19,19,ACCAAATTGGTCAAACCCCA,0,4787204
ygeX_predicted,0.05,19,19,AATGCTCCGGATGTGCACTC,0,4766904
ygeX_predicted,0.05,19,19,AATGCCTACCGGTGGCAGAT,0,4773582
ygeX_predicted,0.05,19,19,AATCGTCTGGGGATAATGGC,0,4781288
ygeX_predicted,0.05,19,19,AATCGCGCTTATTTCGCCTA,0,4772634
ygeX_predicted,0.05,19,19,AATATTGACCCAGTTCTACA,0,4780061
ygeX_predicted,0.05,19,19,AAGACAAGTCGTTCGCGGTC,0,4779708
ygeX_predicted,0.05,19,19,AACAACGCAACGGGGGATCT,0,4777291
ygeX_predicted,0.05,19,19,AAAGGAGGTTAGTTAGGTCG,0,4773504
ygeX_predicted,0.05,19,19,AAACTGTGACGATTATCCCA,0,4775429
ygeX_predicted,0.05,19,19,AAACGGGTCGAGGCTTTAGT,0,4778109
ygeX_predicted,0.05263157894736842,18,18,TTTGTGGAAGAATTAAGATA,0,4779757
ygeX_predicted,0.05263157894736842,18,18,TTTCTTGGGCTACATTTAAC,0,4770437
ygeX_predicted,0.05263157894736842,18,18,TTTAGACCCACCCGACAGGT,0,4779417
ygeX_predicted,0.05263157894736842,18,18,TTGGTAGCCTGAAGTGTTCT,0,4769127
ygeX_predicted,0.05263157894736842,18,18,TTCTGTACTCGCTGCGAAGT,0,4789562
ygeX_predicted,0.05263157894736842,18,18,TTCTGATCGCACCGGCTTAG,0,4781348
ygeX_predicted,0.05263157894736842,18,18,TGGTGGACTTAACTATGCCT,0,4783785
ygeX_predicted,0.05263157894736842,18,18,TGCCTTAAGCCCTTTGACCA,0,4774860
ygeX_predicted,0.05263157894736842,18,18,TGCCCAGAAGTGACGATCGA,0,4769477
ygeX_predicted,0.05263157894736842,18,18,TGCATCGTACATCAGGGGGA,0,4781680
ygeX_predicted,0.05263157894736842,18,18,TGCAACTTTATAATCTTACC,0,4783608
ygeX_predicted,0.05263157894736842,18,18,TGATGGTTAGTTGGTCAGAG,0,4780766
ygeX_predicted,0.05263157894736842,18,18,TGAGTGAGATGCGGTTGCAG,0,4790709
ygeX_predicted,0.05263157894736842,18,18,TGAGGAAACACGGCCCGAGT,0,4787945
ygeX_predicted,0.05263157894736842,18,18,TGAGCGGGTTACTATTGCTG,0,4771170
ygeX_predicted,0.05263157894736842,18,18,TCTTAGAATCACTGCCGCTA,0,4786323
ygeX_predicted,0.05263157894736842,18,18,TCTAGAATGGAGGAACGCGC,0,4771027
ygeX_predicted,0.05263157894736842,18,18,TCGTCGATTTGGAAGCAAAC,0,4772499
ygeX_predicted,0.05263157894736842,18,18,TCGGATATGCCCGAATATCA,0,4787640
ygeX_predicted,0.05263157894736842,18,18,TCGCAGACGCATGGAGTAAA,0,4788750
ygeX_predicted,0.05263157894736842,18,18,TCGAATGAGGATAAGAATTT,0,4784033
ygeX_predicted,0.05263157894736842,18,18,TCCAAAGGAGCGTGCTCGGC,0,4769787
ygeX_predicted,0.05263157894736842,18,18,TCAGTCGGGCTATAAATTGG,0,4767099
ygeX_predicted,0.05263157894736842,18,18,TCACTAATGGAACGTTTGGT,0,4773425
ygeX_predicted,0.05263157894736842,18,18,TATTCCAATTCAAAATTCGA,0,4777683
ygeX_predicted,0.05263157894736842,18,18,TATATTTGCGTGCAACGTGA,0,4775727
ygeX_predicted,0.05263157894736842,18,18,TATATGATTGGGTCTGTAAT,0,4770790
ygeX_predicted,0.05263157894736842,18,18,TAGATGGTGCTTCTCCGCTT,0,4780505
ygeX_predicted,0.05263157894736842,18,18,TAGAGTGGCCCATTAACTGG,0,4775662
ygeX_predicted,0.05263157894736842,18,18,TAGAAACATTGTTCGGCCAT,0,4792669
ygeX_predicted,0.05263157894736842,18,18,TACGTGGGTGTGTCATATGA,0,4777045
ygeX_predicted,0.05263157894736842,18,18,TACAGTTAAGCTAGCTTCTC,0,4788694
ygeX_predicted,0.05263157894736842,18,18,GTTTCTTGAGAATCGCGGAG,0,4778178
ygeX_predicted,0.05263157894736842,18,18,GTGGATGCGCAGTCTCCTTT,0,4771078
ygeX_predicted,0.05263157894736842,18,18,GTGCGTTGGCGGGCTAGAAC,0,4766990
ygeX_predicted,0.05263157894736842,18,18,GTCGAAGTCGTAGGCTACTG,0,4787660
ygeX_predicted,0.05263157894736842,18,18,GTATTAGATGTCATCAAGAG,0,4783700
ygeX_predicted,0.05263157894736842,18,18,GTAGGAGCGTGCCCGAGGCT,0,4767562
ygeX_predicted,0.05263157894736842,18,18,GTAACGTCTGGAGGTTTAAT,0,4775816
ygeX_predicted,0.05263157894736842,18,18,GGTGTCTTGTTCACGTCAGT,0,4784781
ygeX_predicted,0.05263157894736842,18,18,GGTATGTGGCCGCGGAGTGT,0,4776827
ygeX_predicted,0.05263157894736842,18,18,GGTAGATCCGTCCCTGATTG,0,4786264
ygeX_predicted,0.05263157894736842,18,18,GGGTTCACCCGGCCATCCGC,0,4786115
ygeX_predicted,0.05263157894736842,18,18,GGGGGGTCGGGACTGTTATG,0,4782767
ygeX_predicted,0.05263157894736842,18,18,GGGAGGCTCAACTACCCATG,0,4771901
ygeX_predicted,0.05263157894736842,18,18,GGCTGGCCGGTTCAGTCCAT,0,4779069
ygeX_predicted,0.05263157894736842,18,18,GGCAGGGAGTTGTTAGGATC,0,4778327
ygeX_predicted,0.05263157894736842,18,18,GGATGCTGATTCACCCTCGA,0,4774081
ygeX_predicted,0.05263157894736842,18,18,GGAGTGACGGAAGCATACCT,0,4773980
ygeX_predicted,0.05263157894736842,18,18,GCTTTGCGCGTACACACTAG,0,4790710
ygeX_predicted,0.05263157894736842,18,18,GCTTCAGAACAGTGTAAGCG,0,4786452
ygeX_predicted,0.05263157894736842,18,18,GCTCAAGTAGACAACTTCAC,0,4787083
ygeX_predicted,0.05263157894736842,18,18,GCGTGGATATCGATGACTTT,0,4776846
ygeX_predicted,0.05263157894736842,18,18,GCGGTTACGGACTCTTGTTA,0,4778867
ygeX_predicted,0.05263157894736842,18,18,GCGGGCTGTCACGGCTGTTG,0,4771991
ygeX_predicted,0.05263157894736842,18,18,GCGGGCAATTGAGGCCATAT,0,4778008
ygeX_predicted,0.05263157894736842,18,18,GCGAGTGCGATATGCAAGAC,0,4794718
ygeX_predicted,0.05263157894736842,18,18,GCGACGGACTAAATGCCTCA,0,4792876
ygeX_predicted,0.05263157894736842,18,18,GCGAACGGCAGTCGAATCCA,0,4773580
ygeX_predicted,0.05263157894736842,18,18,GCCAATGTGCCCTAGGACAC,0,4776248
ygeX_predicted,0.05263157894736842,18,18,GCATTTACAGCGCTAAGTAC,0,4768043
ygeX_predicted,0.05263157894736842,18,18,GCATGGGTTGATCAATTTTT,0,4768302
ygeX_predicted,0.05263157894736842,18,18,GCAGCTGTTGGTACCAGCGT,0,4782199
ygeX_predicted,0.05263157894736842,18,18,GCACCTTCCGAGGTACGGCT,0,4783640
ygeX_predicted,0.05263157894736842,18,18,GATCTCAGGGCCTAAGAAGC,0,4768928
ygeX_predicted,0.05263157894736842,18,18,GAGTGTACCCGGAGCATTGG,0,4774379
ygeX_predicted,0.05263157894736842,18,18,GACATAGGGGTACCAGTTAC,0,4782397
ygeX_predicted,0.05263157894736842,18,18,GACAGCGCACGTCGCGACAG,0,4789725
ygeX_predicted,0.05263157894736842,18,18,GAATTTAGCGGTAATAGTAC,0,4786366
ygeX_predicted,0.05263157894736842,18,18,GAATGTCAGATGCATGCCGT,0,4783833
ygeX_predicted,0.05263157894736842,18,18,GAATGTACAGTGATACAGTT,0,4792937
ygeX_predicted,0.05263157894736842,18,18,GAACTAAATTCAAGACCGGG,0,4786619
ygeX_predicted,0.05263157894736842,18,18,GAACCCAGAGGAAAGGGCGA,0,4779357
ygeX_predicted,0.05263157894736842,18,18,CTTTATCAGGAGGATACGGA,0,4770872
ygeX_predicted,0.05263157894736842,18,18,CTGTGTTTCCCGGGTTCGAT,0,4778994
ygeX_predicted,0.05263157894736842,18,18,CTGGAAATAAGATCATAAAT,0,4788136
ygeX_predicted,0.05263157894736842,18,18,CTGAGGGTAAGGGGTACATC,0,4777115
ygeX_predicted,0.05263157894736842,18,18,CTCGTAAGTGCACTTATGTA,0,4778330
ygeX_predicted,0.05263157894736842,18,18,CTCGCTTGATAGGCTTGAAT,0,4773590
ygeX_predicted,0.05263157894736842,18,18,CTAGATCCTCTTAGCATTAC,0,4777495
ygeX_predicted,0.05263157894736842,18,18,CTAGATCAGCGTCGTAATGG,0,4779965
ygeX_predicted,0.05263157894736842,18,18,CTACCGTCGCGGATCTGTCG,0,4777355
ygeX_predicted,0.05263157894736842,18,18,CGTCAATGCGGGTGGGTGAT,0,4780546
ygeX_predicted,0.05263157894736842,18,18,CGTACTGTTATCCGCGATTG,0,4777482
ygeX_predicted,0.05263157894736842,18,18,CGGCGAACATGCTCGGCTCT,0,4771290
ygeX_predicted,0.05263157894736842,18,18,CGCTAAGGATACGGTGTACC,0,4774018
ygeX_predicted,0.05263157894736842,18,18,CGCGAGTTTCAGTACAGGAG,0,4773027
ygeX_predicted,0.05263157894736842,18,18,CGCACACCTTGAGAAGATCT,0,4768044
ygeX_predicted,0.05263157894736842,18,18,CGATTCTGGTGTTCAATCAG,0,4789541
ygeX_predicted,0.05263157894736842,18,18,CGAGGGGTGTTTTGGGTATA,0,4786610
ygeX_predicted,0.05263157894736842,18,18,CGAGCCCGGAAACATCCAGG,0,4784871
ygeX_predicted,0.05263157894736842,18,18,CCTTTCGTTCGTGTGCTCTT,0,4777858
ygeX_predicted,0.05263157894736842,18,18,CCTTCAGTCTCTATACATCA,0,4766760
ygeX_predicted,0.05263157894736842,18,18,CCTGGCGGATTGGTGTATGG,0,4779787
ygeX_predicted,0.05263157894736842,18,18,CCTCCTGAGGTAAGGCTCAT,0,4787175
ygeX_predicted,0.05263157894736842,18,18,CCGGAGGCCGGGTCGGACAT,0,4769711
ygeX_predicted,0.05263157894736842,18,18,CCGCCGGGTATACTCTCACG,0,4773258
ygeX_predicted,0.05263157894736842,18,18,CCCATACCGACTGGATGGAT,0,4794125
ygeX_predicted,0.05263157894736842,18,18,CCATGCTTACGTACCCAGTC,0,4774085
ygeX_predicted,0.05263157894736842,18,18,CCATATGTGATCTATGGTCG,0,4791396
ygeX_predicted,0.05263157894736842,18,18,CCAGTGCCGGAAACTCATGT,0,4777330
ygeX_predicted,0.05263157894736842,18,18,CCAGGTTTATAGTATATCTG,0,4777018
ygeX_predicted,0.05263157894736842,18,18,CCAGAAACGCCTTCCCATAG,0,4784227
ygeX_predicted,0.05263157894736842,18,18,CCACGGTCAACATTTACGAG,0,4783830
ygeX_predicted,0.05263157894736842,18,18,CCAAGGCGGTCATGTGTGCA,0,4768336
ygeX_predicted,0.05263157894736842,18,18,CATTGAAGGTAACATCGAAC,0,4789831
ygeX_predicted,0.05263157894736842,18,18,CATCCGTCCTGTAGTTGTTT,0,4777878
ygeX_predicted,0.05263157894736842,18,18,CAGCTGCTTGGGCTTCGCTC,0,4781044
ygeX_predicted,0.05263157894736842,18,18,CAGCTCCCGCCTTGTTATAC,0,4776561
ygeX_predicted,0.05263157894736842,18,18,CACCCTGTTCGGTGCAGCCC,0,4772895
ygeX_predicted,0.05263157894736842,18,18,CACACACATTTGTCCCCTAC,0,4788225
ygeX_predicted,0.05263157894736842,18,18,CAATTTAATAGACATGGAGA,0,4791455
ygeX_predicted,0.05263157894736842,18,18,CAATATCCCATGGCAGCGCC,0,4791727
ygeX_predicted,0.05263157894736842,18,18,ATTCAGAAGTATGTTTATCG,0,4792986
ygeX_predicted,0.05263157894736842,18,18,ATGGAGAAGTCATCAGCATA,0,4783433
ygeX_predicted,0.05263157894736842,18,18,ATGCCGCCTACCGAGGCGCG,0,4769809
ygeX_predicted,0.05263157894736842,18,18,ATGAGTGTACGCAACTCCTT,0,4791487
ygeX_predicted,0.05263157894736842,18,18,ATGAGGTCGCCAGGTAACGT,0,4782957
ygeX_predicted,0.05263157894736842,18,18,ATGAGATCGCGCGGGGTATG,0,4772808
ygeX_predicted,0.05263157894736842,18,18,ATCGCCCATAGTATAGAGAA,0,4772117
ygeX_predicted,0.05263157894736842,18,18,ATCCGCGCGCGCGGAGGGAC,0,4789010
ygeX_predicted,0.05263157894736842,18,18,ATATCCTCATCCAGCCAGCA,0,4776204
ygeX_predicted,0.05263157894736842,18,18,ATAGTGTAATTGGGCTGCGC,0,4787180
ygeX_predicted,0.05263157894736842,18,18,ATAGGCGTTACCGTGGCTCA,0,4790655
ygeX_predicted,0.05263157894736842,18,18,ATAGCATGCTGTCACAGTAT,0,4791736
ygeX_predicted,0.05263157894736842,18,18,AGTTCGCACCAGACATACGG,0,4788161
ygeX_predicted,0.05263157894736842,18,18,AGTTCAGTTGGAGCGTCTTG,0,4781064
ygeX_predicted,0.05263157894736842,18,18,AGTGGGGTCGGGATGTACGT,0,4781004
ygeX_predicted,0.05263157894736842,18,18,AGTCGTAATTGGTTGAAAAC,0,4785122
ygeX_predicted,0.05263157894736842,18,18,AGTAGCTCCATTTGAGCCTC,0,4777776
ygeX_predicted,0.05263157894736842,18,18,AGGGACGGTTAAGTGGGACC,0,4780016
ygeX_predicted,0.05263157894736842,18,18,AGGCGAAAAGGGGTGCGCGA,0,4769785
ygeX_predicted,0.05263157894736842,18,18,AGGATATGAGCGATGCTCCG,0,4774672
ygeX_predicted,0.05263157894736842,18,18,AGGATAAACGGTGTCTGCCT,0,4784073
ygeX_predicted,0.05263157894736842,18,18,AGCTTCATTGGCACTATCAC,0,4784967
ygeX_predicted,0.05263157894736842,18,18,AGCGGCAGTATGTAGTACTA,0,4784785
ygeX_predicted,0.05263157894736842,18,18,AGACGGCAGGACAACCTATA,0,4780857
ygeX_predicted,0.05263157894736842,18,18,AGAATTAAGTTGTTTCATTG,0,4783728
ygeX_predicted,0.05263157894736842,18,18,ACTGCCAATACCGCTCAACT,0,4780933
ygeX_predicted,0.05263157894736842,18,18,ACTCGAGGATGTGAGTATGT,0,4781789
ygeX_predicted,0.05263157894736842,18,18,ACGTTTCGCTGACTACGGCC,0,4767440
ygeX_predicted,0.05263157894736842,18,18,ACGGAGACCCGCTGCTTGGA,0,4784792
ygeX_predicted,0.05263157894736842,18,18,ACGATGTTAATGCGCTGCAT,0,4770470
ygeX_predicted,0.05263157894736842,18,18,ACCGGAGGGGGCTAGAGCTT,0,4775190
ygeX_predicted,0.05263157894736842,18,18,ACCACGCCGCCAGTAGCCAA,0,4791815
ygeX_predicted,0.05263157894736842,18,18,ACAGTCGTGGGCCGTGTGGA,0,4785432
ygeX_predicted,0.05263157894736842,18,18,ACACGTCCGTCGTTTCGATT,0,4788537
ygeX_predicted,0.05263157894736842,18,18,ACACCGGATCTTTCAGGAGA,0,4776983
ygeX_predicted,0.05263157894736842,18,18,ACAAGGTAGGAGACAACATT,0,4772078
ygeX_predicted,0.05263157894736842,18,18,ACAAAGCGTGCCGGCATGGT,0,4793549
ygeX_predicted,0.05263157894736842,18,18,AATGGGATGGCCAGAGTCTT,0,4782853
ygeX_predicted,0.05263157894736842,18,18,AATATTGGCCACGCGGGATT,0,4774605
ygeX_predicted,0.05263157894736842,18,18,AATAGCGAGAAGCCATTTGC,0,4768956
ygeX_predicted,0.05263157894736842,18,18,AAGACCGCCCATGGTTGCCG,0,4785155
ygeX_predicted,0.05263157894736842,18,18,AACTAGCGCAGTCGGAGATA,0,4774783
ygeX_predicted,0.05263157894736842,18,18,AACGTAAGGTAGAGTGCTAG,0,4792922
ygeX_predicted,0.05263157894736842,18,18,AAATATTCTGAAAGGGCGGA,0,4785680
ygeX_predicted,0.05263157894736842,18,18,AAAAACAGCGAGTGTCTACT,0,4794390
ygeX_predicted,0.05555555555555555,17,17,TTTCGGCAGGAGCCACCCGC,0,4790056
ygeX_predicted,0.05555555555555555,17,17,TTTCCTCACGTCATCCCTGT,0,4779808
ygeX_predicted,0.05555555555555555,17,17,TTTCACATTGAGCAAGCATG,0,4781496
ygeX_predicted,0.05555555555555555,17,17,TTGTTACCTTAACTCTCAAA,0,4767619
ygeX_predicted,0.05555555555555555,17,17,TTGACACTGGGCAGTCATTA,0,4783924
ygeX_predicted,0.05555555555555555,17,17,TTCGTGCCGGCGAAAGGTTT,0,4775248
ygeX_predicted,0.05555555555555555,17,17,TTACCGTTTCGGTTTATATT,0,4787776
ygeX_predicted,0.05555555555555555,17,17,TGTTGGATAGAGGCATTGCA,0,4786714
ygeX_predicted,0.05555555555555555,17,17,TGTCATAAAGCTTTTTTATG,0,4791730
ygeX_predicted,0.05555555555555555,17,17,TGTCAGAATATTTACATCAG,0,4789954
ygeX_predicted,0.05555555555555555,17,17,TGGTCAGTTCTTATACGTGC,0,4768396
ygeX_predicted,0.05555555555555555,17,17,TGGGCTACCGATATTTACAA,0,4788247
ygeX_predicted,0.05555555555555555,17,17,TGGGAAAACAAAAAGTACTC,0,4779391
ygeX_predicted,0.05555555555555555,17,17,TGGCAAAGAATGGTAGATGG,0,4773449
ygeX_predicted,0.05555555555555555,17,17,TGCTTACGGTATCGTTCTTC,0,4769113
ygeX_predicted,0.05555555555555555,17,17,TGCTAATTTTATATTGCTGT,0,4784092
ygeX_predicted,0.05555555555555555,17,17,TGCCTGATGCCGCACACGAA,0,4792756
ygeX_predicted,0.05555555555555555,17,17,TGCATCCTTTCGTGCTTCTA,0,4770818
ygeX_predicted,0.05555555555555555,17,17,TGAGCGACCCTTTTGGGAAA,0,4775649
ygeX_predicted,0.05555555555555555,17,17,TGACCGGGCAGCTCCGGTGC,0,4787009
ygeX_predicted,0.05555555555555555,17,17,TGACAAGAATTCTCTCCCGT,0,4782416
ygeX_predicted,0.05555555555555555,17,17,TCTTCGTATGAACGCAACTG,0,4770093
ygeX_predicted,0.05555555555555555,17,17,TCTGTGTGCAATTCATCACA,0,4782353
ygeX_predicted,0.05555555555555555,17,17,TCTGGGCTGAACGCGGGCAT,0,4788224
ygeX_predicted,0.05555555555555555,17,17,TCTCCAATACTAGAAAGAGA,0,4774854
ygeX_predicted,0.05555555555555555,17,17,TCGGACACTTGAATACCTCT,0,4788721
ygeX_predicted,0.05555555555555555,17,17,TCCGACGGTATTTTCGGGGA,0,4780322
ygeX_predicted,0.05555555555555555,17,17,TCCCTCACGCCTTTTCGATG,0,4781547
ygeX_predicted,0.05555555555555555,17,17,TCAGGAATTGGTGTGAGGGT,0,4779272
ygeX_predicted,0.05555555555555555,17,17,TCAAGTGCGGGTATTTGTAG,0,4781875
ygeX_predicted,0.05555555555555555,17,17,TACCTGCCGCGAAAAAACAC,0,4783758
ygeX_predicted,0.05555555555555555,17,17,TACCAGAGACGGCGGAAACA,0,4776506
ygeX_predicted,0.05555555555555555,17,17,TACAGTAAAGCTCGACTTAT,0,4776034
ygeX_predicted,0.05555555555555555,17,17,TACAGGGGCCGGATCAACCC,0,4772528
ygeX_predicted,0.05555555555555555,17,17,TAATTGGTCTAGTTACCAAC,0,4783909
ygeX_predicted,0.05555555555555555,17,17,TAATGTCTTCCCATCCGTGT,0,4782616
ygeX_predicted,0.05555555555555555,17,17,TAATAGTCCAAAGGGTTCAA,0,4777524
ygeX_predicted,0.05555555555555555,17,17,TAAGCGCGTGCTAAAGGAGT,0,4768087
ygeX_predicted,0.05555555555555555,17,17,GTTCACATTCCCGGTCTCGT,0,4788185
ygeX_predicted,0.05555555555555555,17,17,GTTACAATAGGGGAATTCGA,0,4783636
ygeX_predicted,0.05555555555555555,17,17,GTGTGCGAAGAGGTGGGCAA,0,4780425
ygeX_predicted,0.05555555555555555,17,17,GTGTAAGGTGCACGGCACCT,0,4786076
ygeX_predicted,0.05555555555555555,17,17,GTGGTGTACGTGGCACGGCA,0,4778257
ygeX_predicted,0.05555555555555555,17,17,GTGATGCGCGCAGTTCAAGC,0,4769360
ygeX_predicted,0.05555555555555555,17,17,GTCTCCTTGGGGTAACCTCT,0,4787171
ygeX_predicted,0.05555555555555555,17,17,GTACGCGTGACTTCGATTAT,0,4775782
ygeX_predicted,0.05555555555555555,17,17,GTACCCGCGTGCTGGTAGGA,0,4792547
ygeX_predicted,0.05555555555555555,17,17,GTAATTTGCGTCGTTCTCGT,0,4777509
ygeX_predicted,0.05555555555555555,17,17,GGTTTTCCACCCATATTTGT,0,4779307
ygeX_predicted,0.05555555555555555,17,17,GGTTGCTATCTTTGCGCACT,0,4785643
ygeX_predicted,0.05555555555555555,17,17,GGTCTAGGCCCTGTGACAAT,0,4768866
ygeX_predicted,0.05555555555555555,17,17,GGGTATGCTTAATAAACAGT,0,4785457
ygeX_predicted,0.05555555555555555,17,17,GGGTACCAGGAATTCGTTCT,0,4791127
ygeX_predicted,0.05555555555555555,17,17,GGGCTGGATTCCCCAAGAGT,0,4788632
ygeX_predicted,0.05555555555555555,17,17,GGGCTCAAACTAGATACTTG,0,4773111
ygeX_predicted,0.05555555555555555,17,17,GGGCCACGCGTCGTATTCTT,0,4776036
ygeX_predicted,0.05555555555555555,17,17,GGGCAAAAACTGGGGGTGTA,0,4790600
ygeX_predicted,0.05555555555555555,17,17,GGGATAACTCAACATACTGG,0,4784100
ygeX_predicted,0.05555555555555555,17,17,GGGACCCGCCCTAGTAAAAA,0,4781601
ygeX_predicted,0.05555555555555555,17,17,GGCTCAAAGTTAGATATTAG,0,4779252
ygeX_predicted,0.05555555555555555,17,17,GGCTACGCGGGCGTGTTCCA,0,4773758
ygeX_predicted,0.05555555555555555,17,17,GGCCAGAGGGTTCGAAGCAG,0,4782901
ygeX_predicted,0.05555555555555555,17,17,GGATGGTGGCCCACCGGTGC,0,4778997
ygeX_predicted,0.05555555555555555,17,17,GGAAGGCGACGCTCTTAGGT,0,4779970
ygeX_predicted,0.05555555555555555,17,17,GCTCGCGCCTCTGGAGAATC,0,4785838
ygeX_predicted,0.05555555555555555,17,17,GCTCCGCAAACACTGGTTGG,0,4789300
ygeX_predicted,0.05555555555555555,17,17,GCTCCACGGATGTTCTAACG,0,4771805
ygeX_predicted,0.05555555555555555,17,17,GCGGTGTACTCAGTTCATTC,0,4790433
ygeX_predicted,0.05555555555555555,17,17,GCGGTGACGACCCGGGTATA,0,4785910
ygeX_predicted,0.05555555555555555,17,17,GCGGGAGAATCAAGGTGGAG,0,4776318
ygeX_predicted,0.05555555555555555,17,17,GCGCATCACCCTCTCGTGTA,0,4792452
ygeX_predicted,0.05555555555555555,17,17,GCCTTAAAAGTCTCCTGTAG,0,4782381
ygeX_predicted,0.05555555555555555,17,17,GCCGTGCTCGCGGTAGCTCA,0,4790273
ygeX_predicted,0.05555555555555555,17,17,GCCGGATTAGCCATAAGAGT,0,4769313
ygeX_predicted,0.05555555555555555,17,17,GCCCCTTGGCCCAGCCATAA,0,4777697
ygeX_predicted,0.05555555555555555,17,17,GCACCGCCTGCTGAAGGCTT,0,4788644
ygeX_predicted,0.05555555555555555,17,17,GCAATACAATATAGTATGAG,0,4775080
ygeX_predicted,0.05555555555555555,17,17,GATCACACTCACTGCCACTA,0,4794178
ygeX_predicted,0.05555555555555555,17,17,GATAGAGTGGATGCACACTC,0,4774106
ygeX_predicted,0.05555555555555555,17,17,GATAACCTCTGTACTAAGTG,0,4783869
ygeX_predicted,0.05555555555555555,17,17,GACTAAAATAAAGTGGTAGA,0,4777986
ygeX_predicted,0.05555555555555555,17,17,GACATGATTTCTCGTGTAGT,0,4774153
ygeX_predicted,0.05555555555555555,17,17,GACAGTGTCGGAATTAAAGT,0,4777266
ygeX_predicted,0.05555555555555555,17,17,GAACTGCTATCAGTTGCCCA,0,4774393
ygeX_predicted,0.05555555555555555,17,17,CTTGTGTTCTCATGTAGAGT,0,4774563
ygeX_predicted,0.05555555555555555,17,17,CTTGGGACGGTTTGTCGTAG,0,4778848
ygeX_predicted,0.05555555555555555,17,17,CTTCTACACAGAATGCTGCA,0,4793425
ygeX_predicted,0.05555555555555555,17,17,CTGGTGAGACCCGCGAATTA,0,4794523
ygeX_predicted,0.05555555555555555,17,17,CTGGCGATCTAAAGCCAGAC,0,4774733
ygeX_predicted,0.05555555555555555,17,17,CTGGATTACATGCGCCAACA,0,4790370
ygeX_predicted,0.05555555555555555,17,17,CTGCAAGCGGGCTTTCTGAT,0,4767803
ygeX_predicted,0.05555555555555555,17,17,CTCGACACTTCGGTCTGCAT,0,4774286
ygeX_predicted,0.05555555555555555,17,17,CTCAGTCGGAGCTTACAACT,0,4784044
ygeX_predicted,0.05555555555555555,17,17,CTACTGATCTTCTCGAGCTC,0,4773834
ygeX_predicted,0.05555555555555555,17,17,CGTTGATGGGTTAGGAAATT,0,4785296
ygeX_predicted,0.05555555555555555,17,17,CGTGCCAAAGGGGGCCACGC,0,4778813
ygeX_predicted,0.05555555555555555,17,17,CGTCTAGGGACTTTAGGTAA,0,4775766
ygeX_predicted,0.05555555555555555,17,17,CGTAGAACTGCGTAAACAAA,0,4793050
ygeX_predicted,0.05555555555555555,17,17,CGTAAACGGCTCCTCTTGGA,0,4781803
ygeX_predicted,0.05555555555555555,17,17,CGGTCGAGAGTCCCGTCGGT,0,4770227
ygeX_predicted,0.05555555555555555,17,17,CGGGTGACCGCGCGACCCTT,0,4789029
ygeX_predicted,0.05555555555555555,17,17,CGGCGTCTGATGAATCGGAT,0,4773563
ygeX_predicted,0.05555555555555555,17,17,CGCGTTCCTTCCATAAATCC,0,4783637
ygeX_predicted,0.05555555555555555,17,17,CGCCCGAGTAACGAGTCATT,0,4766922
ygeX_predicted,0.05555555555555555,17,17,CGCACGGTGAGAAAAAGGTT,0,4768910
ygeX_predicted,0.05555555555555555,17,17,CGCAAATAGGTGCTTGACAG,0,4793602
ygeX_predicted,0.05555555555555555,17,17,CGATTATGCCTCGGACATAT,0,4783998
ygeX_predicted,0.05555555555555555,17,17,CGACTTCAGATAATGCCCGG,0,4769623
ygeX_predicted,0.05555555555555555,17,17,CGACTCACGCCAATTCTCCC,0,4771391
ygeX_predicted,0.05555555555555555,17,17,CGACGCCTTGGCAACCGAGC,0,4775897
ygeX_predicted,0.05555555555555555,17,17,CGAAGAATGAACCTACGCTT,0,4768911
ygeX_predicted,0.05555555555555555,17,17,CCTTCTAGGGCTCTACAGTT,0,4779102
ygeX_predicted,0.05555555555555555,17,17,CCTATACGCATAACATTTGG,0,4767283
ygeX_predicted,0.05555555555555555,17,17,CCTAGGTGAGCGTCCCTCGT,0,4776301
ygeX_predicted,0.05555555555555555,17,17,CCGGTTGTTAAGTGGATATA,0,4787685
ygeX_predicted,0.05555555555555555,17,17,CCGGCCCCCGACATCTATGA,0,4788861
ygeX_predicted,0.05555555555555555,17,17,CCGCTTTAGAGGTGTGAAGG,0,4771329
ygeX_predicted,0.05555555555555555,17,17,CCGCTGCATTCTCCTCGAGA,0,4772084
ygeX_predicted,0.05555555555555555,17,17,CCCTCGTCAGGGCCTGGTAC,0,4769362
ygeX_predicted,0.05555555555555555,17,17,CCATTCGAGAGGTCGGGTGC,0,4773832
ygeX_predicted,0.05555555555555555,17,17,CATTAAGGCAATGATGCTGG,0,4785887
ygeX_predicted,0.05555555555555555,17,17,CATAGCATAGTGTCTGAGCA,0,4787730
ygeX_predicted,0.05555555555555555,17,17,CAGTAATCCGACCGGCGGGT,0,4769901
ygeX_predicted,0.05555555555555555,17,17,CAGCTTCTACAGACGGCTTC,0,4766987
ygeX_predicted,0.05555555555555555,17,17,CAGCAGACGTGCTCTGGCCT,0,4785349
ygeX_predicted,0.05555555555555555,17,17,CAACGGGAAATGATGTCCCA,0,4771821
ygeX_predicted,0.05555555555555555,17,17,CAAACAGATATACGTACGTT,0,4787555
ygeX_predicted,0.05555555555555555,17,17,ATTTAGGATGCGGTACCCCG,0,4779901
ygeX_predicted,0.05555555555555555,17,17,ATTGGCGTGTCTCTTTTACA,0,4782735
ygeX_predicted,0.05555555555555555,17,17,ATTGAGAGAGGTAGCGAGAA,0,4775793
ygeX_predicted,0.05555555555555555,17,17,ATTATGTTGGGGGTCGCCGT,0,4781819
ygeX_predicted,0.05555555555555555,17,17,ATGGACGTGTACTCCCTGCG,0,4791109
ygeX_predicted,0.05555555555555555,17,17,ATGGACCCATTGGTTACGAC,0,4781673
ygeX_predicted,0.05555555555555555,17,17,ATCTTTTGCCTGTTTTTGCG,0,4779026
ygeX_predicted,0.05555555555555555,17,17,ATCGCTATAGAATATACCAA,0,4787109
ygeX_predicted,0.05555555555555555,17,17,ATCCGCAGCAGGGCAATCAT,0,4781633
ygeX_predicted,0.05555555555555555,17,17,ATACGTCTCTAGATCGGTTC,0,4771655
ygeX_predicted,0.05555555555555555,17,17,ATAATGGGTAGGATTTTCAG,0,4793616
ygeX_predicted,0.05555555555555555,17,17,ATAAGTTTGGATGTCATCGA,0,4770144
ygeX_predicted,0.05555555555555555,17,17,ATAACACGAGTCGTACGGTA,0,4781679
ygeX_predicted,0.05555555555555555,17,17,AGGGGGGGATAATAGTTGCT,0,4781199
ygeX_predicted,0.05555555555555555,17,17,AGGAGAAAATTATCCTGCTT,0,4777773
ygeX_predicted,0.05555555555555555,17,17,AGCTGGGTTCGTTTTGTCTG,0,4781144
ygeX_predicted,0.05555555555555555,17,17,AGCAGAGACCATGGGGTAGC,0,4793745
ygeX_predicted,0.05555555555555555,17,17,AGATCAACAAACTACCAGTC,0,4790890
ygeX_predicted,0.05555555555555555,17,17,AGAGTCTGACGAATTGGTCT,0,4769238
ygeX_predicted,0.05555555555555555,17,17,AGAACCTACCAATTGAAAGT,0,4777263
ygeX_predicted,0.05555555555555555,17,17,ACTTCTTCCTTCGAACCGAT,0,4771508
ygeX_predicted,0.05555555555555555,17,17,ACTGTCCCGCATGGCCGATG,0,4786398
ygeX_predicted,0.05555555555555555,17,17,ACTGTATATCTATAGCCTCG,0,4770050
ygeX_predicted,0.05555555555555555,17,17,ACTGGTTCGTGATATCGACG,0,4775510
ygeX_predicted,0.05555555555555555,17,17,ACTCTCAGAGCTCTGTCTCC,0,4791158
ygeX_predicted,0.05555555555555555,17,17,ACTATCCGATCCCGTGCTTT,0,4785032
ygeX_predicted,0.05555555555555555,17,17,ACGCATACGAAGGACCATGT,0,4777794
ygeX_predicted,0.05555555555555555,17,17,ACGAGTTAATGATCACATTG,0,4782820
ygeX_predicted,0.05555555555555555,17,17,ACGACAGCGCCAATAGAGCA,0,4784443
ygeX_predicted,0.05555555555555555,17,17,ACCTAAGAATAACACTGTCC,0,4773645
ygeX_predicted,0.05555555555555555,17,17,ACCGCTTGGATGGATGGCAA,0,4789977
ygeX_predicted,0.05555555555555555,17,17,ACAGGTTGAAGGGGTAAGGT,0,4782245
ygeX_predicted,0.05555555555555555,17,17,ACAAATCGCCAAACTCCATT,0,4776501
ygeX_predicted,0.05555555555555555,17,17,AATGGATGAGGGTCGGTTGA,0,4782328
ygeX_predicted,0.05555555555555555,17,17,AATGATCGTACAAAATGCAT,0,4773477
ygeX_predicted,0.05555555555555555,17,17,AATCTGAATGATTTGCTATT,0,4770308
ygeX_predicted,0.05555555555555555,17,17,AAGTTGACTCAATCCTGAGG,0,4788850
ygeX_predicted,0.05555555555555555,17,17,AAGGAATCTTAGTACGTGGA,0,4788194
ygeX_predicted,0.05555555555555555,17,17,AAGGAACACGTAATCCTTCA,0,4776342
ygeX_predicted,0.05555555555555555,17,17,AAGCTGTGCAGACATGTCAC,0,4770254
ygeX_predicted,0.05555555555555555,17,17,AAGCTGTAAGATCCTGAGAG,0,4780941
ygeX_predicted,0.05555555555555555,17,17,AAGCGGTGTCAAAGTGAGGG,0,4780564
ygeX_predicted,0.05555555555555555,17,17,AAGCCAACGAGATGGTCTAG,0,4778584
ygeX_predicted,0.05555555555555555,17,17,AACTTCTGCACCAGGTTATG,0,4769047
ygeX_predicted,0.05555555555555555,17,17,AACTAGGTTATCGATCGGGA,0,4774941
ygeX_predicted,0.05555555555555555,17,17,AACTAGGTAGCGCTCGTGGA,0,4775744
ygeX_predicted,0.05555555555555555,17,17,AACGGAATTGATATGAGGTG,0,4779191
ygeX_predicted,0.05555555555555555,17,17,AACCAGGACATTTTCGCGGC,0,4774688
ygeX_predicted,0.05555555555555555,17,17,AACAAAGCCCAAACCTGTAA,0,4770385
ygeX_predicted,0.05555555555555555,17,17,AAACTGCCGCTGCACGATTT,0,4774550
ygeX_predicted,0.05555555555555555,17,17,AAACCAGAGCACTGCCACAT,0,4766734
ygeX_predicted,0.058823529411764705,16,16,TTTGGCAGAGAACCGCAGTC,0,4767921
ygeX_predicted,0.058823529411764705,16,16,TTTGCAGAGATACGGAACGT,0,4788137
ygeX_predicted,0.058823529411764705,16,16,TTTCGGCCGTTCCGACATCG,0,4774989
ygeX_predicted,0.058823529411764705,16,16,TTGCGTTTTAACGGTCCAAG,0,4785581
ygeX_predicted,0.058823529411764705,16,16,TTGAGTACACAAATATGTGG,0,4794600
ygeX_predicted,0.058823529411764705,16,16,TTCGTGCAAGAGGGCGGATA,0,4789041
ygeX_predicted,0.058823529411764705,16,16,TTCATGCGACACCTCTCACG,0,4781561
ygeX_predicted,0.058823529411764705,16,16,TTCAGCGGTACCGAGTCGGA,0,4786308
ygeX_predicted,0.058823529411764705,16,16,TTAGCGTCAGGTCCAGTTCG,0,4781490
ygeX_predicted,0.058823529411764705,16,16,TTAGCGTACTGCTGCCTTGG,0,4792941
ygeX_predicted,0.058823529411764705,16,16,TTACGTGCATGGTTCAGTAA,0,4769053
ygeX_predicted,0.058823529411764705,16,16,TTACGTAGGCCGCCGTTCGG,0,4773886
ygeX_predicted,0.058823529411764705,16,16,TTAACGCGGCATGCTTTCTC,0,4785327
ygeX_predicted,0.058823529411764705,16,16,TGTTGTCGTAAATTATTAAT,0,4778923
ygeX_predicted,0.058823529411764705,16,16,TGTCTTCGGGATATAAAGGC,0,4785480
ygeX_predicted,0.058823529411764705,16,16,TGGTCTACACGCGTACGTCA,0,4784042
ygeX_predicted,0.058823529411764705,16,16,TGGTCGTATCTAAGTAAAAG,0,4792093
ygeX_predicted,0.058823529411764705,16,16,TGGGGTACCTCTCACCGAAG,0,4778336
ygeX_predicted,0.058823529411764705,16,16,TGGCTGTTAGCGTGTGCAAA,0,4792730
ygeX_predicted,0.058823529411764705,16,16,TGCGTACTGGGCGCGTTACG,0,4790174
ygeX_predicted,0.058823529411764705,16,16,TGCAAGTCGGCGGGATCTGA,0,4776009
ygeX_predicted,0.058823529411764705,16,16,TGACTTTGGTTGGCGGAAAA,0,4767241
ygeX_predicted,0.058823529411764705,16,16,TGAAGCACCGCGACTCACTT,0,4777039
ygeX_predicted,0.058823529411764705,16,16,TGAAGAATATGTAGACTCAC,0,4775589
ygeX_predicted,0.058823529411764705,16,16,TCTTTAACCGACCAGACGCA,0,4774942
ygeX_predicted,0.058823529411764705,16,16,TCTCTGGCATGCACGTGAAG,0,4780827
ygeX_predicted,0.058823529411764705,16,16,TCTCCCATTCCCATATGATT,0,4785387
ygeX_predicted,0.058823529411764705,16,16,TCGTCCACCTGGCACGCTGT,0,4773132
ygeX_predicted,0.058823529411764705,16,16,TCGTAAAGCTCGGTTCGGCA,0,4792114
ygeX_predicted,0.058823529411764705,16,16,TCGGTGTTGCGTGTTTGCTT,0,4775135
ygeX_predicted,0.058823529411764705,16,16,TCGGGATGTATGGTGACGGG,0,4776228
ygeX_predicted,0.058823529411764705,16,16,TCGGCAAAGAACTTTCGCGA,0,4784319
ygeX_predicted,0.058823529411764705,16,16,TCGGATTCTTATCGGATAAC,0,4774363
ygeX_predicted,0.058823529411764705,16,16,TCGCTTGCTGGGTCTCGTGT,0,4788951
ygeX_predicted,0.058823529411764705,16,16,TCCCGTTCCTGGTACGGGTT,0,4774384
ygeX_predicted,0.058823529411764705,16,16,TCCATCTGGGCCTCTTACCC,0,4776537
ygeX_predicted,0.058823529411764705,16,16,TCAATCGTAAGGGAGGGTCA,0,4774990
ygeX_predicted,0.058823529411764705,16,16,TATCGGTCGGCCTGGAGGAG,0,4775337
ygeX_predicted,0.058823529411764705,16,16,TATCAGAACCGCTCATGGTG,0,4768053
ygeX_predicted,0.058823529411764705,16,16,TAGGACGGTTAGACTCCGTG,0,4773583
ygeX_predicted,0.058823529411764705,16,16,TAGCGTTAGCTATGGTGATC,0,4771296
ygeX_predicted,0.058823529411764705,16,16,TACTATGCACCCCGGCAGTA,0,4789145
ygeX_predicted,0.058823529411764705,16,16,TACCATATGCAAAGGGGCAA,0,4772459
ygeX_predicted,0.058823529411764705,16,16,TAATGGGACAAAAAGGTTCA,0,4769243
ygeX_predicted,0.058823529411764705,16,16,GTTTACAGTTTACACATCGC,0,4767775
ygeX_predicted,0.058823529411764705,16,16,GTTGGAGGGATCCACATATG,0,4783657
ygeX_predicted,0.058823529411764705,16,16,GTTAGCGTCTGGTCTGAGGA,0,4771883
ygeX_predicted,0.058823529411764705,16,16,GTGTGTATCTTAGTTAGATC,0,4767041
ygeX_predicted,0.058823529411764705,16,16,GTGTATGATGTGAAACAATA,0,4773888
ygeX_predicted,0.058823529411764705,16,16,GTGTACGTGCCGCTGGATAC,0,4779633
ygeX_predicted,0.058823529411764705,16,16,GTGGGGTCAAATCATTGTCA,0,4767895
ygeX_predicted,0.058823529411764705,16,16,GTGGAAAATTGTTATGTTGA,0,4785714
ygeX_predicted,0.058823529411764705,16,16,GTGCCGGATTAGTGCACTGT,0,4793159
ygeX_predicted,0.058823529411764705,16,16,GTGATCTCCGGGATACTAAT,0,4786458
ygeX_predicted,0.058823529411764705,16,16,GTCACCCGTGTTGCTAACGT,0,4770195
ygeX_predicted,0.058823529411764705,16,16,GTATTGGGTAGTCGAAATAG,0,4787120
ygeX_predicted,0.058823529411764705,16,16,GTAGGTGCATTTTGCATGCA,0,4771419
ygeX_predicted,0.058823529411764705,16,16,GTACCGGCTGTACTCGCCAC,0,4773664
ygeX_predicted,0.058823529411764705,16,16,GGTTTTCGGCAATGCCAGTA,0,4777122
ygeX_predicted,0.058823529411764705,16,16,GGTTGGGGTCATACCGAGGA,0,4778909
ygeX_predicted,0.058823529411764705,16,16,GGTTGCTTTCGCCCGACAAA,0,4779649
ygeX_predicted,0.058823529411764705,16,16,GGTTAGGACACGCATTGCGG,0,4780136
ygeX_predicted,0.058823529411764705,16,16,GGTTACCAGGTGTACTCGCA,0,4773087
ygeX_predicted,0.058823529411764705,16,16,GGTGGGGCATAAAATTAAAG,0,4793992
ygeX_predicted,0.058823529411764705,16,16,GGTGCTCCCGTTAACCCTAT,0,4778633
ygeX_predicted,0.058823529411764705,16,16,GGTGCAGCGTAGTCCGTACA,0,4771536
ygeX_predicted,0.058823529411764705,16,16,GGTATTTAGTTGGACGTTCT,0,4786807
ygeX_predicted,0.058823529411764705,16,16,GGGTGTACGCGTATGCGATT,0,4787567
ygeX_predicted,0.058823529411764705,16,16,GGGCGATTTGGGTCTTTTCG,0,4794106
ygeX_predicted,0.058823529411764705,16,16,GGCGGCTTAGCTTATCCTGA,0,4774521
ygeX_predicted,0.058823529411764705,16,16,GGAACCTTGTGGGCGGGCCA,0,4769588
ygeX_predicted,0.058823529411764705,16,16,GGAACCCTACAGACGGCTCA,0,4780154
ygeX_predicted,0.058823529411764705,16,16,GCTGCATCCATTTCGCAATT,0,4793770
ygeX_predicted,0.058823529411764705,16,16,GCTCTTCTGCAGGGGCCGAT,0,4769420
ygeX_predicted,0.058823529411764705,16,16,GCGTCATACGATCTTATGTT,0,4769595
ygeX_predicted,0.058823529411764705,16,16,GCGTACTTTAGCGTACCGGG,0,4778896
ygeX_predicted,0.058823529411764705,16,16,GCGGTCTGGCCGGCAAGAGT,0,4791246
ygeX_predicted,0.058823529411764705,16,16,GCGCGGTGTTGTACACCTTC,0,4783058
ygeX_predicted,0.058823529411764705,16,16,GCCTACCGGAGCATAGGCCT,0,4770355
ygeX_predicted,0.058823529411764705,16,16,GCCGGGCTACGTTGCTTGAG,0,4781684
ygeX_predicted,0.058823529411764705,16,16,GCCGATCACGCGTGAAGTGA,0,4794544
ygeX_predicted,0.058823529411764705,16,16,GCCGAAGACACCTTCATCGG,0,4784884
ygeX_predicted,0.058823529411764705,16,16,GCACGACCCCGCTCCCGGCT,0,4766865
ygeX_predicted,0.058823529411764705,16,16,GCACATCATTCGTGGTTCAG,0,4782281
ygeX_predicted,0.058823529411764705,16,16,GCAAGGCTTGCCATTCTCTG,0,4771451
ygeX_predicted,0.058823529411764705,16,16,GATTCCCGTTTCTAAATCAA,0,4790827
ygeX_predicted,0.058823529411764705,16,16,GATCTCGTTGGACAAACGAA,0,4794612
ygeX_predicted,0.058823529411764705,16,16,GAGTTCTTAGCCCAAGCGTA,0,4770826
ygeX_predicted,0.058823529411764705,16,16,GAGGGTTTATAGCAGCTGTG,0,4791959
ygeX_predicted,0.058823529411764705,16,16,GAGCAGTGTCGGTCGGCATT,0,4774562
ygeX_predicted,0.058823529411764705,16,16,GAATTTGAGATAGGGAGCTT,0,4772418
ygeX_predicted,0.058823529411764705,16,16,GAAGTCGGCCAAGACCCTTG,0,4776775
ygeX_predicted,0.058823529411764705,16,16,GAAGGCTTTTTTACATAATT,0,4784780
ygeX_predicted,0.058823529411764705,16,16,GAAACAGGTGTGATACCTAA,0,4787859
ygeX_predicted,0.058823529411764705,16,16,CTTTCCGCGGGCTATAAACA,0,4781101
ygeX_predicted,0.058823529411764705,16,16,CTTCAAGTTGGCATATAGTA,0,4793216
ygeX_predicted,0.058823529411764705,16,16,CTTCAAATGCTGAAATGAAA,0,4769236
ygeX_predicted,0.058823529411764705,16,16,CTGGGTTTGTCAACCAAAAG,0,4789757
ygeX_predicted,0.058823529411764705,16,16,CTGGCAGTTTGACGAGCATG,0,4790259
ygeX_predicted,0.058823529411764705,16,16,CTGCTCAGATGAAATAGAGG,0,4785744
ygeX_predicted,0.058823529411764705,16,16,CTGAAACGGATGCCCTCAGA,0,4773578
ygeX_predicted,0.058823529411764705,16,16,CTCTGACTGCATAGCCTGGC,0,4788122
ygeX_predicted,0.058823529411764705,16,16,CTCCTGATTATACGATCCGA,0,4772752
ygeX_predicted,0.058823529411764705,16,16,CTCCACTTATCTATAGGAGA,0,4786496
ygeX_predicted,0.058823529411764705,16,16,CTCATGCGAGGGGGAGCACG,0,4770859
ygeX_predicted,0.058823529411764705,16,16,CTAGGCAGCAGAAAGTCCTT,0,4790269
ygeX_predicted,0.058823529411764705,16,16,CTACTGGGGGCACGGCTGCT,0,4770873
ygeX_predicted,0.058823529411764705,16,16,CGTGGTATATGCGTGGATGG,0,4775690
ygeX_predicted,0.058823529411764705,16,16,CGTGGAACTCTCACTGTAGG,0,4787063
ygeX_predicted,0.058823529411764705,16,16,CGTGCACGACGGATCTCACT,0,4779308
ygeX_predicted,0.058823529411764705,16,16,CGGTTTTACGGGACAAGCAA,0,4769304
ygeX_predicted,0.058823529411764705,16,16,CGGTGTCCCGCCTAGAGTAA,0,4789812
ygeX_predicted,0.058823529411764705,16,16,CGGGCTATCCTTAGTACCCT,0,4788474
ygeX_predicted,0.058823529411764705,16,16,CGCTGTGTAAAAATCCTGAA,0,4787026
ygeX_predicted,0.058823529411764705,16,16,CGCGTACTCGACATATCATT,0,4770590
ygeX_predicted,0.058823529411764705,16,16,CGATGTGATTTTGGACCTGG,0,4785098
ygeX_predicted,0.058823529411764705,16,16,CGACTAGGTGGCGAGTAGGC,0,4792365
ygeX_predicted,0.058823529411764705,16,16,CGACGACCTTCGCCTGGGGG,0,4785907
ygeX_predicted,0.058823529411764705,16,16,CCTGTGACACGGGTCATTTG,0,4782955
ygeX_predicted,0.058823529411764705,16,16,CCTGAAAAGCCGGCATTCGT,0,4775125
ygeX_predicted,0.058823529411764705,16,16,CCTCTATTTGCTAATCCATC,0,4789620
ygeX_predicted,0.058823529411764705,16,16,CCTACGTAAGAAGTTAGACA,0,4787263
ygeX_predicted,0.058823529411764705,16,16,CCGTTTTATTCACGGGACTC,0,4783046
ygeX_predicted,0.058823529411764705,16,16,CCGTAGTACACTACGGACGC,0,4776582
ygeX_predicted,0.058823529411764705,16,16,CCGGACTGCAGTCCTGGTAA,0,4769938
ygeX_predicted,0.058823529411764705,16,16,CCGCCACAGGGGGTCGTACG,0,4776010
ygeX_predicted,0.058823529411764705,16,16,CCGAATAGTGTCTCGCCATC,0,4791228
ygeX_predicted,0.058823529411764705,16,16,CCCTCCCAGGAATAACAAAG,0,4792219
ygeX_predicted,0.058823529411764705,16,16,CCCCCTAAATACATGGATCT,0,4775250
ygeX_predicted,0.058823529411764705,16,16,CCCAGCTTAACGTGATTTGT,0,4791905
ygeX_predicted,0.058823529411764705,16,16,CCATTGAATTCTTACGTTAT,0,4794652
ygeX_predicted,0.058823529411764705,16,16,CCATTAGGTGGTACCTGCCG,0,4789326
ygeX_predicted,0.058823529411764705,16,16,CCAGGTTTACGGTAAGCATA,0,4770691
ygeX_predicted,0.058823529411764705,16,16,CCAGCATCCGTGTCAAATGG,0,4792418
ygeX_predicted,0.058823529411764705,16,16,CCAAGTCCTTGGCGGGAGCA,0,4786165
ygeX_predicted,0.058823529411764705,16,16,CATATAACTCACGGGCTGCT,0,4774608
ygeX_predicted,0.058823529411764705,16,16,CAGATTCCACCGCACGAACT,0,4789082
ygeX_predicted,0.058823529411764705,16,16,ATTTTCACCAAACCGGCACT,0,4782213
ygeX_predicted,0.058823529411764705,16,16,ATTGGGAAGCCGCGTATGCG,0,4774394
ygeX_predicted,0.058823529411764705,16,16,ATTAATCGGACATCTGGAAG,0,4766751
ygeX_predicted,0.058823529411764705,16,16,ATAGGGCTTATGGGAAATTT,0,4793661
ygeX_predicted,0.058823529411764705,16,16,ATAATGGGGAAACATTATGT,0,4767192
ygeX_predicted,0.058823529411764705,16,16,AGTTGTGCTACCAGTCCAAA,0,4771832
ygeX_predicted,0.058823529411764705,16,16,AGTGGAGGCACAAGTCCAAG,0,4771614
ygeX_predicted,0.058823529411764705,16,16,AGGTCTGTGACTACCCAAAT,0,4774152
ygeX_predicted,0.058823529411764705,16,16,AGGGTCTGTCCGTTCTTTTA,0,4781691
ygeX_predicted,0.058823529411764705,16,16,AGGGCTCGTGGACCTTTTGT,0,4783922
ygeX_predicted,0.058823529411764705,16,16,AGGCTTGCTAGAGCTAACAT,0,4779851
ygeX_predicted,0.058823529411764705,16,16,AGCTGCGGTGAGTAGGTGCG,0,4782075
ygeX_predicted,0.058823529411764705,16,16,AGCGCGCGGGGCGCCGCTAT,0,4772170
ygeX_predicted,0.058823529411764705,16,16,AGCCTAAGCTCTCACCTGGT,0,4786796
ygeX_predicted,0.058823529411764705,16,16,AGCAGCGTCTTGGATTAACA,0,4770821
ygeX_predicted,0.058823529411764705,16,16,AGAGTTTATGGTGCGGTCCG,0,4792274
ygeX_predicted,0.058823529411764705,16,16,AGAATGTGACCGGCAAGAAA,0,4780664
ygeX_predicted,0.058823529411764705,16,16,ACTGTGATGCTTTCCGCACA,0,4778808
ygeX_predicted,0.058823529411764705,16,16,ACTGGTGTTTCGCTACGTCA,0,4774189
ygeX_predicted,0.058823529411764705,16,16,ACTGACGTTCGATTGTCGCA,0,4790597
ygeX_predicted,0.058823529411764705,16,16,ACTAGATGTGATCATCGGCA,0,4768204
ygeX_predicted,0.058823529411764705,16,16,ACGGTGTAGCTGAGGCCCTT,0,4786693
ygeX_predicted,0.058823529411764705,16,16,ACGGGCTAACAGGTTTCCTT,0,4790349
ygeX_predicted,0.058823529411764705,16,16,ACGCGCGGCACATAAACCGT,0,4773328
ygeX_predicted,0.058823529411764705,16,16,ACGCCTAGTGACCATTGGGT,0,4792639
ygeX_predicted,0.058823529411764705,16,16,ACGAACTCGTAATCAATCCA,0,4794506
ygeX_predicted,0.058823529411764705,16,16,ACGAAACAGTAAAGGGCGCC,0,4773390
ygeX_predicted,0.058823529411764705,16,16,ACCGATTTTCATTGCCCTGA,0,4786374
ygeX_predicted,0.058823529411764705,16,16,ACATCCTGGGAGGTCTGGGA,0,4770803
ygeX_predicted,0.058823529411764705,16,16,AATTCCACCGGGTATCAGTG,0,4789566
ygeX_predicted,0.058823529411764705,16,16,AATGGTTTTGTATACCCATG,0,4767551
ygeX_predicted,0.058823529411764705,16,16,AAGGCCTTAGAAGCCTCGTA,0,4772294
ygeX_predicted,0.058823529411764705,16,16,AACGAGCTTATTAGTCGTCA,0,4770020
ygeX_predicted,0.058823529411764705,16,16,AACCAGTCACGACTGGTGCT,0,4780706
ygeX_predicted,0.058823529411764705,16,16,AAATACATCCCTGAGTCGAA,0,4767510
ygeX_predicted,0.0625,15,15,TTTTATCTCCATAATGACGG,0,4780844
ygeX_predicted,0.0625,15,15,TTTGCATGCAGGACTGCACT,0,4780280
ygeX_predicted,0.0625,15,15,TTTGATACGGGAAGTTCCTA,0,4779475
ygeX_predicted,0.0625,15,15,TTTGACCGGGACTTCTTCAG,0,4779117
ygeX_predicted,0.0625,15,15,TTTACCGTCTTAAACTCCGA,0,4776752
ygeX_predicted,0.0625,15,15,TTGTGGGGTAAAGTCTTTGA,0,4792251
ygeX_predicted,0.0625,15,15,TTGTCGTTGCGGTGTTAGCA,0,4788886
ygeX_predicted,0.0625,15,15,TTGGATAAACGTGAATAGAA,0,4794588
ygeX_predicted,0.0625,15,15,TTGCGTATATGCGCAGCTAA,0,4782773
ygeX_predicted,0.0625,15,15,TTGCCAAGTAAAGGACCGGA,0,4768318
ygeX_predicted,0.0625,15,15,TTGATGCCCCGGACGAACAA,0,4767038
ygeX_predicted,0.0625,15,15,TTGAATGACCAAGATGCGCC,0,4787575
ygeX_predicted,0.0625,15,15,TTCTTCGCCTCCCCCTGAAT,0,4792062
ygeX_predicted,0.0625,15,15,TTACGTCGCGTCCCGTTAAG,0,4777210
ygeX_predicted,0.0625,15,15,TGTTGGCGGGCATCAGCGTT,0,4767426
ygeX_predicted,0.0625,15,15,TGTTCGGGAGCCTAGGGCTG,0,4769949
ygeX_predicted,0.0625,15,15,TGTTACGGAGGACTGAGTCA,0,4784696
ygeX_predicted,0.0625,15,15,TGGTAGTCACGACCCAGTGC,0,4777353
ygeX_predicted,0.0625,15,15,TGGGTTTAGGCTGAGAGTAT,0,4789117
ygeX_predicted,0.0625,15,15,TGGCTGATGTCACCGTTTCA,0,4782228
ygeX_predicted,0.0625,15,15,TGGCGGGGGCTCCTATCGGT,0,4779120
ygeX_predicted,0.0625,15,15,TGCTGGAACTGTTAGAAAGA,0,4768553
ygeX_predicted,0.0625,15,15,TGCTCGGCAGTAGGGAGGTA,0,4786502
ygeX_predicted,0.0625,15,15,TGCTCCCATGCACGCAAATG,0,4781050
ygeX_predicted,0.0625,15,15,TGCGATATGTGGAGCTTGCG,0,4783232
ygeX_predicted,0.0625,15,15,TGCCTAGAATATGTCTGGCA,0,4782829
ygeX_predicted,0.0625,15,15,TGCATCCCGGCTTTTAATGT,0,4769346
ygeX_predicted,0.0625,15,15,TGCAACATTTGGATATAATA,0,4781198
ygeX_predicted,0.0625,15,15,TGAGATGGGACCCTGGTTAA,0,4778493
ygeX_predicted,0.0625,15,15,TGACAATGAAAACGGGCTTT,0,4776793
ygeX_predicted,0.0625,15,15,TGAATGTAATGCGATACTTC,0,4784247
ygeX_predicted,0.0625,15,15,TGAAAGACATGGATTTGGGG,0,4769416
ygeX_predicted,0.0625,15,15,TCTTGCGAAGTGTGCTGACG,0,4781608
ygeX_predicted,0.0625,15,15,TCTTAGGATCGATCTCCAAT,0,4786925
ygeX_predicted,0.0625,15,15,TCTCTTGCATGAAGTCATTT,0,4778271
ygeX_predicted,0.0625,15,15,TCTAGGCCCAACAGTAGTTA,0,4774224
ygeX_predicted,0.0625,15,15,TCTAGAACGATTGAATACCA,0,4785038
ygeX_predicted,0.0625,15,15,TCGTGCGATGCTGACGTAAA,0,4787664
ygeX_predicted,0.0625,15,15,TCGCGGTACGACCTAAGATC,0,4770716
ygeX_predicted,0.0625,15,15,TCGAATTGAACGTATGAATA,0,4780363
ygeX_predicted,0.0625,15,15,TCCGAAACACGCAGTGACAT,0,4771525
ygeX_predicted,0.0625,15,15,TCCCATGCTTCGTCGCCTTA,0,4771357
ygeX_predicted,0.0625,15,15,TCCATAAAAAGACGTACCGC,0,4791583
ygeX_predicted,0.0625,15,15,TCAGTCAGGTAAAGTATCCG,0,4778884
ygeX_predicted,0.0625,15,15,TCAGTATTCTCCTACAAACG,0,4787239
ygeX_predicted,0.0625,15,15,TCAATGGCACGGGGGATGGA,0,4767749
ygeX_predicted,0.0625,15,15,TCAAAACAGTTTGCTAAGGT,0,4783043
ygeX_predicted,0.0625,15,15,TATCGCCAGTGATATCCTAT,0,4768095
ygeX_predicted,0.0625,15,15,TATAGGGTGCCATGACCGTT,0,4785954
ygeX_predicted,0.0625,15,15,TATACGAGTGCATAGCTCCG,0,4781599
ygeX_predicted,0.0625,15,15,TAGGCTTATTTTGCTCGGTT,0,4776161
ygeX_predicted,0.0625,15,15,TAGCCACCAAGTAATACCGA,0,4784020
ygeX_predicted,0.0625,15,15,TAGCATATCACCAGCAGTGC,0,4780231
ygeX_predicted,0.0625,15,15,TAGCAGACGTCTGCGCCAAG,0,4784117
ygeX_predicted,0.0625,15,15,TACGTGGGACGGATGCACGG,0,4766762
ygeX_predicted,0.0625,15,15,TACGCTTCCGTGCACCGGAT,0,4791793
ygeX_predicted,0.0625,15,15,TACAGGGCGGCATTTCCACC,0,4787728
ygeX_predicted,0.0625,15,15,TAATATCTTGACGCACCTTG,0,4794800
ygeX_predicted,0.0625,15,15,TAAGGGGATCACTCCTCAAC,0,4767298
ygeX_predicted,0.0625,15,15,TAAACTCATTAGTTGATGAT,0,4778765
ygeX_predicted,0.0625,15,15,TAAAACTAATTGATTGACTC,0,4792949
ygeX_predicted,0.0625,15,15,TAAAAATCGACGTCAGGTTC,0,4788743
ygeX_predicted,0.0625,15,15,GTTGCGAGGGCTAGAACTCC,0,4779510
ygeX_predicted,0.0625,15,15,GTTACGAGGGGCACAAGGCG,0,4777743
ygeX_predicted,0.0625,15,15,GTGTGGTGCTAATCTTTGCA,0,4791450
ygeX_predicted,0.0625,15,15,GTGTCCTATGCCTCGCAGCG,0,4776680
ygeX_predicted,0.0625,15,15,GTGGTCCTCGGTAAGGGAGC,0,4774333
ygeX_predicted,0.0625,15,15,GTGGGACCTGATTCAAGGGT,0,4782792
ygeX_predicted,0.0625,15,15,GTGAATTATTTAGGGGACAG,0,4777561
ygeX_predicted,0.0625,15,15,GTCCTGTGACCACTTCTGAT,0,4784641
ygeX_predicted,0.0625,15,15,GTCCGTCCGTTATATCTCTA,0,4794274
ygeX_predicted,0.0625,15,15,GTCCGGCACTTCAACCTGTC,0,4766851
ygeX_predicted,0.0625,15,15,GTATCGGGCTGGAACAAAGT,0,4778572
ygeX_predicted,0.0625,15,15,GTAGTAAAGATCGTGGGAGT,0,4793715
ygeX_predicted,0.0625,15,15,GTAGGACCACACTTGTAAAT,0,4781862
ygeX_predicted,0.0625,15,15,GTAGCGCCAAAGGGCGGAGA,0,4792324
ygeX_predicted,0.0625,15,15,GTAGCCACAAGGAGGCTGAT,0,4781321
ygeX_predicted,0.0625,15,15,GTACAAGCCGGAGGATCAAA,0,4780203
ygeX_predicted,0.0625,15,15,GTAAGGCGTCGGAGACGGTT,0,4777047
ygeX_predicted,0.0625,15,15,GTAACTGGCAGTAGTGATAT,0,4784311
ygeX_predicted,0.0625,15,15,GGTTCTCGCTCGGCGGCCAA,0,4792939
ygeX_predicted,0.0625,15,15,GGTTATTCTCACAAGAGGGA,0,4776320
ygeX_predicted,0.0625,15,15,GGGTGGCTGCTCAGGGTCAG,0,4782344
ygeX_predicted,0.0625,15,15,GGGTGAAACACCATATCGTG,0,4785294
ygeX_predicted,0.0625,15,15,GGGACGTGAATAAGCGCCAT,0,4779980
ygeX_predicted,0.0625,15,15,GGAGTGCTGTCTTCAGAAGT,0,4783671
ygeX_predicted,0.0625,15,15,GGACAATATTCAGTTAACAT,0,4788298
ygeX_predicted,0.0625,15,15,GCTTTCGTATAGGATCAATT,0,4783428
ygeX_predicted,0.0625,15,15,GCTGTGTCAACGTGTTCCAA,0,4783951
ygeX_predicted,0.0625,15,15,GCTAACAGAGCTACCCGCCT,0,4776511
ygeX_predicted,0.0625,15,15,GCGGGATATAGGTTTGTAAT,0,4768657
ygeX_predicted,0.0625,15,15,GCGGCATGAATATAGTGTGG,0,4785095
ygeX_predicted,0.0625,15,15,GCGACCCTCTGCCTACTTCA,0,4769179
ygeX_predicted,0.0625,15,15,GCCTACCGAAGACGTATACG,0,4791930
ygeX_predicted,0.0625,15,15,GCCCCAGAGGTGTGTACGGC,0,4788734
ygeX_predicted,0.0625,15,15,GCATGGCGCAGTCAAGTCGT,0,4787764
ygeX_predicted,0.0625,15,15,GCACTGGGTACTTGACAATG,0,4778691
ygeX_predicted,0.0625,15,15,GCACTGGGCTAGGTTTTAAT,0,4769376
ygeX_predicted,0.0625,15,15,GCACATGGAGTGTATCCCAC,0,4771571
ygeX_predicted,0.0625,15,15,GCACATCCGGCATATAAGGT,0,4790257
ygeX_predicted,0.0625,15,15,GCAATGCGCGGCTTGTTTCA,0,4766880
ygeX_predicted,0.0625,15,15,GCAATCGGAACCATATGTCG,0,4774590
ygeX_predicted,0.0625,15,15,GATCATGAGGGCGGGCCAGG,0,4778084
ygeX_predicted,0.0625,15,15,GAGGTGCGGTGTTAAGATAC,0,4781350
ygeX_predicted,0.0625,15,15,GAGACTTCAACTTAAACCAC,0,4766711
ygeX_predicted,0.0625,15,15,GACTTGTTGCCTGTGCGGGG,0,4766878
ygeX_predicted,0.0625,15,15,GACTTGGCAGAGCATTAGTA,0,4783916
ygeX_predicted,0.0625,15,15,GACGTACTGGGCTCCGATTG,0,4770201
ygeX_predicted,0.0625,15,15,GACGGCAAACAAAACTCAAG,0,4786868
ygeX_predicted,0.0625,15,15,GACGCCTCCTCTGCCGTGTA,0,4784290
ygeX_predicted,0.0625,15,15,GACGACACTTGACTAAGTGA,0,4769660
ygeX_predicted,0.0625,15,15,GACAGCTGTAGTTAGTTCAC,0,4776091
ygeX_predicted,0.0625,15,15,GAATACCATCAGTAAGGGAT,0,4785336
ygeX_predicted,0.0625,15,15,GAAATCTGAAGCGCTCTGAG,0,4782958
ygeX_predicted,0.0625,15,15,CTTTTCTTAAAATGTAGAGG,0,4781395
ygeX_predicted,0.0625,15,15,CTTGCACGTATGTCTGAACG,0,4771043
ygeX_predicted,0.0625,15,15,CTTCGACCAACCGGTGAAAA,0,4784975
ygeX_predicted,0.0625,15,15,CTTACGACACGGTCGCCACG,0,4783993
ygeX_predicted,0.0625,15,15,CTGTAGCAATTGTCTTTCGG,0,4784270
ygeX_predicted,0.0625,15,15,CTGGGTAAACAGGATCGACT,0,4779100
ygeX_predicted,0.0625,15,15,CTGGCCTCAGAGCCCCTTCA,0,4792108
ygeX_predicted,0.0625,15,15,CTGCGCTAGGCTTCAAGAAC,0,4792349
ygeX_predicted,0.0625,15,15,CTGAGTCACCGAAATCCGTG,0,4788806
ygeX_predicted,0.0625,15,15,CTCTTAGTTGGAGACCACCT,0,4768065
ygeX_predicted,0.0625,15,15,CTCGGAAATGGGTAGAGGGA,0,4768731
ygeX_predicted,0.0625,15,15,CTACAATACGTTCACCTTCG,0,4793145
ygeX_predicted,0.0625,15,15,CGTTTTCATCGAATTCGGCA,0,4775458
ygeX_predicted,0.0625,15,15,CGTTATTGTCTCGCCTAAAG,0,4777328
ygeX_predicted,0.0625,15,15,CGTGGACCATGGCGAATAAC,0,4789755
ygeX_predicted,0.0625,15,15,CGTATTTGGCTCGTGTGGTC,0,4776572
ygeX_predicted,0.0625,15,15,CGTAGGTAGTATTCCGGCAA,0,4788879
ygeX_predicted,0.0625,15,15,CGGTCGGTACTACGACCGGC,0,4793718
ygeX_predicted,0.0625,15,15,CGGCATTCCTCGTCGCAGCG,0,4781416
ygeX_predicted,0.0625,15,15,CGCTTCTTAAATCTTTCCTA,0,4790599
ygeX_predicted,0.0625,15,15,CGCTCGTCAAACGACGGGGT,0,4767072
ygeX_predicted,0.0625,15,15,CGCTCACCCCTCGTTAAGCA,0,4779976
ygeX_predicted,0.0625,15,15,CGCTATTGGGCATCAATAAG,0,4785506
ygeX_predicted,0.0625,15,15,CGCGTATTAAAGGGGCCAGT,0,4772562
ygeX_predicted,0.0625,15,15,CGCGGAATTTAACGTTACAT,0,4767495
ygeX_predicted,0.0625,15,15,CGCCACTCCATGTTTAATCA,0,4769597
ygeX_predicted,0.0625,15,15,CGCATTCTGTGCGATTGTCC,0,4779114
ygeX_predicted,0.0625,15,15,CGCATGTTGTACGATCGATA,0,4769800
ygeX_predicted,0.0625,15,15,CGCACGTCACGTGTAGAGGT,0,4782162
ygeX_predicted,0.0625,15,15,CGATCGGGATTTGTACTTCT,0,4771418
ygeX_predicted,0.0625,15,15,CGAGCGCCACGAGTTCAATT,0,4773734
ygeX_predicted,0.0625,15,15,CCTTTCCTTCATTCGAGAAA,0,4768216
ygeX_predicted,0.0625,15,15,CCGCTGTCGAACATTGAGTT,0,4790687
ygeX_predicted,0.0625,15,15,CCGCGTCTTTGATAAGCTTA,0,4779263
ygeX_predicted,0.0625,15,15,CCGCCCGCTTGCGGGCGGTA,0,4792302
ygeX_predicted,0.0625,15,15,CCGCATCGGCCCCGGGTGAG,0,4781520
ygeX_predicted,0.0625,15,15,CCCGGTAACTGGCACCTAAG,0,4767484
ygeX_predicted,0.0625,15,15,CCCAATACTTCTAATAGAAC,0,4789076
ygeX_predicted,0.0625,15,15,CATAGCGAACTCAATAGGTT,0,4788002
ygeX_predicted,0.0625,15,15,CATACCGCAAGCATCTTCAA,0,4792209
ygeX_predicted,0.0625,15,15,CAGGCAATGCGTCTTATTAG,0,4769546
ygeX_predicted,0.0625,15,15,CAGGACGTTCATAGTATATG,0,4775771
ygeX_predicted,0.0625,15,15,CAGAGTAGGACTATAGTCTG,0,4786989
ygeX_predicted,0.0625,15,15,CACTGGTGTAATAAGGGGTA,0,4794063
ygeX_predicted,0.0625,15,15,CACGCAGCCGACGTTGGAAC,0,4772547
ygeX_predicted,0.0625,15,15,CACATGGGCAAACCGACGGC,0,4769672
ygeX_predicted,0.0625,15,15,CACATCCGTGGTTCAGAAAC,0,4774223
ygeX_predicted,0.0625,15,15,CAATAATGGGAGGGTCGCAT,0,4790530
ygeX_predicted,0.0625,15,15,CAAGTTTTCATTCGCCATTG,0,4777310
ygeX_predicted,0.0625,15,15,CAAGGGTATTCGCGATTATC,0,4776656
ygeX_predicted,0.0625,15,15,ATTTTATAACCACGACAGTG,0,4786305
ygeX_predicted,0.0625,15,15,ATTTCGGATTAAGGTGTCCG,0,4783849
ygeX_predicted,0.0625,15,15,ATTAATAGAAAGTGAAGGGC,0,4770017
ygeX_predicted,0.0625,15,15,ATGGTTACCCACTGTCCTAA,0,4781289
ygeX_predicted,0.0625,15,15,ATCGTATGCCTGAATCAACG,0,4770086
ygeX_predicted,0.0625,15,15,ATCGGGAAGTGTGTACAAAC,0,4770415
ygeX_predicted,0.0625,15,15,ATCGGAAGCTTCGTGAGCTA,0,4791568
ygeX_predicted,0.0625,15,15,ATCCCCGCCATAGATGCTAT,0,4790578
ygeX_predicted,0.0625,15,15,ATCAATTCGTTTTAGGAAGA,0,4779294
ygeX_predicted,0.0625,15,15,ATATTTTGTATCACGCGGAA,0,4768478
ygeX_predicted,0.0625,15,15,AGTTTTCTGCTTGGCGAGAT,0,4785626
ygeX_predicted,0.0625,15,15,AGTTTTCGCCGCATATGAGT,0,4775059
ygeX_predicted,0.0625,15,15,AGTTCCTCTAGCAGAACAGT,0,4781799
ygeX_predicted,0.0625,15,15,AGTCGCCTGTATAGAAAGCT,0,4784069
ygeX_predicted,0.0625,15,15,AGTCCCCGCGCCCAACAGTG,0,4783203
ygeX_predicted,0.0625,15,15,AGTCCCAGAACCTTTGGTAC,0,4785534
ygeX_predicted,0.0625,15,15,AGGTTTTATCCATACTTTGC,0,4775502
ygeX_predicted,0.0625,15,15,AGGTGTGCTAACAGCGACCT,0,4778014
ygeX_predicted,0.0625,15,15,AGGGGGAACAAGACTGACTT,0,4780273
ygeX_predicted,0.0625,15,15,AGGCATAGTCGATCTGATCT,0,4769909
ygeX_predicted,0.0625,15,15,AGCCAAATGAATTGGCCCCT,0,4790455
ygeX_predicted,0.0625,15,15,AGATTGGACCACCTATTCCA,0,4768167
ygeX_predicted,0.0625,15,15,AGAACTGGAAGCACCATGAA,0,4781831
ygeX_predicted,0.0625,15,15,AGAACAATATCGGCTTGTCA,0,4775202
ygeX_predicted,0.0625,15,15,ACTTACGTAGGACTTCGAGA,0,4784261
ygeX_predicted,0.0625,15,15,ACTGTGTTCTATACATTAGC,0,4767354
ygeX_predicted,0.0625,15,15,ACTGCTTCGGAACATGTCCC,0,4776340
ygeX_predicted,0.0625,15,15,ACTAGGTTTGCTTGGGATAT,0,4768402
ygeX_predicted,0.0625,15,15,ACGTGCATAGTAAACCATGA,0,4794209
ygeX_predicted,0.0625,15,15,ACGTATCTAGCTCACGTGCA,0,4792172
ygeX_predicted,0.0625,15,15,ACGGAATCTTAACACTGGTT,0,4780607
ygeX_predicted,0.0625,15,15,ACGAAACGAGCATCGATGGA,0,4773225
ygeX_predicted,0.0625,15,15,ACCGGTTTGATAATCGTGGA,0,4771634
ygeX_predicted,0.0625,15,15,ACCGCTATCACAAGTGGGTA,0,4771180
ygeX_predicted,0.0625,15,15,ACATTCACTATATCGGACTC,0,4767040
ygeX_predicted,0.0625,15,15,ACATTACAGCACTCCACGAG,0,4785657
ygeX_predicted,0.0625,15,15,ACAGTCTAACGGTAAGCTCC,0,4778611
ygeX_predicted,0.0625,15,15,ACACCACATCATTGGTCAGA,0,4781142
ygeX_predicted,0.0625,15,15,ACAAGACCTGCGCAAGACTG,0,4775953
ygeX_predicted,0.0625,15,15,ACAAATCATTGGTACGCGCA,0,4778303
ygeX_predicted,0.0625,15,15,AATTTGATCTTGTAGATAGA,0,4767949
ygeX_predicted,0.0625,15,15,AATTCAGGTCGAGGTAAGCT,0,4779319
ygeX_predicted,0.0625,15,15,AATGTGTCCTAACCACTCGA,0,4786285
ygeX_predicted,0.0625,15,15,AATCCTGAGTGTTTCTGTCA,0,4767345
ygeX_predicted,0.0625,15,15,AATCCGGGCTAGAGTGTTCA,0,4793736
ygeX_predicted,0.0625,15,15,AATATCTTGGTGTGATAGAT,0,4794208
ygeX_predicted,0.0625,15,15,AAGTACGGCAGTAGGACGAG,0,4787986
ygeX_predicted,0.0625,15,15,AAGGTCCGGGTCTTCTCGCC,0,4779435
ygeX_predicted,0.0625,15,15,AAGGTAATGGCTCTTGAGAC,0,4779826
ygeX_predicted,0.0625,15,15,AAGCTGTACAAGCATACTTG,0,4782959
ygeX_predicted,0.0625,15,15,AAGAGTTAGCGCTTGCTAGT,0,4785872
ygeX_predicted,0.0625,15,15,AAGAGCAATGACCCCACTCA,0,4767818
ygeX_predicted,0.0625,15,15,AACTAAGGATCCTATAGCGG,0,4769862
ygeX_predicted,0.0625,15,15,AACGATGTCCATGTCTTGGG,0,4775143
ygeX_predicted,0.0625,15,15,AACCCTTCAGGACCTATCGT,0,4792155
ygeX_predicted,0.0625,15,15,AACATAAAGACTTGTCTTCT,0,4789881
ygeX_predicted,0.0625,15,15,AACAATTCGTTCCAGGACGA,0,4775128
ygeX_predicted,0.0625,15,15,AAATCAGTAGCGGGATAGGC,0,4776144
ygeX_predicted,0.0625,15,15,AAATATGCGAACTTAATTGC,0,4778066
ygeX_predicted,0.0625,15,15,AAAGCATTTCATGTAGTAAT,0,4784349
ygeX_predicted,0.0625,15,15,AAAATGTCTATTTGGTCTAG,0,4781817
ygeX_predicted,0.06666666666666667,14,14,TTTCGTGATCGCAGTGATGG,0,4769486
ygeX_predicted,0.06666666666666667,14,14,TTTAGGCTTACAGGTACCAG,0,4792687
ygeX_predicted,0.06666666666666667,14,14,TTGTCTCGAGTGCCCGAACT,0,4779456
ygeX_predicted,0.06666666666666667,14,14,TTGGACAAATGCCCTGCAAA,0,4767748
ygeX_predicted,0.06666666666666667,14,14,TTGCAGTAATATTAATGGGG,0,4783278
ygeX_predicted,0.06666666666666667,14,14,TTGATTAGGCACTGATGTGA,0,4778829
ygeX_predicted,0.06666666666666667,14,14,TTCTTCACTATGAGCTAGGT,0,4787655
ygeX_predicted,0.06666666666666667,14,14,TTCTATCGCGGTCATCTGTA,0,4769107
ygeX_predicted,0.06666666666666667,14,14,TTCAGTGGTCGCACGCAAGG,0,4784155
ygeX_predicted,0.06666666666666667,14,14,TTATCCTCTTGCAAATAAAT,0,4770032
ygeX_predicted,0.06666666666666667,14,14,TTATAAGGACAGCATTGCAA,0,4788580
ygeX_predicted,0.06666666666666667,14,14,TTAGGACATCGCAATCGAGT,0,4770963
ygeX_predicted,0.06666666666666667,14,14,TTAATGTTAACCTCAATCAG,0,4787265
ygeX_predicted,0.06666666666666667,14,14,TTAAGTACATTGGAGAAAGA,0,4770054
ygeX_predicted,0.06666666666666667,14,14,TTAACAATAGGGGGGCGATT,0,4767916
ygeX_predicted,0.06666666666666667,14,14,TGTGGCGCCGCGGACCTCTC,0,4770725
ygeX_predicted,0.06666666666666667,14,14,TGTCAGCATCCACTGTCTTA,0,4794563
ygeX_predicted,0.06666666666666667,14,14,TGTACGGCCCTGTGAGAAGT,0,4791626
ygeX_predicted,0.06666666666666667,14,14,TGGGTGCCGATCTTGTTAAA,0,4785286
ygeX_predicted,0.06666666666666667,14,14,TGGGTCCACAAGATTGTGAA,0,4780774
ygeX_predicted,0.06666666666666667,14,14,TGGGGTTCACAGGTTTGACT,0,4770719
ygeX_predicted,0.06666666666666667,14,14,TGGGCTAATTCGGCGTACGG,0,4792574
ygeX_predicted,0.06666666666666667,14,14,TGGCGTTATCCATTCATGCT,0,4787107
ygeX_predicted,0.06666666666666667,14,14,TGGCGTAGACGCATTACTGT,0,4786032
ygeX_predicted,0.06666666666666667,14,14,TGGCCGAGTTCCTGCTGTTG,0,4791953
ygeX_predicted,0.06666666666666667,14,14,TGGACAGCGGGGTTCAAACT,0,4773323
ygeX_predicted,0.06666666666666667,14,14,TGGAATGCCGAAAACAGCAA,0,4780972
ygeX_predicted,0.06666666666666667,14,14,TGGAATCAAGGATGTAGCCT,0,4767998
ygeX_predicted,0.06666666666666667,14,14,TGATTCTTTTCTCTTGTTGT,0,4769674
ygeX_predicted,0.06666666666666667,14,14,TGACCGGACGTGGGTCCTGT,0,4782647
ygeX_predicted,0.06666666666666667,14,14,TGACCCTCCTCAAGGCCTTA,0,4792440
ygeX_predicted,0.06666666666666667,14,14,TGACAATCAATATAATGGTT,0,4777506
ygeX_predicted,0.06666666666666667,14,14,TGACAAGTTGCATAGTTCTG,0,4767632
ygeX_predicted,0.06666666666666667,14,14,TGAATAAAACTAATGCGGTC,0,4777720
ygeX_predicted,0.06666666666666667,14,14,TGAAAAGCGTTCTCAGATGT,0,4781256
ygeX_predicted,0.06666666666666667,14,14,TCTTCCAGATAGTGACTCTA,0,4768052
ygeX_predicted,0.06666666666666667,14,14,TCTGAGACGAGTAACACACC,0,4790301
ygeX_predicted,0.06666666666666667,14,14,TCTATGTCCCCGCACGCTTT,0,4791975
ygeX_predicted,0.06666666666666667,14,14,TCGCAGCTAGAGTCCATACG,0,4790835
ygeX_predicted,0.06666666666666667,14,14,TCCCACAGCGTCGTTCAACA,0,4770288
ygeX_predicted,0.06666666666666667,14,14,TCAGTTCCAGGGGTTATTCA,0,4782617
ygeX_predicted,0.06666666666666667,14,14,TCAGAGTAGGGCCGTCAACA,0,4792616
ygeX_predicted,0.06666666666666667,14,14,TCAAAATTTCAGTCAGCTAT,0,4774774
ygeX_predicted,0.06666666666666667,14,14,TAGGTAAAGCGGACCAGCGT,0,4772305
ygeX_predicted,0.06666666666666667,14,14,TAGACCGTAGGCGGGTCATG,0,4790581
ygeX_predicted,0.06666666666666667,14,14,TACTTGTCAGGGGCGTCTCA,0,4790473
ygeX_predicted,0.06666666666666667,14,14,TACTTGGAATATAACCGACT,0,4777910
ygeX_predicted,0.06666666666666667,14,14,TACGATTGGTTTGATTATAT,0,4767956
ygeX_predicted,0.06666666666666667,14,14,TACCAGCGGCCCGTATAGTA,0,4790594
ygeX_predicted,0.06666666666666667,14,14,TAATGGAATTGGTCAAGGCA,0,4778394
ygeX_predicted,0.06666666666666667,14,14,TAAGTTGGTTTCTTAACGAG,0,4773892
ygeX_predicted,0.06666666666666667,14,14,TAAGGTATACATCATGTCCA,0,4772258
ygeX_predicted,0.06666666666666667,14,14,TAAGGCGAATTAGACACCTC,0,4777862
ygeX_predicted,0.06666666666666667,14,14,TAACTGCTGGCGTTGTGTAC,0,4780103
ygeX_predicted,0.06666666666666667,14,14,TAACGAAGGCGATCATCTTA,0,4776515
ygeX_predicted,0.06666666666666667,14,14,GTTTACAGCTTCATCTGAAT,0,4779310
ygeX_predicted,0.06666666666666667,14,14,GTTGCGTTTGCCCTGTCTAC,0,4776971
ygeX_predicted,0.06666666666666667,14,14,GTTGAGCACCTGATACGAAA,0,4776774
ygeX_predicted,0.06666666666666667,14,14,GTTCTTGGCGTTTTACGGAG,0,4777641
ygeX_predicted,0.06666666666666667,14,14,GTTCAGAGTTTAGGCGTTCT,0,4782494
ygeX_predicted,0.06666666666666667,14,14,GTTAAGCACGCTGCGGAAGG,0,4786336
ygeX_predicted,0.06666666666666667,14,14,GTGTGAACCTGAGTAATTTT,0,4775063
ygeX_predicted,0.06666666666666667,14,14,GTGTATGTGCGCCGCGCAGC,0,4785482
ygeX_predicted,0.06666666666666667,14,14,GTGGAGGACCCTAGGACTCT,0,4782582
ygeX_predicted,0.06666666666666667,14,14,GTGCTGGTGTATGGCACGTA,0,4775798
ygeX_predicted,0.06666666666666667,14,14,GTGCGTCCAAACTGTCTCAT,0,4779342
ygeX_predicted,0.06666666666666667,14,14,GTGACTGCGGGGTATGTGTA,0,4780800
ygeX_predicted,0.06666666666666667,14,14,GTCGTCGTTGAGAATTTGAG,0,4774186
ygeX_predicted,0.06666666666666667,14,14,GTCCGGCGCCCACCAGCATG,0,4782535
ygeX_predicted,0.06666666666666667,14,14,GTACCAAGACATATCGGGGA,0,4782723
ygeX_predicted,0.06666666666666667,14,14,GTACAGTGCGAATGTCCCTT,0,4787882
ygeX_predicted,0.06666666666666667,14,14,GTAAGGTAGATATCACTCCA,0,4785808
ygeX_predicted,0.06666666666666667,14,14,GGTTTGTTTAAACTCCAGTG,0,4789896
ygeX_predicted,0.06666666666666667,14,14,GGTCCCTGTGCGTTCTAAGT,0,4783387
ygeX_predicted,0.06666666666666667,14,14,GGTCATTCTATTCCCCCGAG,0,4773652
ygeX_predicted,0.06666666666666667,14,14,GGGTCGGGTTGAATGCTTGT,0,4785532
ygeX_predicted,0.06666666666666667,14,14,GGCTGCGCAACTATAATGGG,0,4767531
ygeX_predicted,0.06666666666666667,14,14,GGCGGGCTGCTCAAACTGGT,0,4780905
ygeX_predicted,0.06666666666666667,14,14,GGCATACTCTTAATCAAGGC,0,4778384
ygeX_predicted,0.06666666666666667,14,14,GGCAGGTAAGAAGCACTTTA,0,4767265
ygeX_predicted,0.06666666666666667,14,14,GGCACTTGGTCAGCCAAGAC,0,4768595
ygeX_predicted,0.06666666666666667,14,14,GGAGCCGAGTACCCGTCGAG,0,4787214
ygeX_predicted,0.06666666666666667,14,14,GGACCAGCCACCGACTCCAA,0,4776577
ygeX_predicted,0.06666666666666667,14,14,GGAAGAGGCTGCATAAAGAA,0,4784639
ygeX_predicted,0.06666666666666667,14,14,GCTTCTCTCCGCATATCTTC,0,4783476
ygeX_predicted,0.06666666666666667,14,14,GCTTCACTGGGTGCTCTATA,0,4780591
ygeX_predicted,0.06666666666666667,14,14,GCGTAAGATAACTCTAAGTA,0,4790399
ygeX_predicted,0.06666666666666667,14,14,GCGAATGGTCACTAAACCAG,0,4791840
ygeX_predicted,0.06666666666666667,14,14,GCGAATGGGATGGAAAACCC,0,4793945
ygeX_predicted,0.06666666666666667,14,14,GCCTGAGTGACAAAATACAT,0,4778931
ygeX_predicted,0.06666666666666667,14,14,GCCGCAGGAAAACAACGTTC,0,4784377
ygeX_predicted,0.06666666666666667,14,14,GCCCTTGCAAGTCTCCTCAC,0,4773220
ygeX_predicted,0.06666666666666667,14,14,GCCCTCATCATGACGTCTTA,0,4769111
ygeX_predicted,0.06666666666666667,14,14,GCCCATGCTACAGATTTTTT,0,4781284
ygeX_predicted,0.06666666666666667,14,14,GCATTGACGGTTTATTTTAT,0,4793259
ygeX_predicted,0.06666666666666667,14,14,GCAGGACACCATCTCATATA,0,4784056
ygeX_predicted,0.06666666666666667,14,14,GCAGACGTTGGGAGGACGAT,0,4778788
ygeX_predicted,0.06666666666666667,14,14,GCACGGAATGGCCCGCCACG,0,4782493
ygeX_predicted,0.06666666666666667,14,14,GCAATGTGCCTGCACTCGCA,0,4787173
ygeX_predicted,0.06666666666666667,14,14,GATTCGCCGCTATGCTAAGG,0,4780408
ygeX_predicted,0.06666666666666667,14,14,GAGTGGGATTTTCGGGTTTA,0,4781268
ygeX_predicted,0.06666666666666667,14,14,GAGCGGTTATAGGAGCTCCT,0,4767014
ygeX_predicted,0.06666666666666667,14,14,GAGAGTACGAAGGACGACGC,0,4785326
ygeX_predicted,0.06666666666666667,14,14,GACTAAGTTGCAGCTTGTTT,0,4784141
ygeX_predicted,0.06666666666666667,14,14,GACCGATACTCAGATGGGCA,0,4767021
ygeX_predicted,0.06666666666666667,14,14,GACACCGACGTTCAGGGGTG,0,4794242
ygeX_predicted,0.06666666666666667,14,14,GAATGACCCGAATGATCGGT,0,4793247
ygeX_predicted,0.06666666666666667,14,14,GAAGTTTCAATGTGTAGGCA,0,4786532
ygeX_predicted,0.06666666666666667,14,14,GAACAGGCGCTTCAATCTCT,0,4790568
ygeX_predicted,0.06666666666666667,14,14,GAAAACGTGGGAGAAAAACG,0,4789383
ygeX_predicted,0.06666666666666667,14,14,CTTTGTTCCGGAGGTCATTG,0,4784808
ygeX_predicted,0.06666666666666667,14,14,CTTTCGTGGAAGGCACTCCT,0,4788947
ygeX_predicted,0.06666666666666667,14,14,CTTGTTCTAGAGAACGGGTT,0,4786476
ygeX_predicted,0.06666666666666667,14,14,CTTAATGATGGGGGTCATTG,0,4776335
ygeX_predicted,0.06666666666666667,14,14,CTGGATCAGAAAATGTTTGG,0,4769635
ygeX_predicted,0.06666666666666667,14,14,CTGGAATTCTACTGAATCGA,0,4790817
ygeX_predicted,0.06666666666666667,14,14,CTGCGTGTCACGCGCTCAAT,0,4780417
ygeX_predicted,0.06666666666666667,14,14,CTCTATGCCATTGTGCCTAC,0,4783605
ygeX_predicted,0.06666666666666667,14,14,CTCGGGATGACGCGGCCACA,0,4771841
ygeX_predicted,0.06666666666666667,14,14,CTATTACTGCGAACAAGCGT,0,4791434
ygeX_predicted,0.06666666666666667,14,14,CTATATAGGCATCGAACGGT,0,4791499
ygeX_predicted,0.06666666666666667,14,14,CTAGGATTTCCTCCTTTCCC,0,4769110
ygeX_predicted,0.06666666666666667,14,14,CTACCTATTCAAGTGTACAT,0,4779480
ygeX_predicted,0.06666666666666667,14,14,CTAAAAGGTGCCTGTTATAG,0,4780722
ygeX_predicted,0.06666666666666667,14,14,CGTCGGGGCACTTGTTGGTG,0,4776674
ygeX_predicted,0.06666666666666667,14,14,CGTATGTTTCTCTCAGCTTT,0,4791263
ygeX_predicted,0.06666666666666667,14,14,CGTAGGTCATCGCGACGCGC,0,4778113
ygeX_predicted,0.06666666666666667,14,14,CGTAAGTATGAGGAACGTAT,0,4790684
ygeX_predicted,0.06666666666666667,14,14,CGTAACTTCGTATCTAGATG,0,4769945
ygeX_predicted,0.06666666666666667,14,14,CGGTCTGCTCAGGTCCTGTC,0,4772014
ygeX_predicted,0.06666666666666667,14,14,CGGGGACCCGCCCAAGCAGA,0,4784749
ygeX_predicted,0.06666666666666667,14,14,CGGCTGTGGTCTCCTTGTGG,0,4773791
ygeX_predicted,0.06666666666666667,14,14,CGGATATGGACGAGGGAATT,0,4781519
ygeX_predicted,0.06666666666666667,14,14,CGGACGGTGTGTGATAGTTC,0,4788067
ygeX_predicted,0.06666666666666667,14,14,CGGACATTGAGTAGGGTTAT,0,4769344
ygeX_predicted,0.06666666666666667,14,14,CGCTGCGAGCGTAGCTTATA,0,4774383
ygeX_predicted,0.06666666666666667,14,14,CGCTCCATTGGTAACCGATT,0,4779104
ygeX_predicted,0.06666666666666667,14,14,CGCGGTCCATAGAGAGGATA,0,4791644
ygeX_predicted,0.06666666666666667,14,14,CGCCCGTTCCAGTCCAACTG,0,4779419
ygeX_predicted,0.06666666666666667,14,14,CGCCAGACGTGTAGACAAGT,0,4775465
ygeX_predicted,0.06666666666666667,14,14,CGCAAGGCCGCCCCGATGTT,0,4767319
ygeX_predicted,0.06666666666666667,14,14,CGATCATCGTCCGTACTTAC,0,4769004
ygeX_predicted,0.06666666666666667,14,14,CCTGGTTTGGGGTGCTCTTA,0,4768792
ygeX_predicted,0.06666666666666667,14,14,CCTCGCTACGAGCCATAGGA,0,4777774
ygeX_predicted,0.06666666666666667,14,14,CCTATCCTCCACACGGATCC,0,4775027
ygeX_predicted,0.06666666666666667,14,14,CCTAAGTATAATGCAGGGGA,0,4775305
ygeX_predicted,0.06666666666666667,14,14,CCGTGGGAATTCAGTTGGGT,0,4786671
ygeX_predicted,0.06666666666666667,14,14,CCGGTATGATGTACTAGAGA,0,4785370
ygeX_predicted,0.06666666666666667,14,14,CCGGGATAAAGCTGTCACAC,0,4784471
ygeX_predicted,0.06666666666666667,14,14,CCGATTAATTGACGCATTTA,0,4781196
ygeX_predicted,0.06666666666666667,14,14,CCGACTCCGAAGAGTAGCAG,0,4774103
ygeX_predicted,0.06666666666666667,14,14,CCCTTGACAGAAAAAGACAA,0,4780468
ygeX_predicted,0.06666666666666667,14,14,CCCAGAGCGGTGCGTGTATG,0,4780682
ygeX_predicted,0.06666666666666667,14,14,CCATGACTGAGCAAGGAGCG,0,4770431
ygeX_predicted,0.06666666666666667,14,14,CCAGCTACGGACCTTCTCAT,0,4766866
ygeX_predicted,0.06666666666666667,14,14,CCACTTGGCCAGTAGCATCT,0,4789054
ygeX_predicted,0.06666666666666667,14,14,CATGACTGGACCGAAGCGGG,0,4773816
ygeX_predicted,0.06666666666666667,14,14,CATATAAATAGATAAAGGTT,0,4787679
ygeX_predicted,0.06666666666666667,14,14,CATAATGTTATTTAGCAAGT,0,4782253
ygeX_predicted,0.06666666666666667,14,14,CAGGCGGTCGTGGAGAGGGA,0,4783421
ygeX_predicted,0.06666666666666667,14,14,CACTCTGCTCAGCCTCGGCT,0,4793448
ygeX_predicted,0.06666666666666667,14,14,CACGCCATTCGTCAGTACTT,0,4790546
ygeX_predicted,0.06666666666666667,14,14,CACATCCGGTCCTCAGAACT,0,4787708
ygeX_predicted,0.06666666666666667,14,14,CAATGGACTTAAGACGTGAA,0,4774629
ygeX_predicted,0.06666666666666667,14,14,CAATACCCGAAAAATGGGAC,0,4789925
ygeX_predicted,0.06666666666666667,14,14,CAACAGTCTAATCATCCCAC,0,4784365
ygeX_predicted,0.06666666666666667,14,14,CAAAGGACGGACGTTAGAGT,0,4772951
ygeX_predicted,0.06666666666666667,14,14,CAAACCGAATGCGGCCTATG,0,4773845
ygeX_predicted,0.06666666666666667,14,14,CAAAAGCCAGAATTTACCAG,0,4777052
ygeX_predicted,0.06666666666666667,14,14,ATTTGTGAAACCGCGGAAGA,0,4790118
ygeX_predicted,0.06666666666666667,14,14,ATTCCACGCCAAAGATAAGT,0,4772928
ygeX_predicted,0.06666666666666667,14,14,ATGTAACACTCGGCATTCGA,0,4784425
ygeX_predicted,0.06666666666666667,14,14,ATGGTGGTCCTCGCAGTTCA,0,4776843
ygeX_predicted,0.06666666666666667,14,14,ATGATCTGTGGCTGGGGTTG,0,4777097
ygeX_predicted,0.06666666666666667,14,14,ATCCCGCATATGACTGTCTA,0,4794777
ygeX_predicted,0.06666666666666667,14,14,ATATGGATATGCCACAGAAT,0,4768062
ygeX_predicted,0.06666666666666667,14,14,ATATCTCACCGCTATCGGTA,0,4782687
ygeX_predicted,0.06666666666666667,14,14,ATACTGGTGGAACTCAGTAT,0,4789712
ygeX_predicted,0.06666666666666667,14,14,ATACTAAAAGTTAGCCACTC,0,4767503
ygeX_predicted,0.06666666666666667,14,14,ATACCAATCTTTTGGGGATA,0,4792887
ygeX_predicted,0.06666666666666667,14,14,ATAAGTTCACGGGGTCAGGT,0,4780364
ygeX_predicted,0.06666666666666667,14,14,ATAAGGTTCACTATTGAAAA,0,4773818
ygeX_predicted,0.06666666666666667,14,14,ATAAGGATGGTATGAGGGAA,0,4770298
ygeX_predicted,0.06666666666666667,14,14,ATAACAGCATATTTCCTGCA,0,4781073
ygeX_predicted,0.06666666666666667,14,14,ATAAAATGCCGCAGAGCAGA,0,4778010
ygeX_predicted,0.06666666666666667,14,14,AGTCGTGGAGGCAACCTTAA,0,4793078
ygeX_predicted,0.06666666666666667,14,14,AGTCAGAGCAATATATATAC,0,4772593
ygeX_predicted,0.06666666666666667,14,14,AGTATTATTCATATACGGTC,0,4770977
ygeX_predicted,0.06666666666666667,14,14,AGGTCAGGGGCTCCTCGAAC,0,4781569
ygeX_predicted,0.06666666666666667,14,14,AGGTATTCCTTAGCTCACGA,0,4789700
ygeX_predicted,0.06666666666666667,14,14,AGGGACCTCGTCGAAATAGT,0,4792144
ygeX_predicted,0.06666666666666667,14,14,AGGCTCACCAAAAGATTGTA,0,4774173
ygeX_predicted,0.06666666666666667,14,14,AGGCAATAGGTTGGTCCGCA,0,4789695
ygeX_predicted,0.06666666666666667,14,14,AGGACGATCTGCGCACCGGT,0,4785287
ygeX_predicted,0.06666666666666667,14,14,AGCGGGGTACTGATAAAAGA,0,4778578
ygeX_predicted,0.06666666666666667,14,14,AGCCTTAAAAGGCGGGCATA,0,4792706
ygeX_predicted,0.06666666666666667,14,14,AGATTGAACTCAGTTGGAAT,0,4777243
ygeX_predicted,0.06666666666666667,14,14,AGACGGACCGGCTGAGTCCT,0,4782173
ygeX_predicted,0.06666666666666667,14,14,AGACACTCCAAAAGCGCACC,0,4779715
ygeX_predicted,0.06666666666666667,14,14,ACTTTTGAGACCCACGAGTG,0,4785417
ygeX_predicted,0.06666666666666667,14,14,ACTTTCACTACACTACCCGT,0,4792304
ygeX_predicted,0.06666666666666667,14,14,ACTTGTTGTAGATGGTCAAC,0,4773966
ygeX_predicted,0.06666666666666667,14,14,ACTTCTTATGGGGTCGTAAG,0,4769899
ygeX_predicted,0.06666666666666667,14,14,ACTGGGGTCCATATGCCGCG,0,4792709
ygeX_predicted,0.06666666666666667,14,14,ACGTTCTGCCAAGCAAATGC,0,4793841
ygeX_predicted,0.06666666666666667,14,14,ACGCTATCCAGTTCAAATTA,0,4775083
ygeX_predicted,0.06666666666666667,14,14,ACGAGAGAAGCATCTAACGA,0,4784222
ygeX_predicted,0.06666666666666667,14,14,ACCAAGGAGAAAGTGCTATG,0,4774347
ygeX_predicted,0.06666666666666667,14,14,ACCAAAGTCCTGAAGTTCTA,0,4777530
ygeX_predicted,0.06666666666666667,14,14,ACATTTATTAGAAGCTTCAC,0,4785239
ygeX_predicted,0.06666666666666667,14,14,ACATGTATATCCCGATTTTT,0,4780426
ygeX_predicted,0.06666666666666667,14,14,ACAGAGCGGCGCCTGACTGC,0,4785194
ygeX_predicted,0.06666666666666667,14,14,ACAAGTGCACCGGCTAAAAC,0,4789940
ygeX_predicted,0.06666666666666667,14,14,ACAACCGGTCATTCCAGGTA,0,4775275
ygeX_predicted,0.06666666666666667,14,14,AATAAACCGCTCCGAACCAA,0,4772339
ygeX_predicted,0.06666666666666667,14,14,AAGTCCGGAGTTACTTCGCT,0,4767302
ygeX_predicted,0.06666666666666667,14,14,AAGTATCACAGACGTCTTTA,0,4790580
ygeX_predicted,0.06666666666666667,14,14,AAGTACTATGCAAGTCTGGC,0,4792562
ygeX_predicted,0.06666666666666667,14,14,AAGGCCCAAAATGGTTTGTC,0,4787271
ygeX_predicted,0.06666666666666667,14,14,AAGCATCCATCAGGAAGGAC,0,4780226
ygeX_predicted,0.06666666666666667,14,14,AAGATATTGCCGTAGAGTAC,0,4781702
ygeX_predicted,0.06666666666666667,14,14,AACGAAATTGGATATCCTAT,0,4787861
ygeX_predicted,0.06666666666666667,14,14,AACCCTACGGTTTACATCAC,0,4771568
ygeX_predicted,0.06666666666666667,14,14,AACAAAGGGGCGGTAGCAGT,0,4774638
ygeX_predicted,0.06666666666666667,14,14,AAACATTAGGAGATTTGACA,0,4768426
ygeX_predicted,0.06666666666666667,14,14,AAAATTGGCTTCAGGCCCAG,0,4770874
ygeX_predicted,0.06666666666666667,14,14,AAAATCCTGCGGGGTATTCG,0,4769191
ygeX_predicted,0.07142857142857142,13,13,TTTTTAAACTTGCTATTCGG,0,4776173
ygeX_predicted,0.07142857142857142,13,13,TTTTGCACAAGTATCGGCCT,0,4783303
ygeX_predicted,0.07142857142857142,13,13,TTTTAGCCTAAGTTTCCCAA,0,4785548
ygeX_predicted,0.07142857142857142,13,13,TTTGTGTACACCGATGCGGT,0,4787569
ygeX_predicted,0.07142857142857142,13,13,TTGTGGAATCACGGAAAGGT,0,4784134
ygeX_predicted,0.07142857142857142,13,13,TTGTGCGTCACCACCTGCAG,0,4780008
ygeX_predicted,0.07142857142857142,13,13,TTGACGCATTTTAGGGGTTA,0,4785392
ygeX_predicted,0.07142857142857142,13,13,TTGACAACACCGTTGGCGAT,0,4790962
ygeX_predicted,0.07142857142857142,13,13,TTCGCGCTCCGTGTCGGTCG,0,4772129
ygeX_predicted,0.07142857142857142,13,13,TTATGTCCTGTAATCATACT,0,4782925
ygeX_predicted,0.07142857142857142,13,13,TTATAGCAGTCACACATTAG,0,4777622
ygeX_predicted,0.07142857142857142,13,13,TGTGGTGCAAAGGTAATCGC,0,4784949
ygeX_predicted,0.07142857142857142,13,13,TGTATACAACAGATCGGACG,0,4785221
ygeX_predicted,0.07142857142857142,13,13,TGTACGAGGTTCTCAGTGTA,0,4787389
ygeX_predicted,0.07142857142857142,13,13,TGGGAAATAATTCTGGGTAT,0,4783064
ygeX_predicted,0.07142857142857142,13,13,TGGGAAAAGGCAAATCCGTA,0,4792759
ygeX_predicted,0.07142857142857142,13,13,TGACTATTGCTTCGTTGAGC,0,4768698
ygeX_predicted,0.07142857142857142,13,13,TGACGGCTCTAATCTAGGTC,0,4778693
ygeX_predicted,0.07142857142857142,13,13,TCTTTTCCAAGGGGCACGTC,0,4769671
ygeX_predicted,0.07142857142857142,13,13,TCTTTGGATGCGAGTTGACC,0,4768863
ygeX_predicted,0.07142857142857142,13,13,TCTGGCAAATTATGTGTTTT,0,4784348
ygeX_predicted,0.07142857142857142,13,13,TCTAACCTAGAGTATATTAG,0,4783441
ygeX_predicted,0.07142857142857142,13,13,TCGTGGGATTACCGTAGCAG,0,4772306
ygeX_predicted,0.07142857142857142,13,13,TCGCGAACAGCCCGAACGGC,0,4778917
ygeX_predicted,0.07142857142857142,13,13,TCCTTGAGTACGGAATCAAC,0,4779248
ygeX_predicted,0.07142857142857142,13,13,TCCGATGGTCACAGACAACC,0,4770083
ygeX_predicted,0.07142857142857142,13,13,TCCGATCCGGAAATTCTCTA,0,4785846
ygeX_predicted,0.07142857142857142,13,13,TCCCAGGACGGACCACCTGC,0,4769403
ygeX_predicted,0.07142857142857142,13,13,TCCAACTTCGGTTTATTTGC,0,4772975
ygeX_predicted,0.07142857142857142,13,13,TCATACCCTCCCGTGTTTGT,0,4778289
ygeX_predicted,0.07142857142857142,13,13,TCATAACTTACTAAAGCATC,0,4786870
ygeX_predicted,0.07142857142857142,13,13,TCAGCCTAATGCCGCCGGGA,0,4784366
ygeX_predicted,0.07142857142857142,13,13,TCAGCCCCAGGAGGGTCGTC,0,4786771
ygeX_predicted,0.07142857142857142,13,13,TCACCTAGGAAGTCAAAACC,0,4768251
ygeX_predicted,0.07142857142857142,13,13,TATTTCCTAATGAGCGGCCT,0,4778104
ygeX_predicted,0.07142857142857142,13,13,TATGGCAGATGTACGTGTGG,0,4786909
ygeX_predicted,0.07142857142857142,13,13,TATCCATGGTCAAACTAACG,0,4792722
ygeX_predicted,0.07142857142857142,13,13,TAGAGAGGGGTGTCCTCCAT,0,4775640
ygeX_predicted,0.07142857142857142,13,13,TACGCGGCCCCCGTTTCGCA,0,4773998
ygeX_predicted,0.07142857142857142,13,13,TACGCATCCGCAAGATACAC,0,4791049
ygeX_predicted,0.07142857142857142,13,13,TACGATACGTGCCCCAAAGT,0,4779547
ygeX_predicted,0.07142857142857142,13,13,TACCCACTTGCACCGTGGAT,0,4776026
ygeX_predicted,0.07142857142857142,13,13,TACCATCAAGCGATGATCGC,0,4782234
ygeX_predicted,0.07142857142857142,13,13,TAATACTAGGTTTTCCTCGT,0,4778182
ygeX_predicted,0.07142857142857142,13,13,TAAGAGTTCGGCCGGTTCAA,0,4788419
ygeX_predicted,0.07142857142857142,13,13,TAAAAAACGACTTAGACACT,0,4793688
ygeX_predicted,0.07142857142857142,13,13,GTTTCGTTATGTGTTCCGCC,0,4772964
ygeX_predicted,0.07142857142857142,13,13,GTTTCATCCGGACCGGAAAC,0,4788511
ygeX_predicted,0.07142857142857142,13,13,GTTCTGTGTTAAGGGCCGCA,0,4770753
ygeX_predicted,0.07142857142857142,13,13,GTGTCATAGTAAGCCTCGCA,0,4771067
ygeX_predicted,0.07142857142857142,13,13,GTGTACCAGCGGGGGCTTCC,0,4768066
ygeX_predicted,0.07142857142857142,13,13,GTCGAGGTCAGACCCCCGTA,0,4791351
ygeX_predicted,0.07142857142857142,13,13,GTCGAGCACTGTAATCGAAA,0,4782636
ygeX_predicted,0.07142857142857142,13,13,GTATGAGGTGTGCAGCATAA,0,4771978
ygeX_predicted,0.07142857142857142,13,13,GTATACCACATCGGGAGTCT,0,4784751
ygeX_predicted,0.07142857142857142,13,13,GTAGTCTGTCCAACACTTTT,0,4788675
ygeX_predicted,0.07142857142857142,13,13,GTAGCCAGGTGCATTCGATT,0,4780447
ygeX_predicted,0.07142857142857142,13,13,GGTTTGCTAAAAGGAAAACT,0,4779237
ygeX_predicted,0.07142857142857142,13,13,GGTGGCGCCGCGCAGTATGT,0,4780541
ygeX_predicted,0.07142857142857142,13,13,GGTGACAAAGCTGGATTTCA,0,4776271
ygeX_predicted,0.07142857142857142,13,13,GGTCGGTTCGGCCTCTGTGG,0,4771543
ygeX_predicted,0.07142857142857142,13,13,GGTACCGGATGATCAAGGAA,0,4788773
ygeX_predicted,0.07142857142857142,13,13,GGGTCCGCCACAAGACCGTG,0,4771565
ygeX_predicted,0.07142857142857142,13,13,GGGTCAGCGGTTCAGCATAA,0,4777777
ygeX_predicted,0.07142857142857142,13,13,GGGCTATTGGGTCTAACCGC,0,4778402
ygeX_predicted,0.07142857142857142,13,13,GGGATGGGTTGTTGCAGGAA,0,4776663
ygeX_predicted,0.07142857142857142,13,13,GGCTCCCGCCTGTCGCTGGC,0,4790843
ygeX_predicted,0.07142857142857142,13,13,GGCTATCCTGGCATCTAGAG,0,4792838
ygeX_predicted,0.07142857142857142,13,13,GGCAACGTAAGAGCTGATCT,0,4791431
ygeX_predicted,0.07142857142857142,13,13,GGAGGACCATCTAGCGGAGA,0,4767491
ygeX_predicted,0.07142857142857142,13,13,GGAGACTACGCACAGTCATA,0,4788735
ygeX_predicted,0.07142857142857142,13,13,GGACGTCCTGTGCCATACCT,0,4774073
ygeX_predicted,0.07142857142857142,13,13,GGACGATGTTGTTGCTCATA,0,4793537
ygeX_predicted,0.07142857142857142,13,13,GGAAAAGCGGTGAGCCGGTA,0,4787405
ygeX_predicted,0.07142857142857142,13,13,GCTTTGTGGAGGTTGACCAG,0,4792369
ygeX_predicted,0.07142857142857142,13,13,GCTTGTGTGGGGAAGTCGAG,0,4786057
ygeX_predicted,0.07142857142857142,13,13,GCTGATCAGAAAACTAACTA,0,4776296
ygeX_predicted,0.07142857142857142,13,13,GCTCGGAAAAGGCTTCGGAG,0,4773728
ygeX_predicted,0.07142857142857142,13,13,GCTAGGCAGTTCTTAAAAGA,0,4774573
ygeX_predicted,0.07142857142857142,13,13,GCGGTTCTGGACACCGAGGC,0,4770959
ygeX_predicted,0.07142857142857142,13,13,GCGGTCAATCTGGATCTCAG,0,4778744
ygeX_predicted,0.07142857142857142,13,13,GCGGACATTTCACAGTTTCG,0,4771985
ygeX_predicted,0.07142857142857142,13,13,GCGATACGGCGAACGCTTTT,0,4783870
ygeX_predicted,0.07142857142857142,13,13,GCGAGACGAACGCACAAAAG,0,4767924
ygeX_predicted,0.07142857142857142,13,13,GCCTGAGTTGCTGGAGGATG,0,4789919
ygeX_predicted,0.07142857142857142,13,13,GCCGCCCCCTCACAAGGCGC,0,4790930
ygeX_predicted,0.07142857142857142,13,13,GCCCATACAGTGCTTAAGAT,0,4786381
ygeX_predicted,0.07142857142857142,13,13,GCCCAGCGTGACAATCTCGG,0,4785715
ygeX_predicted,0.07142857142857142,13,13,GCATGTGAAACGGATGCGTT,0,4786131
ygeX_predicted,0.07142857142857142,13,13,GCATGATGTCTGCAAGCTTT,0,4780985
ygeX_predicted,0.07142857142857142,13,13,GCATAGGTACACATTCCGAC,0,4785301
ygeX_predicted,0.07142857142857142,13,13,GCATACGGTATTGGGTTCTT,0,4768840
ygeX_predicted,0.07142857142857142,13,13,GCACCTCACCCGCCCAAGAC,0,4789844
ygeX_predicted,0.07142857142857142,13,13,GCACAGCAGCAGCGGCGACG,0,4775609
ygeX_predicted,0.07142857142857142,13,13,GCACACACGCTATTACTCCA,0,4789878
ygeX_predicted,0.07142857142857142,13,13,GATGGGATCTTTTTAGTCCG,0,4769378
ygeX_predicted,0.07142857142857142,13,13,GATGACTCCAGATAGCGCCA,0,4783464
ygeX_predicted,0.07142857142857142,13,13,GATATTATTATGGAACTTCT,0,4790871
ygeX_predicted,0.07142857142857142,13,13,GACTTGAACGCGCGGGCGAT,0,4777750
ygeX_predicted,0.07142857142857142,13,13,GACCGCTCAACGGTTGCTAA,0,4785289
ygeX_predicted,0.07142857142857142,13,13,GAATCGTTTGGTATACTAGG,0,4768496
ygeX_predicted,0.07142857142857142,13,13,GAAGCGCCTGTTATGATAGA,0,4780510
ygeX_predicted,0.07142857142857142,13,13,GAACTTCGACGTGACATAGA,0,4792583
ygeX_predicted,0.07142857142857142,13,13,GAACGCCTTGTAGGGTGTTG,0,4771690
ygeX_predicted,0.07142857142857142,13,13,CTTTTTCTCCGAGATTGTCA,0,4789135
ygeX_predicted,0.07142857142857142,13,13,CTTTTCCCATTCCCCCCGGG,0,4781052
ygeX_predicted,0.07142857142857142,13,13,CTTTCTCTGATTTGCCTATT,0,4785831
ygeX_predicted,0.07142857142857142,13,13,CTTTCTCTCGCTGCATGGTA,0,4785728
ygeX_predicted,0.07142857142857142,13,13,CTTCGCCTGATCGGTGTCGC,0,4791812
ygeX_predicted,0.07142857142857142,13,13,CTTCACGTGGGAATCACAAC,0,4788231
ygeX_predicted,0.07142857142857142,13,13,CTGGGTCCTGAAGGGCGAGC,0,4770177
ygeX_predicted,0.07142857142857142,13,13,CTGGACAGGCGGGTGCTAAA,0,4770847
ygeX_predicted,0.07142857142857142,13,13,CTGCTCAAACTGCGTCCCAT,0,4790171
ygeX_predicted,0.07142857142857142,13,13,CTGCGCCCTCCTTCTGATGA,0,4776646
ygeX_predicted,0.07142857142857142,13,13,CTGCACGGGCAACTGCGGTC,0,4776848
ygeX_predicted,0.07142857142857142,13,13,CTCGGACACTGATTTATTCG,0,4782531
ygeX_predicted,0.07142857142857142,13,13,CTCCTGCCGGGAGGCCACTC,0,4780923
ygeX_predicted,0.07142857142857142,13,13,CTCCGATAATGGGCTTAGCA,0,4794031
ygeX_predicted,0.07142857142857142,13,13,CTATAGTTCCCCTGGAACAC,0,4779336
ygeX_predicted,0.07142857142857142,13,13,CTAGGCAGCCTAAAATTGGT,0,4767288
ygeX_predicted,0.07142857142857142,13,13,CTACCGGTGGCATAATGACG,0,4783178
ygeX_predicted,0.07142857142857142,13,13,CTACCAAATTCAGTTACATA,0,4781264
ygeX_predicted,0.07142857142857142,13,13,CGTTCTCGCATGACAGGGTG,0,4770932
ygeX_predicted,0.07142857142857142,13,13,CGTTCACATCCCGGTGGCGC,0,4777904
ygeX_predicted,0.07142857142857142,13,13,CGTGTCTACTCCTGGTGGTG,0,4773718
ygeX_predicted,0.07142857142857142,13,13,CGTGACGACAAATAACAGGT,0,4768991
ygeX_predicted,0.07142857142857142,13,13,CGTCGATACTTTCGGCTCCA,0,4781418
ygeX_predicted,0.07142857142857142,13,13,CGTCCGCCGCTACTTAGATC,0,4786037
ygeX_predicted,0.07142857142857142,13,13,CGTCCAGTCAGCATCAAACT,0,4774005
ygeX_predicted,0.07142857142857142,13,13,CGTCAATCGACGATGGCCTG,0,4773091
ygeX_predicted,0.07142857142857142,13,13,CGTAGCTAGAGGGTGATGGT,0,4783239
ygeX_predicted,0.07142857142857142,13,13,CGTACTTCTTACATGAGAAA,0,4767224
ygeX_predicted,0.07142857142857142,13,13,CGTACGGGGGGATTCGATGG,0,4781929
ygeX_predicted,0.07142857142857142,13,13,CGGTAGGCAAGCCTGCAGTA,0,4770408
ygeX_predicted,0.07142857142857142,13,13,CGGGGTGTCCGTAAGTACCA,0,4779126
ygeX_predicted,0.07142857142857142,13,13,CGGGGGCAGGGAGGCTGTTT,0,4777699
ygeX_predicted,0.07142857142857142,13,13,CGGCTGCCGTCGCCAATGTA,0,4768732
ygeX_predicted,0.07142857142857142,13,13,CGCTTAATATATGCAAGGCT,0,4783730
ygeX_predicted,0.07142857142857142,13,13,CGCTCCCTTTCCACTAATGC,0,4790654
ygeX_predicted,0.07142857142857142,13,13,CGCGATTCGGGTCCCCGGCT,0,4771464
ygeX_predicted,0.07142857142857142,13,13,CGCGAAGTGGGAGGCATGGA,0,4792360
ygeX_predicted,0.07142857142857142,13,13,CGCCTTTGGTACGGAAGCTG,0,4781095
ygeX_predicted,0.07142857142857142,13,13,CGCCTCGAACAGTGTCCGAT,0,4767284
ygeX_predicted,0.07142857142857142,13,13,CGCAAAAAAGACGGAACGCA,0,4784782
ygeX_predicted,0.07142857142857142,13,13,CGATTTTGACGCAGACAGGG,0,4767658
ygeX_predicted,0.07142857142857142,13,13,CGATCTTATCCGAACGTCAT,0,4771295
ygeX_predicted,0.07142857142857142,13,13,CGATAGAGACGTCCCTGGCA,0,4793960
ygeX_predicted,0.07142857142857142,13,13,CGAGCACGCTCCATTCCATA,0,4786056
ygeX_predicted,0.07142857142857142,13,13,CCTTTTTTGGGCGGAACCCA,0,4784318
ygeX_predicted,0.07142857142857142,13,13,CCTGGGACGGCAAGGATTAA,0,4794599
ygeX_predicted,0.07142857142857142,13,13,CCTCATCGCATGACCACGAA,0,4767375
ygeX_predicted,0.07142857142857142,13,13,CCTCAATCGTGGCGGGACAG,0,4769233
ygeX_predicted,0.07142857142857142,13,13,CCTAGCTTGCAATTTGAACG,0,4789148
ygeX_predicted,0.07142857142857142,13,13,CCTACTAGCGAAGGATCATA,0,4784376
ygeX_predicted,0.07142857142857142,13,13,CCGTTTCGCGTAAGCTTCTG,0,4771627
ygeX_predicted,0.07142857142857142,13,13,CCGTTATTGCTGTCGGACAG,0,4783233
ygeX_predicted,0.07142857142857142,13,13,CCGTATTTTGGTTTTCCCGC,0,4787317
ygeX_predicted,0.07142857142857142,13,13,CCGGGGGCTGAGTGCTGCGG,0,4786848
ygeX_predicted,0.07142857142857142,13,13,CCGGCGCCCGACAGTAGGCT,0,4775420
ygeX_predicted,0.07142857142857142,13,13,CCGATTCATGCCGACATTGA,0,4780440
ygeX_predicted,0.07142857142857142,13,13,CCGATGCAGTTCTGCGGAGA,0,4778049
ygeX_predicted,0.07142857142857142,13,13,CCCGCTAAGAGCGTCATTAT,0,4793380
ygeX_predicted,0.07142857142857142,13,13,CCCCTTATTCCTCAATTACA,0,4791996
ygeX_predicted,0.07142857142857142,13,13,CCCCCGGCGCCTCACGCATC,0,4783292
ygeX_predicted,0.07142857142857142,13,13,CCCATCCCAGAGAAAAATAT,0,4780043
ygeX_predicted,0.07142857142857142,13,13,CCATTGTGTACTTAAGGATA,0,4777013
ygeX_predicted,0.07142857142857142,13,13,CCATTGACGCAGCTCAATAA,0,4794168
ygeX_predicted,0.07142857142857142,13,13,CCATCGAACCGTGAAGGGTT,0,4787139
ygeX_predicted,0.07142857142857142,13,13,CCAGCAGGTGATCAGGCCAG,0,4771895
ygeX_predicted,0.07142857142857142,13,13,CATGCAGACGGACAACCATA,0,4769954
ygeX_predicted,0.07142857142857142,13,13,CAGTTACTATGCAATCGCCC,0,4769474
ygeX_predicted,0.07142857142857142,13,13,CAGGGTACCCGAAGTCTTTA,0,4781497
ygeX_predicted,0.07142857142857142,13,13,CAGCGTCTTGCTTGTTACTA,0,4793094
ygeX_predicted,0.07142857142857142,13,13,CAGCCCTGGCCGTGCGGAGG,0,4775508
ygeX_predicted,0.07142857142857142,13,13,CAGCCAAGATAGATAGTCAA,0,4776559
ygeX_predicted,0.07142857142857142,13,13,CACTGCTGGCGTGATCCACC,0,4774232
ygeX_predicted,0.07142857142857142,13,13,CACTGCCGTAGTAAAATTTG,0,4785995
ygeX_predicted,0.07142857142857142,13,13,CACTACGCAACTCTATCCGA,0,4785162
ygeX_predicted,0.07142857142857142,13,13,CACGTCATGAAAGCACTTCA,0,4772707
ygeX_predicted,0.07142857142857142,13,13,CACAATCTGGAGTCCATGGT,0,4769108
ygeX_predicted,0.07142857142857142,13,13,CAATCATCCCTTTTGCAGTT,0,4791166
ygeX_predicted,0.07142857142857142,13,13,CAATAGCCGTATACATGCGA,0,4780011
ygeX_predicted,0.07142857142857142,13,13,CAAAATCGCGTGAGGAACAC,0,4787253
ygeX_predicted,0.07142857142857142,13,13,CAAAACATTCCGGAGGACAC,0,4776201
ygeX_predicted,0.07142857142857142,13,13,ATTTGCGGCACCCCGAGGGG,0,4786135
ygeX_predicted,0.07142857142857142,13,13,ATTTCTGATTCAGTAAGAAA,0,4788447
ygeX_predicted,0.07142857142857142,13,13,ATTTCATTTATCCGGGGTGT,0,4768137
ygeX_predicted,0.07142857142857142,13,13,ATTTACTAGCAAACAGTGGA,0,4794607
ygeX_predicted,0.07142857142857142,13,13,ATTTAACCTCGGCCCACAAG,0,4790044
ygeX_predicted,0.07142857142857142,13,13,ATTCTTCGTGGATCCTGCAG,0,4781778
ygeX_predicted,0.07142857142857142,13,13,ATTCACGAGACAGTGCGATG,0,4782231
ygeX_predicted,0.07142857142857142,13,13,ATTATCCGGCCGTTCGGTTT,0,4769008
ygeX_predicted,0.07142857142857142,13,13,ATTATACGGCCCAGCCGAGA,0,4775992
ygeX_predicted,0.07142857142857142,13,13,ATGTGGCGAGCACGTTTGTT,0,4770822
ygeX_predicted,0.07142857142857142,13,13,ATGGTTTGTGTTGGGTAACC,0,4770695
ygeX_predicted,0.07142857142857142,13,13,ATGGTCGGTGTACTTTCCGT,0,4774130
ygeX_predicted,0.07142857142857142,13,13,ATGATTACTAAACCGAACGA,0,4786416
ygeX_predicted,0.07142857142857142,13,13,ATGACAGCAGTCTACTGGGA,0,4790544
ygeX_predicted,0.07142857142857142,13,13,ATCTGGGTGTACATCCGTTC,0,4787326
ygeX_predicted,0.07142857142857142,13,13,ATCTCGCTAACAATCATGCC,0,4773610
ygeX_predicted,0.07142857142857142,13,13,ATCGGCGTACCAACATTGCA,0,4776563
ygeX_predicted,0.07142857142857142,13,13,ATCGAATGCCAAATCATCGC,0,4776865
ygeX_predicted,0.07142857142857142,13,13,ATAGTAACTTTCCTGGCGAG,0,4793798
ygeX_predicted,0.07142857142857142,13,13,AGTTGATCATATTTCTGCGA,0,4780427
ygeX_predicted,0.07142857142857142,13,13,AGTTCATAAGGAACGGAAGG,0,4774288
ygeX_predicted,0.07142857142857142,13,13,AGTTCACTACTAATAAGAAT,0,4782992
ygeX_predicted,0.07142857142857142,13,13,AGTGAAGTCCCTGGGTCACC,0,4770696
ygeX_predicted,0.07142857142857142,13,13,AGTCTATGACCCGTTGTCGA,0,4784165
ygeX_predicted,0.07142857142857142,13,13,AGTCGGACTTAAGGGGGTCA,0,4787981
ygeX_predicted,0.07142857142857142,13,13,AGTCGACGCTAGAGGGAATG,0,4781386
ygeX_predicted,0.07142857142857142,13,13,AGTCAACTATCGCGGGCGTC,0,4769026
ygeX_predicted,0.07142857142857142,13,13,AGTATGAATAGACTTGCAGG,0,4779101
ygeX_predicted,0.07142857142857142,13,13,AGGTGTGGAGGCAGCGGAGG,0,4783952
ygeX_predicted,0.07142857142857142,13,13,AGGTAACGAACCAAAGGATC,0,4771639
ygeX_predicted,0.07142857142857142,13,13,AGGCAACCCCTTGGACCATA,0,4775188
ygeX_predicted,0.07142857142857142,13,13,AGGATTATGACCGTGCGCAG,0,4782179
ygeX_predicted,0.07142857142857142,13,13,AGCGCCCAGCCTCGGCCGCA,0,4772502
ygeX_predicted,0.07142857142857142,13,13,AGCCGAGACTGTGTATCACA,0,4782336
ygeX_predicted,0.07142857142857142,13,13,AGAGGTTGAACTTTTAGGCT,0,4778925
ygeX_predicted,0.07142857142857142,13,13,AGAGGTGCGTTGCGCGAGCT,0,4778557
ygeX_predicted,0.07142857142857142,13,13,AGAAGTCAATAATTTCGGAT,0,4771517
ygeX_predicted,0.07142857142857142,13,13,ACTTGAACCAATATGCATCT,0,4792542
ygeX_predicted,0.07142857142857142,13,13,ACTGGGTCAAGTGAGTGCTC,0,4792181
ygeX_predicted,0.07142857142857142,13,13,ACTCCGCACGCCGTCCCGGG,0,4767982
ygeX_predicted,0.07142857142857142,13,13,ACTAAGGTTAAATTGATTTA,0,4781325
ygeX_predicted,0.07142857142857142,13,13,ACTAAAGCCCCGCTTAATAA,0,4770476
ygeX_predicted,0.07142857142857142,13,13,ACGTTGAAAAGTGAATTTTG,0,4776412
ygeX_predicted,0.07142857142857142,13,13,ACCTGGGCCACAAGTGATTA,0,4786304
ygeX_predicted,0.07142857142857142,13,13,ACCTCAAAGTTGACGTCTCT,0,4779259
ygeX_predicted,0.07142857142857142,13,13,ACCGGTTCTTCGCTGTTTTT,0,4773793
ygeX_predicted,0.07142857142857142,13,13,ACCGGCGACGATGAACGTTG,0,4769013
ygeX_predicted,0.07142857142857142,13,13,ACCCCGTGTGGTACAGAGGT,0,4776784
ygeX_predicted,0.07142857142857142,13,13,ACCCAAACAAAAAACACATT,0,4788614
ygeX_predicted,0.07142857142857142,13,13,ACATATCAGCACGGAAAAAC,0,4785424
ygeX_predicted,0.07142857142857142,13,13,ACAGTGGGGTAGGGGCATGC,0,4766879
ygeX_predicted,0.07142857142857142,13,13,ACAATTCGTCCGGGCATCGC,0,4771921
ygeX_predicted,0.07142857142857142,13,13,AATTTCTCCGTATAGAGCAA,0,4773162
ygeX_predicted,0.07142857142857142,13,13,AATCTTGTATTGCCGAAAAC,0,4781205
ygeX_predicted,0.07142857142857142,13,13,AATCCTCCAGATTCCGACTC,0,4775567
ygeX_predicted,0.07142857142857142,13,13,AATCAATATGACTCCCAGGA,0,4791128
ygeX_predicted,0.07142857142857142,13,13,AAGGTGCGCTTCCTAGGGTT,0,4771629
ygeX_predicted,0.07142857142857142,13,13,AAGGGCTTTGAGGGTAACCA,0,4767898
ygeX_predicted,0.07142857142857142,13,13,AAGGCGCCTCCCATGGACCA,0,4766988
ygeX_predicted,0.07142857142857142,13,13,AAGCTAAGAATCTGGGTAGA,0,4784202
ygeX_predicted,0.07142857142857142,13,13,AAGCGCACATTATGGGGATC,0,4790824
ygeX_predicted,0.07142857142857142,13,13,AACTCGGGAACGGGTATCTT,0,4790550
ygeX_predicted,0.07142857142857142,13,13,AACGGCCATATATGAGTATA,0,4788732
ygeX_predicted,0.07142857142857142,13,13,AACCGCAAGCTGTCAGATCT,0,4781986
ygeX_predicted,0.07142857142857142,13,13,AAATGTACAAGCAATTGATC,0,4786588
ygeX_predicted,0.07142857142857142,13,13,AAATGGGTTGGGGCTCGAGA,0,4785069
ygeX_predicted,0.07692307692307693,12,12,TTTTCTCCTGGCTTGGGTCT,0,4775772
ygeX_predicted,0.07692307692307693,12,12,TTTCGGACCAGGAGGAGGAG,0,4768075
ygeX_predicted,0.07692307692307693,12,12,TTTATGACATGCTTGTTATG,0,4794610
ygeX_predicted,0.07692307692307693,12,12,TTTATCCTTGTCCCATGTAC,0,4776697
ygeX_predicted,0.07692307692307693,12,12,TTTAGGTTGTATCTGCTAGG,0,4789638
ygeX_predicted,0.07692307692307693,12,12,TTGGACGACGGGTGTCGGTT,0,4773871
ygeX_predicted,0.07692307692307693,12,12,TTGCCCCATTAAAGGTCACA,0,4785742
ygeX_predicted,0.07692307692307693,12,12,TTGCAGAGGATTTGGGGCTA,0,4782286
ygeX_predicted,0.07692307692307693,12,12,TTGATACAGCGCTCGCGCCG,0,4766901
ygeX_predicted,0.07692307692307693,12,12,TTGAGTTGGTCTGATATAAT,0,4773560
ygeX_predicted,0.07692307692307693,12,12,TTCTCTGCTCCGACCCGGGT,0,4778448
ygeX_predicted,0.07692307692307693,12,12,TTCACAATTTATATAACCGT,0,4788187
ygeX_predicted,0.07692307692307693,12,12,TTAGTTGATGGTGTTACAGT,0,4767621
ygeX_predicted,0.07692307692307693,12,12,TTAGGGTCGTGAATCTCAAG,0,4794513
ygeX_predicted,0.07692307692307693,12,12,TTAGCTCATCGTGGCCTTGA,0,4789013
ygeX_predicted,0.07692307692307693,12,12,TTACAATGGACAGAAGGCAT,0,4779412
ygeX_predicted,0.07692307692307693,12,12,TTACAAGTAGGACTCGAGAG,0,4776805
ygeX_predicted,0.07692307692307693,12,12,TGTGGACCTTAAAACGTGCC,0,4767232
ygeX_predicted,0.07692307692307693,12,12,TGTCCATAGCGAAACATCGA,0,4770253
ygeX_predicted,0.07692307692307693,12,12,TGGTTCTGAAGAGGTCTCTC,0,4771007
ygeX_predicted,0.07692307692307693,12,12,TGGTAACCATGCGACTTTGT,0,4769790
ygeX_predicted,0.07692307692307693,12,12,TGGCCGGAGGATGACGTTCA,0,4792617
ygeX_predicted,0.07692307692307693,12,12,TGGCATCATGCTCCGGTATT,0,4768761
ygeX_predicted,0.07692307692307693,12,12,TGGCAAGCGGGTCCATAAGT,0,4785120
ygeX_predicted,0.07692307692307693,12,12,TGGATCGAGCAGCCACCAAA,0,4770503
ygeX_predicted,0.07692307692307693,12,12,TGGAGAGAATCATTGTCAAG,0,4793793
ygeX_predicted,0.07692307692307693,12,12,TGGACTACCCTCCCTGTAAA,0,4778046
ygeX_predicted,0.07692307692307693,12,12,TGGACGTTGGCCTTCCTGTA,0,4790733
ygeX_predicted,0.07692307692307693,12,12,TGGACCTGCGTAGGGCGTTA,0,4793325
ygeX_predicted,0.07692307692307693,12,12,TGGAAAGCGGACACAAGAGG,0,4781275
ygeX_predicted,0.07692307692307693,12,12,TGCTCAATTTAGCAGGCTGC,0,4787706
ygeX_predicted,0.07692307692307693,12,12,TGCGTGGTCATCGGGTCCCT,0,4790836
ygeX_predicted,0.07692307692307693,12,12,TGCGACCTGGTTTCACTGGT,0,4774397
ygeX_predicted,0.07692307692307693,12,12,TGCCGATGACTAGGAAGTAA,0,4775233
ygeX_predicted,0.07692307692307693,12,12,TGCACCATTCTTCGAGGGTG,0,4782900
ygeX_predicted,0.07692307692307693,12,12,TGACTGGGGGACAGAACGAC,0,4794626
ygeX_predicted,0.07692307692307693,12,12,TCTGGGTTGGAGAACGACCA,0,4774628
ygeX_predicted,0.07692307692307693,12,12,TCTGACGTCGAGTATGTGCG,0,4769038
ygeX_predicted,0.07692307692307693,12,12,TCTCGTCCGGCCAACCAATA,0,4775032
ygeX_predicted,0.07692307692307693,12,12,TCTAGGATGTACGGTCTAGT,0,4794385
ygeX_predicted,0.07692307692307693,12,12,TCTAGAAAGTGCTGGCAGTA,0,4779238
ygeX_predicted,0.07692307692307693,12,12,TCGGCATGTGGCAACGTCAA,0,4786136
ygeX_predicted,0.07692307692307693,12,12,TCGGCAGGTAAGCCCGATCT,0,4778240
ygeX_predicted,0.07692307692307693,12,12,TCCTTTATTCGTAGACCAAA,0,4776836
ygeX_predicted,0.07692307692307693,12,12,TCCTAGCGACTTTCAGCCGC,0,4783712
ygeX_predicted,0.07692307692307693,12,12,TCCAGGCACAGGCTTCTTAC,0,4771332
ygeX_predicted,0.07692307692307693,12,12,TCATCACACGATTCGCGAAA,0,4773665
ygeX_predicted,0.07692307692307693,12,12,TCACTGGGTGGCCGGGGCAA,0,4786027
ygeX_predicted,0.07692307692307693,12,12,TCACGCTGTCCAACAGGCAT,0,4778038
ygeX_predicted,0.07692307692307693,12,12,TCACAGGTTCACAGTTTAAG,0,4775509
ygeX_predicted,0.07692307692307693,12,12,TCACACCGGGCAGTTCAAAT,0,4793364
ygeX_predicted,0.07692307692307693,12,12,TCAAGCAGCCAGGATCCTAA,0,4785870
ygeX_predicted,0.07692307692307693,12,12,TATGTTATGGATAAATGACA,0,4770984
ygeX_predicted,0.07692307692307693,12,12,TATGCCACTACAGGGTCCCT,0,4775270
ygeX_predicted,0.07692307692307693,12,12,TATCTCGAGCTGAAGGGGAA,0,4778471
ygeX_predicted,0.07692307692307693,12,12,TAGGGAATACGTATACTGTG,0,4784035
ygeX_predicted,0.07692307692307693,12,12,TAGATTTTACGCTTGAGAAA,0,4783020
ygeX_predicted,0.07692307692307693,12,12,TAGATGATGGCGGGCACGGG,0,4775251
ygeX_predicted,0.07692307692307693,12,12,TACTGCGTATCAGAGGACAT,0,4768298
ygeX_predicted,0.07692307692307693,12,12,TACTATGGAATTTAAGCGAA,0,4780514
ygeX_predicted,0.07692307692307693,12,12,TACTAGCTCTACGGTAATTG,0,4790794
ygeX_predicted,0.07692307692307693,12,12,TACGGCAGTCCGGCAACCAG,0,4771302
ygeX_predicted,0.07692307692307693,12,12,TACCATCGGAAATCACAGAA,0,4786307
ygeX_predicted,0.07692307692307693,12,12,TACAGTCCAGACTTTTAACT,0,4775047
ygeX_predicted,0.07692307692307693,12,12,TACACCGACAGCTGCGGTTA,0,4781651
ygeX_predicted,0.07692307692307693,12,12,TAAGGTGCGAAGGGACACTG,0,4767579
ygeX_predicted,0.07692307692307693,12,12,TAAGCGGCTAGCCGGTACCA,0,4766980
ygeX_predicted,0.07692307692307693,12,12,TAAGCAGTCGGAGGCTTCTT,0,4792443
ygeX_predicted,0.07692307692307693,12,12,GTTCGATCCAAACGGGGGCT,0,4769882
ygeX_predicted,0.07692307692307693,12,12,GTTCACGTCCTCATGATAGG,0,4781780
ygeX_predicted,0.07692307692307693,12,12,GTGTGGCATAAACCAGTTCT,0,4791498
ygeX_predicted,0.07692307692307693,12,12,GTGTGCGTATTAGTGGAAAT,0,4768269
ygeX_predicted,0.07692307692307693,12,12,GTGGCTGGCCCTGTTGTAGT,0,4791849
ygeX_predicted,0.07692307692307693,12,12,GTGGACCGTTCTCATCATGC,0,4775873
ygeX_predicted,0.07692307692307693,12,12,GTGAATGAATTGGTCCACAC,0,4775870
ygeX_predicted,0.07692307692307693,12,12,GTGAATCCCTTTCACGCTTT,0,4769742
ygeX_predicted,0.07692307692307693,12,12,GTCTAACCGGTTGCGCTTTC,0,4793663
ygeX_predicted,0.07692307692307693,12,12,GTCGTTGTTCTATTCAATGG,0,4773864
ygeX_predicted,0.07692307692307693,12,12,GTCGCCAGGGTACTGACGAG,0,4779600
ygeX_predicted,0.07692307692307693,12,12,GTATGAAGCGACGAGGTTAA,0,4774044
ygeX_predicted,0.07692307692307693,12,12,GTACTAAGCATGGAGCTGGT,0,4788696
ygeX_predicted,0.07692307692307693,12,12,GTACGGCCCAATTTCATATC,0,4793280
ygeX_predicted,0.07692307692307693,12,12,GGTTCTGTTTTCCACTCAAA,0,4792826
ygeX_predicted,0.07692307692307693,12,12,GGTGGGACGTGGCTGCATGA,0,4768751
ygeX_predicted,0.07692307692307693,12,12,GGTCGTAAGAGCCGGACTTT,0,4777109
ygeX_predicted,0.07692307692307693,12,12,GGGTTGACGCGGCCACGCTG,0,4787699
ygeX_predicted,0.07692307692307693,12,12,GGGTCTGTCGATCTTGCATG,0,4772099
ygeX_predicted,0.07692307692307693,12,12,GGGTCGTGTTGACATCCGCT,0,4776535
ygeX_predicted,0.07692307692307693,12,12,GGGTAAGAGCTCCTGGGGTA,0,4788669
ygeX_predicted,0.07692307692307693,12,12,GGGGCGAGGGCGAGGACCTC,0,4768213
ygeX_predicted,0.07692307692307693,12,12,GGGAGTCCTACACCAGTGTA,0,4776269
ygeX_predicted,0.07692307692307693,12,12,GGCTTTGCTTAGCCGTGCCC,0,4778429
ygeX_predicted,0.07692307692307693,12,12,GGCTCCAAACCCGGGCAAGT,0,4793531
ygeX_predicted,0.07692307692307693,12,12,GGCGTGATTTAGTACAGGCA,0,4794084
ygeX_predicted,0.07692307692307693,12,12,GGCGGGGGTGCCAGTGGAAG,0,4774193
ygeX_predicted,0.07692307692307693,12,12,GGCGCATCAGCCGATGTAAT,0,4768549
ygeX_predicted,0.07692307692307693,12,12,GGCCGTCCCTAGTGTAGGTG,0,4784341
ygeX_predicted,0.07692307692307693,12,12,GGCCGTAACGAATGCTGCAT,0,4771929
ygeX_predicted,0.07692307692307693,12,12,GGATTCATATGGCAGGAGGA,0,4767194
ygeX_predicted,0.07692307692307693,12,12,GGATGCATTTTCTTAATAAC,0,4768701
ygeX_predicted,0.07692307692307693,12,12,GGAGCCTAGTAAGGTAGGAC,0,4774240
ygeX_predicted,0.07692307692307693,12,12,GGACGGTCGTTTCCACAGCA,0,4772087
ygeX_predicted,0.07692307692307693,12,12,GGAAACCTCGACCACGTGAC,0,4771857
ygeX_predicted,0.07692307692307693,12,12,GCTGCGATTACATTGGTTCT,0,4775972
ygeX_predicted,0.07692307692307693,12,12,GCTACAGTCAGTCAAAAGTT,0,4770473
ygeX_predicted,0.07692307692307693,12,12,GCGGGGCGCTCTATGGAATT,0,4770145
ygeX_predicted,0.07692307692307693,12,12,GCGCTCGTTTCTGGTCCCGG,0,4794145
ygeX_predicted,0.07692307692307693,12,12,GCGCTACCTACGCTTGCATA,0,4766827
ygeX_predicted,0.07692307692307693,12,12,GCGCGGTCATCAGATCTATT,0,4787347
ygeX_predicted,0.07692307692307693,12,12,GCGACAATGAGGTCCAGCCT,0,4775192
ygeX_predicted,0.07692307692307693,12,12,GCCTTAGCGATGCAGCGGGG,0,4766821
ygeX_predicted,0.07692307692307693,12,12,GCCTCGATTAGTATGTTGCT,0,4773612
ygeX_predicted,0.07692307692307693,12,12,GCCCGGGCGTTAATTCGGTA,0,4779427
ygeX_predicted,0.07692307692307693,12,12,GCCCCCTCCAAAAACATTCC,0,4775173
ygeX_predicted,0.07692307692307693,12,12,GCATTTGCCAATGCACACGC,0,4785283
ygeX_predicted,0.07692307692307693,12,12,GCAGGAGCATGACGCTCGTT,0,4777700
ygeX_predicted,0.07692307692307693,12,12,GCACGGTTTGGCCGATGCCG,0,4786816
ygeX_predicted,0.07692307692307693,12,12,GCAACGGAGGGTTCGTCCAT,0,4782996
ygeX_predicted,0.07692307692307693,12,12,GATTTTGGCTAAGGTCCGGT,0,4781230
ygeX_predicted,0.07692307692307693,12,12,GATGACGCTATTGTCGTTCA,0,4770618
ygeX_predicted,0.07692307692307693,12,12,GATATGACCAAGTCGTATGT,0,4780620
ygeX_predicted,0.07692307692307693,12,12,GAGTTCTTCTAGTATGCGGC,0,4781762
ygeX_predicted,0.07692307692307693,12,12,GAGTAAGATGAGTGGCTAGA,0,4767867
ygeX_predicted,0.07692307692307693,12,12,GAGCTGCGGTAGTCAGGGTA,0,4772508
ygeX_predicted,0.07692307692307693,12,12,GAGCTCAAAGTTAATTTTAC,0,4773326
ygeX_predicted,0.07692307692307693,12,12,GACTGTTAGCTTCGATTATT,0,4784446
ygeX_predicted,0.07692307692307693,12,12,GACTCTCACCTAAACTGAGC,0,4771992
ygeX_predicted,0.07692307692307693,12,12,GACTATGGGGCTCTACCTAG,0,4768597
ygeX_predicted,0.07692307692307693,12,12,GAATCGGAATCTGAGCCGTG,0,4768429
ygeX_predicted,0.07692307692307693,12,12,GAACGGATTTGTATTCCACA,0,4787707
ygeX_predicted,0.07692307692307693,12,12,GAACGCCAACGCTCCACCGG,0,4779222
ygeX_predicted,0.07692307692307693,12,12,GAACAGGCGGTACCAATCAG,0,4772041
ygeX_predicted,0.07692307692307693,12,12,CTTGATTCAGGGTGCTATGA,0,4766835
ygeX_predicted,0.07692307692307693,12,12,CTGCTAACGGCTGTCCGGTG,0,4769306
ygeX_predicted,0.07692307692307693,12,12,CTGCGGTTTGGTTGCGCTAA,0,4785200
ygeX_predicted,0.07692307692307693,12,12,CTCGACTGTCACTTGTCCGC,0,4779240
ygeX_predicted,0.07692307692307693,12,12,CTCCTCGCGCAATTATCTGA,0,4793749
ygeX_predicted,0.07692307692307693,12,12,CTCCAGCACGTACTACGTGA,0,4775436
ygeX_predicted,0.07692307692307693,12,12,CTCACGGCAGCCCGTGTCCA,0,4769937
ygeX_predicted,0.07692307692307693,12,12,CTAGATTGGTCATGTTATTT,0,4778459
ygeX_predicted,0.07692307692307693,12,12,CTACAATCTAACTAAATCGT,0,4772365
ygeX_predicted,0.07692307692307693,12,12,CTAATCATAGTGTTAGAGAG,0,4783498
ygeX_predicted,0.07692307692307693,12,12,CGTTACGGTTCCTCCCCCGG,0,4770138
ygeX_predicted,0.07692307692307693,12,12,CGTTAATACTCCGGATCAAC,0,4775518
ygeX_predicted,0.07692307692307693,12,12,CGTGCTGGTATTGGCTGCGA,0,4770998
ygeX_predicted,0.07692307692307693,12,12,CGTAGTTGGGGGAGTCGTCG,0,4773911
ygeX_predicted,0.07692307692307693,12,12,CGGGTTACCCATGCGAAAAC,0,4789891
ygeX_predicted,0.07692307692307693,12,12,CGGGGGTTAACGAGCTGGTA,0,4779031
ygeX_predicted,0.07692307692307693,12,12,CGGGGATGGTGTAGCGCCGA,0,4771166
ygeX_predicted,0.07692307692307693,12,12,CGGGCTTGGGCATTTTCATG,0,4775969
ygeX_predicted,0.07692307692307693,12,12,CGGCGAATCCTGACGGGTAT,0,4776779
ygeX_predicted,0.07692307692307693,12,12,CGGCATATGTCGAGTAAGCT,0,4776568
ygeX_predicted,0.07692307692307693,12,12,CGGAACCACATAAAGAGCGG,0,4778799
ygeX_predicted,0.07692307692307693,12,12,CGCTTCTGGCTTAGCAGCAA,0,4768633
ygeX_predicted,0.07692307692307693,12,12,CGCGTGCAACCTCGATAAGC,0,4788374
ygeX_predicted,0.07692307692307693,12,12,CGCGGGGAACGGTCCGGGCT,0,4778714
ygeX_predicted,0.07692307692307693,12,12,CGCATATAGTCGCCCGGAAT,0,4781853
ygeX_predicted,0.07692307692307693,12,12,CGCAAATAATTAAGCGCCAA,0,4777038
ygeX_predicted,0.07692307692307693,12,12,CGATCTCCCTGTCCCTTTTC,0,4791912
ygeX_predicted,0.07692307692307693,12,12,CGAGGAGGCGGGTACTGATT,0,4771975
ygeX_predicted,0.07692307692307693,12,12,CGAACGCCCCAGCTGGCAAA,0,4771221
ygeX_predicted,0.07692307692307693,12,12,CCTGCATGAGATCGCGCGTT,0,4794414
ygeX_predicted,0.07692307692307693,12,12,CCTATCCAGCTGACCACATG,0,4773887
ygeX_predicted,0.07692307692307693,12,12,CCGTCTCGGGACCTGATCCA,0,4784889
ygeX_predicted,0.07692307692307693,12,12,CCGTAGTCGTGCTGAGATGA,0,4772627
ygeX_predicted,0.07692307692307693,12,12,CCGATACATTCTTTGGTCAT,0,4780386
ygeX_predicted,0.07692307692307693,12,12,CCGACGCAATTCTATTCTAG,0,4788725
ygeX_predicted,0.07692307692307693,12,12,CCCTCTTAGATGCCCAAAAC,0,4782401
ygeX_predicted,0.07692307692307693,12,12,CCCTCCTACTTACGGGGCCG,0,4791497
ygeX_predicted,0.07692307692307693,12,12,CCCGTTTCAGGTCGCGGAAA,0,4779241
ygeX_predicted,0.07692307692307693,12,12,CCCGTCAAGGTAAATCGCAT,0,4768511
ygeX_predicted,0.07692307692307693,12,12,CCCGGGGTTACTGATAATAA,0,4767366
ygeX_predicted,0.07692307692307693,12,12,CCCATGCAGCCCGTCGAGAT,0,4777041
ygeX_predicted,0.07692307692307693,12,12,CCCAGGTGGAGCGTTTAAAA,0,4772212
ygeX_predicted,0.07692307692307693,12,12,CCATTAAGCTGTAATGGCAG,0,4778739
ygeX_predicted,0.07692307692307693,12,12,CCAGTGCGAGCGCCCTGTTA,0,4784568
ygeX_predicted,0.07692307692307693,12,12,CCAGGGCTCGATCGCACCGA,0,4778988
ygeX_predicted,0.07692307692307693,12,12,CCACGAAGCTACTGGAGCGA,0,4792053
ygeX_predicted,0.07692307692307693,12,12,CCACAAGACTATGATCGTAG,0,4776690
ygeX_predicted,0.07692307692307693,12,12,CCAATATCCAATGAGTTAAT,0,4786332
ygeX_predicted,0.07692307692307693,12,12,CCAAGGTTAGCGGTTAGACT,0,4786192
ygeX_predicted,0.07692307692307693,12,12,CATTGGTACGTGAGCCACCC,0,4786413
ygeX_predicted,0.07692307692307693,12,12,CATTCGTTCTGGGTGTGCGC,0,4793950
ygeX_predicted,0.07692307692307693,12,12,CATGTTAGTCGGAGTGAGTC,0,4775065
ygeX_predicted,0.07692307692307693,12,12,CATGGAGTTCTGGTCATCTG,0,4769641
ygeX_predicted,0.07692307692307693,12,12,CATAGAATGTATGCCAAACT,0,4787791
ygeX_predicted,0.07692307692307693,12,12,CATAACTCTGTATCAAGCTT,0,4771510
ygeX_predicted,0.07692307692307693,12,12,CAGTCTGATTTCGATAAGAC,0,4793988
ygeX_predicted,0.07692307692307693,12,12,CAGGTAGACCAGCCTGTACC,0,4774862
ygeX_predicted,0.07692307692307693,12,12,CAGGCTCGGAGCTGCCTTTG,0,4778767
ygeX_predicted,0.07692307692307693,12,12,CAGGAATCTCTTACATGAAT,0,4776607
ygeX_predicted,0.07692307692307693,12,12,CAGCATATCGTTTACACTGA,0,4780765
ygeX_predicted,0.07692307692307693,12,12,CAGAAAGGACTAACACGCCA,0,4773659
ygeX_predicted,0.07692307692307693,12,12,CACGTGCGACCTTCTAACAC,0,4772971
ygeX_predicted,0.07692307692307693,12,12,CACGTAGGGATGACGGACCA,0,4787596
ygeX_predicted,0.07692307692307693,12,12,CACCTACGATCGCGTCAGGG,0,4786758
ygeX_predicted,0.07692307692307693,12,12,CACCACATCCCGTTGGCTTA,0,4785128
ygeX_predicted,0.07692307692307693,12,12,CACAGTCGCAGCATACGTAG,0,4791516
ygeX_predicted,0.07692307692307693,12,12,CACACCCTTCGGAAATACAA,0,4782409
ygeX_predicted,0.07692307692307693,12,12,CAATTGGTATTCGTCTGCCC,0,4772362
ygeX_predicted,0.07692307692307693,12,12,CAATGAATGTTCGAATGACC,0,4779244
ygeX_predicted,0.07692307692307693,12,12,CAAAGTGACAGATGACACGA,0,4771489
ygeX_predicted,0.07692307692307693,12,12,ATTTTCCTCAACCGCGTTAC,0,4789382
ygeX_predicted,0.07692307692307693,12,12,ATTTCGTACGTGTCTGCATC,0,4793572
ygeX_predicted,0.07692307692307693,12,12,ATTGTGCTACCGGGAGCGCC,0,4768985
ygeX_predicted,0.07692307692307693,12,12,ATTCAACGAGCCATCAGATC,0,4786563
ygeX_predicted,0.07692307692307693,12,12,ATTATAGGTTTCGGCAAGAA,0,4770905
ygeX_predicted,0.07692307692307693,12,12,ATTAAGGTTCTCATCGCCTG,0,4778115
ygeX_predicted,0.07692307692307693,12,12,ATTAAATTGGTCGCGAACGT,0,4787702
ygeX_predicted,0.07692307692307693,12,12,ATGTCTGACTGCACTAGAAT,0,4787594
ygeX_predicted,0.07692307692307693,12,12,ATGGTTCGCGGTCTTGTAAC,0,4767242
ygeX_predicted,0.07692307692307693,12,12,ATGGCAGCGCACGACGGGTG,0,4784473
ygeX_predicted,0.07692307692307693,12,12,ATGCGCGGGGAGACTTGGCG,0,4781681
ygeX_predicted,0.07692307692307693,12,12,ATGCAAGTAGATGTGACTGA,0,4781072
ygeX_predicted,0.07692307692307693,12,12,ATGACTTTTCCTGGTTGAAT,0,4780255
ygeX_predicted,0.07692307692307693,12,12,ATGAACATGAATAGGATTAA,0,4781414
ygeX_predicted,0.07692307692307693,12,12,ATCTTGTGAAGATTACCCTT,0,4772431
ygeX_predicted,0.07692307692307693,12,12,ATCTCGGGAGATGCTTACAC,0,4770577
ygeX_predicted,0.07692307692307693,12,12,ATCGTGAGGGTCTTACGTGC,0,4773191
ygeX_predicted,0.07692307692307693,12,12,ATCGTAGGGGGTGATCGGGA,0,4791137
ygeX_predicted,0.07692307692307693,12,12,ATCGCATCGCTGTACAGACC,0,4766937
ygeX_predicted,0.07692307692307693,12,12,ATCCCTAGCGATTTTGGGAT,0,4787162
ygeX_predicted,0.07692307692307693,12,12,ATCACTGCAGTGTCACTTAG,0,4793965
ygeX_predicted,0.07692307692307693,12,12,ATCACTCCGGGCAACACCCA,0,4782053
ygeX_predicted,0.07692307692307693,12,12,ATATTTAAAGGATCGTCCTC,0,4782447
ygeX_predicted,0.07692307692307693,12,12,ATATCAGAGGTCCAAATCGT,0,4780716
ygeX_predicted,0.07692307692307693,12,12,ATACGATAAACTAGGGGACC,0,4775663
ygeX_predicted,0.07692307692307693,12,12,AGTCTGTTTCCATTATAGAT,0,4770405
ygeX_predicted,0.07692307692307693,12,12,AGGTCATTTGAAGCCGTGGG,0,4779849
ygeX_predicted,0.07692307692307693,12,12,AGGGTTTCAGTAGTGGGGCT,0,4777494
ygeX_predicted,0.07692307692307693,12,12,AGGGGTGTGGGACGTTGCTC,0,4770105
ygeX_predicted,0.07692307692307693,12,12,AGGGCGGCTGTCCGCAATCA,0,4785903
ygeX_predicted,0.07692307692307693,12,12,AGGCGAAGTCGAGCAACTTT,0,4793366
ygeX_predicted,0.07692307692307693,12,12,AGGATGACTGTGTGCAGGCT,0,4780274
ygeX_predicted,0.07692307692307693,12,12,AGGAAAGCTTCATTTTAGCT,0,4793131
ygeX_predicted,0.07692307692307693,12,12,AGCTCAACTCAGGTCGCGGT,0,4781177
ygeX_predicted,0.07692307692307693,12,12,AGCGGTTACTCATGGGTCTC,0,4780392
ygeX_predicted,0.07692307692307693,12,12,AGCCCCAGGCCGTCCAACCC,0,4781170
ygeX_predicted,0.07692307692307693,12,12,AGATTTTGCGTTGGAGGAGC,0,4782513
ygeX_predicted,0.07692307692307693,12,12,AGATGTTGATTCAGCGAAAA,0,4775578
ygeX_predicted,0.07692307692307693,12,12,AGATGCCTGTTTGCGGGTAC,0,4790876
ygeX_predicted,0.07692307692307693,12,12,AGATCGCTGGACAGAGGTAT,0,4781250
ygeX_predicted,0.07692307692307693,12,12,AGAGGTTGAATTTCGCTCGC,0,4777488
ygeX_predicted,0.07692307692307693,12,12,AGACCCTCAATGTTCTCAAG,0,4791041
ygeX_predicted,0.07692307692307693,12,12,AGAAATCCTGATCGCTAATT,0,4785841
ygeX_predicted,0.07692307692307693,12,12,ACTGGTAGCCGTAATGGCAG,0,4793087
ygeX_predicted,0.07692307692307693,12,12,ACTCAGGAGTGATCTGTCCG,0,4771870
ygeX_predicted,0.07692307692307693,12,12,ACTATTCCGTACCAATATGC,0,4768457
ygeX_predicted,0.07692307692307693,12,12,ACGTGACTTAATCACCCGAG,0,4785382
ygeX_predicted,0.07692307692307693,12,12,ACGTCGTTTCGCCGGTTCGA,0,4767138
ygeX_predicted,0.07692307692307693,12,12,ACGGCTGGCTATATAACCAC,0,4793527
ygeX_predicted,0.07692307692307693,12,12,ACGCACGCGCGGGACTGGCT,0,4776686
ygeX_predicted,0.07692307692307693,12,12,ACGACGTTAACTCGCGTAGA,0,4775103
ygeX_predicted,0.07692307692307693,12,12,ACCTCAAGACAGACTTCATG,0,4768575
ygeX_predicted,0.07692307692307693,12,12,ACCATTAGTTACAATCTGGC,0,4779745
ygeX_predicted,0.07692307692307693,12,12,ACCAGTCAGACTATGCGAGT,0,4777675
ygeX_predicted,0.07692307692307693,12,12,ACATCCCGACACATAGGCTA,0,4792797
ygeX_predicted,0.07692307692307693,12,12,ACATAAGGCAGGTTTGCCGT,0,4782320
ygeX_predicted,0.07692307692307693,12,12,ACAAGGAGACCTATAGGTCT,0,4778243
ygeX_predicted,0.07692307692307693,12,12,ACAAACTAGAGTATTTGGTT,0,4775191
ygeX_predicted,0.07692307692307693,12,12,AATTTTAACACTTGCACGAT,0,4789944
ygeX_predicted,0.07692307692307693,12,12,AATTAATTTATGATCCCTGG,0,4780387
ygeX_predicted,0.07692307692307693,12,12,AATCAAGGTTGAAAGGGGCT,0,4775594
ygeX_predicted,0.07692307692307693,12,12,AAGGATAGGGACATATTTTC,0,4791475
ygeX_predicted,0.07692307692307693,12,12,AAGCTGACTGTATAGACGGT,0,4772680
ygeX_predicted,0.07692307692307693,12,12,AAGAGGGCTCTCGTCGGCAA,0,4793415
ygeX_predicted,0.07692307692307693,12,12,AAGAGATCAGCTGTTTGGGG,0,4785259
ygeX_predicted,0.07692307692307693,12,12,AAGACTCTGCGCAAATGGCG,0,4772343
ygeX_predicted,0.07692307692307693,12,12,AACTTTCGGCGTGGCCTAAC,0,4784688
ygeX_predicted,0.07692307692307693,12,12,AACGGTGGGGTAACGGGTCC,0,4776437
ygeX_predicted,0.07692307692307693,12,12,AACGCTGAAGGAATCCGTTG,0,4771334
ygeX_predicted,0.07692307692307693,12,12,AACGCCGATGCTTGCGTGAA,0,4783360
ygeX_predicted,0.07692307692307693,12,12,AACCAAGCCTCGAAAAAGGA,0,4775550
ygeX_predicted,0.07692307692307693,12,12,AACAGCACGATTGGTAGAGC,0,4792455
ygeX_predicted,0.07692307692307693,12,12,AACACGTGCTCCGCCACGGG,0,4791275
ygeX_predicted,0.07692307692307693,12,12,AACACCTAGTGTATGTATAA,0,4780608
ygeX_predicted,0.07692307692307693,12,12,AAATTGTAAAGTGGGGAGCA,0,4767187
ygeX_predicted,0.07692307692307693,12,12,AAATAGTCCTTGCTAACTGG,0,4770295
ygeX_predicted,0.07692307692307693,12,12,AAAGTCGAATTATTGAGCCT,0,4770620
ygeX_predicted,0.07692307692307693,12,12,AAAGCGCCGGGCCTTATAAA,0,4787402
ygeX_predicted,0.08333333333333333,11,11,TTTTCTGCCTGTTTCAGGCG,0,4768677
ygeX_predicted,0.08333333333333333,11,11,TTTTCCCATCTGCTAAGGGT,0,4772932
ygeX_predicted,0.08333333333333333,11,11,TTTTAGCACACATGCCAGGC,0,4769509
ygeX_predicted,0.08333333333333333,11,11,TTTGCGAGAGTTAACGGACC,0,4785641
ygeX_predicted,0.08333333333333333,11,11,TTTGAGCAGTCAACCGGGAT,0,4766832
ygeX_predicted,0.08333333333333333,11,11,TTTCGGGGGGCTGGTCGAAT,0,4788637
ygeX_predicted,0.08333333333333333,11,11,TTTACACCCGCGAAACTCAG,0,4788056
ygeX_predicted,0.08333333333333333,11,11,TTGGTATAATACAACGCAAC,0,4767751
ygeX_predicted,0.08333333333333333,11,11,TTGCCTTAAATCCCCGGGAC,0,4772396
ygeX_predicted,0.08333333333333333,11,11,TTGAAACGGTATTTGCCTCA,0,4787612
ygeX_predicted,0.08333333333333333,11,11,TTCTTGTTCCTGCGTTGAGG,0,4770043
ygeX_predicted,0.08333333333333333,11,11,TTCTGGCGGTGACTCGCCCC,0,4775751
ygeX_predicted,0.08333333333333333,11,11,TTCTATCGCGTTCTCTCTAG,0,4782261
ygeX_predicted,0.08333333333333333,11,11,TTCCTGTGTCAGTGGTGGCC,0,4782645
ygeX_predicted,0.08333333333333333,11,11,TTCACCCTGGGTAGCCCCCA,0,4780451
ygeX_predicted,0.08333333333333333,11,11,TTATCTCCTTACACGTCACA,0,4782850
ygeX_predicted,0.08333333333333333,11,11,TTAGCCGGCGCTTCTTTGCA,0,4774659
ygeX_predicted,0.08333333333333333,11,11,TTACTTATTCAGCACTTAGG,0,4784121
ygeX_predicted,0.08333333333333333,11,11,TTACTACGCCCACCAATCTT,0,4768774
ygeX_predicted,0.08333333333333333,11,11,TTAAGAGGTGTCTAAGCCTT,0,4781672
ygeX_predicted,0.08333333333333333,11,11,TTAACCACCTACTTACTCTG,0,4780302
ygeX_predicted,0.08333333333333333,11,11,TGTTCATTATACGGAAGAGA,0,4780399
ygeX_predicted,0.08333333333333333,11,11,TGTGATGCACTTAAGGGAAT,0,4772179
ygeX_predicted,0.08333333333333333,11,11,TGTGAGATGGGTGTCGGCTG,0,4769897
ygeX_predicted,0.08333333333333333,11,11,TGTATTAAAGGGCCAGACTA,0,4778284
ygeX_predicted,0.08333333333333333,11,11,TGTAGAGGCTGTACATCAAG,0,4779908
ygeX_predicted,0.08333333333333333,11,11,TGTACTTATCGCATGCAGAT,0,4776908
ygeX_predicted,0.08333333333333333,11,11,TGTACGCGGTCTTTTGCCAC,0,4783848
ygeX_predicted,0.08333333333333333,11,11,TGTACGAAAAGTTCAACTGC,0,4794521
ygeX_predicted,0.08333333333333333,11,11,TGGGTGGGATGCGCGCAGTT,0,4787517
ygeX_predicted,0.08333333333333333,11,11,TGGGGAGAGCAAGACGCGAC,0,4794613
ygeX_predicted,0.08333333333333333,11,11,TGGCGTATGGTCCTGATGGG,0,4787324
ygeX_predicted,0.08333333333333333,11,11,TGGCGGGTAAGCCAAGGGTT,0,4783316
ygeX_predicted,0.08333333333333333,11,11,TGGCCTGGGGCGCTTTCGGC,0,4791313
ygeX_predicted,0.08333333333333333,11,11,TGGCCCCGGGCGCACAATGC,0,4775046
ygeX_predicted,0.08333333333333333,11,11,TGGCCACCACGGAAGACATG,0,4767561
ygeX_predicted,0.08333333333333333,11,11,TGGCAGTACGCTAACAACTA,0,4779233
ygeX_predicted,0.08333333333333333,11,11,TGGATAATCACGTGGCATGG,0,4791085
ygeX_predicted,0.08333333333333333,11,11,TGCTCCGCTCCGCGAGCGAA,0,4791026
ygeX_predicted,0.08333333333333333,11,11,TGCTAAGCTTCACCAGATAA,0,4774316
ygeX_predicted,0.08333333333333333,11,11,TGCGTTAAGCGGGGCATTCC,0,4781357
ygeX_predicted,0.08333333333333333,11,11,TGCGCTGGTACATAACGAGG,0,4773421
ygeX_predicted,0.08333333333333333,11,11,TGCGACATAAGTGTAAACGA,0,4790323
ygeX_predicted,0.08333333333333333,11,11,TGCCATGTGTTATACGCAAT,0,4792781
ygeX_predicted,0.08333333333333333,11,11,TGCCAGTCCCGTGGCTTCGT,0,4766973
ygeX_predicted,0.08333333333333333,11,11,TGCATTAGAAATGTTGTGGC,0,4777596
ygeX_predicted,0.08333333333333333,11,11,TGAGTACCGCCCCCCCTCGC,0,4792990
ygeX_predicted,0.08333333333333333,11,11,TGAGAGGTTCAAAGACCTCC,0,4785647
ygeX_predicted,0.08333333333333333,11,11,TGACGCGTTTACAAAAATAA,0,4769861
ygeX_predicted,0.08333333333333333,11,11,TCTTGTGCATTTTCGCCCGT,0,4792117
ygeX_predicted,0.08333333333333333,11,11,TCTTGAAATCTGGTTTTATG,0,4776681
ygeX_predicted,0.08333333333333333,11,11,TCTTCGTCGCGAGAAGCCAT,0,4791841
ygeX_predicted,0.08333333333333333,11,11,TCTTACCTCACGCTACAAAA,0,4774365
ygeX_predicted,0.08333333333333333,11,11,TCTGCGACCTACCGACACCT,0,4766708
ygeX_predicted,0.08333333333333333,11,11,TCTCTCCTTTTGAGGTACAC,0,4781937
ygeX_predicted,0.08333333333333333,11,11,TCTATGATCCTCTGAAATAA,0,4787055
ygeX_predicted,0.08333333333333333,11,11,TCGTGGTAATTCCGTTACTG,0,4771005
ygeX_predicted,0.08333333333333333,11,11,TCGTGCTGATGAGAACATGA,0,4783258
ygeX_predicted,0.08333333333333333,11,11,TCGGTTGCGCGAGTTCAAAC,0,4774127
ygeX_predicted,0.08333333333333333,11,11,TCGGTTAGAGGCAAATCTCA,0,4787052
ygeX_predicted,0.08333333333333333,11,11,TCGCGTATGTGGGCCTTAAT,0,4770836
ygeX_predicted,0.08333333333333333,11,11,TCCGGCAGTATTGCCGTGAT,0,4772527
ygeX_predicted,0.08333333333333333,11,11,TCCGGATAAGTCTCACCCAA,0,4775543
ygeX_predicted,0.08333333333333333,11,11,TCCCGAGATTACCATGAGGG,0,4775382
ygeX_predicted,0.08333333333333333,11,11,TCATGATTTGCCTTATTTGC,0,4777027
ygeX_predicted,0.08333333333333333,11,11,TCAGTGACCTCGTAATATCA,0,4786606
ygeX_predicted,0.08333333333333333,11,11,TCAATTTGTTTGGCGCCTCG,0,4781216
ygeX_predicted,0.08333333333333333,11,11,TCAATACGTTGGTCGAAAGA,0,4779322
ygeX_predicted,0.08333333333333333,11,11,TCAAGCCCCCCACTCATATG,0,4769763
ygeX_predicted,0.08333333333333333,11,11,TATCCCTATCAATACGTTCT,0,4785611
ygeX_predicted,0.08333333333333333,11,11,TATACTTCGAGTCTTCACCA,0,4790816
ygeX_predicted,0.08333333333333333,11,11,TAGGGGATCCTATGGCGTGT,0,4780282
ygeX_predicted,0.08333333333333333,11,11,TAGACCGTGGTCTACTGGTT,0,4772884
ygeX_predicted,0.08333333333333333,11,11,TAGAAGGGAGGATAGGGGAG,0,4792738
ygeX_predicted,0.08333333333333333,11,11,TACTGGTCAGGTTGGAATTC,0,4776966
ygeX_predicted,0.08333333333333333,11,11,TACTGCAGCCCCTTCGGTCG,0,4773018
ygeX_predicted,0.08333333333333333,11,11,TACGTAGGCACAATCTAAGC,0,4770417
ygeX_predicted,0.08333333333333333,11,11,TACGGGTGGTGGAACGTTTG,0,4770804
ygeX_predicted,0.08333333333333333,11,11,TACCCAATTCACCGGAGAAG,0,4782304
ygeX_predicted,0.08333333333333333,11,11,TACAACCTAGGACTTCCACG,0,4774261
ygeX_predicted,0.08333333333333333,11,11,TACAACACCGATTTACATTA,0,4766781
ygeX_predicted,0.08333333333333333,11,11,TAATCAGATTATGTACATCA,0,4771865
ygeX_predicted,0.08333333333333333,11,11,TAATAGCACAATCCATTTAT,0,4791546
ygeX_predicted,0.08333333333333333,11,11,TAAGCCGGGTTTGGCCGGGC,0,4785456
ygeX_predicted,0.08333333333333333,11,11,TAAACGGAAATTTCATACAG,0,4786193
ygeX_predicted,0.08333333333333333,11,11,GTTGGCTGACATTTAGGTCG,0,4767250
ygeX_predicted,0.08333333333333333,11,11,GTTGAGGCAACGGTAGATTG,0,4781598
ygeX_predicted,0.08333333333333333,11,11,GTTCCGTGGCCAACTGTCTT,0,4785512
ygeX_predicted,0.08333333333333333,11,11,GTGTGAGTTGGTTTAATGAT,0,4787579
ygeX_predicted,0.08333333333333333,11,11,GTGTCGAGGCAATGTGTCAA,0,4776881
ygeX_predicted,0.08333333333333333,11,11,GTGGTGTAAGCCATTTGCCA,0,4782483
ygeX_predicted,0.08333333333333333,11,11,GTGGCATCAGGCGCACTATG,0,4790863
ygeX_predicted,0.08333333333333333,11,11,GTGGATTATGAACACTGTAT,0,4769996
ygeX_predicted,0.08333333333333333,11,11,GTGCTGTGCACACTGATAGC,0,4791613
ygeX_predicted,0.08333333333333333,11,11,GTGACACCTTTGCGCCCGCT,0,4784289
ygeX_predicted,0.08333333333333333,11,11,GTCGCCCTTGACCTCGCGAT,0,4766833
ygeX_predicted,0.08333333333333333,11,11,GTCGATGACTTAGGCTTGCT,0,4788296
ygeX_predicted,0.08333333333333333,11,11,GTCGAAATTGTTGATTTAAC,0,4790891
ygeX_predicted,0.08333333333333333,11,11,GTCCGTCGGGTGATGCAGAG,0,4783561
ygeX_predicted,0.08333333333333333,11,11,GTCCATGTCGCTCAATTTGC,0,4793790
ygeX_predicted,0.08333333333333333,11,11,GTCATCCTCATGGGCTTTGA,0,4783537
ygeX_predicted,0.08333333333333333,11,11,GTATCGGTCACATGGGGCCG,0,4781524
ygeX_predicted,0.08333333333333333,11,11,GTAATATAGGGAACAACTTA,0,4767106
ygeX_predicted,0.08333333333333333,11,11,GTAACATCAGGTGGGATAAT,0,4783540
ygeX_predicted,0.08333333333333333,11,11,GGTTATGCAACGGGGGTTCG,0,4788117
ygeX_predicted,0.08333333333333333,11,11,GGTTATCCCGAGCCACCGTC,0,4774047
ygeX_predicted,0.08333333333333333,11,11,GGTCGGCAATAGTGTGTTCT,0,4774053
ygeX_predicted,0.08333333333333333,11,11,GGTCATTGAGTGAACCTAGT,0,4781889
ygeX_predicted,0.08333333333333333,11,11,GGTAGTAGGAGCTCGATGCC,0,4775437
ygeX_predicted,0.08333333333333333,11,11,GGTAATTCGTCTCTCCCGTG,0,4777046
ygeX_predicted,0.08333333333333333,11,11,GGTAATACATCATAGATTAC,0,4775448
ygeX_predicted,0.08333333333333333,11,11,GGGCCAAATATCGTATACAA,0,4789357
ygeX_predicted,0.08333333333333333,11,11,GGGATTACATTCTCCTGCAA,0,4779981
ygeX_predicted,0.08333333333333333,11,11,GGCTGGAGGTGAAGGATAGG,0,4784292
ygeX_predicted,0.08333333333333333,11,11,GGCTGAAGTTCTTTTATAGA,0,4783166
ygeX_predicted,0.08333333333333333,11,11,GGCTCACTCAGCCTGACTTA,0,4767162
ygeX_predicted,0.08333333333333333,11,11,GGCGCGAAATAGCGTGGATC,0,4769687
ygeX_predicted,0.08333333333333333,11,11,GGCCTGGAAAGAAGTTCGTA,0,4783798
ygeX_predicted,0.08333333333333333,11,11,GGCCGAAGCAGAGGAATGAG,0,4769998
ygeX_predicted,0.08333333333333333,11,11,GGCCCGTTGACCCATAGTCT,0,4783565
ygeX_predicted,0.08333333333333333,11,11,GGCCCACACCGAGCACTGGA,0,4770435
ygeX_predicted,0.08333333333333333,11,11,GGCCAGCTTCACTGCTCTGT,0,4787884
ygeX_predicted,0.08333333333333333,11,11,GGCCAATATCAAATAGGCTT,0,4771277
ygeX_predicted,0.08333333333333333,11,11,GGCATCCCTGATGTTGTCTC,0,4777203
ygeX_predicted,0.08333333333333333,11,11,GGCACGCAAGTATAACTTTT,0,4783945
ygeX_predicted,0.08333333333333333,11,11,GGCAAGGAGATATGGAATAA,0,4775385
ygeX_predicted,0.08333333333333333,11,11,GGCAAAAAGCGGTATGCTGA,0,4781362
ygeX_predicted,0.08333333333333333,11,11,GGACGACTTCGGAGGAGTTT,0,4778531
ygeX_predicted,0.08333333333333333,11,11,GGAAAATGGGTGTAACTGAG,0,4788566
ygeX_predicted,0.08333333333333333,11,11,GCTCGCGGGATGATAGAACA,0,4776376
ygeX_predicted,0.08333333333333333,11,11,GCTCAGGACTTATCCTAGGT,0,4789817
ygeX_predicted,0.08333333333333333,11,11,GCTCACTATCAGCAGTTCCA,0,4785596
ygeX_predicted,0.08333333333333333,11,11,GCTCACGCTATGAAGTGGTT,0,4779166
ygeX_predicted,0.08333333333333333,11,11,GCTACCGATAGGAATCAGAC,0,4772954
ygeX_predicted,0.08333333333333333,11,11,GCGTGGGCGATCATTCATCA,0,4785306
ygeX_predicted,0.08333333333333333,11,11,GCGTCGTCTCGACAGGAGCG,0,4768977
ygeX_predicted,0.08333333333333333,11,11,GCGTCCCCCGGGTGGCATCG,0,4793935
ygeX_predicted,0.08333333333333333,11,11,GCGTAGTGCTCGTCCCGTGG,0,4788230
ygeX_predicted,0.08333333333333333,11,11,GCGGCGTACAAGCATAGCAT,0,4789853
ygeX_predicted,0.08333333333333333,11,11,GCGCTTCTTGGCACATTGAG,0,4781398
ygeX_predicted,0.08333333333333333,11,11,GCGCCTTGGGTCTGCGGACG,0,4768423
ygeX_predicted,0.08333333333333333,11,11,GCGCCCGATGCGTTGATAGA,0,4778697
ygeX_predicted,0.08333333333333333,11,11,GCGCCATTTTTACGCAGCCT,0,4773656
ygeX_predicted,0.08333333333333333,11,11,GCGCACGGTTGGTAGCGACA,0,4783293
ygeX_predicted,0.08333333333333333,11,11,GCGCACGAGACACGTTGTTA,0,4790347
ygeX_predicted,0.08333333333333333,11,11,GCGAGTATCGTGGACCGCGT,0,4791726
ygeX_predicted,0.08333333333333333,11,11,GCGAGCCGCCACGAGTGTAT,0,4775639
ygeX_predicted,0.08333333333333333,11,11,GCGACTTTTCGAAATTAGGT,0,4766976
ygeX_predicted,0.08333333333333333,11,11,GCGACGCGACCAGGGCTAAT,0,4780982
ygeX_predicted,0.08333333333333333,11,11,GCCTCTAGTAACGCCCCGTA,0,4779330
ygeX_predicted,0.08333333333333333,11,11,GCCTCCGTGGGATGATGAGA,0,4776349
ygeX_predicted,0.08333333333333333,11,11,GCCTCCAGGGAAGTGTAGGA,0,4788992
ygeX_predicted,0.08333333333333333,11,11,GCCTAAGTCAGAGCCACACT,0,4768004
ygeX_predicted,0.08333333333333333,11,11,GCCGTACTCGGCCCCCTAAA,0,4774348
ygeX_predicted,0.08333333333333333,11,11,GCCCATCGTCTCATTCTAAG,0,4777085
ygeX_predicted,0.08333333333333333,11,11,GCCAGCGAGCGAAGTATGGT,0,4779686
ygeX_predicted,0.08333333333333333,11,11,GCATTATGCAACTATCGTGT,0,4777424
ygeX_predicted,0.08333333333333333,11,11,GCATCTACTAGAGTCAACTA,0,4788001
ygeX_predicted,0.08333333333333333,11,11,GCATCCCCGATTGTGTTGCA,0,4775025
ygeX_predicted,0.08333333333333333,11,11,GCAGTGAACGGTAAATCCAC,0,4771757
ygeX_predicted,0.08333333333333333,11,11,GCAGCATTTCCTGTACCTTT,0,4769280
ygeX_predicted,0.08333333333333333,11,11,GCACTTCACTCCTGCTGTAT,0,4781423
ygeX_predicted,0.08333333333333333,11,11,GCACACGTACAACGGTGGGA,0,4791598
ygeX_predicted,0.08333333333333333,11,11,GATGGAGCCTTAGTCCACCT,0,4778190
ygeX_predicted,0.08333333333333333,11,11,GATGCGGACGTGTTAGTCCC,0,4768158
ygeX_predicted,0.08333333333333333,11,11,GATCTTGGACCCATATGTCA,0,4793362
ygeX_predicted,0.08333333333333333,11,11,GAGTCTTAAGCCGAAACGAA,0,4786915
ygeX_predicted,0.08333333333333333,11,11,GAGTACTACGCCCTGGCGCT,0,4776291
ygeX_predicted,0.08333333333333333,11,11,GAGTAACCAGGGTACTTTTA,0,4787538
ygeX_predicted,0.08333333333333333,11,11,GAGCTCGGTATCCCATGTAC,0,4772886
ygeX_predicted,0.08333333333333333,11,11,GAGACGACACTGGGGTTTCC,0,4767483
ygeX_predicted,0.08333333333333333,11,11,GACTCTCAGCCCCCGAATAG,0,4775965
ygeX_predicted,0.08333333333333333,11,11,GACTCGTCCACAAGCCCGGC,0,4768929
ygeX_predicted,0.08333333333333333,11,11,GACTCACTTTTATTCATCTG,0,4776155
ygeX_predicted,0.08333333333333333,11,11,GACGGGGAACGCCCGCCACA,0,4774959
ygeX_predicted,0.08333333333333333,11,11,GACCTAGGCATGATGATGCG,0,4786954
ygeX_predicted,0.08333333333333333,11,11,GAAATATATAAGCGCGACAA,0,4767647
ygeX_predicted,0.08333333333333333,11,11,CTTGGTTGGTAAGGAGGGAC,0,4773842
ygeX_predicted,0.08333333333333333,11,11,CTTGGGGAGTAGCATCACCG,0,4780944
ygeX_predicted,0.08333333333333333,11,11,CTTGACCAAGTTCCCGGATT,0,4790240
ygeX_predicted,0.08333333333333333,11,11,CTTATAGAGTGCGTCTTTTG,0,4789543
ygeX_predicted,0.08333333333333333,11,11,CTGGTGCTGCCCACAGTATC,0,4770990
ygeX_predicted,0.08333333333333333,11,11,CTGGCCTATTGCGAATGGCA,0,4775297
ygeX_predicted,0.08333333333333333,11,11,CTGGACAGAGATTGGGGTCT,0,4777394
ygeX_predicted,0.08333333333333333,11,11,CTGCGGCTCTCCGTCTTGAT,0,4769772
ygeX_predicted,0.08333333333333333,11,11,CTCTTCCGCCAATGCCCCGC,0,4770452
ygeX_predicted,0.08333333333333333,11,11,CTCTAAACCTTAGCCAAGGC,0,4791890
ygeX_predicted,0.08333333333333333,11,11,CTCGAAGTTCGTTCAATAAA,0,4784678
ygeX_predicted,0.08333333333333333,11,11,CTAGTTCTCTCACCGGCACA,0,4788935
ygeX_predicted,0.08333333333333333,11,11,CTAGAAGACCAATTGGCGTC,0,4774931
ygeX_predicted,0.08333333333333333,11,11,CTACAAGTGGTGTCAGCAAC,0,4789505
ygeX_predicted,0.08333333333333333,11,11,CTAATAACGCGTACACTTGC,0,4781184
ygeX_predicted,0.08333333333333333,11,11,CGTTGTCTGACGTATCATGT,0,4774471
ygeX_predicted,0.08333333333333333,11,11,CGTGCCCGACCCTCCGCATG,0,4792132
ygeX_predicted,0.08333333333333333,11,11,CGTAAAAAAGGGCTTGCGAT,0,4777207
ygeX_predicted,0.08333333333333333,11,11,CGGGTGCTCCCTCCAACCAG,0,4779601
ygeX_predicted,0.08333333333333333,11,11,CGGGGTCTGCAACGCTAAAG,0,4777152
ygeX_predicted,0.08333333333333333,11,11,CGGGGTAGTCCCGTCAAGTG,0,4792298
ygeX_predicted,0.08333333333333333,11,11,CGGGACAACCGCGTGACCGT,0,4771658
ygeX_predicted,0.08333333333333333,11,11,CGCTCAATGCGCAGAAACTA,0,4784643
ygeX_predicted,0.08333333333333333,11,11,CGCACACGATAAAAAGTAGT,0,4778749
ygeX_predicted,0.08333333333333333,11,11,CGATCCGCCTCGTAGCAGGC,0,4783514
ygeX_predicted,0.08333333333333333,11,11,CGAGTCATCGTAGACTCGTT,0,4784942
ygeX_predicted,0.08333333333333333,11,11,CGAAGAGCGTGACTTCCAAA,0,4785317
ygeX_predicted,0.08333333333333333,11,11,CCTTTAAAGTGAAAGGACGT,0,4777269
ygeX_predicted,0.08333333333333333,11,11,CCTTCCCGGGACCAGCGACC,0,4773646
ygeX_predicted,0.08333333333333333,11,11,CCTGGGGTACCCATAAGAAA,0,4778515
ygeX_predicted,0.08333333333333333,11,11,CCTAAATCTCGGGAGTGCTT,0,4782890
ygeX_predicted,0.08333333333333333,11,11,CCGTTTTGCACCGGCTTCAG,0,4769844
ygeX_predicted,0.08333333333333333,11,11,CCGTTGGCCCACCGAGCGCT,0,4774764
ygeX_predicted,0.08333333333333333,11,11,CCGTCGAGTCAGCGGTGGGA,0,4786809
ygeX_predicted,0.08333333333333333,11,11,CCGGCCTAAGTAACTCTACT,0,4783019
ygeX_predicted,0.08333333333333333,11,11,CCGGAGATTTCCCCCCTTGC,0,4791979
ygeX_predicted,0.08333333333333333,11,11,CCGGACTGTAAGCCACGCAA,0,4779476
ygeX_predicted,0.08333333333333333,11,11,CCGCGCACGGGGGCGAGTCA,0,4785545
ygeX_predicted,0.08333333333333333,11,11,CCGCCTAGAAATAACTGAAG,0,4784745
ygeX_predicted,0.08333333333333333,11,11,CCCTCCACTCGGGTTGATCT,0,4771242
ygeX_predicted,0.08333333333333333,11,11,CCCTCACCATGTCGTAGAAT,0,4771387
ygeX_predicted,0.08333333333333333,11,11,CCCGGTCCTTCGCGAGAATA,0,4789991
ygeX_predicted,0.08333333333333333,11,11,CCCGGCTGTACTCTCACACG,0,4783756
ygeX_predicted,0.08333333333333333,11,11,CCCCACCCTTAGGCACGCGA,0,4784383
ygeX_predicted,0.08333333333333333,11,11,CCCCAACCACCATTCGCGCA,0,4782891
ygeX_predicted,0.08333333333333333,11,11,CCAGGATCCTAACCAGAACC,0,4789595
ygeX_predicted,0.08333333333333333,11,11,CCACTGTCTTTATTTGGAAG,0,4770413
ygeX_predicted,0.08333333333333333,11,11,CCACCCTAGGAGTTTACGAG,0,4788880
ygeX_predicted,0.08333333333333333,11,11,CCACCCGGAATCCCTCGGGT,0,4780489
ygeX_predicted,0.08333333333333333,11,11,CCAATTATAGTACTCATCTG,0,4775451
ygeX_predicted,0.08333333333333333,11,11,CATTGGAGAAAGGAAGGGAC,0,4793158
ygeX_predicted,0.08333333333333333,11,11,CATGCCCGGTCCCGCGCTGG,0,4786630
ygeX_predicted,0.08333333333333333,11,11,CATCCGTGAAGCGAAGACTC,0,4794693
ygeX_predicted,0.08333333333333333,11,11,CAGTGTGTGAATTTTCCGGT,0,4780617
ygeX_predicted,0.08333333333333333,11,11,CAGTGACTCGTACGTCTTGT,0,4770222
ygeX_predicted,0.08333333333333333,11,11,CAGGTGTAGAGTAAACAGCG,0,4780992
ygeX_predicted,0.08333333333333333,11,11,CAGGGATGCGGGCCTTGCGC,0,4784090
ygeX_predicted,0.08333333333333333,11,11,CAGATAAGGAGGCCCGCTCA,0,4780494
ygeX_predicted,0.08333333333333333,11,11,CAGAAGAGTGCATCCCTAGG,0,4766834
ygeX_predicted,0.08333333333333333,11,11,CACGGATGAGCTTAGGTATA,0,4785888
ygeX_predicted,0.08333333333333333,11,11,CACCGATCTACCCAAGTCTT,0,4781554
ygeX_predicted,0.08333333333333333,11,11,CACCATAGACCACTGCATGA,0,4779107
ygeX_predicted,0.08333333333333333,11,11,CACATGGTACTCGGTTCGAA,0,4781743
ygeX_predicted,0.08333333333333333,11,11,CAAGAGAGTAATAAGCGTTC,0,4779405
ygeX_predicted,0.08333333333333333,11,11,ATTGTGGGTGGAGCAGAGGC,0,4789030
ygeX_predicted,0.08333333333333333,11,11,ATTGGCAGCAGCTTACAAGT,0,4789955
ygeX_predicted,0.08333333333333333,11,11,ATTGCTTTTCAAGGTACGGG,0,4777934
ygeX_predicted,0.08333333333333333,11,11,ATTGCCGAAGTTTAGTAAGC,0,4778692
ygeX_predicted,0.08333333333333333,11,11,ATTGATCGATTGAATGGTTG,0,4792278
ygeX_predicted,0.08333333333333333,11,11,ATTGACGCGACCACCTGGAG,0,4774778
ygeX_predicted,0.08333333333333333,11,11,ATTCGAATCCCTCGCGGTGC,0,4788282
ygeX_predicted,0.08333333333333333,11,11,ATTCCTGAAGGTAGGGAGCT,0,4788673
ygeX_predicted,0.08333333333333333,11,11,ATGTTCCCGAGCGAAAGCGG,0,4780495
ygeX_predicted,0.08333333333333333,11,11,ATGTATCACGGGGTATTGCC,0,4779124
ygeX_predicted,0.08333333333333333,11,11,ATGTATATTGTTGGTTGTGG,0,4778368
ygeX_predicted,0.08333333333333333,11,11,ATGCGAAGCAGGTACGGTAG,0,4769109
ygeX_predicted,0.08333333333333333,11,11,ATGAGCTGAAGCTGGTTAGA,0,4776505
ygeX_predicted,0.08333333333333333,11,11,ATCTTGCCGCTCAAGGTCTC,0,4783131
ygeX_predicted,0.08333333333333333,11,11,ATCTGCAACGCTCGGTGATT,0,4780010
ygeX_predicted,0.08333333333333333,11,11,ATCGACGTAACGTCTACATT,0,4786694
ygeX_predicted,0.08333333333333333,11,11,ATCGAACACTACGTAAGTGA,0,4781049
ygeX_predicted,0.08333333333333333,11,11,ATCCGGCACTGACCCAGAGT,0,4773447
ygeX_predicted,0.08333333333333333,11,11,ATCATTGTTCGGTTTCATTG,0,4789253
ygeX_predicted,0.08333333333333333,11,11,ATCAGCTCACTTATCACCGT,0,4770336
ygeX_predicted,0.08333333333333333,11,11,ATCAGCAGTCACCGGTGTAT,0,4789523
ygeX_predicted,0.08333333333333333,11,11,ATCAAAGTCGAGTTGATCTA,0,4774728
ygeX_predicted,0.08333333333333333,11,11,ATATGCTCGAACAATCTCGC,0,4775864
ygeX_predicted,0.08333333333333333,11,11,ATAGTCAGCGTTTGCGGGTG,0,4788784
ygeX_predicted,0.08333333333333333,11,11,ATAGGACTACAATGCTTCTC,0,4786966
ygeX_predicted,0.08333333333333333,11,11,ATAAGCAGAAACGAGACACC,0,4771135
ygeX_predicted,0.08333333333333333,11,11,ATAACTCATGAAGCACCTCT,0,4767917
ygeX_predicted,0.08333333333333333,11,11,ATAAATCGTATACTTTAGGA,0,4790625
ygeX_predicted,0.08333333333333333,11,11,AGTTAAACGCACAGAGATTG,0,4768602
ygeX_predicted,0.08333333333333333,11,11,AGTGGGATACGAAATGTGGC,0,4779929
ygeX_predicted,0.08333333333333333,11,11,AGTGCCCGTCTCTAGTTGTT,0,4794350
ygeX_predicted,0.08333333333333333,11,11,AGTCTTTCGAGGTGTTCACG,0,4787346
ygeX_predicted,0.08333333333333333,11,11,AGTCCTGGGCCTGCTCCGCT,0,4773687
ygeX_predicted,0.08333333333333333,11,11,AGTAGGGCGCAAGTTTAAAG,0,4770573
ygeX_predicted,0.08333333333333333,11,11,AGTACCCCCGATCAAGGGTA,0,4790423
ygeX_predicted,0.08333333333333333,11,11,AGGTTGCAATCGTCCACGTA,0,4781785
ygeX_predicted,0.08333333333333333,11,11,AGGTAGGAGGAGCTCGTTAC,0,4779926
ygeX_predicted,0.08333333333333333,11,11,AGGGCGGCGGTCATCATTCT,0,4790940
ygeX_predicted,0.08333333333333333,11,11,AGGGATCCCAGGACGGGCCT,0,4787150
ygeX_predicted,0.08333333333333333,11,11,AGGCCTATTGACCGCTTCAC,0,4769525
ygeX_predicted,0.08333333333333333,11,11,AGCTCGCCCTGGTTAAGAGG,0,4770646
ygeX_predicted,0.08333333333333333,11,11,AGCCGAGCAAGGTCAAGTTT,0,4792595
ygeX_predicted,0.08333333333333333,11,11,AGCCACGGGGTACATCACGA,0,4787595
ygeX_predicted,0.08333333333333333,11,11,AGCACGACGTATTTGGACTA,0,4794361
ygeX_predicted,0.08333333333333333,11,11,AGATCGTATTCTGAACTACT,0,4794348
ygeX_predicted,0.08333333333333333,11,11,AGAGGTTGCTTCAATTCGGT,0,4771371
ygeX_predicted,0.08333333333333333,11,11,AGACTTGAATGCGTACGTAG,0,4774631
ygeX_predicted,0.08333333333333333,11,11,AGACTCCTAGAAGCCTTATG,0,4788170
ygeX_predicted,0.08333333333333333,11,11,AGACAGTAACCCTTGTTATA,0,4773788
ygeX_predicted,0.08333333333333333,11,11,AGAAGTATTTTGCTAGGCGC,0,4790833
ygeX_predicted,0.08333333333333333,11,11,ACTTGCTTGAAGCAGCTTGT,0,4784600
ygeX_predicted,0.08333333333333333,11,11,ACTGATTAGTAAATCCCTTC,0,4770335
ygeX_predicted,0.08333333333333333,11,11,ACTGAAGCCGGTGCGCCCTA,0,4786574
ygeX_predicted,0.08333333333333333,11,11,ACTCCAACAGGCATTCCTAG,0,4779712
ygeX_predicted,0.08333333333333333,11,11,ACTAGCACACCCTGGTGGCA,0,4787980
ygeX_predicted,0.08333333333333333,11,11,ACGGACAGATAGTCGGTCCG,0,4776978
ygeX_predicted,0.08333333333333333,11,11,ACGCGTGACCATTGGCGCGG,0,4794107
ygeX_predicted,0.08333333333333333,11,11,ACCTGATACAGGGTTAAGAT,0,4772805
ygeX_predicted,0.08333333333333333,11,11,ACCCTCCGCCAGCTGGCACC,0,4776695
ygeX_predicted,0.08333333333333333,11,11,ACCCAGTACGCAAGAAGGCC,0,4773722
ygeX_predicted,0.08333333333333333,11,11,ACCATTTCAAGGATACCTGT,0,4767404
ygeX_predicted,0.08333333333333333,11,11,ACCATTGCTTTAAAATGGTA,0,4787503
ygeX_predicted,0.08333333333333333,11,11,ACCAGAAAGCGTAGGTTTCG,0,4784428
ygeX_predicted,0.08333333333333333,11,11,ACCAATACCAGCGACTCGGG,0,4791430
ygeX_predicted,0.08333333333333333,11,11,ACCAAGATAGAAAAACCACA,0,4785243
ygeX_predicted,0.08333333333333333,11,11,ACATGTTGACCTGCACAGGA,0,4771141
ygeX_predicted,0.08333333333333333,11,11,ACATGGTGAGCTCGACTCGG,0,4793463
ygeX_predicted,0.08333333333333333,11,11,ACAGCACGACCGCTAGAACG,0,4785043
ygeX_predicted,0.08333333333333333,11,11,ACAGACGGCTGGAAGATTAG,0,4786581
ygeX_predicted,0.08333333333333333,11,11,ACAGAATACAATCATGCACG,0,4770445
ygeX_predicted,0.08333333333333333,11,11,AATGTCTTGGGGGGTGATGC,0,4771917
ygeX_predicted,0.08333333333333333,11,11,AATGGATTCCAGCTTTAAAT,0,4783063
ygeX_predicted,0.08333333333333333,11,11,AATGCAGTCCGGCGAGTCTC,0,4770082
ygeX_predicted,0.08333333333333333,11,11,AATCGGATGAGCTACTGGTG,0,4781990
ygeX_predicted,0.08333333333333333,11,11,AATCATGCGGGTGCAACGGT,0,4770680
ygeX_predicted,0.08333333333333333,11,11,AATCAAACCACACGTTAGAG,0,4787657
ygeX_predicted,0.08333333333333333,11,11,AATAGCTTTCTCAGTCCAAT,0,4774545
ygeX_predicted,0.08333333333333333,11,11,AATAGAGTATTAATCCCTGA,0,4783454
ygeX_predicted,0.08333333333333333,11,11,AATACTTGGCGTTTTGGTTA,0,4778709
ygeX_predicted,0.08333333333333333,11,11,AATAAGCAACCTCTCTCGTA,0,4783081
ygeX_predicted,0.08333333333333333,11,11,AAGTCTCTGCTGTTGCCTGG,0,4771544
ygeX_predicted,0.08333333333333333,11,11,AAGTCATGGTAGCGAAGCGG,0,4772119
ygeX_predicted,0.08333333333333333,11,11,AAGTCATATGCGTAGCGACC,0,4776222
ygeX_predicted,0.08333333333333333,11,11,AAGGGTTGGCTAATATAGAT,0,4779320
ygeX_predicted,0.08333333333333333,11,11,AAGGGGCATTACTCATGTTT,0,4786421
ygeX_predicted,0.08333333333333333,11,11,AACTTGGATATAAAAGGGCG,0,4775026
ygeX_predicted,0.08333333333333333,11,11,AACTTACGTGAATGTTTCCC,0,4773751
ygeX_predicted,0.08333333333333333,11,11,AACTGGAGTAGGGGTCTCCA,0,4792947
ygeX_predicted,0.08333333333333333,11,11,AACTCAATCTGCTAGTGTCT,0,4774035
ygeX_predicted,0.08333333333333333,11,11,AACGCAGACACCCGATCCGT,0,4784221
ygeX_predicted,0.08333333333333333,11,11,AACGATATGATCACTTCACA,0,4777818
ygeX_predicted,0.08333333333333333,11,11,AACCTTCAGAGTGAGGCAAT,0,4791582
ygeX_predicted,0.08333333333333333,11,11,AACCCCGTCGTCGGTTTAAT,0,4779638
ygeX_predicted,0.08333333333333333,11,11,AACCAGGCTCGTATGTGATG,0,4774559
ygeX_predicted,0.08333333333333333,11,11,AACAAAACTTGAACTCGTCC,0,4792468
ygeX_predicted,0.08333333333333333,11,11,AAAGCTTTGGGCCTACTGTC,0,4768986
ygeX_predicted,0.08333333333333333,11,11,AAAGAGGGTAAGCTCGGAGG,0,4789438
ygeX_predicted,0.09090909090909091,10,10,TTTTTGTTGCGCTCGGCGAG,0,4788824
ygeX_predicted,0.09090909090909091,10,10,TTTTGTGGTTACTTGCCGTG,0,4781108
ygeX_predicted,0.09090909090909091,10,10,TTTGTAGGGAAGTATGGTCA,0,4792762
ygeX_predicted,0.09090909090909091,10,10,TTTGCACCGTCAAGAACCAT,0,4792966
ygeX_predicted,0.09090909090909091,10,10,TTTCCGGGGGGTCCCCACAT,0,4775669
ygeX_predicted,0.09090909090909091,10,10,TTGGTTCGAAGATTGGTCCA,0,4786874
ygeX_predicted,0.09090909090909091,10,10,TTGGGTCCGTAGACAAGAGG,0,4775675
ygeX_predicted,0.09090909090909091,10,10,TTGCGGGCATGGCAAGTCAC,0,4781635
ygeX_predicted,0.09090909090909091,10,10,TTCTGATTTAGCAACGTGGT,0,4772899
ygeX_predicted,0.09090909090909091,10,10,TTCTGAGTAGGTGAACGAAT,0,4773386
ygeX_predicted,0.09090909090909091,10,10,TTCGTCTCTCTCCCTGACTT,0,4781563
ygeX_predicted,0.09090909090909091,10,10,TTATCCCCGGTGTCGCTCCA,0,4772053
ygeX_predicted,0.09090909090909091,10,10,TTAGGTTTATCTAGTATAGG,0,4776117
ygeX_predicted,0.09090909090909091,10,10,TTAGCTTGTTATTGCGATAT,0,4784525
ygeX_predicted,0.09090909090909091,10,10,TTAGACGTCTACTAATAGCG,0,4790380
ygeX_predicted,0.09090909090909091,10,10,TGTTCTGCAAAGCCGCTCAC,0,4788953
ygeX_predicted,0.09090909090909091,10,10,TGTTAGGTCCTAACGGATAA,0,4771827
ygeX_predicted,0.09090909090909091,10,10,TGTCAGTGTATGCGGCCCAA,0,4788214
ygeX_predicted,0.09090909090909091,10,10,TGGTTCCAGTCGTTTTCTGA,0,4784665
ygeX_predicted,0.09090909090909091,10,10,TGGTAAGCTTTCAACCAATT,0,4794372
ygeX_predicted,0.09090909090909091,10,10,TGGGGTCCCGAGAGGGAACT,0,4770457
ygeX_predicted,0.09090909090909091,10,10,TGGGACTCTCCCATCGGAGC,0,4790336
ygeX_predicted,0.09090909090909091,10,10,TGGAGGCTAGGATAACGGCT,0,4772953
ygeX_predicted,0.09090909090909091,10,10,TGCGGTGTGAACGTCGCTTC,0,4768000
ygeX_predicted,0.09090909090909091,10,10,TGCGGAAACCTGGGTGCTAT,0,4794719
ygeX_predicted,0.09090909090909091,10,10,TGCCTCGGCTAAATCGACAT,0,4768499
ygeX_predicted,0.09090909090909091,10,10,TGCATATGAGATCTGTGCAA,0,4770814
ygeX_predicted,0.09090909090909091,10,10,TGAAGAGGTAATGTGTTAGC,0,4785664
ygeX_predicted,0.09090909090909091,10,10,TCTTTCATGCACGTGATAAG,0,4790348
ygeX_predicted,0.09090909090909091,10,10,TCTTCCGAGTTATGGATAAC,0,4777116
ygeX_predicted,0.09090909090909091,10,10,TCTTAAGCCGTCGTTACAGG,0,4771848
ygeX_predicted,0.09090909090909091,10,10,TCTCTGTAGGATGATGGCAG,0,4783811
ygeX_predicted,0.09090909090909091,10,10,TCTCGGGTGTTCACGAGTCC,0,4787915
ygeX_predicted,0.09090909090909091,10,10,TCTAAGGAGTAACTCATCTA,0,4779811
ygeX_predicted,0.09090909090909091,10,10,TCGTACTGGGCTGGCGCACA,0,4791629
ygeX_predicted,0.09090909090909091,10,10,TCGGTGCCACTACAATCTTT,0,4769383
ygeX_predicted,0.09090909090909091,10,10,TCGGCTCGCGCATGAATACC,0,4790502
ygeX_predicted,0.09090909090909091,10,10,TCGCCCGAACTAAGCTCACA,0,4785825
ygeX_predicted,0.09090909090909091,10,10,TCGAGTAGCCATAACAGTAT,0,4775421
ygeX_predicted,0.09090909090909091,10,10,TCCTTTACTTTAGAGGGTTA,0,4767403
ygeX_predicted,0.09090909090909091,10,10,TCCGGGGTAATTTGACGCGC,0,4772236
ygeX_predicted,0.09090909090909091,10,10,TCCCTGCGAAGTTGCGTGAT,0,4768757
ygeX_predicted,0.09090909090909091,10,10,TCCCTATGTTATGGCGCCTG,0,4790454
ygeX_predicted,0.09090909090909091,10,10,TCCAAAGCCCCCTTAGAGCC,0,4786211
ygeX_predicted,0.09090909090909091,10,10,TCAGGATATATGTCGTGAAC,0,4784710
ygeX_predicted,0.09090909090909091,10,10,TCACTCGGACAGCGGTCACG,0,4785339
ygeX_predicted,0.09090909090909091,10,10,TCACGAGGCATCGGCGCGGT,0,4786764
ygeX_predicted,0.09090909090909091,10,10,TCAAAGCTAACGACCCGCTA,0,4787478
ygeX_predicted,0.09090909090909091,10,10,TATTGAAGCACGCCTGATCC,0,4784819
ygeX_predicted,0.09090909090909091,10,10,TATTAAACAGTGAAAGGCAG,0,4775334
ygeX_predicted,0.09090909090909091,10,10,TATGCGCACTACTTTTGGAA,0,4784085
ygeX_predicted,0.09090909090909091,10,10,TATGCAAGAGGGAAGTTATA,0,4792160
ygeX_predicted,0.09090909090909091,10,10,TATATTACACACCGTAGGAC,0,4776921
ygeX_predicted,0.09090909090909091,10,10,TATATAGGGATTTCACCTGT,0,4778857
ygeX_predicted,0.09090909090909091,10,10,TAGGCCGGCAGACTGCCTTA,0,4782154
ygeX_predicted,0.09090909090909091,10,10,TAGCCTTATAGTCGGCAAGG,0,4771550
ygeX_predicted,0.09090909090909091,10,10,TAGAATACTGACAATATAAA,0,4767752
ygeX_predicted,0.09090909090909091,10,10,TACTAAGAAAACCAATCCGT,0,4771373
ygeX_predicted,0.09090909090909091,10,10,TACGGAGCTTAGTTAGCTCA,0,4790503
ygeX_predicted,0.09090909090909091,10,10,TACCGGCTTGCACGTATGGG,0,4772108
ygeX_predicted,0.09090909090909091,10,10,TACCAACGTGAGCCAGCTGG,0,4783061
ygeX_predicted,0.09090909090909091,10,10,TACAGTTCATACCCAAATAT,0,4768988
ygeX_predicted,0.09090909090909091,10,10,TAATCACAAATGACCTAACG,0,4784528
ygeX_predicted,0.09090909090909091,10,10,TAAGGGAAGATGCTCTTTCA,0,4770300
ygeX_predicted,0.09090909090909091,10,10,TAACGAGTCAAAATCAGTTC,0,4768383
ygeX_predicted,0.09090909090909091,10,10,TAAATTCCGAGCTACGGGAA,0,4792522
ygeX_predicted,0.09090909090909091,10,10,TAAAGCGGCAGATCACACGT,0,4789200
ygeX_predicted,0.09090909090909091,10,10,TAAAACTTTAGAAGTATTTT,0,4777412
ygeX_predicted,0.09090909090909091,10,10,GTTCCTTTCAGAACGTCGGG,0,4792705
ygeX_predicted,0.09090909090909091,10,10,GTGTTGAACATTGGTATTTT,0,4769942
ygeX_predicted,0.09090909090909091,10,10,GTGGTCCGTTCAAGGTTAGA,0,4777806
ygeX_predicted,0.09090909090909091,10,10,GTGGACCCGGATGGTAGCGG,0,4773571
ygeX_predicted,0.09090909090909091,10,10,GTGATTCGCTGGCTTCAGTT,0,4783341
ygeX_predicted,0.09090909090909091,10,10,GTGATGCATGTGCACCTAAC,0,4784597
ygeX_predicted,0.09090909090909091,10,10,GTCTGCGATTGGGAGTAAGG,0,4779656
ygeX_predicted,0.09090909090909091,10,10,GTCGTTTTATCTCCCATTAC,0,4793856
ygeX_predicted,0.09090909090909091,10,10,GTCGCTGTTGACCTCGGCTC,0,4784726
ygeX_predicted,0.09090909090909091,10,10,GTCCAGGCTGCACGTGCATA,0,4769284
ygeX_predicted,0.09090909090909091,10,10,GTATCCACGTGCTGGCCGAA,0,4767488
ygeX_predicted,0.09090909090909091,10,10,GTATCCACGTGATGTTAGCC,0,4786010
ygeX_predicted,0.09090909090909091,10,10,GTATACGCCTTCACCTCACA,0,4773310
ygeX_predicted,0.09090909090909091,10,10,GTATACGCCGCAGCAGGAGC,0,4781030
ygeX_predicted,0.09090909090909091,10,10,GTAGCACTGACCCAGTACTA,0,4779587
ygeX_predicted,0.09090909090909091,10,10,GTAGAACATTGGTAGGTACT,0,4777441
ygeX_predicted,0.09090909090909091,10,10,GTACTCAACTTCAGTCTCAA,0,4778434
ygeX_predicted,0.09090909090909091,10,10,GTAACGCGACCGATGTCTAG,0,4792924
ygeX_predicted,0.09090909090909091,10,10,GGTTCGGCAGTAGGCACGTT,0,4785191
ygeX_predicted,0.09090909090909091,10,10,GGTTCCCACTGTCGCGACAT,0,4789063
ygeX_predicted,0.09090909090909091,10,10,GGTGTAATGCCTGGAGTCTT,0,4777901
ygeX_predicted,0.09090909090909091,10,10,GGTGCCGTTGTCAACCAGTT,0,4794553
ygeX_predicted,0.09090909090909091,10,10,GGTATGGTCAAAGGTGAGTT,0,4772666
ygeX_predicted,0.09090909090909091,10,10,GGTAGGAGCAAGAATCTTCT,0,4779200
ygeX_predicted,0.09090909090909091,10,10,GGTAGCCAGACTAAAGCGCA,0,4780568
ygeX_predicted,0.09090909090909091,10,10,GGTACTTGTATCGATGCGAA,0,4793540
ygeX_predicted,0.09090909090909091,10,10,GGTACGGACAGATAAAGGAA,0,4794572
ygeX_predicted,0.09090909090909091,10,10,GGTACGAACACCTTAAACTC,0,4784766
ygeX_predicted,0.09090909090909091,10,10,GGTAATTGCCTCGCCATCCA,0,4770527
ygeX_predicted,0.09090909090909091,10,10,GGGTTGAAGTCGCGGACGGG,0,4778244
ygeX_predicted,0.09090909090909091,10,10,GGGTAGGGTCCTTTGCAATG,0,4783776
ygeX_predicted,0.09090909090909091,10,10,GGGCTCCGTCCATCTTGATT,0,4787777
ygeX_predicted,0.09090909090909091,10,10,GGCTTGAGAGTCAACGTGGT,0,4767530
ygeX_predicted,0.09090909090909091,10,10,GGCTGTAGGGATACTGCGCA,0,4767467
ygeX_predicted,0.09090909090909091,10,10,GGCCCGAAGTGCGAGAAGTT,0,4773572
ygeX_predicted,0.09090909090909091,10,10,GGCAGTAAGCGTCCGGTTAT,0,4769201
ygeX_predicted,0.09090909090909091,10,10,GGCAGGAAGTTAGTTCTTGT,0,4781131
ygeX_predicted,0.09090909090909091,10,10,GGCACTTGCCTGAAGTGGCT,0,4784224
ygeX_predicted,0.09090909090909091,10,10,GGATGCATATATCTATCATC,0,4767983
ygeX_predicted,0.09090909090909091,10,10,GGACCGTGGAAGCGTAACAA,0,4785402
ygeX_predicted,0.09090909090909091,10,10,GGACAAGGGAAAAGCATGGC,0,4773586
ygeX_predicted,0.09090909090909091,10,10,GCTTCTCTTCCTCACGGAAG,0,4766999
ygeX_predicted,0.09090909090909091,10,10,GCTGTGTGCCGTCGCATAGA,0,4775256
ygeX_predicted,0.09090909090909091,10,10,GCTGGATTTCATACCTGAAA,0,4772722
ygeX_predicted,0.09090909090909091,10,10,GCTATCTCAGAGGAAACCGG,0,4789170
ygeX_predicted,0.09090909090909091,10,10,GCGTAAAGAAATAAGGCGCA,0,4775866
ygeX_predicted,0.09090909090909091,10,10,GCGAACACCCTTGAAGTTGA,0,4784229
ygeX_predicted,0.09090909090909091,10,10,GCCTGTTTGCCGTGTTAATC,0,4771549
ygeX_predicted,0.09090909090909091,10,10,GCCTCCAACAAGGACCATGC,0,4767226
ygeX_predicted,0.09090909090909091,10,10,GCCGTAGAGCCCTCTGCCTG,0,4774922
ygeX_predicted,0.09090909090909091,10,10,GCCGCCCTGCCTTAGTGAAC,0,4776365
ygeX_predicted,0.09090909090909091,10,10,GCCCCAATCCAAACCGACGG,0,4779261
ygeX_predicted,0.09090909090909091,10,10,GCCCAAAAAGCGGTTCAAAT,0,4787030
ygeX_predicted,0.09090909090909091,10,10,GCCAGAGAACGGCGTACTCT,0,4794289
ygeX_predicted,0.09090909090909091,10,10,GCATTACGCGGTTGTTGAGT,0,4779512
ygeX_predicted,0.09090909090909091,10,10,GCATCCTGGTACTCGAGTGA,0,4774449
ygeX_predicted,0.09090909090909091,10,10,GCATAAGGTGCGGTTTCTCA,0,4768163
ygeX_predicted,0.09090909090909091,10,10,GCAGGAGATAACGGACAATT,0,4785245
ygeX_predicted,0.09090909090909091,10,10,GCAGCTAGTTATGCGCCATA,0,4778514
ygeX_predicted,0.09090909090909091,10,10,GCACAGGGACTACGCTAACG,0,4784939
ygeX_predicted,0.09090909090909091,10,10,GCACAAAGATAGCCTTATAG,0,4787477
ygeX_predicted,0.09090909090909091,10,10,GCAAGGTTCTACGCATGTGT,0,4790242
ygeX_predicted,0.09090909090909091,10,10,GATTGCTAGCCATCGGAGGA,0,4774425
ygeX_predicted,0.09090909090909091,10,10,GATGAGATCTAGAGGTGTAT,0,4782978
ygeX_predicted,0.09090909090909091,10,10,GATGACTTCAGGCTTGAAAA,0,4788025
ygeX_predicted,0.09090909090909091,10,10,GATCTAGGGTCTGACGTTAT,0,4777814
ygeX_predicted,0.09090909090909091,10,10,GATCGGTACAAGCAATTTAT,0,4789077
ygeX_predicted,0.09090909090909091,10,10,GATAATGTAGCCACGAGGAT,0,4776066
ygeX_predicted,0.09090909090909091,10,10,GAGTAATTCACGGAACATTG,0,4768743
ygeX_predicted,0.09090909090909091,10,10,GAGGTTCTTTTGACATCCCC,0,4789845
ygeX_predicted,0.09090909090909091,10,10,GAGGGCACTTTAGCTGTAAC,0,4771707
ygeX_predicted,0.09090909090909091,10,10,GAGGCGCACGAGAAACGAAC,0,4769850
ygeX_predicted,0.09090909090909091,10,10,GAGGCAGTCCGACACGCACG,0,4787448
ygeX_predicted,0.09090909090909091,10,10,GAGGAGCATGATCTTGAAAA,0,4791034
ygeX_predicted,0.09090909090909091,10,10,GAGCCTACGGAGGACGTTTG,0,4774903
ygeX_predicted,0.09090909090909091,10,10,GAGATGTTAGCGGTCGAATC,0,4773623
ygeX_predicted,0.09090909090909091,10,10,GAGAGTCATGGATCTTCAGT,0,4770508
ygeX_predicted,0.09090909090909091,10,10,GAGAGACCCATGACTGTTGT,0,4767864
ygeX_predicted,0.09090909090909091,10,10,GAGAACGGCTAACCCTCGTG,0,4774732
ygeX_predicted,0.09090909090909091,10,10,GACCCCTGTCAGATAATACC,0,4777321
ygeX_predicted,0.09090909090909091,10,10,GAATCTCCGTACCGGGGGCG,0,4775967
ygeX_predicted,0.09090909090909091,10,10,GAAGGGAGGTTGTTCCGCGG,0,4775353
ygeX_predicted,0.09090909090909091,10,10,GAAGCCGGGAGCATACGTAT,0,4785864
ygeX_predicted,0.09090909090909091,10,10,GAACGGGCATTTGGGCGCGT,0,4789785
ygeX_predicted,0.09090909090909091,10,10,GAACGAATACGGACAATAGA,0,4778264
ygeX_predicted,0.09090909090909091,10,10,CTTTTACGAACGGACATGCC,0,4783048
ygeX_predicted,0.09090909090909091,10,10,CTTGGTCCGATGTGAGAGTA,0,4793842
ygeX_predicted,0.09090909090909091,10,10,CTTGAAAAACGTGGTTGGTA,0,4775729
ygeX_predicted,0.09090909090909091,10,10,CTTCGTATTTGCAAACCCGC,0,4778485
ygeX_predicted,0.09090909090909091,10,10,CTTCCTGGTGGTTTCGTTGA,0,4779190
ygeX_predicted,0.09090909090909091,10,10,CTTATGGAAGGTTCCTCAGT,0,4777356
ygeX_predicted,0.09090909090909091,10,10,CTTAGGTGACGGATTTTTGG,0,4771680
ygeX_predicted,0.09090909090909091,10,10,CTTAGAAGAACCATAGAAAA,0,4776416
ygeX_predicted,0.09090909090909091,10,10,CTTAACCCGTCTCACAGGCA,0,4783320
ygeX_predicted,0.09090909090909091,10,10,CTGATATCGGCGTTGATACA,0,4773302
ygeX_predicted,0.09090909090909091,10,10,CTCTATACATGGACATTCAT,0,4790934
ygeX_predicted,0.09090909090909091,10,10,CTCGGCAGATTTTTTGGGTA,0,4772440
ygeX_predicted,0.09090909090909091,10,10,CTCGAAGGGAGGGTGCGCGA,0,4780789
ygeX_predicted,0.09090909090909091,10,10,CTCCTCACAAGACAGAATAC,0,4769657
ygeX_predicted,0.09090909090909091,10,10,CTCCAGATGTAGGGCACCGA,0,4772201
ygeX_predicted,0.09090909090909091,10,10,CTCAACGTTCCTTTTATTCG,0,4767340
ygeX_predicted,0.09090909090909091,10,10,CTAGGTGACCCCGCGTCACT,0,4772241
ygeX_predicted,0.09090909090909091,10,10,CTAGAGGCTGAGATCGTCAC,0,4792698
ygeX_predicted,0.09090909090909091,10,10,CTAATAAGTTATGCTCTTTC,0,4773049
ygeX_predicted,0.09090909090909091,10,10,CGTTTCACTTCTCGTGAGTT,0,4779658
ygeX_predicted,0.09090909090909091,10,10,CGTTCGGGACATCTAAAGAG,0,4777937
ygeX_predicted,0.09090909090909091,10,10,CGTTCAGAGGGGTTACCTAG,0,4778503
ygeX_predicted,0.09090909090909091,10,10,CGTGGGGAGCGGAGATGTTA,0,4774625
ygeX_predicted,0.09090909090909091,10,10,CGTGGACGCCTAATGGATGC,0,4784826
ygeX_predicted,0.09090909090909091,10,10,CGTGAATACGACTAGCTAAA,0,4777578
ygeX_predicted,0.09090909090909091,10,10,CGTCAACGCTGGAATCGCCC,0,4793407
ygeX_predicted,0.09090909090909091,10,10,CGGTAGCTTATCTCGGTGGA,0,4782555
ygeX_predicted,0.09090909090909091,10,10,CGGCGCCTGGGAATCGTGAC,0,4767019
ygeX_predicted,0.09090909090909091,10,10,CGGACTTTCGAAAGTGCGGA,0,4772503
ygeX_predicted,0.09090909090909091,10,10,CGCGCTGGGTTTAAATTTGA,0,4767356
ygeX_predicted,0.09090909090909091,10,10,CGCCATCGAGGGCGCGGGCT,0,4780420
ygeX_predicted,0.09090909090909091,10,10,CGATGATAAGCTCTAGTAGC,0,4771567
ygeX_predicted,0.09090909090909091,10,10,CGATCGGCGCGTATGGCCTT,0,4778129
ygeX_predicted,0.09090909090909091,10,10,CGATCGCAATTCAGTTTGAA,0,4775212
ygeX_predicted,0.09090909090909091,10,10,CGACTGGCCAGCTTGTTTGG,0,4780321
ygeX_predicted,0.09090909090909091,10,10,CGACGCCTCCCGAAACGGGT,0,4776709
ygeX_predicted,0.09090909090909091,10,10,CGACAATAAAATGCTCGGTG,0,4769309
ygeX_predicted,0.09090909090909091,10,10,CCTTTTCGACTTCGTCCGGA,0,4789680
ygeX_predicted,0.09090909090909091,10,10,CCTTTCAGGACTGTTTGGCG,0,4771950
ygeX_predicted,0.09090909090909091,10,10,CCTTGGCAATAGCGCATTTA,0,4792451
ygeX_predicted,0.09090909090909091,10,10,CCTTCCAGGGGAAACGTAGC,0,4779086
ygeX_predicted,0.09090909090909091,10,10,CCTGAACGTATTCCAGAGGA,0,4783255
ygeX_predicted,0.09090909090909091,10,10,CCGTTGAGATATGACCGCAG,0,4787017
ygeX_predicted,0.09090909090909091,10,10,CCGGGTGACTCTCGCTACAC,0,4773805
ygeX_predicted,0.09090909090909091,10,10,CCGGGTACCCGAAATCACAG,0,4776324
ygeX_predicted,0.09090909090909091,10,10,CCGGGAAATGGCATGCGAAA,0,4776931
ygeX_predicted,0.09090909090909091,10,10,CCGGCCCTATGTTTCTGCCG,0,4784566
ygeX_predicted,0.09090909090909091,10,10,CCGGAAATTCCGTGGACTGT,0,4781709
ygeX_predicted,0.09090909090909091,10,10,CCGCTATTAGGGAGGACTTA,0,4770823
ygeX_predicted,0.09090909090909091,10,10,CCGCGAGGCTGAGTGGTCGA,0,4771257
ygeX_predicted,0.09090909090909091,10,10,CCGCACAAAGAGATGACGAA,0,4768054
ygeX_predicted,0.09090909090909091,10,10,CCGAGGGCAACCAACCGGTT,0,4769853
ygeX_predicted,0.09090909090909091,10,10,CCGAGCGTGTTTAGAGTATA,0,4770375
ygeX_predicted,0.09090909090909091,10,10,CCCTGCTACAGCGACTCGTC,0,4781957
ygeX_predicted,0.09090909090909091,10,10,CCCTCGAGCCCGCACATTGG,0,4774763
ygeX_predicted,0.09090909090909091,10,10,CCCTACCAGAGCCCTCGTGA,0,4794812
ygeX_predicted,0.09090909090909091,10,10,CCCCCAGCTCCGTGTGATTT,0,4768121
ygeX_predicted,0.09090909090909091,10,10,CCCAAGCTGTGAGAAGAGTA,0,4770542
ygeX_predicted,0.09090909090909091,10,10,CCCAAAAACCCACGTCGGGG,0,4784563
ygeX_predicted,0.09090909090909091,10,10,CCATGCTCGGAGAGTAAGCT,0,4783762
ygeX_predicted,0.09090909090909091,10,10,CCACATATACCTGAGTCAGT,0,4771598
ygeX_predicted,0.09090909090909091,10,10,CCACACATTGGCTGCCCTCC,0,4781007
ygeX_predicted,0.09090909090909091,10,10,CATGTTGCGAATATCCGCGC,0,4791269
ygeX_predicted,0.09090909090909091,10,10,CATGTGTTGGCCGTCACGGT,0,4791478
ygeX_predicted,0.09090909090909091,10,10,CATGCGCAGCTCATTTGTAA,0,4791877
ygeX_predicted,0.09090909090909091,10,10,CATGCCTGTAATTGTTAGAC,0,4767445
ygeX_predicted,0.09090909090909091,10,10,CATGATAGGTACGCAAAATA,0,4783707
ygeX_predicted,0.09090909090909091,10,10,CATCAGAGATCTGGGCGCTT,0,4774768
ygeX_predicted,0.09090909090909091,10,10,CATAAGTGAACGTTTGTTCA,0,4767644
ygeX_predicted,0.09090909090909091,10,10,CAGTTGTCTAGGTTATCGTT,0,4785859
ygeX_predicted,0.09090909090909091,10,10,CAGTGACTGGCCGCCCGTCT,0,4780083
ygeX_predicted,0.09090909090909091,10,10,CAGTCGGTCTTGGCGCATTC,0,4771714
ygeX_predicted,0.09090909090909091,10,10,CAGTATCGACCGTGGAATCT,0,4794143
ygeX_predicted,0.09090909090909091,10,10,CAGACATGGATGAGAGTAAA,0,4793096
ygeX_predicted,0.09090909090909091,10,10,CAGAATCAATGATGCAAAAG,0,4782031
ygeX_predicted,0.09090909090909091,10,10,CACTTTTTAGTAATGTCGAT,0,4775066
ygeX_predicted,0.09090909090909091,10,10,CACTTTAGATGACCAAGCCC,0,4791765
ygeX_predicted,0.09090909090909091,10,10,CACGATTTTCTATGTTCGAT,0,4767758
ygeX_predicted,0.09090909090909091,10,10,CACGACGAGCGTTTCCCCGT,0,4778844
ygeX_predicted,0.09090909090909091,10,10,CACCTAGTGTCACAATGTTA,0,4787375
ygeX_predicted,0.09090909090909091,10,10,CACATTGCGAGTTCTTGCAA,0,4784167
ygeX_predicted,0.09090909090909091,10,10,CACAGTGTCTGGAAGCCATA,0,4793480
ygeX_predicted,0.09090909090909091,10,10,CACAGCAGGCGGTGCTATAT,0,4772788
ygeX_predicted,0.09090909090909091,10,10,CACAATTGATGCCCCGTCGC,0,4786840
ygeX_predicted,0.09090909090909091,10,10,CAATATAAGATTCGTGGTAT,0,4771145
ygeX_predicted,0.09090909090909091,10,10,CAAGCGCAGATTAATCTCTG,0,4767059
ygeX_predicted,0.09090909090909091,10,10,CAACGGTCCACAATGCATCA,0,4780385
ygeX_predicted,0.09090909090909091,10,10,CAACGACCGCCGCCGCACGT,0,4770966
ygeX_predicted,0.09090909090909091,10,10,CAAACCTGGTTCACGCAGTA,0,4791766
ygeX_predicted,0.09090909090909091,10,10,CAAAAGAGGAAATAATGTCG,0,4772567
ygeX_predicted,0.09090909090909091,10,10,ATTTTTTACTACCCGAGTGA,0,4790800
ygeX_predicted,0.09090909090909091,10,10,ATTTTGCTGGGCGGTTTGGG,0,4786702
ygeX_predicted,0.09090909090909091,10,10,ATTTTAATCTGCGTTATGAG,0,4786349
ygeX_predicted,0.09090909090909091,10,10,ATTGTTCTAGCGCGGGCTTA,0,4778708
ygeX_predicted,0.09090909090909091,10,10,ATTGTGCCCTATTCGGCGCA,0,4790496
ygeX_predicted,0.09090909090909091,10,10,ATTCGGGCAACACCTGACCT,0,4770890
ygeX_predicted,0.09090909090909091,10,10,ATTCGATGAATAGTTAGGGT,0,4782140
ygeX_predicted,0.09090909090909091,10,10,ATTCCAATGTTGATGATAAC,0,4782471
ygeX_predicted,0.09090909090909091,10,10,ATGTGATTTGTTCCGGTAAA,0,4784550
ygeX_predicted,0.09090909090909091,10,10,ATGGGCTCTACACGCCCCGG,0,4788581
ygeX_predicted,0.09090909090909091,10,10,ATGATCGCCGTTTAGGCGGT,0,4783500
ygeX_predicted,0.09090909090909091,10,10,ATGACGGCCGTTCCCGTGTC,0,4772310
ygeX_predicted,0.09090909090909091,10,10,ATGACCCGATAAATTTTCGC,0,4780733
ygeX_predicted,0.09090909090909091,10,10,ATCTGTAAACCTTAGCGCGG,0,4793641
ygeX_predicted,0.09090909090909091,10,10,ATCTATACGAATCCAGGTAT,0,4776353
ygeX_predicted,0.09090909090909091,10,10,ATCGCGCACGCCGCAGCGCC,0,4780025
ygeX_predicted,0.09090909090909091,10,10,ATCGCGCAATATAATGGGCC,0,4792332
ygeX_predicted,0.09090909090909091,10,10,ATCGCATTGAAAGTGCCAAT,0,4775913
ygeX_predicted,0.09090909090909091,10,10,ATCAACAAGGGAAGACGGAC,0,4786559
ygeX_predicted,0.09090909090909091,10,10,ATATGCCGTAGAAGTATACT,0,4774170
ygeX_predicted,0.09090909090909091,10,10,ATATCGCAAGGATGGACGAT,0,4771527
ygeX_predicted,0.09090909090909091,10,10,ATAGTTGCCACACTCTGATT,0,4792033
ygeX_predicted,0.09090909090909091,10,10,ATAGGTATTTTAGTATCAAC,0,4785313
ygeX_predicted,0.09090909090909091,10,10,ATACATGGCTACTATGGCAG,0,4782313
ygeX_predicted,0.09090909090909091,10,10,ATACATCACGCTTCTCAAGG,0,4792372
ygeX_predicted,0.09090909090909091,10,10,ATAAGTCCGGCCATTTCGCT,0,4789271
ygeX_predicted,0.09090909090909091,10,10,AGTTTACGTGGCCATCGGAG,0,4784999
ygeX_predicted,0.09090909090909091,10,10,AGTGTCGATTAATTATGTCT,0,4790100
ygeX_predicted,0.09090909090909091,10,10,AGTGTCCTGGGACAGTCGTT,0,4785421
ygeX_predicted,0.09090909090909091,10,10,AGTGAGCCTTCTCATCTTCA,0,4782338
ygeX_predicted,0.09090909090909091,10,10,AGTGAACAGAGAGCTTCTTG,0,4771730
ygeX_predicted,0.09090909090909091,10,10,AGTCGCGTGTCATTAAGTGG,0,4770150
ygeX_predicted,0.09090909090909091,10,10,AGTCCGCCGAGGCCACATGA,0,4776373
ygeX_predicted,0.09090909090909091,10,10,AGTACCGCAAGTCTTTCCTT,0,4783569
ygeX_predicted,0.09090909090909091,10,10,AGGTACTATCCCTCCGCATC,0,4778747
ygeX_predicted,0.09090909090909091,10,10,AGGGTGCGAGGTCCAAACCA,0,4786560
ygeX_predicted,0.09090909090909091,10,10,AGGGGTTTGTACAATCTCAC,0,4790427
ygeX_predicted,0.09090909090909091,10,10,AGGAGGGAGAGTAGCGAACC,0,4772375
ygeX_predicted,0.09090909090909091,10,10,AGGACTGGGGTAGCTGGCCG,0,4773833
ygeX_predicted,0.09090909090909091,10,10,AGGACCTTTCTGAAACGAGG,0,4780286
ygeX_predicted,0.09090909090909091,10,10,AGGACAGCATTAGGTGGGTA,0,4770631
ygeX_predicted,0.09090909090909091,10,10,AGCTTACCTTCACGAGGTTG,0,4777420
ygeX_predicted,0.09090909090909091,10,10,AGCTGATCGCTGGGATGTCA,0,4775432
ygeX_predicted,0.09090909090909091,10,10,AGCTACCTGGTCCCGGCCCA,0,4780176
ygeX_predicted,0.09090909090909091,10,10,AGCGCTAACCCTGGCCGATG,0,4785323
ygeX_predicted,0.09090909090909091,10,10,AGCCGTGGTAGTTATAGTGA,0,4790685
ygeX_predicted,0.09090909090909091,10,10,AGCCCCTTGCAAACCGCAAT,0,4785875
ygeX_predicted,0.09090909090909091,10,10,AGCCATGGGGCAATTGACAC,0,4791764
ygeX_predicted,0.09090909090909091,10,10,AGCCATCATTTCTTTACCGT,0,4785157
ygeX_predicted,0.09090909090909091,10,10,AGAGGAGAGCACTTTCGGGG,0,4768497
ygeX_predicted,0.09090909090909091,10,10,AGAGGAAATTAGTATGATTT,0,4786196
ygeX_predicted,0.09090909090909091,10,10,AGAGCGGGGTAATCAGCTCG,0,4789403
ygeX_predicted,0.09090909090909091,10,10,AGAGAGGGCAGTTCCTGTTT,0,4792972
ygeX_predicted,0.09090909090909091,10,10,AGACGGGAGACTCTGTCCCG,0,4770296
ygeX_predicted,0.09090909090909091,10,10,AGAATGTTCATATTGATTAT,0,4778859
ygeX_predicted,0.09090909090909091,10,10,ACTTCCAGGAGCTGATCGCA,0,4793430
ygeX_predicted,0.09090909090909091,10,10,ACTTCATTGTCCCGAAAACT,0,4783501
ygeX_predicted,0.09090909090909091,10,10,ACTGTGAATCACTGTATTCG,0,4789454
ygeX_predicted,0.09090909090909091,10,10,ACTGTCTACCCATGTCGGTC,0,4771551
ygeX_predicted,0.09090909090909091,10,10,ACTGGGACAGCGACGCAACC,0,4784186
ygeX_predicted,0.09090909090909091,10,10,ACTGCGTCATTTATGTCCTC,0,4769730
ygeX_predicted,0.09090909090909091,10,10,ACTCGTACATATGCATCCGA,0,4772685
ygeX_predicted,0.09090909090909091,10,10,ACTCAATACAGTCCTTGCGG,0,4776524
ygeX_predicted,0.09090909090909091,10,10,ACTATTTTTTGAACGGGTCT,0,4776859
ygeX_predicted,0.09090909090909091,10,10,ACTAGGTCCACGTCTATCAT,0,4766790
ygeX_predicted,0.09090909090909091,10,10,ACTACACATGGGACGGCAGA,0,4776175
ygeX_predicted,0.09090909090909091,10,10,ACGCGAGGGCTGATACTGAG,0,4768670
ygeX_predicted,0.09090909090909091,10,10,ACCCGGAAGTGCGCCAAATA,0,4768596
ygeX_predicted,0.09090909090909091,10,10,ACCATAGCCCCTCTCTTGAG,0,4791447
ygeX_predicted,0.09090909090909091,10,10,ACACGGCGCCCTGGCCCAGC,0,4772469
ygeX_predicted,0.09090909090909091,10,10,ACACGATTAGGTGTGGCAAG,0,4767715
ygeX_predicted,0.09090909090909091,10,10,ACACCCAGACAAACATCCTA,0,4768745
ygeX_predicted,0.09090909090909091,10,10,ACAACCCCCGCGCACGGACT,0,4769515
ygeX_predicted,0.09090909090909091,10,10,AATTTTCACAACCTGAGTTG,0,4780939
ygeX_predicted,0.09090909090909091,10,10,AATTTATTCCCTAAGAGCGA,0,4789160
ygeX_predicted,0.09090909090909091,10,10,AATTGGGCAGCAAACTATCC,0,4776972
ygeX_predicted,0.09090909090909091,10,10,AATTGGCGAGATTGTCCTAT,0,4786197
ygeX_predicted,0.09090909090909091,10,10,AATGTTCAGGGTAGATTGTG,0,4785493
ygeX_predicted,0.09090909090909091,10,10,AATGCCGCCGAGGCTCCATA,0,4768948
ygeX_predicted,0.09090909090909091,10,10,AATGCACGCTCGGTGAAGAT,0,4771660
ygeX_predicted,0.09090909090909091,10,10,AATATGAGCAACGGTGGAGG,0,4767223
ygeX_predicted,0.09090909090909091,10,10,AATAGAACGATTCATTATGA,0,4787172
ygeX_predicted,0.09090909090909091,10,10,AATAAAAGACGCAGTTTGCT,0,4771965
ygeX_predicted,0.09090909090909091,10,10,AAGGTAGCTTATCGAAGTAT,0,4768159
ygeX_predicted,0.09090909090909091,10,10,AAGCCGGCCGGATGGGCTGT,0,4787423
ygeX_predicted,0.09090909090909091,10,10,AACTCAAAGTACCTGAAAGG,0,4767448
ygeX_predicted,0.09090909090909091,10,10,AACGTCAATTGCTACCGTCT,0,4791347
ygeX_predicted,0.09090909090909091,10,10,AACCTGCCTAGTTATCGACC,0,4791139
ygeX_predicted,0.09090909090909091,10,10,AACCCGGAGAGCCTACCCTC,0,4773939
ygeX_predicted,0.09090909090909091,10,10,AAATTCCCAATGACTTGTAA,0,4773136
ygeX_predicted,0.09090909090909091,10,10,AAATGTCAGCAACAGCATTC,0,4767552
ygeX_predicted,0.09090909090909091,10,10,AAATGCAAAGCCCCCTTCCC,0,4770766
ygeX_predicted,0.09090909090909091,10,10,AAAGCTCCGTCTTCACACAA,0,4778372
ygeX_predicted,0.09090909090909091,10,10,AAAGCGGCGATTTCTCTGTA,0,4790899
ygeX_predicted,0.09090909090909091,10,10,AAACAGAAAGGAATTCAAGA,0,4771224
ygeX_predicted,0.09090909090909091,10,10,AAAAGGCAAGGCGCGGACGT,0,4790068
ygeX_predicted,0.09090909090909091,10,10,AAAAATAAGCCGCACAGTCT,0,4784529
ygeX_predicted,0.09090909090909091,10,10,AAAAACGAGAGTAGGGTAGG,0,4793580
ygeX_predicted,0.1,9,9,TTTTGGAACTCTCTCCACTG,0,4793654
ygeX_predicted,0.1,9,9,TTTTGCGAAGGTATGGTGGC,0,4790196
ygeX_predicted,0.1,9,9,TTTTCATACATATGCTGTAG,0,4786843
ygeX_predicted,0.1,9,9,TTTTACCCTGTTATCCCGAA,0,4783174
ygeX_predicted,0.1,9,9,TTTGTAAATTCATTCAGAAA,0,4790270
ygeX_predicted,0.1,9,9,TTTCCTGAGAGAAGAAGGGC,0,4780450
ygeX_predicted,0.1,9,9,TTTCATCGGCACGTAATGGG,0,4767872
ygeX_predicted,0.1,9,9,TTTAGGGTGCCGATGAAAAC,0,4769577
ygeX_predicted,0.1,9,9,TTGTTCAGCGGGTTCTCAAA,0,4779159
ygeX_predicted,0.1,9,9,TTGGTATTATCAACCCCGGG,0,4770675
ygeX_predicted,0.1,9,9,TTGGCTTACCGCGCCTCGCG,0,4777642
ygeX_predicted,0.1,9,9,TTGCGTATAAGCAAATGCAA,0,4791213
ygeX_predicted,0.1,9,9,TTGCACAGCTCGCCATTGAC,0,4769788
ygeX_predicted,0.1,9,9,TTGCACACCCGACTGGTTAG,0,4781236
ygeX_predicted,0.1,9,9,TTGCAACCCGGTACTAGCTA,0,4771222
ygeX_predicted,0.1,9,9,TTCTGAAGAGGTAGGGAAAC,0,4786564
ygeX_predicted,0.1,9,9,TTCGACCATTAACTGCTTGA,0,4771998
ygeX_predicted,0.1,9,9,TTCGAATGATAGAGAGAAAT,0,4788371
ygeX_predicted,0.1,9,9,TTCCTAGTTCAATTGTGTAC,0,4791916
ygeX_predicted,0.1,9,9,TTCCCGAACCAGGCCAAATG,0,4783706
ygeX_predicted,0.1,9,9,TTCAGAATGGTTCGCATCGG,0,4783699
ygeX_predicted,0.1,9,9,TTCACACATGCAAAATCGGG,0,4787639
ygeX_predicted,0.1,9,9,TTATAGAGAGATCGCAACCC,0,4790638
ygeX_predicted,0.1,9,9,TTAGCTAGGTTTTTTGATCT,0,4775728
ygeX_predicted,0.1,9,9,TTAAGTCTTCCAGCTATATC,0,4771468
ygeX_predicted,0.1,9,9,TTAAGTCGGAGTATTGGATT,0,4768685
ygeX_predicted,0.1,9,9,TGTTTAGGTGTCACACAGCA,0,4770462
ygeX_predicted,0.1,9,9,TGTTCTGTCTACGGCTCTCA,0,4777599
ygeX_predicted,0.1,9,9,TGTGTCACGCGAATGCGCGT,0,4783562
ygeX_predicted,0.1,9,9,TGTAGAGGATAGTCGCCTTC,0,4776979
ygeX_predicted,0.1,9,9,TGTAAGTGCATTACAAGGCA,0,4788676
ygeX_predicted,0.1,9,9,TGGTCGTGATATGAAGCATT,0,4785051
ygeX_predicted,0.1,9,9,TGGTAATCGTTTAACTAAAC,0,4775417
ygeX_predicted,0.1,9,9,TGGGCTGGCCACTCTATTTT,0,4786029
ygeX_predicted,0.1,9,9,TGGGCATAGTCTAGATTCTA,0,4771479
ygeX_predicted,0.1,9,9,TGGCGACTCAGGTCAGGTGT,0,4791844
ygeX_predicted,0.1,9,9,TGGCCTGCCCGTAGCCCTCA,0,4788018
ygeX_predicted,0.1,9,9,TGGACATACGCTGAAATGAT,0,4787292
ygeX_predicted,0.1,9,9,TGCTTTAGGCTCTTGCCGGA,0,4773332
ygeX_predicted,0.1,9,9,TGCTTGTCAGTGGCTTAGCC,0,4785363
ygeX_predicted,0.1,9,9,TGCTCAGGCGGTATCGCTTA,0,4782970
ygeX_predicted,0.1,9,9,TGCGTGAACGGAAGCACGTC,0,4776801
ygeX_predicted,0.1,9,9,TGCGAGGAAACGCAGGGGAT,0,4787481
ygeX_predicted,0.1,9,9,TGCAATCAAAGACCGGCTTT,0,4784157
ygeX_predicted,0.1,9,9,TGATTCATAGTTATTTGGCA,0,4784925
ygeX_predicted,0.1,9,9,TGAGGCATGGTCTAGGCGAA,0,4772275
ygeX_predicted,0.1,9,9,TGAGCTATACGTGTAAATGA,0,4783445
ygeX_predicted,0.1,9,9,TGAGCGTCGCGCGCGAATGA,0,4789771
ygeX_predicted,0.1,9,9,TGAGCAGGCTATCAAAAAGC,0,4787212
ygeX_predicted,0.1,9,9,TGAGAGCGAGACCACCACTG,0,4792584
ygeX_predicted,0.1,9,9,TGACGTTGTTACTCAAATGA,0,4788542
ygeX_predicted,0.1,9,9,TGAATAAGACTCAAGAGTCA,0,4767842
ygeX_predicted,0.1,9,9,TGAACTCTTGGTTTATTGTG,0,4769534
ygeX_predicted,0.1,9,9,TGAACTCTAATCTCCCAGGT,0,4773110
ygeX_predicted,0.1,9,9,TGAACCGGTGCCGGAAGAAG,0,4790805
ygeX_predicted,0.1,9,9,TGAAAGTGGATCTAGGCAGT,0,4783594
ygeX_predicted,0.1,9,9,TGAAACAACGCATGGCGTGC,0,4771833
ygeX_predicted,0.1,9,9,TGAAAAGGCTGGGCGCTCTC,0,4767909
ygeX_predicted,0.1,9,9,TGAAAAAAGGCAGAATTCAA,0,4785067
ygeX_predicted,0.1,9,9,TCTTGCAGGTGCAGGTCCCT,0,4790408
ygeX_predicted,0.1,9,9,TCTTCGACGCTTCGCAAAAC,0,4793470
ygeX_predicted,0.1,9,9,TCTTACCCAAGGGTACAACG,0,4789288
ygeX_predicted,0.1,9,9,TCTGTTAGGCCTCAGACCCT,0,4771862
ygeX_predicted,0.1,9,9,TCTGCTAGAGCAAATGGAAA,0,4776722
ygeX_predicted,0.1,9,9,TCTCCAACGCCTCAACCTAC,0,4768262
ygeX_predicted,0.1,9,9,TCTCACTCGACCGCTCGAGT,0,4771300
ygeX_predicted,0.1,9,9,TCTAACGTGTAGGTAAAGAA,0,4789733
ygeX_predicted,0.1,9,9,TCGGACATCTGGAGCGTTTT,0,4791717
ygeX_predicted,0.1,9,9,TCGATATTAAGTATTACCCC,0,4789661
ygeX_predicted,0.1,9,9,TCGAGAAACCGAACATTATG,0,4794728
ygeX_predicted,0.1,9,9,TCGAATCCGTCCGCATGTTT,0,4771065
ygeX_predicted,0.1,9,9,TCCGGCGAGCGGTCGTCGCG,0,4782394
ygeX_predicted,0.1,9,9,TCCGCCGGTTTGCGATATGA,0,4766970
ygeX_predicted,0.1,9,9,TCCCACGTCACAGCGCCCAG,0,4768548
ygeX_predicted,0.1,9,9,TCCAAGCTCGAGGATGCGAA,0,4791290
ygeX_predicted,0.1,9,9,TCATTTGGCAAAGGAGATCT,0,4794224
ygeX_predicted,0.1,9,9,TCAGTATCTCCGCGTTGGTC,0,4787867
ygeX_predicted,0.1,9,9,TCAGGTCGGGCTGCCTTTCA,0,4782208
ygeX_predicted,0.1,9,9,TATAGGTTAGAATTAGCTTT,0,4775208
ygeX_predicted,0.1,9,9,TAGGCGCGTGTGGATCCCGA,0,4769939
ygeX_predicted,0.1,9,9,TAGAGAACCTTCCAAAATAC,0,4768020
ygeX_predicted,0.1,9,9,TACTTTTTGGACTGGACAAG,0,4792649
ygeX_predicted,0.1,9,9,TACTTCTGCGGTAAGAGCCT,0,4783603
ygeX_predicted,0.1,9,9,TACTAGCGGACTACGTTTTA,0,4780183
ygeX_predicted,0.1,9,9,TACGGGCACTATCTGATGTG,0,4777238
ygeX_predicted,0.1,9,9,TACGACTCCATATCATTGTG,0,4777388
ygeX_predicted,0.1,9,9,TACCGCTGATCATTCGGTCT,0,4780534
ygeX_predicted,0.1,9,9,TACATAGGATTGAAATCTTG,0,4781053
ygeX_predicted,0.1,9,9,TAATGCATCCGATCTGCATC,0,4769777
ygeX_predicted,0.1,9,9,TAATCGGTGTTTAATAATGT,0,4773109
ygeX_predicted,0.1,9,9,TAAGGCACGGGTGGTACTGG,0,4782979
ygeX_predicted,0.1,9,9,TAAGGAGGAGGAGGAGCGTT,0,4794092
ygeX_predicted,0.1,9,9,TAAGGACGAGCTGGGCTAGA,0,4772816
ygeX_predicted,0.1,9,9,TAACTTGAACAATATCCAGG,0,4789479
ygeX_predicted,0.1,9,9,TAAATCTCAGGAGGACGCCA,0,4784278
ygeX_predicted,0.1,9,9,TAAAGGTGTTCTGTATCATG,0,4782171
ygeX_predicted,0.1,9,9,TAAAGGGGGTTTGTTGAGTT,0,4779345
ygeX_predicted,0.1,9,9,GTTTGACCAGAGGTCCGCAG,0,4781773
ygeX_predicted,0.1,9,9,GTTTACGAATACAGCCCACG,0,4772543
ygeX_predicted,0.1,9,9,GTTATAATAATAGCGTGGTT,0,4770039
ygeX_predicted,0.1,9,9,GTTAGTGCTGCACCCCTTAA,0,4774760
ygeX_predicted,0.1,9,9,GTGTTTTCCTGAACTCTCGG,0,4779429
ygeX_predicted,0.1,9,9,GTGGAACATTGCGATGGCGT,0,4778518
ygeX_predicted,0.1,9,9,GTGCGTCTGCCAGTGGTCAT,0,4781251
ygeX_predicted,0.1,9,9,GTGATTTGAGCTGCGGGCTT,0,4768494
ygeX_predicted,0.1,9,9,GTGAGACGTTTAAATAGTAC,0,4782602
ygeX_predicted,0.1,9,9,GTGACGGTGGGTAGACTCCT,0,4783853
ygeX_predicted,0.1,9,9,GTGACAATAAGGTACTGCTC,0,4791227
ygeX_predicted,0.1,9,9,GTCTGCTGCGTTATTAGGGG,0,4771266
ygeX_predicted,0.1,9,9,GTCTGCATCCCAAAGTGAAG,0,4770549
ygeX_predicted,0.1,9,9,GTCGCGTATTTCCCCGTAGG,0,4784840
ygeX_predicted,0.1,9,9,GTCCTAGCTAAAAAGTAAGA,0,4781562
ygeX_predicted,0.1,9,9,GTCATCTGTACCTGATCTAT,0,4778669
ygeX_predicted,0.1,9,9,GTCAGGGTACAGTTGTGTTT,0,4780051
ygeX_predicted,0.1,9,9,GTCAGCACACCGAGGAGTAA,0,4784159
ygeX_predicted,0.1,9,9,GTCACTATTCGACATGCGCC,0,4781121
ygeX_predicted,0.1,9,9,GTATGGAGGGGGATGGGAAT,0,4769556
ygeX_predicted,0.1,9,9,GTAGCTACGCGGTTAGTTCA,0,4768276
ygeX_predicted,0.1,9,9,GTAGAGATCCGTGGAAAAAA,0,4788141
ygeX_predicted,0.1,9,9,GTAGAACACTTGCCCACGTA,0,4783415
ygeX_predicted,0.1,9,9,GTACTGCGGTCAAGAGTTAT,0,4774248
ygeX_predicted,0.1,9,9,GTAAGAAAGGACTGATAACC,0,4770967
ygeX_predicted,0.1,9,9,GTAAAATCAAAAGGATATGA,0,4782470
ygeX_predicted,0.1,9,9,GGTTATTGTCGAAATTAACT,0,4771220
ygeX_predicted,0.1,9,9,GGTTATCAATCACGCCACAC,0,4769896
ygeX_predicted,0.1,9,9,GGTGTGTTTCGTCTCTACGA,0,4770067
ygeX_predicted,0.1,9,9,GGTGTGGCCCAGGAACGCCT,0,4783931
ygeX_predicted,0.1,9,9,GGTGTCATCGTACTAGGGTT,0,4770537
ygeX_predicted,0.1,9,9,GGTCTGAAACAAGCTAGAAG,0,4775770
ygeX_predicted,0.1,9,9,GGTCACCGCGTCCCGCGGCT,0,4792171
ygeX_predicted,0.1,9,9,GGTATGCTAATAGGGGTCCA,0,4793623
ygeX_predicted,0.1,9,9,GGTATATAGTTTTAAACGCA,0,4779713
ygeX_predicted,0.1,9,9,GGTAGTCCAGGAACAGTTTT,0,4792525
ygeX_predicted,0.1,9,9,GGGTTTGCGGGACCGCCCCT,0,4786690
ygeX_predicted,0.1,9,9,GGGTTGCTAACGAGAGGTTC,0,4794631
ygeX_predicted,0.1,9,9,GGGTTCCATTCCACTCTAAA,0,4792960
ygeX_predicted,0.1,9,9,GGGTCTCGCACTCATATTAT,0,4784336
ygeX_predicted,0.1,9,9,GGGTCTATGGGGAATGATGG,0,4787238
ygeX_predicted,0.1,9,9,GGGGGGACCCGCGATGGATG,0,4787329
ygeX_predicted,0.1,9,9,GGGGGCACGGCAAGGTGAAT,0,4769592
ygeX_predicted,0.1,9,9,GGGGAGATAGACTGTTTCGT,0,4769974
ygeX_predicted,0.1,9,9,GGGCTTGGGACATGGTTGTT,0,4771903
ygeX_predicted,0.1,9,9,GGGCACTAGAGACGACATGG,0,4770677
ygeX_predicted,0.1,9,9,GGGATATGCACACGCAGCTT,0,4779514
ygeX_predicted,0.1,9,9,GGCTGTGTTAGGTCAACAAA,0,4780997
ygeX_predicted,0.1,9,9,GGCTAGATGACATATGGTAA,0,4792241
ygeX_predicted,0.1,9,9,GGCTAACGACACAATCTGGA,0,4779177
ygeX_predicted,0.1,9,9,GGCGGTTGGGGTACTCCGAC,0,4793594
ygeX_predicted,0.1,9,9,GGCGCGATGCGTAAATAAAC,0,4789197
ygeX_predicted,0.1,9,9,GGCGCATTGACTACCTGGGC,0,4787029
ygeX_predicted,0.1,9,9,GGCGAATATCTGATCATGAG,0,4782284
ygeX_predicted,0.1,9,9,GGCCCACGCGCTTGCCCATC,0,4783291
ygeX_predicted,0.1,9,9,GGCATTAAAGATAAAGACTG,0,4767953
ygeX_predicted,0.1,9,9,GGCACAATATAGCCCTCTGC,0,4773557
ygeX_predicted,0.1,9,9,GGAGCGTCACTTTAAACATA,0,4784283
ygeX_predicted,0.1,9,9,GGACCATGTTTAGACAAGAG,0,4768969
ygeX_predicted,0.1,9,9,GGACCAGAGACACTCTACGT,0,4790409
ygeX_predicted,0.1,9,9,GGAAGTGGAGACTCAACAGA,0,4779382
ygeX_predicted,0.1,9,9,GGAAATTTGGGCTTCACCTT,0,4783458
ygeX_predicted,0.1,9,9,GCTTGAGAACTCGCGAATAG,0,4778843
ygeX_predicted,0.1,9,9,GCTTCGCTTTACGGCCCTCA,0,4770033
ygeX_predicted,0.1,9,9,GCTCCATTGCCCCGATCATC,0,4779027
ygeX_predicted,0.1,9,9,GCTCATGCCGCTAACAGATC,0,4790390
ygeX_predicted,0.1,9,9,GCTAGTCGGGCCGGGGAGGC,0,4775848
ygeX_predicted,0.1,9,9,GCGTTACGGGGCACTCGAAC,0,4780283
ygeX_predicted,0.1,9,9,GCGTGGTGCATACGAATATA,0,4785429
ygeX_predicted,0.1,9,9,GCGGTTGTGAACAGGCAACG,0,4787118
ygeX_predicted,0.1,9,9,GCGGTGTCCTGGCAACTATA,0,4779049
ygeX_predicted,0.1,9,9,GCGGTATAGTAAATGCATCG,0,4782693
ygeX_predicted,0.1,9,9,GCGGGAGACGAGCATAGCAG,0,4775237
ygeX_predicted,0.1,9,9,GCGGGACGTGGTGCCGTCTT,0,4779516
ygeX_predicted,0.1,9,9,GCGCTATGGGAACAAAACTG,0,4771932
ygeX_predicted,0.1,9,9,GCGCGAATCTAGCATTGGTG,0,4774883
ygeX_predicted,0.1,9,9,GCGATGTTCAACCACAACAT,0,4775310
ygeX_predicted,0.1,9,9,GCGATGCCGGACAGTGAGCA,0,4767660
ygeX_predicted,0.1,9,9,GCCTCTGGGATATATGGATC,0,4791457
ygeX_predicted,0.1,9,9,GCCTCGTAAAGCGGCCACGA,0,4774469
ygeX_predicted,0.1,9,9,GCCGTTTTGCGTTGGCTTAT,0,4781869
ygeX_predicted,0.1,9,9,GCCGAGTGGAGCGTGACACG,0,4777303
ygeX_predicted,0.1,9,9,GCCATTTGGGTATGCATAAG,0,4767575
ygeX_predicted,0.1,9,9,GCCATATTCCAACCTACTTA,0,4775284
ygeX_predicted,0.1,9,9,GCCAGGGTGCAGTACCCCTT,0,4786822
ygeX_predicted,0.1,9,9,GCCAGCAGGGGTTACTGTGT,0,4780822
ygeX_predicted,0.1,9,9,GCATGAAGAGTGACGGTGAC,0,4783808
ygeX_predicted,0.1,9,9,GCAGGTATGTGTACTGTCGG,0,4794593
ygeX_predicted,0.1,9,9,GCAGGATGTCTGCAACGGCC,0,4770273
ygeX_predicted,0.1,9,9,GCAGGAGTTAATGTTACAGA,0,4773880
ygeX_predicted,0.1,9,9,GCAGAACTCCACCGGGTGCC,0,4792873
ygeX_predicted,0.1,9,9,GCAGAAAACTCGCCGGTTGT,0,4792672
ygeX_predicted,0.1,9,9,GCACAGACGACTTATAACGG,0,4771455
ygeX_predicted,0.1,9,9,GCAAAGGTATGCTTCGCATT,0,4773243
ygeX_predicted,0.1,9,9,GATGTGACATATTCGCTGAT,0,4783764
ygeX_predicted,0.1,9,9,GATGGCTCGGTGTCAAGGAT,0,4792130
ygeX_predicted,0.1,9,9,GATGGCGGGCGCGCTAGTTT,0,4769776
ygeX_predicted,0.1,9,9,GATGGCATTGCAAACTGTAT,0,4772847
ygeX_predicted,0.1,9,9,GATCTTCCCCATCTTTCGTT,0,4767355
ygeX_predicted,0.1,9,9,GATCCCATGATATACTATCT,0,4791476
ygeX_predicted,0.1,9,9,GATCAGTCTATTGGTATGCT,0,4788627
ygeX_predicted,0.1,9,9,GAGGGGTTTGTACGTCGATA,0,4785853
ygeX_predicted,0.1,9,9,GAGGGATCCCCTAAGTCGGA,0,4778110
ygeX_predicted,0.1,9,9,GAGGAGAATCTTGTTAGGTA,0,4766963
ygeX_predicted,0.1,9,9,GAGCTTTGTGTACGCTCCCC,0,4774995
ygeX_predicted,0.1,9,9,GAGCTAGGAAACCTAGCTTA,0,4791888
ygeX_predicted,0.1,9,9,GAGAAACCGGGGGATTTGGA,0,4770937
ygeX_predicted,0.1,9,9,GACTCCTGTCGTTTAAGCAA,0,4794247
ygeX_predicted,0.1,9,9,GACTCAGGGCTCGATGCACT,0,4791217
ygeX_predicted,0.1,9,9,GACTATATCATAATTTAATC,0,4776419
ygeX_predicted,0.1,9,9,GACGTTCATGAAGATTCCGT,0,4784750
ygeX_predicted,0.1,9,9,GACGAGCGTCCGGTCGGTTC,0,4787080
ygeX_predicted,0.1,9,9,GACACAATTAATAGGTGTAT,0,4767993
ygeX_predicted,0.1,9,9,GAATGTCAGTACGGATGTCG,0,4780189
ygeX_predicted,0.1,9,9,GAATGGTTCTGCCTCCAACA,0,4782010
ygeX_predicted,0.1,9,9,GAATGCGGCTCTTCAGACAG,0,4793536
ygeX_predicted,0.1,9,9,GAATGCCGGATCGATCAGTA,0,4779853
ygeX_predicted,0.1,9,9,GAACCTACACTCATATATAT,0,4772751
ygeX_predicted,0.1,9,9,GAACCGCCTAAGGTGCACGC,0,4780019
ygeX_predicted,0.1,9,9,GAAATCCTTGTCAACTGTTG,0,4781834
ygeX_predicted,0.1,9,9,GAAACGCGTGGGTGAATCGG,0,4784711
ygeX_predicted,0.1,9,9,CTTGTTTAATGCGGATGTGT,0,4792198
ygeX_predicted,0.1,9,9,CTTCAAGGCCCGGTAGTTAG,0,4791063
ygeX_predicted,0.1,9,9,CTTACCGGCGCAGTCCACAT,0,4781953
ygeX_predicted,0.1,9,9,CTTAAACTGAACTTGAAAGG,0,4782172
ygeX_predicted,0.1,9,9,CTGTCTTTAAATGTACTATT,0,4772452
ygeX_predicted,0.1,9,9,CTGTCGCATCGATTAAAGAT,0,4785078
ygeX_predicted,0.1,9,9,CTGTATATTTCGGTCGATAG,0,4776484
ygeX_predicted,0.1,9,9,CTGGGAGCTTCTGAACTTGG,0,4791047
ygeX_predicted,0.1,9,9,CTGCCGGAATATCGATATTC,0,4769640
ygeX_predicted,0.1,9,9,CTGATAGGCAGAGGGGCGCA,0,4794875
ygeX_predicted,0.1,9,9,CTGACGGGATTTGCAGAGAC,0,4784405
ygeX_predicted,0.1,9,9,CTCGGCCATCTCCGATCGTC,0,4778285
ygeX_predicted,0.1,9,9,CTCCGATCGTTCACTCAAAT,0,4776918
ygeX_predicted,0.1,9,9,CTCCGACAGGTAAGTTCATC,0,4773193
ygeX_predicted,0.1,9,9,CTCATAAAGATGACTGTTTA,0,4772744
ygeX_predicted,0.1,9,9,CTCAGCCTAGTACAGACAAC,0,4769686
ygeX_predicted,0.1,9,9,CTCACATAGCTGAATGGCCC,0,4767805
ygeX_predicted,0.1,9,9,CTAGTGCGGCCAGCCCTGTC,0,4773001
ygeX_predicted,0.1,9,9,CTAGGACTACGGTCTCAGCT,0,4778308
ygeX_predicted,0.1,9,9,CTAGCACATTGACAATTTCT,0,4792464
ygeX_predicted,0.1,9,9,CTACCTGTGTAAGCAACTTC,0,4780001
ygeX_predicted,0.1,9,9,CTACCGCCAGCACATACGTG,0,4778552
ygeX_predicted,0.1,9,9,CGTTTTAAGTGTACGTTTTG,0,4770724
ygeX_predicted,0.1,9,9,CGTTCGCTTGATTGGATCTA,0,4792063
ygeX_predicted,0.1,9,9,CGTCGCTAACCGATTGTTCG,0,4778266
ygeX_predicted,0.1,9,9,CGTCCGACTGAACAACACAG,0,4775661
ygeX_predicted,0.1,9,9,CGTATTAGTCTTATCGGGGT,0,4780999
ygeX_predicted,0.1,9,9,CGTAGAATGTAGACTACCGG,0,4770416
ygeX_predicted,0.1,9,9,CGGGGTATCCAGTGTCTTGT,0,4778088
ygeX_predicted,0.1,9,9,CGGCGTCTATATTAACGGAT,0,4780886
ygeX_predicted,0.1,9,9,CGGCCTCTAGTATTGTTATA,0,4768790
ygeX_predicted,0.1,9,9,CGGACGCGCCTGTAATTTAA,0,4786011
ygeX_predicted,0.1,9,9,CGGAAGACGGTAAAATATGC,0,4784874
ygeX_predicted,0.1,9,9,CGCTGCTGGTATTCTCGGAG,0,4771654
ygeX_predicted,0.1,9,9,CGCTCTTCCAACGTATACCC,0,4788736
ygeX_predicted,0.1,9,9,CGCCCACGCTTGTGGGCTTC,0,4792158
ygeX_predicted,0.1,9,9,CGCAGGCCAGGGTAAGCGAG,0,4772307
ygeX_predicted,0.1,9,9,CGCACCCGTCGGCACAAGGT,0,4785583
ygeX_predicted,0.1,9,9,CGAGTGGGCTAACTGCCCCC,0,4772678
ygeX_predicted,0.1,9,9,CGACTTGACGTAGCATCACG,0,4793708
ygeX_predicted,0.1,9,9,CGACGGGCCACGACCGTAAT,0,4790308
ygeX_predicted,0.1,9,9,CGACCGGCCATCCTCATGTG,0,4775247
ygeX_predicted,0.1,9,9,CGAAGAGACGTGGTACCGAC,0,4782239
ygeX_predicted,0.1,9,9,CGAACACGAGATTAGTGCAG,0,4767438
ygeX_predicted,0.1,9,9,CCTTTGAATGGTAAAACAGC,0,4793199
ygeX_predicted,0.1,9,9,CCTTAATTACATTGTTAAAC,0,4783598
ygeX_predicted,0.1,9,9,CCTCGCACAAACGACATAGA,0,4792510
ygeX_predicted,0.1,9,9,CCTATTGCGGGGGCCATAGG,0,4790194
ygeX_predicted,0.1,9,9,CCTACACTCACCTCTAGCAA,0,4774079
ygeX_predicted,0.1,9,9,CCTAATCCTGTATGCGTCGC,0,4787090
ygeX_predicted,0.1,9,9,CCGTTTGGGGTCTTTGAGCA,0,4785315
ygeX_predicted,0.1,9,9,CCGTTGCTGGTACCGAGGTT,0,4768847
ygeX_predicted,0.1,9,9,CCGTCAATGAGACTACGCTT,0,4769242
ygeX_predicted,0.1,9,9,CCGGCAGTACGCCTTCGGGT,0,4776249
ygeX_predicted,0.1,9,9,CCGCGTCGGGTAGGAGTACG,0,4777638
ygeX_predicted,0.1,9,9,CCGCGCGCTTCGGCATAGGA,0,4786094
ygeX_predicted,0.1,9,9,CCGCGCAAGGCTTTACTAAA,0,4786642
ygeX_predicted,0.1,9,9,CCGCCGTTTGCGGGCGGTAT,0,4768437
ygeX_predicted,0.1,9,9,CCGCACGTAAGGGCAGAGAA,0,4776417
ygeX_predicted,0.1,9,9,CCGCACGCAAACGATTTAAA,0,4776992
ygeX_predicted,0.1,9,9,CCGACTCAGGAAAGTCAAAT,0,4781979
ygeX_predicted,0.1,9,9,CCGAAGTTTATCTCGGGTGG,0,4769955
ygeX_predicted,0.1,9,9,CCCTTTTCAGCTGGGCGAGT,0,4777653
ygeX_predicted,0.1,9,9,CCCGTATAGGGTCACTGGAT,0,4787767
ygeX_predicted,0.1,9,9,CCCGCACCTATAAAGACATA,0,4782844
ygeX_predicted,0.1,9,9,CCCGATGTCGGCTCGGGCTT,0,4786438
ygeX_predicted,0.1,9,9,CCCCCCTGGCGCTCTACGAT,0,4773558
ygeX_predicted,0.1,9,9,CCCAGTTGATCCGACGTCTC,0,4784226
ygeX_predicted,0.1,9,9,CCATGACGACACGGATATGA,0,4776618
ygeX_predicted,0.1,9,9,CCACCTCATTTGACTACGCT,0,4767071
ygeX_predicted,0.1,9,9,CCAACCTTTCGCGGCTGGTG,0,4787158
ygeX_predicted,0.1,9,9,CATTTGGTTAAGTTGTCTGT,0,4777912
ygeX_predicted,0.1,9,9,CATTAGCCCGCGGTTCCCAG,0,4768285
ygeX_predicted,0.1,9,9,CATTAAGAAGGAATTAGGGA,0,4789461
ygeX_predicted,0.1,9,9,CATGAAAGCCAATAGTCCAA,0,4788770
ygeX_predicted,0.1,9,9,CATCGGGGCGTCAACGAGTG,0,4785083
ygeX_predicted,0.1,9,9,CATCGACGGCGCCCCACGGA,0,4788733
ygeX_predicted,0.1,9,9,CATAGGTAGTGCCAAACGAT,0,4792823
ygeX_predicted,0.1,9,9,CAGTGTGCCAAAGCGACTCT,0,4773750
ygeX_predicted,0.1,9,9,CAGTGGCCGGCGCTATACTT,0,4770511
ygeX_predicted,0.1,9,9,CAGTGATATTCTGGGGCCGC,0,4781647
ygeX_predicted,0.1,9,9,CAGTCGTGCAAGATTAACTT,0,4794774
ygeX_predicted,0.1,9,9,CAGGTGGATCTAACATGCCA,0,4785049
ygeX_predicted,0.1,9,9,CAGGGCCACGTAGTTCTTAG,0,4789890
ygeX_predicted,0.1,9,9,CAGGCAAGGGCCTTTTGAGG,0,4776942
ygeX_predicted,0.1,9,9,CAGGATGAATGGCCAGAGTT,0,4768074
ygeX_predicted,0.1,9,9,CAGCTTCAGCCCCATCAGTA,0,4777928
ygeX_predicted,0.1,9,9,CAGCGCCGGTACTTACGCCT,0,4771823
ygeX_predicted,0.1,9,9,CAGCGCATTCCGGGCCGCTC,0,4767225
ygeX_predicted,0.1,9,9,CAGCAGTAGCGTCGCAGGCA,0,4776200
ygeX_predicted,0.1,9,9,CAGAGTAATGGTAGTAGCAA,0,4780406
ygeX_predicted,0.1,9,9,CAGAGCTTGACCCTTTCACA,0,4788406
ygeX_predicted,0.1,9,9,CAGAAGGGTGGAGAACGGGC,0,4777911
ygeX_predicted,0.1,9,9,CACTCTGTGGTACAACCATA,0,4788695
ygeX_predicted,0.1,9,9,CACTCACTTTGGAGATCGTG,0,4772253
ygeX_predicted,0.1,9,9,CACGTGTAAGGGTTTTTCGT,0,4789488
ygeX_predicted,0.1,9,9,CAAGGTGTTCTCCACCATCT,0,4787244
ygeX_predicted,0.1,9,9,CAAGAAATTCGTAGGTAAGG,0,4792528
ygeX_predicted,0.1,9,9,CAACCGACCACTGCGCGACC,0,4794262
ygeX_predicted,0.1,9,9,CAACATCGGTTGGCCCCATA,0,4790004
ygeX_predicted,0.1,9,9,CAAATTGCGTATTGTATAGA,0,4788576
ygeX_predicted,0.1,9,9,ATTTCCGGCATGGCTTCCTT,0,4777634
ygeX_predicted,0.1,9,9,ATTTCACCCCGCAATATACT,0,4769527
ygeX_predicted,0.1,9,9,ATTCTGATATGGCGCTAAGG,0,4788223
ygeX_predicted,0.1,9,9,ATTCTATCCGAAGGTTACTT,0,4783932
ygeX_predicted,0.1,9,9,ATTCGTCTGCCGGTTGTAAT,0,4774314
ygeX_predicted,0.1,9,9,ATTCAACTCAACATATCTCT,0,4793576
ygeX_predicted,0.1,9,9,ATTATGTTGGTGGGGCAAAA,0,4787669
ygeX_predicted,0.1,9,9,ATTAGAGTCGCTGAAATTGA,0,4780719
ygeX_predicted,0.1,9,9,ATGGTCTAGGATGAAAGCAT,0,4775590
ygeX_predicted,0.1,9,9,ATGCTCCGGCCTGATGATGT,0,4793318
ygeX_predicted,0.1,9,9,ATGCGCAGTACTACCACTCT,0,4777302
ygeX_predicted,0.1,9,9,ATGATTCCGGTCCAAGAGAG,0,4786427
ygeX_predicted,0.1,9,9,ATGAGCTGCCCCCTAGTGGT,0,4782796
ygeX_predicted,0.1,9,9,ATGACGTTAAGTATGCACCT,0,4789834
ygeX_predicted,0.1,9,9,ATCTCGGCATATCGTTTCAG,0,4787236
ygeX_predicted,0.1,9,9,ATCTCACCCCTTGGGTCCTC,0,4774315
ygeX_predicted,0.1,9,9,ATCTATATCTTCCAGGGTGT,0,4789602
ygeX_predicted,0.1,9,9,ATCGTCCGGCATGCTCGAGC,0,4785533
ygeX_predicted,0.1,9,9,ATCGCCGTAATATGGTTTTT,0,4794310
ygeX_predicted,0.1,9,9,ATCATCTTATACTTAGATGT,0,4769365
ygeX_predicted,0.1,9,9,ATCAGGACGCGGGAGGGGTA,0,4788906
ygeX_predicted,0.1,9,9,ATCACCGAACTAATAATGTT,0,4780995
ygeX_predicted,0.1,9,9,ATCAAGCTGCCTAAGTTTAG,0,4776389
ygeX_predicted,0.1,9,9,ATATGTCAATTGCCCCTAAG,0,4788462
ygeX_predicted,0.1,9,9,ATATGAACAAATATGAGAAG,0,4775715
ygeX_predicted,0.1,9,9,ATATCAGAGGAAGGAGTAAA,0,4791801
ygeX_predicted,0.1,9,9,ATACGCATTCACTGCAGCCT,0,4789538
ygeX_predicted,0.1,9,9,ATAAGTTTGTAATTAATATC,0,4791649
ygeX_predicted,0.1,9,9,ATAAGTTCCCGACTGTAGCT,0,4788061
ygeX_predicted,0.1,9,9,AGTGTTTTGGACTTGCGGTG,0,4791155
ygeX_predicted,0.1,9,9,AGTCTTTTATACGCATATGT,0,4780056
ygeX_predicted,0.1,9,9,AGTCGTATCGTCGTGTCGGC,0,4774762
ygeX_predicted,0.1,9,9,AGTCGCCATCATTAGTATAC,0,4776020
ygeX_predicted,0.1,9,9,AGTCCATAGCGCTTCAGCCC,0,4782134
ygeX_predicted,0.1,9,9,AGTAAAACTACGGCAACGCA,0,4768293
ygeX_predicted,0.1,9,9,AGGTATTGCCAACTTTTGTT,0,4776907
ygeX_predicted,0.1,9,9,AGGTAGTTAAACTGAACGAA,0,4790197
ygeX_predicted,0.1,9,9,AGGGTCGCGTCAATCAAAAG,0,4786298
ygeX_predicted,0.1,9,9,AGGGGCTCCTTTGTTAAGTT,0,4787462
ygeX_predicted,0.1,9,9,AGGGCACGGGGCTCGCCGGT,0,4784411
ygeX_predicted,0.1,9,9,AGGGACATCACCCGAACGAC,0,4793007
ygeX_predicted,0.1,9,9,AGGCTCATCAATACACTACT,0,4780782
ygeX_predicted,0.1,9,9,AGGCAAGGGAGAGACAGGAC,0,4768537
ygeX_predicted,0.1,9,9,AGGAGACAGTGTATCTCTTT,0,4793951
ygeX_predicted,0.1,9,9,AGGACTAAAAGGTTAGCTTT,0,4778075
ygeX_predicted,0.1,9,9,AGGACCCGTACGGCACCACT,0,4783022
ygeX_predicted,0.1,9,9,AGCTGATATTACTGGTTAAG,0,4767722
ygeX_predicted,0.1,9,9,AGCCGCCACCATTGGGACGT,0,4789259
ygeX_predicted,0.1,9,9,AGCAGACGATACAAAGCGGT,0,4792277
ygeX_predicted,0.1,9,9,AGCACACTGCCTCTTTTACG,0,4775257
ygeX_predicted,0.1,9,9,AGATTAGTACAGATAGTTTT,0,4769131
ygeX_predicted,0.1,9,9,AGATAAACCCTGTGATAGCG,0,4779964
ygeX_predicted,0.1,9,9,AGACGCCGGATAGGTGCTAC,0,4774420
ygeX_predicted,0.1,9,9,AGACCCCGGAGGTCCGACGG,0,4773984
ygeX_predicted,0.1,9,9,AGACCAGGTCCTCTCTGGCT,0,4784228
ygeX_predicted,0.1,9,9,AGAAGGGTATGTGTTGAGTA,0,4768037
ygeX_predicted,0.1,9,9,AGAACAGCGAAAGTAAGCGC,0,4792557
ygeX_predicted,0.1,9,9,AGAAAGGAACGCAGATCGGT,0,4767320
ygeX_predicted,0.1,9,9,ACTTCCTGGTGATCCAGGAT,0,4782566
ygeX_predicted,0.1,9,9,ACTTATTCGAGGCTCGCGAT,0,4772276
ygeX_predicted,0.1,9,9,ACTTAACGGTAATCCTGTCC,0,4789961
ygeX_predicted,0.1,9,9,ACTGTTGCAGTTCCTATGTT,0,4767901
ygeX_predicted,0.1,9,9,ACTGTGGACAGTCATCGTTA,0,4788534
ygeX_predicted,0.1,9,9,ACTCGCCGGAAAAATGAGAC,0,4780343
ygeX_predicted,0.1,9,9,ACTCGATCTAGATAGAAAAG,0,4792465
ygeX_predicted,0.1,9,9,ACGCATCGTGTAACTCTTAC,0,4790672
ygeX_predicted,0.1,9,9,ACGAACGTTTGGATTTATTG,0,4769452
ygeX_predicted,0.1,9,9,ACCTGCTTGTTAGACAGTTT,0,4792524
ygeX_predicted,0.1,9,9,ACCTCGATTAAGCTATTACC,0,4782569
ygeX_predicted,0.1,9,9,ACCTACGCAAATGGGAAGTT,0,4771128
ygeX_predicted,0.1,9,9,ACCGCGGGGGATACCCTAAG,0,4791262
ygeX_predicted,0.1,9,9,ACCCTATTTGCTTATTTGGT,0,4771808
ygeX_predicted,0.1,9,9,ACCCGCCCGAACAGGGACGT,0,4783927
ygeX_predicted,0.1,9,9,ACCCCATGCGTCGAGTACGG,0,4777843
ygeX_predicted,0.1,9,9,ACCATCTGTTCGTGATTAAA,0,4781105
ygeX_predicted,0.1,9,9,ACCAAATATAGACAGCTTTT,0,4770056
ygeX_predicted,0.1,9,9,ACATCAGTTGGCAGTTTAAT,0,4783691
ygeX_predicted,0.1,9,9,ACATAGTACAGTGGCTGGCT,0,4775933
ygeX_predicted,0.1,9,9,ACAGGATTCAGCGTTGCTAT,0,4766713
ygeX_predicted,0.1,9,9,ACACAGTCTTTGTTGTAATT,0,4776503
ygeX_predicted,0.1,9,9,AATTCACCACCCCATGTGAT,0,4788412
ygeX_predicted,0.1,9,9,AATGCGCGTTGGGCCTACGT,0,4778154
ygeX_predicted,0.1,9,9,AATGACTGGTACTCACTACG,0,4777870
ygeX_predicted,0.1,9,9,AATCCACCCCGTTGCGTACC,0,4775844
ygeX_predicted,0.1,9,9,AAGTGCTATGGCCAATCGGG,0,4780493
ygeX_predicted,0.1,9,9,AAGTAGTAACGATGCTAGAA,0,4791207
ygeX_predicted,0.1,9,9,AAGGACATATACCCGGAAGG,0,4778700
ygeX_predicted,0.1,9,9,AAGCTGCCTTTTCCATCCAT,0,4778439
ygeX_predicted,0.1,9,9,AAGCCTTATGTCATCGGAGT,0,4794176
ygeX_predicted,0.1,9,9,AAGAGACACCGGCGGAGCCT,0,4773192
ygeX_predicted,0.1,9,9,AACTACCAACTGCCTGGATA,0,4769770
ygeX_predicted,0.1,9,9,AAATTTACGTTGCTGGTTGT,0,4791413
ygeX_predicted,0.1,9,9,AAATGCGCTGCCAAAAACAA,0,4780304
ygeX_predicted,0.1,9,9,AAAGCGATCCCCGAGGCTCT,0,4787479
ygeX_predicted,0.1,9,9,AAACAATATTATCGCTCGTA,0,4784971
ygeX_predicted,0.1,9,9,AAAATGTACGGTCCTCCGAG,0,4778425
ygeX_predicted,0.1,9,9,AAAAGTCCCAGTTAATACCG,0,4768601
ygeX_predicted,0.1,9,9,AAAAGCTCAGAACTTTGTTA,0,4781521
ygeX_predicted,0.1,9,9,AAAAACTGTAAGCTGGGTAC,0,4793771
ygeX_predicted,0.1111111111111111,8,8,TTTTTGTCCAACGTATCGCA,0,4780934
ygeX_predicted,0.1111111111111111,8,8,TTTCTATCACTACGGGCTAT,0,4779900
ygeX_predicted,0.1111111111111111,8,8,TTTAGGAGTCAACTGGCACC,0,4792095
ygeX_predicted,0.1111111111111111,8,8,TTTAGGAGGCATCGGACCCT,0,4774865
ygeX_predicted,0.1111111111111111,8,8,TTTAGCATGGGGTCTGCACT,0,4780351
ygeX_predicted,0.1111111111111111,8,8,TTGTCTTACTTACACAAGTT,0,4774187
ygeX_predicted,0.1111111111111111,8,8,TTGTCCCGGATGCGGTGCGT,0,4770097
ygeX_predicted,0.1111111111111111,8,8,TTGTCACCGGTAGGCGCGTA,0,4766968
ygeX_predicted,0.1111111111111111,8,8,TTGGTTATAACATCCTTGTA,0,4772652
ygeX_predicted,0.1111111111111111,8,8,TTGGCTGTTTCGGTGCGACC,0,4776121
ygeX_predicted,0.1111111111111111,8,8,TTGCCATATAACGCGGTTTC,0,4783564
ygeX_predicted,0.1111111111111111,8,8,TTGCCATATAAAGGTGCCAA,0,4788875
ygeX_predicted,0.1111111111111111,8,8,TTGCCAACTACTTAAGTCAA,0,4766849
ygeX_predicted,0.1111111111111111,8,8,TTGCAAATCTAATCAGATGC,0,4792763
ygeX_predicted,0.1111111111111111,8,8,TTGATTATGTGTCGGGCGAC,0,4767090
ygeX_predicted,0.1111111111111111,8,8,TTGATGAAGGAGGTCTTTTA,0,4783995
ygeX_predicted,0.1111111111111111,8,8,TTGAGGATACACTCGCTGGA,0,4774514
ygeX_predicted,0.1111111111111111,8,8,TTGAGGAAGAGTGCTTAGTT,0,4769583
ygeX_predicted,0.1111111111111111,8,8,TTGACTGGTACTTCTATTGG,0,4769105
ygeX_predicted,0.1111111111111111,8,8,TTGACATTCGAATCGGAGTC,0,4779758
ygeX_predicted,0.1111111111111111,8,8,TTCTTATGATCACCGCCAAA,0,4785856
ygeX_predicted,0.1111111111111111,8,8,TTCCTATGAGGGTCTCGCGG,0,4794530
ygeX_predicted,0.1111111111111111,8,8,TTCCCCTACCCGTGTAATTG,0,4769063
ygeX_predicted,0.1111111111111111,8,8,TTCCAGGCTAGTCGCACTCT,0,4789486
ygeX_predicted,0.1111111111111111,8,8,TTCCACGGCACTCCGATTCT,0,4787682
ygeX_predicted,0.1111111111111111,8,8,TTCATGTCCGCTGTTTTAAG,0,4783587
ygeX_predicted,0.1111111111111111,8,8,TTCATCGGTTAGCGGGGCGG,0,4774488
ygeX_predicted,0.1111111111111111,8,8,TTAGTCATTTAGGAGTATAG,0,4781698
ygeX_predicted,0.1111111111111111,8,8,TTAGGCTACAGGATGTGCTA,0,4769822
ygeX_predicted,0.1111111111111111,8,8,TTAGGCGCGATCTCAATAGT,0,4786887
ygeX_predicted,0.1111111111111111,8,8,TTACTGCACTTGGGCATCGC,0,4772293
ygeX_predicted,0.1111111111111111,8,8,TTAAGCGTGCTTTTGGGCAT,0,4776187
ygeX_predicted,0.1111111111111111,8,8,TTAACCGGATTTGAGATATC,0,4790373
ygeX_predicted,0.1111111111111111,8,8,TGTTCATTCAGAAACGCAAC,0,4782975
ygeX_predicted,0.1111111111111111,8,8,TGTGCGTATTATCGTCCACG,0,4780900
ygeX_predicted,0.1111111111111111,8,8,TGTCCTACGTCCGCAGACCT,0,4791180
ygeX_predicted,0.1111111111111111,8,8,TGTATTGGTTCGGTCTGGGT,0,4781028
ygeX_predicted,0.1111111111111111,8,8,TGTAGGCCATAAAATCACTA,0,4790575
ygeX_predicted,0.1111111111111111,8,8,TGTAGACAAACGGGTCGGCC,0,4792354
ygeX_predicted,0.1111111111111111,8,8,TGTACAGTCTTAAGCCGTCT,0,4777051
ygeX_predicted,0.1111111111111111,8,8,TGGGGCTTATTTCACATACT,0,4771042
ygeX_predicted,0.1111111111111111,8,8,TGGGCGGCTATATTTAATGA,0,4792779
ygeX_predicted,0.1111111111111111,8,8,TGGGCATAGCCTGTTCGGTT,0,4783125
ygeX_predicted,0.1111111111111111,8,8,TGGGCAGTGCCCCCGTACAT,0,4772531
ygeX_predicted,0.1111111111111111,8,8,TGGCTATAGCGGTGGGCCGT,0,4781355
ygeX_predicted,0.1111111111111111,8,8,TGGCGGACAGATCCGGCCAA,0,4789833
ygeX_predicted,0.1111111111111111,8,8,TGGATATCCCCGAAGCCGAC,0,4773480
ygeX_predicted,0.1111111111111111,8,8,TGGAGGTCTGGGTGGAGTTT,0,4776839
ygeX_predicted,0.1111111111111111,8,8,TGCTACCGGTACAGACGATT,0,4783973
ygeX_predicted,0.1111111111111111,8,8,TGCGCCGGGGCCAAGCGATG,0,4790133
ygeX_predicted,0.1111111111111111,8,8,TGCGACGAGGATAGGAGTGG,0,4788934
ygeX_predicted,0.1111111111111111,8,8,TGCCGCAACGGGAGGTCGGT,0,4772281
ygeX_predicted,0.1111111111111111,8,8,TGCCCTGTGTGTTAGATCTA,0,4793845
ygeX_predicted,0.1111111111111111,8,8,TGCACAGGACCTGACCGCCT,0,4784891
ygeX_predicted,0.1111111111111111,8,8,TGATTGAGATTGGCTTGAAA,0,4780009
ygeX_predicted,0.1111111111111111,8,8,TGAGAATAACACATGCGTCC,0,4766752
ygeX_predicted,0.1111111111111111,8,8,TGACTCGTCCGGCACAGCAT,0,4791530
ygeX_predicted,0.1111111111111111,8,8,TGACTCAGCTCAATAAATCG,0,4792907
ygeX_predicted,0.1111111111111111,8,8,TGAAGCGGCGGTGGCCCGGT,0,4791177
ygeX_predicted,0.1111111111111111,8,8,TGAAAGCCTTTCGCGACGAC,0,4783216
ygeX_predicted,0.1111111111111111,8,8,TCTTCAGCCGAGCGGCGACA,0,4782132
ygeX_predicted,0.1111111111111111,8,8,TCTGGTACGGATCACATTGT,0,4787780
ygeX_predicted,0.1111111111111111,8,8,TCTCTTATTTCACGAAGGTA,0,4771279
ygeX_predicted,0.1111111111111111,8,8,TCTAAACGGGATAACACGTA,0,4776730
ygeX_predicted,0.1111111111111111,8,8,TCGTTACGGGCTGGGTCCTG,0,4775884
ygeX_predicted,0.1111111111111111,8,8,TCGTGACACCCTTATCAAGA,0,4771179
ygeX_predicted,0.1111111111111111,8,8,TCGGTGACGCTGTCTGATCG,0,4782027
ygeX_predicted,0.1111111111111111,8,8,TCGGTACTTCATAGTGATAC,0,4793670
ygeX_predicted,0.1111111111111111,8,8,TCGGGCGCCACTACTCTCCT,0,4788849
ygeX_predicted,0.1111111111111111,8,8,TCGGGACTGTGACTGTAATA,0,4782961
ygeX_predicted,0.1111111111111111,8,8,TCGGCACTGCGTTGGAGAAC,0,4784734
ygeX_predicted,0.1111111111111111,8,8,TCGGATCGCAAGTGTTGAGG,0,4774761
ygeX_predicted,0.1111111111111111,8,8,TCGGAAGGCCAGCTAGGCTT,0,4774107
ygeX_predicted,0.1111111111111111,8,8,TCGCAAAACGGTAGTAGTCA,0,4783996
ygeX_predicted,0.1111111111111111,8,8,TCGATTCGTTGTATCCACCA,0,4791663
ygeX_predicted,0.1111111111111111,8,8,TCGACCCATCAGTAAGCTAC,0,4788616
ygeX_predicted,0.1111111111111111,8,8,TCGACAGGGTACAACGATAT,0,4768526
ygeX_predicted,0.1111111111111111,8,8,TCCTTCCGCTATCCCCAGAT,0,4792964
ygeX_predicted,0.1111111111111111,8,8,TCCTGGGGTACTCATCATAT,0,4789958
ygeX_predicted,0.1111111111111111,8,8,TCCTATGTTTGCAATGCGAG,0,4782552
ygeX_predicted,0.1111111111111111,8,8,TCCTAGGTTGGGTAGGTCTT,0,4785685
ygeX_predicted,0.1111111111111111,8,8,TCCTACGCCGCAGCTAAGGT,0,4777043
ygeX_predicted,0.1111111111111111,8,8,TCCGGAGCACTCACAGTTCG,0,4779680
ygeX_predicted,0.1111111111111111,8,8,TCCACTCTTGAAGTCCCAGT,0,4782032
ygeX_predicted,0.1111111111111111,8,8,TCATCGCATGTATATCACGG,0,4771771
ygeX_predicted,0.1111111111111111,8,8,TCAGGGTTGCGGCTTGTTTA,0,4772184
ygeX_predicted,0.1111111111111111,8,8,TCAACCGGTATGGTACCATG,0,4773445
ygeX_predicted,0.1111111111111111,8,8,TATGAGCGTAAAATCAGAGC,0,4791832
ygeX_predicted,0.1111111111111111,8,8,TATGACTAGCGCTTTTCGAG,0,4784403
ygeX_predicted,0.1111111111111111,8,8,TATATTCTGCCACTCGTTAA,0,4774917
ygeX_predicted,0.1111111111111111,8,8,TATAGAGTCACCTGTGTCAG,0,4775577
ygeX_predicted,0.1111111111111111,8,8,TAGGTCTCGGAGTGTTGAAG,0,4789726
ygeX_predicted,0.1111111111111111,8,8,TACGTCCCAATCGCTGTAGT,0,4781123
ygeX_predicted,0.1111111111111111,8,8,TACCTTTACTTAGCTTCTCA,0,4768545
ygeX_predicted,0.1111111111111111,8,8,TACCTCCAGCATAAACGGGA,0,4783902
ygeX_predicted,0.1111111111111111,8,8,TACCGCCAGTGCCTTCAAAA,0,4783328
ygeX_predicted,0.1111111111111111,8,8,TACCCAAGCAGTCAGGGTAT,0,4767695
ygeX_predicted,0.1111111111111111,8,8,TACATCGTCTGGGCTAACGA,0,4768612
ygeX_predicted,0.1111111111111111,8,8,TACACCGGATGGGGAACGTA,0,4770831
ygeX_predicted,0.1111111111111111,8,8,TACAAACCGCTAACGTGATC,0,4786495
ygeX_predicted,0.1111111111111111,8,8,TAAGTAACTGTAACAGAATG,0,4788478
ygeX_predicted,0.1111111111111111,8,8,TAAGGAGCTAAAGAGTATCT,0,4786996
ygeX_predicted,0.1111111111111111,8,8,TAACCTCTGTACATGAGTAC,0,4769668
ygeX_predicted,0.1111111111111111,8,8,TAAATGGAATCGTAGGGTAA,0,4773021
ygeX_predicted,0.1111111111111111,8,8,TAAAATTACTACTCTCATCA,0,4791759
ygeX_predicted,0.1111111111111111,8,8,GTTTTGATGTCCGGGTAACC,0,4785705
ygeX_predicted,0.1111111111111111,8,8,GTTTCTGTTGGAAGTTGTGT,0,4780098
ygeX_predicted,0.1111111111111111,8,8,GTTCTTCCAATTCATCTCTC,0,4786391
ygeX_predicted,0.1111111111111111,8,8,GTTCCTGCAAGAAAACCCAC,0,4785418
ygeX_predicted,0.1111111111111111,8,8,GTTATGCGCGAAAGATGGTG,0,4780517
ygeX_predicted,0.1111111111111111,8,8,GTTATCGACATAGTAAGAGT,0,4792868
ygeX_predicted,0.1111111111111111,8,8,GTTAGCTATAGCGCGCACAT,0,4788407
ygeX_predicted,0.1111111111111111,8,8,GTTAAAAGGTTTCTTATAGG,0,4781646
ygeX_predicted,0.1111111111111111,8,8,GTGTCTGCAAAATTGTCCTA,0,4788165
ygeX_predicted,0.1111111111111111,8,8,GTGGTTGTTTTCCGCGTTCC,0,4784810
ygeX_predicted,0.1111111111111111,8,8,GTGCTGGACGCGAATGGTGC,0,4769331
ygeX_predicted,0.1111111111111111,8,8,GTGCGCTATACAATAGTGGA,0,4771900
ygeX_predicted,0.1111111111111111,8,8,GTCTGTCCAGGATTCTGAGT,0,4775223
ygeX_predicted,0.1111111111111111,8,8,GTCTAACCAATAGGTCTGTA,0,4782756
ygeX_predicted,0.1111111111111111,8,8,GTCTAAAAGCCAATCCGTCC,0,4780204
ygeX_predicted,0.1111111111111111,8,8,GTAGACCCCTGGATGCATGG,0,4768807
ygeX_predicted,0.1111111111111111,8,8,GTACCATACGACTCATCAAG,0,4779381
ygeX_predicted,0.1111111111111111,8,8,GTACAGGGAGGTCTCATCGG,0,4778796
ygeX_predicted,0.1111111111111111,8,8,GTAAATTGAATAACTATCCT,0,4783170
ygeX_predicted,0.1111111111111111,8,8,GTAAATAACCAGATAATGCA,0,4769821
ygeX_predicted,0.1111111111111111,8,8,GGTCTCGGGCAACGCCACAA,0,4773174
ygeX_predicted,0.1111111111111111,8,8,GGTCTCCTTAGTGTTATATC,0,4773649
ygeX_predicted,0.1111111111111111,8,8,GGTCCGGTGACGCGCAAAAT,0,4791914
ygeX_predicted,0.1111111111111111,8,8,GGTAGTAAGTCGCTGTCAAA,0,4775316
ygeX_predicted,0.1111111111111111,8,8,GGTACTACCGATGTTGCGAA,0,4776032
ygeX_predicted,0.1111111111111111,8,8,GGGTTATACTCATCACTTCG,0,4767407
ygeX_predicted,0.1111111111111111,8,8,GGGTAGCCGCACAGCGGCCA,0,4782872
ygeX_predicted,0.1111111111111111,8,8,GGGGTGGGAGGTATATTACC,0,4778337
ygeX_predicted,0.1111111111111111,8,8,GGGGTCGCGGGTCTGTCCCT,0,4775947
ygeX_predicted,0.1111111111111111,8,8,GGGGTCACTTGGAGAACTGG,0,4771487
ygeX_predicted,0.1111111111111111,8,8,GGGGGTCCCCTGATTGCTCT,0,4769517
ygeX_predicted,0.1111111111111111,8,8,GGGGCCATAGGCGGTCGTTG,0,4778962
ygeX_predicted,0.1111111111111111,8,8,GGGGACCCCCCAATCACAGG,0,4789764
ygeX_predicted,0.1111111111111111,8,8,GGGCTTAGGTAAGTTATCCC,0,4782991
ygeX_predicted,0.1111111111111111,8,8,GGGCTAACCTTGGCTACGTA,0,4792361
ygeX_predicted,0.1111111111111111,8,8,GGGCGTTGGCTATCGTTTAA,0,4781320
ygeX_predicted,0.1111111111111111,8,8,GGGCATCTGTTTGTCTATCT,0,4793238
ygeX_predicted,0.1111111111111111,8,8,GGGACACTCGCTTAAACAGA,0,4780821
ygeX_predicted,0.1111111111111111,8,8,GGCTGTGGATTAGGGGTAAG,0,4791183
ygeX_predicted,0.1111111111111111,8,8,GGCTGGGTTTTACGGGTTAT,0,4774453
ygeX_predicted,0.1111111111111111,8,8,GGCGGTTTTGCGACATTTGT,0,4782788
ygeX_predicted,0.1111111111111111,8,8,GGCGGGAAGTAGAGATTAGC,0,4772815
ygeX_predicted,0.1111111111111111,8,8,GGCAGATTCTAGGTGTGGAG,0,4767198
ygeX_predicted,0.1111111111111111,8,8,GGCACGTGTTGGGCTTTGGG,0,4777217
ygeX_predicted,0.1111111111111111,8,8,GGATGACCTCACATATAATT,0,4783650
ygeX_predicted,0.1111111111111111,8,8,GGACGCCGATGATGAGATGA,0,4773392
ygeX_predicted,0.1111111111111111,8,8,GGAACTTGGCCAAGGAGAAG,0,4770875
ygeX_predicted,0.1111111111111111,8,8,GCTTACAGAAGCGTAGCTAG,0,4782195
ygeX_predicted,0.1111111111111111,8,8,GCTTAAGAATGATTTGTCGC,0,4777616
ygeX_predicted,0.1111111111111111,8,8,GCTGGCCCGCAAGCCTACTA,0,4790080
ygeX_predicted,0.1111111111111111,8,8,GCTATACCATATCACGCTCA,0,4776608
ygeX_predicted,0.1111111111111111,8,8,GCGTGACCTTTCTGAGTGAT,0,4769764
ygeX_predicted,0.1111111111111111,8,8,GCGTCCGGTTGATATGGAGT,0,4780352
ygeX_predicted,0.1111111111111111,8,8,GCGTATAAGGTTCCCCGTAC,0,4782588
ygeX_predicted,0.1111111111111111,8,8,GCGGATATGTAAAGACAGTA,0,4771428
ygeX_predicted,0.1111111111111111,8,8,GCGCCAGAGTCGTCTCACGG,0,4770035
ygeX_predicted,0.1111111111111111,8,8,GCGAGGGGCGCATCAGACGT,0,4777185
ygeX_predicted,0.1111111111111111,8,8,GCGAGAAAATTTGTCCGCTT,0,4782497
ygeX_predicted,0.1111111111111111,8,8,GCGACAAAGTCCCCCAAGAT,0,4778955
ygeX_predicted,0.1111111111111111,8,8,GCGAACTGAGACTCTTCCGG,0,4774785
ygeX_predicted,0.1111111111111111,8,8,GCCTTGGCATGGCATAACTA,0,4768872
ygeX_predicted,0.1111111111111111,8,8,GCCTGTACTGCAAAACGAAG,0,4777462
ygeX_predicted,0.1111111111111111,8,8,GCCGTTAAGTGGTGAATCAA,0,4773566
ygeX_predicted,0.1111111111111111,8,8,GCCGGCGGGATCGCCACTGT,0,4769755
ygeX_predicted,0.1111111111111111,8,8,GCCCTTAGGGCACCCACGAG,0,4781787
ygeX_predicted,0.1111111111111111,8,8,GCCAGACGAATATTCTGTAG,0,4771032
ygeX_predicted,0.1111111111111111,8,8,GCATTAGTTCACAAGCTTTT,0,4769374
ygeX_predicted,0.1111111111111111,8,8,GCATCGTCTTGGTTCAACAA,0,4770856
ygeX_predicted,0.1111111111111111,8,8,GCAGTGACGTAGCAGATACT,0,4791977
ygeX_predicted,0.1111111111111111,8,8,GCAGAGGAATGTAAGCCTGT,0,4769691
ygeX_predicted,0.1111111111111111,8,8,GCAGAAAATAACGTCGGAGC,0,4776957
ygeX_predicted,0.1111111111111111,8,8,GCACGTCTAAGCGCAATTGG,0,4766889
ygeX_predicted,0.1111111111111111,8,8,GCACCGTTCACCTTGGGTAA,0,4787174
ygeX_predicted,0.1111111111111111,8,8,GCAATCTGCTCATGTACCGA,0,4773167
ygeX_predicted,0.1111111111111111,8,8,GATTCTGACGCTCACGCGTG,0,4786243
ygeX_predicted,0.1111111111111111,8,8,GATTAATATTCTCATACTGT,0,4767732
ygeX_predicted,0.1111111111111111,8,8,GATGGCCACGTGAGAAGGAT,0,4778255
ygeX_predicted,0.1111111111111111,8,8,GATGCGTCATTTGTCAATCG,0,4774925
ygeX_predicted,0.1111111111111111,8,8,GATGAGACACCTAAAACCCT,0,4794123
ygeX_predicted,0.1111111111111111,8,8,GATATAGTTTATCTTGCCAA,0,4782309
ygeX_predicted,0.1111111111111111,8,8,GATATAATGCGGTCGAAAGT,0,4791795
ygeX_predicted,0.1111111111111111,8,8,GATAGGTAATATGCTGACTG,0,4779400
ygeX_predicted,0.1111111111111111,8,8,GATAGGGATAGTTGAAGGAC,0,4793990
ygeX_predicted,0.1111111111111111,8,8,GATAGCTATGTTAACGCTGC,0,4782511
ygeX_predicted,0.1111111111111111,8,8,GATAGAAGACTCATTTGGTG,0,4788730
ygeX_predicted,0.1111111111111111,8,8,GATACTACTCATCGCACTCA,0,4771924
ygeX_predicted,0.1111111111111111,8,8,GATAAGGGCGGCAGGGCCTT,0,4767887
ygeX_predicted,0.1111111111111111,8,8,GAGTTTGGTTTTACTATTGC,0,4768838
ygeX_predicted,0.1111111111111111,8,8,GAGTCTGGGTGGGCACCGAA,0,4776106
ygeX_predicted,0.1111111111111111,8,8,GAGTAACGGAATTGACCCCA,0,4772860
ygeX_predicted,0.1111111111111111,8,8,GAGGTAAATATGGAACACAT,0,4782434
ygeX_predicted,0.1111111111111111,8,8,GAGGAGGTACACGCAATGCT,0,4778127
ygeX_predicted,0.1111111111111111,8,8,GAGCGCCACCCGAAGTTCGT,0,4784791
ygeX_predicted,0.1111111111111111,8,8,GAGAGGTCCCCCAAGCCACA,0,4793198
ygeX_predicted,0.1111111111111111,8,8,GAGACCCGTAGAGGGCTCGT,0,4793865
ygeX_predicted,0.1111111111111111,8,8,GACTCGGAAGCCGATGGCGG,0,4780971
ygeX_predicted,0.1111111111111111,8,8,GACGTGGGTTTCAGGTTTTT,0,4794474
ygeX_predicted,0.1111111111111111,8,8,GACGTCCGGGGATAAACTCT,0,4789408
ygeX_predicted,0.1111111111111111,8,8,GACGGGCCGGGAGACAAGCT,0,4776142
ygeX_predicted,0.1111111111111111,8,8,GACCACGTCTCCTTTAAAGC,0,4785324
ygeX_predicted,0.1111111111111111,8,8,GACAGTATGTCTGCGTTTTA,0,4792018
ygeX_predicted,0.1111111111111111,8,8,GACAATACCGCCCTCAACCC,0,4769997
ygeX_predicted,0.1111111111111111,8,8,GACAAAAGCGATAATTCATC,0,4792544
ygeX_predicted,0.1111111111111111,8,8,GAAGTTTTTCTATAAGTTTA,0,4790969
ygeX_predicted,0.1111111111111111,8,8,GAAGCAATTGGACCCACTGG,0,4791242
ygeX_predicted,0.1111111111111111,8,8,GAAGACGCATAGTTTTCATT,0,4784864
ygeX_predicted,0.1111111111111111,8,8,GAACATCATATTCCGAAACC,0,4785322
ygeX_predicted,0.1111111111111111,8,8,GAACAGAAGTGGGGAAACGT,0,4794232
ygeX_predicted,0.1111111111111111,8,8,GAAATCTGTTGCCCTGGAGG,0,4781551
ygeX_predicted,0.1111111111111111,8,8,GAAACCCATGTATGCGGAGT,0,4776513
ygeX_predicted,0.1111111111111111,8,8,CTTTTAGAGGTTCAAACGTA,0,4776390
ygeX_predicted,0.1111111111111111,8,8,CTTTGTCAGATCGTTTCAAA,0,4773017
ygeX_predicted,0.1111111111111111,8,8,CTTGTTAACCTTTGTTTCAT,0,4776825
ygeX_predicted,0.1111111111111111,8,8,CTTCTCGATAATGAAAATGC,0,4791082
ygeX_predicted,0.1111111111111111,8,8,CTTCTAAGTCAGGGGACCTT,0,4770589
ygeX_predicted,0.1111111111111111,8,8,CTTCGTGATTCCATACACAG,0,4780937
ygeX_predicted,0.1111111111111111,8,8,CTTCGCCGGTGGAGGTAGTC,0,4777381
ygeX_predicted,0.1111111111111111,8,8,CTTCGCCCACGGAGCGTCCA,0,4773053
ygeX_predicted,0.1111111111111111,8,8,CTTAGAGCTGGCCATCGCCT,0,4772163
ygeX_predicted,0.1111111111111111,8,8,CTGTTGGCATTTCTCTGGTG,0,4794059
ygeX_predicted,0.1111111111111111,8,8,CTGTTGCAGACCGTATAGAA,0,4775501
ygeX_predicted,0.1111111111111111,8,8,CTGTTCCTGCGCATTGTGTA,0,4773394
ygeX_predicted,0.1111111111111111,8,8,CTGCCGGTGCCACCCTCTCG,0,4792603
ygeX_predicted,0.1111111111111111,8,8,CTCTCGCCGGGACAAGTGGA,0,4792994
ygeX_predicted,0.1111111111111111,8,8,CTCTACTTGGAGCGGGACAC,0,4769036
ygeX_predicted,0.1111111111111111,8,8,CTCGTCTGGTTAGCCTTGGT,0,4784973
ygeX_predicted,0.1111111111111111,8,8,CTCGCGCTCACCCACCCCGG,0,4779893
ygeX_predicted,0.1111111111111111,8,8,CTCCCATAATCGATCAGGTT,0,4789332
ygeX_predicted,0.1111111111111111,8,8,CTCAGTGAACGAAATAAGAA,0,4779635
ygeX_predicted,0.1111111111111111,8,8,CTATCACGAATTGAGCTGGG,0,4788345
ygeX_predicted,0.1111111111111111,8,8,CTAGTTGGCGTTTATTGACC,0,4788250
ygeX_predicted,0.1111111111111111,8,8,CTAGTGCATTTTGTCCCAAG,0,4773562
ygeX_predicted,0.1111111111111111,8,8,CTAGTAAAGTGATCTTTCCA,0,4767328
ygeX_predicted,0.1111111111111111,8,8,CTAGGTGTGCCCTTCGAATC,0,4790670
ygeX_predicted,0.1111111111111111,8,8,CTAGGGTGAAAGGCTTGGCG,0,4767729
ygeX_predicted,0.1111111111111111,8,8,CTAGCTTATTGCTTTCTATT,0,4777713
ygeX_predicted,0.1111111111111111,8,8,CTAGAACAACCACGGGATGT,0,4783379
ygeX_predicted,0.1111111111111111,8,8,CTACCTTAGTTCACCTGCCA,0,4786571
ygeX_predicted,0.1111111111111111,8,8,CTAATAATATGAAGGAAAGG,0,4787831
ygeX_predicted,0.1111111111111111,8,8,CGTTCCCAATTTAGATGCCA,0,4784617
ygeX_predicted,0.1111111111111111,8,8,CGTGTCGCAATATTACCCCT,0,4779426
ygeX_predicted,0.1111111111111111,8,8,CGTCGTCATCAATCTGAGAT,0,4789496
ygeX_predicted,0.1111111111111111,8,8,CGTCCCGTGGATACCGTCCA,0,4786658
ygeX_predicted,0.1111111111111111,8,8,CGTCCATCGATATCATACGA,0,4791703
ygeX_predicted,0.1111111111111111,8,8,CGGTACGCGTGCAGCAGGGT,0,4767135
ygeX_predicted,0.1111111111111111,8,8,CGGGCTTGCGGAAGATATTC,0,4781901
ygeX_predicted,0.1111111111111111,8,8,CGGGCCGGGTTTGTCTTGAT,0,4782736
ygeX_predicted,0.1111111111111111,8,8,CGGCTCTGTGAGTCCCCCCA,0,4768102
ygeX_predicted,0.1111111111111111,8,8,CGGCCACTATCCGAAGACGT,0,4780689
ygeX_predicted,0.1111111111111111,8,8,CGGAGGAGAGCAAAGCGTGA,0,4772188
ygeX_predicted,0.1111111111111111,8,8,CGGAGCCGGCCGGATGGCAT,0,4774174
ygeX_predicted,0.1111111111111111,8,8,CGGACTAGGGGCTCTTCCCA,0,4787087
ygeX_predicted,0.1111111111111111,8,8,CGCTCATGTTTCAGGTGACA,0,4788410
ygeX_predicted,0.1111111111111111,8,8,CGCTACCTCCATCAGTGGCA,0,4778265
ygeX_predicted,0.1111111111111111,8,8,CGCCCGTAACGGGAGCAAAG,0,4771100
ygeX_predicted,0.1111111111111111,8,8,CGCCCGGGGTGTTGGCATAT,0,4767861
ygeX_predicted,0.1111111111111111,8,8,CGCATGTGTGTGGTCTGCTA,0,4779932
ygeX_predicted,0.1111111111111111,8,8,CGCAAGCACGTTGGTAGTTA,0,4789658
ygeX_predicted,0.1111111111111111,8,8,CGATTGAACGACACACGTTA,0,4786695
ygeX_predicted,0.1111111111111111,8,8,CGATGGTGGTGCGAGTTCTC,0,4793093
ygeX_predicted,0.1111111111111111,8,8,CGATCGCAGCCTTATTACCA,0,4778246
ygeX_predicted,0.1111111111111111,8,8,CGAGGCCGAACGCGGATTTC,0,4780182
ygeX_predicted,0.1111111111111111,8,8,CGAGCACCGAAGGGAGGGCA,0,4786724
ygeX_predicted,0.1111111111111111,8,8,CGACTATAACTACAAGCAAC,0,4780975
ygeX_predicted,0.1111111111111111,8,8,CGACAGAACATCTAGTCGAA,0,4791949
ygeX_predicted,0.1111111111111111,8,8,CGAACTGACGCTACTACCCA,0,4774196
ygeX_predicted,0.1111111111111111,8,8,CCTTCGGCCAAAGGAGCACT,0,4786497
ygeX_predicted,0.1111111111111111,8,8,CCTTAAAATTTAGGTACACA,0,4774042
ygeX_predicted,0.1111111111111111,8,8,CCTCCCCGTCAAATTGAGGG,0,4778176
ygeX_predicted,0.1111111111111111,8,8,CCTATCCGGCGACAACATAT,0,4785241
ygeX_predicted,0.1111111111111111,8,8,CCTAAGCTTGCTGGCACCAT,0,4781175
ygeX_predicted,0.1111111111111111,8,8,CCGTCTTCGAACTGTTTCCT,0,4789358
ygeX_predicted,0.1111111111111111,8,8,CCGGTCTACGTGAATCTTAT,0,4777037
ygeX_predicted,0.1111111111111111,8,8,CCGGCCATTTTCCGTACCAG,0,4773516
ygeX_predicted,0.1111111111111111,8,8,CCGCTGGTGCGCATATACCT,0,4775183
ygeX_predicted,0.1111111111111111,8,8,CCGCAACTCTAGGAGCACGA,0,4776855
ygeX_predicted,0.1111111111111111,8,8,CCGAACAGGTTTAGGCTGAC,0,4784502
ygeX_predicted,0.1111111111111111,8,8,CCCTTCAACTCCCACCTGCA,0,4778553
ygeX_predicted,0.1111111111111111,8,8,CCCTATCGTTAAGGAGCGAA,0,4792790
ygeX_predicted,0.1111111111111111,8,8,CCCTAGCAAACCAGAGTGGA,0,4782618
ygeX_predicted,0.1111111111111111,8,8,CCCTACTCGGCCAAATACTG,0,4785462
ygeX_predicted,0.1111111111111111,8,8,CCCGAGGGATGTGTCCGACA,0,4771724
ygeX_predicted,0.1111111111111111,8,8,CCCATTTCTGCGTTGTTCCA,0,4779239
ygeX_predicted,0.1111111111111111,8,8,CCCACCATATATCCCAGCGC,0,4776346
ygeX_predicted,0.1111111111111111,8,8,CCATTCGAAGTGTAATACCA,0,4778334
ygeX_predicted,0.1111111111111111,8,8,CCATTACCACGTGAGATCTA,0,4775566
ygeX_predicted,0.1111111111111111,8,8,CCATATGGCCGCAAGCGCTA,0,4790332
ygeX_predicted,0.1111111111111111,8,8,CCAGCATGAAGGAATCGGGA,0,4768860
ygeX_predicted,0.1111111111111111,8,8,CCAGACATGTCTAACTTGTG,0,4768558
ygeX_predicted,0.1111111111111111,8,8,CCACTCCATGCTGTTCGATT,0,4778789
ygeX_predicted,0.1111111111111111,8,8,CCAATAATACTGGCGCGGGG,0,4783625
ygeX_predicted,0.1111111111111111,8,8,CCAATAAAAACGCATGTGGC,0,4790671
ygeX_predicted,0.1111111111111111,8,8,CCAAGCCGTGCTGAGCGGGC,0,4787670
ygeX_predicted,0.1111111111111111,8,8,CCAACTAAGTTAAGGGACAC,0,4767673
ygeX_predicted,0.1111111111111111,8,8,CCAACGAAACCTACGTAGGC,0,4770407
ygeX_predicted,0.1111111111111111,8,8,CCAAATACGGAGGGACCCAA,0,4769116
ygeX_predicted,0.1111111111111111,8,8,CATGGGTTGGCCAATGGGTT,0,4768941
ygeX_predicted,0.1111111111111111,8,8,CATGCGAGGACGAGTGGTCC,0,4777445
ygeX_predicted,0.1111111111111111,8,8,CATCGCAATGAGCAAGCTTG,0,4769224
ygeX_predicted,0.1111111111111111,8,8,CATCCTCGTGGGTGCGGGGT,0,4793272
ygeX_predicted,0.1111111111111111,8,8,CATATTCAATGCGGCTTAAA,0,4770936
ygeX_predicted,0.1111111111111111,8,8,CAGCGATTGTAGGAATAACT,0,4789267
ygeX_predicted,0.1111111111111111,8,8,CAGCCGCGATTTTTCTGTAC,0,4790426
ygeX_predicted,0.1111111111111111,8,8,CAGCACTTACTTCAGACATT,0,4780777
ygeX_predicted,0.1111111111111111,8,8,CAGATAAGGGGTCAGTCCGC,0,4781655
ygeX_predicted,0.1111111111111111,8,8,CAGACTCTTCAATGTGATGC,0,4776808
ygeX_predicted,0.1111111111111111,8,8,CAGACTCAGTATAGCTCGGA,0,4769526
ygeX_predicted,0.1111111111111111,8,8,CAGAAGTGCTCAATTTTCAA,0,4793350
ygeX_predicted,0.1111111111111111,8,8,CAGAACTCGTTCTATGCGCC,0,4786641
ygeX_predicted,0.1111111111111111,8,8,CACGTATCGGTTTCGTTGTA,0,4790776
ygeX_predicted,0.1111111111111111,8,8,CACCACTCCACTTTACCGAT,0,4791998
ygeX_predicted,0.1111111111111111,8,8,CACAGGGTTAGGATATTGTC,0,4783896
ygeX_predicted,0.1111111111111111,8,8,CACAGGAGAACCATTCTCCT,0,4774252
ygeX_predicted,0.1111111111111111,8,8,CACACCCTTGGTAGGAAGCA,0,4784551
ygeX_predicted,0.1111111111111111,8,8,CACACAATCCGCCAGTCATG,0,4791103
ygeX_predicted,0.1111111111111111,8,8,CAATGGCTTAATGCCGGTTA,0,4785126
ygeX_predicted,0.1111111111111111,8,8,CAAGTGGTTTTAGACCCTGG,0,4790282
ygeX_predicted,0.1111111111111111,8,8,CAAGGCCTTTTGTTTTGGAG,0,4786594
ygeX_predicted,0.1111111111111111,8,8,CAACGTGGCTGGTCGAGTGT,0,4781536
ygeX_predicted,0.1111111111111111,8,8,CAACGGCAGAGAACCATCGT,0,4778980
ygeX_predicted,0.1111111111111111,8,8,CAACCTTTAGAATTTCCGCG,0,4776418
ygeX_predicted,0.1111111111111111,8,8,CAACCTGCACATCTAGGCGT,0,4779150
ygeX_predicted,0.1111111111111111,8,8,CAAATTTTCGGGCTCATATT,0,4768873
ygeX_predicted,0.1111111111111111,8,8,CAAACTCACCGCATTGTGGT,0,4791108
ygeX_predicted,0.1111111111111111,8,8,ATTGCGTGTTCCTAAATGGA,0,4786200
ygeX_predicted,0.1111111111111111,8,8,ATTCTAGGTGAAGAACGAAC,0,4781176
ygeX_predicted,0.1111111111111111,8,8,ATTACGTTAATGAGGAGCCG,0,4784030
ygeX_predicted,0.1111111111111111,8,8,ATGGTCTCGGAGTTAGTAGT,0,4771274
ygeX_predicted,0.1111111111111111,8,8,ATGCGCAAAATCGGTCAACG,0,4769813
ygeX_predicted,0.1111111111111111,8,8,ATGATTAGTTTGCCGTATCG,0,4785839
ygeX_predicted,0.1111111111111111,8,8,ATGAGCTCACTTCGATGTCA,0,4770153
ygeX_predicted,0.1111111111111111,8,8,ATGAATGAGAATGGGCGCGC,0,4774845
ygeX_predicted,0.1111111111111111,8,8,ATCTGAAAGATGAGTCCTGG,0,4783531
ygeX_predicted,0.1111111111111111,8,8,ATCGTAGGCACACGGTCCAC,0,4775745
ygeX_predicted,0.1111111111111111,8,8,ATCGCATCATAGAATCGGGT,0,4793750
ygeX_predicted,0.1111111111111111,8,8,ATCCGGGCCGACAAAATGAT,0,4776424
ygeX_predicted,0.1111111111111111,8,8,ATCCAGTCTTCACATCCACC,0,4779309
ygeX_predicted,0.1111111111111111,8,8,ATCCACTCATAATGCTTGCC,0,4767683
ygeX_predicted,0.1111111111111111,8,8,ATCATCGTATATACAATCAA,0,4787544
ygeX_predicted,0.1111111111111111,8,8,ATCAGTTGAGGTAGGTTCAT,0,4779705
ygeX_predicted,0.1111111111111111,8,8,ATATGTTTACTGAGACCGAC,0,4777322
ygeX_predicted,0.1111111111111111,8,8,ATATGCGTTGGCGTAGATAA,0,4776147
ygeX_predicted,0.1111111111111111,8,8,ATACGCGGCGGTCAGGCAAA,0,4782899
ygeX_predicted,0.1111111111111111,8,8,AGTGTTGTTCGGGGACGTTT,0,4777324
ygeX_predicted,0.1111111111111111,8,8,AGTGTGTATGGTACGTGAGC,0,4785886
ygeX_predicted,0.1111111111111111,8,8,AGTGCAGCACGACTGCGGTC,0,4776302
ygeX_predicted,0.1111111111111111,8,8,AGTCAGAGACCCGTACTTGG,0,4788639
ygeX_predicted,0.1111111111111111,8,8,AGTAGTCGAGACTCTACTGT,0,4783024
ygeX_predicted,0.1111111111111111,8,8,AGGTCTAGTACGTAATGTCG,0,4783217
ygeX_predicted,0.1111111111111111,8,8,AGGTATGGGGGTAATGCTTT,0,4781919
ygeX_predicted,0.1111111111111111,8,8,AGGGTCGCGATCGCGAGTAG,0,4781301
ygeX_predicted,0.1111111111111111,8,8,AGGGGTAAGGATTCCGGTTC,0,4781076
ygeX_predicted,0.1111111111111111,8,8,AGGGGGTCGCTTAATTGGTG,0,4779792
ygeX_predicted,0.1111111111111111,8,8,AGGCTATGGTGTTTTCAATG,0,4779406
ygeX_predicted,0.1111111111111111,8,8,AGGATGTTAATCACATCCCA,0,4769370
ygeX_predicted,0.1111111111111111,8,8,AGGATACACGTCCGTTATCA,0,4768016
ygeX_predicted,0.1111111111111111,8,8,AGGACCTATTCGGCCCAGCA,0,4775874
ygeX_predicted,0.1111111111111111,8,8,AGCTTAGTCATCTGATGGGT,0,4776258
ygeX_predicted,0.1111111111111111,8,8,AGCGTACGATACTTATCCAA,0,4793241
ygeX_predicted,0.1111111111111111,8,8,AGCCTGAATCCGCGATCATG,0,4787460
ygeX_predicted,0.1111111111111111,8,8,AGCCGTAGCGAAACAAGTAT,0,4771083
ygeX_predicted,0.1111111111111111,8,8,AGCCATCAGCTGGAATGTCG,0,4794142
ygeX_predicted,0.1111111111111111,8,8,AGCCAGACAAGTCGGCTATG,0,4778598
ygeX_predicted,0.1111111111111111,8,8,AGCATATCATCGCGGCGGTT,0,4769516
ygeX_predicted,0.1111111111111111,8,8,AGCACTATCAAAGTGAAGTA,0,4774786
ygeX_predicted,0.1111111111111111,8,8,AGCACACCGCGTTGAGGAGA,0,4789729
ygeX_predicted,0.1111111111111111,8,8,AGATATGAAATACTTAGGGT,0,4789633
ygeX_predicted,0.1111111111111111,8,8,AGAGGGTGCGGTCTTGAATG,0,4788459
ygeX_predicted,0.1111111111111111,8,8,AGACCACTTTGGTCTCTGCG,0,4792234
ygeX_predicted,0.1111111111111111,8,8,AGAATCAACGCTTTATTTCT,0,4768135
ygeX_predicted,0.1111111111111111,8,8,AGAACGTATCGGCGTTACCT,0,4776727
ygeX_predicted,0.1111111111111111,8,8,AGAACCAGGATGAGTCAGAC,0,4787352
ygeX_predicted,0.1111111111111111,8,8,AGAAAGCTCGTGAATTGTGG,0,4776605
ygeX_predicted,0.1111111111111111,8,8,ACTTGGTCAAGGTTAAAGAA,0,4784789
ygeX_predicted,0.1111111111111111,8,8,ACTTATTCATAAATGACTTA,0,4771025
ygeX_predicted,0.1111111111111111,8,8,ACTGTGTGGGACAGCGCGGT,0,4779311
ygeX_predicted,0.1111111111111111,8,8,ACTGTCCGTGGGGATCAAGC,0,4793107
ygeX_predicted,0.1111111111111111,8,8,ACTGGACGTTCTATGGAGTG,0,4791709
ygeX_predicted,0.1111111111111111,8,8,ACTGAGCGTCGGGCAACAGG,0,4789119
ygeX_predicted,0.1111111111111111,8,8,ACTCTCAGCAGGAGAAAGGT,0,4790086
ygeX_predicted,0.1111111111111111,8,8,ACTCGTCATACTGAACCGGA,0,4782786
ygeX_predicted,0.1111111111111111,8,8,ACTAGCTGTTTTGATCACCA,0,4782096
ygeX_predicted,0.1111111111111111,8,8,ACTACGGTTCAATGCGTCTA,0,4773417
ygeX_predicted,0.1111111111111111,8,8,ACGTGTGCGTGGCAGCTACT,0,4771838
ygeX_predicted,0.1111111111111111,8,8,ACGTGCACTAGCCTAGAAGC,0,4771580
ygeX_predicted,0.1111111111111111,8,8,ACGGTTACAGATATCACGAT,0,4787480
ygeX_predicted,0.1111111111111111,8,8,ACGGGATCTCGCGCAATGAT,0,4774705
ygeX_predicted,0.1111111111111111,8,8,ACGGCGCGATCGTCAGGGCG,0,4786646
ygeX_predicted,0.1111111111111111,8,8,ACGCCTTAGTATCCGGCCAA,0,4791336
ygeX_predicted,0.1111111111111111,8,8,ACCTATGTAGCCGGTGCAGG,0,4767894
ygeX_predicted,0.1111111111111111,8,8,ACCGTAGAAGATTCGAGTGC,0,4773412
ygeX_predicted,0.1111111111111111,8,8,ACCGGTGACGGGTACCACGA,0,4781478
ygeX_predicted,0.1111111111111111,8,8,ACCGGGATAGTGTCTAGTAA,0,4787257
ygeX_predicted,0.1111111111111111,8,8,ACCCAGTGCGAAGGCGAAAG,0,4791389
ygeX_predicted,0.1111111111111111,8,8,ACCAGGGATCTACCTGTTTT,0,4786067
ygeX_predicted,0.1111111111111111,8,8,ACCACCGCCTTGGTAGAGAC,0,4768931
ygeX_predicted,0.1111111111111111,8,8,ACCACCGCCGAAGACGATGC,0,4777544
ygeX_predicted,0.1111111111111111,8,8,ACCAACTAGAGGCAGGACAT,0,4779993
ygeX_predicted,0.1111111111111111,8,8,ACATTTTGATTCGGTCCTGG,0,4784700
ygeX_predicted,0.1111111111111111,8,8,ACATTAGCCGAAACGTCGAC,0,4785943
ygeX_predicted,0.1111111111111111,8,8,ACAGTCCCCGCTTATAAACA,0,4790509
ygeX_predicted,0.1111111111111111,8,8,AATTCGTTCAGTTGCTGATA,0,4791978
ygeX_predicted,0.1111111111111111,8,8,AATGGCTTTTGGTAGAATTC,0,4778787
ygeX_predicted,0.1111111111111111,8,8,AATCTGGAATGCCTACGCTC,0,4767314
ygeX_predicted,0.1111111111111111,8,8,AATCTCACGATAAGTATACT,0,4775767
ygeX_predicted,0.1111111111111111,8,8,AATCGAAAGTATATGGCTTA,0,4783697
ygeX_predicted,0.1111111111111111,8,8,AATACCTACTCTCCGGCAAT,0,4777624
ygeX_predicted,0.1111111111111111,8,8,AATAACAGTGTGGACATCGT,0,4792882
ygeX_predicted,0.1111111111111111,8,8,AAGTTCCTTGAAGGGGAATC,0,4786450
ygeX_predicted,0.1111111111111111,8,8,AAGTGTAATGCGGTTTTAGC,0,4787742
ygeX_predicted,0.1111111111111111,8,8,AAGTGCGAACGGTCTATGGC,0,4772851
ygeX_predicted,0.1111111111111111,8,8,AAGTACTGTGTCACAAGGCC,0,4786441
ygeX_predicted,0.1111111111111111,8,8,AAGGGCTTTGACCTAGAAGT,0,4790222
ygeX_predicted,0.1111111111111111,8,8,AAGACACGACCGCTCCTCCA,0,4786932
ygeX_predicted,0.1111111111111111,8,8,AACTGCGCTTTCGGACGTAT,0,4771173
ygeX_predicted,0.1111111111111111,8,8,AACTCGAGGTAGCGATTTGG,0,4791164
ygeX_predicted,0.1111111111111111,8,8,AACGTGTCAGTCACATCAGG,0,4783992
ygeX_predicted,0.1111111111111111,8,8,AACGGCTAGGTCATCGGCTA,0,4783716
ygeX_predicted,0.1111111111111111,8,8,AACGCTGGAGGTTTTCTCCA,0,4769049
ygeX_predicted,0.1111111111111111,8,8,AACCGGTTAGCGCTTAAAAG,0,4779812
ygeX_predicted,0.1111111111111111,8,8,AACAAGAACAAAACCGACAC,0,4788584
ygeX_predicted,0.1111111111111111,8,8,AAATCACATGAGGGAGATTC,0,4778677
ygeX_predicted,0.1111111111111111,8,8,AAATAGGTCTACTTGTTAGC,0,4777290
ygeX_predicted,0.1111111111111111,8,8,AAAGTGGTCAGTAGCAGATA,0,4780720
ygeX_predicted,0.1111111111111111,8,8,AAAGCCCAAGGTGCAGCGAA,0,4782926
ygeX_predicted,0.1111111111111111,8,8,AAAGCACCTGCCAGACTTAA,0,4792344
ygeX_predicted,0.1111111111111111,8,8,AAACGTTAAGCAAACGGTGT,0,4772150
ygeX_predicted,0.1111111111111111,8,8,AAACGGCTTGTGGGTTGTTT,0,4767344
ygeX_predicted,0.1111111111111111,8,8,AAACGCTTTTCGGGTCCACA,0,4794758
ygeX_predicted,0.1111111111111111,8,8,AAAATACGGCCTATCTCACC,0,4789110
ygeX_predicted,0.125,7,7,TTTTGGAGAAAGGTTTTGAC,0,4789436
ygeX_predicted,0.125,7,7,TTTTAAAGGGGTGGGAAATT,0,4792931
ygeX_predicted,0.125,7,7,TTTGAGGCCTAGGTTTAGGC,0,4784692
ygeX_predicted,0.125,7,7,TTTCCTACCTAATATCTCCA,0,4779744
ygeX_predicted,0.125,7,7,TTTATTCACCCGCCAGTCTA,0,4790285
ygeX_predicted,0.125,7,7,TTTATGGGGTCAGTGGTTCT,0,4770536
ygeX_predicted,0.125,7,7,TTTATGCGTATTAAGACAAG,0,4779690
ygeX_predicted,0.125,7,7,TTTAATTAGTCCGCATGCGA,0,4775154
ygeX_predicted,0.125,7,7,TTGTCCAAGTGCAACAAGAA,0,4790563
ygeX_predicted,0.125,7,7,TTGGCGAGCACCCAACAGAT,0,4789439
ygeX_predicted,0.125,7,7,TTGGCCATTGCTAAGTTGAA,0,4792243
ygeX_predicted,0.125,7,7,TTGGAGCAGCTTAAATATTT,0,4781204
ygeX_predicted,0.125,7,7,TTGCTTTCACACCCGGGAAC,0,4783151
ygeX_predicted,0.125,7,7,TTGCAACTCATCTGGAACAA,0,4787622
ygeX_predicted,0.125,7,7,TTGACCTATTCGCAGTCGCG,0,4786516
ygeX_predicted,0.125,7,7,TTCGGAGGTGGCTTAGTCCA,0,4792051
ygeX_predicted,0.125,7,7,TTCGCTTCAGTTCGGTTAAG,0,4769644
ygeX_predicted,0.125,7,7,TTCGACACGTGTCCAGGGGA,0,4778609
ygeX_predicted,0.125,7,7,TTCGAAAAAAACTACCAGGG,0,4792507
ygeX_predicted,0.125,7,7,TTCATCTATAACCTCTGTGC,0,4766912
ygeX_predicted,0.125,7,7,TTCACGAGACACGACATCCT,0,4768971
ygeX_predicted,0.125,7,7,TTATGTAGACTTTCCCAGGG,0,4782871
ygeX_predicted,0.125,7,7,TTATCATGGGAAGCGCCGGT,0,4767272
ygeX_predicted,0.125,7,7,TTATACTCATGTGTCGGGAC,0,4785746
ygeX_predicted,0.125,7,7,TTACAGTTCCTTTAGGACGA,0,4788797
ygeX_predicted,0.125,7,7,TGTTTTTCGGCAGGGCCTTA,0,4771922
ygeX_predicted,0.125,7,7,TGTTGGTCACAGAATAGCGG,0,4789980
ygeX_predicted,0.125,7,7,TGTGTGATACAGCCGCGAAA,0,4792504
ygeX_predicted,0.125,7,7,TGTCGTTGGTGGTATGTCAG,0,4780649
ygeX_predicted,0.125,7,7,TGTCGTATGGTGAAAGGCGA,0,4790661
ygeX_predicted,0.125,7,7,TGTATGTCCGCGCGCATGTT,0,4768427
ygeX_predicted,0.125,7,7,TGTACGTGCCCCTTTGGTTA,0,4781874
ygeX_predicted,0.125,7,7,TGGTCAATTCCTCAACTGTA,0,4791411
ygeX_predicted,0.125,7,7,TGGTATAGAGTCTGCGCCCT,0,4792708
ygeX_predicted,0.125,7,7,TGGGTGTGCGACGCCATATC,0,4785068
ygeX_predicted,0.125,7,7,TGGGAGGGATATGTTAGTGG,0,4781544
ygeX_predicted,0.125,7,7,TGGCTCGTACGATAAAGTAA,0,4766885
ygeX_predicted,0.125,7,7,TGGCGTAGCACTGCACTGAG,0,4778340
ygeX_predicted,0.125,7,7,TGGCCGAGAGTGGGTCTTCA,0,4779256
ygeX_predicted,0.125,7,7,TGGCCATCACGGGGGTATAG,0,4782100
ygeX_predicted,0.125,7,7,TGGCAGTCAGGGAGCATCCG,0,4767058
ygeX_predicted,0.125,7,7,TGGATTTGTACATGTCTGTC,0,4783474
ygeX_predicted,0.125,7,7,TGCTTGAGGGCAGTCTCGAC,0,4769913
ygeX_predicted,0.125,7,7,TGCTTAACACGCTGAATATA,0,4779915
ygeX_predicted,0.125,7,7,TGCTGACTAAGCACTGGTTT,0,4771941
ygeX_predicted,0.125,7,7,TGCTGACGCATCCGCGGGAG,0,4769382
ygeX_predicted,0.125,7,7,TGCCTGTAAAAGGGTACAAT,0,4791468
ygeX_predicted,0.125,7,7,TGCCGAAGTAAGAGAAACCC,0,4787282
ygeX_predicted,0.125,7,7,TGCCCCCTCAGTGATGCGTA,0,4787815
ygeX_predicted,0.125,7,7,TGCAGGCTTGGCTGTTGCGT,0,4792291
ygeX_predicted,0.125,7,7,TGCACCGGTTAAATTCAACT,0,4788978
ygeX_predicted,0.125,7,7,TGCAAAACGTTTGCATTAAT,0,4779141
ygeX_predicted,0.125,7,7,TGATAGCACCCGTGGCAAAG,0,4773165
ygeX_predicted,0.125,7,7,TGAGTATAAACGGGATTTTA,0,4773753
ygeX_predicted,0.125,7,7,TGAGCGAATGAATCGAGCGT,0,4788229
ygeX_predicted,0.125,7,7,TGAGAGACTTCTCCCCTAAT,0,4777908
ygeX_predicted,0.125,7,7,TGAGAAATAGTGGGACTTGC,0,4786950
ygeX_predicted,0.125,7,7,TGAATGGATTCCTTCCTACA,0,4770610
ygeX_predicted,0.125,7,7,TGAATCCCCTCGGGCATAAC,0,4789217
ygeX_predicted,0.125,7,7,TGAATAGCTCGACCGATGCG,0,4788045
ygeX_predicted,0.125,7,7,TCTTCTAACCGGTTAATAAT,0,4768220
ygeX_predicted,0.125,7,7,TCTCTCTACAATGAATACAG,0,4783133
ygeX_predicted,0.125,7,7,TCTCGAGGAGTCTGCGAACT,0,4782064
ygeX_predicted,0.125,7,7,TCTCAGAAGCAAGCCCGCCC,0,4780624
ygeX_predicted,0.125,7,7,TCTATTTAGAGTATTCGTTC,0,4781333
ygeX_predicted,0.125,7,7,TCTATCCCCTTAGATGTTGC,0,4773843
ygeX_predicted,0.125,7,7,TCGTTAATCGTTCGTTTCGT,0,4768067
ygeX_predicted,0.125,7,7,TCGCCTTGCCCCTTTGGCCT,0,4794468
ygeX_predicted,0.125,7,7,TCGATTTGTGAGGACTGTGA,0,4777142
ygeX_predicted,0.125,7,7,TCGACGTGAGAGACTCATAC,0,4775124
ygeX_predicted,0.125,7,7,TCGACAACAGGTTCAAACCT,0,4766758
ygeX_predicted,0.125,7,7,TCCGTGAAACACAGACTAAA,0,4787270
ygeX_predicted,0.125,7,7,TCCCCGGAACCCCCTTTATG,0,4767285
ygeX_predicted,0.125,7,7,TCCCACTAGCGCAAACTCCG,0,4780878
ygeX_predicted,0.125,7,7,TCCAGAATGCTCGGGGATCC,0,4772065
ygeX_predicted,0.125,7,7,TCATTACCAGACAAAACTGC,0,4782782
ygeX_predicted,0.125,7,7,TCATCTAGAACCGAGTCTCA,0,4793487
ygeX_predicted,0.125,7,7,TCATCCTTACTGACCCCAGG,0,4772927
ygeX_predicted,0.125,7,7,TCATCCGCACCGCTGTAGAC,0,4791136
ygeX_predicted,0.125,7,7,TCAGTTCCAAATGCAGGCTG,0,4771127
ygeX_predicted,0.125,7,7,TCAGCGCCAGGCAACCTACA,0,4775387
ygeX_predicted,0.125,7,7,TCACGATGATTGTTGGATAA,0,4779290
ygeX_predicted,0.125,7,7,TCAAGTCAGCTAGGCCATCA,0,4768477
ygeX_predicted,0.125,7,7,TCAAGGGCCACAGGCTCGCA,0,4783398
ygeX_predicted,0.125,7,7,TATTTTACCTCTGGCGTGCT,0,4785408
ygeX_predicted,0.125,7,7,TATTGGAAGCACAATAGACT,0,4781195
ygeX_predicted,0.125,7,7,TATTCTTGATATGCGTCAGG,0,4782180
ygeX_predicted,0.125,7,7,TATTATCCCGGAAGGACTAG,0,4788358
ygeX_predicted,0.125,7,7,TATGGGCCATAGGAGGAGTT,0,4786499
ygeX_predicted,0.125,7,7,TATGCTGGTTGGAAGGTGGC,0,4783857
ygeX_predicted,0.125,7,7,TATGATGAGCGTTACGGATC,0,4791225
ygeX_predicted,0.125,7,7,TATCATATCTATGCCTTCCG,0,4776909
ygeX_predicted,0.125,7,7,TATAGAGTATTATCTACTCT,0,4769531
ygeX_predicted,0.125,7,7,TAGTTGTGTACTCATTAACC,0,4783672
ygeX_predicted,0.125,7,7,TAGGTTGTGGCCGCTGCGAC,0,4777030
ygeX_predicted,0.125,7,7,TAGGTTCTAGCTTGGGTGTC,0,4786493
ygeX_predicted,0.125,7,7,TAGGCCACATGTCAGTCTGC,0,4791695
ygeX_predicted,0.125,7,7,TAGCCTATCATAAGGGGTTC,0,4781160
ygeX_predicted,0.125,7,7,TAGCCATAACATTCCGATGC,0,4773541
ygeX_predicted,0.125,7,7,TAGCAAGATTGCGGAACCTT,0,4790382
ygeX_predicted,0.125,7,7,TAGATCTGTTATAGTTGTCG,0,4793831
ygeX_predicted,0.125,7,7,TAGACGTATCCACTACAAGC,0,4792761
ygeX_predicted,0.125,7,7,TACTTCATTCACTTCGGAGG,0,4790954
ygeX_predicted,0.125,7,7,TACTGGTTATGTGTAGTCTA,0,4792558
ygeX_predicted,0.125,7,7,TACTGGTTATGAATTGGAGA,0,4782121
ygeX_predicted,0.125,7,7,TACTACTTTTGCGGCTGAGG,0,4782501
ygeX_predicted,0.125,7,7,TACGAGTGGGCAAAAATGAT,0,4790450
ygeX_predicted,0.125,7,7,TACCGTATTGACACCTCCCA,0,4790861
ygeX_predicted,0.125,7,7,TACCCTTGATTGAACCACAA,0,4780454
ygeX_predicted,0.125,7,7,TACCAGACTTGGCCCTGACT,0,4788755
ygeX_predicted,0.125,7,7,TACATTAAGTGCAGACGTAC,0,4773796
ygeX_predicted,0.125,7,7,TACACAATAATTTACACATG,0,4792792
ygeX_predicted,0.125,7,7,TACAAAATTCCATTGCTACG,0,4786730
ygeX_predicted,0.125,7,7,TACAAAAGGATTCCGCTGAT,0,4777575
ygeX_predicted,0.125,7,7,TAATGTTATAGCATTGCTCT,0,4790506
ygeX_predicted,0.125,7,7,TAATCTGCCTATGCGTTGGG,0,4772205
ygeX_predicted,0.125,7,7,TAATATCCCGGTCAATCGCG,0,4773712
ygeX_predicted,0.125,7,7,TAAGATAGGAAACAGAAAAT,0,4772058
ygeX_predicted,0.125,7,7,TAAACAGAACTTACGTTAGC,0,4774773
ygeX_predicted,0.125,7,7,GTTTCGGGGGTTCAGCCGCA,0,4779187
ygeX_predicted,0.125,7,7,GTTGCTGTAGCACCGCGTGC,0,4776052
ygeX_predicted,0.125,7,7,GTTGCTACTCGACGTCCGCG,0,4790951
ygeX_predicted,0.125,7,7,GTTGAATTTTACGATATGCT,0,4766935
ygeX_predicted,0.125,7,7,GTTATGCCGCAAGATCGGTT,0,4769211
ygeX_predicted,0.125,7,7,GTTAGCCTTCGCCTTATGGA,0,4786842
ygeX_predicted,0.125,7,7,GTGTTTGACGCTCCACGAGT,0,4781124
ygeX_predicted,0.125,7,7,GTGTTCCCATGAAGAAGGTT,0,4793533
ygeX_predicted,0.125,7,7,GTGTGAGTCTCGGCTGCTTG,0,4781687
ygeX_predicted,0.125,7,7,GTGTATAAGTAAAAGCCTCG,0,4777715
ygeX_predicted,0.125,7,7,GTGGCATATAGGGGACCTAA,0,4784562
ygeX_predicted,0.125,7,7,GTGCAATAGCTGGCGTTAGG,0,4770807
ygeX_predicted,0.125,7,7,GTGATGATTTCGTTGGTTTC,0,4774437
ygeX_predicted,0.125,7,7,GTGAATTATGAAAAGATGCG,0,4767954
ygeX_predicted,0.125,7,7,GTCGTACCAACCTGGTCGGT,0,4780040
ygeX_predicted,0.125,7,7,GTCGAATATGACATTACCGG,0,4772565
ygeX_predicted,0.125,7,7,GTCCTTTTCGGTGAGGTGAT,0,4783654
ygeX_predicted,0.125,7,7,GTCCTGTAGAATGGCGGTTT,0,4790774
ygeX_predicted,0.125,7,7,GTCCTGGAATATTGGCACCC,0,4792281
ygeX_predicted,0.125,7,7,GTCCGCTTTCACCGGTGCTC,0,4782541
ygeX_predicted,0.125,7,7,GTCCCGTCACCTTACGATCC,0,4780207
ygeX_predicted,0.125,7,7,GTCATGTTTGTCGCTATGCC,0,4767884
ygeX_predicted,0.125,7,7,GTCAGCAGCCAATGTCTGTC,0,4783429
ygeX_predicted,0.125,7,7,GTCAAATGTAGGTAACAGAG,0,4790035
ygeX_predicted,0.125,7,7,GTATCAAGATCCACAGCCGT,0,4776148
ygeX_predicted,0.125,7,7,GTAGTAAATGTTCCGTCGGG,0,4771790
ygeX_predicted,0.125,7,7,GTAGATGTTTGCCTGAGCTA,0,4792489
ygeX_predicted,0.125,7,7,GTACTGGGTCTACTCACAAA,0,4786726
ygeX_predicted,0.125,7,7,GTACGACTTATACTGTCGCC,0,4778929
ygeX_predicted,0.125,7,7,GTAATGCGTCTTACGTGGTC,0,4780994
ygeX_predicted,0.125,7,7,GGTTTATCACCTGTACCGAT,0,4787869
ygeX_predicted,0.125,7,7,GGTGCGTGGTGACTAAGTAT,0,4770346
ygeX_predicted,0.125,7,7,GGTCTCTGCATGGGTTAGGC,0,4789962
ygeX_predicted,0.125,7,7,GGTCGTTCGGTGCCCCGTAT,0,4768668
ygeX_predicted,0.125,7,7,GGTCGCACAGGGATCGTTCA,0,4770795
ygeX_predicted,0.125,7,7,GGTCAATTTTAAGTGGCAGA,0,4771886
ygeX_predicted,0.125,7,7,GGGTGCACACAATCTGCTGT,0,4782495
ygeX_predicted,0.125,7,7,GGGTCGCAATGCAAGGTCCT,0,4773921
ygeX_predicted,0.125,7,7,GGGTAAAAATTACAGAGCAA,0,4776450
ygeX_predicted,0.125,7,7,GGGGTGAGGGGGGCTCTTTG,0,4782581
ygeX_predicted,0.125,7,7,GGGGTAGTTCAACTTAGGAA,0,4777089
ygeX_predicted,0.125,7,7,GGGCTTTGCGAATAATCGAC,0,4777881
ygeX_predicted,0.125,7,7,GGGCTAGGTTAATCTTGCGC,0,4774683
ygeX_predicted,0.125,7,7,GGGCCGATCATGAGGAGACT,0,4780544
ygeX_predicted,0.125,7,7,GGGATGAAGCAGGGGGATGA,0,4772180
ygeX_predicted,0.125,7,7,GGGAGAGTATGTACAGAGTG,0,4776131
ygeX_predicted,0.125,7,7,GGGAATAACTCTATACCTAT,0,4771291
ygeX_predicted,0.125,7,7,GGCTTGGTGGAGAGGAACGT,0,4779946
ygeX_predicted,0.125,7,7,GGCCCGGGTAGAGAATCGCC,0,4776366
ygeX_predicted,0.125,7,7,GGCCCAGCGGTATTGTTAAT,0,4773291
ygeX_predicted,0.125,7,7,GGCAACACTTGGACGAGCTG,0,4779614
ygeX_predicted,0.125,7,7,GGCAAATGGATTCAAAGGAA,0,4770175
ygeX_predicted,0.125,7,7,GGATTACAGCGGATTGTCTG,0,4769739
ygeX_predicted,0.125,7,7,GGATGTGGTGCGAATGAGCC,0,4787014
ygeX_predicted,0.125,7,7,GGATGCCCTTACGGCTATGA,0,4779189
ygeX_predicted,0.125,7,7,GGATGCCAGAAAGTCGCTTG,0,4793432
ygeX_predicted,0.125,7,7,GGACCTTGTGGTTTTGAGCC,0,4784586
ygeX_predicted,0.125,7,7,GGACCACTACTACACTAGAC,0,4779060
ygeX_predicted,0.125,7,7,GGAATGATAGCAGCTTTCGG,0,4793036
ygeX_predicted,0.125,7,7,GGAATATACATTAGGCATTA,0,4773481
ygeX_predicted,0.125,7,7,GCTGTTGCCGGTCATGTCAG,0,4793454
ygeX_predicted,0.125,7,7,GCTGGGGCGAGTTTTTTGAG,0,4777772
ygeX_predicted,0.125,7,7,GCTGCGTCAGGGAAAAAGTT,0,4779431
ygeX_predicted,0.125,7,7,GCTATGAATACAGAACCAGC,0,4773964
ygeX_predicted,0.125,7,7,GCGTCAATTTACTCTTGTGG,0,4786720
ygeX_predicted,0.125,7,7,GCGTACCATATTATATCTTG,0,4789957
ygeX_predicted,0.125,7,7,GCGGATCGGCCAAAAGCACC,0,4778432
ygeX_predicted,0.125,7,7,GCGGAGGTAACCGCCGAGCG,0,4772416
ygeX_predicted,0.125,7,7,GCGCTGTCTGATCGACCGGA,0,4780535
ygeX_predicted,0.125,7,7,GCGCTGGATATAACCTCGAG,0,4776837
ygeX_predicted,0.125,7,7,GCGATGTGGAGAGTTTAGGC,0,4769375
ygeX_predicted,0.125,7,7,GCGAAAGACTTATATGCCGA,0,4779374
ygeX_predicted,0.125,7,7,GCCTTACCTGGAGTATGAGT,0,4772126
ygeX_predicted,0.125,7,7,GCCGTAGACCACTCCTTTTC,0,4791872
ygeX_predicted,0.125,7,7,GCCGGTGGTGCATAGAGAGT,0,4769292
ygeX_predicted,0.125,7,7,GCCGCATCACATGTTGGATC,0,4768741
ygeX_predicted,0.125,7,7,GCCCGTCCTGAGAACTCGGT,0,4781939
ygeX_predicted,0.125,7,7,GCCCCGGCCAACTACCTTTC,0,4778208
ygeX_predicted,0.125,7,7,GCAGTACGGCATGAGGATTT,0,4776089
ygeX_predicted,0.125,7,7,GCACGATTAGAAATGGACTG,0,4783314
ygeX_predicted,0.125,7,7,GATGACTAGGGTAGTTACTC,0,4778423
ygeX_predicted,0.125,7,7,GATCGTGAGGGCAGGCTCCA,0,4769642
ygeX_predicted,0.125,7,7,GATCACGTAGGGGCCGCCCG,0,4783713
ygeX_predicted,0.125,7,7,GATACTTGTTCGCGCCTAGG,0,4780082
ygeX_predicted,0.125,7,7,GAGTTAACCCGGGTAGGCCA,0,4782837
ygeX_predicted,0.125,7,7,GAGTACTCGTGGGTGTATGT,0,4783204
ygeX_predicted,0.125,7,7,GAGGTTACTTCACTCACTTT,0,4778420
ygeX_predicted,0.125,7,7,GAGGCTATGGGCGTCGAGCT,0,4781833
ygeX_predicted,0.125,7,7,GAGCTGTTGTGACTTTTGAT,0,4787247
ygeX_predicted,0.125,7,7,GAGCAGCTCATTGCTACAAG,0,4767692
ygeX_predicted,0.125,7,7,GAGATTTCCATTGCAGTTAG,0,4776132
ygeX_predicted,0.125,7,7,GAGATGCACTTCGCCACATG,0,4771773
ygeX_predicted,0.125,7,7,GAGATCTACAAAAAAAAACC,0,4789597
ygeX_predicted,0.125,7,7,GACTGTGCGCCGGGTCGCGT,0,4770456
ygeX_predicted,0.125,7,7,GACTGGATTACCGCTTTTAT,0,4769327
ygeX_predicted,0.125,7,7,GACTCGGCGCATTTGCACAC,0,4790153
ygeX_predicted,0.125,7,7,GACGGTCCGCGCGATCCCCC,0,4770108
ygeX_predicted,0.125,7,7,GACGGAAGCCCCACCTAACG,0,4777118
ygeX_predicted,0.125,7,7,GACCTTCGTTTTGACGTCAT,0,4768014
ygeX_predicted,0.125,7,7,GACCCCGTGGGCCTCACTGT,0,4769016
ygeX_predicted,0.125,7,7,GACAGACTTGTGTAGAATTC,0,4793980
ygeX_predicted,0.125,7,7,GACAATAGATTGCATGGGGG,0,4771008
ygeX_predicted,0.125,7,7,GAATTGCTACATCTTGTAAA,0,4782481
ygeX_predicted,0.125,7,7,GAAGTTTAGCGTTCCTCTGC,0,4774560
ygeX_predicted,0.125,7,7,GAAGTGCCTGGGATTAACCC,0,4770722
ygeX_predicted,0.125,7,7,GAAGTAATGATGAGGCATCC,0,4777552
ygeX_predicted,0.125,7,7,GAAGGTAAAAGAGAATTATA,0,4789568
ygeX_predicted,0.125,7,7,GAAGCCGTTATTTTTCCTTA,0,4787065
ygeX_predicted,0.125,7,7,GAACGCCGTATTGACATATA,0,4775174
ygeX_predicted,0.125,7,7,GAACGCCACGTTTCACTCGA,0,4772456
ygeX_predicted,0.125,7,7,GAACATTCCTAGGCGCTATC,0,4783701
ygeX_predicted,0.125,7,7,GAAACTCAAACGTTGGCCTC,0,4774260
ygeX_predicted,0.125,7,7,CTTTGACCGAATACCCAACT,0,4774670
ygeX_predicted,0.125,7,7,CTTTCCCACGAGTGCAGGTA,0,4777527
ygeX_predicted,0.125,7,7,CTTGGAGATTGCAAGTTGTA,0,4773410
ygeX_predicted,0.125,7,7,CTTCATCCTTCCCTACGATA,0,4785788
ygeX_predicted,0.125,7,7,CTTCAGGATGCCGCTCACCG,0,4775043
ygeX_predicted,0.125,7,7,CTTAGGCTCCGGACTGTCGA,0,4794378
ygeX_predicted,0.125,7,7,CTTAACAAGCGAGTGGGTTA,0,4788788
ygeX_predicted,0.125,7,7,CTGTCCGGGAGTATTATCTT,0,4782813
ygeX_predicted,0.125,7,7,CTGGGGTCCGAGGCCCAATG,0,4769867
ygeX_predicted,0.125,7,7,CTGGGACAGAAATCCCGTAG,0,4790459
ygeX_predicted,0.125,7,7,CTGGATACAAATCAAAATGA,0,4788222
ygeX_predicted,0.125,7,7,CTGGAAACAAATCACCGAGT,0,4791854
ygeX_predicted,0.125,7,7,CTGCCGCGCGGCATACCCAC,0,4792501
ygeX_predicted,0.125,7,7,CTGCCCCCGGCAAATCCGGC,0,4782509
ygeX_predicted,0.125,7,7,CTGAGTGGCGACATCAACTG,0,4776185
ygeX_predicted,0.125,7,7,CTCTTGCGTGTGGTGTACAC,0,4782417
ygeX_predicted,0.125,7,7,CTCGGGCCATAAAATCTTGA,0,4792133
ygeX_predicted,0.125,7,7,CTCCACCCGTGCATGGTTGC,0,4774292
ygeX_predicted,0.125,7,7,CTCAGCCGATTATCAATCGC,0,4784943
ygeX_predicted,0.125,7,7,CTCAATGGTGGATACGGGGC,0,4788350
ygeX_predicted,0.125,7,7,CTATTTATAGACGGGCACAT,0,4779058
ygeX_predicted,0.125,7,7,CTATAGCATATTTGTAGCGC,0,4767866
ygeX_predicted,0.125,7,7,CTAGTCAGATGCTTACGTGC,0,4767348
ygeX_predicted,0.125,7,7,CTACCATGTGGGTTCAACAA,0,4788724
ygeX_predicted,0.125,7,7,CTACATGAATTTCAGTTCAA,0,4769353
ygeX_predicted,0.125,7,7,CTAAATTTGGGCAGCTCTCT,0,4785988
ygeX_predicted,0.125,7,7,CTAAATAACGTTCCAGTTTT,0,4787977
ygeX_predicted,0.125,7,7,CGTTGGCGCAAGTCGTAAAG,0,4786656
ygeX_predicted,0.125,7,7,CGTTGAGTCGTCAGAGTTCC,0,4782479
ygeX_predicted,0.125,7,7,CGTTACTATTCGTTACATCT,0,4791781
ygeX_predicted,0.125,7,7,CGTGACGGCAGCACCCCTCG,0,4792312
ygeX_predicted,0.125,7,7,CGTATTGCGGGCAAGAGTCC,0,4787744
ygeX_predicted,0.125,7,7,CGTATAGGCAGTTCAGGCGG,0,4787613
ygeX_predicted,0.125,7,7,CGGTTAGAAAACGGTCGTCA,0,4773082
ygeX_predicted,0.125,7,7,CGGGGTACACCGGGCAGAAA,0,4787140
ygeX_predicted,0.125,7,7,CGGGCTCGTCTTTCGGTTCG,0,4779083
ygeX_predicted,0.125,7,7,CGGCGCGTTGTCCCCGAAAT,0,4788744
ygeX_predicted,0.125,7,7,CGGCAGGGGCTGTCTATGCG,0,4774597
ygeX_predicted,0.125,7,7,CGGCAATCACACGTCTCTAA,0,4777836
ygeX_predicted,0.125,7,7,CGGAGAGTCCGATTGAGCGA,0,4774548
ygeX_predicted,0.125,7,7,CGGAATACATAAGATACCCT,0,4766863
ygeX_predicted,0.125,7,7,CGGAAGTGGGTATAATTATC,0,4781708
ygeX_predicted,0.125,7,7,CGGAAGTCTGGCTAACCTCC,0,4790122
ygeX_predicted,0.125,7,7,CGCTCGGAAGGTCTCATATG,0,4792573
ygeX_predicted,0.125,7,7,CGCCGAATTCAGATCAGGAA,0,4788245
ygeX_predicted,0.125,7,7,CGCATAGGTATCTCGAGTAT,0,4772835
ygeX_predicted,0.125,7,7,CGATTCCCTGTGTACGCTTG,0,4793034
ygeX_predicted,0.125,7,7,CGATCAATCACGGAACACGG,0,4782390
ygeX_predicted,0.125,7,7,CGACCTTCGTTGAGCACCCT,0,4773962
ygeX_predicted,0.125,7,7,CGACAGTTCGGAAGCTGCAT,0,4778957
ygeX_predicted,0.125,7,7,CGAAGTTCTGGAAGATGATG,0,4783271
ygeX_predicted,0.125,7,7,CGAAGATTCATCACTGGTGA,0,4779208
ygeX_predicted,0.125,7,7,CCTTTAGCTTCATCCTTAGT,0,4781745
ygeX_predicted,0.125,7,7,CCTTCATTCAGGCAGGTCGC,0,4772980
ygeX_predicted,0.125,7,7,CCTGTCGCATTTGTCCGGCC,0,4781545
ygeX_predicted,0.125,7,7,CCTGGCGGCGGCCCGACACT,0,4793287
ygeX_predicted,0.125,7,7,CCTCGTAACTCGAAAACAAA,0,4783331
ygeX_predicted,0.125,7,7,CCTCGACCTTTAGGCGAGAG,0,4793113
ygeX_predicted,0.125,7,7,CCTCCTGCGTACCAGCTACG,0,4767824
ygeX_predicted,0.125,7,7,CCTCCCGAGCAAACCAGCCG,0,4771303
ygeX_predicted,0.125,7,7,CCGTCCCTAACAAAAATTCA,0,4793610
ygeX_predicted,0.125,7,7,CCGGTGCATTATCTGGACGC,0,4771612
ygeX_predicted,0.125,7,7,CCGGGTGGTCGATAAATCGT,0,4769030
ygeX_predicted,0.125,7,7,CCGCTAACATAGTTATTCGG,0,4775299
ygeX_predicted,0.125,7,7,CCGCCCTCCATCGAGGGTCC,0,4784145
ygeX_predicted,0.125,7,7,CCCTGTCGTGGGGGTCCGTC,0,4794586
ygeX_predicted,0.125,7,7,CCCTGGTCGCAACTACCTTG,0,4777137
ygeX_predicted,0.125,7,7,CCCTATACGTTCTAAAGCTC,0,4782468
ygeX_predicted,0.125,7,7,CCCGTGATCAAGATCATCCA,0,4785681
ygeX_predicted,0.125,7,7,CCCCACTATCGTGGCCTGTG,0,4783448
ygeX_predicted,0.125,7,7,CCCATTATGTAACGAAAGAT,0,4790007
ygeX_predicted,0.125,7,7,CCCACGAGCATTCATTGCTT,0,4768161
ygeX_predicted,0.125,7,7,CCATTTGAGGTACTGGCCCT,0,4786774
ygeX_predicted,0.125,7,7,CCATAAAGGTGGTGGACATT,0,4792785
ygeX_predicted,0.125,7,7,CCAGGGTGACCGGTACGTAT,0,4785610
ygeX_predicted,0.125,7,7,CCACGGCTGGTTTACGGCCG,0,4779138
ygeX_predicted,0.125,7,7,CCAAAGAGACGGCGTTCGTA,0,4774082
ygeX_predicted,0.125,7,7,CATTGGGGCAAACCGTCAAC,0,4783735
ygeX_predicted,0.125,7,7,CATTATTTCAGTCTTGAATG,0,4773024
ygeX_predicted,0.125,7,7,CATGATACTACGTGGAGTAT,0,4779966
ygeX_predicted,0.125,7,7,CATGACTCTATGGCTCACGG,0,4778382
ygeX_predicted,0.125,7,7,CATCAGCTAAGCTAGAGAGC,0,4791694
ygeX_predicted,0.125,7,7,CATATCAAAACCGACGGTTA,0,4785990
ygeX_predicted,0.125,7,7,CATACCGAAAGCATCCCCGG,0,4775893
ygeX_predicted,0.125,7,7,CAGTTCTGTAGAAGGACAAT,0,4784907
ygeX_predicted,0.125,7,7,CAGTGCCAGATCGCACACGG,0,4789714
ygeX_predicted,0.125,7,7,CAGTAACGCCAGTGAGCTGC,0,4771375
ygeX_predicted,0.125,7,7,CAGGGTAAAGGTATGTTTCG,0,4787466
ygeX_predicted,0.125,7,7,CAGGCTAGTATAAGGGCTCC,0,4771762
ygeX_predicted,0.125,7,7,CAGGCCGGGGTGCCAACGTC,0,4767202
ygeX_predicted,0.125,7,7,CAGGCACTTCGGTGGCATGG,0,4779439
ygeX_predicted,0.125,7,7,CAGCTAGTGCACCGGACTAG,0,4769819
ygeX_predicted,0.125,7,7,CAGCCCCCGCAAACTCGGGT,0,4792213
ygeX_predicted,0.125,7,7,CAGAGACATTGGGTGTTCCG,0,4767560
ygeX_predicted,0.125,7,7,CAGAAATCCTCCGCGGTACT,0,4771006
ygeX_predicted,0.125,7,7,CACTGCCGAGCCGCGGCACG,0,4768328
ygeX_predicted,0.125,7,7,CACCTGCGCAGTGACTGTCA,0,4789675
ygeX_predicted,0.125,7,7,CACCTATTTCGATTGAATCA,0,4793556
ygeX_predicted,0.125,7,7,CACCCTTACCCGGTCAGGCG,0,4766911
ygeX_predicted,0.125,7,7,CACCAGGATGCATATCGTGG,0,4785393
ygeX_predicted,0.125,7,7,CACATGTGGCATGCGTACCG,0,4776430
ygeX_predicted,0.125,7,7,CAATTACGATGGCTGCTTGA,0,4792551
ygeX_predicted,0.125,7,7,CAATGTTGACCCGGACCATT,0,4794288
ygeX_predicted,0.125,7,7,CAATGTCTTGGTCCAGAAGA,0,4780744
ygeX_predicted,0.125,7,7,CAATCTAAAGGTGCGATTGC,0,4768824
ygeX_predicted,0.125,7,7,CAATAGCCCCGAATTAAAAT,0,4788211
ygeX_predicted,0.125,7,7,CAAGATATGCGCAGTGTTGC,0,4768468
ygeX_predicted,0.125,7,7,CAAAGCTGATCGGTATTGAC,0,4792575
ygeX_predicted,0.125,7,7,CAAAAGATAAACGTGATCAT,0,4789474
ygeX_predicted,0.125,7,7,CAAAAAATTACGAGCTTGAA,0,4785819
ygeX_predicted,0.125,7,7,ATTTTGTTCGATGTTCATCA,0,4779759
ygeX_predicted,0.125,7,7,ATTGTTTGGGGGGTGTAACC,0,4772957
ygeX_predicted,0.125,7,7,ATTCGCTGGCGGTCCATTAG,0,4766737
ygeX_predicted,0.125,7,7,ATTATTCTTCCGACGTGTCT,0,4768404
ygeX_predicted,0.125,7,7,ATTAGCTGGGAGAGCGCCTG,0,4771237
ygeX_predicted,0.125,7,7,ATGGTCAGTTGGAGAGGCAA,0,4793991
ygeX_predicted,0.125,7,7,ATGGGGTTACGCGGACGCAG,0,4783001
ygeX_predicted,0.125,7,7,ATGGACCGCACGCTTATCGT,0,4783519
ygeX_predicted,0.125,7,7,ATGGAATCACTGCTAGCCGC,0,4791408
ygeX_predicted,0.125,7,7,ATGCCTAGTTATAACGAATA,0,4781792
ygeX_predicted,0.125,7,7,ATGAGTCCGTGGCGGCCGGA,0,4778256
ygeX_predicted,0.125,7,7,ATGAGCTCGGCTGCGCCGTA,0,4791562
ygeX_predicted,0.125,7,7,ATGAAGACCGTGATTCAGGG,0,4790116
ygeX_predicted,0.125,7,7,ATCTCAATACTTCGATGACT,0,4780897
ygeX_predicted,0.125,7,7,ATCGTCTCCTGATCGTACAC,0,4771369
ygeX_predicted,0.125,7,7,ATCCGCGCCGTACCACCTAG,0,4793239
ygeX_predicted,0.125,7,7,ATCCGACGGTCCTTTTTCTC,0,4786090
ygeX_predicted,0.125,7,7,ATCCCGTTGCTGGACGATCT,0,4793297
ygeX_predicted,0.125,7,7,ATCAGAGGCAGGGTTTAGAA,0,4791560
ygeX_predicted,0.125,7,7,ATCAGAGGACGAGAATTACA,0,4771853
ygeX_predicted,0.125,7,7,ATCAGAACGCAAAATGTGAA,0,4788490
ygeX_predicted,0.125,7,7,ATATTTTTACGGTCGTCAAA,0,4776241
ygeX_predicted,0.125,7,7,ATATCGTCCCTGAATAATCT,0,4768286
ygeX_predicted,0.125,7,7,ATAGGACTAAATAGATTAAA,0,4784527
ygeX_predicted,0.125,7,7,ATACGTCTAAGTCAGTACCT,0,4789391
ygeX_predicted,0.125,7,7,ATACAGAACATAAACCCGTC,0,4781584
ygeX_predicted,0.125,7,7,AGTTCTGTTTGGAATTTTGT,0,4783244
ygeX_predicted,0.125,7,7,AGTTCTGCACTGCAATTCAC,0,4778746
ygeX_predicted,0.125,7,7,AGTTACGTCCGGAGGGATGA,0,4771593
ygeX_predicted,0.125,7,7,AGTGTTGTCTCAGGTTCCCT,0,4775416
ygeX_predicted,0.125,7,7,AGTGTAAGTTGATGCGGGTA,0,4768890
ygeX_predicted,0.125,7,7,AGTGCTCCTGTTGTTCACTG,0,4787464
ygeX_predicted,0.125,7,7,AGTGCAACGCACCGAAGGCT,0,4783139
ygeX_predicted,0.125,7,7,AGTGACGATGTAGATCGAGT,0,4793997
ygeX_predicted,0.125,7,7,AGTATATGTTCTTAGGCGAC,0,4774972
ygeX_predicted,0.125,7,7,AGTAGGCTTCTCATAGATGA,0,4771085
ygeX_predicted,0.125,7,7,AGTAGAAGCTGGAGTTCCAG,0,4781382
ygeX_predicted,0.125,7,7,AGTACGGGACGCCTATGGTC,0,4770600
ygeX_predicted,0.125,7,7,AGTAACGCGCGTATCAAGAC,0,4788260
ygeX_predicted,0.125,7,7,AGTAAATAGACTACCCGATT,0,4781786
ygeX_predicted,0.125,7,7,AGGTGTGTAGCCTACCGGCC,0,4774262
ygeX_predicted,0.125,7,7,AGGGGTGTCCCCGAAGCACC,0,4787304
ygeX_predicted,0.125,7,7,AGGGCCGCAGCCCGCACGTT,0,4783511
ygeX_predicted,0.125,7,7,AGGCCTAATATCCGCTTCAA,0,4779277
ygeX_predicted,0.125,7,7,AGGATGTTTTTGCACTGCTG,0,4774945
ygeX_predicted,0.125,7,7,AGGATGGCCTAGTGGCCAAC,0,4772865
ygeX_predicted,0.125,7,7,AGGAACTACTAGCGCCACCT,0,4783775
ygeX_predicted,0.125,7,7,AGCTTTGTTCCCCAACAGCC,0,4767995
ygeX_predicted,0.125,7,7,AGCTCCGCAATACGGCCGGA,0,4786166
ygeX_predicted,0.125,7,7,AGCCTTTAGACGTTGGGATC,0,4774496
ygeX_predicted,0.125,7,7,AGCCTGACCGCCCACACGTA,0,4789565
ygeX_predicted,0.125,7,7,AGCAGGTCTAGTCCACTCGG,0,4781713
ygeX_predicted,0.125,7,7,AGATCGTCTCCTCGCGAGTG,0,4775867
ygeX_predicted,0.125,7,7,AGATCCCGATGAGAATGGAG,0,4769283
ygeX_predicted,0.125,7,7,AGATCAGCAGACCCTGTGCC,0,4793836
ygeX_predicted,0.125,7,7,AGAGTGGGCACCCTCATATG,0,4780312
ygeX_predicted,0.125,7,7,AGAGGTCTCCACAGCACAAC,0,4794161
ygeX_predicted,0.125,7,7,AGAGGTAGGCATCTTGCAAG,0,4784982
ygeX_predicted,0.125,7,7,AGACAAACAATTCTTGTATT,0,4771994
ygeX_predicted,0.125,7,7,ACTTCCCCTTCCCCGTTAGA,0,4791334
ygeX_predicted,0.125,7,7,ACTTAGCCCGCAGAGTTAAG,0,4786709
ygeX_predicted,0.125,7,7,ACTGTGCCCGGCCACCCCTT,0,4793686
ygeX_predicted,0.125,7,7,ACTGGCATCAAGTATTAGTT,0,4788950
ygeX_predicted,0.125,7,7,ACTGCCTTTAAATCCCCAGC,0,4778323
ygeX_predicted,0.125,7,7,ACTCTGGTAGCTCACTCGCA,0,4785972
ygeX_predicted,0.125,7,7,ACTCTGAAGTATGACGTACA,0,4778573
ygeX_predicted,0.125,7,7,ACTATAGATAATATCTAGCT,0,4781166
ygeX_predicted,0.125,7,7,ACGTCGGTACGCAATGGCAA,0,4793697
ygeX_predicted,0.125,7,7,ACGGCTCGTGGTTTGCTAGT,0,4789362
ygeX_predicted,0.125,7,7,ACGCGGGCTCTGATATTCCA,0,4785792
ygeX_predicted,0.125,7,7,ACGCGGCTCATTGTAAGTAA,0,4791860
ygeX_predicted,0.125,7,7,ACGCGCGCTCGGGGAGCGGT,0,4781823
ygeX_predicted,0.125,7,7,ACGCCTGCCCTTACCCGGTG,0,4773517
ygeX_predicted,0.125,7,7,ACGCCCTCGCCCGGGTTCAA,0,4780638
ygeX_predicted,0.125,7,7,ACGATTTGCTATAACGTCGT,0,4779192
ygeX_predicted,0.125,7,7,ACGAGGCGGCCTCCATACAT,0,4785268
ygeX_predicted,0.125,7,7,ACGAATTCGAGTACCCGTCT,0,4783361
ygeX_predicted,0.125,7,7,ACCTGTTCAAACTGCATTGT,0,4787714
ygeX_predicted,0.125,7,7,ACCTGTAGATGGCCCGGGGA,0,4777208
ygeX_predicted,0.125,7,7,ACCTGACCAGTGAGGTCGGG,0,4782718
ygeX_predicted,0.125,7,7,ACCGCGCCGCGCGAAATCAT,0,4778733
ygeX_predicted,0.125,7,7,ACCGATACACCATACCCCGT,0,4775613
ygeX_predicted,0.125,7,7,ACCGATAAACGTCGACTTGA,0,4793690
ygeX_predicted,0.125,7,7,ACCCGTCAGCGTGTACTCCA,0,4776205
ygeX_predicted,0.125,7,7,ACCCATGGTGTAAGTTTCAC,0,4777276
ygeX_predicted,0.125,7,7,ACCATGCTTTCGCTAGGAGA,0,4771148
ygeX_predicted,0.125,7,7,ACATGCAATTCAAGATATTT,0,4790742
ygeX_predicted,0.125,7,7,ACATAGTTTTGATTGGTAAC,0,4773003
ygeX_predicted,0.125,7,7,ACAGTGCCTCCTCTGGAGCC,0,4781383
ygeX_predicted,0.125,7,7,ACAAATTGCTTGCTATCAAC,0,4788661
ygeX_predicted,0.125,7,7,AATTTCTGCCACGGTATTCA,0,4777040
ygeX_predicted,0.125,7,7,AATTAGAGGCCTGGACCGGC,0,4775077
ygeX_predicted,0.125,7,7,AATGTACTTAAGAGAGCCCC,0,4781202
ygeX_predicted,0.125,7,7,AATCGTTGCCGCATCATTCA,0,4777418
ygeX_predicted,0.125,7,7,AATCACGGGCATGATTGTGA,0,4771824
ygeX_predicted,0.125,7,7,AATATTTTATCCGCTGTACT,0,4773651
ygeX_predicted,0.125,7,7,AATAGTCCGTTGTAGCTGGT,0,4786388
ygeX_predicted,0.125,7,7,AATAGTACATGCCTATCCCT,0,4785745
ygeX_predicted,0.125,7,7,AATACTGGGTTCGATTTAAA,0,4773978
ygeX_predicted,0.125,7,7,AAGTTCGTGGGGCACCATCT,0,4794425
ygeX_predicted,0.125,7,7,AAGTTCCAGGAAAATCTAGC,0,4791361
ygeX_predicted,0.125,7,7,AAGTCTGCGGGGAATCCGGA,0,4773151
ygeX_predicted,0.125,7,7,AAGTCCCTCGTTTGACCACT,0,4785674
ygeX_predicted,0.125,7,7,AAGTAGCGGAAGATTAGAAT,0,4786474
ygeX_predicted,0.125,7,7,AAGTAATTGATCCAAAAATA,0,4781887
ygeX_predicted,0.125,7,7,AAGTAAATCGAATAGAGCAA,0,4791061
ygeX_predicted,0.125,7,7,AAGGTGATGACGGCCGCACT,0,4788762
ygeX_predicted,0.125,7,7,AAGGGCGACCAGGGGTCGAT,0,4768481
ygeX_predicted,0.125,7,7,AAGGCTCGGCGGGCTACCCC,0,4787424
ygeX_predicted,0.125,7,7,AAGGCGCACGATAGCTTAAG,0,4784537
ygeX_predicted,0.125,7,7,AAGCGCTATTCGACTAAGTG,0,4772873
ygeX_predicted,0.125,7,7,AAGAAAAGCGGACGACGGTG,0,4777672
ygeX_predicted,0.125,7,7,AACTCACTGGAAAGATAAAC,0,4788851
ygeX_predicted,0.125,7,7,AACGTAAGCAAGTGTGGTAG,0,4780877
ygeX_predicted,0.125,7,7,AACGAAACTGCGTTGTACTG,0,4769005
ygeX_predicted,0.125,7,7,AACCTCTGTAATTCAGTAAG,0,4767244
ygeX_predicted,0.125,7,7,AACCGCTCGCCGCACTCAAT,0,4793180
ygeX_predicted,0.125,7,7,AACCGAGAGTTTCGATTATG,0,4781936
ygeX_predicted,0.125,7,7,AACATTGTAACGTGGGTATA,0,4788729
ygeX_predicted,0.125,7,7,AACAGAGGGCTTAATCCTAA,0,4784918
ygeX_predicted,0.125,7,7,AAATGTTGCAGGGTGCCCTG,0,4769912
ygeX_predicted,0.125,7,7,AAATGGTGAGCGTGTGCTTC,0,4776334
ygeX_predicted,0.125,7,7,AAATGACGGCTGCTTGCCTA,0,4775216
ygeX_predicted,0.125,7,7,AAATCCGAAGATGCGCGCGA,0,4787138
ygeX_predicted,0.125,7,7,AAAGTCTAAGCGCGAGGTAG,0,4783198
ygeX_predicted,0.125,7,7,AAAGTAGGCGAGGTCCGTAC,0,4792694
ygeX_predicted,0.125,7,7,AAAGGCGGTCGAATTTGGGT,0,4785824
ygeX_predicted,0.125,7,7,AAAGAGATGCTTGCGCCTCT,0,4787906
ygeX_predicted,0.125,7,7,AAACTGGAACCTCACGAGGA,0,4790249
ygeX_predicted,0.125,7,7,AAACAGCTTCTGAGTCAGGC,0,4776279
ygeX_predicted,0.125,7,7,AAAATGCGTACAATCGACTA,0,4783084
ygeX_predicted,0.14285714285714285,6,6,TTTGTGACCAATGCCGCAGT,0,4767914
ygeX_predicted,0.14285714285714285,6,6,TTTGGACAGCTGGCGGGGGT,0,4786754
ygeX_predicted,0.14285714285714285,6,6,TTTGCTACCGAAACATGCCG,0,4786761
ygeX_predicted,0.14285714285714285,6,6,TTTGACGCTGTGTGCTTCAT,0,4768136
ygeX_predicted,0.14285714285714285,6,6,TTTCGGTAGAGAAACTTTAG,0,4771684
ygeX_predicted,0.14285714285714285,6,6,TTTCGGCTGCCCTACACTGC,0,4779373
ygeX_predicted,0.14285714285714285,6,6,TTTCAAGGTAATGCCTGCAG,0,4786108
ygeX_predicted,0.14285714285714285,6,6,TTTAATGTAGTGGCGTATTC,0,4773919
ygeX_predicted,0.14285714285714285,6,6,TTTAATCTAGTCTTAGAATT,0,4776273
ygeX_predicted,0.14285714285714285,6,6,TTTAAGTGCAGGGGGATCGA,0,4771885
ygeX_predicted,0.14285714285714285,6,6,TTGTCCTCGTCGGATAGATT,0,4779588
ygeX_predicted,0.14285714285714285,6,6,TTGGTAAGGAATCAGTGTGT,0,4769689
ygeX_predicted,0.14285714285714285,6,6,TTGGGTTTGTATGATGGAAT,0,4792579
ygeX_predicted,0.14285714285714285,6,6,TTGCTCCTTATCTTTTACCT,0,4781914
ygeX_predicted,0.14285714285714285,6,6,TTGAGTTCATTCATAAGTCC,0,4791794
ygeX_predicted,0.14285714285714285,6,6,TTGACGTCCATTACTAAGGA,0,4788723
ygeX_predicted,0.14285714285714285,6,6,TTGAACAAAATAAGCTATAG,0,4790888
ygeX_predicted,0.14285714285714285,6,6,TTGAAACTGGGTTTGAATTT,0,4777481
ygeX_predicted,0.14285714285714285,6,6,TTCTTGGAGAATTAAGGCCT,0,4772002
ygeX_predicted,0.14285714285714285,6,6,TTCTCTGCCAATCGCGTTTG,0,4792928
ygeX_predicted,0.14285714285714285,6,6,TTCTCGTGTTGAGCGGTACA,0,4779153
ygeX_predicted,0.14285714285714285,6,6,TTCGTTACTTTAGATACGAG,0,4773420
ygeX_predicted,0.14285714285714285,6,6,TTCGATTAGCAAAATCCAAC,0,4771546
ygeX_predicted,0.14285714285714285,6,6,TTCCTAGGATCGGTTTAGCG,0,4783668
ygeX_predicted,0.14285714285714285,6,6,TTCCGTTGCTGAGTCAAAGT,0,4784250
ygeX_predicted,0.14285714285714285,6,6,TTCCGGTTTCATTGTCTGGT,0,4773526
ygeX_predicted,0.14285714285714285,6,6,TTCCGCAACATGCACAGCTA,0,4767777
ygeX_predicted,0.14285714285714285,6,6,TTCCACACTTACTTCTGCCG,0,4791069
ygeX_predicted,0.14285714285714285,6,6,TTCAAACTGCCGGAGTACGT,0,4773004
ygeX_predicted,0.14285714285714285,6,6,TTATATAGAGCTACTTCGTC,0,4786038
ygeX_predicted,0.14285714285714285,6,6,TTAGCACGACACCCTTCTTA,0,4788876
ygeX_predicted,0.14285714285714285,6,6,TTACAGTTATCGAATGATAG,0,4778824
ygeX_predicted,0.14285714285714285,6,6,TGTTGTAGCTAATATTTTCA,0,4774201
ygeX_predicted,0.14285714285714285,6,6,TGTTGGTTTCAGGCTCCGTT,0,4768907
ygeX_predicted,0.14285714285714285,6,6,TGTTCATACCCCCGAGCTAG,0,4774806
ygeX_predicted,0.14285714285714285,6,6,TGTTCACGGAAAAGAGCAAA,0,4775980
ygeX_predicted,0.14285714285714285,6,6,TGTTACGTATAAGTCGGAGA,0,4777403
ygeX_predicted,0.14285714285714285,6,6,TGTTAAGATTCAGTAAAATG,0,4776386
ygeX_predicted,0.14285714285714285,6,6,TGTGATATAGCCGGTACAGA,0,4788658
ygeX_predicted,0.14285714285714285,6,6,TGTCGCATGGCCAGATCGCT,0,4771683
ygeX_predicted,0.14285714285714285,6,6,TGTATGAAAGCCAGAAGAAG,0,4772737
ygeX_predicted,0.14285714285714285,6,6,TGTAGACGTAATCACACAGG,0,4789717
ygeX_predicted,0.14285714285714285,6,6,TGTACTTAACGGGAGGTGAC,0,4770626
ygeX_predicted,0.14285714285714285,6,6,TGGTTAAGACAGCCTAGATT,0,4782859
ygeX_predicted,0.14285714285714285,6,6,TGGTATCCGGCCAGTACCCC,0,4780084
ygeX_predicted,0.14285714285714285,6,6,TGGGCTGGATGTCAAGGCCG,0,4780007
ygeX_predicted,0.14285714285714285,6,6,TGGCGTGAATGAAGCCGATA,0,4770414
ygeX_predicted,0.14285714285714285,6,6,TGGCGGATGGTAGGGGACTG,0,4773324
ygeX_predicted,0.14285714285714285,6,6,TGGCACACATATCGCTATCT,0,4773229
ygeX_predicted,0.14285714285714285,6,6,TGGAGTCGTAGGTACCGAAC,0,4785114
ygeX_predicted,0.14285714285714285,6,6,TGGAATAATCCCAGGGAAAG,0,4788156
ygeX_predicted,0.14285714285714285,6,6,TGCTTTATCTTGCGAAGTTG,0,4777909
ygeX_predicted,0.14285714285714285,6,6,TGCTCGGAGCCTTTTTAGCC,0,4768842
ygeX_predicted,0.14285714285714285,6,6,TGCTCAGTGACTGCAGGTAC,0,4770850
ygeX_predicted,0.14285714285714285,6,6,TGCTATCTAACCAGCGGGCG,0,4791954
ygeX_predicted,0.14285714285714285,6,6,TGCGCGCGTCGAGGTCTAAG,0,4777533
ygeX_predicted,0.14285714285714285,6,6,TGCCCAATAAGCCGTAAAGG,0,4786382
ygeX_predicted,0.14285714285714285,6,6,TGCATAAGCCTTCACGCACC,0,4781930
ygeX_predicted,0.14285714285714285,6,6,TGATTTTTAGGTCCATTTGC,0,4788314
ygeX_predicted,0.14285714285714285,6,6,TGATTAAGTTACGTGTATCA,0,4785912
ygeX_predicted,0.14285714285714285,6,6,TGATCAGGGGTATACTCCGT,0,4776984
ygeX_predicted,0.14285714285714285,6,6,TGATAAGCTAGGACATCCCA,0,4790674
ygeX_predicted,0.14285714285714285,6,6,TGAGTAACCTTTGGTCCGGG,0,4781168
ygeX_predicted,0.14285714285714285,6,6,TGAGCCAAATGGGTAGGAAA,0,4767277
ygeX_predicted,0.14285714285714285,6,6,TGACGAGATACCGTGCTTGG,0,4792678
ygeX_predicted,0.14285714285714285,6,6,TGACCGATGAAGCCGCACGT,0,4768049
ygeX_predicted,0.14285714285714285,6,6,TGACATGCGGATGGTGCTGG,0,4785644
ygeX_predicted,0.14285714285714285,6,6,TGAATTGCATCACATAAGCG,0,4771697
ygeX_predicted,0.14285714285714285,6,6,TGAAACGCTTTAAGTACTAT,0,4770453
ygeX_predicted,0.14285714285714285,6,6,TCTTGATAGCTTCCTCTTTA,0,4775542
ygeX_predicted,0.14285714285714285,6,6,TCTTCGAAGGCCATAGCTTT,0,4784640
ygeX_predicted,0.14285714285714285,6,6,TCTCTTTACACAGAACTCCA,0,4789219
ygeX_predicted,0.14285714285714285,6,6,TCTCGGTCACCGTAAGGCCT,0,4773026
ygeX_predicted,0.14285714285714285,6,6,TCTCACATTGCGCTGGTTAT,0,4791278
ygeX_predicted,0.14285714285714285,6,6,TCTAGTGCAGTTTTACCATT,0,4768796
ygeX_predicted,0.14285714285714285,6,6,TCTACGCTTAGTACTTGGTT,0,4784317
ygeX_predicted,0.14285714285714285,6,6,TCGTTTCTCCTTAGCCTGTT,0,4781471
ygeX_predicted,0.14285714285714285,6,6,TCGTTTACGCGTTATTCACC,0,4780875
ygeX_predicted,0.14285714285714285,6,6,TCGTTGGCATTCAAACGATA,0,4793453
ygeX_predicted,0.14285714285714285,6,6,TCGTGCGCTTGTAACGCAGA,0,4768734
ygeX_predicted,0.14285714285714285,6,6,TCGTGACCTTTAGCACAATT,0,4774802
ygeX_predicted,0.14285714285714285,6,6,TCGGTTAGTGTCGCGAGATT,0,4787099
ygeX_predicted,0.14285714285714285,6,6,TCGCGGTCGGGACTCTGGGA,0,4782862
ygeX_predicted,0.14285714285714285,6,6,TCGATCGGCTTCGTACTACA,0,4784620
ygeX_predicted,0.14285714285714285,6,6,TCCGCCGTAGCAGAGTAAGC,0,4778678
ygeX_predicted,0.14285714285714285,6,6,TCCCGACTACTGCACTGGAT,0,4772240
ygeX_predicted,0.14285714285714285,6,6,TCCCCCTCCTGGTGTCCCGG,0,4768729
ygeX_predicted,0.14285714285714285,6,6,TCCCATGGCATTGGGGATCT,0,4787397
ygeX_predicted,0.14285714285714285,6,6,TCCAATTTCAAGCGGGCTTC,0,4778513
ygeX_predicted,0.14285714285714285,6,6,TCCAAAGCGCGGCTGATTAT,0,4779579
ygeX_predicted,0.14285714285714285,6,6,TCATTGGGGCGTCTTGATTA,0,4781305
ygeX_predicted,0.14285714285714285,6,6,TCATTGGATAGGTCATCTCT,0,4776395
ygeX_predicted,0.14285714285714285,6,6,TCAGTCGTTAAGAGGTAAGT,0,4781685
ygeX_predicted,0.14285714285714285,6,6,TCAGGAATAGCGCGAACTCG,0,4770628
ygeX_predicted,0.14285714285714285,6,6,TCAGCGAAAGCCTACTCACA,0,4769614
ygeX_predicted,0.14285714285714285,6,6,TCAGAGTAGAAAGGACCATG,0,4789028
ygeX_predicted,0.14285714285714285,6,6,TCACTTCGCGTTACCAATGT,0,4777166
ygeX_predicted,0.14285714285714285,6,6,TCACTCTTTCGGGTTGCGAT,0,4790412
ygeX_predicted,0.14285714285714285,6,6,TCAATGGGAGGCCTGACAAT,0,4782118
ygeX_predicted,0.14285714285714285,6,6,TCAACGGCGAGAACCAACCA,0,4787524
ygeX_predicted,0.14285714285714285,6,6,TCAAACAACTACGATGTTAA,0,4769765
ygeX_predicted,0.14285714285714285,6,6,TATTTACCTAATTGCTAGGC,0,4767299
ygeX_predicted,0.14285714285714285,6,6,TATTGTACTTGAAGTACAAA,0,4775422
ygeX_predicted,0.14285714285714285,6,6,TATTGGCGACGGTCTCCCTG,0,4785916
ygeX_predicted,0.14285714285714285,6,6,TATTCCATTTGTTTCATATA,0,4774175
ygeX_predicted,0.14285714285714285,6,6,TATGTTCTCTATAGAACCTA,0,4777249
ygeX_predicted,0.14285714285714285,6,6,TATGTGCTTGGGTCCTTCCT,0,4781975
ygeX_predicted,0.14285714285714285,6,6,TATGGCTTTGGCCGATGCCG,0,4781884
ygeX_predicted,0.14285714285714285,6,6,TATGCAAGGGTTGGGCAATA,0,4775749
ygeX_predicted,0.14285714285714285,6,6,TATGACTCGTTTCTTCATTA,0,4788373
ygeX_predicted,0.14285714285714285,6,6,TATCTCAAGTAAAAAGCTCG,0,4781656
ygeX_predicted,0.14285714285714285,6,6,TATCCTTGTGTAGATGTACT,0,4778710
ygeX_predicted,0.14285714285714285,6,6,TATCATCGCAAAGAAGTTTG,0,4782789
ygeX_predicted,0.14285714285714285,6,6,TATCATACACAACAGTCCAT,0,4785669
ygeX_predicted,0.14285714285714285,6,6,TATATTAAGGTACCATCCAG,0,4770697
ygeX_predicted,0.14285714285714285,6,6,TAGGTGTGGGTATGGTCTTC,0,4783329
ygeX_predicted,0.14285714285714285,6,6,TAGGTATCGACATATGTGGT,0,4771163
ygeX_predicted,0.14285714285714285,6,6,TAGCATTTTCTGCTTGCAAG,0,4774777
ygeX_predicted,0.14285714285714285,6,6,TAGATCCACAAGCCAGACCG,0,4771535
ygeX_predicted,0.14285714285714285,6,6,TAGATACGAGGTGCCTCGTT,0,4789942
ygeX_predicted,0.14285714285714285,6,6,TAGAAATAAGGGAACTCGTA,0,4778649
ygeX_predicted,0.14285714285714285,6,6,TACTGTAACGTTACAGAGCA,0,4791353
ygeX_predicted,0.14285714285714285,6,6,TACTCCTCGGTAATGTCAAA,0,4787922
ygeX_predicted,0.14285714285714285,6,6,TACGCCGACCTGCCCCGAAC,0,4770291
ygeX_predicted,0.14285714285714285,6,6,TACCTTTGGGTAAGTGTTTG,0,4771372
ygeX_predicted,0.14285714285714285,6,6,TACCGGTATGATTCTATGGC,0,4778215
ygeX_predicted,0.14285714285714285,6,6,TACCGAGGGTCCTCGTGATA,0,4767540
ygeX_predicted,0.14285714285714285,6,6,TACCAGAACGGGAACGTGGT,0,4778026
ygeX_predicted,0.14285714285714285,6,6,TACCACGCGGAATGTACTCT,0,4787691
ygeX_predicted,0.14285714285714285,6,6,TACCAAGTCGGTGCTTCTAA,0,4777798
ygeX_predicted,0.14285714285714285,6,6,TACAAGTCCTAATTGGCGAT,0,4766971
ygeX_predicted,0.14285714285714285,6,6,TAATGTGGTTGTAATCCTAA,0,4771955
ygeX_predicted,0.14285714285714285,6,6,TAATGACCGAGTGACCCGCC,0,4769975
ygeX_predicted,0.14285714285714285,6,6,TAATCTAACAGTAGGCGGGG,0,4788123
ygeX_predicted,0.14285714285714285,6,6,TAATCGTATGGTACTACTGT,0,4794710
ygeX_predicted,0.14285714285714285,6,6,TAAGGCCGGCGTACGGGGCA,0,4785300
ygeX_predicted,0.14285714285714285,6,6,TAAGACGTTACTAGGATGGA,0,4788900
ygeX_predicted,0.14285714285714285,6,6,TAACTCAGTACTTGGTTCTG,0,4770772
ygeX_predicted,0.14285714285714285,6,6,TAACGAAGTGGGGGTATCAT,0,4778706
ygeX_predicted,0.14285714285714285,6,6,TAAACGATTTACTGTGAGTA,0,4773910
ygeX_predicted,0.14285714285714285,6,6,GTTTCTTTGTTTTAGAGTCG,0,4774104
ygeX_predicted,0.14285714285714285,6,6,GTTGTGTTATCCCGGGACAC,0,4785706
ygeX_predicted,0.14285714285714285,6,6,GTTGATACCGAGGACATAAA,0,4784469
ygeX_predicted,0.14285714285714285,6,6,GTTCGGCGTACTGCGGGGAT,0,4771174
ygeX_predicted,0.14285714285714285,6,6,GTTCGCGCCCGGTCAGAAAT,0,4771806
ygeX_predicted,0.14285714285714285,6,6,GTTCAGGAGTTATCTGATAA,0,4791782
ygeX_predicted,0.14285714285714285,6,6,GTTATCAATTCTGAGATGCA,0,4769946
ygeX_predicted,0.14285714285714285,6,6,GTTAGGATAGCATATCTGGA,0,4778970
ygeX_predicted,0.14285714285714285,6,6,GTTACCACCCTGGCATGTGG,0,4783696
ygeX_predicted,0.14285714285714285,6,6,GTGTTTTTCGAACAAAAAAC,0,4782752
ygeX_predicted,0.14285714285714285,6,6,GTGTTTAGTCTAGCTCGGTT,0,4785983
ygeX_predicted,0.14285714285714285,6,6,GTGTCGGAGGAACAAACAGG,0,4783240
ygeX_predicted,0.14285714285714285,6,6,GTGTAGTTACCACCGGGATG,0,4781352
ygeX_predicted,0.14285714285714285,6,6,GTGGCGGTAAGTATTCTTCG,0,4784046
ygeX_predicted,0.14285714285714285,6,6,GTGCCATAGTTTTAACGAAC,0,4783583
ygeX_predicted,0.14285714285714285,6,6,GTGACTTAGCTCTGCGGGGG,0,4786544
ygeX_predicted,0.14285714285714285,6,6,GTGACGGCGGCGTTCTTTGT,0,4791119
ygeX_predicted,0.14285714285714285,6,6,GTGAACTCGGTGAAAGCTAT,0,4775730
ygeX_predicted,0.14285714285714285,6,6,GTCTCTGACACCAAGGCGAG,0,4778551
ygeX_predicted,0.14285714285714285,6,6,GTCTATGGCTGGGTACAACG,0,4769715
ygeX_predicted,0.14285714285714285,6,6,GTCGTGCCCAACTCAACGGC,0,4783312
ygeX_predicted,0.14285714285714285,6,6,GTCGTGCCACAAATGCACGG,0,4782614
ygeX_predicted,0.14285714285714285,6,6,GTCGTGATAGCAAATTAAGC,0,4784107
ygeX_predicted,0.14285714285714285,6,6,GTCGGTTCCTACGAACAAGC,0,4780308
ygeX_predicted,0.14285714285714285,6,6,GTCGGTGTCTCTCAAGGCGG,0,4783318
ygeX_predicted,0.14285714285714285,6,6,GTCGCTGTGTAAACGGGGGA,0,4787599
ygeX_predicted,0.14285714285714285,6,6,GTCCTGCCTCACACGAGCTT,0,4782754
ygeX_predicted,0.14285714285714285,6,6,GTCCTATCAGTTATAGGGCT,0,4774253
ygeX_predicted,0.14285714285714285,6,6,GTCCCAAAACACGCCCGTGG,0,4767717
ygeX_predicted,0.14285714285714285,6,6,GTCCAACCCATTGTCCGGAA,0,4768976
ygeX_predicted,0.14285714285714285,6,6,GTCAGTGCCCGTTGAAACCT,0,4793275
ygeX_predicted,0.14285714285714285,6,6,GTCAGGCATATGGGATGATG,0,4790725
ygeX_predicted,0.14285714285714285,6,6,GTCAGGATCGAGCTGTCCTA,0,4790799
ygeX_predicted,0.14285714285714285,6,6,GTATAAAGCGTAAACGGTAA,0,4778222
ygeX_predicted,0.14285714285714285,6,6,GTAGGTGGAGGTCCAGATTG,0,4771149
ygeX_predicted,0.14285714285714285,6,6,GTACAGGTGGATACATATTA,0,4769237
ygeX_predicted,0.14285714285714285,6,6,GTAACGTGAGTGCTGCAACC,0,4768374
ygeX_predicted,0.14285714285714285,6,6,GTAAAACAGGTGGATTGCGG,0,4778588
ygeX_predicted,0.14285714285714285,6,6,GGTTGGCAAGTCGGTATACG,0,4769325
ygeX_predicted,0.14285714285714285,6,6,GGTGCATCCCGGGGGCACTA,0,4793762
ygeX_predicted,0.14285714285714285,6,6,GGTGATCAGAAGAAACGAGA,0,4785386
ygeX_predicted,0.14285714285714285,6,6,GGTCTTATCTATTGATCGAA,0,4774406
ygeX_predicted,0.14285714285714285,6,6,GGTCCCTATCTGCCGAGTGC,0,4785818
ygeX_predicted,0.14285714285714285,6,6,GGTAAATGTCACTCCGCAAC,0,4782282
ygeX_predicted,0.14285714285714285,6,6,GGGTTGACTCTTGTAGCAGA,0,4784501
ygeX_predicted,0.14285714285714285,6,6,GGGTTCCCCTGCCTCGGGGA,0,4767447
ygeX_predicted,0.14285714285714285,6,6,GGGTGCTTTGTGAAGCCTTG,0,4776162
ygeX_predicted,0.14285714285714285,6,6,GGGGTGAAGCTGCCCCGGCT,0,4778679
ygeX_predicted,0.14285714285714285,6,6,GGGGTCTCGAGTGGGGCACT,0,4768225
ygeX_predicted,0.14285714285714285,6,6,GGGCTCATATCGCGACCTCC,0,4782393
ygeX_predicted,0.14285714285714285,6,6,GGGCGTGACTCGTTCTTAAA,0,4777499
ygeX_predicted,0.14285714285714285,6,6,GGGCCATGGCCTAAATTCCG,0,4776669
ygeX_predicted,0.14285714285714285,6,6,GGGCATGGAAGCTCGATATC,0,4773556
ygeX_predicted,0.14285714285714285,6,6,GGGATCCCGCGCATGACGTT,0,4768194
ygeX_predicted,0.14285714285714285,6,6,GGGAGCATTCTTGATGGCTT,0,4778082
ygeX_predicted,0.14285714285714285,6,6,GGGAAGGAATGTGATAAATA,0,4779636
ygeX_predicted,0.14285714285714285,6,6,GGCTTATGGTTGAGTATACA,0,4786069
ygeX_predicted,0.14285714285714285,6,6,GGCTGGCACGAATCAACGGT,0,4767688
ygeX_predicted,0.14285714285714285,6,6,GGCTGGAGCAGAGTCTATTC,0,4768047
ygeX_predicted,0.14285714285714285,6,6,GGCTGCGCTTTATGCCATAT,0,4767044
ygeX_predicted,0.14285714285714285,6,6,GGCTGACAATAGTAGGAGGC,0,4787749
ygeX_predicted,0.14285714285714285,6,6,GGCTAGAAGGCGATGTCGGT,0,4771031
ygeX_predicted,0.14285714285714285,6,6,GGCAGTCCCCACAAAAAGCT,0,4786548
ygeX_predicted,0.14285714285714285,6,6,GGCACGTCAAGACGCCAATA,0,4783122
ygeX_predicted,0.14285714285714285,6,6,GGCACCCCACGTAGATAACT,0,4767260
ygeX_predicted,0.14285714285714285,6,6,GGCAAATATATCGCACTGGC,0,4788246
ygeX_predicted,0.14285714285714285,6,6,GGATTTTGTAAGGGTCCTTT,0,4790850
ygeX_predicted,0.14285714285714285,6,6,GGAGGGGTCACGCTGGGCTT,0,4792874
ygeX_predicted,0.14285714285714285,6,6,GGACTCGCGGTATAACTCGA,0,4781401
ygeX_predicted,0.14285714285714285,6,6,GGACGTCTCCCGCGTTACGT,0,4773786
ygeX_predicted,0.14285714285714285,6,6,GGACGGTGACGTCATGAATT,0,4782317
ygeX_predicted,0.14285714285714285,6,6,GGAAGAAATGACTCAAGGAT,0,4781649
ygeX_predicted,0.14285714285714285,6,6,GCTCATGGCATCCCTCTACT,0,4769254
ygeX_predicted,0.14285714285714285,6,6,GCTAGACATGGAACAGGGAG,0,4782402
ygeX_predicted,0.14285714285714285,6,6,GCTAATGGGTACGGGTAACG,0,4787773
ygeX_predicted,0.14285714285714285,6,6,GCGGCGGAGGCATTTTACCG,0,4792411
ygeX_predicted,0.14285714285714285,6,6,GCGCTAGAGATCCTTCCACA,0,4789978
ygeX_predicted,0.14285714285714285,6,6,GCGCCTCTCTCATACCAGGA,0,4774490
ygeX_predicted,0.14285714285714285,6,6,GCGACTGTCTTACGGCATTA,0,4791302
ygeX_predicted,0.14285714285714285,6,6,GCGAACTTTGCTCCCGGAAA,0,4776191
ygeX_predicted,0.14285714285714285,6,6,GCCTGGAGCGGGGGAATTTT,0,4789429
ygeX_predicted,0.14285714285714285,6,6,GCCTCTGAGACTATCTAACA,0,4768735
ygeX_predicted,0.14285714285714285,6,6,GCCGGTGAATTTTGGGTAGT,0,4789354
ygeX_predicted,0.14285714285714285,6,6,GCCGGACACCCCAGTGGCAT,0,4794742
ygeX_predicted,0.14285714285714285,6,6,GCCCGTGTACACTGGCTACA,0,4777339
ygeX_predicted,0.14285714285714285,6,6,GCCCCGTTATACGCGCTGAC,0,4767820
ygeX_predicted,0.14285714285714285,6,6,GCCATCGGCTTTTACTCTTC,0,4773883
ygeX_predicted,0.14285714285714285,6,6,GCCATACCCTTCAGGAGAAA,0,4776829
ygeX_predicted,0.14285714285714285,6,6,GCCACTGTAAGCATAGTCAT,0,4785896
ygeX_predicted,0.14285714285714285,6,6,GCCACCAGGGCGCTGCGTGG,0,4783908
ygeX_predicted,0.14285714285714285,6,6,GCCAATCTAGAAAGCTGGCT,0,4778483
ygeX_predicted,0.14285714285714285,6,6,GCCAAGGATAATAAATTATA,0,4793738
ygeX_predicted,0.14285714285714285,6,6,GCATGAGCCTTTATCAAATT,0,4783639
ygeX_predicted,0.14285714285714285,6,6,GCATCGTAAGCAAATGTCAC,0,4793041
ygeX_predicted,0.14285714285714285,6,6,GCATACATTATGTTTTGAAC,0,4771191
ygeX_predicted,0.14285714285714285,6,6,GCAGCCGCGAGGTAGGCGTA,0,4773703
ygeX_predicted,0.14285714285714285,6,6,GATTCAACGTGCCTTAGGTC,0,4771495
ygeX_predicted,0.14285714285714285,6,6,GATTATTCGAGTTTGTGCGA,0,4772587
ygeX_predicted,0.14285714285714285,6,6,GATTATAGCACGGAACAAGT,0,4783451
ygeX_predicted,0.14285714285714285,6,6,GATGTTACTTATGGTTCTCC,0,4787934
ygeX_predicted,0.14285714285714285,6,6,GATGGTGAGCGTCTAATTGT,0,4779640
ygeX_predicted,0.14285714285714285,6,6,GATGCCTTCAGTTAAATGGC,0,4772656
ygeX_predicted,0.14285714285714285,6,6,GATCTGGCATACAAAGGATT,0,4778211
ygeX_predicted,0.14285714285714285,6,6,GATCGCAGGTCGGCAGGTCG,0,4792526
ygeX_predicted,0.14285714285714285,6,6,GATCGCAGACTGAGGGGCAA,0,4772534
ygeX_predicted,0.14285714285714285,6,6,GATAGTAAGGAACTCTGTAG,0,4769589
ygeX_predicted,0.14285714285714285,6,6,GATAGCAGGACCAGGTTTCT,0,4790338
ygeX_predicted,0.14285714285714285,6,6,GATACTGGTTACATGCAAAA,0,4790708
ygeX_predicted,0.14285714285714285,6,6,GAGTTGGGCTACTAAAGCAT,0,4792984
ygeX_predicted,0.14285714285714285,6,6,GAGTCTCGATAGAGAATACA,0,4792578
ygeX_predicted,0.14285714285714285,6,6,GAGTCCTGTAATTTCATACA,0,4771602
ygeX_predicted,0.14285714285714285,6,6,GAGTCAACGGGCATCACTAA,0,4790105
ygeX_predicted,0.14285714285714285,6,6,GAGGTGAAATGGCAATGCTT,0,4786618
ygeX_predicted,0.14285714285714285,6,6,GAGGGCCATACAGTTGTTGG,0,4785338
ygeX_predicted,0.14285714285714285,6,6,GAGAAGGATTATCTACGACC,0,4780978
ygeX_predicted,0.14285714285714285,6,6,GACTGTGAGGTGGCACTTGC,0,4770801
ygeX_predicted,0.14285714285714285,6,6,GACCTTGATTACGTGCCGGT,0,4778139
ygeX_predicted,0.14285714285714285,6,6,GACATACAACTAGGACGCCA,0,4792878
ygeX_predicted,0.14285714285714285,6,6,GAATACAGACATACACAAAT,0,4783718
ygeX_predicted,0.14285714285714285,6,6,GAAGGCTTCATATCCATCTT,0,4787833
ygeX_predicted,0.14285714285714285,6,6,GAAGCTCGGGCTCGCGACAC,0,4766995
ygeX_predicted,0.14285714285714285,6,6,GAAGATGGTAACAGTAGAAA,0,4773884
ygeX_predicted,0.14285714285714285,6,6,GAAGAAACCGCTACGGAGGA,0,4768199
ygeX_predicted,0.14285714285714285,6,6,GAACTTAGTGCAGCGGCCTC,0,4787208
ygeX_predicted,0.14285714285714285,6,6,CTTTGTCGAAAGAGAAGAGA,0,4785045
ygeX_predicted,0.14285714285714285,6,6,CTTGTTCAATTGTCGTTTGC,0,4791409
ygeX_predicted,0.14285714285714285,6,6,CTTGTCTTTACAGTTTTTTC,0,4792364
ygeX_predicted,0.14285714285714285,6,6,CTTGGTAGCGCGCGTTACAT,0,4791689
ygeX_predicted,0.14285714285714285,6,6,CTTCGTCCCGGATCTTGTTA,0,4767022
ygeX_predicted,0.14285714285714285,6,6,CTTATTTTTTATGACGTCAT,0,4778143
ygeX_predicted,0.14285714285714285,6,6,CTTATCTGGCGCTCAACTAA,0,4775259
ygeX_predicted,0.14285714285714285,6,6,CTGTTTGCTGAATGGGCCAC,0,4790592
ygeX_predicted,0.14285714285714285,6,6,CTGTTTATCTACCTTCTAGC,0,4779856
ygeX_predicted,0.14285714285714285,6,6,CTGTCGGCGTAATTCCCAAT,0,4790508
ygeX_predicted,0.14285714285714285,6,6,CTGTCCTGCGGTCCCAACGT,0,4771872
ygeX_predicted,0.14285714285714285,6,6,CTGTACTCCCGGCCATGATA,0,4787647
ygeX_predicted,0.14285714285714285,6,6,CTGGATCAGTGGCATGCATG,0,4787500
ygeX_predicted,0.14285714285714285,6,6,CTGGACACAAGCGCTTTGGG,0,4792412
ygeX_predicted,0.14285714285714285,6,6,CTGCTCTTGCGGCTCTATTA,0,4787718
ygeX_predicted,0.14285714285714285,6,6,CTGCTAATCGTACCACCCGT,0,4786986
ygeX_predicted,0.14285714285714285,6,6,CTGCCAGTTGCTGTTGGGTG,0,4794180
ygeX_predicted,0.14285714285714285,6,6,CTCTTCTATCCTTTGCGCTT,0,4770581
ygeX_predicted,0.14285714285714285,6,6,CTCGTGCGCTGGACTCCAGG,0,4775371
ygeX_predicted,0.14285714285714285,6,6,CTCGGTAAACTGCAGGCGCC,0,4783553
ygeX_predicted,0.14285714285714285,6,6,CTCGAGCATTACCGCTGGAT,0,4768385
ygeX_predicted,0.14285714285714285,6,6,CTCCTTGTCCTAGCACTCGG,0,4791664
ygeX_predicted,0.14285714285714285,6,6,CTCCTGCGACGGTTGCTCTA,0,4780480
ygeX_predicted,0.14285714285714285,6,6,CTCAGATGCGCGCTATGCCC,0,4774026
ygeX_predicted,0.14285714285714285,6,6,CTATGTCAGTCACTGGCAAA,0,4792817
ygeX_predicted,0.14285714285714285,6,6,CTATGGACAACGATAAGTCG,0,4785087
ygeX_predicted,0.14285714285714285,6,6,CTATCGGTTTTTGCATCGGA,0,4777823
ygeX_predicted,0.14285714285714285,6,6,CTATCAAGTACGGTGTCTTT,0,4776067
ygeX_predicted,0.14285714285714285,6,6,CTAGTGGTCCGCCATCGAGG,0,4776073
ygeX_predicted,0.14285714285714285,6,6,CTAGGTGGGACGGCAGAATT,0,4780429
ygeX_predicted,0.14285714285714285,6,6,CTAGGTATAGACTTCAGGAG,0,4789195
ygeX_predicted,0.14285714285714285,6,6,CTAGATGTGCCGGGAGGCTT,0,4782743
ygeX_predicted,0.14285714285714285,6,6,CTAGAGTGCCGGAATTTAGT,0,4779567
ygeX_predicted,0.14285714285714285,6,6,CTACTCAGGATAGACCTGGG,0,4775837
ygeX_predicted,0.14285714285714285,6,6,CTAATGTGATTGGATTTCCG,0,4775221
ygeX_predicted,0.14285714285714285,6,6,CTAAACATTTTAGTCTTATG,0,4785923
ygeX_predicted,0.14285714285714285,6,6,CTAAACAGGCATTCAGCTGG,0,4781493
ygeX_predicted,0.14285714285714285,6,6,CGTTGGGCATCGGAGTTCAG,0,4776413
ygeX_predicted,0.14285714285714285,6,6,CGTTCGAGTTGGGGGTTGAC,0,4791080
ygeX_predicted,0.14285714285714285,6,6,CGTGTGAGGCTTAATCCACA,0,4781392
ygeX_predicted,0.14285714285714285,6,6,CGTCGTAATAAGAGTTTAAG,0,4774807
ygeX_predicted,0.14285714285714285,6,6,CGTATTTTTACAAACATACC,0,4794387
ygeX_predicted,0.14285714285714285,6,6,CGTACTCGCAGAATATAACC,0,4774892
ygeX_predicted,0.14285714285714285,6,6,CGGTTGGATAAGGATTATAA,0,4783067
ygeX_predicted,0.14285714285714285,6,6,CGGTGTTGCCACCTTCTGTC,0,4781525
ygeX_predicted,0.14285714285714285,6,6,CGGGTTTCGCGCAGCCGCGG,0,4773743
ygeX_predicted,0.14285714285714285,6,6,CGGGTTACGATTACAGTGCA,0,4771582
ygeX_predicted,0.14285714285714285,6,6,CGGGGACCGCATATGGGTCG,0,4772453
ygeX_predicted,0.14285714285714285,6,6,CGGCCGGCAACGGCTGCACA,0,4792279
ygeX_predicted,0.14285714285714285,6,6,CGGCCCCGAGAGACATTCCA,0,4775957
ygeX_predicted,0.14285714285714285,6,6,CGGAGTGAAGTAGGTTGTAA,0,4772437
ygeX_predicted,0.14285714285714285,6,6,CGGAATAAATTTCAGCACCT,0,4769139
ygeX_predicted,0.14285714285714285,6,6,CGCTTTAAATGCCGTATGCC,0,4770333
ygeX_predicted,0.14285714285714285,6,6,CGCTGAGATCAAGTACCCCA,0,4792758
ygeX_predicted,0.14285714285714285,6,6,CGCTGAAGTTCGCATCAGTC,0,4784022
ygeX_predicted,0.14285714285714285,6,6,CGCTATGTAAACCGTACAAG,0,4770053
ygeX_predicted,0.14285714285714285,6,6,CGCATTCCTACCGACGCTAG,0,4783954
ygeX_predicted,0.14285714285714285,6,6,CGATGCCCCTGGGCCGGGGG,0,4790054
ygeX_predicted,0.14285714285714285,6,6,CGATAGCTAGTAACCTGGCC,0,4768403
ygeX_predicted,0.14285714285714285,6,6,CGAGTTCTTGGTATCTCATT,0,4769560
ygeX_predicted,0.14285714285714285,6,6,CGACGTGGATTAGCCAATAG,0,4766795
ygeX_predicted,0.14285714285714285,6,6,CGACAAGTCCGGACGGGCGC,0,4783418
ygeX_predicted,0.14285714285714285,6,6,CGAAGCGTGGCTACCATATA,0,4774726
ygeX_predicted,0.14285714285714285,6,6,CGAACAGGGAATAGATGGCT,0,4784923
ygeX_predicted,0.14285714285714285,6,6,CCTTTTAGCGCACTTAGGCT,0,4794246
ygeX_predicted,0.14285714285714285,6,6,CCTTTCCAGGTGGATTCAGT,0,4784185
ygeX_predicted,0.14285714285714285,6,6,CCTGCTTTGAACTGCACCGG,0,4787392
ygeX_predicted,0.14285714285714285,6,6,CCTCGGCTAACCTCTAAATG,0,4782372
ygeX_predicted,0.14285714285714285,6,6,CCTCCCCGTTATTCGTGAGC,0,4794720
ygeX_predicted,0.14285714285714285,6,6,CCTATGTACGCAAGATTTGA,0,4781571
ygeX_predicted,0.14285714285714285,6,6,CCTACTCCCGTGCTGTATTC,0,4775895
ygeX_predicted,0.14285714285714285,6,6,CCGTCAGAGCGGAATTGGGA,0,4782571
ygeX_predicted,0.14285714285714285,6,6,CCGTAAGACGCGTTGCCACA,0,4778455
ygeX_predicted,0.14285714285714285,6,6,CCGGGGTCCTCGGCAATTAA,0,4782597
ygeX_predicted,0.14285714285714285,6,6,CCGGCAGTTAGGACGCAGGA,0,4778254
ygeX_predicted,0.14285714285714285,6,6,CCGGATTGGCCGTAAATAGG,0,4777922
ygeX_predicted,0.14285714285714285,6,6,CCGGAATTGTCTACGTATTC,0,4789900
ygeX_predicted,0.14285714285714285,6,6,CCGCGACACCAACCAATCGC,0,4780211
ygeX_predicted,0.14285714285714285,6,6,CCGCAGTTGTTTAGGATCCT,0,4776883
ygeX_predicted,0.14285714285714285,6,6,CCGATCTTGTACTGTAACGA,0,4789485
ygeX_predicted,0.14285714285714285,6,6,CCGATAGCATCCGACGATTT,0,4789829
ygeX_predicted,0.14285714285714285,6,6,CCGAAATTGCCTATGTAGTA,0,4789152
ygeX_predicted,0.14285714285714285,6,6,CCCTTAGGCTATAGAAGCTA,0,4794211
ygeX_predicted,0.14285714285714285,6,6,CCCTCTCAGCGACACAGGAA,0,4774267
ygeX_predicted,0.14285714285714285,6,6,CCCGACCTCAGATGCCCAAT,0,4773635
ygeX_predicted,0.14285714285714285,6,6,CCCCGCGTTCTCCGTGGCAT,0,4780209
ygeX_predicted,0.14285714285714285,6,6,CCCATTCTGGCAGTCGAAGT,0,4787136
ygeX_predicted,0.14285714285714285,6,6,CCATGGCCAAAAGACCGAGG,0,4782126
ygeX_predicted,0.14285714285714285,6,6,CCATATGGGGAACGCGCATG,0,4771178
ygeX_predicted,0.14285714285714285,6,6,CCATAGAGTTCAGCTTGCTG,0,4793307
ygeX_predicted,0.14285714285714285,6,6,CCAGAATGCTGCACCCTTAA,0,4783381
ygeX_predicted,0.14285714285714285,6,6,CCAGAACGCAAACTTGGGAC,0,4791677
ygeX_predicted,0.14285714285714285,6,6,CCACGAGCACCCTCTATCCC,0,4774772
ygeX_predicted,0.14285714285714285,6,6,CCACATACTCGGAGTCATCT,0,4786419
ygeX_predicted,0.14285714285714285,6,6,CCACAATAAAGAGGGTGAAT,0,4790781
ygeX_predicted,0.14285714285714285,6,6,CCAAATCCGTTGCTAATCAG,0,4787122
ygeX_predicted,0.14285714285714285,6,6,CCAAAGAGACGGCCATTCAT,0,4767690
ygeX_predicted,0.14285714285714285,6,6,CATGTACCGGCGAGTTTTGA,0,4787076
ygeX_predicted,0.14285714285714285,6,6,CATGGGGGCGTTTGCACGGT,0,4774246
ygeX_predicted,0.14285714285714285,6,6,CATGCCCATAGATCACTCAG,0,4776591
ygeX_predicted,0.14285714285714285,6,6,CATGATATACAATGTAGTAC,0,4789966
ygeX_predicted,0.14285714285714285,6,6,CATGAACGCCTATTGCAAAT,0,4770389
ygeX_predicted,0.14285714285714285,6,6,CATCATTGGGCCTGCTCAGA,0,4783013
ygeX_predicted,0.14285714285714285,6,6,CAGTGCCCCCCACCAGATTC,0,4771216
ygeX_predicted,0.14285714285714285,6,6,CAGTATTGAGGCATATGTCT,0,4776025
ygeX_predicted,0.14285714285714285,6,6,CAGGGGTTAGTGGGGTACGG,0,4775839
ygeX_predicted,0.14285714285714285,6,6,CAGGAATTAGGCACTTTCGC,0,4774433
ygeX_predicted,0.14285714285714285,6,6,CAGCCTGCCAGATGCGTTTC,0,4777274
ygeX_predicted,0.14285714285714285,6,6,CAGCCCAGTCCGTTATGGAT,0,4777680
ygeX_predicted,0.14285714285714285,6,6,CAGCAGGATCGTCTGCGATA,0,4783893
ygeX_predicted,0.14285714285714285,6,6,CAGCAGATCAACGCACCAGC,0,4780511
ygeX_predicted,0.14285714285714285,6,6,CAGACTGTAGGCGGGGGGCG,0,4777236
ygeX_predicted,0.14285714285714285,6,6,CAGACAGGCCTCTCGAATAA,0,4775792
ygeX_predicted,0.14285714285714285,6,6,CACTGGCGTTATAGTATCAC,0,4773413
ygeX_predicted,0.14285714285714285,6,6,CACTATCGAGAAATGACGTT,0,4776977
ygeX_predicted,0.14285714285714285,6,6,CACGTCTAGCGTTGTGGTGG,0,4792110
ygeX_predicted,0.14285714285714285,6,6,CACGGGCATGCTCTTAAATA,0,4790067
ygeX_predicted,0.14285714285714285,6,6,CACCTTTCAACAACAGAAAC,0,4781738
ygeX_predicted,0.14285714285714285,6,6,CACCTAAGCGCCCGGCCAGG,0,4791932
ygeX_predicted,0.14285714285714285,6,6,CACCGTCCACAGACGTACTG,0,4771349
ygeX_predicted,0.14285714285714285,6,6,CACCAGGAGCTGCTCTCAGG,0,4791754
ygeX_predicted,0.14285714285714285,6,6,CACATTTTCTCTGGAGGCTA,0,4791873
ygeX_predicted,0.14285714285714285,6,6,CACATTACCAGGCACAAGCA,0,4777182
ygeX_predicted,0.14285714285714285,6,6,CACAGGGTTCAAAAATTAAC,0,4789334
ygeX_predicted,0.14285714285714285,6,6,CACAAAGAGCCACAAATGAT,0,4790005
ygeX_predicted,0.14285714285714285,6,6,CAATGATCCAGGTAACGGAT,0,4792853
ygeX_predicted,0.14285714285714285,6,6,CAATCTTTCTGAGGGAGTCA,0,4783347
ygeX_predicted,0.14285714285714285,6,6,CAAGTTTGGCAATCCGACGG,0,4794317
ygeX_predicted,0.14285714285714285,6,6,CAAGTCACGTTCTCAAATCC,0,4786904
ygeX_predicted,0.14285714285714285,6,6,CAAGCTGTCAACCAGGCTGA,0,4786729
ygeX_predicted,0.14285714285714285,6,6,CAACGCAACAATAGTCCGCG,0,4791660
ygeX_predicted,0.14285714285714285,6,6,CAACGATCTAGCGTTGGGAT,0,4786152
ygeX_predicted,0.14285714285714285,6,6,CAACCTGCTCAGCACCATAT,0,4786942
ygeX_predicted,0.14285714285714285,6,6,CAACATCAGAGAGCGCAGGT,0,4780891
ygeX_predicted,0.14285714285714285,6,6,CAACAGGCCGTCCTTTCCGC,0,4783757
ygeX_predicted,0.14285714285714285,6,6,CAAATTACATTAGCACGGTA,0,4786013
ygeX_predicted,0.14285714285714285,6,6,CAAATCGTCTCATTATTTCT,0,4786597
ygeX_predicted,0.14285714285714285,6,6,CAAAACTTTCAGGAAGGTTA,0,4784071
ygeX_predicted,0.14285714285714285,6,6,ATTTTAGGAGGGCACGCCAC,0,4792897
ygeX_predicted,0.14285714285714285,6,6,ATTTGTGGCGGAAAAATCCA,0,4787954
ygeX_predicted,0.14285714285714285,6,6,ATTTCTGTCCGGAATGATTT,0,4773080
ygeX_predicted,0.14285714285714285,6,6,ATTGTGGGAGCTTCTGACTT,0,4789912
ygeX_predicted,0.14285714285714285,6,6,ATTGGCTCCCCACCACGGAA,0,4793052
ygeX_predicted,0.14285714285714285,6,6,ATTGGAAAATCTTGTATCAC,0,4775834
ygeX_predicted,0.14285714285714285,6,6,ATTGAGCACATGATGTCTTG,0,4784596
ygeX_predicted,0.14285714285714285,6,6,ATTGAAATACTGTTAACCCC,0,4791496
ygeX_predicted,0.14285714285714285,6,6,ATTCGCGTTAGCTATGGCGT,0,4786921
ygeX_predicted,0.14285714285714285,6,6,ATTCACTCTCGCCCTAGTAT,0,4772617
ygeX_predicted,0.14285714285714285,6,6,ATTCAAGCCTCTCCTCCATC,0,4780530
ygeX_predicted,0.14285714285714285,6,6,ATTAGGTCCGCAGGGTCGGT,0,4784125
ygeX_predicted,0.14285714285714285,6,6,ATTAGGGATGAACGTACCCA,0,4774242
ygeX_predicted,0.14285714285714285,6,6,ATTAATACGCCTGGCTGGGC,0,4779411
ygeX_predicted,0.14285714285714285,6,6,ATGTTGTGCCATTGATGGCC,0,4782098
ygeX_predicted,0.14285714285714285,6,6,ATGTCATCTTAGTGTCCTAT,0,4776541
ygeX_predicted,0.14285714285714285,6,6,ATGGTTGTAATAGCCTTTGC,0,4777923
ygeX_predicted,0.14285714285714285,6,6,ATGGTATTTCCTTTTAGTTC,0,4772039
ygeX_predicted,0.14285714285714285,6,6,ATGGATTGTGACATGGGAAA,0,4768634
ygeX_predicted,0.14285714285714285,6,6,ATGGACAGTGTTCGTGCGTA,0,4778383
ygeX_predicted,0.14285714285714285,6,6,ATGCCGGTTCTTGTAGAAAC,0,4782734
ygeX_predicted,0.14285714285714285,6,6,ATGCATTCAGCTTAGGGGTT,0,4769135
ygeX_predicted,0.14285714285714285,6,6,ATGAGACACTTGTTCCTTTT,0,4783123
ygeX_predicted,0.14285714285714285,6,6,ATGAACCCTTACTGATAAAT,0,4793693
ygeX_predicted,0.14285714285714285,6,6,ATGAAACTGTGACAGGGGAA,0,4789412
ygeX_predicted,0.14285714285714285,6,6,ATCTACCCTGTCACCCTCCT,0,4779767
ygeX_predicted,0.14285714285714285,6,6,ATCGTAAGGTGTCGGTGTAC,0,4791729
ygeX_predicted,0.14285714285714285,6,6,ATCGGTCACATGGGACATCG,0,4779437
ygeX_predicted,0.14285714285714285,6,6,ATCGATTTTAGCCTGGGCGT,0,4781821
ygeX_predicted,0.14285714285714285,6,6,ATCGATGCTTGACGACATGC,0,4771189
ygeX_predicted,0.14285714285714285,6,6,ATCACTAATTCTGAATGAGG,0,4766991
ygeX_predicted,0.14285714285714285,6,6,ATATGTTTCCCTTGGGTCTA,0,4767317
ygeX_predicted,0.14285714285714285,6,6,ATATCATTGAGGATCCGAAA,0,4774949
ygeX_predicted,0.14285714285714285,6,6,ATAGTTGACCATTTAGTAGT,0,4768510
ygeX_predicted,0.14285714285714285,6,6,ATAGATAGGGCACCCAATAT,0,4788932
ygeX_predicted,0.14285714285714285,6,6,ATAGACTCGGCTGTCCAGAC,0,4779933
ygeX_predicted,0.14285714285714285,6,6,AGTTTGTTGGAAAAACACGG,0,4772822
ygeX_predicted,0.14285714285714285,6,6,AGTTCGTACGAAGATTGCCC,0,4770157
ygeX_predicted,0.14285714285714285,6,6,AGTTAGGTGAAAGTCAGGTA,0,4785103
ygeX_predicted,0.14285714285714285,6,6,AGTCTACATCCGATCTTACA,0,4773860
ygeX_predicted,0.14285714285714285,6,6,AGTCGCCGAGGAAATGAAAC,0,4789196
ygeX_predicted,0.14285714285714285,6,6,AGGTTAGTGTGCAGGCAGTC,0,4773760
ygeX_predicted,0.14285714285714285,6,6,AGGTCTCACGAGGACCAATA,0,4790335
ygeX_predicted,0.14285714285714285,6,6,AGGGGTTGCCTCTATGGTCC,0,4791440
ygeX_predicted,0.14285714285714285,6,6,AGGGGTAACATGGTCTAGTA,0,4791206
ygeX_predicted,0.14285714285714285,6,6,AGGGACTCCTTCTTCGGGTG,0,4774486
ygeX_predicted,0.14285714285714285,6,6,AGGCGTCGGCTGGTTAGGTG,0,4778635
ygeX_predicted,0.14285714285714285,6,6,AGGCGGCCCGACGAGCATAA,0,4781045
ygeX_predicted,0.14285714285714285,6,6,AGGCCCTTAGGCCGGTGCCC,0,4784280
ygeX_predicted,0.14285714285714285,6,6,AGCTTGCTACTTCACGATCA,0,4782182
ygeX_predicted,0.14285714285714285,6,6,AGCTCCATATCAATGTCAGT,0,4793125
ygeX_predicted,0.14285714285714285,6,6,AGCGTAGGCTTCTCTAGGGA,0,4774178
ygeX_predicted,0.14285714285714285,6,6,AGCGGCACAGTCACCAATTC,0,4788198
ygeX_predicted,0.14285714285714285,6,6,AGCGATCCCCCTCGTACCTC,0,4781061
ygeX_predicted,0.14285714285714285,6,6,AGCCGTTCGTACAAGCCCGA,0,4776844
ygeX_predicted,0.14285714285714285,6,6,AGCCGAGCAACGACTCCGTC,0,4772750
ygeX_predicted,0.14285714285714285,6,6,AGCCCTAACGATGCCGCCCG,0,4785766
ygeX_predicted,0.14285714285714285,6,6,AGCCCGCGAATACAGTTTAA,0,4789220
ygeX_predicted,0.14285714285714285,6,6,AGCCCCTATCGTTTAAGATT,0,4776391
ygeX_predicted,0.14285714285714285,6,6,AGCCCAAAGGGGTGTCAATG,0,4791374
ygeX_predicted,0.14285714285714285,6,6,AGCAGGTGCCTCTTACGAGT,0,4772644
ygeX_predicted,0.14285714285714285,6,6,AGCACACATTAAGCGAGTAG,0,4784408
ygeX_predicted,0.14285714285714285,6,6,AGCAATCCGAATTGTGACTA,0,4778414
ygeX_predicted,0.14285714285714285,6,6,AGCAAAGATACGCAGGACAC,0,4768933
ygeX_predicted,0.14285714285714285,6,6,AGATTCACCTTTCCTGTGAA,0,4772370
ygeX_predicted,0.14285714285714285,6,6,AGATATATGAGTCCAAATTC,0,4787900
ygeX_predicted,0.14285714285714285,6,6,AGAGGCTTCGGTCCGCCGAA,0,4773206
ygeX_predicted,0.14285714285714285,6,6,AGAGGCGTCAAGTCTCATCA,0,4771199
ygeX_predicted,0.14285714285714285,6,6,AGAGCGGGAACATGAAGACC,0,4785139
ygeX_predicted,0.14285714285714285,6,6,AGAGCAACGGCGGAATGTAC,0,4790560
ygeX_predicted,0.14285714285714285,6,6,AGACTAGGGACTGCCATGCC,0,4778984
ygeX_predicted,0.14285714285714285,6,6,AGACGTTAAGGTTGGCCGAA,0,4772797
ygeX_predicted,0.14285714285714285,6,6,AGAAGTGCTATTTTGTTCGC,0,4787258
ygeX_predicted,0.14285714285714285,6,6,ACTGTAGTGTGGAGGTATGC,0,4775452
ygeX_predicted,0.14285714285714285,6,6,ACTCCCTGCCAGCTTCCTGA,0,4773881
ygeX_predicted,0.14285714285714285,6,6,ACTCCACCGGGACGTCGTTT,0,4786239
ygeX_predicted,0.14285714285714285,6,6,ACTCAGGAAAACGTGATGGG,0,4792432
ygeX_predicted,0.14285714285714285,6,6,ACTATAATGCACCCGGGCCT,0,4768503
ygeX_predicted,0.14285714285714285,6,6,ACGTAGGCCCGCGGATCCTC,0,4779801
ygeX_predicted,0.14285714285714285,6,6,ACGGTTCATGCTTCTCTAAT,0,4767523
ygeX_predicted,0.14285714285714285,6,6,ACGCTATATGCTGAGGGACC,0,4777270
ygeX_predicted,0.14285714285714285,6,6,ACGCGTATGGGACACCGTAA,0,4790675
ygeX_predicted,0.14285714285714285,6,6,ACGCGAAGGCAGAGTCTACT,0,4774281
ygeX_predicted,0.14285714285714285,6,6,ACGCCGACTCAGCCAAGGGC,0,4773789
ygeX_predicted,0.14285714285714285,6,6,ACGCCACGCGACGAGGATAC,0,4769448
ygeX_predicted,0.14285714285714285,6,6,ACGACGGGAACAGGAGAGAA,0,4776359
ygeX_predicted,0.14285714285714285,6,6,ACGAATTTTAGATCTGAAAG,0,4775280
ygeX_predicted,0.14285714285714285,6,6,ACCTTGTGTTGATTGCACGG,0,4772013
ygeX_predicted,0.14285714285714285,6,6,ACCTTCCATTGGTCAAGAGT,0,4776420
ygeX_predicted,0.14285714285714285,6,6,ACCTCTAACAGCGCGAGTAC,0,4785526
ygeX_predicted,0.14285714285714285,6,6,ACCGTCGGACGCGCCAGCTA,0,4788949
ygeX_predicted,0.14285714285714285,6,6,ACCGGGCTGTGCCGTATCCA,0,4769720
ygeX_predicted,0.14285714285714285,6,6,ACCCGCGATGCCCCCCGGGT,0,4785244
ygeX_predicted,0.14285714285714285,6,6,ACCCGCACCGTAAGCCCTTC,0,4790889
ygeX_predicted,0.14285714285714285,6,6,ACCCCGACCTTGGCCAAGTG,0,4786277
ygeX_predicted,0.14285714285714285,6,6,ACCCCCTTTTCGTTGTTGGT,0,4767188
ygeX_predicted,0.14285714285714285,6,6,ACCATTGTATAGTGGTATCT,0,4767937
ygeX_predicted,0.14285714285714285,6,6,ACCACGGACAGTGCCATTGT,0,4786337
ygeX_predicted,0.14285714285714285,6,6,ACCAATGTCACCCGGTGGGG,0,4792940
ygeX_predicted,0.14285714285714285,6,6,ACATATGGATTTAATTAAAA,0,4768317
ygeX_predicted,0.14285714285714285,6,6,ACAGTTCGAATCCCCTCTAC,0,4787558
ygeX_predicted,0.14285714285714285,6,6,ACAGGGCGATGCGCCCAAAA,0,4775795
ygeX_predicted,0.14285714285714285,6,6,ACACTTCCCAAGGTGCATAC,0,4785798
ygeX_predicted,0.14285714285714285,6,6,ACACCAAGCTACCGAGCCTG,0,4773754
ygeX_predicted,0.14285714285714285,6,6,ACAATTTCAATTGAACCTGC,0,4789162
ygeX_predicted,0.14285714285714285,6,6,ACAACTAATGTTGTGGAGAT,0,4787058
ygeX_predicted,0.14285714285714285,6,6,ACAACCCATGTTAGCACCTA,0,4776290
ygeX_predicted,0.14285714285714285,6,6,AATTTTGCTAGGGCCATGAA,0,4768440
ygeX_predicted,0.14285714285714285,6,6,AATTGTAGGGGGGGGGAATC,0,4776647
ygeX_predicted,0.14285714285714285,6,6,AATTCAACTGACATCCTAAC,0,4781788
ygeX_predicted,0.14285714285714285,6,6,AATGGACAGAGTGGTCCTAG,0,4783432
ygeX_predicted,0.14285714285714285,6,6,AATGATCCGCGGAGAGAGAG,0,4779841
ygeX_predicted,0.14285714285714285,6,6,AATCATGGTACCAGCGGAAC,0,4769056
ygeX_predicted,0.14285714285714285,6,6,AATCATCGTAGTCCGAACTT,0,4793943
ygeX_predicted,0.14285714285714285,6,6,AATCACCCGTCAAATCTATT,0,4784754
ygeX_predicted,0.14285714285714285,6,6,AATAGGGGCCTGTTGACGTT,0,4775505
ygeX_predicted,0.14285714285714285,6,6,AATACCCGACAGTCAATATT,0,4778158
ygeX_predicted,0.14285714285714285,6,6,AAGTGTAGATGTGACTCCGT,0,4791307
ygeX_predicted,0.14285714285714285,6,6,AAGGCCGATTGCCGTGACTG,0,4771912
ygeX_predicted,0.14285714285714285,6,6,AAGGATCAGAGCGGCACGAT,0,4784421
ygeX_predicted,0.14285714285714285,6,6,AAGCCTCGCCCAACGTCCCT,0,4790488
ygeX_predicted,0.14285714285714285,6,6,AAGCATGGGACCGGTAACTC,0,4781106
ygeX_predicted,0.14285714285714285,6,6,AAGCAACAGTTTCGACGGCA,0,4772417
ygeX_predicted,0.14285714285714285,6,6,AAGATTGGGGAGCTGGAAGC,0,4790102
ygeX_predicted,0.14285714285714285,6,6,AAGACGTACAAACAAAATAG,0,4775503
ygeX_predicted,0.14285714285714285,6,6,AACTTGCAAATCGGGATTGC,0,4769646
ygeX_predicted,0.14285714285714285,6,6,AACTGTATGGAGGGTTATGT,0,4794229
ygeX_predicted,0.14285714285714285,6,6,AACTCTGAATCCCCGAATCC,0,4792414
ygeX_predicted,0.14285714285714285,6,6,AACTCACAGAAAAAATGTTA,0,4776338
ygeX_predicted,0.14285714285714285,6,6,AACGGTGGCGGCTTAGGTAT,0,4773283
ygeX_predicted,0.14285714285714285,6,6,AACGCCGGTGCCACCGGGTG,0,4785630
ygeX_predicted,0.14285714285714285,6,6,AACCGTCAAAGGTTTTTCAC,0,4780901
ygeX_predicted,0.14285714285714285,6,6,AACAGCGTCTTGAGTCCTCC,0,4786562
ygeX_predicted,0.14285714285714285,6,6,AACAAGCACCCGGATAATCA,0,4786226
ygeX_predicted,0.14285714285714285,6,6,AAATGGAATTGAATTACGAA,0,4775805
ygeX_predicted,0.14285714285714285,6,6,AAATACGCGTCATTTCAACG,0,4794562
ygeX_predicted,0.14285714285714285,6,6,AAAGTGGTTATGACTTACCA,0,4790334
ygeX_predicted,0.14285714285714285,6,6,AAACGGTATCCTGTAGTATT,0,4786805
ygeX_predicted,0.14285714285714285,6,6,AAAATGAGAATCCGTTCTAA,0,4791352
ygeX_predicted,0.14285714285714285,6,6,AAAATCCGGCTGGAATTAGT,0,4786028
ygeX_predicted,0.14285714285714285,6,6,AAAAATCTCAGACTGCACTA,0,4787073
ygeX_predicted,0.14285714285714285,6,6,AAAAAGTACCACGAAGTACA,0,4772424
ygeX_predicted,0.16666666666666666,5,5,TTTTTAGGTGTATGATAGAA,0,4771045
ygeX_predicted,0.16666666666666666,5,5,TTTTATTGCATATTATCGCA,0,4784966
ygeX_predicted,0.16666666666666666,5,5,TTTTAGCACAGATAGACCAG,0,4780114
ygeX_predicted,0.16666666666666666,5,5,TTTGGCAGAGTGATGAGGTC,0,4772637
ygeX_predicted,0.16666666666666666,5,5,TTTGGAATCTGTCTGGCAGG,0,4793808
ygeX_predicted,0.16666666666666666,5,5,TTTGAGACTTAGTTCACAGT,0,4772155
ygeX_predicted,0.16666666666666666,5,5,TTTCTGTTTCTTGTCACGAC,0,4794524
ygeX_predicted,0.16666666666666666,5,5,TTTCCATCCCGGTAACGTCT,0,4768058
ygeX_predicted,0.16666666666666666,5,5,TTTCACCACGCAAAAGAGCT,0,4778022
ygeX_predicted,0.16666666666666666,5,5,TTTATGGTAGAGAAAGCCCC,0,4772638
ygeX_predicted,0.16666666666666666,5,5,TTTATCTGTCTGGGCGGTAC,0,4775457
ygeX_predicted,0.16666666666666666,5,5,TTTATCCCCGGGTAGGGGGT,0,4780012
ygeX_predicted,0.16666666666666666,5,5,TTTAGGATACGTGGAGGCTC,0,4766884
ygeX_predicted,0.16666666666666666,5,5,TTTAGAGCGCCTGCTACTAG,0,4791788
ygeX_predicted,0.16666666666666666,5,5,TTTAGACTTACACGTAGCCA,0,4767490
ygeX_predicted,0.16666666666666666,5,5,TTTAACGAATGCACGGGTGC,0,4783416
ygeX_predicted,0.16666666666666666,5,5,TTTAAATTTCCGAACTAGGT,0,4787684
ygeX_predicted,0.16666666666666666,5,5,TTTAAAAAGTAGACATCCGC,0,4788103
ygeX_predicted,0.16666666666666666,5,5,TTGTGCCTCCCCGACGTGGG,0,4772131
ygeX_predicted,0.16666666666666666,5,5,TTGGTATCAAGGTGAAAGTT,0,4786678
ygeX_predicted,0.16666666666666666,5,5,TTGGGTCGTGCCTACCGCGA,0,4778998
ygeX_predicted,0.16666666666666666,5,5,TTGGGCCGCTACCACTAAAA,0,4793332
ygeX_predicted,0.16666666666666666,5,5,TTGGGATGATGTCGGTCTTA,0,4786725
ygeX_predicted,0.16666666666666666,5,5,TTGGGATAATTGCAGTTGCA,0,4787687
ygeX_predicted,0.16666666666666666,5,5,TTGGATAAGGTACAACTACG,0,4782539
ygeX_predicted,0.16666666666666666,5,5,TTGCTCGAGGACAGAGGTGG,0,4780577
ygeX_predicted,0.16666666666666666,5,5,TTGCAGCGGCTTAGGTTAAC,0,4774055
ygeX_predicted,0.16666666666666666,5,5,TTGAGGACCCAGGGGAATCT,0,4774996
ygeX_predicted,0.16666666666666666,5,5,TTGAGCACGAGAAAGACTAT,0,4771348
ygeX_predicted,0.16666666666666666,5,5,TTGACTCAGCGATACGTATT,0,4767823
ygeX_predicted,0.16666666666666666,5,5,TTGACCGTCTCTTGGCCCCC,0,4783236
ygeX_predicted,0.16666666666666666,5,5,TTCTTCGACGAGGGTTATGA,0,4781194
ygeX_predicted,0.16666666666666666,5,5,TTCGGTGCTGGGCGTGGGAT,0,4793370
ygeX_predicted,0.16666666666666666,5,5,TTCCGAGCATAGGCTGATTG,0,4787502
ygeX_predicted,0.16666666666666666,5,5,TTCCCTGAAAGCTTGGAAGA,0,4793240
ygeX_predicted,0.16666666666666666,5,5,TTCAGGGGAGTTGTGATGGA,0,4792092
ygeX_predicted,0.16666666666666666,5,5,TTCAAGATCAGAGTATAGAG,0,4793618
ygeX_predicted,0.16666666666666666,5,5,TTATTGTTATGACGTCTTGA,0,4787509
ygeX_predicted,0.16666666666666666,5,5,TTATTATTGGGCTAATAATA,0,4780482
ygeX_predicted,0.16666666666666666,5,5,TTATGTGACTCCTAAATGTA,0,4791437
ygeX_predicted,0.16666666666666666,5,5,TTATGTCCCTGTCTCGCTGC,0,4794550
ygeX_predicted,0.16666666666666666,5,5,TTATCTAAGCAGTGGTGTGC,0,4767754
ygeX_predicted,0.16666666666666666,5,5,TTATCGACAGAGTTTGCAAC,0,4792965
ygeX_predicted,0.16666666666666666,5,5,TTATCATACTTAATTTGCTG,0,4774754
ygeX_predicted,0.16666666666666666,5,5,TTAGTACGTTGGCGTGCGAG,0,4786691
ygeX_predicted,0.16666666666666666,5,5,TTAGCGCCAGAAGTTTAGGT,0,4771101
ygeX_predicted,0.16666666666666666,5,5,TTACTTGAACGAGGGAGGAC,0,4791231
ygeX_predicted,0.16666666666666666,5,5,TTACTTATCACAAACGCCAT,0,4791645
ygeX_predicted,0.16666666666666666,5,5,TTACTAAAGTAAGGGCTCGA,0,4784293
ygeX_predicted,0.16666666666666666,5,5,TTACCTGGCCGGTCGGTAGT,0,4775277
ygeX_predicted,0.16666666666666666,5,5,TTACCGAGTCAGTCTCTGTA,0,4769952
ygeX_predicted,0.16666666666666666,5,5,TTACACTTTATCCGGTCTTT,0,4771276
ygeX_predicted,0.16666666666666666,5,5,TTACAAACACACCGGCTAGC,0,4791939
ygeX_predicted,0.16666666666666666,5,5,TTAATCGGCTGTACGGTGCT,0,4785589
ygeX_predicted,0.16666666666666666,5,5,TTAATACTTGATATGTTTGC,0,4789435
ygeX_predicted,0.16666666666666666,5,5,TTAAGCGAGGTACCACCACA,0,4770941
ygeX_predicted,0.16666666666666666,5,5,TTAAAGACACGCGCCACATA,0,4791581
ygeX_predicted,0.16666666666666666,5,5,TGTTGTGTTAGCCTTTGGAG,0,4783294
ygeX_predicted,0.16666666666666666,5,5,TGTTGGTGCAGTCCTGTGAT,0,4777668
ygeX_predicted,0.16666666666666666,5,5,TGTTAGGGCGTTCTTGGCTC,0,4792073
ygeX_predicted,0.16666666666666666,5,5,TGTTACGCAGATAGGATCGA,0,4792506
ygeX_predicted,0.16666666666666666,5,5,TGTTACCCCCGGCCCCGTAT,0,4777756
ygeX_predicted,0.16666666666666666,5,5,TGTGTTGTCACCCATAATTA,0,4789753
ygeX_predicted,0.16666666666666666,5,5,TGTGACACGGATGCTTTAGT,0,4785224
ygeX_predicted,0.16666666666666666,5,5,TGTCGCTCTCACTCCCGTAT,0,4773965
ygeX_predicted,0.16666666666666666,5,5,TGTCGATCGAAGTCAAACGG,0,4793617
ygeX_predicted,0.16666666666666666,5,5,TGTCCGGCGCGAGCTTCACC,0,4780327
ygeX_predicted,0.16666666666666666,5,5,TGTATAAGTGTTTCCTCCGA,0,4773570
ygeX_predicted,0.16666666666666666,5,5,TGTACGAATTCTGTATTGTG,0,4771491
ygeX_predicted,0.16666666666666666,5,5,TGTACCGGACCAGCCAGGTC,0,4775799
ygeX_predicted,0.16666666666666666,5,5,TGGTTTTAAAGGGCATGAGC,0,4781933
ygeX_predicted,0.16666666666666666,5,5,TGGTTGTTAATCCCCCAGAG,0,4792836
ygeX_predicted,0.16666666666666666,5,5,TGGTCGAATAAGCCCGTTCA,0,4771638
ygeX_predicted,0.16666666666666666,5,5,TGGGGTCACATCCGAGTAAT,0,4790967
ygeX_predicted,0.16666666666666666,5,5,TGGCTTGAGGCAGTGGGAGC,0,4791344
ygeX_predicted,0.16666666666666666,5,5,TGGCTACTGAAATTATCAAA,0,4781613
ygeX_predicted,0.16666666666666666,5,5,TGGCGATGGATTTTACCGCG,0,4776194
ygeX_predicted,0.16666666666666666,5,5,TGGATTCATTTAGCATGTGT,0,4771631
ygeX_predicted,0.16666666666666666,5,5,TGGATAGGATTGTGGGCGGG,0,4775541
ygeX_predicted,0.16666666666666666,5,5,TGGACGGTTCCCCTTTCAAG,0,4779113
ygeX_predicted,0.16666666666666666,5,5,TGCTGAGGGCTTATAATTCC,0,4781380
ygeX_predicted,0.16666666666666666,5,5,TGCTAATCGTCAACCAAGGC,0,4792757
ygeX_predicted,0.16666666666666666,5,5,TGCGTAGGACGAGAGCGCCA,0,4786077
ygeX_predicted,0.16666666666666666,5,5,TGCCATACTAGAACGCGGGC,0,4768675
ygeX_predicted,0.16666666666666666,5,5,TGCCAGTCGCTTGCCCACAT,0,4791981
ygeX_predicted,0.16666666666666666,5,5,TGCCACTACACCTCTTGTGT,0,4774583
ygeX_predicted,0.16666666666666666,5,5,TGCACAAGCTATCGGATCCG,0,4781353
ygeX_predicted,0.16666666666666666,5,5,TGATTGACTGCGCGTCAGCA,0,4779782
ygeX_predicted,0.16666666666666666,5,5,TGATGATTTTTCTTCTCCAA,0,4793511
ygeX_predicted,0.16666666666666666,5,5,TGATCTTCCAAGGTACCCTT,0,4770876
ygeX_predicted,0.16666666666666666,5,5,TGACAGTGTTTCTACTACCA,0,4782909
ygeX_predicted,0.16666666666666666,5,5,TGAATTATGGTAGTGTGGTA,0,4785651
ygeX_predicted,0.16666666666666666,5,5,TGAATACGCCTAGTCGGTGC,0,4794427
ygeX_predicted,0.16666666666666666,5,5,TCTGCTTCTCACAAACTTTC,0,4772148
ygeX_predicted,0.16666666666666666,5,5,TCTCTTTGTCCAGGTGGTGC,0,4773247
ygeX_predicted,0.16666666666666666,5,5,TCTCTGTCTGTACCCGGACT,0,4770994
ygeX_predicted,0.16666666666666666,5,5,TCTCCAACGGCCACTGTAGA,0,4778986
ygeX_predicted,0.16666666666666666,5,5,TCTCACACACGCGTAACTCA,0,4772436
ygeX_predicted,0.16666666666666666,5,5,TCTCAATTATAACCTATTCA,0,4779275
ygeX_predicted,0.16666666666666666,5,5,TCTCAACTTAGACAACGCTC,0,4790658
ygeX_predicted,0.16666666666666666,5,5,TCTAGGTCTGCTTCTAGTCG,0,4786664
ygeX_predicted,0.16666666666666666,5,5,TCTACGGGCCTAGTTTATTT,0,4773212
ygeX_predicted,0.16666666666666666,5,5,TCGTGTGGTGACGACGTTCT,0,4774142
ygeX_predicted,0.16666666666666666,5,5,TCGTATTATTCGTCACCACG,0,4773914
ygeX_predicted,0.16666666666666666,5,5,TCGTACTAGCTTGCCAACAC,0,4779560
ygeX_predicted,0.16666666666666666,5,5,TCGTACGGATGTGCGCTCGT,0,4794214
ygeX_predicted,0.16666666666666666,5,5,TCGGTAATCCGGTACGCGCA,0,4792394
ygeX_predicted,0.16666666666666666,5,5,TCGGACTGTTGAGCCTATGC,0,4785198
ygeX_predicted,0.16666666666666666,5,5,TCGCGAGGGCAAGCCAGTGA,0,4784379
ygeX_predicted,0.16666666666666666,5,5,TCGACGGGTCCACTGAAGGA,0,4784684
ygeX_predicted,0.16666666666666666,5,5,TCCTTGAAACATGTCTGAGT,0,4783783
ygeX_predicted,0.16666666666666666,5,5,TCCGTATCTTTGACACGCAG,0,4772238
ygeX_predicted,0.16666666666666666,5,5,TCCGAAATTTAAACGGTGGC,0,4775003
ygeX_predicted,0.16666666666666666,5,5,TCCCGCATACTATCCAACCA,0,4784154
ygeX_predicted,0.16666666666666666,5,5,TCCCGAGGCACTGATGCGAC,0,4769662
ygeX_predicted,0.16666666666666666,5,5,TCCCCAGGACTCTACTATGT,0,4783414
ygeX_predicted,0.16666666666666666,5,5,TCCCACGTCAAGGACCTTGC,0,4767559
ygeX_predicted,0.16666666666666666,5,5,TCATGGGCTGGGTGATCAGC,0,4792043
ygeX_predicted,0.16666666666666666,5,5,TCATAGCTGGGATATATGAT,0,4773289
ygeX_predicted,0.16666666666666666,5,5,TCAGGCAGGAACGCATTCGC,0,4782574
ygeX_predicted,0.16666666666666666,5,5,TCAGATTCATACGTATTAGT,0,4776682
ygeX_predicted,0.16666666666666666,5,5,TCACCCTCCGTGGTTTGGCC,0,4774249
ygeX_predicted,0.16666666666666666,5,5,TCACCATTCAGAATGTACTC,0,4771621
ygeX_predicted,0.16666666666666666,5,5,TCACAACAATAGTGATGCCA,0,4783368
ygeX_predicted,0.16666666666666666,5,5,TCAATATCAATGCAACTCTC,0,4788329
ygeX_predicted,0.16666666666666666,5,5,TATTAGTAACCCCCAGTTGG,0,4770717
ygeX_predicted,0.16666666666666666,5,5,TATTACAGCATGTTTTCCGG,0,4768818
ygeX_predicted,0.16666666666666666,5,5,TATGTGCGATGGCTTTCGAT,0,4782491
ygeX_predicted,0.16666666666666666,5,5,TATGTGCCTGTAGAAGGAGC,0,4787103
ygeX_predicted,0.16666666666666666,5,5,TATGTAGTAGGCGGGTCGGT,0,4793481
ygeX_predicted,0.16666666666666666,5,5,TATGACGTCAGACTTATACT,0,4794426
ygeX_predicted,0.16666666666666666,5,5,TATCTCCGTACTCAAAGCTG,0,4791894
ygeX_predicted,0.16666666666666666,5,5,TATCGATGTCTAGGACAACT,0,4790066
ygeX_predicted,0.16666666666666666,5,5,TATCCCTTTTGCTCAAGATC,0,4790901
ygeX_predicted,0.16666666666666666,5,5,TATATAACGCCTTGCCAAAC,0,4785694
ygeX_predicted,0.16666666666666666,5,5,TATAGCGGTCGTTATCTCTT,0,4776150
ygeX_predicted,0.16666666666666666,5,5,TATAGATGGGCATCACTTTC,0,4783976
ygeX_predicted,0.16666666666666666,5,5,TAGGTGGGTTAATGTCTTAA,0,4785898
ygeX_predicted,0.16666666666666666,5,5,TAGGGGAATGGCGGCCCATT,0,4777061
ygeX_predicted,0.16666666666666666,5,5,TAGGCCCTCGTGTGTGGCCG,0,4789158
ygeX_predicted,0.16666666666666666,5,5,TAGCTGATAATTACGGAAAA,0,4774274
ygeX_predicted,0.16666666666666666,5,5,TAGCTGAGAGAAGCACTTCA,0,4770282
ygeX_predicted,0.16666666666666666,5,5,TAGCGGTTCCCAATTCAAGA,0,4788257
ygeX_predicted,0.16666666666666666,5,5,TAGCGGATCAATGCGCGGAT,0,4792389
ygeX_predicted,0.16666666666666666,5,5,TAGACCTGACTCGCGACGTA,0,4790265
ygeX_predicted,0.16666666666666666,5,5,TAGACCCCCTGGAGCGTTAA,0,4780172
ygeX_predicted,0.16666666666666666,5,5,TAGAACAGTGCCCACGCGAG,0,4788827
ygeX_predicted,0.16666666666666666,5,5,TACTTTGTGCTTACAGCTAA,0,4787054
ygeX_predicted,0.16666666666666666,5,5,TACTTTAGTTGTGAAGTTCA,0,4769522
ygeX_predicted,0.16666666666666666,5,5,TACCGTGGCCCTCCAGTTCC,0,4767938
ygeX_predicted,0.16666666666666666,5,5,TACAGGTCGTAGCACTAGAG,0,4780735
ygeX_predicted,0.16666666666666666,5,5,TAATGTCAGGGTACTCCCTA,0,4772074
ygeX_predicted,0.16666666666666666,5,5,TAATCTCAACCCGCGATATT,0,4785535
ygeX_predicted,0.16666666666666666,5,5,TAATACGATAGTAAAGGTGA,0,4777695
ygeX_predicted,0.16666666666666666,5,5,TAAGTCAGAAAGATCCCGGG,0,4790361
ygeX_predicted,0.16666666666666666,5,5,TAAGGTGGCCCGACACAATC,0,4773673
ygeX_predicted,0.16666666666666666,5,5,TAAGGCCTTGTTAGCACTGA,0,4767643
ygeX_predicted,0.16666666666666666,5,5,TAAGCTACAGGGTGCGGACT,0,4784330
ygeX_predicted,0.16666666666666666,5,5,TAAGCAATGACCCCCTTCTT,0,4791597
ygeX_predicted,0.16666666666666666,5,5,TAACTAATTTTCACAAATAG,0,4789941
ygeX_predicted,0.16666666666666666,5,5,TAACGTTGGTTAAACTTTTA,0,4791719
ygeX_predicted,0.16666666666666666,5,5,TAACACCCAAGGAAATAGAA,0,4771772
ygeX_predicted,0.16666666666666666,5,5,TAAATGATTTTAGAACTATC,0,4794884
ygeX_predicted,0.16666666666666666,5,5,GTTTGGTAGGTACCTGAGCA,0,4782472
ygeX_predicted,0.16666666666666666,5,5,GTTTGCTGGTCGTAACACCC,0,4780791
ygeX_predicted,0.16666666666666666,5,5,GTTTCTTTTCGCTATGAAAA,0,4785377
ygeX_predicted,0.16666666666666666,5,5,GTTGTCGCCTCGGGTGCTCG,0,4777597
ygeX_predicted,0.16666666666666666,5,5,GTTGGTTTCCGTCAGCGCTA,0,4770884
ygeX_predicted,0.16666666666666666,5,5,GTTGCGGTCGGAGGTTGACT,0,4775136
ygeX_predicted,0.16666666666666666,5,5,GTTCCGCTTCGGAGGTTAAC,0,4787593
ygeX_predicted,0.16666666666666666,5,5,GTTCCCGAAGGTTTGTTTAG,0,4773260
ygeX_predicted,0.16666666666666666,5,5,GTTCAGTAATACTTAACCGC,0,4793365
ygeX_predicted,0.16666666666666666,5,5,GTTCACAGTTAACCGATTTG,0,4768231
ygeX_predicted,0.16666666666666666,5,5,GTTAGTCCGATGGCCGGGTT,0,4778908
ygeX_predicted,0.16666666666666666,5,5,GTTAGGCCATCGAGCTTCTA,0,4787582
ygeX_predicted,0.16666666666666666,5,5,GTTACCTCCGGGCGGGAAGG,0,4790368
ygeX_predicted,0.16666666666666666,5,5,GTTACCAGGGGTTTTCGCTT,0,4789540
ygeX_predicted,0.16666666666666666,5,5,GTGTTCTCTAAACGCCAGAC,0,4794492
ygeX_predicted,0.16666666666666666,5,5,GTGTTCCGCGAATGTAAGAT,0,4778108
ygeX_predicted,0.16666666666666666,5,5,GTGTTATTCCTCGACGTTTA,0,4790662
ygeX_predicted,0.16666666666666666,5,5,GTGTTAGGAGGTTCTGACGT,0,4775955
ygeX_predicted,0.16666666666666666,5,5,GTGTAGCACAGGGTTAAAGG,0,4792854
ygeX_predicted,0.16666666666666666,5,5,GTGGTGAAGTAATCCGAGCC,0,4790804
ygeX_predicted,0.16666666666666666,5,5,GTGGGGTCTCGACAACGAGT,0,4780757
ygeX_predicted,0.16666666666666666,5,5,GTGCGAGGTGAGGTTGAGTG,0,4780218
ygeX_predicted,0.16666666666666666,5,5,GTGCATTTTTATTCTTGCGG,0,4786339
ygeX_predicted,0.16666666666666666,5,5,GTGAGGTAGCTATAAAATGA,0,4787005
ygeX_predicted,0.16666666666666666,5,5,GTGAAGCACGATAGAGACTC,0,4793613
ygeX_predicted,0.16666666666666666,5,5,GTCTTAGCGGGAACTCAACC,0,4767502
ygeX_predicted,0.16666666666666666,5,5,GTCTCGCCTCATGTGTCTTC,0,4781043
ygeX_predicted,0.16666666666666666,5,5,GTCTCGCATGCTGGTTATCT,0,4792187
ygeX_predicted,0.16666666666666666,5,5,GTCTAAGGTTGATTAAGGGG,0,4778408
ygeX_predicted,0.16666666666666666,5,5,GTCGTTGTCTTAGTGAGTCG,0,4773418
ygeX_predicted,0.16666666666666666,5,5,GTCGTGCTCTCGACACTTCC,0,4773715
ygeX_predicted,0.16666666666666666,5,5,GTCGGCGTCAGGCTATTCGT,0,4767002
ygeX_predicted,0.16666666666666666,5,5,GTCGCTATGGCTCTAATAAT,0,4779347
ygeX_predicted,0.16666666666666666,5,5,GTCCTTGTCGCGTTTCACCG,0,4776754
ygeX_predicted,0.16666666666666666,5,5,GTCCCTGGGCAGGGACTGCG,0,4785704
ygeX_predicted,0.16666666666666666,5,5,GTCAGGTATCGTAGATTTAT,0,4766791
ygeX_predicted,0.16666666666666666,5,5,GTAGTGCCCAGTTACATTCG,0,4767646
ygeX_predicted,0.16666666666666666,5,5,GTAGATGGAAACTGTAGGGA,0,4788497
ygeX_predicted,0.16666666666666666,5,5,GTACTTTCAGTGACGCCCCT,0,4768275
ygeX_predicted,0.16666666666666666,5,5,GTACGTTCAGAGTAGCGAGT,0,4775945
ygeX_predicted,0.16666666666666666,5,5,GTACCTTTTCGATAAGGTCC,0,4792685
ygeX_predicted,0.16666666666666666,5,5,GTACAGTACATGTAACAACT,0,4787965
ygeX_predicted,0.16666666666666666,5,5,GTAATTCGGCCGTATTAGAT,0,4768327
ygeX_predicted,0.16666666666666666,5,5,GTAACTCACTATAGCAAAGG,0,4772158
ygeX_predicted,0.16666666666666666,5,5,GGTTTGTACTCCGGGCATCC,0,4785531
ygeX_predicted,0.16666666666666666,5,5,GGTTGTTATATTGGACTCGG,0,4784151
ygeX_predicted,0.16666666666666666,5,5,GGTTACAGAGGAAGGGAGGT,0,4767746
ygeX_predicted,0.16666666666666666,5,5,GGTTAAAATACTGAATTATA,0,4789078
ygeX_predicted,0.16666666666666666,5,5,GGTGGGCATCCCCTCAGGTT,0,4773257
ygeX_predicted,0.16666666666666666,5,5,GGTGAGGCTTAAAAAAACGC,0,4779711
ygeX_predicted,0.16666666666666666,5,5,GGTGAGGACTATCTGGGACC,0,4794217
ygeX_predicted,0.16666666666666666,5,5,GGTCTTCGATGTTTAATCGA,0,4793501
ygeX_predicted,0.16666666666666666,5,5,GGTCGGGCCTTAAGGTACAG,0,4788262
ygeX_predicted,0.16666666666666666,5,5,GGTCCTACCGATTAAACGGA,0,4770825
ygeX_predicted,0.16666666666666666,5,5,GGTCCGGCATAGAGTTACGG,0,4768853
ygeX_predicted,0.16666666666666666,5,5,GGTCACTCGCGATCCAAGTT,0,4767906
ygeX_predicted,0.16666666666666666,5,5,GGTCAATTTCCGGGGATCAT,0,4773379
ygeX_predicted,0.16666666666666666,5,5,GGTATGGAGACTCAAGGACA,0,4781528
ygeX_predicted,0.16666666666666666,5,5,GGTAGGTCGTTGCTTGGTCT,0,4769774
ygeX_predicted,0.16666666666666666,5,5,GGTAGAGACTAGGTCGATAC,0,4773988
ygeX_predicted,0.16666666666666666,5,5,GGGTTTTTATTAATTCGAGT,0,4772111
ygeX_predicted,0.16666666666666666,5,5,GGGTGTTAGTGTGTTCTGCG,0,4784627
ygeX_predicted,0.16666666666666666,5,5,GGGTACTCTTCCCGCGCACA,0,4775012
ygeX_predicted,0.16666666666666666,5,5,GGGTACGCAGGACTTTAGTT,0,4767080
ygeX_predicted,0.16666666666666666,5,5,GGGGTGTTAAGTGCTGGGAA,0,4781409
ygeX_predicted,0.16666666666666666,5,5,GGGGCTATCTGCGGCTACCC,0,4793906
ygeX_predicted,0.16666666666666666,5,5,GGGGCGGAGAGACGGTTTGC,0,4783741
ygeX_predicted,0.16666666666666666,5,5,GGGGCCAGGTAGTGGGACAG,0,4767554
ygeX_predicted,0.16666666666666666,5,5,GGGGAAAAATTTGCCGCTCA,0,4781356
ygeX_predicted,0.16666666666666666,5,5,GGGCTTCAGAATTAACCACG,0,4794101
ygeX_predicted,0.16666666666666666,5,5,GGGCGTTGTAAGGTTACCTA,0,4776322
ygeX_predicted,0.16666666666666666,5,5,GGGCGCTTGTACGGACGGTA,0,4794868
ygeX_predicted,0.16666666666666666,5,5,GGGCAGGAGGAGGACCTATC,0,4790911
ygeX_predicted,0.16666666666666666,5,5,GGGAGCATGTACCCTGGATT,0,4772796
ygeX_predicted,0.16666666666666666,5,5,GGCTTGAACCTCCCGTCGGA,0,4784211
ygeX_predicted,0.16666666666666666,5,5,GGCTCGTAAGTTAAAGCTCT,0,4793809
ygeX_predicted,0.16666666666666666,5,5,GGCTCCTGCCACATCTGACC,0,4790915
ygeX_predicted,0.16666666666666666,5,5,GGCTATGGGTGAGAGGGTTA,0,4783219
ygeX_predicted,0.16666666666666666,5,5,GGCGACGCATTTGAGCCAGT,0,4782125
ygeX_predicted,0.16666666666666666,5,5,GGCATTAGCACCGTACTGAA,0,4790762
ygeX_predicted,0.16666666666666666,5,5,GGCAGAGGATACTGCCATGA,0,4773985
ygeX_predicted,0.16666666666666666,5,5,GGCAATAGAGTCCTGGATCT,0,4787797
ygeX_predicted,0.16666666666666666,5,5,GGCAAACTCAAAAGATGTCC,0,4776534
ygeX_predicted,0.16666666666666666,5,5,GGCAAAATCTAAAAGCGAAG,0,4782918
ygeX_predicted,0.16666666666666666,5,5,GGATCTCGTGGGAGGCTCAC,0,4776641
ygeX_predicted,0.16666666666666666,5,5,GGAGATCAGCTTCCATCTTG,0,4772020
ygeX_predicted,0.16666666666666666,5,5,GGACGCTCCAGAAGACCTGT,0,4786535
ygeX_predicted,0.16666666666666666,5,5,GGACCGCTAAAGACTATGGG,0,4768808
ygeX_predicted,0.16666666666666666,5,5,GGAACTAAGTTCCCAGTCTG,0,4778764
ygeX_predicted,0.16666666666666666,5,5,GGAAAGGCGGTGTGGCCAGC,0,4785627
ygeX_predicted,0.16666666666666666,5,5,GGAAAACACTGGTGGAATCC,0,4772468
ygeX_predicted,0.16666666666666666,5,5,GCTTGCATAAGCTGCGCTGG,0,4767372
ygeX_predicted,0.16666666666666666,5,5,GCTTGAATGGCGGGCAAACA,0,4767813
ygeX_predicted,0.16666666666666666,5,5,GCTTCTATTTGTTCCCTCGA,0,4777373
ygeX_predicted,0.16666666666666666,5,5,GCTGTCGGTACAATAGTTGG,0,4786677
ygeX_predicted,0.16666666666666666,5,5,GCTGGGGATTGCGCATCGCG,0,4782093
ygeX_predicted,0.16666666666666666,5,5,GCTGCTATAAACGTACACGC,0,4779204
ygeX_predicted,0.16666666666666666,5,5,GCTCGTTGTTTTGACATGTA,0,4787609
ygeX_predicted,0.16666666666666666,5,5,GCTCGGTATTGCGTAGCCTT,0,4783858
ygeX_predicted,0.16666666666666666,5,5,GCTCGGGGCTTACCACGTGC,0,4784279
ygeX_predicted,0.16666666666666666,5,5,GCTATGGTTATGACCCCGTA,0,4772185
ygeX_predicted,0.16666666666666666,5,5,GCTAGTACACGTATGGACCT,0,4779448
ygeX_predicted,0.16666666666666666,5,5,GCTAAATCGTAGTTTGTGCA,0,4770879
ygeX_predicted,0.16666666666666666,5,5,GCGTACGAATGGCCTTCGGT,0,4775487
ygeX_predicted,0.16666666666666666,5,5,GCGGGCCTATCTACAGAGAT,0,4793630
ygeX_predicted,0.16666666666666666,5,5,GCGGATAAGACTTATTGTAA,0,4794490
ygeX_predicted,0.16666666666666666,5,5,GCGGACGGCAAGCAGTGCGT,0,4781399
ygeX_predicted,0.16666666666666666,5,5,GCGGACCTCTGATCCAAAAC,0,4779000
ygeX_predicted,0.16666666666666666,5,5,GCGGAAATCAACGCGGGAGT,0,4790989
ygeX_predicted,0.16666666666666666,5,5,GCGCCACGGTGAGAGGTGAT,0,4778489
ygeX_predicted,0.16666666666666666,5,5,GCGCATCACAAGTGATCGCA,0,4782515
ygeX_predicted,0.16666666666666666,5,5,GCGCAGACCCCTATTCTCAT,0,4772495
ygeX_predicted,0.16666666666666666,5,5,GCCTTACACACAACATTAGG,0,4787300
ygeX_predicted,0.16666666666666666,5,5,GCCTCCGCAGCGGAGTTAGG,0,4790527
ygeX_predicted,0.16666666666666666,5,5,GCCGGGTGAGAAACTGGAGA,0,4781972
ygeX_predicted,0.16666666666666666,5,5,GCCCGCTCCCCGATGTTGTT,0,4770982
ygeX_predicted,0.16666666666666666,5,5,GCCCCTGCCTGGTTGCTATG,0,4781082
ygeX_predicted,0.16666666666666666,5,5,GCCAGTTCGTAGGTCGATCA,0,4787007
ygeX_predicted,0.16666666666666666,5,5,GCCACTCGTTCATGAGAAGG,0,4774336
ygeX_predicted,0.16666666666666666,5,5,GCCACTACGGTACACAAGTC,0,4772069
ygeX_predicted,0.16666666666666666,5,5,GCATTCCTGTGAATGTTATT,0,4784171
ygeX_predicted,0.16666666666666666,5,5,GCATGGCAAGAGCGTTTATG,0,4786732
ygeX_predicted,0.16666666666666666,5,5,GCATGATCCAGATTGGAGAC,0,4772082
ygeX_predicted,0.16666666666666666,5,5,GCAGCGTCCCAGTCACAACT,0,4779194
ygeX_predicted,0.16666666666666666,5,5,GCAGCATGGAACATGCACAA,0,4786655
ygeX_predicted,0.16666666666666666,5,5,GCAGATGATTGATTCCCGGG,0,4774241
ygeX_predicted,0.16666666666666666,5,5,GCACCGCGGTCTATCCAGGT,0,4780397
ygeX_predicted,0.16666666666666666,5,5,GCAAGCGCTAAGGCAGCAGT,0,4787033
ygeX_predicted,0.16666666666666666,5,5,GCAAATATATAGTTTAGCGG,0,4775459
ygeX_predicted,0.16666666666666666,5,5,GATTCCGTCTCAGCCAAAGG,0,4785670
ygeX_predicted,0.16666666666666666,5,5,GATGCGTTCCATTCCTAAGA,0,4775170
ygeX_predicted,0.16666666666666666,5,5,GATGCACAATGCGTTTCCGC,0,4789895
ygeX_predicted,0.16666666666666666,5,5,GATCCGAAGACTGGAAACTG,0,4779718
ygeX_predicted,0.16666666666666666,5,5,GATCACTTCTACACTTTATC,0,4793504
ygeX_predicted,0.16666666666666666,5,5,GATACTCGGCTTGGGGTAGT,0,4791365
ygeX_predicted,0.16666666666666666,5,5,GATAAGCGATAGACGTTTTG,0,4769550
ygeX_predicted,0.16666666666666666,5,5,GAGTACCTGCCGTGCGTCAG,0,4773755
ygeX_predicted,0.16666666666666666,5,5,GAGGGTTCTTGTAGCTGTTA,0,4788988
ygeX_predicted,0.16666666666666666,5,5,GAGGGGGGATTGGTCGAGGT,0,4769015
ygeX_predicted,0.16666666666666666,5,5,GAGGCGGACTCGCCCTTCGT,0,4782982
ygeX_predicted,0.16666666666666666,5,5,GAGGACGGTAATCTAATGGG,0,4778107
ygeX_predicted,0.16666666666666666,5,5,GAGCTTGCTAATTAAGGAAA,0,4776970
ygeX_predicted,0.16666666666666666,5,5,GAGCTATCAGGTGCAGCGGG,0,4777370
ygeX_predicted,0.16666666666666666,5,5,GAGCGTATAGAGCGCGCGAG,0,4769352
ygeX_predicted,0.16666666666666666,5,5,GAGAGTATGATAAGGGGTTT,0,4789262
ygeX_predicted,0.16666666666666666,5,5,GAGACCGTGACAGAGCCGCG,0,4777838
ygeX_predicted,0.16666666666666666,5,5,GACTTGCTGTTGGTCTGGCT,0,4771588
ygeX_predicted,0.16666666666666666,5,5,GACTAGGTTTAACAGGCAAT,0,4769197
ygeX_predicted,0.16666666666666666,5,5,GACTAAAGCATTGCCCCGGG,0,4767541
ygeX_predicted,0.16666666666666666,5,5,GACGTGAGCATCAGGATTAC,0,4778680
ygeX_predicted,0.16666666666666666,5,5,GACGTACAAGCGACGGCCTG,0,4785356
ygeX_predicted,0.16666666666666666,5,5,GACGGGCGGGGACCAAAAGA,0,4790912
ygeX_predicted,0.16666666666666666,5,5,GACGAATGTGGACACACCGC,0,4790154
ygeX_predicted,0.16666666666666666,5,5,GACCTAGAGTAAGACGTGGG,0,4786312
ygeX_predicted,0.16666666666666666,5,5,GACCGTCACCTGTACACTGG,0,4768462
ygeX_predicted,0.16666666666666666,5,5,GACCAGTTCTTACGGGCAAC,0,4781857
ygeX_predicted,0.16666666666666666,5,5,GACCAGGTGGGTTGGCGATC,0,4774048
ygeX_predicted,0.16666666666666666,5,5,GACATTACAGGATTCATCAT,0,4791758
ygeX_predicted,0.16666666666666666,5,5,GACAGGTGAAGGTCGCTAAT,0,4778415
ygeX_predicted,0.16666666666666666,5,5,GACACCAACGAACTGATAGT,0,4770379
ygeX_predicted,0.16666666666666666,5,5,GACACATAAGTCAGTTTGAT,0,4777369
ygeX_predicted,0.16666666666666666,5,5,GACAATAGCCGGCGGCGTGT,0,4788852
ygeX_predicted,0.16666666666666666,5,5,GACAAAGTCACAGGTGTATG,0,4787606
ygeX_predicted,0.16666666666666666,5,5,GAATTCATGTCGCAAGATCC,0,4772055
ygeX_predicted,0.16666666666666666,5,5,GAATGGAGGTCCCGCTATGC,0,4789227
ygeX_predicted,0.16666666666666666,5,5,GAATCTTCATCGAATCGTCT,0,4790651
ygeX_predicted,0.16666666666666666,5,5,GAATCGCGGTCCTTAAAGCC,0,4783905
ygeX_predicted,0.16666666666666666,5,5,GAATAATGATTTTGATTTGT,0,4793367
ygeX_predicted,0.16666666666666666,5,5,GAACGTGAGAGGACCCATAT,0,4773454
ygeX_predicted,0.16666666666666666,5,5,GAACCTTACGAGTTCATACT,0,4768256
ygeX_predicted,0.16666666666666666,5,5,GAACAGGTCAATGGGATGGC,0,4786652
ygeX_predicted,0.16666666666666666,5,5,GAAAGAACATGACCCACGCT,0,4780887
ygeX_predicted,0.16666666666666666,5,5,CTTTTAGGAGATGGCCGTCG,0,4770070
ygeX_predicted,0.16666666666666666,5,5,CTTTGAGCCACTCTGTGGGG,0,4768864
ygeX_predicted,0.16666666666666666,5,5,CTTGTAATCCAAGCAAAGAG,0,4781932
ygeX_predicted,0.16666666666666666,5,5,CTTCTGCGTGATCTTAGATT,0,4794359
ygeX_predicted,0.16666666666666666,5,5,CTTCCTGTTACTCCCACGGC,0,4788355
ygeX_predicted,0.16666666666666666,5,5,CTTATGCTTGAGCTGGTGCA,0,4775061
ygeX_predicted,0.16666666666666666,5,5,CTTAGTTTCCTACAACGGGG,0,4781540
ygeX_predicted,0.16666666666666666,5,5,CTTAGACTTAATCTGGGACA,0,4768292
ygeX_predicted,0.16666666666666666,5,5,CTTACCTCGCCGGGCACCTA,0,4794428
ygeX_predicted,0.16666666666666666,5,5,CTGTTGCAGGATCGAATGTG,0,4768755
ygeX_predicted,0.16666666666666666,5,5,CTGTTCTGGACACGAGACGC,0,4794003
ygeX_predicted,0.16666666666666666,5,5,CTGTCGGGGTTGGTCTTCGA,0,4776109
ygeX_predicted,0.16666666666666666,5,5,CTGGGAAACAGTAGTGTAAT,0,4792366
ygeX_predicted,0.16666666666666666,5,5,CTGGCAGGCCGAAGCAGTGA,0,4778299
ygeX_predicted,0.16666666666666666,5,5,CTGCCGTGACGCTCGTGAAG,0,4777076
ygeX_predicted,0.16666666666666666,5,5,CTGCCGAAGACGCGCTACTG,0,4782997
ygeX_predicted,0.16666666666666666,5,5,CTGCCAACGCCCTGCGCAAT,0,4776074
ygeX_predicted,0.16666666666666666,5,5,CTGCATAATTTTTGTAAAGG,0,4793905
ygeX_predicted,0.16666666666666666,5,5,CTGATGCACTTGATGGAAAG,0,4771768
ygeX_predicted,0.16666666666666666,5,5,CTGACTTTGCTAGCATCAAG,0,4788754
ygeX_predicted,0.16666666666666666,5,5,CTCTTTGTGAAACCGGTTGA,0,4777941
ygeX_predicted,0.16666666666666666,5,5,CTCTGTAATCATAAGGAACA,0,4790272
ygeX_predicted,0.16666666666666666,5,5,CTCTGATGCGGCTAAGGGGC,0,4771928
ygeX_predicted,0.16666666666666666,5,5,CTCTGAACAACGCACAGTTT,0,4780152
ygeX_predicted,0.16666666666666666,5,5,CTCTCCCGCGTTGAAGCCGC,0,4779689
ygeX_predicted,0.16666666666666666,5,5,CTCTATACGGTTCTTTCCCA,0,4784332
ygeX_predicted,0.16666666666666666,5,5,CTCTAAATTATTGAGTTGAG,0,4777545
ygeX_predicted,0.16666666666666666,5,5,CTCGTGGAGATTATCAGTTA,0,4774896
ygeX_predicted,0.16666666666666666,5,5,CTCGTGGACTGAGTTTCCTC,0,4780006
ygeX_predicted,0.16666666666666666,5,5,CTCCTTGCGCTGCCTGGATT,0,4780486
ygeX_predicted,0.16666666666666666,5,5,CTCCCTCTTCTCGGGCGGGG,0,4785003
ygeX_predicted,0.16666666666666666,5,5,CTCCCTCGTGATAGATCATC,0,4782630
ygeX_predicted,0.16666666666666666,5,5,CTCATGGCTTGGCATAAGTC,0,4780849
ygeX_predicted,0.16666666666666666,5,5,CTCAGCCTCGTCTAAGTAAG,0,4767905
ygeX_predicted,0.16666666666666666,5,5,CTCAGATCCATGCTGTACTA,0,4780235
ygeX_predicted,0.16666666666666666,5,5,CTCACAGTTAACAAGAACCC,0,4773482
ygeX_predicted,0.16666666666666666,5,5,CTATCATGGGTGACACACCT,0,4776409
ygeX_predicted,0.16666666666666666,5,5,CTAGGCGCAGCCGCACATTC,0,4779870
ygeX_predicted,0.16666666666666666,5,5,CTAGCATTATCCAGAGCGAG,0,4782013
ygeX_predicted,0.16666666666666666,5,5,CTAGATTTCCCCACGCAGCA,0,4790998
ygeX_predicted,0.16666666666666666,5,5,CTACTACTTTGGGAGTACTT,0,4784714
ygeX_predicted,0.16666666666666666,5,5,CTACATGTTTCAAACCTTTT,0,4791976
ygeX_predicted,0.16666666666666666,5,5,CTAATCGCCACCTCTAACGA,0,4774738
ygeX_predicted,0.16666666666666666,5,5,CGTTTAATTTCTGGTTACTT,0,4775491
ygeX_predicted,0.16666666666666666,5,5,CGTTGGGCTGGCTATTCACG,0,4779660
ygeX_predicted,0.16666666666666666,5,5,CGTTCTACCACACCCGAGTC,0,4777709
ygeX_predicted,0.16666666666666666,5,5,CGTGTGGGTTGTCAGACTTT,0,4771259
ygeX_predicted,0.16666666666666666,5,5,CGTGCTGAACCGTAAGTACT,0,4789250
ygeX_predicted,0.16666666666666666,5,5,CGTGATTTTGAGCCAGATAC,0,4784440
ygeX_predicted,0.16666666666666666,5,5,CGTAGCGGTTATTTCACTGT,0,4786414
ygeX_predicted,0.16666666666666666,5,5,CGTACCGAATTGACAGTGAG,0,4785431
ygeX_predicted,0.16666666666666666,5,5,CGTAAAATTGGGGACGTTGT,0,4780573
ygeX_predicted,0.16666666666666666,5,5,CGGTTGCGTCGGTTTGGGGT,0,4778392
ygeX_predicted,0.16666666666666666,5,5,CGGTGTAGAAATCCGCGCTG,0,4787809
ygeX_predicted,0.16666666666666666,5,5,CGGTCCCGTACAAAACCCCT,0,4782731
ygeX_predicted,0.16666666666666666,5,5,CGGGTGCATATTTTAGTATG,0,4777860
ygeX_predicted,0.16666666666666666,5,5,CGGGTAGCCCCAGCAGTTAA,0,4768397
ygeX_predicted,0.16666666666666666,5,5,CGGGGTAACCGGGCGTGAAG,0,4772597
ygeX_predicted,0.16666666666666666,5,5,CGGGGAAAGGGCGGAGGGTG,0,4775172
ygeX_predicted,0.16666666666666666,5,5,CGGCTTCAGAACGTAGGTGT,0,4779810
ygeX_predicted,0.16666666666666666,5,5,CGCTTCATCGAGGCGAAGGG,0,4785677
ygeX_predicted,0.16666666666666666,5,5,CGCTGTTTGAAGAAACTTCG,0,4772121
ygeX_predicted,0.16666666666666666,5,5,CGCTGCGCAAAGGCAAAATT,0,4769023
ygeX_predicted,0.16666666666666666,5,5,CGCGGACAGTAGCTAAGGGC,0,4785897
ygeX_predicted,0.16666666666666666,5,5,CGCATCCTGTACTGGGCTGT,0,4783850
ygeX_predicted,0.16666666666666666,5,5,CGCACTCCATTTTGAGATAA,0,4783181
ygeX_predicted,0.16666666666666666,5,5,CGATCGTTGGAAAGGTTGTC,0,4766950
ygeX_predicted,0.16666666666666666,5,5,CGAGGGATATCGTCAAAGAA,0,4780045
ygeX_predicted,0.16666666666666666,5,5,CGAGCACTCGAGGATGACGT,0,4778959
ygeX_predicted,0.16666666666666666,5,5,CGAGAAGTGTACTCTCGAAC,0,4793775
ygeX_predicted,0.16666666666666666,5,5,CGACTGAGCAAGTCTATTAT,0,4776938
ygeX_predicted,0.16666666666666666,5,5,CGACGCGCCCGATCGGAGAT,0,4787947
ygeX_predicted,0.16666666666666666,5,5,CCTGTCTGTAAGTCCAGTGT,0,4783199
ygeX_predicted,0.16666666666666666,5,5,CCTGGTAGGGTCCCTTATTG,0,4773650
ygeX_predicted,0.16666666666666666,5,5,CCTCTACTCTGCCTGGACAA,0,4776976
ygeX_predicted,0.16666666666666666,5,5,CCTCGGTACTGGAATGGGGG,0,4776449
ygeX_predicted,0.16666666666666666,5,5,CCTCGGGTCCACCCTTAAGT,0,4792523
ygeX_predicted,0.16666666666666666,5,5,CCTCGCCTGGGAGTTCCGAT,0,4779697
ygeX_predicted,0.16666666666666666,5,5,CCTCAAGGCATAGACATATT,0,4775115
ygeX_predicted,0.16666666666666666,5,5,CCGTACTCCGGGATTCAGCG,0,4770060
ygeX_predicted,0.16666666666666666,5,5,CCGGTGTTTATGAGCCCGAG,0,4781586
ygeX_predicted,0.16666666666666666,5,5,CCGGTACCGCCCCCACTGCT,0,4791077
ygeX_predicted,0.16666666666666666,5,5,CCGGTAATAGGCATCCCTCC,0,4780628
ygeX_predicted,0.16666666666666666,5,5,CCGCTGGAGTCTAGATAGTA,0,4772081
ygeX_predicted,0.16666666666666666,5,5,CCGCCTTCCCAGATTTAGTC,0,4777562
ygeX_predicted,0.16666666666666666,5,5,CCGCCGTTGGATGTTGCCTC,0,4792325
ygeX_predicted,0.16666666666666666,5,5,CCGCCAGGGGGGGCTTCAGG,0,4767641
ygeX_predicted,0.16666666666666666,5,5,CCGCAAGACTCACTTGAGGT,0,4775842
ygeX_predicted,0.16666666666666666,5,5,CCGATGGGGGTTATCATCGG,0,4779048
ygeX_predicted,0.16666666666666666,5,5,CCGACGTGTCGCTAGGCCAG,0,4782967
ygeX_predicted,0.16666666666666666,5,5,CCCTCACACTATGCAGGGCT,0,4791133
ygeX_predicted,0.16666666666666666,5,5,CCCGGCAAACTTGGTAACAT,0,4786819
ygeX_predicted,0.16666666666666666,5,5,CCCGCTGTACTGTGCTTACA,0,4791287
ygeX_predicted,0.16666666666666666,5,5,CCCCCAAACTCACTGCGGCA,0,4793851
ygeX_predicted,0.16666666666666666,5,5,CCCAGGAAGAAACCTGGGTA,0,4772648
ygeX_predicted,0.16666666666666666,5,5,CCCACTAAAAAAGTGTTGCA,0,4786393
ygeX_predicted,0.16666666666666666,5,5,CCCACAAAGCAACACCGTTG,0,4783656
ygeX_predicted,0.16666666666666666,5,5,CCATGCCTACGTTGGGTAAA,0,4781286
ygeX_predicted,0.16666666666666666,5,5,CCATGCCATTATTCTCAAAG,0,4774852
ygeX_predicted,0.16666666666666666,5,5,CCATGAGGCTTAAAAGAGTG,0,4793509
ygeX_predicted,0.16666666666666666,5,5,CCATGACTCGGTTGTAAGTC,0,4793294
ygeX_predicted,0.16666666666666666,5,5,CCAGTAGTGCAGTCATTTGT,0,4777988
ygeX_predicted,0.16666666666666666,5,5,CCAGGTCTCGTACGAAACCT,0,4793135
ygeX_predicted,0.16666666666666666,5,5,CCAGACGTGGGGTGGTGGTG,0,4774612
ygeX_predicted,0.16666666666666666,5,5,CCACCAGGACTCGGAGATGG,0,4770325
ygeX_predicted,0.16666666666666666,5,5,CCAATTACCCTCTAGGGCGG,0,4781247
ygeX_predicted,0.16666666666666666,5,5,CATTTTCTGGTTGGAGAGCA,0,4777884
ygeX_predicted,0.16666666666666666,5,5,CATTTCGACGCAATTTATCT,0,4787430
ygeX_predicted,0.16666666666666666,5,5,CATTGGGTAGTTTTTATGTA,0,4769888
ygeX_predicted,0.16666666666666666,5,5,CATTCCTGATAGAACGTCGG,0,4773634
ygeX_predicted,0.16666666666666666,5,5,CATTCCGAGAAGCAGGACCT,0,4791600
ygeX_predicted,0.16666666666666666,5,5,CATTCATCATATTGCCGTTT,0,4775925
ygeX_predicted,0.16666666666666666,5,5,CATGCTACAAATGGTATAAG,0,4794416
ygeX_predicted,0.16666666666666666,5,5,CATGCGTGCTGACCTCACAG,0,4771424
ygeX_predicted,0.16666666666666666,5,5,CATCTGAAGGCATGGTCAGG,0,4768551
ygeX_predicted,0.16666666666666666,5,5,CATCGCTGGTGTAGTTCCAA,0,4786333
ygeX_predicted,0.16666666666666666,5,5,CATCCTCGGCCCGATTAGCA,0,4783121
ygeX_predicted,0.16666666666666666,5,5,CATCCCTCTCGCTGGATAAC,0,4782930
ygeX_predicted,0.16666666666666666,5,5,CATATCAAACCATTGGAATA,0,4781744
ygeX_predicted,0.16666666666666666,5,5,CATAGTCGGTAAGTAATGAT,0,4779577
ygeX_predicted,0.16666666666666666,5,5,CATAAGTAGTTAGGCCGTTC,0,4783076
ygeX_predicted,0.16666666666666666,5,5,CATAAGGTTCCTGTCTACAG,0,4776299
ygeX_predicted,0.16666666666666666,5,5,CATAAGGTCTGTGTATCCGT,0,4770538
ygeX_predicted,0.16666666666666666,5,5,CAGTTGACTGAGTTATGTTT,0,4777139
ygeX_predicted,0.16666666666666666,5,5,CAGTGCTTTCACCACATCTC,0,4772411
ygeX_predicted,0.16666666666666666,5,5,CAGGCCGGAGGCGTTAAAAT,0,4780560
ygeX_predicted,0.16666666666666666,5,5,CAGCTAGCACCTGGAGTGCT,0,4778825
ygeX_predicted,0.16666666666666666,5,5,CAGCCTCCAAGCTACGCTAA,0,4788994
ygeX_predicted,0.16666666666666666,5,5,CAGCACTTTCGAGAAACCTA,0,4786999
ygeX_predicted,0.16666666666666666,5,5,CAGCACAGAGCGGCTGAAGT,0,4787276
ygeX_predicted,0.16666666666666666,5,5,CAGAGGGCTATAGGTATTAT,0,4792553
ygeX_predicted,0.16666666666666666,5,5,CAGAGGGATACCCTTGCACG,0,4774078
ygeX_predicted,0.16666666666666666,5,5,CAGAATTACATTCGCACTGG,0,4774814
ygeX_predicted,0.16666666666666666,5,5,CACTTTAAACGTCACGCCGT,0,4783779
ygeX_predicted,0.16666666666666666,5,5,CACTGTTAAGGTGCCCTTGG,0,4784567
ygeX_predicted,0.16666666666666666,5,5,CACTCAGCCTGAACACGAGG,0,4789491
ygeX_predicted,0.16666666666666666,5,5,CACTATAGGGATCCGTTTAA,0,4772017
ygeX_predicted,0.16666666666666666,5,5,CACGCACGGCCTAGAAACGC,0,4785170
ygeX_predicted,0.16666666666666666,5,5,CACGCAACCAAGCAAGAAGC,0,4775211
ygeX_predicted,0.16666666666666666,5,5,CACCGGGTTGAGGGGTAATC,0,4785845
ygeX_predicted,0.16666666666666666,5,5,CACCGCTCGTGGCCATACGG,0,4793956
ygeX_predicted,0.16666666666666666,5,5,CACATGCCGTCGCAAAGCTG,0,4775433
ygeX_predicted,0.16666666666666666,5,5,CACAGAGCCTGGGTCATGAT,0,4774820
ygeX_predicted,0.16666666666666666,5,5,CACACTTCCCGTGGCTAGGC,0,4766715
ygeX_predicted,0.16666666666666666,5,5,CACACACTAATGCCACTGAC,0,4768002
ygeX_predicted,0.16666666666666666,5,5,CAATCTAAACGAATACGAAC,0,4780196
ygeX_predicted,0.16666666666666666,5,5,CAATAGTGGTACGGAACAGT,0,4782512
ygeX_predicted,0.16666666666666666,5,5,CAATAAAAGGCGTCTATAGG,0,4793765
ygeX_predicted,0.16666666666666666,5,5,CAAGATTTGATTGTGTACGC,0,4770469
ygeX_predicted,0.16666666666666666,5,5,CAAGAACATCCCTGTACGAT,0,4785718
ygeX_predicted,0.16666666666666666,5,5,CAACTATTATGGTTAGTATC,0,4784385
ygeX_predicted,0.16666666666666666,5,5,CAAAGCGGCGATAGACAGGT,0,4776354
ygeX_predicted,0.16666666666666666,5,5,CAAAATAGGTTCAGACATTC,0,4790505
ygeX_predicted,0.16666666666666666,5,5,CAAAACTCCTAGGATCCGGC,0,4773858
ygeX_predicted,0.16666666666666666,5,5,ATTTTGTTTACACAGTGACT,0,4783470
ygeX_predicted,0.16666666666666666,5,5,ATTTGAGGAATATAGATGGG,0,4790181
ygeX_predicted,0.16666666666666666,5,5,ATTCGCGTGTGCGTACTGTA,0,4790481
ygeX_predicted,0.16666666666666666,5,5,ATTAGCATGGTTAATCAATT,0,4768993
ygeX_predicted,0.16666666666666666,5,5,ATTAACGAAGAATTTCAATA,0,4789213
ygeX_predicted,0.16666666666666666,5,5,ATGTTCTCCACTGAAACAAA,0,4770401
ygeX_predicted,0.16666666666666666,5,5,ATGTGTGCTTGAGGGATAGG,0,4789163
ygeX_predicted,0.16666666666666666,5,5,ATGTGAGCTTCGTAGGGTTT,0,4785232
ygeX_predicted,0.16666666666666666,5,5,ATGTCTAAGGACAAGCGCAT,0,4787447
ygeX_predicted,0.16666666666666666,5,5,ATGTCGTAGTCTCGCTCACA,0,4770022
ygeX_predicted,0.16666666666666666,5,5,ATGGGCTATCTTGAAGACTG,0,4788448
ygeX_predicted,0.16666666666666666,5,5,ATGGGAGGACTTTTCTTGGT,0,4780815
ygeX_predicted,0.16666666666666666,5,5,ATGGAAGGAGTGCTGTGTAA,0,4783814
ygeX_predicted,0.16666666666666666,5,5,ATGGAAGCGCGCGCTAAGCA,0,4768079
ygeX_predicted,0.16666666666666666,5,5,ATGCGTGGCGAGGTGATGTT,0,4767786
ygeX_predicted,0.16666666666666666,5,5,ATGCCTTTCGAAAAGTTCGT,0,4775338
ygeX_predicted,0.16666666666666666,5,5,ATGCCTCATACGTGGGCTAT,0,4770236
ygeX_predicted,0.16666666666666666,5,5,ATGCCCGTTCGGGAGCACGC,0,4794417
ygeX_predicted,0.16666666666666666,5,5,ATGCCATAGCAAATTTACTC,0,4770026
ygeX_predicted,0.16666666666666666,5,5,ATGAGCAGAGATCTGGTCGG,0,4785761
ygeX_predicted,0.16666666666666666,5,5,ATGACTTGTTGTGTCCTAGG,0,4781214
ygeX_predicted,0.16666666666666666,5,5,ATCTGGTCTCAGTCTGAATC,0,4776823
ygeX_predicted,0.16666666666666666,5,5,ATCTGCCCCAGGCTCCCCAG,0,4785580
ygeX_predicted,0.16666666666666666,5,5,ATCGTTGGTGTGACTAATCA,0,4794223
ygeX_predicted,0.16666666666666666,5,5,ATCGTGGCTCCGGTTCACGT,0,4774780
ygeX_predicted,0.16666666666666666,5,5,ATCGGGTTCCATGAGAGTTT,0,4788026
ygeX_predicted,0.16666666666666666,5,5,ATCGCTACGTATATCCTCGA,0,4771074
ygeX_predicted,0.16666666666666666,5,5,ATCGCCGGGATAAGCCTTGA,0,4776702
ygeX_predicted,0.16666666666666666,5,5,ATCGAAGTGAAGGTCTTTGA,0,4781925
ygeX_predicted,0.16666666666666666,5,5,ATCGAACTGGGCTTCACTCT,0,4792875
ygeX_predicted,0.16666666666666666,5,5,ATCCTACTTGTGATGACGCG,0,4780734
ygeX_predicted,0.16666666666666666,5,5,ATCCTACGTACGAGAACACT,0,4783479
ygeX_predicted,0.16666666666666666,5,5,ATCCGCAGGAAGGGGTTAAA,0,4781158
ygeX_predicted,0.16666666666666666,5,5,ATCCATAGCTGTACAGCGAC,0,4786418
ygeX_predicted,0.16666666666666666,5,5,ATCATGATGCATCAGGGCTA,0,4793359
ygeX_predicted,0.16666666666666666,5,5,ATCAGGTAAGACCGGATTTT,0,4769771
ygeX_predicted,0.16666666666666666,5,5,ATCAGGGTAAAAACTTCCTT,0,4786536
ygeX_predicted,0.16666666666666666,5,5,ATCAGCAAGAGCCCGTCAGT,0,4767844
ygeX_predicted,0.16666666666666666,5,5,ATCAGACATTTCATGATAGC,0,4775593
ygeX_predicted,0.16666666666666666,5,5,ATCAATTTGGAGTCAGAACC,0,4775276
ygeX_predicted,0.16666666666666666,5,5,ATATGATTTCTACGCGCCAT,0,4786055
ygeX_predicted,0.16666666666666666,5,5,ATATCCGTTATAGCTTAGTA,0,4768341
ygeX_predicted,0.16666666666666666,5,5,ATAGTACGAGTCTTACGTCT,0,4769310
ygeX_predicted,0.16666666666666666,5,5,ATAGGGCGATTGGGGTAAGC,0,4783827
ygeX_predicted,0.16666666666666666,5,5,ATAATTTAAGTAGCAGGCAT,0,4774444
ygeX_predicted,0.16666666666666666,5,5,ATAACCCGACCCGACAGCAA,0,4790914
ygeX_predicted,0.16666666666666666,5,5,ATAAAGAGTTGTAACTTAGC,0,4774677
ygeX_predicted,0.16666666666666666,5,5,AGTTGCCAAAGAGACGTCCC,0,4788059
ygeX_predicted,0.16666666666666666,5,5,AGTTCTGCGGGTTATTTTAT,0,4786508
ygeX_predicted,0.16666666666666666,5,5,AGTGTGCTCGTCCTTAACTA,0,4772360
ygeX_predicted,0.16666666666666666,5,5,AGTGTCGGTCCTTATCTCGT,0,4786134
ygeX_predicted,0.16666666666666666,5,5,AGTGGGCACCACAGACCCCG,0,4770497
ygeX_predicted,0.16666666666666666,5,5,AGTGCGGCATTGTCGTAGAC,0,4790918
ygeX_predicted,0.16666666666666666,5,5,AGTGACTGTGGGCAACCCCG,0,4790218
ygeX_predicted,0.16666666666666666,5,5,AGTCTGTTGTGAGGTATGGG,0,4790104
ygeX_predicted,0.16666666666666666,5,5,AGTCTGTGAAGACCCAGGAT,0,4789744
ygeX_predicted,0.16666666666666666,5,5,AGTCTAGATCAGGTTCAGAT,0,4773464
ygeX_predicted,0.16666666666666666,5,5,AGTCGTCTCGAAGTAAAGGT,0,4769503
ygeX_predicted,0.16666666666666666,5,5,AGTCGAAAGGGAGATAGGGG,0,4775415
ygeX_predicted,0.16666666666666666,5,5,AGTCCTGCTCTCAAGGTACG,0,4770433
ygeX_predicted,0.16666666666666666,5,5,AGTAGATGGTAATACCATAG,0,4783367
ygeX_predicted,0.16666666666666666,5,5,AGGTTCTCTAAGGTAGGTTG,0,4771377
ygeX_predicted,0.16666666666666666,5,5,AGGTGGGTGTCACTCCTCAC,0,4786680
ygeX_predicted,0.16666666666666666,5,5,AGGTGCCCTCCTTATTCGTG,0,4774243
ygeX_predicted,0.16666666666666666,5,5,AGGTCTATGGCTATTTAACC,0,4778252
ygeX_predicted,0.16666666666666666,5,5,AGGTACCCGAATAGATCGTG,0,4773568
ygeX_predicted,0.16666666666666666,5,5,AGGGCAGTTAGGGTGTAACT,0,4774389
ygeX_predicted,0.16666666666666666,5,5,AGGCTTTTATTTTAAACTTC,0,4787908
ygeX_predicted,0.16666666666666666,5,5,AGGCTTAGGCCTAGCGTCAT,0,4779568
ygeX_predicted,0.16666666666666666,5,5,AGGCTATCTTAATCGAATTT,0,4773676
ygeX_predicted,0.16666666666666666,5,5,AGGCCTGCGGCAAGGGGATC,0,4791274
ygeX_predicted,0.16666666666666666,5,5,AGGCCCCAACGCAGGTAATC,0,4792423
ygeX_predicted,0.16666666666666666,5,5,AGGCACCCCGGGGCATAAGC,0,4778338
ygeX_predicted,0.16666666666666666,5,5,AGGATCGGATATTCAATACT,0,4784220
ygeX_predicted,0.16666666666666666,5,5,AGGACAACGTTTCCGTTCTT,0,4782033
ygeX_predicted,0.16666666666666666,5,5,AGCTGACCTAAAGGGTTGCA,0,4780205
ygeX_predicted,0.16666666666666666,5,5,AGCGCAAAGTTCAGTGATTT,0,4771591
ygeX_predicted,0.16666666666666666,5,5,AGCCTCTGGTTGATGGGGAG,0,4790036
ygeX_predicted,0.16666666666666666,5,5,AGCATTATATAGGTGAAAAT,0,4787696
ygeX_predicted,0.16666666666666666,5,5,AGCAGTACGTGTTGGTGGAG,0,4772291
ygeX_predicted,0.16666666666666666,5,5,AGCAGCGGCCAGTTGTACGT,0,4792714
ygeX_predicted,0.16666666666666666,5,5,AGCAGATTTGGACGGTGGGT,0,4767280
ygeX_predicted,0.16666666666666666,5,5,AGCAAGCAGGTGCAATAAGG,0,4792014
ygeX_predicted,0.16666666666666666,5,5,AGATTATGATGGGTTGGTCA,0,4780086
ygeX_predicted,0.16666666666666666,5,5,AGATCGTTGTATCCACCAAA,0,4773533
ygeX_predicted,0.16666666666666666,5,5,AGATCAGCCCAGGGGTCCAC,0,4785740
ygeX_predicted,0.16666666666666666,5,5,AGAGGCGGATCTTCTGAACT,0,4773164
ygeX_predicted,0.16666666666666666,5,5,AGAGCGTCCTAACGCGTACA,0,4793624
ygeX_predicted,0.16666666666666666,5,5,AGAGCGGGTCATTGGGCTAT,0,4775137
ygeX_predicted,0.16666666666666666,5,5,AGACGTAGTTGTTCTTTTAC,0,4773327
ygeX_predicted,0.16666666666666666,5,5,AGACATGGGGAGCGCAGCCC,0,4790367
ygeX_predicted,0.16666666666666666,5,5,AGACATAAGACCTTCCGCCG,0,4775375
ygeX_predicted,0.16666666666666666,5,5,AGAAGGTCCGGAATTAATTT,0,4790401
ygeX_predicted,0.16666666666666666,5,5,AGAAACTCATGTCATAGGCG,0,4785965
ygeX_predicted,0.16666666666666666,5,5,ACTTTTGTGGACGTCTCTCG,0,4778177
ygeX_predicted,0.16666666666666666,5,5,ACTTTTACCTAGGGCTCTAG,0,4773642
ygeX_predicted,0.16666666666666666,5,5,ACTTTGTTTGTAGTCCGCGT,0,4789157
ygeX_predicted,0.16666666666666666,5,5,ACTTGTAAGGTTGCTCAACA,0,4772825
ygeX_predicted,0.16666666666666666,5,5,ACTTGCGCCATGGGTTCGCC,0,4785230
ygeX_predicted,0.16666666666666666,5,5,ACTTACACAGCTAATAATAC,0,4786719
ygeX_predicted,0.16666666666666666,5,5,ACTGTCTGGACTGAATCTGT,0,4782596
ygeX_predicted,0.16666666666666666,5,5,ACTGTCGTCTATCTGGTACA,0,4779377
ygeX_predicted,0.16666666666666666,5,5,ACTGAGGTAGCACGGTGAGC,0,4792424
ygeX_predicted,0.16666666666666666,5,5,ACTCTTTTCGTTGCTAGCGG,0,4784857
ygeX_predicted,0.16666666666666666,5,5,ACTCCGTGGCGACCGAGACT,0,4793733
ygeX_predicted,0.16666666666666666,5,5,ACTCCAGAAATATATTAGGC,0,4767816
ygeX_predicted,0.16666666666666666,5,5,ACTCAGGGGGTGCACGATCT,0,4768160
ygeX_predicted,0.16666666666666666,5,5,ACTATGAGACGGGCCTCCGC,0,4780225
ygeX_predicted,0.16666666666666666,5,5,ACTAACTCATAGTCCTCGTC,0,4773997
ygeX_predicted,0.16666666666666666,5,5,ACTAAACATGAGCCAGGTGT,0,4791309
ygeX_predicted,0.16666666666666666,5,5,ACGTGCTGGAGTTAAGTCGT,0,4767469
ygeX_predicted,0.16666666666666666,5,5,ACGGCCGACCGGGCAGACTC,0,4777579
ygeX_predicted,0.16666666666666666,5,5,ACGGCAGGTTAGGCGTCTTC,0,4793047
ygeX_predicted,0.16666666666666666,5,5,ACGGAATAATTCGTCAACTT,0,4770981
ygeX_predicted,0.16666666666666666,5,5,ACGGAACCTCGCATAGCCCT,0,4792156
ygeX_predicted,0.16666666666666666,5,5,ACGGAAAGCGGGCCAGTCGC,0,4770877
ygeX_predicted,0.16666666666666666,5,5,ACGCTATAAAACGCATAGTA,0,4777671
ygeX_predicted,0.16666666666666666,5,5,ACGCGGTACCAATACCCCTC,0,4780880
ygeX_predicted,0.16666666666666666,5,5,ACGCGCGCATGGACCATAGT,0,4781312
ygeX_predicted,0.16666666666666666,5,5,ACGAGATTGCCACACACGAG,0,4772632
ygeX_predicted,0.16666666666666666,5,5,ACGAATAATCTAACTATCTA,0,4786253
ygeX_predicted,0.16666666666666666,5,5,ACCTTCTCGGAGGTCCAATG,0,4774895
ygeX_predicted,0.16666666666666666,5,5,ACCTCTCGTTAGCCTTTTAG,0,4773922
ygeX_predicted,0.16666666666666666,5,5,ACCGTAGTCTACGCAAGGTC,0,4787110
ygeX_predicted,0.16666666666666666,5,5,ACCGCCACGGGATTACTGGG,0,4774594
ygeX_predicted,0.16666666666666666,5,5,ACCGAGAAAACGGCCAGTGT,0,4767456
ygeX_predicted,0.16666666666666666,5,5,ACCCGGGGACGCACCGCCCC,0,4790471
ygeX_predicted,0.16666666666666666,5,5,ACCCGAATGGCTCAACGCCT,0,4777471
ygeX_predicted,0.16666666666666666,5,5,ACCCACGCCGATATTTAATC,0,4790081
ygeX_predicted,0.16666666666666666,5,5,ACCCACCGGAGTGCACACTG,0,4788480
ygeX_predicted,0.16666666666666666,5,5,ACCACCTTTAAAATCAGTGC,0,4778576
ygeX_predicted,0.16666666666666666,5,5,ACCAACCGTATACGGCGAGA,0,4788381
ygeX_predicted,0.16666666666666666,5,5,ACATGGGTTCGTTTGCCCAT,0,4792449
ygeX_predicted,0.16666666666666666,5,5,ACATATTTATACTATTGCAT,0,4786223
ygeX_predicted,0.16666666666666666,5,5,ACAGTATACCTAGATGGATA,0,4771321
ygeX_predicted,0.16666666666666666,5,5,ACAGAACGTGGGAGTAAAAA,0,4790322
ygeX_predicted,0.16666666666666666,5,5,ACAGAAAATCCACATTCTGG,0,4791733
ygeX_predicted,0.16666666666666666,5,5,ACACGTTTCAATCCCTTATT,0,4783016
ygeX_predicted,0.16666666666666666,5,5,ACACGCCTTGAGTCTTCAAT,0,4767189
ygeX_predicted,0.16666666666666666,5,5,ACACGCCCTGAGCGCACTCC,0,4791502
ygeX_predicted,0.16666666666666666,5,5,ACACCGCACGTTGGAATATC,0,4770219
ygeX_predicted,0.16666666666666666,5,5,ACACCAACCTAATCGCTGAC,0,4775209
ygeX_predicted,0.16666666666666666,5,5,ACACAGTCCAGCACAGAAGC,0,4776153
ygeX_predicted,0.16666666666666666,5,5,AATTTACTGATGTGCCGGAA,0,4776118
ygeX_predicted,0.16666666666666666,5,5,AATTGGGCCCGATCGGACCT,0,4786260
ygeX_predicted,0.16666666666666666,5,5,AATTCAAGGTATATTTGTCA,0,4784242
ygeX_predicted,0.16666666666666666,5,5,AATTATGGAGGCCTTTGGCC,0,4772492
ygeX_predicted,0.16666666666666666,5,5,AATTATGACCCCCGCAAGGG,0,4787461
ygeX_predicted,0.16666666666666666,5,5,AATTATCTTCGCTGTGATCA,0,4782585
ygeX_predicted,0.16666666666666666,5,5,AATTAAGTGCCACAGATGGA,0,4772841
ygeX_predicted,0.16666666666666666,5,5,AATTAACCCTTTTGCGGTTC,0,4791235
ygeX_predicted,0.16666666666666666,5,5,AATCGGACCGGTACTAACTA,0,4776054
ygeX_predicted,0.16666666666666666,5,5,AATCCGGCTGCACACTTGAA,0,4790400
ygeX_predicted,0.16666666666666666,5,5,AATCCATCCTTCGTATTCTT,0,4781881
ygeX_predicted,0.16666666666666666,5,5,AATACATCGGCTCGCTGTGA,0,4766765
ygeX_predicted,0.16666666666666666,5,5,AATAAAGTATGAGGGACTCC,0,4779074
ygeX_predicted,0.16666666666666666,5,5,AAGTTTCCTCGTTGTGCTTT,0,4778803
ygeX_predicted,0.16666666666666666,5,5,AAGTGTAAGCCGGGGTCAAA,0,4792851
ygeX_predicted,0.16666666666666666,5,5,AAGTGATGGGGATCGCGCTA,0,4775222
ygeX_predicted,0.16666666666666666,5,5,AAGGGGTGGTTCGCCATGAA,0,4786940
ygeX_predicted,0.16666666666666666,5,5,AAGCGCGCTACACACGACGT,0,4769650
ygeX_predicted,0.16666666666666666,5,5,AAGCCTATTTAAGTGAGCGA,0,4774745
ygeX_predicted,0.16666666666666666,5,5,AAGCCCGTATCCCGAGCGAA,0,4789241
ygeX_predicted,0.16666666666666666,5,5,AAGCAACGGTCGGAAGGGGT,0,4794419
ygeX_predicted,0.16666666666666666,5,5,AAGATTCCCTGCGTGCTGGC,0,4782994
ygeX_predicted,0.16666666666666666,5,5,AAGAGAATAATAAGGTTTAC,0,4783251
ygeX_predicted,0.16666666666666666,5,5,AAGACTCTGGAAGGTTATTT,0,4792346
ygeX_predicted,0.16666666666666666,5,5,AAGAAAGTGACCACAATGTA,0,4771953
ygeX_predicted,0.16666666666666666,5,5,AACGTCTGCTCGTTTCTAGT,0,4785019
ygeX_predicted,0.16666666666666666,5,5,AACGTAAAACATCGCTCCGG,0,4775757
ygeX_predicted,0.16666666666666666,5,5,AACGGCCTCTCGTTCGATTG,0,4793766
ygeX_predicted,0.16666666666666666,5,5,AACCTGACGGGCTGCCAAAA,0,4782884
ygeX_predicted,0.16666666666666666,5,5,AACCTCGCGCGTCAGGCGCA,0,4776292
ygeX_predicted,0.16666666666666666,5,5,AACCCTAAGGGCACGGCTCG,0,4785295
ygeX_predicted,0.16666666666666666,5,5,AACCAGCATTTTGAATTCCC,0,4771471
ygeX_predicted,0.16666666666666666,5,5,AACAGTGCCGGCCTTTGAAA,0,4780398
ygeX_predicted,0.16666666666666666,5,5,AACAGTCCGTTACTTCTTAA,0,4782259
ygeX_predicted,0.16666666666666666,5,5,AAATTTGTTTAGCCTGCCTG,0,4786014
ygeX_predicted,0.16666666666666666,5,5,AAATTGGATGTCGTTCCTAA,0,4769212
ygeX_predicted,0.16666666666666666,5,5,AAATTACGAATGTTATACTG,0,4769366
ygeX_predicted,0.16666666666666666,5,5,AAATGTTAGATGGTGCATCC,0,4770864
ygeX_predicted,0.16666666666666666,5,5,AAATGTAACCGTTATCCCTC,0,4785282
ygeX_predicted,0.16666666666666666,5,5,AAAGTCCGGCAGCTCAATAC,0,4768082
ygeX_predicted,0.16666666666666666,5,5,AAAGCCAGGTCAATAGATCA,0,4791921
ygeX_predicted,0.16666666666666666,5,5,AAACGGACCGTGGCTCATAC,0,4791798
ygeX_predicted,0.16666666666666666,5,5,AAACCTGATCCAATGTGCAT,0,4768350
ygeX_predicted,0.16666666666666666,5,5,AAACCAGCATTATATCCACC,0,4784361
ygeX_predicted,0.16666666666666666,5,5,AAAAGCTTGCGGAGATCATT,0,4787765
ygeX_predicted,0.16666666666666666,5,5,AAAAGAGATCGGACGACTTA,0,4773531
ygeX_predicted,0.16666666666666666,5,5,AAAACTTCTCGTCCGGGGAA,0,4768628
ygeX_predicted,0.2,4,4,TTTTTTCGTATTGTCGATGA,0,4778000
ygeX_predicted,0.2,4,4,TTTTTGCGCCAGGAGGAAAG,0,4786283
ygeX_predicted,0.2,4,4,TTTTTATCGGGCACACGGAC,0,4779940
ygeX_predicted,0.2,4,4,TTTTTAAGCACGCGTCCGGC,0,4789114
ygeX_predicted,0.2,4,4,TTTTGTAGAGTTGGCGTCAC,0,4784433
ygeX_predicted,0.2,4,4,TTTTCTAACCGACCCAGCCA,0,4779698
ygeX_predicted,0.2,4,4,TTTTCAGTTTTGAGCAAACA,0,4787344
ygeX_predicted,0.2,4,4,TTTGTGAGATTATCCTATTA,0,4767048
ygeX_predicted,0.2,4,4,TTTCTGTTCGGAGAAAGTCA,0,4771011
ygeX_predicted,0.2,4,4,TTTCCAACGCTACGCCGTGT,0,4787192
ygeX_predicted,0.2,4,4,TTTAGGGCCTCGGAGGCTTG,0,4776830
ygeX_predicted,0.2,4,4,TTTAGCCTTCGACGTACACG,0,4775194
ygeX_predicted,0.2,4,4,TTTAGCCACTACCTCCGTCT,0,4777352
ygeX_predicted,0.2,4,4,TTTAGAACGAGCTCGCAGGT,0,4786797
ygeX_predicted,0.2,4,4,TTGTTTTTTGCGTAAACGGG,0,4785481
ygeX_predicted,0.2,4,4,TTGTTGCGCTTCGTAACAAC,0,4785941
ygeX_predicted,0.2,4,4,TTGTAGCGATGGGCTCCGCA,0,4767821
ygeX_predicted,0.2,4,4,TTGGTAAAGGGTTTAGGCCA,0,4770652
ygeX_predicted,0.2,4,4,TTGGCTACTAGCTGGTGTGT,0,4771679
ygeX_predicted,0.2,4,4,TTGGCACACGATACGGCGGC,0,4787420
ygeX_predicted,0.2,4,4,TTGCGTGAGAATGGTGCCTC,0,4784394
ygeX_predicted,0.2,4,4,TTGCATGTATTCCAAAGTCT,0,4771217
ygeX_predicted,0.2,4,4,TTGACGTATGCGCAAACTCG,0,4777132
ygeX_predicted,0.2,4,4,TTGACCGTGACGAACTCTAA,0,4792710
ygeX_predicted,0.2,4,4,TTGAAACAGCGCGCCTACCT,0,4792787
ygeX_predicted,0.2,4,4,TTCTTGGCATTCGTCACTAA,0,4773503
ygeX_predicted,0.2,4,4,TTCTTATGCTCCTGGGCCCT,0,4770023
ygeX_predicted,0.2,4,4,TTCTCCACGCTAACTTGTTA,0,4786633
ygeX_predicted,0.2,4,4,TTCTAATGACCGCAATCACA,0,4788409
ygeX_predicted,0.2,4,4,TTCGCGGCGGACAAGCACGC,0,4783120
ygeX_predicted,0.2,4,4,TTCCATACGAGTGCATGCGC,0,4778832
ygeX_predicted,0.2,4,4,TTCCACTTGCCAGTACTACA,0,4770893
ygeX_predicted,0.2,4,4,TTCCACTCACTTTAGCTATC,0,4778247
ygeX_predicted,0.2,4,4,TTCCAAGGCTGAAGCAGCAT,0,4772770
ygeX_predicted,0.2,4,4,TTCATGCAGGACCAGTGGGC,0,4787621
ygeX_predicted,0.2,4,4,TTATGGGACTCGTCTTCCTA,0,4788855
ygeX_predicted,0.2,4,4,TTATCGTTGGGGCGCAAACA,0,4780610
ygeX_predicted,0.2,4,4,TTAGTCCCCAAGGCGATTAA,0,4774475
ygeX_predicted,0.2,4,4,TTAGGTTTACTGCTACCGAG,0,4772589
ygeX_predicted,0.2,4,4,TTAGGCTCCTATTTAGCCAC,0,4787641
ygeX_predicted,0.2,4,4,TTACGGGAAGTTCCCATAAA,0,4767486
ygeX_predicted,0.2,4,4,TTAATTTTATGCGAAGACAG,0,4778210
ygeX_predicted,0.2,4,4,TTAATGTTAAGCTGGGTTGA,0,4780642
ygeX_predicted,0.2,4,4,TGTTGGATCATCGATATTTG,0,4779395
ygeX_predicted,0.2,4,4,TGTGTCGGTCCGTAACCAGA,0,4785836
ygeX_predicted,0.2,4,4,TGTGGGCTCAAAGCCCGTCT,0,4769703
ygeX_predicted,0.2,4,4,TGTGATTAATCAAGAGCCAG,0,4784866
ygeX_predicted,0.2,4,4,TGTGAAGCCATATATGGGCG,0,4780526
ygeX_predicted,0.2,4,4,TGTCTTCAGCGCTTGGAGGT,0,4783480
ygeX_predicted,0.2,4,4,TGTCTACGGTGTAGTGTTAT,0,4783538
ygeX_predicted,0.2,4,4,TGTCACGTTATCAAGGTTGA,0,4784545
ygeX_predicted,0.2,4,4,TGTCACGTGGACGGAATGCC,0,4782583
ygeX_predicted,0.2,4,4,TGTAGTCGGAGAGTGTTCGC,0,4771247
ygeX_predicted,0.2,4,4,TGTACGGCTGGACTTACCCC,0,4778099
ygeX_predicted,0.2,4,4,TGGTGGCCAGGCCAACGGCT,0,4773913
ygeX_predicted,0.2,4,4,TGGTGAAAAGCCCCATTCGC,0,4775709
ygeX_predicted,0.2,4,4,TGGGTTTAGCTAGCGAAGAT,0,4788003
ygeX_predicted,0.2,4,4,TGGGCACGAAGGTCGCACAG,0,4766854
ygeX_predicted,0.2,4,4,TGGCGTTGTGACTAAACTCG,0,4788943
ygeX_predicted,0.2,4,4,TGGCGGCGGCACAGTCGTTC,0,4790633
ygeX_predicted,0.2,4,4,TGGCCCTTGGAACTCTGGCC,0,4778487
ygeX_predicted,0.2,4,4,TGGCCCTGTTCCGGAATAAG,0,4774577
ygeX_predicted,0.2,4,4,TGGCATACACTACAAACATC,0,4768599
ygeX_predicted,0.2,4,4,TGGATTCATTCCGTAGATAG,0,4770720
ygeX_predicted,0.2,4,4,TGGATCCTGGCTAGGTGAAA,0,4776910
ygeX_predicted,0.2,4,4,TGGAGTGCGTTAGGGTCAGA,0,4768206
ygeX_predicted,0.2,4,4,TGGACTGTATTCAATCCTCA,0,4772564
ygeX_predicted,0.2,4,4,TGCTGGGCAGACGGCACTTT,0,4777848
ygeX_predicted,0.2,4,4,TGCGTCTCGATTCATTCGGG,0,4767620
ygeX_predicted,0.2,4,4,TGCCGGAATTCCTCAAGCCG,0,4785199
ygeX_predicted,0.2,4,4,TGCCAGATCGCACATATCAT,0,4782306
ygeX_predicted,0.2,4,4,TGCATAGGTGCTAATTAGTG,0,4770065
ygeX_predicted,0.2,4,4,TGCACGACTTACCCCTGCAG,0,4775592
ygeX_predicted,0.2,4,4,TGCAACGGGATACCCGATAT,0,4773005
ygeX_predicted,0.2,4,4,TGATTCGTTAAGGTGCGTCG,0,4791756
ygeX_predicted,0.2,4,4,TGAGCTCAGCTGCGCCAAGC,0,4778533
ygeX_predicted,0.2,4,4,TGAGAACCCGTCGTAGCCAT,0,4770204
ygeX_predicted,0.2,4,4,TGACGTAGTATAGGGATTGG,0,4788738
ygeX_predicted,0.2,4,4,TGAACTAAATGTAATCCGTG,0,4772595
ygeX_predicted,0.2,4,4,TCTGTCCATCACAACTGGAG,0,4778185
ygeX_predicted,0.2,4,4,TCTGCGGTCTCCATGTGAAT,0,4781699
ygeX_predicted,0.2,4,4,TCTGCATAGACCCCAGTTAG,0,4781394
ygeX_predicted,0.2,4,4,TCTCGCCGCGCGTGGATTTA,0,4788290
ygeX_predicted,0.2,4,4,TCTCAAACTGGAGAATAGCA,0,4768637
ygeX_predicted,0.2,4,4,TCTATTTCGATCACACCTTG,0,4793412
ygeX_predicted,0.2,4,4,TCGTTGTACTTCAGGTGTGA,0,4787498
ygeX_predicted,0.2,4,4,TCGTCCTCAGACGGTTGTTT,0,4771402
ygeX_predicted,0.2,4,4,TCGTCCCCGCGCAGGACCGT,0,4775365
ygeX_predicted,0.2,4,4,TCGGGATGGTCAATATGGGG,0,4780935
ygeX_predicted,0.2,4,4,TCGGAATGCACAGGTTTTTA,0,4783906
ygeX_predicted,0.2,4,4,TCGCCTTTTCTGCAGGCAGC,0,4768584
ygeX_predicted,0.2,4,4,TCGCCAGGCACACTCAGATC,0,4770684
ygeX_predicted,0.2,4,4,TCGATTCTCTCTTTCTTCCG,0,4768561
ygeX_predicted,0.2,4,4,TCCTTCTCAACAAAACGAGT,0,4785503
ygeX_predicted,0.2,4,4,TCCTGGCACTTAGTTCCATT,0,4785000
ygeX_predicted,0.2,4,4,TCCTGGAAACCGCCGAAATC,0,4788647
ygeX_predicted,0.2,4,4,TCCTGACCGAAGGATGGTGA,0,4776914
ygeX_predicted,0.2,4,4,TCCGTGCCGCCGGATAGCAA,0,4781200
ygeX_predicted,0.2,4,4,TCCGGCAACTGAGTTACTTG,0,4789731
ygeX_predicted,0.2,4,4,TCCGGATAGGGTGGGACTAC,0,4781483
ygeX_predicted,0.2,4,4,TCCGCGTGGGGGTACCTTAT,0,4784836
ygeX_predicted,0.2,4,4,TCCGCACTTAATCGCCGGGA,0,4780281
ygeX_predicted,0.2,4,4,TCCGATACTCGAGCATCGCG,0,4786704
ygeX_predicted,0.2,4,4,TCCGACCAAGATGGCTAAGG,0,4787081
ygeX_predicted,0.2,4,4,TCCCTAGATAGCTATCACCA,0,4779791
ygeX_predicted,0.2,4,4,TCCCGCCAAAAGAAGGCGTA,0,4770397
ygeX_predicted,0.2,4,4,TCCCAGCATTTGAGAGCCGG,0,4769241
ygeX_predicted,0.2,4,4,TCCAGGCTCCAGTTATCGCG,0,4778206
ygeX_predicted,0.2,4,4,TCCAGAGGTGTAGCGACCAG,0,4779483
ygeX_predicted,0.2,4,4,TCCACCTCTATGTGGACCTA,0,4786862
ygeX_predicted,0.2,4,4,TCCAATTATACAGGTTTTAT,0,4779184
ygeX_predicted,0.2,4,4,TCATCTTATCGACATTGTTC,0,4776737
ygeX_predicted,0.2,4,4,TCAGCCGGCGATTGAGAGCC,0,4790739
ygeX_predicted,0.2,4,4,TCACTGTGACAATTCGTATA,0,4770655
ygeX_predicted,0.2,4,4,TCACTGATAAACATAACCGA,0,4770550
ygeX_predicted,0.2,4,4,TCACGGGTCCGAGTCGTGTT,0,4794216
ygeX_predicted,0.2,4,4,TCAATGGGTAGGACTGATAC,0,4782355
ygeX_predicted,0.2,4,4,TCAACAACCTGTACACGGAC,0,4768183
ygeX_predicted,0.2,4,4,TCAAAGTCGTCAGTTACCCG,0,4772313
ygeX_predicted,0.2,4,4,TCAAAGGGCTTGTATCTGAG,0,4786601
ygeX_predicted,0.2,4,4,TATTGGTTCAGGCACTATAG,0,4770068
ygeX_predicted,0.2,4,4,TATTATGCGAGTGTTGGTTA,0,4789355
ygeX_predicted,0.2,4,4,TATTAGGACTCGTCTCGAGG,0,4778895
ygeX_predicted,0.2,4,4,TATGTCGCTTAGATTACCGT,0,4767279
ygeX_predicted,0.2,4,4,TATGTAAGAGATCGTTGGCC,0,4793409
ygeX_predicted,0.2,4,4,TATGGCGGCTGACGCTACCT,0,4770849
ygeX_predicted,0.2,4,4,TATGCTTTCGGATTTGGAGA,0,4784059
ygeX_predicted,0.2,4,4,TATGCAGAGGGGCGCTTGAT,0,4790765
ygeX_predicted,0.2,4,4,TATCCGTAACAGTATCGTAG,0,4792985
ygeX_predicted,0.2,4,4,TATCAGGCCTCATGTGCGTT,0,4769146
ygeX_predicted,0.2,4,4,TATATCCCTCCTGCTCTTGT,0,4780622
ygeX_predicted,0.2,4,4,TATATAAACCTAAATCACAC,0,4791885
ygeX_predicted,0.2,4,4,TATAGCCCGGGGTAGATTGC,0,4775473
ygeX_predicted,0.2,4,4,TATACTGTGTTTTTCCCAAA,0,4772864
ygeX_predicted,0.2,4,4,TATAACTTGTATAAGTTGTT,0,4794277
ygeX_predicted,0.2,4,4,TAGTCCTAGCAAAAAACCTG,0,4772866
ygeX_predicted,0.2,4,4,TAGGTTCTCAAGAGACACCT,0,4786227
ygeX_predicted,0.2,4,4,TAGGTAGAATGCCCCTGGTT,0,4773292
ygeX_predicted,0.2,4,4,TAGCTTGCTGCATCTGACGG,0,4787806
ygeX_predicted,0.2,4,4,TAGCCTAAGGGACATTAAGT,0,4794064
ygeX_predicted,0.2,4,4,TAGCCGATCGAATCTGGTTC,0,4780828
ygeX_predicted,0.2,4,4,TAGCCCTGGAGATCCAAAAG,0,4783393
ygeX_predicted,0.2,4,4,TACTTATAAGCATCTCGTAT,0,4794436
ygeX_predicted,0.2,4,4,TACTTAGCAGTCAGACTTGT,0,4786613
ygeX_predicted,0.2,4,4,TACGGGCGGTGACGCGCCAA,0,4772046
ygeX_predicted,0.2,4,4,TACCTCGCGATGTGAGCTGG,0,4771876
ygeX_predicted,0.2,4,4,TACCTACCAAGGGAACATCC,0,4790813
ygeX_predicted,0.2,4,4,TACCAATCCCTACTGACTAC,0,4780865
ygeX_predicted,0.2,4,4,TACATCGCCAAGCCTCTCGG,0,4766722
ygeX_predicted,0.2,4,4,TACAGAACGATCGTTCTGGC,0,4771069
ygeX_predicted,0.2,4,4,TAATATACGTGTACAAAAGC,0,4777333
ygeX_predicted,0.2,4,4,TAATAAGGTCACACATCCAG,0,4773436
ygeX_predicted,0.2,4,4,TAACCGATGACAGACTGGAA,0,4788090
ygeX_predicted,0.2,4,4,TAACAGTCAATTAGTTTATG,0,4768733
ygeX_predicted,0.2,4,4,TAACAAAGGGTCAACTTTCA,0,4779597
ygeX_predicted,0.2,4,4,GTTTGATCTAGAGCCAGTAC,0,4784811
ygeX_predicted,0.2,4,4,GTTTATACGTGGAGAAGGAA,0,4788352
ygeX_predicted,0.2,4,4,GTTGTCGGTAACTAAAGGGT,0,4781523
ygeX_predicted,0.2,4,4,GTTGGGGTCATGAGCACCCG,0,4768942
ygeX_predicted,0.2,4,4,GTTGGGCTTAGTAGTGTGGA,0,4777454
ygeX_predicted,0.2,4,4,GTTCTCTGGGGAGTGCCCTA,0,4791244
ygeX_predicted,0.2,4,4,GTTCATCTTATTATTAACCC,0,4785309
ygeX_predicted,0.2,4,4,GTTCATACGGGGTGGACAAG,0,4794090
ygeX_predicted,0.2,4,4,GTTCAGGTAAGTTCTCACAT,0,4768130
ygeX_predicted,0.2,4,4,GTTATCTTCCATTTTGAAAC,0,4783930
ygeX_predicted,0.2,4,4,GTTACTTCGCATGTCCCTTT,0,4778528
ygeX_predicted,0.2,4,4,GTTAATTGGATCTCCGCCGG,0,4784686
ygeX_predicted,0.2,4,4,GTGTGTTTCGAATTCTTCAG,0,4773717
ygeX_predicted,0.2,4,4,GTGTGAGGCAAGTTATACTT,0,4794861
ygeX_predicted,0.2,4,4,GTGGGAATATGGTTTACTAT,0,4788503
ygeX_predicted,0.2,4,4,GTGGATTAGTCAGGTCCACA,0,4769959
ygeX_predicted,0.2,4,4,GTGCTCAGTCGGGGGTCTAG,0,4782995
ygeX_predicted,0.2,4,4,GTGCCCCTAATTGAGTAAGG,0,4775703
ygeX_predicted,0.2,4,4,GTGACATTCTAGGGATCGAT,0,4781565
ygeX_predicted,0.2,4,4,GTGAAGTGGTCGTATGCATG,0,4792832
ygeX_predicted,0.2,4,4,GTCTTCGGATGTTCTGTGGG,0,4784992
ygeX_predicted,0.2,4,4,GTCTCAACCGTACCCAATCT,0,4785271
ygeX_predicted,0.2,4,4,GTCCTTCAATACCAGTGCAA,0,4785050
ygeX_predicted,0.2,4,4,GTCCGGTTTCTAACTCGCCT,0,4770468
ygeX_predicted,0.2,4,4,GTCATGCAGGTGTATGTAAC,0,4778951
ygeX_predicted,0.2,4,4,GTCATATTTTTTAACTAGCG,0,4779785
ygeX_predicted,0.2,4,4,GTCAATATCATGCAAGCTGA,0,4770921
ygeX_predicted,0.2,4,4,GTATTGTTAACTGTACCAAG,0,4781234
ygeX_predicted,0.2,4,4,GTATGGGATCTGCCATAGCG,0,4777012
ygeX_predicted,0.2,4,4,GTATGCGCGTGGGTCATGTA,0,4785815
ygeX_predicted,0.2,4,4,GTAGCCGATTGTGCTCGCTG,0,4787798
ygeX_predicted,0.2,4,4,GTACTAGACAGGCTACCATT,0,4782825
ygeX_predicted,0.2,4,4,GTACGGCCATATATTAATAT,0,4784209
ygeX_predicted,0.2,4,4,GTACCAGCCGTTAGAAACAG,0,4775052
ygeX_predicted,0.2,4,4,GTACACACCAGCGAGCTGTA,0,4774666
ygeX_predicted,0.2,4,4,GTAATGGTGCTACTTCGACG,0,4789132
ygeX_predicted,0.2,4,4,GTAATGCTGAACGGTCAGCT,0,4771312
ygeX_predicted,0.2,4,4,GTAAGGCCGCGTACATTGGT,0,4773709
ygeX_predicted,0.2,4,4,GGTTTTTCGTGGTGAGTTGT,0,4773711
ygeX_predicted,0.2,4,4,GGTTTGGAATATGATGAGCA,0,4793582
ygeX_predicted,0.2,4,4,GGTTGGCGAAGGGATTCAGG,0,4780175
ygeX_predicted,0.2,4,4,GGTTAGATTACTAGGGTAGA,0,4786363
ygeX_predicted,0.2,4,4,GGTTAGAGGGTTTAGATTTA,0,4782748
ygeX_predicted,0.2,4,4,GGTTACCTGACTCGAATAAT,0,4781976
ygeX_predicted,0.2,4,4,GGTTAACGGCCTGCTGCAGG,0,4788034
ygeX_predicted,0.2,4,4,GGTGCAATTGGTGGGATTGT,0,4772256
ygeX_predicted,0.2,4,4,GGTCGAGGCTTACCTAGCTC,0,4785255
ygeX_predicted,0.2,4,4,GGTCAGCTATCTGCACAGCA,0,4787254
ygeX_predicted,0.2,4,4,GGTCACCGTCGGATGGTTAA,0,4785332
ygeX_predicted,0.2,4,4,GGTATTCTGCTAAGGGTGGT,0,4778204
ygeX_predicted,0.2,4,4,GGTATTCGGGGGTAAACAGG,0,4769773
ygeX_predicted,0.2,4,4,GGTATTAGGTTAGCCCATTA,0,4772097
ygeX_predicted,0.2,4,4,GGTATGTCGAAATGTAACTG,0,4783903
ygeX_predicted,0.2,4,4,GGTAGGTTTAGCAGCCATTC,0,4786970
ygeX_predicted,0.2,4,4,GGTAGCTTTCACGATTCTCA,0,4785220
ygeX_predicted,0.2,4,4,GGTAATATTACCGCCGTTGA,0,4781232
ygeX_predicted,0.2,4,4,GGGTTACGTCCGTAACCCAA,0,4783272
ygeX_predicted,0.2,4,4,GGGTGCGGCCCTATATGTCC,0,4768175
ygeX_predicted,0.2,4,4,GGGTCAAATATGTACTCTAG,0,4776502
ygeX_predicted,0.2,4,4,GGGTACGGGTTCTCGTAACC,0,4778657
ygeX_predicted,0.2,4,4,GGGGTTTCTAGGGGGCTTTG,0,4783503
ygeX_predicted,0.2,4,4,GGGATGGGACGTAGCCTCAA,0,4791406
ygeX_predicted,0.2,4,4,GGGATACTGGAGTGCGAGAC,0,4775963
ygeX_predicted,0.2,4,4,GGGAATTCTAGCGGATGCCT,0,4766783
ygeX_predicted,0.2,4,4,GGGAACTATCGTCATCACAA,0,4780478
ygeX_predicted,0.2,4,4,GGCTGATCGCGGACACGTAA,0,4779125
ygeX_predicted,0.2,4,4,GGCTACGGACTGACACCACA,0,4772160
ygeX_predicted,0.2,4,4,GGCGTACCTACCACTAGAAA,0,4782243
ygeX_predicted,0.2,4,4,GGCGGGCCGTGATGTCGTTT,0,4778226
ygeX_predicted,0.2,4,4,GGCGGCACCGGAGACGAATT,0,4774004
ygeX_predicted,0.2,4,4,GGCATTACGCCTTCTTTTGG,0,4792927
ygeX_predicted,0.2,4,4,GGCAACGGACGCATCGGACT,0,4789708
ygeX_predicted,0.2,4,4,GGATTACACTTTTGCATTAG,0,4769059
ygeX_predicted,0.2,4,4,GGATTAACTTCATGTCATCT,0,4792644
ygeX_predicted,0.2,4,4,GGATGGACTATCTGGATCTA,0,4785564
ygeX_predicted,0.2,4,4,GGAGAGGCGTATCTTGCGCT,0,4767201
ygeX_predicted,0.2,4,4,GGAGACGGAGAGGATATTGG,0,4777667
ygeX_predicted,0.2,4,4,GGACTATTCCTCTTTAAGGC,0,4766756
ygeX_predicted,0.2,4,4,GGACGTACAGTAGGGTTTTA,0,4778319
ygeX_predicted,0.2,4,4,GGAATTCGGTCTGTCTGTAT,0,4789586
ygeX_predicted,0.2,4,4,GGAACTAGGGAAACCATTGA,0,4793545
ygeX_predicted,0.2,4,4,GGAAACCAATGGCGACCTTC,0,4785982
ygeX_predicted,0.2,4,4,GCTTGCTCTCCCAAGCCGGG,0,4782115
ygeX_predicted,0.2,4,4,GCTTCGACGAAAGAAAGAGT,0,4780515
ygeX_predicted,0.2,4,4,GCTTAATATACGATTAAAAA,0,4794046
ygeX_predicted,0.2,4,4,GCTGGGGCACGAGAGGATGA,0,4771803
ygeX_predicted,0.2,4,4,GCTGGCTATCTGGACGGGTT,0,4776088
ygeX_predicted,0.2,4,4,GCTGATGCTGCCGTATTACT,0,4790489
ygeX_predicted,0.2,4,4,GCTGAACGGCGAGAAACGTG,0,4772057
ygeX_predicted,0.2,4,4,GCTCTCGTTTCTTTTACTAG,0,4769084
ygeX_predicted,0.2,4,4,GCTCGGGCTCTGCCCAAGAT,0,4788481
ygeX_predicted,0.2,4,4,GCTCGCTGGACCACGCGACC,0,4790870
ygeX_predicted,0.2,4,4,GCTATCCGGGACGATTCTAG,0,4776592
ygeX_predicted,0.2,4,4,GCTAGATTGGAAATAAGACA,0,4784353
ygeX_predicted,0.2,4,4,GCTAAGTCGAGTCTTTATCC,0,4770057
ygeX_predicted,0.2,4,4,GCTAAAAAGGCCTTCGTGGA,0,4772956
ygeX_predicted,0.2,4,4,GCGTTGGTCACGATAAGGTA,0,4790281
ygeX_predicted,0.2,4,4,GCGTGCATTTGGCAACGGCT,0,4773819
ygeX_predicted,0.2,4,4,GCGTCTGTTTATTGCGGCCA,0,4792212
ygeX_predicted,0.2,4,4,GCGTACGATAGAACAATGCT,0,4783463
ygeX_predicted,0.2,4,4,GCGGTTCAAGGGGGCTCCGG,0,4774731
ygeX_predicted,0.2,4,4,GCGGTGTCTGGCGCGACATG,0,4784467
ygeX_predicted,0.2,4,4,GCGGTCATCAGCACGAGGAT,0,4783978
ygeX_predicted,0.2,4,4,GCGGGGGGAGGGTCAAACGT,0,4779951
ygeX_predicted,0.2,4,4,GCGGAGAAACAGCTCGGCTG,0,4792585
ygeX_predicted,0.2,4,4,GCGCTCCGCCCTTGCAGTAT,0,4768528
ygeX_predicted,0.2,4,4,GCGCGTAGTCAACTAGAGCG,0,4794401
ygeX_predicted,0.2,4,4,GCGCGATTATGGCTTTATAC,0,4790134
ygeX_predicted,0.2,4,4,GCGCCTGTCGGTACAGGGGA,0,4781400
ygeX_predicted,0.2,4,4,GCGCCGCTGAACACGAAATG,0,4769979
ygeX_predicted,0.2,4,4,GCGCCAATCAAGCCATGACG,0,4774834
ygeX_predicted,0.2,4,4,GCGCAACAAAGCCTCATCTT,0,4770957
ygeX_predicted,0.2,4,4,GCGATATCGTGAGGAAGTAA,0,4767759
ygeX_predicted,0.2,4,4,GCGATATCCTGTGAGTTAGA,0,4771473
ygeX_predicted,0.2,4,4,GCGAGGCTTTGGGTATAGGG,0,4793143
ygeX_predicted,0.2,4,4,GCCTTTTCGCGTTTAAGATT,0,4788690
ygeX_predicted,0.2,4,4,GCCTTTGCACTAAAATGATT,0,4788425
ygeX_predicted,0.2,4,4,GCCGGCTTCCTTTCGCACAA,0,4785375
ygeX_predicted,0.2,4,4,GCCGCTTTACTGACCAGGCA,0,4775127
ygeX_predicted,0.2,4,4,GCCCCTTATTCCTCTTTTTC,0,4787299
ygeX_predicted,0.2,4,4,GCCCAGTGGACAGTGGGCAG,0,4793038
ygeX_predicted,0.2,4,4,GCCAGCCCCTCCCTCCCTAA,0,4789751
ygeX_predicted,0.2,4,4,GCCAGATCGCCACCATCCGC,0,4784860
ygeX_predicted,0.2,4,4,GCCAAAATTACGTCAAAACC,0,4781209
ygeX_predicted,0.2,4,4,GCATACGCTCGGATACGCTT,0,4776156
ygeX_predicted,0.2,4,4,GCATACAGGTTGCCGCATCG,0,4780267
ygeX_predicted,0.2,4,4,GCAGGAGTGGTTACATCCCA,0,4774849
ygeX_predicted,0.2,4,4,GCAGCCGAACAGGTGTCCAC,0,4789855
ygeX_predicted,0.2,4,4,GCAGCATGCCCACCACGCTA,0,4787516
ygeX_predicted,0.2,4,4,GCACTGCCACTTCTGTAGAA,0,4792305
ygeX_predicted,0.2,4,4,GCACGGGTCGAGTCGGTTTC,0,4784183
ygeX_predicted,0.2,4,4,GCACCAAGGTAAATCCTGAG,0,4785985
ygeX_predicted,0.2,4,4,GCAATCCGCCTTGGGGGAAG,0,4792116
ygeX_predicted,0.2,4,4,GATTTGACCCGGGCTTCAAC,0,4794622
ygeX_predicted,0.2,4,4,GATTTCCCGCATTGCTGTTT,0,4780458
ygeX_predicted,0.2,4,4,GATTGTTGTGCGGTCCATAA,0,4789083
ygeX_predicted,0.2,4,4,GATTGTCTAGCGATACCAAG,0,4791893
ygeX_predicted,0.2,4,4,GATTCCACCAAAGTTTAACA,0,4772280
ygeX_predicted,0.2,4,4,GATTATGCGTGTAGCAATCC,0,4786546
ygeX_predicted,0.2,4,4,GATTACTTCGCGTTTCCTCA,0,4784798
ygeX_predicted,0.2,4,4,GATTAATTGTCCATAGCATC,0,4784661
ygeX_predicted,0.2,4,4,GATGCGTGATATCTCCGAAA,0,4783010
ygeX_predicted,0.2,4,4,GATCTACCACTTCCGGGAGT,0,4784599
ygeX_predicted,0.2,4,4,GATCGCCTGTCAGGGCTTGA,0,4788175
ygeX_predicted,0.2,4,4,GATCCAGAACTACCACGCGA,0,4774627
ygeX_predicted,0.2,4,4,GATCATGCCACTCAGAACGG,0,4773455
ygeX_predicted,0.2,4,4,GATCAGGTTATGTGGGTCGG,0,4781096
ygeX_predicted,0.2,4,4,GATATAAACACTTTGGACGA,0,4778960
ygeX_predicted,0.2,4,4,GATAGGAGGTGTCTTCAGGT,0,4777954
ygeX_predicted,0.2,4,4,GAGTTAACCCAGTAGTAAGA,0,4769132
ygeX_predicted,0.2,4,4,GAGGTTCCCGACGACACAGA,0,4776421
ygeX_predicted,0.2,4,4,GAGGCCACCTCCAAGCGTTG,0,4772943
ygeX_predicted,0.2,4,4,GAGCTACCTCGATTACGGCG,0,4769616
ygeX_predicted,0.2,4,4,GAGCGGTCTCCCATTATCCG,0,4780557
ygeX_predicted,0.2,4,4,GAGCCCTGCGGCGGGCTGGT,0,4782222
ygeX_predicted,0.2,4,4,GAGCCACGGATGCAGACGAA,0,4783343
ygeX_predicted,0.2,4,4,GAGATCAGGGATGATGGGTT,0,4774195
ygeX_predicted,0.2,4,4,GAGATACATTGACTGTGCCA,0,4776831
ygeX_predicted,0.2,4,4,GAGATAAGCTCCACCGGCTC,0,4791285
ygeX_predicted,0.2,4,4,GAGACTGCCTGCCCCTCAAG,0,4776476
ygeX_predicted,0.2,4,4,GAGACGGTTCATTCAGCCAT,0,4789465
ygeX_predicted,0.2,4,4,GAGAAGACAATAAGTCTGAT,0,4781707
ygeX_predicted,0.2,4,4,GAGAAAATTAGCCGTACATG,0,4780270
ygeX_predicted,0.2,4,4,GACTTAATACTGTTAGAACT,0,4788259
ygeX_predicted,0.2,4,4,GACTCAGGCAAGTGTCGCAT,0,4767606
ygeX_predicted,0.2,4,4,GACGAAACTGGGCCGACCCG,0,4775922
ygeX_predicted,0.2,4,4,GACCTGGCCTAGAACAGCGA,0,4774096
ygeX_predicted,0.2,4,4,GACCTAACGAGGCGGACGTC,0,4770087
ygeX_predicted,0.2,4,4,GACCGCTCCACGCCAGAGGT,0,4769291
ygeX_predicted,0.2,4,4,GACCGACGGATGAAAATTGT,0,4784821
ygeX_predicted,0.2,4,4,GACCCGTTGTCTGGAATCCA,0,4790952
ygeX_predicted,0.2,4,4,GACCCAGGAGATGTCGTAAA,0,4768626
ygeX_predicted,0.2,4,4,GACATCACACCGTCGAAAAA,0,4777126
ygeX_predicted,0.2,4,4,GACAATGTAGCTTGAGATGG,0,4775761
ygeX_predicted,0.2,4,4,GAATTTGATCATCAAGAGGA,0,4769735
ygeX_predicted,0.2,4,4,GAATGCGAACGATGCCATAC,0,4782665
ygeX_predicted,0.2,4,4,GAATGAGGGAGCGGCAGCCT,0,4777214
ygeX_predicted,0.2,4,4,GAAGCAGCCGATCATAGGAC,0,4769783
ygeX_predicted,0.2,4,4,GAACCAGTATCATCGTGTGT,0,4773388
ygeX_predicted,0.2,4,4,GAACAGTGGTTTCCCGAATG,0,4775228
ygeX_predicted,0.2,4,4,GAAATCTTGGTGGGCATCGC,0,4785775
ygeX_predicted,0.2,4,4,GAAAGGTACGATGGACAGCC,0,4785031
ygeX_predicted,0.2,4,4,GAAAACCCATATATCAAGGA,0,4768538
ygeX_predicted,0.2,4,4,CTTTGTTGGTTGCAACCCTC,0,4789204
ygeX_predicted,0.2,4,4,CTTTGGGTTGAAATGTCGGG,0,4770084
ygeX_predicted,0.2,4,4,CTTTAATCCTTGCCTCCTGC,0,4767139
ygeX_predicted,0.2,4,4,CTTGGTACATTACTGTAGAT,0,4792910
ygeX_predicted,0.2,4,4,CTTGGGGGCATCATAGGGGG,0,4790158
ygeX_predicted,0.2,4,4,CTTGCGAGTTCCTATGCCTC,0,4766782
ygeX_predicted,0.2,4,4,CTTGACCACCTCAGTTACTC,0,4785501
ygeX_predicted,0.2,4,4,CTTCCGGGTGCCCATAGTAC,0,4780876
ygeX_predicted,0.2,4,4,CTTCAAGCCAACTGTAGTAT,0,4766728
ygeX_predicted,0.2,4,4,CTTACGGTTATGTGAGTATC,0,4770700
ygeX_predicted,0.2,4,4,CTTAACGTCACTAGATGTAA,0,4766784
ygeX_predicted,0.2,4,4,CTGTGGACTTACACAGGCCA,0,4779937
ygeX_predicted,0.2,4,4,CTGTGGAATGTCGGCGATTA,0,4771111
ygeX_predicted,0.2,4,4,CTGTCGAGAGTTTGACGCTG,0,4791637
ygeX_predicted,0.2,4,4,CTGTAAACTTATCCTTGGCA,0,4782807
ygeX_predicted,0.2,4,4,CTGGTGTCAAAGACCGGAGT,0,4775880
ygeX_predicted,0.2,4,4,CTGGTGACCAGTAGCAAAGT,0,4777796
ygeX_predicted,0.2,4,4,CTGGGCGTCTGAGAGGTGAA,0,4794374
ygeX_predicted,0.2,4,4,CTGGCACTGTTTATTGCTTG,0,4794847
ygeX_predicted,0.2,4,4,CTGCTTTAACATCCGCAAAG,0,4774829
ygeX_predicted,0.2,4,4,CTGCTCTCAATAGATCCTAT,0,4768064
ygeX_predicted,0.2,4,4,CTGCGGCGACATCCGGTATC,0,4769022
ygeX_predicted,0.2,4,4,CTGCGCCCATATAAACCATA,0,4783652
ygeX_predicted,0.2,4,4,CTGCCTATAGTGATAACTAC,0,4784490
ygeX_predicted,0.2,4,4,CTGCACCGGGAAGAGTATGA,0,4784784
ygeX_predicted,0.2,4,4,CTGATGCTTAAAGGTCCAAT,0,4786661
ygeX_predicted,0.2,4,4,CTGATCCTTCTAATGGACCC,0,4768289
ygeX_predicted,0.2,4,4,CTGAAGTCAAATCACCTACC,0,4771305
ygeX_predicted,0.2,4,4,CTCTGTTAAATCATCCAACG,0,4769599
ygeX_predicted,0.2,4,4,CTCTCTATGGTTCAAATCAT,0,4774742
ygeX_predicted,0.2,4,4,CTCGACGTCTTTGATGCGCA,0,4773925
ygeX_predicted,0.2,4,4,CTCCTATACTGCCGAAAACA,0,4783306
ygeX_predicted,0.2,4,4,CTCCGTCGTTCCGCGGCGAT,0,4791189
ygeX_predicted,0.2,4,4,CTCCGCCACGGCGCAGGAGA,0,4767163
ygeX_predicted,0.2,4,4,CTCCATTCTTTGACATCAAT,0,4793140
ygeX_predicted,0.2,4,4,CTCCATGATACCTCAACATG,0,4789964
ygeX_predicted,0.2,4,4,CTCAAGCGAAGATGGGATTT,0,4772867
ygeX_predicted,0.2,4,4,CTCAACTTATTGATGCACCA,0,4772015
ygeX_predicted,0.2,4,4,CTATTTTGGCATAACGGCCA,0,4771686
ygeX_predicted,0.2,4,4,CTATGGTGAACAGCTGGGGG,0,4776845
ygeX_predicted,0.2,4,4,CTATGGGGAATCTTTTATTC,0,4772523
ygeX_predicted,0.2,4,4,CTATGGGAATCAGTATTTTA,0,4769367
ygeX_predicted,0.2,4,4,CTATCTCAAGAATGTCAATA,0,4784320
ygeX_predicted,0.2,4,4,CTATCGACTTATCGTGTGTG,0,4776149
ygeX_predicted,0.2,4,4,CTAGTTGCTAAGTTTTGTTT,0,4780187
ygeX_predicted,0.2,4,4,CTAGTTCGACGACCACTGGA,0,4769645
ygeX_predicted,0.2,4,4,CTAGCTGCTTTTACCGTTGG,0,4782329
ygeX_predicted,0.2,4,4,CTAGAGAGTGCACTGACCCT,0,4771474
ygeX_predicted,0.2,4,4,CTAATCGTTCGCACGCACTG,0,4775214
ygeX_predicted,0.2,4,4,CTAATATGTGTCTATGGAGA,0,4776410
ygeX_predicted,0.2,4,4,CTAAGAGGCCGTGACGCCGT,0,4783624
ygeX_predicted,0.2,4,4,CGTTGGGCGAGATAGAACGG,0,4775841
ygeX_predicted,0.2,4,4,CGTTCGTACTGGTTATGAAT,0,4778162
ygeX_predicted,0.2,4,4,CGTGGGATCTGGCCGCGGAC,0,4768307
ygeX_predicted,0.2,4,4,CGTGAGGGACGTTTCCGTTT,0,4769608
ygeX_predicted,0.2,4,4,CGTCAATTGGAAGCCCCGAC,0,4784624
ygeX_predicted,0.2,4,4,CGTATTCACCTCGTCGAGGT,0,4781279
ygeX_predicted,0.2,4,4,CGTAGCGGAGTCCGGGAGAA,0,4784432
ygeX_predicted,0.2,4,4,CGTACGATGGCTAGGCACCG,0,4774244
ygeX_predicted,0.2,4,4,CGTACATTGTTCACCATATT,0,4791279
ygeX_predicted,0.2,4,4,CGGTTGACGGATTAAGAAAT,0,4767399
ygeX_predicted,0.2,4,4,CGGTTCGGCTCGAAAACTAC,0,4768878
ygeX_predicted,0.2,4,4,CGGTCTTGCCACGGGTGTCT,0,4786524
ygeX_predicted,0.2,4,4,CGGTCTCGTCCCAGGCCTTT,0,4766754
ygeX_predicted,0.2,4,4,CGGTAGTTGGACTCAGACCC,0,4772736
ygeX_predicted,0.2,4,4,CGGTAAGCTGCATTAGCGGG,0,4770978
ygeX_predicted,0.2,4,4,CGGGTGCTCGTCCTCGCGCT,0,4772972
ygeX_predicted,0.2,4,4,CGGGGATATGTCACATCTAG,0,4778339
ygeX_predicted,0.2,4,4,CGGGCGGTTTAGCATCGCTG,0,4791652
ygeX_predicted,0.2,4,4,CGGCGCCCCACAACTCCCCT,0,4782913
ygeX_predicted,0.2,4,4,CGGCATCTAGCCCCGAGATT,0,4778453
ygeX_predicted,0.2,4,4,CGGAGGTATTGTACATTCGA,0,4778440
ygeX_predicted,0.2,4,4,CGGAACCCGAATTTCGCTCA,0,4772226
ygeX_predicted,0.2,4,4,CGGAAAGGGATAATGCCTCG,0,4779163
ygeX_predicted,0.2,4,4,CGCTTCAATCGTTGTGATAA,0,4787259
ygeX_predicted,0.2,4,4,CGCTCTTGAAAAAGGCATGG,0,4773625
ygeX_predicted,0.2,4,4,CGCTCGACTTTTGTGCGTTT,0,4780369
ygeX_predicted,0.2,4,4,CGCGTGTGGATCTCCGGTCA,0,4794723
ygeX_predicted,0.2,4,4,CGCGGCGAGGTTTGTACAGC,0,4786616
ygeX_predicted,0.2,4,4,CGCGCTATTATGGTCTGTTA,0,4788641
ygeX_predicted,0.2,4,4,CGCCTCGGTGTCCAGATGTT,0,4775801
ygeX_predicted,0.2,4,4,CGCCCCCTTGACAGGGAGGG,0,4774228
ygeX_predicted,0.2,4,4,CGCATTACATCCGGAGATCG,0,4785380
ygeX_predicted,0.2,4,4,CGCATGAGGAACCTGAGGTT,0,4791325
ygeX_predicted,0.2,4,4,CGATGGACACGTGGGCTTCG,0,4794432
ygeX_predicted,0.2,4,4,CGATGACACGACTGCATGAA,0,4770648
ygeX_predicted,0.2,4,4,CGATAAAGACGCAACCACGG,0,4794880
ygeX_predicted,0.2,4,4,CGACTAGACAGTGGAGGCCC,0,4794804
ygeX_predicted,0.2,4,4,CGACGTCTCTGCGTGTCGGG,0,4778966
ygeX_predicted,0.2,4,4,CGAAGTAAAAGGAACTCAGC,0,4776638
ygeX_predicted,0.2,4,4,CGAAGGGACGCTATCGGCAA,0,4767063
ygeX_predicted,0.2,4,4,CGAAGGGACAGTATTGAATC,0,4786436
ygeX_predicted,0.2,4,4,CGAAGCGCGTAAGTGGGTTA,0,4769847
ygeX_predicted,0.2,4,4,CGAAAAGGAACTCCCTTCAG,0,4775615
ygeX_predicted,0.2,4,4,CCTTTCGATGTTTCGGGGCA,0,4772088
ygeX_predicted,0.2,4,4,CCTTGGTGCAGTAAAAAAGC,0,4768071
ygeX_predicted,0.2,4,4,CCTTGCCCTCTTGAGAGTTC,0,4788878
ygeX_predicted,0.2,4,4,CCTTCATGGCTGCATTCAGC,0,4769251
ygeX_predicted,0.2,4,4,CCTTCAGGGGTAAGGGCTTG,0,4782043
ygeX_predicted,0.2,4,4,CCTGCCAGGAACGGGATTGA,0,4775218
ygeX_predicted,0.2,4,4,CCTCTGCGCGGGAGCTCGTG,0,4791919
ygeX_predicted,0.2,4,4,CCTCCAACTGGAGATCTGGG,0,4780718
ygeX_predicted,0.2,4,4,CCGTTATGGGTCCCTTTCGT,0,4790564
ygeX_predicted,0.2,4,4,CCGTAGAAATCCCCTCAGTG,0,4792971
ygeX_predicted,0.2,4,4,CCGGTTTCAATGACCATCTC,0,4780288
ygeX_predicted,0.2,4,4,CCGGTAAATTTGGTAGCCCG,0,4782943
ygeX_predicted,0.2,4,4,CCGGCGGCCACTCGAGCCCT,0,4791142
ygeX_predicted,0.2,4,4,CCGGCCCGCTCGATGTTTCT,0,4772235
ygeX_predicted,0.2,4,4,CCGCTACCTGCTCAGTCAAG,0,4784756
ygeX_predicted,0.2,4,4,CCGCGGGGAGGTGCAATGGT,0,4792865
ygeX_predicted,0.2,4,4,CCGCATCGGAAACATCTGGC,0,4791056
ygeX_predicted,0.2,4,4,CCGACTGTGTAGACATTACT,0,4775230
ygeX_predicted,0.2,4,4,CCGAATGTTCGGTTAGGCCA,0,4792283
ygeX_predicted,0.2,4,4,CCGAATGACACAACTCGCGA,0,4784344
ygeX_predicted,0.2,4,4,CCGAATATCATCGCTGTTCC,0,4788848
ygeX_predicted,0.2,4,4,CCCTTCGGATCAGAGGAAGG,0,4786321
ygeX_predicted,0.2,4,4,CCCTGCGGTCTATTGGCCCC,0,4769011
ygeX_predicted,0.2,4,4,CCCTACGCCATAAACCCGAA,0,4786916
ygeX_predicted,0.2,4,4,CCCGGTGAGTACGTAAATTC,0,4770228
ygeX_predicted,0.2,4,4,CCCGGTACAAAACCGTCAAT,0,4783786
ygeX_predicted,0.2,4,4,CCCGAGGAGATGCTATTTCT,0,4768203
ygeX_predicted,0.2,4,4,CCCCGGGCAAAACCACGTTC,0,4789879
ygeX_predicted,0.2,4,4,CCCATCCTGAGTACATGTTC,0,4781683
ygeX_predicted,0.2,4,4,CCCAGGCATTTAAGGTCGCT,0,4794097
ygeX_predicted,0.2,4,4,CCCAGCTAGGATTTCATACA,0,4794047
ygeX_predicted,0.2,4,4,CCCACGCGGCGGATTCTTTA,0,4771421
ygeX_predicted,0.2,4,4,CCATGAATGAAACCTGGGCC,0,4769497
ygeX_predicted,0.2,4,4,CCATCGTACCGATTCAGGGT,0,4789380
ygeX_predicted,0.2,4,4,CCACGTTTCTGTAGATTTTC,0,4792615
ygeX_predicted,0.2,4,4,CCACATACGACCGTAATATC,0,4781145
ygeX_predicted,0.2,4,4,CCACAACAAATTATACTATT,0,4791796
ygeX_predicted,0.2,4,4,CCAAATTATACGTATACTTA,0,4790683
ygeX_predicted,0.2,4,4,CCAAAATTTCGTGTCTTTTA,0,4777775
ygeX_predicted,0.2,4,4,CATTGTAACTGTTGGGCGCT,0,4777598
ygeX_predicted,0.2,4,4,CATTGCCCCGCACCATTCCT,0,4767165
ygeX_predicted,0.2,4,4,CATTCGGGAACGTTGGAGAG,0,4790862
ygeX_predicted,0.2,4,4,CATTCCCGCTTGCACCATGA,0,4786353
ygeX_predicted,0.2,4,4,CATGGGCAAGATGCCGAGTA,0,4778112
ygeX_predicted,0.2,4,4,CATGCGTCGGAGCACGGCCA,0,4770367
ygeX_predicted,0.2,4,4,CATGCATGAGGAAGCTTGAT,0,4777585
ygeX_predicted,0.2,4,4,CATCCCAACATTAGGTCGTC,0,4767689
ygeX_predicted,0.2,4,4,CATATTTGTTGTCAGCGCCG,0,4767318
ygeX_predicted,0.2,4,4,CATAGCGACGGCGACCTCAT,0,4787325
ygeX_predicted,0.2,4,4,CATAAGCATTGCGCGTTAAC,0,4771632
ygeX_predicted,0.2,4,4,CAGTCCAGACTGGATACGTA,0,4771132
ygeX_predicted,0.2,4,4,CAGTAAGATACGAAGGCCCT,0,4787395
ygeX_predicted,0.2,4,4,CAGGTCGGTTTCGAGTGCCG,0,4794255
ygeX_predicted,0.2,4,4,CAGGGGCTTAGTACAATAAT,0,4772837
ygeX_predicted,0.2,4,4,CAGCGCAAGACGCAAAGTTG,0,4783330
ygeX_predicted,0.2,4,4,CAGAGGTTCGCTTCTGGGAC,0,4784930
ygeX_predicted,0.2,4,4,CAGACTCGAAACTCGACCAT,0,4771988
ygeX_predicted,0.2,4,4,CAGAAGAGCCCTGTAATATC,0,4788553
ygeX_predicted,0.2,4,4,CAGAAAAACGATAATAACGC,0,4790924
ygeX_predicted,0.2,4,4,CACTGGGTATTCGTGAAAGG,0,4772054
ygeX_predicted,0.2,4,4,CACTCGCTCACAAGCTGGTA,0,4773942
ygeX_predicted,0.2,4,4,CACTATGTTTTCCAGTAGGG,0,4784187
ygeX_predicted,0.2,4,4,CACGTTCCACTTGAATGTAG,0,4773677
ygeX_predicted,0.2,4,4,CACGCAGCCTCACATTATCC,0,4794449
ygeX_predicted,0.2,4,4,CACCTTGCAGACACCGCGGG,0,4770792
ygeX_predicted,0.2,4,4,CACCTTACACAGTGCTCCCT,0,4767586
ygeX_predicted,0.2,4,4,CACCGTCGGCGTCGAAAAGT,0,4769699
ygeX_predicted,0.2,4,4,CACATGACTTACCGAAGGCT,0,4772819
ygeX_predicted,0.2,4,4,CAATTGCCCTCATAGCTAGG,0,4779356
ygeX_predicted,0.2,4,4,CAATGCCTCGGAATACCTGA,0,4768083
ygeX_predicted,0.2,4,4,CAATGATATCTGGTCGCCCT,0,4780589
ygeX_predicted,0.2,4,4,CAATCTTCGGATGCTTTGCC,0,4790549
ygeX_predicted,0.2,4,4,CAATCCATAGCTAGTCCGTG,0,4790596
ygeX_predicted,0.2,4,4,CAATCAGGGAGGGGTTCCAA,0,4790852
ygeX_predicted,0.2,4,4,CAATACGATTTTGGAATCCT,0,4775582
ygeX_predicted,0.2,4,4,CAAGGTTATAAATTAGAATT,0,4788063
ygeX_predicted,0.2,4,4,CAACTGTAATGCGGCGACGG,0,4773097
ygeX_predicted,0.2,4,4,CAAAAATCTAGCCACGTGAT,0,4783047
ygeX_predicted,0.2,4,4,CAAAAAGATCGCTTTGAGAT,0,4771311
ygeX_predicted,0.2,4,4,ATTTTGGCCCGGAATCTGGT,0,4787546
ygeX_predicted,0.2,4,4,ATTTTCCTTGGAACCTCAGG,0,4767723
ygeX_predicted,0.2,4,4,ATTTGCCTGCGATCTACCAT,0,4771500
ygeX_predicted,0.2,4,4,ATTTCGTGCTGACTATGTCA,0,4773268
ygeX_predicted,0.2,4,4,ATTTCAGCTAGTCGGGCATG,0,4773314
ygeX_predicted,0.2,4,4,ATTGTCGAGCAATTCTCTAC,0,4786531
ygeX_predicted,0.2,4,4,ATTGGGGGAAGGCGGGTGCA,0,4793418
ygeX_predicted,0.2,4,4,ATTGGACTTACGGTATCCAA,0,4785011
ygeX_predicted,0.2,4,4,ATTGACACGCGGCCAACCCG,0,4777406
ygeX_predicted,0.2,4,4,ATTCTTATACTCTATTCCCA,0,4781046
ygeX_predicted,0.2,4,4,ATTCTCGGAAGCTTGTTCGT,0,4786171
ygeX_predicted,0.2,4,4,ATTCTACCCATTAGTACCGC,0,4773277
ygeX_predicted,0.2,4,4,ATTCACGCCACCTTTGCGTA,0,4784362
ygeX_predicted,0.2,4,4,ATTATCCGTTTATGAGTTTA,0,4780394
ygeX_predicted,0.2,4,4,ATTACTATGACGGGATGCGC,0,4773733
ygeX_predicted,0.2,4,4,ATTAAAATCGTATGAGAACA,0,4768274
ygeX_predicted,0.2,4,4,ATGTTCACTCTCCATTCGCA,0,4794091
ygeX_predicted,0.2,4,4,ATGTGTATGACAGAGTCAGA,0,4780696
ygeX_predicted,0.2,4,4,ATGTCTACCCTTACCCCTGT,0,4779151
ygeX_predicted,0.2,4,4,ATGTCGGCGAACCATTCTGA,0,4766936
ygeX_predicted,0.2,4,4,ATGGGCCTCGCATCCCCGTG,0,4773933
ygeX_predicted,0.2,4,4,ATGGCTAGCCAAGCCAAGAT,0,4792688
ygeX_predicted,0.2,4,4,ATGGCCTCTGCATTCTTCGT,0,4790341
ygeX_predicted,0.2,4,4,ATGGCCATCTGTCCGAATGT,0,4783847
ygeX_predicted,0.2,4,4,ATGGCATAGTCTAATAGGAA,0,4778119
ygeX_predicted,0.2,4,4,ATGGATTTCGTTATGCCACA,0,4784769
ygeX_predicted,0.2,4,4,ATGGATTCTGATTGCCTCCG,0,4768694
ygeX_predicted,0.2,4,4,ATGGAGTCCTGGTCACAGTC,0,4777568
ygeX_predicted,0.2,4,4,ATGCTCAGCTCCAAAAACAT,0,4791993
ygeX_predicted,0.2,4,4,ATGCTATATCGCTTTCAATT,0,4787228
ygeX_predicted,0.2,4,4,ATGCGCACTTTCTATTGATA,0,4773705
ygeX_predicted,0.2,4,4,ATGCATTGGCCCGCAATGCC,0,4775249
ygeX_predicted,0.2,4,4,ATGAGTCCGTGGCTCTGGTT,0,4774227
ygeX_predicted,0.2,4,4,ATGAGGTCCACATATTCAAA,0,4769446
ygeX_predicted,0.2,4,4,ATGAATCTTCGGAGGCTCAG,0,4781696
ygeX_predicted,0.2,4,4,ATCTGACTGTCTAGCCCAAG,0,4770734
ygeX_predicted,0.2,4,4,ATCTCTGTCAACCGCAGCGC,0,4772192
ygeX_predicted,0.2,4,4,ATCTACAGTCTAGATCTTGC,0,4774578
ygeX_predicted,0.2,4,4,ATCGCTTTCAACCCAGTACC,0,4770518
ygeX_predicted,0.2,4,4,ATCGCTTCAATACCTATTAT,0,4793968
ygeX_predicted,0.2,4,4,ATCGCGGCCAACGGAGACCC,0,4768954
ygeX_predicted,0.2,4,4,ATCGCGACTAACATATACCT,0,4771194
ygeX_predicted,0.2,4,4,ATCGCCGATAGGCTACTTCT,0,4791544
ygeX_predicted,0.2,4,4,ATCCGTCGCGCAGGCTAAGG,0,4793020
ygeX_predicted,0.2,4,4,ATCCGGCTGTTTCGGCAAAC,0,4776257
ygeX_predicted,0.2,4,4,ATCCGCGTGTGATGTATTTT,0,4781488
ygeX_predicted,0.2,4,4,ATCCCATCTCCGGATGCCGC,0,4773982
ygeX_predicted,0.2,4,4,ATCAGTCCCAGAGGTCCACA,0,4789765
ygeX_predicted,0.2,4,4,ATATTCGGAGTTCTGACGCC,0,4778094
ygeX_predicted,0.2,4,4,ATATGCGGAACAGCCCAATG,0,4786335
ygeX_predicted,0.2,4,4,ATAGGGGCCAGCTGGACTTA,0,4785603
ygeX_predicted,0.2,4,4,ATAGGCCATGGCTTTCAGTA,0,4783091
ygeX_predicted,0.2,4,4,ATAGAATATATTAGCGTACT,0,4794152
ygeX_predicted,0.2,4,4,ATACTTACGCGCCTGATCAC,0,4783546
ygeX_predicted,0.2,4,4,ATACATTCTGAAAAGCCCAT,0,4779209
ygeX_predicted,0.2,4,4,ATAAGTGTTGGGATGTTATT,0,4793877
ygeX_predicted,0.2,4,4,ATAAGTGCAAACATTGCGTG,0,4774939
ygeX_predicted,0.2,4,4,AGTTGACTAGAGGAACAGGA,0,4782791
ygeX_predicted,0.2,4,4,AGTGACTTGTGACGATATAT,0,4774722
ygeX_predicted,0.2,4,4,AGTCGATTTTAACCTATCCG,0,4780619
ygeX_predicted,0.2,4,4,AGTACGCCCATCACATTGGG,0,4779372
ygeX_predicted,0.2,4,4,AGTAAGCGCGTAAAATTCCG,0,4771351
ygeX_predicted,0.2,4,4,AGGTTCGTTTCTCCTTAAAT,0,4769766
ygeX_predicted,0.2,4,4,AGGTATCTCACCGGCATGAC,0,4794725
ygeX_predicted,0.2,4,4,AGGTAAAAACCTCTTCTAGA,0,4773295
ygeX_predicted,0.2,4,4,AGGGTCGGTAAGGGATCTCT,0,4786334
ygeX_predicted,0.2,4,4,AGGGTATGACCGCTTTACAA,0,4777489
ygeX_predicted,0.2,4,4,AGGGACGGCTTTCGTGTCTG,0,4789600
ygeX_predicted,0.2,4,4,AGGCTTCTGAATAGTCACTT,0,4779655
ygeX_predicted,0.2,4,4,AGGCTGAACAATCTGTGAGG,0,4789164
ygeX_predicted,0.2,4,4,AGGCGCGTGGGCCGTAGGAG,0,4784055
ygeX_predicted,0.2,4,4,AGGCGCAGTGCTCCCACGAC,0,4794011
ygeX_predicted,0.2,4,4,AGGCCTGATACGACCTTGCT,0,4777209
ygeX_predicted,0.2,4,4,AGGACGTAAGCGATATGTAT,0,4780074
ygeX_predicted,0.2,4,4,AGGACCGCCGCCAAAGATGT,0,4789230
ygeX_predicted,0.2,4,4,AGGAACTTGGTTTGTAACCG,0,4779140
ygeX_predicted,0.2,4,4,AGGAACTTACACGTGTTCGA,0,4793664
ygeX_predicted,0.2,4,4,AGGAACTAAGGGGGTATGCA,0,4788692
ygeX_predicted,0.2,4,4,AGCTTGTACGACTGGTATTT,0,4767117
ygeX_predicted,0.2,4,4,AGCTTAGTGGAGACACACCC,0,4794543
ygeX_predicted,0.2,4,4,AGCTCCTACGAAGACCGGGT,0,4784199
ygeX_predicted,0.2,4,4,AGCTAACGCAACCGTTTTTT,0,4775752
ygeX_predicted,0.2,4,4,AGCGTGCCGTTACGAGGCCC,0,4781330
ygeX_predicted,0.2,4,4,AGCGGTGTTACGAATAACCC,0,4792734
ygeX_predicted,0.2,4,4,AGCGCGATTATTCGCACCGG,0,4768887
ygeX_predicted,0.2,4,4,AGCGAGGGTTGTGGTCCTGT,0,4791839
ygeX_predicted,0.2,4,4,AGCATCTAGGTCTTGGGCGG,0,4782603
ygeX_predicted,0.2,4,4,AGCATAGAAACCCGACAGTA,0,4792809
ygeX_predicted,0.2,4,4,AGCACAGTTTGTCTCGGGAA,0,4772748
ygeX_predicted,0.2,4,4,AGATGAGTGGCAATCCAGGT,0,4789580
ygeX_predicted,0.2,4,4,AGAGCGAGACCAGAGCGGGC,0,4777889
ygeX_predicted,0.2,4,4,AGAGACGATTTGGAGGTATG,0,4777632
ygeX_predicted,0.2,4,4,AGACCTATCCTGATTCTTGA,0,4781754
ygeX_predicted,0.2,4,4,AGACCGGATTGAGTGCCTGC,0,4772541
ygeX_predicted,0.2,4,4,AGACACTCCGACACCATAGC,0,4772095
ygeX_predicted,0.2,4,4,AGACAAGGAAAGACATTCGT,0,4790314
ygeX_predicted,0.2,4,4,AGAATTTTTTTACGCTGTAG,0,4771068
ygeX_predicted,0.2,4,4,AGAATGCTTTAAGGGTGCGA,0,4774046
ygeX_predicted,0.2,4,4,AGAAATTCTACGGTTTGCAA,0,4784124
ygeX_predicted,0.2,4,4,AGAAAAGTATAGTAGGCTCG,0,4793941
ygeX_predicted,0.2,4,4,ACTGTATTCGGGGACCAGCA,0,4794752
ygeX_predicted,0.2,4,4,ACTGGGGTCCTTGGCCCGGA,0,4791265
ygeX_predicted,0.2,4,4,ACTGCTTGATCCCAGTATAG,0,4777008
ygeX_predicted,0.2,4,4,ACTGCGGTTCTTTCGAATGC,0,4791952
ygeX_predicted,0.2,4,4,ACTCTGGTCATTATTCAAAG,0,4790635
ygeX_predicted,0.2,4,4,ACTCGGCAATCGCCATGCGA,0,4792745
ygeX_predicted,0.2,4,4,ACTCGCGCGACCAGTTAGTG,0,4783275
ygeX_predicted,0.2,4,4,ACTCATATATCTCTAACAGT,0,4787154
ygeX_predicted,0.2,4,4,ACTACGGGTGAATCTAATAG,0,4772267
ygeX_predicted,0.2,4,4,ACTACCTGTGGAATAGTCCA,0,4784902
ygeX_predicted,0.2,4,4,ACTACACGCATACAAGTAAC,0,4771746
ygeX_predicted,0.2,4,4,ACTAATCGTCCTCTGGATAG,0,4782828
ygeX_predicted,0.2,4,4,ACGGTGAAAATGCTTCCCTC,0,4769741
ygeX_predicted,0.2,4,4,ACGCTTACCATCCTCAGATG,0,4767642
ygeX_predicted,0.2,4,4,ACGCGCTGAGGTCGTTACTG,0,4778078
ygeX_predicted,0.2,4,4,ACGAGCTTAAGCTCGTGTCT,0,4776522
ygeX_predicted,0.2,4,4,ACGAGATTAGCAGTGTCTGG,0,4785156
ygeX_predicted,0.2,4,4,ACGAAGATAGGGGGCCGTTC,0,4778517
ygeX_predicted,0.2,4,4,ACCGTAAGTGCTGTAGGGGT,0,4793156
ygeX_predicted,0.2,4,4,ACCGCGAGGCCGGCGTATCC,0,4773270
ygeX_predicted,0.2,4,4,ACCGCCTCTGGAAGCCCAGC,0,4777273
ygeX_predicted,0.2,4,4,ACCCCGCACGACTGCGTCTA,0,4792439
ygeX_predicted,0.2,4,4,ACCATACCCTAGGAACGGAT,0,4784423
ygeX_predicted,0.2,4,4,ACCAAGTCGGGTTCCAGCGG,0,4791060
ygeX_predicted,0.2,4,4,ACCAAAAGTAGCGGGTTAAG,0,4768927
ygeX_predicted,0.2,4,4,ACATTATGAGGAGGGATGTG,0,4793816
ygeX_predicted,0.2,4,4,ACATGCCCGCCGTGCAGTAG,0,4784795
ygeX_predicted,0.2,4,4,ACATACATTGGACCACCACA,0,4788532
ygeX_predicted,0.2,4,4,ACATAAAGGATTCGGGTGGA,0,4790329
ygeX_predicted,0.2,4,4,ACAGGATGAATGTTGAACAT,0,4794591
ygeX_predicted,0.2,4,4,ACAGCTTTGACGAGACTTAT,0,4791548
ygeX_predicted,0.2,4,4,ACACCAATCCAGATTACCAT,0,4774911
ygeX_predicted,0.2,4,4,ACAATGGTGGGTGTGATTAT,0,4771136
ygeX_predicted,0.2,4,4,ACAAGGGTTAGTGCGCCACA,0,4767931
ygeX_predicted,0.2,4,4,ACAACCCATGTTGTAGCGGC,0,4791025
ygeX_predicted,0.2,4,4,ACAAAGGGGTCTATTCAGTA,0,4773657
ygeX_predicted,0.2,4,4,AATTTGAAGCCCTGACCCGT,0,4768407
ygeX_predicted,0.2,4,4,AATTCTACACGAAACTACTG,0,4771477
ygeX_predicted,0.2,4,4,AATTCCAGCCTCTTTCACTA,0,4784381
ygeX_predicted,0.2,4,4,AATTATTCTGGAAATATGGC,0,4769451
ygeX_predicted,0.2,4,4,AATGGTGACAACGTCGGTGT,0,4789223
ygeX_predicted,0.2,4,4,AATGCTTGTGGTTCTCGCCA,0,4779979
ygeX_predicted,0.2,4,4,AATGCGAGGCTTCGGGCGCC,0,4767441
ygeX_predicted,0.2,4,4,AATGCGAACCTTAGGGTTCC,0,4775513
ygeX_predicted,0.2,4,4,AATCTGCTGGGGGTGGCCCT,0,4788899
ygeX_predicted,0.2,4,4,AATCGCGCAAGCGGTATTAC,0,4778591
ygeX_predicted,0.2,4,4,AATCCTAATTTGTTAAACCT,0,4783512
ygeX_predicted,0.2,4,4,AATCATGTATGTGCTAACCA,0,4784000
ygeX_predicted,0.2,4,4,AATATATTACTGATGTTCGT,0,4782584
ygeX_predicted,0.2,4,4,AATAAATGCCCTCGGGACTT,0,4785500
ygeX_predicted,0.2,4,4,AAGTTGGACCCGATAGGTCG,0,4778486
ygeX_predicted,0.2,4,4,AAGGTTGTTATCCTATGCTG,0,4775498
ygeX_predicted,0.2,4,4,AAGGCGGGGTTACTACTCAC,0,4788857
ygeX_predicted,0.2,4,4,AAGCGCCCACGGGTAAAAGA,0,4766941
ygeX_predicted,0.2,4,4,AAGCCCCCGTAAAATAATAA,0,4769368
ygeX_predicted,0.2,4,4,AAGCCAATCTCCTCGGCATA,0,4792342
ygeX_predicted,0.2,4,4,AAGAGATCTCAATAACAGAA,0,4773470
ygeX_predicted,0.2,4,4,AACTCATATTCAACGCTGTC,0,4775564
ygeX_predicted,0.2,4,4,AACTCAGAAGACACGTAATC,0,4767434
ygeX_predicted,0.2,4,4,AACGTGACAGGAAAGCTTGA,0,4778618
ygeX_predicted,0.2,4,4,AACGGTTCCATCGGTATATC,0,4769906
ygeX_predicted,0.2,4,4,AACGGTGTCAAGGGTTATCA,0,4782903
ygeX_predicted,0.2,4,4,AACGGGGTAATGGTCCAGCG,0,4770225
ygeX_predicted,0.2,4,4,AACGCAGACGTCGAAATAAT,0,4777031
ygeX_predicted,0.2,4,4,AACATGCGACAACGATTTCA,0,4772341
ygeX_predicted,0.2,4,4,AACAGGTCTCCTTCTTGCAA,0,4783032
ygeX_predicted,0.2,4,4,AAATTCCAGAGCTGTGCATT,0,4777423
ygeX_predicted,0.2,4,4,AAATCCTACGAGCGTCAGTG,0,4790087
ygeX_predicted,0.2,4,4,AAATATAACCTCCTTGTCAC,0,4775899
ygeX_predicted,0.2,4,4,AAAGTCATCTATTCGATCGT,0,4782666
ygeX_predicted,0.2,4,4,AAAGTATGGTACAAATCTGC,0,4789990
ygeX_predicted,0.2,4,4,AAAGGACCTCTTTGGTTTAT,0,4792963
ygeX_predicted,0.2,4,4,AAACTTTGGATGTGGCCTGT,0,4779029
ygeX_predicted,0.2,4,4,AAACTGCATAGTAAGCGCAA,0,4789905
ygeX_predicted,0.2,4,4,AAACTCGTCACCGAGGGTCT,0,4769245
ygeX_predicted,0.2,4,4,AAACCTTCCAGTGTGGACAA,0,4790785
ygeX_predicted,0.2,4,4,AAAAGGCGTGAGAAGGAGCC,0,4771218
ygeX_predicted,0.2,4,4,AAAAGGAGACATCCGTCTCA,0,4785772
ygeX_predicted,0.2,4,4,AAAAGCCTCAACACGTTGGG,0,4786880
ygeX_predicted,0.2,4,4,AAAACGGGCACTCGGCGAAG,0,4771962
ygeX_predicted,0.2,4,4,AAAAAATTCGCAGTACTCGA,0,4781241
ygeX_predicted,0.25,3,3,TTTTTTCTTCCTAGTTGCGT,0,4783281
ygeX_predicted,0.25,3,3,TTTTTACTTACTCTCTACCA,0,4785219
ygeX_predicted,0.25,3,3,TTTTGTTAGGATAAGGCCTT,0,4776688
ygeX_predicted,0.25,3,3,TTTTCTTCTAGCGGGTGTCT,0,4769886
ygeX_predicted,0.25,3,3,TTTTCCTCAGCAAAAAACAG,0,4782508
ygeX_predicted,0.25,3,3,TTTTATTTGATTGTAAGGCT,0,4770650
ygeX_predicted,0.25,3,3,TTTGGATTGCGCTGAGATTG,0,4772836
ygeX_predicted,0.25,3,3,TTTGCTGGATCTCCGAAATT,0,4789280
ygeX_predicted,0.25,3,3,TTTGACCGGCTAGGAATTTT,0,4772461
ygeX_predicted,0.25,3,3,TTTCGGGGTGCCTAGGATGC,0,4773915
ygeX_predicted,0.25,3,3,TTTCCTGGAACCGCCAATTG,0,4794320
ygeX_predicted,0.25,3,3,TTTCCGACGGCAAGGCACGT,0,4789320
ygeX_predicted,0.25,3,3,TTTAGTAACTTTATACAGCA,0,4787374
ygeX_predicted,0.25,3,3,TTTAGGAAATAGGGTTTCTT,0,4791248
ygeX_predicted,0.25,3,3,TTTACCTTTGGCTAGATGTC,0,4774256
ygeX_predicted,0.25,3,3,TTTAAGCGCCGGAAAGGTTT,0,4788624
ygeX_predicted,0.25,3,3,TTTAACAGTACGCGATTTTC,0,4771719
ygeX_predicted,0.25,3,3,TTGTTGCTTCACGATTGTAT,0,4771490
ygeX_predicted,0.25,3,3,TTGTTCGGCGGAGTCACTTT,0,4769216
ygeX_predicted,0.25,3,3,TTGTGTGAACGCATGTGAAT,0,4774473
ygeX_predicted,0.25,3,3,TTGTAGGAGCAAATTAATTC,0,4791622
ygeX_predicted,0.25,3,3,TTGGTTTTCTTGCAGCTCTT,0,4791633
ygeX_predicted,0.25,3,3,TTGGTCCGCTATAAAAGCTA,0,4771990
ygeX_predicted,0.25,3,3,TTGGTATATGCCGATAGCAT,0,4786636
ygeX_predicted,0.25,3,3,TTGGGTGGATAATGCGTCTT,0,4775959
ygeX_predicted,0.25,3,3,TTGGCTGGGTGCACAGTAGA,0,4769988
ygeX_predicted,0.25,3,3,TTGCGTATACGATCACTCAA,0,4766852
ygeX_predicted,0.25,3,3,TTGATTTAGAGCAGACGCAA,0,4783918
ygeX_predicted,0.25,3,3,TTGATGGTCTTGAGGTGTAT,0,4784476
ygeX_predicted,0.25,3,3,TTGATCGTATATCACTGCTT,0,4779960
ygeX_predicted,0.25,3,3,TTGAGAAGTGAAGGATGTGG,0,4768148
ygeX_predicted,0.25,3,3,TTGACCTTAGGGAATGCCTG,0,4769555
ygeX_predicted,0.25,3,3,TTGACATCGCTAGGCGGGCG,0,4771252
ygeX_predicted,0.25,3,3,TTCTTTCACCGCGGACCAAA,0,4794737
ygeX_predicted,0.25,3,3,TTCTTGTTTGTCAGTCATCA,0,4777549
ygeX_predicted,0.25,3,3,TTCTGCCTAGAACCTTCAAC,0,4789827
ygeX_predicted,0.25,3,3,TTCTCGTGATGAGGGACCGT,0,4779599
ygeX_predicted,0.25,3,3,TTCTCCCCAATTGCAAGCAT,0,4793567
ygeX_predicted,0.25,3,3,TTCTACTTGCCCGCCGGCTA,0,4776932
ygeX_predicted,0.25,3,3,TTCGTGAAGGTTACTATGCA,0,4780879
ygeX_predicted,0.25,3,3,TTCGTCTCAATGCATTAATG,0,4772115
ygeX_predicted,0.25,3,3,TTCGGACGTAATGTATCGAA,0,4791814
ygeX_predicted,0.25,3,3,TTCGACTGGGGGTAAAGGCT,0,4778086
ygeX_predicted,0.25,3,3,TTCATACGAATTCGATGGAT,0,4783532
ygeX_predicted,0.25,3,3,TTCAGAATATGGGGCTACTA,0,4780611
ygeX_predicted,0.25,3,3,TTCAAGGAGCACTCATAGTG,0,4783900
ygeX_predicted,0.25,3,3,TTCAACTGCAGTGTCACTGA,0,4769472
ygeX_predicted,0.25,3,3,TTATTTTGACTCTCGATCAG,0,4793959
ygeX_predicted,0.25,3,3,TTATCTCATTTCTGGATAGG,0,4786498
ygeX_predicted,0.25,3,3,TTAGTGGCTCTCAGTGCCAA,0,4771457
ygeX_predicted,0.25,3,3,TTAGTCATATTGGGGGTACA,0,4792863
ygeX_predicted,0.25,3,3,TTAGGCCTTCTAGATGGGGT,0,4779816
ygeX_predicted,0.25,3,3,TTACGATTTGGGGGGTGGCA,0,4774066
ygeX_predicted,0.25,3,3,TTACCTAAGCAAAAAGCGGG,0,4784888
ygeX_predicted,0.25,3,3,TTACCCTTCGTCCTCTGCCT,0,4782295
ygeX_predicted,0.25,3,3,TTAATGGAACCGATAGGCAG,0,4784138
ygeX_predicted,0.25,3,3,TTAATGCGCTTGTTTCGGTC,0,4778516
ygeX_predicted,0.25,3,3,TTAACGCGTTAGATGGTGCA,0,4781973
ygeX_predicted,0.25,3,3,TTAACGCAGGCACCTCGGCG,0,4792690
ygeX_predicted,0.25,3,3,TTAAAAGTGATAGGTCCCCA,0,4794282
ygeX_predicted,0.25,3,3,TGTTTTCTTCGTCGTGGTAA,0,4789174
ygeX_predicted,0.25,3,3,TGTTTTCCCTTCTAATTTTC,0,4774532
ygeX_predicted,0.25,3,3,TGTTCTTTAGAGGTCCAGTA,0,4789743
ygeX_predicted,0.25,3,3,TGTTAGTGGAAAGGCGCGAG,0,4779469
ygeX_predicted,0.25,3,3,TGTGTCTGGAGACGTGCAGG,0,4787126
ygeX_predicted,0.25,3,3,TGTGAAGATGGGATCGGCAT,0,4784190
ygeX_predicted,0.25,3,3,TGTCTATAGAGCGGTCATTG,0,4773485
ygeX_predicted,0.25,3,3,TGTCCTAGAACGCGCGCCAA,0,4793593
ygeX_predicted,0.25,3,3,TGTCAGAAATCATCCCAGAG,0,4785700
ygeX_predicted,0.25,3,3,TGTATGCGGACTAGGTAGTA,0,4767991
ygeX_predicted,0.25,3,3,TGTATCTGCTCGTGGTCGTA,0,4793288
ygeX_predicted,0.25,3,3,TGTATATCTAGCTGAATAGG,0,4791124
ygeX_predicted,0.25,3,3,TGTATAGTTTTATCGTTCCA,0,4770205
ygeX_predicted,0.25,3,3,TGTAAAGAACCGCAAGAGCT,0,4791957
ygeX_predicted,0.25,3,3,TGGTTAGAATAATCGCTGTC,0,4769102
ygeX_predicted,0.25,3,3,TGGTCGCAATTAGTAAGGGT,0,4780253
ygeX_predicted,0.25,3,3,TGGTCCGCTGGGAGGATTAG,0,4786728
ygeX_predicted,0.25,3,3,TGGTCAACCTGCAATATGGA,0,4781715
ygeX_predicted,0.25,3,3,TGGGTTGCCTTATGAGTTCT,0,4786795
ygeX_predicted,0.25,3,3,TGGGGGTTATGGGGGTGCCA,0,4772183
ygeX_predicted,0.25,3,3,TGGGGCCAATGGGCGACGTG,0,4789794
ygeX_predicted,0.25,3,3,TGGCTGTCTGCCTCATACGT,0,4771570
ygeX_predicted,0.25,3,3,TGGCGTTATTTGAACCGTCG,0,4768394
ygeX_predicted,0.25,3,3,TGGCGTAAGATATTCCAGCT,0,4794266
ygeX_predicted,0.25,3,3,TGGCGGGTAGGCAACCCGGA,0,4776123
ygeX_predicted,0.25,3,3,TGGCACTTATCACGTCCGCA,0,4769130
ygeX_predicted,0.25,3,3,TGGCAATTTTCGCCTTCTGG,0,4778484
ygeX_predicted,0.25,3,3,TGGATCTGGACCGGGAGGAA,0,4768311
ygeX_predicted,0.25,3,3,TGGAATAACCAACAGAATGG,0,4791640
ygeX_predicted,0.25,3,3,TGCTTTCCTGATTTGAGGGA,0,4790120
ygeX_predicted,0.25,3,3,TGCTACCGTACACCTCTAGT,0,4769114
ygeX_predicted,0.25,3,3,TGCGGGGCAAACGGGGACCT,0,4769379
ygeX_predicted,0.25,3,3,TGCGGCACATGGCACCCCGT,0,4788746
ygeX_predicted,0.25,3,3,TGCGAATGCGGACCGGGCCA,0,4773721
ygeX_predicted,0.25,3,3,TGCCGTAGCACCTCATCGAC,0,4794160
ygeX_predicted,0.25,3,3,TGCCCGCTAAGGGATCTTTA,0,4787573
ygeX_predicted,0.25,3,3,TGCCCCACACGTAGTAACCT,0,4773471
ygeX_predicted,0.25,3,3,TGCATGAATACAGCCCCTTT,0,4790647
ygeX_predicted,0.25,3,3,TGATCCTTTCCTACGTACGA,0,4777177
ygeX_predicted,0.25,3,3,TGATCCTTGCCACTTGCATG,0,4776224
ygeX_predicted,0.25,3,3,TGATCCGTTTTGGCCTTGGG,0,4778814
ygeX_predicted,0.25,3,3,TGAGGCGAAGAAACTTATCC,0,4775504
ygeX_predicted,0.25,3,3,TGACTGTGAGACACCACAGA,0,4777890
ygeX_predicted,0.25,3,3,TGACGGCCCGAGCACGCTAA,0,4767709
ygeX_predicted,0.25,3,3,TGACGCACTCGCTAGATGAT,0,4770548
ygeX_predicted,0.25,3,3,TGACGAACCACGCGATAATG,0,4769394
ygeX_predicted,0.25,3,3,TGACCCACGCGTCGGAACAT,0,4780122
ygeX_predicted,0.25,3,3,TGACAATGTGTTGATAGGTC,0,4789866
ygeX_predicted,0.25,3,3,TGACAAAGGCGTGTGTAATG,0,4778620
ygeX_predicted,0.25,3,3,TGAATATTCCATGGGAGCGG,0,4794874
ygeX_predicted,0.25,3,3,TGAAATTCGCGTGGGGTACT,0,4787623
ygeX_predicted,0.25,3,3,TCTTTATTTGTCATGGGTAA,0,4767000
ygeX_predicted,0.25,3,3,TCTTCCGGTCAGCAACATTT,0,4784790
ygeX_predicted,0.25,3,3,TCTTATACGTTAGGCTGTGT,0,4771343
ygeX_predicted,0.25,3,3,TCTCTCACCGCAACAAAGAC,0,4785495
ygeX_predicted,0.25,3,3,TCTCATAAGCTCCTGGTTCG,0,4779627
ygeX_predicted,0.25,3,3,TCTCAGGTCATGCTGCTCAC,0,4782924
ygeX_predicted,0.25,3,3,TCTATTCGGAGCGGTTGGGG,0,4787155
ygeX_predicted,0.25,3,3,TCTACGTCTCGCTCAATCTT,0,4789685
ygeX_predicted,0.25,3,3,TCTAAGTATTACCTTCGTTT,0,4780481
ygeX_predicted,0.25,3,3,TCTAAGAGGCCAGCTACGGA,0,4790814
ygeX_predicted,0.25,3,3,TCGTTTATATTGGTCAATCA,0,4777847
ygeX_predicted,0.25,3,3,TCGTGACTGCAATTTTCATG,0,4790749
ygeX_predicted,0.25,3,3,TCGTATTGACTCTCAGGGTC,0,4777239
ygeX_predicted,0.25,3,3,TCGTATATGAGCGCCCCCTC,0,4776571
ygeX_predicted,0.25,3,3,TCGTAGCGTGGCGGGTGCCT,0,4769141
ygeX_predicted,0.25,3,3,TCGGGATGTCGGTAACAAGC,0,4790002
ygeX_predicted,0.25,3,3,TCGGGATCAGCGTCAGGTCG,0,4793497
ygeX_predicted,0.25,3,3,TCGGCTCGGCTATACAAAAC,0,4787746
ygeX_predicted,0.25,3,3,TCGGCGCCAGGTGTGGTTGA,0,4770091
ygeX_predicted,0.25,3,3,TCGCCCCTCAGGTGTGCCCC,0,4794640
ygeX_predicted,0.25,3,3,TCGCCAAACTAACGTTGGCA,0,4785939
ygeX_predicted,0.25,3,3,TCGCAGGGAATGAGCCCTGA,0,4774454
ygeX_predicted,0.25,3,3,TCGCACTTTGAGGCAAAGGT,0,4786583
ygeX_predicted,0.25,3,3,TCGCACGACGAGATTCGAAT,0,4775005
ygeX_predicted,0.25,3,3,TCGAAGGTACAGGGACATGT,0,4785499
ygeX_predicted,0.25,3,3,TCCTTTAATTAGCAGACCAT,0,4786019
ygeX_predicted,0.25,3,3,TCCGTTGGCCAAAGCCTGCG,0,4791398
ygeX_predicted,0.25,3,3,TCCGTGCTGTTGGATTACCC,0,4777251
ygeX_predicted,0.25,3,3,TCCCTCGCCATACCTTACAC,0,4791505
ygeX_predicted,0.25,3,3,TCCCGCGTCCGTTATGACGA,0,4771727
ygeX_predicted,0.25,3,3,TCCCCGCCTGCATTGGAGGA,0,4793483
ygeX_predicted,0.25,3,3,TCCATGCAAAGGAGCAAGAT,0,4793257
ygeX_predicted,0.25,3,3,TCCAACCTCACGGGGTCCTC,0,4790070
ygeX_predicted,0.25,3,3,TCATTTGGCTTAGGAGGATT,0,4783052
ygeX_predicted,0.25,3,3,TCATGAAGGGCTAGGTATCC,0,4776796
ygeX_predicted,0.25,3,3,TCATAATTTCACGGACGGCG,0,4780295
ygeX_predicted,0.25,3,3,TCATAATTAAGTAACCGCTC,0,4783262
ygeX_predicted,0.25,3,3,TCAGTTTCCCTGGAAAGGTA,0,4778911
ygeX_predicted,0.25,3,3,TCAGGTGTTTCCAGCTGAAG,0,4777104
ygeX_predicted,0.25,3,3,TCAGGGGTGATTGGACCTTA,0,4783201
ygeX_predicted,0.25,3,3,TCAGGCGCGCGCGCTGGGGC,0,4769846
ygeX_predicted,0.25,3,3,TCAGATCACACAGCTTTGGG,0,4783260
ygeX_predicted,0.25,3,3,TCACTCCCGGCATAGGCCTA,0,4794463
ygeX_predicted,0.25,3,3,TCACGCCAGCTGCTCTGCTT,0,4772032
ygeX_predicted,0.25,3,3,TCACAGAAAAGGGGTCCACA,0,4783412
ygeX_predicted,0.25,3,3,TCAATCCACTGCGGCGCATA,0,4774139
ygeX_predicted,0.25,3,3,TCAAGCAATACGGAGGACAA,0,4778731
ygeX_predicted,0.25,3,3,TCAAGAACTTATATCTGGAA,0,4775391
ygeX_predicted,0.25,3,3,TCAAAGATCGATTGTATGGC,0,4768334
ygeX_predicted,0.25,3,3,TCAAACTTTAATTCAGGGAT,0,4768164
ygeX_predicted,0.25,3,3,TATTTTGCGTATAGTCTATA,0,4781652
ygeX_predicted,0.25,3,3,TATTTCGTTGTCAGGCCCTA,0,4782764
ygeX_predicted,0.25,3,3,TATTGTGAGATTCAACATGA,0,4767831
ygeX_predicted,0.25,3,3,TATTCCGATCGTAAACTCGA,0,4788930
ygeX_predicted,0.25,3,3,TATGACTGTTAGAAGTCACG,0,4768992
ygeX_predicted,0.25,3,3,TATCTCAGAAGTGAAGGCTA,0,4775369
ygeX_predicted,0.25,3,3,TATCGGGTCACGATACACTA,0,4791521
ygeX_predicted,0.25,3,3,TATCGAGCCTCCTACTATCA,0,4782205
ygeX_predicted,0.25,3,3,TATCATTCTTTTGTAGAACT,0,4780311
ygeX_predicted,0.25,3,3,TATAGCGTGGAGTCCCGTCA,0,4775769
ygeX_predicted,0.25,3,3,TATACTTCATTGAGGGTTAA,0,4780303
ygeX_predicted,0.25,3,3,TATACGGTCTACTCACGCCA,0,4766951
ygeX_predicted,0.25,3,3,TATAAGATTCAATGAGCCTG,0,4780129
ygeX_predicted,0.25,3,3,TAGGTGCTGGAAGCTGGCGC,0,4794065
ygeX_predicted,0.25,3,3,TAGGGAGTTGATACAAAATT,0,4770272
ygeX_predicted,0.25,3,3,TAGGCCAGGGTCGAGGTTCA,0,4772791
ygeX_predicted,0.25,3,3,TAGCTTTATCTATGGTTCGA,0,4794315
ygeX_predicted,0.25,3,3,TAGCTTAACTGCAAACTGAT,0,4784595
ygeX_predicted,0.25,3,3,TAGCTCACATTAAGCAGACC,0,4792224
ygeX_predicted,0.25,3,3,TAGCGTAGTCTGACAATCCT,0,4768395
ygeX_predicted,0.25,3,3,TAGCCTACACGCTTGATGGT,0,4791386
ygeX_predicted,0.25,3,3,TAGCCCCGCATTCGCGACTG,0,4769453
ygeX_predicted,0.25,3,3,TAGCACAAATAGCAATGCTT,0,4786309
ygeX_predicted,0.25,3,3,TAGCAATGATAGAGTCACCG,0,4776243
ygeX_predicted,0.25,3,3,TAGATGATGTGTGAGGTACT,0,4773668
ygeX_predicted,0.25,3,3,TAGAGTCTAAGTATATGGGT,0,4782517
ygeX_predicted,0.25,3,3,TAGAAGTCTTTTACAGAATT,0,4767214
ygeX_predicted,0.25,3,3,TACTGCCGTGTGGGGACTTC,0,4774572
ygeX_predicted,0.25,3,3,TACTCTTAAAGGCACCGGTA,0,4784180
ygeX_predicted,0.25,3,3,TACGCTCTTGCTCAGGAATT,0,4791173
ygeX_predicted,0.25,3,3,TACGCCGGGGTAACAGACAT,0,4774317
ygeX_predicted,0.25,3,3,TACCTTAGCCTCTGCTATCC,0,4784507
ygeX_predicted,0.25,3,3,TACCGGGGGGCCTTCAAACG,0,4782962
ygeX_predicted,0.25,3,3,TACCACTGGATAGGAACATA,0,4779647
ygeX_predicted,0.25,3,3,TACATCGGGTAGATGCCGTG,0,4780786
ygeX_predicted,0.25,3,3,TACAGACCACATATATCTCT,0,4793184
ygeX_predicted,0.25,3,3,TAATTGTCTTGGCTGCCGAT,0,4775699
ygeX_predicted,0.25,3,3,TAAGCGTCACGCCTACACCT,0,4777548
ygeX_predicted,0.25,3,3,TAACGGTTATGGATATCCGA,0,4780743
ygeX_predicted,0.25,3,3,TAACGATGGTAAGCGCGGTA,0,4769530
ygeX_predicted,0.25,3,3,TAACCGGCACCGTCACCCGC,0,4772482
ygeX_predicted,0.25,3,3,TAACCCTATGTATATCGCAA,0,4782035
ygeX_predicted,0.25,3,3,TAACAACTCTTATATTCGGC,0,4787591
ygeX_predicted,0.25,3,3,TAACAAAACGCCTCACTACG,0,4785797
ygeX_predicted,0.25,3,3,TAAATCCAAAGGCGGAAGGG,0,4785739
ygeX_predicted,0.25,3,3,TAAAGGACCGCGCCAGGCCC,0,4766948
ygeX_predicted,0.25,3,3,TAAACAACTGGAAAGGCGAG,0,4774355
ygeX_predicted,0.25,3,3,TAAAAGTTATTCTCTACCAT,0,4776129
ygeX_predicted,0.25,3,3,TAAAACGTTTTATAAGTGGG,0,4769511
ygeX_predicted,0.25,3,3,TAAAACAGTGGTGGTGACGA,0,4788636
ygeX_predicted,0.25,3,3,GTTTGGAAGTGTTACCCGAA,0,4773342
ygeX_predicted,0.25,3,3,GTTTCGGAGGCCATAATAGG,0,4783437
ygeX_predicted,0.25,3,3,GTTTACGTGAACAGGGTGTT,0,4771687
ygeX_predicted,0.25,3,3,GTTTAATATCTAGAACCTGT,0,4781238
ygeX_predicted,0.25,3,3,GTTGGGTCGTTAGATGAGTC,0,4794454
ygeX_predicted,0.25,3,3,GTTGGGCTCCGATCGGCTGA,0,4789495
ygeX_predicted,0.25,3,3,GTTGCACGGTCTCGGCTAGT,0,4775198
ygeX_predicted,0.25,3,3,GTTGAGCGCCCTTGCGACTA,0,4772105
ygeX_predicted,0.25,3,3,GTTGAGCCGGAGGATAATAA,0,4787804
ygeX_predicted,0.25,3,3,GTTGAGCATTGCTGGCTTAC,0,4791012
ygeX_predicted,0.25,3,3,GTTGACTGCTCTCCACCGTT,0,4783066
ygeX_predicted,0.25,3,3,GTTCTACTAAGATGCTGCAT,0,4792720
ygeX_predicted,0.25,3,3,GTTCCCAAGACAGCGAAACG,0,4769419
ygeX_predicted,0.25,3,3,GTTCAAGCGATCTAAGCGGC,0,4773361
ygeX_predicted,0.25,3,3,GTTATTAAATGCATAGTGTG,0,4781406
ygeX_predicted,0.25,3,3,GTTATAAGTTTGGCTATCTC,0,4784093
ygeX_predicted,0.25,3,3,GTGTTATCCGTGGACTAGCC,0,4786415
ygeX_predicted,0.25,3,3,GTGTGGGAATATAGTTCCAA,0,4785269
ygeX_predicted,0.25,3,3,GTGTCGAACAGCAATGCTAC,0,4768270
ygeX_predicted,0.25,3,3,GTGTATGGGATGCGTCACAG,0,4782845
ygeX_predicted,0.25,3,3,GTGTACGCAATATGGGTCAA,0,4794787
ygeX_predicted,0.25,3,3,GTGGTTGACTTGGCATATGT,0,4781527
ygeX_predicted,0.25,3,3,GTGGTAAGTCGATGGGTTTT,0,4779430
ygeX_predicted,0.25,3,3,GTGGGAAAGATATTCACACT,0,4782534
ygeX_predicted,0.25,3,3,GTGGAGCGATCGGACGCTTA,0,4790707
ygeX_predicted,0.25,3,3,GTGGAATTGGTTTTGGACCT,0,4789032
ygeX_predicted,0.25,3,3,GTGCGTAGCGGTCTGCTTGT,0,4784956
ygeX_predicted,0.25,3,3,GTGCCCGTGCAAAAGGATGC,0,4769667
ygeX_predicted,0.25,3,3,GTGAGGCTCCGGGTAGAGAT,0,4767390
ygeX_predicted,0.25,3,3,GTGAACGGACATTCACTCTC,0,4767505
ygeX_predicted,0.25,3,3,GTGAACCTAGACTGCGAGGC,0,4782264
ygeX_predicted,0.25,3,3,GTGAAATGTCAAGTCGGATG,0,4772959
ygeX_predicted,0.25,3,3,GTGAAACGGGGACAAGGTGT,0,4786959
ygeX_predicted,0.25,3,3,GTCTATTTCTCGCCGAGCGA,0,4777765
ygeX_predicted,0.25,3,3,GTCTATTAAACCTTGATTGA,0,4790823
ygeX_predicted,0.25,3,3,GTCCAGGAACTGAGCATTCG,0,4774988
ygeX_predicted,0.25,3,3,GTCACAGCGGATTTCTGTCA,0,4775091
ygeX_predicted,0.25,3,3,GTCAAGATCAGGTAAAGGTC,0,4780593
ygeX_predicted,0.25,3,3,GTATTTAGACGTGTCACCTC,0,4778560
ygeX_predicted,0.25,3,3,GTAGTAGGTGTGGCGCATTT,0,4790494
ygeX_predicted,0.25,3,3,GTAGGTGCACTGAATCACAC,0,4781581
ygeX_predicted,0.25,3,3,GTAGCTGATGTTTCTGGAAG,0,4792783
ygeX_predicted,0.25,3,3,GTACTGTTTGCATGGTTGGC,0,4770003
ygeX_predicted,0.25,3,3,GTACTCCTGATCCCGCACTT,0,4788555
ygeX_predicted,0.25,3,3,GTACGCGAAAAATCGTTAAA,0,4773596
ygeX_predicted,0.25,3,3,GTACGAACGAGTAGGGACTT,0,4768806
ygeX_predicted,0.25,3,3,GTAATAGGAGGGATGCCGTA,0,4772003
ygeX_predicted,0.25,3,3,GTAAGTTGATCACAAAGGGT,0,4777199
ygeX_predicted,0.25,3,3,GTAAGTACGACACCGTATGA,0,4769246
ygeX_predicted,0.25,3,3,GTAAGCGGATCGGTCCCATG,0,4773949
ygeX_predicted,0.25,3,3,GGTTTCCAGCCTACTGTTGG,0,4776024
ygeX_predicted,0.25,3,3,GGTTGCCATATTTCGGGGCA,0,4782624
ygeX_predicted,0.25,3,3,GGTTGAGCGTGGGGGGAAAG,0,4785976
ygeX_predicted,0.25,3,3,GGTGTGTTGCACGGCTCAAA,0,4777762
ygeX_predicted,0.25,3,3,GGTGTACAAAGCCTCGAATC,0,4783559
ygeX_predicted,0.25,3,3,GGTGGGGGCAATCGTACTCC,0,4775552
ygeX_predicted,0.25,3,3,GGTGCGGTTACGAGGGATAA,0,4776648
ygeX_predicted,0.25,3,3,GGTGCCACGGTGTTGATTCA,0,4791842
ygeX_predicted,0.25,3,3,GGTCTCATCCCTCAACCTCT,0,4785231
ygeX_predicted,0.25,3,3,GGTCATAACAGGGCCACGGT,0,4768222
ygeX_predicted,0.25,3,3,GGTATTGCATCATATCGAAG,0,4785970
ygeX_predicted,0.25,3,3,GGTATATACATTATTTAATA,0,4792886
ygeX_predicted,0.25,3,3,GGTATAGAACTAACTGGGCG,0,4769171
ygeX_predicted,0.25,3,3,GGTAGGGTGCGGGGAAGTAC,0,4788626
ygeX_predicted,0.25,3,3,GGTAGCTCGTTCGAATCTGT,0,4769250
ygeX_predicted,0.25,3,3,GGTACCGCCAAGTTTAAGAC,0,4772768
ygeX_predicted,0.25,3,3,GGTACAGGGGTCGGAGTCCG,0,4792869
ygeX_predicted,0.25,3,3,GGTAAACCCAGACGCGAGTT,0,4770992
ygeX_predicted,0.25,3,3,GGGTGCATGTGGACCGATAA,0,4771071
ygeX_predicted,0.25,3,3,GGGTGAGGGGTGGGCGTGTA,0,4768541
ygeX_predicted,0.25,3,3,GGGTAGTGGCTCGCGGTTGG,0,4776973
ygeX_predicted,0.25,3,3,GGGGTTGACACCGGAGCGGA,0,4770760
ygeX_predicted,0.25,3,3,GGGGCATTGGTGAAATCTTA,0,4778778
ygeX_predicted,0.25,3,3,GGGGCAAGAGGAAGGCGCCC,0,4771102
ygeX_predicted,0.25,3,3,GGGCTCGGACGCGTCTAACG,0,4767826
ygeX_predicted,0.25,3,3,GGGCTATGGCCCCATTCAGC,0,4767196
ygeX_predicted,0.25,3,3,GGGCTAGGATCCAGACCCGA,0,4766710
ygeX_predicted,0.25,3,3,GGGCGGACGCCGGGTCAGAA,0,4793883
ygeX_predicted,0.25,3,3,GGGCCGATAGGGTCAATTGG,0,4784264
ygeX_predicted,0.25,3,3,GGGAGAAGGTCTGGTATAGC,0,4779988
ygeX_predicted,0.25,3,3,GGGACGGAGGAACGGCGATC,0,4790991
ygeX_predicted,0.25,3,3,GGGACCTGCGCATATTAATC,0,4792729
ygeX_predicted,0.25,3,3,GGGACACTCGGATCAGACAA,0,4772451
ygeX_predicted,0.25,3,3,GGCTATCGTGCGATCAACAT,0,4791412
ygeX_predicted,0.25,3,3,GGCGGCCGATAGTCAATAAG,0,4778328
ygeX_predicted,0.25,3,3,GGCGAAGATAAGGCATTCAT,0,4779850
ygeX_predicted,0.25,3,3,GGCCTCGTTCGTTTCCCTAA,0,4772195
ygeX_predicted,0.25,3,3,GGCCCTGGTTGCTCTTATCC,0,4773359
ygeX_predicted,0.25,3,3,GGCATTAGCGTACTGCGGCA,0,4774409
ygeX_predicted,0.25,3,3,GGCATTAAGGTCCCCCGGCT,0,4775964
ygeX_predicted,0.25,3,3,GGCATATGGTTTCCACTCTA,0,4766961
ygeX_predicted,0.25,3,3,GGCAGTTATTCTGGAATCGA,0,4774375
ygeX_predicted,0.25,3,3,GGCACTGCGGTGGACCCGAA,0,4788098
ygeX_predicted,0.25,3,3,GGCAACCAAACCACGCCCAT,0,4768288
ygeX_predicted,0.25,3,3,GGATTCTGCGCTTGACCTTC,0,4782399
ygeX_predicted,0.25,3,3,GGATTCCGGAGCCGTTGCCA,0,4768435
ygeX_predicted,0.25,3,3,GGATCGGACACGTGTTATCC,0,4778155
ygeX_predicted,0.25,3,3,GGATAATTATGCAATTCTGT,0,4777228
ygeX_predicted,0.25,3,3,GGAGCTGCGGGTGTTTTGAG,0,4786673
ygeX_predicted,0.25,3,3,GGAGCCTCGTCAGACCGTTT,0,4792422
ygeX_predicted,0.25,3,3,GGAGCATTGCTAACACGTTT,0,4781351
ygeX_predicted,0.25,3,3,GGAGATGCAACGGAATGCAA,0,4788504
ygeX_predicted,0.25,3,3,GGACTTGTGGACACCGACAA,0,4792961
ygeX_predicted,0.25,3,3,GGACATAATCAAGTGTGACA,0,4767635
ygeX_predicted,0.25,3,3,GGACAAGTCCCTGACGTAAA,0,4779299
ygeX_predicted,0.25,3,3,GGAACGTGTCAAATACGGGT,0,4786780
ygeX_predicted,0.25,3,3,GGAACGTGACGAGGATCAAG,0,4783273
ygeX_predicted,0.25,3,3,GGAACAGCCAAGGAATGATG,0,4779258
ygeX_predicted,0.25,3,3,GCTTTGCAGCGTGACGTCGT,0,4766735
ygeX_predicted,0.25,3,3,GCTTCTGGCCCTCGTGGCCG,0,4769992
ygeX_predicted,0.25,3,3,GCTTATCGACTGCGGATAAC,0,4772340
ygeX_predicted,0.25,3,3,GCTTAGTGTAATGGGGGACA,0,4778011
ygeX_predicted,0.25,3,3,GCTTAGATGACGCGTGAAGC,0,4780409
ygeX_predicted,0.25,3,3,GCTTAGACTACTTTGGACAG,0,4785949
ygeX_predicted,0.25,3,3,GCTGTGGAAAGATCGGGGCA,0,4768653
ygeX_predicted,0.25,3,3,GCTGGTATATCTGAAGTCTC,0,4792013
ygeX_predicted,0.25,3,3,GCTGGTAGTAGAAATGGGGC,0,4776051
ygeX_predicted,0.25,3,3,GCTGACACAGAGGCTTATTA,0,4776483
ygeX_predicted,0.25,3,3,GCTCGGTTGCAAAGGTAATG,0,4773681
ygeX_predicted,0.25,3,3,GCTCGCTCGTGGCTAGGTGA,0,4767790
ygeX_predicted,0.25,3,3,GCTCCGGTAGACGCGACTCT,0,4784844
ygeX_predicted,0.25,3,3,GCTCATGGGTAACTTTAAAT,0,4782334
ygeX_predicted,0.25,3,3,GCTCACGGCGACGCGTCAAG,0,4787256
ygeX_predicted,0.25,3,3,GCTCAAAGACGTGAAAGTGG,0,4775494
ygeX_predicted,0.25,3,3,GCTATTGGCTCCACGTGCTC,0,4792552
ygeX_predicted,0.25,3,3,GCTAGCGGCTAGCCTGATGC,0,4772400
ygeX_predicted,0.25,3,3,GCGTTACCAGACACCCGTGT,0,4793717
ygeX_predicted,0.25,3,3,GCGTGTTAGACAGAAAGTGA,0,4769557
ygeX_predicted,0.25,3,3,GCGTCCGGTCGATTCATGAG,0,4774019
ygeX_predicted,0.25,3,3,GCGGTTTCGAGGTTATCCGT,0,4793383
ygeX_predicted,0.25,3,3,GCGGGTACCTCATCGATCGT,0,4785390
ygeX_predicted,0.25,3,3,GCGCGTCGATCTAGAATACA,0,4793662
ygeX_predicted,0.25,3,3,GCGCCGTTCACTACGCGCAG,0,4787404
ygeX_predicted,0.25,3,3,GCGCATCCTTTTAGGACTTG,0,4793772
ygeX_predicted,0.25,3,3,GCGATACTCCAATGATCCCC,0,4783305
ygeX_predicted,0.25,3,3,GCGAGGTGCAGGGATAACTC,0,4781541
ygeX_predicted,0.25,3,3,GCCTTGGCATCTCATTCAGG,0,4768070
ygeX_predicted,0.25,3,3,GCCTATGCACAGAGGACACT,0,4792292
ygeX_predicted,0.25,3,3,GCCGGTTGCCAGTAGGAGGC,0,4784327
ygeX_predicted,0.25,3,3,GCCGGCATCACAACCCTAGC,0,4792206
ygeX_predicted,0.25,3,3,GCCGCGGCCGTTGCAAAATA,0,4786249
ygeX_predicted,0.25,3,3,GCCGAAAAATGGTCAGGTGG,0,4778028
ygeX_predicted,0.25,3,3,GCCATGGAGCTTGAGTCGTA,0,4791493
ygeX_predicted,0.25,3,3,GCCATCATATCTTCAAATCG,0,4793789
ygeX_predicted,0.25,3,3,GCCAGCGGCCGGCTCCGAAC,0,4783552
ygeX_predicted,0.25,3,3,GCCAGAACGCGTGTCTCCAG,0,4778696
ygeX_predicted,0.25,3,3,GCCAAGGACAGGTCCAACTA,0,4784752
ygeX_predicted,0.25,3,3,GCCAAGCCGTTGAGCCAATG,0,4782356
ygeX_predicted,0.25,3,3,GCATGCGGGCAAACGTAGGG,0,4791829
ygeX_predicted,0.25,3,3,GCAGTGTAGGTTGTCGAGTG,0,4786813
ygeX_predicted,0.25,3,3,GCAGGGCGTCGCTTCGAATT,0,4777813
ygeX_predicted,0.25,3,3,GCAGCTCGCTGGGGCATTCA,0,4787973
ygeX_predicted,0.25,3,3,GCACGACGGATCGTCGGACC,0,4785893
ygeX_predicted,0.25,3,3,GCAACTTGGGTGAACCTCTT,0,4786342
ygeX_predicted,0.25,3,3,GATTTGCGGTGGGGATTGAA,0,4790640
ygeX_predicted,0.25,3,3,GATTTCGACTTCGAAGCCGT,0,4794823
ygeX_predicted,0.25,3,3,GATTGCGTCAGATCACTAGA,0,4787959
ygeX_predicted,0.25,3,3,GATTGCCTTGACGATTGGCC,0,4791145
ygeX_predicted,0.25,3,3,GATTGAGGACGATGACACGA,0,4768252
ygeX_predicted,0.25,3,3,GATTAGGGGGTGTTCTTCAA,0,4776554
ygeX_predicted,0.25,3,3,GATGGTAAGCGCGCTTTATG,0,4780751
ygeX_predicted,0.25,3,3,GATGAGACTTTTATTTCCAT,0,4778740
ygeX_predicted,0.25,3,3,GATGAACTACAACAAGTAAA,0,4767806
ygeX_predicted,0.25,3,3,GATCGCTGTCCTCTCCGGTT,0,4777547
ygeX_predicted,0.25,3,3,GATCCTGGTCCATACGGCTC,0,4779897
ygeX_predicted,0.25,3,3,GATCAGTCTTCCCAGGCTGT,0,4789654
ygeX_predicted,0.25,3,3,GATATGTACTGAAGGGGTTC,0,4773055
ygeX_predicted,0.25,3,3,GATATAACAGAAGAGCGTTA,0,4779485
ygeX_predicted,0.25,3,3,GATAGTGGTTTTGCGGAACA,0,4791813
ygeX_predicted,0.25,3,3,GATACAGCGAGCTGCCCGGG,0,4775434
ygeX_predicted,0.25,3,3,GATAAGCTTCGTGAGCCAGT,0,4782091
ygeX_predicted,0.25,3,3,GAGTGGGTACGAAGACTAGG,0,4771753
ygeX_predicted,0.25,3,3,GAGTGAGAATGTTTGTCTTT,0,4775958
ygeX_predicted,0.25,3,3,GAGTCCTGGGTAAGGCCGAC,0,4780691
ygeX_predicted,0.25,3,3,GAGGGGTCGTATGTGTTCTA,0,4792218
ygeX_predicted,0.25,3,3,GAGGCTACGGTACATTTCGA,0,4792075
ygeX_predicted,0.25,3,3,GAGGCGAAGGCGCACTACCC,0,4782151
ygeX_predicted,0.25,3,3,GAGCTCGTCCGATTTAATCC,0,4781903
ygeX_predicted,0.25,3,3,GAGCGGGTACAAATCCAAAG,0,4788540
ygeX_predicted,0.25,3,3,GAGCGCAGGCCATTTATTGA,0,4794254
ygeX_predicted,0.25,3,3,GAGCGAACCTGGTATTCAAG,0,4775341
ygeX_predicted,0.25,3,3,GAGCCGCCTTTTGGACAAGC,0,4782330
ygeX_predicted,0.25,3,3,GAGCCCGTGGGCTTTCCGGC,0,4794806
ygeX_predicted,0.25,3,3,GAGACGGTAGACAGAGCTGT,0,4767309
ygeX_predicted,0.25,3,3,GAGAACGCGGATCATACAGG,0,4791639
ygeX_predicted,0.25,3,3,GACTGACGGAGGGGGATATT,0,4794001
ygeX_predicted,0.25,3,3,GACATTCGTACTTGGGAATA,0,4786031
ygeX_predicted,0.25,3,3,GACAGTTCGGCTTACGCATG,0,4771854
ygeX_predicted,0.25,3,3,GACAGTGCTAGACTGCCTCC,0,4774993
ygeX_predicted,0.25,3,3,GACAACGGTCCAACTCCGTC,0,4793994
ygeX_predicted,0.25,3,3,GACAACGATATTTTCACTTG,0,4791174
ygeX_predicted,0.25,3,3,GACAACAAGAAACGTACCCT,0,4792899
ygeX_predicted,0.25,3,3,GAATTATTTTCATGAGCTCA,0,4769174
ygeX_predicted,0.25,3,3,GAATGATTCTGAGAACCCAT,0,4784282
ygeX_predicted,0.25,3,3,GAATCTAATGTGGGGTCACT,0,4775777
ygeX_predicted,0.25,3,3,GAATAGCGAGTGCCACCTCC,0,4782370
ygeX_predicted,0.25,3,3,GAATAGCAAATTTTAACACA,0,4773498
ygeX_predicted,0.25,3,3,GAATAAGTGAAAAAGAGTAT,0,4785016
ygeX_predicted,0.25,3,3,GAAGTGTGTCGTAGTCAGGA,0,4779752
ygeX_predicted,0.25,3,3,GAAGCTAGTCACTCTTGGAG,0,4782929
ygeX_predicted,0.25,3,3,GAAGAATCAATTCGTAGGAT,0,4788097
ygeX_predicted,0.25,3,3,GAACGTCCAGTCGCTGTAAG,0,4770174
ygeX_predicted,0.25,3,3,GAACCTGGCTGTTCTGGCTC,0,4790078
ygeX_predicted,0.25,3,3,GAACATCGTTGGATGGCATA,0,4790300
ygeX_predicted,0.25,3,3,GAACATATCAATGGTGCGAA,0,4786098
ygeX_predicted,0.25,3,3,GAACACCGGCCAGGATTTTA,0,4768692
ygeX_predicted,0.25,3,3,GAAACCTTCCAATGATCTTG,0,4789007
ygeX_predicted,0.25,3,3,CTTTCGGTTTTAACGAGTCG,0,4775522
ygeX_predicted,0.25,3,3,CTTGTATTTAAATTTGCTAA,0,4788023
ygeX_predicted,0.25,3,3,CTTGTAACACCAGGTGGGAG,0,4779109
ygeX_predicted,0.25,3,3,CTTGGGGCTGGGTTACAGTT,0,4793284
ygeX_predicted,0.25,3,3,CTTGCGATTAACCGTTGCGG,0,4791943
ygeX_predicted,0.25,3,3,CTTCGGTAACGTACGCGATA,0,4789331
ygeX_predicted,0.25,3,3,CTTCGCTCGGAAGTGTGGCT,0,4777691
ygeX_predicted,0.25,3,3,CTTCCTCCCTCGCGTCGAAT,0,4783373
ygeX_predicted,0.25,3,3,CTTCACATAAGTGTCTCTAT,0,4774470
ygeX_predicted,0.25,3,3,CTTCAATGGGCATATAGCAA,0,4767371
ygeX_predicted,0.25,3,3,CTTAGTGTCCAGATCCATCT,0,4779536
ygeX_predicted,0.25,3,3,CTTAGCTTCAAGTAGGGCAA,0,4791066
ygeX_predicted,0.25,3,3,CTTAAGGCGTTAGTCATTCG,0,4786199
ygeX_predicted,0.25,3,3,CTGTTATCGAGGTGCGCGTT,0,4775344
ygeX_predicted,0.25,3,3,CTGTAAGTAGATTCCGGCCC,0,4793817
ygeX_predicted,0.25,3,3,CTGGGTAGCATTCGGAGGAA,0,4775085
ygeX_predicted,0.25,3,3,CTGGCCAATAGTTGGTGTAT,0,4768140
ygeX_predicted,0.25,3,3,CTGGAGGTTGCTACCGGGCC,0,4789192
ygeX_predicted,0.25,3,3,CTGGACGTGGCCATATATGA,0,4793694
ygeX_predicted,0.25,3,3,CTGCGGGAGTATATACCGAA,0,4784212
ygeX_predicted,0.25,3,3,CTGCGCAGCTCAGTGACTGC,0,4768459
ygeX_predicted,0.25,3,3,CTGCGAGGAAATTAGTGGAG,0,4782679
ygeX_predicted,0.25,3,3,CTGATGGCAGTAGTAGGGTT,0,4790607
ygeX_predicted,0.25,3,3,CTGATGATCGAGACTCGGGT,0,4777452
ygeX_predicted,0.25,3,3,CTCTTAGACAGTCCTACATT,0,4780317
ygeX_predicted,0.25,3,3,CTCTGTCACAGTCGCAAGAT,0,4785656
ygeX_predicted,0.25,3,3,CTCGTATTCACTGTTAGATT,0,4784101
ygeX_predicted,0.25,3,3,CTCGATTCTTCAGCCCTAAC,0,4792808
ygeX_predicted,0.25,3,3,CTCCTACGGGCTGCAGAGAC,0,4791911
ygeX_predicted,0.25,3,3,CTCCGTCGGGGTACTATCAC,0,4773992
ygeX_predicted,0.25,3,3,CTCCGGGTCATTCCGGTAGT,0,4791100
ygeX_predicted,0.25,3,3,CTCCCGTAAGCCCGTTGAAG,0,4786399
ygeX_predicted,0.25,3,3,CTCCACCTAAAGCGGCTAAC,0,4777446
ygeX_predicted,0.25,3,3,CTCAGTATTACTTAGCAGTA,0,4768425
ygeX_predicted,0.25,3,3,CTCAGTACTATGGACTACGC,0,4773262
ygeX_predicted,0.25,3,3,CTATTAATGTCTTGTTCCAG,0,4793468
ygeX_predicted,0.25,3,3,CTATATCCAAGCGCTTGGTA,0,4790237
ygeX_predicted,0.25,3,3,CTATACAGGAGGTACCACGT,0,4768259
ygeX_predicted,0.25,3,3,CTAGTGGGCCATCTAATGCC,0,4769178
ygeX_predicted,0.25,3,3,CTAGGTTTTGGGGGTGCTTC,0,4767245
ygeX_predicted,0.25,3,3,CTAGGTTGGCGCTTCTCACT,0,4767651
ygeX_predicted,0.25,3,3,CTACGGTCATAATTACGCAC,0,4774932
ygeX_predicted,0.25,3,3,CTAAGTAGCAGAGCTCTGTG,0,4778806
ygeX_predicted,0.25,3,3,CTAAGGGTGGTTGTGGTACC,0,4774901
ygeX_predicted,0.25,3,3,CTAACGGATTGAGGTCCGTA,0,4778774
ygeX_predicted,0.25,3,3,CTAAACGTCTGTACACCAAC,0,4781031
ygeX_predicted,0.25,3,3,CGTTTATTGCGAGAAAGTCA,0,4791441
ygeX_predicted,0.25,3,3,CGTTTAGTCGATCTGCATTG,0,4770762
ygeX_predicted,0.25,3,3,CGTGGGTCAAGAGTGGTGAA,0,4784803
ygeX_predicted,0.25,3,3,CGTGGCGATTATCGTCACCT,0,4769145
ygeX_predicted,0.25,3,3,CGTGCGGCTGTGCACACCGC,0,4785284
ygeX_predicted,0.25,3,3,CGTCTCTTTACGTTTAATAT,0,4784424
ygeX_predicted,0.25,3,3,CGTCATGGTTACGCGTTGCG,0,4778585
ygeX_predicted,0.25,3,3,CGTCAGGATTCTGCTGCTGG,0,4785765
ygeX_predicted,0.25,3,3,CGTACGCGACGCTTGCCATT,0,4769068
ygeX_predicted,0.25,3,3,CGTACACAAAGGTGCAGGAG,0,4766924
ygeX_predicted,0.25,3,3,CGTAAGGGAATTATGTGAGA,0,4782448
ygeX_predicted,0.25,3,3,CGGTTAGGCGAAGACTCCGA,0,4770263
ygeX_predicted,0.25,3,3,CGGTGGGACGATCTGGAGAA,0,4782142
ygeX_predicted,0.25,3,3,CGGTCTCGACCGCGCGCAAT,0,4772635
ygeX_predicted,0.25,3,3,CGGTCGCTCAATGATGAGGT,0,4793923
ygeX_predicted,0.25,3,3,CGGTCCAGGCAGTAGACCCA,0,4789774
ygeX_predicted,0.25,3,3,CGGTAGTCCAGCGGAACCCT,0,4777397
ygeX_predicted,0.25,3,3,CGGTACGGTATCGTTTCGTT,0,4770387
ygeX_predicted,0.25,3,3,CGGGTGCCTGAGTAGTGGTT,0,4769591
ygeX_predicted,0.25,3,3,CGGGGTTTATAGTGGCGCTA,0,4777932
ygeX_predicted,0.25,3,3,CGGGGCAATTTAACGACATC,0,4786654
ygeX_predicted,0.25,3,3,CGGGCTTCTCTATCAGTGAA,0,4779246
ygeX_predicted,0.25,3,3,CGGGCTATTCTGAGCTATCA,0,4785292
ygeX_predicted,0.25,3,3,CGGGCAGCCGGGGTTTAAGA,0,4781197
ygeX_predicted,0.25,3,3,CGGGAAAAGCGGTCATGAAT,0,4773148
ygeX_predicted,0.25,3,3,CGGCGTTCACGGCTATTCTC,0,4791636
ygeX_predicted,0.25,3,3,CGGCGCATCGTGCATCTCAT,0,4778596
ygeX_predicted,0.25,3,3,CGGCCTTGGTCGGCAAACGT,0,4793384
ygeX_predicted,0.25,3,3,CGGCCAGATAGCCTTTCATT,0,4781736
ygeX_predicted,0.25,3,3,CGGCCAAAACATAGCCATCT,0,4773716
ygeX_predicted,0.25,3,3,CGGCAGTTGGGAAAGTGGGG,0,4772113
ygeX_predicted,0.25,3,3,CGGCACCTAAGATCGGGAGA,0,4794085
ygeX_predicted,0.25,3,3,CGGCACAGAATGCTTGATAG,0,4780100
ygeX_predicted,0.25,3,3,CGGATGTACACGGATACGAT,0,4791480
ygeX_predicted,0.25,3,3,CGGACCGCGGGGAGCCGAGG,0,4779532
ygeX_predicted,0.25,3,3,CGGACAGTCTAGCCAGCCGA,0,4778317
ygeX_predicted,0.25,3,3,CGGAAGTCACGGTCTTCAGT,0,4781290
ygeX_predicted,0.25,3,3,CGCTCTAAGGTTGCGTAATT,0,4779409
ygeX_predicted,0.25,3,3,CGCTCCAGGAACCACATCCT,0,4780014
ygeX_predicted,0.25,3,3,CGCTAACCTAGTGGTATCAG,0,4792654
ygeX_predicted,0.25,3,3,CGCGCTGCTGACAAAACGGG,0,4772152
ygeX_predicted,0.25,3,3,CGCGCTCGTCGCCCCCCACC,0,4793136
ygeX_predicted,0.25,3,3,CGCGAGTGTTGGGACCAAAA,0,4778172
ygeX_predicted,0.25,3,3,CGCGACCCTCCCACTGGCAA,0,4794062
ygeX_predicted,0.25,3,3,CGCCTGAGTATATAAACTAA,0,4790535
ygeX_predicted,0.25,3,3,CGCCGTTAATAATCAGTCAG,0,4780254
ygeX_predicted,0.25,3,3,CGCCGTGAACGATAAGGGAT,0,4783563
ygeX_predicted,0.25,3,3,CGCCCTTTCTATAGTTCACG,0,4783017
ygeX_predicted,0.25,3,3,CGCCCTGTCAACGCGTAGAC,0,4789601
ygeX_predicted,0.25,3,3,CGCCCACTCACTGAGCATGC,0,4775507
ygeX_predicted,0.25,3,3,CGCCCACGTAGCAGAGGACA,0,4772674
ygeX_predicted,0.25,3,3,CGCCACTGGGTTAATATTTG,0,4793655
ygeX_predicted,0.25,3,3,CGCCACGTAGGAGGTATCTT,0,4788436
ygeX_predicted,0.25,3,3,CGCATGTTGGTTAAGGTATA,0,4792795
ygeX_predicted,0.25,3,3,CGCAGGACTCGTCGGATCGT,0,4787450
ygeX_predicted,0.25,3,3,CGCACGGAAAACCGGGGGCT,0,4780604
ygeX_predicted,0.25,3,3,CGCACCAGTTGTATTTGGGC,0,4778834
ygeX_predicted,0.25,3,3,CGATAGTGGTATAGTGCCTC,0,4791135
ygeX_predicted,0.25,3,3,CGAGTGGGAGCGCGGGTGGT,0,4789236
ygeX_predicted,0.25,3,3,CGAGTAATAATTCCGTTCAA,0,4781665
ygeX_predicted,0.25,3,3,CGAGGCCGCCAGATCGGGAT,0,4770645
ygeX_predicted,0.25,3,3,CGACGTTTGTAATGATTTTT,0,4780991
ygeX_predicted,0.25,3,3,CGACCTCCGCCACACGAACC,0,4782983
ygeX_predicted,0.25,3,3,CCTTCGCCGCTCAGGGGGCG,0,4782661
ygeX_predicted,0.25,3,3,CCTTCCGTTTTCCATTCCCA,0,4769181
ygeX_predicted,0.25,3,3,CCTTACTACGTTCGATATGG,0,4787445
ygeX_predicted,0.25,3,3,CCTGTTGAAACTCTTATCAA,0,4768461
ygeX_predicted,0.25,3,3,CCTGATGTTTCATGTAATGT,0,4769810
ygeX_predicted,0.25,3,3,CCTGAAGGCGCGTATGACCT,0,4790299
ygeX_predicted,0.25,3,3,CCTCTTCGCCCGACTTCCGC,0,4777566
ygeX_predicted,0.25,3,3,CCTCGCCGCGCTCAACCGTA,0,4767091
ygeX_predicted,0.25,3,3,CCTCATTAGGGGACAATCGA,0,4786918
ygeX_predicted,0.25,3,3,CCTCAGGACGGATTGGTTTG,0,4781164
ygeX_predicted,0.25,3,3,CCTCAGAACCACACGTCGCT,0,4782450
ygeX_predicted,0.25,3,3,CCTAGTACCAAAGACAGCCG,0,4783339
ygeX_predicted,0.25,3,3,CCGTCTGTTGAGGGCAGAAG,0,4787293
ygeX_predicted,0.25,3,3,CCGTACCCCAGTATTTTATC,0,4771116
ygeX_predicted,0.25,3,3,CCGGTCCAGGTCCATGGAAC,0,4780787
ygeX_predicted,0.25,3,3,CCGGGTCGCGGTTGGCCACA,0,4785829
ygeX_predicted,0.25,3,3,CCGGGCAGTTAGATGTGGGG,0,4783941
ygeX_predicted,0.25,3,3,CCGCTAAAGCCGAGACAATT,0,4772368
ygeX_predicted,0.25,3,3,CCGATGGTGTGGGCAGGTAT,0,4784355
ygeX_predicted,0.25,3,3,CCGATGGGCCTCAAGGGAAG,0,4790383
ygeX_predicted,0.25,3,3,CCGAGGGGATTGTTCGTTGT,0,4779341
ygeX_predicted,0.25,3,3,CCGAGCATCTAACGGGCTCG,0,4792094
ygeX_predicted,0.25,3,3,CCGACACATATGTATAACCA,0,4781898
ygeX_predicted,0.25,3,3,CCCTGGGCAGGTCTAAAAGA,0,4782834
ygeX_predicted,0.25,3,3,CCCTGCCCCCGAAACGCAGA,0,4772255
ygeX_predicted,0.25,3,3,CCCGTGTACTGAAGTATTCG,0,4786456
ygeX_predicted,0.25,3,3,CCCGTATCAAGAGATACGCG,0,4771270
ygeX_predicted,0.25,3,3,CCCGTAGTCCAAACATGTTA,0,4773458
ygeX_predicted,0.25,3,3,CCCGGTTAGCTGGGCAATAT,0,4778259
ygeX_predicted,0.25,3,3,CCCGGGAGCCCATTGCCCAA,0,4775835
ygeX_predicted,0.25,3,3,CCCGGGAACAGTCCGGCGAA,0,4767200
ygeX_predicted,0.25,3,3,CCCGCTCGTCTCTCCATAAA,0,4777392
ygeX_predicted,0.25,3,3,CCCGCTAGTACGGTCAAAGA,0,4772603
ygeX_predicted,0.25,3,3,CCCGCGTGATGTGGCGTGAG,0,4779639
ygeX_predicted,0.25,3,3,CCCGCCCGGTGACAGCAAGA,0,4794408
ygeX_predicted,0.25,3,3,CCCGAGTGCAATTCACCTCA,0,4778894
ygeX_predicted,0.25,3,3,CCCGAGGCTGGTAGCCCCGA,0,4774958
ygeX_predicted,0.25,3,3,CCCGAGAGCAATCTCCCGTG,0,4778870
ygeX_predicted,0.25,3,3,CCCGACGATTTGTCTAGGCC,0,4769091
ygeX_predicted,0.25,3,3,CCCCTTTACGTCCCCGTTAA,0,4767958
ygeX_predicted,0.25,3,3,CCCCGGAAATACGAAGCAAA,0,4770463
ygeX_predicted,0.25,3,3,CCCCCTCCGACGACTCGGCG,0,4773029
ygeX_predicted,0.25,3,3,CCCATGCTTACGATTAGAGC,0,4775731
ygeX_predicted,0.25,3,3,CCCAGTCAAGCTCCACAACT,0,4776432
ygeX_predicted,0.25,3,3,CCCAGGGACTTCTCATCAAC,0,4783455
ygeX_predicted,0.25,3,3,CCCAGGCCAGTAGTGTATTT,0,4769148
ygeX_predicted,0.25,3,3,CCCACAGTTGTATGATTCTG,0,4785671
ygeX_predicted,0.25,3,3,CCATCGTCTTCTCTCTCCAA,0,4783765
ygeX_predicted,0.25,3,3,CCATCCATGCAGTTGGTCTA,0,4785461
ygeX_predicted,0.25,3,3,CCAGCAGGCTGTAGTCTGGA,0,4789703
ygeX_predicted,0.25,3,3,CCACTCATATAATATTAAAC,0,4772921
ygeX_predicted,0.25,3,3,CCACGGAATGGTTTGAAAGC,0,4792482
ygeX_predicted,0.25,3,3,CCACATGGCGGTTAACTTAA,0,4791218
ygeX_predicted,0.25,3,3,CCACAAAGAAGATGAGTAAT,0,4794146
ygeX_predicted,0.25,3,3,CCAATTTAATAATTGGAGAG,0,4786000
ygeX_predicted,0.25,3,3,CCAAGGCATCAACCGGTCCG,0,4785187
ygeX_predicted,0.25,3,3,CCAAGCAGGAATTCCGTTCC,0,4779569
ygeX_predicted,0.25,3,3,CCAACCCGCCTAAAATTTCG,0,4778409
ygeX_predicted,0.25,3,3,CCAAAACAGAGCGCCAAGAG,0,4773748
ygeX_predicted,0.25,3,3,CATTGCACGAGTGCCGTATC,0,4779393
ygeX_predicted,0.25,3,3,CATGTGCTCGAGAAAACCAC,0,4791599
ygeX_predicted,0.25,3,3,CATCTTAGGGTCAATTCATG,0,4791168
ygeX_predicted,0.25,3,3,CATCTCCAGATAATTCGTCT,0,4793773
ygeX_predicted,0.25,3,3,CATAGGCGGACCGGTTATCT,0,4792556
ygeX_predicted,0.25,3,3,CATAATTTCGGGCTCATGCT,0,4784013
ygeX_predicted,0.25,3,3,CAGTGCTCTAAACCCATCGG,0,4772989
ygeX_predicted,0.25,3,3,CAGTAAGACGTGTAGTACTA,0,4794808
ygeX_predicted,0.25,3,3,CAGGTCCCACTTCCAGAAAC,0,4784812
ygeX_predicted,0.25,3,3,CAGGGATCTATTTGGCGTGA,0,4789379
ygeX_predicted,0.25,3,3,CAGGCAATCCGTGGTATTAT,0,4784767
ygeX_predicted,0.25,3,3,CAGGATGCGTAGACCGCACT,0,4787004
ygeX_predicted,0.25,3,3,CAGGATAGGGGTACCTCAAC,0,4771385
ygeX_predicted,0.25,3,3,CAGCGCCTTTGGGTCAAGAC,0,4775278
ygeX_predicted,0.25,3,3,CAGCCTAAAACCCGGGCCAA,0,4783888
ygeX_predicted,0.25,3,3,CAGCATATCATTATACGCCA,0,4790013
ygeX_predicted,0.25,3,3,CAGCAGTACAGGCTCTCGGT,0,4775986
ygeX_predicted,0.25,3,3,CAGCAGCCTTCGTGTAATTG,0,4781136
ygeX_predicted,0.25,3,3,CAGAATTTCGTCTCATGAAT,0,4785552
ygeX_predicted,0.25,3,3,CACTGATCAGCTCGGCTCCT,0,4778019
ygeX_predicted,0.25,3,3,CACTATTACCATGAACTTAT,0,4794674
ygeX_predicted,0.25,3,3,CACTACACTAGAGGTGCTGA,0,4783221
ygeX_predicted,0.25,3,3,CACGTCCTAACACTGTGTCT,0,4776130
ygeX_predicted,0.25,3,3,CACGCGGTGCTGTGCCGCCC,0,4786341
ygeX_predicted,0.25,3,3,CACCGGTGAGCACGTATATT,0,4782016
ygeX_predicted,0.25,3,3,CACCATCGACGAGGAAGTAC,0,4781915
ygeX_predicted,0.25,3,3,CACACACGGGCCGGCCGATC,0,4780575
ygeX_predicted,0.25,3,3,CACAACTAAGCTGATTTGGA,0,4790571
ygeX_predicted,0.25,3,3,CAATATCGGGGCCGTGTGGT,0,4776305
ygeX_predicted,0.25,3,3,CAATAGGGTATATCCCAGGA,0,4774045
ygeX_predicted,0.25,3,3,CAATACTTGAGCCTTCGCGT,0,4767767
ygeX_predicted,0.25,3,3,CAAGGCGTGTAAAAGTGTTC,0,4776683
ygeX_predicted,0.25,3,3,CAAATTTGCTTACCATATCG,0,4791062
ygeX_predicted,0.25,3,3,CAAATTGGGGGTTCAGAAGA,0,4781001
ygeX_predicted,0.25,3,3,CAAAACCCGGCCTATTAATT,0,4778290
ygeX_predicted,0.25,3,3,ATTTTGCGGCTGAAATGAAT,0,4782613
ygeX_predicted,0.25,3,3,ATTTCATCCCGCGGTGAAGT,0,4771461
ygeX_predicted,0.25,3,3,ATTTATACTAATTCTGCCAC,0,4785579
ygeX_predicted,0.25,3,3,ATTGTTGTGGTGTCACTGGT,0,4771767
ygeX_predicted,0.25,3,3,ATTGGTTTTCGTTGCCTTGT,0,4778650
ygeX_predicted,0.25,3,3,ATTGGGGCTGGGCAGCACCT,0,4779913
ygeX_predicted,0.25,3,3,ATTGCCAAGTCATGTAAATT,0,4780463
ygeX_predicted,0.25,3,3,ATTGCAGGTACATGCGAAAA,0,4793574
ygeX_predicted,0.25,3,3,ATTGCAGCGAGAGAGCAATA,0,4776547
ygeX_predicted,0.25,3,3,ATTGATCTGCTACTCATAAT,0,4788017
ygeX_predicted,0.25,3,3,ATTCGGAACGTGGTCTCACT,0,4770055
ygeX_predicted,0.25,3,3,ATTAGGAGTGTGGTGATTTA,0,4784735
ygeX_predicted,0.25,3,3,ATTAGCCCTAGGCAACTAGG,0,4783101
ygeX_predicted,0.25,3,3,ATTACCAGGCAATTGAGTGC,0,4792269
ygeX_predicted,0.25,3,3,ATGTGATAGAAGAAACGGAA,0,4787225
ygeX_predicted,0.25,3,3,ATGTCACGTTATACGAGTTA,0,4787937
ygeX_predicted,0.25,3,3,ATGGTCTTGCGAAAATGCTC,0,4774436
ygeX_predicted,0.25,3,3,ATGGTAACGCGTATTTGTTC,0,4782553
ygeX_predicted,0.25,3,3,ATGGGGTTAACACGGCACAG,0,4791862
ygeX_predicted,0.25,3,3,ATGGAGCCCCATGCGCTAAC,0,4787367
ygeX_predicted,0.25,3,3,ATGGAACAGTCCTACCAATT,0,4790187
ygeX_predicted,0.25,3,3,ATGCCGTACGAGCTTCTCCG,0,4775163
ygeX_predicted,0.25,3,3,ATGCAGTGTTAGTACGGTCT,0,4789286
ygeX_predicted,0.25,3,3,ATGACTGGGTCTTTCCTCGG,0,4783172
ygeX_predicted,0.25,3,3,ATCTGGCCAAATGCATGTCA,0,4787425
ygeX_predicted,0.25,3,3,ATCTCCGATGAACACCGCGC,0,4794156
ygeX_predicted,0.25,3,3,ATCTAGATTTCTCGTAGGAA,0,4794088
ygeX_predicted,0.25,3,3,ATCTACACGTTCTGGTCAAA,0,4771382
ygeX_predicted,0.25,3,3,ATCGGCCTGCGATGCACTCA,0,4771030
ygeX_predicted,0.25,3,3,ATCCTGCGGGATTGGAATCC,0,4767012
ygeX_predicted,0.25,3,3,ATCCAGACGCAGATGCTTAT,0,4792078
ygeX_predicted,0.25,3,3,ATCATGTCCAGGCACCGATC,0,4777127
ygeX_predicted,0.25,3,3,ATCATGGGCGAGTCGCTTTA,0,4786943
ygeX_predicted,0.25,3,3,ATCAGTTCCAGGGATTCCAG,0,4776777
ygeX_predicted,0.25,3,3,ATCAGATGGTTGGCTCAGTC,0,4784757
ygeX_predicted,0.25,3,3,ATCACTCATCTTCACGCTGC,0,4792310
ygeX_predicted,0.25,3,3,ATCAAGTTGGTGGCACGACA,0,4793452
ygeX_predicted,0.25,3,3,ATATTGGTAGGTTCCCGCGA,0,4769841
ygeX_predicted,0.25,3,3,ATATTCGACAAGTAGTCGAT,0,4788118
ygeX_predicted,0.25,3,3,ATATGTGGCATAGCCTTATG,0,4772602
ygeX_predicted,0.25,3,3,ATATGCAGAAATTCAACTGC,0,4774790
ygeX_predicted,0.25,3,3,ATATCTGGGGCGAATGCGGA,0,4779132
ygeX_predicted,0.25,3,3,ATATCCGATTCCACAGTATA,0,4778817
ygeX_predicted,0.25,3,3,ATATCAGTGTCGGAAAATGC,0,4784204
ygeX_predicted,0.25,3,3,ATATAGGCCCCGGGGCTCCT,0,4771888
ygeX_predicted,0.25,3,3,ATAGGGGGTTACTTTTTGTC,0,4783087
ygeX_predicted,0.25,3,3,ATAGGCCATACAGCAATCGG,0,4772213
ygeX_predicted,0.25,3,3,ATAGGAGTGCTAGGCCGAAT,0,4775021
ygeX_predicted,0.25,3,3,ATACGGGGTTGTTTTGGCCA,0,4775175
ygeX_predicted,0.25,3,3,ATACCGAGGAACTTCCGTTT,0,4793174
ygeX_predicted,0.25,3,3,ATACAAAGCTCTAGTGTCAC,0,4782538
ygeX_predicted,0.25,3,3,ATAAGTCCCCTTCGCGGTCC,0,4780035
ygeX_predicted,0.25,3,3,ATAAGGTATTATACTATTGT,0,4776345
ygeX_predicted,0.25,3,3,ATAAAGGTTATATCGGGTTT,0,4787012
ygeX_predicted,0.25,3,3,ATAAAACGTGTACGTATTTC,0,4773928
ygeX_predicted,0.25,3,3,AGTTTGTCTCTGTTGCTAGG,0,4776809
ygeX_predicted,0.25,3,3,AGTTGATTAACATGTCGAGA,0,4767750
ygeX_predicted,0.25,3,3,AGTTCTATACGTGCAAGCTC,0,4773601
ygeX_predicted,0.25,3,3,AGTTACTCAAAGAGCAAGGA,0,4772771
ygeX_predicted,0.25,3,3,AGTTAAAGAACCCTAAGCGG,0,4791617
ygeX_predicted,0.25,3,3,AGTGTTGATAGGGATTTTGT,0,4792323
ygeX_predicted,0.25,3,3,AGTGAGGATTAGAGGTCAAC,0,4781791
ygeX_predicted,0.25,3,3,AGTCTCGGGCATGCTTGACG,0,4791503
ygeX_predicted,0.25,3,3,AGTACGGACACACGACGTCT,0,4781270
ygeX_predicted,0.25,3,3,AGGTTTTGCCTTGGCGCACA,0,4790531
ygeX_predicted,0.25,3,3,AGGTGTCAAGGGCTGGATGC,0,4789118
ygeX_predicted,0.25,3,3,AGGTCCATAGATTCTATCTT,0,4782131
ygeX_predicted,0.25,3,3,AGGGTACGGGAAATTCGGTG,0,4780792
ygeX_predicted,0.25,3,3,AGGGACATTTTGAGTCCGCG,0,4788383
ygeX_predicted,0.25,3,3,AGGCGCCGGGAATCTTACCT,0,4792862
ygeX_predicted,0.25,3,3,AGGCGATGAGGGTTGAACGC,0,4770949
ygeX_predicted,0.25,3,3,AGGCCTCAGCCCACGTGACA,0,4779397
ygeX_predicted,0.25,3,3,AGGCCGATCCTGTCTCACCC,0,4768051
ygeX_predicted,0.25,3,3,AGGCCAGGGATCAACGCTGC,0,4784142
ygeX_predicted,0.25,3,3,AGCTTTCAACCGCCCAACGT,0,4769666
ygeX_predicted,0.25,3,3,AGCTTGGAAGCGGTCATTAG,0,4784203
ygeX_predicted,0.25,3,3,AGCTCTACAGTGCGTGTCAA,0,4770318
ygeX_predicted,0.25,3,3,AGCGAAAGTAATTAACGACG,0,4790128
ygeX_predicted,0.25,3,3,AGCCGCAGAGGTCGCGACCC,0,4794012
ygeX_predicted,0.25,3,3,AGCCATCCCGCTGGGATTTA,0,4779452
ygeX_predicted,0.25,3,3,AGCCAAAGCGCTCTTACGAA,0,4776445
ygeX_predicted,0.25,3,3,AGCAGGGATTAAAAAGTCTA,0,4780712
ygeX_predicted,0.25,3,3,AGCACCTGAGTTTCCAAGAA,0,4773050
ygeX_predicted,0.25,3,3,AGCACCGATTTAGACTATCG,0,4775574
ygeX_predicted,0.25,3,3,AGCAAGGTCAACCCATAGAG,0,4784642
ygeX_predicted,0.25,3,3,AGATACAGCAGACGCCCGCA,0,4785228
ygeX_predicted,0.25,3,3,AGATAATTTTGAATCCGGGA,0,4768501
ygeX_predicted,0.25,3,3,AGAGTGTTGTGCGGAGCCTT,0,4769244
ygeX_predicted,0.25,3,3,AGAGGTCATAAAGGCAGAAA,0,4773989
ygeX_predicted,0.25,3,3,AGAGCAATGCTAGGCGCCTA,0,4773920
ygeX_predicted,0.25,3,3,AGACCTACGGATACGGACGG,0,4793625
ygeX_predicted,0.25,3,3,AGACAAGTAGGAGGTATTCC,0,4779685
ygeX_predicted,0.25,3,3,AGAATCTAGCGGCAGCATTA,0,4767718
ygeX_predicted,0.25,3,3,AGAATAAGTTAAAGATACTT,0,4793677
ygeX_predicted,0.25,3,3,AGAAGTGTTTATAAAGAGAT,0,4773424
ygeX_predicted,0.25,3,3,AGAAGGCAGGAAATGGCTCG,0,4792885
ygeX_predicted,0.25,3,3,AGAAGACTGCGGGTAGCGTC,0,4776882
ygeX_predicted,0.25,3,3,AGAACGGGGTTCCCCACGCT,0,4769218
ygeX_predicted,0.25,3,3,ACTTTCGTCGGGTAAAGATC,0,4768640
ygeX_predicted,0.25,3,3,ACTTGTCTGCTTCACAACAG,0,4778363
ygeX_predicted,0.25,3,3,ACTTGTAATCGCTCGAATTA,0,4786872
ygeX_predicted,0.25,3,3,ACTTGCACATCGAGCTCTGC,0,4785039
ygeX_predicted,0.25,3,3,ACTTGACAAGGATTGCAGAA,0,4771960
ygeX_predicted,0.25,3,3,ACTTACCTAAGTGACGGTGA,0,4792707
ygeX_predicted,0.25,3,3,ACTGTGCTGCCGAGCTCCTA,0,4783781
ygeX_predicted,0.25,3,3,ACTGGTTTTGTGGCAATCCG,0,4770167
ygeX_predicted,0.25,3,3,ACTGGGTGTGAGACTCTATA,0,4785273
ygeX_predicted,0.25,3,3,ACTGCATAGTAAGGGGTACT,0,4789968
ygeX_predicted,0.25,3,3,ACTCTAGTATCGGGTGGCCC,0,4774857
ygeX_predicted,0.25,3,3,ACTCAATACCGCGGCAAATG,0,4780688
ygeX_predicted,0.25,3,3,ACTATCGTGTCTTCCTGCCT,0,4793719
ygeX_predicted,0.25,3,3,ACGTTTAAGGGCTCTGATAT,0,4767473
ygeX_predicted,0.25,3,3,ACGTTACGAAGCAATTCGAT,0,4767267
ygeX_predicted,0.25,3,3,ACGTGGCACGTCGCTTAAAA,0,4790404
ygeX_predicted,0.25,3,3,ACGTCGTATAGCGGGTTTGT,0,4782681
ygeX_predicted,0.25,3,3,ACGTCACCTTTTCTTGGAAA,0,4788438
ygeX_predicted,0.25,3,3,ACGGTATTTTTTTTTGGACC,0,4779443
ygeX_predicted,0.25,3,3,ACGATCAGTGACTGTTTTAC,0,4783132
ygeX_predicted,0.25,3,3,ACGAGGGTTTCCGACGAGTA,0,4791846
ygeX_predicted,0.25,3,3,ACGAGCCTCCGTCAAGTGAA,0,4774748
ygeX_predicted,0.25,3,3,ACGACATTGACTGTGATACA,0,4770284
ygeX_predicted,0.25,3,3,ACGAACGGTCTCGACAACCA,0,4787011
ygeX_predicted,0.25,3,3,ACCTTTTTATTGCGGGGATA,0,4768144
ygeX_predicted,0.25,3,3,ACCTTGTCTGTGGCCCAATT,0,4789713
ygeX_predicted,0.25,3,3,ACCTTGTCGGCACTCTCTGC,0,4789000
ygeX_predicted,0.25,3,3,ACCTTGTAGCTGTTCCGAAC,0,4773776
ygeX_predicted,0.25,3,3,ACCTGTGACCAGGTTGATAT,0,4785279
ygeX_predicted,0.25,3,3,ACCTGACGAGCGAATAAGGA,0,4792239
ygeX_predicted,0.25,3,3,ACCTATAAAATCCCGCGTTA,0,4785800
ygeX_predicted,0.25,3,3,ACCGTGTTCCCCGTTTATTA,0,4782466
ygeX_predicted,0.25,3,3,ACCGTCTCTCAGGCTGGGGT,0,4786889
ygeX_predicted,0.25,3,3,ACCGTATATCTTTTTCGAAC,0,4772922
ygeX_predicted,0.25,3,3,ACCGGGGCCCGATTATTGAT,0,4794759
ygeX_predicted,0.25,3,3,ACCGCGCAAACGGTTAGTGT,0,4780707
ygeX_predicted,0.25,3,3,ACCGAGCGCTCACACAACTC,0,4770516
ygeX_predicted,0.25,3,3,ACCCGTATTGCGCGGGCTTA,0,4772900
ygeX_predicted,0.25,3,3,ACCCGTACGCTTTCCGTGGG,0,4781087
ygeX_predicted,0.25,3,3,ACCCGCGGAAGATGTCCAGA,0,4773781
ygeX_predicted,0.25,3,3,ACCCCGGCAAAGAGTGCTCC,0,4788013
ygeX_predicted,0.25,3,3,ACCCAACCGGGGTCTTGACT,0,4777318
ygeX_predicted,0.25,3,3,ACCAGGTTGGGAAGTACCGC,0,4790060
ygeX_predicted,0.25,3,3,ACCAGGGGGTGTCAAGTTTG,0,4774678
ygeX_predicted,0.25,3,3,ACCACTTGTGTACCGGCCAT,0,4790189
ygeX_predicted,0.25,3,3,ACCACGTGCTGGCCACTGTG,0,4787153
ygeX_predicted,0.25,3,3,ACATACAGTATGTGGATGTT,0,4769547
ygeX_predicted,0.25,3,3,ACAGTTCCCTGGTGGTATCG,0,4768166
ygeX_predicted,0.25,3,3,ACAGTGATTGTTTTAGACCA,0,4777971
ygeX_predicted,0.25,3,3,ACAGGCACAGAGTTTATGTC,0,4782760
ygeX_predicted,0.25,3,3,ACAGCATTGGGGGAAATATC,0,4780645
ygeX_predicted,0.25,3,3,ACAGATTAAAAACTGATGCG,0,4770410
ygeX_predicted,0.25,3,3,ACAGACGGGCTATTCCGGAA,0,4793060
ygeX_predicted,0.25,3,3,ACACCGTAAGGGTATACTGC,0,4786110
ygeX_predicted,0.25,3,3,ACACATACCGCCGTATGGTT,0,4778583
ygeX_predicted,0.25,3,3,ACAATAGGGCTTGGTATCGA,0,4778413
ygeX_predicted,0.25,3,3,ACAAGTTCAGTATGGTCTTT,0,4786735
ygeX_predicted,0.25,3,3,ACAAGACGACTTTAACATCT,0,4794337
ygeX_predicted,0.25,3,3,ACAACGCCACATGATATGTA,0,4777786
ygeX_predicted,0.25,3,3,ACAAAGTTCGATCGCGGGAT,0,4792958
ygeX_predicted,0.25,3,3,AATTTGATAAAAACCCAGGC,0,4785132
ygeX_predicted,0.25,3,3,AATTCCGAATAGTCCATCGC,0,4791504
ygeX_predicted,0.25,3,3,AATTAACTATCAGGGGAAGT,0,4784577
ygeX_predicted,0.25,3,3,AATGTTTTGCAGAACTAACT,0,4792605
ygeX_predicted,0.25,3,3,AATGTGGGATCCACCGTATA,0,4790220
ygeX_predicted,0.25,3,3,AATGTGCACGAAGATCAGTG,0,4785932
ygeX_predicted,0.25,3,3,AATGACCCCACGGCGGGGTT,0,4780846
ygeX_predicted,0.25,3,3,AATGACAGTAATCCTCCTCT,0,4789333
ygeX_predicted,0.25,3,3,AATCTATTGCTGACCTATAC,0,4783021
ygeX_predicted,0.25,3,3,AATCGCCGTGCTCGGCCAGG,0,4780131
ygeX_predicted,0.25,3,3,AATAGCAGTGGGGTAATTGC,0,4776464
ygeX_predicted,0.25,3,3,AATACGGATCAGGCTGCACA,0,4791053
ygeX_predicted,0.25,3,3,AATAAGACTTCCGAGCTCAG,0,4788361
ygeX_predicted,0.25,3,3,AAGTTTCAGAGGTTTGAGAC,0,4785790
ygeX_predicted,0.25,3,3,AAGTTCCACGCCCTGGCTTT,0,4770504
ygeX_predicted,0.25,3,3,AAGTTATTCAGCATTACGCG,0,4772925
ygeX_predicted,0.25,3,3,AAGTGAACTATTCACTTCTC,0,4784702
ygeX_predicted,0.25,3,3,AAGTCGTTCTTACCGTGAGC,0,4794541
ygeX_predicted,0.25,3,3,AAGTCCCGACTGTCAAAAAT,0,4767966
ygeX_predicted,0.25,3,3,AAGTCATAAGATCAGTACCG,0,4792438
ygeX_predicted,0.25,3,3,AAGTACGACTGCAGTGAATA,0,4777745
ygeX_predicted,0.25,3,3,AAGCGAGTAATTCAGACTGC,0,4778167
ygeX_predicted,0.25,3,3,AAGCCGTTAGAGAAAAGCTA,0,4780690
ygeX_predicted,0.25,3,3,AAGAGCCGGTCCTTGTGTCG,0,4793689
ygeX_predicted,0.25,3,3,AAGAGCACGCACCCTGCCCC,0,4783135
ygeX_predicted,0.25,3,3,AAGACATTGCGTGTCTCTGT,0,4789694
ygeX_predicted,0.25,3,3,AAGAATGTCCGTTGTTGGAG,0,4779760
ygeX_predicted,0.25,3,3,AACTTATTCAGGAAGATCTT,0,4769499
ygeX_predicted,0.25,3,3,AACTCGGACACATTTTCTTT,0,4781809
ygeX_predicted,0.25,3,3,AACTCAGTTGCGGTGGACCG,0,4775810
ygeX_predicted,0.25,3,3,AACTAAACGGTCCTCTAGGC,0,4771493
ygeX_predicted,0.25,3,3,AACGTGTTATGTTTGGTGAA,0,4787486
ygeX_predicted,0.25,3,3,AACGTAGCCTCGAATCGTCC,0,4773150
ygeX_predicted,0.25,3,3,AACGCCGCTGCAGCAAGGGT,0,4783242
ygeX_predicted,0.25,3,3,AACGACAATTTCAGACGACA,0,4768442
ygeX_predicted,0.25,3,3,AACCGCCTGGCTGTGAAAGA,0,4788685
ygeX_predicted,0.25,3,3,AACATAGGTCCTCAGAAGCG,0,4788602
ygeX_predicted,0.25,3,3,AACAGGTGAGGTTGAGTACC,0,4769919
ygeX_predicted,0.25,3,3,AAATTCAGTTGAGCGTAGAC,0,4779255
ygeX_predicted,0.25,3,3,AAATTAGTTGAAAGTCCTCA,0,4773371
ygeX_predicted,0.25,3,3,AAATGGGCCCAGCTAGGCGT,0,4790737
ygeX_predicted,0.25,3,3,AAAGTACATCAAGACCCGCC,0,4777011
ygeX_predicted,0.25,3,3,AAAGGTTCAACAATAAACGC,0,4790357
ygeX_predicted,0.25,3,3,AAAGGGAATATTCAGGAGGA,0,4791951
ygeX_predicted,0.25,3,3,AAAGCTTAGGATTGGCGCTA,0,4788416
ygeX_predicted,0.25,3,3,AAAGCCTCGTGGGTACGCTA,0,4780656
ygeX_predicted,0.25,3,3,AAAGAGTGGAGTGAAGTGTC,0,4789621
ygeX_predicted,0.25,3,3,AAACATTTAATTCAAGGGCT,0,4793894
ygeX_predicted,0.25,3,3,AAACAAGCGTAGGTAGTGCC,0,4770120
ygeX_predicted,0.25,3,3,AAAATTGAAGCAAGACTATC,0,4783606
ygeX_predicted,0.25,3,3,AAAATGTACAGTCTGTGTAC,0,4770506
ygeX_predicted,0.3333333333333333,2,2,TTTTTGCAGACTGACGGGAT,0,4775482
ygeX_predicted,0.3333333333333333,2,2,TTTTGGGTGGAAAAGACAAA,0,4782457
ygeX_predicted,0.3333333333333333,2,2,TTTTCGGAGAAACGCACGTA,0,4786380
ygeX_predicted,0.3333333333333333,2,2,TTTTCATCAGTCACCCTTGC,0,4790656
ygeX_predicted,0.3333333333333333,2,2,TTTTAGCTCAAGAAGTTTGA,0,4777880
ygeX_predicted,0.3333333333333333,2,2,TTTTACATTCCGCTTCATGC,0,4787695
ygeX_predicted,0.3333333333333333,2,2,TTTGTTGGACGGCGGAACTA,0,4787354
ygeX_predicted,0.3333333333333333,2,2,TTTGTCAGCGTCAAATACTA,0,4773554
ygeX_predicted,0.3333333333333333,2,2,TTTGGTACGGTGGGATGCAT,0,4766977
ygeX_predicted,0.3333333333333333,2,2,TTTGGACATAGTGAAATAAA,0,4768115
ygeX_predicted,0.3333333333333333,2,2,TTTGACGTTGGTGGTGCCTG,0,4777627
ygeX_predicted,0.3333333333333333,2,2,TTTCTGCCGTTGCGGTGAAT,0,4792742
ygeX_predicted,0.3333333333333333,2,2,TTTCCCGCAAGTTTGCTGTG,0,4791102
ygeX_predicted,0.3333333333333333,2,2,TTTATTCATTTTATTGTATA,0,4793376
ygeX_predicted,0.3333333333333333,2,2,TTTAGAGAATCAGACGTAAG,0,4770903
ygeX_predicted,0.3333333333333333,2,2,TTTAAGAGCACCCGTTGCGT,0,4776049
ygeX_predicted,0.3333333333333333,2,2,TTTAAACGCCACCGCCGTCC,0,4773263
ygeX_predicted,0.3333333333333333,2,2,TTGTTTGGAGCAAGGGTGCC,0,4793622
ygeX_predicted,0.3333333333333333,2,2,TTGTGGTGATAGAAAGTGTA,0,4774303
ygeX_predicted,0.3333333333333333,2,2,TTGTGGGACAGTTCCTGTCA,0,4790014
ygeX_predicted,0.3333333333333333,2,2,TTGTGCCGTGGTGCTGCTGA,0,4791407
ygeX_predicted,0.3333333333333333,2,2,TTGTGCCCAACTCGAAGATT,0,4777885
ygeX_predicted,0.3333333333333333,2,2,TTGTCTACCTCCTGGTGCAG,0,4767009
ygeX_predicted,0.3333333333333333,2,2,TTGTCAGGACGTCGGATTAC,0,4783231
ygeX_predicted,0.3333333333333333,2,2,TTGGGTATAGGACGGCATAG,0,4771836
ygeX_predicted,0.3333333333333333,2,2,TTGGGCTGAGCTTCCCGATA,0,4794680
ygeX_predicted,0.3333333333333333,2,2,TTGGGAAAGTGTCGAAATAC,0,4776465
ygeX_predicted,0.3333333333333333,2,2,TTGGATCGTAGCCGAGTTCC,0,4789544
ygeX_predicted,0.3333333333333333,2,2,TTGCTGCAGCGTTTGTTACT,0,4794656
ygeX_predicted,0.3333333333333333,2,2,TTGCTATGAGCTAACGGCTT,0,4780004
ygeX_predicted,0.3333333333333333,2,2,TTGCTAATTTGTCACGATAA,0,4784206
ygeX_predicted,0.3333333333333333,2,2,TTGCGCTGTCGCCGGCCAAT,0,4775995
ygeX_predicted,0.3333333333333333,2,2,TTGCCTTGACGGCCACTTCT,0,4766700
ygeX_predicted,0.3333333333333333,2,2,TTGCCCGCTTACCTGTGTTA,0,4781806
ygeX_predicted,0.3333333333333333,2,2,TTGCAGGTCCATCAGCGCTT,0,4772300
ygeX_predicted,0.3333333333333333,2,2,TTGCAATCCGGCATACCATT,0,4783851
ygeX_predicted,0.3333333333333333,2,2,TTGATTGTCTCTCATAGTGT,0,4784128
ygeX_predicted,0.3333333333333333,2,2,TTGATGGGGGAGGGGGGATT,0,4772973
ygeX_predicted,0.3333333333333333,2,2,TTGAGGTATTGTTGGGATCC,0,4775224
ygeX_predicted,0.3333333333333333,2,2,TTGAACTTCCACTCTGGACT,0,4785307
ygeX_predicted,0.3333333333333333,2,2,TTCTGCGCGCATGTTTCTGA,0,4793252
ygeX_predicted,0.3333333333333333,2,2,TTCTAGGTCTATCTCAAGCA,0,4767311
ygeX_predicted,0.3333333333333333,2,2,TTCTAGACGGCTGAGAGTAA,0,4778548
ygeX_predicted,0.3333333333333333,2,2,TTCGGGCAATTCTTTCACAG,0,4788216
ygeX_predicted,0.3333333333333333,2,2,TTCGCTTAACACTGCTCTGT,0,4774491
ygeX_predicted,0.3333333333333333,2,2,TTCGATTTAACGCAGAGAGT,0,4769025
ygeX_predicted,0.3333333333333333,2,2,TTCGAGAACGTTTAAGGCTA,0,4782874
ygeX_predicted,0.3333333333333333,2,2,TTCGACCAGGTGCAGGAACC,0,4768329
ygeX_predicted,0.3333333333333333,2,2,TTCCTGTAGTTCGAGTCGGC,0,4770071
ygeX_predicted,0.3333333333333333,2,2,TTCCTAGTAACTTCTGGGGC,0,4769288
ygeX_predicted,0.3333333333333333,2,2,TTCCCGCAAAAAGTGAGTAA,0,4792038
ygeX_predicted,0.3333333333333333,2,2,TTCCACTGTATCCGGACATA,0,4794760
ygeX_predicted,0.3333333333333333,2,2,TTCATTCCATTCTCAAAAGG,0,4777222
ygeX_predicted,0.3333333333333333,2,2,TTCACTAGAGGACTTGATCG,0,4785117
ygeX_predicted,0.3333333333333333,2,2,TTCAATGCAGCTCTTGGACT,0,4776251
ygeX_predicted,0.3333333333333333,2,2,TTATTGGAGTCATAATGTAA,0,4774817
ygeX_predicted,0.3333333333333333,2,2,TTATTCCATATGATCAACTG,0,4788977
ygeX_predicted,0.3333333333333333,2,2,TTATCTACGCAGATAGAAAG,0,4783828
ygeX_predicted,0.3333333333333333,2,2,TTAGCCCTTGCCGTCGAAAC,0,4775956
ygeX_predicted,0.3333333333333333,2,2,TTACTTCCTGGATTCGCAGT,0,4794429
ygeX_predicted,0.3333333333333333,2,2,TTACGGTCGTAGAACAGATA,0,4776282
ygeX_predicted,0.3333333333333333,2,2,TTACGGCCGCGTCTTGAGAA,0,4780467
ygeX_predicted,0.3333333333333333,2,2,TTACCAGCGGCTTCGACATA,0,4782279
ygeX_predicted,0.3333333333333333,2,2,TTACATCCGGGGATACCCCT,0,4781389
ygeX_predicted,0.3333333333333333,2,2,TTACACAAAAGACGCCTATT,0,4787787
ygeX_predicted,0.3333333333333333,2,2,TTAAGGCACGCGCCAATGTC,0,4791215
ygeX_predicted,0.3333333333333333,2,2,TTAAAATCCACTATTACTAA,0,4772757
ygeX_predicted,0.3333333333333333,2,2,TGTTGCTGCACACACTGGGT,0,4768436
ygeX_predicted,0.3333333333333333,2,2,TGTTCGTGTAATGCCGAGAC,0,4782657
ygeX_predicted,0.3333333333333333,2,2,TGTTCGGGGTACCTCATTTA,0,4773882
ygeX_predicted,0.3333333333333333,2,2,TGTTAATTAGTGTAGACGTT,0,4787854
ygeX_predicted,0.3333333333333333,2,2,TGTTAACGGTTCGGAGGGAT,0,4773200
ygeX_predicted,0.3333333333333333,2,2,TGTGTGGGACCGCTGATGGA,0,4773216
ygeX_predicted,0.3333333333333333,2,2,TGTGTCTGGCAACGAAGGGA,0,4772817
ygeX_predicted,0.3333333333333333,2,2,TGTGTACCATGGATACGACA,0,4778386
ygeX_predicted,0.3333333333333333,2,2,TGTGCTGTTAGAACGCTCTC,0,4783080
ygeX_predicted,0.3333333333333333,2,2,TGTGCTGGCCGGTCGAGTTT,0,4787683
ygeX_predicted,0.3333333333333333,2,2,TGTGCTAGAACCAAGGGGCT,0,4779684
ygeX_predicted,0.3333333333333333,2,2,TGTGAGTATGGGCGGGACGA,0,4774202
ygeX_predicted,0.3333333333333333,2,2,TGTCGTAGGCTACCTCAGTG,0,4772893
ygeX_predicted,0.3333333333333333,2,2,TGTCGGCCTTAGGGGGCGTA,0,4793141
ygeX_predicted,0.3333333333333333,2,2,TGTCAAGTTTATAGAAAGGC,0,4789150
ygeX_predicted,0.3333333333333333,2,2,TGTATTTTGGTCGTCACCGG,0,4771438
ygeX_predicted,0.3333333333333333,2,2,TGTACCCGTGTTTTGAATGG,0,4783506
ygeX_predicted,0.3333333333333333,2,2,TGTAACACCGAGGTGTGGAA,0,4789916
ygeX_predicted,0.3333333333333333,2,2,TGGTTTTTCCAAGTCGTAGA,0,4774209
ygeX_predicted,0.3333333333333333,2,2,TGGTTTTTCAGCTAGCAGCT,0,4787220
ygeX_predicted,0.3333333333333333,2,2,TGGTTATCTACGTAAGACGC,0,4780178
ygeX_predicted,0.3333333333333333,2,2,TGGTGCCTCTCTTGGCCGCA,0,4784575
ygeX_predicted,0.3333333333333333,2,2,TGGTCTTCTTGGCTACATTG,0,4775051
ygeX_predicted,0.3333333333333333,2,2,TGGTCCAAGCGCACCGGACG,0,4791518
ygeX_predicted,0.3333333333333333,2,2,TGGTAAACAATTCTGATAAA,0,4786106
ygeX_predicted,0.3333333333333333,2,2,TGGGTGCTCTATTATTGGGT,0,4788769
ygeX_predicted,0.3333333333333333,2,2,TGGGTCGGTAGTGTCCGCAG,0,4776665
ygeX_predicted,0.3333333333333333,2,2,TGGCTATGTGAAACAATCTG,0,4779179
ygeX_predicted,0.3333333333333333,2,2,TGGCGGGCATCCAATATGGT,0,4780772
ygeX_predicted,0.3333333333333333,2,2,TGGCGCAGTACCGCAGGTCA,0,4767557
ygeX_predicted,0.3333333333333333,2,2,TGGCCGTCCCGCTTCCTGCA,0,4770163
ygeX_predicted,0.3333333333333333,2,2,TGGATCTCGACAGGCGCCCA,0,4770123
ygeX_predicted,0.3333333333333333,2,2,TGGAGTTCCCCCGCGTTATC,0,4779624
ygeX_predicted,0.3333333333333333,2,2,TGGACGTCCTCTGAACGCGC,0,4769914
ygeX_predicted,0.3333333333333333,2,2,TGGAATGTAATAACTGATCA,0,4777096
ygeX_predicted,0.3333333333333333,2,2,TGGAAATTAACCACAGTGGA,0,4791304
ygeX_predicted,0.3333333333333333,2,2,TGCTTGATAAGGTCAGTGAT,0,4771124
ygeX_predicted,0.3333333333333333,2,2,TGCTCTGGTTTCCGAATTCT,0,4784830
ygeX_predicted,0.3333333333333333,2,2,TGCTCGTTGTACCGGTACTC,0,4789522
ygeX_predicted,0.3333333333333333,2,2,TGCGTTTCGCCGGCGAGTTT,0,4774944
ygeX_predicted,0.3333333333333333,2,2,TGCGTACTCTCGTAGCTTAG,0,4773624
ygeX_predicted,0.3333333333333333,2,2,TGCGGTTTGCGGAACCATGG,0,4782444
ygeX_predicted,0.3333333333333333,2,2,TGCGGTTAAATGTTCAAGTC,0,4788547
ygeX_predicted,0.3333333333333333,2,2,TGCGGTAAAAACCAAGGGAT,0,4769462
ygeX_predicted,0.3333333333333333,2,2,TGCGGGCCCGATGCTGCAAT,0,4793444
ygeX_predicted,0.3333333333333333,2,2,TGCGCTAGGACAAATTAGCT,0,4789359
ygeX_predicted,0.3333333333333333,2,2,TGCGAGTCTGCAGTATGGGA,0,4788515
ygeX_predicted,0.3333333333333333,2,2,TGCGAAATCAGGCACATGCG,0,4794859
ygeX_predicted,0.3333333333333333,2,2,TGCGAAATCAAGTTATGAGC,0,4781531
ygeX_predicted,0.3333333333333333,2,2,TGCCCCTCCCACTAGGGACG,0,4767308
ygeX_predicted,0.3333333333333333,2,2,TGCATTTGCGCACTATAACG,0,4777035
ygeX_predicted,0.3333333333333333,2,2,TGCATACGCAGGAAAGGACG,0,4789517
ygeX_predicted,0.3333333333333333,2,2,TGCAGTATTCTGAAGCACTA,0,4786328
ygeX_predicted,0.3333333333333333,2,2,TGCACTTGGGAGGAACGTGG,0,4792954
ygeX_predicted,0.3333333333333333,2,2,TGCACCTTTGGCTGATTTGT,0,4776672
ygeX_predicted,0.3333333333333333,2,2,TGATTCCGTCGGTTTATTGT,0,4772047
ygeX_predicted,0.3333333333333333,2,2,TGATGGTGTCCTAATTGTGC,0,4771594
ygeX_predicted,0.3333333333333333,2,2,TGATGCGCCATCCACTACGT,0,4776207
ygeX_predicted,0.3333333333333333,2,2,TGAGTGGGGTTACGCATGGG,0,4780125
ygeX_predicted,0.3333333333333333,2,2,TGAGGGTTACCCCGACAGGA,0,4790229
ygeX_predicted,0.3333333333333333,2,2,TGAGGAGCAGTCGAAATCAT,0,4768294
ygeX_predicted,0.3333333333333333,2,2,TGAGATATGCCCATATTGCG,0,4770605
ygeX_predicted,0.3333333333333333,2,2,TGACTTTCCTACACTTGCTG,0,4767604
ygeX_predicted,0.3333333333333333,2,2,TGACAGCTGCAGGTGCCCTA,0,4772811
ygeX_predicted,0.3333333333333333,2,2,TGACAGAGCCACGGCAGACG,0,4775255
ygeX_predicted,0.3333333333333333,2,2,TGAAGCGAAGCGGGTTCACC,0,4786844
ygeX_predicted,0.3333333333333333,2,2,TCTTTTTACAATCCACACCT,0,4777044
ygeX_predicted,0.3333333333333333,2,2,TCTTGACGCTTATGGTCACC,0,4783103
ygeX_predicted,0.3333333333333333,2,2,TCTGAGCGCGTCGCGTTCTG,0,4794666
ygeX_predicted,0.3333333333333333,2,2,TCTCTCAATGTTACGAGCGT,0,4790010
ygeX_predicted,0.3333333333333333,2,2,TCTCGTAGGATGATTGCGCA,0,4792508
ygeX_predicted,0.3333333333333333,2,2,TCTCCTTCGGGACAGCCGCG,0,4783340
ygeX_predicted,0.3333333333333333,2,2,TCTACAGCGATCGGCTCAGA,0,4784369
ygeX_predicted,0.3333333333333333,2,2,TCGTTTGGGTTATTATGACA,0,4766942
ygeX_predicted,0.3333333333333333,2,2,TCGTTGTCTTAGTGGCGCTG,0,4767843
ygeX_predicted,0.3333333333333333,2,2,TCGTCTCGTATTGTACCCGT,0,4779328
ygeX_predicted,0.3333333333333333,2,2,TCGGTTAGGTCGCGCCACGG,0,4777935
ygeX_predicted,0.3333333333333333,2,2,TCGGGTTGGGCCTCGCGTTG,0,4776911
ygeX_predicted,0.3333333333333333,2,2,TCGGGGGTATCACGACGTCG,0,4779986
ygeX_predicted,0.3333333333333333,2,2,TCGGGAGGCATTCACCTGCA,0,4767685
ygeX_predicted,0.3333333333333333,2,2,TCGGCTCGGGGGCTCTTTCT,0,4772043
ygeX_predicted,0.3333333333333333,2,2,TCGGCGAGGTCGAAAAACCG,0,4772130
ygeX_predicted,0.3333333333333333,2,2,TCGCGAGAATTAATGCATCT,0,4769303
ygeX_predicted,0.3333333333333333,2,2,TCGCCGGCTTTCGGTACCCC,0,4776478
ygeX_predicted,0.3333333333333333,2,2,TCGCCAATCTTCCCGCTAAG,0,4790374
ygeX_predicted,0.3333333333333333,2,2,TCGCATGGAAGACGATGTAT,0,4780918
ygeX_predicted,0.3333333333333333,2,2,TCGACGACGAAAGGGCTTGC,0,4788771
ygeX_predicted,0.3333333333333333,2,2,TCGAAAATAGAAAGTCCTTA,0,4780705
ygeX_predicted,0.3333333333333333,2,2,TCCTGCAATAATTATTATAA,0,4774313
ygeX_predicted,0.3333333333333333,2,2,TCCTCCACTGCCTCATATCC,0,4771745
ygeX_predicted,0.3333333333333333,2,2,TCCGGGGGCTCGAGTCTGTA,0,4780350
ygeX_predicted,0.3333333333333333,2,2,TCCCAGTAGTCATCCGACAG,0,4773986
ygeX_predicted,0.3333333333333333,2,2,TCCATGCTCGGGAACCTCAT,0,4794852
ygeX_predicted,0.3333333333333333,2,2,TCCATGAGAAATGCCGAATT,0,4793508
ygeX_predicted,0.3333333333333333,2,2,TCCACAGCCCGATGTTTAGG,0,4784091
ygeX_predicted,0.3333333333333333,2,2,TCCACAAACGGGCCTCGTCA,0,4775435
ygeX_predicted,0.3333333333333333,2,2,TCCAAATTCAATTTTGTGCG,0,4787974
ygeX_predicted,0.3333333333333333,2,2,TCCAAAGCACTTCCGGAAGA,0,4790981
ygeX_predicted,0.3333333333333333,2,2,TCATTGCCCGATAACCACGT,0,4792590
ygeX_predicted,0.3333333333333333,2,2,TCATTAAGAACGCTTGTTGC,0,4776203
ygeX_predicted,0.3333333333333333,2,2,TCATGTGGGCGACAGAAGGT,0,4789924
ygeX_predicted,0.3333333333333333,2,2,TCATGTGAACAATTTGCTCA,0,4770283
ygeX_predicted,0.3333333333333333,2,2,TCATGTCCCAAGATAGCGCA,0,4773185
ygeX_predicted,0.3333333333333333,2,2,TCATCGAGTCTAAAGCGACA,0,4767853
ygeX_predicted,0.3333333333333333,2,2,TCATCATCCCAGTGTAGTAG,0,4773945
ygeX_predicted,0.3333333333333333,2,2,TCAGTTCGCTACTCCGGCTC,0,4793605
ygeX_predicted,0.3333333333333333,2,2,TCAGTGTTTACATCCTGCAG,0,4789529
ygeX_predicted,0.3333333333333333,2,2,TCAGTGCGTGCTGATGTTTT,0,4791799
ygeX_predicted,0.3333333333333333,2,2,TCAGTCGGGGTTCTGCACAT,0,4767109
ygeX_predicted,0.3333333333333333,2,2,TCACTAGAACTCCAGTTTCA,0,4793466
ygeX_predicted,0.3333333333333333,2,2,TCAATCCCGGTCCACTAGCA,0,4794134
ygeX_predicted,0.3333333333333333,2,2,TCAAGATTTCTAAGATAGTT,0,4790986
ygeX_predicted,0.3333333333333333,2,2,TCAAGAGATTCGTTTCCACA,0,4776425
ygeX_predicted,0.3333333333333333,2,2,TCAAGAAAGTTTGGCGATAC,0,4783380
ygeX_predicted,0.3333333333333333,2,2,TCAACGGCAAGCGTTGGTAT,0,4777580
ygeX_predicted,0.3333333333333333,2,2,TCAACAGTGTGAACAATATG,0,4774334
ygeX_predicted,0.3333333333333333,2,2,TCAACAACTTTTCTACCACA,0,4779007
ygeX_predicted,0.3333333333333333,2,2,TCAAAGGTGAGTCTCAGTGT,0,4793336
ygeX_predicted,0.3333333333333333,2,2,TATTTTTAGACTGGAACTGG,0,4772127
ygeX_predicted,0.3333333333333333,2,2,TATTATAGGTCTATGCTTAA,0,4774278
ygeX_predicted,0.3333333333333333,2,2,TATGTGTCCGTTTTTTATGC,0,4770354
ygeX_predicted,0.3333333333333333,2,2,TATGTCCGCCAGCACATGAC,0,4780285
ygeX_predicted,0.3333333333333333,2,2,TATGCAGTTTACAAACGCGC,0,4779657
ygeX_predicted,0.3333333333333333,2,2,TATGATTACAGATTTGGAGA,0,4787750
ygeX_predicted,0.3333333333333333,2,2,TATGAAACACCGTAGAGGGC,0,4772514
ygeX_predicted,0.3333333333333333,2,2,TATCTAATGTATGTCTATAA,0,4770170
ygeX_predicted,0.3333333333333333,2,2,TATCGTCAAGCATCCCGAAT,0,4781904
ygeX_predicted,0.3333333333333333,2,2,TATCGCAGTCTCTATTCGGG,0,4793302
ygeX_predicted,0.3333333333333333,2,2,TATAGTAGTATTGGCAACCC,0,4773194
ygeX_predicted,0.3333333333333333,2,2,TATAGGCGACTGGAGACTTA,0,4776658
ygeX_predicted,0.3333333333333333,2,2,TATAGCGCGGATGTCGCGGA,0,4776915
ygeX_predicted,0.3333333333333333,2,2,TATAATCGGGCTGGCTCCTA,0,4782315
ygeX_predicted,0.3333333333333333,2,2,TATAATAAGACTCTTAGCGG,0,4793395
ygeX_predicted,0.3333333333333333,2,2,TAGGGTGGAACCGTTAGGGT,0,4766720
ygeX_predicted,0.3333333333333333,2,2,TAGGGTCCCTGTTTGTATTG,0,4787378
ygeX_predicted,0.3333333333333333,2,2,TAGGGGAATACTCAATTAGT,0,4780648
ygeX_predicted,0.3333333333333333,2,2,TAGGCGAGGCCAGACATAGA,0,4768579
ygeX_predicted,0.3333333333333333,2,2,TAGCCGACCACATGAAGAGT,0,4794341
ygeX_predicted,0.3333333333333333,2,2,TAGCAAAGCTCGAGTACGCA,0,4788377
ygeX_predicted,0.3333333333333333,2,2,TAGAGGCCAAATTCAGTAAT,0,4789109
ygeX_predicted,0.3333333333333333,2,2,TAGACCTGCTTACGAGGCAA,0,4793936
ygeX_predicted,0.3333333333333333,2,2,TAGACAAGTCGCTTTGTAGT,0,4788391
ygeX_predicted,0.3333333333333333,2,2,TACTTTGTAGATAAATACAT,0,4773222
ygeX_predicted,0.3333333333333333,2,2,TACTTTCTGCCATCAGTCGC,0,4784116
ygeX_predicted,0.3333333333333333,2,2,TACTTATGTTAGTTTCGGGT,0,4774919
ygeX_predicted,0.3333333333333333,2,2,TACTTAGCTAATGCATGTAA,0,4782312
ygeX_predicted,0.3333333333333333,2,2,TACCTCACTCCCGTGACTTT,0,4772021
ygeX_predicted,0.3333333333333333,2,2,TACCATAGCATACGCATTAC,0,4786814
ygeX_predicted,0.3333333333333333,2,2,TAATTGCCGCAACCGCCGAC,0,4778138
ygeX_predicted,0.3333333333333333,2,2,TAATTGCCCGGGCGTTCTCA,0,4777864
ygeX_predicted,0.3333333333333333,2,2,TAATTCCAACCGGTATTTTA,0,4783180
ygeX_predicted,0.3333333333333333,2,2,TAATGCACCATGCGAACATA,0,4766916
ygeX_predicted,0.3333333333333333,2,2,TAATCTACATACAGTGGAGA,0,4769029
ygeX_predicted,0.3333333333333333,2,2,TAAGGGAAAGGACAGTGCTA,0,4786930
ygeX_predicted,0.3333333333333333,2,2,TAAGATGTGAGTGGGGGGGG,0,4771140
ygeX_predicted,0.3333333333333333,2,2,TAAGAGTGCAATAGAGCTCC,0,4766908
ygeX_predicted,0.3333333333333333,2,2,TAACTCTAGATTGGACTATA,0,4786412
ygeX_predicted,0.3333333333333333,2,2,TAACCGACCTACATCCGCGG,0,4766909
ygeX_predicted,0.3333333333333333,2,2,TAACACAGGTCTAATAACAT,0,4782095
ygeX_predicted,0.3333333333333333,2,2,TAAATGATCGATGGTCACAC,0,4794635
ygeX_predicted,0.3333333333333333,2,2,TAAAAGCTTTAAGCTCAAGG,0,4787167
ygeX_predicted,0.3333333333333333,2,2,GTTTGACGTGTAGGTACGCC,0,4770392
ygeX_predicted,0.3333333333333333,2,2,GTTGTCTGTTAAGGCGCACA,0,4771123
ygeX_predicted,0.3333333333333333,2,2,GTTGCGCGCTACAGGGGGAA,0,4787665
ygeX_predicted,0.3333333333333333,2,2,GTTGATTCGCCATGGCGTTA,0,4788376
ygeX_predicted,0.3333333333333333,2,2,GTTGATCTCCAGCGCCGCAG,0,4774489
ygeX_predicted,0.3333333333333333,2,2,GTTGATCTAGAATTCAGTGT,0,4789141
ygeX_predicted,0.3333333333333333,2,2,GTTGAGAGCTACTCTGAGCT,0,4790397
ygeX_predicted,0.3333333333333333,2,2,GTTGAATCTACGCTAACAAA,0,4773048
ygeX_predicted,0.3333333333333333,2,2,GTTCTTCAAGGCGTGAATGA,0,4768277
ygeX_predicted,0.3333333333333333,2,2,GTTCTGTTAGTCGATGCTGA,0,4792921
ygeX_predicted,0.3333333333333333,2,2,GTTCTAGACATGTTCTCTTA,0,4771520
ygeX_predicted,0.3333333333333333,2,2,GTTCCGGGATTAACAGGGGT,0,4793993
ygeX_predicted,0.3333333333333333,2,2,GTTACATAGGAGGCCTAAGG,0,4773744
ygeX_predicted,0.3333333333333333,2,2,GTTAATCTCGTCAAGTTGCT,0,4790767
ygeX_predicted,0.3333333333333333,2,2,GTGTGTCATCTCTGCGAGTG,0,4769126
ygeX_predicted,0.3333333333333333,2,2,GTGTGGTCGTACGATCTACC,0,4787079
ygeX_predicted,0.3333333333333333,2,2,GTGGTTGCGCTTAACACATC,0,4775988
ygeX_predicted,0.3333333333333333,2,2,GTGGGGGTCGATCTACGGCA,0,4768979
ygeX_predicted,0.3333333333333333,2,2,GTGGCCATCGCCCGAAACCT,0,4768486
ygeX_predicted,0.3333333333333333,2,2,GTGGCATAAAGCAGTACGCT,0,4781533
ygeX_predicted,0.3333333333333333,2,2,GTGGCACGTACAATTGCATC,0,4772862
ygeX_predicted,0.3333333333333333,2,2,GTGGATAAATCCATGTGCTG,0,4785422
ygeX_predicted,0.3333333333333333,2,2,GTGCGCGAACAAACCAAATA,0,4790895
ygeX_predicted,0.3333333333333333,2,2,GTGCGCCGGGGACCCCCTCC,0,4770064
ygeX_predicted,0.3333333333333333,2,2,GTGCAACAATCATGGCGGGT,0,4775906
ygeX_predicted,0.3333333333333333,2,2,GTGATGTGTATAAACCCGCT,0,4778958
ygeX_predicted,0.3333333333333333,2,2,GTGATGGCACGCGAACTCAC,0,4778828
ygeX_predicted,0.3333333333333333,2,2,GTGATGAACAATTTATTTAG,0,4790205
ygeX_predicted,0.3333333333333333,2,2,GTGAATAGGCCACTTAAAGG,0,4784354
ygeX_predicted,0.3333333333333333,2,2,GTCTTTCCACACGGAAAAAA,0,4787972
ygeX_predicted,0.3333333333333333,2,2,GTCTTGCTGCTAGTCTTTGC,0,4791543
ygeX_predicted,0.3333333333333333,2,2,GTCTTCGAGGGTCTTCCTCA,0,4790248
ygeX_predicted,0.3333333333333333,2,2,GTCTTAGCTCTTATTCATTA,0,4774950
ygeX_predicted,0.3333333333333333,2,2,GTCTTACGCCTCCCCATCAT,0,4789456
ygeX_predicted,0.3333333333333333,2,2,GTCTTACCGCCGTAGAACTG,0,4779837
ygeX_predicted,0.3333333333333333,2,2,GTCTGCCGGAACCCGAAAAT,0,4774250
ygeX_predicted,0.3333333333333333,2,2,GTCTGCAATCTTGTTTGGGG,0,4790025
ygeX_predicted,0.3333333333333333,2,2,GTCTACGCGTAGGGTGTGTC,0,4780506
ygeX_predicted,0.3333333333333333,2,2,GTCCCGCTTTAAAGCTAGAG,0,4786279
ygeX_predicted,0.3333333333333333,2,2,GTCCCGCCAGTTTGTGCTCT,0,4773707
ygeX_predicted,0.3333333333333333,2,2,GTCCCCGGCGCAAGTACCAG,0,4768769
ygeX_predicted,0.3333333333333333,2,2,GTCCATGGCACTGTATGCTA,0,4781193
ygeX_predicted,0.3333333333333333,2,2,GTCCACGAGGTTCAGTTTTG,0,4778288
ygeX_predicted,0.3333333333333333,2,2,GTCATTGCAGTAGACTGGCC,0,4772006
ygeX_predicted,0.3333333333333333,2,2,GTCACGTCCTCTGGCACTCT,0,4792375
ygeX_predicted,0.3333333333333333,2,2,GTCAAGTACCTCACGGTACA,0,4785963
ygeX_predicted,0.3333333333333333,2,2,GTCAACGTAATTCCGCCATT,0,4773346
ygeX_predicted,0.3333333333333333,2,2,GTCAACCCCTGCGCATCCGA,0,4771748
ygeX_predicted,0.3333333333333333,2,2,GTATTCACAAATCGAGGTTA,0,4789816
ygeX_predicted,0.3333333333333333,2,2,GTATGAGTACAAATGCCAGC,0,4791901
ygeX_predicted,0.3333333333333333,2,2,GTATCGGCCATGTTTGTAAC,0,4780298
ygeX_predicted,0.3333333333333333,2,2,GTATCAGCGAACATCTATAC,0,4775004
ygeX_predicted,0.3333333333333333,2,2,GTATCAGACCAGTCTTACGA,0,4794496
ygeX_predicted,0.3333333333333333,2,2,GTATAGCAACGTTAATTGGG,0,4783740
ygeX_predicted,0.3333333333333333,2,2,GTAGGTTTCATAGACGGTTA,0,4776864
ygeX_predicted,0.3333333333333333,2,2,GTAGGTGTCTTGCCAAACAG,0,4767415
ygeX_predicted,0.3333333333333333,2,2,GTAGCTGAAAAACAGCGTAG,0,4777725
ygeX_predicted,0.3333333333333333,2,2,GTAGCGTCGGGGGAAGAACG,0,4773736
ygeX_predicted,0.3333333333333333,2,2,GTAGAGTAGGACAAAACTGG,0,4772268
ygeX_predicted,0.3333333333333333,2,2,GTACAGCCGGTAGTATGCAT,0,4769258
ygeX_predicted,0.3333333333333333,2,2,GTACAAGCAGCCGCGGCCTA,0,4771645
ygeX_predicted,0.3333333333333333,2,2,GTAAGAAATCGAGTCGTAAG,0,4774258
ygeX_predicted,0.3333333333333333,2,2,GTAACCCTTCGCGATAAAGG,0,4779073
ygeX_predicted,0.3333333333333333,2,2,GGTTTCAGCACCGCTCGCCA,0,4774591
ygeX_predicted,0.3333333333333333,2,2,GGTTGTAGAGTGGGAGAGAC,0,4781861
ygeX_predicted,0.3333333333333333,2,2,GGTTGCAGTGGCAGATGTGG,0,4780132
ygeX_predicted,0.3333333333333333,2,2,GGTTCTTACTGTTTTCTATT,0,4771460
ygeX_predicted,0.3333333333333333,2,2,GGTTCGGCGGTAGTATGTTC,0,4779948
ygeX_predicted,0.3333333333333333,2,2,GGTTATATGCTTCAGTCCAC,0,4772711
ygeX_predicted,0.3333333333333333,2,2,GGTGTGGGTCGCCACTTTCA,0,4789470
ygeX_predicted,0.3333333333333333,2,2,GGTGGTATATGGCTCGGGAA,0,4780920
ygeX_predicted,0.3333333333333333,2,2,GGTGGCAGCTATCGCGGAGG,0,4767127
ygeX_predicted,0.3333333333333333,2,2,GGTCTTAGATTGGGAATTGA,0,4772903
ygeX_predicted,0.3333333333333333,2,2,GGTATCAGTACCACGGGCCT,0,4780630
ygeX_predicted,0.3333333333333333,2,2,GGTAGGCAAGCAGTCAATTT,0,4787694
ygeX_predicted,0.3333333333333333,2,2,GGTAGGACTTGCAGTGTCCT,0,4783468
ygeX_predicted,0.3333333333333333,2,2,GGTACCCCGCAAGAGATCGC,0,4785709
ygeX_predicted,0.3333333333333333,2,2,GGTAATTGGTCGTATTATGA,0,4785813
ygeX_predicted,0.3333333333333333,2,2,GGTAAAATTAGTAGGGGCGA,0,4767093
ygeX_predicted,0.3333333333333333,2,2,GGGTTGATACCACGTCTGGG,0,4781726
ygeX_predicted,0.3333333333333333,2,2,GGGTGGTCAGGTTCGCACAA,0,4794089
ygeX_predicted,0.3333333333333333,2,2,GGGTCCTAATGGGAATTATT,0,4779326
ygeX_predicted,0.3333333333333333,2,2,GGGTATCAACCCCATAACAG,0,4766755
ygeX_predicted,0.3333333333333333,2,2,GGGGTTTTGTCCTGCACGCG,0,4785857
ygeX_predicted,0.3333333333333333,2,2,GGGGTGTGCCCCTCACACCA,0,4780850
ygeX_predicted,0.3333333333333333,2,2,GGGGGGAGACTTACATTCTT,0,4772246
ygeX_predicted,0.3333333333333333,2,2,GGGGGCAATTATATGAGTTG,0,4793410
ygeX_predicted,0.3333333333333333,2,2,GGGGCCTACCACGCGGAGCG,0,4766838
ygeX_predicted,0.3333333333333333,2,2,GGGGCCACCAAAAAACAGAT,0,4792020
ygeX_predicted,0.3333333333333333,2,2,GGGGATAGCTGGGCCATCCT,0,4786083
ygeX_predicted,0.3333333333333333,2,2,GGGCCTGGAGGGCAGTTTCG,0,4792514
ygeX_predicted,0.3333333333333333,2,2,GGGCCAAGCTTCGCGTAGCG,0,4790302
ygeX_predicted,0.3333333333333333,2,2,GGGCATGGTAGACGTCAGGG,0,4784474
ygeX_predicted,0.3333333333333333,2,2,GGGAGCGGTTCCTCAGCGCA,0,4788921
ygeX_predicted,0.3333333333333333,2,2,GGGAGCCACCTTGTCGTAGC,0,4775372
ygeX_predicted,0.3333333333333333,2,2,GGCTGGGGCTGCCTTGACGT,0,4773439
ygeX_predicted,0.3333333333333333,2,2,GGCTAGCTTAAGCTTCCGGG,0,4786721
ygeX_predicted,0.3333333333333333,2,2,GGCTACGATTTGGACGCGAA,0,4779337
ygeX_predicted,0.3333333333333333,2,2,GGCTAAACTCCTTCGACTCC,0,4791648
ygeX_predicted,0.3333333333333333,2,2,GGCGGCATGGGTACATGCAT,0,4784895
ygeX_predicted,0.3333333333333333,2,2,GGCGGAATCCTCGCGTGTCC,0,4777001
ygeX_predicted,0.3333333333333333,2,2,GGCGGAACACATATCATTGG,0,4769460
ygeX_predicted,0.3333333333333333,2,2,GGCGCTCATAAAACAGAGAA,0,4775254
ygeX_predicted,0.3333333333333333,2,2,GGCGCCGGTTACCCAGGTGT,0,4784526
ygeX_predicted,0.3333333333333333,2,2,GGCGCCGGGGTGTTGAGCTG,0,4794172
ygeX_predicted,0.3333333333333333,2,2,GGCGAGGAATTCAGCTAAAA,0,4767164
ygeX_predicted,0.3333333333333333,2,2,GGCCCGTCAGCCAGTAACGG,0,4775048
ygeX_predicted,0.3333333333333333,2,2,GGCCAGTACATGGTGACCAG,0,4776589
ygeX_predicted,0.3333333333333333,2,2,GGCCACAACCATTAGGAGTT,0,4773589
ygeX_predicted,0.3333333333333333,2,2,GGCCAAACACGCATTAATTT,0,4772149
ygeX_predicted,0.3333333333333333,2,2,GGCATTAAGAAAGATAACTC,0,4782220
ygeX_predicted,0.3333333333333333,2,2,GGCATGGGATGGTACGTGTA,0,4778555
ygeX_predicted,0.3333333333333333,2,2,GGCACCTTTGAAGGAGGATG,0,4788190
ygeX_predicted,0.3333333333333333,2,2,GGCAACTGGCGGAACGTGAG,0,4771553
ygeX_predicted,0.3333333333333333,2,2,GGATTTGGTCCGGTGTATCT,0,4768069
ygeX_predicted,0.3333333333333333,2,2,GGATTCAGACGGATATAATG,0,4770575
ygeX_predicted,0.3333333333333333,2,2,GGATGCTTCCCGGGCTTCTA,0,4773330
ygeX_predicted,0.3333333333333333,2,2,GGATGAAGTCCTTGATAGTA,0,4772939
ygeX_predicted,0.3333333333333333,2,2,GGATCGGTCCCGAGGGCATA,0,4791923
ygeX_predicted,0.3333333333333333,2,2,GGATCATTGATCACCCCTGA,0,4766850
ygeX_predicted,0.3333333333333333,2,2,GGATCACTAAACTAGCAAAA,0,4779854
ygeX_predicted,0.3333333333333333,2,2,GGATACTCGAGCCAGGCGGC,0,4769905
ygeX_predicted,0.3333333333333333,2,2,GGAGTGAGTGACTAGGATAA,0,4768340
ygeX_predicted,0.3333333333333333,2,2,GGAGGCGGGAAAATGTGCGC,0,4778376
ygeX_predicted,0.3333333333333333,2,2,GGAGCGTTTGTAGACACACG,0,4775546
ygeX_predicted,0.3333333333333333,2,2,GGAGCGAGGGATCCGGGGAA,0,4777476
ygeX_predicted,0.3333333333333333,2,2,GGAGACAACAAGGGGGGAGC,0,4766787
ygeX_predicted,0.3333333333333333,2,2,GGACTGTTGCAAATTAACGA,0,4787123
ygeX_predicted,0.3333333333333333,2,2,GGACCGTCATTCTTGTGTTC,0,4791926
ygeX_predicted,0.3333333333333333,2,2,GGACATATCGCTGGGCACGT,0,4770580
ygeX_predicted,0.3333333333333333,2,2,GGAATCTTCATTTCCCTTAC,0,4778935
ygeX_predicted,0.3333333333333333,2,2,GGAACGAAATGTGGACGTCC,0,4790403
ygeX_predicted,0.3333333333333333,2,2,GGAACCCAGCCAGATGTGCA,0,4784322
ygeX_predicted,0.3333333333333333,2,2,GGAACAGTGAGACTGCCCTA,0,4779521
ygeX_predicted,0.3333333333333333,2,2,GGAAATACCTTAGGAGTGAC,0,4793442
ygeX_predicted,0.3333333333333333,2,2,GGAAAGACGCCAGCTTGGCA,0,4776573
ygeX_predicted,0.3333333333333333,2,2,GCTTTCCAGATCACATTACA,0,4793665
ygeX_predicted,0.3333333333333333,2,2,GCTTGGGGTCATTGGAGTAC,0,4781641
ygeX_predicted,0.3333333333333333,2,2,GCTTGCCTCTAGAACATGAG,0,4779365
ygeX_predicted,0.3333333333333333,2,2,GCTTCTCTATGTCATGGCCC,0,4773393
ygeX_predicted,0.3333333333333333,2,2,GCTTAGTAGTGTCCTAGTGA,0,4769549
ygeX_predicted,0.3333333333333333,2,2,GCTTACTAACATTGGTGGTC,0,4768861
ygeX_predicted,0.3333333333333333,2,2,GCTGTCCACCCGGTGGGTAT,0,4779989
ygeX_predicted,0.3333333333333333,2,2,GCTGATGAACATTGACGGCG,0,4794783
ygeX_predicted,0.3333333333333333,2,2,GCTGACTCTGTATCTCCCCA,0,4794701
ygeX_predicted,0.3333333333333333,2,2,GCTCGAGTAAATGACGGCTG,0,4769307
ygeX_predicted,0.3333333333333333,2,2,GCTAGGGATCCTCGATGCCA,0,4785770
ygeX_predicted,0.3333333333333333,2,2,GCTACGGCGGTCTAGAACTC,0,4781042
ygeX_predicted,0.3333333333333333,2,2,GCTACGCTGTCCTATAACCT,0,4779035
ygeX_predicted,0.3333333333333333,2,2,GCTAAACCACGTCCACAATT,0,4775475
ygeX_predicted,0.3333333333333333,2,2,GCGTGACTCTCTAGACCACA,0,4774050
ygeX_predicted,0.3333333333333333,2,2,GCGGTTTGTATAAACGTACG,0,4768775
ygeX_predicted,0.3333333333333333,2,2,GCGGTTGAGGGCCAAATCTG,0,4782178
ygeX_predicted,0.3333333333333333,2,2,GCGGTATCGGGAAAGAATTT,0,4789805
ygeX_predicted,0.3333333333333333,2,2,GCGGGGGGGTGAACGTATAG,0,4773288
ygeX_predicted,0.3333333333333333,2,2,GCGGGAGTGGCGCTGTCAAT,0,4773967
ygeX_predicted,0.3333333333333333,2,2,GCGGCCCGTGTTCTCGCATC,0,4769195
ygeX_predicted,0.3333333333333333,2,2,GCGGACGCGTACGGGTAAGG,0,4792477
ygeX_predicted,0.3333333333333333,2,2,GCGCTATGGTGCTTGAGAAA,0,4783263
ygeX_predicted,0.3333333333333333,2,2,GCGCTAGGCAACCGAACGAC,0,4785203
ygeX_predicted,0.3333333333333333,2,2,GCGCCTCTCCTCAAGGCTCA,0,4773312
ygeX_predicted,0.3333333333333333,2,2,GCGCCGGCACTAAGTACTTC,0,4782343
ygeX_predicted,0.3333333333333333,2,2,GCGCCCGACAAGGGGCAATG,0,4778488
ygeX_predicted,0.3333333333333333,2,2,GCGCAGCGCGACAATACGTC,0,4776199
ygeX_predicted,0.3333333333333333,2,2,GCGACCCGTTTGCACTTCAG,0,4773630
ygeX_predicted,0.3333333333333333,2,2,GCGACAGAGGCGGATATTCT,0,4781890
ygeX_predicted,0.3333333333333333,2,2,GCGAAGACGACTGGTCACCT,0,4784497
ygeX_predicted,0.3333333333333333,2,2,GCCTCCACTCTTAGCGAGTA,0,4787137
ygeX_predicted,0.3333333333333333,2,2,GCCTCATTTTTCCCTCCATG,0,4792957
ygeX_predicted,0.3333333333333333,2,2,GCCTCAGTCCCAAGTATTAT,0,4789610
ygeX_predicted,0.3333333333333333,2,2,GCCGTACAAGGCTGCGTGGA,0,4777131
ygeX_predicted,0.3333333333333333,2,2,GCCGGCGGCGGGTCACTTAG,0,4775349
ygeX_predicted,0.3333333333333333,2,2,GCCGGAAGCTGGGAGGACAA,0,4777299
ygeX_predicted,0.3333333333333333,2,2,GCCGCGGACACGTTTATCGT,0,4787666
ygeX_predicted,0.3333333333333333,2,2,GCCGCATGGGTTTCTGTGGG,0,4791099
ygeX_predicted,0.3333333333333333,2,2,GCCGAAACTTAGTAGGAGGT,0,4786357
ygeX_predicted,0.3333333333333333,2,2,GCCCTTAATGACAATGGTTG,0,4777808
ygeX_predicted,0.3333333333333333,2,2,GCCCTATCAGATGGCTAAAC,0,4793429
ygeX_predicted,0.3333333333333333,2,2,GCCCGGCGGTACATGTTCCA,0,4785192
ygeX_predicted,0.3333333333333333,2,2,GCCCAATTTGCAAAAGGCCT,0,4774613
ygeX_predicted,0.3333333333333333,2,2,GCCAGCGCGAGCTTTAGTGA,0,4793139
ygeX_predicted,0.3333333333333333,2,2,GCCACTTTCCTACGTTCGAA,0,4768953
ygeX_predicted,0.3333333333333333,2,2,GCCACTGCTCTGCTCCTCGG,0,4783557
ygeX_predicted,0.3333333333333333,2,2,GCCAATACTCTGAACGTGAG,0,4785769
ygeX_predicted,0.3333333333333333,2,2,GCATCTTTAACTATTTTGCA,0,4775393
ygeX_predicted,0.3333333333333333,2,2,GCATCAGGAGGATTACCAGT,0,4777368
ygeX_predicted,0.3333333333333333,2,2,GCAGGGGGGTGTCCATGATA,0,4790757
ygeX_predicted,0.3333333333333333,2,2,GCACTGGGTTCCCTTCATAA,0,4767852
ygeX_predicted,0.3333333333333333,2,2,GCACGAGGGCCAGACAGAGG,0,4793109
ygeX_predicted,0.3333333333333333,2,2,GCACAGGTAACTGTACAACC,0,4778283
ygeX_predicted,0.3333333333333333,2,2,GCAATATGTATGCCAAGGCC,0,4786386
ygeX_predicted,0.3333333333333333,2,2,GCAAGTTACCGTGGCATACT,0,4789567
ygeX_predicted,0.3333333333333333,2,2,GCAAGGTCCCCGTGCGCCCC,0,4784153
ygeX_predicted,0.3333333333333333,2,2,GCAACTAGGGAGCCTTATTT,0,4770643
ygeX_predicted,0.3333333333333333,2,2,GATTTTTTCACATAGGTGGA,0,4770136
ygeX_predicted,0.3333333333333333,2,2,GATTGTCCGTCGTCACAATA,0,4784845
ygeX_predicted,0.3333333333333333,2,2,GATTCCTTGGCGTCTCGCAC,0,4785784
ygeX_predicted,0.3333333333333333,2,2,GATTCAATTGGATCAAGCAT,0,4778490
ygeX_predicted,0.3333333333333333,2,2,GATTACTCGAGCTTCGTTGC,0,4777595
ygeX_predicted,0.3333333333333333,2,2,GATGTATGCACTATTAAGAT,0,4780660
ygeX_predicted,0.3333333333333333,2,2,GATGTATCTGCTTTACTGAC,0,4773946
ygeX_predicted,0.3333333333333333,2,2,GATGGTACTCACGGCAACCA,0,4784230
ygeX_predicted,0.3333333333333333,2,2,GATGATTCTAAAGCCTTCTG,0,4767955
ygeX_predicted,0.3333333333333333,2,2,GATCTCATGGATTCTCAGCA,0,4772190
ygeX_predicted,0.3333333333333333,2,2,GATCTATAAGCTCTCAACGT,0,4777237
ygeX_predicted,0.3333333333333333,2,2,GATCGTGCTGCACTTTGCAT,0,4790031
ygeX_predicted,0.3333333333333333,2,2,GATCGCTGCGGCAAAATCGG,0,4772297
ygeX_predicted,0.3333333333333333,2,2,GATCGACCGTGGGAGATTTT,0,4776637
ygeX_predicted,0.3333333333333333,2,2,GATCCGCTGTGCCGAGACAA,0,4781388
ygeX_predicted,0.3333333333333333,2,2,GATCCACTAGCAAGTAGAAT,0,4772080
ygeX_predicted,0.3333333333333333,2,2,GATCAGGAGGGAAGACTTTG,0,4790394
ygeX_predicted,0.3333333333333333,2,2,GATCACATCGCCAATGCGAG,0,4785505
ygeX_predicted,0.3333333333333333,2,2,GATATTCCGACGAAAACTCC,0,4776953
ygeX_predicted,0.3333333333333333,2,2,GATATACGAGAGATCGTACT,0,4790172
ygeX_predicted,0.3333333333333333,2,2,GATACTACCGGTCGGGTGAA,0,4775166
ygeX_predicted,0.3333333333333333,2,2,GAGTTCGGAAAACCGCGAAA,0,4768539
ygeX_predicted,0.3333333333333333,2,2,GAGTCTGGGACAAAGCACCA,0,4773766
ygeX_predicted,0.3333333333333333,2,2,GAGTCGCTCACCATAGATGA,0,4780513
ygeX_predicted,0.3333333333333333,2,2,GAGTCGCGTTGTACACCAGT,0,4776508
ygeX_predicted,0.3333333333333333,2,2,GAGTCACTATGATGTAACGA,0,4785046
ygeX_predicted,0.3333333333333333,2,2,GAGTAGTATTCAAAACGTCC,0,4789058
ygeX_predicted,0.3333333333333333,2,2,GAGGTTGGGTCCAAGGAAGC,0,4773908
ygeX_predicted,0.3333333333333333,2,2,GAGGTGATTCCTCTACCATC,0,4794840
ygeX_predicted,0.3333333333333333,2,2,GAGGGGTACCCGACCTTTTG,0,4787201
ygeX_predicted,0.3333333333333333,2,2,GAGGGCAGTTGGCTCAACGA,0,4787379
ygeX_predicted,0.3333333333333333,2,2,GAGGGACCCTAATAAAACTG,0,4775187
ygeX_predicted,0.3333333333333333,2,2,GAGGCAACACCAATATTAGA,0,4772274
ygeX_predicted,0.3333333333333333,2,2,GAGGACTGGCTAACATGCAA,0,4785529
ygeX_predicted,0.3333333333333333,2,2,GAGGAAAATTTTTGGTCAGA,0,4776479
ygeX_predicted,0.3333333333333333,2,2,GAGCGGCTTACCTTGATAAT,0,4792286
ygeX_predicted,0.3333333333333333,2,2,GAGCCAGAGGTCCCATGGAA,0,4783961
ygeX_predicted,0.3333333333333333,2,2,GAGCATCTCACGCTTATGGT,0,4778304
ygeX_predicted,0.3333333333333333,2,2,GAGATCTAAGAAAATATGAA,0,4793032
ygeX_predicted,0.3333333333333333,2,2,GAGAGCTCTAGGCTCGAAAT,0,4769628
ygeX_predicted,0.3333333333333333,2,2,GACTTAGTATGATCCTTGGC,0,4779161
ygeX_predicted,0.3333333333333333,2,2,GACTCAAACAGTGGCCGGCG,0,4775519
ygeX_predicted,0.3333333333333333,2,2,GACTAGGGTAGCCAGTACCA,0,4775876
ygeX_predicted,0.3333333333333333,2,2,GACGGGAGTAACTATCTGCT,0,4789122
ygeX_predicted,0.3333333333333333,2,2,GACGCTGTCGAGGGATTAGG,0,4770809
ygeX_predicted,0.3333333333333333,2,2,GACCGATAGCGACCACGAGG,0,4791333
ygeX_predicted,0.3333333333333333,2,2,GACCACAACTTCAAGAATAA,0,4776388
ygeX_predicted,0.3333333333333333,2,2,GACCAAGACTACAATCGCAC,0,4776610
ygeX_predicted,0.3333333333333333,2,2,GACCAACCGTCGTGGTCTAT,0,4779605
ygeX_predicted,0.3333333333333333,2,2,GACATCCACTTAGACTGATC,0,4792726
ygeX_predicted,0.3333333333333333,2,2,GACAGGTGATCAAAGGCTCA,0,4772157
ygeX_predicted,0.3333333333333333,2,2,GACAGAAGTCAGTATCGCTT,0,4789184
ygeX_predicted,0.3333333333333333,2,2,GACACTCAGTACCAGGAGTC,0,4769143
ygeX_predicted,0.3333333333333333,2,2,GACACGTTACACACACACAG,0,4784731
ygeX_predicted,0.3333333333333333,2,2,GACACCTGACGGGTCAGCTC,0,4778164
ygeX_predicted,0.3333333333333333,2,2,GACACCGGTGTACGTTGCCT,0,4794235
ygeX_predicted,0.3333333333333333,2,2,GACAATGACTCAACATTTTT,0,4774866
ygeX_predicted,0.3333333333333333,2,2,GAATTATTGCCTCTATCGAT,0,4792980
ygeX_predicted,0.3333333333333333,2,2,GAATCGCCCACATTCGTTAT,0,4768959
ygeX_predicted,0.3333333333333333,2,2,GAAGTTCACGAAGGACTATG,0,4794589
ygeX_predicted,0.3333333333333333,2,2,GAAGTCGGCTAAGTCGAAAT,0,4791864
ygeX_predicted,0.3333333333333333,2,2,GAAGTACAAAACTCACGTTA,0,4791153
ygeX_predicted,0.3333333333333333,2,2,GAAGGTTTCCCCCGAACTTA,0,4769277
ygeX_predicted,0.3333333333333333,2,2,GAAGGTAAATCGCCCGAGCT,0,4793169
ygeX_predicted,0.3333333333333333,2,2,GAAGCTCTGCCGTCTCTTAA,0,4780726
ygeX_predicted,0.3333333333333333,2,2,GAAGCGTTGTAATTGATCCA,0,4776227
ygeX_predicted,0.3333333333333333,2,2,GAACGGTGACGCCGTTAGTT,0,4791140
ygeX_predicted,0.3333333333333333,2,2,GAACCCGGTACACCTAACAT,0,4789021
ygeX_predicted,0.3333333333333333,2,2,GAACATTTATGGGTTTTAGA,0,4772725
ygeX_predicted,0.3333333333333333,2,2,GAACATTCCCCGAACGACAG,0,4782965
ygeX_predicted,0.3333333333333333,2,2,GAACACTCCCCTCCGGCCAT,0,4790074
ygeX_predicted,0.3333333333333333,2,2,GAAATCGTCATCGCGCAGCA,0,4780124
ygeX_predicted,0.3333333333333333,2,2,GAAATATGCGTATGAGATCA,0,4786174
ygeX_predicted,0.3333333333333333,2,2,GAAAATGGTGTCTCGGCGGG,0,4787570
ygeX_predicted,0.3333333333333333,2,2,GAAAATCAGGCCTTTCTTGT,0,4794503
ygeX_predicted,0.3333333333333333,2,2,CTTTTCATCACAGTCCCATT,0,4779018
ygeX_predicted,0.3333333333333333,2,2,CTTTGTCTGTCCGCAGCCTC,0,4777205
ygeX_predicted,0.3333333333333333,2,2,CTTTGGAATGCCCTGTTATC,0,4793600
ygeX_predicted,0.3333333333333333,2,2,CTTTATATGTTACTCCATCA,0,4788069
ygeX_predicted,0.3333333333333333,2,2,CTTTAATGTCTCCGGTAATT,0,4791221
ygeX_predicted,0.3333333333333333,2,2,CTTGCATTCTGTAGCTGGTT,0,4793250
ygeX_predicted,0.3333333333333333,2,2,CTTGAGGAAACGTGCTTCTT,0,4783980
ygeX_predicted,0.3333333333333333,2,2,CTTGAAATACTCTTAACAGG,0,4788786
ygeX_predicted,0.3333333333333333,2,2,CTTCTTGCGAGTCCGATTAC,0,4793026
ygeX_predicted,0.3333333333333333,2,2,CTTCGGACTCTCCTTTGGAC,0,4793398
ygeX_predicted,0.3333333333333333,2,2,CTTCCTCGCATCGCACGACG,0,4786699
ygeX_predicted,0.3333333333333333,2,2,CTTCCACAAGGTATGCACAC,0,4793811
ygeX_predicted,0.3333333333333333,2,2,CTTCAGTAAAGGGATTTCTT,0,4780725
ygeX_predicted,0.3333333333333333,2,2,CTTCAGGTATTGTCTCCTTC,0,4781487
ygeX_predicted,0.3333333333333333,2,2,CTTATGCATGTCATTGCCAG,0,4779540
ygeX_predicted,0.3333333333333333,2,2,CTTACTCGTGGTGTACCTCT,0,4790232
ygeX_predicted,0.3333333333333333,2,2,CTGTCATAGCGTCGAAAAAC,0,4766906
ygeX_predicted,0.3333333333333333,2,2,CTGTACCCAGCTAGAACGGT,0,4770601
ygeX_predicted,0.3333333333333333,2,2,CTGGTTGCACGCGTAGGAAA,0,4792084
ygeX_predicted,0.3333333333333333,2,2,CTGGTGGTCGAAGATGTCAG,0,4791982
ygeX_predicted,0.3333333333333333,2,2,CTGGCCCTAGCTCGCTCTGA,0,4789125
ygeX_predicted,0.3333333333333333,2,2,CTGGCCCAGGCCGCTGGCCA,0,4770993
ygeX_predicted,0.3333333333333333,2,2,CTGGCACGAGGGCTGATCCT,0,4782244
ygeX_predicted,0.3333333333333333,2,2,CTGCTGGCGGGTAAGCTGTT,0,4791918
ygeX_predicted,0.3333333333333333,2,2,CTGCGAGTTGCTGTTTAGAG,0,4790083
ygeX_predicted,0.3333333333333333,2,2,CTGCCCTTAGGGGCAGCTCA,0,4791611
ygeX_predicted,0.3333333333333333,2,2,CTGATGGAAGGTGAACCCAA,0,4770828
ygeX_predicted,0.3333333333333333,2,2,CTGATCGTATAACACATGCT,0,4789761
ygeX_predicted,0.3333333333333333,2,2,CTGATAACTTGCAATCGCGC,0,4774900
ygeX_predicted,0.3333333333333333,2,2,CTGAGGACACTACCATCTCG,0,4788482
ygeX_predicted,0.3333333333333333,2,2,CTGAATAAACGATGCATTGG,0,4766953
ygeX_predicted,0.3333333333333333,2,2,CTCTTCGATAATACGGGTGT,0,4774765
ygeX_predicted,0.3333333333333333,2,2,CTCTGTAGGCGGCCTCTCGA,0,4794781
ygeX_predicted,0.3333333333333333,2,2,CTCGTGTGCCGGTAGAGATA,0,4783234
ygeX_predicted,0.3333333333333333,2,2,CTCGTAATCTCAAAGGCCAC,0,4767147
ygeX_predicted,0.3333333333333333,2,2,CTCGCAATGAGCGGGAACGT,0,4767648
ygeX_predicted,0.3333333333333333,2,2,CTCGAGTTGTGTTGTAATGC,0,4768990
ygeX_predicted,0.3333333333333333,2,2,CTCATCCGTACTCGACACCC,0,4774308
ygeX_predicted,0.3333333333333333,2,2,CTCAGTAGCTGTTACGTTAT,0,4785216
ygeX_predicted,0.3333333333333333,2,2,CTCAAGTCAACGAATATCCT,0,4790593
ygeX_predicted,0.3333333333333333,2,2,CTATTAGGGAGAATGTTTCC,0,4787394
ygeX_predicted,0.3333333333333333,2,2,CTATTAATCATATCAATCCT,0,4784500
ygeX_predicted,0.3333333333333333,2,2,CTATGGTGATGGTCCCTGGT,0,4792487
ygeX_predicted,0.3333333333333333,2,2,CTATGCGCAGTGAGCGGGTT,0,4775871
ygeX_predicted,0.3333333333333333,2,2,CTATAGGTGGAGTTCCCGGC,0,4773269
ygeX_predicted,0.3333333333333333,2,2,CTATAAGGTATGCGTTGGAT,0,4793741
ygeX_predicted,0.3333333333333333,2,2,CTAGCGGGGATAGCCCCGTC,0,4767753
ygeX_predicted,0.3333333333333333,2,2,CTACGACTTAATAGGATCGG,0,4789578
ygeX_predicted,0.3333333333333333,2,2,CTAAGGACTCTAGAGATGCT,0,4785527
ygeX_predicted,0.3333333333333333,2,2,CTAAGCTCGACCCTGGGTCC,0,4790636
ygeX_predicted,0.3333333333333333,2,2,CTAAGCCTTCTCTCCGGGGA,0,4768189
ygeX_predicted,0.3333333333333333,2,2,CTAAATGCTTCAAAGAAGCG,0,4794422
ygeX_predicted,0.3333333333333333,2,2,CGTTCCTGTCGCCGCGAAGT,0,4781706
ygeX_predicted,0.3333333333333333,2,2,CGTTATGGATAAGCGGCACC,0,4789218
ygeX_predicted,0.3333333333333333,2,2,CGTTAGTTTTGATCTTGGAT,0,4775078
ygeX_predicted,0.3333333333333333,2,2,CGTGTCGTCCACTATCGATG,0,4786138
ygeX_predicted,0.3333333333333333,2,2,CGTGTCATTACAAGAATGCC,0,4770770
ygeX_predicted,0.3333333333333333,2,2,CGTGGGAGTTAATACAACCG,0,4779985
ygeX_predicted,0.3333333333333333,2,2,CGTGGCCTTTGTGAAGCCCA,0,4775902
ygeX_predicted,0.3333333333333333,2,2,CGTCTATCCAACAAAAATGA,0,4786941
ygeX_predicted,0.3333333333333333,2,2,CGTCTACTTTCATTCCTGGA,0,4777380
ygeX_predicted,0.3333333333333333,2,2,CGTCCTGATGTGCCGCCAGG,0,4775301
ygeX_predicted,0.3333333333333333,2,2,CGTCCAAGATCAAAGCCCTC,0,4786035
ygeX_predicted,0.3333333333333333,2,2,CGTATGTGGTTCCCTCAATC,0,4774428
ygeX_predicted,0.3333333333333333,2,2,CGTAATTGTGCTGTCTAATG,0,4774907
ygeX_predicted,0.3333333333333333,2,2,CGGTTAAGAAAGTTATTTGC,0,4777464
ygeX_predicted,0.3333333333333333,2,2,CGGTAGCTTACAACTCTGGA,0,4785285
ygeX_predicted,0.3333333333333333,2,2,CGGTACGACATTAAGCGGCA,0,4786827
ygeX_predicted,0.3333333333333333,2,2,CGGGTACGAGGGAGGAATCA,0,4769769
ygeX_predicted,0.3333333333333333,2,2,CGGGGTACCACGTCCGCGGT,0,4791380
ygeX_predicted,0.3333333333333333,2,2,CGGGCCCCACGGCACACCAA,0,4788405
ygeX_predicted,0.3333333333333333,2,2,CGGCGCCCAGTTTCTATGCA,0,4780150
ygeX_predicted,0.3333333333333333,2,2,CGGCATGAATACGTGCATCG,0,4774464
ygeX_predicted,0.3333333333333333,2,2,CGGATTCTTTTTGATCGTCA,0,4786800
ygeX_predicted,0.3333333333333333,2,2,CGGAGTAAGCCTCATTGGAA,0,4791115
ygeX_predicted,0.3333333333333333,2,2,CGGAGCTTCATGGCCCCAAG,0,4784625
ygeX_predicted,0.3333333333333333,2,2,CGGAGAACCCCAGGCTAGGG,0,4792576
ygeX_predicted,0.3333333333333333,2,2,CGGAAACCCTTGGCATTCCT,0,4774979
ygeX_predicted,0.3333333333333333,2,2,CGCTTGCTAACACGCCCGGG,0,4768303
ygeX_predicted,0.3333333333333333,2,2,CGCGTCCTTGGCCTCCCGGT,0,4781221
ygeX_predicted,0.3333333333333333,2,2,CGCGTCCCATGTCCTACACT,0,4794086
ygeX_predicted,0.3333333333333333,2,2,CGCGGTCGGCGTTATAACGA,0,4782358
ygeX_predicted,0.3333333333333333,2,2,CGCGGCGTGGGACCTGACTT,0,4788898
ygeX_predicted,0.3333333333333333,2,2,CGCCCTTCTCCATCGTGAGT,0,4770154
ygeX_predicted,0.3333333333333333,2,2,CGCCCTACAGACGTTCGTCC,0,4773500
ygeX_predicted,0.3333333333333333,2,2,CGCCACATCTCGGGTCGGAA,0,4786132
ygeX_predicted,0.3333333333333333,2,2,CGCATAGCGATACTGGAAGG,0,4785889
ygeX_predicted,0.3333333333333333,2,2,CGCATACAGCATTTTCTTGG,0,4781397
ygeX_predicted,0.3333333333333333,2,2,CGCATACAAGACGCTATGCG,0,4773084
ygeX_predicted,0.3333333333333333,2,2,CGCAGAGGTGCGCGTGCGCG,0,4783410
ygeX_predicted,0.3333333333333333,2,2,CGATTCCGGGCTTTTAGGTA,0,4767605
ygeX_predicted,0.3333333333333333,2,2,CGATTCCCGGATTTGTTCCC,0,4791529
ygeX_predicted,0.3333333333333333,2,2,CGATGTCAACCCAAAGCATA,0,4790838
ygeX_predicted,0.3333333333333333,2,2,CGATGCAAAGTTCATCGCGG,0,4783548
ygeX_predicted,0.3333333333333333,2,2,CGATGATTCTTTCTCAGTTG,0,4773918
ygeX_predicted,0.3333333333333333,2,2,CGATCTGGCGGGAGCACTGT,0,4783279
ygeX_predicted,0.3333333333333333,2,2,CGATACAATCCGTCCGCTAG,0,4790711
ygeX_predicted,0.3333333333333333,2,2,CGAGATTCCGTTCCGACGAC,0,4779346
ygeX_predicted,0.3333333333333333,2,2,CGAGACTGTGTACTGCCCAG,0,4770122
ygeX_predicted,0.3333333333333333,2,2,CGACGTGCACTCGTACACCT,0,4780031
ygeX_predicted,0.3333333333333333,2,2,CGACGATGCGGATTTCCCGG,0,4773803
ygeX_predicted,0.3333333333333333,2,2,CGACGACCGGGCGATCCACC,0,4785855
ygeX_predicted,0.3333333333333333,2,2,CGACCGTTAACGGGTCTGGG,0,4768974
ygeX_predicted,0.3333333333333333,2,2,CGACATTCCGCGGGAGAAAA,0,4784315
ygeX_predicted,0.3333333333333333,2,2,CGACATGTGCATTGATAACA,0,4791162
ygeX_predicted,0.3333333333333333,2,2,CGAACGCGTCTTAGGACAGG,0,4779298
ygeX_predicted,0.3333333333333333,2,2,CGAACCTATCATTAGCGAAG,0,4775425
ygeX_predicted,0.3333333333333333,2,2,CGAACAGGTCGCGGCTTCTC,0,4785465
ygeX_predicted,0.3333333333333333,2,2,CCTTTTTGTGGTCGCTTCCT,0,4776724
ygeX_predicted,0.3333333333333333,2,2,CCTTTTCTGTTATGACTAAG,0,4769768
ygeX_predicted,0.3333333333333333,2,2,CCTTGAATTGGCTCCAGCAA,0,4776310
ygeX_predicted,0.3333333333333333,2,2,CCTTATGGACCCTTATTAAG,0,4777674
ygeX_predicted,0.3333333333333333,2,2,CCTTAATTTAGGTCAGAGAC,0,4773534
ygeX_predicted,0.3333333333333333,2,2,CCTGTGCATTTAGCGATCGA,0,4768540
ygeX_predicted,0.3333333333333333,2,2,CCTGCTCTCTAGACTGGCGC,0,4789026
ygeX_predicted,0.3333333333333333,2,2,CCTGAGTATAGGGGTTAGTG,0,4779910
ygeX_predicted,0.3333333333333333,2,2,CCTGAGTACGGGATATACTG,0,4782107
ygeX_predicted,0.3333333333333333,2,2,CCTCGGTTTAGTGAATCGCG,0,4794302
ygeX_predicted,0.3333333333333333,2,2,CCTCCTGAGGAAGTGATGAT,0,4773769
ygeX_predicted,0.3333333333333333,2,2,CCTATAGTTCGGCATTTACT,0,4781940
ygeX_predicted,0.3333333333333333,2,2,CCTAGTTGATTGCGTGCAGT,0,4769719
ygeX_predicted,0.3333333333333333,2,2,CCTACTGCCCGAGCATCTTT,0,4787910
ygeX_predicted,0.3333333333333333,2,2,CCTACCGTTCGAGGTGAAAG,0,4786905
ygeX_predicted,0.3333333333333333,2,2,CCGTTTGTCGGGGGATTCAA,0,4787771
ygeX_predicted,0.3333333333333333,2,2,CCGTCAGGTGTAGACGTGTT,0,4794579
ygeX_predicted,0.3333333333333333,2,2,CCGTAGACGGCACATAAGAT,0,4790992
ygeX_predicted,0.3333333333333333,2,2,CCGGTAATTCATTTGCCAGT,0,4771755
ygeX_predicted,0.3333333333333333,2,2,CCGGCCTACGCTCCTGCGTA,0,4779260
ygeX_predicted,0.3333333333333333,2,2,CCGGATCCCCCGTAAAATAA,0,4785035
ygeX_predicted,0.3333333333333333,2,2,CCGGAACAAGGCACCCCGAC,0,4785547
ygeX_predicted,0.3333333333333333,2,2,CCGCGCTGTGATATAAACTA,0,4773460
ygeX_predicted,0.3333333333333333,2,2,CCGCGACCGTGTGAGGATTA,0,4774935
ygeX_predicted,0.3333333333333333,2,2,CCGCCTAAAAGCAACATAGA,0,4773863
ygeX_predicted,0.3333333333333333,2,2,CCGCCAACTCTTCCGTGATT,0,4767558
ygeX_predicted,0.3333333333333333,2,2,CCGCAATAGGCCAAGGTTAG,0,4774505
ygeX_predicted,0.3333333333333333,2,2,CCGAGAGTGCGGTACGTTTT,0,4788360
ygeX_predicted,0.3333333333333333,2,2,CCGAAGGAACTCACATGCCA,0,4794393
ygeX_predicted,0.3333333333333333,2,2,CCGAAGCGAGCTCCCGTTGG,0,4780063
ygeX_predicted,0.3333333333333333,2,2,CCGAAAGCCATATAGATACT,0,4784104
ygeX_predicted,0.3333333333333333,2,2,CCCTTTGATGGAGAAGCAGC,0,4784974
ygeX_predicted,0.3333333333333333,2,2,CCCTTCCCCAGTCTCGTTCA,0,4781235
ygeX_predicted,0.3333333333333333,2,2,CCCTGATTTTCAATAGATAA,0,4787762
ygeX_predicted,0.3333333333333333,2,2,CCCTCTGAACCGAGTTACTC,0,4781737
ygeX_predicted,0.3333333333333333,2,2,CCCTCAGACGTCCGTCATCC,0,4782549
ygeX_predicted,0.3333333333333333,2,2,CCCGCACTCTAGTTTCTACT,0,4789346
ygeX_predicted,0.3333333333333333,2,2,CCCGATTCAAGTGTACCTGC,0,4791106
ygeX_predicted,0.3333333333333333,2,2,CCCCTGGAAGAGGCCTCTGG,0,4768663
ygeX_predicted,0.3333333333333333,2,2,CCCCGTCTAATCAGTGAAGC,0,4767883
ygeX_predicted,0.3333333333333333,2,2,CCCCGTAGGGGGGAGGGCGC,0,4778800
ygeX_predicted,0.3333333333333333,2,2,CCCCCATAGGTAGGTAGCGA,0,4778971
ygeX_predicted,0.3333333333333333,2,2,CCCATTCTTTTTTAGAGTGG,0,4767968
ygeX_predicted,0.3333333333333333,2,2,CCCAGTAGAAGTTTTCGCGC,0,4782422
ygeX_predicted,0.3333333333333333,2,2,CCCAGCCACATCGACAGTCA,0,4772821
ygeX_predicted,0.3333333333333333,2,2,CCCACTCTAATGTCTCGTAT,0,4791835
ygeX_predicted,0.3333333333333333,2,2,CCCAACTGCGGACCGTTAAA,0,4771447
ygeX_predicted,0.3333333333333333,2,2,CCATTATCTGGTGATTCGCA,0,4769873
ygeX_predicted,0.3333333333333333,2,2,CCATAATTGCATAGGCATTC,0,4782477
ygeX_predicted,0.3333333333333333,2,2,CCAGTCAGTGCTTATAAGTA,0,4786282
ygeX_predicted,0.3333333333333333,2,2,CCAGGGTTTGGCAGAGGGAT,0,4779375
ygeX_predicted,0.3333333333333333,2,2,CCAGGCTGGCTCTCATTTCT,0,4773007
ygeX_predicted,0.3333333333333333,2,2,CCAGCTGCTAGCCTGGCAAT,0,4780185
ygeX_predicted,0.3333333333333333,2,2,CCAGCGCGTGTGGACCGAAC,0,4793867
ygeX_predicted,0.3333333333333333,2,2,CCAGATGCTTCACAATCTCG,0,4780054
ygeX_predicted,0.3333333333333333,2,2,CCAGACTTCCATAAATCACA,0,4790696
ygeX_predicted,0.3333333333333333,2,2,CCACCTGTTCCGCCATTTCA,0,4780314
ygeX_predicted,0.3333333333333333,2,2,CCACCTCATATTGCAGGAAT,0,4775361
ygeX_predicted,0.3333333333333333,2,2,CCACAGGAGGTTTTCGCGTA,0,4777523
ygeX_predicted,0.3333333333333333,2,2,CCAAGCGGATCGTGACTCAC,0,4794824
ygeX_predicted,0.3333333333333333,2,2,CCAAATAGGCCGGCTGAATC,0,4785485
ygeX_predicted,0.3333333333333333,2,2,CATTTTCATCATTCAGCACT,0,4792083
ygeX_predicted,0.3333333333333333,2,2,CATTTCTGTATCTAGGCGCT,0,4770152
ygeX_predicted,0.3333333333333333,2,2,CATTGGCCAGCAGGTATTGT,0,4786529
ygeX_predicted,0.3333333333333333,2,2,CATTGCGGAGCGCACACTAT,0,4777600
ygeX_predicted,0.3333333333333333,2,2,CATTGATCTACCCAAAGACT,0,4784489
ygeX_predicted,0.3333333333333333,2,2,CATTCGGTCGAGAGCCATGT,0,4786500
ygeX_predicted,0.3333333333333333,2,2,CATGTGGTACTCGATATCTT,0,4776531
ygeX_predicted,0.3333333333333333,2,2,CATGGTGTCATCTGCGTCGC,0,4791619
ygeX_predicted,0.3333333333333333,2,2,CATGACTTTAACTGGATTGA,0,4773354
ygeX_predicted,0.3333333333333333,2,2,CATCTGAGGGGCTATCATGG,0,4794619
ygeX_predicted,0.3333333333333333,2,2,CATCTCGATTCAGTTGCTGG,0,4768260
ygeX_predicted,0.3333333333333333,2,2,CATCTATCTAGACCTCAATT,0,4785703
ygeX_predicted,0.3333333333333333,2,2,CATCGATTATGTCGGTGATT,0,4780769
ygeX_predicted,0.3333333333333333,2,2,CATCCTCGATCGAGTATGAA,0,4784549
ygeX_predicted,0.3333333333333333,2,2,CATCCCGTCGTTCATGAGTG,0,4774575
ygeX_predicted,0.3333333333333333,2,2,CATCATCACTCGGTATTAAT,0,4794236
ygeX_predicted,0.3333333333333333,2,2,CATATGTTGGCAAGGCCAGT,0,4791718
ygeX_predicted,0.3333333333333333,2,2,CATACGTACAGCGTGCATAG,0,4770443
ygeX_predicted,0.3333333333333333,2,2,CATAATCAATTGGTGGTCAT,0,4781259
ygeX_predicted,0.3333333333333333,2,2,CATAATATGAGACGACGAGT,0,4782360
ygeX_predicted,0.3333333333333333,2,2,CAGTGAGAGGTTCTATGTCC,0,4793711
ygeX_predicted,0.3333333333333333,2,2,CAGTGACCCTCGTCCCCCCC,0,4777103
ygeX_predicted,0.3333333333333333,2,2,CAGGTACATATTACGGCCTA,0,4772420
ygeX_predicted,0.3333333333333333,2,2,CAGCGTTGCCACTGACCCAT,0,4771989
ygeX_predicted,0.3333333333333333,2,2,CAGCGGGTGGAGTGCAGGAG,0,4792000
ygeX_predicted,0.3333333333333333,2,2,CAGATGAGGCATAGACCGAG,0,4782821
ygeX_predicted,0.3333333333333333,2,2,CAGAGGGTCTATTACCCATA,0,4793826
ygeX_predicted,0.3333333333333333,2,2,CAGAGACGATTTGCGGACAC,0,4787307
ygeX_predicted,0.3333333333333333,2,2,CAGACCTTCGGGAACTTATA,0,4774564
ygeX_predicted,0.3333333333333333,2,2,CAGAATGGCTATCATTGGTT,0,4769357
ygeX_predicted,0.3333333333333333,2,2,CACTTGAAGCGGGATTTGAG,0,4769229
ygeX_predicted,0.3333333333333333,2,2,CACTTAGCGGCCAGACGTCG,0,4788510
ygeX_predicted,0.3333333333333333,2,2,CACTCATCGAATGGCGTTAC,0,4788172
ygeX_predicted,0.3333333333333333,2,2,CACTAGGATGGGCCGCCCTG,0,4767569
ygeX_predicted,0.3333333333333333,2,2,CACGCCTGTGAAGTGATTCG,0,4786933
ygeX_predicted,0.3333333333333333,2,2,CACCTGAGAGTTGTTCCTGT,0,4782049
ygeX_predicted,0.3333333333333333,2,2,CACCTCAGGTGCGGTGGTCC,0,4778599
ygeX_predicted,0.3333333333333333,2,2,CACCTATCCCAAGGAAACTG,0,4791738
ygeX_predicted,0.3333333333333333,2,2,CACCTAGTGATCGATCTGCC,0,4778197
ygeX_predicted,0.3333333333333333,2,2,CACCTACTTTTGCCAGTGAT,0,4773862
ygeX_predicted,0.3333333333333333,2,2,CACCGATTGAGCTCTTTCCT,0,4791243
ygeX_predicted,0.3333333333333333,2,2,CACCGATCTTGGGTATACTC,0,4786798
ygeX_predicted,0.3333333333333333,2,2,CACCCGGGCTACCTCTCCGG,0,4776824
ygeX_predicted,0.3333333333333333,2,2,CACAGCCCTGTAATCCGGAA,0,4787549
ygeX_predicted,0.3333333333333333,2,2,CACAGAATTTGGGCTCAGTC,0,4769279
ygeX_predicted,0.3333333333333333,2,2,CAATTACGCATTATAGGATG,0,4771103
ygeX_predicted,0.3333333333333333,2,2,CAATGGGTGGTAAAAGTAAG,0,4788084
ygeX_predicted,0.3333333333333333,2,2,CAATCCGGTTTATTCCCATG,0,4786682
ygeX_predicted,0.3333333333333333,2,2,CAATCAGACGCTAAGAATAG,0,4781173
ygeX_predicted,0.3333333333333333,2,2,CAATAAGCGCATTTTTATAC,0,4775934
ygeX_predicted,0.3333333333333333,2,2,CAATAAACTTCTTCCTCAGA,0,4789232
ygeX_predicted,0.3333333333333333,2,2,CAAGTGGCTCTTGACTTGGT,0,4791191
ygeX_predicted,0.3333333333333333,2,2,CAAGTGGCAATGCGCTGAAC,0,4769363
ygeX_predicted,0.3333333333333333,2,2,CAAGCCGGGCCATAATTGTC,0,4786839
ygeX_predicted,0.3333333333333333,2,2,CAAGCCGGACATCACTTGTT,0,4792901
ygeX_predicted,0.3333333333333333,2,2,CAAGATCGTTGGGCAAGTCG,0,4771927
ygeX_predicted,0.3333333333333333,2,2,CAACTCGGCGTAACTCGGGA,0,4782765
ygeX_predicted,0.3333333333333333,2,2,CAACGAAGAAAAGAACATGT,0,4777865
ygeX_predicted,0.3333333333333333,2,2,CAACGAAATGATGTTGAATC,0,4789741
ygeX_predicted,0.3333333333333333,2,2,CAACCGACACGTGAGGCAGG,0,4781917
ygeX_predicted,0.3333333333333333,2,2,CAAAGTGTTTCCGGCTTCTG,0,4788525
ygeX_predicted,0.3333333333333333,2,2,ATTTCATCATAGCAGTAGTT,0,4789995
ygeX_predicted,0.3333333333333333,2,2,ATTGTTTGCAAGGTTGATAT,0,4773723
ygeX_predicted,0.3333333333333333,2,2,ATTGTCAGCTGGACCGGAAA,0,4775861
ygeX_predicted,0.3333333333333333,2,2,ATTGGTACCTGTCCAGCCGC,0,4788021
ygeX_predicted,0.3333333333333333,2,2,ATTGCTCCTCAGAAAAAGGT,0,4771077
ygeX_predicted,0.3333333333333333,2,2,ATTGCGGTTTGGGAGCCGGC,0,4777227
ygeX_predicted,0.3333333333333333,2,2,ATTGCACCACCACAGGTTAG,0,4770979
ygeX_predicted,0.3333333333333333,2,2,ATTCTGAGTATGGAACGTGT,0,4794292
ygeX_predicted,0.3333333333333333,2,2,ATTCTAATCCGCAATAGTAT,0,4787084
ygeX_predicted,0.3333333333333333,2,2,ATTCCAGGATCTGGGGTCAT,0,4783134
ygeX_predicted,0.3333333333333333,2,2,ATTCAGAGGTCCGTGGGCTG,0,4787572
ygeX_predicted,0.3333333333333333,2,2,ATTCAAGTAGCTGAGTTCGG,0,4775865
ygeX_predicted,0.3333333333333333,2,2,ATTAGCCCGGTACATTGAAG,0,4770927
ygeX_predicted,0.3333333333333333,2,2,ATGTGTTGGGGTGAGGGACT,0,4775307
ygeX_predicted,0.3333333333333333,2,2,ATGTCTTTAGTCCCAGTACA,0,4789216
ygeX_predicted,0.3333333333333333,2,2,ATGTCTGGTCCGGGCTAGTT,0,4793648
ygeX_predicted,0.3333333333333333,2,2,ATGGTCAGGAAACGTACCAC,0,4782944
ygeX_predicted,0.3333333333333333,2,2,ATGGTATTTTCTGTCCAATG,0,4770699
ygeX_predicted,0.3333333333333333,2,2,ATGGCTGTCACGAATGTTGA,0,4771782
ygeX_predicted,0.3333333333333333,2,2,ATGGCCATTACAATCTGATC,0,4785358
ygeX_predicted,0.3333333333333333,2,2,ATGGAGCAGGACCCAACCGG,0,4791337
ygeX_predicted,0.3333333333333333,2,2,ATGGAGAGATCGCTGCCGTT,0,4784882
ygeX_predicted,0.3333333333333333,2,2,ATGCGAGAGCGACTGCCAGG,0,4782396
ygeX_predicted,0.3333333333333333,2,2,ATGCAATACAGGCTGGCATC,0,4767306
ygeX_predicted,0.3333333333333333,2,2,ATGCAAGCTTTTATTCGCCT,0,4785201
ygeX_predicted,0.3333333333333333,2,2,ATGATGGAAGTTTTAGCGAC,0,4785698
ygeX_predicted,0.3333333333333333,2,2,ATGATGATAATTCAACAACC,0,4794882
ygeX_predicted,0.3333333333333333,2,2,ATGAAAGTACATCAACCATC,0,4787376
ygeX_predicted,0.3333333333333333,2,2,ATCTGGATGCTTGAAAGCCT,0,4782623
ygeX_predicted,0.3333333333333333,2,2,ATCTCTCTGGACTCCAACAT,0,4784683
ygeX_predicted,0.3333333333333333,2,2,ATCTAAAGTTCGTAGAATCC,0,4783673
ygeX_predicted,0.3333333333333333,2,2,ATCGGTAGTCATATGTCCCT,0,4790155
ygeX_predicted,0.3333333333333333,2,2,ATCGCTATGGATGGGTTCAT,0,4776615
ygeX_predicted,0.3333333333333333,2,2,ATCGCGTACGTTCCGACACC,0,4784573
ygeX_predicted,0.3333333333333333,2,2,ATCGATTCATTGATACCAGT,0,4788678
ygeX_predicted,0.3333333333333333,2,2,ATCCTTATACCTCGTGAATC,0,4788116
ygeX_predicted,0.3333333333333333,2,2,ATCCGGGACTCCGTATTATT,0,4770639
ygeX_predicted,0.3333333333333333,2,2,ATCCGCGCCTCGACACCAGA,0,4793133
ygeX_predicted,0.3333333333333333,2,2,ATCCGATAGAGAACGACCTA,0,4782567
ygeX_predicted,0.3333333333333333,2,2,ATCCCGTTGCTTTATGGACG,0,4774346
ygeX_predicted,0.3333333333333333,2,2,ATCCCGTCATGGAATAAAAA,0,4777192
ygeX_predicted,0.3333333333333333,2,2,ATCCAGTTAACACTCATTAA,0,4773147
ygeX_predicted,0.3333333333333333,2,2,ATCCAGATGCCTTGCGAGTA,0,4792929
ygeX_predicted,0.3333333333333333,2,2,ATCAGCCCAAATGCTAGCCG,0,4794399
ygeX_predicted,0.3333333333333333,2,2,ATCACCAGTAATATGTTGTA,0,4778122
ygeX_predicted,0.3333333333333333,2,2,ATCAACCCTGCTTGTTGTAT,0,4778030
ygeX_predicted,0.3333333333333333,2,2,ATATGCTTGTCCGAAGTTGG,0,4776980
ygeX_predicted,0.3333333333333333,2,2,ATATGAATTGCACATGGACG,0,4786344
ygeX_predicted,0.3333333333333333,2,2,ATATATTTAATTAGAGTGGC,0,4774570
ygeX_predicted,0.3333333333333333,2,2,ATATATTCCTTATGAACGTA,0,4782266
ygeX_predicted,0.3333333333333333,2,2,ATAGTATGAATATATCATAC,0,4785959
ygeX_predicted,0.3333333333333333,2,2,ATAGGGAACAATGTTCCCTC,0,4767387
ygeX_predicted,0.3333333333333333,2,2,ATAGACGCCTAGCTTCACGG,0,4768502
ygeX_predicted,0.3333333333333333,2,2,ATAGACAAGGGACTTAGAAA,0,4773092
ygeX_predicted,0.3333333333333333,2,2,ATACTGGGCTGTTGCATGTC,0,4773700
ygeX_predicted,0.3333333333333333,2,2,ATACGTCATTATAAGCGGTT,0,4792188
ygeX_predicted,0.3333333333333333,2,2,ATACGGACTCCAGTTGGTTC,0,4778320
ygeX_predicted,0.3333333333333333,2,2,ATACGCGTCTGAATCGAACT,0,4771108
ygeX_predicted,0.3333333333333333,2,2,ATACATGAGTGAGTATTTGA,0,4767932
ygeX_predicted,0.3333333333333333,2,2,ATACAAAATGGCTTGGGGTT,0,4788856
ygeX_predicted,0.3333333333333333,2,2,ATAATCTTAGCGCGATAGAA,0,4778699
ygeX_predicted,0.3333333333333333,2,2,ATAATCTGGTGGATGCTGGT,0,4775737
ygeX_predicted,0.3333333333333333,2,2,ATAAGCAGAGGCAAAACGAT,0,4786668
ygeX_predicted,0.3333333333333333,2,2,ATAACGGACGACTACCCCCT,0,4791470
ygeX_predicted,0.3333333333333333,2,2,ATAAACGCAGCCAATCGCGC,0,4784557
ygeX_predicted,0.3333333333333333,2,2,AGTTGCTCCATACCGCTCAA,0,4775155
ygeX_predicted,0.3333333333333333,2,2,AGTGTTCGCAAGAATCGAGA,0,4784266
ygeX_predicted,0.3333333333333333,2,2,AGTGTCTGTCCCGAATTATT,0,4792536
ygeX_predicted,0.3333333333333333,2,2,AGTGCGGTCATTCAAGCCCC,0,4772096
ygeX_predicted,0.3333333333333333,2,2,AGTGCAGCGGGTAGGAATAG,0,4772717
ygeX_predicted,0.3333333333333333,2,2,AGTCCCTTAGCTGGTCGCTC,0,4780250
ygeX_predicted,0.3333333333333333,2,2,AGTCCCCGCTTGCCAACTAC,0,4781192
ygeX_predicted,0.3333333333333333,2,2,AGTCAAATAGGGTCTACCAT,0,4773898
ygeX_predicted,0.3333333333333333,2,2,AGTAGGATAATCCCTTCGCG,0,4787152
ygeX_predicted,0.3333333333333333,2,2,AGTACGCTGGTGTCAATTAG,0,4768627
ygeX_predicted,0.3333333333333333,2,2,AGGTGAGACGCCAGAGTATC,0,4788594
ygeX_predicted,0.3333333333333333,2,2,AGGTGACCATCAAAGAATGT,0,4776467
ygeX_predicted,0.3333333333333333,2,2,AGGTCGCCGGAAAACAGGGG,0,4775940
ygeX_predicted,0.3333333333333333,2,2,AGGTAGGGAATTGATCCGGA,0,4776154
ygeX_predicted,0.3333333333333333,2,2,AGGGCTCTATCCTGAATAAA,0,4773761
ygeX_predicted,0.3333333333333333,2,2,AGGGCCAGACAAGGCGCCAG,0,4779692
ygeX_predicted,0.3333333333333333,2,2,AGGGCAGGCGCCGTGTCAGA,0,4790034
ygeX_predicted,0.3333333333333333,2,2,AGGCGGAAAACCTCTACGGG,0,4779930
ygeX_predicted,0.3333333333333333,2,2,AGGCGCTATTGAGTATTAAT,0,4781328
ygeX_predicted,0.3333333333333333,2,2,AGGCCGGGTGGGCACCGGAC,0,4767964
ygeX_predicted,0.3333333333333333,2,2,AGGCCGAGCCGTACCGGTAA,0,4789251
ygeX_predicted,0.3333333333333333,2,2,AGGCCAGGCAAACAGTACGT,0,4767538
ygeX_predicted,0.3333333333333333,2,2,AGGATTCTCCAGGAGGAAAT,0,4771852
ygeX_predicted,0.3333333333333333,2,2,AGGAGGGTTGCCCGGACGGG,0,4774131
ygeX_predicted,0.3333333333333333,2,2,AGGAGACCGTGCGCTCTCTT,0,4773416
ygeX_predicted,0.3333333333333333,2,2,AGGAAGGCAGGAAGGTGCAA,0,4792237
ygeX_predicted,0.3333333333333333,2,2,AGGAAGACACCGTTGAATGC,0,4777081
ygeX_predicted,0.3333333333333333,2,2,AGCTTAATCATACTCGTAAT,0,4769839
ygeX_predicted,0.3333333333333333,2,2,AGCTCGCACCAGAAGAAGCT,0,4791866
ygeX_predicted,0.3333333333333333,2,2,AGCGTTGGAACCCGTATGGG,0,4773256
ygeX_predicted,0.3333333333333333,2,2,AGCGCTAAATAAGAGCACTG,0,4772765
ygeX_predicted,0.3333333333333333,2,2,AGCCGCTTCGATCAAAGGTA,0,4786817
ygeX_predicted,0.3333333333333333,2,2,AGCCCTTTCACAACTTTAGC,0,4790358
ygeX_predicted,0.3333333333333333,2,2,AGCCCCCCACGTCATTGGAC,0,4769454
ygeX_predicted,0.3333333333333333,2,2,AGCATTGAACCCAACCGTCC,0,4792888
ygeX_predicted,0.3333333333333333,2,2,AGCAGTGAAGGGTACCCTCC,0,4785404
ygeX_predicted,0.3333333333333333,2,2,AGCACTTTCATTAAGCATAG,0,4768527
ygeX_predicted,0.3333333333333333,2,2,AGCAAATTCATTCGATGCGG,0,4789921
ygeX_predicted,0.3333333333333333,2,2,AGATGGCCTATGTTCGCCGA,0,4772679
ygeX_predicted,0.3333333333333333,2,2,AGATATTACGACAATTGCCG,0,4781763
ygeX_predicted,0.3333333333333333,2,2,AGATACGAGATATTAGAGTT,0,4775282
ygeX_predicted,0.3333333333333333,2,2,AGAGTTTCAAGAGGGGAAAG,0,4776927
ygeX_predicted,0.3333333333333333,2,2,AGAGGCTCGCAAATGTGGAG,0,4785588
ygeX_predicted,0.3333333333333333,2,2,AGAGCTCTGTTTTTTTGCCA,0,4771656
ygeX_predicted,0.3333333333333333,2,2,AGAGCCTATATAGCACATTG,0,4780519
ygeX_predicted,0.3333333333333333,2,2,AGAGACCCGCAATAACGTCA,0,4773311
ygeX_predicted,0.3333333333333333,2,2,AGACTCGTGCTCGTTACTCG,0,4792993
ygeX_predicted,0.3333333333333333,2,2,AGAAGAGGATGTTCGGAGCT,0,4785340
ygeX_predicted,0.3333333333333333,2,2,ACTTGGGAGGTTTAACCAGA,0,4777125
ygeX_predicted,0.3333333333333333,2,2,ACTGGTAGGAAGCAATTACA,0,4774357
ygeX_predicted,0.3333333333333333,2,2,ACTGGCTTTCATGGAGCTGG,0,4783128
ygeX_predicted,0.3333333333333333,2,2,ACTGATGAGATGGTGGTAAA,0,4773778
ygeX_predicted,0.3333333333333333,2,2,ACTGACACCTAGTGCCTGCA,0,4771774
ygeX_predicted,0.3333333333333333,2,2,ACTCCAAGCCGTCTCACTGT,0,4787351
ygeX_predicted,0.3333333333333333,2,2,ACTCACTTTGATCGGGGTGC,0,4786278
ygeX_predicted,0.3333333333333333,2,2,ACTATGTTGATGTTGGCGAA,0,4794487
ygeX_predicted,0.3333333333333333,2,2,ACTATACGGCTAGGCGGCCG,0,4794584
ygeX_predicted,0.3333333333333333,2,2,ACTAGGTTGTGAATATAGAA,0,4783090
ygeX_predicted,0.3333333333333333,2,2,ACTAGCGTTGGGACGTCGAT,0,4787740
ygeX_predicted,0.3333333333333333,2,2,ACTACAGATGATTCTGGTAG,0,4793201
ygeX_predicted,0.3333333333333333,2,2,ACTAATAGGGGCTTGAGGTC,0,4767296
ygeX_predicted,0.3333333333333333,2,2,ACGTCGCATGTTTTTGGTTA,0,4789585
ygeX_predicted,0.3333333333333333,2,2,ACGTCCGGGGCATACACTAC,0,4778032
ygeX_predicted,0.3333333333333333,2,2,ACGTATTCATTCTGAGAACA,0,4770742
ygeX_predicted,0.3333333333333333,2,2,ACGTAGAACGGGGCCACATT,0,4778033
ygeX_predicted,0.3333333333333333,2,2,ACGTACAAGAGGTGGAACGG,0,4784314
ygeX_predicted,0.3333333333333333,2,2,ACGGTCCGCAAGAACTCGGC,0,4783167
ygeX_predicted,0.3333333333333333,2,2,ACGGGAAATAGGCCAGGCAG,0,4776594
ygeX_predicted,0.3333333333333333,2,2,ACGGCTTCGGCGGCTCCTGT,0,4769567
ygeX_predicted,0.3333333333333333,2,2,ACGGACTGGTCGGTCTAGGC,0,4789983
ygeX_predicted,0.3333333333333333,2,2,ACGGACAGTATGAGACCTCT,0,4789056
ygeX_predicted,0.3333333333333333,2,2,ACGGACACCCACTCCCAACG,0,4768604
ygeX_predicted,0.3333333333333333,2,2,ACGGACAAGTGGCATTTTTA,0,4780413
ygeX_predicted,0.3333333333333333,2,2,ACGCATACTCACCGATGCAC,0,4772354
ygeX_predicted,0.3333333333333333,2,2,ACGATATGTCGGTGAACGGA,0,4785549
ygeX_predicted,0.3333333333333333,2,2,ACGATACATGGTACTCGACG,0,4773179
ygeX_predicted,0.3333333333333333,2,2,ACGACTCCACACTTGATAAT,0,4783611
ygeX_predicted,0.3333333333333333,2,2,ACGAACATGGCGGAGCGCCC,0,4767023
ygeX_predicted,0.3333333333333333,2,2,ACCTTTTAAGGTGAGGAAAT,0,4787845
ygeX_predicted,0.3333333333333333,2,2,ACCTGGGTGCTGAAGGATCG,0,4772513
ygeX_predicted,0.3333333333333333,2,2,ACCTCTGACGAGGACTGAAG,0,4793866
ygeX_predicted,0.3333333333333333,2,2,ACCGCGAGGGTCTGAGTAGG,0,4779145
ygeX_predicted,0.3333333333333333,2,2,ACCGAGAGATGATCGGGCGC,0,4788640
ygeX_predicted,0.3333333333333333,2,2,ACCCTTGCCGGTTACCGCGC,0,4783224
ygeX_predicted,0.3333333333333333,2,2,ACCCTTCGATCCAAGAACAC,0,4776738
ygeX_predicted,0.3333333333333333,2,2,ACCCTAGATTGTTACAAAGG,0,4776490
ygeX_predicted,0.3333333333333333,2,2,ACCCGGTCTGTCGATTGCGG,0,4794721
ygeX_predicted,0.3333333333333333,2,2,ACCCCTGAGTAGTCTGGGCA,0,4771670
ygeX_predicted,0.3333333333333333,2,2,ACCATACATCGGCATGGTTA,0,4773116
ygeX_predicted,0.3333333333333333,2,2,ACATTCCTAGGTACCCTCCT,0,4775383
ygeX_predicted,0.3333333333333333,2,2,ACATGACGCATATCATTGTT,0,4767134
ygeX_predicted,0.3333333333333333,2,2,ACATCGTCATTAAAGGCAGC,0,4780532
ygeX_predicted,0.3333333333333333,2,2,ACATCCAGAGCACCATTATT,0,4770368
ygeX_predicted,0.3333333333333333,2,2,ACATAACTCGACTATTTGGG,0,4767634
ygeX_predicted,0.3333333333333333,2,2,ACAGATCGGGAACGATGTCC,0,4775414
ygeX_predicted,0.3333333333333333,2,2,ACACTTAGACAGCAGATGCC,0,4788881
ygeX_predicted,0.3333333333333333,2,2,ACACGGTAATTAGTTTTCTC,0,4782181
ygeX_predicted,0.3333333333333333,2,2,ACACGACGCCACCTAGGCCG,0,4774649
ygeX_predicted,0.3333333333333333,2,2,ACACGAAGGGAAAAACTTCC,0,4790160
ygeX_predicted,0.3333333333333333,2,2,ACACAATGTACTGAAGCAAG,0,4791414
ygeX_predicted,0.3333333333333333,2,2,ACAAGGCAACTTGACAATCG,0,4792129
ygeX_predicted,0.3333333333333333,2,2,ACAAGATAATGTGTCTTAAT,0,4773231
ygeX_predicted,0.3333333333333333,2,2,ACAACCTAGAGTATTTGGTT,0,4775203
ygeX_predicted,0.3333333333333333,2,2,ACAACACTGGCGCGACCGCC,0,4781871
ygeX_predicted,0.3333333333333333,2,2,ACAAACTGATTGGAGGTTAA,0,4772204
ygeX_predicted,0.3333333333333333,2,2,ACAAAATAAGGATTAAACAG,0,4783736
ygeX_predicted,0.3333333333333333,2,2,AATTTTTGCCAACACGGACT,0,4772103
ygeX_predicted,0.3333333333333333,2,2,AATTGTGCGAAAGCCGGGCG,0,4768190
ygeX_predicted,0.3333333333333333,2,2,AATTGGGCTACTGGGCGAAC,0,4790346
ygeX_predicted,0.3333333333333333,2,2,AATTCTAGTTACGGTTTCAC,0,4788582
ygeX_predicted,0.3333333333333333,2,2,AATTCCCATTATGGTTAAAT,0,4776151
ygeX_predicted,0.3333333333333333,2,2,AATGTTTTCGGAATGGGTGG,0,4770434
ygeX_predicted,0.3333333333333333,2,2,AATGTCTTGGTTGTAATGGT,0,4791601
ygeX_predicted,0.3333333333333333,2,2,AATGATAGGGGGCTTGTCTT,0,4793899
ygeX_predicted,0.3333333333333333,2,2,AATGACCCTCCGCGCACTCT,0,4780289
ygeX_predicted,0.3333333333333333,2,2,AATCGTACACGCGGACACAT,0,4767724
ygeX_predicted,0.3333333333333333,2,2,AATCGTAAGGAGTGGGGCGA,0,4777952
ygeX_predicted,0.3333333333333333,2,2,AATCGCGCGTGTTGAGGCGC,0,4788020
ygeX_predicted,0.3333333333333333,2,2,AATCCTCACCTCAAGTAGAT,0,4792022
ygeX_predicted,0.3333333333333333,2,2,AATCCAGATGCATATGACCC,0,4791253
ygeX_predicted,0.3333333333333333,2,2,AATATTGGGCCTACCAGCGG,0,4779827
ygeX_predicted,0.3333333333333333,2,2,AATATCTAAAATTTCAGTGA,0,4791656
ygeX_predicted,0.3333333333333333,2,2,AATACATATCAAGCCTTGCC,0,4773637
ygeX_predicted,0.3333333333333333,2,2,AAGTTTATCCCTGTGACATA,0,4768758
ygeX_predicted,0.3333333333333333,2,2,AAGTTCGCAAAGGGAGATTA,0,4775891
ygeX_predicted,0.3333333333333333,2,2,AAGTTCGAATCGTCGGAGGA,0,4771830
ygeX_predicted,0.3333333333333333,2,2,AAGTGCGCATGTAAGTCCCT,0,4786751
ygeX_predicted,0.3333333333333333,2,2,AAGTCGTACGTCTGCCGGAC,0,4780889
ygeX_predicted,0.3333333333333333,2,2,AAGTAATCTGACAAACCGCG,0,4787952
ygeX_predicted,0.3333333333333333,2,2,AAGGTGGATCAAGCGGATTG,0,4771378
ygeX_predicted,0.3333333333333333,2,2,AAGGTCACCGCGAGTACCCC,0,4779511
ygeX_predicted,0.3333333333333333,2,2,AAGGGGTGTTGGACGGGTTC,0,4794314
ygeX_predicted,0.3333333333333333,2,2,AAGGCCCCAGCTAGGAGTGG,0,4784511
ygeX_predicted,0.3333333333333333,2,2,AAGGAGGCCTTGGGTATGGC,0,4780202
ygeX_predicted,0.3333333333333333,2,2,AAGCGGTGCGATAGTGTATA,0,4788162
ygeX_predicted,0.3333333333333333,2,2,AAGCGGCCATGGCATATTGT,0,4768323
ygeX_predicted,0.3333333333333333,2,2,AAGATTTTGCATGGGTAGCC,0,4784415
ygeX_predicted,0.3333333333333333,2,2,AAGAGTCTCCGGCCAGCCTG,0,4783060
ygeX_predicted,0.3333333333333333,2,2,AAGAGACCACATCGGCTGGA,0,4779059
ygeX_predicted,0.3333333333333333,2,2,AAGACAACCTGCGAATCGAA,0,4779080
ygeX_predicted,0.3333333333333333,2,2,AACTTAAGACATCTCTCGAG,0,4781539
ygeX_predicted,0.3333333333333333,2,2,AACTGGGTTTGACCCAGCTT,0,4792003
ygeX_predicted,0.3333333333333333,2,2,AACTAGCTAAAGTCTCCGTA,0,4791596
ygeX_predicted,0.3333333333333333,2,2,AACGTATCTCATTAGCACTT,0,4790532
ygeX_predicted,0.3333333333333333,2,2,AACGGTAAGTCACATATTGC,0,4794078
ygeX_predicted,0.3333333333333333,2,2,AACGCTTTCACCAGTCTACC,0,4772704
ygeX_predicted,0.3333333333333333,2,2,AACGCTACGCATCTCTTTAG,0,4780668
ygeX_predicted,0.3333333333333333,2,2,AACGCACAAGCCGGAGCTAC,0,4781892
ygeX_predicted,0.3333333333333333,2,2,AACGAACTGCTACTGTCGCT,0,4792635
ygeX_predicted,0.3333333333333333,2,2,AACCTCCGAACACGGTGCGT,0,4791442
ygeX_predicted,0.3333333333333333,2,2,AACCGTACAAACAGCGCAGT,0,4767414
ygeX_predicted,0.3333333333333333,2,2,AACCGCAAATGATTAGCGGC,0,4791696
ygeX_predicted,0.3333333333333333,2,2,AACATGATGCTCGGCTCATT,0,4793542
ygeX_predicted,0.3333333333333333,2,2,AACAGTATCATGAGTGGGAT,0,4784645
ygeX_predicted,0.3333333333333333,2,2,AACACACCCGCGGGCACACC,0,4788387
ygeX_predicted,0.3333333333333333,2,2,AACAAGGTCTTTGAACCAGA,0,4778349
ygeX_predicted,0.3333333333333333,2,2,AAATTATCTACGCAGCAACC,0,4774827
ygeX_predicted,0.3333333333333333,2,2,AAAGTTGAGGCAACTTTAAC,0,4787501
ygeX_predicted,0.3333333333333333,2,2,AAAGGTTGGACAGATTTACA,0,4784680
ygeX_predicted,0.3333333333333333,2,2,AAAGGGGTCGGGTATGAATT,0,4776295
ygeX_predicted,0.3333333333333333,2,2,AAAGATAGCGGCTTTTTAAG,0,4782902
ygeX_predicted,0.3333333333333333,2,2,AAAGAAGATAAACCCAAGGC,0,4788805
ygeX_predicted,0.3333333333333333,2,2,AAACTTTTCTATGGAAATCT,0,4766749
ygeX_predicted,0.3333333333333333,2,2,AAAAGCATGTTGGCCGGCAT,0,4781081
ygeX_predicted,0.3333333333333333,2,2,AAAACCGTCCACTATACGAT,0,4778331
ygeX_predicted,0.5,1,1,TTTTTTTGATGATTTCCAGT,0,4767827
ygeX_predicted,0.5,1,1,TTTTTGTGTCACTATATAGC,0,4792446
ygeX_predicted,0.5,1,1,TTTTTCGATGGGAAATCTTT,0,4770811
ygeX_predicted,0.5,1,1,TTTTGTAGGCCCCCCGCGAT,0,4769138
ygeX_predicted,0.5,1,1,TTTTGGCAGAAACACTGACA,0,4791101
ygeX_predicted,0.5,1,1,TTTTATTTTACCCAAAGCCA,0,4789144
ygeX_predicted,0.5,1,1,TTTTATTTAACCCTCGCAGT,0,4781233
ygeX_predicted,0.5,1,1,TTTGGTAGGCTGGCAGAATG,0,4780965
ygeX_predicted,0.5,1,1,TTTGGGTGCACGCGAGAAGC,0,4781900
ygeX_predicted,0.5,1,1,TTTGAAGGAAAAAGGATCAT,0,4773083
ygeX_predicted,0.5,1,1,TTTCGTCCAATTTAAAAGAA,0,4794430
ygeX_predicted,0.5,1,1,TTTCGCCGAAAGGTGGATCG,0,4793904
ygeX_predicted,0.5,1,1,TTTATTGGTAATGCTACAGT,0,4778637
ygeX_predicted,0.5,1,1,TTTATTGATAATTAGCTCAT,0,4793704
ygeX_predicted,0.5,1,1,TTTAGTTCGGGATCTCGTTA,0,4776519
ygeX_predicted,0.5,1,1,TTTAGTAAGACAGGTGAGTG,0,4787646
ygeX_predicted,0.5,1,1,TTTAGGACGTGCGCGGCATT,0,4775086
ygeX_predicted,0.5,1,1,TTTAGCTGAGGGGTTACCTA,0,4789249
ygeX_predicted,0.5,1,1,TTTACCAACCCTTTTTAAGA,0,4779839
ygeX_predicted,0.5,1,1,TTTAAACACCACATGTATTT,0,4773591
ygeX_predicted,0.5,1,1,TTGTTCTGATAGGCGAAGCT,0,4767323
ygeX_predicted,0.5,1,1,TTGTGTGCTGGAGAATGAGA,0,4787016
ygeX_predicted,0.5,1,1,TTGTGAGGGCCGGAGAAAAA,0,4789087
ygeX_predicted,0.5,1,1,TTGTCCGAAAGATAAGATTT,0,4767060
ygeX_predicted,0.5,1,1,TTGTATAAATTTCGATGTTG,0,4771273
ygeX_predicted,0.5,1,1,TTGTAGCATATCGTTGACCA,0,4782415
ygeX_predicted,0.5,1,1,TTGGTGTGTTGAATCAAACA,0,4793097
ygeX_predicted,0.5,1,1,TTGGTGGAGCGTCGAACGGC,0,4771502
ygeX_predicted,0.5,1,1,TTGGGGGATGATAGCTACGA,0,4777931
ygeX_predicted,0.5,1,1,TTGGAACAAGATGGGAAATC,0,4772458
ygeX_predicted,0.5,1,1,TTGCTTCACACGTGCGTTAT,0,4770752
ygeX_predicted,0.5,1,1,TTGATTTTTTGTCCAAATGC,0,4769424
ygeX_predicted,0.5,1,1,TTGATGGCCACGCAGAAGTT,0,4772263
ygeX_predicted,0.5,1,1,TTGAATTTTCTAGGCTCAGT,0,4773797
ygeX_predicted,0.5,1,1,TTGAATTTTAAACTTCGACG,0,4774163
ygeX_predicted,0.5,1,1,TTGAAGGCCGGTAATCTGAT,0,4767342
ygeX_predicted,0.5,1,1,TTGAAAAGACCATGTCGGAT,0,4777311
ygeX_predicted,0.5,1,1,TTCTTGAGACAAGTCCGTAT,0,4780542
ygeX_predicted,0.5,1,1,TTCTGCCTGAGTATAGTGAC,0,4775097
ygeX_predicted,0.5,1,1,TTCTGAATTGATGTTAGAGT,0,4790006
ygeX_predicted,0.5,1,1,TTCTCGCCACTGAGTTCTCT,0,4773226
ygeX_predicted,0.5,1,1,TTCTCCGCACTAGGCGCTAG,0,4779178
ygeX_predicted,0.5,1,1,TTCTCATTCCGACAAGTGAC,0,4768615
ygeX_predicted,0.5,1,1,TTCTACGTGCTCGCGATACT,0,4788914
ygeX_predicted,0.5,1,1,TTCGTAATCAGTTTCCCGGT,0,4776548
ygeX_predicted,0.5,1,1,TTCGGCGCACAGGCACGGGG,0,4779984
ygeX_predicted,0.5,1,1,TTCGGAATAGGGCTTATTCC,0,4790114
ygeX_predicted,0.5,1,1,TTCGAGTCAACCGGACCCAC,0,4786745
ygeX_predicted,0.5,1,1,TTCGACGCGCGCTTTTGTAC,0,4789786
ygeX_predicted,0.5,1,1,TTCGAATTTGATGGCGAGAT,0,4785936
ygeX_predicted,0.5,1,1,TTCCTTCGTTGTTTTAACAG,0,4777288
ygeX_predicted,0.5,1,1,TTCCTAGAGGATCTTAGCTA,0,4768091
ygeX_predicted,0.5,1,1,TTCCCACCACAGTATATGGA,0,4791271
ygeX_predicted,0.5,1,1,TTCACCCATAGGCAGTGACC,0,4768821
ygeX_predicted,0.5,1,1,TTCAACGTATGCGTGTCACG,0,4780085
ygeX_predicted,0.5,1,1,TTCAACAGTTTGTCGGCCAT,0,4773616
ygeX_predicted,0.5,1,1,TTATTTAATATCGTCGCCAA,0,4774933
ygeX_predicted,0.5,1,1,TTATGGTCCGCTGGTAGTAC,0,4792457
ygeX_predicted,0.5,1,1,TTATGGTACGCACCCTGGTC,0,4780044
ygeX_predicted,0.5,1,1,TTATGGGTCGGAACTTTATG,0,4776764
ygeX_predicted,0.5,1,1,TTATGGACCTGCCGGCCGCC,0,4769321
ygeX_predicted,0.5,1,1,TTATCCTGTTAATAATGTCC,0,4779928
ygeX_predicted,0.5,1,1,TTATATCACTGACTAACTCT,0,4785556
ygeX_predicted,0.5,1,1,TTATATACTGACCCTGGGGT,0,4773337
ygeX_predicted,0.5,1,1,TTAGTTGGCATCTGGGCGCC,0,4788261
ygeX_predicted,0.5,1,1,TTAGTGTGTAAGTCCTTCCT,0,4794564
ygeX_predicted,0.5,1,1,TTAGGCTTGCATGTTTGCGC,0,4769086
ygeX_predicted,0.5,1,1,TTAGGCAGATGTAATTGTAT,0,4792180
ygeX_predicted,0.5,1,1,TTAGGAATATAGGATAGTTC,0,4776448
ygeX_predicted,0.5,1,1,TTACGGGCGGCTGTCACGAA,0,4769087
ygeX_predicted,0.5,1,1,TTACGGACGTTCCAAAGCTA,0,4782719
ygeX_predicted,0.5,1,1,TTAATGGCAGGAAGTTACGC,0,4794489
ygeX_predicted,0.5,1,1,TTAATGCGATAGCTAAGATG,0,4771640
ygeX_predicted,0.5,1,1,TTAACCATGTAAAGAGGATA,0,4782155
ygeX_predicted,0.5,1,1,TGTTTTGCAATATTTCCGAC,0,4788312
ygeX_predicted,0.5,1,1,TGTTTTAACAGGTATAGTTG,0,4770247
ygeX_predicted,0.5,1,1,TGTTGGTCACCACCCGCACT,0,4790627
ygeX_predicted,0.5,1,1,TGTTGGTAGGACTCAGGCGT,0,4790065
ygeX_predicted,0.5,1,1,TGTTATGATGGTCAAGCTAT,0,4779619
ygeX_predicted,0.5,1,1,TGTTAGTGTGTAAACCAACG,0,4774401
ygeX_predicted,0.5,1,1,TGTTAGTACTTGCGCAGTCT,0,4774709
ygeX_predicted,0.5,1,1,TGTGGAGGGGACACAGCGAC,0,4767918
ygeX_predicted,0.5,1,1,TGTGCATGTAGCTTGTGGAT,0,4777079
ygeX_predicted,0.5,1,1,TGTGCATCTTGGTTCAACCG,0,4773244
ygeX_predicted,0.5,1,1,TGTGAAAGCGCTTGCTGATA,0,4773213
ygeX_predicted,0.5,1,1,TGTCGTTCCACATGCTAGAT,0,4782463
ygeX_predicted,0.5,1,1,TGTCGTATGAGACAGAAATT,0,4770678
ygeX_predicted,0.5,1,1,TGTCGCCATCTACTAGCCCT,0,4791540
ygeX_predicted,0.5,1,1,TGTCCCAGTCAGGAATCCGA,0,4790937
ygeX_predicted,0.5,1,1,TGTCCAGCCTACCTCAGCGT,0,4766816
ygeX_predicted,0.5,1,1,TGTCCACGCGGGCACACGCT,0,4775817
ygeX_predicted,0.5,1,1,TGTCAGCCCGCCATGGTACG,0,4785263
ygeX_predicted,0.5,1,1,TGTCAGAACGTCTGCTAAAA,0,4790595
ygeX_predicted,0.5,1,1,TGTATTTCAGATTCAAAAAG,0,4778868
ygeX_predicted,0.5,1,1,TGTATGTCTAGACGTCAGCC,0,4786778
ygeX_predicted,0.5,1,1,TGTATGGCCTAGCGGCTGTT,0,4784139
ygeX_predicted,0.5,1,1,TGTAGGTTTCCTTCTGCTCT,0,4789508
ygeX_predicted,0.5,1,1,TGTAGGCACGCGGGTACATC,0,4781354
ygeX_predicted,0.5,1,1,TGTAGCCACTATGCCCGGGT,0,4792716
ygeX_predicted,0.5,1,1,TGTAATACTGTTAGGGGTAA,0,4775368
ygeX_predicted,0.5,1,1,TGGTTGTCGTAAGGACTGGA,0,4769173
ygeX_predicted,0.5,1,1,TGGTGTGCTCGGAGAAGGTA,0,4785620
ygeX_predicted,0.5,1,1,TGGTGCCTGCTCAGGAACCT,0,4781631
ygeX_predicted,0.5,1,1,TGGTCTCTGGTACAACACAA,0,4789142
ygeX_predicted,0.5,1,1,TGGGTTTTTATATGCGCGTA,0,4767110
ygeX_predicted,0.5,1,1,TGGGGCTCTGAGATCATGAC,0,4780062
ygeX_predicted,0.5,1,1,TGGGGCCTCAACCACCCTGA,0,4771465
ygeX_predicted,0.5,1,1,TGGGCTGCCTCGGGGTAGCG,0,4782805
ygeX_predicted,0.5,1,1,TGGGATCAGCGATTAAATTT,0,4791853
ygeX_predicted,0.5,1,1,TGGGACCGCTTGAAATAGGA,0,4783999
ygeX_predicted,0.5,1,1,TGGCTATAGTGGTCTCGCAT,0,4787119
ygeX_predicted,0.5,1,1,TGGCGCGCCCAAGATCTCTG,0,4793054
ygeX_predicted,0.5,1,1,TGGCCTAAACTCAGGCGACA,0,4793110
ygeX_predicted,0.5,1,1,TGGCCCCTACCTAATATCCT,0,4775755
ygeX_predicted,0.5,1,1,TGGATGGCAACTAGGATTGT,0,4787811
ygeX_predicted,0.5,1,1,TGGATCCCTGTAAACCGCTG,0,4794269
ygeX_predicted,0.5,1,1,TGGAGCCTGAACTTAAGCCA,0,4783763
ygeX_predicted,0.5,1,1,TGGAAAATCGTGTCTTTATT,0,4783539
ygeX_predicted,0.5,1,1,TGCTTCATGGGGAATAGTGA,0,4774596
ygeX_predicted,0.5,1,1,TGCTTACGTGGTGGCCCTGT,0,4771554
ygeX_predicted,0.5,1,1,TGCTGCAATGCGGAAAGGTG,0,4793514
ygeX_predicted,0.5,1,1,TGCTGATGAGGTTTCGAGTC,0,4790778
ygeX_predicted,0.5,1,1,TGCTCTGTCTCGGCCAAGGA,0,4783899
ygeX_predicted,0.5,1,1,TGCCTCAAGCACTGCGAGGT,0,4785837
ygeX_predicted,0.5,1,1,TGCCCCCGCCGGGGTGACGA,0,4771248
ygeX_predicted,0.5,1,1,TGCATGATAGCAGTAACTCT,0,4775914
ygeX_predicted,0.5,1,1,TGATTTTTAGACCCTAGTTA,0,4793699
ygeX_predicted,0.5,1,1,TGATTGGCGGTCGATACTCA,0,4780866
ygeX_predicted,0.5,1,1,TGAGTGTTCAGCCGCTACGT,0,4775356
ygeX_predicted,0.5,1,1,TGAGTGGGTCTGTGATAGCT,0,4794183
ygeX_predicted,0.5,1,1,TGAGTCGTAATTCTACCATT,0,4767841
ygeX_predicted,0.5,1,1,TGAGCTGAGTCTAGTAAGAA,0,4776741
ygeX_predicted,0.5,1,1,TGAGCGTTCACAGTAGCTCA,0,4792845
ygeX_predicted,0.5,1,1,TGAGCCAAGATATTTCCCTA,0,4770077
ygeX_predicted,0.5,1,1,TGAGAGCATACTGATCCTAC,0,4776569
ygeX_predicted,0.5,1,1,TGACTATCCTAGTAGGGGAG,0,4768460
ygeX_predicted,0.5,1,1,TGACACCAAGGATAGTACCA,0,4775123
ygeX_predicted,0.5,1,1,TGAACTTGGTGGGCCGTTTT,0,4779216
ygeX_predicted,0.5,1,1,TGAAATGAGAATTTTATCGC,0,4770566
ygeX_predicted,0.5,1,1,TCTTTCGACAAAGGGTTAGC,0,4784178
ygeX_predicted,0.5,1,1,TCTTGTTAAGCTATCGCCTC,0,4771331
ygeX_predicted,0.5,1,1,TCTTAATATACGTGAGCCAG,0,4790045
ygeX_predicted,0.5,1,1,TCTTAAAAATGCCGGAAATG,0,4783183
ygeX_predicted,0.5,1,1,TCTGGCCCGGTTTTCGCAAT,0,4779420
ygeX_predicted,0.5,1,1,TCTGCACTACGTATTCTAGT,0,4792629
ygeX_predicted,0.5,1,1,TCTGCACCAGTTAATCCCTA,0,4780378
ygeX_predicted,0.5,1,1,TCTCATGGAGGCTTCGGTTA,0,4788339
ygeX_predicted,0.5,1,1,TCTATTTGGCTGTGGGGTTC,0,4787633
ygeX_predicted,0.5,1,1,TCTATTTCGGACTGTGAACC,0,4776816
ygeX_predicted,0.5,1,1,TCTATCACGTCACCCGGCAA,0,4793011
ygeX_predicted,0.5,1,1,TCGTTGTTTAGTAGTAGGGA,0,4794545
ygeX_predicted,0.5,1,1,TCGTCTCCACCACCTAAGGT,0,4785861
ygeX_predicted,0.5,1,1,TCGTCGTCTTGTGAATTGCT,0,4783774
ygeX_predicted,0.5,1,1,TCGTCACATGCTAAGGCTAC,0,4791986
ygeX_predicted,0.5,1,1,TCGGTGTATTGATTTATCGC,0,4777906
ygeX_predicted,0.5,1,1,TCGGGATACGCGGGTGGCCA,0,4784885
ygeX_predicted,0.5,1,1,TCGGCTGTGATTCGGTAAAT,0,4778845
ygeX_predicted,0.5,1,1,TCGCTTCTTAGATAATGTCG,0,4775236
ygeX_predicted,0.5,1,1,TCGCTAGTTCAAATGCTGGA,0,4778807
ygeX_predicted,0.5,1,1,TCGCCTAGCGCCTATGTCTC,0,4791349
ygeX_predicted,0.5,1,1,TCGCAACCGGTGAGGTCCCC,0,4767172
ygeX_predicted,0.5,1,1,TCGACCAAGAAGATCATTAA,0,4782857
ygeX_predicted,0.5,1,1,TCGACATCTCAGAGTCTTAC,0,4793303
ygeX_predicted,0.5,1,1,TCGACAGAAGACCAATTTAT,0,4771999
ygeX_predicted,0.5,1,1,TCCTGAAAACGCTCCCTATT,0,4778126
ygeX_predicted,0.5,1,1,TCCTGAAAACGCTCCCTATA,0,4778103
ygeX_predicted,0.5,1,1,TCCTCGTGACGGATTTGAAA,0,4777068
ygeX_predicted,0.5,1,1,TCCTCCATCGAAAAAGTTTG,0,4768482
ygeX_predicted,0.5,1,1,TCCTCAGTAGAGCGGACGCC,0,4773016
ygeX_predicted,0.5,1,1,TCCGTTGAGACACGTCCCCT,0,4785735
ygeX_predicted,0.5,1,1,TCCGTGTACTAAACTGCGCA,0,4786354
ygeX_predicted,0.5,1,1,TCCGTCCCAGTAACGCTTTG,0,4786274
ygeX_predicted,0.5,1,1,TCCGTAAGCACGGCGTCACG,0,4781077
ygeX_predicted,0.5,1,1,TCCGGGCTAGTTCTCGGCAT,0,4777780
ygeX_predicted,0.5,1,1,TCCGCTAAGCTAGAAAATGC,0,4783651
ygeX_predicted,0.5,1,1,TCCGCACGGACCGCTGTGGT,0,4788902
ygeX_predicted,0.5,1,1,TCCGAGCAGCAGAATTGTGT,0,4787962
ygeX_predicted,0.5,1,1,TCCGACAAATCGGGTACCAG,0,4793692
ygeX_predicted,0.5,1,1,TCCCGGTGCGATTATGTTGC,0,4785804
ygeX_predicted,0.5,1,1,TCCCCCGTATCCTACTCATC,0,4779515
ygeX_predicted,0.5,1,1,TCCCAACGCCGCTGCATGTC,0,4793585
ygeX_predicted,0.5,1,1,TCCATGCCCTACGGAATATT,0,4771979
ygeX_predicted,0.5,1,1,TCCATCAAATTTATACCTCA,0,4790734
ygeX_predicted,0.5,1,1,TCCAGTAGAACGCGGAGGCA,0,4773170
ygeX_predicted,0.5,1,1,TCCAAAACTCTTCATTTGGG,0,4772697
ygeX_predicted,0.5,1,1,TCATTGGCACCTTGATTAGA,0,4776208
ygeX_predicted,0.5,1,1,TCATTGAAAAGCGTCGAGAT,0,4771597
ygeX_predicted,0.5,1,1,TCATTCGAGCCAAGTCACTC,0,4788027
ygeX_predicted,0.5,1,1,TCATGGAATGCTAGCCGAAT,0,4773234
ygeX_predicted,0.5,1,1,TCATGAAGGTGGCCAGGGAG,0,4793517
ygeX_predicted,0.5,1,1,TCATCAGCAAAGTGTCACGT,0,4793952
ygeX_predicted,0.5,1,1,TCATATCGTACTGGGAGCTC,0,4769948
ygeX_predicted,0.5,1,1,TCATAGACCTGGTGGTATCG,0,4786092
ygeX_predicted,0.5,1,1,TCATAATTAAAACCTGGAAG,0,4772967
ygeX_predicted,0.5,1,1,TCATAAGGTCCGCAGCGGCT,0,4785483
ygeX_predicted,0.5,1,1,TCAGTTTCCTTATGCAAAAC,0,4768448
ygeX_predicted,0.5,1,1,TCAGTTTAAGGATCGACGTT,0,4770788
ygeX_predicted,0.5,1,1,TCAGGCCATGAGTATTTGAA,0,4785308
ygeX_predicted,0.5,1,1,TCAGCTTTCAGTCGTAATTC,0,4774635
ygeX_predicted,0.5,1,1,TCAGCCTTGTAAAGAGCTTC,0,4767409
ygeX_predicted,0.5,1,1,TCAGACTGTTGAGAGGGAGT,0,4781280
ygeX_predicted,0.5,1,1,TCACTCAAGCTTCGTGGTTA,0,4770616
ygeX_predicted,0.5,1,1,TCACTAGGAGGTGTGTGTTA,0,4790975
ygeX_predicted,0.5,1,1,TCACCTGGATTATACAGGAT,0,4779761
ygeX_predicted,0.5,1,1,TCACACGCCTTAGGATTCCA,0,4768226
ygeX_predicted,0.5,1,1,TCACACGAGGGTCTGCGTTA,0,4790333
ygeX_predicted,0.5,1,1,TCAATAAGGGCGAGATACAT,0,4780088
ygeX_predicted,0.5,1,1,TCAAGTTATTCTACACTTGT,0,4766972
ygeX_predicted,0.5,1,1,TCAAGATTATGCTCTCTGTC,0,4789756
ygeX_predicted,0.5,1,1,TCAAAAACACAGGTCCAGTA,0,4774679
ygeX_predicted,0.5,1,1,TATTTGTGGATCAATGGAGG,0,4789310
ygeX_predicted,0.5,1,1,TATTTATTATGTTTCATTAA,0,4776643
ygeX_predicted,0.5,1,1,TATTCTCTGGATCCATCAAG,0,4794664
ygeX_predicted,0.5,1,1,TATTAGTATACTACTGGCTC,0,4786411
ygeX_predicted,0.5,1,1,TATTACACGTAGGTGAAGCG,0,4788759
ygeX_predicted,0.5,1,1,TATGTGCTGGACCCCTCTCC,0,4767085
ygeX_predicted,0.5,1,1,TATGTAATATCTGAGATAAT,0,4788105
ygeX_predicted,0.5,1,1,TATGGTTTACCGGGCTAGCC,0,4792936
ygeX_predicted,0.5,1,1,TATGGGTTAAAACCAGCACG,0,4779217
ygeX_predicted,0.5,1,1,TATGAAAAATTTCCGCCGTA,0,4791987
ygeX_predicted,0.5,1,1,TATCTTGACGGAATCCCCTA,0,4768638
ygeX_predicted,0.5,1,1,TATCGCCTGAGGGCTTAGCC,0,4776166
ygeX_predicted,0.5,1,1,TATACGCGTGGTCGGATGCT,0,4785359
ygeX_predicted,0.5,1,1,TATACAATTAGTACAACCCA,0,4781538
ygeX_predicted,0.5,1,1,TAGGTCTTGTAGTTCAAGCG,0,4779219
ygeX_predicted,0.5,1,1,TAGGCGGTAAGAGTTAGTAT,0,4793566
ygeX_predicted,0.5,1,1,TAGCTCTAAGAACGGGAAAC,0,4775836
ygeX_predicted,0.5,1,1,TAGCGATGGTTGGGACGGTC,0,4785065
ygeX_predicted,0.5,1,1,TAGCGATAGCATTACGGTTA,0,4779902
ygeX_predicted,0.5,1,1,TAGCAGCGGCCAGGCTTGTT,0,4778428
ygeX_predicted,0.5,1,1,TAGATAGGATTTCGGTAGAT,0,4784753
ygeX_predicted,0.5,1,1,TAGAGGTCAGTCCGGGCCTA,0,4779243
ygeX_predicted,0.5,1,1,TAGAGGATTTACCCCGTCTT,0,4766738
ygeX_predicted,0.5,1,1,TAGAGCCGATTACTATGACG,0,4781492
ygeX_predicted,0.5,1,1,TAGAGAAGAGTCTAAGATAG,0,4790168
ygeX_predicted,0.5,1,1,TACTTTACGCAGAGATATAT,0,4777451
ygeX_predicted,0.5,1,1,TACTGAGCCTGACGTCTAAC,0,4788789
ygeX_predicted,0.5,1,1,TACTCTGCGCGACGGTAAAG,0,4792262
ygeX_predicted,0.5,1,1,TACTCGGAGTAAGGAACACA,0,4772607
ygeX_predicted,0.5,1,1,TACTCATTGAACACGCCTAG,0,4789172
ygeX_predicted,0.5,1,1,TACGTACCAGTGGAGGTCGG,0,4788709
ygeX_predicted,0.5,1,1,TACGCTCCTTGTTCTATCTA,0,4784019
ygeX_predicted,0.5,1,1,TACGAGGTGAGAATTTATGG,0,4775196
ygeX_predicted,0.5,1,1,TACGAAGTCGTTCGGGGGAT,0,4776055
ygeX_predicted,0.5,1,1,TACCTTAGCCCCTACCATTG,0,4784510
ygeX_predicted,0.5,1,1,TACCGTGGAGATTACTGTCT,0,4789487
ygeX_predicted,0.5,1,1,TACCGGATCCCTCGCGCTCC,0,4781317
ygeX_predicted,0.5,1,1,TACCCTGAAGCGCGCCGCTG,0,4767487
ygeX_predicted,0.5,1,1,TACCCATGGGCCTAAGCACC,0,4782288
ygeX_predicted,0.5,1,1,TACCATTCTGTCCTAGCATA,0,4776068
ygeX_predicted,0.5,1,1,TACCAAGGACTTCAGGAATT,0,4784976
ygeX_predicted,0.5,1,1,TACATGTAACTAACTGAGGC,0,4785440
ygeX_predicted,0.5,1,1,TACATCAAATAGCCGGGTTT,0,4794526
ygeX_predicted,0.5,1,1,TACATAGATGTTCAGGACCA,0,4787515
ygeX_predicted,0.5,1,1,TACAGTCCACTAAACGGACG,0,4782812
ygeX_predicted,0.5,1,1,TAATTACTTTCCCCCTCATG,0,4789328
ygeX_predicted,0.5,1,1,TAATCGTGACTATACGCGAC,0,4789360
ygeX_predicted,0.5,1,1,TAATCGGGAGCCTGGTGTAA,0,4775002
ygeX_predicted,0.5,1,1,TAATCAGTCCCAGACCCAGG,0,4774426
ygeX_predicted,0.5,1,1,TAATAAAGTTTGGATTTCTC,0,4774275
ygeX_predicted,0.5,1,1,TAAGGTGAAATGGTGCTGTT,0,4782080
ygeX_predicted,0.5,1,1,TAAGCGGTTTGCGTCAAACT,0,4777623
ygeX_predicted,0.5,1,1,TAAGCGGCGCGGACTTACCT,0,4780536
ygeX_predicted,0.5,1,1,TAAGCCCCGCACCTCGGTTG,0,4793327
ygeX_predicted,0.5,1,1,TAAGATGTTCCCAACCCGGT,0,4782478
ygeX_predicted,0.5,1,1,TAAGAGATTGTCAAGGGCAG,0,4778745
ygeX_predicted,0.5,1,1,TAACGCGTTCGGTTGCGACC,0,4781505
ygeX_predicted,0.5,1,1,TAACGCAAGCTCGACGGTGA,0,4767418
ygeX_predicted,0.5,1,1,TAACGACGAAACCGAGGGCA,0,4782249
ygeX_predicted,0.5,1,1,TAAATGGTATACAATCGAGA,0,4774354
ygeX_predicted,0.5,1,1,TAAATCTTATTTGCCGGATT,0,4793005
ygeX_predicted,0.5,1,1,TAAATCGCACTCGGACCTAT,0,4793232
ygeX_predicted,0.5,1,1,TAAATACGCTGGGGTCTCCG,0,4777396
ygeX_predicted,0.5,1,1,TAAAGTAATAGTCGGTCAAA,0,4782276
ygeX_predicted,0.5,1,1,TAAACCAGTCCCCCTGGGTC,0,4768177
ygeX_predicted,0.5,1,1,TAAAATACACCACCAGGCTC,0,4775665
ygeX_predicted,0.5,1,1,TAAAACTGTGAGGTTGTGAA,0,4768201
ygeX_predicted,0.5,1,1,GTTTCCTCCATCGAAAAGGG,0,4779738
ygeX_predicted,0.5,1,1,GTTGGAGCAGAGCGAACCCA,0,4768221
ygeX_predicted,0.5,1,1,GTTGCGCCAAACACTTCCGT,0,4792588
ygeX_predicted,0.5,1,1,GTTGCGACGCGGAATCAATA,0,4789440
ygeX_predicted,0.5,1,1,GTTGATCTGAATTCCGCGCG,0,4787459
ygeX_predicted,0.5,1,1,GTTGACCAGGGAAGTTAGTG,0,4785123
ygeX_predicted,0.5,1,1,GTTGACACCGTACGCCAGGT,0,4788108
ygeX_predicted,0.5,1,1,GTTCACCGACATTCACGCTG,0,4778866
ygeX_predicted,0.5,1,1,GTTATGGAATTAGTGTCCAA,0,4781029
ygeX_predicted,0.5,1,1,GTTATGCGGCGCTGGAGTAT,0,4778575
ygeX_predicted,0.5,1,1,GTTACCAGAATCTTCTCCTG,0,4771091
ygeX_predicted,0.5,1,1,GTGTTAGGCCGTGCCTAGCG,0,4786582
ygeX_predicted,0.5,1,1,GTGTCTATTTTTAATAATAA,0,4781564
ygeX_predicted,0.5,1,1,GTGGACTTCGCCGGGCACTA,0,4792061
ygeX_predicted,0.5,1,1,GTGCTCTGCTTAACGTGAAA,0,4778512
ygeX_predicted,0.5,1,1,GTGCGTCAATTCAGCACCTG,0,4771812
ygeX_predicted,0.5,1,1,GTGCCTTAAGAACGCCTCGA,0,4773561
ygeX_predicted,0.5,1,1,GTGCCCGACAAGGACAATAC,0,4782426
ygeX_predicted,0.5,1,1,GTGCATGACTTAGGTCTTCA,0,4778634
ygeX_predicted,0.5,1,1,GTGAGCAACCGGACTCTAAA,0,4791318
ygeX_predicted,0.5,1,1,GTGACCGCAGCCCTAAACTC,0,4787976
ygeX_predicted,0.5,1,1,GTGACCAGGTTTATCGGTTA,0,4792430
ygeX_predicted,0.5,1,1,GTGAATCCACGAACTCTCCT,0,4780916
ygeX_predicted,0.5,1,1,GTGAATATATTAGTCGAGCT,0,4794638
ygeX_predicted,0.5,1,1,GTCTTTATCTAGCAGGTCTT,0,4769485
ygeX_predicted,0.5,1,1,GTCTGGTCTGTACTAAAGAG,0,4790230
ygeX_predicted,0.5,1,1,GTCTGGGCTCAGACCATGGA,0,4783959
ygeX_predicted,0.5,1,1,GTCTGCGGAACGCTATCTCT,0,4790501
ygeX_predicted,0.5,1,1,GTCTCCGGTCTTCCTTCTAC,0,4785398
ygeX_predicted,0.5,1,1,GTCGGAGCTCAACTAGAAGG,0,4788752
ygeX_predicted,0.5,1,1,GTCGGAAGTGTCACTATGGT,0,4788140
ygeX_predicted,0.5,1,1,GTCGCTGTTGGAAGAAGTGT,0,4789303
ygeX_predicted,0.5,1,1,GTCGCGGAGAAAATAGGTCG,0,4783396
ygeX_predicted,0.5,1,1,GTCGCCTGGAGACCTACACA,0,4769603
ygeX_predicted,0.5,1,1,GTCGCCATGTGGGCTTGTAA,0,4773678
ygeX_predicted,0.5,1,1,GTCGCAGACCACCCCGCACG,0,4775483
ygeX_predicted,0.5,1,1,GTCGCAATTCGCGAATAGTC,0,4768208
ygeX_predicted,0.5,1,1,GTCGAATACCATTGAGCATC,0,4774083
ygeX_predicted,0.5,1,1,GTCCTGACCTGGCCTCCCTG,0,4790283
ygeX_predicted,0.5,1,1,GTCCGCTATTACATCAACTG,0,4788778
ygeX_predicted,0.5,1,1,GTCCCCGGTCCGTCGGGAGA,0,4786261
ygeX_predicted,0.5,1,1,GTCCATTCAATTAAACCCTC,0,4777315
ygeX_predicted,0.5,1,1,GTCATGTGGACGGCCCTTCA,0,4792497
ygeX_predicted,0.5,1,1,GTCATCTTTCCTGAGTAGTA,0,4789679
ygeX_predicted,0.5,1,1,GTCAGAGCGGACCTACGCAC,0,4774710
ygeX_predicted,0.5,1,1,GTCACCTCGGCCGAATGGAC,0,4767879
ygeX_predicted,0.5,1,1,GTCACACATGATATATGAGG,0,4794108
ygeX_predicted,0.5,1,1,GTCAAATTGGGTTAACGCGG,0,4772570
ygeX_predicted,0.5,1,1,GTATGGCTACTTCACATACG,0,4772682
ygeX_predicted,0.5,1,1,GTATGGAGATGACCGGTCCC,0,4793535
ygeX_predicted,0.5,1,1,GTATGCCGGCCTGGCGGTGA,0,4785147
ygeX_predicted,0.5,1,1,GTATCGTACCCTGATAGACC,0,4788333
ygeX_predicted,0.5,1,1,GTATCATTAGTGTGAGCGGT,0,4789123
ygeX_predicted,0.5,1,1,GTATACAGTCCCGCGGTCAG,0,4787681
ygeX_predicted,0.5,1,1,GTAGTTCAGTTCACGCCCTC,0,4774803
ygeX_predicted,0.5,1,1,GTAGCTGGAACTAACCGTGC,0,4768061
ygeX_predicted,0.5,1,1,GTAGACGTGTACGGTTTCCA,0,4769090
ygeX_predicted,0.5,1,1,GTACTTACTGAAGGATCTAG,0,4776581
ygeX_predicted,0.5,1,1,GTACTAATCTTGAGTTTTTT,0,4777117
ygeX_predicted,0.5,1,1,GTACGGGCGCGGCCAATTAC,0,4782896
ygeX_predicted,0.5,1,1,GTACGGAACTGGTGTCTTCT,0,4782271
ygeX_predicted,0.5,1,1,GTACGCGCGTGCTTATTTTA,0,4772319
ygeX_predicted,0.5,1,1,GTACCTTCGCGCATAACCGT,0,4779230
ygeX_predicted,0.5,1,1,GTAATGATGAGAGTGTCAGG,0,4793721
ygeX_predicted,0.5,1,1,GTAATCCCGGAATGAGATCT,0,4769643
ygeX_predicted,0.5,1,1,GTAAGGTTATCCTACTATTT,0,4777176
ygeX_predicted,0.5,1,1,GTAAGGGTAACGGGGAATAG,0,4777067
ygeX_predicted,0.5,1,1,GTAAGGGACTATGAAGTATG,0,4783982
ygeX_predicted,0.5,1,1,GTAACGGCACACACGGTCGT,0,4771569
ygeX_predicted,0.5,1,1,GTAAAGACCTTGGTACTCCT,0,4776998
ygeX_predicted,0.5,1,1,GGTTCTGGATTTGGGCTTGA,0,4774456
ygeX_predicted,0.5,1,1,GGTTCTCTTATCCTCATCAC,0,4783799
ygeX_predicted,0.5,1,1,GGTTCGCCATGAGTGGAGAG,0,4769544
ygeX_predicted,0.5,1,1,GGTTCCAGAGTGGCTTCCAT,0,4770491
ygeX_predicted,0.5,1,1,GGTTATTTTTTTGTACATTA,0,4782563
ygeX_predicted,0.5,1,1,GGTTATTACAAGATTCCACT,0,4788112
ygeX_predicted,0.5,1,1,GGTTACGAATATCAGACTTG,0,4775484
ygeX_predicted,0.5,1,1,GGTTAAGCTCGCTGCTTCAT,0,4789341
ygeX_predicted,0.5,1,1,GGTGTGCATCTTTGTCGTTT,0,4781154
ygeX_predicted,0.5,1,1,GGTGTCAAGCTAAGCTCCAC,0,4776297
ygeX_predicted,0.5,1,1,GGTGGTGAGTTCACCTTAGA,0,4789589
ygeX_predicted,0.5,1,1,GGTGGATTAGCGCCGGCACT,0,4778914
ygeX_predicted,0.5,1,1,GGTGCTGACGCTCTGCCCGC,0,4790624
ygeX_predicted,0.5,1,1,GGTGCTCTGAAACAACGGCA,0,4783877
ygeX_predicted,0.5,1,1,GGTGAGGAGCAGCCAGTCGC,0,4794828
ygeX_predicted,0.5,1,1,GGTCTTCTATAGCCTATGGT,0,4782012
ygeX_predicted,0.5,1,1,GGTCTTAATTGTCATGGGGG,0,4789666
ygeX_predicted,0.5,1,1,GGTCTCTACAGGCAGGCGGA,0,4792295
ygeX_predicted,0.5,1,1,GGTACTACTTGTCCACGCGT,0,4788816
ygeX_predicted,0.5,1,1,GGTAAGGTAAACAAGCTGGG,0,4774766
ygeX_predicted,0.5,1,1,GGTAACCGGACTCGAAGGAC,0,4779062
ygeX_predicted,0.5,1,1,GGTAACCCCAATAAGCCTTA,0,4768966
ygeX_predicted,0.5,1,1,GGGTTAAGCCTTTCACATAA,0,4775570
ygeX_predicted,0.5,1,1,GGGTGTACACAAGGGCGGTC,0,4770901
ygeX_predicted,0.5,1,1,GGGTGCTCGCGGAGAGATAA,0,4792593
ygeX_predicted,0.5,1,1,GGGTGCGCTTTGAGCATATA,0,4789946
ygeX_predicted,0.5,1,1,GGGTGCCGGTGTTTCGTATA,0,4769854
ygeX_predicted,0.5,1,1,GGGTGAAGCCAGTGAGGCAA,0,4770396
ygeX_predicted,0.5,1,1,GGGTATTCCATTGATCTACG,0,4776734
ygeX_predicted,0.5,1,1,GGGTACGAGGCGATGCGATA,0,4780569
ygeX_predicted,0.5,1,1,GGGGTTTTCAACACGCCTCT,0,4788465
ygeX_predicted,0.5,1,1,GGGGGTACGGGCCTCACAAA,0,4769871
ygeX_predicted,0.5,1,1,GGGGGAGGTAAGAAGGGACT,0,4773476
ygeX_predicted,0.5,1,1,GGGGCTTGTTCATCTTCGCG,0,4766917
ygeX_predicted,0.5,1,1,GGGGATTGTGTCATTCCACT,0,4766785
ygeX_predicted,0.5,1,1,GGGGAGAAACACCGCAGGAA,0,4786924
ygeX_predicted,0.5,1,1,GGGGACACTGGGTAAAATGG,0,4769587
ygeX_predicted,0.5,1,1,GGGCTATTTCACTGATGGTT,0,4779666
ygeX_predicted,0.5,1,1,GGGCTAGCGTTATACGTAGA,0,4790801
ygeX_predicted,0.5,1,1,GGGCGCGAATCTGCATAGGT,0,4774356
ygeX_predicted,0.5,1,1,GGGCGAAGGCCCAAATTGGC,0,4769222
ygeX_predicted,0.5,1,1,GGGCCGCGCACGAGAATTTT,0,4768488
ygeX_predicted,0.5,1,1,GGGCCAGGAGTAACACATTT,0,4772613
ygeX_predicted,0.5,1,1,GGGAGTTTGGGTGGCTTTCT,0,4777267
ygeX_predicted,0.5,1,1,GGGAGTCAGCAATATTAGAG,0,4780921
ygeX_predicted,0.5,1,1,GGGAACAATATAGTTTAATG,0,4768825
ygeX_predicted,0.5,1,1,GGCTGAGTCGAGAGACAACC,0,4771538
ygeX_predicted,0.5,1,1,GGCTCGGACAAGTAGCTAGT,0,4775130
ygeX_predicted,0.5,1,1,GGCTCGAGATAGCTAAGCTG,0,4792128
ygeX_predicted,0.5,1,1,GGCTAGTAGAGTGCTTAACT,0,4788227
ygeX_predicted,0.5,1,1,GGCGGTGACCGTAGGGCTCT,0,4767511
ygeX_predicted,0.5,1,1,GGCCGCTTATTAGCGGTGGC,0,4779055
ygeX_predicted,0.5,1,1,GGCCGCTTAGAATTTCACGA,0,4789894
ygeX_predicted,0.5,1,1,GGCCGCGGTTCGGTAAGTTA,0,4787753
ygeX_predicted,0.5,1,1,GGCCACGCGCATGGACTTGA,0,4785826
ygeX_predicted,0.5,1,1,GGCAGGTGATATTATGACAA,0,4788452
ygeX_predicted,0.5,1,1,GGATGCTAAGAGAAAGAGCT,0,4789088
ygeX_predicted,0.5,1,1,GGATCGGCCCATATTTTTGA,0,4775496
ygeX_predicted,0.5,1,1,GGATCAATACAAGAGCACCC,0,4769743
ygeX_predicted,0.5,1,1,GGATAAGAAAATTTGGCGGC,0,4779010
ygeX_predicted,0.5,1,1,GGAGTCCGATACTTCGTCTG,0,4768680
ygeX_predicted,0.5,1,1,GGAGGTTACGCTGAAGTATT,0,4784200
ygeX_predicted,0.5,1,1,GGACGTTTGGACAGAGTTAT,0,4770124
ygeX_predicted,0.5,1,1,GGACCCCCCGGCTGTCGATC,0,4778556
ygeX_predicted,0.5,1,1,GGACATTTTCGAGCATTATG,0,4790038
ygeX_predicted,0.5,1,1,GGACAGTGCCCCGAGACTGA,0,4776735
ygeX_predicted,0.5,1,1,GGACAGCTGAGTTCCCCCCT,0,4784312
ygeX_predicted,0.5,1,1,GGAATACTTACATGTGCGGA,0,4790964
ygeX_predicted,0.5,1,1,GGAACGCGATATCAGGCCCT,0,4794510
ygeX_predicted,0.5,1,1,GGAACACCGAGGAATTAGTC,0,4768031
ygeX_predicted,0.5,1,1,GGAAACTTCGCAAGAATATC,0,4792303
ygeX_predicted,0.5,1,1,GCTTTCGCGAACCAGCCGTT,0,4766964
ygeX_predicted,0.5,1,1,GCTTTCGAATGTCTTTGTTA,0,4783492
ygeX_predicted,0.5,1,1,GCTTGTAGGCTGGAGTTGAA,0,4766933
ygeX_predicted,0.5,1,1,GCTTATCGTGATTGTTTCAC,0,4792210
ygeX_predicted,0.5,1,1,GCTTAAACTTTTCGGTTATA,0,4768096
ygeX_predicted,0.5,1,1,GCTGGGTTGCGCAATGCAGA,0,4775571
ygeX_predicted,0.5,1,1,GCTGCCTCGAGCTTTTAGGT,0,4770505
ygeX_predicted,0.5,1,1,GCTGCCTCATATAGGGAGGG,0,4791002
ygeX_predicted,0.5,1,1,GCTGCAAACGGGCTGGTCTG,0,4784730
ygeX_predicted,0.5,1,1,GCTCCTGAAAAGACGCCCAT,0,4780291
ygeX_predicted,0.5,1,1,GCTCCGACTGGGGTCATTAT,0,4771090
ygeX_predicted,0.5,1,1,GCTCATCACGTCGGCGAAGA,0,4783911
ygeX_predicted,0.5,1,1,GCTCAGGATAGATATTATGC,0,4785961
ygeX_predicted,0.5,1,1,GCTATCGGCCAAGCCTCTAG,0,4790486
ygeX_predicted,0.5,1,1,GCTATCCACCAGGAAAATCA,0,4793123
ygeX_predicted,0.5,1,1,GCTATCATACACGCCAGGAT,0,4775035
ygeX_predicted,0.5,1,1,GCGTTCTCCAGCCCTGTGGA,0,4778216
ygeX_predicted,0.5,1,1,GCGTGGCCCGAGTAACATTT,0,4782242
ygeX_predicted,0.5,1,1,GCGTGACCAGTCTGGCAAGT,0,4774476
ygeX_predicted,0.5,1,1,GCGTCCCTGCGCTAGCAAAA,0,4789003
ygeX_predicted,0.5,1,1,GCGTCAAGGGAGCCTATTAC,0,4792002
ygeX_predicted,0.5,1,1,GCGTACTTAACTAAAGAACT,0,4794494
ygeX_predicted,0.5,1,1,GCGGTCGCTGTGGAAAGGGT,0,4782653
ygeX_predicted,0.5,1,1,GCGCTGGATAAAAGGAGCCC,0,4781860
ygeX_predicted,0.5,1,1,GCGCTCCCGAATCGTCAACT,0,4772681
ygeX_predicted,0.5,1,1,GCGCGCCAAACGCACCTCGG,0,4769434
ygeX_predicted,0.5,1,1,GCGCGATGTGGCAGGAATAG,0,4786906
ygeX_predicted,0.5,1,1,GCGCCTTAGTCTGAGAGCCC,0,4766813
ygeX_predicted,0.5,1,1,GCGCAAGCAAATATATAGTC,0,4782273
ygeX_predicted,0.5,1,1,GCGATGATGGGCCGATACGG,0,4773238
ygeX_predicted,0.5,1,1,GCGATATATCACCCTAAAGC,0,4785168
ygeX_predicted,0.5,1,1,GCGATACTGATATCAGCGTA,0,4777531
ygeX_predicted,0.5,1,1,GCGAGCCAGGTAGTGTGAGG,0,4773689
ygeX_predicted,0.5,1,1,GCGAGACCCCTTGAAATAGG,0,4774398
ygeX_predicted,0.5,1,1,GCGACTCTTCGGCTTTAAGA,0,4767427
ygeX_predicted,0.5,1,1,GCGAAGGGACCATGCGGCGT,0,4789938
ygeX_predicted,0.5,1,1,GCCTGGTTACTCTATTATAA,0,4788064
ygeX_predicted,0.5,1,1,GCCTGGGAATTTGGGGGTAA,0,4788854
ygeX_predicted,0.5,1,1,GCCTATGACGCGAGTGTATG,0,4788667
ygeX_predicted,0.5,1,1,GCCTAGTTCGGACCGCACAG,0,4774626
ygeX_predicted,0.5,1,1,GCCTAGTCTCTCTTAGATTA,0,4781513
ygeX_predicted,0.5,1,1,GCCGTTCGAATAAGAAACCA,0,4768322
ygeX_predicted,0.5,1,1,GCCGTGCGGGGAAACCTAGG,0,4769213
ygeX_predicted,0.5,1,1,GCCGTCCCAGCGTTCGCGGT,0,4792196
ygeX_predicted,0.5,1,1,GCCGTACCCTCAGGACCGTG,0,4769290
ygeX_predicted,0.5,1,1,GCCGGCTAATTAGCTCGTTC,0,4782204
ygeX_predicted,0.5,1,1,GCCGGCCGTACATAAGACAT,0,4790497
ygeX_predicted,0.5,1,1,GCCGCGTCATTACCCAAGGG,0,4774870
ygeX_predicted,0.5,1,1,GCCGCGACACCCCCAGCTGC,0,4786195
ygeX_predicted,0.5,1,1,GCCCTCGTGAGGCACATCAA,0,4783407
ygeX_predicted,0.5,1,1,GCCCGGTTGGTATGACTTGT,0,4768892
ygeX_predicted,0.5,1,1,GCCCGCAGATCTGGGTTGTC,0,4776723
ygeX_predicted,0.5,1,1,GCCATCATAGGTCTTCTGAC,0,4785478
ygeX_predicted,0.5,1,1,GCCAGACGATGCTGAGCGAC,0,4768470
ygeX_predicted,0.5,1,1,GCCAAACCGCGCCTTTTAGG,0,4772812
ygeX_predicted,0.5,1,1,GCATTGGTAGTCAGATAAGA,0,4791737
ygeX_predicted,0.5,1,1,GCATGCAAGTAATAGTCGCT,0,4781278
ygeX_predicted,0.5,1,1,GCATGAATCGAGATCAGCTC,0,4771864
ygeX_predicted,0.5,1,1,GCATCCCTTGGGCGAGGATG,0,4791260
ygeX_predicted,0.5,1,1,GCATAGGAACTCGGGGCAAC,0,4788217
ygeX_predicted,0.5,1,1,GCATAAACGAGTACAACCCG,0,4766706
ygeX_predicted,0.5,1,1,GCAGGGAAAGCGCCTGGTAC,0,4788512
ygeX_predicted,0.5,1,1,GCAGGATGTACGTTTTTGGT,0,4791716
ygeX_predicted,0.5,1,1,GCAGCTCAGGAGGAGCTTAT,0,4782800
ygeX_predicted,0.5,1,1,GCAGCTACCGTCTATGTGTC,0,4794551
ygeX_predicted,0.5,1,1,GCAGAGAGAGGGAGTAATAA,0,4772207
ygeX_predicted,0.5,1,1,GCAGACTTTGACCTGGGGGT,0,4775252
ygeX_predicted,0.5,1,1,GCACTGTCCATTGCCCCAGG,0,4779889
ygeX_predicted,0.5,1,1,GCACGATCGGCACAACTCAA,0,4779317
ygeX_predicted,0.5,1,1,GCACCTCTGTAGGGCTCCCG,0,4782669
ygeX_predicted,0.5,1,1,GCACACCCACTAGAGTCTCT,0,4780400
ygeX_predicted,0.5,1,1,GCAAGGTAAGTACTCGCAGA,0,4768162
ygeX_predicted,0.5,1,1,GATTTTATTCTTACGTGCGG,0,4767074
ygeX_predicted,0.5,1,1,GATTTGTGGGTGTTAAATAC,0,4772156
ygeX_predicted,0.5,1,1,GATTTGGGCTCTGCCTAAGA,0,4778659
ygeX_predicted,0.5,1,1,GATTGCCTGTAGCCCACTCC,0,4782875
ygeX_predicted,0.5,1,1,GATTGCCACTCAGAATTCTC,0,4778887
ygeX_predicted,0.5,1,1,GATTGACGGGCGTCCAATGA,0,4791472
ygeX_predicted,0.5,1,1,GATTCATTCAGGGAAACGCA,0,4769330
ygeX_predicted,0.5,1,1,GATTCAGGGTAAAAACTGGG,0,4783990
ygeX_predicted,0.5,1,1,GATTATGTAAGTACTCGTCG,0,4772372
ygeX_predicted,0.5,1,1,GATGGACCGTAATTCTTTAT,0,4769791
ygeX_predicted,0.5,1,1,GATGCTACTCTTTTCTTGAG,0,4780684
ygeX_predicted,0.5,1,1,GATGCCGACGAGTATGGTGC,0,4781083
ygeX_predicted,0.5,1,1,GATCTCCCGGCCGAAGGCCA,0,4769956
ygeX_predicted,0.5,1,1,GATCCGCCGGTAGGTTCTTT,0,4770446
ygeX_predicted,0.5,1,1,GATCCACTAAGAAGAACCAC,0,4771153
ygeX_predicted,0.5,1,1,GATCATTTCTAGATCCGTCT,0,4775306
ygeX_predicted,0.5,1,1,GATCAAACGCACGGGGACTG,0,4775760
ygeX_predicted,0.5,1,1,GATATGGCCCGTCCCACTAT,0,4787828
ygeX_predicted,0.5,1,1,GATATCGGTATTCCTCCGTT,0,4777744
ygeX_predicted,0.5,1,1,GATAGGCGTTGCTGCCTAGG,0,4771581
ygeX_predicted,0.5,1,1,GATAGCGTGTTATATAGATA,0,4778810
ygeX_predicted,0.5,1,1,GATAAGTGAGCACGCGGCAA,0,4777995
ygeX_predicted,0.5,1,1,GATAACATCGGTGGCTGTAT,0,4784447
ygeX_predicted,0.5,1,1,GAGTTCCCTGCGCACGTCCA,0,4771159
ygeX_predicted,0.5,1,1,GAGTCGTAAGACTCTCCCCA,0,4788818
ygeX_predicted,0.5,1,1,GAGGTTTGATTCCCAATCGT,0,4792559
ygeX_predicted,0.5,1,1,GAGGGTCGGTATACTGTTGT,0,4779682
ygeX_predicted,0.5,1,1,GAGGGTATATTCTTAGATTC,0,4778973
ygeX_predicted,0.5,1,1,GAGGATTTACAAAATGAACT,0,4794226
ygeX_predicted,0.5,1,1,GAGGATCGCCGGTTGTGTGA,0,4793753
ygeX_predicted,0.5,1,1,GAGGAGGATAGTTCCAAAGC,0,4778379
ygeX_predicted,0.5,1,1,GAGCCCTGCAACCCATCTCC,0,4771297
ygeX_predicted,0.5,1,1,GAGCAGGGATATGTGTCCCT,0,4769581
ygeX_predicted,0.5,1,1,GAGCAGCTTATCGCACGAAG,0,4770540
ygeX_predicted,0.5,1,1,GAGATACTATGCAAGACGGA,0,4783070
ygeX_predicted,0.5,1,1,GAGACATCCCACTCCGGCAC,0,4787607
ygeX_predicted,0.5,1,1,GAGACAGGATCGGACCGTGG,0,4773904
ygeX_predicted,0.5,1,1,GACTGACACAAGGCCGGAGT,0,4770647
ygeX_predicted,0.5,1,1,GACTCTAGCTGTCTTGTACT,0,4767430
ygeX_predicted,0.5,1,1,GACTAAATGGCGACTAACTA,0,4767590
ygeX_predicted,0.5,1,1,GACGTATCGACGAAATAACA,0,4768958
ygeX_predicted,0.5,1,1,GACGGTCTATGTACTGAGTT,0,4788353
ygeX_predicted,0.5,1,1,GACGGAAGCAGCTGGGTTAT,0,4793345
ygeX_predicted,0.5,1,1,GACGACACACAGTCCGGCCC,0,4769354
ygeX_predicted,0.5,1,1,GACCTTGAGGCAGTTAGAAC,0,4768416
ygeX_predicted,0.5,1,1,GACCTTAGGTATTCTCCTTT,0,4788679
ygeX_predicted,0.5,1,1,GACCCTTTCGGCTCTTAAAT,0,4769432
ygeX_predicted,0.5,1,1,GACCCTCAAATAGCTTTCAG,0,4772403
ygeX_predicted,0.5,1,1,GACCAGGATAACGGTCGAGT,0,4767169
ygeX_predicted,0.5,1,1,GACATTGCACCCCCGAGCGG,0,4777799
ygeX_predicted,0.5,1,1,GACACGCATCAACGACCACA,0,4768542
ygeX_predicted,0.5,1,1,GACACCGATCTTCACTACTG,0,4775818
ygeX_predicted,0.5,1,1,GACAACCAGGAGTGTGCTTG,0,4775309
ygeX_predicted,0.5,1,1,GACAAACAGCATGACTGTCT,0,4794557
ygeX_predicted,0.5,1,1,GAATTGATGCCTTTACCTCA,0,4788989
ygeX_predicted,0.5,1,1,GAATTATTTGCCCGGGCATG,0,4775824
ygeX_predicted,0.5,1,1,GAATGTTGCTCCCCGTCTGA,0,4770935
ygeX_predicted,0.5,1,1,GAATGGTTGGCTAGGGGGAG,0,4789904
ygeX_predicted,0.5,1,1,GAATGATCCCAGTTCAGTCT,0,4783363
ygeX_predicted,0.5,1,1,GAATGAATACCCCTTAATAA,0,4788031
ygeX_predicted,0.5,1,1,GAATCATGCTCCGGGGTTTG,0,4785290
ygeX_predicted,0.5,1,1,GAATACATTGGGCGTCTCCA,0,4778347
ygeX_predicted,0.5,1,1,GAAGTCTTGTAATCTCAACG,0,4782727
ygeX_predicted,0.5,1,1,GAAGTCGGGTGCAATTGGGG,0,4789447
ygeX_predicted,0.5,1,1,GAAGATGGGGATCGTTTCGA,0,4779034
ygeX_predicted,0.5,1,1,GAAGACACACAAGTCTCGTA,0,4786216
ygeX_predicted,0.5,1,1,GAACGTAAACTTTGTAGGTT,0,4768029
ygeX_predicted,0.5,1,1,GAACCGTGATCAGGCGGTAG,0,4778861
ygeX_predicted,0.5,1,1,GAACCAAAAACAAACACATG,0,4787377
ygeX_predicted,0.5,1,1,GAACACGGTGGGGCTCCGAG,0,4792692
ygeX_predicted,0.5,1,1,GAAATCCGTCAGGATCGGGA,0,4782607
ygeX_predicted,0.5,1,1,GAAATAGCAATGCAGCGTCG,0,4780613
ygeX_predicted,0.5,1,1,GAAAGAGTTTTTGAGCCCTA,0,4784825
ygeX_predicted,0.5,1,1,GAAACAGTTATGAGCAAGTG,0,4774498
ygeX_predicted,0.5,1,1,CTTTGGATGAGTGCTACGGC,0,4788703
ygeX_predicted,0.5,1,1,CTTTGACATACAGGGGTGAT,0,4784129
ygeX_predicted,0.5,1,1,CTTTATTGATCTTAATTTTT,0,4768616
ygeX_predicted,0.5,1,1,CTTTACCATTATATCAGGAT,0,4778233
ygeX_predicted,0.5,1,1,CTTTAAGTGGTGAAACTCTA,0,4767978
ygeX_predicted,0.5,1,1,CTTGTTTTGTGGTCATCAGA,0,4791013
ygeX_predicted,0.5,1,1,CTTGTAGCAAAAACAAGCGT,0,4786716
ygeX_predicted,0.5,1,1,CTTGCGGAGCTATTGCACAA,0,4777075
ygeX_predicted,0.5,1,1,CTTCCGCGCACAGCCACTTA,0,4774265
ygeX_predicted,0.5,1,1,CTTATGCGTTGAGACGTACA,0,4767304
ygeX_predicted,0.5,1,1,CTTAGTCCGTAACGTTGAGG,0,4780206
ygeX_predicted,0.5,1,1,CTTAGCAGGCAATCTTGCGT,0,4781024
ygeX_predicted,0.5,1,1,CTTAGAGTCCGCCTATTATA,0,4794865
ygeX_predicted,0.5,1,1,CTTACCGGAGTTCAGTACCA,0,4770940
ygeX_predicted,0.5,1,1,CTTAACGGTAATTTGTTAGT,0,4772398
ygeX_predicted,0.5,1,1,CTGTGCGTGCGCCGCGAATG,0,4767959
ygeX_predicted,0.5,1,1,CTGTGAAGAGGTCAATGCAA,0,4767266
ygeX_predicted,0.5,1,1,CTGTCTTTATGTAGAGCAAG,0,4778906
ygeX_predicted,0.5,1,1,CTGTCCGACCGCCTGTCTTT,0,4785537
ygeX_predicted,0.5,1,1,CTGGGCGGTGTCTAGGATGC,0,4770365
ygeX_predicted,0.5,1,1,CTGGCTTAAACACTAGCATT,0,4794457
ygeX_predicted,0.5,1,1,CTGCTGGCCTGTGGTGGTAA,0,4790474
ygeX_predicted,0.5,1,1,CTGCGAGTCCACGTGTCGCA,0,4773105
ygeX_predicted,0.5,1,1,CTGCCGGGTTAACGTACCGT,0,4792935
ygeX_predicted,0.5,1,1,CTGCCCGCCACTCGCGGACC,0,4776285
ygeX_predicted,0.5,1,1,CTGCACGTTGCTGATCTGAT,0,4775315
ygeX_predicted,0.5,1,1,CTGATGCTCAAGGAGGACGT,0,4767094
ygeX_predicted,0.5,1,1,CTGATCAGTAGTGAAGCTTC,0,4792370
ygeX_predicted,0.5,1,1,CTGAGTTGTACCTGAAAGGG,0,4784347
ygeX_predicted,0.5,1,1,CTGACGGTCGTTGTCGGGAT,0,4775872
ygeX_predicted,0.5,1,1,CTCTTCGCCCTGCACGAGGA,0,4789356
ygeX_predicted,0.5,1,1,CTCTCAACTTATACTAGGCT,0,4775580
ygeX_predicted,0.5,1,1,CTCGTCCGTAAGAAAACTTT,0,4794022
ygeX_predicted,0.5,1,1,CTCGACAGCGCTCATGAATG,0,4785597
ygeX_predicted,0.5,1,1,CTCGAATCTTGAGCCGGGAT,0,4767666
ygeX_predicted,0.5,1,1,CTCCTCATCTAACTGCAGGT,0,4779295
ygeX_predicted,0.5,1,1,CTCCTACGATTATCAGGACA,0,4769009
ygeX_predicted,0.5,1,1,CTCCCCGCGCATGAGGAAGG,0,4786847
ygeX_predicted,0.5,1,1,CTCCAAGGTTACGGGCGGCC,0,4791847
ygeX_predicted,0.5,1,1,CTCAGTTCGGTAGCGCTAAA,0,4785774
ygeX_predicted,0.5,1,1,CTCAGCAATAGGGTACCTAA,0,4781258
ygeX_predicted,0.5,1,1,CTCACTTCGAACCCTCGGTT,0,4770819
ygeX_predicted,0.5,1,1,CTATTAAGGCTGGTGTAAAG,0,4787521
ygeX_predicted,0.5,1,1,CTATTAAGAGAGCGAGTCGT,0,4788334
ygeX_predicted,0.5,1,1,CTATGATTCAAGATCGAGCG,0,4769852
ygeX_predicted,0.5,1,1,CTATGACTCGGTGGGCTCGC,0,4774247
ygeX_predicted,0.5,1,1,CTATAGCCTGCTCCGACTCA,0,4773025
ygeX_predicted,0.5,1,1,CTAGGTATACTTGACATTAA,0,4779459
ygeX_predicted,0.5,1,1,CTAGGAGTGGGCGCGATCGT,0,4766872
ygeX_predicted,0.5,1,1,CTAGCTGCGGCGGCCTTGGA,0,4790868
ygeX_predicted,0.5,1,1,CTAGCAGCAGTCCTAGGCTA,0,4793722
ygeX_predicted,0.5,1,1,CTAGAGCCATCATTGACTAT,0,4775747
ygeX_predicted,0.5,1,1,CTAGAAAGATCTAAGCGATC,0,4783280
ygeX_predicted,0.5,1,1,CTACGTTAAGTTGTATGTAT,0,4786101
ygeX_predicted,0.5,1,1,CTACGAAGACTATTAACTCT,0,4779820
ygeX_predicted,0.5,1,1,CTACCGTTGAGGTGGCAAGT,0,4780915
ygeX_predicted,0.5,1,1,CTACCCGCAGACCTATTAAG,0,4778059
ygeX_predicted,0.5,1,1,CTACCATGCCCGGCACCAAG,0,4774447
ygeX_predicted,0.5,1,1,CTACACTTATGCGTAGTTAG,0,4794645
ygeX_predicted,0.5,1,1,CTAAGTGGGGGCGATTTGTC,0,4770502
ygeX_predicted,0.5,1,1,CTAACGCAACAGATTATGCT,0,4778830
ygeX_predicted,0.5,1,1,CTAACGATGGAATGGTACAG,0,4790724
ygeX_predicted,0.5,1,1,CTAACCGAAAAGAATGAGGG,0,4772159
ygeX_predicted,0.5,1,1,CGTTTTTTGAAGTAGCGCCT,0,4772861
ygeX_predicted,0.5,1,1,CGTTTCCGTACTTGGTAGGT,0,4786053
ygeX_predicted,0.5,1,1,CGTTTCAATGGACCTCGTTG,0,4768654
ygeX_predicted,0.5,1,1,CGTTGGTGCAATGAGCGCCC,0,4786384
ygeX_predicted,0.5,1,1,CGTTATTAGGGAAAGAGCTG,0,4772101
ygeX_predicted,0.5,1,1,CGTTAGTGCATGTATCCTTG,0,4790798
ygeX_predicted,0.5,1,1,CGTGTCAGTTCGACCTCTTT,0,4785442
ygeX_predicted,0.5,1,1,CGTCTGGAGTTAACAAGGAC,0,4792861
ygeX_predicted,0.5,1,1,CGTCTGGACGGCTTTAGCCC,0,4793972
ygeX_predicted,0.5,1,1,CGTCGAAGGTTCCATTCTTA,0,4791768
ygeX_predicted,0.5,1,1,CGTCAGTATTTCACGGTCAT,0,4790955
ygeX_predicted,0.5,1,1,CGTCAATGAATCGAGCCTAA,0,4778230
ygeX_predicted,0.5,1,1,CGTATGGGCGAACTTTACCT,0,4768828
ygeX_predicted,0.5,1,1,CGTACGGGTCACGAATATAC,0,4774853
ygeX_predicted,0.5,1,1,CGTACGCATCGGTAAACGTG,0,4788955
ygeX_predicted,0.5,1,1,CGTACGCAGCTGCTTACGGC,0,4781558
ygeX_predicted,0.5,1,1,CGGTTACTTAAGGTTGGGGT,0,4770509
ygeX_predicted,0.5,1,1,CGGTGTGGCACGATATTGGT,0,4784123
ygeX_predicted,0.5,1,1,CGGTGGTTCTCAAAATTAGC,0,4767470
ygeX_predicted,0.5,1,1,CGGTATCGACAGCGGCACAC,0,4770732
ygeX_predicted,0.5,1,1,CGGGTCCACGGGGGATGAGT,0,4770458
ygeX_predicted,0.5,1,1,CGGGTATGTAGGACTCCGTT,0,4789107
ygeX_predicted,0.5,1,1,CGGGTAGGTCGATGAGAGGG,0,4776022
ygeX_predicted,0.5,1,1,CGGGTACGGTTGTAATTTGC,0,4788484
ygeX_predicted,0.5,1,1,CGGGGCTAGGAGCGGAGACT,0,4768479
ygeX_predicted,0.5,1,1,CGGGGCCACCGGATCGAAGG,0,4783298
ygeX_predicted,0.5,1,1,CGGCTTCATTCCAGGAACCC,0,4780784
ygeX_predicted,0.5,1,1,CGGCTTCAAACTTGGAATTA,0,4777582
ygeX_predicted,0.5,1,1,CGGCGATTTGTTTTAGTCGC,0,4787507
ygeX_predicted,0.5,1,1,CGGCCGGAGTTAGTATCTCT,0,4769298
ygeX_predicted,0.5,1,1,CGGCCGCGTCAAATAGGTCA,0,4782810
ygeX_predicted,0.5,1,1,CGGATCCCGCCTCTGGTTAT,0,4768760
ygeX_predicted,0.5,1,1,CGGATACTTACTCCTAATCG,0,4773773
ygeX_predicted,0.5,1,1,CGGAGGAGGCGGAGGTTGAA,0,4770072
ygeX_predicted,0.5,1,1,CGGAATAAACCATTGCTTGC,0,4781577
ygeX_predicted,0.5,1,1,CGGAACTTAGTAGTAGCTAC,0,4771467
ygeX_predicted,0.5,1,1,CGGAACAAATGTGGGCCGCT,0,4771831
ygeX_predicted,0.5,1,1,CGGAAACTACGTTAAAAAGC,0,4776253
ygeX_predicted,0.5,1,1,CGCTGTAGGCCATAATGGAA,0,4782559
ygeX_predicted,0.5,1,1,CGCTGGCTTTATCCCACCGT,0,4775617
ygeX_predicted,0.5,1,1,CGCTGGCTTCATAGTACCTC,0,4786945
ygeX_predicted,0.5,1,1,CGCTCGGGCTTAGCTTATTC,0,4789728
ygeX_predicted,0.5,1,1,CGCTCACGAAGCGCCCAAAC,0,4784131
ygeX_predicted,0.5,1,1,CGCTAGCTCAGATCCCCGTC,0,4772217
ygeX_predicted,0.5,1,1,CGCGAAAATCTTTACCCTTT,0,4773241
ygeX_predicted,0.5,1,1,CGCCTCTGACTTGATAATCA,0,4791732
ygeX_predicted,0.5,1,1,CGCCTCACAATGCATGTCAA,0,4780109
ygeX_predicted,0.5,1,1,CGCCATCCACCGGTCATGGG,0,4793427
ygeX_predicted,0.5,1,1,CGCCACGCCTGGGCGACAAT,0,4772301
ygeX_predicted,0.5,1,1,CGCATGATCTCTAGGCGATA,0,4782192
ygeX_predicted,0.5,1,1,CGCATCCTTAGTAAGTTATT,0,4768305
ygeX_predicted,0.5,1,1,CGCAAGCAACCCCAAAACTA,0,4790157
ygeX_predicted,0.5,1,1,CGATTTGGCAACGGTGTAGG,0,4777723
ygeX_predicted,0.5,1,1,CGATTTCGATGAACATTTGG,0,4790392
ygeX_predicted,0.5,1,1,CGATTGGGCATACTATACAG,0,4770147
ygeX_predicted,0.5,1,1,CGATTGAGCATTAACGAGGG,0,4767737
ygeX_predicted,0.5,1,1,CGATTAAATTCTGGGGTCTT,0,4786659
ygeX_predicted,0.5,1,1,CGATCCGCTGGTGATCCAGT,0,4777242
ygeX_predicted,0.5,1,1,CGATCCATACTGTAGAAGTC,0,4777490
ygeX_predicted,0.5,1,1,CGATCACCTTTAGACGTTAG,0,4774351
ygeX_predicted,0.5,1,1,CGAGTAGGTTATGCTTGCTA,0,4769129
ygeX_predicted,0.5,1,1,CGAGGCGTCAGAAGCACAGG,0,4777925
ygeX_predicted,0.5,1,1,CGAGCGTGATCGTGGCACTC,0,4772813
ygeX_predicted,0.5,1,1,CGACAGAGGCGAGGGAGCGG,0,4781501
ygeX_predicted,0.5,1,1,CGAATTGAAACGTATCTCTA,0,4779623
ygeX_predicted,0.5,1,1,CGAAAGCCTGAGACACAATG,0,4792466
ygeX_predicted,0.5,1,1,CCTTTCGGCGTCCAGTAGTC,0,4781407
ygeX_predicted,0.5,1,1,CCTTCTCGCCAGTTAGGGTG,0,4780359
ygeX_predicted,0.5,1,1,CCTTCGGACAAGTTTCTGGT,0,4780618
ygeX_predicted,0.5,1,1,CCTTCAGGTACCCATGGCCA,0,4772252
ygeX_predicted,0.5,1,1,CCTGTTTGATATAGGTTGAC,0,4794508
ygeX_predicted,0.5,1,1,CCTCGGCTCATAATACAGGG,0,4767136
ygeX_predicted,0.5,1,1,CCTCCGCTCCAACGCATACT,0,4783473
ygeX_predicted,0.5,1,1,CCTCCCAGTTAGGGAGTTCT,0,4773299
ygeX_predicted,0.5,1,1,CCTCAGGACGATGGGCGTGG,0,4768185
ygeX_predicted,0.5,1,1,CCTCACTTTCTATCGCAACC,0,4783326
ygeX_predicted,0.5,1,1,CCTAGTCCTGGGTAGCCGGG,0,4781347
ygeX_predicted,0.5,1,1,CCTAGGCAGTGGACCTAGCG,0,4790032
ygeX_predicted,0.5,1,1,CCTAGCGCAACCGCGCTTCT,0,4788432
ygeX_predicted,0.5,1,1,CCTAAGCAGTATGCTGACGC,0,4773738
ygeX_predicted,0.5,1,1,CCTAACATCATGTGGTTATG,0,4793014
ygeX_predicted,0.5,1,1,CCTAAAGTATTGTTGATATT,0,4770848
ygeX_predicted,0.5,1,1,CCGTTGTTATCACCTCTTCT,0,4771961
ygeX_predicted,0.5,1,1,CCGTTAGTATGGGTCGTCTA,0,4788668
ygeX_predicted,0.5,1,1,CCGTGCCCTCGGCGCCTGGA,0,4779589
ygeX_predicted,0.5,1,1,CCGTATTGTGGCTCTAGAAA,0,4793895
ygeX_predicted,0.5,1,1,CCGTATTAGCCAATTGATCA,0,4789911
ygeX_predicted,0.5,1,1,CCGTACAGGGGGCCGTCCTA,0,4766740
ygeX_predicted,0.5,1,1,CCGGTACCCGGAACGACCTA,0,4778201
ygeX_predicted,0.5,1,1,CCGGCTCCCCCAGAGCGTAA,0,4769104
ygeX_predicted,0.5,1,1,CCGGCGACATCAATTGGCGG,0,4784072
ygeX_predicted,0.5,1,1,CCGGAGCGGAGTCCAGTCGT,0,4787290
ygeX_predicted,0.5,1,1,CCGGAAATGCCAACATTAGG,0,4777594
ygeX_predicted,0.5,1,1,CCGCTGGCTGCGCCGTGCAT,0,4791156
ygeX_predicted,0.5,1,1,CCGCTAATGGGACCCTTACT,0,4792664
ygeX_predicted,0.5,1,1,CCGCCCATTCTAAGGAATTA,0,4776725
ygeX_predicted,0.5,1,1,CCGCCACCACATATCTAAGC,0,4770802
ygeX_predicted,0.5,1,1,CCGAGGCTTACGGTGGGGGG,0,4776364
ygeX_predicted,0.5,1,1,CCGACGTATAGGGGGTTACT,0,4784334
ygeX_predicted,0.5,1,1,CCGACCCCAGGCGCCCAGTG,0,4787435
ygeX_predicted,0.5,1,1,CCGAATTTTAAATTAAACTT,0,4791458
ygeX_predicted,0.5,1,1,CCGAAACGTCGCGCAAGTGC,0,4784163
ygeX_predicted,0.5,1,1,CCGAAAATCCTGAGACGTTC,0,4789245
ygeX_predicted,0.5,1,1,CCCTGGCCTCCGGTGTGGCC,0,4793861
ygeX_predicted,0.5,1,1,CCCTCCCCCTTCGAGCGTGT,0,4785593
ygeX_predicted,0.5,1,1,CCCGGTTTGCGTCCAGGGTC,0,4783743
ygeX_predicted,0.5,1,1,CCCGGCTGGAAGCGTCTAAC,0,4788249
ygeX_predicted,0.5,1,1,CCCGAGCGACTACTCGTTAC,0,4784945
ygeX_predicted,0.5,1,1,CCCCTGCATGGGAACAATGT,0,4793187
ygeX_predicted,0.5,1,1,CCCAGTGGATTACCCAAGCA,0,4768844
ygeX_predicted,0.5,1,1,CCCAGGGGGGCCTTGTTGGA,0,4786058
ygeX_predicted,0.5,1,1,CCCACTGACTTAAAAGCCAT,0,4769259
ygeX_predicted,0.5,1,1,CCCACCTATCTTACAAAGAT,0,4791687
ygeX_predicted,0.5,1,1,CCCAACTGTGACGTCTTCGT,0,4780590
ygeX_predicted,0.5,1,1,CCCAAAGATGAAACGCACCC,0,4792919
ygeX_predicted,0.5,1,1,CCCAAAGACTCCTCCCTTTG,0,4783659
ygeX_predicted,0.5,1,1,CCATTGACCTAAATCCAGTC,0,4771997
ygeX_predicted,0.5,1,1,CCATTCGCGTATCATGACGA,0,4789775
ygeX_predicted,0.5,1,1,CCATCATGTTCTATCCGGCG,0,4775363
ygeX_predicted,0.5,1,1,CCAGTAGGTGCAGGCGGCTT,0,4778961
ygeX_predicted,0.5,1,1,CCAGTAAGCTCAGGGTGGAA,0,4787345
ygeX_predicted,0.5,1,1,CCAGCTAAGTTTACCTCCGT,0,4780474
ygeX_predicted,0.5,1,1,CCAGCGCTAATCCTTCGGCT,0,4787875
ygeX_predicted,0.5,1,1,CCAGCCCACTTAATTATTCT,0,4790465
ygeX_predicted,0.5,1,1,CCACTACCTCGCATTGGCCT,0,4793651
ygeX_predicted,0.5,1,1,CCACAGGCGCTATTGCGAAC,0,4791123
ygeX_predicted,0.5,1,1,CCAATCCTCAGACATAACGA,0,4794244
ygeX_predicted,0.5,1,1,CCAAGTAGCATCGTCGTCGT,0,4785479
ygeX_predicted,0.5,1,1,CCAAGAGGGTTCACGCCGCT,0,4780148
ygeX_predicted,0.5,1,1,CCAAATCTCCCTGTCATGGT,0,4791879
ygeX_predicted,0.5,1,1,CCAAATCATTTCGGATCAAG,0,4790190
ygeX_predicted,0.5,1,1,CATTGGGCCATGTCGAATTT,0,4777958
ygeX_predicted,0.5,1,1,CATTCACATAGTCTTAAATT,0,4772455
ygeX_predicted,0.5,1,1,CATTATCTTGTATTGTCGGG,0,4775034
ygeX_predicted,0.5,1,1,CATTACGGGCATCGTCTTTC,0,4781720
ygeX_predicted,0.5,1,1,CATGTTTACGTATGTCGCTT,0,4777429
ygeX_predicted,0.5,1,1,CATGTAACCGGGCACATGAG,0,4776619
ygeX_predicted,0.5,1,1,CATGGCCAACCATAGCTTCT,0,4784406
ygeX_predicted,0.5,1,1,CATGCTTTGGATTAAAGAGA,0,4780551
ygeX_predicted,0.5,1,1,CATGATCTGCACGCGGTAGG,0,4772484
ygeX_predicted,0.5,1,1,CATGAGACGTACGCGTAGCG,0,4792793
ygeX_predicted,0.5,1,1,CATCGCACATGCGACCGACC,0,4785615
ygeX_predicted,0.5,1,1,CATCACGGAGAGCAACCATG,0,4787614
ygeX_predicted,0.5,1,1,CATATTTCCGATTAATCCAC,0,4781682
ygeX_predicted,0.5,1,1,CATAGTGTTTTTTTCGTGGG,0,4786320
ygeX_predicted,0.5,1,1,CATACGGCTCCTACGGGCGC,0,4774205
ygeX_predicted,0.5,1,1,CAGTTGGATGCGACGAGCTG,0,4771884
ygeX_predicted,0.5,1,1,CAGTTGCCCCTTCTGGCGGG,0,4782175
ygeX_predicted,0.5,1,1,CAGTGGCGCTACCTGTCATA,0,4779626
ygeX_predicted,0.5,1,1,CAGTCTGTACCGACATTTAA,0,4781798
ygeX_predicted,0.5,1,1,CAGTCACAACTCGGCATAGT,0,4775788
ygeX_predicted,0.5,1,1,CAGGGCATCATAGTTATGAA,0,4792141
ygeX_predicted,0.5,1,1,CAGGCCCAGAGTGTCAGACG,0,4787323
ygeX_predicted,0.5,1,1,CAGGCAAAGTGCGGCGCCGT,0,4773348
ygeX_predicted,0.5,1,1,CAGGAGACCTTGGAAAAGAG,0,4794147
ygeX_predicted,0.5,1,1,CAGCGTATTATGAGGACTAG,0,4784706
ygeX_predicted,0.5,1,1,CAGCGTAGGAGGGGCACGGT,0,4793847
ygeX_predicted,0.5,1,1,CAGCGGGGACCCCGCCCATC,0,4768505
ygeX_predicted,0.5,1,1,CAGCGAATACTCGGAATCAC,0,4773135
ygeX_predicted,0.5,1,1,CAGCAGCCGGGAACTGCTGC,0,4790495
ygeX_predicted,0.5,1,1,CAGATTGCGACTATCTCAAA,0,4775741
ygeX_predicted,0.5,1,1,CAGATGATCAGGCCTTGAGG,0,4789537
ygeX_predicted,0.5,1,1,CAGAGGGGGAGGAAGGGCTA,0,4785484
ygeX_predicted,0.5,1,1,CAGAGCCGGGCCAGTCCAAG,0,4784548
ygeX_predicted,0.5,1,1,CACTAGAGGTTACGCTTGGG,0,4785585
ygeX_predicted,0.5,1,1,CACTACGAAGAAGGCCATGT,0,4791031
ygeX_predicted,0.5,1,1,CACGGATCCGATTTTTATTT,0,4778309
ygeX_predicted,0.5,1,1,CACGCTAGCTGGCGTACCTA,0,4779489
ygeX_predicted,0.5,1,1,CACGCGGGAAGGCCCGGACC,0,4774658
ygeX_predicted,0.5,1,1,CACCGCTGCGCCGAAGTATG,0,4792731
ygeX_predicted,0.5,1,1,CACCGCCATGTCTTGGTTTG,0,4773597
ygeX_predicted,0.5,1,1,CACCCTGCTCGTAGGGCGGA,0,4771968
ygeX_predicted,0.5,1,1,CACCCTGCGACATAAGTAAG,0,4793450
ygeX_predicted,0.5,1,1,CACCAGAAAGCTTTCGTAAA,0,4768308
ygeX_predicted,0.5,1,1,CACCACCCGGAACCCATATC,0,4784109
ygeX_predicted,0.5,1,1,CACATGTGGTTGAACTTCAT,0,4768257
ygeX_predicted,0.5,1,1,CACATCACATGGACCCCGTG,0,4791192
ygeX_predicted,0.5,1,1,CACATAGAGGAAGGGGGTTT,0,4779683
ygeX_predicted,0.5,1,1,CACATACTTTTCTGTTATGT,0,4781879
ygeX_predicted,0.5,1,1,CACACGTGCGCGTCCAGATA,0,4770558
ygeX_predicted,0.5,1,1,CACAACCCGTGGAGTATTTG,0,4787620
ygeX_predicted,0.5,1,1,CAATTTAATGGCTCCAACAT,0,4767181
ygeX_predicted,0.5,1,1,CAATTGGCTAGACCGTTCTC,0,4777204
ygeX_predicted,0.5,1,1,CAATTCCTTGGCTGAGTCCT,0,4772962
ygeX_predicted,0.5,1,1,CAATTCCTCACGATCATTAG,0,4780842
ygeX_predicted,0.5,1,1,CAATGCCCTTTCAGTAGCAG,0,4779496
ygeX_predicted,0.5,1,1,CAATCGCCGTCGGAACTCGA,0,4782971
ygeX_predicted,0.5,1,1,CAAGTGAATGGACTTGGATG,0,4777534
ygeX_predicted,0.5,1,1,CAAGTCGTGGTTGATTCTAT,0,4767769
ygeX_predicted,0.5,1,1,CAAGGGTAAGACCTTGACAT,0,4775394
ygeX_predicted,0.5,1,1,CAAGGGGAATTAGATCCAGA,0,4770860
ygeX_predicted,0.5,1,1,CAAGGCTTATAAGGTTGAAC,0,4787350
ygeX_predicted,0.5,1,1,CAACTGTTTATGAAGTTGAT,0,4794199
ygeX_predicted,0.5,1,1,CAACTGGAGCTTCGACAATG,0,4789312
ygeX_predicted,0.5,1,1,CAACTATCGGGGCGGAAAGT,0,4772425
ygeX_predicted,0.5,1,1,CAACCCACGGTATTCGTGGA,0,4785467
ygeX_predicted,0.5,1,1,CAACCATGTCGATGCATTAT,0,4772197
ygeX_predicted,0.5,1,1,CAACAAACGAAATTAGTTAT,0,4773142
ygeX_predicted,0.5,1,1,CAAAGGCTAAAGGCGGTTAT,0,4777331
ygeX_predicted,0.5,1,1,ATTTTTCTGTATGGAGCTAG,0,4785391
ygeX_predicted,0.5,1,1,ATTTTATATTGTATGGCCGT,0,4772623
ygeX_predicted,0.5,1,1,ATTTGTTGCGACTTGAAGTC,0,4775122
ygeX_predicted,0.5,1,1,ATTTGTAGAAGGTCGCGTTC,0,4775918
ygeX_predicted,0.5,1,1,ATTTGGGGTTGGGTAAGAAA,0,4770224
ygeX_predicted,0.5,1,1,ATTTAATGTGGTCCACTACA,0,4781491
ygeX_predicted,0.5,1,1,ATTGTGAGTTTAAATACAGC,0,4781009
ygeX_predicted,0.5,1,1,ATTGTAATCGCTGTGATATT,0,4776691
ygeX_predicted,0.5,1,1,ATTGGCGGTTATTCAGGGCG,0,4784108
ygeX_predicted,0.5,1,1,ATTGGAATAACTACCCGCCA,0,4779542
ygeX_predicted,0.5,1,1,ATTCGGTTCCGGCGTTCACC,0,4780861
ygeX_predicted,0.5,1,1,ATTCGGTACGAGTAGCATTG,0,4781322
ygeX_predicted,0.5,1,1,ATTCGGCGACAGTGAATTAA,0,4779724
ygeX_predicted,0.5,1,1,ATTCCATCAACATGGTTGCA,0,4768618
ygeX_predicted,0.5,1,1,ATTCAACAGACTAATTTGAG,0,4783420
ygeX_predicted,0.5,1,1,ATTAGTGCCCTGTAATTTAA,0,4783584
ygeX_predicted,0.5,1,1,ATTAGGTTTGGTTGCTATTA,0,4790119
ygeX_predicted,0.5,1,1,ATTAGGCACCATGTGAGGGC,0,4776474
ygeX_predicted,0.5,1,1,ATTACATCTCGGTAGCATAT,0,4782089
ygeX_predicted,0.5,1,1,ATTACAGAGTGATACTCTTT,0,4790079
ygeX_predicted,0.5,1,1,ATGTTGAGTAAGGGGATAGT,0,4784934
ygeX_predicted,0.5,1,1,ATGTGTACTAGCTTACCCTG,0,4777292
ygeX_predicted,0.5,1,1,ATGTGCAAATCACACTAAAC,0,4781566
ygeX_predicted,0.5,1,1,ATGTCGCACGTGCGTGACTG,0,4793051
ygeX_predicted,0.5,1,1,ATGTAGTTTAAATTGCAACT,0,4786198
ygeX_predicted,0.5,1,1,ATGGGTTTACGTGGCGATGC,0,4769665
ygeX_predicted,0.5,1,1,ATGGGCCTAGACTTCTCCTT,0,4776925
ygeX_predicted,0.5,1,1,ATGCGGCCTTGATTCTCACA,0,4774792
ygeX_predicted,0.5,1,1,ATGCGAGGGTCAAGTGCACC,0,4783974
ygeX_predicted,0.5,1,1,ATGCCCCTCGTCGTGGCTAT,0,4784068
ygeX_predicted,0.5,1,1,ATGCATTTTAAACTTTTTTG,0,4774024
ygeX_predicted,0.5,1,1,ATGCAGTAGCTCTTATGCAG,0,4768236
ygeX_predicted,0.5,1,1,ATGATAAGGATGCCGACTGG,0,4776453
ygeX_predicted,0.5,1,1,ATGAGGCTCCCCATTTCTGG,0,4771306
ygeX_predicted,0.5,1,1,ATGAGAAAAGGGAGGTTCTG,0,4793080
ygeX_predicted,0.5,1,1,ATGACACACGAACTTAGTAA,0,4787086
ygeX_predicted,0.5,1,1,ATGACAAATCCCAGTAGGGA,0,4767028
ygeX_predicted,0.5,1,1,ATGAACGGCGTATATGCAAG,0,4767119
ygeX_predicted,0.5,1,1,ATCTTACCGCAATTGGGGTA,0,4787645
ygeX_predicted,0.5,1,1,ATCTGCCAGAAGAAGCCAAT,0,4788423
ygeX_predicted,0.5,1,1,ATCGTGTAGCAAGATGTTGT,0,4787151
ygeX_predicted,0.5,1,1,ATCGTGGGTGCAACCATCGG,0,4793138
ygeX_predicted,0.5,1,1,ATCGGTTCTCCCCTGCTTGG,0,4771855
ygeX_predicted,0.5,1,1,ATCGGCGGAGTATAGAGCAG,0,4777951
ygeX_predicted,0.5,1,1,ATCGGAGCCGAACTGAGCAA,0,4772075
ygeX_predicted,0.5,1,1,ATCGCCTCATTCCAGCAATA,0,4775193
ygeX_predicted,0.5,1,1,ATCCTGTGTAAGGCGATCTA,0,4788464
ygeX_predicted,0.5,1,1,ATCCTAAGGTAACTTCTAGG,0,4791117
ygeX_predicted,0.5,1,1,ATCCGTACTGCACGCGACGG,0,4769031
ygeX_predicted,0.5,1,1,ATCCGATAGGAGATGGCTAC,0,4780509
ygeX_predicted,0.5,1,1,ATCCGAGATTCGGGATCTAT,0,4780333
ygeX_predicted,0.5,1,1,ATCCGACTCCGTCGAAGCCG,0,4792638
ygeX_predicted,0.5,1,1,ATCCCAGTCCTTGGTTTCGA,0,4793179
ygeX_predicted,0.5,1,1,ATCCAGCGCGTATTCGAGTT,0,4787850
ygeX_predicted,0.5,1,1,ATCCACGAAACGAACGCTTC,0,4768865
ygeX_predicted,0.5,1,1,ATCATACGGCCAACCATTCG,0,4768552
ygeX_predicted,0.5,1,1,ATCAGGGTTAAATTTGGGCA,0,4785261
ygeX_predicted,0.5,1,1,ATCAGGGGATATCAGAAGGT,0,4791527
ygeX_predicted,0.5,1,1,ATCAGGGATTTGTCCCGGGC,0,4769524
ygeX_predicted,0.5,1,1,ATATTGCTAAGGTATGTTGA,0,4785225
ygeX_predicted,0.5,1,1,ATATTCCCCCATCTGTGTAC,0,4787522
ygeX_predicted,0.5,1,1,ATATTAGCTTCACCCAGGCT,0,4772112
ygeX_predicted,0.5,1,1,ATATACGATATGATCACGGA,0,4782741
ygeX_predicted,0.5,1,1,ATAGTTCAAGCATTTTTGAG,0,4778967
ygeX_predicted,0.5,1,1,ATAGTGGCGCAACGAGCAGA,0,4772308
ygeX_predicted,0.5,1,1,ATAGTCCTGCGCGGCTACTC,0,4789854
ygeX_predicted,0.5,1,1,ATAGGGTAGGTCGAACATTG,0,4766743
ygeX_predicted,0.5,1,1,ATAGCTTAGAGCAAGGCAAT,0,4783997
ygeX_predicted,0.5,1,1,ATAGCTAAGTAATAATTCAA,0,4783778
ygeX_predicted,0.5,1,1,ATAGCCATCGGCCTGCCCCG,0,4791324
ygeX_predicted,0.5,1,1,ATAGCCAAGTAAACCTAATG,0,4789922
ygeX_predicted,0.5,1,1,ATAGCAGCGTGGAGTATTTC,0,4782894
ygeX_predicted,0.5,1,1,ATACGGTACTATACCTCTCA,0,4785665
ygeX_predicted,0.5,1,1,ATACGCGCACGATCGTCTAG,0,4791416
ygeX_predicted,0.5,1,1,ATACGCCGAGCCAATCATCT,0,4770337
ygeX_predicted,0.5,1,1,ATACAGCAATCGGATCCAGC,0,4785702
ygeX_predicted,0.5,1,1,ATAAGGTGTATGCACATGGC,0,4767368
ygeX_predicted,0.5,1,1,ATAACTATTTGAGGAATGGT,0,4769457
ygeX_predicted,0.5,1,1,ATAACCGGTTTTTTCATTTA,0,4780173
ygeX_predicted,0.5,1,1,ATAACCAGCTGCCTACCGCA,0,4778842
ygeX_predicted,0.5,1,1,ATAACAGTACCTGAGGAACG,0,4794780
ygeX_predicted,0.5,1,1,ATAACACGCGACTCCTGTAT,0,4790475
ygeX_predicted,0.5,1,1,ATAAACGGCCTGTGCATAAT,0,4779868
ygeX_predicted,0.5,1,1,AGTTTAGGACTTGGGAATTT,0,4773064
ygeX_predicted,0.5,1,1,AGTTGCATTTATCGATTGCT,0,4787586
ygeX_predicted,0.5,1,1,AGTTCGACTGTTGCGCTTTA,0,4771704
ygeX_predicted,0.5,1,1,AGTTATGTTCTTTACAGGAC,0,4771109
ygeX_predicted,0.5,1,1,AGTGTACGGGGTTAATGAGC,0,4794122
ygeX_predicted,0.5,1,1,AGTGGACAACCGCTCGACAT,0,4791357
ygeX_predicted,0.5,1,1,AGTGCTCTGGGCGGAATGCT,0,4790024
ygeX_predicted,0.5,1,1,AGTGCACATCTCCAATTGGC,0,4777026
ygeX_predicted,0.5,1,1,AGTCTGACTGACTTCCCGTG,0,4787658
ygeX_predicted,0.5,1,1,AGTCGGTTAATTCAGAGGGA,0,4782694
ygeX_predicted,0.5,1,1,AGTCGCTGCCTCCCTGCGTA,0,4774172
ygeX_predicted,0.5,1,1,AGTCCGATCAAAGAGTCTAG,0,4779786
ygeX_predicted,0.5,1,1,AGTCCACCTGTATGCGGGGT,0,4774296
ygeX_predicted,0.5,1,1,AGTCAATATACCCGCGAGAA,0,4783344
ygeX_predicted,0.5,1,1,AGTATAGTAATAAACGAATT,0,4767001
ygeX_predicted,0.5,1,1,AGTAGGTGATCCGTGCCCAC,0,4774724
ygeX_predicted,0.5,1,1,AGTAACCGGACGAGATTCCA,0,4782029
ygeX_predicted,0.5,1,1,AGTAAACCGAGGGACCACCT,0,4789637
ygeX_predicted,0.5,1,1,AGTAAACCCGATTGTTGAGG,0,4784606
ygeX_predicted,0.5,1,1,AGGTGTTCCATGGATTTCGG,0,4771731
ygeX_predicted,0.5,1,1,AGGTGTGAGGTTACCCTGGC,0,4784105
ygeX_predicted,0.5,1,1,AGGTGGCATGAAATGTCAAT,0,4789368
ygeX_predicted,0.5,1,1,AGGTCCTATGATTTGGAACT,0,4769152
ygeX_predicted,0.5,1,1,AGGTAGGGATTGGACCCTTA,0,4780249
ygeX_predicted,0.5,1,1,AGGTAATTGCATGCTACGGA,0,4787736
ygeX_predicted,0.5,1,1,AGGGTTTTTAGCCTCGCATC,0,4780940
ygeX_predicted,0.5,1,1,AGGGGATGAGGCATAATCCC,0,4784809
ygeX_predicted,0.5,1,1,AGGGCGTCTGGGTCCCATGG,0,4772373
ygeX_predicted,0.5,1,1,AGGGCCTGTTCCAATCTCTG,0,4781146
ygeX_predicted,0.5,1,1,AGGCGTTGTTATCTCCAGAG,0,4784328
ygeX_predicted,0.5,1,1,AGGCGACGGTCGTTTCGCGC,0,4777308
ygeX_predicted,0.5,1,1,AGGATGGCAGACATTTAAAT,0,4792684
ygeX_predicted,0.5,1,1,AGGAGTTGGCTTTCGGTGCA,0,4789570
ygeX_predicted,0.5,1,1,AGGACATCCATACGCTTGGT,0,4787921
ygeX_predicted,0.5,1,1,AGCTTTTCGATCATCCTTGT,0,4777247
ygeX_predicted,0.5,1,1,AGCTTGCAAAGGACAATTAT,0,4784569
ygeX_predicted,0.5,1,1,AGCTGCGCAAATGGGAGTAG,0,4769916
ygeX_predicted,0.5,1,1,AGCTGCCCGGGGTACTAAGG,0,4769316
ygeX_predicted,0.5,1,1,AGCTCATTCCTCGAGATTCT,0,4767939
ygeX_predicted,0.5,1,1,AGCTCAACGGTGGATACATA,0,4787581
ygeX_predicted,0.5,1,1,AGCGGTGCAGACTTTCGAAT,0,4788508
ygeX_predicted,0.5,1,1,AGCGGTAAGTTTAGGCTCAA,0,4792170
ygeX_predicted,0.5,1,1,AGCGGCTTCATTGATGATCC,0,4771765
ygeX_predicted,0.5,1,1,AGCGCTATCCGCAGGGTCAC,0,4791820
ygeX_predicted,0.5,1,1,AGCGCGATCGCACTACTTGT,0,4785451
ygeX_predicted,0.5,1,1,AGCCGTTTTCTCAATAGTTG,0,4779598
ygeX_predicted,0.5,1,1,AGCCCTAGGGGAGCCAAGTG,0,4771552
ygeX_predicted,0.5,1,1,AGCCAGGAAACCGGATGGTT,0,4768249
ygeX_predicted,0.5,1,1,AGCCACTACAGAGCCGAAAC,0,4769384
ygeX_predicted,0.5,1,1,AGCATAAATATCTGATTCTC,0,4792131
ygeX_predicted,0.5,1,1,AGCAGGAAACTTTTATATGG,0,4786793
ygeX_predicted,0.5,1,1,AGCAGCCTTGGATCCGTTAG,0,4781134
ygeX_predicted,0.5,1,1,AGCACATACGTAAAACCGCA,0,4792788
ygeX_predicted,0.5,1,1,AGATGGGATCACCCGTGAGC,0,4785178
ygeX_predicted,0.5,1,1,AGATGCTCCATGTAACCCCT,0,4794641
ygeX_predicted,0.5,1,1,AGATCGACAGGTGAGATCAA,0,4768059
ygeX_predicted,0.5,1,1,AGATCATGACAGCATGCCAC,0,4767432
ygeX_predicted,0.5,1,1,AGATCAACGTTCCCATCCGG,0,4775159
ygeX_predicted,0.5,1,1,AGATAGACCTCTGCCATTCG,0,4775710
ygeX_predicted,0.5,1,1,AGATAGAATTACGCATGACA,0,4771766
ygeX_predicted,0.5,1,1,AGAGTCGGCAAAGCACGATG,0,4771938
ygeX_predicted,0.5,1,1,AGAGGGAGTGGTTAGAGCTT,0,4772760
ygeX_predicted,0.5,1,1,AGAGGAACCACAGTTACGCC,0,4780954
ygeX_predicted,0.5,1,1,AGAGCTTTCCGAATGCTTAT,0,4790974
ygeX_predicted,0.5,1,1,AGAGCCCCTCGAACCCCAGC,0,4775547
ygeX_predicted,0.5,1,1,AGAGACCGAGCTAATGGATT,0,4792379
ygeX_predicted,0.5,1,1,AGACGGGGCCTGTCTAGTGC,0,4780843
ygeX_predicted,0.5,1,1,AGACCATCGTTCATGCTCGG,0,4779596
ygeX_predicted,0.5,1,1,AGACAGACCCTGGAAACGTC,0,4782629
ygeX_predicted,0.5,1,1,AGAAGACTCAAAAACGATTA,0,4769010
ygeX_predicted,0.5,1,1,AGAACGATAATAGCCGAACA,0,4772749
ygeX_predicted,0.5,1,1,ACTTTCTTAGCCCTGTGATA,0,4784675
ygeX_predicted,0.5,1,1,ACTTATAGCACTCAAACTAG,0,4785145
ygeX_predicted,0.5,1,1,ACTGGATTTTTGTGTGCCTC,0,4786121
ygeX_predicted,0.5,1,1,ACTGCCCAACTTGCACCGGA,0,4768430
ygeX_predicted,0.5,1,1,ACTCCGATATTCAGACTCCC,0,4785584
ygeX_predicted,0.5,1,1,ACTCCACTTTAGATGGCCTC,0,4776926
ygeX_predicted,0.5,1,1,ACTCACTCCAGTATTGAGTC,0,4767682
ygeX_predicted,0.5,1,1,ACTATTGGTTTACATTTCTA,0,4771394
ygeX_predicted,0.5,1,1,ACTAGGTCCCTCGAGACAGT,0,4768997
ygeX_predicted,0.5,1,1,ACTAGGTATTAGTCCAGGAG,0,4767211
ygeX_predicted,0.5,1,1,ACTAGATATCAAAACAGGGT,0,4774442
ygeX_predicted,0.5,1,1,ACTAATTAAGTACGGGCAAG,0,4783568
ygeX_predicted,0.5,1,1,ACTAAAAGATCAGGCCGCGA,0,4793120
ygeX_predicted,0.5,1,1,ACGTTTTGTATATCAAACTG,0,4789426
ygeX_predicted,0.5,1,1,ACGTTCCCCTCGCGCGGATG,0,4771868
ygeX_predicted,0.5,1,1,ACGTCGGTCATAGTTATAGT,0,4780241
ygeX_predicted,0.5,1,1,ACGTAGAACGGTAGCATGGA,0,4785869
ygeX_predicted,0.5,1,1,ACGGTACGCGTTGCGGATTA,0,4776005
ygeX_predicted,0.5,1,1,ACGGGTTTTTCACTTATTTG,0,4792427
ygeX_predicted,0.5,1,1,ACGGGTATCGTCTAACCCGC,0,4785486
ygeX_predicted,0.5,1,1,ACGGCCTCAAGGCGGCTGCA,0,4777759
ygeX_predicted,0.5,1,1,ACGGCCCCCACCTCTGGTAG,0,4780030
ygeX_predicted,0.5,1,1,ACGGATGCGTAATAGTGAGA,0,4794338
ygeX_predicted,0.5,1,1,ACGCTTTAAATCCGCACTCA,0,4775666
ygeX_predicted,0.5,1,1,ACGCGTTCCAATTGAGAACC,0,4787279
ygeX_predicted,0.5,1,1,ACGCGGGACGAAAATCATAT,0,4778985
ygeX_predicted,0.5,1,1,ACGCGGAGTGAGTACGGAGT,0,4792335
ygeX_predicted,0.5,1,1,ACGAGTTCGTGATAGCTCAA,0,4780565
ygeX_predicted,0.5,1,1,ACGAGTGGGTCTTGGGTCAA,0,4775733
ygeX_predicted,0.5,1,1,ACGACGGGCGCTCCGAATGT,0,4769274
ygeX_predicted,0.5,1,1,ACGACAAGGTAGTAAGGTGT,0,4780407
ygeX_predicted,0.5,1,1,ACGAAGTAGTTTTCCTTTGT,0,4786946
ygeX_predicted,0.5,1,1,ACGAAACGGGAAGAAAAACT,0,4773968
ygeX_predicted,0.5,1,1,ACCTGGAGGTTCAAATGGGA,0,4786130
ygeX_predicted,0.5,1,1,ACCTGATACTTAACGGACCA,0,4772978
ygeX_predicted,0.5,1,1,ACCTCCGAACTGGGGCAACA,0,4789446
ygeX_predicted,0.5,1,1,ACCTACCGGTCTTCTCGCCC,0,4770432
ygeX_predicted,0.5,1,1,ACCGTCCGAGTCACTAATTG,0,4791273
ygeX_predicted,0.5,1,1,ACCGGAGTCTGCTGCAGTAG,0,4791702
ygeX_predicted,0.5,1,1,ACCGCTTGACTTCGTATGAT,0,4772145
ygeX_predicted,0.5,1,1,ACCGCGGGTTTCAGTTGTGG,0,4779232
ygeX_predicted,0.5,1,1,ACCGCATAAAGAATTCAAGA,0,4767203
ygeX_predicted,0.5,1,1,ACCGATCCGGAGGTTGTAAC,0,4774828
ygeX_predicted,0.5,1,1,ACCCTACTTGTAGCTATAGC,0,4793300
ygeX_predicted,0.5,1,1,ACCCGTTTTTTTTTCCAGGA,0,4775485
ygeX_predicted,0.5,1,1,ACCCGTTTCGTGTCAGGTAT,0,4769969
ygeX_predicted,0.5,1,1,ACCCGTGATAGTCGGGAGGG,0,4786608
ygeX_predicted,0.5,1,1,ACCCGTCATTATTCTCGTTT,0,4779595
ygeX_predicted,0.5,1,1,ACCCGGTCAGCAGTATAGAT,0,4772609
ygeX_predicted,0.5,1,1,ACCATGAGAGATGGTGACTC,0,4787496
ygeX_predicted,0.5,1,1,ACCACGCGGGCGCAAGGATA,0,4769150
ygeX_predicted,0.5,1,1,ACCACCGACAATTCCAGACC,0,4793212
ygeX_predicted,0.5,1,1,ACCAAAGGCTACATGCACGT,0,4779383
ygeX_predicted,0.5,1,1,ACATTCGTTATGGTAGTAGT,0,4771014
ygeX_predicted,0.5,1,1,ACATGCAAGCTATACTATTG,0,4775531
ygeX_predicted,0.5,1,1,ACATCGCGTGGATCTCACTA,0,4793702
ygeX_predicted,0.5,1,1,ACATAAGTCTGGCCCCTAGC,0,4777391
ygeX_predicted,0.5,1,1,ACAGTCGCCGTGCCCTCCCT,0,4782873
ygeX_predicted,0.5,1,1,ACAGTCAAGTCACTACAGGA,0,4780266
ygeX_predicted,0.5,1,1,ACAGTACGCTCCGCCGAGAA,0,4783030
ygeX_predicted,0.5,1,1,ACAGGTCCCATCTTTGGGGG,0,4783602
ygeX_predicted,0.5,1,1,ACAGGCACTTGAAAACGTCT,0,4779030
ygeX_predicted,0.5,1,1,ACAGCATTACTTCTTGAGAC,0,4771722
ygeX_predicted,0.5,1,1,ACAACGTAGTGCCATGATGG,0,4768410
ygeX_predicted,0.5,1,1,ACAAACGCGATGTGTGCATC,0,4779228
ygeX_predicted,0.5,1,1,AATTTGTCGAGCCTCGAGAC,0,4777161
ygeX_predicted,0.5,1,1,AATGTTACTTCGGGTTAGGA,0,4781722
ygeX_predicted,0.5,1,1,AATGTCACTGTCTTGAACGC,0,4784106
ygeX_predicted,0.5,1,1,AATGGACGTCAGGACGAGGA,0,4785498
ygeX_predicted,0.5,1,1,AATGCCTTTGTATCGTTCTG,0,4768939
ygeX_predicted,0.5,1,1,AATGCCGTGCCACTACCTAC,0,4783953
ygeX_predicted,0.5,1,1,AATGCATTTAGGCGTGCGTA,0,4770514
ygeX_predicted,0.5,1,1,AATGACGCGGTGGGGTCAGG,0,4783968
ygeX_predicted,0.5,1,1,AATCGGAAGGCGGTCAGGTA,0,4787897
ygeX_predicted,0.5,1,1,AATCATTCGGCAGTCCTCTA,0,4788151
ygeX_predicted,0.5,1,1,AATCAAATATCGTGTCGGCT,0,4785546
ygeX_predicted,0.5,1,1,AATAACGCGGCATGGCCTTT,0,4792190
ygeX_predicted,0.5,1,1,AAGTGAAGCCGGGAAGGGAT,0,4773719
ygeX_predicted,0.5,1,1,AAGTCCGTAGGAAATTCCGA,0,4778058
ygeX_predicted,0.5,1,1,AAGTCACTTCAACCCGCTCC,0,4773081
ygeX_predicted,0.5,1,1,AAGGGCTTGTTTATATTTGT,0,4773643
ygeX_predicted,0.5,1,1,AAGGCATGGACTCCGTAAGC,0,4772969
ygeX_predicted,0.5,1,1,AAGGATACGGGGGTGACATG,0,4781063
ygeX_predicted,0.5,1,1,AAGCGCTATGTGCATCTTCT,0,4770231
ygeX_predicted,0.5,1,1,AAGCGCACTCCACCCCGGAA,0,4786899
ygeX_predicted,0.5,1,1,AAGCATTTGGATCCGTACAC,0,4770310
ygeX_predicted,0.5,1,1,AAGACTGAATGAGCCATACA,0,4788908
ygeX_predicted,0.5,1,1,AAGACGCGGTGAAGGAGTAC,0,4788717
ygeX_predicted,0.5,1,1,AAGACCAAATACGTCGCTGA,0,4770481
ygeX_predicted,0.5,1,1,AAGAAGCTCGAAAATATCTA,0,4790713
ygeX_predicted,0.5,1,1,AAGAAACGGTCCGGGTAATT,0,4781954
ygeX_predicted,0.5,1,1,AAGAAAATTGGAACAAAGAT,0,4794542
ygeX_predicted,0.5,1,1,AACTTTCTGTACCTCGGATG,0,4768230
ygeX_predicted,0.5,1,1,AACTTGTTACCAGGACTGAC,0,4772839
ygeX_predicted,0.5,1,1,AACTTGAGCACTGGCTCAAG,0,4782009
ygeX_predicted,0.5,1,1,AACTTCGGGAAAGAGAACGC,0,4793921
ygeX_predicted,0.5,1,1,AACTCCCAACTGATTAGAAG,0,4779733
ygeX_predicted,0.5,1,1,AACTACTGGTAAAACTTGTT,0,4793421
ygeX_predicted,0.5,1,1,AACGTTGGGGTAGGAGTCCG,0,4778636
ygeX_predicted,0.5,1,1,AACGTCGTCCCTACCTGCTC,0,4781882
ygeX_predicted,0.5,1,1,AACGTCCTTTGGACTGATTT,0,4789850
ygeX_predicted,0.5,1,1,AACGTCAGTTGTGACTTCGG,0,4791024
ygeX_predicted,0.5,1,1,AACGAAGAGACAATTCCTCG,0,4773134
ygeX_predicted,0.5,1,1,AACCTAAGGGGTATCATATG,0,4777255
ygeX_predicted,0.5,1,1,AACCGATGTCGAACACCTGG,0,4785854
ygeX_predicted,0.5,1,1,AACCCTGGCCTAAGTAGCGC,0,4794421
ygeX_predicted,0.5,1,1,AACCCATTCTCTAGTTTCAC,0,4783653
ygeX_predicted,0.5,1,1,AACCAGCTGGGTGTCACTAT,0,4779457
ygeX_predicted,0.5,1,1,AACCAACCCACCTGTCCTCC,0,4786756
ygeX_predicted,0.5,1,1,AACACGTCACCACATCCTAT,0,4779025
ygeX_predicted,0.5,1,1,AACAATTCAGCGAAAATTTA,0,4782283
ygeX_predicted,0.5,1,1,AACAAACTGCCTGAACTGGG,0,4773054
ygeX_predicted,0.5,1,1,AAATGTATTCTGTAATAGAA,0,4776645
ygeX_predicted,0.5,1,1,AAATGATCTATGGAGAATTT,0,4788499
ygeX_predicted,0.5,1,1,AAATGAAACGATGCGCTCTG,0,4785430
ygeX_predicted,0.5,1,1,AAATCGGTGCCTGATTCACA,0,4785763
ygeX_predicted,0.5,1,1,AAATACGATGAGGCTAAGGG,0,4794283
ygeX_predicted,0.5,1,1,AAAGCCGTTTCAACGGGGAT,0,4769133
ygeX_predicted,0.5,1,1,AAAGAGGCTAAGACATTAAC,0,4769535
ygeX_predicted,0.5,1,1,AAAGACCGTAGTTCGAGGAG,0,4786194
ygeX_predicted,0.5,1,1,AAACTGGGAAAAAGCGCAAC,0,4772766
ygeX_predicted,0.5,1,1,AAACGACGGGTGGGTGAAGC,0,4785911
ygeX_predicted,0.5,1,1,AAACCAGTCTATGACGTTTT,0,4793269
ygeX_predicted,0.5,1,1,AAACACCGTTGCGTCAGGGA,0,4772083
ygeX_predicted,0.5,1,1,AAAACCTTGCACGGAACGTG,0,4784402
ygeX_predicted,0.5,1,1,AAAACAGGATCAATGTAAGT,0,4785504
ygeX_predicted,0.5,1,1,AAAAACTGATTAACTACCTG,0,4775790
ygeX_predicted,367.0,366,0,CGACGCCTTATCTTGAAGGG,366,4794268
ygeX_predicted,299.0,298,0,GCATCGTTTATCATCCAGAC,298,4785378
ygeX_predicted,7.0,6,0,AGTCTTCAACTTCATATGTT,6,4784794
ygeX_predicted,6.0,5,0,AGAGTTCAACTTCATATGTT,5,4784804
ygeX_predicted,5.0,4,0,GGGGGTTAGGCGCTAGTTTT,4,4789353
ygeX_predicted,4.0,3,0,CCTATACACTCATATAAGTG,3,4773119
ygeX_predicted,3.0,2,0,TGTCCAGACTAACTCAGCGT,2,4766817
ygeX_predicted,3.0,2,0,TCCGTCTAACAAATCAAGCG,2,4771044
ygeX_predicted,3.0,2,0,GGTACAGTAATGCTGCGCAG,2,4773248
ygeX_predicted,3.0,2,0,AACATAGGTTCTTGCTCCTG,2,4776811
ygeX_predicted,2.0,1,0,TCTCCAGGCATCTCCGTAAC,1,4768641
ygeX_predicted,2.0,1,0,TCCGACGCGGGGGGCAGGCC,1,4774100
ygeX_predicted,2.0,1,0,TCAAGTGTGGATTGACTTAC,1,4782206
ygeX_predicted,2.0,1,0,TACGCGGTGTGACAGTGCAT,1,4779268
ygeX_predicted,2.0,1,0,GTCCCCAGGTATGACCACAT,1,4766699
ygeX_predicted,2.0,1,0,GTAGCAGTGTGGAGTGGAGG,1,4779432
ygeX_predicted,2.0,1,0,GGCTATTCCAAATTTCCTAG,1,4768042
ygeX_predicted,2.0,1,0,GAGCTTGAGGCCCTTGAAGC,1,4780315
ygeX_predicted,2.0,1,0,CTTAATTTCGGGGGTAGAGA,1,4783259
ygeX_predicted,2.0,1,0,CGTTGCTATCACGTGAGAGC,1,4777936
ygeX_predicted,2.0,1,0,CGGCTGAATTTAAACTATTG,1,4781580
ygeX_predicted,2.0,1,0,CGACACCCGTCCGAAAAGGA,1,4792530
ygeX_predicted,2.0,1,0,CGAATATCAAGGCACTTGCT,1,4767158
ygeX_predicted,2.0,1,0,CGAAGGGCAATGGGCGTTTC,1,4767623
ygeX_predicted,2.0,1,0,CCTGGGACTAAGTTGAATAT,1,4787834
ygeX_predicted,2.0,1,0,CCAAATCAGAAACGACGACA,1,4783426
ygeX_predicted,2.0,1,0,ATTAGGAAAGGTTGCGGTTG,1,4770633
ygeX_predicted,2.0,1,0,ACGTACATCGGTCTGGTCCT,1,4769397
ygeX_predicted,2.0,1,0,AATCATCCTGACCTATTCTG,1,4773237
