name,relative_counts,ct,ct_0,barcode,ct_1,barcode_ind
hyuA_predicted,0.16288252714708787,1176,1012,CCAGGAAGCTACGGCGTAGA,164,1840782
hyuA_predicted,0.2754994742376446,1211,950,TCGTTTGGAACGGTAGGCAG,261,1852122
hyuA_predicted,0.42441860465116277,243,171,CCGTACGCACCAATGAGATT,72,1828936
hyuA_predicted,0.11585365853658537,181,163,ACGTAGGAGCATTTGCTGAT,18,1831985
hyuA_predicted,0.7643312101910829,275,156,CTATAGATAGGCCCAACCTA,119,1842598
hyuA_predicted,0.3028169014084507,183,141,AGCGGGGTTATCTTACGCAG,42,1839382
hyuA_predicted,0.3262411347517731,185,140,CCTGTCCTGCTGGGCAATGC,45,1829318
hyuA_predicted,1.0757575757575757,272,131,CTTAAGGTATTAATTGGCCT,141,1840052
hyuA_predicted,0.3106060606060606,171,131,AAGATCGAGCTGCAAGGGCA,40,1849233
hyuA_predicted,0.40458015267175573,182,130,TCAGCCCTTTGGTTTATTTA,52,1850404
hyuA_predicted,0.11382113821138211,135,122,CCCTATTTACCCTGTTTCGC,13,1830169
hyuA_predicted,0.6293103448275862,187,115,TAGATCGTGTCCAGTGCCCC,72,1852377
hyuA_predicted,0.25,143,115,ATTGCTCAGTTTGGTACTTA,28,1872536
hyuA_predicted,0.32456140350877194,149,113,CTACTATAGACTGAGCCTGA,36,1837797
hyuA_predicted,0.07207207207207207,117,110,ATGTCAGAAGTAGATAAACT,7,1857876
hyuA_predicted,0.3076923076923077,134,103,GCAGTCCCTAAAAACCCCCG,31,1848554
hyuA_predicted,0.32,130,99,CACGGTCATTGTCATATCGT,31,1829360
hyuA_predicted,0.37755102040816324,133,97,TTTGTCTGCTGGAGGTGAAG,36,1829803
hyuA_predicted,0.4897959183673469,144,97,TGAGTTAAAGGTTCATTGTA,47,1863863
hyuA_predicted,0.041237113402061855,99,96,TTCACCGCGAGTAGGAATAA,3,1863904
hyuA_predicted,0.16494845360824742,111,96,GCGTCATCGTGTAACCTCCA,15,1829828
hyuA_predicted,0.8762886597938144,180,96,GAGTGAATGTCAGAGCGATT,84,1835739
hyuA_predicted,0.1958762886597938,114,96,AAACACTTACCGTAGTTAAT,18,1843392
hyuA_predicted,0.3157894736842105,123,94,CAATAACCCACATAGGCCTA,29,1850224
hyuA_predicted,0.3118279569892473,120,92,TCTCAGACGTGCCGAAGGTT,28,1857780
hyuA_predicted,0.5591397849462365,143,92,TCCGATAACGGATCTCAAAC,51,1829097
hyuA_predicted,0.4731182795698925,135,92,GTAACAGTGCGTTACATTAC,43,1831925
hyuA_predicted,0.07608695652173914,97,91,TCAAGACAATGGAGCTTGCT,6,1851720
hyuA_predicted,0.31521739130434784,119,91,CGTTTCGTTGAGTTGTTTAA,28,1840260
hyuA_predicted,0.14130434782608695,103,91,CAGGGGTATCCTTTATGTGG,12,1841668
hyuA_predicted,0.391304347826087,126,91,ATAGGTGATCGCCCACGTTG,35,1836640
hyuA_predicted,0.32222222222222224,117,89,GGTGAACAGGCCATGTGGGT,28,1830487
hyuA_predicted,0.24444444444444444,110,89,CAGACGCTCGCCTAGAAGTA,21,1832788
hyuA_predicted,0.9333333333333333,172,89,ACCTTTCGTTACTTGGATTA,83,1839668
hyuA_predicted,0.24719101123595505,109,88,GTCTACATGAGTCAACCTGT,21,1843982
hyuA_predicted,0.0898876404494382,95,88,AGCCTGGAGCCGCTGGGACG,7,1839559
hyuA_predicted,0.5909090909090909,138,87,TCGGCATCTCGGCAGACTAT,51,1843893
hyuA_predicted,0.8181818181818182,158,87,GTCACAAACCTTTCGGCCTT,71,1832287
hyuA_predicted,0.7816091954022989,153,86,AGGGTTTACATGGCAAACCT,67,1835464
hyuA_predicted,0.14942528735632185,98,86,ACTGAGTGTGGTCCCTTCTT,12,1837092
hyuA_predicted,0.16279069767441862,98,85,GGACATCGCATTGGCTTCAT,13,1864592
hyuA_predicted,0.5116279069767442,128,85,GATTCTCCCAACAGAAGGAC,43,1833075
hyuA_predicted,0.19767441860465115,101,85,CGGCGGACAGATTCTGCACC,16,1836241
hyuA_predicted,0.27906976744186046,108,85,ATATCCCCATGAAAGCCGCT,23,1832910
hyuA_predicted,0.11764705882352941,93,84,TGGAATACGGGGAGGTCGCT,9,1834778
hyuA_predicted,0.3333333333333333,110,83,TGGTGTCTTATAGAATTCAC,27,1871656
hyuA_predicted,0.3333333333333333,110,83,TACCATATGATTATTCGTTT,27,1854020
hyuA_predicted,0.1927710843373494,97,82,GTGTCCATCTTTGGCCCGTA,15,1846518
hyuA_predicted,0.18072289156626506,96,82,GTGATTGTTCTTATCCCGGT,14,1854226
hyuA_predicted,0.6746987951807228,137,82,GTCTCCACTCAACGCGGGTA,55,1850164
hyuA_predicted,0.07317073170731707,86,81,CTGTTGCGTGTCCTGGTAAA,5,1830309
hyuA_predicted,0.2073170731707317,97,81,CTAAGGATCCGGTCGGGATA,16,1831251
hyuA_predicted,0.3170731707317073,106,81,CCCGCAGCTTCTACTGAGTG,25,1828906
hyuA_predicted,0.2926829268292683,104,81,ACAGGAGTCAGCTAGATAAT,23,1859477
hyuA_predicted,0.5925925925925926,127,80,TTGCTGTGCAAGTAGATTTT,47,1834988
hyuA_predicted,0.3333333333333333,106,80,TCCGATTAAATGTAGTGCGG,26,1874896
hyuA_predicted,0.41975308641975306,113,80,TCCCACATACTTAGCGTCGT,33,1833043
hyuA_predicted,0.13580246913580246,90,80,AGCATATACTTAGTTTATCA,10,1848696
hyuA_predicted,0.575,124,79,GTTTTTAATGTCCTCCCAAT,45,1871198
hyuA_predicted,0.4050632911392405,109,78,TTATTACGGGCCGGCAGAAC,31,1838383
hyuA_predicted,0.31645569620253167,102,78,CTGGAAGGGATAACAGATCG,24,1849778
hyuA_predicted,0.4050632911392405,109,78,CGGTAGGTACCATGGCAGTA,31,1851030
hyuA_predicted,0.22784810126582278,95,78,AACGTGTGTGAGCCTCGTTG,17,1857870
hyuA_predicted,0.10256410256410256,84,77,CTGAAAAAGCGCGCTCGCAG,7,1834007
hyuA_predicted,0.23076923076923078,94,77,CCCGAACGTAAACGCAAGAA,17,1841211
hyuA_predicted,0.24675324675324675,94,76,CGTAGGAATAGTACCGCCAT,18,1840493
hyuA_predicted,0.03896103896103896,78,76,CCCACCCGTAAGCGGCGCGC,2,1833746
hyuA_predicted,0.6103896103896104,122,76,AGGTCATGAATCCTCTCGTT,46,1846822
hyuA_predicted,0.5194805194805194,115,76,AGCGTAATAACGTATCCTTT,39,1835903
hyuA_predicted,0.5974025974025974,121,76,AACCTTACCCCGCGCAGGCC,45,1853635
hyuA_predicted,0.11842105263157894,83,75,AGTGGTCTTCAGTCTGGTAT,8,1835461
hyuA_predicted,0.22666666666666666,90,74,GTATACGACGCCCAGGCACA,16,1873969
hyuA_predicted,0.4533333333333333,107,74,CTTAATCCGTAGAAGTGAAG,33,1870348
hyuA_predicted,0.32,97,74,CCGCGAGGTGAATTTTAACA,23,1853134
hyuA_predicted,0.56,115,74,AGTCGCAAAACGGATATGGT,41,1846010
hyuA_predicted,0.96,145,74,AGCATGCCTATAACTAAGAA,71,1840957
hyuA_predicted,0.1891891891891892,86,73,TCAAGTTGGGGCGTATGTCG,13,1854780
hyuA_predicted,0.3918918918918919,101,73,CATACACCATCGTGTTCCTA,28,1840583
hyuA_predicted,0.0821917808219178,77,72,TCTTTTCGACTAAATGACTA,5,1875707
hyuA_predicted,0.8493150684931506,133,72,TCAGGCAGTTCCTAAGTCTT,61,1848665
hyuA_predicted,0.2465753424657534,89,72,GTTAGGGCAAGTGGCATGTA,17,1867506
hyuA_predicted,0.4657534246575342,105,72,GTCGCCCTTACGACCTCAAA,33,1853329
hyuA_predicted,0.7397260273972602,125,72,GGCCTCACCATCTTACGTCT,53,1856240
hyuA_predicted,0.1095890410958904,79,72,CCAGGCCCAAGCGCGTTGGG,7,1860650
hyuA_predicted,0.0821917808219178,77,72,CATTAAAATTTAGCCGTACT,5,1829193
hyuA_predicted,0.0273972602739726,73,72,ATAGGATCCAGCTGGGACAT,1,1850405
hyuA_predicted,0.7534246575342466,126,72,AAGCAGTGTCTACGTTATCA,54,1842027
hyuA_predicted,0.1917808219178082,85,72,AACACACTGGCCCCTGGGAC,13,1865727
hyuA_predicted,1.0555555555555556,146,71,TGGCTTGGCTCGCGCACCTT,75,1829679
hyuA_predicted,0.05555555555555555,74,71,TAATGTATTGCTCGGAACAT,3,1857238
hyuA_predicted,0.7777777777777778,126,71,CTGTCGGATCGGCAGATTGA,55,1829835
hyuA_predicted,0.2916666666666667,91,71,AGTGGGGGTTGGAAGGGAGT,20,1832820
hyuA_predicted,0.2638888888888889,89,71,AGCACTACTACACACTCCAT,18,1866923
hyuA_predicted,0.7638888888888888,125,71,AGATGAAAATTGGTACCTCA,54,1832695
hyuA_predicted,0.23943661971830985,86,70,TTTTCCAGGTGAGCCATTAG,16,1849074
hyuA_predicted,0.16901408450704225,81,70,GCTCCCATACTAGGTCATGT,11,1859037
hyuA_predicted,0.5492957746478874,108,70,GCGATTTTACCGTCCTCGAT,38,1832497
hyuA_predicted,0.9154929577464789,134,70,CCTTGCATGCACCAGTGACA,64,1832613
hyuA_predicted,0.352112676056338,94,70,AGGGACGATACAGTATCGGA,24,1831333
hyuA_predicted,0.18571428571428572,81,69,GTCCGGCGTTTAGATGTAGT,12,1829581
hyuA_predicted,0.4857142857142857,102,69,GCACTGGGAATAAGATAAGT,33,1830088
hyuA_predicted,0.45714285714285713,100,69,GACTTATGCCAGGAATTCTC,31,1846519
hyuA_predicted,0.24285714285714285,85,69,CTGACGGCAGAGGCTGTCTA,16,1851222
hyuA_predicted,0.02857142857142857,70,69,CGAGTCTACGGTTAAGGCGT,1,1842016
hyuA_predicted,0.3,89,69,CCTTCTCATCGCAGGTCTAT,20,1841178
hyuA_predicted,0.18571428571428572,81,69,ATGATAATTTCGGTCTGGTC,12,1862087
hyuA_predicted,0.4,96,69,AAATCTGAATATGTGAGCTA,27,1845938
hyuA_predicted,0.463768115942029,99,68,CACTGGACTAACGATACTAT,31,1830283
hyuA_predicted,0.6521739130434783,112,68,AGTGGATCGGCCGCTATTAA,44,1836881
hyuA_predicted,0.2753623188405797,86,68,ACAAGGAGCTTAGTACAGGA,18,1860298
hyuA_predicted,0.36764705882352944,91,67,GCACACACTTGCATAGATAA,24,1841246
hyuA_predicted,0.2647058823529412,84,67,AGACGGACTTCAAGGTCTTT,17,1854570
hyuA_predicted,0.26865671641791045,83,66,TGATTTCGACTATTTCCAAT,17,1873631
hyuA_predicted,0.26865671641791045,83,66,GCTTCACTCATGCGTACGTG,17,1854978
hyuA_predicted,0.1044776119402985,72,66,AGCTAAATCAATCCATTCCA,6,1870373
hyuA_predicted,0.44776119402985076,95,66,AACATGTGTGTTCGAACCCA,29,1841210
hyuA_predicted,0.24242424242424243,80,65,TTGTTCGTAGAGGGGTAAAT,15,1841005
hyuA_predicted,0.4696969696969697,95,65,TGGACAACGGGTTGTTTATT,30,1863203
hyuA_predicted,0.2727272727272727,82,65,TCCCGTGGAACTGCCCGTAA,17,1831401
hyuA_predicted,0.12121212121212122,72,65,GGGCCTCCTTGGTAGAGAAT,7,1873042
hyuA_predicted,0.24242424242424243,80,65,GCAGAACGTGCCCAAAGTAA,15,1837453
hyuA_predicted,0.45454545454545453,94,65,CAGAAGCTGATCATGCTACT,29,1841466
hyuA_predicted,0.09230769230769231,69,64,GGCTACGAATACGTCGATGT,5,1866648
hyuA_predicted,0.24615384615384617,79,64,GCAGCATTAGTAACATTCTA,15,1862228
hyuA_predicted,0.03076923076923077,65,64,GAGTAGGTTCCTCTTGATCA,1,1843938
hyuA_predicted,0.46875,92,63,TTCGATATGACTCGGGAGTA,29,1835253
hyuA_predicted,0.03125,64,63,TGACGTACGTCTGCCGCTTC,1,1835778
hyuA_predicted,0.28125,80,63,TATACTCTCAAGTGTAGAGT,17,1838642
hyuA_predicted,0.390625,87,63,GGAGCTACTCATTCAAGACC,24,1838042
hyuA_predicted,0.171875,73,63,GAAATATCTGCGTCGCACGT,10,1862231
hyuA_predicted,0.09375,68,63,CTGCCCTCACTCCGTTCTGT,5,1860084
hyuA_predicted,0.0625,66,63,CTCTGATCGCAGGTTCGTTT,3,1830966
hyuA_predicted,0.140625,71,63,ATGAAGGACACAGGCGCCCT,8,1841704
hyuA_predicted,0.046875,65,63,AGCCCCGATCCAAGCAGTTA,2,1837960
hyuA_predicted,0.24193548387096775,75,61,TCGGGTCTTAAGCAACAGAT,14,1847905
hyuA_predicted,0.532258064516129,93,61,TATTAGCGGAAAAACGGCTA,32,1833494
hyuA_predicted,0.46774193548387094,89,61,GTAAAAAGTTAGTGGTAAGT,28,1853494
hyuA_predicted,0.41935483870967744,86,61,GCAAGGCTGTAACTGAGCGT,25,1871143
hyuA_predicted,0.5483870967741935,94,61,GAACGTCTCAGGTAATTGTT,33,1848746
hyuA_predicted,0.4838709677419355,90,61,CTTCTCGGTGGTACGATAAC,29,1862029
hyuA_predicted,0.6129032258064516,98,61,CTCGGGGTTTCGGTGACGGT,37,1849152
hyuA_predicted,0.03225806451612903,62,61,CTACGCCGGGTCACCCCACT,1,1829119
hyuA_predicted,0.14516129032258066,69,61,CCTTAGAGCGTTCCAGTTAG,8,1836723
hyuA_predicted,0.3387096774193548,81,61,AGGGACCTGAGAGCGCTTCA,20,1830718
hyuA_predicted,1.2741935483870968,139,61,AAGATAACTCGACTTTGTGC,78,1834943
hyuA_predicted,0.3442622950819672,80,60,TCCTTAGAGGAGTTCCTTAT,20,1831860
hyuA_predicted,0.22950819672131148,73,60,TAACAGGGGTGTAACCGAGG,13,1848732
hyuA_predicted,0.9508196721311475,117,60,GATCTCGATGTATCTGCGGT,57,1844285
hyuA_predicted,0.08196721311475409,64,60,CGAAGTCGAAAACTGCAAAG,4,1840299
hyuA_predicted,0.39344262295081966,83,60,AATAGTCATCTGTGTTTGAT,23,1840891
hyuA_predicted,0.55,91,59,CGTTAAGTAACGAACGTTTT,32,1833227
hyuA_predicted,0.23333333333333334,72,59,CGGTGTAGCCACTGCTTCTT,13,1850636
hyuA_predicted,0.55,91,59,CGGAGTGACCGCAAAACTTG,32,1844674
hyuA_predicted,0.9,112,59,CACCAGCTCGGGCCTCACGA,53,1869009
hyuA_predicted,0.08333333333333333,63,59,AATTCGTAACCTTGGGAGAC,4,1838261
hyuA_predicted,0.06779661016949153,61,58,GTCTCGACTCGACTTCGCAA,3,1865004
hyuA_predicted,0.1694915254237288,67,58,CCCCTTCGTCGAGCAATACC,9,1832201
hyuA_predicted,0.1864406779661017,68,58,ATCATAATAATGGGCTGCCT,10,1860572
hyuA_predicted,0.4915254237288136,86,58,ATATGGCAGCTTCTGACGGA,28,1841647
hyuA_predicted,0.23728813559322035,71,58,AGGTAGGAGCTTACCGTAAT,13,1836681
hyuA_predicted,0.4915254237288136,86,58,ACTATGCTGATCAGATACAT,28,1864929
hyuA_predicted,0.8620689655172413,106,57,TCGGAGAGTTTCTCGTAGTC,49,1844847
hyuA_predicted,0.5862068965517241,90,57,TCAATCGAAGATCCAGGTGT,33,1855355
hyuA_predicted,0.27586206896551724,72,57,GCATTCTGACCCTCTGCATA,15,1852091
hyuA_predicted,0.6206896551724138,92,57,CCTTAAGGCTATGGAGTCCA,35,1834556
hyuA_predicted,0.27586206896551724,72,57,CCGAAGGTCCCCAAGGTACG,15,1854230
hyuA_predicted,0.5344827586206896,87,57,AGCCTCATCGACCCGAGCCT,30,1837207
hyuA_predicted,1.1379310344827587,122,57,AGACTTTATCATCTTTAACT,65,1840163
hyuA_predicted,0.5789473684210527,88,56,TAATGCGGGTTTCGGTTCTG,32,1856123
hyuA_predicted,0.9298245614035088,108,56,GTGTCCATACCGCCAAACCT,52,1832571
hyuA_predicted,0.19298245614035087,66,56,GTCTGCCAAAAAAGGGTCTC,10,1859876
hyuA_predicted,0.03508771929824561,57,56,CATTCGAGAGACCCTACATT,1,1829680
hyuA_predicted,0.7894736842105263,100,56,CAGCCCCTTCTTTTTTTCTG,44,1830039
hyuA_predicted,0.9824561403508771,111,56,ATTGCGTTTGTAGCCCCCTT,55,1830240
hyuA_predicted,0.45614035087719296,81,56,ATCGTTATATCGCCCGCCAG,25,1831012
hyuA_predicted,0.03508771929824561,57,56,AGCATTTACCAGGAACCTCT,1,1838017
hyuA_predicted,0.6140350877192983,90,56,ACTCTCGGCGGGAGTAAAAT,34,1828908
hyuA_predicted,0.19298245614035087,66,56,ACGTGCACCTAAGAAATAGT,10,1851089
hyuA_predicted,1.2982456140350878,129,56,ACACCAACTCCTATTCGAGG,73,1836364
hyuA_predicted,0.8392857142857143,101,55,GAATAATGCTTTCAGAACCT,46,1845929
hyuA_predicted,0.8928571428571429,104,55,CGTTGCCCAATGAGCGTCGT,49,1848153
hyuA_predicted,0.6607142857142857,91,55,AGCCAAAAGTGCAGCAAGAA,36,1837943
hyuA_predicted,0.2909090909090909,69,54,TTTTGAACGTGGTCAAGCAA,15,1848785
hyuA_predicted,0.4909090909090909,80,54,TTCTGTCACGGGGTTAAAAT,26,1856910
hyuA_predicted,0.5818181818181818,85,54,TCGTAACTCACCCTTTACAG,31,1843131
hyuA_predicted,0.509090909090909,81,54,TCGACTCGTCACTATTCTCA,27,1851421
hyuA_predicted,0.2909090909090909,69,54,TCCATCGTAGGGCGAAGCGT,15,1837034
hyuA_predicted,0.6363636363636364,88,54,TCATATTACCCCAGGGATAT,34,1860976
hyuA_predicted,0.2,64,54,CGGGGAGGGCGGGGACAGTT,10,1833092
hyuA_predicted,1.2545454545454546,122,54,CGAAAAATGGGTGACTTAAA,68,1867462
hyuA_predicted,0.10909090909090909,59,54,CACTTAGCCCTCTATCCACG,5,1838080
hyuA_predicted,0.8,97,54,ACGGTAGGTTTTTGTCTTAT,43,1847476
hyuA_predicted,0.21818181818181817,65,54,ACCGCTTCCATCATTCAAGG,11,1859698
hyuA_predicted,0.34545454545454546,72,54,AAGTCCTATGGCTGTGGGCG,18,1856648
hyuA_predicted,0.9629629629629629,104,53,GGTAAAAGGGGCGAGTGTTG,51,1829949
hyuA_predicted,0.037037037037037035,54,53,GCGGGTTTGCGATCCGGCAA,1,1857054
hyuA_predicted,0.48148148148148145,78,53,CGTCACTCTATAGCATACGA,25,1844373
hyuA_predicted,0.37037037037037035,72,53,CGAATAAATTGGAAGGAGTA,19,1829367
hyuA_predicted,0.6111111111111112,85,53,CATGGGTTCATGGCGGTTTT,32,1838541
hyuA_predicted,0.4074074074074074,74,53,CAATCAGTGTGGTTCAGAGC,21,1835373
hyuA_predicted,0.12962962962962962,59,53,ATGTATAAACGGTGCTTGTG,6,1840695
hyuA_predicted,0.18518518518518517,62,53,AATCCACATTCAATATGTAA,9,1830772
hyuA_predicted,0.4528301886792453,75,52,TCGAACACGGTATACGTCTG,23,1854311
hyuA_predicted,0.24528301886792453,64,52,GGTTAAGCGCCAGGAGGCAA,12,1842728
hyuA_predicted,0.18867924528301888,61,52,GGCCACCTGAGACATTCAAG,9,1842990
hyuA_predicted,0.39622641509433965,72,52,GCTAAGAAATTTTGTTCTTT,20,1866401
hyuA_predicted,0.3584905660377358,70,52,GAAATGAGGGCTACGTGCTT,18,1843235
hyuA_predicted,0.03773584905660377,53,52,CTGTTTCCCGTTAGGGGTGT,1,1872872
hyuA_predicted,0.16981132075471697,60,52,CTCCATGACAAAAGACTTAT,8,1847998
hyuA_predicted,0.39622641509433965,72,52,CGGTTGTGCACATTGTCCCA,20,1845595
hyuA_predicted,0.03773584905660377,53,52,CGGTCGATACGCCTCTGTAA,1,1848727
hyuA_predicted,0.16981132075471697,60,52,AGTCGCATTGGCACAGCTCG,8,1834421
hyuA_predicted,0.3076923076923077,66,51,TCGACTTAAAGCGTCCATGT,15,1852956
hyuA_predicted,0.6923076923076923,86,51,GTCACGTTAGGGGGGTAAAG,35,1841771
hyuA_predicted,0.7307692307692307,88,51,GGTGGGTGAATCTGCCTCTT,37,1868124
hyuA_predicted,0.3269230769230769,67,51,GGGGAATGCCTCGAGCATGT,16,1831008
hyuA_predicted,0.6923076923076923,86,51,GGACTGGGAATCTCTAGGCT,35,1846460
hyuA_predicted,0.6153846153846154,82,51,GCGCATGGTAATATTCAGAA,31,1841431
hyuA_predicted,0.09615384615384616,55,51,GCCGATTCCTCGCTCCGTAA,4,1843850
hyuA_predicted,0.6153846153846154,82,51,CTCGAATATTGCCGGCAAGT,31,1867155
hyuA_predicted,0.4230769230769231,72,51,CTACACTGTCCCGCCGTTTT,21,1873479
hyuA_predicted,0.9038461538461539,97,51,CGGGTCCTGGTGAGATGATT,46,1861122
hyuA_predicted,0.21153846153846154,61,51,CGGATGATGGATTTATGGGA,10,1855592
hyuA_predicted,0.40384615384615385,71,51,CACGTGTAAATTGAACTACT,20,1856478
hyuA_predicted,0.40384615384615385,71,51,ACGATTATAAAGTTCGGGGA,20,1852087
hyuA_predicted,0.09615384615384616,55,51,AACTGCAATATCGGAAGTAC,4,1846529
hyuA_predicted,0.09803921568627451,54,50,GTATCCCGCCTTGGACAACT,4,1850597
hyuA_predicted,0.4117647058823529,70,50,GTACACCAAGGCTTGTCAAT,20,1846468
hyuA_predicted,0.058823529411764705,52,50,GGTAGGATAAACTCGGCCAC,2,1853689
hyuA_predicted,0.058823529411764705,52,50,CTACTGATCCGATGGCGCCA,2,1841869
hyuA_predicted,0.058823529411764705,52,50,CGGTTAGAAATATAAGGCGT,2,1834909
hyuA_predicted,0.21568627450980393,60,50,CGCTTGGAAGGCCTGCGGGG,10,1837973
hyuA_predicted,0.37254901960784315,68,50,CCCGTCAGGGGTCCATCCAA,18,1835780
hyuA_predicted,0.27450980392156865,63,50,CAAAGCATTTGTTTCGATAG,13,1846461
hyuA_predicted,0.0392156862745098,51,50,ATGGCAGAATACCTAAATCC,1,1829371
hyuA_predicted,0.6666666666666666,83,50,AGGGATGCACGTTACGTGAG,33,1877856
hyuA_predicted,0.35294117647058826,67,50,ACTAGGAATAGGTGCTGATC,17,1832114
hyuA_predicted,0.27450980392156865,63,50,AATGACAGTCTTAGGGGGCT,13,1864343
hyuA_predicted,1.0980392156862746,105,50,AAGGGGCGCAGGTCTATCAC,55,1865914
hyuA_predicted,0.14,55,49,TTTTGTTAGGGGATCGCCAT,6,1843904
hyuA_predicted,0.1,53,49,TTCGACGCCCTATAGACGTA,4,1844844
hyuA_predicted,0.28,62,49,TGGGCGGCCCGCTACTGGCT,13,1841918
hyuA_predicted,0.18,57,49,TGATGCCCACCCAAGGTCTA,8,1865504
hyuA_predicted,0.48,72,49,TCCTCCGCACATAACTCGTT,23,1876783
hyuA_predicted,0.34,65,49,TCCGAGGTGACGTCACCGTT,16,1842152
hyuA_predicted,0.2,58,49,TCATAATCATAGTTACTCCA,9,1833252
hyuA_predicted,0.32,64,49,TACTTGATCTTCTTCACTTA,15,1837027
hyuA_predicted,0.34,65,49,GGACAGAAGGCTGTCAGTAA,16,1829681
hyuA_predicted,0.62,79,49,GCTCGGCCGATGGATCCCAA,30,1852970
hyuA_predicted,0.38,67,49,GACGAGGTAAGCACCGGCCA,18,1844245
hyuA_predicted,0.12,54,49,CTTCAGTGTATGCGCAAGAG,5,1870582
hyuA_predicted,0.78,87,49,CACGTCCGCTTGAGTACCAG,38,1835904
hyuA_predicted,0.54,75,49,CACCCTTTCCCCCTAATGCA,26,1846914
hyuA_predicted,0.12,54,49,AGAGTCACCTCTCATCGAAA,5,1845691
hyuA_predicted,0.04,50,49,AGACCTCATTGACTGAAACC,1,1876896
hyuA_predicted,0.26,61,49,ACATACATTTGCGGGGGAAT,12,1832322
hyuA_predicted,0.34,65,49,AACTTGCGATTGCCCAACTT,16,1839385
hyuA_predicted,0.04,50,49,AAAGTCGAGTTATTCAGAGT,1,1862447
hyuA_predicted,0.6326530612244898,78,48,TTTGAGACGACTTCCGGTCT,30,1862765
hyuA_predicted,0.24489795918367346,59,48,TTCCTACAACGCAAAGGAAG,11,1830649
hyuA_predicted,0.16326530612244897,55,48,TGTCATGGCCTGATTTAGTT,7,1872818
hyuA_predicted,0.5306122448979592,73,48,TCGGCTTCATCTAGTAACAG,25,1837634
hyuA_predicted,0.5510204081632653,74,48,GTTAACCCGTGCATCCGAGG,26,1829060
hyuA_predicted,0.7551020408163265,84,48,GTACTTAAACCAGTGCTCTA,36,1867717
hyuA_predicted,0.5102040816326531,72,48,GAGTTAACCTATCCCGAAAC,24,1836995
hyuA_predicted,1.163265306122449,104,48,GAGATATAGTCGTTCAACCT,56,1839334
hyuA_predicted,0.3469387755102041,64,48,GACATGTCCCATAGGACAAC,16,1851282
hyuA_predicted,0.24489795918367346,59,48,CGCTATACCCCAGATCGCTC,11,1829605
hyuA_predicted,1.163265306122449,104,48,CCTGCCTATTCGAAAAGAAT,56,1830905
hyuA_predicted,0.2653061224489796,60,48,CATCCCAGTGACCTTGGCGT,12,1842245
hyuA_predicted,0.041666666666666664,48,47,TGCTCAGGGCGACTGCGGAA,1,1854308
hyuA_predicted,0.16666666666666666,54,47,TCTATACTGTTCCCGACTCC,7,1839071
hyuA_predicted,0.10416666666666667,51,47,TATCCAGCAGACTTCAAAAT,4,1856986
hyuA_predicted,0.125,52,47,GTTAAGTAAGACTCATCGAT,5,1838419
hyuA_predicted,0.4166666666666667,66,47,GGGACGATCCACACGGTAAT,19,1870778
hyuA_predicted,1.1875,103,47,GCTTTTCGTTAGATAATGTG,56,1867474
hyuA_predicted,0.041666666666666664,48,47,GCATGAAATAGGAGAATGTC,1,1848114
hyuA_predicted,0.16666666666666666,54,47,CTTTTTAATATTATGGGGTG,7,1828973
hyuA_predicted,0.3125,61,47,CTGCGGCACCCCGCAAGCCC,14,1864063
hyuA_predicted,0.22916666666666666,57,47,CTGAAGGTGAGTAGACCCGG,10,1871680
hyuA_predicted,0.0625,49,47,CGGGCTTACACCTTGGGGAT,2,1852441
hyuA_predicted,0.5833333333333334,74,47,CCCGAACATGTCGTACTTAT,27,1836238
hyuA_predicted,0.1875,55,47,CCACGGGTGGCCGAAATGGT,8,1863243
hyuA_predicted,0.2708333333333333,59,47,ATCCCGCCTGCTCATACTAT,12,1834183
hyuA_predicted,0.0625,49,47,AGCTGCATTTCATTGTTCTC,2,1866378
hyuA_predicted,0.875,88,47,ACGTTACATTAGTCACGACC,41,1838417
hyuA_predicted,0.14583333333333334,53,47,ACATACTCAGTGCTCGGAAA,6,1835562
hyuA_predicted,0.3333333333333333,62,47,AATACGCCTGTGCCAAAGTC,15,1860251
hyuA_predicted,0.5106382978723404,69,46,TTGACAGGTTCCTCAATACT,23,1849883
hyuA_predicted,0.1702127659574468,53,46,TTATATCCTTTTGTGCCGAT,7,1854132
hyuA_predicted,0.0425531914893617,47,46,TGACCTCGCCAATCGAATCA,1,1831255
hyuA_predicted,0.7021276595744681,78,46,GGTGGATGTAAGAATGCGGT,32,1837341
hyuA_predicted,0.0425531914893617,47,46,GGACCTCTCACGCCTACATC,1,1877844
hyuA_predicted,1.3829787234042554,110,46,GCTCGGAGGTTTCTAAACCT,64,1835212
hyuA_predicted,0.2127659574468085,55,46,GCTCATACTCCGGTGTTGAT,9,1832908
hyuA_predicted,0.2127659574468085,55,46,CTTTTCTAGGTTCGACATAA,9,1830654
hyuA_predicted,0.3829787234042553,63,46,CTTACAGATTCCAGCTATCA,17,1863225
hyuA_predicted,0.6170212765957447,74,46,CTGGTAAAGTACTTCTGCGT,28,1869968
hyuA_predicted,0.1702127659574468,53,46,CTGCGGGAGTAATCTGAGAG,7,1853653
hyuA_predicted,0.44680851063829785,66,46,CTCCGGGTTTCAGGCCAAAC,20,1832357
hyuA_predicted,0.8723404255319149,86,46,CTATTCATCTAGTGTAACGT,40,1837893
hyuA_predicted,0.2765957446808511,58,46,ATTCACGCTGTGAGCAATAA,12,1851164
hyuA_predicted,0.7021276595744681,78,46,AAACCAGGATAAGTCGTCAA,32,1834097
hyuA_predicted,1.434782608695652,110,45,TTTAATTCGACACCTCCTCA,65,1856798
hyuA_predicted,0.15217391304347827,51,45,TTGATCGTCCAGGGTCCTAG,6,1828886
hyuA_predicted,0.32608695652173914,59,45,TTAACTCAGGATCGTTGCGC,14,1829363
hyuA_predicted,1.4130434782608696,109,45,TGGACAGGTAGGCCAGCGAA,64,1836511
hyuA_predicted,0.2826086956521739,57,45,TAGCGATGGAGTGAGAATGA,12,1844423
hyuA_predicted,0.6304347826086957,73,45,GTTTTAATCTGTACCTCATC,28,1876497
hyuA_predicted,0.7391304347826086,78,45,GTGAGTCGTACTTAGGATGT,33,1866735
hyuA_predicted,0.13043478260869565,50,45,GGGACGATGGTGTGCTGCCC,5,1858040
hyuA_predicted,0.4782608695652174,66,45,GGCCTGGTCAATGGTATGAA,21,1849262
hyuA_predicted,0.1956521739130435,53,45,GGATCCCTTGATCGCAGATA,8,1835520
hyuA_predicted,0.782608695652174,80,45,GCTTAAATATTGCGCTTCTC,35,1837090
hyuA_predicted,0.8478260869565217,83,45,CTACGGCGGTGTGCGCTCTT,38,1870685
hyuA_predicted,0.043478260869565216,46,45,CCCCTGACAAGGAGGAACGT,1,1870856
hyuA_predicted,0.1956521739130435,53,45,CCATGAACCATACAGTGTTT,8,1842636
hyuA_predicted,0.1956521739130435,53,45,CATTTTCGTGGCAACACTCA,8,1851654
hyuA_predicted,0.43478260869565216,64,45,CATGAACGGGAGGGGTGCTT,19,1862457
hyuA_predicted,0.5652173913043478,70,45,CACGACCAACAGTGTGCCCT,25,1842989
hyuA_predicted,0.5869565217391305,71,45,ATGGCACCCGCACTCCGACT,26,1838117
hyuA_predicted,0.17391304347826086,52,45,ATCTAGGCAGCATATGCGAT,7,1851031
hyuA_predicted,0.06521739130434782,47,45,ATACAGCCAGTTCGCAATAA,2,1836457
hyuA_predicted,0.10869565217391304,49,45,ACTGAGTACCCGAGAGACTG,4,1842014
hyuA_predicted,0.06521739130434782,47,45,ACCTCCCCGATGGGTGTAAA,2,1873511
hyuA_predicted,0.41304347826086957,63,45,ACAAGAGCGCAGGGAGGTCA,18,1835955
hyuA_predicted,0.3695652173913043,61,45,AATCTAGTTGAGTATATGGT,16,1875895
hyuA_predicted,0.3695652173913043,61,45,AACTGCTATTCCACAAAGCC,16,1843915
hyuA_predicted,0.35555555555555557,59,44,TTGAACGGAGAAGTCTGGCT,15,1835255
hyuA_predicted,0.1111111111111111,48,44,TGTGCCTAAGCCGCTTTACT,4,1874144
hyuA_predicted,0.24444444444444444,54,44,TGCCTTGAACCCTGCGCTGA,10,1847077
hyuA_predicted,0.3333333333333333,58,44,TATCAATAACGGCTACCAGA,14,1872644
hyuA_predicted,0.37777777777777777,60,44,TAATCCGTTTACGGGTCACA,16,1875210
hyuA_predicted,0.044444444444444446,45,44,GTTCACGATGGAACGATCGT,1,1861099
hyuA_predicted,0.06666666666666667,46,44,GGAGGCGAAATAAGGCTAGT,2,1844114
hyuA_predicted,0.8,79,44,GCTTTAACTCAAATTTAAAT,35,1857026
hyuA_predicted,0.4666666666666667,64,44,CTTGGTATACTTAAATAATC,20,1875489
hyuA_predicted,0.17777777777777778,51,44,CTCCGCGGAAGAACCACGAA,7,1874657
hyuA_predicted,0.3111111111111111,57,44,CGAGCGCCGTGTTCTCGATT,13,1847819
hyuA_predicted,0.5555555555555556,68,44,CATACATCAGCAAGGCCAAG,24,1832127
hyuA_predicted,0.28888888888888886,56,44,ATGACATTTGTTCACCATCC,12,1860060
hyuA_predicted,0.4444444444444444,63,44,ATCCAGGCTCCTTTTCCTTA,19,1860447
hyuA_predicted,0.3111111111111111,57,44,AGTAATATTCCCTTAACTCT,13,1841805
hyuA_predicted,0.5333333333333333,67,44,AGGAAAGCCTTCAACTATCT,23,1871284
hyuA_predicted,0.06666666666666667,46,44,ACCCTGTAATATCGCCCTGT,2,1840497
hyuA_predicted,0.08888888888888889,47,44,AAATAAATTCCCGATCGAAA,3,1862655
hyuA_predicted,0.1590909090909091,49,43,TTCTTGTGGTGCCGGTGGCA,6,1860446
hyuA_predicted,0.5227272727272727,65,43,TTATATGCGCTACATCTAGA,22,1857410
hyuA_predicted,0.5681818181818182,67,43,TGATTTGTCGCCTCACTCAG,24,1843150
hyuA_predicted,0.18181818181818182,50,43,TCTCTAAGGTATTTCGTACA,7,1874629
hyuA_predicted,0.6590909090909091,71,43,TCAGCGGGGATTAGGTCATC,28,1846336
hyuA_predicted,0.4318181818181818,61,43,TCAACTGAATGGATTTAATT,18,1839348
hyuA_predicted,0.18181818181818182,50,43,GTTGATTCCCTCATTGTCCC,7,1841916
hyuA_predicted,0.3409090909090909,57,43,GGTTATCGAGAGCGTGCTTG,14,1835795
hyuA_predicted,0.6363636363636364,70,43,GGGTGACATATTCGTGGTTA,27,1858802
hyuA_predicted,0.8636363636363636,80,43,GAGCGGTTGTATCTCCGGGC,37,1850406
hyuA_predicted,0.29545454545454547,55,43,CTGAACATGCGGTTTGACGA,12,1838147
hyuA_predicted,0.6363636363636364,70,43,CTCCGCGGAGTTGTTTCTTT,27,1837247
hyuA_predicted,0.4090909090909091,60,43,CTATACGGTACAGAACTCGA,17,1850152
hyuA_predicted,0.5909090909090909,68,43,CGGTGTAGGTACCGTAACAC,25,1839358
hyuA_predicted,0.13636363636363635,48,43,CCTGGACGTACGATCAATTT,5,1851799
hyuA_predicted,0.3409090909090909,57,43,CCTCAAAAACGAAAAATGGT,14,1842638
hyuA_predicted,1.5909090909090908,112,43,CCGGATTGCCAGGCTTTGAC,69,1861244
hyuA_predicted,0.6818181818181818,72,43,CCATTCGGGCGAAGGGGGAT,29,1861265
hyuA_predicted,0.2727272727272727,54,43,CCAAAGATTTACGCACGGCA,11,1841248
hyuA_predicted,0.2727272727272727,54,43,CAATAGATAGTCGCACTGTC,11,1834558
hyuA_predicted,0.3181818181818182,56,43,ATATTCGACAAGAGTCCGTC,13,1861563
hyuA_predicted,0.09090909090909091,46,43,AGAACCTGTTATCCCCTGTG,3,1832200
hyuA_predicted,0.8181818181818182,78,43,AATGTCAGCTCATCTGAACG,35,1864263
hyuA_predicted,0.3953488372093023,58,42,TCTCAATGTGGGACCCCCAA,16,1852470
hyuA_predicted,0.4186046511627907,59,42,TCACGGCATATACCTATGCT,17,1841214
hyuA_predicted,1.0232558139534884,85,42,TATCGTGTGTATTCATATTT,43,1847901
hyuA_predicted,0.046511627906976744,43,42,TAACACGCTGACAGAAACGA,1,1869767
hyuA_predicted,0.20930232558139536,50,42,GTGTGATACGTATCCATGCT,8,1863443
hyuA_predicted,0.27906976744186046,53,42,GCTAGCGGCATGGCTTTGCA,11,1860161
hyuA_predicted,0.6744186046511628,70,42,GATTATAACCTCTCAATTAA,28,1856675
hyuA_predicted,0.37209302325581395,57,42,GATACCGAGCCGTGCTTTCA,15,1870204
hyuA_predicted,0.4186046511627907,59,42,GAACATCCGTTCTAGCGGGC,17,1845062
hyuA_predicted,0.16279069767441862,48,42,CGAACACGGGGAATAAAACC,6,1834316
hyuA_predicted,0.5348837209302325,64,42,CCTTTATCACCATAAGAAAG,22,1844849
hyuA_predicted,0.7441860465116279,73,42,CCCGGTCAGCGCCCGTTGAG,31,1876674
hyuA_predicted,0.46511627906976744,61,42,ATGGTGTGGCTCGCTTGAGA,19,1835414
hyuA_predicted,0.4418604651162791,60,42,AGTCAGACCGCACCGCGGAG,18,1863902
hyuA_predicted,0.8372093023255814,77,42,ACAGGTACGTTGGGCTTGAT,35,1860798
hyuA_predicted,0.18604651162790697,49,42,AACCCATCGGTGTGAGCTGC,7,1836150
hyuA_predicted,0.5,61,41,TTGGCCCCAGATTTTCCTAA,20,1849620
hyuA_predicted,0.8571428571428571,76,41,TTGCAGGCCTGCAAGCCGTA,35,1839333
hyuA_predicted,0.5714285714285714,64,41,TTCCGTTAGCTTCAGAAGTA,23,1851224
hyuA_predicted,0.47619047619047616,60,41,TGTTATTACGATTGATGCAA,19,1839383
hyuA_predicted,1.3333333333333333,96,41,TGTCGGATTACGCTATACAG,55,1835823
hyuA_predicted,0.5,61,41,TGCTAGCTAACAATCCGAGT,20,1841420
hyuA_predicted,0.42857142857142855,58,41,GTGATCGAGTTGAACCGTTT,17,1841543
hyuA_predicted,0.9285714285714286,79,41,GTCGAGGCAGCTTAAGGGAT,38,1863423
hyuA_predicted,0.5952380952380952,65,41,CTTGTCGTGTATTGCGGGAA,24,1848041
hyuA_predicted,0.6904761904761905,69,41,CTCCAGACCCAAAGGTTAAA,28,1858951
hyuA_predicted,0.047619047619047616,42,41,ATCCAAAGGATCCTCGAACT,1,1844244
hyuA_predicted,0.19047619047619047,48,41,AGGTTATCACAGTCATTTGG,7,1848157
hyuA_predicted,0.40476190476190477,57,41,AGGGTAGTCACGAATTTCAA,16,1862947
hyuA_predicted,0.3333333333333333,54,41,ACCTTTTAATATGGAGACGT,13,1838703
hyuA_predicted,0.3333333333333333,54,41,ACCCGGAAGGAAGACTAAGA,13,1868811
hyuA_predicted,0.2619047619047619,51,41,ACCACTCGGTTTGGTGACGC,10,1872560
hyuA_predicted,0.42857142857142855,58,41,AACCTGCCAACCGGACGAAG,17,1861749
hyuA_predicted,0.1951219512195122,47,40,TGGCTTTTTGGCTCATTCAG,7,1841709
hyuA_predicted,1.170731707317073,87,40,TGCCAGTGGCGCATGACACG,47,1831886
hyuA_predicted,0.12195121951219512,44,40,TCTCTCTCGCCTGTACGACA,4,1841801
hyuA_predicted,0.1951219512195122,47,40,TCAGATGTACTTCGGCACAC,7,1852326
hyuA_predicted,0.1951219512195122,47,40,TCACGCAAGGGCTGAACGGA,7,1856680
hyuA_predicted,0.5121951219512195,60,40,TATGAGGTTACCCTACCTTC,20,1854224
hyuA_predicted,0.1951219512195122,47,40,TATCAGAGAGTTATGGGGTC,7,1841393
hyuA_predicted,0.04878048780487805,41,40,TAGACCTAGCTTCATGGAGC,1,1850544
hyuA_predicted,0.2682926829268293,50,40,TACGGACACTAGCACCTTGG,10,1872680
hyuA_predicted,0.04878048780487805,41,40,GTAAAGTAGTGTCGTTCGAT,1,1837751
hyuA_predicted,0.4146341463414634,56,40,GCCATCTGTAGTCACATTCT,16,1865822
hyuA_predicted,0.12195121951219512,44,40,GAAGGCTTTTGTCCTGATTG,4,1853561
hyuA_predicted,0.34146341463414637,53,40,CTGTCTACTGGAGTTATTCT,13,1843433
hyuA_predicted,0.43902439024390244,57,40,CTCTCTCCTGTTACCTCTAT,17,1846717
hyuA_predicted,0.14634146341463414,45,40,CGTACCAGGCGGATGCGAGT,5,1828905
hyuA_predicted,0.926829268292683,77,40,CGGTACAATAAATAACACCT,37,1851907
hyuA_predicted,0.7560975609756098,70,40,CGGCGAACGAGCCGCCGACG,30,1857837
hyuA_predicted,0.926829268292683,77,40,CGCGCGTATAAGGCAATCGG,37,1857746
hyuA_predicted,0.5853658536585366,63,40,CGCCGCTAGTCGTTTAGGCG,23,1840665
hyuA_predicted,0.7073170731707317,68,40,CCCCAGCGCCTCAGACGGTC,28,1830904
hyuA_predicted,0.4146341463414634,56,40,CATATAACTATAGACAGAAA,16,1873707
hyuA_predicted,0.1951219512195122,47,40,CAGTAGTGCCCAAGCGGGTG,7,1837769
hyuA_predicted,0.3170731707317073,52,40,CAGGTAGCTGCGTCTTCGGT,12,1875787
hyuA_predicted,0.3170731707317073,52,40,ATTGATCTTGGGGGAAGAGA,12,1833073
hyuA_predicted,0.1951219512195122,47,40,AGGATGTTTTTTTTATGAAA,7,1855618
hyuA_predicted,0.2926829268292683,51,40,ACATGTCCCTTTCTGCAAAA,11,1836363
hyuA_predicted,0.24390243902439024,49,40,AAGTTCATCGCTTCGGCGGT,9,1838772
hyuA_predicted,0.475,57,39,TTGCTATAACGTCATTTCTA,18,1865199
hyuA_predicted,0.825,71,39,TTAGTATCACTATTGGTGTA,32,1836683
hyuA_predicted,0.225,47,39,TGCTCCGGCGTTTGCCCGAA,8,1861055
hyuA_predicted,1.825,111,39,TCTATCTAGCATTTCTCGCT,72,1830243
hyuA_predicted,0.4,54,39,TCCGACGGTACATTTTCTTA,15,1871598
hyuA_predicted,0.975,77,39,TAACATGAAGGGCAGTCATT,38,1846545
hyuA_predicted,0.9,74,39,TAACAGAGGGGCTCGCTCAA,35,1834220
hyuA_predicted,0.225,47,39,GGCGTCTCCCGGCCGCTGAT,8,1870272
hyuA_predicted,0.35,52,39,GCGACGCAATCCGGTGGTCG,13,1863593
hyuA_predicted,0.15,44,39,GCCTATCTTGGATTGTAAAT,5,1875553
hyuA_predicted,0.05,40,39,GAATGACAGCTTGAGCTAAC,1,1875018
hyuA_predicted,2.15,124,39,GAACTGGCTAAAGCCGGATA,85,1849263
hyuA_predicted,0.35,52,39,GAAAACAGTGGGAGTCTCTA,13,1835679
hyuA_predicted,1.275,89,39,CTTTCACTTATGGTATTCTT,50,1839879
hyuA_predicted,0.3,50,39,CTGTTTCACATGAAGAGTGG,11,1851854
hyuA_predicted,0.375,53,39,CTAGGTCATTGCAACGTCAA,14,1838664
hyuA_predicted,0.5,58,39,CGGGCTACTGTCTTACTCTG,19,1831512
hyuA_predicted,0.925,75,39,CGATTCATGCGGAACGACGC,36,1870065
hyuA_predicted,0.225,47,39,CGATGTTGGTCCCGTAATCT,8,1847477
hyuA_predicted,0.125,43,39,CCGGACCGCGGATACCGTTT,4,1831412
hyuA_predicted,0.35,52,39,CCACTGCATTTAGCGGCGTG,13,1831335
hyuA_predicted,0.25,48,39,CAGTTACACCTTTTAATAAC,9,1860321
hyuA_predicted,1.025,79,39,CAGGCCGGAATTACGACGGA,40,1860133
hyuA_predicted,0.225,47,39,CAGCCAACCGTTGGTCGTTA,8,1873483
hyuA_predicted,0.4,54,39,CACCCGAGCCGCTCTCGAAA,15,1829253
hyuA_predicted,0.2,46,39,AGGAAGGCAGTTGCCCGAGA,7,1865003
hyuA_predicted,0.525,59,39,ACTATAGTTCTCGAGAGACA,20,1853901
hyuA_predicted,0.2,46,39,AATCCATCAGAAAAGGCCGT,7,1853664
hyuA_predicted,0.475,57,39,AAACCCGTCACCAGATTGGA,18,1868409
hyuA_predicted,0.41025641025641024,53,38,TGTGGCTTGCAGTCATATTT,15,1874602
hyuA_predicted,0.7948717948717948,68,38,TGTACGCATGCACACGCCCT,30,1862899
hyuA_predicted,0.3076923076923077,49,38,TCACTACATCGAAATCCGTC,11,1834121
hyuA_predicted,0.3076923076923077,49,38,TATTGACAATTAGCCACCGT,11,1836343
hyuA_predicted,0.6666666666666666,63,38,TATGGGAGCGGCTACTGCCC,25,1857014
hyuA_predicted,0.9487179487179487,74,38,TAATGGTGAGCCCCAGTATA,36,1851869
hyuA_predicted,0.3333333333333333,50,38,GTGATCTACCATCAACTCGC,12,1859754
hyuA_predicted,0.4358974358974359,54,38,GTCAATTGGCAAGCAGGTGT,16,1856475
hyuA_predicted,0.48717948717948717,56,38,GGTCTACTCGAGCACCCTTA,18,1852051
hyuA_predicted,0.6666666666666666,63,38,GGATACGAGGCGGTACTGTC,25,1839248
hyuA_predicted,0.9230769230769231,73,38,GCATAACGAAGCGTGTCTAT,35,1839354
hyuA_predicted,0.05128205128205128,39,38,GATTCCGGATGGACTCATTA,1,1834162
hyuA_predicted,0.28205128205128205,48,38,GACTGTGTCGGATTGACTTG,10,1862761
hyuA_predicted,0.20512820512820512,45,38,GAAACGAACTTGCCAACTTA,7,1853789
hyuA_predicted,0.7435897435897436,66,38,CGTAAAAATTACGAGGAGAT,28,1836211
hyuA_predicted,0.5384615384615384,58,38,CGGCTTCTGTTGTATCGAGT,20,1848985
hyuA_predicted,1.435897435897436,93,38,CGCCCGAGCATTCTCCGGTT,55,1831010
hyuA_predicted,1.0256410256410255,77,38,CGACTCCAAGCCACCGTCTT,39,1849198
hyuA_predicted,0.05128205128205128,39,38,CCGTCCCACTATTTTGTTCA,1,1843371
hyuA_predicted,0.05128205128205128,39,38,CCCCACTCTGTTGGGCAACT,1,1841370
hyuA_predicted,0.48717948717948717,56,38,CCCACCACTATGGAGTAGCA,18,1854576
hyuA_predicted,0.15384615384615385,43,38,CCACCTGTGGATTTGATGGA,5,1861919
hyuA_predicted,0.3333333333333333,50,38,CAGCTGTAATACCTGGCCAC,12,1848356
hyuA_predicted,0.4358974358974359,54,38,CACGCGCGTGAGAAGTCCTC,16,1841422
hyuA_predicted,0.28205128205128205,48,38,ATTTTGCACTGCTAAGGGAG,10,1866970
hyuA_predicted,0.05128205128205128,39,38,AGGTTCGTGAGGCCCGCTTT,1,1866972
hyuA_predicted,0.20512820512820512,45,38,AGGTGGGACACTGTGAACCA,7,1837344
hyuA_predicted,0.1282051282051282,42,38,AGGTATTCCACATTGTTCAT,4,1854043
hyuA_predicted,0.2564102564102564,47,38,ACTGCAGGGGATGAACAGCA,9,1844341
hyuA_predicted,0.48717948717948717,56,38,ACGCCCGCTGGTCTGGGTTA,18,1834123
hyuA_predicted,0.41025641025641024,53,38,ACAGGCTGCAATCCTGGTCC,15,1871624
hyuA_predicted,0.1794871794871795,44,38,AAGGATTCAGTCCGGAAAGC,6,1871789
hyuA_predicted,0.42105263157894735,52,37,TTGAGAAGGGACCCAAAATC,15,1846594
hyuA_predicted,0.5263157894736842,56,37,GTTCCGTGTATCCTCCTCTG,19,1850669
hyuA_predicted,0.21052631578947367,44,37,GTGAGTCTAAAAAGGAATGG,7,1863451
hyuA_predicted,0.5526315789473685,57,37,GTAGCTCGGCTCCAACCAAA,20,1860567
hyuA_predicted,0.07894736842105263,39,37,GGTGATTGCGGGAGAGTGAT,2,1862900
hyuA_predicted,0.2894736842105263,47,37,GGGGGACCCAGCTAAGTGAA,10,1845533
hyuA_predicted,0.5263157894736842,56,37,GGCCTTACCGAGTCTATATA,19,1849301
hyuA_predicted,0.21052631578947367,44,37,GGAATCGGTCATCTTTTTGG,7,1842246
hyuA_predicted,1.2894736842105263,85,37,GCCCAAAGCTTCGTGTTCCT,48,1866092
hyuA_predicted,0.6578947368421053,61,37,GCAGGAGGGAACATTATTTG,24,1875884
hyuA_predicted,0.6578947368421053,61,37,GAGTAGAATTCAAATTATCT,24,1860256
hyuA_predicted,0.3157894736842105,48,37,GAACAGGACGATCAATTCCA,11,1845023
hyuA_predicted,0.2631578947368421,46,37,CGATTACACATAAGACTTCC,9,1847070
hyuA_predicted,0.18421052631578946,43,37,CCCCATACGGGGATTCTTGA,6,1868336
hyuA_predicted,0.42105263157894735,52,37,CCAACCGGATTCTCTAAGAA,15,1842724
hyuA_predicted,0.3684210526315789,50,37,CATCGCCAGATCAAAACTTG,13,1841496
hyuA_predicted,0.6842105263157895,62,37,CACGACATGAAAGGATGCCA,25,1843323
hyuA_predicted,0.05263157894736842,38,37,CACCATACCTTCTAATTATT,1,1869565
hyuA_predicted,0.13157894736842105,41,37,CAAAGAAACTGGAGTGCCGT,4,1839730
hyuA_predicted,0.631578947368421,60,37,ATCTGAACGTCTCGTAGTGT,23,1846436
hyuA_predicted,0.39473684210526316,51,37,ATCTAATGATTAGAAGATCC,14,1859223
hyuA_predicted,0.7105263157894737,63,37,ACTGTTTTCACACCCACGTC,26,1872856
hyuA_predicted,0.3157894736842105,48,37,ACGGCGGTACGTTGGTGCCT,11,1834529
hyuA_predicted,0.4473684210526316,53,37,ACCGTTTCGGCTCATTACAG,16,1837845
hyuA_predicted,0.7368421052631579,64,37,AAAGGCGCCGCTTAGGCAGA,27,1862945
hyuA_predicted,0.3783783783783784,49,36,TTGTGGATGGGGGGTGCGTT,13,1853366
hyuA_predicted,0.05405405405405406,37,36,TTCGTCCCTTAGGCCCCTAA,1,1860349
hyuA_predicted,0.40540540540540543,50,36,TGTCCATGCCAGTCCCCAGG,14,1873724
hyuA_predicted,0.5945945945945946,57,36,TCTGTGACAAGATGCTAATG,21,1875921
hyuA_predicted,0.32432432432432434,47,36,TCGAACCTGCTTCATAGTGT,11,1847688
hyuA_predicted,0.5405405405405406,55,36,TCACGTCTCCTGTGGATCAT,19,1831730
hyuA_predicted,0.6756756756756757,60,36,TCAACCTGCTGATCCAACTT,24,1845679
hyuA_predicted,0.972972972972973,71,36,TATATGCTACCGCTTGGACC,35,1833648
hyuA_predicted,0.35135135135135137,48,36,TATAAACCGGCTCATGCTTG,12,1862084
hyuA_predicted,0.2972972972972973,46,36,TACCGGTGCCGGTGGTGTAA,10,1833443
hyuA_predicted,0.6486486486486487,59,36,GTTTGCGACTCTCTGGGTGT,23,1874534
hyuA_predicted,0.7837837837837838,64,36,GTCTGTGTACATAGTGGTTA,28,1870748
hyuA_predicted,0.4864864864864865,53,36,GTCCGTCCTTGGCGGCAGTT,17,1854131
hyuA_predicted,1.0,72,36,GCGTTCACACTTAGAAAGCC,36,1864096
hyuA_predicted,0.8378378378378378,66,36,GCCGCGACGCTAGTCTAGGT,30,1856489
hyuA_predicted,0.08108108108108109,38,36,GCCGAACGTATTTATAAGTA,2,1840385
hyuA_predicted,0.10810810810810811,39,36,GCAGCGTATTTAAGGGGGAT,3,1860260
hyuA_predicted,0.16216216216216217,41,36,GATACAAGACTTTGCGTCAC,5,1864009
hyuA_predicted,0.8378378378378378,66,36,CTGGAGGTTCGTAATAGATT,30,1865459
hyuA_predicted,0.5945945945945946,57,36,CTGCTTCGGGCAACCCCACT,21,1876416
hyuA_predicted,0.2702702702702703,45,36,CGCTCCGGCTAAAGCAGTAC,9,1839838
hyuA_predicted,0.4864864864864865,53,36,CGCTATTCGGTCCTCGCTAT,17,1833671
hyuA_predicted,0.8108108108108109,65,36,CGAATGGAGCCTAACCGCAA,29,1870777
hyuA_predicted,0.5945945945945946,57,36,CCTAGGTCCAGGATGTACAA,21,1864023
hyuA_predicted,0.4864864864864865,53,36,CCGTCCGGGTCCGTCCGAAT,17,1874950
hyuA_predicted,0.5405405405405406,55,36,CATTTACGGGTTGGAAGAGC,19,1851056
hyuA_predicted,0.35135135135135137,48,36,CATTAAATACTAAGGATACC,12,1837360
hyuA_predicted,0.8378378378378378,66,36,CATCTCACTTGACTCCTATA,30,1874790
hyuA_predicted,1.4864864864864864,90,36,CAGACCGCCTCACACCGCGA,54,1873455
hyuA_predicted,0.08108108108108109,38,36,CACGTGTATCTTTTAGGCCA,2,1856073
hyuA_predicted,0.10810810810810811,39,36,CAAATCAGACGATGACCCGC,3,1852701
hyuA_predicted,0.24324324324324326,44,36,ATGGTCTGCATGGGTCACAC,8,1834382
hyuA_predicted,0.08108108108108109,38,36,ATCGTCGCAAGGCCCTCGTA,2,1870394
hyuA_predicted,0.05405405405405406,37,36,ATACGAGAACGGACAAACCC,1,1838945
hyuA_predicted,0.1891891891891892,42,36,ATAAGATAATCCGGAAGGCT,6,1836166
hyuA_predicted,0.2702702702702703,45,36,AGTGATAGACGACATCTCAG,9,1874055
hyuA_predicted,0.43243243243243246,51,36,ACTGCCAGAAGATCATTATC,15,1850045
hyuA_predicted,0.5945945945945946,57,36,ACCATGCGGGAATACCGGCT,21,1840304
hyuA_predicted,1.4864864864864864,90,36,ACCACGGCCGAAGATAAATC,54,1840823
hyuA_predicted,0.35135135135135137,48,36,ACAGCGGCAGGCAAAGTGTA,12,1873512
hyuA_predicted,0.4594594594594595,52,36,AAGTTAATGTGCCAGGTAGT,16,1830584
hyuA_predicted,0.6756756756756757,60,36,AAGATGTATCCGGTTGTTGC,24,1837708
hyuA_predicted,0.16216216216216217,41,36,AACAATGCAAACAATCCGAT,5,1832079
hyuA_predicted,0.2777777777777778,44,35,TTGCGGAGTCCAGGGATTTA,9,1860200
hyuA_predicted,0.2777777777777778,44,35,TTGAGTAAAACTAATTCGGA,9,1870095
hyuA_predicted,0.3055555555555556,45,35,TTCAACTAAATATATATCTA,10,1839114
hyuA_predicted,0.05555555555555555,36,35,TGACAGGGCATACAGCCACG,1,1837476
hyuA_predicted,0.16666666666666666,40,35,TCCAACTGTTAACAAATTCG,5,1842096
hyuA_predicted,0.3055555555555556,45,35,TCACCCCTTATTGATGCTCG,10,1872049
hyuA_predicted,1.3611111111111112,83,35,GTGCCTCCAGACTTCCAAGG,48,1838397
hyuA_predicted,0.6944444444444444,59,35,GGCTCGTGGATCCCTGGCAG,24,1832206
hyuA_predicted,0.4444444444444444,50,35,GGAACGATGGGGTATGATGG,15,1833438
hyuA_predicted,0.25,43,35,GCGACTTCTATTCAACTCTT,8,1859910
hyuA_predicted,2.1944444444444446,113,35,GCAGCGGTCGGGTTCGGTAA,78,1870801
hyuA_predicted,1.2222222222222223,78,35,GAGGACGAGTGGTAGTATTA,43,1852971
hyuA_predicted,0.1388888888888889,39,35,GAGAGATATTCTCTGGGAGA,4,1865579
hyuA_predicted,0.9444444444444444,68,35,GAATTCATGCGGCGTTTGCC,33,1842417
hyuA_predicted,0.6111111111111112,56,35,GAATGAAGTGGGATGGACTT,21,1836688
hyuA_predicted,0.2222222222222222,42,35,CGGCCTGGCCCTCTACGGAA,7,1868554
hyuA_predicted,0.3888888888888889,48,35,CCTTCTGGGAGCGATTTCAA,13,1830623
hyuA_predicted,0.8333333333333334,64,35,CCTAGATGACTTTCGCGTGT,29,1835169
hyuA_predicted,0.4722222222222222,51,35,CCGCTGGGCTGCCGACCAGT,16,1858431
hyuA_predicted,0.4444444444444444,50,35,CATGAATACTGGTGCAAATT,15,1860736
hyuA_predicted,2.9166666666666665,139,35,CATCTCTCCTCAAGTAAAAG,104,1841912
hyuA_predicted,0.6944444444444444,59,35,CACCATGAGACCAAGCACAA,24,1857115
hyuA_predicted,0.05555555555555555,36,35,CAATACGTATGGGTTTTTTC,1,1877014
hyuA_predicted,0.25,43,35,CAAGGGGTTGGTAATGGTGT,8,1855913
hyuA_predicted,0.05555555555555555,36,35,ATGAAAGCCGCACCGTTGAT,1,1832196
hyuA_predicted,0.2222222222222222,42,35,AGCCGAGCTCGTAGGGGGGA,7,1869270
hyuA_predicted,0.25,43,35,AGCAAACTGATGTCCTAATG,8,1872130
hyuA_predicted,0.4444444444444444,50,35,ACGTGCATTGACGTAAGGTA,15,1870859
hyuA_predicted,1.6388888888888888,93,35,ACCATGAGTTCTTCAAAACA,58,1854777
hyuA_predicted,0.6,54,34,TTCCGAGGGCTAGAAACATA,20,1847117
hyuA_predicted,0.3142857142857143,44,34,TTCACCGCAGCGCTATGCTT,10,1838081
hyuA_predicted,0.05714285714285714,35,34,TGATTCATTTATGGCTAGAT,1,1843410
hyuA_predicted,0.2,40,34,TCGCACCCAAAGTATGGAAT,6,1874991
hyuA_predicted,1.1142857142857143,72,34,TCATGACTGCTTCCCCTTAT,38,1848752
hyuA_predicted,1.1428571428571428,73,34,TACCCGTCTGCAACGAAGAC,39,1840421
hyuA_predicted,1.5142857142857142,86,34,TACAATCGGTAATGTGTAAC,52,1863964
hyuA_predicted,1.0285714285714285,69,34,GTATTACGGTTGAGGCTTGA,35,1836646
hyuA_predicted,0.34285714285714286,45,34,GTAGCTCATCAGTGATGTGA,11,1854169
hyuA_predicted,0.8285714285714286,62,34,GGGATTATTCGCCACGTTGA,28,1836273
hyuA_predicted,0.4,47,34,GCGGCTGCAACTTTGCTTTG,13,1829607
hyuA_predicted,0.2857142857142857,43,34,GACTCACTTATACTAGAATG,9,1853981
hyuA_predicted,0.6285714285714286,55,34,GACGGGTTTGGGGATGCGAT,21,1860369
hyuA_predicted,1.5714285714285714,88,34,GACAGAGCAGTGCCACCGTG,54,1835570
hyuA_predicted,0.2571428571428571,42,34,CTCTGTATCCCTAGCCGGTC,8,1862000
hyuA_predicted,1.0,68,34,CTCAAAGTTGGAACGGCGTG,34,1857032
hyuA_predicted,0.8285714285714286,62,34,CGGATACGCCCTAATTTCAT,28,1860293
hyuA_predicted,0.9714285714285714,67,34,CGCCCCTACTCGGAAACGCG,33,1853593
hyuA_predicted,0.2857142857142857,43,34,CGATAGTGAAGCTGGTACTT,9,1858603
hyuA_predicted,0.2857142857142857,43,34,CCGTCATGTTACTTTCTCGT,9,1874845
hyuA_predicted,0.7142857142857143,58,34,CCGGAAGGATTGGTACATAG,24,1864658
hyuA_predicted,0.7714285714285715,60,34,CCATCTTCACCGACTGTCCA,26,1860389
hyuA_predicted,0.7714285714285715,60,34,CCAAGGCTCGGTGCTCCACA,26,1846630
hyuA_predicted,0.42857142857142855,48,34,CACGCTGAGCCATCTAGAAG,14,1839037
hyuA_predicted,0.8571428571428571,63,34,CACACAGTTCCGATCCACAG,29,1854488
hyuA_predicted,0.9714285714285714,67,34,ATCAACATCGGGCTAATAAT,33,1865616
hyuA_predicted,0.42857142857142855,48,34,ATATGTTAGGGGGTCGGGAC,14,1855551
hyuA_predicted,0.4857142857142857,50,34,ATAGCAGTCTTGACCTTGAA,16,1832535
hyuA_predicted,0.7714285714285715,60,34,ATAACGTTCGTGTATTGATG,26,1840959
hyuA_predicted,0.2857142857142857,43,34,AGTCTTAGGTTGAGGTACGT,9,1830356
hyuA_predicted,0.2,40,34,AGGAAAATCTTGAAACCTTG,6,1866712
hyuA_predicted,0.2857142857142857,43,34,AGATCGATGGAACGGGGATG,9,1853295
hyuA_predicted,0.17142857142857143,39,34,AATACAGCCGACTAACTGTG,5,1864006
hyuA_predicted,0.14285714285714285,38,34,AAGCAGACGTCTCGAAGCAG,4,1861655
hyuA_predicted,0.23529411764705882,40,33,TTTTTTGCATAAACCTCCTC,7,1833575
hyuA_predicted,0.11764705882352941,36,33,TTACCGGGCCAGAAAACTTA,3,1844761
hyuA_predicted,1.0,66,33,TCTGAACCCGAACTCGCGCT,33,1864869
hyuA_predicted,0.6470588235294118,54,33,TCTAACCTCGCCAATATCGC,21,1851363
hyuA_predicted,0.29411764705882354,42,33,TCGGCTATTTTGGCTCAGCT,9,1857956
hyuA_predicted,0.47058823529411764,48,33,TCGGCACATCGCTATCGTGT,15,1836275
hyuA_predicted,0.17647058823529413,38,33,TCAAGACTGTGCTGGACCGT,5,1829063
hyuA_predicted,0.23529411764705882,40,33,TAGGCAGGAATCGCTCGAGC,7,1842507
hyuA_predicted,0.9117647058823529,63,33,TAGAGCTGGTTTACCAGATG,30,1842667
hyuA_predicted,0.5882352941176471,52,33,TAACCGTTCCGTCCTAAAGG,19,1837405
hyuA_predicted,0.47058823529411764,48,33,GTGAGGCTATCCACAACACG,15,1872424
hyuA_predicted,0.5588235294117647,51,33,GTCACTCAATTTAAGGCCAT,18,1850798
hyuA_predicted,0.058823529411764705,34,33,GTATCATTTACAAATAGACT,1,1854418
hyuA_predicted,1.1470588235294117,71,33,GTAGCGAACACTTTGCCCTT,38,1862876
hyuA_predicted,0.5882352941176471,52,33,GGTACGGTAGGGTAAAACCG,19,1840777
hyuA_predicted,0.47058823529411764,48,33,GGAGCTTGGCGGTAGAGCTA,15,1874577
hyuA_predicted,1.1470588235294117,71,33,GCGCATCTACGCATAGACCA,38,1863340
hyuA_predicted,0.17647058823529413,38,33,GACGGAAAGTAGTGTCGGTC,5,1853178
hyuA_predicted,0.6764705882352942,55,33,GACATCGCTTTAGTAAGACA,22,1835477
hyuA_predicted,0.2647058823529412,41,33,GAATGCTAGGAAGTGAAATT,8,1841828
hyuA_predicted,1.3235294117647058,77,33,CTTAGTACTGGGCTGTAGTG,44,1855033
hyuA_predicted,0.38235294117647056,45,33,CTGGGCGCATTCAAGGCACT,12,1845907
hyuA_predicted,0.5,49,33,CTGCTGCGCGAGGCCTGTCA,16,1867301
hyuA_predicted,0.058823529411764705,34,33,CGTTTATGACTGTACCCCGC,1,1868943
hyuA_predicted,0.6176470588235294,53,33,CGAGGGACGTGGCTCTCTCA,20,1838260
hyuA_predicted,0.47058823529411764,48,33,CCCGGTTCTGGCAGGATTAT,15,1849968
hyuA_predicted,0.5,49,33,CCATTGTGTAGTCTCCTTTC,16,1833359
hyuA_predicted,0.17647058823529413,38,33,CCACCATTCGTAACATCCGA,5,1877548
hyuA_predicted,0.6764705882352942,55,33,CATACCCTCTGTACGAGGGT,22,1871015
hyuA_predicted,0.5588235294117647,51,33,CAGGTATTTTTGCTAAAAGG,18,1850949
hyuA_predicted,0.6764705882352942,55,33,CAAGTATCTGTACCCAAAAG,22,1866618
hyuA_predicted,0.23529411764705882,40,33,CAACCAAGGGTGTTACTCTC,7,1861620
hyuA_predicted,0.3235294117647059,43,33,ATTGCAACGGATTCCGGCCC,10,1841615
hyuA_predicted,0.5,49,33,ATTACCAGGCTCGGGAAGGT,16,1876220
hyuA_predicted,0.5588235294117647,51,33,ATCCGATTTTGGGCTCTTTT,18,1838889
hyuA_predicted,0.058823529411764705,34,33,AGTTAAGCCCACGCATCGAC,1,1874037
hyuA_predicted,0.7058823529411765,56,33,AGTGGTGCAGCTTCGGTGCT,23,1860205
hyuA_predicted,0.7352941176470589,57,33,AGTATCTACGAACCTTTAAC,24,1867035
hyuA_predicted,0.7941176470588235,59,33,AGTACACAATGAGGCCTTGA,26,1833145
hyuA_predicted,0.11764705882352941,36,33,AGCCGTTTGGTGCACAGAGT,3,1832653
hyuA_predicted,0.5294117647058824,50,33,ACGTGATACACAGGGACAAT,17,1861375
hyuA_predicted,0.058823529411764705,34,33,ACCCGTAGGTTTGCTCGCTG,1,1838992
hyuA_predicted,0.11764705882352941,36,33,ACCACAGCTCAAATACAGGC,3,1870618
hyuA_predicted,0.3235294117647059,43,33,ACAGGGAGGGCTACCTAATT,10,1864727
hyuA_predicted,0.08823529411764706,35,33,AATTCACCATTTTCTTGATA,2,1830940
hyuA_predicted,0.38235294117647056,45,33,AATCAGAATAAAACGGACAA,12,1833019
hyuA_predicted,0.29411764705882354,42,33,AAATAATGGGGCCGTCGGCT,9,1871665
hyuA_predicted,2.121212121212121,101,32,TTCCTCCGCCTTCTGTTACT,69,1867240
hyuA_predicted,0.3939393939393939,44,32,TTCCGGGTTTTAACAGCAAG,12,1840228
hyuA_predicted,0.06060606060606061,33,32,TGTTGAAACGAGGATTCGCT,1,1854997
hyuA_predicted,0.18181818181818182,37,32,TGGCCTACCTTATGGCCAGA,5,1840015
hyuA_predicted,0.45454545454545453,46,32,TGGAGACCCATACAAGGAGG,14,1838773
hyuA_predicted,0.6666666666666666,53,32,TGGACGAAGTGATCGACCCA,21,1852708
hyuA_predicted,0.696969696969697,54,32,TCGTCTGGTCACGTGATGGC,22,1835796
hyuA_predicted,0.8181818181818182,58,32,TAGGGGGCCGTCACGTGGCG,26,1835561
hyuA_predicted,0.15151515151515152,36,32,TACGCCTACGGAGTGCTATG,4,1870717
hyuA_predicted,0.36363636363636365,43,32,GTCGGCGCTATGGGATCAGT,11,1865726
hyuA_predicted,0.21212121212121213,38,32,GGTAGATTTCAGGGTTTCTA,6,1835332
hyuA_predicted,0.21212121212121213,38,32,GGGTCTCGAGTCACAATGGT,6,1835306
hyuA_predicted,0.36363636363636365,43,32,GGGAAGCTGCCCAACGTGCG,11,1875657
hyuA_predicted,0.15151515151515152,36,32,GGCTGTAGGTGGGAACGACT,4,1829120
hyuA_predicted,0.7878787878787878,57,32,GGCTCGGTCGTTTAGAACAT,25,1841076
hyuA_predicted,0.45454545454545453,46,32,GCGTGGACACGTAAACGATG,14,1859422
hyuA_predicted,0.21212121212121213,38,32,GCGCGCTCATTGATACGCTT,6,1845512
hyuA_predicted,1.0303030303030303,65,32,GCCTGTGGTTGTGTCGTTGC,33,1873602
hyuA_predicted,0.5454545454545454,49,32,GATCTTAAAATGGGCCTCCC,17,1858819
hyuA_predicted,0.45454545454545453,46,32,GATCCACTTTACAGGCCGTG,14,1862627
hyuA_predicted,0.06060606060606061,33,32,GACTGATGGTCGCTGTGTCC,1,1864902
hyuA_predicted,0.36363636363636365,43,32,GAATCGGTTTTTCCGTCTCA,11,1843295
hyuA_predicted,1.2424242424242424,72,32,GAAAGACGTTATAATAGACA,40,1875994
hyuA_predicted,0.3939393939393939,44,32,CTTCTTGGAGATGGTGACCA,12,1861091
hyuA_predicted,0.9393939393939394,62,32,CTTAATGGGCTCGACCCGTT,30,1844902
hyuA_predicted,0.3333333333333333,42,32,CTGCGGCATAAAAGGGCTGA,10,1840663
hyuA_predicted,1.7272727272727273,88,32,CTCCGTTAGGGGTGACGCCC,56,1861095
hyuA_predicted,2.0606060606060606,99,32,CTAGCCTTGTATTGAATCCT,67,1870142
hyuA_predicted,0.18181818181818182,37,32,CGTCTACGCTACAAGGTGGC,5,1846560
hyuA_predicted,0.2727272727272727,40,32,CGGATGTTTCACCCCTTGTA,8,1872756
hyuA_predicted,0.24242424242424243,39,32,CGAAGAGGTGATCGTACGGG,7,1832075
hyuA_predicted,0.48484848484848486,47,32,CGAAATATAGATAGCTGTCA,15,1865349
hyuA_predicted,0.21212121212121213,38,32,CCGTATCGCACCGTCTAATT,6,1865427
hyuA_predicted,1.4848484848484849,80,32,CATCCTTTATTACTAAGATG,48,1832618
hyuA_predicted,1.0,64,32,CACGTCGGCCTGCCGTACCT,32,1852040
hyuA_predicted,0.48484848484848486,47,32,CACACTCGACGCTGAGTAGA,15,1863735
hyuA_predicted,0.48484848484848486,47,32,ATGCTACGAGTTTCAGTGAG,15,1873886
hyuA_predicted,0.5151515151515151,48,32,AGCACGAACATCATGTACAA,16,1853468
hyuA_predicted,0.24242424242424243,39,32,AGATGAATTAAGGGATAGAT,7,1877858
hyuA_predicted,0.36363636363636365,43,32,ACTCTTGTGTCAACTTGGAT,11,1873709
hyuA_predicted,0.6363636363636364,52,32,ACGGCTATTTCTTAGGGTCA,20,1833482
hyuA_predicted,0.12121212121212122,35,32,ACGGATAACTGGAACATGAA,3,1873012
hyuA_predicted,1.4242424242424243,78,32,ACGCCGTTCAATATGTTGTT,46,1855354
hyuA_predicted,0.9393939393939394,62,32,ACACTTGCTACTGATTTAAT,30,1849482
hyuA_predicted,0.8787878787878788,60,32,AATCGACAGGCTGGGCCATG,28,1861600
hyuA_predicted,0.1875,36,31,TTGGGTCGGCTCTTTCATAT,5,1862666
hyuA_predicted,0.375,42,31,TTCGGGACTTCACACCAAGA,11,1870192
hyuA_predicted,0.40625,43,31,TGGGTCTGTGCTGTTCGCCA,12,1829831
hyuA_predicted,0.5625,48,31,TGGATAGTGCTCCAAGTCAT,17,1863206
hyuA_predicted,0.09375,33,31,TGGAGACAAATTTAATGGTA,2,1856118
hyuA_predicted,0.25,38,31,TGCTCGGAGTGCCGGGTCGT,7,1840162
hyuA_predicted,0.375,42,31,TGCGAATGGGATAGTCGGAA,11,1877517
hyuA_predicted,0.34375,41,31,TCGCCCAGGGGTAATGAATC,10,1861680
hyuA_predicted,0.125,34,31,TCCGACTCTATGGGTATTTC,3,1860908
hyuA_predicted,0.21875,37,31,TATCCACCGCACTTGGAGAT,6,1855073
hyuA_predicted,0.75,54,31,TATATCGCTCCTATATTCCT,23,1873910
hyuA_predicted,1.09375,65,31,TACGGTGCCGCGAGATGGGA,34,1854491
hyuA_predicted,0.1875,36,31,TAATACTTCATCTGCGATTA,5,1839187
hyuA_predicted,0.71875,53,31,TAAATTGTCAAGGCAAAGGA,22,1843322
hyuA_predicted,0.0625,32,31,TAAATTCGGGTCAGTCAGTA,1,1855119
hyuA_predicted,0.625,50,31,GTCTTGTAAGGTTGTCACTC,19,1833151
hyuA_predicted,0.78125,55,31,GTATGCAGAGCAATTAAGAT,24,1856473
hyuA_predicted,1.15625,67,31,GTAGTTCCGTCTAACTTCAC,36,1844081
hyuA_predicted,0.1875,36,31,GTAAAGGCAATAGCGACATA,5,1852351
hyuA_predicted,0.625,50,31,GGGTTTAGAGAATATGAGAC,19,1843890
hyuA_predicted,1.46875,77,31,GGGCCTATCGAGATCGGAAG,46,1846347
hyuA_predicted,1.09375,65,31,GGCCGTGATCGGCTCGTGCC,34,1866370
hyuA_predicted,0.4375,44,31,GGAGGTGAAGAGAGCGCTTA,13,1834861
hyuA_predicted,0.625,50,31,GGAATATCTAGTTTGTACCA,19,1846288
hyuA_predicted,0.125,34,31,GCTTTGCACACACCTACGAT,3,1876454
hyuA_predicted,0.6875,52,31,GCTTGATCGGCTCTTACAAT,21,1847618
hyuA_predicted,0.40625,43,31,GCAGGGCAACAGGGCTAGAT,12,1839646
hyuA_predicted,0.4375,44,31,GAGGGCCTGTATCGACGCTC,13,1862030
hyuA_predicted,0.25,38,31,GAGGAGCTCGTCGCAGATAA,7,1842745
hyuA_predicted,0.21875,37,31,GACACTCAGCCGATTATTCT,6,1864221
hyuA_predicted,0.375,42,31,CTTCGTCCGACCATAGTAAC,11,1855549
hyuA_predicted,0.28125,39,31,CTGTGTGGCTGATCCCGCTC,8,1828847
hyuA_predicted,0.3125,40,31,CTGGTCACCTCTGGCTTCTA,9,1870990
hyuA_predicted,0.0625,32,31,CTATGGTGAGAATGCTATTA,1,1832739
hyuA_predicted,0.625,50,31,CTATAGCGTTTCGGCTTTTG,19,1845251
hyuA_predicted,0.6875,52,31,CGTGGACACGCAACTTCTAG,21,1836021
hyuA_predicted,0.21875,37,31,CGGCACACCGAGGCAGTCCT,6,1847715
hyuA_predicted,0.71875,53,31,CGCTTCGTAACGGGTCTATC,22,1861647
hyuA_predicted,0.09375,33,31,CCAGGCTTGCAATGGGCCAT,2,1848952
hyuA_predicted,0.46875,45,31,CCACGGGTTGTTGTGTAATA,14,1873134
hyuA_predicted,0.21875,37,31,CATTGGCATAAACGTTGCAG,6,1869601
hyuA_predicted,0.9375,60,31,CATAAAGCATCCAAATCTGG,29,1848146
hyuA_predicted,0.28125,39,31,ATTTATTTCAAAAACAGTTG,8,1856437
hyuA_predicted,0.28125,39,31,ATGAGGGGGTCGAAGCGAGT,8,1844760
hyuA_predicted,0.59375,49,31,AGGACCCATTGATGTCCCTA,18,1870177
hyuA_predicted,0.21875,37,31,AGCTCTTCGGACTTGAACGC,6,1833543
hyuA_predicted,1.25,70,31,AGCTATCAGGATTTTCCAGT,39,1839921
hyuA_predicted,0.40625,43,31,ACTTAGAGTGTAGGGGCAGG,12,1846164
hyuA_predicted,0.46875,45,31,ACTGTTTATTAGCGAGGATC,14,1833163
hyuA_predicted,0.21875,37,31,ACCTACCGGGCTGGGGGCGG,6,1869910
hyuA_predicted,0.125,34,31,AATCTAATTGAATGCGTAAC,3,1857392
hyuA_predicted,0.65625,51,31,AAGTACGAATCAAGCAGAGC,20,1870154
hyuA_predicted,0.71875,53,31,AACCTACCCGGGGCGTATAT,22,1845425
hyuA_predicted,0.3225806451612903,39,30,TTGTAACTAGCAATTGCTCA,9,1864904
hyuA_predicted,0.41935483870967744,42,30,TTCTCTCGCTATTGATATGA,12,1846790
hyuA_predicted,0.5161290322580645,45,30,TTCTAGGGGTTACGTTATAC,15,1832965
hyuA_predicted,1.3548387096774193,71,30,TTCCTCCTTCCCACTATTAG,41,1857273
hyuA_predicted,0.2903225806451613,38,30,TGTATACTGATCTTTTGAGG,8,1838395
hyuA_predicted,0.25806451612903225,37,30,TCGGTTCACACAGTCGCGAC,7,1857239
hyuA_predicted,0.1935483870967742,35,30,TATACACAGATAATAGTTAA,5,1839343
hyuA_predicted,0.3225806451612903,39,30,TACGGCCTGCTTAAGAATAT,9,1868014
hyuA_predicted,0.4838709677419355,44,30,TACGCCGGGACGTTGGTCTA,14,1853449
hyuA_predicted,1.0,60,30,TACCAGCGGACTGCCAATAG,30,1870656
hyuA_predicted,0.12903225806451613,33,30,GTTTCTACGGTCGAGAGGAA,3,1830453
hyuA_predicted,0.8387096774193549,55,30,GTCCTCTACCTCCTTTGCTA,25,1870296
hyuA_predicted,0.7741935483870968,53,30,GTCACATTATGGGACGGCGC,23,1836384
hyuA_predicted,0.12903225806451613,33,30,GTATGGGTTCGCGTCTTAGA,3,1844084
hyuA_predicted,0.2903225806451613,38,30,GGTGGACGCCAGCACCAGTT,8,1872935
hyuA_predicted,0.6129032258064516,48,30,GCGGTTAGATCTGCGGTCTA,18,1831217
hyuA_predicted,0.7096774193548387,51,30,GCACGACGCTAAATCATTAG,21,1855555
hyuA_predicted,0.6451612903225806,49,30,GATTCTTAAGGAGAACCAAT,19,1831116
hyuA_predicted,1.3225806451612903,70,30,GATGTAGCCGACGTACGTCT,40,1846439
hyuA_predicted,0.5161290322580645,45,30,GATCCTAGTAACGGCTAAGG,15,1829768
hyuA_predicted,0.8387096774193549,55,30,GAAGTGCTATACGGCTTTTT,25,1840210
hyuA_predicted,0.3548387096774194,40,30,CTGTTATGTCTGCTGTAGAT,10,1834811
hyuA_predicted,0.16129032258064516,34,30,CTCCGCGATCGCCCAATGGT,4,1859324
hyuA_predicted,0.41935483870967744,42,30,CTATGCTCGTGTCATTGACA,12,1841868
hyuA_predicted,0.3225806451612903,39,30,CGGTCGAGGATAATCCTACT,9,1876544
hyuA_predicted,0.1935483870967742,35,30,CGGCCCCCACATCGATACGG,5,1847579
hyuA_predicted,0.5161290322580645,45,30,CGCATGGTACTGAGGTACCT,15,1831927
hyuA_predicted,0.8064516129032258,54,30,CGCACTGTTCTATCACGAGT,24,1865734
hyuA_predicted,0.967741935483871,59,30,CCTTCGTTAACCGTTATCCT,29,1849622
hyuA_predicted,1.0,60,30,CCCGCCGGGGTGTCTTGGTT,30,1837754
hyuA_predicted,0.45161290322580644,43,30,CCCCTCGGCGGAAGCTAGAT,13,1833396
hyuA_predicted,0.5483870967741935,46,30,CATGGCTCACGGTCACGCAT,16,1869599
hyuA_predicted,0.06451612903225806,31,30,CATCTATCGCAAGGCTAAAT,1,1858812
hyuA_predicted,0.8709677419354839,56,30,CAGTGTCTCCAGTTATGCGT,26,1842773
hyuA_predicted,0.41935483870967744,42,30,ATCCTTGGATTCACGAGTAT,12,1859693
hyuA_predicted,0.16129032258064516,34,30,ATCCCTCTCGAGTTCGGTTT,4,1854641
hyuA_predicted,0.25806451612903225,37,30,ATACCTGTGGAGCTGTTACG,7,1847092
hyuA_predicted,1.064516129032258,62,30,AGTATAATTTACTTAGGGAT,32,1855217
hyuA_predicted,1.0,60,30,AGGTCACGCGGAGCACTAAA,30,1872730
hyuA_predicted,0.8709677419354839,56,30,AGGGACACGCTCTGAACGCT,26,1863078
hyuA_predicted,0.5806451612903226,47,30,ACGCTTGTCCTCCGGCTGTT,17,1859081
hyuA_predicted,0.6774193548387096,50,30,ACAGAGAACTCAAAGATCAT,20,1860814
hyuA_predicted,0.7741935483870968,53,30,AATTCCCCCATCTTGATGAC,23,1830547
hyuA_predicted,0.25806451612903225,37,30,AATTACACTGGCCAGCTAGT,7,1859505
hyuA_predicted,0.3225806451612903,39,30,AAGTAACCGCAAGCTTCCAT,9,1829195
hyuA_predicted,0.06451612903225806,31,30,AACATTCGGCTATTATGCAT,1,1842309
hyuA_predicted,1.3225806451612903,70,30,AACAACAGCCCGGTGATAAC,40,1843526
hyuA_predicted,0.06666666666666667,30,29,TTGTACGCTAATCTTGCCTA,1,1841924
hyuA_predicted,0.43333333333333335,41,29,TGCTCCAATGCAGGACCGCA,12,1834911
hyuA_predicted,0.26666666666666666,36,29,TCGGGTGTCACGGGCCACAG,7,1847677
hyuA_predicted,1.1333333333333333,62,29,TCGCGTTCCCGCGGGGGTAA,33,1840664
hyuA_predicted,1.0666666666666667,60,29,TATTTGTCATGTTGCCACGG,31,1832875
hyuA_predicted,0.5333333333333333,44,29,TATTAGTAGTGTTGTTGGAT,15,1868188
hyuA_predicted,0.6666666666666666,48,29,TATCTGATACTTCCCAAACC,19,1875317
hyuA_predicted,0.6,46,29,TACCATGAGTATCACAGCAT,17,1854356
hyuA_predicted,0.26666666666666666,36,29,TAAACGGCAACCACAAATTG,7,1850866
hyuA_predicted,0.06666666666666667,30,29,GTTCGGCAGAAACTCCCAAA,1,1861717
hyuA_predicted,0.36666666666666664,39,29,GTTCACATATAGCACCGTGT,10,1852704
hyuA_predicted,0.5,43,29,GTGCGCAAAGAACCCGGCAG,14,1870892
hyuA_predicted,0.5,43,29,GGGGTGGACATGTGGACTGA,14,1832396
hyuA_predicted,0.5,43,29,GGGGACCGTGCAACACACCT,14,1853405
hyuA_predicted,0.3,37,29,GCGGACTGGCATCTGCTAGG,8,1830377
hyuA_predicted,1.3,67,29,GCGCGTTCTCTGGGGAACAT,38,1842426
hyuA_predicted,0.5666666666666667,45,29,GCCGGCGCAGGGCAGTTCAT,16,1842787
hyuA_predicted,0.7,49,29,GACGGCCGTGGTTTCGCATG,20,1862950
hyuA_predicted,0.3,37,29,CTGACGTGGCTCGGGGGCCT,8,1872432
hyuA_predicted,0.3333333333333333,38,29,CTCCGATGTGAGTCCAAACC,9,1830662
hyuA_predicted,0.26666666666666666,36,29,CTATGTCTAAGATACGTGGA,7,1836243
hyuA_predicted,0.8333333333333334,53,29,CGCATATAGAATACTCCCGG,24,1830773
hyuA_predicted,1.4,70,29,CCGCAAAGCCTCATCGTCTA,41,1831039
hyuA_predicted,0.4,40,29,CCGAGTGATATATGCACCAT,11,1838119
hyuA_predicted,0.5333333333333333,44,29,CCCGTGTTACGTGACGCTCG,15,1866281
hyuA_predicted,0.5666666666666667,45,29,CCATGTTCAGATTAAGCTCA,16,1830312
hyuA_predicted,0.2,34,29,CCACGATTTGACCCCGGTGG,5,1859071
hyuA_predicted,0.3,37,29,CCAACCCTTCGCCGGGTTAA,8,1842501
hyuA_predicted,0.3,37,29,CCAACCAGGAGGTATTCTTG,8,1857990
hyuA_predicted,0.8,52,29,CAGTGACAGCGATGTCCGTA,23,1864010
hyuA_predicted,0.13333333333333333,32,29,CACGGCTGCAGATCTAAGCC,3,1855502
hyuA_predicted,0.8,52,29,CACGGATAGATCGTGTTTTA,23,1852465
hyuA_predicted,0.9,55,29,CACAGGAGGTAGTGGTGAAG,26,1860041
hyuA_predicted,0.3,37,29,ATTTAATTGCCAAGGTTCGT,8,1830464
hyuA_predicted,1.1666666666666667,63,29,ATTGGGGTCTATTGCGATTA,34,1870677
hyuA_predicted,1.3666666666666667,69,29,ATTCCAGACTTAATTCACCT,40,1868196
hyuA_predicted,1.0333333333333334,59,29,ATCGATAACGAAGGGCCGGC,30,1862262
hyuA_predicted,0.06666666666666667,30,29,AGTCGTTCCGACGCCAATCA,1,1856327
hyuA_predicted,0.13333333333333333,32,29,AGCTGCGCGACAGCGATGGT,3,1852798
hyuA_predicted,1.1,61,29,AGATTTGCCCGACACCCAAA,32,1862657
hyuA_predicted,0.13333333333333333,32,29,AGAGGGGCGGTCCTAGCCCA,3,1832841
hyuA_predicted,0.1,31,29,AGAAGGAACCCCCGTGTAGG,2,1873047
hyuA_predicted,0.7666666666666667,51,29,ACTTCTGGGCGCATGTGACC,22,1833098
hyuA_predicted,0.6,46,29,ACTATTCCGCCGAGACGAAA,17,1860834
hyuA_predicted,0.8666666666666667,54,29,ACGCTAGAGCACTGTAGCTT,25,1831949
hyuA_predicted,0.3,37,29,ACATCTCTAACATCTTAGGT,8,1866754
hyuA_predicted,0.6,46,29,AATCTGCGGTCGGTAGTAAG,17,1830873
hyuA_predicted,0.8666666666666667,54,29,AATCTAGTTGTCTGTGCCCC,25,1876023
hyuA_predicted,0.5666666666666667,45,29,AATCCTCGGTAAGCATCAAG,16,1853498
hyuA_predicted,0.3333333333333333,38,29,AATAGTCAAAAACAACTCGC,9,1873726
hyuA_predicted,0.1,31,29,AAGGGCTTGGTGCGTGATTC,2,1848505
hyuA_predicted,0.7241379310344828,48,28,TTTCGTTACCATTCATCCAA,20,1848997
hyuA_predicted,0.41379310344827586,39,28,TTTCACTTAACTCAGAGTCG,11,1870963
hyuA_predicted,0.7241379310344828,48,28,TTTATCTCCTTCCCCCCAGA,20,1846971
hyuA_predicted,1.0,56,28,TTGCTCGCGAACGGAGGACC,28,1844342
hyuA_predicted,0.4482758620689655,40,28,TTCTAGTTTCGAACAGCGTT,12,1831989
hyuA_predicted,0.4482758620689655,40,28,TGTAATGTGATACAAGTGCA,12,1845569
hyuA_predicted,1.5517241379310345,72,28,TGGGACAGTAGACTAGAATT,44,1872370
hyuA_predicted,0.6896551724137931,47,28,TGGCCCTTAGACGACGACGT,19,1834944
hyuA_predicted,1.206896551724138,62,28,TCGGACCATTAAAGACTCCC,34,1852611
hyuA_predicted,0.13793103448275862,31,28,TAGCTGGCCCCCCCATGACA,3,1852463
hyuA_predicted,0.2413793103448276,34,28,GTCTAGCGGTGGATCCGTCC,6,1847765
hyuA_predicted,0.6206896551724138,45,28,GTCGTTTTGTAAAAAGGGGA,17,1849056
hyuA_predicted,0.20689655172413793,33,28,GGCCGGTTGGTACAGGGAGT,5,1856298
hyuA_predicted,0.3448275862068966,37,28,GGATTTTACAAAGACACGGG,9,1843403
hyuA_predicted,0.10344827586206896,30,28,GCTACGGTAACCGGGGGATA,2,1855245
hyuA_predicted,0.4827586206896552,41,28,GCGTATGATATTAAGATCCT,13,1855784
hyuA_predicted,0.13793103448275862,31,28,GCGCCACGCATGGGGAAGAC,3,1829875
hyuA_predicted,2.1724137931034484,90,28,GCATGGAACGATGGAACGTT,62,1835109
hyuA_predicted,0.4482758620689655,40,28,GCAGGAAAGATGTTACACAA,12,1837729
hyuA_predicted,0.9655172413793104,55,28,GATTAACACGTACGACCCGA,27,1831574
hyuA_predicted,1.3448275862068966,66,28,GATGCTTACATGGCATGATA,38,1862610
hyuA_predicted,0.13793103448275862,31,28,GATATCGGTGTGAACTGCCT,3,1871761
hyuA_predicted,0.3793103448275862,38,28,GATATAAGTGGCCCTTTCAA,10,1849641
hyuA_predicted,0.7241379310344828,48,28,GAGAGCTTGCATTTCGGTGG,20,1838262
hyuA_predicted,3.6551724137931036,133,28,GAATAAGCTGTTCAGGAGCT,105,1845653
hyuA_predicted,0.13793103448275862,31,28,GAACTGGTGCCACCTCTATG,3,1870097
hyuA_predicted,0.4827586206896552,41,28,CTTGGCTACTTTTCGATTCA,13,1847179
hyuA_predicted,0.10344827586206896,30,28,CTCCTCCTTACCGCCTAACT,2,1835265
hyuA_predicted,0.6896551724137931,47,28,CGTTGTCCCACTTTTTTCAC,19,1855825
hyuA_predicted,0.7241379310344828,48,28,CGTTCACAAACAAACCTTCA,20,1859994
hyuA_predicted,0.06896551724137931,29,28,CGCGGTAAAGCTGCTTATAA,1,1847146
hyuA_predicted,0.20689655172413793,33,28,CCTCGAGGTTGCCCATACGT,5,1863886
hyuA_predicted,0.5172413793103449,42,28,CCTCATATTGGTGTTACGGT,14,1829874
hyuA_predicted,0.13793103448275862,31,28,CCTACATTATTGAGAGTTAT,3,1828892
hyuA_predicted,0.5172413793103449,42,28,CCCAGTTATTGTACGGCAGC,14,1861597
hyuA_predicted,1.0689655172413792,58,28,CATATCATGCCAAGCTACTG,30,1857271
hyuA_predicted,0.27586206896551724,35,28,ATGTTCTCGTGGCGGTATCA,7,1855418
hyuA_predicted,0.6206896551724138,45,28,ATGATAGTGGTGCTTGTCGC,17,1859354
hyuA_predicted,0.10344827586206896,30,28,AGGATCCGCATCATACGGGA,2,1844607
hyuA_predicted,1.0689655172413792,58,28,AGATTTGTCAGGACGCACGT,30,1873190
hyuA_predicted,0.41379310344827586,39,28,AGACGCCTACTAGACAAATT,11,1850228
hyuA_predicted,0.5517241379310345,43,28,ACGCAGGCCCAGTCGGTAAC,15,1848948
hyuA_predicted,1.7586206896551724,78,28,ACACCGGTTGTCCGATGGTG,50,1863497
hyuA_predicted,0.5517241379310345,43,28,AAGTGACCTCGAATACATGA,15,1862644
hyuA_predicted,0.2413793103448276,34,28,AAAAGCGAGGCTGTAAAGGC,6,1832202
hyuA_predicted,0.42857142857142855,38,27,TTTGTTTTTTGACGCAGGGG,11,1853609
hyuA_predicted,1.1428571428571428,58,27,TTAAGCCTTCAGCCCACGCT,31,1866024
hyuA_predicted,0.32142857142857145,35,27,TGTCCGGCTGGGTACCGTAT,8,1854353
hyuA_predicted,0.21428571428571427,32,27,TGGTGTCAGAACTATTCTTT,5,1843416
hyuA_predicted,0.7142857142857143,46,27,TGGTGACAGCCCGAATAAAA,19,1870779
hyuA_predicted,0.07142857142857142,28,27,TGCCACAGGTTTATGAGGAG,1,1860296
hyuA_predicted,0.14285714285714285,30,27,TCGCCATTGAAAGTAAGTGA,3,1829606
hyuA_predicted,0.6428571428571429,44,27,TCCGTCAGGCTTCTCGGAAT,17,1849044
hyuA_predicted,0.5714285714285714,42,27,TCCCCAGGGTTGACTTGACT,15,1839687
hyuA_predicted,1.0,54,27,TCAGTATTTGGCACGGGTTA,27,1872430
hyuA_predicted,1.25,61,27,TCAGAAAGTTTTATAGAAAC,34,1873272
hyuA_predicted,0.4642857142857143,39,27,TATGAGCGAAACGATGGCAG,12,1835376
hyuA_predicted,0.07142857142857142,28,27,TACGTAACATCGAATTGGAT,1,1873361
hyuA_predicted,0.6428571428571429,44,27,TAAGTATAATGAGGTCATGT,17,1843817
hyuA_predicted,0.07142857142857142,28,27,TAAGCACGACAGGGACTCAC,1,1875662
hyuA_predicted,0.6785714285714286,45,27,TAACGCGCATGGCATGCTAT,18,1869752
hyuA_predicted,0.32142857142857145,35,27,GTGTCAGGGACGCATTCCTT,8,1842944
hyuA_predicted,0.32142857142857145,35,27,GTCATACGCATTTGAAAGTC,8,1855401
hyuA_predicted,0.5,40,27,GGAGATAGAGTTGCACGGTT,13,1845538
hyuA_predicted,0.4642857142857143,39,27,GCCAAACCATAGTCCATAAT,12,1845201
hyuA_predicted,0.07142857142857142,28,27,GATGACATAGTCAAACGAAT,1,1856745
hyuA_predicted,0.17857142857142858,31,27,GAGGTGCAAAAGAGTTCTGT,4,1869416
hyuA_predicted,0.17857142857142858,31,27,GAGCTGTTGGGCATAGGTTT,4,1846096
hyuA_predicted,0.5357142857142857,41,27,GACGCCTAGCATCCCCACGA,14,1830489
hyuA_predicted,0.5714285714285714,42,27,GAACTGATAAGGACTGGTGT,15,1874741
hyuA_predicted,0.5714285714285714,42,27,CTGATTAACCCTGCGCGGCC,15,1845356
hyuA_predicted,1.0714285714285714,56,27,CTCATTTCCGCTTCCGACAA,29,1869211
hyuA_predicted,0.4642857142857143,39,27,CTAATATAGCTGCCTTCGTT,12,1860244
hyuA_predicted,0.7857142857142857,48,27,CGTGTATGGGTAGGTATCTA,21,1867978
hyuA_predicted,0.4642857142857143,39,27,CGGGATATGCTAGTCCACCC,12,1861523
hyuA_predicted,0.4642857142857143,39,27,CGAAGGGGAACACGTGCGGG,12,1840586
hyuA_predicted,0.17857142857142858,31,27,CGAAGGAAGGGGTCCTGTAG,4,1855519
hyuA_predicted,0.17857142857142858,31,27,CCAGTCCGTCTGCTCAATCT,4,1845331
hyuA_predicted,0.39285714285714285,37,27,CCACCGTGGGTGGGCCGACA,10,1834948
hyuA_predicted,0.5357142857142857,41,27,CCAACGTCCTGCGTGGATTA,14,1877223
hyuA_predicted,0.5714285714285714,42,27,CATTATGGTGCGATTTAGGC,15,1830089
hyuA_predicted,1.3571428571428572,64,27,CATTAGGAACTACAGACCCT,37,1840751
hyuA_predicted,0.6071428571428571,43,27,CATTAGCGCTCATGTATACT,16,1859134
hyuA_predicted,0.75,47,27,CATCTGTCATGAGTGCATTT,20,1871331
hyuA_predicted,0.42857142857142855,38,27,CATAGACTTTTAATAATCCT,11,1862097
hyuA_predicted,0.10714285714285714,29,27,CAAGAGAAATCTACAGCGCG,2,1838448
hyuA_predicted,0.6071428571428571,43,27,ATTGATAGGCCACAATACTG,16,1858986
hyuA_predicted,1.1428571428571428,58,27,ATTCGGAGAAGCCACATGGA,31,1840988
hyuA_predicted,0.17857142857142858,31,27,ATTCCGCTTCCGTTGCCAAA,4,1867269
hyuA_predicted,0.4642857142857143,39,27,ATATTCGTTTAATTCAAAGC,12,1856167
hyuA_predicted,0.5714285714285714,42,27,AGTTCGTGTCACATGTGCAA,15,1860873
hyuA_predicted,0.07142857142857142,28,27,AGGCAAACGCTCGTGTAGGG,1,1829950
hyuA_predicted,0.2857142857142857,34,27,AGCTCTGGCAGCCCTTCCTA,7,1836081
hyuA_predicted,0.39285714285714285,37,27,AGCTAGCTGTAGCAACTGTC,10,1844088
hyuA_predicted,0.39285714285714285,37,27,ACTTTCTTAATACTGTGCAT,10,1861856
hyuA_predicted,0.25,33,27,ACTACGCAAGGACGAGAACT,6,1875790
hyuA_predicted,0.9285714285714286,52,27,ACCATCAAAGTACAGGTACC,25,1828972
hyuA_predicted,0.14285714285714285,30,27,ACAGTTTCAGTCAGATTATC,3,1861891
hyuA_predicted,1.0714285714285714,56,27,ACACTCAAATACATCAAAAT,29,1829720
hyuA_predicted,0.8214285714285714,49,27,ACACATGCTTAGCGATTCAG,22,1851722
hyuA_predicted,0.8214285714285714,49,27,ACAAGATTGGCCCGGTATTT,22,1858977
hyuA_predicted,0.5357142857142857,41,27,AATGTTAGAGCAACCTTGGT,14,1833168
hyuA_predicted,0.5357142857142857,41,27,AAGCGTGCTATGTAGACTCT,14,1876634
hyuA_predicted,0.2857142857142857,34,27,AACGCTATGGGGATGCACAA,7,1830644
hyuA_predicted,1.0714285714285714,56,27,AACCCGCCTGACACCAGTTA,29,1846040
hyuA_predicted,0.07142857142857142,28,27,AACATACTTTCTGCTGCTTC,1,1844576
hyuA_predicted,0.75,47,27,AAAGTCGTTTTCGTTGGAAT,20,1838098
hyuA_predicted,0.39285714285714285,37,27,AAAATCGCTACGGGACGAGC,10,1872141
hyuA_predicted,0.7407407407407407,45,26,TTTTAAGTTTCTAACCCAAA,19,1865949
hyuA_predicted,0.6296296296296297,42,26,TTTCTGTGCAGCTTCACGAA,16,1831336
hyuA_predicted,0.25925925925925924,32,26,TTCTACTAGCGCAAGCCTCC,6,1844530
hyuA_predicted,0.9629629629629629,51,26,TGGCAGATACCCCAACACAA,25,1830370
hyuA_predicted,1.962962962962963,78,26,TGATACGCGAGGCCTCTCCC,52,1845882
hyuA_predicted,1.1111111111111112,55,26,TGAAGTTCGAACCAAGGTTC,29,1846486
hyuA_predicted,0.8148148148148148,47,26,TCTTTTCCATAGTGGACGTT,21,1840938
hyuA_predicted,0.4444444444444444,37,26,TCTCTGACCGTAGCTTCTTG,11,1845091
hyuA_predicted,0.2962962962962963,33,26,TCGAATGCGATGATATCCAG,7,1854129
hyuA_predicted,0.48148148148148145,38,26,TCCTTGGTTATACGGTCTCT,12,1860483
hyuA_predicted,0.25925925925925924,32,26,TCCAGGACTACTGCGTATCT,6,1850191
hyuA_predicted,0.7037037037037037,44,26,TCACAGAACTTCTTGCAGTT,18,1854171
hyuA_predicted,0.4074074074074074,36,26,TCAACATAACCGGTTACCAT,10,1870577
hyuA_predicted,0.5925925925925926,41,26,TAGGACTCTTATACTAAGGT,15,1867807
hyuA_predicted,0.7407407407407407,45,26,TACACGCTAGGGCGGCCGAA,19,1837276
hyuA_predicted,1.1111111111111112,55,26,TAATGGACGGCCTATTAATT,29,1834879
hyuA_predicted,1.2962962962962963,60,26,GTCTTTACGTAGGTAATTAC,34,1866025
hyuA_predicted,0.48148148148148145,38,26,GTCGCCCTATGATCTAAAAT,12,1853364
hyuA_predicted,1.037037037037037,53,26,GTCCTCTCACCAACGGTTAT,27,1852670
hyuA_predicted,0.1111111111111111,28,26,GGTCTCAGAATGTTTCGTTA,2,1854133
hyuA_predicted,0.3333333333333333,34,26,GGTCAGAAAAGCACATATCG,8,1832842
hyuA_predicted,0.2222222222222222,31,26,GGTACGCACTGATTAGAAAA,5,1858506
hyuA_predicted,0.07407407407407407,27,26,GGGTGATACTAGAATTTGAG,1,1866650
hyuA_predicted,1.1851851851851851,57,26,GGGCACATATTCAGTGGGTC,31,1849800
hyuA_predicted,2.2222222222222223,85,26,GCTGTCATGGCGGGGCTCGA,59,1833409
hyuA_predicted,0.6666666666666666,43,26,GCTCCTCGTCAAGTTGGGTT,17,1864591
hyuA_predicted,0.48148148148148145,38,26,GCGTAGGTTGATAGCCGTGT,12,1862267
hyuA_predicted,0.1111111111111111,28,26,GCGGACCCCAGTGACTCTTC,2,1866239
hyuA_predicted,0.3333333333333333,34,26,GCGCGATTCCCCAACTAACA,8,1875100
hyuA_predicted,0.9259259259259259,50,26,GCGACCGCTATTTAAAACTC,24,1872643
hyuA_predicted,0.2222222222222222,31,26,GCATTCGGGTCACGCCTTAA,5,1872359
hyuA_predicted,0.5555555555555556,40,26,GAGTGAGTCTCAGTCCGCTT,14,1839059
hyuA_predicted,0.8148148148148148,47,26,GAGCTGACAAGCATCACTGT,21,1850595
hyuA_predicted,0.5185185185185185,39,26,GACAGTTATCCGGGCCGTGG,13,1839774
hyuA_predicted,0.48148148148148145,38,26,GAATTCGTCAGTACGGGCGT,12,1847929
hyuA_predicted,1.1111111111111112,55,26,GAACTTGTCATATGATCCGG,29,1854529
hyuA_predicted,0.18518518518518517,30,26,CTTTCCAATAGACCCCGCTG,4,1857529
hyuA_predicted,0.8888888888888888,49,26,CTTGTCTGGCGTACATGTAT,23,1876306
hyuA_predicted,0.5555555555555556,40,26,CTTGGGAGTTAACACACAGA,14,1863338
hyuA_predicted,0.6666666666666666,43,26,CTTCCAAACTGGGACGTCAG,17,1864100
hyuA_predicted,0.5925925925925926,41,26,CTGGTTAAAGTTTCTCGGAT,15,1862946
hyuA_predicted,1.1481481481481481,56,26,CTGACCCATCTGTTCTTCAA,30,1838667
hyuA_predicted,0.18518518518518517,30,26,CTCTAGGATCAAATCGATTG,4,1836917
hyuA_predicted,0.4444444444444444,37,26,CTCGCGAGACTGGTTCTTAG,11,1854609
hyuA_predicted,0.4444444444444444,37,26,CTCCACAGGGTCTCGAAGAG,11,1849989
hyuA_predicted,0.07407407407407407,27,26,CGTGTAGGGCAGGCCGATGA,1,1851655
hyuA_predicted,1.1481481481481481,56,26,CGTCGTACACAACCTAATGG,30,1830495
hyuA_predicted,0.1111111111111111,28,26,CGGCGCACACGATGCTGGTT,2,1844877
hyuA_predicted,0.6296296296296297,42,26,CGATCGACAAATTCTACTTT,16,1869822
hyuA_predicted,0.25925925925925924,32,26,CCTATTAAACTCGGCCTGCG,6,1857689
hyuA_predicted,0.5185185185185185,39,26,CCGGTGCTAACCAAAACGTT,13,1874987
hyuA_predicted,0.48148148148148145,38,26,CCGAAACGATACCAGCTCTA,12,1839134
hyuA_predicted,1.1111111111111112,55,26,CATTAAGTCGGGTAGCCATT,29,1861865
hyuA_predicted,0.6666666666666666,43,26,CAGTTTGTGCCGCCTAAGGG,17,1831815
hyuA_predicted,0.07407407407407407,27,26,CAATTTTGGGCCGTACAAAC,1,1849767
hyuA_predicted,1.8888888888888888,76,26,CAACTTGCCTTATCGCCTTT,50,1863679
hyuA_predicted,1.2592592592592593,59,26,ATCATGTTCGCAAATGCGTA,33,1867179
hyuA_predicted,0.2962962962962963,33,26,ATAAGGATGATTCGAATTGT,7,1847119
hyuA_predicted,0.7407407407407407,45,26,ATAACATCGTTTAAAGTGTG,19,1838710
hyuA_predicted,1.1111111111111112,55,26,AGGTCTTCTTTCACGACGCG,29,1841049
hyuA_predicted,0.5185185185185185,39,26,AGGGACATGCGCGCAACCTT,13,1860922
hyuA_predicted,0.6666666666666666,43,26,AGATACGCTCCTAGGCCCAA,17,1868025
hyuA_predicted,0.2962962962962963,33,26,ACTTTGAGCGGAAACTCTGA,7,1851040
hyuA_predicted,0.5185185185185185,39,26,ACTACCCGCGGCGAATAGTT,13,1845014
hyuA_predicted,0.8148148148148148,47,26,ACATGCTGGGGGAGCGGATC,21,1862658
hyuA_predicted,0.18518518518518517,30,26,ACAAGTTGTATTAATGAGCA,4,1871804
hyuA_predicted,0.8518518518518519,48,26,AATTACTGTCATTGCAGTTC,22,1868940
hyuA_predicted,0.6666666666666666,43,26,AAGTTTGAAATGGAGAGGAG,17,1838020
hyuA_predicted,1.2222222222222223,58,26,AAGTGGCTACGTTTCCATGC,32,1840549
hyuA_predicted,0.37037037037037035,35,26,AAGTATAACAGCCGTCGATT,9,1845495
hyuA_predicted,0.07407407407407407,27,26,AAATGGACGATGTGTTAGAC,1,1870579
hyuA_predicted,0.15384615384615385,28,25,TTTTTGGTATCAACGGAGGA,3,1865851
hyuA_predicted,0.6538461538461539,41,25,TTTCCGATCTGTAGGCAAAC,16,1856977
hyuA_predicted,0.46153846153846156,36,25,TTCTGCAACGGGTCTCCCTT,11,1872192
hyuA_predicted,0.07692307692307693,26,25,TTAGTCTGATTGTACAAGTG,1,1874437
hyuA_predicted,0.2692307692307692,31,25,TTAAGCCTGTCTCTCCGAAA,6,1846247
hyuA_predicted,0.6153846153846154,40,25,TGGTACGATCATCGATGCAA,15,1848407
hyuA_predicted,0.6538461538461539,41,25,TGCGTTTCACGTAGAAGCGT,16,1844512
hyuA_predicted,0.6923076923076923,42,25,TGAGAAGCCGATTCGGCGAA,17,1835950
hyuA_predicted,0.7692307692307693,44,25,TGAATGATAACTGATAAGAT,19,1832080
hyuA_predicted,0.11538461538461539,27,25,TCTCTTCATGGTCGAGAGTA,2,1830462
hyuA_predicted,0.9230769230769231,48,25,TCGGCCTCGACTGTCTAACT,23,1867050
hyuA_predicted,0.5384615384615384,38,25,TCGACAGAGAAAAATTTGCA,13,1839509
hyuA_predicted,0.23076923076923078,30,25,TCCTATGTCATATCACGTGA,5,1836355
hyuA_predicted,0.8076923076923077,45,25,TCCCACTATGCGGGTCGAAA,20,1875685
hyuA_predicted,0.2692307692307692,31,25,TCATTCGACCCGACGATATG,6,1844907
hyuA_predicted,0.19230769230769232,29,25,TCACATAAACAAGGCAACCC,4,1841250
hyuA_predicted,0.6923076923076923,42,25,TAGAGCGCGAGGGGTGTTGT,17,1852208
hyuA_predicted,0.8076923076923077,45,25,TACGTTCCACATATCTTCCC,20,1854083
hyuA_predicted,0.5,37,25,TACCGCACAAGGGAAGCCCA,12,1847153
hyuA_predicted,0.5,37,25,TAATAGGTATGTCAGGATTT,12,1856920
hyuA_predicted,0.07692307692307693,26,25,TAACACTCCATCACGATGCA,1,1832044
hyuA_predicted,0.34615384615384615,33,25,GTGTTAGCCACCGCCTAGTT,8,1852426
hyuA_predicted,0.5384615384615384,38,25,GTGCGCGCACCAGCTACCTT,13,1872893
hyuA_predicted,0.9230769230769231,48,25,GTGCGCACAAGCCATTAAGT,23,1842854
hyuA_predicted,0.07692307692307693,26,25,GTCTTAAGGTTAGCCCTTTA,1,1861191
hyuA_predicted,1.0384615384615385,51,25,GTCCCTCACCACCTGTTAAT,26,1858775
hyuA_predicted,0.38461538461538464,34,25,GGGTATAATTCATTGCTTGC,9,1834669
hyuA_predicted,0.3076923076923077,32,25,GGGGTCATATCTTTCTCTTA,7,1845981
hyuA_predicted,0.07692307692307693,26,25,GGCGCCTAAGACAGACTTGT,1,1853652
hyuA_predicted,0.3076923076923077,32,25,GGATGCCGTAAATCTGGTCA,7,1844472
hyuA_predicted,0.7692307692307693,44,25,GCTAGGTGTCATTTGTAGCA,19,1865887
hyuA_predicted,1.0769230769230769,52,25,GCGCCAGGGGCTTATGTGGT,27,1842252
hyuA_predicted,0.07692307692307693,26,25,GCCCCTTCTCACTGCTATGG,1,1868302
hyuA_predicted,0.9230769230769231,48,25,GCCAATACCACTAATTTGCA,23,1848508
hyuA_predicted,0.19230769230769232,29,25,GCACGCTTTGATAGAGATTC,4,1830202
hyuA_predicted,0.7307692307692307,43,25,GCACCACTCCCCTCCTAAAT,18,1877119
hyuA_predicted,0.07692307692307693,26,25,GAGCTGTTAACGTTGGTACC,1,1847331
hyuA_predicted,0.46153846153846156,36,25,CTTGCTTCCAGCTATGTCAG,11,1877255
hyuA_predicted,0.5,37,25,CTTATTAACCGCTTGGGTAT,12,1860086
hyuA_predicted,0.23076923076923078,30,25,CTCTGAGTCGAGGCTCAAGA,5,1857752
hyuA_predicted,0.5384615384615384,38,25,CTCGTGTTTGTCAAGTGCTT,13,1860426
hyuA_predicted,1.0384615384615385,51,25,CTATTTACCTCCGTGGTGAA,26,1830284
hyuA_predicted,0.38461538461538464,34,25,CGTTTTTCACTATCACTGAG,9,1838485
hyuA_predicted,1.1538461538461537,54,25,CGTGGCCGCGTAAGACTTTA,29,1833544
hyuA_predicted,0.34615384615384615,33,25,CGCTACGGACTCTTCCAATC,8,1860087
hyuA_predicted,0.7692307692307693,44,25,CGCGGGACACATCGAGAATG,19,1829729
hyuA_predicted,0.3076923076923077,32,25,CGCGGGAAAATGACCTTAAT,7,1833012
hyuA_predicted,0.07692307692307693,26,25,CGACGGCTGGGGATTCGATC,1,1869602
hyuA_predicted,0.6538461538461539,41,25,CCCGATCATCATCCCGGATT,16,1847251
hyuA_predicted,1.3846153846153846,60,25,CCAGGTAGGACAGTCGGGCT,35,1833483
hyuA_predicted,1.3076923076923077,58,25,CAGCTGAGAATAGTTTAAGG,33,1863814
hyuA_predicted,0.46153846153846156,36,25,CAATAAGGCTCAAAGGAAAG,11,1851137
hyuA_predicted,0.23076923076923078,30,25,ATTCGGTCGATGCGTTTCTG,5,1837647
hyuA_predicted,0.15384615384615385,28,25,ATGTTCCCCCTGGGGTGGCC,3,1860702
hyuA_predicted,0.5,37,25,ATGGACAACTAACCTGACTC,12,1863457
hyuA_predicted,0.6153846153846154,40,25,ATCTCAGCGAAAGGGGGGTA,15,1841909
hyuA_predicted,1.1153846153846154,53,25,ATCGTTGGTAGACAGGTAAT,28,1841874
hyuA_predicted,0.3076923076923077,32,25,ATCGAATAGTCCACAAGTTC,7,1833050
hyuA_predicted,0.34615384615384615,33,25,ATATAGCTCCTGGGTTTTTT,8,1849771
hyuA_predicted,0.46153846153846156,36,25,AGTTTCATCCTCTCATGACA,11,1838920
hyuA_predicted,0.2692307692307692,31,25,AGTTGATTTTCGCTGGCAAA,6,1831074
hyuA_predicted,1.3076923076923077,58,25,AGTAGTTTAGTCTTATACAT,33,1868261
hyuA_predicted,1.6538461538461537,67,25,AGTACGTTGTCCTTTTATTA,42,1877159
hyuA_predicted,0.38461538461538464,34,25,AGGTTACTCGCTGGTTCTTT,9,1855030
hyuA_predicted,0.11538461538461539,27,25,AGATCGCCGTACGACTTGAG,2,1874162
hyuA_predicted,0.34615384615384615,33,25,ACTGACATCATTATGTCCTT,8,1830181
hyuA_predicted,0.38461538461538464,34,25,ACGGTCAGCGGAACCTCCTA,9,1877527
hyuA_predicted,0.07692307692307693,26,25,ACGAACGAATACGCCTGTCG,1,1844383
hyuA_predicted,0.5769230769230769,39,25,ACACTTTTATTGTTAGAGTT,14,1873365
hyuA_predicted,0.11538461538461539,27,25,AACTCGGGGTCCCATCGTGA,2,1872716
hyuA_predicted,0.2692307692307692,31,25,AACCCAAATGTGAACTCGGG,6,1849402
hyuA_predicted,0.8461538461538461,46,25,AACATGGTATGGGGTACCGA,21,1837703
hyuA_predicted,0.2692307692307692,31,25,AACAAGACAAAGATCGCATT,6,1832216
hyuA_predicted,0.2,28,24,TTTTGCCAAATATTAAAAAC,4,1852624
hyuA_predicted,0.48,35,24,TTTTATTACTTGTATGACTT,11,1864649
hyuA_predicted,0.76,42,24,TTTTAATTAGAGGCAAATAT,18,1870226
hyuA_predicted,0.76,42,24,TTTGCGGCGCATCGGGCGTG,18,1872411
hyuA_predicted,2.36,82,24,TTTGAGGCTCGACCCCGTGA,58,1829523
hyuA_predicted,0.4,33,24,TTTCCCTTACGAGGTCCTTA,9,1847997
hyuA_predicted,0.4,33,24,TTGTATGAGTTGTGGGAACA,9,1862596
hyuA_predicted,0.52,36,24,TTGGGCGAATACACAAAGAG,12,1869525
hyuA_predicted,1.64,64,24,TTGGCTCCAGGCTCGGACAA,40,1835840
hyuA_predicted,1.48,60,24,TTCTTTGAGATTTTAAGGAA,36,1831382
hyuA_predicted,0.24,29,24,TTAGTCCGCCCGACCGGCAA,5,1856546
hyuA_predicted,0.64,39,24,TTAGCGTTGTACCTCGCCCT,15,1870606
hyuA_predicted,0.4,33,24,TGTTTGAGGGATATATGATA,9,1834055
hyuA_predicted,1.44,59,24,TGGTCAAGTCGATTTTCGGT,35,1860911
hyuA_predicted,0.56,37,24,TGGGCACTGTACTTGAGGGT,13,1848226
hyuA_predicted,1.0,48,24,TGGCTCAGACAATCAGGGAA,24,1849164
hyuA_predicted,0.64,39,24,TGGACCGGGGAATGCACGCT,15,1840035
hyuA_predicted,0.08,25,24,TGAAAACAACCGGCGCTTTA,1,1842723
hyuA_predicted,0.64,39,24,TCTGTATTCCCTGCCACCCC,15,1844757
hyuA_predicted,0.64,39,24,TCTCTAAATCGGCGCCCCGG,15,1850631
hyuA_predicted,0.56,37,24,TCGATCCCCTTTGTTGATAG,13,1862456
hyuA_predicted,0.32,31,24,TCGATATATGCGCACTAAGT,7,1834151
hyuA_predicted,0.8,43,24,TCCTTCAACGATCGTCGATG,19,1852127
hyuA_predicted,0.96,47,24,TCCAGTACCTAGTCGTTTAG,23,1867156
hyuA_predicted,0.08,25,24,TCACTTCCGTGGGCCAAAAT,1,1833228
hyuA_predicted,0.32,31,24,TATTTCTTGTACGTGTACCC,7,1870404
hyuA_predicted,0.48,35,24,TATTACAGGAGCGTTACGGA,11,1849360
hyuA_predicted,1.04,49,24,TATGGTCCGACCCGTGCCTT,25,1869424
hyuA_predicted,0.84,44,24,TATCACCTGGATAGGTAGTA,20,1845059
hyuA_predicted,0.12,26,24,GTTTACTCTCTCAGCGACTA,2,1853786
hyuA_predicted,0.6,38,24,GTCCACGGTAGGGCTTTTCA,14,1865238
hyuA_predicted,0.12,26,24,GGTCCCCGCTTCTCACTATG,2,1858217
hyuA_predicted,0.68,40,24,GGGATTGGATCAATCAAGGA,16,1855154
hyuA_predicted,0.28,30,24,GGAAATAACTGTGTCAGTAC,6,1841008
hyuA_predicted,0.56,37,24,GCTGCCAGGGTAATACCAAT,13,1833182
hyuA_predicted,0.36,32,24,GCTACCTACTGTAGACTCGA,8,1834860
hyuA_predicted,0.32,31,24,GCTAAAACATCACGTGATGA,7,1877256
hyuA_predicted,1.8,68,24,GCGCGAGTCTACAAGCCAGT,44,1868061
hyuA_predicted,0.76,42,24,GCGAGGGACTGTATAGCGTC,18,1845451
hyuA_predicted,0.72,41,24,GCCCAGAGTCCCCAAATCTA,17,1856649
hyuA_predicted,0.68,40,24,GCATCTCGGCTCATCGGCTC,16,1848612
hyuA_predicted,0.72,41,24,GAGTCGTCCATGTCCGTCTT,17,1834091
hyuA_predicted,0.56,37,24,GAGCTGGCATAGGGAATAGT,13,1843264
hyuA_predicted,0.4,33,24,GACATCGATAAAGAACACAA,9,1850729
hyuA_predicted,0.64,39,24,CTTTACTTCCAGAATGGGCT,15,1831084
hyuA_predicted,0.44,34,24,CTGGTATAACCTCGATTTTG,10,1877872
hyuA_predicted,0.16,27,24,CTGCCGTTGGACGTCTGCGG,3,1844425
hyuA_predicted,0.56,37,24,CTAGGGCTTTACCACGAGGG,13,1836492
hyuA_predicted,1.24,54,24,CTAGGCGACCGGTAACCTAA,30,1856439
hyuA_predicted,0.28,30,24,CTACTCGACCCATTGAATTC,6,1852997
hyuA_predicted,0.52,36,24,CGTGATATCTTTAGCATTAT,12,1842683
hyuA_predicted,0.16,27,24,CGTCTACGGAGGAGCTTGAG,3,1834963
hyuA_predicted,0.2,28,24,CGTACACAGAATGAATCACG,4,1856124
hyuA_predicted,0.4,33,24,CGTAAAGTTATCGATGTTCC,9,1836769
hyuA_predicted,0.64,39,24,CGGCAAGGTACGGGCGCGGA,15,1844195
hyuA_predicted,1.04,49,24,CGATGGGGAGGGAGAGCGAC,25,1855382
hyuA_predicted,0.48,35,24,CCTCAGGTAACCTCTTCCGT,11,1835849
hyuA_predicted,0.28,30,24,CCGGCTTTGCGAGGTTTCGT,6,1828942
hyuA_predicted,0.4,33,24,CCGAGGAAACGGAGTCTAGG,9,1849678
hyuA_predicted,0.16,27,24,CCCTAGCATAAGAAACATCT,3,1854649
hyuA_predicted,0.68,40,24,CATGTCGTTCTCTGTTTGAG,16,1858019
hyuA_predicted,0.6,38,24,CATCAGTCCCCACAACAGAA,14,1870998
hyuA_predicted,0.08,25,24,CAGACCAGTGTGACGTTACT,1,1876100
hyuA_predicted,0.68,40,24,CAATCTACTGCGCTATGGTG,16,1877520
hyuA_predicted,0.68,40,24,CAATCGATATTGCTAGGGAC,16,1846240
hyuA_predicted,0.24,29,24,CAAAATATATGACCGTCTGG,5,1870227
hyuA_predicted,0.2,28,24,ATGTTCGATGCCGCGGTATC,4,1877438
hyuA_predicted,0.88,45,24,ATGGTGTCGGTATTCTATTA,21,1848716
hyuA_predicted,0.56,37,24,ATGGATTTCACCTACTGTCG,13,1833795
hyuA_predicted,0.76,42,24,ATGAAAGACAAGTCTGGCGT,18,1861267
hyuA_predicted,0.08,25,24,ATCTATAGCAACATCGCTCT,1,1864427
hyuA_predicted,0.28,30,24,ATCATATCGGTGGTTCCACA,6,1845863
hyuA_predicted,0.36,32,24,AGTGTGAGATTAAGAGTAGC,8,1877873
hyuA_predicted,0.08,25,24,AGGAAAATGGCGCACGAAGA,1,1843003
hyuA_predicted,1.44,59,24,AGCTTCGGACGGCTCGTGTT,35,1838240
hyuA_predicted,1.2,53,24,AGCGCCCCGGAGCAACGCCT,29,1839108
hyuA_predicted,0.76,42,24,AGCGCAATTACACGTAAACT,18,1833486
hyuA_predicted,0.24,29,24,AGATCCTCGCGTGAAATTTT,5,1841914
hyuA_predicted,1.12,51,24,ACTTCCTACTTTACAGGTAT,27,1846819
hyuA_predicted,0.64,39,24,ACTCGCCCACGGCTCCTAAA,15,1832628
hyuA_predicted,0.12,26,24,ACTATCTACGGTAAAGGAAA,2,1837030
hyuA_predicted,0.08,25,24,ACGTGAGTGCGGGAATCTCA,1,1861750
hyuA_predicted,0.44,34,24,AATTGTACTATTCTCTCATG,10,1840030
hyuA_predicted,0.76,42,24,AATGCGCCAAAAATGGCCGT,18,1874515
hyuA_predicted,0.08,25,24,AATCTCCCGCGGGGGGAATG,1,1876375
hyuA_predicted,0.08,25,24,AAGGCTACGTATTGTTCCGT,1,1872823
hyuA_predicted,0.4,33,24,AACTAGGCCATTGGACCCGA,9,1875922
hyuA_predicted,0.08,25,24,AACGCAGCGGTTGGATCAAG,1,1847546
hyuA_predicted,0.4,33,24,AACACGGATGATTTTGTAGA,9,1875775
hyuA_predicted,1.92,71,24,AAATGGGGCTGGCGTGTTTA,47,1831541
hyuA_predicted,0.75,40,23,TTTTAATTACGGATTGCGAG,17,1844644
hyuA_predicted,0.20833333333333334,27,23,TTTAGCATATATGCTGAACT,4,1845947
hyuA_predicted,0.625,37,23,TTATCTAATGACAGAAGAGG,14,1833210
hyuA_predicted,0.20833333333333334,27,23,TTACATTTGCGTCTTTGGAC,4,1864933
hyuA_predicted,1.4583333333333333,57,23,TGTGGAACACTAACACTAGC,34,1830965
hyuA_predicted,0.08333333333333333,24,23,TGCCTCACGCATGGTTCCCT,1,1860337
hyuA_predicted,0.08333333333333333,24,23,TGAATGAGTACGCCCACGGT,1,1846246
hyuA_predicted,1.125,49,23,TCTCATGCCTTACTCACGGC,26,1841726
hyuA_predicted,0.3333333333333333,30,23,TCGGGTCCGTCACACGTATG,7,1832833
hyuA_predicted,0.2916666666666667,29,23,TCGGCCACGGGTCGCGCCGG,6,1835715
hyuA_predicted,0.9166666666666666,44,23,TCGCCATACCTCTTGAGCTC,21,1864490
hyuA_predicted,1.1666666666666667,50,23,TCGAAGTTGTGAATCTGTAT,27,1863017
hyuA_predicted,0.125,25,23,TCCGTAGTTGTTGTTTATTT,2,1868733
hyuA_predicted,0.7916666666666666,41,23,TCCCTTTTTTTAGGAGATCC,18,1850181
hyuA_predicted,1.5416666666666667,59,23,TCACGTGGTTGTCGATCCAA,36,1842176
hyuA_predicted,1.0416666666666667,47,23,TATCGCTTGATACAGATGAG,24,1864593
hyuA_predicted,1.6666666666666667,62,23,TACTGAGCGATTAGCAACAA,39,1849061
hyuA_predicted,0.125,25,23,TACGCAGATGCCCGCGAAAG,2,1875044
hyuA_predicted,0.7916666666666666,41,23,TACCATTACTAGCATGGAAG,18,1845830
hyuA_predicted,0.625,37,23,TAACGATTTACATCGGCAGT,14,1865904
hyuA_predicted,0.9166666666666666,44,23,TAAAGCATTCAAACCCTGCA,21,1876064
hyuA_predicted,0.5,34,23,GTTTTAAAGCTTACCGGCTC,11,1860002
hyuA_predicted,0.5833333333333334,36,23,GTTCTCTCTTCTCCGGTCGT,13,1828985
hyuA_predicted,0.08333333333333333,24,23,GTCGCTGCGGTTAAGTATGT,1,1866180
hyuA_predicted,0.7083333333333334,39,23,GTAGGGTAATTTTGATGAAT,16,1836308
hyuA_predicted,0.5833333333333334,36,23,GGTCTTGGCATATTTCTCCC,13,1859865
hyuA_predicted,0.3333333333333333,30,23,GGTCTCCTGCTTTCGGAGTA,7,1870751
hyuA_predicted,0.08333333333333333,24,23,GGTCAGTAGGCGGCAGGCTC,1,1841212
hyuA_predicted,3.2916666666666665,101,23,GGGCGTCAGCGTTACGGTTG,78,1846942
hyuA_predicted,0.875,43,23,GGCTACGGACAAAATAAGAA,20,1855058
hyuA_predicted,0.25,28,23,GGAGTAATCAGCGGCCGTTG,5,1852180
hyuA_predicted,0.75,40,23,GCGGTTACAAGGGAATAAGC,17,1844801
hyuA_predicted,0.125,25,23,GCGCGTTGTTATTTTTAGGC,2,1868317
hyuA_predicted,1.1666666666666667,50,23,GCCAGTTCTAGAAGCATATC,27,1865176
hyuA_predicted,1.1666666666666667,50,23,GATACGGCAACCCCAACTGG,27,1861673
hyuA_predicted,0.08333333333333333,24,23,GATAATATAGGGCTGACATG,1,1832517
hyuA_predicted,0.5,34,23,GATAACCTAAATCAGGTGTT,11,1874670
hyuA_predicted,1.125,49,23,GAGTTCCACTATTCTGGCTA,26,1862654
hyuA_predicted,0.875,43,23,GAGGTTCGAGCTTCGCTCCG,20,1857210
hyuA_predicted,0.5,34,23,GAGGTGGGCATGGTGCGGTC,11,1839676
hyuA_predicted,0.9166666666666666,44,23,GAGGCTTGTACGGTAAAGTC,21,1829320
hyuA_predicted,0.9166666666666666,44,23,GAGGCAGCCCTCCTGTGCCC,21,1838194
hyuA_predicted,0.5416666666666666,35,23,GAGGACGATCTGCTCGCATA,12,1835598
hyuA_predicted,1.2083333333333333,51,23,GACTTACCACCTCAAGCTAT,28,1832909
hyuA_predicted,0.8333333333333334,42,23,GACAACCAGCGAAAGTCTTG,19,1849155
hyuA_predicted,0.3333333333333333,30,23,GAATCTCTATTCCAATGCGG,7,1853419
hyuA_predicted,0.08333333333333333,24,23,GAACGCTGAGGGGTACACAC,1,1853616
hyuA_predicted,0.375,31,23,GAACCCGCCGCAGAACAAGT,8,1876809
hyuA_predicted,0.20833333333333334,27,23,GAAACCATAATGTTCGGGCT,4,1869754
hyuA_predicted,0.8333333333333334,42,23,CTTTTAAGTTCCTACCCTTG,19,1866406
hyuA_predicted,0.3333333333333333,30,23,CTTCGACTTTTAGAGTACGT,7,1842796
hyuA_predicted,1.0416666666666667,47,23,CTGTAGATTGTGATCGATCA,24,1862266
hyuA_predicted,0.5833333333333334,36,23,CTGCTCACCACTCCCGTGAA,13,1839923
hyuA_predicted,1.125,49,23,CTGAGCGATCGATTTCCGCT,26,1835080
hyuA_predicted,0.5,34,23,CTCTCAAATCGGTTGTCTCG,11,1844422
hyuA_predicted,1.0833333333333333,48,23,CTCTACTGTCCTTTGGCATG,25,1844633
hyuA_predicted,1.125,49,23,CTAATGCGATTAGTATGCCT,26,1856911
hyuA_predicted,1.3333333333333333,54,23,CGTCTTAAGCCAGCACACTC,31,1872760
hyuA_predicted,0.7083333333333334,39,23,CGGATTAGGCCACGGTAAGA,16,1866678
hyuA_predicted,0.7916666666666666,41,23,CGCAGGTTAAGTAAGTTGGT,18,1834620
hyuA_predicted,0.9583333333333334,45,23,CGACCGGGAGCAATCATGCT,22,1840264
hyuA_predicted,0.4583333333333333,33,23,CCTGATCCTGGTTGCTGAGA,10,1842517
hyuA_predicted,0.5833333333333334,36,23,CCTCCCCACAGGTGTCTCCA,13,1843394
hyuA_predicted,0.875,43,23,CCGTGGTGCCATTATGATCC,20,1831080
hyuA_predicted,0.5416666666666666,35,23,CCGTGGCCAACGTCTTACTG,12,1834187
hyuA_predicted,1.375,55,23,CCGGGGCCATCTTTCTGTCT,32,1874315
hyuA_predicted,1.6666666666666667,62,23,CATGTCCTTCAAACTCCTAT,39,1874996
hyuA_predicted,0.125,25,23,CACATGGGCTCCTGGTGGCG,2,1834796
hyuA_predicted,0.375,31,23,CAAATGACAAGTATAGTGAC,8,1843892
hyuA_predicted,1.1666666666666667,50,23,ATGTGGTCGTTCTCCTCAAC,27,1832977
hyuA_predicted,0.5833333333333334,36,23,ATCGCCCTGCCCTGGGTTGG,13,1866535
hyuA_predicted,0.9583333333333334,45,23,ATAGCGGGGCGAAATCATGT,22,1845017
hyuA_predicted,0.08333333333333333,24,23,ATACGGCTAGGTCCAGTGGG,1,1850474
hyuA_predicted,0.875,43,23,AGTTAACTCCATAGGCGACT,20,1833722
hyuA_predicted,1.0,46,23,AGTGGGTGCGGTTTCGTTAC,23,1831575
hyuA_predicted,2.2083333333333335,75,23,AGCTGTCCGTGCAAGACATT,52,1839907
hyuA_predicted,1.0416666666666667,47,23,AGCTCCCTGGCATGTCTTGT,24,1845592
hyuA_predicted,0.5,34,23,AGCGCACCGTCCGAGCAGAA,11,1836210
hyuA_predicted,0.125,25,23,AGATTTGTTGACGGCTTGGG,2,1846046
hyuA_predicted,0.4583333333333333,33,23,AGATTGGATCGCGTGTCAGT,10,1866286
hyuA_predicted,0.4583333333333333,33,23,ACTTTGGCAGGTGCACGGAC,10,1866737
hyuA_predicted,0.5416666666666666,35,23,ACTCGCACGGCCTCTTGTTA,12,1844774
hyuA_predicted,1.25,52,23,ACCTTATTAATCGACCCTTT,29,1834376
hyuA_predicted,1.2083333333333333,51,23,ACCAACCTATCCCGCTATCA,28,1830807
hyuA_predicted,1.8333333333333333,66,23,ACATTTAGCACTAAAACCTA,43,1845652
hyuA_predicted,0.875,43,23,ACAATCTTAGACTAACAGTG,20,1874351
hyuA_predicted,0.2916666666666667,29,23,ACAACTTGAATACTCACTGT,6,1835236
hyuA_predicted,0.4583333333333333,33,23,AAGTTAACAACCTCTCGGCA,10,1870918
hyuA_predicted,0.2916666666666667,29,23,AAGTAGGTGAGCACTCCGCG,6,1834433
hyuA_predicted,1.0,46,23,AAGAGGCTTCTTTATTCGTA,23,1848950
hyuA_predicted,0.3333333333333333,30,23,AAATTCTCGGTTAGATGCGA,7,1860980
hyuA_predicted,0.5833333333333334,36,23,AAATAGCGGCCCTAAACGTT,13,1849731
hyuA_predicted,1.125,49,23,AAATACCATCACCCAGAATT,26,1848394
hyuA_predicted,1.173913043478261,48,22,TTTACCTGTGTTCTCAGGGA,26,1872526
hyuA_predicted,1.0,44,22,TTGGACACAGGAAATCAGAT,22,1868238
hyuA_predicted,2.6956521739130435,83,22,TTCTGTCCCACACATCTCTA,61,1877390
hyuA_predicted,0.6956521739130435,37,22,TTCGTCCGATGGGTCGGTAT,15,1841613
hyuA_predicted,1.2608695652173914,50,22,TTCGGTGGGGGAGTCGGTTA,28,1864798
hyuA_predicted,0.6521739130434783,36,22,TTATTAAGAGCTTAATCACC,14,1852968
hyuA_predicted,0.7391304347826086,38,22,TTATCTGCCCAGTTTGGATT,16,1836209
hyuA_predicted,0.08695652173913043,23,22,TTATCCGTCGGATTGTAGCA,1,1849732
hyuA_predicted,1.1304347826086956,47,22,TGTCCCCTCATAATGCCGAT,25,1851225
hyuA_predicted,0.30434782608695654,28,22,TGTATAATGTCTCTGTACCA,6,1836221
hyuA_predicted,0.17391304347826086,25,22,TGGGGACCCCCTTACAGTAC,3,1835170
hyuA_predicted,0.34782608695652173,29,22,TGCTCGCATCCGCACAGAGC,7,1847695
hyuA_predicted,0.08695652173913043,23,22,TGCACAGAGTCACATTCTAG,1,1833785
hyuA_predicted,0.30434782608695654,28,22,TGATGACAGACTTCGCGGCT,6,1864471
hyuA_predicted,1.3043478260869565,51,22,TGAGCAGCCAAATTTTACAT,29,1847931
hyuA_predicted,0.5217391304347826,33,22,TGAGAGCAGTTAGCGCTAGA,11,1845839
hyuA_predicted,0.08695652173913043,23,22,TGACGCCGCTACGGGTTTCT,1,1841324
hyuA_predicted,1.0434782608695652,45,22,TCGCCTTTGACCCGCGGCGT,23,1863558
hyuA_predicted,0.2608695652173913,27,22,TCCCAGTAAACAGTTTTCGT,5,1871876
hyuA_predicted,1.0,44,22,TCCAATTGGACTAACAAACC,22,1848506
hyuA_predicted,0.6956521739130435,37,22,TCACACGGCGGTGACAAGTC,15,1840424
hyuA_predicted,1.0,44,22,TAGATAATGACCCCTGGGTT,22,1837813
hyuA_predicted,0.43478260869565216,31,22,GTTTTATGCATATAGTTCGT,9,1857600
hyuA_predicted,0.43478260869565216,31,22,GTTGTAGCAGACCCGAGATA,9,1837759
hyuA_predicted,0.17391304347826086,25,22,GTTGAACCTTCCAAGCACAT,3,1856168
hyuA_predicted,0.7391304347826086,38,22,GTGTGGTCCATTCCGCTTAC,16,1829101
hyuA_predicted,0.7391304347826086,38,22,GTGGAATAGGTATACAGAAC,16,1830968
hyuA_predicted,2.9130434782608696,88,22,GTGCTACCGGCTATGCCCCT,66,1844682
hyuA_predicted,0.2608695652173913,27,22,GTATCGAGGGACCAAGCTAA,5,1875801
hyuA_predicted,0.17391304347826086,25,22,GTAGGCTAATAGACTGTCCA,3,1859143
hyuA_predicted,0.782608695652174,39,22,GGTCCGCAGCTCGGGTTTGT,17,1837664
hyuA_predicted,1.173913043478261,48,22,GGTACACGGGGGTCCAATGC,26,1847837
hyuA_predicted,0.7391304347826086,38,22,GGCCGGATCCGGTGTGAGTC,16,1842943
hyuA_predicted,1.1304347826086956,47,22,GGCAACTGTCAATCACGGAC,25,1837755
hyuA_predicted,0.6086956521739131,35,22,GCTTGGGTTCCTTGGCAAAA,13,1833400
hyuA_predicted,0.6086956521739131,35,22,GCTAACGCGAAACCGCCGTG,13,1860202
hyuA_predicted,0.08695652173913043,23,22,GCCTAATCGCAGGTGCAGAA,1,1841583
hyuA_predicted,0.30434782608695654,28,22,GCCGTAGTATCTCCTTGCCA,6,1865658
hyuA_predicted,0.5217391304347826,33,22,GCAACCAGTGTAGTGTGCCC,11,1851251
hyuA_predicted,0.8695652173913043,41,22,GCAACAGAAGTCTGGAACTA,19,1834782
hyuA_predicted,0.2608695652173913,27,22,GATGGCGGGAGAATTGGTCG,5,1846299
hyuA_predicted,0.43478260869565216,31,22,GATCCCGTCACCAAATCGGT,9,1860974
hyuA_predicted,0.43478260869565216,31,22,GATAACGCTCCGCACGACAC,9,1830167
hyuA_predicted,0.391304347826087,30,22,GACTGATGACTTACATGGAT,8,1865465
hyuA_predicted,0.782608695652174,39,22,GACACAAGCACCCCGGACCT,17,1828952
hyuA_predicted,0.08695652173913043,23,22,GAATCTCAACCGTAGTCATC,1,1843862
hyuA_predicted,0.6086956521739131,35,22,GAATACAAGAGGTTACAGCA,13,1853359
hyuA_predicted,0.21739130434782608,26,22,GAAGCGAGGTCAGGTGTGAG,4,1836771
hyuA_predicted,0.17391304347826086,25,22,CTTTCCTGACCCACAGTAGA,3,1863354
hyuA_predicted,1.5217391304347827,56,22,CTTTCATCGTCCCCCCGTCT,34,1852566
hyuA_predicted,0.43478260869565216,31,22,CTTCCCATCGCTGAAAAAGC,9,1854080
hyuA_predicted,0.5652173913043478,34,22,CTGATTATATGTCCTCGGAG,12,1853437
hyuA_predicted,1.0,44,22,CTCGCATCGGGTCAAAACTG,22,1839771
hyuA_predicted,0.08695652173913043,23,22,CTCGAAGTACCTCATCGTCT,1,1846296
hyuA_predicted,0.08695652173913043,23,22,CTATAGGAGTGGCCTTCTAA,1,1837521
hyuA_predicted,0.08695652173913043,23,22,CTATAAAGAGCTACGCAACT,1,1844185
hyuA_predicted,0.8695652173913043,41,22,CGTGCATCGGCATAACGCTG,19,1871258
hyuA_predicted,0.4782608695652174,32,22,CGGATGTTCGGAGCGGAATA,10,1874811
hyuA_predicted,1.0434782608695652,45,22,CGCGTCAATACATATCTTGT,23,1829396
hyuA_predicted,0.13043478260869565,24,22,CGCGGGGGCGGGAAACGCAG,2,1864015
hyuA_predicted,0.782608695652174,39,22,CGCATCTCTTTGGGGGAAAT,17,1866326
hyuA_predicted,0.17391304347826086,25,22,CCTCTTTGCTATACGGATCT,3,1848604
hyuA_predicted,0.6086956521739131,35,22,CCTCGTGCGGTCTACTGCAG,13,1875162
hyuA_predicted,0.5217391304347826,33,22,CCTAACTATCCAACGGGACT,11,1876342
hyuA_predicted,0.17391304347826086,25,22,CCGGCGCCTCATGTGCTCGG,3,1846487
hyuA_predicted,0.13043478260869565,24,22,CCAACGACCTAAGACACGGT,2,1869622
hyuA_predicted,1.2608695652173914,50,22,CATTTCGGGGCGGAGCGGGC,28,1847500
hyuA_predicted,1.391304347826087,53,22,CAGGGATGGTACAACGGGGG,31,1861380
hyuA_predicted,1.0434782608695652,45,22,CAGGCTCCTACTGCCGTAAT,23,1864253
hyuA_predicted,0.391304347826087,30,22,CAGCGTCGGGAAGCTTCGAT,8,1845021
hyuA_predicted,0.7391304347826086,38,22,CACCTTTAGTGGAAGATATT,16,1871686
hyuA_predicted,0.391304347826087,30,22,CAAGGGCTAGTTCTAACTTC,8,1847075
hyuA_predicted,0.4782608695652174,32,22,CAACCCGTTCGGTGGCAGGA,10,1838566
hyuA_predicted,0.13043478260869565,24,22,ATTCCTTTTGACCTCCGCGG,2,1834779
hyuA_predicted,0.7391304347826086,38,22,ATTAGAGGCTAGAGTTCATT,16,1846649
hyuA_predicted,0.5217391304347826,33,22,ATGTCGAAGTTTACAAATCA,11,1861209
hyuA_predicted,1.0434782608695652,45,22,ATGCACACAGTGTTTGGTAT,23,1850919
hyuA_predicted,1.173913043478261,48,22,ATCCAGCGTGCACGATTCGG,26,1834044
hyuA_predicted,0.7391304347826086,38,22,ATCCAGCCGTTGCCCTGCGT,16,1855782
hyuA_predicted,0.5217391304347826,33,22,ATCCACTGAAGAGGTACGTA,11,1849196
hyuA_predicted,0.6086956521739131,35,22,ATCATAGTTCGCAGCGTACA,13,1873210
hyuA_predicted,0.5217391304347826,33,22,ATAGGCGATTAACTTGTCTT,11,1850528
hyuA_predicted,0.782608695652174,39,22,AGGCTAAAGCCGTACGCTAT,17,1857068
hyuA_predicted,0.8695652173913043,41,22,AGGCCTGGTGCATTGTAGTT,19,1850923
hyuA_predicted,0.34782608695652173,29,22,AGCTATACAATTATTGGTAA,7,1875536
hyuA_predicted,0.7391304347826086,38,22,AGCGCGGTTAGCGGAGGTCG,16,1863879
hyuA_predicted,0.5652173913043478,34,22,AGATTGCTGAAGTTACCCTG,12,1839450
hyuA_predicted,2.0869565217391304,69,22,ACATGCCGGGTGTTGGAGAT,47,1843905
hyuA_predicted,0.391304347826087,30,22,AAGTTTAGGCCGTACTGAAA,8,1836920
hyuA_predicted,0.43478260869565216,31,22,AAGGCCCCCGAGGCAGGTCC,9,1869140
hyuA_predicted,0.5,31,21,TTTTTTTCACAAAGACGCTA,10,1845018
hyuA_predicted,0.18181818181818182,24,21,TTTGTGAATGGCTACGTGGT,3,1873826
hyuA_predicted,1.0909090909090908,44,21,TTTAATGTCGCAACTCCTGT,23,1841435
hyuA_predicted,1.2272727272727273,47,21,TTGTCTGGACCTGAATACCA,26,1829584
hyuA_predicted,0.7272727272727273,36,21,TTGAGATAGTCGTTCCCATA,15,1834474
hyuA_predicted,0.18181818181818182,24,21,TGTGGAGAGGTCTGCGGGGA,3,1844067
hyuA_predicted,0.7272727272727273,36,21,TGTCATTTGACACCACGCGT,15,1859700
hyuA_predicted,1.4090909090909092,51,21,TGCCTTTCTATTAGACATCT,30,1874786
hyuA_predicted,2.1818181818181817,68,21,TGAGAGTAGCAGATTTCAGA,47,1864940
hyuA_predicted,0.8181818181818182,38,21,TCTTGTATCGTACAAGGTAA,17,1853080
hyuA_predicted,0.36363636363636365,28,21,TCTCGAGTTGAGCAATGCAT,7,1865871
hyuA_predicted,0.4090909090909091,29,21,TCTATAGTGTTTGTCTAGCA,8,1850656
hyuA_predicted,1.3636363636363635,50,21,TCACTCAGGACTCCATCTTA,29,1846017
hyuA_predicted,0.4090909090909091,29,21,TCAACCGAGATAACACTAGC,8,1839242
hyuA_predicted,0.3181818181818182,27,21,TATGCGCGGTCAAACCGACG,6,1848198
hyuA_predicted,1.1363636363636365,45,21,TAGCCAGTCTCTATTGTCGT,24,1837369
hyuA_predicted,0.09090909090909091,22,21,TACGATCTTCACCCATCATT,1,1861507
hyuA_predicted,0.36363636363636365,28,21,TAAGCATCGAATGAGTATGT,7,1838327
hyuA_predicted,0.7272727272727273,36,21,TAAAGAGGTGCTTCAATCCA,15,1838041
hyuA_predicted,0.7727272727272727,37,21,GTACGAGTGCGGGAAGTTGA,16,1844900
hyuA_predicted,0.5,31,21,GGGTTTGGAAAGCACCTGTA,10,1836978
hyuA_predicted,0.5,31,21,GGCGCCGCGTGGGGTCTAGC,10,1833395
hyuA_predicted,0.5909090909090909,33,21,GGATCGGCCATGTCATCCCT,12,1835567
hyuA_predicted,0.9545454545454546,41,21,GGAACTTTGTTTCGTGATCC,20,1872529
hyuA_predicted,0.9090909090909091,40,21,GCTGCCGTAGATTCAATTGA,19,1835465
hyuA_predicted,0.5454545454545454,32,21,GCTGCAAAAGAAACGTGGTG,11,1832444
hyuA_predicted,0.8636363636363636,39,21,GCTATCAACAACGGAAACAT,18,1852965
hyuA_predicted,0.09090909090909091,22,21,GCAGTTGGAATGCACCATAT,1,1841683
hyuA_predicted,0.5454545454545454,32,21,GCAGTTCATTTATACTGAAT,11,1875206
hyuA_predicted,0.22727272727272727,25,21,GCAAATGAATGAGTGAAGTA,4,1832974
hyuA_predicted,0.45454545454545453,30,21,GAGTGCCGACATATGTATAA,9,1873830
hyuA_predicted,0.6818181818181818,35,21,CTGGAGTTGACGGCCCTTAT,14,1836085
hyuA_predicted,0.18181818181818182,24,21,CTGATTCTACGCGGTTTCTC,3,1857270
hyuA_predicted,0.18181818181818182,24,21,CTCTGGCGACGTGTATTTCG,3,1840942
hyuA_predicted,0.9090909090909091,40,21,CTACTGGCTGTTCACAGAAG,19,1865081
hyuA_predicted,0.18181818181818182,24,21,CTACTGCGTCTACGGAATGA,3,1848511
hyuA_predicted,0.5454545454545454,32,21,CGTTATTGGCGTATTTAAGT,11,1851828
hyuA_predicted,0.6363636363636364,34,21,CGTATTCATTCTCCAGTCGG,13,1865500
hyuA_predicted,0.8636363636363636,39,21,CGGCTGGGTCCGCCGGTGCG,18,1877571
hyuA_predicted,1.0909090909090908,44,21,CGGCCGCTGTATTAATAGGC,23,1833183
hyuA_predicted,1.0454545454545454,43,21,CGCTAGTATCATTGATCTCT,22,1864628
hyuA_predicted,0.5909090909090909,33,21,CGCCCCCCTTCGGGCTAAGA,12,1859229
hyuA_predicted,0.9090909090909091,40,21,CGCCCACATTTTCACCAGTC,19,1861572
hyuA_predicted,0.22727272727272727,25,21,CGCAATGTTTTCTTGTACAT,4,1861531
hyuA_predicted,0.7272727272727273,36,21,CGAAGCATGCATCTTGGTCC,15,1854841
hyuA_predicted,1.5454545454545454,54,21,CGAACAACGAGTCAGCGGGG,33,1864256
hyuA_predicted,0.09090909090909091,22,21,CCTCCTATGAAAGTTCAAGG,1,1840892
hyuA_predicted,2.1818181818181817,68,21,CCTCACTGCATAATTTACGT,47,1874750
hyuA_predicted,0.9545454545454546,41,21,CCGTAATCCTTTAATACAAA,20,1851852
hyuA_predicted,0.6818181818181818,35,21,CCGGCATGGTGCCCGGATTG,14,1855152
hyuA_predicted,1.5909090909090908,55,21,CCGACCGGCCCACTTGCCTT,34,1840693
hyuA_predicted,0.9090909090909091,40,21,CCCTCTTCTTCGCCTTAAGA,19,1851987
hyuA_predicted,0.8636363636363636,39,21,CCCTCTGGCGGTTCTAAACT,18,1845206
hyuA_predicted,0.6363636363636364,34,21,CCCTCTGAGCCGATAGTAGG,13,1836644
hyuA_predicted,0.9545454545454546,41,21,CCAAGCGCGTGGCGTGTGGA,20,1854489
hyuA_predicted,0.8181818181818182,38,21,CATTCTATCAGCCCTGCGGT,17,1835082
hyuA_predicted,0.5454545454545454,32,21,CATGTAGCGAGGGTTTAGCT,11,1831727
hyuA_predicted,0.8636363636363636,39,21,CAGGCATCGATCATTGCGGT,18,1836307
hyuA_predicted,0.6363636363636364,34,21,CACGAGTTCAACCGAACCTC,13,1873725
hyuA_predicted,0.09090909090909091,22,21,CAAGCAGTCTACCCAGGGCA,1,1855573
hyuA_predicted,0.4090909090909091,29,21,CAACAACGCAACCCTTGGTA,8,1853370
hyuA_predicted,0.3181818181818182,27,21,ATTAGCGAATCCCGTTTCTA,6,1853527
hyuA_predicted,2.272727272727273,70,21,ATGGATGAGCATTGGCCTTA,49,1849192
hyuA_predicted,0.8181818181818182,38,21,ATGATTACATCGGTGGAGTC,17,1832519
hyuA_predicted,0.6363636363636364,34,21,ATCGGCTTGGTCGATAACCC,13,1832496
hyuA_predicted,0.6363636363636364,34,21,ATCCTCCGGTCCGGCATGGG,13,1840029
hyuA_predicted,0.5454545454545454,32,21,AGTTGACACTGAGTACGCAA,11,1833044
hyuA_predicted,0.3181818181818182,27,21,AGCGGTGCAAGTGGGGCGAA,6,1857123
hyuA_predicted,0.2727272727272727,26,21,AGCCCCGGAATCCAGAAAAT,5,1873001
hyuA_predicted,0.7727272727272727,37,21,AGCATTATGCCGCTACTGTC,16,1852438
hyuA_predicted,0.7272727272727273,36,21,AGCAGAGCACCTATGCTCAT,15,1840558
hyuA_predicted,0.6363636363636364,34,21,AGACTAGAGTTGACATTACT,13,1845480
hyuA_predicted,0.45454545454545453,30,21,ACTTAGGGGGGACCCGCATC,9,1842699
hyuA_predicted,1.1818181818181819,46,21,ACTGGGTGAACTAGCGGGAA,25,1858127
hyuA_predicted,1.4545454545454546,52,21,ACTACCGGAATGCTGGTTCA,31,1840939
hyuA_predicted,1.4545454545454546,52,21,ACATCTATCTACATGACCAA,31,1875216
hyuA_predicted,0.18181818181818182,24,21,ACAGAGAGGGGCGACTGCGT,3,1844525
hyuA_predicted,2.0454545454545454,65,21,ACACGAATTGACCTCTTGCA,44,1852684
hyuA_predicted,0.6363636363636364,34,21,AATGATCACTGAATAGCCAG,13,1847453
hyuA_predicted,1.3636363636363635,50,21,AATCCCATAATTTAAACTAT,29,1833011
hyuA_predicted,0.09090909090909091,22,21,AAGTTAGCGTTAACCGCTGC,1,1854940
hyuA_predicted,0.45454545454545453,30,21,AAGTGGGCCATGAATTTCGT,9,1856642
hyuA_predicted,0.45454545454545453,30,21,AAGGGAGGAATGTCTCTTGA,9,1867784
hyuA_predicted,0.22727272727272727,25,21,AAGAAGCAGTTTCTCATCTC,4,1858631
hyuA_predicted,0.6666666666666666,33,20,TTTAAGCCCCGGGATTCCCT,13,1851620
hyuA_predicted,0.7142857142857143,34,20,TTGTGGGCCAGTTAAGTGAG,14,1864566
hyuA_predicted,0.5714285714285714,31,20,TTGTCCTCTGGTTTCATCAT,11,1843710
hyuA_predicted,0.47619047619047616,29,20,TTGCTCTCGGCGACTAACGG,9,1846756
hyuA_predicted,0.23809523809523808,24,20,TTGAGGCTAAAATTCAAATT,4,1865888
hyuA_predicted,0.6190476190476191,32,20,TGTTATCGCAGATATAGCTT,12,1853290
hyuA_predicted,1.7619047619047619,56,20,TGCTGGGAACTCTTCTGCAT,36,1830616
hyuA_predicted,0.7142857142857143,34,20,TGCAGGGGTTAAGCTGAGCA,14,1868760
hyuA_predicted,0.2857142857142857,25,20,TGACAAACAGGGCGGCTCTT,5,1861394
hyuA_predicted,0.6190476190476191,32,20,TCTGCGTGACTCCGGCTCGA,12,1835060
hyuA_predicted,0.47619047619047616,29,20,TCTCAGGGTACAGAGATGCA,9,1830648
hyuA_predicted,1.4761904761904763,50,20,TCCGGCCCTTAGCATGTCAT,30,1837091
hyuA_predicted,0.7142857142857143,34,20,TCCCTCCCGCGTCACCGTGA,14,1861061
hyuA_predicted,0.5714285714285714,31,20,TCAATGTGCCGTAGGCGCCA,11,1830155
hyuA_predicted,0.38095238095238093,27,20,TCAAGCACCCCTGGCGAGGA,7,1848788
hyuA_predicted,2.2857142857142856,67,20,TCAACGGGCACCCTACTTCG,47,1872444
hyuA_predicted,0.42857142857142855,28,20,TAGCGGCTGCGGATTAGCTG,8,1830973
hyuA_predicted,0.09523809523809523,21,20,TACTTAACTAAGTTCTAGGA,1,1833578
hyuA_predicted,1.0,40,20,TACAGGAGCGATCTTGCCTG,20,1872857
hyuA_predicted,0.38095238095238093,27,20,TAATCCTCCTGGGCTGGGTG,7,1838869
hyuA_predicted,0.14285714285714285,22,20,TAAACAATCTGCCCGGAGTT,2,1868664
hyuA_predicted,0.8571428571428571,37,20,GTTGGTGATCAATGTCCAAG,17,1829682
hyuA_predicted,0.14285714285714285,22,20,GTTACTGCACCTCCTTCGGT,2,1860704
hyuA_predicted,1.0952380952380953,42,20,GTCGTAATTGCGATGGTAAA,22,1839784
hyuA_predicted,1.0952380952380953,42,20,GTCACTTGATGTAACTGATG,22,1847620
hyuA_predicted,0.2857142857142857,25,20,GTATAAGTATATGGAGCTAG,5,1836398
hyuA_predicted,0.6190476190476191,32,20,GGTCGATTCTAACTAGATAC,12,1856857
hyuA_predicted,0.6190476190476191,32,20,GGTCCGCAGCGGTAGTATGC,12,1837445
hyuA_predicted,0.7142857142857143,34,20,GGTCCACTCATAGGGTCCTC,14,1873844
hyuA_predicted,0.47619047619047616,29,20,GGGCGCCAGTGGAGGGCACC,9,1839260
hyuA_predicted,0.14285714285714285,22,20,GGACGTTTATACGAAATCGT,2,1849122
hyuA_predicted,0.09523809523809523,21,20,GCGTTCGAGAATATTGGTGA,1,1852915
hyuA_predicted,0.09523809523809523,21,20,GCGCCAACAACGTAGAACAA,1,1860756
hyuA_predicted,0.38095238095238093,27,20,GCGACTCATAATAACTTAAA,7,1872351
hyuA_predicted,0.2857142857142857,25,20,GCCTGATCGGTGCATCTTCT,5,1849518
hyuA_predicted,0.8095238095238095,36,20,GCCTCGGCGGCCCCCAGATG,16,1839886
hyuA_predicted,0.42857142857142855,28,20,GCCCAGTTATGTCGCGTCAT,8,1856285
hyuA_predicted,0.47619047619047616,29,20,GCCATCAGGGGGGAATTCGT,9,1867268
hyuA_predicted,0.14285714285714285,22,20,GCATGAAGTTCTCCCCAGGA,2,1861577
hyuA_predicted,1.7619047619047619,56,20,GCATCCAAGTTCATACGTTT,36,1836600
hyuA_predicted,0.7619047619047619,35,20,GCACAGCAACAGTCTGCGAT,15,1844238
hyuA_predicted,3.0476190476190474,83,20,GATCGGTGTTGGCGTACCCA,63,1831580
hyuA_predicted,0.23809523809523808,24,20,GATATGTGATCGGACAGTCT,4,1846522
hyuA_predicted,0.2857142857142857,25,20,GAGGCGTCCGGTCATCTACT,5,1838051
hyuA_predicted,0.6190476190476191,32,20,GAGCGACGACGGTTACGAAG,12,1874904
hyuA_predicted,0.5714285714285714,31,20,GAGCAAGATATGTCGGGCCA,11,1861227
hyuA_predicted,0.7619047619047619,35,20,GACAGGTTTGTCACCTGTAT,15,1831695
hyuA_predicted,0.7142857142857143,34,20,GAAATGGTGTATGTAGTGTA,14,1834991
hyuA_predicted,0.5238095238095238,30,20,CTGACTTACGGTTTCATGGC,10,1833752
hyuA_predicted,0.5714285714285714,31,20,CTGACGATCTGTCGGTTAGG,11,1845745
hyuA_predicted,0.23809523809523808,24,20,CTCTAGTGGATCCTTAATTA,4,1840165
hyuA_predicted,0.38095238095238093,27,20,CTCGTCTTGATATACGGTTC,7,1871441
hyuA_predicted,0.42857142857142855,28,20,CTCAGGGTGCTAGCAGATGT,8,1839151
hyuA_predicted,0.5714285714285714,31,20,CTATGTAGAGGGAAGCAATA,11,1843787
hyuA_predicted,0.5714285714285714,31,20,CTACCAAGTCGATGCTACTG,11,1850541
hyuA_predicted,0.9523809523809523,39,20,CGTTGCTATATACGGTCTAA,19,1836645
hyuA_predicted,0.6190476190476191,32,20,CGTGTAGTTCATGATGCTAC,12,1832635
hyuA_predicted,1.0,40,20,CGTGCCATAAGACTTCCGGT,20,1870181
hyuA_predicted,0.8095238095238095,36,20,CGTAGCGCACGGGCTGACGG,16,1850556
hyuA_predicted,1.1904761904761905,44,20,CGGGCTACAACACCTCGGGA,24,1873947
hyuA_predicted,1.2380952380952381,45,20,CGGCTACGGTACTCCCTTTA,25,1836627
hyuA_predicted,0.47619047619047616,29,20,CGCTTATCTTTAATGCAGGG,9,1853294
hyuA_predicted,0.09523809523809523,21,20,CGCCTCGCCTCAAACATTGC,1,1832665
hyuA_predicted,1.2857142857142858,46,20,CGCAAAGTGGTGGAAGCATG,26,1859094
hyuA_predicted,0.5238095238095238,30,20,CGACTTAAGAAGCGGCATCA,10,1850552
hyuA_predicted,0.42857142857142855,28,20,CCACTAGATCAGTTTAGGAG,8,1869947
hyuA_predicted,1.5714285714285714,52,20,CATTGGGGGAGCTCTCAAGA,32,1833377
hyuA_predicted,0.3333333333333333,26,20,CAGTGCTGGAAGGATGCGAG,6,1838482
hyuA_predicted,0.8571428571428571,37,20,CACGCGCTGGTACGGTTTAA,17,1868699
hyuA_predicted,0.09523809523809523,21,20,CAATCAGTCAGCTAGTCGAA,1,1859236
hyuA_predicted,1.5714285714285714,52,20,ATTGCGGATTGAATATTTTA,32,1861295
hyuA_predicted,0.7619047619047619,35,20,ATACTCAGTAGGGGAGCATA,15,1850093
hyuA_predicted,0.42857142857142855,28,20,AGTACCTGCTCGGATACCAT,8,1867184
hyuA_predicted,0.5238095238095238,30,20,AGGCCGGGACAATGAGTTGG,10,1852090
hyuA_predicted,0.09523809523809523,21,20,AGCGAGAATGGTAATCGAAA,1,1846886
hyuA_predicted,0.14285714285714285,22,20,AGAGTATATTCCCCGTGGTT,2,1864127
hyuA_predicted,0.6666666666666666,33,20,ACTGAGAACCCATGCCTATC,13,1843228
hyuA_predicted,0.9047619047619048,38,20,ACGGCAATATCATTTCTGTC,18,1843362
hyuA_predicted,0.6190476190476191,32,20,ACGCGGGCTGGATAAACCTT,12,1872099
hyuA_predicted,0.7142857142857143,34,20,ACCGCTCCGGCCCGGTAAGT,14,1836103
hyuA_predicted,0.9523809523809523,39,20,ACATTTGCTACCCACAACCT,19,1845746
hyuA_predicted,0.5238095238095238,30,20,ACATCACATGCTTGAACGCG,10,1845428
hyuA_predicted,2.0476190476190474,62,20,ACATAGCCCCAAATTGCGCG,42,1840459
hyuA_predicted,0.38095238095238093,27,20,AATCATGCCTATCAGAGGGG,7,1860602
hyuA_predicted,0.23809523809523808,24,20,AAGTTGACACAAACAGCAAC,4,1830037
hyuA_predicted,0.42857142857142855,28,20,AAGGTTGTAATTGACTTGTC,8,1854538
hyuA_predicted,0.7619047619047619,35,20,AAGATTGCCCTTCAGGGGTG,15,1844063
hyuA_predicted,0.3333333333333333,26,20,AACTAAACTGATACCACGCG,6,1857104
hyuA_predicted,0.4,26,19,TTTGGGCAGTATCTTCTAAG,7,1848290
hyuA_predicted,0.2,22,19,TTTCTTGGTTCAACCGTGGA,3,1847689
hyuA_predicted,0.15,21,19,TTGTATGGATCTTAGTTAGG,2,1877750
hyuA_predicted,0.6,30,19,TTGTAGTTGTGTCTGCCATG,11,1850385
hyuA_predicted,1.5,48,19,TTGACTATACGGCTGGGTCG,29,1857775
hyuA_predicted,0.7,32,19,TTGACAAAGAGTAGGCGGAA,13,1829495
hyuA_predicted,0.5,28,19,TTCTCAGAGGCCCTAACAAT,9,1841249
hyuA_predicted,1.7,52,19,TTCGCTTATTGGCTGGGTAA,33,1833472
hyuA_predicted,0.35,25,19,TGTCAGATGTAGGAAATTGG,6,1852124
hyuA_predicted,0.45,27,19,TGATGTACAGTATTGGTGAA,8,1836780
hyuA_predicted,2.4,66,19,TGAAGGCCCCCCTTATTATC,47,1859576
hyuA_predicted,0.45,27,19,TCTGCTGGTGGTATGGTAGT,8,1867782
hyuA_predicted,0.7,32,19,TCTACTCGAATCACGAACTG,13,1835220
hyuA_predicted,0.4,26,19,TCGTAATCCATACTTATACA,7,1831525
hyuA_predicted,2.35,65,19,TCGAAAACTTTCACTCGCGA,46,1869911
hyuA_predicted,0.6,30,19,TCCGCGTACCGACCGGTAAC,11,1860588
hyuA_predicted,0.3,24,19,TCCATCCGTCGGGGAGCCAA,5,1872054
hyuA_predicted,1.05,39,19,TCAAGGCGTGCGTTCGAAAT,20,1838270
hyuA_predicted,0.2,22,19,TATGAAGGGAGTTTAGACTC,3,1837251
hyuA_predicted,0.25,23,19,TAGTCATTCTCAAGTTGGAA,4,1835085
hyuA_predicted,0.85,35,19,TACTGGAGAGGCCGGCACGG,16,1831582
hyuA_predicted,0.35,25,19,TACGAGCACCATGTACACAA,6,1869600
hyuA_predicted,0.15,21,19,TACACGTATAAGGGAAATTT,2,1835472
hyuA_predicted,0.85,35,19,TACAACACGTGGCACGCCGA,16,1857338
hyuA_predicted,0.2,22,19,GTTGACCCTGGGGTCACCCT,3,1845984
hyuA_predicted,0.35,25,19,GTTCTGGTATACGCCTCTCG,6,1855508
hyuA_predicted,0.65,31,19,GTGCTCGTTCGGGATGGCGT,12,1850895
hyuA_predicted,0.6,30,19,GTGATTACTAAGACTTTGGT,11,1850836
hyuA_predicted,0.95,37,19,GTCGGTGCGTACGCTGCGTT,18,1844906
hyuA_predicted,1.25,43,19,GTAGTTATTTTACAATGCCC,24,1864198
hyuA_predicted,0.5,28,19,GTAGAATAGCACGTGGTGTG,9,1842883
hyuA_predicted,0.25,23,19,GTAACCTTTATCGCAACGAA,4,1873280
hyuA_predicted,0.6,30,19,GGTCACCGCAGTAAACAACT,11,1869803
hyuA_predicted,0.5,28,19,GGGTGACATTATCTGTATGG,9,1851474
hyuA_predicted,0.4,26,19,GGCCCGTCGGTTGCAAGATT,7,1859485
hyuA_predicted,0.2,22,19,GGCATCATAGATCCACACCA,3,1867423
hyuA_predicted,0.1,20,19,GGACGCGACGCCAATTAAGG,1,1855500
hyuA_predicted,1.75,53,19,GGAAGCCCCGCGCGATCTCT,34,1875640
hyuA_predicted,1.35,45,19,GCTCCGTGGATTTCTATGTG,26,1872445
hyuA_predicted,0.5,28,19,GCTCATACTTCTTACGGCGT,9,1846419
hyuA_predicted,0.35,25,19,GCGTTGGGCACACATCAGGG,6,1854979
hyuA_predicted,0.65,31,19,GCGCGTAACTGGACAGGTGG,12,1868286
hyuA_predicted,0.25,23,19,GCAGTAAGAGCTCAATTATA,4,1834490
hyuA_predicted,0.35,25,19,GCACCATATTGTATAGGAGA,6,1871228
hyuA_predicted,0.95,37,19,GAGTTTCTAAGGACTCTGGC,18,1856619
hyuA_predicted,0.55,29,19,GAGGGCTTTACTGACAGATG,10,1829273
hyuA_predicted,0.3,24,19,GACGCAGCGAGAAAGACAAA,5,1837934
hyuA_predicted,1.2,42,19,GACGAAAAGGTTACTTGTAT,23,1846564
hyuA_predicted,0.95,37,19,GACATGAGTATTGCCAACCT,18,1842103
hyuA_predicted,0.8,34,19,CTTCGCCAGAGGATATGAGA,15,1851183
hyuA_predicted,0.35,25,19,CTTAGTTACGAACGCTAACC,6,1874283
hyuA_predicted,1.0,38,19,CTCTTGAAACGTACGATCAA,19,1871227
hyuA_predicted,0.8,34,19,CTCTGCCGAGCTGCGGATTT,15,1858948
hyuA_predicted,1.0,38,19,CTCGCAGCCCTCCGTAATGA,19,1846268
hyuA_predicted,0.35,25,19,CTATAATATTCATCTCTTAT,6,1860516
hyuA_predicted,2.1,60,19,CTAGGGTACCGATGTCAATT,41,1867895
hyuA_predicted,0.75,33,19,CTACCAGCGCGACGAGCAGT,14,1876322
hyuA_predicted,1.25,43,19,CTACACCGGCCAAAGTGCGT,24,1851394
hyuA_predicted,2.15,61,19,CTAACCTCTTTGCCGACTTG,42,1859325
hyuA_predicted,0.85,35,19,CGTTTGGGTCGCCCGACCTA,16,1841500
hyuA_predicted,0.35,25,19,CGTCGCTCATCATGCGGAGC,6,1853459
hyuA_predicted,1.75,53,19,CGTATGAATTTGGGTACTCG,34,1839573
hyuA_predicted,0.7,32,19,CGGGTATTTCCCCGTTGTGC,13,1831403
hyuA_predicted,1.25,43,19,CGGCCGGCCAGTCGGGAACA,24,1853072
hyuA_predicted,0.1,20,19,CGCCGGCTTAGGACCCGGTG,1,1850791
hyuA_predicted,0.95,37,19,CGACGCGCCCATGGTTGTAG,18,1849736
hyuA_predicted,0.65,31,19,CCTTCGTTGTAAATTTGACT,12,1872720
hyuA_predicted,0.9,36,19,CCGGATGCCTCCAGACGGTA,17,1842607
hyuA_predicted,0.55,29,19,CCCAAGGGTTTGCCGGCCCT,10,1865112
hyuA_predicted,0.5,28,19,CCATGCTTCGCGTGGGATTG,9,1862090
hyuA_predicted,1.45,47,19,CCATATCCAGGCGAATACGG,28,1864560
hyuA_predicted,0.35,25,19,CCAGCGGCTTTAGTTTGGCA,6,1869760
hyuA_predicted,1.65,51,19,CCACAGATGTAACTGTTTCT,32,1859823
hyuA_predicted,1.0,38,19,CATTCAAAGACAGTCACCAT,19,1835962
hyuA_predicted,0.4,26,19,CATCCCGTCCTATGAATCTC,7,1861715
hyuA_predicted,0.6,30,19,CATAGCCAACCCGCTAGTAG,11,1844184
hyuA_predicted,1.2,42,19,CATACCTGTTGTAATCTTTC,23,1854383
hyuA_predicted,0.35,25,19,CAGGCAAGAACATTGTTGCT,6,1861296
hyuA_predicted,0.5,28,19,CAGCACAGTACTATCATTGT,9,1855607
hyuA_predicted,0.35,25,19,CACTAACATGCTGTCATGGT,6,1863177
hyuA_predicted,0.85,35,19,CACGCCCATGTTTGGGTTAA,16,1838564
hyuA_predicted,0.3,24,19,CAATAACTATACTCGAACGT,5,1867134
hyuA_predicted,0.95,37,19,CAAATGTAACAGCCAGATCA,18,1853797
hyuA_predicted,0.1,20,19,ATTTTCGCATAGGAGGATCC,1,1856744
hyuA_predicted,1.05,39,19,ATGTTGGCGCACCGCAGATC,20,1846877
hyuA_predicted,0.35,25,19,ATGCTACTATTATACGCCGT,6,1850670
hyuA_predicted,0.15,21,19,ATGCCATGATGCGTTAACGG,2,1852226
hyuA_predicted,0.3,24,19,AGTTTCCCTGGAGAAGCCCT,5,1877590
hyuA_predicted,0.1,20,19,AGTCGCCCACATTTGGTCTT,1,1860500
hyuA_predicted,0.7,32,19,AGTCACGCGGTATTCCGATG,13,1835751
hyuA_predicted,0.5,28,19,AGTCAATTGTGGGGTGCCAA,9,1845715
hyuA_predicted,1.0,38,19,AGTAGGGAACTTTCATGCAT,19,1839832
hyuA_predicted,0.6,30,19,AGTAGACCACGATATTAAAG,11,1855444
hyuA_predicted,0.45,27,19,AGGTGAACATCGGTCAAAGT,8,1864826
hyuA_predicted,0.35,25,19,AGGCTCGAATAAGGGGTTGG,6,1846718
hyuA_predicted,0.55,29,19,AGCGTTTGGAGACACAGCCA,10,1852807
hyuA_predicted,0.1,20,19,AGCATAAGAAGATATGGTGC,1,1871986
hyuA_predicted,0.1,20,19,AGAACATGAAAGCTAGTATA,1,1859386
hyuA_predicted,0.6,30,19,ACTCATAGAGTGGTCGTGAA,11,1859226
hyuA_predicted,0.55,29,19,ACGGTAGTGACGCAGTGACA,10,1865592
hyuA_predicted,0.35,25,19,ACGCAGAACTAAATCTTGTA,6,1833144
hyuA_predicted,0.8,34,19,ACATTTCGATGCTCTTTCAC,15,1844672
hyuA_predicted,1.05,39,19,ACATTTCATCGAACGGTCCT,20,1870962
hyuA_predicted,0.9,36,19,ACACCGATACTAAGCTCATA,17,1840431
hyuA_predicted,0.85,35,19,AATCGGGAGGTTATGGAATG,16,1860105
hyuA_predicted,1.65,51,19,AAGGATCGCCCCGGCTTAAC,32,1871572
hyuA_predicted,0.8,34,19,AAGCGTTCCATTATCCGAGT,15,1839592
hyuA_predicted,0.15,21,19,AACCTGGACACTTCAATAGG,2,1838742
hyuA_predicted,0.75,33,19,AACACCGTACTTCTGGAGAT,14,1855924
hyuA_predicted,0.1,20,19,AAAGTCGTAGGGGGGGTTTT,1,1864722
hyuA_predicted,0.5,28,19,AAAACCGGGGGCGGGACAAG,9,1836312
hyuA_predicted,1.2105263157894737,40,18,TTCTCATGCCTGCGGCGAGC,22,1840091
hyuA_predicted,0.6842105263157895,30,18,TTCCACTTGAGAAAGGCAAA,12,1862234
hyuA_predicted,0.6842105263157895,30,18,TTAGTCGTAGTCATCCGGGA,12,1858349
hyuA_predicted,0.6842105263157895,30,18,TTAGTCACTCGGTCTCACTT,12,1847150
hyuA_predicted,1.0526315789473684,37,18,TTAACTTCTGTGCTACGTAA,19,1864047
hyuA_predicted,0.3157894736842105,23,18,TGGGTCAATTCGCCAGGGGT,5,1867735
hyuA_predicted,0.2631578947368421,22,18,TGGGGTAGCCAGAAAACGCT,4,1842999
hyuA_predicted,0.5263157894736842,27,18,TGGATCCAGCAACATCCTGT,9,1848827
hyuA_predicted,0.5789473684210527,28,18,TGCGCGTAGGGAGGTCTAAA,10,1856818
hyuA_predicted,0.21052631578947367,21,18,TCTGCGAGGCCTCAAATCTA,3,1843327
hyuA_predicted,0.9473684210526315,35,18,TCTCCGGAGCTCAATACTTG,17,1841143
hyuA_predicted,0.3684210526315789,24,18,TCGGGGGGCCACACGCGAAA,6,1841657
hyuA_predicted,0.5263157894736842,27,18,TCGCTGATATTAGCTGACGG,9,1830979
hyuA_predicted,1.4736842105263157,45,18,TCACACAGGGGTAAGAACCT,27,1861893
hyuA_predicted,0.7894736842105263,32,18,TATATCGCTGTGGCGCTCCC,14,1849241
hyuA_predicted,0.8947368421052632,34,18,TACGTGGTGAATTATTGATG,16,1838929
hyuA_predicted,0.8947368421052632,34,18,TACGTCTTATCGCGTTCCGG,16,1855439
hyuA_predicted,0.7368421052631579,31,18,TAACGTTTGACATGTATATG,13,1833146
hyuA_predicted,2.263157894736842,60,18,GTGATTGTGCACATGGCCTG,42,1851283
hyuA_predicted,0.7368421052631579,31,18,GGGTCGCTATGCAGGGCTCA,13,1838140
hyuA_predicted,0.6842105263157895,30,18,GGGGCCTCTGGCAGGCAAAA,12,1848326
hyuA_predicted,2.210526315789474,59,18,GGCTTTTCAGGCCGCCATGT,41,1841449
hyuA_predicted,0.10526315789473684,19,18,GGCACGTATCTATTTAACTA,1,1844981
hyuA_predicted,2.1052631578947367,57,18,GGACGAGCGAATGAGGGGCT,39,1835283
hyuA_predicted,0.10526315789473684,19,18,GCTTTAACCAACAGTCGGGT,1,1857340
hyuA_predicted,0.3684210526315789,24,18,GCGCAATCCATAGGGGCTTT,6,1864350
hyuA_predicted,0.7894736842105263,32,18,GCCGTGTAGTTTCTAAACAA,14,1838850
hyuA_predicted,0.7894736842105263,32,18,GCCGTAAATGTACTGCAAGT,14,1861470
hyuA_predicted,0.10526315789473684,19,18,GCATGTATAGACACGGATCT,1,1838445
hyuA_predicted,0.5263157894736842,27,18,GCACTCAATAGGTGATATTA,9,1856583
hyuA_predicted,1.3157894736842106,42,18,GCAATCGTGCCCGCATCGCA,24,1837752
hyuA_predicted,0.8421052631578947,33,18,GATCCGCACCACAAAAGCGC,15,1840987
hyuA_predicted,0.42105263157894735,25,18,GATATGCGAGTAGATCAAGA,7,1849753
hyuA_predicted,1.0,36,18,GATAGGACCAGTAATGTTTG,18,1829877
hyuA_predicted,1.631578947368421,48,18,GATACTCGACGAATTCGCTG,30,1845717
hyuA_predicted,1.6842105263157894,49,18,GACGGGCACTGCCACCATCT,31,1873388
hyuA_predicted,0.631578947368421,29,18,GACCTTGTCTGCTGCGGGTC,11,1834613
hyuA_predicted,0.6842105263157895,30,18,GACCTGCAATAGCAACGAGT,12,1863207
hyuA_predicted,0.2631578947368421,22,18,GACAAGAACTAATCGACATG,4,1865527
hyuA_predicted,0.9473684210526315,35,18,GAATAGTGAGCATCCTGGGC,17,1874678
hyuA_predicted,0.5789473684210527,28,18,GAAGCGCCCCACTGGGGCCT,10,1866809
hyuA_predicted,0.3684210526315789,24,18,CTGGTAGCATATCTATGTAT,6,1853322
hyuA_predicted,0.8947368421052632,34,18,CTGGGGGCCGCCAGAATTCT,16,1874384
hyuA_predicted,1.3157894736842106,42,18,CTGCGCTTCCCTTCAGCTCC,24,1850723
hyuA_predicted,0.3684210526315789,24,18,CTGCAAAAAGATTCTCTATC,6,1860547
hyuA_predicted,1.105263157894737,38,18,CTCCCAGGCCACGGGCTTAC,20,1844232
hyuA_predicted,0.7368421052631579,31,18,CTAAATCTTGCGTTATCCAG,13,1864516
hyuA_predicted,1.263157894736842,41,18,CGGTCGAATCGCATCTTGGA,23,1844977
hyuA_predicted,0.42105263157894735,25,18,CGGGCCGTCCGTACCTGCTT,7,1838575
hyuA_predicted,1.7894736842105263,51,18,CGCGGCCAAACGCAAGGGGA,33,1873228
hyuA_predicted,0.7368421052631579,31,18,CGCCTGTTTTGTCGAATTCA,13,1874675
hyuA_predicted,1.105263157894737,38,18,CCCGGGTACATACTTGCCGG,20,1855082
hyuA_predicted,0.631578947368421,29,18,CCCATCAAGTTCCGTCACAG,11,1868550
hyuA_predicted,1.4210526315789473,44,18,CCAGGTTATGGCCGATTGCA,26,1847578
hyuA_predicted,0.3157894736842105,23,18,CCACTGGGGAGGGTCGATGT,5,1840941
hyuA_predicted,1.2105263157894737,40,18,CCAAGAGATGTGATAGTACT,22,1842575
hyuA_predicted,0.3684210526315789,24,18,CATTTCTCGGCTTGGTCGAT,6,1858613
hyuA_predicted,0.3684210526315789,24,18,CATTAATTTTGAAGGCGACC,6,1859873
hyuA_predicted,0.15789473684210525,20,18,CATGTCCGCACGCTACAGCA,2,1866687
hyuA_predicted,0.7894736842105263,32,18,CATAGACGTTGAAGTACCAA,14,1840134
hyuA_predicted,0.6842105263157895,30,18,CAGTCTACTCAATGTAGATA,12,1865114
hyuA_predicted,0.7368421052631579,31,18,CAGGCGTTGCCGTACTGATA,13,1835256
hyuA_predicted,0.5263157894736842,27,18,ATTGAGTAGTGATGCTTATT,9,1865424
hyuA_predicted,0.10526315789473684,19,18,ATTAATCGCGTCTCAACGAA,1,1830629
hyuA_predicted,0.10526315789473684,19,18,ATTAAAGCTAGACTGTCGTC,1,1871812
hyuA_predicted,0.5263157894736842,27,18,ATGTGCCAAACCCACGCAAC,9,1846605
hyuA_predicted,0.47368421052631576,26,18,ATGTAAATTTCTCGGGGAAC,8,1839364
hyuA_predicted,0.10526315789473684,19,18,ATGGAGGGGCATGAATCGTT,1,1831125
hyuA_predicted,1.4210526315789473,44,18,ATCTGCACTCGAGGGATATA,26,1852919
hyuA_predicted,0.10526315789473684,19,18,ATAGAAAGGTCCCGTATTGC,1,1831117
hyuA_predicted,0.631578947368421,29,18,AGTGCATATAACCTTTTTTG,11,1875554
hyuA_predicted,0.15789473684210525,20,18,AGTCTACGTCTTCACGCTAC,2,1848325
hyuA_predicted,0.3684210526315789,24,18,AGGTATGTGCGGTCCGTCAA,6,1834046
hyuA_predicted,0.42105263157894735,25,18,AGCTGGTCAACCTCTGGTAA,7,1852494
hyuA_predicted,0.3684210526315789,24,18,AGCCGGCGAAAGATAATGGT,6,1871983
hyuA_predicted,1.2105263157894737,40,18,ACTACCTCCCTACTATTAAA,22,1873322
hyuA_predicted,0.6842105263157895,30,18,ACGTTTCGAGGTATGTGAGG,12,1865213
hyuA_predicted,0.631578947368421,29,18,ACGCTACTGTGACCCCGGCA,11,1837931
hyuA_predicted,0.8421052631578947,33,18,ACAGGAGGTACAAACTAATG,15,1838315
hyuA_predicted,1.5789473684210527,47,18,ACAAGCTCAGATACTGTGAC,29,1854459
hyuA_predicted,1.7894736842105263,51,18,AATTGTCGAACGGAAAATCA,33,1858777
hyuA_predicted,0.5789473684210527,28,18,AATTATACGGGGATAATCTT,10,1839137
hyuA_predicted,1.263157894736842,41,18,AATACCCGAGAACACGACAA,23,1864389
hyuA_predicted,0.3684210526315789,24,18,AAGATATGTGGGTTTCGTGG,6,1834426
hyuA_predicted,0.10526315789473684,19,18,AAGAGTTCGGGCGAGGAACT,1,1868668
hyuA_predicted,0.8421052631578947,33,18,AACCCGACGCCGGGTACGAT,15,1832224
hyuA_predicted,0.631578947368421,29,18,AACAGGGCATACGCAGGTTT,11,1851990
hyuA_predicted,0.6842105263157895,30,18,AAAGAGATTATTAGGCTCGA,12,1863526
hyuA_predicted,0.16666666666666666,19,17,TTTTCACTCGTTTGCGTCTA,2,1847025
hyuA_predicted,0.2777777777777778,21,17,TTTGAGGGAGTCGATAATCC,4,1833358
hyuA_predicted,0.1111111111111111,18,17,TTTAGCACATCCATTGCATA,1,1858949
hyuA_predicted,2.7777777777777777,66,17,TTGTCGCGATTATGTAAACA,49,1847324
hyuA_predicted,1.6666666666666667,46,17,TTGGCCATCCCAAATATCCA,29,1874868
hyuA_predicted,0.1111111111111111,18,17,TTGGAGGCTCTACGCTTTTA,1,1835769
hyuA_predicted,0.8888888888888888,32,17,TTGCCTCCAATATAGTACAA,15,1870288
hyuA_predicted,0.7777777777777778,30,17,TTCGATGCACACGGCAGCCG,13,1837234
hyuA_predicted,0.7777777777777778,30,17,TTCCGTTTTAGGCCGACCCA,13,1860760
hyuA_predicted,0.9444444444444444,33,17,TTCCGGTGATTAGGGCGCAT,16,1846106
hyuA_predicted,0.7222222222222222,29,17,TTCAGTTTGAGCGACTGAAA,12,1858575
hyuA_predicted,1.1666666666666667,37,17,TTACACCTGCGGATCCAGGG,20,1840950
hyuA_predicted,0.5,25,17,TGTGTTCCTTTCGGATCAGA,8,1831392
hyuA_predicted,1.6666666666666667,46,17,TGTGCATCAGGAGGCATCCG,29,1831449
hyuA_predicted,0.5,25,17,TGGACCCCCAAGGGATTGAA,8,1873409
hyuA_predicted,1.2222222222222223,38,17,TGCTGTTACGATCCGCGTCA,21,1833756
hyuA_predicted,0.4444444444444444,24,17,TGAGTTGTGAGGCCGATCCA,7,1854047
hyuA_predicted,1.0,34,17,TGACCACAGCGGGAGCCACA,17,1844575
hyuA_predicted,0.6666666666666666,28,17,TCTCGAGGCTGACAGAAACC,11,1853760
hyuA_predicted,1.4444444444444444,42,17,TCTCCGTGCCTAAGTCAGAT,25,1869018
hyuA_predicted,0.4444444444444444,24,17,TCGTTTTAGGTCCTGATATT,7,1848262
hyuA_predicted,2.0555555555555554,53,17,TCGTCATTGTTATCACCGAC,36,1866528
hyuA_predicted,0.2222222222222222,20,17,TCGATGCGTCTTAGAAGGGA,3,1860886
hyuA_predicted,0.6111111111111112,27,17,TCCTCCTCAGACGAAGTTGC,10,1849662
hyuA_predicted,0.6111111111111112,27,17,TCCCCCTTTAGTCAGAACTG,10,1872617
hyuA_predicted,0.6111111111111112,27,17,TATCCAACGGTATGCTATGT,10,1861671
hyuA_predicted,0.6666666666666666,28,17,TAGACTTCTAGTGGCCGCGT,11,1848970
hyuA_predicted,0.8888888888888888,32,17,TACTGTTATGGCTAACCTCC,15,1870295
hyuA_predicted,0.7777777777777778,30,17,TACTAAGTCAATGTGATCAT,13,1860491
hyuA_predicted,1.5555555555555556,44,17,TAAGGTCCCACAACCTTTCT,27,1857241
hyuA_predicted,0.1111111111111111,18,17,TAACACATCAATTTTACTTC,1,1861354
hyuA_predicted,1.2222222222222223,38,17,GTTATTGAGACAACTCTAGC,21,1838892
hyuA_predicted,0.1111111111111111,18,17,GTTATCAGACCGGTGGGTCT,1,1851725
hyuA_predicted,0.9444444444444444,33,17,GTGGCGCGTCCTAGTGCCCA,16,1832572
hyuA_predicted,0.3888888888888889,23,17,GTGCGTGGATGATACTTCCT,6,1863154
hyuA_predicted,1.1111111111111112,36,17,GTGACGGTCATCTTGACAGC,19,1866689
hyuA_predicted,0.5555555555555556,26,17,GTCGGAATCAGTTACTACGC,9,1850757
hyuA_predicted,0.6111111111111112,27,17,GTATTCAAGGCTACTTGTAG,10,1840698
hyuA_predicted,0.4444444444444444,24,17,GTATCGACCCTGCAAAGTGA,7,1877698
hyuA_predicted,0.4444444444444444,24,17,GTACAAGTTCTGAGCGCGGT,7,1869906
hyuA_predicted,1.7222222222222223,47,17,GGTCTGGGCTAAATGGTCAA,30,1830803
hyuA_predicted,1.0,34,17,GGTCCAGAGCCAGTAATAGT,17,1872378
hyuA_predicted,0.8333333333333334,31,17,GGGGGGAGGAGGAGGTCACT,14,1839407
hyuA_predicted,1.4444444444444444,42,17,GGGCTCAGCAATAGACCCCT,25,1868334
hyuA_predicted,0.2222222222222222,20,17,GGCTTTCGGGTTATCAAGGC,3,1857443
hyuA_predicted,0.6666666666666666,28,17,GGCTGGCCCAGGCCCTTGCA,11,1858933
hyuA_predicted,0.3888888888888889,23,17,GGCGTGTAAATACTCGCTGT,6,1874268
hyuA_predicted,0.6111111111111112,27,17,GGCACTCATTAAAAGGTACT,10,1850297
hyuA_predicted,0.1111111111111111,18,17,GGAGGGAAGAGGATGCGATT,1,1834012
hyuA_predicted,0.4444444444444444,24,17,GGACCGGAAGCCGCATTAAT,7,1841779
hyuA_predicted,0.1111111111111111,18,17,GCTAGTTGCTGCCTCGTTAA,1,1863288
hyuA_predicted,0.1111111111111111,18,17,GCGTATGGGCTCCCTGCATG,1,1861733
hyuA_predicted,1.2222222222222223,38,17,GCGACCCGGGGCCACCAGTT,21,1829374
hyuA_predicted,0.2222222222222222,20,17,GCGAACAATCGGACATGGGA,3,1838077
hyuA_predicted,0.3333333333333333,22,17,GCCCGGCCGCAAAGGTCCAC,5,1834379
hyuA_predicted,1.3333333333333333,40,17,GCCCGCACTAGAAGTTAGAC,23,1848123
hyuA_predicted,0.3888888888888889,23,17,GCCCATTAAGTCAGCCGTGC,6,1862455
hyuA_predicted,0.8888888888888888,32,17,GCCCATCGGTGGAATGGGCT,15,1844465
hyuA_predicted,1.0,34,17,GCAAGTAACCTTTGGGAACG,17,1863493
hyuA_predicted,0.7777777777777778,30,17,GCAAAGGGTGTAGCACATGT,13,1860042
hyuA_predicted,1.0555555555555556,35,17,GACTTGCCTCACTCGGAGTA,18,1829721
hyuA_predicted,1.2222222222222223,38,17,GACCACTTGGAACTGTTGTT,21,1858222
hyuA_predicted,0.6666666666666666,28,17,GACACGCGTGCTAAGCTGGG,11,1851988
hyuA_predicted,1.9444444444444444,51,17,GACACCTCCTCGTTAGCTAG,34,1858434
hyuA_predicted,0.5555555555555556,26,17,GAACCTCACGGCTAGGTATG,9,1860143
hyuA_predicted,0.6111111111111112,27,17,GAAACGAGGCCGGGTCTAAA,10,1847900
hyuA_predicted,0.5555555555555556,26,17,CTTTGTAATACATGATGGCC,9,1835111
hyuA_predicted,0.1111111111111111,18,17,CTTCTGGCACAGATCACTTA,1,1866666
hyuA_predicted,0.3333333333333333,22,17,CTTCCTAAGGTTCGAGATTG,5,1845219
hyuA_predicted,0.5,25,17,CTTCAGTTTATTAACAGACA,8,1846983
hyuA_predicted,0.1111111111111111,18,17,CTTAGAAAGCCGTCGGAGAT,1,1847933
hyuA_predicted,1.9444444444444444,51,17,CTGGACCCGTGTACGGTAGG,34,1875927
hyuA_predicted,1.0555555555555556,35,17,CTCGGCGTGCCGACGTCGTT,18,1844992
hyuA_predicted,1.4444444444444444,42,17,CTCAAAAGCGGTCCATTCCT,25,1857275
hyuA_predicted,0.8333333333333334,31,17,CTATGTCCTTGGAAAACACA,14,1836217
hyuA_predicted,0.8333333333333334,31,17,CGTGCAGTTAAGGTGATAAA,14,1867370
hyuA_predicted,0.7777777777777778,30,17,CGTGAAATTGCCATCGGAGC,13,1868079
hyuA_predicted,1.7777777777777777,48,17,CGGGTAAGCCGAGCTCAAGT,31,1867147
hyuA_predicted,0.9444444444444444,33,17,CGGGCGTCCAATTTACGTAT,16,1865502
hyuA_predicted,0.9444444444444444,33,17,CGGCAAGGACGGTCTTTATT,16,1851801
hyuA_predicted,2.5555555555555554,62,17,CGCTTACGTATAGGTGATCA,45,1874444
hyuA_predicted,0.4444444444444444,24,17,CGCTGCTTAAGCAGGTATAA,7,1857701
hyuA_predicted,1.3888888888888888,41,17,CGCGCCAGTACCTATCGGGA,24,1831357
hyuA_predicted,0.2777777777777778,21,17,CGCCGTTTCCTTGGACTATA,4,1844726
hyuA_predicted,2.6666666666666665,64,17,CGCCGTCATGTAGTTTCGAA,47,1846871
hyuA_predicted,0.4444444444444444,24,17,CGCATCCCGTCCAAAACAAT,7,1841285
hyuA_predicted,0.7222222222222222,29,17,CGATTGTAAATTATCGGTGT,12,1845469
hyuA_predicted,0.16666666666666666,19,17,CCTTGGTAAGATTAGCAACG,2,1848170
hyuA_predicted,1.1111111111111112,36,17,CCTTGGGAGAGTTGCTCGAA,19,1858672
hyuA_predicted,0.2222222222222222,20,17,CCTTCACTTGCTCACCGGAG,3,1875980
hyuA_predicted,1.0,34,17,CCTCGCGTGTATGCCGGCAA,17,1868370
hyuA_predicted,0.3888888888888889,23,17,CCGTCCCAGCCGGATCCTAT,6,1847118
hyuA_predicted,0.3888888888888889,23,17,CCGGGTACGTTCCCTACTGG,6,1849650
hyuA_predicted,0.9444444444444444,33,17,CCGGCCCGTGTCGAACGATC,16,1829957
hyuA_predicted,0.3888888888888889,23,17,CCGCCGGATTGGTGTTAGTC,6,1867764
hyuA_predicted,0.4444444444444444,24,17,CCCTAAGATGGAGTAAATGT,7,1834947
hyuA_predicted,0.1111111111111111,18,17,CCCGATAGCTGTGCATTATA,1,1869272
hyuA_predicted,0.7777777777777778,30,17,CCACGGTAATGTCGAGATGA,13,1870026
hyuA_predicted,0.7222222222222222,29,17,CCAATCCTCGCGTTGCTGGA,12,1873504
hyuA_predicted,1.7777777777777777,48,17,CAGGGGAACCTGCCGAAAAA,31,1836642
hyuA_predicted,1.0,34,17,CAGGCCAAGTTTTGTTGATT,17,1831573
hyuA_predicted,1.3333333333333333,40,17,CACGAACACCTCTCATCCAT,23,1835983
hyuA_predicted,0.5,25,17,ATCACGATACGGTGGGTTGC,8,1841427
hyuA_predicted,1.8888888888888888,50,17,ATCAACGACCGTTGGGGGTC,33,1876083
hyuA_predicted,0.6111111111111112,27,17,ATATTTGTGTCACTGACCTT,10,1838418
hyuA_predicted,0.2777777777777778,21,17,ATACCTGATGCCCCGTGGTG,4,1830724
hyuA_predicted,0.3888888888888889,23,17,ATAAGTAGGCCGTGTCCTGC,6,1834781
hyuA_predicted,1.5,43,17,AGTGTTCTAAATTCTTAGGC,26,1839851
hyuA_predicted,0.9444444444444444,33,17,AGGGGCGAAAGCTCTACCAA,16,1848213
hyuA_predicted,1.4444444444444444,42,17,AGGGAGTAGTAGAAACCGAT,25,1867347
hyuA_predicted,0.1111111111111111,18,17,AGGGAAGCCCGGGCGTGCCA,1,1872834
hyuA_predicted,1.4444444444444444,42,17,AGATAGGGGGAATTCCGGGT,25,1860683
hyuA_predicted,0.7222222222222222,29,17,ACTAGGGTAATGACATGCAG,12,1862086
hyuA_predicted,0.8333333333333334,31,17,ACGCTGTTATGTCTGGAATA,14,1839159
hyuA_predicted,0.4444444444444444,24,17,ACCTAACTGGCCCAGGTACG,7,1853859
hyuA_predicted,0.1111111111111111,18,17,ACATAGATACGGCCTCCCTG,1,1837192
hyuA_predicted,0.4444444444444444,24,17,ACACGCAACACATTGTTTCC,7,1839274
hyuA_predicted,0.7222222222222222,29,17,ACACACTGTTTCTTTTATAT,12,1831050
hyuA_predicted,0.1111111111111111,18,17,AAGTTTGATTAGTCGTGAAA,1,1872847
hyuA_predicted,0.4444444444444444,24,17,AAGGATCGGCGACGGGTCCC,7,1870960
hyuA_predicted,0.8333333333333334,31,17,AACCATTAATGAGGTCGCAA,14,1855250
hyuA_predicted,1.0555555555555556,35,17,AACCACTGTTAGAACGGACT,18,1835519
hyuA_predicted,0.5,25,17,AACAGTATTGGAAAGAGTGG,8,1847798
hyuA_predicted,0.5555555555555556,26,17,AAATCGCACACCTCGAACGG,9,1838055
hyuA_predicted,1.0,32,16,TTTTTGTGTTTAAGTCTCCC,16,1864638
hyuA_predicted,0.5294117647058824,24,16,TTTTAAGAAAAAGGATACTT,8,1858164
hyuA_predicted,0.29411764705882354,20,16,TTTCAGGGACGAAGCCATGG,4,1840371
hyuA_predicted,2.0,49,16,TTGTCACGGCACTGGGTACC,33,1854248
hyuA_predicted,1.5294117647058822,41,16,TTGTACGTTTCACTATTCTA,25,1843791
hyuA_predicted,0.47058823529411764,23,16,TTGACTCTGCGGTCTGTGTA,7,1874654
hyuA_predicted,0.4117647058823529,22,16,TTCTATAATTACCTGTGCTG,6,1843122
hyuA_predicted,0.6470588235294118,26,16,TTCGATTAGCCCATTTTGGG,10,1831811
hyuA_predicted,0.5882352941176471,25,16,TTCCGTTCCCCCACTTCGAA,9,1847343
hyuA_predicted,0.35294117647058826,21,16,TTAGGATTACGATCCCCTTA,5,1843296
hyuA_predicted,0.6470588235294118,26,16,TTAATCGCTCCTGACCTATA,10,1831149
hyuA_predicted,1.4705882352941178,40,16,TGTATTCCTAGTGAAGCAGA,24,1870356
hyuA_predicted,0.7058823529411765,27,16,TGGTTGAAGGTAAGGGTCCT,11,1843512
hyuA_predicted,0.23529411764705882,19,16,TGGTCTTCCCCGGGCGGTGC,3,1871700
hyuA_predicted,0.11764705882352941,17,16,TGGTATGGGCTCCGCTGTTG,1,1844824
hyuA_predicted,1.5294117647058822,41,16,TGCGTCCGCTCACTGCATCT,25,1860877
hyuA_predicted,0.4117647058823529,22,16,TGCCGTTCTTACACCATTGC,6,1838903
hyuA_predicted,0.9411764705882353,31,16,TGCCCGCTAAAAGTCCGAGA,15,1875023
hyuA_predicted,1.8235294117647058,46,16,TGAGAGCATCATTTATCGTG,30,1848482
hyuA_predicted,2.3529411764705883,55,16,TGACTCCTGGTCGTACACTA,39,1836319
hyuA_predicted,1.8823529411764706,47,16,TCTCTCTTTTTACGTTCCCC,31,1841681
hyuA_predicted,0.6470588235294118,26,16,TCTAAGGATCGGTGTAAGTG,10,1833274
hyuA_predicted,0.5882352941176471,25,16,TCGGGGACCCTCACCTTATA,9,1831427
hyuA_predicted,1.7647058823529411,45,16,TCGCGCACTATTATCAGCGT,29,1839338
hyuA_predicted,1.1176470588235294,34,16,TCGAAATGATCCGACCGGTG,18,1869589
hyuA_predicted,0.29411764705882354,20,16,TCCACCGAACCAGTGCGGGT,4,1828976
hyuA_predicted,1.7058823529411764,44,16,TCAGTACTGGTTCGGTCCGT,28,1836512
hyuA_predicted,2.0588235294117645,50,16,TATCGATCCTTCTCCAATCT,34,1850427
hyuA_predicted,0.8235294117647058,29,16,TATACGAGATAGTATACATT,13,1844762
hyuA_predicted,1.4705882352941178,40,16,TAGGGCAATGACAGCATGTA,24,1874870
hyuA_predicted,0.8235294117647058,29,16,TAGGACGGCACATGAATTTG,13,1837439
hyuA_predicted,0.11764705882352941,17,16,TAAGCGCCCCTAACCTTACA,1,1846595
hyuA_predicted,1.0588235294117647,33,16,TAAGCCAAAGCCAAATATGT,17,1837750
hyuA_predicted,1.588235294117647,42,16,GTTGTCGGGTCCTAAACTAT,26,1836105
hyuA_predicted,2.0,49,16,GTTGGCACTGGCGCTTCAGG,33,1859375
hyuA_predicted,1.1176470588235294,34,16,GTTGGAGTCCCCTCTATGGG,18,1875800
hyuA_predicted,0.11764705882352941,17,16,GTGTGCTGCTCATTCATAGC,1,1867266
hyuA_predicted,0.5294117647058824,24,16,GTGGTGCCTAATATAACAAT,8,1871946
hyuA_predicted,0.4117647058823529,22,16,GTCATGCTTCACTGTCACTG,6,1859464
hyuA_predicted,0.11764705882352941,17,16,GTACGACCTTTAGATGCAGG,1,1839339
hyuA_predicted,0.11764705882352941,17,16,GGTTTTCGGTGAGGCGCCCG,1,1853284
hyuA_predicted,0.35294117647058826,21,16,GGTGTCCACATGGCAACCTC,5,1861823
hyuA_predicted,0.6470588235294118,26,16,GGTGACTTTTCACATGCGCT,10,1872840
hyuA_predicted,0.8823529411764706,30,16,GGGGGACGGAGCCGACACTG,14,1854278
hyuA_predicted,3.5294117647058822,75,16,GGCTTCACCCTGATACAGTA,59,1829379
hyuA_predicted,0.11764705882352941,17,16,GGCGCGGTACCCCAATGATT,1,1846692
hyuA_predicted,1.2941176470588236,37,16,GGCCCGCATGAGGATGAAAA,21,1848812
hyuA_predicted,1.588235294117647,42,16,GGATAGTGGGAAGTAATATA,26,1855715
hyuA_predicted,0.5294117647058824,24,16,GGAGGCGCTCGTTCAAGTAT,8,1842122
hyuA_predicted,0.4117647058823529,22,16,GGACCCCAATTGTCGGTTGT,6,1839810
hyuA_predicted,1.2352941176470589,36,16,GGAATGCATCTGATTATCAG,20,1837215
hyuA_predicted,0.5294117647058824,24,16,GCTATAGGGGTTAGTCACCG,8,1832737
hyuA_predicted,1.2352941176470589,36,16,GCGTAGTCAAAGTTCACACA,20,1844079
hyuA_predicted,0.8823529411764706,30,16,GCCTGCACACGGGTACGTAT,14,1866551
hyuA_predicted,1.1176470588235294,34,16,GCCTACGCGGTTAGGCTGCC,18,1853078
hyuA_predicted,1.6470588235294117,43,16,GCCGTTGTGCGGTTGACTTT,27,1848160
hyuA_predicted,1.1764705882352942,35,16,GCCCTTCGATAAGACCGACA,19,1849052
hyuA_predicted,0.5882352941176471,25,16,GCCCGTGACCGCTATCATGC,9,1873884
hyuA_predicted,0.8235294117647058,29,16,GCAGTGCTCTCTATTAGCTC,13,1869126
hyuA_predicted,0.47058823529411764,23,16,GCACTTCTTTGTCTGGTAGC,7,1870659
hyuA_predicted,0.47058823529411764,23,16,GATTTTAAGGTACCGGAGTC,7,1873945
hyuA_predicted,0.7058823529411765,27,16,GATTCAGCATGCTATCCGCT,11,1855809
hyuA_predicted,1.1764705882352942,35,16,GATCCGATGGACTCCCGTAT,19,1845511
hyuA_predicted,1.411764705882353,39,16,GAGTTGAACTTTGGTGTAGA,23,1865695
hyuA_predicted,0.5294117647058824,24,16,GAGGGCCGTAAACATCGGCT,8,1842929
hyuA_predicted,0.5882352941176471,25,16,GAGGCCCCTTGAAGATAGTA,9,1847589
hyuA_predicted,0.8235294117647058,29,16,GAGGCCAAAGCCGGACTTAA,13,1864200
hyuA_predicted,0.47058823529411764,23,16,GAGAAAACACTCTCACATGT,7,1842725
hyuA_predicted,1.1176470588235294,34,16,GACCAGCTTAGGCGGGCAAA,18,1846917
hyuA_predicted,0.7058823529411765,27,16,GAATTAAGACAGGATCTGGG,11,1865124
hyuA_predicted,0.17647058823529413,18,16,GAACTGTTACAGTGTTTCTC,2,1874187
hyuA_predicted,1.2941176470588236,37,16,GAACAGAATGTAATGGATCA,21,1869008
hyuA_predicted,0.9411764705882353,31,16,CTTTTCCGCGCATGCTGGAG,15,1831820
hyuA_predicted,0.11764705882352941,17,16,CTTTCGAGTCTGACTAATAC,1,1846499
hyuA_predicted,0.11764705882352941,17,16,CTTGCCGGACTTCAGGGTAT,1,1864770
hyuA_predicted,0.7647058823529411,28,16,CTTGCAGAGCTTGGTAGGGA,12,1843204
hyuA_predicted,0.29411764705882354,20,16,CTTCAGTAGGGCAGTACCGC,4,1860381
hyuA_predicted,0.29411764705882354,20,16,CTGTCAGGCATTCCTCGGGT,4,1872103
hyuA_predicted,0.4117647058823529,22,16,CTGAATACGTCCTGGCGTGG,6,1856945
hyuA_predicted,1.411764705882353,39,16,CTCTGCTGGCACTTCTGTGT,23,1864921
hyuA_predicted,0.4117647058823529,22,16,CTCCTTGAAGTACAATTAGT,6,1851729
hyuA_predicted,0.9411764705882353,31,16,CTCCTGAACTTGTTGGCTAT,15,1834130
hyuA_predicted,1.0,32,16,CTAGTGATATGGGGGAATGT,16,1877117
hyuA_predicted,0.5294117647058824,24,16,CTAGCCACGAATCAGCATCT,8,1861501
hyuA_predicted,0.47058823529411764,23,16,CTAGACCCCTACAGCCCGCC,7,1859579
hyuA_predicted,1.1764705882352942,35,16,CGTGACGTTCGTCGTTCGTG,19,1846612
hyuA_predicted,1.7647058823529411,45,16,CGTAATCGTAGAGCTTGCAT,29,1840776
hyuA_predicted,0.6470588235294118,26,16,CGCTCTTGGCTGGATCCGTT,10,1844264
hyuA_predicted,0.7647058823529411,28,16,CGCATCAGGTACATCTCTCA,12,1850481
hyuA_predicted,1.1176470588235294,34,16,CGATGCTATCATCACGGCGT,18,1852614
hyuA_predicted,0.4117647058823529,22,16,CGATAGTCCCGTCGCACGTG,6,1847256
hyuA_predicted,0.4117647058823529,22,16,CGAGGGGACCTCTCGCTGGT,6,1852622
hyuA_predicted,1.1764705882352942,35,16,CCTGGGCTAACTCACCACTC,19,1861020
hyuA_predicted,0.23529411764705882,19,16,CCTCACGCCCCAAGGCAAGT,3,1842672
hyuA_predicted,0.11764705882352941,17,16,CCCCAAGACACCCTGCGCCA,1,1846301
hyuA_predicted,0.17647058823529413,18,16,CCACTGTCGTCCGCAGTGTC,2,1852349
hyuA_predicted,2.411764705882353,56,16,CCAAAGGGGGGCGCATTACA,40,1867337
hyuA_predicted,0.23529411764705882,19,16,CCAAAGGGAAGATAATATAT,3,1846826
hyuA_predicted,1.0588235294117647,33,16,CATTTGACCCTAAGTGGTTC,17,1846973
hyuA_predicted,0.35294117647058826,21,16,CATTCGCTTCGTTTCGGCGC,5,1831119
hyuA_predicted,0.6470588235294118,26,16,CATGGTAAATCAGATCTGAG,10,1837637
hyuA_predicted,0.7058823529411765,27,16,CATCGGGACTACTGTCTCGG,11,1829248
hyuA_predicted,0.8823529411764706,30,16,CATCGACTTTGGGTCCTTCT,14,1867552
hyuA_predicted,0.4117647058823529,22,16,CAGATTCTACGCGCGGAAGA,6,1861467
hyuA_predicted,0.7647058823529411,28,16,CAGATCAGTCCGCCCAGTAC,12,1844233
hyuA_predicted,0.7647058823529411,28,16,CACTGACAGTCCTTACGATC,12,1833195
hyuA_predicted,0.8235294117647058,29,16,CACGTCTATGGAGACAGTCG,13,1860390
hyuA_predicted,0.8823529411764706,30,16,CACCTTACAGACCTTGCTGG,14,1836091
hyuA_predicted,0.47058823529411764,23,16,CACCTCTGGGTTACGGATAT,7,1832662
hyuA_predicted,1.5294117647058822,41,16,CACCACTATTACTCCTCCAG,25,1859870
hyuA_predicted,0.7058823529411765,27,16,CAATTCGCTTCAACGTGCCA,11,1839278
hyuA_predicted,2.3529411764705883,55,16,ATTGACGGGTCCAGCTACGT,39,1872048
hyuA_predicted,0.5294117647058824,24,16,ATTCGAACCACAAACTTTCC,8,1874514
hyuA_predicted,1.0,32,16,ATTATCTTCTAGACTCCGAT,16,1867887
hyuA_predicted,0.6470588235294118,26,16,ATGCTGCCCAATTAGTCCAT,10,1837596
hyuA_predicted,0.7058823529411765,27,16,ATCTATCTCTTAATTCACTG,11,1862504
hyuA_predicted,1.2941176470588236,37,16,ATATGCCCAAAGTAACAAGG,21,1857989
hyuA_predicted,0.35294117647058826,21,16,ATAAGCGTGGGGACACGTCT,5,1832001
hyuA_predicted,0.6470588235294118,26,16,AGTTAGTTCTGCCGTTGCGT,10,1841969
hyuA_predicted,1.0,32,16,AGTGTTAAGTCGGGAATCGT,16,1872828
hyuA_predicted,0.47058823529411764,23,16,AGTGGCCTATAGAGGAATAA,7,1862109
hyuA_predicted,1.8823529411764706,47,16,AGTAGCTTTGATGCTGCATC,31,1842112
hyuA_predicted,0.47058823529411764,23,16,AGGCACGACCCTTCATACCC,7,1873004
hyuA_predicted,1.0588235294117647,33,16,AGCTTATACGTACTTAGGTT,17,1850387
hyuA_predicted,0.29411764705882354,20,16,AGATGTCCAGCTAAACCGTG,4,1833296
hyuA_predicted,0.7058823529411765,27,16,AGATAAGCCCGAAGACCTAA,11,1849920
hyuA_predicted,1.4705882352941178,40,16,AGACGGGGTCCATACCCGAA,24,1877060
hyuA_predicted,0.11764705882352941,17,16,ACTCGTTAAGGTGTATTTGG,1,1829257
hyuA_predicted,0.29411764705882354,20,16,ACTCCTATACTACAATCCAT,4,1830213
hyuA_predicted,0.9411764705882353,31,16,ACTAAATCGGTATTGTCAGA,15,1866100
hyuA_predicted,0.9411764705882353,31,16,ACGTTCGCGGGACTAGACTA,15,1833750
hyuA_predicted,0.8823529411764706,30,16,ACGTGGATAATCTCCTCATA,14,1861223
hyuA_predicted,0.7058823529411765,27,16,ACGGCAGCCCGGTGCTAACA,11,1867382
hyuA_predicted,0.11764705882352941,17,16,ACGATAAGCAAACGCCCATC,1,1873643
hyuA_predicted,0.23529411764705882,19,16,ACCTCCACCCGGGTCCTTAG,3,1872077
hyuA_predicted,0.4117647058823529,22,16,ACCCGTATTCGGCACGGCAG,6,1859162
hyuA_predicted,1.588235294117647,42,16,ACAACGACCTAAATTAAAGT,26,1857869
hyuA_predicted,0.11764705882352941,17,16,AATGATGTTCTGGGCGCCTC,1,1863641
hyuA_predicted,0.7058823529411765,27,16,AATCAGTTACTGAAGCCTCG,11,1857910
hyuA_predicted,0.7058823529411765,27,16,AATACCTAATAAGTAATGTC,11,1874751
hyuA_predicted,1.0,32,16,AACCATTTGCTAGGCCAAGC,16,1859132
hyuA_predicted,0.25,18,15,TTTTCTTATGAGTCTTAATA,3,1873207
hyuA_predicted,2.25,50,15,TTGAAGTTGGCCGTGAGTCT,35,1830018
hyuA_predicted,0.6875,25,15,TTGAAAAGGGACTTTGTTGA,10,1841251
hyuA_predicted,1.0,30,15,TTATATGTGATAGCGAATAT,15,1833568
hyuA_predicted,4.75,90,15,TGTTGCGCAGAGCAGCAGAA,75,1852976
hyuA_predicted,1.0,30,15,TGTTCCCAGAAGAGGATGCT,15,1864828
hyuA_predicted,0.625,24,15,TGTCACTTTGCGCTGTCAAT,9,1852555
hyuA_predicted,1.0,30,15,TGTATAGCGTCGGCGGAGGA,15,1851659
hyuA_predicted,1.125,32,15,TGGAACCTTAATACGGGGAT,17,1838413
hyuA_predicted,0.125,16,15,TGCGGTTCAATTATAGGCCC,1,1831064
hyuA_predicted,0.6875,25,15,TGCCTAACCGAGCCATTTGG,10,1859365
hyuA_predicted,0.8125,27,15,TGAACTTTGCCGCGGTATCT,12,1865834
hyuA_predicted,0.5,22,15,TGAAACCGCTCACCCTGTTC,7,1832573
hyuA_predicted,0.125,16,15,TCTTGGGGCTTGGTGAAAGC,1,1874867
hyuA_predicted,0.625,24,15,TCTCTTTGTGGGGCAGTTGA,9,1863926
hyuA_predicted,0.6875,25,15,TCGCAAATCCTACAAAGTTT,10,1836372
hyuA_predicted,0.8125,27,15,TCGACCACTCAATTCAAGCT,12,1833484
hyuA_predicted,0.3125,19,15,TCCTGACTTCTATATGACGT,4,1867293
hyuA_predicted,0.25,18,15,TCCTAGCCACTAATCCTAAT,3,1871941
hyuA_predicted,0.9375,29,15,TCATGAACTATTAGATGAAT,14,1859681
hyuA_predicted,1.375,36,15,TCAGGGTAGTGTTCGGGGGA,21,1864690
hyuA_predicted,0.9375,29,15,TCAGCGCGCTGGTCCTCGAT,14,1855296
hyuA_predicted,0.8125,27,15,TCACTTCTGTGAAACCACTC,12,1863401
hyuA_predicted,0.375,20,15,TATCAGTGCCCGGGTTAAGT,5,1855594
hyuA_predicted,2.0,46,15,TAGCAACTCACGACGAAACA,31,1835663
hyuA_predicted,1.9375,45,15,TAGATCGCTCTATATCAGGT,30,1863277
hyuA_predicted,1.625,40,15,TAGACCCTGGAGGGTGCCGT,25,1856921
hyuA_predicted,0.875,28,15,TAAAAACTTAAGATTCGGCT,13,1853836
hyuA_predicted,2.375,52,15,GTTTGCATTCGGTTATTTTC,37,1874928
hyuA_predicted,1.5,38,15,GTTATTATCTGCCTGTTAGG,23,1872682
hyuA_predicted,0.125,16,15,GTGTGGCAGATCACCACTTC,1,1873912
hyuA_predicted,0.625,24,15,GTCGCTAGCAAAAGATATCT,9,1855310
hyuA_predicted,0.125,16,15,GTCGCGGTACTTCCTCGGCT,1,1873728
hyuA_predicted,0.125,16,15,GTAGCGGCAGGGATTTTGAG,1,1874369
hyuA_predicted,0.125,16,15,GGTGAGAAGATAGTTCGGGA,1,1866742
hyuA_predicted,0.8125,27,15,GGGTTGCTACAGCACAGGCG,12,1867088
hyuA_predicted,1.625,40,15,GGGGTTGCGGATGTCAGCTT,25,1856442
hyuA_predicted,1.125,32,15,GGCTGGGCCGATAGGGCTTC,17,1861602
hyuA_predicted,2.125,48,15,GGCACAAGGAGGGTTGAGCG,33,1855482
hyuA_predicted,0.375,20,15,GGATGTATATATCAACAGGA,5,1847478
hyuA_predicted,0.5625,23,15,GCTTGGTTAGAGAGGAAGAA,8,1841507
hyuA_predicted,2.1875,49,15,GCTGTATTATACTACCGGCT,34,1838235
hyuA_predicted,1.0625,31,15,GCTCATTTTTAAAACTGGAT,16,1865827
hyuA_predicted,1.125,32,15,GCTAGAACCTTAAGCCTAGA,17,1863840
hyuA_predicted,0.5625,23,15,GCTACGCTTTAATTCAGGCC,8,1841533
hyuA_predicted,0.25,18,15,GCGGGCCACATTTGTACCTT,3,1832335
hyuA_predicted,1.5,38,15,GCCAGGCTAGGTCGGAACTA,23,1829004
hyuA_predicted,0.9375,29,15,GCATATCATACAGACTCGTC,14,1858262
hyuA_predicted,0.625,24,15,GCACGAAGAAGCCGATTTGA,9,1852709
hyuA_predicted,0.625,24,15,GCAACCTAGCATTACGTACT,9,1852483
hyuA_predicted,0.125,16,15,GATTTGGCAATTGCCGGCCC,1,1862500
hyuA_predicted,1.625,40,15,GATGGCGTCCCATCGCTTAC,25,1835181
hyuA_predicted,1.5625,39,15,GACTTGTCGCCACTGTAGTG,24,1846361
hyuA_predicted,0.375,20,15,GACTGCATGGGTCCCGGCAA,5,1831839
hyuA_predicted,0.125,16,15,GACTATTGCTCGCAATATTT,1,1856992
hyuA_predicted,0.625,24,15,CTGTCACGCCTCCCGGTGAG,9,1834087
hyuA_predicted,1.3125,35,15,CTGGTGTACAACGTTCTGCA,20,1861240
hyuA_predicted,0.1875,17,15,CTGCGTTTAGGTTCCACTAT,2,1851619
hyuA_predicted,0.125,16,15,CTGACTACCCACACGCGAGT,1,1841958
hyuA_predicted,1.4375,37,15,CTCCTGCCAAGTGTGCACGT,22,1873459
hyuA_predicted,1.1875,33,15,CTCCTACAGTGGGGTAACAG,18,1834566
hyuA_predicted,1.375,36,15,CTCACTTATCCAGCGCCTCA,21,1837494
hyuA_predicted,0.875,28,15,CTCAAGATTGGGTTGTTGTC,13,1872934
hyuA_predicted,0.25,18,15,CTATTGCGAGGGCGGCCAGG,3,1836054
hyuA_predicted,1.0,30,15,CGTCTGAGACCAACGTATAT,15,1858604
hyuA_predicted,0.8125,27,15,CGTCCGCGGTTTGCCAGAGC,12,1859913
hyuA_predicted,0.75,26,15,CGTATTTTGTTCCCATAATG,11,1875719
hyuA_predicted,0.875,28,15,CGGCCTGGGGAGCAATCAAA,13,1848171
hyuA_predicted,0.25,18,15,CGCCATGCATCGCTACATCT,3,1854954
hyuA_predicted,1.25,34,15,CGCACTAGAGGATTGCCGGT,19,1876805
hyuA_predicted,0.875,28,15,CGCACGGGCAATCTTTATAT,13,1867302
hyuA_predicted,0.25,18,15,CGACGGCAATTTGGTGGGTG,3,1852797
hyuA_predicted,0.375,20,15,CGACGACACATACAAGGTTT,5,1856304
hyuA_predicted,2.125,48,15,CGACCATATCTGAAATTAGT,33,1855514
hyuA_predicted,0.625,24,15,CGACATGCTATGCAGCATTT,9,1834336
hyuA_predicted,0.25,18,15,CGACAGCTTGTAATCCCGGT,3,1847827
hyuA_predicted,0.9375,29,15,CGAATTAGCCAAAATGTGGC,14,1864425
hyuA_predicted,0.6875,25,15,CGAAATACGAGCTCTGTCAG,10,1829822
hyuA_predicted,0.3125,19,15,CCTTACTGTTGTTGGGTTTG,4,1864720
hyuA_predicted,0.1875,17,15,CCTGACAACCGAGCCTGGAG,2,1853601
hyuA_predicted,2.0,46,15,CCTACCCGTCACTGGCTCCG,31,1830770
hyuA_predicted,0.375,20,15,CCGTAGTGGATGATTGTGAT,5,1876476
hyuA_predicted,0.125,16,15,CCGAACCTGCGACCCTGTTG,1,1831150
hyuA_predicted,1.0,30,15,CCCTGACTAATGCTCTTTAA,15,1868559
hyuA_predicted,0.625,24,15,CCCAGCACGTACCCGGATAT,9,1860661
hyuA_predicted,0.8125,27,15,CCAGGTCCACCCACGGAATG,12,1830545
hyuA_predicted,0.4375,21,15,CCACCTCGTCATGAAAAGTG,6,1853620
hyuA_predicted,0.5625,23,15,CATTTCTAGGTCAGTCGTGC,8,1874880
hyuA_predicted,0.5,22,15,CATGTGTCAGGCTCTTTTTT,7,1876362
hyuA_predicted,0.75,26,15,CATACGTACCCGATAAAGAC,11,1866270
hyuA_predicted,0.75,26,15,CAGTTCGAAGTACAGCCGGG,11,1829104
hyuA_predicted,0.4375,21,15,CAGTGGCAGAGTTGACTTGA,6,1836214
hyuA_predicted,0.5625,23,15,CAGTCCCGGGTAGGCTTAAC,8,1830446
hyuA_predicted,1.25,34,15,CAGTAGGGGCCGGGGGGACA,19,1856689
hyuA_predicted,0.9375,29,15,CACTCTTACCATATTCAATA,14,1833365
hyuA_predicted,1.3125,35,15,CAATGCCCTGTGGGCTGGCG,20,1850839
hyuA_predicted,2.125,48,15,CAAGGATAATAATGACGATC,33,1844345
hyuA_predicted,0.3125,19,15,CAACGGGTCTGTTGGCCCCA,4,1846227
hyuA_predicted,0.6875,25,15,CAACCACTCCCGCAACAGCA,10,1834704
hyuA_predicted,2.125,48,15,ATTGACGTTGGCCCCAGTAC,33,1847284
hyuA_predicted,2.4375,53,15,ATGGCAGTCACAATCAATAT,38,1851542
hyuA_predicted,1.3125,35,15,ATGACTGGATGCCTTATAAT,20,1842179
hyuA_predicted,1.0625,31,15,ATCGGATCATAAGAAGAATG,16,1843230
hyuA_predicted,0.875,28,15,ATATCCGCTCGCTCGGACTA,13,1846846
hyuA_predicted,1.1875,33,15,AGGTACGCGGGGACACGATT,18,1867201
hyuA_predicted,0.8125,27,15,AGGCCTTCTGGCTGCACTAC,12,1853180
hyuA_predicted,0.4375,21,15,AGCTAAGGTATAACCCAGAC,6,1862719
hyuA_predicted,1.6875,41,15,AGCCCAGGAACAGGTTACAA,26,1832972
hyuA_predicted,1.0625,31,15,AGCAATCCCTCGCACAAATA,16,1834621
hyuA_predicted,1.5625,39,15,ACTGCACTCGCTGATAGCAA,24,1853187
hyuA_predicted,0.3125,19,15,ACGACATAAACATATGCCGT,4,1837533
hyuA_predicted,0.5625,23,15,ACCTCTAATATACACCCGGC,8,1855024
hyuA_predicted,1.125,32,15,ACCTCGCTAGGGAGGAGTTG,17,1856721
hyuA_predicted,1.4375,37,15,ACCGTTGACCGCACACTGCA,22,1874274
hyuA_predicted,0.6875,25,15,ACATACGATCTCCTGTCAGA,10,1868944
hyuA_predicted,0.6875,25,15,ACACACCACAGCATTTATGA,10,1872906
hyuA_predicted,0.6875,25,15,ACAAATCCATCTACGCCGGT,10,1851398
hyuA_predicted,0.75,26,15,AATTCACAGGGACTTCATAG,11,1865113
hyuA_predicted,0.25,18,15,AATCGATCAACGCTATGGAC,3,1856023
hyuA_predicted,0.625,24,15,AATAAATGGGCTCTCTATTT,9,1863291
hyuA_predicted,0.875,28,15,AAGTATGCCAATAAACACTC,13,1846398
hyuA_predicted,0.75,26,15,AAGGCCAGTATCTGGTTGAA,11,1833788
hyuA_predicted,0.1875,17,15,AACTTGAATTCCGAAGTGCA,2,1838815
hyuA_predicted,0.6875,25,15,AACCTGTGTGTAAACCCTGG,10,1833173
hyuA_predicted,0.13333333333333333,15,14,TTTTCTTGGAGAGCTCCTGG,1,1871185
hyuA_predicted,0.6666666666666666,23,14,TTGTTAGCCTGGCTTACGTT,9,1856446
hyuA_predicted,0.6666666666666666,23,14,TTGTATTACGTGTATTAACG,9,1846681
hyuA_predicted,0.4666666666666667,20,14,TTCAGGATACGCGGCAGGCC,6,1869864
hyuA_predicted,1.1333333333333333,30,14,TTATGCCAATCCCTAACTTC,16,1863534
hyuA_predicted,0.7333333333333333,24,14,TTATACTCTGACAGGTAGAA,10,1840982
hyuA_predicted,2.8666666666666667,56,14,TTAGAGGCCGGGGATACCTT,42,1853535
hyuA_predicted,0.6666666666666666,23,14,TTACGGCGTTAAGGCACCAA,9,1858540
hyuA_predicted,0.6666666666666666,23,14,TGGGCTTTTTCCCGACCAGT,9,1856248
hyuA_predicted,2.0,43,14,TGGCGATTTGTAGGGTCAAG,29,1861386
hyuA_predicted,1.5333333333333334,36,14,TGCGACGGTGAGGCGTAGTC,22,1863574
hyuA_predicted,0.7333333333333333,24,14,TGCCTCCGTTCACCAAACGT,10,1864351
hyuA_predicted,0.8666666666666667,26,14,TGATCATCGCGATGTGGTTA,12,1861028
hyuA_predicted,0.3333333333333333,18,14,TGAAAAGGATGAGCTAGTCA,4,1854055
hyuA_predicted,1.1333333333333333,30,14,TCTCGTTTTAGTGATCCTAG,16,1868272
hyuA_predicted,0.6,22,14,TCTCACGTAGGAGATTGTCC,8,1867813
hyuA_predicted,0.6,22,14,TCGTAGTGGTCCTTCTATAG,8,1874220
hyuA_predicted,0.4666666666666667,20,14,TCGGTCACGTATAAAAAACT,6,1849481
hyuA_predicted,1.0666666666666667,29,14,TCCTACCCGGGTGAATAGGT,15,1877471
hyuA_predicted,0.3333333333333333,18,14,TCCCTCGAAAAGCAATATTT,4,1875277
hyuA_predicted,0.4666666666666667,20,14,TCCCAGATACGGAACCTCAA,6,1841751
hyuA_predicted,0.8,25,14,TCACGTCTGCCGGCGAATAT,11,1840202
hyuA_predicted,0.5333333333333333,21,14,TAGAATTAACCAGTTCTGTT,7,1867646
hyuA_predicted,2.2666666666666666,47,14,TACTGTGTAGATAATTGGAC,33,1869408
hyuA_predicted,0.7333333333333333,24,14,TACTATATTTTAGGGTCGCC,10,1848507
hyuA_predicted,0.7333333333333333,24,14,TACTACAGAGTCAACTCCGG,10,1832119
hyuA_predicted,0.5333333333333333,21,14,TACCCGGTTTGGTAGAAGGG,7,1876222
hyuA_predicted,0.9333333333333333,27,14,TAATTCGGGGACGCACGAGT,13,1834330
hyuA_predicted,1.0,28,14,TAATTAGACGGGCCGTTATC,14,1841118
hyuA_predicted,1.4,34,14,TAAGCTCAATCCGAAGAACT,20,1848563
hyuA_predicted,2.6,52,14,TAAGCGTCACATCTCCATTT,38,1869404
hyuA_predicted,0.2,16,14,TAACATTGCTCGTTGGTACA,2,1864517
hyuA_predicted,0.3333333333333333,18,14,GTTCGATGAAGACTCAGCGG,4,1869148
hyuA_predicted,0.8,25,14,GTTCCCGTTCAGTGTCTAGA,11,1846620
hyuA_predicted,1.2,31,14,GTGGACCAGACCTCAGAGCA,17,1840256
hyuA_predicted,0.7333333333333333,24,14,GTCGCCCGCGGGTACTTGAT,10,1841892
hyuA_predicted,1.0666666666666667,29,14,GGTCTGGTCCTCCCTCTAAG,15,1867037
hyuA_predicted,1.4666666666666666,35,14,GGTACACTGCTCGGTCGCGA,21,1849784
hyuA_predicted,1.2666666666666666,32,14,GGTAACCTCGAAGCTACCGC,18,1849340
hyuA_predicted,0.9333333333333333,27,14,GGGGTTTTACTCTATGGTGT,13,1840735
hyuA_predicted,0.6666666666666666,23,14,GGGCGTGAGAAACTCAGGGC,9,1854282
hyuA_predicted,0.7333333333333333,24,14,GGGAGGCGCTAGTCCTCTGT,10,1845228
hyuA_predicted,0.8666666666666667,26,14,GGCCCCGCTCAGGTACCCCG,12,1870182
hyuA_predicted,0.13333333333333333,15,14,GGATCATATATTATAGCATT,1,1829683
hyuA_predicted,0.3333333333333333,18,14,GCTGGCCGGTGTCGTATTTA,4,1858636
hyuA_predicted,0.26666666666666666,17,14,GCTATTAGGGGCTTTGCGGA,3,1855938
hyuA_predicted,0.13333333333333333,15,14,GCGTTTATGTGTCGGTAGTA,1,1867135
hyuA_predicted,0.7333333333333333,24,14,GCGGGCTAAAGGCTCGCAAT,10,1839268
hyuA_predicted,1.1333333333333333,30,14,GCGGCGCGGACTGTGCACAA,16,1843790
hyuA_predicted,0.13333333333333333,15,14,GCGGACTTTATTATTTTCAC,1,1847631
hyuA_predicted,0.5333333333333333,21,14,GCGATTTCTCGTCCAAGTCA,7,1858587
hyuA_predicted,0.5333333333333333,21,14,GCGAACAACATCCACGCGGC,7,1837096
hyuA_predicted,1.0666666666666667,29,14,GCCGCAACTCCTGAATAAGA,15,1859356
hyuA_predicted,0.9333333333333333,27,14,GCCATTCTGCCTTCCATCGA,13,1858926
hyuA_predicted,1.7333333333333334,39,14,GCAGACTCCGCTTGGCTTCG,25,1850546
hyuA_predicted,0.6,22,14,GATTAGAGTAAACCTTCGTG,8,1828997
hyuA_predicted,0.9333333333333333,27,14,GACGTTACATGGGTTGCTTG,13,1874276
hyuA_predicted,0.4,19,14,GACCTTTTAAGTCTTAACAA,5,1848471
hyuA_predicted,1.0,28,14,GACATCAATTGCACCTAAAC,14,1862776
hyuA_predicted,0.6666666666666666,23,14,GAATGTTCGCTTTTCTGGCG,9,1852031
hyuA_predicted,1.1333333333333333,30,14,GAACCAGTCGGGACGGCACT,16,1829402
hyuA_predicted,0.7333333333333333,24,14,CTGGTTTTCCAGGGAGTCTA,10,1847776
hyuA_predicted,1.0,28,14,CTGAACACTGTCTGCGAAAG,14,1855358
hyuA_predicted,1.3333333333333333,33,14,CTCCTAGCAAGTAAATCTGT,19,1837179
hyuA_predicted,0.4666666666666667,20,14,CTCAGATAACCGAGATCTGT,6,1845286
hyuA_predicted,1.1333333333333333,30,14,CGTTGTCATCCCCTCGAGTA,16,1845329
hyuA_predicted,1.2,31,14,CGTGACTGGGCGCGACTGAC,17,1863531
hyuA_predicted,1.1333333333333333,30,14,CGTATAAACGAACCCAGGAT,16,1868345
hyuA_predicted,0.6,22,14,CGTAGGCCGAAGTATGTAAC,8,1836772
hyuA_predicted,1.1333333333333333,30,14,CGGGACTCGATGTCTTTGAG,16,1836923
hyuA_predicted,1.5333333333333334,36,14,CGCATCTAATCCAACTTATG,22,1855426
hyuA_predicted,1.2,31,14,CGATGAATGAAGAACACTAG,17,1861291
hyuA_predicted,1.4,34,14,CGACTCCCTAAGGTCACTCG,20,1836306
hyuA_predicted,1.2,31,14,CCTACCAGTCTGGGTCCTCG,17,1829198
hyuA_predicted,0.8,25,14,CCGTGAGAATATACCCGCCG,11,1862158
hyuA_predicted,0.13333333333333333,15,14,CCCCTAGCTTGTCTTAAGCT,1,1834389
hyuA_predicted,1.2666666666666666,32,14,CCCACCCTGATGCGAGACGT,18,1870037
hyuA_predicted,1.1333333333333333,30,14,CCATTGGTCTTCGGCAGCGT,16,1862571
hyuA_predicted,0.4666666666666667,20,14,CCATGTGTAACACTATGAGA,6,1856526
hyuA_predicted,0.13333333333333333,15,14,CCAAGACTATTGTTCGCATT,1,1854276
hyuA_predicted,0.26666666666666666,17,14,CATTTAGGGCAGGCAGTCCA,3,1846440
hyuA_predicted,0.8,25,14,CATTATCGCTTACGGTTCGA,11,1850222
hyuA_predicted,0.13333333333333333,15,14,CATGTGCTAAGCACGGCTCA,1,1856395
hyuA_predicted,0.13333333333333333,15,14,CATGCAGTCATTCCTGCCTG,1,1833672
hyuA_predicted,1.6,37,14,CATACGAGAGACAGTATCTA,23,1837958
hyuA_predicted,1.5333333333333334,36,14,CACATCTAGGCCACCATCTC,22,1868122
hyuA_predicted,0.13333333333333333,15,14,CAATAACGGTAATTATGTTC,1,1831298
hyuA_predicted,0.7333333333333333,24,14,CAAGAATCTCTCACGAGTAT,10,1876097
hyuA_predicted,0.8666666666666667,26,14,ATTGCCCGCTTCTACGTTTT,12,1861071
hyuA_predicted,0.8666666666666667,26,14,ATTAGCTTCATGCCACTCAG,12,1865590
hyuA_predicted,0.5333333333333333,21,14,ATGTGTATATGAGTGAGCCT,7,1877257
hyuA_predicted,1.0,28,14,ATCTAGCTCGAGTCCACTCC,14,1849995
hyuA_predicted,1.1333333333333333,30,14,ATCAGTTCTCGGAGGCTCTT,16,1850305
hyuA_predicted,0.3333333333333333,18,14,ATCACGTAGCGAGTACATTC,4,1856095
hyuA_predicted,0.13333333333333333,15,14,ATCACATACATTTTGAGAGA,1,1864691
hyuA_predicted,1.3333333333333333,33,14,ATAGCCAAAGGATGGATTGC,19,1840736
hyuA_predicted,0.26666666666666666,17,14,ATACGTCCGAAGTGGAATTC,3,1847975
hyuA_predicted,1.1333333333333333,30,14,AGGTTCGTTGACGAACGGGG,16,1852427
hyuA_predicted,0.6,22,14,AGGTCTAGACGGGACACGGC,8,1874275
hyuA_predicted,1.0666666666666667,29,14,AGGGCTGAGTCTCCGTATGC,15,1857465
hyuA_predicted,0.7333333333333333,24,14,AGGGCCAGAGACGTGCGGAT,10,1852135
hyuA_predicted,0.9333333333333333,27,14,AGCGTACCTCGGTCTAGATG,13,1835900
hyuA_predicted,0.3333333333333333,18,14,AGCCTGGGGACTACAAATAA,4,1846752
hyuA_predicted,0.4666666666666667,20,14,ACTGTCTCAAGCCGGACTCT,6,1854853
hyuA_predicted,0.5333333333333333,21,14,ACTGTAAGCCGACCTTAACT,7,1843923
hyuA_predicted,2.0,43,14,ACTGCCCAATATCCCTAGAA,29,1855007
hyuA_predicted,0.6,22,14,ACGTTTACATTGAGCCCAAT,8,1856300
hyuA_predicted,2.6,52,14,ACGTCTCTCTGTTCGTGGGC,38,1847524
hyuA_predicted,1.0666666666666667,29,14,ACGGCTGTCAACCTTTCGCC,15,1868631
hyuA_predicted,0.4,19,14,ACCGCACCTAAGTACGAACT,5,1860097
hyuA_predicted,1.3333333333333333,33,14,ACCATAGATGCCAGTTTGTG,19,1847902
hyuA_predicted,0.2,16,14,ACACGATTGTTCTTTAGCCG,2,1859216
hyuA_predicted,0.8,25,14,ACAAGAAGTTTAGAAAAAGA,11,1846632
hyuA_predicted,0.26666666666666666,17,14,ACAACGCGAATGGTGTATTA,3,1871282
hyuA_predicted,0.5333333333333333,21,14,AATATCACAACTACAATGAC,7,1840970
hyuA_predicted,0.4666666666666667,20,14,AATAACTGTCCGCCTCCTCA,6,1833970
hyuA_predicted,0.8,25,14,AAGTACTCGCACAAAATCAG,11,1876606
hyuA_predicted,1.6666666666666667,38,14,AAGGGCGACGACTTTGCCGG,24,1833074
hyuA_predicted,2.2666666666666666,47,14,AAGGCGTTTGCTATAGTGTG,33,1865292
hyuA_predicted,0.2,16,14,AAGCTATACTACTGGTGGGA,2,1864687
hyuA_predicted,0.5333333333333333,21,14,AAGACGTGTCTGGACGGCCA,7,1872042
hyuA_predicted,0.3333333333333333,18,14,AACCGACCAGTGTGAGGGTG,4,1843822
hyuA_predicted,0.9333333333333333,27,14,AAACGACCAGACTGCGGGCA,13,1864255
hyuA_predicted,0.4,19,14,AAAAGTCCCCTTTGCCAGTA,5,1870802
hyuA_predicted,0.14285714285714285,14,13,TTTGCACACTTCTCAAGTCG,1,1849472
hyuA_predicted,1.2857142857142858,30,13,TTTCTGACCCTGGTCATCGA,17,1859387
hyuA_predicted,0.9285714285714286,25,13,TTTAACGCAGGCGTACACCT,12,1843815
hyuA_predicted,0.21428571428571427,15,13,TTGTTTCAGCGCCACGGTAT,2,1856886
hyuA_predicted,0.35714285714285715,17,13,TTGTTGCCTCGTGCTAGCGC,4,1839768
hyuA_predicted,0.5,19,13,TTGGGGCGGTAGAGAGCAAT,6,1836361
hyuA_predicted,0.6428571428571429,21,13,TTGCAGGGGAAAGTTGCTAA,8,1833813
hyuA_predicted,3.142857142857143,56,13,TTCTTAAAGCTGAGGGAATC,43,1875933
hyuA_predicted,1.2142857142857142,29,13,TTAGTACTCGACGCGCCCAA,16,1866053
hyuA_predicted,0.9285714285714286,25,13,TGTTTCTGTCAATGAGTCGG,12,1865023
hyuA_predicted,0.2857142857142857,16,13,TGTTCTGGTTCCCAATGTTT,3,1874092
hyuA_predicted,1.2142857142857142,29,13,TGTGGATAACGTACAGACTG,16,1830121
hyuA_predicted,1.8571428571428572,38,13,TGTAAACCAGGGCATTAAGG,25,1869345
hyuA_predicted,1.3571428571428572,31,13,TGGTGGCGCTCCCAGGTAGG,18,1853950
hyuA_predicted,0.7142857142857143,22,13,TGGCCTGCCATGTTTTGTTA,9,1844355
hyuA_predicted,0.2857142857142857,16,13,TGGAGTTATCGTTAGGCTTT,3,1831417
hyuA_predicted,0.21428571428571427,15,13,TGGACACGACTGGTCCCACA,2,1846057
hyuA_predicted,2.5,47,13,TGCCACGCACGGCTAAACAA,34,1844308
hyuA_predicted,2.2142857142857144,43,13,TGCAGCTGCGGCAAATCACA,30,1873552
hyuA_predicted,1.5714285714285714,34,13,TGATCGGCTCGCCCCACATA,21,1830251
hyuA_predicted,0.14285714285714285,14,13,TGAAGTAAAACATTATTGAA,1,1873659
hyuA_predicted,4.214285714285714,71,13,TCGTTGTTCTCCTTAGCCCT,58,1869377
hyuA_predicted,0.5,19,13,TCGGCGGCAGATAGCGGAAA,6,1829159
hyuA_predicted,0.5714285714285714,20,13,TCCTTATTCGGACCGTCTTC,7,1834557
hyuA_predicted,1.0,26,13,TCCGCGCGGGGGAGCGGTTC,13,1861825
hyuA_predicted,1.2142857142857142,29,13,TCATTGTCCTCAAGGTCACA,16,1848156
hyuA_predicted,0.7142857142857143,22,13,TCATGCTGTCGCGACTGGTG,9,1850325
hyuA_predicted,1.0714285714285714,27,13,TATGATCGCGTGAAGTACCA,14,1848750
hyuA_predicted,2.4285714285714284,46,13,TATAGGCACCGCCACCTCTC,33,1865151
hyuA_predicted,1.0714285714285714,27,13,TATAATGATGTTTCTGTTCT,14,1876350
hyuA_predicted,1.6428571428571428,35,13,TAGAGGCAGGACCGGTCAAA,22,1835489
hyuA_predicted,1.0,26,13,TAGACAAATATATTTACTTG,13,1830180
hyuA_predicted,0.2857142857142857,16,13,TACTAAGTTTCCCTCTGGCG,3,1849154
hyuA_predicted,0.9285714285714286,25,13,TAACCGGCGAGGGTAGAGCA,12,1829212
hyuA_predicted,1.0,26,13,GTTCCAAATCACGCATACTC,13,1845261
hyuA_predicted,0.21428571428571427,15,13,GTTCATACCTTCTCCTGAGG,2,1835440
hyuA_predicted,2.142857142857143,42,13,GTTACTGCAGTGCGCGATTC,29,1838481
hyuA_predicted,1.5714285714285714,34,13,GTCTCACATGAACGCATACT,21,1873086
hyuA_predicted,1.2857142857142858,30,13,GTCCGCTGACCGAGTTCTCA,17,1854312
hyuA_predicted,0.21428571428571427,15,13,GTCAGGTTCACGGCACACCT,2,1863813
hyuA_predicted,0.14285714285714285,14,13,GTATGGGAGTGCATACCCAA,1,1854496
hyuA_predicted,0.14285714285714285,14,13,GTACTACAATGCATATACCG,1,1834820
hyuA_predicted,1.8571428571428572,38,13,GGTTGATTGTGCTCTTGTAC,25,1844014
hyuA_predicted,0.9285714285714286,25,13,GGTGCCCACCGTTCAAATCC,12,1872395
hyuA_predicted,0.8571428571428571,24,13,GGTATGGACAAATGGACACT,11,1837974
hyuA_predicted,0.5,19,13,GGTACGCACAAATGCGTCTG,6,1831145
hyuA_predicted,1.5,33,13,GGGCGGTGTGGTCTATGTGC,20,1860799
hyuA_predicted,0.7142857142857143,22,13,GGCTGAAGTGGAGTATGCCA,9,1855302
hyuA_predicted,1.7857142857142858,37,13,GGCGCGTGCACGGTTGTTGT,24,1863591
hyuA_predicted,0.9285714285714286,25,13,GGATAACTGTCATGGATAGG,12,1861405
hyuA_predicted,0.5,19,13,GGAAAGATAGCTTGCATATA,6,1831659
hyuA_predicted,2.4285714285714284,46,13,GCTGGGTCTTATTGCGCACG,33,1867422
hyuA_predicted,0.7857142857142857,23,13,GCTGGCCCACCGGGATTCGC,10,1840849
hyuA_predicted,2.0,40,13,GCGTTAGCCGGCTCTTATCG,27,1861562
hyuA_predicted,1.4285714285714286,32,13,GCGTAAACGGTTATCGTATG,19,1845693
hyuA_predicted,0.9285714285714286,25,13,GCGACCTGTCGGACATGCCT,12,1835681
hyuA_predicted,0.35714285714285715,17,13,GCCCCACCTAGACCTAAAAC,4,1838569
hyuA_predicted,0.14285714285714285,14,13,GATATACAAACGTATCTTCG,1,1852017
hyuA_predicted,0.42857142857142855,18,13,GATACCAGGACGACGAAAAG,5,1839178
hyuA_predicted,0.5,19,13,GAGTTAATTCTTTCAGAAAA,6,1861646
hyuA_predicted,0.5,19,13,GAGAATCGAGCGAACGTCTA,6,1836977
hyuA_predicted,1.1428571428571428,28,13,GACTCATGGCTGAATTTCGT,15,1854089
hyuA_predicted,1.0,26,13,GAAGTCCACGGAACAGCGAT,13,1844054
hyuA_predicted,1.7142857142857142,36,13,GAAGAGCGCTAGTCACCTGT,23,1840745
hyuA_predicted,0.8571428571428571,24,13,CTTGCCGCAATTTGTTCCGT,11,1844226
hyuA_predicted,1.2857142857142858,30,13,CTGTCATCGTGATTAATTAT,17,1866844
hyuA_predicted,0.2857142857142857,16,13,CTGGCGGGAACCTTGGTCGG,3,1870765
hyuA_predicted,0.14285714285714285,14,13,CTCCAAGCCGTTTCGTCGCT,1,1860452
hyuA_predicted,0.8571428571428571,24,13,CTAACATGACGATACAATCC,11,1870867
hyuA_predicted,0.7857142857142857,23,13,CGTGCGTTCTCCTCCCTAAA,10,1869912
hyuA_predicted,0.5,19,13,CGTCTCTAAACTAAGGCGTT,6,1856350
hyuA_predicted,0.14285714285714285,14,13,CGTCGTGGTCCAAAAGCGTT,1,1868180
hyuA_predicted,0.5,19,13,CGTCATTTACGGGAACGCTA,6,1834815
hyuA_predicted,1.0,26,13,CGGGGGGGTTCAAACTCCTT,13,1869167
hyuA_predicted,0.14285714285714285,14,13,CGGGCTTGGCATCGTTGGCA,1,1839055
hyuA_predicted,1.0714285714285714,27,13,CGAAACGTAAGAGGTTGTCT,14,1839070
hyuA_predicted,1.1428571428571428,28,13,CCTTATCAAGTATCATGTAT,15,1854225
hyuA_predicted,0.14285714285714285,14,13,CCTGACTACAGTGTATAAGG,1,1858433
hyuA_predicted,1.5714285714285714,34,13,CCTCAGGATATCTTCGCAAA,21,1848101
hyuA_predicted,1.1428571428571428,28,13,CCGTAGTTTGAAAAAATGCC,15,1833093
hyuA_predicted,1.2857142857142858,30,13,CCGGGGAGTTGCAATGCCCA,17,1860445
hyuA_predicted,1.0,26,13,CCGGAAACGTGCACACTGTT,13,1830490
hyuA_predicted,1.9285714285714286,39,13,CCGCGGGAATCTCGACTCGA,26,1871491
hyuA_predicted,0.21428571428571427,15,13,CCGCGGCCAATTTTTCTATG,2,1861031
hyuA_predicted,0.42857142857142855,18,13,CCGACCTTGTGAAGTTACAA,5,1859416
hyuA_predicted,0.21428571428571427,15,13,CCCATCATAGTGTCGCGATA,2,1868131
hyuA_predicted,0.5714285714285714,20,13,CCATGACTTCGCATGCCGGA,7,1846629
hyuA_predicted,1.0,26,13,CCAGTTTTGTAGCATACGCT,13,1833557
hyuA_predicted,0.8571428571428571,24,13,CCAGCCCGGTTGCCGCTCAC,11,1875208
hyuA_predicted,0.5714285714285714,20,13,CCAGAGTGTTAAGGCGTGGC,7,1869127
hyuA_predicted,0.5714285714285714,20,13,CCACTGGAGTTTCTTCAACT,7,1840423
hyuA_predicted,0.7142857142857143,22,13,CCAAAGGCAGGGCTTGCAGG,9,1836128
hyuA_predicted,0.6428571428571429,21,13,CATGCATTGGTAGGTGTGAT,8,1838894
hyuA_predicted,2.142857142857143,42,13,CATGACTGGGCTGAAACTAA,29,1868270
hyuA_predicted,2.2142857142857144,43,13,CATGACCCTTCCGGACTGAT,30,1863971
hyuA_predicted,0.14285714285714285,14,13,CATACACCTTCAAAGCAGCG,1,1834423
hyuA_predicted,0.5714285714285714,20,13,CAGTTACCTATCCTTTATTG,7,1865182
hyuA_predicted,0.14285714285714285,14,13,CAGATCCACAGTTGATAGAA,1,1877423
hyuA_predicted,3.0714285714285716,55,13,CAGAGAAGACGTGGCCCCAT,42,1864284
hyuA_predicted,0.5714285714285714,20,13,CAGAACGCTTCGTAAGCCGT,7,1860281
hyuA_predicted,0.21428571428571427,15,13,CACCCATGGAGCACGGACTA,2,1850758
hyuA_predicted,0.6428571428571429,21,13,CACACGTAGGGGGTAGCGGG,8,1869653
hyuA_predicted,1.8571428571428572,38,13,CAAGGGCATGGCTAGTGCAA,25,1871739
hyuA_predicted,0.42857142857142855,18,13,CAAATACTGAGGCCGGGAAA,5,1843253
hyuA_predicted,0.7857142857142857,23,13,ATTTACAAGCACATTAGGGA,10,1841353
hyuA_predicted,0.21428571428571427,15,13,ATTTAAGTTTCCTCATTAGC,2,1857597
hyuA_predicted,0.6428571428571429,21,13,ATTAGGGCCAAAAAGAAAGT,8,1865558
hyuA_predicted,2.357142857142857,45,13,ATGGGAGTGACTTCGTCATT,32,1874321
hyuA_predicted,1.5714285714285714,34,13,ATGCATCAGCTTTTGGGGTT,21,1835433
hyuA_predicted,0.9285714285714286,25,13,ATCTCGGACGTAGTGCCTTG,12,1855644
hyuA_predicted,1.8571428571428572,38,13,ATCGGACTGATGTGACCAGA,25,1847621
hyuA_predicted,1.3571428571428572,31,13,ATCCCGGAGCACCACCTAAT,18,1861213
hyuA_predicted,1.0,26,13,ATCCAGTTAAGCTCCGTTAA,13,1865469
hyuA_predicted,0.42857142857142855,18,13,AGTGATTCCGGGTGTTGCAA,5,1861450
hyuA_predicted,0.5714285714285714,20,13,AGTAAGTCGGCGCACGTTCG,7,1848664
hyuA_predicted,2.2142857142857144,43,13,AGGGTCAGCATGATCTTCTG,30,1866763
hyuA_predicted,0.8571428571428571,24,13,AGGCTTCCTTGAGATGCGTC,11,1860092
hyuA_predicted,2.142857142857143,42,13,AGCAACCTTTCCTCGAAAAA,29,1845683
hyuA_predicted,0.5,19,13,AGACTTAATTAGTGTGGCGG,6,1861393
hyuA_predicted,0.21428571428571427,15,13,AGACCTCTGATAGGCAAACA,2,1855438
hyuA_predicted,1.0,26,13,ACCGCATTATCTATCCGGAA,13,1835909
hyuA_predicted,0.35714285714285715,17,13,ACCATGGAGGTCTGGTCGAT,4,1862321
hyuA_predicted,0.2857142857142857,16,13,ACCAGCTCCGCCGTACTGCT,3,1838803
hyuA_predicted,0.14285714285714285,14,13,ACATACGAAGGCCTCCGGGT,1,1873246
hyuA_predicted,0.5,19,13,ACAGCCAAGATCCTTTAGAT,6,1829142
hyuA_predicted,0.9285714285714286,25,13,AATTGTTTCATCACGATCTA,12,1831270
hyuA_predicted,1.0,26,13,AATGACCACAAATTAAAATA,13,1846600
hyuA_predicted,0.5714285714285714,20,13,AAGTTTACCCGGGCACTCAC,7,1851560
hyuA_predicted,0.6428571428571429,21,13,AAGGTCGCTAAGTCTACTGG,8,1852606
hyuA_predicted,0.5714285714285714,20,13,AAGCTGAACTCACTAGCCCC,7,1875661
hyuA_predicted,1.2857142857142858,30,13,AAGAAACTACTAATTTGTAA,17,1861341
hyuA_predicted,2.642857142857143,49,13,AACTTTAAAGTGGCTAACTT,36,1844442
hyuA_predicted,0.21428571428571427,15,13,AAATCACTCTCGCGTAGTCC,2,1836322
hyuA_predicted,2.0,40,13,AAAGTATCGTGTTCGTTCGC,27,1864120
hyuA_predicted,0.21428571428571427,15,13,AAACCCCCTATACCACCCTA,2,1852814
hyuA_predicted,1.3076923076923077,28,12,TTTTTTCAATTCGTCCTGTT,16,1855387
hyuA_predicted,1.2307692307692308,27,12,TTTGTGCGGCGCTCGACAGT,15,1866812
hyuA_predicted,2.6923076923076925,46,12,TTGTCCGTCTGCCCTCAAAA,34,1872537
hyuA_predicted,0.15384615384615385,13,12,TTGTACTGAAGAAGCGAGTA,1,1855829
hyuA_predicted,1.5384615384615385,31,12,TTGGGACAATGGCTTACTGT,19,1829632
hyuA_predicted,3.3076923076923075,54,12,TTGCGGCCGTCACACCCCCG,42,1838403
hyuA_predicted,1.0,24,12,TTCTTCTGTGATGGGCCGAT,12,1833277
hyuA_predicted,0.9230769230769231,23,12,TTAAACTAAAGGACCGGGTC,11,1873791
hyuA_predicted,1.2307692307692308,27,12,TGTTTGGTCTCGCGGGTTCT,15,1855065
hyuA_predicted,1.0,24,12,TGTGGCAGAGAATTGTAATA,12,1858767
hyuA_predicted,1.6923076923076923,33,12,TGTGAGTAGCCCACAATTAA,21,1832719
hyuA_predicted,0.8461538461538461,22,12,TGTCAGGTCACCGCTTGTCC,10,1860546
hyuA_predicted,1.0,24,12,TGTAGGCCTTATGTGATGGA,12,1832912
hyuA_predicted,1.9230769230769231,36,12,TGGTCTTTCGCGGCACGCTC,24,1857016
hyuA_predicted,0.38461538461538464,16,12,TGGAATGGTAATGTGGCGGC,4,1872081
hyuA_predicted,1.0,24,12,TGGAACCAATTATGCAGATA,12,1851721
hyuA_predicted,0.46153846153846156,17,12,TGATTACACTCTATATCAAA,5,1840984
hyuA_predicted,1.0769230769230769,25,12,TGAGAGCGACAACAGGCTGG,13,1837924
hyuA_predicted,0.23076923076923078,14,12,TCTCCTACGTGCAAACTCGC,2,1862245
hyuA_predicted,0.46153846153846156,17,12,TCTAGGCCCATTCAGAGCTT,5,1870393
hyuA_predicted,2.3076923076923075,41,12,TCGATTTTTCGGGAATTCTC,29,1836945
hyuA_predicted,2.230769230769231,40,12,TCGATGTGGGCTTACGGTCT,28,1846134
hyuA_predicted,1.6153846153846154,32,12,TCCGAAGTATGCTGATTATA,20,1833248
hyuA_predicted,2.4615384615384617,43,12,TCACAGACGCTCTCCGATAA,31,1868992
hyuA_predicted,0.6923076923076923,20,12,TCAACACGCCCTCAAAACCC,8,1858008
hyuA_predicted,0.15384615384615385,13,12,TCAAAACCCAAATTCTTATG,1,1866233
hyuA_predicted,1.2307692307692308,27,12,TATTTCCTTCGTATCCGGAA,15,1870125
hyuA_predicted,0.3076923076923077,15,12,TATATGAGAGAGCCCCAGTT,3,1850135
hyuA_predicted,1.3076923076923077,28,12,TAAAGTGCAATGATCCGTAC,16,1858635
hyuA_predicted,2.3076923076923075,41,12,GTTGTCGCATCCGTCCGAGT,29,1862954
hyuA_predicted,1.1538461538461537,26,12,GTTGGCGACCCCGTCCGAAC,14,1872459
hyuA_predicted,0.15384615384615385,13,12,GTTAATTGTGGTTTCATGGG,1,1848834
hyuA_predicted,0.7692307692307693,21,12,GTGTCCTCTACTCCATTAAG,9,1857119
hyuA_predicted,0.9230769230769231,23,12,GTGTCAACACTGTTCTGGCG,11,1855434
hyuA_predicted,1.1538461538461537,26,12,GTCCGAAATCCAATGTGCTG,14,1846634
hyuA_predicted,0.3076923076923077,15,12,GTATTTCCAGGTGAGTAATG,3,1855509
hyuA_predicted,0.38461538461538464,16,12,GTATTTCACTTCGGTTCGGC,4,1832106
hyuA_predicted,0.8461538461538461,22,12,GTAGTTTGAAATCCGGATTT,10,1870834
hyuA_predicted,1.2307692307692308,27,12,GGTTGTGTGGATTTCGATTA,15,1849235
hyuA_predicted,1.2307692307692308,27,12,GGTGTCACCCCGTGCCCCGC,15,1862108
hyuA_predicted,1.4615384615384615,30,12,GGTGCAACTATGTAATAAGT,18,1861686
hyuA_predicted,1.2307692307692308,27,12,GGTACGACTCTGCGTATAAA,15,1876601
hyuA_predicted,0.23076923076923078,14,12,GGGTCCTTTTCCCCAAATTT,2,1873889
hyuA_predicted,1.2307692307692308,27,12,GGGGCACGCTTCAATTCTAG,15,1849654
hyuA_predicted,1.5384615384615385,31,12,GGGCAAAATCTTGCTTAGGC,19,1845233
hyuA_predicted,0.38461538461538464,16,12,GGGACAGAAATGAGCTGGGT,4,1837894
hyuA_predicted,1.0769230769230769,25,12,GGCTGATGTTAGCGGATGGG,13,1860146
hyuA_predicted,2.1538461538461537,39,12,GGCGTAGAGGCGTCTACTTT,27,1843016
hyuA_predicted,4.384615384615385,68,12,GGCACGACACCTTAGCGTAT,56,1861314
hyuA_predicted,0.9230769230769231,23,12,GGATAACCGTCAAGCGGGGA,11,1877338
hyuA_predicted,1.5384615384615385,31,12,GGAGTCCTAGAGCTTGTCTG,19,1838971
hyuA_predicted,1.0,24,12,GCTTGTACTGTTGTAAGATG,12,1867416
hyuA_predicted,0.46153846153846156,17,12,GCTTGAGCGTTGTCAGATCC,5,1873975
hyuA_predicted,0.6923076923076923,20,12,GCTCTATGTCTCCGGTTACA,8,1842243
hyuA_predicted,1.3846153846153846,29,12,GCTAAGTCACGATATGTAAG,17,1848965
hyuA_predicted,0.8461538461538461,22,12,GCGGTAGTACACGGAACTCT,10,1834129
hyuA_predicted,0.15384615384615385,13,12,GCGGCTTGACACTTGCGCTG,1,1860803
hyuA_predicted,1.1538461538461537,26,12,GCGCGCTCTGCATCTTAATC,14,1865338
hyuA_predicted,0.6153846153846154,19,12,GCCTGGGGATTCCCGGATGA,7,1876203
hyuA_predicted,1.4615384615384615,30,12,GCCTCTTAGGGCAGATTCCC,18,1837688
hyuA_predicted,0.5384615384615384,18,12,GCCCAGAGCAAAGGGTTTCA,6,1868623
hyuA_predicted,1.4615384615384615,30,12,GAGGTAAGAATTTCAGACAT,18,1865128
hyuA_predicted,1.8461538461538463,35,12,GACTCCGTCCAAGACGGAGT,23,1831402
hyuA_predicted,1.5384615384615385,31,12,GACGGGAGCTCTAGTTCCAT,19,1876661
hyuA_predicted,1.0769230769230769,25,12,GACGGCCACCATGGGACTTC,13,1841617
hyuA_predicted,0.9230769230769231,23,12,GACCTGCAGCATGTAACTGT,11,1859912
hyuA_predicted,0.3076923076923077,15,12,GAATCATCGAGTATCTGCAT,3,1829722
hyuA_predicted,0.6923076923076923,20,12,CTTGGGACGGCCCTACACAT,8,1853669
hyuA_predicted,2.0,37,12,CTGGTTAGTTAATCTCCCAG,25,1848476
hyuA_predicted,1.6153846153846154,32,12,CTGGAACGTAAGAGAACGTT,20,1841499
hyuA_predicted,1.3076923076923077,28,12,CTCGGTGCTACGGGGGTGGT,16,1841542
hyuA_predicted,2.1538461538461537,39,12,CTCCTTTGCCCGACTTCACG,27,1860357
hyuA_predicted,0.9230769230769231,23,12,CTATATTCAGCCCCGCGTGA,11,1853851
hyuA_predicted,0.6153846153846154,19,12,CTAATTTATCTCCAGCTAGT,7,1833282
hyuA_predicted,1.0,24,12,CGTCTCACGGTAGAATGACT,12,1853074
hyuA_predicted,1.0769230769230769,25,12,CGTCCAGACCTTCCCATCAT,13,1840671
hyuA_predicted,2.923076923076923,49,12,CGGTATAACGTGCGCGAGAT,37,1848960
hyuA_predicted,0.9230769230769231,23,12,CGGTAACACGTGCGAGATTC,11,1871797
hyuA_predicted,1.1538461538461537,26,12,CGGCCAGGCTGGAAGCGCAA,14,1861676
hyuA_predicted,1.0,24,12,CGGACACTGTCGATAAAGTA,12,1843986
hyuA_predicted,0.15384615384615385,13,12,CGCCGCTACATTTAACTATT,1,1863202
hyuA_predicted,0.8461538461538461,22,12,CGCCGAAATCTATCTGAATT,10,1846018
hyuA_predicted,1.4615384615384615,30,12,CGACGATTTAATTGTCCTAC,18,1846346
hyuA_predicted,2.5384615384615383,44,12,CCTTTCGGTGTGGACTGCAA,32,1855166
hyuA_predicted,0.6153846153846154,19,12,CCGTTGTGGGTGTCGCATAT,7,1851184
hyuA_predicted,0.6923076923076923,20,12,CCCGTCCAACCTAGTACCTG,8,1838045
hyuA_predicted,1.1538461538461537,26,12,CATCCACCGAGTGTGTACGG,14,1858220
hyuA_predicted,1.3846153846153846,29,12,CATATAGTTGGGGTGGACCA,17,1867308
hyuA_predicted,1.6153846153846154,32,12,CAGTTGGGAGCGTGGGCTAT,20,1867526
hyuA_predicted,0.7692307692307693,21,12,CAGTCGTTCTTAGGGCCGTG,9,1852972
hyuA_predicted,1.1538461538461537,26,12,CAGTCCCAGTTTGTTTAAGT,14,1876971
hyuA_predicted,0.5384615384615384,18,12,CAGAGCGGTAGGGGCCATGG,6,1869023
hyuA_predicted,1.3846153846153846,29,12,CACCAACGCTATCGGTATAA,17,1860003
hyuA_predicted,0.5384615384615384,18,12,CACACATAGGAGCGACACCA,6,1868282
hyuA_predicted,0.9230769230769231,23,12,CAATGTAAATTTCGTCAGGT,11,1830217
hyuA_predicted,0.9230769230769231,23,12,ATTTGGTCGTGTTCGCTCAC,11,1859990
hyuA_predicted,0.6923076923076923,20,12,ATTTACACTGGTATGAATAT,8,1840694
hyuA_predicted,1.6923076923076923,33,12,ATTAGCACCTTGGACGACGT,21,1839840
hyuA_predicted,1.9230769230769231,36,12,ATGCAATCACATTAGCCCCT,24,1874563
hyuA_predicted,1.0769230769230769,25,12,ATGATTACCTTGGGGTGTCA,13,1867534
hyuA_predicted,1.8461538461538463,35,12,ATCGGACAGCTGTCCATAGT,23,1847996
hyuA_predicted,0.6153846153846154,19,12,ATCATAAGGCTGTCTAGTAA,7,1857160
hyuA_predicted,0.15384615384615385,13,12,ATCAATGCGCCGGAGCCGTA,1,1859493
hyuA_predicted,0.7692307692307693,21,12,AGTATAGCTAAGTTGTAGTC,9,1872725
hyuA_predicted,0.9230769230769231,23,12,AGGTCACGCGCTTAGCTGAG,11,1831887
hyuA_predicted,1.1538461538461537,26,12,AGGTAGGACGGAGCAGGCGT,14,1863357
hyuA_predicted,1.3076923076923077,28,12,AGGGGTCTGCCCGGAACGAT,16,1858449
hyuA_predicted,3.3076923076923075,54,12,AGCTAATACGCAGTTTAAAG,42,1841525
hyuA_predicted,0.5384615384615384,18,12,AGCATACTGACGCGACAGGA,6,1835521
hyuA_predicted,1.0,24,12,AGACGGGCTTTGTACGTACT,12,1872873
hyuA_predicted,1.6923076923076923,33,12,AGACCTTGGAGACTTCTCAA,21,1853456
hyuA_predicted,4.384615384615385,68,12,AGAACCGCTTACGGCGGCAT,56,1840511
hyuA_predicted,5.384615384615385,81,12,ACTTAATCATAGCCTTGACT,69,1864604
hyuA_predicted,0.5384615384615384,18,12,ACTGGCCTTCTTAACGATAA,6,1867471
hyuA_predicted,1.4615384615384615,30,12,ACTGCGTAAGGAACAATGGA,18,1852678
hyuA_predicted,0.3076923076923077,15,12,ACTGACCCACGAGCCATAGT,3,1854252
hyuA_predicted,0.3076923076923077,15,12,ACGTTCGAGACCTATTGAGA,3,1849933
hyuA_predicted,1.3846153846153846,29,12,ACGCTCCTCAATCATCAAGT,17,1852712
hyuA_predicted,0.7692307692307693,21,12,ACCTTGGTGCCCCCCTCAAG,9,1851366
hyuA_predicted,1.1538461538461537,26,12,ACATCACGAAATTTTAGTCT,14,1869998
hyuA_predicted,1.5384615384615385,31,12,ACAGCCAAATCCATCGCGAA,19,1855557
hyuA_predicted,0.8461538461538461,22,12,AATTTGACTAGATATATTAC,10,1839845
hyuA_predicted,0.5384615384615384,18,12,AATTCCCAACCACCCACCAG,6,1848944
hyuA_predicted,1.0769230769230769,25,12,AATCGCAGAAACTTCGCGCC,13,1842686
hyuA_predicted,0.7692307692307693,21,12,AAGGGTAGTACGGAAACGTC,9,1839281
hyuA_predicted,1.9230769230769231,36,12,AAGAGAATCCTGCCTTGCCA,24,1840681
hyuA_predicted,0.15384615384615385,13,12,AACGTACCCACTGCGAAATT,1,1834790
hyuA_predicted,0.8461538461538461,22,12,AACCTTGCCAGGAGGGACAC,10,1847162
hyuA_predicted,1.2307692307692308,27,12,AACCGCGGGTGTGGGCAAAA,15,1847644
hyuA_predicted,0.38461538461538464,16,12,AACCCGACTGGAACACTCGT,4,1861858
hyuA_predicted,0.23076923076923078,14,12,AAAGTTTGTACGTTTAAAGC,2,1871725
hyuA_predicted,0.25,13,11,TTTTCCATTCCAAGAACCAC,2,1844987
hyuA_predicted,2.8333333333333335,44,11,TTTCCTGCTATACCTGGGAA,33,1835807
hyuA_predicted,0.16666666666666666,12,11,TTGGTCTTAGTCCCTGGTGA,1,1828870
hyuA_predicted,1.25,25,11,TTCGATTCGAGACGGCTTTC,14,1843311
hyuA_predicted,0.9166666666666666,21,11,TTATTCTCGAAAGTCAGAAT,10,1830041
hyuA_predicted,0.16666666666666666,12,11,TTAGGAATGTGATGACGATT,1,1845834
hyuA_predicted,1.4166666666666667,27,11,TTACCTGAGTACGACCCAAA,16,1838495
hyuA_predicted,1.3333333333333333,26,11,TTAACCCATTGTCGTCTCTC,15,1874083
hyuA_predicted,1.1666666666666667,24,11,TGTTTCCGTGCCCTAACATC,13,1863599
hyuA_predicted,1.9166666666666667,33,11,TGCGGGTTCTTTGATAAGGA,22,1838950
hyuA_predicted,0.9166666666666666,21,11,TGCGGCTACCAGGATATTCG,10,1832660
hyuA_predicted,0.8333333333333334,20,11,TGCCTTAGTGTCCTAATGGG,9,1855527
hyuA_predicted,0.75,19,11,TGCCTACATCCGGTGCGGAC,8,1835852
hyuA_predicted,0.4166666666666667,15,11,TGCCCTTCTTCGTACTGCGT,4,1867177
hyuA_predicted,0.6666666666666666,18,11,TGCCAAGCCTAATCCAACAC,7,1870920
hyuA_predicted,1.3333333333333333,26,11,TCGGTCCTGCAAGCTGCATG,15,1852815
hyuA_predicted,2.4166666666666665,39,11,TCGGCTAGCCTTCGCGAATG,28,1869378
hyuA_predicted,2.6666666666666665,42,11,TCCTAACCCTCCGTTTCATG,31,1839703
hyuA_predicted,0.8333333333333334,20,11,TCCGGAATTTGCAACTTCTG,9,1860458
hyuA_predicted,3.0,46,11,TCCAAGGTCGGGTCCATATT,35,1877553
hyuA_predicted,0.6666666666666666,18,11,TCATGTGTTAGCTGTAGGAA,7,1854594
hyuA_predicted,1.1666666666666667,24,11,TCACTGAAAGTGTGATGCTG,13,1852429
hyuA_predicted,0.16666666666666666,12,11,TCAAGGAGCGCCAAATCGAC,1,1830097
hyuA_predicted,1.0833333333333333,23,11,TATCATAGTCGTGTGCCTGC,12,1832213
hyuA_predicted,1.0833333333333333,23,11,TACCTAGAGAGGTTCCTAAG,12,1874560
hyuA_predicted,0.16666666666666666,12,11,TAATTAGCAGAACCTCGGAG,1,1854784
hyuA_predicted,0.4166666666666667,15,11,TAAGGCCCGTCGAGACCTGT,4,1861926
hyuA_predicted,0.9166666666666666,21,11,TAAAAGGTAAACGCTTGTAA,10,1858536
hyuA_predicted,0.16666666666666666,12,11,GTTTATGTAACGCTGTAGTA,1,1868725
hyuA_predicted,1.5,28,11,GTTTAGACGGGTGTACAATT,17,1839999
hyuA_predicted,0.16666666666666666,12,11,GTTGTTCCACGCGGGACTGC,1,1836853
hyuA_predicted,1.0833333333333333,23,11,GTTGTGTCCTCATGTCGGCG,12,1870350
hyuA_predicted,0.4166666666666667,15,11,GTTGTGCGACGCCAGCGGAA,4,1867200
hyuA_predicted,2.0,34,11,GTTACCATAGGTCGTGTGCT,23,1834733
hyuA_predicted,0.4166666666666667,15,11,GTGTCGATGGTGATGCATAT,4,1852986
hyuA_predicted,0.25,13,11,GTGGAAGTTAAAGTCAGAAT,2,1868434
hyuA_predicted,0.4166666666666667,15,11,GTCGCCATTGTAATGTCACA,4,1843814
hyuA_predicted,1.3333333333333333,26,11,GTCGAAGTTCACATTGCCGT,15,1843265
hyuA_predicted,0.25,13,11,GTAACTATTAAGGCGAATGG,2,1866402
hyuA_predicted,2.4166666666666665,39,11,GTAAAGGAGCCCTCTGTCAG,28,1869574
hyuA_predicted,1.25,25,11,GGTCGGGGCCGCAGGAGTTA,14,1832740
hyuA_predicted,0.3333333333333333,14,11,GGTACTCGAGAGCAACACTT,3,1846471
hyuA_predicted,3.0,46,11,GGGCTACATATCTCCCAGGA,35,1828967
hyuA_predicted,2.9166666666666665,45,11,GGCAATCGCACTTATCCATT,34,1845479
hyuA_predicted,0.8333333333333334,20,11,GGATGACGGATATTTTCTCT,9,1838548
hyuA_predicted,0.9166666666666666,21,11,GGATCTAAGGGTACAACCAC,10,1855889
hyuA_predicted,2.0833333333333335,35,11,GGATCAAAAGACTCTTCTTT,24,1849621
hyuA_predicted,0.3333333333333333,14,11,GGAGGGCAGTGCGGACTCCA,3,1848574
hyuA_predicted,0.6666666666666666,18,11,GGAATGTTGATAACGGGCGT,7,1833017
hyuA_predicted,0.75,19,11,GCTATTTATTCGGATGGCGG,8,1862909
hyuA_predicted,1.0,22,11,GCTACTGGGATAGGAAACTG,11,1849266
hyuA_predicted,0.16666666666666666,12,11,GCGTATTGTTAACGGTGATC,1,1873283
hyuA_predicted,1.3333333333333333,26,11,GCCTGGGGACTTGTTTCTTT,15,1849929
hyuA_predicted,1.25,25,11,GCCTAGTCAGTCCGTATTCC,14,1856941
hyuA_predicted,2.0,34,11,GCCGACTTTTAACCTGTGAT,23,1861569
hyuA_predicted,1.3333333333333333,26,11,GCATCCCAATGCATAATTGT,15,1846293
hyuA_predicted,0.75,19,11,GCAATATGTCGATCAGGATG,8,1838372
hyuA_predicted,0.9166666666666666,21,11,GATTGCTCCGGTGACTGGTT,10,1839158
hyuA_predicted,1.5833333333333333,29,11,GAGTACGCCTCTTCTGAGAC,18,1863645
hyuA_predicted,1.6666666666666667,30,11,GACGAGAGTGATACCGCTGA,19,1855357
hyuA_predicted,1.5833333333333333,29,11,GAACTCCAAATACAGGTAGT,18,1848244
hyuA_predicted,1.25,25,11,GAAAAGGACGTTGGGACTAG,14,1846114
hyuA_predicted,0.16666666666666666,12,11,CTTGTCCCGAACTTAAGAAC,1,1871007
hyuA_predicted,0.16666666666666666,12,11,CTTCTCGAGAAAAAAACTGA,1,1835716
hyuA_predicted,0.9166666666666666,21,11,CTTCCAAACTCACAATCGCG,10,1873731
hyuA_predicted,1.1666666666666667,24,11,CTGCGGTTAGTCGGGATCCA,13,1859694
hyuA_predicted,1.0,22,11,CTCGGAGATATTACCTCTCC,11,1869082
hyuA_predicted,1.5833333333333333,29,11,CTATATTAATTGGAGGTAAT,18,1839275
hyuA_predicted,0.5833333333333334,17,11,CTAGGATAGATATGATTTGC,6,1853231
hyuA_predicted,0.6666666666666666,18,11,CTACTGGCTTTGCACGGACC,7,1860796
hyuA_predicted,1.9166666666666667,33,11,CGTATTAGCGGAGAGAAGTT,22,1866021
hyuA_predicted,0.8333333333333334,20,11,CGGGTGGGTAGGGGGTTTAT,9,1876353
hyuA_predicted,0.5833333333333334,17,11,CGGGAATCTTCGAATGGTCT,6,1873734
hyuA_predicted,1.9166666666666667,33,11,CGGCCTGACCGTGAGGCGTA,22,1858090
hyuA_predicted,1.5833333333333333,29,11,CGGAGTTATATAAACTATTG,18,1832970
hyuA_predicted,0.16666666666666666,12,11,CGGAACAGGACAGGCCCGAT,1,1858542
hyuA_predicted,0.4166666666666667,15,11,CGCTCGCATAGGCGTAACGA,4,1856740
hyuA_predicted,0.16666666666666666,12,11,CGCGCATTGGCCTCTCCTGA,1,1864440
hyuA_predicted,0.4166666666666667,15,11,CGCCCTAATTTACGTGTTTG,4,1856375
hyuA_predicted,1.0833333333333333,23,11,CGCAAGCAGAGCAGCCTCCG,12,1854610
hyuA_predicted,4.416666666666667,63,11,CGCAAACTCTAGGATAGAAA,52,1854573
hyuA_predicted,1.25,25,11,CGACGTTGTAGCCAGACGCA,14,1847619
hyuA_predicted,1.4166666666666667,27,11,CGACACGTACCCGAAAAACA,16,1870482
hyuA_predicted,0.3333333333333333,14,11,CGAAGTGATCCACTGTGTCA,3,1861899
hyuA_predicted,1.6666666666666667,30,11,CCTGCCCCACGAGCTCCGAG,19,1843788
hyuA_predicted,1.6666666666666667,30,11,CCCTTACGGGCGTCTGTTAC,19,1842477
hyuA_predicted,0.9166666666666666,21,11,CCCTGCACTGTGAGGTCGCC,10,1862888
hyuA_predicted,34.166666666666664,420,11,CCCTCCTGTCATCGGGGATC,409,1860211
hyuA_predicted,0.16666666666666666,12,11,CCCCGAGCGTGTTACCTGGA,1,1857569
hyuA_predicted,0.6666666666666666,18,11,CCCAAGTGCCAAGAGGCTGG,7,1873411
hyuA_predicted,1.5,28,11,CCAAGGCGGTATTCGTAAAG,17,1835108
hyuA_predicted,0.75,19,11,CATGGGCTCTGTAAGAGGTC,8,1870472
hyuA_predicted,1.0833333333333333,23,11,CATCTAAAAGATAATAATAC,12,1874050
hyuA_predicted,1.25,25,11,CATCACCTGAATAGGATGCG,14,1873957
hyuA_predicted,1.1666666666666667,24,11,CAGCGTGTCGGTACTTTAAA,13,1848293
hyuA_predicted,1.6666666666666667,30,11,CACTAAGCAGAACCCACTAG,19,1876124
hyuA_predicted,1.3333333333333333,26,11,CACGGCAATAGGTTGTGGAG,15,1841433
hyuA_predicted,0.8333333333333334,20,11,CAATATACCTAGTACCAACA,9,1869346
hyuA_predicted,1.0,22,11,CAAGTTGCCGTGATCGTAAG,11,1844499
hyuA_predicted,1.1666666666666667,24,11,CAAACGCCGCTATCCTGCGT,13,1867976
hyuA_predicted,2.0,34,11,ATTTGGTGCATGCTTGAGTG,23,1846761
hyuA_predicted,1.5,28,11,ATTTAGGGCTTATGCTCATA,17,1846524
hyuA_predicted,1.0,22,11,ATTGTTGTACGGTCTGATGC,11,1846485
hyuA_predicted,2.0,34,11,ATTGAGTCCACATCCTTAAT,23,1865418
hyuA_predicted,0.3333333333333333,14,11,ATTCTCATAGCATTATTACA,3,1865972
hyuA_predicted,0.8333333333333334,20,11,ATTATTGCATCGCACAACCC,9,1837368
hyuA_predicted,2.8333333333333335,44,11,ATGTGATTGATTAAGGTAAA,33,1828855
hyuA_predicted,0.16666666666666666,12,11,ATGCTGGCATGCCGAGCGGA,1,1840016
hyuA_predicted,1.5,28,11,ATGACTTGAGTTGCCCTCAA,17,1865058
hyuA_predicted,1.8333333333333333,32,11,ATCTTGGTATCGCCAGCTTA,21,1835612
hyuA_predicted,2.1666666666666665,36,11,ATCCAGGGAAGCGTCAGGGT,25,1866806
hyuA_predicted,1.0,22,11,ATATGAACCTACTGATTGCG,11,1864833
hyuA_predicted,3.25,49,11,ATACGGCACGAAGGGAAGCT,38,1841827
hyuA_predicted,0.25,13,11,AGTGCTATGATCTTTATCTT,2,1847481
hyuA_predicted,0.16666666666666666,12,11,AGTATCGGGCAGCCATGTCC,1,1831880
hyuA_predicted,0.8333333333333334,20,11,AGGTCAGCATCGGTACAGCG,9,1832124
hyuA_predicted,0.25,13,11,AGGTCACCGCTATGGATCTA,2,1848115
hyuA_predicted,0.5833333333333334,17,11,AGGCACGTTAATTGACCTCC,6,1839924
hyuA_predicted,0.4166666666666667,15,11,AGCTTAGGGGTCTCGCACCT,4,1836615
hyuA_predicted,1.25,25,11,AGCGTCTGCGAGAGCTGTAA,14,1848287
hyuA_predicted,0.5833333333333334,17,11,AGCGCGGCGCTGTGAGTTTT,6,1833858
hyuA_predicted,0.25,13,11,AGCCACTCTGGGGGATAAGG,2,1874660
hyuA_predicted,0.75,19,11,AGACTGTATAGACGGTCGCC,8,1835471
hyuA_predicted,0.75,19,11,AGAACCAGTCAAAGTGGCGC,8,1847367
hyuA_predicted,0.16666666666666666,12,11,ACTTGGTGGACATAGTTATA,1,1850632
hyuA_predicted,1.0,22,11,ACTGTCGCAACGGAAGACTT,11,1855094
hyuA_predicted,0.3333333333333333,14,11,ACTCTAAACCACCAGGGCGT,3,1869436
hyuA_predicted,0.16666666666666666,12,11,ACTAGAAACCCCACTTGTAC,1,1866727
hyuA_predicted,1.6666666666666667,30,11,ACTAAACAGGGGAACCGATC,19,1841394
hyuA_predicted,1.8333333333333333,32,11,ACGTCATGGTCATTACATAA,21,1876447
hyuA_predicted,1.5,28,11,ACGGTCCATATCATCAATTG,17,1843496
hyuA_predicted,1.25,25,11,ACAAAACCCGGGTGTCCTCT,14,1834916
hyuA_predicted,1.6666666666666667,30,11,AATTAGCAAGATTCGAGTGC,19,1868709
hyuA_predicted,1.75,31,11,AATAAGGTCAAACGGCTGCG,20,1875194
hyuA_predicted,0.3333333333333333,14,11,AAGTAATCTACTCGGTCGCT,3,1848355
hyuA_predicted,0.6666666666666666,18,11,AAGGGGGTCGAGACACCGTC,7,1867803
hyuA_predicted,0.4166666666666667,15,11,AAGGCCCTGACTTACAGTTG,4,1867178
hyuA_predicted,1.0,22,11,AAGCAAAGTCATATGTAATC,11,1862463
hyuA_predicted,0.3333333333333333,14,11,AACTGGGAGCGTGGATAGGT,3,1874633
hyuA_predicted,1.6666666666666667,30,11,AACGTGAAAGAGGTGCAACT,19,1836603
hyuA_predicted,2.5,40,11,AAAGCGGTGTTGGGCGACAT,29,1875209
hyuA_predicted,0.4166666666666667,15,11,AAACGTAGTAAAGATATGAA,4,1853283
hyuA_predicted,0.3333333333333333,14,11,AAACGAGGGGCACACCGGTT,3,1836949
hyuA_predicted,0.4166666666666667,15,11,AAAAGACTAAACGACGCAAT,4,1842736
hyuA_predicted,0.4166666666666667,15,11,AAAACGGGTAGTAAGAGAGA,4,1839725
hyuA_predicted,0.9090909090909091,19,10,TTGGAAGATAATTCCGACAA,9,1849480
hyuA_predicted,1.5454545454545454,26,10,TTGCATATTTTATAACCAGC,16,1836389
hyuA_predicted,1.6363636363636365,27,10,TTGAGCTTCTAGTTTCGCAA,17,1862547
hyuA_predicted,1.1818181818181819,22,10,TTCTGTCTGCCAGGTTCTTA,12,1860681
hyuA_predicted,1.2727272727272727,23,10,TTCTCGCTTGCTTTAAGTGG,13,1832474
hyuA_predicted,0.18181818181818182,11,10,TTCTCGCTTGACGTCTGATA,1,1829942
hyuA_predicted,1.4545454545454546,25,10,TTCTAAAGGTTCTGACCGAC,15,1874801
hyuA_predicted,0.18181818181818182,11,10,TTCGGGGCGACTAGCTTCTT,1,1851365
hyuA_predicted,1.7272727272727273,28,10,TTCACGGATGACAGCTTCCT,18,1854938
hyuA_predicted,0.9090909090909091,19,10,TTACGACAAGCGTCATCACC,9,1830769
hyuA_predicted,0.18181818181818182,11,10,TGTATCTTATCGAGCAACTT,1,1850880
hyuA_predicted,0.5454545454545454,15,10,TGGTAGGAGGGGGTCCGCCA,5,1853943
hyuA_predicted,1.0,20,10,TGGGTCCCTGAGGTCGTTTA,10,1864562
hyuA_predicted,1.3636363636363635,24,10,TGGGTACCGAATTACTCCCA,14,1860401
hyuA_predicted,2.0,31,10,TGGGGACCGGTTTGTAAATA,21,1871305
hyuA_predicted,1.4545454545454546,25,10,TGGCGCATGGCGGGCTTTAT,15,1875479
hyuA_predicted,1.0909090909090908,21,10,TGGCCCTTCGTCGTACGCCT,11,1857403
hyuA_predicted,2.909090909090909,41,10,TGGATCTTACCTTCTAAGTT,31,1839058
hyuA_predicted,1.6363636363636365,27,10,TGCTTTTACGCACAAGCCTC,17,1841908
hyuA_predicted,2.1818181818181817,33,10,TGCCTACGCAAACTCCCCAA,23,1842399
hyuA_predicted,0.18181818181818182,11,10,TGCCCGTACGAAGAAGTAAA,1,1852644
hyuA_predicted,0.7272727272727273,17,10,TGACGGAATAGGGCACCTCT,7,1865110
hyuA_predicted,0.45454545454545453,14,10,TGACAAATCCTTAACGTACG,4,1856295
hyuA_predicted,1.0,20,10,TGAATTGATCCAGGATCCAG,10,1873943
hyuA_predicted,0.9090909090909091,19,10,TCTTAGTTTGCGGAACAGGT,9,1846645
hyuA_predicted,0.9090909090909091,19,10,TCTGGGAGGAACTGCATCCA,9,1852649
hyuA_predicted,0.9090909090909091,19,10,TCGTGACGGCAGATTTGACT,9,1837070
hyuA_predicted,0.9090909090909091,19,10,TCGTCGCGATAGGCGCTTAT,9,1841595
hyuA_predicted,2.1818181818181817,33,10,TCCATCTAAGCTTGCGAGGA,23,1867729
hyuA_predicted,2.090909090909091,32,10,TCATCCATTAACAATCTTTA,22,1832771
hyuA_predicted,0.45454545454545453,14,10,TCATCATTGGTTGCTCCTCC,4,1868518
hyuA_predicted,0.45454545454545453,14,10,TCACGCTCGGTTTGGTGTTC,4,1838346
hyuA_predicted,1.0,20,10,TCAACCAACACTAAGTAATG,10,1865488
hyuA_predicted,0.5454545454545454,15,10,TAGTCTCGTTTAAGCACGTA,5,1856690
hyuA_predicted,1.4545454545454546,25,10,TAGGGTCGGAGGAGGTCGGT,15,1859239
hyuA_predicted,1.4545454545454546,25,10,TAGCGCTTCACAACCTTGTC,15,1862272
hyuA_predicted,1.1818181818181819,22,10,TACTGATTAGTTTTTCCTTC,12,1859674
hyuA_predicted,0.9090909090909091,19,10,TACAATCGAACAAACCTCTA,9,1856994
hyuA_predicted,2.1818181818181817,33,10,TAAGGGTTCATTAACGGATG,23,1837978
hyuA_predicted,0.8181818181818182,18,10,TAAGAAGTACGAGGGGAGAA,8,1865823
hyuA_predicted,1.0,20,10,TAACTTTCGCCCTGGCGATG,10,1863402
hyuA_predicted,0.45454545454545453,14,10,TAACTCCCTTAAGGCCCCCG,4,1868888
hyuA_predicted,0.2727272727272727,12,10,GTTACGGTCTGGCTATCTGT,2,1869732
hyuA_predicted,0.9090909090909091,19,10,GTGTTGAAATAAGCACTCTC,9,1865733
hyuA_predicted,2.1818181818181817,33,10,GTGTAAAACAGAGATACAGT,23,1866198
hyuA_predicted,1.4545454545454546,25,10,GTGGTGTTGTTAAATCGTTA,15,1846015
hyuA_predicted,0.18181818181818182,11,10,GTGCTCCTCAGACGATTCCC,1,1842754
hyuA_predicted,1.0909090909090908,21,10,GTGAGTTTCTCGCAGGGTAC,11,1831673
hyuA_predicted,1.2727272727272727,23,10,GTCTTGCTGGCCCAGAATCA,13,1862366
hyuA_predicted,1.5454545454545454,26,10,GTCTAGGGTCAGGGGCTTTG,16,1844213
hyuA_predicted,2.0,31,10,GTCGGTAATCACGAATGATG,21,1849475
hyuA_predicted,0.7272727272727273,17,10,GTCGGAATTGTGTTTTACTG,7,1870405
hyuA_predicted,1.2727272727272727,23,10,GTCCGACTATCGAGGCCGCA,13,1846081
hyuA_predicted,6.2727272727272725,78,10,GTCCAATTCACACCCCCCCA,68,1875796
hyuA_predicted,1.1818181818181819,22,10,GTATAGTCACTCGGAACCCC,12,1856108
hyuA_predicted,2.0,31,10,GTACCTTGCCAGTTAGTAAT,21,1854568
hyuA_predicted,0.8181818181818182,18,10,GTAACGTGCAGTCGTTAAGA,8,1841835
hyuA_predicted,0.45454545454545453,14,10,GTAAAGATGTCCTAGAATCC,4,1867767
hyuA_predicted,1.0,20,10,GGTCCACCCTCTTGTTCGCG,10,1855428
hyuA_predicted,1.5454545454545454,26,10,GGTCAGGCCTGTACCCGGTG,16,1843434
hyuA_predicted,0.45454545454545453,14,10,GGTATTACGGCTCGGATATA,4,1861766
hyuA_predicted,2.0,31,10,GGTACCCTTGACGGATTGGA,21,1868239
hyuA_predicted,1.0,20,10,GGGGGGTGTCCACAGGTTTG,10,1834777
hyuA_predicted,0.18181818181818182,11,10,GGGCGTTTAATTGCGTCCAC,1,1854039
hyuA_predicted,1.6363636363636365,27,10,GGGAAACATTATTCCAGCGG,17,1865360
hyuA_predicted,1.7272727272727273,28,10,GGCTGAAAGCTGCGAACACA,18,1832367
hyuA_predicted,0.5454545454545454,15,10,GGCTCATGCGTTCGCTGACT,5,1866495
hyuA_predicted,2.090909090909091,32,10,GGCCTCATCTGACCCAGAGT,22,1849549
hyuA_predicted,0.18181818181818182,11,10,GGAGGCGGAAGGCCGAAAGG,1,1853532
hyuA_predicted,0.6363636363636364,16,10,GGAGAAGCTTCTGCTTGCCA,6,1830909
hyuA_predicted,1.4545454545454546,25,10,GCTCACTACCTTAACGCTTT,15,1875116
hyuA_predicted,1.9090909090909092,30,10,GCGTTGTTGTGTACGGACGA,20,1853037
hyuA_predicted,0.9090909090909091,19,10,GCGCATCCAAACAGGTCGTC,9,1848121
hyuA_predicted,2.3636363636363638,35,10,GCCAAATACGTCCACCCTAG,25,1864345
hyuA_predicted,1.7272727272727273,28,10,GCACGGGCATTACGTCAGCA,18,1874102
hyuA_predicted,0.36363636363636365,13,10,GATTTGTATTTAGAAGAGGG,3,1856887
hyuA_predicted,1.7272727272727273,28,10,GATCAGATACGGCCGAAATC,18,1873024
hyuA_predicted,1.7272727272727273,28,10,GATAGACGACTTACGAGTCC,18,1874816
hyuA_predicted,1.0,20,10,GAGAGACTCTGTACATACAT,10,1874296
hyuA_predicted,0.18181818181818182,11,10,GACATCTGGATAAAGTCAAG,1,1868119
hyuA_predicted,2.1818181818181817,33,10,GAATCAATAACCCACTCTGA,23,1829437
hyuA_predicted,1.2727272727272727,23,10,CTTTTGGAGGGGTACGCTCC,13,1841898
hyuA_predicted,1.2727272727272727,23,10,CTAGGAATCGGCTGACCACC,13,1866129
hyuA_predicted,1.0,20,10,CTAGCAGCGTCAATCAAGTC,10,1842761
hyuA_predicted,2.090909090909091,32,10,CTAGCAGCCTGAAAACAGAA,22,1860576
hyuA_predicted,0.18181818181818182,11,10,CGTTAGGTTACAACTGCACT,1,1844003
hyuA_predicted,1.0909090909090908,21,10,CGGTTCGCCGTGCGAGGTGA,11,1876945
hyuA_predicted,1.9090909090909092,30,10,CGCTTCTGAGCCTTCCATTT,20,1851726
hyuA_predicted,1.6363636363636365,27,10,CGCGACTGGGTCCTTCATCT,17,1861403
hyuA_predicted,3.8181818181818183,51,10,CCTTAATTGATTTATTACAA,41,1865515
hyuA_predicted,0.8181818181818182,18,10,CCTCTACATGGTTGTGCAAA,8,1875341
hyuA_predicted,3.272727272727273,45,10,CCTATAATGGTTTCCTACGA,35,1845934
hyuA_predicted,0.9090909090909091,19,10,CCTAGTCAAAGAGTTAATGA,9,1869966
hyuA_predicted,0.18181818181818182,11,10,CCTAGAGTGCTGCAGACAGT,1,1862819
hyuA_predicted,0.5454545454545454,15,10,CCGCTCGGTAATGGGCCTAC,5,1850967
hyuA_predicted,2.909090909090909,41,10,CCGATTTCGTGGTGTTGCAT,31,1868117
hyuA_predicted,0.6363636363636364,16,10,CCCTTGGTAGTATGCAAACT,6,1870205
hyuA_predicted,1.0,20,10,CCAGTTATCAACATTGATTG,10,1837542
hyuA_predicted,1.5454545454545454,26,10,CCAAAGAACTCGGGGGGGGT,16,1832873
hyuA_predicted,0.6363636363636364,16,10,CATCGTGTCGGTCTGCCCGA,6,1867985
hyuA_predicted,0.2727272727272727,12,10,CATAGCGGCTAATGCACAGC,2,1838976
hyuA_predicted,1.9090909090909092,30,10,CATACCGGTTTTAATCCAGA,20,1842968
hyuA_predicted,0.5454545454545454,15,10,CAGTACCGGGGTCTGGTAAC,5,1872766
hyuA_predicted,0.18181818181818182,11,10,CAGGGGGTGCTGGGGTATTC,1,1838281
hyuA_predicted,0.8181818181818182,18,10,CAGGCACATATTCAATCGTC,8,1869223
hyuA_predicted,2.909090909090909,41,10,CAGGACGCCAGTGTTCCCTC,31,1842997
hyuA_predicted,0.18181818181818182,11,10,CACTTTGGTTGCGACCTCTG,1,1874616
hyuA_predicted,1.3636363636363635,24,10,CACTCTCCCAAAGCGTAGAT,14,1830590
hyuA_predicted,0.7272727272727273,17,10,CACGACACGGCTGCCAACCT,7,1865919
hyuA_predicted,1.2727272727272727,23,10,CACCGTGCGCTAATGGTTGA,13,1871931
hyuA_predicted,0.9090909090909091,19,10,CACCCTGCTCCGTTTCGAGT,9,1866508
hyuA_predicted,2.0,31,10,CAATCGGCTACTCCCACGTT,21,1852035
hyuA_predicted,0.18181818181818182,11,10,CAACGTTTTCTGTATAACTT,1,1865331
hyuA_predicted,0.6363636363636364,16,10,CAAATCGCCGGCCCATCAAT,6,1851370
hyuA_predicted,0.36363636363636365,13,10,CAAAAGTACGGTAGTAGGGG,3,1860238
hyuA_predicted,1.6363636363636365,27,10,ATTGGGACTAAGTTTATAAA,17,1874998
hyuA_predicted,0.9090909090909091,19,10,ATTGGACACTGCTGCAGGAT,9,1871874
hyuA_predicted,3.8181818181818183,51,10,ATTCCGTTGACGTGTGCTTA,41,1841939
hyuA_predicted,1.3636363636363635,24,10,ATGATGGTCAGTCTTTGCAT,14,1868210
hyuA_predicted,3.4545454545454546,47,10,ATATGCCGCTCAGCGGGCAG,37,1837897
hyuA_predicted,0.45454545454545453,14,10,ATAAGTTTTTGGCCTAGATG,4,1837548
hyuA_predicted,0.9090909090909091,19,10,AGTGAACGACGGGACCCAAT,9,1877171
hyuA_predicted,0.8181818181818182,18,10,AGTACGAGCAGGCATTTAAC,8,1855788
hyuA_predicted,1.5454545454545454,26,10,AGTAAAGTTCTAACGTGCCA,16,1864877
hyuA_predicted,2.1818181818181817,33,10,AGGTCAGTCGGCCAAACATG,23,1853878
hyuA_predicted,1.0,20,10,AGCATTCCGACTGTCCCTAA,10,1866506
hyuA_predicted,1.8181818181818181,29,10,AGATTATTCATGCGGCGGAA,19,1838956
hyuA_predicted,2.6363636363636362,38,10,AGAGGAAACCTGTTTCCCCG,28,1876166
hyuA_predicted,1.4545454545454546,25,10,AGACCAGGCTGTACAGTAGC,15,1853408
hyuA_predicted,0.18181818181818182,11,10,ACTTCATTCCGCAATATGTA,1,1860651
hyuA_predicted,0.18181818181818182,11,10,ACTTAGCACAGGTGGCCCTT,1,1863250
hyuA_predicted,0.18181818181818182,11,10,ACAGGCAGAGATATGGCGAG,1,1843151
hyuA_predicted,0.8181818181818182,18,10,AATGCGTCGCACCAGCCAGA,8,1850055
hyuA_predicted,0.8181818181818182,18,10,AATCTTTTAACATTGTGTTT,8,1833978
hyuA_predicted,0.5454545454545454,15,10,AATCCCATCCAGTGTGTAGA,5,1828861
hyuA_predicted,1.2727272727272727,23,10,AATAGCCTCTGTGGCGTATC,13,1850598
hyuA_predicted,0.9090909090909091,19,10,AATAAAGATATAGCATGGGT,9,1858256
hyuA_predicted,0.5454545454545454,15,10,AAGGCTGCGTACACGGTGGT,5,1836611
hyuA_predicted,0.9090909090909091,19,10,AACGCTGTGTAGCGGGTTCT,9,1865026
hyuA_predicted,0.45454545454545453,14,10,AACATCTAGACGTATATTCC,4,1846421
hyuA_predicted,0.9090909090909091,19,10,AAATCAGCGAACAGCGTCCC,9,1866130
hyuA_predicted,0.3,11,9,TTTTTACGGGATCGTCGGAA,2,1833403
hyuA_predicted,1.2,20,9,TTTTCTTTATGATAATTGCC,11,1836926
hyuA_predicted,1.9,27,9,TTTCCCGTGAGCATGGCGTA,18,1849523
hyuA_predicted,1.1,19,9,TTTCATATCGTGAGTAGTTC,10,1863834
hyuA_predicted,0.3,11,9,TTGGACCGCATGATAGATAA,2,1861035
hyuA_predicted,0.6,14,9,TTGATTATGCCTAGTGGTCT,5,1842026
hyuA_predicted,2.9,37,9,TTCGCGGCCGGAGTATGTCG,28,1854382
hyuA_predicted,1.4,22,9,TTCCTTTGTCCGACGCTTCT,13,1868229
hyuA_predicted,1.2,20,9,TTCAGGCGTCATGTAGGTGG,11,1866686
hyuA_predicted,1.1,19,9,TTCACTATGACCACGTAGGT,10,1875954
hyuA_predicted,0.3,11,9,TTAGTAAGTTTTTTTTTCCT,2,1836461
hyuA_predicted,0.2,10,9,TGTTGGAGCGACTACTGCTT,1,1829815
hyuA_predicted,1.5,23,9,TGTGGCAGTTAGCTCTTAGG,14,1872525
hyuA_predicted,1.4,22,9,TGTGCGCAAGCCGATTGTTG,13,1874630
hyuA_predicted,1.4,22,9,TGTAGATCACTTTCTGCCCC,13,1850431
hyuA_predicted,0.7,15,9,TGGAGTGACAAAGAGGGGAG,6,1840241
hyuA_predicted,1.1,19,9,TCTTAGCAGTTGTTTCTCCA,10,1842852
hyuA_predicted,2.8,36,9,TCTGGGTGCGGGCTGTACAC,27,1846948
hyuA_predicted,0.4,12,9,TCGTTTGGTCCCACAATTAA,3,1853862
hyuA_predicted,3.0,38,9,TCGTGACGGTCATAGGTGGT,29,1873642
hyuA_predicted,0.6,14,9,TCGGTCTAGCGAATTACGGA,5,1866590
hyuA_predicted,0.4,12,9,TCGGATTTACTCTTCGTGAC,3,1848346
hyuA_predicted,1.6,24,9,TCGCTATAGGGCCTCGTCCG,15,1861299
hyuA_predicted,1.7,25,9,TCGCACTCTACGTCAGTTGG,16,1851892
hyuA_predicted,1.1,19,9,TCCCTGTTAGACGGTGTGTC,10,1865275
hyuA_predicted,1.8,26,9,TCATTCGGACTCTACCATCT,17,1860348
hyuA_predicted,0.5,13,9,TCACCTTATAGGTCAAAACA,4,1860591
hyuA_predicted,0.8,16,9,TATTATACCAATCCTGTCAG,7,1832514
hyuA_predicted,1.0,18,9,TATGCCTGGTCAACTGGCTG,9,1871233
hyuA_predicted,1.4,22,9,TATATAGCGTCTACGCATTG,13,1870277
hyuA_predicted,1.4,22,9,TAGCTGCTTTGGGGTCCCCT,13,1855793
hyuA_predicted,0.4,12,9,TAATGCTACCAAGAGGATGT,3,1870070
hyuA_predicted,1.0,18,9,TAACTTTTCAAGGCATTATA,9,1835018
hyuA_predicted,1.1,19,9,TAAACTTTGTTGTCGGTCTT,10,1841725
hyuA_predicted,2.1,29,9,GTGTCTCGCCATCCCTGTGT,20,1851097
hyuA_predicted,0.3,11,9,GTGCACTCTACGTGCCTCAG,2,1850062
hyuA_predicted,0.9,17,9,GTCAGCTTAAGATTTCGCTC,8,1868469
hyuA_predicted,1.0,18,9,GTAGTTTCCGAGACGCTGAG,9,1863249
hyuA_predicted,1.4,22,9,GGTTTTCCTTCATGCTCCAA,13,1876396
hyuA_predicted,1.4,22,9,GGGTCAAAGACTGTCAGGAG,13,1831849
hyuA_predicted,0.6,14,9,GGGGGCGGCTCGCCCTCTTG,5,1859441
hyuA_predicted,0.6,14,9,GGGGGACAGCTGCGTGACCC,5,1835683
hyuA_predicted,0.5,13,9,GGGGCGGGCGTGCGTGTAAG,4,1839136
hyuA_predicted,0.8,16,9,GGGAGTGATGAATCCGCCAT,7,1857756
hyuA_predicted,1.2,20,9,GGCTCACAGAACTTAGGCAA,11,1835050
hyuA_predicted,0.5,13,9,GGCCATCGTGCTCGCAGGAA,4,1876968
hyuA_predicted,0.9,17,9,GGCCACATTTGCTCGACATG,8,1841306
hyuA_predicted,1.2,20,9,GGCCAAGGCAAGCACAATCC,11,1835260
hyuA_predicted,2.1,29,9,GGAGCAGAAACGGGCTAGAA,20,1856832
hyuA_predicted,0.2,10,9,GGACTGTACTGTCCATACTA,1,1861970
hyuA_predicted,1.0,18,9,GGACTCGGGACGATACGCGT,9,1830673
hyuA_predicted,2.1,29,9,GCTCGTGCGTTATGGACATG,20,1859478
hyuA_predicted,1.1,19,9,GCTAGACCTGTCTCTGCAAA,10,1841380
hyuA_predicted,1.2,20,9,GCGTCCAAAATCTAGTAGTG,11,1870281
hyuA_predicted,1.4,22,9,GCGGCCTGTCTTTTGAAGTA,13,1863293
hyuA_predicted,1.4,22,9,GCGAAAGCACGTCCCGGTAA,13,1870478
hyuA_predicted,0.2,10,9,GCCTCATGCATGTGGTCCCA,1,1848672
hyuA_predicted,2.4,32,9,GCCTAGGCTAAACAGGATAT,23,1852472
hyuA_predicted,1.4,22,9,GCCGTAGTGATGACTGAATT,13,1867718
hyuA_predicted,1.5,23,9,GCCGCTCCACGATTTTTCGG,14,1859919
hyuA_predicted,1.3,21,9,GCCCTCGAACCACCACTAAT,12,1847348
hyuA_predicted,2.5,33,9,GCCCGTACGAGTAATCGATA,24,1845821
hyuA_predicted,0.9,17,9,GCCAGGTTGCGCTGCGATCT,8,1856205
hyuA_predicted,1.5,23,9,GATTTCGTCAAGAAGGGGGT,14,1866379
hyuA_predicted,1.5,23,9,GATTGGGGAATGTTTAATTA,14,1846916
hyuA_predicted,2.8,36,9,GATCTAACCTTGCTACGGAG,27,1829404
hyuA_predicted,0.2,10,9,GAGCTTATTTGGGTCATCAT,1,1836894
hyuA_predicted,0.8,16,9,GACGACAGGGGCAGTCGTGT,7,1877824
hyuA_predicted,0.9,17,9,GAAATTCAGCGAGCTCGTCA,8,1863929
hyuA_predicted,1.8,26,9,GAAAAGTCCTCCTTAAGCGT,17,1863777
hyuA_predicted,1.6,24,9,CTTCTCATAACGCTACATTA,15,1835291
hyuA_predicted,0.6,14,9,CTGGCGTCCAACCTTGCCTA,5,1855185
hyuA_predicted,1.8,26,9,CTCTTTGTCAGGTGGCCGAA,17,1846923
hyuA_predicted,1.1,19,9,CTCGTCGTCTCTAAAGCACC,10,1846289
hyuA_predicted,1.2,20,9,CTCGTAAAATCCGGTACCAT,11,1857368
hyuA_predicted,1.6,24,9,CTCCAGGCCCAAAACCGAGC,15,1837329
hyuA_predicted,1.2,20,9,CTCCAGACATTTGTACTATG,11,1844358
hyuA_predicted,2.0,28,9,CTATAGATGGTCAGTTTAAA,19,1858667
hyuA_predicted,1.9,27,9,CGTTTAACACTTGACGTATG,18,1850073
hyuA_predicted,1.4,22,9,CGTAGCTCCTTATCCTCGAA,13,1857919
hyuA_predicted,3.5,43,9,CGGGTGTGTCGAATAATAGC,34,1861637
hyuA_predicted,1.3,21,9,CGGCCTCGGAACTACCGTGA,12,1862324
hyuA_predicted,0.6,14,9,CGCGTGACCTGATCTCATTA,5,1875380
hyuA_predicted,4.6,54,9,CGCGGTTAAACATGCAGTAC,45,1838855
hyuA_predicted,1.7,25,9,CGCGCAAATCCGGCCAATAG,16,1853146
hyuA_predicted,0.2,10,9,CGCCGGTCGCCACTAGAAAT,1,1864807
hyuA_predicted,1.0,18,9,CGAATATTCGACGACTGGTA,9,1871651
hyuA_predicted,0.2,10,9,CCTTACACTGTCCCATAGAA,1,1864594
hyuA_predicted,0.9,17,9,CCTCTCTTTGACTAATCACA,8,1829797
hyuA_predicted,3.4,42,9,CCGCCTAGTAGGGCCGGTAA,33,1865018
hyuA_predicted,1.1,19,9,CCCTGCTTTCATAACGATCG,10,1853755
hyuA_predicted,1.1,19,9,CCCGATGGCAATTTCCACCG,10,1873682
hyuA_predicted,1.5,23,9,CCCCTTAAGCGTACGAGCCC,14,1844608
hyuA_predicted,1.5,23,9,CCCCTGAATTAAACATCAGG,14,1864199
hyuA_predicted,2.1,29,9,CCCCCGGTATATAAGCTGGG,20,1876720
hyuA_predicted,0.2,10,9,CCACTCGCGCTGTCAGTAGA,1,1839194
hyuA_predicted,2.4,32,9,CATCTAAAGATTTGTGCTGT,23,1833239
hyuA_predicted,0.2,10,9,CAGCTCACCCAGCGGACTTT,1,1830124
hyuA_predicted,1.2,20,9,CACTTACAGTACCTACGAGT,11,1836167
hyuA_predicted,2.5,33,9,CACTGTACGGGGACAGACAA,24,1860346
hyuA_predicted,1.2,20,9,CACAGGGGTCATTTCCGTAA,11,1842422
hyuA_predicted,2.0,28,9,CAATCTAAGGCGCGGAGGGC,19,1846257
hyuA_predicted,0.7,15,9,CAATCACTACGCGTTCCGTC,6,1850232
hyuA_predicted,0.7,15,9,CAATATGGCCCGGTACGAGG,6,1854354
hyuA_predicted,1.2,20,9,CAACCGGGGATGGCGCTAAG,11,1839611
hyuA_predicted,0.4,12,9,ATTTTGGAATACTGGACGAA,3,1861627
hyuA_predicted,2.5,33,9,ATGGGTTTACCGTCCTTACA,24,1854966
hyuA_predicted,0.2,10,9,ATGGGGTAAGGCACTAGCCC,1,1868939
hyuA_predicted,2.5,33,9,ATGAAGCGTCCCTCAACATT,24,1852636
hyuA_predicted,2.1,29,9,ATCACTAATCTATGCCGTAT,20,1860717
hyuA_predicted,2.0,28,9,AGTTCTCGAAGACTCAGTTG,19,1846597
hyuA_predicted,2.9,37,9,AGTGTAAGGTACTACTAAGA,28,1863844
hyuA_predicted,0.5,13,9,AGTCCCTGACATTTGCGCAG,4,1843276
hyuA_predicted,1.5,23,9,AGTACTGAGCACGCGTGATG,14,1845574
hyuA_predicted,0.3,11,9,AGGGAGGAGTGGAGGGGCGG,2,1830405
hyuA_predicted,0.4,12,9,AGGGACCGATAGCCAACCGA,3,1871597
hyuA_predicted,2.5,33,9,AGGGACAGTGACCCCCTTCT,24,1838571
hyuA_predicted,2.1,29,9,AGCGGTGGCCCGTATTCAGG,20,1839597
hyuA_predicted,0.4,12,9,AGCCCCCCGTTCGACATATA,3,1842214
hyuA_predicted,1.1,19,9,AGCAGACTTGGTAAGCGTCG,10,1837202
hyuA_predicted,1.2,20,9,AGAATCGGATTCTTTATGTT,11,1856788
hyuA_predicted,1.6,24,9,ACTGTACCTGGTGGAGAACA,15,1829618
hyuA_predicted,0.2,10,9,ACCGTACCGATTCGCACCGA,1,1857339
hyuA_predicted,2.3,31,9,ACCCCGCGTTAACTGAGTAT,22,1856328
hyuA_predicted,2.5,33,9,ACATCTTCCTTCCACTGCTC,24,1859757
hyuA_predicted,1.9,27,9,ACAGTAAAGCACCTTATTGT,18,1871150
hyuA_predicted,0.7,15,9,ACACAATTTAGCCCCCGTTA,6,1872404
hyuA_predicted,0.8,16,9,AATCTTGGGCGGTGTCCCAT,7,1839823
hyuA_predicted,0.7,15,9,AATCGGCATATAAACTGAAT,6,1862350
hyuA_predicted,0.6,14,9,AAGTACAAGATCGGATATAG,5,1877485
hyuA_predicted,2.2,30,9,AAGAAATGTTAGCCCTTCAG,21,1870207
hyuA_predicted,1.8,26,9,AACAGACGGGGGGTAAACTC,17,1867267
hyuA_predicted,1.2,20,9,AAATCTTCCATAACTTAGTT,11,1867716
hyuA_predicted,2.0,28,9,AAATCTAACAAGCGAGACCA,19,1837570
hyuA_predicted,0.9,17,9,AAATCCGCTTCCTAGCCCAC,8,1854436
hyuA_predicted,0.3,11,9,AAAGAATATTACAATGCCTG,2,1842762
hyuA_predicted,1.7,25,9,AAAATTATTTTGTCAGCAGG,16,1865022
hyuA_predicted,0.8888888888888888,15,8,TTTGAGTAAAGCAACTTGTA,7,1839493
hyuA_predicted,0.2222222222222222,9,8,TTGGGTGTGTATACAGGTCA,1,1871900
hyuA_predicted,2.0,25,8,TTGGAGCGAGAAATTGGTCA,17,1869645
hyuA_predicted,2.3333333333333335,28,8,TTCTTGTATGTGCGCCTAGA,20,1832047
hyuA_predicted,1.7777777777777777,23,8,TTCTTCCGCCTGACTACGTC,15,1871006
hyuA_predicted,1.6666666666666667,22,8,TTCGAACGATAAGGATAGAG,14,1858136
hyuA_predicted,3.4444444444444446,38,8,TTATGCCTAATCGTTTAGCC,30,1843445
hyuA_predicted,1.6666666666666667,22,8,TTATATGAATGACATACTAA,14,1859469
hyuA_predicted,0.8888888888888888,15,8,TTAGTAAGCGTCTGGGGCTT,7,1851393
hyuA_predicted,1.2222222222222223,18,8,TTAGGCACCCGTCTGATATA,10,1847646
hyuA_predicted,1.4444444444444444,20,8,TTAAGGACCGGCCGTGCTTT,12,1849936
hyuA_predicted,1.4444444444444444,20,8,TGTTACCGTAATATGTAGGG,12,1854536
hyuA_predicted,1.0,16,8,TGTGGATCGGGCACCGACAA,8,1860817
hyuA_predicted,1.5555555555555556,21,8,TGGCTGGTATCGCGGTTCTA,13,1852758
hyuA_predicted,3.0,34,8,TGCTATCCCTGTATTCGAAC,26,1828987
hyuA_predicted,0.7777777777777778,14,8,TCTAAGGGAATAGTGACGAA,6,1850422
hyuA_predicted,1.2222222222222223,18,8,TCGCTCGGCAGTCATGGGTA,10,1851855
hyuA_predicted,0.2222222222222222,9,8,TCCTAATTTCCCCTGACCAC,1,1831366
hyuA_predicted,2.3333333333333335,28,8,TCCGTTCCTCCTAACGGTGT,20,1834013
hyuA_predicted,5.222222222222222,54,8,TCCGTTCCAGTGGGGTGTGG,46,1836401
hyuA_predicted,2.7777777777777777,32,8,TCCCTCGCACCCTTCTACTA,24,1877783
hyuA_predicted,0.3333333333333333,10,8,TCATACAAGAGCCAGTGTAT,2,1843873
hyuA_predicted,0.7777777777777778,14,8,TCACCTTATCAAGTAAACGG,6,1870716
hyuA_predicted,1.8888888888888888,24,8,TATGTCAGCTTCATAAGATG,16,1871038
hyuA_predicted,1.4444444444444444,20,8,TATGTATAGCGGACAAAGAC,12,1834625
hyuA_predicted,0.7777777777777778,14,8,TATGTACGGCAGCCCAATGC,6,1841197
hyuA_predicted,5.666666666666667,58,8,TAGTTTTGTAGGAGTTGCTA,50,1851035
hyuA_predicted,1.4444444444444444,20,8,TAGCATACAGTTGGATAGAG,12,1847373
hyuA_predicted,2.2222222222222223,27,8,TAGATGTGCTCTTGTACCTG,19,1833448
hyuA_predicted,1.5555555555555556,21,8,TAAGTCGTTCCAGGGGAACA,13,1873773
hyuA_predicted,2.111111111111111,26,8,GTTTGAGCTGAAGCACCATA,18,1835811
hyuA_predicted,0.8888888888888888,15,8,GTTTCGCTAACTATGAGATG,7,1833407
hyuA_predicted,0.2222222222222222,9,8,GTTCTGTAGGGAACCAATCT,1,1876949
hyuA_predicted,2.888888888888889,33,8,GTTCCAGAGGCACTTCTGCC,25,1831801
hyuA_predicted,0.6666666666666666,13,8,GTTATAATCGTTCAAACGGA,5,1837483
hyuA_predicted,3.2222222222222223,36,8,GTGTTCTGATGATATACGCC,28,1833708
hyuA_predicted,1.3333333333333333,19,8,GTGACTCTCGCGTACATTGT,11,1845536
hyuA_predicted,0.2222222222222222,9,8,GTCCGTCACGGACTACACCG,1,1864564
hyuA_predicted,1.1111111111111112,17,8,GTCCACCCCCCAAACAGCAT,9,1859914
hyuA_predicted,2.4444444444444446,29,8,GTCATCGCGTTTGATATCCC,21,1868123
hyuA_predicted,2.888888888888889,33,8,GTAGATAGATGCGAGGCTAT,25,1846869
hyuA_predicted,1.2222222222222223,18,8,GTACCGGCACCGTAGCAGAG,10,1844642
hyuA_predicted,2.111111111111111,26,8,GTACATCATATAGGAACATG,18,1872062
hyuA_predicted,1.1111111111111112,17,8,GGTTTGGTTCATTAAGTAAG,9,1851693
hyuA_predicted,1.7777777777777777,23,8,GGGATAAAGCCGTTATTGGA,15,1870360
hyuA_predicted,0.6666666666666666,13,8,GGGAGATGCGACCTACGAAA,5,1841032
hyuA_predicted,0.2222222222222222,9,8,GGCTGCCGCAGCTGTTCGGC,1,1845462
hyuA_predicted,0.4444444444444444,11,8,GGCGCTACGTATCGTGCGCT,3,1848444
hyuA_predicted,2.111111111111111,26,8,GGCACTACCAGGCCGACGAC,18,1832147
hyuA_predicted,1.7777777777777777,23,8,GGCACCTAGGACTACGGACA,15,1849106
hyuA_predicted,2.3333333333333335,28,8,GGACCCGGGCTTTAAATCTA,20,1843800
hyuA_predicted,1.3333333333333333,19,8,GCTTGTGCCTTTAGTTCGGA,11,1856029
hyuA_predicted,2.7777777777777777,32,8,GCTCCTTGACTAAACATGCT,24,1873523
hyuA_predicted,0.5555555555555556,12,8,GCTCAGGGGGTTCATTCACT,4,1845243
hyuA_predicted,0.3333333333333333,10,8,GCTAGCCCGAGAGGCAATGC,2,1862460
hyuA_predicted,0.2222222222222222,9,8,GCTACGAGATTTCACACCTT,1,1844865
hyuA_predicted,1.3333333333333333,19,8,GCTAAGATCCGGGATCGAAG,11,1843453
hyuA_predicted,0.2222222222222222,9,8,GCGCTAACCAACGAGTAGAG,1,1848188
hyuA_predicted,0.2222222222222222,9,8,GCGCGAGTTGTTCACGAACT,1,1842998
hyuA_predicted,2.111111111111111,26,8,GCGAGTTTGAAGCTTGCTTA,18,1861124
hyuA_predicted,1.5555555555555556,21,8,GCGACGTTGATGGGGCCCTG,13,1850040
hyuA_predicted,1.5555555555555556,21,8,GCCGGAACGCCCATAGTCTG,13,1832237
hyuA_predicted,2.0,25,8,GCCCTTTATGCTCCCCGTTC,17,1871910
hyuA_predicted,1.2222222222222223,18,8,GCCCGCTACCGAGCAATCTT,10,1841201
hyuA_predicted,0.8888888888888888,15,8,GCACTTCACTAGCCTCATCC,7,1854062
hyuA_predicted,1.2222222222222223,18,8,GCACATCTCACCTGTCGATC,10,1858978
hyuA_predicted,0.2222222222222222,9,8,GATGTGTCTGTGAGGGGGAG,1,1842865
hyuA_predicted,1.1111111111111112,17,8,GATCCTAGGGGCCGAGCAGT,9,1868739
hyuA_predicted,1.3333333333333333,19,8,GAGGTGAGGGTGGGAAGGTG,11,1852112
hyuA_predicted,2.5555555555555554,30,8,GAGGAGTTGCGGAACCTCGA,22,1864377
hyuA_predicted,1.2222222222222223,18,8,GACTATCGCTAGCGGTGAAT,10,1874417
hyuA_predicted,1.6666666666666667,22,8,GACTAAGCATCCTACAAAGG,14,1877722
hyuA_predicted,2.6666666666666665,31,8,GACGCCTCGCGCCGGAGGAA,23,1873107
hyuA_predicted,1.1111111111111112,17,8,GAATCTCCAAGCTCTGTACC,9,1865422
hyuA_predicted,0.2222222222222222,9,8,GAATACGAGGCACGGTTCAA,1,1836993
hyuA_predicted,1.7777777777777777,23,8,GAAGCGACATTACACCGATG,15,1870555
hyuA_predicted,0.2222222222222222,9,8,GAACTTTGCGCTAGAGGGTG,1,1829328
hyuA_predicted,1.0,16,8,GAACTTGAAGATCCGCAAAC,8,1843687
hyuA_predicted,4.555555555555555,48,8,GAACTCGAAACAGTCCCAAT,40,1829041
hyuA_predicted,0.6666666666666666,13,8,CTTTGCACATCGACGCGTAG,5,1870294
hyuA_predicted,0.3333333333333333,10,8,CTTGGCGGTCCCCTCGCCGA,2,1870274
hyuA_predicted,1.8888888888888888,24,8,CTTCAGCCATCCGGAAGGCA,16,1841344
hyuA_predicted,0.2222222222222222,9,8,CTGTCTACGCTTTTTTCGAT,1,1866174
hyuA_predicted,0.5555555555555556,12,8,CTCGCCATTCCAGCCTGTCT,4,1836786
hyuA_predicted,0.5555555555555556,12,8,CTCATTGGCTATAACCGTGA,4,1839149
hyuA_predicted,0.3333333333333333,10,8,CTATGCGATCCTCAGTCACA,2,1868315
hyuA_predicted,3.7777777777777777,41,8,CTATCCGCTCGAATTTGTTT,33,1861967
hyuA_predicted,1.0,16,8,CTAGTACTGCCGTCCTGGCG,8,1850514
hyuA_predicted,1.8888888888888888,24,8,CGTCGGTCCCTTCGTAGCCT,16,1842518
hyuA_predicted,1.6666666666666667,22,8,CGTAGTACAGCATCGGCCCC,14,1837942
hyuA_predicted,3.4444444444444446,38,8,CGGTATAAATCCATGGCTCG,30,1834125
hyuA_predicted,3.111111111111111,35,8,CGGGTTAGACAAAGATGGTG,27,1869062
hyuA_predicted,2.6666666666666665,31,8,CGCTAGAACCGTTAGGGTTC,23,1866646
hyuA_predicted,2.0,25,8,CGCGACCTAGCACCGGTGTA,17,1831848
hyuA_predicted,0.4444444444444444,11,8,CGCCGATTGATTACCCGAGG,3,1834816
hyuA_predicted,0.3333333333333333,10,8,CGACCCTGCCCAGGCCCACC,2,1854868
hyuA_predicted,2.5555555555555554,30,8,CGACAACGAAGGCACTCGCG,22,1867208
hyuA_predicted,1.5555555555555556,21,8,CCTCTGTAGATGAGCGGAAT,13,1872275
hyuA_predicted,3.3333333333333335,37,8,CCTCCCCGGCGACCGTATGG,29,1837491
hyuA_predicted,0.7777777777777778,14,8,CCGTTGGTTTGCGACATTAT,6,1833171
hyuA_predicted,0.5555555555555556,12,8,CCGTCGCCAGGAGATTTGCG,4,1857667
hyuA_predicted,2.0,25,8,CCGCCTATATCCGCACGAAT,17,1852580
hyuA_predicted,1.3333333333333333,19,8,CCCGTTACGGTCAGAAGGCG,11,1849526
hyuA_predicted,4.0,43,8,CATTATAGGAAATATTCAGG,35,1835809
hyuA_predicted,2.5555555555555554,30,8,CATTACATTAAAAGGATTGT,22,1858911
hyuA_predicted,1.1111111111111112,17,8,CAGTGCCTTAAAGTTCGTAT,9,1866157
hyuA_predicted,3.3333333333333335,37,8,CAGGAGTAGCTTGCGGGAAA,29,1862609
hyuA_predicted,0.3333333333333333,10,8,CAGCGCGATAGTTGGCGAAA,2,1836454
hyuA_predicted,1.4444444444444444,20,8,CAGATTCTCAGTTTCATGTA,12,1838498
hyuA_predicted,2.888888888888889,33,8,CACTGGGTTGCTTGGTATGG,25,1868030
hyuA_predicted,2.0,25,8,CACTAAAAACATAGTTCATG,17,1842681
hyuA_predicted,1.8888888888888888,24,8,CAATGCGTACTCAATCTATG,16,1832340
hyuA_predicted,0.6666666666666666,13,8,CAATCATGTGAATTTTCGTT,5,1836703
hyuA_predicted,2.5555555555555554,30,8,CAAGTTAACATTATATTGAG,22,1867766
hyuA_predicted,1.6666666666666667,22,8,CAACCCTGCCGCGTACCCGA,14,1846797
hyuA_predicted,2.5555555555555554,30,8,CAAAGCGTATGATGCTTCCT,22,1875938
hyuA_predicted,3.7777777777777777,41,8,ATTCCGCGTTTTACCCGATG,33,1838807
hyuA_predicted,0.8888888888888888,15,8,ATGTTTTAGCTAACAACGTT,7,1874874
hyuA_predicted,4.666666666666667,49,8,ATGCTCGGTCGCAACATGTA,41,1844612
hyuA_predicted,2.0,25,8,ATGCGAAAGGATTTTCAGAT,17,1839393
hyuA_predicted,7.444444444444445,74,8,ATCTCCACGTAACCCCTTCT,66,1834565
hyuA_predicted,0.4444444444444444,11,8,ATCTACATAACTGGATAAAG,3,1872132
hyuA_predicted,0.2222222222222222,9,8,ATCAGTAAAAGATAATCGTC,1,1865615
hyuA_predicted,1.4444444444444444,20,8,ATCAGATTCAGTTTCATCTG,12,1871083
hyuA_predicted,2.6666666666666665,31,8,AGTTTTCGAGCCTTTACAAA,23,1838118
hyuA_predicted,0.8888888888888888,15,8,AGTTTAAATAAGGTAACGGG,7,1851543
hyuA_predicted,1.6666666666666667,22,8,AGTGGTACATGGGGGACTTT,14,1841173
hyuA_predicted,1.3333333333333333,19,8,AGTGCAGTTTGGACACTCTG,11,1828939
hyuA_predicted,0.2222222222222222,9,8,AGTCAGCCATCACAGAGATC,1,1828902
hyuA_predicted,1.1111111111111112,17,8,AGTAAGTAGATCAGGGAAAC,9,1833571
hyuA_predicted,2.3333333333333335,28,8,AGGTCAGCGCTCGCCGATCT,20,1849272
hyuA_predicted,0.2222222222222222,9,8,AGGGTTTTATCCGACAAGCA,1,1841593
hyuA_predicted,0.2222222222222222,9,8,AGGGTTTGAAGCGAATGGTT,1,1842095
hyuA_predicted,3.4444444444444446,38,8,AGGGGATATTGGAATGTACC,30,1860420
hyuA_predicted,1.1111111111111112,17,8,AGGCGGGAAGTTGATGGTCG,9,1839277
hyuA_predicted,1.2222222222222223,18,8,AGGATTCGAGATATCCGAGG,10,1867575
hyuA_predicted,1.6666666666666667,22,8,AGCTAGCTCTATGGAAAGAA,14,1877773
hyuA_predicted,0.8888888888888888,15,8,AGATTAAATACTGGGGCTAG,7,1870195
hyuA_predicted,0.8888888888888888,15,8,AGAGGGGTGTTTTACCCAGC,7,1834839
hyuA_predicted,1.3333333333333333,19,8,AGAACCTTGACTCGCATCGC,11,1832696
hyuA_predicted,1.4444444444444444,20,8,ACTGTAATCTCTCTTCGTTT,12,1838219
hyuA_predicted,1.8888888888888888,24,8,ACTCTCTAGCTTTATTACAT,16,1867721
hyuA_predicted,0.3333333333333333,10,8,ACGTGCGCGTATGTCAAGGT,2,1835692
hyuA_predicted,1.7777777777777777,23,8,ACGGGCACCACATAATTCAG,15,1856790
hyuA_predicted,1.7777777777777777,23,8,ACGCGCGGCTTCCCCTCGAA,15,1869520
hyuA_predicted,1.8888888888888888,24,8,ACGCATTGAAGTATCCACAA,16,1872323
hyuA_predicted,1.8888888888888888,24,8,ACCTTTACATAGAAAGTTCA,16,1840623
hyuA_predicted,4.333333333333333,46,8,ACCTAATCGTTAGGATATCT,38,1873727
hyuA_predicted,2.2222222222222223,27,8,ACCGCTACGGATCCCGTTCG,19,1874603
hyuA_predicted,1.0,16,8,ACCCCAGGTCCAGTGATTCT,8,1873839
hyuA_predicted,1.6666666666666667,22,8,ACCAGCTATCTCAGAGTTAA,14,1845203
hyuA_predicted,1.6666666666666667,22,8,ACAGGGGAGTGTATTGTGTG,14,1829062
hyuA_predicted,0.2222222222222222,9,8,ACAGCGAGTATGACGTTCTT,1,1862002
hyuA_predicted,2.2222222222222223,27,8,ACAATATTGTTCACACACCT,19,1858344
hyuA_predicted,0.2222222222222222,9,8,AATTCGTAATCAAAACCGGT,1,1860127
hyuA_predicted,0.5555555555555556,12,8,AATGCATGGAGAGTCACAGC,4,1839839
hyuA_predicted,1.8888888888888888,24,8,AATCGCGCCTGATTCTAGCA,16,1842840
hyuA_predicted,1.3333333333333333,19,8,AATACGAAATGGTAATACTT,11,1871567
hyuA_predicted,0.8888888888888888,15,8,AAGTCGCAGCTCTTCCAGTA,7,1851232
hyuA_predicted,0.5555555555555556,12,8,AAGCTTCCATGCACTTACTG,4,1876195
hyuA_predicted,2.2222222222222223,27,8,AACCGGGAATTCTTCCCCAA,19,1847633
hyuA_predicted,1.4444444444444444,20,8,AAAATTGCGACAACGAGTGG,12,1846644
hyuA_predicted,2.375,25,7,TTTGTAGTACCATGCGTATA,18,1867501
hyuA_predicted,1.5,18,7,TTTGGCCATCAGTTTGTAAG,11,1841350
hyuA_predicted,0.625,11,7,TTTGGACTGTCATAGCAAAT,4,1843283
hyuA_predicted,1.0,14,7,TTTGAACGGGGAGTGATCGT,7,1862007
hyuA_predicted,2.5,26,7,TTGCTAGACGTGTGACAGCT,19,1856985
hyuA_predicted,2.75,28,7,TTGCAAAATCTGCTCTCTAC,21,1877206
hyuA_predicted,0.625,11,7,TTACGAAATGTCTTTAAGAT,4,1861659
hyuA_predicted,0.75,12,7,TTAAACGTTAATTTTGTGGG,5,1839877
hyuA_predicted,0.375,9,7,TGTGGACATGTGACTGTCAA,2,1851254
hyuA_predicted,1.875,21,7,TGTGCCCACCTGGGTCAGGG,14,1835463
hyuA_predicted,3.875,37,7,TGTCATGTAGGCAAGGCGTT,30,1868680
hyuA_predicted,1.875,21,7,TGGTTGTATCCGTAGTGATA,14,1829911
hyuA_predicted,1.25,16,7,TGGGCGAGACGTGTGGCGTT,9,1839454
hyuA_predicted,2.5,26,7,TGGCGAAGATCCATACAGCG,19,1841122
hyuA_predicted,2.125,23,7,TGCTTTTTTTCGATAAGGTC,16,1858133
hyuA_predicted,1.625,19,7,TGACTGACTGGAGAACCAGA,12,1830078
hyuA_predicted,0.625,11,7,TGACGGATTCCTTGTGATGA,4,1849973
hyuA_predicted,2.625,27,7,TCGTGACTACGACACCGTTT,20,1866046
hyuA_predicted,1.375,17,7,TCGGGTGGGCTTCGTAGTGG,10,1868290
hyuA_predicted,1.875,21,7,TCGATCGACCAGGGCTGACG,14,1831351
hyuA_predicted,2.5,26,7,TCCTGCATCGAGTAGCCCGT,19,1853875
hyuA_predicted,1.875,21,7,TCCCGGTCAGTACTTTGGTT,14,1868703
hyuA_predicted,0.25,8,7,TCAGCGAATTTAGGTACCGT,1,1873487
hyuA_predicted,0.25,8,7,TCAAGGGTTCTGATATCTCA,1,1853693
hyuA_predicted,3.0,30,7,TATTTACAGTGTATCTCACC,23,1837269
hyuA_predicted,1.75,20,7,TAGGGTTGCTTAGCATTTTG,13,1840824
hyuA_predicted,2.25,24,7,TAGCCCTCCTGTAAACATTA,17,1871945
hyuA_predicted,2.625,27,7,TAGCCAAACTCTAACACTAC,20,1845100
hyuA_predicted,1.75,20,7,TACCCCGATGGGTCTTGCTA,13,1837640
hyuA_predicted,2.625,27,7,TAATGTCAAGTGAACTCTGC,20,1839050
hyuA_predicted,1.875,21,7,TAAGACCCGGCATTATCTGA,14,1840826
hyuA_predicted,2.75,28,7,TAACAGAAAGCCACTTACGA,21,1872450
hyuA_predicted,2.0,22,7,TAAATCGTTCCCATTGGCAT,15,1854833
hyuA_predicted,1.125,15,7,GTTTCTTCATAGCATATCCA,8,1843761
hyuA_predicted,2.25,24,7,GTTGCAAATCATAAGATCAC,17,1865499
hyuA_predicted,1.875,21,7,GTTGATTAGTGAAACCGAAC,14,1855517
hyuA_predicted,1.875,21,7,GTTCCACTGAAACATTTCGC,14,1843535
hyuA_predicted,0.875,13,7,GTCTTTGTGCGTCTTAGTCG,6,1856841
hyuA_predicted,2.375,25,7,GTCTATACAAGTACCGGGTC,18,1858325
hyuA_predicted,1.25,16,7,GTAGATCTGGCGCTGTAGAA,9,1872113
hyuA_predicted,2.25,24,7,GTAAGCCAACAGGTACCTGT,17,1842995
hyuA_predicted,0.5,10,7,GTAACAAAAATGCGTCTCTT,3,1841845
hyuA_predicted,1.5,18,7,GTAAAACGGGCCGCTAGGAG,11,1868683
hyuA_predicted,0.75,12,7,GGTTCAAACTTGTACTCATC,5,1846697
hyuA_predicted,1.125,15,7,GGTCGGATTAACGCGTTCCT,8,1843530
hyuA_predicted,2.0,22,7,GGTAGCCCGGTCAGAATAAT,15,1843134
hyuA_predicted,2.0,22,7,GGTAAGGAATGAGAACCACC,15,1854502
hyuA_predicted,2.0,22,7,GGGCTCGCTGCTGATCTGAA,15,1851055
hyuA_predicted,1.875,21,7,GGGAATGTAACTATCTAGCG,14,1867395
hyuA_predicted,2.0,22,7,GGCTTACTGAAGCGCGCATC,15,1844687
hyuA_predicted,1.375,17,7,GGCCTGTGATGATTGGGTGC,10,1874253
hyuA_predicted,0.25,8,7,GGCCGCCGTGTATGAGAATT,1,1841537
hyuA_predicted,0.25,8,7,GGCCGACTATTGCTCTCTAT,1,1867768
hyuA_predicted,1.375,17,7,GGCCATAAGTGAGCTTCGCG,10,1876983
hyuA_predicted,0.25,8,7,GGCACTATATAGGACAACAA,1,1858972
hyuA_predicted,2.5,26,7,GGATGTGGAGAGACTGTATC,19,1868826
hyuA_predicted,2.75,28,7,GGAGTCATTGTCCAACACAC,21,1875564
hyuA_predicted,0.5,10,7,GGAGGGTTGGTATTTCAGAA,3,1845252
hyuA_predicted,0.625,11,7,GCTCCAGTTTTTTCGATGAA,4,1871212
hyuA_predicted,1.625,19,7,GCGGTCGATGCCCCTTATGG,12,1840018
hyuA_predicted,0.25,8,7,GCGGCCCGAAACATGTGCCT,1,1853064
hyuA_predicted,3.0,30,7,GCGAGAGTCCCGTTGCTGTA,23,1850682
hyuA_predicted,1.125,15,7,GCCTTGATACTGCTCACGTT,8,1873049
hyuA_predicted,1.625,19,7,GCCTATAGGAAGATTGACAC,12,1872658
hyuA_predicted,1.375,17,7,GCCAACTCGCATCATTTTTC,10,1874842
hyuA_predicted,2.125,23,7,GCAGCGTCGTTCGTAAATTT,16,1841777
hyuA_predicted,1.125,15,7,GCACGAGGTAAGCACCAACA,8,1845500
hyuA_predicted,0.25,8,7,GATTGAACTGAGTTAACCTA,1,1856569
hyuA_predicted,1.625,19,7,GATGGCAGTGCTGAAATCTT,12,1871141
hyuA_predicted,2.0,22,7,GATGCACCCGATCCACAGAC,15,1856331
hyuA_predicted,2.125,23,7,GATCGGGGACAGAACGTTCT,16,1866594
hyuA_predicted,3.0,30,7,GAGTCATGCCCGACTGCCCT,23,1847322
hyuA_predicted,1.5,18,7,GAGATGTTAGTCTGGATCGA,11,1834538
hyuA_predicted,1.75,20,7,GACTCGTTGGGGCCGCACCA,13,1847911
hyuA_predicted,0.625,11,7,GACTAACCGCTTAATCCTTC,4,1829987
hyuA_predicted,1.125,15,7,GACGCGAGTTGGTAACTCCA,8,1831666
hyuA_predicted,2.0,22,7,GACATTGATAGGTGGAAAAA,15,1864077
hyuA_predicted,0.75,12,7,GAAACCCACGGCTCGTTTTA,5,1831416
hyuA_predicted,1.125,15,7,CTTTTTTGCGTTAGCCCCTC,8,1863469
hyuA_predicted,0.5,10,7,CTTTCTTTCGAGGTTATGGG,3,1846297
hyuA_predicted,2.875,29,7,CTTATTTCTGAGGCAGGTTG,22,1848704
hyuA_predicted,0.75,12,7,CTTAAGTGTCGAAAGCCTTT,5,1857583
hyuA_predicted,1.125,15,7,CTGTCTTACAAATCCAAGAC,8,1866443
hyuA_predicted,2.25,24,7,CTGCAAGGCAATCCCTTGTC,17,1843266
hyuA_predicted,2.0,22,7,CTGATAGGATCCAATGGTTC,15,1847833
hyuA_predicted,1.625,19,7,CTCGAATAAATACCCGGGTT,12,1849551
hyuA_predicted,1.0,14,7,CTAGGTTACACGTTCGAAGA,7,1844415
hyuA_predicted,1.0,14,7,CGTTGAGCCATCATATCTGG,7,1856953
hyuA_predicted,0.625,11,7,CGTGGTTATGCACAGCGGGA,4,1842526
hyuA_predicted,1.125,15,7,CGTATTACACGCTCCCAGAC,8,1855359
hyuA_predicted,2.125,23,7,CGTATGTCCGTCTATGAGTA,16,1835195
hyuA_predicted,0.25,8,7,CGGTTACTGACGCAGTGTAA,1,1872505
hyuA_predicted,0.875,13,7,CGGTGGGAGATTTCCACTGT,6,1840320
hyuA_predicted,1.375,17,7,CGGCGTTGCGCAGGCATACG,10,1840244
hyuA_predicted,3.5,34,7,CGGCAGGGTGGAGTGTGTTT,27,1848678
hyuA_predicted,1.25,16,7,CGGACGCTGTCCACACGATT,9,1835863
hyuA_predicted,2.25,24,7,CGCTTAAGCAATGCGGAGTA,17,1853671
hyuA_predicted,2.25,24,7,CGACACGAGCCTCAGCCTGG,17,1832260
hyuA_predicted,1.625,19,7,CGAAGTACATAACATCCCGT,12,1831658
hyuA_predicted,1.5,18,7,CCTTGTCTATGCCACTGCCG,11,1858758
hyuA_predicted,0.75,12,7,CCTTATGAAAACGTGTATGT,5,1848969
hyuA_predicted,2.375,25,7,CCTGATCCCTTAACGGACCT,18,1863842
hyuA_predicted,0.625,11,7,CCTCGCCGGCGTCCCTGCAT,4,1872719
hyuA_predicted,0.375,9,7,CCGTGTACACACACATGGAA,2,1843155
hyuA_predicted,0.625,11,7,CCCTTCTAGTATGGGCCTAC,4,1828865
hyuA_predicted,0.625,11,7,CCCTGGCGCAAGCAAGCCAG,4,1845662
hyuA_predicted,2.5,26,7,CCCTGCCGATCATGTCCCGA,19,1876409
hyuA_predicted,5.75,52,7,CCCGGTATCATGTGACCGGA,45,1855834
hyuA_predicted,2.0,22,7,CCAAGCTCAGGTATCCGAGG,15,1831014
hyuA_predicted,2.5,26,7,CATTGCACGGGGCAATGCTA,19,1857015
hyuA_predicted,0.875,13,7,CATCTTTGCCCCGGCTTAAG,6,1853442
hyuA_predicted,2.75,28,7,CATCCTTTAAAGCCCAAGTG,21,1872362
hyuA_predicted,1.25,16,7,CATCCAAGTTTTATTTGGAG,9,1873495
hyuA_predicted,0.75,12,7,CATAACAAAAAATGGGTCAT,5,1831404
hyuA_predicted,1.875,21,7,CAGTGCACCCCACTTCAGCC,14,1852676
hyuA_predicted,1.75,20,7,CAGGATCGTTAACGGATCAG,13,1836994
hyuA_predicted,2.0,22,7,CACGTTTATGATCATGATGT,15,1848130
hyuA_predicted,0.25,8,7,CACGTCTGTGGTATGGCTTT,1,1836494
hyuA_predicted,0.375,9,7,CACATGGTTTCAGGCAGTGT,2,1857714
hyuA_predicted,2.75,28,7,CACAGATCTGCAAATTGGGT,21,1867070
hyuA_predicted,0.375,9,7,CAAGGTTGCCCTAAGATCAT,2,1872723
hyuA_predicted,0.875,13,7,CAACATTACGTTATAGCACT,6,1861900
hyuA_predicted,2.25,24,7,CAACAAGGCTGAGCCGCCGT,17,1874716
hyuA_predicted,1.375,17,7,CAAACTCAGGTACCTGTCCG,10,1870220
hyuA_predicted,0.5,10,7,ATTTAACACACTTACTGGTG,3,1855151
hyuA_predicted,0.25,8,7,ATTGGGAAACGGCTTCCTGA,1,1835287
hyuA_predicted,1.875,21,7,ATGTCGGTTATCGGGCCAAT,14,1852491
hyuA_predicted,1.125,15,7,ATGGCTATGAACTATAATTC,8,1849442
hyuA_predicted,2.875,29,7,ATGCGAGGTACCACCACCAA,22,1877027
hyuA_predicted,0.25,8,7,ATCTTTGCTCCCTTATGGTG,1,1836970
hyuA_predicted,2.0,22,7,ATCTCCGCCAAATACTGCTG,15,1837929
hyuA_predicted,1.0,14,7,ATCGAGCGCCCGAAACAGAC,7,1842637
hyuA_predicted,1.625,19,7,ATAGTTACGACATTGATCGT,12,1857066
hyuA_predicted,4.5,42,7,ATACAATTACTCGCCGCACA,35,1854906
hyuA_predicted,1.625,19,7,AGTTTTGGCGGATATTGGTA,12,1835174
hyuA_predicted,1.125,15,7,AGTATCCGGGTCTTGCAGGG,8,1851003
hyuA_predicted,0.875,13,7,AGTATAGACAACTCCGCCAA,6,1868278
hyuA_predicted,1.75,20,7,AGGCTTGTGATTAACCAGAA,13,1832373
hyuA_predicted,1.875,21,7,AGGCGGAAATCCATTTGCGC,14,1854462
hyuA_predicted,2.625,27,7,AGGATCTGATAGGTAGGCGC,20,1833013
hyuA_predicted,0.25,8,7,AGGATAGGTGATTGAACCCC,1,1863600
hyuA_predicted,0.25,8,7,AGGACTATTGTGCCCGTGCC,1,1851690
hyuA_predicted,2.625,27,7,AGCTTTACCATGGCGCGGGA,20,1838123
hyuA_predicted,3.125,31,7,AGCATTGCCGGGTTGGCACA,24,1851298
hyuA_predicted,0.25,8,7,AGATGTAACTGGTGCTCCCA,1,1867670
hyuA_predicted,1.25,16,7,AGAGCAGCTCGTGGCACAGG,9,1872187
hyuA_predicted,0.75,12,7,AGACTCACCCCGACTCTGTT,5,1862972
hyuA_predicted,0.625,11,7,AGACGCCGAGTTGTCAAGCT,4,1833154
hyuA_predicted,0.25,8,7,AGAAAGGTGGTTGTCAATGG,1,1843437
hyuA_predicted,0.875,13,7,ACTGACACATCCCGGTCGCT,6,1864390
hyuA_predicted,2.5,26,7,ACTAGCTCAGTAGGTCTTGG,19,1831259
hyuA_predicted,1.625,19,7,ACGCAGCTGGTCAGCACAAT,12,1844533
hyuA_predicted,0.25,8,7,ACGAAGGTAACTATCTGAAA,1,1872512
hyuA_predicted,1.125,15,7,ACCGTATTGCTAATGACGAT,8,1875217
hyuA_predicted,0.75,12,7,ACCATAACTGCGGGGGCTGG,5,1843358
hyuA_predicted,3.625,35,7,ACAGATCAAGAACTTATAGG,28,1844641
hyuA_predicted,1.125,15,7,ACAATTGTGGGCGAATATCT,8,1832207
hyuA_predicted,3.25,32,7,ACAATTACTAGCTTAACCAC,25,1834518
hyuA_predicted,0.5,10,7,ACAACTTACTTGGCCATTGT,3,1850310
hyuA_predicted,0.25,8,7,AATTCCCCTTGTGCACCCCT,1,1831731
hyuA_predicted,0.875,13,7,AATAAACCGCGCGCACCCTC,6,1840399
hyuA_predicted,0.625,11,7,AAGCGATTCCTCGCTGCAAA,4,1839667
hyuA_predicted,2.25,24,7,AACTTACAATGTCAGGCTGA,17,1843167
hyuA_predicted,0.75,12,7,AAAGAATTACAAAAAAAGCA,5,1865807
hyuA_predicted,1.25,16,7,AAACAGCTAGGAGCGAAATG,9,1859136
hyuA_predicted,1.75,20,7,AAAATTTGTTCGTGCTAGCA,13,1840433
hyuA_predicted,1.0,14,7,AAAACGCATTATTCTCCAAG,7,1858760
hyuA_predicted,1.5714285714285714,16,6,TTTTGGTTTCAGGGTATGAA,10,1834571
hyuA_predicted,0.5714285714285714,9,6,TTTTGATGTAAGCCTAGCCC,3,1849422
hyuA_predicted,2.4285714285714284,22,6,TTTTACTGGAGACCTTGGCA,16,1857921
hyuA_predicted,3.857142857142857,32,6,TTTCGTCCGTTTTCAACACT,26,1839734
hyuA_predicted,2.4285714285714284,22,6,TTGCCGCTGTAATATTCATG,16,1870780
hyuA_predicted,3.7142857142857144,31,6,TTCTGTGCCAGTTCCTCCCC,25,1836280
hyuA_predicted,0.2857142857142857,7,6,TTCTGCTGGACGAGTCAAGA,1,1877627
hyuA_predicted,1.1428571428571428,13,6,TTCAAGATCTGAATGGTGAA,7,1834812
hyuA_predicted,0.42857142857142855,8,6,TTATCCCTAAACTAAGGCAG,2,1863260
hyuA_predicted,0.2857142857142857,7,6,TTAGTCCGCGGCTGAATGGG,1,1836847
hyuA_predicted,4.571428571428571,37,6,TTAGGGGCGACGCCGACACA,31,1848742
hyuA_predicted,2.142857142857143,20,6,TTAGGCCGGCGGCAGCAATT,14,1876188
hyuA_predicted,2.857142857142857,25,6,TTAAGTACCTTCCGTCGGTA,19,1869939
hyuA_predicted,1.0,12,6,TTAAGCAGATCACTCAGCAT,6,1859993
hyuA_predicted,0.2857142857142857,7,6,TTAAAACCGGGAACGAGTAA,1,1860807
hyuA_predicted,1.1428571428571428,13,6,TGTGCTTTCCTTTTAAACTG,7,1829388
hyuA_predicted,0.2857142857142857,7,6,TGGTCTTGCGTTTCCCACGA,1,1829474
hyuA_predicted,1.5714285714285714,16,6,TGGGGCGCGAGACCTTGGGG,10,1837462
hyuA_predicted,2.7142857142857144,24,6,TGGGCATTGTGAGAGGTATT,18,1856612
hyuA_predicted,3.4285714285714284,29,6,TGGCCAAGTCGGAAGAACTA,23,1847653
hyuA_predicted,2.2857142857142856,21,6,TGCAACGTGGCGTAGCCCAT,15,1843599
hyuA_predicted,1.8571428571428572,18,6,TGAGTTTGTCTTCGCGCTGA,12,1875539
hyuA_predicted,1.0,12,6,TGAGGAACAGACGCGGCTTC,6,1863205
hyuA_predicted,2.142857142857143,20,6,TGACGTCGTGGTGTTTTGAG,14,1845134
hyuA_predicted,1.2857142857142858,14,6,TCTATCTGCGCCTCAACTCA,8,1849083
hyuA_predicted,2.142857142857143,20,6,TCGCGTGATCAATTCCCTGA,14,1869026
hyuA_predicted,1.8571428571428572,18,6,TCGACGTAAGTCGGAGAGGT,12,1835415
hyuA_predicted,1.4285714285714286,15,6,TCCGGTAAATATAACGCTTG,9,1872263
hyuA_predicted,1.8571428571428572,18,6,TCCAGAGATCAGGACCTATA,12,1833466
hyuA_predicted,1.8571428571428572,18,6,TCCACTCATGATTTATATCT,12,1871542
hyuA_predicted,1.4285714285714286,15,6,TCATTGCACCTCTCCAAGTC,9,1870929
hyuA_predicted,0.42857142857142855,8,6,TAGCTGCGATCCGCCACCAG,2,1844559
hyuA_predicted,0.2857142857142857,7,6,TAGAGCTTTGGATGTTGGAA,1,1848602
hyuA_predicted,2.142857142857143,20,6,TAACGCATCGGCCGCATATG,14,1849076
hyuA_predicted,0.7142857142857143,10,6,TAACGAGCCTTTGTGACAGT,4,1875879
hyuA_predicted,1.0,12,6,GTTATGCATGTTCCATAGTT,6,1829993
hyuA_predicted,0.42857142857142855,8,6,GTGTGGTCCGTGGCCCACCC,2,1839788
hyuA_predicted,3.0,26,6,GTGGCTATCCCCAAGAAGAC,20,1835939
hyuA_predicted,2.2857142857142856,21,6,GTGAACCTCAAGAAGAAGCA,15,1868318
hyuA_predicted,2.7142857142857144,24,6,GTCGGCCCCGCGTGCCTCTT,18,1829770
hyuA_predicted,2.0,19,6,GTCCTCTGCGAATATTGTCG,13,1848932
hyuA_predicted,1.8571428571428572,18,6,GTCCATACAAATTTTTTGCA,12,1870514
hyuA_predicted,4.428571428571429,36,6,GTCCAACTTCGTACTAGGGC,30,1859656
hyuA_predicted,1.4285714285714286,15,6,GTACGCCCGCTGGAGTCTAG,9,1830653
hyuA_predicted,0.42857142857142855,8,6,GGTTGAAATTAGTGAGTTAG,2,1858091
hyuA_predicted,1.8571428571428572,18,6,GGTTAACAACCCTTACAATT,12,1876985
hyuA_predicted,1.4285714285714286,15,6,GGTCCTGCGTCCCGCGGATA,9,1844447
hyuA_predicted,3.7142857142857144,31,6,GGTCCAGTCTGGCCGCGCGC,25,1829805
hyuA_predicted,3.142857142857143,27,6,GGGTGATGCGCGACCACGGC,21,1853378
hyuA_predicted,0.5714285714285714,9,6,GGGGGCAACGTCCGGCTTGA,3,1857573
hyuA_predicted,1.7142857142857142,17,6,GGGGGAATTTCTGATCGATT,11,1861168
hyuA_predicted,0.5714285714285714,9,6,GGGGCATGCTCCCTACTTCA,3,1850749
hyuA_predicted,5.0,40,6,GGGGACTGGGTACGTTACCT,34,1847724
hyuA_predicted,1.0,12,6,GGGCATTTAATGCATGTGAA,6,1834888
hyuA_predicted,2.7142857142857144,24,6,GGCTAAGGGATCAAGACTGT,18,1866621
hyuA_predicted,0.7142857142857143,10,6,GGCGTTTATTAGTGCTTTGG,4,1829472
hyuA_predicted,2.2857142857142856,21,6,GGACATACTGACAGGACTCA,15,1868506
hyuA_predicted,0.2857142857142857,7,6,GGAAAGACGCGGAAGCCCCT,1,1854011
hyuA_predicted,1.2857142857142858,14,6,GCTCGGCGTTTTTCGCCGGA,8,1852344
hyuA_predicted,1.7142857142857142,17,6,GCTATGAAATGGGATGCAGC,11,1837181
hyuA_predicted,0.2857142857142857,7,6,GCGTTCCATCGATTTGAGCT,1,1859451
hyuA_predicted,3.5714285714285716,30,6,GCGCAGGTTGGGCGCAACGA,24,1875035
hyuA_predicted,1.5714285714285714,16,6,GCCTATTACGATCCTGCAAT,10,1855554
hyuA_predicted,1.0,12,6,GCCATAAGACCGTCTGTCAC,6,1873888
hyuA_predicted,1.5714285714285714,16,6,GCATTTTTATACAAAGCACT,10,1876534
hyuA_predicted,1.8571428571428572,18,6,GCAGTCTTTTTCCCACTAGA,12,1829494
hyuA_predicted,1.7142857142857142,17,6,GCAGGTTATGATTTTTACAT,11,1830203
hyuA_predicted,1.4285714285714286,15,6,GCAGGTATAGGCCGTACGCC,9,1842121
hyuA_predicted,0.5714285714285714,9,6,GCACTTAATAGTAATGATCT,3,1849602
hyuA_predicted,0.5714285714285714,9,6,GCAATAAGAAGGGTACGCTG,3,1837736
hyuA_predicted,3.0,26,6,GATAGGCTAAGTACAGGTCA,20,1844202
hyuA_predicted,2.4285714285714284,22,6,GAGTGATCGCTAGTGCAACA,16,1834848
hyuA_predicted,0.2857142857142857,7,6,GAGATAAATGGCAGCTTGGC,1,1847038
hyuA_predicted,3.0,26,6,GACGTTAGGGCGCTGCGTGT,20,1867556
hyuA_predicted,1.5714285714285714,16,6,GACGCGTCGCTCTTTAAACG,10,1840223
hyuA_predicted,0.8571428571428571,11,6,GACGAAAATGAGGGCATTCC,5,1869103
hyuA_predicted,2.2857142857142856,21,6,GACCAGGTCGAGCCCCAGGA,15,1842181
hyuA_predicted,1.7142857142857142,17,6,GACAGGCACATTGCTGAGAA,11,1876714
hyuA_predicted,0.2857142857142857,7,6,GAATCTAACGGCATCCCCGC,1,1848745
hyuA_predicted,2.0,19,6,GAACGTGTGTCTTCGACTAT,13,1844017
hyuA_predicted,1.8571428571428572,18,6,CTTTGTCGTCCCAACTATAA,12,1841428
hyuA_predicted,0.5714285714285714,9,6,CTTTAAGAACGCGCCCGCTG,3,1867150
hyuA_predicted,1.4285714285714286,15,6,CTTCGCGGTCAGCTTACTCG,9,1861672
hyuA_predicted,2.2857142857142856,21,6,CTTAGACTAGGTCAAGCTTC,15,1870804
hyuA_predicted,0.8571428571428571,11,6,CTGTGTGCCTTGCGGTAAAA,5,1832620
hyuA_predicted,8.857142857142858,67,6,CTGGCGGTACAGGGAGTAGA,61,1835808
hyuA_predicted,3.5714285714285716,30,6,CTCCTCCGAAAGATACATAC,24,1873232
hyuA_predicted,0.5714285714285714,9,6,CTCCGGAAGCGGCAAGGCTT,3,1875122
hyuA_predicted,2.0,19,6,CTCAAAGACGACTTGATGAG,13,1837349
hyuA_predicted,0.7142857142857143,10,6,CTAACCAAGGAGCGCGATGG,4,1849899
hyuA_predicted,1.5714285714285714,16,6,CGTTTTACAACATCGCTCGA,10,1834394
hyuA_predicted,1.0,12,6,CGTTGGTCTATGGAGCGCGG,6,1833591
hyuA_predicted,1.1428571428571428,13,6,CGTGCTGGAGAAGAAGTCTT,7,1858128
hyuA_predicted,4.571428571428571,37,6,CGTAAAGTTGGACTAGGGCA,31,1860427
hyuA_predicted,2.7142857142857144,24,6,CGGTGTATCATTTTGGGGCA,18,1863605
hyuA_predicted,0.8571428571428571,11,6,CGGCGGCCAGCGGGGATCCG,5,1859908
hyuA_predicted,0.5714285714285714,9,6,CGCTTGTGCCCGGCCTATCG,3,1874915
hyuA_predicted,1.2857142857142858,14,6,CGCTTCCAGGCTTCGGTCTC,8,1849984
hyuA_predicted,1.4285714285714286,15,6,CGCTAACATGTGGCTTTCCG,9,1834617
hyuA_predicted,3.5714285714285716,30,6,CGAATTTGGACACAGGGTGG,24,1868413
hyuA_predicted,1.8571428571428572,18,6,CCTTTAACGCATGTATGTTA,12,1850139
hyuA_predicted,1.1428571428571428,13,6,CCTGTGCGTGTCGGATGCTC,7,1861821
hyuA_predicted,2.2857142857142856,21,6,CCTCAATACGCTCGGGGAAC,15,1862538
hyuA_predicted,3.142857142857143,27,6,CCTAGTTTCCGCCTTCAATT,21,1863353
hyuA_predicted,3.0,26,6,CCTAGGTAAAAAGCCTAAGT,20,1834319
hyuA_predicted,1.0,12,6,CCTAAACACTCACGTTCCAA,6,1844381
hyuA_predicted,0.42857142857142855,8,6,CCGTCGAAGCTGGGCTCCCC,2,1833508
hyuA_predicted,1.7142857142857142,17,6,CCGTAAGCCACGGGTGGACA,11,1835568
hyuA_predicted,2.0,19,6,CCGGACAATCAAACGGCTCA,13,1874107
hyuA_predicted,2.7142857142857144,24,6,CCCGTTACCAACTAACGTAC,18,1833006
hyuA_predicted,3.2857142857142856,28,6,CCCCTAGTATTACGCCTCGG,22,1862346
hyuA_predicted,1.8571428571428572,18,6,CCCAAATTTGCAAGGAATTG,12,1857664
hyuA_predicted,4.714285714285714,38,6,CCACTCGCGGTGTAGGGCTC,32,1829482
hyuA_predicted,0.2857142857142857,7,6,CCAAAGCCTGCGCATCTAAG,1,1873766
hyuA_predicted,1.1428571428571428,13,6,CATGATTCCTGCTGAGTATT,7,1832136
hyuA_predicted,2.0,19,6,CAATTCGGGTTGGTATTTAT,13,1832509
hyuA_predicted,1.5714285714285714,16,6,ATTTGCCGCTAGAAGCGAGT,10,1852001
hyuA_predicted,0.8571428571428571,11,6,ATTCTCAGAACGTATTGTAT,5,1848201
hyuA_predicted,0.2857142857142857,7,6,ATTACTCGGTGGAAACTGTG,1,1831062
hyuA_predicted,1.0,12,6,ATTAACTCAGCCCGGGCGGT,6,1833709
hyuA_predicted,0.2857142857142857,7,6,ATGTGCCTTGGGAAATATGC,1,1849064
hyuA_predicted,1.1428571428571428,13,6,ATGTCAAAGATGATATAGTG,7,1834623
hyuA_predicted,6.428571428571429,50,6,ATGGCTATTGCTGCGGTAGT,44,1830658
hyuA_predicted,2.2857142857142856,21,6,ATGGCGTTAGAGATACCCTT,15,1855590
hyuA_predicted,0.42857142857142855,8,6,ATGCGGCGTCTATCCCGGGC,2,1837273
hyuA_predicted,1.1428571428571428,13,6,ATCTGAATTCTGGATCTATG,7,1844424
hyuA_predicted,1.0,12,6,ATCTCGCCGAACAGGCAGCT,6,1848828
hyuA_predicted,0.42857142857142855,8,6,ATCTCCGTCCTTTTCCGCGT,2,1864941
hyuA_predicted,3.2857142857142856,28,6,ATCGGCTATGCATATAATGC,22,1871595
hyuA_predicted,2.0,19,6,ATCGGCCAAGCAAACGTCAA,13,1858644
hyuA_predicted,1.1428571428571428,13,6,ATCGGACGCGTGGACACGAC,7,1874219
hyuA_predicted,2.2857142857142856,21,6,ATCCGGAGAGCGACAAAAGG,15,1852955
hyuA_predicted,0.8571428571428571,11,6,ATCATTAGTCCTACCAGAAC,5,1876417
hyuA_predicted,1.2857142857142858,14,6,ATCAGACTCGTCCAAAGTGA,8,1833820
hyuA_predicted,1.2857142857142858,14,6,ATATTAAGATTAGGCTAGCA,8,1841017
hyuA_predicted,1.2857142857142858,14,6,ATATAACTCTGGGGGCGATA,8,1831697
hyuA_predicted,1.5714285714285714,16,6,ATACACCGAGGTAGCTGGTG,10,1844112
hyuA_predicted,0.7142857142857143,10,6,ATAAGCGGCAGGACGGAACA,4,1829799
hyuA_predicted,0.2857142857142857,7,6,AGTCACAAAAATACCTGTCG,1,1875987
hyuA_predicted,4.571428571428571,37,6,AGTAACGTTTGAGAAGCGAT,31,1868560
hyuA_predicted,1.7142857142857142,17,6,AGGGCCTACATCCCTATGGA,11,1842842
hyuA_predicted,2.2857142857142856,21,6,AGGACAAGTTTATTGCTCAA,15,1829714
hyuA_predicted,1.0,12,6,AGCTGGATGCAACTTGCCGA,6,1846837
hyuA_predicted,3.2857142857142856,28,6,AGCCTCGAGATGCGGGACAT,22,1869137
hyuA_predicted,1.4285714285714286,15,6,AGCCAACCCGGGCGACCCGT,9,1851827
hyuA_predicted,0.8571428571428571,11,6,AGCACCCTGCTCTCAAAAAT,5,1829778
hyuA_predicted,1.8571428571428572,18,6,AGAACTGCCCGGCCCCAGAA,12,1840074
hyuA_predicted,1.0,12,6,AGAACGGCCGGCTCCTACTA,6,1853667
hyuA_predicted,0.2857142857142857,7,6,ACTTGTTGTGCTACTCTGAT,1,1870912
hyuA_predicted,7.0,54,6,ACTTGGTCCTCTACGGCCTC,48,1831461
hyuA_predicted,1.0,12,6,ACGGGTGCGCAGAGCCTTGA,6,1874568
hyuA_predicted,1.2857142857142858,14,6,ACGGGGCAGGCCCGGACTTT,8,1869649
hyuA_predicted,2.4285714285714284,22,6,ACGCTGTAGGAACGAACAGA,16,1859468
hyuA_predicted,1.2857142857142858,14,6,ACGAGAAGCGGAACCTCCGA,8,1874605
hyuA_predicted,1.2857142857142858,14,6,ACAAACGAAATTGGTTGATG,8,1864496
hyuA_predicted,0.2857142857142857,7,6,ACAAAAAGCCCCAGGAGGGG,1,1855486
hyuA_predicted,1.2857142857142858,14,6,AATGTTATCATCCCTCTTCT,8,1843404
hyuA_predicted,0.7142857142857143,10,6,AATGGCCAGAAAAGGTAGCA,4,1835605
hyuA_predicted,2.4285714285714284,22,6,AAGTCGTGGAAAAAACTTCT,16,1843786
hyuA_predicted,2.2857142857142856,21,6,AAGACTTGGCTCCGTATGAT,15,1854263
hyuA_predicted,1.2857142857142858,14,6,AAGACCTACATGTGGCCCGC,8,1864227
hyuA_predicted,1.1428571428571428,13,6,AACGTCGAAGACACGATAAG,7,1867098
hyuA_predicted,3.4285714285714284,29,6,AACGAACTGATGCGTGTCAG,23,1830360
hyuA_predicted,1.0,10,5,TTTTCACCGCATCGTTCTCT,5,1866254
hyuA_predicted,3.0,22,5,TTGTCATCTATTAGGCAAGA,17,1842249
hyuA_predicted,1.6666666666666667,14,5,TTGGATGACTGCGTAATCCT,9,1867789
hyuA_predicted,1.0,10,5,TTGCCAAGTTCTGCAGGCGT,5,1872043
hyuA_predicted,0.3333333333333333,6,5,TTCATCAGCCGCACCATGTG,1,1846995
hyuA_predicted,3.5,25,5,TTAGGGATTGGTCGGAACTA,20,1846496
hyuA_predicted,0.6666666666666666,8,5,TGTTCCAGCAACGGCACATA,3,1850648
hyuA_predicted,1.5,13,5,TGTTCATCAGCTCGAAGATG,8,1840307
hyuA_predicted,5.166666666666667,35,5,TGTGCTTGGCCTTATCCCAT,30,1855940
hyuA_predicted,2.0,16,5,TGGGCTTTAAAATATTGGAG,11,1874986
hyuA_predicted,3.1666666666666665,23,5,TGGACACCTATTGTGATATA,18,1836317
hyuA_predicted,1.1666666666666667,11,5,TGGAACGTCGTCCACAATGG,6,1840380
hyuA_predicted,2.3333333333333335,18,5,TGCTCCGAGTTTGACCAAGA,13,1844918
hyuA_predicted,0.3333333333333333,6,5,TGCACTCGTCGTAAACGCAG,1,1867726
hyuA_predicted,1.3333333333333333,12,5,TGACCGGTGGGAGGGAAAGA,7,1863976
hyuA_predicted,1.0,10,5,TGACAGCGCTACCTTTTTAG,5,1876034
hyuA_predicted,0.8333333333333334,9,5,TGAAAATACGCCACCGAAAA,4,1876490
hyuA_predicted,2.8333333333333335,21,5,TCTTTATCATCAACGGTTAA,16,1850651
hyuA_predicted,1.5,13,5,TCTTGTTTAATCGCTTGCCC,8,1840243
hyuA_predicted,0.3333333333333333,6,5,TCTCCGCTCAGGTGCAGCGG,1,1843928
hyuA_predicted,2.0,16,5,TCTACCACTACGGCATATTA,11,1853063
hyuA_predicted,0.8333333333333334,9,5,TCGGCAATACACGTCCTGCT,4,1848327
hyuA_predicted,3.1666666666666665,23,5,TCGCCGCGGGACGCCACGCT,18,1854514
hyuA_predicted,1.1666666666666667,11,5,TCCGTGCGGTACGTTCGTAC,6,1868126
hyuA_predicted,0.6666666666666666,8,5,TCCAAAAAGGCCGACTGAGC,3,1877618
hyuA_predicted,0.6666666666666666,8,5,TCAATCTCGCCCTGCGGCTC,3,1868979
hyuA_predicted,3.0,22,5,TATTGTATGGCGTAGCGAAG,17,1869448
hyuA_predicted,3.3333333333333335,24,5,TATCAGTTTGCGCGTCATAG,19,1836453
hyuA_predicted,1.5,13,5,TATAGTTCATCGGTGATACA,8,1866848
hyuA_predicted,2.1666666666666665,17,5,TATAGAATGGACTAAACAGC,12,1843856
hyuA_predicted,0.3333333333333333,6,5,TAGGGTGTATAGAGCAGAAA,1,1871392
hyuA_predicted,1.8333333333333333,15,5,TACATTTCAGAACTTCTGAA,10,1838298
hyuA_predicted,1.1666666666666667,11,5,TAAAGTTGTTAGTGGACAGG,6,1851187
hyuA_predicted,4.666666666666667,32,5,GTTCTGCTAAACCTCCAATT,27,1846156
hyuA_predicted,3.8333333333333335,27,5,GTTCATAACGTGCGGCCCAG,22,1862685
hyuA_predicted,3.3333333333333335,24,5,GTGGCTGAAGGACGTCTGAA,19,1831855
hyuA_predicted,0.3333333333333333,6,5,GTGCTCCTCATTCAAAAACT,1,1833512
hyuA_predicted,1.1666666666666667,11,5,GTCTCAGGGGTCACACATAA,6,1832257
hyuA_predicted,1.5,13,5,GTCGAACCCAAACACGTCAT,8,1846991
hyuA_predicted,2.0,16,5,GTCCAACACGACGAGGCTAT,11,1837753
hyuA_predicted,1.0,10,5,GTATCAATTGCACCCGTCTG,5,1864932
hyuA_predicted,2.6666666666666665,20,5,GTAGGCTTGGATTCACCGTA,15,1855901
hyuA_predicted,2.1666666666666665,17,5,GGCTTTTCCTGCGACCCGGC,12,1856889
hyuA_predicted,3.5,25,5,GGCTCGAGCACCTAAGTTTG,20,1831059
hyuA_predicted,1.6666666666666667,14,5,GGAGACTACGATGTGATCCC,9,1846563
hyuA_predicted,0.3333333333333333,6,5,GGACGACAACCACTGAACGG,1,1871831
hyuA_predicted,3.1666666666666665,23,5,GGACCTCATAGTAATTGTTG,18,1839892
hyuA_predicted,2.5,19,5,GGAACAGTCGTGGGATTGTT,14,1864721
hyuA_predicted,0.5,7,5,GGAAATTCGGGTAGGTCTTC,2,1829960
hyuA_predicted,2.8333333333333335,21,5,GCTTTACGAGCTCTCTTCAT,16,1872783
hyuA_predicted,2.8333333333333335,21,5,GCTTGCCTTCCCCTTACGTT,16,1876682
hyuA_predicted,0.8333333333333334,9,5,GCTTAGTGGGAAATGCTTCT,4,1851445
hyuA_predicted,1.8333333333333333,15,5,GCTCCGGTAGGGGCTCGCGA,10,1846526
hyuA_predicted,2.0,16,5,GCGCTCTTTTTAGTTGTTGG,11,1832005
hyuA_predicted,0.3333333333333333,6,5,GCCTTACTTCAGGGCCTCCG,1,1857779
hyuA_predicted,1.1666666666666667,11,5,GCCTCGAACCGACCGGGAGC,6,1841568
hyuA_predicted,2.5,19,5,GCCGTGAACAAAACGACCGT,14,1853980
hyuA_predicted,2.3333333333333335,18,5,GCCGCCACTCACCTCACCGT,13,1876510
hyuA_predicted,1.0,10,5,GCCCGAAAAGAGACGCTTGG,5,1869963
hyuA_predicted,1.3333333333333333,12,5,GCATCATCGTCCGTGCTGCC,7,1857395
hyuA_predicted,1.5,13,5,GATTACTCTGTCGAGGGAAA,8,1876552
hyuA_predicted,0.5,7,5,GATCGGGCCTCAAATATATT,2,1848169
hyuA_predicted,0.8333333333333334,9,5,GAGTCGTTAAGCGCTCCCCT,4,1839908
hyuA_predicted,0.8333333333333334,9,5,GAGGGGCGGTGGCACGTAAA,4,1837544
hyuA_predicted,1.6666666666666667,14,5,GAGGAGCGTATAACCGGGAT,9,1857758
hyuA_predicted,1.3333333333333333,12,5,GACTTGAATTATCGTGAACT,7,1870396
hyuA_predicted,1.5,13,5,GACGGGCTACTGGACCTACT,8,1837773
hyuA_predicted,1.5,13,5,GACGCGTGGTTTTAGCGCTT,8,1834226
hyuA_predicted,3.0,22,5,GACCTGCTCGATAGGGAAAC,17,1853575
hyuA_predicted,2.0,16,5,GACCGTGGAGGATGGCTTCT,11,1856027
hyuA_predicted,1.3333333333333333,12,5,GACATGGATAGGTGATGTTC,7,1853845
hyuA_predicted,1.5,13,5,GACATAGAAGGGCAAAGATT,8,1866112
hyuA_predicted,3.1666666666666665,23,5,GACAGTGCCGGGTTCCCATT,18,1858991
hyuA_predicted,1.8333333333333333,15,5,GACAGTCGGTGAATATATGC,10,1837066
hyuA_predicted,2.1666666666666665,17,5,GACACCCGATTAACGGAGAT,12,1857429
hyuA_predicted,2.6666666666666665,20,5,GAATTGACGAAGCGACTACC,15,1849307
hyuA_predicted,4.833333333333333,33,5,GAACCGCCGCATTTATTGGT,28,1865901
hyuA_predicted,1.8333333333333333,15,5,CTTTCGACGCCTAAAATCGT,10,1834090
hyuA_predicted,2.8333333333333335,21,5,CTCGGACTGAAAGTTCAGTC,16,1852194
hyuA_predicted,2.1666666666666665,17,5,CTATGCTGAGGGACTACAAT,12,1829337
hyuA_predicted,1.3333333333333333,12,5,CTAGGCCCACTGCCAGCTTT,7,1843792
hyuA_predicted,1.0,10,5,CTACTAGAGGATTACGGTCC,5,1857844
hyuA_predicted,0.5,7,5,CTACACGTCTAAGGCTGTGA,2,1847346
hyuA_predicted,2.0,16,5,CGTTTATGGTATTAAGCCGA,11,1853474
hyuA_predicted,3.8333333333333335,27,5,CGTTGGCAGCACGGGAGGTA,22,1869650
hyuA_predicted,0.3333333333333333,6,5,CGTGGTTTAGGGTCCCTGCA,1,1840190
hyuA_predicted,2.1666666666666665,17,5,CGGTTGTCCGAATTTTCAGC,12,1846517
hyuA_predicted,0.3333333333333333,6,5,CGGTTACCTGAGGACACTGT,1,1870959
hyuA_predicted,2.0,16,5,CGGGCATTGCTAATAAAGCG,11,1834619
hyuA_predicted,2.8333333333333335,21,5,CGCGGAAATTCGAGATCGTG,16,1837771
hyuA_predicted,1.8333333333333333,15,5,CGCCGAAATGATTATGGGTA,10,1833264
hyuA_predicted,2.0,16,5,CGCATGGGGTGCTACACAAC,11,1869307
hyuA_predicted,2.8333333333333335,21,5,CGATTACCTCCATTCAGCAG,16,1865387
hyuA_predicted,5.0,34,5,CGATGCTTTCAACTCTCCAA,29,1867806
hyuA_predicted,1.5,13,5,CGATGCACTACTGCCAATGG,8,1839745
hyuA_predicted,1.1666666666666667,11,5,CGATAACCATAAATTCGTCA,6,1834882
hyuA_predicted,0.5,7,5,CGAGTTTATTTGAAGCAGGA,2,1829243
hyuA_predicted,3.0,22,5,CGAAGTTTATATAATCGCCT,17,1860881
hyuA_predicted,0.3333333333333333,6,5,CGAACGTTACTCTTACGAGA,1,1846762
hyuA_predicted,2.5,19,5,CCTTTGCACCACGTTCAAGG,14,1846099
hyuA_predicted,2.6666666666666665,20,5,CCTTATAGAGTTCTCCTTAC,15,1859872
hyuA_predicted,2.6666666666666665,20,5,CCTCGCAGTCTCTAAAATCG,15,1844972
hyuA_predicted,1.0,10,5,CCTCCCTTTCAATTCGATAC,5,1848307
hyuA_predicted,2.0,16,5,CCTCAAGCGTACTTGCCCAG,11,1849627
hyuA_predicted,1.8333333333333333,15,5,CCGGGGGCTTATCGGAAGTA,10,1859725
hyuA_predicted,1.3333333333333333,12,5,CCGGCTTCCTCGCTGGTGTA,7,1838649
hyuA_predicted,0.5,7,5,CCGCGCCCGCTCAAGCCTCT,2,1869431
hyuA_predicted,0.6666666666666666,8,5,CCCGAACGACATAACTACGA,3,1829377
hyuA_predicted,2.8333333333333335,21,5,CCCCGTACGGGGCGCCAGTC,16,1849169
hyuA_predicted,1.6666666666666667,14,5,CCATCGGCAGTGTGTGTACG,9,1865569
hyuA_predicted,0.3333333333333333,6,5,CATTTTATTGTTAGGATGGA,1,1838963
hyuA_predicted,2.6666666666666665,20,5,CATGTAAGTTGCTCATATGA,15,1859465
hyuA_predicted,2.8333333333333335,21,5,CAGGCGGGAGCAGAGGGGAA,16,1868673
hyuA_predicted,1.3333333333333333,12,5,CAGGAACAAAATGTATACGG,7,1856908
hyuA_predicted,1.8333333333333333,15,5,CAGCTCGGCGTCTTAGGATG,10,1830354
hyuA_predicted,0.6666666666666666,8,5,CAGATCGAACTCCATTCAAC,3,1855028
hyuA_predicted,3.3333333333333335,24,5,CACTGACCAGGTCAGACAAT,19,1842275
hyuA_predicted,2.1666666666666665,17,5,CACGTTAGGGTTGTCGGTTG,12,1863015
hyuA_predicted,0.5,7,5,CAATTCATTATAAATGGTAT,2,1861504
hyuA_predicted,1.5,13,5,CAACAGATCAATGACGACCT,8,1861247
hyuA_predicted,0.6666666666666666,8,5,ATTCTTCTAAGCATGGGTAC,3,1850962
hyuA_predicted,2.5,19,5,ATTAACTCTAAAGAGGCTAG,14,1842552
hyuA_predicted,0.3333333333333333,6,5,ATGTCTGTCATCACGACTGT,1,1843854
hyuA_predicted,2.6666666666666665,20,5,ATGGTACGGATGCGACGCGT,15,1829988
hyuA_predicted,2.5,19,5,ATGGGGGGGCTACAGGCCGA,14,1877572
hyuA_predicted,2.6666666666666665,20,5,ATGGCGACGTGGGAAACTCT,15,1842457
hyuA_predicted,3.0,22,5,ATCGCGCAACTCCTCACCTA,17,1859810
hyuA_predicted,0.8333333333333334,9,5,ATCATGCCGACCCGCTTCAA,4,1835261
hyuA_predicted,2.3333333333333335,18,5,ATAGTAGTTTTCGTATTTAT,13,1869536
hyuA_predicted,1.8333333333333333,15,5,ATAGGATTAACAGGCCCTGG,10,1857120
hyuA_predicted,2.8333333333333335,21,5,ATACCCCAGTAGCCCCCGTT,16,1849055
hyuA_predicted,2.5,19,5,AGGTGCCGGACTAACCTCTG,14,1852741
hyuA_predicted,2.3333333333333335,18,5,AGGGCGCCCCAGCACTGGTG,13,1874767
hyuA_predicted,0.3333333333333333,6,5,AGGAATGTACTGAATCGTTC,1,1840739
hyuA_predicted,2.1666666666666665,17,5,ACTTATCTCTACCGAGCCCA,12,1839113
hyuA_predicted,2.0,16,5,ACTGGAGTAAGCCTATTAGT,11,1858074
hyuA_predicted,0.6666666666666666,8,5,ACTGAGAGGTAAGGATTCCG,3,1852564
hyuA_predicted,1.0,10,5,ACTCTCAAGGCACGAAATTT,5,1844324
hyuA_predicted,1.8333333333333333,15,5,ACGCTTTAAGATATCGACGT,10,1860149
hyuA_predicted,1.0,10,5,ACGAGTACCTTATGTTTGAT,5,1873533
hyuA_predicted,1.8333333333333333,15,5,ACGACAAGTGAGGGGCCATC,10,1872396
hyuA_predicted,0.5,7,5,ACCTATCTAGTGAGGCCACA,2,1844732
hyuA_predicted,1.3333333333333333,12,5,ACCCCAACGACAGGTGCGGC,7,1844698
hyuA_predicted,0.6666666666666666,8,5,ACCCAAACCTTTTGAACGGG,3,1839060
hyuA_predicted,1.6666666666666667,14,5,ACCATCCCTAAATGCTCCCT,9,1864259
hyuA_predicted,3.1666666666666665,23,5,ACAGGAGCTAGCCAGCGTAA,18,1875765
hyuA_predicted,0.6666666666666666,8,5,ACACGCCCCCGTTCGGCTCA,3,1844816
hyuA_predicted,1.0,10,5,AATTGAAATTTGTAACTACA,5,1847791
hyuA_predicted,1.0,10,5,AATTCTGAAAGCCTCATACA,5,1859575
hyuA_predicted,1.3333333333333333,12,5,AATGCGGGAGTCCTTCCTCC,7,1858216
hyuA_predicted,5.666666666666667,38,5,AATGACATGGGCAGGCCTTC,33,1833727
hyuA_predicted,0.3333333333333333,6,5,AAGTCAGTGGCCAACAATAC,1,1860523
hyuA_predicted,0.8333333333333334,9,5,AAGGTGGATTAAGGTACCAG,4,1839897
hyuA_predicted,1.6666666666666667,14,5,AACACCCTCGCAGTTAATCG,9,1873673
hyuA_predicted,4.8,27,4,TTTGGCTGTGCATCTTTCGC,23,1864154
hyuA_predicted,3.0,18,4,TTCATTCATGATGCACTGCT,14,1853353
hyuA_predicted,1.6,11,4,TTATTACATGCAATTTAAAT,7,1875579
hyuA_predicted,2.4,15,4,TTAATGTTGTCGGAACTCAG,11,1838196
hyuA_predicted,1.4,10,4,TGGTTCCTGCACGTGTCCCC,6,1857184
hyuA_predicted,3.6,21,4,TGGGGTAGCAGCTCCGCACT,17,1854760
hyuA_predicted,2.4,15,4,TGGGCTCCATAGAGGCATGT,11,1871548
hyuA_predicted,1.6,11,4,TGGCCTCCATCGCCTGATCC,7,1837377
hyuA_predicted,0.4,5,4,TGGCATGCGGTAAAAGTCTC,1,1849308
hyuA_predicted,5.6,31,4,TGCTTGACACATATTGTACC,27,1846447
hyuA_predicted,4.8,27,4,TGCCGAACATCAAGCCGTTC,23,1831542
hyuA_predicted,0.4,5,4,TGATATCTGACCCTATGATC,1,1847531
hyuA_predicted,0.4,5,4,TCTTCTTAAGTATTAATCCG,1,1869359
hyuA_predicted,4.0,23,4,TCTCTTGGGTTCTGGGGGCA,19,1845095
hyuA_predicted,2.8,17,4,TCTCGTACTAGGTGAGATAA,13,1871092
hyuA_predicted,3.0,18,4,TCTCGCAATGGACGCCCCGT,14,1875777
hyuA_predicted,2.6,16,4,TCTATGGGACTTCGGCTGTG,12,1856413
hyuA_predicted,3.0,18,4,TCGTATGCTAGAACCAGTTT,14,1855762
hyuA_predicted,1.6,11,4,TCCTCATGTGTTTAGGTGTG,7,1855905
hyuA_predicted,0.6,6,4,TCCGGGCTCTGGTACACCGC,2,1844730
hyuA_predicted,4.6,26,4,TCATAGTGAAAGGTTGCGTC,22,1839932
hyuA_predicted,1.6,11,4,TCAATTCTTCGACTTCGCGA,7,1853514
hyuA_predicted,0.6,6,4,TCAAGTGCGGAATAAAGTTT,2,1867589
hyuA_predicted,2.8,17,4,TCAACCGTGACACGGTCTCT,13,1871427
hyuA_predicted,0.8,7,4,TAGGGCAGCATACGGTATGG,3,1845382
hyuA_predicted,4.8,27,4,TAGAGCAACAAAGCGGTGAT,23,1853920
hyuA_predicted,5.2,29,4,TAGACTGTACCCTGAACTTC,25,1855462
hyuA_predicted,1.2,9,4,TACGGGCTCGGACGCGGGTT,5,1834913
hyuA_predicted,4.0,23,4,TACATTTTCAAGTCCTCCAC,19,1855243
hyuA_predicted,2.2,14,4,TAAACTGAACATGTATGAGT,10,1837069
hyuA_predicted,0.6,6,4,GTTTTCCAATAGGTCCAAAA,2,1871982
hyuA_predicted,0.4,5,4,GTTTAGAGCACGTTGATTAT,1,1830267
hyuA_predicted,0.6,6,4,GTTAGCATATTCCCTCCTAC,2,1851890
hyuA_predicted,0.4,5,4,GTGGACTCTGAGTGTTATGT,1,1869518
hyuA_predicted,4.4,25,4,GTGGAATCTTTGAAAACCGG,21,1852034
hyuA_predicted,2.4,15,4,GTACTAAGTGTGCACACAAG,11,1864443
hyuA_predicted,3.6,21,4,GTACCTTTCTTTCAGGTAAA,17,1862354
hyuA_predicted,1.8,12,4,GTAATGATCACTAATATATG,8,1874295
hyuA_predicted,0.4,5,4,GGTGTAACAGACGCTTAGAT,1,1836083
hyuA_predicted,2.6,16,4,GGTCTGGGTCCTCCAACATA,12,1847769
hyuA_predicted,2.0,13,4,GGTCCACGGCCAGTTGTAGG,9,1838160
hyuA_predicted,3.2,19,4,GGTACTGGGTTTTGGTTGAA,15,1848467
hyuA_predicted,2.6,16,4,GGGTCAGCGCGGCGTATGGA,12,1855410
hyuA_predicted,1.6,11,4,GGGGGGTTCAGAGTTCGTTA,7,1874190
hyuA_predicted,6.2,34,4,GGGCGGTAAGACGTGTGCGT,30,1839412
hyuA_predicted,1.8,12,4,GGCGCTCCCTGGCCTGGACC,8,1833442
hyuA_predicted,0.8,7,4,GGAGCAAACTTGACACCAAC,3,1833867
hyuA_predicted,1.2,9,4,GGACCGGCGGGGTGGTTTAA,5,1843409
hyuA_predicted,0.4,5,4,GGAAACAGAAATACGAGCTG,1,1868756
hyuA_predicted,1.2,9,4,GCTTGCTCTAAATGGGATCA,5,1848929
hyuA_predicted,2.0,13,4,GCTGGATAGGTATTGCTTCC,9,1866304
hyuA_predicted,0.8,7,4,GCTATGTCACGAAATGCGCC,3,1837614
hyuA_predicted,4.4,25,4,GCGCTTGTGCTTTGTGATCT,21,1869858
hyuA_predicted,3.0,18,4,GCCTCAACCTACTAATGCCT,14,1860838
hyuA_predicted,6.0,33,4,GCCCTTTACGTCTCATACCC,29,1845754
hyuA_predicted,2.2,14,4,GCCCGCACTCATGGTCTGAT,10,1874252
hyuA_predicted,0.8,7,4,GCCAGTCAACGATAGGAACT,3,1852554
hyuA_predicted,1.6,11,4,GCCAACCGGGTTTCTGCTGT,7,1868867
hyuA_predicted,0.6,6,4,GCACCGCTGTCGTAACCAAG,2,1856043
hyuA_predicted,0.8,7,4,GAGGTGGGATGGGTGATACT,3,1828853
hyuA_predicted,0.4,5,4,GAAGTTATGCGAGCCGAGAT,1,1829838
hyuA_predicted,4.0,23,4,GAAAGGTAAACCCGCCGCCA,19,1856402
hyuA_predicted,1.2,9,4,GAAAGCTAGCCGGCCCCCCA,5,1855067
hyuA_predicted,3.8,22,4,CTTTCGGCCCTAGAGGCACT,18,1828977
hyuA_predicted,3.6,21,4,CTTTACATACTTCATTTTGT,17,1877153
hyuA_predicted,0.6,6,4,CTGTTGGACTGCTGAACACG,2,1852880
hyuA_predicted,1.4,10,4,CTGGGCGGTTTGGCGACGAC,6,1858824
hyuA_predicted,1.6,11,4,CTGCCCGACCGGAGCATAAA,7,1865460
hyuA_predicted,2.0,13,4,CTGCAACACAAGCTTTATGG,9,1859916
hyuA_predicted,2.4,15,4,CTGACTTTCACTACGAGGAA,11,1876886
hyuA_predicted,4.4,25,4,CTGAAAGCAGTCATTGCAAG,21,1839750
hyuA_predicted,1.8,12,4,CTCGGCACCAGAATCGTTGT,8,1830460
hyuA_predicted,3.2,19,4,CTCGCCTACTAGGCGCCTTT,15,1871637
hyuA_predicted,2.2,14,4,CTCAATACCGAGAGTAAAGT,10,1847137
hyuA_predicted,3.0,18,4,CTAAGGGACTTTCACATCTT,14,1871590
hyuA_predicted,1.8,12,4,CGTTTCGACCGCCGGGCTTT,8,1856822
hyuA_predicted,5.8,32,4,CGTCAAGGGTGTCCCTTCCC,28,1834422
hyuA_predicted,0.6,6,4,CGTATTTTTAAATGTAATCT,2,1838162
hyuA_predicted,4.6,26,4,CGGAAGGGATTGCAGCAGGC,22,1861215
hyuA_predicted,3.2,19,4,CGCTTCTTCCGCGCAGCAAG,15,1872679
hyuA_predicted,0.4,5,4,CGCGACCTTATGTGTGGTGG,1,1858834
hyuA_predicted,0.8,7,4,CGCCTGGCCTCGGTGGTCGA,3,1852350
hyuA_predicted,0.8,7,4,CGCCGTCATGTTAGTGGCAT,3,1850865
hyuA_predicted,2.4,15,4,CGCATATCCATTTTATTCGT,11,1831226
hyuA_predicted,0.6,6,4,CGATGCAACGCCTTCTCTTG,2,1862412
hyuA_predicted,1.4,10,4,CGAACCTACAATGCATCTGG,6,1858576
hyuA_predicted,4.2,24,4,CCGGCTATACCCAACTGCAA,20,1837429
hyuA_predicted,0.4,5,4,CCGCGCTCGACACCATCCTG,1,1843716
hyuA_predicted,1.2,9,4,CCGCAATCCCCGAGTGGAGA,5,1875299
hyuA_predicted,3.8,22,4,CCGAGTACACAATTCCCTGC,18,1845064
hyuA_predicted,1.8,12,4,CCCTTAAGGCTGGGAGAAAT,8,1856035
hyuA_predicted,0.8,7,4,CCCCCAGTGTGGAAACGATG,3,1876229
hyuA_predicted,2.8,17,4,CCATGTTGTTTGATCTCGTG,13,1853924
hyuA_predicted,2.8,17,4,CCAGGGGCAGCGCTACGCGG,13,1854394
hyuA_predicted,2.4,15,4,CCACGTTGTGGCGTTGTTTT,11,1855652
hyuA_predicted,3.6,21,4,CAGGCACAAACTGTTTGTGG,17,1847768
hyuA_predicted,1.0,8,4,CAGAGCAAACTACAACGCGT,4,1846456
hyuA_predicted,3.4,20,4,CACGTGATTATCATTGTAGA,16,1865848
hyuA_predicted,3.0,18,4,CAATAACTGGCGGAAAATTA,14,1836248
hyuA_predicted,2.2,14,4,CAAGCGAAGTTTCTCTTTAA,10,1842687
hyuA_predicted,3.2,19,4,CAAGAAGCACTTTTATATAG,15,1849571
hyuA_predicted,4.2,24,4,ATTCTTAGAAGATTTGGCAG,20,1874411
hyuA_predicted,0.6,6,4,ATTCTCAAGTCTCAAAACTT,2,1856626
hyuA_predicted,1.2,9,4,ATTCACATAAACACGGTTAA,5,1871383
hyuA_predicted,0.4,5,4,ATTAAATGTGTTCTCTACCC,1,1862781
hyuA_predicted,2.2,14,4,ATGTGCTCTGTGTCCGTCCA,10,1848135
hyuA_predicted,3.8,22,4,ATGGGAAGATACGTACCAGA,18,1861054
hyuA_predicted,5.6,31,4,ATGCGATGTGGGTGGGGATA,27,1844780
hyuA_predicted,5.0,28,4,ATGAGCGGAGGAACAGGATA,24,1852049
hyuA_predicted,2.6,16,4,ATCTGCATTAGAAATCACAC,12,1845098
hyuA_predicted,3.4,20,4,ATCATATTATGTTTGTTTCT,16,1867596
hyuA_predicted,3.2,19,4,ATCAAGCGGCGACAGTACGA,15,1829444
hyuA_predicted,2.6,16,4,ATCAACAGGCGCGTAATCGT,12,1832395
hyuA_predicted,3.8,22,4,ATAGTTGGCGGTTCTCCGCA,18,1872663
hyuA_predicted,9.4,50,4,AGTTGTAGGCGGGGTCCAGC,46,1852819
hyuA_predicted,5.0,28,4,AGTGGGGTGCGAAAGGTGCA,24,1855969
hyuA_predicted,5.6,31,4,AGTGAGAATCCGGTAAACCC,27,1857379
hyuA_predicted,7.6,41,4,AGTCTTGATTTACGGTCGAG,37,1847145
hyuA_predicted,1.8,12,4,AGTCAATGACGGCTTTGCCC,8,1841953
hyuA_predicted,3.2,19,4,AGCTTGTCGGTACGTCTCAG,15,1877847
hyuA_predicted,5.6,31,4,AGCTGCATATAGACAATCCT,27,1834586
hyuA_predicted,2.6,16,4,AGCCTCAGGATTAGCTGAAT,12,1871364
hyuA_predicted,1.0,8,4,AGCATCGGACACGCATCTGT,4,1831381
hyuA_predicted,1.6,11,4,AGACTTTCTCTCTCTTCCAA,7,1850732
hyuA_predicted,1.2,9,4,AGAAGGTCACCAAAGCTGTT,5,1874076
hyuA_predicted,2.4,15,4,ACTTTGATTGCCTAGATAAC,11,1843001
hyuA_predicted,2.0,13,4,ACTGTCCCATCGAAACTCAT,9,1861530
hyuA_predicted,5.8,32,4,ACTCATATACACTATTGAAC,28,1858268
hyuA_predicted,0.6,6,4,ACCTCTTTAATTATTGGGGC,2,1870293
hyuA_predicted,0.8,7,4,ACCTCTTGGATCTTTACTTG,3,1836997
hyuA_predicted,1.4,10,4,ACCGTGAGTATATCAACCAC,6,1871146
hyuA_predicted,6.6,36,4,ACATATACGACATTGAATTC,32,1836921
hyuA_predicted,2.6,16,4,ACAGCTTGCCTGTGATCGAA,12,1851633
hyuA_predicted,2.8,17,4,ACAACTAAGCGCAAAACGTA,13,1841750
hyuA_predicted,2.4,15,4,AATTGGTCTGACCGAACCCC,11,1868807
hyuA_predicted,4.4,25,4,AATCTGGCATAACGACGGCA,21,1852729
hyuA_predicted,4.0,23,4,AATAAGCCGGGTATCAGATA,19,1861975
hyuA_predicted,1.0,8,4,AAGTTTTCCTACTCCGCGTG,4,1847999
hyuA_predicted,3.0,18,4,AAGTGATCTGCGAGTTGTCA,14,1845517
hyuA_predicted,3.0,18,4,AAGAGCTGGGACGTCCGGAA,14,1831405
hyuA_predicted,3.0,18,4,AAGACGTGTAGGATATAATC,14,1868710
hyuA_predicted,4.4,25,4,AACCCAAAATCGTCCAATCC,21,1855599
hyuA_predicted,1.0,8,4,AACATATCTTCGAAAAAGAC,4,1861147
hyuA_predicted,2.6,16,4,AAACTCGGATAAAGTCATCA,12,1850104
hyuA_predicted,3.25,15,3,TTTGCGATTCACTCAAACCC,12,1841094
hyuA_predicted,2.25,11,3,TTTCTGAGGAGGACTAACTG,8,1873752
hyuA_predicted,5.5,24,3,TTTAAGATGCATAAAAAGTC,21,1830952
hyuA_predicted,5.75,25,3,TTGGAGTGGTGACGCGGGGG,22,1835599
hyuA_predicted,3.25,15,3,TTGCTCATTTCCTGAACCCA,12,1847874
hyuA_predicted,1.5,8,3,TTCTTGGGGCCGCTCCAGGT,5,1855334
hyuA_predicted,4.5,20,3,TTCGATTATTTGCACTGCAG,17,1834817
hyuA_predicted,3.25,15,3,TTATCCCTGATTTCCGTGCG,12,1848743
hyuA_predicted,5.0,22,3,TTAATGTGGATTAGTGACGC,19,1835047
hyuA_predicted,2.25,11,3,TTAAGATATAAAACACCCAA,8,1871469
hyuA_predicted,1.75,9,3,TGTTTAAAGCCCTAAACTAC,6,1835750
hyuA_predicted,4.25,19,3,TGGGCGTCACCTCCCGTGAC,16,1830546
hyuA_predicted,2.0,10,3,TGGCTAGCAATTTTGGTAGT,7,1860471
hyuA_predicted,11.5,48,3,TGCCAGCCATAGGGTGCCCG,45,1833545
hyuA_predicted,2.75,13,3,TGATTCGGTGCTACCATAGC,10,1863150
hyuA_predicted,0.75,5,3,TGAAGGGCCGGCGTATGGTG,2,1840494
hyuA_predicted,3.0,14,3,TCTTCCAATTTGCTAGCCTA,11,1836619
hyuA_predicted,4.0,18,3,TCTGACATTGTTCTCTCAAT,15,1857461
hyuA_predicted,1.5,8,3,TCTCGACGGCCCTTGGCGGG,5,1862577
hyuA_predicted,0.75,5,3,TCGATTCATCCACTAAGACT,2,1851649
hyuA_predicted,1.5,8,3,TCCTCCATTCAGCAGTTGGT,5,1845270
hyuA_predicted,0.75,5,3,TCCTCAGTCAAGGCCCAGAG,2,1869308
hyuA_predicted,2.75,13,3,TCCGCGACGAAGGTTAAAGC,10,1851273
hyuA_predicted,4.75,21,3,TCCATGATAGCAACATTGCT,18,1829898
hyuA_predicted,2.0,10,3,TCCAAGGGTTCTAATCGGTT,7,1858804
hyuA_predicted,2.75,13,3,TCATGTGCTCGACGGATATC,10,1872681
hyuA_predicted,1.0,6,3,TATTAATGAAGCGGGTGAAC,3,1860254
hyuA_predicted,1.5,8,3,TATCCGAAAGCCTTCGACGT,5,1870970
hyuA_predicted,1.75,9,3,TACTGCCTGTGCCTTCATAC,6,1831043
hyuA_predicted,4.5,20,3,TACGAGTAGTAGGTGGCACT,17,1843936
hyuA_predicted,3.75,17,3,TAAGCGATTTATCTCCTGTA,14,1837102
hyuA_predicted,0.75,5,3,TAAAGGTATGGTGTCAGTAT,2,1862458
hyuA_predicted,0.5,4,3,TAAACTGAGAGTCTAGCTCT,1,1856114
hyuA_predicted,3.25,15,3,GTTAGCCGGCTATTGACTTT,12,1857651
hyuA_predicted,4.75,21,3,GTTAAGCGTTATTGAGTGTC,18,1874814
hyuA_predicted,2.75,13,3,GTGATCTGGAGTATCGTGCA,10,1842519
hyuA_predicted,2.0,10,3,GTCTGACTCGAGAATCGGGA,7,1829398
hyuA_predicted,2.5,12,3,GTCCAAGTTGGTCCCCCACA,9,1845246
hyuA_predicted,4.25,19,3,GTATAGCATTCCCCTGCCTG,16,1854710
hyuA_predicted,0.5,4,3,GTAGGTCCCGCACTACTGTC,1,1871203
hyuA_predicted,1.25,7,3,GGTGTCACCGTGTTGCGGTC,4,1849609
hyuA_predicted,2.25,11,3,GGTGAGTGGGTGGAATTGGA,8,1843956
hyuA_predicted,0.5,4,3,GGTCTTTAACGTCGCAATCT,1,1855853
hyuA_predicted,4.25,19,3,GGTCATCAGGCGGCGGGCAT,16,1839691
hyuA_predicted,2.5,12,3,GGGTGTGAATACAGATCGAA,9,1866527
hyuA_predicted,2.25,11,3,GGGCGCATTTTGCTACTGAC,8,1848018
hyuA_predicted,2.0,10,3,GGCCCCCTATTAGTCTAACG,7,1844538
hyuA_predicted,2.0,10,3,GGACGGTCTGCGGAACTCCC,7,1855320
hyuA_predicted,2.5,12,3,GCTTGCTATGCAGATGTTCC,9,1831460
hyuA_predicted,0.75,5,3,GCGTATCGCGGCACAAGTCA,2,1873821
hyuA_predicted,12.0,50,3,GCGCACTCCTGGATGTGACA,47,1833048
hyuA_predicted,1.25,7,3,GCGAGGTCCCTTTAGATAAT,4,1873763
hyuA_predicted,4.0,18,3,GCGAAGTCCAGAACTGTAGA,15,1837463
hyuA_predicted,8.5,36,3,GCCTATATCTGTCTGCTAGC,33,1847934
hyuA_predicted,0.5,4,3,GCCACATTAAGAACGAAAAG,1,1851242
hyuA_predicted,1.5,8,3,GATTTCCCATAGGGGGAGTA,5,1846061
hyuA_predicted,3.5,16,3,GAGTAACCTAGATTGGGCGC,13,1875135
hyuA_predicted,0.5,4,3,GAGGCCAAGTCGCATCCAGA,1,1840697
hyuA_predicted,2.25,11,3,GACTTACGATCGTGCCTTAC,8,1858093
hyuA_predicted,8.75,37,3,GACACCATTGTTTGGGGGTA,34,1854832
hyuA_predicted,1.0,6,3,GAATGTTACATTGTCCTGAG,3,1872319
hyuA_predicted,4.75,21,3,GAATCTTCGAGCATTAACAT,18,1869014
hyuA_predicted,2.0,10,3,GAATAGTGTCCATTAGATCA,7,1835144
hyuA_predicted,4.0,18,3,GAACGTGCAGCGTCCCTTCC,15,1832969
hyuA_predicted,4.0,18,3,GAACAAGGACTCCCGGATCG,15,1838494
hyuA_predicted,2.5,12,3,CTTGACGGTGGTCTCTCTAT,9,1844192
hyuA_predicted,2.5,12,3,CTTGACACCGCTATGTCTCC,9,1877344
hyuA_predicted,1.75,9,3,CTTCGGGTGGTTATTTTCGT,6,1848992
hyuA_predicted,0.5,4,3,CTTCAAGTCTGCTCTTCTTG,1,1851522
hyuA_predicted,1.5,8,3,CTCCGTATAACGATTCCCCT,5,1837111
hyuA_predicted,1.0,6,3,CTATTTGAATAAGCAGCTAT,3,1847706
hyuA_predicted,2.0,10,3,CTACGACATCCGCTGTGGGT,7,1876808
hyuA_predicted,2.75,13,3,CGTGTCCTGTCAGGCGTGAC,10,1838168
hyuA_predicted,3.25,15,3,CGTGAGAATCATTGCGATTG,12,1835577
hyuA_predicted,5.25,23,3,CGTCAAGTCAGCTGTCTTGA,20,1830172
hyuA_predicted,5.75,25,3,CGGTCGCAAGAGTGGGTGCC,22,1840734
hyuA_predicted,3.5,16,3,CGGTAGACGGCAATAATAGA,13,1829821
hyuA_predicted,3.5,16,3,CGGTAAAAACCGCACTTGCG,13,1854532
hyuA_predicted,0.5,4,3,CGGAATTTCCGCGGGCGTTG,1,1852768
hyuA_predicted,3.0,14,3,CGCATCATGTTTCCGCTATG,11,1848027
hyuA_predicted,2.0,10,3,CGAGGGTGCACGACGCACCA,7,1876430
hyuA_predicted,4.75,21,3,CCTTGACTGTCCGACCTGTT,18,1853600
hyuA_predicted,16.0,66,3,CCTGTCGGTTCTGAAGCGAA,63,1834564
hyuA_predicted,2.25,11,3,CCTGTCGGTCAATTACTACT,8,1833685
hyuA_predicted,2.75,13,3,CCGTCACTTTTGCCGGACAC,10,1845954
hyuA_predicted,5.5,24,3,CCCCTTCAGCCTCTGTAACT,21,1829558
hyuA_predicted,3.5,16,3,CCCCCGTGCCTTGGGTTATA,13,1867464
hyuA_predicted,0.5,4,3,CCATATCTACCTTAAGTAAT,1,1839955
hyuA_predicted,0.5,4,3,CAGTTTAACAGGGAACCCTC,1,1834277
hyuA_predicted,4.0,18,3,CAGGATCCTTCCAGGTCACC,15,1851921
hyuA_predicted,1.25,7,3,CAGAGGTGCGCATTGGAATA,4,1852140
hyuA_predicted,1.0,6,3,CACTGAACGGCAACCTAATG,3,1848126
hyuA_predicted,4.25,19,3,CACGGACTTTGGTCGAATTG,16,1871449
hyuA_predicted,3.0,14,3,CACGAGTATAGGTTCAACTG,11,1875655
hyuA_predicted,1.5,8,3,CAATTATCACCATCTCCCTC,5,1839650
hyuA_predicted,1.5,8,3,CAATGGGTTCGAACGTATTA,5,1837461
hyuA_predicted,0.5,4,3,CAACTGTCAGTATGAAATAA,1,1868355
hyuA_predicted,3.75,17,3,CAACGCCTTAGCATCTCTTT,14,1837284
hyuA_predicted,1.25,7,3,CAAACCGATCTTGTCCAAGC,4,1860890
hyuA_predicted,3.5,16,3,ATTGGAAGTCTACCTTTAGC,13,1873892
hyuA_predicted,1.75,9,3,ATTGAGTGCCTGTAGTGCCC,6,1832843
hyuA_predicted,0.5,4,3,ATGTACGTGTTACATGCACT,1,1836948
hyuA_predicted,4.25,19,3,ATGCGACTTTTCTCACCATA,16,1870967
hyuA_predicted,3.5,16,3,ATCGTTTCAACCAATCCGAC,13,1845050
hyuA_predicted,5.5,24,3,ATATACATTGTTCACCATTT,21,1859636
hyuA_predicted,3.25,15,3,ATAGTAAGAGTGAGTGAGAC,12,1875004
hyuA_predicted,9.75,41,3,ATAGGGACGTTCACCCGCGT,38,1848200
hyuA_predicted,3.75,17,3,ATACGCACAGTTGCTGCTGG,14,1856039
hyuA_predicted,8.0,34,3,ATACCGTTGACGGATAAGTA,31,1843918
hyuA_predicted,1.75,9,3,ATAATACCGCCGGATTACTA,6,1870985
hyuA_predicted,6.25,27,3,AGGGGCGGAAAACCTGTGCA,24,1836610
hyuA_predicted,0.75,5,3,AGGGAGGAGGGGGTGGATTT,2,1839109
hyuA_predicted,2.0,10,3,AGGCATTCACGCCACAGGCA,7,1837645
hyuA_predicted,2.75,13,3,AGGACGGTTGTATTATGGAC,10,1856145
hyuA_predicted,5.25,23,3,AGCGAGCCCTGAAGTAAGGG,20,1860094
hyuA_predicted,2.5,12,3,AGCATACTGGACACTTGATG,9,1875521
hyuA_predicted,5.0,22,3,AGATGAAATACGCAACGGAA,19,1863040
hyuA_predicted,2.5,12,3,ACTTATCATTGTACAGCTGT,9,1831894
hyuA_predicted,4.75,21,3,ACTCGCCCGTTTGCCAACCA,18,1831319
hyuA_predicted,5.25,23,3,ACTATCAGCTCGCGGCTCTA,20,1875557
hyuA_predicted,5.0,22,3,ACTAGAGAATCGACGGTAAA,19,1876924
hyuA_predicted,3.0,14,3,ACGGTCAAAACTGCGCGCGA,11,1865009
hyuA_predicted,2.5,12,3,ACGCGTCGTGCGGCTGGAGC,9,1856743
hyuA_predicted,1.75,9,3,ACGATTAGACTATTGCTTCT,6,1861816
hyuA_predicted,4.25,19,3,ACCTTCTTACCTGCCAGCAT,16,1852630
hyuA_predicted,2.0,10,3,ACCGGACCGTGAAATACCTT,7,1829588
hyuA_predicted,1.75,9,3,ACCACAGGCAATTAGGTGCT,6,1871899
hyuA_predicted,5.0,22,3,ACAATGCTAAATCTTTGGTC,19,1852899
hyuA_predicted,2.0,10,3,AATAACGGGACGCACGTCAA,7,1868155
hyuA_predicted,0.5,4,3,AAGTTAGGACGGACAAGTAG,1,1866797
hyuA_predicted,2.5,12,3,AACTCTCCGCTTTCCCCGGA,9,1854106
hyuA_predicted,4.75,21,3,AACGGATATGAGGGTGGTAA,18,1875191
hyuA_predicted,0.5,4,3,AACGATTTACCGGACAGCGG,1,1858820
hyuA_predicted,0.5,4,3,AACCAAGCGGGCACGAAGCG,1,1872178
hyuA_predicted,3.0,14,3,AAACAGTCATGATCATAAAC,11,1849701
hyuA_predicted,4.25,19,3,AAAAAACAAATTGCTAATAT,16,1875376
hyuA_predicted,2.0,7,2,TTGATACTCGTGTAGGGTAA,5,1862921
hyuA_predicted,0.6666666666666666,3,2,TTCGTAGGCCCTGACTATAA,1,1847185
hyuA_predicted,5.0,16,2,TTAGTGGCTGTGACGGGCAT,14,1834392
hyuA_predicted,9.333333333333334,29,2,TTACTGAAATCTGTTTTGCT,27,1869972
hyuA_predicted,1.6666666666666667,6,2,TTAAACGCAACCAACATACT,4,1837193
hyuA_predicted,0.6666666666666666,3,2,TGTAACAATAATGGCGATCT,1,1831510
hyuA_predicted,1.3333333333333333,5,2,TGGTATGGTATAAGCAATCC,3,1834442
hyuA_predicted,4.0,13,2,TGGCCCGTAGTTATGCTTGC,11,1832907
hyuA_predicted,1.6666666666666667,6,2,TGGATGGTCCGTACGACCCC,4,1832917
hyuA_predicted,2.6666666666666665,9,2,TGGATCTTACGAACGGGCGT,7,1870660
hyuA_predicted,1.6666666666666667,6,2,TGCCACATGTATTTACCTAA,4,1851931
hyuA_predicted,1.3333333333333333,5,2,TGCACCATGTTGTCTGACGT,3,1838025
hyuA_predicted,1.3333333333333333,5,2,TGATGCAAGTAGACCGTAGT,3,1842242
hyuA_predicted,0.6666666666666666,3,2,TGATCACATTAATGCAGCGC,1,1868019
hyuA_predicted,5.666666666666667,18,2,TGACCAGCAAAACAGATACT,16,1856294
hyuA_predicted,3.6666666666666665,12,2,TCTGCCTTGGGCTACATCTA,10,1863503
hyuA_predicted,8.333333333333334,26,2,TCGGGGGAACCAAAATGATA,24,1845467
hyuA_predicted,5.666666666666667,18,2,TCGGGCCTGATGTCTTAGTT,16,1870311
hyuA_predicted,5.666666666666667,18,2,TCCTCGGGGATAGAGCTCTC,16,1848219
hyuA_predicted,5.666666666666667,18,2,TCACTCGCTTGCGTACATTC,16,1875124
hyuA_predicted,3.3333333333333335,11,2,TCACGTGAGTATATCTATCA,9,1859269
hyuA_predicted,1.6666666666666667,6,2,TATGCGAACTAAAATTGAAC,4,1857319
hyuA_predicted,2.0,7,2,TATCCTCTATACAGAACTTT,5,1844377
hyuA_predicted,4.0,13,2,TATATGGACTGCCCAGTCGC,11,1856699
hyuA_predicted,4.666666666666667,15,2,TATAACCACCGCCCAGTGAA,13,1848654
hyuA_predicted,6.0,19,2,TAGAATGGCTTTGTCACTCA,17,1845521
hyuA_predicted,2.3333333333333335,8,2,TAGAATATCTCCGTCAAAAA,6,1865381
hyuA_predicted,6.333333333333333,20,2,TACTCACTCTGGAAGAGACC,18,1858858
hyuA_predicted,2.6666666666666665,9,2,TAAGTGGCGCAAGTACATTT,7,1847873
hyuA_predicted,7.0,22,2,TAACCAAGAGACTAGATCAC,20,1867585
hyuA_predicted,2.6666666666666665,9,2,TAACAACCCAGCTAATCGAG,7,1873276
hyuA_predicted,1.0,4,2,TAAAAACCCCGAAAGCGTGC,2,1865386
hyuA_predicted,1.3333333333333333,5,2,GTTACAATGCCCGGAGACAC,3,1859476
hyuA_predicted,5.0,16,2,GTTAAGTATTGTATCGCTCT,14,1830315
hyuA_predicted,2.6666666666666665,9,2,GTTAACGCGGTCACCGACAC,7,1866121
hyuA_predicted,5.666666666666667,18,2,GTGTATGAGATGTAAATAAA,16,1856319
hyuA_predicted,2.3333333333333335,8,2,GTGGAACGTAGTTAGGGGAA,6,1831120
hyuA_predicted,7.333333333333333,23,2,GTGCTGCATGACCATCGATC,21,1839849
hyuA_predicted,1.0,4,2,GTGAACGTTTTGCAAACTAC,2,1862763
hyuA_predicted,4.0,13,2,GTCTTACGGGCCGCCAGTTG,11,1859828
hyuA_predicted,3.3333333333333335,11,2,GTCTCTACGCAAATATCGCG,9,1832625
hyuA_predicted,3.6666666666666665,12,2,GTCGGGGTAGGACCTAGAAG,10,1842910
hyuA_predicted,1.6666666666666667,6,2,GTCCACGGAGGCTCATTCTC,4,1873285
hyuA_predicted,2.6666666666666665,9,2,GTATACATGGCGTTGTCCAG,7,1848379
hyuA_predicted,5.333333333333333,17,2,GTAGTGACCTAAGCGACTGA,15,1873227
hyuA_predicted,12.666666666666666,39,2,GTAGCACTCGGGTGGCCGGT,37,1852206
hyuA_predicted,6.666666666666667,21,2,GGTGGATATATATACTCATA,19,1842158
hyuA_predicted,8.0,25,2,GGTCGGTGATGACCGCGTAA,23,1842058
hyuA_predicted,6.333333333333333,20,2,GGTCCAAATCAGCTAGTCCG,18,1852651
hyuA_predicted,3.6666666666666665,12,2,GGTATGCACATGATAAACGG,10,1866720
hyuA_predicted,3.0,10,2,GGGGCTACACATCCTCTCCT,8,1829808
hyuA_predicted,5.0,16,2,GGGGCCACTAAGTGTTTCGA,14,1850827
hyuA_predicted,2.6666666666666665,9,2,GGCACACGCAATTTGGAAAT,7,1832409
hyuA_predicted,3.3333333333333335,11,2,GGAAGTTACCATTATTACCC,9,1874103
hyuA_predicted,3.3333333333333335,11,2,GCGTCTGGTGGATCTAGTGC,9,1831389
hyuA_predicted,2.6666666666666665,9,2,GCGGACACAGCATGGATTGT,7,1874278
hyuA_predicted,3.0,10,2,GCGCTGTTGGGTGCTCGTAA,8,1842409
hyuA_predicted,1.3333333333333333,5,2,GCGAGTTTCACATGCAATTG,3,1842727
hyuA_predicted,2.3333333333333335,8,2,GCCCACAGCCGACTCTGAGC,6,1855800
hyuA_predicted,3.0,10,2,GCCATCTTCTGAGGGCAATA,8,1835819
hyuA_predicted,9.0,28,2,GCCACACGCCCTTAGCGTTG,26,1835466
hyuA_predicted,1.0,4,2,GCCAAATTGCATGTGGGTTT,2,1840566
hyuA_predicted,0.6666666666666666,3,2,GCATGGCCTACCAAAATACC,1,1837495
hyuA_predicted,0.6666666666666666,3,2,GCAGTAGGCACTAGATAGAT,1,1863932
hyuA_predicted,5.333333333333333,17,2,GCACTGCATGGGGCAAAAGT,15,1846980
hyuA_predicted,1.6666666666666667,6,2,GAGTGATCGTTCACTTATAG,4,1855971
hyuA_predicted,3.3333333333333335,11,2,GAGTAGAGCGTTTAGCGATG,9,1859246
hyuA_predicted,3.3333333333333335,11,2,GACGTTAAAATGTTGCGGGT,9,1855475
hyuA_predicted,3.3333333333333335,11,2,GACGGATAGTACCCTTTCGC,9,1831410
hyuA_predicted,5.0,16,2,GACACGTCCGAAATGTATAA,14,1831963
hyuA_predicted,5.0,16,2,CTTCGTCCAATCGCCGGTAA,14,1859420
hyuA_predicted,3.6666666666666665,12,2,CTTCATCTAGAGTAACCAAA,10,1850226
hyuA_predicted,0.6666666666666666,3,2,CTGTCCCTTGATCATGGCGG,1,1864614
hyuA_predicted,5.666666666666667,18,2,CTGAGAAAACTCCAGGGGCA,16,1829611
hyuA_predicted,6.333333333333333,20,2,CTATGGAAGTTCAACACTTC,18,1837467
hyuA_predicted,0.6666666666666666,3,2,CTACTAGGAGATGAGCTCCG,1,1839472
hyuA_predicted,2.3333333333333335,8,2,CTACGTACAAAACGTTTGCT,6,1863720
hyuA_predicted,6.333333333333333,20,2,CTAATGTAGTGCCACAATCG,18,1847582
hyuA_predicted,2.6666666666666665,9,2,CTAACAAACCGTGTGGAGGG,7,1855657
hyuA_predicted,0.6666666666666666,3,2,CGTGGCTAAAATGCGCCCTT,1,1873754
hyuA_predicted,8.0,25,2,CGTGAAGATCCTCAGTTGTC,23,1846108
hyuA_predicted,2.6666666666666665,9,2,CGTAGCTGCGGCCAGCCTTG,7,1874305
hyuA_predicted,3.0,10,2,CGGCGTTGCTAATCAGTTAG,8,1856490
hyuA_predicted,1.6666666666666667,6,2,CGCTTGAAAGATGTAAGGTG,4,1857686
hyuA_predicted,1.6666666666666667,6,2,CGCGACACGGTCCACGGGGA,4,1832358
hyuA_predicted,3.6666666666666665,12,2,CGCATCTTAGAGGTGCGCTA,10,1842481
hyuA_predicted,4.666666666666667,15,2,CGAGGTGCGCGTTTACAGTA,13,1869903
hyuA_predicted,3.6666666666666665,12,2,CGAGCGGTCCTGGACGGTCG,10,1832794
hyuA_predicted,3.6666666666666665,12,2,CGACGGGGTAAGCTCGATCA,10,1837347
hyuA_predicted,0.6666666666666666,3,2,CGAAGCTAGGCACCAACGCT,1,1845392
hyuA_predicted,2.6666666666666665,9,2,CGAAAATAATACTCAGAGAT,7,1864567
hyuA_predicted,1.6666666666666667,6,2,CCTTGGCATAAGGGAGCAGT,4,1860352
hyuA_predicted,3.0,10,2,CCTGGTAACTTTACTTCCTC,8,1861133
hyuA_predicted,3.6666666666666665,12,2,CCGGTAGTTTTATGCGTCCT,10,1868341
hyuA_predicted,6.666666666666667,21,2,CCGGCGCTCCCCCCTAACGG,19,1841834
hyuA_predicted,5.333333333333333,17,2,CCGCAATCTCGAATCGGGTC,15,1867606
hyuA_predicted,3.6666666666666665,12,2,CCGACCTGAACCAGGAAATC,10,1839117
hyuA_predicted,0.6666666666666666,3,2,CCCTCCCGCAAGTATATGGG,1,1846002
hyuA_predicted,3.6666666666666665,12,2,CCCGCGTTTACAACCCTCAG,10,1835657
hyuA_predicted,0.6666666666666666,3,2,CCCGCCAGGATATACCACTG,1,1833607
hyuA_predicted,1.0,4,2,CCCCGAGCTTGCGGGATAAC,2,1836224
hyuA_predicted,11.666666666666666,36,2,CCCAGGGGAACCCGATTATT,34,1840667
hyuA_predicted,1.3333333333333333,5,2,CCCAGATCACTTGTTGGAAA,3,1865074
hyuA_predicted,4.0,13,2,CCCACAAGTTGCCCACTCGG,11,1833010
hyuA_predicted,0.6666666666666666,3,2,CCAGTCTTGGAGCCGGTGGC,1,1863529
hyuA_predicted,9.666666666666666,30,2,CCAGACAGGTCTTTCAACCT,28,1869511
hyuA_predicted,6.0,19,2,CCACGGACGATCGTCCCTAC,17,1861959
hyuA_predicted,3.0,10,2,CCAACGGCTCATAGCAATCG,8,1862255
hyuA_predicted,2.0,7,2,CATGTATAATTTAATGAAAG,5,1849483
hyuA_predicted,6.333333333333333,20,2,CATGAGGCGCGCTTCGCAGA,18,1841379
hyuA_predicted,0.6666666666666666,3,2,CATCGCAATTTAAGCACAGC,1,1854875
hyuA_predicted,2.6666666666666665,9,2,CATAATCCCTGCATCATCTG,7,1829186
hyuA_predicted,1.3333333333333333,5,2,CAGGTTTATCCGTTTCCAAA,3,1858348
hyuA_predicted,4.333333333333333,14,2,CACGGCCATATCGAATTCTA,12,1863993
hyuA_predicted,2.3333333333333335,8,2,CAAGAATGCGCAAACCAGAC,6,1860478
hyuA_predicted,3.0,10,2,CAACGGTAACGCAGACCGTT,8,1863406
hyuA_predicted,0.6666666666666666,3,2,CAACCGATCCGAACGTTTCC,1,1871737
hyuA_predicted,15.0,46,2,ATTTGGTATAGGACTTAAGT,44,1868111
hyuA_predicted,4.0,13,2,ATTCGCCTGCGTTGAAACTA,11,1871395
hyuA_predicted,2.6666666666666665,9,2,ATTCGATCTTGACAACTCGT,7,1855848
hyuA_predicted,1.6666666666666667,6,2,ATTCCTTATGGTTGTTGTCC,4,1843000
hyuA_predicted,6.666666666666667,21,2,ATTACCCACACGGCGTTGAC,19,1830645
hyuA_predicted,3.0,10,2,ATCTGTTAGAACGGAAATGG,8,1857787
hyuA_predicted,5.666666666666667,18,2,ATATTCGCGACTAGCTTCGT,16,1856739
hyuA_predicted,4.333333333333333,14,2,ATAGGTTGTATGCGGTATGA,12,1858139
hyuA_predicted,3.0,10,2,ATAGCTTCCCTGCTTGCAAC,8,1858772
hyuA_predicted,3.6666666666666665,12,2,AGTGTTTAGTAACGTACGGC,10,1875760
hyuA_predicted,3.6666666666666665,12,2,AGTGGCATGGGGCCCAGTCT,10,1853562
hyuA_predicted,8.333333333333334,26,2,AGGCTAGTGGGGGTCATCTT,24,1851032
hyuA_predicted,1.6666666666666667,6,2,AGGACCCACTCATAACGGAC,4,1844444
hyuA_predicted,3.3333333333333335,11,2,AGATTTCGCGCGTCCTGTTC,9,1844680
hyuA_predicted,8.666666666666666,27,2,AGATTAAAGAGCGGTCGTCG,25,1831517
hyuA_predicted,0.6666666666666666,3,2,AGACGAGGCCTCCGAGCGGC,1,1840076
hyuA_predicted,1.0,4,2,AGACCCATTCAATGGCGGCA,2,1860402
hyuA_predicted,4.666666666666667,15,2,ACTTGAGGGGCTTAGGAAAC,13,1867277
hyuA_predicted,2.6666666666666665,9,2,ACTGGAGACCAAGTGCCGTG,7,1840317
hyuA_predicted,4.666666666666667,15,2,ACGTCTTACGCGCATGTACG,13,1831079
hyuA_predicted,7.333333333333333,23,2,ACGGGTGCAGCGGTGGAGTT,21,1853104
hyuA_predicted,3.3333333333333335,11,2,ACGCAGTAGCAGCATGCTGA,9,1845718
hyuA_predicted,4.0,13,2,ACCTCCCATCTCGCTAAGCC,11,1831130
hyuA_predicted,5.0,16,2,ACACCCGGTCTACCACCTTG,14,1839842
hyuA_predicted,6.333333333333333,20,2,ACAATCACGAGTACCTGTCT,18,1851082
hyuA_predicted,2.3333333333333335,8,2,AACCTCCGGAGCCACTTCAC,6,1869780
hyuA_predicted,3.6666666666666665,12,2,AAAGGTGTTGTGGTTTCCCC,10,1856916
hyuA_predicted,12.5,25,1,TTTGTATCAACAGGTTATGC,24,1866087
hyuA_predicted,9.5,19,1,TTGGATGCGGGGACATAAGT,18,1841714
hyuA_predicted,6.5,13,1,TTGCTGCGGGAAAACAAGCC,12,1839233
hyuA_predicted,8.0,16,1,TTCGGCTGATTTTTGGCATT,15,1869908
hyuA_predicted,2.5,5,1,TTATTTGAATAGCCTGTCCT,4,1850003
hyuA_predicted,8.5,17,1,TTATCCCGACTGACCCACAG,16,1859018
hyuA_predicted,9.0,18,1,TGTTTTCGCTTACTCAGTTT,17,1859026
hyuA_predicted,5.5,11,1,TGTTGTTGTAAGACAGAGAT,10,1854779
hyuA_predicted,7.0,14,1,TGTTGCCGGTGAAGAAGCAT,13,1866150
hyuA_predicted,4.0,8,1,TGGTTGGCCAGCTTCTTAAG,7,1853523
hyuA_predicted,3.0,6,1,TGGGTACGAGGTAAGCCGGT,5,1852710
hyuA_predicted,5.0,10,1,TGGCTTGGGGAAATGTGCTA,9,1847678
hyuA_predicted,6.5,13,1,TGGAAGTAGAGGGACCTGTA,12,1844298
hyuA_predicted,4.0,8,1,TGCGCGTTAGTAAGTCTCTG,7,1867034
hyuA_predicted,16.0,32,1,TGAGCGAAGCGCGAGTCCGC,31,1838371
hyuA_predicted,10.5,21,1,TGAAGTCTGCCTTTGGTAGT,20,1844526
hyuA_predicted,8.0,16,1,TCTTGGTCTCGATCTCATAA,15,1866339
hyuA_predicted,5.5,11,1,TCTCTTTACGTACCGGGGTA,10,1842350
hyuA_predicted,6.0,12,1,TCTCTCGAGCTGCCGATCAC,11,1841080
hyuA_predicted,1.0,2,1,TCGCAGAGGAATACTGACAA,1,1868769
hyuA_predicted,1.5,3,1,TCGACTCGTTGAATCCATAT,2,1861773
hyuA_predicted,7.0,14,1,TCGACGTGATCCTCCAGGAA,13,1872808
hyuA_predicted,5.0,10,1,TCGACATCCGTTAAATGTCG,9,1844375
hyuA_predicted,5.0,10,1,TCCGCATCCCAAATGATAAA,9,1843342
hyuA_predicted,1.0,2,1,TCCGATAACGGATCTCAACC,1,1829114
hyuA_predicted,6.0,12,1,TCCATCCCGGCCATAGCCAA,11,1829880
hyuA_predicted,5.5,11,1,TCATCATCTAGAGTTAATGT,10,1857852
hyuA_predicted,8.5,17,1,TCAGTGCCTGGGGTATCGTG,16,1842157
hyuA_predicted,8.5,17,1,TATTTCTCTATGATCTATCT,16,1847459
hyuA_predicted,8.0,16,1,TATGGCGGGGGACATCCTGA,15,1851544
hyuA_predicted,2.0,4,1,TATAGAACTGGCCGCGGGGG,3,1865059
hyuA_predicted,7.0,14,1,TAGAGCGCCCCTTTAACGTG,13,1840682
hyuA_predicted,2.0,4,1,TACCCAAATCGGCCCCTTAA,3,1846337
hyuA_predicted,9.0,18,1,TACCATGAGGTCCGATACTA,17,1841410
hyuA_predicted,1.0,2,1,TAAGCTCGCTAATTCCCCGT,1,1863450
hyuA_predicted,1.5,3,1,TAAAACGCCTAGGGGGTAAC,2,1877048
hyuA_predicted,1.5,3,1,GTTTGGTGTGTACACTCCCT,2,1837540
hyuA_predicted,3.0,6,1,GTGGGCATGCCGTTTCTCCG,5,1866017
hyuA_predicted,1.0,2,1,GTCTTACTCGCCCCGGAAGC,1,1858047
hyuA_predicted,6.0,12,1,GTAAACCATATTCACACAGA,11,1839741
hyuA_predicted,6.5,13,1,GGTTTATGAGTTAACGTACT,12,1835757
hyuA_predicted,8.0,16,1,GGTGGTTCCCTAACCTCCCA,15,1867694
hyuA_predicted,13.0,26,1,GGTGAGTCCGGCATCGCGTT,25,1874447
hyuA_predicted,3.0,6,1,GGTCGAGGATTGCGTATACC,5,1859147
hyuA_predicted,2.5,5,1,GGTCCCTAGCCCGGACATAA,4,1843795
hyuA_predicted,4.0,8,1,GGTAATTGGTTAAGCAGCTT,7,1866580
hyuA_predicted,2.0,4,1,GGGTCCCAGATCTCGAATTA,3,1870515
hyuA_predicted,6.5,13,1,GGCTCAGGGTCGCCCCCGGG,12,1829502
hyuA_predicted,5.0,10,1,GGCGACGCGCTGTGCTTCTA,9,1843934
hyuA_predicted,6.5,13,1,GGCGAACCGTCTAGGGGTTG,12,1856156
hyuA_predicted,3.5,7,1,GGAGGACAGCAACTCTGCAA,6,1834591
hyuA_predicted,9.0,18,1,GGAATCGGTTGGTCTGTTCA,17,1857406
hyuA_predicted,8.5,17,1,GGAAGGTTGCACTTCAGTAG,16,1871231
hyuA_predicted,8.0,16,1,GCTGCCGACCGCGTAGAAAA,15,1830647
hyuA_predicted,4.5,9,1,GCTCCGTCTTGGTGAGCCCT,8,1834438
hyuA_predicted,5.5,11,1,GCTAAGGAATGTTGCAAATC,10,1830730
hyuA_predicted,4.5,9,1,GCGTTCCCCATGTAATGCAT,8,1845501
hyuA_predicted,1.0,2,1,GCGTAACATGAGGGTCACGC,1,1875222
hyuA_predicted,1.0,2,1,GCGCAACGGAGTTCATTCCA,1,1830165
hyuA_predicted,3.5,7,1,GCGACTGTAACCCTACACGC,6,1857515
hyuA_predicted,13.0,26,1,GCCCAGGCAGTCTGCGGAGC,25,1839355
hyuA_predicted,8.5,17,1,GCCAAGGGGTCCGCGCCAGG,16,1859995
hyuA_predicted,2.0,4,1,GATGGACAGGCAGGCGGCGC,3,1852327
hyuA_predicted,7.0,14,1,GATCAAGTACATCACTAACT,13,1857240
hyuA_predicted,5.0,10,1,GATACGTTTACGGACAAGGA,9,1831827
hyuA_predicted,1.5,3,1,GAGGCTGGCGCTTCTTTTCT,2,1847323
hyuA_predicted,2.0,4,1,GAGCATCTGGTTAGGGGTCC,3,1861610
hyuA_predicted,5.0,10,1,GACCTCCCGACTTCTTACGT,9,1866372
hyuA_predicted,10.5,21,1,GACCGTTGCACACTACGTCC,20,1853927
hyuA_predicted,9.5,19,1,GAATTATTTCCTCACCTTAA,18,1846025
hyuA_predicted,6.5,13,1,GAATTAATCCAATGAGCGAA,12,1877554
hyuA_predicted,10.0,20,1,GAAGCGTACCGTCGGACCCG,19,1868377
hyuA_predicted,8.5,17,1,CTTGTCCGAACCCAGCCACG,16,1830171
hyuA_predicted,4.0,8,1,CTTCCCGGCCTCCTAAGTGT,7,1843866
hyuA_predicted,1.0,2,1,CTTCATAACTCAGGCGTCTG,1,1866018
hyuA_predicted,4.0,8,1,CTTATTTCTACAACCGTCGC,7,1839548
hyuA_predicted,4.5,9,1,CTTAAATTGCTCGCGGGTCA,8,1837335
hyuA_predicted,4.5,9,1,CTGGTTCCTGGGGCTCAAGT,8,1865470
hyuA_predicted,4.5,9,1,CTATCGTTAAGTTCTTCGAT,8,1859073
hyuA_predicted,10.5,21,1,CGTTAACGGGAACTCAGAGG,20,1866620
hyuA_predicted,8.0,16,1,CGGGGGCCATCTGACGGGCA,15,1871398
hyuA_predicted,8.5,17,1,CGGCCGGACTAACGGAAAGG,16,1848540
hyuA_predicted,10.0,20,1,CGGACACAACATAGAACGTT,19,1860667
hyuA_predicted,5.0,10,1,CGCTCGTCAGATATCCCCTG,9,1874096
hyuA_predicted,1.0,2,1,CGCAGCTGTTACACACCATC,1,1856570
hyuA_predicted,3.0,6,1,CCTGAATTCCTCGCGTAGCA,5,1856119
hyuA_predicted,9.5,19,1,CCTCTGGTTCCAGGAATGGA,18,1874379
hyuA_predicted,3.0,6,1,CCTATATACAGTCGAGAGGC,5,1837029
hyuA_predicted,2.5,5,1,CCGTCTAGTAGTCTTGTTAG,4,1873701
hyuA_predicted,6.5,13,1,CCGTACGCACTCCCGACGCG,12,1836338
hyuA_predicted,3.0,6,1,CCGCATCCGAGACTGCGTGA,5,1852189
hyuA_predicted,5.0,10,1,CCGACCTTCCTTCAAACAAC,9,1848679
hyuA_predicted,7.5,15,1,CCGAAGTATAGCGCGGGTAC,14,1875937
hyuA_predicted,5.5,11,1,CCCGCGCCGTATCGACAACA,10,1870141
hyuA_predicted,6.0,12,1,CCCGCATGCCCCTGTGGGGT,11,1850635
hyuA_predicted,1.0,2,1,CCCGAACGTAACCGCAAGAA,1,1841245
hyuA_predicted,7.0,14,1,CCCCCTGTACTCCAAACCCG,13,1837505
hyuA_predicted,5.5,11,1,CCCCATCTGGGTCGCCCTGG,10,1850409
hyuA_predicted,4.0,8,1,CCATTTCGATCGCCCACATA,7,1858052
hyuA_predicted,4.0,8,1,CCATCGAATCCATTCACATG,7,1861401
hyuA_predicted,1.0,2,1,CCAATTAACCGATCTGTTTT,1,1840087
hyuA_predicted,11.5,23,1,CAGTTAACAGGGGAGAGAGG,22,1851886
hyuA_predicted,5.0,10,1,CACAACGGTGAGATATCAAG,9,1857585
hyuA_predicted,13.0,26,1,CAACGCGAGCTAGCAGCGTA,25,1840503
hyuA_predicted,7.0,14,1,CAAAACTTATGCACTGGACG,13,1863299
hyuA_predicted,6.0,12,1,ATTTTCCGCAAGGGCTAATG,11,1846363
hyuA_predicted,6.0,12,1,ATTGGTGCCTTTTCTTCGAA,11,1839069
hyuA_predicted,8.0,16,1,ATTCAGGTCTTCCTAGGAAT,15,1876639
hyuA_predicted,9.0,18,1,ATGTGGCGCTTTATATATAT,17,1838567
hyuA_predicted,3.5,7,1,AGGTGATACGGGGCGCGAGC,6,1860058
hyuA_predicted,5.0,10,1,AGGGGGAGATGTTCAGTTTA,9,1853036
hyuA_predicted,10.0,20,1,AGGATAGCAGAAGACAAGTA,19,1853041
hyuA_predicted,4.5,9,1,AGGACGGCGATCACAAATTT,8,1870183
hyuA_predicted,6.0,12,1,AGCCTTAACAGTTTATGGAG,11,1855896
hyuA_predicted,4.0,8,1,ACTGTCCAAGGTGCCACGAC,7,1835838
hyuA_predicted,1.5,3,1,ACTCCGTTTGGCTACGAGAC,2,1840037
hyuA_predicted,1.0,2,1,ACGCCATTAGCGGTTACACG,1,1859313
hyuA_predicted,1.0,2,1,ACGCAAAAATCTCTGAGTCA,1,1875888
hyuA_predicted,2.5,5,1,ACCGTCTAAGATTGTACCAC,4,1833900
hyuA_predicted,8.0,16,1,ACCGTACTACCCACGGTTCA,15,1857629
hyuA_predicted,4.0,8,1,ACATTTAATAATCTCGCTGT,7,1842926
hyuA_predicted,7.0,14,1,ACAGTGCCTCGTTTAGTTCA,13,1875026
hyuA_predicted,6.0,12,1,ACAATCGTGAAGCGGGATGT,11,1833654
hyuA_predicted,15.5,31,1,ACAAGTCAACCATGTATCGA,30,1874589
hyuA_predicted,6.0,12,1,ACAAGGAATGCACGCTCACA,11,1853986
hyuA_predicted,5.0,10,1,ACAAGGAACAGGCGCTATAG,9,1845940
hyuA_predicted,10.5,21,1,AATTGTTGTAGTTATCGCCT,20,1872937
hyuA_predicted,1.0,2,1,AATTATAGAGCCCGGCAGCA,1,1829317
hyuA_predicted,10.5,21,1,AATCAGCAACTATCTTCCTA,20,1876955
hyuA_predicted,1.0,2,1,AAATTTCACGAACGAGTCCA,1,1865951
hyuA_predicted,5.5,11,1,AAATTAAGTAACGCACGGGT,10,1837764
hyuA_predicted,13.5,27,1,AAAGGCGAACTAGACACACA,26,1836930
hyuA_predicted,0.009009009009009009,110,110,GCGGCACTTAGGCAAGCCCA,0,1830681
hyuA_predicted,0.010309278350515464,96,96,ACCAGACAGCAAGTACTCTG,0,1851512
hyuA_predicted,0.010869565217391304,91,91,CGCTACTCACAAGAAAGAAA,0,1830583
hyuA_predicted,0.011235955056179775,88,88,AGAGACATGCGACTGAGACA,0,1868437
hyuA_predicted,0.011627906976744186,85,85,GTAAGCATGCTTCTCGCCAG,0,1829659
hyuA_predicted,0.012345679012345678,80,80,AGAAGCAAAACATATAGACA,0,1841915
hyuA_predicted,0.012658227848101266,78,78,TGCTAGTTTGTTTATATATG,0,1837643
hyuA_predicted,0.013513513513513514,73,73,GTAGAAGGATCACCTAGCGA,0,1835779
hyuA_predicted,0.013513513513513514,73,73,GCTATACGGCCAAATAACTA,0,1843493
hyuA_predicted,0.0136986301369863,72,72,CGCGGCGGTACCGCCTCTAG,0,1829640
hyuA_predicted,0.013888888888888888,71,71,GGCCTCAGGGAGGTAGGCTA,0,1840222
hyuA_predicted,0.014084507042253521,70,70,TGATCGATGGATGTTGACGT,0,1844255
hyuA_predicted,0.014492753623188406,68,68,TTGGACTCGTAATCAGAACA,0,1849339
hyuA_predicted,0.014925373134328358,66,66,GGAAATTATGGAGCAACTAG,0,1830241
hyuA_predicted,0.014925373134328358,66,66,AGTCTTCGATCGCAAGTTGA,0,1856393
hyuA_predicted,0.015151515151515152,65,65,GGTGCACAGTGAGCACTTAG,0,1858257
hyuA_predicted,0.015151515151515152,65,65,GATGGTTTGCGTGGGTGTGA,0,1845015
hyuA_predicted,0.015151515151515152,65,65,CAAGCCGTGAGTGATCATGA,0,1833973
hyuA_predicted,0.015151515151515152,65,65,ATGGAGTTGGTACGTCTGTT,0,1838326
hyuA_predicted,0.015384615384615385,64,64,CTGCTGTGGTAAGACGCGGT,0,1833229
hyuA_predicted,0.015384615384615385,64,64,CCTCTGAGGTATTGTGAAAT,0,1867984
hyuA_predicted,0.015625,63,63,CTACTCAGGTATTGAGGTAG,0,1861238
hyuA_predicted,0.015625,63,63,AGCACTAGACACATGTTGTA,0,1833715
hyuA_predicted,0.016129032258064516,61,61,TAATCGTAGCTTACTGTATA,0,1836396
hyuA_predicted,0.016129032258064516,61,61,GTCTTGGCAGACACTCGGTT,0,1866054
hyuA_predicted,0.01639344262295082,60,60,TCTCTACTGTCAGCCTGGTG,0,1846559
hyuA_predicted,0.01639344262295082,60,60,TCGTGGGCGTAAGAGGTTAA,0,1838886
hyuA_predicted,0.01639344262295082,60,60,GAGGACTATCAGACATGCGT,0,1830542
hyuA_predicted,0.01639344262295082,60,60,CCCCAGTGAATGTTGCTGCG,0,1845282
hyuA_predicted,0.016666666666666666,59,59,TGTCAGTGTATACCTCTCGA,0,1834120
hyuA_predicted,0.016666666666666666,59,59,TAAGGTATGATAGTAAGCTT,0,1867982
hyuA_predicted,0.016666666666666666,59,59,ATACAGACTGGTAATCATAA,0,1877671
hyuA_predicted,0.016666666666666666,59,59,ACTGGGGAGACTAGGCATAT,0,1831334
hyuA_predicted,0.01694915254237288,58,58,TAATATGGTTAGGTGGACGC,0,1868267
hyuA_predicted,0.01694915254237288,58,58,CTAGTCGGGGTCGTTAGGAG,0,1863927
hyuA_predicted,0.01694915254237288,58,58,CCAAGACTTTTGGTAGGGAA,0,1831442
hyuA_predicted,0.01694915254237288,58,58,ACCGTAGTGCAATCCTGGGG,0,1837499
hyuA_predicted,0.017241379310344827,57,57,TGTAGGGTGCCACCCTGGTT,0,1871796
hyuA_predicted,0.017241379310344827,57,57,AGTTCGTACAAAGGCAAGAG,0,1838870
hyuA_predicted,0.017543859649122806,56,56,CGTCCCCAATAGAAGACATT,0,1840822
hyuA_predicted,0.017543859649122806,56,56,CCCGGGAGATTTGCCTTCTT,0,1855552
hyuA_predicted,0.017543859649122806,56,56,CATCAGTCAAATCGCGCGAC,0,1839062
hyuA_predicted,0.017543859649122806,56,56,CAAGAGTGCAGATATTTCAT,0,1848557
hyuA_predicted,0.017857142857142856,55,55,TCCGCTTTCCTTCAGCGAAG,0,1841172
hyuA_predicted,0.017857142857142856,55,55,CCCCCCAGGTACTGGGACAT,0,1840955
hyuA_predicted,0.017857142857142856,55,55,AGTTCAGTGCCTGGGGGATG,0,1835004
hyuA_predicted,0.01818181818181818,54,54,TAGGGATTATAGAGCCTGTC,0,1844086
hyuA_predicted,0.01818181818181818,54,54,ATAGTGGTACGCGTTTCGCA,0,1847122
hyuA_predicted,0.01818181818181818,54,54,ACAGGAGCTTACCTCTAATG,0,1865327
hyuA_predicted,0.018518518518518517,53,53,TGTTGTCGCTTCGCAACTAG,0,1843069
hyuA_predicted,0.018518518518518517,53,53,TGTCGAGGCCGTGACCCTAC,0,1829319
hyuA_predicted,0.018518518518518517,53,53,TGGGTGTACATGTTTTGAAA,0,1857840
hyuA_predicted,0.018518518518518517,53,53,TGAAATATCGGGCAAGGTGA,0,1858432
hyuA_predicted,0.018518518518518517,53,53,GGAGGGGTAGATATACTGGA,0,1831007
hyuA_predicted,0.018518518518518517,53,53,GAGAACCGCTACATGGCCGA,0,1834528
hyuA_predicted,0.018518518518518517,53,53,GACTAACAAGCTTAGCGTCG,0,1839564
hyuA_predicted,0.018518518518518517,53,53,AGGGTGGTCAGGAGTACACG,0,1837976
hyuA_predicted,0.018867924528301886,52,52,TGTACGCGGCAGCTGGATAC,0,1838106
hyuA_predicted,0.018867924528301886,52,52,ATGCGGTCTAGCGATGGTTA,0,1852093
hyuA_predicted,0.019230769230769232,51,51,TGGTACACCCATTCCAAACA,0,1836639
hyuA_predicted,0.019230769230769232,51,51,GCTGTTAAGTTTGGACCAAT,0,1848288
hyuA_predicted,0.019230769230769232,51,51,GCAAGATGACCCCGGTGCAA,0,1873651
hyuA_predicted,0.019230769230769232,51,51,ATTTCGCGGAACTCATTATG,0,1862438
hyuA_predicted,0.019230769230769232,51,51,ACTGATGAACCCCTAGAGTC,0,1854951
hyuA_predicted,0.0196078431372549,50,50,TCGATTCTGCTACCCACGTC,0,1836990
hyuA_predicted,0.0196078431372549,50,50,TAACTCTTACTCTCGCTTCA,0,1876370
hyuA_predicted,0.0196078431372549,50,50,GGCAGTGTGAGCTATCGACA,0,1841177
hyuA_predicted,0.0196078431372549,50,50,CTTGGTGTTCAGGGTCCAAG,0,1866734
hyuA_predicted,0.0196078431372549,50,50,CTTAAAACGCCCGGAAGGGC,0,1829579
hyuA_predicted,0.0196078431372549,50,50,CCGTCCTACGTCCGGTTGCT,0,1846464
hyuA_predicted,0.0196078431372549,50,50,CCAGAGGCAGGCCCTTAACG,0,1875846
hyuA_predicted,0.0196078431372549,50,50,CACTGAGGCAAGCAGGGTAC,0,1830906
hyuA_predicted,0.02,49,49,TGAAAACAGCGCATGTACTT,0,1870016
hyuA_predicted,0.02,49,49,TACGGGAAATTCGAGCGGAA,0,1862159
hyuA_predicted,0.02,49,49,GACCCGTGCAAAGCGCTCAT,0,1839949
hyuA_predicted,0.02,49,49,CTCACGGACAGGTGCTCGAA,0,1866756
hyuA_predicted,0.02,49,49,CGGGACACGAGGGTATAGAG,0,1862154
hyuA_predicted,0.02,49,49,CGATAAACGGTGGTTGCCCT,0,1873184
hyuA_predicted,0.02,49,49,CCAAAACTAAAAGGGGTGTC,0,1860056
hyuA_predicted,0.02,49,49,AAAGAGTTATTCATCCTATT,0,1834223
hyuA_predicted,0.02040816326530612,48,48,TAAGGTCCCTCGATATGGTT,0,1834037
hyuA_predicted,0.02040816326530612,48,48,TAACGTTCCTTTGCACACGT,0,1838094
hyuA_predicted,0.02040816326530612,48,48,CCGGCGTGGAGGTTCAGCTG,0,1843821
hyuA_predicted,0.02040816326530612,48,48,CACGAGTCCTAATCGCCTCA,0,1860165
hyuA_predicted,0.02040816326530612,48,48,ACAATCGTACAACTTCATGG,0,1858946
hyuA_predicted,0.020833333333333332,47,47,GTCAGCGGAACCTGGTAAAC,0,1855785
hyuA_predicted,0.020833333333333332,47,47,GGGAATGTTCGTAACGGTTT,0,1835689
hyuA_predicted,0.020833333333333332,47,47,GACCATTGTGAGAATTTCAC,0,1863900
hyuA_predicted,0.020833333333333332,47,47,CTTTTTGTTGCGGAATATTC,0,1865039
hyuA_predicted,0.020833333333333332,47,47,CAGAGGACGACGTAGATGTA,0,1853465
hyuA_predicted,0.020833333333333332,47,47,AAACTGCATAAAGCGTATCC,0,1837361
hyuA_predicted,0.02127659574468085,46,46,TTAACGTAAACAAGCGCAGA,0,1875095
hyuA_predicted,0.02127659574468085,46,46,TGGTAAGAGTACTTCATCAA,0,1846048
hyuA_predicted,0.02127659574468085,46,46,TGGATAGCATGTCAGTTGGA,0,1830572
hyuA_predicted,0.02127659574468085,46,46,TCTAGAATCAGTAAGCGGCA,0,1837595
hyuA_predicted,0.02127659574468085,46,46,TCGTGATACGCCCGCTCCAA,0,1833237
hyuA_predicted,0.02127659574468085,46,46,TAGCTCGTGGGAAGCCACAC,0,1862844
hyuA_predicted,0.02127659574468085,46,46,CTGGAGGGTATAAACTAAGT,0,1869130
hyuA_predicted,0.02127659574468085,46,46,CAAACTCCATAAGTTTAAAA,0,1862172
hyuA_predicted,0.02127659574468085,46,46,ATATACATAACTACCATACA,0,1835880
hyuA_predicted,0.02127659574468085,46,46,ACCAGACGGAAACTACTTTT,0,1858160
hyuA_predicted,0.02127659574468085,46,46,AAAAAGCTACCTGGGTGCGT,0,1855713
hyuA_predicted,0.021739130434782608,45,45,TTCCGTCAGGCAGTCGGTAG,0,1848464
hyuA_predicted,0.021739130434782608,45,45,TATGGTGAACGCCCGTTATA,0,1837594
hyuA_predicted,0.021739130434782608,45,45,CGTTAGATCCCTTGGGCCAT,0,1875323
hyuA_predicted,0.021739130434782608,45,45,AATCGATTCGGCAGGGTAAA,0,1870174
hyuA_predicted,0.022222222222222223,44,44,TTGATCTTGGTGTAAATCAA,0,1869306
hyuA_predicted,0.022222222222222223,44,44,TTCCACCATTGACTGGGAAA,0,1851416
hyuA_predicted,0.022222222222222223,44,44,TGTCTCTCACATTCCGTTTA,0,1850763
hyuA_predicted,0.022222222222222223,44,44,CGTGGGTAGGGGACTGGCAG,0,1835835
hyuA_predicted,0.022222222222222223,44,44,CGGGGGTATATGTCCAAGTA,0,1838848
hyuA_predicted,0.022222222222222223,44,44,CCAAACGCTAGTACCTCGAA,0,1830344
hyuA_predicted,0.022222222222222223,44,44,ATTAGGATGCCTTCCTATCA,0,1847069
hyuA_predicted,0.022222222222222223,44,44,ATTACGGAGTAGGTAAATCA,0,1876484
hyuA_predicted,0.022222222222222223,44,44,ATGGGTGCTACTGCGTCGAG,0,1839940
hyuA_predicted,0.022222222222222223,44,44,AATTCGTGGTGCATTTTCGG,0,1842283
hyuA_predicted,0.022727272727272728,43,43,GGTATACCTGAAACCTCTGC,0,1854155
hyuA_predicted,0.022727272727272728,43,43,GCTTGGTTTAGTATGGGGCA,0,1859669
hyuA_predicted,0.022727272727272728,43,43,CGCTCAGAAAACGTCCACGG,0,1856089
hyuA_predicted,0.022727272727272728,43,43,CGACTGACTCTACGAAAAAT,0,1871027
hyuA_predicted,0.022727272727272728,43,43,CGAACCGCATGCTTTAGGCT,0,1840550
hyuA_predicted,0.022727272727272728,43,43,CAACACGCGGACCCAAAATA,0,1870252
hyuA_predicted,0.022727272727272728,43,43,ATTGGGGTATCGTAGTAGCA,0,1833344
hyuA_predicted,0.022727272727272728,43,43,ATCGCCTGTCCCTTGGACCA,0,1838800
hyuA_predicted,0.022727272727272728,43,43,AGGGTAGTGTTAGCCGTTTA,0,1837979
hyuA_predicted,0.022727272727272728,43,43,ACTGTAGAGGGTCGCTATCT,0,1852998
hyuA_predicted,0.022727272727272728,43,43,AAACTGGCGGACGTGTTACA,0,1848031
hyuA_predicted,0.023255813953488372,42,42,TGTGAAGCGAGCGCGTTCCG,0,1874137
hyuA_predicted,0.023255813953488372,42,42,TGTATGGTATAAAGTGATAC,0,1853300
hyuA_predicted,0.023255813953488372,42,42,TCCGATTCATGGAATTTTGG,0,1858677
hyuA_predicted,0.023255813953488372,42,42,TCACGATCCACTCCATGAGA,0,1852916
hyuA_predicted,0.023255813953488372,42,42,GTTAGGCTCTTGTTTATAGT,0,1837546
hyuA_predicted,0.023255813953488372,42,42,GTGGAGGGGTTACCAAACGT,0,1857312
hyuA_predicted,0.023255813953488372,42,42,GTCCGTCTATTTAGCCCGGG,0,1830967
hyuA_predicted,0.023255813953488372,42,42,GGCCCAAGACTGTCTCCTGC,0,1839024
hyuA_predicted,0.023255813953488372,42,42,GAGTAGACATACATCCTCGC,0,1835644
hyuA_predicted,0.023255813953488372,42,42,GACACTACTGCACTTTGATG,0,1832470
hyuA_predicted,0.023255813953488372,42,42,CGGAATCGAGGACGACTCGA,0,1856120
hyuA_predicted,0.023255813953488372,42,42,CGCTCGAATAAATGGAAGAG,0,1843852
hyuA_predicted,0.023255813953488372,42,42,CGACCAGCCCGTAAGTCTGT,0,1832076
hyuA_predicted,0.023255813953488372,42,42,CAGTAGGCTATAGAGAGCTT,0,1832129
hyuA_predicted,0.023255813953488372,42,42,ATTAGTTTTCCAGGTGTTGT,0,1855161
hyuA_predicted,0.023255813953488372,42,42,AGAGGCGGTAGACAGGGGGT,0,1853726
hyuA_predicted,0.023255813953488372,42,42,AGAGATTAACAGTGGAGAAA,0,1837682
hyuA_predicted,0.023255813953488372,42,42,AACGAAGTATTCGCCAATCA,0,1848117
hyuA_predicted,0.023255813953488372,42,42,AAACGTGGAGCTGGATTGCT,0,1846821
hyuA_predicted,0.023809523809523808,41,41,TCGGCACTTAGAAAAAAGCA,0,1835336
hyuA_predicted,0.023809523809523808,41,41,GTATCCAGACAAGGCGATCT,0,1838264
hyuA_predicted,0.023809523809523808,41,41,GGTAATACTCACACCACGCG,0,1844462
hyuA_predicted,0.023809523809523808,41,41,CTTGTGAAATGTAGATGACC,0,1845985
hyuA_predicted,0.023809523809523808,41,41,CGTGGCACAACATCCCGCTT,0,1829105
hyuA_predicted,0.023809523809523808,41,41,CCCGAAGTCCGTCACTGGCA,0,1860984
hyuA_predicted,0.023809523809523808,41,41,CCATATGAAGGACCAATCAA,0,1847350
hyuA_predicted,0.023809523809523808,41,41,ATCATTGCCGAGGTAAGGTA,0,1863676
hyuA_predicted,0.023809523809523808,41,41,AGTCGCAGTGGTCTGAACGC,0,1877451
hyuA_predicted,0.023809523809523808,41,41,AGGAAGCGGACACAGCAGGA,0,1855966
hyuA_predicted,0.023809523809523808,41,41,AATTCCCTATGACTGTCGTC,0,1838148
hyuA_predicted,0.023809523809523808,41,41,AAAGGTGGAGCTTAAGGGGT,0,1852666
hyuA_predicted,0.024390243902439025,40,40,TTTTCTGCTGAGGTTTGTTG,0,1867001
hyuA_predicted,0.024390243902439025,40,40,TTTGAATAAACATTGGAGCG,0,1869526
hyuA_predicted,0.024390243902439025,40,40,TTTCGCGACCGCATAGCAAG,0,1860139
hyuA_predicted,0.024390243902439025,40,40,TGTGTAGAGGAAGGCAGGCT,0,1846008
hyuA_predicted,0.024390243902439025,40,40,TGACAGACATTGGGCCTTAA,0,1836080
hyuA_predicted,0.024390243902439025,40,40,GTGACAAGCCGGCGTGTGTT,0,1869348
hyuA_predicted,0.024390243902439025,40,40,GTCGGTCTCAGAGTAATCAA,0,1844346
hyuA_predicted,0.024390243902439025,40,40,GTCGCTTCTTACTGCGACGA,0,1834810
hyuA_predicted,0.024390243902439025,40,40,GTCAACAGTACATGGACCGG,0,1834985
hyuA_predicted,0.024390243902439025,40,40,CTAGTTCACCAATATGGGAA,0,1830684
hyuA_predicted,0.024390243902439025,40,40,CGGAGGGCTTCCCGCCTAAC,0,1837420
hyuA_predicted,0.024390243902439025,40,40,CCACCTAAGGGAGAGGGCAT,0,1839301
hyuA_predicted,0.024390243902439025,40,40,CATGAACTTATTGAAAGCCG,0,1850647
hyuA_predicted,0.024390243902439025,40,40,CAAAATATTTGGTGAGTTTA,0,1837064
hyuA_predicted,0.024390243902439025,40,40,ATTTCTGGAAACGCGAAGGT,0,1833106
hyuA_predicted,0.024390243902439025,40,40,AGGGGGAATACGCGACCCGG,0,1846802
hyuA_predicted,0.024390243902439025,40,40,AGGATGCCACGTCGTCTCCC,0,1860906
hyuA_predicted,0.024390243902439025,40,40,AGCCTATAAGTCAAGTAGGT,0,1859084
hyuA_predicted,0.024390243902439025,40,40,AGCCAGAGTACGGTTACTCT,0,1849306
hyuA_predicted,0.025,39,39,TTAGAAAGTGCGGGTGCCTA,0,1839560
hyuA_predicted,0.025,39,39,TGTCTGTGTCGGGCGTGGAT,0,1871534
hyuA_predicted,0.025,39,39,TGGGTACTAATCAGGGCTCA,0,1863382
hyuA_predicted,0.025,39,39,TGACCCTGTATCAAGAATGT,0,1847773
hyuA_predicted,0.025,39,39,TATGACTACCGGCAATCGTC,0,1854223
hyuA_predicted,0.025,39,39,TAGGTTTACACAGGTTCCTT,0,1848192
hyuA_predicted,0.025,39,39,TAGGAGTGGCAATGAGGAAG,0,1869136
hyuA_predicted,0.025,39,39,TACCCTAAGTAGTCCAGACA,0,1860587
hyuA_predicted,0.025,39,39,TAAGCTAGCTGTGGGCCAAC,0,1854949
hyuA_predicted,0.025,39,39,TAACATTTAAACGAGAACGG,0,1829983
hyuA_predicted,0.025,39,39,GTGTGTTGGAACGATGACTC,0,1854937
hyuA_predicted,0.025,39,39,GGAATATGATCAGTCCTGAT,0,1829876
hyuA_predicted,0.025,39,39,GCTGGCGCTATGATTCTATA,0,1876851
hyuA_predicted,0.025,39,39,GAACACGAGTCCAAGGGGAT,0,1829796
hyuA_predicted,0.025,39,39,CGTGCTGCCATGGCTTTATA,0,1860405
hyuA_predicted,0.025,39,39,CCCGTGCCAGGCCAGTTTCG,0,1846873
hyuA_predicted,0.025,39,39,CAGACGGTAGTACATTGTCA,0,1857400
hyuA_predicted,0.025,39,39,ATTGGCTTGGCGGGGACATA,0,1845843
hyuA_predicted,0.025,39,39,ATTCGCCGTGATACAAACAT,0,1856673
hyuA_predicted,0.025,39,39,AGTGATTTGTGAGCAGCTAC,0,1864395
hyuA_predicted,0.025,39,39,ACGGGGTAAAGCTGCCGAGT,0,1849010
hyuA_predicted,0.025,39,39,ACGCACCGATTGTACTCAAC,0,1853375
hyuA_predicted,0.025,39,39,AAGCTGAATGCCGTCTGATA,0,1847713
hyuA_predicted,0.02564102564102564,38,38,TTGAAAACAAATATATAGCA,0,1854274
hyuA_predicted,0.02564102564102564,38,38,TGGGGCGTATTCGGATGAAA,0,1840172
hyuA_predicted,0.02564102564102564,38,38,TGCGGATTGCAGTTACCATC,0,1832406
hyuA_predicted,0.02564102564102564,38,38,TCGGTGAGCTCTGTCACTCA,0,1852467
hyuA_predicted,0.02564102564102564,38,38,TATCCGGCACTTGCCGCGTT,0,1867533
hyuA_predicted,0.02564102564102564,38,38,TATCCGATAAGAAACGCTTA,0,1854530
hyuA_predicted,0.02564102564102564,38,38,GTTACACGGTATCCGCGGGA,0,1853798
hyuA_predicted,0.02564102564102564,38,38,GTGTAGATACTCCAAAGACA,0,1855429
hyuA_predicted,0.02564102564102564,38,38,GGCTGCAACTGTTGGTTGAG,0,1860907
hyuA_predicted,0.02564102564102564,38,38,GGCGGTCAGGCGTAGACCTA,0,1855298
hyuA_predicted,0.02564102564102564,38,38,GCCGGTAAGGTGAATTACCA,0,1832906
hyuA_predicted,0.02564102564102564,38,38,CCCAGGGTCACCTATGGCGT,0,1837065
hyuA_predicted,0.02564102564102564,38,38,ATTTAGCGCGGCCGTCCATT,0,1834399
hyuA_predicted,0.02564102564102564,38,38,AATAGTCTGTCGCCTCTACA,0,1833485
hyuA_predicted,0.02564102564102564,38,38,AAGCATTAGAGAGTGGAAAA,0,1832500
hyuA_predicted,0.02631578947368421,37,37,TTTTGTACTACTTCACATGA,0,1838798
hyuA_predicted,0.02631578947368421,37,37,TTAATTTCGTTTCCGGCTGT,0,1835179
hyuA_predicted,0.02631578947368421,37,37,TTAACAATCTGCTCCAGTCA,0,1853959
hyuA_predicted,0.02631578947368421,37,37,TGCAACCCATAAAATCGATA,0,1830613
hyuA_predicted,0.02631578947368421,37,37,TGAGATGCAGTTGTCTTCGT,0,1854173
hyuA_predicted,0.02631578947368421,37,37,TAAGTTCTCAAACGAAGGAG,0,1852706
hyuA_predicted,0.02631578947368421,37,37,GTGCAGTAAGCTGACCCTTG,0,1856939
hyuA_predicted,0.02631578947368421,37,37,GTCCGTGTACGGATCAGTTA,0,1830720
hyuA_predicted,0.02631578947368421,37,37,GTACAACGGCAAATATACGC,0,1834986
hyuA_predicted,0.02631578947368421,37,37,GGTATAAGCCTGACAAACTG,0,1832570
hyuA_predicted,0.02631578947368421,37,37,GGTAGTCATTATTGGTCTAA,0,1847320
hyuA_predicted,0.02631578947368421,37,37,GACCGACAACGGATAAGTCG,0,1834859
hyuA_predicted,0.02631578947368421,37,37,GAAAGGGAGATGGGTAACTT,0,1854829
hyuA_predicted,0.02631578947368421,37,37,CTGCCGACTCAATAAGAAGG,0,1853493
hyuA_predicted,0.02631578947368421,37,37,CTCCGGAGTCAATCTGCGTT,0,1835743
hyuA_predicted,0.02631578947368421,37,37,CTAGTAGATACCCAATTGTA,0,1873502
hyuA_predicted,0.02631578947368421,37,37,CGGGGCAAACGACGTGCTCA,0,1846688
hyuA_predicted,0.02631578947368421,37,37,CGCTTAACCGGCTTCCTGCA,0,1863601
hyuA_predicted,0.02631578947368421,37,37,CCGATGCGATGAACTGTTGG,0,1831830
hyuA_predicted,0.02631578947368421,37,37,CCATAAGCGCTCGGACTACT,0,1844643
hyuA_predicted,0.02631578947368421,37,37,CCACTAATTTCAATTCCCGA,0,1848298
hyuA_predicted,0.02631578947368421,37,37,CACGGTACCGAATGATCGAA,0,1877056
hyuA_predicted,0.02631578947368421,37,37,ATCCTGCTTGTGTGTTGCGT,0,1872354
hyuA_predicted,0.02631578947368421,37,37,AGTAAGAGTGCGGGGTCGAT,0,1851621
hyuA_predicted,0.02702702702702703,36,36,TTGCCCGGTGCACTACCTAC,0,1846972
hyuA_predicted,0.02702702702702703,36,36,TTCTACCAAATCTATGGTCT,0,1861679
hyuA_predicted,0.02702702702702703,36,36,TTACTATCCGTCACAGTGCT,0,1853880
hyuA_predicted,0.02702702702702703,36,36,TGGTTAGCAATACGTGCTCG,0,1833268
hyuA_predicted,0.02702702702702703,36,36,TGCCTCCCGCGCGGCATCGT,0,1845709
hyuA_predicted,0.02702702702702703,36,36,TGAAGGATAGTTGAAGGTAA,0,1834219
hyuA_predicted,0.02702702702702703,36,36,TCCGAGGACACGGTATCCCC,0,1866364
hyuA_predicted,0.02702702702702703,36,36,TCAGGCATAAGGTCGTGGGT,0,1832324
hyuA_predicted,0.02702702702702703,36,36,TAGGATTCGCAAGGGTCTGA,0,1855614
hyuA_predicted,0.02702702702702703,36,36,TAGCATTTCGTCGGGCCAAA,0,1860833
hyuA_predicted,0.02702702702702703,36,36,GTGTGTCCGCTCAGGACAAC,0,1871029
hyuA_predicted,0.02702702702702703,36,36,GTCCCAGAATGGAAGCCCCA,0,1832199
hyuA_predicted,0.02702702702702703,36,36,GGTGCCACCGACATCATGCC,0,1834466
hyuA_predicted,0.02702702702702703,36,36,GGGTACGGCATGTTCTCCCA,0,1867977
hyuA_predicted,0.02702702702702703,36,36,GGCGCTGGTCCCGGATCTAA,0,1870137
hyuA_predicted,0.02702702702702703,36,36,GGAAGGGCGGTCATCTCTGG,0,1855035
hyuA_predicted,0.02702702702702703,36,36,GCCAATCAAGTGGTGATGTC,0,1874735
hyuA_predicted,0.02702702702702703,36,36,GCAACTCTACCATCTGTCTC,0,1853935
hyuA_predicted,0.02702702702702703,36,36,GACACAACTATATTGAAATT,0,1855831
hyuA_predicted,0.02702702702702703,36,36,CTGATCCAGTACTACTGCGC,0,1839399
hyuA_predicted,0.02702702702702703,36,36,CTCCCATGCCCTAACAATTG,0,1852609
hyuA_predicted,0.02702702702702703,36,36,CGCCACCGAGGATACCGTTA,0,1838378
hyuA_predicted,0.02702702702702703,36,36,CGCATATTCACTGAGGTGCC,0,1870119
hyuA_predicted,0.02702702702702703,36,36,CGACGACAATACTCAGAGTT,0,1867248
hyuA_predicted,0.02702702702702703,36,36,CATTGTTTCTCCCCGGAATT,0,1834808
hyuA_predicted,0.02702702702702703,36,36,CATGGTGGGCAGATTTCGTT,0,1841213
hyuA_predicted,0.02702702702702703,36,36,CATACATTGAACCAGTTGAA,0,1871339
hyuA_predicted,0.02702702702702703,36,36,CAATTGTCAAAGGGCAAGGC,0,1842153
hyuA_predicted,0.02702702702702703,36,36,CAAGGAACGATATATACTGT,0,1875732
hyuA_predicted,0.02702702702702703,36,36,ATGGTAGAAATGAACGCCTT,0,1838001
hyuA_predicted,0.02702702702702703,36,36,AGCGGAATCAAACTCGATGT,0,1870013
hyuA_predicted,0.02702702702702703,36,36,ACGTACAGGGCCATCGGGAG,0,1856607
hyuA_predicted,0.02702702702702703,36,36,AAGAGATGTGGGCTTAGGTA,0,1839331
hyuA_predicted,0.027777777777777776,35,35,TTAGTACTGATCGCCGTGAC,0,1840298
hyuA_predicted,0.027777777777777776,35,35,TTAAGTACGATCTCCAGTTG,0,1830609
hyuA_predicted,0.027777777777777776,35,35,TGACCCGATATGGTTGTTAA,0,1841598
hyuA_predicted,0.027777777777777776,35,35,TAATTTTCTAGTAGATGTAC,0,1866801
hyuA_predicted,0.027777777777777776,35,35,TAAAGCGTATCCCGAGCTTA,0,1838056
hyuA_predicted,0.027777777777777776,35,35,GTCCGTACATTACCTTGCAA,0,1874956
hyuA_predicted,0.027777777777777776,35,35,GGGTCCACTATCGCCGTTTT,0,1864766
hyuA_predicted,0.027777777777777776,35,35,GGCTATAACTTCCGACAGAA,0,1834181
hyuA_predicted,0.027777777777777776,35,35,GGCGTAGGTAACACGAATTG,0,1831252
hyuA_predicted,0.027777777777777776,35,35,GGAGGATGGAGCCCACTGAG,0,1829881
hyuA_predicted,0.027777777777777776,35,35,GCCTGATTGATTAGGGCTGC,0,1864718
hyuA_predicted,0.027777777777777776,35,35,GAAGGTTGAACGAAGAGGCT,0,1844980
hyuA_predicted,0.027777777777777776,35,35,GAAGGGCTTTATTATTCTAC,0,1830170
hyuA_predicted,0.027777777777777776,35,35,CTTTAACCTCCCTGTCGTTC,0,1868875
hyuA_predicted,0.027777777777777776,35,35,CTTACTTACTGGGGCCATCA,0,1834531
hyuA_predicted,0.027777777777777776,35,35,CTGCCGAAAATCAAAGCAAA,0,1839673
hyuA_predicted,0.027777777777777776,35,35,CGTGATTTAAAGAGCTGCTA,0,1833677
hyuA_predicted,0.027777777777777776,35,35,CGCAATAAGTAACTCCTTGG,0,1852951
hyuA_predicted,0.027777777777777776,35,35,CCGGCCTTGACAACAGCTGC,0,1874525
hyuA_predicted,0.027777777777777776,35,35,CCGCTATCCCCGTTGTCTTC,0,1852801
hyuA_predicted,0.027777777777777776,35,35,CACCAGACCACAGGCCCGAT,0,1835855
hyuA_predicted,0.027777777777777776,35,35,ATTTGAGCGCCGCTCAAGCG,0,1849947
hyuA_predicted,0.027777777777777776,35,35,AGGTTTCAAACAGTCGAGTA,0,1870050
hyuA_predicted,0.027777777777777776,35,35,ACTGAGAATCTGATGGGTGA,0,1845971
hyuA_predicted,0.027777777777777776,35,35,ACTCACTGCGTCGATGACAG,0,1854290
hyuA_predicted,0.027777777777777776,35,35,ACGGTAGTGAAATCTCGTGC,0,1840738
hyuA_predicted,0.027777777777777776,35,35,AATTCAAATGCAGGTTAAAC,0,1843435
hyuA_predicted,0.027777777777777776,35,35,AAGTCGAAACGGGGGTGCCT,0,1858126
hyuA_predicted,0.02857142857142857,34,34,TTTCTTCTGCGTAGCTTGTG,0,1838401
hyuA_predicted,0.02857142857142857,34,34,TGGGTGTCTAAATCCGGCCC,0,1849726
hyuA_predicted,0.02857142857142857,34,34,TGGCTGTGACACGTCGCTCT,0,1857606
hyuA_predicted,0.02857142857142857,34,34,TGCAGAGGAACCTAGATGAG,0,1842378
hyuA_predicted,0.02857142857142857,34,34,TGACGCCGCCTCGGATCGCG,0,1832443
hyuA_predicted,0.02857142857142857,34,34,TCATCTATAATCCAGCTCTG,0,1855314
hyuA_predicted,0.02857142857142857,34,34,TCAGGTGTCCCGCTACGTCC,0,1865426
hyuA_predicted,0.02857142857142857,34,34,TATATTCACGACGGGTATAT,0,1872193
hyuA_predicted,0.02857142857142857,34,34,TAGGGATGTTGGTTTATACT,0,1865384
hyuA_predicted,0.02857142857142857,34,34,TAAGTGCCGTTGTATACCAT,0,1854783
hyuA_predicted,0.02857142857142857,34,34,GCTAGGGGTTGTGATGAAGT,0,1839045
hyuA_predicted,0.02857142857142857,34,34,GCGTGACATAACCTAGGGTA,0,1847345
hyuA_predicted,0.02857142857142857,34,34,GCATGAAGTGAAGGTGCCTA,0,1832971
hyuA_predicted,0.02857142857142857,34,34,GCACTGATAGTAAGCGAACG,0,1867511
hyuA_predicted,0.02857142857142857,34,34,GATTTAACTGTGGCACAACT,0,1872875
hyuA_predicted,0.02857142857142857,34,34,GATATCGTGTGATGTGCCAC,0,1859276
hyuA_predicted,0.02857142857142857,34,34,GAGTGGGCCGATGCCTTACT,0,1857729
hyuA_predicted,0.02857142857142857,34,34,GAACGCCCCTTAGGAACGAC,0,1837372
hyuA_predicted,0.02857142857142857,34,34,CTATTTGCCTGCAGTGAAGG,0,1829185
hyuA_predicted,0.02857142857142857,34,34,CCTCCTGGCTTAAAAATAAT,0,1853177
hyuA_predicted,0.02857142857142857,34,34,CACGTGTCTATGCGGAGCTT,0,1836462
hyuA_predicted,0.02857142857142857,34,34,ATGTAAATAACTTGGCCTAC,0,1831337
hyuA_predicted,0.02857142857142857,34,34,AGTAAGGGAACAAGATCCTT,0,1856723
hyuA_predicted,0.02857142857142857,34,34,AGGTCAGGATTCCCGGCTGA,0,1863788
hyuA_predicted,0.02857142857142857,34,34,AGCTTGTACTGCGCAAGCTC,0,1843324
hyuA_predicted,0.02857142857142857,34,34,AGCATCGTACACGCTCGAAT,0,1877090
hyuA_predicted,0.02857142857142857,34,34,AGATCTTACTCCGCGCTTCC,0,1848164
hyuA_predicted,0.02857142857142857,34,34,ACGAGTCTACCCCAGCACGT,0,1841907
hyuA_predicted,0.02857142857142857,34,34,ACACCCGGAACGCATGACAG,0,1853979
hyuA_predicted,0.029411764705882353,33,33,TTCGCTTGCGTTGCTGTCGT,0,1851826
hyuA_predicted,0.029411764705882353,33,33,TATCGTGGAAGCTATACAAA,0,1831253
hyuA_predicted,0.029411764705882353,33,33,GTTCGCTGAATCCATGCTAA,0,1832748
hyuA_predicted,0.029411764705882353,33,33,GTGTCCGGTGCCGAGGCAAG,0,1868935
hyuA_predicted,0.029411764705882353,33,33,GGCACGGATAGTATCACGAG,0,1850134
hyuA_predicted,0.029411764705882353,33,33,GCATTACGCCTCTATCAGTA,0,1859673
hyuA_predicted,0.029411764705882353,33,33,CTATATGACCCGTCATTTTG,0,1836647
hyuA_predicted,0.029411764705882353,33,33,CTAGTATGCTCTCTGGGTAG,0,1837026
hyuA_predicted,0.029411764705882353,33,33,CCGTTTGCCTATGACTTACA,0,1831926
hyuA_predicted,0.029411764705882353,33,33,CCGATTGGGACATCCGCCAT,0,1845223
hyuA_predicted,0.029411764705882353,33,33,CCCGGTTAACCCGACAAGTC,0,1841648
hyuA_predicted,0.029411764705882353,33,33,CATTAGACACGAGCTCAAAC,0,1863761
hyuA_predicted,0.029411764705882353,33,33,CAGCGAATCAGATATATGGA,0,1842690
hyuA_predicted,0.029411764705882353,33,33,ATGTTCGGAGCCACACTATC,0,1833257
hyuA_predicted,0.029411764705882353,33,33,ATGAGCCCTGAAGCTCTGTG,0,1874267
hyuA_predicted,0.029411764705882353,33,33,ATCGTAGGACATCAGAGTGT,0,1876812
hyuA_predicted,0.029411764705882353,33,33,ATCCAAAATTAGGGATGACG,0,1847124
hyuA_predicted,0.029411764705882353,33,33,AGCAAGTTTTATATAAGTGT,0,1860497
hyuA_predicted,0.029411764705882353,33,33,ACTGCGGAACACGAGATCAA,0,1844513
hyuA_predicted,0.029411764705882353,33,33,ACTATAAGAAGCTGGCTTCG,0,1832499
hyuA_predicted,0.029411764705882353,33,33,ACGATAACACGGCAAAGTGA,0,1873106
hyuA_predicted,0.030303030303030304,32,32,TGTTTCACTGTGGCATGATC,0,1858369
hyuA_predicted,0.030303030303030304,32,32,TGTCGTAGCTCATGCTTGCG,0,1855214
hyuA_predicted,0.030303030303030304,32,32,TGGTACCTCTTTGTCCACAG,0,1830492
hyuA_predicted,0.030303030303030304,32,32,TGGACAGCGTCTTCGAGTCT,0,1848003
hyuA_predicted,0.030303030303030304,32,32,TGCTGACGTGATCAGCCTCT,0,1834706
hyuA_predicted,0.030303030303030304,32,32,TGCATGATCAGTTATTTCCT,0,1845593
hyuA_predicted,0.030303030303030304,32,32,TCATTTCCCGGCTTAAACTT,0,1833673
hyuA_predicted,0.030303030303030304,32,32,TATACGCAGACCAAATCAAT,0,1841396
hyuA_predicted,0.030303030303030304,32,32,TAAGCTCCCCACAGTGTGCT,0,1840464
hyuA_predicted,0.030303030303030304,32,32,GTTGCTACACTAGGCTGAAT,0,1838801
hyuA_predicted,0.030303030303030304,32,32,GTGATTGGGGGTCGCGGGGA,0,1835284
hyuA_predicted,0.030303030303030304,32,32,GCTTGTAGGTCGTCCTTAAC,0,1843079
hyuA_predicted,0.030303030303030304,32,32,GCTGCTGCCCTCGATTCAGA,0,1830341
hyuA_predicted,0.030303030303030304,32,32,GCTCAGACCCCTGGGATTTA,0,1843623
hyuA_predicted,0.030303030303030304,32,32,GCTATACGCACGGTTTGTAA,0,1872171
hyuA_predicted,0.030303030303030304,32,32,GATGGCTCCTGCACCTACAC,0,1832511
hyuA_predicted,0.030303030303030304,32,32,GATAGCCGAGTACGTTGCGT,0,1838542
hyuA_predicted,0.030303030303030304,32,32,CTATCGGGCACGCTAGGGGA,0,1867804
hyuA_predicted,0.030303030303030304,32,32,CATTGGGGGTGGTTCCAAGT,0,1829121
hyuA_predicted,0.030303030303030304,32,32,CATTGAGGTGGTATTGATTC,0,1863806
hyuA_predicted,0.030303030303030304,32,32,CATGACCAAGTGTCTTAGCC,0,1837545
hyuA_predicted,0.030303030303030304,32,32,CATCATTAAGACTATGGAAT,0,1830907
hyuA_predicted,0.030303030303030304,32,32,ATTCTCAGAATGGCACGAGG,0,1851369
hyuA_predicted,0.030303030303030304,32,32,ATGTACGCGTCACACAGGAT,0,1841009
hyuA_predicted,0.030303030303030304,32,32,AGGTCACCTCGTAGCGATAG,0,1853918
hyuA_predicted,0.030303030303030304,32,32,AGGCACAGTGGCCCAATCCT,0,1835301
hyuA_predicted,0.030303030303030304,32,32,AGCGTTTTTAGCTAACGCTT,0,1863631
hyuA_predicted,0.030303030303030304,32,32,ACGACGGGGGCCTCCTTAGT,0,1859012
hyuA_predicted,0.030303030303030304,32,32,ACAATACGGGGGCTCGAGGG,0,1845979
hyuA_predicted,0.030303030303030304,32,32,AATCAAGCCTCCTGCGTCCA,0,1843875
hyuA_predicted,0.030303030303030304,32,32,AAGTGTCACTCATCACAGTT,0,1859871
hyuA_predicted,0.030303030303030304,32,32,AAGTCAGGCCGAACACTCTG,0,1848462
hyuA_predicted,0.030303030303030304,32,32,AAGTATGGATTATTCTGCTC,0,1850456
hyuA_predicted,0.03125,31,31,TTGCTACCTGAATTGAAAGA,0,1837362
hyuA_predicted,0.03125,31,31,TTAGAGTATTAGGTTCACTG,0,1854385
hyuA_predicted,0.03125,31,31,TGTTGACAATATGACGCCCC,0,1853676
hyuA_predicted,0.03125,31,31,TCTAATTAGTTGACGTATTA,0,1838259
hyuA_predicted,0.03125,31,31,TCCCCTTTCCAAAACAGGGT,0,1836397
hyuA_predicted,0.03125,31,31,TCACCTGGGTTCTGCATTTT,0,1835938
hyuA_predicted,0.03125,31,31,TCAACTCGAGTACGCCCAGC,0,1864772
hyuA_predicted,0.03125,31,31,GTTACTTCTTTGAGTACGGA,0,1847349
hyuA_predicted,0.03125,31,31,GTTAAGAACCAATCCGGGCA,0,1853365
hyuA_predicted,0.03125,31,31,GTAATTTTTTTTGTCAAGCT,0,1871777
hyuA_predicted,0.03125,31,31,GTAAGTTGGGATTAGAGGGA,0,1838043
hyuA_predicted,0.03125,31,31,GGGGCGCTATGTCGGAATCA,0,1845977
hyuA_predicted,0.03125,31,31,CTACAAACTTTATTATTCCA,0,1850006
hyuA_predicted,0.03125,31,31,CGGTGAAGGAATTCGGGATG,0,1875218
hyuA_predicted,0.03125,31,31,CGGGGATGTTCGCTAAAATC,0,1839737
hyuA_predicted,0.03125,31,31,CCTGCTCTGCTCAGGACATT,0,1850897
hyuA_predicted,0.03125,31,31,CCATTTACAAATGTGAATGG,0,1870953
hyuA_predicted,0.03125,31,31,ATATCGTTGTTTAGGATAAG,0,1846913
hyuA_predicted,0.03125,31,31,ATAGCCGAATTTCGGGCAGG,0,1831297
hyuA_predicted,0.03125,31,31,AGTGGTATGGCGCATCGACC,0,1851995
hyuA_predicted,0.03125,31,31,AGAACCCTTTGTTGGCGCAT,0,1844678
hyuA_predicted,0.03125,31,31,ACCTGTATGCCGTAAAAGTA,0,1853004
hyuA_predicted,0.03125,31,31,ACCCGCTTGGCGACCGTTAT,0,1837669
hyuA_predicted,0.03125,31,31,ACACACCGAATATGCACAGG,0,1839848
hyuA_predicted,0.03125,31,31,AATCGATTTCTTTAAGAAGC,0,1843429
hyuA_predicted,0.03225806451612903,30,30,TTATATCCATGGATCATAGA,0,1838675
hyuA_predicted,0.03225806451612903,30,30,TGTTAGAAACAAACACTTGT,0,1836916
hyuA_predicted,0.03225806451612903,30,30,TGGTATATCGAGAGAGTCCG,0,1837593
hyuA_predicted,0.03225806451612903,30,30,TGCCGCCTGGACTTATACAA,0,1831406
hyuA_predicted,0.03225806451612903,30,30,TCTAACTGCGCGTTAGTATA,0,1862662
hyuA_predicted,0.03225806451612903,30,30,TCCGGGTCTATATTGCTGCA,0,1872425
hyuA_predicted,0.03225806451612903,30,30,TAGCGCTTTTGTGATAGATG,0,1855932
hyuA_predicted,0.03225806451612903,30,30,GTTTTACCAAAGCAATGAGG,0,1850223
hyuA_predicted,0.03225806451612903,30,30,GTCGAGTCAAGGCTACGCTA,0,1849983
hyuA_predicted,0.03225806451612903,30,30,GTCCGACCTTGCGCATCCCG,0,1835937
hyuA_predicted,0.03225806451612903,30,30,GTCCCTCAAGCCCAGCAAGG,0,1837219
hyuA_predicted,0.03225806451612903,30,30,GTAATGTGCTGTCGTAGGCT,0,1864158
hyuA_predicted,0.03225806451612903,30,30,GGGAAATGTTGTTCATCCCC,0,1833490
hyuA_predicted,0.03225806451612903,30,30,GGCCGAAAGAGTACTCAATG,0,1844109
hyuA_predicted,0.03225806451612903,30,30,GGAATGGTCCCTCTACCTAA,0,1869200
hyuA_predicted,0.03225806451612903,30,30,GCAAGGGCGACCCAAATTGA,0,1868366
hyuA_predicted,0.03225806451612903,30,30,GAGGCAGTACGAATTAAGAG,0,1869217
hyuA_predicted,0.03225806451612903,30,30,CTGGATCGAAGTATGGGGTA,0,1863444
hyuA_predicted,0.03225806451612903,30,30,CTCTTTCCGCGGCCTTGAAA,0,1872989
hyuA_predicted,0.03225806451612903,30,30,CTCCGCGGGTTCGGTAGTTA,0,1851640
hyuA_predicted,0.03225806451612903,30,30,CGGGCTCAGTGCCGGCTTGT,0,1840376
hyuA_predicted,0.03225806451612903,30,30,CCTTTCTTACTAGAGATCCC,0,1830541
hyuA_predicted,0.03225806451612903,30,30,CCACTTACGAGTGTCGCACT,0,1874609
hyuA_predicted,0.03225806451612903,30,30,CCACCAACAGATTTTAAGCA,0,1841910
hyuA_predicted,0.03225806451612903,30,30,CCAATTACTTGTACGGGGTC,0,1863424
hyuA_predicted,0.03225806451612903,30,30,CAACAACTCCTTCGAAGAAA,0,1864201
hyuA_predicted,0.03225806451612903,30,30,ATGGATAGGGTGCACTCAGG,0,1833362
hyuA_predicted,0.03225806451612903,30,30,ATGCGTGCGCCCCCGGCGAG,0,1869068
hyuA_predicted,0.03225806451612903,30,30,ATCCTGGCGCACCTAGAGAG,0,1850543
hyuA_predicted,0.03225806451612903,30,30,ATCATTTGATCGAGGACGGT,0,1859119
hyuA_predicted,0.03225806451612903,30,30,ATAGTACCTACAGAGGTCGT,0,1862067
hyuA_predicted,0.03225806451612903,30,30,ATACCAGCAGCAATTACCTT,0,1860703
hyuA_predicted,0.03225806451612903,30,30,AGAAACGGTGAATTGGGGAA,0,1830358
hyuA_predicted,0.03225806451612903,30,30,ACGGAGAGTGAAGGAGGTGA,0,1850910
hyuA_predicted,0.03225806451612903,30,30,ACGGAGAGCATCCAGACGAT,0,1835297
hyuA_predicted,0.03225806451612903,30,30,ACATAGGCCCCATAGATCGT,0,1858498
hyuA_predicted,0.03225806451612903,30,30,AATTGAAGATGGTGTATACT,0,1835600
hyuA_predicted,0.03225806451612903,30,30,AATGTTCCTCACTGCAGGCT,0,1862491
hyuA_predicted,0.03225806451612903,30,30,AAGAGTACACATTTTCGTCG,0,1847036
hyuA_predicted,0.03225806451612903,30,30,AAAACTGAAGGGCAAGCTAC,0,1864069
hyuA_predicted,0.03333333333333333,29,29,TTTTTAGTAAGTTTGTTTAT,0,1834573
hyuA_predicted,0.03333333333333333,29,29,TTTCTCCATTTAGCGAAGGA,0,1866810
hyuA_predicted,0.03333333333333333,29,29,TTCCACTACTGCAAGGTACT,0,1864763
hyuA_predicted,0.03333333333333333,29,29,TTCACTGGGGACGAACCTCG,0,1871565
hyuA_predicted,0.03333333333333333,29,29,TTATTTAACCATACTCGTTT,0,1840580
hyuA_predicted,0.03333333333333333,29,29,TCTAAAGACTCGGATACGTC,0,1842641
hyuA_predicted,0.03333333333333333,29,29,TCGGGAGTGGAGCTATGTAG,0,1843910
hyuA_predicted,0.03333333333333333,29,29,TCGGAATAATCATGGGAATA,0,1845274
hyuA_predicted,0.03333333333333333,29,29,TCGCCGAGGCTTCACACCGA,0,1840422
hyuA_predicted,0.03333333333333333,29,29,TCGAGACGGAACAACAAATA,0,1829582
hyuA_predicted,0.03333333333333333,29,29,TCCTGGGCTGGAACCCTCCA,0,1853598
hyuA_predicted,0.03333333333333333,29,29,TATATGGGAGCGAATGCTCT,0,1870797
hyuA_predicted,0.03333333333333333,29,29,TAGGGACAGGATACACTTTT,0,1873233
hyuA_predicted,0.03333333333333333,29,29,TAGACAGAGTTGCCGGACGT,0,1875151
hyuA_predicted,0.03333333333333333,29,29,TACCGGTACCGGAAGTATTT,0,1833828
hyuA_predicted,0.03333333333333333,29,29,GTTGGAGCTTGAAAATTGTA,0,1856697
hyuA_predicted,0.03333333333333333,29,29,GTCGTGAACAGGTTAAGGGT,0,1831999
hyuA_predicted,0.03333333333333333,29,29,GTCATCAGACAGGGGGCAAT,0,1876900
hyuA_predicted,0.03333333333333333,29,29,GGTTGCACATCGAGGCAGCT,0,1841619
hyuA_predicted,0.03333333333333333,29,29,GGGGTTAAATTTATGCATTC,0,1869429
hyuA_predicted,0.03333333333333333,29,29,GATTAGTCCTCATAGATAAG,0,1860473
hyuA_predicted,0.03333333333333333,29,29,GAGTTTGTTGTGAACCTACG,0,1846341
hyuA_predicted,0.03333333333333333,29,29,GAGTTGCCAATCTGAAATGT,0,1850430
hyuA_predicted,0.03333333333333333,29,29,GAGTTCTGGGCACCCCAATT,0,1850140
hyuA_predicted,0.03333333333333333,29,29,GAGACGACCGGGTGACGATG,0,1842510
hyuA_predicted,0.03333333333333333,29,29,GACGTACTGAGTACAGCAGA,0,1852309
hyuA_predicted,0.03333333333333333,29,29,CTCAGTGCAGATTTAAAAAC,0,1869642
hyuA_predicted,0.03333333333333333,29,29,CGTAACGAGTTAAATATTTA,0,1844466
hyuA_predicted,0.03333333333333333,29,29,CGGCTCGCCCCAGTAGGCTG,0,1849919
hyuA_predicted,0.03333333333333333,29,29,CGCTAGGATTATGTAACGAC,0,1835740
hyuA_predicted,0.03333333333333333,29,29,CGCACGTTCACGGCAACGGA,0,1830357
hyuA_predicted,0.03333333333333333,29,29,CCTTTCTTCGACCGTTGGCA,0,1862226
hyuA_predicted,0.03333333333333333,29,29,CCTTCTCCGCAATCACTGCT,0,1875824
hyuA_predicted,0.03333333333333333,29,29,CCCTTGTAGGTAATTAGCGG,0,1854904
hyuA_predicted,0.03333333333333333,29,29,CACTGCAGATCTACTCACGT,0,1832217
hyuA_predicted,0.03333333333333333,29,29,CAAGCTTGTGAGCTCGCGAA,0,1851084
hyuA_predicted,0.03333333333333333,29,29,CAAACTTCTGGCTTGGCAAA,0,1861626
hyuA_predicted,0.03333333333333333,29,29,ATCAGGGTGAGATACCAAAG,0,1851689
hyuA_predicted,0.03333333333333333,29,29,ATATGTGTGGTGTTTCGTGC,0,1846631
hyuA_predicted,0.03333333333333333,29,29,ATAGCCTTGATGACACGTCC,0,1856438
hyuA_predicted,0.03333333333333333,29,29,AGTATACGGATTGTGAACGG,0,1867459
hyuA_predicted,0.03333333333333333,29,29,AGTAGGTTCACCTCAGCGAA,0,1849969
hyuA_predicted,0.03333333333333333,29,29,AGGAATTAGATAGCCCGGAG,0,1846372
hyuA_predicted,0.03333333333333333,29,29,AGAGTCCCGCCTGGGTTGCA,0,1868056
hyuA_predicted,0.03333333333333333,29,29,AGACTGCCGATCTCCTATAT,0,1862274
hyuA_predicted,0.03333333333333333,29,29,ACGTGTCTAAAGCAGCACAG,0,1873456
hyuA_predicted,0.03333333333333333,29,29,ACGGTTGATCCATCGTTTAC,0,1871349
hyuA_predicted,0.03333333333333333,29,29,ACAAGTCTGCGACACTGTGT,0,1874655
hyuA_predicted,0.03333333333333333,29,29,AAGGTACTACTGAAAAAGTC,0,1864262
hyuA_predicted,0.03333333333333333,29,29,AAGGGCCTCTTAATCGGCCC,0,1839595
hyuA_predicted,0.03333333333333333,29,29,AAGCGGCGGCCCATGCAGCT,0,1875001
hyuA_predicted,0.034482758620689655,28,28,TTTTACACGCTGTGAAGAGT,0,1872878
hyuA_predicted,0.034482758620689655,28,28,TTTAATCTCTATAAGTGAAA,0,1860444
hyuA_predicted,0.034482758620689655,28,28,TTAGTCCAGGAGCCACCGAA,0,1870276
hyuA_predicted,0.034482758620689655,28,28,TGAAGGCAAGAACACTCGTA,0,1854482
hyuA_predicted,0.034482758620689655,28,28,TCTTATGCATGTACTGGCGT,0,1843999
hyuA_predicted,0.034482758620689655,28,28,TCGTATGTGTAACGCATAGA,0,1861123
hyuA_predicted,0.034482758620689655,28,28,TCCCCACGATCGAATATACT,0,1846044
hyuA_predicted,0.034482758620689655,28,28,TATTGACACCCAGCTCCGGC,0,1838234
hyuA_predicted,0.034482758620689655,28,28,TAGGTACGCATTGAAGTGAG,0,1856566
hyuA_predicted,0.034482758620689655,28,28,TACGCGGAAATACGAAGCTA,0,1842573
hyuA_predicted,0.034482758620689655,28,28,TAATCCGCAAGGGTCAACAA,0,1853770
hyuA_predicted,0.034482758620689655,28,28,TAAACGTCCCGGCATACCGT,0,1847254
hyuA_predicted,0.034482758620689655,28,28,GTTCCACTTTAGGAAGGGTT,0,1832266
hyuA_predicted,0.034482758620689655,28,28,GTTCATCAGACCACCAACTG,0,1874970
hyuA_predicted,0.034482758620689655,28,28,GTGCTATATTACGCATTAAG,0,1831897
hyuA_predicted,0.034482758620689655,28,28,GTGAGCATAGAAGCTGCGCT,0,1844001
hyuA_predicted,0.034482758620689655,28,28,GTAATAATAACACCGCAGGG,0,1866235
hyuA_predicted,0.034482758620689655,28,28,GGGGGCGTCGGGTCTGCGCA,0,1837210
hyuA_predicted,0.034482758620689655,28,28,GGGGCCATGCGCTTAAATTG,0,1871323
hyuA_predicted,0.034482758620689655,28,28,GCTGGGCAGTCAACGTGTCG,0,1859116
hyuA_predicted,0.034482758620689655,28,28,GCCAACCTGGAATATGCGTA,0,1834040
hyuA_predicted,0.034482758620689655,28,28,GCACGCTCCTCTGCATATCT,0,1862499
hyuA_predicted,0.034482758620689655,28,28,GACTCGGTGTGGTCATAAAA,0,1872894
hyuA_predicted,0.034482758620689655,28,28,GAACTGTCCGGCCGTGTTCC,0,1839878
hyuA_predicted,0.034482758620689655,28,28,CTGGTTTTGAATGATGTAGT,0,1842019
hyuA_predicted,0.034482758620689655,28,28,CTATGGTCATAAAGAAAGCG,0,1839390
hyuA_predicted,0.034482758620689655,28,28,CGTGGCAATAAATATCAGAG,0,1863974
hyuA_predicted,0.034482758620689655,28,28,CGGTGGGAGTTTCCCGTAAC,0,1838684
hyuA_predicted,0.034482758620689655,28,28,CGGTGCGGTCCGGGTAGAGT,0,1831053
hyuA_predicted,0.034482758620689655,28,28,CGGATCGGCGGGGTTAAATT,0,1856326
hyuA_predicted,0.034482758620689655,28,28,CGAAGCGCTCGTTACACTAT,0,1841808
hyuA_predicted,0.034482758620689655,28,28,CGAACTCAGGTCACGGGTGT,0,1843428
hyuA_predicted,0.034482758620689655,28,28,CCCTCCGACCGTGGTGAGAC,0,1864281
hyuA_predicted,0.034482758620689655,28,28,CCCGCACTATTGACGTTCAA,0,1873224
hyuA_predicted,0.034482758620689655,28,28,CAGCCTTCTCTAATATGAAG,0,1873271
hyuA_predicted,0.034482758620689655,28,28,CACGTGGACGCGAATACTAC,0,1836242
hyuA_predicted,0.034482758620689655,28,28,CACGGTGTCTAAGCTGGATC,0,1838867
hyuA_predicted,0.034482758620689655,28,28,ATTTTTTATATACGGTCCGA,0,1836024
hyuA_predicted,0.034482758620689655,28,28,ATTCGTCGGCTTACTGGCCA,0,1866774
hyuA_predicted,0.034482758620689655,28,28,ATACCGCTTATGTCAACACA,0,1840773
hyuA_predicted,0.034482758620689655,28,28,AGGACGGCGCTGTATAAACT,0,1842196
hyuA_predicted,0.034482758620689655,28,28,ACTCACTACGTCGAACCACC,0,1831157
hyuA_predicted,0.034482758620689655,28,28,ACAAGTGCAAAGGCAGTTAG,0,1862625
hyuA_predicted,0.034482758620689655,28,28,AACTGGCGACGGGGAGAGGG,0,1837178
hyuA_predicted,0.034482758620689655,28,28,AACCTGCGGCGGAAGAGCTG,0,1854177
hyuA_predicted,0.034482758620689655,28,28,AACCTCCACAACAGTCTGCT,0,1876665
hyuA_predicted,0.03571428571428571,27,27,TTGGCTATGGCGTTTGAAAT,0,1830135
hyuA_predicted,0.03571428571428571,27,27,TTGCGATGTTAACGCATCAA,0,1850470
hyuA_predicted,0.03571428571428571,27,27,TTCCCTCAGGCAACGCTCTT,0,1848129
hyuA_predicted,0.03571428571428571,27,27,TTCAAGGGACTCAAACGTAT,0,1836318
hyuA_predicted,0.03571428571428571,27,27,TTATGATCTCTGAAGGTAGT,0,1847860
hyuA_predicted,0.03571428571428571,27,27,TGGTGTTGTCATCATCATGA,0,1852610
hyuA_predicted,0.03571428571428571,27,27,TCGGTCCCGGACATCTGCGT,0,1853758
hyuA_predicted,0.03571428571428571,27,27,TCGCACCATCGGGCAGTAGT,0,1868981
hyuA_predicted,0.03571428571428571,27,27,TCCGTTAACTACGGTGGCTT,0,1857202
hyuA_predicted,0.03571428571428571,27,27,TCAGTTGCGCGTCCTGAAGC,0,1850103
hyuA_predicted,0.03571428571428571,27,27,TCACTTGCATGGCCATTAAG,0,1863654
hyuA_predicted,0.03571428571428571,27,27,TATTCATATGCGTTAACGAG,0,1831040
hyuA_predicted,0.03571428571428571,27,27,TACGTGGTTTGTTAGGTGTA,0,1849050
hyuA_predicted,0.03571428571428571,27,27,TAATTCGTGTACAGCCCTCC,0,1862982
hyuA_predicted,0.03571428571428571,27,27,TAATTCAACGATATTGCTCT,0,1836365
hyuA_predicted,0.03571428571428571,27,27,TAAACTAGCGGTACGGATGT,0,1831988
hyuA_predicted,0.03571428571428571,27,27,GTATTACGGGGTAAGGAACC,0,1835330
hyuA_predicted,0.03571428571428571,27,27,GGGGGGAGTGGTCGTAATTC,0,1837860
hyuA_predicted,0.03571428571428571,27,27,GGGGGCCAAACCGGTATTGC,0,1863639
hyuA_predicted,0.03571428571428571,27,27,GGCCTGGGGCTTGGGTGCAG,0,1872802
hyuA_predicted,0.03571428571428571,27,27,GGACATCCCGTTAATCATGC,0,1841006
hyuA_predicted,0.03571428571428571,27,27,GCGTCACCGCATCTTCAGCA,0,1853211
hyuA_predicted,0.03571428571428571,27,27,GCGCACTCCATCTGTTAGAA,0,1866246
hyuA_predicted,0.03571428571428571,27,27,GCACTGATGTCTACATAGGT,0,1847859
hyuA_predicted,0.03571428571428571,27,27,GAGCCTGGAGGAGCCGGGCA,0,1862235
hyuA_predicted,0.03571428571428571,27,27,CTTGTCCGGCAGACTTGTCT,0,1856094
hyuA_predicted,0.03571428571428571,27,27,CTGGTCTTGTACGGTTAGGT,0,1834472
hyuA_predicted,0.03571428571428571,27,27,CGTTATAGGCGCCAAGTTCA,0,1831654
hyuA_predicted,0.03571428571428571,27,27,CGTCAGGGTCACGGCTGGCA,0,1863897
hyuA_predicted,0.03571428571428571,27,27,CGGTGGAATAGCGGAGACAC,0,1852486
hyuA_predicted,0.03571428571428571,27,27,CGCTGCAGCAGCTACCTAAC,0,1842154
hyuA_predicted,0.03571428571428571,27,27,CATGCATTTTAGTACTAGCT,0,1837977
hyuA_predicted,0.03571428571428571,27,27,CACCGGGGTTGGCCTCCCTG,0,1876810
hyuA_predicted,0.03571428571428571,27,27,CACCACTACGACTAATGTTC,0,1834178
hyuA_predicted,0.03571428571428571,27,27,CAAGGTACCGCGTCTTTTGA,0,1836459
hyuA_predicted,0.03571428571428571,27,27,ATTAGTCGCTGGAATGCAAA,0,1847293
hyuA_predicted,0.03571428571428571,27,27,ATGGTGTGGTAGCCATGAGT,0,1876632
hyuA_predicted,0.03571428571428571,27,27,ATGACAAGAACGTATGGAGT,0,1841850
hyuA_predicted,0.03571428571428571,27,27,ATCGACCCTGCTGGCGCCGG,0,1836023
hyuA_predicted,0.03571428571428571,27,27,ATCCTCGAGGCCTCTACACA,0,1833275
hyuA_predicted,0.03571428571428571,27,27,ATCATAAGTGTAGCTTGTTG,0,1857607
hyuA_predicted,0.03571428571428571,27,27,ATACATCCGTTAGTCACGTT,0,1874127
hyuA_predicted,0.03571428571428571,27,27,AGCCTAGCCATGAGGGGCAG,0,1875772
hyuA_predicted,0.03571428571428571,27,27,ACTATGAAAATCATACATTG,0,1842936
hyuA_predicted,0.03571428571428571,27,27,ACTAGGTATCACGGGAAAGT,0,1843504
hyuA_predicted,0.03571428571428571,27,27,ACGAGGTAGAATACGAGTTA,0,1854480
hyuA_predicted,0.03571428571428571,27,27,ACACGTAAAACCTACGTACA,0,1858990
hyuA_predicted,0.03571428571428571,27,27,ACAAGGTATCGCGCGCATTT,0,1871401
hyuA_predicted,0.03571428571428571,27,27,ACAAAATGACGCTGTTGTTA,0,1874674
hyuA_predicted,0.03571428571428571,27,27,AAGGGTCATGAGACCTGCGA,0,1854977
hyuA_predicted,0.03571428571428571,27,27,AACTGCCGCTAGGGCAATAT,0,1839386
hyuA_predicted,0.03571428571428571,27,27,AACTCCGCGTGCAGCGGTTG,0,1860166
hyuA_predicted,0.03571428571428571,27,27,AAACCGATCTCACCGGGATG,0,1840284
hyuA_predicted,0.037037037037037035,26,26,TTGATTTCCACGATTTCGGA,0,1877565
hyuA_predicted,0.037037037037037035,26,26,TTATGGCAGGAGAGTCTGAC,0,1855246
hyuA_predicted,0.037037037037037035,26,26,TTATGGAGTTTCGTTTGGAA,0,1835742
hyuA_predicted,0.037037037037037035,26,26,TGGGGCCAAGGTGACAGAGC,0,1850513
hyuA_predicted,0.037037037037037035,26,26,TGCTATGCCTGACTTCTGAC,0,1850716
hyuA_predicted,0.037037037037037035,26,26,TGCAACTCCTGCGTTCGCAG,0,1845041
hyuA_predicted,0.037037037037037035,26,26,TGAGGAGGAATGTGACGATG,0,1865350
hyuA_predicted,0.037037037037037035,26,26,TGACGCGTGACGCAGCCGCG,0,1839776
hyuA_predicted,0.037037037037037035,26,26,TCGGGTTGGACGTCGTAGTA,0,1837852
hyuA_predicted,0.037037037037037035,26,26,TCGCGTTAAGTTTGCTTACC,0,1877210
hyuA_predicted,0.037037037037037035,26,26,TCCTACTGTGGTTCTAGGGT,0,1871337
hyuA_predicted,0.037037037037037035,26,26,TCCAGAACATGTACTGGATA,0,1872863
hyuA_predicted,0.037037037037037035,26,26,TCAAGTGCGACTATTGCGTA,0,1833127
hyuA_predicted,0.037037037037037035,26,26,TATTTGCTAAAAAGGAGATT,0,1842376
hyuA_predicted,0.037037037037037035,26,26,TATGATACATTACGTGTCGT,0,1836682
hyuA_predicted,0.037037037037037035,26,26,TACGCATGCTACAAACGCTT,0,1864352
hyuA_predicted,0.037037037037037035,26,26,TACCCCCCGGGTAAATCTTA,0,1840270
hyuA_predicted,0.037037037037037035,26,26,TAATTCGGATTTTACTCCAC,0,1862543
hyuA_predicted,0.037037037037037035,26,26,TAAGTACCTTGCCTGCGAGC,0,1847129
hyuA_predicted,0.037037037037037035,26,26,TAAGGATCTGTGTGAACCTG,0,1855985
hyuA_predicted,0.037037037037037035,26,26,GTTATTAAGTAGAGCTGCTA,0,1843501
hyuA_predicted,0.037037037037037035,26,26,GTGCACCTGTACCATTGGTA,0,1839154
hyuA_predicted,0.037037037037037035,26,26,GTCAGGATTGAGTAGACGAA,0,1842220
hyuA_predicted,0.037037037037037035,26,26,GTATTTATCGAATCTACTAT,0,1868942
hyuA_predicted,0.037037037037037035,26,26,GTACTAATGGTGCTTCTAGC,0,1868421
hyuA_predicted,0.037037037037037035,26,26,GGGGACTGAGTCTAGCCGTG,0,1832247
hyuA_predicted,0.037037037037037035,26,26,GGCGTGTGTCGCATATGAAG,0,1868154
hyuA_predicted,0.037037037037037035,26,26,GGCGGGGTCTGCCACGATGG,0,1855550
hyuA_predicted,0.037037037037037035,26,26,GGATGAGGTCAAATCAATCC,0,1843797
hyuA_predicted,0.037037037037037035,26,26,GGAAGATGTTTGGGCGGATA,0,1854484
hyuA_predicted,0.037037037037037035,26,26,GCTTACGTCCGGGTTTTTGG,0,1862758
hyuA_predicted,0.037037037037037035,26,26,GCAAGTACAGGGTAGCGTAA,0,1857458
hyuA_predicted,0.037037037037037035,26,26,GAGACGAAGAAGTAAACCTC,0,1845281
hyuA_predicted,0.037037037037037035,26,26,GAGACATCTGGATAGTGCTA,0,1867247
hyuA_predicted,0.037037037037037035,26,26,GACAACTGTACGCTAGCCCT,0,1854249
hyuA_predicted,0.037037037037037035,26,26,CTTTCTGGACAGGACCTACT,0,1836638
hyuA_predicted,0.037037037037037035,26,26,CTTCAGAGGGGCAATTGGAG,0,1834092
hyuA_predicted,0.037037037037037035,26,26,CTGGTGGTAGTAGAGGTACA,0,1857398
hyuA_predicted,0.037037037037037035,26,26,CTGGGTGTTGTCCGTTCACC,0,1851851
hyuA_predicted,0.037037037037037035,26,26,CTGCTACATACGCATGTTTA,0,1837497
hyuA_predicted,0.037037037037037035,26,26,CTGCGCTTATTTGGGCCTGT,0,1876077
hyuA_predicted,0.037037037037037035,26,26,CTGCCGGACTACTATATAGG,0,1868557
hyuA_predicted,0.037037037037037035,26,26,CTAGCCGTAGGTTTAAAAGC,0,1863245
hyuA_predicted,0.037037037037037035,26,26,CGTAAGTGCGAGCCTATACC,0,1873499
hyuA_predicted,0.037037037037037035,26,26,CGGTGAAGGTCAGCACGACC,0,1837185
hyuA_predicted,0.037037037037037035,26,26,CGGGAAGACACCTCGAGACC,0,1876705
hyuA_predicted,0.037037037037037035,26,26,CGGCCTAGGACTCTGGAAAT,0,1852673
hyuA_predicted,0.037037037037037035,26,26,CGCTAATTTGGCGCTGTAAA,0,1864311
hyuA_predicted,0.037037037037037035,26,26,CGCGTTCTGTGTTTGGGAAT,0,1858358
hyuA_predicted,0.037037037037037035,26,26,CGACTCTCTAGCGGTCTTCG,0,1834221
hyuA_predicted,0.037037037037037035,26,26,CCATAACGCAGGGCTAACAC,0,1865160
hyuA_predicted,0.037037037037037035,26,26,CATCATATCGTACTTGGGAG,0,1849739
hyuA_predicted,0.037037037037037035,26,26,CATACGCGCGGCGGGAGGAA,0,1844768
hyuA_predicted,0.037037037037037035,26,26,CACTAAGTAGTTCTAGGAGA,0,1841749
hyuA_predicted,0.037037037037037035,26,26,CACCCCGCGCACCGTCAGGC,0,1852825
hyuA_predicted,0.037037037037037035,26,26,CAACTTCAGCACGACAGGCA,0,1841728
hyuA_predicted,0.037037037037037035,26,26,ATTATAGATAAACCGTTGCT,0,1840300
hyuA_predicted,0.037037037037037035,26,26,ATTACGAGCGCAGGTCTAAA,0,1835138
hyuA_predicted,0.037037037037037035,26,26,ATCCATTGAACAGCGGTTGT,0,1846907
hyuA_predicted,0.037037037037037035,26,26,ATACCAGCGTAAGCGATGCA,0,1843432
hyuA_predicted,0.037037037037037035,26,26,AGTGTTCTTCTAGAAGAGAG,0,1841139
hyuA_predicted,0.037037037037037035,26,26,AGGCGGTTACAATTATTTCT,0,1865416
hyuA_predicted,0.037037037037037035,26,26,AGAGTAACGTGTCAGCTATT,0,1847116
hyuA_predicted,0.037037037037037035,26,26,ACGCCCGGGAAGCTAGCCGA,0,1861053
hyuA_predicted,0.037037037037037035,26,26,ACGCCACTCAGGGTTGCGCA,0,1841773
hyuA_predicted,0.037037037037037035,26,26,AAGGCTCCCTTGCCTCGAAC,0,1844725
hyuA_predicted,0.038461538461538464,25,25,TTTCGATAATTCCTGGGTGA,0,1831115
hyuA_predicted,0.038461538461538464,25,25,TTCAAGTGCAGTTTCTTCGA,0,1841404
hyuA_predicted,0.038461538461538464,25,25,TTAACGATAAATCCATACCT,0,1857107
hyuA_predicted,0.038461538461538464,25,25,TGGTTGACCGTGGTAAGATC,0,1855436
hyuA_predicted,0.038461538461538464,25,25,TGGTCTCGATCGCTAGAAAA,0,1871790
hyuA_predicted,0.038461538461538464,25,25,TGGGAGCACTCGCCCTTCGT,0,1848259
hyuA_predicted,0.038461538461538464,25,25,TGCTTATCCTCATAGTATAA,0,1873270
hyuA_predicted,0.038461538461538464,25,25,TGCGTCCTCCAGAGCCGGCG,0,1869757
hyuA_predicted,0.038461538461538464,25,25,TGCGACGCATGAACGTGCGG,0,1860055
hyuA_predicted,0.038461538461538464,25,25,TGCCGGTTGTGTCCTTGGTC,0,1838373
hyuA_predicted,0.038461538461538464,25,25,TGCCACGGGGAAGACTCATA,0,1870678
hyuA_predicted,0.038461538461538464,25,25,TCTCCCTGTGTATGGCGCAG,0,1870955
hyuA_predicted,0.038461538461538464,25,25,TCAAATCCGCGCAGGGCGCA,0,1862905
hyuA_predicted,0.038461538461538464,25,25,TATGCACGGCTCTCAGTAAT,0,1849197
hyuA_predicted,0.038461538461538464,25,25,TATGAAGTGTTTCCTCATAT,0,1853597
hyuA_predicted,0.038461538461538464,25,25,TATAGGTCCGGGACACCTGT,0,1853858
hyuA_predicted,0.038461538461538464,25,25,TATAGAGACGTTGAAGTGGT,0,1837306
hyuA_predicted,0.038461538461538464,25,25,TACGCGTTACGTACGACAAT,0,1843075
hyuA_predicted,0.038461538461538464,25,25,TACGACAGGTACTATGGTAT,0,1831234
hyuA_predicted,0.038461538461538464,25,25,GTTAGTAAGGTGGATGAGTC,0,1850522
hyuA_predicted,0.038461538461538464,25,25,GTTAAGCTCGGGCCAGCGAT,0,1851901
hyuA_predicted,0.038461538461538464,25,25,GTGGGCCAGACGAGAAGCAT,0,1869831
hyuA_predicted,0.038461538461538464,25,25,GTCTAGAATGGTGCGTATGT,0,1859467
hyuA_predicted,0.038461538461538464,25,25,GTCCTTGTTAGGATCTTCAC,0,1853331
hyuA_predicted,0.038461538461538464,25,25,GGTGGAAAACCGGGGCAGCT,0,1838543
hyuA_predicted,0.038461538461538464,25,25,GGCGTCAATGGCCGTGCCAT,0,1844343
hyuA_predicted,0.038461538461538464,25,25,GGCAACTAAAAGGCTTGACA,0,1858059
hyuA_predicted,0.038461538461538464,25,25,GCGGACTCCGTCTTATTCGC,0,1839486
hyuA_predicted,0.038461538461538464,25,25,GCCTCTACCAGCCTTAACCT,0,1845154
hyuA_predicted,0.038461538461538464,25,25,GCCATTGAGCACGGAACGTA,0,1876440
hyuA_predicted,0.038461538461538464,25,25,GATTGTTGATATTCTATGTA,0,1845258
hyuA_predicted,0.038461538461538464,25,25,GATGCTACTTAGTAGGACCA,0,1870064
hyuA_predicted,0.038461538461538464,25,25,CTGTGTTAGTGCTCAATCTG,0,1843119
hyuA_predicted,0.038461538461538464,25,25,CTGCAGTCACCTCCCGGCAA,0,1838189
hyuA_predicted,0.038461538461538464,25,25,CTAGCTCGAGTCTAGGTATA,0,1864254
hyuA_predicted,0.038461538461538464,25,25,CTAGCCCATGCAGTTCACGC,0,1845094
hyuA_predicted,0.038461538461538464,25,25,CTAGATTACAGGCTTGCGGT,0,1857512
hyuA_predicted,0.038461538461538464,25,25,CTACCCATAAGCGTGCCATT,0,1834048
hyuA_predicted,0.038461538461538464,25,25,CGCTTATCCATAGGAAACCG,0,1867241
hyuA_predicted,0.038461538461538464,25,25,CGAGGGGCAACAAGTGTGTA,0,1859362
hyuA_predicted,0.038461538461538464,25,25,CGAAGACGTGATGGCAAAAC,0,1834153
hyuA_predicted,0.038461538461538464,25,25,CCTGGTCCCCCGTTAATGTA,0,1862239
hyuA_predicted,0.038461538461538464,25,25,CCGAAAAGTAATCTGTCATC,0,1841400
hyuA_predicted,0.038461538461538464,25,25,CCAGGCACTGACTCGGGTAA,0,1833595
hyuA_predicted,0.038461538461538464,25,25,CATCTGCATGACTAGACCTT,0,1872805
hyuA_predicted,0.038461538461538464,25,25,CAGCCGGTGTCATTATATAT,0,1868823
hyuA_predicted,0.038461538461538464,25,25,ATGAACAGACACCAAGATTC,0,1837213
hyuA_predicted,0.038461538461538464,25,25,ATAGAACGTTTATAAGAGGT,0,1829369
hyuA_predicted,0.038461538461538464,25,25,ATACACATAATAGGCTAGCA,0,1871894
hyuA_predicted,0.038461538461538464,25,25,AGGTGGTCTCGGGGGAGACG,0,1856030
hyuA_predicted,0.038461538461538464,25,25,AGGTAACATGGTGCTCTTAG,0,1831224
hyuA_predicted,0.038461538461538464,25,25,AGGGGCTTGTATCAGGTGAA,0,1849032
hyuA_predicted,0.038461538461538464,25,25,AGGGCGCAGTCGAGTTGCTG,0,1829124
hyuA_predicted,0.038461538461538464,25,25,AGCAATGTGAATGTAAAGAA,0,1833402
hyuA_predicted,0.038461538461538464,25,25,AGAGGATACTCAACGGTCCT,0,1874249
hyuA_predicted,0.038461538461538464,25,25,ACTTTTCACTCGTCAAACAG,0,1846654
hyuA_predicted,0.038461538461538464,25,25,AATATCCACCCAATCATACC,0,1857998
hyuA_predicted,0.038461538461538464,25,25,AAACCCTCTGGCGGTTACAA,0,1858507
hyuA_predicted,0.04,24,24,TTTAGACAACTGACGGCTTC,0,1852800
hyuA_predicted,0.04,24,24,TTGCTAATCGGGACTCAATC,0,1854273
hyuA_predicted,0.04,24,24,TTCTGCGGAGATAGATTGGT,0,1845092
hyuA_predicted,0.04,24,24,TGTAGGGGTTCAATGTACAT,0,1875855
hyuA_predicted,0.04,24,24,TGGTGCGCGTGCGCATGCGA,0,1871760
hyuA_predicted,0.04,24,24,TGGATTCAAGCCTAATTTCC,0,1832848
hyuA_predicted,0.04,24,24,TGCAGGTATCGCGGGTCTCT,0,1831579
hyuA_predicted,0.04,24,24,TGATCTGGGTCCCAAGCCCG,0,1857448
hyuA_predicted,0.04,24,24,TGACTTTCATGCACTGCGAA,0,1839063
hyuA_predicted,0.04,24,24,TGACGTGCTACCGATACCAA,0,1868860
hyuA_predicted,0.04,24,24,TCTTTGGGGCGAGAAACTGT,0,1843120
hyuA_predicted,0.04,24,24,TCTCGAGGAAATTGTTAATT,0,1854677
hyuA_predicted,0.04,24,24,TCTCATTTGCGGAAGTCCCA,0,1841628
hyuA_predicted,0.04,24,24,TCGTACACTATCTGGTGGAC,0,1832839
hyuA_predicted,0.04,24,24,TCGCAGAGTAGGTCGTACTG,0,1842599
hyuA_predicted,0.04,24,24,TCATTAAGATTGTCCACATG,0,1832505
hyuA_predicted,0.04,24,24,TCAGGGCTGCGAGGCGCTCA,0,1830371
hyuA_predicted,0.04,24,24,TAGCGGGATATTAGGGGTTA,0,1849009
hyuA_predicted,0.04,24,24,TAGAGGGGTCGGTGCATGTA,0,1872819
hyuA_predicted,0.04,24,24,TACAGTCGCTGATGACAGAG,0,1858345
hyuA_predicted,0.04,24,24,TAAGGTTATTCGCTTTGTAA,0,1863079
hyuA_predicted,0.04,24,24,TAACGTGCCAATGGATGCCG,0,1858634
hyuA_predicted,0.04,24,24,GTTATGAATAAGTGGTTAGC,0,1845931
hyuA_predicted,0.04,24,24,GTGTTAACAAACCATCAGAT,0,1849104
hyuA_predicted,0.04,24,24,GGTTATGATCTCGTGGCCAA,0,1856055
hyuA_predicted,0.04,24,24,GGTAACGGGGATAAGAATCA,0,1830036
hyuA_predicted,0.04,24,24,GGGTTAATCTGGTGGAACCA,0,1841408
hyuA_predicted,0.04,24,24,GGGTGCCTGTAAGTGAGACA,0,1836157
hyuA_predicted,0.04,24,24,GGCGATCATCTGGTGGAAGT,0,1841327
hyuA_predicted,0.04,24,24,GGCCTCGGGGTTCGCACGGG,0,1869720
hyuA_predicted,0.04,24,24,GGCCGAGCCAGAGATAATTT,0,1840753
hyuA_predicted,0.04,24,24,GCTGGTCGCTGATAATTCGT,0,1841320
hyuA_predicted,0.04,24,24,GCCTCATGGGGGATGCAACA,0,1862656
hyuA_predicted,0.04,24,24,GCCGTAGCAGTTCGTCTCAG,0,1860845
hyuA_predicted,0.04,24,24,GCCAGGCTGATCAAAGCTAC,0,1864563
hyuA_predicted,0.04,24,24,GCATACTCGCGAAGGACTAT,0,1834135
hyuA_predicted,0.04,24,24,GCAGAATCGGCTGGAATGTT,0,1851563
hyuA_predicted,0.04,24,24,GATGACGACACATTAGAAAA,0,1850412
hyuA_predicted,0.04,24,24,GACTGGCACTCGGAGTAGCT,0,1832528
hyuA_predicted,0.04,24,24,GACTGCACACGTATAGTGCC,0,1862934
hyuA_predicted,0.04,24,24,GACGGCAATCCGTAGTTGAT,0,1830249
hyuA_predicted,0.04,24,24,CTTCGGAGTACCTATCCCTG,0,1865736
hyuA_predicted,0.04,24,24,CTTAATCGCTCGGTCATGTG,0,1867738
hyuA_predicted,0.04,24,24,CTGGTTTCCAAGGGTTGGTG,0,1863292
hyuA_predicted,0.04,24,24,CTCGCGAAGCACAGGACTTT,0,1844186
hyuA_predicted,0.04,24,24,CTCAGTGTAAATTGCATCGT,0,1861817
hyuA_predicted,0.04,24,24,CTATAAGGAGATCTTACTTC,0,1857841
hyuA_predicted,0.04,24,24,CTAACCCGTTCCATTGAAGT,0,1864881
hyuA_predicted,0.04,24,24,CGTTTGGGGCGTACGTCAAA,0,1868782
hyuA_predicted,0.04,24,24,CGGTATATATTGATCCTGCC,0,1844352
hyuA_predicted,0.04,24,24,CCTGGGGGAGGGCGCTCGAT,0,1841071
hyuA_predicted,0.04,24,24,CCGGGGAAGGCGGGTGTCTG,0,1832615
hyuA_predicted,0.04,24,24,CCGACTTCGCCTAAGGGCGG,0,1876130
hyuA_predicted,0.04,24,24,CCACCGTTTGGGAGAGCCAT,0,1839030
hyuA_predicted,0.04,24,24,CATGTTCCAGGAAGTATAAT,0,1845230
hyuA_predicted,0.04,24,24,CAGACGATACGAAGTGCCAA,0,1831655
hyuA_predicted,0.04,24,24,CAAATAAAGAGCTCGGCACC,0,1868335
hyuA_predicted,0.04,24,24,ATGGTACACATGTAGCGATA,0,1869275
hyuA_predicted,0.04,24,24,ATGCGGAGCTAGCCTGAAAG,0,1847121
hyuA_predicted,0.04,24,24,ATGACAGTTGAGTGAATTTC,0,1834862
hyuA_predicted,0.04,24,24,ATATCTAGGTGTAGAACTTA,0,1869135
hyuA_predicted,0.04,24,24,ATAGGTTCTGGGTAGATAGT,0,1850622
hyuA_predicted,0.04,24,24,AGGCATACCTAAGAAGGGAG,0,1833107
hyuA_predicted,0.04,24,24,AGGCAGTACGTGCGCTGTGA,0,1862168
hyuA_predicted,0.04,24,24,AGGACGCGGTATGCGAGGCA,0,1869060
hyuA_predicted,0.04,24,24,AGATTTGTGAGTCTCGTATG,0,1861199
hyuA_predicted,0.04,24,24,AGATCGCAGCGTCGCAGCGG,0,1872936
hyuA_predicted,0.04,24,24,AGAGGGCACTTTTAGAGGTC,0,1829179
hyuA_predicted,0.04,24,24,ACGCGCCTCTAGAGTGACAG,0,1875491
hyuA_predicted,0.04,24,24,ACGCCAAGTTACCCTACACT,0,1861670
hyuA_predicted,0.04,24,24,ACGCATTTCCCCATGTTTGT,0,1861473
hyuA_predicted,0.04,24,24,ACAAAACCGCCGAACGCTGC,0,1840551
hyuA_predicted,0.04,24,24,AATATGAAGGCCGTAGCCTC,0,1870897
hyuA_predicted,0.04,24,24,AAGGGTCCCTCAGAATGCCA,0,1838858
hyuA_predicted,0.04,24,24,AAGAGACGCGATTTCAGTGC,0,1870586
hyuA_predicted,0.04,24,24,AACATTTCTGCTCAGTTGTG,0,1853086
hyuA_predicted,0.04,24,24,AACATGCCGTAAAGGCGCGG,0,1837930
hyuA_predicted,0.04,24,24,AAACACGACAGACTCGCTAA,0,1873453
hyuA_predicted,0.041666666666666664,23,23,TTTTTTATTCCGCTCACCTC,0,1865777
hyuA_predicted,0.041666666666666664,23,23,TTCTGGCAATAACGTACAGT,0,1857766
hyuA_predicted,0.041666666666666664,23,23,TTCCGTTTGGTCGCGTCCAG,0,1862037
hyuA_predicted,0.041666666666666664,23,23,TTCAGTGAGGCGCCCACTAA,0,1875173
hyuA_predicted,0.041666666666666664,23,23,TTAGTACGATTTAAGCTAGC,0,1866501
hyuA_predicted,0.041666666666666664,23,23,TTAAGCCAGCGGTAAAATGA,0,1866530
hyuA_predicted,0.041666666666666664,23,23,TGGGTTATGGCGCATGCGCG,0,1830612
hyuA_predicted,0.041666666666666664,23,23,TGCGGACGGCTACCGCTGTA,0,1845355
hyuA_predicted,0.041666666666666664,23,23,TGATGGAAGGAGGTGTTGTA,0,1834541
hyuA_predicted,0.041666666666666664,23,23,TGACTGCGTGTACGGAGGAA,0,1870923
hyuA_predicted,0.041666666666666664,23,23,TCTCTTTGCAGACGGCCGCT,0,1855749
hyuA_predicted,0.041666666666666664,23,23,TCTAGAGTGGTTCTGTAGGC,0,1839168
hyuA_predicted,0.041666666666666664,23,23,TCGCCTAGGGCTGTGAACCA,0,1834655
hyuA_predicted,0.041666666666666664,23,23,TCCTGGCTGCGGGGCAGTTA,0,1858342
hyuA_predicted,0.041666666666666664,23,23,TCCCTTCATAAGCCTAATTG,0,1873653
hyuA_predicted,0.041666666666666664,23,23,TCATCATGGGTAGCGCATGG,0,1868656
hyuA_predicted,0.041666666666666664,23,23,TCACAGTTGGTCGGGGAATG,0,1865325
hyuA_predicted,0.041666666666666664,23,23,TATGAAAAGAGGGCCATCAG,0,1861894
hyuA_predicted,0.041666666666666664,23,23,GTTGGCAGAGGCGAGGTATG,0,1843331
hyuA_predicted,0.041666666666666664,23,23,GTTGCCACTCTGTCGTTCAA,0,1872268
hyuA_predicted,0.041666666666666664,23,23,GTTAGGATTTGGCACACATG,0,1846789
hyuA_predicted,0.041666666666666664,23,23,GTCCCTTCACGCTTGGCGAA,0,1869297
hyuA_predicted,0.041666666666666664,23,23,GTAGATCGTAGCATACCTGC,0,1867003
hyuA_predicted,0.041666666666666664,23,23,GTACCGTAACGGCCTTTGTG,0,1844236
hyuA_predicted,0.041666666666666664,23,23,GGTACAAACGGGAGTAAATA,0,1872988
hyuA_predicted,0.041666666666666664,23,23,GGGAATCACAATCTATCGAG,0,1838483
hyuA_predicted,0.041666666666666664,23,23,GGCACTAAAATATACTGTAT,0,1831020
hyuA_predicted,0.041666666666666664,23,23,GGAGAAGCCACACGGCTCAG,0,1851153
hyuA_predicted,0.041666666666666664,23,23,GGACTGTGCGTCCCTTGCCA,0,1863212
hyuA_predicted,0.041666666666666664,23,23,GCTTTGCCGTATACTGGTCA,0,1850519
hyuA_predicted,0.041666666666666664,23,23,GCTGGGCTGTTCTTTCCATT,0,1862031
hyuA_predicted,0.041666666666666664,23,23,GCTCGTGGCTCTATCAATTT,0,1841186
hyuA_predicted,0.041666666666666664,23,23,GCACCGGATGATCACGTGGT,0,1833096
hyuA_predicted,0.041666666666666664,23,23,GATTCCGCGCTAACAGTATG,0,1864310
hyuA_predicted,0.041666666666666664,23,23,GAGTTGTGCACTCGTACGAA,0,1844463
hyuA_predicted,0.041666666666666664,23,23,GACCTGGTAGCAATCTTCCT,0,1865458
hyuA_predicted,0.041666666666666664,23,23,GACAGATTCCTCACTTGCCT,0,1862722
hyuA_predicted,0.041666666666666664,23,23,GAAGAAGTGTGCTCTATATG,0,1859755
hyuA_predicted,0.041666666666666664,23,23,GAACCAATTATATGTCGGCG,0,1850719
hyuA_predicted,0.041666666666666664,23,23,GAAATTTTAATGGACACATG,0,1835211
hyuA_predicted,0.041666666666666664,23,23,CTGGTTAAACGGGTTGCAGT,0,1876789
hyuA_predicted,0.041666666666666664,23,23,CTGGTCAACTCGCCTGTTTT,0,1859072
hyuA_predicted,0.041666666666666664,23,23,CTGCTCCCAGGCTTGTCTAT,0,1876478
hyuA_predicted,0.041666666666666664,23,23,CTCGTATCGTCCAGCATGGA,0,1858800
hyuA_predicted,0.041666666666666664,23,23,CTCCGGCAGCGTTAATTGGG,0,1868438
hyuA_predicted,0.041666666666666664,23,23,CTATTTACAGTGGCGGGACA,0,1855968
hyuA_predicted,0.041666666666666664,23,23,CTATCGGAAGGGACGACATC,0,1837920
hyuA_predicted,0.041666666666666664,23,23,CTATCGCGGCCACGGGTCCT,0,1849078
hyuA_predicted,0.041666666666666664,23,23,CTATATACAGTGCTAGGTTC,0,1854572
hyuA_predicted,0.041666666666666664,23,23,CGTTGGGTGGATAGTTGTCC,0,1845489
hyuA_predicted,0.041666666666666664,23,23,CGGTTCTTTGACAGCGGTAC,0,1856356
hyuA_predicted,0.041666666666666664,23,23,CGAGCGAGCGGGAACCTTAT,0,1846520
hyuA_predicted,0.041666666666666664,23,23,CCCAGGACGTTCGTAGTGCT,0,1857759
hyuA_predicted,0.041666666666666664,23,23,CCCAGCTCTTCCTATAAAAC,0,1854455
hyuA_predicted,0.041666666666666664,23,23,CCACTCGCCCAGCAGTTTTG,0,1861723
hyuA_predicted,0.041666666666666664,23,23,CCAAACAGCTACTTTGAAAT,0,1862232
hyuA_predicted,0.041666666666666664,23,23,CAACGGGCCAGTATACTACT,0,1865673
hyuA_predicted,0.041666666666666664,23,23,CAAATCAAGGGGAAGGATCC,0,1872712
hyuA_predicted,0.041666666666666664,23,23,ATTTACGCTGTTTTAAGAGG,0,1838926
hyuA_predicted,0.041666666666666664,23,23,ATCCGAGGGTGTGCTACTAG,0,1862937
hyuA_predicted,0.041666666666666664,23,23,ATCCCTAGACCCGTCAATTT,0,1865334
hyuA_predicted,0.041666666666666664,23,23,ATCACTGATGTAAGGTTCCT,0,1833859
hyuA_predicted,0.041666666666666664,23,23,ATATAAGCCGCGACCAACGG,0,1862171
hyuA_predicted,0.041666666666666664,23,23,ATAGCTTGTGCTCGTAAACT,0,1839252
hyuA_predicted,0.041666666666666664,23,23,AGCTTCATATACAACAGGTA,0,1841660
hyuA_predicted,0.041666666666666664,23,23,AGCTTATAGCGAGGCATGTA,0,1841425
hyuA_predicted,0.041666666666666664,23,23,AGACACCAGCTGAAGTCCCG,0,1859866
hyuA_predicted,0.041666666666666664,23,23,ACGTCTCACACGGATACGAA,0,1848357
hyuA_predicted,0.041666666666666664,23,23,ACGGGAACCACAGCTAACCT,0,1856288
hyuA_predicted,0.041666666666666664,23,23,ACGCGGACCCATCCTGCACA,0,1876755
hyuA_predicted,0.041666666666666664,23,23,ACGAGCGGAGTCCCTCATCA,0,1871347
hyuA_predicted,0.041666666666666664,23,23,AATTAGAGTGAAGGAATCGC,0,1834863
hyuA_predicted,0.041666666666666664,23,23,AAGTTGTATAGTTCTTTTAA,0,1831891
hyuA_predicted,0.041666666666666664,23,23,AAGATCTTTGTCTAGTGCGT,0,1844113
hyuA_predicted,0.041666666666666664,23,23,AAACACGGTCGGGAGACGCA,0,1839121
hyuA_predicted,0.043478260869565216,22,22,TTTTTACACCATCTGGCCTC,0,1877130
hyuA_predicted,0.043478260869565216,22,22,TTTTGAGTGACAGCCCCTTA,0,1869102
hyuA_predicted,0.043478260869565216,22,22,TTTTAATGACCCTGGAAGCA,0,1840033
hyuA_predicted,0.043478260869565216,22,22,TTGTGGTGATGGGTGCGGGG,0,1855706
hyuA_predicted,0.043478260869565216,22,22,TTCTCATTGCGACTATTTGG,0,1857681
hyuA_predicted,0.043478260869565216,22,22,TTAGCATTCCATCTTCAATC,0,1864960
hyuA_predicted,0.043478260869565216,22,22,TTAAAGCTCGTAAGAGTTAT,0,1872718
hyuA_predicted,0.043478260869565216,22,22,TGTACTCTAACACACGCGGA,0,1865543
hyuA_predicted,0.043478260869565216,22,22,TGGTAGGGTCCGCCGTTAAT,0,1840425
hyuA_predicted,0.043478260869565216,22,22,TGAATGTTTCGATACCAATA,0,1848074
hyuA_predicted,0.043478260869565216,22,22,TGAAAAACTCGACCTGGTCA,0,1868810
hyuA_predicted,0.043478260869565216,22,22,TCGGTAGGACTTCCTTTAAT,0,1850108
hyuA_predicted,0.043478260869565216,22,22,TCAGAAAATATGTGTAGGGA,0,1848354
hyuA_predicted,0.043478260869565216,22,22,TCAAGCTTGGTTCCTACCAG,0,1869528
hyuA_predicted,0.043478260869565216,22,22,TATTCTCGGGGCCGCGTCAG,0,1862173
hyuA_predicted,0.043478260869565216,22,22,TATGAGCTGAACAACATTCA,0,1857654
hyuA_predicted,0.043478260869565216,22,22,TATCAAAATGCCTGTATGCA,0,1869036
hyuA_predicted,0.043478260869565216,22,22,TAGGGGAGTTTTAATATAGA,0,1866148
hyuA_predicted,0.043478260869565216,22,22,TAGACGAAGCTCTCTAGCGT,0,1873571
hyuA_predicted,0.043478260869565216,22,22,TAAATCCGAGACCACTTTGT,0,1832591
hyuA_predicted,0.043478260869565216,22,22,GTTGTGCCCTTTTCATGTGA,0,1834899
hyuA_predicted,0.043478260869565216,22,22,GTTGGGATCGCCGTGCGGGA,0,1843993
hyuA_predicted,0.043478260869565216,22,22,GTTATAACTACGGTCGGGGC,0,1840377
hyuA_predicted,0.043478260869565216,22,22,GTGTATACTCAGTGCGTGAG,0,1835862
hyuA_predicted,0.043478260869565216,22,22,GTGGCTTTATGGGTGTGCGA,0,1874879
hyuA_predicted,0.043478260869565216,22,22,GTGATGCAGGGACCTCGCAA,0,1856742
hyuA_predicted,0.043478260869565216,22,22,GTCAGCCGATGTGAACACTG,0,1836777
hyuA_predicted,0.043478260869565216,22,22,GTATGTTTTGGCACATGCTG,0,1852294
hyuA_predicted,0.043478260869565216,22,22,GTAGAAGCTAGCTTTTCTAT,0,1871962
hyuA_predicted,0.043478260869565216,22,22,GGTTCGTACGACGTTGTTCG,0,1859647
hyuA_predicted,0.043478260869565216,22,22,GGTAGGTAGCTTTACTGCTG,0,1851891
hyuA_predicted,0.043478260869565216,22,22,GGTAAGCTCAGGTCCCGGGT,0,1864150
hyuA_predicted,0.043478260869565216,22,22,GGGTCCTCTAGTCGATCCTT,0,1860259
hyuA_predicted,0.043478260869565216,22,22,GGGGGGTCACACTCATCTTG,0,1875709
hyuA_predicted,0.043478260869565216,22,22,GGCTCTGCAGACGTTCTCTA,0,1864240
hyuA_predicted,0.043478260869565216,22,22,GGCACGGAACATGAGCATCA,0,1838747
hyuA_predicted,0.043478260869565216,22,22,GCTGGTCGATCCAAGAGGAC,0,1849554
hyuA_predicted,0.043478260869565216,22,22,GCTCACAGGTTGCAATCAGC,0,1838016
hyuA_predicted,0.043478260869565216,22,22,GCGGGTACAACCGCGTAATA,0,1855593
hyuA_predicted,0.043478260869565216,22,22,GCAGCCGAGACCATAGACGA,0,1872676
hyuA_predicted,0.043478260869565216,22,22,GAGGGTATTTAGCACGCCCT,0,1852166
hyuA_predicted,0.043478260869565216,22,22,GAGGACATATACCCAGGAAC,0,1869339
hyuA_predicted,0.043478260869565216,22,22,GAGCAACCATCTATGCGAGT,0,1833669
hyuA_predicted,0.043478260869565216,22,22,GAGAGTTGGCTCCAGGTTAT,0,1854457
hyuA_predicted,0.043478260869565216,22,22,GAATAGGCTTTCATACTACA,0,1847351
hyuA_predicted,0.043478260869565216,22,22,GAAGTCGCACTGAGGCTCTA,0,1866871
hyuA_predicted,0.043478260869565216,22,22,CTGCTGAGTCGGAGCACCAA,0,1854355
hyuA_predicted,0.043478260869565216,22,22,CTATGTCACATCTTGCTTTG,0,1865780
hyuA_predicted,0.043478260869565216,22,22,CTATGCGGTCTCTAGTCGCC,0,1876758
hyuA_predicted,0.043478260869565216,22,22,CTAGCCAGGGTAGCGCAGAC,0,1877452
hyuA_predicted,0.043478260869565216,22,22,CTACGAACAGATTTGCACAG,0,1844885
hyuA_predicted,0.043478260869565216,22,22,CGTGTTAGAGGGTAGTCGCG,0,1857451
hyuA_predicted,0.043478260869565216,22,22,CGGACTCACATTTCTAGGCC,0,1856860
hyuA_predicted,0.043478260869565216,22,22,CGCTACCTTTTAGACGGGCT,0,1871016
hyuA_predicted,0.043478260869565216,22,22,CGATCAGTCCTATTGATTCA,0,1870880
hyuA_predicted,0.043478260869565216,22,22,CGACAGACAATATCCAGATG,0,1864136
hyuA_predicted,0.043478260869565216,22,22,CGAACACAGGGCAATTCCAG,0,1833357
hyuA_predicted,0.043478260869565216,22,22,CCTGGTTACAGGTTTCTGTA,0,1845959
hyuA_predicted,0.043478260869565216,22,22,CCGTAAGTACCGGCTGGCGT,0,1847456
hyuA_predicted,0.043478260869565216,22,22,CCGATAAGACCCAGCATTAA,0,1846975
hyuA_predicted,0.043478260869565216,22,22,CCCGACCAGAATTAGCCCCT,0,1831688
hyuA_predicted,0.043478260869565216,22,22,CCATGGGTCGCTGCTCGGCT,0,1867000
hyuA_predicted,0.043478260869565216,22,22,CCAGGCAGCGATCGGGTTTT,0,1859074
hyuA_predicted,0.043478260869565216,22,22,CAGTAAAAAATGGTATCCTT,0,1851058
hyuA_predicted,0.043478260869565216,22,22,CAGCCTCCACGCCCGTGGCG,0,1850396
hyuA_predicted,0.043478260869565216,22,22,CAGACAGCCCACACTAGCGA,0,1843133
hyuA_predicted,0.043478260869565216,22,22,CACGCTAGTGCGGGCACAAG,0,1875833
hyuA_predicted,0.043478260869565216,22,22,ATTGGCCTAATCAATAGGTT,0,1843715
hyuA_predicted,0.043478260869565216,22,22,ATTCCTTACATGTTGCTATA,0,1863048
hyuA_predicted,0.043478260869565216,22,22,ATGGGGGATCATACTACCGA,0,1833341
hyuA_predicted,0.043478260869565216,22,22,ATCGTCCATCTATCATTTCA,0,1867665
hyuA_predicted,0.043478260869565216,22,22,ATATGCAGACGTGCAGGAGA,0,1866404
hyuA_predicted,0.043478260869565216,22,22,ATACGCTGTAGGTTATCCAC,0,1855212
hyuA_predicted,0.043478260869565216,22,22,ATAAGGACTTGCCCAAGAGA,0,1845914
hyuA_predicted,0.043478260869565216,22,22,AGTTGTTTCAGAACACAATG,0,1841367
hyuA_predicted,0.043478260869565216,22,22,AGTAGGATATGACTCAAGCC,0,1861755
hyuA_predicted,0.043478260869565216,22,22,AGTAGCGCATCACTCAAGAG,0,1838680
hyuA_predicted,0.043478260869565216,22,22,AGGCTCGTCATCTACTACTA,0,1843662
hyuA_predicted,0.043478260869565216,22,22,AGGCGCGGTACGGTAAGTAA,0,1850902
hyuA_predicted,0.043478260869565216,22,22,AGACGCATTTAGAAGAATGC,0,1864179
hyuA_predicted,0.043478260869565216,22,22,AGAAAGCAGTTCGGGACCGG,0,1837305
hyuA_predicted,0.043478260869565216,22,22,AGAAACGAGCCGGCTTAGTT,0,1865011
hyuA_predicted,0.043478260869565216,22,22,ACTGGTCTCGGATAAATGCT,0,1850097
hyuA_predicted,0.043478260869565216,22,22,ACGTGTCGCGTATTGAAAGA,0,1831892
hyuA_predicted,0.043478260869565216,22,22,ACCTCTATCACGCGAAAATT,0,1850322
hyuA_predicted,0.043478260869565216,22,22,ACCTCAGCCCATGAGGAAAA,0,1852388
hyuA_predicted,0.043478260869565216,22,22,ACCTATGGCCTCCCACATGA,0,1851081
hyuA_predicted,0.043478260869565216,22,22,ACCCTGGATACAAAGCGTCG,0,1849201
hyuA_predicted,0.043478260869565216,22,22,AATACGACCACTCTACACGA,0,1858407
hyuA_predicted,0.043478260869565216,22,22,AATACCGATAACGGCCCGAC,0,1839451
hyuA_predicted,0.043478260869565216,22,22,AAGTTTGTGGAATTAGTATA,0,1837063
hyuA_predicted,0.043478260869565216,22,22,AAGGCCAGTATGGGAAAAGG,0,1851285
hyuA_predicted,0.043478260869565216,22,22,AACAGCAGCCCACAGTGTCT,0,1870552
hyuA_predicted,0.043478260869565216,22,22,AAATGTTTCCTCCGTTCACA,0,1868165
hyuA_predicted,0.045454545454545456,21,21,TTTCAAGTGAGGTTCTCGCG,0,1867041
hyuA_predicted,0.045454545454545456,21,21,TTGTTCTCAGTTAACTGGTT,0,1843286
hyuA_predicted,0.045454545454545456,21,21,TTGATAACATATGAATCACG,0,1842234
hyuA_predicted,0.045454545454545456,21,21,TTGACATAGCAAGTGTTCTA,0,1877473
hyuA_predicted,0.045454545454545456,21,21,TTCGAGTCCGATACATCTTG,0,1847019
hyuA_predicted,0.045454545454545456,21,21,TTAGGTGTCCGTTATTATGG,0,1837836
hyuA_predicted,0.045454545454545456,21,21,TGTTTGCACACACAACAGCC,0,1839406
hyuA_predicted,0.045454545454545456,21,21,TGTTGCCTCTTTTACCAATT,0,1875029
hyuA_predicted,0.045454545454545456,21,21,TGTGGGTTACCACGGTAGGG,0,1877678
hyuA_predicted,0.045454545454545456,21,21,TGTCGCATGTAGAGCTCTCT,0,1856424
hyuA_predicted,0.045454545454545456,21,21,TGGTCCCTGAGGGTTATTAG,0,1848034
hyuA_predicted,0.045454545454545456,21,21,TGGCCATTTCCGAGCTCATG,0,1850889
hyuA_predicted,0.045454545454545456,21,21,TGGACGTACGGCTGGTATTA,0,1870996
hyuA_predicted,0.045454545454545456,21,21,TGGACATGGGGGGAGCGGCA,0,1875351
hyuA_predicted,0.045454545454545456,21,21,TGCAGGGACTCCGAGAGCAA,0,1856247
hyuA_predicted,0.045454545454545456,21,21,TCTCTCGTGCCGTATGTGTT,0,1855153
hyuA_predicted,0.045454545454545456,21,21,TCCGATAAGATAACTTGGCT,0,1870745
hyuA_predicted,0.045454545454545456,21,21,TCCGAAGGGGAAGGCTCGTG,0,1870066
hyuA_predicted,0.045454545454545456,21,21,TCCCGAGAGGGGAGTTTGAG,0,1857460
hyuA_predicted,0.045454545454545456,21,21,TCAGCGTGTTCTCTAACGCC,0,1858258
hyuA_predicted,0.045454545454545456,21,21,TCACGGACGGGTATGTCACT,0,1839389
hyuA_predicted,0.045454545454545456,21,21,TCACCTGTGTGACAGCAAGT,0,1874669
hyuA_predicted,0.045454545454545456,21,21,TATCCGGTTACGGCATTGGC,0,1863594
hyuA_predicted,0.045454545454545456,21,21,TATCAACGGGTCTGGCGCTA,0,1845567
hyuA_predicted,0.045454545454545456,21,21,TAGCGTAATTACCAGGTGTA,0,1846272
hyuA_predicted,0.045454545454545456,21,21,TAGCGCGCATTCTCGAGTGG,0,1844347
hyuA_predicted,0.045454545454545456,21,21,TACCGACGTTTCTATCACAT,0,1835365
hyuA_predicted,0.045454545454545456,21,21,TACCATTACGGAACTTCTTG,0,1852464
hyuA_predicted,0.045454545454545456,21,21,GTTTTAGCAGAGGTCGTCCT,0,1844443
hyuA_predicted,0.045454545454545456,21,21,GTTCCTTTTTGAAGCTCTAG,0,1854010
hyuA_predicted,0.045454545454545456,21,21,GTGGCGCCCCCCGCGTTAGA,0,1852337
hyuA_predicted,0.045454545454545456,21,21,GTCGTGGGTTTGTGGAGAGA,0,1863156
hyuA_predicted,0.045454545454545456,21,21,GTCCACGAGGTCTTCGAAAG,0,1870098
hyuA_predicted,0.045454545454545456,21,21,GTCATTCTCGGGACTGCACG,0,1830964
hyuA_predicted,0.045454545454545456,21,21,GTCAAGACTTGTACACGTTC,0,1862034
hyuA_predicted,0.045454545454545456,21,21,GTAGTCAGACAGTAGCAATA,0,1870046
hyuA_predicted,0.045454545454545456,21,21,GTAACCCGTGTATAAGCAAA,0,1860351
hyuA_predicted,0.045454545454545456,21,21,GGTTCATTACCACGGAAATG,0,1856606
hyuA_predicted,0.045454545454545456,21,21,GGGTCTAAGGCACCAGGTCA,0,1847930
hyuA_predicted,0.045454545454545456,21,21,GGGCACTTCATCGACAGGGA,0,1869805
hyuA_predicted,0.045454545454545456,21,21,GGCCCCTATCAGAGCGTCGA,0,1835418
hyuA_predicted,0.045454545454545456,21,21,GGCAATGCAGGCCGAATCAA,0,1874453
hyuA_predicted,0.045454545454545456,21,21,GGATTGCGCCGGGCACGCGT,0,1865570
hyuA_predicted,0.045454545454545456,21,21,GGATAGGTGAACGCCAGTGT,0,1857105
hyuA_predicted,0.045454545454545456,21,21,GCGGCATCACAGTATGCCTT,0,1838896
hyuA_predicted,0.045454545454545456,21,21,GCGCTGAGGGTGTAACCCCT,0,1852923
hyuA_predicted,0.045454545454545456,21,21,GCCCGGTTACTTGAATGATT,0,1840581
hyuA_predicted,0.045454545454545456,21,21,GCCAACACAAACGCGGAGGA,0,1876660
hyuA_predicted,0.045454545454545456,21,21,GATCATGTCTGCGGCCCAAG,0,1845140
hyuA_predicted,0.045454545454545456,21,21,GAGTTCAAGGTCGGATTAAT,0,1849390
hyuA_predicted,0.045454545454545456,21,21,GACTCTGAGTTACCGATCAA,0,1848730
hyuA_predicted,0.045454545454545456,21,21,GACCGGAGTAAGCTAACATC,0,1846599
hyuA_predicted,0.045454545454545456,21,21,GAATTTAGGTGGAGGAGGTT,0,1841042
hyuA_predicted,0.045454545454545456,21,21,GAATTGTACGGGTCGGGATC,0,1867224
hyuA_predicted,0.045454545454545456,21,21,GAAAACCCAAGATTTGGGCT,0,1877400
hyuA_predicted,0.045454545454545456,21,21,CTTTAAGTACATTAGGGACT,0,1844592
hyuA_predicted,0.045454545454545456,21,21,CTTCTCCAAGACTCCGGAGC,0,1855934
hyuA_predicted,0.045454545454545456,21,21,CTGTACTTCGGAAGCACGTC,0,1851532
hyuA_predicted,0.045454545454545456,21,21,CTGTAATTCGATTCGATCAC,0,1843863
hyuA_predicted,0.045454545454545456,21,21,CTGGGGGCATATCTGTTGAA,0,1858201
hyuA_predicted,0.045454545454545456,21,21,CTGGATAGAACCATTCTAGA,0,1873127
hyuA_predicted,0.045454545454545456,21,21,CTGCTAGAGTAGTTAAAGGG,0,1866571
hyuA_predicted,0.045454545454545456,21,21,CTCTACTTTCGCGCTTCCAC,0,1832502
hyuA_predicted,0.045454545454545456,21,21,CTCGCACTATACCGGTTGTT,0,1858763
hyuA_predicted,0.045454545454545456,21,21,CTCCGCGCTGTTAAAAGGTG,0,1828960
hyuA_predicted,0.045454545454545456,21,21,CTCAGACTCGGTCTTCTCAA,0,1858092
hyuA_predicted,0.045454545454545456,21,21,CGTTGGGCTTGCGATTAAGT,0,1875357
hyuA_predicted,0.045454545454545456,21,21,CGGTGGTCTATGTTAAATTT,0,1857396
hyuA_predicted,0.045454545454545456,21,21,CGGGTGTACCTTCCAAGGCT,0,1867979
hyuA_predicted,0.045454545454545456,21,21,CGGACGTCAATTGTGGTATA,0,1836213
hyuA_predicted,0.045454545454545456,21,21,CGCTTAGATATTTTCCCTAG,0,1855627
hyuA_predicted,0.045454545454545456,21,21,CGCACGCCCTCATATAAAGG,0,1867463
hyuA_predicted,0.045454545454545456,21,21,CGAAGAGCGACATATCGTGA,0,1836782
hyuA_predicted,0.045454545454545456,21,21,CCTTGACGAGAACGCAGATT,0,1842211
hyuA_predicted,0.045454545454545456,21,21,CCTGCTGCGCTTTGTAATGT,0,1876169
hyuA_predicted,0.045454545454545456,21,21,CCTCAGACGAATATATCCGA,0,1862775
hyuA_predicted,0.045454545454545456,21,21,CCTAACGTAACTCGAGCAAG,0,1853636
hyuA_predicted,0.045454545454545456,21,21,CCGCTCTCGCTATAAGACCC,0,1865123
hyuA_predicted,0.045454545454545456,21,21,CCCGCATCCGCAATGGACGT,0,1847321
hyuA_predicted,0.045454545454545456,21,21,CATTTGCACCTTGATGTAAC,0,1849819
hyuA_predicted,0.045454545454545456,21,21,CATGAATATGCTTTCCGCTA,0,1847574
hyuA_predicted,0.045454545454545456,21,21,CATAAACTCTGTGGCTGTTG,0,1877342
hyuA_predicted,0.045454545454545456,21,21,CAGTTCGGGACATAACTAAC,0,1852191
hyuA_predicted,0.045454545454545456,21,21,CACATCACGGCGTCGCGTAA,0,1839707
hyuA_predicted,0.045454545454545456,21,21,ATTTGCTTAGCGAAGATTTG,0,1861613
hyuA_predicted,0.045454545454545456,21,21,ATTGATGGGGCAGATCATAA,0,1842482
hyuA_predicted,0.045454545454545456,21,21,ATTAATGTTAATGCGAGAGT,0,1871080
hyuA_predicted,0.045454545454545456,21,21,ATGTGCTTACAGAACGCGGT,0,1875506
hyuA_predicted,0.045454545454545456,21,21,ATGGTTGTCTCGTGTGATTA,0,1869165
hyuA_predicted,0.045454545454545456,21,21,ATGGCAACATTGGTTCCTTT,0,1836283
hyuA_predicted,0.045454545454545456,21,21,ATGGACAGTGTTCTGCATTC,0,1829128
hyuA_predicted,0.045454545454545456,21,21,ATGCAAATTTGCGTGGGACA,0,1849250
hyuA_predicted,0.045454545454545456,21,21,ATGAATTTACGAAGGAAGTC,0,1834910
hyuA_predicted,0.045454545454545456,21,21,ATCGCATAGCTCATCAAATT,0,1869548
hyuA_predicted,0.045454545454545456,21,21,ATAGGTTTTAAGGGGAATAG,0,1838806
hyuA_predicted,0.045454545454545456,21,21,ATAAAGGACAAGACGAGTCA,0,1870408
hyuA_predicted,0.045454545454545456,21,21,AGTTGTAGGGGACGGGGTCA,0,1860031
hyuA_predicted,0.045454545454545456,21,21,AGGTCAACATGGGCGAGGAA,0,1835946
hyuA_predicted,0.045454545454545456,21,21,AGGGACATAATCTGCGACAT,0,1832128
hyuA_predicted,0.045454545454545456,21,21,AGGCGAAGTTCGAGTAGGAA,0,1829251
hyuA_predicted,0.045454545454545456,21,21,AGCTCGTTACTACAACGCCC,0,1830452
hyuA_predicted,0.045454545454545456,21,21,AGCCCCCTATTGGGGTGCGG,0,1829840
hyuA_predicted,0.045454545454545456,21,21,AGCATTTAGCTCAGAGACTG,0,1872280
hyuA_predicted,0.045454545454545456,21,21,AGATTGGGGTTTCTTTTGAT,0,1870101
hyuA_predicted,0.045454545454545456,21,21,AGATCAAACGATTCCAAGGC,0,1876438
hyuA_predicted,0.045454545454545456,21,21,AGAGTGACCGGGTAGCTTCA,0,1842032
hyuA_predicted,0.045454545454545456,21,21,AGAGGATAGATGTGGCGGAA,0,1875964
hyuA_predicted,0.045454545454545456,21,21,AGAGCCTAGTATTCGCACAC,0,1835597
hyuA_predicted,0.045454545454545456,21,21,ACGATTAACTAAGTCTCTGA,0,1869759
hyuA_predicted,0.045454545454545456,21,21,ACATGAGGAATTTACGCTGA,0,1860134
hyuA_predicted,0.045454545454545456,21,21,ACAGCATCGGTGGTGTCCGG,0,1862914
hyuA_predicted,0.045454545454545456,21,21,AAGTAGAAACCGTCGCTGTC,0,1852198
hyuA_predicted,0.045454545454545456,21,21,AACGGCGCACAGTTGCAGGC,0,1831083
hyuA_predicted,0.045454545454545456,21,21,AACCGGTAGGCTGGACCAAT,0,1868869
hyuA_predicted,0.045454545454545456,21,21,AACCATCAACTTCAGTCTTA,0,1875140
hyuA_predicted,0.045454545454545456,21,21,AAATGACGAGCATTCCAGTA,0,1844908
hyuA_predicted,0.045454545454545456,21,21,AAAATCGACACAAGTTTAAA,0,1846903
hyuA_predicted,0.047619047619047616,20,20,TTGGTAGAGGTTTACTTTGG,0,1870511
hyuA_predicted,0.047619047619047616,20,20,TTCCGTGTCTCGAACAACAG,0,1849682
hyuA_predicted,0.047619047619047616,20,20,TTAGTCCGATTGGTACCAGT,0,1833420
hyuA_predicted,0.047619047619047616,20,20,TTACACGTTGCCAACAGATG,0,1840212
hyuA_predicted,0.047619047619047616,20,20,TGTGTGGCATCCGTATTAAT,0,1855120
hyuA_predicted,0.047619047619047616,20,20,TGTAATAAGTGTCTCTAAAA,0,1832614
hyuA_predicted,0.047619047619047616,20,20,TGGGGACCACGGTTAGAAGA,0,1830737
hyuA_predicted,0.047619047619047616,20,20,TGGCATCTGACCGAGTCGTG,0,1852195
hyuA_predicted,0.047619047619047616,20,20,TGCGGTACCAATTATACGTC,0,1836336
hyuA_predicted,0.047619047619047616,20,20,TGCCAATCTTATGAGTCACT,0,1837343
hyuA_predicted,0.047619047619047616,20,20,TGATTGTCTCTCATGGGGTA,0,1855409
hyuA_predicted,0.047619047619047616,20,20,TCTGCCCGTAGGTCTCCAAC,0,1836387
hyuA_predicted,0.047619047619047616,20,20,TCTACGGATGAAATGAGCGT,0,1841302
hyuA_predicted,0.047619047619047616,20,20,TCCAGTCGCCCAGCGCCGAT,0,1877857
hyuA_predicted,0.047619047619047616,20,20,TCCAGCCACCGTAAGCCCGC,0,1838918
hyuA_predicted,0.047619047619047616,20,20,TCAGAGATGACCCTCTCCTG,0,1839854
hyuA_predicted,0.047619047619047616,20,20,TCACATTTTGCATGTGATCG,0,1861728
hyuA_predicted,0.047619047619047616,20,20,TATCATCGTTTTCTCCCTAA,0,1868125
hyuA_predicted,0.047619047619047616,20,20,TATAAGGCCCATCACTTTCG,0,1833885
hyuA_predicted,0.047619047619047616,20,20,TAGAAGCACTCTACTGAAAC,0,1847527
hyuA_predicted,0.047619047619047616,20,20,TACGGCGCTACGCGCCATTA,0,1836947
hyuA_predicted,0.047619047619047616,20,20,TACCGAAACGTTGGATTAGA,0,1835781
hyuA_predicted,0.047619047619047616,20,20,TACATTCGTGGGCAAGGACT,0,1856665
hyuA_predicted,0.047619047619047616,20,20,GTCTTCTCTGTTTCAGGTAA,0,1857662
hyuA_predicted,0.047619047619047616,20,20,GTCGCATTGCATCAGTACAT,0,1839566
hyuA_predicted,0.047619047619047616,20,20,GTCCCAATGCGCCCGGGTGT,0,1838516
hyuA_predicted,0.047619047619047616,20,20,GTCATTAGCGGAATTCATGT,0,1857755
hyuA_predicted,0.047619047619047616,20,20,GTATCAGGGGTAAAGGCATG,0,1839571
hyuA_predicted,0.047619047619047616,20,20,GTAGCAATCAGTAAGCGCCC,0,1863208
hyuA_predicted,0.047619047619047616,20,20,GTACCGCAGGGGGTCAGTGG,0,1840964
hyuA_predicted,0.047619047619047616,20,20,GTAAATTCCGGGGCGAAGAA,0,1854481
hyuA_predicted,0.047619047619047616,20,20,GGTTACCTCCGCTCATGTGG,0,1869450
hyuA_predicted,0.047619047619047616,20,20,GGTGGTTTTGTCACCTGACA,0,1834039
hyuA_predicted,0.047619047619047616,20,20,GGTGACATCCGTCGTTATCA,0,1858343
hyuA_predicted,0.047619047619047616,20,20,GGTCCGGCCCTTGAGCTAGT,0,1860915
hyuA_predicted,0.047619047619047616,20,20,GGTATTCTGGACCGCAACAT,0,1845207
hyuA_predicted,0.047619047619047616,20,20,GGTATTCAGAAATATTCTTT,0,1872665
hyuA_predicted,0.047619047619047616,20,20,GGGTGTCGCTGGTTTGCTCA,0,1835302
hyuA_predicted,0.047619047619047616,20,20,GGGGCAACTGCTGGACGAGG,0,1868086
hyuA_predicted,0.047619047619047616,20,20,GGGCTAGTCATGATGTGGAA,0,1876699
hyuA_predicted,0.047619047619047616,20,20,GCGTACGTTAACAGGACAAT,0,1855006
hyuA_predicted,0.047619047619047616,20,20,GCGCTGCTAACTTCATCTAG,0,1868247
hyuA_predicted,0.047619047619047616,20,20,GCGCCACCCGAGGCGCTCCG,0,1851572
hyuA_predicted,0.047619047619047616,20,20,GCCCTGTCAATGCTGTACGA,0,1869386
hyuA_predicted,0.047619047619047616,20,20,GCCCATTACATATGCTGAGC,0,1833878
hyuA_predicted,0.047619047619047616,20,20,GCAGAGAACCCTCAAGCAGG,0,1845649
hyuA_predicted,0.047619047619047616,20,20,GATTTGCGTAGTACCCTGCA,0,1845961
hyuA_predicted,0.047619047619047616,20,20,GATTCAATAAGAAAACAAAC,0,1847030
hyuA_predicted,0.047619047619047616,20,20,GAGTGTCCATTGGCGTCGTT,0,1855787
hyuA_predicted,0.047619047619047616,20,20,GAGGCTCGGCGTGAGTGAAA,0,1834992
hyuA_predicted,0.047619047619047616,20,20,GAGACAGCTCCTGGAATGAA,0,1868470
hyuA_predicted,0.047619047619047616,20,20,GAGAAGATCAGTATAGGGCT,0,1869569
hyuA_predicted,0.047619047619047616,20,20,GACAAAATTTGACGTGTTTG,0,1877250
hyuA_predicted,0.047619047619047616,20,20,GAATACAGGCTTAACAGAAT,0,1875544
hyuA_predicted,0.047619047619047616,20,20,CTTGTGGGTGACAGCTCGTA,0,1866476
hyuA_predicted,0.047619047619047616,20,20,CTGTGACGTTTTATGGAGTA,0,1834170
hyuA_predicted,0.047619047619047616,20,20,CTGTAGAATTTATCTCGTTC,0,1849404
hyuA_predicted,0.047619047619047616,20,20,CTGATAGTCGAACAAGGGGA,0,1829684
hyuA_predicted,0.047619047619047616,20,20,CTCTTTGCGTTAGTCATTAC,0,1863562
hyuA_predicted,0.047619047619047616,20,20,CTCTACAATAATCTGTCTTC,0,1848843
hyuA_predicted,0.047619047619047616,20,20,CTCCATAGTGCAGCAAGATG,0,1863783
hyuA_predicted,0.047619047619047616,20,20,CTCAGTTCACGACGTTGTGC,0,1839837
hyuA_predicted,0.047619047619047616,20,20,CTATTTCGGTAGTTACCCTC,0,1830782
hyuA_predicted,0.047619047619047616,20,20,CTAGGGATGTGGTGTTGAAA,0,1851376
hyuA_predicted,0.047619047619047616,20,20,CGTATAACCACGTCTTACGA,0,1854437
hyuA_predicted,0.047619047619047616,20,20,CGTAAATTAGTAACATCCAA,0,1876031
hyuA_predicted,0.047619047619047616,20,20,CGGTAAAAGTGCATGGGTCT,0,1829327
hyuA_predicted,0.047619047619047616,20,20,CGGATTTAGTGTGATACCTG,0,1842162
hyuA_predicted,0.047619047619047616,20,20,CGGACACAGGCTTTTAACTA,0,1874196
hyuA_predicted,0.047619047619047616,20,20,CGCGCGTATACTGGCTATAG,0,1849801
hyuA_predicted,0.047619047619047616,20,20,CGCCAGGCCGATATTAATAT,0,1835432
hyuA_predicted,0.047619047619047616,20,20,CGCCAACAGTACGTCCGGTG,0,1869992
hyuA_predicted,0.047619047619047616,20,20,CGATTGTTTGCGTGCGGGCT,0,1865689
hyuA_predicted,0.047619047619047616,20,20,CGAGAACCGAGCTATCTATT,0,1873092
hyuA_predicted,0.047619047619047616,20,20,CGACGTCTAATTTATTTGAG,0,1868696
hyuA_predicted,0.047619047619047616,20,20,CCTTTTGAACGGCTCTATTT,0,1868376
hyuA_predicted,0.047619047619047616,20,20,CCTCGATGGTCTAACTGAAC,0,1847917
hyuA_predicted,0.047619047619047616,20,20,CCTAGATGGCATAGGAGCTA,0,1839669
hyuA_predicted,0.047619047619047616,20,20,CCGTGAAGACGCTGGAACGA,0,1856965
hyuA_predicted,0.047619047619047616,20,20,CCGGTACCATTGGAGAGACA,0,1867731
hyuA_predicted,0.047619047619047616,20,20,CCGAGAACAATCTAAAGATA,0,1836606
hyuA_predicted,0.047619047619047616,20,20,CCGAATCAGCCCTTAACGTA,0,1830494
hyuA_predicted,0.047619047619047616,20,20,CCCTGTGATCCTTCTCTGAT,0,1838948
hyuA_predicted,0.047619047619047616,20,20,CCCTGGTCACCGGTCGGAAG,0,1861718
hyuA_predicted,0.047619047619047616,20,20,CCCTGCTGGAGTTGCGCGCA,0,1841723
hyuA_predicted,0.047619047619047616,20,20,CCCCGCCTACCTGGCCAACG,0,1830672
hyuA_predicted,0.047619047619047616,20,20,CCCCATGACACATTGACTGA,0,1871416
hyuA_predicted,0.047619047619047616,20,20,CCCATCAGCTGAGTATGTGA,0,1846926
hyuA_predicted,0.047619047619047616,20,20,CCATCTGTTGCCTCATACCC,0,1873182
hyuA_predicted,0.047619047619047616,20,20,CATTTTGGACTAGCGACACA,0,1834124
hyuA_predicted,0.047619047619047616,20,20,CATTCGTAATAGCTCTCGCA,0,1871444
hyuA_predicted,0.047619047619047616,20,20,CATGTGCACGTCAACCTTAA,0,1853854
hyuA_predicted,0.047619047619047616,20,20,CATCAGCGTCGTATGCTTCA,0,1847245
hyuA_predicted,0.047619047619047616,20,20,CATAGATGTATTCTCAGGTA,0,1864165
hyuA_predicted,0.047619047619047616,20,20,CAGATCAGGGGGAGTATATG,0,1872558
hyuA_predicted,0.047619047619047616,20,20,CACCGGTAGACCCAGTCGTA,0,1877840
hyuA_predicted,0.047619047619047616,20,20,CAACATAGAGGCTGCGTGAG,0,1860314
hyuA_predicted,0.047619047619047616,20,20,CAAAGCCTTTCAGACACTGT,0,1855953
hyuA_predicted,0.047619047619047616,20,20,CAAAAGGCCAATCGGAGAGC,0,1830585
hyuA_predicted,0.047619047619047616,20,20,ATTGTCCATGCATGCCCGCA,0,1874789
hyuA_predicted,0.047619047619047616,20,20,ATGAGTGCAAGACCAAGGCA,0,1862910
hyuA_predicted,0.047619047619047616,20,20,ATCGTCTCTGTCCGGGTTTT,0,1846534
hyuA_predicted,0.047619047619047616,20,20,ATCGTCCCGATTCCAGCCTT,0,1852745
hyuA_predicted,0.047619047619047616,20,20,ATCCCTTCGGTTTATTAAAA,0,1835052
hyuA_predicted,0.047619047619047616,20,20,ATCCCGATCGAAACATAGCG,0,1867338
hyuA_predicted,0.047619047619047616,20,20,ATCAGCCTCGGATGTGTCCA,0,1849578
hyuA_predicted,0.047619047619047616,20,20,ATCAAGCTACGGACAGCCGT,0,1855711
hyuA_predicted,0.047619047619047616,20,20,ATATATGCAGACACCTTGTA,0,1869432
hyuA_predicted,0.047619047619047616,20,20,AGTGAGTAAACCGACAGGAA,0,1875684
hyuA_predicted,0.047619047619047616,20,20,AGTAGGTAGAATTTCTGTCT,0,1838524
hyuA_predicted,0.047619047619047616,20,20,AGGTATGGCTATATGTTTAT,0,1845019
hyuA_predicted,0.047619047619047616,20,20,AGGGTTCCGCGCATCAAGCC,0,1842452
hyuA_predicted,0.047619047619047616,20,20,AGGGACCCCAGTCAATTAGT,0,1842116
hyuA_predicted,0.047619047619047616,20,20,AGGCGCTGATCCCCGGTTGA,0,1867621
hyuA_predicted,0.047619047619047616,20,20,AGCAGTGAGCGCAAGGCCGC,0,1850328
hyuA_predicted,0.047619047619047616,20,20,AGAGCACATTGCCGCTGAGG,0,1829033
hyuA_predicted,0.047619047619047616,20,20,AGAATTGTGGTATCGCTAGT,0,1855224
hyuA_predicted,0.047619047619047616,20,20,ACTTTGACTGTTTGCGACAG,0,1865326
hyuA_predicted,0.047619047619047616,20,20,ACTGGCGAGAGAGGTACAAC,0,1864319
hyuA_predicted,0.047619047619047616,20,20,ACGGGGTTACAACCGGGGTG,0,1869218
hyuA_predicted,0.047619047619047616,20,20,ACGACATAATTATTGGAATA,0,1851626
hyuA_predicted,0.047619047619047616,20,20,ACCCACTTACGTCAGTGAAA,0,1837850
hyuA_predicted,0.047619047619047616,20,20,ACCCAATGCCCCCTACCTGC,0,1867672
hyuA_predicted,0.047619047619047616,20,20,ACCAGGTTATCTACACCGCT,0,1848622
hyuA_predicted,0.047619047619047616,20,20,ACCAACTTTGAACTTGTGTT,0,1877692
hyuA_predicted,0.047619047619047616,20,20,ACATATGTATTCAAGATGCA,0,1838805
hyuA_predicted,0.047619047619047616,20,20,AATGTATTGTTACCTATCGT,0,1832063
hyuA_predicted,0.047619047619047616,20,20,AATGGCCGTCGCCTCAGTGC,0,1844089
hyuA_predicted,0.047619047619047616,20,20,AATCCCGATGTATGAGGTCA,0,1840273
hyuA_predicted,0.047619047619047616,20,20,AATCAGAGTCGGCAACACGG,0,1870681
hyuA_predicted,0.047619047619047616,20,20,AAGTTGAGTCACTATTACGA,0,1836045
hyuA_predicted,0.047619047619047616,20,20,AAGTGTCTTGTTTAGCGAAG,0,1876505
hyuA_predicted,0.047619047619047616,20,20,AAGGTTCTAATTATCGATAA,0,1863992
hyuA_predicted,0.047619047619047616,20,20,AACTTCCATACAAAATTCTC,0,1833723
hyuA_predicted,0.047619047619047616,20,20,AACACAAACCTGGTCCGCCT,0,1875153
hyuA_predicted,0.05,19,19,TTGCTACCAAACCTTCTCAT,0,1839153
hyuA_predicted,0.05,19,19,TTGAAACGCTTCACGCGACT,0,1845060
hyuA_predicted,0.05,19,19,TTCAATCGAACATCTGAGCT,0,1869117
hyuA_predicted,0.05,19,19,TTATATTGATTGCGTGTGTC,0,1853048
hyuA_predicted,0.05,19,19,TTAGCGCAGGCGGTGTGAAC,0,1845488
hyuA_predicted,0.05,19,19,TTAGAGAAGCGGCCGCAGTC,0,1855445
hyuA_predicted,0.05,19,19,TTAAGCGTTCAGATCGTTAT,0,1864900
hyuA_predicted,0.05,19,19,TTAAGAGATCCTGCGAGTAC,0,1829741
hyuA_predicted,0.05,19,19,TTAAAGTCCTTTCCCTCCAC,0,1835637
hyuA_predicted,0.05,19,19,TGTCCAACGCGGATGATTTA,0,1867103
hyuA_predicted,0.05,19,19,TGTAGTTCATCCAAAAAAGC,0,1870191
hyuA_predicted,0.05,19,19,TGTAGTGTAGCACGGGATTG,0,1866524
hyuA_predicted,0.05,19,19,TGGTTGCCATGGTGCATCGT,0,1857568
hyuA_predicted,0.05,19,19,TGCGAGTTTCGGTTTTGATA,0,1852607
hyuA_predicted,0.05,19,19,TGCCTGTCGGGAAGACATAT,0,1831929
hyuA_predicted,0.05,19,19,TGAACCCCTATGCGTCTTAA,0,1872102
hyuA_predicted,0.05,19,19,TGAACAGATATCTTTTCCAG,0,1850756
hyuA_predicted,0.05,19,19,TCTCAATAAAGATAACGCAT,0,1846295
hyuA_predicted,0.05,19,19,TCTACTCCAATGGCCCTGGA,0,1856056
hyuA_predicted,0.05,19,19,TCGCGTGCTGCCTTTCAGAG,0,1863504
hyuA_predicted,0.05,19,19,TCGATTTCGGCAGTCCCGAC,0,1867626
hyuA_predicted,0.05,19,19,TCCTGGGCAGGTTGCCACCG,0,1874406
hyuA_predicted,0.05,19,19,TCCGACACGCGTAAGCGAAC,0,1832235
hyuA_predicted,0.05,19,19,TCCCGGCACTCGACTACGAG,0,1875437
hyuA_predicted,0.05,19,19,TCCATGGTGGGATCGTACAT,0,1836244
hyuA_predicted,0.05,19,19,TCCACGACTTACCTAGAGGC,0,1837971
hyuA_predicted,0.05,19,19,TCATGCGTCCGCCGGATATC,0,1841649
hyuA_predicted,0.05,19,19,TCAGATGCAGCCCTTAGGAC,0,1856162
hyuA_predicted,0.05,19,19,TATCTTGCGGGAATACCTCA,0,1840026
hyuA_predicted,0.05,19,19,TAGGAGCGGATCCACTGGGT,0,1833247
hyuA_predicted,0.05,19,19,TAGATGATGGCTAATAGAGA,0,1877208
hyuA_predicted,0.05,19,19,TAGAGAGAGGTAGTCGTTAA,0,1861721
hyuA_predicted,0.05,19,19,TACCACAAAGGGACTTCATA,0,1870914
hyuA_predicted,0.05,19,19,TAAGCGTGGGCTAGTATGGT,0,1867681
hyuA_predicted,0.05,19,19,GTTAAGGGGCAAGCCTGTCT,0,1865708
hyuA_predicted,0.05,19,19,GTTAAACTACGGTCTATGGT,0,1864626
hyuA_predicted,0.05,19,19,GTGTTTTTCCGGTAAATGGA,0,1861857
hyuA_predicted,0.05,19,19,GTGGGACCTAGCTGAACCTT,0,1858467
hyuA_predicted,0.05,19,19,GTCAGGCGGACTTGCCCAGA,0,1857776
hyuA_predicted,0.05,19,19,GTCACGTAGGACGATGCGTT,0,1877018
hyuA_predicted,0.05,19,19,GGTCTCGATTCTGGGTACAC,0,1836104
hyuA_predicted,0.05,19,19,GGTAGAACAACGCTTAAAGA,0,1869615
hyuA_predicted,0.05,19,19,GGGTTAACGAATCGTGCGGC,0,1852615
hyuA_predicted,0.05,19,19,GGGTCTAGCGAGTAGGTCCG,0,1868900
hyuA_predicted,0.05,19,19,GGGGATTAATACACCTGCAT,0,1832372
hyuA_predicted,0.05,19,19,GGGCTTTTGTACCCAGTCAC,0,1854574
hyuA_predicted,0.05,19,19,GGGCCAACGTATGTCTTAAA,0,1850672
hyuA_predicted,0.05,19,19,GGCTAAGCTTGCGAATGAGT,0,1848783
hyuA_predicted,0.05,19,19,GGCGCTACCACACGTTTCTA,0,1857688
hyuA_predicted,0.05,19,19,GGCATTCACATCTCGGTCTT,0,1877684
hyuA_predicted,0.05,19,19,GGATGGAAAGATTTGGCATA,0,1866717
hyuA_predicted,0.05,19,19,GGAACGTCTAGGCGCACGTT,0,1834824
hyuA_predicted,0.05,19,19,GCTTTCATAACGGGCAGTTA,0,1835756
hyuA_predicted,0.05,19,19,GCTTGTTTGTTTGCCCCCGC,0,1852625
hyuA_predicted,0.05,19,19,GCTATACGACTCCTAATGTT,0,1841424
hyuA_predicted,0.05,19,19,GCTAAAGTTTGTCCAATAGA,0,1833263
hyuA_predicted,0.05,19,19,GCGGTGCCAAAAAACATCGG,0,1876532
hyuA_predicted,0.05,19,19,GCGGGGAAAGGGATCCGTTC,0,1829443
hyuA_predicted,0.05,19,19,GCGCCATTGACTTTCTTTCG,0,1839253
hyuA_predicted,0.05,19,19,GCCTGCATTACGCGTGCGCT,0,1834809
hyuA_predicted,0.05,19,19,GCCTAACTGCTACAATCATG,0,1860778
hyuA_predicted,0.05,19,19,GCACAATAATGGAACACGTA,0,1862373
hyuA_predicted,0.05,19,19,GATTGGGAGCCGAGCTAGCC,0,1873555
hyuA_predicted,0.05,19,19,GATAGATTTGAGCGTTAAGG,0,1851562
hyuA_predicted,0.05,19,19,GAGAATTCTGTTAGATGAAA,0,1856249
hyuA_predicted,0.05,19,19,GACTCGCATCAGGCATGGCA,0,1850323
hyuA_predicted,0.05,19,19,GACGGATGGCCATAACTACA,0,1849300
hyuA_predicted,0.05,19,19,GACGCCTCGGCATGGCCCGG,0,1852038
hyuA_predicted,0.05,19,19,GACAACGGATAACTGATCAG,0,1844228
hyuA_predicted,0.05,19,19,GAATGACTGCAGTATCTGTC,0,1849880
hyuA_predicted,0.05,19,19,GAAAGTGCATTAAATCAGGA,0,1837184
hyuA_predicted,0.05,19,19,CTTCCGTGTATCGCAGGACA,0,1860541
hyuA_predicted,0.05,19,19,CTTACGTTAGTTATAAAAGC,0,1844763
hyuA_predicted,0.05,19,19,CTGTGGAGCCCATACGATCT,0,1876500
hyuA_predicted,0.05,19,19,CTGTAGAAGTTGGTCCCCGG,0,1871498
hyuA_predicted,0.05,19,19,CTCTACAAGGGCCAGGCCAT,0,1835007
hyuA_predicted,0.05,19,19,CTCCGTCGCAAACCGCCCTA,0,1834185
hyuA_predicted,0.05,19,19,CTATGTGTTTGGTAGCCCAT,0,1832736
hyuA_predicted,0.05,19,19,CTAGGCCGGGGACCGGTCAT,0,1850227
hyuA_predicted,0.05,19,19,CTAGATGTCTTCTCAACCTT,0,1837990
hyuA_predicted,0.05,19,19,CTAGAACTTGAAATCAACGC,0,1832327
hyuA_predicted,0.05,19,19,CGTTTTGGGCCACCAACATT,0,1873202
hyuA_predicted,0.05,19,19,CGGCACGTGACCGGGATGAA,0,1852333
hyuA_predicted,0.05,19,19,CGCGTATGACTACCCTCGCG,0,1862944
hyuA_predicted,0.05,19,19,CGCAGAGGCCGGTAGAGTAT,0,1843819
hyuA_predicted,0.05,19,19,CGATTTACTCGCCTGAATCC,0,1850455
hyuA_predicted,0.05,19,19,CGAGTCGCTTTGAAACGAGT,0,1836411
hyuA_predicted,0.05,19,19,CGAATTGTTCAGGTTGCGAA,0,1840656
hyuA_predicted,0.05,19,19,CGAAAGCAACTGCTGTGGAG,0,1856096
hyuA_predicted,0.05,19,19,CCTGGGCCGGTGGCCCATTA,0,1860512
hyuA_predicted,0.05,19,19,CCTCACGCGAGTCCAGACGA,0,1864765
hyuA_predicted,0.05,19,19,CCGATTTTTAATCTCCTGTA,0,1852892
hyuA_predicted,0.05,19,19,CCGAGTGCAAAGAACCGGTG,0,1844839
hyuA_predicted,0.05,19,19,CCGACAGAAGAGTCGGGGCT,0,1832872
hyuA_predicted,0.05,19,19,CCCGTCCGTCTGGCCCGACC,0,1841769
hyuA_predicted,0.05,19,19,CCCGTAGACAGGACCATGCA,0,1846169
hyuA_predicted,0.05,19,19,CCCGCAACAGATTGGGTGTT,0,1859221
hyuA_predicted,0.05,19,19,CCAGGTAGATGCGACTACTT,0,1835947
hyuA_predicted,0.05,19,19,CCACGCGAAATGTCCGAGTA,0,1839302
hyuA_predicted,0.05,19,19,CAGTCCTGTGGGGACCGGTG,0,1841403
hyuA_predicted,0.05,19,19,CAGTCACTAGGATTATACGA,0,1838441
hyuA_predicted,0.05,19,19,CAGAAATTAAGGCAGGGCTG,0,1864166
hyuA_predicted,0.05,19,19,CACTGAGAGCTGGATGTTAC,0,1836340
hyuA_predicted,0.05,19,19,CACGTAGGGACTGGGTCGGG,0,1838297
hyuA_predicted,0.05,19,19,CAACTCAGAAGTTCAAGATG,0,1847074
hyuA_predicted,0.05,19,19,ATTAGTTAGTGCGATTAGCG,0,1833099
hyuA_predicted,0.05,19,19,ATTAATGGGAGACAGACGAA,0,1875694
hyuA_predicted,0.05,19,19,ATCTATGACAATTCGCACTG,0,1858642
hyuA_predicted,0.05,19,19,ATCGAGTGACATTAGCTGTT,0,1856126
hyuA_predicted,0.05,19,19,ATCCTCCTAGGAGCACAGCG,0,1868170
hyuA_predicted,0.05,19,19,ATATCCAACGCAAGTCCATA,0,1856365
hyuA_predicted,0.05,19,19,ATAGGTTTTTTGAGCCCTGA,0,1843579
hyuA_predicted,0.05,19,19,ATAAAGCGGTGTCCGAGTTC,0,1846441
hyuA_predicted,0.05,19,19,AGTTTTGGGGGGGATTCCTA,0,1844759
hyuA_predicted,0.05,19,19,AGGTTGACCACGAGCAATTG,0,1833382
hyuA_predicted,0.05,19,19,AGGAGTGGGTAGGCGGAAAC,0,1869909
hyuA_predicted,0.05,19,19,AGGAATGACCGTCCTAATAG,0,1849135
hyuA_predicted,0.05,19,19,AGCTGTGGACGCTCCAGCAA,0,1848463
hyuA_predicted,0.05,19,19,AGCTCGAGGCAGGCATTATC,0,1869756
hyuA_predicted,0.05,19,19,AGCGGTAGGGCTTTGGTAAT,0,1877599
hyuA_predicted,0.05,19,19,AGCGGCTTCACTGAGACAAA,0,1829829
hyuA_predicted,0.05,19,19,AGAGGAGGGGGCAGATTCAC,0,1835745
hyuA_predicted,0.05,19,19,AGAGCTCACCCATAGTTGTT,0,1837738
hyuA_predicted,0.05,19,19,AGACGTGGTGAGGTTATGCT,0,1865117
hyuA_predicted,0.05,19,19,AGACGAACGGCTTTTGGGGG,0,1855591
hyuA_predicted,0.05,19,19,AGAAAGGTTAGTGTGTGATG,0,1873478
hyuA_predicted,0.05,19,19,ACTGGGGTAAAGGGGCGAAC,0,1875766
hyuA_predicted,0.05,19,19,ACGGGACGGCTTCGAGACCC,0,1866059
hyuA_predicted,0.05,19,19,ACGGCGTGTCGCTCAGACAA,0,1871505
hyuA_predicted,0.05,19,19,ACGCTTCGGGTAATTCACGG,0,1832973
hyuA_predicted,0.05,19,19,ACGCTCCAGTGTCCAATGTA,0,1845063
hyuA_predicted,0.05,19,19,ACGCAAGTTGTAACGCTACG,0,1863592
hyuA_predicted,0.05,19,19,ACCTAATGCCTGAGATGCAA,0,1870457
hyuA_predicted,0.05,19,19,ACCGTGAGTGATGCCTCGAG,0,1859492
hyuA_predicted,0.05,19,19,ACCCAGTTAGCGCGCCGCTT,0,1855786
hyuA_predicted,0.05,19,19,ACCACGGCGATGGTAGACCA,0,1838704
hyuA_predicted,0.05,19,19,ACACGGTTAACACTAACTTG,0,1855002
hyuA_predicted,0.05,19,19,ACACAGCAGCGAGAAGCGTA,0,1871301
hyuA_predicted,0.05,19,19,ACAAACATGGTGTCGATCGG,0,1830239
hyuA_predicted,0.05,19,19,AATCCGACGTGGAAGCAACC,0,1874558
hyuA_predicted,0.05,19,19,AATCACGCCTACGCGAGTAT,0,1853531
hyuA_predicted,0.05,19,19,AATAAGGACCGATTGACCCA,0,1853497
hyuA_predicted,0.05,19,19,AAGTTGCCTTGTCACAGGGG,0,1870993
hyuA_predicted,0.05,19,19,AAGTGAGTCCTCTGAAGAGG,0,1829399
hyuA_predicted,0.05,19,19,AAGCAGAATCATGCATCAAT,0,1846996
hyuA_predicted,0.05,19,19,AAGCAAGCTTCGTATGTAGC,0,1846683
hyuA_predicted,0.05,19,19,AAGAGTGATGGTGTTAGGTG,0,1867079
hyuA_predicted,0.05,19,19,AACTGTAGAACCGGTAGAAT,0,1835321
hyuA_predicted,0.05,19,19,AACTCAGACCTATTCTCCGG,0,1868957
hyuA_predicted,0.05,19,19,AAATTAGACTAAGCCGTCGG,0,1832446
hyuA_predicted,0.05,19,19,AAAGCCAGATCTCCGATCTT,0,1837954
hyuA_predicted,0.05,19,19,AAACTCAATTTTTAAGGGGA,0,1841534
hyuA_predicted,0.05,19,19,AAACAGTATTGGCTAGGCGT,0,1858665
hyuA_predicted,0.05263157894736842,18,18,TTTTCCTCGGACTTCATTTA,0,1857103
hyuA_predicted,0.05263157894736842,18,18,TTGTTTTACAATCGCAGATT,0,1854479
hyuA_predicted,0.05263157894736842,18,18,TTGATATAGGCCTTTAAAAT,0,1848294
hyuA_predicted,0.05263157894736842,18,18,TTGAAGGGGCGCGACACTTG,0,1861385
hyuA_predicted,0.05263157894736842,18,18,TTCGGGGCAACATCAATACA,0,1860384
hyuA_predicted,0.05263157894736842,18,18,TTCCACCACCGAGCATGAAG,0,1856870
hyuA_predicted,0.05263157894736842,18,18,TTCAAGGGAGCAAAGGGATT,0,1871479
hyuA_predicted,0.05263157894736842,18,18,TTATCATGGGGGGGTGGCAG,0,1841084
hyuA_predicted,0.05263157894736842,18,18,TTATAGTGCGGGTGGGGTTA,0,1856753
hyuA_predicted,0.05263157894736842,18,18,TTACTCAGATGTTATGTTAC,0,1862948
hyuA_predicted,0.05263157894736842,18,18,TTACCCATCAACATATTCCA,0,1877235
hyuA_predicted,0.05263157894736842,18,18,TGTAGACTTTTACGGACCGA,0,1832255
hyuA_predicted,0.05263157894736842,18,18,TGTAGACAAGAAACGCACTA,0,1840910
hyuA_predicted,0.05263157894736842,18,18,TGTAAGGCGCTCCAGCCGTC,0,1868408
hyuA_predicted,0.05263157894736842,18,18,TGGCGAGTATCGCAAAGTCA,0,1836274
hyuA_predicted,0.05263157894736842,18,18,TGGCACCTAGATATCAACTT,0,1852132
hyuA_predicted,0.05263157894736842,18,18,TGGAGCGAGGTACGGATTAA,0,1868107
hyuA_predicted,0.05263157894736842,18,18,TGCTCGCGAATGATTAATGT,0,1842838
hyuA_predicted,0.05263157894736842,18,18,TGCCCGGCTGCACATGGTGC,0,1858756
hyuA_predicted,0.05263157894736842,18,18,TGCCAACATACCGCGTCTAA,0,1842841
hyuA_predicted,0.05263157894736842,18,18,TGCACGCGATTGTCCTTGAA,0,1845427
hyuA_predicted,0.05263157894736842,18,18,TGATTATTGTATTACCACGG,0,1833639
hyuA_predicted,0.05263157894736842,18,18,TGATATAACCAAGTTGTGGA,0,1843255
hyuA_predicted,0.05263157894736842,18,18,TGATACTTTCCAAGGGGAGA,0,1841653
hyuA_predicted,0.05263157894736842,18,18,TGACGGTCATGTTACTGATA,0,1831448
hyuA_predicted,0.05263157894736842,18,18,TGAACGCCACGGAGTTAGAT,0,1848093
hyuA_predicted,0.05263157894736842,18,18,TCTTTGGCGATCGTGCCCTG,0,1851359
hyuA_predicted,0.05263157894736842,18,18,TCTCAAGATCGCGACGCATG,0,1875898
hyuA_predicted,0.05263157894736842,18,18,TCGTCGGTCATGAATGGTGA,0,1853372
hyuA_predicted,0.05263157894736842,18,18,TCGTCACCGTTCTTTCTACT,0,1849881
hyuA_predicted,0.05263157894736842,18,18,TCCTGCCTTCCGCGGTGCTT,0,1854998
hyuA_predicted,0.05263157894736842,18,18,TCCGATTGACAACATAGCCA,0,1865612
hyuA_predicted,0.05263157894736842,18,18,TCCGATGCTACTACGATGTT,0,1845229
hyuA_predicted,0.05263157894736842,18,18,TCCATTCGCTTTGGTGAGTC,0,1829400
hyuA_predicted,0.05263157894736842,18,18,TCACATGGCCTTATCGATCC,0,1853242
hyuA_predicted,0.05263157894736842,18,18,TCACAGAATCTTTATATCGG,0,1849516
hyuA_predicted,0.05263157894736842,18,18,TAGAGGCAGGACACCGTATG,0,1846402
hyuA_predicted,0.05263157894736842,18,18,TAGAAGAGACATCTGTGTAC,0,1835333
hyuA_predicted,0.05263157894736842,18,18,TACGTAAGTTTACAGCTCAG,0,1849043
hyuA_predicted,0.05263157894736842,18,18,TACCGACCGGTGGCGATCTG,0,1849276
hyuA_predicted,0.05263157894736842,18,18,TACCAGTTATAACTCTGTCT,0,1869575
hyuA_predicted,0.05263157894736842,18,18,TACACTTCCGTTTCTGGAAC,0,1862638
hyuA_predicted,0.05263157894736842,18,18,TACACGGCATTCGTTATTCA,0,1860394
hyuA_predicted,0.05263157894736842,18,18,TACAACACCATATACTGCGT,0,1843861
hyuA_predicted,0.05263157894736842,18,18,GTTCGAAAGCATCGGGTAAA,0,1839067
hyuA_predicted,0.05263157894736842,18,18,GTGAGCCACAACTAGTAACA,0,1829971
hyuA_predicted,0.05263157894736842,18,18,GTGAAACGACTCGTCGCCTA,0,1862798
hyuA_predicted,0.05263157894736842,18,18,GTCCTCATCATGGGGTTGAC,0,1866990
hyuA_predicted,0.05263157894736842,18,18,GTCCACTGAGTGAGGTCAGA,0,1866242
hyuA_predicted,0.05263157894736842,18,18,GTATCCTCCGTACTGACGAT,0,1839772
hyuA_predicted,0.05263157894736842,18,18,GTAGCCAAAACTCACAGACG,0,1843061
hyuA_predicted,0.05263157894736842,18,18,GTACTGCCGACCTTGGCACT,0,1854460
hyuA_predicted,0.05263157894736842,18,18,GTACTACGTTGTTGCAGAGG,0,1853347
hyuA_predicted,0.05263157894736842,18,18,GTAATGTAGGCAGATATTGG,0,1860772
hyuA_predicted,0.05263157894736842,18,18,GTAACTAGCTCCGTGTAAGC,0,1877541
hyuA_predicted,0.05263157894736842,18,18,GGTTCGCTAACCCGGGTCGT,0,1875555
hyuA_predicted,0.05263157894736842,18,18,GGGGGATTTGTACAGAGGCG,0,1842445
hyuA_predicted,0.05263157894736842,18,18,GGGCCGGGGGCTTGCTTATG,0,1863053
hyuA_predicted,0.05263157894736842,18,18,GGCTGTACGCAACGCTCGAT,0,1866761
hyuA_predicted,0.05263157894736842,18,18,GGCCGCTCAGCAACTGAGCT,0,1856575
hyuA_predicted,0.05263157894736842,18,18,GGCCCAGCTAGTCCCCATAA,0,1833570
hyuA_predicted,0.05263157894736842,18,18,GGCACTCTTTCATTCAACGT,0,1841004
hyuA_predicted,0.05263157894736842,18,18,GGCACGGGAATTGGATGGCT,0,1829075
hyuA_predicted,0.05263157894736842,18,18,GGAGATCTAGTCTAAAACGG,0,1832011
hyuA_predicted,0.05263157894736842,18,18,GGACGTTAAGGCTCCTCTTG,0,1836964
hyuA_predicted,0.05263157894736842,18,18,GCTTTGTGTTCCCGCGGCTC,0,1838325
hyuA_predicted,0.05263157894736842,18,18,GCTGTATCGGGCTGTCCCGT,0,1867336
hyuA_predicted,0.05263157894736842,18,18,GCGTAGTTATAGTCTTGTCA,0,1873269
hyuA_predicted,0.05263157894736842,18,18,GCGCTGAGCAAAACGCTCTC,0,1846601
hyuA_predicted,0.05263157894736842,18,18,GCGAGAGATGCTCATTGCTC,0,1853568
hyuA_predicted,0.05263157894736842,18,18,GCGAATGTATGTCAAAGTAT,0,1849408
hyuA_predicted,0.05263157894736842,18,18,GCCGGTCCTGCGTTCTAATA,0,1833398
hyuA_predicted,0.05263157894736842,18,18,GCCGGGTGGCGTGATAAAGA,0,1862048
hyuA_predicted,0.05263157894736842,18,18,GCCATCATCATGAGTTGCTG,0,1841885
hyuA_predicted,0.05263157894736842,18,18,GCCAGGAAGCAGGATCCCTA,0,1842182
hyuA_predicted,0.05263157894736842,18,18,GCAGTGGAAAGAACAGACCA,0,1829956
hyuA_predicted,0.05263157894736842,18,18,GCAGATTGGAGAAATCGTGC,0,1869751
hyuA_predicted,0.05263157894736842,18,18,GCAGACCCAGAGCAAGCATC,0,1832014
hyuA_predicted,0.05263157894736842,18,18,GCAAGCGCACGATCTTAGCC,0,1865497
hyuA_predicted,0.05263157894736842,18,18,GCAAACGGGAGCAACTTGAT,0,1856460
hyuA_predicted,0.05263157894736842,18,18,GATGCAGCCCTCTTACATAG,0,1829017
hyuA_predicted,0.05263157894736842,18,18,GATGATCCGTGCGGTTCCTG,0,1869316
hyuA_predicted,0.05263157894736842,18,18,GATAAAGGGACCTGCTAGAG,0,1859361
hyuA_predicted,0.05263157894736842,18,18,GAGGATTACAGGTTGACCCG,0,1852660
hyuA_predicted,0.05263157894736842,18,18,GAGAAACGGAGCTATGTCAC,0,1850138
hyuA_predicted,0.05263157894736842,18,18,GACTCTAATCTGAGCGGCGG,0,1869038
hyuA_predicted,0.05263157894736842,18,18,GACGGCGTTGGCGTAAATTA,0,1868572
hyuA_predicted,0.05263157894736842,18,18,GACGAGATTAGAAGTAAGAT,0,1846795
hyuA_predicted,0.05263157894736842,18,18,GAAGCGGGGCGCACATCGCA,0,1848203
hyuA_predicted,0.05263157894736842,18,18,GAACTGGTGGGTACGTGGAC,0,1851061
hyuA_predicted,0.05263157894736842,18,18,GAAACTAGAAGTTATGTCAT,0,1837451
hyuA_predicted,0.05263157894736842,18,18,CTTTAGACCAATTTGCTGAG,0,1866243
hyuA_predicted,0.05263157894736842,18,18,CTTCACGTGCCCAAAACGAT,0,1857598
hyuA_predicted,0.05263157894736842,18,18,CTTATTGTTATGCATACCGT,0,1856581
hyuA_predicted,0.05263157894736842,18,18,CTGTTCTAGTTGGGGCCTAG,0,1859419
hyuA_predicted,0.05263157894736842,18,18,CTGTAGGCAGCATAGCTAGT,0,1829743
hyuA_predicted,0.05263157894736842,18,18,CTGTAGAATCCGCTCTAGTC,0,1870708
hyuA_predicted,0.05263157894736842,18,18,CTCCCAGAACCCTGGCCAGC,0,1855163
hyuA_predicted,0.05263157894736842,18,18,CTCAGAACCAAACAATAGGG,0,1854870
hyuA_predicted,0.05263157894736842,18,18,CTCACTCACATACCCGCTTA,0,1845044
hyuA_predicted,0.05263157894736842,18,18,CTATCATAACACTAAGAGCT,0,1832173
hyuA_predicted,0.05263157894736842,18,18,CTAGTTCGAAGGATAGGGAG,0,1853934
hyuA_predicted,0.05263157894736842,18,18,CGTTGCTATACGAACCGTAG,0,1874821
hyuA_predicted,0.05263157894736842,18,18,CGTGGGGCACCACATAGACT,0,1875512
hyuA_predicted,0.05263157894736842,18,18,CGGTAGTCTATACTACCGCC,0,1846827
hyuA_predicted,0.05263157894736842,18,18,CGGCGTACCGTGCGTACCGT,0,1836506
hyuA_predicted,0.05263157894736842,18,18,CGCTTTAGCCGAGGTTAGGC,0,1842988
hyuA_predicted,0.05263157894736842,18,18,CGCGTGGTCTAGAGCTTCAA,0,1848641
hyuA_predicted,0.05263157894736842,18,18,CGCGAGCGTGATTATGCTGG,0,1839728
hyuA_predicted,0.05263157894736842,18,18,CGATTCCCCTTAGGCGCGTG,0,1876712
hyuA_predicted,0.05263157894736842,18,18,CCTTGCATACACTATCACCA,0,1851051
hyuA_predicted,0.05263157894736842,18,18,CCTTGAGCGATAGGGTAGTT,0,1863253
hyuA_predicted,0.05263157894736842,18,18,CCTCTCATTGTGCACACCCA,0,1833770
hyuA_predicted,0.05263157894736842,18,18,CCTCACGCAAAGTGCACTCC,0,1864708
hyuA_predicted,0.05263157894736842,18,18,CCTATCGCCACAAATACCAC,0,1860279
hyuA_predicted,0.05263157894736842,18,18,CCTACGCTCTAGCTACAGGC,0,1846626
hyuA_predicted,0.05263157894736842,18,18,CCGTCGGCAGCCGTTCCCTT,0,1867131
hyuA_predicted,0.05263157894736842,18,18,CCCTACATGAAAGCGTGAAT,0,1869189
hyuA_predicted,0.05263157894736842,18,18,CCCTAAAGATTCTCTATCGA,0,1856174
hyuA_predicted,0.05263157894736842,18,18,CCCGAAGTGGCACAGGTCTG,0,1843017
hyuA_predicted,0.05263157894736842,18,18,CCCAGCGGTGGAAGAGACCA,0,1832445
hyuA_predicted,0.05263157894736842,18,18,CCAGGGCACGAATCACTTCT,0,1852193
hyuA_predicted,0.05263157894736842,18,18,CCACATGTCTGGTTTCGGGA,0,1838398
hyuA_predicted,0.05263157894736842,18,18,CATGCGCGAACGTGAACTCT,0,1844387
hyuA_predicted,0.05263157894736842,18,18,CATGCCCCATGGGACGGCGG,0,1850951
hyuA_predicted,0.05263157894736842,18,18,CATCGCTAGTAGGAGCCAAC,0,1855794
hyuA_predicted,0.05263157894736842,18,18,CATAACCCTTTATCTGCGAG,0,1842292
hyuA_predicted,0.05263157894736842,18,18,CAGGGATAGTAAACCCTTGC,0,1837601
hyuA_predicted,0.05263157894736842,18,18,CAGGAGGGGCATAATCCCAT,0,1860839
hyuA_predicted,0.05263157894736842,18,18,CAGAGTCTTAGTTCAGTTCC,0,1859519
hyuA_predicted,0.05263157894736842,18,18,CACCCCTCTTAGCAGCGGTA,0,1838150
hyuA_predicted,0.05263157894736842,18,18,CAAGCTCAGCGCTCTTCTTC,0,1868118
hyuA_predicted,0.05263157894736842,18,18,ATGTGGTGCTCTAAAAATCA,0,1844448
hyuA_predicted,0.05263157894736842,18,18,ATGCGCTAAAGATCGGGGTA,0,1869034
hyuA_predicted,0.05263157894736842,18,18,ATCTTAAACAACCAAACAGT,0,1868275
hyuA_predicted,0.05263157894736842,18,18,ATCCATGCCGATTTGACCGC,0,1864874
hyuA_predicted,0.05263157894736842,18,18,ATAGGCATCAATTAAATTGA,0,1829688
hyuA_predicted,0.05263157894736842,18,18,ATAGCTAAAGGGGCATAACC,0,1850094
hyuA_predicted,0.05263157894736842,18,18,ATAACTGCGAGGTTTGGAAA,0,1862536
hyuA_predicted,0.05263157894736842,18,18,AGTGTCCCGGACTGCAGCTC,0,1877213
hyuA_predicted,0.05263157894736842,18,18,AGTGGAGTTAAAACATGCTC,0,1850974
hyuA_predicted,0.05263157894736842,18,18,AGGGTTCCGTTGAAGGCCCT,0,1853806
hyuA_predicted,0.05263157894736842,18,18,AGGGGGTGTCATGGCCGGCT,0,1869654
hyuA_predicted,0.05263157894736842,18,18,AGGCTTTGTACGAATAAATT,0,1865663
hyuA_predicted,0.05263157894736842,18,18,AGCTACGTCCTGCCCGCCAG,0,1863448
hyuA_predicted,0.05263157894736842,18,18,AGCGGATAGAGACTATAGAG,0,1833118
hyuA_predicted,0.05263157894736842,18,18,AGCCGTAAAGACGTGTCCCA,0,1833014
hyuA_predicted,0.05263157894736842,18,18,AGCAGCACGTAGGACATTGA,0,1846788
hyuA_predicted,0.05263157894736842,18,18,AGATAGTAGTGCCAGGCCAG,0,1843178
hyuA_predicted,0.05263157894736842,18,18,AGAGAAACGGGATAGGGTGC,0,1853129
hyuA_predicted,0.05263157894736842,18,18,AGAAACACTCCAATATTTAT,0,1830804
hyuA_predicted,0.05263157894736842,18,18,ACTGCGCAGACGATGCTCTG,0,1839249
hyuA_predicted,0.05263157894736842,18,18,ACGGGGGATCGATCACAATT,0,1859466
hyuA_predicted,0.05263157894736842,18,18,ACGAGCAACGCTTCGAAGAG,0,1860738
hyuA_predicted,0.05263157894736842,18,18,ACGAATGGGTATCAAGAGTT,0,1835563
hyuA_predicted,0.05263157894736842,18,18,ACCTTGGTGTGCGACCTCGT,0,1838451
hyuA_predicted,0.05263157894736842,18,18,ACAGGGTTGCAACGGCCCGT,0,1853879
hyuA_predicted,0.05263157894736842,18,18,ACACCTACCCTGTTCCCCAT,0,1870747
hyuA_predicted,0.05263157894736842,18,18,AATGCTTGCCTTTATCAGAA,0,1875454
hyuA_predicted,0.05263157894736842,18,18,AATCCATGCAAGAAACCCCA,0,1873254
hyuA_predicted,0.05263157894736842,18,18,AAGTCGATTAATCACATCAC,0,1842280
hyuA_predicted,0.05263157894736842,18,18,AAGGCATAAGCTATATGGTG,0,1868626
hyuA_predicted,0.05263157894736842,18,18,AAGAGTGGATCAGGTTCTCT,0,1857878
hyuA_predicted,0.05263157894736842,18,18,AACTTCCCGGAATTAACCGC,0,1837728
hyuA_predicted,0.05263157894736842,18,18,AAAGCCTGTGGCCGTTCCCA,0,1843067
hyuA_predicted,0.05263157894736842,18,18,AAAAGGACAAAGACCCGCCG,0,1845330
hyuA_predicted,0.05555555555555555,17,17,TTTGGGATACTACTCAATCG,0,1849517
hyuA_predicted,0.05555555555555555,17,17,TTTAGGACTCCTTGGACTCG,0,1849116
hyuA_predicted,0.05555555555555555,17,17,TTGTAGTCCCTACTGCGCCG,0,1839163
hyuA_predicted,0.05555555555555555,17,17,TTCTTCCCTTGACGCATAGT,0,1853327
hyuA_predicted,0.05555555555555555,17,17,TTCGTAGCGAGTTTCACTTA,0,1834395
hyuA_predicted,0.05555555555555555,17,17,TTCATGGTGTTCTTTCATGC,0,1860599
hyuA_predicted,0.05555555555555555,17,17,TTAGTGCGCGCTTAGCTGCC,0,1870168
hyuA_predicted,0.05555555555555555,17,17,TTAGGTGCAATTCGGCATAG,0,1833580
hyuA_predicted,0.05555555555555555,17,17,TTACTGCAAATCATGTGCTA,0,1847649
hyuA_predicted,0.05555555555555555,17,17,TTAAGCCAGTTCTTTTGGGA,0,1847629
hyuA_predicted,0.05555555555555555,17,17,TTAAATAGGTTCTGCTCCGT,0,1838594
hyuA_predicted,0.05555555555555555,17,17,TGTTTGCCGTCACTGTATCA,0,1847714
hyuA_predicted,0.05555555555555555,17,17,TGTATGTATGTGCACTTGTC,0,1860043
hyuA_predicted,0.05555555555555555,17,17,TGGTGAACGACCGCTCATGT,0,1874905
hyuA_predicted,0.05555555555555555,17,17,TGGTAGCGGACGAGCACTCC,0,1871766
hyuA_predicted,0.05555555555555555,17,17,TGGTACGGGCGTGGGTTCTC,0,1842732
hyuA_predicted,0.05555555555555555,17,17,TGGGAATCCTGGACCTGTTC,0,1846064
hyuA_predicted,0.05555555555555555,17,17,TGCTAAAGATTGATGGGGTC,0,1858955
hyuA_predicted,0.05555555555555555,17,17,TGCCTTTGGCGAGTTAGATA,0,1876954
hyuA_predicted,0.05555555555555555,17,17,TGCCATTCTGCGGGACCGAC,0,1858458
hyuA_predicted,0.05555555555555555,17,17,TGATTTAACACATTAGGGCA,0,1848958
hyuA_predicted,0.05555555555555555,17,17,TGAGAATCGTAGCAGTAATG,0,1853406
hyuA_predicted,0.05555555555555555,17,17,TCGATGTGCGACTATGAACA,0,1838946
hyuA_predicted,0.05555555555555555,17,17,TCCGCGGCATGTGCTACGGA,0,1853467
hyuA_predicted,0.05555555555555555,17,17,TCCCACGGGTGTCGATACCC,0,1850759
hyuA_predicted,0.05555555555555555,17,17,TCCCAATTCGCCGTATATGG,0,1854059
hyuA_predicted,0.05555555555555555,17,17,TCACTTCCCCATGGGTTTTT,0,1829127
hyuA_predicted,0.05555555555555555,17,17,TCACGAATTGTGGTGAGTCT,0,1854645
hyuA_predicted,0.05555555555555555,17,17,TCAAATCGCCTGTGTGGTGT,0,1849265
hyuA_predicted,0.05555555555555555,17,17,TATTGGGCGCCGGTTCGCTT,0,1842244
hyuA_predicted,0.05555555555555555,17,17,TATCTGCCATACTTTTGGTA,0,1869274
hyuA_predicted,0.05555555555555555,17,17,TAGCATTCAGTTACGCTAAT,0,1833369
hyuA_predicted,0.05555555555555555,17,17,TAGATATACGTTGCTGCGTA,0,1833206
hyuA_predicted,0.05555555555555555,17,17,TAGATATACCATCAAAACGT,0,1876436
hyuA_predicted,0.05555555555555555,17,17,TACGTAACTACCGCATTTAG,0,1870176
hyuA_predicted,0.05555555555555555,17,17,TACGCCTGCACAGCGCGCAT,0,1863762
hyuA_predicted,0.05555555555555555,17,17,TACGCCAGGGTAATTGACAG,0,1874528
hyuA_predicted,0.05555555555555555,17,17,TACCTTGGCGCAGCCGCAGA,0,1829884
hyuA_predicted,0.05555555555555555,17,17,TACCCTTGTTATATGTTGGT,0,1868948
hyuA_predicted,0.05555555555555555,17,17,TAATTGGCAATGGTGGACTA,0,1841472
hyuA_predicted,0.05555555555555555,17,17,GTTACAAGTTCGTCTGTTAG,0,1866238
hyuA_predicted,0.05555555555555555,17,17,GTGGGATTCTCACCAGCTTC,0,1848253
hyuA_predicted,0.05555555555555555,17,17,GTGGCTAGGTACGGCGCCAT,0,1855721
hyuA_predicted,0.05555555555555555,17,17,GTGCTTATTATCATGTACGG,0,1872895
hyuA_predicted,0.05555555555555555,17,17,GTGCCCAACTCTCAGGCATC,0,1858826
hyuA_predicted,0.05555555555555555,17,17,GTGATTATCTGGCACTCACT,0,1863062
hyuA_predicted,0.05555555555555555,17,17,GTCTCCGCATCAATCAGGTA,0,1846608
hyuA_predicted,0.05555555555555555,17,17,GTCTACAGGGCTCGCAGAGG,0,1877106
hyuA_predicted,0.05555555555555555,17,17,GTCGGACATGGGACGGCGGA,0,1867064
hyuA_predicted,0.05555555555555555,17,17,GTATAACGCAGCGTGATCAT,0,1851162
hyuA_predicted,0.05555555555555555,17,17,GTAGGCCTGAGTAGAAGAGA,0,1852030
hyuA_predicted,0.05555555555555555,17,17,GTAACTTTATTTGCTCGATC,0,1846127
hyuA_predicted,0.05555555555555555,17,17,GTAACAGCCAGTGTGCGAAC,0,1834890
hyuA_predicted,0.05555555555555555,17,17,GGTTGTGGTCGGGTGGAGCA,0,1831732
hyuA_predicted,0.05555555555555555,17,17,GGTTAGATCAGGTGAGGGTA,0,1847809
hyuA_predicted,0.05555555555555555,17,17,GGTTACGCACTGTCGGTACT,0,1861317
hyuA_predicted,0.05555555555555555,17,17,GGTAACTTAGTAGGGCCGAT,0,1840378
hyuA_predicted,0.05555555555555555,17,17,GGTAAAATGTGTGAACCGAG,0,1829390
hyuA_predicted,0.05555555555555555,17,17,GGCTCACAACAACAGAGCAA,0,1839457
hyuA_predicted,0.05555555555555555,17,17,GGCCATCCTCGTCTCTGCTT,0,1871767
hyuA_predicted,0.05555555555555555,17,17,GGCAGGCATACTCGTCAATT,0,1838089
hyuA_predicted,0.05555555555555555,17,17,GGATTAGGCCTTCGGAGGGA,0,1877121
hyuA_predicted,0.05555555555555555,17,17,GGAGAGCTCACACTTGCGCC,0,1857365
hyuA_predicted,0.05555555555555555,17,17,GGAGAAGTGCCATATATCGT,0,1847120
hyuA_predicted,0.05555555555555555,17,17,GGACTAACACATTGGCGGGC,0,1877737
hyuA_predicted,0.05555555555555555,17,17,GGAATTCTCTTTCACCTAAG,0,1859275
hyuA_predicted,0.05555555555555555,17,17,GGAAGGCCCAATATGCATTC,0,1877258
hyuA_predicted,0.05555555555555555,17,17,GCTGGGGGGGATGGTTGGGG,0,1829042
hyuA_predicted,0.05555555555555555,17,17,GCTGACAGAGTGGTAGCTTT,0,1844380
hyuA_predicted,0.05555555555555555,17,17,GCCATCACGGTCTAACGCTA,0,1866554
hyuA_predicted,0.05555555555555555,17,17,GCCACGTAAATCGCGCCATA,0,1864312
hyuA_predicted,0.05555555555555555,17,17,GCATTTAACCATAGTACACA,0,1837598
hyuA_predicted,0.05555555555555555,17,17,GCATGCTTTGATCTCCCGAC,0,1840330
hyuA_predicted,0.05555555555555555,17,17,GCATCCGGGAACATTGGAAG,0,1844962
hyuA_predicted,0.05555555555555555,17,17,GCAGGAAATAACGAAGAAAC,0,1866368
hyuA_predicted,0.05555555555555555,17,17,GATTCTTAAATCAGGAACGC,0,1851054
hyuA_predicted,0.05555555555555555,17,17,GATGTGGACCCGGGTGAGTA,0,1858497
hyuA_predicted,0.05555555555555555,17,17,GATGGTCTGCGTAGAGGTTG,0,1844379
hyuA_predicted,0.05555555555555555,17,17,GAGTAGCACTTCACTAATAA,0,1857683
hyuA_predicted,0.05555555555555555,17,17,GAGCATACGTGAAGGTTATT,0,1856730
hyuA_predicted,0.05555555555555555,17,17,GAGCAGATTGTCAGACCTCG,0,1852770
hyuA_predicted,0.05555555555555555,17,17,GAGACCATACAGACCCAATA,0,1872101
hyuA_predicted,0.05555555555555555,17,17,GACTTTTTCATTCGGGGTAG,0,1862401
hyuA_predicted,0.05555555555555555,17,17,GAATATTTCCAGGAGAAATA,0,1858072
hyuA_predicted,0.05555555555555555,17,17,GAACGCGTATGCGTCCTCAT,0,1856604
hyuA_predicted,0.05555555555555555,17,17,GAACACCCATGATGGTGGTT,0,1849274
hyuA_predicted,0.05555555555555555,17,17,CTTTAGATCCGGATCCCATT,0,1853809
hyuA_predicted,0.05555555555555555,17,17,CTTCAGCGATTATTCGGGCT,0,1856869
hyuA_predicted,0.05555555555555555,17,17,CTTATAAGACTTTCTTGCGG,0,1857684
hyuA_predicted,0.05555555555555555,17,17,CTGCATTCGTGTTCAAGATC,0,1871809
hyuA_predicted,0.05555555555555555,17,17,CTGAGGTCTCCACGGGACAG,0,1844950
hyuA_predicted,0.05555555555555555,17,17,CTGACTTCGAGAGAGAATGA,0,1870129
hyuA_predicted,0.05555555555555555,17,17,CTGAAGGCCGCTCAAGCTGA,0,1859711
hyuA_predicted,0.05555555555555555,17,17,CTCTTTGTTGATGCCAATAG,0,1831888
hyuA_predicted,0.05555555555555555,17,17,CTCTTGCTTGGTTAGGGCAA,0,1863940
hyuA_predicted,0.05555555555555555,17,17,CTCCAGTATCCCCAACTTAT,0,1872968
hyuA_predicted,0.05555555555555555,17,17,CTAAGACTAGCGCAGTCATC,0,1835214
hyuA_predicted,0.05555555555555555,17,17,CTAAACTGGGGGGGCTAGGA,0,1848177
hyuA_predicted,0.05555555555555555,17,17,CTAAACAGGGTATACGGGAT,0,1845930
hyuA_predicted,0.05555555555555555,17,17,CGTTTTGATCAAACTGGAAC,0,1849159
hyuA_predicted,0.05555555555555555,17,17,CGTCCTCCCTCGATCAGTCG,0,1847717
hyuA_predicted,0.05555555555555555,17,17,CGTACTAAGGAATGGGAATA,0,1846225
hyuA_predicted,0.05555555555555555,17,17,CGTAACGGACGGAAATCATC,0,1863082
hyuA_predicted,0.05555555555555555,17,17,CGGTCAGGGATCGCTTCGGT,0,1850231
hyuA_predicted,0.05555555555555555,17,17,CGGTCAGGACTATGAGTGAA,0,1868786
hyuA_predicted,0.05555555555555555,17,17,CGGGGGGAACGCAATGGCGC,0,1831047
hyuA_predicted,0.05555555555555555,17,17,CGCGTGAAAAATTATCATTG,0,1870213
hyuA_predicted,0.05555555555555555,17,17,CGCCTTTCCTAGCCATTAGT,0,1838573
hyuA_predicted,0.05555555555555555,17,17,CGCCCCCTGCCCGCTGACCC,0,1845816
hyuA_predicted,0.05555555555555555,17,17,CGCCATCTGGATTACTCTAC,0,1840961
hyuA_predicted,0.05555555555555555,17,17,CGCACAGCGTCAGTCCAACT,0,1874273
hyuA_predicted,0.05555555555555555,17,17,CGCAAGAACAACATCTATGT,0,1852716
hyuA_predicted,0.05555555555555555,17,17,CGATTGTGGCGCGAACGAGG,0,1848418
hyuA_predicted,0.05555555555555555,17,17,CGACTGTTTTGAGTGTCCGC,0,1863653
hyuA_predicted,0.05555555555555555,17,17,CGAACTGTATAACCGGTCAG,0,1845596
hyuA_predicted,0.05555555555555555,17,17,CGAACTCTCCTTGATGACTC,0,1866690
hyuA_predicted,0.05555555555555555,17,17,CGAAAATTGTGGAGAGCTCT,0,1834536
hyuA_predicted,0.05555555555555555,17,17,CCGCTCCGAAGGTAGGAGAC,0,1841438
hyuA_predicted,0.05555555555555555,17,17,CCGCGCATGCACCCGGCGTA,0,1843514
hyuA_predicted,0.05555555555555555,17,17,CCGATATATAGACCAAGTAA,0,1829586
hyuA_predicted,0.05555555555555555,17,17,CCAGATCACGGGGTGTTTCT,0,1868595
hyuA_predicted,0.05555555555555555,17,17,CATTTTAGGTCTCGGCTCTA,0,1871338
hyuA_predicted,0.05555555555555555,17,17,CAGTTAGGCAGAGAGTCGAT,0,1860413
hyuA_predicted,0.05555555555555555,17,17,CAGGTAAGGAGTCGCAACCT,0,1875522
hyuA_predicted,0.05555555555555555,17,17,CAGCTGGTTCTGACGTAGCA,0,1841182
hyuA_predicted,0.05555555555555555,17,17,CAGCTGACGACCTATCCCCA,0,1866627
hyuA_predicted,0.05555555555555555,17,17,CAGCTATGGTCCGACTGGCT,0,1860294
hyuA_predicted,0.05555555555555555,17,17,CAGCCAGTGACTATAAGGGG,0,1838957
hyuA_predicted,0.05555555555555555,17,17,CAGCACGACTCTGCAAGCCC,0,1831339
hyuA_predicted,0.05555555555555555,17,17,CAGATTGCTACAGGCCGAAA,0,1831993
hyuA_predicted,0.05555555555555555,17,17,CACTAACTATAGCGACCTGA,0,1871793
hyuA_predicted,0.05555555555555555,17,17,CAACAACTTCGCGACACGAT,0,1837810
hyuA_predicted,0.05555555555555555,17,17,ATTTGCAGTTCGTAGTCGCT,0,1866595
hyuA_predicted,0.05555555555555555,17,17,ATGGCTAATCGTGCGTGAGA,0,1868387
hyuA_predicted,0.05555555555555555,17,17,ATGGCACGTAGGGTTCAAAT,0,1835331
hyuA_predicted,0.05555555555555555,17,17,ATGCAGGGCTATTTTTGGTT,0,1833912
hyuA_predicted,0.05555555555555555,17,17,ATCTAGTTAGATCATATCTT,0,1835316
hyuA_predicted,0.05555555555555555,17,17,ATCGTCCTCAGGTTATCGTC,0,1850953
hyuA_predicted,0.05555555555555555,17,17,ATCGTAGGGCAATATGCGCA,0,1862548
hyuA_predicted,0.05555555555555555,17,17,ATCGGTCATCATTACTGTAA,0,1855808
hyuA_predicted,0.05555555555555555,17,17,ATCGCGTACTTTGATAAATA,0,1838511
hyuA_predicted,0.05555555555555555,17,17,ATCGCGACCCGCCGAAATAG,0,1851163
hyuA_predicted,0.05555555555555555,17,17,ATCCGACCGCTAAGGTATTA,0,1865057
hyuA_predicted,0.05555555555555555,17,17,ATATTTGCGAGCACGTCAAA,0,1837700
hyuA_predicted,0.05555555555555555,17,17,ATATTTCCTAAGGATTCGAT,0,1857017
hyuA_predicted,0.05555555555555555,17,17,ATATTGTCACTGAGTGTTTG,0,1849730
hyuA_predicted,0.05555555555555555,17,17,ATATCATGCGTAAGAACATA,0,1874400
hyuA_predicted,0.05555555555555555,17,17,ATAGCGCCGACCCCAAGAGT,0,1831151
hyuA_predicted,0.05555555555555555,17,17,ATAAGGCTCTTTTTCGTAGG,0,1834614
hyuA_predicted,0.05555555555555555,17,17,AGTGTACGCTTCTACGTCAC,0,1838830
hyuA_predicted,0.05555555555555555,17,17,AGTCTGATATGGGTCTGCAA,0,1871400
hyuA_predicted,0.05555555555555555,17,17,AGTCAGGTGGGGGTTTACAT,0,1845357
hyuA_predicted,0.05555555555555555,17,17,AGTATTTTGATTGTAGTTCA,0,1871880
hyuA_predicted,0.05555555555555555,17,17,AGTAGACCACGGTAGGGCTG,0,1847498
hyuA_predicted,0.05555555555555555,17,17,AGGTTAGTTGACGCTGGTGA,0,1866478
hyuA_predicted,0.05555555555555555,17,17,AGGGGCCGATCCAGGTGTGC,0,1840579
hyuA_predicted,0.05555555555555555,17,17,AGGCAGCGAGAGCTCAAGTC,0,1874900
hyuA_predicted,0.05555555555555555,17,17,AGGATGGAACGGTCTCACAT,0,1861374
hyuA_predicted,0.05555555555555555,17,17,AGGAACTACTCGTGCTGAAG,0,1839183
hyuA_predicted,0.05555555555555555,17,17,AGCGTTTGAAGTTGATCACA,0,1858264
hyuA_predicted,0.05555555555555555,17,17,AGCATACGTGCAAGTTAGAC,0,1848667
hyuA_predicted,0.05555555555555555,17,17,AGCAGTTGGTGCCATTTAAA,0,1852744
hyuA_predicted,0.05555555555555555,17,17,AGCACTAGGCTCACTAATCC,0,1853282
hyuA_predicted,0.05555555555555555,17,17,AGCACACGGGATATATGATA,0,1863400
hyuA_predicted,0.05555555555555555,17,17,AGAGATAGTTCCCCTTGACT,0,1852765
hyuA_predicted,0.05555555555555555,17,17,AGACGGAGAACATCCCGCCG,0,1857922
hyuA_predicted,0.05555555555555555,17,17,AGACATATGCCGACAATTAT,0,1840825
hyuA_predicted,0.05555555555555555,17,17,AGACACGCCACGAGATACCT,0,1877064
hyuA_predicted,0.05555555555555555,17,17,AGAAAGTTCGTCCGTGTGAT,0,1861564
hyuA_predicted,0.05555555555555555,17,17,AGAAACACCAGCATAACGAC,0,1856577
hyuA_predicted,0.05555555555555555,17,17,ACTGCTGGATGCAAGCCACC,0,1831409
hyuA_predicted,0.05555555555555555,17,17,ACTCGTGCTACTTATAATCG,0,1852771
hyuA_predicted,0.05555555555555555,17,17,ACGTTGGTTGACTGCGGTGC,0,1853181
hyuA_predicted,0.05555555555555555,17,17,ACGTTCCTTAACTATGGCAC,0,1870314
hyuA_predicted,0.05555555555555555,17,17,ACGCTTATGGAGTAATCGCA,0,1834099
hyuA_predicted,0.05555555555555555,17,17,ACGCTCATACTAGGACATGG,0,1832359
hyuA_predicted,0.05555555555555555,17,17,ACGCATTGAGGTGGGCATGC,0,1834363
hyuA_predicted,0.05555555555555555,17,17,ACGAGGCAGCCTCAGAAGAA,0,1845654
hyuA_predicted,0.05555555555555555,17,17,ACCCGGTATCGTGCAGCGTT,0,1831237
hyuA_predicted,0.05555555555555555,17,17,ACCCGCCTACCGACGCGGTA,0,1860382
hyuA_predicted,0.05555555555555555,17,17,ACCACTTAACGCATAGTTTA,0,1864876
hyuA_predicted,0.05555555555555555,17,17,ACAGGAGGACAGTGAGTTTG,0,1835784
hyuA_predicted,0.05555555555555555,17,17,ACAGGAGCCAGAAAACACTA,0,1848559
hyuA_predicted,0.05555555555555555,17,17,ACACTTGTTGAGCTTCGGCG,0,1837543
hyuA_predicted,0.05555555555555555,17,17,ACACGGAAAGCCGTTAAATG,0,1847544
hyuA_predicted,0.05555555555555555,17,17,ACACAATGGGAAGGCCGTGA,0,1871657
hyuA_predicted,0.05555555555555555,17,17,ACAATCGAAGACGGTCCATA,0,1862441
hyuA_predicted,0.05555555555555555,17,17,AATGGCCATCTAGAATGGAG,0,1845499
hyuA_predicted,0.05555555555555555,17,17,AAGGGTTGCATGTTCAGAAA,0,1829177
hyuA_predicted,0.05555555555555555,17,17,AAGCCGAGCTCCTAACCAAG,0,1867818
hyuA_predicted,0.05555555555555555,17,17,AACCTAATGTAGGGTCGGAC,0,1873465
hyuA_predicted,0.05555555555555555,17,17,AACAGGTCATGTATGGAGCT,0,1847141
hyuA_predicted,0.05555555555555555,17,17,AAAGGCAGGGTTATATAGTA,0,1871591
hyuA_predicted,0.05555555555555555,17,17,AAACTTTGTCGTAAGGAAAT,0,1834036
hyuA_predicted,0.05555555555555555,17,17,AAACAGGCAGCTTCGTCCAC,0,1832429
hyuA_predicted,0.058823529411764705,16,16,TTTTGCAGAGGTTCGAGGGT,0,1876592
hyuA_predicted,0.058823529411764705,16,16,TTTACGGATCTACGTTATCG,0,1853996
hyuA_predicted,0.058823529411764705,16,16,TTGTACGCGCGTAAGTCCTG,0,1851622
hyuA_predicted,0.058823529411764705,16,16,TTGCCCACCTTGGTCCCATT,0,1837691
hyuA_predicted,0.058823529411764705,16,16,TTCTGACGGGCGTTCGAGGC,0,1831456
hyuA_predicted,0.058823529411764705,16,16,TTCCTTCTGAGTTAAGATTG,0,1862904
hyuA_predicted,0.058823529411764705,16,16,TTCCGCTCAACGAAGAGCGC,0,1829356
hyuA_predicted,0.058823529411764705,16,16,TTAGGCAGATGTTACAGTAT,0,1834874
hyuA_predicted,0.058823529411764705,16,16,TTAGACTCTAAAAACATCGA,0,1870550
hyuA_predicted,0.058823529411764705,16,16,TTACGTCTAGAGGCTCGCAA,0,1853736
hyuA_predicted,0.058823529411764705,16,16,TGTTACTACAGCTTATTATC,0,1859628
hyuA_predicted,0.058823529411764705,16,16,TGTCCAGAAATGCCCTGTCA,0,1858162
hyuA_predicted,0.058823529411764705,16,16,TGTAGCCTCACAATATGACC,0,1830477
hyuA_predicted,0.058823529411764705,16,16,TGGTAATGAATGCCATCTGG,0,1873774
hyuA_predicted,0.058823529411764705,16,16,TGGGTTGATCATTACATCGT,0,1850547
hyuA_predicted,0.058823529411764705,16,16,TGCTAGGCTGGTTATCGGCT,0,1848072
hyuA_predicted,0.058823529411764705,16,16,TGCGCCCGGTAGTTCGGCTT,0,1868471
hyuA_predicted,0.058823529411764705,16,16,TGAGAGGGCAATCATAACGT,0,1870258
hyuA_predicted,0.058823529411764705,16,16,TGACACAGTCGCATGCCCAC,0,1857778
hyuA_predicted,0.058823529411764705,16,16,TGAATCATGGAGACAGGAGT,0,1863911
hyuA_predicted,0.058823529411764705,16,16,TCTCTGAGAGTGCGTTAAGG,0,1840946
hyuA_predicted,0.058823529411764705,16,16,TCTATTACCCCCCAGGTGCA,0,1835462
hyuA_predicted,0.058823529411764705,16,16,TCGGACCGCAAGTTCCAGGT,0,1841589
hyuA_predicted,0.058823529411764705,16,16,TCGAGAAGATATTCAGAAGC,0,1834864
hyuA_predicted,0.058823529411764705,16,16,TCCTTTTTTCCACATCGTGA,0,1851865
hyuA_predicted,0.058823529411764705,16,16,TCCGCACTCTCGATCCACTT,0,1873311
hyuA_predicted,0.058823529411764705,16,16,TCCCTCAACATCGGCGCACT,0,1852795
hyuA_predicted,0.058823529411764705,16,16,TCCCGTGTTAAACCGATTTC,0,1838431
hyuA_predicted,0.058823529411764705,16,16,TCCCGGGGGACCACCTATTA,0,1870219
hyuA_predicted,0.058823529411764705,16,16,TCCAGGATATCGAAAGTGGA,0,1845980
hyuA_predicted,0.058823529411764705,16,16,TCCACGTTTTCGTCTCCTGC,0,1845909
hyuA_predicted,0.058823529411764705,16,16,TCCACAGTAAGTACGTCCGG,0,1833861
hyuA_predicted,0.058823529411764705,16,16,TCATGGCGGCAGCATACCTA,0,1873000
hyuA_predicted,0.058823529411764705,16,16,TCAGTCGAAAACTCGCAACA,0,1876317
hyuA_predicted,0.058823529411764705,16,16,TAGGCGCGAAAGACCCTTCA,0,1843895
hyuA_predicted,0.058823529411764705,16,16,TAGGAAGAGGACGGCAGATC,0,1853092
hyuA_predicted,0.058823529411764705,16,16,TAGCGCGTCGAAGGTGGGCA,0,1846344
hyuA_predicted,0.058823529411764705,16,16,TACTGTTGAGAAAACTGAAG,0,1866901
hyuA_predicted,0.058823529411764705,16,16,TACGATGTCATGAGTCATAT,0,1842494
hyuA_predicted,0.058823529411764705,16,16,TACGAGTAGTTTATGATGCT,0,1855748
hyuA_predicted,0.058823529411764705,16,16,GTTCCCGCCGTTGTCGGGTG,0,1874995
hyuA_predicted,0.058823529411764705,16,16,GTTAGAACAGGTTCTTGAGG,0,1859490
hyuA_predicted,0.058823529411764705,16,16,GTTAAGAATTGCCGCATTCG,0,1869578
hyuA_predicted,0.058823529411764705,16,16,GTGTATGCAGCAATGGGACG,0,1864321
hyuA_predicted,0.058823529411764705,16,16,GTGTAAACGTCTTGTGGGAC,0,1871002
hyuA_predicted,0.058823529411764705,16,16,GTGGCCTGGGGTCCCAGCAG,0,1845545
hyuA_predicted,0.058823529411764705,16,16,GTGGCATGTGGGAGGTCGAA,0,1873027
hyuA_predicted,0.058823529411764705,16,16,GTGGAAGGATCTGACTAACA,0,1840002
hyuA_predicted,0.058823529411764705,16,16,GTGATCACCCCGCGGGAGAC,0,1871976
hyuA_predicted,0.058823529411764705,16,16,GTAGCCCTTCCCGGAATTGA,0,1835638
hyuA_predicted,0.058823529411764705,16,16,GGTTCAGTTTGTAAGGTACT,0,1853480
hyuA_predicted,0.058823529411764705,16,16,GGTGGGGTCAAGTTCTCGAC,0,1861675
hyuA_predicted,0.058823529411764705,16,16,GGTCGAGGGCATATTACGCT,0,1837956
hyuA_predicted,0.058823529411764705,16,16,GGTAGTTTCTCTCTCCGTTA,0,1832882
hyuA_predicted,0.058823529411764705,16,16,GGTAGGAATGATCTGGACAG,0,1870687
hyuA_predicted,0.058823529411764705,16,16,GGTAACTCCACCCCTTTGTT,0,1856783
hyuA_predicted,0.058823529411764705,16,16,GGGTTTCTTATGCACAGTGA,0,1872133
hyuA_predicted,0.058823529411764705,16,16,GGCGTTAAAAATGTTCTCCT,0,1871969
hyuA_predicted,0.058823529411764705,16,16,GGATGCCAGGGGAATACTTT,0,1865706
hyuA_predicted,0.058823529411764705,16,16,GGATCTATGTCTCATGCTGG,0,1874700
hyuA_predicted,0.058823529411764705,16,16,GGAGGTATGGGAAATGGAGT,0,1837456
hyuA_predicted,0.058823529411764705,16,16,GGAGGCCCACTGGAGATATG,0,1867567
hyuA_predicted,0.058823529411764705,16,16,GGAGCAATTAAGGATAACGG,0,1839157
hyuA_predicted,0.058823529411764705,16,16,GGAAAGGGAATATATCAGCG,0,1834273
hyuA_predicted,0.058823529411764705,16,16,GCTGTCGGTCTCGCGTTTAT,0,1850296
hyuA_predicted,0.058823529411764705,16,16,GCTGGCTATCCACTGCACTC,0,1837211
hyuA_predicted,0.058823529411764705,16,16,GCTCGGGGCATTTTACAGGA,0,1857567
hyuA_predicted,0.058823529411764705,16,16,GCTCCCGCCGCTCGTACTTT,0,1845424
hyuA_predicted,0.058823529411764705,16,16,GCTATTCACCCACCGCTATG,0,1868827
hyuA_predicted,0.058823529411764705,16,16,GCTACGCGACTAACCTTCCA,0,1832078
hyuA_predicted,0.058823529411764705,16,16,GCTAAGGCTCCTGTGGATCT,0,1831656
hyuA_predicted,0.058823529411764705,16,16,GCGTAGATGCTGCCTGCGGG,0,1830129
hyuA_predicted,0.058823529411764705,16,16,GCGGGCCGCCCGGTGTTTTA,0,1857928
hyuA_predicted,0.058823529411764705,16,16,GCGCCTAGAGCAACACACGG,0,1864878
hyuA_predicted,0.058823529411764705,16,16,GCGAGGTCGCGAATCCGAGA,0,1849445
hyuA_predicted,0.058823529411764705,16,16,GCCGTCTTCACTTAGCCAAA,0,1851053
hyuA_predicted,0.058823529411764705,16,16,GCCACCTGCCCATGATCAGT,0,1853729
hyuA_predicted,0.058823529411764705,16,16,GCCAACGCGGGCTTTCAGTA,0,1854180
hyuA_predicted,0.058823529411764705,16,16,GCATGCGGGACGTACCAGGT,0,1845710
hyuA_predicted,0.058823529411764705,16,16,GCAGCCGTGTTCTGCTTAAA,0,1833368
hyuA_predicted,0.058823529411764705,16,16,GCACTCGGAAATAACTTATT,0,1854912
hyuA_predicted,0.058823529411764705,16,16,GCACTCACAGTCAGTCCTCC,0,1832401
hyuA_predicted,0.058823529411764705,16,16,GCACACGAGGAAGTAGTACA,0,1868641
hyuA_predicted,0.058823529411764705,16,16,GCAATGCCATGTGTGGCGCG,0,1840047
hyuA_predicted,0.058823529411764705,16,16,GATTGCCGTGGGAACTATAC,0,1843390
hyuA_predicted,0.058823529411764705,16,16,GATTAGCGCGCCGGATAGTG,0,1863169
hyuA_predicted,0.058823529411764705,16,16,GATTACATCTTTCTGTGAGG,0,1829244
hyuA_predicted,0.058823529411764705,16,16,GATATCTTATGCACTATGCG,0,1867770
hyuA_predicted,0.058823529411764705,16,16,GAGTTGGAGGGCTCTTATAC,0,1858076
hyuA_predicted,0.058823529411764705,16,16,GACCACCAACTATTGTTCCT,0,1835044
hyuA_predicted,0.058823529411764705,16,16,GAATGCGGTATGAATCCAGT,0,1861711
hyuA_predicted,0.058823529411764705,16,16,GAAGTTATGTTATTTTCCTG,0,1875036
hyuA_predicted,0.058823529411764705,16,16,GAAGTAAGGGCGATCATTTT,0,1854490
hyuA_predicted,0.058823529411764705,16,16,GAAGATTAAAGAACTAAAGC,0,1843430
hyuA_predicted,0.058823529411764705,16,16,GAACTCATCCTGCTATGGTA,0,1862701
hyuA_predicted,0.058823529411764705,16,16,GAACGGGTTGGCATAGGACG,0,1833789
hyuA_predicted,0.058823529411764705,16,16,GAAAAAGAATCTTGCAGTCA,0,1832830
hyuA_predicted,0.058823529411764705,16,16,CTTGGATATCCTGCCAGCAA,0,1843539
hyuA_predicted,0.058823529411764705,16,16,CTTGAAATCTGAGCACCACT,0,1862312
hyuA_predicted,0.058823529411764705,16,16,CTTCTCCTCTGCACAAATAC,0,1835232
hyuA_predicted,0.058823529411764705,16,16,CTTCTATTATCACTCCGCAT,0,1855814
hyuA_predicted,0.058823529411764705,16,16,CTGTGTAGGGGTTCAAATAA,0,1847826
hyuA_predicted,0.058823529411764705,16,16,CTGGGTGGTAAGCCCCGGAA,0,1867078
hyuA_predicted,0.058823529411764705,16,16,CTGGAAGTAGAAAATCCATT,0,1858266
hyuA_predicted,0.058823529411764705,16,16,CTGGAAGATTTGCTTGTAGT,0,1851519
hyuA_predicted,0.058823529411764705,16,16,CTGCGAGTTTTTGCTACAAG,0,1874607
hyuA_predicted,0.058823529411764705,16,16,CTGAATGACACTAATGTGGA,0,1866237
hyuA_predicted,0.058823529411764705,16,16,CTGAAGGACTATCGACTCAA,0,1852412
hyuA_predicted,0.058823529411764705,16,16,CTCGGGTGCGTCTCGCGGAT,0,1873869
hyuA_predicted,0.058823529411764705,16,16,CTCGCGTTGCGGTCTACTAT,0,1864318
hyuA_predicted,0.058823529411764705,16,16,CTAGGCACAGTAGAGTGCAA,0,1850548
hyuA_predicted,0.058823529411764705,16,16,CTAGGAACCACAGCGTGGAA,0,1832434
hyuA_predicted,0.058823529411764705,16,16,CTAGCTTGCACTCGGCCTCT,0,1856052
hyuA_predicted,0.058823529411764705,16,16,CGTTAGTCGCCATGCAGAGA,0,1852447
hyuA_predicted,0.058823529411764705,16,16,CGGTGTCCAGACACAGACAG,0,1831128
hyuA_predicted,0.058823529411764705,16,16,CGGTAAAGATAATAACACAT,0,1840863
hyuA_predicted,0.058823529411764705,16,16,CGGCCGCTAAGGAGGAGGGA,0,1842764
hyuA_predicted,0.058823529411764705,16,16,CGGAGCGATTTTCTAAGGTC,0,1852969
hyuA_predicted,0.058823529411764705,16,16,CGCTGTTCTCAATTTTAAGC,0,1834712
hyuA_predicted,0.058823529411764705,16,16,CGCGTTGCGTTGGCCAATCT,0,1836052
hyuA_predicted,0.058823529411764705,16,16,CGCGCGTGTTGTGGTCCCGA,0,1862603
hyuA_predicted,0.058823529411764705,16,16,CGACTCATCATGAGGACAGC,0,1846758
hyuA_predicted,0.058823529411764705,16,16,CCTTGGCTTCGTGCGCTTTG,0,1840498
hyuA_predicted,0.058823529411764705,16,16,CCTAGAACTTCTCAGCCAGC,0,1856362
hyuA_predicted,0.058823529411764705,16,16,CCGTGGCGCCCAATTCAACG,0,1857913
hyuA_predicted,0.058823529411764705,16,16,CCGTATCTGGTTTCGTTCGG,0,1837516
hyuA_predicted,0.058823529411764705,16,16,CCGCTCAGAAAAGTATCACT,0,1871054
hyuA_predicted,0.058823529411764705,16,16,CCGAGAGGCACTTAGCGGTC,0,1833167
hyuA_predicted,0.058823529411764705,16,16,CCCTATTCAGATCCGTCGCT,0,1850642
hyuA_predicted,0.058823529411764705,16,16,CCCGGGGATGGCTTCTGCAG,0,1839273
hyuA_predicted,0.058823529411764705,16,16,CCCGCATAATCCAGTAATAC,0,1853722
hyuA_predicted,0.058823529411764705,16,16,CCAGAACATTCGGGAAGCAT,0,1867820
hyuA_predicted,0.058823529411764705,16,16,CATGTATGTATGAGATTGGA,0,1842731
hyuA_predicted,0.058823529411764705,16,16,CATGATTTATACCACACAAC,0,1850331
hyuA_predicted,0.058823529411764705,16,16,CAGGGGAACGTCAAGATCAT,0,1851975
hyuA_predicted,0.058823529411764705,16,16,CAGCTTGTCATGACCGGGCA,0,1861761
hyuA_predicted,0.058823529411764705,16,16,CAGCCCAGCCTTGCGGCAGA,0,1867232
hyuA_predicted,0.058823529411764705,16,16,CAGCAGCGTTACACGGGCAA,0,1853334
hyuA_predicted,0.058823529411764705,16,16,CAGATTTCCCGCGTGTGTCG,0,1861681
hyuA_predicted,0.058823529411764705,16,16,CAGATGGATGCTCCGACGCA,0,1838947
hyuA_predicted,0.058823529411764705,16,16,CACGTTCACCCGCACCGAAT,0,1847697
hyuA_predicted,0.058823529411764705,16,16,CACGGTGCGGCTATGTCACT,0,1832697
hyuA_predicted,0.058823529411764705,16,16,CACCCAACCGATCTTTCGGC,0,1866584
hyuA_predicted,0.058823529411764705,16,16,CACACTTCGTATACAGCAGT,0,1873437
hyuA_predicted,0.058823529411764705,16,16,CACAACCATGTCGGAGGTTT,0,1875890
hyuA_predicted,0.058823529411764705,16,16,CAAGCCAAAATGACTACAGA,0,1876032
hyuA_predicted,0.058823529411764705,16,16,CAACCCTCCACTCTAATATC,0,1843935
hyuA_predicted,0.058823529411764705,16,16,CAAATCCTACTCATTTTGTT,0,1876909
hyuA_predicted,0.058823529411764705,16,16,CAAAGGTTGGGTCCGTGGGG,0,1871862
hyuA_predicted,0.058823529411764705,16,16,ATTGTCTATGGCAGAGCACA,0,1875378
hyuA_predicted,0.058823529411764705,16,16,ATTCGGATGACTTCCCAGAT,0,1850229
hyuA_predicted,0.058823529411764705,16,16,ATGTATACGCGGTTCTTATT,0,1863724
hyuA_predicted,0.058823529411764705,16,16,ATCATATGCACCCCCGGTGT,0,1860977
hyuA_predicted,0.058823529411764705,16,16,ATCAAGGCTCGAAGGTTACA,0,1844954
hyuA_predicted,0.058823529411764705,16,16,ATATGGACGCGTACGTTCGA,0,1877334
hyuA_predicted,0.058823529411764705,16,16,ATATGAGTGCAATCCCGTTG,0,1841796
hyuA_predicted,0.058823529411764705,16,16,ATATGACAGTTCGCGACTAG,0,1857582
hyuA_predicted,0.058823529411764705,16,16,ATAGTCATAGAGGAAACAAG,0,1853529
hyuA_predicted,0.058823529411764705,16,16,ATAGGGTGAAGGGTTTTATA,0,1844975
hyuA_predicted,0.058823529411764705,16,16,ATAGATACAATCTCCCATGA,0,1841373
hyuA_predicted,0.058823529411764705,16,16,ATAGACTGTACTGAATACGG,0,1864369
hyuA_predicted,0.058823529411764705,16,16,AGTCTGGATCCACAGTATAA,0,1837843
hyuA_predicted,0.058823529411764705,16,16,AGTCATAGCTCTGGCCGGTA,0,1833937
hyuA_predicted,0.058823529411764705,16,16,AGTATTGGTGGCCACCCAGA,0,1833251
hyuA_predicted,0.058823529411764705,16,16,AGTAGTTGTTACGGTCTGCA,0,1853075
hyuA_predicted,0.058823529411764705,16,16,AGTAGGTCCACGGGAGCGAT,0,1833471
hyuA_predicted,0.058823529411764705,16,16,AGTACTGTCAACCCGCTTAC,0,1875758
hyuA_predicted,0.058823529411764705,16,16,AGTACGGACGATTAGCTTCC,0,1832821
hyuA_predicted,0.058823529411764705,16,16,AGGTACCCACAATACACCAA,0,1838767
hyuA_predicted,0.058823529411764705,16,16,AGGGCCAGGGCGTTTCCTGA,0,1858816
hyuA_predicted,0.058823529411764705,16,16,AGGAGCATGATTCCGAGGGC,0,1842513
hyuA_predicted,0.058823529411764705,16,16,AGCTCGGCCAGCGCAGTTTT,0,1829583
hyuA_predicted,0.058823529411764705,16,16,AGCTACTTCTCAGATCAGAT,0,1833763
hyuA_predicted,0.058823529411764705,16,16,AGCGTTAATGAGCACTCCCA,0,1835285
hyuA_predicted,0.058823529411764705,16,16,AGCCAGCGAGAGATCTAAAA,0,1877181
hyuA_predicted,0.058823529411764705,16,16,AGAGGACGGCGACGGACATT,0,1832088
hyuA_predicted,0.058823529411764705,16,16,ACTTGGACTCTGCCCGCCGA,0,1862587
hyuA_predicted,0.058823529411764705,16,16,ACTGTCCGACGTAAGAAGCT,0,1865580
hyuA_predicted,0.058823529411764705,16,16,ACTGCCGTGAAAGCCAATTT,0,1865498
hyuA_predicted,0.058823529411764705,16,16,ACTGCACTCATCGGTGAGAT,0,1875117
hyuA_predicted,0.058823529411764705,16,16,ACTCTGGCTTTGAATAGTTT,0,1829122
hyuA_predicted,0.058823529411764705,16,16,ACTCTCCTGTGAGGCCTCCA,0,1865111
hyuA_predicted,0.058823529411764705,16,16,ACGCGGTGGAGCACGAACGT,0,1873039
hyuA_predicted,0.058823529411764705,16,16,ACGCGGGGGCTTCATACGCT,0,1846820
hyuA_predicted,0.058823529411764705,16,16,ACGACGTTGACCAAAATCCA,0,1856989
hyuA_predicted,0.058823529411764705,16,16,ACCTCCGTCCTAATCGGGAT,0,1865486
hyuA_predicted,0.058823529411764705,16,16,ACCTACGTCCGTGGCAGGCA,0,1845892
hyuA_predicted,0.058823529411764705,16,16,ACCCGAGTCGCCATTCGATC,0,1842669
hyuA_predicted,0.058823529411764705,16,16,ACATAATCTGTCAAGGTCAT,0,1874665
hyuA_predicted,0.058823529411764705,16,16,ACAGTGCGGAGTCTGGGCTT,0,1868834
hyuA_predicted,0.058823529411764705,16,16,AATTCAGCTTGGTATCCAGA,0,1832616
hyuA_predicted,0.058823529411764705,16,16,AATGGCGGGCCTAAGAAGTA,0,1850165
hyuA_predicted,0.058823529411764705,16,16,AATGGATACGGTCTCCACGA,0,1853530
hyuA_predicted,0.058823529411764705,16,16,AATCTGTCCCCACGGCGCCC,0,1838663
hyuA_predicted,0.058823529411764705,16,16,AATATTTCCGGCCTTCATGT,0,1850518
hyuA_predicted,0.058823529411764705,16,16,AATAGAGTGGTCCTCTGGCG,0,1873833
hyuA_predicted,0.058823529411764705,16,16,AATAGACTTGCGGCGATGAA,0,1837819
hyuA_predicted,0.058823529411764705,16,16,AAGTCAGTCTTATGCTTAAA,0,1871196
hyuA_predicted,0.058823529411764705,16,16,AAGTACTGGAGAAACACCAT,0,1841179
hyuA_predicted,0.058823529411764705,16,16,AAGGGCTCAGCTCGACTCTA,0,1842643
hyuA_predicted,0.058823529411764705,16,16,AAGCATGAGGGCTTGGTCGT,0,1836058
hyuA_predicted,0.058823529411764705,16,16,AACTGCGGCTATGCTACGAC,0,1851362
hyuA_predicted,0.058823529411764705,16,16,AACACCATCCGCCATGAACG,0,1831471
hyuA_predicted,0.058823529411764705,16,16,AAATTCGTTAGGCTCGCAGG,0,1875132
hyuA_predicted,0.058823529411764705,16,16,AAATGATAAACTTTGCCGTA,0,1851231
hyuA_predicted,0.058823529411764705,16,16,AAACGGATCCTCCTCGGATG,0,1850472
hyuA_predicted,0.058823529411764705,16,16,AAACAGGATAGTTTTTGGCC,0,1830916
hyuA_predicted,0.0625,15,15,TTTGCACTCGAAAAGTTCAG,0,1876433
hyuA_predicted,0.0625,15,15,TTGTTTGTCGTCAGTCCTAG,0,1841919
hyuA_predicted,0.0625,15,15,TTGTTCCGGAACCAGGCTCA,0,1842379
hyuA_predicted,0.0625,15,15,TTCTCGGAAACGATATTTCG,0,1865739
hyuA_predicted,0.0625,15,15,TTCGGAAAAGGAGTGCTCCA,0,1861615
hyuA_predicted,0.0625,15,15,TTCGCCTACGAGAGGGTCAT,0,1873535
hyuA_predicted,0.0625,15,15,TTCCTTCGGTTCAGTTACAA,0,1862898
hyuA_predicted,0.0625,15,15,TTCCAAGTGGAACCTATGTT,0,1842177
hyuA_predicted,0.0625,15,15,TTCACAAGGCGCCAGTCATT,0,1845522
hyuA_predicted,0.0625,15,15,TTATGTAGTAGAGGGACATT,0,1853524
hyuA_predicted,0.0625,15,15,TTATCACAGAAGGGTAGGAA,0,1876617
hyuA_predicted,0.0625,15,15,TTAGGTGATGGACGTCTCCG,0,1843985
hyuA_predicted,0.0625,15,15,TTACTATAATCCGGGTATTA,0,1846202
hyuA_predicted,0.0625,15,15,TTAAAGGAGGTCGTATGGCA,0,1844778
hyuA_predicted,0.0625,15,15,TGTTGTTTTATTTTGCCGAT,0,1877405
hyuA_predicted,0.0625,15,15,TGTTGCTCTAGTACGCTCAC,0,1848728
hyuA_predicted,0.0625,15,15,TGTCTTCTCGTATCGCGTTC,0,1857513
hyuA_predicted,0.0625,15,15,TGTCGTGACCGCAAAGGAAG,0,1835130
hyuA_predicted,0.0625,15,15,TGTCCCGATTGAAGTAGATG,0,1848241
hyuA_predicted,0.0625,15,15,TGTAGGAAATGGTTAATACT,0,1841255
hyuA_predicted,0.0625,15,15,TGGGGGTATGAACTAGACTT,0,1846228
hyuA_predicted,0.0625,15,15,TGGGACTTGTACTTGCGTAG,0,1847520
hyuA_predicted,0.0625,15,15,TGGCAGAAAAGGAAGTGACG,0,1863538
hyuA_predicted,0.0625,15,15,TGCAACGCCCAGTTTGCGAC,0,1848227
hyuA_predicted,0.0625,15,15,TGAGCATCGTATCGTCAGTC,0,1861236
hyuA_predicted,0.0625,15,15,TGAGCAGCAAAGAGTTAATG,0,1860255
hyuA_predicted,0.0625,15,15,TGACCTATACGTAGTTCAAT,0,1838387
hyuA_predicted,0.0625,15,15,TGAATAATGAAGGTACAAGG,0,1873873
hyuA_predicted,0.0625,15,15,TGAACTGGATCGACCGGGAA,0,1841539
hyuA_predicted,0.0625,15,15,TGAAAGAACGCTGGCAACCC,0,1873911
hyuA_predicted,0.0625,15,15,TCTCAGACGCCATCCCGTGA,0,1860388
hyuA_predicted,0.0625,15,15,TCGTGTCCCGGGGCAGCTCT,0,1836269
hyuA_predicted,0.0625,15,15,TCGTGAGCAACTAAACGATG,0,1833273
hyuA_predicted,0.0625,15,15,TCGTAGACGGCTTCGACGCC,0,1840177
hyuA_predicted,0.0625,15,15,TCGGTCGGGAACGGCTAGGA,0,1835263
hyuA_predicted,0.0625,15,15,TCGGTCCTTTCTATGAAATA,0,1849818
hyuA_predicted,0.0625,15,15,TCGCCACTAGCGTGTCTGAT,0,1874825
hyuA_predicted,0.0625,15,15,TCCGCATAGGAGGCATATTG,0,1831011
hyuA_predicted,0.0625,15,15,TCAGCTGTTTCCTTGTAGTT,0,1840088
hyuA_predicted,0.0625,15,15,TCAGAGCGCCGGAACAAACT,0,1840918
hyuA_predicted,0.0625,15,15,TCAACTCGGCCCTACCGAGC,0,1839236
hyuA_predicted,0.0625,15,15,TCAAAGCCCTATTTCTTTGA,0,1870952
hyuA_predicted,0.0625,15,15,TATTCCCTTAAGCCGCCTAA,0,1861212
hyuA_predicted,0.0625,15,15,TATTCAAAGCTAGTCCCGCA,0,1856329
hyuA_predicted,0.0625,15,15,TATGCTACCAGATATGCATC,0,1840692
hyuA_predicted,0.0625,15,15,TATCCTCCTACTAGCAGACT,0,1871641
hyuA_predicted,0.0625,15,15,TATACGGTGATCTGGCTCCT,0,1830264
hyuA_predicted,0.0625,15,15,TAGATCTACTGTGTTATCAA,0,1856890
hyuA_predicted,0.0625,15,15,TAGAGCAGGGGAGCTCAATG,0,1859491
hyuA_predicted,0.0625,15,15,TAGACATTATTCCTAAGGAT,0,1856280
hyuA_predicted,0.0625,15,15,TAGAACATATTCGGGGTATC,0,1846198
hyuA_predicted,0.0625,15,15,TACTTCTTGTCTTACTGAAT,0,1855386
hyuA_predicted,0.0625,15,15,TACTCCGGGTAACGGGGTCT,0,1832803
hyuA_predicted,0.0625,15,15,TACGTGATCATGCAACTGCA,0,1856693
hyuA_predicted,0.0625,15,15,TACGACCACTTATCGGCGTT,0,1845555
hyuA_predicted,0.0625,15,15,TACCTCGTTTCATGTGGAGC,0,1843983
hyuA_predicted,0.0625,15,15,TACCGTACTCATACCAAGTA,0,1849727
hyuA_predicted,0.0625,15,15,TACCCGTTTTGAGGTTCGGT,0,1835189
hyuA_predicted,0.0625,15,15,TACATAGAACAGATCCAACT,0,1834320
hyuA_predicted,0.0625,15,15,TAATGGTAATGGTATAGGAA,0,1835956
hyuA_predicted,0.0625,15,15,GTTTGACACAAAGCATAGTA,0,1830467
hyuA_predicted,0.0625,15,15,GTTGTAAAGGTTACCGCTTA,0,1869577
hyuA_predicted,0.0625,15,15,GTTCCCATCCTTATTGATAT,0,1864376
hyuA_predicted,0.0625,15,15,GTTCATCCAAACGTACGATC,0,1840372
hyuA_predicted,0.0625,15,15,GTGTGGGGACCGTTGGCGGG,0,1863533
hyuA_predicted,0.0625,15,15,GTGTGATGTGCAGGGGTTGA,0,1839143
hyuA_predicted,0.0625,15,15,GTGCTGGCCCCCGGCCTGAT,0,1845405
hyuA_predicted,0.0625,15,15,GTCTAGGACGATTTACGAGC,0,1841651
hyuA_predicted,0.0625,15,15,GTCGGCATCGAAGGGAGGCC,0,1851647
hyuA_predicted,0.0625,15,15,GTCACTAGGGACGCCGAAAA,0,1838033
hyuA_predicted,0.0625,15,15,GTATGCTTGAGCGCGACCTA,0,1844957
hyuA_predicted,0.0625,15,15,GTACTAGCCCAACATATCTG,0,1847909
hyuA_predicted,0.0625,15,15,GTACGCCGTTGACGGGTATG,0,1841746
hyuA_predicted,0.0625,15,15,GTAATCACTCAAAAGATCAC,0,1861570
hyuA_predicted,0.0625,15,15,GTAACACACATTCGTCGTTT,0,1872510
hyuA_predicted,0.0625,15,15,GGTTGGTACACATCTGCATA,0,1847557
hyuA_predicted,0.0625,15,15,GGTGCCTCGGATATCATGCT,0,1833005
hyuA_predicted,0.0625,15,15,GGTATCAATCCAGAACCCAG,0,1853775
hyuA_predicted,0.0625,15,15,GGTAATTACTCGCCTACCGC,0,1868274
hyuA_predicted,0.0625,15,15,GGGGGTTGTGCCCCGGAGAG,0,1835090
hyuA_predicted,0.0625,15,15,GGGCTCTTAGGATTCGTCAC,0,1873347
hyuA_predicted,0.0625,15,15,GGGCATAAATATGACAGCGA,0,1841802
hyuA_predicted,0.0625,15,15,GGCTACCGCTCGTGCCGCAA,0,1863427
hyuA_predicted,0.0625,15,15,GGCCTTGAGTGATGAGTTAT,0,1858221
hyuA_predicted,0.0625,15,15,GGCCCCCCGGGGAACACGAA,0,1839392
hyuA_predicted,0.0625,15,15,GGATGGCTGCTTTGAGAATC,0,1838666
hyuA_predicted,0.0625,15,15,GGATCCTCGAAGATCCGGTA,0,1860215
hyuA_predicted,0.0625,15,15,GGATAGGGAAACAGTGCTCT,0,1844250
hyuA_predicted,0.0625,15,15,GGAGTGAGGCAAGGGTACCA,0,1829453
hyuA_predicted,0.0625,15,15,GCTTGCTATTGTGCGGGACT,0,1841142
hyuA_predicted,0.0625,15,15,GCTGTTAGTGCGGATTGACG,0,1845684
hyuA_predicted,0.0625,15,15,GCTGTAACTCCACTAGATTA,0,1874585
hyuA_predicted,0.0625,15,15,GCTGCACGGACGGGCCGCGC,0,1877198
hyuA_predicted,0.0625,15,15,GCTAAGAAACAGCCTGAAAT,0,1839648
hyuA_predicted,0.0625,15,15,GCTAAATGGCTCCCCGCGGA,0,1873819
hyuA_predicted,0.0625,15,15,GCGTTATGCCAGTCCACTTT,0,1862727
hyuA_predicted,0.0625,15,15,GCCTTAGGGATGGTGGGTAG,0,1867631
hyuA_predicted,0.0625,15,15,GCCTGGTGCAGATAGCCTGA,0,1857923
hyuA_predicted,0.0625,15,15,GCCAATCGAAGGAAGACTCA,0,1834473
hyuA_predicted,0.0625,15,15,GCAGTTTAGTCTGCGTCGTA,0,1854874
hyuA_predicted,0.0625,15,15,GCACGCTCCATCACGCTGAA,0,1854770
hyuA_predicted,0.0625,15,15,GCAATAGGTTCGTAGTTGAT,0,1873876
hyuA_predicted,0.0625,15,15,GATTTTTACACATGCTCCTT,0,1864186
hyuA_predicted,0.0625,15,15,GATTTGCGAGCGCCGTCTCA,0,1873020
hyuA_predicted,0.0625,15,15,GATTGAGGCGGTTACCTCGT,0,1833816
hyuA_predicted,0.0625,15,15,GATTAGGTGCAACGGCGTAA,0,1830373
hyuA_predicted,0.0625,15,15,GATTAGCTAGACATGCGCCA,0,1855967
hyuA_predicted,0.0625,15,15,GATGTTCTAATCCGTACAAT,0,1873060
hyuA_predicted,0.0625,15,15,GATGGCTCTCCTACGAGTCA,0,1873877
hyuA_predicted,0.0625,15,15,GATCGGTCGGTGACAAGAGT,0,1842793
hyuA_predicted,0.0625,15,15,GATATGATCGCGACAAACTC,0,1858214
hyuA_predicted,0.0625,15,15,GAGTAAGTAAGGAGAGTCCA,0,1860686
hyuA_predicted,0.0625,15,15,GAGGGAATTGATGTACGAGA,0,1845481
hyuA_predicted,0.0625,15,15,GAGGAAGAATGTCATGTTTG,0,1854271
hyuA_predicted,0.0625,15,15,GAGCTAGATTTTCGAGAGCT,0,1864114
hyuA_predicted,0.0625,15,15,GAGCAATAACCTCCGTCTCT,0,1840262
hyuA_predicted,0.0625,15,15,GAGATGCCAGGCATCGATCC,0,1859421
hyuA_predicted,0.0625,15,15,GAGACGAGTAGTCGAAAGTT,0,1847575
hyuA_predicted,0.0625,15,15,GACTTGAATGGGCAGGACTG,0,1845618
hyuA_predicted,0.0625,15,15,GACTTCTTCGCATGGCACAC,0,1849446
hyuA_predicted,0.0625,15,15,GACCACGTTACCTCACACTG,0,1866052
hyuA_predicted,0.0625,15,15,GAAATGGGAAGTATGTGGCT,0,1847726
hyuA_predicted,0.0625,15,15,CTTGGTCTTCACCTGGAAGA,0,1837863
hyuA_predicted,0.0625,15,15,CTGTTAATGTGAAATCTCTA,0,1828889
hyuA_predicted,0.0625,15,15,CTGTGCTCAGGAGTCTATTA,0,1861012
hyuA_predicted,0.0625,15,15,CTGTCCTGTTGAGCATGAGA,0,1845398
hyuA_predicted,0.0625,15,15,CTGGTTTCTTCCGTGACTTG,0,1832617
hyuA_predicted,0.0625,15,15,CTGGTCGTGTAATCGGCGTC,0,1856262
hyuA_predicted,0.0625,15,15,CTGGACTCGTGGGCGACCAG,0,1866016
hyuA_predicted,0.0625,15,15,CTGCGTGAGCGATCGATGTG,0,1852052
hyuA_predicted,0.0625,15,15,CTGCGGTCATTGCAATTGGG,0,1874598
hyuA_predicted,0.0625,15,15,CTGACGTGTGACAGGTCCAT,0,1846356
hyuA_predicted,0.0625,15,15,CTCGGAACAGCCGACGGATT,0,1857057
hyuA_predicted,0.0625,15,15,CTCGCGGTACCAATGCGTAA,0,1873740
hyuA_predicted,0.0625,15,15,CTCCGGTCTGATCGCAATAC,0,1864012
hyuA_predicted,0.0625,15,15,CTCCCGTTTGCCGACGTCGC,0,1860240
hyuA_predicted,0.0625,15,15,CTCAGGGTGTGATAAGACTC,0,1832524
hyuA_predicted,0.0625,15,15,CTCACGAGGAATTGAGGTTA,0,1835240
hyuA_predicted,0.0625,15,15,CGGGGGCAATTGCACCCCTC,0,1839670
hyuA_predicted,0.0625,15,15,CGGCGAACGGATACACGCAA,0,1858410
hyuA_predicted,0.0625,15,15,CGGCCTTCTTTGATGTTCAC,0,1850576
hyuA_predicted,0.0625,15,15,CGGCCGGGCGAGGGGGTACT,0,1853686
hyuA_predicted,0.0625,15,15,CGGCATAATATATCTCCTAT,0,1830286
hyuA_predicted,0.0625,15,15,CGGAACGACTCCGGAGCTTA,0,1836064
hyuA_predicted,0.0625,15,15,CGCTTCCTTCCGCACACTTA,0,1846967
hyuA_predicted,0.0625,15,15,CGCTAGGCTTTAACCCGGCA,0,1855295
hyuA_predicted,0.0625,15,15,CGCGCACTACAGAAGCACTT,0,1864145
hyuA_predicted,0.0625,15,15,CGCATAACTTTGCATCTCTC,0,1872492
hyuA_predicted,0.0625,15,15,CGCAATTGTGTAATTTGATT,0,1856131
hyuA_predicted,0.0625,15,15,CGATAGATGCACTCAGCGCA,0,1842423
hyuA_predicted,0.0625,15,15,CGAGTCGGAAGGCCACTCGG,0,1848986
hyuA_predicted,0.0625,15,15,CGAGCGGGTTGGGTTAATTG,0,1875920
hyuA_predicted,0.0625,15,15,CGAGCAAGTTTGCACCTGAT,0,1861917
hyuA_predicted,0.0625,15,15,CGACAACCGGATGACGGTGC,0,1871504
hyuA_predicted,0.0625,15,15,CCTTCAGACATGTTACGGCA,0,1850947
hyuA_predicted,0.0625,15,15,CCTGTTGCATGCTCGGCGCC,0,1861106
hyuA_predicted,0.0625,15,15,CCTGGTCAGTACATAATCGA,0,1829727
hyuA_predicted,0.0625,15,15,CCTCCGGTCAGCCAAAATCT,0,1844500
hyuA_predicted,0.0625,15,15,CCGGGACCCCGACAAAGGTA,0,1850042
hyuA_predicted,0.0625,15,15,CCGGCCTAGGTCAAAGCAGG,0,1831307
hyuA_predicted,0.0625,15,15,CCGACACTTTCGTGGCTGAT,0,1846414
hyuA_predicted,0.0625,15,15,CCCTTGAGCGCCACTTTTAT,0,1862630
hyuA_predicted,0.0625,15,15,CCCTGGCATGATAAATACGC,0,1842675
hyuA_predicted,0.0625,15,15,CCCTGAAATAACCTTGGCTG,0,1859758
hyuA_predicted,0.0625,15,15,CCAGCGGTATGGCCGCAGGA,0,1844209
hyuA_predicted,0.0625,15,15,CCACCAGCCCACAGGTTGCT,0,1866438
hyuA_predicted,0.0625,15,15,CCAACGCCATTCCCTCGTAG,0,1869996
hyuA_predicted,0.0625,15,15,CATTTTTGCCCGTCGGCAAA,0,1840269
hyuA_predicted,0.0625,15,15,CATGCTATAACCAGCGCTAC,0,1857754
hyuA_predicted,0.0625,15,15,CAGCGGAACACTACAAGGCA,0,1854913
hyuA_predicted,0.0625,15,15,CACCTCAGAGTGACTTAATG,0,1831445
hyuA_predicted,0.0625,15,15,CACATCCGGTATTCCACGAA,0,1860243
hyuA_predicted,0.0625,15,15,CAATTATGAAGTGTTTAACA,0,1830122
hyuA_predicted,0.0625,15,15,CAATATTTGGCGTTAGCCAT,0,1829772
hyuA_predicted,0.0625,15,15,CAATATCGCAAGCCGTGTCT,0,1857342
hyuA_predicted,0.0625,15,15,CAATACGTCGAAGTCCGAAT,0,1867295
hyuA_predicted,0.0625,15,15,CAAGCGTTGAAAAGGGCGCT,0,1871569
hyuA_predicted,0.0625,15,15,CAACAGGCAGAAACTATGAG,0,1832504
hyuA_predicted,0.0625,15,15,ATTTGCGCTGAAGATCGGAA,0,1837496
hyuA_predicted,0.0625,15,15,ATTGTATAATAAGACCTTGG,0,1843914
hyuA_predicted,0.0625,15,15,ATTGGCGTTTCTAAGAATAG,0,1854749
hyuA_predicted,0.0625,15,15,ATTGCGGAATGACTGGGGGC,0,1829102
hyuA_predicted,0.0625,15,15,ATTCTTAGCATGAAGGGGGT,0,1875983
hyuA_predicted,0.0625,15,15,ATTCGGAGTTGATTTCTCAT,0,1867888
hyuA_predicted,0.0625,15,15,ATTCAATAAATTGAGACAAG,0,1836403
hyuA_predicted,0.0625,15,15,ATTATGCTGGCTATTACCTG,0,1850939
hyuA_predicted,0.0625,15,15,ATTAGTGAAAGCGGCTGGAA,0,1837606
hyuA_predicted,0.0625,15,15,ATTACCAATCGTACGGAACG,0,1871786
hyuA_predicted,0.0625,15,15,ATGGTAGCCTCAACTAAATT,0,1865529
hyuA_predicted,0.0625,15,15,ATGGGAGTTCGTCGTTCCCG,0,1844087
hyuA_predicted,0.0625,15,15,ATGCTGGTCTTGGAATGCAA,0,1857599
hyuA_predicted,0.0625,15,15,ATGACGAATGCTGTTTTATT,0,1869638
hyuA_predicted,0.0625,15,15,ATCTGACGCCGTATACGATA,0,1866274
hyuA_predicted,0.0625,15,15,ATCGCGAGTACCTCTCAAGC,0,1834430
hyuA_predicted,0.0625,15,15,ATCCTGTGTATGCCTCGGGA,0,1837435
hyuA_predicted,0.0625,15,15,ATCACTGTCAATGAGGTATC,0,1845123
hyuA_predicted,0.0625,15,15,AGTTGACGAGTAGATACCAC,0,1836962
hyuA_predicted,0.0625,15,15,AGTTAAGTTCAGTAAGGCCT,0,1873600
hyuA_predicted,0.0625,15,15,AGGTGCAGGCGGTGCTTAGT,0,1850589
hyuA_predicted,0.0625,15,15,AGGTCACAGAACGCCAGACA,0,1832791
hyuA_predicted,0.0625,15,15,AGGGAAAGCCTCTAGTCATA,0,1862371
hyuA_predicted,0.0625,15,15,AGGCCGTGACGCAAAGAGTA,0,1875182
hyuA_predicted,0.0625,15,15,AGGCACTCCGTTATCCGGTT,0,1846476
hyuA_predicted,0.0625,15,15,AGCTTAGGGCCTCCGGATGT,0,1843625
hyuA_predicted,0.0625,15,15,AGCCCAATTCTGCAAGTTAC,0,1853800
hyuA_predicted,0.0625,15,15,AGCCAGGTATCACGAGTCTT,0,1832096
hyuA_predicted,0.0625,15,15,AGCATCTAGGTCCTTTAAGT,0,1855511
hyuA_predicted,0.0625,15,15,AGCAGAAGAGGCCTTAGCCA,0,1855989
hyuA_predicted,0.0625,15,15,AGCACTTAATGTCCCGTATA,0,1861768
hyuA_predicted,0.0625,15,15,AGATTTGTCGATCCGCAACC,0,1829393
hyuA_predicted,0.0625,15,15,AGAGTGGACATTACGTCAGA,0,1835741
hyuA_predicted,0.0625,15,15,AGACCTTTGAGATCATCTCG,0,1847718
hyuA_predicted,0.0625,15,15,AGACCTGAAATGGTATTAAA,0,1870012
hyuA_predicted,0.0625,15,15,ACTTCTTCTGCCATAGGCTG,0,1876806
hyuA_predicted,0.0625,15,15,ACTTCCATGGGGCTATCGAC,0,1872803
hyuA_predicted,0.0625,15,15,ACTTAACATCGATTTCGTTC,0,1873675
hyuA_predicted,0.0625,15,15,ACTGGTTTCATTAGGTGAAT,0,1839577
hyuA_predicted,0.0625,15,15,ACTGAGGCCGACGAGGGGGA,0,1829362
hyuA_predicted,0.0625,15,15,ACTCAAGGCAACTGAAATTT,0,1858985
hyuA_predicted,0.0625,15,15,ACGTGTAAATGGCTGGTTGA,0,1861266
hyuA_predicted,0.0625,15,15,ACGGCGCAGGTCCGCAGTCC,0,1854280
hyuA_predicted,0.0625,15,15,ACGATATCGGACATTAATGT,0,1837209
hyuA_predicted,0.0625,15,15,ACCTTTACGTGCATGTGCAG,0,1848312
hyuA_predicted,0.0625,15,15,ACCACCTTCGCGTATGGTAA,0,1862882
hyuA_predicted,0.0625,15,15,ACATGTGGCGGCCTAGATAC,0,1870623
hyuA_predicted,0.0625,15,15,AATTGCCCGGAGAACATACG,0,1831951
hyuA_predicted,0.0625,15,15,AAGTTACCGAACGCAAACAT,0,1844922
hyuA_predicted,0.0625,15,15,AAGATATTGTCACAGTCAGA,0,1856641
hyuA_predicted,0.0625,15,15,AAGAGCATCGATGGCATCAT,0,1832174
hyuA_predicted,0.0625,15,15,AACTGCCTATGTTACGTCCA,0,1873626
hyuA_predicted,0.0625,15,15,AACCTGCTATATCCAACGGG,0,1861511
hyuA_predicted,0.0625,15,15,AACCGTAAAGTCAAGGAGCT,0,1869886
hyuA_predicted,0.0625,15,15,AACCGGGATCTTTCCACCGA,0,1836108
hyuA_predicted,0.0625,15,15,AAATTGCTCCATAGGATATT,0,1841886
hyuA_predicted,0.0625,15,15,AAAGGGCATTTGATCAGAGT,0,1865948
hyuA_predicted,0.06666666666666667,14,14,TTTGCGGCCCACCCGGGTCA,0,1841882
hyuA_predicted,0.06666666666666667,14,14,TTTGACTCGGGTAATCGAGT,0,1836022
hyuA_predicted,0.06666666666666667,14,14,TTGTAATTGCATGACGTGGA,0,1868983
hyuA_predicted,0.06666666666666667,14,14,TTCTGATGGGGACGGTCAAC,0,1830343
hyuA_predicted,0.06666666666666667,14,14,TTCTATGATTCGTTCAGTGT,0,1860171
hyuA_predicted,0.06666666666666667,14,14,TTCGATCGTGCCTGCCAAGG,0,1830499
hyuA_predicted,0.06666666666666667,14,14,TTCATTGTAACGCAAATTCG,0,1860479
hyuA_predicted,0.06666666666666667,14,14,TTCATCACTTTTGGAGGACC,0,1832108
hyuA_predicted,0.06666666666666667,14,14,TTCATAAGGCCACACGCGAT,0,1844676
hyuA_predicted,0.06666666666666667,14,14,TTAGAGGATGTAGGCGGACA,0,1869392
hyuA_predicted,0.06666666666666667,14,14,TTAAGGGCGAGCGCAGCATA,0,1853826
hyuA_predicted,0.06666666666666667,14,14,TGTTGCATTTTCGGCTTGTT,0,1838568
hyuA_predicted,0.06666666666666667,14,14,TGTTCCTAGCTTTCACGTTT,0,1853577
hyuA_predicted,0.06666666666666667,14,14,TGTTAGAATATGAGTTACGT,0,1843594
hyuA_predicted,0.06666666666666667,14,14,TGTGTTCGAACCTTGATCAG,0,1861112
hyuA_predicted,0.06666666666666667,14,14,TGTCTTTTGGCGAAAAAGGT,0,1871984
hyuA_predicted,0.06666666666666667,14,14,TGTCACCACACGAGGGTAAG,0,1832172
hyuA_predicted,0.06666666666666667,14,14,TGGGTTTATTAGCCAGCTCC,0,1856357
hyuA_predicted,0.06666666666666667,14,14,TGGGAGACCTACTCAAGAAG,0,1829100
hyuA_predicted,0.06666666666666667,14,14,TGGCGTCTTTACGCGTACGG,0,1841149
hyuA_predicted,0.06666666666666667,14,14,TGGATGTATAGCGGATCTTA,0,1854967
hyuA_predicted,0.06666666666666667,14,14,TGGAGACTTTAGAACTGCGT,0,1868152
hyuA_predicted,0.06666666666666667,14,14,TGCTTGTTTACGCGAGTGTC,0,1876185
hyuA_predicted,0.06666666666666667,14,14,TGCGTGCTAATCAGGTTGTT,0,1844297
hyuA_predicted,0.06666666666666667,14,14,TGCGCAACACAAGTGATCAG,0,1847511
hyuA_predicted,0.06666666666666667,14,14,TGCGACAAGCCGGCTGAGAA,0,1848084
hyuA_predicted,0.06666666666666667,14,14,TGCCCAAGGACTTAACGAGA,0,1854754
hyuA_predicted,0.06666666666666667,14,14,TGCATTAGGACAAAGGCGCG,0,1860589
hyuA_predicted,0.06666666666666667,14,14,TGCAGGTCCATAGAGTGTTC,0,1831991
hyuA_predicted,0.06666666666666667,14,14,TGACATTTCATCTAGAACTA,0,1839243
hyuA_predicted,0.06666666666666667,14,14,TGACATAGAAAAGATACGAC,0,1833684
hyuA_predicted,0.06666666666666667,14,14,TCTGGGACAGGGAGTCCTTG,0,1860436
hyuA_predicted,0.06666666666666667,14,14,TCTCAGTAGCACAGGGATTA,0,1854528
hyuA_predicted,0.06666666666666667,14,14,TCGGGTACGTGTCCTACCCT,0,1847060
hyuA_predicted,0.06666666666666667,14,14,TCCGGTAATAAAGAATGGTC,0,1869412
hyuA_predicted,0.06666666666666667,14,14,TCCGCAAATCTCGCTAGGCT,0,1853471
hyuA_predicted,0.06666666666666667,14,14,TCCCTTTACCCGTTAGAGTG,0,1866719
hyuA_predicted,0.06666666666666667,14,14,TCCAGAACGGATTGTTCACA,0,1875456
hyuA_predicted,0.06666666666666667,14,14,TCAGGTTGGATCCAACGCTT,0,1841375
hyuA_predicted,0.06666666666666667,14,14,TCAAAGCGAGCGGGACCATA,0,1864637
hyuA_predicted,0.06666666666666667,14,14,TATTATAGGGCCGTGCCTGA,0,1840704
hyuA_predicted,0.06666666666666667,14,14,TATGGCGTTGACAACGTGAC,0,1876536
hyuA_predicted,0.06666666666666667,14,14,TAGATGTCGCACAACGCGAA,0,1874465
hyuA_predicted,0.06666666666666667,14,14,TACTGTGATTGGCCTGCTCA,0,1844990
hyuA_predicted,0.06666666666666667,14,14,TACGGGACATATTCGTTAAA,0,1852281
hyuA_predicted,0.06666666666666667,14,14,TACGCCGTGTAATTTTAAAA,0,1860225
hyuA_predicted,0.06666666666666667,14,14,TACATGCAAGGAGCCATGTT,0,1838814
hyuA_predicted,0.06666666666666667,14,14,TAATTGTTAAACGGCCCTAT,0,1849560
hyuA_predicted,0.06666666666666667,14,14,TAAGAAAAGTCCGATATACT,0,1867702
hyuA_predicted,0.06666666666666667,14,14,TAACTCAGATGCTGAACTAC,0,1872170
hyuA_predicted,0.06666666666666667,14,14,TAAATGGACAGAACTCAGCC,0,1837957
hyuA_predicted,0.06666666666666667,14,14,GTTCACGCCACCTCATGACA,0,1864178
hyuA_predicted,0.06666666666666667,14,14,GTGTGGAGAGCACGGGGGTA,0,1868738
hyuA_predicted,0.06666666666666667,14,14,GTGGCTGGAGACAATGACTT,0,1851420
hyuA_predicted,0.06666666666666667,14,14,GTGGCTGAATCTTGACGCAA,0,1859650
hyuA_predicted,0.06666666666666667,14,14,GTGCCAAAATAGCTCGGCCG,0,1873537
hyuA_predicted,0.06666666666666667,14,14,GTCGATGCACCCTCTCATGA,0,1842620
hyuA_predicted,0.06666666666666667,14,14,GTCGAAGACGCTTTAACGAT,0,1871028
hyuA_predicted,0.06666666666666667,14,14,GTCGAAACGTCATCCACCTA,0,1837460
hyuA_predicted,0.06666666666666667,14,14,GTCCGGAAGTCCCATGCTGA,0,1858156
hyuA_predicted,0.06666666666666667,14,14,GTCCCGTATAAACTCATAGC,0,1864430
hyuA_predicted,0.06666666666666667,14,14,GTCAGAAACTGTGCGTTAGT,0,1858656
hyuA_predicted,0.06666666666666667,14,14,GTATTGATAAACTCGACCAC,0,1841705
hyuA_predicted,0.06666666666666667,14,14,GTATAGGCTGTGTGCGGAAA,0,1829384
hyuA_predicted,0.06666666666666667,14,14,GTAATCTATAATGTTCCTAA,0,1843395
hyuA_predicted,0.06666666666666667,14,14,GGTAGCCAGTAGCATATGCA,0,1851657
hyuA_predicted,0.06666666666666667,14,14,GGGTTACCCCCGTCAGGCAA,0,1838732
hyuA_predicted,0.06666666666666667,14,14,GGGTCAGCATTTAGCCGGAA,0,1842479
hyuA_predicted,0.06666666666666667,14,14,GGGTAAATAGGCGGGAGATG,0,1873141
hyuA_predicted,0.06666666666666667,14,14,GGGGTTCGTGCGCACGTTGC,0,1843660
hyuA_predicted,0.06666666666666667,14,14,GGGAGTATTACCTGTATTCT,0,1834534
hyuA_predicted,0.06666666666666667,14,14,GGGAATTATCTTAACCCGAA,0,1835083
hyuA_predicted,0.06666666666666667,14,14,GGCTAACGGCAACGCGCCGA,0,1829412
hyuA_predicted,0.06666666666666667,14,14,GGAAGGCGGTCCAGAACTTC,0,1857249
hyuA_predicted,0.06666666666666667,14,14,GGAACGGATCTGGCCACTAA,0,1857894
hyuA_predicted,0.06666666666666667,14,14,GCTGGTCATGGCGGTTGAAT,0,1856472
hyuA_predicted,0.06666666666666667,14,14,GCGTTCGCCAAAATGCGGAA,0,1852050
hyuA_predicted,0.06666666666666667,14,14,GCGCTGGGTCGGATAGATTG,0,1854038
hyuA_predicted,0.06666666666666667,14,14,GCCGGATCCCTGTCAGTGTA,0,1855170
hyuA_predicted,0.06666666666666667,14,14,GCCCGGGCAGGTTACGTTGT,0,1832326
hyuA_predicted,0.06666666666666667,14,14,GCCCACGATTCCATTTCGCA,0,1835016
hyuA_predicted,0.06666666666666667,14,14,GCCAGCGCGGTCTACAACTT,0,1860734
hyuA_predicted,0.06666666666666667,14,14,GCAGAATCAACTTTCCATTC,0,1853330
hyuA_predicted,0.06666666666666667,14,14,GATGTGGACACGCTTGTTTT,0,1866521
hyuA_predicted,0.06666666666666667,14,14,GATAGTCAGGCGACCAACAC,0,1856952
hyuA_predicted,0.06666666666666667,14,14,GAGCGTCTACTATGGTGATG,0,1877450
hyuA_predicted,0.06666666666666667,14,14,GAGCGGATATCGTAATTTGG,0,1876732
hyuA_predicted,0.06666666666666667,14,14,GAGCCACAATTGTGTCGTGT,0,1848786
hyuA_predicted,0.06666666666666667,14,14,GAGAACCACGTCAATAGCTC,0,1847181
hyuA_predicted,0.06666666666666667,14,14,GACGGGTTGCATTACCCCCG,0,1861712
hyuA_predicted,0.06666666666666667,14,14,GACAAACGGGGGAAACGGTT,0,1866332
hyuA_predicted,0.06666666666666667,14,14,GAAGAATTATAAAGATTGCA,0,1869867
hyuA_predicted,0.06666666666666667,14,14,GAAATTAACTCGAATTAAAC,0,1863372
hyuA_predicted,0.06666666666666667,14,14,GAAATGGGCAAGTGAGACGA,0,1864210
hyuA_predicted,0.06666666666666667,14,14,CTTTCGAAGGTCTAAAAAGC,0,1835254
hyuA_predicted,0.06666666666666667,14,14,CTTGACTCACTATTATGACT,0,1840774
hyuA_predicted,0.06666666666666667,14,14,CTTGACCGCGCGTGAGGGGT,0,1869164
hyuA_predicted,0.06666666666666667,14,14,CTTACGTGATATATTTTTTG,0,1864153
hyuA_predicted,0.06666666666666667,14,14,CTTACAGGGGCTGGCTTGTT,0,1830242
hyuA_predicted,0.06666666666666667,14,14,CTTAACGAAGTGGGGGATGA,0,1841188
hyuA_predicted,0.06666666666666667,14,14,CTGGTGCAAGCTATTTTCGT,0,1828912
hyuA_predicted,0.06666666666666667,14,14,CTGGGTTTTTCCGGCCCGTC,0,1847509
hyuA_predicted,0.06666666666666667,14,14,CTGCCCACGATGTCGCGGGG,0,1876421
hyuA_predicted,0.06666666666666667,14,14,CTGAACATATGCCTACTATG,0,1851085
hyuA_predicted,0.06666666666666667,14,14,CTCGTAATAACAGCCTCGGG,0,1845463
hyuA_predicted,0.06666666666666667,14,14,CTCGGCGATAGAATTGTAAG,0,1843593
hyuA_predicted,0.06666666666666667,14,14,CTCCGACAGAATTTCAGCGT,0,1843524
hyuA_predicted,0.06666666666666667,14,14,CTCCCTAGCCGAGCATCGAC,0,1859224
hyuA_predicted,0.06666666666666667,14,14,CTCAAGAATCCACCATCTGT,0,1867840
hyuA_predicted,0.06666666666666667,14,14,CTATTACCAAAAATAATAGG,0,1845949
hyuA_predicted,0.06666666666666667,14,14,CTATACGTCAACTCGGGTAA,0,1861892
hyuA_predicted,0.06666666666666667,14,14,CTAATATTTAGGCGATATTC,0,1865083
hyuA_predicted,0.06666666666666667,14,14,CTAAAGTTATCACGGGGAAG,0,1834550
hyuA_predicted,0.06666666666666667,14,14,CGTTGGCTTCTAGAAAGTAG,0,1854305
hyuA_predicted,0.06666666666666667,14,14,CGTTCGTCTGATTCGTTAGC,0,1848947
hyuA_predicted,0.06666666666666667,14,14,CGTTACTGCTCGCGAGGTTT,0,1867158
hyuA_predicted,0.06666666666666667,14,14,CGTGTCTTCTAGTAGTCTCT,0,1834281
hyuA_predicted,0.06666666666666667,14,14,CGTGGGTTCATCTGGAATGT,0,1849291
hyuA_predicted,0.06666666666666667,14,14,CGTCGCCACATTAGGGGGAG,0,1862811
hyuA_predicted,0.06666666666666667,14,14,CGGCAGACAACCCTTTTAGG,0,1837342
hyuA_predicted,0.06666666666666667,14,14,CGGATAGCATACAACAAGAC,0,1859937
hyuA_predicted,0.06666666666666667,14,14,CGGACCGGGGTGACAGAATG,0,1859384
hyuA_predicted,0.06666666666666667,14,14,CGGAAGAGTAACCGGGACCT,0,1849703
hyuA_predicted,0.06666666666666667,14,14,CGGAACAGGGACCCTCAGAG,0,1857377
hyuA_predicted,0.06666666666666667,14,14,CGCTGGTTGGGTGGGGGTTA,0,1838443
hyuA_predicted,0.06666666666666667,14,14,CGCTATAAAACACTTCATGT,0,1830392
hyuA_predicted,0.06666666666666667,14,14,CGCGTGCGATTCCGTAAGGG,0,1854526
hyuA_predicted,0.06666666666666667,14,14,CGCGCATTTCACGGCGTAAT,0,1873998
hyuA_predicted,0.06666666666666667,14,14,CGATTGGTGGTCCTGGATAT,0,1868551
hyuA_predicted,0.06666666666666667,14,14,CGACGGACGTTAGGAAACAT,0,1839029
hyuA_predicted,0.06666666666666667,14,14,CGACAGAAAGGGGTCACTAG,0,1866418
hyuA_predicted,0.06666666666666667,14,14,CGAAGGGATCTTGGGGATAT,0,1866862
hyuA_predicted,0.06666666666666667,14,14,CCTTTTTGATTTCGTTGGAT,0,1846732
hyuA_predicted,0.06666666666666667,14,14,CCTGCAGAGCCACCTACTTG,0,1834380
hyuA_predicted,0.06666666666666667,14,14,CCTCCGACATGACATCACAA,0,1870627
hyuA_predicted,0.06666666666666667,14,14,CCGTTCGTTTGGCGGGTAGC,0,1847208
hyuA_predicted,0.06666666666666667,14,14,CCGGTGCACGGGTGTTACAG,0,1836239
hyuA_predicted,0.06666666666666667,14,14,CCGGTCTGTTGTCTTATCTT,0,1844611
hyuA_predicted,0.06666666666666667,14,14,CCGGAGTCCAAGGGAAATGA,0,1866602
hyuA_predicted,0.06666666666666667,14,14,CCGCTTTTCTTCCGTAGATT,0,1836176
hyuA_predicted,0.06666666666666667,14,14,CCGCGAGCAGCGAAAGGGAA,0,1866403
hyuA_predicted,0.06666666666666667,14,14,CCGCCATTTAGAAGTTTCCA,0,1857668
hyuA_predicted,0.06666666666666667,14,14,CCGAGACGGTATCAATTAGT,0,1850144
hyuA_predicted,0.06666666666666667,14,14,CCGACAAAGCACCGTCTGGC,0,1871771
hyuA_predicted,0.06666666666666667,14,14,CCCTGCAGTTAGGGCAGCTC,0,1859907
hyuA_predicted,0.06666666666666667,14,14,CCCGTTTGGGACACAGTAAT,0,1867530
hyuA_predicted,0.06666666666666667,14,14,CCCCTATGAAAGCAACGGCC,0,1845360
hyuA_predicted,0.06666666666666667,14,14,CCCCATTTACATCGGGTCGT,0,1860098
hyuA_predicted,0.06666666666666667,14,14,CCCATAGAGTCAATGGGCAT,0,1835954
hyuA_predicted,0.06666666666666667,14,14,CCATGCTTTTAAAAGGTCTA,0,1870469
hyuA_predicted,0.06666666666666667,14,14,CCATCGGGGAAGTCTCTGTC,0,1848619
hyuA_predicted,0.06666666666666667,14,14,CCAGCTTATGGCCGACGGGT,0,1846473
hyuA_predicted,0.06666666666666667,14,14,CCACTCCGTTTAATACTTAA,0,1863687
hyuA_predicted,0.06666666666666667,14,14,CCACTAGCGAGATACCAGTA,0,1846256
hyuA_predicted,0.06666666666666667,14,14,CCAACTTGTCCCTCCTAGGT,0,1869443
hyuA_predicted,0.06666666666666667,14,14,CCAACACACATTCCCCTGAG,0,1872010
hyuA_predicted,0.06666666666666667,14,14,CATTAGCGTCCAACATCTCC,0,1872016
hyuA_predicted,0.06666666666666667,14,14,CATCGTTTTTACCGCGCACG,0,1833760
hyuA_predicted,0.06666666666666667,14,14,CATCACGCATGACGAGTCCC,0,1864139
hyuA_predicted,0.06666666666666667,14,14,CATATGATGCACCATAAACT,0,1857124
hyuA_predicted,0.06666666666666667,14,14,CATAGCTCACACCCATCGTA,0,1839004
hyuA_predicted,0.06666666666666667,14,14,CATAGCGGTACCCCCGCCCA,0,1849942
hyuA_predicted,0.06666666666666667,14,14,CATAACAGGGTACCGAGCTT,0,1862715
hyuA_predicted,0.06666666666666667,14,14,CAGTGGTGGCGTGTAAAACA,0,1831668
hyuA_predicted,0.06666666666666667,14,14,CAGGGTCGATGCGTGTTCGG,0,1840589
hyuA_predicted,0.06666666666666667,14,14,CAGCTTGACGCCTGGCCGTT,0,1849575
hyuA_predicted,0.06666666666666667,14,14,CAGAACGCGAAGGTTTCACT,0,1830120
hyuA_predicted,0.06666666666666667,14,14,CACGGGTGCATGCACAGCGT,0,1833787
hyuA_predicted,0.06666666666666667,14,14,CACATAAGTTGTCTTGGATT,0,1849679
hyuA_predicted,0.06666666666666667,14,14,CACACTCGTCTATCGTCTCG,0,1870114
hyuA_predicted,0.06666666666666667,14,14,CAATCCCGGGAGGTGCGGGG,0,1837665
hyuA_predicted,0.06666666666666667,14,14,CAAGGTGGGACTTCCGCTGC,0,1844229
hyuA_predicted,0.06666666666666667,14,14,CAAGGAAACGTCCCGGATCT,0,1856088
hyuA_predicted,0.06666666666666667,14,14,CAAGCGAAACGTATGCTATT,0,1870336
hyuA_predicted,0.06666666666666667,14,14,CAAGATCAGATAGAATAGAA,0,1877470
hyuA_predicted,0.06666666666666667,14,14,CAAATGTTTGACACATCGAG,0,1860212
hyuA_predicted,0.06666666666666667,14,14,ATTTTTACGGAACGAAATGC,0,1837365
hyuA_predicted,0.06666666666666667,14,14,ATTTTCCTAAATGCGGTAGA,0,1868743
hyuA_predicted,0.06666666666666667,14,14,ATTCTGGCCCAGTCTAATAA,0,1856286
hyuA_predicted,0.06666666666666667,14,14,ATTCGGAGCCGATCCCCGAG,0,1850408
hyuA_predicted,0.06666666666666667,14,14,ATTAGGTGGGTTGGCATGCG,0,1836186
hyuA_predicted,0.06666666666666667,14,14,ATTACAGCATTAGAGATCTG,0,1864997
hyuA_predicted,0.06666666666666667,14,14,ATGGTTCAAACAGGCCGATT,0,1848154
hyuA_predicted,0.06666666666666667,14,14,ATGGATATCTATCAGGCGTT,0,1832622
hyuA_predicted,0.06666666666666667,14,14,ATGCAGAGCCACAATAAGGG,0,1831726
hyuA_predicted,0.06666666666666667,14,14,ATCTCGACCACATACGGAGA,0,1845862
hyuA_predicted,0.06666666666666667,14,14,ATCGTTGGGCAGGGATCCCT,0,1842163
hyuA_predicted,0.06666666666666667,14,14,ATCCGGCACTCATCTGGGCA,0,1858309
hyuA_predicted,0.06666666666666667,14,14,ATCATTGGTCCCATAGCGCA,0,1869505
hyuA_predicted,0.06666666666666667,14,14,ATAGGTGATATGGCAGTAGT,0,1869446
hyuA_predicted,0.06666666666666667,14,14,ATAGCGTTAGGATATGGTAT,0,1849520
hyuA_predicted,0.06666666666666667,14,14,ATAGCCTCCGGGGTCTTCGG,0,1873410
hyuA_predicted,0.06666666666666667,14,14,ATAGAGCGGTACCTGCATTT,0,1869651
hyuA_predicted,0.06666666666666667,14,14,ATACCTGAGGAACTGATCAA,0,1845502
hyuA_predicted,0.06666666666666667,14,14,ATAAAACACGGGTTAGACTA,0,1834190
hyuA_predicted,0.06666666666666667,14,14,AGTCCAGCTGTTTAATGATA,0,1868136
hyuA_predicted,0.06666666666666667,14,14,AGTAACGTTTCCAGTCCACT,0,1874216
hyuA_predicted,0.06666666666666667,14,14,AGGTTTGTGAAACCAACCGA,0,1841872
hyuA_predicted,0.06666666666666667,14,14,AGGTGTGCAATAACAGACAG,0,1846885
hyuA_predicted,0.06666666666666667,14,14,AGGTATGCTTCGGTGGAAGG,0,1849238
hyuA_predicted,0.06666666666666667,14,14,AGGGCCAGATGGAAGCGCCA,0,1877482
hyuA_predicted,0.06666666666666667,14,14,AGGCAAATCCGAGGCCAGTG,0,1855286
hyuA_predicted,0.06666666666666667,14,14,AGGATCAGCTTGATAGGTCA,0,1872400
hyuA_predicted,0.06666666666666667,14,14,AGGAAGTTACGTAGACTCAT,0,1866608
hyuA_predicted,0.06666666666666667,14,14,AGCTCGGGGGTTAATTCGGT,0,1861235
hyuA_predicted,0.06666666666666667,14,14,AGCAGTTTACTACCTACATA,0,1842912
hyuA_predicted,0.06666666666666667,14,14,AGATTGCGCAAGAGCCTGGC,0,1838776
hyuA_predicted,0.06666666666666667,14,14,AGATACACGTCTAGCTTAAA,0,1855538
hyuA_predicted,0.06666666666666667,14,14,AGACGTATGAGGAAGGGCGA,0,1866094
hyuA_predicted,0.06666666666666667,14,14,AGACGCTTAATGGCTCACAA,0,1874024
hyuA_predicted,0.06666666666666667,14,14,ACTTTACTCGTACTAAGACC,0,1843749
hyuA_predicted,0.06666666666666667,14,14,ACTGTTTACGTAGACGGGAG,0,1862265
hyuA_predicted,0.06666666666666667,14,14,ACTGGGACAGTTCGGAAGAT,0,1829103
hyuA_predicted,0.06666666666666667,14,14,ACTCTTAGTTATGGGAAGGG,0,1846124
hyuA_predicted,0.06666666666666667,14,14,ACTCTGAGCTGCAATGTTTA,0,1837022
hyuA_predicted,0.06666666666666667,14,14,ACTCATGTGATGCTTTTTGT,0,1836178
hyuA_predicted,0.06666666666666667,14,14,ACTCAGCGGCGGCATCGTAT,0,1864140
hyuA_predicted,0.06666666666666667,14,14,ACGTTCTAAGGGCAGCAGCA,0,1860978
hyuA_predicted,0.06666666666666667,14,14,ACGTGCGCCGGAGGTTTGCA,0,1839115
hyuA_predicted,0.06666666666666667,14,14,ACGTCTTTCTTTTCATCTGA,0,1861519
hyuA_predicted,0.06666666666666667,14,14,ACGGTGGGGGGCTGCTCTTA,0,1860387
hyuA_predicted,0.06666666666666667,14,14,ACGCGTTGATTCCAGCACTA,0,1829445
hyuA_predicted,0.06666666666666667,14,14,ACGCGCTTATGCTGTGCCCG,0,1852036
hyuA_predicted,0.06666666666666667,14,14,ACCCGTGAGTGGTATCGGTG,0,1874664
hyuA_predicted,0.06666666666666667,14,14,ACCAAATAACCAAGGTGCCA,0,1862868
hyuA_predicted,0.06666666666666667,14,14,ACATATCATGGCTTTTCCAA,0,1864216
hyuA_predicted,0.06666666666666667,14,14,ACAGCTGAGCAGACAGTTGT,0,1839384
hyuA_predicted,0.06666666666666667,14,14,ACAGCTGAATCTCACAAGAA,0,1836434
hyuA_predicted,0.06666666666666667,14,14,ACAGCGGCCATTGCGACACA,0,1829633
hyuA_predicted,0.06666666666666667,14,14,AATATCTGTAAAGTCGTCCT,0,1855265
hyuA_predicted,0.06666666666666667,14,14,AAGTACGATAGGGTTTGCAG,0,1829361
hyuA_predicted,0.06666666666666667,14,14,AAGGTAAACTCATCCCGTGT,0,1862227
hyuA_predicted,0.06666666666666667,14,14,AAGCTTTGGCAGCTGCCAGG,0,1829830
hyuA_predicted,0.06666666666666667,14,14,AAGCATAACAGGTAGTCATT,0,1848744
hyuA_predicted,0.06666666666666667,14,14,AAGCACACCTTCGGCGTAAT,0,1848434
hyuA_predicted,0.06666666666666667,14,14,AAGCAATGCAGTATCGCGCG,0,1873247
hyuA_predicted,0.06666666666666667,14,14,AAGATACCCTTATTCATGCT,0,1828949
hyuA_predicted,0.06666666666666667,14,14,AACTTCGACTGAGTCCCAGT,0,1843536
hyuA_predicted,0.06666666666666667,14,14,AACTGTCGGTAATAGCGTGT,0,1861290
hyuA_predicted,0.06666666666666667,14,14,AACTAGCCTGGGGGTCCATG,0,1871502
hyuA_predicted,0.06666666666666667,14,14,AACGCGGCCTTGGTCAATAA,0,1833972
hyuA_predicted,0.06666666666666667,14,14,AACGCGCGCATCACTTTCCA,0,1865847
hyuA_predicted,0.06666666666666667,14,14,AAATACAAGGCTGGGTCTTT,0,1869964
hyuA_predicted,0.06666666666666667,14,14,AAAGGTAAAAGATCGATAAA,0,1858814
hyuA_predicted,0.06666666666666667,14,14,AAAGGGCCTTACAGCCTAGG,0,1834735
hyuA_predicted,0.06666666666666667,14,14,AAAGCTGCAACCATACTTAT,0,1846252
hyuA_predicted,0.06666666666666667,14,14,AAACAGAATTGAATAATGAC,0,1860514
hyuA_predicted,0.07142857142857142,13,13,TTTGTTCCCGGGGCGCCGTG,0,1838861
hyuA_predicted,0.07142857142857142,13,13,TTTGGGGCCGCTCGGGCGCA,0,1830342
hyuA_predicted,0.07142857142857142,13,13,TTTCGGTCCTAAAATCTAAT,0,1856466
hyuA_predicted,0.07142857142857142,13,13,TTTAATGAACGGAATGCTAT,0,1839678
hyuA_predicted,0.07142857142857142,13,13,TTTAAGGTGAGCTTCAGCTT,0,1839963
hyuA_predicted,0.07142857142857142,13,13,TTGCACCGGCGCATTCTGCA,0,1838774
hyuA_predicted,0.07142857142857142,13,13,TTCGGACGATGCAACAGAGG,0,1874650
hyuA_predicted,0.07142857142857142,13,13,TTCATGCCAGTCCGCACGGA,0,1835126
hyuA_predicted,0.07142857142857142,13,13,TTCAGCGGAAGCCCCGTTGT,0,1836649
hyuA_predicted,0.07142857142857142,13,13,TTCAGCAAATGGTGCTGGTA,0,1853429
hyuA_predicted,0.07142857142857142,13,13,TTATTAAGGTGCGAGCAATC,0,1844741
hyuA_predicted,0.07142857142857142,13,13,TTATCTTAGACAGGAGGAGT,0,1867779
hyuA_predicted,0.07142857142857142,13,13,TTATAAGTCTCCGGGCGCAT,0,1847668
hyuA_predicted,0.07142857142857142,13,13,TTAGTTTGTGGCTCTGTCGT,0,1843917
hyuA_predicted,0.07142857142857142,13,13,TTAGCATGCGCTAAAGTAAA,0,1839455
hyuA_predicted,0.07142857142857142,13,13,TTAAAAGCACAAAGGTGAAA,0,1849001
hyuA_predicted,0.07142857142857142,13,13,TGTTGCCGGTTGTTTCTTAA,0,1847587
hyuA_predicted,0.07142857142857142,13,13,TGTCGTAGACGAGGGATATT,0,1853321
hyuA_predicted,0.07142857142857142,13,13,TGGTTATGGTGCAATGTAGT,0,1854828
hyuA_predicted,0.07142857142857142,13,13,TGGTGTGTACAATATTTCAC,0,1846243
hyuA_predicted,0.07142857142857142,13,13,TGGGCGTTGGCATGGTCAAG,0,1860459
hyuA_predicted,0.07142857142857142,13,13,TGGCCCGTTGAGTGGAATGT,0,1838514
hyuA_predicted,0.07142857142857142,13,13,TGGCCAATCAGTGTTGACCA,0,1866160
hyuA_predicted,0.07142857142857142,13,13,TGCTGGGCAAAAGAGACAGT,0,1830617
hyuA_predicted,0.07142857142857142,13,13,TGCGCGGTAACGCGGAGGAC,0,1871458
hyuA_predicted,0.07142857142857142,13,13,TGAGCATTCGGATCAGGTCA,0,1856484
hyuA_predicted,0.07142857142857142,13,13,TGACAAGCCCCCAAAAGCCT,0,1853534
hyuA_predicted,0.07142857142857142,13,13,TCTGTTTACGGACAGGGTTT,0,1833713
hyuA_predicted,0.07142857142857142,13,13,TCTGATTAGCTTAATGAGGT,0,1862542
hyuA_predicted,0.07142857142857142,13,13,TCTACGAATTGTAGACGCCT,0,1832638
hyuA_predicted,0.07142857142857142,13,13,TCTAAGTGATACAGGACACC,0,1856646
hyuA_predicted,0.07142857142857142,13,13,TCTAACGGAATTTACTTCCG,0,1868220
hyuA_predicted,0.07142857142857142,13,13,TCGTGAGACAGGGTTCAGTA,0,1856208
hyuA_predicted,0.07142857142857142,13,13,TCGGGTCAGGCACGCGAAAC,0,1835782
hyuA_predicted,0.07142857142857142,13,13,TCGCTGTATGGTCCCTCTGA,0,1847871
hyuA_predicted,0.07142857142857142,13,13,TCGCAGCTGTCCGGATTGGA,0,1856491
hyuA_predicted,0.07142857142857142,13,13,TCCTGATTAAGATCGCATCT,0,1847369
hyuA_predicted,0.07142857142857142,13,13,TCCTCGTCCCCGTATGCTCG,0,1836047
hyuA_predicted,0.07142857142857142,13,13,TCCCGGGGATAAGGGCGCGC,0,1839933
hyuA_predicted,0.07142857142857142,13,13,TCCCCACCGGATCACCGTAC,0,1873941
hyuA_predicted,0.07142857142857142,13,13,TCCAGTGTGACTCTATGGGA,0,1840699
hyuA_predicted,0.07142857142857142,13,13,TCAGACACAATACGGCTCCA,0,1846126
hyuA_predicted,0.07142857142857142,13,13,TCACAATGATTCTTAAATCT,0,1833943
hyuA_predicted,0.07142857142857142,13,13,TATTTGATATCATGCCACGT,0,1850091
hyuA_predicted,0.07142857142857142,13,13,TATTTCAGTCACTTCTCGAC,0,1869131
hyuA_predicted,0.07142857142857142,13,13,TATTGTACTCCCCCCGCGTC,0,1858538
hyuA_predicted,0.07142857142857142,13,13,TATTCTTGAGTCTAATTCTA,0,1850807
hyuA_predicted,0.07142857142857142,13,13,TATTATGGGTCTAAGCTGGA,0,1842185
hyuA_predicted,0.07142857142857142,13,13,TATTACTCGTGGAACTTAAC,0,1862445
hyuA_predicted,0.07142857142857142,13,13,TATCGTACCTTTATGAGAGT,0,1841887
hyuA_predicted,0.07142857142857142,13,13,TAGGTGTCCATCTACCTTAA,0,1867318
hyuA_predicted,0.07142857142857142,13,13,TAGGTAAGAAATCCCCTCCA,0,1872454
hyuA_predicted,0.07142857142857142,13,13,TAGGAGTTGCGAGGACTTAA,0,1842915
hyuA_predicted,0.07142857142857142,13,13,TAGCTAGACATGTGGACGAG,0,1865141
hyuA_predicted,0.07142857142857142,13,13,TACTGGTGTCTCGAGCACGG,0,1839359
hyuA_predicted,0.07142857142857142,13,13,TACTATGCACGACAAACAGC,0,1842535
hyuA_predicted,0.07142857142857142,13,13,TACGTACTCTGAGTGTTAGG,0,1849166
hyuA_predicted,0.07142857142857142,13,13,TAATCAGGATCTGATCCGAA,0,1855942
hyuA_predicted,0.07142857142857142,13,13,TAAGATGCGCAGGTTTTTGA,0,1847080
hyuA_predicted,0.07142857142857142,13,13,TAACGATTATACCGATTCAC,0,1848291
hyuA_predicted,0.07142857142857142,13,13,GTTTTGTAATAGTTGTGTTT,0,1845935
hyuA_predicted,0.07142857142857142,13,13,GTTTTATCGTAGTAAAGTAG,0,1872012
hyuA_predicted,0.07142857142857142,13,13,GTTCGTAGCCCCATATGTAA,0,1867674
hyuA_predicted,0.07142857142857142,13,13,GTTCGAAATCTTGTCCTCAC,0,1837275
hyuA_predicted,0.07142857142857142,13,13,GTTAAAAATGAGTAAGGGTT,0,1858757
hyuA_predicted,0.07142857142857142,13,13,GTGTCATTATACCCCTCATC,0,1833976
hyuA_predicted,0.07142857142857142,13,13,GTGCGGATCATTTGTGTAAG,0,1840234
hyuA_predicted,0.07142857142857142,13,13,GTGACTAAAAGTGCCCCCTT,0,1860579
hyuA_predicted,0.07142857142857142,13,13,GTCTGGGAATGGTCTACATC,0,1862880
hyuA_predicted,0.07142857142857142,13,13,GTCTCGAACAGACTGCAGGG,0,1831218
hyuA_predicted,0.07142857142857142,13,13,GTCTAGCAGAATACTGCGAG,0,1849363
hyuA_predicted,0.07142857142857142,13,13,GTCTAGACAGAGAGATGTAA,0,1865657
hyuA_predicted,0.07142857142857142,13,13,GTCGTTCTGATTGTAAAGGG,0,1860986
hyuA_predicted,0.07142857142857142,13,13,GTCAGCTAGTTGCGGTGCAG,0,1844978
hyuA_predicted,0.07142857142857142,13,13,GTCAAGGCCCTCTTCGCAAC,0,1864521
hyuA_predicted,0.07142857142857142,13,13,GTATTAAACAGTCACCCCCG,0,1859319
hyuA_predicted,0.07142857142857142,13,13,GTATCTGTGTCTAGTTAGCC,0,1845453
hyuA_predicted,0.07142857142857142,13,13,GTAGGATGCTACCCTATGCA,0,1830073
hyuA_predicted,0.07142857142857142,13,13,GTAGGATCGTCTAAGGTGGT,0,1860745
hyuA_predicted,0.07142857142857142,13,13,GTACTTACGCTATCTTTGGG,0,1877429
hyuA_predicted,0.07142857142857142,13,13,GGTTAGCTTACGAGCTTCCG,0,1830703
hyuA_predicted,0.07142857142857142,13,13,GGTGGGAGCGAAAACGGGTA,0,1839612
hyuA_predicted,0.07142857142857142,13,13,GGTGATACCTGCAATTTCGG,0,1861096
hyuA_predicted,0.07142857142857142,13,13,GGTCTATACACTCCCAACCA,0,1863677
hyuA_predicted,0.07142857142857142,13,13,GGTATAAGAGAACATTCCTA,0,1832890
hyuA_predicted,0.07142857142857142,13,13,GGGTGATCGGCCTGATAGTT,0,1834425
hyuA_predicted,0.07142857142857142,13,13,GGGTCATCATATGCGCCATA,0,1857603
hyuA_predicted,0.07142857142857142,13,13,GGGTACAATTCACCGCGGGG,0,1871500
hyuA_predicted,0.07142857142857142,13,13,GGGGGTGTCAATCCGGGACC,0,1860456
hyuA_predicted,0.07142857142857142,13,13,GGGCCTAAAACCAAGCTCGA,0,1848040
hyuA_predicted,0.07142857142857142,13,13,GGCTCACATATTAGATAAGA,0,1864260
hyuA_predicted,0.07142857142857142,13,13,GGCGTGTTACTTTCACATAG,0,1847829
hyuA_predicted,0.07142857142857142,13,13,GGCGGGTCGTAGGGGACAGT,0,1846271
hyuA_predicted,0.07142857142857142,13,13,GGCAGCTTCTGTAAGTCCCT,0,1863681
hyuA_predicted,0.07142857142857142,13,13,GGCAAGCTAGTGGAGGTGCT,0,1864209
hyuA_predicted,0.07142857142857142,13,13,GGAGCACCTCGGGCATTAGT,0,1875049
hyuA_predicted,0.07142857142857142,13,13,GGAATCTCGGTAAAGTTAAC,0,1877385
hyuA_predicted,0.07142857142857142,13,13,GGAAATACGCAGCATGATGT,0,1853369
hyuA_predicted,0.07142857142857142,13,13,GCTTCTGTTGACGGAAAAGG,0,1875951
hyuA_predicted,0.07142857142857142,13,13,GCTTAGCTTTATGGTCCAGA,0,1864028
hyuA_predicted,0.07142857142857142,13,13,GCTGGGGATCCAGTCGTCTT,0,1870224
hyuA_predicted,0.07142857142857142,13,13,GCTAATGTGAGGCCTTGCAA,0,1841724
hyuA_predicted,0.07142857142857142,13,13,GCGTCGGAGTGATCCTGTGA,0,1864930
hyuA_predicted,0.07142857142857142,13,13,GCGTCATGGCGAGTACGGGC,0,1836686
hyuA_predicted,0.07142857142857142,13,13,GCGTAGTTTGCCTACGGGAC,0,1835218
hyuA_predicted,0.07142857142857142,13,13,GCGGCATTTCATATCACGGC,0,1854240
hyuA_predicted,0.07142857142857142,13,13,GCGCGCTGCTACTCTTCCGT,0,1875646
hyuA_predicted,0.07142857142857142,13,13,GCGAAGAAAGGGTCCGGCAA,0,1862907
hyuA_predicted,0.07142857142857142,13,13,GCCTAGCGTTTCTTTCGTAG,0,1849817
hyuA_predicted,0.07142857142857142,13,13,GCCCCCCTCGTATAGCTCTG,0,1838715
hyuA_predicted,0.07142857142857142,13,13,GCCATTCACATCGGCAATAG,0,1841629
hyuA_predicted,0.07142857142857142,13,13,GCCATCGGACTTCTTGAGAG,0,1865953
hyuA_predicted,0.07142857142857142,13,13,GCCATCAATCGGGAGTCCTC,0,1867699
hyuA_predicted,0.07142857142857142,13,13,GCCAGTTTAGGGATTTCCGA,0,1874980
hyuA_predicted,0.07142857142857142,13,13,GCCAGTATTCACGCAGAGAT,0,1863750
hyuA_predicted,0.07142857142857142,13,13,GCAGGCGCTCTTGCCAAATA,0,1844030
hyuA_predicted,0.07142857142857142,13,13,GCAGATTATCTAGATGATTA,0,1832741
hyuA_predicted,0.07142857142857142,13,13,GCACCAGCTTCAGCGTGCTC,0,1849871
hyuA_predicted,0.07142857142857142,13,13,GCAAATTACCAAAATGGCAA,0,1860100
hyuA_predicted,0.07142857142857142,13,13,GATTGAACTATAGTTAAATC,0,1840461
hyuA_predicted,0.07142857142857142,13,13,GATGGAATATCCATTCTTTC,0,1866599
hyuA_predicted,0.07142857142857142,13,13,GAGGAAGGTGGTATGGTGGT,0,1832676
hyuA_predicted,0.07142857142857142,13,13,GAGCCGTAAATCCCATGAAA,0,1834027
hyuA_predicted,0.07142857142857142,13,13,GAGACAGTGTAGTAATGCAG,0,1833370
hyuA_predicted,0.07142857142857142,13,13,GACTGCGTGCGGGAACCGGG,0,1835259
hyuA_predicted,0.07142857142857142,13,13,GACGTTTAGTGGGTGTAATG,0,1835110
hyuA_predicted,0.07142857142857142,13,13,GACGGCCTGGCAGCTAACTA,0,1846888
hyuA_predicted,0.07142857142857142,13,13,GACCTACTGCATACATTTAA,0,1855299
hyuA_predicted,0.07142857142857142,13,13,GACAGTGTGAGCTTATCCCT,0,1864510
hyuA_predicted,0.07142857142857142,13,13,GACAAGTTTATCTACGACCA,0,1856269
hyuA_predicted,0.07142857142857142,13,13,GAATGTAAGCAGAGATCCCC,0,1855783
hyuA_predicted,0.07142857142857142,13,13,GAAGTACGCGCTGTTGAACG,0,1861466
hyuA_predicted,0.07142857142857142,13,13,GAAGCTCCAGAATGTTTACA,0,1839167
hyuA_predicted,0.07142857142857142,13,13,GAACGTTTTCCAATGTCAAA,0,1856782
hyuA_predicted,0.07142857142857142,13,13,GAAATGTCGTTACTACGATT,0,1866861
hyuA_predicted,0.07142857142857142,13,13,GAAACAAAGCATGCGCGTAT,0,1833244
hyuA_predicted,0.07142857142857142,13,13,GAAAATAGGAAAGACGATTC,0,1856817
hyuA_predicted,0.07142857142857142,13,13,CTTTCAGGCGGTCCGAAGAG,0,1865942
hyuA_predicted,0.07142857142857142,13,13,CTTTCACTCTAGGGGGCGGT,0,1834987
hyuA_predicted,0.07142857142857142,13,13,CTTGTCTACAAATGATTGTA,0,1877322
hyuA_predicted,0.07142857142857142,13,13,CTTCTCTCGCCGCAACGTCC,0,1871863
hyuA_predicted,0.07142857142857142,13,13,CTTCATTAGTACTTAACTAA,0,1832116
hyuA_predicted,0.07142857142857142,13,13,CTTATCAGGTTAAGCGGACT,0,1860836
hyuA_predicted,0.07142857142857142,13,13,CTGTGGGTGGTACACCGACT,0,1862459
hyuA_predicted,0.07142857142857142,13,13,CTGTCACACAGGGACGGATA,0,1875134
hyuA_predicted,0.07142857142857142,13,13,CTGGTTCTAAAGTTATAAAT,0,1840466
hyuA_predicted,0.07142857142857142,13,13,CTGGGGCCATTGAACACGTA,0,1844580
hyuA_predicted,0.07142857142857142,13,13,CTGGCATTGGACTATCTATC,0,1830403
hyuA_predicted,0.07142857142857142,13,13,CTCGAGCTCGCAATTAGCTG,0,1876833
hyuA_predicted,0.07142857142857142,13,13,CTCCTCTGCTCTGGCAATTC,0,1848759
hyuA_predicted,0.07142857142857142,13,13,CTCACCCGGGTCAAGGCTAG,0,1847388
hyuA_predicted,0.07142857142857142,13,13,CTAGTCTATGCCTAAGCACA,0,1868277
hyuA_predicted,0.07142857142857142,13,13,CTACGCGTGCCATGCGTATC,0,1843359
hyuA_predicted,0.07142857142857142,13,13,CTACCCCGATTCCGCGCGTG,0,1839927
hyuA_predicted,0.07142857142857142,13,13,CTAAACCTTGCTCGGTGCCG,0,1868209
hyuA_predicted,0.07142857142857142,13,13,CGTGTCGTACGTAACGTCCT,0,1838728
hyuA_predicted,0.07142857142857142,13,13,CGTGAGAGTTCCGGTATTCA,0,1852299
hyuA_predicted,0.07142857142857142,13,13,CGTGACCGGTATAGGCTAGA,0,1861739
hyuA_predicted,0.07142857142857142,13,13,CGGTCCTGGCGTTTGGTTTT,0,1834155
hyuA_predicted,0.07142857142857142,13,13,CGGTAATCCAGCACTTTCGA,0,1843830
hyuA_predicted,0.07142857142857142,13,13,CGCTTTACCATATATGGCGC,0,1836049
hyuA_predicted,0.07142857142857142,13,13,CGCTGGTCGTCATTTTGCTT,0,1843495
hyuA_predicted,0.07142857142857142,13,13,CGCCTTCTGCCCTGCACTCA,0,1872995
hyuA_predicted,0.07142857142857142,13,13,CGCCTGTTCGAGGCCGATGC,0,1867102
hyuA_predicted,0.07142857142857142,13,13,CGCCGGGCCACATCGAAGGT,0,1841256
hyuA_predicted,0.07142857142857142,13,13,CGCCGGCATTCTCCCAGACT,0,1860835
hyuA_predicted,0.07142857142857142,13,13,CGCAAGCTCCATCTCGGACC,0,1848125
hyuA_predicted,0.07142857142857142,13,13,CGAGCAAACTAACCATCAAT,0,1845337
hyuA_predicted,0.07142857142857142,13,13,CGACTCGGGTAGAAGTTTGT,0,1837352
hyuA_predicted,0.07142857142857142,13,13,CGAATTGCTATTCGACTTTC,0,1843876
hyuA_predicted,0.07142857142857142,13,13,CGAATGCATGAACCACCCTG,0,1855670
hyuA_predicted,0.07142857142857142,13,13,CCTGTAATTACGACAGTCTC,0,1866314
hyuA_predicted,0.07142857142857142,13,13,CCTGGCACGATTTAATATAA,0,1829587
hyuA_predicted,0.07142857142857142,13,13,CCTGCGATGGGCCACGTATG,0,1866526
hyuA_predicted,0.07142857142857142,13,13,CCTAGGTGAGTGGGACTGCA,0,1846638
hyuA_predicted,0.07142857142857142,13,13,CCTACCCACCGTCATTCAGT,0,1837702
hyuA_predicted,0.07142857142857142,13,13,CCGTTCCCCGGGACTGCATA,0,1850684
hyuA_predicted,0.07142857142857142,13,13,CCGTCCAGGTTCCCGGCACA,0,1860929
hyuA_predicted,0.07142857142857142,13,13,CCGGTATTGCTGGTACAAGT,0,1836641
hyuA_predicted,0.07142857142857142,13,13,CCGATCAAATTACGGTGCTT,0,1854425
hyuA_predicted,0.07142857142857142,13,13,CCGATACCCGCAAGCGGGCA,0,1843987
hyuA_predicted,0.07142857142857142,13,13,CCGAAGGATCGAAGGGGGCG,0,1858323
hyuA_predicted,0.07142857142857142,13,13,CCCGGAAATTATGGGAACCT,0,1866331
hyuA_predicted,0.07142857142857142,13,13,CCCGCCTAAAAATCCCGGAC,0,1869193
hyuA_predicted,0.07142857142857142,13,13,CCCGAGTTTATTCGTGAATC,0,1857111
hyuA_predicted,0.07142857142857142,13,13,CCCCTTAATGCTGGATGCAG,0,1838537
hyuA_predicted,0.07142857142857142,13,13,CCCCCCAACATGAGGAGGTC,0,1832698
hyuA_predicted,0.07142857142857142,13,13,CCCATCTAACTATGGCACCT,0,1858691
hyuA_predicted,0.07142857142857142,13,13,CCCACGGCTTCATTGAAGAG,0,1840809
hyuA_predicted,0.07142857142857142,13,13,CCATCTAGGACGAAAACTCG,0,1876707
hyuA_predicted,0.07142857142857142,13,13,CCACTATGGACGGGACGTGG,0,1843525
hyuA_predicted,0.07142857142857142,13,13,CCACGCCTGGGGCGCTATTT,0,1872155
hyuA_predicted,0.07142857142857142,13,13,CCAATTCTCTTTTGAGATCT,0,1861767
hyuA_predicted,0.07142857142857142,13,13,CCAATCAATGCTCCAATCTC,0,1874248
hyuA_predicted,0.07142857142857142,13,13,CCAAAGCGACTGAGTGCTAT,0,1851530
hyuA_predicted,0.07142857142857142,13,13,CATTTATTGGACTACTTCCT,0,1863157
hyuA_predicted,0.07142857142857142,13,13,CATTGTATAGCGCTGTGATG,0,1868563
hyuA_predicted,0.07142857142857142,13,13,CATTGCAGTGTACTCCTTCG,0,1876931
hyuA_predicted,0.07142857142857142,13,13,CATTCGCCATTCGTGTCGAA,0,1833800
hyuA_predicted,0.07142857142857142,13,13,CATCTTCTTTACCCGCATGT,0,1860755
hyuA_predicted,0.07142857142857142,13,13,CATATTCCATAAAGAAGGAG,0,1829686
hyuA_predicted,0.07142857142857142,13,13,CATAAAACAGCCTGTATCTG,0,1852532
hyuA_predicted,0.07142857142857142,13,13,CAGGAGATTCCTTGGAATGT,0,1867650
hyuA_predicted,0.07142857142857142,13,13,CAGCTTTAGTTCAGGCGCCC,0,1863500
hyuA_predicted,0.07142857142857142,13,13,CAGCATGCAATGTCTCGGCA,0,1838761
hyuA_predicted,0.07142857142857142,13,13,CAGCACCTGTATCGCTGTAG,0,1846791
hyuA_predicted,0.07142857142857142,13,13,CAGCAACGCACAGGTAAACA,0,1844979
hyuA_predicted,0.07142857142857142,13,13,CAGATAATAAAAATGGGGCT,0,1860469
hyuA_predicted,0.07142857142857142,13,13,CAGAGCTAGAGCCTGGCTAA,0,1860994
hyuA_predicted,0.07142857142857142,13,13,CACAGCTATGGCTGGTCTTC,0,1835746
hyuA_predicted,0.07142857142857142,13,13,CACAACCGAGTACATTTTGC,0,1833187
hyuA_predicted,0.07142857142857142,13,13,CAATTCTCTTATAATTAATC,0,1846516
hyuA_predicted,0.07142857142857142,13,13,CAAGCCTCTTCCGGAAAACT,0,1850354
hyuA_predicted,0.07142857142857142,13,13,CAAGAAATCAGGAAGCGGCG,0,1854939
hyuA_predicted,0.07142857142857142,13,13,CAAAATTAGCACAAGGCCCA,0,1832110
hyuA_predicted,0.07142857142857142,13,13,ATTTTACAAATTGGATGGCA,0,1860991
hyuA_predicted,0.07142857142857142,13,13,ATTGGGGCGTCATACGGTTA,0,1834321
hyuA_predicted,0.07142857142857142,13,13,ATTCCTCAGTAAAACACATT,0,1857920
hyuA_predicted,0.07142857142857142,13,13,ATTAGTACAAAAGCCATGGC,0,1864099
hyuA_predicted,0.07142857142857142,13,13,ATGTATAGGAGTGTATAGGC,0,1857298
hyuA_predicted,0.07142857142857142,13,13,ATGGCGTTGCTCTGTTTTTT,0,1862155
hyuA_predicted,0.07142857142857142,13,13,ATGCTTAACTACCTGAGTAA,0,1842603
hyuA_predicted,0.07142857142857142,13,13,ATGCAAAGGTGAGTCAGTTC,0,1873491
hyuA_predicted,0.07142857142857142,13,13,ATCTTCCATCTCGGTTGCCA,0,1833985
hyuA_predicted,0.07142857142857142,13,13,ATCTTAACCTATGGACTTTA,0,1869059
hyuA_predicted,0.07142857142857142,13,13,ATCGGCTGCCGACCACACGT,0,1865126
hyuA_predicted,0.07142857142857142,13,13,ATCCTGTCCTCCACTCTCTG,0,1876337
hyuA_predicted,0.07142857142857142,13,13,ATCATTGCCAGACTACGTCA,0,1851007
hyuA_predicted,0.07142857142857142,13,13,ATCAGTTTATAGAGTGCGCC,0,1871566
hyuA_predicted,0.07142857142857142,13,13,ATATCTGCCGTCTTCGACTC,0,1866864
hyuA_predicted,0.07142857142857142,13,13,ATATCACGCGCAAGTAACGA,0,1834634
hyuA_predicted,0.07142857142857142,13,13,ATAGTTACATAGCGTAACTC,0,1870522
hyuA_predicted,0.07142857142857142,13,13,ATACGGGAAAGCGAGTGGAG,0,1873882
hyuA_predicted,0.07142857142857142,13,13,ATAAGGCCAACTGCCCTAGT,0,1868300
hyuA_predicted,0.07142857142857142,13,13,AGTTCCTGTCGGACGGTCTA,0,1851968
hyuA_predicted,0.07142857142857142,13,13,AGTCCGGTTCCCAAGACGGT,0,1844941
hyuA_predicted,0.07142857142857142,13,13,AGTACGTTTCGAGATTTAGT,0,1873916
hyuA_predicted,0.07142857142857142,13,13,AGGTTGGTGTACTATGAAGA,0,1844351
hyuA_predicted,0.07142857142857142,13,13,AGGGGGATTGTGGGTTGGTC,0,1873294
hyuA_predicted,0.07142857142857142,13,13,AGGGGCTTTGCGTTTTTTGC,0,1861016
hyuA_predicted,0.07142857142857142,13,13,AGGCTGTGTCTCAGTAAGAA,0,1871142
hyuA_predicted,0.07142857142857142,13,13,AGGCGGTGGCTCCGCACTAA,0,1873119
hyuA_predicted,0.07142857142857142,13,13,AGGCGAATGCTAGGCGGTCA,0,1866700
hyuA_predicted,0.07142857142857142,13,13,AGCTTAAATCTGTGAGTCAT,0,1833559
hyuA_predicted,0.07142857142857142,13,13,AGCTGCGATGTAGACCAAAC,0,1853383
hyuA_predicted,0.07142857142857142,13,13,AGCTAGCGGTCGAGTTGGGG,0,1847725
hyuA_predicted,0.07142857142857142,13,13,AGCGAAGGGGAGCTCCGTAT,0,1840710
hyuA_predicted,0.07142857142857142,13,13,AGCCGGAAACTTCTCTACGA,0,1863341
hyuA_predicted,0.07142857142857142,13,13,AGCCGACACGTGCCTATTTG,0,1837432
hyuA_predicted,0.07142857142857142,13,13,AGATTTGGACGATAGTCGCA,0,1873652
hyuA_predicted,0.07142857142857142,13,13,AGATGGACAAGATAACTGTG,0,1834715
hyuA_predicted,0.07142857142857142,13,13,AGATCAGGCCAGTAACAAAG,0,1855453
hyuA_predicted,0.07142857142857142,13,13,AGACCGGTGGGAGGGATCGT,0,1846494
hyuA_predicted,0.07142857142857142,13,13,AGACCGACGAAGGGGTGCGA,0,1876010
hyuA_predicted,0.07142857142857142,13,13,AGAAGAACTCCGATACCTGT,0,1876600
hyuA_predicted,0.07142857142857142,13,13,AGAAATGTGGCCCACGTGAG,0,1839671
hyuA_predicted,0.07142857142857142,13,13,AGAAAAGTATCCTCGCTAAT,0,1844092
hyuA_predicted,0.07142857142857142,13,13,ACTTGTAGGTCTATTATTTT,0,1839181
hyuA_predicted,0.07142857142857142,13,13,ACTTAAGCCAACAGTCAGCC,0,1854048
hyuA_predicted,0.07142857142857142,13,13,ACTGTCAGTCACAATCGGAG,0,1834193
hyuA_predicted,0.07142857142857142,13,13,ACTGGGCTGGTTTAGACGGT,0,1852104
hyuA_predicted,0.07142857142857142,13,13,ACTCGCTCCTTATTACGGTA,0,1860946
hyuA_predicted,0.07142857142857142,13,13,ACTCGACGTTCCCTCAGACA,0,1860706
hyuA_predicted,0.07142857142857142,13,13,ACTAGCTTAACCTCAACAGC,0,1831123
hyuA_predicted,0.07142857142857142,13,13,ACTACGGCTGAGCGGCAGGA,0,1858805
hyuA_predicted,0.07142857142857142,13,13,ACGTATGCCGGTCTTGCTTA,0,1872810
hyuA_predicted,0.07142857142857142,13,13,ACGCGTAAACTGAGTGTGTT,0,1854190
hyuA_predicted,0.07142857142857142,13,13,ACGCACAACTGACTTTCTTA,0,1872986
hyuA_predicted,0.07142857142857142,13,13,ACGAATCATGGCAAGGGTTA,0,1864020
hyuA_predicted,0.07142857142857142,13,13,ACCGAATTATTCAATATGTC,0,1837353
hyuA_predicted,0.07142857142857142,13,13,ACCCGAAAAGGCTCGCGAGA,0,1844804
hyuA_predicted,0.07142857142857142,13,13,ACATTTGACGGTGAAGAGTC,0,1849649
hyuA_predicted,0.07142857142857142,13,13,ACATGACCCTCAATCGCGAT,0,1871391
hyuA_predicted,0.07142857142857142,13,13,ACATCTCCAAGTCGCGAGAA,0,1868937
hyuA_predicted,0.07142857142857142,13,13,ACAGTCAACCGGAATTAAGG,0,1876923
hyuA_predicted,0.07142857142857142,13,13,ACAAGTAGCTAGTCACCATG,0,1866824
hyuA_predicted,0.07142857142857142,13,13,ACAAGGGAGCTCCGATTGTT,0,1846100
hyuA_predicted,0.07142857142857142,13,13,ACAAGATACATCAAGTCGAA,0,1851996
hyuA_predicted,0.07142857142857142,13,13,ACAAACCTCCGTGTGATGTA,0,1832512
hyuA_predicted,0.07142857142857142,13,13,AATTCGTCCATCGCTTGCGT,0,1851809
hyuA_predicted,0.07142857142857142,13,13,AATTACTCGCATCAGACATG,0,1862700
hyuA_predicted,0.07142857142857142,13,13,AATGCTCGTGGGTGCTGGTA,0,1848831
hyuA_predicted,0.07142857142857142,13,13,AATGACGGAGTCTCGACATA,0,1857214
hyuA_predicted,0.07142857142857142,13,13,AATATCATCAAGACACTGGA,0,1856164
hyuA_predicted,0.07142857142857142,13,13,AATAGAGCGGTTGCCCGGGA,0,1852844
hyuA_predicted,0.07142857142857142,13,13,AATACCGACCCCCACAAGGC,0,1850373
hyuA_predicted,0.07142857142857142,13,13,AAGTCTAGAGTGCGCTCGAC,0,1856057
hyuA_predicted,0.07142857142857142,13,13,AAGGCGTAACTATGTGTGGC,0,1847147
hyuA_predicted,0.07142857142857142,13,13,AAGCTACGTGCCTAGCCAGA,0,1877725
hyuA_predicted,0.07142857142857142,13,13,AAGCTAACGAGTAAGACATG,0,1857327
hyuA_predicted,0.07142857142857142,13,13,AAGCGGCCTCGTGGGCACCC,0,1854626
hyuA_predicted,0.07142857142857142,13,13,AAGCGAGAGAATCGGGTTGG,0,1853058
hyuA_predicted,0.07142857142857142,13,13,AACTTTCGCAATGCTCTCAA,0,1856121
hyuA_predicted,0.07142857142857142,13,13,AACGATGATTTGCTGGATAC,0,1876344
hyuA_predicted,0.07142857142857142,13,13,AACGACCATAGCCTTACCAA,0,1858413
hyuA_predicted,0.07142857142857142,13,13,AACCTCAGTTGCTACAGCCA,0,1873016
hyuA_predicted,0.07142857142857142,13,13,AAACTGGCATCCGGGGATCC,0,1875276
hyuA_predicted,0.07142857142857142,13,13,AAAAGGTACTCCGTAGTACA,0,1830002
hyuA_predicted,0.07692307692307693,12,12,TTTTCGGAATGATGACACAT,0,1832290
hyuA_predicted,0.07692307692307693,12,12,TTTCAAAATTTATCAGATTA,0,1842020
hyuA_predicted,0.07692307692307693,12,12,TTGTTCCTCCTATGGCGAGT,0,1849491
hyuA_predicted,0.07692307692307693,12,12,TTGTACCCCACCTAGCGCGA,0,1834272
hyuA_predicted,0.07692307692307693,12,12,TTGGGTGGTCAACGGATGAC,0,1860713
hyuA_predicted,0.07692307692307693,12,12,TTGGATTGCGCAAAACAGAA,0,1855156
hyuA_predicted,0.07692307692307693,12,12,TTGCGGACGCCAACTTCTTT,0,1861018
hyuA_predicted,0.07692307692307693,12,12,TTGCCGTACTTATCTACGAA,0,1864506
hyuA_predicted,0.07692307692307693,12,12,TTGATGGACGACCCTCCCAA,0,1857716
hyuA_predicted,0.07692307692307693,12,12,TTGAACTTGGATCCACTACT,0,1839598
hyuA_predicted,0.07692307692307693,12,12,TTCGGTCTTATCACGTTTAG,0,1835572
hyuA_predicted,0.07692307692307693,12,12,TTCGGGTCTCTCTCTCAGAT,0,1842450
hyuA_predicted,0.07692307692307693,12,12,TTCCAATCGAAATCTCATTC,0,1855710
hyuA_predicted,0.07692307692307693,12,12,TTCAGTGTTTCGGTGGGCAT,0,1849629
hyuA_predicted,0.07692307692307693,12,12,TTCAGAAATCGAGACAAAAG,0,1844469
hyuA_predicted,0.07692307692307693,12,12,TTCAAGTAATTCCTTAGAAT,0,1873005
hyuA_predicted,0.07692307692307693,12,12,TTATTGCCAACTGGAACTCA,0,1858046
hyuA_predicted,0.07692307692307693,12,12,TTATGATAGTGGGTTATCAC,0,1856923
hyuA_predicted,0.07692307692307693,12,12,TTATCCCATAATTTGTTGGT,0,1838782
hyuA_predicted,0.07692307692307693,12,12,TTAGTCCACCGCAAAATTCC,0,1842279
hyuA_predicted,0.07692307692307693,12,12,TTACGGCACAGCTACTCGTT,0,1870713
hyuA_predicted,0.07692307692307693,12,12,TTAAGACCAACCTGCTTTGC,0,1874580
hyuA_predicted,0.07692307692307693,12,12,TTAACTTGGTGCCGTACATA,0,1846985
hyuA_predicted,0.07692307692307693,12,12,TGTGTACAGAAACGTGATAT,0,1868084
hyuA_predicted,0.07692307692307693,12,12,TGTGGCGGAAGCTGACTCCC,0,1832800
hyuA_predicted,0.07692307692307693,12,12,TGTCGAGTACGTTGACCGTT,0,1850549
hyuA_predicted,0.07692307692307693,12,12,TGGTTTCTCATAGCATCCGA,0,1847178
hyuA_predicted,0.07692307692307693,12,12,TGGTGCATATGCTATGTGGT,0,1846175
hyuA_predicted,0.07692307692307693,12,12,TGGTGATCTCCTACTGTGCG,0,1836446
hyuA_predicted,0.07692307692307693,12,12,TGGCTTATCACTGGGAAAAT,0,1833748
hyuA_predicted,0.07692307692307693,12,12,TGCTAGCAATGCGATGCATG,0,1846774
hyuA_predicted,0.07692307692307693,12,12,TGCGTAAACTTAAGCATGAC,0,1845617
hyuA_predicted,0.07692307692307693,12,12,TGCGGCGTGTGAACTTTTTG,0,1829425
hyuA_predicted,0.07692307692307693,12,12,TGATTGGTCAAGCTGTGGTA,0,1859381
hyuA_predicted,0.07692307692307693,12,12,TGATTACATGCCCTTAAAAT,0,1852148
hyuA_predicted,0.07692307692307693,12,12,TGAGTGTGTGACCTACCTAA,0,1840387
hyuA_predicted,0.07692307692307693,12,12,TGAGGTAAACCGTCTATAGG,0,1871937
hyuA_predicted,0.07692307692307693,12,12,TGACCACGTGAGCCGGCAGG,0,1845205
hyuA_predicted,0.07692307692307693,12,12,TGACATACCTGGGTTAGGTC,0,1846829
hyuA_predicted,0.07692307692307693,12,12,TGAATCTCGTTGGTTCAGGA,0,1872721
hyuA_predicted,0.07692307692307693,12,12,TGAACGGGGCTTGGGAAGTC,0,1836515
hyuA_predicted,0.07692307692307693,12,12,TGAACCAGGCCCATGGGTTT,0,1854085
hyuA_predicted,0.07692307692307693,12,12,TCTTAGTGGTGGATCAGGCT,0,1832360
hyuA_predicted,0.07692307692307693,12,12,TCTATGCTACGGGCATTTGC,0,1853639
hyuA_predicted,0.07692307692307693,12,12,TCTACGGCCGCCAAACATGG,0,1866868
hyuA_predicted,0.07692307692307693,12,12,TCGTGGCCGTTAACGGATAG,0,1846357
hyuA_predicted,0.07692307692307693,12,12,TCGCTGGTGTTAGGCATTCC,0,1846101
hyuA_predicted,0.07692307692307693,12,12,TCGCGGGAGCAGTCGTTTGT,0,1852975
hyuA_predicted,0.07692307692307693,12,12,TCCTGGGATAAGGTTAGCGT,0,1852396
hyuA_predicted,0.07692307692307693,12,12,TCCGTCTCTACGCAGGAGGC,0,1836650
hyuA_predicted,0.07692307692307693,12,12,TCATCGCACCGGTAGTGGTT,0,1833238
hyuA_predicted,0.07692307692307693,12,12,TCATAGCTGCGCGCTATTGA,0,1864206
hyuA_predicted,0.07692307692307693,12,12,TCAGTTCTACGAGCAGTTTG,0,1831015
hyuA_predicted,0.07692307692307693,12,12,TCAGGTTTAAGCACGTCGCA,0,1841402
hyuA_predicted,0.07692307692307693,12,12,TCACTATTCGTCACCACGTT,0,1872824
hyuA_predicted,0.07692307692307693,12,12,TCACGTCGTGGATCGTGGCA,0,1866155
hyuA_predicted,0.07692307692307693,12,12,TATTGTGGGCTTCGTGCAGT,0,1875798
hyuA_predicted,0.07692307692307693,12,12,TATTGGTTGACTCGCGCGCA,0,1868950
hyuA_predicted,0.07692307692307693,12,12,TATGCCGCATGTCATGAACT,0,1867765
hyuA_predicted,0.07692307692307693,12,12,TATCTACCATTCTCCAACGC,0,1846345
hyuA_predicted,0.07692307692307693,12,12,TATATAGGCGCGGCCGGCGG,0,1858504
hyuA_predicted,0.07692307692307693,12,12,TATAGTTTTTGCTCGATAGA,0,1829533
hyuA_predicted,0.07692307692307693,12,12,TATACTGTTACAGTTAGTCG,0,1854905
hyuA_predicted,0.07692307692307693,12,12,TAGGAATAGAGTCTGGCACC,0,1850233
hyuA_predicted,0.07692307692307693,12,12,TAGATCTCGACTCGCCAAGT,0,1852839
hyuA_predicted,0.07692307692307693,12,12,TAGAGAAACCCAGGAGACGG,0,1856287
hyuA_predicted,0.07692307692307693,12,12,TACTGGCTAGTGGACACGCT,0,1843622
hyuA_predicted,0.07692307692307693,12,12,TACTCAGAACAACAGCTTCC,0,1836607
hyuA_predicted,0.07692307692307693,12,12,TACTATCCTGGCTGCGGGAG,0,1839250
hyuA_predicted,0.07692307692307693,12,12,TACGTATCCAATTGGATGTT,0,1847866
hyuA_predicted,0.07692307692307693,12,12,TACAAACGTTTATACTACGA,0,1859904
hyuA_predicted,0.07692307692307693,12,12,TAATGGCTACAGGACGGTCT,0,1841280
hyuA_predicted,0.07692307692307693,12,12,TAATATGGCCAGACTCGTAT,0,1835748
hyuA_predicted,0.07692307692307693,12,12,TAAGTTCGGGCCGCTTGTGT,0,1858582
hyuA_predicted,0.07692307692307693,12,12,TAAGATCATTGTTTTAAAAG,0,1870559
hyuA_predicted,0.07692307692307693,12,12,TAACGCTATGCTTTGCCACT,0,1836399
hyuA_predicted,0.07692307692307693,12,12,TAAAGGCAGATGAGATACGC,0,1830766
hyuA_predicted,0.07692307692307693,12,12,GTTTGGATGTAACCGCTCAT,0,1872892
hyuA_predicted,0.07692307692307693,12,12,GTTGGGACTGACACGACTCG,0,1845883
hyuA_predicted,0.07692307692307693,12,12,GTTCCGGGACTCACGTACTG,0,1847501
hyuA_predicted,0.07692307692307693,12,12,GTTACTAGCAGGACAGAAGC,0,1854508
hyuA_predicted,0.07692307692307693,12,12,GTTACACGGCACACAATTTG,0,1836770
hyuA_predicted,0.07692307692307693,12,12,GTGTCTATTCCCGATGTTAC,0,1871439
hyuA_predicted,0.07692307692307693,12,12,GTGGCAAATGTATACGGTCG,0,1838599
hyuA_predicted,0.07692307692307693,12,12,GTGATTCTCATGTGTAACGC,0,1829882
hyuA_predicted,0.07692307692307693,12,12,GTCTGGGTGCGCGCTTGGCG,0,1851360
hyuA_predicted,0.07692307692307693,12,12,GTCGGCCACAGCATCGAGCG,0,1858886
hyuA_predicted,0.07692307692307693,12,12,GTCGCGTAGAGCCTTGGCGT,0,1843261
hyuA_predicted,0.07692307692307693,12,12,GTCCATATAAAGAAGGCGCA,0,1840772
hyuA_predicted,0.07692307692307693,12,12,GTCATGTTTCCACAAGATCG,0,1839502
hyuA_predicted,0.07692307692307693,12,12,GTCAGACCCTTGGAACGAAC,0,1837421
hyuA_predicted,0.07692307692307693,12,12,GTATCAACCTTTCTTGTAAC,0,1866060
hyuA_predicted,0.07692307692307693,12,12,GTAGTGAGGCCCAGATGTGC,0,1829609
hyuA_predicted,0.07692307692307693,12,12,GTAGCTATTTGCAACTCAGG,0,1861896
hyuA_predicted,0.07692307692307693,12,12,GTACTGAAGCCTGTACTCCA,0,1870542
hyuA_predicted,0.07692307692307693,12,12,GTAATTCAGAGGCGTGGTCT,0,1831583
hyuA_predicted,0.07692307692307693,12,12,GGTTGTGAGATGCTGCGGTC,0,1835143
hyuA_predicted,0.07692307692307693,12,12,GGTGAGCCTAAGACAAGTGC,0,1865808
hyuA_predicted,0.07692307692307693,12,12,GGTGACTCTGCATGTGGTAC,0,1842666
hyuA_predicted,0.07692307692307693,12,12,GGTCTCGCGATTGGCTAACT,0,1836886
hyuA_predicted,0.07692307692307693,12,12,GGTCACGTTGAATTCTGGCC,0,1841221
hyuA_predicted,0.07692307692307693,12,12,GGGTTTTTATTTTTAAGCGG,0,1861759
hyuA_predicted,0.07692307692307693,12,12,GGGTGGGATCGTAGGACAAA,0,1859495
hyuA_predicted,0.07692307692307693,12,12,GGGGAGGCCTCTGAATGGTG,0,1838002
hyuA_predicted,0.07692307692307693,12,12,GGGCCTCCCCCGTTATATGG,0,1836601
hyuA_predicted,0.07692307692307693,12,12,GGGAGCCCTATCTCGGGAAA,0,1850835
hyuA_predicted,0.07692307692307693,12,12,GGGACTACAGACCTTCTAGT,0,1865015
hyuA_predicted,0.07692307692307693,12,12,GGGACCTTCGGGCATAAGAA,0,1831146
hyuA_predicted,0.07692307692307693,12,12,GGGACATCGACCACTGACGT,0,1869115
hyuA_predicted,0.07692307692307693,12,12,GGCTGGTGGAAAGCCCAAAC,0,1866175
hyuA_predicted,0.07692307692307693,12,12,GGCTCGCCTCCTTGCTCAGT,0,1867365
hyuA_predicted,0.07692307692307693,12,12,GGCGGGACCGTAGCTCGAGA,0,1829833
hyuA_predicted,0.07692307692307693,12,12,GGCGGAAACTTGTCTAATGC,0,1830588
hyuA_predicted,0.07692307692307693,12,12,GGCCATCGCGGAGATATAAG,0,1845275
hyuA_predicted,0.07692307692307693,12,12,GGCATGAGAGTTGGGTATTT,0,1848240
hyuA_predicted,0.07692307692307693,12,12,GGCAGCGTTATTGGGTAGTG,0,1847923
hyuA_predicted,0.07692307692307693,12,12,GGATCTCAGAAAACCCATCA,0,1863210
hyuA_predicted,0.07692307692307693,12,12,GGAGTAATGGGTCGTGCCGA,0,1837310
hyuA_predicted,0.07692307692307693,12,12,GGAACTACCTACATGAAATG,0,1854138
hyuA_predicted,0.07692307692307693,12,12,GCTTTTACCTTCACAGTGAA,0,1838266
hyuA_predicted,0.07692307692307693,12,12,GCTATAAATGCTAGGCTGAA,0,1839637
hyuA_predicted,0.07692307692307693,12,12,GCTAATCCGTGCATCGTATA,0,1853298
hyuA_predicted,0.07692307692307693,12,12,GCGTTAATCCTCCGTCCAAA,0,1874599
hyuA_predicted,0.07692307692307693,12,12,GCGTACATTATCAAATTAAT,0,1830163
hyuA_predicted,0.07692307692307693,12,12,GCGGTTTTATATCTGGACCA,0,1849990
hyuA_predicted,0.07692307692307693,12,12,GCGGAGCGTCACTCCAGACA,0,1855572
hyuA_predicted,0.07692307692307693,12,12,GCGGACGAGATGTGGGTAAA,0,1869949
hyuA_predicted,0.07692307692307693,12,12,GCGCGAGGTAAAACAAGTGA,0,1829962
hyuA_predicted,0.07692307692307693,12,12,GCGATAAGTACATCGGATGG,0,1870454
hyuA_predicted,0.07692307692307693,12,12,GCGAACCGCATATAACCGAG,0,1850377
hyuA_predicted,0.07692307692307693,12,12,GCCTCATAACGCAGCAGTAT,0,1838294
hyuA_predicted,0.07692307692307693,12,12,GCCGCAGCAGACATTAGGCG,0,1876509
hyuA_predicted,0.07692307692307693,12,12,GCCATGTTATACAAGTACCA,0,1831345
hyuA_predicted,0.07692307692307693,12,12,GCCAACCCGCCTACGGAAGT,0,1877394
hyuA_predicted,0.07692307692307693,12,12,GCATTATTCGAGACCTCGTC,0,1859414
hyuA_predicted,0.07692307692307693,12,12,GCAGTATAGTCGATAAGAAT,0,1832658
hyuA_predicted,0.07692307692307693,12,12,GCAGAGCATACAGAGCTTAA,0,1831893
hyuA_predicted,0.07692307692307693,12,12,GCACACCTGTGGGTCTTCCA,0,1850671
hyuA_predicted,0.07692307692307693,12,12,GCAAGTGATGGGCAGTAGTT,0,1870992
hyuA_predicted,0.07692307692307693,12,12,GATGCTAACAGTGGCGCCAT,0,1852702
hyuA_predicted,0.07692307692307693,12,12,GAGTTATCATTTTTACACAA,0,1840036
hyuA_predicted,0.07692307692307693,12,12,GAGGTAAAACCCATGTTGAA,0,1858304
hyuA_predicted,0.07692307692307693,12,12,GAGGATCCAAAATCCAAACG,0,1829785
hyuA_predicted,0.07692307692307693,12,12,GAGATACAATCCGCGGAGGA,0,1850483
hyuA_predicted,0.07692307692307693,12,12,GAGAGCTTCGCTCATCGTCT,0,1860164
hyuA_predicted,0.07692307692307693,12,12,GACTCTGCAAGATAGCCGTC,0,1877403
hyuA_predicted,0.07692307692307693,12,12,GACTCAAGTTCCACAGCTGC,0,1877607
hyuA_predicted,0.07692307692307693,12,12,GACGCGCAGGTCCTCGATGG,0,1851893
hyuA_predicted,0.07692307692307693,12,12,GACGAGAATGAAGATAGGGA,0,1877077
hyuA_predicted,0.07692307692307693,12,12,GACCGGCTAGATTAGGTAAA,0,1838353
hyuA_predicted,0.07692307692307693,12,12,GACCCCTACTAAAACGACGA,0,1870033
hyuA_predicted,0.07692307692307693,12,12,GACCAAGGGGCGGCCTTCAA,0,1870361
hyuA_predicted,0.07692307692307693,12,12,GACACGCAACCCGTAGATAT,0,1840899
hyuA_predicted,0.07692307692307693,12,12,GAATGGAGTAACTTGGGACA,0,1845057
hyuA_predicted,0.07692307692307693,12,12,GAACCGGCTGGCACAGCAAT,0,1844542
hyuA_predicted,0.07692307692307693,12,12,GAAATTTAATCCGTCGAAGT,0,1842446
hyuA_predicted,0.07692307692307693,12,12,GAAAGGGGAGGATCATTCGG,0,1863081
hyuA_predicted,0.07692307692307693,12,12,GAAACCGTGGGAAACAACCC,0,1868273
hyuA_predicted,0.07692307692307693,12,12,CTTTATATAGAGCCGTCCGT,0,1863306
hyuA_predicted,0.07692307692307693,12,12,CTTCTTTTCGCGAACGGAGC,0,1865383
hyuA_predicted,0.07692307692307693,12,12,CTTAGGTGGTTAGGTCTGAA,0,1856957
hyuA_predicted,0.07692307692307693,12,12,CTTACACTGTATGGCGCAAT,0,1841952
hyuA_predicted,0.07692307692307693,12,12,CTTAACCCCGGCCTTACCCA,0,1871065
hyuA_predicted,0.07692307692307693,12,12,CTGTTGACGGACAGAAACAT,0,1871152
hyuA_predicted,0.07692307692307693,12,12,CTGTAGCAGGCGAAGAGACA,0,1857315
hyuA_predicted,0.07692307692307693,12,12,CTGCGTAGGTCTTGCTCCTT,0,1836000
hyuA_predicted,0.07692307692307693,12,12,CTGCAATTGTCCAGCGGAAA,0,1857106
hyuA_predicted,0.07692307692307693,12,12,CTCTTCCCCGAAATGAGAGT,0,1859998
hyuA_predicted,0.07692307692307693,12,12,CTCTATTCCTGAACGGTCTG,0,1860054
hyuA_predicted,0.07692307692307693,12,12,CTCTAAAACATCGACTGTCC,0,1834707
hyuA_predicted,0.07692307692307693,12,12,CTCCTACTGCACTAGCGATC,0,1830915
hyuA_predicted,0.07692307692307693,12,12,CTCATCAGTAGTTACAGCGT,0,1841253
hyuA_predicted,0.07692307692307693,12,12,CTCACGACACTCGTACGACA,0,1854082
hyuA_predicted,0.07692307692307693,12,12,CTATCTAAGGTCTGAGGATC,0,1834813
hyuA_predicted,0.07692307692307693,12,12,CTATCGGCTTCCGACCACGG,0,1865353
hyuA_predicted,0.07692307692307693,12,12,CTATACGCAACAAGTGCCTC,0,1868057
hyuA_predicted,0.07692307692307693,12,12,CTAGGAGTGCAGGCGGCCTG,0,1872881
hyuA_predicted,0.07692307692307693,12,12,CTAGCCAACATATACACAGT,0,1847003
hyuA_predicted,0.07692307692307693,12,12,CTAGCAACATAGGGCACCTC,0,1841913
hyuA_predicted,0.07692307692307693,12,12,CTACTCGCTGGACGTTTGGG,0,1828937
hyuA_predicted,0.07692307692307693,12,12,CTACCCTACTCTTTGATGGA,0,1846723
hyuA_predicted,0.07692307692307693,12,12,CTAATTCCTGACATATGTCT,0,1829375
hyuA_predicted,0.07692307692307693,12,12,CTAATGTCTTAAAACCAGAA,0,1865437
hyuA_predicted,0.07692307692307693,12,12,CGTTTGTGTAGATAACGGTC,0,1848359
hyuA_predicted,0.07692307692307693,12,12,CGTTGTTTCTGGAGCACTGT,0,1835976
hyuA_predicted,0.07692307692307693,12,12,CGTTGCGACAAGCTGCTGTG,0,1865266
hyuA_predicted,0.07692307692307693,12,12,CGTTCCATTACGGTTCTTAA,0,1830948
hyuA_predicted,0.07692307692307693,12,12,CGTTAACGTGCTTGGTTCGT,0,1843431
hyuA_predicted,0.07692307692307693,12,12,CGTGGTGCTTTGGTTGTTCC,0,1855746
hyuA_predicted,0.07692307692307693,12,12,CGTCTGTGGGACCTGATTTT,0,1855943
hyuA_predicted,0.07692307692307693,12,12,CGTAGGGGTCGAAAAGGACC,0,1849986
hyuA_predicted,0.07692307692307693,12,12,CGTACGCGTCGCTTTAACGA,0,1851800
hyuA_predicted,0.07692307692307693,12,12,CGGTGCTGCAAACATAGGCT,0,1877863
hyuA_predicted,0.07692307692307693,12,12,CGGTCTTCATTTGAAGGGAT,0,1846059
hyuA_predicted,0.07692307692307693,12,12,CGGTCGAGTGAGGGAATCAG,0,1838444
hyuA_predicted,0.07692307692307693,12,12,CGGGAGGCTGAGCACAATGA,0,1830147
hyuA_predicted,0.07692307692307693,12,12,CGGCTCATAATCGTGTAAGG,0,1833164
hyuA_predicted,0.07692307692307693,12,12,CGGCGGGACGCTTGGGTGGT,0,1832246
hyuA_predicted,0.07692307692307693,12,12,CGCTATAGTACTGTATTATC,0,1840247
hyuA_predicted,0.07692307692307693,12,12,CGCGGCAGCGACTTCTGTAC,0,1831238
hyuA_predicted,0.07692307692307693,12,12,CGCCTGATGGGCTCCATTGA,0,1836321
hyuA_predicted,0.07692307692307693,12,12,CGATCGAGCACTAATGAGCC,0,1871683
hyuA_predicted,0.07692307692307693,12,12,CGACTTATAAGCGTACAGGT,0,1842248
hyuA_predicted,0.07692307692307693,12,12,CGACAGTACCACGACACGAA,0,1846974
hyuA_predicted,0.07692307692307693,12,12,CGAATCACATTAACGGTATT,0,1842134
hyuA_predicted,0.07692307692307693,12,12,CCTTTGCACGTTAGGTCGTA,0,1831836
hyuA_predicted,0.07692307692307693,12,12,CCTCGTGGTGCGATCTGTCA,0,1873144
hyuA_predicted,0.07692307692307693,12,12,CCTACGCGAGACACAACACC,0,1864113
hyuA_predicted,0.07692307692307693,12,12,CCTACAATCTCAGAGGCATA,0,1852990
hyuA_predicted,0.07692307692307693,12,12,CCTAAAAGAATTAGTGCCAA,0,1875734
hyuA_predicted,0.07692307692307693,12,12,CCGGCTCGGTACAGCACTAG,0,1854842
hyuA_predicted,0.07692307692307693,12,12,CCGCACTAGGCCACCCAGCA,0,1845505
hyuA_predicted,0.07692307692307693,12,12,CCGATGACGCCCAATAAGGC,0,1874286
hyuA_predicted,0.07692307692307693,12,12,CCGATACGGCGGTAGCTTAA,0,1864728
hyuA_predicted,0.07692307692307693,12,12,CCGACCAGGCATTGTTGACT,0,1838308
hyuA_predicted,0.07692307692307693,12,12,CCCTATCGCTCTCATGGGAG,0,1867188
hyuA_predicted,0.07692307692307693,12,12,CCCTAGGGGCGTGACTCACA,0,1861352
hyuA_predicted,0.07692307692307693,12,12,CCCGACGCGGCCTTGGGCCG,0,1869823
hyuA_predicted,0.07692307692307693,12,12,CCCATGTGATGGGGTCGATG,0,1839372
hyuA_predicted,0.07692307692307693,12,12,CCCAATCGTAAACGCAGGCA,0,1858801
hyuA_predicted,0.07692307692307693,12,12,CCATCTTATGAGCCACGTTA,0,1857415
hyuA_predicted,0.07692307692307693,12,12,CCAGAACCGAGATGAGGCTT,0,1849851
hyuA_predicted,0.07692307692307693,12,12,CCAATGGGCTAGGGACAAAT,0,1855863
hyuA_predicted,0.07692307692307693,12,12,CCAACCGGGAGTAAAGAATC,0,1840960
hyuA_predicted,0.07692307692307693,12,12,CATTACTGTTTGACACTTCG,0,1855559
hyuA_predicted,0.07692307692307693,12,12,CATGTCTAGGGGATGGCTCT,0,1845723
hyuA_predicted,0.07692307692307693,12,12,CATGTATTGTCTCCGTCCGA,0,1848837
hyuA_predicted,0.07692307692307693,12,12,CATGCACCGGAAGTTCATGT,0,1857206
hyuA_predicted,0.07692307692307693,12,12,CATGAGAAGATCCAAGGTAA,0,1837279
hyuA_predicted,0.07692307692307693,12,12,CATCAAGGCCCGCACTAAGA,0,1876869
hyuA_predicted,0.07692307692307693,12,12,CATATCCCGGTGAGTACGTA,0,1873480
hyuA_predicted,0.07692307692307693,12,12,CATACGGGAGAGAAAGAGGA,0,1868874
hyuA_predicted,0.07692307692307693,12,12,CAGTTGAACATGAGTGCTAT,0,1849342
hyuA_predicted,0.07692307692307693,12,12,CAGAGGATCTATGTTCTAAG,0,1873711
hyuA_predicted,0.07692307692307693,12,12,CAATTCTAGGATACAGTTTG,0,1838650
hyuA_predicted,0.07692307692307693,12,12,CAACCCAGCGCTGGTGTAAC,0,1862591
hyuA_predicted,0.07692307692307693,12,12,CAAATAGCGTACTGTCAGTA,0,1868215
hyuA_predicted,0.07692307692307693,12,12,CAAAGGTCCAAAGCCGGCCA,0,1830778
hyuA_predicted,0.07692307692307693,12,12,ATTGTCCCTCCAGGGGCTAT,0,1835596
hyuA_predicted,0.07692307692307693,12,12,ATTCCCGCTTGCGCCCCATC,0,1870334
hyuA_predicted,0.07692307692307693,12,12,ATGTTTAGAGGTGAGAGCAG,0,1847412
hyuA_predicted,0.07692307692307693,12,12,ATGTTATGAAATATGACTTT,0,1849115
hyuA_predicted,0.07692307692307693,12,12,ATGTACGAATAAGATGAATA,0,1877200
hyuA_predicted,0.07692307692307693,12,12,ATGCTCCCTTTATCGAGCGG,0,1863787
hyuA_predicted,0.07692307692307693,12,12,ATGATCTTCTGCCATTTCCG,0,1875487
hyuA_predicted,0.07692307692307693,12,12,ATGATCCGATTCTTTACTAG,0,1843971
hyuA_predicted,0.07692307692307693,12,12,ATGAGTATGCGGACGTTCTG,0,1872197
hyuA_predicted,0.07692307692307693,12,12,ATCTCAGTCGCGCTCCTTAA,0,1853502
hyuA_predicted,0.07692307692307693,12,12,ATCGGTTGAAGGTAAGCATA,0,1834828
hyuA_predicted,0.07692307692307693,12,12,ATCCGTGGTTGGATTAATTT,0,1839244
hyuA_predicted,0.07692307692307693,12,12,ATCCATACTCTAGACCGTAG,0,1851304
hyuA_predicted,0.07692307692307693,12,12,ATATGTGCATATGTGAGGAC,0,1833576
hyuA_predicted,0.07692307692307693,12,12,AGTTTATACTACTGCCTAAC,0,1866813
hyuA_predicted,0.07692307692307693,12,12,AGTCTGGGGAAAAGAGTCTC,0,1863085
hyuA_predicted,0.07692307692307693,12,12,AGTCGTTACTAGAAAGGGGA,0,1855424
hyuA_predicted,0.07692307692307693,12,12,AGTCCGCGCCGTAATGAGTA,0,1835969
hyuA_predicted,0.07692307692307693,12,12,AGGTCAACAGGCTTATAATC,0,1853018
hyuA_predicted,0.07692307692307693,12,12,AGGGTCCGAGTCCATGTGAA,0,1868661
hyuA_predicted,0.07692307692307693,12,12,AGGGGATTGGAGAACATATA,0,1871705
hyuA_predicted,0.07692307692307693,12,12,AGGGAGAGGCGTACTGGGTG,0,1859985
hyuA_predicted,0.07692307692307693,12,12,AGGGACTGTGACCGAGGTGG,0,1837313
hyuA_predicted,0.07692307692307693,12,12,AGGACCCCTCAGCTGTGTCT,0,1858104
hyuA_predicted,0.07692307692307693,12,12,AGGAACCACTTTTTAAAATA,0,1871144
hyuA_predicted,0.07692307692307693,12,12,AGCTGAGCGTTCAATGCTCA,0,1868523
hyuA_predicted,0.07692307692307693,12,12,AGCCACGACATCAATTCCCA,0,1844066
hyuA_predicted,0.07692307692307693,12,12,AGCAGAGGTGTATTAGTGAG,0,1857021
hyuA_predicted,0.07692307692307693,12,12,AGCACCCCAGGATTCGCGTG,0,1870374
hyuA_predicted,0.07692307692307693,12,12,AGACCATTCGAGGAATTTCG,0,1864439
hyuA_predicted,0.07692307692307693,12,12,AGAATGAAACGGAGTAAAAA,0,1857304
hyuA_predicted,0.07692307692307693,12,12,AGAAGAAGTTTCCAGTTGTC,0,1864875
hyuA_predicted,0.07692307692307693,12,12,AGAAAGGTATCACGCGCAAC,0,1837418
hyuA_predicted,0.07692307692307693,12,12,ACTTAGGGTGATAGCTGAGG,0,1860184
hyuA_predicted,0.07692307692307693,12,12,ACTGTCCAAGCTCACAGTAG,0,1867397
hyuA_predicted,0.07692307692307693,12,12,ACTGACTAGCGGCGCGTTGC,0,1834832
hyuA_predicted,0.07692307692307693,12,12,ACGTTGAGAACAGATCAAGG,0,1829685
hyuA_predicted,0.07692307692307693,12,12,ACGCGCGTATGCTGGAACCA,0,1833286
hyuA_predicted,0.07692307692307693,12,12,ACATGGTCCCATAGTCAGGT,0,1831687
hyuA_predicted,0.07692307692307693,12,12,ACATGATCGTAAATTTTTAT,0,1836992
hyuA_predicted,0.07692307692307693,12,12,ACAGTTCGGTTGCTACACGA,0,1830470
hyuA_predicted,0.07692307692307693,12,12,ACAGGTCGGGGCCTCTGAAA,0,1863290
hyuA_predicted,0.07692307692307693,12,12,ACACTGGGTATAAGTCACCA,0,1852799
hyuA_predicted,0.07692307692307693,12,12,ACAAATCGGTCAGGGACTTC,0,1872595
hyuA_predicted,0.07692307692307693,12,12,AATGTCGGCTCGTCATGTTA,0,1872289
hyuA_predicted,0.07692307692307693,12,12,AATCTATATCGGTTACAAGT,0,1835084
hyuA_predicted,0.07692307692307693,12,12,AATCCTCGGGGGGACCTACA,0,1864597
hyuA_predicted,0.07692307692307693,12,12,AATCCATTCATTGGTTGTTT,0,1833297
hyuA_predicted,0.07692307692307693,12,12,AATCATAATCCCTGAGTCTT,0,1853763
hyuA_predicted,0.07692307692307693,12,12,AATACTTCATGTCAGACGGG,0,1848297
hyuA_predicted,0.07692307692307693,12,12,AAGTTTTCCCGGGACGGGGT,0,1862890
hyuA_predicted,0.07692307692307693,12,12,AAGTCGGGAATCGTAAATAG,0,1871026
hyuA_predicted,0.07692307692307693,12,12,AAGTCGCCGCATAACGTTAA,0,1871195
hyuA_predicted,0.07692307692307693,12,12,AAGTATCTAACCAGAACATT,0,1841015
hyuA_predicted,0.07692307692307693,12,12,AAGTACCTCCGTGGGCCGCA,0,1873677
hyuA_predicted,0.07692307692307693,12,12,AAGTACCGTTGTTGGGCGGG,0,1852322
hyuA_predicted,0.07692307692307693,12,12,AAGGTTTTCCGGTACATTTA,0,1839453
hyuA_predicted,0.07692307692307693,12,12,AACTTTGGCAACATTCGGGA,0,1861648
hyuA_predicted,0.07692307692307693,12,12,AACGCGCGATGTGCTGCGGG,0,1875113
hyuA_predicted,0.07692307692307693,12,12,AACGACGTATGTATGGATTC,0,1829338
hyuA_predicted,0.07692307692307693,12,12,AACCCGGGGCTCATCACTTG,0,1845714
hyuA_predicted,0.07692307692307693,12,12,AACCCATTGGGCAATGGTTT,0,1877271
hyuA_predicted,0.07692307692307693,12,12,AACAGTTGGTTCCAACGGGC,0,1831824
hyuA_predicted,0.07692307692307693,12,12,AACAAAAGTGGTGGCTTAGT,0,1870683
hyuA_predicted,0.07692307692307693,12,12,AAATATCCATGATCGGTTTT,0,1855933
hyuA_predicted,0.07692307692307693,12,12,AAATAGGTGATGGGGCCTTC,0,1867890
hyuA_predicted,0.07692307692307693,12,12,AAAGGAAGAACCAACGCTTG,0,1874065
hyuA_predicted,0.07692307692307693,12,12,AAAAGCTGTTGTATTCGAGC,0,1837055
hyuA_predicted,0.08333333333333333,11,11,TTTTTGGTATGTTCACGAGC,0,1829410
hyuA_predicted,0.08333333333333333,11,11,TTTTGTGGGGTGACATAGTG,0,1842913
hyuA_predicted,0.08333333333333333,11,11,TTTGTCTGATATTCTATGGC,0,1844867
hyuA_predicted,0.08333333333333333,11,11,TTTGGGGATCACGCCTGTTG,0,1877372
hyuA_predicted,0.08333333333333333,11,11,TTTGCTAATCTTCGTCAAAA,0,1837982
hyuA_predicted,0.08333333333333333,11,11,TTTATCGAGGTCGAAAAAGT,0,1834008
hyuA_predicted,0.08333333333333333,11,11,TTTAACGCTCGATCGCAACT,0,1847645
hyuA_predicted,0.08333333333333333,11,11,TTGTGATCCCGAGAAGGTGT,0,1839397
hyuA_predicted,0.08333333333333333,11,11,TTGGTAGATCATAAAGCATG,0,1849854
hyuA_predicted,0.08333333333333333,11,11,TTGGGTACGATCCAGGGGTA,0,1864473
hyuA_predicted,0.08333333333333333,11,11,TTGCGGGCGTCATTCAAAGG,0,1846489
hyuA_predicted,0.08333333333333333,11,11,TTGCCGCGCGCCACGAATAA,0,1845458
hyuA_predicted,0.08333333333333333,11,11,TTGATTAGTGCCATATCCAT,0,1874948
hyuA_predicted,0.08333333333333333,11,11,TTGAAAATAGAAGATGGTTC,0,1852360
hyuA_predicted,0.08333333333333333,11,11,TTCGCGAGTTGAGGCGGTTC,0,1847729
hyuA_predicted,0.08333333333333333,11,11,TTCCCGGACATTTTCGACGA,0,1842677
hyuA_predicted,0.08333333333333333,11,11,TTCACGTCTTGATAACCTTG,0,1873797
hyuA_predicted,0.08333333333333333,11,11,TTCACGGTGAACACTTAGTT,0,1830774
hyuA_predicted,0.08333333333333333,11,11,TTCAAACCCGGCCCGGCAGA,0,1840123
hyuA_predicted,0.08333333333333333,11,11,TTATTCGGGACTTAGCCCCG,0,1863779
hyuA_predicted,0.08333333333333333,11,11,TTATGAACGCCCGTTGCGGG,0,1860526
hyuA_predicted,0.08333333333333333,11,11,TTAGTTATAGACAAGCAGTC,0,1829733
hyuA_predicted,0.08333333333333333,11,11,TTAGTCACTGGAGGAAAGAG,0,1857364
hyuA_predicted,0.08333333333333333,11,11,TTAGGTCGAGGGAACAGTGG,0,1835527
hyuA_predicted,0.08333333333333333,11,11,TGTTCTCCATCGTCGGGTCG,0,1875274
hyuA_predicted,0.08333333333333333,11,11,TGTGTTTGTCCACATTTTAA,0,1865171
hyuA_predicted,0.08333333333333333,11,11,TGTGGGACTTCTTGAGACTG,0,1849268
hyuA_predicted,0.08333333333333333,11,11,TGTGAATAGAAGGCTGTCAG,0,1853761
hyuA_predicted,0.08333333333333333,11,11,TGTCAGGCACAATTAGATGT,0,1871898
hyuA_predicted,0.08333333333333333,11,11,TGGTGTTTGCTGTTGTTGAA,0,1837861
hyuA_predicted,0.08333333333333333,11,11,TGGTGCCCGGGAGACATGAT,0,1864353
hyuA_predicted,0.08333333333333333,11,11,TGGGCATCATATACTTGCCC,0,1833437
hyuA_predicted,0.08333333333333333,11,11,TGGGAGAATTTGTTAAAGCG,0,1849085
hyuA_predicted,0.08333333333333333,11,11,TGGGACGGGCACTCTGATGA,0,1873310
hyuA_predicted,0.08333333333333333,11,11,TGGCGAGTGCCGTATTCCGA,0,1859807
hyuA_predicted,0.08333333333333333,11,11,TGGCATTGGTCAGCTCTGCG,0,1836599
hyuA_predicted,0.08333333333333333,11,11,TGCTAGACCCAGCCGAAATA,0,1852570
hyuA_predicted,0.08333333333333333,11,11,TGCAAGTGCAGGGCTGGGAG,0,1877515
hyuA_predicted,0.08333333333333333,11,11,TGCAAGAGGTAGGCTCTCGC,0,1835744
hyuA_predicted,0.08333333333333333,11,11,TGAGGCATTTGCGATCTGGG,0,1864903
hyuA_predicted,0.08333333333333333,11,11,TGAAGATTACTCTTCTAGCC,0,1844618
hyuA_predicted,0.08333333333333333,11,11,TCTTTACAGTTCGCAAGTCC,0,1844843
hyuA_predicted,0.08333333333333333,11,11,TCTTGTGATTTTCGAACGGC,0,1861379
hyuA_predicted,0.08333333333333333,11,11,TCTTATTTGTTCATAAAAAC,0,1855790
hyuA_predicted,0.08333333333333333,11,11,TCTTATCGGGAACTGAGCCC,0,1832790
hyuA_predicted,0.08333333333333333,11,11,TCTGTCAGCTTTTTGTGAAA,0,1844293
hyuA_predicted,0.08333333333333333,11,11,TCTCGCCCAAAGGTTTTTCA,0,1860511
hyuA_predicted,0.08333333333333333,11,11,TCTCAGCATTTCTGAGTTAA,0,1855118
hyuA_predicted,0.08333333333333333,11,11,TCGTTACCTCGGCGCGAAGG,0,1865873
hyuA_predicted,0.08333333333333333,11,11,TCGTACCGGACCTGAGATCT,0,1839928
hyuA_predicted,0.08333333333333333,11,11,TCGGCGTGAAGCTCACATCG,0,1849982
hyuA_predicted,0.08333333333333333,11,11,TCGGAAACACTAGCGCAAGA,0,1843481
hyuA_predicted,0.08333333333333333,11,11,TCGCCTAGTGGCAGTCGCTC,0,1865964
hyuA_predicted,0.08333333333333333,11,11,TCGATGGGGCTTTGATTCAC,0,1874020
hyuA_predicted,0.08333333333333333,11,11,TCGATACGATCCTGCTTCAC,0,1840305
hyuA_predicted,0.08333333333333333,11,11,TCCGAAGGTGAACGCTGGAG,0,1853203
hyuA_predicted,0.08333333333333333,11,11,TCCCTGTATCTCTCATTGGA,0,1841689
hyuA_predicted,0.08333333333333333,11,11,TCCCTATACTACGAAAATAA,0,1830257
hyuA_predicted,0.08333333333333333,11,11,TCCCGGTGTCCATGTAGATG,0,1856040
hyuA_predicted,0.08333333333333333,11,11,TCCCATCTTGGGGCTATAAG,0,1852520
hyuA_predicted,0.08333333333333333,11,11,TCCAACTATTGAAAAGCTGT,0,1841175
hyuA_predicted,0.08333333333333333,11,11,TCATGAAGCCTGCCCGCCAT,0,1843520
hyuA_predicted,0.08333333333333333,11,11,TCATCTGTCTAACGTAAGGC,0,1864444
hyuA_predicted,0.08333333333333333,11,11,TCAGTTTATCTGGTCTCTGG,0,1842529
hyuA_predicted,0.08333333333333333,11,11,TCAGGTTTGGCGGGTCTGAA,0,1864999
hyuA_predicted,0.08333333333333333,11,11,TCAGGGCTGCAGGGGATAAA,0,1831837
hyuA_predicted,0.08333333333333333,11,11,TCAGCTGGAGTGGCCTACTA,0,1855367
hyuA_predicted,0.08333333333333333,11,11,TCAGCAGTGCTATCGAGAGA,0,1862884
hyuA_predicted,0.08333333333333333,11,11,TCACAATTTTTCGTTTCATT,0,1832851
hyuA_predicted,0.08333333333333333,11,11,TCAAGGGGAACCGCATCCAT,0,1853461
hyuA_predicted,0.08333333333333333,11,11,TATGCCCTGAGCCTATCAAG,0,1871035
hyuA_predicted,0.08333333333333333,11,11,TATGCATTATCGGGGTTATA,0,1828909
hyuA_predicted,0.08333333333333333,11,11,TATGAGTTCGGTATCGCATG,0,1853917
hyuA_predicted,0.08333333333333333,11,11,TATCCGAAGGGCTGAGCTAG,0,1840122
hyuA_predicted,0.08333333333333333,11,11,TAGGCCTTGGGGGTTAGTAG,0,1850403
hyuA_predicted,0.08333333333333333,11,11,TAGGATCTTTTGGGAGACTG,0,1846041
hyuA_predicted,0.08333333333333333,11,11,TAGGAAGTGACTCGCGTTAC,0,1853802
hyuA_predicted,0.08333333333333333,11,11,TAGCCGGTTGGACGTTGCTG,0,1871826
hyuA_predicted,0.08333333333333333,11,11,TAGCAACACACAGTGACTTT,0,1843779
hyuA_predicted,0.08333333333333333,11,11,TAGAGTAACATGAAAAACCA,0,1872898
hyuA_predicted,0.08333333333333333,11,11,TACTTACTCGTATCGATATT,0,1852054
hyuA_predicted,0.08333333333333333,11,11,TACCGTCGGCGACAAGTTCT,0,1874798
hyuA_predicted,0.08333333333333333,11,11,TACCAGTTAAGGACTGAGGG,0,1859905
hyuA_predicted,0.08333333333333333,11,11,TACATGAAACATTAGGATCT,0,1829073
hyuA_predicted,0.08333333333333333,11,11,TACACGCAATGCACCTCGTG,0,1873153
hyuA_predicted,0.08333333333333333,11,11,TACAACGAGTGTTGTATCAC,0,1850090
hyuA_predicted,0.08333333333333333,11,11,TAATATTCCCAATAAACTAA,0,1834445
hyuA_predicted,0.08333333333333333,11,11,TAAGTCCCACTCAAAGTAAT,0,1865661
hyuA_predicted,0.08333333333333333,11,11,TAAGCTAGACGTACGCACCA,0,1877315
hyuA_predicted,0.08333333333333333,11,11,TAAGCAGATGAGCCAGCATT,0,1852626
hyuA_predicted,0.08333333333333333,11,11,TAACGAAAAGTCAGATGAGG,0,1866977
hyuA_predicted,0.08333333333333333,11,11,TAACCATCCTCTGCATTGTG,0,1859644
hyuA_predicted,0.08333333333333333,11,11,TAAATACACCGGGGCCATGA,0,1842508
hyuA_predicted,0.08333333333333333,11,11,TAAAGTTTGACCTCGTGATT,0,1840588
hyuA_predicted,0.08333333333333333,11,11,TAAACTAGACGGCAGGTCAA,0,1834678
hyuA_predicted,0.08333333333333333,11,11,GTTTCTTATACTACCTGATA,0,1853594
hyuA_predicted,0.08333333333333333,11,11,GTTTCTCCTGAACCCCCTGA,0,1840209
hyuA_predicted,0.08333333333333333,11,11,GTTATTATCAGGCGAGGCAT,0,1836366
hyuA_predicted,0.08333333333333333,11,11,GTTAGGTCGCAAATTAACGC,0,1839583
hyuA_predicted,0.08333333333333333,11,11,GTGTTGAGATACTTGGTGTG,0,1851374
hyuA_predicted,0.08333333333333333,11,11,GTGTGCCTGGCAGTTACGTG,0,1856791
hyuA_predicted,0.08333333333333333,11,11,GTGGTGTTATCCGAGCGTTC,0,1859357
hyuA_predicted,0.08333333333333333,11,11,GTGGACTTATCACGGGACTG,0,1845409
hyuA_predicted,0.08333333333333333,11,11,GTGAAAACTGTCCACGGGGA,0,1832545
hyuA_predicted,0.08333333333333333,11,11,GTCTGTACATGCCAGGTGCG,0,1868411
hyuA_predicted,0.08333333333333333,11,11,GTCGTTCTCCCCTCCTCCAT,0,1864386
hyuA_predicted,0.08333333333333333,11,11,GTCACTTGAATGGTGTACTA,0,1873676
hyuA_predicted,0.08333333333333333,11,11,GTCACTGCATCCTCGTACGC,0,1859380
hyuA_predicted,0.08333333333333333,11,11,GTATGTGTGAAGTGTTTCCT,0,1835752
hyuA_predicted,0.08333333333333333,11,11,GTATGCGTTCGAGGGGGTTA,0,1846984
hyuA_predicted,0.08333333333333333,11,11,GTATCGGTACAGTCGTGCCC,0,1861901
hyuA_predicted,0.08333333333333333,11,11,GTAGTAGTTTAGCAAAAATC,0,1849145
hyuA_predicted,0.08333333333333333,11,11,GTAGTAGGTATCTAAGGGGA,0,1845983
hyuA_predicted,0.08333333333333333,11,11,GTACGACTCAAAGCAGGGTG,0,1856477
hyuA_predicted,0.08333333333333333,11,11,GTACATCTACGTGTATCTTA,0,1834038
hyuA_predicted,0.08333333333333333,11,11,GGTTGACAGTCACAAGGGCC,0,1870697
hyuA_predicted,0.08333333333333333,11,11,GGTGCCAATGGGCGGTCACG,0,1838446
hyuA_predicted,0.08333333333333333,11,11,GGTGATTAAAACCGCCCCAA,0,1863254
hyuA_predicted,0.08333333333333333,11,11,GGTCTATGGTCACTTTCAGT,0,1862461
hyuA_predicted,0.08333333333333333,11,11,GGTACCGCCGCAAGCTTACT,0,1870208
hyuA_predicted,0.08333333333333333,11,11,GGGTTGCACGTCAACAGAGA,0,1857764
hyuA_predicted,0.08333333333333333,11,11,GGGTCTCCTTTGTCGGAAAG,0,1873432
hyuA_predicted,0.08333333333333333,11,11,GGGTATCTGACCCACAGGTG,0,1856674
hyuA_predicted,0.08333333333333333,11,11,GGGGGAGATTGACTTGACAG,0,1830515
hyuA_predicted,0.08333333333333333,11,11,GGGCTGAGTTGCACTTTATC,0,1863398
hyuA_predicted,0.08333333333333333,11,11,GGGATGCGTGTCAGCGAGTG,0,1871454
hyuA_predicted,0.08333333333333333,11,11,GGGAGTTCTAGTTGACACGT,0,1835148
hyuA_predicted,0.08333333333333333,11,11,GGGAGTGTAACGAGACACTC,0,1854079
hyuA_predicted,0.08333333333333333,11,11,GGCTTTAAAGATCTGGTAGA,0,1847414
hyuA_predicted,0.08333333333333333,11,11,GGCTGAGCCATAAGCTGCAA,0,1832773
hyuA_predicted,0.08333333333333333,11,11,GGCGCCATTTTGGCGACCGG,0,1836946
hyuA_predicted,0.08333333333333333,11,11,GGCCATCCGTGGTAGCGTAG,0,1866695
hyuA_predicted,0.08333333333333333,11,11,GGCATCTATATACGATATAG,0,1866555
hyuA_predicted,0.08333333333333333,11,11,GGCAGTGAAGGTGTTTTACT,0,1856125
hyuA_predicted,0.08333333333333333,11,11,GGCAGTATAAAGTATCGGGA,0,1858838
hyuA_predicted,0.08333333333333333,11,11,GGATTTACAGTCAAGATACG,0,1865167
hyuA_predicted,0.08333333333333333,11,11,GGATGGGCTGGATCCCTTTA,0,1875205
hyuA_predicted,0.08333333333333333,11,11,GGATAGCTTCGCAACCCGTA,0,1841046
hyuA_predicted,0.08333333333333333,11,11,GGAGTCCAGGCAACTAGAGA,0,1829358
hyuA_predicted,0.08333333333333333,11,11,GGACTTTGTAGATATAACCT,0,1862144
hyuA_predicted,0.08333333333333333,11,11,GGACGTCCAGGACTCCGGGA,0,1870861
hyuA_predicted,0.08333333333333333,11,11,GGACGCCATGACCATGCTAA,0,1850803
hyuA_predicted,0.08333333333333333,11,11,GGACCAGGTCTCCAGGTGTG,0,1841506
hyuA_predicted,0.08333333333333333,11,11,GGACAGGGATAAAGTATTAG,0,1873729
hyuA_predicted,0.08333333333333333,11,11,GGAAACTGCCCCAGTCTTGC,0,1838847
hyuA_predicted,0.08333333333333333,11,11,GCTTCCAAATCACCGAGGTT,0,1845077
hyuA_predicted,0.08333333333333333,11,11,GCTTACCCTCCCCACTCAAG,0,1845483
hyuA_predicted,0.08333333333333333,11,11,GCTATTGAGCTGGATTCTCT,0,1858354
hyuA_predicted,0.08333333333333333,11,11,GCTACATGCGCTGAAATTCG,0,1841465
hyuA_predicted,0.08333333333333333,11,11,GCGTCCGGAGCGAAGATACT,0,1863937
hyuA_predicted,0.08333333333333333,11,11,GCGGCATCGCGATAGGGAAG,0,1846890
hyuA_predicted,0.08333333333333333,11,11,GCGCTGCCTAGCGGGGGTAT,0,1861832
hyuA_predicted,0.08333333333333333,11,11,GCGCTACCGCCTTGGGTAGA,0,1866560
hyuA_predicted,0.08333333333333333,11,11,GCGCGAAAGGCCTCGCAGCA,0,1861822
hyuA_predicted,0.08333333333333333,11,11,GCGCCAAAAACAGGCAAGAT,0,1865791
hyuA_predicted,0.08333333333333333,11,11,GCGAGCTATATAGAGGATCA,0,1850808
hyuA_predicted,0.08333333333333333,11,11,GCCTATTTAGTTACATATCT,0,1863915
hyuA_predicted,0.08333333333333333,11,11,GCCGGACGACTCAGGTGATT,0,1831086
hyuA_predicted,0.08333333333333333,11,11,GCCCATACCCGGTCAATTAG,0,1842253
hyuA_predicted,0.08333333333333333,11,11,GCATACCGGAGGCTTCTTAC,0,1834424
hyuA_predicted,0.08333333333333333,11,11,GCAGTGCAGATCGGACTTCA,0,1859287
hyuA_predicted,0.08333333333333333,11,11,GCACGGCGATGGGAGTAGGC,0,1858259
hyuA_predicted,0.08333333333333333,11,11,GCACAGAATTTCTATCCGAT,0,1863429
hyuA_predicted,0.08333333333333333,11,11,GCAACTGCCCTGCCAGCATG,0,1877426
hyuA_predicted,0.08333333333333333,11,11,GATGTACATCTCGTAGGCGG,0,1841405
hyuA_predicted,0.08333333333333333,11,11,GATATGTTAACGCATCGAGC,0,1849484
hyuA_predicted,0.08333333333333333,11,11,GATATGGACACGCATTAAAC,0,1838324
hyuA_predicted,0.08333333333333333,11,11,GATATCGAGTCGCGGAAATT,0,1838768
hyuA_predicted,0.08333333333333333,11,11,GATAGCTGTATCGGGTCAAG,0,1840211
hyuA_predicted,0.08333333333333333,11,11,GATAAATAGGCACAAAATGT,0,1843827
hyuA_predicted,0.08333333333333333,11,11,GAGTTTACGAACAGCCAGGT,0,1870458
hyuA_predicted,0.08333333333333333,11,11,GAGTCCTTGGTGCGTGAGGT,0,1829265
hyuA_predicted,0.08333333333333333,11,11,GAGTAGCGTAAGGCCAATCG,0,1870724
hyuA_predicted,0.08333333333333333,11,11,GAGCACATTACCCCAGCGGT,0,1845493
hyuA_predicted,0.08333333333333333,11,11,GAGAGCTGACTACTATCAGA,0,1858332
hyuA_predicted,0.08333333333333333,11,11,GACTTGAAGGGGTTGATGAA,0,1836154
hyuA_predicted,0.08333333333333333,11,11,GACGATCTGTTTTGAAACGT,0,1831740
hyuA_predicted,0.08333333333333333,11,11,GACCTTCCTCAGCCCCAGAC,0,1860091
hyuA_predicted,0.08333333333333333,11,11,GACACTAACCATGGTCGACC,0,1848246
hyuA_predicted,0.08333333333333333,11,11,GACAAGCATTAAAGCGCCAT,0,1860875
hyuA_predicted,0.08333333333333333,11,11,GACAACACGGGGACCTCTTC,0,1854965
hyuA_predicted,0.08333333333333333,11,11,GAATCCGGCCGTTGTAGAGA,0,1846290
hyuA_predicted,0.08333333333333333,11,11,GAAGGTTGAGTAGCAACACT,0,1867335
hyuA_predicted,0.08333333333333333,11,11,GAAGCTAGATACCCCAGTGT,0,1831041
hyuA_predicted,0.08333333333333333,11,11,GAAGCCCCTTGGTTAAATTG,0,1833343
hyuA_predicted,0.08333333333333333,11,11,GAAGAGGTTTCATGAATTCG,0,1861343
hyuA_predicted,0.08333333333333333,11,11,GAACTGATTGCGGCTGCTAG,0,1848401
hyuA_predicted,0.08333333333333333,11,11,GAACGTCAGGGCCTCACACG,0,1867133
hyuA_predicted,0.08333333333333333,11,11,GAACGGGACGGCCGTGTCCT,0,1835470
hyuA_predicted,0.08333333333333333,11,11,GAACATCACTGGGAATCCGT,0,1854914
hyuA_predicted,0.08333333333333333,11,11,GAAACATGACCTCGGGTTAC,0,1876204
hyuA_predicted,0.08333333333333333,11,11,CTTTCGTGCAAGACGACTTG,0,1837812
hyuA_predicted,0.08333333333333333,11,11,CTTGATTCATTATCTATATG,0,1833710
hyuA_predicted,0.08333333333333333,11,11,CTTGAGCACCATGTGTTTGT,0,1830131
hyuA_predicted,0.08333333333333333,11,11,CTTCTTGCGCTTTGGACTCA,0,1846179
hyuA_predicted,0.08333333333333333,11,11,CTTCTTGCGAAACGTTAAGG,0,1857444
hyuA_predicted,0.08333333333333333,11,11,CTTCAGAGTGTCTTAGTCAG,0,1844151
hyuA_predicted,0.08333333333333333,11,11,CTGTTTTCGGTTGAGACGCT,0,1864751
hyuA_predicted,0.08333333333333333,11,11,CTGGTCTAGGCGTCGCGTTA,0,1873208
hyuA_predicted,0.08333333333333333,11,11,CTGGGCGAAAATGCTCAATA,0,1841929
hyuA_predicted,0.08333333333333333,11,11,CTGAGCGGTGCGGATCGCGT,0,1855718
hyuA_predicted,0.08333333333333333,11,11,CTGACTCTAATCCCGGGCTT,0,1860344
hyuA_predicted,0.08333333333333333,11,11,CTGACCACCAGCGACATCAC,0,1876703
hyuA_predicted,0.08333333333333333,11,11,CTCTCCCCGGATCATCATCG,0,1830821
hyuA_predicted,0.08333333333333333,11,11,CTCGCGCACCCGGACTGTAC,0,1851997
hyuA_predicted,0.08333333333333333,11,11,CTCCGGGTCCGTAGAGTCCA,0,1846636
hyuA_predicted,0.08333333333333333,11,11,CTCCACTTACTCATAACACA,0,1834204
hyuA_predicted,0.08333333333333333,11,11,CTCAGGTCGTTTTCACCTGT,0,1856571
hyuA_predicted,0.08333333333333333,11,11,CTAGGTCAAGGACATTTAGA,0,1863821
hyuA_predicted,0.08333333333333333,11,11,CTAGAGAAAGGAAGGTGCAG,0,1864991
hyuA_predicted,0.08333333333333333,11,11,CTACTCGCCACGGGGTTGAA,0,1864052
hyuA_predicted,0.08333333333333333,11,11,CTACGGCACACAGGTAGGGA,0,1867638
hyuA_predicted,0.08333333333333333,11,11,CTACCGTATTGCTGATCTGT,0,1852401
hyuA_predicted,0.08333333333333333,11,11,CGTTTTTCCGTTCAATAAAC,0,1864426
hyuA_predicted,0.08333333333333333,11,11,CGTGTATGATCAAAGAAGTT,0,1872352
hyuA_predicted,0.08333333333333333,11,11,CGTCTCGCATACTCGCCCAA,0,1843413
hyuA_predicted,0.08333333333333333,11,11,CGTCAAAGTATCGGCATTGG,0,1868346
hyuA_predicted,0.08333333333333333,11,11,CGGTTGTAGACCCCTTTGCT,0,1867144
hyuA_predicted,0.08333333333333333,11,11,CGGTGGTAATATCCTGCTAT,0,1874396
hyuA_predicted,0.08333333333333333,11,11,CGGGTAACAAAGGAGTTGGA,0,1853367
hyuA_predicted,0.08333333333333333,11,11,CGGCGAAACCACATGCGTCC,0,1832033
hyuA_predicted,0.08333333333333333,11,11,CGGATGCGACACCTCGCTAT,0,1851831
hyuA_predicted,0.08333333333333333,11,11,CGGAGTCCCTTCGAAGGCAT,0,1869144
hyuA_predicted,0.08333333333333333,11,11,CGCTGCGACGCTAACTATCG,0,1855331
hyuA_predicted,0.08333333333333333,11,11,CGCGTCGTCCATGTAGCAGG,0,1848082
hyuA_predicted,0.08333333333333333,11,11,CGCGTCATATAACATGCGCC,0,1872107
hyuA_predicted,0.08333333333333333,11,11,CGATTTGTAACTCGGCCTAA,0,1872330
hyuA_predicted,0.08333333333333333,11,11,CGATCGTCAGGTGTAACGTC,0,1833405
hyuA_predicted,0.08333333333333333,11,11,CGATATTTGCTAGTATACTA,0,1832792
hyuA_predicted,0.08333333333333333,11,11,CGATACCTCGTTCAGTGGAA,0,1829373
hyuA_predicted,0.08333333333333333,11,11,CGATAATACATCAACCTGGC,0,1837727
hyuA_predicted,0.08333333333333333,11,11,CGACCTTAAGCAGAGAGTAA,0,1869101
hyuA_predicted,0.08333333333333333,11,11,CGAACTCTCTCGAGCGCAGG,0,1861598
hyuA_predicted,0.08333333333333333,11,11,CGAACGGAGTCCAATTTCAT,0,1869503
hyuA_predicted,0.08333333333333333,11,11,CGAACGCTGTCTCCTTAAGG,0,1875232
hyuA_predicted,0.08333333333333333,11,11,CGAACAGGGGTTATTTGACG,0,1831982
hyuA_predicted,0.08333333333333333,11,11,CCTTGGCCGTTTTAGATTCG,0,1847864
hyuA_predicted,0.08333333333333333,11,11,CCTTACATCAGCCAGTCCAG,0,1848666
hyuA_predicted,0.08333333333333333,11,11,CCTTAACCTGTGAAAGGCTC,0,1860663
hyuA_predicted,0.08333333333333333,11,11,CCTGGCCAGTGTAGGGTATG,0,1851974
hyuA_predicted,0.08333333333333333,11,11,CCTGACCGGCCGGCTTTGCG,0,1845571
hyuA_predicted,0.08333333333333333,11,11,CCTATCTAGAGGCCATGCGC,0,1845944
hyuA_predicted,0.08333333333333333,11,11,CCTAGAGCGACGAGTAGAGT,0,1866863
hyuA_predicted,0.08333333333333333,11,11,CCTACAACGTAAAAACCCTA,0,1866532
hyuA_predicted,0.08333333333333333,11,11,CCGTGGTTGCAGTCAAGACA,0,1865115
hyuA_predicted,0.08333333333333333,11,11,CCGTCAACGTTGTGCGCTTA,0,1867304
hyuA_predicted,0.08333333333333333,11,11,CCGGGTGACGGGAGGTGCAC,0,1836450
hyuA_predicted,0.08333333333333333,11,11,CCGAATAGTTAATTGTGGTT,0,1870808
hyuA_predicted,0.08333333333333333,11,11,CCCGGACCAAGGAGCCCATA,0,1842987
hyuA_predicted,0.08333333333333333,11,11,CCCGCGCCGTAATGTAGACT,0,1868344
hyuA_predicted,0.08333333333333333,11,11,CCCGATTCCCGTGCAACGTA,0,1856396
hyuA_predicted,0.08333333333333333,11,11,CCCCGACACGGGTCACTGCT,0,1846726
hyuA_predicted,0.08333333333333333,11,11,CCCCCACGCCAATGTTCCAA,0,1856032
hyuA_predicted,0.08333333333333333,11,11,CCCAGCATATCAGGGATTAC,0,1831088
hyuA_predicted,0.08333333333333333,11,11,CCCAAGTCTGGTGCACCAAA,0,1854651
hyuA_predicted,0.08333333333333333,11,11,CCCAACTCGCACTACGTATT,0,1852092
hyuA_predicted,0.08333333333333333,11,11,CCATCTAGATAAAGTGTGCG,0,1837318
hyuA_predicted,0.08333333333333333,11,11,CCATCACTCCCCCGTTTTAT,0,1861239
hyuA_predicted,0.08333333333333333,11,11,CCATATTACCTCGGACAATG,0,1833873
hyuA_predicted,0.08333333333333333,11,11,CCAGTTTGTTTGTGAGCTTA,0,1842504
hyuA_predicted,0.08333333333333333,11,11,CCACAGCAAGAGCGGTGAAA,0,1861373
hyuA_predicted,0.08333333333333333,11,11,CCAATGTCAGAAAATCGATG,0,1865072
hyuA_predicted,0.08333333333333333,11,11,CCAAATGTCTACTAACACAC,0,1834157
hyuA_predicted,0.08333333333333333,11,11,CATGCGTTCCCAGTGTCCGA,0,1871654
hyuA_predicted,0.08333333333333333,11,11,CATGAGCTCTATCGAGTATG,0,1867052
hyuA_predicted,0.08333333333333333,11,11,CATCTCTCGCCCATCCTTTT,0,1830876
hyuA_predicted,0.08333333333333333,11,11,CATATACTTTCGAACTGAAA,0,1851696
hyuA_predicted,0.08333333333333333,11,11,CAGGGGTATCACGCGACAGA,0,1845826
hyuA_predicted,0.08333333333333333,11,11,CAGAAAGTAAGCAAGCACTA,0,1860883
hyuA_predicted,0.08333333333333333,11,11,CACTCTTCTGCATGTTAAAC,0,1828911
hyuA_predicted,0.08333333333333333,11,11,CACTCGGCGAACGATTGTGC,0,1837208
hyuA_predicted,0.08333333333333333,11,11,CACGGTCCTGGCGTAGACTG,0,1833245
hyuA_predicted,0.08333333333333333,11,11,CACGCAGTTTCCACCACCTG,0,1845836
hyuA_predicted,0.08333333333333333,11,11,CACCTTGCTAGGTCTCGAAT,0,1852126
hyuA_predicted,0.08333333333333333,11,11,CACCGTCTAAGAGGGGGCGG,0,1867470
hyuA_predicted,0.08333333333333333,11,11,CACCGCTGACACATCTGAGG,0,1832456
hyuA_predicted,0.08333333333333333,11,11,CACCGCCTCTGTTAAGCACA,0,1838347
hyuA_predicted,0.08333333333333333,11,11,CACCGATTTTTAAGCGCAAG,0,1874394
hyuA_predicted,0.08333333333333333,11,11,CACATTCATCGACATTTTTA,0,1843589
hyuA_predicted,0.08333333333333333,11,11,CACAGTCTGCTAGTATGGCG,0,1833635
hyuA_predicted,0.08333333333333333,11,11,CACAAGGGATTAGCACGTAA,0,1865857
hyuA_predicted,0.08333333333333333,11,11,CACAACTACCAGGCAAACAG,0,1848393
hyuA_predicted,0.08333333333333333,11,11,CAATGTACATGAAATCCGGA,0,1843263
hyuA_predicted,0.08333333333333333,11,11,CAAGGATACGCGAGTACATC,0,1843042
hyuA_predicted,0.08333333333333333,11,11,CAACGGTTCCAGTGGAGAAG,0,1870355
hyuA_predicted,0.08333333333333333,11,11,ATTTAACGGTATTAACGCTA,0,1853052
hyuA_predicted,0.08333333333333333,11,11,ATTGTCATTCGGGGTCGTCC,0,1843642
hyuA_predicted,0.08333333333333333,11,11,ATTGGCTCATTACGGACGGA,0,1861720
hyuA_predicted,0.08333333333333333,11,11,ATTCCCCGCGGACGCATAGC,0,1852742
hyuA_predicted,0.08333333333333333,11,11,ATTCCCCGATATACGGTAGG,0,1868242
hyuA_predicted,0.08333333333333333,11,11,ATTATTCGACCAGCTGCACT,0,1830729
hyuA_predicted,0.08333333333333333,11,11,ATTATACCGCGACCGGAGGT,0,1874933
hyuA_predicted,0.08333333333333333,11,11,ATTACTACTCCCGAACTCAG,0,1862879
hyuA_predicted,0.08333333333333333,11,11,ATTACGCCGCCATCGTGCTT,0,1871128
hyuA_predicted,0.08333333333333333,11,11,ATGTTTGGAGCTCGCTTTAA,0,1858098
hyuA_predicted,0.08333333333333333,11,11,ATGTTGTTCGATGGTATGTT,0,1856926
hyuA_predicted,0.08333333333333333,11,11,ATGTTCACGGGAAAGATTTA,0,1835502
hyuA_predicted,0.08333333333333333,11,11,ATGTTATTCGAACGCACGTT,0,1867749
hyuA_predicted,0.08333333333333333,11,11,ATGTACGGGTCTGTTTGGCA,0,1829424
hyuA_predicted,0.08333333333333333,11,11,ATGGATTTGGAATTTGCACT,0,1863509
hyuA_predicted,0.08333333333333333,11,11,ATGCCCCGGGTCGCGCACTT,0,1833360
hyuA_predicted,0.08333333333333333,11,11,ATCTTCGAAGAATCGTAACA,0,1867956
hyuA_predicted,0.08333333333333333,11,11,ATCTAGAAACGCATCAGGAC,0,1876528
hyuA_predicted,0.08333333333333333,11,11,ATCGCGACCAACCGCTAGCG,0,1858818
hyuA_predicted,0.08333333333333333,11,11,ATCGATAAGGCGCCCTGGAA,0,1868473
hyuA_predicted,0.08333333333333333,11,11,ATCGACAAAATAAGGTTACG,0,1838857
hyuA_predicted,0.08333333333333333,11,11,ATCAGTATCCGGATGGACCT,0,1863914
hyuA_predicted,0.08333333333333333,11,11,ATAGGATATCACTGGCTTCT,0,1846043
hyuA_predicted,0.08333333333333333,11,11,ATAGCCTCTGTCATCGGGGG,0,1850449
hyuA_predicted,0.08333333333333333,11,11,ATACCAACCCGTGGGCCGAA,0,1846434
hyuA_predicted,0.08333333333333333,11,11,ATAATTAATCGCAATTAGAG,0,1875883
hyuA_predicted,0.08333333333333333,11,11,ATAAACCTTGGACGAGGTCT,0,1848473
hyuA_predicted,0.08333333333333333,11,11,AGTTGCCTGCCGGTCCCACA,0,1850838
hyuA_predicted,0.08333333333333333,11,11,AGTTAGCGATAGAAGCAAAT,0,1839861
hyuA_predicted,0.08333333333333333,11,11,AGTTACCCCCTGCGTGGTGG,0,1868938
hyuA_predicted,0.08333333333333333,11,11,AGTGCTTAAAGGCCGTTATA,0,1830676
hyuA_predicted,0.08333333333333333,11,11,AGTGATTATGGTAGTACATG,0,1858577
hyuA_predicted,0.08333333333333333,11,11,AGTGACATAGATGGAGGTTC,0,1829256
hyuA_predicted,0.08333333333333333,11,11,AGTCTTTATTTATTCGGGGT,0,1854189
hyuA_predicted,0.08333333333333333,11,11,AGGTCAGTGATCACACTTAT,0,1854713
hyuA_predicted,0.08333333333333333,11,11,AGGGTACGGGGAAGTTACGA,0,1864786
hyuA_predicted,0.08333333333333333,11,11,AGGGGTCCAGATAGGGGTAT,0,1842871
hyuA_predicted,0.08333333333333333,11,11,AGGGCGTGGAGACATTCTTC,0,1833408
hyuA_predicted,0.08333333333333333,11,11,AGGGAGACCGATGAATCACG,0,1868389
hyuA_predicted,0.08333333333333333,11,11,AGGCTGATTTTTAGGACCAG,0,1873632
hyuA_predicted,0.08333333333333333,11,11,AGGCGAATGCTGGAAGATAC,0,1867314
hyuA_predicted,0.08333333333333333,11,11,AGGATACGTCACCGTAAGAA,0,1867633
hyuA_predicted,0.08333333333333333,11,11,AGCTCTCCTCCCTCTGACTA,0,1840785
hyuA_predicted,0.08333333333333333,11,11,AGCTCAATACAATGGACAGT,0,1831961
hyuA_predicted,0.08333333333333333,11,11,AGCCTATGTATTAGCGGCGG,0,1874946
hyuA_predicted,0.08333333333333333,11,11,AGCATGTGTAATCTTCCTCG,0,1834324
hyuA_predicted,0.08333333333333333,11,11,AGCACTATAGACTACTGTTA,0,1833095
hyuA_predicted,0.08333333333333333,11,11,AGATATCGGCTCCGTCCTGT,0,1869862
hyuA_predicted,0.08333333333333333,11,11,AGAGCCTATGTTCACCTTCG,0,1874791
hyuA_predicted,0.08333333333333333,11,11,AGACCATGTTTCAGCATGCA,0,1874737
hyuA_predicted,0.08333333333333333,11,11,AGACAGTTTCATAGGTGCCA,0,1876424
hyuA_predicted,0.08333333333333333,11,11,AGAAGCCTCGATTTATACTC,0,1848825
hyuA_predicted,0.08333333333333333,11,11,ACTGTTGGGGCGATTATCTA,0,1852769
hyuA_predicted,0.08333333333333333,11,11,ACTGCCGCATGCAGAACAAC,0,1851859
hyuA_predicted,0.08333333333333333,11,11,ACTATGAGCCAATTACCCCA,0,1852308
hyuA_predicted,0.08333333333333333,11,11,ACTACCGGGATCATCGGTAC,0,1829283
hyuA_predicted,0.08333333333333333,11,11,ACTAACGTCGAACAAGCTAC,0,1842619
hyuA_predicted,0.08333333333333333,11,11,ACGGGGTTGCGCCGTTATGT,0,1869069
hyuA_predicted,0.08333333333333333,11,11,ACGGGGGATTCCATAAGGTC,0,1867419
hyuA_predicted,0.08333333333333333,11,11,ACGCTCGATGATCAGACTGG,0,1838949
hyuA_predicted,0.08333333333333333,11,11,ACCTCGCGCAATCAGGTTTT,0,1869605
hyuA_predicted,0.08333333333333333,11,11,ACCTCATCCTATTAAAACAA,0,1862356
hyuA_predicted,0.08333333333333333,11,11,ACCGCCTTAAGCCAGATGGT,0,1859883
hyuA_predicted,0.08333333333333333,11,11,ACCCCGCCCGTAGCCCTATC,0,1837551
hyuA_predicted,0.08333333333333333,11,11,ACCAAACATTCGTAGTTGCA,0,1857547
hyuA_predicted,0.08333333333333333,11,11,ACAGGTAGGTCCAGAACGAC,0,1842600
hyuA_predicted,0.08333333333333333,11,11,ACAGCTAACCGCGAATCAAG,0,1844065
hyuA_predicted,0.08333333333333333,11,11,ACACATTCCGGGCGTAGGCT,0,1837282
hyuA_predicted,0.08333333333333333,11,11,ACAATGACATGAGATAGGAA,0,1877816
hyuA_predicted,0.08333333333333333,11,11,ACAATCGGGCCTTGATAAGG,0,1854411
hyuA_predicted,0.08333333333333333,11,11,ACAAGGGTTTTTCGAGTACT,0,1834337
hyuA_predicted,0.08333333333333333,11,11,ACAACCCACGTGGGTAGATT,0,1852298
hyuA_predicted,0.08333333333333333,11,11,AATTCCCGGGCGTCAAAGTG,0,1842609
hyuA_predicted,0.08333333333333333,11,11,AATCCCGGTTTACATGGACG,0,1858565
hyuA_predicted,0.08333333333333333,11,11,AATCACTTACAGGTTCTAAA,0,1876918
hyuA_predicted,0.08333333333333333,11,11,AATAGTCGTGTCCGGAGACC,0,1871510
hyuA_predicted,0.08333333333333333,11,11,AATACTTGGCATTTTCTCGG,0,1868115
hyuA_predicted,0.08333333333333333,11,11,AATACTTAAAGCGGCCTAAA,0,1867093
hyuA_predicted,0.08333333333333333,11,11,AATAAGATAGATTCCCCAGT,0,1844208
hyuA_predicted,0.08333333333333333,11,11,AATAACACATGGGGCGGGGG,0,1840131
hyuA_predicted,0.08333333333333333,11,11,AATAAACGAAGGAGCTGGGT,0,1868475
hyuA_predicted,0.08333333333333333,11,11,AAGGTACTAAACCATCAGCC,0,1851871
hyuA_predicted,0.08333333333333333,11,11,AAGGCATGATTAGGTCTACA,0,1862264
hyuA_predicted,0.08333333333333333,11,11,AAGGATACACCCGATAGGTC,0,1834829
hyuA_predicted,0.08333333333333333,11,11,AAGGAATGACGACTCGCCAG,0,1854454
hyuA_predicted,0.08333333333333333,11,11,AAGCGTCTCCCCCTCCAATC,0,1858928
hyuA_predicted,0.08333333333333333,11,11,AAGCGGAATAGATTATGAAA,0,1866925
hyuA_predicted,0.08333333333333333,11,11,AAGCAATAATGACGATACTT,0,1831407
hyuA_predicted,0.08333333333333333,11,11,AAGACTCCTCTTTGCTAGGA,0,1854908
hyuA_predicted,0.08333333333333333,11,11,AACGACCATAGCAGTGGCCG,0,1841030
hyuA_predicted,0.08333333333333333,11,11,AACCGCACAGTCTATTATGT,0,1852616
hyuA_predicted,0.08333333333333333,11,11,AAAGTTCTAGGCTGATGGTG,0,1856098
hyuA_predicted,0.08333333333333333,11,11,AAAGGGTGAACATGTTAGAC,0,1856984
hyuA_predicted,0.08333333333333333,11,11,AAAGGGATAATAATTGGAGA,0,1839562
hyuA_predicted,0.08333333333333333,11,11,AAAGCCTACACGCTCAGTCG,0,1871540
hyuA_predicted,0.08333333333333333,11,11,AAAGACCCAACCTTTTAGGC,0,1860385
hyuA_predicted,0.08333333333333333,11,11,AAACTGAGTCCCGTTGAGGC,0,1848639
hyuA_predicted,0.08333333333333333,11,11,AAAACCAGTTCATATAGCGT,0,1856948
hyuA_predicted,0.09090909090909091,10,10,TTTGTCAGGTATCCGTCCAT,0,1841691
hyuA_predicted,0.09090909090909091,10,10,TTTGGGGTGGAAGGTAACGT,0,1847168
hyuA_predicted,0.09090909090909091,10,10,TTTGGATGCGAAAGTGTTCA,0,1867306
hyuA_predicted,0.09090909090909091,10,10,TTTGCGCCACACTATGACGA,0,1863602
hyuA_predicted,0.09090909090909091,10,10,TTTGCCATTACGCTTCTGCT,0,1849943
hyuA_predicted,0.09090909090909091,10,10,TTTCTTGTATATTCTCGTGG,0,1862498
hyuA_predicted,0.09090909090909091,10,10,TTTCTCCCTCGTACTCATGT,0,1853293
hyuA_predicted,0.09090909090909091,10,10,TTTCCTTGGCTAGGAACGAA,0,1839565
hyuA_predicted,0.09090909090909091,10,10,TTTCCTATCTGGAAGTCGGT,0,1843462
hyuA_predicted,0.09090909090909091,10,10,TTTAACGTAGGCAGTCGGAG,0,1839305
hyuA_predicted,0.09090909090909091,10,10,TTGTGTGCTCTTTTGCCAAA,0,1856516
hyuA_predicted,0.09090909090909091,10,10,TTGTCTGGCAACAACCGGGA,0,1831817
hyuA_predicted,0.09090909090909091,10,10,TTGTATTGCCAAGTGACTCA,0,1867557
hyuA_predicted,0.09090909090909091,10,10,TTGTATGCCATAGCTTCGTG,0,1873928
hyuA_predicted,0.09090909090909091,10,10,TTGGCTCGACGTGGTTCTGT,0,1861752
hyuA_predicted,0.09090909090909091,10,10,TTGGCAGTCAGACGTGAGAG,0,1846603
hyuA_predicted,0.09090909090909091,10,10,TTGCACGCAGTGAGCCTTAG,0,1841397
hyuA_predicted,0.09090909090909091,10,10,TTCTGGGAGGGTATTACATG,0,1838304
hyuA_predicted,0.09090909090909091,10,10,TTCGTCACAAAATCGTCGAG,0,1843423
hyuA_predicted,0.09090909090909091,10,10,TTCGGGGAGCATTTCTGATT,0,1843992
hyuA_predicted,0.09090909090909091,10,10,TTCGAGAATGTATGCTTATC,0,1842484
hyuA_predicted,0.09090909090909091,10,10,TTCCTGCTTTGATCTGGCAC,0,1873376
hyuA_predicted,0.09090909090909091,10,10,TTCCGCGCGCTGCTGTGTCT,0,1852289
hyuA_predicted,0.09090909090909091,10,10,TTCCCACGAAGAGACCTTAT,0,1853654
hyuA_predicted,0.09090909090909091,10,10,TTCCAGACATATACGCGCAA,0,1863607
hyuA_predicted,0.09090909090909091,10,10,TTCCAAGCCCCGAGTGGGTA,0,1847507
hyuA_predicted,0.09090909090909091,10,10,TTCCAAGAGAATGACCACTA,0,1863041
hyuA_predicted,0.09090909090909091,10,10,TTCATACTGAGCGTTTCTTT,0,1831122
hyuA_predicted,0.09090909090909091,10,10,TTCAGGAGATGTCATCTGCT,0,1870471
hyuA_predicted,0.09090909090909091,10,10,TTCACTTTCGCCAATTACAA,0,1864561
hyuA_predicted,0.09090909090909091,10,10,TTATCGGACCGGCCCATGTT,0,1870613
hyuA_predicted,0.09090909090909091,10,10,TTATCCAAAAGGTGACCCTG,0,1854151
hyuA_predicted,0.09090909090909091,10,10,TTATATGGTCGTGGAAGAAA,0,1841376
hyuA_predicted,0.09090909090909091,10,10,TTAGTAGACATTGGCCCTCT,0,1843125
hyuA_predicted,0.09090909090909091,10,10,TTAGGGACACGTACGTTCAA,0,1873553
hyuA_predicted,0.09090909090909091,10,10,TTAAGTGTCATCACCTAGTA,0,1860553
hyuA_predicted,0.09090909090909091,10,10,TGTTTTGTGATAAAAGTGAA,0,1833674
hyuA_predicted,0.09090909090909091,10,10,TGTTACCACGCATGGGCATT,0,1854714
hyuA_predicted,0.09090909090909091,10,10,TGTGGGGCACTCGGGGCATT,0,1838496
hyuA_predicted,0.09090909090909091,10,10,TGTGAATTCGCGCGGGTATC,0,1850336
hyuA_predicted,0.09090909090909091,10,10,TGTCTGCGTGAGGTAGTCGG,0,1830657
hyuA_predicted,0.09090909090909091,10,10,TGTATCGGGCACGCACCATA,0,1856682
hyuA_predicted,0.09090909090909091,10,10,TGTACCGTAATGCCGTTAAC,0,1841658
hyuA_predicted,0.09090909090909091,10,10,TGGTTCCCGGAATGGGTTCA,0,1852355
hyuA_predicted,0.09090909090909091,10,10,TGGTTACGACGACAACGCCA,0,1868253
hyuA_predicted,0.09090909090909091,10,10,TGGCCCACGGGTAAATACAT,0,1846200
hyuA_predicted,0.09090909090909091,10,10,TGGAGACTCCGGGCTGTCTC,0,1843988
hyuA_predicted,0.09090909090909091,10,10,TGCTTACCCGGCCATGCTGT,0,1838190
hyuA_predicted,0.09090909090909091,10,10,TGCGTATCTTACCTAATAGG,0,1860784
hyuA_predicted,0.09090909090909091,10,10,TGCCCCCTAGGATGTCATTC,0,1838363
hyuA_predicted,0.09090909090909091,10,10,TGATTCGTACCTCAAGCTCC,0,1873593
hyuA_predicted,0.09090909090909091,10,10,TGATAAGGTGGGCGGAGGTC,0,1862271
hyuA_predicted,0.09090909090909091,10,10,TGAGGGGTTTTCGTTGCCTC,0,1861312
hyuA_predicted,0.09090909090909091,10,10,TGAGGCGGATTCGGATCGCT,0,1846360
hyuA_predicted,0.09090909090909091,10,10,TGACTACGCTGGGCGTGGAA,0,1871003
hyuA_predicted,0.09090909090909091,10,10,TGAAGCCAGTCCCGGGGATG,0,1832793
hyuA_predicted,0.09090909090909091,10,10,TCTTGAGTAGGCTTGTTGGG,0,1841742
hyuA_predicted,0.09090909090909091,10,10,TCTTATAGGTATCCTGGCAG,0,1871307
hyuA_predicted,0.09090909090909091,10,10,TCTTACAGCTATTACCCGAA,0,1853220
hyuA_predicted,0.09090909090909091,10,10,TCTGGACAAGGGGATTATTT,0,1832840
hyuA_predicted,0.09090909090909091,10,10,TCTACGTAATTTGTGGCTTA,0,1861925
hyuA_predicted,0.09090909090909091,10,10,TCTACAATCAAGCGCTGATG,0,1836840
hyuA_predicted,0.09090909090909091,10,10,TCGTCCGTCCGGTATGAGCT,0,1849473
hyuA_predicted,0.09090909090909091,10,10,TCGTAGTTAAGAACTAACTC,0,1852136
hyuA_predicted,0.09090909090909091,10,10,TCGTAATATCCATGCAAGGA,0,1874015
hyuA_predicted,0.09090909090909091,10,10,TCGGGGTCATTGGACGACGC,0,1850913
hyuA_predicted,0.09090909090909091,10,10,TCGGGATCAGAGGGCGCCCA,0,1872434
hyuA_predicted,0.09090909090909091,10,10,TCGACTGTGGGATAAGCTAG,0,1835318
hyuA_predicted,0.09090909090909091,10,10,TCCTTAAGTAAGATAGCTGG,0,1838922
hyuA_predicted,0.09090909090909091,10,10,TCCGGCGTTTCGCCTAATGT,0,1832455
hyuA_predicted,0.09090909090909091,10,10,TCCGAGATTTGAAGCTGCAG,0,1838296
hyuA_predicted,0.09090909090909091,10,10,TCCCGGCCGATAAACCGGGC,0,1875928
hyuA_predicted,0.09090909090909091,10,10,TCCCGGAGGCCACTACCGGA,0,1860301
hyuA_predicted,0.09090909090909091,10,10,TCCAAGGGTGTACAAACCGT,0,1855510
hyuA_predicted,0.09090909090909091,10,10,TCAGCGATTTGGTTCTCGCA,0,1861601
hyuA_predicted,0.09090909090909091,10,10,TCAGAGAGGGGAGACTTCGG,0,1867414
hyuA_predicted,0.09090909090909091,10,10,TCAGACGTTGACCGTTGGAA,0,1874953
hyuA_predicted,0.09090909090909091,10,10,TCAAGCGGGGTCTCGAACAA,0,1868292
hyuA_predicted,0.09090909090909091,10,10,TCAACAAACTGCAGGTGTCG,0,1854212
hyuA_predicted,0.09090909090909091,10,10,TATTCGTACCGTGCGCGCCC,0,1836491
hyuA_predicted,0.09090909090909091,10,10,TATGCTTATAGCCGGCAGTT,0,1830514
hyuA_predicted,0.09090909090909091,10,10,TATCGCGAGCATTATGGCTA,0,1868481
hyuA_predicted,0.09090909090909091,10,10,TATCCTCGTTAGAAGATGAA,0,1862004
hyuA_predicted,0.09090909090909091,10,10,TATCACATAGTTTCTCTTTA,0,1837423
hyuA_predicted,0.09090909090909091,10,10,TAGGGTCCAAAGAAGCTTGG,0,1855865
hyuA_predicted,0.09090909090909091,10,10,TAGATGGCGACCGCAATCAG,0,1842029
hyuA_predicted,0.09090909090909091,10,10,TAGACGCCCCGAACAGGAAG,0,1864286
hyuA_predicted,0.09090909090909091,10,10,TAGACACAGCGAGAAAGTAC,0,1838644
hyuA_predicted,0.09090909090909091,10,10,TACGTTCTCGCTTGGTATGA,0,1833446
hyuA_predicted,0.09090909090909091,10,10,TACGTCGATAGACTAGATGA,0,1834192
hyuA_predicted,0.09090909090909091,10,10,TACGGTTTTCGAGAATTGCG,0,1874770
hyuA_predicted,0.09090909090909091,10,10,TACGCCGGGAACCTAGTGGG,0,1836887
hyuA_predicted,0.09090909090909091,10,10,TACCCGGGTCCTAGGGTTCA,0,1857732
hyuA_predicted,0.09090909090909091,10,10,TAATCACACCGTTCTTTAAG,0,1833946
hyuA_predicted,0.09090909090909091,10,10,TAACTATTCTTTATATGTAA,0,1838819
hyuA_predicted,0.09090909090909091,10,10,TAACGCAGAAGAGGTGCATA,0,1864686
hyuA_predicted,0.09090909090909091,10,10,TAACAGCTCCCCACGGTTAT,0,1874440
hyuA_predicted,0.09090909090909091,10,10,TAAATACTAATTTGGTGCCC,0,1870019
hyuA_predicted,0.09090909090909091,10,10,TAAAAGGGCAGTATGGGGGA,0,1856747
hyuA_predicted,0.09090909090909091,10,10,GTTTGTCAACATACGAGGTT,0,1866760
hyuA_predicted,0.09090909090909091,10,10,GTTTGTACTGGTGGCCCTTC,0,1859470
hyuA_predicted,0.09090909090909091,10,10,GTTGTATTAACAATTAAATT,0,1859053
hyuA_predicted,0.09090909090909091,10,10,GTTGACGTGTCTGACTGCCC,0,1863527
hyuA_predicted,0.09090909090909091,10,10,GTTCATGGCCCCCTCAGATT,0,1868371
hyuA_predicted,0.09090909090909091,10,10,GTTATCGACTTAGTGCTTAG,0,1843336
hyuA_predicted,0.09090909090909091,10,10,GTTACCGACTTCCAGTTTAC,0,1846753
hyuA_predicted,0.09090909090909091,10,10,GTTAACGTTCCCTGCGCCGG,0,1876984
hyuA_predicted,0.09090909090909091,10,10,GTGTGTAGCTGAGGGCGCTA,0,1859049
hyuA_predicted,0.09090909090909091,10,10,GTGTCTGTGCCGTGTAGTTA,0,1871272
hyuA_predicted,0.09090909090909091,10,10,GTGTATAAAACTATGCCTAA,0,1874078
hyuA_predicted,0.09090909090909091,10,10,GTGCTTCTAGCGCATGTTCT,0,1858973
hyuA_predicted,0.09090909090909091,10,10,GTGCTATAAGAGTGCAGTGA,0,1860749
hyuA_predicted,0.09090909090909091,10,10,GTGAGTGGTATCCGGCCATT,0,1841792
hyuA_predicted,0.09090909090909091,10,10,GTGAGCTTAATATCTTAAGT,0,1841541
hyuA_predicted,0.09090909090909091,10,10,GTCTGTACGCGGGGGTCGCA,0,1832916
hyuA_predicted,0.09090909090909091,10,10,GTCGTCGTTTCAGTATCACT,0,1833119
hyuA_predicted,0.09090909090909091,10,10,GTCCATAGCGGGGCGAGGAC,0,1842190
hyuA_predicted,0.09090909090909091,10,10,GTCAGAGTCCTTAAGTACTG,0,1838770
hyuA_predicted,0.09090909090909091,10,10,GTCACGAGACCGCGTCACAG,0,1850338
hyuA_predicted,0.09090909090909091,10,10,GTATCTTCACTAGGCCGGGT,0,1843658
hyuA_predicted,0.09090909090909091,10,10,GTAGTACACGATCCAGGCAA,0,1848512
hyuA_predicted,0.09090909090909091,10,10,GTACAGAACTGAGCCTTTAC,0,1845846
hyuA_predicted,0.09090909090909091,10,10,GTAACATTGTGACTCGGGGA,0,1858937
hyuA_predicted,0.09090909090909091,10,10,GTAAAGTAGCTGCGGTGAGT,0,1834288
hyuA_predicted,0.09090909090909091,10,10,GGTTTCAACTAGCGAGGCCA,0,1835438
hyuA_predicted,0.09090909090909091,10,10,GGTGGGCCGAGCCAGTCCAC,0,1870891
hyuA_predicted,0.09090909090909091,10,10,GGTGCAATAGCAGGTACCTT,0,1862874
hyuA_predicted,0.09090909090909091,10,10,GGTCTGGGACAATGAAGTGT,0,1841257
hyuA_predicted,0.09090909090909091,10,10,GGGTGTTTAAATCTGTGGGA,0,1855220
hyuA_predicted,0.09090909090909091,10,10,GGGGTGGGTGTAGCCACATG,0,1851860
hyuA_predicted,0.09090909090909091,10,10,GGGGTATCCTCTACGTTCGC,0,1850926
hyuA_predicted,0.09090909090909091,10,10,GGGCTAACCGATTACTGTTT,0,1840379
hyuA_predicted,0.09090909090909091,10,10,GGGCGTTTACGTCAGTGCTT,0,1871302
hyuA_predicted,0.09090909090909091,10,10,GGGCCGTCTTGCTGGGGCTA,0,1839488
hyuA_predicted,0.09090909090909091,10,10,GGGATGAAACGGCAGGTAGC,0,1836783
hyuA_predicted,0.09090909090909091,10,10,GGGATAATCGGACAATGTCG,0,1868379
hyuA_predicted,0.09090909090909091,10,10,GGGATAACCAGCGCACAGGT,0,1829190
hyuA_predicted,0.09090909090909091,10,10,GGGAATTGTCTTTCGCGTGA,0,1872619
hyuA_predicted,0.09090909090909091,10,10,GGCTTCTGTACATGTGGTTT,0,1854101
hyuA_predicted,0.09090909090909091,10,10,GGCGTGGGTCGATTGTAGCA,0,1853323
hyuA_predicted,0.09090909090909091,10,10,GGCGGACTCAGATGGAGCAA,0,1853602
hyuA_predicted,0.09090909090909091,10,10,GGCGGAACCTATCTGGCGTA,0,1860118
hyuA_predicted,0.09090909090909091,10,10,GGCATTGGAGCCGAGCTACA,0,1870754
hyuA_predicted,0.09090909090909091,10,10,GGCAATAGGAGTGGTGTATC,0,1837093
hyuA_predicted,0.09090909090909091,10,10,GGATGACACGGGCATAAAGG,0,1835288
hyuA_predicted,0.09090909090909091,10,10,GGATAAGAGCAACCTAGTAG,0,1846925
hyuA_predicted,0.09090909090909091,10,10,GGAGTCTCGTTCGGCGCTAA,0,1846366
hyuA_predicted,0.09090909090909091,10,10,GGAGTATTGTTTGTGAATGT,0,1847479
hyuA_predicted,0.09090909090909091,10,10,GGACTCCGACGTTAAACGAG,0,1872153
hyuA_predicted,0.09090909090909091,10,10,GCTGTTAGCACGTCCAGCGT,0,1836348
hyuA_predicted,0.09090909090909091,10,10,GCTGTGCCTTGTGGTAAGTA,0,1872463
hyuA_predicted,0.09090909090909091,10,10,GCTGCATCTGCTCATGGGTT,0,1855979
hyuA_predicted,0.09090909090909091,10,10,GCTAGAAGGCAACGTATCAT,0,1830125
hyuA_predicted,0.09090909090909091,10,10,GCGTGTAAGCTGCCAATCGG,0,1877384
hyuA_predicted,0.09090909090909091,10,10,GCGTAACGGCTGCTGGACAG,0,1856347
hyuA_predicted,0.09090909090909091,10,10,GCGCCTGTTGGAGAGAGTTT,0,1831690
hyuA_predicted,0.09090909090909091,10,10,GCGCCTGGTATTGGCTTTAT,0,1869379
hyuA_predicted,0.09090909090909091,10,10,GCGAAGATACTGACTGAATC,0,1860685
hyuA_predicted,0.09090909090909091,10,10,GCCTATTAGGTGCCCCAGCC,0,1864544
hyuA_predicted,0.09090909090909091,10,10,GCCTACTACCCTGTGTATCA,0,1835393
hyuA_predicted,0.09090909090909091,10,10,GCCATTCTAATCTCACAAAC,0,1856456
hyuA_predicted,0.09090909090909091,10,10,GCCAGCTAACACTGGGTAAA,0,1836219
hyuA_predicted,0.09090909090909091,10,10,GCAACTCCTCGTGTTACTCT,0,1833569
hyuA_predicted,0.09090909090909091,10,10,GCAAAGCAGCGTAGAGTACC,0,1849162
hyuA_predicted,0.09090909090909091,10,10,GATTTGGTTACCGCCACCTA,0,1852796
hyuA_predicted,0.09090909090909091,10,10,GATGCCCCAGACTATTTGTG,0,1872672
hyuA_predicted,0.09090909090909091,10,10,GATCTCACGTGTTATTTCGC,0,1842545
hyuA_predicted,0.09090909090909091,10,10,GATCTAGATTCCTATAGTGG,0,1863752
hyuA_predicted,0.09090909090909091,10,10,GATCCCCTGGGACGTACCGA,0,1863656
hyuA_predicted,0.09090909090909091,10,10,GATCATGCCTAGCAATTGAA,0,1860781
hyuA_predicted,0.09090909090909091,10,10,GATCAGAAGGACAGACCCTA,0,1845943
hyuA_predicted,0.09090909090909091,10,10,GATATGAGCGCTAGCCGAAT,0,1860216
hyuA_predicted,0.09090909090909091,10,10,GAGTCTGTGGGATACTCTGC,0,1844468
hyuA_predicted,0.09090909090909091,10,10,GAGTATCTTGGGGGTTTAAA,0,1839404
hyuA_predicted,0.09090909090909091,10,10,GAGTATAACGGTCGTACTCC,0,1835476
hyuA_predicted,0.09090909090909091,10,10,GAGGTGAGAATCGGGCTCAC,0,1844773
hyuA_predicted,0.09090909090909091,10,10,GAGGCCCAGGTCAGGCTGAC,0,1833174
hyuA_predicted,0.09090909090909091,10,10,GAGGATATCGTGCAGAGCCA,0,1862361
hyuA_predicted,0.09090909090909091,10,10,GAGCTTGAGGAGCCGATCTG,0,1868202
hyuA_predicted,0.09090909090909091,10,10,GAGCCTGGTCTGGCATCATA,0,1839356
hyuA_predicted,0.09090909090909091,10,10,GAGACTTGTCTTCCTGACTC,0,1832747
hyuA_predicted,0.09090909090909091,10,10,GACTCCTAAAAGGTCAAGCT,0,1837547
hyuA_predicted,0.09090909090909091,10,10,GACTCCGCATTTTTGCGTAT,0,1869755
hyuA_predicted,0.09090909090909091,10,10,GACTAAAAGCTGGCAGGTTA,0,1859777
hyuA_predicted,0.09090909090909091,10,10,GACGTTTTGGCGATCTGCAT,0,1846364
hyuA_predicted,0.09090909090909091,10,10,GACCTTCATCAACAATACCA,0,1853046
hyuA_predicted,0.09090909090909091,10,10,GACCGAGGATGCAGCTTGAT,0,1835515
hyuA_predicted,0.09090909090909091,10,10,GACCAGAGCCCGGGGCGGGC,0,1844470
hyuA_predicted,0.09090909090909091,10,10,GACCACCCCTCTGGACCCTA,0,1857109
hyuA_predicted,0.09090909090909091,10,10,GACATAGTACCGTCAACCGA,0,1858543
hyuA_predicted,0.09090909090909091,10,10,GACACTCTGCCGATAGCCAA,0,1864674
hyuA_predicted,0.09090909090909091,10,10,GAATGGATTGGGGAGTTCAT,0,1870402
hyuA_predicted,0.09090909090909091,10,10,GAATGAATGGGGTGCAGCTC,0,1866718
hyuA_predicted,0.09090909090909091,10,10,GAATCGGTTTAAGTCTAGTG,0,1856907
hyuA_predicted,0.09090909090909091,10,10,GAATAGCATCGTGACGAGCT,0,1839623
hyuA_predicted,0.09090909090909091,10,10,GAAGAGCAGTAGACCCACGG,0,1858975
hyuA_predicted,0.09090909090909091,10,10,GAACTTCTTGAATCATTAAT,0,1848159
hyuA_predicted,0.09090909090909091,10,10,GAACTACCTTGTAGCATAGG,0,1864824
hyuA_predicted,0.09090909090909091,10,10,GAACGGTGGCGATCCTAGTT,0,1876514
hyuA_predicted,0.09090909090909091,10,10,GAACATTCTTGAGCGCTTGT,0,1836451
hyuA_predicted,0.09090909090909091,10,10,GAAAGGGGTAGGCCGAGGCA,0,1876859
hyuA_predicted,0.09090909090909091,10,10,GAAAGCGACGCATGCGGGAG,0,1829580
hyuA_predicted,0.09090909090909091,10,10,GAAAGCCCATGTGTTTATCG,0,1829083
hyuA_predicted,0.09090909090909091,10,10,CTTGACGAAATCAAAATCCA,0,1858925
hyuA_predicted,0.09090909090909091,10,10,CTTCCCCTTGGCGGCTTGAA,0,1852917
hyuA_predicted,0.09090909090909091,10,10,CTTCAGTCTATGAACCGGTA,0,1871465
hyuA_predicted,0.09090909090909091,10,10,CTTCACGTCGTTATCTAGGG,0,1830324
hyuA_predicted,0.09090909090909091,10,10,CTTAGAGGTGGCCGTGTATC,0,1855211
hyuA_predicted,0.09090909090909091,10,10,CTTAAGAACAGTTCGTGAAT,0,1841776
hyuA_predicted,0.09090909090909091,10,10,CTGTTTGAGACGTATGAGAT,0,1843586
hyuA_predicted,0.09090909090909091,10,10,CTGTCGTATTGCTCCTAGCG,0,1830874
hyuA_predicted,0.09090909090909091,10,10,CTGTCCACTATTGAACCACG,0,1861754
hyuA_predicted,0.09090909090909091,10,10,CTGTAATCAACGTCGATTTG,0,1847745
hyuA_predicted,0.09090909090909091,10,10,CTGGTTGAACGATAATACAA,0,1860006
hyuA_predicted,0.09090909090909091,10,10,CTGGGTCGGTAACTGATCGT,0,1873449
hyuA_predicted,0.09090909090909091,10,10,CTGAGAGCTTCCTATTCCAA,0,1845314
hyuA_predicted,0.09090909090909091,10,10,CTGACGGCTAGTCCCAAAGT,0,1842766
hyuA_predicted,0.09090909090909091,10,10,CTGAACGCAAGCAGATTAAG,0,1830123
hyuA_predicted,0.09090909090909091,10,10,CTCTAGTGGCGAAATAGACC,0,1844082
hyuA_predicted,0.09090909090909091,10,10,CTCCGTCGGATGTAAATGTG,0,1846556
hyuA_predicted,0.09090909090909091,10,10,CTCCGGGTTGACGTAGGCGC,0,1832130
hyuA_predicted,0.09090909090909091,10,10,CTCCCACCAGACGATAATTG,0,1849981
hyuA_predicted,0.09090909090909091,10,10,CTCCCAAGTATAGGATTTGC,0,1873050
hyuA_predicted,0.09090909090909091,10,10,CTCCAGGCGGGCAATCATTA,0,1870206
hyuA_predicted,0.09090909090909091,10,10,CTCACGTTCTGTATGTCACA,0,1867132
hyuA_predicted,0.09090909090909091,10,10,CTCAACTACCCTTAGTAGGC,0,1850461
hyuA_predicted,0.09090909090909091,10,10,CTATTGTAGTTGTTCATTTC,0,1853292
hyuA_predicted,0.09090909090909091,10,10,CTATTCCGAACTCGCCGGAG,0,1841587
hyuA_predicted,0.09090909090909091,10,10,CTATGTCTTTGGCGTTGGCA,0,1845835
hyuA_predicted,0.09090909090909091,10,10,CTATACTGGGATAGTTAATT,0,1874329
hyuA_predicted,0.09090909090909091,10,10,CTAGTGGGTATTTCTTCCGA,0,1854806
hyuA_predicted,0.09090909090909091,10,10,CTACGTGGTTCGAGCCGTGG,0,1867341
hyuA_predicted,0.09090909090909091,10,10,CTAATTTGCAGAACGACCCG,0,1877786
hyuA_predicted,0.09090909090909091,10,10,CTAAGGAGGCGAGAGTTAAC,0,1847451
hyuA_predicted,0.09090909090909091,10,10,CTAAAGGGGTACGGCCATTT,0,1829154
hyuA_predicted,0.09090909090909091,10,10,CTAAAAATGCTGGTCCTTCT,0,1856366
hyuA_predicted,0.09090909090909091,10,10,CGTGGTTCGAGAATGACTTT,0,1864008
hyuA_predicted,0.09090909090909091,10,10,CGTAAGGCAAATCACTTTAA,0,1876480
hyuA_predicted,0.09090909090909091,10,10,CGGTCGTAGTAGCGGTTTAT,0,1854409
hyuA_predicted,0.09090909090909091,10,10,CGGTCCGGCATCGGAGTATC,0,1858350
hyuA_predicted,0.09090909090909091,10,10,CGGTAGTTCGGTGGTTTACA,0,1848794
hyuA_predicted,0.09090909090909091,10,10,CGGGTTGGGACAAAAAATCG,0,1846558
hyuA_predicted,0.09090909090909091,10,10,CGGGCTTTCCGGAAGCGTTT,0,1858702
hyuA_predicted,0.09090909090909091,10,10,CGGCCCTGGACCTTGCGGTT,0,1862402
hyuA_predicted,0.09090909090909091,10,10,CGGAGCAAAGAGAAGGGAGA,0,1849443
hyuA_predicted,0.09090909090909091,10,10,CGCTTTTCTACCACTGTGAG,0,1842257
hyuA_predicted,0.09090909090909091,10,10,CGCTAACAACTACATGGGCT,0,1863638
hyuA_predicted,0.09090909090909091,10,10,CGCCTCGACGCAGTTCTATC,0,1865915
hyuA_predicted,0.09090909090909091,10,10,CGCCACGTACTGCTACTCCC,0,1841469
hyuA_predicted,0.09090909090909091,10,10,CGCCACAATTCCCGTCCTTA,0,1874119
hyuA_predicted,0.09090909090909091,10,10,CGCCAAGGGCACATAGGACA,0,1829183
hyuA_predicted,0.09090909090909091,10,10,CGCAATCCATGTGAATTTAA,0,1833675
hyuA_predicted,0.09090909090909091,10,10,CGATTCATGGATTGCATAAT,0,1854872
hyuA_predicted,0.09090909090909091,10,10,CGATGTTGAGGACCATACTC,0,1856864
hyuA_predicted,0.09090909090909091,10,10,CGATGGCAGGCAGTCATTGC,0,1830134
hyuA_predicted,0.09090909090909091,10,10,CGATCGAAACGCCTGTACTA,0,1858537
hyuA_predicted,0.09090909090909091,10,10,CGAGTTGGAAAGGTAACGCT,0,1857673
hyuA_predicted,0.09090909090909091,10,10,CGAGATACGCGATTCTGTAA,0,1868553
hyuA_predicted,0.09090909090909091,10,10,CGACGAAGCTGAGGAGGCCC,0,1835398
hyuA_predicted,0.09090909090909091,10,10,CGACCCCCTCAGACTCTGAG,0,1868654
hyuA_predicted,0.09090909090909091,10,10,CGAACTGAGCTCCATCGCTG,0,1835191
hyuA_predicted,0.09090909090909091,10,10,CGAACATTGTTTGAGTTGTA,0,1842864
hyuA_predicted,0.09090909090909091,10,10,CCTGCACGTCCCGGCAAACT,0,1843262
hyuA_predicted,0.09090909090909091,10,10,CCTCTTTTCACCTACGGGTA,0,1842218
hyuA_predicted,0.09090909090909091,10,10,CCTAATGATTGGAGGTTGCG,0,1834937
hyuA_predicted,0.09090909090909091,10,10,CCGTTCGAGTCCCCCGCGGC,0,1843256
hyuA_predicted,0.09090909090909091,10,10,CCGTCCGGTCGTAACCTACA,0,1857418
hyuA_predicted,0.09090909090909091,10,10,CCGGGGTTCAGCTTGTTTAT,0,1862671
hyuA_predicted,0.09090909090909091,10,10,CCGGCTATTTCAGATTCCGT,0,1866877
hyuA_predicted,0.09090909090909091,10,10,CCGCTCGGTTTTGCCCTCAC,0,1870001
hyuA_predicted,0.09090909090909091,10,10,CCGCGTGGCCTACTTTGCAA,0,1830426
hyuA_predicted,0.09090909090909091,10,10,CCGCGGACTCTCTGCCGACC,0,1838653
hyuA_predicted,0.09090909090909091,10,10,CCGCGAACCCAACCATGGTT,0,1839463
hyuA_predicted,0.09090909090909091,10,10,CCGCCCATCCCGGTACTTGA,0,1851951
hyuA_predicted,0.09090909090909091,10,10,CCGCAGGCACTGTTTCCCCT,0,1854515
hyuA_predicted,0.09090909090909091,10,10,CCGAAAATCCCACAGCGTCC,0,1870439
hyuA_predicted,0.09090909090909091,10,10,CCCTTGCAGAAATTTTCACG,0,1873863
hyuA_predicted,0.09090909090909091,10,10,CCCGAGGCACAGAATGAGAG,0,1859809
hyuA_predicted,0.09090909090909091,10,10,CCCGACCGCTCAACGATATT,0,1869554
hyuA_predicted,0.09090909090909091,10,10,CCCGAAGTAAGGAACATCCA,0,1850809
hyuA_predicted,0.09090909090909091,10,10,CCCACTTAGTACCATGATGA,0,1835150
hyuA_predicted,0.09090909090909091,10,10,CCCACTGCCATCAGCACCGT,0,1837002
hyuA_predicted,0.09090909090909091,10,10,CCCACATGTTAGTGATTCCA,0,1848247
hyuA_predicted,0.09090909090909091,10,10,CCACTTCTAGCTCGGTCTGA,0,1868497
hyuA_predicted,0.09090909090909091,10,10,CCACAGTAATCTACTAGAAC,0,1870002
hyuA_predicted,0.09090909090909091,10,10,CCAATGGATTGCGAGAAGGA,0,1862635
hyuA_predicted,0.09090909090909091,10,10,CCAATCAATCCGGTCCGACA,0,1848826
hyuA_predicted,0.09090909090909091,10,10,CCAACAAGAAATAAGGTGCA,0,1847079
hyuA_predicted,0.09090909090909091,10,10,CATTAGGCCCCGTGGAAGCT,0,1838381
hyuA_predicted,0.09090909090909091,10,10,CATGTCTAAGCGAATTACGT,0,1867855
hyuA_predicted,0.09090909090909091,10,10,CATCTCGTGCGACCTTCACG,0,1874350
hyuA_predicted,0.09090909090909091,10,10,CATCACTGAAAGCCAGAAAG,0,1845238
hyuA_predicted,0.09090909090909091,10,10,CAGTTGCGAGTGACTAGCTT,0,1860594
hyuA_predicted,0.09090909090909091,10,10,CAGTCGGGATCCTAGAAAGG,0,1870727
hyuA_predicted,0.09090909090909091,10,10,CAGTCACGAGCCCCCAGCTA,0,1860942
hyuA_predicted,0.09090909090909091,10,10,CAGTAGGTTATGAACGGATT,0,1863096
hyuA_predicted,0.09090909090909091,10,10,CAGGTACTTTTTCCCTGCAT,0,1858553
hyuA_predicted,0.09090909090909091,10,10,CAGGGCTTAAATAGGATATG,0,1837985
hyuA_predicted,0.09090909090909091,10,10,CAGCTGCTGGCGCGGTATTA,0,1868383
hyuA_predicted,0.09090909090909091,10,10,CAGCGCTGAATCAGAGGACG,0,1844172
hyuA_predicted,0.09090909090909091,10,10,CAGCGCTAGGAAACGCTGAA,0,1846322
hyuA_predicted,0.09090909090909091,10,10,CAGACCGATACTGTGCGTAC,0,1856999
hyuA_predicted,0.09090909090909091,10,10,CAGAACCATTTACTATGGTA,0,1856166
hyuA_predicted,0.09090909090909091,10,10,CACGTACGATAATGAAGTCC,0,1849413
hyuA_predicted,0.09090909090909091,10,10,CACCTATATAAAGTACTTAG,0,1853723
hyuA_predicted,0.09090909090909091,10,10,CACCGGCACACTGAACACCG,0,1871765
hyuA_predicted,0.09090909090909091,10,10,CACCGCAGAGATAGACTACA,0,1855818
hyuA_predicted,0.09090909090909091,10,10,CAATATGAGGCCAGAGCACA,0,1834703
hyuA_predicted,0.09090909090909091,10,10,CAAGGAATGCTGAAAGCCGA,0,1866022
hyuA_predicted,0.09090909090909091,10,10,CAAGAACGCACCAACGGCAT,0,1858650
hyuA_predicted,0.09090909090909091,10,10,CAACTGACATCAGTACGAAA,0,1849454
hyuA_predicted,0.09090909090909091,10,10,ATTCGGTCTTGAGGAATATC,0,1839647
hyuA_predicted,0.09090909090909091,10,10,ATTCAGCCTTTGAAAGTTGT,0,1861482
hyuA_predicted,0.09090909090909091,10,10,ATTCACCGGCAACATATAGT,0,1863055
hyuA_predicted,0.09090909090909091,10,10,ATTATTGCTGGGACGCATGC,0,1842533
hyuA_predicted,0.09090909090909091,10,10,ATTAGTCTCTGAAGGGTCAT,0,1850708
hyuA_predicted,0.09090909090909091,10,10,ATGGTGAATGCGGCTTTGCT,0,1847463
hyuA_predicted,0.09090909090909091,10,10,ATGGGAACTCGAGGTTCGCT,0,1877417
hyuA_predicted,0.09090909090909091,10,10,ATGCCAAGGAGAACAGGCTT,0,1853235
hyuA_predicted,0.09090909090909091,10,10,ATCTTTATCTTGTGATCCCT,0,1877601
hyuA_predicted,0.09090909090909091,10,10,ATCTTACCTATGACTTAAAG,0,1864313
hyuA_predicted,0.09090909090909091,10,10,ATCTAGTATTACACTCACGT,0,1836082
hyuA_predicted,0.09090909090909091,10,10,ATCGTCAGTGACTTCTGTTG,0,1865729
hyuA_predicted,0.09090909090909091,10,10,ATCCCGCTGTGAGTGTTCTA,0,1868104
hyuA_predicted,0.09090909090909091,10,10,ATCAGGGTCACCTAAGCCTG,0,1854648
hyuA_predicted,0.09090909090909091,10,10,ATATTGTAGGGCGTCACAGT,0,1847730
hyuA_predicted,0.09090909090909091,10,10,ATATGGCAATTCTATCGCGG,0,1838665
hyuA_predicted,0.09090909090909091,10,10,ATATACCCTTGTGCGAAATC,0,1844772
hyuA_predicted,0.09090909090909091,10,10,ATAGTATATGTCAATAACGG,0,1845893
hyuA_predicted,0.09090909090909091,10,10,ATAGCAGTGACCTAAACGGG,0,1856493
hyuA_predicted,0.09090909090909091,10,10,ATACGAATGAAGGTCTACAT,0,1851140
hyuA_predicted,0.09090909090909091,10,10,ATAATAGTGCGGAGATGAAG,0,1857404
hyuA_predicted,0.09090909090909091,10,10,ATAATAACCGTACAGTCCAC,0,1859717
hyuA_predicted,0.09090909090909091,10,10,AGTTGACATTTTTAGGGGCG,0,1846206
hyuA_predicted,0.09090909090909091,10,10,AGTTATGGTAACGGACCTGT,0,1873562
hyuA_predicted,0.09090909090909091,10,10,AGTTAGAAGCGTGATGGGTA,0,1864387
hyuA_predicted,0.09090909090909091,10,10,AGTGCCCAGATCGCGCTTTT,0,1864978
hyuA_predicted,0.09090909090909091,10,10,AGTCTGCAGTTGTCGGTCTT,0,1830236
hyuA_predicted,0.09090909090909091,10,10,AGTCTAATCATATGGCACTA,0,1843126
hyuA_predicted,0.09090909090909091,10,10,AGTCGCAACCTTGTTACGAG,0,1867754
hyuA_predicted,0.09090909090909091,10,10,AGGTTAAATGGGAGCACTTA,0,1832002
hyuA_predicted,0.09090909090909091,10,10,AGGTCAAATGGATTCGGTGG,0,1846403
hyuA_predicted,0.09090909090909091,10,10,AGGGCCGTTAGCATATTACG,0,1858974
hyuA_predicted,0.09090909090909091,10,10,AGGCTTGACTTACAGGCGTT,0,1876425
hyuA_predicted,0.09090909090909091,10,10,AGGCCCTGGCACAACATTGC,0,1854527
hyuA_predicted,0.09090909090909091,10,10,AGGATGCCAAAAGTGACTAA,0,1849866
hyuA_predicted,0.09090909090909091,10,10,AGGAGTAGTGGGTGTCCGAA,0,1858837
hyuA_predicted,0.09090909090909091,10,10,AGGAACGGTGGTTATCCATC,0,1832316
hyuA_predicted,0.09090909090909091,10,10,AGCTATCAGTCTTTCTGAGG,0,1859811
hyuA_predicted,0.09090909090909091,10,10,AGCGCTCTTCAGCCGTGAAT,0,1842882
hyuA_predicted,0.09090909090909091,10,10,AGCGCCTGGTCAAAGGCATC,0,1862981
hyuA_predicted,0.09090909090909091,10,10,AGCAAACCGGCTAACATTGG,0,1863246
hyuA_predicted,0.09090909090909091,10,10,AGATCTTCGATGACCACTCA,0,1841406
hyuA_predicted,0.09090909090909091,10,10,AGATACGCTCCTTGCGTTTG,0,1839139
hyuA_predicted,0.09090909090909091,10,10,AGACTCCTAAATCTAAACGC,0,1859586
hyuA_predicted,0.09090909090909091,10,10,AGACGTCTAGTGATGGGCAT,0,1855483
hyuA_predicted,0.09090909090909091,10,10,AGAATTTATTCGAATAGAGG,0,1833097
hyuA_predicted,0.09090909090909091,10,10,AGAATATTCGTGCAAGCGAA,0,1855414
hyuA_predicted,0.09090909090909091,10,10,AGAAGCCACTCCCGATCTAT,0,1865203
hyuA_predicted,0.09090909090909091,10,10,ACTGTCGCTATCGCGATCAG,0,1869840
hyuA_predicted,0.09090909090909091,10,10,ACTGCTCCGCCCACAGCGAT,0,1866245
hyuA_predicted,0.09090909090909091,10,10,ACTGACGGTTCTCAATGTCG,0,1836885
hyuA_predicted,0.09090909090909091,10,10,ACTCAGAGAGCCTTCCTCTG,0,1873794
hyuA_predicted,0.09090909090909091,10,10,ACTATAAAGAATCCGTACGT,0,1853084
hyuA_predicted,0.09090909090909091,10,10,ACTAGAGAAAGATGAAAATC,0,1852295
hyuA_predicted,0.09090909090909091,10,10,ACTAATAACAAATGCATGTG,0,1846828
hyuA_predicted,0.09090909090909091,10,10,ACGTCGCAATTGTATGAATT,0,1873113
hyuA_predicted,0.09090909090909091,10,10,ACGTCGATCCCAGTACGCCA,0,1864258
hyuA_predicted,0.09090909090909091,10,10,ACGTCACACCTAGGTTTCGG,0,1835523
hyuA_predicted,0.09090909090909091,10,10,ACGGGCAATACCAAATGGAG,0,1845020
hyuA_predicted,0.09090909090909091,10,10,ACGGCCGGTTTCAGGTTTAT,0,1852037
hyuA_predicted,0.09090909090909091,10,10,ACGGCCACCTCGGACAGCAA,0,1870135
hyuA_predicted,0.09090909090909091,10,10,ACGCTGGGAAACACGTTGAG,0,1843997
hyuA_predicted,0.09090909090909091,10,10,ACGACCGGCCGGTGTGAAGA,0,1864622
hyuA_predicted,0.09090909090909091,10,10,ACCTTAGGGCTCTAGCCTTG,0,1844679
hyuA_predicted,0.09090909090909091,10,10,ACCTCTAGGTACATACTACG,0,1839075
hyuA_predicted,0.09090909090909091,10,10,ACCTAATTTTCACCCGAGAA,0,1832503
hyuA_predicted,0.09090909090909091,10,10,ACCCCCACGGTTGTCCCGGG,0,1875273
hyuA_predicted,0.09090909090909091,10,10,ACATTCTACCACATGCAGCC,0,1864830
hyuA_predicted,0.09090909090909091,10,10,ACATGCATGGCTGAAACATA,0,1869765
hyuA_predicted,0.09090909090909091,10,10,ACAGGCGGGGGCGTGCTCAG,0,1832365
hyuA_predicted,0.09090909090909091,10,10,ACAGAGAATTCAGAGGCGCC,0,1862660
hyuA_predicted,0.09090909090909091,10,10,ACAGAACGGAAAAGTACAAA,0,1849738
hyuA_predicted,0.09090909090909091,10,10,ACACATCCATAGAGTGCATA,0,1836470
hyuA_predicted,0.09090909090909091,10,10,ACAATTTCCTATTATTAAGT,0,1863409
hyuA_predicted,0.09090909090909091,10,10,ACAAGGTCACCGGACTGTAT,0,1873902
hyuA_predicted,0.09090909090909091,10,10,AATTCGCTGGACTGGTCTAT,0,1846845
hyuA_predicted,0.09090909090909091,10,10,AATGTAACAATCGGTCCGTG,0,1837780
hyuA_predicted,0.09090909090909091,10,10,AATCGGGCGTGTAGAAAAAG,0,1842465
hyuA_predicted,0.09090909090909091,10,10,AATCGAATGCGTACTGCAGG,0,1845058
hyuA_predicted,0.09090909090909091,10,10,AATATGTGTGCCGGGAAAAT,0,1839036
hyuA_predicted,0.09090909090909091,10,10,AATAAGGCCCACATTGTTGC,0,1860574
hyuA_predicted,0.09090909090909091,10,10,AAGTCTATTGGATTTTGGCG,0,1834128
hyuA_predicted,0.09090909090909091,10,10,AAGTCAGCATGGTCCGCTTT,0,1831956
hyuA_predicted,0.09090909090909091,10,10,AAGGCAAGATCGTCAGGTAC,0,1845564
hyuA_predicted,0.09090909090909091,10,10,AAGGAAGCTTGGCGGGGAGG,0,1877645
hyuA_predicted,0.09090909090909091,10,10,AAGGAACGGTCTAACTTAAG,0,1871200
hyuA_predicted,0.09090909090909091,10,10,AAGCTATCCACTCTTAATAT,0,1835601
hyuA_predicted,0.09090909090909091,10,10,AAGCTACCTGTATAATGGTT,0,1847861
hyuA_predicted,0.09090909090909091,10,10,AAGCGTAATATTTAGCGGTT,0,1847739
hyuA_predicted,0.09090909090909091,10,10,AAGATTTCAAACTGGGGCCA,0,1833421
hyuA_predicted,0.09090909090909091,10,10,AAGACTGGGTCGCATTGACG,0,1869727
hyuA_predicted,0.09090909090909091,10,10,AACGTCGGGATGGAGGAACT,0,1853505
hyuA_predicted,0.09090909090909091,10,10,AACGTAGGTAAATTTTAAAG,0,1830207
hyuA_predicted,0.09090909090909091,10,10,AACGGGCAGGTCTCCTTTTT,0,1851034
hyuA_predicted,0.09090909090909091,10,10,AACCCTTGACCGATCGGTTC,0,1847325
hyuA_predicted,0.09090909090909091,10,10,AACCCGAAAGTTCAAGCACA,0,1856054
hyuA_predicted,0.09090909090909091,10,10,AACCAGAGAGCCCAGTCGTA,0,1862925
hyuA_predicted,0.09090909090909091,10,10,AACATATTACAGGGCTCAAA,0,1833729
hyuA_predicted,0.09090909090909091,10,10,AAATTGACGTAACTATGTGA,0,1830017
hyuA_predicted,0.09090909090909091,10,10,AAATTCACCCTCGACTAGGT,0,1856406
hyuA_predicted,0.09090909090909091,10,10,AAAGGTCCTACCTTCCACTA,0,1849057
hyuA_predicted,0.09090909090909091,10,10,AAAGCGTATCCCGTAATCAT,0,1870161
hyuA_predicted,0.09090909090909091,10,10,AAACTAAGCCACAGGCAGGG,0,1862711
hyuA_predicted,0.09090909090909091,10,10,AAACGCGAGGATACAAATTC,0,1857284
hyuA_predicted,0.09090909090909091,10,10,AAAACCCTCAGGGAAGGTGT,0,1842316
hyuA_predicted,0.09090909090909091,10,10,AAAAAGTGGTGACAAAGCAA,0,1860982
hyuA_predicted,0.1,9,9,TTTTTACTAGACGCATTGAA,0,1834615
hyuA_predicted,0.1,9,9,TTTGGGCGCTATGCGATATA,0,1834127
hyuA_predicted,0.1,9,9,TTTCGTTGTGACGCACTGAG,0,1863242
hyuA_predicted,0.1,9,9,TTTATGACCCCAGTTGGGGG,0,1832353
hyuA_predicted,0.1,9,9,TTTACGGGAAACATGAGTTC,0,1873640
hyuA_predicted,0.1,9,9,TTTACCCTTACTGAGGAGGA,0,1832347
hyuA_predicted,0.1,9,9,TTTACAAAAGTGTACGGAAA,0,1834058
hyuA_predicted,0.1,9,9,TTTAATTGCACAGGGGCTAT,0,1861136
hyuA_predicted,0.1,9,9,TTTAACAATAGGATCGGAAA,0,1861508
hyuA_predicted,0.1,9,9,TTGTCGGTTGCGCCTAAAAT,0,1838925
hyuA_predicted,0.1,9,9,TTGGTTAGATGCTCATGGAC,0,1870587
hyuA_predicted,0.1,9,9,TTGCATCTCATTCATCTTGG,0,1857108
hyuA_predicted,0.1,9,9,TTGCAGTAGGTTGGGAGATA,0,1872956
hyuA_predicted,0.1,9,9,TTGACGTCTGGGCAGAACCT,0,1864152
hyuA_predicted,0.1,9,9,TTCTGTTTGCGCTCACAGTA,0,1860874
hyuA_predicted,0.1,9,9,TTCTCTGAGGATGACCGGCA,0,1864993
hyuA_predicted,0.1,9,9,TTCGCCGGCGCTGGCATTAG,0,1869975
hyuA_predicted,0.1,9,9,TTCAGAGCACAGATTTGATA,0,1856482
hyuA_predicted,0.1,9,9,TTATCGGCCATGCTAGTTCT,0,1842879
hyuA_predicted,0.1,9,9,TTAGTGTACGAGGACCGGAT,0,1848036
hyuA_predicted,0.1,9,9,TTACTTTCTTCAACGTGCAT,0,1874661
hyuA_predicted,0.1,9,9,TTACCTAAGGGCCTCAAATA,0,1846042
hyuA_predicted,0.1,9,9,TTACCCAGGAGTTAAAGTTA,0,1854755
hyuA_predicted,0.1,9,9,TTACACTTGATGCACTCTAC,0,1870407
hyuA_predicted,0.1,9,9,TTAAGCCTGCCTAACAAAAA,0,1860670
hyuA_predicted,0.1,9,9,TGTTTTCCTTCAAATATGGT,0,1847792
hyuA_predicted,0.1,9,9,TGTGATTTGAGAAGCCGAAC,0,1876004
hyuA_predicted,0.1,9,9,TGGTCGGTGCATGGGCCACC,0,1865362
hyuA_predicted,0.1,9,9,TGGCGCCAATCCTGCGACAC,0,1847329
hyuA_predicted,0.1,9,9,TGGCAACATCGAGATTGGGA,0,1873619
hyuA_predicted,0.1,9,9,TGGATGCCGCTTTCCCGGAT,0,1876558
hyuA_predicted,0.1,9,9,TGGAATACTTATGTTTATAG,0,1873716
hyuA_predicted,0.1,9,9,TGGAAGGATAGGTTCAGGAT,0,1873315
hyuA_predicted,0.1,9,9,TGCTTCCATAGCAGCCAGCT,0,1873097
hyuA_predicted,0.1,9,9,TGATCCCCTTTTCGGGGAAT,0,1851372
hyuA_predicted,0.1,9,9,TGATAAGGCGATTTTGGGGT,0,1858876
hyuA_predicted,0.1,9,9,TGAGCGGCGTGCGATACCGT,0,1837803
hyuA_predicted,0.1,9,9,TGACTGTTTTGAAGTAGTGA,0,1843581
hyuA_predicted,0.1,9,9,TGAAGGAATAAAAACTCAAG,0,1845620
hyuA_predicted,0.1,9,9,TGAAAATTTTCCTGGGACAA,0,1850733
hyuA_predicted,0.1,9,9,TGAAAAGGGTGAAGCCGGGA,0,1876085
hyuA_predicted,0.1,9,9,TCTTGTCTAAGCAGTATACT,0,1874159
hyuA_predicted,0.1,9,9,TCTTGTATAGCGGGACCCTT,0,1871640
hyuA_predicted,0.1,9,9,TCTTCTGGGGTGAGGATACT,0,1833233
hyuA_predicted,0.1,9,9,TCTGATCAGGCTTTTTAGGT,0,1832666
hyuA_predicted,0.1,9,9,TCTCTTTTGTCAACTCTAGG,0,1834224
hyuA_predicted,0.1,9,9,TCTCCCTAGAATCTTTATAC,0,1854142
hyuA_predicted,0.1,9,9,TCTCAGCTTAGGCAGTAAGC,0,1840121
hyuA_predicted,0.1,9,9,TCTAGGAGCCTACTCTATTG,0,1846794
hyuA_predicted,0.1,9,9,TCTACCGCGAAGGATAGCAT,0,1863850
hyuA_predicted,0.1,9,9,TCGTGTACCGGCTTTCAGCA,0,1868552
hyuA_predicted,0.1,9,9,TCGTCGATACCGTAACGAGA,0,1864553
hyuA_predicted,0.1,9,9,TCGGTCGCGGAGGAGTCCTT,0,1843523
hyuA_predicted,0.1,9,9,TCGGTAAGTGGGAACACGAG,0,1848152
hyuA_predicted,0.1,9,9,TCGGAGATTCTGTGTGCAGG,0,1860383
hyuA_predicted,0.1,9,9,TCGCTGTGGGTCATCACGCT,0,1841440
hyuA_predicted,0.1,9,9,TCGCTGTGCATCATAATACT,0,1862806
hyuA_predicted,0.1,9,9,TCGCTGAATGACTTAGTGTG,0,1864495
hyuA_predicted,0.1,9,9,TCGCCATTAGTCACTGTTGC,0,1862710
hyuA_predicted,0.1,9,9,TCGCACCGCATTAACTCTAT,0,1840460
hyuA_predicted,0.1,9,9,TCGATTTTACCTCAAATCGC,0,1857602
hyuA_predicted,0.1,9,9,TCGATGGGCCATGTCATGCA,0,1860404
hyuA_predicted,0.1,9,9,TCGAGGATGAGCGCGCGACG,0,1841430
hyuA_predicted,0.1,9,9,TCGAGCCGCAGGCGACGACT,0,1862311
hyuA_predicted,0.1,9,9,TCGACCGGGCCTTCCCCTGG,0,1830263
hyuA_predicted,0.1,9,9,TCCTCAATACAATCCGGGGA,0,1844997
hyuA_predicted,0.1,9,9,TCCGGTTGTCGCGACACTAT,0,1829295
hyuA_predicted,0.1,9,9,TCCCGTTTTGGCCCTTGCCT,0,1839031
hyuA_predicted,0.1,9,9,TCCCCAACTCCATCCGAATC,0,1835951
hyuA_predicted,0.1,9,9,TCCATTATGCGCCAAAGTAT,0,1862573
hyuA_predicted,0.1,9,9,TCCACTTGTTTGTTCTCTGA,0,1855898
hyuA_predicted,0.1,9,9,TCATCTCTTTAATGGTGATC,0,1858041
hyuA_predicted,0.1,9,9,TCATCGGGGCCAGCAGCTAG,0,1864331
hyuA_predicted,0.1,9,9,TATTTTCGGTACAATCGTTC,0,1875384
hyuA_predicted,0.1,9,9,TATTTGTTTTTCTATCGATT,0,1849985
hyuA_predicted,0.1,9,9,TATGTATGCTACCAGGGCGC,0,1867851
hyuA_predicted,0.1,9,9,TATGCAGGGCGTAGAGGAGT,0,1870584
hyuA_predicted,0.1,9,9,TATATATGTCTACCAACTAG,0,1860246
hyuA_predicted,0.1,9,9,TATATAGCGGGGGAACTCAC,0,1848264
hyuA_predicted,0.1,9,9,TAGTCCTAGATCGTCAAAGA,0,1873312
hyuA_predicted,0.1,9,9,TAGTAGAAGGCGAGTCTTTA,0,1849559
hyuA_predicted,0.1,9,9,TAGGCTGATGACAATGCGAT,0,1840789
hyuA_predicted,0.1,9,9,TAGATTTTACGTCATTCGCA,0,1831435
hyuA_predicted,0.1,9,9,TAGATTAATGTTGAGGAAAT,0,1840446
hyuA_predicted,0.1,9,9,TAGACCAGCAAATCGTCGAG,0,1872953
hyuA_predicted,0.1,9,9,TACTTTTTGGAGCGAGACGC,0,1831233
hyuA_predicted,0.1,9,9,TACTCCTGGAATACGCCCGG,0,1861929
hyuA_predicted,0.1,9,9,TACTCCGGTGACGACAAACG,0,1856623
hyuA_predicted,0.1,9,9,TACTCCCGCAAAGGACCTCA,0,1850179
hyuA_predicted,0.1,9,9,TACGTAATTTCATAACTTGC,0,1858036
hyuA_predicted,0.1,9,9,TACGGCGTCCTTATTTATGA,0,1830767
hyuA_predicted,0.1,9,9,TACGATCTCTCGTCCACCAG,0,1859118
hyuA_predicted,0.1,9,9,TAATCTGGCCATCCCTAAGC,0,1848789
hyuA_predicted,0.1,9,9,TAAGTAGCCTATCGAGGGCG,0,1850521
hyuA_predicted,0.1,9,9,TAAGAGACGATCGGAGCCCT,0,1840901
hyuA_predicted,0.1,9,9,TAACTGCCGGAAGGTATCTT,0,1836031
hyuA_predicted,0.1,9,9,TAACGCAGACTGTTGGAGGA,0,1843190
hyuA_predicted,0.1,9,9,TAACCTACGTCACGTTGCAT,0,1848397
hyuA_predicted,0.1,9,9,TAAAAGCGCCTCTCACAGCA,0,1866038
hyuA_predicted,0.1,9,9,GTTTTGATCATTCTGGCTCT,0,1852521
hyuA_predicted,0.1,9,9,GTTGTTCAATATTCTACTTT,0,1867136
hyuA_predicted,0.1,9,9,GTTGCTGACTTGCTGGTTGA,0,1842606
hyuA_predicted,0.1,9,9,GTTCGCGAGAGGGTGCTAGA,0,1873090
hyuA_predicted,0.1,9,9,GTTCCATTCCCTTTGATGTA,0,1845915
hyuA_predicted,0.1,9,9,GTTATTATTCTGTCTGACTC,0,1852435
hyuA_predicted,0.1,9,9,GTTATCATCCTGGGCACGTC,0,1858482
hyuA_predicted,0.1,9,9,GTTACTTACCCCGCTTCATT,0,1853533
hyuA_predicted,0.1,9,9,GTGTTGTGGTGGTAGTCAAT,0,1868016
hyuA_predicted,0.1,9,9,GTGTTCTGGGAGGCGGTAAC,0,1838184
hyuA_predicted,0.1,9,9,GTGGGTCTTCGCGAACTTTA,0,1846830
hyuA_predicted,0.1,9,9,GTGGGAGGCTCTATCAACGT,0,1838209
hyuA_predicted,0.1,9,9,GTGGGAAGCGATTCCGTGTG,0,1840602
hyuA_predicted,0.1,9,9,GTGCGGGCCGCATGAGTAGC,0,1830587
hyuA_predicted,0.1,9,9,GTGATCACAGGACCGGCATA,0,1845988
hyuA_predicted,0.1,9,9,GTGATACAACCTGGTCCTCC,0,1852252
hyuA_predicted,0.1,9,9,GTGACGGCGCATGTCGAGCG,0,1837005
hyuA_predicted,0.1,9,9,GTCTCTATGCGTCGGAACTC,0,1852297
hyuA_predicted,0.1,9,9,GTCGTGAGTCTCCCGGGGTA,0,1874160
hyuA_predicted,0.1,9,9,GTCGCGGCAAGGTCTACGAT,0,1840506
hyuA_predicted,0.1,9,9,GTCATTGCCCTGTCGCAACG,0,1866209
hyuA_predicted,0.1,9,9,GTCATGGTGCATATAGACAT,0,1834429
hyuA_predicted,0.1,9,9,GTCATGGCAGCTTCGGTTAG,0,1857652
hyuA_predicted,0.1,9,9,GTCATGCGGCTGTAAGGGCA,0,1841357
hyuA_predicted,0.1,9,9,GTATCGGTTATGAAGCCGGA,0,1835837
hyuA_predicted,0.1,9,9,GTAGCGAGTATCTGTATTTC,0,1843718
hyuA_predicted,0.1,9,9,GTACCTAACTATTTGGTCAT,0,1855168
hyuA_predicted,0.1,9,9,GTACCATGTTGGGGGATTGA,0,1833114
hyuA_predicted,0.1,9,9,GTAATGGCGCGACTTGTAGG,0,1874517
hyuA_predicted,0.1,9,9,GTAAGCGGAATCGTGTGCGT,0,1832089
hyuA_predicted,0.1,9,9,GTAAGACATTGGCCAATCAT,0,1847028
hyuA_predicted,0.1,9,9,GTAACTCTGAAGCCAATCTT,0,1847082
hyuA_predicted,0.1,9,9,GGTTATGCACTCCGTTGAAG,0,1835129
hyuA_predicted,0.1,9,9,GGTTACACGCTCAGCTGCCT,0,1871046
hyuA_predicted,0.1,9,9,GGTGTCATATAATACCTTTG,0,1844683
hyuA_predicted,0.1,9,9,GGTGGCTTTGTTCGGTATAA,0,1834673
hyuA_predicted,0.1,9,9,GGTGATCTCGCGTTATAGCA,0,1846294
hyuA_predicted,0.1,9,9,GGTCGTCAGTGGCAGCAGCT,0,1864156
hyuA_predicted,0.1,9,9,GGTCCGGCGCTCATCTCATC,0,1849661
hyuA_predicted,0.1,9,9,GGTAGTCCGTGCGCGCGCGC,0,1846521
hyuA_predicted,0.1,9,9,GGGGAGTACGCTACATAGGG,0,1840130
hyuA_predicted,0.1,9,9,GGGGACCCACACACCGTTAG,0,1833718
hyuA_predicted,0.1,9,9,GGGCTTCTTTGGACGGCTGT,0,1829324
hyuA_predicted,0.1,9,9,GGGCCGGCATTCGGTAGAGA,0,1865390
hyuA_predicted,0.1,9,9,GGGATACTTCGTACCGTATC,0,1853849
hyuA_predicted,0.1,9,9,GGGAGTCCCCCTCTGAGATC,0,1869817
hyuA_predicted,0.1,9,9,GGGACATCGCCACAAGTTAC,0,1846773
hyuA_predicted,0.1,9,9,GGGAAGCCGAGGCAGCCTGT,0,1873891
hyuA_predicted,0.1,9,9,GGGAAATGTAATGACTGTTC,0,1859626
hyuA_predicted,0.1,9,9,GGGAAACCCTCAGTCACATT,0,1843617
hyuA_predicted,0.1,9,9,GGCTGCTGACAGTCTTTCGT,0,1861895
hyuA_predicted,0.1,9,9,GGCGTAGTTAAAAACAGGGC,0,1852321
hyuA_predicted,0.1,9,9,GGCGGTAAACTGAGATAGAA,0,1874251
hyuA_predicted,0.1,9,9,GGCCTTGTCCACGGATGTTG,0,1850380
hyuA_predicted,0.1,9,9,GGCACTTACAATGGGGACCA,0,1853679
hyuA_predicted,0.1,9,9,GGATGAGAGTAGCCGTGGCA,0,1829150
hyuA_predicted,0.1,9,9,GGAGCTGGTGCACTTTAGCA,0,1865581
hyuA_predicted,0.1,9,9,GGAGCTATCACTGCCCGAAA,0,1833181
hyuA_predicted,0.1,9,9,GGAGCCCTTCTTCTGGATTG,0,1854725
hyuA_predicted,0.1,9,9,GGACAATCCATAGTTGAACT,0,1849153
hyuA_predicted,0.1,9,9,GGAAATAATAACTGTCTTCT,0,1839351
hyuA_predicted,0.1,9,9,GCTTTATATCGTTGGAGCTG,0,1871230
hyuA_predicted,0.1,9,9,GCTGTTGCTCGCCGGTGACC,0,1833894
hyuA_predicted,0.1,9,9,GCTGTTGCCAGTTAGACTAG,0,1856025
hyuA_predicted,0.1,9,9,GCTATTTCCACCCTATACGA,0,1833492
hyuA_predicted,0.1,9,9,GCTAGGGGACACCTGTGTAA,0,1841220
hyuA_predicted,0.1,9,9,GCTAGGGCGCACTAAGGCAT,0,1853043
hyuA_predicted,0.1,9,9,GCTAGCCGGAGCCCCACCTA,0,1862156
hyuA_predicted,0.1,9,9,GCTACTTCCGGTGGGACAGA,0,1866891
hyuA_predicted,0.1,9,9,GCGGTAAGATAGCTTAACTC,0,1843531
hyuA_predicted,0.1,9,9,GCGGGCTTACCTATACAGCA,0,1841110
hyuA_predicted,0.1,9,9,GCGGACTTCTCTAGGTCTTA,0,1849236
hyuA_predicted,0.1,9,9,GCGCTACACAGTTAACGGGT,0,1852983
hyuA_predicted,0.1,9,9,GCGCCGTCGAGAACGAGGGA,0,1841590
hyuA_predicted,0.1,9,9,GCGACGGATGAGTTATGGTA,0,1833657
hyuA_predicted,0.1,9,9,GCCTGTCCTTCGAGGGCACT,0,1834575
hyuA_predicted,0.1,9,9,GCCTATGTCGCATGCAAAGT,0,1829885
hyuA_predicted,0.1,9,9,GCCCCGTCATGGCAGTGGCG,0,1874340
hyuA_predicted,0.1,9,9,GCCCCACAGTCCTGAGGGAT,0,1859471
hyuA_predicted,0.1,9,9,GCCAGTCCGACTCTGAAACA,0,1876698
hyuA_predicted,0.1,9,9,GCCAGCAGATTACGTTTTAT,0,1833115
hyuA_predicted,0.1,9,9,GCCAACAGCCGGACCTGCGG,0,1859232
hyuA_predicted,0.1,9,9,GCCAACACTACCGGTTCTGA,0,1860362
hyuA_predicted,0.1,9,9,GCATTAGGGGTTTGGCGCCA,0,1866269
hyuA_predicted,0.1,9,9,GCATGTGGGTGTGTAAGTTC,0,1833487
hyuA_predicted,0.1,9,9,GCAGCCCACATGCCATCGTA,0,1838175
hyuA_predicted,0.1,9,9,GCAGATTCCGAGCATCTCAG,0,1872326
hyuA_predicted,0.1,9,9,GCAGAGGAGTAAGCAGGAGG,0,1846019
hyuA_predicted,0.1,9,9,GCAAGACTAAGAAGCCAATT,0,1855227
hyuA_predicted,0.1,9,9,GCAAGAATGGCTGCTAGCGG,0,1874148
hyuA_predicted,0.1,9,9,GCAAAGGTAATACAAAACGG,0,1852032
hyuA_predicted,0.1,9,9,GATGTGCCGGGTGGCTACCA,0,1839361
hyuA_predicted,0.1,9,9,GATCTACTGCAGCCTGCCAC,0,1863596
hyuA_predicted,0.1,9,9,GATCCTGGACTATGTCCTCA,0,1831327
hyuA_predicted,0.1,9,9,GATCCTCGCAATCGACCAGC,0,1876902
hyuA_predicted,0.1,9,9,GATCAGACGCAACGTGCCCT,0,1866149
hyuA_predicted,0.1,9,9,GATAGTGGGGATTCGCTCTG,0,1875565
hyuA_predicted,0.1,9,9,GAGTGTAGACTAGGCGTTCA,0,1838820
hyuA_predicted,0.1,9,9,GAGTCCGTTCTAGCGGTTAC,0,1845952
hyuA_predicted,0.1,9,9,GAGGTCAAAGGTGGCTCAAG,0,1842377
hyuA_predicted,0.1,9,9,GAGCTCTAACGCTGATCCGT,0,1832863
hyuA_predicted,0.1,9,9,GAGCATTCGTCTGCGGAATA,0,1845400
hyuA_predicted,0.1,9,9,GAGATATATACGCGGAAGGG,0,1836925
hyuA_predicted,0.1,9,9,GAGATACGCAAGAGCCGACC,0,1845661
hyuA_predicted,0.1,9,9,GAGAGCACCAAAGGCGGCGT,0,1865237
hyuA_predicted,0.1,9,9,GACTATCAGGCCAAGATTTG,0,1830345
hyuA_predicted,0.1,9,9,GACGTTGAGGAGGATCTAAT,0,1869072
hyuA_predicted,0.1,9,9,GACGGTTTGGGGTGGTTTGG,0,1841047
hyuA_predicted,0.1,9,9,GACGAGGTCATGACTTAAAC,0,1864233
hyuA_predicted,0.1,9,9,GACCCTCGGGGATGATTCCA,0,1848621
hyuA_predicted,0.1,9,9,GACATTGGGCCTTCACAACC,0,1856644
hyuA_predicted,0.1,9,9,GAATGTTTTGTCGGCCTGCA,0,1840136
hyuA_predicted,0.1,9,9,GAATCTCAGCCAAAGTGTTC,0,1844935
hyuA_predicted,0.1,9,9,GAATCGTCTTCGTAAATCGA,0,1867405
hyuA_predicted,0.1,9,9,GAATAGTTTAGGACCAACCT,0,1835857
hyuA_predicted,0.1,9,9,GAAGGCAATTGAGAGGATGT,0,1854027
hyuA_predicted,0.1,9,9,GAACTAGCTGTGCAATACTT,0,1871563
hyuA_predicted,0.1,9,9,GAACGTGGGTCATTCGGCGT,0,1867340
hyuA_predicted,0.1,9,9,GAACGGGTTTTCATAGCCTA,0,1849161
hyuA_predicted,0.1,9,9,GAACAGATTCAATGAAACTC,0,1852558
hyuA_predicted,0.1,9,9,GAAATTACCTTGGTCACGGG,0,1861011
hyuA_predicted,0.1,9,9,GAAATGCCTCGGCACACCTG,0,1830992
hyuA_predicted,0.1,9,9,GAAAGCATGGCACTGGCCGC,0,1857666
hyuA_predicted,0.1,9,9,GAAACGTAGTATGTCAGTTC,0,1856722
hyuA_predicted,0.1,9,9,CTTTTCATTCTGCATGGAGT,0,1860428
hyuA_predicted,0.1,9,9,CTTGTTATTGACAGTGTTAG,0,1848481
hyuA_predicted,0.1,9,9,CTTGGTCGGTAACCTTCCAA,0,1833342
hyuA_predicted,0.1,9,9,CTTCCGTTACTGCAATACCT,0,1850347
hyuA_predicted,0.1,9,9,CTTATATCATCTAGTGACTC,0,1837705
hyuA_predicted,0.1,9,9,CTTAGTATGTAGTGGGTAAT,0,1854041
hyuA_predicted,0.1,9,9,CTTAAAACCGTTGGGTTTGG,0,1852286
hyuA_predicted,0.1,9,9,CTGGTAAGACGCAACCGTGT,0,1869357
hyuA_predicted,0.1,9,9,CTGCGTTCAAAAACCATGGA,0,1845637
hyuA_predicted,0.1,9,9,CTGCGAGATTTCTGCATGTC,0,1849553
hyuA_predicted,0.1,9,9,CTGCCCGCCCGCAAAGTCGC,0,1870800
hyuA_predicted,0.1,9,9,CTGCAGCAATTAACGCTGAC,0,1833179
hyuA_predicted,0.1,9,9,CTGATAGACTCGATTCATAC,0,1854130
hyuA_predicted,0.1,9,9,CTGAGCTAAAATGGCCAGGT,0,1843130
hyuA_predicted,0.1,9,9,CTCGGCACACCGCTACAACT,0,1829527
hyuA_predicted,0.1,9,9,CTCCCGCGGTAGGGTGCGAT,0,1857128
hyuA_predicted,0.1,9,9,CTATCTCATGTTTTTACCGG,0,1868658
hyuA_predicted,0.1,9,9,CTATAGCTGGCGTTCGATTA,0,1876989
hyuA_predicted,0.1,9,9,CTAGTTACTTACTAGGTTAA,0,1835151
hyuA_predicted,0.1,9,9,CTAGGTGGCATACGTGGACA,0,1873993
hyuA_predicted,0.1,9,9,CTAGGATGGCCGCTTACGAG,0,1840458
hyuA_predicted,0.1,9,9,CTAGGAGCTTATTCATCGGT,0,1868964
hyuA_predicted,0.1,9,9,CTACCCACTCTCTATAGAGA,0,1856509
hyuA_predicted,0.1,9,9,CGTGTATTATGCTAACCTGG,0,1852671
hyuA_predicted,0.1,9,9,CGTGGACGGGACTGCTGGTC,0,1856746
hyuA_predicted,0.1,9,9,CGTGCCTAAGCCGCAGGCTG,0,1860854
hyuA_predicted,0.1,9,9,CGTATACACAAACGGGGCTG,0,1854435
hyuA_predicted,0.1,9,9,CGTAGAGTAGGGGGAAGCCT,0,1834481
hyuA_predicted,0.1,9,9,CGGTCGTCGTTAAGTGGATG,0,1861760
hyuA_predicted,0.1,9,9,CGGGATGAGGCTTCCTGTCT,0,1858916
hyuA_predicted,0.1,9,9,CGGCTTGTATGATACGAGTG,0,1852749
hyuA_predicted,0.1,9,9,CGGCACGTTAACGAACGGTT,0,1868745
hyuA_predicted,0.1,9,9,CGGCAATTACAGGTAATTTT,0,1843916
hyuA_predicted,0.1,9,9,CGGACACAGGGAACTCTCGG,0,1861241
hyuA_predicted,0.1,9,9,CGCTTTTTGTCCCGGGAAGT,0,1840986
hyuA_predicted,0.1,9,9,CGCTTGAGGACTGGTACCGT,0,1850955
hyuA_predicted,0.1,9,9,CGCTCTAATATTTCTTGGAC,0,1857612
hyuA_predicted,0.1,9,9,CGCTAGAACTCAGGCTTGAT,0,1856480
hyuA_predicted,0.1,9,9,CGCGGTATGTCTGTAAAAGT,0,1863395
hyuA_predicted,0.1,9,9,CGCGCTGCTAGAATGGGGGG,0,1852143
hyuA_predicted,0.1,9,9,CGCCTCTATGAAGTGCTGCT,0,1870607
hyuA_predicted,0.1,9,9,CGCCTAGGTCGGTATAATAT,0,1849928
hyuA_predicted,0.1,9,9,CGCCGGTCTGGTATTTAGAA,0,1844294
hyuA_predicted,0.1,9,9,CGCCGAAAAACATCTCGGTC,0,1846199
hyuA_predicted,0.1,9,9,CGCAGGTGGTGATGTCTTCA,0,1855092
hyuA_predicted,0.1,9,9,CGCACCACGGGACAACCCAC,0,1831736
hyuA_predicted,0.1,9,9,CGATGGATCATGGGATGGGC,0,1865116
hyuA_predicted,0.1,9,9,CGATGAGTTGACCTCACCAG,0,1855277
hyuA_predicted,0.1,9,9,CGATCGATAACAAGTGACAC,0,1840953
hyuA_predicted,0.1,9,9,CGACCTTCAGAGAAAACCTT,0,1852443
hyuA_predicted,0.1,9,9,CGAAGTCTCAATCATTGCGC,0,1841497
hyuA_predicted,0.1,9,9,CGAACAACGTTGTTCAAACT,0,1873006
hyuA_predicted,0.1,9,9,CCTTTCTGGTCAGGAAATGT,0,1832789
hyuA_predicted,0.1,9,9,CCTCCCCAACAAGTAGTGTC,0,1841611
hyuA_predicted,0.1,9,9,CCTCATGTGCTCGTGTTATG,0,1840701
hyuA_predicted,0.1,9,9,CCTAGTCTACTGTGGTCCAC,0,1839567
hyuA_predicted,0.1,9,9,CCGTTTGCGTTTTACAGCAG,0,1860210
hyuA_predicted,0.1,9,9,CCGTTTAAGCCAAACCGTTC,0,1858430
hyuA_predicted,0.1,9,9,CCGTAGCTACCTTAACTTGA,0,1830551
hyuA_predicted,0.1,9,9,CCGGCTGGCGCCTTCCGGCT,0,1866218
hyuA_predicted,0.1,9,9,CCGCTAGGCATGTAGCACTT,0,1860227
hyuA_predicted,0.1,9,9,CCGACTCAGCTAATGTCACA,0,1833222
hyuA_predicted,0.1,9,9,CCGACGTCACTTCGCGGCAA,0,1834881
hyuA_predicted,0.1,9,9,CCCTCTGGAAGAGGCTTGGG,0,1856874
hyuA_predicted,0.1,9,9,CCCGGAGATGTATCTCTGGT,0,1849837
hyuA_predicted,0.1,9,9,CCCGACTCAACATGGAAAGA,0,1850686
hyuA_predicted,0.1,9,9,CCCATGATGTGATTGGCTAT,0,1855248
hyuA_predicted,0.1,9,9,CCCAATCCCGCGTTTGTACC,0,1839812
hyuA_predicted,0.1,9,9,CCATCTTACGAAGACTTCTA,0,1832525
hyuA_predicted,0.1,9,9,CCATCGTTACCAATGCTCAG,0,1846684
hyuA_predicted,0.1,9,9,CCAGCTATAGGAAGCCCCAC,0,1847176
hyuA_predicted,0.1,9,9,CCAATGGAGGTAATACCAAC,0,1851213
hyuA_predicted,0.1,9,9,CCAAGGTATGCTAATCTACT,0,1856403
hyuA_predicted,0.1,9,9,CCAAGCGATTGAGTCATACG,0,1837363
hyuA_predicted,0.1,9,9,CCAACTAGAACATATATGAG,0,1831380
hyuA_predicted,0.1,9,9,CCAAACTTGTACACACCTTG,0,1841501
hyuA_predicted,0.1,9,9,CATTCAATAGTTGACTTAAT,0,1844875
hyuA_predicted,0.1,9,9,CATTATGTTAGGTGACACAA,0,1861128
hyuA_predicted,0.1,9,9,CATCAGGCGATCGACAGAGT,0,1829378
hyuA_predicted,0.1,9,9,CATATTGTACTACACTGCCG,0,1839945
hyuA_predicted,0.1,9,9,CATATCCGGCAGTTGCATGA,0,1875133
hyuA_predicted,0.1,9,9,CATATAGCGTCAGTAAATAG,0,1850978
hyuA_predicted,0.1,9,9,CATACGCAAAACCTTCCGGG,0,1876346
hyuA_predicted,0.1,9,9,CAGTCGCTACCAATCGAGTC,0,1837986
hyuA_predicted,0.1,9,9,CAGTCACGTGTCAGTATGAC,0,1847415
hyuA_predicted,0.1,9,9,CAGGTAATGGGTGAGTGCAT,0,1841140
hyuA_predicted,0.1,9,9,CAGCCGGCGTTGAGAGGGCA,0,1840075
hyuA_predicted,0.1,9,9,CAGCACCAATTGCAAGTCTC,0,1863649
hyuA_predicted,0.1,9,9,CAGATCAAATAGAAATTAGG,0,1859284
hyuA_predicted,0.1,9,9,CAGATACCAAGACCTCTTCA,0,1844099
hyuA_predicted,0.1,9,9,CAGAGTGGGACCTTATCCAA,0,1837870
hyuA_predicted,0.1,9,9,CAGAAGCACCTTAAAAATGT,0,1835785
hyuA_predicted,0.1,9,9,CACTCTCGCACGTATTTTTC,0,1849107
hyuA_predicted,0.1,9,9,CACTAATCCAGTGGGTGGCG,0,1867593
hyuA_predicted,0.1,9,9,CACGCAAACGATCTGGACAA,0,1875804
hyuA_predicted,0.1,9,9,CACCGGCCCGTCAGGCGGCA,0,1858959
hyuA_predicted,0.1,9,9,CACCACCTGGGTGACGCTCT,0,1852130
hyuA_predicted,0.1,9,9,CACACTCAGTATTAGCGTGC,0,1849195
hyuA_predicted,0.1,9,9,CAATCGGCAAACTCAGGCGG,0,1841198
hyuA_predicted,0.1,9,9,CAATCCTTTATTGCTCACCA,0,1832141
hyuA_predicted,0.1,9,9,CAAGTCTACCGAGGTCCCGT,0,1858402
hyuA_predicted,0.1,9,9,CAAGGCAGGCCAGACAAATC,0,1855880
hyuA_predicted,0.1,9,9,CAAGCACGCCGCAACATTGC,0,1849889
hyuA_predicted,0.1,9,9,ATTTTGTGTATCCTGTACGT,0,1829323
hyuA_predicted,0.1,9,9,ATTTCTTTTCCTAATACGGA,0,1855192
hyuA_predicted,0.1,9,9,ATTGTTGCGAGGACACGTTC,0,1864097
hyuA_predicted,0.1,9,9,ATTGAAGGGCAAGCCCAGGT,0,1850879
hyuA_predicted,0.1,9,9,ATTCTTACGACAGGAAGCCC,0,1845565
hyuA_predicted,0.1,9,9,ATTCGCCAGACAGGGAGTAA,0,1860783
hyuA_predicted,0.1,9,9,ATTCCTTCTTCCCAGCGCTC,0,1833594
hyuA_predicted,0.1,9,9,ATTCCTGGCGCTGGCGGAGA,0,1874223
hyuA_predicted,0.1,9,9,ATTCCACAACGATGTGCTTC,0,1845454
hyuA_predicted,0.1,9,9,ATTAGCAGGTACTTACCTTG,0,1864137
hyuA_predicted,0.1,9,9,ATTACACTTCGATTACTCTC,0,1842765
hyuA_predicted,0.1,9,9,ATGTGTCTATGCGGATGCGT,0,1872311
hyuA_predicted,0.1,9,9,ATGTCATGTCTTGTGTTTGA,0,1832387
hyuA_predicted,0.1,9,9,ATGTATTCGGTGGACGATGA,0,1870395
hyuA_predicted,0.1,9,9,ATGGCGCAATAAGGTGCGTA,0,1839388
hyuA_predicted,0.1,9,9,ATGCGATTGACCCACGGTCC,0,1862563
hyuA_predicted,0.1,9,9,ATGCCAGTCAAGGATAAATT,0,1841844
hyuA_predicted,0.1,9,9,ATGCAGTTAGGATGTGGACG,0,1874334
hyuA_predicted,0.1,9,9,ATGAAGAACGCAGATGTATT,0,1875634
hyuA_predicted,0.1,9,9,ATGAAATGCCGAATGTCCGG,0,1836473
hyuA_predicted,0.1,9,9,ATGAAAGATACGCCGCAGAT,0,1854796
hyuA_predicted,0.1,9,9,ATCTCTTTTTGAAGACAGCC,0,1875337
hyuA_predicted,0.1,9,9,ATCTCGTGGGCAAGGCTCAT,0,1864565
hyuA_predicted,0.1,9,9,ATCTCACAGGGTAAGGATAA,0,1847040
hyuA_predicted,0.1,9,9,ATCGCAGGACTAATGCCTCA,0,1836701
hyuA_predicted,0.1,9,9,ATCCGGTGCAACGAATCCCA,0,1843659
hyuA_predicted,0.1,9,9,ATCATTCGTCAAATTACCCA,0,1876504
hyuA_predicted,0.1,9,9,ATCATTAGTATATGTGTGCA,0,1832749
hyuA_predicted,0.1,9,9,ATCATGGGCCGTCTATATGG,0,1854936
hyuA_predicted,0.1,9,9,ATCATCGGGATTAATTTAAG,0,1871300
hyuA_predicted,0.1,9,9,ATATTACAGAAGGCTCTACT,0,1844501
hyuA_predicted,0.1,9,9,ATATCCCGGACTCTGGCTGC,0,1857446
hyuA_predicted,0.1,9,9,ATATAATTGGAGATTCTTGG,0,1870428
hyuA_predicted,0.1,9,9,ATAGGTCACAACGCGCGCCT,0,1876676
hyuA_predicted,0.1,9,9,ATAGGCTTGGTTGTGGTATT,0,1861968
hyuA_predicted,0.1,9,9,ATAGAGTTTTATAACCATCT,0,1852057
hyuA_predicted,0.1,9,9,ATACCATACAGGTACTGTAT,0,1841608
hyuA_predicted,0.1,9,9,ATAAGGGCGTAAGCTGGTTA,0,1860109
hyuA_predicted,0.1,9,9,ATAACTACGGAACCCCCCGA,0,1873044
hyuA_predicted,0.1,9,9,AGTTTTCCCAGCGTCATAGT,0,1857839
hyuA_predicted,0.1,9,9,AGTTCTGCGCGGGTCTTTAT,0,1829614
hyuA_predicted,0.1,9,9,AGTGCAAGGACCTGGATTAG,0,1830261
hyuA_predicted,0.1,9,9,AGTCTGTGGGAGGAGGACCT,0,1874192
hyuA_predicted,0.1,9,9,AGTCCGGGAGGAGCTGGACA,0,1832966
hyuA_predicted,0.1,9,9,AGTAAACAGTCATTTATTCA,0,1851969
hyuA_predicted,0.1,9,9,AGGTGGGTCAAATAGAACAG,0,1873373
hyuA_predicted,0.1,9,9,AGGTGGCCTTCATCCGAATC,0,1840922
hyuA_predicted,0.1,9,9,AGGTCCTATTTATGTCGAGG,0,1856216
hyuA_predicted,0.1,9,9,AGGTACCGTTGGGATAGGGA,0,1848668
hyuA_predicted,0.1,9,9,AGGTACCCTAGGGAAGTTCT,0,1849743
hyuA_predicted,0.1,9,9,AGGGGTCCCCTATGATACTT,0,1830030
hyuA_predicted,0.1,9,9,AGGGATCCAGTCGCCTCCAC,0,1859369
hyuA_predicted,0.1,9,9,AGGCGCATTCAATTGGGGCG,0,1864068
hyuA_predicted,0.1,9,9,AGGCACCAATAGTACCGTGG,0,1859631
hyuA_predicted,0.1,9,9,AGGACGCAGGGACCTTCGCC,0,1833276
hyuA_predicted,0.1,9,9,AGGACCGATGTAAGGCCACG,0,1863442
hyuA_predicted,0.1,9,9,AGCGTGCTCAATGACAGTAG,0,1860115
hyuA_predicted,0.1,9,9,AGCGCATAAAAGACTGGGCA,0,1857843
hyuA_predicted,0.1,9,9,AGCGACCCCAGTTCAGGGTC,0,1858960
hyuA_predicted,0.1,9,9,AGCCGTACTGAACTCTCAAG,0,1838430
hyuA_predicted,0.1,9,9,AGCCGGTGGGATCTGAAGAC,0,1840893
hyuA_predicted,0.1,9,9,AGCATTGTACCGGTTCGGAC,0,1869046
hyuA_predicted,0.1,9,9,AGCATCTGATACCGTGCGAA,0,1836342
hyuA_predicted,0.1,9,9,AGCACGTATAACATTTCAAG,0,1855048
hyuA_predicted,0.1,9,9,AGCAAACTCGTCATTCGACA,0,1852743
hyuA_predicted,0.1,9,9,AGATATCATCGAATGTTTAT,0,1842294
hyuA_predicted,0.1,9,9,AGATACGGTAGCGAACGAAA,0,1873691
hyuA_predicted,0.1,9,9,AGAGCTGGCTTAGCAGACTA,0,1847301
hyuA_predicted,0.1,9,9,AGACCTACCATGACGTAGTA,0,1866146
hyuA_predicted,0.1,9,9,AGACACTCTGGGAACATAAC,0,1867774
hyuA_predicted,0.1,9,9,AGAAAGGCTTGTCTAAACGT,0,1831745
hyuA_predicted,0.1,9,9,ACTTTGTTTCCGGTCAACGT,0,1859486
hyuA_predicted,0.1,9,9,ACTTTCATTAGAATCATACC,0,1838921
hyuA_predicted,0.1,9,9,ACTTAGTGAAGCAGGCCATT,0,1866177
hyuA_predicted,0.1,9,9,ACTGCCAGTACATGGACTGC,0,1849663
hyuA_predicted,0.1,9,9,ACTCGACATTTTACACCTAG,0,1846097
hyuA_predicted,0.1,9,9,ACTCAATCGTACTTTCACTC,0,1856152
hyuA_predicted,0.1,9,9,ACTACAAAGACAGGGCCAAC,0,1876876
hyuA_predicted,0.1,9,9,ACTAATCTGAGCCATTGTAC,0,1844505
hyuA_predicted,0.1,9,9,ACGTTGAACAGGGGGGCCAA,0,1833150
hyuA_predicted,0.1,9,9,ACGTTCAGGCATCACGGCTG,0,1850096
hyuA_predicted,0.1,9,9,ACGTTATAACCGGTCTCCCG,0,1859923
hyuA_predicted,0.1,9,9,ACGTTACGAGGGACACTGTT,0,1839822
hyuA_predicted,0.1,9,9,ACGTCCCAGACGGCTTATGT,0,1868052
hyuA_predicted,0.1,9,9,ACGGTTTGGCTGGAGTACAA,0,1835698
hyuA_predicted,0.1,9,9,ACGCTGTGACACTCGAAGGC,0,1846491
hyuA_predicted,0.1,9,9,ACGCGGGTTAGCTTGGAACT,0,1843455
hyuA_predicted,0.1,9,9,ACGCCGTACACCACGGTGAT,0,1863705
hyuA_predicted,0.1,9,9,ACGATCCGCCCCAAGTTCGC,0,1863846
hyuA_predicted,0.1,9,9,ACGATACTTCAATTGGTAAT,0,1836567
hyuA_predicted,0.1,9,9,ACGAGGAACAGGGAGGTGAC,0,1863830
hyuA_predicted,0.1,9,9,ACGACCCATACTTGGTTACA,0,1849601
hyuA_predicted,0.1,9,9,ACGAAGAAAATCTTTAGTGA,0,1851039
hyuA_predicted,0.1,9,9,ACCTTCTACCCCTATTAATA,0,1853286
hyuA_predicted,0.1,9,9,ACCGGCAGGGGCGCCCTCTA,0,1856565
hyuA_predicted,0.1,9,9,ACCGCCAGCTACAGTGAGTC,0,1861408
hyuA_predicted,0.1,9,9,ACCGACTACAATAGTGTAGG,0,1868197
hyuA_predicted,0.1,9,9,ACCCCATTGGAGTTAAATCC,0,1847364
hyuA_predicted,0.1,9,9,ACCCCATAGGGCAGGTTAAC,0,1852732
hyuA_predicted,0.1,9,9,ACCCAATGGGCATGTTAATT,0,1869965
hyuA_predicted,0.1,9,9,ACCATGGAAGGACCTTCGAG,0,1842237
hyuA_predicted,0.1,9,9,ACCATATTTTGTTTTCGCCA,0,1859648
hyuA_predicted,0.1,9,9,ACCATAGTCAACTCGCCTCG,0,1846098
hyuA_predicted,0.1,9,9,ACATGCATGGTGGAGGGACA,0,1866292
hyuA_predicted,0.1,9,9,ACATCTAAGTTTAGGAGGAA,0,1858630
hyuA_predicted,0.1,9,9,ACAGGGAACGCCTCGTACCT,0,1855792
hyuA_predicted,0.1,9,9,ACAGCTCAAGAAGCCTATGT,0,1836842
hyuA_predicted,0.1,9,9,ACAGAGCGGAGGGACGCACA,0,1861592
hyuA_predicted,0.1,9,9,ACAATTTTCCTATGTTGGTA,0,1837212
hyuA_predicted,0.1,9,9,ACAATAGCGGGACGCTTCAT,0,1861862
hyuA_predicted,0.1,9,9,ACAATAGAACTCGAGTCCTA,0,1829087
hyuA_predicted,0.1,9,9,ACAACTCGACGGATCGTTAT,0,1857916
hyuA_predicted,0.1,9,9,ACAAAGTTGTGGATGGGTCC,0,1860126
hyuA_predicted,0.1,9,9,ACAAAGACGTAACTCAGAAG,0,1833681
hyuA_predicted,0.1,9,9,AATTTGACTTTTGGACTAAT,0,1840492
hyuA_predicted,0.1,9,9,AATTTACACGGAGTGCTTGC,0,1873775
hyuA_predicted,0.1,9,9,AATTCTTGACCCTACAAAGG,0,1863368
hyuA_predicted,0.1,9,9,AATGTGATTTATGGACAGGT,0,1871545
hyuA_predicted,0.1,9,9,AATGTCATTCGTGAAGAGCC,0,1863847
hyuA_predicted,0.1,9,9,AATGGGACGTATTAACGTAG,0,1852044
hyuA_predicted,0.1,9,9,AATCTGAGGCGGTAATACTT,0,1840166
hyuA_predicted,0.1,9,9,AATCGGGTTTCGGTTCGACC,0,1868256
hyuA_predicted,0.1,9,9,AATCGCTTCCTGCGACGCCG,0,1851311
hyuA_predicted,0.1,9,9,AATATAAGTGTCGTTGACTT,0,1851417
hyuA_predicted,0.1,9,9,AATAGGTACGAAGCGGTTGA,0,1848207
hyuA_predicted,0.1,9,9,AATAGCACGGGCTGGGATAC,0,1832713
hyuA_predicted,0.1,9,9,AATACCTGTATTCGACCAGG,0,1845497
hyuA_predicted,0.1,9,9,AATAAGTGGCTCCGTAGGTC,0,1829366
hyuA_predicted,0.1,9,9,AAGTCGCATCTACACTGAAA,0,1866200
hyuA_predicted,0.1,9,9,AAGGTCACAGCATGCGGTTT,0,1842949
hyuA_predicted,0.1,9,9,AAGGCATGTGGTATGGGACA,0,1843537
hyuA_predicted,0.1,9,9,AAGGATTTAGCACCATGTGT,0,1836375
hyuA_predicted,0.1,9,9,AAGGACGCCGCCAGCTCGCC,0,1854580
hyuA_predicted,0.1,9,9,AAGCTGCTCGAACCATTCGT,0,1865347
hyuA_predicted,0.1,9,9,AAGCGAGCAAAATACAAGTG,0,1870510
hyuA_predicted,0.1,9,9,AAGAAAGCTACACTCGTTAT,0,1865956
hyuA_predicted,0.1,9,9,AACTGAATGTCCCACCCCGC,0,1862757
hyuA_predicted,0.1,9,9,AACGGCTCTACGGATACAAT,0,1852164
hyuA_predicted,0.1,9,9,AACCGTTTGCGGCACTGAAC,0,1875642
hyuA_predicted,0.1,9,9,AACCAATAGAATATACTCGC,0,1839898
hyuA_predicted,0.1,9,9,AACCAAGTAGCAGTGTTAGA,0,1868674
hyuA_predicted,0.1,9,9,AACAATCGTAGCGAGGGGCA,0,1875272
hyuA_predicted,0.1,9,9,AAATTCTTCCACTGAAGGCG,0,1860737
hyuA_predicted,0.1,9,9,AAATAGTGAGGGTTCCGTCC,0,1842449
hyuA_predicted,0.1,9,9,AAATACATAATAGGTTAGTA,0,1839617
hyuA_predicted,0.1,9,9,AAAGTCCCCCGCCCACGGAA,0,1846981
hyuA_predicted,0.1,9,9,AAAGCTCGAAGCTCAACCTC,0,1870406
hyuA_predicted,0.1,9,9,AAAGCCGATGGACGTTTGTA,0,1852471
hyuA_predicted,0.1,9,9,AAACTGGACGGGCGTAGTAA,0,1856610
hyuA_predicted,0.1,9,9,AAAACATTTGGTTGGGGGCA,0,1846371
hyuA_predicted,0.1111111111111111,8,8,TTTTTATAGTACTTCCTAGA,0,1863838
hyuA_predicted,0.1111111111111111,8,8,TTTTGCTTGCTAAGCTATAG,0,1856333
hyuA_predicted,0.1111111111111111,8,8,TTTTATAGATGACAGATTGT,0,1876863
hyuA_predicted,0.1111111111111111,8,8,TTTTACCCTACATCCAGTTG,0,1835204
hyuA_predicted,0.1111111111111111,8,8,TTTTACACTCTGGCTATAAC,0,1869281
hyuA_predicted,0.1111111111111111,8,8,TTTGTCTGTAATGCTGGACA,0,1876371
hyuA_predicted,0.1111111111111111,8,8,TTTATCATGACCTTTAAGTA,0,1837651
hyuA_predicted,0.1111111111111111,8,8,TTTAAACGCTACTTCGCTAA,0,1869105
hyuA_predicted,0.1111111111111111,8,8,TTGGTACAGGAGGGATGTGG,0,1846915
hyuA_predicted,0.1111111111111111,8,8,TTGGCCCATAACGATTTCTG,0,1852211
hyuA_predicted,0.1111111111111111,8,8,TTGGATCAGCGCGGAAAGGC,0,1844673
hyuA_predicted,0.1111111111111111,8,8,TTGACAGCAGGAAAACTTAT,0,1845150
hyuA_predicted,0.1111111111111111,8,8,TTGAATGGGAAGGAAACAGT,0,1863722
hyuA_predicted,0.1111111111111111,8,8,TTCTTACTGGCGTCTATTAC,0,1874246
hyuA_predicted,0.1111111111111111,8,8,TTCGCGCACAGTAGGCCCAC,0,1868449
hyuA_predicted,0.1111111111111111,8,8,TTCCTTGGGGAGTTAAGAGT,0,1840587
hyuA_predicted,0.1111111111111111,8,8,TTCCCCAGGGAGCTTATTAA,0,1847622
hyuA_predicted,0.1111111111111111,8,8,TTCCCACATCAAGGCTGCGG,0,1859321
hyuA_predicted,0.1111111111111111,8,8,TTCCACCAGTGCACAAGTCG,0,1859703
hyuA_predicted,0.1111111111111111,8,8,TTCATCAACGCGATTTCGGT,0,1843441
hyuA_predicted,0.1111111111111111,8,8,TTATTGGCCGACATGTGCCA,0,1848787
hyuA_predicted,0.1111111111111111,8,8,TTATGTGACGCGAATGCTGA,0,1847365
hyuA_predicted,0.1111111111111111,8,8,TTATCATCGGTGGATTAGCA,0,1849176
hyuA_predicted,0.1111111111111111,8,8,TTATAGAGATCGGACTGTAA,0,1845370
hyuA_predicted,0.1111111111111111,8,8,TTAGTAGCATAAGCAAGGCC,0,1832295
hyuA_predicted,0.1111111111111111,8,8,TTACTCACACAACTCCCAAT,0,1863766
hyuA_predicted,0.1111111111111111,8,8,TTACTACCGGCAACTTCCTG,0,1870109
hyuA_predicted,0.1111111111111111,8,8,TTACGGACCCTGATTGCTTA,0,1850578
hyuA_predicted,0.1111111111111111,8,8,TTACGCTTTATCCACACCTT,0,1857836
hyuA_predicted,0.1111111111111111,8,8,TTACAGATTCCCTGAATCTT,0,1876442
hyuA_predicted,0.1111111111111111,8,8,TGTGCTGGTACCGGTAGCCA,0,1853160
hyuA_predicted,0.1111111111111111,8,8,TGTGCGATTCACCTCCAAAA,0,1833587
hyuA_predicted,0.1111111111111111,8,8,TGTGACCACGTAATTGAAAT,0,1832744
hyuA_predicted,0.1111111111111111,8,8,TGTGACAGAGTTGTTCGCAA,0,1833259
hyuA_predicted,0.1111111111111111,8,8,TGTCTAATAGAGGAGCTAAC,0,1848523
hyuA_predicted,0.1111111111111111,8,8,TGTACGGCGGGTACAAACGG,0,1871556
hyuA_predicted,0.1111111111111111,8,8,TGTACAATAATTGAGGAGAG,0,1874019
hyuA_predicted,0.1111111111111111,8,8,TGTAAGGTTCCTCTTTATCT,0,1834965
hyuA_predicted,0.1111111111111111,8,8,TGGGTAAGATCATAGCTGCC,0,1862889
hyuA_predicted,0.1111111111111111,8,8,TGGGGGTAGTAGTTTTAGGT,0,1858896
hyuA_predicted,0.1111111111111111,8,8,TGGGGCCGGTGGGAATGAGA,0,1846488
hyuA_predicted,0.1111111111111111,8,8,TGGGGAAGACTGTACATTAC,0,1862834
hyuA_predicted,0.1111111111111111,8,8,TGGCTGGGTAATCAGATCCG,0,1847692
hyuA_predicted,0.1111111111111111,8,8,TGGCCGAGAGGAGGTATCAA,0,1850950
hyuA_predicted,0.1111111111111111,8,8,TGCTTGCCTGTAGTCAGCCT,0,1843899
hyuA_predicted,0.1111111111111111,8,8,TGCTTATCGTTTGGGGTTAT,0,1835906
hyuA_predicted,0.1111111111111111,8,8,TGCGTCTACTCTCCCGGGCT,0,1853604
hyuA_predicted,0.1111111111111111,8,8,TGCGCTAGCGGATATTTAGG,0,1843356
hyuA_predicted,0.1111111111111111,8,8,TGCCTTAACAGGGCTCACGT,0,1872267
hyuA_predicted,0.1111111111111111,8,8,TGCCGTCGGTGACTTTTGTG,0,1866449
hyuA_predicted,0.1111111111111111,8,8,TGCCCCTCAGGCGAACTGGA,0,1857624
hyuA_predicted,0.1111111111111111,8,8,TGCATGCCGACGCTCGCGCG,0,1866252
hyuA_predicted,0.1111111111111111,8,8,TGATTTTCCGATCCCGTTGA,0,1859488
hyuA_predicted,0.1111111111111111,8,8,TGATTATTGGCCGTAACTTG,0,1869100
hyuA_predicted,0.1111111111111111,8,8,TGATCGGAATCTCGAGTACG,0,1855498
hyuA_predicted,0.1111111111111111,8,8,TGATAAACCCACATCCAATT,0,1851259
hyuA_predicted,0.1111111111111111,8,8,TGACAGCGGACTAGCATTAC,0,1843109
hyuA_predicted,0.1111111111111111,8,8,TGAATGTCGCTGGCAATCGG,0,1869108
hyuA_predicted,0.1111111111111111,8,8,TGAACTGGGTTTCTGGGGCA,0,1857296
hyuA_predicted,0.1111111111111111,8,8,TGAACAATCCTGGACAGTGC,0,1877110
hyuA_predicted,0.1111111111111111,8,8,TCTTGGCGCGCGCGTTATGT,0,1872134
hyuA_predicted,0.1111111111111111,8,8,TCTGGGACATTGGCCCGAAC,0,1839152
hyuA_predicted,0.1111111111111111,8,8,TCTCTTGCACGGAGAATCAG,0,1834677
hyuA_predicted,0.1111111111111111,8,8,TCTCTGACGTTATCGTGGAG,0,1856720
hyuA_predicted,0.1111111111111111,8,8,TCTATAGACAAACTGCCTAG,0,1876152
hyuA_predicted,0.1111111111111111,8,8,TCGTTCCAACGACTGGTAAA,0,1861389
hyuA_predicted,0.1111111111111111,8,8,TCGGTTATGAACGCGGCTCC,0,1863754
hyuA_predicted,0.1111111111111111,8,8,TCGGGGTCATTATTTAATTC,0,1874053
hyuA_predicted,0.1111111111111111,8,8,TCGCGCGTTCAGCTGTGGGA,0,1860206
hyuA_predicted,0.1111111111111111,8,8,TCGCGCCCTGGCCGGCGCGC,0,1876182
hyuA_predicted,0.1111111111111111,8,8,TCGCAACCATCCGGTTGCAT,0,1845913
hyuA_predicted,0.1111111111111111,8,8,TCGAGGGACGTTGGTATTGC,0,1863343
hyuA_predicted,0.1111111111111111,8,8,TCCTACGCTTGCGCGACCAT,0,1832450
hyuA_predicted,0.1111111111111111,8,8,TCCGGTCATGATACGCCTAC,0,1845167
hyuA_predicted,0.1111111111111111,8,8,TCCGGGTGAAGTGCTTCTCC,0,1849309
hyuA_predicted,0.1111111111111111,8,8,TCCCTAAACGGGCTGAGTTA,0,1871942
hyuA_predicted,0.1111111111111111,8,8,TCCCCTGAGGTGCAGAGCTC,0,1871661
hyuA_predicted,0.1111111111111111,8,8,TCCATAATGCATGTGGTTAT,0,1872717
hyuA_predicted,0.1111111111111111,8,8,TCCAATGTTTTCCGAGTTTC,0,1872737
hyuA_predicted,0.1111111111111111,8,8,TCCAATCCAGGAGTTGGCAA,0,1831090
hyuA_predicted,0.1111111111111111,8,8,TCCAAAGGTCACGGCATGGC,0,1858351
hyuA_predicted,0.1111111111111111,8,8,TCATGATACAAGTGGGCACA,0,1851221
hyuA_predicted,0.1111111111111111,8,8,TCAGGTTAGCCGCAACCCAT,0,1867377
hyuA_predicted,0.1111111111111111,8,8,TATTTCACCGGGATGGTAAA,0,1846068
hyuA_predicted,0.1111111111111111,8,8,TATTAATCGTCACTACCGTA,0,1855191
hyuA_predicted,0.1111111111111111,8,8,TATGTTGATTTGCTAAACCA,0,1835998
hyuA_predicted,0.1111111111111111,8,8,TATGCCCGGACGTCCCACAA,0,1863178
hyuA_predicted,0.1111111111111111,8,8,TATCCAAAGTACAGGCTATG,0,1877630
hyuA_predicted,0.1111111111111111,8,8,TATATTCGGGCGGATTTTTG,0,1832449
hyuA_predicted,0.1111111111111111,8,8,TATACCCTAAAACTTGGAAG,0,1840666
hyuA_predicted,0.1111111111111111,8,8,TATAACATTCGGACTGCTAG,0,1848002
hyuA_predicted,0.1111111111111111,8,8,TAGGTGACGGGGAGCATCAA,0,1839586
hyuA_predicted,0.1111111111111111,8,8,TAGGGCTATGAGTGTCAGGG,0,1860322
hyuA_predicted,0.1111111111111111,8,8,TAGGCATGCTGAGTCCGTAT,0,1839495
hyuA_predicted,0.1111111111111111,8,8,TAGAAAAATGAATCGCCACT,0,1846823
hyuA_predicted,0.1111111111111111,8,8,TACTTAAACTCACCGTCAAA,0,1858265
hyuA_predicted,0.1111111111111111,8,8,TACTATTTCCATGCAGCCGT,0,1868902
hyuA_predicted,0.1111111111111111,8,8,TACCGGTCACCAGGGGGGAC,0,1832639
hyuA_predicted,0.1111111111111111,8,8,TACCAACACTGGTGAGGGAA,0,1859988
hyuA_predicted,0.1111111111111111,8,8,TACAATGCTAGCAGCTCCGC,0,1841492
hyuA_predicted,0.1111111111111111,8,8,TAATGGTTAATTTTAATTGC,0,1843809
hyuA_predicted,0.1111111111111111,8,8,TAATACGACTCATGACCATG,0,1872393
hyuA_predicted,0.1111111111111111,8,8,TAATAAATGTCCTGCCCTTC,0,1855833
hyuA_predicted,0.1111111111111111,8,8,TAAGTTTAAGAACTACATCT,0,1865340
hyuA_predicted,0.1111111111111111,8,8,TAAGTTGGGACCTCTTTGTT,0,1844059
hyuA_predicted,0.1111111111111111,8,8,TAAGATTCTTCCCCACGTAT,0,1831714
hyuA_predicted,0.1111111111111111,8,8,TAACAGCAAACCCTACAATA,0,1831829
hyuA_predicted,0.1111111111111111,8,8,TAAACTCCTCTGGTGGTAGT,0,1871388
hyuA_predicted,0.1111111111111111,8,8,GTTTTTGGACTGTTACAGGT,0,1866568
hyuA_predicted,0.1111111111111111,8,8,GTTTGACTGGTGGCCATTGC,0,1831165
hyuA_predicted,0.1111111111111111,8,8,GTTTCAGGCCGATAAGCCAA,0,1847333
hyuA_predicted,0.1111111111111111,8,8,GTTGGGCTGCTGGTCCCCCA,0,1855974
hyuA_predicted,0.1111111111111111,8,8,GTTGCTCAGATCGAGACCTG,0,1842786
hyuA_predicted,0.1111111111111111,8,8,GTTGAGGTAAATCTCAGCTG,0,1875031
hyuA_predicted,0.1111111111111111,8,8,GTTGACCCAGGCACTGTGGA,0,1854045
hyuA_predicted,0.1111111111111111,8,8,GTTCGCTGTATTCACGGGCT,0,1846462
hyuA_predicted,0.1111111111111111,8,8,GTTCGCGCGGAGAGAGCGCC,0,1832111
hyuA_predicted,0.1111111111111111,8,8,GTGTTGGGTAGCTTTTTGTG,0,1867737
hyuA_predicted,0.1111111111111111,8,8,GTGTCTTTTTCCAGGTTTTG,0,1838058
hyuA_predicted,0.1111111111111111,8,8,GTGTCCCCCGGATCGCTTCC,0,1828947
hyuA_predicted,0.1111111111111111,8,8,GTGTCATAAACCAGGTAAAG,0,1831222
hyuA_predicted,0.1111111111111111,8,8,GTGGTTAAGAATAACAAGAT,0,1835467
hyuA_predicted,0.1111111111111111,8,8,GTGGGTACCACGTGCAACAC,0,1853038
hyuA_predicted,0.1111111111111111,8,8,GTGGAACCCTTGTAAGGCAT,0,1869762
hyuA_predicted,0.1111111111111111,8,8,GTGCGTTCGGCGTTACAAGA,0,1872373
hyuA_predicted,0.1111111111111111,8,8,GTGCGAGGCGCGGCGGCTTA,0,1858552
hyuA_predicted,0.1111111111111111,8,8,GTGCCCTAAAGTCACTATCG,0,1833349
hyuA_predicted,0.1111111111111111,8,8,GTGCATAGCGACCAGGGGTC,0,1830750
hyuA_predicted,0.1111111111111111,8,8,GTGCAAGGAGCGTTTACGTA,0,1871647
hyuA_predicted,0.1111111111111111,8,8,GTGATTTGTCTTCAATACAT,0,1861340
hyuA_predicted,0.1111111111111111,8,8,GTGAGGTTATATGCGATGCC,0,1853873
hyuA_predicted,0.1111111111111111,8,8,GTCTTACCATAACCCGAGGG,0,1872061
hyuA_predicted,0.1111111111111111,8,8,GTCTGCGACATTAGCGAATT,0,1843841
hyuA_predicted,0.1111111111111111,8,8,GTCGTGATAGTCGCGCGTCT,0,1843112
hyuA_predicted,0.1111111111111111,8,8,GTCGAGACCAGCCACTATCT,0,1851079
hyuA_predicted,0.1111111111111111,8,8,GTCGAAAGCCAAGCGGTTGG,0,1857024
hyuA_predicted,0.1111111111111111,8,8,GTCCGCACCTCGATGTAACG,0,1838047
hyuA_predicted,0.1111111111111111,8,8,GTCACAGTTTATTGAGACAT,0,1871746
hyuA_predicted,0.1111111111111111,8,8,GTATCCTAGTACCAGTAGTC,0,1848077
hyuA_predicted,0.1111111111111111,8,8,GTATATCTTAACCACGGGTG,0,1849042
hyuA_predicted,0.1111111111111111,8,8,GTATAGCCGTGGGTATCAGG,0,1855736
hyuA_predicted,0.1111111111111111,8,8,GTAGGTCAAGGGACTGAAAG,0,1857122
hyuA_predicted,0.1111111111111111,8,8,GTAGGGTATACCGGCAGAAT,0,1856617
hyuA_predicted,0.1111111111111111,8,8,GTACTTGCCCCGCTTTTTAA,0,1873313
hyuA_predicted,0.1111111111111111,8,8,GTAAGTTTGTATTATATTCG,0,1835564
hyuA_predicted,0.1111111111111111,8,8,GTAAAAACGCAGGGTTGACG,0,1844080
hyuA_predicted,0.1111111111111111,8,8,GGTTTTTCGCGCTGGCTGAC,0,1864937
hyuA_predicted,0.1111111111111111,8,8,GGTTACGGCGTCTGGACGGC,0,1874088
hyuA_predicted,0.1111111111111111,8,8,GGTGTTAGACAAAGCTGTAA,0,1865778
hyuA_predicted,0.1111111111111111,8,8,GGTGGACCCGAGATGGATTA,0,1863022
hyuA_predicted,0.1111111111111111,8,8,GGTGCTTCGCGCGGAAGGAC,0,1854242
hyuA_predicted,0.1111111111111111,8,8,GGTCTACTTGTCCGGTAAGA,0,1871151
hyuA_predicted,0.1111111111111111,8,8,GGTATTTGTGTCCTCAGGAA,0,1860241
hyuA_predicted,0.1111111111111111,8,8,GGTATAATGGAGATCTTGAT,0,1863736
hyuA_predicted,0.1111111111111111,8,8,GGTAGTCGCAAACGTGAAAA,0,1851517
hyuA_predicted,0.1111111111111111,8,8,GGTAGTACGGGATTCCTTTC,0,1875017
hyuA_predicted,0.1111111111111111,8,8,GGTAGGCCCAAGAAATTGGA,0,1864625
hyuA_predicted,0.1111111111111111,8,8,GGTACCCACTACGCGGTGCA,0,1854074
hyuA_predicted,0.1111111111111111,8,8,GGGTTATTTGTCGTGATGCT,0,1864031
hyuA_predicted,0.1111111111111111,8,8,GGGTGCAGGGGCCTGTTAGA,0,1872501
hyuA_predicted,0.1111111111111111,8,8,GGGTCTCACGTACTTAGGGG,0,1868284
hyuA_predicted,0.1111111111111111,8,8,GGGTAGGCTTAATTCAAAAT,0,1844851
hyuA_predicted,0.1111111111111111,8,8,GGGTAGGCTCCTGAGGTCGT,0,1863661
hyuA_predicted,0.1111111111111111,8,8,GGGGTTTCAGCCGAGTAACG,0,1848935
hyuA_predicted,0.1111111111111111,8,8,GGGGTCTTGGCGGTTACCGT,0,1872440
hyuA_predicted,0.1111111111111111,8,8,GGGGGCTGTGAACCCAGCCA,0,1852353
hyuA_predicted,0.1111111111111111,8,8,GGGGCGCAGTCAGCTCTCAG,0,1864873
hyuA_predicted,0.1111111111111111,8,8,GGGGCCATGCCGCACGGGCT,0,1862718
hyuA_predicted,0.1111111111111111,8,8,GGGGAAATTAAGGAGGTCAG,0,1866552
hyuA_predicted,0.1111111111111111,8,8,GGGCGCACTGCGTACTCAAG,0,1837236
hyuA_predicted,0.1111111111111111,8,8,GGGCCTCGATTTCTTATGGA,0,1848260
hyuA_predicted,0.1111111111111111,8,8,GGGATAGTTCAGGGTCCCAC,0,1837972
hyuA_predicted,0.1111111111111111,8,8,GGCGGTTTTGCGAGCGCTCC,0,1834649
hyuA_predicted,0.1111111111111111,8,8,GGCGGATTGTTCTAATTAGT,0,1844882
hyuA_predicted,0.1111111111111111,8,8,GGCGCGCCGATACCATTTTG,0,1843925
hyuA_predicted,0.1111111111111111,8,8,GGCCGTCCTACGTATGGTTC,0,1868190
hyuA_predicted,0.1111111111111111,8,8,GGCCGAGTGTGGTTTATATG,0,1852508
hyuA_predicted,0.1111111111111111,8,8,GGCCCGTCTCAACACGTCGC,0,1870390
hyuA_predicted,0.1111111111111111,8,8,GGCAAAGCTGTGAATGCTAA,0,1866897
hyuA_predicted,0.1111111111111111,8,8,GGATGATCACTGGTGAATGT,0,1840905
hyuA_predicted,0.1111111111111111,8,8,GGAGACCCGCAGGGGGCAGA,0,1844449
hyuA_predicted,0.1111111111111111,8,8,GGACAAGGTGGCTTTACTAT,0,1844315
hyuA_predicted,0.1111111111111111,8,8,GGAATGGGTGAACACATTCC,0,1870145
hyuA_predicted,0.1111111111111111,8,8,GGAACACGAACCCAGAGCCA,0,1859487
hyuA_predicted,0.1111111111111111,8,8,GGAAATACGGTGTGACTATG,0,1861472
hyuA_predicted,0.1111111111111111,8,8,GCTTGAACAGCACCCGCCAG,0,1868283
hyuA_predicted,0.1111111111111111,8,8,GCTTCAGCTCGCTTCTCCCC,0,1855060
hyuA_predicted,0.1111111111111111,8,8,GCTGATTAGCCAATTTATGT,0,1834406
hyuA_predicted,0.1111111111111111,8,8,GCTCGGAGGGAGATACTCTT,0,1872471
hyuA_predicted,0.1111111111111111,8,8,GCTCACAAATCGCCGGGGGA,0,1846069
hyuA_predicted,0.1111111111111111,8,8,GCTATTGTTCGTCTCCGTAT,0,1854387
hyuA_predicted,0.1111111111111111,8,8,GCGTTTCGTGGCCCCAATGG,0,1870517
hyuA_predicted,0.1111111111111111,8,8,GCGTGATTCGACTTCAAGGG,0,1869804
hyuA_predicted,0.1111111111111111,8,8,GCGTCACCGACATGACAGCT,0,1862088
hyuA_predicted,0.1111111111111111,8,8,GCGGTCTCGATCAGCTAATT,0,1873840
hyuA_predicted,0.1111111111111111,8,8,GCGGCTTTGAGCTTGGATCT,0,1856383
hyuA_predicted,0.1111111111111111,8,8,GCGCCGGCCCTAGAGCGGCC,0,1860983
hyuA_predicted,0.1111111111111111,8,8,GCGCACTTACACAATTCAGC,0,1842580
hyuA_predicted,0.1111111111111111,8,8,GCGCACGGAATGCCTCTGTT,0,1852139
hyuA_predicted,0.1111111111111111,8,8,GCGCACCATTGACTTCATTG,0,1831786
hyuA_predicted,0.1111111111111111,8,8,GCCTTAGAAGCCGCTGCGAA,0,1840046
hyuA_predicted,0.1111111111111111,8,8,GCCTGAGTCTCGACTATTGG,0,1853495
hyuA_predicted,0.1111111111111111,8,8,GCCTAGGCATTGAATTCAGG,0,1849193
hyuA_predicted,0.1111111111111111,8,8,GCCTACTCAGGGCCAAACCT,0,1830580
hyuA_predicted,0.1111111111111111,8,8,GCCGGTGCGTCTTCGGAATA,0,1876157
hyuA_predicted,0.1111111111111111,8,8,GCCGATGGCCCGAAGGGCTG,0,1858827
hyuA_predicted,0.1111111111111111,8,8,GCCGATGCAGTATTCTATGC,0,1837549
hyuA_predicted,0.1111111111111111,8,8,GCCGACTACGCTGCTCAATA,0,1851853
hyuA_predicted,0.1111111111111111,8,8,GCCCTTCTTCGATGTGGGTA,0,1848806
hyuA_predicted,0.1111111111111111,8,8,GCCCTCGAGTTTAGAGATCA,0,1873135
hyuA_predicted,0.1111111111111111,8,8,GCATATGCTCCCCCTGAGGT,0,1838544
hyuA_predicted,0.1111111111111111,8,8,GCATACTATGTTAAACTGAA,0,1863425
hyuA_predicted,0.1111111111111111,8,8,GCATACGCGCGTTACAGATT,0,1864725
hyuA_predicted,0.1111111111111111,8,8,GCATAAGGGGTGAGTCAGTC,0,1873764
hyuA_predicted,0.1111111111111111,8,8,GCATAAAAGTTACCATTCTC,0,1875320
hyuA_predicted,0.1111111111111111,8,8,GCAGTTCCATGGACTTGTAC,0,1835952
hyuA_predicted,0.1111111111111111,8,8,GCAGGGCAACTTTGTTATGG,0,1869515
hyuA_predicted,0.1111111111111111,8,8,GCAGAATAATTGGCATTGTA,0,1872817
hyuA_predicted,0.1111111111111111,8,8,GCACGTGGGACCTTCTGGCG,0,1839977
hyuA_predicted,0.1111111111111111,8,8,GCACATGGCGACCCCTATTC,0,1855499
hyuA_predicted,0.1111111111111111,8,8,GCACAGAAATGGAATGCGCG,0,1872598
hyuA_predicted,0.1111111111111111,8,8,GCACACTGCGATTACAGAAG,0,1866028
hyuA_predicted,0.1111111111111111,8,8,GCAATGCGGTAGAGGGCGCA,0,1869017
hyuA_predicted,0.1111111111111111,8,8,GCAACATGCGCATATGCGGT,0,1871239
hyuA_predicted,0.1111111111111111,8,8,GATTCGCCTTCTCAATGGGG,0,1873433
hyuA_predicted,0.1111111111111111,8,8,GATTCGCATGAATCTTGGGA,0,1870370
hyuA_predicted,0.1111111111111111,8,8,GATTCCCGACCAGGCGTCCG,0,1876702
hyuA_predicted,0.1111111111111111,8,8,GATTCAGATTCCTCGCCGGA,0,1837905
hyuA_predicted,0.1111111111111111,8,8,GATGGTTAATCAGTAACCTT,0,1843142
hyuA_predicted,0.1111111111111111,8,8,GATCTATTTGTATCGTGGGC,0,1829954
hyuA_predicted,0.1111111111111111,8,8,GATCCGAGGCCCTAATTGGG,0,1840621
hyuA_predicted,0.1111111111111111,8,8,GATACCGTCAGCATCGAGCA,0,1876593
hyuA_predicted,0.1111111111111111,8,8,GATACACTGAGCATGCCGAG,0,1846427
hyuA_predicted,0.1111111111111111,8,8,GATAATGGTAATGCATATAG,0,1834010
hyuA_predicted,0.1111111111111111,8,8,GAGTTTGGCGTATCGATTTG,0,1858823
hyuA_predicted,0.1111111111111111,8,8,GAGTTCTTATGCGTCGGAGA,0,1832579
hyuA_predicted,0.1111111111111111,8,8,GAGTGGTTTTCGGACACACT,0,1847525
hyuA_predicted,0.1111111111111111,8,8,GAGTGGCGTAGGCCCAAAGT,0,1831547
hyuA_predicted,0.1111111111111111,8,8,GAGTGCTACTACTCTACCTT,0,1842996
hyuA_predicted,0.1111111111111111,8,8,GAGGTCTGGATGTTTGCTAC,0,1858056
hyuA_predicted,0.1111111111111111,8,8,GAGGTCCGACGTAAATGCCA,0,1844615
hyuA_predicted,0.1111111111111111,8,8,GAGGCCGGCGTGTGGGTCCT,0,1871613
hyuA_predicted,0.1111111111111111,8,8,GAGGAATTAAAGACAATCAT,0,1842593
hyuA_predicted,0.1111111111111111,8,8,GAGGAACCGGAGTCGTAAAA,0,1860285
hyuA_predicted,0.1111111111111111,8,8,GAGCCCCCGGCCATTCCATT,0,1841158
hyuA_predicted,0.1111111111111111,8,8,GAGATCCCTAGAACTATTCC,0,1871244
hyuA_predicted,0.1111111111111111,8,8,GAGAGTGTAATGGCTTCTCA,0,1837424
hyuA_predicted,0.1111111111111111,8,8,GAGACGGCTAGTCCCATAGT,0,1861729
hyuA_predicted,0.1111111111111111,8,8,GAGAAGAGTTCTCGGGTCCT,0,1834532
hyuA_predicted,0.1111111111111111,8,8,GACTCCTGGTTGTAATTCAG,0,1863027
hyuA_predicted,0.1111111111111111,8,8,GACGTTACGCCCTATCAGGT,0,1857204
hyuA_predicted,0.1111111111111111,8,8,GACGTGGCCAATGAGTTGAC,0,1869042
hyuA_predicted,0.1111111111111111,8,8,GACGGACCGTCGCCCCCTTC,0,1848930
hyuA_predicted,0.1111111111111111,8,8,GACGCGGGAAATTTGAATAA,0,1858159
hyuA_predicted,0.1111111111111111,8,8,GACAGTACTAGGTAAGAATG,0,1863434
hyuA_predicted,0.1111111111111111,8,8,GAATTTCCTGCATACCCATG,0,1856568
hyuA_predicted,0.1111111111111111,8,8,GAATAAATTTGTTATGACAT,0,1834951
hyuA_predicted,0.1111111111111111,8,8,GAAGGGACAAGAAGTACCAT,0,1833347
hyuA_predicted,0.1111111111111111,8,8,GAAGGAATTTAGGGCACGTC,0,1864208
hyuA_predicted,0.1111111111111111,8,8,GAAGCGACCGATGCTTGATC,0,1853116
hyuA_predicted,0.1111111111111111,8,8,GAAGCCCGTGCGTTATGTCA,0,1829963
hyuA_predicted,0.1111111111111111,8,8,GAAGACGCCGTTCATGCGCC,0,1875630
hyuA_predicted,0.1111111111111111,8,8,GAACCAGTCCACTGATGTCT,0,1866290
hyuA_predicted,0.1111111111111111,8,8,GAAATATTCAGATATTTTCT,0,1836151
hyuA_predicted,0.1111111111111111,8,8,GAAAGCTGATTAAATGGCGT,0,1837948
hyuA_predicted,0.1111111111111111,8,8,GAAAAGCATATTCTCGTGCG,0,1866440
hyuA_predicted,0.1111111111111111,8,8,CTTTTTGCGGCACCCGGCGC,0,1870455
hyuA_predicted,0.1111111111111111,8,8,CTTTTCCCAACGCACCGGCT,0,1870303
hyuA_predicted,0.1111111111111111,8,8,CTTTGTAAATATGCATCTTC,0,1858534
hyuA_predicted,0.1111111111111111,8,8,CTTTATCATGCTACGTATAG,0,1841322
hyuA_predicted,0.1111111111111111,8,8,CTTTAAGCGCCCTTATTGAA,0,1844115
hyuA_predicted,0.1111111111111111,8,8,CTTGCCCCTGAGGCCGCAAC,0,1835228
hyuA_predicted,0.1111111111111111,8,8,CTTCGTGCTCGAGTTGACAG,0,1871670
hyuA_predicted,0.1111111111111111,8,8,CTGTCCTGTCTCTTCCCAGA,0,1850064
hyuA_predicted,0.1111111111111111,8,8,CTGTATGGACCTTCTACTAG,0,1845003
hyuA_predicted,0.1111111111111111,8,8,CTGTAAGGTAGCCGCTTTTG,0,1845166
hyuA_predicted,0.1111111111111111,8,8,CTGGGCCCATCCAACGTGTA,0,1852478
hyuA_predicted,0.1111111111111111,8,8,CTGGAGGGCACTTCGTTGTA,0,1838442
hyuA_predicted,0.1111111111111111,8,8,CTGCTTGAGGAGGTATTGGT,0,1861303
hyuA_predicted,0.1111111111111111,8,8,CTGCGGCAGGATCTACAGTA,0,1868507
hyuA_predicted,0.1111111111111111,8,8,CTGCATGTAATTGCCTTTAT,0,1863743
hyuA_predicted,0.1111111111111111,8,8,CTGATTGATATACGCATAGA,0,1874245
hyuA_predicted,0.1111111111111111,8,8,CTCGTAGCACGAAAACCAGA,0,1829395
hyuA_predicted,0.1111111111111111,8,8,CTCGCTCAGGAATGTCTACC,0,1857375
hyuA_predicted,0.1111111111111111,8,8,CTCCGATGTGTTCGGTAACC,0,1869343
hyuA_predicted,0.1111111111111111,8,8,CTCATTTTATCTGTGGGGTC,0,1877013
hyuA_predicted,0.1111111111111111,8,8,CTCATGTAGCCTAAAGTATC,0,1841491
hyuA_predicted,0.1111111111111111,8,8,CTCACAACGGTGATGACTAA,0,1835347
hyuA_predicted,0.1111111111111111,8,8,CTATCAGTATAAGCTACAAC,0,1832416
hyuA_predicted,0.1111111111111111,8,8,CTAGGCAAAGCACCTCTATT,0,1858679
hyuA_predicted,0.1111111111111111,8,8,CTAGGAGTTCATGGTACCTG,0,1870259
hyuA_predicted,0.1111111111111111,8,8,CTAGAAAGATAAGAACTCCC,0,1856059
hyuA_predicted,0.1111111111111111,8,8,CTACTCCCCAAACGACGTGA,0,1860090
hyuA_predicted,0.1111111111111111,8,8,CTACTATGTGTCGTTTCTCA,0,1854413
hyuA_predicted,0.1111111111111111,8,8,CTAAGAACTCCCTCAGCAGC,0,1848842
hyuA_predicted,0.1111111111111111,8,8,CTAACCGACGTGCTTCAATC,0,1877187
hyuA_predicted,0.1111111111111111,8,8,CGTTGGGATTCAATTTGACT,0,1852065
hyuA_predicted,0.1111111111111111,8,8,CGTTAGAGATCAGGCCGATT,0,1858324
hyuA_predicted,0.1111111111111111,8,8,CGTGCTAAATTGCAGGAACT,0,1854675
hyuA_predicted,0.1111111111111111,8,8,CGTGCCAGGTACGCACACTT,0,1867259
hyuA_predicted,0.1111111111111111,8,8,CGTCTTGGAAATCAGCGAAC,0,1841732
hyuA_predicted,0.1111111111111111,8,8,CGTCTTAGAACGGGTCCATA,0,1851915
hyuA_predicted,0.1111111111111111,8,8,CGTCCCAGCATCGTATACCT,0,1836419
hyuA_predicted,0.1111111111111111,8,8,CGTCAGCCACAGTACGCAGA,0,1835338
hyuA_predicted,0.1111111111111111,8,8,CGTAGTAACGACGCATCTAG,0,1853325
hyuA_predicted,0.1111111111111111,8,8,CGTACTCCCAGGGCACGAAG,0,1834967
hyuA_predicted,0.1111111111111111,8,8,CGTAACGGTAGAGACCTGCA,0,1872167
hyuA_predicted,0.1111111111111111,8,8,CGTAAACGCGGTGGTGAATA,0,1861948
hyuA_predicted,0.1111111111111111,8,8,CGGTTTCCATACGGTGAAGT,0,1832144
hyuA_predicted,0.1111111111111111,8,8,CGGTTTAGCACGGGTAGTTC,0,1865084
hyuA_predicted,0.1111111111111111,8,8,CGGTGTGTGTAAAGGTACCC,0,1859839
hyuA_predicted,0.1111111111111111,8,8,CGGTGGAAGAACACTGCTTG,0,1830245
hyuA_predicted,0.1111111111111111,8,8,CGGTCGCAGTTCTCCTGATA,0,1847180
hyuA_predicted,0.1111111111111111,8,8,CGGTACACGTGGTTTCCGCT,0,1848596
hyuA_predicted,0.1111111111111111,8,8,CGGGTGTTACCAGCTCATGA,0,1849764
hyuA_predicted,0.1111111111111111,8,8,CGGGGCAATTCCAGACGACG,0,1834638
hyuA_predicted,0.1111111111111111,8,8,CGGGCCCTCTGTCAACATGT,0,1855157
hyuA_predicted,0.1111111111111111,8,8,CGGCAAAGAGTTATGGGTTA,0,1866715
hyuA_predicted,0.1111111111111111,8,8,CGGAATTTCTGAATAGTAGG,0,1853790
hyuA_predicted,0.1111111111111111,8,8,CGCTCAGATCCGCAGACAGG,0,1847605
hyuA_predicted,0.1111111111111111,8,8,CGCGCTATGGAACCCACAGA,0,1869532
hyuA_predicted,0.1111111111111111,8,8,CGCGACATGTGGGGCGGAAA,0,1832654
hyuA_predicted,0.1111111111111111,8,8,CGCCCGAGTGGTTCATTCAA,0,1834959
hyuA_predicted,0.1111111111111111,8,8,CGCCCGAAGGCGTGGCCATT,0,1869945
hyuA_predicted,0.1111111111111111,8,8,CGCAACGACCCAATGACAAG,0,1857450
hyuA_predicted,0.1111111111111111,8,8,CGATGTGACTATTTAATTAC,0,1876881
hyuA_predicted,0.1111111111111111,8,8,CGATCAGTGACCCGGGAATA,0,1839251
hyuA_predicted,0.1111111111111111,8,8,CGAGTACGTACGGTATGGCG,0,1873442
hyuA_predicted,0.1111111111111111,8,8,CGAGGAGTTGGTATCTTTTA,0,1829322
hyuA_predicted,0.1111111111111111,8,8,CGAACGCAGTTTTGGTTTCA,0,1865977
hyuA_predicted,0.1111111111111111,8,8,CCTTAAGTACCAGTGCACTA,0,1843471
hyuA_predicted,0.1111111111111111,8,8,CCTGCAAGTTCAACAGTCCA,0,1869904
hyuA_predicted,0.1111111111111111,8,8,CCTGAGAGCACAGAGTGTTT,0,1835603
hyuA_predicted,0.1111111111111111,8,8,CCTCTATATAACGTTTGGGG,0,1838577
hyuA_predicted,0.1111111111111111,8,8,CCTCGTGAACGCTATGGCCC,0,1847821
hyuA_predicted,0.1111111111111111,8,8,CCTCAGAAATCGGCGGAAGG,0,1877295
hyuA_predicted,0.1111111111111111,8,8,CCTATCTTGGGCATGACATA,0,1833166
hyuA_predicted,0.1111111111111111,8,8,CCTAGAATGCTATGTAGGGA,0,1849939
hyuA_predicted,0.1111111111111111,8,8,CCTAACACATAGCAGTAGTT,0,1871659
hyuA_predicted,0.1111111111111111,8,8,CCGTCAGTTTCTGGCATTGC,0,1848568
hyuA_predicted,0.1111111111111111,8,8,CCGTCAAGGGCAGTTACAGC,0,1832521
hyuA_predicted,0.1111111111111111,8,8,CCGGAAAGTGCTCCGCTAGT,0,1863263
hyuA_predicted,0.1111111111111111,8,8,CCGCGAGCGGCCTTTAAAAG,0,1829924
hyuA_predicted,0.1111111111111111,8,8,CCGAACGGTAACCGGGCTAG,0,1829035
hyuA_predicted,0.1111111111111111,8,8,CCCTTCCCGATGAGCGTGGA,0,1846168
hyuA_predicted,0.1111111111111111,8,8,CCCTTAGGGCCGGACCTACT,0,1844874
hyuA_predicted,0.1111111111111111,8,8,CCCGTGGGACTGTTGCGGCG,0,1863950
hyuA_predicted,0.1111111111111111,8,8,CCCGGCTTGATCTTATTAGG,0,1853083
hyuA_predicted,0.1111111111111111,8,8,CCCGCCAGGGCGCCCCGTGG,0,1840173
hyuA_predicted,0.1111111111111111,8,8,CCCGAATTCTCGGATTACTA,0,1868578
hyuA_predicted,0.1111111111111111,8,8,CCCCTGTTGCGAGGCATAAG,0,1831087
hyuA_predicted,0.1111111111111111,8,8,CCCCTGTACCTCACGTGCGT,0,1857706
hyuA_predicted,0.1111111111111111,8,8,CCCCCAGCCATTCAAGCTTC,0,1875624
hyuA_predicted,0.1111111111111111,8,8,CCCACTGAAGAAGGCACCCA,0,1852490
hyuA_predicted,0.1111111111111111,8,8,CCCAACGCGTGGCAGTCTGA,0,1857785
hyuA_predicted,0.1111111111111111,8,8,CCACTTGCTTGCTGTGAAAT,0,1866182
hyuA_predicted,0.1111111111111111,8,8,CCACGATGCGGGGAAAAGTT,0,1858988
hyuA_predicted,0.1111111111111111,8,8,CCACATTAGGGCATATGTAT,0,1861014
hyuA_predicted,0.1111111111111111,8,8,CCAAGATTCAATTCCAGACC,0,1877770
hyuA_predicted,0.1111111111111111,8,8,CCAACCCCTTGCTGGGTCTT,0,1831784
hyuA_predicted,0.1111111111111111,8,8,CCAAAGCGGTGTTGACTCGT,0,1869138
hyuA_predicted,0.1111111111111111,8,8,CCAAAACTGTCGCACTTTCC,0,1863296
hyuA_predicted,0.1111111111111111,8,8,CATTTTTGGTGGTGTAGCTC,0,1870611
hyuA_predicted,0.1111111111111111,8,8,CATTTCACATTACGTTAGAG,0,1854270
hyuA_predicted,0.1111111111111111,8,8,CATTTAGGGGCTTGGCTCAT,0,1830287
hyuA_predicted,0.1111111111111111,8,8,CATTCGAGTGAGCACAAGTA,0,1854932
hyuA_predicted,0.1111111111111111,8,8,CATTATAACAGATTTCGGAC,0,1855036
hyuA_predicted,0.1111111111111111,8,8,CATGTCTTCGGGGTCGCATC,0,1832325
hyuA_predicted,0.1111111111111111,8,8,CATCGGTATCGTTTGCTCCC,0,1858993
hyuA_predicted,0.1111111111111111,8,8,CATCGCTCAGCGGGTAAGAA,0,1830268
hyuA_predicted,0.1111111111111111,8,8,CATCCAATCTTGTGTCTTCA,0,1862375
hyuA_predicted,0.1111111111111111,8,8,CATATGTCTTTCATGTTTTC,0,1837480
hyuA_predicted,0.1111111111111111,8,8,CATAATACTCGAATCTGCCG,0,1857299
hyuA_predicted,0.1111111111111111,8,8,CATAAGGGGGTTGACAGATA,0,1855122
hyuA_predicted,0.1111111111111111,8,8,CAGTTCCTGTCGTGTATACA,0,1870520
hyuA_predicted,0.1111111111111111,8,8,CAGTTAACCGTTATTGGGGA,0,1840919
hyuA_predicted,0.1111111111111111,8,8,CAGTCGTAGATTCGCCCATC,0,1830497
hyuA_predicted,0.1111111111111111,8,8,CAGTATGACTACCCTGGACA,0,1867628
hyuA_predicted,0.1111111111111111,8,8,CAGGTTTCAAGCGCATTTGC,0,1853733
hyuA_predicted,0.1111111111111111,8,8,CAGGGGAACGCACTATTGCT,0,1849459
hyuA_predicted,0.1111111111111111,8,8,CAGCATACGTTGTGATGGAG,0,1859515
hyuA_predicted,0.1111111111111111,8,8,CAGAATCCCGATGCAGGAGG,0,1854676
hyuA_predicted,0.1111111111111111,8,8,CAGAAGACTGAAGGCCTTTT,0,1867417
hyuA_predicted,0.1111111111111111,8,8,CACTTCGAATCGGTTTTATT,0,1857911
hyuA_predicted,0.1111111111111111,8,8,CACTTCACGACAACGGATTT,0,1841225
hyuA_predicted,0.1111111111111111,8,8,CACTGGAACATCCAGTTGGG,0,1842965
hyuA_predicted,0.1111111111111111,8,8,CACGTGAAGTACGAATAACT,0,1829334
hyuA_predicted,0.1111111111111111,8,8,CACGTATATCAACAACGAAC,0,1856861
hyuA_predicted,0.1111111111111111,8,8,CACGACACGGGTGTTAACCC,0,1851561
hyuA_predicted,0.1111111111111111,8,8,CACCGGGGATCAGTCGCGGA,0,1843212
hyuA_predicted,0.1111111111111111,8,8,CACCGCTCGGGCGGGCAACA,0,1830428
hyuA_predicted,0.1111111111111111,8,8,CAATTCCATGATCGGTACGT,0,1851098
hyuA_predicted,0.1111111111111111,8,8,CAATTCAGTCTAGTTCCTAA,0,1869881
hyuA_predicted,0.1111111111111111,8,8,CAATCGGGCGGCATTCAAGC,0,1856557
hyuA_predicted,0.1111111111111111,8,8,CAAGAGCCAATGAGATTATG,0,1832847
hyuA_predicted,0.1111111111111111,8,8,CAAAGATACTTGCACACAGT,0,1857170
hyuA_predicted,0.1111111111111111,8,8,CAAACTGCTTCCTGCTGTCA,0,1858000
hyuA_predicted,0.1111111111111111,8,8,CAAACACAGTGTTACCCGCT,0,1842992
hyuA_predicted,0.1111111111111111,8,8,ATTTCCGATAAGCACGAGAG,0,1841355
hyuA_predicted,0.1111111111111111,8,8,ATTGTGGCTTCCCACGCTGG,0,1850351
hyuA_predicted,0.1111111111111111,8,8,ATTGCGGACTACGCCCGCGG,0,1854393
hyuA_predicted,0.1111111111111111,8,8,ATTCTCATATATCACAAGAT,0,1843194
hyuA_predicted,0.1111111111111111,8,8,ATTCGTTGTGTATTCATGAG,0,1872569
hyuA_predicted,0.1111111111111111,8,8,ATTCGGAACTTTAGAGTCAT,0,1836654
hyuA_predicted,0.1111111111111111,8,8,ATTCGATGTCATGCCAATGG,0,1874651
hyuA_predicted,0.1111111111111111,8,8,ATTCGAGGAAGCTACCTTAT,0,1835192
hyuA_predicted,0.1111111111111111,8,8,ATTCAGTCGGTACTCGTTAT,0,1837454
hyuA_predicted,0.1111111111111111,8,8,ATTATGATCATGTAAGCCAC,0,1850870
hyuA_predicted,0.1111111111111111,8,8,ATTAGCCTCACTAACGCTGT,0,1877413
hyuA_predicted,0.1111111111111111,8,8,ATTACCCTTTTTCTGTCTCA,0,1836107
hyuA_predicted,0.1111111111111111,8,8,ATGTGCAAATGAATTCGGGA,0,1855315
hyuA_predicted,0.1111111111111111,8,8,ATGTCCCTTACTGCGGTTGT,0,1856312
hyuA_predicted,0.1111111111111111,8,8,ATGGTGCTTCAGCAAGCGTG,0,1852495
hyuA_predicted,0.1111111111111111,8,8,ATGGGTTATTAGTTAGCGCC,0,1865060
hyuA_predicted,0.1111111111111111,8,8,ATGGGTAACATAGGATGGCA,0,1848322
hyuA_predicted,0.1111111111111111,8,8,ATGGCTAGAGGGCCATCCGT,0,1869739
hyuA_predicted,0.1111111111111111,8,8,ATGCGCTGTTATGGTCATTG,0,1836690
hyuA_predicted,0.1111111111111111,8,8,ATGCGCGGTCACGTTATGTA,0,1876935
hyuA_predicted,0.1111111111111111,8,8,ATGCGCCCCATAGTCGCCCT,0,1870790
hyuA_predicted,0.1111111111111111,8,8,ATCTGCCATATTCACTATAC,0,1834189
hyuA_predicted,0.1111111111111111,8,8,ATCTGAGACATGGACTCCAT,0,1858844
hyuA_predicted,0.1111111111111111,8,8,ATCTCAATGTCCGAACGTTC,0,1845226
hyuA_predicted,0.1111111111111111,8,8,ATCGTCTCGCAACAGGCCCT,0,1861400
hyuA_predicted,0.1111111111111111,8,8,ATCGGGCCACCGCTGACGAT,0,1876981
hyuA_predicted,0.1111111111111111,8,8,ATCGGAAGGCACCAACATCG,0,1866469
hyuA_predicted,0.1111111111111111,8,8,ATCGCAGAAGTACCCGCTGC,0,1836901
hyuA_predicted,0.1111111111111111,8,8,ATCCTAGAAGATTAGCACGT,0,1874704
hyuA_predicted,0.1111111111111111,8,8,ATCCCCGGGTGTACTAGATG,0,1829649
hyuA_predicted,0.1111111111111111,8,8,ATCCACGCAAGGGTCGTAGC,0,1843242
hyuA_predicted,0.1111111111111111,8,8,ATCATCAGCGACAGGCACCC,0,1867516
hyuA_predicted,0.1111111111111111,8,8,ATCATAATTACCCCCAAATA,0,1864802
hyuA_predicted,0.1111111111111111,8,8,ATCAGATAAAGTTTACATAC,0,1843398
hyuA_predicted,0.1111111111111111,8,8,ATCACGCCCTTGGGGTCTAT,0,1875463
hyuA_predicted,0.1111111111111111,8,8,ATCACAAATTCGGGCTAGGA,0,1870693
hyuA_predicted,0.1111111111111111,8,8,ATCAATCCTCAGCGCCTCTG,0,1853214
hyuA_predicted,0.1111111111111111,8,8,ATATTAGTACAGATAGGGCA,0,1836750
hyuA_predicted,0.1111111111111111,8,8,ATATGTCCTTCCTGCATGTA,0,1870774
hyuA_predicted,0.1111111111111111,8,8,ATATCCTGAGCAAGTTAAAT,0,1875842
hyuA_predicted,0.1111111111111111,8,8,ATACGCGTCTGAAACAGTTA,0,1857806
hyuA_predicted,0.1111111111111111,8,8,ATACCTCTGCTCAGTCACGG,0,1863345
hyuA_predicted,0.1111111111111111,8,8,ATACAGCATCCGGTTTACAC,0,1867769
hyuA_predicted,0.1111111111111111,8,8,ATAATTCACGTAGTCCCAGT,0,1837965
hyuA_predicted,0.1111111111111111,8,8,ATAATGTGCCACTGAACTCT,0,1853661
hyuA_predicted,0.1111111111111111,8,8,AGTGCGGTTTTGACCTTGAT,0,1850678
hyuA_predicted,0.1111111111111111,8,8,AGTCGTGGAAACTTGGGACG,0,1854964
hyuA_predicted,0.1111111111111111,8,8,AGTCAGGTCACATCGACTCG,0,1870487
hyuA_predicted,0.1111111111111111,8,8,AGTCAACCAGTCCAGTGTAA,0,1876828
hyuA_predicted,0.1111111111111111,8,8,AGTATAGCCGCGCTAGAGCT,0,1865197
hyuA_predicted,0.1111111111111111,8,8,AGGGTTGCCCGAGAAACACT,0,1832604
hyuA_predicted,0.1111111111111111,8,8,AGGGTGTGTGGCCGGAGATA,0,1864738
hyuA_predicted,0.1111111111111111,8,8,AGGGCCTGCGCTGGGTTTCA,0,1868301
hyuA_predicted,0.1111111111111111,8,8,AGGCTGAGCTTCGGCATCAA,0,1874978
hyuA_predicted,0.1111111111111111,8,8,AGGCGGGGATGGCCGAATTT,0,1838671
hyuA_predicted,0.1111111111111111,8,8,AGGCCTTAGATTTCGCCATG,0,1843708
hyuA_predicted,0.1111111111111111,8,8,AGGCCTGCAGAAGTAGAGCC,0,1853578
hyuA_predicted,0.1111111111111111,8,8,AGGCCGGTAACGCCGAGGAA,0,1856696
hyuA_predicted,0.1111111111111111,8,8,AGGCCCCGCGGTTTACACAT,0,1866312
hyuA_predicted,0.1111111111111111,8,8,AGGAGGGCCTTAACTAAAAA,0,1858641
hyuA_predicted,0.1111111111111111,8,8,AGGAAGTAACTTCCTCGCAA,0,1869552
hyuA_predicted,0.1111111111111111,8,8,AGGAACTTAGGGCGATAGGG,0,1845029
hyuA_predicted,0.1111111111111111,8,8,AGCTTGGTCTAGTTAAGCCT,0,1838149
hyuA_predicted,0.1111111111111111,8,8,AGCTGGTGTTCCGTCTGATA,0,1864141
hyuA_predicted,0.1111111111111111,8,8,AGCGAACAGGTGTTCTGATC,0,1864349
hyuA_predicted,0.1111111111111111,8,8,AGCCGTTCATGCCACATCAT,0,1872563
hyuA_predicted,0.1111111111111111,8,8,AGCCGGGCGTTTGTAGAGAG,0,1848450
hyuA_predicted,0.1111111111111111,8,8,AGCACGGGTCTTGGGGTCGA,0,1845426
hyuA_predicted,0.1111111111111111,8,8,AGATGTAATCCATTAGAGCC,0,1833680
hyuA_predicted,0.1111111111111111,8,8,AGATGCATAGGTAGAATGTA,0,1834870
hyuA_predicted,0.1111111111111111,8,8,AGATAAAGCGATGGTGCAGG,0,1862128
hyuA_predicted,0.1111111111111111,8,8,AGAGGGGTGTGCTGAGCTTA,0,1870392
hyuA_predicted,0.1111111111111111,8,8,AGAGGAGCACTTTCCCTCGG,0,1832288
hyuA_predicted,0.1111111111111111,8,8,AGAGCGCACTTTAAGTATGC,0,1846009
hyuA_predicted,0.1111111111111111,8,8,AGAGCCTTGAACGAAGAACG,0,1864431
hyuA_predicted,0.1111111111111111,8,8,AGAGAGTAGCTATTCTGCTG,0,1849182
hyuA_predicted,0.1111111111111111,8,8,AGAATGCAGGGGACCGATGA,0,1838757
hyuA_predicted,0.1111111111111111,8,8,ACTTGGGTGAACGTCGCGTG,0,1868843
hyuA_predicted,0.1111111111111111,8,8,ACTTCTCAACCACGTTGTCA,0,1865712
hyuA_predicted,0.1111111111111111,8,8,ACTGTTAGTGGGGCGGCGTC,0,1837667
hyuA_predicted,0.1111111111111111,8,8,ACTGACCTGGGATTATCGAC,0,1869015
hyuA_predicted,0.1111111111111111,8,8,ACTCAAGACCCTCCGCGCTT,0,1834680
hyuA_predicted,0.1111111111111111,8,8,ACGTTGCGGAGCCCTACGTC,0,1863854
hyuA_predicted,0.1111111111111111,8,8,ACGTTATGTTTAGTCTAATG,0,1873273
hyuA_predicted,0.1111111111111111,8,8,ACGTCGGGTTTCCGCCGCGT,0,1858759
hyuA_predicted,0.1111111111111111,8,8,ACGTAGTCGCCTACTGATTG,0,1830728
hyuA_predicted,0.1111111111111111,8,8,ACGGTCCCTAAGCGTGACTG,0,1877259
hyuA_predicted,0.1111111111111111,8,8,ACGGGTTCCCCGAGATCGCA,0,1831009
hyuA_predicted,0.1111111111111111,8,8,ACGGGCGACGCCGGTTTCTA,0,1873556
hyuA_predicted,0.1111111111111111,8,8,ACGATACGTCCAGGACAGTG,0,1863255
hyuA_predicted,0.1111111111111111,8,8,ACGAGTGTGCAATAGTTCTC,0,1874269
hyuA_predicted,0.1111111111111111,8,8,ACGAGAGGCCGCAAGGGAAT,0,1866486
hyuA_predicted,0.1111111111111111,8,8,ACGAAGCAGAGTCCCATCCA,0,1854407
hyuA_predicted,0.1111111111111111,8,8,ACCTGAAACGCTGAGTGGAA,0,1833605
hyuA_predicted,0.1111111111111111,8,8,ACCTACCAGTTTGAAGGGTA,0,1830540
hyuA_predicted,0.1111111111111111,8,8,ACCGTGTGGGCTTTTATCAT,0,1868268
hyuA_predicted,0.1111111111111111,8,8,ACCGGTTCGGTTATGATACG,0,1873838
hyuA_predicted,0.1111111111111111,8,8,ACCCTCACTGGTTATAATTC,0,1874765
hyuA_predicted,0.1111111111111111,8,8,ACCCGTCTGGTCCGCCCTGT,0,1858049
hyuA_predicted,0.1111111111111111,8,8,ACCATCTATACCTTAAGTAC,0,1833045
hyuA_predicted,0.1111111111111111,8,8,ACATGCTCTTCAATTTGTAT,0,1862595
hyuA_predicted,0.1111111111111111,8,8,ACATGATTCCCGATCAGTAG,0,1853195
hyuA_predicted,0.1111111111111111,8,8,ACATGATGTAGCTATCCCAT,0,1846369
hyuA_predicted,0.1111111111111111,8,8,ACATAGCCTGTGCGTCTTAA,0,1846847
hyuA_predicted,0.1111111111111111,8,8,ACAGTGTCAGGGCGACGGAA,0,1860167
hyuA_predicted,0.1111111111111111,8,8,ACAGTAACGGTGGGAGTTTA,0,1855506
hyuA_predicted,0.1111111111111111,8,8,ACAGAAACCCATATTAGGGG,0,1855867
hyuA_predicted,0.1111111111111111,8,8,ACAATTCTATCCAATTGTTA,0,1844049
hyuA_predicted,0.1111111111111111,8,8,ACAATCGGTGAAGAGCTGAG,0,1857201
hyuA_predicted,0.1111111111111111,8,8,AATTCCGGACAATACTATTT,0,1870658
hyuA_predicted,0.1111111111111111,8,8,AATGGGGCGAGAGCTAAGTG,0,1846572
hyuA_predicted,0.1111111111111111,8,8,AATGGCCGTAAGTTGTTCAA,0,1830175
hyuA_predicted,0.1111111111111111,8,8,AATCTCAAGGGCGCTGTCAG,0,1875303
hyuA_predicted,0.1111111111111111,8,8,AATCGAGATTTTTAGCTGTT,0,1870980
hyuA_predicted,0.1111111111111111,8,8,AATCGACACATACTCTCCAC,0,1866808
hyuA_predicted,0.1111111111111111,8,8,AATAGTCATTTTGGTTTTAC,0,1833287
hyuA_predicted,0.1111111111111111,8,8,AATACCCGGGAGAGATTGAG,0,1853724
hyuA_predicted,0.1111111111111111,8,8,AATAATACGGCAAGACCCTA,0,1832915
hyuA_predicted,0.1111111111111111,8,8,AAGTCGGGGAGGGAGTTTAG,0,1865300
hyuA_predicted,0.1111111111111111,8,8,AAGGTTACCGTATACCCACG,0,1873175
hyuA_predicted,0.1111111111111111,8,8,AAGGGTAAGGCAACGAGAAA,0,1830509
hyuA_predicted,0.1111111111111111,8,8,AAGGGCCTACTACACAATGC,0,1840696
hyuA_predicted,0.1111111111111111,8,8,AAGGGCACGTGGCCGAGCAA,0,1865132
hyuA_predicted,0.1111111111111111,8,8,AAGGAAATTATGCCTAGGAT,0,1842431
hyuA_predicted,0.1111111111111111,8,8,AAGCTCTCGACTCGGCGACT,0,1837314
hyuA_predicted,0.1111111111111111,8,8,AAGCGATAAGCATTTGAATT,0,1868718
hyuA_predicted,0.1111111111111111,8,8,AAGATGATCTGTAAGCTTAT,0,1834952
hyuA_predicted,0.1111111111111111,8,8,AAGAGGCACAGCAACGTCCT,0,1829616
hyuA_predicted,0.1111111111111111,8,8,AAGAGATGTTCGTGCGGATA,0,1868825
hyuA_predicted,0.1111111111111111,8,8,AACTGTTCGTAAGTTTAAGG,0,1842256
hyuA_predicted,0.1111111111111111,8,8,AACTCGGGACACGAGAATAC,0,1863024
hyuA_predicted,0.1111111111111111,8,8,AACTCAATTTTGGCGGTTCA,0,1853247
hyuA_predicted,0.1111111111111111,8,8,AACGCTTAAGTGTGTCCGGT,0,1864101
hyuA_predicted,0.1111111111111111,8,8,AACCGCGGTCTTTCCCTTTT,0,1870470
hyuA_predicted,0.1111111111111111,8,8,AACCAGATTCCTGTCAGACG,0,1868098
hyuA_predicted,0.1111111111111111,8,8,AACAGTTGCCGCACGCTACC,0,1866981
hyuA_predicted,0.1111111111111111,8,8,AACAGTGACCTTACCCGCGG,0,1853813
hyuA_predicted,0.1111111111111111,8,8,AACAAAAGTAAAAGTACTAT,0,1842748
hyuA_predicted,0.1111111111111111,8,8,AAATATAACCGTGCGGTGTG,0,1831772
hyuA_predicted,0.1111111111111111,8,8,AAAGTGCCGCTACTGTAGGG,0,1835295
hyuA_predicted,0.1111111111111111,8,8,AAAGGTCGTCACGCTTGTAC,0,1852613
hyuA_predicted,0.1111111111111111,8,8,AAAGGCCCGTTTCCGCGCTG,0,1868237
hyuA_predicted,0.1111111111111111,8,8,AAAGAATGAATCTACACCAT,0,1842254
hyuA_predicted,0.1111111111111111,8,8,AAACTTGGGTAATCGTGATA,0,1871954
hyuA_predicted,0.1111111111111111,8,8,AAAACCGGCCACAACGTTGT,0,1857129
hyuA_predicted,0.125,7,7,TTTGTTCAAATAGTGGCGCT,0,1830691
hyuA_predicted,0.125,7,7,TTTGGAAGCTGGCTACGAGG,0,1866629
hyuA_predicted,0.125,7,7,TTTGCCCGGGACATAATAAA,0,1830719
hyuA_predicted,0.125,7,7,TTTGACAAAAGGTTAGGCTC,0,1830451
hyuA_predicted,0.125,7,7,TTTCTGCGGTACGTGGGGCT,0,1861248
hyuA_predicted,0.125,7,7,TTTCATATGACTATGGATAG,0,1865290
hyuA_predicted,0.125,7,7,TTTCACGACGTTGATGTCGC,0,1868707
hyuA_predicted,0.125,7,7,TTTATTTCTCGCTCCCACAA,0,1869871
hyuA_predicted,0.125,7,7,TTTATCGAAAAGGTTGATAG,0,1839987
hyuA_predicted,0.125,7,7,TTTAGACTCGCTTGTACCTT,0,1846241
hyuA_predicted,0.125,7,7,TTTACGGCCATATGGCTGGG,0,1830777
hyuA_predicted,0.125,7,7,TTTAAGGTACCCTTCATTGT,0,1833497
hyuA_predicted,0.125,7,7,TTTAAAATCTCAATGTACTC,0,1838739
hyuA_predicted,0.125,7,7,TTGTTGAGGGTGGTCTCTTC,0,1832933
hyuA_predicted,0.125,7,7,TTGTTGACACTGCGACGGCA,0,1841323
hyuA_predicted,0.125,7,7,TTGGTTGGACAGGCCCGCCC,0,1861294
hyuA_predicted,0.125,7,7,TTGGAACTCCTCTAGCGCCA,0,1861358
hyuA_predicted,0.125,7,7,TTGAGGCTCCGATAAGTGGA,0,1857531
hyuA_predicted,0.125,7,7,TTGACTTGGCGATCATGTCC,0,1865174
hyuA_predicted,0.125,7,7,TTGAAATCGCGTGACGTTAA,0,1833451
hyuA_predicted,0.125,7,7,TTGAAAGCGGCTGACTACGC,0,1851475
hyuA_predicted,0.125,7,7,TTCTGCTGTGACCTCAATCG,0,1843631
hyuA_predicted,0.125,7,7,TTCGGTCAGACATCGATTGA,0,1867418
hyuA_predicted,0.125,7,7,TTCGGCAGGGCAGACTACAC,0,1840266
hyuA_predicted,0.125,7,7,TTCGACCGTTGACAGTTGGC,0,1836643
hyuA_predicted,0.125,7,7,TTCCAATATCAAGTGCGATC,0,1854145
hyuA_predicted,0.125,7,7,TTATTTTCCTCACGTTCTAT,0,1844408
hyuA_predicted,0.125,7,7,TTATACCGCGATGTCGCCGT,0,1840818
hyuA_predicted,0.125,7,7,TTAGTTAAGGAACGTAACAA,0,1829629
hyuA_predicted,0.125,7,7,TTAGTGTAGGTGCAATCTCC,0,1836381
hyuA_predicted,0.125,7,7,TTAGAATAAACTCCACGTTG,0,1836794
hyuA_predicted,0.125,7,7,TTACGGAGCAAATTTTGTTG,0,1862521
hyuA_predicted,0.125,7,7,TGTTTTGTCTCTCTAACGTT,0,1875822
hyuA_predicted,0.125,7,7,TGTTGTCCTTAGGGCTTTTC,0,1849606
hyuA_predicted,0.125,7,7,TGTGGCTATAGCGAGCCTGC,0,1866927
hyuA_predicted,0.125,7,7,TGTGATGCATATGCTCCTGT,0,1830911
hyuA_predicted,0.125,7,7,TGTCTGCACTGATCAGTATG,0,1859168
hyuA_predicted,0.125,7,7,TGTCGGAATCCAGCGGTTTC,0,1855089
hyuA_predicted,0.125,7,7,TGTCCCGGGTTCAGTATCAG,0,1845096
hyuA_predicted,0.125,7,7,TGTCCCGATAGATGCAGTGG,0,1842627
hyuA_predicted,0.125,7,7,TGTCATACGGGTCGTAAGCT,0,1840383
hyuA_predicted,0.125,7,7,TGTATTGTTGTAGCGAGACG,0,1876191
hyuA_predicted,0.125,7,7,TGTATGAAGGGACGCTGTGG,0,1868882
hyuA_predicted,0.125,7,7,TGTAGTACTCGTATGGATTT,0,1876331
hyuA_predicted,0.125,7,7,TGGTGTCGTCCGCTCTTATA,0,1870275
hyuA_predicted,0.125,7,7,TGGTGGAACAGGCGAACAGG,0,1873364
hyuA_predicted,0.125,7,7,TGGTCGGCAGGTCAAAATGT,0,1835883
hyuA_predicted,0.125,7,7,TGGTACCGGCTCCCGGGGAA,0,1841538
hyuA_predicted,0.125,7,7,TGGTAAATATTCCCGCGGTC,0,1842305
hyuA_predicted,0.125,7,7,TGGGTGTCGGAGCTTTCAAA,0,1873578
hyuA_predicted,0.125,7,7,TGGGTGATCAGACACACAAA,0,1842993
hyuA_predicted,0.125,7,7,TGGGTAAGAATATATCGTCA,0,1842277
hyuA_predicted,0.125,7,7,TGGGGGGTAGGATGGGTACA,0,1836127
hyuA_predicted,0.125,7,7,TGGCTTACAATCTGTGCATA,0,1869606
hyuA_predicted,0.125,7,7,TGGCGGTAACGCGCTGAATG,0,1831823
hyuA_predicted,0.125,7,7,TGGCGCTGGCACGTCCGAAA,0,1867777
hyuA_predicted,0.125,7,7,TGGAGGAGCACCCATATCTA,0,1841935
hyuA_predicted,0.125,7,7,TGGACTTAGTAAGCCGCTAT,0,1847733
hyuA_predicted,0.125,7,7,TGCGTTTAGACTCTTGACCC,0,1864196
hyuA_predicted,0.125,7,7,TGCGGCGCGAAGCTTGCTCA,0,1841473
hyuA_predicted,0.125,7,7,TGCGCCCAGAAATAAAAGCT,0,1845051
hyuA_predicted,0.125,7,7,TGCCTTCAAAATACGGCTGC,0,1854365
hyuA_predicted,0.125,7,7,TGCCGCTTTACACTGCAGAG,0,1865665
hyuA_predicted,0.125,7,7,TGCCAAGATTGGGTTTGCAG,0,1848204
hyuA_predicted,0.125,7,7,TGCATTTACATGTTTCCCCG,0,1872399
hyuA_predicted,0.125,7,7,TGCAAGCAGTCGCTCTTTGT,0,1832366
hyuA_predicted,0.125,7,7,TGATTTCATGCTCTCCTCTA,0,1859868
hyuA_predicted,0.125,7,7,TGATTGAGAGGGTGTTCCTC,0,1833581
hyuA_predicted,0.125,7,7,TGATGTAGAGTCCGCTTTCG,0,1857272
hyuA_predicted,0.125,7,7,TGAGCCTTGCGCATAACGAA,0,1858836
hyuA_predicted,0.125,7,7,TGAGAGGATTAGCCTGCGTT,0,1845658
hyuA_predicted,0.125,7,7,TGACTACCGAGTTGCCAGTG,0,1833473
hyuA_predicted,0.125,7,7,TGACCACGGCAGGCTGCTAG,0,1838645
hyuA_predicted,0.125,7,7,TGACACGCTTCCGACTTACC,0,1869551
hyuA_predicted,0.125,7,7,TGACAAACCTTGCTCTTCCT,0,1870723
hyuA_predicted,0.125,7,7,TGAACTTCTAACAATAGAAT,0,1871839
hyuA_predicted,0.125,7,7,TCTTGTTCCCGACACGTATT,0,1870322
hyuA_predicted,0.125,7,7,TCTTGGGATTAGCATCCGCT,0,1850487
hyuA_predicted,0.125,7,7,TCTTGAGTACACCCTGGGCC,0,1846163
hyuA_predicted,0.125,7,7,TCTTATGACCACATTCTCGG,0,1863936
hyuA_predicted,0.125,7,7,TCTGGTCAGGAAGGGTCCAA,0,1865528
hyuA_predicted,0.125,7,7,TCTGCCGTATGTTGGCATCT,0,1855707
hyuA_predicted,0.125,7,7,TCTGCAACTTAGGATGTGTG,0,1871236
hyuA_predicted,0.125,7,7,TCGTAAATCGATATAAGGCT,0,1836691
hyuA_predicted,0.125,7,7,TCGGCATGAGAGACGTTTCA,0,1833078
hyuA_predicted,0.125,7,7,TCGCGGGTCCAAGTAGACAG,0,1837399
hyuA_predicted,0.125,7,7,TCGCGAGACGAAGAAGGCGA,0,1864623
hyuA_predicted,0.125,7,7,TCGATAGTGCCCGAGGCATT,0,1856141
hyuA_predicted,0.125,7,7,TCGACTCAATCGTCCCAAGC,0,1864437
hyuA_predicted,0.125,7,7,TCGACCTGATTTTCTAATTC,0,1835793
hyuA_predicted,0.125,7,7,TCGAATTATAAGGGATTTGT,0,1865279
hyuA_predicted,0.125,7,7,TCGAAGCGGTGTCCGGTCGT,0,1862237
hyuA_predicted,0.125,7,7,TCCTATAGAGTTTGGGACTT,0,1872097
hyuA_predicted,0.125,7,7,TCCTAAAGGTATCCAGTCTT,0,1835266
hyuA_predicted,0.125,7,7,TCCGCTCATATAAGAGTGCT,0,1850751
hyuA_predicted,0.125,7,7,TCCGCGGCACGATGTTCTCA,0,1849393
hyuA_predicted,0.125,7,7,TCCCTATCAGCAGGCTGTCA,0,1857638
hyuA_predicted,0.125,7,7,TCCCCTCGCAGGTCGTTATT,0,1838460
hyuA_predicted,0.125,7,7,TCCCCTAATATGACCTCAAT,0,1863051
hyuA_predicted,0.125,7,7,TCCATTAGAGTCAGCATGTG,0,1831555
hyuA_predicted,0.125,7,7,TCCATGGGACAGCTGGATGT,0,1838171
hyuA_predicted,0.125,7,7,TCCAGTAGCCCCGATGGCTA,0,1847093
hyuA_predicted,0.125,7,7,TCCAGCTTGGCTGGACGTTG,0,1857290
hyuA_predicted,0.125,7,7,TCATTGCAGGACGGGTCCTC,0,1859098
hyuA_predicted,0.125,7,7,TCATGCCATAGCGGGGCAGA,0,1867675
hyuA_predicted,0.125,7,7,TCAGGTTCCCATGGCTGTAA,0,1854758
hyuA_predicted,0.125,7,7,TCAGCGGATATCGATTAAAA,0,1869311
hyuA_predicted,0.125,7,7,TCACTGGATCCCCCCCTCAC,0,1836680
hyuA_predicted,0.125,7,7,TCACAGCACGCTTTGGTCAT,0,1832797
hyuA_predicted,0.125,7,7,TCAAGTCCCTCAAGTGTTTC,0,1868669
hyuA_predicted,0.125,7,7,TCAAGATAAAAATATCGCAA,0,1842456
hyuA_predicted,0.125,7,7,TCAACTCTGGCCGGCGGCTG,0,1875733
hyuA_predicted,0.125,7,7,TCAACCGGCAGCAGCCTAAC,0,1847825
hyuA_predicted,0.125,7,7,TATTGGATTCGAGCAATAGT,0,1863890
hyuA_predicted,0.125,7,7,TATGTGTCGTGTATGTATGG,0,1859499
hyuA_predicted,0.125,7,7,TATGGCTTAGAGCGTGGTTA,0,1837216
hyuA_predicted,0.125,7,7,TATCTGGGACAAGTACGTAG,0,1835087
hyuA_predicted,0.125,7,7,TATATTTCCCGGAATACTGG,0,1855679
hyuA_predicted,0.125,7,7,TATATAGTTGCAGTGGGGTA,0,1850095
hyuA_predicted,0.125,7,7,TATAGAGGTCCGGGTAGTAG,0,1876919
hyuA_predicted,0.125,7,7,TATACCAGCGGGCAGTTAAG,0,1849474
hyuA_predicted,0.125,7,7,TATAATGGAAACAGACTGAT,0,1863826
hyuA_predicted,0.125,7,7,TAGGTTAAGCGGACATACAG,0,1854375
hyuA_predicted,0.125,7,7,TAGGGGTATGCGATGTTCTC,0,1869047
hyuA_predicted,0.125,7,7,TAGGGCGTAGGTTTAGTCTC,0,1858359
hyuA_predicted,0.125,7,7,TAGAGGTCAACATTTGCGAA,0,1857010
hyuA_predicted,0.125,7,7,TAGAGGCTTTGGTTTTGTGT,0,1843442
hyuA_predicted,0.125,7,7,TACTTACTGCGTGTGCATTT,0,1834063
hyuA_predicted,0.125,7,7,TACGTTATTTACGTCTTCAA,0,1834784
hyuA_predicted,0.125,7,7,TACGTCTCATGTTCTTGTTT,0,1860936
hyuA_predicted,0.125,7,7,TACGTAGTCTTCGTGAATAT,0,1853796
hyuA_predicted,0.125,7,7,TACGACGGGAACTTCAAATG,0,1875175
hyuA_predicted,0.125,7,7,TACGAAGGAGGTTGTTACTA,0,1853837
hyuA_predicted,0.125,7,7,TACGAACTCGTTATTCTACA,0,1871884
hyuA_predicted,0.125,7,7,TACCCTAGGGCAGGGTCTCG,0,1862055
hyuA_predicted,0.125,7,7,TACAGGATAAGTACTGCGGT,0,1847347
hyuA_predicted,0.125,7,7,TACAAGAACGGGAATTTGTA,0,1859653
hyuA_predicted,0.125,7,7,TAATTCTGATTATCACCTTT,0,1876873
hyuA_predicted,0.125,7,7,TAATCTGCTCCTGTAGGGGC,0,1832170
hyuA_predicted,0.125,7,7,TAATCGCACATTAATCAGTC,0,1830301
hyuA_predicted,0.125,7,7,TAAGGTTATTGTCGGAGGTA,0,1839699
hyuA_predicted,0.125,7,7,TAAGATGACGCCCCCGTACG,0,1861102
hyuA_predicted,0.125,7,7,GTTTGGAAACGCCCCAATGC,0,1868374
hyuA_predicted,0.125,7,7,GTTTCCCTTTTTTCGAGATG,0,1829099
hyuA_predicted,0.125,7,7,GTTTAGTCCCCCCGTCTGGG,0,1835836
hyuA_predicted,0.125,7,7,GTTCCGGGCGTGAATCTGAA,0,1828940
hyuA_predicted,0.125,7,7,GTTCAAAGGTCAGTTGTAAA,0,1840184
hyuA_predicted,0.125,7,7,GTTATAGAACTAGAGGTTAA,0,1841650
hyuA_predicted,0.125,7,7,GTGGGGCTCACATCCCGACG,0,1864845
hyuA_predicted,0.125,7,7,GTGGACTTTCGTGGTGGTCC,0,1869452
hyuA_predicted,0.125,7,7,GTGGACCCGGCTTGTCAGCA,0,1872177
hyuA_predicted,0.125,7,7,GTGCTGGTCAGGCTTTTTAA,0,1871437
hyuA_predicted,0.125,7,7,GTGCGCATGTAAAGTAATAA,0,1866471
hyuA_predicted,0.125,7,7,GTGCATCTCTGGTAAGTCTG,0,1856955
hyuA_predicted,0.125,7,7,GTGCACAGTTGTAGACTCAT,0,1863151
hyuA_predicted,0.125,7,7,GTGATTAAGCATTGTTCTAA,0,1835650
hyuA_predicted,0.125,7,7,GTGATATATTAATTATGAGA,0,1836684
hyuA_predicted,0.125,7,7,GTCTTCTGTGCGGTGCATAG,0,1874663
hyuA_predicted,0.125,7,7,GTCGTTCGAGATTCGCTACA,0,1855585
hyuA_predicted,0.125,7,7,GTCGACACCACTGGCCGGGG,0,1869320
hyuA_predicted,0.125,7,7,GTCCTCGTCCGAACGAGGAT,0,1874768
hyuA_predicted,0.125,7,7,GTCCTAGGTAGAGCACCGAG,0,1840828
hyuA_predicted,0.125,7,7,GTCCGTGGCCTAGCTCTTGA,0,1857713
hyuA_predicted,0.125,7,7,GTCCATCCGGGTCGGATATG,0,1854486
hyuA_predicted,0.125,7,7,GTCCATACATCTGTGACGGC,0,1859573
hyuA_predicted,0.125,7,7,GTCATCTACCCCCCGCTCGA,0,1851223
hyuA_predicted,0.125,7,7,GTCACGATTCAAACGCATGT,0,1869152
hyuA_predicted,0.125,7,7,GTCACCCCTGTGATGCTCGA,0,1874376
hyuA_predicted,0.125,7,7,GTCACCCCGAATTGCTGTGG,0,1845200
hyuA_predicted,0.125,7,7,GTATACTGCCTACAGAATCA,0,1835205
hyuA_predicted,0.125,7,7,GTATACCATTCACAGAAAAG,0,1830511
hyuA_predicted,0.125,7,7,GTAGTCGTGTGCATGGTGCC,0,1849779
hyuA_predicted,0.125,7,7,GTAGGTTAAGTGTTCGCCCA,0,1850689
hyuA_predicted,0.125,7,7,GTAATCAACTTGGAAATGGG,0,1870080
hyuA_predicted,0.125,7,7,GTAAATGAGGGTGCGTGAGA,0,1843170
hyuA_predicted,0.125,7,7,GTAAAATAGATGTGAGGGTT,0,1850847
hyuA_predicted,0.125,7,7,GGTTATAGATAGCCATGGGA,0,1835728
hyuA_predicted,0.125,7,7,GGTTACCACTGCACTGGTCC,0,1847883
hyuA_predicted,0.125,7,7,GGTGTGCGGGGTACAGATCG,0,1841922
hyuA_predicted,0.125,7,7,GGTGTCTTCATTACGGTATC,0,1847549
hyuA_predicted,0.125,7,7,GGTGCATAGACTGTACTGTA,0,1876829
hyuA_predicted,0.125,7,7,GGTCGGTGCATTATACAAAT,0,1843759
hyuA_predicted,0.125,7,7,GGTCCTATCGCATTATGTCA,0,1831711
hyuA_predicted,0.125,7,7,GGTACAGGCCATAAGATTTG,0,1838525
hyuA_predicted,0.125,7,7,GGTAAGAGCGGAATGAAGCC,0,1830383
hyuA_predicted,0.125,7,7,GGGTTCTGCGCCGGCGGCCC,0,1841216
hyuA_predicted,0.125,7,7,GGGTTCTCATAAATCTAAGA,0,1873952
hyuA_predicted,0.125,7,7,GGGTGATATGTTACCACCCG,0,1854948
hyuA_predicted,0.125,7,7,GGGTATACTTGTCAAGTTGA,0,1837188
hyuA_predicted,0.125,7,7,GGGTAAAATCCGGTGCCCTC,0,1851929
hyuA_predicted,0.125,7,7,GGGGTTATGGTCTTGACAAA,0,1845958
hyuA_predicted,0.125,7,7,GGGGCCGATAGTTGGACAAG,0,1844190
hyuA_predicted,0.125,7,7,GGGCTAATCGTACACTCCTT,0,1866905
hyuA_predicted,0.125,7,7,GGGCGTGACAGTTACCATCA,0,1841187
hyuA_predicted,0.125,7,7,GGGATTTAAGGTTACATTGC,0,1832968
hyuA_predicted,0.125,7,7,GGGACGGGAGTCCGAAAGTC,0,1838678
hyuA_predicted,0.125,7,7,GGGACAGCAGAGGCTACCCC,0,1836960
hyuA_predicted,0.125,7,7,GGCTTCGCGGAATGCTCATT,0,1854941
hyuA_predicted,0.125,7,7,GGCTCGCACCTGCGTTCTCA,0,1841591
hyuA_predicted,0.125,7,7,GGCGCTGAGGTAAAATAGGC,0,1874634
hyuA_predicted,0.125,7,7,GGCCAAATCGACAACCACGT,0,1849332
hyuA_predicted,0.125,7,7,GGCATTACAGTGGCATGTGA,0,1834041
hyuA_predicted,0.125,7,7,GGCATGTGCGCTCGTGCGCT,0,1871409
hyuA_predicted,0.125,7,7,GGCAGCTACATTTCATTGTT,0,1872736
hyuA_predicted,0.125,7,7,GGCAGCACTAAGAGGCACTG,0,1876656
hyuA_predicted,0.125,7,7,GGATGGCGACATGATAGACA,0,1852116
hyuA_predicted,0.125,7,7,GGATGCGGCTGAACTGAGAC,0,1860662
hyuA_predicted,0.125,7,7,GGATGAGCAATACGAAATAA,0,1843339
hyuA_predicted,0.125,7,7,GGAGTTACCGTAACGCTTGA,0,1846805
hyuA_predicted,0.125,7,7,GGAGGAATAGTCGAGAGTCC,0,1872437
hyuA_predicted,0.125,7,7,GGAGCTTGAACTACTTCGGT,0,1834390
hyuA_predicted,0.125,7,7,GGACTGCTTCTAGGAAAATG,0,1875656
hyuA_predicted,0.125,7,7,GGACCTAATGTATGTGTTTT,0,1831935
hyuA_predicted,0.125,7,7,GGAATGATGGGCCTAGCAAA,0,1847634
hyuA_predicted,0.125,7,7,GGAACATCACCAATCGGTTG,0,1852887
hyuA_predicted,0.125,7,7,GGAAAGGCTTTAGGTGCATG,0,1842314
hyuA_predicted,0.125,7,7,GCTTCGAGAACAATTAGTAA,0,1840180
hyuA_predicted,0.125,7,7,GCTGTATTTCCTTTAACCAG,0,1830488
hyuA_predicted,0.125,7,7,GCTGCGACTGTAAAACCACT,0,1853801
hyuA_predicted,0.125,7,7,GCTGAGTTGGCTGTAGAGTT,0,1871994
hyuA_predicted,0.125,7,7,GCTCTGGTGATTCTGGAGGG,0,1869802
hyuA_predicted,0.125,7,7,GCTCCTAGGGGCGGCTTTGA,0,1873865
hyuA_predicted,0.125,7,7,GCTATCCCGTCTGGATGTCG,0,1863703
hyuA_predicted,0.125,7,7,GCTACGATCCCGGCGGCGGA,0,1872415
hyuA_predicted,0.125,7,7,GCTAATCTACAATACGGACA,0,1856022
hyuA_predicted,0.125,7,7,GCTAAGCGTGCGACATCTCA,0,1869093
hyuA_predicted,0.125,7,7,GCGTTCATGGCGACTCCTGA,0,1844110
hyuA_predicted,0.125,7,7,GCGTGCATGAAAGGGCTATT,0,1869994
hyuA_predicted,0.125,7,7,GCGTCCGTCCAGGACCGGTG,0,1847560
hyuA_predicted,0.125,7,7,GCGTCCCACTGAGTTGTGCT,0,1868008
hyuA_predicted,0.125,7,7,GCGGAGCAACCTATGTCCTA,0,1854849
hyuA_predicted,0.125,7,7,GCCTGTAATCAGACTATCGA,0,1840267
hyuA_predicted,0.125,7,7,GCCTGCGGGAGGTATCGCCA,0,1832574
hyuA_predicted,0.125,7,7,GCCTCCGAACAAACTCACGT,0,1840279
hyuA_predicted,0.125,7,7,GCCGTTGTAAGCTTCGGGAT,0,1831895
hyuA_predicted,0.125,7,7,GCCGGCAATTTCCCCTTCCG,0,1860848
hyuA_predicted,0.125,7,7,GCCGGAGTAGGTCTTCAATG,0,1873563
hyuA_predicted,0.125,7,7,GCCGAATGCTCTGTAGAGCG,0,1843298
hyuA_predicted,0.125,7,7,GCCCTAGACAAGCACGATTT,0,1850043
hyuA_predicted,0.125,7,7,GCCCTACATTGCCTAAGCAA,0,1862104
hyuA_predicted,0.125,7,7,GCCCACATGTGTGTTCAGGT,0,1848242
hyuA_predicted,0.125,7,7,GCCAGATCCATAGAGGCCTT,0,1837806
hyuA_predicted,0.125,7,7,GCATTGCCTGCGGGAAGGGG,0,1865638
hyuA_predicted,0.125,7,7,GCATCTCGCCGTGTGGGTCA,0,1842579
hyuA_predicted,0.125,7,7,GCATCTATCAGAACACAAAT,0,1864195
hyuA_predicted,0.125,7,7,GCATCCAGGTTGCTCCGCGC,0,1831752
hyuA_predicted,0.125,7,7,GCATAAATGTGGGTTTCATA,0,1828859
hyuA_predicted,0.125,7,7,GCAGTCCCATAGGGTCTTAT,0,1873218
hyuA_predicted,0.125,7,7,GCAGTAGGGAATGAGCGTCG,0,1835496
hyuA_predicted,0.125,7,7,GATGGGCAGCGTTAGTAAAA,0,1848748
hyuA_predicted,0.125,7,7,GATGGCACGAAACGTATTGT,0,1836048
hyuA_predicted,0.125,7,7,GATGACGGTAGCAGGAGTCA,0,1837190
hyuA_predicted,0.125,7,7,GATCTCTAAATAGAACCGTG,0,1847192
hyuA_predicted,0.125,7,7,GATCGCGTGCCTGAGTTATT,0,1864669
hyuA_predicted,0.125,7,7,GATCATCAAGGGGCGGAAAG,0,1859696
hyuA_predicted,0.125,7,7,GATATGGACCACCAGGGGTG,0,1831472
hyuA_predicted,0.125,7,7,GATACATATCAAGAGACCAA,0,1830063
hyuA_predicted,0.125,7,7,GATAAACTTCAATTGGAGGC,0,1850482
hyuA_predicted,0.125,7,7,GAGTCCAAAAGGCGGACAGT,0,1835957
hyuA_predicted,0.125,7,7,GAGTAAATCGCTCGGGCTAG,0,1841684
hyuA_predicted,0.125,7,7,GAGGTAACAGAAGCCTGAAG,0,1864688
hyuA_predicted,0.125,7,7,GAGGCTCCATTCCTTTAACG,0,1873637
hyuA_predicted,0.125,7,7,GAGGCTAACCAGATTACGTA,0,1852188
hyuA_predicted,0.125,7,7,GAGCGGCAGAGATCACGCAA,0,1868663
hyuA_predicted,0.125,7,7,GAGCCGGATCTTTCTTAGCC,0,1845089
hyuA_predicted,0.125,7,7,GACTATACTTGATAACGTCC,0,1847766
hyuA_predicted,0.125,7,7,GACTAATATAAGATCACCCA,0,1834996
hyuA_predicted,0.125,7,7,GACGTGAGTAATAGAGCTAT,0,1832311
hyuA_predicted,0.125,7,7,GACGGAATTTGGCGTCACAT,0,1856113
hyuA_predicted,0.125,7,7,GACGCGCAGATCGTTAGGCT,0,1863727
hyuA_predicted,0.125,7,7,GACGATTCTCTGGCGCTACT,0,1849435
hyuA_predicted,0.125,7,7,GACCTCAGAGAGTTAGTCAT,0,1831514
hyuA_predicted,0.125,7,7,GACCGGTCTTGTTCGCGCGG,0,1866230
hyuA_predicted,0.125,7,7,GACCACCACTACGGTACTCC,0,1853354
hyuA_predicted,0.125,7,7,GACAGTAGTGCGCGATCATA,0,1832031
hyuA_predicted,0.125,7,7,GAATCCCGGACTCTCTCACC,0,1859915
hyuA_predicted,0.125,7,7,GAATCAATATGGAGGAGAAC,0,1860621
hyuA_predicted,0.125,7,7,GAAGCGCCCTATGAACTGCT,0,1861869
hyuA_predicted,0.125,7,7,GAACGGCTATGCGTAGGCCA,0,1866234
hyuA_predicted,0.125,7,7,GAACCCAGCGTTACAGCTAG,0,1836093
hyuA_predicted,0.125,7,7,GAAATGTAAGTCTTTTAAGG,0,1852101
hyuA_predicted,0.125,7,7,GAAAACCTTATATGGTTACT,0,1854643
hyuA_predicted,0.125,7,7,CTTTGATCCCATTCGCCAAG,0,1877261
hyuA_predicted,0.125,7,7,CTTTCATGGAAATGTACCAG,0,1850927
hyuA_predicted,0.125,7,7,CTTGTTGTCACTAGCATCAT,0,1862423
hyuA_predicted,0.125,7,7,CTTGGGATGGGAGTCAAATG,0,1851692
hyuA_predicted,0.125,7,7,CTTGGCGTCTCGCCTAATCT,0,1839138
hyuA_predicted,0.125,7,7,CTTGCGTTAATCACTTTGAT,0,1873191
hyuA_predicted,0.125,7,7,CTTGATACCTATAAGGAGTT,0,1871948
hyuA_predicted,0.125,7,7,CTTCTGCAAGCTCCAATGGG,0,1846628
hyuA_predicted,0.125,7,7,CTTCTCTAACCTGGGTCCAT,0,1850599
hyuA_predicted,0.125,7,7,CTGTCGAGGCCATTGAGGAC,0,1851569
hyuA_predicted,0.125,7,7,CTGTAACCTATGCAAGTATT,0,1862579
hyuA_predicted,0.125,7,7,CTGTAAAATGTAATAACAGT,0,1859707
hyuA_predicted,0.125,7,7,CTGGTCCGGATGCGCTCACC,0,1829359
hyuA_predicted,0.125,7,7,CTGGACACTCAGACTAGCCC,0,1853060
hyuA_predicted,0.125,7,7,CTGCTTAGGACTTAGTAGAC,0,1849178
hyuA_predicted,0.125,7,7,CTGCTATCCGGTGCACCCCC,0,1839926
hyuA_predicted,0.125,7,7,CTGCGAAGAGCGGGGTTGAT,0,1874240
hyuA_predicted,0.125,7,7,CTGCCACGATTAACTCGGGG,0,1832982
hyuA_predicted,0.125,7,7,CTGCACGACCCATCGTTTTC,0,1839491
hyuA_predicted,0.125,7,7,CTGAAGGAGTTCGCCAAGCT,0,1860601
hyuA_predicted,0.125,7,7,CTGAAAATTTAGTGGGACGT,0,1838090
hyuA_predicted,0.125,7,7,CTCTGGAAGGTTGTTAGGGG,0,1829409
hyuA_predicted,0.125,7,7,CTCGTCATGCGAAAGATAAT,0,1852685
hyuA_predicted,0.125,7,7,CTCGCGCCGTTTTACAGGGT,0,1834583
hyuA_predicted,0.125,7,7,CTCGCCAACCCACTACGCCC,0,1853638
hyuA_predicted,0.125,7,7,CTCCCGTGCCATTGAGATAA,0,1842755
hyuA_predicted,0.125,7,7,CTCAGATATGCGGCGAATAC,0,1863153
hyuA_predicted,0.125,7,7,CTATTCGCTCGAATTCTCGG,0,1833725
hyuA_predicted,0.125,7,7,CTATGTGCTCTGGTCGCTAT,0,1871149
hyuA_predicted,0.125,7,7,CTATATTGACGTCCGTTACC,0,1848697
hyuA_predicted,0.125,7,7,CTAGTCAGGGGTTTTTCGCG,0,1866186
hyuA_predicted,0.125,7,7,CTAGGCACGATCCCCTTCTT,0,1875177
hyuA_predicted,0.125,7,7,CTACTTACCGCATCAACTCC,0,1872877
hyuA_predicted,0.125,7,7,CTACCGCCCTAGTTGGTCTA,0,1854060
hyuA_predicted,0.125,7,7,CTAAAGGTGGCCTCGTGCTT,0,1864663
hyuA_predicted,0.125,7,7,CTAAACCTGCGGTGCCCGGT,0,1855976
hyuA_predicted,0.125,7,7,CGTTGCATGCCTCGCGAGTC,0,1865782
hyuA_predicted,0.125,7,7,CGTTATATCATGAAGTTCCA,0,1829382
hyuA_predicted,0.125,7,7,CGTGGGTAGAGCAGTAGCGA,0,1842384
hyuA_predicted,0.125,7,7,CGTCCGGACTAGCCCTGATA,0,1847009
hyuA_predicted,0.125,7,7,CGTCCATTGTCTCCGCACTT,0,1830688
hyuA_predicted,0.125,7,7,CGTCCAGAAGAGCCGTCATG,0,1852973
hyuA_predicted,0.125,7,7,CGTACTGCCGAGGCATGGTT,0,1866557
hyuA_predicted,0.125,7,7,CGGTTCCGATTCCGATTCGC,0,1863775
hyuA_predicted,0.125,7,7,CGGTCTACTGGTGATGCGAA,0,1864348
hyuA_predicted,0.125,7,7,CGGGTGGGCAACATGTGACC,0,1851288
hyuA_predicted,0.125,7,7,CGGGTACTGCTTTCTGTGCG,0,1865461
hyuA_predicted,0.125,7,7,CGGGGTGTCTGGGTTTCATA,0,1853299
hyuA_predicted,0.125,7,7,CGGGGCGGGCACTATCTATG,0,1835975
hyuA_predicted,0.125,7,7,CGGCTTTGAAGGAGAAACTT,0,1840843
hyuA_predicted,0.125,7,7,CGGAGTACTGATTGAGATGG,0,1858533
hyuA_predicted,0.125,7,7,CGGAAAGCTTTATCACGTAT,0,1834533
hyuA_predicted,0.125,7,7,CGCTTAGTTAGCCTGCCTCA,0,1858979
hyuA_predicted,0.125,7,7,CGCTCAAGTAGAGGAACAGA,0,1838602
hyuA_predicted,0.125,7,7,CGCTACCAGTTAACAAAGGC,0,1844227
hyuA_predicted,0.125,7,7,CGCGTCCTCCGACTCACGGG,0,1845393
hyuA_predicted,0.125,7,7,CGCGTAGTAGCGAATCTCGG,0,1837765
hyuA_predicted,0.125,7,7,CGCGGCGAACAGATGGAGCT,0,1874916
hyuA_predicted,0.125,7,7,CGCATGGTGTCCCGTAATGA,0,1863355
hyuA_predicted,0.125,7,7,CGATGCGTCCGCGCATAATT,0,1849305
hyuA_predicted,0.125,7,7,CGATGAGTCCCTCTACCTCT,0,1843665
hyuA_predicted,0.125,7,7,CGAGTACATGGCTCAGAGAA,0,1856677
hyuA_predicted,0.125,7,7,CGAGGTACTCTTATTTGTTA,0,1840374
hyuA_predicted,0.125,7,7,CGAGGGCCGGCATACGCTGG,0,1845396
hyuA_predicted,0.125,7,7,CGAGAACATGTGCAGTATCG,0,1842569
hyuA_predicted,0.125,7,7,CGAATGTCCTCCGGGCAGCC,0,1868248
hyuA_predicted,0.125,7,7,CGAACGGACCTAGAGCCCAT,0,1874263
hyuA_predicted,0.125,7,7,CGAACCTTTCGCTGTACGCT,0,1844131
hyuA_predicted,0.125,7,7,CCTTCTACTAGGGAATCACT,0,1847304
hyuA_predicted,0.125,7,7,CCTGTTAAGCTAAAACACTA,0,1834780
hyuA_predicted,0.125,7,7,CCTGGGTCTCTTCATGACCG,0,1844770
hyuA_predicted,0.125,7,7,CCTGGCAGGGAACTGATGAT,0,1847468
hyuA_predicted,0.125,7,7,CCTCGCCACAAATAGAGTGA,0,1838466
hyuA_predicted,0.125,7,7,CCTCATCTGTAATGCAGCTC,0,1854752
hyuA_predicted,0.125,7,7,CCGTTATGAAAGACTACAGG,0,1829129
hyuA_predicted,0.125,7,7,CCGTGGTTTGGCTAAACACA,0,1836277
hyuA_predicted,0.125,7,7,CCGTCGTCACGGGATCCTCA,0,1841233
hyuA_predicted,0.125,7,7,CCGTCCGATGTTACCGCTAC,0,1875371
hyuA_predicted,0.125,7,7,CCGGTAGGTGGCTGGTTCAG,0,1869768
hyuA_predicted,0.125,7,7,CCGGCCGGCAAGGCTACGTC,0,1858821
hyuA_predicted,0.125,7,7,CCGGACTGGTCATATCTGGG,0,1854616
hyuA_predicted,0.125,7,7,CCGCCACCGCTCCAGTTACA,0,1840082
hyuA_predicted,0.125,7,7,CCGATGTTTTGTGGGCTTTA,0,1854848
hyuA_predicted,0.125,7,7,CCGAGGTCTCCGTACTTACA,0,1876336
hyuA_predicted,0.125,7,7,CCCTGCACTTCGTCGATTGG,0,1848083
hyuA_predicted,0.125,7,7,CCCTCCACGGACTTAATTGG,0,1865825
hyuA_predicted,0.125,7,7,CCCGTTTGGCGCCAAGGCTT,0,1844916
hyuA_predicted,0.125,7,7,CCCGCGTACCCTACTTGGGT,0,1873914
hyuA_predicted,0.125,7,7,CCCGAACCGTGATGCTGGTG,0,1867305
hyuA_predicted,0.125,7,7,CCCCCAAATCCATTGGCTAT,0,1845886
hyuA_predicted,0.125,7,7,CCCATTTGCCGGCGCATTAA,0,1838849
hyuA_predicted,0.125,7,7,CCCAGTGCAGCGTGCGTGCA,0,1860104
hyuA_predicted,0.125,7,7,CCCAGGCGAAAGCGCTGAGG,0,1860894
hyuA_predicted,0.125,7,7,CCCAGAGAAGGGGATACTTT,0,1876092
hyuA_predicted,0.125,7,7,CCCAAGAGGAAGACAGTCCC,0,1850050
hyuA_predicted,0.125,7,7,CCATTAGATAACACTCGGGC,0,1830410
hyuA_predicted,0.125,7,7,CCATGAAAGCTGGGTAATTA,0,1831099
hyuA_predicted,0.125,7,7,CCATATGCAGCCCCCCGAGT,0,1872820
hyuA_predicted,0.125,7,7,CCATATGAAACGCGTTCTGT,0,1867827
hyuA_predicted,0.125,7,7,CCAGATTGCAACCAACACGC,0,1867392
hyuA_predicted,0.125,7,7,CCACTAGGTAGTCCATATTA,0,1875353
hyuA_predicted,0.125,7,7,CCACGTTACGGCTGATTTAT,0,1856687
hyuA_predicted,0.125,7,7,CCACAGCCTCGTTCGATTGT,0,1849370
hyuA_predicted,0.125,7,7,CCACAGATGTGGTAAAGTTT,0,1849651
hyuA_predicted,0.125,7,7,CCAAGGGAGGATTGCTTACT,0,1862986
hyuA_predicted,0.125,7,7,CCAAGGCTGGATTAACGGAT,0,1859148
hyuA_predicted,0.125,7,7,CCAACGCTCATCAGCCTTGC,0,1839694
hyuA_predicted,0.125,7,7,CCAAACCCGCTACGGAAACT,0,1834721
hyuA_predicted,0.125,7,7,CCAAAATTCACTGCTATCTT,0,1865728
hyuA_predicted,0.125,7,7,CATGTTTCGCCAGGATCTAG,0,1865021
hyuA_predicted,0.125,7,7,CATGCAATGAAATAGGCTCA,0,1868129
hyuA_predicted,0.125,7,7,CATGATAAGGGCCGGCCTTT,0,1846957
hyuA_predicted,0.125,7,7,CATGAGTTCAGAAGCCCCGG,0,1858050
hyuA_predicted,0.125,7,7,CATCCTGCTAAACCATTGAA,0,1857544
hyuA_predicted,0.125,7,7,CATCCCAGTTGCGCACTGTT,0,1871536
hyuA_predicted,0.125,7,7,CATACTTCGAATTTTATCGT,0,1853815
hyuA_predicted,0.125,7,7,CATACCTGCCTTCTGGGTCC,0,1839735
hyuA_predicted,0.125,7,7,CATACACGGACAGTGCCAAA,0,1861347
hyuA_predicted,0.125,7,7,CATAAAGTGTAGGCCATAGG,0,1842478
hyuA_predicted,0.125,7,7,CAGTCAGCGCTTTATTTCCG,0,1850801
hyuA_predicted,0.125,7,7,CAGGGTGAACGGTGGAAATC,0,1873225
hyuA_predicted,0.125,7,7,CAGGGGGGAAATTACGTCAA,0,1841624
hyuA_predicted,0.125,7,7,CAGGAAACCTCAAGACAATG,0,1833899
hyuA_predicted,0.125,7,7,CAGCTCGGCTCTACTACGGT,0,1875275
hyuA_predicted,0.125,7,7,CAGCTACTGCCCGCATCTTA,0,1863575
hyuA_predicted,0.125,7,7,CAGCGTTCGCTTCTGGTAAC,0,1839695
hyuA_predicted,0.125,7,7,CAGCATGCGCACTAATAATC,0,1865503
hyuA_predicted,0.125,7,7,CAGCATCGATCGTCCTCCGA,0,1860057
hyuA_predicted,0.125,7,7,CAGCACGGTCTCCTTTGTAA,0,1858352
hyuA_predicted,0.125,7,7,CAGAATCCCCGCCAGTGGAG,0,1862941
hyuA_predicted,0.125,7,7,CAGAAGAAGAAATGTTCAGT,0,1856497
hyuA_predicted,0.125,7,7,CACTTTAAAGCGGTCAGGGA,0,1856155
hyuA_predicted,0.125,7,7,CACTGGGTGGAAAGTCGATT,0,1871062
hyuA_predicted,0.125,7,7,CACTCACCTGGGCAAGCAAA,0,1877010
hyuA_predicted,0.125,7,7,CACGGCAAACAGGGGCCAGA,0,1836161
hyuA_predicted,0.125,7,7,CACCGGTTCCGTACCGTTAG,0,1842250
hyuA_predicted,0.125,7,7,CACAGGCGGGACCGTAATAT,0,1846374
hyuA_predicted,0.125,7,7,CACAAGTATCCAGTTTATAC,0,1840740
hyuA_predicted,0.125,7,7,CAAGTTACTTCTGTTACGGG,0,1873089
hyuA_predicted,0.125,7,7,CAACGGTGTGAAAGAAATAG,0,1835359
hyuA_predicted,0.125,7,7,CAAATGAGAAGTAGCGAAAT,0,1874272
hyuA_predicted,0.125,7,7,CAAACGGCTTCGCGTCGCAA,0,1864080
hyuA_predicted,0.125,7,7,CAAACGAACCTACCCTCACT,0,1874573
hyuA_predicted,0.125,7,7,ATTTTTTATCTGCCTAGTGG,0,1853410
hyuA_predicted,0.125,7,7,ATTGTGCTCTTAGTGCGATC,0,1858182
hyuA_predicted,0.125,7,7,ATTGCGCTTAGGTGCCCCGC,0,1842512
hyuA_predicted,0.125,7,7,ATTGAGCTGGGTAGCGTGTA,0,1830875
hyuA_predicted,0.125,7,7,ATTCTTAGATCTCGCTAACA,0,1876112
hyuA_predicted,0.125,7,7,ATTCTCCGGCGCATCCCGTT,0,1871879
hyuA_predicted,0.125,7,7,ATTCGTGTCGTCTGGCCTGA,0,1855595
hyuA_predicted,0.125,7,7,ATTCGTCCCCCGCGACAGGG,0,1830196
hyuA_predicted,0.125,7,7,ATTCGGTGGACAGCCCCGTC,0,1829061
hyuA_predicted,0.125,7,7,ATTCCGCCCAACATCGAAAT,0,1871623
hyuA_predicted,0.125,7,7,ATTCATGTAAGCTGAGGTAG,0,1835153
hyuA_predicted,0.125,7,7,ATTATGTGTGCATCTTAGAC,0,1851189
hyuA_predicted,0.125,7,7,ATTAGCGTGCGGTCTATGCA,0,1849716
hyuA_predicted,0.125,7,7,ATTAGATATGAATACGGAAC,0,1857658
hyuA_predicted,0.125,7,7,ATGTTACAGTGACGCTGATT,0,1864030
hyuA_predicted,0.125,7,7,ATGGAGAAGATATTACTTGC,0,1866457
hyuA_predicted,0.125,7,7,ATGCTTATGCGTTAAGATTT,0,1876575
hyuA_predicted,0.125,7,7,ATGCAGCTACGGACGTTGCA,0,1855216
hyuA_predicted,0.125,7,7,ATGAGAGGCGCGTACGGGGG,0,1857369
hyuA_predicted,0.125,7,7,ATGACCGGGCAAGATTGAGT,0,1865101
hyuA_predicted,0.125,7,7,ATCTTTTTCAATGTGGTGGA,0,1837271
hyuA_predicted,0.125,7,7,ATCTGCATCACACAGACGCA,0,1875475
hyuA_predicted,0.125,7,7,ATCTATTACACAGGTTACTA,0,1831821
hyuA_predicted,0.125,7,7,ATCTAGCAGATTCGGGTGTG,0,1844198
hyuA_predicted,0.125,7,7,ATCGTGCGATGAATCTGTGT,0,1868911
hyuA_predicted,0.125,7,7,ATCGGGCATGCAAATGTGCC,0,1844909
hyuA_predicted,0.125,7,7,ATCGCCTCGAAAAGCAACGC,0,1854288
hyuA_predicted,0.125,7,7,ATCCTGACGAAAACGATTAC,0,1852029
hyuA_predicted,0.125,7,7,ATCAATAGGTTGATAAAGTG,0,1840167
hyuA_predicted,0.125,7,7,ATATTGGGCATCAAGCGCTC,0,1848238
hyuA_predicted,0.125,7,7,ATATATAGTCATCTGATTGC,0,1865970
hyuA_predicted,0.125,7,7,ATAGTAGGGAAAGAATGATA,0,1850300
hyuA_predicted,0.125,7,7,ATAGGCCTTATAGCGAGTCT,0,1853077
hyuA_predicted,0.125,7,7,ATAGATCGGTGTATCGGCTG,0,1832403
hyuA_predicted,0.125,7,7,ATAGAGAGAGATACAGGTTG,0,1844406
hyuA_predicted,0.125,7,7,ATAGAGAATGTAAGGTACTC,0,1870583
hyuA_predicted,0.125,7,7,ATAGACATCAGTAAGCCAGC,0,1875690
hyuA_predicted,0.125,7,7,ATACTGCACACATGTAGCAC,0,1843858
hyuA_predicted,0.125,7,7,ATACAAATAAAGAGGCTAGT,0,1860102
hyuA_predicted,0.125,7,7,ATAATGGTGGTCGGTTTACG,0,1830209
hyuA_predicted,0.125,7,7,ATAACAGCAAGGCTCGTTCG,0,1856893
hyuA_predicted,0.125,7,7,AGTTTGTGTATGTAGACGAC,0,1834148
hyuA_predicted,0.125,7,7,AGTTCGCCTAGGTTAAGGTA,0,1876208
hyuA_predicted,0.125,7,7,AGTTACTGTTTTATAGATAG,0,1841548
hyuA_predicted,0.125,7,7,AGTGCTCAAAATTTCTGCTG,0,1830475
hyuA_predicted,0.125,7,7,AGTGCATATGGCGCGCGTAC,0,1857348
hyuA_predicted,0.125,7,7,AGTCTTCGTAGGGTGCTCCA,0,1864064
hyuA_predicted,0.125,7,7,AGTCGCATAACGGCCTATGC,0,1868212
hyuA_predicted,0.125,7,7,AGTATTAAAGGTATAGTTAC,0,1853828
hyuA_predicted,0.125,7,7,AGGTTTCCATCTTTGCGCGA,0,1870044
hyuA_predicted,0.125,7,7,AGGTGGCCGGCTCTTGGAGA,0,1872946
hyuA_predicted,0.125,7,7,AGGTGAGCCTGCTCCACTAT,0,1868524
hyuA_predicted,0.125,7,7,AGGTCTGATAAGCTTCTCCA,0,1873103
hyuA_predicted,0.125,7,7,AGGTCGTGTGTGGGAGACGA,0,1835334
hyuA_predicted,0.125,7,7,AGGTACGACGATATTTCGAT,0,1856694
hyuA_predicted,0.125,7,7,AGGTAACGCATAAGGTAAGT,0,1858501
hyuA_predicted,0.125,7,7,AGGGTTGGCCTTGTTGTCAT,0,1858306
hyuA_predicted,0.125,7,7,AGGGTTGACTGCTGGTTTAG,0,1870116
hyuA_predicted,0.125,7,7,AGGGCACAGAGAATCAAGCC,0,1847049
hyuA_predicted,0.125,7,7,AGGCTCTGGGGGTGCCCTCG,0,1853049
hyuA_predicted,0.125,7,7,AGGCGGATCTTCACAGTATT,0,1864784
hyuA_predicted,0.125,7,7,AGGCACACCAAAAGTTCTGT,0,1847285
hyuA_predicted,0.125,7,7,AGGATGCCGGCGTCGTCATA,0,1867223
hyuA_predicted,0.125,7,7,AGGACGCCTGCGCTTTTCAT,0,1852400
hyuA_predicted,0.125,7,7,AGGAAGGGGTGCCGGCTTTT,0,1835534
hyuA_predicted,0.125,7,7,AGCTCAGATATTTAATGACA,0,1876598
hyuA_predicted,0.125,7,7,AGCTACGCGCTGGAGCCCGA,0,1850770
hyuA_predicted,0.125,7,7,AGCTAAACGTTAGGGAGGAG,0,1845602
hyuA_predicted,0.125,7,7,AGCGCCCAGCTGGTAGGCGG,0,1856411
hyuA_predicted,0.125,7,7,AGCCGGGTCTTTAGGGAATG,0,1844547
hyuA_predicted,0.125,7,7,AGCCAGATTATACTGACGTG,0,1862838
hyuA_predicted,0.125,7,7,AGCATCATCAACGTTTGCCA,0,1877632
hyuA_predicted,0.125,7,7,AGCAGAGGTTAAATTTATTA,0,1831890
hyuA_predicted,0.125,7,7,AGCACCAATGCACTTAGCAG,0,1876290
hyuA_predicted,0.125,7,7,AGATTTCGGCGTTTGCTTTG,0,1830340
hyuA_predicted,0.125,7,7,AGATTCCGGTTCTGTTGGAC,0,1850360
hyuA_predicted,0.125,7,7,AGAGCAATGGCCAGCGACAA,0,1870787
hyuA_predicted,0.125,7,7,AGAGATTTTTCTTCTAATTT,0,1836118
hyuA_predicted,0.125,7,7,AGACTTGTGCGTCGGGTCAA,0,1858881
hyuA_predicted,0.125,7,7,AGAATTCTCAATGCTATGAC,0,1873430
hyuA_predicted,0.125,7,7,ACTTTAACGGCCTGAATGCC,0,1874940
hyuA_predicted,0.125,7,7,ACTGTGTCGGTTCCACCCCC,0,1849910
hyuA_predicted,0.125,7,7,ACTCACACGAGGGTACGTTA,0,1845852
hyuA_predicted,0.125,7,7,ACTATGATGTGCCCAAACCT,0,1857081
hyuA_predicted,0.125,7,7,ACGGTTGTGCATCCGCGAAC,0,1842604
hyuA_predicted,0.125,7,7,ACGGCTGTTTTATTTTAGAG,0,1843467
hyuA_predicted,0.125,7,7,ACGCGGTGTGAAGATTCCGG,0,1832341
hyuA_predicted,0.125,7,7,ACGCGGGAATACGTCGGTAG,0,1857409
hyuA_predicted,0.125,7,7,ACGCGCCTATACTTAGGCAG,0,1865287
hyuA_predicted,0.125,7,7,ACGCCTTTACGTTGCCCGTT,0,1874974
hyuA_predicted,0.125,7,7,ACGCAGCCAAGGCACGGCGA,0,1837531
hyuA_predicted,0.125,7,7,ACGATGGGCCGTTCCCGACA,0,1835002
hyuA_predicted,0.125,7,7,ACGAGGCTAGGACTGAGCTA,0,1876364
hyuA_predicted,0.125,7,7,ACGAACGTCGTGCTACGCCC,0,1835493
hyuA_predicted,0.125,7,7,ACCTTATGTGGAAGGTTCGA,0,1840744
hyuA_predicted,0.125,7,7,ACCTGTCATTTCGCGCGACG,0,1850386
hyuA_predicted,0.125,7,7,ACCTGAACCGGAGCTGCCAT,0,1876249
hyuA_predicted,0.125,7,7,ACCTCTAATGCAGGGGCCAC,0,1846977
hyuA_predicted,0.125,7,7,ACCTAGGGTGCATCCGAGTA,0,1847352
hyuA_predicted,0.125,7,7,ACCGGCACTTTCAGGACGTG,0,1842180
hyuA_predicted,0.125,7,7,ACCGCGGGTGTCTACCTCTT,0,1872266
hyuA_predicted,0.125,7,7,ACCGAAACGAACCACGTCCA,0,1847460
hyuA_predicted,0.125,7,7,ACCCTGGCGTCGAAATATCC,0,1872205
hyuA_predicted,0.125,7,7,ACCCCCAACTAAGTCAGACC,0,1856408
hyuA_predicted,0.125,7,7,ACCAGTTGCCCATTCCCCTC,0,1876241
hyuA_predicted,0.125,7,7,ACATTGTCCAGGGTTTCTAT,0,1845148
hyuA_predicted,0.125,7,7,ACATCATACGACCACATATG,0,1857902
hyuA_predicted,0.125,7,7,ACAGGAATCGGAGAGTGGAG,0,1875077
hyuA_predicted,0.125,7,7,ACAGCTAGCCCTAAACGATG,0,1867275
hyuA_predicted,0.125,7,7,ACACTCGACAAAGAATAACT,0,1837895
hyuA_predicted,0.125,7,7,ACACGACGCGACTAAATGGA,0,1865168
hyuA_predicted,0.125,7,7,ACAATACTAAGCCCTACCAT,0,1847514
hyuA_predicted,0.125,7,7,ACAATAAGATTAAGAATGCA,0,1859692
hyuA_predicted,0.125,7,7,ACAAGATCCACGCTCGGAAA,0,1835480
hyuA_predicted,0.125,7,7,ACAACTTATCTATCGAAACA,0,1851397
hyuA_predicted,0.125,7,7,AATTTGGTCTGTCCCAGCGT,0,1854174
hyuA_predicted,0.125,7,7,AATTCCGGGGCTTACTGTGG,0,1850596
hyuA_predicted,0.125,7,7,AATTCACAATACTCAGAGCC,0,1846755
hyuA_predicted,0.125,7,7,AATTAGACAGCACGTGGCAG,0,1867683
hyuA_predicted,0.125,7,7,AATTAGAATAGAGCCCAATA,0,1850168
hyuA_predicted,0.125,7,7,AATAGTCTCGTGACTCATAC,0,1852356
hyuA_predicted,0.125,7,7,AATAATTCTGGGCGCGTGGA,0,1842198
hyuA_predicted,0.125,7,7,AATAACATCCCCTTACGGGA,0,1829250
hyuA_predicted,0.125,7,7,AAGTTGCCGTAGCTGTGTCA,0,1837925
hyuA_predicted,0.125,7,7,AAGTCGAGTAACATGTTGTA,0,1872350
hyuA_predicted,0.125,7,7,AAGGGACTGGGGTTGGAGCG,0,1839672
hyuA_predicted,0.125,7,7,AAGGGACGTACTACGTTGCG,0,1872683
hyuA_predicted,0.125,7,7,AAGGAACCTGCTCAATTCGC,0,1863819
hyuA_predicted,0.125,7,7,AAGCTTGACAGTGATCTTAC,0,1852173
hyuA_predicted,0.125,7,7,AACTATTATCGGCGCTTAGC,0,1868872
hyuA_predicted,0.125,7,7,AACTACTTTTATTACCTGAT,0,1871537
hyuA_predicted,0.125,7,7,AACGGGTCCACTGCTCTGGC,0,1871102
hyuA_predicted,0.125,7,7,AACGATGGTGTTCACTGCGC,0,1844331
hyuA_predicted,0.125,7,7,AACGATATCTTGCTTATATG,0,1867661
hyuA_predicted,0.125,7,7,AACCGTACTGTATGTTGGTT,0,1848163
hyuA_predicted,0.125,7,7,AACACGCCAGGGGGAAGGGA,0,1857520
hyuA_predicted,0.125,7,7,AACAAAACGGGCCTGGACCA,0,1831468
hyuA_predicted,0.125,7,7,AAATGATGGTCGAGCGTCAG,0,1867369
hyuA_predicted,0.125,7,7,AAATCAGCCAGGAAAGACGT,0,1866013
hyuA_predicted,0.125,7,7,AAAGGTGGCCGCTATAATGT,0,1875641
hyuA_predicted,0.125,7,7,AAAGCGCCCCCCGTATGATG,0,1843128
hyuA_predicted,0.125,7,7,AAAGCAGAGTGATTTAGGTA,0,1846208
hyuA_predicted,0.125,7,7,AAAGCACGCTTCTCGTACGA,0,1876728
hyuA_predicted,0.125,7,7,AAAGCACGCAATGCGTATAC,0,1874378
hyuA_predicted,0.125,7,7,AAACTCGGGGTCTATCGTGT,0,1832518
hyuA_predicted,0.125,7,7,AAACCAACGGCGCACGGATA,0,1850821
hyuA_predicted,0.125,7,7,AAAATGGTGCTCACCTGCCG,0,1859885
hyuA_predicted,0.125,7,7,AAAAGAATCGCCCTCGACAC,0,1869782
hyuA_predicted,0.125,7,7,AAAACGCACGGACCTCTAGT,0,1842219
hyuA_predicted,0.14285714285714285,6,6,TTTTTTAGCCCGCATAGGGA,0,1865754
hyuA_predicted,0.14285714285714285,6,6,TTTTGTCGTGAGTGGAACAG,0,1849853
hyuA_predicted,0.14285714285714285,6,6,TTTTGGCCGCTGGTCATCAA,0,1864624
hyuA_predicted,0.14285714285714285,6,6,TTTTGGACATCTCATAGTCT,0,1829269
hyuA_predicted,0.14285714285714285,6,6,TTTTCCTGATTTTAAAGGCT,0,1840174
hyuA_predicted,0.14285714285714285,6,6,TTTTCCGTACGGGCAGAGGA,0,1850460
hyuA_predicted,0.14285714285714285,6,6,TTTTATATACTTTTCCCACG,0,1855132
hyuA_predicted,0.14285714285714285,6,6,TTTGTACCTTGCCGTCATTA,0,1838490
hyuA_predicted,0.14285714285714285,6,6,TTTGCGTGGGGCCAAACGGC,0,1839464
hyuA_predicted,0.14285714285714285,6,6,TTTCTTTGTGAAGTTGTCGT,0,1875331
hyuA_predicted,0.14285714285714285,6,6,TTTCGGACGCGACTCCGCTG,0,1868484
hyuA_predicted,0.14285714285714285,6,6,TTTCAGGTCAAAGAGGGAGG,0,1863266
hyuA_predicted,0.14285714285714285,6,6,TTTCACGTTGGCTGAGACTG,0,1837686
hyuA_predicted,0.14285714285714285,6,6,TTTACTGGTCCAGGTCGGAC,0,1867639
hyuA_predicted,0.14285714285714285,6,6,TTTACGGTCTGATTCGCAAA,0,1852352
hyuA_predicted,0.14285714285714285,6,6,TTGTTTACGAAGCGATGGAC,0,1876926
hyuA_predicted,0.14285714285714285,6,6,TTGTTCTTAGTCCAAAATAA,0,1868311
hyuA_predicted,0.14285714285714285,6,6,TTGTGTTGGCTGTCAAAGGC,0,1851228
hyuA_predicted,0.14285714285714285,6,6,TTGTGAGGTAAAGGGAATTT,0,1850755
hyuA_predicted,0.14285714285714285,6,6,TTGGGCATACTTTATAAGGG,0,1845690
hyuA_predicted,0.14285714285714285,6,6,TTGGATTAGTATAGACCACT,0,1875369
hyuA_predicted,0.14285714285714285,6,6,TTGCTTACACATTCACCGGT,0,1831147
hyuA_predicted,0.14285714285714285,6,6,TTGCCCTTTTTGCGTTCTAG,0,1851102
hyuA_predicted,0.14285714285714285,6,6,TTGCCATTTGAGAAGGCAAC,0,1871751
hyuA_predicted,0.14285714285714285,6,6,TTGAACTTGGAGGTGGTTGG,0,1876666
hyuA_predicted,0.14285714285714285,6,6,TTCTTCAATTTTACCTCTCT,0,1866805
hyuA_predicted,0.14285714285714285,6,6,TTCTTAAAAATCTTGACGGA,0,1850497
hyuA_predicted,0.14285714285714285,6,6,TTCTCTAATGCGGTACCTTT,0,1857550
hyuA_predicted,0.14285714285714285,6,6,TTCGGTTACGCACGTCGGTC,0,1837004
hyuA_predicted,0.14285714285714285,6,6,TTCGCCCTGGGTAAGGTATC,0,1875090
hyuA_predicted,0.14285714285714285,6,6,TTCCTTGGACTCCTCATAGG,0,1861204
hyuA_predicted,0.14285714285714285,6,6,TTCACACTTGCATTATTCCA,0,1868904
hyuA_predicted,0.14285714285714285,6,6,TTATCTGCAGCTCAAATGGA,0,1858271
hyuA_predicted,0.14285714285714285,6,6,TTATACGGGGCTCCTCTACC,0,1830214
hyuA_predicted,0.14285714285714285,6,6,TTAGTACACTGGTTTGGCAT,0,1851964
hyuA_predicted,0.14285714285714285,6,6,TTAGGCTCCTCGGCCCCTAT,0,1849519
hyuA_predicted,0.14285714285714285,6,6,TTAGGCCATATAAAAGGGAT,0,1865846
hyuA_predicted,0.14285714285714285,6,6,TTAGGAAGTAGCGTAACTCA,0,1876895
hyuA_predicted,0.14285714285714285,6,6,TTAGCGATAAATTTCGTATC,0,1876827
hyuA_predicted,0.14285714285714285,6,6,TTAGCCTCGTGAAAACGCAA,0,1841429
hyuA_predicted,0.14285714285714285,6,6,TTAGAAACAGCCTATCTCGT,0,1837744
hyuA_predicted,0.14285714285714285,6,6,TTACGGTGGGATATGATACG,0,1851364
hyuA_predicted,0.14285714285714285,6,6,TTAAGTCGATGACACCCGTG,0,1842282
hyuA_predicted,0.14285714285714285,6,6,TTAAGTAAGACCCGAATCGT,0,1852826
hyuA_predicted,0.14285714285714285,6,6,TTAAACCCGCTCTGAGCGTT,0,1839508
hyuA_predicted,0.14285714285714285,6,6,TTAAAATACTATTTCATGCT,0,1845001
hyuA_predicted,0.14285714285714285,6,6,TGTTCGGCCACGTGAAATTT,0,1852573
hyuA_predicted,0.14285714285714285,6,6,TGTTCAGGGGCGACTCCGGT,0,1847530
hyuA_predicted,0.14285714285714285,6,6,TGTTATAGATAGTATAATAT,0,1845146
hyuA_predicted,0.14285714285714285,6,6,TGTGATTCTGTGGAGGTGCG,0,1856394
hyuA_predicted,0.14285714285714285,6,6,TGTGATCACCATTCGGAAGT,0,1845365
hyuA_predicted,0.14285714285714285,6,6,TGTGAGATCCGTATGTGATC,0,1848829
hyuA_predicted,0.14285714285714285,6,6,TGTGACTTTGAAGTAATTTA,0,1863349
hyuA_predicted,0.14285714285714285,6,6,TGTCTATAAATGTTCGATGT,0,1841921
hyuA_predicted,0.14285714285714285,6,6,TGTCGGAACCCGTCGTAAAA,0,1856344
hyuA_predicted,0.14285714285714285,6,6,TGTCCCGCTTCCGAGACATT,0,1855388
hyuA_predicted,0.14285714285714285,6,6,TGTAGCGTTGAACAATTCAC,0,1862277
hyuA_predicted,0.14285714285714285,6,6,TGTACTGAAGCCTATAGTGG,0,1861532
hyuA_predicted,0.14285714285714285,6,6,TGTACGGAACCAGAGACACA,0,1843039
hyuA_predicted,0.14285714285714285,6,6,TGGTCCAACGGTACGAGAAC,0,1838374
hyuA_predicted,0.14285714285714285,6,6,TGGGCTGGGTTGTACGAGAT,0,1845199
hyuA_predicted,0.14285714285714285,6,6,TGGCCTGACAGAAGTAGAGC,0,1846715
hyuA_predicted,0.14285714285714285,6,6,TGGACAAACGTAACGGAGGG,0,1856987
hyuA_predicted,0.14285714285714285,6,6,TGCTTATACGATGGCGTTCA,0,1858102
hyuA_predicted,0.14285714285714285,6,6,TGCTGTAGAGATTGGCTCTC,0,1860527
hyuA_predicted,0.14285714285714285,6,6,TGCGGTTACGCAACACATTC,0,1854996
hyuA_predicted,0.14285714285714285,6,6,TGCGGTCAACTATTGTCGGA,0,1865184
hyuA_predicted,0.14285714285714285,6,6,TGCGGATCCCTCGTCAAAGA,0,1849882
hyuA_predicted,0.14285714285714285,6,6,TGCGCCGACTTGTCAGACTG,0,1869556
hyuA_predicted,0.14285714285714285,6,6,TGCATGCCATCGAACTAGCT,0,1863753
hyuA_predicted,0.14285714285714285,6,6,TGCAAGTTTGTAACCGGTAC,0,1854447
hyuA_predicted,0.14285714285714285,6,6,TGCAAACTTCGTCAACACGC,0,1833361
hyuA_predicted,0.14285714285714285,6,6,TGATTACGTTGCGGGTTAGG,0,1842574
hyuA_predicted,0.14285714285714285,6,6,TGATGATAGTTAATGGAACC,0,1867472
hyuA_predicted,0.14285714285714285,6,6,TGATGAAACGGTTCCCGCCA,0,1861068
hyuA_predicted,0.14285714285714285,6,6,TGATCACAGTTCTCTCAACA,0,1858142
hyuA_predicted,0.14285714285714285,6,6,TGATAGTAGTCTAAGGTGGC,0,1841609
hyuA_predicted,0.14285714285714285,6,6,TGATAGACGTTAATGGAGGC,0,1870084
hyuA_predicted,0.14285714285714285,6,6,TGAGGCGGTCCTCAAATGAG,0,1856242
hyuA_predicted,0.14285714285714285,6,6,TGAGCCCTAGTTCTGGCATT,0,1835659
hyuA_predicted,0.14285714285714285,6,6,TGAGCATTCAAGGAAGTACG,0,1869107
hyuA_predicted,0.14285714285714285,6,6,TGAGAGTAGGATAAGCCTCA,0,1845936
hyuA_predicted,0.14285714285714285,6,6,TGACGGACTCTCTTCGTTCG,0,1846130
hyuA_predicted,0.14285714285714285,6,6,TGAAGGTAGTCAAACGCTAC,0,1836172
hyuA_predicted,0.14285714285714285,6,6,TGAAGGCCTTCACTTTATTA,0,1831840
hyuA_predicted,0.14285714285714285,6,6,TGAAGCGCCTCTTATATATG,0,1833112
hyuA_predicted,0.14285714285714285,6,6,TGAAGCATGGTCGCTGGCTC,0,1829723
hyuA_predicted,0.14285714285714285,6,6,TGAAAGTCGAATACAACGGA,0,1858682
hyuA_predicted,0.14285714285714285,6,6,TCTTGGCGTTATGCAGCCAT,0,1843259
hyuA_predicted,0.14285714285714285,6,6,TCTTAATATAAACGACAATG,0,1856676
hyuA_predicted,0.14285714285714285,6,6,TCTGTGTTGGTCTTTATAGA,0,1869948
hyuA_predicted,0.14285714285714285,6,6,TCTGGAGGCATCACTACGCG,0,1872668
hyuA_predicted,0.14285714285714285,6,6,TCTGAAGCTCGGCATCTGGC,0,1868187
hyuA_predicted,0.14285714285714285,6,6,TCTCCGAAGCGGGATTGGTT,0,1873678
hyuA_predicted,0.14285714285714285,6,6,TCTACCTAGAGACCCGTCAT,0,1868793
hyuA_predicted,0.14285714285714285,6,6,TCTAATACAAGTGTTTGAGA,0,1873621
hyuA_predicted,0.14285714285714285,6,6,TCGTTGTAGACAGTTACAGA,0,1859440
hyuA_predicted,0.14285714285714285,6,6,TCGTGGGGATTAGCTTGGCT,0,1868724
hyuA_predicted,0.14285714285714285,6,6,TCGTAGTGATGTATGGCAGT,0,1857991
hyuA_predicted,0.14285714285714285,6,6,TCGGTAATTTCCACCAGGTT,0,1869435
hyuA_predicted,0.14285714285714285,6,6,TCGGCGTCTAGAAAACGAGA,0,1852608
hyuA_predicted,0.14285714285714285,6,6,TCGGCAATCTGTGATGATAG,0,1856179
hyuA_predicted,0.14285714285714285,6,6,TCGGAGTATGATCTTGAGGT,0,1854399
hyuA_predicted,0.14285714285714285,6,6,TCGGAATCTGGGGTTCATAT,0,1873157
hyuA_predicted,0.14285714285714285,6,6,TCGCTTCAAAGCTAATTCGC,0,1844846
hyuA_predicted,0.14285714285714285,6,6,TCGCTGTGCAGAGGAACGTT,0,1845603
hyuA_predicted,0.14285714285714285,6,6,TCGCTCAGGCGGCCCATTGG,0,1875515
hyuA_predicted,0.14285714285714285,6,6,TCGAGGTACGTTGGCTTGTG,0,1843366
hyuA_predicted,0.14285714285714285,6,6,TCGAATTCGTGTGGGGGAGC,0,1866876
hyuA_predicted,0.14285714285714285,6,6,TCGAATAACCGCTCCTGACA,0,1832564
hyuA_predicted,0.14285714285714285,6,6,TCGAACTCGGCGGTAAGGGG,0,1854706
hyuA_predicted,0.14285714285714285,6,6,TCCTCGATAGCTATTTAGCA,0,1845815
hyuA_predicted,0.14285714285714285,6,6,TCCTCATAATTAGTCATTGA,0,1853876
hyuA_predicted,0.14285714285714285,6,6,TCCGTAGAGGCATAAAGGAC,0,1853215
hyuA_predicted,0.14285714285714285,6,6,TCCCTGCGAATAGTTCGCAA,0,1862384
hyuA_predicted,0.14285714285714285,6,6,TCCCAAAAAGTGCGAACAAT,0,1838018
hyuA_predicted,0.14285714285714285,6,6,TCATGCGTATGGGCTTTTGA,0,1835115
hyuA_predicted,0.14285714285714285,6,6,TCATCGTCCTCCCATAACCG,0,1853288
hyuA_predicted,0.14285714285714285,6,6,TCATCCAAGTGAGCGAATTA,0,1837798
hyuA_predicted,0.14285714285714285,6,6,TCATAATCTCGAGTTTAAGT,0,1863399
hyuA_predicted,0.14285714285714285,6,6,TCAGTGTGATCGAGTGATCT,0,1864025
hyuA_predicted,0.14285714285714285,6,6,TCAGCCCAGCATGAGCACCA,0,1831767
hyuA_predicted,0.14285714285714285,6,6,TCAGAGGACCACCATTTTTT,0,1854323
hyuA_predicted,0.14285714285714285,6,6,TCACTCCAAATTTGGACTAG,0,1834714
hyuA_predicted,0.14285714285714285,6,6,TCACGGGTTCAGGGTGGCAT,0,1876679
hyuA_predicted,0.14285714285714285,6,6,TCAATCAACCCGCATGTGAC,0,1861744
hyuA_predicted,0.14285714285714285,6,6,TCAACTTAACAGGGGCTTTT,0,1833231
hyuA_predicted,0.14285714285714285,6,6,TCAACAAGCAGATTCGGTGG,0,1848790
hyuA_predicted,0.14285714285714285,6,6,TCAAAGCGCATATGCGCTTC,0,1852361
hyuA_predicted,0.14285714285714285,6,6,TCAAAGCCGGTTAGTTTGAG,0,1832021
hyuA_predicted,0.14285714285714285,6,6,TATTAGCCATAAGTTTGAGT,0,1856135
hyuA_predicted,0.14285714285714285,6,6,TATGGCGGCTCACCTGCCCA,0,1855906
hyuA_predicted,0.14285714285714285,6,6,TATGGACATTACTTATTTTT,0,1845280
hyuA_predicted,0.14285714285714285,6,6,TATGCTACAGGTGGCTTACT,0,1848700
hyuA_predicted,0.14285714285714285,6,6,TATGAAGAAATTCGATTCAA,0,1829855
hyuA_predicted,0.14285714285714285,6,6,TATCTTTTGCCAGGTAGTTG,0,1859076
hyuA_predicted,0.14285714285714285,6,6,TATCTTTAACTGGGGCGTTG,0,1861009
hyuA_predicted,0.14285714285714285,6,6,TATCTAGATGTTGATCCGCA,0,1863261
hyuA_predicted,0.14285714285714285,6,6,TATCCGTAAATTCCCGCTTT,0,1872897
hyuA_predicted,0.14285714285714285,6,6,TATCCCGCCACACATTGTAC,0,1830723
hyuA_predicted,0.14285714285714285,6,6,TATAATGGCGCATCGGAGAA,0,1852886
hyuA_predicted,0.14285714285714285,6,6,TATAAGTAGGATGAAAAGAG,0,1839910
hyuA_predicted,0.14285714285714285,6,6,TAGCATAACCGCGTGGGTAG,0,1872020
hyuA_predicted,0.14285714285714285,6,6,TAGACATGTCGAAACAGAAT,0,1853014
hyuA_predicted,0.14285714285714285,6,6,TAGAAGGTATGTCAGCATAA,0,1846568
hyuA_predicted,0.14285714285714285,6,6,TAGAAATGTCTACCATTCCA,0,1851501
hyuA_predicted,0.14285714285714285,6,6,TACGTGGTTGATCAAAGCTG,0,1861101
hyuA_predicted,0.14285714285714285,6,6,TACGTCTGATCACGATTCGC,0,1848808
hyuA_predicted,0.14285714285714285,6,6,TACGCCGGTGCTTTTACTCA,0,1858303
hyuA_predicted,0.14285714285714285,6,6,TACGATACCTATCCCAACCT,0,1870688
hyuA_predicted,0.14285714285714285,6,6,TACCGATCTACGCTCTAATG,0,1874912
hyuA_predicted,0.14285714285714285,6,6,TACCCGTGCAGGCCAATGTA,0,1858689
hyuA_predicted,0.14285714285714285,6,6,TACATAATAATTACCGGCGA,0,1837308
hyuA_predicted,0.14285714285714285,6,6,TAATTCCATGACTCGGCAGC,0,1838211
hyuA_predicted,0.14285714285714285,6,6,TAATGTGCGCAGTCCAGCAA,0,1832619
hyuA_predicted,0.14285714285714285,6,6,TAATGCAAGGGGTTAAATAT,0,1871799
hyuA_predicted,0.14285714285714285,6,6,TAATGAGGCGACCTCAACGA,0,1840150
hyuA_predicted,0.14285714285714285,6,6,TAAGGTTTAGTGCCGTGATG,0,1851266
hyuA_predicted,0.14285714285714285,6,6,TAAGCTCTCGCTCGAATCGT,0,1849938
hyuA_predicted,0.14285714285714285,6,6,TAAGAGGACCTTATTCAGCG,0,1838333
hyuA_predicted,0.14285714285714285,6,6,TAAGAGCCAGAGGTTGTAAA,0,1860009
hyuA_predicted,0.14285714285714285,6,6,TAACTTTTCCATGGGTTGAG,0,1858428
hyuA_predicted,0.14285714285714285,6,6,TAACAAACATACCGTCCCTT,0,1840897
hyuA_predicted,0.14285714285714285,6,6,TAAAGGGTTTATACGCGGAC,0,1875291
hyuA_predicted,0.14285714285714285,6,6,TAAAGAAGATTTCATCGGGT,0,1874121
hyuA_predicted,0.14285714285714285,6,6,TAAAAAGTGTCCATGGGCCA,0,1840553
hyuA_predicted,0.14285714285714285,6,6,GTTTTGTATATCCACATGCT,0,1866055
hyuA_predicted,0.14285714285714285,6,6,GTTTTGCGCGAAAATTCGGT,0,1858611
hyuA_predicted,0.14285714285714285,6,6,GTTTGTTTCATGTTCAGCTA,0,1872967
hyuA_predicted,0.14285714285714285,6,6,GTTTGACTATCACGCGTGCA,0,1865256
hyuA_predicted,0.14285714285714285,6,6,GTTTCCATGAAACCGAATAC,0,1831102
hyuA_predicted,0.14285714285714285,6,6,GTTTAATTGAGAGGGGCGAG,0,1873048
hyuA_predicted,0.14285714285714285,6,6,GTTCGGTACATGAGGTTTTG,0,1852752
hyuA_predicted,0.14285714285714285,6,6,GTTCGAGCTGTTATTAAACT,0,1843913
hyuA_predicted,0.14285714285714285,6,6,GTTCCGAATACCAGGCCTCG,0,1871345
hyuA_predicted,0.14285714285714285,6,6,GTTCCCCGGTCTGATGTATG,0,1834631
hyuA_predicted,0.14285714285714285,6,6,GTTAGGTCCTGCAGAAAAGC,0,1830290
hyuA_predicted,0.14285714285714285,6,6,GTTAACTAATTTTGCAGAAT,0,1831383
hyuA_predicted,0.14285714285714285,6,6,GTGTGGCTTCATCTTAAGTA,0,1859935
hyuA_predicted,0.14285714285714285,6,6,GTGTGCCATATCAGCCATTG,0,1874087
hyuA_predicted,0.14285714285714285,6,6,GTGTCTGTGCCTGTCCCGGG,0,1855312
hyuA_predicted,0.14285714285714285,6,6,GTGGTTGCACGGGAGTAGGA,0,1857468
hyuA_predicted,0.14285714285714285,6,6,GTGGTCAGGGAACGCTTAGA,0,1861471
hyuA_predicted,0.14285714285714285,6,6,GTGGGACAGAGGGCCGAAAG,0,1839973
hyuA_predicted,0.14285714285714285,6,6,GTGGAAGATAATTTATAATA,0,1842640
hyuA_predicted,0.14285714285714285,6,6,GTGCACTGCTATCGGTCAGA,0,1855949
hyuA_predicted,0.14285714285714285,6,6,GTGCACGGCAGCCGAGACAT,0,1861150
hyuA_predicted,0.14285714285714285,6,6,GTGATCTCGGTATGGAGTCG,0,1836841
hyuA_predicted,0.14285714285714285,6,6,GTGACTTTGTCAGCACACTT,0,1877177
hyuA_predicted,0.14285714285714285,6,6,GTGAAAACGGCTAAATACTC,0,1856220
hyuA_predicted,0.14285714285714285,6,6,GTCGTAGATTTGAGAAGACG,0,1849667
hyuA_predicted,0.14285714285714285,6,6,GTCGAGTGTCAGGTCGATTA,0,1836309
hyuA_predicted,0.14285714285714285,6,6,GTCCTTCTTATAGAGCGACG,0,1852575
hyuA_predicted,0.14285714285714285,6,6,GTCCTCGTTCTCGGGTGGAG,0,1857471
hyuA_predicted,0.14285714285714285,6,6,GTCCCGACGTATCGACTAGC,0,1865420
hyuA_predicted,0.14285714285714285,6,6,GTCATGTCCCGGCGAAAAGT,0,1840921
hyuA_predicted,0.14285714285714285,6,6,GTCACAGGACGTTGAATTGA,0,1847835
hyuA_predicted,0.14285714285714285,6,6,GTCAATGAGCGATGCAGTCG,0,1842223
hyuA_predicted,0.14285714285714285,6,6,GTCAATCGTTATGTCAAAAC,0,1868624
hyuA_predicted,0.14285714285714285,6,6,GTATCTTCCAGGCTTGTCTA,0,1849696
hyuA_predicted,0.14285714285714285,6,6,GTATATCGCGCCTTGTGTCT,0,1855167
hyuA_predicted,0.14285714285714285,6,6,GTAGTGGGTCATGCGGGGGG,0,1877605
hyuA_predicted,0.14285714285714285,6,6,GTAGTAACCGGGTCTAGTTG,0,1863870
hyuA_predicted,0.14285714285714285,6,6,GTAGGGGGCCTCGCCAAGTA,0,1857374
hyuA_predicted,0.14285714285714285,6,6,GTAGGGCAAATTTCTCAGAA,0,1864086
hyuA_predicted,0.14285714285714285,6,6,GTACCCGTTCGACGACTAGG,0,1859638
hyuA_predicted,0.14285714285714285,6,6,GTACCCGGCTGCGCCGCTGC,0,1864707
hyuA_predicted,0.14285714285714285,6,6,GTACAGAACCTGGAAGCCTT,0,1842945
hyuA_predicted,0.14285714285714285,6,6,GTAAGCGGTTCAACCCACTG,0,1842448
hyuA_predicted,0.14285714285714285,6,6,GTAACGTTCCACATCGTATC,0,1839284
hyuA_predicted,0.14285714285714285,6,6,GGTTTACATATCGAATGTAT,0,1836323
hyuA_predicted,0.14285714285714285,6,6,GGTTAAGTCATCCACCGAAG,0,1863303
hyuA_predicted,0.14285714285714285,6,6,GGTGTCAAAAATAATACGGC,0,1832107
hyuA_predicted,0.14285714285714285,6,6,GGTGTACACTTAGGCCTTTA,0,1865250
hyuA_predicted,0.14285714285714285,6,6,GGTGCTGGAGTCCCGATTTC,0,1853579
hyuA_predicted,0.14285714285714285,6,6,GGTGACAAACTTTTTTATTG,0,1852878
hyuA_predicted,0.14285714285714285,6,6,GGTCTGCGGCAAGAGGCCCT,0,1834408
hyuA_predicted,0.14285714285714285,6,6,GGTCGCCCCGTTGCTCAAGG,0,1868053
hyuA_predicted,0.14285714285714285,6,6,GGTCCAGTACCAGGAAGGGG,0,1847932
hyuA_predicted,0.14285714285714285,6,6,GGTCAGGGGGGCTACCTCGA,0,1858355
hyuA_predicted,0.14285714285714285,6,6,GGTCAGATCGGCAGTGGATT,0,1834993
hyuA_predicted,0.14285714285714285,6,6,GGTCAAAGAGAAGTCGATAA,0,1866600
hyuA_predicted,0.14285714285714285,6,6,GGTATTTAGTAACAAGGCAG,0,1850891
hyuA_predicted,0.14285714285714285,6,6,GGTATACTTAAAAACAGGCG,0,1853076
hyuA_predicted,0.14285714285714285,6,6,GGTAGACGTGAACGGTCATA,0,1853659
hyuA_predicted,0.14285714285714285,6,6,GGGTTGCTGCAATATAATCT,0,1860872
hyuA_predicted,0.14285714285714285,6,6,GGGTGATCCGTTGAGTATGA,0,1872942
hyuA_predicted,0.14285714285714285,6,6,GGGTCGTCAAAGTCTAACAG,0,1870143
hyuA_predicted,0.14285714285714285,6,6,GGGTCACCAGTCAATCCCTC,0,1843484
hyuA_predicted,0.14285714285714285,6,6,GGGTATTCACTAAAATATCG,0,1848254
hyuA_predicted,0.14285714285714285,6,6,GGGTAGCTGCCACCGACTCG,0,1862374
hyuA_predicted,0.14285714285714285,6,6,GGGTACCACCTCGCCTAAGG,0,1840865
hyuA_predicted,0.14285714285714285,6,6,GGGTAATGCTTCTGCAAAGA,0,1865890
hyuA_predicted,0.14285714285714285,6,6,GGGGGTACTAGGTGGAGGAC,0,1861872
hyuA_predicted,0.14285714285714285,6,6,GGGGGGGATCTTAAAACTAT,0,1833120
hyuA_predicted,0.14285714285714285,6,6,GGGGGCTACTCGACTGAATG,0,1869731
hyuA_predicted,0.14285714285714285,6,6,GGGGCTTGGGGGAGGACCAC,0,1844955
hyuA_predicted,0.14285714285714285,6,6,GGGGCGCCCACCGTCAGTCC,0,1842215
hyuA_predicted,0.14285714285714285,6,6,GGGGATCTTCATCGCATCGT,0,1861125
hyuA_predicted,0.14285714285714285,6,6,GGGGAGAAAGCGATTATCGC,0,1863023
hyuA_predicted,0.14285714285714285,6,6,GGGCGTACCAAAACTGGACT,0,1853164
hyuA_predicted,0.14285714285714285,6,6,GGGCGGACAGGTTTTGCGCG,0,1872990
hyuA_predicted,0.14285714285714285,6,6,GGGCGCGTTTGTGTGATCAA,0,1839342
hyuA_predicted,0.14285714285714285,6,6,GGGCCTCGCGCATTAGTATA,0,1866622
hyuA_predicted,0.14285714285714285,6,6,GGGCCGTAAAAGGTGTAGTA,0,1837554
hyuA_predicted,0.14285714285714285,6,6,GGGCATTTATATCTATTCGT,0,1855117
hyuA_predicted,0.14285714285714285,6,6,GGGCAGACGTGTCGATAAGT,0,1876506
hyuA_predicted,0.14285714285714285,6,6,GGGACTCAAGCGCGTCTATC,0,1840168
hyuA_predicted,0.14285714285714285,6,6,GGGAAGCCGCTGGGTTATGG,0,1863951
hyuA_predicted,0.14285714285714285,6,6,GGCTTGGCAGTTTGCAAGAA,0,1829411
hyuA_predicted,0.14285714285714285,6,6,GGCTTACACTCATCCAATTT,0,1859230
hyuA_predicted,0.14285714285714285,6,6,GGCTGAACCGGATAAGAGGG,0,1848964
hyuA_predicted,0.14285714285714285,6,6,GGCGTAAGCACCCACACCAA,0,1844426
hyuA_predicted,0.14285714285714285,6,6,GGCGCCAAGACCAAGAACTT,0,1849469
hyuA_predicted,0.14285714285714285,6,6,GGCGAAACTACCCGTACGCG,0,1843851
hyuA_predicted,0.14285714285714285,6,6,GGCCGACAAAGACACAGTCT,0,1863449
hyuA_predicted,0.14285714285714285,6,6,GGCATCTTATCCACGGCCGT,0,1874818
hyuA_predicted,0.14285714285714285,6,6,GGCACGCGGGTTGGATAGTT,0,1874734
hyuA_predicted,0.14285714285714285,6,6,GGCACCCGTTGAGAAGTGAT,0,1870305
hyuA_predicted,0.14285714285714285,6,6,GGATGGTGGCACTCGCATCA,0,1869800
hyuA_predicted,0.14285714285714285,6,6,GGATCTGTGGGGTTTCGGCT,0,1831314
hyuA_predicted,0.14285714285714285,6,6,GGATCACGAGGTTTCAATTG,0,1838811
hyuA_predicted,0.14285714285714285,6,6,GGAGTAAAGACAGCGAGTGG,0,1854188
hyuA_predicted,0.14285714285714285,6,6,GGAGCAAAGCAAAGATCTAG,0,1846131
hyuA_predicted,0.14285714285714285,6,6,GGAGACCTGTGGGCTACGAG,0,1867566
hyuA_predicted,0.14285714285714285,6,6,GGACTTGCGAAATTGTGATG,0,1838465
hyuA_predicted,0.14285714285714285,6,6,GGACGTTCGTCCGTTATCAC,0,1856058
hyuA_predicted,0.14285714285714285,6,6,GGACAGGTGCTTCACTACCT,0,1871478
hyuA_predicted,0.14285714285714285,6,6,GGAACGGCGTTTTAGATGAA,0,1840940
hyuA_predicted,0.14285714285714285,6,6,GCTTCATCCCATAAGATCGG,0,1857116
hyuA_predicted,0.14285714285714285,6,6,GCTGTCATGGCGAGTGAGAT,0,1856915
hyuA_predicted,0.14285714285714285,6,6,GCTGTCATATCTGATCACGC,0,1872764
hyuA_predicted,0.14285714285714285,6,6,GCTGTCAAGGTCGCATATAA,0,1866196
hyuA_predicted,0.14285714285714285,6,6,GCTCTTTGGCTCGCCCCCGC,0,1867186
hyuA_predicted,0.14285714285714285,6,6,GCTCAAGGTAGTGGGTTTTC,0,1877791
hyuA_predicted,0.14285714285714285,6,6,GCTACCGCGCAGCACCCGGA,0,1861292
hyuA_predicted,0.14285714285714285,6,6,GCTAATAATACTAGACCCGT,0,1839345
hyuA_predicted,0.14285714285714285,6,6,GCGTGCCCAGAGAAACAGAG,0,1843209
hyuA_predicted,0.14285714285714285,6,6,GCGTATATCTCTCAATGCCT,0,1838707
hyuA_predicted,0.14285714285714285,6,6,GCGGCCTTCCCCAAAAACAT,0,1848118
hyuA_predicted,0.14285714285714285,6,6,GCGGCATCATATAAAAAGAA,0,1836509
hyuA_predicted,0.14285714285714285,6,6,GCGCTATAAACACTTTCGGG,0,1843728
hyuA_predicted,0.14285714285714285,6,6,GCGCATGGGATTGCTCGTTA,0,1833374
hyuA_predicted,0.14285714285714285,6,6,GCGCATCCGAACGCGATGGA,0,1852559
hyuA_predicted,0.14285714285714285,6,6,GCGATACCTTTCGGTCAGTA,0,1840778
hyuA_predicted,0.14285714285714285,6,6,GCGAGCTGCGAAAATCACCA,0,1865280
hyuA_predicted,0.14285714285714285,6,6,GCGAATTGCCTTTTGCCAAG,0,1834618
hyuA_predicted,0.14285714285714285,6,6,GCCGGACTGTAGGCTGAGTC,0,1854753
hyuA_predicted,0.14285714285714285,6,6,GCCGAAGCACTATAGACCAC,0,1848520
hyuA_predicted,0.14285714285714285,6,6,GCCCTTTCATATGTCGAGGC,0,1857463
hyuA_predicted,0.14285714285714285,6,6,GCCCTCGGGGTGGTATGCCA,0,1859171
hyuA_predicted,0.14285714285714285,6,6,GCCCCGACTAAGGTGGTAGC,0,1861029
hyuA_predicted,0.14285714285714285,6,6,GCCCCCTGCGGATGATCAAG,0,1846315
hyuA_predicted,0.14285714285714285,6,6,GCCATTCTGCAGTTCGCGGC,0,1849941
hyuA_predicted,0.14285714285714285,6,6,GCCAGGCGATGTGGGTATGC,0,1837012
hyuA_predicted,0.14285714285714285,6,6,GCCAGGACCATCCAACACCC,0,1859349
hyuA_predicted,0.14285714285714285,6,6,GCCACGTGGACGGACTTACG,0,1841812
hyuA_predicted,0.14285714285714285,6,6,GCATTCCAGCAGACGGACCC,0,1833439
hyuA_predicted,0.14285714285714285,6,6,GCATACGCGCGCCAAATAGG,0,1842914
hyuA_predicted,0.14285714285714285,6,6,GCACTATGTGGAGTTCTAGA,0,1829125
hyuA_predicted,0.14285714285714285,6,6,GCACGGCTCTGGGCCTAAGG,0,1860214
hyuA_predicted,0.14285714285714285,6,6,GCACCGTGGGACTACCACGG,0,1856026
hyuA_predicted,0.14285714285714285,6,6,GCACCGCCCTCTATATGACC,0,1848392
hyuA_predicted,0.14285714285714285,6,6,GCACCATGTCTTGTTGTCAA,0,1871078
hyuA_predicted,0.14285714285714285,6,6,GATTGCTACGCAAGCGTATA,0,1831142
hyuA_predicted,0.14285714285714285,6,6,GATGGTTTTTGGTACCTCAC,0,1829136
hyuA_predicted,0.14285714285714285,6,6,GATCTTACCGACGGACAAAA,0,1856996
hyuA_predicted,0.14285714285714285,6,6,GATCGTGGGTTGGACACGAC,0,1864163
hyuA_predicted,0.14285714285714285,6,6,GATCGTCCAGTCGGGTCAAT,0,1859776
hyuA_predicted,0.14285714285714285,6,6,GATCGGCCTCCGCGATGTAA,0,1845997
hyuA_predicted,0.14285714285714285,6,6,GATCCATATGGTCTGCCGTC,0,1844813
hyuA_predicted,0.14285714285714285,6,6,GATCCATATGGACCGTTATA,0,1867154
hyuA_predicted,0.14285714285714285,6,6,GATCATAGGAATCTGGCAGC,0,1867772
hyuA_predicted,0.14285714285714285,6,6,GATCAGTTTGTATCCGCACG,0,1847473
hyuA_predicted,0.14285714285714285,6,6,GATATTTTTATCCTCAGGGC,0,1870036
hyuA_predicted,0.14285714285714285,6,6,GATAGACCTGCCGTAGCTGC,0,1840137
hyuA_predicted,0.14285714285714285,6,6,GATAAAGTTTAATACAAAGC,0,1863056
hyuA_predicted,0.14285714285714285,6,6,GAGTTTGTCGTATCGCCCCA,0,1838293
hyuA_predicted,0.14285714285714285,6,6,GAGTGCTGCATTCACAAAAG,0,1868185
hyuA_predicted,0.14285714285714285,6,6,GAGTACCCAGATGATATACA,0,1842972
hyuA_predicted,0.14285714285714285,6,6,GAGTACAATATCGAAACCTT,0,1872606
hyuA_predicted,0.14285714285714285,6,6,GAGTAAACATCGTGAAGTCA,0,1858768
hyuA_predicted,0.14285714285714285,6,6,GAGGACACTCACACGGTTGG,0,1852246
hyuA_predicted,0.14285714285714285,6,6,GAGCATGTGTCGTCAGTCAA,0,1851596
hyuA_predicted,0.14285714285714285,6,6,GAGACATGTCAGCCATAAGG,0,1862759
hyuA_predicted,0.14285714285714285,6,6,GACTTGTAGGAGGACGTTCC,0,1845624
hyuA_predicted,0.14285714285714285,6,6,GACTCAGCGTATAATCACTG,0,1842863
hyuA_predicted,0.14285714285714285,6,6,GACTATTTTCTTCATAATAG,0,1845699
hyuA_predicted,0.14285714285714285,6,6,GACGGAACGCCATTCGTAGG,0,1851570
hyuA_predicted,0.14285714285714285,6,6,GACGCTAGCTTATTGACCAT,0,1852689
hyuA_predicted,0.14285714285714285,6,6,GACCTGTTTAGTGAGGCGCG,0,1867328
hyuA_predicted,0.14285714285714285,6,6,GACCTGAGACTGTGAAACTT,0,1841606
hyuA_predicted,0.14285714285714285,6,6,GACCGACCGCGCGTCGCATT,0,1832150
hyuA_predicted,0.14285714285714285,6,6,GACCCCGCACCCTGACTGCA,0,1831842
hyuA_predicted,0.14285714285714285,6,6,GACATAACGTAGGGTGCATG,0,1852201
hyuA_predicted,0.14285714285714285,6,6,GACAGACGGGATGGCTCGCA,0,1844758
hyuA_predicted,0.14285714285714285,6,6,GACAATGCTTTGCTACCGGT,0,1854690
hyuA_predicted,0.14285714285714285,6,6,GAATTAAAACTCGCCAGAAG,0,1854751
hyuA_predicted,0.14285714285714285,6,6,GAATGTCGATTAGAAGCTCA,0,1850690
hyuA_predicted,0.14285714285714285,6,6,GAAGTAATTGAACTGGAATG,0,1844812
hyuA_predicted,0.14285714285714285,6,6,GAAGGCAAAAAAGAATTCAG,0,1839395
hyuA_predicted,0.14285714285714285,6,6,GAAGCTTTCAGGGAGAGCCC,0,1857890
hyuA_predicted,0.14285714285714285,6,6,GAAGAGAAATTGCGTAAGTG,0,1873654
hyuA_predicted,0.14285714285714285,6,6,GAACGAACGGACACCACAGG,0,1860172
hyuA_predicted,0.14285714285714285,6,6,GAAAGTAGCCAGCCACTAAT,0,1829279
hyuA_predicted,0.14285714285714285,6,6,GAAACTTTGGCGGCCACAAC,0,1877031
hyuA_predicted,0.14285714285714285,6,6,GAAACTGAATAGATTCACTG,0,1850922
hyuA_predicted,0.14285714285714285,6,6,GAAAAGGATCGACCGGTGTA,0,1867570
hyuA_predicted,0.14285714285714285,6,6,CTTTTCAACGTATCGAAGGA,0,1848278
hyuA_predicted,0.14285714285714285,6,6,CTTTGGACTCATTATATCGG,0,1848321
hyuA_predicted,0.14285714285714285,6,6,CTTTCGGCGAAGTAGAAGCG,0,1867563
hyuA_predicted,0.14285714285714285,6,6,CTTTCCGTGTAGCGTCTGGA,0,1839503
hyuA_predicted,0.14285714285714285,6,6,CTTTCACAGAGATAGTGTTA,0,1871978
hyuA_predicted,0.14285714285714285,6,6,CTTTAGCCAATGTGATGGAA,0,1854449
hyuA_predicted,0.14285714285714285,6,6,CTTGTGCGCACATTGCGCTG,0,1849476
hyuA_predicted,0.14285714285714285,6,6,CTTGCGAACTCACATGGCGA,0,1850201
hyuA_predicted,0.14285714285714285,6,6,CTTCTCGCTATCGGTTTCAG,0,1832293
hyuA_predicted,0.14285714285714285,6,6,CTTCGGTCATGGCGCTGCAT,0,1862546
hyuA_predicted,0.14285714285714285,6,6,CTTCAGTGACGACGGGTTGA,0,1852010
hyuA_predicted,0.14285714285714285,6,6,CTTCAGTACGGCTAGTGTAA,0,1852163
hyuA_predicted,0.14285714285714285,6,6,CTTAGGTCGTCCCAAAAGAG,0,1874097
hyuA_predicted,0.14285714285714285,6,6,CTTAGATACGCGGCTATTAG,0,1849080
hyuA_predicted,0.14285714285714285,6,6,CTTACTATGAACCTCTCGTC,0,1843751
hyuA_predicted,0.14285714285714285,6,6,CTTAATGTATAGCAGATATC,0,1877585
hyuA_predicted,0.14285714285714285,6,6,CTGTTCCCTATTTAAATATA,0,1834946
hyuA_predicted,0.14285714285714285,6,6,CTGTGTCCATGGGAATGCCA,0,1873834
hyuA_predicted,0.14285714285714285,6,6,CTGTATTAAAGTGAGAAGTT,0,1866985
hyuA_predicted,0.14285714285714285,6,6,CTGTACTATCGAGGTCTAAC,0,1845864
hyuA_predicted,0.14285714285714285,6,6,CTGGCTCATCAGGACGGTAA,0,1856500
hyuA_predicted,0.14285714285714285,6,6,CTGGCTACGTGAAGAACATC,0,1840322
hyuA_predicted,0.14285714285714285,6,6,CTGGATGATTGGACTAACTA,0,1856795
hyuA_predicted,0.14285714285714285,6,6,CTGCATGTCCCATCGCGGTA,0,1837485
hyuA_predicted,0.14285714285714285,6,6,CTGCAAATTCCGGAGTGGAC,0,1877075
hyuA_predicted,0.14285714285714285,6,6,CTGAGGCCGTTACACATAGG,0,1839821
hyuA_predicted,0.14285714285714285,6,6,CTGAGCCTTTTGCCCGCAAA,0,1845202
hyuA_predicted,0.14285714285714285,6,6,CTGAGAATAAAGGCGGATGT,0,1857246
hyuA_predicted,0.14285714285714285,6,6,CTGAACATAATAGCAAACCT,0,1844211
hyuA_predicted,0.14285714285714285,6,6,CTCTTTCACGTATTAGAATG,0,1856483
hyuA_predicted,0.14285714285714285,6,6,CTCTGGAAGGGGGCTATTTT,0,1836310
hyuA_predicted,0.14285714285714285,6,6,CTCTCGTGCTGACATTCGAA,0,1842288
hyuA_predicted,0.14285714285714285,6,6,CTCTCGCTATAAATCGCCCA,0,1847736
hyuA_predicted,0.14285714285714285,6,6,CTCGGGCACATGGAAGTATA,0,1853244
hyuA_predicted,0.14285714285714285,6,6,CTCCGCTTTGAAGTTTCGCA,0,1860612
hyuA_predicted,0.14285714285714285,6,6,CTCCAGCTCACCTTGCGCTT,0,1832928
hyuA_predicted,0.14285714285714285,6,6,CTCATAGCCGAGGGACCATA,0,1844903
hyuA_predicted,0.14285714285714285,6,6,CTCAGGATTAGGCTTCGTCA,0,1833137
hyuA_predicted,0.14285714285714285,6,6,CTCAGATGAAAGAGTACCAC,0,1840742
hyuA_predicted,0.14285714285714285,6,6,CTCACTGATAGCGCATGGAA,0,1856368
hyuA_predicted,0.14285714285714285,6,6,CTCAAGGACCATGACGAGGG,0,1831545
hyuA_predicted,0.14285714285714285,6,6,CTATTTGCCGGACATGGAGG,0,1844254
hyuA_predicted,0.14285714285714285,6,6,CTATTGGGCCTATTTGTTAT,0,1873346
hyuA_predicted,0.14285714285714285,6,6,CTATACGGATTCCTCGACGA,0,1841710
hyuA_predicted,0.14285714285714285,6,6,CTAGGTAAATCTTTGAGGCC,0,1866266
hyuA_predicted,0.14285714285714285,6,6,CTAAGCTCATTCTTAAGATC,0,1858038
hyuA_predicted,0.14285714285714285,6,6,CTAAGCGTATAGCAGGATAC,0,1838023
hyuA_predicted,0.14285714285714285,6,6,CGTTGACGGCTTGCACTAAA,0,1872527
hyuA_predicted,0.14285714285714285,6,6,CGTTCTGAGGGGCACATATG,0,1830808
hyuA_predicted,0.14285714285714285,6,6,CGTTCGAACCGGTTCATCGT,0,1863688
hyuA_predicted,0.14285714285714285,6,6,CGTGCATGCTGTATGGGACT,0,1854347
hyuA_predicted,0.14285714285714285,6,6,CGTCCTCCACTCTCCCATTA,0,1844621
hyuA_predicted,0.14285714285714285,6,6,CGTCCGCACTGTTGTTTGAG,0,1839950
hyuA_predicted,0.14285714285714285,6,6,CGTCAGATGGCAGAATCCCG,0,1852474
hyuA_predicted,0.14285714285714285,6,6,CGTATCTGGAGCTTACCGTG,0,1849216
hyuA_predicted,0.14285714285714285,6,6,CGTAGGAGCACCTTAAGTGC,0,1853473
hyuA_predicted,0.14285714285714285,6,6,CGTACTCGCGCCGCCGCGCT,0,1876022
hyuA_predicted,0.14285714285714285,6,6,CGTACAGGCTATAACCCCGA,0,1830318
hyuA_predicted,0.14285714285714285,6,6,CGTAATCCACATATATGATA,0,1839122
hyuA_predicted,0.14285714285714285,6,6,CGTAAATGAGGCATCACGGC,0,1861246
hyuA_predicted,0.14285714285714285,6,6,CGGTGCAACATTAAGGGGTA,0,1854403
hyuA_predicted,0.14285714285714285,6,6,CGGTCCAGCGATTTCTTAGA,0,1828980
hyuA_predicted,0.14285714285714285,6,6,CGGTCAGATTACGCTCTACA,0,1857936
hyuA_predicted,0.14285714285714285,6,6,CGGTCACTAGGGGTCTAGGA,0,1871555
hyuA_predicted,0.14285714285714285,6,6,CGGTCACCCAGTGGAATGTG,0,1871036
hyuA_predicted,0.14285714285714285,6,6,CGGGTAGGAAGATCGGTACG,0,1867270
hyuA_predicted,0.14285714285714285,6,6,CGGGATTTTATAACAACGGC,0,1852485
hyuA_predicted,0.14285714285714285,6,6,CGGGAGCAATTGATGCTTTA,0,1854888
hyuA_predicted,0.14285714285714285,6,6,CGGCTCTTATAACGGATGGC,0,1856053
hyuA_predicted,0.14285714285714285,6,6,CGGCGCAGCATAAAGATAGC,0,1856225
hyuA_predicted,0.14285714285714285,6,6,CGGCATTTCGGCAGGAGTAC,0,1838674
hyuA_predicted,0.14285714285714285,6,6,CGGCATCGCGCCTTAGTACA,0,1870497
hyuA_predicted,0.14285714285714285,6,6,CGGCATACATCCCAGCGCCT,0,1865760
hyuA_predicted,0.14285714285714285,6,6,CGGAGAATTCTATATACTTG,0,1872096
hyuA_predicted,0.14285714285714285,6,6,CGGAACTCACGTCAATAGTT,0,1875349
hyuA_predicted,0.14285714285714285,6,6,CGGAAAGGAGGCACTTTTTA,0,1845722
hyuA_predicted,0.14285714285714285,6,6,CGCTGCCCCCTTGGAGACAT,0,1842868
hyuA_predicted,0.14285714285714285,6,6,CGCTCAGCCCTGTTGAATCA,0,1829245
hyuA_predicted,0.14285714285714285,6,6,CGCGTGGGCGTCACAGTGAT,0,1863182
hyuA_predicted,0.14285714285714285,6,6,CGCGCGTATCCAAAGCTTGC,0,1839899
hyuA_predicted,0.14285714285714285,6,6,CGCGCAGTGGCTTAGGTGGG,0,1851694
hyuA_predicted,0.14285714285714285,6,6,CGCCTTTTTGATCCGCTGAG,0,1862319
hyuA_predicted,0.14285714285714285,6,6,CGCCGTCGTACTTGAGGGAT,0,1831049
hyuA_predicted,0.14285714285714285,6,6,CGCCCAAAATTGCGGCCTTG,0,1848720
hyuA_predicted,0.14285714285714285,6,6,CGCCAGCCAGTCCTCACCTC,0,1851513
hyuA_predicted,0.14285714285714285,6,6,CGCAAATGCGCACAGCCTTT,0,1833749
hyuA_predicted,0.14285714285714285,6,6,CGATTGTTCCAGGGTGTAAG,0,1872830
hyuA_predicted,0.14285714285714285,6,6,CGATCATGCATGAAGCCATG,0,1831446
hyuA_predicted,0.14285714285714285,6,6,CGATATCTAGGCGCCACGTA,0,1837757
hyuA_predicted,0.14285714285714285,6,6,CGAGGCATTCCGTTCGCTAA,0,1835224
hyuA_predicted,0.14285714285714285,6,6,CGACGTGACCCGATGGCCTC,0,1877467
hyuA_predicted,0.14285714285714285,6,6,CGACCGTGCATAAATTCCCC,0,1846242
hyuA_predicted,0.14285714285714285,6,6,CGAATGAAGTAGACGCTCTA,0,1840561
hyuA_predicted,0.14285714285714285,6,6,CGAAGTTATTAGCTCTTGGA,0,1854730
hyuA_predicted,0.14285714285714285,6,6,CGAAGCGTTGCGTGATATAT,0,1855411
hyuA_predicted,0.14285714285714285,6,6,CGAACAACACATACGCCCAC,0,1875976
hyuA_predicted,0.14285714285714285,6,6,CCTTTAGCGCAACGTCACAT,0,1836791
hyuA_predicted,0.14285714285714285,6,6,CCTTTACGATTGTCCAGAAG,0,1839182
hyuA_predicted,0.14285714285714285,6,6,CCTTGCGCTTAAGAGCGCGC,0,1858305
hyuA_predicted,0.14285714285714285,6,6,CCTTGAGGATGATTTCAGAA,0,1843281
hyuA_predicted,0.14285714285714285,6,6,CCTTCTCAGGAAGCGTTAAC,0,1869279
hyuA_predicted,0.14285714285714285,6,6,CCTGCAGATGGGTAAGCTTT,0,1854991
hyuA_predicted,0.14285714285714285,6,6,CCTCTAGATAAGACCCAGTC,0,1853903
hyuA_predicted,0.14285714285714285,6,6,CCTCGGGTGATCGTGTGTTC,0,1873528
hyuA_predicted,0.14285714285714285,6,6,CCTATGAATCGGATTCAGTT,0,1865843
hyuA_predicted,0.14285714285714285,6,6,CCTATCGAGAATCTGACTCT,0,1865178
hyuA_predicted,0.14285714285714285,6,6,CCTATCCAGACCATACCTCA,0,1877195
hyuA_predicted,0.14285714285714285,6,6,CCTACCCAAAACAATAGCTC,0,1848614
hyuA_predicted,0.14285714285714285,6,6,CCGTTAATCGCCGGGTGGTT,0,1831931
hyuA_predicted,0.14285714285714285,6,6,CCGTCCAAGAAAGCCGTGGC,0,1854275
hyuA_predicted,0.14285714285714285,6,6,CCGTAAGCCCGACTTTACTT,0,1876769
hyuA_predicted,0.14285714285714285,6,6,CCGGGTAGGGATGGCGCTAG,0,1863110
hyuA_predicted,0.14285714285714285,6,6,CCGGACCCGGAAGGGGCATT,0,1874578
hyuA_predicted,0.14285714285714285,6,6,CCGCCACACGGCGCTGAGCA,0,1829181
hyuA_predicted,0.14285714285714285,6,6,CCGAGTTCCAAAGCGGATCT,0,1834711
hyuA_predicted,0.14285714285714285,6,6,CCGAACAAATAGTCAATGGT,0,1841330
hyuA_predicted,0.14285714285714285,6,6,CCCTGATCCCTCAGTTTTGA,0,1831962
hyuA_predicted,0.14285714285714285,6,6,CCCTACTACGGCATGAGGGT,0,1872098
hyuA_predicted,0.14285714285714285,6,6,CCCGAGGGTCGCTCTTTTTA,0,1846149
hyuA_predicted,0.14285714285714285,6,6,CCCGAACCTGTTGGACAATG,0,1860842
hyuA_predicted,0.14285714285714285,6,6,CCCCGTAACCGTCGCGTCAA,0,1867866
hyuA_predicted,0.14285714285714285,6,6,CCCATGGCCTCATACAAGCT,0,1863536
hyuA_predicted,0.14285714285714285,6,6,CCCATCCTTCTTGGATGGCT,0,1842685
hyuA_predicted,0.14285714285714285,6,6,CCCAAGTTTTGAGTAATTTG,0,1851534
hyuA_predicted,0.14285714285714285,6,6,CCATTTTATCATACGCTACT,0,1846954
hyuA_predicted,0.14285714285714285,6,6,CCATGGGGAGGGAAAGGTTG,0,1877483
hyuA_predicted,0.14285714285714285,6,6,CCATGCTATCTGCTGCCGCG,0,1868832
hyuA_predicted,0.14285714285714285,6,6,CCATCGTGATCTATGGATGC,0,1838396
hyuA_predicted,0.14285714285714285,6,6,CCATCCTAGAACACTAGAGC,0,1832580
hyuA_predicted,0.14285714285714285,6,6,CCATAGTTCAATTAGTAGCA,0,1838570
hyuA_predicted,0.14285714285714285,6,6,CCAGTTGTATTACGAGTGCC,0,1832092
hyuA_predicted,0.14285714285714285,6,6,CCAGTATCAATCTAGATTGG,0,1850674
hyuA_predicted,0.14285714285714285,6,6,CCAGGTTTGACGAATTCAGT,0,1872485
hyuA_predicted,0.14285714285714285,6,6,CCAGGTACGCGCCCGGTTAT,0,1851864
hyuA_predicted,0.14285714285714285,6,6,CCACTGAAGTCATGTCTTTG,0,1864330
hyuA_predicted,0.14285714285714285,6,6,CCACTCGGGTCACGGTTGAC,0,1846588
hyuA_predicted,0.14285714285714285,6,6,CCACGACCGTCGATCCGCCG,0,1829888
hyuA_predicted,0.14285714285714285,6,6,CCAATTTCGCGGCTAATACC,0,1834468
hyuA_predicted,0.14285714285714285,6,6,CCAAGTGAGCGAACATAATT,0,1833513
hyuA_predicted,0.14285714285714285,6,6,CATTTCAAAGCGCTGGATTT,0,1866102
hyuA_predicted,0.14285714285714285,6,6,CATTAATGTTAAACGATCTT,0,1836628
hyuA_predicted,0.14285714285714285,6,6,CATGTCTTATCATTTATAAC,0,1859496
hyuA_predicted,0.14285714285714285,6,6,CATGACTGTCGTACAGGAAG,0,1846438
hyuA_predicted,0.14285714285714285,6,6,CATCTTCTGCTAATAACCGC,0,1848367
hyuA_predicted,0.14285714285714285,6,6,CATCCTGTTGCAGACAATCT,0,1859989
hyuA_predicted,0.14285714285714285,6,6,CATCACCCGAATTAAGGCGT,0,1840509
hyuA_predicted,0.14285714285714285,6,6,CATAAGACGGCTAAGCATTG,0,1860201
hyuA_predicted,0.14285714285714285,6,6,CATAAAACGGCGCTTAGGGT,0,1844802
hyuA_predicted,0.14285714285714285,6,6,CAGTGGGCACTAAGAATATT,0,1876451
hyuA_predicted,0.14285714285714285,6,6,CAGGGGCTTCACAAACTTCA,0,1873030
hyuA_predicted,0.14285714285714285,6,6,CAGGGCCCGTGGGTGGGAAC,0,1829951
hyuA_predicted,0.14285714285714285,6,6,CAGGAACGTTCGCCCCTAAA,0,1829511
hyuA_predicted,0.14285714285714285,6,6,CAGCTGCAATAATCGGGAGG,0,1860355
hyuA_predicted,0.14285714285714285,6,6,CAGCGCAGGACAGCGGACTT,0,1867198
hyuA_predicted,0.14285714285714285,6,6,CAGCACCCTGGGCTGAATCG,0,1832975
hyuA_predicted,0.14285714285714285,6,6,CAGCACACGCGATCTCTGGA,0,1852877
hyuA_predicted,0.14285714285714285,6,6,CAGCAACCCAAAGATCTCGA,0,1855988
hyuA_predicted,0.14285714285714285,6,6,CAGATGCCGTCGGACTCGAT,0,1834080
hyuA_predicted,0.14285714285714285,6,6,CAGAGTCTAGGATGACGCAG,0,1831832
hyuA_predicted,0.14285714285714285,6,6,CAGACACCTACCACTCTGAG,0,1850074
hyuA_predicted,0.14285714285714285,6,6,CACTGCACCAGGGTCTAAGA,0,1829485
hyuA_predicted,0.14285714285714285,6,6,CACTGCAATCGGTATGCCAC,0,1849733
hyuA_predicted,0.14285714285714285,6,6,CACTGATAGGTGATGCCGCG,0,1863609
hyuA_predicted,0.14285714285714285,6,6,CACTCTGCTTTAGTCCAACC,0,1861722
hyuA_predicted,0.14285714285714285,6,6,CACGTTGACGAACAAATGCC,0,1851863
hyuA_predicted,0.14285714285714285,6,6,CACGAGGCCTTGCTGGTACT,0,1841174
hyuA_predicted,0.14285714285714285,6,6,CACCTAGAGAAGCACTCCAG,0,1830908
hyuA_predicted,0.14285714285714285,6,6,CACCTACCGAGAACCCCTAC,0,1831143
hyuA_predicted,0.14285714285714285,6,6,CACCGGCGTGATCGATTGGA,0,1835711
hyuA_predicted,0.14285714285714285,6,6,CACCGCGACCGGTTGTTGAA,0,1861049
hyuA_predicted,0.14285714285714285,6,6,CACCAGTATTCTTTAGTTGT,0,1830404
hyuA_predicted,0.14285714285714285,6,6,CACATGGACCCCATGGAGTG,0,1864737
hyuA_predicted,0.14285714285714285,6,6,CACATACGGGGCGCAATTAT,0,1876298
hyuA_predicted,0.14285714285714285,6,6,CACACCGCAGGGTCTCTACG,0,1871234
hyuA_predicted,0.14285714285714285,6,6,CACACACGGAAGTTGGTATT,0,1866995
hyuA_predicted,0.14285714285714285,6,6,CAATAGGGCGCTAATGGCAA,0,1831819
hyuA_predicted,0.14285714285714285,6,6,CAAGCCTACTCACCACAACC,0,1849013
hyuA_predicted,0.14285714285714285,6,6,CAAGCCCACATAGCAGGCTC,0,1846976
hyuA_predicted,0.14285714285714285,6,6,CAACCAAGATCCCTTAGGCA,0,1845361
hyuA_predicted,0.14285714285714285,6,6,CAAAAGGCATGAGGAATACG,0,1854134
hyuA_predicted,0.14285714285714285,6,6,CAAAAGCTAAGGTCAACGTA,0,1850458
hyuA_predicted,0.14285714285714285,6,6,ATTTGACTACCTTATTACAG,0,1869139
hyuA_predicted,0.14285714285714285,6,6,ATTTCCCTGGGAAGTCGATA,0,1846641
hyuA_predicted,0.14285714285714285,6,6,ATTCGTTGGCTGAGTCTTGT,0,1853089
hyuA_predicted,0.14285714285714285,6,6,ATTCGGAACTGAGCGAGATT,0,1850796
hyuA_predicted,0.14285714285714285,6,6,ATTCACATCGCAAATAGTCC,0,1871709
hyuA_predicted,0.14285714285714285,6,6,ATGTGACGGGATAATCTGTC,0,1833284
hyuA_predicted,0.14285714285714285,6,6,ATGTAGGTCAATCCTCGCGG,0,1847690
hyuA_predicted,0.14285714285714285,6,6,ATGTAGACTACTGTTTCAGA,0,1833919
hyuA_predicted,0.14285714285714285,6,6,ATGGTACGTTGAAAAGGCAG,0,1838178
hyuA_predicted,0.14285714285714285,6,6,ATGGGTGGGAGTCGGCGAGG,0,1838274
hyuA_predicted,0.14285714285714285,6,6,ATGGGCTCAGTTTGGGCGTA,0,1874667
hyuA_predicted,0.14285714285714285,6,6,ATGGGCGGGTCCGTGCTCAG,0,1861302
hyuA_predicted,0.14285714285714285,6,6,ATGGCGAGCCCCGTGAAGAG,0,1849362
hyuA_predicted,0.14285714285714285,6,6,ATGGCCAAACCCGTGGACGC,0,1862473
hyuA_predicted,0.14285714285714285,6,6,ATGGATTGAATATGGCCGGG,0,1828914
hyuA_predicted,0.14285714285714285,6,6,ATGGAGCGCGCACGTAATAG,0,1856122
hyuA_predicted,0.14285714285714285,6,6,ATGCGCAACCCTATAGATCC,0,1855815
hyuA_predicted,0.14285714285714285,6,6,ATGCGAAAAGCCAAGGACCT,0,1832361
hyuA_predicted,0.14285714285714285,6,6,ATGCCGGTCAGCATTGCAGC,0,1877874
hyuA_predicted,0.14285714285714285,6,6,ATGATGTGACAGTCAGAATT,0,1831288
hyuA_predicted,0.14285714285714285,6,6,ATGAAGGCATTTTCATCAGG,0,1851257
hyuA_predicted,0.14285714285714285,6,6,ATCTTCTATGCGTGCTTTCA,0,1877012
hyuA_predicted,0.14285714285714285,6,6,ATCGTCTTACTTCCATAATT,0,1866606
hyuA_predicted,0.14285714285714285,6,6,ATCGGGTATGAAGGAGCTTA,0,1838651
hyuA_predicted,0.14285714285714285,6,6,ATCGCGACGACCTTAACTAT,0,1828928
hyuA_predicted,0.14285714285714285,6,6,ATCGAGAGGACTTGAGGATT,0,1852823
hyuA_predicted,0.14285714285714285,6,6,ATCCTGCGAAAGTACGTCCA,0,1853425
hyuA_predicted,0.14285714285714285,6,6,ATCCGTTCGTTAACCGAACC,0,1835012
hyuA_predicted,0.14285714285714285,6,6,ATCCCTGAATCGCTAGGTTC,0,1843676
hyuA_predicted,0.14285714285714285,6,6,ATCCCCACACGCGGGGTATT,0,1843591
hyuA_predicted,0.14285714285714285,6,6,ATCAGGCCCAGCAGGACGTC,0,1849887
hyuA_predicted,0.14285714285714285,6,6,ATCAGATCGGTGCACTCGTT,0,1850650
hyuA_predicted,0.14285714285714285,6,6,ATCACCAGGGGCAGACTGAT,0,1849640
hyuA_predicted,0.14285714285714285,6,6,ATCAAATGAGGCTCACTGCC,0,1870022
hyuA_predicted,0.14285714285714285,6,6,ATATGCGGGTCGAGCTCGCT,0,1839620
hyuA_predicted,0.14285714285714285,6,6,ATATCTCTCCCCCCCTTGAA,0,1839575
hyuA_predicted,0.14285714285714285,6,6,ATATCACTGCAAACGTTCTT,0,1875115
hyuA_predicted,0.14285714285714285,6,6,ATAGTGAACGAGCCGGGAAT,0,1849647
hyuA_predicted,0.14285714285714285,6,6,ATAGCTCCACCATATTCTGC,0,1860236
hyuA_predicted,0.14285714285714285,6,6,ATAGCCTTCCAGGGGTTGCA,0,1837459
hyuA_predicted,0.14285714285714285,6,6,ATAGCAATATGACCCTATCA,0,1876479
hyuA_predicted,0.14285714285714285,6,6,ATACTGCACCGTATATGCCA,0,1842397
hyuA_predicted,0.14285714285714285,6,6,ATACTGATTTGATGCAAAGT,0,1845328
hyuA_predicted,0.14285714285714285,6,6,ATACATAGCCAAACCGTGAT,0,1856645
hyuA_predicted,0.14285714285714285,6,6,ATAAGGCCGTATACTGACAC,0,1871655
hyuA_predicted,0.14285714285714285,6,6,ATAAGCCTCACAGATTTCGG,0,1876304
hyuA_predicted,0.14285714285714285,6,6,ATAACAGACCCGCAAGGGCA,0,1873845
hyuA_predicted,0.14285714285714285,6,6,ATAACACGCATGGTGTAGAG,0,1850574
hyuA_predicted,0.14285714285714285,6,6,AGTTTCCCGATGTACCCGAG,0,1841346
hyuA_predicted,0.14285714285714285,6,6,AGTTGCTGCCACGCGGTGCC,0,1849479
hyuA_predicted,0.14285714285714285,6,6,AGTGATTATCTTGTTGTTTT,0,1847368
hyuA_predicted,0.14285714285714285,6,6,AGTCGTCCGGCAACCCCTGG,0,1864466
hyuA_predicted,0.14285714285714285,6,6,AGTCGGCCGGCGAGGCCCCA,0,1851427
hyuA_predicted,0.14285714285714285,6,6,AGTCGCACATTGTATACATG,0,1829736
hyuA_predicted,0.14285714285714285,6,6,AGTATGCGCATTTCTCACCC,0,1859772
hyuA_predicted,0.14285714285714285,6,6,AGGTTTTAGGTGTTAGGATT,0,1865858
hyuA_predicted,0.14285714285714285,6,6,AGGTTCCCACATCGATAGAA,0,1864821
hyuA_predicted,0.14285714285714285,6,6,AGGTTACGGCACTCCAGTAT,0,1848190
hyuA_predicted,0.14285714285714285,6,6,AGGTAGTGTTCATTCGTGTG,0,1830924
hyuA_predicted,0.14285714285714285,6,6,AGGGTCCACAATTTATTTCA,0,1852137
hyuA_predicted,0.14285714285714285,6,6,AGGGGACCTAAAGCTTCGTA,0,1862850
hyuA_predicted,0.14285714285714285,6,6,AGGGGACCGCACCGGGCTCT,0,1868702
hyuA_predicted,0.14285714285714285,6,6,AGGGCTATTACGTGGATCGC,0,1850968
hyuA_predicted,0.14285714285714285,6,6,AGGGAGGATTTCTAGTCCTA,0,1838193
hyuA_predicted,0.14285714285714285,6,6,AGGCTCTCGCACCCTAGTGA,0,1872111
hyuA_predicted,0.14285714285714285,6,6,AGGCTCGCAACCTGTCCTTT,0,1856364
hyuA_predicted,0.14285714285714285,6,6,AGGATGTGGTTATGGGGAGA,0,1862359
hyuA_predicted,0.14285714285714285,6,6,AGGAGAGAACCATGAGAGGG,0,1835925
hyuA_predicted,0.14285714285714285,6,6,AGCTTCGCAGCCTCTTCCAA,0,1873753
hyuA_predicted,0.14285714285714285,6,6,AGCTTCATTCACAAACAGTA,0,1831792
hyuA_predicted,0.14285714285714285,6,6,AGCTCGATGAAGGAATCGAA,0,1831265
hyuA_predicted,0.14285714285714285,6,6,AGCGTTAAGCTGGGCTTTCC,0,1870445
hyuA_predicted,0.14285714285714285,6,6,AGCCTTGGAGCTGGACCGTA,0,1862192
hyuA_predicted,0.14285714285714285,6,6,AGCCTGCCCAACCGTAGATT,0,1871951
hyuA_predicted,0.14285714285714285,6,6,AGCCGCGGCAGATATATACA,0,1848784
hyuA_predicted,0.14285714285714285,6,6,AGCCCTGAGTCTAAGGGCTA,0,1877231
hyuA_predicted,0.14285714285714285,6,6,AGCATCACGCTAGCTAGAAT,0,1876070
hyuA_predicted,0.14285714285714285,6,6,AGCACGTTCACATCCCTACG,0,1867724
hyuA_predicted,0.14285714285714285,6,6,AGATTGAACTTCGCGGAGGC,0,1829037
hyuA_predicted,0.14285714285714285,6,6,AGATGAGCTAACCTCTTAAT,0,1834152
hyuA_predicted,0.14285714285714285,6,6,AGATAGATTTGGCTCACGAG,0,1844574
hyuA_predicted,0.14285714285714285,6,6,AGATAAGCCGTGGTAGGGAC,0,1848670
hyuA_predicted,0.14285714285714285,6,6,AGAGTGGACTAATCCTTGTT,0,1835490
hyuA_predicted,0.14285714285714285,6,6,AGAGCTCTGCCTATCAGCTG,0,1871707
hyuA_predicted,0.14285714285714285,6,6,AGAGAGCGCTCACGTGAGTA,0,1868587
hyuA_predicted,0.14285714285714285,6,6,AGACGCGCAGGAACGGTGTA,0,1871014
hyuA_predicted,0.14285714285714285,6,6,AGACGAGGCTATGGCCGATG,0,1836507
hyuA_predicted,0.14285714285714285,6,6,AGACCTCTACTGTAGTCGCG,0,1845891
hyuA_predicted,0.14285714285714285,6,6,AGACAGGCTTTAAATCGGTA,0,1828938
hyuA_predicted,0.14285714285714285,6,6,AGAAGCGATGTGGTGTACCT,0,1829976
hyuA_predicted,0.14285714285714285,6,6,AGAACGTGACACAAACCGTT,0,1857070
hyuA_predicted,0.14285714285714285,6,6,AGAAACGGTGTCGTGTCCGA,0,1871639
hyuA_predicted,0.14285714285714285,6,6,ACTTGAGGGTATCCGGAGAT,0,1871161
hyuA_predicted,0.14285714285714285,6,6,ACTGTCACACTATTTACTCG,0,1858068
hyuA_predicted,0.14285714285714285,6,6,ACTGGAGAGCTGGCGCGGCC,0,1837394
hyuA_predicted,0.14285714285714285,6,6,ACTGGAAGTAGTCCTGACCA,0,1842769
hyuA_predicted,0.14285714285714285,6,6,ACTGCTTATCTTGTACAATC,0,1873779
hyuA_predicted,0.14285714285714285,6,6,ACTGATACATGTCATCAATC,0,1834378
hyuA_predicted,0.14285714285714285,6,6,ACTCTGCGACCAATTTTTTA,0,1858393
hyuA_predicted,0.14285714285714285,6,6,ACTCTCACGACCTTGGCTAA,0,1835790
hyuA_predicted,0.14285714285714285,6,6,ACTATTAAGAATATACAGAG,0,1864420
hyuA_predicted,0.14285714285714285,6,6,ACTACCCGAGGAACGCAAGA,0,1844263
hyuA_predicted,0.14285714285714285,6,6,ACGTCCTTTTGGGAGAAAGA,0,1864822
hyuA_predicted,0.14285714285714285,6,6,ACGGCCCTACGGCGCAATCC,0,1860938
hyuA_predicted,0.14285714285714285,6,6,ACGGATTGTCCGGTGGAGCT,0,1861237
hyuA_predicted,0.14285714285714285,6,6,ACGCCTCACTGATGTAGTGA,0,1840261
hyuA_predicted,0.14285714285714285,6,6,ACGCCCGTACTGCACCTTTA,0,1842156
hyuA_predicted,0.14285714285714285,6,6,ACGCATGCGCATGCTAGAAT,0,1861048
hyuA_predicted,0.14285714285714285,6,6,ACGATTTACTACACATTGCC,0,1875027
hyuA_predicted,0.14285714285714285,6,6,ACGAGTATCCACCGGGATCT,0,1854235
hyuA_predicted,0.14285714285714285,6,6,ACCTCTGTTTGAGGAAACTT,0,1876761
hyuA_predicted,0.14285714285714285,6,6,ACCGTCAACCTACGCCCTGA,0,1834834
hyuA_predicted,0.14285714285714285,6,6,ACCGCTAGTCAGGCACGGCA,0,1830350
hyuA_predicted,0.14285714285714285,6,6,ACCCGTGAGGTATATTTCCA,0,1868666
hyuA_predicted,0.14285714285714285,6,6,ACCCGATAGATTCCCGGGTT,0,1877058
hyuA_predicted,0.14285714285714285,6,6,ACCACCAGACAAGTGGCCAC,0,1840118
hyuA_predicted,0.14285714285714285,6,6,ACATTAACGCTACAATTATC,0,1844506
hyuA_predicted,0.14285714285714285,6,6,ACATCATGAGTTTAAACAAC,0,1829691
hyuA_predicted,0.14285714285714285,6,6,ACAGGCCCCGACATCTGAAT,0,1865779
hyuA_predicted,0.14285714285714285,6,6,ACACTGGGCTAGCTAATACA,0,1865482
hyuA_predicted,0.14285714285714285,6,6,ACACCGCCCTCGAAACATAC,0,1849550
hyuA_predicted,0.14285714285714285,6,6,ACACCAGAATGTGATCTGTT,0,1863047
hyuA_predicted,0.14285714285714285,6,6,ACAAAGGCTTGAGCACTAGC,0,1852561
hyuA_predicted,0.14285714285714285,6,6,AATTGTGCCTCCGGGCTTTC,0,1855997
hyuA_predicted,0.14285714285714285,6,6,AATTGACGGGGTCATGATTC,0,1867300
hyuA_predicted,0.14285714285714285,6,6,AATGTTAGTAGTTAGGAGTA,0,1874701
hyuA_predicted,0.14285714285714285,6,6,AATGATTGACGGTTTTTTAC,0,1856091
hyuA_predicted,0.14285714285714285,6,6,AATCGCTACCTGCGAGCGTT,0,1860373
hyuA_predicted,0.14285714285714285,6,6,AATCACTCACAGGCAGTTTT,0,1835714
hyuA_predicted,0.14285714285714285,6,6,AATATAATCAGTTCGCATCA,0,1837257
hyuA_predicted,0.14285714285714285,6,6,AATAGATTGACATTATAGTC,0,1862782
hyuA_predicted,0.14285714285714285,6,6,AATACCTCGCAATCACGCAT,0,1842656
hyuA_predicted,0.14285714285714285,6,6,AAGTTTAATAGACCCGTCTT,0,1852256
hyuA_predicted,0.14285714285714285,6,6,AAGTTATGACTTTCTTCTGT,0,1853877
hyuA_predicted,0.14285714285714285,6,6,AAGTTAAACGATTTCATATC,0,1863871
hyuA_predicted,0.14285714285714285,6,6,AAGTCCTGTGGTAGTGTAAT,0,1867811
hyuA_predicted,0.14285714285714285,6,6,AAGGCTGACAGAGATGTCAC,0,1854787
hyuA_predicted,0.14285714285714285,6,6,AAGGCAGGGCTCTTTGTTGT,0,1871741
hyuA_predicted,0.14285714285714285,6,6,AAGCTAGGGTTCCAACACAG,0,1851832
hyuA_predicted,0.14285714285714285,6,6,AAGCGCCCTAGGTACGAAGC,0,1842454
hyuA_predicted,0.14285714285714285,6,6,AAGCCAGGGATTGTCATATG,0,1853333
hyuA_predicted,0.14285714285714285,6,6,AAGATTGCGTCACGATCAGA,0,1857643
hyuA_predicted,0.14285714285714285,6,6,AAGACAATCGGATGGACTCT,0,1843009
hyuA_predicted,0.14285714285714285,6,6,AACTTCTGTCTGTGGTACGT,0,1850680
hyuA_predicted,0.14285714285714285,6,6,AACTCGCAAGGGTCATTACA,0,1858045
hyuA_predicted,0.14285714285714285,6,6,AACTAGCTGTAGCACATTGA,0,1838425
hyuA_predicted,0.14285714285714285,6,6,AACGGGCAAGCGACCAACTA,0,1860697
hyuA_predicted,0.14285714285714285,6,6,AACGGAAGTCTGCTAGAGGG,0,1865554
hyuA_predicted,0.14285714285714285,6,6,AACGCTTGATGTCCTCATAC,0,1831560
hyuA_predicted,0.14285714285714285,6,6,AACCGTGCGCATTCCTATAA,0,1865571
hyuA_predicted,0.14285714285714285,6,6,AACCAGGCCATCGACGCTCG,0,1849728
hyuA_predicted,0.14285714285714285,6,6,AACCACAGTTGTCGGTGGTA,0,1868850
hyuA_predicted,0.14285714285714285,6,6,AACAAGGATGGTAGAAGTCG,0,1830543
hyuA_predicted,0.14285714285714285,6,6,AACAACGTCATGCCCGACGT,0,1876167
hyuA_predicted,0.14285714285714285,6,6,AAATTGGAGTAAAGTACTGT,0,1877427
hyuA_predicted,0.14285714285714285,6,6,AAATGTGCATCTTTGCCGCT,0,1829694
hyuA_predicted,0.14285714285714285,6,6,AAATGACACCCCAACGCGTT,0,1874247
hyuA_predicted,0.14285714285714285,6,6,AAATCGTGCTAGGGCGCGGC,0,1865968
hyuA_predicted,0.14285714285714285,6,6,AAAGTGGGCCATGATAGGAT,0,1848501
hyuA_predicted,0.14285714285714285,6,6,AAAGCGGACGTGAATTCTTC,0,1832118
hyuA_predicted,0.14285714285714285,6,6,AAACGCTCGAGCCGACGCAA,0,1863363
hyuA_predicted,0.14285714285714285,6,6,AAAATTATAGCGGAACTATT,0,1873927
hyuA_predicted,0.14285714285714285,6,6,AAAATCAGACGAGCCTTTTG,0,1860457
hyuA_predicted,0.16666666666666666,5,5,TTTTTCAGTGCGAACGGCAA,0,1849623
hyuA_predicted,0.16666666666666666,5,5,TTTTCTAGGAAGTTGGAATG,0,1844119
hyuA_predicted,0.16666666666666666,5,5,TTTGTTAACAGCATATTCAA,0,1870456
hyuA_predicted,0.16666666666666666,5,5,TTTGTCACATTACTCGGTTA,0,1831126
hyuA_predicted,0.16666666666666666,5,5,TTTGGAGAAACGCATGATGC,0,1831320
hyuA_predicted,0.16666666666666666,5,5,TTTCTATCACCGTTTCCACA,0,1869595
hyuA_predicted,0.16666666666666666,5,5,TTTCTATAAGTGGAATGGGG,0,1859222
hyuA_predicted,0.16666666666666666,5,5,TTTCTAAGGTTATGCCACAA,0,1834850
hyuA_predicted,0.16666666666666666,5,5,TTTCCGCGGAGGTAGAAGAC,0,1871554
hyuA_predicted,0.16666666666666666,5,5,TTTCCAGCTTGGATGGAGAT,0,1872745
hyuA_predicted,0.16666666666666666,5,5,TTTACTGGTGACGAATGCGT,0,1834960
hyuA_predicted,0.16666666666666666,5,5,TTGGCGCAGGTGTCGAGTAT,0,1835046
hyuA_predicted,0.16666666666666666,5,5,TTGGCCTAGGATTATACCAT,0,1875722
hyuA_predicted,0.16666666666666666,5,5,TTGGCCAAGTAAACTCTAAT,0,1857264
hyuA_predicted,0.16666666666666666,5,5,TTGCTAATAGCCAAACTGGC,0,1872688
hyuA_predicted,0.16666666666666666,5,5,TTGCGGTAGGCAAGTTGTGG,0,1836030
hyuA_predicted,0.16666666666666666,5,5,TTGCGGAAGTTTGTTACGTT,0,1843590
hyuA_predicted,0.16666666666666666,5,5,TTGCCGTCAAACCGTGGCTT,0,1830727
hyuA_predicted,0.16666666666666666,5,5,TTGCCAACCTTTATATGTAG,0,1841734
hyuA_predicted,0.16666666666666666,5,5,TTGATCCAATAAGATACAAG,0,1850610
hyuA_predicted,0.16666666666666666,5,5,TTGATATATACGCGGGAGGT,0,1855789
hyuA_predicted,0.16666666666666666,5,5,TTGAGTTACGGGTACTTAAT,0,1864913
hyuA_predicted,0.16666666666666666,5,5,TTGAGAGGCCGTGACCTAAA,0,1832471
hyuA_predicted,0.16666666666666666,5,5,TTGAGAAAATTTCTATTTAC,0,1870094
hyuA_predicted,0.16666666666666666,5,5,TTGACGCGGGCGAAATACCA,0,1855309
hyuA_predicted,0.16666666666666666,5,5,TTGAATTAGTCCAATAGTGT,0,1850781
hyuA_predicted,0.16666666666666666,5,5,TTGAATCAACAGTTCGGGTG,0,1871742
hyuA_predicted,0.16666666666666666,5,5,TTGAAGTATTGTCCAAGCGG,0,1845490
hyuA_predicted,0.16666666666666666,5,5,TTGAAGACTGCAAACATTAC,0,1845093
hyuA_predicted,0.16666666666666666,5,5,TTCGGCTGGGTCCCAACGAT,0,1863506
hyuA_predicted,0.16666666666666666,5,5,TTCGGAAAACCACTAGAGTT,0,1869010
hyuA_predicted,0.16666666666666666,5,5,TTCGCGTACCCGACGGTTCA,0,1850381
hyuA_predicted,0.16666666666666666,5,5,TTCGCGGGGCGTGGCGGTGT,0,1831992
hyuA_predicted,0.16666666666666666,5,5,TTCCCTGGTTCCATAGGACC,0,1865192
hyuA_predicted,0.16666666666666666,5,5,TTCCCTAGCGGACAGATGAG,0,1875789
hyuA_predicted,0.16666666666666666,5,5,TTCCAAGCCCGGGGCATTAC,0,1832017
hyuA_predicted,0.16666666666666666,5,5,TTATTATGCTCGCACAGTAT,0,1869769
hyuA_predicted,0.16666666666666666,5,5,TTATATCGGTGACGCGCTAC,0,1861311
hyuA_predicted,0.16666666666666666,5,5,TTAGCGTACTAGCGGCCAAC,0,1844915
hyuA_predicted,0.16666666666666666,5,5,TTAGACTGAGTGCAGAGCGC,0,1846640
hyuA_predicted,0.16666666666666666,5,5,TTACCGAGCGCATACACTCA,0,1875318
hyuA_predicted,0.16666666666666666,5,5,TTAATTTCTTTCGTCGTGGA,0,1840496
hyuA_predicted,0.16666666666666666,5,5,TTAATAGGGACTTGACGGAA,0,1873601
hyuA_predicted,0.16666666666666666,5,5,TTAAGCTAGGCACTGAATTG,0,1834587
hyuA_predicted,0.16666666666666666,5,5,TTAACGCGAGGGGAACCCGG,0,1835815
hyuA_predicted,0.16666666666666666,5,5,TTAAAGTTTTAATGTGGACG,0,1861566
hyuA_predicted,0.16666666666666666,5,5,TTAAAGGCTGGTCGGACCAT,0,1846102
hyuA_predicted,0.16666666666666666,5,5,TGTTTGACTGTACACGGCAG,0,1871873
hyuA_predicted,0.16666666666666666,5,5,TGTTGTGATAGTCGCATCGA,0,1835516
hyuA_predicted,0.16666666666666666,5,5,TGTTGCACAGGGTCTATAGG,0,1875284
hyuA_predicted,0.16666666666666666,5,5,TGTTCATATTACGGGGGACG,0,1854613
hyuA_predicted,0.16666666666666666,5,5,TGTTACGACGTTGTCTTGTC,0,1855691
hyuA_predicted,0.16666666666666666,5,5,TGTTAATGCGGTAGCAGCCC,0,1848990
hyuA_predicted,0.16666666666666666,5,5,TGTGTTTGCGACCAATTCTG,0,1838923
hyuA_predicted,0.16666666666666666,5,5,TGTGGATGGCATTCTAATTG,0,1858204
hyuA_predicted,0.16666666666666666,5,5,TGTGCGCCAGTGTAAATATA,0,1876217
hyuA_predicted,0.16666666666666666,5,5,TGTGAGCGAGAGCAGACTGT,0,1835175
hyuA_predicted,0.16666666666666666,5,5,TGTCTTGGTCTACGAATAAG,0,1843696
hyuA_predicted,0.16666666666666666,5,5,TGTCTCTTCGACAGTAATCC,0,1841421
hyuA_predicted,0.16666666666666666,5,5,TGTATGTACTACAATTGTAC,0,1846182
hyuA_predicted,0.16666666666666666,5,5,TGTATCTCGGTAGAATGGAG,0,1857138
hyuA_predicted,0.16666666666666666,5,5,TGTAGTGTACACGGTCATTT,0,1853645
hyuA_predicted,0.16666666666666666,5,5,TGGTGGCTCTGGTCGATTAC,0,1834998
hyuA_predicted,0.16666666666666666,5,5,TGGGGCGCAATTTAGGAGGT,0,1851408
hyuA_predicted,0.16666666666666666,5,5,TGGGCGTCGCGCTAAAGAGG,0,1865016
hyuA_predicted,0.16666666666666666,5,5,TGGGCGCAACATATTTGCCA,0,1831093
hyuA_predicted,0.16666666666666666,5,5,TGGGCATGATCATATGGGTT,0,1847083
hyuA_predicted,0.16666666666666666,5,5,TGGCCGCATATACAAACGCT,0,1835081
hyuA_predicted,0.16666666666666666,5,5,TGGCAAACAAAGCGCGCGAA,0,1858980
hyuA_predicted,0.16666666666666666,5,5,TGGATCATGGGTTAGTCCCG,0,1829923
hyuA_predicted,0.16666666666666666,5,5,TGGAATGTCAGTCCTAACAA,0,1841551
hyuA_predicted,0.16666666666666666,5,5,TGGAAGTTTGTTTTGTCTAG,0,1856133
hyuA_predicted,0.16666666666666666,5,5,TGCTGATCGACCCCACCAGT,0,1835416
hyuA_predicted,0.16666666666666666,5,5,TGCTGAGCTCTATCGTGCAT,0,1846404
hyuA_predicted,0.16666666666666666,5,5,TGCTCTACAAATAGGGGCTT,0,1837224
hyuA_predicted,0.16666666666666666,5,5,TGCTAGAATGGGTCCCCCAA,0,1877690
hyuA_predicted,0.16666666666666666,5,5,TGCGTTTCTGAGCCGTCCAC,0,1874281
hyuA_predicted,0.16666666666666666,5,5,TGCGCCTACGCTTTTAACGG,0,1874581
hyuA_predicted,0.16666666666666666,5,5,TGCGCCCCTGCCAAACATAA,0,1849873
hyuA_predicted,0.16666666666666666,5,5,TGCGCAATGATACCTTGTCT,0,1873150
hyuA_predicted,0.16666666666666666,5,5,TGCGATATAGACCGGTACTG,0,1860130
hyuA_predicted,0.16666666666666666,5,5,TGCCTCATGGCGTTGTGGTA,0,1833682
hyuA_predicted,0.16666666666666666,5,5,TGCCCTAAGGGGTGGCGTCT,0,1847662
hyuA_predicted,0.16666666666666666,5,5,TGCCAGAAGGCGTGGAACTA,0,1849364
hyuA_predicted,0.16666666666666666,5,5,TGCATATGAATTTACATGTT,0,1843894
hyuA_predicted,0.16666666666666666,5,5,TGCAGTAGCACGGTAAGCCT,0,1861078
hyuA_predicted,0.16666666666666666,5,5,TGATTTGTGAGGAAAATTAC,0,1853356
hyuA_predicted,0.16666666666666666,5,5,TGATCTATAGTGTGCTCTAT,0,1835812
hyuA_predicted,0.16666666666666666,5,5,TGATCCTGCTTGCTCGTTCC,0,1839234
hyuA_predicted,0.16666666666666666,5,5,TGAGTAAATACCAGCAACAA,0,1870971
hyuA_predicted,0.16666666666666666,5,5,TGAGCGTCGCAGGCCTCTGT,0,1875923
hyuA_predicted,0.16666666666666666,5,5,TGAGAAGAAATAACGGACCT,0,1835522
hyuA_predicted,0.16666666666666666,5,5,TGACGGGTGTTTTTCGACCC,0,1863928
hyuA_predicted,0.16666666666666666,5,5,TGACCGTCTCCTTAACATCC,0,1845651
hyuA_predicted,0.16666666666666666,5,5,TGACAATTTAATCTACCTTT,0,1857407
hyuA_predicted,0.16666666666666666,5,5,TGAAGCTCGCACTTGTGCCC,0,1863613
hyuA_predicted,0.16666666666666666,5,5,TGAAAGCTTCAGGTGTGCTC,0,1836324
hyuA_predicted,0.16666666666666666,5,5,TGAAACAAACAGTTATAGTC,0,1867255
hyuA_predicted,0.16666666666666666,5,5,TGAAAAGCTCATGGATAGGT,0,1835423
hyuA_predicted,0.16666666666666666,5,5,TCTTGTTAGTTATAGCCGAT,0,1847458
hyuA_predicted,0.16666666666666666,5,5,TCTTCGTATGGAGGGTACAT,0,1853756
hyuA_predicted,0.16666666666666666,5,5,TCTTCACCCGTCTGCCTACA,0,1875520
hyuA_predicted,0.16666666666666666,5,5,TCTGTGGGCTATTGTGCTCT,0,1874600
hyuA_predicted,0.16666666666666666,5,5,TCTGCCAACACTCGGGTCGG,0,1831458
hyuA_predicted,0.16666666666666666,5,5,TCTGACACTCATCCAGCTTA,0,1832980
hyuA_predicted,0.16666666666666666,5,5,TCTATTTGGTGTTTCAGATT,0,1861725
hyuA_predicted,0.16666666666666666,5,5,TCTATAACAGCGCGAGGAAC,0,1841471
hyuA_predicted,0.16666666666666666,5,5,TCGTGGTTATGTATCTGTGG,0,1845028
hyuA_predicted,0.16666666666666666,5,5,TCGTGATGAATCTCTCACGT,0,1866414
hyuA_predicted,0.16666666666666666,5,5,TCGTCGGCTCAAGTCGGGAA,0,1861100
hyuA_predicted,0.16666666666666666,5,5,TCGGTCGCGGGACCAACCCT,0,1868726
hyuA_predicted,0.16666666666666666,5,5,TCGGTCCGTCAGGCGTGGTA,0,1846053
hyuA_predicted,0.16666666666666666,5,5,TCGGGTACTGTTTCAACCAT,0,1859678
hyuA_predicted,0.16666666666666666,5,5,TCGGGCAGTTCGCCTGTTAT,0,1857145
hyuA_predicted,0.16666666666666666,5,5,TCGGCTCATTGGGTCTTGGT,0,1863155
hyuA_predicted,0.16666666666666666,5,5,TCGGACCCTCGTCGGCGTCC,0,1837186
hyuA_predicted,0.16666666666666666,5,5,TCGCTGTAGGAGGATCATGC,0,1837638
hyuA_predicted,0.16666666666666666,5,5,TCGCGGCGCCTTTTGGCTCC,0,1848509
hyuA_predicted,0.16666666666666666,5,5,TCGCGCAGCGAGGGGTGAGG,0,1861243
hyuA_predicted,0.16666666666666666,5,5,TCGCCCCCCGCATCTTAATA,0,1854227
hyuA_predicted,0.16666666666666666,5,5,TCGCACGATATTATCGCTGG,0,1876164
hyuA_predicted,0.16666666666666666,5,5,TCGATGCGCTCCTGAGTGCC,0,1837051
hyuA_predicted,0.16666666666666666,5,5,TCGATGCCCCGGACCTCTGC,0,1836657
hyuA_predicted,0.16666666666666666,5,5,TCGACTATCATATTGCCGGA,0,1876366
hyuA_predicted,0.16666666666666666,5,5,TCCTTTACATAGCTAGCTCG,0,1859889
hyuA_predicted,0.16666666666666666,5,5,TCCTGCTACTCGGCCAGCTG,0,1852428
hyuA_predicted,0.16666666666666666,5,5,TCCGCGAAAGGAGGTAAATT,0,1861399
hyuA_predicted,0.16666666666666666,5,5,TCCGCACTAACGGTCGCCAT,0,1829047
hyuA_predicted,0.16666666666666666,5,5,TCCGATGGGCGATTTAAAAC,0,1855412
hyuA_predicted,0.16666666666666666,5,5,TCCGAGCTGTTCGTATGCCA,0,1858356
hyuA_predicted,0.16666666666666666,5,5,TCCGAACAGGATCTTACAAA,0,1854443
hyuA_predicted,0.16666666666666666,5,5,TCCGAAATCCGACGAGCCTG,0,1871901
hyuA_predicted,0.16666666666666666,5,5,TCCCGATCTCGCACGGCTAT,0,1862963
hyuA_predicted,0.16666666666666666,5,5,TCCCCCAGGGACTATCCACA,0,1850657
hyuA_predicted,0.16666666666666666,5,5,TCCACCCCAAATTCGACTTA,0,1839460
hyuA_predicted,0.16666666666666666,5,5,TCATTGGGGACCAATAGGTT,0,1832704
hyuA_predicted,0.16666666666666666,5,5,TCATTGCACCGTTACAACAC,0,1866924
hyuA_predicted,0.16666666666666666,5,5,TCATTATCTAAATTTTGGTA,0,1838656
hyuA_predicted,0.16666666666666666,5,5,TCATATTAGAGTCAAGAAAG,0,1845141
hyuA_predicted,0.16666666666666666,5,5,TCAGTCAAATGTCTCACTTA,0,1874812
hyuA_predicted,0.16666666666666666,5,5,TCAGGACAGGAACTAAATTC,0,1829730
hyuA_predicted,0.16666666666666666,5,5,TCAGCGCGTCTTCACTTGGC,0,1860522
hyuA_predicted,0.16666666666666666,5,5,TCAGATGGGATCGGCGTATT,0,1834866
hyuA_predicted,0.16666666666666666,5,5,TCACGAAATGCAGGGTCGTG,0,1858327
hyuA_predicted,0.16666666666666666,5,5,TCACCGGGTCGGTTGAGGAG,0,1859217
hyuA_predicted,0.16666666666666666,5,5,TCAATTGGCATGACGGTCGC,0,1848981
hyuA_predicted,0.16666666666666666,5,5,TATTTGGCAGCACTTCATCC,0,1843837
hyuA_predicted,0.16666666666666666,5,5,TATTTACCTTATATCAGTAC,0,1839727
hyuA_predicted,0.16666666666666666,5,5,TATTGGTGTGATGCAAGGTT,0,1840225
hyuA_predicted,0.16666666666666666,5,5,TATTCATACGGGACAGAGTG,0,1857518
hyuA_predicted,0.16666666666666666,5,5,TATTATACAATAGTGCCCTG,0,1856291
hyuA_predicted,0.16666666666666666,5,5,TATTACGCTTTTTGGGCGTT,0,1846210
hyuA_predicted,0.16666666666666666,5,5,TATGGGGGGGAAACTCGCTC,0,1829255
hyuA_predicted,0.16666666666666666,5,5,TATGGGCTGGTGCACCCCCC,0,1854251
hyuA_predicted,0.16666666666666666,5,5,TATATAATTCGCTCTGATTT,0,1831549
hyuA_predicted,0.16666666666666666,5,5,TAGGTGCGCAGTGTCTAATA,0,1858218
hyuA_predicted,0.16666666666666666,5,5,TAGGGGCGGCGTTGCTTACT,0,1841592
hyuA_predicted,0.16666666666666666,5,5,TAGGCGCGTATTTTGCCTAT,0,1874377
hyuA_predicted,0.16666666666666666,5,5,TAGGATTGATTAACACATCG,0,1856128
hyuA_predicted,0.16666666666666666,5,5,TAGCCGGAAGGGACGCTGCT,0,1873371
hyuA_predicted,0.16666666666666666,5,5,TAGCCACTCAACGGGCAGTA,0,1850937
hyuA_predicted,0.16666666666666666,5,5,TAGCATGAGATCCTGCGCCG,0,1854018
hyuA_predicted,0.16666666666666666,5,5,TAGCAAACCGGTTCCCAGAT,0,1848556
hyuA_predicted,0.16666666666666666,5,5,TAGACGACTTAGCCATAAAA,0,1845623
hyuA_predicted,0.16666666666666666,5,5,TACTTGCAAACTGGGAGAGC,0,1862482
hyuA_predicted,0.16666666666666666,5,5,TACTGCCGTCGTACGCCGTG,0,1867253
hyuA_predicted,0.16666666666666666,5,5,TACTCGAGACCCACATCAAG,0,1840992
hyuA_predicted,0.16666666666666666,5,5,TACTCCGGCGACGATTAAGA,0,1849487
hyuA_predicted,0.16666666666666666,5,5,TACGTCCCGTAGGCTGCTAT,0,1861169
hyuA_predicted,0.16666666666666666,5,5,TACGGGGCAACAGAATCACG,0,1874435
hyuA_predicted,0.16666666666666666,5,5,TACCTGATTTAGTCAACGAG,0,1861224
hyuA_predicted,0.16666666666666666,5,5,TACCGGTGGTCTCCACGCTA,0,1877174
hyuA_predicted,0.16666666666666666,5,5,TACCAAGTGCTTCGTATAAT,0,1864963
hyuA_predicted,0.16666666666666666,5,5,TACATGATTTTACTACAGCA,0,1853964
hyuA_predicted,0.16666666666666666,5,5,TAATCATTTGCCCGGGGCTC,0,1858947
hyuA_predicted,0.16666666666666666,5,5,TAATATCAGCCCCGATTAGC,0,1870848
hyuA_predicted,0.16666666666666666,5,5,TAATAAAGTGCTTAATTACT,0,1835483
hyuA_predicted,0.16666666666666666,5,5,TAACTTTCCTATAACCACGC,0,1861305
hyuA_predicted,0.16666666666666666,5,5,TAAATCCAGTGTACCGGAAG,0,1857619
hyuA_predicted,0.16666666666666666,5,5,TAAAGTGTGGCGTAATCGCG,0,1873484
hyuA_predicted,0.16666666666666666,5,5,TAAACTTAACACGTAAAAAC,0,1857373
hyuA_predicted,0.16666666666666666,5,5,TAAACTATCGTCTTCAACAC,0,1849900
hyuA_predicted,0.16666666666666666,5,5,TAAACGAGGCGCCTACGACG,0,1873966
hyuA_predicted,0.16666666666666666,5,5,TAAAATCAGTGGATTCTAGA,0,1842610
hyuA_predicted,0.16666666666666666,5,5,TAAAAATGATCTGGAAACAA,0,1830454
hyuA_predicted,0.16666666666666666,5,5,GTTTTTACTCCCGCGGGGTT,0,1829176
hyuA_predicted,0.16666666666666666,5,5,GTTTTCGCAGCGGATCAAGA,0,1830980
hyuA_predicted,0.16666666666666666,5,5,GTTTTCAACGAAAAAGATGT,0,1850550
hyuA_predicted,0.16666666666666666,5,5,GTTTGTTTTATGCTTTTGGA,0,1848158
hyuA_predicted,0.16666666666666666,5,5,GTTGTTCTCGATAGCTGCCG,0,1869576
hyuA_predicted,0.16666666666666666,5,5,GTTCTTTGGCGCTCGCTAAT,0,1857551
hyuA_predicted,0.16666666666666666,5,5,GTTCGAAGTACAACTGATCC,0,1853571
hyuA_predicted,0.16666666666666666,5,5,GTTCGAAGGCATCGTGTCGT,0,1832844
hyuA_predicted,0.16666666666666666,5,5,GTTCCCTGGGAGCTTTTGGA,0,1865322
hyuA_predicted,0.16666666666666666,5,5,GTTCAATCATTCTAACTGTT,0,1832957
hyuA_predicted,0.16666666666666666,5,5,GTTATGAGTGTCGAGGTTGC,0,1834231
hyuA_predicted,0.16666666666666666,5,5,GTTACCACACCGGGTCATGT,0,1830265
hyuA_predicted,0.16666666666666666,5,5,GTTAAACGTGGAGTTCTGAC,0,1843152
hyuA_predicted,0.16666666666666666,5,5,GTGTCCGCGACACCCGCGGT,0,1865265
hyuA_predicted,0.16666666666666666,5,5,GTGTCCCCTCCCCGGCATTA,0,1833113
hyuA_predicted,0.16666666666666666,5,5,GTGTATGTCTCTAATGTGCT,0,1851419
hyuA_predicted,0.16666666666666666,5,5,GTGGGTGTAACGCGCCTAAA,0,1841311
hyuA_predicted,0.16666666666666666,5,5,GTGGGCACTGTGCCTCGATG,0,1849781
hyuA_predicted,0.16666666666666666,5,5,GTGGCACTACGTCGGCTTAA,0,1850137
hyuA_predicted,0.16666666666666666,5,5,GTGGAGTATTGTGCGTTTGT,0,1854487
hyuA_predicted,0.16666666666666666,5,5,GTGCGGTAGCCGTTTCAAGC,0,1829079
hyuA_predicted,0.16666666666666666,5,5,GTGCGGCCACCGTTGGATAG,0,1865207
hyuA_predicted,0.16666666666666666,5,5,GTGCGCAACGTTTTTTCGAT,0,1853138
hyuA_predicted,0.16666666666666666,5,5,GTGCCAATAGCTAGGCGATG,0,1844993
hyuA_predicted,0.16666666666666666,5,5,GTGATTCCTTGAGCGTTTCT,0,1857380
hyuA_predicted,0.16666666666666666,5,5,GTGATGTTGGATGAAATTGT,0,1848016
hyuA_predicted,0.16666666666666666,5,5,GTGATCGCGTAAGCAAGATG,0,1873138
hyuA_predicted,0.16666666666666666,5,5,GTGACTCAACATTTTCAGTA,0,1853947
hyuA_predicted,0.16666666666666666,5,5,GTGACGGAGGATGAAACCAA,0,1829775
hyuA_predicted,0.16666666666666666,5,5,GTGAACCCTCAGCTTCATGA,0,1876875
hyuA_predicted,0.16666666666666666,5,5,GTCTTGGTATCTTGATCGCG,0,1876428
hyuA_predicted,0.16666666666666666,5,5,GTCTTCTAGTAGGTTTTCTG,0,1876697
hyuA_predicted,0.16666666666666666,5,5,GTCTGTATTCCGACACCCAG,0,1838724
hyuA_predicted,0.16666666666666666,5,5,GTCTCGCTGTGTCAGACTGA,0,1874365
hyuA_predicted,0.16666666666666666,5,5,GTCTCACAGAGTACGAGGAT,0,1864656
hyuA_predicted,0.16666666666666666,5,5,GTCGTCAAGGGGATTGGTGC,0,1850864
hyuA_predicted,0.16666666666666666,5,5,GTCGGCGCGATAGTCCAATG,0,1833804
hyuA_predicted,0.16666666666666666,5,5,GTCCTTGAATCGCAAAATAT,0,1841119
hyuA_predicted,0.16666666666666666,5,5,GTCCTTCATAAGGGATGTAA,0,1865575
hyuA_predicted,0.16666666666666666,5,5,GTCCTGGAACGTTTCAGAAA,0,1867706
hyuA_predicted,0.16666666666666666,5,5,GTCCTGCCACTCTGTACCTT,0,1860699
hyuA_predicted,0.16666666666666666,5,5,GTCCGGGGCGCGTACTACGA,0,1852255
hyuA_predicted,0.16666666666666666,5,5,GTCCGACGTGCGGGACCGCT,0,1853913
hyuA_predicted,0.16666666666666666,5,5,GTCATCGAGCGTTGGGAATT,0,1874200
hyuA_predicted,0.16666666666666666,5,5,GTCATAGCTTAGTTCTTTTA,0,1835907
hyuA_predicted,0.16666666666666666,5,5,GTCAGTGACCAACGCCGAAC,0,1859501
hyuA_predicted,0.16666666666666666,5,5,GTCACAGTGAATGAATCAAC,0,1857372
hyuA_predicted,0.16666666666666666,5,5,GTATCATCTGTTCAGCATGT,0,1870733
hyuA_predicted,0.16666666666666666,5,5,GTAGGGATTCTCATCGGTGT,0,1859142
hyuA_predicted,0.16666666666666666,5,5,GTAGCTGCGTCGGAGCTGTC,0,1875659
hyuA_predicted,0.16666666666666666,5,5,GTAGAGCGTGCGTCTTTTAC,0,1874441
hyuA_predicted,0.16666666666666666,5,5,GTAGACGCCTATACTCACTA,0,1835353
hyuA_predicted,0.16666666666666666,5,5,GTACTGTATCGTCGGCTTGC,0,1874829
hyuA_predicted,0.16666666666666666,5,5,GTACTAGGGTATATCCCCTG,0,1834184
hyuA_predicted,0.16666666666666666,5,5,GTACACTTCGATTGAGGTTT,0,1876443
hyuA_predicted,0.16666666666666666,5,5,GTACAATAATGCGTCGTTGA,0,1875358
hyuA_predicted,0.16666666666666666,5,5,GTAACGACAAGACTAAAATC,0,1853649
hyuA_predicted,0.16666666666666666,5,5,GGTTGTAGTCTGGGGCCGCT,0,1864848
hyuA_predicted,0.16666666666666666,5,5,GGTTGACATGCGCGCCGCAT,0,1840996
hyuA_predicted,0.16666666666666666,5,5,GGTTCCAGGTTCTACCTTAT,0,1849160
hyuA_predicted,0.16666666666666666,5,5,GGTGTCATGGGTTGCTGCGT,0,1854685
hyuA_predicted,0.16666666666666666,5,5,GGTGTCAAGGTCGGCTAGGT,0,1854461
hyuA_predicted,0.16666666666666666,5,5,GGTGTAAATCAACAGTCTGT,0,1831793
hyuA_predicted,0.16666666666666666,5,5,GGTGGTAGTCATATATTATG,0,1868555
hyuA_predicted,0.16666666666666666,5,5,GGTGCGGCAAAGTGGAACGA,0,1864700
hyuA_predicted,0.16666666666666666,5,5,GGTGCCCATGCTAAGCTCGA,0,1865346
hyuA_predicted,0.16666666666666666,5,5,GGTGCATGCGGAGGTTTGTT,0,1859822
hyuA_predicted,0.16666666666666666,5,5,GGTGACTTTGGTGTGAAGTT,0,1850794
hyuA_predicted,0.16666666666666666,5,5,GGTCTTTCATTGAAGGTCGT,0,1830329
hyuA_predicted,0.16666666666666666,5,5,GGTCGGCCGTTGCGCCGGTG,0,1851233
hyuA_predicted,0.16666666666666666,5,5,GGTAGAGCAGAGTTCGGGAA,0,1863614
hyuA_predicted,0.16666666666666666,5,5,GGTACGGCACATTATTCAAA,0,1836778
hyuA_predicted,0.16666666666666666,5,5,GGGTTGAGCAATGTTAATGT,0,1839282
hyuA_predicted,0.16666666666666666,5,5,GGGTGTTTGTTGGGTGGTTG,0,1832046
hyuA_predicted,0.16666666666666666,5,5,GGGTGGGTACTTTCATCTTC,0,1829965
hyuA_predicted,0.16666666666666666,5,5,GGGTCGAGCACAATTTGCCC,0,1831671
hyuA_predicted,0.16666666666666666,5,5,GGGTCAGCTTCTACTTCTTG,0,1869875
hyuA_predicted,0.16666666666666666,5,5,GGGTATATGCGTGATCTTCC,0,1834139
hyuA_predicted,0.16666666666666666,5,5,GGGTACGGCGAACGAATGTT,0,1829141
hyuA_predicted,0.16666666666666666,5,5,GGGGTGATTGCGATACCCTT,0,1850520
hyuA_predicted,0.16666666666666666,5,5,GGGGTCGTCTATCACGATTC,0,1872532
hyuA_predicted,0.16666666666666666,5,5,GGGGGCGCAACTGTACCTGC,0,1832272
hyuA_predicted,0.16666666666666666,5,5,GGGGGCCTTCTCTGAACAGG,0,1865582
hyuA_predicted,0.16666666666666666,5,5,GGGGCCGTCCTGAAGCTTCC,0,1849388
hyuA_predicted,0.16666666666666666,5,5,GGGGATACGGTTACCTTCTG,0,1829423
hyuA_predicted,0.16666666666666666,5,5,GGGGACGGCTGTTACAGGAC,0,1840285
hyuA_predicted,0.16666666666666666,5,5,GGGCTTACTTGGTAAAATCT,0,1831553
hyuA_predicted,0.16666666666666666,5,5,GGGCGTACGCGAAAATCATC,0,1857303
hyuA_predicted,0.16666666666666666,5,5,GGGCGGACAAACCTCCGTAT,0,1866335
hyuA_predicted,0.16666666666666666,5,5,GGGCGAAGCCCTTCCGGAGG,0,1850384
hyuA_predicted,0.16666666666666666,5,5,GGGCAGCAGTCCATTTGAAA,0,1847954
hyuA_predicted,0.16666666666666666,5,5,GGGCAACTTAAGAGCCTCTT,0,1837689
hyuA_predicted,0.16666666666666666,5,5,GGGATCTCATCAGTTACTGG,0,1850811
hyuA_predicted,0.16666666666666666,5,5,GGGAGGTCCTTCAGAGGTCC,0,1866369
hyuA_predicted,0.16666666666666666,5,5,GGGAGGGCCGTCTGTCGAGT,0,1877425
hyuA_predicted,0.16666666666666666,5,5,GGGACGAGTGCAAACGCTCC,0,1862572
hyuA_predicted,0.16666666666666666,5,5,GGGACAGGAGGCAGTATCTA,0,1873457
hyuA_predicted,0.16666666666666666,5,5,GGGACAGACGGTCGTGATTC,0,1841007
hyuA_predicted,0.16666666666666666,5,5,GGGAAGACAAACTGAACTAT,0,1844056
hyuA_predicted,0.16666666666666666,5,5,GGCTGAGAACGGATCTAGGT,0,1871119
hyuA_predicted,0.16666666666666666,5,5,GGCGTGGTAATCAGGGCCTC,0,1877802
hyuA_predicted,0.16666666666666666,5,5,GGCGTACTTCCCAAGTATAC,0,1830656
hyuA_predicted,0.16666666666666666,5,5,GGCGCTTATCCGGGGGGGAT,0,1846011
hyuA_predicted,0.16666666666666666,5,5,GGCGCCCCCAATTAGTAAGT,0,1867826
hyuA_predicted,0.16666666666666666,5,5,GGCGAAACCAGTGGGGACTA,0,1870994
hyuA_predicted,0.16666666666666666,5,5,GGCCCGCGATATTTTGGCCC,0,1869540
hyuA_predicted,0.16666666666666666,5,5,GGCCAGTGGCCGCTATGTGT,0,1838627
hyuA_predicted,0.16666666666666666,5,5,GGCATTTGTTTCACTATGAC,0,1867510
hyuA_predicted,0.16666666666666666,5,5,GGATTTGGAAGGAGGACACT,0,1868199
hyuA_predicted,0.16666666666666666,5,5,GGATTTATAGTCCTGGTGAG,0,1842381
hyuA_predicted,0.16666666666666666,5,5,GGATGTTGGAACGCAAGTAT,0,1853751
hyuA_predicted,0.16666666666666666,5,5,GGATCAACGATTTTCAGAAA,0,1838989
hyuA_predicted,0.16666666666666666,5,5,GGATATCGAATACACATGTA,0,1835994
hyuA_predicted,0.16666666666666666,5,5,GGATAACTGAGACGGGGATC,0,1846780
hyuA_predicted,0.16666666666666666,5,5,GGAGTTCATCAAGGGCCACC,0,1868584
hyuA_predicted,0.16666666666666666,5,5,GGAGGCGGACGGCGTGAAGA,0,1855031
hyuA_predicted,0.16666666666666666,5,5,GGAGCTTCCGGTAATCTAAA,0,1876594
hyuA_predicted,0.16666666666666666,5,5,GGAATTTCTGAGCTTCTCAA,0,1842577
hyuA_predicted,0.16666666666666666,5,5,GGAATGGCGTTCTAATAATT,0,1863860
hyuA_predicted,0.16666666666666666,5,5,GGAAGTGAGAAATCACATCG,0,1844666
hyuA_predicted,0.16666666666666666,5,5,GGAAGCGGAGGTGCGGTGCA,0,1845678
hyuA_predicted,0.16666666666666666,5,5,GGAAGCAACTGAAGGGTTGA,0,1869603
hyuA_predicted,0.16666666666666666,5,5,GCTTTGACCGACGGACGGGG,0,1876823
hyuA_predicted,0.16666666666666666,5,5,GCTTAAACTAAATTCCATCA,0,1863495
hyuA_predicted,0.16666666666666666,5,5,GCTGGCCGTACAGCCGTGCG,0,1836156
hyuA_predicted,0.16666666666666666,5,5,GCTGCGACACATAGGTATCT,0,1876562
hyuA_predicted,0.16666666666666666,5,5,GCTCGAAAGTTTACTCCTCT,0,1828992
hyuA_predicted,0.16666666666666666,5,5,GCGTTACGTGGCTTCCGGCC,0,1841377
hyuA_predicted,0.16666666666666666,5,5,GCGGTTAAGATGCCTGTGTC,0,1835936
hyuA_predicted,0.16666666666666666,5,5,GCGGTATACAAGTTCATCTG,0,1835642
hyuA_predicted,0.16666666666666666,5,5,GCGGGGGGGCCCATAGGCAT,0,1846642
hyuA_predicted,0.16666666666666666,5,5,GCGGACCCAAAACGCGTGAT,0,1831172
hyuA_predicted,0.16666666666666666,5,5,GCGCTTACAAGATCAGGAAG,0,1849690
hyuA_predicted,0.16666666666666666,5,5,GCGCGGGTGTTCAGTATGAG,0,1831930
hyuA_predicted,0.16666666666666666,5,5,GCGCGGACGTGAAGGCGCAT,0,1852858
hyuA_predicted,0.16666666666666666,5,5,GCGCATCCTAGCATCATGCC,0,1861376
hyuA_predicted,0.16666666666666666,5,5,GCGCATCCGGAGTGCAGAAG,0,1846014
hyuA_predicted,0.16666666666666666,5,5,GCGAGAGGAATGTACCTTGA,0,1854229
hyuA_predicted,0.16666666666666666,5,5,GCGACGGTAGATGCGTAGGT,0,1853469
hyuA_predicted,0.16666666666666666,5,5,GCGACGCTAAACGATGCAGC,0,1866503
hyuA_predicted,0.16666666666666666,5,5,GCGAACCGCTACCCTTTCGA,0,1864699
hyuA_predicted,0.16666666666666666,5,5,GCCTCCCCACTATTACGCGC,0,1841980
hyuA_predicted,0.16666666666666666,5,5,GCCTATATTGGAAAGCTGCA,0,1839468
hyuA_predicted,0.16666666666666666,5,5,GCCTACCGAAAATCAAATAA,0,1843855
hyuA_predicted,0.16666666666666666,5,5,GCCGTAGTGCCATTAAATTG,0,1856611
hyuA_predicted,0.16666666666666666,5,5,GCCGTAACCATTGCCGCCGA,0,1871438
hyuA_predicted,0.16666666666666666,5,5,GCCGGCGGCAAGTCACGTCA,0,1854162
hyuA_predicted,0.16666666666666666,5,5,GCCGATACAAAGATTTATGG,0,1841937
hyuA_predicted,0.16666666666666666,5,5,GCCGACGACTCCCTTTTGTG,0,1860763
hyuA_predicted,0.16666666666666666,5,5,GCCCGTTGTTTGTCATTCCT,0,1835995
hyuA_predicted,0.16666666666666666,5,5,GCCCCGAGGGCGGATGGAAT,0,1877185
hyuA_predicted,0.16666666666666666,5,5,GCCCCATGACGGATCCCCGC,0,1866363
hyuA_predicted,0.16666666666666666,5,5,GCCCATGCCGCACCGGACAA,0,1865824
hyuA_predicted,0.16666666666666666,5,5,GCCCACGGCCAAATCCCCTC,0,1860468
hyuA_predicted,0.16666666666666666,5,5,GCCATTACTAAAATCGTGAT,0,1866802
hyuA_predicted,0.16666666666666666,5,5,GCCAAGTAGCAATACCTACC,0,1872199
hyuA_predicted,0.16666666666666666,5,5,GCATGGTGATGCTGCACAGC,0,1832220
hyuA_predicted,0.16666666666666666,5,5,GCAGTGTTGTCGGTAGGCGT,0,1832229
hyuA_predicted,0.16666666666666666,5,5,GCAGTACATAGAAATGAGAT,0,1877831
hyuA_predicted,0.16666666666666666,5,5,GCAGGTGTTCATGAATTCCT,0,1838310
hyuA_predicted,0.16666666666666666,5,5,GCAGGGTCCATTATTTACGA,0,1845655
hyuA_predicted,0.16666666666666666,5,5,GCAGCGAGTACATGCCTTTA,0,1848292
hyuA_predicted,0.16666666666666666,5,5,GCAGATCTTACAGATTAGAT,0,1832015
hyuA_predicted,0.16666666666666666,5,5,GCAGAGAAGTATTGCGGTTT,0,1852094
hyuA_predicted,0.16666666666666666,5,5,GCACGATCGGCCCTGGGTGT,0,1850166
hyuA_predicted,0.16666666666666666,5,5,GCACAGGAATAACGCTAATT,0,1848706
hyuA_predicted,0.16666666666666666,5,5,GCACACGTTACCGCGTAGAC,0,1838389
hyuA_predicted,0.16666666666666666,5,5,GCAAGCCCGTCTAAACACAA,0,1865035
hyuA_predicted,0.16666666666666666,5,5,GCAACGGTGAAACTTAGAAG,0,1871334
hyuA_predicted,0.16666666666666666,5,5,GCAACCTTCAGGTAACGGAC,0,1848127
hyuA_predicted,0.16666666666666666,5,5,GCAACCCTCCGCAAGGATCA,0,1877156
hyuA_predicted,0.16666666666666666,5,5,GCAACATAAGCGCAATAGGC,0,1852039
hyuA_predicted,0.16666666666666666,5,5,GCAAAGACGTAGACTTGAAC,0,1874282
hyuA_predicted,0.16666666666666666,5,5,GATTCACGGTAGTATTGGTT,0,1845472
hyuA_predicted,0.16666666666666666,5,5,GATTAATAGCCAGGAGGACA,0,1844141
hyuA_predicted,0.16666666666666666,5,5,GATGTAGTTGCCAACCTTGT,0,1834195
hyuA_predicted,0.16666666666666666,5,5,GATCTGCGCATGTACGCGAA,0,1840670
hyuA_predicted,0.16666666666666666,5,5,GATCTCGGTACGAGCGAAAC,0,1867067
hyuA_predicted,0.16666666666666666,5,5,GATCTACCAGGCTCTGCAAG,0,1870185
hyuA_predicted,0.16666666666666666,5,5,GATCATGTTAATTAAGGCAA,0,1839218
hyuA_predicted,0.16666666666666666,5,5,GATCATCACCCTACCGGCCA,0,1873368
hyuA_predicted,0.16666666666666666,5,5,GATCAACATCGCTCCATGGT,0,1852257
hyuA_predicted,0.16666666666666666,5,5,GATAGAACGCCTGGTCAGCT,0,1836115
hyuA_predicted,0.16666666666666666,5,5,GATACGGTAAATTCTTTTGC,0,1842015
hyuA_predicted,0.16666666666666666,5,5,GAGTTTGCAGTTGAGAATAT,0,1856614
hyuA_predicted,0.16666666666666666,5,5,GAGTTGGCCGCGCGCATCGG,0,1838802
hyuA_predicted,0.16666666666666666,5,5,GAGTCTCGGCCCGTAAATCA,0,1856794
hyuA_predicted,0.16666666666666666,5,5,GAGTCGATTTAAACGCCAAG,0,1854831
hyuA_predicted,0.16666666666666666,5,5,GAGGTGTTTCAAGCTGCATG,0,1859627
hyuA_predicted,0.16666666666666666,5,5,GAGGGCCACTAACAGCTAAT,0,1845401
hyuA_predicted,0.16666666666666666,5,5,GAGGGACAGGCAAACAGTGA,0,1855754
hyuA_predicted,0.16666666666666666,5,5,GAGGAACCAGGCGTGTCGAG,0,1845379
hyuA_predicted,0.16666666666666666,5,5,GAGCGCCTTCAATTTCGTAT,0,1848669
hyuA_predicted,0.16666666666666666,5,5,GAGCAACAATCTTAAAGCTT,0,1859274
hyuA_predicted,0.16666666666666666,5,5,GAGATTTATTCAGAGGTAAT,0,1877083
hyuA_predicted,0.16666666666666666,5,5,GAGATTGCCAGATAGAGAGC,0,1832680
hyuA_predicted,0.16666666666666666,5,5,GAGAGTATGGATCACCGACC,0,1856209
hyuA_predicted,0.16666666666666666,5,5,GAGAGGGATACCCGGTGTGC,0,1863763
hyuA_predicted,0.16666666666666666,5,5,GAGAGGCCATGCTATCTCTG,0,1834682
hyuA_predicted,0.16666666666666666,5,5,GAGAACATTAAGCGATTACC,0,1842920
hyuA_predicted,0.16666666666666666,5,5,GACTTTCCGGTACGGTACAA,0,1868033
hyuA_predicted,0.16666666666666666,5,5,GACTGCCTCCCAATGTGAAA,0,1873516
hyuA_predicted,0.16666666666666666,5,5,GACTGCCTATACCGTGCGGC,0,1874132
hyuA_predicted,0.16666666666666666,5,5,GACTGCAGATTCCATCTCCT,0,1840301
hyuA_predicted,0.16666666666666666,5,5,GACTAACGGTATCCGTCTTC,0,1849655
hyuA_predicted,0.16666666666666666,5,5,GACGTGAGACAGTGCGTATT,0,1833088
hyuA_predicted,0.16666666666666666,5,5,GACGGGTAGCCACAAGTGGT,0,1830794
hyuA_predicted,0.16666666666666666,5,5,GACGGGGACCCAAACATCAC,0,1869013
hyuA_predicted,0.16666666666666666,5,5,GACGGCGCTAATATGATCCA,0,1877158
hyuA_predicted,0.16666666666666666,5,5,GACGGATAGCGCGCGAGAGC,0,1829201
hyuA_predicted,0.16666666666666666,5,5,GACGCTTTGGTCGGCGAGTC,0,1846831
hyuA_predicted,0.16666666666666666,5,5,GACGCACTGCGGACTAGATG,0,1864756
hyuA_predicted,0.16666666666666666,5,5,GACGACCTGGGACAAATTGT,0,1855244
hyuA_predicted,0.16666666666666666,5,5,GACCTCACTCTGCTTTATAC,0,1855512
hyuA_predicted,0.16666666666666666,5,5,GACATAGTGCCGGCCTCCCA,0,1836656
hyuA_predicted,0.16666666666666666,5,5,GACAGTCGTTGCAAATAGTT,0,1853891
hyuA_predicted,0.16666666666666666,5,5,GACAGCTCATGCCGGGCCAT,0,1841074
hyuA_predicted,0.16666666666666666,5,5,GAATTTAGATTTGTGAGGCT,0,1849504
hyuA_predicted,0.16666666666666666,5,5,GAATTAGCGGTGGGAAACCG,0,1853135
hyuA_predicted,0.16666666666666666,5,5,GAATGGTACATTGCCTTAAC,0,1857845
hyuA_predicted,0.16666666666666666,5,5,GAATCTTCAGTGATGTGTTA,0,1858569
hyuA_predicted,0.16666666666666666,5,5,GAATCACCCCACGAAATTTG,0,1865946
hyuA_predicted,0.16666666666666666,5,5,GAAGGAATGTTATAAACCGG,0,1836936
hyuA_predicted,0.16666666666666666,5,5,GAAGCCAACCACGAGTCAAC,0,1862883
hyuA_predicted,0.16666666666666666,5,5,GAAGCACAGTCACACTCTTG,0,1839313
hyuA_predicted,0.16666666666666666,5,5,GAAGAGCTCCCATAGATGGC,0,1837597
hyuA_predicted,0.16666666666666666,5,5,GAACTCCTAAATGTGAGCGA,0,1842921
hyuA_predicted,0.16666666666666666,5,5,GAACGTCCTCACTCTATTAT,0,1853450
hyuA_predicted,0.16666666666666666,5,5,GAACACCCCCTGCGACACCC,0,1871429
hyuA_predicted,0.16666666666666666,5,5,GAACAAGAGATTAGTATAAG,0,1861753
hyuA_predicted,0.16666666666666666,5,5,GAAACTTTGGTCTCCCGAGG,0,1829368
hyuA_predicted,0.16666666666666666,5,5,GAAACATCATCCGCAAACGC,0,1845953
hyuA_predicted,0.16666666666666666,5,5,GAAAATTAATGGATCAGGTT,0,1832301
hyuA_predicted,0.16666666666666666,5,5,CTTTTATGTGTTGGATGACT,0,1829043
hyuA_predicted,0.16666666666666666,5,5,CTTTGTTTCTTACTACTCTG,0,1863362
hyuA_predicted,0.16666666666666666,5,5,CTTTGGTACGAGTTCACCCA,0,1864665
hyuA_predicted,0.16666666666666666,5,5,CTTGATCACAGAAGCTCTGA,0,1871699
hyuA_predicted,0.16666666666666666,5,5,CTTCTTGAAAAGGCTTAGCC,0,1857343
hyuA_predicted,0.16666666666666666,5,5,CTTCTTATCAGTTATGCGCA,0,1844809
hyuA_predicted,0.16666666666666666,5,5,CTTCTCAGATCCTCCACATT,0,1865293
hyuA_predicted,0.16666666666666666,5,5,CTTCGAGCTTGATAGACAGG,0,1861336
hyuA_predicted,0.16666666666666666,5,5,CTTCGAATGTGCGGAATATC,0,1867722
hyuA_predicted,0.16666666666666666,5,5,CTTCCGTGAGGTGTCAGCGT,0,1834136
hyuA_predicted,0.16666666666666666,5,5,CTTCACAAGGTGGATAAGGC,0,1867527
hyuA_predicted,0.16666666666666666,5,5,CTTAGCTTTCGTGGGCTATT,0,1844994
hyuA_predicted,0.16666666666666666,5,5,CTTAGCAGGATTAAACAGAA,0,1872678
hyuA_predicted,0.16666666666666666,5,5,CTTACTGGTTTGCCTCTTGG,0,1845725
hyuA_predicted,0.16666666666666666,5,5,CTTACGGAGACACGATCTCA,0,1865921
hyuA_predicted,0.16666666666666666,5,5,CTGTCTATACCAGCGATGCC,0,1834381
hyuA_predicted,0.16666666666666666,5,5,CTGGGCTAACGCAGCTCATT,0,1842843
hyuA_predicted,0.16666666666666666,5,5,CTGCGTGATGTGCCAGCTGC,0,1865781
hyuA_predicted,0.16666666666666666,5,5,CTGATGTCTTAGGCCTTGTC,0,1866654
hyuA_predicted,0.16666666666666666,5,5,CTGAGAATCACCTCTTTCTC,0,1858129
hyuA_predicted,0.16666666666666666,5,5,CTGACTCAGGGCTCAAGCTT,0,1837006
hyuA_predicted,0.16666666666666666,5,5,CTGAAGTTTCGGCCTACTTT,0,1850239
hyuA_predicted,0.16666666666666666,5,5,CTCTTCGACCCGATAGCTAA,0,1865623
hyuA_predicted,0.16666666666666666,5,5,CTCTTAATTAGAATCGAGGG,0,1846125
hyuA_predicted,0.16666666666666666,5,5,CTCTCGGCCTCAAAGCGGAG,0,1877870
hyuA_predicted,0.16666666666666666,5,5,CTCGGCGTACATGGTTTGGC,0,1834705
hyuA_predicted,0.16666666666666666,5,5,CTCGCTGTCGGCTTGGGTCG,0,1857576
hyuA_predicted,0.16666666666666666,5,5,CTCCTCGGAGTGGACGGTGA,0,1877269
hyuA_predicted,0.16666666666666666,5,5,CTCCGGCTGACCTAGGAGCC,0,1858409
hyuA_predicted,0.16666666666666666,5,5,CTCCCCGAATTCGGGACGTC,0,1854172
hyuA_predicted,0.16666666666666666,5,5,CTCATCGGTCATCGAACGCC,0,1861713
hyuA_predicted,0.16666666666666666,5,5,CTCAGAATATTTTGAGCGTG,0,1859249
hyuA_predicted,0.16666666666666666,5,5,CTCACACGGTTCTGGCTCAC,0,1862230
hyuA_predicted,0.16666666666666666,5,5,CTATCTCCATTATGTGATGC,0,1860801
hyuA_predicted,0.16666666666666666,5,5,CTATAGTTTTCTCACGTTGA,0,1849754
hyuA_predicted,0.16666666666666666,5,5,CTAGTCCGAAGCACTTCTAG,0,1866921
hyuA_predicted,0.16666666666666666,5,5,CTAGTATGCGGGCTACAACG,0,1853617
hyuA_predicted,0.16666666666666666,5,5,CTACTAATGGCCGGTTAGGA,0,1875808
hyuA_predicted,0.16666666666666666,5,5,CTAAGTAAGTCGGCTGCCTC,0,1833018
hyuA_predicted,0.16666666666666666,5,5,CTAACATTGGAACCAAGCTT,0,1853142
hyuA_predicted,0.16666666666666666,5,5,CTAAAAGGGGCCAGTTGATT,0,1852804
hyuA_predicted,0.16666666666666666,5,5,CGTTGGCAAGAAGCCACCGG,0,1840308
hyuA_predicted,0.16666666666666666,5,5,CGTTGATTAGGTACATCCGC,0,1849045
hyuA_predicted,0.16666666666666666,5,5,CGTTCAGCAATGCCAGTGGC,0,1839335
hyuA_predicted,0.16666666666666666,5,5,CGTTAAGTTTAACCCACGAA,0,1841010
hyuA_predicted,0.16666666666666666,5,5,CGTTAAAGAGCAGCTACTCG,0,1867435
hyuA_predicted,0.16666666666666666,5,5,CGTGGTAACGCGGGTTTGAC,0,1847255
hyuA_predicted,0.16666666666666666,5,5,CGTGGCACTTCTAGCTTCTC,0,1863302
hyuA_predicted,0.16666666666666666,5,5,CGTGATTTATGCCCTTGTGG,0,1864489
hyuA_predicted,0.16666666666666666,5,5,CGTGATAAAGCTTCCAGTAT,0,1848623
hyuA_predicted,0.16666666666666666,5,5,CGTCTGAATTTGTGCACCAC,0,1849355
hyuA_predicted,0.16666666666666666,5,5,CGTCCGTCCCAATTCGGAGC,0,1839095
hyuA_predicted,0.16666666666666666,5,5,CGTCATCGGCCTTCTGGGAG,0,1872116
hyuA_predicted,0.16666666666666666,5,5,CGTCACTATCCGGGCGAGCA,0,1853114
hyuA_predicted,0.16666666666666666,5,5,CGTATTAGCCACGTCCCTCT,0,1842506
hyuA_predicted,0.16666666666666666,5,5,CGTATGCAAAGGACGCCGAC,0,1862939
hyuA_predicted,0.16666666666666666,5,5,CGGGGCGCCATACCTCGATC,0,1834598
hyuA_predicted,0.16666666666666666,5,5,CGGGGAGTGGTTCAGTCACT,0,1867053
hyuA_predicted,0.16666666666666666,5,5,CGGGCTATGGTCTATGCCGA,0,1851433
hyuA_predicted,0.16666666666666666,5,5,CGGGCCATTCTGCTTCACGT,0,1842194
hyuA_predicted,0.16666666666666666,5,5,CGGGATTCTTTTAGACTCGC,0,1832382
hyuA_predicted,0.16666666666666666,5,5,CGGGAGCTCGACTGAGAAGA,0,1847398
hyuA_predicted,0.16666666666666666,5,5,CGGCGTTCTGAAGTATTTTC,0,1859652
hyuA_predicted,0.16666666666666666,5,5,CGGCGGGAAGTTTCCAGAGG,0,1831506
hyuA_predicted,0.16666666666666666,5,5,CGGATCTACGACTGTAAAGC,0,1849737
hyuA_predicted,0.16666666666666666,5,5,CGGATATGATGCACTGACAG,0,1844529
hyuA_predicted,0.16666666666666666,5,5,CGGATACACTGTCGCACGCA,0,1844441
hyuA_predicted,0.16666666666666666,5,5,CGGAGCATACAGAGAGCAGT,0,1864915
hyuA_predicted,0.16666666666666666,5,5,CGCTTCTGTACACGGTGACC,0,1830929
hyuA_predicted,0.16666666666666666,5,5,CGCGTGTTGGATTACTTTGT,0,1866679
hyuA_predicted,0.16666666666666666,5,5,CGCGTGGCCAGATGATTAGA,0,1876944
hyuA_predicted,0.16666666666666666,5,5,CGCGCACCCTCGTATCGAAT,0,1833124
hyuA_predicted,0.16666666666666666,5,5,CGCCTGCCCTCCTACTAGTC,0,1852918
hyuA_predicted,0.16666666666666666,5,5,CGCCTAACCGCCATCATTCG,0,1872604
hyuA_predicted,0.16666666666666666,5,5,CGCCCCGTAGCTCACGGATA,0,1867920
hyuA_predicted,0.16666666666666666,5,5,CGCAGGGCGTTCTCAATTTC,0,1854485
hyuA_predicted,0.16666666666666666,5,5,CGCACCCTAGCCGACTATGT,0,1853411
hyuA_predicted,0.16666666666666666,5,5,CGATTGTATGAACTTACGGC,0,1867379
hyuA_predicted,0.16666666666666666,5,5,CGATCTAGATTTATGCAATA,0,1874330
hyuA_predicted,0.16666666666666666,5,5,CGAGTGGGGTCTATCTGGCT,0,1834982
hyuA_predicted,0.16666666666666666,5,5,CGAGTCCTGCTATCCTGTTC,0,1830374
hyuA_predicted,0.16666666666666666,5,5,CGAGTCAGAACGCATCTCTA,0,1850542
hyuA_predicted,0.16666666666666666,5,5,CGAGGTCTCTTACGCATGAT,0,1866096
hyuA_predicted,0.16666666666666666,5,5,CGACTTAGCCTTGATGGACT,0,1843580
hyuA_predicted,0.16666666666666666,5,5,CGACTGTACTGCCCCCTTTA,0,1868102
hyuA_predicted,0.16666666666666666,5,5,CGACGCTTGTAGCGTATTAA,0,1856718
hyuA_predicted,0.16666666666666666,5,5,CGACATTGTGGCCATCAATC,0,1856447
hyuA_predicted,0.16666666666666666,5,5,CGAATATGCATGGGTCGGTG,0,1869080
hyuA_predicted,0.16666666666666666,5,5,CGAAGTGAAAGTTGTAATTG,0,1866502
hyuA_predicted,0.16666666666666666,5,5,CGAAGGGCACCGCTGACAGA,0,1867799
hyuA_predicted,0.16666666666666666,5,5,CGAAGGAAGCGGGCCAGCGG,0,1836291
hyuA_predicted,0.16666666666666666,5,5,CGAAGCCCGGGATAAGGTTG,0,1834088
hyuA_predicted,0.16666666666666666,5,5,CGAACATAGTGTGCCGTCTT,0,1844493
hyuA_predicted,0.16666666666666666,5,5,CCTTCAGGTGGGACCGCGGT,0,1863941
hyuA_predicted,0.16666666666666666,5,5,CCTTATCTCAATCGGCACTA,0,1860103
hyuA_predicted,0.16666666666666666,5,5,CCTGTTGTACCCACAAGTTA,0,1876807
hyuA_predicted,0.16666666666666666,5,5,CCTGGCCCGTCGCTAGATGT,0,1875687
hyuA_predicted,0.16666666666666666,5,5,CCTCTTTGTAGCGTCGGCTC,0,1875333
hyuA_predicted,0.16666666666666666,5,5,CCTCTATAGTCCATCATTAA,0,1845024
hyuA_predicted,0.16666666666666666,5,5,CCTCTATACGTACGTACCTA,0,1865417
hyuA_predicted,0.16666666666666666,5,5,CCTCGCAGAGGAAGCAGACC,0,1833236
hyuA_predicted,0.16666666666666666,5,5,CCTCGACCATCCGCGTACCT,0,1867221
hyuA_predicted,0.16666666666666666,5,5,CCTATGAGTCGGGCTGCACT,0,1851609
hyuA_predicted,0.16666666666666666,5,5,CCTATCTGTTTCACACCACT,0,1855064
hyuA_predicted,0.16666666666666666,5,5,CCTAGGGTTGGGGTACGAGC,0,1862764
hyuA_predicted,0.16666666666666666,5,5,CCTAGAGGACGCGAAGCCGC,0,1873662
hyuA_predicted,0.16666666666666666,5,5,CCTACTAAAGCGTCTCCAAG,0,1833015
hyuA_predicted,0.16666666666666666,5,5,CCTACCTTCTCGGGGCGCAT,0,1864222
hyuA_predicted,0.16666666666666666,5,5,CCGTGTCACTTGCAAGGATA,0,1853549
hyuA_predicted,0.16666666666666666,5,5,CCGTGGGGTTTACGCTCGAT,0,1833147
hyuA_predicted,0.16666666666666666,5,5,CCGTAGTACTCGTGGCGTCA,0,1870000
hyuA_predicted,0.16666666666666666,5,5,CCGGTGTATCCACCAGTTCG,0,1875030
hyuA_predicted,0.16666666666666666,5,5,CCGGTGCTCGCTCTGGTCTA,0,1839751
hyuA_predicted,0.16666666666666666,5,5,CCGGGCACCGTTGGGATGGA,0,1832804
hyuA_predicted,0.16666666666666666,5,5,CCGGCATATGTCCCCTTACC,0,1875880
hyuA_predicted,0.16666666666666666,5,5,CCGGATTTCCGACATTTGAA,0,1830060
hyuA_predicted,0.16666666666666666,5,5,CCGGAGAGCCAGCGCATGTT,0,1870372
hyuA_predicted,0.16666666666666666,5,5,CCGGAAGTGGCCCCAGACTG,0,1857163
hyuA_predicted,0.16666666666666666,5,5,CCGCTGGAGAGCCCTCACCA,0,1865540
hyuA_predicted,0.16666666666666666,5,5,CCGCGGTTGCGCTCTCAATC,0,1843332
hyuA_predicted,0.16666666666666666,5,5,CCGCCGATCGAGGGTTTAAT,0,1873136
hyuA_predicted,0.16666666666666666,5,5,CCGCAGAGCTCGCACAAGCG,0,1841814
hyuA_predicted,0.16666666666666666,5,5,CCCTTTACCGCTTCATAACT,0,1865850
hyuA_predicted,0.16666666666666666,5,5,CCCTCCAAGAGCTAAGAGAT,0,1829394
hyuA_predicted,0.16666666666666666,5,5,CCCGCCTAAGGAGCCAACCC,0,1867846
hyuA_predicted,0.16666666666666666,5,5,CCCCGGCGTCATCATCTGAA,0,1877845
hyuA_predicted,0.16666666666666666,5,5,CCCCAGGCCCTGCCCTTAGT,0,1859646
hyuA_predicted,0.16666666666666666,5,5,CCCCACAAATGCACTCTATA,0,1858368
hyuA_predicted,0.16666666666666666,5,5,CCCATTAACCGGGGAGCACT,0,1866240
hyuA_predicted,0.16666666666666666,5,5,CCATTGAGGCTTTGATTGTA,0,1870014
hyuA_predicted,0.16666666666666666,5,5,CCATTAGTCCGACCCTCAGG,0,1862767
hyuA_predicted,0.16666666666666666,5,5,CCATGCTCCGGTATACCCAT,0,1835053
hyuA_predicted,0.16666666666666666,5,5,CCATCTGGCGTGGTATATAG,0,1846045
hyuA_predicted,0.16666666666666666,5,5,CCATCTGCATGAAAATTGTT,0,1855452
hyuA_predicted,0.16666666666666666,5,5,CCAGTGTTGTATCAGCTTTC,0,1868120
hyuA_predicted,0.16666666666666666,5,5,CCAGTCAAAGCTAGCATCGC,0,1875000
hyuA_predicted,0.16666666666666666,5,5,CCAGTAGATTTCGTTTACAA,0,1836087
hyuA_predicted,0.16666666666666666,5,5,CCAGGTACCCCACTAATGCG,0,1830910
hyuA_predicted,0.16666666666666666,5,5,CCAGGGTCATACGCTGGCCC,0,1864383
hyuA_predicted,0.16666666666666666,5,5,CCAGGGCTCTTGGTAATAAC,0,1842900
hyuA_predicted,0.16666666666666666,5,5,CCAGCGGTGACAAATGTGAA,0,1865867
hyuA_predicted,0.16666666666666666,5,5,CCACTAAGCAGCTTCTGCAG,0,1869340
hyuA_predicted,0.16666666666666666,5,5,CCACCGATCCCCATAAATAT,0,1833203
hyuA_predicted,0.16666666666666666,5,5,CCACAGGATGTAACCGGTTC,0,1832203
hyuA_predicted,0.16666666666666666,5,5,CCAAGGTTAGATCCGCGACA,0,1841715
hyuA_predicted,0.16666666666666666,5,5,CCAAAGTGAGTTCATGCGGC,0,1852954
hyuA_predicted,0.16666666666666666,5,5,CCAAAACCGCAGGGACTGTC,0,1837283
hyuA_predicted,0.16666666666666666,5,5,CATTTCGCCCTGCGGACATT,0,1840390
hyuA_predicted,0.16666666666666666,5,5,CATTTATGGGTACCCGCACG,0,1848674
hyuA_predicted,0.16666666666666666,5,5,CATTGGCTCGTATCGAATCT,0,1857367
hyuA_predicted,0.16666666666666666,5,5,CATTATATCGGCCGGTCTCT,0,1874490
hyuA_predicted,0.16666666666666666,5,5,CATCGGGGGATTGTTAAACT,0,1857888
hyuA_predicted,0.16666666666666666,5,5,CATCGCGCGATGTGTAACGT,0,1864034
hyuA_predicted,0.16666666666666666,5,5,CATCCACAGTGGCTCGCAGC,0,1867688
hyuA_predicted,0.16666666666666666,5,5,CATCACGGGCCGAGACTAAT,0,1845269
hyuA_predicted,0.16666666666666666,5,5,CATATTGACATACTGCTATT,0,1841021
hyuA_predicted,0.16666666666666666,5,5,CATAACCGAATGACGTTGGC,0,1858471
hyuA_predicted,0.16666666666666666,5,5,CAGTCCGTAATTCAACTATC,0,1839853
hyuA_predicted,0.16666666666666666,5,5,CAGTAGTTGTCAAGTTTATG,0,1839857
hyuA_predicted,0.16666666666666666,5,5,CAGGTCACGGGTGACCTTAG,0,1832883
hyuA_predicted,0.16666666666666666,5,5,CAGGACGCATCACCACGCGA,0,1835533
hyuA_predicted,0.16666666666666666,5,5,CAGCTAATGGCCCCTCAGTT,0,1862465
hyuA_predicted,0.16666666666666666,5,5,CAGCGGGGCGGAGATAGCGC,0,1852171
hyuA_predicted,0.16666666666666666,5,5,CAGCCTCCACGCCCGTGGCC,0,1850389
hyuA_predicted,0.16666666666666666,5,5,CAGCCTACGCTCAGCCTCTC,0,1870490
hyuA_predicted,0.16666666666666666,5,5,CAGCATACCAGTTACAACAG,0,1859719
hyuA_predicted,0.16666666666666666,5,5,CAGATACACGTAGTATCTTG,0,1841661
hyuA_predicted,0.16666666666666666,5,5,CAGAGGGCATCAAAGTGGTC,0,1841081
hyuA_predicted,0.16666666666666666,5,5,CAGACCTCAAGTGTTTGAAA,0,1869541
hyuA_predicted,0.16666666666666666,5,5,CACGGACAATCTCACCACCT,0,1830995
hyuA_predicted,0.16666666666666666,5,5,CACCTGCCCAAGCAAATACT,0,1842942
hyuA_predicted,0.16666666666666666,5,5,CACCGGACAGTTCATCCACT,0,1866256
hyuA_predicted,0.16666666666666666,5,5,CACCGCTGATACGTTATGAG,0,1867199
hyuA_predicted,0.16666666666666666,5,5,CACCCGAGTCTTTCTCTAGG,0,1872677
hyuA_predicted,0.16666666666666666,5,5,CACATTAATACTTAAGTCGT,0,1846786
hyuA_predicted,0.16666666666666666,5,5,CACACTCCTCGATCAGGATC,0,1853433
hyuA_predicted,0.16666666666666666,5,5,CACAAGCTGAGTAGCTTTGA,0,1872943
hyuA_predicted,0.16666666666666666,5,5,CAATCGATCCTAAGGGCAAC,0,1868171
hyuA_predicted,0.16666666666666666,5,5,CAAGAAATTATCCGGGCCGA,0,1860001
hyuA_predicted,0.16666666666666666,5,5,CAACCAGTCCTACCCCGGCC,0,1869221
hyuA_predicted,0.16666666666666666,5,5,CAAACAAATTTGCACTTGTT,0,1862916
hyuA_predicted,0.16666666666666666,5,5,CAAAATTTGCCGCGGTTCAG,0,1832210
hyuA_predicted,0.16666666666666666,5,5,ATTTAAACAGATTGTTCATA,0,1864797
hyuA_predicted,0.16666666666666666,5,5,ATTGGTGTGATATCGCTTCT,0,1865804
hyuA_predicted,0.16666666666666666,5,5,ATTGCCGGTTTCCCAAGCCG,0,1844403
hyuA_predicted,0.16666666666666666,5,5,ATTGCAGGATGACTATTCCG,0,1829065
hyuA_predicted,0.16666666666666666,5,5,ATTAGGTCATGTTCGATATT,0,1836325
hyuA_predicted,0.16666666666666666,5,5,ATTAGGGTTGCTAAGAACCA,0,1860995
hyuA_predicted,0.16666666666666666,5,5,ATTACGGGAAAAGCCCGACC,0,1863305
hyuA_predicted,0.16666666666666666,5,5,ATGTGGGGGATTCCGGAGGC,0,1853757
hyuA_predicted,0.16666666666666666,5,5,ATGGTTCGACCCGAGCCGGT,0,1865332
hyuA_predicted,0.16666666666666666,5,5,ATGGTAGTATGGCGACACAG,0,1843532
hyuA_predicted,0.16666666666666666,5,5,ATGGGTTTACCGAGTTTCGT,0,1864435
hyuA_predicted,0.16666666666666666,5,5,ATGGGTAGTGGCAGTACTTA,0,1865688
hyuA_predicted,0.16666666666666666,5,5,ATGGGGTCCCTGTACCGACG,0,1854650
hyuA_predicted,0.16666666666666666,5,5,ATGGGCGTTGTACGCTCGCA,0,1829331
hyuA_predicted,0.16666666666666666,5,5,ATGGCCTAAGGTGCGCTGGG,0,1857930
hyuA_predicted,0.16666666666666666,5,5,ATGCGAAACGGACCAATGAT,0,1877793
hyuA_predicted,0.16666666666666666,5,5,ATGCACCAAAAGCGCTCATC,0,1868665
hyuA_predicted,0.16666666666666666,5,5,ATGACGGTCGAGGTGCATGA,0,1863898
hyuA_predicted,0.16666666666666666,5,5,ATCTTAGTCTCTCTTTTCAC,0,1832296
hyuA_predicted,0.16666666666666666,5,5,ATCTAGTTGACTATTGATAA,0,1857349
hyuA_predicted,0.16666666666666666,5,5,ATCTACGTTACAGGGCCTGA,0,1835345
hyuA_predicted,0.16666666666666666,5,5,ATCGTCTCGGGGTAGAGGGC,0,1832831
hyuA_predicted,0.16666666666666666,5,5,ATCGGGCGGCTAGGTCATGC,0,1840386
hyuA_predicted,0.16666666666666666,5,5,ATCGGATTCACCCCCCTTTC,0,1869609
hyuA_predicted,0.16666666666666666,5,5,ATCGCTGACACTTGCTAGTC,0,1832506
hyuA_predicted,0.16666666666666666,5,5,ATCGCAGGCTGGGCCTCAGA,0,1845145
hyuA_predicted,0.16666666666666666,5,5,ATCCGGGATATGACATAATG,0,1868567
hyuA_predicted,0.16666666666666666,5,5,ATCCGCGTTGTAAATTCGAC,0,1871000
hyuA_predicted,0.16666666666666666,5,5,ATCATGCACTGTCGTGGTTT,0,1833653
hyuA_predicted,0.16666666666666666,5,5,ATCATAAGGGCACGGTCACA,0,1861603
hyuA_predicted,0.16666666666666666,5,5,ATCACCAGAACTGGGTAGTT,0,1840943
hyuA_predicted,0.16666666666666666,5,5,ATATTTTCACGATAGTTTAT,0,1871957
hyuA_predicted,0.16666666666666666,5,5,ATATGGTTCTAGGCATGGGA,0,1863540
hyuA_predicted,0.16666666666666666,5,5,ATATCAGCGCCACGATTTAT,0,1835186
hyuA_predicted,0.16666666666666666,5,5,ATATATTCTAAACTCTTCTT,0,1852047
hyuA_predicted,0.16666666666666666,5,5,ATATAACTGGAGAGGCTATG,0,1867564
hyuA_predicted,0.16666666666666666,5,5,ATAGGTGTAGCATATAGCAG,0,1845720
hyuA_predicted,0.16666666666666666,5,5,ATAGGTAACTTATAGCGCAC,0,1866283
hyuA_predicted,0.16666666666666666,5,5,ATACACTATTATGACCAACG,0,1842166
hyuA_predicted,0.16666666666666666,5,5,ATAATGGTCCATGCGCAGGA,0,1846944
hyuA_predicted,0.16666666666666666,5,5,ATAATCGCGCGCGGGAGTCT,0,1872508
hyuA_predicted,0.16666666666666666,5,5,ATAAGGTTCTCAACGTGACC,0,1846987
hyuA_predicted,0.16666666666666666,5,5,ATAACTCTAGGCCTCGCTCT,0,1832674
hyuA_predicted,0.16666666666666666,5,5,AGTTGCCCTCAGTTCAACAG,0,1873955
hyuA_predicted,0.16666666666666666,5,5,AGTTCAGCGATGTTAGATGA,0,1873045
hyuA_predicted,0.16666666666666666,5,5,AGTTAGACTGCACATGGCGT,0,1875005
hyuA_predicted,0.16666666666666666,5,5,AGTTACTACTAATGAACGAG,0,1829254
hyuA_predicted,0.16666666666666666,5,5,AGTTAAAGGTAAGAAGTCGC,0,1851191
hyuA_predicted,0.16666666666666666,5,5,AGTGTCGGTCTGCAAGTTTA,0,1860941
hyuA_predicted,0.16666666666666666,5,5,AGTGGTGATGTCTCAGATTC,0,1834227
hyuA_predicted,0.16666666666666666,5,5,AGTGGCCAACAGTGGGAATA,0,1877667
hyuA_predicted,0.16666666666666666,5,5,AGTGCGAACTCCAGGACCTC,0,1862593
hyuA_predicted,0.16666666666666666,5,5,AGTGCACGTGCTCGAGCGGG,0,1845889
hyuA_predicted,0.16666666666666666,5,5,AGTCTGCCGACTCTGCCCCG,0,1859327
hyuA_predicted,0.16666666666666666,5,5,AGTCCTTGCTAACATAAAGC,0,1875511
hyuA_predicted,0.16666666666666666,5,5,AGTATTCAGGCAGGATGCGT,0,1844299
hyuA_predicted,0.16666666666666666,5,5,AGTAAGTCGCTCTTTAGAGA,0,1830346
hyuA_predicted,0.16666666666666666,5,5,AGGTTCTTACGAACTGGTTC,0,1862637
hyuA_predicted,0.16666666666666666,5,5,AGGTGCGTGAGGTGGAGGAC,0,1845104
hyuA_predicted,0.16666666666666666,5,5,AGGTGCACAGGAGCCGGATG,0,1867237
hyuA_predicted,0.16666666666666666,5,5,AGGTCGCCCGCACTATACCC,0,1830109
hyuA_predicted,0.16666666666666666,5,5,AGGTAGTCTTAAACGGCTGG,0,1851732
hyuA_predicted,0.16666666666666666,5,5,AGGGTAAACTTTATTATTAA,0,1843153
hyuA_predicted,0.16666666666666666,5,5,AGGGGGCTAGGATGGTAAGC,0,1849652
hyuA_predicted,0.16666666666666666,5,5,AGGGCTTACTGTTCGTGAGC,0,1860359
hyuA_predicted,0.16666666666666666,5,5,AGGGCTGCCTTTCAACCGAT,0,1833574
hyuA_predicted,0.16666666666666666,5,5,AGGCATGAGTCAAATCTACT,0,1850918
hyuA_predicted,0.16666666666666666,5,5,AGGATAAATTACAGGATGTC,0,1876785
hyuA_predicted,0.16666666666666666,5,5,AGGACGAAGGTGTACGGCTA,0,1829585
hyuA_predicted,0.16666666666666666,5,5,AGGAAAGGTTACACTATTAC,0,1833786
hyuA_predicted,0.16666666666666666,5,5,AGCTTTTACGCTAGAGTGTT,0,1829773
hyuA_predicted,0.16666666666666666,5,5,AGCTTGTGGGTCCGCGCGCT,0,1877237
hyuA_predicted,0.16666666666666666,5,5,AGCTTGTACAGCTCACATGC,0,1853393
hyuA_predicted,0.16666666666666666,5,5,AGCTTCCAATAGGTTCTATA,0,1853281
hyuA_predicted,0.16666666666666666,5,5,AGCTGTAGGGAGTTGTCACC,0,1869337
hyuA_predicted,0.16666666666666666,5,5,AGCTGCTTAGTGATATAGGT,0,1862069
hyuA_predicted,0.16666666666666666,5,5,AGCTCACATGCGCAATCGAG,0,1847950
hyuA_predicted,0.16666666666666666,5,5,AGCTAGGGCGAAACGCGTAA,0,1846799
hyuA_predicted,0.16666666666666666,5,5,AGCTAACACTGACACACCTC,0,1874354
hyuA_predicted,0.16666666666666666,5,5,AGCGTCACGCGGGTTTTCCA,0,1863331
hyuA_predicted,0.16666666666666666,5,5,AGCGCTTTTTCGAGTTGGCT,0,1843807
hyuA_predicted,0.16666666666666666,5,5,AGCCTGGACGGGTACGAGGA,0,1836846
hyuA_predicted,0.16666666666666666,5,5,AGCCTAAAGGTGTGCCGTGC,0,1853132
hyuA_predicted,0.16666666666666666,5,5,AGCCGTTATGGGAATATTAA,0,1873392
hyuA_predicted,0.16666666666666666,5,5,AGCCGCTCCTTCCCATACCT,0,1848933
hyuA_predicted,0.16666666666666666,5,5,AGCCCTATTTTTCAGAGTCT,0,1868966
hyuA_predicted,0.16666666666666666,5,5,AGCCCTACATGAGGATCAAA,0,1853344
hyuA_predicted,0.16666666666666666,5,5,AGCATCCGTCAGCGGCGTCT,0,1842419
hyuA_predicted,0.16666666666666666,5,5,AGCATAGTGGGCGCGAGGTA,0,1830231
hyuA_predicted,0.16666666666666666,5,5,AGCATAAAGAATGGCAGGGT,0,1862370
hyuA_predicted,0.16666666666666666,5,5,AGATTAATGCCGGGGCATTA,0,1871461
hyuA_predicted,0.16666666666666666,5,5,AGATTAAATTCAAGTCTACA,0,1860953
hyuA_predicted,0.16666666666666666,5,5,AGATGTGGTCTCGTAGATGG,0,1862121
hyuA_predicted,0.16666666666666666,5,5,AGATATAGAGTGTCCTGTAA,0,1841945
hyuA_predicted,0.16666666666666666,5,5,AGAGGCCTGCGACGTCGTTA,0,1872146
hyuA_predicted,0.16666666666666666,5,5,AGAGAGGTCGTACGTATTAG,0,1848548
hyuA_predicted,0.16666666666666666,5,5,AGAGAAGTTGCGGAGGTTAG,0,1870041
hyuA_predicted,0.16666666666666666,5,5,AGACGAAACGGAGTTCAGAA,0,1853131
hyuA_predicted,0.16666666666666666,5,5,AGACCAAGTTAGATGCATTT,0,1877474
hyuA_predicted,0.16666666666666666,5,5,AGACATAAGACAGGTTCAGG,0,1841729
hyuA_predicted,0.16666666666666666,5,5,AGACAATGTAGAAGGTCACT,0,1839732
hyuA_predicted,0.16666666666666666,5,5,AGAATCATGAGGGATTCTCT,0,1875570
hyuA_predicted,0.16666666666666666,5,5,AGAATAGGAATGGTGGACAT,0,1856137
hyuA_predicted,0.16666666666666666,5,5,AGAACGGGTCGGACGTTCTG,0,1860753
hyuA_predicted,0.16666666666666666,5,5,AGAAATGACTCCCTGTTTTT,0,1848255
hyuA_predicted,0.16666666666666666,5,5,AGAAAGGCACACGTGTGCAT,0,1864961
hyuA_predicted,0.16666666666666666,5,5,AGAAAACGAGTGGCCATGTC,0,1856241
hyuA_predicted,0.16666666666666666,5,5,ACTTTGACCATAAGGTTCAT,0,1843522
hyuA_predicted,0.16666666666666666,5,5,ACTTCGGCTGCGCCAGGACG,0,1860460
hyuA_predicted,0.16666666666666666,5,5,ACTGGGTCCCATGAATACTC,0,1843393
hyuA_predicted,0.16666666666666666,5,5,ACTCCGAAATTGCGACCGAG,0,1836996
hyuA_predicted,0.16666666666666666,5,5,ACTCACGAGGTAGAGCTCCA,0,1865172
hyuA_predicted,0.16666666666666666,5,5,ACTATGGAGCAGGCTGGACC,0,1868960
hyuA_predicted,0.16666666666666666,5,5,ACTAATAAGATAAGCCCGTT,0,1837311
hyuA_predicted,0.16666666666666666,5,5,ACGTTTAACCCATTAGGTAT,0,1831384
hyuA_predicted,0.16666666666666666,5,5,ACGTGCGACTGCATGGTTAA,0,1840895
hyuA_predicted,0.16666666666666666,5,5,ACGTATCTATCCCTGCATTA,0,1862349
hyuA_predicted,0.16666666666666666,5,5,ACGTAGAGGTGACTTACACC,0,1859869
hyuA_predicted,0.16666666666666666,5,5,ACGTACTTTGATACTAACGG,0,1830615
hyuA_predicted,0.16666666666666666,5,5,ACGCCATTATCTTTTTTTGT,0,1834826
hyuA_predicted,0.16666666666666666,5,5,ACGCATAGGAAGTACGTGAA,0,1864768
hyuA_predicted,0.16666666666666666,5,5,ACGCAGAGAGGCAATTATCA,0,1833936
hyuA_predicted,0.16666666666666666,5,5,ACGCACTTACATGAAGCGTC,0,1835420
hyuA_predicted,0.16666666666666666,5,5,ACGACGGTCCTGTCACTCAT,0,1876529
hyuA_predicted,0.16666666666666666,5,5,ACGACAGTCCGTCAAGGATC,0,1830014
hyuA_predicted,0.16666666666666666,5,5,ACGAAGCCAGATACGGAGAA,0,1862762
hyuA_predicted,0.16666666666666666,5,5,ACCTGTACACCCCTAAAGTA,0,1877029
hyuA_predicted,0.16666666666666666,5,5,ACCTATGACCGGCGTCGTGG,0,1855072
hyuA_predicted,0.16666666666666666,5,5,ACCTATAGTAATTTCCCCTG,0,1849409
hyuA_predicted,0.16666666666666666,5,5,ACCGTACGATTTTCATTTAC,0,1838864
hyuA_predicted,0.16666666666666666,5,5,ACCGGTGCGCGGTTCAATGT,0,1839738
hyuA_predicted,0.16666666666666666,5,5,ACCGATAGGAAGTAGCGCTG,0,1842544
hyuA_predicted,0.16666666666666666,5,5,ACCGACTCGTATAAAGGACT,0,1862019
hyuA_predicted,0.16666666666666666,5,5,ACCGACATCAAACGCGTCGC,0,1858981
hyuA_predicted,0.16666666666666666,5,5,ACCCGTTCAGCTCAAGGGCA,0,1855391
hyuA_predicted,0.16666666666666666,5,5,ACCCAGCCCGGATTCCGGAT,0,1865898
hyuA_predicted,0.16666666666666666,5,5,ACCCAGAACGCATGTATACG,0,1844509
hyuA_predicted,0.16666666666666666,5,5,ACCCAAGAAACTTGTCGAAC,0,1834237
hyuA_predicted,0.16666666666666666,5,5,ACCATTGTCGTTAACGATCT,0,1870661
hyuA_predicted,0.16666666666666666,5,5,ACCATAGTATTCCGTGACCC,0,1851390
hyuA_predicted,0.16666666666666666,5,5,ACATGTTCGGTACGAGGTTA,0,1850892
hyuA_predicted,0.16666666666666666,5,5,ACATGCGCTCATGGTTTTGC,0,1860664
hyuA_predicted,0.16666666666666666,5,5,ACATGCGCGCCGTCTGGTGA,0,1833799
hyuA_predicted,0.16666666666666666,5,5,ACATCAGGAAAGGGTTTCAG,0,1850881
hyuA_predicted,0.16666666666666666,5,5,ACATACTTATGACAAATTAA,0,1873583
hyuA_predicted,0.16666666666666666,5,5,ACAGTTTGGTCATGCAAGGT,0,1867458
hyuA_predicted,0.16666666666666666,5,5,ACAGTGGACTAATCGCGAAG,0,1858461
hyuA_predicted,0.16666666666666666,5,5,ACACTACCGCGTAATACGAT,0,1871687
hyuA_predicted,0.16666666666666666,5,5,ACACTAAATCTATCATCCAC,0,1846979
hyuA_predicted,0.16666666666666666,5,5,ACACGGATTAATCTCTTAAC,0,1876145
hyuA_predicted,0.16666666666666666,5,5,ACAATAAGTGTGAAATTGTA,0,1853887
hyuA_predicted,0.16666666666666666,5,5,ACAAGGCATAAACCCCAGAC,0,1844068
hyuA_predicted,0.16666666666666666,5,5,ACAAATTCCGCAGCTAAGTT,0,1837685
hyuA_predicted,0.16666666666666666,5,5,AATTCCCCGAATGCGTTTAG,0,1844571
hyuA_predicted,0.16666666666666666,5,5,AATTCAAATGCCTAGTAGAG,0,1875180
hyuA_predicted,0.16666666666666666,5,5,AATTACTTATTTCCCCAGAG,0,1829391
hyuA_predicted,0.16666666666666666,5,5,AATGGGCTGTATTGGGGCTC,0,1848533
hyuA_predicted,0.16666666666666666,5,5,AATGCACTGAGCCAGGTTTA,0,1844409
hyuA_predicted,0.16666666666666666,5,5,AATCGGACCAACTAATTGCT,0,1833889
hyuA_predicted,0.16666666666666666,5,5,AATATATGCCAATCAAGCTC,0,1851497
hyuA_predicted,0.16666666666666666,5,5,AAGTTAAAGTCCCACCCGCG,0,1855877
hyuA_predicted,0.16666666666666666,5,5,AAGTCTGTAGACCTGGGCAT,0,1855372
hyuA_predicted,0.16666666666666666,5,5,AAGGTTCCATTCCTCGTCAA,0,1861604
hyuA_predicted,0.16666666666666666,5,5,AAGGGATTTTATGCACGTGA,0,1874243
hyuA_predicted,0.16666666666666666,5,5,AAGGCTATGACGGGATAGGC,0,1872398
hyuA_predicted,0.16666666666666666,5,5,AAGCGCGCACATAATTCATA,0,1869322
hyuA_predicted,0.16666666666666666,5,5,AAGCACCTGATGACAGTCGG,0,1863525
hyuA_predicted,0.16666666666666666,5,5,AAGATTATTCCAAAGTGCCA,0,1874952
hyuA_predicted,0.16666666666666666,5,5,AAGATGCCTTAAGGGGGCCT,0,1868372
hyuA_predicted,0.16666666666666666,5,5,AAGACAACTGATTCTAGCCC,0,1852476
hyuA_predicted,0.16666666666666666,5,5,AACTAGGACTATCATTCCCT,0,1849598
hyuA_predicted,0.16666666666666666,5,5,AACTAAGCGCGGGGAATTTC,0,1859450
hyuA_predicted,0.16666666666666666,5,5,AACGTGACAGAGCCCTCTGA,0,1876205
hyuA_predicted,0.16666666666666666,5,5,AACGCTTTAATTTAATCAGG,0,1866758
hyuA_predicted,0.16666666666666666,5,5,AACGCCACGCAATTAAATTG,0,1870040
hyuA_predicted,0.16666666666666666,5,5,AACCTCTTTGGAAACGGGCG,0,1874519
hyuA_predicted,0.16666666666666666,5,5,AACCAATTTCAGAAATGCCG,0,1835270
hyuA_predicted,0.16666666666666666,5,5,AACATTCGCTAGCCGAATTG,0,1836456
hyuA_predicted,0.16666666666666666,5,5,AACATATGACCAAACAGCAG,0,1837602
hyuA_predicted,0.16666666666666666,5,5,AACAGAGTTCGCCGTCCTTG,0,1860925
hyuA_predicted,0.16666666666666666,5,5,AACACAAACGTAAGAGCAAA,0,1864773
hyuA_predicted,0.16666666666666666,5,5,AACAATATTGTGGGCCTTTA,0,1867886
hyuA_predicted,0.16666666666666666,5,5,AAATGTTTTGCCTTAGATTT,0,1863162
hyuA_predicted,0.16666666666666666,5,5,AAATGTGCTCTTCGTTCAAA,0,1834807
hyuA_predicted,0.16666666666666666,5,5,AAATGTACAGGCAACAAATT,0,1843477
hyuA_predicted,0.16666666666666666,5,5,AAATCTTTCGAGTTGCAAGT,0,1857931
hyuA_predicted,0.16666666666666666,5,5,AAATCCACAGTTCTCAGTCT,0,1867404
hyuA_predicted,0.16666666666666666,5,5,AAAGCAATATTCGATGAACG,0,1873656
hyuA_predicted,0.16666666666666666,5,5,AAACTGGACCCTAGCTGGAC,0,1855601
hyuA_predicted,0.16666666666666666,5,5,AAACGCGAGCTACAAAAGTT,0,1871056
hyuA_predicted,0.16666666666666666,5,5,AAACCGCGTTTCATAAGACA,0,1865395
hyuA_predicted,0.16666666666666666,5,5,AAACAAGTAAGTGGGTCCAG,0,1852487
hyuA_predicted,0.16666666666666666,5,5,AAAATATGCATGGGCAGAGC,0,1847839
hyuA_predicted,0.16666666666666666,5,5,AAAACGGTGGCCGGTCATGT,0,1855647
hyuA_predicted,0.16666666666666666,5,5,AAAACGCCTAGATTAGGGCA,0,1837670
hyuA_predicted,0.2,4,4,TTTTGGATAGTCATGGGACT,0,1850082
hyuA_predicted,0.2,4,4,TTTGTAATATCGATCATCTT,0,1845685
hyuA_predicted,0.2,4,4,TTTGGAAATATTAATCCCCG,0,1830946
hyuA_predicted,0.2,4,4,TTTGCACCATCTGGCCGTTC,0,1831509
hyuA_predicted,0.2,4,4,TTTGATCGGAAATTTGGATT,0,1867063
hyuA_predicted,0.2,4,4,TTTCTCAGTTTGAGCCTTTG,0,1830421
hyuA_predicted,0.2,4,4,TTTCGTTACCGGGAAACGCA,0,1848735
hyuA_predicted,0.2,4,4,TTTAGGATGCTTTTGTTAAC,0,1870871
hyuA_predicted,0.2,4,4,TTTACCAGCTACAGCTCATT,0,1850728
hyuA_predicted,0.2,4,4,TTTAACCAGCGTTTATGCAG,0,1836106
hyuA_predicted,0.2,4,4,TTTAAACGCCACGATACAGG,0,1861938
hyuA_predicted,0.2,4,4,TTGTCAGTAGAATGCAAAGA,0,1834482
hyuA_predicted,0.2,4,4,TTGTCACCGCTCTGTTGCCT,0,1852870
hyuA_predicted,0.2,4,4,TTGGTATCTTAATTGTTCAC,0,1864990
hyuA_predicted,0.2,4,4,TTGGTACAGGACCAATCCCC,0,1854836
hyuA_predicted,0.2,4,4,TTGGGGCAGAGCGGGGTGTG,0,1830614
hyuA_predicted,0.2,4,4,TTGGCGACCGTAGTTCTTAA,0,1858429
hyuA_predicted,0.2,4,4,TTGGATAATACCCCGGTTCA,0,1869444
hyuA_predicted,0.2,4,4,TTGGAGGGTCGCAGATTGGT,0,1860309
hyuA_predicted,0.2,4,4,TTGGAAGCCCCAGCGGTATC,0,1848001
hyuA_predicted,0.2,4,4,TTGCTGTTAATCTCGTTATC,0,1840673
hyuA_predicted,0.2,4,4,TTGCCCGTCGCAATTCCTAG,0,1837388
hyuA_predicted,0.2,4,4,TTGCCAGAGAGTGAAGGAGC,0,1864627
hyuA_predicted,0.2,4,4,TTGCAGACCCGATTTTTTGG,0,1875740
hyuA_predicted,0.2,4,4,TTGATAAGGGGAACGCATGA,0,1835680
hyuA_predicted,0.2,4,4,TTGACGTAGGGCCAAACAAA,0,1856031
hyuA_predicted,0.2,4,4,TTGAAGAGTCATAACGAGGT,0,1859105
hyuA_predicted,0.2,4,4,TTGAACGGCTCCAGTCCTAA,0,1830512
hyuA_predicted,0.2,4,4,TTCTTTGGAGAAGAAGATAG,0,1873158
hyuA_predicted,0.2,4,4,TTCTTTACAAGTTTTGTAAA,0,1857159
hyuA_predicted,0.2,4,4,TTCTTAGTCAACACGGGCTA,0,1833862
hyuA_predicted,0.2,4,4,TTCTAGTGTAGTGATGTCTC,0,1848988
hyuA_predicted,0.2,4,4,TTCGTCAGTACATCTAGGTT,0,1839619
hyuA_predicted,0.2,4,4,TTCGGCGGCCGGATACGAGC,0,1834589
hyuA_predicted,0.2,4,4,TTCGGCATCGATTCAAAAAG,0,1843399
hyuA_predicted,0.2,4,4,TTCCGATACCTCGGAATGGT,0,1829731
hyuA_predicted,0.2,4,4,TTCATTCGACATATCCCTTA,0,1845440
hyuA_predicted,0.2,4,4,TTCAGGTAGGAGATCACGTA,0,1875431
hyuA_predicted,0.2,4,4,TTCAGAATTCGCTACGGTGT,0,1855397
hyuA_predicted,0.2,4,4,TTCACCATATGCGAGCACTA,0,1861098
hyuA_predicted,0.2,4,4,TTCAAACGCTTAGAGCGCGA,0,1840948
hyuA_predicted,0.2,4,4,TTATGCATTAATACGATCAT,0,1835685
hyuA_predicted,0.2,4,4,TTATGATGGTTCGGTACCTG,0,1836240
hyuA_predicted,0.2,4,4,TTATATCTGGGATATGGCCC,0,1853788
hyuA_predicted,0.2,4,4,TTATACTTCGTGCCGAGCCA,0,1873820
hyuA_predicted,0.2,4,4,TTATACTATTGAAAAAACAG,0,1834225
hyuA_predicted,0.2,4,4,TTAGTGCAAGACGGGTAGGG,0,1845964
hyuA_predicted,0.2,4,4,TTAGTCACAGCAGGTAAATG,0,1837312
hyuA_predicted,0.2,4,4,TTAGGGCATTGTACGTGCAA,0,1869957
hyuA_predicted,0.2,4,4,TTACTCAAGCTCCGAAATCA,0,1848625
hyuA_predicted,0.2,4,4,TTACGTATGCCACCAACCCT,0,1847402
hyuA_predicted,0.2,4,4,TTACGGGCAGTAGAGTCAGT,0,1877552
hyuA_predicted,0.2,4,4,TTACGACTTGGTCACAGAGG,0,1875827
hyuA_predicted,0.2,4,4,TTAACTTACGATAAGCTCCC,0,1844926
hyuA_predicted,0.2,4,4,TGTTTAATTGTTTTTAGGGA,0,1852100
hyuA_predicted,0.2,4,4,TGTTTAAGCCGCTTTTTTTC,0,1865169
hyuA_predicted,0.2,4,4,TGTGTACACCTAGGTCCGTT,0,1857193
hyuA_predicted,0.2,4,4,TGTGGTGAGGTTGGTAAGGG,0,1839111
hyuA_predicted,0.2,4,4,TGTGACACAGGGGTTCTGGA,0,1872767
hyuA_predicted,0.2,4,4,TGTAGCTTCGGGCGACCAAC,0,1849244
hyuA_predicted,0.2,4,4,TGTACTTGGGCCACCATGGC,0,1843610
hyuA_predicted,0.2,4,4,TGTACCGATCGAGTTGCATT,0,1865152
hyuA_predicted,0.2,4,4,TGGTTGTCACGCCTTAAAAG,0,1834469
hyuA_predicted,0.2,4,4,TGGTTAGTTGGTTAGCTCTT,0,1874114
hyuA_predicted,0.2,4,4,TGGTGGGGCCTCTCAAGGTT,0,1869449
hyuA_predicted,0.2,4,4,TGGTCTGAAGGGTGCTTTCT,0,1875359
hyuA_predicted,0.2,4,4,TGGTCCCCGCCGTGCACAGT,0,1833397
hyuA_predicted,0.2,4,4,TGGTAATATCGCAAACTTAT,0,1852753
hyuA_predicted,0.2,4,4,TGGGAAGGGCACCTGGCACG,0,1872891
hyuA_predicted,0.2,4,4,TGGCGCCCGATAACTACGCT,0,1838191
hyuA_predicted,0.2,4,4,TGGCCCGTGGTCTTACGCCA,0,1856217
hyuA_predicted,0.2,4,4,TGGCATATGGAAGGACAATA,0,1857781
hyuA_predicted,0.2,4,4,TGGCAACTACTCGAAGCAAT,0,1829505
hyuA_predicted,0.2,4,4,TGGCAAATCTGCTAGTGGGG,0,1864540
hyuA_predicted,0.2,4,4,TGGAGTAGAAAGTCAAGAGA,0,1852913
hyuA_predicted,0.2,4,4,TGGAGTACCCCCGAACACTA,0,1873835
hyuA_predicted,0.2,4,4,TGGAGAATTCGCTCGCAAGC,0,1839618
hyuA_predicted,0.2,4,4,TGCTTTGTAGATATTGAAAA,0,1850600
hyuA_predicted,0.2,4,4,TGCGGCCCCTGCTATGTTTG,0,1855503
hyuA_predicted,0.2,4,4,TGCGATAGTGCCGGCCATTC,0,1874895
hyuA_predicted,0.2,4,4,TGCCTGCTGGATGGTTGTGT,0,1870371
hyuA_predicted,0.2,4,4,TGCCGCACGGGTGCCCGTTT,0,1874333
hyuA_predicted,0.2,4,4,TGCCATTCTTGGCTCCCTAT,0,1877487
hyuA_predicted,0.2,4,4,TGCCACTATGCCAGAAGCAC,0,1864448
hyuA_predicted,0.2,4,4,TGCCACGGAGCCAGGCGGCA,0,1843160
hyuA_predicted,0.2,4,4,TGCATGCCAGCTGTAAGAGG,0,1861301
hyuA_predicted,0.2,4,4,TGCAAAATGGGAGTTGCTTT,0,1869839
hyuA_predicted,0.2,4,4,TGATTGGCTAGAATACTGGC,0,1837800
hyuA_predicted,0.2,4,4,TGATCTCTTCTTAAGCGCCA,0,1845711
hyuA_predicted,0.2,4,4,TGATAGCCCAAGGTAGGGCA,0,1832431
hyuA_predicted,0.2,4,4,TGATAACATGACGAAGTTGA,0,1861691
hyuA_predicted,0.2,4,4,TGAGTACGGGGCATATGTCA,0,1852131
hyuA_predicted,0.2,4,4,TGAGGCGTCAAGCTTTGATA,0,1842289
hyuA_predicted,0.2,4,4,TGAGATTATTATCGTTCGGC,0,1843207
hyuA_predicted,0.2,4,4,TGAATTGGACGAGGTGTATA,0,1872372
hyuA_predicted,0.2,4,4,TGAACGGTACGGTGAGTAAT,0,1864601
hyuA_predicted,0.2,4,4,TCTTGATTCGACGAAGGAAT,0,1855336
hyuA_predicted,0.2,4,4,TCTTAAACGGGGGGGACCGG,0,1855144
hyuA_predicted,0.2,4,4,TCTGAAGGTCGTTGTATCGA,0,1853644
hyuA_predicted,0.2,4,4,TCTCTGCCACACCAATACTC,0,1856158
hyuA_predicted,0.2,4,4,TCTCTACGTCAAGCACGAAT,0,1876378
hyuA_predicted,0.2,4,4,TCTCGGGGTTAGACAGGAAT,0,1860592
hyuA_predicted,0.2,4,4,TCTCATATTGGTGCTCCCCG,0,1845030
hyuA_predicted,0.2,4,4,TCTAGTCTCTCAGGTTGTGA,0,1861469
hyuA_predicted,0.2,4,4,TCTAGTCGTTTTCAACGGGA,0,1844777
hyuA_predicted,0.2,4,4,TCTAGCAGGATCCTTTCCCA,0,1863318
hyuA_predicted,0.2,4,4,TCTACTGTATCGTTTCTCTT,0,1848736
hyuA_predicted,0.2,4,4,TCTACCGCGCACGCGCTTCT,0,1853618
hyuA_predicted,0.2,4,4,TCTACACCTAGCAATTCAGA,0,1858850
hyuA_predicted,0.2,4,4,TCTAAGTCAGCGTTAAAATA,0,1859675
hyuA_predicted,0.2,4,4,TCGTCGGGAGGGACTCGAAT,0,1851496
hyuA_predicted,0.2,4,4,TCGTCCGAGAACACACGGTA,0,1847286
hyuA_predicted,0.2,4,4,TCGTACGACATATTTTATTA,0,1848335
hyuA_predicted,0.2,4,4,TCGGTAGGGATTTTGCACGG,0,1847151
hyuA_predicted,0.2,4,4,TCGGGTGGCATCGTCCATCT,0,1846484
hyuA_predicted,0.2,4,4,TCGGGTCCGGGCTCTTAGGA,0,1873192
hyuA_predicted,0.2,4,4,TCGGCTAGGCACGAACGTCA,0,1869724
hyuA_predicted,0.2,4,4,TCGCTGTGTGTGGGCTAGGG,0,1871405
hyuA_predicted,0.2,4,4,TCGCCTTCGGAGCTTTGCGG,0,1841191
hyuA_predicted,0.2,4,4,TCGCCCCGAGGTCGGGTGGA,0,1871120
hyuA_predicted,0.2,4,4,TCGCATACATCACCACCTAG,0,1829240
hyuA_predicted,0.2,4,4,TCGCAGACTAGGGTGGTGTT,0,1836281
hyuA_predicted,0.2,4,4,TCGAGTGCAAGGGGGCTTGG,0,1834156
hyuA_predicted,0.2,4,4,TCGAGCGATCCGCCTGCAGA,0,1870783
hyuA_predicted,0.2,4,4,TCGAGCACCAAGGGCTCCGG,0,1842671
hyuA_predicted,0.2,4,4,TCGACAACCTTGTATTTGCA,0,1870524
hyuA_predicted,0.2,4,4,TCGAATACAGGGGGCTTTCT,0,1850120
hyuA_predicted,0.2,4,4,TCGAAGCTCTTCAACTATTT,0,1858263
hyuA_predicted,0.2,4,4,TCGAACTACGTACATATTGC,0,1874238
hyuA_predicted,0.2,4,4,TCCTGGTCTTGCAAACGCTA,0,1875091
hyuA_predicted,0.2,4,4,TCCTCTTTGTCCTAGTGTGG,0,1867310
hyuA_predicted,0.2,4,4,TCCTCTTAGACTAAAGTTGT,0,1829006
hyuA_predicted,0.2,4,4,TCCGTGGACCAAGAGCTGTC,0,1835686
hyuA_predicted,0.2,4,4,TCCGTATATTATTGCACAGG,0,1866181
hyuA_predicted,0.2,4,4,TCCGGTCCCCAATTATGATT,0,1844790
hyuA_predicted,0.2,4,4,TCCGAGGATAAACTCTCGAG,0,1870553
hyuA_predicted,0.2,4,4,TCCCTTATTCCACGCGCTAG,0,1847949
hyuA_predicted,0.2,4,4,TCCCTGTGATACTCTCAAAA,0,1861605
hyuA_predicted,0.2,4,4,TCCCTCATAGATTTGCCATT,0,1856494
hyuA_predicted,0.2,4,4,TCCCTATCCCTATGCATAGA,0,1854390
hyuA_predicted,0.2,4,4,TCCCGAGTGATGAACCCGCC,0,1877457
hyuA_predicted,0.2,4,4,TCCCCGGAAAACGTGCGGCG,0,1845277
hyuA_predicted,0.2,4,4,TCCATGTCTTCATCATAGCA,0,1860005
hyuA_predicted,0.2,4,4,TCATGGTACGAACAGGTGGA,0,1851063
hyuA_predicted,0.2,4,4,TCATGGGACTTCAAGCTGGC,0,1836098
hyuA_predicted,0.2,4,4,TCATGATGACATGTTTCACC,0,1847029
hyuA_predicted,0.2,4,4,TCATCCCTTGTCCGGCAACT,0,1866575
hyuA_predicted,0.2,4,4,TCAGTCTGGTTACCTGGGGA,0,1853987
hyuA_predicted,0.2,4,4,TCAGGTGAGTGACGTAAGTG,0,1844911
hyuA_predicted,0.2,4,4,TCAGCTGCCCACATTGTTAG,0,1837115
hyuA_predicted,0.2,4,4,TCACTGGTTGAGGATAAGGT,0,1877454
hyuA_predicted,0.2,4,4,TCACTCTTATCAGGGGGTTC,0,1840752
hyuA_predicted,0.2,4,4,TCACGGGTTTTAAGGAAGTG,0,1864949
hyuA_predicted,0.2,4,4,TCACGCCACCCCATACTTAC,0,1876177
hyuA_predicted,0.2,4,4,TCACGACCATGCAGTATACT,0,1845421
hyuA_predicted,0.2,4,4,TCACCTCTAACGGACTGTGG,0,1849927
hyuA_predicted,0.2,4,4,TCACCAGTTTGACGATGACA,0,1864972
hyuA_predicted,0.2,4,4,TCACCACACCAGACCGGCTC,0,1872611
hyuA_predicted,0.2,4,4,TCACATGTCTGACCCACGTT,0,1830173
hyuA_predicted,0.2,4,4,TCACAGACGGATCGATAGTA,0,1835799
hyuA_predicted,0.2,4,4,TCAACATTCATCCGGAAATT,0,1874747
hyuA_predicted,0.2,4,4,TCAAAGCTAACTAGGGAGCC,0,1843149
hyuA_predicted,0.2,4,4,TATGTGCGTTAACTGTCGAA,0,1835592
hyuA_predicted,0.2,4,4,TATGTCAAGGCGCCAACGTC,0,1876835
hyuA_predicted,0.2,4,4,TATGCTCTCCAGCGCGAGAT,0,1848931
hyuA_predicted,0.2,4,4,TATGCCACAGTCCCGAGGGG,0,1869529
hyuA_predicted,0.2,4,4,TATGACCGTGGCATGCCAGA,0,1834471
hyuA_predicted,0.2,4,4,TATATGCCCTTCATAGAGCA,0,1829658
hyuA_predicted,0.2,4,4,TATATCGCTGGGTGGTACCC,0,1852123
hyuA_predicted,0.2,4,4,TATACTTGTTGTCCAGGAAC,0,1877186
hyuA_predicted,0.2,4,4,TATACGCAAGCCATGAACGC,0,1848648
hyuA_predicted,0.2,4,4,TATAAAAACTGTTGCCAGGC,0,1857650
hyuA_predicted,0.2,4,4,TAGGTATCCTCGGATTCAGC,0,1852055
hyuA_predicted,0.2,4,4,TAGGGTCGTCCCCAAGATAC,0,1862877
hyuA_predicted,0.2,4,4,TAGGAATTGGAATGTCCCGT,0,1860035
hyuA_predicted,0.2,4,4,TAGCCTTTCGTCAATGAAGC,0,1856879
hyuA_predicted,0.2,4,4,TAGATTAAAGCGAGCAGGCT,0,1841437
hyuA_predicted,0.2,4,4,TACTACGTCTTGCTGTATGG,0,1841340
hyuA_predicted,0.2,4,4,TACTAATACTTCACGTGTCT,0,1856924
hyuA_predicted,0.2,4,4,TACGGGGCGAGCTTGGTCTC,0,1867239
hyuA_predicted,0.2,4,4,TACGCGGGTGAATTCTAGAG,0,1845758
hyuA_predicted,0.2,4,4,TACGCGCCTGGTCCTAGGGA,0,1874684
hyuA_predicted,0.2,4,4,TACGCATTACGAGTTGACCG,0,1858808
hyuA_predicted,0.2,4,4,TACGCAGCCTGAACATGGAC,0,1833712
hyuA_predicted,0.2,4,4,TACGACTTGCGACCCAAAAA,0,1831776
hyuA_predicted,0.2,4,4,TACCGTAGCCGAGGTGGTTC,0,1842434
hyuA_predicted,0.2,4,4,TACCGGATGAGTTGCGTATT,0,1854863
hyuA_predicted,0.2,4,4,TACATGAAAGGAGTCTCGGA,0,1861576
hyuA_predicted,0.2,4,4,TACAGAGCCCCAAGCGTTAC,0,1841597
hyuA_predicted,0.2,4,4,TACACTTCGTATCAAAGCGT,0,1869777
hyuA_predicted,0.2,4,4,TACACTAAACCCGAATTGAG,0,1854070
hyuA_predicted,0.2,4,4,TAATTTTCAAGCCGAAAGTT,0,1876928
hyuA_predicted,0.2,4,4,TAATTCAAAAGTTCCTATGT,0,1831444
hyuA_predicted,0.2,4,4,TAATGTGAAACAGTGTGGCT,0,1869222
hyuA_predicted,0.2,4,4,TAATGACGGAACAGCCCACC,0,1868367
hyuA_predicted,0.2,4,4,TAATGACCCTTAGGAGCCGT,0,1835610
hyuA_predicted,0.2,4,4,TAATCGCCGCAGGTCTAGAC,0,1867573
hyuA_predicted,0.2,4,4,TAAGATCTCGGGCTACGGTT,0,1877230
hyuA_predicted,0.2,4,4,TAACTTTCCAGCCCAATTGA,0,1854417
hyuA_predicted,0.2,4,4,TAACTACGTAGCTAATCGGA,0,1856681
hyuA_predicted,0.2,4,4,TAAACGGAGGTAACACCGAA,0,1871372
hyuA_predicted,0.2,4,4,TAAAAGGACCCGGCACTGGC,0,1846466
hyuA_predicted,0.2,4,4,GTTTCTGGAGTAACCACAGA,0,1846065
hyuA_predicted,0.2,4,4,GTTTAGGGGTCCGTGTTGTA,0,1846675
hyuA_predicted,0.2,4,4,GTTTAAGGCGACATAGGGTA,0,1848954
hyuA_predicted,0.2,4,4,GTTGGTGTGCCCACGGAGGG,0,1841612
hyuA_predicted,0.2,4,4,GTTGGCGCAGTCGAACCATA,0,1850443
hyuA_predicted,0.2,4,4,GTTGGCCGAATGTACTCATT,0,1870624
hyuA_predicted,0.2,4,4,GTTGAAATCGGATTCTAGAT,0,1863741
hyuA_predicted,0.2,4,4,GTTCTGTGTAATCTACATGG,0,1836692
hyuA_predicted,0.2,4,4,GTTCGGTCGTATACACACAA,0,1844407
hyuA_predicted,0.2,4,4,GTTCGGTCAAGAAATTAGTT,0,1852754
hyuA_predicted,0.2,4,4,GTTCAGGGCAGGGCCTAATC,0,1837255
hyuA_predicted,0.2,4,4,GTTATCCTTCCCCCTGAGTT,0,1839844
hyuA_predicted,0.2,4,4,GTTAGGTAAGTACTACTGTC,0,1858557
hyuA_predicted,0.2,4,4,GTTACGGTCCCAAAGGGTTT,0,1857399
hyuA_predicted,0.2,4,4,GTGTTCAAAGACCGAATAGC,0,1849760
hyuA_predicted,0.2,4,4,GTGTAGACATGCATCCCGTT,0,1855074
hyuA_predicted,0.2,4,4,GTGGTCGTGTTTAGAAGGAG,0,1851583
hyuA_predicted,0.2,4,4,GTGGGCCGTCTAACGCTTCA,0,1835358
hyuA_predicted,0.2,4,4,GTGGCTGAGATAGTAGGTTA,0,1870389
hyuA_predicted,0.2,4,4,GTGGCGAGTGGGGACTGGGT,0,1871664
hyuA_predicted,0.2,4,4,GTGGACCTCTATAGGACGGT,0,1875157
hyuA_predicted,0.2,4,4,GTGGAAGGGGGCTGCAGGTA,0,1857842
hyuA_predicted,0.2,4,4,GTGCTGTTAGATGGCTACGG,0,1850046
hyuA_predicted,0.2,4,4,GTGCTGGGGCGCCAACGTAC,0,1871526
hyuA_predicted,0.2,4,4,GTGCTATGTCTAATGGCGGC,0,1844083
hyuA_predicted,0.2,4,4,GTGCCTTCGAAGCATCGCTG,0,1849070
hyuA_predicted,0.2,4,4,GTGCAATGTTGGCACGCAAT,0,1836008
hyuA_predicted,0.2,4,4,GTGCAAGTAAGCCCAAGAGG,0,1850092
hyuA_predicted,0.2,4,4,GTGAGCCGAATGTGCGAGCT,0,1829115
hyuA_predicted,0.2,4,4,GTGAGACTCCGCCGTGGCCA,0,1829839
hyuA_predicted,0.2,4,4,GTGACTAGATCTATATCTAT,0,1865593
hyuA_predicted,0.2,4,4,GTCTTGACCTCTAATTCTTT,0,1849060
hyuA_predicted,0.2,4,4,GTCTTCGAGATTGTCGAGCC,0,1830594
hyuA_predicted,0.2,4,4,GTCTTCACTGTGGTATTAAC,0,1868905
hyuA_predicted,0.2,4,4,GTCTTATGTAGGTGACCTCG,0,1875352
hyuA_predicted,0.2,4,4,GTCTGCGCTAGCTTATAGCG,0,1857639
hyuA_predicted,0.2,4,4,GTCTCGAGAGGCGGTTAGGA,0,1856481
hyuA_predicted,0.2,4,4,GTCTCCACGTCCTTACCAGT,0,1845937
hyuA_predicted,0.2,4,4,GTCTACTGGCTCATCGGCGA,0,1837848
hyuA_predicted,0.2,4,4,GTCGGTTTCTTCCTGGGCCA,0,1860887
hyuA_predicted,0.2,4,4,GTCGAGAACACGTAGGGCCG,0,1860329
hyuA_predicted,0.2,4,4,GTCCTAAACTCAAACAAGTA,0,1863431
hyuA_predicted,0.2,4,4,GTCCGGGAAAGAGCAGCTTG,0,1857609
hyuA_predicted,0.2,4,4,GTCCGATCTAAAGTTTTTGA,0,1830934
hyuA_predicted,0.2,4,4,GTCCGAATGCTCCCAGTTAT,0,1854923
hyuA_predicted,0.2,4,4,GTCCCGTTGCGTAGTCAGAT,0,1850525
hyuA_predicted,0.2,4,4,GTCCATCGGCTCTCCTATGG,0,1853725
hyuA_predicted,0.2,4,4,GTCAGTGTTGCGATGGAAAT,0,1868936
hyuA_predicted,0.2,4,4,GTCAGTGAGCCGCCAGTGTA,0,1846450
hyuA_predicted,0.2,4,4,GTCACTGGGACTTGGTGCAA,0,1862042
hyuA_predicted,0.2,4,4,GTCACCGTCGCAGTCCTTGA,0,1832678
hyuA_predicted,0.2,4,4,GTCACCAAATCTTAAAGGGC,0,1851986
hyuA_predicted,0.2,4,4,GTCAATCGACAATACATTGT,0,1867924
hyuA_predicted,0.2,4,4,GTCAAGTGGCAAGTAACTAG,0,1865538
hyuA_predicted,0.2,4,4,GTATTCTTCTAGCGCTCGCG,0,1863608
hyuA_predicted,0.2,4,4,GTATGTGAGAGTACGAGAAG,0,1832919
hyuA_predicted,0.2,4,4,GTATGGGGTAGAGTCTCCAC,0,1833793
hyuA_predicted,0.2,4,4,GTATCAGCGCATTAGATCAC,0,1831771
hyuA_predicted,0.2,4,4,GTAGGTTAGTAGGCCTGCTA,0,1845896
hyuA_predicted,0.2,4,4,GTACTTAGGTGCAGTTGCGA,0,1845471
hyuA_predicted,0.2,4,4,GTACTGCGTACTTGACTCAT,0,1867847
hyuA_predicted,0.2,4,4,GTACTCGGTTTCCCGTACTA,0,1868500
hyuA_predicted,0.2,4,4,GTACGCAATCAATTAATCTC,0,1848362
hyuA_predicted,0.2,4,4,GTACAGGAGTCGCATCAGCT,0,1854983
hyuA_predicted,0.2,4,4,GTAAGTTCTGATTAACCTAG,0,1840020
hyuA_predicted,0.2,4,4,GTAAGTTACCGCAAAGAGTG,0,1848119
hyuA_predicted,0.2,4,4,GTAAGTCACGCGGCGCATGA,0,1837444
hyuA_predicted,0.2,4,4,GTAAACCCGAGTAGGGGGTC,0,1865501
hyuA_predicted,0.2,4,4,GGTTTCGGGTCGAGAGCTGC,0,1842924
hyuA_predicted,0.2,4,4,GGTTGGGCCGCGAAGGATAA,0,1856210
hyuA_predicted,0.2,4,4,GGTTGGCCGTTCATATTGAA,0,1856929
hyuA_predicted,0.2,4,4,GGTTGCAGTGACGGAGAATT,0,1868704
hyuA_predicted,0.2,4,4,GGTTCCCACAAGACAGTCAA,0,1851967
hyuA_predicted,0.2,4,4,GGTTATGAGGGGCAACGCTA,0,1864780
hyuA_predicted,0.2,4,4,GGTTAGTGCTCCGTAGGCAT,0,1871353
hyuA_predicted,0.2,4,4,GGTGTCATATCTACAAGGAG,0,1854090
hyuA_predicted,0.2,4,4,GGTGGGTGAGACCAAGAATC,0,1840906
hyuA_predicted,0.2,4,4,GGTGGCATTCCCTAGTGGCA,0,1852266
hyuA_predicted,0.2,4,4,GGTGATCTAAGTAGAATGTG,0,1831189
hyuA_predicted,0.2,4,4,GGTGAGTGCAGAGAAACAAT,0,1840031
hyuA_predicted,0.2,4,4,GGTGAACGCTAGAGAGGAGA,0,1870796
hyuA_predicted,0.2,4,4,GGTGAAAACCCTTAGTAGTT,0,1851486
hyuA_predicted,0.2,4,4,GGTCTTAGAGACACAGCTTA,0,1857245
hyuA_predicted,0.2,4,4,GGTCGCATTGCTGTTGAGTT,0,1857886
hyuA_predicted,0.2,4,4,GGTCCTGAGGGAGGGTGTCA,0,1863968
hyuA_predicted,0.2,4,4,GGTACTGGACCCTGATTAAA,0,1861924
hyuA_predicted,0.2,4,4,GGTACACCCACGACGATCGC,0,1835574
hyuA_predicted,0.2,4,4,GGGTCGTTTTCACTATAAGT,0,1873369
hyuA_predicted,0.2,4,4,GGGTCAATTAAGACATTTGG,0,1843940
hyuA_predicted,0.2,4,4,GGGTAGGTGTCAAAATACTA,0,1858806
hyuA_predicted,0.2,4,4,GGGTACATCGACGGCATGCC,0,1869437
hyuA_predicted,0.2,4,4,GGGGTATTTCGGTCTGACAG,0,1829955
hyuA_predicted,0.2,4,4,GGGGGTGCACATTATAGTAA,0,1829852
hyuA_predicted,0.2,4,4,GGGGGAGGCACCTGCACGGT,0,1847550
hyuA_predicted,0.2,4,4,GGGGGAGCAACTCGCAGAAA,0,1871202
hyuA_predicted,0.2,4,4,GGGGCTCGTGCGACCCACAA,0,1855930
hyuA_predicted,0.2,4,4,GGGGCTACTGGCAATCAGGC,0,1840844
hyuA_predicted,0.2,4,4,GGGGCCTATCCAGGTTTCAG,0,1866268
hyuA_predicted,0.2,4,4,GGGCTTATAAATGCCCTGCC,0,1848558
hyuA_predicted,0.2,4,4,GGGCGGTGAGTTCCGCCGTT,0,1840649
hyuA_predicted,0.2,4,4,GGGCGACCTTATGTATTGCG,0,1829018
hyuA_predicted,0.2,4,4,GGGCACTAATTACGCCAGCA,0,1854086
hyuA_predicted,0.2,4,4,GGGATTTCTCTTGTGTCGGA,0,1870437
hyuA_predicted,0.2,4,4,GGGATTAGCTGAGTCCTGTG,0,1862780
hyuA_predicted,0.2,4,4,GGGAATGGAGAATCAAAACC,0,1849092
hyuA_predicted,0.2,4,4,GGCTGCTAGACATTGTATCT,0,1834439
hyuA_predicted,0.2,4,4,GGCTGAAAGGGACCCCGGTT,0,1860484
hyuA_predicted,0.2,4,4,GGCTCGGCGGCGCTAACCGG,0,1867008
hyuA_predicted,0.2,4,4,GGCTCGCCACAATCCTGTGC,0,1845283
hyuA_predicted,0.2,4,4,GGCTATGCCTGACCCTACGT,0,1866539
hyuA_predicted,0.2,4,4,GGCGTTTCCGTATCATGCAA,0,1844390
hyuA_predicted,0.2,4,4,GGCGTCCTGACCGTCGTATG,0,1840956
hyuA_predicted,0.2,4,4,GGCGATCACTGAGGATACGC,0,1843457
hyuA_predicted,0.2,4,4,GGCGAGTTAGCTCCTTCAGT,0,1858363
hyuA_predicted,0.2,4,4,GGCCTGGTCCTTAGAGCTAG,0,1836367
hyuA_predicted,0.2,4,4,GGCCGATTGAGAGGGGCCTA,0,1852928
hyuA_predicted,0.2,4,4,GGCCCTTTGCCTCAATTCAA,0,1863200
hyuA_predicted,0.2,4,4,GGCCATGATTGCGTGTAAGG,0,1849858
hyuA_predicted,0.2,4,4,GGCCAAGTCGCAGGTTTCTG,0,1851961
hyuA_predicted,0.2,4,4,GGCAGTTTGTCGGACCCGGC,0,1859918
hyuA_predicted,0.2,4,4,GGCAGATGGTTTCGCCTTGT,0,1841957
hyuA_predicted,0.2,4,4,GGCACGACTCTGCAAATTAC,0,1848330
hyuA_predicted,0.2,4,4,GGCACCAGCAAGGCAGACTA,0,1875956
hyuA_predicted,0.2,4,4,GGCACATTTAAAGTCAAGAA,0,1830853
hyuA_predicted,0.2,4,4,GGCACAGATTACTCGATGTG,0,1860707
hyuA_predicted,0.2,4,4,GGATTTCTTTATGCCACGTG,0,1865750
hyuA_predicted,0.2,4,4,GGATGGGATCGTCACTATGT,0,1842572
hyuA_predicted,0.2,4,4,GGATCTAATGCCGCATGTCC,0,1835063
hyuA_predicted,0.2,4,4,GGATCGTCGCATTGGTATTG,0,1872050
hyuA_predicted,0.2,4,4,GGATCCTACGTGGGCCTAGG,0,1856001
hyuA_predicted,0.2,4,4,GGATATCCCGGACGTGCATC,0,1876512
hyuA_predicted,0.2,4,4,GGAGTCACTCATTAATCTGC,0,1860987
hyuA_predicted,0.2,4,4,GGAGTACTCAGAGGTGACAA,0,1839141
hyuA_predicted,0.2,4,4,GGAGGCTCCCACGGCCTAGG,0,1869907
hyuA_predicted,0.2,4,4,GGAGATCTGGCCAAGGTACT,0,1846565
hyuA_predicted,0.2,4,4,GGAGACAAGACCTGCTTTGC,0,1833515
hyuA_predicted,0.2,4,4,GGACTACTCCGCGCCGAAAT,0,1876628
hyuA_predicted,0.2,4,4,GGACGGGGAAATTTCATTGT,0,1840428
hyuA_predicted,0.2,4,4,GGACGCGGAACAGCCAGACT,0,1866845
hyuA_predicted,0.2,4,4,GGACCTGGGGAGTGACGGAC,0,1872509
hyuA_predicted,0.2,4,4,GGACCGCCTAGATAATAATG,0,1847125
hyuA_predicted,0.2,4,4,GGACCGAGCAATAGAGCCGG,0,1832537
hyuA_predicted,0.2,4,4,GGACATGTCTACCGGTTCTT,0,1845775
hyuA_predicted,0.2,4,4,GGACAGATGTGGCCGCCTTT,0,1873214
hyuA_predicted,0.2,4,4,GGAATGCCTTTGATGAGAGT,0,1847935
hyuA_predicted,0.2,4,4,GGAATGATAAACGACGCACT,0,1865264
hyuA_predicted,0.2,4,4,GGAATGACAGAGCAGAACTA,0,1861308
hyuA_predicted,0.2,4,4,GGAACGTTGGCACCTAAACG,0,1843547
hyuA_predicted,0.2,4,4,GCTTCTCCTGCTATACAGTC,0,1843498
hyuA_predicted,0.2,4,4,GCTGGCTTGTGGATCGACTT,0,1838854
hyuA_predicted,0.2,4,4,GCTGCCGGAGCAGGTCGCAG,0,1830520
hyuA_predicted,0.2,4,4,GCTGCAGGTCCCATGGTCCC,0,1840869
hyuA_predicted,0.2,4,4,GCTCGTTGGTCATGTCCGTT,0,1869980
hyuA_predicted,0.2,4,4,GCTCATTTGATACTGCCTGT,0,1847416
hyuA_predicted,0.2,4,4,GCTCATTCGAGAAACAGACG,0,1834071
hyuA_predicted,0.2,4,4,GCTCACTGCAGTCGCCTTAA,0,1871332
hyuA_predicted,0.2,4,4,GCTAGTTGTTATCAGGCTTA,0,1845818
hyuA_predicted,0.2,4,4,GCGTGGTTTTCGTCTGATAT,0,1845832
hyuA_predicted,0.2,4,4,GCGTGCTCAAGTGAACGGTC,0,1866565
hyuA_predicted,0.2,4,4,GCGTAGACCGTTCCCGTCCC,0,1845279
hyuA_predicted,0.2,4,4,GCGGTCTGACCATAATATGC,0,1840000
hyuA_predicted,0.2,4,4,GCGGGGCGGGCCTTATTCCC,0,1857872
hyuA_predicted,0.2,4,4,GCGGATGAAGACTTTCTCAA,0,1849579
hyuA_predicted,0.2,4,4,GCGGACGCGGATGCGCTCAC,0,1836315
hyuA_predicted,0.2,4,4,GCGCTTTCTTCCCGTTTCGG,0,1833556
hyuA_predicted,0.2,4,4,GCGCACTACACGCCATTGCG,0,1864451
hyuA_predicted,0.2,4,4,GCGCACGAGGGCCATTTTCG,0,1831338
hyuA_predicted,0.2,4,4,GCGCACCCTGCAAGTTCGTA,0,1839363
hyuA_predicted,0.2,4,4,GCGCACCAACCACGTCGACG,0,1836897
hyuA_predicted,0.2,4,4,GCGAGTTAAAGATGCCGACA,0,1863823
hyuA_predicted,0.2,4,4,GCGAGTGCTGATATAGATAT,0,1854653
hyuA_predicted,0.2,4,4,GCGACCACAGATTTCAACGA,0,1856214
hyuA_predicted,0.2,4,4,GCGAATACTGGTGTACACTG,0,1830738
hyuA_predicted,0.2,4,4,GCGAAGGAATTAGTTGCAGA,0,1841305
hyuA_predicted,0.2,4,4,GCCTTCGATTAGAAACTCAA,0,1833191
hyuA_predicted,0.2,4,4,GCCTTAGGGCGCTTCTTAAA,0,1850545
hyuA_predicted,0.2,4,4,GCCTGTCCCAAGACAGTCAC,0,1872490
hyuA_predicted,0.2,4,4,GCCTGCAACTTATCACTCGT,0,1850649
hyuA_predicted,0.2,4,4,GCCTCAGGCGAAAACCCGGA,0,1833807
hyuA_predicted,0.2,4,4,GCCGTCTTAATAGTTACAGT,0,1832986
hyuA_predicted,0.2,4,4,GCCGTAGCCAGGCTCTTTCT,0,1870391
hyuA_predicted,0.2,4,4,GCCGGCCGATCTACTAACAT,0,1857740
hyuA_predicted,0.2,4,4,GCCGCTCAGGCAAAGAGTAT,0,1839039
hyuA_predicted,0.2,4,4,GCCGCCCTGGGAGCAAGTAC,0,1844348
hyuA_predicted,0.2,4,4,GCCGACGGTGGCGCGGGCTA,0,1873934
hyuA_predicted,0.2,4,4,GCCCTGTTACTACCGTCTCC,0,1834560
hyuA_predicted,0.2,4,4,GCCCAATTGGGCTCGTGGAT,0,1857302
hyuA_predicted,0.2,4,4,GCCCAAATCTTGTGAATACT,0,1836609
hyuA_predicted,0.2,4,4,GCCCAAACGGTTAACAACGC,0,1865000
hyuA_predicted,0.2,4,4,GCCATGCGCAACCGGCACTA,0,1862887
hyuA_predicted,0.2,4,4,GCCACTGTCGGAAAAGTATG,0,1873088
hyuA_predicted,0.2,4,4,GCATTGGCGAATGTCTATGA,0,1857879
hyuA_predicted,0.2,4,4,GCATTGAGCACACCGTCTGA,0,1865173
hyuA_predicted,0.2,4,4,GCATGCGATGAGGGATCCAA,0,1867060
hyuA_predicted,0.2,4,4,GCATCTAAGGCTGGCCCTAG,0,1857061
hyuA_predicted,0.2,4,4,GCATCAGAATTGTGTTGACT,0,1862432
hyuA_predicted,0.2,4,4,GCAGTGATCCGGGGTGCAGA,0,1875427
hyuA_predicted,0.2,4,4,GCAGTACACATCTCTGCGGT,0,1853623
hyuA_predicted,0.2,4,4,GCAGGTGATCGGTGAGGATG,0,1868436
hyuA_predicted,0.2,4,4,GCAGCTCATTCCGATGTTTT,0,1850411
hyuA_predicted,0.2,4,4,GCAGCTAGTCAGTTAGTCTC,0,1850117
hyuA_predicted,0.2,4,4,GCAGACAGTCCCGTTTGTCC,0,1851933
hyuA_predicted,0.2,4,4,GCACTATCGCTTAGAGAAAT,0,1876129
hyuA_predicted,0.2,4,4,GCACGCGGTCGAAACCGGGT,0,1855206
hyuA_predicted,0.2,4,4,GCACGAGCGTGGACTTTCCT,0,1852620
hyuA_predicted,0.2,4,4,GCACCAGGAACAATGATTCA,0,1844727
hyuA_predicted,0.2,4,4,GCACATCAAAAATAACAGTA,0,1829069
hyuA_predicted,0.2,4,4,GCAATTCGGGCGTCCATAGC,0,1833974
hyuA_predicted,0.2,4,4,GCAATATACAGGGCGTTCGA,0,1849123
hyuA_predicted,0.2,4,4,GCAACGGTTTTTACGGAGCG,0,1877262
hyuA_predicted,0.2,4,4,GCAACAACGACAGTGACTCG,0,1871063
hyuA_predicted,0.2,4,4,GATTTCTCGTAGTAGCCACA,0,1848703
hyuA_predicted,0.2,4,4,GATTGCGTGATCTTCCGCTC,0,1853621
hyuA_predicted,0.2,4,4,GATTCTTCGGCGAATTGATT,0,1868734
hyuA_predicted,0.2,4,4,GATTCGTGGAGGCCGTTAAG,0,1867989
hyuA_predicted,0.2,4,4,GATTCCGAGGTAATCTCGTT,0,1873482
hyuA_predicted,0.2,4,4,GATTATAGGTCTCTGTCTAG,0,1849991
hyuA_predicted,0.2,4,4,GATTAGCATACAGCTTTTTC,0,1858998
hyuA_predicted,0.2,4,4,GATGGCGCTTTAGGCAGAGT,0,1831180
hyuA_predicted,0.2,4,4,GATGGCATAACGGGAGGCTC,0,1859932
hyuA_predicted,0.2,4,4,GATGGAGATCCTGAATATCG,0,1855171
hyuA_predicted,0.2,4,4,GATCTTTGTGGTGTGTGAGG,0,1876159
hyuA_predicted,0.2,4,4,GATCTCGTAGAGAATAAGTC,0,1851825
hyuA_predicted,0.2,4,4,GATCGTGATGATCATACATG,0,1832057
hyuA_predicted,0.2,4,4,GATCAGCGCCGGTAAAAGTG,0,1847774
hyuA_predicted,0.2,4,4,GATCACCTCGAAGCCCCGGT,0,1846543
hyuA_predicted,0.2,4,4,GATCAAGGAGTGCAAGGCCT,0,1848644
hyuA_predicted,0.2,4,4,GATATAATCTCAAGCCATGG,0,1853413
hyuA_predicted,0.2,4,4,GATACTCCTCTTTCAATGGC,0,1847577
hyuA_predicted,0.2,4,4,GAGTGTAGGAACAAGCCCTA,0,1862299
hyuA_predicted,0.2,4,4,GAGTACATAAATATAGGATT,0,1846340
hyuA_predicted,0.2,4,4,GAGTAAAAAATTCAAAGTGA,0,1858436
hyuA_predicted,0.2,4,4,GAGGTTTCACGGAAATCCAG,0,1837248
hyuA_predicted,0.2,4,4,GAGGTGCATCTCCCGTGAAA,0,1847397
hyuA_predicted,0.2,4,4,GAGGTCTACGTTAGATTTTA,0,1857867
hyuA_predicted,0.2,4,4,GAGGCCCGTCGTTTTTCGCG,0,1841432
hyuA_predicted,0.2,4,4,GAGGATCACAGCATACAAGC,0,1838983
hyuA_predicted,0.2,4,4,GAGGAACAACGAAGTAAAGA,0,1848472
hyuA_predicted,0.2,4,4,GAGGAAAGGTAGAACTATTG,0,1856412
hyuA_predicted,0.2,4,4,GAGCCGTCGTCAACATTCGA,0,1863571
hyuA_predicted,0.2,4,4,GAGCCGATCCGGTCCGATTA,0,1859146
hyuA_predicted,0.2,4,4,GAGCCCCAGAGACGACAGCG,0,1842536
hyuA_predicted,0.2,4,4,GAGATGGCACTTTTTCCGGT,0,1840639
hyuA_predicted,0.2,4,4,GAGATACTCGCGTCAGCCAT,0,1862520
hyuA_predicted,0.2,4,4,GAGAGTTACCTGCTACTTAG,0,1867145
hyuA_predicted,0.2,4,4,GAGAGAGTGCCTAGTTTACC,0,1856180
hyuA_predicted,0.2,4,4,GAGACTTAAGAGCACACAGT,0,1862282
hyuA_predicted,0.2,4,4,GAGACGCCGGATCCTCTCCA,0,1853179
hyuA_predicted,0.2,4,4,GAGACCTATTGCAAATCCGA,0,1834105
hyuA_predicted,0.2,4,4,GAGACACCTTGGTCGGAGTC,0,1838487
hyuA_predicted,0.2,4,4,GAGAATTTTGAAACTCGCCC,0,1876309
hyuA_predicted,0.2,4,4,GACTGGACTGTTAAGGGTGC,0,1863422
hyuA_predicted,0.2,4,4,GACTGATCGGTCCACATCAG,0,1869969
hyuA_predicted,0.2,4,4,GACTATTTGCGCATTGACTT,0,1845102
hyuA_predicted,0.2,4,4,GACTATGAGCCAAATTTTCT,0,1863862
hyuA_predicted,0.2,4,4,GACTACGCGGGCAACATCAC,0,1832334
hyuA_predicted,0.2,4,4,GACTACCCAGATCAGACCGA,0,1851600
hyuA_predicted,0.2,4,4,GACTACCAATGGCCACGGCT,0,1849893
hyuA_predicted,0.2,4,4,GACGGGCGAGACTTAGGGGT,0,1832180
hyuA_predicted,0.2,4,4,GACGGCAGCGTATTATCTTG,0,1836720
hyuA_predicted,0.2,4,4,GACGCCGTCGGCCGGATAGC,0,1860434
hyuA_predicted,0.2,4,4,GACGATGATGGCATGCACTA,0,1845273
hyuA_predicted,0.2,4,4,GACCGGACGTAGTCTCACCA,0,1871460
hyuA_predicted,0.2,4,4,GACCCGTAGTCACACCAAGG,0,1834009
hyuA_predicted,0.2,4,4,GACCCCCTTATCCCTCACCG,0,1831760
hyuA_predicted,0.2,4,4,GACATGGATCATGCACCGAA,0,1853246
hyuA_predicted,0.2,4,4,GACACGTGATGTCTTGAAGC,0,1845071
hyuA_predicted,0.2,4,4,GAATTGTCTTTTATATAGGG,0,1850551
hyuA_predicted,0.2,4,4,GAATTAGCAAGAGTATGTTC,0,1833052
hyuA_predicted,0.2,4,4,GAATATTGGGAGGACGGGTA,0,1833021
hyuA_predicted,0.2,4,4,GAACTACTGCACGCAAACGC,0,1845113
hyuA_predicted,0.2,4,4,GAACAACGCGCCTTGGTGAA,0,1867720
hyuA_predicted,0.2,4,4,GAAATAATGACTATTGTCGG,0,1833230
hyuA_predicted,0.2,4,4,GAAAGCAGTCTAGAACCTCG,0,1868508
hyuA_predicted,0.2,4,4,GAAACCACGCAAGCTTCTGG,0,1864234
hyuA_predicted,0.2,4,4,GAAAACACTGTGGGAACGTA,0,1860770
hyuA_predicted,0.2,4,4,CTTTTCATCGGATCCTTACA,0,1857838
hyuA_predicted,0.2,4,4,CTTTGGAAGTGTTTATTCGC,0,1851208
hyuA_predicted,0.2,4,4,CTTTCATACCTTCGGACACT,0,1852330
hyuA_predicted,0.2,4,4,CTTTATTCCTCCTCCCCTCA,0,1869570
hyuA_predicted,0.2,4,4,CTTTACAGCAATGTAGTGCC,0,1869425
hyuA_predicted,0.2,4,4,CTTGTTCACCCGCACGAGTG,0,1832703
hyuA_predicted,0.2,4,4,CTTGGGGTACATGTTCTACA,0,1837214
hyuA_predicted,0.2,4,4,CTTGCGCAGAATCGTGCCCC,0,1855864
hyuA_predicted,0.2,4,4,CTTGAGCGTTCAGTGACACC,0,1875939
hyuA_predicted,0.2,4,4,CTTCTTTTTAGCTAATGTAT,0,1850369
hyuA_predicted,0.2,4,4,CTTCGTTAGTATGAGTCCAT,0,1873635
hyuA_predicted,0.2,4,4,CTTCAGGTGAATTTGCCCCT,0,1874844
hyuA_predicted,0.2,4,4,CTTATTGGGTGATGGGTAAC,0,1853222
hyuA_predicted,0.2,4,4,CTTATCCCCGCCCCAGAAGA,0,1861300
hyuA_predicted,0.2,4,4,CTTAGCCAAACCTACGTTCT,0,1836337
hyuA_predicted,0.2,4,4,CTTAGAAGAGCAACGTGGGT,0,1863845
hyuA_predicted,0.2,4,4,CTTAATTCGGCAGCTAGGCT,0,1832248
hyuA_predicted,0.2,4,4,CTGTTTACAGTAATCCAGGA,0,1862369
hyuA_predicted,0.2,4,4,CTGTTCCGAGGCGCCGCGCA,0,1847691
hyuA_predicted,0.2,4,4,CTGTTCCACACTCTTCTTGT,0,1874653
hyuA_predicted,0.2,4,4,CTGTGCGGATAGGTGGAATC,0,1855835
hyuA_predicted,0.2,4,4,CTGTATCTCGCTGAAATGCT,0,1838157
hyuA_predicted,0.2,4,4,CTGTACGTGGTTCGCATGAC,0,1844474
hyuA_predicted,0.2,4,4,CTGTAATATCCAATACGACG,0,1869388
hyuA_predicted,0.2,4,4,CTGGTTAGTTCATGGCTGCA,0,1833081
hyuA_predicted,0.2,4,4,CTGGGGGGTAGACCCAACAC,0,1874496
hyuA_predicted,0.2,4,4,CTGGGGATGTTACTGAATAT,0,1864280
hyuA_predicted,0.2,4,4,CTGGGACGTAATGCCCCTGC,0,1868886
hyuA_predicted,0.2,4,4,CTGCGATCACTGCGAGGGTT,0,1861859
hyuA_predicted,0.2,4,4,CTGCCTGGCAAGCGGGCCCA,0,1854827
hyuA_predicted,0.2,4,4,CTGCATCACCACTTTGATGT,0,1871480
hyuA_predicted,0.2,4,4,CTGATAACACTCGATTGGTA,0,1866971
hyuA_predicted,0.2,4,4,CTGAGTGTCCGACTGGAGAT,0,1874512
hyuA_predicted,0.2,4,4,CTGAGCGTAAGATCTAATGT,0,1857692
hyuA_predicted,0.2,4,4,CTGACTAGGTAGCGCGGCCG,0,1870290
hyuA_predicted,0.2,4,4,CTCTGGTATGACCTCCTTCG,0,1846868
hyuA_predicted,0.2,4,4,CTCTCTGAATTATAATCGGA,0,1870706
hyuA_predicted,0.2,4,4,CTCGTTGATCGTTACTAAGG,0,1856510
hyuA_predicted,0.2,4,4,CTCGTATTTGCAATCCCTTG,0,1846728
hyuA_predicted,0.2,4,4,CTCGTATCCGGCTACCCCTT,0,1862976
hyuA_predicted,0.2,4,4,CTCGCCGACGATAGGGTCGT,0,1831349
hyuA_predicted,0.2,4,4,CTCCTCACCCATGCCACCGG,0,1831278
hyuA_predicted,0.2,4,4,CTCCGGACGGTATAGATCCT,0,1829776
hyuA_predicted,0.2,4,4,CTCCCTAGGTCAAGCCCACT,0,1837668
hyuA_predicted,0.2,4,4,CTCCCCAAGTGATACGGCAG,0,1845288
hyuA_predicted,0.2,4,4,CTCCATCGGGGCAGCAACAT,0,1834720
hyuA_predicted,0.2,4,4,CTCCAGGGACCTTATCCCGA,0,1834064
hyuA_predicted,0.2,4,4,CTCAGCCCCTGGCTAAGATT,0,1852300
hyuA_predicted,0.2,4,4,CTCAGATACGTATATGTGAG,0,1847037
hyuA_predicted,0.2,4,4,CTCACCATAACAACGTCCTC,0,1839197
hyuA_predicted,0.2,4,4,CTCACATTGGCTGCAAGAAG,0,1838136
hyuA_predicted,0.2,4,4,CTCAATTAGAGCGTAATCAC,0,1871179
hyuA_predicted,0.2,4,4,CTCAATCCATTGGCGTTGTG,0,1877233
hyuA_predicted,0.2,4,4,CTCAAGTTAGGTATGACAGC,0,1854790
hyuA_predicted,0.2,4,4,CTCAACACCGCACGATTTCA,0,1870118
hyuA_predicted,0.2,4,4,CTATTGGTGAACAGATTTTA,0,1853416
hyuA_predicted,0.2,4,4,CTATTAGTGGCATGGTGAAA,0,1842111
hyuA_predicted,0.2,4,4,CTATGGAGTGATATAGCTCA,0,1860064
hyuA_predicted,0.2,4,4,CTATCTCCTTTTTTCAGTCC,0,1839112
hyuA_predicted,0.2,4,4,CTATCTCCGGGGAACTAATT,0,1867280
hyuA_predicted,0.2,4,4,CTATCATGGAACGGGAACGC,0,1850453
hyuA_predicted,0.2,4,4,CTATATGCCAACCCGAGCCA,0,1867857
hyuA_predicted,0.2,4,4,CTATACTGGCCTTTTATTTT,0,1840731
hyuA_predicted,0.2,4,4,CTAGTGGCAGTAATAAGGGA,0,1848295
hyuA_predicted,0.2,4,4,CTAGTCTGGATGGATGCGCA,0,1848671
hyuA_predicted,0.2,4,4,CTAGGAATAAGCTAAGCACA,0,1854712
hyuA_predicted,0.2,4,4,CTAGACGTGTAGACGGTTAC,0,1865352
hyuA_predicted,0.2,4,4,CTACTTTCTGTTACAAGGAA,0,1861205
hyuA_predicted,0.2,4,4,CTACTCCGCGGGTACTCGGG,0,1832753
hyuA_predicted,0.2,4,4,CTACTATGTCGGAAGTCTGT,0,1832169
hyuA_predicted,0.2,4,4,CTACTAGCTCGAGATCGTCG,0,1847026
hyuA_predicted,0.2,4,4,CTACGCCGTAAATGCTGGAT,0,1842306
hyuA_predicted,0.2,4,4,CTACGACTCTTTTTTGCAAT,0,1856544
hyuA_predicted,0.2,4,4,CTACAGTAGCGTCAGACTGA,0,1838909
hyuA_predicted,0.2,4,4,CTAATGGCGAATGTGGCGTT,0,1833260
hyuA_predicted,0.2,4,4,CGTTTATTAAGTAATAGCGT,0,1844064
hyuA_predicted,0.2,4,4,CGTTCGTCGGATCTAGACCA,0,1855558
hyuA_predicted,0.2,4,4,CGTTCCGCTACTGGTGTTCA,0,1836420
hyuA_predicted,0.2,4,4,CGTTCAGGGGATAATGGACG,0,1864432
hyuA_predicted,0.2,4,4,CGTTATGTCAATACAGAAAC,0,1854408
hyuA_predicted,0.2,4,4,CGTGTGCTAATGGTAAAGAA,0,1858329
hyuA_predicted,0.2,4,4,CGTGGTATTAAGGTGCATGC,0,1867897
hyuA_predicted,0.2,4,4,CGTGGAGATAACAGTATGTG,0,1876135
hyuA_predicted,0.2,4,4,CGTCTTGTAGTGATTGATAG,0,1851994
hyuA_predicted,0.2,4,4,CGTCTGGACAACGTTCGTCT,0,1868428
hyuA_predicted,0.2,4,4,CGTCGCTCAAAGGGATCGCA,0,1855705
hyuA_predicted,0.2,4,4,CGTCCCCTAGAGGCGCACAA,0,1831450
hyuA_predicted,0.2,4,4,CGTATTTTTGAATAGTAAAA,0,1848075
hyuA_predicted,0.2,4,4,CGTAATTCCCGAATTGCAAT,0,1846177
hyuA_predicted,0.2,4,4,CGGTTCACATTGGTCGTACA,0,1833938
hyuA_predicted,0.2,4,4,CGGTCTTAGGAGTTCGTCCC,0,1844531
hyuA_predicted,0.2,4,4,CGGTATAACGATATATCCAG,0,1847450
hyuA_predicted,0.2,4,4,CGGGGGAGAATATAATAGGA,0,1829098
hyuA_predicted,0.2,4,4,CGGGGCCTAACCTAACTTGT,0,1848052
hyuA_predicted,0.2,4,4,CGGGGAGTGTCGAGGTAGAG,0,1847664
hyuA_predicted,0.2,4,4,CGGGCTGCGGCATGGGGTCC,0,1836005
hyuA_predicted,0.2,4,4,CGGGCGGTATATGTTGGGTT,0,1853810
hyuA_predicted,0.2,4,4,CGGGAGGGCCACCATTTTTA,0,1841230
hyuA_predicted,0.2,4,4,CGGCTTCATCCGTAGACGTT,0,1871990
hyuA_predicted,0.2,4,4,CGGCTCCTTCTAGGACACAT,0,1847421
hyuA_predicted,0.2,4,4,CGGCGTTCTTCACCTTAGAT,0,1871159
hyuA_predicted,0.2,4,4,CGGCCACACTGGTGGGTGGG,0,1858815
hyuA_predicted,0.2,4,4,CGGATGATTAGTGTAGAATC,0,1863565
hyuA_predicted,0.2,4,4,CGGATAGCATCTTATATTTT,0,1872401
hyuA_predicted,0.2,4,4,CGGACCACATAAGCGCTTCG,0,1847418
hyuA_predicted,0.2,4,4,CGCTTAGATGATATACATCA,0,1860746
hyuA_predicted,0.2,4,4,CGCTCTTGCCATAGTCGGCC,0,1837739
hyuA_predicted,0.2,4,4,CGCTCTCATAACCATGTCTT,0,1873686
hyuA_predicted,0.2,4,4,CGCTCAGCATTATACTCGTC,0,1857608
hyuA_predicted,0.2,4,4,CGCTAGCTCCACCGCAGAGC,0,1839781
hyuA_predicted,0.2,4,4,CGCGGTTGTACCATTCAGCA,0,1853982
hyuA_predicted,0.2,4,4,CGCGGACCATGTACTATTTT,0,1846400
hyuA_predicted,0.2,4,4,CGCGATCTCGGTTTGGCTCA,0,1832476
hyuA_predicted,0.2,4,4,CGCCGTCCGCCGTCACGCGA,0,1870634
hyuA_predicted,0.2,4,4,CGCCGAATGACGTACGGCTA,0,1860192
hyuA_predicted,0.2,4,4,CGCCCCCACGGGAAATTTTC,0,1834626
hyuA_predicted,0.2,4,4,CGCCAGGCAGAGTGGTGGCC,0,1845680
hyuA_predicted,0.2,4,4,CGCCAGACAGCCGATGATGA,0,1869166
hyuA_predicted,0.2,4,4,CGCATTTACACTGTGGTGTC,0,1872105
hyuA_predicted,0.2,4,4,CGCATCACTCCGTAAGGTAG,0,1875184
hyuA_predicted,0.2,4,4,CGCAGCTAGCCCGGGCCATT,0,1842212
hyuA_predicted,0.2,4,4,CGATTCACCGGTGTAGGCCT,0,1836369
hyuA_predicted,0.2,4,4,CGATTATCCTCTAGTTGCGG,0,1869502
hyuA_predicted,0.2,4,4,CGATTACGTTATCATGCGCT,0,1840412
hyuA_predicted,0.2,4,4,CGATCTGGAGAGCAGAGATA,0,1845687
hyuA_predicted,0.2,4,4,CGAGGCGGACTCGATGTGCT,0,1867508
hyuA_predicted,0.2,4,4,CGAGACTACGGAGCTTATTC,0,1867071
hyuA_predicted,0.2,4,4,CGAGAATGCCCTAATCTGAA,0,1845031
hyuA_predicted,0.2,4,4,CGACTGCCGGGTGCCCCAGA,0,1829449
hyuA_predicted,0.2,4,4,CGACCTTAGGTAATATTGCG,0,1871164
hyuA_predicted,0.2,4,4,CGACCTGCGAGGACTAATGG,0,1838936
hyuA_predicted,0.2,4,4,CGACCGGGGGCGACTCGGAT,0,1874110
hyuA_predicted,0.2,4,4,CGACCGGCATAGTGTGTCGT,0,1853007
hyuA_predicted,0.2,4,4,CGACCCACATAGTGCCGGTC,0,1830178
hyuA_predicted,0.2,4,4,CGACACATTCGATTTTACAG,0,1844771
hyuA_predicted,0.2,4,4,CGAATTTTGACCCTGAAGAA,0,1877622
hyuA_predicted,0.2,4,4,CGAACTGCTGGGCAGTAAGT,0,1862570
hyuA_predicted,0.2,4,4,CGAACGCGGCGGTCTGAGAC,0,1839245
hyuA_predicted,0.2,4,4,CGAACCCATAATTGGCTACG,0,1877224
hyuA_predicted,0.2,4,4,CGAAACGTCCCGCTACGATA,0,1844695
hyuA_predicted,0.2,4,4,CCTTCCCTGAATTGGAGTAT,0,1840762
hyuA_predicted,0.2,4,4,CCTTATGAGCATTGGAAGGC,0,1851170
hyuA_predicted,0.2,4,4,CCTGTATAGATCCTTATGAC,0,1864994
hyuA_predicted,0.2,4,4,CCTGTATAAATCAGGGGCGG,0,1829418
hyuA_predicted,0.2,4,4,CCTGCTACTCGTGGGTGATA,0,1854881
hyuA_predicted,0.2,4,4,CCTCATATTTGTTCCAGCTG,0,1834945
hyuA_predicted,0.2,4,4,CCTATGGGCAACACAGCGCT,0,1851396
hyuA_predicted,0.2,4,4,CCTAGTGCTCGCGGTAGGAT,0,1830246
hyuA_predicted,0.2,4,4,CCTAGTCGTCTGAACTCTCT,0,1863611
hyuA_predicted,0.2,4,4,CCTAAGTCTTCTCATTTCGA,0,1855745
hyuA_predicted,0.2,4,4,CCGTTCGCTAGTGCTTCCTT,0,1875163
hyuA_predicted,0.2,4,4,CCGTATGTCAGCGAGGGGAC,0,1868868
hyuA_predicted,0.2,4,4,CCGGTGAGGGAACGGCTAAC,0,1838093
hyuA_predicted,0.2,4,4,CCGGACCCTGCTTCACAGTA,0,1849499
hyuA_predicted,0.2,4,4,CCGCTTATCCACTACGCATC,0,1872363
hyuA_predicted,0.2,4,4,CCGCGCGTTCACAAGGCTCT,0,1831060
hyuA_predicted,0.2,4,4,CCGCCGATAGCACGTCCGAC,0,1843657
hyuA_predicted,0.2,4,4,CCGCATCGAGCAGGGGACAA,0,1873931
hyuA_predicted,0.2,4,4,CCGAGAAAGCCCGACCTATT,0,1854664
hyuA_predicted,0.2,4,4,CCCTACGAGTGTACTGCAAA,0,1859645
hyuA_predicted,0.2,4,4,CCCGTCTGATGAGGCACGAC,0,1845476
hyuA_predicted,0.2,4,4,CCCGGGCAGCTATTACACAC,0,1831952
hyuA_predicted,0.2,4,4,CCCGGACGTTCGGCCCTCCA,0,1833953
hyuA_predicted,0.2,4,4,CCCCTTGGTACGGCGAGTCA,0,1858562
hyuA_predicted,0.2,4,4,CCCCGGATGATAACACAGTC,0,1870423
hyuA_predicted,0.2,4,4,CCCCCTCCAGGTAGCTGGCC,0,1855568
hyuA_predicted,0.2,4,4,CCCCCGTAATTAAGGGCTTG,0,1866441
hyuA_predicted,0.2,4,4,CCCATGCGATCCCGCACGCA,0,1836721
hyuA_predicted,0.2,4,4,CCCAGTAAACAGGCTCTAGC,0,1843605
hyuA_predicted,0.2,4,4,CCCAGATGTCGTAACAATTT,0,1867627
hyuA_predicted,0.2,4,4,CCCAGAGAATGTATCCAGTG,0,1847183
hyuA_predicted,0.2,4,4,CCCACTATCGAGCCCCGCTA,0,1832233
hyuA_predicted,0.2,4,4,CCCACAGCGATGGTTGTACC,0,1843068
hyuA_predicted,0.2,4,4,CCATCGAACGCACTTGGCCA,0,1831986
hyuA_predicted,0.2,4,4,CCATCAGATGTGGTTGTTAT,0,1877525
hyuA_predicted,0.2,4,4,CCAGGTCCTTCCAGGAAGGA,0,1855643
hyuA_predicted,0.2,4,4,CCAGCATAGCGAGTGTGATC,0,1846160
hyuA_predicted,0.2,4,4,CCAGCACCGGTTTCCAAGTG,0,1863289
hyuA_predicted,0.2,4,4,CCACTTCCTTGAACGTTCTG,0,1830716
hyuA_predicted,0.2,4,4,CCACAGCCTTCAAGGACATC,0,1875492
hyuA_predicted,0.2,4,4,CCACACTATTTTTGGAAATT,0,1834582
hyuA_predicted,0.2,4,4,CCAAGAATGGCAACTACCAC,0,1839283
hyuA_predicted,0.2,4,4,CCAAAGAGCGCAGAGCAAAG,0,1840242
hyuA_predicted,0.2,4,4,CATTCTAAAGTTTCATTTCC,0,1871167
hyuA_predicted,0.2,4,4,CATTCAAGGTTCTGTATCTC,0,1833956
hyuA_predicted,0.2,4,4,CATTAGACAGTCCAGGACCC,0,1864095
hyuA_predicted,0.2,4,4,CATGGTTTAATCAGTTATGA,0,1877558
hyuA_predicted,0.2,4,4,CATGATGCGTTTGCAAGAGA,0,1846999
hyuA_predicted,0.2,4,4,CATGACGAGAGCAGCCGGAG,0,1861962
hyuA_predicted,0.2,4,4,CATGAAACCCCCCAGACGGG,0,1861674
hyuA_predicted,0.2,4,4,CATCAAGTATCACAGATAGC,0,1838558
hyuA_predicted,0.2,4,4,CATAGTATTCTTAAAGTTAT,0,1842528
hyuA_predicted,0.2,4,4,CATAAGATGTATGTTTCTCA,0,1829989
hyuA_predicted,0.2,4,4,CAGTGGGCGGTCGCATGCCG,0,1842046
hyuA_predicted,0.2,4,4,CAGTCTCGTTGCAGACCTTA,0,1871407
hyuA_predicted,0.2,4,4,CAGTCATGTACGGCGGCGAT,0,1876883
hyuA_predicted,0.2,4,4,CAGTCAGATTCGCAGTGTAC,0,1833189
hyuA_predicted,0.2,4,4,CAGGGAGGGGGGGACTGAGC,0,1841369
hyuA_predicted,0.2,4,4,CAGGCCTACCACCTTTACGT,0,1853001
hyuA_predicted,0.2,4,4,CAGGAAATCCGATGCCATGT,0,1848073
hyuA_predicted,0.2,4,4,CAGCGTACGAATGTTGTAAC,0,1875219
hyuA_predicted,0.2,4,4,CAGCCCATGTTTGAATGAGT,0,1856067
hyuA_predicted,0.2,4,4,CAGAGTGCGACAAGTAAGTC,0,1871605
hyuA_predicted,0.2,4,4,CAGACAGCATTATCCGTAAA,0,1865328
hyuA_predicted,0.2,4,4,CACTGAGCCGGGGTATGTCG,0,1855433
hyuA_predicted,0.2,4,4,CACTAGAAACTGACTGTCTT,0,1841944
hyuA_predicted,0.2,4,4,CACTAAGTGTTGATAGAGTG,0,1848179
hyuA_predicted,0.2,4,4,CACGGACGTGTGACGTGTCA,0,1874792
hyuA_predicted,0.2,4,4,CACGAGGGCTGGGCCGCGAT,0,1871805
hyuA_predicted,0.2,4,4,CACCGAGTTACAAGATGAAA,0,1847267
hyuA_predicted,0.2,4,4,CACCCGCTTAAGCCCGATCA,0,1831689
hyuA_predicted,0.2,4,4,CACCCCTGTTGTCGGCTGAT,0,1865119
hyuA_predicted,0.2,4,4,CACCCAATGGGGGTGTGAGG,0,1858178
hyuA_predicted,0.2,4,4,CACCATGTGACTAAGTTGAC,0,1870134
hyuA_predicted,0.2,4,4,CACCAGGCCTTGCCTTTACT,0,1834317
hyuA_predicted,0.2,4,4,CACCAGCAACTCGAGAAGCA,0,1870480
hyuA_predicted,0.2,4,4,CACCAACTCGCTATGCATCA,0,1864803
hyuA_predicted,0.2,4,4,CACATGGGACTGCCCTGCTG,0,1832802
hyuA_predicted,0.2,4,4,CACAGATGCATTGAAATATG,0,1846112
hyuA_predicted,0.2,4,4,CACACGCTTCGTCGTCACGT,0,1835532
hyuA_predicted,0.2,4,4,CAATTTTCCTTTATGTGCTT,0,1851116
hyuA_predicted,0.2,4,4,CAATTGTAAGTTTTTTGGAT,0,1867226
hyuA_predicted,0.2,4,4,CAATGGGATTCAGCGGAAGC,0,1839471
hyuA_predicted,0.2,4,4,CAATGGCCAGGCTGGCCCTC,0,1843582
hyuA_predicted,0.2,4,4,CAATGAGGTCTCAAACGCGC,0,1863494
hyuA_predicted,0.2,4,4,CAATACGCCGCCCTTATTGG,0,1852628
hyuA_predicted,0.2,4,4,CAAGCACTTATCCCGCCCTG,0,1867594
hyuA_predicted,0.2,4,4,CAACGTCAGATGTGCATCTT,0,1846617
hyuA_predicted,0.2,4,4,CAACGGTGTACGGGTATAGG,0,1834467
hyuA_predicted,0.2,4,4,CAACGGGCACTGTTACCAAT,0,1848751
hyuA_predicted,0.2,4,4,CAACGCTAGGTAGTCTACTA,0,1872554
hyuA_predicted,0.2,4,4,CAACCTTGTTGATGGGCGAA,0,1834427
hyuA_predicted,0.2,4,4,CAACCCCGCTCACCTCTCAT,0,1834188
hyuA_predicted,0.2,4,4,CAACATATCTTACCGGTTCT,0,1863996
hyuA_predicted,0.2,4,4,CAAATAGTACTGGGATCCAC,0,1870335
hyuA_predicted,0.2,4,4,CAAACTCACCTGCGTTTGAT,0,1855484
hyuA_predicted,0.2,4,4,CAAAAGTGTCCGGTAGTTTT,0,1835492
hyuA_predicted,0.2,4,4,CAAAAGTAGAAGGTTTTTTT,0,1845143
hyuA_predicted,0.2,4,4,ATTTTTTAATCCGGGTAAGA,0,1874612
hyuA_predicted,0.2,4,4,ATTTTGGTTTACCGAATTTC,0,1845115
hyuA_predicted,0.2,4,4,ATTTGCTATATAGATTCAAC,0,1838331
hyuA_predicted,0.2,4,4,ATTTCCTGATAACTCAGTTG,0,1852238
hyuA_predicted,0.2,4,4,ATTTATTGTCACCTTCGGGA,0,1851815
hyuA_predicted,0.2,4,4,ATTGCGTCGTCACTTGTACT,0,1843534
hyuA_predicted,0.2,4,4,ATTCTTGCCGACGGCGTGAG,0,1841803
hyuA_predicted,0.2,4,4,ATTCTCCGCGTCGGACGTCG,0,1836734
hyuA_predicted,0.2,4,4,ATTCGATAGGCCATTTTGGT,0,1859594
hyuA_predicted,0.2,4,4,ATTCCGTGCATACTGCAACG,0,1866755
hyuA_predicted,0.2,4,4,ATTAGGCGTGTTATTCACGA,0,1872129
hyuA_predicted,0.2,4,4,ATTAGGAGTGGTATGGTTGG,0,1871031
hyuA_predicted,0.2,4,4,ATTAGACCATGCACATCTAG,0,1844598
hyuA_predicted,0.2,4,4,ATTACGAGTCAGACTTTAAT,0,1832085
hyuA_predicted,0.2,4,4,ATGTGGTTCTCAATTGGCAT,0,1857459
hyuA_predicted,0.2,4,4,ATGTCGCAGAATTTGTTCCA,0,1872431
hyuA_predicted,0.2,4,4,ATGTATAAGATGTACAATAA,0,1871308
hyuA_predicted,0.2,4,4,ATGTAAGCCGACGCCAACAC,0,1831818
hyuA_predicted,0.2,4,4,ATGGGCTGACATGATGTTTT,0,1851823
hyuA_predicted,0.2,4,4,ATGGGAACATCTTAAGGCGG,0,1832655
hyuA_predicted,0.2,4,4,ATGGCGTTCTTTGGTTGAAT,0,1864112
hyuA_predicted,0.2,4,4,ATGCTTCTCAGGAGCGGCGA,0,1856856
hyuA_predicted,0.2,4,4,ATGCTGTTACGAACGCACTC,0,1865969
hyuA_predicted,0.2,4,4,ATGCTCCAGTAGTAGGTTGA,0,1865394
hyuA_predicted,0.2,4,4,ATGCTACACTATAGATAGAA,0,1873973
hyuA_predicted,0.2,4,4,ATGCGTCTCGTCAAGAAGCC,0,1829806
hyuA_predicted,0.2,4,4,ATGCGACAAGTTTCTGGGTG,0,1856062
hyuA_predicted,0.2,4,4,ATGCCCTGGGCCACCCCCAT,0,1848398
hyuA_predicted,0.2,4,4,ATGATGGTCCTTTAATTTTT,0,1843898
hyuA_predicted,0.2,4,4,ATGAGTATATGCTAGGCACG,0,1864596
hyuA_predicted,0.2,4,4,ATGACGTCTGCCGGGCGAAC,0,1855459
hyuA_predicted,0.2,4,4,ATGACGATTAGTTCAGGGAG,0,1855352
hyuA_predicted,0.2,4,4,ATGACACGGGGGACTAGATT,0,1864834
hyuA_predicted,0.2,4,4,ATGAATCGATCAGTCTTAAA,0,1859670
hyuA_predicted,0.2,4,4,ATCTTTTAAGGACTAAGCTG,0,1856862
hyuA_predicted,0.2,4,4,ATCTTGGAGGGCAAAATGGA,0,1861931
hyuA_predicted,0.2,4,4,ATCTACCTACAATGAGTGCG,0,1865186
hyuA_predicted,0.2,4,4,ATCGTAGAATGAAACTCTGT,0,1846171
hyuA_predicted,0.2,4,4,ATCGGGTGAGTCCAGTGAGC,0,1856066
hyuA_predicted,0.2,4,4,ATCGGCGGGTGAGTTTCAAG,0,1853466
hyuA_predicted,0.2,4,4,ATCGGATCTTGAACCAGTGG,0,1857308
hyuA_predicted,0.2,4,4,ATCCGGCAGACTTATGGTAA,0,1853741
hyuA_predicted,0.2,4,4,ATCAGGAAGAAAGAGTTACA,0,1862316
hyuA_predicted,0.2,4,4,ATCAGACGGGTATTTCCCAG,0,1876170
hyuA_predicted,0.2,4,4,ATCAGACCGGCGACGGGCAA,0,1872959
hyuA_predicted,0.2,4,4,ATCACGTCCACCCCCTAGAA,0,1861651
hyuA_predicted,0.2,4,4,ATCACACTGTCTAGTAATTC,0,1875441
hyuA_predicted,0.2,4,4,ATATTAGCGCGCTTGAGAGG,0,1841917
hyuA_predicted,0.2,4,4,ATATGTTCTTTCCGTAGCTT,0,1857537
hyuA_predicted,0.2,4,4,ATATACGTGCTTAGAGTACT,0,1875711
hyuA_predicted,0.2,4,4,ATAGGGGCTCGGGTCGTCAT,0,1864109
hyuA_predicted,0.2,4,4,ATAGGCTAGATCGCCTGGGC,0,1844304
hyuA_predicted,0.2,4,4,ATAGCTATCTATGTCGCTTA,0,1849864
hyuA_predicted,0.2,4,4,ATACGTCCACATCCCCCTGA,0,1877875
hyuA_predicted,0.2,4,4,ATACGATTGTTCGGTAAGCA,0,1849321
hyuA_predicted,0.2,4,4,ATACGACACGGTACCCCGGG,0,1839110
hyuA_predicted,0.2,4,4,ATAATTCAGCCTCCTCGTTG,0,1866562
hyuA_predicted,0.2,4,4,ATAATTAACTGGCCGACCAA,0,1862575
hyuA_predicted,0.2,4,4,ATAAGAGAGCCAGCTCGATC,0,1858288
hyuA_predicted,0.2,4,4,ATAAATGAGTCAATGCGCTC,0,1850730
hyuA_predicted,0.2,4,4,ATAAACTATATCGGGCGAGA,0,1840727
hyuA_predicted,0.2,4,4,ATAAACGCCCGTTATACTGT,0,1877876
hyuA_predicted,0.2,4,4,ATAAAATACCTATGCCTATG,0,1849205
hyuA_predicted,0.2,4,4,AGTTTAGCGTAGCTGCACGA,0,1832829
hyuA_predicted,0.2,4,4,AGTTTACATGTCAGTCTCAT,0,1836068
hyuA_predicted,0.2,4,4,AGTTATGCTACGTATTAGCC,0,1859898
hyuA_predicted,0.2,4,4,AGTGGGTAGGTCTCAGTTCC,0,1861575
hyuA_predicted,0.2,4,4,AGTGGCTGGCGCAGGGCGCT,0,1859790
hyuA_predicted,0.2,4,4,AGTGGCCTAGACACCAACCA,0,1836388
hyuA_predicted,0.2,4,4,AGTGAGAACCTGGATTTACC,0,1844665
hyuA_predicted,0.2,4,4,AGTATTCCACGTACGTGAGC,0,1876410
hyuA_predicted,0.2,4,4,AGTATAGAATTTCTTTAAAG,0,1834635
hyuA_predicted,0.2,4,4,AGTATACGAATCGTTGTGCC,0,1829630
hyuA_predicted,0.2,4,4,AGTAGGACTCCCACAACGTC,0,1837374
hyuA_predicted,0.2,4,4,AGTAGAAGGTAGGATTATTG,0,1868757
hyuA_predicted,0.2,4,4,AGTACGTTACCAACCCGTGG,0,1876308
hyuA_predicted,0.2,4,4,AGTACATTGCGATTTGAAAG,0,1842668
hyuA_predicted,0.2,4,4,AGTACATGATGCGTCCGGAC,0,1842488
hyuA_predicted,0.2,4,4,AGTAACGGAATCTTCGGCAT,0,1844199
hyuA_predicted,0.2,4,4,AGGTTCAAATATACCCGGGA,0,1840783
hyuA_predicted,0.2,4,4,AGGTGTTACAAACATTTGTT,0,1833606
hyuA_predicted,0.2,4,4,AGGTAGACGACTGAGGTTCC,0,1870124
hyuA_predicted,0.2,4,4,AGGGGGTACTACGCATACGT,0,1845986
hyuA_predicted,0.2,4,4,AGGGGGTAACCATTACCATT,0,1854118
hyuA_predicted,0.2,4,4,AGGGCCTAAACACCCGCATC,0,1849302
hyuA_predicted,0.2,4,4,AGGGCACCGGGATGCATGAC,0,1863019
hyuA_predicted,0.2,4,4,AGGGACGTCCATAGGAGGCT,0,1865312
hyuA_predicted,0.2,4,4,AGGCGCGGGACATAGAGTTA,0,1858400
hyuA_predicted,0.2,4,4,AGGCCGGTGTGTACCGCTCG,0,1843257
hyuA_predicted,0.2,4,4,AGGCAGGAGAATACTACATC,0,1846662
hyuA_predicted,0.2,4,4,AGGCACCCGGGCCGATGAAT,0,1870273
hyuA_predicted,0.2,4,4,AGGATGCAGATTGTTTTAAT,0,1850337
hyuA_predicted,0.2,4,4,AGCTGCAAAAATTCCTACGA,0,1866199
hyuA_predicted,0.2,4,4,AGCTCCTATCAGACAGAGTA,0,1843438
hyuA_predicted,0.2,4,4,AGCGTAACTGAATCAGACAT,0,1859279
hyuA_predicted,0.2,4,4,AGCGGCGCAATGAAGGGTTT,0,1865221
hyuA_predicted,0.2,4,4,AGCCTTATACTAGATAACGG,0,1874291
hyuA_predicted,0.2,4,4,AGCCGGTGCCTGGGTCGCAG,0,1837249
hyuA_predicted,0.2,4,4,AGCCCTCGGGCACGCGCGGC,0,1869761
hyuA_predicted,0.2,4,4,AGCCCTATCGGGAAGAGACC,0,1866582
hyuA_predicted,0.2,4,4,AGCCAGCTACGATGGTAAGG,0,1874736
hyuA_predicted,0.2,4,4,AGCATTTATGAAATCGTGAC,0,1857423
hyuA_predicted,0.2,4,4,AGCATTGGCTACTTTTTTGA,0,1859245
hyuA_predicted,0.2,4,4,AGCATTGCCTTACTCAAAGG,0,1842740
hyuA_predicted,0.2,4,4,AGCAGCGCAGGGACATGGAA,0,1840053
hyuA_predicted,0.2,4,4,AGCAGACCGAAATCCGTTCG,0,1849477
hyuA_predicted,0.2,4,4,AGCACCATAACCTCTGATGT,0,1837479
hyuA_predicted,0.2,4,4,AGATTGCTTAGTGTCCAGTG,0,1831055
hyuA_predicted,0.2,4,4,AGATCGCCCTCCTACCGAGC,0,1839034
hyuA_predicted,0.2,4,4,AGATCATCAATTAATAGATG,0,1839557
hyuA_predicted,0.2,4,4,AGATACACGTCGCGAGGAAA,0,1836286
hyuA_predicted,0.2,4,4,AGAGTAGAGATGAGGATGAC,0,1858141
hyuA_predicted,0.2,4,4,AGAGGGCTGTACTCAGAACA,0,1847767
hyuA_predicted,0.2,4,4,AGAGCGCAGACCACAAACTT,0,1839568
hyuA_predicted,0.2,4,4,AGAGCAGACAACACTAAGAG,0,1839155
hyuA_predicted,0.2,4,4,AGAGCACTTAACTAACGTGT,0,1847918
hyuA_predicted,0.2,4,4,AGACCTTCACAAGGACTATT,0,1861818
hyuA_predicted,0.2,4,4,AGACCATTCTGTGGCGTTTT,0,1840395
hyuA_predicted,0.2,4,4,AGAATCCTCATCTAGGCCCA,0,1844881
hyuA_predicted,0.2,4,4,AGAACTATCAATAAAGGAGG,0,1867396
hyuA_predicted,0.2,4,4,AGAACATGTGTCGGAGAGCT,0,1853256
hyuA_predicted,0.2,4,4,ACTTTGCGATTAAGTAAAAA,0,1855380
hyuA_predicted,0.2,4,4,ACTTGTTGAATACACGTCGT,0,1866783
hyuA_predicted,0.2,4,4,ACTTGTCATGTTCGAGCAGT,0,1865430
hyuA_predicted,0.2,4,4,ACTTGTATTAACGGGGGAAG,0,1839930
hyuA_predicted,0.2,4,4,ACTTGCAGGTTGAGATGCCA,0,1832551
hyuA_predicted,0.2,4,4,ACTGCAAAAGTATTATGGGT,0,1875552
hyuA_predicted,0.2,4,4,ACTGAGCTGGGTTAATCAGC,0,1871139
hyuA_predicted,0.2,4,4,ACTCTCGTAACGAATTCGAC,0,1839961
hyuA_predicted,0.2,4,4,ACTCGGCACCCAGCAGCCAG,0,1856219
hyuA_predicted,0.2,4,4,ACTCGGATTATGCGGCTGAG,0,1869722
hyuA_predicted,0.2,4,4,ACTCCGTATAGTTACAGCGA,0,1874016
hyuA_predicted,0.2,4,4,ACTCAGTATTGGTATCCAGT,0,1868416
hyuA_predicted,0.2,4,4,ACTACTACAGGCTTACCACA,0,1871344
hyuA_predicted,0.2,4,4,ACTACAGTTGCCAGAGCTAA,0,1861866
hyuA_predicted,0.2,4,4,ACGTTCTCTTTCGGGTGGGG,0,1855645
hyuA_predicted,0.2,4,4,ACGTGCGTTGTTTTTCATAA,0,1854071
hyuA_predicted,0.2,4,4,ACGTCGCAGGCTGCCATGAC,0,1832171
hyuA_predicted,0.2,4,4,ACGTACTCAACCCATCGGAG,0,1861356
hyuA_predicted,0.2,4,4,ACGGTCTCGACTGGGTTGCG,0,1861724
hyuA_predicted,0.2,4,4,ACGGGGAGGTTATGGACCAA,0,1851926
hyuA_predicted,0.2,4,4,ACGGCTTCTTACTCTACCTA,0,1848043
hyuA_predicted,0.2,4,4,ACGGACCGGGTAGCAAGGGT,0,1843907
hyuA_predicted,0.2,4,4,ACGGAATGAGGCTTTCATGC,0,1846685
hyuA_predicted,0.2,4,4,ACGCTCGACTGCGGGTTTGA,0,1873481
hyuA_predicted,0.2,4,4,ACGCTAATACGCGATGAAGA,0,1875982
hyuA_predicted,0.2,4,4,ACGCGTCTTGGGTAGCTTAG,0,1867339
hyuA_predicted,0.2,4,4,ACGCGCGAATCGGGAGGGCA,0,1845284
hyuA_predicted,0.2,4,4,ACGCGAGCTCACGGGGACAT,0,1867075
hyuA_predicted,0.2,4,4,ACGCCGGGCGAAACCCGACG,0,1849349
hyuA_predicted,0.2,4,4,ACGCACTGCGAAGTAGGGCT,0,1870074
hyuA_predicted,0.2,4,4,ACGATAATTACGCTCTAATC,0,1873704
hyuA_predicted,0.2,4,4,ACGACCAGTCTCGCTTCAGT,0,1833573
hyuA_predicted,0.2,4,4,ACCTTAAGCATAGATCAGCC,0,1866800
hyuA_predicted,0.2,4,4,ACCGTTATGCGCCTCCCCAG,0,1832407
hyuA_predicted,0.2,4,4,ACCGTGTGGTCCTTCGTTCG,0,1862979
hyuA_predicted,0.2,4,4,ACCGTCTCTGGGAGATAGTT,0,1843816
hyuA_predicted,0.2,4,4,ACCGAGTTAGAGTATTAAGT,0,1845061
hyuA_predicted,0.2,4,4,ACCCTCGCCATGGTCAGATA,0,1872600
hyuA_predicted,0.2,4,4,ACCATCTCTTGTGGTACGGT,0,1863908
hyuA_predicted,0.2,4,4,ACCAAACTTTACCCCCAGCA,0,1844686
hyuA_predicted,0.2,4,4,ACATCTGACGATGAGGTAGT,0,1843528
hyuA_predicted,0.2,4,4,ACATAGTCTGACTTGGTAGA,0,1851528
hyuA_predicted,0.2,4,4,ACAGTATATTCATTACAAAT,0,1876226
hyuA_predicted,0.2,4,4,ACAGGGAAGTTGGTGTGTGC,0,1852003
hyuA_predicted,0.2,4,4,ACAGCGGGCAGACATGGGAT,0,1847149
hyuA_predicted,0.2,4,4,ACAGATTGATTAAAAGACTA,0,1868059
hyuA_predicted,0.2,4,4,ACAGATCGAGGCTAGCCTGG,0,1848282
hyuA_predicted,0.2,4,4,ACAGACTTTGTACCTCTTAA,0,1869064
hyuA_predicted,0.2,4,4,ACACGACGGCAGATTCGACA,0,1856289
hyuA_predicted,0.2,4,4,ACACAGAGTCAGGATCCACT,0,1841716
hyuA_predicted,0.2,4,4,ACACACATTGAGTCGCGAGG,0,1863224
hyuA_predicted,0.2,4,4,ACAATTTCTGTTTACTGAAA,0,1847643
hyuA_predicted,0.2,4,4,ACAAGCGCGTTTATGGCTGA,0,1842950
hyuA_predicted,0.2,4,4,AATTCGGACCCGGTAGCTTT,0,1873979
hyuA_predicted,0.2,4,4,AATGCATATCCATGCTTGTA,0,1840226
hyuA_predicted,0.2,4,4,AATGACTTATCAAACGCGAG,0,1859248
hyuA_predicted,0.2,4,4,AATCCTGGGCTTTGCTTCCC,0,1840430
hyuA_predicted,0.2,4,4,AATATCCGGACTTTTGAAGG,0,1833741
hyuA_predicted,0.2,4,4,AATAGTCTCTGATGTGGTAA,0,1867951
hyuA_predicted,0.2,4,4,AATACGCAGGGTTCAATTAA,0,1858675
hyuA_predicted,0.2,4,4,AATACAAATGTATAAACCTC,0,1862195
hyuA_predicted,0.2,4,4,AATAATTTACGTTAAGGGTT,0,1829520
hyuA_predicted,0.2,4,4,AATAAGGCACTTAACAGGAG,0,1853692
hyuA_predicted,0.2,4,4,AAGTGAAGCCGCCGGAGCAA,0,1859633
hyuA_predicted,0.2,4,4,AAGTCGTGGGTATGCCACAG,0,1857167
hyuA_predicted,0.2,4,4,AAGTCCATGCGGGTCGATCC,0,1838652
hyuA_predicted,0.2,4,4,AAGTAGCCAGTCAACTGCGA,0,1844291
hyuA_predicted,0.2,4,4,AAGGTTATCATTTACCTACC,0,1842527
hyuA_predicted,0.2,4,4,AAGGTCTTGAGCAGGACCGA,0,1845455
hyuA_predicted,0.2,4,4,AAGGTACGTATCGGGGTACG,0,1869312
hyuA_predicted,0.2,4,4,AAGCTTTACTGGTCTATTGC,0,1870868
hyuA_predicted,0.2,4,4,AAGCTGCAACGGGCTTCCCA,0,1877299
hyuA_predicted,0.2,4,4,AAGCTCGTTGCTGTCTTAGC,0,1854103
hyuA_predicted,0.2,4,4,AAGCGCTTGTGCGCAGAGCT,0,1846943
hyuA_predicted,0.2,4,4,AAGCATGGGTAATGTTCGAA,0,1874120
hyuA_predicted,0.2,4,4,AAGCAATCTACTCTCTGGGA,0,1869422
hyuA_predicted,0.2,4,4,AAGATTTGCATGTGGCCCCT,0,1829843
hyuA_predicted,0.2,4,4,AAGATGTAGAATTAGGGGTA,0,1830044
hyuA_predicted,0.2,4,4,AAGATCCGGTCATGACTGAT,0,1870384
hyuA_predicted,0.2,4,4,AAGAATCATAAACGTGAGCT,0,1861643
hyuA_predicted,0.2,4,4,AACTGTGACATGAGGAAGTA,0,1870265
hyuA_predicted,0.2,4,4,AACTATATCCCGCTAACACA,0,1850468
hyuA_predicted,0.2,4,4,AACGCTGTGGGTAATAGTTG,0,1844120
hyuA_predicted,0.2,4,4,AACGCTCTAGTGTAAACGCG,0,1866693
hyuA_predicted,0.2,4,4,AACGCGACAATGTCTGAGTT,0,1848642
hyuA_predicted,0.2,4,4,AACCTTTTCAAAAATTCTAG,0,1866484
hyuA_predicted,0.2,4,4,AACCTGGAAAATCAGCTGAT,0,1876348
hyuA_predicted,0.2,4,4,AACCGATACGTTAACAGGGG,0,1873853
hyuA_predicted,0.2,4,4,AACAGCGAATGGCCCCATAT,0,1840099
hyuA_predicted,0.2,4,4,AACAAATTGAAGGGTGACCT,0,1842538
hyuA_predicted,0.2,4,4,AACAAAAGGTCTACAACTGA,0,1832132
hyuA_predicted,0.2,4,4,AAATGGGCTTCACGATATGA,0,1859867
hyuA_predicted,0.2,4,4,AAATCGATAGAGGAGTGCAA,0,1852707
hyuA_predicted,0.2,4,4,AAATAGTCATCTAGTTCGGT,0,1837854
hyuA_predicted,0.2,4,4,AAAGTGACTACCGGCAAGAA,0,1851141
hyuA_predicted,0.2,4,4,AAAGTCAATGACAGGTAGCT,0,1873363
hyuA_predicted,0.2,4,4,AAAGCTATCGTTGGGACTCC,0,1854384
hyuA_predicted,0.2,4,4,AAAGCGTTCATGGCGTTCCA,0,1841596
hyuA_predicted,0.2,4,4,AAAGAGATAACAGGAACCGG,0,1852810
hyuA_predicted,0.2,4,4,AAACTCAAGGCGCAATGCTA,0,1860989
hyuA_predicted,0.2,4,4,AAACACAACGGAGGGTGATC,0,1867285
hyuA_predicted,0.2,4,4,AAAATCAGCCCTCCTCCCAC,0,1860302
hyuA_predicted,0.2,4,4,AAAAAGGCAGTACGGTCTGT,0,1873900
hyuA_predicted,0.25,3,3,TTTTGACTCCCATTCAAACC,0,1830126
hyuA_predicted,0.25,3,3,TTTTCGTAAGATCCGGCACG,0,1829407
hyuA_predicted,0.25,3,3,TTTTCAAAAGGGTACAGGGT,0,1873767
hyuA_predicted,0.25,3,3,TTTTAGGTAAAGATTGATAG,0,1875974
hyuA_predicted,0.25,3,3,TTTGGCTGCGTTTGGTTGGA,0,1839962
hyuA_predicted,0.25,3,3,TTTGATCCGCACGGGGGTTC,0,1833143
hyuA_predicted,0.25,3,3,TTTGAAGCTTGTGACACCTG,0,1873236
hyuA_predicted,0.25,3,3,TTTCTTCTCACGAGGCACCT,0,1851588
hyuA_predicted,0.25,3,3,TTTCGTGAATGGACGAACAA,0,1851491
hyuA_predicted,0.25,3,3,TTTCCCCCCTGAATCGGAAC,0,1853833
hyuA_predicted,0.25,3,3,TTTAGTATCCTATACCCCAG,0,1851139
hyuA_predicted,0.25,3,3,TTTAGCCGTGCGAATGAACT,0,1865918
hyuA_predicted,0.25,3,3,TTTAATAACGGTCTGTCTTA,0,1855723
hyuA_predicted,0.25,3,3,TTGTTTCAGCCGGTGTCTAC,0,1856598
hyuA_predicted,0.25,3,3,TTGTGGCTGTAAAATTTTGG,0,1850016
hyuA_predicted,0.25,3,3,TTGTCCAATGCGCCCCTTCG,0,1854950
hyuA_predicted,0.25,3,3,TTGTCAGCTGGACGCAATCG,0,1867010
hyuA_predicted,0.25,3,3,TTGTAGCTATCTCACGCTAT,0,1870049
hyuA_predicted,0.25,3,3,TTGGTGAGTCTTACATTCTG,0,1856943
hyuA_predicted,0.25,3,3,TTGGTCAGGGCAAATTTGAT,0,1865068
hyuA_predicted,0.25,3,3,TTGCTTACTGCAAAACAGGT,0,1855747
hyuA_predicted,0.25,3,3,TTGATCAATAAGCGTTCAGG,0,1867400
hyuA_predicted,0.25,3,3,TTGATACTATTGGTACAACT,0,1835839
hyuA_predicted,0.25,3,3,TTGAGATACAACTAGGATGC,0,1852283
hyuA_predicted,0.25,3,3,TTGAACTCCGCCAAAGCAAT,0,1870147
hyuA_predicted,0.25,3,3,TTCGTTCCTCAGGACCAAGC,0,1851724
hyuA_predicted,0.25,3,3,TTCGCAGTTAGGTATAGACC,0,1860569
hyuA_predicted,0.25,3,3,TTCGAGCCCATGCCTTCATC,0,1868762
hyuA_predicted,0.25,3,3,TTCCAGACTAACATGACACT,0,1835709
hyuA_predicted,0.25,3,3,TTCCAATGAGGGAGAGATCA,0,1873492
hyuA_predicted,0.25,3,3,TTCAATAGTGCCCTAGCATA,0,1858849
hyuA_predicted,0.25,3,3,TTCAAGACCTCCAACTGCGA,0,1835178
hyuA_predicted,0.25,3,3,TTATTTCATGGTGTGTACGT,0,1861039
hyuA_predicted,0.25,3,3,TTATGAATCTAGAGCGTGTG,0,1846276
hyuA_predicted,0.25,3,3,TTATCCTTTCTATGTTGAGT,0,1861345
hyuA_predicted,0.25,3,3,TTATCATGCACCTGTCAAAT,0,1830128
hyuA_predicted,0.25,3,3,TTATCACACAGTTTCCTTTC,0,1835435
hyuA_predicted,0.25,3,3,TTAGTACGTATCACGCGTAT,0,1843859
hyuA_predicted,0.25,3,3,TTAGGGGTCTTTTCTTATAC,0,1831854
hyuA_predicted,0.25,3,3,TTAGATCGTTCGATGACGTC,0,1835219
hyuA_predicted,0.25,3,3,TTACCCAGCATTCTTGGGAA,0,1837731
hyuA_predicted,0.25,3,3,TTACCAGCGGCCGCCATACT,0,1852098
hyuA_predicted,0.25,3,3,TTACACCTGCGTTAGGTGCC,0,1837785
hyuA_predicted,0.25,3,3,TTAATTCGCATTACGCGAAA,0,1836113
hyuA_predicted,0.25,3,3,TTAATGGAGTCCTCGTGTTA,0,1877197
hyuA_predicted,0.25,3,3,TTAATGAGGACCCCTCAACC,0,1870073
hyuA_predicted,0.25,3,3,TTAATACGAGACGTCAGAGG,0,1867565
hyuA_predicted,0.25,3,3,TTAAGAAGTAGTTGGTAGTA,0,1840073
hyuA_predicted,0.25,3,3,TTAACGAACAGTCGTGGTAA,0,1844055
hyuA_predicted,0.25,3,3,TTAACCCCAATGTCTTATGC,0,1849847
hyuA_predicted,0.25,3,3,TTAAATCGGGCCCTGAGATC,0,1864204
hyuA_predicted,0.25,3,3,TTAAACCCGATTTACAATAC,0,1871053
hyuA_predicted,0.25,3,3,TGTTTTCAATCCGAAACAGA,0,1866434
hyuA_predicted,0.25,3,3,TGTTTTAAGCGTAAAGCTTC,0,1873944
hyuA_predicted,0.25,3,3,TGTTTCCTTCCGTACAGGAG,0,1869318
hyuA_predicted,0.25,3,3,TGTTGTCGAAACCTTTGAAC,0,1863466
hyuA_predicted,0.25,3,3,TGTTCTGGGATAACTACAGA,0,1874007
hyuA_predicted,0.25,3,3,TGTGTTAGACCGGTAGGCCT,0,1843038
hyuA_predicted,0.25,3,3,TGTGGATTGATATTAGCCGT,0,1862283
hyuA_predicted,0.25,3,3,TGTGGATCCTGCCTTACACT,0,1876307
hyuA_predicted,0.25,3,3,TGTGCCGATAGACTTTGCAA,0,1861863
hyuA_predicted,0.25,3,3,TGTCTTCACGATGTGATAAA,0,1845321
hyuA_predicted,0.25,3,3,TGTCGGGGCGTCTTTGCAAG,0,1865248
hyuA_predicted,0.25,3,3,TGTCGCTGTGCACTAATCTA,0,1868752
hyuA_predicted,0.25,3,3,TGTCGCTCCCTACCGGCCAA,0,1868655
hyuA_predicted,0.25,3,3,TGTCAAGCTCATTCAATGTC,0,1845231
hyuA_predicted,0.25,3,3,TGTATAAGTCGTCTAGGGAG,0,1843306
hyuA_predicted,0.25,3,3,TGTAGGCATGCAGACCTAGT,0,1854019
hyuA_predicted,0.25,3,3,TGTAATGGAGCAAAATGTCG,0,1832414
hyuA_predicted,0.25,3,3,TGTAAGTCTAGGGTCGCTGT,0,1838303
hyuA_predicted,0.25,3,3,TGGTTGACGATGAGCCGTGT,0,1874158
hyuA_predicted,0.25,3,3,TGGTTCAAGTTCCGCTCGCA,0,1876604
hyuA_predicted,0.25,3,3,TGGTGGAAGTGTAGGGTTAC,0,1829654
hyuA_predicted,0.25,3,3,TGGTGCTGTGTGGGTTTGAT,0,1850567
hyuA_predicted,0.25,3,3,TGGTGCTGATGTTGTTAGGT,0,1858785
hyuA_predicted,0.25,3,3,TGGTCGCTTGGGCTCAAGGC,0,1867195
hyuA_predicted,0.25,3,3,TGGGTTTTCACCCGGCAGAT,0,1844845
hyuA_predicted,0.25,3,3,TGGGTGCAATTCTGTCATGA,0,1853735
hyuA_predicted,0.25,3,3,TGGGTATGTGCTAAGTATAG,0,1869195
hyuA_predicted,0.25,3,3,TGGGCTCAATGACAGTGTGT,0,1840086
hyuA_predicted,0.25,3,3,TGGGAGCCCTTTTATCAACT,0,1843963
hyuA_predicted,0.25,3,3,TGGGAACTCGCTTAACAACG,0,1833993
hyuA_predicted,0.25,3,3,TGGCGAGTAGTTTCACCGAC,0,1854534
hyuA_predicted,0.25,3,3,TGGCCTGGATCTATCTGAGG,0,1835691
hyuA_predicted,0.25,3,3,TGGCCGAGTTAAAGCCTCTA,0,1844013
hyuA_predicted,0.25,3,3,TGGCCAGCACGTTGTTGCGC,0,1840608
hyuA_predicted,0.25,3,3,TGGCACGGGGGTAGCACATT,0,1845989
hyuA_predicted,0.25,3,3,TGGAGTTCAGGGCCGAGGCT,0,1835961
hyuA_predicted,0.25,3,3,TGGACTTTTGGCTTGTAGAA,0,1862164
hyuA_predicted,0.25,3,3,TGGACTCCCTAGGTGATTTG,0,1859473
hyuA_predicted,0.25,3,3,TGGACCCTACTGATGGCAGC,0,1867004
hyuA_predicted,0.25,3,3,TGGAAGGACTATAGGTTTAA,0,1841745
hyuA_predicted,0.25,3,3,TGGAAGCTGGAGACGATTGA,0,1853624
hyuA_predicted,0.25,3,3,TGCTGATTTGTCGTTCATCA,0,1830531
hyuA_predicted,0.25,3,3,TGCTCACCCAGGACCTGTAT,0,1859475
hyuA_predicted,0.25,3,3,TGCTAGATCACTTCGAACTT,0,1875817
hyuA_predicted,0.25,3,3,TGCTAAGTCATGCGCGGCAC,0,1875788
hyuA_predicted,0.25,3,3,TGCTAAGAACGGGTTCCGTA,0,1829529
hyuA_predicted,0.25,3,3,TGCGCAGAGGGCCGGTTAAC,0,1859671
hyuA_predicted,0.25,3,3,TGCGAGTAAAACGGATCTTG,0,1849901
hyuA_predicted,0.25,3,3,TGCCTCGCGTGTACTCCTAT,0,1864048
hyuA_predicted,0.25,3,3,TGCCTATACGGCTAGACCCG,0,1859273
hyuA_predicted,0.25,3,3,TGCCGTTCAGCCATAATGTG,0,1864324
hyuA_predicted,0.25,3,3,TGCCGTTATGCTGCTAACAG,0,1837242
hyuA_predicted,0.25,3,3,TGCCGTCGAACAGCGGGTTG,0,1858901
hyuA_predicted,0.25,3,3,TGCCGGTCCTCTCTAATGTG,0,1852287
hyuA_predicted,0.25,3,3,TGCCGACCTAAGTTTCCGTG,0,1844118
hyuA_predicted,0.25,3,3,TGCCCGATGATTCATTAGAT,0,1853002
hyuA_predicted,0.25,3,3,TGCCCCTGGTGCCGGGATCT,0,1835854
hyuA_predicted,0.25,3,3,TGCCCCGCCCCTAGCTTTTC,0,1837101
hyuA_predicted,0.25,3,3,TGCATTCTGCTTGGGTCAAT,0,1875759
hyuA_predicted,0.25,3,3,TGCAGAAAAAGACATAAAGT,0,1860992
hyuA_predicted,0.25,3,3,TGATGTAACGTGAACCTATG,0,1861689
hyuA_predicted,0.25,3,3,TGATGAGAATATGCCGAGAA,0,1841991
hyuA_predicted,0.25,3,3,TGATCCAGTGTGAATGATCA,0,1869442
hyuA_predicted,0.25,3,3,TGATCAGGCGGACCCTTGAC,0,1829333
hyuA_predicted,0.25,3,3,TGATACCCTAGTTATCTAAG,0,1868591
hyuA_predicted,0.25,3,3,TGAGTGCGGTTAAGCGGTTA,0,1857753
hyuA_predicted,0.25,3,3,TGAGTGACCAACTCGAATAC,0,1836344
hyuA_predicted,0.25,3,3,TGAGGGCCACCACGATCGTA,0,1846949
hyuA_predicted,0.25,3,3,TGAGCGCGAACACTTATTTT,0,1834402
hyuA_predicted,0.25,3,3,TGAGCGCCGGGAATATTGTC,0,1833633
hyuA_predicted,0.25,3,3,TGAGCATTGTTTCATTGATA,0,1836053
hyuA_predicted,0.25,3,3,TGAGCAGGTCAAGGTAGGCT,0,1835851
hyuA_predicted,0.25,3,3,TGAGACATTGTGATAAGGTC,0,1868695
hyuA_predicted,0.25,3,3,TGACTGGAGGACCTTTGATC,0,1874662
hyuA_predicted,0.25,3,3,TGACGTTGTGGCTATTTCCT,0,1840215
hyuA_predicted,0.25,3,3,TGACCCGAGCTCAGTGAAGG,0,1871836
hyuA_predicted,0.25,3,3,TGACATGTGCGTGGTTACGC,0,1830253
hyuA_predicted,0.25,3,3,TGAAGCATCATGTAGCAGAA,0,1869387
hyuA_predicted,0.25,3,3,TCTTTGAAACGCAAACCTAC,0,1868241
hyuA_predicted,0.25,3,3,TCTTTCTTACGAGCGAAGGG,0,1867181
hyuA_predicted,0.25,3,3,TCTTAGGTACGACACTCACG,0,1850407
hyuA_predicted,0.25,3,3,TCTGTTCTAGCTGAATAGCG,0,1864889
hyuA_predicted,0.25,3,3,TCTGTCAGCTACATCGCGAA,0,1844359
hyuA_predicted,0.25,3,3,TCTGGCGGCTGATGTGGCGG,0,1871340
hyuA_predicted,0.25,3,3,TCTGACAGATCTTCACGCGC,0,1828890
hyuA_predicted,0.25,3,3,TCTCTAGCGACGACACTCGT,0,1853603
hyuA_predicted,0.25,3,3,TCTCGTTTGCCATTTCAGGT,0,1831341
hyuA_predicted,0.25,3,3,TCTCGGCCTCGGAACGCAAA,0,1857942
hyuA_predicted,0.25,3,3,TCTCCGCGCGCTTAGAAGTG,0,1876837
hyuA_predicted,0.25,3,3,TCTCATTTAGGCCCTTGCTG,0,1843090
hyuA_predicted,0.25,3,3,TCTCACGCGCAGCTAGAAAC,0,1871263
hyuA_predicted,0.25,3,3,TCTAGTTGTTGGTCTTGAAA,0,1865356
hyuA_predicted,0.25,3,3,TCTAGAAATGGGCGGCAATC,0,1848571
hyuA_predicted,0.25,3,3,TCTACCCTGGGTGAGTGGCG,0,1844034
hyuA_predicted,0.25,3,3,TCGTGGAGCTTCATGTGAGA,0,1849319
hyuA_predicted,0.25,3,3,TCGTGAGGGTAGCAACTTCG,0,1828948
hyuA_predicted,0.25,3,3,TCGTCTGTGGCAAACTGATG,0,1853251
hyuA_predicted,0.25,3,3,TCGTCTCCGCTCTCGGCTCG,0,1845584
hyuA_predicted,0.25,3,3,TCGTACCATCAACTTCGTAA,0,1853238
hyuA_predicted,0.25,3,3,TCGTACAAGCAGCCTGATAC,0,1844188
hyuA_predicted,0.25,3,3,TCGGTACTTGCACCACAAGA,0,1831620
hyuA_predicted,0.25,3,3,TCGGGGCTATACAGTATCAA,0,1840945
hyuA_predicted,0.25,3,3,TCGGGGAGTATTACCTACAT,0,1865120
hyuA_predicted,0.25,3,3,TCGGCTTTTAGGATTAAGAC,0,1869282
hyuA_predicted,0.25,3,3,TCGGCTCTTATTTTAGGAAT,0,1868899
hyuA_predicted,0.25,3,3,TCGGCGTTAGCGGGCTTCTG,0,1867374
hyuA_predicted,0.25,3,3,TCGGAATTGACTTTCACGTT,0,1866828
hyuA_predicted,0.25,3,3,TCGCTTCCTGTGCCACACTC,0,1868269
hyuA_predicted,0.25,3,3,TCGCTCTAGAATCGTCTATT,0,1839160
hyuA_predicted,0.25,3,3,TCGCATACGGGTCCTCGCCA,0,1854075
hyuA_predicted,0.25,3,3,TCGCAGAACTCCGACCTGGA,0,1832004
hyuA_predicted,0.25,3,3,TCGATGGTGACTCATCGGTC,0,1864959
hyuA_predicted,0.25,3,3,TCGAACCGTTGGAGGTAAGA,0,1845572
hyuA_predicted,0.25,3,3,TCCTCATTTCGGTCGATTTT,0,1853069
hyuA_predicted,0.25,3,3,TCCTCAATGCTTTTAAATGT,0,1828962
hyuA_predicted,0.25,3,3,TCCTAACAAGAGATACCTAA,0,1846283
hyuA_predicted,0.25,3,3,TCCGTGTTTGGTATCCCAAT,0,1835312
hyuA_predicted,0.25,3,3,TCCGATATAGGTCATCGTGA,0,1876704
hyuA_predicted,0.25,3,3,TCCGAGCGTGTAAAATCCTT,0,1863719
hyuA_predicted,0.25,3,3,TCCGAAAGATTCTAGCCTGC,0,1864380
hyuA_predicted,0.25,3,3,TCCCTTGGTACGTAATCTCT,0,1855952
hyuA_predicted,0.25,3,3,TCCCGCGGCGTAGGATACGG,0,1847344
hyuA_predicted,0.25,3,3,TCCCAATCTTCTGAATTTAA,0,1850343
hyuA_predicted,0.25,3,3,TCCAGTCAAGAAAGTTGCGA,0,1868307
hyuA_predicted,0.25,3,3,TCCAGGCTCGCGCCATTTTT,0,1832584
hyuA_predicted,0.25,3,3,TCCAGCTTTTGACATCTATA,0,1853276
hyuA_predicted,0.25,3,3,TCCAGCAGGAGGGCATCATC,0,1857680
hyuA_predicted,0.25,3,3,TCCAATAGCTCCAGCCGCTC,0,1848572
hyuA_predicted,0.25,3,3,TCATTTATGCCTAACTTGCT,0,1847944
hyuA_predicted,0.25,3,3,TCATGTATATAGGCTTCTTA,0,1863851
hyuA_predicted,0.25,3,3,TCATGGGTGGGCGCCTTGTA,0,1859498
hyuA_predicted,0.25,3,3,TCATGATCTTCTGTGCACTA,0,1872174
hyuA_predicted,0.25,3,3,TCATAGAGACACATAATTTC,0,1862492
hyuA_predicted,0.25,3,3,TCATACTCCGCTTGGATGTA,0,1864470
hyuA_predicted,0.25,3,3,TCAGTACACGGGTAGTGGCT,0,1850859
hyuA_predicted,0.25,3,3,TCAGGAGGATACCATGTCCT,0,1848768
hyuA_predicted,0.25,3,3,TCACTCCCGGACTCCTAGGC,0,1871883
hyuA_predicted,0.25,3,3,TCACGCTCGGTTTGGTGTAC,0,1838330
hyuA_predicted,0.25,3,3,TCACCCATGGGGGTGCCCCG,0,1836746
hyuA_predicted,0.25,3,3,TCACAAAATGTCTAGACCTG,0,1855435
hyuA_predicted,0.25,3,3,TCAAGGAAGCCATGGACATC,0,1869347
hyuA_predicted,0.25,3,3,TCAAACCGGCACGGCTGGTC,0,1867431
hyuA_predicted,0.25,3,3,TATTTTATGAAGTGTGGTTC,0,1851379
hyuA_predicted,0.25,3,3,TATTTCAGTCGCTTGGGGCA,0,1870280
hyuA_predicted,0.25,3,3,TATTGCTACCTTCTAAGTAT,0,1839943
hyuA_predicted,0.25,3,3,TATTATTCACGCGCTTTGCA,0,1875870
hyuA_predicted,0.25,3,3,TATTACTTCTTAGGGCTTCA,0,1855505
hyuA_predicted,0.25,3,3,TATGTGTATGTATAACCCTG,0,1860580
hyuA_predicted,0.25,3,3,TATGGGTTCGCACGTTTATG,0,1850773
hyuA_predicted,0.25,3,3,TATGGACCCTCGCGTTCACT,0,1861695
hyuA_predicted,0.25,3,3,TATGATGATCGCGTCGGGAA,0,1862729
hyuA_predicted,0.25,3,3,TATGATCCGTACCCCACCTA,0,1842984
hyuA_predicted,0.25,3,3,TATGAAAGCTCACGTCACTG,0,1860308
hyuA_predicted,0.25,3,3,TATCCTATGGGACTGCCAGT,0,1865681
hyuA_predicted,0.25,3,3,TATCAGACACTTCGATTCTG,0,1865513
hyuA_predicted,0.25,3,3,TATCACCAAGAACTGGGCTC,0,1858568
hyuA_predicted,0.25,3,3,TATAGAGCATCACCCACCGG,0,1854976
hyuA_predicted,0.25,3,3,TATAATTATTAATGATTAAT,0,1851856
hyuA_predicted,0.25,3,3,TATAAGGGGAGTGGCCAGTA,0,1866147
hyuA_predicted,0.25,3,3,TATAAATCGACCGCTGTATT,0,1832880
hyuA_predicted,0.25,3,3,TAGGTGGACTGGGTACGTCC,0,1858466
hyuA_predicted,0.25,3,3,TAGGTCGGCCGAGGGGGTCC,0,1844402
hyuA_predicted,0.25,3,3,TAGGTCGATGGGTGTGTAGT,0,1832976
hyuA_predicted,0.25,3,3,TAGGGTCTAATCAGGTGGTT,0,1854721
hyuA_predicted,0.25,3,3,TAGGGCTACGTCGTACTGAA,0,1850248
hyuA_predicted,0.25,3,3,TAGGCGCGGTAGGGTTGTCC,0,1863948
hyuA_predicted,0.25,3,3,TAGGCCACTTTCAAGGAGGA,0,1857394
hyuA_predicted,0.25,3,3,TAGGCAGATATCTGTGCCTA,0,1854921
hyuA_predicted,0.25,3,3,TAGGACGTGGGAACACGTAT,0,1868941
hyuA_predicted,0.25,3,3,TAGCTCAGGACTACGCAGCG,0,1855849
hyuA_predicted,0.25,3,3,TAGCCAACACATACGTCAAT,0,1844038
hyuA_predicted,0.25,3,3,TAGCACACACAAGGCAGGTG,0,1841436
hyuA_predicted,0.25,3,3,TAGATCGAGTGCGCATCGAC,0,1857530
hyuA_predicted,0.25,3,3,TAGAGGGAGAACAAATAAAA,0,1855077
hyuA_predicted,0.25,3,3,TAGAGACGGCGCGTGCCGAG,0,1856609
hyuA_predicted,0.25,3,3,TAGACCAGAGTTAACGGCGT,0,1852897
hyuA_predicted,0.25,3,3,TAGAATACCCTACGATTCAA,0,1842850
hyuA_predicted,0.25,3,3,TACTTAATTTTGATACAGCT,0,1858508
hyuA_predicted,0.25,3,3,TACTGTGGGATCCCACACGA,0,1830228
hyuA_predicted,0.25,3,3,TACTGACGCGCGATCGTGGA,0,1862039
hyuA_predicted,0.25,3,3,TACTATATCAGACATGACCC,0,1854056
hyuA_predicted,0.25,3,3,TACGGACACGGCCCGCCGAA,0,1866786
hyuA_predicted,0.25,3,3,TACGCGCGTCGTCGTTGTTT,0,1869440
hyuA_predicted,0.25,3,3,TACGCATCGTATCCTGTCAA,0,1848301
hyuA_predicted,0.25,3,3,TACGCAACCTAGGGTTACGA,0,1830791
hyuA_predicted,0.25,3,3,TACGATATATCAAGGTCGTT,0,1870366
hyuA_predicted,0.25,3,3,TACCGTGGCACCAACATCGG,0,1847976
hyuA_predicted,0.25,3,3,TACATTAGGGGAGGAGTGAT,0,1834535
hyuA_predicted,0.25,3,3,TACAATTTCAGCACGGAGTT,0,1855091
hyuA_predicted,0.25,3,3,TACAACCTGCGACAATGAAA,0,1846422
hyuA_predicted,0.25,3,3,TAATGATTAACATTGTCCGA,0,1830775
hyuA_predicted,0.25,3,3,TAATACCGCGTATCCGCCAT,0,1837512
hyuA_predicted,0.25,3,3,TAAGTTGTACTCCGTCGGCG,0,1874299
hyuA_predicted,0.25,3,3,TAAGTCACTCAAGACGCGAG,0,1847295
hyuA_predicted,0.25,3,3,TAAGGAAAAGCCAGTGGGGT,0,1862607
hyuA_predicted,0.25,3,3,TAACTGATTTCGTCTGTCCG,0,1855264
hyuA_predicted,0.25,3,3,TAACGTTTTACGATGGAAAT,0,1852041
hyuA_predicted,0.25,3,3,TAACGTCGTCTGCACTACAT,0,1849455
hyuA_predicted,0.25,3,3,TAAATCCACTGCAGTAGTAA,0,1830822
hyuA_predicted,0.25,3,3,TAAAGGAATCTCTCTAGCGT,0,1856129
hyuA_predicted,0.25,3,3,TAAAGCTTGACCATATTAAT,0,1843871
hyuA_predicted,0.25,3,3,TAAAGCACCTCCCCAGGTGT,0,1829648
hyuA_predicted,0.25,3,3,TAAACTTCGAAGTTATCTAG,0,1852631
hyuA_predicted,0.25,3,3,TAAACTAGAGGGAAGTTGAT,0,1857613
hyuA_predicted,0.25,3,3,TAAAAAGATCTTAACACTTT,0,1837826
hyuA_predicted,0.25,3,3,GTTTTGTACCCGTGGACAAG,0,1848208
hyuA_predicted,0.25,3,3,GTTTGTGCTAGCGCCTCGAG,0,1848803
hyuA_predicted,0.25,3,3,GTTTGTGACGTTCTGTGATG,0,1834369
hyuA_predicted,0.25,3,3,GTTTGCATGTTGAGGCCAGA,0,1840058
hyuA_predicted,0.25,3,3,GTTTGCACTAGATTGGTTGC,0,1849330
hyuA_predicted,0.25,3,3,GTTTCCAGATGCGCATGATA,0,1838717
hyuA_predicted,0.25,3,3,GTTTATTTGATATGCAGCCG,0,1837001
hyuA_predicted,0.25,3,3,GTTTACAGGAGAAGCGACCA,0,1873685
hyuA_predicted,0.25,3,3,GTTGTTGAGTAGCGGGGGAC,0,1860513
hyuA_predicted,0.25,3,3,GTTGTCAATTCTCGTTGTTT,0,1857447
hyuA_predicted,0.25,3,3,GTTGTAGTAGCGCAAAGCTA,0,1846463
hyuA_predicted,0.25,3,3,GTTGGCCCCTACTGCACCCT,0,1840384
hyuA_predicted,0.25,3,3,GTTGCTATATAAGGAAGGTA,0,1853042
hyuA_predicted,0.25,3,3,GTTGCGTAAAGTGCATACAA,0,1876723
hyuA_predicted,0.25,3,3,GTTCTTGTCTGTACAGACTA,0,1834751
hyuA_predicted,0.25,3,3,GTTCGTGGAATCAACATGGC,0,1854096
hyuA_predicted,0.25,3,3,GTTCGTCTGGGGATGGCCGT,0,1845086
hyuA_predicted,0.25,3,3,GTTCCTCCGAGCTCGCACTC,0,1875837
hyuA_predicted,0.25,3,3,GTTCATTGGGGCGCTTGCTT,0,1870422
hyuA_predicted,0.25,3,3,GTTATTCACGTTGCCTAACG,0,1877063
hyuA_predicted,0.25,3,3,GTTATGCCCCCCGACCGCGC,0,1861769
hyuA_predicted,0.25,3,3,GTTATACAAGATGAGTAGGA,0,1872047
hyuA_predicted,0.25,3,3,GTTAGACAGTCAGTAAGTGA,0,1875280
hyuA_predicted,0.25,3,3,GTTACAGACGGGCTTAGTTA,0,1855249
hyuA_predicted,0.25,3,3,GTTAATTTTTGATCGCGAAC,0,1858353
hyuA_predicted,0.25,3,3,GTTAACGAAGCTATAAAAGA,0,1861114
hyuA_predicted,0.25,3,3,GTGTTTCCACGGATCAATGT,0,1850419
hyuA_predicted,0.25,3,3,GTGTTCGCTCAGTGGACACG,0,1872765
hyuA_predicted,0.25,3,3,GTGTGTTTTAGTAACGATGA,0,1877293
hyuA_predicted,0.25,3,3,GTGTGATATGCGGAGTGGAG,0,1873881
hyuA_predicted,0.25,3,3,GTGTCGGTTATAGGACTTAT,0,1834332
hyuA_predicted,0.25,3,3,GTGTATCGGATTGGTAGGTC,0,1850041
hyuA_predicted,0.25,3,3,GTGTAATTCTCCTTGTGCAA,0,1867610
hyuA_predicted,0.25,3,3,GTGGTTGGAAGTAGTATATT,0,1835553
hyuA_predicted,0.25,3,3,GTGGGTGTGAGGTAGAATAA,0,1832994
hyuA_predicted,0.25,3,3,GTGGGTCGAGCTATTGGCTC,0,1831346
hyuA_predicted,0.25,3,3,GTGGGATGTAAATTAAACTC,0,1837586
hyuA_predicted,0.25,3,3,GTGGCGCCAAATAGAATGAT,0,1853407
hyuA_predicted,0.25,3,3,GTGGCCGGGGCGTTGGCGAA,0,1863828
hyuA_predicted,0.25,3,3,GTGGACCCTGTTACGCCGGA,0,1836809
hyuA_predicted,0.25,3,3,GTGGACAAGAGGCTGATGGT,0,1859033
hyuA_predicted,0.25,3,3,GTGCGTTTTCCATACAGAAA,0,1847592
hyuA_predicted,0.25,3,3,GTGCGATGCACTAGGTTCTC,0,1837909
hyuA_predicted,0.25,3,3,GTGCCCCTAACGGTTTGACG,0,1832590
hyuA_predicted,0.25,3,3,GTGATACATGTTACCCACTC,0,1849697
hyuA_predicted,0.25,3,3,GTGAGTGCGCATATGGCTAG,0,1872364
hyuA_predicted,0.25,3,3,GTGAGGATAGGAAAGCTCAG,0,1834708
hyuA_predicted,0.25,3,3,GTGAGATATATCGATATACG,0,1873990
hyuA_predicted,0.25,3,3,GTCTTCGGGGTCATGAGTGG,0,1868080
hyuA_predicted,0.25,3,3,GTCTGGTGGCGCAAGTTGTG,0,1877843
hyuA_predicted,0.25,3,3,GTCGTGGTACCTCCGTAGAG,0,1867406
hyuA_predicted,0.25,3,3,GTCGCTTGCCCAAGTCCAGC,0,1837926
hyuA_predicted,0.25,3,3,GTCGATCAGCAGATAGGACA,0,1852802
hyuA_predicted,0.25,3,3,GTCGAGTCCGACGGAGACCT,0,1837558
hyuA_predicted,0.25,3,3,GTCCCTCGGTGTTTTAAGCG,0,1837662
hyuA_predicted,0.25,3,3,GTCCCCGGGGGGATAAAGCC,0,1835469
hyuA_predicted,0.25,3,3,GTCCAGCTACAGCTGCCGAT,0,1850989
hyuA_predicted,0.25,3,3,GTCCACTCACTTGCCACGTA,0,1868293
hyuA_predicted,0.25,3,3,GTCCACCTTCCCTTCTACGT,0,1837098
hyuA_predicted,0.25,3,3,GTCCAAGAGGGCTAGCGTAT,0,1873500
hyuA_predicted,0.25,3,3,GTCATTAAAGCTATTGGACA,0,1851301
hyuA_predicted,0.25,3,3,GTCATGCCTTTCGACGGCTT,0,1832289
hyuA_predicted,0.25,3,3,GTCATCGCTCAGCGGTGAAG,0,1843072
hyuA_predicted,0.25,3,3,GTCATCCATCCACCTATCCT,0,1845039
hyuA_predicted,0.25,3,3,GTCACGGGAATTGGGTGCTA,0,1837458
hyuA_predicted,0.25,3,3,GTCACAGCTGCTCTTAACAA,0,1844471
hyuA_predicted,0.25,3,3,GTATTGCTTTGTTGATTAGG,0,1849515
hyuA_predicted,0.25,3,3,GTATGGAAAGGCCTAATGCT,0,1860933
hyuA_predicted,0.25,3,3,GTATATGACCGTCTTCTAGT,0,1836258
hyuA_predicted,0.25,3,3,GTAGTTCGATACGCGTCCTT,0,1861132
hyuA_predicted,0.25,3,3,GTAGTTAACCAGTTACTTCC,0,1874319
hyuA_predicted,0.25,3,3,GTAGGTCCATCGACTCACAT,0,1831816
hyuA_predicted,0.25,3,3,GTAGGAGAAACATATCTGTA,0,1875439
hyuA_predicted,0.25,3,3,GTAGATTGTGGACGAAGAGC,0,1832109
hyuA_predicted,0.25,3,3,GTACTGTTGTCCCACAGCAT,0,1863405
hyuA_predicted,0.25,3,3,GTACTCTATGCTAATGGGTT,0,1846201
hyuA_predicted,0.25,3,3,GTACGTTAAGGGCCTTGTGA,0,1843753
hyuA_predicted,0.25,3,3,GTAACTTTTTTTCACGGCCT,0,1831415
hyuA_predicted,0.25,3,3,GTAAATGTTGGCAGCGTGGC,0,1837778
hyuA_predicted,0.25,3,3,GTAAATCTGTAATTAAGTGG,0,1875278
hyuA_predicted,0.25,3,3,GTAAAGTTCCATTGATTGCT,0,1859145
hyuA_predicted,0.25,3,3,GTAAAAAGTGTTGCCCGGTT,0,1863003
hyuA_predicted,0.25,3,3,GGTTTGTGGTCAGGCTGGCA,0,1856275
hyuA_predicted,0.25,3,3,GGTTGGCACGTATGCGAAGG,0,1848766
hyuA_predicted,0.25,3,3,GGTTGAAGGGTTGCATATTT,0,1846801
hyuA_predicted,0.25,3,3,GGTTCTATAAACAATAAAAG,0,1863848
hyuA_predicted,0.25,3,3,GGTTACAAGGAACGTAAATC,0,1851593
hyuA_predicted,0.25,3,3,GGTTAAATTTCCTTGATACT,0,1876530
hyuA_predicted,0.25,3,3,GGTGTATGGTTTTTGAGTAA,0,1848699
hyuA_predicted,0.25,3,3,GGTGGATGAAGCTATGGGTA,0,1837996
hyuA_predicted,0.25,3,3,GGTGCGCTGGTAATATAGCT,0,1858411
hyuA_predicted,0.25,3,3,GGTGCATCGTAACATTTCAA,0,1840500
hyuA_predicted,0.25,3,3,GGTCCCGGTCTCGGTACTTC,0,1853439
hyuA_predicted,0.25,3,3,GGTCCCCCGTGGGTCACCCC,0,1872749
hyuA_predicted,0.25,3,3,GGTCATCATATTATGTGGGA,0,1861042
hyuA_predicted,0.25,3,3,GGTATATACATCCATAGGGA,0,1871117
hyuA_predicted,0.25,3,3,GGTAGTACTGCTCGCTCAAA,0,1846365
hyuA_predicted,0.25,3,3,GGTACCCCACACCTCGACTG,0,1858447
hyuA_predicted,0.25,3,3,GGGTGATAGTCGCTACGGGA,0,1847443
hyuA_predicted,0.25,3,3,GGGTCTTTAATTTACATGAT,0,1871147
hyuA_predicted,0.25,3,3,GGGTCTAGTGCAGCCCTATT,0,1870838
hyuA_predicted,0.25,3,3,GGGTCAGCACCTGCAACGGC,0,1844518
hyuA_predicted,0.25,3,3,GGGTATTCGTTTAAACCGGC,0,1874898
hyuA_predicted,0.25,3,3,GGGTATGAGAATCTTGCAAT,0,1840181
hyuA_predicted,0.25,3,3,GGGGTGTTACTAGGCTGCGT,0,1877866
hyuA_predicted,0.25,3,3,GGGGTAAAGTGTCTCCAAAC,0,1832600
hyuA_predicted,0.25,3,3,GGGGCGACCGCAATTCTTCT,0,1837250
hyuA_predicted,0.25,3,3,GGGCGTTAGCTGAGCCGAAT,0,1872804
hyuA_predicted,0.25,3,3,GGGCCATGGTCCGGGTACGA,0,1847438
hyuA_predicted,0.25,3,3,GGGCCAGTCATCAGGGGCGT,0,1841544
hyuA_predicted,0.25,3,3,GGGCAGGCTTTCTCAAGAAT,0,1869987
hyuA_predicted,0.25,3,3,GGGCAACACAACTTACGTCG,0,1873996
hyuA_predicted,0.25,3,3,GGGAGTTCGTTAGTATAGAG,0,1856290
hyuA_predicted,0.25,3,3,GGGAGCACACACAATACAAA,0,1840381
hyuA_predicted,0.25,3,3,GGGAGATTGGGAGGTGACAC,0,1876657
hyuA_predicted,0.25,3,3,GGGACTCGCTTTAGAGCAAG,0,1829508
hyuA_predicted,0.25,3,3,GGGACAGGTATCCCCGTTCG,0,1865170
hyuA_predicted,0.25,3,3,GGCTCGGTACCAGCCGCGGA,0,1848059
hyuA_predicted,0.25,3,3,GGCTCGCCTTTGTATCGACA,0,1831735
hyuA_predicted,0.25,3,3,GGCTCATCAACAATACACCT,0,1868628
hyuA_predicted,0.25,3,3,GGCGTGGCTGATCACCAATC,0,1833775
hyuA_predicted,0.25,3,3,GGCGTAGAGGGCTGTCTTGA,0,1839116
hyuA_predicted,0.25,3,3,GGCGCACTGAAGATGGAGCC,0,1831693
hyuA_predicted,0.25,3,3,GGCGATTATTCTATAAAATG,0,1832307
hyuA_predicted,0.25,3,3,GGCGATATGTACGGGAATGT,0,1866849
hyuA_predicted,0.25,3,3,GGCCTTTCGCACACGCTCTG,0,1851979
hyuA_predicted,0.25,3,3,GGCCTGCTTCTCTCAAGTGG,0,1844914
hyuA_predicted,0.25,3,3,GGCCGCTCTTATAGCGGATC,0,1876775
hyuA_predicted,0.25,3,3,GGCCGCCCGAAGCGGAATTC,0,1830153
hyuA_predicted,0.25,3,3,GGCCCATGCCGGCTTCTCGT,0,1858469
hyuA_predicted,0.25,3,3,GGCCAAACTTACAGCAGGCA,0,1834643
hyuA_predicted,0.25,3,3,GGCATTTGAATCCAAAGGGA,0,1846128
hyuA_predicted,0.25,3,3,GGCATCAATCCAACCCTTCT,0,1840585
hyuA_predicted,0.25,3,3,GGCAGTGGTAGACACGGGGA,0,1833491
hyuA_predicted,0.25,3,3,GGCAGAGGGTCTAAAGAGCT,0,1874955
hyuA_predicted,0.25,3,3,GGCAGAAGCTCATAACAGTT,0,1872729
hyuA_predicted,0.25,3,3,GGCACTGTAACGACTACATA,0,1829249
hyuA_predicted,0.25,3,3,GGCAAGTTGGGCCAGGACCA,0,1871435
hyuA_predicted,0.25,3,3,GGATTGCGTTACTAGAAGGA,0,1871057
hyuA_predicted,0.25,3,3,GGATGTCTCTACGTGGCTCG,0,1863546
hyuA_predicted,0.25,3,3,GGATGTCACGTGTGTCTCTT,0,1837307
hyuA_predicted,0.25,3,3,GGATGACTCCGATGCGGCGA,0,1851905
hyuA_predicted,0.25,3,3,GGATCGGAAACGGCTTTCGT,0,1840462
hyuA_predicted,0.25,3,3,GGAGTAAGCCCCGTTCTTGG,0,1861961
hyuA_predicted,0.25,3,3,GGAGCTCGACAGGCGGAAGG,0,1842217
hyuA_predicted,0.25,3,3,GGAGCCAAGACGGAGAAGGT,0,1859992
hyuA_predicted,0.25,3,3,GGAGCACCAGCTCCTGTTTC,0,1831858
hyuA_predicted,0.25,3,3,GGAGAACGCACTTCAAGATA,0,1861171
hyuA_predicted,0.25,3,3,GGACGTTCCACGCTGTCGGA,0,1861084
hyuA_predicted,0.25,3,3,GGACGTTAGGGTAGCGGTAA,0,1830448
hyuA_predicted,0.25,3,3,GGACGTGTTAGTGTATTCAT,0,1863980
hyuA_predicted,0.25,3,3,GGACGTATAATACTGTCCAA,0,1834731
hyuA_predicted,0.25,3,3,GGACACACGCCGTGTCGTTG,0,1854200
hyuA_predicted,0.25,3,3,GGAATTTATGGTGCGCCATA,0,1866652
hyuA_predicted,0.25,3,3,GGAATTATTGAAGCGTCAAG,0,1843548
hyuA_predicted,0.25,3,3,GGAAGTCTGCATAGGGTTGT,0,1860892
hyuA_predicted,0.25,3,3,GGAAGAACGGGGTGGACATC,0,1856956
hyuA_predicted,0.25,3,3,GGAACCCAGGGCGTGAGCGG,0,1869926
hyuA_predicted,0.25,3,3,GGAAATCTACTGCTTGGCAA,0,1857877
hyuA_predicted,0.25,3,3,GGAAACTTGAACACAATGGA,0,1871248
hyuA_predicted,0.25,3,3,GGAAACAACAATATTGCGGT,0,1856580
hyuA_predicted,0.25,3,3,GCTTTAACGTCTCTCGCCAC,0,1846000
hyuA_predicted,0.25,3,3,GCTTCGGACTCTGGAACTCA,0,1855996
hyuA_predicted,0.25,3,3,GCTTCACCGGCGCAACGAGG,0,1866073
hyuA_predicted,0.25,3,3,GCTTACGACGTCCTTTAGTC,0,1852835
hyuA_predicted,0.25,3,3,GCTTAAGGAAAATAAAATCA,0,1858253
hyuA_predicted,0.25,3,3,GCTGTGGGTTAACGGTATTC,0,1867393
hyuA_predicted,0.25,3,3,GCTGTATACATATAACACCG,0,1863149
hyuA_predicted,0.25,3,3,GCTGGGGATCGCGGGAGGAG,0,1861527
hyuA_predicted,0.25,3,3,GCTGGCAAGGTATGTTCCCG,0,1833701
hyuA_predicted,0.25,3,3,GCTGAGACTCTCTATCGGAG,0,1875869
hyuA_predicted,0.25,3,3,GCTGAAAGCGTTGTTCGTAT,0,1833507
hyuA_predicted,0.25,3,3,GCTCTTTGGCTCAATGTTAC,0,1861664
hyuA_predicted,0.25,3,3,GCTCGTTGATATGTTCTGTC,0,1866843
hyuA_predicted,0.25,3,3,GCTCCCGTCGGTCTAGAGGA,0,1831308
hyuA_predicted,0.25,3,3,GCTAGAAATTAGCGTGAGTT,0,1837908
hyuA_predicted,0.25,3,3,GCTAACGCCAGGATCACTAG,0,1872018
hyuA_predicted,0.25,3,3,GCGTTGCGAACTCGGGTTGG,0,1847624
hyuA_predicted,0.25,3,3,GCGTTCTTATAGATGAGTCT,0,1854294
hyuA_predicted,0.25,3,3,GCGTGCCAGTCGCCCCCAGT,0,1874036
hyuA_predicted,0.25,3,3,GCGGTGGCACACCAGCATTC,0,1849996
hyuA_predicted,0.25,3,3,GCGGGTGATGCCAGATGTTC,0,1860658
hyuA_predicted,0.25,3,3,GCGGGCGACTGTAGGCTCGT,0,1858927
hyuA_predicted,0.25,3,3,GCGCCTCGGTGGCCGATGCT,0,1859764
hyuA_predicted,0.25,3,3,GCGATGCCGATTTGGCTGTG,0,1832342
hyuA_predicted,0.25,3,3,GCGAATGGGCGTGTGCCTAG,0,1856714
hyuA_predicted,0.25,3,3,GCGAAGACCACGCCTGTGAT,0,1862953
hyuA_predicted,0.25,3,3,GCGAACGGGGTGTGTACACA,0,1873143
hyuA_predicted,0.25,3,3,GCCTTGTGCATGCAGCTGAA,0,1846618
hyuA_predicted,0.25,3,3,GCCTTCTATACTCGCTGGTG,0,1853899
hyuA_predicted,0.25,3,3,GCCTGGTATGAGTAAGAACT,0,1845833
hyuA_predicted,0.25,3,3,GCCTGCCGCGGTAGTCGGAC,0,1856917
hyuA_predicted,0.25,3,3,GCCTCTTGATCGCAACGCTA,0,1863713
hyuA_predicted,0.25,3,3,GCCTCCGTTGCGAAACATGA,0,1854585
hyuA_predicted,0.25,3,3,GCCTACTAAACTGGCGCAAC,0,1861315
hyuA_predicted,0.25,3,3,GCCGTTTAGCTGAACATCGT,0,1845334
hyuA_predicted,0.25,3,3,GCCCTGAGTGAGGTTAGGAA,0,1873145
hyuA_predicted,0.25,3,3,GCCCACTTATGTTCTTGTGT,0,1855830
hyuA_predicted,0.25,3,3,GCCAGAGGTTGTAAAAAGAT,0,1850570
hyuA_predicted,0.25,3,3,GCATTTTGATTTTTGAAGCT,0,1867525
hyuA_predicted,0.25,3,3,GCATTTGCAAGAGGGTGGCC,0,1835375
hyuA_predicted,0.25,3,3,GCATTCGCGCGTAATGACGG,0,1841252
hyuA_predicted,0.25,3,3,GCATTCCGCGTGGGCGGGGT,0,1853441
hyuA_predicted,0.25,3,3,GCATTACACCAGTTAGGTCA,0,1857212
hyuA_predicted,0.25,3,3,GCATCCCATTTACGAACCGA,0,1832884
hyuA_predicted,0.25,3,3,GCATATCATCGGATCCGGGT,0,1856895
hyuA_predicted,0.25,3,3,GCAGTTCCTGGACCCTCTGA,0,1830865
hyuA_predicted,0.25,3,3,GCAGTGCCGTCAATGTGGCT,0,1846076
hyuA_predicted,0.25,3,3,GCAGAGAGACCCAGTCAAAT,0,1876960
hyuA_predicted,0.25,3,3,GCACTGGTTAAAATCCAAAT,0,1849912
hyuA_predicted,0.25,3,3,GCACGTTGTACCGACGAAAA,0,1867858
hyuA_predicted,0.25,3,3,GCACCTGGGTGTCTACGATA,0,1832742
hyuA_predicted,0.25,3,3,GCACCGTCCAGATCTGTTTA,0,1835571
hyuA_predicted,0.25,3,3,GCACCCGGCTCTCAGGTAGT,0,1874856
hyuA_predicted,0.25,3,3,GCACCAATTCCGATAGATTT,0,1869537
hyuA_predicted,0.25,3,3,GCACAGATCATTAAGGTTCA,0,1875189
hyuA_predicted,0.25,3,3,GCAACGAAATTTTCCCGCTC,0,1837346
hyuA_predicted,0.25,3,3,GCAAAGGCTACGGAGGTCAA,0,1844912
hyuA_predicted,0.25,3,3,GATTTGATTCGGCGTTGCGC,0,1863939
hyuA_predicted,0.25,3,3,GATTTATTTCGGCATTCAGC,0,1854014
hyuA_predicted,0.25,3,3,GATTCAGATGGGGAGTCCTC,0,1864550
hyuA_predicted,0.25,3,3,GATTAGCGCACCGGGGACTA,0,1839635
hyuA_predicted,0.25,3,3,GATTAGAGGAGGGAGTTCAT,0,1867182
hyuA_predicted,0.25,3,3,GATGTTCGTTGATATTTAAG,0,1842025
hyuA_predicted,0.25,3,3,GATGGTTCCACAAAACTCAA,0,1853637
hyuA_predicted,0.25,3,3,GATGGTAGCGTCATACAGTC,0,1861306
hyuA_predicted,0.25,3,3,GATGCCTACTGACCCCTGAA,0,1829372
hyuA_predicted,0.25,3,3,GATCTCCTCAGCTCTGGACA,0,1829413
hyuA_predicted,0.25,3,3,GATCGACGAATGCAGAATCT,0,1839616
hyuA_predicted,0.25,3,3,GATATTTTTATCAGTTAGTT,0,1841083
hyuA_predicted,0.25,3,3,GATATCGATGTGTAAGGGGT,0,1865853
hyuA_predicted,0.25,3,3,GATATCACTGGGTTATTTAA,0,1866250
hyuA_predicted,0.25,3,3,GATATAGTTCCCTAACGTGT,0,1846498
hyuA_predicted,0.25,3,3,GATAGGCGGAAGATGCATAT,0,1853350
hyuA_predicted,0.25,3,3,GATAGCTTTAATTGCTCCTG,0,1840171
hyuA_predicted,0.25,3,3,GATACCAGGGGTGTAGTTTG,0,1843014
hyuA_predicted,0.25,3,3,GAGTTGCCTGGCTAGACGTC,0,1866437
hyuA_predicted,0.25,3,3,GAGTGGTTATCATCCCATTT,0,1830914
hyuA_predicted,0.25,3,3,GAGTGCTCTTTTTGTCAGCG,0,1843996
hyuA_predicted,0.25,3,3,GAGTCATTATCTCCCGACAA,0,1873133
hyuA_predicted,0.25,3,3,GAGGTGCAGGTAACCCCAAC,0,1867334
hyuA_predicted,0.25,3,3,GAGGGGCGCCTCAAGCTCAG,0,1847452
hyuA_predicted,0.25,3,3,GAGGGGAATGACCATTGTTC,0,1844822
hyuA_predicted,0.25,3,3,GAGGGCCAGTCCGCATGCTG,0,1842848
hyuA_predicted,0.25,3,3,GAGGCTTACTCTGTGCCGTG,0,1876213
hyuA_predicted,0.25,3,3,GAGGCGGAGAGTACACTACG,0,1847583
hyuA_predicted,0.25,3,3,GAGCTTCCACATAAGGACCA,0,1874872
hyuA_predicted,0.25,3,3,GAGCTAAATGACTAACTCTC,0,1834266
hyuA_predicted,0.25,3,3,GAGCCGCGTTAGGTCGGTCG,0,1845561
hyuA_predicted,0.25,3,3,GAGCAGGGGACACGTGGTCT,0,1860088
hyuA_predicted,0.25,3,3,GAGATCCCGCTTGACTAACC,0,1830945
hyuA_predicted,0.25,3,3,GAGAGAGATCAGCCGAAAAC,0,1835889
hyuA_predicted,0.25,3,3,GACTTGGGGAGACAGCTTTT,0,1877052
hyuA_predicted,0.25,3,3,GACTGTTGGATGAACCTAAG,0,1876153
hyuA_predicted,0.25,3,3,GACTGCTCGCCAACGGGTGC,0,1847903
hyuA_predicted,0.25,3,3,GACTCGTCTAGCGGATACTT,0,1842464
hyuA_predicted,0.25,3,3,GACTCGATGCCGGGGGTGTT,0,1835114
hyuA_predicted,0.25,3,3,GACTATGCGGCACAAGAGTC,0,1852323
hyuA_predicted,0.25,3,3,GACTAGATCCCTCCAGGATC,0,1849311
hyuA_predicted,0.25,3,3,GACTACTCAGCGACCTAGCA,0,1837502
hyuA_predicted,0.25,3,3,GACGGTAAAGTACATCGTAA,0,1839882
hyuA_predicted,0.25,3,3,GACGGGGGCATAAACTAAGT,0,1843551
hyuA_predicted,0.25,3,3,GACGCGCCAGGTTCCCTGTT,0,1840513
hyuA_predicted,0.25,3,3,GACGCCGTTACCGGCACGTC,0,1845074
hyuA_predicted,0.25,3,3,GACCTAGGTCTGGGACGCAG,0,1869944
hyuA_predicted,0.25,3,3,GACCGTGTAGTGACGCATCG,0,1842100
hyuA_predicted,0.25,3,3,GACCGCGGCCGCGCGTGGCA,0,1864474
hyuA_predicted,0.25,3,3,GACCATGGGCGCCAGAGTGA,0,1862604
hyuA_predicted,0.25,3,3,GACATTGCGGCACAGGGCAA,0,1831970
hyuA_predicted,0.25,3,3,GACAGTCATACATCTTTTCA,0,1850008
hyuA_predicted,0.25,3,3,GACAGGGTCGTTAAGGGTAA,0,1845204
hyuA_predicted,0.25,3,3,GACACGGGCCTGTCGTAGGA,0,1829597
hyuA_predicted,0.25,3,3,GACACGGCTATGAACCGTGG,0,1834318
hyuA_predicted,0.25,3,3,GACACATTTAAAGTGGCAGC,0,1865415
hyuA_predicted,0.25,3,3,GACAATTCGTTCATTTCGTC,0,1842951
hyuA_predicted,0.25,3,3,GAATGGTACTCTTGTATTAC,0,1860655
hyuA_predicted,0.25,3,3,GAATGGATATACACGTTTGG,0,1863000
hyuA_predicted,0.25,3,3,GAATACTTGTCATCTAATCC,0,1839569
hyuA_predicted,0.25,3,3,GAATACAAATGTGCTGGAGC,0,1860905
hyuA_predicted,0.25,3,3,GAAGTGGTTCATTCGCGCTG,0,1836159
hyuA_predicted,0.25,3,3,GAAGTAGTCGGCTTTCGCCA,0,1839352
hyuA_predicted,0.25,3,3,GAAGGGGGCGCGGTCATCAG,0,1840392
hyuA_predicted,0.25,3,3,GAAGCGTGACGTTCCATAAC,0,1862535
hyuA_predicted,0.25,3,3,GAAGCCCAGCACTTTTTTCT,0,1834956
hyuA_predicted,0.25,3,3,GAAGAGTCGAATGGTGAGAG,0,1857393
hyuA_predicted,0.25,3,3,GAAGAGGCGTAAATGTGCCA,0,1836341
hyuA_predicted,0.25,3,3,GAACTGTTGGACACCCCAGA,0,1863093
hyuA_predicted,0.25,3,3,GAACCGCTATTGAGCCATTC,0,1832761
hyuA_predicted,0.25,3,3,GAACCCCCTGATGTCATTAC,0,1861918
hyuA_predicted,0.25,3,3,GAAACTGGGAAACCGGATAA,0,1847642
hyuA_predicted,0.25,3,3,GAAACGAAATACCAGGGATG,0,1858583
hyuA_predicted,0.25,3,3,GAAAACGCCTTAAAGCTGTT,0,1834104
hyuA_predicted,0.25,3,3,CTTTGCATGTTGAGCGAGTG,0,1865548
hyuA_predicted,0.25,3,3,CTTTGATTGCCAAGGCTCCG,0,1867558
hyuA_predicted,0.25,3,3,CTTTCAAGTCCAAGAGTTCT,0,1842509
hyuA_predicted,0.25,3,3,CTTGTGGCCAATACATCCGT,0,1862462
hyuA_predicted,0.25,3,3,CTTGTAAAGTTGATCACCAA,0,1841061
hyuA_predicted,0.25,3,3,CTTGCGTACCCAAGAGTAGC,0,1871335
hyuA_predicted,0.25,3,3,CTTGCATTGTTCACCGTCCA,0,1866714
hyuA_predicted,0.25,3,3,CTTGACATAGATGAGATAAA,0,1874279
hyuA_predicted,0.25,3,3,CTTCTTCGCAGATAACAAAG,0,1873229
hyuA_predicted,0.25,3,3,CTTCGTTTCCACGTCACTAG,0,1874939
hyuA_predicted,0.25,3,3,CTTCGGCAGAATTCTGTTAC,0,1847133
hyuA_predicted,0.25,3,3,CTTCCTAAGGGGTTCTTAAG,0,1846919
hyuA_predicted,0.25,3,3,CTTATTTTGCTTCGAGGGGT,0,1852368
hyuA_predicted,0.25,3,3,CTTAGGCATCGCCGTCCCCG,0,1848166
hyuA_predicted,0.25,3,3,CTTACTATAAGGTTTCAATC,0,1877201
hyuA_predicted,0.25,3,3,CTTACGTCTCAAAGCACAGG,0,1843713
hyuA_predicted,0.25,3,3,CTTACACGCCCATCTGCATA,0,1877767
hyuA_predicted,0.25,3,3,CTTAAGTACCGCGGTTTCTT,0,1858544
hyuA_predicted,0.25,3,3,CTGTTTGGACGTGTTCACAT,0,1876078
hyuA_predicted,0.25,3,3,CTGTTACGCAAGCAACAGGT,0,1832959
hyuA_predicted,0.25,3,3,CTGTTACATTTTAATCGAAA,0,1834630
hyuA_predicted,0.25,3,3,CTGTGTGTTATATATCAGCT,0,1851253
hyuA_predicted,0.25,3,3,CTGTGCAGGTTGTCACGTTG,0,1864197
hyuA_predicted,0.25,3,3,CTGTATCATTCTCAGGCGTG,0,1871708
hyuA_predicted,0.25,3,3,CTGTACGCTTATTCAAAACA,0,1850142
hyuA_predicted,0.25,3,3,CTGGTAACGAATCTCAGAGG,0,1854698
hyuA_predicted,0.25,3,3,CTGGCGTCCGGTACTAAATT,0,1877853
hyuA_predicted,0.25,3,3,CTGGCGGGGCAGTTTGGAGC,0,1858999
hyuA_predicted,0.25,3,3,CTGGCCAAAGGGTGAAGCGA,0,1833175
hyuA_predicted,0.25,3,3,CTGGATTATGTAAGGACTGA,0,1831168
hyuA_predicted,0.25,3,3,CTGGATGTTGCTGGCACAAG,0,1831453
hyuA_predicted,0.25,3,3,CTGGATCGGGTGGTCTTCTT,0,1831121
hyuA_predicted,0.25,3,3,CTGGACGTACCATGATCATT,0,1861082
hyuA_predicted,0.25,3,3,CTGCTCGCAGTCTGTATTTG,0,1840141
hyuA_predicted,0.25,3,3,CTGCAATCTAGTTTAGTTAA,0,1869799
hyuA_predicted,0.25,3,3,CTGATCAGGGTTAGCCAAAG,0,1868369
hyuA_predicted,0.25,3,3,CTGAAGAGCGTGTTTAGTAA,0,1843678
hyuA_predicted,0.25,3,3,CTGAAATGTTGCGCCCCTAA,0,1858095
hyuA_predicted,0.25,3,3,CTCTTTCACCAGAGTTTGGA,0,1870535
hyuA_predicted,0.25,3,3,CTCTGCGTAGAATCAGAAAC,0,1845036
hyuA_predicted,0.25,3,3,CTCTGCCGTGGTTTAATCAC,0,1871881
hyuA_predicted,0.25,3,3,CTCTCCCTCACGCCTAGTTG,0,1848486
hyuA_predicted,0.25,3,3,CTCTCAGGGTTCACAGACAA,0,1858699
hyuA_predicted,0.25,3,3,CTCTACTTATCGTCAGTGGC,0,1873795
hyuA_predicted,0.25,3,3,CTCGTCAACGTGAGCCGTCT,0,1834616
hyuA_predicted,0.25,3,3,CTCGGAGTAATGGCCGGTCT,0,1867228
hyuA_predicted,0.25,3,3,CTCCTGATCATCTTACCATT,0,1847371
hyuA_predicted,0.25,3,3,CTCCAAACGCCAATCGTTGG,0,1837641
hyuA_predicted,0.25,3,3,CTCATGGTACAGCTCCTCAG,0,1836112
hyuA_predicted,0.25,3,3,CTCATAAAACTCGTTGTCGC,0,1859371
hyuA_predicted,0.25,3,3,CTCAGTGTTTGTCGAAACCC,0,1857347
hyuA_predicted,0.25,3,3,CTCAGCTGGCATATGACGTT,0,1844956
hyuA_predicted,0.25,3,3,CTCACGCCAAACCGATGAAC,0,1834297
hyuA_predicted,0.25,3,3,CTCACCCCGTCAACGTATCC,0,1846694
hyuA_predicted,0.25,3,3,CTCAATTCGTTTATACCATT,0,1849109
hyuA_predicted,0.25,3,3,CTCAAGCCTGGACGCAGGGT,0,1860884
hyuA_predicted,0.25,3,3,CTCAAGATCTCCTTAGCTGT,0,1865929
hyuA_predicted,0.25,3,3,CTCAAACGTAACTTGTTCTA,0,1869384
hyuA_predicted,0.25,3,3,CTATGTTCGCTCAATGGCTC,0,1849924
hyuA_predicted,0.25,3,3,CTATGGTTTTAGATGTGTTT,0,1837980
hyuA_predicted,0.25,3,3,CTATCAGTGAGCTGGTTTTA,0,1867995
hyuA_predicted,0.25,3,3,CTATATGGGATACCAAGGTA,0,1875632
hyuA_predicted,0.25,3,3,CTATAAAGAGGAGCAGCTCG,0,1868281
hyuA_predicted,0.25,3,3,CTAGTTTCCCTTTGCTACAG,0,1863068
hyuA_predicted,0.25,3,3,CTAGTTGTCAAGCAAGGCGG,0,1852370
hyuA_predicted,0.25,3,3,CTAGCCGCATTTCAGTACAC,0,1837513
hyuA_predicted,0.25,3,3,CTACTAATTGGCGTGGCCCA,0,1852146
hyuA_predicted,0.25,3,3,CTACGGTAAGCCAGAACGTT,0,1845881
hyuA_predicted,0.25,3,3,CTACGCTATTCACTGGATCG,0,1866435
hyuA_predicted,0.25,3,3,CTACGATAATAGTGGCGGAG,0,1875912
hyuA_predicted,0.25,3,3,CTACACCTGTAGCGGCTGGC,0,1838965
hyuA_predicted,0.25,3,3,CTAATCGGGCAACGGATAAC,0,1850539
hyuA_predicted,0.25,3,3,CTAAGCCCAGCGAGAGAATT,0,1830038
hyuA_predicted,0.25,3,3,CTAACGCGGGTGGATATCAA,0,1853663
hyuA_predicted,0.25,3,3,CTAACCCTGTCAAGGGCGAT,0,1859877
hyuA_predicted,0.25,3,3,CTAAATCACCATCTTATACG,0,1876858
hyuA_predicted,0.25,3,3,CTAAACGCTTTCCCACTGCC,0,1864907
hyuA_predicted,0.25,3,3,CGTTTTTATGTTCTCATTGC,0,1837792
hyuA_predicted,0.25,3,3,CGTTTGGAATGGACCTGTTT,0,1839633
hyuA_predicted,0.25,3,3,CGTTGCGCTCTTAGAATACG,0,1847374
hyuA_predicted,0.25,3,3,CGTTCGGCGCATCACGCAGT,0,1847865
hyuA_predicted,0.25,3,3,CGTTACTATACATTTGGAAT,0,1832586
hyuA_predicted,0.25,3,3,CGTGTGGCTTGGAGGTGCTG,0,1850413
hyuA_predicted,0.25,3,3,CGTGGTCCTAACATTTATAA,0,1840790
hyuA_predicted,0.25,3,3,CGTGGTAAGTACCCCCGGTA,0,1838238
hyuA_predicted,0.25,3,3,CGTGCTTACTTAGGGACCCG,0,1850423
hyuA_predicted,0.25,3,3,CGTGCTCCGTACGCGCTCAT,0,1846313
hyuA_predicted,0.25,3,3,CGTCTTTGCGGCAGGAAGCA,0,1840864
hyuA_predicted,0.25,3,3,CGTCCGCTCATCGACCGGTC,0,1870854
hyuA_predicted,0.25,3,3,CGTCCCCTGTTGGTCGTGCC,0,1844241
hyuA_predicted,0.25,3,3,CGTCAAGCGATGCGAATCAC,0,1833373
hyuA_predicted,0.25,3,3,CGTAGGGAAAGAGCGTTGAA,0,1835968
hyuA_predicted,0.25,3,3,CGTAGGCTGGTACGGCCACG,0,1844729
hyuA_predicted,0.25,3,3,CGTAGCGCTGGAGGCGATTT,0,1874673
hyuA_predicted,0.25,3,3,CGTACACATATGAAAACATG,0,1833689
hyuA_predicted,0.25,3,3,CGTAAGATGGACTATACTTA,0,1844246
hyuA_predicted,0.25,3,3,CGTAACATGTCCGACTGCGG,0,1859602
hyuA_predicted,0.25,3,3,CGTAAAAGAATTATGCCGTC,0,1857199
hyuA_predicted,0.25,3,3,CGGTGCGCGTAGAGTCGCCT,0,1874755
hyuA_predicted,0.25,3,3,CGGTATTAGGGTTGCATTGG,0,1856940
hyuA_predicted,0.25,3,3,CGGTATGTAATCGAAGAGAA,0,1838711
hyuA_predicted,0.25,3,3,CGGTACCTGGGCAAGGCGTT,0,1850306
hyuA_predicted,0.25,3,3,CGGTACCGCACGGGAAAGGG,0,1858664
hyuA_predicted,0.25,3,3,CGGGTGGGACACCTTGGAGT,0,1831934
hyuA_predicted,0.25,3,3,CGGGTCCTAAAAGTGCGGCA,0,1856264
hyuA_predicted,0.25,3,3,CGGGGTATACACTAGCGGGT,0,1853028
hyuA_predicted,0.25,3,3,CGGGGGCTGCGGGGGATCAG,0,1845566
hyuA_predicted,0.25,3,3,CGGGAAATTGGAATCTACGG,0,1852203
hyuA_predicted,0.25,3,3,CGGCTATGTATCGACACGAT,0,1841247
hyuA_predicted,0.25,3,3,CGGCTAAAGGGGATTCGGTA,0,1875750
hyuA_predicted,0.25,3,3,CGGCGTTCATGTATACATTT,0,1877418
hyuA_predicted,0.25,3,3,CGGCGTCGTCAGCACGCGTG,0,1843743
hyuA_predicted,0.25,3,3,CGGCGCCGTTTTGGGCACTA,0,1846465
hyuA_predicted,0.25,3,3,CGGCCACCTCACGGGAGGAC,0,1833215
hyuA_predicted,0.25,3,3,CGGCACCACGTCTCACATAA,0,1841622
hyuA_predicted,0.25,3,3,CGGATAACGTCTCTCCGTAC,0,1850901
hyuA_predicted,0.25,3,3,CGGAGCGCGTAAGCAGCTCT,0,1850383
hyuA_predicted,0.25,3,3,CGGAATGGAGCGTAAAACCA,0,1854974
hyuA_predicted,0.25,3,3,CGGAAATTAGAACATCTTCT,0,1855360
hyuA_predicted,0.25,3,3,CGCTCGATTTACTATCTCTG,0,1866564
hyuA_predicted,0.25,3,3,CGCGGTTCCCTACAGCGAAT,0,1871642
hyuA_predicted,0.25,3,3,CGCCTGAAACGCAAGCGGTT,0,1852713
hyuA_predicted,0.25,3,3,CGCCGGTAAGGTCCCTGGCT,0,1864332
hyuA_predicted,0.25,3,3,CGCCGCTACGCGACGTCGGA,0,1865999
hyuA_predicted,0.25,3,3,CGCCGCGGGATAGCCGGGCT,0,1863887
hyuA_predicted,0.25,3,3,CGCCCTGGAGTGAGCGCCAA,0,1838263
hyuA_predicted,0.25,3,3,CGCATCGTGACTATTAAAAT,0,1857610
hyuA_predicted,0.25,3,3,CGCAGTAGATCAGTGTGACA,0,1870015
hyuA_predicted,0.25,3,3,CGCAGCCATATCTCCGGCTG,0,1871403
hyuA_predicted,0.25,3,3,CGCAGATGTCCAATGTAGTC,0,1829958
hyuA_predicted,0.25,3,3,CGATTTCACAATTGGCTGAA,0,1871780
hyuA_predicted,0.25,3,3,CGATTCCTTAGTGCTGGGAC,0,1835320
hyuA_predicted,0.25,3,3,CGATCGTACTAAGAGAAAAC,0,1848683
hyuA_predicted,0.25,3,3,CGAGGGATTCTTGGCCTTAA,0,1847097
hyuA_predicted,0.25,3,3,CGAGGCATTTTCCCTTCATT,0,1857511
hyuA_predicted,0.25,3,3,CGAGGATCGGGCTTGTGGAT,0,1858316
hyuA_predicted,0.25,3,3,CGAGGACGTCAGAGGCGGCG,0,1851494
hyuA_predicted,0.25,3,3,CGAGCCAATGTGTATAATAG,0,1870578
hyuA_predicted,0.25,3,3,CGAGAGCGCCTAGCCGCCTA,0,1832649
hyuA_predicted,0.25,3,3,CGACTGGCTATTGACCCGTA,0,1833711
hyuA_predicted,0.25,3,3,CGACTCAGTTCTCGAAGACT,0,1835607
hyuA_predicted,0.25,3,3,CGACGTCGGCAGAATTTTAG,0,1877702
hyuA_predicted,0.25,3,3,CGACCTGGGATAAGGAGGGT,0,1863930
hyuA_predicted,0.25,3,3,CGACCTCTCATTCAATAATG,0,1836320
hyuA_predicted,0.25,3,3,CGACCTACGTGTCAAGTGAC,0,1840985
hyuA_predicted,0.25,3,3,CGACATGTAGTATTACCCTG,0,1873463
hyuA_predicted,0.25,3,3,CGAATGTTGTATCGAGCTGC,0,1857918
hyuA_predicted,0.25,3,3,CGAATGTGCGGAATTTTTTT,0,1859683
hyuA_predicted,0.25,3,3,CGAATATGTAGGCTCGTGGT,0,1843252
hyuA_predicted,0.25,3,3,CGAACCTTTGTACTGACACT,0,1872927
hyuA_predicted,0.25,3,3,CGAACACAAAACCGTGGAAA,0,1839061
hyuA_predicted,0.25,3,3,CGAAAGTAAACTGCGGTTCC,0,1845504
hyuA_predicted,0.25,3,3,CGAAACTCTTGTTAGACTGC,0,1849545
hyuA_predicted,0.25,3,3,CGAAACCTAATCGATGGTAA,0,1869271
hyuA_predicted,0.25,3,3,CGAAAATGGTGGACAGATAC,0,1854357
hyuA_predicted,0.25,3,3,CGAAAAGAAGGTGCCGGCGG,0,1841585
hyuA_predicted,0.25,3,3,CCTTTCTATACGGTCGTTTT,0,1836371
hyuA_predicted,0.25,3,3,CCTTGGAATTCTTTCCGTTT,0,1829281
hyuA_predicted,0.25,3,3,CCTTGCGCAGCCTTATCTCA,0,1852944
hyuA_predicted,0.25,3,3,CCTTCCGATGTCGTTTCACG,0,1842159
hyuA_predicted,0.25,3,3,CCTTAAGCATGCGCTGAGTC,0,1853894
hyuA_predicted,0.25,3,3,CCTGTCGGGTCAGGCGTAGG,0,1853306
hyuA_predicted,0.25,3,3,CCTGCGATTGCTATAACAAG,0,1832795
hyuA_predicted,0.25,3,3,CCTCGTCATAGGTACTTGAG,0,1847696
hyuA_predicted,0.25,3,3,CCTCCGTAACCCACCCCATA,0,1837574
hyuA_predicted,0.25,3,3,CCTCACTGCGAAACAAGCGA,0,1869863
hyuA_predicted,0.25,3,3,CCTCAACTAGCTCAGCGGCC,0,1849872
hyuA_predicted,0.25,3,3,CCTATCGGTGAGGACCGCCA,0,1841875
hyuA_predicted,0.25,3,3,CCTAGGGCAACTGTTTCGAC,0,1847076
hyuA_predicted,0.25,3,3,CCTACTCCTCGCACTCTTGA,0,1849391
hyuA_predicted,0.25,3,3,CCTACCGGATCATTCACTCG,0,1851092
hyuA_predicted,0.25,3,3,CCTAACGAATCTGGTGCGCG,0,1860262
hyuA_predicted,0.25,3,3,CCGTTTCACCCGAGTATAGA,0,1830994
hyuA_predicted,0.25,3,3,CCGTTACTATCTTTAAGAGT,0,1866153
hyuA_predicted,0.25,3,3,CCGTGCTTCAGGAAGCTTGG,0,1863258
hyuA_predicted,0.25,3,3,CCGTCTGCGCGACCAACATG,0,1857570
hyuA_predicted,0.25,3,3,CCGTAGAAACGCTGGTCCCT,0,1854322
hyuA_predicted,0.25,3,3,CCGGTCGCGTTCGGGGACAA,0,1866475
hyuA_predicted,0.25,3,3,CCGGTCATAGGTATGAAAAA,0,1869997
hyuA_predicted,0.25,3,3,CCGGTCAGATGTCCATCTTC,0,1850789
hyuA_predicted,0.25,3,3,CCGGGGGTTGAATGTACTCG,0,1842775
hyuA_predicted,0.25,3,3,CCGGCGCAAGCATATGTTAT,0,1874841
hyuA_predicted,0.25,3,3,CCGGATAAATCTTGGGGACG,0,1863006
hyuA_predicted,0.25,3,3,CCGGACGGCGGTACAATCAT,0,1863967
hyuA_predicted,0.25,3,3,CCGGAAACGCATAACTTTTA,0,1857620
hyuA_predicted,0.25,3,3,CCGCTGGGCATCCCCCGCAG,0,1875567
hyuA_predicted,0.25,3,3,CCGCTGCGTTCAAAGAGATA,0,1855269
hyuA_predicted,0.25,3,3,CCGCCGGCCCAGAAGGGTAA,0,1875319
hyuA_predicted,0.25,3,3,CCGCAAATGATTGAACGATT,0,1836278
hyuA_predicted,0.25,3,3,CCGAGGGTCGTTCCGCGAAG,0,1868502
hyuA_predicted,0.25,3,3,CCGACAACCTTTAGGCGCAG,0,1865637
hyuA_predicted,0.25,3,3,CCCTCGGAGTTCGGTTGATT,0,1858638
hyuA_predicted,0.25,3,3,CCCTACCGGGAAACGGAAGA,0,1855708
hyuA_predicted,0.25,3,3,CCCGTCCTCATGTCGTGAGT,0,1859432
hyuA_predicted,0.25,3,3,CCCGTACGACTACCGCCGCC,0,1831400
hyuA_predicted,0.25,3,3,CCCGGCACGGTTATTGTACC,0,1838887
hyuA_predicted,0.25,3,3,CCCGCGGATGCCTATTTAAT,0,1862951
hyuA_predicted,0.25,3,3,CCCGCCCGAGTACGTGAAAC,0,1870746
hyuA_predicted,0.25,3,3,CCCGCAAATTGTTTAATGTT,0,1854642
hyuA_predicted,0.25,3,3,CCCGATCCCGGTGCGGGTTC,0,1832087
hyuA_predicted,0.25,3,3,CCCCTTGATTTAGGGCCATG,0,1846493
hyuA_predicted,0.25,3,3,CCCCGGCTGATGGTTCGCTA,0,1876074
hyuA_predicted,0.25,3,3,CCCCGAGCCACATTTCTGGA,0,1835213
hyuA_predicted,0.25,3,3,CCCCAGATACAGCGATATCA,0,1864912
hyuA_predicted,0.25,3,3,CCCACTTGACCATGCGAGTT,0,1839032
hyuA_predicted,0.25,3,3,CCCACAGAGTTCTTAAATAT,0,1869129
hyuA_predicted,0.25,3,3,CCCAACATTTACCGTATGTA,0,1854279
hyuA_predicted,0.25,3,3,CCATTTCTGGAGGTACGACT,0,1852320
hyuA_predicted,0.25,3,3,CCATTCCGACACGAAACTCG,0,1875556
hyuA_predicted,0.25,3,3,CCATCCCCTCCCCACGGTGT,0,1852647
hyuA_predicted,0.25,3,3,CCATAGTGTCCAACACGGAA,0,1865006
hyuA_predicted,0.25,3,3,CCATACCCATGCGCGTGAAC,0,1862965
hyuA_predicted,0.25,3,3,CCATAAGACAAGAACCCTCA,0,1829268
hyuA_predicted,0.25,3,3,CCAGTAGTAAGGCAGTGATG,0,1844786
hyuA_predicted,0.25,3,3,CCAGGAGGGTGATCCGTTAG,0,1849888
hyuA_predicted,0.25,3,3,CCAGCTTCTGGGCAACCGGC,0,1870895
hyuA_predicted,0.25,3,3,CCAGCGGAGGCCGGCGTTTC,0,1837760
hyuA_predicted,0.25,3,3,CCAGACAGGGATTAGGGGTA,0,1835049
hyuA_predicted,0.25,3,3,CCACTCCATAGAAAGAACAA,0,1870556
hyuA_predicted,0.25,3,3,CCACTCAAGTCCCGAGAATA,0,1862099
hyuA_predicted,0.25,3,3,CCACCGACTGGCCACTTGCA,0,1837987
hyuA_predicted,0.25,3,3,CCAATTTAACCAGACAGAAT,0,1848080
hyuA_predicted,0.25,3,3,CCAATCTCCGGGTTACTGTT,0,1855078
hyuA_predicted,0.25,3,3,CCAAGGGTGCGCTACAAGAT,0,1862940
hyuA_predicted,0.25,3,3,CCAACTTTCTCAGAGGCAAT,0,1877116
hyuA_predicted,0.25,3,3,CATTTGGGGCCAGGTGCTTT,0,1851656
hyuA_predicted,0.25,3,3,CATTCCACACGCGGCTAACC,0,1857028
hyuA_predicted,0.25,3,3,CATCTGCCCAAAAGACCGCG,0,1855826
hyuA_predicted,0.25,3,3,CATCGTGATGGCTCTACGCA,0,1855381
hyuA_predicted,0.25,3,3,CATCCTGATGGTGCTGGGGG,0,1829984
hyuA_predicted,0.25,3,3,CATCCTATGGTATGTTCCAA,0,1854540
hyuA_predicted,0.25,3,3,CATCCAAGTTGCGTCCGACG,0,1842601
hyuA_predicted,0.25,3,3,CATCATTGTTTAAAGTGACT,0,1843156
hyuA_predicted,0.25,3,3,CATAGGGTACCTCCATATGG,0,1875362
hyuA_predicted,0.25,3,3,CATAGCTGAAGCCGTCTGGA,0,1837762
hyuA_predicted,0.25,3,3,CATAGATGGTTAAGTTACGG,0,1860656
hyuA_predicted,0.25,3,3,CATAGATCCACTAGGAGGCT,0,1851514
hyuA_predicted,0.25,3,3,CATAGACGGTCTAACAGCGT,0,1845128
hyuA_predicted,0.25,3,3,CATACTTTCTAAGACGTAAT,0,1852480
hyuA_predicted,0.25,3,3,CATACACTGTGGTCCGATTG,0,1838405
hyuA_predicted,0.25,3,3,CATAACGTCAGCTCGCCGAG,0,1842281
hyuA_predicted,0.25,3,3,CAGTTAGAAGGAAGGAAAAT,0,1831299
hyuA_predicted,0.25,3,3,CAGTGTATGATTTTAGGTCC,0,1863179
hyuA_predicted,0.25,3,3,CAGTGCTTGCCACACTCAAC,0,1829985
hyuA_predicted,0.25,3,3,CAGTAGTTTTGTACATTTTG,0,1844920
hyuA_predicted,0.25,3,3,CAGTAACGAATCACTGGGAA,0,1863696
hyuA_predicted,0.25,3,3,CAGGGTGATGACATATGTAA,0,1873751
hyuA_predicted,0.25,3,3,CAGGGACTAAAATATCGGCT,0,1857293
hyuA_predicted,0.25,3,3,CAGGCAGTGCTTAAATGGCG,0,1868754
hyuA_predicted,0.25,3,3,CAGGCAGGCCCCTTTAGTAG,0,1873454
hyuA_predicted,0.25,3,3,CAGGAGGGTTAGGCTGGTAT,0,1843032
hyuA_predicted,0.25,3,3,CAGCTCTGCTAGTTGGCTTC,0,1864035
hyuA_predicted,0.25,3,3,CAGCGGCGGAGACAGGAGTT,0,1865212
hyuA_predicted,0.25,3,3,CAGCGCGCGCGAAGTTTTTG,0,1874849
hyuA_predicted,0.25,3,3,CAGCCCGCCACACGTGCCCG,0,1831987
hyuA_predicted,0.25,3,3,CAGAGGCGCCGGGAAGCGTA,0,1839936
hyuA_predicted,0.25,3,3,CAGAGCAGGGTTATAGGTCG,0,1863612
hyuA_predicted,0.25,3,3,CAGAAACCCCTATGGCATGC,0,1867091
hyuA_predicted,0.25,3,3,CACGGCCCCTGCCGTCGGTG,0,1833155
hyuA_predicted,0.25,3,3,CACGCTGTGCTTGGGTATGA,0,1851876
hyuA_predicted,0.25,3,3,CACGAGAGTAGAGCAGAAGC,0,1846658
hyuA_predicted,0.25,3,3,CACGACGCGGGTCAGAGTAT,0,1851017
hyuA_predicted,0.25,3,3,CACCTCGATTCTGCGGGCGG,0,1837425
hyuA_predicted,0.25,3,3,CACCTAAGTTCGCCTTGTTA,0,1873776
hyuA_predicted,0.25,3,3,CACCGGTATAGAGAAGCTTA,0,1842236
hyuA_predicted,0.25,3,3,CACCCCCGCGTTTGATATGG,0,1877115
hyuA_predicted,0.25,3,3,CACCATCTCCGAGGTCATAC,0,1871684
hyuA_predicted,0.25,3,3,CACCACACCAAGCTCAGTGG,0,1873266
hyuA_predicted,0.25,3,3,CACAGTTACATGTTCTTGCG,0,1853499
hyuA_predicted,0.25,3,3,CACAGTAATATTTCTGACAA,0,1853619
hyuA_predicted,0.25,3,3,CACAGCGTGAAGTTGCTGGG,0,1869951
hyuA_predicted,0.25,3,3,CACAGCAAGGCGCAGTCTTC,0,1839811
hyuA_predicted,0.25,3,3,CACAAGATTCGAGTCGTCTG,0,1852367
hyuA_predicted,0.25,3,3,CAATGCTGGGGGAATTTTTA,0,1858281
hyuA_predicted,0.25,3,3,CAATGCACATTAGGCGGCTA,0,1872690
hyuA_predicted,0.25,3,3,CAATCGGGCTGGTCTTAGAA,0,1847772
hyuA_predicted,0.25,3,3,CAATCAATGGATAGATCATG,0,1837816
hyuA_predicted,0.25,3,3,CAATATACGTAATTCCCACA,0,1876002
hyuA_predicted,0.25,3,3,CAATATACAAATTTAAGCGC,0,1848285
hyuA_predicted,0.25,3,3,CAATACCACGCTTTCCTTCA,0,1848698
hyuA_predicted,0.25,3,3,CAAGTCGAGCAACTCACGAC,0,1873755
hyuA_predicted,0.25,3,3,CAAGTATCAGGCACATCCTG,0,1840094
hyuA_predicted,0.25,3,3,CAAGGAAATACCCTATTAAT,0,1856553
hyuA_predicted,0.25,3,3,CAAGCAACTGGTCAATGAAT,0,1845492
hyuA_predicted,0.25,3,3,CAAGATCTCTGGCGTGATAG,0,1843825
hyuA_predicted,0.25,3,3,CAACTCCTTGTAAAATACCA,0,1853496
hyuA_predicted,0.25,3,3,CAACGTACATGGTGTGACAA,0,1874613
hyuA_predicted,0.25,3,3,CAACGCGCGGCTCCAAACTC,0,1851960
hyuA_predicted,0.25,3,3,CAACATCCCACTGGGAGAGC,0,1875979
hyuA_predicted,0.25,3,3,CAACAGCCTTGACAAGCACC,0,1846105
hyuA_predicted,0.25,3,3,CAACAGAGGCTAGTCATCCT,0,1838085
hyuA_predicted,0.25,3,3,CAAATTGCCTTTGGGTCTCG,0,1877806
hyuA_predicted,0.25,3,3,CAAATTACGACATCCTTTAG,0,1861480
hyuA_predicted,0.25,3,3,CAAATCCGTTGTAAGTCGTC,0,1869019
hyuA_predicted,0.25,3,3,CAAAATTATTACATCTGCAG,0,1859355
hyuA_predicted,0.25,3,3,CAAAAGTCAGCAATTCGTCC,0,1839487
hyuA_predicted,0.25,3,3,CAAAAGCTCAACTCTCCTCT,0,1862147
hyuA_predicted,0.25,3,3,CAAAAATGTTATAAATCGTT,0,1833582
hyuA_predicted,0.25,3,3,ATTTTTATCAGACGTTTCGA,0,1847635
hyuA_predicted,0.25,3,3,ATTTTGTTCAAAGGCAAGCA,0,1874951
hyuA_predicted,0.25,3,3,ATTTTCGGAGTTCACACGAT,0,1877162
hyuA_predicted,0.25,3,3,ATTTGTCGTTCCCCAAATCT,0,1876644
hyuA_predicted,0.25,3,3,ATTTCGTGTAAAGGAGCGCA,0,1870714
hyuA_predicted,0.25,3,3,ATTTCCTTTGGTATTGCCTC,0,1857200
hyuA_predicted,0.25,3,3,ATTGTGGCGCATTCTGTAGT,0,1864894
hyuA_predicted,0.25,3,3,ATTGGGGGGCGACCTCTACA,0,1842437
hyuA_predicted,0.25,3,3,ATTGGGCCAATTACTCACGG,0,1861451
hyuA_predicted,0.25,3,3,ATTGGCTTCAGCATTACTTG,0,1835789
hyuA_predicted,0.25,3,3,ATTGCCTTCATGTATATACA,0,1863944
hyuA_predicted,0.25,3,3,ATTGACATGTGAACTTCTGT,0,1844316
hyuA_predicted,0.25,3,3,ATTCGGCAGTCTCGTGCGCT,0,1871909
hyuA_predicted,0.25,3,3,ATTCACAGTTCTGACACGCA,0,1876669
hyuA_predicted,0.25,3,3,ATTATTGGAGGGTCCGGTCA,0,1877353
hyuA_predicted,0.25,3,3,ATTATTACATGGAGCTTACG,0,1847980
hyuA_predicted,0.25,3,3,ATTATGAGGCATCTATCGAA,0,1832298
hyuA_predicted,0.25,3,3,ATTATACAGTAGACGTGGGT,0,1835569
hyuA_predicted,0.25,3,3,ATTAATCAAATAATTTTTTA,0,1836223
hyuA_predicted,0.25,3,3,ATTAAGTTGAAATCTACCAG,0,1871959
hyuA_predicted,0.25,3,3,ATTAACCAAGTCGTCACAGA,0,1870038
hyuA_predicted,0.25,3,3,ATGTTACACCGCCAGTCGCC,0,1837528
hyuA_predicted,0.25,3,3,ATGTTAATGGTGTTCATTCG,0,1836356
hyuA_predicted,0.25,3,3,ATGTGTGGACTATTTAATCG,0,1844583
hyuA_predicted,0.25,3,3,ATGTGCATTAGGCTAGCTAG,0,1865294
hyuA_predicted,0.25,3,3,ATGTCTCCAATGTTCAGGGG,0,1833266
hyuA_predicted,0.25,3,3,ATGTCCCGGAGTGTTTATCC,0,1834122
hyuA_predicted,0.25,3,3,ATGGTTTTCATACTGGCTAG,0,1841532
hyuA_predicted,0.25,3,3,ATGGTCGAGCCCGTAGAGCA,0,1838120
hyuA_predicted,0.25,3,3,ATGGCTAAGCGCAACAGCAA,0,1865211
hyuA_predicted,0.25,3,3,ATGGCGTCCGCTTCTTGTGT,0,1874713
hyuA_predicted,0.25,3,3,ATGCTGACCCCACTCTGCAG,0,1870837
hyuA_predicted,0.25,3,3,ATGCCCCATAATGTTGGTCC,0,1840176
hyuA_predicted,0.25,3,3,ATGCCCAACCACGTAACTGG,0,1841659
hyuA_predicted,0.25,3,3,ATGCCATCAACGGGTGCGCT,0,1862094
hyuA_predicted,0.25,3,3,ATGCAGGCGCTAAACGCTTT,0,1844076
hyuA_predicted,0.25,3,3,ATGAGCAGCCATGGCCTTAG,0,1869533
hyuA_predicted,0.25,3,3,ATGAGAGGTTCATATTTCAA,0,1845632
hyuA_predicted,0.25,3,3,ATGAGACACAGCACACGAGT,0,1866282
hyuA_predicted,0.25,3,3,ATGACCGCGGCTTACCCCCT,0,1841132
hyuA_predicted,0.25,3,3,ATGACACCGGGGACAGTTTG,0,1853250
hyuA_predicted,0.25,3,3,ATGAAGGCAGCGTTAAGGGG,0,1851916
hyuA_predicted,0.25,3,3,ATGAAGCGATTCCGCCGATT,0,1872861
hyuA_predicted,0.25,3,3,ATGAACTGCGTACCAATGTA,0,1864532
hyuA_predicted,0.25,3,3,ATCTGATCCTCTGTCATCTG,0,1854272
hyuA_predicted,0.25,3,3,ATCTCCTTTGAAGGGAGAAA,0,1858293
hyuA_predicted,0.25,3,3,ATCTCACGTTATGAAATCGC,0,1837758
hyuA_predicted,0.25,3,3,ATCTCACCAGCATGGGAGTA,0,1835738
hyuA_predicted,0.25,3,3,ATCTAAGGTGGTTGGTTGGC,0,1871232
hyuA_predicted,0.25,3,3,ATCGGTAGTGTGTAGACTGT,0,1840230
hyuA_predicted,0.25,3,3,ATCGGGTCAAATGCAAACCC,0,1844230
hyuA_predicted,0.25,3,3,ATCCTTGTTTAACTACGCTC,0,1859588
hyuA_predicted,0.25,3,3,ATCCTTGATCGACGAGCTCT,0,1843668
hyuA_predicted,0.25,3,3,ATCCTTGACTTGGCGTTTCA,0,1872779
hyuA_predicted,0.25,3,3,ATCCTTATTACGATAAGTGG,0,1850868
hyuA_predicted,0.25,3,3,ATCCTGTCAAATGTCCGAGT,0,1845358
hyuA_predicted,0.25,3,3,ATCCTAGGTTAACAGCCTTC,0,1864257
hyuA_predicted,0.25,3,3,ATCCGTGCCACACCGGCCCA,0,1853984
hyuA_predicted,0.25,3,3,ATCCGGCCGGAGGTACCGTC,0,1843712
hyuA_predicted,0.25,3,3,ATCCGGCCACTATATAAGTG,0,1834113
hyuA_predicted,0.25,3,3,ATCCATCAACATAATCAGGT,0,1874332
hyuA_predicted,0.25,3,3,ATCCAGCAGTCGCGCTTCTT,0,1872507
hyuA_predicted,0.25,3,3,ATCCAGACTGAAAAATATTG,0,1839972
hyuA_predicted,0.25,3,3,ATCATTGTGTCCGTATGGGT,0,1843136
hyuA_predicted,0.25,3,3,ATCATTGGTTCGTGGTACAA,0,1869608
hyuA_predicted,0.25,3,3,ATCATTGGCTGGTTGCAGAC,0,1835227
hyuA_predicted,0.25,3,3,ATCATAAATGCCACGGAGAT,0,1876927
hyuA_predicted,0.25,3,3,ATCACCATGTCAGGGGAAAT,0,1861217
hyuA_predicted,0.25,3,3,ATCAAGGGCCACTCTCGGAA,0,1861158
hyuA_predicted,0.25,3,3,ATCAAGATTTCCTGGGTCCG,0,1858782
hyuA_predicted,0.25,3,3,ATCAAAAGACTGGATACTTC,0,1843267
hyuA_predicted,0.25,3,3,ATATGTGAGCGAACAGCAGG,0,1834271
hyuA_predicted,0.25,3,3,ATATGATGACGATGCGGCGG,0,1862743
hyuA_predicted,0.25,3,3,ATATATGTACGACAGTCCCT,0,1862275
hyuA_predicted,0.25,3,3,ATAGGCTTCGCTCTAGCTTG,0,1875985
hyuA_predicted,0.25,3,3,ATACGTGGTCAACACCATCT,0,1845441
hyuA_predicted,0.25,3,3,ATACGATGCTGTAGCTCTGT,0,1876999
hyuA_predicted,0.25,3,3,ATACCTTCAGCACTTAGGAG,0,1839846
hyuA_predicted,0.25,3,3,ATAATCGACTGCAAATGTGT,0,1836958
hyuA_predicted,0.25,3,3,ATAAGTAATTCGTCCGGATT,0,1831426
hyuA_predicted,0.25,3,3,ATAAGGAGACACTCTTGATC,0,1873604
hyuA_predicted,0.25,3,3,ATAAGAGATGGTAAAGGTGT,0,1835361
hyuA_predicted,0.25,3,3,ATAACGTATTGTCTCTCCCT,0,1867058
hyuA_predicted,0.25,3,3,ATAACAAAGGAGCTTACAGA,0,1873279
hyuA_predicted,0.25,3,3,ATAAATGCTGCGTGGCTGGG,0,1836516
hyuA_predicted,0.25,3,3,ATAAAAACTCGCTTCAGCCA,0,1846691
hyuA_predicted,0.25,3,3,AGTTTGTGCATCTACTCGCT,0,1845253
hyuA_predicted,0.25,3,3,AGTTTCTGGCTTTGTTAAGG,0,1858605
hyuA_predicted,0.25,3,3,AGTTCGACAGCATTAATAAG,0,1835943
hyuA_predicted,0.25,3,3,AGTGTGTTCGCAGGAGTAGT,0,1870562
hyuA_predicted,0.25,3,3,AGTGGCGAGTACGGACCGTG,0,1866189
hyuA_predicted,0.25,3,3,AGTGCGTTGTGACTCGGACC,0,1872148
hyuA_predicted,0.25,3,3,AGTGCGGCATTGACCCAGGA,0,1856828
hyuA_predicted,0.25,3,3,AGTCTCCGCATAAAAGGTTT,0,1849934
hyuA_predicted,0.25,3,3,AGTCCATGCTAGAAAACTTT,0,1861310
hyuA_predicted,0.25,3,3,AGTAGGCTAAATCCGCCTAT,0,1864774
hyuA_predicted,0.25,3,3,AGTAGATACAAGATTTGGGT,0,1870750
hyuA_predicted,0.25,3,3,AGTACTCATGAAAGGGTAGA,0,1834396
hyuA_predicted,0.25,3,3,AGTACGCCAAACCGGGACGG,0,1859067
hyuA_predicted,0.25,3,3,AGTACAACTGAGATCTTTTC,0,1841037
hyuA_predicted,0.25,3,3,AGTAAAAAAGAAGTAAACGG,0,1873974
hyuA_predicted,0.25,3,3,AGGTTGACGAAATAGTATGT,0,1863949
hyuA_predicted,0.25,3,3,AGGTTAAGTGTCGGTAGAGG,0,1839957
hyuA_predicted,0.25,3,3,AGGTGTGGTCCAGTGGAGAA,0,1861165
hyuA_predicted,0.25,3,3,AGGTGGCTGGGCACTTTCTA,0,1838683
hyuA_predicted,0.25,3,3,AGGTGGAGTACCTTTCTCTT,0,1875159
hyuA_predicted,0.25,3,3,AGGTCCATGCGAAGGAGCTA,0,1858295
hyuA_predicted,0.25,3,3,AGGGTTTTACAATATCAATG,0,1864290
hyuA_predicted,0.25,3,3,AGGGTGACCGGACGAATTCA,0,1847661
hyuA_predicted,0.25,3,3,AGGGTAGGCGGCCACACTGG,0,1866619
hyuA_predicted,0.25,3,3,AGGGTAGAACGTTGCCCGGA,0,1868192
hyuA_predicted,0.25,3,3,AGGGGGGTCTCCTCCTCAAA,0,1870527
hyuA_predicted,0.25,3,3,AGGGCGTTTTGAAAGATGAC,0,1866598
hyuA_predicted,0.25,3,3,AGGGATACACCATTAATAAT,0,1838048
hyuA_predicted,0.25,3,3,AGGGAGCACTCGGGTGGGCA,0,1868219
hyuA_predicted,0.25,3,3,AGGGAAGAGAAAGTCGGGGA,0,1860540
hyuA_predicted,0.25,3,3,AGGCTAACACCGTGGGTCCC,0,1837532
hyuA_predicted,0.25,3,3,AGGCGTAAGCCCCCCCTTCT,0,1833896
hyuA_predicted,0.25,3,3,AGGCGGTAAAAGAATTTACT,0,1844312
hyuA_predicted,0.25,3,3,AGGCCTTTGTCGTGTGTTCC,0,1831928
hyuA_predicted,0.25,3,3,AGGCCCGCAAGCAAGAACAC,0,1846312
hyuA_predicted,0.25,3,3,AGGCAGTCGAGCCTCCTATT,0,1852577
hyuA_predicted,0.25,3,3,AGGCAACGCCGCCCGGTATG,0,1842135
hyuA_predicted,0.25,3,3,AGGATGAAGACCGTCGCGGG,0,1859323
hyuA_predicted,0.25,3,3,AGGATCGTTACGCCTTGCTC,0,1839223
hyuA_predicted,0.25,3,3,AGGAGAGCTACCTTTGTATC,0,1848109
hyuA_predicted,0.25,3,3,AGGAGAAGGTTGACTGACTA,0,1876796
hyuA_predicted,0.25,3,3,AGGACGACGGGTTAGAGTAT,0,1836433
hyuA_predicted,0.25,3,3,AGGACAGATCTACCTAAAAC,0,1843476
hyuA_predicted,0.25,3,3,AGCTGGGCGCGGCAGCAAAT,0,1854659
hyuA_predicted,0.25,3,3,AGCTCTAGGGCAAGAACTAG,0,1847355
hyuA_predicted,0.25,3,3,AGCTCACCTACGTCCATGGC,0,1838204
hyuA_predicted,0.25,3,3,AGCTAACCTTTTACTTACTG,0,1844594
hyuA_predicted,0.25,3,3,AGCGGCGTACTCTGCGATCT,0,1839107
hyuA_predicted,0.25,3,3,AGCGAGATTAACGATGTTGA,0,1865916
hyuA_predicted,0.25,3,3,AGCCTAATCCAGCACTAATG,0,1851645
hyuA_predicted,0.25,3,3,AGCCGGTGAGCTTCTATATT,0,1834397
hyuA_predicted,0.25,3,3,AGCCCAACTGATTTCAATCA,0,1866974
hyuA_predicted,0.25,3,3,AGCCAGTGCACCAAAGCGCC,0,1838554
hyuA_predicted,0.25,3,3,AGCATCGGCAACGCGCATCG,0,1877851
hyuA_predicted,0.25,3,3,AGCATCCAACAATCCCGACA,0,1860741
hyuA_predicted,0.25,3,3,AGCATAAGTTCCCCCTTCTC,0,1851052
hyuA_predicted,0.25,3,3,AGCAGGAAGAGCGGTTCATA,0,1854907
hyuA_predicted,0.25,3,3,AGCAATTTGATGCCGTGGCT,0,1844301
hyuA_predicted,0.25,3,3,AGCAAATCTTAAGAGATTGT,0,1877264
hyuA_predicted,0.25,3,3,AGATCCAATGTAGGAAAACC,0,1869433
hyuA_predicted,0.25,3,3,AGATACTACGGGTCGTTGGG,0,1874795
hyuA_predicted,0.25,3,3,AGAGTAGTCTTTGGCATGTT,0,1833704
hyuA_predicted,0.25,3,3,AGAGGTTGCCCCAGAGGGAC,0,1830327
hyuA_predicted,0.25,3,3,AGAGGTGACTTCTAGAACAA,0,1833904
hyuA_predicted,0.25,3,3,AGAGGGAGGCATCAATAACG,0,1869141
hyuA_predicted,0.25,3,3,AGAGATGAACCAACGTCGGG,0,1871577
hyuA_predicted,0.25,3,3,AGACCCTGTGCACCACCTCT,0,1854184
hyuA_predicted,0.25,3,3,AGACCACATTACGTGCGTGT,0,1850941
hyuA_predicted,0.25,3,3,AGACATCTGGACGACATAAG,0,1851991
hyuA_predicted,0.25,3,3,AGACACTGGCAATTGCCGGG,0,1850102
hyuA_predicted,0.25,3,3,AGACACTGCTTCTCAAAGAG,0,1857596
hyuA_predicted,0.25,3,3,AGAAGCGGCCTTGCCGGTAA,0,1856207
hyuA_predicted,0.25,3,3,ACTTTCGCGAATTGCCTGGA,0,1865923
hyuA_predicted,0.25,3,3,ACTTGCCTTCAACCATATGG,0,1857027
hyuA_predicted,0.25,3,3,ACTTCGTAAGCACCGACACT,0,1861162
hyuA_predicted,0.25,3,3,ACTTAATATGGGGTACGTGG,0,1873305
hyuA_predicted,0.25,3,3,ACTGTGGTCAGTGCCCCGGC,0,1867792
hyuA_predicted,0.25,3,3,ACTGAGCTTCCACATTGATT,0,1840467
hyuA_predicted,0.25,3,3,ACTCTCACCGAATCGTCCGC,0,1848251
hyuA_predicted,0.25,3,3,ACTCATCTCATGGAAAATAC,0,1862001
hyuA_predicted,0.25,3,3,ACTCAGGAAAAATGGTAATT,0,1839683
hyuA_predicted,0.25,3,3,ACTATATACTTGTGCAACAC,0,1862396
hyuA_predicted,0.25,3,3,ACTACTAGGACCGGATCATA,0,1836612
hyuA_predicted,0.25,3,3,ACTAATGACCGGCTTCATAG,0,1830598
hyuA_predicted,0.25,3,3,ACTAAAGACATATTACACGT,0,1844177
hyuA_predicted,0.25,3,3,ACGTGTTATGGTCAGCACGC,0,1877380
hyuA_predicted,0.25,3,3,ACGTGGTGACCCTCATTAAA,0,1838208
hyuA_predicted,0.25,3,3,ACGTGGGCTTGTTTCACGGT,0,1844328
hyuA_predicted,0.25,3,3,ACGTGGATAGGCGTTGATAA,0,1858108
hyuA_predicted,0.25,3,3,ACGTGACAGTCAGAGTTTAC,0,1871011
hyuA_predicted,0.25,3,3,ACGTCTGGCGGTTGTCCGCG,0,1852249
hyuA_predicted,0.25,3,3,ACGGGGGGCATACAAGTTAA,0,1865725
hyuA_predicted,0.25,3,3,ACGGGGACTCCAGAGTCGTA,0,1832679
hyuA_predicted,0.25,3,3,ACGGGCCATTTGAGAACTCG,0,1860257
hyuA_predicted,0.25,3,3,ACGGGATGCGGAGCAGGAAA,0,1836051
hyuA_predicted,0.25,3,3,ACGGCTTTCCCGCGCCTAAT,0,1874356
hyuA_predicted,0.25,3,3,ACGGCTTAAGCAGGACAGCG,0,1849564
hyuA_predicted,0.25,3,3,ACGGCCGAACGCATCTCAGA,0,1847332
hyuA_predicted,0.25,3,3,ACGGATTAGTTAAGGACTTA,0,1857300
hyuA_predicted,0.25,3,3,ACGGATAAGTGATTATTGCC,0,1863158
hyuA_predicted,0.25,3,3,ACGGAGCATGTTCTTCGCTT,0,1875841
hyuA_predicted,0.25,3,3,ACGGACTAAACCGACCTTAG,0,1858225
hyuA_predicted,0.25,3,3,ACGCTTACCTTCGGATTAAC,0,1834868
hyuA_predicted,0.25,3,3,ACGCGGGAGCTCGTTAGCCT,0,1855174
hyuA_predicted,0.25,3,3,ACGCGGCGTTCGGCGTACTA,0,1837872
hyuA_predicted,0.25,3,3,ACGCGCAGGGTGATGGGTGA,0,1874403
hyuA_predicted,0.25,3,3,ACGCCAGTGTCTAAGAAAGG,0,1869571
hyuA_predicted,0.25,3,3,ACGATCTAAAGGATTAGAAC,0,1843330
hyuA_predicted,0.25,3,3,ACGAATACGATGATTTCCAC,0,1864104
hyuA_predicted,0.25,3,3,ACGAATAATACGTAATCTAG,0,1856215
hyuA_predicted,0.25,3,3,ACCTTTTAGACTACGCTGAT,0,1874652
hyuA_predicted,0.25,3,3,ACCTTGGGACGTACTATTCG,0,1871711
hyuA_predicted,0.25,3,3,ACCTGTGACTCCATGCCTTC,0,1863837
hyuA_predicted,0.25,3,3,ACCTCCTCGAGTTTGCTGCA,0,1850981
hyuA_predicted,0.25,3,3,ACCTACAATTTCATGTAGGG,0,1841254
hyuA_predicted,0.25,3,3,ACCTACAATGACATATTCGA,0,1845579
hyuA_predicted,0.25,3,3,ACCGTTGTGTGCGACTCTCT,0,1844910
hyuA_predicted,0.25,3,3,ACCGAGGACGCACATTCGGT,0,1836813
hyuA_predicted,0.25,3,3,ACCGAACAATAGAGATTGGA,0,1846872
hyuA_predicted,0.25,3,3,ACCCTTTGTCCTGGTAGCAG,0,1841073
hyuA_predicted,0.25,3,3,ACCCGTGTCAGTTGACATCT,0,1846035
hyuA_predicted,0.25,3,3,ACCCCGACCCTTTTTTGCCG,0,1838713
hyuA_predicted,0.25,3,3,ACCCAAAAGGGGACATACAT,0,1833758
hyuA_predicted,0.25,3,3,ACCATGTCCGTCGAAGCCCG,0,1840968
hyuA_predicted,0.25,3,3,ACCACAACGCGGCCATAGAA,0,1843584
hyuA_predicted,0.25,3,3,ACCAAGGAGCGAAACGATAA,0,1873375
hyuA_predicted,0.25,3,3,ACATTCCTCCGGTGATGGAG,0,1857516
hyuA_predicted,0.25,3,3,ACATGTAGCTTGCATGCTCT,0,1872045
hyuA_predicted,0.25,3,3,ACATGCTTGAACTCGGATTC,0,1844899
hyuA_predicted,0.25,3,3,ACATGAGCCGGTTGAAAACC,0,1839546
hyuA_predicted,0.25,3,3,ACATGAGCCGATTTCGCCGC,0,1870721
hyuA_predicted,0.25,3,3,ACATGAAGACCGCGTACAAC,0,1863711
hyuA_predicted,0.25,3,3,ACATCGTGATTCCCAAAGTG,0,1875779
hyuA_predicted,0.25,3,3,ACAGTTGAAAGCCGGATACT,0,1865798
hyuA_predicted,0.25,3,3,ACAGTCCGAGAGGTTTTCGA,0,1841509
hyuA_predicted,0.25,3,3,ACAGGGAATCCGCCCATAGA,0,1859247
hyuA_predicted,0.25,3,3,ACAGCCAACAGGAGTGAGTA,0,1873221
hyuA_predicted,0.25,3,3,ACAGAACTACGAGCAACGGT,0,1837280
hyuA_predicted,0.25,3,3,ACAGAAACACGGCTCTTGGT,0,1833413
hyuA_predicted,0.25,3,3,ACACTTCCGGTTCGTGCTTT,0,1853280
hyuA_predicted,0.25,3,3,ACACTCCCTGGGAAAAGAAT,0,1862163
hyuA_predicted,0.25,3,3,ACACGACCCTCCTTTAGATA,0,1847249
hyuA_predicted,0.25,3,3,ACAATGGCTGGCTAACATAC,0,1854722
hyuA_predicted,0.25,3,3,ACAAGGGGTCAGTTGGATTT,0,1855347
hyuA_predicted,0.25,3,3,ACAAGACCCTCCATTAGCAT,0,1851697
hyuA_predicted,0.25,3,3,ACAACTTTGTAATAACTGGA,0,1872458
hyuA_predicted,0.25,3,3,ACAACATACCGCGTCCGTTT,0,1860020
hyuA_predicted,0.25,3,3,ACAAAATAATCATAGACGAG,0,1862386
hyuA_predicted,0.25,3,3,ACAAAAATGCATGGATGGAT,0,1837510
hyuA_predicted,0.25,3,3,AATTTAATCATGAGTCAAGA,0,1837550
hyuA_predicted,0.25,3,3,AATTAGGAACACCGCGCCCT,0,1876706
hyuA_predicted,0.25,3,3,AATGTCGTGTGAATACGAAG,0,1867671
hyuA_predicted,0.25,3,3,AATGGTTAGGCGCCCACCAA,0,1853921
hyuA_predicted,0.25,3,3,AATGCTAGCCTGAATTATGT,0,1867805
hyuA_predicted,0.25,3,3,AATGCAGAGGGGTACCACCA,0,1860616
hyuA_predicted,0.25,3,3,AATGAGGAGTTGAATGCAGA,0,1843519
hyuA_predicted,0.25,3,3,AATGAAGGTCCTGGGTGGAA,0,1853850
hyuA_predicted,0.25,3,3,AATCCAGTTGAGGATGTGCC,0,1872410
hyuA_predicted,0.25,3,3,AATCATCGTCTAAGTAGGGA,0,1875894
hyuA_predicted,0.25,3,3,AATCATCCAGGATCGACCAA,0,1852442
hyuA_predicted,0.25,3,3,AATATTCAATGGTTGAACGT,0,1849528
hyuA_predicted,0.25,3,3,AAGTTTCGACAGTGTTCAAC,0,1859997
hyuA_predicted,0.25,3,3,AAGTTCTTACTCATCGGCGA,0,1831737
hyuA_predicted,0.25,3,3,AAGTGTACCGAACCGCCCCT,0,1875214
hyuA_predicted,0.25,3,3,AAGTGCGCAGTATTGGACCT,0,1830734
hyuA_predicted,0.25,3,3,AAGTCCGGAGGTCCACTAGC,0,1865799
hyuA_predicted,0.25,3,3,AAGTATTCTACTGTAATGGC,0,1854286
hyuA_predicted,0.25,3,3,AAGTATAATGGAACCACCGT,0,1864418
hyuA_predicted,0.25,3,3,AAGTAGCCATGTCTAAGACA,0,1850416
hyuA_predicted,0.25,3,3,AAGTAACAAAGCTGAGAGCT,0,1877068
hyuA_predicted,0.25,3,3,AAGGGTGCACGCACGATAGA,0,1832134
hyuA_predicted,0.25,3,3,AAGGGCGGCGGCCGCGTGTT,0,1871327
hyuA_predicted,0.25,3,3,AAGGCTTCCTCGAGTCTACT,0,1848514
hyuA_predicted,0.25,3,3,AAGGCCTCTTCGCGGACGCT,0,1830745
hyuA_predicted,0.25,3,3,AAGGCAAACCAAGCGGTTTA,0,1864992
hyuA_predicted,0.25,3,3,AAGGACCTTATCTATCGAGT,0,1860004
hyuA_predicted,0.25,3,3,AAGGAACTCTGCGGTAAGCG,0,1845535
hyuA_predicted,0.25,3,3,AAGCCAGGAGGACCCTAACC,0,1839859
hyuA_predicted,0.25,3,3,AAGCCACGGTCGATATAACC,0,1850053
hyuA_predicted,0.25,3,3,AAGCCAAAACGTCCACATAC,0,1841453
hyuA_predicted,0.25,3,3,AAGAATAAACAGTTCCGACG,0,1859857
hyuA_predicted,0.25,3,3,AAGAACTTTCAAAGACGGTG,0,1865849
hyuA_predicted,0.25,3,3,AACTTTTGATAGTGACCCAC,0,1876798
hyuA_predicted,0.25,3,3,AACTGACAACTCATCAGTAT,0,1848600
hyuA_predicted,0.25,3,3,AACTCGGTTTCTGCTTAGAG,0,1860400
hyuA_predicted,0.25,3,3,AACTAGCTGTCAGTACCACG,0,1846557
hyuA_predicted,0.25,3,3,AACTAGCACACGGACATCGT,0,1845213
hyuA_predicted,0.25,3,3,AACGGTGTCAACTCTGAGTC,0,1872584
hyuA_predicted,0.25,3,3,AACGGGCAAACAGGGCGGTA,0,1867588
hyuA_predicted,0.25,3,3,AACGATTGGTGGTCGAGTTT,0,1839629
hyuA_predicted,0.25,3,3,AACGACAACTGGCACCACGG,0,1857627
hyuA_predicted,0.25,3,3,AACCTGCGTAGGACTGAGCG,0,1843329
hyuA_predicted,0.25,3,3,AACCTACTAATTCGAGCATT,0,1844951
hyuA_predicted,0.25,3,3,AACCCGATAGCGGTGCGATC,0,1862495
hyuA_predicted,0.25,3,3,AACCAATCCTTTTTGGTATC,0,1832222
hyuA_predicted,0.25,3,3,AACATAGATCCCTTGCGCGC,0,1850195
hyuA_predicted,0.25,3,3,AACATAAAACGACTCTCTCG,0,1838170
hyuA_predicted,0.25,3,3,AACAGTCCTTGTGAAACGCA,0,1852150
hyuA_predicted,0.25,3,3,AACAGCAAAGAAGACGAGAC,0,1867480
hyuA_predicted,0.25,3,3,AACAACTTCGGTTGGACATA,0,1838872
hyuA_predicted,0.25,3,3,AAATGTAGGGACCACATTTC,0,1857030
hyuA_predicted,0.25,3,3,AAATGGATTATGGTAAAAGG,0,1872483
hyuA_predicted,0.25,3,3,AAATCACTGTGTTGGAAATT,0,1839580
hyuA_predicted,0.25,3,3,AAAGCTACCTAAGAGCCAGA,0,1828916
hyuA_predicted,0.25,3,3,AAAGATTCTGTGGTTACCCG,0,1837697
hyuA_predicted,0.25,3,3,AAAGAGAACGATGAAATAAG,0,1837829
hyuA_predicted,0.25,3,3,AAACTAGACGACGAATGTCA,0,1830811
hyuA_predicted,0.25,3,3,AAACGTAAGATACGTCTATT,0,1843188
hyuA_predicted,0.25,3,3,AAACCCATATTCCAGATAGA,0,1855605
hyuA_predicted,0.25,3,3,AAACCATTCAGTTGTATAGC,0,1841811
hyuA_predicted,0.25,3,3,AAAAGGGCCAGGTAGTCGGT,0,1856688
hyuA_predicted,0.25,3,3,AAAAGCTTCACACGTTAGCT,0,1830502
hyuA_predicted,0.25,3,3,AAAACACGACTCGATGAATC,0,1849188
hyuA_predicted,0.3333333333333333,2,2,TTTTTGGCCGGGTCCTATTA,0,1866609
hyuA_predicted,0.3333333333333333,2,2,TTTTTCAACTTGGGCCAGAC,0,1850105
hyuA_predicted,0.3333333333333333,2,2,TTTTTATAACCGAGCCGCAT,0,1869027
hyuA_predicted,0.3333333333333333,2,2,TTTTGTGTCAGCCTTAAGAG,0,1877407
hyuA_predicted,0.3333333333333333,2,2,TTTTGCGGTCAGTGCATCTT,0,1834990
hyuA_predicted,0.3333333333333333,2,2,TTTTCGTACGCCTGAGCAAA,0,1832252
hyuA_predicted,0.3333333333333333,2,2,TTTTCGCCGGCATAAAGGGA,0,1871896
hyuA_predicted,0.3333333333333333,2,2,TTTTCGAGATCCATCCCGGG,0,1831046
hyuA_predicted,0.3333333333333333,2,2,TTTTCAATCTAATACGTTTG,0,1841232
hyuA_predicted,0.3333333333333333,2,2,TTTTATTCAGAACCGTATTC,0,1867986
hyuA_predicted,0.3333333333333333,2,2,TTTGGTCCAGACCCCGCGAA,0,1873887
hyuA_predicted,0.3333333333333333,2,2,TTTGGCGGGTTATTGATAAG,0,1862903
hyuA_predicted,0.3333333333333333,2,2,TTTGAGCTGTGAGTTGAAAA,0,1854579
hyuA_predicted,0.3333333333333333,2,2,TTTGACCGTCCACGTGGGCT,0,1846768
hyuA_predicted,0.3333333333333333,2,2,TTTCTACGGTAGCTCTGCTC,0,1850761
hyuA_predicted,0.3333333333333333,2,2,TTTCTAACTCATGGGCACGG,0,1849825
hyuA_predicted,0.3333333333333333,2,2,TTTCGAACCCGGACCGGACA,0,1874215
hyuA_predicted,0.3333333333333333,2,2,TTTCCGCTAATGGAGACAAA,0,1848137
hyuA_predicted,0.3333333333333333,2,2,TTTCCGCCGGTAAATGCATC,0,1837721
hyuA_predicted,0.3333333333333333,2,2,TTTCCGAACACTTGGTGCTT,0,1848313
hyuA_predicted,0.3333333333333333,2,2,TTTCAGGGGCCAACCACAAC,0,1855487
hyuA_predicted,0.3333333333333333,2,2,TTTATTTCAAAAGCATAACT,0,1844310
hyuA_predicted,0.3333333333333333,2,2,TTTAGGGTTGTACAGGCTCA,0,1836265
hyuA_predicted,0.3333333333333333,2,2,TTTAGCCCGTAGAGTGGTCG,0,1870799
hyuA_predicted,0.3333333333333333,2,2,TTTACCCATATGGAGGAGGT,0,1854879
hyuA_predicted,0.3333333333333333,2,2,TTTAAGAGGAGTACCACGAG,0,1861677
hyuA_predicted,0.3333333333333333,2,2,TTGTTTTTTTCAAGAGACCT,0,1845994
hyuA_predicted,0.3333333333333333,2,2,TTGTTTTAGAGTACAACAGG,0,1831728
hyuA_predicted,0.3333333333333333,2,2,TTGTTGGACGCAAGGCCCGA,0,1875562
hyuA_predicted,0.3333333333333333,2,2,TTGTGTAAAGCCCTGGGTGG,0,1852724
hyuA_predicted,0.3333333333333333,2,2,TTGTGATGCTCTCGGGTGAA,0,1849229
hyuA_predicted,0.3333333333333333,2,2,TTGTGATATTTTTAACTATG,0,1861513
hyuA_predicted,0.3333333333333333,2,2,TTGTGAAAGCTCTTATCAGT,0,1828941
hyuA_predicted,0.3333333333333333,2,2,TTGTATATAGATCAACTCGC,0,1864832
hyuA_predicted,0.3333333333333333,2,2,TTGTACTTTAGTCTGTGTCA,0,1875283
hyuA_predicted,0.3333333333333333,2,2,TTGGGTTGAGTGAGGCGTTA,0,1862442
hyuA_predicted,0.3333333333333333,2,2,TTGGGGTTGCTTTATGCCAA,0,1853658
hyuA_predicted,0.3333333333333333,2,2,TTGGGGGCGTGTGGAACAGA,0,1840951
hyuA_predicted,0.3333333333333333,2,2,TTGGGCGGGGCACCCTGAAG,0,1872977
hyuA_predicted,0.3333333333333333,2,2,TTGGGCAACCCGGCACCTGG,0,1866804
hyuA_predicted,0.3333333333333333,2,2,TTGGGACCCTATCGCCGTCT,0,1859391
hyuA_predicted,0.3333333333333333,2,2,TTGGCTAGCACACTACGTTT,0,1844807
hyuA_predicted,0.3333333333333333,2,2,TTGGCCGAGCAATAGCAAAC,0,1857571
hyuA_predicted,0.3333333333333333,2,2,TTGCGACGGGGCTAGAAATA,0,1852332
hyuA_predicted,0.3333333333333333,2,2,TTGCCTGAATTTGTGTGAAT,0,1835339
hyuA_predicted,0.3333333333333333,2,2,TTGCCGGTCGGAAAACATAC,0,1862600
hyuA_predicted,0.3333333333333333,2,2,TTGCCCGGAATCTTCTCCTC,0,1838271
hyuA_predicted,0.3333333333333333,2,2,TTGCAATCCTGCAATGGGAG,0,1873204
hyuA_predicted,0.3333333333333333,2,2,TTGATCGTGAGCACTATTCC,0,1854525
hyuA_predicted,0.3333333333333333,2,2,TTGAGGGGCGCCCCGCTTCG,0,1855945
hyuA_predicted,0.3333333333333333,2,2,TTGAGCCCGAATTTCTTGGC,0,1840373
hyuA_predicted,0.3333333333333333,2,2,TTGACACAGTGAAGGCCCAT,0,1857604
hyuA_predicted,0.3333333333333333,2,2,TTGAATAGTGTGCGACTAAT,0,1830449
hyuA_predicted,0.3333333333333333,2,2,TTGAAGACAATGTCCGACTC,0,1867613
hyuA_predicted,0.3333333333333333,2,2,TTCTTTCAGTGTGTAGGTCA,0,1858459
hyuA_predicted,0.3333333333333333,2,2,TTCTGTTCGGAAATGGGGTA,0,1843086
hyuA_predicted,0.3333333333333333,2,2,TTCTGTACCGACCTTACTGC,0,1853893
hyuA_predicted,0.3333333333333333,2,2,TTCTGGCTTTCTATTTACAG,0,1863049
hyuA_predicted,0.3333333333333333,2,2,TTCTCGTAAACTCGCCTAAA,0,1874364
hyuA_predicted,0.3333333333333333,2,2,TTCTACGACGCGTGGCAGAC,0,1860128
hyuA_predicted,0.3333333333333333,2,2,TTCGTTTTGGTGCTTTTACT,0,1836795
hyuA_predicted,0.3333333333333333,2,2,TTCGTTCGCTCGGTCTCAAC,0,1852086
hyuA_predicted,0.3333333333333333,2,2,TTCGTAAGGGTGAGTCAGTA,0,1877420
hyuA_predicted,0.3333333333333333,2,2,TTCGACTACGTCGTACGATG,0,1843506
hyuA_predicted,0.3333333333333333,2,2,TTCCTTGATATATCCATTGT,0,1846616
hyuA_predicted,0.3333333333333333,2,2,TTCCTCGCAATGTCTATTTG,0,1873926
hyuA_predicted,0.3333333333333333,2,2,TTCCCCGTGGCATTCTAGCG,0,1853291
hyuA_predicted,0.3333333333333333,2,2,TTCCCCGGCTAGTGCGTGCA,0,1866909
hyuA_predicted,0.3333333333333333,2,2,TTCCCACGTATTTACCCTTA,0,1848962
hyuA_predicted,0.3333333333333333,2,2,TTCCAGAGAATCCACAAATC,0,1834388
hyuA_predicted,0.3333333333333333,2,2,TTCCACCGTAATATCGGAAT,0,1844330
hyuA_predicted,0.3333333333333333,2,2,TTCCAAATTTATCGTAGGGC,0,1876168
hyuA_predicted,0.3333333333333333,2,2,TTCATTTTCACGTCGTTTAT,0,1838198
hyuA_predicted,0.3333333333333333,2,2,TTCATTCAGTGGGTCTGAAA,0,1870961
hyuA_predicted,0.3333333333333333,2,2,TTCATAGTCTATTGTGGTTA,0,1845109
hyuA_predicted,0.3333333333333333,2,2,TTCATACTCAAGTGGCGCCT,0,1835061
hyuA_predicted,0.3333333333333333,2,2,TTCATAACTGCCGTATGAAT,0,1877731
hyuA_predicted,0.3333333333333333,2,2,TTCAGATCACATATAGGCTC,0,1850743
hyuA_predicted,0.3333333333333333,2,2,TTCAATTCATTCCGAGGCTT,0,1873630
hyuA_predicted,0.3333333333333333,2,2,TTATCCCTATTACACCCTGT,0,1852957
hyuA_predicted,0.3333333333333333,2,2,TTAGTTCTAAAACTCACCCA,0,1868824
hyuA_predicted,0.3333333333333333,2,2,TTAGGTTATAACGGGCATAT,0,1833185
hyuA_predicted,0.3333333333333333,2,2,TTAGCGCATCTTTCGAAAAC,0,1871464
hyuA_predicted,0.3333333333333333,2,2,TTAGAGTACTCCCAACTGAA,0,1863086
hyuA_predicted,0.3333333333333333,2,2,TTACAAGGGTAGTAGGTAAA,0,1861097
hyuA_predicted,0.3333333333333333,2,2,TTAATAGGCATTTCAGATGG,0,1833753
hyuA_predicted,0.3333333333333333,2,2,TTAAGTATATCTGACATAGG,0,1843585
hyuA_predicted,0.3333333333333333,2,2,TTAAGGAAGGGCCCTTCAAT,0,1860575
hyuA_predicted,0.3333333333333333,2,2,TTAAATGCCTACCCGGGTCA,0,1853003
hyuA_predicted,0.3333333333333333,2,2,TTAAAATGGTCGTATACGAT,0,1831019
hyuA_predicted,0.3333333333333333,2,2,TGTTTCACCGGGTATCACTT,0,1875633
hyuA_predicted,0.3333333333333333,2,2,TGTTATGAACCGACCGCACT,0,1839585
hyuA_predicted,0.3333333333333333,2,2,TGTTACATGGAACAATTTGT,0,1843922
hyuA_predicted,0.3333333333333333,2,2,TGTGGTGGGTGCTAAGGAGG,0,1861060
hyuA_predicted,0.3333333333333333,2,2,TGTGCGCTACTAATTCACGT,0,1847822
hyuA_predicted,0.3333333333333333,2,2,TGTGCCTCCCTTGTGGCAGG,0,1871242
hyuA_predicted,0.3333333333333333,2,2,TGTGAGCAACTATTTAAAGC,0,1871350
hyuA_predicted,0.3333333333333333,2,2,TGTGAACGGGCGACAACCAC,0,1850768
hyuA_predicted,0.3333333333333333,2,2,TGTGAAATAAAGTGAATACG,0,1832029
hyuA_predicted,0.3333333333333333,2,2,TGTCTGACTTAGTCAACGGT,0,1837687
hyuA_predicted,0.3333333333333333,2,2,TGTCTCCAGCCTAGGTTGCG,0,1864508
hyuA_predicted,0.3333333333333333,2,2,TGTCCGTCCCCCAAAAATGT,0,1858044
hyuA_predicted,0.3333333333333333,2,2,TGTCAGGTGCGCGTCCACCT,0,1842621
hyuA_predicted,0.3333333333333333,2,2,TGTCAAGCGTCAACGCCCGT,0,1859004
hyuA_predicted,0.3333333333333333,2,2,TGTATTACTGCACTAGGAGA,0,1871850
hyuA_predicted,0.3333333333333333,2,2,TGTATGTAGAGTGTAGGGGA,0,1829403
hyuA_predicted,0.3333333333333333,2,2,TGTATCATTGAGTCTCAAAG,0,1833814
hyuA_predicted,0.3333333333333333,2,2,TGTATAGGGTTTACTTAATT,0,1862703
hyuA_predicted,0.3333333333333333,2,2,TGTACTTGGCACTTTTACCT,0,1871061
hyuA_predicted,0.3333333333333333,2,2,TGTACGCGTCACGCGGGACT,0,1854845
hyuA_predicted,0.3333333333333333,2,2,TGTACGCACGTTGCTTTGTG,0,1874601
hyuA_predicted,0.3333333333333333,2,2,TGTACCACTAGCGCTGCTCT,0,1858867
hyuA_predicted,0.3333333333333333,2,2,TGTACACCACTTGTATATCC,0,1861260
hyuA_predicted,0.3333333333333333,2,2,TGTAATATCTGTCTACCGTG,0,1858608
hyuA_predicted,0.3333333333333333,2,2,TGTAAGTTGTTAATTCAGCA,0,1857135
hyuA_predicted,0.3333333333333333,2,2,TGTAAGTATGATGGCTCGCA,0,1830205
hyuA_predicted,0.3333333333333333,2,2,TGTAAATGCCGTACCTACTT,0,1839341
hyuA_predicted,0.3333333333333333,2,2,TGGTTTTTTGTGCATATTTA,0,1844096
hyuA_predicted,0.3333333333333333,2,2,TGGTTTTCGTTGGACCGTTA,0,1848956
hyuA_predicted,0.3333333333333333,2,2,TGGTTTTACCGTACACCGTT,0,1841923
hyuA_predicted,0.3333333333333333,2,2,TGGTTCGTTCCGTAGCTAAG,0,1852493
hyuA_predicted,0.3333333333333333,2,2,TGGTCGGATTTCATGATAGT,0,1852538
hyuA_predicted,0.3333333333333333,2,2,TGGTCGAGTGTGTAGGCTAA,0,1874189
hyuA_predicted,0.3333333333333333,2,2,TGGTCCTATCCGCCATATTC,0,1830295
hyuA_predicted,0.3333333333333333,2,2,TGGTCACCACGCTTTGCTTA,0,1870598
hyuA_predicted,0.3333333333333333,2,2,TGGGGGGGCTTTAAGTATAG,0,1852224
hyuA_predicted,0.3333333333333333,2,2,TGGGGGCGGTTGAATCGGCA,0,1851037
hyuA_predicted,0.3333333333333333,2,2,TGGGCCTCACGGTGAGGCAT,0,1846861
hyuA_predicted,0.3333333333333333,2,2,TGGGCAGTTCCAATTTTTAG,0,1829832
hyuA_predicted,0.3333333333333333,2,2,TGGGAGTTCCGTTCATTTAA,0,1865452
hyuA_predicted,0.3333333333333333,2,2,TGGCTAGGTTTAGGAAGGGA,0,1834432
hyuA_predicted,0.3333333333333333,2,2,TGGCATCCACACCGAGTCGG,0,1845048
hyuA_predicted,0.3333333333333333,2,2,TGGCAAAGTCTCCATGAATA,0,1874054
hyuA_predicted,0.3333333333333333,2,2,TGGATCTTGCCTAGCAAGCG,0,1870978
hyuA_predicted,0.3333333333333333,2,2,TGGATAACGCGACGTCATAT,0,1873639
hyuA_predicted,0.3333333333333333,2,2,TGGAGTTTGAGTCCACCCAG,0,1830204
hyuA_predicted,0.3333333333333333,2,2,TGGAGAAGATCAACAGAATA,0,1872653
hyuA_predicted,0.3333333333333333,2,2,TGGACTTCCAATAGACAAGG,0,1835576
hyuA_predicted,0.3333333333333333,2,2,TGGACGACTCGAGGTGAGTA,0,1873950
hyuA_predicted,0.3333333333333333,2,2,TGGAACTGGCCTCTCAGACT,0,1845295
hyuA_predicted,0.3333333333333333,2,2,TGCTTCTGCATTTATCCAGA,0,1838302
hyuA_predicted,0.3333333333333333,2,2,TGCTGCGGGACTTGATTCTT,0,1845716
hyuA_predicted,0.3333333333333333,2,2,TGCTGCATGTTCTGTCGGCC,0,1851858
hyuA_predicted,0.3333333333333333,2,2,TGCTGATCCTGTAGGTTGAC,0,1877011
hyuA_predicted,0.3333333333333333,2,2,TGCTCCGACACTCAAAGAGC,0,1862800
hyuA_predicted,0.3333333333333333,2,2,TGCTCCCATTGGCCCTAGTT,0,1872052
hyuA_predicted,0.3333333333333333,2,2,TGCGTGTCTCATGTGGGGCT,0,1867054
hyuA_predicted,0.3333333333333333,2,2,TGCGCTCAACAATACTACTT,0,1842839
hyuA_predicted,0.3333333333333333,2,2,TGCGCCTTTATCATATCAGA,0,1851306
hyuA_predicted,0.3333333333333333,2,2,TGCGCAGCACTTTTTGCTGA,0,1857510
hyuA_predicted,0.3333333333333333,2,2,TGCCTCGCAAGCTAGGGCTC,0,1860923
hyuA_predicted,0.3333333333333333,2,2,TGCCGTATCATTTGCGATTG,0,1855306
hyuA_predicted,0.3333333333333333,2,2,TGCCGAGATAGGGGACATAC,0,1869380
hyuA_predicted,0.3333333333333333,2,2,TGCCCGCTGGTAGGCCGCGG,0,1865937
hyuA_predicted,0.3333333333333333,2,2,TGCATTCGAAACTGATACAA,0,1855160
hyuA_predicted,0.3333333333333333,2,2,TGCATACTTACCTAAGATGG,0,1872318
hyuA_predicted,0.3333333333333333,2,2,TGCAGCCAAAGCTTATACGT,0,1835529
hyuA_predicted,0.3333333333333333,2,2,TGCACTGGCCGAGGTGCGGT,0,1847831
hyuA_predicted,0.3333333333333333,2,2,TGCAAACGACGAGCTCCGGG,0,1829280
hyuA_predicted,0.3333333333333333,2,2,TGATTGAAAGCAAGGCCCGA,0,1844318
hyuA_predicted,0.3333333333333333,2,2,TGATTCATCTTCCCCGCTGT,0,1844090
hyuA_predicted,0.3333333333333333,2,2,TGATGGGACCGTACGATAAT,0,1836735
hyuA_predicted,0.3333333333333333,2,2,TGATGATGAATCTCCGAAGT,0,1873178
hyuA_predicted,0.3333333333333333,2,2,TGATCTAATTTCGAGGCCGG,0,1867442
hyuA_predicted,0.3333333333333333,2,2,TGATCCTTAGGGACATATCG,0,1872244
hyuA_predicted,0.3333333333333333,2,2,TGATCCTGACCGTTTATTAA,0,1873939
hyuA_predicted,0.3333333333333333,2,2,TGATCCACTAGGACTAAACG,0,1866593
hyuA_predicted,0.3333333333333333,2,2,TGAGTTCATTTTCCCCGAGA,0,1841264
hyuA_predicted,0.3333333333333333,2,2,TGAGTTAGTGGCGGGATCTG,0,1830379
hyuA_predicted,0.3333333333333333,2,2,TGAGTCCTGCACCCAGTTAG,0,1857039
hyuA_predicted,0.3333333333333333,2,2,TGAGTAATTTTCAACGGAGG,0,1857063
hyuA_predicted,0.3333333333333333,2,2,TGAGCTGTATATGAACAAAT,0,1871745
hyuA_predicted,0.3333333333333333,2,2,TGAGAATCTGATGACGTGAA,0,1843097
hyuA_predicted,0.3333333333333333,2,2,TGACCTTCTGCACGCACTGA,0,1854321
hyuA_predicted,0.3333333333333333,2,2,TGACCTAGAGTCGAGCGCGC,0,1835658
hyuA_predicted,0.3333333333333333,2,2,TGACCATTCCAAGATCGGTT,0,1861381
hyuA_predicted,0.3333333333333333,2,2,TGACAGCACGGACTCATTAA,0,1831778
hyuA_predicted,0.3333333333333333,2,2,TGACAACAAGATTAGAAGGC,0,1843738
hyuA_predicted,0.3333333333333333,2,2,TGAATTCTTTTAGAGGCCGT,0,1829044
hyuA_predicted,0.3333333333333333,2,2,TGAAGGTTCACGTTATAGCC,0,1855730
hyuA_predicted,0.3333333333333333,2,2,TGAACATGATCTGCATCAAC,0,1835723
hyuA_predicted,0.3333333333333333,2,2,TCTTGGATAGGAGACCCATT,0,1869977
hyuA_predicted,0.3333333333333333,2,2,TCTTCTTAGCAAAAGCAGCA,0,1831452
hyuA_predicted,0.3333333333333333,2,2,TCTGGGGAATGGCCCGTTGT,0,1864397
hyuA_predicted,0.3333333333333333,2,2,TCTGGCTGCGATATCGCCTG,0,1833790
hyuA_predicted,0.3333333333333333,2,2,TCTGCATTGGCAGTGAATCC,0,1840569
hyuA_predicted,0.3333333333333333,2,2,TCTGACTCCGGGGAGGACCA,0,1838385
hyuA_predicted,0.3333333333333333,2,2,TCTCTCGTCGTACGTACGGA,0,1871503
hyuA_predicted,0.3333333333333333,2,2,TCTCTATCCTGACACTTCGT,0,1871136
hyuA_predicted,0.3333333333333333,2,2,TCTCTATCACTAGATTTTTT,0,1868472
hyuA_predicted,0.3333333333333333,2,2,TCTCTACCTATCTGAACCGG,0,1869970
hyuA_predicted,0.3333333333333333,2,2,TCTCCCGCGAATAACAATGG,0,1856880
hyuA_predicted,0.3333333333333333,2,2,TCTCACGGCCCGCTAGGATT,0,1860687
hyuA_predicted,0.3333333333333333,2,2,TCTATGCTGCGATTGCGGGG,0,1858055
hyuA_predicted,0.3333333333333333,2,2,TCTATGCACTTAGTACTAAG,0,1839309
hyuA_predicted,0.3333333333333333,2,2,TCTAGTTCCTGGTTAAACGC,0,1851962
hyuA_predicted,0.3333333333333333,2,2,TCTAGTGTATGCCCAAGGTG,0,1844021
hyuA_predicted,0.3333333333333333,2,2,TCTAGGCGATTTGGCCAGTT,0,1862296
hyuA_predicted,0.3333333333333333,2,2,TCTACTCAACCAGTGGAACC,0,1849348
hyuA_predicted,0.3333333333333333,2,2,TCTACGGCCTAGCACTCGCA,0,1840148
hyuA_predicted,0.3333333333333333,2,2,TCTACGGCACTGTATATACT,0,1841054
hyuA_predicted,0.3333333333333333,2,2,TCTAAGAGAACGCTGTTGTT,0,1865357
hyuA_predicted,0.3333333333333333,2,2,TCTAACTTAGGTTTTAACTA,0,1834603
hyuA_predicted,0.3333333333333333,2,2,TCGTTTCGTCTACAAATGTA,0,1877428
hyuA_predicted,0.3333333333333333,2,2,TCGTTGTCACCATAATACTA,0,1877609
hyuA_predicted,0.3333333333333333,2,2,TCGTTGCCAAAGGTCTTCGT,0,1845541
hyuA_predicted,0.3333333333333333,2,2,TCGTGGAACAAGCGCTCGCC,0,1870186
hyuA_predicted,0.3333333333333333,2,2,TCGTCAGGGGTTGTCATGTA,0,1839748
hyuA_predicted,0.3333333333333333,2,2,TCGTATCCCCCAAGCACGGA,0,1849783
hyuA_predicted,0.3333333333333333,2,2,TCGTAAACCTATACTTCAGG,0,1863435
hyuA_predicted,0.3333333333333333,2,2,TCGGTTGGTCACCCGTTGAA,0,1852004
hyuA_predicted,0.3333333333333333,2,2,TCGGTGCTATATGGTAGGTG,0,1849139
hyuA_predicted,0.3333333333333333,2,2,TCGGGTGCCGGATTTAGTCC,0,1866749
hyuA_predicted,0.3333333333333333,2,2,TCGGACACTCGCGCGAGTCA,0,1837367
hyuA_predicted,0.3333333333333333,2,2,TCGCTCGCGTTCCATTTTCT,0,1849946
hyuA_predicted,0.3333333333333333,2,2,TCGCTAGGGTGGCTGCGCAT,0,1870506
hyuA_predicted,0.3333333333333333,2,2,TCGATCCTGCAAAAAGTCTA,0,1874562
hyuA_predicted,0.3333333333333333,2,2,TCGATATACCGCATGCGTTA,0,1836284
hyuA_predicted,0.3333333333333333,2,2,TCGAGTCTGTTCACGACCTG,0,1835706
hyuA_predicted,0.3333333333333333,2,2,TCGACACAGGTCTCTCTGGG,0,1832363
hyuA_predicted,0.3333333333333333,2,2,TCGAACCAGTCCTATAAGCC,0,1876075
hyuA_predicted,0.3333333333333333,2,2,TCGAACAGGTCTTATCCAAA,0,1872407
hyuA_predicted,0.3333333333333333,2,2,TCCTTTAAAAGGTACAAATG,0,1843406
hyuA_predicted,0.3333333333333333,2,2,TCCTTCGAGCGCCGGTTATC,0,1864685
hyuA_predicted,0.3333333333333333,2,2,TCCTTAGGGGGGGCGTCCAT,0,1832142
hyuA_predicted,0.3333333333333333,2,2,TCCTGGGAGCGTGAACGAGT,0,1866811
hyuA_predicted,0.3333333333333333,2,2,TCCTGGCAGAGGTTGGGCTA,0,1867654
hyuA_predicted,0.3333333333333333,2,2,TCCTGCTATCCTCTGGTTTA,0,1869736
hyuA_predicted,0.3333333333333333,2,2,TCCGGTGGTCAAACCAGGAG,0,1831508
hyuA_predicted,0.3333333333333333,2,2,TCCGGTACTCCATTTGGCGT,0,1836924
hyuA_predicted,0.3333333333333333,2,2,TCCGGGCGGCCTATTCCCGG,0,1870973
hyuA_predicted,0.3333333333333333,2,2,TCCGGGCGCTCATAGTCCGG,0,1832285
hyuA_predicted,0.3333333333333333,2,2,TCCGCTCGAGAATGGTTGGA,0,1842954
hyuA_predicted,0.3333333333333333,2,2,TCCGCGTGTGAATCGTGAAA,0,1843029
hyuA_predicted,0.3333333333333333,2,2,TCCCCCCCATCGGCGTATCT,0,1858427
hyuA_predicted,0.3333333333333333,2,2,TCCCATAATCACGTGGCTAC,0,1867438
hyuA_predicted,0.3333333333333333,2,2,TCCCAGGTTAGAAATAATGC,0,1833249
hyuA_predicted,0.3333333333333333,2,2,TCCCAGGGAGTAACGCGAGC,0,1865704
hyuA_predicted,0.3333333333333333,2,2,TCCCACATTTATGAATAAAA,0,1871259
hyuA_predicted,0.3333333333333333,2,2,TCCATTCCGCATGCAAGTCG,0,1849971
hyuA_predicted,0.3333333333333333,2,2,TCCAGCCTTCGGAGCAGTTG,0,1869457
hyuA_predicted,0.3333333333333333,2,2,TCCACCTGGAAGACGTGTAT,0,1850382
hyuA_predicted,0.3333333333333333,2,2,TCCAATGCGTGAACACGGGT,0,1829642
hyuA_predicted,0.3333333333333333,2,2,TCCAAGAGCGCCCCGCGCGA,0,1869918
hyuA_predicted,0.3333333333333333,2,2,TCATTACTGTTACAACAGTT,0,1860358
hyuA_predicted,0.3333333333333333,2,2,TCATGACCGCCGCCATCTAT,0,1865731
hyuA_predicted,0.3333333333333333,2,2,TCATGAATGTCGATAACGAT,0,1833797
hyuA_predicted,0.3333333333333333,2,2,TCAGGCCGGTGTGAGGCGGA,0,1858057
hyuA_predicted,0.3333333333333333,2,2,TCAGCATTGCACCTTGAGCC,0,1852524
hyuA_predicted,0.3333333333333333,2,2,TCAGACTCACATTAGCGGGT,0,1849421
hyuA_predicted,0.3333333333333333,2,2,TCAGACCGTTATACGCCTAG,0,1854465
hyuA_predicted,0.3333333333333333,2,2,TCACCGGAATCCTTACGATT,0,1831342
hyuA_predicted,0.3333333333333333,2,2,TCACCCCCGCCCAGTGATAT,0,1864719
hyuA_predicted,0.3333333333333333,2,2,TCAACCGACTTCTTCTTACC,0,1831070
hyuA_predicted,0.3333333333333333,2,2,TCAAAGATTCGTATAAAGTG,0,1837922
hyuA_predicted,0.3333333333333333,2,2,TCAAACGGGCCTCCGGGAAG,0,1836863
hyuA_predicted,0.3333333333333333,2,2,TATTTTTGCCCAGGTTCCGG,0,1868368
hyuA_predicted,0.3333333333333333,2,2,TATTGTGTGTCGGGAAGGTC,0,1840952
hyuA_predicted,0.3333333333333333,2,2,TATTGTCTAACCCTGTCCTA,0,1860299
hyuA_predicted,0.3333333333333333,2,2,TATTGGTTAGCTGCAATCTA,0,1857526
hyuA_predicted,0.3333333333333333,2,2,TATTGGAACAGGCGGTGTTC,0,1871877
hyuA_predicted,0.3333333333333333,2,2,TATTGCTACTCATGTCACCA,0,1834385
hyuA_predicted,0.3333333333333333,2,2,TATGATCAATCGAGTAAGGA,0,1862148
hyuA_predicted,0.3333333333333333,2,2,TATGAGCGTCATAAAAGTAT,0,1834818
hyuA_predicted,0.3333333333333333,2,2,TATCTCCGGACTACTGAGTC,0,1866881
hyuA_predicted,0.3333333333333333,2,2,TATCGCTGGTTAGCGTGCGA,0,1868556
hyuA_predicted,0.3333333333333333,2,2,TATCCTTAATTCTCCATAAG,0,1859417
hyuA_predicted,0.3333333333333333,2,2,TATCCAAGTCCGTGCCATCA,0,1859925
hyuA_predicted,0.3333333333333333,2,2,TATCAACGGATTTGCGGTTG,0,1857118
hyuA_predicted,0.3333333333333333,2,2,TATATGTCTGGAATTTCAAC,0,1861174
hyuA_predicted,0.3333333333333333,2,2,TATACGTTGGCCCGTCCACT,0,1866795
hyuA_predicted,0.3333333333333333,2,2,TATACCCGACGTGGCCTAAT,0,1834919
hyuA_predicted,0.3333333333333333,2,2,TATAACACAGAAACACATGT,0,1858336
hyuA_predicted,0.3333333333333333,2,2,TAGGTCTATGCGTGCCTAAG,0,1855623
hyuA_predicted,0.3333333333333333,2,2,TAGGGGTCAAGAATAATAGT,0,1839931
hyuA_predicted,0.3333333333333333,2,2,TAGGGGGGAACGGGATCTGT,0,1858106
hyuA_predicted,0.3333333333333333,2,2,TAGGGGATCGTGTGTACAAT,0,1854209
hyuA_predicted,0.3333333333333333,2,2,TAGGCCAGCACGCTTATAGT,0,1849855
hyuA_predicted,0.3333333333333333,2,2,TAGGATGTGCTTGCCAGTCA,0,1867017
hyuA_predicted,0.3333333333333333,2,2,TAGCTCTACGTGAATTGTGG,0,1830450
hyuA_predicted,0.3333333333333333,2,2,TAGCGGCAAAGCAATTAGCC,0,1877169
hyuA_predicted,0.3333333333333333,2,2,TAGAACTGTCCCAAACTCTG,0,1851741
hyuA_predicted,0.3333333333333333,2,2,TAGAAAATTGCGGGACACGC,0,1877758
hyuA_predicted,0.3333333333333333,2,2,TACTTTTATACGTAGAGGAA,0,1853694
hyuA_predicted,0.3333333333333333,2,2,TACTCCCTTGGTACCGAGAT,0,1874022
hyuA_predicted,0.3333333333333333,2,2,TACGTAAAAGCCATTCGCAT,0,1844848
hyuA_predicted,0.3333333333333333,2,2,TACGGACGGCAGTAAAACAG,0,1841277
hyuA_predicted,0.3333333333333333,2,2,TACGCGGCGTACCGACGGCA,0,1836779
hyuA_predicted,0.3333333333333333,2,2,TACGCGAGCGGTCGCTTTCC,0,1854494
hyuA_predicted,0.3333333333333333,2,2,TACGCATGAGCTGCAACCTG,0,1838489
hyuA_predicted,0.3333333333333333,2,2,TACCTCCTGTAGGGAGGACG,0,1856332
hyuA_predicted,0.3333333333333333,2,2,TACCGGTCGAAAGGACCGGT,0,1849935
hyuA_predicted,0.3333333333333333,2,2,TACCGGAAATACGTTGGAAT,0,1849905
hyuA_predicted,0.3333333333333333,2,2,TACCCCGCGCCTTGTCCACT,0,1832856
hyuA_predicted,0.3333333333333333,2,2,TACAGTCATGGAGCATCAGC,0,1870424
hyuA_predicted,0.3333333333333333,2,2,TACAGCGGGTAAGAGGGTCC,0,1834180
hyuA_predicted,0.3333333333333333,2,2,TACACGATACCTGTTTTATA,0,1836967
hyuA_predicted,0.3333333333333333,2,2,TACAATATTACGGTACCACC,0,1852161
hyuA_predicted,0.3333333333333333,2,2,TAATATACAGCCCCACCATA,0,1829066
hyuA_predicted,0.3333333333333333,2,2,TAAGGTAGTCTAAAAAACAA,0,1875881
hyuA_predicted,0.3333333333333333,2,2,TAAGGCAGATTCCTGCACTG,0,1863994
hyuA_predicted,0.3333333333333333,2,2,TAAGCTCGAAAAACACTTAA,0,1872106
hyuA_predicted,0.3333333333333333,2,2,TAAGATGGAGATCACGCGAG,0,1835787
hyuA_predicted,0.3333333333333333,2,2,TAACTGGAGCGGTTCGAGTT,0,1835942
hyuA_predicted,0.3333333333333333,2,2,TAACTGCCCGGAGCGCGTAG,0,1862338
hyuA_predicted,0.3333333333333333,2,2,TAACCCACGTGCCTCGCTTA,0,1864133
hyuA_predicted,0.3333333333333333,2,2,TAACAAAGATTCGAGCTCTA,0,1843635
hyuA_predicted,0.3333333333333333,2,2,TAAATGCCGCGTTTCTCACT,0,1860912
hyuA_predicted,0.3333333333333333,2,2,TAAATCCGGGTACTTTGTTG,0,1864673
hyuA_predicted,0.3333333333333333,2,2,TAAAGCGTATTAACGTGTTT,0,1873624
hyuA_predicted,0.3333333333333333,2,2,TAAAATATCGTGGTATCTTA,0,1864584
hyuA_predicted,0.3333333333333333,2,2,TAAAACTCGATTAACCTCTT,0,1852936
hyuA_predicted,0.3333333333333333,2,2,GTTTTTTTGACCAAAAAGGT,0,1876920
hyuA_predicted,0.3333333333333333,2,2,GTTTTTGTAAGCGGAGAATG,0,1855664
hyuA_predicted,0.3333333333333333,2,2,GTTTTCTCTCGCCAACAATC,0,1848216
hyuA_predicted,0.3333333333333333,2,2,GTTTTCCGCATTAGTGAATG,0,1856825
hyuA_predicted,0.3333333333333333,2,2,GTTTTAAGGGGTCTTCTAGC,0,1855034
hyuA_predicted,0.3333333333333333,2,2,GTTTGCTCTCTTGGTTCGGC,0,1836700
hyuA_predicted,0.3333333333333333,2,2,GTTTCTTTATGTCAGTGGAT,0,1833984
hyuA_predicted,0.3333333333333333,2,2,GTTTCCTACCGGTACCTAAC,0,1834326
hyuA_predicted,0.3333333333333333,2,2,GTTTATAGCAGCTAAGGATT,0,1843368
hyuA_predicted,0.3333333333333333,2,2,GTTTAGAGATTATTAGGAAG,0,1834640
hyuA_predicted,0.3333333333333333,2,2,GTTGTCGTTTAGATTTGTAT,0,1829202
hyuA_predicted,0.3333333333333333,2,2,GTTGGGCGAATCGTAGTTAA,0,1838730
hyuA_predicted,0.3333333333333333,2,2,GTTGCCATCAAGAGCCACAC,0,1874693
hyuA_predicted,0.3333333333333333,2,2,GTTGAGGTAACCATTTGCTT,0,1858678
hyuA_predicted,0.3333333333333333,2,2,GTTGAACGGGTGCGGAGTGG,0,1841586
hyuA_predicted,0.3333333333333333,2,2,GTTCTGATCCCATCGCTGAG,0,1855665
hyuA_predicted,0.3333333333333333,2,2,GTTCCTACACGTAGTTCTTA,0,1867531
hyuA_predicted,0.3333333333333333,2,2,GTTCCGAATACCTTATAGGC,0,1848134
hyuA_predicted,0.3333333333333333,2,2,GTTCAAAACACCGGCAGGAG,0,1851095
hyuA_predicted,0.3333333333333333,2,2,GTTATTCATGCCTAGCAAAT,0,1875737
hyuA_predicted,0.3333333333333333,2,2,GTTATCTGTAAAACCTACGT,0,1868193
hyuA_predicted,0.3333333333333333,2,2,GTTATCATAGCAAAGGAAGA,0,1855466
hyuA_predicted,0.3333333333333333,2,2,GTTATAGGGGATCGGGCAGC,0,1851005
hyuA_predicted,0.3333333333333333,2,2,GTTAGATATAGCGAGCCGGT,0,1840668
hyuA_predicted,0.3333333333333333,2,2,GTTAGAGACCGACATATCAT,0,1854260
hyuA_predicted,0.3333333333333333,2,2,GTTACTTAGGGTGCTAGCTA,0,1835645
hyuA_predicted,0.3333333333333333,2,2,GTTACCGGTGGGCCTATGAC,0,1845363
hyuA_predicted,0.3333333333333333,2,2,GTTAAAACCATGAGACACTT,0,1861831
hyuA_predicted,0.3333333333333333,2,2,GTGTGTCCCAGCACTCGACG,0,1870995
hyuA_predicted,0.3333333333333333,2,2,GTGTGCTGTGGTGCCCATCG,0,1848957
hyuA_predicted,0.3333333333333333,2,2,GTGTGCTGCGGTAAGGAACT,0,1848263
hyuA_predicted,0.3333333333333333,2,2,GTGTGCTACGAGCGATAGCG,0,1832133
hyuA_predicted,0.3333333333333333,2,2,GTGTGCCGGTGACTTATAGC,0,1863760
hyuA_predicted,0.3333333333333333,2,2,GTGTGACATTAGGATCGTGA,0,1832534
hyuA_predicted,0.3333333333333333,2,2,GTGTCGTAAGAGCAACGGCT,0,1847781
hyuA_predicted,0.3333333333333333,2,2,GTGTACCTCGCGGCAGTGCG,0,1846459
hyuA_predicted,0.3333333333333333,2,2,GTGGTGTTTATGCCAGGAGT,0,1848341
hyuA_predicted,0.3333333333333333,2,2,GTGGTACACTCACAGGTGGA,0,1839213
hyuA_predicted,0.3333333333333333,2,2,GTGGGTCTGCCCTGGACACT,0,1839604
hyuA_predicted,0.3333333333333333,2,2,GTGGGTCGTTTAGAGCCTGT,0,1844966
hyuA_predicted,0.3333333333333333,2,2,GTGGGTCGGGCAATGTCGGT,0,1831896
hyuA_predicted,0.3333333333333333,2,2,GTGGGTAATCTAAGGAGCAT,0,1831425
hyuA_predicted,0.3333333333333333,2,2,GTGGGAGCACACGGTCAGCT,0,1860852
hyuA_predicted,0.3333333333333333,2,2,GTGGCTCCGTATGTCCTCAA,0,1857183
hyuA_predicted,0.3333333333333333,2,2,GTGGCGGATCGACAGATGGG,0,1873836
hyuA_predicted,0.3333333333333333,2,2,GTGGCCGCAACCGTGGAACG,0,1874375
hyuA_predicted,0.3333333333333333,2,2,GTGGCCCCCCGAGCAGAAAC,0,1839350
hyuA_predicted,0.3333333333333333,2,2,GTGGACGGAGAGTTTAGAGT,0,1829022
hyuA_predicted,0.3333333333333333,2,2,GTGGAATGGCCCAATTAAGG,0,1869319
hyuA_predicted,0.3333333333333333,2,2,GTGCTTGCGCAGTCTCGGGC,0,1832271
hyuA_predicted,0.3333333333333333,2,2,GTGCTGTCAATACGACGACG,0,1839291
hyuA_predicted,0.3333333333333333,2,2,GTGCTCAGAAGGTTATCATA,0,1866911
hyuA_predicted,0.3333333333333333,2,2,GTGCGCACTGTGCGCAGTTA,0,1845118
hyuA_predicted,0.3333333333333333,2,2,GTGCCCTACCGAGCAACGGT,0,1870398
hyuA_predicted,0.3333333333333333,2,2,GTGCAGACTAGAGCTAAAAA,0,1851062
hyuA_predicted,0.3333333333333333,2,2,GTGCACCGTTTTTTGAGCGA,0,1838453
hyuA_predicted,0.3333333333333333,2,2,GTGATCTCCAGTCGCGGGTA,0,1871004
hyuA_predicted,0.3333333333333333,2,2,GTGAGATTCATGAGGCCCTA,0,1833082
hyuA_predicted,0.3333333333333333,2,2,GTGACTCGATGACAAGGTTA,0,1830319
hyuA_predicted,0.3333333333333333,2,2,GTGACATATCCGTAAATGTG,0,1846253
hyuA_predicted,0.3333333333333333,2,2,GTCTTGATGTATCCTGCAAC,0,1851627
hyuA_predicted,0.3333333333333333,2,2,GTCTTCATTACCGGTTGTCT,0,1865005
hyuA_predicted,0.3333333333333333,2,2,GTCTGTGCCGAGGGCGGTAA,0,1835850
hyuA_predicted,0.3333333333333333,2,2,GTCTGAATAGTCGAGTTCGC,0,1869530
hyuA_predicted,0.3333333333333333,2,2,GTCTCTAATATCTCAGCCTT,0,1872825
hyuA_predicted,0.3333333333333333,2,2,GTCGTTGGCACCCTCTGCTA,0,1849462
hyuA_predicted,0.3333333333333333,2,2,GTCGTTCGACCAATTTGCTC,0,1862506
hyuA_predicted,0.3333333333333333,2,2,GTCGGACGCAAACTCCTCAG,0,1854259
hyuA_predicted,0.3333333333333333,2,2,GTCGCTCCCTCAGTGTATCA,0,1832578
hyuA_predicted,0.3333333333333333,2,2,GTCGCGTTTTCATACCATCG,0,1854605
hyuA_predicted,0.3333333333333333,2,2,GTCGCCGGGACTTCATGTAC,0,1854535
hyuA_predicted,0.3333333333333333,2,2,GTCGAGGTGCCGGTGGGAGA,0,1829647
hyuA_predicted,0.3333333333333333,2,2,GTCCTTATTGGGCTTGAGCT,0,1851186
hyuA_predicted,0.3333333333333333,2,2,GTCCTCCAACTAAGGATGAA,0,1872044
hyuA_predicted,0.3333333333333333,2,2,GTCCCTCCAGTCTATAAATA,0,1870453
hyuA_predicted,0.3333333333333333,2,2,GTCCCCTGAAACACCTTTGT,0,1865466
hyuA_predicted,0.3333333333333333,2,2,GTCAGTCATAAGTGTAAAGA,0,1865889
hyuA_predicted,0.3333333333333333,2,2,GTCAGGTCTGGCTTGGTACC,0,1842958
hyuA_predicted,0.3333333333333333,2,2,GTCAGGCAGTAGCTGACTCT,0,1851595
hyuA_predicted,0.3333333333333333,2,2,GTCAACTTAGGTGTTGGTGT,0,1852679
hyuA_predicted,0.3333333333333333,2,2,GTATGGTGTTCGTTAGCTGG,0,1864767
hyuA_predicted,0.3333333333333333,2,2,GTATCAATCATGCGTCTGTC,0,1871402
hyuA_predicted,0.3333333333333333,2,2,GTATATTGAAGCCTTGTATT,0,1843664
hyuA_predicted,0.3333333333333333,2,2,GTAGCGCCGCAGCAGATATT,0,1873205
hyuA_predicted,0.3333333333333333,2,2,GTAGAGTTGAACATTAGCCT,0,1847505
hyuA_predicted,0.3333333333333333,2,2,GTACTGCGTCAATCGCAAGT,0,1830710
hyuA_predicted,0.3333333333333333,2,2,GTACGTAGGATAGCGTCATA,0,1862085
hyuA_predicted,0.3333333333333333,2,2,GTACGGGTTTGACTCCTACA,0,1850334
hyuA_predicted,0.3333333333333333,2,2,GTAATCGTGTATGCGTTCAC,0,1876184
hyuA_predicted,0.3333333333333333,2,2,GTAATCACGAAGGCAAAGAT,0,1833430
hyuA_predicted,0.3333333333333333,2,2,GTAATATTGCAATGGCGTAA,0,1842742
hyuA_predicted,0.3333333333333333,2,2,GTAATATGTGTATAATCGCT,0,1852213
hyuA_predicted,0.3333333333333333,2,2,GTAATACTAAGCACCCACTA,0,1840032
hyuA_predicted,0.3333333333333333,2,2,GTAAGTTGGAGACGTCACTC,0,1872899
hyuA_predicted,0.3333333333333333,2,2,GTAAGGAAATTGACCGGCAT,0,1839662
hyuA_predicted,0.3333333333333333,2,2,GTAAGCTATATAGGTCGGGC,0,1844901
hyuA_predicted,0.3333333333333333,2,2,GTAACGACCCCTAACACCTA,0,1867049
hyuA_predicted,0.3333333333333333,2,2,GTAAAGTCTCTCGGCAGCCG,0,1857079
hyuA_predicted,0.3333333333333333,2,2,GTAAAGGATGGACGTTATCC,0,1867809
hyuA_predicted,0.3333333333333333,2,2,GGTTGTGGCAATTTAACCTA,0,1856468
hyuA_predicted,0.3333333333333333,2,2,GGTTGTCAAACGACTGGTGT,0,1865154
hyuA_predicted,0.3333333333333333,2,2,GGTTGGTATACATCCAGGCA,0,1836279
hyuA_predicted,0.3333333333333333,2,2,GGTTGGAGCACAGGACGATG,0,1856359
hyuA_predicted,0.3333333333333333,2,2,GGTTCTATTGAGTCTTCTGT,0,1869249
hyuA_predicted,0.3333333333333333,2,2,GGTTAGTAGGGAGATCACTG,0,1834173
hyuA_predicted,0.3333333333333333,2,2,GGTGTTTCGCGACGTGGGAT,0,1836893
hyuA_predicted,0.3333333333333333,2,2,GGTGTCTAGACCTGGTGAGG,0,1872684
hyuA_predicted,0.3333333333333333,2,2,GGTGGGGGTACCCACTTTGC,0,1830586
hyuA_predicted,0.3333333333333333,2,2,GGTGGCCTATAACTGACCCT,0,1843487
hyuA_predicted,0.3333333333333333,2,2,GGTGGAGCATCGGTGTGCCG,0,1833551
hyuA_predicted,0.3333333333333333,2,2,GGTGGACATTTTGATATCCA,0,1841282
hyuA_predicted,0.3333333333333333,2,2,GGTGAGCATACCCCGATAAG,0,1845448
hyuA_predicted,0.3333333333333333,2,2,GGTCTTCCTCCATTTGCCTT,0,1839700
hyuA_predicted,0.3333333333333333,2,2,GGTCTAGCTGGCTCCCTTCA,0,1866775
hyuA_predicted,0.3333333333333333,2,2,GGTCTAAGTGCGGGGGGCCC,0,1842584
hyuA_predicted,0.3333333333333333,2,2,GGTCGAAAGGAATCCTCCTT,0,1837327
hyuA_predicted,0.3333333333333333,2,2,GGTCATCCGCCCATCTCGGT,0,1855155
hyuA_predicted,0.3333333333333333,2,2,GGTCAGGAAATGGAATCGTA,0,1869353
hyuA_predicted,0.3333333333333333,2,2,GGTCACAAGTGGCAAGGACG,0,1856885
hyuA_predicted,0.3333333333333333,2,2,GGTATGTATCGGGGTTAGCG,0,1855742
hyuA_predicted,0.3333333333333333,2,2,GGTATCCACTACCGCCGGAT,0,1859426
hyuA_predicted,0.3333333333333333,2,2,GGTAGGAACCGACAGGACGT,0,1837370
hyuA_predicted,0.3333333333333333,2,2,GGTAATTTAGTGCCTAGGAA,0,1832927
hyuA_predicted,0.3333333333333333,2,2,GGGTTTTACCTCCGTTAGAA,0,1851303
hyuA_predicted,0.3333333333333333,2,2,GGGTTTCTCTTGTAAAAAAA,0,1846437
hyuA_predicted,0.3333333333333333,2,2,GGGTGTGGTTGCCTAAATGA,0,1838958
hyuA_predicted,0.3333333333333333,2,2,GGGTGGACAATCTTATTCGT,0,1845371
hyuA_predicted,0.3333333333333333,2,2,GGGTGCCCTTCCCAGGGGTG,0,1863375
hyuA_predicted,0.3333333333333333,2,2,GGGTCTGTTAATAATCATTC,0,1864911
hyuA_predicted,0.3333333333333333,2,2,GGGTCGAGACTAGGCGTCAT,0,1867669
hyuA_predicted,0.3333333333333333,2,2,GGGTACGGCGTACTTTATTA,0,1863665
hyuA_predicted,0.3333333333333333,2,2,GGGGTTTCCTTAGAGGGTTC,0,1833261
hyuA_predicted,0.3333333333333333,2,2,GGGGGTGTCTTAACCGGATG,0,1844289
hyuA_predicted,0.3333333333333333,2,2,GGGGCCTGTTTGTCCGTAAC,0,1872358
hyuA_predicted,0.3333333333333333,2,2,GGGGATTGGGCATCGAAAAT,0,1848626
hyuA_predicted,0.3333333333333333,2,2,GGGCTTTCCATACTCATTAA,0,1847563
hyuA_predicted,0.3333333333333333,2,2,GGGCTTTAGCTCTAACTGAA,0,1869647
hyuA_predicted,0.3333333333333333,2,2,GGGCGAGGATTTACTAGAAA,0,1866962
hyuA_predicted,0.3333333333333333,2,2,GGGCCACTTGAAATTCATGC,0,1870560
hyuA_predicted,0.3333333333333333,2,2,GGGCATACTTTAATTCCTGT,0,1842387
hyuA_predicted,0.3333333333333333,2,2,GGGCAGTGTATACGGAATCA,0,1862137
hyuA_predicted,0.3333333333333333,2,2,GGGCAAAGGGGTCACAAGGG,0,1866525
hyuA_predicted,0.3333333333333333,2,2,GGGAGTAGGCGTTCGAGGGG,0,1872264
hyuA_predicted,0.3333333333333333,2,2,GGGAGTACTAAACGTCCGCA,0,1842956
hyuA_predicted,0.3333333333333333,2,2,GGGAGGGCGATATTTTGTAT,0,1842860
hyuA_predicted,0.3333333333333333,2,2,GGGACGTGAATCGTCACATA,0,1838072
hyuA_predicted,0.3333333333333333,2,2,GGGACCAGACTTATCGCCCC,0,1871864
hyuA_predicted,0.3333333333333333,2,2,GGGACACGGGTCCCACCGGT,0,1843008
hyuA_predicted,0.3333333333333333,2,2,GGGAAGGCTCGTTAGCATCC,0,1843632
hyuA_predicted,0.3333333333333333,2,2,GGCTGTGGAGTCTTACGACG,0,1865135
hyuA_predicted,0.3333333333333333,2,2,GGCTGTCTACGATCTTGGTT,0,1835484
hyuA_predicted,0.3333333333333333,2,2,GGCTGGCGTGCATGAGGACT,0,1862833
hyuA_predicted,0.3333333333333333,2,2,GGCTCACTGTTTTTTTAGAA,0,1875936
hyuA_predicted,0.3333333333333333,2,2,GGCTATTATATGGGTATGGC,0,1870763
hyuA_predicted,0.3333333333333333,2,2,GGCGTGATACAAATGCAAGA,0,1872161
hyuA_predicted,0.3333333333333333,2,2,GGCGGTTGTCACATAGCCGC,0,1851234
hyuA_predicted,0.3333333333333333,2,2,GGCGGGACCTCTGTAGAAAA,0,1864454
hyuA_predicted,0.3333333333333333,2,2,GGCGGCAAGCGTCGGGTCTT,0,1841358
hyuA_predicted,0.3333333333333333,2,2,GGCGCTTCTAAACTTCAATC,0,1839834
hyuA_predicted,0.3333333333333333,2,2,GGCGCATACGTGCTAGAACG,0,1864906
hyuA_predicted,0.3333333333333333,2,2,GGCCTACTGCTCAATCCAAG,0,1861173
hyuA_predicted,0.3333333333333333,2,2,GGCCGGGGCTGTAGCTCGTG,0,1877079
hyuA_predicted,0.3333333333333333,2,2,GGCCGATTTAGCTTGGTCCA,0,1839118
hyuA_predicted,0.3333333333333333,2,2,GGCCCATTTTAGTGTCAAGC,0,1845221
hyuA_predicted,0.3333333333333333,2,2,GGCCCAACTATTCTGCGACT,0,1850167
hyuA_predicted,0.3333333333333333,2,2,GGCCAGGTACGGCTTAATTC,0,1863342
hyuA_predicted,0.3333333333333333,2,2,GGCCACCTGACATTAAAGCG,0,1863502
hyuA_predicted,0.3333333333333333,2,2,GGCATTGTCACAGCGGCGGT,0,1842276
hyuA_predicted,0.3333333333333333,2,2,GGCAGCCAGTGACGAACAGC,0,1832801
hyuA_predicted,0.3333333333333333,2,2,GGCACCACGACGTAATGCGA,0,1833128
hyuA_predicted,0.3333333333333333,2,2,GGCAATGCATAGATCCGGGC,0,1874288
hyuA_predicted,0.3333333333333333,2,2,GGCAAGTGGAATACTTCCGT,0,1864609
hyuA_predicted,0.3333333333333333,2,2,GGCAAGCATCGCACTGAAAG,0,1862076
hyuA_predicted,0.3333333333333333,2,2,GGCAAAGCCTGTAGATCGCT,0,1877267
hyuA_predicted,0.3333333333333333,2,2,GGCAAAAATATTCAAATAAC,0,1840341
hyuA_predicted,0.3333333333333333,2,2,GGATGTTACGATGGCATTGT,0,1877349
hyuA_predicted,0.3333333333333333,2,2,GGATGTATAGACTCCCGCGC,0,1875571
hyuA_predicted,0.3333333333333333,2,2,GGATAGCATCAATGTGCTTC,0,1855441
hyuA_predicted,0.3333333333333333,2,2,GGAGGAGGCATGTGGGGACA,0,1831281
hyuA_predicted,0.3333333333333333,2,2,GGAGCTTCGGATGGTGTGTG,0,1861406
hyuA_predicted,0.3333333333333333,2,2,GGAGCCCTAGCATCACAGGC,0,1862400
hyuA_predicted,0.3333333333333333,2,2,GGAGCCCGCTTATCTACGGC,0,1829921
hyuA_predicted,0.3333333333333333,2,2,GGACGCAGTAAGGTCGTACC,0,1837232
hyuA_predicted,0.3333333333333333,2,2,GGACCAGTGCGTATCGAACA,0,1840370
hyuA_predicted,0.3333333333333333,2,2,GGACACCGTTGTGAAGCAAC,0,1848009
hyuA_predicted,0.3333333333333333,2,2,GGACAACTTTCTCGGCGAAT,0,1845695
hyuA_predicted,0.3333333333333333,2,2,GGAATCGCCCAATGGGGGTG,0,1872763
hyuA_predicted,0.3333333333333333,2,2,GGAACCGAGGCCGCTTCGAG,0,1831313
hyuA_predicted,0.3333333333333333,2,2,GGAACCAGGCGTAGGTATGG,0,1839651
hyuA_predicted,0.3333333333333333,2,2,GGAAATGTACAAGAACGTGA,0,1877564
hyuA_predicted,0.3333333333333333,2,2,GCTTTAGGGCGACACGACCA,0,1867844
hyuA_predicted,0.3333333333333333,2,2,GCTTGTTCCGCTCGTGGATA,0,1869958
hyuA_predicted,0.3333333333333333,2,2,GCTTACGCAAATATTACCAA,0,1866032
hyuA_predicted,0.3333333333333333,2,2,GCTGTCTAAGCATGGCGATT,0,1829326
hyuA_predicted,0.3333333333333333,2,2,GCTGTCGCTTTAGACTCTCA,0,1867378
hyuA_predicted,0.3333333333333333,2,2,GCTGGTATGATTAGTAGGCT,0,1835172
hyuA_predicted,0.3333333333333333,2,2,GCTGGTAAGGTTCAATTCCA,0,1869806
hyuA_predicted,0.3333333333333333,2,2,GCTGGCCATTGGTTCGTGGC,0,1873832
hyuA_predicted,0.3333333333333333,2,2,GCTGGATGCGACGGGAGGTT,0,1850379
hyuA_predicted,0.3333333333333333,2,2,GCTGCTCGTAATGGGTGTCA,0,1872907
hyuA_predicted,0.3333333333333333,2,2,GCTGCATGAATGGAAAACGA,0,1858843
hyuA_predicted,0.3333333333333333,2,2,GCTCTTTGTACTGCTGAAAG,0,1845255
hyuA_predicted,0.3333333333333333,2,2,GCTCTTACCGTGGTCGATGG,0,1830793
hyuA_predicted,0.3333333333333333,2,2,GCTCTGGATGACGCCATTCC,0,1866499
hyuA_predicted,0.3333333333333333,2,2,GCTCTGACCCGTTAAAAATA,0,1832397
hyuA_predicted,0.3333333333333333,2,2,GCTCGGAAAACGACATAGTT,0,1876832
hyuA_predicted,0.3333333333333333,2,2,GCTCGACGCAGCAGACCAGT,0,1832073
hyuA_predicted,0.3333333333333333,2,2,GCTCCTGCCTCTCTGGCACA,0,1854682
hyuA_predicted,0.3333333333333333,2,2,GCTCCTCTACACCTAGAACG,0,1866409
hyuA_predicted,0.3333333333333333,2,2,GCTCCCTGGATATGACAAAC,0,1870958
hyuA_predicted,0.3333333333333333,2,2,GCTCATTGTCGCATAGTAGT,0,1857587
hyuA_predicted,0.3333333333333333,2,2,GCTCAGGGCGGATGCCTGTT,0,1856964
hyuA_predicted,0.3333333333333333,2,2,GCTCACTTTGCTCGTTCAAA,0,1871952
hyuA_predicted,0.3333333333333333,2,2,GCTCACTCGACGTTTCCCTC,0,1839161
hyuA_predicted,0.3333333333333333,2,2,GCTCAAGGCTGAACAGATAT,0,1845474
hyuA_predicted,0.3333333333333333,2,2,GCTATAATGCGCGGATGTTA,0,1865431
hyuA_predicted,0.3333333333333333,2,2,GCTAGCTTCGGCTTGGGAAC,0,1864654
hyuA_predicted,0.3333333333333333,2,2,GCTAGCAGTCCGATGTGTTA,0,1838332
hyuA_predicted,0.3333333333333333,2,2,GCTAGAGTTAAAACCAGCTA,0,1836697
hyuA_predicted,0.3333333333333333,2,2,GCTAGAAAGGTAGTATTTTG,0,1854593
hyuA_predicted,0.3333333333333333,2,2,GCTAAGGTCCGACATCGAGA,0,1847246
hyuA_predicted,0.3333333333333333,2,2,GCTAAGACGTGCAGCAAAAC,0,1854277
hyuA_predicted,0.3333333333333333,2,2,GCTAAAACTGAACCCAGCTA,0,1829336
hyuA_predicted,0.3333333333333333,2,2,GCGTGCTTTTAACTCCGCTA,0,1840817
hyuA_predicted,0.3333333333333333,2,2,GCGTCAGGCCGCCCGGCTTT,0,1835395
hyuA_predicted,0.3333333333333333,2,2,GCGGTTTAATGTCTTAAAGG,0,1846433
hyuA_predicted,0.3333333333333333,2,2,GCGGTCACGACTATATGGTT,0,1854203
hyuA_predicted,0.3333333333333333,2,2,GCGGGGGACCTGTGTCGTCC,0,1850410
hyuA_predicted,0.3333333333333333,2,2,GCGGGCTTATCCGCGAGGTA,0,1875671
hyuA_predicted,0.3333333333333333,2,2,GCGGGAAGGTTTCTCAGATC,0,1864279
hyuA_predicted,0.3333333333333333,2,2,GCGGCCGTGATAAAACATAT,0,1831529
hyuA_predicted,0.3333333333333333,2,2,GCGGCCCCGCGGCCACGGGT,0,1864382
hyuA_predicted,0.3333333333333333,2,2,GCGGATCGTTACACTATTTA,0,1829953
hyuA_predicted,0.3333333333333333,2,2,GCGCTCTCCCAGGCCTTAGC,0,1866833
hyuA_predicted,0.3333333333333333,2,2,GCGCTCAATGTGGCAGCCCA,0,1866328
hyuA_predicted,0.3333333333333333,2,2,GCGCCCCTGCGAGGGTATGA,0,1873498
hyuA_predicted,0.3333333333333333,2,2,GCGCCACGCACATATGCCAC,0,1870236
hyuA_predicted,0.3333333333333333,2,2,GCGCCACCCATCCTTACAGG,0,1831694
hyuA_predicted,0.3333333333333333,2,2,GCGATAGGATTTACTGTACT,0,1870824
hyuA_predicted,0.3333333333333333,2,2,GCGAGTCCACTCGAGGGGTT,0,1829242
hyuA_predicted,0.3333333333333333,2,2,GCGACGCAGATTGTAAGTAA,0,1872664
hyuA_predicted,0.3333333333333333,2,2,GCGACCGGAGTGAACCCAAA,0,1843750
hyuA_predicted,0.3333333333333333,2,2,GCGAAGTGCTGAAAAGTCCG,0,1874930
hyuA_predicted,0.3333333333333333,2,2,GCGAAGGCATGCCTGGTCCC,0,1867246
hyuA_predicted,0.3333333333333333,2,2,GCCTTCGAAGAGTCAGTACC,0,1831734
hyuA_predicted,0.3333333333333333,2,2,GCCTTCAATGGGGGAGCTTC,0,1871981
hyuA_predicted,0.3333333333333333,2,2,GCCTTATCCTTAATGTTATC,0,1859121
hyuA_predicted,0.3333333333333333,2,2,GCCTGTTCTGAATGGTAGAA,0,1869055
hyuA_predicted,0.3333333333333333,2,2,GCCTGGCTGATATAGGGCAA,0,1867312
hyuA_predicted,0.3333333333333333,2,2,GCCTGCGTTTTCCCGAAAGG,0,1863043
hyuA_predicted,0.3333333333333333,2,2,GCCTGCAACCCCCACGACCG,0,1858578
hyuA_predicted,0.3333333333333333,2,2,GCCTCCGAAATTATCTTTAG,0,1840962
hyuA_predicted,0.3333333333333333,2,2,GCCTCAGTATTCTTCCGTGG,0,1860328
hyuA_predicted,0.3333333333333333,2,2,GCCGTCTGGCAGAGGGGCGA,0,1871694
hyuA_predicted,0.3333333333333333,2,2,GCCGCATTGCCTTACAAATT,0,1872958
hyuA_predicted,0.3333333333333333,2,2,GCCGATACTTACACCCAGTA,0,1849420
hyuA_predicted,0.3333333333333333,2,2,GCCGACTTTCTTGAGCCTGG,0,1868705
hyuA_predicted,0.3333333333333333,2,2,GCCGAAGACCGAAGCCCTGT,0,1873603
hyuA_predicted,0.3333333333333333,2,2,GCCCTACAGATTGGAACGTC,0,1876248
hyuA_predicted,0.3333333333333333,2,2,GCCCGTGCTAGTTGGGTTTA,0,1853385
hyuA_predicted,0.3333333333333333,2,2,GCCCCCTGGCGGGCATACTA,0,1854049
hyuA_predicted,0.3333333333333333,2,2,GCCCAGGGAATGGCCTCTCA,0,1838951
hyuA_predicted,0.3333333333333333,2,2,GCCATTATGTACGTTCAGTA,0,1869543
hyuA_predicted,0.3333333333333333,2,2,GCCATAATGTGTTGTCTTGA,0,1847820
hyuA_predicted,0.3333333333333333,2,2,GCCAGTCGGACGTCAGCATT,0,1852757
hyuA_predicted,0.3333333333333333,2,2,GCCAGAGGACGCGTTCCATG,0,1851567
hyuA_predicted,0.3333333333333333,2,2,GCCACTCCAAGAATCAGATT,0,1832211
hyuA_predicted,0.3333333333333333,2,2,GCCAAGGGTAGGCTCGCAAC,0,1872685
hyuA_predicted,0.3333333333333333,2,2,GCCAACGGAATAACGAATTC,0,1860014
hyuA_predicted,0.3333333333333333,2,2,GCATGTTGCGCCCAGATGGT,0,1839582
hyuA_predicted,0.3333333333333333,2,2,GCATGGCTTCTGGTACAAGT,0,1839119
hyuA_predicted,0.3333333333333333,2,2,GCATCCCACCGCGGTACGTC,0,1870636
hyuA_predicted,0.3333333333333333,2,2,GCATCACGGTAAGGCGCCCA,0,1842959
hyuA_predicted,0.3333333333333333,2,2,GCATATCGCAAGCCAAAAGT,0,1850136
hyuA_predicted,0.3333333333333333,2,2,GCATAATCTTGAGGAATGGC,0,1869383
hyuA_predicted,0.3333333333333333,2,2,GCAGTTGGGCTGTTGGGTAT,0,1839286
hyuA_predicted,0.3333333333333333,2,2,GCAGCACGGGTTCTTTTCTT,0,1874104
hyuA_predicted,0.3333333333333333,2,2,GCAGCACGACTCTGATCACT,0,1860718
hyuA_predicted,0.3333333333333333,2,2,GCAGATCGAATTGATTGATG,0,1842866
hyuA_predicted,0.3333333333333333,2,2,GCAGACATGTGCCTTCCCGA,0,1869430
hyuA_predicted,0.3333333333333333,2,2,GCACTCGGAATGACCTCCCC,0,1876460
hyuA_predicted,0.3333333333333333,2,2,GCACATGTCTGTATAGCTGA,0,1875978
hyuA_predicted,0.3333333333333333,2,2,GCACACTGGTTGTGCTCGGC,0,1875729
hyuA_predicted,0.3333333333333333,2,2,GCAAGTAGCTAATTGGTCAG,0,1849937
hyuA_predicted,0.3333333333333333,2,2,GATTGGTATTTAGACCGGAA,0,1866673
hyuA_predicted,0.3333333333333333,2,2,GATTGGGCTCACGCATGGGA,0,1877139
hyuA_predicted,0.3333333333333333,2,2,GATTGGATTATCGGGTGCTA,0,1847089
hyuA_predicted,0.3333333333333333,2,2,GATTGACGTTTCAGGGAGAA,0,1854786
hyuA_predicted,0.3333333333333333,2,2,GATTCGTAGACCGCAAAAGG,0,1868208
hyuA_predicted,0.3333333333333333,2,2,GATTCGGTAGCAATCTAGCA,0,1839080
hyuA_predicted,0.3333333333333333,2,2,GATTCGAGATTCACTAGATA,0,1829769
hyuA_predicted,0.3333333333333333,2,2,GATGTAATCGGATAGATCTT,0,1834984
hyuA_predicted,0.3333333333333333,2,2,GATGGACATTATTCAACTGA,0,1839461
hyuA_predicted,0.3333333333333333,2,2,GATGAGCATCATGTTGAGGC,0,1877782
hyuA_predicted,0.3333333333333333,2,2,GATCGCGAGGCCGCAAGGCC,0,1849552
hyuA_predicted,0.3333333333333333,2,2,GATCCCATTATCCGCTGCGG,0,1857774
hyuA_predicted,0.3333333333333333,2,2,GATCATAGGGGAGATTGGCT,0,1860026
hyuA_predicted,0.3333333333333333,2,2,GATCAGGCTTCGCCCCATAT,0,1875537
hyuA_predicted,0.3333333333333333,2,2,GATCACAACAGGCAGCGCGC,0,1842648
hyuA_predicted,0.3333333333333333,2,2,GATAGGCGATCTCAAGGTGA,0,1831845
hyuA_predicted,0.3333333333333333,2,2,GATAGCGCAATATCAGACGT,0,1862481
hyuA_predicted,0.3333333333333333,2,2,GATAGACGTATGTATGCCTA,0,1865102
hyuA_predicted,0.3333333333333333,2,2,GATACGATGGAACGGAGGCT,0,1866088
hyuA_predicted,0.3333333333333333,2,2,GATAAGGTTCACGCAGCACG,0,1867587
hyuA_predicted,0.3333333333333333,2,2,GATAAACCAGCTTCTAGTAG,0,1873032
hyuA_predicted,0.3333333333333333,2,2,GAGTGCAGTATAAGAACTCC,0,1873560
hyuA_predicted,0.3333333333333333,2,2,GAGTGATAATCTTGAGGATT,0,1871462
hyuA_predicted,0.3333333333333333,2,2,GAGTGAATGCTCTATCATAT,0,1842613
hyuA_predicted,0.3333333333333333,2,2,GAGTCTAGCGGTTTCGGGTC,0,1833593
hyuA_predicted,0.3333333333333333,2,2,GAGGTTATGCGCCCGTTTTA,0,1832113
hyuA_predicted,0.3333333333333333,2,2,GAGGGTGCTAAGTCGAGTGA,0,1858155
hyuA_predicted,0.3333333333333333,2,2,GAGGGCCTCCGCAAGGAAGC,0,1843695
hyuA_predicted,0.3333333333333333,2,2,GAGGGCCGGGAGCAGCCGGA,0,1853794
hyuA_predicted,0.3333333333333333,2,2,GAGGCAAAGGCACTAGACTA,0,1862480
hyuA_predicted,0.3333333333333333,2,2,GAGGAGGTTATGTGCAGTAT,0,1874035
hyuA_predicted,0.3333333333333333,2,2,GAGGACCGCATGGACGAGAC,0,1846205
hyuA_predicted,0.3333333333333333,2,2,GAGCTGGGGACTCCTTTAGT,0,1867273
hyuA_predicted,0.3333333333333333,2,2,GAGCCTAACCGATTGTTAAA,0,1868958
hyuA_predicted,0.3333333333333333,2,2,GAGCCCTACGAGGCTTCTAA,0,1860085
hyuA_predicted,0.3333333333333333,2,2,GAGCATTGTGCTGTTATGGG,0,1845583
hyuA_predicted,0.3333333333333333,2,2,GAGCATCCTCGCAAATCCGC,0,1853204
hyuA_predicted,0.3333333333333333,2,2,GACTTCGCACCCCATGGTGT,0,1874255
hyuA_predicted,0.3333333333333333,2,2,GACTGATGCTGGGGAGACAT,0,1848405
hyuA_predicted,0.3333333333333333,2,2,GACTATTCATACGAGTCGTT,0,1835524
hyuA_predicted,0.3333333333333333,2,2,GACGGACCTGATAGGAGTCC,0,1835813
hyuA_predicted,0.3333333333333333,2,2,GACCTTCGTACATCGGTTGG,0,1877629
hyuA_predicted,0.3333333333333333,2,2,GACCGTAAAATTTGGTACAA,0,1842689
hyuA_predicted,0.3333333333333333,2,2,GACCGCTACACACTTGACGT,0,1867562
hyuA_predicted,0.3333333333333333,2,2,GACCCTCCGCACAGTTGACC,0,1835944
hyuA_predicted,0.3333333333333333,2,2,GACCCCTGTTAATAATTCTT,0,1862984
hyuA_predicted,0.3333333333333333,2,2,GACCCATATGCGGCGCCCAA,0,1876312
hyuA_predicted,0.3333333333333333,2,2,GACCATTATTGGCATTCTGA,0,1838169
hyuA_predicted,0.3333333333333333,2,2,GACATGTTGGGGTTTGCATG,0,1847016
hyuA_predicted,0.3333333333333333,2,2,GACATAAACTTGATCTACCT,0,1837309
hyuA_predicted,0.3333333333333333,2,2,GACACATGTAGGTCCACTCA,0,1832874
hyuA_predicted,0.3333333333333333,2,2,GACAAAGAGGTCGGATAAGT,0,1845254
hyuA_predicted,0.3333333333333333,2,2,GAATTCGAACGAAATCGCCC,0,1852357
hyuA_predicted,0.3333333333333333,2,2,GAATCTGGCACTCCCCCCTT,0,1851817
hyuA_predicted,0.3333333333333333,2,2,GAATCACTTAAGGCCTTACC,0,1871827
hyuA_predicted,0.3333333333333333,2,2,GAAGGGAAAAGATGCGAGAA,0,1831997
hyuA_predicted,0.3333333333333333,2,2,GAAGCTTTACAAAGGGCTAG,0,1872559
hyuA_predicted,0.3333333333333333,2,2,GAAGCGTGTCCCTCTGAGGT,0,1876058
hyuA_predicted,0.3333333333333333,2,2,GAAGACCTGTTGGACAGGGA,0,1847719
hyuA_predicted,0.3333333333333333,2,2,GAACTAAAACACGAATTTGT,0,1830516
hyuA_predicted,0.3333333333333333,2,2,GAACCCAGGTCGCCTACGGG,0,1872548
hyuA_predicted,0.3333333333333333,2,2,GAAACGGGTTGCCAGTTATT,0,1876766
hyuA_predicted,0.3333333333333333,2,2,GAAAATTCAGTTTCCAGCTG,0,1870043
hyuA_predicted,0.3333333333333333,2,2,GAAAAACCTTTATAAGGATT,0,1867387
hyuA_predicted,0.3333333333333333,2,2,CTTTTTTTGTCCGTCGAGCG,0,1873976
hyuA_predicted,0.3333333333333333,2,2,CTTTAATTTATAGTCGTGAT,0,1866899
hyuA_predicted,0.3333333333333333,2,2,CTTTAAGACGTGCTCACCGA,0,1830382
hyuA_predicted,0.3333333333333333,2,2,CTTGTTGCAAGCAGCTCTTT,0,1835552
hyuA_predicted,0.3333333333333333,2,2,CTTGCTCTGATTCCTTGTGC,0,1836142
hyuA_predicted,0.3333333333333333,2,2,CTTGCCTTGGGACCTAGGCG,0,1873748
hyuA_predicted,0.3333333333333333,2,2,CTTGAGGTCCCGGTAATTGG,0,1861617
hyuA_predicted,0.3333333333333333,2,2,CTTCTCTCTCGGCACGCAAC,0,1849286
hyuA_predicted,0.3333333333333333,2,2,CTTCGCTTAGACCGATGTAG,0,1877867
hyuA_predicted,0.3333333333333333,2,2,CTTCCCCTGCCTAATAATGG,0,1829266
hyuA_predicted,0.3333333333333333,2,2,CTTCCAAAAACCGGGATGGC,0,1850692
hyuA_predicted,0.3333333333333333,2,2,CTTCACTACTGCAGGTTCGG,0,1850535
hyuA_predicted,0.3333333333333333,2,2,CTTCAACGCATGAGCATGTC,0,1829013
hyuA_predicted,0.3333333333333333,2,2,CTTATACCGGTGAAAGCCCA,0,1870966
hyuA_predicted,0.3333333333333333,2,2,CTTAGGTCAGCCAGCCCACG,0,1850127
hyuA_predicted,0.3333333333333333,2,2,CTTAGGCCTTTGAGTGGTTT,0,1852500
hyuA_predicted,0.3333333333333333,2,2,CTTAGATTAAGCTGATCGAG,0,1850799
hyuA_predicted,0.3333333333333333,2,2,CTTACCTCCGGCCCACTAAC,0,1830408
hyuA_predicted,0.3333333333333333,2,2,CTTAATTGCTGCGGCCTCGG,0,1871608
hyuA_predicted,0.3333333333333333,2,2,CTTAATTCTCTCTGGTTTGC,0,1844052
hyuA_predicted,0.3333333333333333,2,2,CTTAAGTTTTTTCGTTAGGA,0,1841215
hyuA_predicted,0.3333333333333333,2,2,CTTAACTAATATGCAATAGG,0,1862723
hyuA_predicted,0.3333333333333333,2,2,CTTAAAGACGCTCAGCTGTA,0,1847840
hyuA_predicted,0.3333333333333333,2,2,CTTAAACGGTGCATTTCTAG,0,1854909
hyuA_predicted,0.3333333333333333,2,2,CTGTAAGCCAGGCAGGCAGT,0,1833822
hyuA_predicted,0.3333333333333333,2,2,CTGGGCATCATTTCAAAGAA,0,1831475
hyuA_predicted,0.3333333333333333,2,2,CTGGGATTAGCAAGATTCGT,0,1859472
hyuA_predicted,0.3333333333333333,2,2,CTGGCGGCTCGTGGGGCATT,0,1840866
hyuA_predicted,0.3333333333333333,2,2,CTGGCATTCGTCTTATCGGT,0,1858983
hyuA_predicted,0.3333333333333333,2,2,CTGGATGCTTCATATCTGCA,0,1839828
hyuA_predicted,0.3333333333333333,2,2,CTGGATGAGCTAACTCTAGA,0,1864055
hyuA_predicted,0.3333333333333333,2,2,CTGGATACTCCCATCATGAC,0,1848079
hyuA_predicted,0.3333333333333333,2,2,CTGGATAAGCAATAGACCGT,0,1854001
hyuA_predicted,0.3333333333333333,2,2,CTGGAGTGAAACCCGCAGGA,0,1873585
hyuA_predicted,0.3333333333333333,2,2,CTGCTTCGGTGGATCTCAAA,0,1829690
hyuA_predicted,0.3333333333333333,2,2,CTGCTTATAATCTCATCAAA,0,1840476
hyuA_predicted,0.3333333333333333,2,2,CTGCTGCGGAAGTGGTTATC,0,1850736
hyuA_predicted,0.3333333333333333,2,2,CTGCGTGCAACCACAGATGG,0,1846165
hyuA_predicted,0.3333333333333333,2,2,CTGCGATGGCGTCTACGCGG,0,1858418
hyuA_predicted,0.3333333333333333,2,2,CTGATACCCGTGTTAAATAT,0,1856960
hyuA_predicted,0.3333333333333333,2,2,CTGAGGTCCTCTATGATAAC,0,1861277
hyuA_predicted,0.3333333333333333,2,2,CTGAGAGATAGCCGTACTAG,0,1864146
hyuA_predicted,0.3333333333333333,2,2,CTGACGCTGAATGTGCGACC,0,1855145
hyuA_predicted,0.3333333333333333,2,2,CTGACAGGTCCTTTGGATCT,0,1876102
hyuA_predicted,0.3333333333333333,2,2,CTGAAGGATGCTATTGGCGG,0,1866285
hyuA_predicted,0.3333333333333333,2,2,CTGAAACGCAGAGTCAGTGG,0,1868023
hyuA_predicted,0.3333333333333333,2,2,CTCTGTTGCTCGCGGGGCAT,0,1831810
hyuA_predicted,0.3333333333333333,2,2,CTCTGTGTCAGTATACAACT,0,1838930
hyuA_predicted,0.3333333333333333,2,2,CTCTGGTCAGCATGATGCGT,0,1829708
hyuA_predicted,0.3333333333333333,2,2,CTCTCTGGCTCCATGCACAT,0,1844808
hyuA_predicted,0.3333333333333333,2,2,CTCTCTCACGTGAACCGGCG,0,1847647
hyuA_predicted,0.3333333333333333,2,2,CTCTATCTGCTGTATCCTCG,0,1846583
hyuA_predicted,0.3333333333333333,2,2,CTCGTCCCACGGGATAATAA,0,1873472
hyuA_predicted,0.3333333333333333,2,2,CTCGGTATACGTGTCTAGGT,0,1871747
hyuA_predicted,0.3333333333333333,2,2,CTCCTTCAAGTCAAGAGAAG,0,1857993
hyuA_predicted,0.3333333333333333,2,2,CTCCGTGTTGATGGTTATGG,0,1859133
hyuA_predicted,0.3333333333333333,2,2,CTCCGCCCGCCACATACGTA,0,1854757
hyuA_predicted,0.3333333333333333,2,2,CTCCGAGAATCTGTTTATGT,0,1840501
hyuA_predicted,0.3333333333333333,2,2,CTCCCTCTACTCGGGTTATT,0,1874397
hyuA_predicted,0.3333333333333333,2,2,CTCCCAGCTGCGAAGCGTAT,0,1863370
hyuA_predicted,0.3333333333333333,2,2,CTCCAGAGGGGCTTACGCGG,0,1847515
hyuA_predicted,0.3333333333333333,2,2,CTCATTGCGGACAAAGGTAG,0,1871882
hyuA_predicted,0.3333333333333333,2,2,CTCAGTGGTGACTGGGCGCA,0,1854228
hyuA_predicted,0.3333333333333333,2,2,CTCACTTTGGATCCCTCTAT,0,1867713
hyuA_predicted,0.3333333333333333,2,2,CTCACTACGTTCGCAGGAAT,0,1864968
hyuA_predicted,0.3333333333333333,2,2,CTCAAGATATATTTCAGAGC,0,1850722
hyuA_predicted,0.3333333333333333,2,2,CTCAAGAAGTGTGAACGCCT,0,1835286
hyuA_predicted,0.3333333333333333,2,2,CTCAACGTTACCATGATCGA,0,1860046
hyuA_predicted,0.3333333333333333,2,2,CTCAACGGAGATAATTTGTG,0,1856117
hyuA_predicted,0.3333333333333333,2,2,CTATGGGTCGCCCCGCACCT,0,1874997
hyuA_predicted,0.3333333333333333,2,2,CTATGACCTAGGCTTGAACT,0,1866928
hyuA_predicted,0.3333333333333333,2,2,CTATCTGAACGTCTGGGATA,0,1845697
hyuA_predicted,0.3333333333333333,2,2,CTATCCCGCCGATTCCTGCG,0,1857359
hyuA_predicted,0.3333333333333333,2,2,CTATCACGGGCAGATCGAAC,0,1836153
hyuA_predicted,0.3333333333333333,2,2,CTAGTCCGGACAGCTGCGTA,0,1873547
hyuA_predicted,0.3333333333333333,2,2,CTAGGTAGGACCCCGGACGT,0,1848425
hyuA_predicted,0.3333333333333333,2,2,CTAGCTATTATATCTTGCAT,0,1838725
hyuA_predicted,0.3333333333333333,2,2,CTAGCAAACGAATTCCCGTT,0,1845430
hyuA_predicted,0.3333333333333333,2,2,CTAGAAAGGTCCACGGTGAA,0,1872667
hyuA_predicted,0.3333333333333333,2,2,CTACTTGAATGGCAAGGCTA,0,1873536
hyuA_predicted,0.3333333333333333,2,2,CTACCACATCGGACGTCACC,0,1836126
hyuA_predicted,0.3333333333333333,2,2,CTACAGCGGGGCATTGAGGG,0,1851527
hyuA_predicted,0.3333333333333333,2,2,CTACACCAAAGCGTATTTAT,0,1866592
hyuA_predicted,0.3333333333333333,2,2,CTAACTACTTCAGCGTTCGG,0,1841401
hyuA_predicted,0.3333333333333333,2,2,CTAACGGCTATAACGGTAGG,0,1841530
hyuA_predicted,0.3333333333333333,2,2,CTAAATACACCACAAACTTA,0,1861538
hyuA_predicted,0.3333333333333333,2,2,CGTTTTTTGTTTGCTAGCGT,0,1833908
hyuA_predicted,0.3333333333333333,2,2,CGTTTTTCCAAGAGGACCTC,0,1833986
hyuA_predicted,0.3333333333333333,2,2,CGTTTGTTCCAGGGACGAGA,0,1860474
hyuA_predicted,0.3333333333333333,2,2,CGTTTCTCTGAAAGGATTTC,0,1841831
hyuA_predicted,0.3333333333333333,2,2,CGTTGCCAAACTATTAAGAA,0,1842832
hyuA_predicted,0.3333333333333333,2,2,CGTTGCATGCACGTATGAGC,0,1850219
hyuA_predicted,0.3333333333333333,2,2,CGTTCGCGACACTGGTTTTG,0,1874520
hyuA_predicted,0.3333333333333333,2,2,CGTGGGATCAGACGGACCAA,0,1839513
hyuA_predicted,0.3333333333333333,2,2,CGTGGCGGGGACCGTATGTC,0,1875806
hyuA_predicted,0.3333333333333333,2,2,CGTGGACCCCTAGTATGGTA,0,1843180
hyuA_predicted,0.3333333333333333,2,2,CGTGCTCCGCATCAGAAGGA,0,1850871
hyuA_predicted,0.3333333333333333,2,2,CGTGCACTTCATGTAGTATA,0,1860921
hyuA_predicted,0.3333333333333333,2,2,CGTGAGCACAGAGATCTATT,0,1860163
hyuA_predicted,0.3333333333333333,2,2,CGTCTGCACAATCACACTCT,0,1866300
hyuA_predicted,0.3333333333333333,2,2,CGTCTCAGTGCCGTGATGCT,0,1853595
hyuA_predicted,0.3333333333333333,2,2,CGTCCCGGCGGCGCCAGTGT,0,1847576
hyuA_predicted,0.3333333333333333,2,2,CGTCCAGCTAATTGAATATA,0,1846262
hyuA_predicted,0.3333333333333333,2,2,CGTCATCTCTGGAATAATAA,0,1831022
hyuA_predicted,0.3333333333333333,2,2,CGTCACGGCGGCAGAGATAT,0,1863312
hyuA_predicted,0.3333333333333333,2,2,CGTATTTACCGATACCCTGA,0,1872160
hyuA_predicted,0.3333333333333333,2,2,CGTATGTCATTTACATAAGG,0,1877147
hyuA_predicted,0.3333333333333333,2,2,CGTAGAATTCGGACGTTACA,0,1860931
hyuA_predicted,0.3333333333333333,2,2,CGTACTTGATTATGTTCGAA,0,1858463
hyuA_predicted,0.3333333333333333,2,2,CGGTTCCTGAAAGTCGGAGA,0,1838523
hyuA_predicted,0.3333333333333333,2,2,CGGTTACACCGATGATCTGC,0,1874122
hyuA_predicted,0.3333333333333333,2,2,CGGTGATTGTAGGTAAGCGA,0,1867528
hyuA_predicted,0.3333333333333333,2,2,CGGTATGGGCGGGTTCATTT,0,1861921
hyuA_predicted,0.3333333333333333,2,2,CGGTAGTACGCGCGGGTTAC,0,1859316
hyuA_predicted,0.3333333333333333,2,2,CGGGTCCGAGAGTTAACTAC,0,1877624
hyuA_predicted,0.3333333333333333,2,2,CGGGTACAAAATTTGTAATG,0,1836097
hyuA_predicted,0.3333333333333333,2,2,CGGGGCCTCAAAGGGTCGGT,0,1838276
hyuA_predicted,0.3333333333333333,2,2,CGGGCGATCCTCACACGGGT,0,1840672
hyuA_predicted,0.3333333333333333,2,2,CGGGCACGATGATGGATCGA,0,1850414
hyuA_predicted,0.3333333333333333,2,2,CGGGCAAATAAAGACCATGG,0,1835579
hyuA_predicted,0.3333333333333333,2,2,CGGGACCTCACAAAAATAGC,0,1843456
hyuA_predicted,0.3333333333333333,2,2,CGGCGCCTGACCAGTATACA,0,1845551
hyuA_predicted,0.3333333333333333,2,2,CGGCCTGTTACGGAATATAT,0,1874827
hyuA_predicted,0.3333333333333333,2,2,CGGCATATGGAAGTGCGTTA,0,1840914
hyuA_predicted,0.3333333333333333,2,2,CGGCAGTAGTTAGTGATAAA,0,1863115
hyuA_predicted,0.3333333333333333,2,2,CGGCAGCTCTCATCGCTGGA,0,1872594
hyuA_predicted,0.3333333333333333,2,2,CGGACTAATGTAGTATGGAC,0,1834470
hyuA_predicted,0.3333333333333333,2,2,CGGACGAGTAAACGCCAGCT,0,1860805
hyuA_predicted,0.3333333333333333,2,2,CGGACAATTATTCGTGGCCG,0,1872596
hyuA_predicted,0.3333333333333333,2,2,CGGAAGTGGTGCGGTATATC,0,1843806
hyuA_predicted,0.3333333333333333,2,2,CGGAAGCGCGCAGCCCATCA,0,1873679
hyuA_predicted,0.3333333333333333,2,2,CGGAACCACAGCCGTTCGTC,0,1854801
hyuA_predicted,0.3333333333333333,2,2,CGGAAACATGTGTTCTAGAT,0,1845508
hyuA_predicted,0.3333333333333333,2,2,CGCTTTGTGCACCGGCTACG,0,1876178
hyuA_predicted,0.3333333333333333,2,2,CGCTTTCGGCATGGGGGGAG,0,1855029
hyuA_predicted,0.3333333333333333,2,2,CGCTGTGCCAACAGGCAAAT,0,1839606
hyuA_predicted,0.3333333333333333,2,2,CGCTGGCTTAACGGTCATTT,0,1874935
hyuA_predicted,0.3333333333333333,2,2,CGCTGCTCATCGTGCCGGGA,0,1844685
hyuA_predicted,0.3333333333333333,2,2,CGCTCTTTCGGGCAGGTAAG,0,1832208
hyuA_predicted,0.3333333333333333,2,2,CGCTCAGTGAAACCGGATAT,0,1857248
hyuA_predicted,0.3333333333333333,2,2,CGCTATAGTGCGATGTCAGG,0,1853440
hyuA_predicted,0.3333333333333333,2,2,CGCGTTGATGAGTACTGTCC,0,1854791
hyuA_predicted,0.3333333333333333,2,2,CGCCTCATATTGAGAATTAC,0,1868011
hyuA_predicted,0.3333333333333333,2,2,CGCCTATTTTTGCACACTTC,0,1831789
hyuA_predicted,0.3333333333333333,2,2,CGCCAGATAAAGACAATTGA,0,1838668
hyuA_predicted,0.3333333333333333,2,2,CGCATCCGGGCGTATTCTAC,0,1837730
hyuA_predicted,0.3333333333333333,2,2,CGCAGCTTACAAAAGGATTA,0,1872452
hyuA_predicted,0.3333333333333333,2,2,CGCAGCAGCCGGACCCAAAC,0,1858773
hyuA_predicted,0.3333333333333333,2,2,CGCAGAGCTTGAACTGGTGG,0,1865200
hyuA_predicted,0.3333333333333333,2,2,CGATTTTCTCGCGCGAGCGC,0,1864384
hyuA_predicted,0.3333333333333333,2,2,CGATGTAATCAGTAGGGCCA,0,1873554
hyuA_predicted,0.3333333333333333,2,2,CGATGCGGTTCTGACGATTC,0,1861973
hyuA_predicted,0.3333333333333333,2,2,CGATGCATCGACCGGCTTCG,0,1856950
hyuA_predicted,0.3333333333333333,2,2,CGATCTAGCATTGCGCTAGC,0,1855213
hyuA_predicted,0.3333333333333333,2,2,CGATCATACGGATATGGTAT,0,1861167
hyuA_predicted,0.3333333333333333,2,2,CGATACGATAAGACTTTGTA,0,1862675
hyuA_predicted,0.3333333333333333,2,2,CGAGGTGAAATCGCTTAGTA,0,1856154
hyuA_predicted,0.3333333333333333,2,2,CGAGGAAAGGACAAGAGACA,0,1858680
hyuA_predicted,0.3333333333333333,2,2,CGAGCTCGACCGGTCTTTTG,0,1868191
hyuA_predicted,0.3333333333333333,2,2,CGAGCGGCACGCACCCCTCC,0,1841423
hyuA_predicted,0.3333333333333333,2,2,CGAGCAGTCTCTCGGAGTAC,0,1846930
hyuA_predicted,0.3333333333333333,2,2,CGAGACTCTCGTTTTCATAC,0,1829922
hyuA_predicted,0.3333333333333333,2,2,CGACTTGCGGTGCCACTGAG,0,1872952
hyuA_predicted,0.3333333333333333,2,2,CGACTGAATGTCGGCAGCAG,0,1850032
hyuA_predicted,0.3333333333333333,2,2,CGACGGTGAACCCATGGATG,0,1853882
hyuA_predicted,0.3333333333333333,2,2,CGACGATCGAAGACTGGAAT,0,1868088
hyuA_predicted,0.3333333333333333,2,2,CGACCTGGTTCGCACTTGGA,0,1847472
hyuA_predicted,0.3333333333333333,2,2,CGACCGTTAATAATTATGAC,0,1865095
hyuA_predicted,0.3333333333333333,2,2,CGACCCACAGTGGCAGGAGG,0,1861757
hyuA_predicted,0.3333333333333333,2,2,CGACCATCTTAACGCTACGG,0,1869531
hyuA_predicted,0.3333333333333333,2,2,CGACCAAGTCGCTCTTAGGG,0,1874345
hyuA_predicted,0.3333333333333333,2,2,CGAATATTCAATCTCACGCT,0,1834741
hyuA_predicted,0.3333333333333333,2,2,CGAAGGATAGGGCGGGTCTA,0,1838061
hyuA_predicted,0.3333333333333333,2,2,CGAACCCGATCCCGGCCTAC,0,1870251
hyuA_predicted,0.3333333333333333,2,2,CGAACAATATTATTTCCAGG,0,1864029
hyuA_predicted,0.3333333333333333,2,2,CGAAAGGCAGATATCCTAGA,0,1847372
hyuA_predicted,0.3333333333333333,2,2,CGAAAAAAAGTGGGTTTGTC,0,1852746
hyuA_predicted,0.3333333333333333,2,2,CCTTGAATATTATATAACTT,0,1843474
hyuA_predicted,0.3333333333333333,2,2,CCTTCCGCCTACTTCAAATT,0,1871600
hyuA_predicted,0.3333333333333333,2,2,CCTTCAAAGGGCTAGACTTA,0,1869277
hyuA_predicted,0.3333333333333333,2,2,CCTTATTTTGGAGGACGCTC,0,1861579
hyuA_predicted,0.3333333333333333,2,2,CCTTAGACACATCATAGATA,0,1852883
hyuA_predicted,0.3333333333333333,2,2,CCTGCCGGTCTTGTTTCACT,0,1832756
hyuA_predicted,0.3333333333333333,2,2,CCTGCCACCGAATCGTCGGT,0,1855318
hyuA_predicted,0.3333333333333333,2,2,CCTCGTGACTATTATGGCAG,0,1864036
hyuA_predicted,0.3333333333333333,2,2,CCTCCCACTCTCCAACTCAA,0,1853420
hyuA_predicted,0.3333333333333333,2,2,CCTATCGAGGCGAGAGGTAC,0,1860917
hyuA_predicted,0.3333333333333333,2,2,CCTACTATGGGAAAGCTAAT,0,1862268
hyuA_predicted,0.3333333333333333,2,2,CCTACTATCGTTCAGATTCT,0,1836742
hyuA_predicted,0.3333333333333333,2,2,CCTACGACATGGCGTACCGC,0,1839133
hyuA_predicted,0.3333333333333333,2,2,CCTAATCTCGGGATACTGAC,0,1838851
hyuA_predicted,0.3333333333333333,2,2,CCTAATCAGAACACCTCGTT,0,1868161
hyuA_predicted,0.3333333333333333,2,2,CCGTTTTGAATGGTACCCTC,0,1832050
hyuA_predicted,0.3333333333333333,2,2,CCGTTCCATGTACTGTGATG,0,1860263
hyuA_predicted,0.3333333333333333,2,2,CCGTTCAGATAGTCAACACG,0,1868570
hyuA_predicted,0.3333333333333333,2,2,CCGTGTTGTTATCCCCAGGA,0,1840263
hyuA_predicted,0.3333333333333333,2,2,CCGTAAGCTCGACAGTTTAG,0,1862351
hyuA_predicted,0.3333333333333333,2,2,CCGGTTCGGGTTTGGCCGGC,0,1834293
hyuA_predicted,0.3333333333333333,2,2,CCGGTTCAAGTGAGGGTAGA,0,1853944
hyuA_predicted,0.3333333333333333,2,2,CCGGCTTAGCGGTCAACCCC,0,1877741
hyuA_predicted,0.3333333333333333,2,2,CCGGCCATTATGTTACCTAA,0,1836417
hyuA_predicted,0.3333333333333333,2,2,CCGCTTACGCTAACCCGCTA,0,1834873
hyuA_predicted,0.3333333333333333,2,2,CCGCGTCTGATCACGAGTTT,0,1875397
hyuA_predicted,0.3333333333333333,2,2,CCGCGCGCAAACTGGCTCTG,0,1853373
hyuA_predicted,0.3333333333333333,2,2,CCGCGCCGGGGAGGCCGATC,0,1843454
hyuA_predicted,0.3333333333333333,2,2,CCGCCGTTGCCAACGGAGGC,0,1834912
hyuA_predicted,0.3333333333333333,2,2,CCGCAGAGCGTTTACTTTTC,0,1865090
hyuA_predicted,0.3333333333333333,2,2,CCGATGTTGCTTGCGAACGA,0,1862448
hyuA_predicted,0.3333333333333333,2,2,CCGAGTTCGAATTACCGCAG,0,1836404
hyuA_predicted,0.3333333333333333,2,2,CCGAGGCCTCGTCGTGAAAG,0,1835290
hyuA_predicted,0.3333333333333333,2,2,CCGAGATATACGCGGGGGTA,0,1861337
hyuA_predicted,0.3333333333333333,2,2,CCGAGAGCTTGTTCAATTTG,0,1852383
hyuA_predicted,0.3333333333333333,2,2,CCGACGAGGCTGGGCGGCAT,0,1854231
hyuA_predicted,0.3333333333333333,2,2,CCCTTGGTTAGTCTCCACCA,0,1855362
hyuA_predicted,0.3333333333333333,2,2,CCCTTGGGCCCTGGAGACAA,0,1829008
hyuA_predicted,0.3333333333333333,2,2,CCCTTGGCGTTCGAAAAACG,0,1863841
hyuA_predicted,0.3333333333333333,2,2,CCCTGGCTACACTGTGGGCG,0,1859614
hyuA_predicted,0.3333333333333333,2,2,CCCTGCACTGGGACCATGCC,0,1852477
hyuA_predicted,0.3333333333333333,2,2,CCCTGATTTGGCTCGTCCTG,0,1860849
hyuA_predicted,0.3333333333333333,2,2,CCCTCAGGGTGGCTCGGTAT,0,1840034
hyuA_predicted,0.3333333333333333,2,2,CCCGGCCACAGAAGGTGTTC,0,1852089
hyuA_predicted,0.3333333333333333,2,2,CCCGCAGTCAATAGCCACAT,0,1831503
hyuA_predicted,0.3333333333333333,2,2,CCCGAAGTATCGACAGGACG,0,1875020
hyuA_predicted,0.3333333333333333,2,2,CCCCTTCTTAGGGTTTTCAG,0,1859762
hyuA_predicted,0.3333333333333333,2,2,CCCCTGATCGCAGTCCGAGT,0,1868729
hyuA_predicted,0.3333333333333333,2,2,CCCCGCAGCTATTTAACCTA,0,1844811
hyuA_predicted,0.3333333333333333,2,2,CCCCGACCTCAGCTTATCTA,0,1830826
hyuA_predicted,0.3333333333333333,2,2,CCCCCGGCTAATACTGGACC,0,1839394
hyuA_predicted,0.3333333333333333,2,2,CCCCCCCATTCGTACTATTG,0,1847360
hyuA_predicted,0.3333333333333333,2,2,CCCCAAACTCTACGTCCTAG,0,1859890
hyuA_predicted,0.3333333333333333,2,2,CCCAGCGAAAGTGGCCTCTC,0,1870175
hyuA_predicted,0.3333333333333333,2,2,CCCAGAGAAAGCATCCTGGC,0,1875480
hyuA_predicted,0.3333333333333333,2,2,CCCACTCAGGCGGGTTGTCA,0,1838132
hyuA_predicted,0.3333333333333333,2,2,CCCACCCTCGTTACTTTGCA,0,1860007
hyuA_predicted,0.3333333333333333,2,2,CCCAATTTCGTCGGCCGACC,0,1839608
hyuA_predicted,0.3333333333333333,2,2,CCCAAGCAGATAGTCATTAC,0,1869750
hyuA_predicted,0.3333333333333333,2,2,CCCAAGAAATTAGACACCGG,0,1844764
hyuA_predicted,0.3333333333333333,2,2,CCATGTCAGGCAAGCTCACA,0,1875682
hyuA_predicted,0.3333333333333333,2,2,CCATGCCGCGGCAATCCGCC,0,1838452
hyuA_predicted,0.3333333333333333,2,2,CCATGAGTATTTTTCCTGTA,0,1860354
hyuA_predicted,0.3333333333333333,2,2,CCATCGTACATCGCTTACTA,0,1833375
hyuA_predicted,0.3333333333333333,2,2,CCATCCTCGATAAGAGGCGA,0,1859574
hyuA_predicted,0.3333333333333333,2,2,CCATACATTTCTTCCCTCTT,0,1869076
hyuA_predicted,0.3333333333333333,2,2,CCATAACTGTGCACCAGAAT,0,1841013
hyuA_predicted,0.3333333333333333,2,2,CCAGTTAACTACCGTTAAAA,0,1849562
hyuA_predicted,0.3333333333333333,2,2,CCAGTGCTGTTTGGGAGGTT,0,1861289
hyuA_predicted,0.3333333333333333,2,2,CCAGCCTGCCCACAGGCGAA,0,1840716
hyuA_predicted,0.3333333333333333,2,2,CCAGCCCTGGTGATTTAGAT,0,1865472
hyuA_predicted,0.3333333333333333,2,2,CCAGAGAGCTCCACTCTTCC,0,1853570
hyuA_predicted,0.3333333333333333,2,2,CCACTGAGGAGTCAAGACAA,0,1874387
hyuA_predicted,0.3333333333333333,2,2,CCACTCCGGTGTAGTTAGCA,0,1852097
hyuA_predicted,0.3333333333333333,2,2,CCACGGTCAATGCTATCATC,0,1843015
hyuA_predicted,0.3333333333333333,2,2,CCACCAGGCCGTCGAGCGTT,0,1876314
hyuA_predicted,0.3333333333333333,2,2,CCACATTGGATATTCATGGC,0,1869397
hyuA_predicted,0.3333333333333333,2,2,CCAATTTCGATGTTCCGCCA,0,1830043
hyuA_predicted,0.3333333333333333,2,2,CCAATAGGCTCATAGGATCG,0,1844303
hyuA_predicted,0.3333333333333333,2,2,CCAATAAGAGTGAAGGTCCC,0,1865568
hyuA_predicted,0.3333333333333333,2,2,CCAAGGATAACTATTGGTTA,0,1852264
hyuA_predicted,0.3333333333333333,2,2,CCAAGCTACCTATCTGAAAA,0,1843171
hyuA_predicted,0.3333333333333333,2,2,CCAAGCGCAGCGTACATTGA,0,1861649
hyuA_predicted,0.3333333333333333,2,2,CCAAACGCGTGGTGTATCAT,0,1849208
hyuA_predicted,0.3333333333333333,2,2,CATTTGGAGGAAAAAATCGG,0,1845727
hyuA_predicted,0.3333333333333333,2,2,CATTGTTCCCACAACGAACT,0,1836432
hyuA_predicted,0.3333333333333333,2,2,CATTGGACGCGGAAATTTTA,0,1855013
hyuA_predicted,0.3333333333333333,2,2,CATTCTTGTTCCACCCACAC,0,1874707
hyuA_predicted,0.3333333333333333,2,2,CATTCTTAGGACCTTCCACA,0,1847073
hyuA_predicted,0.3333333333333333,2,2,CATTCGGCATCTTAGGCCAT,0,1865189
hyuA_predicted,0.3333333333333333,2,2,CATTATGGGTGGGCTTTTCG,0,1869065
hyuA_predicted,0.3333333333333333,2,2,CATTATAATTCGATTTTATC,0,1833076
hyuA_predicted,0.3333333333333333,2,2,CATTAGTAAATGCTGAACAT,0,1868027
hyuA_predicted,0.3333333333333333,2,2,CATGGAGAATAGTAGCCGGC,0,1831103
hyuA_predicted,0.3333333333333333,2,2,CATGCTGCGTATATCCAAGG,0,1843166
hyuA_predicted,0.3333333333333333,2,2,CATGCTGACATATCAAAATA,0,1842880
hyuA_predicted,0.3333333333333333,2,2,CATGCGCGACGGGAGACGTC,0,1850874
hyuA_predicted,0.3333333333333333,2,2,CATGAGTACCATTTCTTTTG,0,1838273
hyuA_predicted,0.3333333333333333,2,2,CATCTGCTATGGGGCAAACT,0,1866769
hyuA_predicted,0.3333333333333333,2,2,CATCGAAGGTAACGGTATTA,0,1871738
hyuA_predicted,0.3333333333333333,2,2,CATCCGTAGATTGCGGTCAA,0,1855297
hyuA_predicted,0.3333333333333333,2,2,CATCCCAACATGGGTGCGTC,0,1831348
hyuA_predicted,0.3333333333333333,2,2,CATCAACAAGCAGATCGAAC,0,1869438
hyuA_predicted,0.3333333333333333,2,2,CATATATACTCGACTTGAGT,0,1837020
hyuA_predicted,0.3333333333333333,2,2,CATAGTCTATTGCGGAGTGG,0,1834051
hyuA_predicted,0.3333333333333333,2,2,CATAGGTGGTTGTCCAAGTT,0,1870149
hyuA_predicted,0.3333333333333333,2,2,CATAGGCCGTTCGGTGTGTT,0,1845112
hyuA_predicted,0.3333333333333333,2,2,CATACTGTCTAATGTACCTG,0,1853816
hyuA_predicted,0.3333333333333333,2,2,CATACGTATCGAAGATGCTA,0,1830321
hyuA_predicted,0.3333333333333333,2,2,CATACCTCGGGTGGGCCAAT,0,1877733
hyuA_predicted,0.3333333333333333,2,2,CATACACCGTACTGCTTCAC,0,1833177
hyuA_predicted,0.3333333333333333,2,2,CAGTTTAATCGGACTTGTAT,0,1851020
hyuA_predicted,0.3333333333333333,2,2,CAGTTGAGGGCCATCGCGAA,0,1871082
hyuA_predicted,0.3333333333333333,2,2,CAGTTGAACCGGGCCTCATT,0,1832205
hyuA_predicted,0.3333333333333333,2,2,CAGTGGCGGGGACGTGAATA,0,1829802
hyuA_predicted,0.3333333333333333,2,2,CAGTATCACGCCCAGGATCT,0,1868499
hyuA_predicted,0.3333333333333333,2,2,CAGGTCCTAGCAATACAGAT,0,1846135
hyuA_predicted,0.3333333333333333,2,2,CAGGTAATGTAGAGCAGGCA,0,1874495
hyuA_predicted,0.3333333333333333,2,2,CAGGGCCCTCTGCGTGGGGC,0,1839951
hyuA_predicted,0.3333333333333333,2,2,CAGGATCCCGGTTCTCCGGA,0,1854499
hyuA_predicted,0.3333333333333333,2,2,CAGCTATCCAAAAGCGATCC,0,1839165
hyuA_predicted,0.3333333333333333,2,2,CAGCCTCACGACCCTATCGT,0,1847033
hyuA_predicted,0.3333333333333333,2,2,CAGCCGGGGTGGTGCAGGCT,0,1877869
hyuA_predicted,0.3333333333333333,2,2,CAGCAGTTTGCGACACAGGT,0,1869783
hyuA_predicted,0.3333333333333333,2,2,CAGCAGCTAATCAAGACGTA,0,1875559
hyuA_predicted,0.3333333333333333,2,2,CAGATTGGGGATAGTCCTCG,0,1852431
hyuA_predicted,0.3333333333333333,2,2,CAGATCACATGCTCAATTAC,0,1848613
hyuA_predicted,0.3333333333333333,2,2,CAGATACTGCATAGGATAAG,0,1877050
hyuA_predicted,0.3333333333333333,2,2,CAGAGTAATCGACCTACATA,0,1870081
hyuA_predicted,0.3333333333333333,2,2,CAGAGCGATCTCCGGTGACC,0,1844287
hyuA_predicted,0.3333333333333333,2,2,CAGAGCCTGCTTTTTTGGTT,0,1852805
hyuA_predicted,0.3333333333333333,2,2,CAGAGCAAACATAACCGTAC,0,1876893
hyuA_predicted,0.3333333333333333,2,2,CAGACTGACTGTATCACAAC,0,1830504
hyuA_predicted,0.3333333333333333,2,2,CAGACATCGCGTGGTGACAT,0,1835797
hyuA_predicted,0.3333333333333333,2,2,CACTTTATACGCCACTATGG,0,1850613
hyuA_predicted,0.3333333333333333,2,2,CACTTAATTGATCATGGTTC,0,1840185
hyuA_predicted,0.3333333333333333,2,2,CACTGGGAACTGGGTGGATT,0,1845176
hyuA_predicted,0.3333333333333333,2,2,CACTCGAGGAAGCCGCGAGG,0,1849485
hyuA_predicted,0.3333333333333333,2,2,CACTCACTTATGGGCTATAG,0,1858877
hyuA_predicted,0.3333333333333333,2,2,CACGTTCGCAGTGGGACAAT,0,1830661
hyuA_predicted,0.3333333333333333,2,2,CACGCAATAGAATACGTTAG,0,1857405
hyuA_predicted,0.3333333333333333,2,2,CACGATCGGCCCTGGAGGTT,0,1864948
hyuA_predicted,0.3333333333333333,2,2,CACGATCATATACCTAATGA,0,1852563
hyuA_predicted,0.3333333333333333,2,2,CACCTCTGAGAGACGCTGAC,0,1850638
hyuA_predicted,0.3333333333333333,2,2,CACCCGCCCCGGGCTTTATT,0,1836653
hyuA_predicted,0.3333333333333333,2,2,CACCCGAACCCAACGTTTCA,0,1861758
hyuA_predicted,0.3333333333333333,2,2,CACCCCCATATGTCGTTACC,0,1864650
hyuA_predicted,0.3333333333333333,2,2,CACCATTCGTGAGTTGTGAG,0,1851728
hyuA_predicted,0.3333333333333333,2,2,CACATGTAGGCATAATATTC,0,1833979
hyuA_predicted,0.3333333333333333,2,2,CACAGCTGGAGAGGGCGCCC,0,1836888
hyuA_predicted,0.3333333333333333,2,2,CACACGCGAAGTTAGGGCAA,0,1867207
hyuA_predicted,0.3333333333333333,2,2,CACACCTTGGTGCGCCGCTC,0,1846689
hyuA_predicted,0.3333333333333333,2,2,CACAAGCGGGTCTTCGTGTG,0,1836514
hyuA_predicted,0.3333333333333333,2,2,CACAAAGGAAGAGTGTACCC,0,1868251
hyuA_predicted,0.3333333333333333,2,2,CAATTGGTTCAATATTATCT,0,1850628
hyuA_predicted,0.3333333333333333,2,2,CAATTACGAGCTCCGTTGAA,0,1851176
hyuA_predicted,0.3333333333333333,2,2,CAATCGGCAGGGTGTAAATT,0,1863102
hyuA_predicted,0.3333333333333333,2,2,CAATACGAGTGATGCGGTGC,0,1851515
hyuA_predicted,0.3333333333333333,2,2,CAATAATATGCTTATTTTAA,0,1829458
hyuA_predicted,0.3333333333333333,2,2,CAAGTCTATGAGGTCTCATG,0,1862875
hyuA_predicted,0.3333333333333333,2,2,CAAGTATTATTTCGTTTTGA,0,1848595
hyuA_predicted,0.3333333333333333,2,2,CAAGGCTTTGCTATAATATT,0,1876339
hyuA_predicted,0.3333333333333333,2,2,CAAGCGGCATATATCCTAGC,0,1849607
hyuA_predicted,0.3333333333333333,2,2,CAAGACGGATTCGACCTATC,0,1833809
hyuA_predicted,0.3333333333333333,2,2,CAAGACCTGATCGGGCAGGA,0,1853941
hyuA_predicted,0.3333333333333333,2,2,CAAGACATTGATGCGGCGAT,0,1873117
hyuA_predicted,0.3333333333333333,2,2,CAAATTTAGGGTCGCTGGTA,0,1874772
hyuA_predicted,0.3333333333333333,2,2,CAAACTGGTGAGAGCAACAA,0,1868205
hyuA_predicted,0.3333333333333333,2,2,CAAAACATGTGGTGGTGTGC,0,1870210
hyuA_predicted,0.3333333333333333,2,2,ATTTATAGTAAAAAGAATTT,0,1841381
hyuA_predicted,0.3333333333333333,2,2,ATTTAAGAAGTGCATTTAAA,0,1849264
hyuA_predicted,0.3333333333333333,2,2,ATTGGTAAGAGCTTGCCATA,0,1869785
hyuA_predicted,0.3333333333333333,2,2,ATTGGGAGGGCTCCGTTTCC,0,1839614
hyuA_predicted,0.3333333333333333,2,2,ATTGGATTGCTTCCTGCGTA,0,1843219
hyuA_predicted,0.3333333333333333,2,2,ATTGGAGCGTTAGTAACTGG,0,1851830
hyuA_predicted,0.3333333333333333,2,2,ATTGCCCTAAGTCACAACGT,0,1846502
hyuA_predicted,0.3333333333333333,2,2,ATTGATTATGCAGGACGCGT,0,1852641
hyuA_predicted,0.3333333333333333,2,2,ATTGAGCGGTTCAGCACATC,0,1861819
hyuA_predicted,0.3333333333333333,2,2,ATTGACACTGGCCTCGATTT,0,1843829
hyuA_predicted,0.3333333333333333,2,2,ATTCGGCTCCAACTTTTGCA,0,1860851
hyuA_predicted,0.3333333333333333,2,2,ATTAGTCCGAATCGCCTAGG,0,1840093
hyuA_predicted,0.3333333333333333,2,2,ATTACGGGTAGGTCTTTAGT,0,1853267
hyuA_predicted,0.3333333333333333,2,2,ATTACGCTGAAAAGTCAAAC,0,1862397
hyuA_predicted,0.3333333333333333,2,2,ATTACCTGGGGTGGAGTTCC,0,1834150
hyuA_predicted,0.3333333333333333,2,2,ATTACCGCCTTGTATGCTTA,0,1834752
hyuA_predicted,0.3333333333333333,2,2,ATTAATGGACTAGGGCGTGG,0,1871811
hyuA_predicted,0.3333333333333333,2,2,ATTAAGGTTAACACTGGGGT,0,1829431
hyuA_predicted,0.3333333333333333,2,2,ATTAACTGGTGGACAAATAG,0,1850378
hyuA_predicted,0.3333333333333333,2,2,ATTAACTCTCTCAGTGCTCA,0,1877273
hyuA_predicted,0.3333333333333333,2,2,ATTAACCTTGTGCGCGCTAT,0,1830220
hyuA_predicted,0.3333333333333333,2,2,ATTAACCTTAGTTTGGATTT,0,1869882
hyuA_predicted,0.3333333333333333,2,2,ATGTTCCTTCCGGTTACATT,0,1862440
hyuA_predicted,0.3333333333333333,2,2,ATGTGCCGAGACGGTAAGAG,0,1835187
hyuA_predicted,0.3333333333333333,2,2,ATGTCGGTAGATTGAAAAGT,0,1833077
hyuA_predicted,0.3333333333333333,2,2,ATGTCATTACCAAGTGGTAT,0,1867409
hyuA_predicted,0.3333333333333333,2,2,ATGTATCTTACTGAGCGCCC,0,1837364
hyuA_predicted,0.3333333333333333,2,2,ATGTAGGTATCAGTTATCAC,0,1871330
hyuA_predicted,0.3333333333333333,2,2,ATGGTGTTATTTGGGGCCGG,0,1874947
hyuA_predicted,0.3333333333333333,2,2,ATGGTCAGGCCTCCCTATTC,0,1831826
hyuA_predicted,0.3333333333333333,2,2,ATGGGCGCACTGTTGGCGTG,0,1871229
hyuA_predicted,0.3333333333333333,2,2,ATGGGATCCTTGACACGAAG,0,1871267
hyuA_predicted,0.3333333333333333,2,2,ATGGAGTGGTCGTTAATGAA,0,1831552
hyuA_predicted,0.3333333333333333,2,2,ATGGAATCCAGAGGATCGTG,0,1859600
hyuA_predicted,0.3333333333333333,2,2,ATGCGGAGGTGATGGTTACG,0,1858669
hyuA_predicted,0.3333333333333333,2,2,ATGCGAAGGGAAGTCATTCA,0,1872589
hyuA_predicted,0.3333333333333333,2,2,ATGATAGGCTGCCGGCGCTA,0,1848046
hyuA_predicted,0.3333333333333333,2,2,ATGAGTTGTGTCGTATGTGT,0,1865183
hyuA_predicted,0.3333333333333333,2,2,ATGACCTACGTGTACAGGTT,0,1841470
hyuA_predicted,0.3333333333333333,2,2,ATGACCACCGCTTGCCTCAT,0,1846339
hyuA_predicted,0.3333333333333333,2,2,ATGAATCTGCGGTAGAAGAG,0,1856170
hyuA_predicted,0.3333333333333333,2,2,ATCTTGGCTTCATAAGGCTA,0,1861884
hyuA_predicted,0.3333333333333333,2,2,ATCTACCGAAGCATTGGATG,0,1861382
hyuA_predicted,0.3333333333333333,2,2,ATCTAATCAATTTTTCGCGG,0,1874270
hyuA_predicted,0.3333333333333333,2,2,ATCTAAATCTACCCACCTCC,0,1867142
hyuA_predicted,0.3333333333333333,2,2,ATCGTGGCATTCAATGTGCG,0,1870104
hyuA_predicted,0.3333333333333333,2,2,ATCGCGGTCGCATAAACTAC,0,1873641
hyuA_predicted,0.3333333333333333,2,2,ATCCGGGTTGGGGCAGCCAC,0,1846867
hyuA_predicted,0.3333333333333333,2,2,ATCCACTTACGGCGACCGAG,0,1862680
hyuA_predicted,0.3333333333333333,2,2,ATCCACCGAGTTTCGTTTAG,0,1862106
hyuA_predicted,0.3333333333333333,2,2,ATCCAAATACCGCGGCTCGA,0,1834574
hyuA_predicted,0.3333333333333333,2,2,ATCATCATTATATTGTTTTC,0,1829123
hyuA_predicted,0.3333333333333333,2,2,ATCAGGAGGCTGCCGGACCT,0,1853622
hyuA_predicted,0.3333333333333333,2,2,ATCAGCAGTAGAGCAAGAGA,0,1836168
hyuA_predicted,0.3333333333333333,2,2,ATCACAGAGGAAACGTATAT,0,1877491
hyuA_predicted,0.3333333333333333,2,2,ATCAACCTCAAATCACCGCT,0,1841503
hyuA_predicted,0.3333333333333333,2,2,ATATGAGCTCTCGATATTGA,0,1876626
hyuA_predicted,0.3333333333333333,2,2,ATATCCGACTTCGCGAGCGG,0,1837994
hyuA_predicted,0.3333333333333333,2,2,ATATAAATATCTCTCTGTTA,0,1856552
hyuA_predicted,0.3333333333333333,2,2,ATAGTTTTGTCGTTGCCTAC,0,1871283
hyuA_predicted,0.3333333333333333,2,2,ATAGTTTGTCTGAACACCAG,0,1843273
hyuA_predicted,0.3333333333333333,2,2,ATAGATTGAGCTATGTGTAC,0,1844356
hyuA_predicted,0.3333333333333333,2,2,ATAGAGTTCACTTTACACTA,0,1844340
hyuA_predicted,0.3333333333333333,2,2,ATACTGCCTGTCGGCACCGT,0,1873038
hyuA_predicted,0.3333333333333333,2,2,ATACGAATGTGCTGCAACTT,0,1845910
hyuA_predicted,0.3333333333333333,2,2,ATACCGAAGTTTGAATGAAG,0,1841911
hyuA_predicted,0.3333333333333333,2,2,ATACAGCCAGTCAAATTCAA,0,1862052
hyuA_predicted,0.3333333333333333,2,2,ATAATAAGATTCATCGCTGA,0,1857995
hyuA_predicted,0.3333333333333333,2,2,ATAAGGGCCGAGATAAAGGG,0,1835112
hyuA_predicted,0.3333333333333333,2,2,ATAAGGCTTGGGTTAGCCCA,0,1852019
hyuA_predicted,0.3333333333333333,2,2,ATAACTAAACGAATACACGG,0,1860407
hyuA_predicted,0.3333333333333333,2,2,ATAACGTCCTCGGGGCGTCA,0,1850721
hyuA_predicted,0.3333333333333333,2,2,ATAACGCCACCCGTATGCTA,0,1855232
hyuA_predicted,0.3333333333333333,2,2,ATAACATGAGCTAAAATACA,0,1833947
hyuA_predicted,0.3333333333333333,2,2,ATAACAGGAGCCGTCATTAA,0,1832251
hyuA_predicted,0.3333333333333333,2,2,AGTTTCGTGTACGTTCAATT,0,1856307
hyuA_predicted,0.3333333333333333,2,2,AGTTGGGGCGATAGAAAATA,0,1843247
hyuA_predicted,0.3333333333333333,2,2,AGTTCCGGTATTGGAAACGT,0,1865118
hyuA_predicted,0.3333333333333333,2,2,AGTTATAGTTATGCCCGAGC,0,1837419
hyuA_predicted,0.3333333333333333,2,2,AGTTAGCCAAAATTCAGAAA,0,1840814
hyuA_predicted,0.3333333333333333,2,2,AGTTACCTTCAAAGCAACAT,0,1876673
hyuA_predicted,0.3333333333333333,2,2,AGTGTGGCTGGAAAGGTCCT,0,1875228
hyuA_predicted,0.3333333333333333,2,2,AGTGTCTGCAAAGTTAGCTG,0,1833449
hyuA_predicted,0.3333333333333333,2,2,AGTGGCAAGGTTGATTCGGT,0,1865643
hyuA_predicted,0.3333333333333333,2,2,AGTGAGGGTGCAACTGCGTA,0,1855909
hyuA_predicted,0.3333333333333333,2,2,AGTGACATCGTCAAAGCGGG,0,1838265
hyuA_predicted,0.3333333333333333,2,2,AGTCGGGTCAGATTCGGCGA,0,1833646
hyuA_predicted,0.3333333333333333,2,2,AGTATGGCCTACCCGTTTAT,0,1848607
hyuA_predicted,0.3333333333333333,2,2,AGTATCGAGCTAGGGCTTAG,0,1847172
hyuA_predicted,0.3333333333333333,2,2,AGTATACATTGGACGACCCC,0,1840882
hyuA_predicted,0.3333333333333333,2,2,AGTACGTGGACCACACGGTA,0,1866101
hyuA_predicted,0.3333333333333333,2,2,AGTACGGATAATACGTGGGT,0,1853565
hyuA_predicted,0.3333333333333333,2,2,AGTACGCATATTGTAAGTTT,0,1876791
hyuA_predicted,0.3333333333333333,2,2,AGTACACCAGGAACTGATGA,0,1845731
hyuA_predicted,0.3333333333333333,2,2,AGGTTGGAAAGGGACTCGAC,0,1831385
hyuA_predicted,0.3333333333333333,2,2,AGGTTAAAGTCCGCCCCCCT,0,1834282
hyuA_predicted,0.3333333333333333,2,2,AGGTGGTGCCAGATGGGATT,0,1832370
hyuA_predicted,0.3333333333333333,2,2,AGGTGCGATTGCTAGAGTGC,0,1864740
hyuA_predicted,0.3333333333333333,2,2,AGGTGCCATATTACCGTTCC,0,1863445
hyuA_predicted,0.3333333333333333,2,2,AGGTGAACAAGGTTCTTTCC,0,1869849
hyuA_predicted,0.3333333333333333,2,2,AGGTCTGAGGGCCTGGCCTT,0,1874793
hyuA_predicted,0.3333333333333333,2,2,AGGTCGTCCCGTACATTAAC,0,1831256
hyuA_predicted,0.3333333333333333,2,2,AGGGTATCGCGCGCAGGTCA,0,1851701
hyuA_predicted,0.3333333333333333,2,2,AGGGGTTGCGCCACATGTTG,0,1861344
hyuA_predicted,0.3333333333333333,2,2,AGGGGGTTCCTTACGAGATT,0,1852884
hyuA_predicted,0.3333333333333333,2,2,AGGGCTGGTGGTCTCGTTGT,0,1844353
hyuA_predicted,0.3333333333333333,2,2,AGGGCGATATACGCGTAAGG,0,1867584
hyuA_predicted,0.3333333333333333,2,2,AGGCGGAGCGAGGCAGGTCT,0,1834383
hyuA_predicted,0.3333333333333333,2,2,AGGATAGAATTAATCTTTAA,0,1864548
hyuA_predicted,0.3333333333333333,2,2,AGGAGCAAGTTGATATTTAA,0,1863313
hyuA_predicted,0.3333333333333333,2,2,AGGACTGCGTCGGGTCCGTT,0,1832501
hyuA_predicted,0.3333333333333333,2,2,AGGACGATGCACTGACGTTA,0,1836941
hyuA_predicted,0.3333333333333333,2,2,AGGACCGCGAAGATTGGGGG,0,1851361
hyuA_predicted,0.3333333333333333,2,2,AGGACCCCGTAACTACTGTG,0,1838791
hyuA_predicted,0.3333333333333333,2,2,AGGAAAGGCAAAGGTAGGGG,0,1829952
hyuA_predicted,0.3333333333333333,2,2,AGCTTCGTAACATATAAAGG,0,1854707
hyuA_predicted,0.3333333333333333,2,2,AGCTGGACGTGCCCTGAGCG,0,1861127
hyuA_predicted,0.3333333333333333,2,2,AGCTGCTACAGGAACCAACC,0,1828978
hyuA_predicted,0.3333333333333333,2,2,AGCTGCCTGGAAACGTGACT,0,1870513
hyuA_predicted,0.3333333333333333,2,2,AGCTGAGGCGCCTCCCCTAT,0,1864316
hyuA_predicted,0.3333333333333333,2,2,AGCTCCACCACTGGCTCCTA,0,1858483
hyuA_predicted,0.3333333333333333,2,2,AGCTCAGCCTCTGAGCTCTT,0,1836789
hyuA_predicted,0.3333333333333333,2,2,AGCGTTTCAGAACTGAGGAA,0,1857851
hyuA_predicted,0.3333333333333333,2,2,AGCGTACTCTCTTGATGGTT,0,1872394
hyuA_predicted,0.3333333333333333,2,2,AGCGGATAGGAGCTTCAGTA,0,1867420
hyuA_predicted,0.3333333333333333,2,2,AGCGCTAGTGGTCCGGGACC,0,1876658
hyuA_predicted,0.3333333333333333,2,2,AGCGAAAGATAGGCGACCGT,0,1851571
hyuA_predicted,0.3333333333333333,2,2,AGCCTGCCTGAGGTACTTCT,0,1865913
hyuA_predicted,0.3333333333333333,2,2,AGCCTCGGGTCTTTAGGCAG,0,1869861
hyuA_predicted,0.3333333333333333,2,2,AGCCGAAGGGAAGTCAGGCA,0,1856487
hyuA_predicted,0.3333333333333333,2,2,AGCCCCGGGTGCGGTCAGGG,0,1836339
hyuA_predicted,0.3333333333333333,2,2,AGCCATTATTTTCGACTCTC,0,1865669
hyuA_predicted,0.3333333333333333,2,2,AGCCAGCGGGTCTGTGGCAT,0,1870289
hyuA_predicted,0.3333333333333333,2,2,AGCACAGCAATCGTGGAGGG,0,1831781
hyuA_predicted,0.3333333333333333,2,2,AGATTCGGGGGATTCAAGGG,0,1841468
hyuA_predicted,0.3333333333333333,2,2,AGATTCACGGTACGGTCTGG,0,1874217
hyuA_predicted,0.3333333333333333,2,2,AGATGGTCAGGCCCGTGATG,0,1870742
hyuA_predicted,0.3333333333333333,2,2,AGATGGGGGCGACATGCAGT,0,1834166
hyuA_predicted,0.3333333333333333,2,2,AGATCGTTCAACCGCACCTA,0,1836006
hyuA_predicted,0.3333333333333333,2,2,AGATCCTCGTCATCAATATT,0,1849351
hyuA_predicted,0.3333333333333333,2,2,AGATAACAACGAGGGTTAAC,0,1860652
hyuA_predicted,0.3333333333333333,2,2,AGAGTTGCGTGCCAAAGTTG,0,1875885
hyuA_predicted,0.3333333333333333,2,2,AGAGCCTGTTTGGACCTCCT,0,1863933
hyuA_predicted,0.3333333333333333,2,2,AGAGCCTGATGCCCTAATTT,0,1865361
hyuA_predicted,0.3333333333333333,2,2,AGACGCTGTGCACTACAGAT,0,1855978
hyuA_predicted,0.3333333333333333,2,2,AGACCAACGGCGTTGACCAC,0,1843154
hyuA_predicted,0.3333333333333333,2,2,AGACATCGCACAGTGGGTGT,0,1845397
hyuA_predicted,0.3333333333333333,2,2,AGACAGTGAGGTGGGCTTTC,0,1875354
hyuA_predicted,0.3333333333333333,2,2,AGACACGAGTAAAGCTTCCG,0,1831946
hyuA_predicted,0.3333333333333333,2,2,AGAATCCCTGGCACGGCAGT,0,1839035
hyuA_predicted,0.3333333333333333,2,2,AGAACGTGCGAACTACCAAC,0,1851861
hyuA_predicted,0.3333333333333333,2,2,AGAACCGTCGTAGTTTGAAA,0,1858135
hyuA_predicted,0.3333333333333333,2,2,AGAACCGCTCGGACTCGCCC,0,1830768
hyuA_predicted,0.3333333333333333,2,2,ACTTTTTGGAACTATACGAA,0,1856444
hyuA_predicted,0.3333333333333333,2,2,ACTTTGAGGAAGTCTAAGTA,0,1841069
hyuA_predicted,0.3333333333333333,2,2,ACTTGCTTGGGCTTGCGAGG,0,1835196
hyuA_predicted,0.3333333333333333,2,2,ACTTCCCGTGGACAGTCCTA,0,1853674
hyuA_predicted,0.3333333333333333,2,2,ACTTAAGGGTTGTGTACGAG,0,1862399
hyuA_predicted,0.3333333333333333,2,2,ACTTAAAATGCAACCGCTCC,0,1863087
hyuA_predicted,0.3333333333333333,2,2,ACTGTCAATCGCTTGTGCGG,0,1858953
hyuA_predicted,0.3333333333333333,2,2,ACTGCTGGCAGCCCCGATAC,0,1839655
hyuA_predicted,0.3333333333333333,2,2,ACTGCCATTAACCTTAAGCC,0,1853477
hyuA_predicted,0.3333333333333333,2,2,ACTGACATGAAACGGCGTAG,0,1861751
hyuA_predicted,0.3333333333333333,2,2,ACTCTTCAGTTGACTTGACA,0,1843020
hyuA_predicted,0.3333333333333333,2,2,ACTCTCTCGGGGGCCGAACC,0,1857454
hyuA_predicted,0.3333333333333333,2,2,ACTCTCGGGTTAGCTAGCCA,0,1877740
hyuA_predicted,0.3333333333333333,2,2,ACTCGTGGCATTAAGGGGGG,0,1862340
hyuA_predicted,0.3333333333333333,2,2,ACTCGCTCTAATGAAGGGGG,0,1838906
hyuA_predicted,0.3333333333333333,2,2,ACTCCAATCAAGAGACATGA,0,1832826
hyuA_predicted,0.3333333333333333,2,2,ACTCACTTACAGTCAACACG,0,1841412
hyuA_predicted,0.3333333333333333,2,2,ACTCAAGTTACAACCCGTGG,0,1857143
hyuA_predicted,0.3333333333333333,2,2,ACTCAAGTCACGTAACTCCA,0,1854919
hyuA_predicted,0.3333333333333333,2,2,ACTATCTCCTTATATTTCTG,0,1867426
hyuA_predicted,0.3333333333333333,2,2,ACTATAGCGAGTACTGTCTT,0,1869579
hyuA_predicted,0.3333333333333333,2,2,ACTACAGATCCTAATGGAAA,0,1862344
hyuA_predicted,0.3333333333333333,2,2,ACTACACTGTCCTCCCAGTG,0,1852253
hyuA_predicted,0.3333333333333333,2,2,ACGTTCCCTAGTAGGCCTCA,0,1841349
hyuA_predicted,0.3333333333333333,2,2,ACGTGCATTCTACCTGCCCT,0,1851219
hyuA_predicted,0.3333333333333333,2,2,ACGTAGTGTCCACCGGCATG,0,1839046
hyuA_predicted,0.3333333333333333,2,2,ACGTACTGCTAATTTAAATG,0,1849433
hyuA_predicted,0.3333333333333333,2,2,ACGGGTATTATCCTAATACA,0,1852571
hyuA_predicted,0.3333333333333333,2,2,ACGGGGCAGTATATCAATGA,0,1854334
hyuA_predicted,0.3333333333333333,2,2,ACGGGCACATTCAAAAAGAA,0,1847154
hyuA_predicted,0.3333333333333333,2,2,ACGCTTGGAGTACGACTCCC,0,1836460
hyuA_predicted,0.3333333333333333,2,2,ACGCTTCCAGCGACGCACAT,0,1860999
hyuA_predicted,0.3333333333333333,2,2,ACGCTAACGCATAATCGGAT,0,1865385
hyuA_predicted,0.3333333333333333,2,2,ACGCGGTCCGACCTGTGACA,0,1842953
hyuA_predicted,0.3333333333333333,2,2,ACGCCGAATCATCAGGTTCA,0,1862794
hyuA_predicted,0.3333333333333333,2,2,ACGATGTATATCATGCGTAA,0,1852475
hyuA_predicted,0.3333333333333333,2,2,ACGATCCATAGGAAGACCGA,0,1858026
hyuA_predicted,0.3333333333333333,2,2,ACGATAAGGCAGGGAAATAC,0,1861103
hyuA_predicted,0.3333333333333333,2,2,ACGAGTTCTTACACGATGTC,0,1869109
hyuA_predicted,0.3333333333333333,2,2,ACGAACAGGTGGAATGGACA,0,1871602
hyuA_predicted,0.3333333333333333,2,2,ACGAAACCGGTCGCTCATAC,0,1851923
hyuA_predicted,0.3333333333333333,2,2,ACCTTTGACTAGCAAACACT,0,1829961
hyuA_predicted,0.3333333333333333,2,2,ACCTCTCTAAGATCGACTAC,0,1859886
hyuA_predicted,0.3333333333333333,2,2,ACCTCGAGAGACTGATATTC,0,1859841
hyuA_predicted,0.3333333333333333,2,2,ACCTATGTAGCGAGGGAAAT,0,1868189
hyuA_predicted,0.3333333333333333,2,2,ACCTAGGATCTTCGTGATTA,0,1861588
hyuA_predicted,0.3333333333333333,2,2,ACCTAGATATACGATCTCGA,0,1834194
hyuA_predicted,0.3333333333333333,2,2,ACCGGCACGGTCTACGCACG,0,1835180
hyuA_predicted,0.3333333333333333,2,2,ACCGGATACCTCAAAAGCCT,0,1854113
hyuA_predicted,0.3333333333333333,2,2,ACCGCTCATCGACTACAGCC,0,1850529
hyuA_predicted,0.3333333333333333,2,2,ACCGACCCAACACAACTGAC,0,1866284
hyuA_predicted,0.3333333333333333,2,2,ACCGAACCGGATTGGTCACA,0,1849405
hyuA_predicted,0.3333333333333333,2,2,ACCGAACAAGCATGCTGGAA,0,1870707
hyuA_predicted,0.3333333333333333,2,2,ACCCGTAGAGCCTAGTCGGC,0,1846058
hyuA_predicted,0.3333333333333333,2,2,ACCCAGGATGTTATGCAGTC,0,1870488
hyuA_predicted,0.3333333333333333,2,2,ACCCACCATACTGTTCGTTA,0,1830970
hyuA_predicted,0.3333333333333333,2,2,ACCCAACGCGTGCACCTTAA,0,1851088
hyuA_predicted,0.3333333333333333,2,2,ACCATATTCATTGAGATCGG,0,1866288
hyuA_predicted,0.3333333333333333,2,2,ACCAGTCAGCGGTCTACCGT,0,1848369
hyuA_predicted,0.3333333333333333,2,2,ACCAGGCCTATCCAGATTCT,0,1857314
hyuA_predicted,0.3333333333333333,2,2,ACCACATGAGGTCTAGGCCC,0,1854942
hyuA_predicted,0.3333333333333333,2,2,ACATGTTAAAAGCCTACCTG,0,1841847
hyuA_predicted,0.3333333333333333,2,2,ACATGCCTTGTCTTCCAGGT,0,1848113
hyuA_predicted,0.3333333333333333,2,2,ACATGCCACTTACCCGCACA,0,1835072
hyuA_predicted,0.3333333333333333,2,2,ACATCCGTCTCGGTTGGAGT,0,1839432
hyuA_predicted,0.3333333333333333,2,2,ACATATTGTACGCACCCTTT,0,1864070
hyuA_predicted,0.3333333333333333,2,2,ACATATTCCGACGGGGTTGT,0,1855097
hyuA_predicted,0.3333333333333333,2,2,ACATATTACATCGTGGAATT,0,1833965
hyuA_predicted,0.3333333333333333,2,2,ACAGTCAGATATTAGCTCTC,0,1848561
hyuA_predicted,0.3333333333333333,2,2,ACAGGTGAGTTGATTTCGCT,0,1861092
hyuA_predicted,0.3333333333333333,2,2,ACAGGGCGTCACGTCAACAA,0,1842697
hyuA_predicted,0.3333333333333333,2,2,ACAGGGCATGTATACTTTCA,0,1869395
hyuA_predicted,0.3333333333333333,2,2,ACAGCTGCATGGGACGTCAA,0,1856547
hyuA_predicted,0.3333333333333333,2,2,ACAGCCTCAGAACGCTTGCG,0,1843326
hyuA_predicted,0.3333333333333333,2,2,ACACTATCGGTAGTTAGAGA,0,1842917
hyuA_predicted,0.3333333333333333,2,2,ACACGTCAGTTGACGGAGTT,0,1863416
hyuA_predicted,0.3333333333333333,2,2,ACACGCTGCCTCGTAGTTGA,0,1846075
hyuA_predicted,0.3333333333333333,2,2,ACACCCCCGATAGCTACGCG,0,1850869
hyuA_predicted,0.3333333333333333,2,2,ACACATTCAGCTTGTCTTGT,0,1833509
hyuA_predicted,0.3333333333333333,2,2,ACACAGATGGCGGTGCTAGT,0,1841663
hyuA_predicted,0.3333333333333333,2,2,ACACACTCGGCCCACCGAAG,0,1829748
hyuA_predicted,0.3333333333333333,2,2,ACAAGGATTTGTCAAGCCCC,0,1840841
hyuA_predicted,0.3333333333333333,2,2,ACAAGCCGGGCAACCGGACT,0,1876611
hyuA_predicted,0.3333333333333333,2,2,ACAACTACTTGCGTCACTGA,0,1865532
hyuA_predicted,0.3333333333333333,2,2,ACAACAGTTCATTAGGACCA,0,1866208
hyuA_predicted,0.3333333333333333,2,2,ACAACAAGAGACCGGAAGCT,0,1841545
hyuA_predicted,0.3333333333333333,2,2,ACAAACACTTTTGACATATG,0,1832621
hyuA_predicted,0.3333333333333333,2,2,AATTTATGTGAGGGTACACT,0,1844183
hyuA_predicted,0.3333333333333333,2,2,AATTTAGTGCTGTAACTTAC,0,1857467
hyuA_predicted,0.3333333333333333,2,2,AATTCGTCTGCCGACTCGCA,0,1875852
hyuA_predicted,0.3333333333333333,2,2,AATTCCCGGGAGAGATTGAG,0,1853749
hyuA_predicted,0.3333333333333333,2,2,AATTAGTTGGTTAACGTATT,0,1846852
hyuA_predicted,0.3333333333333333,2,2,AATGTCGGTAGACAATGTGG,0,1855810
hyuA_predicted,0.3333333333333333,2,2,AATGCTCAAGGGTAGACGTC,0,1830093
hyuA_predicted,0.3333333333333333,2,2,AATGCCCGGATCAACAAACA,0,1834043
hyuA_predicted,0.3333333333333333,2,2,AATGACTTCGAACACAGTTC,0,1863712
hyuA_predicted,0.3333333333333333,2,2,AATGAAATCTTTGCCTAGGA,0,1846269
hyuA_predicted,0.3333333333333333,2,2,AATCTGTGAACGTATAACGA,0,1834671
hyuA_predicted,0.3333333333333333,2,2,AATCGTATAAAGACACCCAT,0,1842087
hyuA_predicted,0.3333333333333333,2,2,AATCAATGTCCCGGGATTCC,0,1873518
hyuA_predicted,0.3333333333333333,2,2,AATATAGGCCGCCGAACATG,0,1832254
hyuA_predicted,0.3333333333333333,2,2,AATAGCCATAGTCCGCGTTA,0,1839749
hyuA_predicted,0.3333333333333333,2,2,AAGTGTTCAGTAAAGTAGAG,0,1829653
hyuA_predicted,0.3333333333333333,2,2,AAGTGCGAATGAGCATACAA,0,1877057
hyuA_predicted,0.3333333333333333,2,2,AAGTGCAGAACGTCCAGGAA,0,1873017
hyuA_predicted,0.3333333333333333,2,2,AAGTCCATACAGCCATTCTT,0,1852376
hyuA_predicted,0.3333333333333333,2,2,AAGTATGACGGCGCGGGGTA,0,1844393
hyuA_predicted,0.3333333333333333,2,2,AAGGTTGTAGGGTGACTCCA,0,1842974
hyuA_predicted,0.3333333333333333,2,2,AAGGGTTCGTCTACCCGGAG,0,1835999
hyuA_predicted,0.3333333333333333,2,2,AAGGGTGCTGGAACTCATTA,0,1857344
hyuA_predicted,0.3333333333333333,2,2,AAGGGGAAGAAAGAACATTA,0,1857670
hyuA_predicted,0.3333333333333333,2,2,AAGGATAGGTTTAAATACCG,0,1870473
hyuA_predicted,0.3333333333333333,2,2,AAGCGAGGAGTTCGAGCAAG,0,1834022
hyuA_predicted,0.3333333333333333,2,2,AAGCCCTCGGGTCGTCCCTG,0,1856143
hyuA_predicted,0.3333333333333333,2,2,AAGCCCCGTGGGGAGGGATG,0,1852398
hyuA_predicted,0.3333333333333333,2,2,AAGATTAGTTCTCTCGGCCG,0,1869901
hyuA_predicted,0.3333333333333333,2,2,AAGAGAAGCTGTAGCCACAA,0,1853543
hyuA_predicted,0.3333333333333333,2,2,AAGAAGACATGAGCCCACTA,0,1843494
hyuA_predicted,0.3333333333333333,2,2,AACTTGCAATTACATCAAAT,0,1837896
hyuA_predicted,0.3333333333333333,2,2,AACTTCGGGTTGTGCCATTA,0,1841873
hyuA_predicted,0.3333333333333333,2,2,AACTGGCCACTTTCGAGCCT,0,1865159
hyuA_predicted,0.3333333333333333,2,2,AACTGACGGCTCACCTAGGC,0,1876982
hyuA_predicted,0.3333333333333333,2,2,AACTAGGTCAACCAGTGCAT,0,1854257
hyuA_predicted,0.3333333333333333,2,2,AACTAGCTTATCGGACCTCG,0,1862726
hyuA_predicted,0.3333333333333333,2,2,AACTAGAGGGCAAACTTTAT,0,1877392
hyuA_predicted,0.3333333333333333,2,2,AACGTCCCAATCTATAGCTC,0,1834920
hyuA_predicted,0.3333333333333333,2,2,AACGGCTGTCGATGAAGTCT,0,1871792
hyuA_predicted,0.3333333333333333,2,2,AACGCTGCTTAGAACTGCCA,0,1848767
hyuA_predicted,0.3333333333333333,2,2,AACGCCGGAGATGAGGTATC,0,1850715
hyuA_predicted,0.3333333333333333,2,2,AACGCCGCTCGGATCGCTTT,0,1862541
hyuA_predicted,0.3333333333333333,2,2,AACGCATATCGGTTCTCGCC,0,1829613
hyuA_predicted,0.3333333333333333,2,2,AACGACTTTCTCCTATTCTT,0,1877621
hyuA_predicted,0.3333333333333333,2,2,AACCTTTCCCTTGGCGACCT,0,1867412
hyuA_predicted,0.3333333333333333,2,2,AACCGGTCTTCTGAACTGTC,0,1859770
hyuA_predicted,0.3333333333333333,2,2,AACCGATGGCAGACCACAAC,0,1852099
hyuA_predicted,0.3333333333333333,2,2,AACCCAGCGGAGATGATTTC,0,1869770
hyuA_predicted,0.3333333333333333,2,2,AACATGTCACAAGGCGTGTA,0,1834999
hyuA_predicted,0.3333333333333333,2,2,AAATTTGGTTCCACTCTTGA,0,1862860
hyuA_predicted,0.3333333333333333,2,2,AAATTTGCACTGCAGTCGGC,0,1843463
hyuA_predicted,0.3333333333333333,2,2,AAATTTACTCAAAGGTATAA,0,1835272
hyuA_predicted,0.3333333333333333,2,2,AAATTGCGTCTCGTGGTATG,0,1847571
hyuA_predicted,0.3333333333333333,2,2,AAATGTCCAGTGCAGGATAG,0,1869405
hyuA_predicted,0.3333333333333333,2,2,AAATGCTGTCAGAACCAGGA,0,1834054
hyuA_predicted,0.3333333333333333,2,2,AAATGCGTCGCTGTTACAAA,0,1876316
hyuA_predicted,0.3333333333333333,2,2,AAATGAGGCTCGGTCTGACC,0,1858165
hyuA_predicted,0.3333333333333333,2,2,AAATAGTCATCCCAACCGCT,0,1866641
hyuA_predicted,0.3333333333333333,2,2,AAAGTCTTGATGACACCCCT,0,1839563
hyuA_predicted,0.3333333333333333,2,2,AAAGTCGTGCCACAAACGGA,0,1858720
hyuA_predicted,0.3333333333333333,2,2,AAAGTCCCAGGGAAAGGTAA,0,1836659
hyuA_predicted,0.3333333333333333,2,2,AAAGCCATGGTCGGTAATCA,0,1867901
hyuA_predicted,0.3333333333333333,2,2,AAAGAGATTTGAATTTCACC,0,1840633
hyuA_predicted,0.3333333333333333,2,2,AAACTCAGAAGTGATTCATC,0,1859235
hyuA_predicted,0.3333333333333333,2,2,AAACGGTTCTGGCGCTCCCG,0,1847580
hyuA_predicted,0.3333333333333333,2,2,AAACGGCAAGATCGATTAGG,0,1863072
hyuA_predicted,0.3333333333333333,2,2,AAACGCTTGAGCGCTGCTTA,0,1837781
hyuA_predicted,0.3333333333333333,2,2,AAACGAGTAGTACGTGCGAC,0,1842118
hyuA_predicted,0.3333333333333333,2,2,AAACGACCCAGGAATACGGA,0,1831800
hyuA_predicted,0.3333333333333333,2,2,AAACAACGCTATCGGATGGT,0,1842858
hyuA_predicted,0.3333333333333333,2,2,AAAATTCCAGGATGCCGGGG,0,1854843
hyuA_predicted,0.3333333333333333,2,2,AAAACAGACCGGGCCATAAC,0,1874254
hyuA_predicted,0.5,1,1,TTTTTGACAAAGTTTGCGTA,0,1876232
hyuA_predicted,0.5,1,1,TTTTTCATTGAGCCCCCGCG,0,1863463
hyuA_predicted,0.5,1,1,TTTTATGCCATTTAATCAGT,0,1860228
hyuA_predicted,0.5,1,1,TTTTAGGAGTTTACGTGTGT,0,1876618
hyuA_predicted,0.5,1,1,TTTGTTCACCCAGGTAGTAC,0,1864880
hyuA_predicted,0.5,1,1,TTTGGGTGGCCAGAAAAAGT,0,1834334
hyuA_predicted,0.5,1,1,TTTGGCTCTGAGGAACTTTG,0,1832924
hyuA_predicted,0.5,1,1,TTTGGACCTTTCCCGGGGAC,0,1866347
hyuA_predicted,0.5,1,1,TTTGAGATAGGGCGTATTCG,0,1872295
hyuA_predicted,0.5,1,1,TTTCTGGAGGGCGGCTTGCG,0,1868159
hyuA_predicted,0.5,1,1,TTTCGCAATATCTGCGTTTG,0,1857287
hyuA_predicted,0.5,1,1,TTTCCCTGTGAGTATTTAAG,0,1868182
hyuA_predicted,0.5,1,1,TTTCAAAGATCGTAAACTTA,0,1840170
hyuA_predicted,0.5,1,1,TTTATCAAGGACGGCCTAGC,0,1833149
hyuA_predicted,0.5,1,1,TTTAGGACCGAAGGTACTAT,0,1874060
hyuA_predicted,0.5,1,1,TTGTTAAGGGTCGCCCTTCA,0,1876950
hyuA_predicted,0.5,1,1,TTGTCGTGAGTCTAACCCCC,0,1865738
hyuA_predicted,0.5,1,1,TTGTCGCGAAATAAATCCCT,0,1866746
hyuA_predicted,0.5,1,1,TTGTAACAATCGGGCTAGAG,0,1846531
hyuA_predicted,0.5,1,1,TTGGGATCGAATTCCGCCTA,0,1832670
hyuA_predicted,0.5,1,1,TTGGGACTGAAAGTACGTAA,0,1854744
hyuA_predicted,0.5,1,1,TTGGATGACATTTCGATCGT,0,1834989
hyuA_predicted,0.5,1,1,TTGCTTATTCCATCCCAAGT,0,1876898
hyuA_predicted,0.5,1,1,TTGCGGTTCTTCCTTGTTAT,0,1870757
hyuA_predicted,0.5,1,1,TTGCGCCCGCAATTGCGCCA,0,1839276
hyuA_predicted,0.5,1,1,TTGCGACGGGGCAGCGTGCC,0,1830805
hyuA_predicted,0.5,1,1,TTGCCCTCGCCTCGCGCGAA,0,1837277
hyuA_predicted,0.5,1,1,TTGCATTTTCTTTTGCTTGG,0,1842310
hyuA_predicted,0.5,1,1,TTGATACCCGCTACTCGACC,0,1833683
hyuA_predicted,0.5,1,1,TTGAGCTCCGGCCTTGCCCT,0,1852987
hyuA_predicted,0.5,1,1,TTGACGCAACGGAAAGGCGT,0,1850133
hyuA_predicted,0.5,1,1,TTGACCGCCTACGGTCACTG,0,1849230
hyuA_predicted,0.5,1,1,TTGACCCATTTAGAAAGCTC,0,1858645
hyuA_predicted,0.5,1,1,TTGAACGTCATCCTTTGGTG,0,1833562
hyuA_predicted,0.5,1,1,TTCTTTGATCAAATTATTTG,0,1876137
hyuA_predicted,0.5,1,1,TTCTGGCTTCTAGCTAAAGA,0,1840468
hyuA_predicted,0.5,1,1,TTCTGGCCATAATAATTCAA,0,1859732
hyuA_predicted,0.5,1,1,TTCTCCTCGGCAAAATCCTG,0,1844460
hyuA_predicted,0.5,1,1,TTCTAGGGTCCAAGGCATGG,0,1868678
hyuA_predicted,0.5,1,1,TTCTAGGGCTAATTACACCA,0,1834884
hyuA_predicted,0.5,1,1,TTCTAAGGCGGGGCGTTACT,0,1862821
hyuA_predicted,0.5,1,1,TTCTAAATCCATGTGACAGA,0,1843677
hyuA_predicted,0.5,1,1,TTCGTCGTTCGGATTGCGGC,0,1832291
hyuA_predicted,0.5,1,1,TTCGTCGATTGTGAAACACT,0,1834487
hyuA_predicted,0.5,1,1,TTCGTAGCGGCGTGGCACTT,0,1865906
hyuA_predicted,0.5,1,1,TTCGGTCATTTTGTGTTCTC,0,1845099
hyuA_predicted,0.5,1,1,TTCGGCATTAAAATATAAGC,0,1830985
hyuA_predicted,0.5,1,1,TTCGGAGCTCAGAAGGGAAG,0,1846362
hyuA_predicted,0.5,1,1,TTCGCCATACCACGGGAGCT,0,1863811
hyuA_predicted,0.5,1,1,TTCGCATATTCGGCCTTAAT,0,1858880
hyuA_predicted,0.5,1,1,TTCGACCGCGAGTTATATCC,0,1856858
hyuA_predicted,0.5,1,1,TTCGAAATGCGCCAGCATTA,0,1870505
hyuA_predicted,0.5,1,1,TTCCTGTGTGGTTTTCATCG,0,1858414
hyuA_predicted,0.5,1,1,TTCCGGTGGTGGCAGCGTGC,0,1858362
hyuA_predicted,0.5,1,1,TTCCGGGGGAACGTAAACGA,0,1850265
hyuA_predicted,0.5,1,1,TTCCGGGACAGGCGACGGCA,0,1847435
hyuA_predicted,0.5,1,1,TTCCGCAGGCACGGTTGCAA,0,1860331
hyuA_predicted,0.5,1,1,TTCCGCAGACCACGGTTTTC,0,1858406
hyuA_predicted,0.5,1,1,TTCCAGCACCACGGCATGCA,0,1837951
hyuA_predicted,0.5,1,1,TTCCACCTGTCGTGAACTTG,0,1832465
hyuA_predicted,0.5,1,1,TTCAGTGCTTGTACCGGAAA,0,1864026
hyuA_predicted,0.5,1,1,TTCAATACTGCAACGCCTTT,0,1830882
hyuA_predicted,0.5,1,1,TTATTTCCATTACGTCCGAA,0,1840400
hyuA_predicted,0.5,1,1,TTATTCATTTTGATCCAATT,0,1861830
hyuA_predicted,0.5,1,1,TTATTCACACTGCCTATTAA,0,1854414
hyuA_predicted,0.5,1,1,TTATCCGAGGAAAATAAACT,0,1873951
hyuA_predicted,0.5,1,1,TTATATCGCCTGTGTATTGT,0,1874945
hyuA_predicted,0.5,1,1,TTATACTATCTCGTATAGGT,0,1876932
hyuA_predicted,0.5,1,1,TTATAAGACGGCATAGGGGG,0,1843341
hyuA_predicted,0.5,1,1,TTATAACCAAGCGCTCCACT,0,1873849
hyuA_predicted,0.5,1,1,TTAGTAGCCCAACTGCCTTT,0,1875648
hyuA_predicted,0.5,1,1,TTAGGCTGTCGGACTCGTGC,0,1872303
hyuA_predicted,0.5,1,1,TTAGGCAGGAGTTAGTAGCG,0,1852893
hyuA_predicted,0.5,1,1,TTAGCGATAGGAATGGCGTA,0,1839826
hyuA_predicted,0.5,1,1,TTAGATGGAGCGCTCATCTA,0,1868395
hyuA_predicted,0.5,1,1,TTAGAGGGGTTTTTTTTTAA,0,1866179
hyuA_predicted,0.5,1,1,TTACGGGCAGAGGTGCTGAT,0,1866467
hyuA_predicted,0.5,1,1,TTACCTGATCGTGTTTAGGC,0,1866298
hyuA_predicted,0.5,1,1,TTACCGAAGGGGGCACGCTG,0,1856190
hyuA_predicted,0.5,1,1,TTACATCCTGTGGACTTATC,0,1858131
hyuA_predicted,0.5,1,1,TTAATTACCCTCAACACGAA,0,1865037
hyuA_predicted,0.5,1,1,TTAATGGCTAGACCATTTGG,0,1850236
hyuA_predicted,0.5,1,1,TTAATATCTCAGGCAGTATA,0,1861339
hyuA_predicted,0.5,1,1,TTAAGTCCTTTCCGACGTAC,0,1877751
hyuA_predicted,0.5,1,1,TTAAGGGGCCAAGTTTTTTC,0,1830133
hyuA_predicted,0.5,1,1,TTAAGGCGGCGACAAGTCAT,0,1852920
hyuA_predicted,0.5,1,1,TTAAGATCACGCGTTTTGCA,0,1840429
hyuA_predicted,0.5,1,1,TTAAAGTCATTTTCACGAAT,0,1865676
hyuA_predicted,0.5,1,1,TTAAAAGATGGCCTAGGGAT,0,1860162
hyuA_predicted,0.5,1,1,TGTTTATTGAGTTCCCGGCT,0,1843161
hyuA_predicted,0.5,1,1,TGTTTATCCCGGAGTAGTCT,0,1831908
hyuA_predicted,0.5,1,1,TGTTCCATGGGTATAAACGG,0,1831966
hyuA_predicted,0.5,1,1,TGTTCACTGACGCAATACTC,0,1855659
hyuA_predicted,0.5,1,1,TGTTATTTTTGCGGGGGCAT,0,1869955
hyuA_predicted,0.5,1,1,TGTTATTGAAAGGGTGCCGA,0,1866713
hyuA_predicted,0.5,1,1,TGTTACACAGCCCGACATGT,0,1854877
hyuA_predicted,0.5,1,1,TGTGCGCTTAACGATTCGCT,0,1839624
hyuA_predicted,0.5,1,1,TGTGCAGCAGCCGCAAATCT,0,1863559
hyuA_predicted,0.5,1,1,TGTCTTGCGCGCATGCTACT,0,1846424
hyuA_predicted,0.5,1,1,TGTCGTCTGACCAGTTACGG,0,1839885
hyuA_predicted,0.5,1,1,TGTAGTAGGTTCATTAGCAG,0,1838351
hyuA_predicted,0.5,1,1,TGTAGCGCCCCCGTGACGGG,0,1841133
hyuA_predicted,0.5,1,1,TGTAGCATAGGTCGTTGACC,0,1856090
hyuA_predicted,0.5,1,1,TGTACATTGCCTCGCTACTC,0,1865553
hyuA_predicted,0.5,1,1,TGTAACGGTCCTGCGGTCGT,0,1831586
hyuA_predicted,0.5,1,1,TGGTTTTACAGATGCCTGAA,0,1865512
hyuA_predicted,0.5,1,1,TGGTTCTCCACACCCTACTC,0,1855860
hyuA_predicted,0.5,1,1,TGGTTCGTGTTGTGATCATA,0,1843714
hyuA_predicted,0.5,1,1,TGGTTCAGCACATTGTTCAG,0,1834670
hyuA_predicted,0.5,1,1,TGGTCGGGGCCGAAAACGCC,0,1871890
hyuA_predicted,0.5,1,1,TGGTAGTATCTGAGGGTCCC,0,1848396
hyuA_predicted,0.5,1,1,TGGTAGACTATCCAGAGCTA,0,1847630
hyuA_predicted,0.5,1,1,TGGTACATCCCGAAACAAAA,0,1838741
hyuA_predicted,0.5,1,1,TGGTAACGCCTAGTTGGCGA,0,1870110
hyuA_predicted,0.5,1,1,TGGGTTTTTGTCATCAATAA,0,1872866
hyuA_predicted,0.5,1,1,TGGGTTCGGGGAAGTGCCCT,0,1846887
hyuA_predicted,0.5,1,1,TGGGTCAACAGGTCGTTGGT,0,1855373
hyuA_predicted,0.5,1,1,TGGGGGGAAGGTTTAAACGG,0,1838277
hyuA_predicted,0.5,1,1,TGGGGATGGGCTGACTACGT,0,1867176
hyuA_predicted,0.5,1,1,TGGGGATGCACGATTGTGAG,0,1858668
hyuA_predicted,0.5,1,1,TGGGGATATTGAGTACCTGG,0,1869905
hyuA_predicted,0.5,1,1,TGGGCAGTACGTCTTTCGTG,0,1829196
hyuA_predicted,0.5,1,1,TGGGAGAGGCCAGAGCGGTA,0,1832268
hyuA_predicted,0.5,1,1,TGGGAATGTATACACTCAGA,0,1870403
hyuA_predicted,0.5,1,1,TGGCTCTACTCGTCCTCGAA,0,1856988
hyuA_predicted,0.5,1,1,TGGCTCAAACAGCGCAATAC,0,1852556
hyuA_predicted,0.5,1,1,TGGCGTTACTCGCACCTAAC,0,1850220
hyuA_predicted,0.5,1,1,TGGCCCTTCATATGGGCCGA,0,1857682
hyuA_predicted,0.5,1,1,TGGCACCCATTGTGAATGGA,0,1834675
hyuA_predicted,0.5,1,1,TGGAGTATCATTCGCACGAC,0,1833523
hyuA_predicted,0.5,1,1,TGGAGCTGATCTTCCGTTAA,0,1862398
hyuA_predicted,0.5,1,1,TGGACACTTTCGGTTTGTGG,0,1833886
hyuA_predicted,0.5,1,1,TGGACAATCGTTACCGACCA,0,1844905
hyuA_predicted,0.5,1,1,TGGAATAAGCTCGTAGACGA,0,1830552
hyuA_predicted,0.5,1,1,TGGAAGCGCAATGGGCCAAA,0,1877370
hyuA_predicted,0.5,1,1,TGCTTTTAGGCTGACATCCC,0,1847200
hyuA_predicted,0.5,1,1,TGCTTGAAAACTCGTGGTGG,0,1832659
hyuA_predicted,0.5,1,1,TGCTGCCGCGTCTTTGTGTT,0,1866926
hyuA_predicted,0.5,1,1,TGCTGAGCTCTAAAATGGAC,0,1847148
hyuA_predicted,0.5,1,1,TGCTATAGCATGCGTCACAA,0,1840563
hyuA_predicted,0.5,1,1,TGCTAGCGGGGCGTACATCA,0,1863160
hyuA_predicted,0.5,1,1,TGCTACTATCCTCGCTAGTT,0,1842872
hyuA_predicted,0.5,1,1,TGCTAATGACAACGGGTTTG,0,1876905
hyuA_predicted,0.5,1,1,TGCGTTCGACACATACAGGC,0,1852202
hyuA_predicted,0.5,1,1,TGCGTCACACGACTCCAGAT,0,1835118
hyuA_predicted,0.5,1,1,TGCGTACGAGAACTACTACT,0,1832256
hyuA_predicted,0.5,1,1,TGCGGTTGGTACGAGGACAT,0,1839357
hyuA_predicted,0.5,1,1,TGCGGGCGCAAAAAGCAGAA,0,1849341
hyuA_predicted,0.5,1,1,TGCGGATCCGATTATCTCGT,0,1864666
hyuA_predicted,0.5,1,1,TGCGCGCCGCTAGTCTGGTT,0,1838492
hyuA_predicted,0.5,1,1,TGCGAAGGCCTCAAATCCTT,0,1850675
hyuA_predicted,0.5,1,1,TGCCTTTTTGTCAACCGTTC,0,1859045
hyuA_predicted,0.5,1,1,TGCCTTAGTAGTGCGCCATA,0,1877623
hyuA_predicted,0.5,1,1,TGCCTGGACGCCCCAGTATT,0,1829927
hyuA_predicted,0.5,1,1,TGCCGCTGAGGCTTCTTTTC,0,1870755
hyuA_predicted,0.5,1,1,TGCCGCAAAAAGGAGCTTCT,0,1835565
hyuA_predicted,0.5,1,1,TGCCCCGGGGACGTAATTGC,0,1873847
hyuA_predicted,0.5,1,1,TGCCATTAAGCGACGTAGGC,0,1855437
hyuA_predicted,0.5,1,1,TGCCACGTTAACATACGCTT,0,1838932
hyuA_predicted,0.5,1,1,TGCACCCTGGACGTGTGATC,0,1864013
hyuA_predicted,0.5,1,1,TGCAATAATCAAGGCGTTTC,0,1832510
hyuA_predicted,0.5,1,1,TGATTCATTTAGATGCCGGT,0,1834572
hyuA_predicted,0.5,1,1,TGATGAGAGTGGAGAATACA,0,1859141
hyuA_predicted,0.5,1,1,TGATATGTTAGGTCTAGTGA,0,1855563
hyuA_predicted,0.5,1,1,TGATACGGCCTTGCTAACAA,0,1866463
hyuA_predicted,0.5,1,1,TGATACCGAGTCTAACACAT,0,1838755
hyuA_predicted,0.5,1,1,TGATAATCTGTCATTATTTT,0,1850100
hyuA_predicted,0.5,1,1,TGAGTTAATTCGATTCTCGC,0,1860316
hyuA_predicted,0.5,1,1,TGAGGAAAGACGGGAAGCAT,0,1856445
hyuA_predicted,0.5,1,1,TGAGCCTTGAGACGACGTGA,0,1833417
hyuA_predicted,0.5,1,1,TGAGAATGCGCAAAGTGAAA,0,1842393
hyuA_predicted,0.5,1,1,TGACTGTATTCTGTAATGGC,0,1854708
hyuA_predicted,0.5,1,1,TGACTGACTGCTTGCTAATG,0,1861978
hyuA_predicted,0.5,1,1,TGACTGAAGACGAAAGGATC,0,1852237
hyuA_predicted,0.5,1,1,TGACCCTGGATCCAGCGATC,0,1831578
hyuA_predicted,0.5,1,1,TGACCATATCGGGTTTTGGG,0,1873286
hyuA_predicted,0.5,1,1,TGACACATGCTCCCGTCTTT,0,1856433
hyuA_predicted,0.5,1,1,TGACAACAGCCCCGTGGAAT,0,1854299
hyuA_predicted,0.5,1,1,TGACAAACATAGGGGGCAAC,0,1832656
hyuA_predicted,0.5,1,1,TGAATTTATGTACTCATTCG,0,1852720
hyuA_predicted,0.5,1,1,TGAACGCTCAAATTCGTCCG,0,1855576
hyuA_predicted,0.5,1,1,TGAAATGTAGAGCCGCGGCA,0,1835872
hyuA_predicted,0.5,1,1,TCTTTCAGTTGTAGGCGCCA,0,1874093
hyuA_predicted,0.5,1,1,TCTTTAGCGACAGACGGTCG,0,1858053
hyuA_predicted,0.5,1,1,TCTGCGAGCGTTTGGGATTG,0,1876311
hyuA_predicted,0.5,1,1,TCTGCAGAAAGGTAGTGCTG,0,1832886
hyuA_predicted,0.5,1,1,TCTCTAACTGGAAAACGAGT,0,1845594
hyuA_predicted,0.5,1,1,TCTCGCGCTGCGCAACTTTG,0,1835754
hyuA_predicted,0.5,1,1,TCTCAGGTCCTGGCCCTTGT,0,1860367
hyuA_predicted,0.5,1,1,TCTATTGGGGCAGAGCCGAT,0,1838954
hyuA_predicted,0.5,1,1,TCTATACGATTCTAAGCCGA,0,1872925
hyuA_predicted,0.5,1,1,TCTAGTAAATGCGATTCCGG,0,1867421
hyuA_predicted,0.5,1,1,TCTACCTTCATTAACTCTAA,0,1852952
hyuA_predicted,0.5,1,1,TCTAATATTGCAAAGCAACC,0,1870710
hyuA_predicted,0.5,1,1,TCTAAGCCGAGTAGACAGTC,0,1875626
hyuA_predicted,0.5,1,1,TCGTTGTGCTCGGTAGACGG,0,1833935
hyuA_predicted,0.5,1,1,TCGTTGCGGCGCTCAATAAA,0,1855982
hyuA_predicted,0.5,1,1,TCGTTAGAAGGGTTTTAGGT,0,1861629
hyuA_predicted,0.5,1,1,TCGTGTGTGCGAAGTAGGGA,0,1864852
hyuA_predicted,0.5,1,1,TCGTGGCGGACGCTTAATGC,0,1870082
hyuA_predicted,0.5,1,1,TCGTGAACCCTATATTATAG,0,1866550
hyuA_predicted,0.5,1,1,TCGTCTGTCCTTTGTATTGC,0,1875819
hyuA_predicted,0.5,1,1,TCGTCCCTTTGACGTTTAGC,0,1870358
hyuA_predicted,0.5,1,1,TCGTATTAGATGGATCACCA,0,1877707
hyuA_predicted,0.5,1,1,TCGTACCATTAAGCAATAGT,0,1866489
hyuA_predicted,0.5,1,1,TCGGTACCGAGAAAGTTTAA,0,1851582
hyuA_predicted,0.5,1,1,TCGGCGCTCACATGCTCCCG,0,1874186
hyuA_predicted,0.5,1,1,TCGGACGACAGCATGACGTG,0,1869409
hyuA_predicted,0.5,1,1,TCGGAATTGGCGACACGCAT,0,1846613
hyuA_predicted,0.5,1,1,TCGCCGTGTATTTAATCTAG,0,1848470
hyuA_predicted,0.5,1,1,TCGCCACCGATCCCGGCATC,0,1848466
hyuA_predicted,0.5,1,1,TCGCATTTAATTTACTGTCT,0,1830091
hyuA_predicted,0.5,1,1,TCGCATCAGACACCAATAGG,0,1836400
hyuA_predicted,0.5,1,1,TCGCAGATGTAGGAGAATTG,0,1852413
hyuA_predicted,0.5,1,1,TCGAGTATTTTATCAGATTC,0,1836884
hyuA_predicted,0.5,1,1,TCGACTCGTATAGCCTCCCG,0,1848631
hyuA_predicted,0.5,1,1,TCCTTCGTTAACAAAATCTT,0,1863347
hyuA_predicted,0.5,1,1,TCCTTAGGGCGCCAATTCAA,0,1870353
hyuA_predicted,0.5,1,1,TCCTCGATTTCCAGCTCAAT,0,1833890
hyuA_predicted,0.5,1,1,TCCTCGAGTCGGTGCCACAA,0,1855389
hyuA_predicted,0.5,1,1,TCCTCCCATGGGGGCTCCTA,0,1842856
hyuA_predicted,0.5,1,1,TCCTACTCAGCAGTCGCATG,0,1856254
hyuA_predicted,0.5,1,1,TCCGTAATGCTACGGGTTTT,0,1852381
hyuA_predicted,0.5,1,1,TCCGGTCAGGCCGTAATCCG,0,1833462
hyuA_predicted,0.5,1,1,TCCGCCTTACGATGTAATTA,0,1853957
hyuA_predicted,0.5,1,1,TCCGCATTGCCGCTTAGTTG,0,1877567
hyuA_predicted,0.5,1,1,TCCGCATGGCTTCCCCGTTG,0,1875429
hyuA_predicted,0.5,1,1,TCCGATAGACGCACATTTGT,0,1864371
hyuA_predicted,0.5,1,1,TCCGAGGCAAGCAAGTCGTT,0,1840508
hyuA_predicted,0.5,1,1,TCCGAACAAAGGAGACCCGG,0,1829016
hyuA_predicted,0.5,1,1,TCCCGTTCAGGTCAACTGAT,0,1835280
hyuA_predicted,0.5,1,1,TCCCGATCAACGTAATACTA,0,1855270
hyuA_predicted,0.5,1,1,TCCCCTCGGCAAACCCAACC,0,1841610
hyuA_predicted,0.5,1,1,TCCCAGTAAGTTCCAAATGG,0,1862631
hyuA_predicted,0.5,1,1,TCCATTTGGCATAACGTGGA,0,1871776
hyuA_predicted,0.5,1,1,TCCATAACATGCCCACTCTG,0,1875929
hyuA_predicted,0.5,1,1,TCCACGTGTACATGCCGGAC,0,1854483
hyuA_predicted,0.5,1,1,TCCAATTGCTGTCGTCGGTA,0,1874749
hyuA_predicted,0.5,1,1,TCATTAGACGAGCAGTCGGC,0,1865732
hyuA_predicted,0.5,1,1,TCATTACGGGACCTAGTCAT,0,1838919
hyuA_predicted,0.5,1,1,TCATTACACCACTGTTACCA,0,1872706
hyuA_predicted,0.5,1,1,TCATGCGAACCGTCCTTTTG,0,1864629
hyuA_predicted,0.5,1,1,TCATCCTTATCTCTGAACGT,0,1851691
hyuA_predicted,0.5,1,1,TCAGTGGCTAGCCGATGTTT,0,1861699
hyuA_predicted,0.5,1,1,TCAGTATTCCGCGTCGTTGA,0,1873899
hyuA_predicted,0.5,1,1,TCAGGTCGTAAGTAGAAGAT,0,1864334
hyuA_predicted,0.5,1,1,TCAGGGGCAGGGTTTAGGTG,0,1853993
hyuA_predicted,0.5,1,1,TCAGGCGCAGGGTGGGAACA,0,1833901
hyuA_predicted,0.5,1,1,TCAGGAAACACAATAGGCAT,0,1856407
hyuA_predicted,0.5,1,1,TCAGCTCGGGGCCGGTGAAT,0,1866768
hyuA_predicted,0.5,1,1,TCACTTTAGCCATTTAAGTT,0,1842101
hyuA_predicted,0.5,1,1,TCACTTCTGCGATGGAGCCT,0,1839140
hyuA_predicted,0.5,1,1,TCACTTATTAAAGCGGCTCC,0,1877776
hyuA_predicted,0.5,1,1,TCACTGATCCTGCATGACGT,0,1841775
hyuA_predicted,0.5,1,1,TCACCTTACATCTAGTTGAA,0,1870122
hyuA_predicted,0.5,1,1,TCACAATGGCGCTGCTTTGA,0,1847654
hyuA_predicted,0.5,1,1,TCAATGGGATCATTTCGTCA,0,1870629
hyuA_predicted,0.5,1,1,TCAATCCCAACTTCGCGGAA,0,1873362
hyuA_predicted,0.5,1,1,TCAAGGCGCTCCTGTGACAG,0,1855526
hyuA_predicted,0.5,1,1,TCAACTTTCGTACAGTAGCG,0,1834292
hyuA_predicted,0.5,1,1,TCAACAAATGCATCGTCTGG,0,1838336
hyuA_predicted,0.5,1,1,TCAAACTAAAATGGGCTCTA,0,1871846
hyuA_predicted,0.5,1,1,TATTTGCGGCAGTGAATCAC,0,1845588
hyuA_predicted,0.5,1,1,TATTGTCTTGGGTAACGAAA,0,1866407
hyuA_predicted,0.5,1,1,TATTGGCAGATGTTTTGAGT,0,1862175
hyuA_predicted,0.5,1,1,TATTGATGGCAGTCACGCAA,0,1858817
hyuA_predicted,0.5,1,1,TATTCGGGTCAAAATCAAGT,0,1855256
hyuA_predicted,0.5,1,1,TATTCAGAAGGCCTCCTGCC,0,1831379
hyuA_predicted,0.5,1,1,TATTAGTCCGGACACTCTAC,0,1832805
hyuA_predicted,0.5,1,1,TATTAACTTACATCCCGCGC,0,1838470
hyuA_predicted,0.5,1,1,TATGTGCCTAGGTGCTCTGG,0,1837732
hyuA_predicted,0.5,1,1,TATGTAGAGGTGCCTCTCGC,0,1856157
hyuA_predicted,0.5,1,1,TATGTACGTGGACAGCCTGT,0,1854577
hyuA_predicted,0.5,1,1,TATGGCCTTTCGCGTCAGCC,0,1877735
hyuA_predicted,0.5,1,1,TATGCTTGGCACAACCTTCC,0,1850677
hyuA_predicted,0.5,1,1,TATGCGTGCACATGAATATT,0,1830105
hyuA_predicted,0.5,1,1,TATGCCTTTCTAGGTGATGC,0,1870349
hyuA_predicted,0.5,1,1,TATGCAGGGTCAGCATCGTG,0,1858009
hyuA_predicted,0.5,1,1,TATGATTAACCGATCGCAGA,0,1843002
hyuA_predicted,0.5,1,1,TATGAGGTTTCCCGGAACCT,0,1867204
hyuA_predicted,0.5,1,1,TATCGGCATGGTGGACACGG,0,1872100
hyuA_predicted,0.5,1,1,TATCGCTGGGTAGGTTAGAC,0,1849680
hyuA_predicted,0.5,1,1,TATCCAACCCTTAAGCACTA,0,1838071
hyuA_predicted,0.5,1,1,TATCACGGCGCTGAACAAGT,0,1860266
hyuA_predicted,0.5,1,1,TATATGAGGGGCAAACCACT,0,1856485
hyuA_predicted,0.5,1,1,TATAGCAATGTCTTAATCAG,0,1844160
hyuA_predicted,0.5,1,1,TATAGATGGACCGATAGACC,0,1838269
hyuA_predicted,0.5,1,1,TATACCTGGCCGCATAAATG,0,1860021
hyuA_predicted,0.5,1,1,TATACATAGTTCTGTCGCTG,0,1863543
hyuA_predicted,0.5,1,1,TATAAACATTGCTGGAAGGC,0,1844991
hyuA_predicted,0.5,1,1,TAGGGGCGTTACCGTCTCTG,0,1875754
hyuA_predicted,0.5,1,1,TAGGAGCGCGTAGGAGGGGA,0,1854046
hyuA_predicted,0.5,1,1,TAGCGGATACGAACGATCGA,0,1833404
hyuA_predicted,0.5,1,1,TAGCCGCATTGGAATTATGG,0,1853506
hyuA_predicted,0.5,1,1,TAGCATCCTTTGTACCGGTC,0,1834530
hyuA_predicted,0.5,1,1,TAGCAGCCTCGAATAGCCTA,0,1843019
hyuA_predicted,0.5,1,1,TAGATGCCTAGGTACAGCTC,0,1876039
hyuA_predicted,0.5,1,1,TAGACGCACTAGCTGGGAGA,0,1850044
hyuA_predicted,0.5,1,1,TAGACCCGCGTCCTCTACGG,0,1829650
hyuA_predicted,0.5,1,1,TACTGCTCAGGAGATTCGGA,0,1871431
hyuA_predicted,0.5,1,1,TACTCTTTGGGTCAACGGCA,0,1837506
hyuA_predicted,0.5,1,1,TACGTTGAGCGCCACATCTC,0,1838491
hyuA_predicted,0.5,1,1,TACGGGGTAAGCAGTCCCAT,0,1864478
hyuA_predicted,0.5,1,1,TACGGGGGGTCTTCTGGTTA,0,1871865
hyuA_predicted,0.5,1,1,TACGGATTAGAACCAAGGAG,0,1863997
hyuA_predicted,0.5,1,1,TACGCGTGGCAACAAACGTC,0,1854084
hyuA_predicted,0.5,1,1,TACGCACCATTCCGGGCGAT,0,1869326
hyuA_predicted,0.5,1,1,TACGATCGTACTTACATCTG,0,1861682
hyuA_predicted,0.5,1,1,TACGAGGGCATGTCGGGAAG,0,1862878
hyuA_predicted,0.5,1,1,TACGACTGTTGAATTTCCGT,0,1841727
hyuA_predicted,0.5,1,1,TACCTGGTACCGATTGTGTT,0,1854335
hyuA_predicted,0.5,1,1,TACCGTCTTGAATGATTACC,0,1843159
hyuA_predicted,0.5,1,1,TACCCCGTTAGATGCAAACC,0,1845941
hyuA_predicted,0.5,1,1,TACCCCGGGGGCCTAACGGG,0,1851894
hyuA_predicted,0.5,1,1,TACCCCCTCCGACGTTAGTG,0,1853874
hyuA_predicted,0.5,1,1,TACCATATCTATTTAAACGA,0,1832457
hyuA_predicted,0.5,1,1,TACATGCAACAGTCCAAATC,0,1875307
hyuA_predicted,0.5,1,1,TACAGTGAGTTGCTACAGCA,0,1864302
hyuA_predicted,0.5,1,1,TACAATGTCAGTATTCGCAA,0,1877228
hyuA_predicted,0.5,1,1,TAATTTTGGCTCCAATGTAT,0,1851252
hyuA_predicted,0.5,1,1,TAATTGTGGCTGTACCGGAC,0,1872302
hyuA_predicted,0.5,1,1,TAATTACACGTTGTTAAGTT,0,1877620
hyuA_predicted,0.5,1,1,TAATGTTTCCCACGCAGATA,0,1845912
hyuA_predicted,0.5,1,1,TAATGTCCCTCCCGTATCAC,0,1877512
hyuA_predicted,0.5,1,1,TAATCTCAGGACGCTCATCT,0,1838822
hyuA_predicted,0.5,1,1,TAATCGTCCAATTCGCTCGT,0,1869361
hyuA_predicted,0.5,1,1,TAATCGACGCTCAAGAGTTC,0,1862120
hyuA_predicted,0.5,1,1,TAATATTCCTAACGGGCATG,0,1850007
hyuA_predicted,0.5,1,1,TAAGTGGGACTAGGGCATGG,0,1876908
hyuA_predicted,0.5,1,1,TAAGTCAGACGTCAACACTC,0,1839087
hyuA_predicted,0.5,1,1,TAAGCCAGAATCGAGCACAC,0,1839387
hyuA_predicted,0.5,1,1,TAACGGGTGCAAAACGTTGG,0,1865705
hyuA_predicted,0.5,1,1,TAACCTTAACGTTAATCATG,0,1851611
hyuA_predicted,0.5,1,1,TAACCGGTGTTCTCTGGTGG,0,1863880
hyuA_predicted,0.5,1,1,TAACCAAAGCGGAATTTAAT,0,1835687
hyuA_predicted,0.5,1,1,TAACATCCAACGGACGTACA,0,1829725
hyuA_predicted,0.5,1,1,TAACATATTACAAGAACGTA,0,1839960
hyuA_predicted,0.5,1,1,TAAATGGGAGACAGTTAAAG,0,1843991
hyuA_predicted,0.5,1,1,TAAATATTAAATTGAATTTT,0,1841928
hyuA_predicted,0.5,1,1,TAAAGTGTCGAGGGGATCGT,0,1873176
hyuA_predicted,0.5,1,1,TAAAAACTCGCCCAGTACGA,0,1834930
hyuA_predicted,0.5,1,1,GTTTGTGTGATTCCACGCAG,0,1871703
hyuA_predicted,0.5,1,1,GTTTGAATCTTTCGGCCAGT,0,1870243
hyuA_predicted,0.5,1,1,GTTTCCTATCGTGTATACGC,0,1862550
hyuA_predicted,0.5,1,1,GTTTATGTATTGATGCCGAA,0,1852128
hyuA_predicted,0.5,1,1,GTTTACTTGCGATCTGGCGC,0,1870282
hyuA_predicted,0.5,1,1,GTTTACTCTCATTGTAGGCG,0,1847778
hyuA_predicted,0.5,1,1,GTTGTTCCTACTTTTGATGT,0,1830894
hyuA_predicted,0.5,1,1,GTTGGGGATATAAGGACAAA,0,1831153
hyuA_predicted,0.5,1,1,GTTGGCGGGTCTGTAAGCGT,0,1847919
hyuA_predicted,0.5,1,1,GTTGGATGACATTTTAAGAA,0,1854493
hyuA_predicted,0.5,1,1,GTTGCGCCTCCACGGCCGAT,0,1834875
hyuA_predicted,0.5,1,1,GTTGCCTGACTGTTAGTGTC,0,1835842
hyuA_predicted,0.5,1,1,GTTGATGAGACAAAGGTGCT,0,1842018
hyuA_predicted,0.5,1,1,GTTCTGAGAATCGGGATGAC,0,1865793
hyuA_predicted,0.5,1,1,GTTCGGTCGAATGCCGCCAA,0,1848445
hyuA_predicted,0.5,1,1,GTTCGGGTCAAGGTGCGTAG,0,1828850
hyuA_predicted,0.5,1,1,GTTCCGTGTAGTGCCCTCAA,0,1833414
hyuA_predicted,0.5,1,1,GTTCCCGCTACTGTTCAGGT,0,1831902
hyuA_predicted,0.5,1,1,GTTATTGCAGAGCTTCGGAG,0,1837315
hyuA_predicted,0.5,1,1,GTTATCTCACTTTCCTCCAG,0,1876390
hyuA_predicted,0.5,1,1,GTTATAGCCCCTTCGGCCGC,0,1839156
hyuA_predicted,0.5,1,1,GTTAGCAGATATGATAGTTA,0,1862093
hyuA_predicted,0.5,1,1,GTTACTTCTATGGCTGTCGC,0,1868910
hyuA_predicted,0.5,1,1,GTTAAGAGTCCTTAGAGCGT,0,1845956
hyuA_predicted,0.5,1,1,GTGTTTCAACACGTCCCCAC,0,1860609
hyuA_predicted,0.5,1,1,GTGTGTGTAAGCATGTCGTT,0,1875111
hyuA_predicted,0.5,1,1,GTGTGGGTTTTATCGTATCT,0,1846219
hyuA_predicted,0.5,1,1,GTGTCTCTCCTGATGGCCCG,0,1846255
hyuA_predicted,0.5,1,1,GTGTCGCCCCCGACATTCCG,0,1838086
hyuA_predicted,0.5,1,1,GTGTCATCACGCGGTACCGT,0,1873989
hyuA_predicted,0.5,1,1,GTGTATCCTAGCAGACCCCG,0,1832708
hyuA_predicted,0.5,1,1,GTGTATAAGAGGCAGCGAAA,0,1829893
hyuA_predicted,0.5,1,1,GTGTACGCCCATTCAATCAA,0,1853409
hyuA_predicted,0.5,1,1,GTGGTTTACTAGGGGTTAAC,0,1868565
hyuA_predicted,0.5,1,1,GTGGTTGGCCATATACCGAA,0,1839888
hyuA_predicted,0.5,1,1,GTGGTGGCAAAGAGAATGCT,0,1867461
hyuA_predicted,0.5,1,1,GTGGTCTTCAGGCTCGCCCT,0,1833522
hyuA_predicted,0.5,1,1,GTGGTATTCCTAACCATCAA,0,1849555
hyuA_predicted,0.5,1,1,GTGGTAAGTCTACAAAGGGT,0,1835176
hyuA_predicted,0.5,1,1,GTGGGCGTTAGACAAGCCCG,0,1854012
hyuA_predicted,0.5,1,1,GTGGCGATACTCTTCTACCA,0,1861793
hyuA_predicted,0.5,1,1,GTGGACGCCCTCCTACAAAT,0,1864442
hyuA_predicted,0.5,1,1,GTGCGTGTGGCATATAGATA,0,1841736
hyuA_predicted,0.5,1,1,GTGCGGTATCCGGATTTCAG,0,1871467
hyuA_predicted,0.5,1,1,GTGCGGGGACTAGTCACGTT,0,1859007
hyuA_predicted,0.5,1,1,GTGCCCCCTGTGGTCCAGCG,0,1849237
hyuA_predicted,0.5,1,1,GTGCACCTATGCGCGGCTAC,0,1835870
hyuA_predicted,0.5,1,1,GTGATTTGACGCAATTTAGC,0,1835602
hyuA_predicted,0.5,1,1,GTGATCTCCGGGGGAAATTA,0,1860019
hyuA_predicted,0.5,1,1,GTGATCCCCCTTACCTTGGC,0,1848423
hyuA_predicted,0.5,1,1,GTGATAGTTGCAGGTAGCAC,0,1846358
hyuA_predicted,0.5,1,1,GTGATACCTATGCGCGTACT,0,1870866
hyuA_predicted,0.5,1,1,GTGAGGCTTCATGTTCGAGT,0,1837663
hyuA_predicted,0.5,1,1,GTGACGAGCAGCTCTACTTG,0,1847203
hyuA_predicted,0.5,1,1,GTGAATGCTGAAGAGCATAG,0,1861704
hyuA_predicted,0.5,1,1,GTCTTGGTACCGGAGCCGCT,0,1839497
hyuA_predicted,0.5,1,1,GTCTGGCGTCATTTGATGAC,0,1852354
hyuA_predicted,0.5,1,1,GTCTGCTAACCCAGGCGAAC,0,1861879
hyuA_predicted,0.5,1,1,GTCTCAAGACAGCGTTGTCT,0,1844675
hyuA_predicted,0.5,1,1,GTCGTTTTCGAGTGCCGACA,0,1874897
hyuA_predicted,0.5,1,1,GTCGTGGTCCATGTTTCGGC,0,1846533
hyuA_predicted,0.5,1,1,GTCGGGGCTGACCAACCCGA,0,1871791
hyuA_predicted,0.5,1,1,GTCGGAGATGGTGTTCCGAC,0,1840161
hyuA_predicted,0.5,1,1,GTCGGAGAAACGTATCTGGG,0,1842308
hyuA_predicted,0.5,1,1,GTCGCCCTCAGGGTCGCCGC,0,1852469
hyuA_predicted,0.5,1,1,GTCGCCCCGACTTACCCGGG,0,1860878
hyuA_predicted,0.5,1,1,GTCGCCATCGTGCCGGTACT,0,1862892
hyuA_predicted,0.5,1,1,GTCGAAGCTTCGAGTACGTT,0,1852772
hyuA_predicted,0.5,1,1,GTCGAAAAACGTCAAACTCG,0,1875290
hyuA_predicted,0.5,1,1,GTCCTTTCGTGTGCGGATCC,0,1863452
hyuA_predicted,0.5,1,1,GTCCTCGGAGACCCCTTCAA,0,1837636
hyuA_predicted,0.5,1,1,GTCCCCTACAGTAGTGATTA,0,1877818
hyuA_predicted,0.5,1,1,GTCAGTTGGGCGTGCGGCCT,0,1871379
hyuA_predicted,0.5,1,1,GTCAGCGGGGCCAACGAGCC,0,1855894
hyuA_predicted,0.5,1,1,GTCAATCAAGCTACACCGCT,0,1861353
hyuA_predicted,0.5,1,1,GTATTTGTGTCCTCTACACC,0,1852621
hyuA_predicted,0.5,1,1,GTATGGACTACCCTAACTGT,0,1852125
hyuA_predicted,0.5,1,1,GTATCAAGGCCCCGAGCAAA,0,1868486
hyuA_predicted,0.5,1,1,GTATATCGGGATGCCCGCAG,0,1854945
hyuA_predicted,0.5,1,1,GTATAGAAGAAATAAGGACG,0,1857912
hyuA_predicted,0.5,1,1,GTATAGAAATGAATAAGCTA,0,1857059
hyuA_predicted,0.5,1,1,GTAGCAGTTTTGTCTATGCA,0,1836174
hyuA_predicted,0.5,1,1,GTAGCAAGCGGGCGTTATTG,0,1871115
hyuA_predicted,0.5,1,1,GTAGAACGGAGTTGAATTTG,0,1845539
hyuA_predicted,0.5,1,1,GTACTGGTTGGTGCCGCGGG,0,1845016
hyuA_predicted,0.5,1,1,GTACTGAGCCACGGCGATCT,0,1868828
hyuA_predicted,0.5,1,1,GTACGGCGGCACTGGTAGTC,0,1866466
hyuA_predicted,0.5,1,1,GTACAAGCCGGCTACAACCA,0,1840085
hyuA_predicted,0.5,1,1,GTAATTACTCTCAGCAACGC,0,1841059
hyuA_predicted,0.5,1,1,GTAATGTGTCACATTGTTTT,0,1830254
hyuA_predicted,0.5,1,1,GTAACCAGCATTACACTCTT,0,1862233
hyuA_predicted,0.5,1,1,GTAAACCGCGGGCTCTGTAG,0,1838769
hyuA_predicted,0.5,1,1,GGTTTTAGTATTGAGTCAAC,0,1831543
hyuA_predicted,0.5,1,1,GGTTTGCGATCACTCACGGC,0,1872879
hyuA_predicted,0.5,1,1,GGTTGATTTCTTTCCCATAT,0,1841607
hyuA_predicted,0.5,1,1,GGTTGAGGGCTTCCAGGAAT,0,1858285
hyuA_predicted,0.5,1,1,GGTTCCCCTGGCTAGTTGTG,0,1866474
hyuA_predicted,0.5,1,1,GGTTATGAGCCGAAACCCCT,0,1841934
hyuA_predicted,0.5,1,1,GGTTACTCTTTGGGATGTTC,0,1830771
hyuA_predicted,0.5,1,1,GGTTAAGCACGGAGGAAGTT,0,1859782
hyuA_predicted,0.5,1,1,GGTGTGGCACCTAGCAGTCC,0,1863901
hyuA_predicted,0.5,1,1,GGTGGCTTGGGTCTCGAGAT,0,1868771
hyuA_predicted,0.5,1,1,GGTGGCCTAGGTTCTTTTGA,0,1861234
hyuA_predicted,0.5,1,1,GGTGCTGCTTGAATTGGTAT,0,1843697
hyuA_predicted,0.5,1,1,GGTGCTCTCTACTTTAGTGC,0,1837878
hyuA_predicted,0.5,1,1,GGTGCGCACCAGTGTCATTA,0,1870999
hyuA_predicted,0.5,1,1,GGTCGGACGAGAATACCTGG,0,1842485
hyuA_predicted,0.5,1,1,GGTCGCCCCAAATATTTTAT,0,1856250
hyuA_predicted,0.5,1,1,GGTCGAGGGGGTTGTGCAAC,0,1855271
hyuA_predicted,0.5,1,1,GGTCCTGCTCAACCCGCTGA,0,1860554
hyuA_predicted,0.5,1,1,GGTCCAGAGCTTTAGTGCAA,0,1829241
hyuA_predicted,0.5,1,1,GGTCATCGTTTAAGTGTTTT,0,1854415
hyuA_predicted,0.5,1,1,GGTCATAATTTGCCCGTTAA,0,1869461
hyuA_predicted,0.5,1,1,GGTATTTGTTGTGTGGCGCA,0,1842451
hyuA_predicted,0.5,1,1,GGTATAAACAACTCAATATC,0,1864910
hyuA_predicted,0.5,1,1,GGTACTGAACTACCCGCTAA,0,1863885
hyuA_predicted,0.5,1,1,GGGTTGTACGGCGGGCAGGA,0,1868390
hyuA_predicted,0.5,1,1,GGGTGCTGTCAAGGTCCTGT,0,1843076
hyuA_predicted,0.5,1,1,GGGTGAACCTTCGATAGAAC,0,1847728
hyuA_predicted,0.5,1,1,GGGTCAATGACAAGAGAGCG,0,1842222
hyuA_predicted,0.5,1,1,GGGTCAAATTTGAGACTTCA,0,1876711
hyuA_predicted,0.5,1,1,GGGTATTAAGAAGCTGATCA,0,1832811
hyuA_predicted,0.5,1,1,GGGTAGCATAGGGTCAATAC,0,1839100
hyuA_predicted,0.5,1,1,GGGTAGAAAGAGCGGAACGG,0,1859946
hyuA_predicted,0.5,1,1,GGGTACCCGGTCTGGCTGTG,0,1850954
hyuA_predicted,0.5,1,1,GGGGTTTATCCGAAAGCGCC,0,1864372
hyuA_predicted,0.5,1,1,GGGGTTTAGGTCCTCATAGT,0,1837642
hyuA_predicted,0.5,1,1,GGGGTCATTTTCCCCCCTTA,0,1877175
hyuA_predicted,0.5,1,1,GGGGGGTTCCAGATGAGATA,0,1871058
hyuA_predicted,0.5,1,1,GGGGGGCTAATGGGGCTTGG,0,1864084
hyuA_predicted,0.5,1,1,GGGGGGCAGCGGATGTAACT,0,1858606
hyuA_predicted,0.5,1,1,GGGGGCACAAAATGTCCGCT,0,1830375
hyuA_predicted,0.5,1,1,GGGGCCAGCTTTTTCCCAGC,0,1829252
hyuA_predicted,0.5,1,1,GGGGAACCGGACACCCCTCG,0,1845163
hyuA_predicted,0.5,1,1,GGGCTATTTAACGCAGGTGG,0,1832417
hyuA_predicted,0.5,1,1,GGGCGCCATCGCCCATTCGA,0,1867592
hyuA_predicted,0.5,1,1,GGGCCTTGCTCATCCAGATC,0,1842315
hyuA_predicted,0.5,1,1,GGGCCTCAGGTTATCGACCC,0,1840827
hyuA_predicted,0.5,1,1,GGGCCACCCCACCGCGACAT,0,1868036
hyuA_predicted,0.5,1,1,GGGCAGGCTTGAGCAGAACC,0,1839535
hyuA_predicted,0.5,1,1,GGGCACCGGAATATAGTATA,0,1839929
hyuA_predicted,0.5,1,1,GGGCACCCCAGCACACGTCT,0,1871508
hyuA_predicted,0.5,1,1,GGGATCCGGCCATATACCAC,0,1875176
hyuA_predicted,0.5,1,1,GGGATCCCTAAACCAGCCCC,0,1852462
hyuA_predicted,0.5,1,1,GGGAGCCGGTCCGCCTACCT,0,1853925
hyuA_predicted,0.5,1,1,GGGAACGAGCGTCTCCGGTT,0,1839601
hyuA_predicted,0.5,1,1,GGCGTTGGATAGTCAAATAA,0,1844735
hyuA_predicted,0.5,1,1,GGCGTTCAGCGATTGAGCAA,0,1834555
hyuA_predicted,0.5,1,1,GGCGTAGTAAAGGCTTCCGA,0,1845951
hyuA_predicted,0.5,1,1,GGCGATAATGACAGGTATGT,0,1847928
hyuA_predicted,0.5,1,1,GGCGACATATAGAGACGTTT,0,1842571
hyuA_predicted,0.5,1,1,GGCCGGCGGGTCCAATTGTA,0,1842225
hyuA_predicted,0.5,1,1,GGCCGCTCGGTGCGAGGTCT,0,1836687
hyuA_predicted,0.5,1,1,GGCCGCAAGCAGCGCACTGC,0,1865743
hyuA_predicted,0.5,1,1,GGCCACACTCAATATGAGTT,0,1848399
hyuA_predicted,0.5,1,1,GGCATGTGTGGGTGTCGTTC,0,1863604
hyuA_predicted,0.5,1,1,GGCATCGTCATATGTATTCC,0,1848465
hyuA_predicted,0.5,1,1,GGCATCCACGTGGGAAAGTC,0,1868711
hyuA_predicted,0.5,1,1,GGCAGTTCATTCTAGAAAGA,0,1872657
hyuA_predicted,0.5,1,1,GGCAGCTGGAGGTATAAAAG,0,1865429
hyuA_predicted,0.5,1,1,GGCAGACCAGCCCGGCAACC,0,1854197
hyuA_predicted,0.5,1,1,GGCACCGAGCCGGGATTTCT,0,1861561
hyuA_predicted,0.5,1,1,GGCAACTATGTTCTTAGCTT,0,1865518
hyuA_predicted,0.5,1,1,GGCAACATCGTCGAGACTTC,0,1839231
hyuA_predicted,0.5,1,1,GGATGGATTGTGAGAATCGG,0,1832577
hyuA_predicted,0.5,1,1,GGATGGAACATGAAATTCGC,0,1858276
hyuA_predicted,0.5,1,1,GGATGAGTCAGTTCCCCTTC,0,1845942
hyuA_predicted,0.5,1,1,GGATCATATATGTGTTTGGA,0,1842932
hyuA_predicted,0.5,1,1,GGATATTGGAAAGAATAAAT,0,1870342
hyuA_predicted,0.5,1,1,GGATATGGCGGTAAGGAACT,0,1853731
hyuA_predicted,0.5,1,1,GGATAGCGGATAAAATGTTT,0,1860743
hyuA_predicted,0.5,1,1,GGATAATATTTTTGATGTTA,0,1858215
hyuA_predicted,0.5,1,1,GGAGTTTGAATTCGCCTCAC,0,1855895
hyuA_predicted,0.5,1,1,GGAGTTTCGGACCAAATCAA,0,1829467
hyuA_predicted,0.5,1,1,GGAGTGGTGCGGTAGCATCG,0,1844528
hyuA_predicted,0.5,1,1,GGAGTGGTCTTTACCACGTC,0,1856136
hyuA_predicted,0.5,1,1,GGAGTGGGCTGTAAGTCTAC,0,1839179
hyuA_predicted,0.5,1,1,GGAGTAAACGCACAGGATCC,0,1869484
hyuA_predicted,0.5,1,1,GGAGGTCACTATAAGTAATA,0,1853234
hyuA_predicted,0.5,1,1,GGAGCCGTAACAATACAAGC,0,1865019
hyuA_predicted,0.5,1,1,GGAGCAGACGGGGGCTCTTA,0,1835759
hyuA_predicted,0.5,1,1,GGAGCACTAATATACCTGGC,0,1836856
hyuA_predicted,0.5,1,1,GGAGACGAGGGCACCTAAGC,0,1855663
hyuA_predicted,0.5,1,1,GGAGAATGGTGCCCATGCCG,0,1864775
hyuA_predicted,0.5,1,1,GGACTGGTCTTCTTGCAGCG,0,1850929
hyuA_predicted,0.5,1,1,GGACTATGCTTACATTAATT,0,1849345
hyuA_predicted,0.5,1,1,GGACGGGTGTGCCGAAAATT,0,1870410
hyuA_predicted,0.5,1,1,GGAATTTTTCGGTCCACCCA,0,1853855
hyuA_predicted,0.5,1,1,GGAATATCGAAGTGATCCCG,0,1869465
hyuA_predicted,0.5,1,1,GGAAGGAACTCTTTGTCATA,0,1853296
hyuA_predicted,0.5,1,1,GGAAGCCTTCAGCCCCCCCC,0,1849158
hyuA_predicted,0.5,1,1,GGAACGTAGATGAGCCGACG,0,1839591
hyuA_predicted,0.5,1,1,GGAACCTCCTCGGGACTGGT,0,1851918
hyuA_predicted,0.5,1,1,GGAAATTTTAGGACCTCAGC,0,1862035
hyuA_predicted,0.5,1,1,GCTTGTTAGCACCCGGACCA,0,1829903
hyuA_predicted,0.5,1,1,GCTTGCGGCTTACGAAATGC,0,1838236
hyuA_predicted,0.5,1,1,GCTTGAGTGACGACGCGTAG,0,1853655
hyuA_predicted,0.5,1,1,GCTTGAAGGAACGCGTGACT,0,1874738
hyuA_predicted,0.5,1,1,GCTTCTGTGTAAGGGACGGC,0,1839542
hyuA_predicted,0.5,1,1,GCTTCGGGAAAATTGCGGTA,0,1843337
hyuA_predicted,0.5,1,1,GCTTATATATTTCAGTCTGC,0,1865082
hyuA_predicted,0.5,1,1,GCTTACTTCACCCCCAAAAA,0,1844921
hyuA_predicted,0.5,1,1,GCTGTGCTATACTAGCATAT,0,1842097
hyuA_predicted,0.5,1,1,GCTGGAATGAAGTCCGAGCC,0,1843789
hyuA_predicted,0.5,1,1,GCTGAAAAATCTGTGCCACA,0,1847936
hyuA_predicted,0.5,1,1,GCTCTCCGGTTGCGAGTATA,0,1856536
hyuA_predicted,0.5,1,1,GCTCGGAACATCTGTCCAGT,0,1841479
hyuA_predicted,0.5,1,1,GCTCGCTCCTTGATGACTAT,0,1865796
hyuA_predicted,0.5,1,1,GCTCGCACATCCGTCTACGT,0,1845590
hyuA_predicted,0.5,1,1,GCTCCAGTGAACACTCTAGG,0,1876735
hyuA_predicted,0.5,1,1,GCTCATATCCTGAGTTGCGT,0,1843754
hyuA_predicted,0.5,1,1,GCTCAACTGCATATCGTCTA,0,1844681
hyuA_predicted,0.5,1,1,GCTATATTCATTTTTATTGA,0,1849921
hyuA_predicted,0.5,1,1,GCTAGGGTGCCTGGATCTTA,0,1866784
hyuA_predicted,0.5,1,1,GCTAGGGGTGGTAGCTATAT,0,1861609
hyuA_predicted,0.5,1,1,GCTACTGCGGACGGATCTTT,0,1831936
hyuA_predicted,0.5,1,1,GCTACCCTTCGAGTAGGCAG,0,1871137
hyuA_predicted,0.5,1,1,GCGTTTGTTGGATACTCATT,0,1840197
hyuA_predicted,0.5,1,1,GCGTTATACCTGCATAACGA,0,1853103
hyuA_predicted,0.5,1,1,GCGTTACGGAACCCATATAA,0,1860305
hyuA_predicted,0.5,1,1,GCGTGTGTCTATAGTACGTG,0,1850710
hyuA_predicted,0.5,1,1,GCGTGGGGCTCAACTATCGT,0,1873529
hyuA_predicted,0.5,1,1,GCGTGCAGTTGAGCGCTAGA,0,1864282
hyuA_predicted,0.5,1,1,GCGTGCACTCCACCAGGTGA,0,1864388
hyuA_predicted,0.5,1,1,GCGTCAGACACCCCACGCCC,0,1846348
hyuA_predicted,0.5,1,1,GCGGTGGTATTAGGACACAT,0,1857076
hyuA_predicted,0.5,1,1,GCGGTGACAGAGACTGATCG,0,1832453
hyuA_predicted,0.5,1,1,GCGGTCGGTCGGAATCCAGA,0,1842562
hyuA_predicted,0.5,1,1,GCGGTAGGCGGGGCCAACAG,0,1831457
hyuA_predicted,0.5,1,1,GCGGGTACAACCGCGTAATT,0,1855621
hyuA_predicted,0.5,1,1,GCGGGGTCGAAACTCGCGCA,0,1862734
hyuA_predicted,0.5,1,1,GCGGCGTTGGCTATCGGGGT,0,1843896
hyuA_predicted,0.5,1,1,GCGGATAGTTCGCAGCTCTT,0,1842327
hyuA_predicted,0.5,1,1,GCGCTGTTTTGTCAAGAGCA,0,1835352
hyuA_predicted,0.5,1,1,GCGCTCCTGCTGGACCCGGG,0,1867394
hyuA_predicted,0.5,1,1,GCGCGGAAGTCGTCGTCATT,0,1873460
hyuA_predicted,0.5,1,1,GCGCCTCAAGGTGCCGGCAA,0,1835296
hyuA_predicted,0.5,1,1,GCGCCCCCGCCTGCCCACTT,0,1840439
hyuA_predicted,0.5,1,1,GCGCATTCGCGTGTTGGAGA,0,1832627
hyuA_predicted,0.5,1,1,GCGCATAGACGCATGCGTTC,0,1838688
hyuA_predicted,0.5,1,1,GCGCACGCTCTCTTCTGAGG,0,1845399
hyuA_predicted,0.5,1,1,GCGAGGACGACAGCTCGTAG,0,1865645
hyuA_predicted,0.5,1,1,GCGAGCGTGGCACCGATACG,0,1840483
hyuA_predicted,0.5,1,1,GCCTTGAGGTATATTTACAG,0,1871411
hyuA_predicted,0.5,1,1,GCCTTAGACGGCTAGCGCAT,0,1869640
hyuA_predicted,0.5,1,1,GCCTGACGAGCTCGAATGTA,0,1837856
hyuA_predicted,0.5,1,1,GCCTCGTGCAGAAAGCTACT,0,1849948
hyuA_predicted,0.5,1,1,GCCTCGCAAAAAGGTCCCGT,0,1860914
hyuA_predicted,0.5,1,1,GCCTATTCTGTGGTGAACAA,0,1865510
hyuA_predicted,0.5,1,1,GCCTACTATATACAACCTTC,0,1869534
hyuA_predicted,0.5,1,1,GCCTACCGTTCATATGCCGT,0,1863274
hyuA_predicted,0.5,1,1,GCCGTGCCTGCACGAGGTGA,0,1836392
hyuA_predicted,0.5,1,1,GCCGTCCACAATATCCGGTG,0,1856401
hyuA_predicted,0.5,1,1,GCCGTACAATTCATACACAA,0,1867006
hyuA_predicted,0.5,1,1,GCCGGGTATTGACCTTTCGG,0,1834290
hyuA_predicted,0.5,1,1,GCCGGCTTCTTGTTGGGACA,0,1837613
hyuA_predicted,0.5,1,1,GCCGCGTCTAATTATGCCGA,0,1856543
hyuA_predicted,0.5,1,1,GCCGCAAGCATCTTCCTCTC,0,1851702
hyuA_predicted,0.5,1,1,GCCGATCCTGGTTTCAATCC,0,1863430
hyuA_predicted,0.5,1,1,GCCGAAATGCGGCCGTATTT,0,1850765
hyuA_predicted,0.5,1,1,GCCCTACAGGTTCCCGACCT,0,1829591
hyuA_predicted,0.5,1,1,GCCCGTGATTGCTCGCAAAC,0,1833652
hyuA_predicted,0.5,1,1,GCCCCTCTTGACTCTCAGAG,0,1857097
hyuA_predicted,0.5,1,1,GCCATTCTGCATAATCACAC,0,1830075
hyuA_predicted,0.5,1,1,GCCATGGTAAGCGGGGTGAA,0,1877580
hyuA_predicted,0.5,1,1,GCCAGACCGCATAAGAGTAT,0,1831178
hyuA_predicted,0.5,1,1,GCCACTAAATTACACGTCAA,0,1870805
hyuA_predicted,0.5,1,1,GCATTGACATAAGGAAAATG,0,1851723
hyuA_predicted,0.5,1,1,GCATGTGTCTAAATAGCAGT,0,1840669
hyuA_predicted,0.5,1,1,GCATGGGATTGGGTATCGTG,0,1874314
hyuA_predicted,0.5,1,1,GCATCAAGCTCCCGCGGGAG,0,1859771
hyuA_predicted,0.5,1,1,GCATATTCTTCCCGTATCGG,0,1869900
hyuA_predicted,0.5,1,1,GCAGGCTCGCCGGTGGCGTT,0,1873307
hyuA_predicted,0.5,1,1,GCAGCGTGCGGGTCAGGTTC,0,1851010
hyuA_predicted,0.5,1,1,GCAGCCATATCTCGTTTACA,0,1869859
hyuA_predicted,0.5,1,1,GCAGAAGTTTTTGAGGTTAC,0,1829447
hyuA_predicted,0.5,1,1,GCACTTCACTCCGGTGAAGT,0,1835758
hyuA_predicted,0.5,1,1,GCACTCGTTCTGGACGTAAA,0,1855400
hyuA_predicted,0.5,1,1,GCACTACTTCAGAAGTGCTC,0,1859320
hyuA_predicted,0.5,1,1,GCACGTATCTCGGGTGCCAC,0,1864505
hyuA_predicted,0.5,1,1,GCACGGGGGACTACTAGACG,0,1832485
hyuA_predicted,0.5,1,1,GCACCCGATACTGAGTACCA,0,1859272
hyuA_predicted,0.5,1,1,GCACATTCCCCACGGATAAA,0,1841604
hyuA_predicted,0.5,1,1,GCACAGTGTCCCGATTCTAT,0,1846905
hyuA_predicted,0.5,1,1,GCACAGTGTAGGCTATGGTT,0,1848391
hyuA_predicted,0.5,1,1,GCACAGGGTTGACCTTAGCA,0,1877167
hyuA_predicted,0.5,1,1,GCACACCGATCCCGATAAGG,0,1867069
hyuA_predicted,0.5,1,1,GCACACAACGGCTTTATGAA,0,1833949
hyuA_predicted,0.5,1,1,GCACAACGCTACAAACAGGA,0,1873314
hyuA_predicted,0.5,1,1,GCAATTGCCTCAGAAAGCGT,0,1860711
hyuA_predicted,0.5,1,1,GCAATGTCGTGTGGAGAATG,0,1850180
hyuA_predicted,0.5,1,1,GCAATGTAGGTGATCAAGTT,0,1852999
hyuA_predicted,0.5,1,1,GCAATACAAGTTTAGATAGG,0,1838856
hyuA_predicted,0.5,1,1,GCAAGTACCAGCCGCCGATC,0,1840438
hyuA_predicted,0.5,1,1,GCAAGACTGGCGGCCCCAGG,0,1872809
hyuA_predicted,0.5,1,1,GCAAAGCAGCGCCTCTGGGA,0,1872545
hyuA_predicted,0.5,1,1,GATTTGAGCCACGTAACCGC,0,1877555
hyuA_predicted,0.5,1,1,GATTTCCTTGTTTGGGCCTT,0,1842247
hyuA_predicted,0.5,1,1,GATTGCCGTGCACTAAAATG,0,1874740
hyuA_predicted,0.5,1,1,GATTCTTGACTGATGGGTTT,0,1855460
hyuA_predicted,0.5,1,1,GATTCTAAACGCAGGGTTTC,0,1866176
hyuA_predicted,0.5,1,1,GATTAAGTTAGCCAGATAAA,0,1866036
hyuA_predicted,0.5,1,1,GATGTCTAGTGTTGCGGTGA,0,1839644
hyuA_predicted,0.5,1,1,GATGGGTCAAGGCGACTAAA,0,1836498
hyuA_predicted,0.5,1,1,GATGGCGGCGGCACCGACAC,0,1839852
hyuA_predicted,0.5,1,1,GATGCGTTTAACTAACCGGG,0,1877521
hyuA_predicted,0.5,1,1,GATGAGTTCGACTTCCGGAT,0,1859157
hyuA_predicted,0.5,1,1,GATGAGGGCCGGCAATTTAG,0,1843995
hyuA_predicted,0.5,1,1,GATGAAGCGGTATGTCATTA,0,1864027
hyuA_predicted,0.5,1,1,GATCTTGTTCTAATGATGGC,0,1830742
hyuA_predicted,0.5,1,1,GATCTTCAGGAAAATACATT,0,1842768
hyuA_predicted,0.5,1,1,GATCTCTCCTCAAGTAAAAG,0,1841951
hyuA_predicted,0.5,1,1,GATCGGTTTTCCCTTGGAAA,0,1845416
hyuA_predicted,0.5,1,1,GATCGGTGGACCTACAACCA,0,1833020
hyuA_predicted,0.5,1,1,GATCCGCAGGGCTTGCGCAA,0,1859665
hyuA_predicted,0.5,1,1,GATCATTGGGAAAGAGAGTG,0,1848617
hyuA_predicted,0.5,1,1,GATCATTGGCCTGGGTAAAT,0,1832702
hyuA_predicted,0.5,1,1,GATCACGCGCCGACTCATCG,0,1842844
hyuA_predicted,0.5,1,1,GATATGGTGCCCTCGCAGCA,0,1873689
hyuA_predicted,0.5,1,1,GATATAATAGATATTAAGAA,0,1830320
hyuA_predicted,0.5,1,1,GATAGTCACTGGCCGTTCAT,0,1862665
hyuA_predicted,0.5,1,1,GATACGAGTCCACTAAGCGA,0,1865122
hyuA_predicted,0.5,1,1,GATAAGTTGGCGCGTAGTGC,0,1876452
hyuA_predicted,0.5,1,1,GAGTTGCGCGCGGGGGGTTC,0,1849318
hyuA_predicted,0.5,1,1,GAGTGGTGATACCGGGCCAA,0,1837704
hyuA_predicted,0.5,1,1,GAGTCATATTGAATTATAAG,0,1867122
hyuA_predicted,0.5,1,1,GAGTAGGCGGAGGTCGAAAC,0,1849327
hyuA_predicted,0.5,1,1,GAGTACACATAAAAGCGAGC,0,1868457
hyuA_predicted,0.5,1,1,GAGGGGGAACGGACAGGGGG,0,1842849
hyuA_predicted,0.5,1,1,GAGGAGTGAGTTGAACGTAG,0,1835385
hyuA_predicted,0.5,1,1,GAGGACGCGGTCATCTGGGA,0,1877044
hyuA_predicted,0.5,1,1,GAGCTGTAAGGGGGTGACTC,0,1872317
hyuA_predicted,0.5,1,1,GAGCGTATCCACGAACATCG,0,1846635
hyuA_predicted,0.5,1,1,GAGCGCGGTGAGTCTCTAGG,0,1874913
hyuA_predicted,0.5,1,1,GAGCCGAGACGGTACAGAAA,0,1877533
hyuA_predicted,0.5,1,1,GAGACGCGTAGACACGGGTC,0,1876254
hyuA_predicted,0.5,1,1,GAGACCGAACCCAGAGGTTA,0,1876005
hyuA_predicted,0.5,1,1,GACTGGACCGTCTTGTTGAT,0,1832482
hyuA_predicted,0.5,1,1,GACTATTTGATGGCAATTGG,0,1864827
hyuA_predicted,0.5,1,1,GACGCTGGGATCTACACATA,0,1852697
hyuA_predicted,0.5,1,1,GACGCCGTATATGCTTTTGG,0,1835526
hyuA_predicted,0.5,1,1,GACGCCCGGGGACTCCCAGG,0,1834067
hyuA_predicted,0.5,1,1,GACGATGTTCATCGGTGAGC,0,1831085
hyuA_predicted,0.5,1,1,GACCTATATCTCTGTGGGGG,0,1830941
hyuA_predicted,0.5,1,1,GACCGAACCTCTTTCGGATG,0,1831696
hyuA_predicted,0.5,1,1,GACCCTTTGTAAGTTCATCT,0,1830564
hyuA_predicted,0.5,1,1,GACCATGCAGGTTTGGCCTG,0,1841347
hyuA_predicted,0.5,1,1,GACAGACCTGATGGCGCGCA,0,1865485
hyuA_predicted,0.5,1,1,GACACGAAGCAGACACCACG,0,1858172
hyuA_predicted,0.5,1,1,GACACATGCAACTATCTGAA,0,1849862
hyuA_predicted,0.5,1,1,GACACACTTCAACCGGTGGT,0,1877069
hyuA_predicted,0.5,1,1,GACAACCGCGTAGAACGAGC,0,1830709
hyuA_predicted,0.5,1,1,GAATTTAGTCGCATGTTACG,0,1839779
hyuA_predicted,0.5,1,1,GAATTCCAGGGTTGGAGAAG,0,1848844
hyuA_predicted,0.5,1,1,GAATCCTTACATGTCGATCC,0,1863749
hyuA_predicted,0.5,1,1,GAATAGGATGGGGAAGCTAA,0,1846561
hyuA_predicted,0.5,1,1,GAAGGTCTTTTCTACTTGAG,0,1877265
hyuA_predicted,0.5,1,1,GAAGAACATGACGCCTTACT,0,1831551
hyuA_predicted,0.5,1,1,GAACTTGCAGTTTGCCTAAC,0,1841192
hyuA_predicted,0.5,1,1,GAACTCCCCGCGGAGTACGA,0,1876624
hyuA_predicted,0.5,1,1,GAACTCCAGGGCCTAAAAGT,0,1847433
hyuA_predicted,0.5,1,1,GAACCTTGAGGGGTGAGCGC,0,1835221
hyuA_predicted,0.5,1,1,GAACCGGCCACGGTTAAGAA,0,1868108
hyuA_predicted,0.5,1,1,GAACACAGCCGGAGACAGGA,0,1866204
hyuA_predicted,0.5,1,1,GAAATCATAGTTCTCCCTCA,0,1856028
hyuA_predicted,0.5,1,1,GAAACGAGCCACAGCTTTTG,0,1865419
hyuA_predicted,0.5,1,1,GAAAACATTTTACGTTTCCT,0,1852473
hyuA_predicted,0.5,1,1,GAAAACATCGGAGCCGATAC,0,1843415
hyuA_predicted,0.5,1,1,CTTTGGTTCTCTACGCAGGA,0,1860450
hyuA_predicted,0.5,1,1,CTTTCTCTCGAGCTCCAGTG,0,1846806
hyuA_predicted,0.5,1,1,CTTTCTAAGGTGTTATTCCA,0,1860916
hyuA_predicted,0.5,1,1,CTTTCGGCAGGGTAGCGATA,0,1857354
hyuA_predicted,0.5,1,1,CTTTCAGTAATTCCTTGCGT,0,1860853
hyuA_predicted,0.5,1,1,CTTGTATCCCAGGGCTCCAC,0,1829147
hyuA_predicted,0.5,1,1,CTTGTACATGTTTCAATTCT,0,1857581
hyuA_predicted,0.5,1,1,CTTGGAAGACTTAGAAGCGA,0,1844541
hyuA_predicted,0.5,1,1,CTTGCCCCGGACGCCATCAA,0,1858994
hyuA_predicted,0.5,1,1,CTTCTTTTTACAGGTGCAAC,0,1860701
hyuA_predicted,0.5,1,1,CTTCTGATGCTACAGGCACG,0,1873102
hyuA_predicted,0.5,1,1,CTTCGTGCCCATGGCTGGTC,0,1876090
hyuA_predicted,0.5,1,1,CTTCGCCTACATTGGACCTG,0,1858006
hyuA_predicted,0.5,1,1,CTTCCATACCGCCCATTAAC,0,1832634
hyuA_predicted,0.5,1,1,CTTCAAATGCCACGTTAACT,0,1838156
hyuA_predicted,0.5,1,1,CTTATCATGGCGACGCCAAG,0,1836651
hyuA_predicted,0.5,1,1,CTTAGCTTGTGGGATCTCGT,0,1876444
hyuA_predicted,0.5,1,1,CTTAAGTGATACGCCCTCTG,0,1874117
hyuA_predicted,0.5,1,1,CTTAAGAAGGTGGTGCGCAG,0,1859816
hyuA_predicted,0.5,1,1,CTTAACTCATAGGTGGAAAA,0,1859587
hyuA_predicted,0.5,1,1,CTGTTGCGGCGTATAAGTTC,0,1840104
hyuA_predicted,0.5,1,1,CTGTGCTCAGCGCACAGCGC,0,1836804
hyuA_predicted,0.5,1,1,CTGTGCACGCGAAAAGTTTC,0,1855127
hyuA_predicted,0.5,1,1,CTGTCGCCAATATACACCGA,0,1863657
hyuA_predicted,0.5,1,1,CTGTCCAGGTCTGGTAGCTT,0,1862540
hyuA_predicted,0.5,1,1,CTGGTAACGTCCGCGTCCGA,0,1865088
hyuA_predicted,0.5,1,1,CTGGGGGCTATAATTTGACT,0,1859506
hyuA_predicted,0.5,1,1,CTGGATACTGATTAAGTATT,0,1860397
hyuA_predicted,0.5,1,1,CTGCTACCTCTGACGCGCAG,0,1831716
hyuA_predicted,0.5,1,1,CTGCCCAGTATTGTAATCAG,0,1853536
hyuA_predicted,0.5,1,1,CTGCCATCGACCTTGTGTAC,0,1846470
hyuA_predicted,0.5,1,1,CTGCACCCTCATTACGTCCT,0,1836919
hyuA_predicted,0.5,1,1,CTGATTGTAAAACCAGTTAT,0,1840096
hyuA_predicted,0.5,1,1,CTGATTCCCAGGCTTTCGAT,0,1845210
hyuA_predicted,0.5,1,1,CTGATGCGACAAATTTTACG,0,1864800
hyuA_predicted,0.5,1,1,CTGAGCTTCAGCGCTTGGTT,0,1850447
hyuA_predicted,0.5,1,1,CTGACTCTTGTTGTAGTGAC,0,1869523
hyuA_predicted,0.5,1,1,CTGACAGGTTCAGAATATTC,0,1870432
hyuA_predicted,0.5,1,1,CTGAAGAATTAGCTTGGAGG,0,1871116
hyuA_predicted,0.5,1,1,CTGAAAGCCGACTAGGGCTT,0,1872513
hyuA_predicted,0.5,1,1,CTCTTGCGGGACACACCCTA,0,1850970
hyuA_predicted,0.5,1,1,CTCTATTAGATAGCTTCTAT,0,1851703
hyuA_predicted,0.5,1,1,CTCTAGAGCGGGGACAAATC,0,1866607
hyuA_predicted,0.5,1,1,CTCTACATGTCACCATCCAA,0,1873281
hyuA_predicted,0.5,1,1,CTCGTCGCAGGAAACTGAAT,0,1857370
hyuA_predicted,0.5,1,1,CTCGGTTCCTGTACCTTTAT,0,1861251
hyuA_predicted,0.5,1,1,CTCGGCACAAGCCATCTCCG,0,1870581
hyuA_predicted,0.5,1,1,CTCGCAATTATTGCTGTAGC,0,1844491
hyuA_predicted,0.5,1,1,CTCCGTCTGCAGAGGTCAGG,0,1870102
hyuA_predicted,0.5,1,1,CTCCGGCGGGAGATCGACCG,0,1853503
hyuA_predicted,0.5,1,1,CTCCGGACTGTTGCCCACCA,0,1834537
hyuA_predicted,0.5,1,1,CTCCCGGGCACTGTTAGGGC,0,1870825
hyuA_predicted,0.5,1,1,CTCCATCGTTAAAAAGGTCG,0,1845032
hyuA_predicted,0.5,1,1,CTCCAGACACCGAACGGCGC,0,1836084
hyuA_predicted,0.5,1,1,CTCCAAGCCTTCTGCTAGCT,0,1871989
hyuA_predicted,0.5,1,1,CTCATTACGCGAGTTGCCAC,0,1849633
hyuA_predicted,0.5,1,1,CTCAGTTATGGGGTTGCCAC,0,1850172
hyuA_predicted,0.5,1,1,CTCACGACAAAGTGTTATGT,0,1852324
hyuA_predicted,0.5,1,1,CTCAACCCGATCAATGGCGC,0,1831937
hyuA_predicted,0.5,1,1,CTATTTGTTTGCCGCTTAAT,0,1856567
hyuA_predicted,0.5,1,1,CTATGAGAACTTAATCGACG,0,1830376
hyuA_predicted,0.5,1,1,CTATCGTGGTACGACAGTGA,0,1832060
hyuA_predicted,0.5,1,1,CTATCGCGCTGGGCGCATAC,0,1868130
hyuA_predicted,0.5,1,1,CTATCGCAGCCGATCGCTCG,0,1840771
hyuA_predicted,0.5,1,1,CTATAGCCCCACCCAGAAGG,0,1832043
hyuA_predicted,0.5,1,1,CTATACGTCACCTCGGGTAA,0,1861915
hyuA_predicted,0.5,1,1,CTATACCGAACACTCTTTGA,0,1835154
hyuA_predicted,0.5,1,1,CTATACAGTTGTCGGGCCAT,0,1864381
hyuA_predicted,0.5,1,1,CTATAATGAATTCTGTCGAA,0,1831741
hyuA_predicted,0.5,1,1,CTAGGTACTTCATTATAGAC,0,1868698
hyuA_predicted,0.5,1,1,CTAGGTAATGTCTCGTGGGT,0,1832746
hyuA_predicted,0.5,1,1,CTAGGCTTACGAGGATACTT,0,1862474
hyuA_predicted,0.5,1,1,CTAGGCATCGGGGTTGCGAG,0,1833026
hyuA_predicted,0.5,1,1,CTAGATTTCGTGTATTTGCA,0,1859149
hyuA_predicted,0.5,1,1,CTAGAGGCAAGGAACATGGC,0,1832019
hyuA_predicted,0.5,1,1,CTAGAACTTATAAATCTTCC,0,1840902
hyuA_predicted,0.5,1,1,CTACTAAAGGCGCCGAATGA,0,1832852
hyuA_predicted,0.5,1,1,CTACGCGACTCGTATCCGTC,0,1867999
hyuA_predicted,0.5,1,1,CTACCGACTGCCCATTGACG,0,1842418
hyuA_predicted,0.5,1,1,CTAAGTACATGTATAGAAAT,0,1867096
hyuA_predicted,0.5,1,1,CTAAGGCGGTTGAGGTGTCA,0,1866597
hyuA_predicted,0.5,1,1,CTAAATGCATCAAAATGCGG,0,1866221
hyuA_predicted,0.5,1,1,CGTTTTTGCACGATCTGACA,0,1832067
hyuA_predicted,0.5,1,1,CGTTTGGAAGGGCGTAGGCG,0,1835128
hyuA_predicted,0.5,1,1,CGTTTAAGAGTGTGGTAGTG,0,1873913
hyuA_predicted,0.5,1,1,CGTTCGTAGAACGTTAGGCA,0,1859154
hyuA_predicted,0.5,1,1,CGTTCGACCAGCCCTTTCCC,0,1847072
hyuA_predicted,0.5,1,1,CGTTCCCGCAAACGGCGGTT,0,1854239
hyuA_predicted,0.5,1,1,CGTTAGGGCTATCGGCAGCT,0,1862102
hyuA_predicted,0.5,1,1,CGTGTGAGTAATAAACATTT,0,1845439
hyuA_predicted,0.5,1,1,CGTGCATCAGGGGTGGGAGA,0,1874152
hyuA_predicted,0.5,1,1,CGTGCAGTAGTTTCCTCAAC,0,1864149
hyuA_predicted,0.5,1,1,CGTGCACTTCAGTCAATTGC,0,1845276
hyuA_predicted,0.5,1,1,CGTGCACACTCCGTTCGAAG,0,1863603
hyuA_predicted,0.5,1,1,CGTGATTAATATGAGCCGAA,0,1834436
hyuA_predicted,0.5,1,1,CGTCTTTTTAGAAAAATTCT,0,1870150
hyuA_predicted,0.5,1,1,CGTCTTATGAGTCCACGCAA,0,1877114
hyuA_predicted,0.5,1,1,CGTCTGACAGGAACGAGCAA,0,1855662
hyuA_predicted,0.5,1,1,CGTCTCTCAATCGCGTCAGA,0,1873680
hyuA_predicted,0.5,1,1,CGTCTCTACCTAAGAACATC,0,1873087
hyuA_predicted,0.5,1,1,CGTCTATCACTGACGGCCCA,0,1839142
hyuA_predicted,0.5,1,1,CGTCGGCGGAAGAGTGAAAG,0,1875533
hyuA_predicted,0.5,1,1,CGTCGAGGCTGCCCTCGCCT,0,1839706
hyuA_predicted,0.5,1,1,CGTCCTCCCGTGACGGGACG,0,1847099
hyuA_predicted,0.5,1,1,CGTCCCTAAGACTTTTCTCC,0,1830289
hyuA_predicted,0.5,1,1,CGTCCCCGCTGTTGAAGCAC,0,1866310
hyuA_predicted,0.5,1,1,CGTCCATAGCCCCTACCATG,0,1834393
hyuA_predicted,0.5,1,1,CGTCATCGTTTAAGTGTTTT,0,1854388
hyuA_predicted,0.5,1,1,CGTCACCGGACCAGTAGGCG,0,1862840
hyuA_predicted,0.5,1,1,CGTATGTCTATTCTAATGGA,0,1844385
hyuA_predicted,0.5,1,1,CGTATACATCTCTTAGTAAT,0,1828851
hyuA_predicted,0.5,1,1,CGTAGGAGGACCTAGGGTCT,0,1857161
hyuA_predicted,0.5,1,1,CGTAAGCACATCTGACAAGG,0,1865572
hyuA_predicted,0.5,1,1,CGGTTTAATCATGAATGAGG,0,1860099
hyuA_predicted,0.5,1,1,CGGTTGAAGGGCACGTACGT,0,1853765
hyuA_predicted,0.5,1,1,CGGTTAGTAATATAAGGCGT,0,1834942
hyuA_predicted,0.5,1,1,CGGTGCTCTGCAGTCATTCG,0,1863257
hyuA_predicted,0.5,1,1,CGGTGACGACGACAGCAAGA,0,1876369
hyuA_predicted,0.5,1,1,CGGTAACGCACTTGGCTGCA,0,1871658
hyuA_predicted,0.5,1,1,CGGGTTTCGTATGTAAGGCG,0,1848551
hyuA_predicted,0.5,1,1,CGGGGTCCAACGCCAAAGGA,0,1850364
hyuA_predicted,0.5,1,1,CGGGGGCCAGACCGGCGCGA,0,1869915
hyuA_predicted,0.5,1,1,CGGGGCCAGTCAAATTGGTG,0,1838438
hyuA_predicted,0.5,1,1,CGGGCTCACATACAGAGCTT,0,1860194
hyuA_predicted,0.5,1,1,CGGGCGTTTGGCGCGCCATC,0,1837366
hyuA_predicted,0.5,1,1,CGGGCGGTGGGCTCGTTCAA,0,1864840
hyuA_predicted,0.5,1,1,CGGGCCGGGCGTGATTTAAT,0,1848680
hyuA_predicted,0.5,1,1,CGGGCATGCCAAACCAACTT,0,1834357
hyuA_predicted,0.5,1,1,CGGGCAGCCTAGCCACGTTC,0,1874438
hyuA_predicted,0.5,1,1,CGGGATAGCTGATGTGTTTT,0,1849033
hyuA_predicted,0.5,1,1,CGGGAGCTAAGTGTGCTATA,0,1829135
hyuA_predicted,0.5,1,1,CGGGAAGTAGAGCGAGGCGT,0,1876767
hyuA_predicted,0.5,1,1,CGGCTTTTTCCACCAGCCAC,0,1844684
hyuA_predicted,0.5,1,1,CGGCTGTGAATCGCCAGTTA,0,1873588
hyuA_predicted,0.5,1,1,CGGCTGACGCATGCTCATGT,0,1834579
hyuA_predicted,0.5,1,1,CGGCTCGGGCCTAGATTCTT,0,1836781
hyuA_predicted,0.5,1,1,CGGCTCATTTCTCATTATCT,0,1835222
hyuA_predicted,0.5,1,1,CGGCTACCTTATAATATGGA,0,1848539
hyuA_predicted,0.5,1,1,CGGCGTATTCCTCGGACTGG,0,1870099
hyuA_predicted,0.5,1,1,CGGCCCTTGGATGCTCTTGT,0,1848138
hyuA_predicted,0.5,1,1,CGGCCAGACGTCTGCACATA,0,1829624
hyuA_predicted,0.5,1,1,CGGCCAAAATAGTCTTTTTT,0,1841040
hyuA_predicted,0.5,1,1,CGGATCCTTAGTTATATTCT,0,1856093
hyuA_predicted,0.5,1,1,CGGATAGGCTATGGATGGTA,0,1862178
hyuA_predicted,0.5,1,1,CGGAGAGAGGTTCAGCCGGG,0,1846435
hyuA_predicted,0.5,1,1,CGGACGCCTGTCATCTTTCG,0,1865660
hyuA_predicted,0.5,1,1,CGGACACGAGTCACAACTGA,0,1837114
hyuA_predicted,0.5,1,1,CGGACACAGGCACAAGGGCG,0,1856420
hyuA_predicted,0.5,1,1,CGGACAACATATTAGGGACC,0,1853567
hyuA_predicted,0.5,1,1,CGGAACATATAATACCTCAT,0,1872911
hyuA_predicted,0.5,1,1,CGCTTTGCGTCATGCACAAG,0,1875187
hyuA_predicted,0.5,1,1,CGCTGTCCAAGATTACAACT,0,1836245
hyuA_predicted,0.5,1,1,CGCTGTACTGTCTTAAAAAT,0,1829662
hyuA_predicted,0.5,1,1,CGCTCATTTTACTACGAAAG,0,1862410
hyuA_predicted,0.5,1,1,CGCTCAGTGTGCTCGGCCTC,0,1833411
hyuA_predicted,0.5,1,1,CGCTATTAGAGGATAGTCTC,0,1865664
hyuA_predicted,0.5,1,1,CGCTAGAGTTCTCTTCAGGC,0,1846012
hyuA_predicted,0.5,1,1,CGCTACCGAGGTTAGTAGGC,0,1852733
hyuA_predicted,0.5,1,1,CGCTAACTTGCACGTTCAAG,0,1875155
hyuA_predicted,0.5,1,1,CGCGTAGAAGAACCACAGCT,0,1839918
hyuA_predicted,0.5,1,1,CGCGGGCTCAAAGTCGCATG,0,1855008
hyuA_predicted,0.5,1,1,CGCGGGAATGCTCTAAACAG,0,1849156
hyuA_predicted,0.5,1,1,CGCGGCACCACTCGTATCCA,0,1856243
hyuA_predicted,0.5,1,1,CGCGGACCGTAGCGGTGATG,0,1853930
hyuA_predicted,0.5,1,1,CGCGCATCCACAGTTACTCT,0,1868954
hyuA_predicted,0.5,1,1,CGCGAGCTTATTGTGTATTG,0,1870948
hyuA_predicted,0.5,1,1,CGCGAGCGCTGCATTCGCGA,0,1864364
hyuA_predicted,0.5,1,1,CGCCTACACGTTGCGTGCAT,0,1860927
hyuA_predicted,0.5,1,1,CGCCGTCACTGCAGTAAGGG,0,1852402
hyuA_predicted,0.5,1,1,CGCCGGTGCCCAGTGTTGAT,0,1864405
hyuA_predicted,0.5,1,1,CGCCCTTGTAAGCGAGAATG,0,1841531
hyuA_predicted,0.5,1,1,CGCCCGTACAGAGACAGACC,0,1837492
hyuA_predicted,0.5,1,1,CGCCCGCTGGACGTGCATAT,0,1838895
hyuA_predicted,0.5,1,1,CGCCCCTGGACTGCTAGAGG,0,1839847
hyuA_predicted,0.5,1,1,CGCATTGGCAACTCCGGGCT,0,1839043
hyuA_predicted,0.5,1,1,CGCATGGGGCGCTGATTTAT,0,1875082
hyuA_predicted,0.5,1,1,CGCATAACTATATAGGGTGT,0,1832938
hyuA_predicted,0.5,1,1,CGCAGTACCATCCGAACCAT,0,1876133
hyuA_predicted,0.5,1,1,CGCAGGTTTGGTGCTACCTG,0,1847626
hyuA_predicted,0.5,1,1,CGCACCGCCATTCACCTGAT,0,1849365
hyuA_predicted,0.5,1,1,CGCAAGGTGATACGGAGGGT,0,1871530
hyuA_predicted,0.5,1,1,CGATGGAGCGTAGATGGTCG,0,1832303
hyuA_predicted,0.5,1,1,CGATGCTACCAACTTAGGCT,0,1830395
hyuA_predicted,0.5,1,1,CGATGACCACACTATCCGAA,0,1872821
hyuA_predicted,0.5,1,1,CGATCTAATGGGATTATTTG,0,1871970
hyuA_predicted,0.5,1,1,CGATCGGGGCAAAAGGCCCA,0,1860480
hyuA_predicted,0.5,1,1,CGATCGAAAGCCATTCAATA,0,1877062
hyuA_predicted,0.5,1,1,CGAGGCCTTTCGCAACCCAG,0,1831419
hyuA_predicted,0.5,1,1,CGAGGCCGACTAGGCCTTAC,0,1871968
hyuA_predicted,0.5,1,1,CGAGGCAGCGTAGGTGAGAG,0,1849821
hyuA_predicted,0.5,1,1,CGAGGAGAGACCGCTGGGAC,0,1837568
hyuA_predicted,0.5,1,1,CGAGCACTATCTCTCACTTA,0,1832911
hyuA_predicted,0.5,1,1,CGACTGGGCGGCGCCAACGT,0,1834274
hyuA_predicted,0.5,1,1,CGACCGCAGCACCCAAAGCT,0,1870625
hyuA_predicted,0.5,1,1,CGACCGAGATAACTTAATCG,0,1858042
hyuA_predicted,0.5,1,1,CGACATTGGACATTATTGCT,0,1858581
hyuA_predicted,0.5,1,1,CGACAGCCGGAACGATTGTA,0,1861565
hyuA_predicted,0.5,1,1,CGACACGGTTTCAAACCTTC,0,1869868
hyuA_predicted,0.5,1,1,CGAAAGGCAGAAACTACATA,0,1850933
hyuA_predicted,0.5,1,1,CGAAAAATCCTTTACGGTGT,0,1859578
hyuA_predicted,0.5,1,1,CCTTTTGTCTACACAAAGTG,0,1840127
hyuA_predicted,0.5,1,1,CCTTTGGTTTGTCTAAGGTA,0,1850724
hyuA_predicted,0.5,1,1,CCTTGTCGCGGCTAAAGCTA,0,1853044
hyuA_predicted,0.5,1,1,CCTTGGTCAACACACATCGA,0,1838995
hyuA_predicted,0.5,1,1,CCTTGGAAATAATGGCGGAA,0,1877820
hyuA_predicted,0.5,1,1,CCTTCGTAGAGCCGACGAGG,0,1843260
hyuA_predicted,0.5,1,1,CCTTCATAAACCAGACCGCG,0,1868298
hyuA_predicted,0.5,1,1,CCTGTCATTGTGTTTGATGT,0,1849677
hyuA_predicted,0.5,1,1,CCTGCCAAAAAACGAGCATC,0,1865954
hyuA_predicted,0.5,1,1,CCTCTTACAACACACCCTGT,0,1868201
hyuA_predicted,0.5,1,1,CCTCTCATTCGGAACTCCAC,0,1864884
hyuA_predicted,0.5,1,1,CCTCTAGTGAGCATTCGCAG,0,1865307
hyuA_predicted,0.5,1,1,CCTCGCTTGCCGAGTGATTT,0,1877577
hyuA_predicted,0.5,1,1,CCTCGCGCGCATCGATTTGG,0,1859629
hyuA_predicted,0.5,1,1,CCTCGCCGTATCCAATGGCT,0,1847023
hyuA_predicted,0.5,1,1,CCTCGACGGCAACGGATAAC,0,1833169
hyuA_predicted,0.5,1,1,CCTCCTCCGTCCGTACTTCG,0,1830414
hyuA_predicted,0.5,1,1,CCTCCCATCTATCTAGGATA,0,1858770
hyuA_predicted,0.5,1,1,CCTCAGCTACATGCCAAATT,0,1854612
hyuA_predicted,0.5,1,1,CCTCACCCTTGAGATACTTG,0,1876305
hyuA_predicted,0.5,1,1,CCTATGGCGGTATGATAAGA,0,1875561
hyuA_predicted,0.5,1,1,CCTATGACCGCTTGCTCGGT,0,1854051
hyuA_predicted,0.5,1,1,CCTATCTTTTGAGTCATCGC,0,1873622
hyuA_predicted,0.5,1,1,CCTATCGAGGATGGCTTCGT,0,1857244
hyuA_predicted,0.5,1,1,CCTACAGGGCTTCTCCCCGT,0,1861033
hyuA_predicted,0.5,1,1,CCTAAGTCGGCCGGTGCGGA,0,1842065
hyuA_predicted,0.5,1,1,CCTAAGCCATCGAGAACCGT,0,1868400
hyuA_predicted,0.5,1,1,CCGTTATGTTGTCAACGAAC,0,1869652
hyuA_predicted,0.5,1,1,CCGTGTTTGGGGCCGGGCTA,0,1839914
hyuA_predicted,0.5,1,1,CCGTGTGCGCCATGGTGGCC,0,1839944
hyuA_predicted,0.5,1,1,CCGTCTTATCATCGGGAAGC,0,1848989
hyuA_predicted,0.5,1,1,CCGGGGAGAATCAAGCGCTT,0,1850173
hyuA_predicted,0.5,1,1,CCGGGCCGTGGCCCACATGC,0,1831995
hyuA_predicted,0.5,1,1,CCGGGACGCGCTACTTCCAC,0,1865509
hyuA_predicted,0.5,1,1,CCGGGAAAAGCGAGTAACGG,0,1830828
hyuA_predicted,0.5,1,1,CCGGCTCACAAATCAGGACT,0,1876820
hyuA_predicted,0.5,1,1,CCGGCGGGATGGTCGAACAC,0,1848033
hyuA_predicted,0.5,1,1,CCGGCAGTAACCTAGTGTAG,0,1842570
hyuA_predicted,0.5,1,1,CCGCTCCTCAGTAGAGGGCT,0,1863215
hyuA_predicted,0.5,1,1,CCGCTATTATCAACTGCGCT,0,1866356
hyuA_predicted,0.5,1,1,CCGCGTTGATGCTTTCACCT,0,1839967
hyuA_predicted,0.5,1,1,CCGCGGCGCGAGTCTCGGCA,0,1840784
hyuA_predicted,0.5,1,1,CCGCGCCGGCATGTTGCCAT,0,1862602
hyuA_predicted,0.5,1,1,CCGCGCACTGTCACGAAGAA,0,1854583
hyuA_predicted,0.5,1,1,CCGCCCGGCAGCGTTCAGCG,0,1830689
hyuA_predicted,0.5,1,1,CCGCATTGAGGCGACTGCTC,0,1853890
hyuA_predicted,0.5,1,1,CCGCAGTAATATCCCCATAT,0,1836704
hyuA_predicted,0.5,1,1,CCGCAGGTAGCCATATCTGC,0,1872528
hyuA_predicted,0.5,1,1,CCGATGTTGTCCTTGTTCCA,0,1850437
hyuA_predicted,0.5,1,1,CCGATGGCGACATAGGTATA,0,1831850
hyuA_predicted,0.5,1,1,CCGAGTAAGCCCCGATGACA,0,1839262
hyuA_predicted,0.5,1,1,CCGAGCGTTTCGGTGGGAGA,0,1856258
hyuA_predicted,0.5,1,1,CCGACTAAGCAACCTCGGAG,0,1832777
hyuA_predicted,0.5,1,1,CCGACGGCACGTTCAGGGGA,0,1831026
hyuA_predicted,0.5,1,1,CCGAACTGGGCCTTGGACGT,0,1872382
hyuA_predicted,0.5,1,1,CCCTGGGAATCGTGCACCTC,0,1838718
hyuA_predicted,0.5,1,1,CCCTGAGAACACCAGATTTG,0,1865364
hyuA_predicted,0.5,1,1,CCCTCAGTTCTACGTTCACA,0,1860377
hyuA_predicted,0.5,1,1,CCCGTATTCACAAAAGGCAA,0,1868393
hyuA_predicted,0.5,1,1,CCCGTACATTATTTTGTAGT,0,1841809
hyuA_predicted,0.5,1,1,CCCGGGGAAGCTCGGCCGAG,0,1840318
hyuA_predicted,0.5,1,1,CCCGGCCGGGGTTGTGCCGC,0,1871835
hyuA_predicted,0.5,1,1,CCCGCGAGAGATGAGACCCA,0,1842458
hyuA_predicted,0.5,1,1,CCCGATAGCAATGACCTACA,0,1873732
hyuA_predicted,0.5,1,1,CCCCCTGTGAGAATACATTA,0,1853510
hyuA_predicted,0.5,1,1,CCCCCGTTCATGGCGCTGTC,0,1841194
hyuA_predicted,0.5,1,1,CCCCCGCTATCCATACCTGT,0,1855981
hyuA_predicted,0.5,1,1,CCCATCTATTGGGCAACTGC,0,1859000
hyuA_predicted,0.5,1,1,CCCACTAGGTGTACAAAATA,0,1874292
hyuA_predicted,0.5,1,1,CCCACATGGGCGTGCACCTT,0,1833638
hyuA_predicted,0.5,1,1,CCATTTAAATTGCTATACAC,0,1835912
hyuA_predicted,0.5,1,1,CCATTGCGTCACGTTTTTTT,0,1854684
hyuA_predicted,0.5,1,1,CCATGGTTAGCTGCGTACCA,0,1865957
hyuA_predicted,0.5,1,1,CCATGCGCAAATGTCGCTAG,0,1850473
hyuA_predicted,0.5,1,1,CCATCGGCTGGTTTAACAAT,0,1837198
hyuA_predicted,0.5,1,1,CCATCCGATATTGGTTGGCT,0,1848800
hyuA_predicted,0.5,1,1,CCAGTTTACTGGGCAGCAGC,0,1846304
hyuA_predicted,0.5,1,1,CCAGTTTAAGTCGCACTAAT,0,1846796
hyuA_predicted,0.5,1,1,CCAGTAAGGGCTTAAGTAAA,0,1834819
hyuA_predicted,0.5,1,1,CCAGCCGCCCCGGTAAAACA,0,1842040
hyuA_predicted,0.5,1,1,CCAGCACGAGGTGTCATGCG,0,1867582
hyuA_predicted,0.5,1,1,CCACTTATAGGCGAGTGAGT,0,1873435
hyuA_predicted,0.5,1,1,CCACGCCCCGTTCAACATTT,0,1836689
hyuA_predicted,0.5,1,1,CCACGACAGAGTTCGGGGTG,0,1868038
hyuA_predicted,0.5,1,1,CCACCGCGCACTTAGCGGCC,0,1853011
hyuA_predicted,0.5,1,1,CCAAGAACGGGGAGCAATCT,0,1845726
hyuA_predicted,0.5,1,1,CCAAGAAAGAGATTGGCAGC,0,1848323
hyuA_predicted,0.5,1,1,CCAACTGCATACGTTGTTTG,0,1839881
hyuA_predicted,0.5,1,1,CCAACGATAGAAGTCTAGTG,0,1837320
hyuA_predicted,0.5,1,1,CCAACCGAAGCCGCTTATAG,0,1868732
hyuA_predicted,0.5,1,1,CCAAATTGTTGGCGGTATGA,0,1847942
hyuA_predicted,0.5,1,1,CCAAAAAGGACAGGTTAGGA,0,1856876
hyuA_predicted,0.5,1,1,CATTTCACTTGAGCCACTCT,0,1847375
hyuA_predicted,0.5,1,1,CATTGTTCCTCAGGCATGAT,0,1858051
hyuA_predicted,0.5,1,1,CATTGAGATACGTATGCGCT,0,1833267
hyuA_predicted,0.5,1,1,CATTCGGTATTACTCCGCAT,0,1844005
hyuA_predicted,0.5,1,1,CATTAGAAGGGTCTCGAGGG,0,1874188
hyuA_predicted,0.5,1,1,CATGTGTTAGGCCTTTCCCT,0,1841151
hyuA_predicted,0.5,1,1,CATGTAGGACGCGTTGGGGG,0,1845759
hyuA_predicted,0.5,1,1,CATGGAGGTGGGTAATATTT,0,1836249
hyuA_predicted,0.5,1,1,CATCTTGTATAACTAACGAA,0,1854003
hyuA_predicted,0.5,1,1,CATCTTAAACGAATTCGAGT,0,1867695
hyuA_predicted,0.5,1,1,CATCGGGGCTGGAGACGACA,0,1848049
hyuA_predicted,0.5,1,1,CATCGCACAGTAGCTGACTT,0,1870357
hyuA_predicted,0.5,1,1,CATCGAACGCAACCATGACA,0,1868186
hyuA_predicted,0.5,1,1,CATCGAAATTTTGCAAACTT,0,1853191
hyuA_predicted,0.5,1,1,CATCCCCAAGGCCCCCCCAA,0,1860918
hyuA_predicted,0.5,1,1,CATCATGAATACGTTGCTCG,0,1862036
hyuA_predicted,0.5,1,1,CATCAAGAAGCCTCGATGAT,0,1852362
hyuA_predicted,0.5,1,1,CATCAACTTCTCCCAGTACT,0,1852896
hyuA_predicted,0.5,1,1,CATATGATGCACCATAACCT,0,1857157
hyuA_predicted,0.5,1,1,CATACTTGACGTTACCCGGA,0,1844854
hyuA_predicted,0.5,1,1,CATAACATGTCACCGTCGCT,0,1851192
hyuA_predicted,0.5,1,1,CAGTTGATTAAGACGCTCCC,0,1859921
hyuA_predicted,0.5,1,1,CAGTCTAGACTGGCCCGAAA,0,1848421
hyuA_predicted,0.5,1,1,CAGTCCGCTCAAACGCTGAT,0,1849639
hyuA_predicted,0.5,1,1,CAGGTTGGCTGCGTGTGGAG,0,1860840
hyuA_predicted,0.5,1,1,CAGGGTGTGTGTCACCGCAC,0,1856467
hyuA_predicted,0.5,1,1,CAGGGTCTATTATGTAGGCG,0,1844116
hyuA_predicted,0.5,1,1,CAGGCGGCGGTCTACACTTA,0,1861658
hyuA_predicted,0.5,1,1,CAGGCCAAACTCAGCGGAAT,0,1843937
hyuA_predicted,0.5,1,1,CAGGACTGGTAGCACGTGGA,0,1849432
hyuA_predicted,0.5,1,1,CAGGAAGTATAGGGGCTGGG,0,1834964
hyuA_predicted,0.5,1,1,CAGCGTCGTACATGAGTCGC,0,1835184
hyuA_predicted,0.5,1,1,CAGCCCTGAATACTAATCAT,0,1849430
hyuA_predicted,0.5,1,1,CAGCCCTCCATTGCGTGGCA,0,1868175
hyuA_predicted,0.5,1,1,CAGATTGGATAGAGCATAGA,0,1829111
hyuA_predicted,0.5,1,1,CAGAGTCACACAGGCACCTA,0,1830162
hyuA_predicted,0.5,1,1,CAGACGTTCTCCCAACTGTG,0,1854683
hyuA_predicted,0.5,1,1,CAGACGGTGCTTAAACTCAG,0,1830458
hyuA_predicted,0.5,1,1,CAGACCCACTTGTCTGGCTC,0,1859677
hyuA_predicted,0.5,1,1,CAGACAACACGTTTACAAAA,0,1847655
hyuA_predicted,0.5,1,1,CACTTTGCCAAGCCAGCAGG,0,1854567
hyuA_predicted,0.5,1,1,CACTTAGCCACTAGCCAGTT,0,1830631
hyuA_predicted,0.5,1,1,CACTCCCCTTCCATGGGAAG,0,1844248
hyuA_predicted,0.5,1,1,CACTATTCAAGACGCATTAC,0,1876016
hyuA_predicted,0.5,1,1,CACTAAGCTGAATTCAAGAA,0,1853580
hyuA_predicted,0.5,1,1,CACGTGCCCACCACAAATGA,0,1844143
hyuA_predicted,0.5,1,1,CACGTCCATGCATTTCAGGG,0,1835183
hyuA_predicted,0.5,1,1,CACGGGACCACGTGTGATTG,0,1854756
hyuA_predicted,0.5,1,1,CACGGAATCTGTTATCTGTA,0,1870426
hyuA_predicted,0.5,1,1,CACGGAATCGCCATACGTGC,0,1838375
hyuA_predicted,0.5,1,1,CACGGAAGAGGTCTCGCGGT,0,1856441
hyuA_predicted,0.5,1,1,CACGCGGTGTGAAAGATTTC,0,1864406
hyuA_predicted,0.5,1,1,CACGCGCTTAATACCCTCTC,0,1855305
hyuA_predicted,0.5,1,1,CACGCGCAGAACGGTACCCC,0,1857366
hyuA_predicted,0.5,1,1,CACCTAAAAAGTATAATTAC,0,1846062
hyuA_predicted,0.5,1,1,CACCGTCAACTCCCGGAAGC,0,1829643
hyuA_predicted,0.5,1,1,CACCGAACTGATCCAGGGAA,0,1855640
hyuA_predicted,0.5,1,1,CACCCTATAACACCCTGTTC,0,1848256
hyuA_predicted,0.5,1,1,CACCAATTCGTACCAGAGGA,0,1834111
hyuA_predicted,0.5,1,1,CACAGTTTGGCCGCAAAATA,0,1842389
hyuA_predicted,0.5,1,1,CACAGACGTTTGACGAAACT,0,1851105
hyuA_predicted,0.5,1,1,CACACTGCGTATCGAGATCT,0,1843701
hyuA_predicted,0.5,1,1,CACACGTCCTGGTTAGCGCC,0,1833810
hyuA_predicted,0.5,1,1,CACAATATAAATTACATCAT,0,1866969
hyuA_predicted,0.5,1,1,CACAAAGGCAAACCGGACGC,0,1841528
hyuA_predicted,0.5,1,1,CAATTCGGGTATAATAATCT,0,1860140
hyuA_predicted,0.5,1,1,CAATTATTTAACTGTTATAG,0,1834622
hyuA_predicted,0.5,1,1,CAATCGAAACGAACTAAAAT,0,1865033
hyuA_predicted,0.5,1,1,CAATAGCATACTTCGGCTAC,0,1869213
hyuA_predicted,0.5,1,1,CAATAACAGCAGGTAGCTGG,0,1869891
hyuA_predicted,0.5,1,1,CAAGTTGGTTTACAGTATAA,0,1870979
hyuA_predicted,0.5,1,1,CAAGTGGATTAACTTCGGGA,0,1837857
hyuA_predicted,0.5,1,1,CAAGTAGCATCGACAGAATA,0,1877034
hyuA_predicted,0.5,1,1,CAAGGTTGCATAGGATAGGG,0,1833765
hyuA_predicted,0.5,1,1,CAACTCCATCACACAAGATG,0,1846016
hyuA_predicted,0.5,1,1,CAACGCACACACTACTGTGC,0,1832623
hyuA_predicted,0.5,1,1,CAACGAGGGCCGAAGGCTTA,0,1867272
hyuA_predicted,0.5,1,1,CAACCTCCGCACCGCCTCGA,0,1863456
hyuA_predicted,0.5,1,1,CAAATTACAATAACGAGGAG,0,1829774
hyuA_predicted,0.5,1,1,CAAAGAACCAGGGATACTTT,0,1837386
hyuA_predicted,0.5,1,1,CAAACAGGGGCCACATCACA,0,1872125
hyuA_predicted,0.5,1,1,CAAACACAAGCGGCTTCAGA,0,1843919
hyuA_predicted,0.5,1,1,CAAAATTTGACAAATCTGGT,0,1856573
hyuA_predicted,0.5,1,1,ATTTTGATTTTGTCGTTGTC,0,1836155
hyuA_predicted,0.5,1,1,ATTTTCGGGTCCACGCGCCC,0,1867322
hyuA_predicted,0.5,1,1,ATTTGGCCGCTCAAAAAAGA,0,1864764
hyuA_predicted,0.5,1,1,ATTTCCTCTGTTCCGCTATG,0,1847354
hyuA_predicted,0.5,1,1,ATTTACCAATAGTCTAGCGG,0,1857477
hyuA_predicted,0.5,1,1,ATTGTTTAGCTCGATTTGCC,0,1838572
hyuA_predicted,0.5,1,1,ATTGGAGTTCAACGCTTTCG,0,1837067
hyuA_predicted,0.5,1,1,ATTGCTGAAGCTGTATGGAA,0,1858799
hyuA_predicted,0.5,1,1,ATTGAGACCCTACGCTCACG,0,1858833
hyuA_predicted,0.5,1,1,ATTCTTTGCCGAATCTCCTA,0,1871499
hyuA_predicted,0.5,1,1,ATTCGTTTCGTCTATTTTAC,0,1875625
hyuA_predicted,0.5,1,1,ATTCGAGCTTGAGTTTCTAA,0,1844453
hyuA_predicted,0.5,1,1,ATTCCACCGTCCCTACAACA,0,1857412
hyuA_predicted,0.5,1,1,ATTCATTTTGGCTAGTCGGT,0,1848640
hyuA_predicted,0.5,1,1,ATTCATGTTAATGTGATGCT,0,1868163
hyuA_predicted,0.5,1,1,ATTCAGCTCGTACATTAATA,0,1846633
hyuA_predicted,0.5,1,1,ATTCAGACAACTGCTTAAGG,0,1838158
hyuA_predicted,0.5,1,1,ATTCACTGTGTTCGCCTTGG,0,1863542
hyuA_predicted,0.5,1,1,ATTATCCATACAGAGGCCTT,0,1875960
hyuA_predicted,0.5,1,1,ATTACTTGCATCGCGATGAG,0,1862341
hyuA_predicted,0.5,1,1,ATTACGGTTTTACGGCATCC,0,1846927
hyuA_predicted,0.5,1,1,ATTACCCGGGGCACCTGTTC,0,1854150
hyuA_predicted,0.5,1,1,ATTAAAGGTCTCGAGGGCCG,0,1833510
hyuA_predicted,0.5,1,1,ATTAAAGGACGCCGGCTTCT,0,1863683
hyuA_predicted,0.5,1,1,ATGTTCTTTTGCATTGCGTA,0,1842952
hyuA_predicted,0.5,1,1,ATGTTACTACGTTCATCGCT,0,1855597
hyuA_predicted,0.5,1,1,ATGTCCATGCCAAACCCCGT,0,1862145
hyuA_predicted,0.5,1,1,ATGTCAGGCTCAGACCCGCT,0,1849343
hyuA_predicted,0.5,1,1,ATGTAACTGGGGTTCGGTAT,0,1855109
hyuA_predicted,0.5,1,1,ATGGTTAATAACGGTGCCGG,0,1864022
hyuA_predicted,0.5,1,1,ATGGTGGTTAAGGACCTTCT,0,1856021
hyuA_predicted,0.5,1,1,ATGGGACCAAATTGTACAGG,0,1866973
hyuA_predicted,0.5,1,1,ATGGCTGCCCAGTTGGTGGT,0,1844504
hyuA_predicted,0.5,1,1,ATGGCACTTCGCGGTGTAGT,0,1851617
hyuA_predicted,0.5,1,1,ATGGAGGACGTGGATGGAAA,0,1845461
hyuA_predicted,0.5,1,1,ATGGAACCGTTTTTTCGGGA,0,1876315
hyuA_predicted,0.5,1,1,ATGCGTGAATTTTGGCGATC,0,1844101
hyuA_predicted,0.5,1,1,ATGCGCGGCAAAAAGGGCGA,0,1841022
hyuA_predicted,0.5,1,1,ATGCCGGCTGACGACAGGCT,0,1831907
hyuA_predicted,0.5,1,1,ATGCCCTTAGGACAGGATAA,0,1863655
hyuA_predicted,0.5,1,1,ATGCCCAATAATCTCACTAG,0,1850279
hyuA_predicted,0.5,1,1,ATGCCAGGCCGCTTTACATG,0,1830544
hyuA_predicted,0.5,1,1,ATGCCAGGAAGGGCCGAGCC,0,1859335
hyuA_predicted,0.5,1,1,ATGCACCCGCTTGCCCGCTA,0,1871111
hyuA_predicted,0.5,1,1,ATGATAGATTGGGCCATACC,0,1850564
hyuA_predicted,0.5,1,1,ATGAGTCGGAGCGTTTAGGC,0,1854792
hyuA_predicted,0.5,1,1,ATGAACAAAGACATCTGATA,0,1847377
hyuA_predicted,0.5,1,1,ATGAAACCGATCTCTTCATC,0,1830664
hyuA_predicted,0.5,1,1,ATCTCGGGTGCTGGGTAAAA,0,1869441
hyuA_predicted,0.5,1,1,ATCTATCTGAGTAGTGCTCG,0,1836452
hyuA_predicted,0.5,1,1,ATCTAAGTCCTGCGCATAGA,0,1850421
hyuA_predicted,0.5,1,1,ATCGTCATAATATCCACGAA,0,1840590
hyuA_predicted,0.5,1,1,ATCGGGTGGCTAGTTAAACT,0,1857211
hyuA_predicted,0.5,1,1,ATCGGCCGCAATCGCTTACA,0,1857846
hyuA_predicted,0.5,1,1,ATCGCTTGAGAACATCACTC,0,1870476
hyuA_predicted,0.5,1,1,ATCGAGGAGACGCCAGTCGC,0,1850429
hyuA_predicted,0.5,1,1,ATCGACTGAATATTGTGCAA,0,1843361
hyuA_predicted,0.5,1,1,ATCGACAAGATCTACCGGCA,0,1844913
hyuA_predicted,0.5,1,1,ATCCTTAGTACCATGAAGGG,0,1850928
hyuA_predicted,0.5,1,1,ATCCTCCGGATTTTGACTAA,0,1877026
hyuA_predicted,0.5,1,1,ATCCGGCTTCCGTTCGAGTA,0,1832219
hyuA_predicted,0.5,1,1,ATCCGCCTCCAGAGTAGTTG,0,1855937
hyuA_predicted,0.5,1,1,ATCCGACGTGCAGCAATCAG,0,1847485
hyuA_predicted,0.5,1,1,ATCCCTCCAGGACGTGGCTA,0,1850356
hyuA_predicted,0.5,1,1,ATCCCCGGTGTTACATGGCA,0,1830380
hyuA_predicted,0.5,1,1,ATCCACCGCGTCCTGCCACT,0,1872860
hyuA_predicted,0.5,1,1,ATCATTTCGCAATTGTGAAG,0,1857949
hyuA_predicted,0.5,1,1,ATCATGCGTAGTAGGGCCTC,0,1874170
hyuA_predicted,0.5,1,1,ATCAGCCCGAAGGATGGTCG,0,1835381
hyuA_predicted,0.5,1,1,ATCACGCAGACTTCGATAGA,0,1851730
hyuA_predicted,0.5,1,1,ATCACGAAATCTCGTGTAAG,0,1872557
hyuA_predicted,0.5,1,1,ATCACATCGATCCGCAATAG,0,1837518
hyuA_predicted,0.5,1,1,ATATTGCTTACGGCATAAGA,0,1849075
hyuA_predicted,0.5,1,1,ATATTATTGACTTTTGGTGA,0,1842646
hyuA_predicted,0.5,1,1,ATATGTGTAAAACGATCTAT,0,1865542
hyuA_predicted,0.5,1,1,ATATGGCTAGCCCGGGCTTC,0,1867747
hyuA_predicted,0.5,1,1,ATATGCCAATGTATCCATCT,0,1858864
hyuA_predicted,0.5,1,1,ATATGACGGATTTGTCTACT,0,1849685
hyuA_predicted,0.5,1,1,ATATCGGAGTGCATAGGCCA,0,1843502
hyuA_predicted,0.5,1,1,ATATCCTAGATGTGAAAGTC,0,1846504
hyuA_predicted,0.5,1,1,ATATATTTACCTGAGAAACC,0,1877479
hyuA_predicted,0.5,1,1,ATAGGGCACCGCGGTACTCG,0,1875361
hyuA_predicted,0.5,1,1,ATAGCGTGAACCATTCCGTC,0,1870679
hyuA_predicted,0.5,1,1,ATAGATGCAGAGAACCTTGC,0,1864138
hyuA_predicted,0.5,1,1,ATAGAGTCATACCCTAGATA,0,1853268
hyuA_predicted,0.5,1,1,ATAGACGCCGTGCTCTTAAG,0,1830510
hyuA_predicted,0.5,1,1,ATACGGTATAGTTTTTGGTA,0,1857117
hyuA_predicted,0.5,1,1,ATACGAATTAGTGTTGAGCA,0,1876770
hyuA_predicted,0.5,1,1,ATACCTGATCTCCGATGATT,0,1860549
hyuA_predicted,0.5,1,1,ATACCTAACTCGCGACAGAA,0,1853137
hyuA_predicted,0.5,1,1,ATACCGGGTATGTCCACCTA,0,1858545
hyuA_predicted,0.5,1,1,ATACACAGTACTTGGTTGTA,0,1853035
hyuA_predicted,0.5,1,1,ATAATTCTGACATTCTTGGA,0,1864655
hyuA_predicted,0.5,1,1,ATAATCGAGTTCGGTAACGA,0,1829466
hyuA_predicted,0.5,1,1,ATAATACCCCATGTCGTGTA,0,1869660
hyuA_predicted,0.5,1,1,ATAAGCGTGTAGGGAATAGT,0,1871109
hyuA_predicted,0.5,1,1,ATAAGCAAGTCCTTAAAAGG,0,1851284
hyuA_predicted,0.5,1,1,ATAACAAGAGCCACCCTAAC,0,1872414
hyuA_predicted,0.5,1,1,ATAAAGTCACGTAAGGTCAT,0,1868612
hyuA_predicted,0.5,1,1,ATAAAGGTTTCAAAACGTGC,0,1855827
hyuA_predicted,0.5,1,1,AGTTTTTCCTGGCTCGCCAC,0,1860059
hyuA_predicted,0.5,1,1,AGTTTGTAGAAAGGTCTTCA,0,1833832
hyuA_predicted,0.5,1,1,AGTTTACTTGACTTTTAAGA,0,1850565
hyuA_predicted,0.5,1,1,AGTTCAGACGCAGTCCCAGA,0,1841228
hyuA_predicted,0.5,1,1,AGTTATTACCCCAATAGACG,0,1875185
hyuA_predicted,0.5,1,1,AGTGTATTTGGCAGGCTCGA,0,1876636
hyuA_predicted,0.5,1,1,AGTGGAATGGTTTTCCCCAC,0,1875123
hyuA_predicted,0.5,1,1,AGTGCCCTCAGCGATTGACA,0,1831152
hyuA_predicted,0.5,1,1,AGTGAACGATTCGCCCGTTC,0,1842916
hyuA_predicted,0.5,1,1,AGTGAAACAAACTCGTCTTG,0,1837225
hyuA_predicted,0.5,1,1,AGTCTTTTGAGAGTCACATG,0,1841621
hyuA_predicted,0.5,1,1,AGTCTTGGTGTTCCACATGA,0,1853526
hyuA_predicted,0.5,1,1,AGTCTGTTCTGTGGGCGTGT,0,1836117
hyuA_predicted,0.5,1,1,AGTCTGGGGTTACGTTTATG,0,1832442
hyuA_predicted,0.5,1,1,AGTCCCTCTAACGTGCCCGT,0,1860608
hyuA_predicted,0.5,1,1,AGTCATCTGAGGCGCATTCA,0,1844613
hyuA_predicted,0.5,1,1,AGTCATCTAGTGAGATTGAC,0,1829046
hyuA_predicted,0.5,1,1,AGTATTTACACCTGATCGGG,0,1831232
hyuA_predicted,0.5,1,1,AGTAGAAACTGGAATTCGTT,0,1862661
hyuA_predicted,0.5,1,1,AGTACTTTTTCGAGACACAG,0,1851299
hyuA_predicted,0.5,1,1,AGTACTTTATCTGTATCTTG,0,1873348
hyuA_predicted,0.5,1,1,AGTAACATGTTGGAGCGGTG,0,1862712
hyuA_predicted,0.5,1,1,AGGTTAGAAAAAACTTCACA,0,1853566
hyuA_predicted,0.5,1,1,AGGTGCGCTAAATGTTCACA,0,1871682
hyuA_predicted,0.5,1,1,AGGTGCATTTTGGCAATATT,0,1849719
hyuA_predicted,0.5,1,1,AGGTCCTCGCGCGGGTGCCA,0,1829734
hyuA_predicted,0.5,1,1,AGGTCATGACAGTACGGGGC,0,1843325
hyuA_predicted,0.5,1,1,AGGTATCCTTGAGGCCGCAG,0,1863221
hyuA_predicted,0.5,1,1,AGGTAATCGCTGGTATATCA,0,1863166
hyuA_predicted,0.5,1,1,AGGGTTGAGTCAGAGTCGGC,0,1856584
hyuA_predicted,0.5,1,1,AGGGCCGGAGATCTGGATGA,0,1855712
hyuA_predicted,0.5,1,1,AGGGCAGGCAAACCAGGATG,0,1851167
hyuA_predicted,0.5,1,1,AGGCTCTGAAGCTCTATCTA,0,1871304
hyuA_predicted,0.5,1,1,AGGCGCCGCAACTTCGGCAA,0,1872579
hyuA_predicted,0.5,1,1,AGGCGAGATGCTCCGCCAGA,0,1835928
hyuA_predicted,0.5,1,1,AGGCGACAGGAATCACACTC,0,1877314
hyuA_predicted,0.5,1,1,AGGCCGGAAAAACTAGCTGA,0,1842231
hyuA_predicted,0.5,1,1,AGGATAAGACTAGAAGCAGT,0,1837223
hyuA_predicted,0.5,1,1,AGGAGGTGGCTTGCTAGGCC,0,1872131
hyuA_predicted,0.5,1,1,AGGAGCCTTTACATAACTAC,0,1845359
hyuA_predicted,0.5,1,1,AGGACTATATTCGCAAATAT,0,1860078
hyuA_predicted,0.5,1,1,AGGACGCTGATTCAGTGTAC,0,1837373
hyuA_predicted,0.5,1,1,AGGACCGTGGCCTTAGACCC,0,1829109
hyuA_predicted,0.5,1,1,AGGAATGTATTTCAATCTTG,0,1854510
hyuA_predicted,0.5,1,1,AGGAATCGGGATGTGAATGC,0,1854750
hyuA_predicted,0.5,1,1,AGGAACGGTCCTTCTAAGGG,0,1874450
hyuA_predicted,0.5,1,1,AGGAACCTGGCGCATATCCC,0,1842661
hyuA_predicted,0.5,1,1,AGCTTTAACCGACCCTCAGG,0,1872426
hyuA_predicted,0.5,1,1,AGCTGTATCCCTTAGTGCTC,0,1832701
hyuA_predicted,0.5,1,1,AGCTGGCCGATACTTGATCC,0,1869778
hyuA_predicted,0.5,1,1,AGCTAGGAGCCTGCATGCGA,0,1853379
hyuA_predicted,0.5,1,1,AGCGGTCCTAGCAATTCGTC,0,1836817
hyuA_predicted,0.5,1,1,AGCGGGTACGCGGAGAGCCA,0,1833122
hyuA_predicted,0.5,1,1,AGCGCTGCCCAATGTCTGGC,0,1856181
hyuA_predicted,0.5,1,1,AGCGAGTTTCCCACTCGCTG,0,1848987
hyuA_predicted,0.5,1,1,AGCGACGTGGCGGGAGGTAT,0,1838192
hyuA_predicted,0.5,1,1,AGCGACAAGTCCATCTTAAA,0,1829438
hyuA_predicted,0.5,1,1,AGCGAAGAAGATCACGTTAG,0,1830659
hyuA_predicted,0.5,1,1,AGCCTTGGGGCAAGCCCCAA,0,1844145
hyuA_predicted,0.5,1,1,AGCCTTACGCGATAGGAGTG,0,1857390
hyuA_predicted,0.5,1,1,AGCCTGCACCACCGAAGAGG,0,1853883
hyuA_predicted,0.5,1,1,AGCCTGAAGGGTACTTCTGA,0,1849886
hyuA_predicted,0.5,1,1,AGCCGGGGGAGTTTACCTTC,0,1857077
hyuA_predicted,0.5,1,1,AGCCCTCAATTGGCCTAGGA,0,1859389
hyuA_predicted,0.5,1,1,AGCCCGCCGTTTATTTCTAA,0,1832823
hyuA_predicted,0.5,1,1,AGCCCCCTTACGCGTTTTCG,0,1873730
hyuA_predicted,0.5,1,1,AGCATTGGCGATAGTCGGAC,0,1831162
hyuA_predicted,0.5,1,1,AGCATATCAGCTAGGCATGT,0,1830096
hyuA_predicted,0.5,1,1,AGCAGGCCGAGCCAGCTCCT,0,1869567
hyuA_predicted,0.5,1,1,AGCACGCACCGCGAGCGAGC,0,1874052
hyuA_predicted,0.5,1,1,AGCACAGCTGTGAATAGTGA,0,1833734
hyuA_predicted,0.5,1,1,AGCAATCACAGGGCGTCACA,0,1852979
hyuA_predicted,0.5,1,1,AGATTCTACGGACGGGTTCG,0,1834328
hyuA_predicted,0.5,1,1,AGATTACCCGTGTTCCCGTT,0,1841222
hyuA_predicted,0.5,1,1,AGATGCCGAGCTTTTAGCAT,0,1866696
hyuA_predicted,0.5,1,1,AGAGTTACATGCGCGCCATA,0,1843663
hyuA_predicted,0.5,1,1,AGAGTAAGGAATGTTGCAAT,0,1870789
hyuA_predicted,0.5,1,1,AGAGCCGACTACGTTTCTGT,0,1856036
hyuA_predicted,0.5,1,1,AGAGATTAGTCCCTGGGGCA,0,1874583
hyuA_predicted,0.5,1,1,AGAGATGGGTGACACTCACG,0,1871084
hyuA_predicted,0.5,1,1,AGAGAGCCACATTAATTTGT,0,1840081
hyuA_predicted,0.5,1,1,AGACATCTACGAAACAACGC,0,1845449
hyuA_predicted,0.5,1,1,AGACAGTAGAGCGCTTCCAT,0,1874632
hyuA_predicted,0.5,1,1,AGACACGAGAGCGTAAAGCT,0,1870657
hyuA_predicted,0.5,1,1,AGAATGACTCTGGACCACAG,0,1840342
hyuA_predicted,0.5,1,1,AGAATATCATCCTAGGTTGT,0,1842115
hyuA_predicted,0.5,1,1,AGAAGACACCTTTCTGGAAT,0,1846742
hyuA_predicted,0.5,1,1,AGAACCCTCCCACTAACCGG,0,1843968
hyuA_predicted,0.5,1,1,AGAAAGCAGTTTACCCGCAG,0,1861505
hyuA_predicted,0.5,1,1,ACTTTTGGTCTAAAAGAGGA,0,1862408
hyuA_predicted,0.5,1,1,ACTTTATTGGGATATTCGTT,0,1871594
hyuA_predicted,0.5,1,1,ACTTCTAAGGCTCCTACCTG,0,1865080
hyuA_predicted,0.5,1,1,ACTTAGGACGACAGTATTGA,0,1862659
hyuA_predicted,0.5,1,1,ACTGTCAAACTGTACATCGG,0,1868402
hyuA_predicted,0.5,1,1,ACTGGCTCCACGCGTGGGGT,0,1834479
hyuA_predicted,0.5,1,1,ACTGGAGCTCAGGCGCGACT,0,1833649
hyuA_predicted,0.5,1,1,ACTGCGAATACTATAGCTCC,0,1849521
hyuA_predicted,0.5,1,1,ACTGAATCCCTTGGACACCA,0,1848436
hyuA_predicted,0.5,1,1,ACTCGCCAGAGAGCGGGCTA,0,1854284
hyuA_predicted,0.5,1,1,ACTCATTTTATTATTAATGT,0,1834198
hyuA_predicted,0.5,1,1,ACTCAGTCTGTTCGCAAACG,0,1860808
hyuA_predicted,0.5,1,1,ACTATTTCTCTCAGCGTCTA,0,1847875
hyuA_predicted,0.5,1,1,ACTATGGCTCGCGGGTCGAT,0,1844053
hyuA_predicted,0.5,1,1,ACTATGAAAGGAATAATGTA,0,1876904
hyuA_predicted,0.5,1,1,ACTATACGACAGAGGCTAAT,0,1836845
hyuA_predicted,0.5,1,1,ACTACTTGGGGTGCACAGAC,0,1876793
hyuA_predicted,0.5,1,1,ACTACTGCAGAAGAGTTGGA,0,1855892
hyuA_predicted,0.5,1,1,ACTACCGCGGCGGCGCTAAC,0,1847271
hyuA_predicted,0.5,1,1,ACTACATAGGTGATACAGCC,0,1834475
hyuA_predicted,0.5,1,1,ACTACACAATATCTAGGTCT,0,1840321
hyuA_predicted,0.5,1,1,ACTAACATCCAAAGAGTAAG,0,1877593
hyuA_predicted,0.5,1,1,ACTAAAGCATGTCAAATTCT,0,1840662
hyuA_predicted,0.5,1,1,ACGTTATCATTACTTATACG,0,1841557
hyuA_predicted,0.5,1,1,ACGTTAGTACGCTCGCATAC,0,1869352
hyuA_predicted,0.5,1,1,ACGTTAGGCTGGGACGCCCA,0,1866470
hyuA_predicted,0.5,1,1,ACGTGTCCATCCTTCTTACA,0,1873316
hyuA_predicted,0.5,1,1,ACGTGTACACCGCATCGCTA,0,1852241
hyuA_predicted,0.5,1,1,ACGTCTTAGGAATGGGTTTG,0,1835941
hyuA_predicted,0.5,1,1,ACGTCGCTATCTGAGCTAGC,0,1841540
hyuA_predicted,0.5,1,1,ACGTCCCCAGCACTCCCGAA,0,1835843
hyuA_predicted,0.5,1,1,ACGGGTAGTGCGGTGAGAAC,0,1859911
hyuA_predicted,0.5,1,1,ACGGGGTAAATACTCGGAAA,0,1852325
hyuA_predicted,0.5,1,1,ACGGGGCGCTGGCTCGGCCC,0,1866410
hyuA_predicted,0.5,1,1,ACGGCGGTATAAGGACGTGC,0,1841614
hyuA_predicted,0.5,1,1,ACGGCGGGCTAACAATAAAC,0,1831857
hyuA_predicted,0.5,1,1,ACGGCATATACTCTAGCCGA,0,1863812
hyuA_predicted,0.5,1,1,ACGGACAATTTTGAATATCA,0,1834489
hyuA_predicted,0.5,1,1,ACGCTGGGGTCATTCGAGTG,0,1846251
hyuA_predicted,0.5,1,1,ACGCGTCCAGCAGAGTGAAT,0,1858294
hyuA_predicted,0.5,1,1,ACGCGTCAGTATTGGCCATT,0,1876292
hyuA_predicted,0.5,1,1,ACGCGTAGGAAGTAGAATCT,0,1858733
hyuA_predicted,0.5,1,1,ACGCGGTGGAATCCATGATC,0,1857757
hyuA_predicted,0.5,1,1,ACGCGGTAGTCCCACCCGCA,0,1832388
hyuA_predicted,0.5,1,1,ACGCGGCCGGTAATTATTCG,0,1838205
hyuA_predicted,0.5,1,1,ACGCCTTACAAATACCGTAA,0,1872189
hyuA_predicted,0.5,1,1,ACGCCTCGGCGGTATAGTAA,0,1874516
hyuA_predicted,0.5,1,1,ACGCCGATTAACACTGAAAA,0,1865641
hyuA_predicted,0.5,1,1,ACGCCACTGCGTGCTGAATA,0,1870481
hyuA_predicted,0.5,1,1,ACGCACTGATAGCGACCACC,0,1847081
hyuA_predicted,0.5,1,1,ACGATAGGCACACCGGATGC,0,1871240
hyuA_predicted,0.5,1,1,ACGATAGATGATCTAGTATA,0,1848106
hyuA_predicted,0.5,1,1,ACGATAACTGCATCTCTAAC,0,1862089
hyuA_predicted,0.5,1,1,ACGACGGGATAAACGGACTT,0,1876787
hyuA_predicted,0.5,1,1,ACGACGGCCTAGGGACTCGG,0,1862288
hyuA_predicted,0.5,1,1,ACGACGACTGGGGGATTCCA,0,1855390
hyuA_predicted,0.5,1,1,ACCTTGGCCACGGCGCAATT,0,1875782
hyuA_predicted,0.5,1,1,ACCTTCTGCCTAGTATTAAG,0,1852230
hyuA_predicted,0.5,1,1,ACCTTCGTATGGTGCAGTTT,0,1871515
hyuA_predicted,0.5,1,1,ACCTGTTAGCTTCAAGACTC,0,1852393
hyuA_predicted,0.5,1,1,ACCTGCGGCCGGAATAGCCC,0,1872687
hyuA_predicted,0.5,1,1,ACCTCGGCGACGCCTGATGG,0,1845299
hyuA_predicted,0.5,1,1,ACCTAGAAGTATCTGGTCGG,0,1854438
hyuA_predicted,0.5,1,1,ACCGTTGAGGCCAGCTCACC,0,1866213
hyuA_predicted,0.5,1,1,ACCGTGTATCGAATAGCCAT,0,1846840
hyuA_predicted,0.5,1,1,ACCGGTTACCTCTCTCCAGC,0,1855855
hyuA_predicted,0.5,1,1,ACCGGGTTTTACCTGAACTC,0,1865562
hyuA_predicted,0.5,1,1,ACCGCTGTTTGCTGGGCAGA,0,1869390
hyuA_predicted,0.5,1,1,ACCGCTCGGTCGAACAGGGT,0,1867112
hyuA_predicted,0.5,1,1,ACCGCGAGGTACCAGCGGCC,0,1838241
hyuA_predicted,0.5,1,1,ACCGAAGAACCTAATGTTAA,0,1849856
hyuA_predicted,0.5,1,1,ACCCTTAAGCAGCGACTTAA,0,1857854
hyuA_predicted,0.5,1,1,ACCCGGACTGCAATCGGTAG,0,1833962
hyuA_predicted,0.5,1,1,ACCCGATACGAAGTTAGATC,0,1857341
hyuA_predicted,0.5,1,1,ACCCAACGAATTGCGCCCTC,0,1855751
hyuA_predicted,0.5,1,1,ACCATCTGGCTCTATGGGCG,0,1850512
hyuA_predicted,0.5,1,1,ACCACCACGGCAAGCGCCTT,0,1859494
hyuA_predicted,0.5,1,1,ACCACATCACGTACCGGTCT,0,1863664
hyuA_predicted,0.5,1,1,ACCAAGATGGTGCGGCCGGC,0,1831546
hyuA_predicted,0.5,1,1,ACATTTCTCAGCCTTCGGTA,0,1860716
hyuA_predicted,0.5,1,1,ACATTATAACCCCGGTATTG,0,1834713
hyuA_predicted,0.5,1,1,ACATCTAGGGCTGAAGCTTG,0,1843755
hyuA_predicted,0.5,1,1,ACAGTCTGTACCTCATATAA,0,1839731
hyuA_predicted,0.5,1,1,ACAGAGATCGTTGTTCACGC,0,1839489
hyuA_predicted,0.5,1,1,ACAGACCACTTATCCGTGTA,0,1840834
hyuA_predicted,0.5,1,1,ACACGTAAGGCGTTGTGTCC,0,1859479
hyuA_predicted,0.5,1,1,ACACCGCACCTAAGGCTTGA,0,1873213
hyuA_predicted,0.5,1,1,ACACCATGGAGTTGGTAATT,0,1829067
hyuA_predicted,0.5,1,1,ACACCAAGTCTACGGGTAAC,0,1862501
hyuA_predicted,0.5,1,1,ACACATTTTAGTGAATTATA,0,1838546
hyuA_predicted,0.5,1,1,ACACACTCTGTCCCCCAAGT,0,1851566
hyuA_predicted,0.5,1,1,ACACAATTTTTCCTAAGTAT,0,1859411
hyuA_predicted,0.5,1,1,ACAATGTCAGAGCGACCCCA,0,1850856
hyuA_predicted,0.5,1,1,ACAATCGGAATTTCCTTTGA,0,1855365
hyuA_predicted,0.5,1,1,ACAAGACTTCTGCAATTAAA,0,1842262
hyuA_predicted,0.5,1,1,ACAACCAGCACAATTTACCG,0,1851315
hyuA_predicted,0.5,1,1,ACAAATCCGTAATGGGATAA,0,1868878
hyuA_predicted,0.5,1,1,ACAAACCGCGTCTTTAGTGA,0,1848064
hyuA_predicted,0.5,1,1,ACAAAACACGGATGAGTGTC,0,1850428
hyuA_predicted,0.5,1,1,AATTGGATGCTCCCCAGTTC,0,1830977
hyuA_predicted,0.5,1,1,AATTCGCCTGCATAGGGTCA,0,1835311
hyuA_predicted,0.5,1,1,AATTCGAAGACACCCCAGCC,0,1862554
hyuA_predicted,0.5,1,1,AATTATCGGCGCCAAAACGT,0,1832292
hyuA_predicted,0.5,1,1,AATTACGACGTAATAGTCAC,0,1847891
hyuA_predicted,0.5,1,1,AATGTTAACCTATCGTAAGG,0,1866197
hyuA_predicted,0.5,1,1,AATGTACGGGGACGGCCACG,0,1846619
hyuA_predicted,0.5,1,1,AATGGAAGAGGACAAAGGCG,0,1841498
hyuA_predicted,0.5,1,1,AATGAGTTCCTGAGTGTCTT,0,1874125
hyuA_predicted,0.5,1,1,AATCAGCTTCGATTGCGACA,0,1857847
hyuA_predicted,0.5,1,1,AATCAAAAACTCTGTTCCAC,0,1843868
hyuA_predicted,0.5,1,1,AATATTTGCTGGACGGGAAC,0,1846474
hyuA_predicted,0.5,1,1,AATAGGGACGACTAGATAGT,0,1843124
hyuA_predicted,0.5,1,1,AATAGAGGTACGGTAAAGTC,0,1862930
hyuA_predicted,0.5,1,1,AATACTCTCGACACCGTGCT,0,1836722
hyuA_predicted,0.5,1,1,AATACGAAATTCGTCCCTAT,0,1866935
hyuA_predicted,0.5,1,1,AATACACGGCTATGTGTCAA,0,1861533
hyuA_predicted,0.5,1,1,AATAATCTAGACTCATGCGG,0,1830012
hyuA_predicted,0.5,1,1,AATAAGGTATTGGGCCTCCT,0,1834954
hyuA_predicted,0.5,1,1,AAGTTTATCAATGAACCGCT,0,1832083
hyuA_predicted,0.5,1,1,AAGTCGAAAATGCGCATGGG,0,1868915
hyuA_predicted,0.5,1,1,AAGTCCTCGCGTCCGCAGTT,0,1871806
hyuA_predicted,0.5,1,1,AAGTAACCGGAGGTTACATA,0,1865971
hyuA_predicted,0.5,1,1,AAGGTGTGTATCTATTTTTA,0,1838095
hyuA_predicted,0.5,1,1,AAGGGTAAGACCTTCTATCC,0,1868909
hyuA_predicted,0.5,1,1,AAGGCGCTATTTGGTTATGT,0,1849940
hyuA_predicted,0.5,1,1,AAGGCGCGCAATATACCGGT,0,1835528
hyuA_predicted,0.5,1,1,AAGGCGCATAGAATAAACGC,0,1869011
hyuA_predicted,0.5,1,1,AAGGCACTATGGCACTTAGG,0,1858574
hyuA_predicted,0.5,1,1,AAGGAGAGGTACCAAAATCT,0,1867100
hyuA_predicted,0.5,1,1,AAGGAGACGGTAAGGTTTCA,0,1871991
hyuA_predicted,0.5,1,1,AAGCTTGTTATCCAGTCAGA,0,1858547
hyuA_predicted,0.5,1,1,AAGCTGAACTCTCTTCGCGG,0,1843400
hyuA_predicted,0.5,1,1,AAGCATTCGCGCATATGATT,0,1850250
hyuA_predicted,0.5,1,1,AAGCATAAGGGTAAGCCTAC,0,1832894
hyuA_predicted,0.5,1,1,AAGATTATCGGTTGGGAGGT,0,1845042
hyuA_predicted,0.5,1,1,AAGATGAGGTGATCTTGTGT,0,1876165
hyuA_predicted,0.5,1,1,AAGATATCGATATATCTAGT,0,1837038
hyuA_predicted,0.5,1,1,AAGAGCGTAGGTCGAGGATA,0,1860111
hyuA_predicted,0.5,1,1,AAGAGCGAATGAGCCAATTA,0,1868066
hyuA_predicted,0.5,1,1,AAGAGATAACGCGTGGGCGG,0,1855417
hyuA_predicted,0.5,1,1,AAGACAACGTTCAATCATAG,0,1877041
hyuA_predicted,0.5,1,1,AAGAAATGAGTTTCAGTGTG,0,1840001
hyuA_predicted,0.5,1,1,AACTTCTTCCGGTCGTGCGG,0,1842540
hyuA_predicted,0.5,1,1,AACTTCCACGAGATTCGTAG,0,1864652
hyuA_predicted,0.5,1,1,AACTTACGAGCGGCTGTAGA,0,1861498
hyuA_predicted,0.5,1,1,AACTGGCGTAAAGAGACTTC,0,1861756
hyuA_predicted,0.5,1,1,AACTCGAAAGCTAAATGCGG,0,1862313
hyuA_predicted,0.5,1,1,AACTCAGCACTCGAGGTATC,0,1846693
hyuA_predicted,0.5,1,1,AACGGTTCTCACCGTGTGAA,0,1836605
hyuA_predicted,0.5,1,1,AACGGATAGGGCGGCGGGCG,0,1843984
hyuA_predicted,0.5,1,1,AACGGAAACAAGTCGCCGAG,0,1864017
hyuA_predicted,0.5,1,1,AACGAGGTGGGGACCCTATG,0,1833939
hyuA_predicted,0.5,1,1,AACGAGGCGTCGCGGGCCGC,0,1847914
hyuA_predicted,0.5,1,1,AACGAAATTCAAAGTTGTAA,0,1846992
hyuA_predicted,0.5,1,1,AACCGGCATGGCACACCATA,0,1840354
hyuA_predicted,0.5,1,1,AACCACTACTCTGGCTTCTT,0,1844591
hyuA_predicted,0.5,1,1,AACCAAACCACGCAGGGAGA,0,1832209
hyuA_predicted,0.5,1,1,AACATACTCCACGATGTGAA,0,1833067
hyuA_predicted,0.5,1,1,AACACCAATTCCTCACTCTC,0,1853285
hyuA_predicted,0.5,1,1,AACACAGCCTCTTTTGCGTT,0,1853338
hyuA_predicted,0.5,1,1,AAATTTGGGATCCCCTGAAG,0,1849105
hyuA_predicted,0.5,1,1,AAATTCGATTTGAGACCTGT,0,1865281
hyuA_predicted,0.5,1,1,AAATTCGAAGAGGGGTCCAC,0,1874143
hyuA_predicted,0.5,1,1,AAATGGCCAGGATACGCTGA,0,1858198
hyuA_predicted,0.5,1,1,AAATGGCATGCGATTGATGA,0,1876664
hyuA_predicted,0.5,1,1,AAATGCCCAGTGGTTGTTGC,0,1835531
hyuA_predicted,0.5,1,1,AAATCTTGTGCACTACAGTC,0,1864071
hyuA_predicted,0.5,1,1,AAATCTCAAAGGGGCGTCTG,0,1843287
hyuA_predicted,0.5,1,1,AAATCTACAATGTTCGTTTA,0,1832657
hyuA_predicted,0.5,1,1,AAATCAGCTGTGCAACAAGA,0,1861181
hyuA_predicted,0.5,1,1,AAATATTATCGGTTTGGGAA,0,1835075
hyuA_predicted,0.5,1,1,AAATACCGTCCTTCCAGGAA,0,1848758
hyuA_predicted,0.5,1,1,AAAGTTTCTGTCTTTATCGA,0,1870421
hyuA_predicted,0.5,1,1,AAAGTTGCCCTTCATGCTCT,0,1871897
hyuA_predicted,0.5,1,1,AAAGGCTCGTCAGGGGATTG,0,1873667
hyuA_predicted,0.5,1,1,AAAGGCCATGAAGCACGGCC,0,1861378
hyuA_predicted,0.5,1,1,AAAGCATCTGTACTTCCAAC,0,1849270
hyuA_predicted,0.5,1,1,AAAGATATACTCAGTGCGCA,0,1839028
hyuA_predicted,0.5,1,1,AAAGAGAGTAAAGACTTACA,0,1830447
hyuA_predicted,0.5,1,1,AAACTTATTAAAAGGCTCAA,0,1830939
hyuA_predicted,0.5,1,1,AAACGTTCGGCAAACGTTCA,0,1870798
hyuA_predicted,0.5,1,1,AAACGTGACGCTGCCGAACA,0,1842537
hyuA_predicted,0.5,1,1,AAACGGTCCCTCGGGGAGGG,0,1864429
hyuA_predicted,0.5,1,1,AAACGAGGCTATACAGTTAG,0,1874147
hyuA_predicted,0.5,1,1,AAACCAGTGCCTTTGGACGC,0,1877074
hyuA_predicted,0.5,1,1,AAACAGCAGGCTAGACCATG,0,1875981
hyuA_predicted,0.5,1,1,AAACACGAACATTTAGTATG,0,1838216
hyuA_predicted,0.5,1,1,AAAATGCATATCTTCCATCG,0,1865930
hyuA_predicted,0.5,1,1,AAAATCCGGGTGTCTTTATC,0,1877434
hyuA_predicted,0.5,1,1,AAAAGTATTTACCCGGCACT,0,1861348
hyuA_predicted,0.5,1,1,AAAAGGGTCTGGAAGCGGCA,0,1866753
hyuA_predicted,0.5,1,1,AAAACAATCGGTCAGCCGCA,0,1852479
hyuA_predicted,0.5,1,1,AAAAAGTATCAGTCGGGCTC,0,1830457
hyuA_predicted,0.5,1,1,AAAAAGGTGGAGGTGGCACT,0,1832544
hyuA_predicted,0.5,1,1,AAAAAAGTGAGGAAAAGAGC,0,1831098
hyuA_predicted,0.5,1,1,AAAAAAGCTCGCGGCTATCA,0,1858846
hyuA_predicted,36.0,35,0,AATTAATGTGGTAGGTAAGC,35,1866014
hyuA_predicted,35.0,34,0,CCGATTTGAACCCCCTTTGA,34,1850235
hyuA_predicted,34.0,33,0,TTTACCCGCGACGCCTGGCC,33,1871122
hyuA_predicted,33.0,32,0,TCGGACTTGGCCTTCCACGT,32,1837515
hyuA_predicted,31.0,30,0,GCGGGACGAACGTTGGGGTT,30,1835117
hyuA_predicted,29.0,28,0,GCGGTATTGGTATAACAATG,28,1840078
hyuA_predicted,28.0,27,0,ATTTTACGGTACCGTGCAGC,27,1865936
hyuA_predicted,27.0,26,0,GGCAGTACGTATGGTGAGGG,26,1838705
hyuA_predicted,26.0,25,0,CAGATGCGCCCTGCCCCCCG,25,1841747
hyuA_predicted,25.0,24,0,AATGGATGGATTAATGGGGG,24,1834601
hyuA_predicted,24.0,23,0,ACAGTCTCTTTAAGAGGCGT,23,1845682
hyuA_predicted,23.0,22,0,ACTTAGAGTTTTTTCGATCC,22,1833170
hyuA_predicted,22.0,21,0,TTCGCCCAATTAAGCGGGAA,21,1840723
hyuA_predicted,22.0,21,0,TCGGCCCCAGCACGTCAGTT,21,1844091
hyuA_predicted,22.0,21,0,GCATTCAAAACTCCGATGAG,21,1862756
hyuA_predicted,22.0,21,0,CTGCATGTGCAACGTAAGGG,21,1863817
hyuA_predicted,21.0,20,0,GGCATTGCAACGATAGCCAC,20,1876036
hyuA_predicted,21.0,20,0,ACGTTCCGGCGGGCGGCTTA,20,1844476
hyuA_predicted,20.0,19,0,CTCAGTGGAAATACGGTCCT,19,1846132
hyuA_predicted,19.0,18,0,TGTCGATCATACCCCCTAGA,18,1844693
hyuA_predicted,19.0,18,0,AGGGGAGAAACACCAACCCT,18,1835918
hyuA_predicted,18.0,17,0,GTCGAGAATTAGACTAAAAT,17,1875066
hyuA_predicted,18.0,17,0,GAGGTGCCGGTGCTTCGTTG,17,1850176
hyuA_predicted,18.0,17,0,CATTGGCCAGGGCATGACTC,17,1837847
hyuA_predicted,18.0,17,0,AGAATGATGAAAAGTAGGAG,17,1869587
hyuA_predicted,17.0,16,0,TAAATACAGGGCCAGTGCAA,16,1834559
hyuA_predicted,17.0,16,0,GGTAATCATGCTGCCACAGC,16,1844138
hyuA_predicted,17.0,16,0,GGGCGAGCGTACTTGGGGTT,16,1861271
hyuA_predicted,17.0,16,0,GGCACAACACCTTGTGGGCA,16,1847548
hyuA_predicted,17.0,16,0,GCTGTATGATAAGATAGCTA,16,1842392
hyuA_predicted,16.0,15,0,GCCAATGGAATAGGGCCTGC,15,1867164
hyuA_predicted,16.0,15,0,ATTCACATCACAGATTGGTT,15,1858976
hyuA_predicted,16.0,15,0,ACTCGCAGATCCCTGGGGTT,15,1844490
hyuA_predicted,16.0,15,0,AACCGGTATGCTATCGTAAG,15,1849112
hyuA_predicted,15.0,14,0,GGCCAACAATACTTAATCCC,14,1871034
hyuA_predicted,15.0,14,0,GGCATCTGCGCTTAATGATT,14,1846167
hyuA_predicted,15.0,14,0,GCTTTGTGGTTAAGCCAATG,14,1849729
hyuA_predicted,15.0,14,0,CGACAGCAGAGAGGTGTATT,14,1865737
hyuA_predicted,15.0,14,0,CAGACATGCTATACTAATAG,14,1870741
hyuA_predicted,14.0,13,0,GAAAACGGATCCTCACGGCT,13,1868933
hyuA_predicted,14.0,13,0,AGTAGGATGTTTTTGTGCCT,13,1846136
hyuA_predicted,14.0,13,0,AGCATTGTTGCGTCTTAGGT,13,1851743
hyuA_predicted,13.0,12,0,AGGACATAGCGCTCGCACGG,12,1874565
hyuA_predicted,12.0,11,0,GGCAACGCATATTTAGACCG,11,1844819
hyuA_predicted,12.0,11,0,CCCGTGTGTGCTCAAAGTTT,11,1875756
hyuA_predicted,12.0,11,0,CAATTTTTGTGAGCCGATTA,11,1833716
hyuA_predicted,12.0,11,0,AACTTGAGTGGCCCGTCGAT,11,1839307
hyuA_predicted,11.0,10,0,TGGGACCGATGTTTATGAGA,10,1856308
hyuA_predicted,11.0,10,0,TGGAAAAGTCAGACGAGGGG,10,1872158
hyuA_predicted,11.0,10,0,GCCGGAATATTCTATCATTT,10,1864144
hyuA_predicted,11.0,10,0,ATTTGTGACCGTACAACCTA,10,1873893
hyuA_predicted,11.0,10,0,ATCACTTAAGAATGGACCAT,10,1829468
hyuA_predicted,10.0,9,0,TAATCTATGGATGGACACAG,9,1867842
hyuA_predicted,10.0,9,0,CACGTCTTCCATCACCTAGG,9,1863201
hyuA_predicted,10.0,9,0,ACGATTGGGATCATGTGGAT,9,1869902
hyuA_predicted,9.0,8,0,GAAGACAAGAAGACTACTCC,8,1868233
hyuA_predicted,9.0,8,0,CTGGGAAGTCCGTCCGTCAT,8,1846396
hyuA_predicted,9.0,8,0,CGAAGTCACATTGTTCGTCG,8,1876739
hyuA_predicted,9.0,8,0,CAGGCTGCCCCCTATGCGTG,8,1858621
hyuA_predicted,9.0,8,0,ATCCGCCCGGGATGAGTGGT,8,1856597
hyuA_predicted,8.0,7,0,GGGCGGACCGGAAAGTGTCT,7,1828887
hyuA_predicted,8.0,7,0,GACTATGTAAGACCGATTTC,7,1849084
hyuA_predicted,8.0,7,0,CTTTCATCAGGCGCGGTTGC,7,1839777
hyuA_predicted,8.0,7,0,CTCGACTCGGTAAGATATGC,7,1846596
hyuA_predicted,8.0,7,0,CGACCTTTGACCCTGGCAAA,7,1846779
hyuA_predicted,7.0,6,0,GAGGGTCGCTTACACCGGGC,6,1877790
hyuA_predicted,7.0,6,0,CCATCAATCCGAGGAATAGA,6,1866821
hyuA_predicted,7.0,6,0,AGGGGTGCGGCCTTCGTCGT,6,1872071
hyuA_predicted,6.0,5,0,TCTGCGTCAACCCGTAAGAT,5,1874522
hyuA_predicted,6.0,5,0,CGACCTGACCCATGACCGCA,5,1855183
hyuA_predicted,6.0,5,0,ATTTCAGGCAATATTTGCGC,5,1861475
hyuA_predicted,6.0,5,0,ACTGAGCGAGGGCCACCCCT,5,1839708
hyuA_predicted,5.0,4,0,CTGGTTCTATGCGTTTGAGC,4,1867007
hyuA_predicted,5.0,4,0,CCCGGGTAAGTGTTATAACG,4,1839280
hyuA_predicted,5.0,4,0,AGCGCCAGCCCCCAGATAAA,4,1854623
hyuA_predicted,5.0,4,0,AATACAGCACTTGGACGCTC,4,1844985
hyuA_predicted,5.0,4,0,AAATTTCGCCCGATTCAGGA,4,1833815
hyuA_predicted,5.0,4,0,AAACACTATGATGGCATCCC,4,1871257
hyuA_predicted,4.0,3,0,GGTGTGTCTAGCGTCGGTAC,3,1850696
hyuA_predicted,4.0,3,0,GCAGCCAGCGCTACCTAATT,3,1850630
hyuA_predicted,4.0,3,0,CTAGCCACCGGACCAAGCTC,3,1855062
hyuA_predicted,4.0,3,0,ACGTTCCTTCTTTCAAGTGA,3,1861502
hyuA_predicted,4.0,3,0,ACGTCTAACGCATGCAGCGG,3,1844069
hyuA_predicted,4.0,3,0,AAAGAAACGATTTCCTTGGA,3,1831838
hyuA_predicted,3.0,2,0,TTAACAGCTAATCTATTTAG,2,1837907
hyuA_predicted,3.0,2,0,CGCTATAAATCAATTGTGCT,2,1856873
hyuA_predicted,3.0,2,0,CATTACGTGTTGACAAACCA,2,1864469
hyuA_predicted,2.0,1,0,TTTGGGGGCTAACGGTTCGA,1,1865125
hyuA_predicted,2.0,1,0,TTCGGGAGGCCTCTACATTG,1,1850637
hyuA_predicted,2.0,1,0,TCCATTCAGTCACACATTGT,1,1837680
hyuA_predicted,2.0,1,0,GGCCATTCCTACCGATCGAT,1,1834676
hyuA_predicted,2.0,1,0,GCGTCTTTAGTACTTGCCTC,1,1846775
hyuA_predicted,2.0,1,0,GCCGGGTGACTGTTCATATC,1,1873980
hyuA_predicted,2.0,1,0,GACACGAATCGTGGTCAGAC,1,1851138
hyuA_predicted,2.0,1,0,CCTATGCAAATGACTGAAGC,1,1877591
hyuA_predicted,2.0,1,0,CCTAGTGTCCCTGTCAGATC,1,1849117
hyuA_predicted,2.0,1,0,CACCCTCCTTAGCTACCGAG,1,1873496
hyuA_predicted,2.0,1,0,ATCATCATGCAGGATGGGTG,1,1870459
hyuA_predicted,2.0,1,0,AGGAAGGGTATAGGGCGAAA,1,1832032
