name,relative_counts,ct,ct_0,barcode,ct_1,barcode_ind
crpp3,0.2898089171974522,403,313,GTAATTGCCAGCAGAATGTT,90,758675
crpp3,0.36123348017621143,307,226,CTCCCGCTGCATATCTATAG,81,758717
crpp3,0.4105263157894737,266,189,CGGGGCGACTCGCGAAGTCG,77,775198
crpp3,0.5357142857142857,256,167,AAGTCATGGTGAGAAGGCTC,89,758469
crpp3,0.2948717948717949,200,155,GTGGTTAGGAATGAGGGGAG,45,771532
crpp3,0.527027027027027,224,147,CGATTCTTTATTTAATGTGA,77,784965
crpp3,0.5492957746478874,218,141,CATCTGATACCAACATAATA,77,758962
crpp3,0.058394160583941604,143,136,GGGATTCTAGGCCTCGATGC,7,769436
crpp3,0.8308823529411765,247,135,GGCTAAGATGGCTAGTGCTG,112,764867
crpp3,0.42962962962962964,191,134,TAGGAATACCGTCACCGACC,57,758402
crpp3,0.30158730158730157,162,125,AAAAAGGGTCAGTACCAGGT,37,773420
crpp3,0.11290322580645161,136,123,TCGTGCGCTATTAGGAGTTA,13,790005
crpp3,0.45081967213114754,175,121,AGCAAAGAATAGAAGCTAAT,54,758496
crpp3,0.875,223,119,CCTTGACTCAGTACAGAACT,104,766711
crpp3,0.7796610169491526,208,117,CAACTGCTGTTAAGATTTGA,91,760897
crpp3,0.35344827586206895,155,115,TGCCCGTCTGCTTTAAGAGA,40,776799
crpp3,0.33620689655172414,153,115,ATCACAGAGGCACGTACCTA,38,765848
crpp3,1.0803571428571428,231,111,TTTTACCGCCGAAACCTCTA,120,759702
crpp3,0.20535714285714285,133,111,TAAATCCGGCCAGTTGAATT,22,759023
crpp3,0.05357142857142857,116,111,CAAATAGTTCCAATGCCACA,5,761859
crpp3,0.24107142857142858,137,111,AGTAGACAAGTAAATCCGTA,26,763308
crpp3,0.4,152,109,TAGCTGGAGACCTGTAAGAC,43,767722
crpp3,0.14545454545454545,124,109,GACCATCGTTCGTTCGGATT,15,759166
crpp3,0.17592592592592593,125,107,GTCATACATGACGTTGTCGT,18,758851
crpp3,0.32407407407407407,141,107,CCTGACACGAATTTCACACG,34,787212
crpp3,0.6285714285714286,169,104,TGGATCTCGATAACGAGTAC,65,767389
crpp3,0.047619047619047616,108,104,GTAATAGCTTCACACGAAGA,4,759243
crpp3,0.20952380952380953,125,104,AGAAACGATAGGTCGTACAA,21,783676
crpp3,0.7692307692307693,182,103,CGTAACCCGGATAGTCGAAA,79,759204
crpp3,0.32038834951456313,134,102,TGGCGGCGCACCTATATTGA,32,764166
crpp3,1.3495145631067962,240,102,GAATCGCTTCACGGTCGTGG,138,779173
crpp3,0.1650485436893204,118,102,AACGTTCGACTCATCGATAA,16,780591
crpp3,0.18811881188118812,118,100,CTGAGTTCTTCTTTAGCAGG,18,771350
crpp3,0.25742574257425743,125,100,CTGAACTCCCCAAGAATCCA,25,769528
crpp3,0.3069306930693069,130,100,CACCCGCCGGACGTCTGCTA,30,768882
crpp3,0.18,116,99,GGACATTTTACAAGCACAGA,17,762510
crpp3,0.12,110,99,CTACTATGAGGCATGTTCAA,11,765661
crpp3,0.41414141414141414,138,98,AGTAATCAATGTGGCAGGGA,40,780742
crpp3,0.02040816326530612,98,97,CTCTATACTGGTTACGTAGT,1,766329
crpp3,0.6224489795918368,157,97,CGTGCCTAAGTTCATTGATT,60,774009
crpp3,0.32653061224489793,128,97,ACTCAGGGTGTGGATTACAG,31,760531
crpp3,0.8969072164948454,182,96,TGGACGCAGATAGAATGTGA,86,760133
crpp3,0.6770833333333334,159,95,GTGTGGGTTGGCGACGCGTT,64,762759
crpp3,0.6979166666666666,161,95,CGACGAATCACTCTGTTGAT,66,768648
crpp3,1.2526315789473683,212,94,GGAATGAAATACCTTCCATG,118,766914
crpp3,0.28421052631578947,120,94,ACATGACGGTGCGAAGTCCT,26,758497
crpp3,0.20652173913043478,109,91,GGAACCTGAAGATAGTATGT,18,779522
crpp3,0.13186813186813187,101,90,GTTTCCGTTTTCGGGGATAT,11,762204
crpp3,0.1111111111111111,98,89,TAACTGTATGGTGAAGGGAT,9,782747
crpp3,0.29213483146067415,113,88,CCATCCCAAAACAGAACAGT,25,761541
crpp3,0.38636363636363635,120,87,TTGGTGTGAAGACAAGACTG,33,761732
crpp3,1.2528735632183907,194,86,TCGCTTTCGGAACCTCCCTA,108,762232
crpp3,1.0,172,86,GCGGCCTCACTTGTTGAACA,86,763896
crpp3,0.6436781609195402,141,86,GACAGCCATTATATGATGTA,55,760660
crpp3,0.023255813953488372,86,85,TATAATCACCGCAAGAGCAG,1,759748
crpp3,0.5813953488372093,134,85,AAGTCGGCTATTGGCTGTTG,49,767954
crpp3,0.9176470588235294,161,84,TCGCCCGGTCGCACATCGAC,77,782233
crpp3,0.49411764705882355,125,84,CTTGCGGTATTTTTTACTTT,41,771217
crpp3,0.5058823529411764,126,84,CGTGCGGTTTATGTCTGAAG,42,759206
crpp3,1.0705882352941176,174,84,CGAGTTGCCGTCTCTAGGTA,90,762274
crpp3,0.3058823529411765,109,84,AAGGCCCGGTTTGTGGCCGA,25,765185
crpp3,0.21428571428571427,100,83,TATATGCGATAGAGGGGGAG,17,766473
crpp3,0.36904761904761907,113,83,CTTACAGAGAGGCGGGGCTA,30,788329
crpp3,4.488095238095238,459,83,ATGATACCATTACTCCGTCC,376,758603
crpp3,0.5952380952380952,132,83,AGTGTAGTATCTCACACGCG,49,767429
crpp3,0.20238095238095238,99,83,AATATATCGTAGTGATGGTT,16,788266
crpp3,0.9759036144578314,162,82,TGTAACCGCGGATTACCAAG,80,779373
crpp3,1.0120481927710843,165,82,CAAGGTGGCCTCCTTGTCAT,83,783418
crpp3,0.15853658536585366,93,81,GTGTAGAGGGCGCTATAATT,12,784445
crpp3,0.19753086419753085,95,80,TAGAGCTATTTTCCCCAAAG,15,774365
crpp3,0.16049382716049382,92,80,ATAGGAAGCACTTAAGAGGT,12,776175
crpp3,0.3125,103,79,AACAAGATGGAAAACGTTGC,24,759297
crpp3,0.34177215189873417,104,78,CGGTCGCAACTATACGAGTT,26,759024
crpp3,0.6075949367088608,125,78,AGGCATGTGGAAGGTTTAAT,47,764824
crpp3,0.14102564102564102,87,77,TAATCAACTGATTCCGTCAC,10,761776
crpp3,0.07692307692307693,82,77,GTTGGGAGTTGAAGCCCTAC,5,761543
crpp3,0.6153846153846154,124,77,GCCTATGATAAGTTCCTCGA,47,768854
crpp3,0.8333333333333334,141,77,AAAATCTCCGAGACGTTCCT,64,762008
crpp3,0.36363636363636365,103,76,TCTTGTTGAACTGGAGTATA,27,763386
crpp3,0.12987012987012986,85,76,TCACATACAGCATGAACACC,9,767824
crpp3,0.3157894736842105,98,75,TCACCCGCTTCTGGACACTT,23,775657
crpp3,0.13157894736842105,84,75,GGACGTTTAGATAAGCTTCC,9,768657
crpp3,0.3684210526315789,102,75,CATTTTCTTGTAGAGTTCAA,27,764632
crpp3,0.02631578947368421,76,75,CACTCGGTTCTCTCTGGCGA,1,768239
crpp3,0.25,93,75,AGGTACACCAAATGACGCCT,18,759630
crpp3,0.2,88,74,TTTGTGGGGTGGCAGCTGTT,14,758818
crpp3,0.06666666666666667,78,74,TTAGAGGCATTAACTCATGG,4,788635
crpp3,0.7333333333333333,128,74,GTAGATAACGGCATACGGAA,54,782370
crpp3,0.38666666666666666,102,74,GGACTAGGGAAGTTCGCCGC,28,767095
crpp3,0.48,109,74,GCGTCGGTGACCAACCGGGA,35,760014
crpp3,0.10666666666666667,81,74,CATATTGAAGGTTTTGTGTC,7,762668
crpp3,0.28378378378378377,93,73,GGCGAAAAGATGTGAATTGG,20,764453
crpp3,0.2972972972972973,94,73,GGACGTAACCTTGTCCGCTA,21,769011
crpp3,0.08108108108108109,78,73,CCTGCATACTCTTCCCACGC,5,760397
crpp3,0.1891891891891892,86,73,ATAGACTTATTGTAGGAGCT,13,760619
crpp3,1.5405405405405406,186,73,AACTATAGGTTCCTTTACGT,113,763635
crpp3,0.6164383561643836,116,72,TCGAGAGGCCATTAGACAAA,44,773095
crpp3,0.3972602739726027,100,72,TATCGGTCCAGCGCTGCCAA,28,758875
crpp3,0.0273972602739726,73,72,CTTACGTTTCGGCGGATATA,1,758498
crpp3,0.4794520547945205,106,72,ATGTTGCGGGGAGTATTCGT,34,770417
crpp3,0.3698630136986301,98,72,ATACTCTATAGAGTCCGTAT,26,770615
crpp3,6.739726027397261,563,72,AGCGATGGTGCGACCACAGT,491,759115
crpp3,0.2361111111111111,87,71,TCAATTATAACTGATTAATG,16,783837
crpp3,0.5138888888888888,107,71,GTGCTTAAAGCCACGCAGTT,36,770391
crpp3,0.4722222222222222,104,71,GTCAAGGGAAGTCTGAACGG,33,771355
crpp3,0.1527777777777778,81,71,GCTGCTGGGACAAACTTATG,10,771989
crpp3,0.4027777777777778,99,71,CGGATGGGTACCGTTTTCGA,28,785509
crpp3,1.125,151,71,ATGGGGGCTTCATCCTCAAT,80,760545
crpp3,0.5,106,71,AGGTGCTCACAACATTACAA,35,785137
crpp3,0.2535211267605634,87,70,GTAGGTCGTAACCGTGGATA,17,763141
crpp3,0.1267605633802817,78,70,CTGTCGGCTTAGCCACGTAC,8,776583
crpp3,0.9014084507042254,133,70,CGATGTTGTCTTCTTTAACT,63,785324
crpp3,0.09859154929577464,76,70,CATTTGGCCTAGATGTGTCA,6,759394
crpp3,0.11267605633802817,77,70,ATGCCCGGTGTCGTGAGGTA,7,780896
crpp3,0.2,82,69,TTTTTGGTCTTGTACACGAG,13,774002
crpp3,0.6,110,69,TAAAGAGGCAGATGAGCCTA,41,773933
crpp3,0.2857142857142857,88,69,GTCCAACGATCACCTTCGGA,19,764776
crpp3,0.05714285714285714,72,69,GAGTCCGCCTTGACAGCTGC,3,767625
crpp3,0.22857142857142856,84,69,CTGCACTTAAGGGGTAGAAA,15,772531
crpp3,0.22857142857142856,84,69,CTACCCATAGCTAATGAGCA,15,782242
crpp3,0.2857142857142857,88,69,CCTAGGGAGGTTGTCTCTGT,19,760191
crpp3,3.7285714285714286,329,69,AGGGTCGCATCGACTGGCAG,260,759930
crpp3,0.9,131,69,AATCAGGCTCTTTAATGGGA,62,781419
crpp3,0.855072463768116,126,68,GCGCTTGGTACTCGACAAGG,58,762585
crpp3,0.6811594202898551,114,68,CTCGCCATCAGCGGGGGGTT,46,760278
crpp3,0.42028985507246375,96,68,CGTTCCCACAACGGACCTTA,28,758575
crpp3,0.14492753623188406,77,68,CGTAGTTTCTTGTGTCCGGT,9,759668
crpp3,0.4492753623188406,98,68,CGCATACCACACTGGCCCTT,30,767855
crpp3,0.028985507246376812,69,68,ACTAAGGGGGAGTTTGGAGA,1,768781
crpp3,0.11764705882352941,74,67,TTTATCAAACCATCTGCGTC,7,761916
crpp3,0.5,100,67,TGGTGTGCATGCGCTGCTGT,33,781012
crpp3,0.2647058823529412,84,67,TAAGGACAAACGGAAGGCAT,17,774718
crpp3,0.27941176470588236,85,67,GGGAAAGGCTCTACAACCTT,18,770606
crpp3,2.25,219,67,GAGGCCCTCATAGGACCCAT,152,776173
crpp3,0.39705882352941174,93,67,GACCTCTACAAGGTTTCGCA,26,763841
crpp3,0.4411764705882353,96,67,CGGGTCACGTGCAGCAACCA,29,758754
crpp3,0.058823529411764705,70,67,CAAGTTCCAACACGGGTTCA,3,774407
crpp3,0.058823529411764705,70,67,AGGCTGGGGCGTCCTGAGAC,3,767952
crpp3,0.5294117647058824,102,67,AGACTTACGGTTTGAACCTT,35,783304
crpp3,0.3235294117647059,88,67,ACGTTTTATTCATTAGCTTG,21,774162
crpp3,0.8059701492537313,119,66,CCTGATCAGAGGAGGGCATT,53,785545
crpp3,0.9402985074626866,128,66,CAGGAGCAGAAGCTACTAAT,62,780514
crpp3,1.0606060606060606,134,65,TCAGTAAGTTTACATACGAA,69,776050
crpp3,0.045454545454545456,67,65,GTAAGCCCCCAGTTTAGCAA,2,785836
crpp3,1.0454545454545454,133,65,GACGCTGTCCAAAGTTGGAT,68,759927
crpp3,0.16666666666666666,75,65,AGTACGTGATTCTATTTTAG,10,760793
crpp3,0.4461538461538462,92,64,TGAGCCAGTACCTCAGTGAA,28,759513
crpp3,0.12307692307692308,71,64,GAGCTGAAAGGCGGTAGAGA,7,765467
crpp3,0.15384615384615385,73,64,CAGTATGCACGCCCTCCGGA,9,759050
crpp3,0.35384615384615387,86,64,ATTGTAGTCCGACTGGGTTT,22,767927
crpp3,0.2923076923076923,82,64,AGCTGTTCAGTGGCCGCAAT,18,780761
crpp3,0.40625,88,63,TACTTGAACATCTGTATCAG,25,773074
crpp3,0.375,86,63,TAAGGACCCCCAACTATTTG,23,775927
crpp3,0.203125,75,63,GCTGTGGGCACTACCATAAA,12,785035
crpp3,0.25,78,63,CTCCTGACTATGGTGTGGAC,15,779307
crpp3,0.265625,79,63,ATCGTGGTCCCTGACTACTT,16,770937
crpp3,0.140625,71,63,ATACAGGGTCTGGCCAGGGT,8,762255
crpp3,0.6875,106,63,AGGGGCAGGCTCATTACATG,43,771303
crpp3,0.5555555555555556,96,62,TTTCTGCAATATATGTTCGA,34,773407
crpp3,0.1746031746031746,72,62,TTATATACGAACCGGTGAAT,10,782049
crpp3,0.5396825396825397,95,62,TCAGCGTTCCAGTATTTTCA,33,761322
crpp3,0.5238095238095238,94,62,TCAAGGTAGTCAGCTAAGAA,32,766203
crpp3,1.5555555555555556,159,62,TATAACATCGAAGATTGACT,97,764359
crpp3,0.20634920634920634,74,62,GTGGCTCAGAGAAGCACGGA,12,770140
crpp3,0.47619047619047616,91,62,CTGGGGCGAGTAGGAACCAA,29,760640
crpp3,0.9682539682539683,122,62,CATCCATAATTACATCCATG,60,766494
crpp3,0.8888888888888888,117,62,AGTGGTATGGTGAACTCAGG,55,790560
crpp3,1.2380952380952381,139,62,AGGGTCCGCACCGGAGCTGT,77,763919
crpp3,0.15873015873015872,71,62,AGGCTCGTAGTCGCCGGGAG,9,766134
crpp3,0.2698412698412698,78,62,AGCGCCTCACATTTAACGAA,16,761272
crpp3,0.3870967741935484,84,61,TCCATCGGCAGTCGTAGGAT,23,767458
crpp3,0.25806451612903225,76,61,GCAGGATGTGTTCTCTCTTA,15,779391
crpp3,0.1774193548387097,71,61,ACGCATACCTTCGACCGGCT,10,784636
crpp3,0.06451612903225806,64,61,AAGAGAATTGGGTGGTCAGC,3,768630
crpp3,0.2786885245901639,76,60,TCGAGAGATTCATCCGGGTA,16,766336
crpp3,0.5245901639344263,91,60,GCAAAGGCGAGGATTTACGT,31,776049
crpp3,0.45901639344262296,87,60,GATTCTATGAATGCCAGTTT,27,759075
crpp3,0.26229508196721313,75,60,GATAGTCATTGTGCTAGTTC,15,790178
crpp3,1.6721311475409837,161,60,GAGGCCAGCAGGATAGCCAC,101,773189
crpp3,0.04918032786885246,62,60,GACCGTCCCATCTACTGCTA,2,773596
crpp3,0.6885245901639344,101,60,CAGGTCCAGATCGGCTACTT,41,768269
crpp3,0.16393442622950818,69,60,ATTAATTAAGTGCTGCGTGA,9,775810
crpp3,0.5245901639344263,91,60,AGTAACCTGCTTACCAGAAT,31,759604
crpp3,0.639344262295082,98,60,AATAGCGTGACGGAACGCTT,38,765818
crpp3,0.9344262295081968,116,60,AAACCGAACAAGAAGATTTG,56,777505
crpp3,0.5333333333333333,90,59,TGGATCCTGTTAGAGGATCA,31,768494
crpp3,0.06666666666666667,62,59,GTCCAGGTCTTCCCGGAAGA,3,760949
crpp3,0.5333333333333333,90,59,GCCAACTATGCGCCTGCTGT,31,766570
crpp3,0.4,82,59,GCACGGCGTGGCTGGTAAGT,23,784199
crpp3,0.6666666666666666,98,59,CTACGCGGAGTTAACAGATA,39,770550
crpp3,1.4833333333333334,147,59,CCTCTAGGTCCAGGCAGAAG,88,765956
crpp3,0.2,70,59,CACTACCCTTAGTTCCTCCA,11,772927
crpp3,0.06666666666666667,62,59,ATCACTGCATAGCGGTCAAT,3,789641
crpp3,1.3166666666666667,137,59,AGGTCTTGGCGATTATGCGA,78,765140
crpp3,0.13559322033898305,65,58,TTTAAGGTCGGAGTCTAAGC,7,781640
crpp3,0.7966101694915254,104,58,TAGAACGCTTCATGTCATTA,46,771440
crpp3,0.11864406779661017,64,58,GTGGGACATCCCATGCTTAA,6,790023
crpp3,0.5254237288135594,88,58,GCTTATTGCTAGGACAAGGC,30,769716
crpp3,1.2542372881355932,131,58,CTGCTGATGGCGTCTTGGCA,73,767795
crpp3,0.1694915254237288,67,58,CTCCGCTATCGGGTAGTAAA,9,759390
crpp3,1.1016949152542372,122,58,CATGGATTCCCGGTCAATCT,64,781702
crpp3,0.22033898305084745,70,58,AGTTACGGGATCATAGGGTT,12,763100
crpp3,0.3050847457627119,75,58,AGCTGGGGGTACCTGCGTTC,17,771159
crpp3,1.4137931034482758,138,57,TGCCTCTATCACCTCCTCGT,81,762704
crpp3,0.25862068965517243,71,57,TCGTAGGTAGCAGAAGCTAG,14,762511
crpp3,0.7413793103448276,99,57,TATGACCAATTGAATAACGT,42,769473
crpp3,0.25862068965517243,71,57,GTTAAGTCAAATCCGATTTA,14,759669
crpp3,0.1206896551724138,63,57,GCGGCGGATATCACGGATAA,6,769396
crpp3,0.1724137931034483,66,57,GCCTTATTGACATATGCCTT,9,786559
crpp3,0.22413793103448276,69,57,GAATCGTTATCACCCGGTCG,12,773758
crpp3,0.27586206896551724,72,57,CTGGCAGGGATCCAAATAAA,15,770221
crpp3,0.39655172413793105,79,57,CTCGTGGATGGAAATGGACT,22,759763
crpp3,0.25862068965517243,71,57,CGCCGATAATATTAACGACA,14,765209
crpp3,1.6379310344827587,151,57,CCCGTTTAAGTCTTGTCGTG,94,776974
crpp3,0.29310344827586204,73,57,CAGTCGCGCAGCTCTTATAG,16,770811
crpp3,0.3275862068965517,75,57,ATGCCAGATAAGACGCTAGA,18,787286
crpp3,0.2631578947368421,70,56,TTATAGAAACGTGCGTGAAG,14,787844
crpp3,0.8421052631578947,103,56,TTACTATTGAGCTTATCCGA,47,766442
crpp3,0.2982456140350877,72,56,TGCAGGGAAAACACATTTGT,16,761428
crpp3,0.3333333333333333,74,56,GGGTCTGCAGGGAGACTATA,18,786914
crpp3,0.3508771929824561,75,56,GCGTTCTTGGCAGAAAGTTC,19,762377
crpp3,0.543859649122807,86,56,GCGCGTACCCCCTGCTTTGA,30,770163
crpp3,0.38596491228070173,77,56,GCAGGTTCTCCTCAGCCTGA,21,763439
crpp3,0.19298245614035087,66,56,GAAGCCTTGGTTCACCCTTC,10,764428
crpp3,0.6491228070175439,92,56,CTTGATGGGTGTCCGAAGCA,36,759872
crpp3,0.24561403508771928,69,56,CACTGCAAATCACCTTGCTA,13,785168
crpp3,0.5614035087719298,87,56,CACAACGCGTAATTCTCAGC,31,760893
crpp3,0.7017543859649122,95,56,CAACCTTCGAGGCTCCATGT,39,771684
crpp3,0.03508771929824561,57,56,ATCGCGATTATTCCGACGGG,1,760255
crpp3,0.14035087719298245,63,56,AGAGTTCTGCGGATAAGATC,7,787510
crpp3,0.3333333333333333,74,56,AGAATACTAAAGCCCAGTTA,18,764384
crpp3,0.49122807017543857,83,56,ACTCATCGCGCATATTCAAT,27,764639
crpp3,0.9649122807017544,110,56,AACGGTGACCGTAACCGTGG,54,782153
crpp3,0.26785714285714285,69,55,TTGAAATGGAAATTACAGGT,14,767600
crpp3,0.6071428571428571,88,55,TGGAGGAAACGCTTGGACCA,33,779678
crpp3,0.35714285714285715,74,55,TGACTCACGCGTGCAACTGA,19,775358
crpp3,0.4642857142857143,80,55,TCGGGTATATAGTCGTCGTC,25,764265
crpp3,0.17857142857142858,64,55,TATAGAAGCCCGACAGCTCT,9,765704
crpp3,0.35714285714285715,74,55,TACAGTTCGTTAAAGTATGA,19,775085
crpp3,0.39285714285714285,76,55,GTGGCGCCGGGGTAGAATGA,21,776429
crpp3,0.32142857142857145,72,55,GGTGCACCAGACATGTCCTA,17,761897
crpp3,1.0178571428571428,111,55,GCAGCAGCTGTGCCTTAAAA,56,780610
crpp3,1.4107142857142858,133,55,GAATGAGCATGCATGGTGAA,78,780763
crpp3,2.75,208,55,CTAGGCAATCGGTAGAGATC,153,765294
crpp3,0.17857142857142858,64,55,CTAACAACCTGCGTCTTGTA,9,769056
crpp3,0.23214285714285715,67,55,CCGCATCCGCACTGGACGTA,12,765849
crpp3,0.35714285714285715,74,55,CATGTGCCTAATGAATATTA,19,780370
crpp3,0.03571428571428571,56,55,CACCATCTCCGAGGCAATTT,1,778676
crpp3,0.16071428571428573,63,55,AGTTCATTAATCTATGAGAC,8,761308
crpp3,0.7857142857142857,98,55,AGAACGTCATTAAAGACTCG,43,760565
crpp3,1.0714285714285714,114,55,AACTGGCAGCTAGAGAGCTA,59,767254
crpp3,4.035714285714286,280,55,AAAAACGGTTGTCCACAATA,225,774629
crpp3,0.509090909090909,81,54,TTTCCCCAATGTGTACCAAT,27,781084
crpp3,0.16363636363636364,62,54,TGGGCAAGTAGAGGGAATCA,8,759473
crpp3,0.12727272727272726,60,54,TAACTAATGTACGTGACTTT,6,765999
crpp3,0.7454545454545455,94,54,GTGCAACCTACAGTCTGTGT,40,762489
crpp3,0.43636363636363634,77,54,GTCGATGTTATGTGGTGCGT,23,777537
crpp3,0.32727272727272727,71,54,CGTATGACAAATGCGACTAA,17,765167
crpp3,0.32727272727272727,71,54,CGGTTATTTTAATAGCATAC,17,773334
crpp3,0.36363636363636365,73,54,CCTTGCGGTTGACCAGAGGT,19,762935
crpp3,0.6545454545454545,89,54,CCGCTCCATCCTACGCTCGG,35,774563
crpp3,0.23636363636363636,66,54,CAGTTATATGGGTCCTAATC,12,765636
crpp3,0.7636363636363637,95,54,AGTTCGTCGTGTATTTGGAA,41,777054
crpp3,0.05454545454545454,56,54,AGATTTTGTTAGTTACCGCT,2,772248
crpp3,0.36363636363636365,73,54,ACACAAAAGAGGTCTACGCG,19,759635
crpp3,0.037037037037037035,54,53,TTGTTGACTACCATTAGCAT,1,759384
crpp3,0.8148148148148148,96,53,TTCGCAATATGCCGCTAGCA,43,774587
crpp3,1.1481481481481481,114,53,TGTTGTCTTAGAGCCCCAAA,61,781420
crpp3,0.5925925925925926,84,53,TGATCACGGGCGCAGGCCTG,31,775338
crpp3,0.5555555555555556,82,53,TCATCCTCACGATGAGAAGT,29,785835
crpp3,0.3888888888888889,73,53,TAGACACAACCACGTCTATA,20,764813
crpp3,1.1851851851851851,116,53,GGCGGTGACCCTCAAAGGAA,63,782448
crpp3,1.2222222222222223,118,53,GCCATCACACGTGCGTGTTA,65,768583
crpp3,0.16666666666666666,61,53,GCCAAACGGTCTAATTGTCA,8,778813
crpp3,0.6481481481481481,87,53,GATTACCGCTTCGCCAGTCA,34,765171
crpp3,0.5370370370370371,81,53,CGTGCCTGAGGGGCGCGCTA,28,776099
crpp3,0.5,79,53,CCTGGAAGTCCCCTACCTCC,26,762325
crpp3,0.37037037037037035,72,53,CAACCGTGTTCCCACGGTTG,19,784871
crpp3,1.2407407407407407,119,53,ATGTTTTGTATAGTCCTGAC,66,786276
crpp3,0.8333333333333334,97,53,ATGTGGAGTTCATAATTTAG,44,765680
crpp3,0.16666666666666666,61,53,ATCTTCCAACTCCGGGTCTC,8,767118
crpp3,0.037037037037037035,54,53,AGTGCATGCGGCTGCACACA,1,759006
crpp3,0.5370370370370371,81,53,AGTCTGTAAGCAAAAGCTGA,28,767759
crpp3,0.5,79,53,AGTCGGCTTCTTCATGACTA,26,779647
crpp3,0.3333333333333333,70,53,ACCTGCGGGTGACGCGGTCT,17,769819
crpp3,0.09259259259259259,57,53,AACGGTTATCCCCAGGTTCG,4,777412
crpp3,1.528301886792453,132,52,TGTACTAAACAGTTGACCGT,80,770543
crpp3,2.2830188679245285,172,52,TGGATAGACACCTGCGCCAA,120,769428
crpp3,0.5283018867924528,79,52,TGAAGGTGGGAGGAACTAAT,27,769603
crpp3,1.0,104,52,TAGAGGCCCCGCGGCGTAGC,52,758896
crpp3,0.41509433962264153,73,52,GGCAACGGGGCCTTTACCGT,21,762038
crpp3,0.4716981132075472,76,52,GGACTACCATGGTGCATTAC,24,774259
crpp3,1.169811320754717,113,52,GAAAAGTTTTCATACAGATA,61,763588
crpp3,0.3584905660377358,70,52,CGTGCTGGCATGTCCACGCA,18,769133
crpp3,0.3584905660377358,70,52,CAACAATCACTATCTATCCA,18,763587
crpp3,0.8867924528301887,98,52,CAAATTTACCAACTGACCCT,46,767657
crpp3,0.39622641509433965,72,52,ATCGTTGGAACTCCCCGTCT,20,777446
crpp3,0.6153846153846154,82,51,TTACGCAGATGGGTGCAGTA,31,768425
crpp3,0.6923076923076923,86,51,TCGCGGCTCCTGAACGGCCA,35,765912
crpp3,0.057692307692307696,53,51,TCCGGAGGTTCAGCTCTCAA,2,779074
crpp3,0.23076923076923078,62,51,TAGATCTTAGACTGACTTTG,11,770038
crpp3,0.7692307692307693,90,51,GTTCAAAGGTCAGATTTTGC,39,788050
crpp3,0.038461538461538464,52,51,GCGAGAACTTAACGTTAGTA,1,776751
crpp3,0.6730769230769231,85,51,GCATGTATTGGAAAAGGATA,34,760661
crpp3,0.38461538461538464,70,51,CGTTTACTCATGAGTACTCC,19,778512
crpp3,0.75,89,51,CGTGAATCTGATCGCAAGTC,38,763138
crpp3,0.3076923076923077,66,51,CCTGCCGAGAACTTTGTTCT,15,777015
crpp3,0.07692307692307693,54,51,CATATAATAACCAAGGTGGT,3,772876
crpp3,0.19230769230769232,60,51,CAGTTGACCAGGTCAGTGCT,9,789188
crpp3,0.38461538461538464,70,51,ATTAGAATCATTTGTAAGCC,19,764372
crpp3,0.36538461538461536,69,51,AGTTCAACATCAGCCTGGAG,18,783622
crpp3,0.057692307692307696,53,51,ACTCATGGAATCCATATGAA,2,781811
crpp3,0.9423076923076923,99,51,ACAGTATGTTAGAGCCTCAG,48,765332
crpp3,0.2692307692307692,64,51,AACGTTAGCCGGACCGACGT,13,760005
crpp3,0.47058823529411764,73,50,TTGAGCCTATATTCGATAGA,23,780870
crpp3,0.8235294117647058,91,50,TTAGTGCAATGCGTATTGAA,41,777496
crpp3,0.09803921568627451,54,50,TGATGCCTGGATCCTTAGCG,4,761947
crpp3,0.13725490196078433,56,50,TCTGGGAGTAAACTGCATCA,6,765706
crpp3,0.45098039215686275,72,50,TACGTTCTCCTAGACAGGAT,22,771920
crpp3,0.35294117647058826,67,50,TACCTAAGAGGATATAGGTT,17,758509
crpp3,0.6274509803921569,81,50,GTTGGCCGGCAACCCCTTCA,31,763775
crpp3,0.6274509803921569,81,50,GTGACCCGTTCGACTGATAC,31,783615
crpp3,0.21568627450980393,60,50,GGTTACGGGCAGTTCACCAG,10,773236
crpp3,0.8235294117647058,91,50,GGTGTGGCCCTTAAGTGGAC,41,778076
crpp3,1.411764705882353,121,50,GAACAAGTGACCTAATGATA,71,779148
crpp3,0.0392156862745098,51,50,CGGATAATATAGTAGGCATC,1,777864
crpp3,2.411764705882353,172,50,CATGACCATATCGAATGGTG,122,775237
crpp3,0.23529411764705882,61,50,CAGCAGCTAGCAGCAGTCGC,11,759346
crpp3,1.2352941176470589,112,50,ACCCGTTAAGTTTGTTGATA,62,764612
crpp3,0.54,75,49,TTAAGATCGTTTTAGCTGCT,26,786300
crpp3,0.68,82,49,TGGGATTAGTTTTTTTTTCT,33,790330
crpp3,0.52,74,49,TCTGAAATATGAAGGTCAAG,25,759605
crpp3,0.38,67,49,TCGTTATTCGTCATCTGAAG,18,789351
crpp3,0.08,52,49,TCCGCCTCCTAGGGGTGCAG,3,770145
crpp3,2.26,161,49,TACGCGCGTAATCGGCCCAG,112,764740
crpp3,0.1,53,49,TACATTCCTGGGGCACATCT,4,773476
crpp3,0.22,59,49,TAAAAAAACCATACAGCGAC,10,763492
crpp3,0.28,62,49,GGTGGTTTGGCCATAGAATT,13,760123
crpp3,0.64,80,49,GCGGGATTCTCTGCTATTCT,31,779936
crpp3,0.26,61,49,GATTTCTCATCCCCGATAGG,12,774441
crpp3,0.18,57,49,GATAACTTAATGATCATCGA,8,787568
crpp3,0.28,62,49,GAGAGGTCAGCTCCAAATAA,13,779034
crpp3,0.2,58,49,CTTTGCTTTGGATATAGGGA,9,765819
crpp3,0.22,59,49,CTGTATTAGTGTCTCATAGA,10,767042
crpp3,5.16,306,49,CTGGTGCACTGCGAGGCACG,257,766968
crpp3,1.32,114,49,CGATGGTCGAATCTCCTTAT,65,764587
crpp3,0.46,71,49,CCACTATCGACGACGTTTCA,22,762062
crpp3,0.34,65,49,CCACGTCCAAGAGCGTGAAC,16,761698
crpp3,0.48,72,49,ATTCTTCTTGGCCGCGGTGA,23,786352
crpp3,0.52,74,49,ATGCGGATTGCTTTTCGAAA,25,772732
crpp3,0.04,50,49,ATGATCTTCCCGGCCCAGTA,1,763813
crpp3,3.4,218,49,AGTTTGTTGATCTACTGGCG,169,778075
crpp3,1.02,99,49,AGGTTTCGGACGTGATGTTT,50,776307
crpp3,0.84,90,49,AGCATAAGTTTGCAAATGAC,41,782835
crpp3,0.3,63,49,AGAGAAACGATGTCTATGAT,14,774006
crpp3,0.4,68,49,AAGGCCGGGATCGGGACTCT,19,781695
crpp3,0.24489795918367346,59,48,TGTAATATGGGGATACAAAA,11,762228
crpp3,0.9591836734693877,94,48,TCCCGAACACGGGCCTGTAT,46,767130
crpp3,0.8163265306122449,87,48,TCCCACTAGGTGACCAGCCT,39,790543
crpp3,0.3673469387755102,65,48,TAATAGGTAAAGGCGCGGGA,17,780898
crpp3,0.04081632653061224,49,48,GATCCTCTTGCGTCATAAAA,1,765091
crpp3,0.32653061224489793,63,48,CGCCTATCGCGAGAGTTTAC,15,776781
crpp3,0.04081632653061224,49,48,CGCCAGGTAAAGTAGACCAT,1,786425
crpp3,0.2653061224489796,60,48,CCCTGAGGGACTGTTCCGTC,12,787159
crpp3,0.7551020408163265,84,48,CAGCGCACATAACTTAATAT,36,765939
crpp3,0.3469387755102041,64,48,CAATGGTAATCTGGTTTAAC,16,773144
crpp3,0.1836734693877551,56,48,AGTTGGTTGCTACGCTAATC,8,770345
crpp3,1.1428571428571428,103,48,AGTACTTTTCGATTAGAGAA,55,788429
crpp3,0.20408163265306123,57,48,AGATAGCGAGGTGGGGCGAC,9,759363
crpp3,0.8775510204081632,90,48,AGAACTATGCGTGTGAAGGA,42,775982
crpp3,0.3469387755102041,64,48,ACCGATTTGGAAAAAGCTCT,16,786638
crpp3,0.9591836734693877,94,48,AATGCCTTTTTATACCTGAG,46,762443
crpp3,0.6666666666666666,78,47,TTGATCTAAGGACTCCGATC,31,766735
crpp3,0.5833333333333334,74,47,TTATGAGAAGACAATCGGCA,27,790637
crpp3,0.3333333333333333,62,47,TATACGGGGTTAACCGGTAA,15,788011
crpp3,0.7291666666666666,81,47,TAATGGTCATCGCAACGGGT,34,760054
crpp3,0.5625,73,47,TAATAATGACAATGCATTCA,26,776925
crpp3,0.4166666666666667,66,47,GTCAACTCAGGTGCTCAGAC,19,765466
crpp3,1.375,112,47,GTACGACCCAGATTTAGTAG,65,777413
crpp3,0.3125,61,47,GGGTAAATATCCTATGCATT,14,781462
crpp3,0.7083333333333334,80,47,CCTGGGCGGCGAAGCTTGCA,33,758795
crpp3,0.4583333333333333,68,47,CAGTTCGTATGTAACGTGGG,21,768326
crpp3,0.4375,67,47,AAGTCCTAATGTATCAAACA,20,761969
crpp3,0.875,88,47,AACTCAGCGGGGGTCGCATT,41,766499
crpp3,0.4791666666666667,69,47,AACGGTTCGAATGCGCCTAG,22,780267
crpp3,0.4166666666666667,66,47,AAATGCCCGAGACAGGTGAT,19,776841
crpp3,0.3617021276595745,62,46,TTGGCACGAGAGAAACTAGC,16,790901
crpp3,0.5531914893617021,71,46,TTGAGGCTGCTTCTGGATGA,25,769223
crpp3,0.7446808510638298,80,46,TTCACTCACGTCGTCTGTGG,34,763637
crpp3,0.8936170212765957,87,46,TTATTGCTCTACCGGAAGAA,41,764345
crpp3,0.23404255319148937,56,46,TGGGGTGAGTAAACGCGTGT,10,768897
crpp3,0.3404255319148936,61,46,TCTTAAATGTCTTCCGCTTG,15,783758
crpp3,0.46808510638297873,67,46,TAATGGCGAGCAGTCGTAAG,21,766947
crpp3,0.425531914893617,65,46,GTTGTTCCATGCCACCATGT,19,769860
crpp3,0.6170212765957447,74,46,GTGTTAACCAAGGTAAAAGT,28,770992
crpp3,0.44680851063829785,66,46,GTGGCCTTTCCGGAGCGGAC,20,766529
crpp3,1.2127659574468086,102,46,GTATCGTCTGATTAGCATCC,56,777185
crpp3,0.2127659574468085,55,46,GGTGGGAAAACGGAGCCCCC,9,765377
crpp3,0.23404255319148937,56,46,GCCAAAATGGCCCCTACGCT,10,760351
crpp3,0.5531914893617021,71,46,GAGCGACAATCTATGAATAT,25,758963
crpp3,0.3191489361702128,60,46,GAATTCGAGCGTTGACCCTT,14,769167
crpp3,0.425531914893617,65,46,CTACACCGGGGGTCTCCGCA,19,765957
crpp3,1.0638297872340425,95,46,CCGTACTAGGAGTAAGTCAA,49,768658
crpp3,0.1276595744680851,51,46,CAGCGAATCCGATAAACGTC,5,772340
crpp3,0.425531914893617,65,46,ATTCACCAGGCGATTTCTCC,19,790246
crpp3,0.19148936170212766,54,46,AGTTGGAAATGGAGGATTTA,8,764718
crpp3,1.2553191489361701,104,46,AGTCCAACCCACGTTACGTT,58,785583
crpp3,0.851063829787234,85,46,AGCTGTACTGAGTCATCCAC,39,767192
crpp3,2.108695652173913,141,45,TTCCATCTATTACGCCATCT,96,759578
crpp3,0.43478260869565216,64,45,TGTAAAGACCCCTTTGCGTA,19,766615
crpp3,0.2608695652173913,56,45,TAGTATGCTTATTTGAATCA,11,778004
crpp3,0.043478260869565216,46,45,TAATTTATATGCGTAAGGAT,1,786168
crpp3,0.5869565217391305,71,45,GTATAGGAGTATTAATGGCA,26,766910
crpp3,0.45652173913043476,65,45,GTAAGCGATACTTGGACATT,20,759798
crpp3,0.8043478260869565,81,45,CTTATTCAGGGCCTTACTCA,36,760446
crpp3,1.108695652173913,95,45,CCGAATTGTCGGACATTTTT,50,772301
crpp3,0.3695652173913043,61,45,CCCATAAGCGGTTATTCTTA,16,760342
crpp3,0.34782608695652173,60,45,ATTCGGCACTGTACGGACCT,15,769926
crpp3,0.5,67,45,ATGTTAAAGAATTAATAGGT,22,759525
crpp3,0.08695652173913043,48,45,ATCCACCTCGTGGATAAAGT,3,764124
crpp3,0.08695652173913043,48,45,ATAAGCAACTTTGGAATAAT,3,788865
crpp3,0.08695652173913043,48,45,AGACAATTCGAAATCGGATG,3,760109
crpp3,0.08695652173913043,48,45,ACTCATCCGCCATTCTGATT,3,779426
crpp3,0.21739130434782608,54,45,ACATTGCGGGATTGTAAATC,9,790293
crpp3,0.6888888888888889,74,44,TCATACTTTGGCCGTGTGAA,30,765116
crpp3,1.711111111111111,120,44,GTTCTGGGCGTTTCATGCTG,76,759925
crpp3,0.4,61,44,GTCCTGTCAGTGACTTAATT,17,771829
crpp3,0.9111111111111111,84,44,GTAACGACAGACTGGAATGC,40,772225
crpp3,0.6888888888888889,74,44,GGTTTAAAGCACTCCCCGAA,30,758510
crpp3,0.28888888888888886,56,44,GGCCGAAGGAGTGATTGCTA,12,773055
crpp3,0.5111111111111111,66,44,GAATCGAGTGGTAGAATCGT,22,772503
crpp3,1.4,106,44,CGTCTTTTCTTACATATGGA,62,769113
crpp3,0.044444444444444446,45,44,CGGCTTATGCCAGTTAGCAA,1,764923
crpp3,0.9777777777777777,87,44,CGGACGATGTCATTTGTCCT,43,785512
crpp3,0.4222222222222222,62,44,CGAAATACCCCAGTGGCGTA,18,764976
crpp3,0.17777777777777778,51,44,CCTTGATGCGGTATTAAAGA,7,776222
crpp3,0.2,52,44,CCTAAGCAGCCTGACACATA,8,765234
crpp3,0.15555555555555556,50,44,CCGATTCAACCTAGATAATT,6,784728
crpp3,0.4444444444444444,63,44,ATTGGTTATGATCCTGCTCA,19,773331
crpp3,0.28888888888888886,56,44,ATCGCCTTACGGGGTTCTAG,12,782512
crpp3,0.3111111111111111,57,44,ATCAATGCATGGGGCTAACG,13,768891
crpp3,0.7333333333333333,76,44,AGTTGGGTCGGTGCACAAGA,32,769763
crpp3,0.6444444444444445,72,44,AGTTGGGAGTAATGCAAGGA,28,759795
crpp3,0.2222222222222222,53,44,ACGGTCGCTTGCAATAATAG,9,772544
crpp3,0.5454545454545454,66,43,TTTGATTGGGAATACTTTGT,23,775884
crpp3,2.9318181818181817,171,43,TTGTAGATCGTGACACGTTG,128,780383
crpp3,0.2727272727272727,54,43,TGTCGTTCTAGATGCAATGT,11,783193
crpp3,0.09090909090909091,46,43,TGATCTCGGAAGCATGTAAA,3,786058
crpp3,0.9318181818181818,83,43,TCGTCCTGATGGTGAGGTAA,40,766964
crpp3,0.20454545454545456,51,43,TCGAAAGAAAATAATGTTGA,8,779579
crpp3,2.1818181818181817,138,43,TCATGGCTTCTCTCATAAGA,95,777408
crpp3,0.3409090909090909,57,43,TATGGCACAGTTTCACAAGA,14,759764
crpp3,0.3409090909090909,57,43,TACTCCAGATGTACATCTAC,14,761818
crpp3,1.5,108,43,GTCGATCCGGCCAACCGTAT,65,786259
crpp3,1.3409090909090908,101,43,GTAGCCCGTGGTGGAAGCAT,58,771826
crpp3,0.29545454545454547,55,43,CTGTTATAGCCAGGATATCA,12,765506
crpp3,0.4318181818181818,61,43,CTAGGCTAATGGAAGCTTGA,18,759614
crpp3,0.5909090909090909,68,43,CGCATATAGGAAATGTCCAC,25,766029
crpp3,0.25,53,43,CCTTAGACTACATCCAACTT,10,761867
crpp3,0.9772727272727273,85,43,ATTGGATAGCTTTGGCCGGT,42,766850
crpp3,0.4318181818181818,61,43,ATCTCGAGCTTAAACTGCTT,18,785368
crpp3,0.5227272727272727,65,43,AGTGGGGGTTCTAGTCACTG,22,767602
crpp3,0.045454545454545456,44,43,AGTACGGCCCTGAAAGCGCA,1,758943
crpp3,0.045454545454545456,44,43,AGGTATCCAGGGCGCTTCAC,1,779526
crpp3,0.25,53,43,AGCCCTCCGCCACGGTTCGA,10,765662
crpp3,0.29545454545454547,55,43,AGCCCCTGTAAGTTGGGAGG,12,764494
crpp3,0.36363636363636365,58,43,ACGGAGGATACTACCATCGC,15,759428
crpp3,0.4772727272727273,63,43,ACGCACTCATTTGGACGGGG,20,760241
crpp3,0.6363636363636364,70,43,AAACACTGGAGTTGAAAGGG,27,760980
crpp3,0.5813953488372093,66,42,TTACGGCTTATTGGAGAGGA,24,774408
crpp3,0.23255813953488372,51,42,TGGGTTTATGGATATTTGCC,9,773757
crpp3,1.069767441860465,87,42,TGCTTGTGTTAGCCACCATG,45,780587
crpp3,0.06976744186046512,44,42,TGACTGCGCAAACGTAAACG,2,769784
crpp3,1.6511627906976745,112,42,TAAGAGATGACGATTTAGGA,70,777744
crpp3,2.0232558139534884,128,42,GTAGCGGAGGTGGAAGCCTC,86,766367
crpp3,0.5116279069767442,63,42,GGTGTGATGGAATGCCTCGT,21,781186
crpp3,0.37209302325581395,57,42,GGGTTACTGACCTGGCAAGC,15,779700
crpp3,0.20930232558139536,50,42,GGATTCAGGCATCAGCCGGC,8,784699
crpp3,0.4418604651162791,60,42,GACAGCCATTGCTGAATCCA,18,775608
crpp3,1.186046511627907,92,42,GACAAGGACGCAAGGCAGAA,50,784548
crpp3,0.27906976744186046,53,42,CCGTCTTCTAGCGATACTTT,11,759371
crpp3,1.186046511627907,92,42,CCATATGTTAGAGTAAGGAA,50,774226
crpp3,0.09302325581395349,45,42,CAGGCCCTCAGATCGACCAA,3,785107
crpp3,0.2558139534883721,52,42,ATTAGGGCTAACGGCATTTT,10,759638
crpp3,0.046511627906976744,43,42,ATATACAGACTGAACATTAT,1,782238
crpp3,0.8372093023255814,77,42,ATAATAACAGCACGTCAACT,35,776947
crpp3,0.6511627906976745,69,42,AGTTGCGAGCTGTAAGTCTT,27,759347
crpp3,0.3953488372093023,58,42,AGATCCCGTATGGTGCCTGA,16,781938
crpp3,0.3953488372093023,58,42,ACTTGTGTAGTACGTCAGTT,16,768587
crpp3,1.069767441860465,87,42,ACCCGTCTAGGCCACGGAAT,45,770141
crpp3,0.4883720930232558,62,42,ACCACGGCCTGTACAAAGAT,20,771540
crpp3,0.11627906976744186,46,42,ACAAGAGAGCGGGTAGAGAA,4,765621
crpp3,0.16279069767441862,48,42,AATGAGGGATATGAACAGAG,6,779427
crpp3,0.42857142857142855,58,41,TTCTTACTACGGAGACGCGT,17,767732
crpp3,0.7142857142857143,70,41,TCTCCTGGTCCAATCGCGAA,29,759873
crpp3,0.9761904761904762,81,41,TCCATGGGGAACTTAGACAT,40,779340
crpp3,4.190476190476191,216,41,TATCGATGGGTCGGGTCATC,175,788430
crpp3,0.38095238095238093,56,41,TACGGCAAAGTTCGAGGATA,15,786748
crpp3,0.40476190476190477,57,41,TAAATAAGGTATCGCGGTAA,16,766989
crpp3,0.30952380952380953,53,41,GTTATGACCTACAGACACAG,12,768892
crpp3,1.2619047619047619,93,41,GGTCTCGTTTGTATCCTTTA,52,764316
crpp3,0.47619047619047616,60,41,GGGGCATAAGGGAAGAGGAA,19,770222
crpp3,0.8571428571428571,76,41,GGGGAGTCCTATGGTCACAC,35,778909
crpp3,0.21428571428571427,49,41,GGATGTAGAAGTGTTTTATA,8,777561
crpp3,0.4523809523809524,59,41,GGATCTATTTAACTGTGCAG,18,784515
crpp3,0.6904761904761905,69,41,GGATCACCGGAAAAAAAAAA,28,760343
crpp3,0.9761904761904762,81,41,GAAATCCTATGGTTCGCGGG,40,776982
crpp3,0.40476190476190477,57,41,CTTCTGTCTTTACATCAAGC,16,760081
crpp3,0.6904761904761905,69,41,CTGAGCTTTAAAAGGCTCTC,28,774195
crpp3,0.11904761904761904,45,41,CTAGAAGATCACGTTTGGAT,4,773051
crpp3,0.2619047619047619,51,41,CGGCTTCTGTCGTGGTGTAT,10,776373
crpp3,0.9523809523809523,80,41,CCTACTCAGGGACACGTTCT,39,764529
crpp3,0.21428571428571427,49,41,CCTACGGAAAATAAAACTTA,8,783181
crpp3,0.9523809523809523,80,41,CCCTTATTTGCCTTGTAAGC,39,767356
crpp3,0.5238095238095238,62,41,CCAATCAGTGCTTAATGCCA,21,766565
crpp3,0.23809523809523808,50,41,CATAGGCGTAACGCAGTTGA,9,767492
crpp3,0.6428571428571429,67,41,CAGCGCACTGGTATGCTTAA,26,770056
crpp3,0.4523809523809524,59,41,CACTCGTAATAGCGACACAG,18,773962
crpp3,0.7142857142857143,70,41,CACTCCTGTTCATAGCCGAA,29,773198
crpp3,0.047619047619047616,42,41,ATTCTTGTGATCGTCGTTGT,1,767895
crpp3,0.23809523809523808,50,41,ATCTTTAGCATAATCTGTTA,9,761447
crpp3,0.14285714285714285,46,41,ATCCTCCTGCCAAGGTCTTA,5,773286
crpp3,0.7380952380952381,71,41,AGCTTACGGAATTCAGCGCA,30,780022
crpp3,0.7857142857142857,73,41,AGAACGGCGTGGTACCGTAT,32,778883
crpp3,0.07142857142857142,43,41,ACCTCACGCGGAGCGGATAT,2,773276
crpp3,0.3333333333333333,54,41,ACCTATATTTGTTTTTGCTT,13,787656
crpp3,1.1666666666666667,89,41,ACCGGTTATTTAGAAAATGT,48,771882
crpp3,0.8809523809523809,77,41,AATGGAAGTATAGAACCGCA,36,762417
crpp3,0.4146341463414634,56,40,TTGATATATTGGCTCGTTAT,16,768485
crpp3,0.12195121951219512,44,40,TTCATTCGATAACTTAGTAG,4,782371
crpp3,0.43902439024390244,57,40,TGAGTATATCCGCTCTGCGC,17,768493
crpp3,0.926829268292683,77,40,TCCCCCGGCCTAGAATTAAT,37,759981
crpp3,0.5609756097560976,62,40,TATCAGATTTATCCTATCGA,22,788979
crpp3,0.21951219512195122,48,40,GTTTACTGTGTTTTTGATGT,8,763551
crpp3,0.1951219512195122,47,40,GTTATATGATTCTCGTCGAA,7,787459
crpp3,0.7317073170731707,69,40,GTCACGCGAGTAGGAAGTCC,29,767796
crpp3,0.04878048780487805,41,40,GGGTAAGTCCGTCAAGGAGT,1,761540
crpp3,0.17073170731707318,46,40,GGGATCCGGTAGTTAGATAG,6,776430
crpp3,0.21951219512195122,48,40,GAGCCCCGCAACCATGGAGA,8,762164
crpp3,0.8780487804878049,75,40,GACTTTGTTCATCACGGATT,35,773306
crpp3,0.5365853658536586,61,40,CGGCCATTGGACACAACGCT,21,779374
crpp3,0.34146341463414637,53,40,CGCAGCAAAAGTGATGATCT,13,763567
crpp3,0.8048780487804879,72,40,CGCACACACAGGGAAGTTAA,32,778067
crpp3,0.5853658536585366,63,40,CGAGAGGTGGCAGGTGGTCA,23,782726
crpp3,0.8292682926829268,73,40,CCTCTGCGCCGACCGTGGGG,33,773906
crpp3,1.0731707317073171,83,40,CCTACGATCTAGGTAGGAAC,43,781050
crpp3,0.2926829268292683,51,40,CATCTGTCCCACGGTTGCAG,11,761077
crpp3,0.3170731707317073,52,40,CATCACTCTGAGCCAAAGTA,12,782331
crpp3,0.21951219512195122,48,40,CATACTATATGTGAGAATAC,8,762778
crpp3,0.2926829268292683,51,40,CAGTCTATTTATCGTGGCCA,11,771803
crpp3,0.7804878048780488,71,40,CAAGCCATACGCAGTACAAA,31,779054
crpp3,0.5365853658536586,61,40,ATGGGTGCACCATCTCGAGA,21,759277
crpp3,0.14634146341463414,45,40,ATGATACGACATAGTCTGGG,5,773475
crpp3,0.5121951219512195,60,40,AGTGTTTAAATCTGCACCAT,20,764042
crpp3,0.21951219512195122,48,40,AGAGCTGCGTTTTCGTGACA,8,777438
crpp3,0.3902439024390244,55,40,AGAAGTTTAATTTGCGGGAT,15,785939
crpp3,0.5121951219512195,60,40,ACCCTAGTTGGGTTGATCCG,20,779816
crpp3,0.2682926829268293,50,40,AAGGGAGAAATTGGGCTATC,10,783391
crpp3,0.6341463414634146,65,40,AAGAGCTTACATCGTCACAC,25,787423
crpp3,0.375,53,39,TTTAGATCCACTTCAGGATT,14,768615
crpp3,0.25,48,39,TTGGGATGTACATGCACGGT,9,771780
crpp3,0.3,50,39,TTAACTACATGAAAGAAAAT,11,771134
crpp3,0.05,40,39,TGATTGGATTCCAACATAGA,1,758769
crpp3,0.5,58,39,TCCGAGGAATTTTCCCCACT,19,764686
crpp3,0.325,51,39,TCAACGTACGCAAACGTCTA,12,768185
crpp3,0.575,61,39,TATAACAACTTCACTGTTGA,22,778984
crpp3,1.65,104,39,GGTTGGCCACTGGCAGAAGA,65,785422
crpp3,0.625,63,39,GGCTCACCTCTGAGTACTAA,24,771034
crpp3,2.8,150,39,GGCGCCTAGGAAGAGGTTCG,111,758623
crpp3,0.4,54,39,GGAGCCGTACGGAGAATTGC,15,784756
crpp3,0.575,61,39,GCATTGAGCCTATAGCTGTA,22,776944
crpp3,0.6,62,39,GACTACTAGGTTGCGTTGTA,23,767234
crpp3,0.4,54,39,GACGCTGGTGGCTTTGCCAT,15,769105
crpp3,0.875,73,39,GACGCGACGGATGTTAGGCA,34,775063
crpp3,0.325,51,39,CTTTAGTTATAACTTGGTCT,12,780539
crpp3,0.85,72,39,CTTCTAAGCGCATGTTGAAC,33,769264
crpp3,0.325,51,39,CTTACCCAAAGGTTCCTACA,12,773341
crpp3,0.125,43,39,CTCTAAATATGCATACAGAA,4,761929
crpp3,1.15,84,39,CTACACTTAGGATCCTTCTC,45,775710
crpp3,0.175,45,39,CGTTCTTGACGCCTTTCGAT,6,773804
crpp3,0.45,56,39,CGTAGCTCGTCACCCCCGTA,17,785097
crpp3,0.1,42,39,CGGCGGCGGGATCCTCTCAT,3,764536
crpp3,0.45,56,39,CCTATTGTTGTCACGAATGA,17,771421
crpp3,0.575,61,39,CCGTTTATAGTAGCTATGGG,22,763289
crpp3,0.55,60,39,CCACGTTCCGCCCACTCAGT,21,786895
crpp3,0.625,63,39,CATGCGCGGTCCGTTAACTT,24,760627
crpp3,1.05,80,39,CACTGACTATGGTCAACCGG,41,761076
crpp3,0.625,63,39,ATTAACGTAGGGGGTCGAAC,24,766332
crpp3,0.3,50,39,ATGTGAGGGAAGGACTGAAA,11,762699
crpp3,0.4,54,39,ATGTCTCAGGCCCGCGGTTG,15,775491
crpp3,0.4,54,39,ATACGGTTAACTGACAACAC,15,775904
crpp3,0.125,43,39,AGTCTTAACTGCTCCCGGGA,4,788072
crpp3,0.65,64,39,AGGGCGTATCTAGGCGTAGC,25,775649
crpp3,0.45,56,39,AGCTAAGTGGCTCACACTGC,17,770379
crpp3,0.7,66,39,AGAGTGTCCCCCGGTAGCTG,27,768088
crpp3,2.525,139,39,ACGTACGAAAGTTATTGTAC,100,760812
crpp3,0.55,60,39,ACCCCCGAACGGATCGTTAC,21,760964
crpp3,0.7,66,39,ACAGCCTACTCGTTATCGGC,27,783509
crpp3,0.675,65,39,AATGTTGATATCAACAACAC,26,771724
crpp3,0.175,45,39,AAGGTTAGGTTGTCTCAAGT,6,759260
crpp3,1.1282051282051282,81,38,TTGTACGCCCACTCATCTGT,43,788411
crpp3,0.05128205128205128,39,38,TGGTCATAGCATGTGTAGAG,1,766115
crpp3,0.41025641025641024,53,38,TGGAGTCTAGTGACGTTTGA,15,763441
crpp3,0.46153846153846156,55,38,TCTGCGCGGCCGCTAAGCTG,17,763513
crpp3,0.358974358974359,51,38,TATTGATTGTGTTCCACGGG,13,767735
crpp3,0.3333333333333333,50,38,TACGCCCTGAGCTGAAAGGT,12,779026
crpp3,0.5384615384615384,58,38,TAAGGGTCATCGTTGGACCC,20,771918
crpp3,2.3846153846153846,130,38,GTCTCAACAAGTAGGGCTCA,92,772583
crpp3,0.46153846153846156,55,38,GTAAACACTTATTTCACATC,17,760923
crpp3,0.6666666666666666,63,38,GGCTAAGCGGAGAGATGGAG,25,761580
crpp3,0.4358974358974359,54,38,GGCGATCTTGCCACGAACTG,16,777495
crpp3,0.41025641025641024,53,38,GCAGGACGACGTCCTGGTCG,15,785161
crpp3,0.1794871794871795,44,38,GACAACAGTTTGGCTAACAC,6,767490
crpp3,0.5897435897435898,60,38,CTTGTGAGTTTTACATTGGC,22,781082
crpp3,0.48717948717948717,56,38,CTTGAGGGAGTTTAAATCGA,18,775773
crpp3,2.076923076923077,118,38,CTAAATTGGTTCCCATCGGA,80,784967
crpp3,1.5384615384615385,97,38,CGAAGGCGGCTCCTCGGTAT,59,765500
crpp3,0.28205128205128205,48,38,CCTACAATCAGCGGCTCATC,10,767013
crpp3,0.6923076923076923,64,38,CCGATGTGGCGGGCAAAGAA,26,785412
crpp3,0.10256410256410256,41,38,CAATGCTGAACAAGGTTTTA,3,761196
crpp3,0.28205128205128205,48,38,ATTGTGAGATGCCTGCGCTT,10,779578
crpp3,0.3076923076923077,49,38,ATTCACGGGAAAACAAACGA,11,763955
crpp3,0.2564102564102564,47,38,ATTAAGATGAGCGGTTTGGA,9,768958
crpp3,1.5128205128205128,96,38,ATGGCCCTCTCACCAACGGA,58,780463
crpp3,0.5384615384615384,58,38,ATGACTCATAAGTCAGCAAT,20,782635
crpp3,0.41025641025641024,53,38,ATACTATACGTGCTCAGTAT,15,761678
crpp3,0.05128205128205128,39,38,AGTTGGAACACTTACGAGTT,1,769487
crpp3,0.20512820512820512,45,38,AGCTCTACTGCCGCCTCCCG,7,758470
crpp3,0.28205128205128205,48,38,AGCGGCACTGAGATCAACCA,10,788985
crpp3,0.41025641025641024,53,38,AGACAGGGATATCTGCAATT,15,784438
crpp3,0.1282051282051282,42,38,AGAAGTCTACATCAGGATCT,4,787797
crpp3,1.0769230769230769,79,38,ACCGAGAGGTTGCCCTCGAG,41,778913
crpp3,0.4358974358974359,54,38,AAGGTCTCCGCCGAAGTCGT,16,771919
crpp3,0.358974358974359,51,38,AAGCTTTTGTTTAGAGAAGA,13,759609
crpp3,0.5384615384615384,58,38,AAGCACTGGCCAATGGAGGT,20,773833
crpp3,0.05128205128205128,39,38,AAGACCGCCCTCCGTGGAGA,1,779937
crpp3,1.0526315789473684,76,37,TTTTACACAGCGTATTTTTA,39,779731
crpp3,0.5,55,37,TTTGCCATCGTTACGCTGCA,18,777357
crpp3,1.131578947368421,79,37,TTGATTTCGATCATTACTTA,42,766291
crpp3,1.0,74,37,TTCGGACGTGTCAATATGCA,37,775668
crpp3,0.6578947368421053,61,37,TGTTAACGCCCAATTAACTA,24,760799
crpp3,0.13157894736842105,41,37,TGCCGCACCACCAGTGACTT,4,787085
crpp3,0.39473684210526316,51,37,TGATCGAGTTTTTATACACT,14,776245
crpp3,2.5789473684210527,134,37,TCTTGCTCTTGACTGGTAAT,97,777296
crpp3,0.6578947368421053,61,37,TCGGCACTGTGCTATTATGA,24,771395
crpp3,1.631578947368421,98,37,TCCCGATGCATCGTAAGGCC,61,766269
crpp3,0.8421052631578947,68,37,TCAGCATTCCTCTCCAATAT,31,786261
crpp3,0.3684210526315789,50,37,TACCTCAGTAGATTTACACT,13,762971
crpp3,0.5,55,37,GGGCTCCAAATTCCAGCAAG,18,778501
crpp3,0.23684210526315788,45,37,GGGAAAGCTGGTATGTTCGA,8,780313
crpp3,2.0526315789473686,114,37,GACGTGTTCAGCGCTACGTC,77,783723
crpp3,0.3157894736842105,48,37,GAACCCTTAGCCGGTCGGTT,11,764267
crpp3,1.0526315789473684,76,37,CTTTGTCGTGTGGAGTCTCA,39,760925
crpp3,0.13157894736842105,41,37,CTGCTGACTTCTCCATATGA,4,772611
crpp3,0.3157894736842105,48,37,CCTATCGAGAACTTATTTCA,11,782375
crpp3,1.868421052631579,107,37,CCCCGGAGACTGGGTATTCA,70,786870
crpp3,2.9473684210526314,148,37,CCATCACATTCTAGGCATTG,111,785927
crpp3,0.47368421052631576,54,37,CACGTGCCGTCATATTTATG,17,761051
crpp3,0.05263157894736842,38,37,ATGACACCAACGTCAAGCCG,1,774930
crpp3,1.263157894736842,84,37,ATCTTGTGACACGTCGCTTG,47,765235
crpp3,0.631578947368421,60,37,AGTCCCCACGTCGGGATTAA,23,783104
crpp3,1.6578947368421053,99,37,AGTCAGAATTGTAGGTTGCT,62,787051
crpp3,0.39473684210526316,51,37,ACTATGCCAGGGGCTTTCAC,14,766253
crpp3,0.34210526315789475,49,37,ACACCCGATATCGCGGCACA,12,771626
crpp3,0.7368421052631579,64,37,AATGCGAAGGTCCTCATCCA,27,760978
crpp3,0.7105263157894737,63,37,AATATGACCAAGCTTTTCGT,26,772845
crpp3,0.9210526315789473,71,37,AAGGTACCAACGGCCACCAG,34,762718
crpp3,0.5526315789473685,57,37,AACAACCTTGACTCCTCAGC,20,759888
crpp3,1.3421052631578947,87,37,AAATTATGTTGGGGGAGATA,50,762230
crpp3,0.13513513513513514,40,36,TTTTAAGAGCTCAAGTCCTT,4,781954
crpp3,0.2972972972972973,46,36,TTTGCATCCCGGTCGGTAAG,10,790472
crpp3,0.2972972972972973,46,36,TTTCGCGATAAAATGACGTT,10,768593
crpp3,0.5945945945945946,57,36,TGTTACGGCTAGAGTGCTGC,21,760931
crpp3,1.4324324324324325,88,36,TGATATTTTGGAGGAGCCCT,52,788609
crpp3,0.40540540540540543,50,36,TCATCCCCGCAACAACACAG,14,758894
crpp3,2.054054054054054,111,36,TAGGGTACTATTCGAGCGAG,75,773911
crpp3,0.5405405405405406,55,36,GTCTAGCCTCTACTGGGTGC,19,769965
crpp3,0.4864864864864865,53,36,GTCACCGGAGGGGTAGGTCC,17,765133
crpp3,0.6216216216216216,58,36,GTATGCCGACATCTCTACCG,22,790455
crpp3,0.3783783783783784,49,36,GGTGAGACGACTCCCCACGT,13,761599
crpp3,0.6756756756756757,60,36,GGGCGTGAGGGATTAATGAG,24,759975
crpp3,0.08108108108108109,38,36,GCCTCTCCCAACTTCCGAAA,2,765915
crpp3,0.5135135135135135,54,36,GCCCGCGTGGGGTACATCTT,18,770847
crpp3,0.5405405405405406,55,36,GCAAAAACAACGTGTGTACT,19,760505
crpp3,0.5945945945945946,57,36,GATGCGAGTATGTGTGGGAT,21,773944
crpp3,0.7567567567567568,63,36,GATAGGTCTTCTAGTCCCGT,27,782506
crpp3,0.05405405405405406,37,36,GATAGCTCAGTTCAGCTCAC,1,771923
crpp3,0.2972972972972973,46,36,GAGCCCTAGCGAGTTTCCTT,10,765005
crpp3,0.5675675675675675,56,36,GAGCAAACCCCGGTGCTAAA,20,764476
crpp3,0.918918918918919,69,36,CGTCTCTTCTCACCCCGAAT,33,783667
crpp3,0.8648648648648649,67,36,CCATCGGGGGGGCTATGACA,31,776756
crpp3,0.24324324324324326,44,36,CCATAGACACATCGAAGTGC,8,771304
crpp3,0.35135135135135137,48,36,CACCAAGGCACCGAAAAAAT,12,760973
crpp3,0.05405405405405406,37,36,CAAACGTGCACCCTTGCGAC,1,785032
crpp3,0.2972972972972973,46,36,AGTAGGCAAGAAGTGGGTCA,10,766805
crpp3,0.8918918918918919,68,36,AGACTATTCACTCGCGCAAC,32,763028
crpp3,0.21621621621621623,43,36,ACGGTGTAGTGAAGTGTACT,7,768694
crpp3,0.4864864864864865,53,36,AAGTAGACCCTCATCAAGGT,17,774555
crpp3,0.1891891891891892,42,36,AAGAACACGTTGTGGCCTGG,6,762485
crpp3,0.3783783783783784,49,36,AACTATTTGTGTCATAGAGT,13,789722
crpp3,2.888888888888889,138,35,TGTTAACAATGGATAAAAGA,103,781309
crpp3,1.4166666666666667,85,35,TGCTGCTATTAGTATTGACT,50,774227
crpp3,1.0,70,35,TCTACTGAGGCGACGGGGTT,35,765637
crpp3,0.05555555555555555,36,35,TCGCAGACGGTAAGGGCGGG,1,758698
crpp3,0.6111111111111112,56,35,TCGCACTGGCTGTATAAAAG,21,758900
crpp3,2.9166666666666665,139,35,TCCGCGCTTCCGTTTGAGGC,104,766540
crpp3,0.3333333333333333,46,35,TATTACTCGAGGCATAGGTG,11,778063
crpp3,0.3333333333333333,46,35,TATGGGAAGTGCGTATACAT,11,775975
crpp3,0.7222222222222222,60,35,TAGGTTTACTCCCTTTTATC,25,773683
crpp3,0.7777777777777778,62,35,TAGGAGAGTCAGACGGAATA,27,763098
crpp3,0.75,61,35,GTGGGCAGGAGGGATTTTTG,26,759278
crpp3,1.7222222222222223,96,35,GTGGCCAGCGGCATGGATCT,61,759257
crpp3,0.05555555555555555,36,35,GTCCACTCCACGTACTGTTG,1,778908
crpp3,1.1944444444444444,77,35,GTAATTGGCTATGATATGCT,42,789724
crpp3,0.9444444444444444,68,35,GGGTCGTCCCGGTTCCTCTG,33,764763
crpp3,1.5,88,35,GGGGCTGTGGCTGCATCCCG,53,761023
crpp3,1.7222222222222223,96,35,GGCTAGAAGCTGTCGGTAGC,61,770939
crpp3,0.3888888888888889,48,35,GCTCCCGCTGGATCTACCAT,13,774980
crpp3,0.3333333333333333,46,35,GCATCAAAACGAGGAGTTGT,11,761411
crpp3,0.4444444444444444,50,35,GAGTTGCACCGCGTTGGACT,15,790237
crpp3,4.222222222222222,186,35,GAGATTAAGGGAGCTAACGT,151,762025
crpp3,0.5277777777777778,53,35,GACCCTTCGTGCGGTAATCA,18,786398
crpp3,0.8611111111111112,65,35,GAAAGACCCTGTCTACTCCG,30,774371
crpp3,0.9722222222222222,69,35,CGGAGTGAGACAGGTCCTTG,34,785276
crpp3,0.3611111111111111,47,35,CGGAGTCCACCGTACAAAGA,12,765850
crpp3,0.4722222222222222,51,35,CGCGGGATCGTGGTGAGTAT,16,764322
crpp3,0.6388888888888888,57,35,CGATATAGCGGGGGGAAAAT,22,776494
crpp3,0.25,43,35,CGACCAGGGTAAGTGTGGTT,8,779879
crpp3,0.6666666666666666,58,35,CCGAACCGGGACTGTCGCTT,23,761292
crpp3,0.5277777777777778,53,35,CATAACTGGGAGCTTAACCA,18,780764
crpp3,0.6666666666666666,58,35,CAGTATTGGGCTGGGAGAGA,23,761963
crpp3,0.4166666666666667,49,35,ATTCGGTGTTCAGGCGAGGT,14,782578
crpp3,2.111111111111111,110,35,ATGGTCCTTCAGTGGGAGCA,75,771487
crpp3,0.8055555555555556,63,35,ATCCTTGTTGAAACAGCCAC,28,766228
crpp3,0.6944444444444444,59,35,AGGTAACGAGAGACCCCAGT,24,764352
crpp3,0.5277777777777778,53,35,AGCCTCGCCAACGCGGAGTG,18,763918
crpp3,0.4166666666666667,49,35,AGCCCGCTCTCAAAGGGCCG,14,771614
crpp3,0.5,52,35,ACGTTCACTGATACAAAGCA,17,766632
crpp3,2.0,106,35,ACAGAATCATAGGGAGTCAT,71,768986
crpp3,0.9722222222222222,69,35,AAGCGCATTTGTCATGGCAT,34,781868
crpp3,1.3055555555555556,81,35,AAGAGCAAGGTGGTTACACG,46,763636
crpp3,0.4166666666666667,49,35,AAGAATGGAGATCGCTACGA,14,777140
crpp3,1.8611111111111112,101,35,AACCGCTCTCGGCCGCCAGT,66,787026
crpp3,0.5,52,35,AAAGTGAGAGTAAACTCGAT,17,781243
crpp3,0.2,40,34,TTTTGTATAAAGCTAACCAC,6,772373
crpp3,0.7428571428571429,59,34,TTTGAAGACAACGTATTACT,25,764174
crpp3,0.7142857142857143,58,34,TTTAGTGCTTTAGTTGGTCG,24,778916
crpp3,0.17142857142857143,39,34,TTGATTATCGTCTTTGCCAT,5,782373
crpp3,0.05714285714285714,35,34,TTCTCCTACTGCTTGAGACA,1,768570
crpp3,1.0285714285714285,69,34,TTATATCTGGGTGGTGGAGA,35,766271
crpp3,0.2857142857142857,43,34,TCTATCGCCCTGGTGTTGGG,9,759920
crpp3,0.9142857142857143,65,34,TATTGGCCCAGGGCACAACT,31,762777
crpp3,1.6,89,34,GTTGAACAAATCTGTCACAC,55,765045
crpp3,0.2571428571428571,42,34,GTTCTAGTGAACTCGTGCGT,8,777257
crpp3,0.42857142857142855,48,34,GTTAATACCTACCTCAGTAA,14,762639
crpp3,0.34285714285714286,45,34,GTGGACGTCGCGCTTTGTCA,11,790317
crpp3,0.08571428571428572,36,34,GTCAGCTGACACATACTTAA,2,758941
crpp3,0.37142857142857144,46,34,GGGTCTGCTATGTACTGCTA,12,761600
crpp3,0.7142857142857143,58,34,GCTAGGGTGGCGTTTAAGAT,24,769759
crpp3,1.1428571428571428,73,34,GCGACTGGTCCGCATATGAT,39,764175
crpp3,3.085714285714286,141,34,GACCATGTTGTCCTTCGCTG,107,763741
crpp3,0.05714285714285714,35,34,GAACGGGGTCTTAGCCCTAA,1,778041
crpp3,0.42857142857142855,48,34,CTTGCCAGTACAACATAATG,14,782267
crpp3,1.9428571428571428,101,34,CTCAGCCGTGATGCACTGAT,67,766854
crpp3,0.7714285714285715,60,34,CGCCGATGGACTGGGGCTTC,26,789493
crpp3,1.542857142857143,87,34,CCTAGAGCGCAATCCCTAAT,53,760024
crpp3,0.45714285714285713,49,34,CCCGGGCCATACTTATACGC,15,783361
crpp3,1.0285714285714285,69,34,CCAACGAACCATTCCTTGTC,35,781081
crpp3,0.2571428571428571,42,34,CAACGAGGCAAGCGTCTCCA,8,759349
crpp3,0.17142857142857143,39,34,ATTCCGTCAACAGAATTGTA,5,783231
crpp3,0.3142857142857143,44,34,ATGGACAGTCTATAGGCTAT,10,763515
crpp3,0.45714285714285713,49,34,ATACACGTGACGTCGCTGCA,15,786325
crpp3,0.9428571428571428,66,34,AGTGACCTGGGTCGGGTGTA,32,774560
crpp3,0.3142857142857143,44,34,AGACATACGGGGATTTATGG,10,777865
crpp3,1.0,68,34,ACTAGTCGTCAAGACCACTG,34,769092
crpp3,0.42857142857142855,48,34,ACGTCCCATCTTCAGCTCTA,14,770921
crpp3,0.8857142857142857,64,34,ACCAGGTGATTAGTTGTGCT,30,767532
crpp3,0.2571428571428571,42,34,ACATTGAAGCTTAACTTCTC,8,782419
crpp3,0.08571428571428572,36,34,AATAGCACGCGCCAAAGGCT,2,770040
crpp3,0.058823529411764705,34,33,TTAATTATGGCGGCACTTAT,1,766443
crpp3,0.35294117647058826,44,33,TGACTAGGCGGTACACGGGT,11,760868
crpp3,0.5882352941176471,52,33,TGACATGATACGTCTAAGGG,19,768044
crpp3,0.14705882352941177,37,33,TCCCAGGGACATTATGTTAA,4,763408
crpp3,0.47058823529411764,48,33,TACTCGGCATGTACAGGAAA,15,768908
crpp3,0.5588235294117647,51,33,TACGTGTAATAGAGAGCGAT,18,772547
crpp3,0.08823529411764706,35,33,GTGGTTTTAAGGGTTAAGCT,2,787524
crpp3,0.20588235294117646,39,33,GTGGAGATTTGCCTGTCAAC,6,765017
crpp3,0.6470588235294118,54,33,GTCTCCGCTCGGGAAAAGAT,21,764858
crpp3,0.7058823529411765,56,33,GTCCCACCATCTATTTACTC,23,771364
crpp3,0.2647058823529412,41,33,GTCACTGTCAAGGTACCGAA,8,768302
crpp3,0.5294117647058824,50,33,GGGCATTTGCGCACACGCCT,17,769962
crpp3,0.4117647058823529,46,33,GGCTTCCTCCATCGCTATTA,13,771278
crpp3,2.176470588235294,106,33,GGCAACCCGGAATAATATCT,73,783825
crpp3,0.7647058823529411,58,33,GGATCGACTTGGACTCTCCA,25,767040
crpp3,0.058823529411764705,34,33,GGAATGTTGAACTCTCGGTG,1,770148
crpp3,0.058823529411764705,34,33,GCGTGTACAGATTTTGGACA,1,784527
crpp3,0.29411764705882354,42,33,GCGTATGTGTAAAACGATGT,9,762874
crpp3,1.1764705882352942,72,33,GCACACGATAGAAGTTCGAG,39,773191
crpp3,1.1470588235294117,71,33,GATCCGGGAGGCTCTAAGGT,38,764065
crpp3,0.35294117647058826,44,33,GAACTATCATTCGGCCGCAG,11,786159
crpp3,0.5294117647058824,50,33,CTGGCCGCGGCTCGGCTTGT,17,764582
crpp3,0.8823529411764706,62,33,CTAAGAACCCGTGTGGGTCA,29,778156
crpp3,0.4117647058823529,46,33,CGTGTAGGTTCTTAGTGTGA,13,786888
crpp3,0.8823529411764706,62,33,CGGATAGTGGCCACAGTTAA,29,778295
crpp3,1.0588235294117647,68,33,CGATACGTGGAGATTTTGCG,35,777261
crpp3,0.2647058823529412,41,33,CCATTCATTCTCTTTGCGGA,8,758903
crpp3,0.7352941176470589,57,33,CCAATAAAGTTTGGCACAGG,24,780380
crpp3,0.20588235294117646,39,33,CATCGGAAATGGATTATGGA,6,760981
crpp3,1.0,66,33,CACGTAATTGCTCAATTTAG,33,762919
crpp3,0.4411764705882353,47,33,CACATGTTCTTCGTCGTAGA,14,787444
crpp3,1.3823529411764706,79,33,CAATGTGGCTGCGGAGTTGC,46,762024
crpp3,0.4411764705882353,47,33,CAAGCGCGTACTCAGATCGT,14,773733
crpp3,1.3823529411764706,79,33,ATTGGTATTTTCTTATCGGT,46,768080
crpp3,0.058823529411764705,34,33,ATTCGGTTCGAGGCCCGATG,1,782722
crpp3,0.9411764705882353,64,33,ATATGTTTTCCTATACAGGA,31,765165
crpp3,0.08823529411764706,35,33,ATAAGACTTGCGGTCCTACC,2,780897
crpp3,0.29411764705882354,42,33,AGCGGAACTGAACGTACAAT,9,772447
crpp3,0.29411764705882354,42,33,AGATATTATATAAGCAGGCT,9,775541
crpp3,0.47058823529411764,48,33,AGACTTCGCTATTAGGGTCA,15,759392
crpp3,0.7941176470588235,59,33,ACTTTCTCCCCGCTAAAAGG,26,783203
crpp3,1.6764705882352942,89,33,ACGTGTCATGGTCAGCCTCA,56,764053
crpp3,2.4411764705882355,115,33,ACGCCGCAGGCCCTAAACGT,82,780149
crpp3,1.2352941176470589,74,33,ACCATAAGTGTTAACCCGGG,41,766159
crpp3,0.4411764705882353,47,33,AAGGCGTATTTACATGCGCA,14,782124
crpp3,0.7352941176470589,57,33,AAAGCGGTAGATAGCGACGA,24,772250
crpp3,1.7058823529411764,90,33,AAAAACGCATCGGAAGCTGT,57,760584
crpp3,0.36363636363636365,43,32,TTTCAAACTCGTACTATCGC,11,769500
crpp3,1.0606060606060606,66,32,TTGTTGTAACAGACTAGCAA,34,776971
crpp3,0.5151515151515151,48,32,TTGGCCCAGCGAGCACTCTA,16,774076
crpp3,0.5151515151515151,48,32,TTAGCAGATGGCGCAGAAAA,16,771442
crpp3,0.6363636363636364,52,32,TGTTTATGTTAATCTAAGAC,20,763349
crpp3,0.36363636363636365,43,32,TGGTCTCCACTGAGTACCGA,11,764661
crpp3,0.36363636363636365,43,32,TGGCAGGGTGCCCTCTTTTC,11,770084
crpp3,0.696969696969697,54,32,TCTAGGTCCCGCGACGGCTA,22,774526
crpp3,0.3333333333333333,42,32,TACTCCATTCGGCGCCAACT,10,768661
crpp3,0.8181818181818182,58,32,TACTACCATGATATCGCCAT,26,777535
crpp3,0.5757575757575758,50,32,GTGCGTGGTCAGGTAACTTT,18,758523
crpp3,0.5454545454545454,49,32,GTATGTATGTGGAGGGTCGG,17,767466
crpp3,0.3939393939393939,44,32,GTATCCATACGCACGGAAGT,12,785430
crpp3,0.7272727272727273,55,32,GTAAAATGTAGATGTATTCT,23,782899
crpp3,0.12121212121212122,35,32,GGGATTTGACGCGGCTAGGG,3,785783
crpp3,2.393939393939394,110,32,GGGATCTCTCAACTTTTCAC,78,774987
crpp3,0.9393939393939394,62,32,GGCGGTTGGATTGATGTAGT,30,778584
crpp3,0.09090909090909091,34,32,GGCCAACTCCGGTCTAATTT,2,784411
crpp3,0.2727272727272727,40,32,GCATCTTACGGTACGTATTG,8,776553
crpp3,0.5454545454545454,49,32,GACCCAAGCCTTTATTGGCC,17,759703
crpp3,0.8181818181818182,58,32,CTTTACTTTCGAACTGTCTG,26,767845
crpp3,0.42424242424242425,45,32,CTCACGTCGTCCATATCTTA,13,763715
crpp3,1.6363636363636365,85,32,CTAGGTGCGGTCTTGCCCCT,53,785180
crpp3,0.3939393939393939,44,32,CGCTCACATTCTGCGTTTGA,12,771853
crpp3,0.6666666666666666,53,32,CGCGTCAGGAGTCTATGCGC,21,775157
crpp3,0.2727272727272727,40,32,CCTCTTTCGTCTTCAAAAAG,8,773430
crpp3,0.5454545454545454,49,32,CCTATCTAAACTAGAATTCA,17,768188
crpp3,0.7575757575757576,56,32,CCTAGCGCGAACAGCAATAG,24,770317
crpp3,0.7272727272727273,55,32,CAGGCGAATGCATACGGTCT,23,773817
crpp3,0.36363636363636365,43,32,CAGATGCGAGATCGGCCGGA,11,774514
crpp3,0.06060606060606061,33,32,ATGGGCCTCTGAATTGCGCG,1,784119
crpp3,0.3939393939393939,44,32,ATGCGTGCACTCTTCAATCC,12,777804
crpp3,0.24242424242424243,39,32,ATCTCAGGGGGCAATGATGA,7,785766
crpp3,0.5454545454545454,49,32,ATAGCAGGAGGTGTAACCGA,17,760664
crpp3,0.7878787878787878,57,32,AGTTGTTGATTTTCATCGAA,25,764531
crpp3,1.1515151515151516,69,32,AGTTGCTGGATGAAGCCAAC,37,781919
crpp3,0.696969696969697,54,32,ACTAGAGCGATACGGGTTGC,22,759822
crpp3,0.48484848484848486,47,32,ACGGGGGCGACCAGATCGGT,15,765821
crpp3,1.0606060606060606,66,32,AACACATACCTAATTCAGTG,34,772589
crpp3,0.6363636363636364,52,32,AAAGAAGCTACAAAGACTAA,20,772709
crpp3,0.84375,57,31,TTTTGGCAAAATATCCTCTA,26,772041
crpp3,0.0625,32,31,TTCTATACGGCATTCCACGA,1,761862
crpp3,0.5,46,31,TGGAGTAAGTCGGTCTTATG,15,787209
crpp3,0.6875,52,31,TCCCGGTACCATGTGGGTGA,21,759391
crpp3,1.59375,81,31,TCCATAATCATGCATAAGTA,50,762020
crpp3,0.0625,32,31,TCAGAACCCCCCGGAAATCA,1,761783
crpp3,1.5,78,31,TCAATCTCCTGCCTTCATGG,47,768271
crpp3,0.59375,49,31,TACCTTTCGAATGGCCCTGA,18,761890
crpp3,0.4375,44,31,TACACGTAGTCTTGAAAAGG,13,787805
crpp3,0.375,42,31,GTTTGTCCCCCCAGTCTACT,11,765404
crpp3,0.5625,48,31,GTGTGGCTGAGTTATCCCTA,17,760503
crpp3,0.375,42,31,GGGATTCAATCAGTGCAGCT,11,758535
crpp3,0.9375,60,31,GGCGTTGGAACTAATATCGG,29,764834
crpp3,0.875,58,31,GCTGACGTCCTGTGTTAGCA,27,772996
crpp3,0.25,38,31,GCCCGTTGTAAATCGATTTA,7,767922
crpp3,0.09375,33,31,GCACTAAGAGCTACCTTCCT,2,770194
crpp3,0.40625,43,31,GCAAGCAACACAATGAATCT,12,781813
crpp3,0.53125,47,31,GCAACCCAGACTTTCATACC,16,776579
crpp3,1.0625,64,31,GATCGAGTATGAGCCGTTCT,33,761964
crpp3,0.3125,40,31,GACGCCCGGTATTAGGAAAG,9,775334
crpp3,0.15625,35,31,CTTGCAGATCCGTCCACTAA,4,778424
crpp3,0.1875,36,31,CTCGTGCAAGGGATGTTTCT,5,763057
crpp3,1.375,74,31,CTATCAGCCCCCGTTCGCAA,43,766282
crpp3,1.84375,89,31,CTAGGTATATCTTCGATGTA,58,768559
crpp3,2.71875,117,31,CGGTGCGCTGCAAGCGTAGA,86,771562
crpp3,0.125,34,31,CGCCTTTCAGTTATACTCAA,3,785136
crpp3,0.6875,52,31,CGACCATCGTTCTATAAAGG,21,787446
crpp3,0.0625,32,31,CCTGTTTAGTGAGCCCCCGG,1,771860
crpp3,0.5625,48,31,CCTGGTAACTCCTAGACGAT,17,776438
crpp3,0.15625,35,31,CATCTTGACGAAGGTTCCCT,4,772342
crpp3,0.375,42,31,CAGGATCTGGATATCAATTG,11,767388
crpp3,0.78125,55,31,CACCCCACCAATGACCTCAC,24,785941
crpp3,0.40625,43,31,CAAGGTTCCGAACTACCTCG,12,758600
crpp3,0.25,38,31,CAAAGTAGCGGACTTGGAAC,7,763068
crpp3,0.3125,40,31,CAAACCTTGGTGAAGGCGTA,9,763310
crpp3,0.9375,60,31,ATTGAGGTCACCGATCAGAA,29,780344
crpp3,0.65625,51,31,ATCTGATGGCCGGATCCGGA,20,789818
crpp3,1.84375,89,31,ATATACGATTATGTCTTAGT,58,770545
crpp3,0.28125,39,31,AGTACCTACAGGTGCTGAGA,8,770848
crpp3,0.3125,40,31,AGTAAGGCAAACATAGAGAT,9,777191
crpp3,0.6875,52,31,AGGAGGTCTACCTGTATACA,21,778655
crpp3,1.65625,83,31,AGCTTCAGTAGCCTGAGACA,52,788214
crpp3,0.28125,39,31,AGCAGGAGTACGGTGGTCGT,8,768140
crpp3,0.34375,41,31,ACGGGGAGAGTGCGTCAGCA,10,769288
crpp3,1.90625,91,31,ACCTATCATTCGGAGACATG,60,787723
crpp3,0.46875,45,31,ACCGATCAGCGTGGTTCCCT,14,785369
crpp3,0.0625,32,31,ACAATATGGCTTGGGACAAA,1,764779
crpp3,0.6875,52,31,AATTCGGGATGCGTCAGTAA,21,760646
crpp3,0.34375,41,31,AATAGGGCTCGTCCCTGATT,10,780644
crpp3,0.2903225806451613,38,30,TTTTTGACTTCGTGATGGGT,8,771258
crpp3,1.096774193548387,63,30,TTTGCTTTAGGGCTCCATGC,33,773127
crpp3,0.9032258064516129,57,30,TTAGTACCTGCCTTGTATAA,27,787011
crpp3,0.8387096774193549,55,30,TGAAAAGAGCATGGCCCCTT,25,761720
crpp3,0.5806451612903226,47,30,TCGGTCAGCCACTGTGGCGC,17,786346
crpp3,0.22580645161290322,36,30,TCGCCGCTTATTAAAGTTTC,6,787954
crpp3,1.935483870967742,89,30,TCCTTAAATTTAAGTGCAGT,59,771218
crpp3,0.3870967741935484,41,30,TAGACGCAAAGGGCTTGTGA,11,761542
crpp3,2.3870967741935485,103,30,GCTGTTACATGCCATGTTGA,73,767993
crpp3,0.12903225806451613,33,30,GCCTGTAGCAATCTAGTGTA,3,773838
crpp3,0.45161290322580644,43,30,GCCCGGAAAATACGCGGGTG,13,773305
crpp3,1.096774193548387,63,30,GAGGGGGGTCCGCTTCTTCG,33,766889
crpp3,0.7741935483870968,53,30,GAAGGGCTTCTACCCCCGTG,23,766881
crpp3,0.6451612903225806,49,30,CTTTCTAGACCCAAGTTGAT,19,777291
crpp3,0.8064516129032258,54,30,CTTGCCCGTCCTATCAATTC,24,780697
crpp3,0.5806451612903226,47,30,CTTAGAATGACCCTGCGAGG,17,765622
crpp3,2.4193548387096775,104,30,CTGGACCTATCGTATTAAAA,74,760371
crpp3,0.5483870967741935,46,30,CTCTGATCAAGTTGGTTTTG,16,762166
crpp3,0.22580645161290322,36,30,CTAAATTCTTCAAACCATAA,6,788864
crpp3,3.903225806451613,150,30,CGTGAATGCACAGCTCGAAC,120,780384
crpp3,0.5806451612903226,47,30,CGTCACGATGCCACTGGGAA,17,773392
crpp3,0.5806451612903226,47,30,CGGAGGTTTAACAACCGTAC,17,761799
crpp3,2.3548387096774195,102,30,CGGACCCTCTTTGATACATT,72,759894
crpp3,1.0,60,30,CGCTTGACCGGATGTCCTCT,30,788237
crpp3,0.6129032258064516,48,30,CCGTGCATCAACATTCCGCT,18,779752
crpp3,0.3870967741935484,41,30,CATTTAGCGTCCAGCCTTGC,11,786750
crpp3,0.3870967741935484,41,30,CATTACCCACATCCCGGTTA,11,777743
crpp3,0.45161290322580644,43,30,CATGTAGGGTCGGCTTACGT,13,789145
crpp3,0.25806451612903225,37,30,CAGGAACGTCTAAGGGTCCA,7,783975
crpp3,0.5161290322580645,45,30,CAAGTGAGTGTTGGGAGGTA,15,788896
crpp3,0.7741935483870968,53,30,CAAATTTAGGTCCCTAGGCC,23,784806
crpp3,0.3548387096774194,40,30,ATTGGATTGTTCAGATACTG,10,771730
crpp3,0.25806451612903225,37,30,ATGGAATAATCTGTTCTCTC,7,762454
crpp3,4.064516129032258,155,30,ATCACTCAGGAGAAGCTACG,125,759118
crpp3,0.8064516129032258,54,30,AGGACAACTACAATCATTTC,24,764528
crpp3,0.3225806451612903,39,30,ACTTAAATGGGCGTTTGGAT,9,762724
crpp3,0.6451612903225806,49,30,ACCCACGCGGTTGGGTTCTG,19,772485
crpp3,1.2258064516129032,67,30,ACCACACAGGACAACGTATC,37,772712
crpp3,1.064516129032258,62,30,AAGATACAGGAAAAGCTATT,32,761032
crpp3,0.3870967741935484,41,30,AACTTATCAGGGGCCAATCG,11,780084
crpp3,1.2333333333333334,65,29,TTTCTGCTTAAATCAAATAT,36,766940
crpp3,0.6,46,29,TTGCGCCTACCACCCGTGGA,17,762940
crpp3,0.4,40,29,TTCTATCTTTGCGCCTCCAT,11,777391
crpp3,0.7333333333333333,50,29,TTCCGGCCCACACTTGTCTA,21,781373
crpp3,0.23333333333333334,35,29,TTCCAAATGGTAGCATGCGA,6,767092
crpp3,0.4,40,29,TTAGTTTGAGTCCTTACGCT,11,761824
crpp3,0.6,46,29,TGTTATTTTCACCATCACCC,17,779506
crpp3,0.8666666666666667,54,29,TGTAATCCTTGCGAACTATT,25,769835
crpp3,0.5333333333333333,44,29,TGGGTATCACGTATCCAATG,15,770374
crpp3,4.833333333333333,173,29,TGAGGGGCCCAGGCTCATGT,144,767161
crpp3,0.6,46,29,TCTTGACTAGCGGTTCAAGG,17,788204
crpp3,0.3333333333333333,38,29,TCGTAATCCAGAGCATCTGA,9,766892
crpp3,1.9,85,29,TCGGCAGAACCTCTGGAAAT,56,764382
crpp3,2.7,109,29,TCGCTCGTTACAGGTCACGT,80,759655
crpp3,0.6333333333333333,47,29,TCATTAGGTGCGGATGGTCT,18,758576
crpp3,0.06666666666666667,30,29,TATAAATCAGCGCATCAGGT,1,779575
crpp3,0.26666666666666666,36,29,TAGGTTGCCCGGGCCATCAT,7,766185
crpp3,0.7666666666666667,51,29,TACTGCGAGGTAACTAAAAT,22,765169
crpp3,0.36666666666666664,39,29,TACATTACAGCGCAACCTTC,10,766755
crpp3,0.6666666666666666,48,29,TAAGGTAGAGCGGACATTTT,19,766946
crpp3,0.36666666666666664,39,29,GTTTTTACCCCCAGCCATAC,10,763844
crpp3,1.1,61,29,GTTTTACGCAGAAGATTTGT,32,772150
crpp3,0.36666666666666664,39,29,GTGGCCTACAATCGCCGGAA,10,773332
crpp3,0.4,40,29,GTGAGCCCGGGGGTGCCAGA,11,783221
crpp3,0.4666666666666667,42,29,GTCCGAAACCTAGCATAAGC,13,761797
crpp3,0.5,43,29,GTCATAAGACGTTGTGCGGA,14,768890
crpp3,0.5666666666666667,45,29,GGTTCCGGGTCTTTGTTATT,16,767860
crpp3,1.2,64,29,GGTTATGGCTAAGCAAGTCA,35,768079
crpp3,0.9333333333333333,56,29,GGTCGGGCGCAGTTCCGAAG,27,778507
crpp3,0.13333333333333333,32,29,GGGCTACTGTCGATTTACCT,3,776134
crpp3,2.8,112,29,GGCTTTCCGTATACATAATG,83,762610
crpp3,0.7666666666666667,51,29,GCCCGTGCTTATACGCAGGC,22,783834
crpp3,3.566666666666667,135,29,GCCACTACACTATCGACCCA,106,760643
crpp3,0.3,37,29,GAGATATGTTAGTCTCAAGC,8,766869
crpp3,0.6666666666666666,48,29,GAATTTCGTCAATGTACGAC,19,777780
crpp3,0.6,46,29,CTGACTGGGTTAGCCACTAG,17,771234
crpp3,0.5333333333333333,44,29,CTCTGGTTCAACTCCAATCT,15,769702
crpp3,0.6,46,29,CTCTCCGCCTCTGCGCCGAT,17,778341
crpp3,5.733333333333333,200,29,CTATTTGGCTCCCCGTGCAA,171,781502
crpp3,0.5333333333333333,44,29,CTAGCGCCGCAAGGTTATAA,15,782750
crpp3,0.5,43,29,CGTGGGACTCCGCGTATAAT,14,769672
crpp3,0.7333333333333333,50,29,CGGACCGTCTAAGAAGTTGG,21,763169
crpp3,0.26666666666666666,36,29,CGGACAGTAACGGTACGTAG,7,766791
crpp3,0.6666666666666666,48,29,CGCACTTATGGTGACCTGAC,19,782525
crpp3,0.3,37,29,CGCAACAAGTCTATGTACAA,8,782374
crpp3,0.5,43,29,CGATTCCCGTTATGAAGGAT,14,783637
crpp3,0.5666666666666667,45,29,CCTCCTCTTCGCCAGGTATA,16,767849
crpp3,2.9,115,29,CCGCTGACACTTACATCAAT,86,785625
crpp3,0.1,31,29,CCACTCCAATCTACGGCTGT,2,759857
crpp3,0.5333333333333333,44,29,CAGTTGTGACATTGCTATAG,15,783190
crpp3,0.06666666666666667,30,29,CACGGAAACCTTTCCTAAGT,1,769327
crpp3,0.06666666666666667,30,29,CAAATGAGCCAACCAACCGG,1,779745
crpp3,2.7333333333333334,110,29,ATGGGTCGTTCAGATTCACG,81,765511
crpp3,1.2,64,29,ATCTATTGACATACCGACAA,35,779491
crpp3,0.4,40,29,ATACCCTCCGTGCAGTTTTA,11,781015
crpp3,0.23333333333333334,35,29,AGAGTACGAGAGTCTATGAG,6,772717
crpp3,0.36666666666666664,39,29,ACTCGTATTAAATTCAACAT,10,772176
crpp3,0.6333333333333333,47,29,ACGTTACTGGTTGTTGTGGA,18,771833
crpp3,0.6,46,29,ACGTCGGACGAAGAATGATG,17,787994
crpp3,0.43333333333333335,41,29,ACACTCGGTCCACAACCTGA,12,774166
crpp3,0.7,49,29,AATCACTGGCTGTAGTGGGA,20,779318
crpp3,0.5862068965517241,44,28,TTTTATTAATCCACGAGTAT,16,771074
crpp3,0.3448275862068966,37,28,TTTCATTAAAAGCGACTCAC,9,766112
crpp3,1.0344827586206897,57,28,TTGGGAAGCCTTATTTTTAG,29,774005
crpp3,0.3103448275862069,36,28,TTGGCTAACAGGGATCGGAT,8,767690
crpp3,0.27586206896551724,35,28,TTGACCGGCAGCGAGCGCTG,7,767020
crpp3,0.20689655172413793,33,28,TTCTCTGAAAAACCCTAGGG,5,763612
crpp3,0.6551724137931034,46,28,TTCGTTGATGCGGATAAAAT,18,766339
crpp3,3.7241379310344827,135,28,TGTACGTAGGAACACGTGGG,107,771561
crpp3,0.6206896551724138,45,28,TGGTTGATATGAGGTACCAT,17,759060
crpp3,0.3793103448275862,38,28,TGGGGCATTATCCAGAACAA,10,777053
crpp3,1.8275862068965518,80,28,TGGATGTCTGTTCTTCGTGA,52,774087
crpp3,0.7586206896551724,49,28,TGAAGGTACTCAAGCCTTTT,21,769012
crpp3,0.4827586206896552,41,28,TCGTGAAACCTTGTTCTCCG,13,770720
crpp3,1.4482758620689655,69,28,TCGCGCACACAATCTGAAGT,41,784294
crpp3,1.0689655172413792,58,28,TCATGTCTTACCTCTGGAGC,30,762319
crpp3,0.7931034482758621,50,28,TCAGGCGCCATTAACGCAAT,22,784416
crpp3,0.7586206896551724,49,28,GTTGACTTGTTCTTACCAAA,21,766576
crpp3,0.6551724137931034,46,28,GTGCGTTAACCCGTAGATGA,18,779760
crpp3,0.6551724137931034,46,28,GTGCAGCAGCGTAGTTGTGT,18,774559
crpp3,0.20689655172413793,33,28,GTGAGCGGAAGAGCTACAAA,5,759671
crpp3,0.1724137931034483,32,28,GTAGAAAATCCACCTGAGTG,4,787570
crpp3,0.5517241379310345,43,28,GTACGCGGTTCAGTCCGCTG,15,759207
crpp3,2.1379310344827585,89,28,GTAACATCTAAGCTGCCTGC,61,775380
crpp3,0.3103448275862069,36,28,GGGGGGAATGCATGCTAACT,8,772602
crpp3,0.06896551724137931,29,28,GGACACGTGTTGGTATGAGG,1,761700
crpp3,1.4482758620689655,69,28,GCTGGAGGTTTGTTTGACAA,41,777482
crpp3,0.3793103448275862,38,28,GCGCGGTGTTCATTGATTCA,10,762046
crpp3,0.7931034482758621,50,28,GATCTAATACTTATCAGGTA,22,770790
crpp3,0.8275862068965517,51,28,GAGATGGTGGTAAGCTTCTC,23,761819
crpp3,0.3448275862068966,37,28,GAAATCCTGAGCGATGACTG,9,782814
crpp3,0.41379310344827586,39,28,CTGCCACAGAGGAATTGGTG,11,769579
crpp3,0.06896551724137931,29,28,CGGCGTATCGTCAGATATCA,1,760867
crpp3,1.896551724137931,82,28,CGACTAGGCTAGCTAGCCTA,54,784378
crpp3,0.3103448275862069,36,28,CCGGTGATGGTTGTAGAAGC,8,766052
crpp3,0.9655172413793104,55,28,CCCAGTGAGAGTAAGGTGCT,27,773125
crpp3,0.5517241379310345,43,28,CCCAGTCCCTGGACTATCCC,15,767782
crpp3,0.6896551724137931,47,28,CATTGGCCGGTCGTAATTCA,19,774857
crpp3,1.4482758620689655,69,28,CATACTTCTGAAACTTCAAC,41,766527
crpp3,0.13793103448275862,31,28,CATAAGGGGTACCCGCTACA,3,788577
crpp3,0.5517241379310345,43,28,CAGTGTTTGTAGCAAGTCGG,15,785627
crpp3,0.4827586206896552,41,28,CAGGTAAAGGTAGTCTTATC,13,785907
crpp3,0.6896551724137931,47,28,CAGCCACGTGCCGTTGACCA,19,783495
crpp3,1.4137931034482758,68,28,CAACATTGAATCCGTGTTAT,40,787333
crpp3,0.4482758620689655,40,28,CAAAGCCCATAGAGGTTATT,12,772585
crpp3,0.2413793103448276,34,28,ATTCAAAGGGCACGACTCTA,6,774405
crpp3,0.5517241379310345,43,28,ATTAACATGATTCGTTTATT,15,769131
crpp3,0.06896551724137931,29,28,ATGCTGCTCTCTAATACGGT,1,775493
crpp3,1.206896551724138,62,28,ATATGTACTCACGGTGCCGT,34,769938
crpp3,1.0344827586206897,57,28,ATAGTTGAGCTATGGAAGCA,29,762022
crpp3,0.6896551724137931,47,28,AGTCTGTTTAGGTAGACACG,19,770091
crpp3,0.2413793103448276,34,28,AGGAATTTTTTCCTAATCCG,6,780262
crpp3,0.896551724137931,53,28,ACGGGTAAATACGAGTCGTA,25,767579
crpp3,0.06896551724137931,29,28,ACGACGTGCTATATTCGCGA,1,776801
crpp3,1.0344827586206897,57,28,ACCCCCCCTTGTCAAAAAAT,29,771504
crpp3,0.41379310344827586,39,28,ACAGTAACTTACGAAAATGA,11,774607
crpp3,2.103448275862069,88,28,ACAACCGCGGCACGGGGGTA,60,790623
crpp3,0.896551724137931,53,28,AAGCGGGATGTGTTCACAAT,25,765357
crpp3,1.0714285714285714,56,27,TTTAAAGTGAGATCTTCACA,29,769839
crpp3,2.0,82,27,TTGTCAGATTTGGTCTTAAT,55,783319
crpp3,0.42857142857142855,38,27,TTCCTCGGACCAGTTCAAAT,11,783695
crpp3,0.7142857142857143,46,27,TTACTAGACACGTAGAAGCA,19,761193
crpp3,0.32142857142857145,35,27,TGGGCCATATCAGAGGAAAG,8,771140
crpp3,0.39285714285714285,37,27,TGCTTCATCTTATACTCGTG,10,771414
crpp3,1.75,75,27,TCGTGGTCGCTGAAGGCTAC,48,782296
crpp3,0.6428571428571429,44,27,TCGCTATCCAGCCGCAGGCA,17,773238
crpp3,0.4642857142857143,39,27,TCCGCTGGGTACGTCCTACA,12,764454
crpp3,0.4642857142857143,39,27,TCCGATGGGTATGGCCCGAT,12,784463
crpp3,0.75,47,27,TCATCCCCGATGGGAAGTTA,20,773569
crpp3,0.39285714285714285,37,27,TATTTAGTCTATGAGCCTCT,10,787278
crpp3,0.5,40,27,TATGTAATACTGATTCCCGG,13,762960
crpp3,0.5714285714285714,42,27,TATAAATTAGACCTACGTCA,15,761789
crpp3,0.6785714285714286,45,27,TACCGAGTCTAGCAAGGAGC,18,765417
crpp3,0.5,40,27,TAAACTTTTCCTTATCCCAC,13,774981
crpp3,0.7857142857142857,48,27,GTCTTTTATGTACGGGAAAT,21,774295
crpp3,0.9285714285714286,52,27,GGTTTGCCCAGTCGCGACAG,25,762791
crpp3,0.07142857142857142,28,27,GGGCAATGTAAGCATGGAAA,1,779325
crpp3,0.10714285714285714,29,27,GGCCCTTCCAAAGGCCATCA,2,763991
crpp3,0.25,33,27,GGATTCAAGTGAATGTAAAC,6,764087
crpp3,0.39285714285714285,37,27,GGATGATATCCGATGTTAGT,10,777085
crpp3,0.6785714285714286,45,27,GCTTCGGTACTTGTGTTAGT,18,774728
crpp3,0.35714285714285715,36,27,GAGAACGTGGGGCAAACTAG,9,784427
crpp3,1.6428571428571428,72,27,GACGTCACAGATTACGGGGT,45,770558
crpp3,1.0,54,27,CTTAATCCATCGCGTGGTTA,27,764347
crpp3,0.32142857142857145,35,27,CTGTGGCGGTGGTATAGTGC,8,789203
crpp3,3.8214285714285716,133,27,CTGTAGAAGGCGCGCCAGAT,106,768713
crpp3,1.5,68,27,CTCTTGACCACCCGAGCTCG,41,778329
crpp3,0.5,40,27,CTCAGCATATCCGTAATTGA,13,769334
crpp3,0.6428571428571429,44,27,CTACAGTTCCCTACTTCCGA,17,778537
crpp3,0.32142857142857145,35,27,CGGAGCTGGCGTGTTCGGCA,8,766238
crpp3,0.5357142857142857,41,27,CGCCTATTTCAGATCGCCTT,14,786039
crpp3,1.0,54,27,CCTCCAGCAAGTAGTCTGTT,27,782081
crpp3,1.4285714285714286,66,27,CCGAAAGTTTGGAGCGGCTT,39,762612
crpp3,0.25,33,27,CCCCGTGACTCATCTTGGTT,6,775556
crpp3,0.07142857142857142,28,27,CCCCGGGGGCCATTACATGT,1,781172
crpp3,0.25,33,27,CCAGGCCGAGTCAACCAGCA,6,764583
crpp3,0.42857142857142855,38,27,CAGGGTTAATGTATTCACCA,11,787198
crpp3,0.5714285714285714,42,27,CAGGGATCTCCCGCAACTAT,15,780378
crpp3,0.5714285714285714,42,27,CAACTGCACTGCTTGCTGTC,15,784058
crpp3,0.8928571428571429,51,27,ATCTACGGCGACAGCATAAA,24,780671
crpp3,0.42857142857142855,38,27,ATATTTCAGAAGGTCCTATG,11,768632
crpp3,0.7857142857142857,48,27,ATATGATGATTAAGGTTTGA,21,771489
crpp3,0.14285714285714285,30,27,ATAGGTTTGACCGGAAAAGT,3,767225
crpp3,0.5714285714285714,42,27,ATAGGCTGGGCGAATTAGGA,15,772024
crpp3,0.8571428571428571,50,27,ATACGCTCGCACTCACGGGT,23,778081
crpp3,0.32142857142857145,35,27,AGTGTCCCTATTCTCCAAAT,8,766035
crpp3,1.5714285714285714,70,27,AGTCGAGTGTGCGGTGTGCT,43,774229
crpp3,1.1071428571428572,57,27,AGGTAATTTGGAGGCTGTCT,30,769719
crpp3,0.7142857142857143,46,27,AGACTATCAACTACATTACT,19,768915
crpp3,1.1071428571428572,57,27,ACTTTGACCGGTCATGAACA,30,772548
crpp3,0.8928571428571429,51,27,ACTTCGCCATCGTACCTAGC,24,763904
crpp3,1.6785714285714286,73,27,ACGCGGGGATTCGCCTGGAT,46,778206
crpp3,1.1428571428571428,58,27,ACGCCAGAAGCAGCGGGCTT,31,768785
crpp3,0.07142857142857142,28,27,AATTGAGCTTGAGTGAATGT,1,777750
crpp3,0.17857142857142858,31,27,AATCTCGGCTTCTGGGGCCA,4,775651
crpp3,0.07142857142857142,28,27,AAGCTTACAGAGTTTATCTC,1,772668
crpp3,1.1428571428571428,58,27,AAGCACAGATTCGTACGAGA,31,766133
crpp3,0.5,40,27,AAGATTTATCTCTCTATCTT,13,769529
crpp3,0.6428571428571429,44,27,AAACCACGGATTCCCCCGTT,17,789783
crpp3,0.7857142857142857,48,27,AAACATGATTTGCAATAGCC,21,771394
crpp3,0.8148148148148148,47,26,TTTGTGCTTAGGCTGTCCTC,21,787344
crpp3,1.3703703703703705,62,26,TTGTAGGTGCTATCCGATAG,36,766710
crpp3,0.6666666666666666,43,26,TTGCGTGTGGCATATACGTC,17,787800
crpp3,0.8148148148148148,47,26,TTGCGTGGTGTGGAAGTGAA,21,761968
crpp3,0.07407407407407407,27,26,TTCCACCCTACTTCCGTATG,1,767733
crpp3,0.2962962962962963,33,26,TTCAGCTGTACGTCTGGATG,7,759205
crpp3,0.7037037037037037,44,26,TGTTCCTCATCGACCTTATA,18,785066
crpp3,0.07407407407407407,27,26,TGTTAAAAACCCTAACTTGA,1,762815
crpp3,0.6666666666666666,43,26,TGGCGTAGTGCCGTGGTGTT,17,785733
crpp3,1.037037037037037,53,26,TGCTCTAACAAGCTGCCCCA,27,760329
crpp3,1.1851851851851851,57,26,TCTCTACTCTCTACGGAATT,31,770499
crpp3,0.25925925925925924,32,26,TCCTTAGCCGGTGTCCCGCA,6,788138
crpp3,0.5185185185185185,39,26,TCCTCTGACTCCAGTTATAA,13,764474
crpp3,0.5185185185185185,39,26,TCCCTCGACGGTCAATACCG,13,762060
crpp3,1.5925925925925926,68,26,TAGCCAATCCAGGCCAGTTA,42,767292
crpp3,0.5555555555555556,40,26,GTTCTTCATAGCAAGTTAAT,14,776659
crpp3,0.7037037037037037,44,26,GTGTAGGTCGTAGACCGGCT,18,786018
crpp3,0.37037037037037035,35,26,GTCCGGCGGGGACCAAACAC,9,760623
crpp3,2.4814814814814814,92,26,GGCCGAGAAGGCCATTATTC,66,777570
crpp3,0.2222222222222222,31,26,GGAAAGTATGGATCGCTTAT,5,781216
crpp3,0.9629629629629629,51,26,GCTTTCCGTGTACTGTAAGA,25,769627
crpp3,0.25925925925925924,32,26,GCTGGACTGTTAGGGAACTA,6,787521
crpp3,0.37037037037037035,35,26,GCTCTAGGGTTTATGTGTAG,9,763132
crpp3,0.2962962962962963,33,26,GCGGCATAACAGACGTGAAT,7,779255
crpp3,1.8148148148148149,74,26,GCGGCAACTTTAAAGTCTAG,48,767988
crpp3,0.7407407407407407,45,26,GCGCCACTGGCAAAGAGCAA,19,787728
crpp3,0.07407407407407407,27,26,GCCGGTTAGTTTAGGTTAGC,1,765564
crpp3,0.4444444444444444,37,26,GCAGTTATCCGCTATTCCTT,11,762665
crpp3,0.3333333333333333,34,26,GATGTCGGGGCAGAGTGTGA,8,759299
crpp3,0.48148148148148145,38,26,GAGCGTCGATCCGCACTTAG,12,785213
crpp3,0.4444444444444444,37,26,GAGCCGATTGGGCGGACAGA,11,773422
crpp3,0.37037037037037035,35,26,GAGACGTCGATAGTGTAGCA,9,771333
crpp3,0.07407407407407407,27,26,GACATCCAGAGTTGCAAGGG,1,764888
crpp3,0.07407407407407407,27,26,CTTAATCTACATTAATGTAA,1,780718
crpp3,5.185185185185185,165,26,CTCGGCACACGCGACGAGCA,139,790080
crpp3,0.5925925925925926,41,26,CTATGGGGAACGCGTTGGGT,15,784755
crpp3,0.5185185185185185,39,26,CTACACCGGACTTCGCTTTA,13,770525
crpp3,0.8518518518518519,48,26,CGTAAAATACTATGAGTTAA,22,781734
crpp3,0.48148148148148145,38,26,CGGCTAAAGACGGTACGGTT,12,788935
crpp3,1.7037037037037037,71,26,CGCGTTTGATGTCAGTAAGT,45,775078
crpp3,0.14814814814814814,29,26,CCTCTCCCAGCGGTTGTGAG,3,788085
crpp3,0.1111111111111111,28,26,CCTCCGGCATGAGGTTGCTT,2,772587
crpp3,0.48148148148148145,38,26,CCGACAGCGACACTCTGATA,12,760002
crpp3,0.5555555555555556,40,26,CCATCCGAGGGATGGAACTG,14,784196
crpp3,0.6296296296296297,42,26,CCAGTGCCATCCACGTTTAG,16,762246
crpp3,0.6296296296296297,42,26,CCAGATGGCATTTTAATCCG,16,763249
crpp3,0.9259259259259259,50,26,CCACTATAACATCCAGTGGA,24,762590
crpp3,2.2222222222222223,85,26,CAGTTACTTTCTCTATTTAA,59,764537
crpp3,0.1111111111111111,28,26,CACGGGACCAAGTTGTCTAT,2,761877
crpp3,1.2962962962962963,60,26,ATGAGGGCATTGTAACCAGT,34,784257
crpp3,0.07407407407407407,27,26,ATACCCCGCAGGATCTTCCT,1,787264
crpp3,0.2222222222222222,31,26,AGCACGGTCACTTGATCTTT,5,763954
crpp3,0.6666666666666666,43,26,ACGGCAACCATTGGGATATG,17,771852
crpp3,0.48148148148148145,38,26,AATGGACCGCTTTGTCATGG,12,780558
crpp3,0.4074074074074074,36,26,AACGCAGAATACTGTTGAGA,10,777430
crpp3,0.1111111111111111,28,26,AAAACAGCCGGTCATGGAGA,2,760011
crpp3,0.07692307692307693,26,25,TTGGCGCACCTGCAACGGTA,1,777926
crpp3,0.6538461538461539,41,25,TTCTGGCACGATCCGTTAAA,16,787997
crpp3,0.6538461538461539,41,25,TTATTTGACTCGCCTATCGC,16,758855
crpp3,0.5,37,25,TTATGACACGGAATAAAAAA,12,760773
crpp3,1.8846153846153846,73,25,TGTGATGTAACTATGTGGTA,48,780510
crpp3,0.8076923076923077,45,25,TGGTGGTAGTACGCTATGGG,20,767010
crpp3,0.5769230769230769,39,25,TGGTGCAAGTGGGGTACTGC,14,767975
crpp3,1.0769230769230769,52,25,TGCGAGAACCATTGGTTCTT,27,783906
crpp3,1.4615384615384615,62,25,TGAATCGTTCGTAGTCACGT,37,769001
crpp3,0.9615384615384616,49,25,TCGAGCCCGAAACGATGATA,24,782245
crpp3,0.19230769230769232,29,25,TCCGGTTACGGGCATAAGTG,4,788057
crpp3,0.6923076923076923,42,25,TCCCAAATGCCTGTAGCCAC,17,769395
crpp3,0.07692307692307693,26,25,TCCAACTGTTAATGATCAGC,1,773567
crpp3,0.34615384615384615,33,25,TCAGCCGTACTCGGGAGGGT,8,771722
crpp3,0.5769230769230769,39,25,TCAAAAAGCGATAGTGGCCT,14,770349
crpp3,0.23076923076923078,30,25,TAGGCATATGTACCGACACT,5,761133
crpp3,0.11538461538461539,27,25,TAGGATAAAGAAGATCTTGG,2,764634
crpp3,0.9230769230769231,48,25,TAGAAGCAGGCTCCGAGCGT,23,783913
crpp3,0.5,37,25,TACTCTTACGTCTATTTTGT,12,764496
crpp3,0.5769230769230769,39,25,TAAGACCAGATCTGTGTATC,14,766802
crpp3,0.07692307692307693,26,25,GTTTATATGCCTAAAGATCG,1,774561
crpp3,4.846153846153846,150,25,GTATTCGGGCCTTTTAGAGC,125,767295
crpp3,1.1538461538461537,54,25,GGGTCCCTAATTGCCGCTAA,29,772733
crpp3,1.5384615384615385,64,25,GGGGGGCGTCATTAGACCAT,39,787845
crpp3,1.2307692307692308,56,25,GGGGCCTCAGCTACGAGAAG,31,768968
crpp3,0.6153846153846154,40,25,GGCGACAAAGGATTTCGATA,15,772851
crpp3,3.3846153846153846,112,25,GGCCTACCCCGTCTGCTGAA,87,762557
crpp3,0.5,37,25,GCTCTGGGGACGATGCATAC,12,783229
crpp3,0.34615384615384615,33,25,GCTAGGCACCACTCGTTCCA,8,770866
crpp3,0.38461538461538464,34,25,GCGTCGTACTTCGAATCCGC,9,789447
crpp3,1.0769230769230769,52,25,GCAGGCACGCAGCGAATTGC,27,764944
crpp3,0.46153846153846156,36,25,GATGTCCGTTTGTACGCAGC,11,779171
crpp3,1.0384615384615385,51,25,GAGTCCTATCTTGTCTGGAC,26,764089
crpp3,1.3461538461538463,59,25,GAGGCCATCCAACTTTCTTT,34,782593
crpp3,0.8461538461538461,46,25,GAGGCATGTAGAAATCAGAC,21,771064
crpp3,0.15384615384615385,28,25,GAGCGGAAGCTAGTATCCAC,3,779011
crpp3,0.5769230769230769,39,25,GACATGACTTCACTAACGAG,14,770143
crpp3,0.46153846153846156,36,25,GACAATCCCCACCCCCAACA,11,761801
crpp3,0.7307692307692307,43,25,CTGCACACTGCGGCTGGCTT,18,766961
crpp3,0.23076923076923078,30,25,CTCTACATCGTATAGCATAA,5,782376
crpp3,0.07692307692307693,26,25,CGGGATACGGGGGCTGAAGT,1,778873
crpp3,6.923076923076923,204,25,CGGCGCTGATCCCCGTCCAC,179,770399
crpp3,0.46153846153846156,36,25,CCTTGCCCACTCCCTAGAAA,11,766988
crpp3,0.7307692307692307,43,25,CCTGCTGCTCAGACATTAAT,18,786027
crpp3,0.5384615384615384,38,25,CCGGTCACCTGCCGAACGAT,13,765485
crpp3,0.46153846153846156,36,25,CCGCTGGATGCGGGTAATAA,11,766392
crpp3,0.9230769230769231,48,25,CCAGGCTCTGTTACGCTCCG,23,788605
crpp3,0.5384615384615384,38,25,CATTTACTGCCGCTTTGCGT,13,783250
crpp3,0.9230769230769231,48,25,CATCTTAGTGTTGAAACGTT,23,775021
crpp3,0.23076923076923078,30,25,CAGCGAGACGACCCACTGTA,5,762853
crpp3,1.0384615384615385,51,25,CACTAGCTCCTCTTGTATAA,26,761469
crpp3,0.6923076923076923,42,25,CACCCATATATGTGACTACA,17,765623
crpp3,1.0,50,25,CAAGGCAACTCAGAGGGGTA,25,785002
crpp3,0.5769230769230769,39,25,ATTGATGGACCCTGCTCATG,14,775828
crpp3,0.6923076923076923,42,25,ATGGGTCTTTGCAAGACCTT,17,761734
crpp3,1.8076923076923077,71,25,ATCTGGTCTGGCGTTCCCCC,46,767879
crpp3,0.2692307692307692,31,25,ATCGTAGTGTTCGCGAGCTT,6,790230
crpp3,1.5769230769230769,65,25,ATCGGGCGTAACGTAATGGA,40,784968
crpp3,0.19230769230769232,29,25,ATCGGATCACAATGTAACCT,4,767194
crpp3,0.5,37,25,ATACCGTGTGCGTGCTAGCA,12,784838
crpp3,0.6923076923076923,42,25,AGTCGATAACGAAACCACCG,17,762577
crpp3,0.19230769230769232,29,25,ACTTTGGAGCGTTGCGTTCG,4,790002
crpp3,0.46153846153846156,36,25,ACTATGCCCGCGGGGGCAAA,11,762129
crpp3,0.6153846153846154,40,25,ACCTATCAGTTGCACCCTTG,15,786451
crpp3,1.0384615384615385,51,25,ACCGCCCCAGTATTAAGGCG,26,764268
crpp3,1.1538461538461537,54,25,ACCAGTGACAAAGGTACGGC,29,767293
crpp3,0.9230769230769231,48,25,ACATGGGCGTGCCGCGTATT,23,780472
crpp3,0.2692307692307692,31,25,ACACTTCATCGATTTCATGC,6,789482
crpp3,1.8076923076923077,71,25,ACACCGCACTTCAGGCCAGG,46,773618
crpp3,0.23076923076923078,30,25,AAATTGGATAGGTTTAAAGA,5,781566
crpp3,1.2307692307692308,56,25,AAAGTAAGCTTTGGCAAGGC,31,784099
crpp3,0.8,43,24,TTTCCAGGAGGTGGGGTTTG,19,759327
crpp3,0.52,36,24,TTCACTCCAATGTAGGATGA,12,774318
crpp3,1.0,48,24,TTAGCAGGGTCTTGGAGGAA,24,786427
crpp3,0.84,44,24,TGTCTATCCGGCTTACATGT,20,777666
crpp3,0.96,47,24,TGTCTACTAATGGACGTGTA,23,776750
crpp3,1.88,70,24,TGGCCATGTTCAAAGGGTAC,46,763193
crpp3,1.76,67,24,TGGAGGGATTAAGCGATCGT,43,776675
crpp3,4.92,146,24,TGAATGCGTGATCCTCAAGC,122,766541
crpp3,0.8,43,24,TGAACGCTTGCGTCTCACGG,19,766440
crpp3,0.84,44,24,TCTTCTTCGCGGAAGGTCAA,20,771018
crpp3,1.16,52,24,TCTTCCAGAGAAGCCTACAG,28,768162
crpp3,0.72,41,24,TCGGCCTTAGAAGAACGTTG,17,768861
crpp3,1.88,70,24,TCCTCTCAAGATATGTAAAA,46,784183
crpp3,0.2,28,24,TCCAAGAGGGGAGAAGACGG,4,769991
crpp3,0.96,47,24,TATCCGTCATTTCCTCCAGA,23,762787
crpp3,0.32,31,24,TAGGGGTGACAGGCGCTCAG,7,767889
crpp3,1.64,64,24,TACAATTCAATCATGTCTCC,40,771275
crpp3,1.32,56,24,TAAGGCGTAAGAGCCTAGTT,32,758607
crpp3,0.08,25,24,GTTGCACTAGCTATGGGCGT,1,787422
crpp3,5.24,154,24,GTGTCGTGCCAGCTGCGGTT,130,784565
crpp3,0.68,40,24,GTGCACTAAGTGGGTCAGGT,16,765333
crpp3,0.64,39,24,GTCGGGCAGGGGCCTGTTCA,15,771013
crpp3,0.72,41,24,GTAAGGGTTAACGTGATAGC,17,759399
crpp3,0.24,29,24,GCTAAGTAAGTACAAGGGTA,5,777598
crpp3,0.68,40,24,GCGTGGAGTTACTAGGTTAT,16,772543
crpp3,0.32,31,24,GCAACGCGGCCTCGTACTGT,7,762156
crpp3,1.4,58,24,GATATGTCTTAGGCAATTCA,34,773093
crpp3,0.72,41,24,GAGTTCGCACCTATACTAAA,17,781016
crpp3,0.52,36,24,GAGCATCCGGGAATATGTCC,12,764282
crpp3,0.08,25,24,GACGCGTGATCGACACCGAT,1,788606
crpp3,1.28,55,24,GAAATCACATAGATTCCGAA,31,780363
crpp3,1.0,48,24,CTGACTCGCGCGCGCATCGT,24,764715
crpp3,1.48,60,24,CTAGTCAGTGATTACATATT,36,767580
crpp3,0.28,30,24,CGTGAAGCAACGCGGCTGTT,6,760580
crpp3,0.76,42,24,CGGGTCACGGGAAAGAAACG,18,763486
crpp3,0.4,33,24,CGGATTTAATATGGAGTTAT,9,784820
crpp3,0.64,39,24,CGAACAACGTTCCTAAGGAG,15,781744
crpp3,0.6,38,24,CCTCACCGCGGGGCTTCGAA,14,770624
crpp3,0.16,27,24,CCCTTATCGAATGGAGATTG,3,776233
crpp3,1.04,49,24,CCCAGTTGAACAAAGGCAGA,25,768087
crpp3,0.08,25,24,CCAAGGCGTCATCCGGGCAA,1,778973
crpp3,0.36,32,24,CATTCGATGCAGGGCATCGA,8,778642
crpp3,0.92,46,24,CATTAGGTTTCAGATCGGCA,22,763304
crpp3,0.12,26,24,CATAAGCCCAGCTAGGAATC,2,770431
crpp3,0.8,43,24,ATTATAGCCGTATAAACGTG,19,762041
crpp3,1.2,53,24,ATGTTTCTTGATAGTTCTCG,29,778180
crpp3,0.6,38,24,ATATTCGTGGCATAAACTAG,14,760928
crpp3,0.12,26,24,ATAGGTTCATAGGCTGAACG,2,765917
crpp3,0.4,33,24,AGTGGGTCTTGCTCGCGACC,9,759381
crpp3,1.2,53,24,AGTATCGACACGTTTGCCCA,29,765166
crpp3,1.36,57,24,AGGCTAAACCACGCACCTAA,33,758661
crpp3,0.28,30,24,AGCACCTCCAATATGGGTAA,6,770665
crpp3,3.2,103,24,AGACTACACCTCCGCAGCAT,79,764754
crpp3,0.68,40,24,AGAATCCGGCTTGGCGTCAG,16,764473
crpp3,0.84,44,24,ACGCTGGTGTGTGTGGTTTG,20,761654
crpp3,0.4,33,24,ACCTGTAACTGAAAGGATAG,9,767011
crpp3,0.52,36,24,ACACTCTAGGCCGCTCGCGT,12,774109
crpp3,1.96,72,24,ACACCGTGGCGCATGCGGGC,48,772076
crpp3,1.0,48,24,ACAATAAAGGCTGGTTTTCA,24,761682
crpp3,0.28,30,24,AATCGTGTCATTTGCTACCG,6,768853
crpp3,0.56,37,24,AATAGGAGATCACGCGATCG,13,769934
crpp3,1.48,60,24,AAGAGTGAACTCTCCTGGGT,36,785667
crpp3,0.32,31,24,AACGTGGAAATAAGAGTGGA,7,774812
crpp3,0.92,46,24,AAATCTCAGTCTGAAGGTGA,22,780455
crpp3,1.28,55,24,AAAGTCCACCATGTTTCTTC,31,784936
crpp3,0.28,30,24,AAAAGTCTTCCAGCGCGCTG,6,780880
crpp3,0.7083333333333334,39,23,TTGCCGCACGTGATTGCGGG,16,759850
crpp3,0.7083333333333334,39,23,TGGTTTACTAAACATCCCGT,16,785666
crpp3,0.9166666666666666,44,23,TGCTACATGCCTGGAGTGGT,21,760156
crpp3,0.20833333333333334,27,23,TGCGACAGGTTTCTTCTTCG,4,764063
crpp3,0.6666666666666666,38,23,TGCCCGGTCTTAGCTTGTAT,15,775408
crpp3,0.20833333333333334,27,23,TGCACGGAACCTGCTTACGA,4,766907
crpp3,0.3333333333333333,30,23,TGATAGTAGTAATTTACAGA,7,778214
crpp3,5.791666666666667,161,23,TGAAGGGCTACGGGGAAGAT,138,771560
crpp3,0.5833333333333334,36,23,TCTGACTGTTAGGCGACGTT,13,772627
crpp3,1.3333333333333333,54,23,TCATGCCTTCGGCTCCAGCC,31,762262
crpp3,2.25,76,23,TAGAGACCAACATGAATTAC,53,777192
crpp3,1.625,61,23,TAACTGTTCCTGTTTGAGGC,38,760170
crpp3,0.25,28,23,TAACCGGCTTCTTACCTGTC,5,778880
crpp3,2.0833333333333335,72,23,GTTTTAAACCTCCACCTATG,49,764909
crpp3,0.16666666666666666,26,23,GTTGCTATTTCGGTCAACTG,3,775280
crpp3,0.7916666666666666,41,23,GTTGCATTATGCTCCGAACC,18,774664
crpp3,0.4583333333333333,33,23,GTTGATCCTGGACCAGCTGC,10,787010
crpp3,0.5416666666666666,35,23,GTTATTGACGTTTAGACTGT,12,768196
crpp3,1.0833333333333333,48,23,GTGGCTGAGTCGCGTCCTAG,25,763569
crpp3,1.5833333333333333,60,23,GTGAGGGGAGGGGACCCGGT,37,775545
crpp3,1.4166666666666667,56,23,GTCATCTTACTGCGTGCTGA,33,779618
crpp3,0.08333333333333333,24,23,GTCAGATTTAGGCCCTATTA,1,783019
crpp3,0.6666666666666666,38,23,GGTTCACCTGCTAAAACGGC,15,765800
crpp3,0.5,34,23,GGTGATGGTGCGAAGGGTAC,11,772054
crpp3,0.16666666666666666,26,23,GGGGGATGCTGTGTTTCGGT,3,788155
crpp3,0.7083333333333334,39,23,GGCTGCGGTATCTCAATCCA,16,760162
crpp3,0.5416666666666666,35,23,GCACTAGAGTGGCTTCCGCA,12,790047
crpp3,0.08333333333333333,24,23,GATTCGTGTGGAAGGAGTAT,1,786376
crpp3,1.25,52,23,GATATACATACAAACTGTCC,29,790050
crpp3,0.875,43,23,GAGCTAGCTCCGAAAAACCA,20,759454
crpp3,1.4166666666666667,56,23,GACAGATGCGGTTGCTTATC,33,788434
crpp3,0.8333333333333334,42,23,GAACACCAGAGGTTTGGAGC,19,772390
crpp3,1.3333333333333333,54,23,GAAATCTAACCCTCAGGCCC,31,777178
crpp3,0.6666666666666666,38,23,CTGTGTCATGGAAGTAGCGG,15,765749
crpp3,1.0,46,23,CTGTCGTGACGTCCCTTTTA,23,787761
crpp3,0.5,34,23,CTGTAACAAAGTTAGAGCTG,11,790051
crpp3,0.8333333333333334,42,23,CTCTGCATGTGTTAAGGATC,19,772729
crpp3,0.4166666666666667,32,23,CTCCGAGGAGATACCTCGAT,9,777377
crpp3,3.2083333333333335,99,23,CTCCCTAGTAGTGACGCCTC,76,775978
crpp3,0.5833333333333334,36,23,CGTGCCCTGACCTGGGGAGG,13,788893
crpp3,0.5416666666666666,35,23,CGGTCAATTACCGGGGATTC,12,764031
crpp3,0.08333333333333333,24,23,CGGGGAGTTTCGAGACAAGT,1,774883
crpp3,0.20833333333333334,27,23,CGCGGCATCCTATATGTGAT,4,778369
crpp3,0.2916666666666667,29,23,CGCAAAACTCATCGTAATCC,6,764120
crpp3,1.5416666666666667,59,23,CGATCACGGGGACTTTGTTG,36,768441
crpp3,0.6666666666666666,38,23,CCTTTAAAAAGGAGGGGCCA,15,761288
crpp3,0.875,43,23,CCGCTATCAAGGGGTGCGAG,20,774012
crpp3,0.6666666666666666,38,23,CCCATTTCGCGTGGTTGTTA,15,786908
crpp3,0.875,43,23,CCCAAATTAGAGGTACCCCT,20,759029
crpp3,0.25,28,23,CATGATACTTACAGTACACT,5,784342
crpp3,0.4166666666666667,32,23,CATATGTACAAATTGTACTT,9,770995
crpp3,0.625,37,23,CATAATGGTCGTCCTTTTGA,14,774262
crpp3,0.25,28,23,CAGGCAATCAATTCCACATG,5,785166
crpp3,1.0833333333333333,48,23,CAGCTGGTTTTACGATACCT,25,782013
crpp3,0.4166666666666667,32,23,CACCCTTTTCGGTCCCTCCT,9,780272
crpp3,0.875,43,23,CAAGGTCTCTGATAACCCAC,20,759978
crpp3,0.16666666666666666,26,23,CAAGCTAGGCACAGCCAGCC,3,785586
crpp3,0.5833333333333334,36,23,CAACCTAAGAACAGAAGGGA,13,772461
crpp3,1.2916666666666667,53,23,CAAACTATCGTATCGGTATA,30,762977
crpp3,0.4166666666666667,32,23,CAAAAAGCGTATCTACTTAA,9,758736
crpp3,0.5,34,23,ATTTGTTATAAGTCTCCCTA,11,761294
crpp3,0.3333333333333333,30,23,ATTTAGGATCTACCTAGGCT,7,779632
crpp3,0.2916666666666667,29,23,ATCCAGTCGATCCGGTTCTC,6,761536
crpp3,0.5833333333333334,36,23,ATAGTGGTGGTGGCTCAGCC,13,774128
crpp3,0.08333333333333333,24,23,AGTCTTCTCTCGAACGTATC,1,764716
crpp3,0.20833333333333334,27,23,AGGTCGATAAACCATGCGGT,4,765161
crpp3,0.875,43,23,AGATAGGGCAGTGACCGCTA,20,780797
crpp3,0.16666666666666666,26,23,AGAGTGGCAACGGCAGTAGG,3,783497
crpp3,0.875,43,23,AGACGAACGTTAAACCGTAG,20,775567
crpp3,0.7916666666666666,41,23,AGAACTAAGATTCCTACGTT,18,772934
crpp3,0.875,43,23,ACGGCTTCCGCGAATGCTGT,20,787378
crpp3,0.75,40,23,ACGCGGTAATCGCGCGAGGT,17,758704
crpp3,0.16666666666666666,26,23,ACCCGGATTCTATCGTGAGG,3,768242
crpp3,0.3333333333333333,30,23,ACCATTAACAACGCGCCATC,7,760454
crpp3,0.20833333333333334,27,23,ACATCATCGCCGTAATAACT,4,761770
crpp3,1.7083333333333333,63,23,ACAGCACATACCAGACCAGA,40,788362
crpp3,0.25,28,23,ACAACGAAGGCCGAATCTTC,5,778587
crpp3,0.6666666666666666,38,23,AATGGGGCTGTGTGTTAGGG,15,759348
crpp3,0.3333333333333333,30,23,AATCCCCTAAGAACCTCGGA,7,758908
crpp3,0.5,34,23,AAGGGCCATCGACTCTTCCA,11,763912
crpp3,0.5833333333333334,36,23,AAGCAAACTCCATCCGGACC,13,780863
crpp3,2.0416666666666665,71,23,AAGACTTGACCACTGGGGGG,48,776980
crpp3,0.13043478260869565,24,22,TTTGCTCCACTTTGCTGAAT,2,761766
crpp3,0.9130434782608695,42,22,TTGCTAATGTAGGATCGGAG,20,775640
crpp3,3.0434782608695654,91,22,TTCTTGCCTAGGGAATGTGT,69,769818
crpp3,0.34782608695652173,29,22,TTCCTAGGTCGCACTCCCGA,7,772085
crpp3,0.5217391304347826,33,22,TTCAAACCACACGGAATACG,11,767599
crpp3,0.34782608695652173,29,22,TGGCCACAGGGTAACCACGC,7,788703
crpp3,3.130434782608696,93,22,TGGAGGTGCGAGGCTGGGAT,71,788381
crpp3,0.5652173913043478,34,22,TGCGTACCACTTACAATAGA,12,763035
crpp3,0.43478260869565216,31,22,TGCAGGTCATTGAAGCAGTG,9,786372
crpp3,0.782608695652174,39,22,TGCAGGCAGCTAACACCACA,17,782707
crpp3,0.8695652173913043,41,22,TGAAATAAATTCGACCCGGA,19,768700
crpp3,0.43478260869565216,31,22,TCTCACACTTCGTACTAATA,9,776964
crpp3,0.7391304347826086,38,22,TCGGCTAGTAGTTTGTAGTC,16,769237
crpp3,0.782608695652174,39,22,TCGCGGTCACTTCGACCGGG,17,763070
crpp3,1.2608695652173914,50,22,TCGCCCCCAGCTGTATGGTA,28,763251
crpp3,0.6521739130434783,36,22,TCGAGGTTTGCCGATTGTGC,14,758682
crpp3,1.0434782608695652,45,22,TCCCGGTCTTAGTTATCGGG,23,767016
crpp3,0.43478260869565216,31,22,TCCCAGCCTAAGAGCTGCCC,9,762587
crpp3,0.6521739130434783,36,22,TCCAAGCATGCGGCGACTCG,14,763185
crpp3,0.9565217391304348,43,22,TCAAAGGACCAACCCTAGCG,21,769717
crpp3,0.782608695652174,39,22,TATAAGGCTCCTCTTTATAT,17,790635
crpp3,1.0434782608695652,45,22,TAGCTTTGAATCAGTGCGAG,23,763946
crpp3,3.5652173913043477,103,22,GTGCTTCGATGGATCTCCGT,81,767989
crpp3,0.6086956521739131,35,22,GTCTTTCGATTGTACAGTTC,13,758756
crpp3,0.30434782608695654,28,22,GTCTATATCCCTATACATAG,6,761009
crpp3,0.43478260869565216,31,22,GTATGAGAATTCGATAAAAA,9,771133
crpp3,0.43478260869565216,31,22,GTAAGGGCCGATCCCAGCAT,9,770843
crpp3,2.0869565217391304,69,22,GGCGGCTTTGCAGCTAATTC,47,780316
crpp3,8.130434782608695,208,22,GGCACAACGGACGTAATCAC,186,789499
crpp3,0.8260869565217391,40,22,GGATCATCAGACCATAAAGT,18,774132
crpp3,2.0869565217391304,69,22,GGATAGATGATTGCTGGTCG,47,763157
crpp3,0.8695652173913043,41,22,GGAGCGACTGTCCCGGTTAG,19,788601
crpp3,0.8260869565217391,40,22,GCTTGGTATACTGACGTTAA,18,784072
crpp3,1.608695652173913,58,22,GCTTAGAGCAGGAACCTGTG,36,763359
crpp3,0.9565217391304348,43,22,GCGCCACCTCCTTTATAGAA,21,762572
crpp3,0.8260869565217391,40,22,GCGACCGTGTTACTCGTCCC,18,772815
crpp3,0.8695652173913043,41,22,GCCGTGCGGTTGCATTAAAT,19,781679
crpp3,0.6521739130434783,36,22,GCCCCGCTCCCCAAGGAAAA,14,766028
crpp3,0.4782608695652174,32,22,GATTTTGTGAGCCATGACTA,10,763754
crpp3,0.34782608695652173,29,22,GAGGATCTCTAAGGCCGGTA,7,759995
crpp3,1.2173913043478262,49,22,GAAGCAGATCGGCTCTAATT,27,758974
crpp3,0.34782608695652173,29,22,CTTTAGTGATTAGGCGTTCT,7,787837
crpp3,0.17391304347826086,25,22,CTTCTATACCCTGAAGTGAA,3,788808
crpp3,0.9130434782608695,42,22,CTTCAATCCGTACCTCCACA,20,777782
crpp3,0.6521739130434783,36,22,CTGTTATCGGCTTTAGCTAA,14,784797
crpp3,1.7826086956521738,62,22,CTGGAAAAAATAATTCATAA,40,790256
crpp3,0.13043478260869565,24,22,CTCGGTGTATTCGGTCACTT,2,772584
crpp3,1.1304347826086956,47,22,CTCGCGAGAGATTACAGCGT,25,768285
crpp3,0.6086956521739131,35,22,CGTGCGCTCCCAGTTATTGA,13,779993
crpp3,0.34782608695652173,29,22,CGTAGGTGTTGGACAACATA,7,772027
crpp3,0.5217391304347826,33,22,CGGTCATGCTAGGGCGGTGT,11,769961
crpp3,0.4782608695652174,32,22,CGGCGTACTAAGCCAATGAG,10,767861
crpp3,0.08695652173913043,23,22,CGGAGATAATAGGCTGGTAT,1,767750
crpp3,0.17391304347826086,25,22,CGCCAGTCCGGAAGAATCAC,3,784091
crpp3,0.6956521739130435,37,22,CGAGGAGCCGGAGGTTCAGC,15,788390
crpp3,0.7391304347826086,38,22,CGAATGCGCGTATCGCAAGG,16,769107
crpp3,2.130434782608696,70,22,CCTGTCCTCCATGTGTTTCC,48,781433
crpp3,0.8695652173913043,41,22,CCGTGTGATCCGTCATGGCA,19,763037
crpp3,0.8260869565217391,40,22,CCGCTCATTACCGGTAGGAA,18,762621
crpp3,0.6521739130434783,36,22,CCCGGTTAATAGTAACGCCC,14,768046
crpp3,1.9130434782608696,65,22,CCCAGCGGTTAGAGTCCTAA,43,773364
crpp3,0.2608695652173913,27,22,CAGAAGTGACCGTGGGCAGC,5,761658
crpp3,0.5217391304347826,33,22,CACTGTTCCGACTTCGTTAT,11,766135
crpp3,0.782608695652174,39,22,CAACTTAGGGTGGTTCCTGT,17,783225
crpp3,0.6521739130434783,36,22,ATTTGATCCTTATGGCTTGA,14,781001
crpp3,0.17391304347826086,25,22,ATATTCCGGTTGTAGAATGG,3,780874
crpp3,0.43478260869565216,31,22,AGTAACACACGCTCACAAAT,9,775697
crpp3,0.782608695652174,39,22,AGGGCTTACGGCTCACGTGA,17,759976
crpp3,1.565217391304348,57,22,AGGCCCCCACTTACAATCGC,35,776752
crpp3,2.0,67,22,AGGCCCATACACTCTATTTA,45,774478
crpp3,1.0869565217391304,46,22,AGGCCCAACTGAACCACAAC,24,789754
crpp3,0.8260869565217391,40,22,ACTGGGATGCGTCGGCCCTT,18,767369
crpp3,0.782608695652174,39,22,ACGTTCACAATAAAATCCAA,17,774878
crpp3,0.21739130434782608,26,22,ACGGAAGACTATACCCCGTC,4,773728
crpp3,1.0,44,22,AATGCACAGAAGCGCGACAT,22,772885
crpp3,0.13636363636363635,23,21,TTTATGAAAAGGCTGATATT,2,765070
crpp3,0.3181818181818182,27,21,TTGCTCCGCTATAACAGATC,6,769210
crpp3,0.7272727272727273,36,21,TTATTTCTCTTTCGAATACA,15,774666
crpp3,1.9545454545454546,63,21,TGTTGAGCTGGCCTTCAGTG,42,759279
crpp3,0.6363636363636364,34,21,TGTGTCGGGAACAGCTGAAG,13,768896
crpp3,1.0909090909090908,44,21,TGGTGACTGAAGTGACTACT,23,785921
crpp3,1.2272727272727273,47,21,TGGAATCATTCTCAAATTAT,26,765948
crpp3,1.0909090909090908,44,21,TGCTTCGACACTCCGGGTGC,23,781274
crpp3,1.0909090909090908,44,21,TGCCCTGTAACGAACTCTTG,23,760106
crpp3,0.6363636363636364,34,21,TGACTGTCAACGTACCTCGG,13,766337
crpp3,1.4090909090909092,51,21,TGACGTCCCTTTCATCATTG,30,764107
crpp3,0.7272727272727273,36,21,TCGTGAGGGGGCATCCGGTC,15,765570
crpp3,1.5,53,21,TCGGGCGTGGGGCGGCGGGA,32,764035
crpp3,0.09090909090909091,22,21,TATTGGTCTCGTCCGCTTTT,1,783400
crpp3,0.13636363636363635,23,21,TATTGGGCATCGTATTGTCT,2,765631
crpp3,0.7272727272727273,36,21,TATCGGGTGGTGGCACAATT,15,766727
crpp3,0.2727272727272727,26,21,TATCAGGGGCGGCCGCTGGT,5,786397
crpp3,1.4090909090909092,51,21,TAGCACAGGCCTAGTGTCGA,30,783955
crpp3,2.5,75,21,TAATGACAGGATGGAGACAA,54,774769
crpp3,1.2272727272727273,47,21,TAAGGTCGAATCCTATCTCT,26,770252
crpp3,1.5909090909090908,55,21,TAAGCAGCCCCCACGCCGGG,34,765522
crpp3,1.0,42,21,GTTTGCGAAGAATTTCCGCT,21,762962
crpp3,0.7727272727272727,37,21,GTTAGCAATTCCTCCAAAGA,16,779749
crpp3,1.8181818181818181,60,21,GTGTCGTTACCCTAATTCAT,39,763942
crpp3,0.22727272727272727,25,21,GTGGTTTTATGCGTTAGCTG,4,771317
crpp3,0.22727272727272727,25,21,GTCTGGAAGCGGGATCACGT,4,774077
crpp3,0.7727272727272727,37,21,GTCAACATTAGGTTTCACGA,16,783903
crpp3,0.13636363636363635,23,21,GTATACCAGTCATCAGCTGC,2,786620
crpp3,0.13636363636363635,23,21,GTAGGGTCGCGGAGGTAAGG,2,761820
crpp3,0.45454545454545453,30,21,GTACCCTACGACGACAACAA,9,769640
crpp3,0.5909090909090909,33,21,GTAATTGATAGTATACTGAC,12,786602
crpp3,0.2727272727272727,26,21,GGTTACCCGATATAGCTAAT,5,774813
crpp3,0.36363636363636365,28,21,GGTCTCTGCCGGCGCGAGGT,7,773525
crpp3,1.0454545454545454,43,21,GGTCCTACAGGATTCCATGT,22,765585
crpp3,2.090909090909091,66,21,GGCACGTATATCTACAGCCA,45,790544
crpp3,1.1818181818181819,46,21,GGAGCGCCGTGTGCGGTGAT,25,790595
crpp3,0.09090909090909091,22,21,GCTGGGGAATCTACTATGCG,1,771672
crpp3,0.45454545454545453,30,21,GCTACACCTTTGCATACTGT,9,761765
crpp3,1.0,42,21,GCGGAACATCAAAACCAGCA,21,768601
crpp3,0.9090909090909091,40,21,GCCGTCTTCTCATTCATGTT,19,780364
crpp3,0.22727272727272727,25,21,GCATACGTCAGAACCGTGTC,4,785996
crpp3,1.5454545454545454,54,21,GAGAGCCCACCGTACAAAGG,33,776380
crpp3,0.7272727272727273,36,21,GACCAGGGGATCTCTACGCG,15,760510
crpp3,0.2727272727272727,26,21,CTGGGTACGTACTCATTGCT,5,771784
crpp3,0.18181818181818182,24,21,CTATATCTGATATAACTCAC,3,780964
crpp3,0.4090909090909091,29,21,CTATAGTCAGAATAGTTTCC,8,780568
crpp3,0.9090909090909091,40,21,CGTTATTCCCCCAGGAATCA,19,766528
crpp3,0.8181818181818182,38,21,CGTATAACGGCCGCGCGAAG,17,779436
crpp3,0.8181818181818182,38,21,CGGGGTCGCCAGTTATCTGA,17,764054
crpp3,0.13636363636363635,23,21,CGGGACCCTTCCAAGGGCAG,2,765714
crpp3,0.4090909090909091,29,21,CCTTAACCGACACCGGGAAA,8,770087
crpp3,12.136363636363637,287,21,CCTGGGCTGGACATAAATTG,266,775013
crpp3,1.5454545454545454,54,21,CCGTTTATTCCATCTCCCGT,33,778387
crpp3,1.2272727272727273,47,21,CCGCTCCAAGCCAGCATACA,26,779172
crpp3,0.5454545454545454,32,21,CCCTTTCTGGTCCTTCATGC,11,767715
crpp3,1.0,42,21,CCATAGATTAATAGCGTGTG,21,769024
crpp3,1.2272727272727273,47,21,CATTCACGGGAGTGGTATAA,26,772062
crpp3,1.0454545454545454,43,21,CAGTTGATGGAGTAGCATGC,22,770546
crpp3,0.6818181818181818,35,21,CAGTTATTAAGGTAAGAATA,14,779748
crpp3,0.2727272727272727,26,21,CACGTAAAACGGTCCGCCGT,5,781736
crpp3,0.2727272727272727,26,21,CAAAAATGTACCCAGTGTAA,5,780417
crpp3,0.4090909090909091,29,21,ATTTCTGAAACGCCCACAAA,8,785990
crpp3,0.4090909090909091,29,21,ATTAGGCGCTCTGGCAGATC,8,760019
crpp3,0.5,31,21,ATTAAGTGGACAACCGGCTA,10,764719
crpp3,0.22727272727272727,25,21,ATGGTGGCCCTTGCATGGGC,4,776491
crpp3,0.09090909090909091,22,21,ATGGGTTGAACCTTTATACC,1,778268
crpp3,0.36363636363636365,28,21,ATGGGCAGCGGAACTGCTCG,7,786535
crpp3,1.0454545454545454,43,21,ATGACCAGTGACTGGCCATC,22,764513
crpp3,1.8181818181818181,60,21,ATCCGTGTACACCAGCACGG,39,785562
crpp3,0.5909090909090909,33,21,ATATGCCGTAACGGGTCTCA,12,760451
crpp3,0.3181818181818182,27,21,AGTCTGATGTTCGATTTCAG,6,769266
crpp3,1.0,42,21,AGGTCCTGGGTAGCATAGAG,21,762348
crpp3,0.8181818181818182,38,21,ACTCAAACCCCGCATCCGAA,17,772933
crpp3,0.6363636363636364,34,21,ACGGAGCGGTTTTAATGACT,13,772348
crpp3,1.2272727272727273,47,21,ACGCGTAAGGTTCTCAAGTC,26,788575
crpp3,0.5454545454545454,32,21,ACGCGCACTTCCAGATCAGG,11,759410
crpp3,0.7272727272727273,36,21,ACCGTGCTGTTTTTGCGCAT,15,760280
crpp3,0.3181818181818182,27,21,AAGTTTTCCGTTTTAGGTTC,6,786216
crpp3,0.8181818181818182,38,21,AAGCTACTCGCTAGACCCCC,17,762809
crpp3,0.45454545454545453,30,21,AACAGCATGACTTACCAGTT,9,768400
crpp3,0.6190476190476191,32,20,TTTTCCCGCTATCCATGGCT,12,776989
crpp3,0.7619047619047619,35,20,TTGTTCGATTGGACCACAAC,15,766110
crpp3,0.9047619047619048,38,20,TTGCTTTGTTGCTTAGCTGA,18,778963
crpp3,0.5238095238095238,30,20,TTCGACTTTGATTCTTTATT,10,781545
crpp3,0.47619047619047616,29,20,TTACTTAGTTACGTCCCTGG,9,758878
crpp3,0.2857142857142857,25,20,TTACATACCATCTAGGCAAC,5,782777
crpp3,1.1428571428571428,43,20,TGTTTCAAATCATGCATCAT,23,759926
crpp3,1.0,40,20,TGTGCATGTGGGAAAGAGCC,20,788220
crpp3,1.380952380952381,48,20,TGGAATCAGGGTTTGGCCAC,28,761569
crpp3,0.14285714285714285,22,20,TGCTTTACATTATTCTTGAG,2,761544
crpp3,0.47619047619047616,29,20,TGCTGGAAGCCACAGGGCGA,9,789469
crpp3,1.1904761904761905,44,20,TGCGAGCGTCTGACAGATGT,24,763226
crpp3,0.5714285714285714,31,20,TGCGACACGGGTCTGTTCTA,11,776749
crpp3,0.6190476190476191,32,20,TGCCTCAAGGTGTATGCGGT,12,777586
crpp3,0.47619047619047616,29,20,TGCATAGACAAATCGACATA,9,788548
crpp3,1.1904761904761905,44,20,TGCAGCAAATGGCCTTTGTT,24,766328
crpp3,1.6666666666666667,54,20,TGACGAGTACGTGGCGAGTA,34,772482
crpp3,2.761904761904762,77,20,TCTTCGGGGGTCCAACCGAA,57,767296
crpp3,7.857142857142857,184,20,TCTGGGAATTCCGCCGCTTG,164,790273
crpp3,1.0,40,20,TCGGCCCGATCAACGGTGGG,20,781673
crpp3,1.1904761904761905,44,20,TCAAGTGCGCACTTACATCG,24,761840
crpp3,0.09523809523809523,21,20,TATAGACTATGTCAAAAATA,1,784347
crpp3,4.714285714285714,118,20,TATAACCGCGTTCGACCAAT,98,759133
crpp3,1.0,40,20,TATAAATCGCTCCGGACTAA,20,787055
crpp3,0.9047619047619048,38,20,TAGGGCGGTAGGTTATGGAA,18,782675
crpp3,0.7142857142857143,34,20,TAGAAATAGATTCAGCTGGG,14,771245
crpp3,0.5714285714285714,31,20,TACTCTATCTAGGAGAACTC,11,762378
crpp3,0.8095238095238095,36,20,TAACTTGTAAAGGTAATTCC,16,780760
crpp3,0.5714285714285714,31,20,GTTCACTGTAGAGCTGCGCA,11,777871
crpp3,0.8095238095238095,36,20,GTGTGAGCTGACTTTAGTTA,16,779377
crpp3,0.8095238095238095,36,20,GTGCGGACATCGGCCAACAT,16,759009
crpp3,0.19047619047619047,23,20,GTAAGCTTCTTAGCTGTATC,3,778659
crpp3,2.0,61,20,GGGCTAACAGATGGGCTGTT,41,770562
crpp3,0.9047619047619048,38,20,GGCCCTTAAGGTACAGTGCT,18,758432
crpp3,0.09523809523809523,21,20,GCGTCCTTGAGGGCAACTTA,1,766969
crpp3,0.6190476190476191,32,20,GCGGTCCAACCGGCTTCGTC,12,760196
crpp3,0.7619047619047619,35,20,GCAGACGCCCCTTCTGGGTA,15,776711
crpp3,0.6190476190476191,32,20,GATCCTGGACAAACTGAATC,12,760015
crpp3,0.5238095238095238,30,20,GAGGCCTAAACATTCGTACT,10,770871
crpp3,1.2857142857142858,46,20,GACTTAGAGCGACACACAAT,26,776158
crpp3,0.5714285714285714,31,20,GACTGTCGGCAACCATGGAA,11,785760
crpp3,0.5714285714285714,31,20,GACTGAGGCCATAGCCATAT,11,768612
crpp3,0.7619047619047619,35,20,GAATCTTGTGGTAAGACACG,15,784557
crpp3,1.2857142857142858,46,20,CTTTCTATCGCTCGTGGAAC,26,779030
crpp3,2.142857142857143,64,20,CTGCGAAGGGTCTTTCGTCT,44,780004
crpp3,0.14285714285714285,22,20,CTATAGATACTGTAACAAGA,2,782487
crpp3,2.619047619047619,74,20,CTAGACTCTCAGTCCGAATG,54,787850
crpp3,0.7619047619047619,35,20,CTAAGTGGCATGGTCGGAGA,15,770569
crpp3,1.4285714285714286,49,20,CGGCTGTTTCTAATCATAAT,29,787633
crpp3,0.42857142857142855,28,20,CGGATGGAAGGCCCCGCTGG,8,783238
crpp3,1.9047619047619047,59,20,CGCCTAAATTTTCTTGGGGT,39,764557
crpp3,1.1904761904761905,44,20,CCTTTGGCACTTACCTTCTG,24,768957
crpp3,0.14285714285714285,22,20,CCTGGTCCCACTGAACAGTG,2,761895
crpp3,0.09523809523809523,21,20,CCTACTACATTACATCGAAC,1,763897
crpp3,0.3333333333333333,26,20,CCGTTGGGTACCGGTCGTGT,6,772680
crpp3,0.6190476190476191,32,20,CCGGGGGGATGTCGAACCTA,12,769434
crpp3,1.1904761904761905,44,20,CCGAGCTGGTCAAATTTCAA,24,789142
crpp3,0.7619047619047619,35,20,CCGAGCACCGGTGCACTCGT,15,776316
crpp3,0.5238095238095238,30,20,CCCTCAGCCGAGACGACGCG,10,769715
crpp3,0.47619047619047616,29,20,CCCGCCTGTTTAATTAACGA,9,787102
crpp3,0.5714285714285714,31,20,CCCCTGGCAAGATACATGCA,11,774807
crpp3,0.7142857142857143,34,20,CCACCCGTGTCCTGACGCTT,14,773201
crpp3,1.8095238095238095,57,20,CATGCGTCTGAGAGAATTTC,37,777254
crpp3,1.5714285714285714,52,20,CAGCCGGGACGTACCTCAAT,32,783325
crpp3,0.09523809523809523,21,20,CACTTTGTGTTATACATTGA,1,763938
crpp3,0.6666666666666666,33,20,CACGGATAGGGCGGATCGTT,13,764071
crpp3,0.8571428571428571,37,20,CAAAAGGCATGTCGGCTGAT,17,777456
crpp3,0.38095238095238093,27,20,ATTTCCGGTGAATCGACATA,7,779175
crpp3,1.4285714285714286,49,20,ATGTTGCTAGTACGGACATT,29,788832
crpp3,0.19047619047619047,23,20,ATAGTAATGTATGCTCCAGG,3,767705
crpp3,0.09523809523809523,21,20,ATACGGATTACTTGCCGGCT,1,772506
crpp3,1.4761904761904763,50,20,AGTTCGACCTCAGAACAGAT,30,783301
crpp3,0.5714285714285714,31,20,AGGTGGGGGGGTGATTACAT,11,786936
crpp3,2.0,61,20,AGCAGACAATTCACGCTTCA,41,762849
crpp3,0.42857142857142855,28,20,ACTAATAGGCTATAAAAGGG,8,773612
crpp3,1.3333333333333333,47,20,ACCTGGACTTGAGCGGTTAG,27,776866
crpp3,1.0952380952380953,42,20,ACATGTACTCCGGTACAACC,22,771623
crpp3,0.38095238095238093,27,20,ACAATGGAATGGCATATTAC,7,764714
crpp3,1.1904761904761905,44,20,AACTATTGTTCCAAATCGTA,24,787678
crpp3,1.2857142857142858,46,20,AACGCGTTCTCTCGATCAAT,26,786274
crpp3,0.8095238095238095,36,20,AACCCGTCTGGAGTTGTTAA,16,763205
crpp3,1.3,44,19,TTTTTGATCCTCTACTCTAT,25,766942
crpp3,0.2,22,19,TTTGGGCCTCCTGCCTAATA,3,782319
crpp3,0.75,33,19,TTGGTTAGAGGGTCGGCGGT,14,772647
crpp3,0.75,33,19,TTGACTTCGCATGCTAAAGA,14,769488
crpp3,0.55,29,19,TTCGTCCCTTGGTCGTCTCA,10,763285
crpp3,1.0,38,19,TGTTGTCTTTGTCGGCAAAC,19,789027
crpp3,0.1,20,19,TGTTAAACCCAGGAACGCTT,1,771161
crpp3,0.65,31,19,TGGTGTAAGTCCAGCTTAAC,12,789846
crpp3,0.9,36,19,TGGGTAAGTTAGGCCGTACT,17,764793
crpp3,1.35,45,19,TGGCAAGTTTGTGTGCAGCT,26,789073
crpp3,0.3,24,19,TGCTCAAACGGGATGTAGGT,5,780037
crpp3,0.3,24,19,TGCGAAGGACAACAAAGTTC,5,762812
crpp3,0.6,30,19,TGATGGGCCGCTAGTTAAAA,11,786859
crpp3,3.05,79,19,TGAGAGAGATCATTCACATC,60,791028
crpp3,1.1,40,19,TCGTTCTTGATCTGGAGGGA,21,774030
crpp3,1.2,42,19,TCGATAAACCTTGTACCGTA,23,760158
crpp3,0.25,23,19,TCCGGACATCCCCACAGCAG,4,763409
crpp3,1.5,48,19,TCCCTCATAGCGATTACTGC,29,766501
crpp3,1.6,50,19,TCCCAAGCCGCGCAGATGAA,31,764396
crpp3,0.3,24,19,TCATGGCCCAGTGAAATAAT,5,787172
crpp3,1.15,41,19,TCAGGGACACTTCATTGTGT,22,789204
crpp3,1.65,51,19,TCACCGTACTCCAGCGCAGG,32,781778
crpp3,1.0,38,19,TATAATGTAATGTTTGGTTG,19,790024
crpp3,0.35,25,19,TACAAGATAACCCCCACTTT,6,773572
crpp3,0.2,22,19,TAACTATACGCCGCGTGGGG,3,780059
crpp3,2.4,66,19,GTGCGTCAAAGGCACGAGAT,47,771468
crpp3,3.25,83,19,GTCTACTTTTATTACCCAAG,64,761257
crpp3,0.7,32,19,GTCATGGTCAAGGCGATACA,13,784906
crpp3,0.5,28,19,GTCATATTATATACCGGAGG,9,784734
crpp3,1.05,39,19,GTAGCACGAAGAAAAACTGT,20,771518
crpp3,1.4,46,19,GTAGATAATGGTACCTTGTT,27,783613
crpp3,3.85,95,19,GTACCACTACCAGCATGCGA,76,777356
crpp3,1.95,57,19,GTACAAAATGAGCGACTTAC,38,767390
crpp3,0.7,32,19,GGTCATTACATAGATTACGA,13,764346
crpp3,1.15,41,19,GGGGACACGGTGGCGGACAC,22,782801
crpp3,1.25,43,19,GGCAAGTTAAAGAATGCAGC,24,788862
crpp3,0.9,36,19,GCTGGAGTCGATATAGAAGA,17,775357
crpp3,0.8,34,19,GCTAGAGGCACGGGAAGTAA,15,764898
crpp3,0.6,30,19,GCGATGGGTGCACGGGCTAA,11,771856
crpp3,0.9,36,19,GCGAAGAGCATTCAGATCCT,17,788318
crpp3,1.15,41,19,GCCACGGTAACCCACTGGGG,22,788913
crpp3,0.45,27,19,GATCGTCCGCTGCACACAGG,8,760239
crpp3,1.7,52,19,GATAATTATGGCGCATCCGA,33,787025
crpp3,0.15,21,19,GAGTCAACGTTTGTGTCTGG,2,766311
crpp3,1.35,45,19,GAGCCCTTGTAGACGAGCTG,26,784821
crpp3,1.1,40,19,GAGAAAGCCTAGCGGGACAT,21,768944
crpp3,0.95,37,19,GACGGGTGTATGGCTCCATC,18,761410
crpp3,0.7,32,19,GAAAGGTGTACCACCCCGCA,13,761631
crpp3,0.45,27,19,CTTTAAAGTAGGTGAAGGGA,8,783233
crpp3,0.35,25,19,CTTCCGAAGTAATTAGTATG,6,767938
crpp3,1.05,39,19,CTTATTTTTTTCATGGCACT,20,765405
crpp3,0.55,29,19,CTGCTCGCATAGTGACAGGA,10,776157
crpp3,0.85,35,19,CTGCCGTATGTACGGTCCTA,16,763903
crpp3,0.5,28,19,CTCTGAGGTTACAATCAGGG,9,768699
crpp3,1.25,43,19,CTATTTAGATGATCACTTAT,24,762555
crpp3,0.45,27,19,CGTTTGCATAGTGCTAGCGC,8,783192
crpp3,0.7,32,19,CGTTTGAGCCAAACGTACCA,13,764765
crpp3,0.3,24,19,CGTTGCCTAAAGGTCACGTG,5,772549
crpp3,0.9,36,19,CGTCAACCAGGCAAGCAATA,17,776062
crpp3,0.45,27,19,CGTATTTGGCTATTTACCAT,8,789407
crpp3,3.5,88,19,CGGTAAGGGGACTGCGGAAT,69,776681
crpp3,12.55,269,19,CGGCAGAGAATCGTGAGCGT,250,780387
crpp3,0.95,37,19,CGACTCGCCGGCCCGACGGA,18,764430
crpp3,1.15,41,19,CCGATAAGACCAGTTCTCGT,22,773028
crpp3,0.1,20,19,CCCGTTGCCGTAGCATCGGT,1,764431
crpp3,1.5,48,19,CCCGAGTTGACCTAGATAAG,29,780017
crpp3,5.0,118,19,CCCCTGTTGGCACGCGTAAG,99,760544
crpp3,1.95,57,19,CATTGCCGGCTATTAATGCT,38,767359
crpp3,0.95,37,19,CATCCGCGAAGACCAATACC,18,774895
crpp3,2.1,60,19,CAGTGTTGCGCTTATACATT,41,769014
crpp3,0.35,25,19,CAGTCTCCCCAAGAGTATTT,6,773400
crpp3,1.6,50,19,CAGCCCACACCCGGCTCACA,31,775215
crpp3,0.6,30,19,CACCAAGTACAGAAGATGAT,11,765034
crpp3,1.65,51,19,ATGGTCTAAGAGGTGATCCA,32,773192
crpp3,0.8,34,19,ATGCCCCTTTTTCCTTCTAT,15,775723
crpp3,4.4,106,19,ATGACCGACAGGCGCAGTGG,87,759146
crpp3,0.45,27,19,ATGAAATAATTATGAAGGCA,8,778224
crpp3,0.7,32,19,ATCTTTAAGTAAATGCACGT,13,776272
crpp3,1.55,49,19,ATCGTGCAGAAGTGGATGAT,30,776840
crpp3,0.4,26,19,ATCCAATAGAAATGAGGCGC,7,773855
crpp3,1.55,49,19,ATCACGGACATGCTACCTCT,30,779499
crpp3,0.45,27,19,ATATGAATCTGTATTCATTC,8,764192
crpp3,0.5,28,19,AGTGTCGGGTATTTAGAGTG,9,786777
crpp3,0.1,20,19,AGTCTTTATGTAGATCCCGG,1,770251
crpp3,0.25,23,19,AGTATGTGTAATTTCATTAA,4,775204
crpp3,1.2,42,19,AGGGTTAGTATTGTCAATAA,23,775018
crpp3,0.2,22,19,AGGAGCGACTGTAGTTGCGT,3,764660
crpp3,1.3,44,19,AGCCGCGGTTGAATACACTC,25,791195
crpp3,0.35,25,19,AGCATAGCCACATCTTATTT,6,784061
crpp3,1.35,45,19,AGATCGGAGTTACAATATAC,26,769142
crpp3,0.8,34,19,ACGTGACCGCCCGCTCTCTG,15,760865
crpp3,0.55,29,19,ACGCATAATGGAGTTATGAC,10,783223
crpp3,0.3,24,19,ACGAAATCTTTGGTTATTTG,5,761865
crpp3,8.6,190,19,ACCATCGGGACAGAACAGAA,171,780385
crpp3,1.65,51,19,ACAATCCAACAGATCTTGGA,32,764369
crpp3,1.1,40,19,ACAATATCGCGCAGGGCGTC,21,770130
crpp3,1.05,39,19,AAGTGCAGTAACAACGCTAT,20,786124
crpp3,0.6,30,19,AAGGGTTGAACCTGACATTG,11,768885
crpp3,0.1,20,19,AAGGGGTGGTGGATCAGCTC,1,779409
crpp3,0.2,22,19,AACTCATTCGGTGGAATGAA,3,771599
crpp3,1.05,39,19,AACGTGGGGCCAATCTGGCA,20,762898
crpp3,0.6,30,19,AACCCGATGCTGCTCCCGCT,11,777608
crpp3,1.35,45,19,AAATTACAATAAACATATGC,26,775415
crpp3,1.95,57,19,AAAGGTGGGGCACTATGTAG,38,772650
crpp3,0.55,29,19,AAAGATAGCGCTTCCCATTC,10,763210
crpp3,0.7894736842105263,32,18,TTTTGTGGCGGGTTGGTGTG,14,783702
crpp3,0.7368421052631579,31,18,TTTTATTGGTCGAAACAGAT,13,779720
crpp3,2.3684210526315788,62,18,TTTGTTACGTCCGCGTTCTT,44,759808
crpp3,0.5789473684210527,28,18,TTTGCTCCAACCACCGAATC,10,788809
crpp3,1.0,36,18,TTGTGGCGGGGCTGGGTAAC,18,758930
crpp3,0.7368421052631579,31,18,TTGTCAGGTTACATGAAGTA,13,781232
crpp3,1.631578947368421,48,18,TTCCGAAAAGTAACGACTAG,30,779031
crpp3,0.7368421052631579,31,18,TTCCACAAACCGGCGCGACC,13,777889
crpp3,0.3684210526315789,24,18,TTCAAGGCACCCGTCAAAGG,6,772270
crpp3,0.6842105263157895,30,18,TTAGGTTTAGCGTAACCGGG,12,784889
crpp3,1.368421052631579,43,18,TTAATACAGGACCAGGCACA,25,766737
crpp3,0.6842105263157895,30,18,TGTAAGTCAGGGATTCGCAG,12,771203
crpp3,1.368421052631579,43,18,TGGACCGGCCCTCCGTCGTG,25,784669
crpp3,1.2105263157894737,40,18,TGACGCTGGAGACAAGGCAT,22,772478
crpp3,0.10526315789473684,19,18,TGAATATCTAATAGCCACTA,1,768633
crpp3,1.2105263157894737,40,18,TGAACCTCCCCAACGCTAAT,22,789897
crpp3,1.5263157894736843,46,18,TCGTGAGCCGGAACGTACTA,28,769186
crpp3,0.7368421052631579,31,18,TCGGGTTTAAACTGTCGAAA,13,761081
crpp3,1.7894736842105263,51,18,TCGCCTTTCACCGGCAGTTT,33,776188
crpp3,0.631578947368421,29,18,TCAACACATTGCTTATAGAC,11,769379
crpp3,0.10526315789473684,19,18,TCAAAGGTAAAGCAGTATAC,1,784934
crpp3,4.2631578947368425,98,18,TATTCAACGGTTTGTTCAAG,80,782644
crpp3,0.6842105263157895,30,18,TAGGTCGTTTTGTATATTAC,12,784346
crpp3,0.47368421052631576,26,18,TAATCATCGAGATCCTGCCA,8,768284
crpp3,0.9473684210526315,35,18,TAATAGACACGTTGACCTTT,17,766911
crpp3,0.7368421052631579,31,18,TAAGTCTGGTTTGTTCCTGT,13,772489
crpp3,3.1578947368421053,77,18,TAAGCCGCTCTTCTAATATT,59,758761
crpp3,0.3684210526315789,24,18,GTTTTCAGCACAAACGGAAA,6,784795
crpp3,2.0,55,18,GTTTGCGCGGATTTAACTTG,37,783113
crpp3,1.368421052631579,43,18,GTGTTAACAGACAGGTCTCC,25,784253
crpp3,0.6842105263157895,30,18,GTCATTATGAAACTAAATTC,12,789880
crpp3,1.368421052631579,43,18,GTATAGTCCAAGCAACTCAC,25,763471
crpp3,0.10526315789473684,19,18,GGTTGAAATTGCAAGAGGAG,1,760743
crpp3,0.10526315789473684,19,18,GGTGGGACGGACAGCCATGT,1,787485
crpp3,0.7894736842105263,32,18,GGTCCTAAGACATTACTGTA,14,762613
crpp3,0.10526315789473684,19,18,GGGTGAGGACCGAGTTCGGG,1,764222
crpp3,1.5263157894736843,46,18,GGGATCCGTCCTCCGGCGCA,28,761468
crpp3,1.5789473684210527,47,18,GGCCATATAGTTCTCCCGGA,29,770166
crpp3,0.7894736842105263,32,18,GGAGGTCGTATAGGGTAAAC,14,788033
crpp3,0.6842105263157895,30,18,GCTTCCGTGGTTTCCCAATT,12,780536
crpp3,0.10526315789473684,19,18,GCGTCCTCACCACGGGGTTG,1,787481
crpp3,8.052631578947368,170,18,GCCGCTGTCACAAGACCAAC,152,761010
crpp3,0.15789473684210525,20,18,GCACGTTTCCTAGTGCGCAG,2,774951
crpp3,1.105263157894737,38,18,GCAAGTAACCAACGTTGTAA,20,766912
crpp3,0.10526315789473684,19,18,GAGCCGGTTGTCCCTGGTAA,1,760880
crpp3,0.8421052631578947,33,18,GACCGATACTTCGGCCGTCA,15,779469
crpp3,0.21052631578947367,21,18,GAAATGGGCTTAAACGGCTC,3,760231
crpp3,5.2631578947368425,117,18,GAAAGGCGGGGTAATGTGAT,99,764717
crpp3,1.6842105263157894,49,18,CTGAGAAAACCTGTCTCTAC,31,774233
crpp3,0.21052631578947367,21,18,CTCGGACGAGGATCGTACAA,3,758480
crpp3,0.7368421052631579,31,18,CTATTAACATCCGTTCGAGC,13,778575
crpp3,1.0,36,18,CTAGTAATATTCATGTGTAT,18,787318
crpp3,0.42105263157894735,25,18,CTAGCTATCGGCACACCTTT,7,784202
crpp3,1.736842105263158,50,18,CTAACCTACCCCCCCAAATG,32,768388
crpp3,0.6842105263157895,30,18,CGTTGTCTCAGCATTTGCTC,12,763154
crpp3,0.2631578947368421,22,18,CGGCCACGTTGTTAATGTCC,4,758504
crpp3,0.3157894736842105,23,18,CGGCAAGTACGGGTGAGCTA,5,781766
crpp3,2.8421052631578947,71,18,CGACACATCATACCAACCTT,53,763906
crpp3,2.0,55,18,CGAATCGCACCAGATAGTGC,37,768561
crpp3,1.0526315789473684,37,18,CCTTCCGCTTCTTTCTTGCA,19,763517
crpp3,0.6842105263157895,30,18,CCCCCCATAGTGGAAAGCTT,12,773939
crpp3,1.736842105263158,50,18,CCCCCAACTATATTATGTTG,32,776609
crpp3,0.5263157894736842,27,18,CCCCAGTCCTGGGGCTAATG,9,785036
crpp3,1.9473684210526316,54,18,CCATCATGAACCGAGCCGCT,36,781345
crpp3,0.15789473684210525,20,18,CCACAGTCTACGCATTTTAT,2,769789
crpp3,0.8421052631578947,33,18,CATGGGAAATATGCGCTAAC,15,788551
crpp3,0.3157894736842105,23,18,CATGCGAGGATTCCAACAGT,5,763330
crpp3,0.9473684210526315,35,18,CAGGCTCTGTTACCGAATCG,17,776224
crpp3,1.4210526315789473,44,18,CAGGAAATCGATGGAGCAAT,26,787175
crpp3,0.9473684210526315,35,18,CAGCTCCATGTCACAGACAA,17,777910
crpp3,0.5789473684210527,28,18,CACTAGGGGGCCAAACCCCC,10,782287
crpp3,1.1578947368421053,39,18,CAAAGGCCTAACGATTACAC,21,776682
crpp3,0.8947368421052632,34,18,ATGGGTTCTGGGTCTCCTTT,16,765748
crpp3,0.631578947368421,29,18,ATGGAATAAGGAGTAAGCGT,11,764457
crpp3,1.368421052631579,43,18,ATGCCGGGCTTGACTAGCCC,25,763658
crpp3,1.105263157894737,38,18,AGGTGTGGCTTGACGGGTTT,20,785662
crpp3,0.10526315789473684,19,18,AGGGGTTCTCGGGAAAGTTG,1,771065
crpp3,1.5263157894736843,46,18,AGGCTCCCCGTACTGTATGT,28,772708
crpp3,1.7894736842105263,51,18,AGGACCGTGTTTATGTTACC,33,777252
crpp3,1.736842105263158,50,18,AGCTTACGGCTCGCGTCGAG,32,788892
crpp3,1.4210526315789473,44,18,AGCTCAGCTCGTGTTATGGA,26,775709
crpp3,0.47368421052631576,26,18,AGATACAGCATCCCCAGTAC,8,763419
crpp3,0.10526315789473684,19,18,ACTGCCAATCGAATGGGCGT,1,785084
crpp3,0.42105263157894735,25,18,ACGGCGTGACCTCGCATGAG,7,772659
crpp3,0.5263157894736842,27,18,ACGGCATGACGTCAGGGATA,9,762810
crpp3,1.4210526315789473,44,18,ACGCGTGTGCAGTCATCGAT,26,759977
crpp3,1.6842105263157894,49,18,ACGAGCCTCATCCACTTCGC,31,758512
crpp3,1.3157894736842106,42,18,ACGACTCGGTCGCGATGTAT,24,770117
crpp3,0.6842105263157895,30,18,ACCTGAGAGCGCAAGACTGC,12,762532
crpp3,0.42105263157894735,25,18,ACCTAGGATATGCGAGGGTG,7,785476
crpp3,3.0,74,18,ACCCCGTGGCTGTTATTTCG,56,762576
crpp3,0.5263157894736842,27,18,AATAGAGGACCACGACTGGG,9,770923
crpp3,11.105263157894736,228,18,AATACGGTCAGTTTCCCCTA,210,782648
crpp3,0.8421052631578947,33,18,AACCCTTACCAAGTCTTATA,15,777379
crpp3,3.1052631578947367,76,18,AACACCCGGCTACATGATGT,58,776200
crpp3,2.0526315789473686,56,18,AAATTTGTCTGAACGAGTAG,38,785181
crpp3,1.2105263157894737,40,18,AAATGTCGTACATACGAGGG,22,768962
crpp3,5.631578947368421,124,18,AAACACCACACGCCTGAAAA,106,777255
crpp3,1.4736842105263157,45,18,AAAATACGATTTAACCATCT,27,765731
crpp3,2.4210526315789473,63,18,AAAAATTTAGCAGCACCTTT,45,769970
crpp3,1.7777777777777777,48,17,TTTTTATAGATTTAAGCCAA,31,762847
crpp3,0.9444444444444444,33,17,TTTAATTATTTCGCCCAAAG,16,761860
crpp3,0.5,25,17,TTGTGTAGTGGCCAGATGAG,8,761627
crpp3,1.0555555555555556,35,17,TTGAAGCCGAGTACCGCTTT,18,770394
crpp3,0.7777777777777778,30,17,TTCGCTTAGGTCCGCCACGC,13,768635
crpp3,0.5,25,17,TTCCTAGATAGGTATTCCCA,8,777845
crpp3,1.0555555555555556,35,17,TTATGCGAAACCCTATATAG,18,772843
crpp3,1.1666666666666667,37,17,TTATCGTGAGCTCCCTGCCT,20,787838
crpp3,2.0,52,17,TTAGGTGTGTCCGGGCCTTA,35,789616
crpp3,1.5555555555555556,44,17,TGTGTGCCGCGGTACTCGGT,27,780276
crpp3,0.1111111111111111,18,17,TGTCTTACTTCGTTCGGACT,1,781674
crpp3,0.9444444444444444,33,17,TGTAGGGCGAAATGGCACAG,16,779997
crpp3,2.7777777777777777,66,17,TGATTGGGTGATGGGTTATG,49,768078
crpp3,1.2777777777777777,39,17,TGATTCGATGACTGCGGTCG,22,770392
crpp3,0.5,25,17,TGAGGACTGCATTAAGCTGT,8,777589
crpp3,0.4444444444444444,24,17,TGAAGGCGTGAGACTTGCTG,7,783353
crpp3,0.6666666666666666,28,17,TCTGGGGATTAGGCTGCTGT,11,762490
crpp3,0.16666666666666666,19,17,TCTATATTTTGAAAACCGGC,2,777276
crpp3,0.16666666666666666,19,17,TCGTGTGTTAAAGCTCCCTA,2,790035
crpp3,2.5555555555555554,62,17,TCGGTTCCTATTGTTCTCAT,45,783176
crpp3,0.3333333333333333,22,17,TCCACCTATAAACGTGCTCG,5,776945
crpp3,3.5555555555555554,80,17,TCAGATTTGTACGTGTGTTG,63,759413
crpp3,0.5,25,17,TCACTTTCTAAGAGACAAGT,8,783531
crpp3,0.6111111111111112,27,17,TATGCGCCAGGATGGCAACG,10,767525
crpp3,0.1111111111111111,18,17,TATCTACCGCGTTGAGTTCT,1,758956
crpp3,1.2222222222222223,38,17,TAGCCTCTCTAACGAGCTTG,21,778503
crpp3,0.5,25,17,TAGAACGTACGGCAACGTTC,8,775349
crpp3,3.6666666666666665,82,17,TAATTGGGTCAAATTCCCGA,65,760552
crpp3,0.1111111111111111,18,17,TAAGGGCAAGGTTCATTGCC,1,779379
crpp3,0.6666666666666666,28,17,GTTTTGCAGACATTATCATG,11,761416
crpp3,1.6666666666666667,46,17,GTGTGCCGTGATTCGGTAGT,29,778337
crpp3,0.1111111111111111,18,17,GTGCCAAAGGCAGAAGGAGT,1,791085
crpp3,0.3888888888888889,23,17,GTGATAAGCCGGATCGTTGT,6,772652
crpp3,0.8333333333333334,31,17,GTCTCCTCCCCGGTGCGGAA,14,773566
crpp3,0.9444444444444444,33,17,GTCGTGCCTGTCATGTTCAG,16,782531
crpp3,1.5555555555555556,44,17,GTATTAGTACATGGAAGCGT,27,768053
crpp3,0.4444444444444444,24,17,GTATTACTACTAACAAGCTT,7,779471
crpp3,0.7777777777777778,30,17,GTAGTACCACCATCAGGAGG,13,769087
crpp3,1.0555555555555556,35,17,GTACTGTAACATCTCAAATT,18,760415
crpp3,0.1111111111111111,18,17,GGGCCACGTGTCGAGATTTC,1,790094
crpp3,0.3888888888888889,23,17,GGGATATCTAGGAAAATGGG,6,775216
crpp3,1.3888888888888888,41,17,GGGAGCGGAACGTCTGGATG,24,778273
crpp3,0.7222222222222222,29,17,GGCAGCAATATCATACCTAC,12,758433
crpp3,0.8333333333333334,31,17,GGACCCTCGGCGCTAAACAT,14,782717
crpp3,0.5,25,17,GCTTACTTGCCGTCCGATTG,8,774345
crpp3,0.1111111111111111,18,17,GCTACGGGAAGCGACTCTGC,1,775638
crpp3,1.3333333333333333,40,17,GCCAAACTAAACTATATGGG,23,759383
crpp3,0.8333333333333334,31,17,GCATGGGGCAATACAGTCCC,14,763420
crpp3,0.4444444444444444,24,17,GCATCAGTCAAGAGGTTTAG,7,779392
crpp3,2.5555555555555554,62,17,GCACCATTAGGGCCAATAAA,45,771233
crpp3,1.6111111111111112,45,17,GCAAGACGTTCAGACCACGC,28,777334
crpp3,0.1111111111111111,18,17,GATTTTCGTCTTGGTTGCAA,1,786636
crpp3,0.16666666666666666,19,17,GAGTTGGAGCGCAACCATAA,2,768082
crpp3,3.2222222222222223,74,17,GAGCATACTATGCAAGTCTT,57,783979
crpp3,0.4444444444444444,24,17,GAGATGTATTAGCTAGCAAA,7,768045
crpp3,0.2222222222222222,20,17,GAATTCAGAGCGGTCCATCA,3,762126
crpp3,0.2222222222222222,20,17,GAAGGCCCCTCAAGGTATTT,3,764828
crpp3,0.4444444444444444,24,17,GAAGAACAGGATAGGGTAAC,7,775655
crpp3,0.8888888888888888,32,17,CTTGTCACCGACTCAGGCAA,15,780693
crpp3,1.0,34,17,CTTGGCGTCGTCTGGCGGGA,17,778805
crpp3,0.9444444444444444,33,17,CTTGCAGAAGTACGCGCTGG,16,788924
crpp3,0.6111111111111112,27,17,CTTCGCAGGTCAGTTAGGAA,10,773190
crpp3,1.3888888888888888,41,17,CTTCACGGGTGCTGCAATAA,24,761679
crpp3,0.3888888888888889,23,17,CTTAGGACTTTTCCGCTGTC,6,784499
crpp3,1.0555555555555556,35,17,CTGTGCAGCGCTACTATTGC,18,775271
crpp3,0.1111111111111111,18,17,CTGAGGGATAGTTCCAGAAC,1,778769
crpp3,2.5,61,17,CTCTGCCCGCCTTAGGTAGA,44,776673
crpp3,1.4444444444444444,42,17,CTCGCTGCAAAATAAAGTTA,25,777978
crpp3,1.8888888888888888,50,17,CTCGACCCTCCCTTCAAAAG,33,776976
crpp3,2.2777777777777777,57,17,CTAAAGCCGATGCCCCTTGG,40,764383
crpp3,0.5,25,17,CGTTCAGGCTACCAGGGACG,8,769821
crpp3,0.3333333333333333,22,17,CGCTGCGCTCCAACATGGCT,5,779046
crpp3,0.7777777777777778,30,17,CGCGAGTAGGCTTGGCACGT,13,765921
crpp3,0.8888888888888888,32,17,CGCGACCCGGTGAGACACCA,15,779131
crpp3,0.16666666666666666,19,17,CGCGAAATATCCTTAGGCTA,2,766140
crpp3,0.3888888888888889,23,17,CGCCAGAAGCTGCTAGCAGG,6,763191
crpp3,0.5,25,17,CGATTCTACCTTCTAGGCCT,8,769697
crpp3,0.8888888888888888,32,17,CCTCATCGCGACCAAAGATT,15,772546
crpp3,0.2777777777777778,21,17,CCGTGTTCCACTCCGAAAAG,4,779701
crpp3,0.7222222222222222,29,17,CCGCCTCCCATGGACACACA,12,762642
crpp3,0.2222222222222222,20,17,CCGATTTAGCCCCTAACGGG,3,772909
crpp3,3.6666666666666665,82,17,CCGATAATTTACTCGAGGCT,65,782794
crpp3,1.7222222222222223,47,17,CCCTAACTTTTGCCGATCCC,30,785707
crpp3,0.5,25,17,CCACTATAACAACTCGTTGA,8,777539
crpp3,2.111111111111111,54,17,CAGAGAAACTCGACGTTGTC,37,776377
crpp3,0.7222222222222222,29,17,CAACGGTTACTTCTGGTAGC,12,782444
crpp3,0.7222222222222222,29,17,ATTTTGATCATGGAAAAGTA,12,760745
crpp3,0.5,25,17,ATGTGGCGTATAGTCTCAGT,8,766515
crpp3,0.7777777777777778,30,17,ATGCGTTTGTGGAAGGCATG,13,786752
crpp3,0.2777777777777778,21,17,ATGCAGATGATTCCGTTCTG,4,785104
crpp3,0.6111111111111112,27,17,ATGATAATATCCAGCGTGTC,10,763064
crpp3,0.8888888888888888,32,17,ATCTGGTAACCTTCGTTCTC,15,790375
crpp3,0.7222222222222222,29,17,ATCTAACCTCCGTTAACTGT,12,778717
crpp3,1.0,34,17,ATCGTAGAGAATCTAGAGTT,17,769855
crpp3,0.3333333333333333,22,17,ATCGGCCGACTCGGCGGGAA,5,759256
crpp3,0.7777777777777778,30,17,ATCGCAGCAGTTCAGATCGA,13,786800
crpp3,3.7777777777777777,84,17,ATCATGCGAAACTTTGGGCG,67,782151
crpp3,0.5,25,17,ATCACGAGCGCGAGCAAAGA,8,788456
crpp3,0.4444444444444444,24,17,ATATTTTACGTTTGCTGTGG,7,768537
crpp3,1.6666666666666667,46,17,ATAAGTGCACATCTTCGAAT,29,789106
crpp3,0.5555555555555556,26,17,AGTTCTGTGACGCCCGGCAT,9,758519
crpp3,0.2777777777777778,21,17,AGGGGGGAACCGAAGCCGTG,4,789619
crpp3,0.9444444444444444,33,17,AGCCTCTCCACCTCGGGGTC,16,765489
crpp3,1.2222222222222223,38,17,AGATGGAGATGTCGCTGCGA,21,770632
crpp3,0.7222222222222222,29,17,AGAAGGGGTGTGCAGAGCTG,12,766146
crpp3,1.2222222222222223,38,17,AGAAGGCGACCCCTTATTAT,21,764512
crpp3,0.2222222222222222,20,17,ACTTGGTTCACGCAAAGAGA,3,767976
crpp3,0.2777777777777778,21,17,ACTTCGCTCCACGCATGAAG,4,784780
crpp3,0.2222222222222222,20,17,ACGTCGCGGAAGTTTAACGA,3,771393
crpp3,1.1111111111111112,36,17,ACGCTGGACTATAAAGGTAC,19,781694
crpp3,0.16666666666666666,19,17,ACCGGCACAGAAGGAATTGG,2,778334
crpp3,0.1111111111111111,18,17,ACCACGCCTGGGGGTCGGTC,1,784827
crpp3,0.6666666666666666,28,17,ACATGACCCGACACGGGATT,11,766771
crpp3,0.3333333333333333,22,17,AATAGTCCACTAAGCTTTTT,5,786497
crpp3,0.1111111111111111,18,17,AATAAGTCGGTGCTCTGAAT,1,759367
crpp3,0.4444444444444444,24,17,AAGGCGAGTATTCGATTCGT,7,785719
crpp3,1.3888888888888888,41,17,AACCGTACAATGACTCGGGG,24,773650
crpp3,0.8888888888888888,32,17,AAATGTCGCTATATAGCATC,15,767236
crpp3,0.1111111111111111,18,17,AAATCTGTCAAGGGAAAGGT,1,774368
crpp3,0.1111111111111111,18,17,AAATATTACCTGTAACAACC,1,789536
crpp3,0.11764705882352941,17,16,TTTCCAAAGCTGGGTACGTC,1,777092
crpp3,0.6470588235294118,26,16,TTGTTTACTGATGCTCCCAT,10,783380
crpp3,3.588235294117647,76,16,TTGTGCTCCAAGGAGCTGTG,60,767506
crpp3,0.5294117647058824,24,16,TTGGTTAAGCTAACGACAGC,8,787374
crpp3,1.2352941176470589,36,16,TTGCTCGTAGGAATCCACAT,20,759369
crpp3,0.7647058823529411,28,16,TTGCCCCTATGTCTCTCCCG,12,787538
crpp3,0.17647058823529413,18,16,TTGACAGTCTAGATTCCCCG,2,774816
crpp3,0.4117647058823529,22,16,TTCTGTTACTGAAAGCCGAA,6,771888
crpp3,0.8823529411764706,30,16,TTCTGTGAATTGTTCATGGA,14,759086
crpp3,1.0588235294117647,33,16,TTATGTATGTAAACAATGCG,17,770119
crpp3,1.2941176470588236,37,16,TTACCGCCGCGATCTTGGCT,21,769679
crpp3,0.7058823529411765,27,16,TGGGCCACAATCTCACCCCC,11,761172
crpp3,0.8235294117647058,29,16,TGCGCCGTCGTATAATTAAT,13,766657
crpp3,0.6470588235294118,26,16,TCTAGTAAATGAAACCATGT,10,765959
crpp3,0.8235294117647058,29,16,TCCTAATTGCAGGGTCTGTC,13,769117
crpp3,0.7058823529411765,27,16,TCCCCGACGTGTTGCCTCGT,11,773314
crpp3,0.11764705882352941,17,16,TCATTCTTTCGTTGAGCGTA,1,764578
crpp3,1.0588235294117647,33,16,TCACTGAATTGGTGGGTTTA,17,777070
crpp3,0.5294117647058824,24,16,TCAATCCAGGTTACCACTTT,8,759474
crpp3,1.8235294117647058,46,16,TCAAGTCCATTGCCCCGTGA,30,767943
crpp3,1.6470588235294117,43,16,TATACATAATTCGTGACCTT,27,779921
crpp3,0.35294117647058826,21,16,TAGTGCAAGTCTGTGACTTA,5,767586
crpp3,0.9411764705882353,31,16,TAGCCGATCGATCCGGAATC,15,774410
crpp3,0.17647058823529413,18,16,TAGACAAGTTTTTCCTTTGT,2,769141
crpp3,1.0,32,16,TACTTATAAGCCCCATTTAC,16,763613
crpp3,0.5294117647058824,24,16,TACAACGACGATGCTTGGTA,8,790914
crpp3,2.1176470588235294,51,16,TAACACGGTCCGGTCAAGGA,35,758625
crpp3,0.35294117647058826,21,16,GTTTGAGCCGGTACGCAGAA,5,776735
crpp3,1.9411764705882353,48,16,GTGCGGCGACTCATGGTAGA,32,790141
crpp3,0.7647058823529411,28,16,GTGAGCTTTATGATAAGGCC,12,764712
crpp3,0.4117647058823529,22,16,GTCTATCGTTTACATACTTT,6,763625
crpp3,0.11764705882352941,17,16,GTCGGCAAAACTCCCTCAAA,1,773943
crpp3,0.7647058823529411,28,16,GTCGCGTGCTCGGGTCGGTT,12,774797
crpp3,0.5294117647058824,24,16,GTCCGTAGGCGGTTGCAAGA,8,790187
crpp3,1.1176470588235294,34,16,GTCACTTGGATAAGAATGCA,18,762375
crpp3,1.8823529411764706,47,16,GTATGTTTCGTGGACTAATT,31,787866
crpp3,1.4705882352941178,40,16,GGTTTGCCCGAGCATGCTGA,24,774385
crpp3,0.8235294117647058,29,16,GGTCGAACGGTGTACAACTT,13,772912
crpp3,0.9411764705882353,31,16,GGTATTGAGGAGTCTACGAG,15,787885
crpp3,0.11764705882352941,17,16,GGTAGATGGTTAAGTAATGA,1,775132
crpp3,0.35294117647058826,21,16,GGGTCCAAAATAATGAGAAA,5,759517
crpp3,3.8823529411764706,81,16,GGGGGGAACCACTTAAGTTT,65,762845
crpp3,1.2352941176470589,36,16,GGCCGAGCTCATCGTATCGG,20,785582
crpp3,5.176470588235294,103,16,GGCCAACCGGACTTCGCAGA,87,758989
crpp3,0.11764705882352941,17,16,GGCACCAGATCACAATTTTC,1,786049
crpp3,1.7058823529411764,44,16,GGAGGGTGGCTAATTAGGTT,28,768750
crpp3,1.2352941176470589,36,16,GGAACAGTATCAAATGAACA,20,789309
crpp3,0.11764705882352941,17,16,GCCGGGTCCTGTCGAGGTTA,1,759524
crpp3,1.0588235294117647,33,16,GCCCCTTCTAGTCGGAATAT,17,788567
crpp3,1.5294117647058822,41,16,GCATAAGCTTCTTCGTTGGA,25,776199
crpp3,2.6470588235294117,60,16,GCATAAGATTAAAGTCGCCA,44,762963
crpp3,3.4705882352941178,74,16,GCAGTAGGCCTTGCTCCGCT,58,769204
crpp3,3.235294117647059,70,16,GCACCCGATTCGGGTCTTGA,54,764739
crpp3,0.8823529411764706,30,16,GCACAGATACACTATGGCGC,14,777436
crpp3,1.7058823529411764,44,16,GCACACATTTCAGAGCTAAC,28,761031
crpp3,2.5294117647058822,58,16,GATGCTTTAGATGGCTAGGA,42,765986
crpp3,0.8823529411764706,30,16,GATCTTAGTTAAGTACCAGT,14,766848
crpp3,0.11764705882352941,17,16,GATCTCTTAATGCAATCTGC,1,779858
crpp3,0.4117647058823529,22,16,GATAGTCTCAAAAGCGTCAA,6,788884
crpp3,0.8823529411764706,30,16,GAGACTTCCCGGCTATCGCC,14,762575
crpp3,2.1176470588235294,51,16,GACGGGCTGTGCTCCTTTGC,35,767372
crpp3,1.0,32,16,GACCCTGTCGAAATGGGCAT,16,759704
crpp3,0.47058823529411764,23,16,GAATATTCCGCTGAAACGGC,7,766270
crpp3,0.4117647058823529,22,16,GAAGGGTTTAACATCTCCAT,6,762559
crpp3,0.29411764705882354,20,16,GAAGGCGTTTCCGTGCCAAA,4,772608
crpp3,1.5294117647058822,41,16,GAAGATAAGTTCGCGACTCA,25,776638
crpp3,3.588235294117647,76,16,GAACCGTAACCTTCCCGTAA,60,759937
crpp3,1.3529411764705883,38,16,CTTGCGCCATTTATTTCAGT,22,784060
crpp3,1.1176470588235294,34,16,CTGGACAGTTCCCACAGGAG,18,783954
crpp3,0.6470588235294118,26,16,CTGATCGTATGCCTGTTCTA,10,775310
crpp3,0.35294117647058826,21,16,CTCTGCTTGCTATACGTTGT,5,769761
crpp3,4.235294117647059,87,16,CTCGCATAGAACGGCACTAT,71,762193
crpp3,1.6470588235294117,43,16,CTATGGGTGAGCGGTGAGCC,27,773809
crpp3,0.11764705882352941,17,16,CTACCATTCGCGAGGCCAGC,1,779253
crpp3,0.5882352941176471,25,16,CTAACCGTGTAAATGCTACA,9,785034
crpp3,0.8823529411764706,30,16,CGTGTAAGGCCTGCGGATGC,14,785305
crpp3,0.11764705882352941,17,16,CGGGCTGAGTCTGTGCCGAC,1,761183
crpp3,2.5294117647058822,58,16,CGGCCTCCTACAGCTTCCTG,42,788281
crpp3,0.8823529411764706,30,16,CGCTTGACTTTTATCAACTT,14,787810
crpp3,0.8235294117647058,29,16,CGCTGTATTGGGAGCTGGAA,13,782802
crpp3,0.17647058823529413,18,16,CGCGTAGCATGATCAATAAC,2,779393
crpp3,0.5882352941176471,25,16,CGCGAGCGAGACTTTGCGCA,9,770705
crpp3,0.7647058823529411,28,16,CGATTTTAGCGCGACGTGTG,12,770652
crpp3,0.7647058823529411,28,16,CGATTTACCTATGTTCTATG,12,767298
crpp3,0.5294117647058824,24,16,CGATTGATGCTACAAGGCCT,8,763479
crpp3,0.8823529411764706,30,16,CGACACAGTTCGTGTAACTT,14,770096
crpp3,5.117647058823529,102,16,CGAAGGTCGGAACGTTCGTT,86,775010
crpp3,2.0588235294117645,50,16,CCTGGCGTCTTGTCGGGCGC,34,762418
crpp3,1.0,32,16,CCTCCAACCCGCGGTAGACT,16,766545
crpp3,0.11764705882352941,17,16,CCGCCGTGGAAGGTCAAACT,1,764216
crpp3,0.5294117647058824,24,16,CCACTCCCTTAAGAGGGTGC,8,772604
crpp3,1.0,32,16,CATCAGAGTTCTGAGGTCCA,16,781237
crpp3,2.7058823529411766,61,16,CAGCCCTACCACTCATCTCT,45,758624
crpp3,1.2941176470588236,37,16,CACGTTCAGTTTCTGCAAAT,21,770368
crpp3,0.9411764705882353,31,16,CACATCCAAGGAACTATGAT,15,787587
crpp3,0.47058823529411764,23,16,CAACCGGCTTAGAGTCCTGC,7,778547
crpp3,0.8235294117647058,29,16,CAAAGAGGACCGCATTGGAT,13,772714
crpp3,0.47058823529411764,23,16,ATTTGGAGGTACTCCTAGCA,7,774315
crpp3,0.23529411764705882,19,16,ATGCTGCGTAATCAACACAG,3,777382
crpp3,0.47058823529411764,23,16,ATAGAAAGACTTACTCGGTC,7,785138
crpp3,0.6470588235294118,26,16,AGGTCTGGTTTACCAGGATA,10,770922
crpp3,1.0588235294117647,33,16,AGGGCGTAATTTATCCTCCT,17,760672
crpp3,0.35294117647058826,21,16,AGGCAGTCAGGCTCCCTCTT,5,773076
crpp3,0.5882352941176471,25,16,AGGCAGGACACTTCTCTACT,9,768322
crpp3,3.235294117647059,70,16,AGCGGGGACTCTCTAATTTC,54,790813
crpp3,0.7647058823529411,28,16,AGCCTTGGATAAATGCGACA,12,768991
crpp3,2.411764705882353,56,16,AGCCCGACCTACCGCTGTCG,40,787932
crpp3,1.7647058823529411,45,16,AGCCCCGATGCTGAAGGTCT,29,766278
crpp3,0.23529411764705882,19,16,AGAGGTGGGATGGCGGCGCA,3,760936
crpp3,0.7647058823529411,28,16,AGAGGGTGCCTCAAGCAATA,12,760746
crpp3,1.0588235294117647,33,16,AGACCCGTCCTTTACCCGAT,17,759541
crpp3,1.2941176470588236,37,16,AGAAGCGCTTTTCTGGAATC,21,790073
crpp3,0.23529411764705882,19,16,ACTATTTAGAGCACGTACCC,3,776325
crpp3,0.9411764705882353,31,16,ACGGGCAGAACCTACACCAA,15,787493
crpp3,0.11764705882352941,17,16,ACACAAAGCAACATTCGTCA,1,775201
crpp3,0.23529411764705882,19,16,AATTTGGCCACTTAAGGTAC,3,785162
crpp3,0.7058823529411765,27,16,AATCGCCCCGGCTACGTCTT,11,771356
crpp3,0.8823529411764706,30,16,AATAAGTCTAGTAAATCGAG,14,789910
crpp3,0.5294117647058824,24,16,AAGAGAAATAACACGAGAAA,8,783018
crpp3,2.4705882352941178,57,16,AAATACAGGCGCTAAGGAGT,41,768990
crpp3,1.3529411764705883,38,16,AAAGGAAGTGCGGCTGATAC,22,768941
crpp3,2.875,60,15,TTTTCATCTACATAATGACT,45,767933
crpp3,2.1875,49,15,TTTCCCCCGATGTTTTGTTA,34,789292
crpp3,0.375,20,15,TTGGTTCAGACGCAGTATAA,5,788209
crpp3,2.1875,49,15,TTGGCCATGGAAGGACCACG,34,781429
crpp3,0.8125,27,15,TTGCTTCGTGCTATGGGCGG,12,776290
crpp3,3.125,64,15,TTCGACTGTATCAAGAGGGT,49,786728
crpp3,1.5,38,15,TTCATCTGTAACTAAGCGTT,23,789451
crpp3,2.4375,53,15,TTATATATCGCTGTTGACCT,38,790570
crpp3,0.25,18,15,TGTGAAGGGCATTTCTGGCT,3,758945
crpp3,0.8125,27,15,TGTACAATGGTCGGGGGATG,12,789617
crpp3,2.4375,53,15,TGGTGAATCTCGGAACCTAC,38,760702
crpp3,0.4375,21,15,TGGCTGGATTGTAAGGAGGA,6,762649
crpp3,5.25,98,15,TGCGGCGATAAATGCAAAAT,83,780388
crpp3,1.3125,35,15,TGCGAGGTTTCTTTATGGAG,20,779398
crpp3,0.6875,25,15,TGCGAGGGTGCGGCGATCTA,10,762819
crpp3,0.4375,21,15,TCTTAACTCCCTATATCTCT,6,789143
crpp3,0.125,16,15,TCGATTTTGGTCTTAAGTTC,1,779699
crpp3,2.0,46,15,TCCACCTGACAACGCAAATA,31,762404
crpp3,0.625,24,15,TCAGGTAAGCACGGACCGTA,9,786487
crpp3,1.6875,41,15,TATAGGAGGGACCTCACGAA,26,788558
crpp3,1.125,32,15,TAGACCCCAGGGCTCTTGAC,17,778611
crpp3,1.625,40,15,TAATTGGCGTTCCCGGCGTA,25,770868
crpp3,12.4375,213,15,TAATCCACATGCAATACTTG,198,775479
crpp3,0.6875,25,15,TAAGGTTTGTCTTAGGAACT,10,762764
crpp3,2.8125,59,15,TAAATGTTAGACACACGGCA,44,788488
crpp3,0.3125,19,15,GTTTTGTATTACTTGTACAT,4,778518
crpp3,0.6875,25,15,GTTTTACCCAATAATCAATA,10,774946
crpp3,1.0,30,15,GTTGAGTAACCCAATGGCGT,15,777212
crpp3,1.75,42,15,GTTCTTGTGTTTTGGGGCTA,27,778762
crpp3,2.3125,51,15,GTGTGAGCCCTTTAGTTACT,36,775330
crpp3,0.5625,23,15,GTGGTTGAATATGGTTTGCG,8,770396
crpp3,1.0,30,15,GTGACCGAGGCATCAGAGCA,15,765236
crpp3,0.1875,17,15,GTCCGCCGAGGCAGCCGTTT,2,781567
crpp3,2.8125,59,15,GTATATTGGCCGTATGGCTT,44,790522
crpp3,0.875,28,15,GGTAGACTAATTATCTCTGT,13,767274
crpp3,0.375,20,15,GGGTCTGCCGATGACATACG,5,759398
crpp3,3.0,62,15,GGGAGCTTTAGGGACATCAC,47,782469
crpp3,0.25,18,15,GGCGTATCGCACTGTCTGCT,3,776303
crpp3,1.8125,43,15,GGCATTGCTGTAATACAAAT,28,774636
crpp3,0.125,16,15,GCTGATCCATTCGGAAAAAA,1,760257
crpp3,3.5625,71,15,GCTCTAACGCTCCATGACTG,56,778852
crpp3,0.8125,27,15,GCGTTTTCCAACCGGCTCTA,12,789185
crpp3,1.3125,35,15,GCCGATGAGATACAACATAT,20,761731
crpp3,0.8125,27,15,GCCCACAACACCTTTTGGTA,12,769329
crpp3,0.6875,25,15,GCAGATGCACCGTTTATACA,10,782875
crpp3,0.875,28,15,GCAACCATCCGTGTTTGACT,13,766745
crpp3,1.375,36,15,GAGTTTTAATACATCGAGTC,21,774525
crpp3,0.75,26,15,GAGTTGCCGCGTTGGGAAGA,11,770097
crpp3,0.6875,25,15,GAGTGTCCGGGACTTCGCAA,10,773603
crpp3,2.125,48,15,GAGTAAGGCGGTCGGCATGC,33,772431
crpp3,0.625,24,15,GAGAATTTGGCTTGGCAGAT,9,773771
crpp3,1.1875,33,15,GACGATTTCTGAAATAGACT,18,768660
crpp3,1.4375,37,15,GAAGGGGTGCGGTATGGGGT,22,781162
crpp3,0.1875,17,15,CTGCCCCATCTTCGCACAAA,2,761699
crpp3,0.625,24,15,CTCGTCTCTCGATTGGTACT,9,774121
crpp3,0.8125,27,15,CTCATCATATGTTAAGTAGT,12,760719
crpp3,0.25,18,15,CTAGATGGTTACGATCCTTG,3,765747
crpp3,1.0625,31,15,CTACGGGTAGAGGTTCATCA,16,761509
crpp3,2.0,46,15,CTAAAGACTGAAATCGGTCC,31,772751
crpp3,1.8125,43,15,CGTTGATCCGTGTCATACTG,28,779681
crpp3,3.5625,71,15,CGTGCATCACTTTACTACAG,56,781489
crpp3,0.9375,29,15,CGTCTTCATTCCGTACTGCA,14,776496
crpp3,1.5,38,15,CGGGTCGGGCCGCAGGAAGG,23,777894
crpp3,2.8125,59,15,CGGGACGTTGTTAAACGTTT,44,767302
crpp3,0.25,18,15,CGAGAGTGTTTCGGGTATGA,3,769258
crpp3,5.375,100,15,CCTGTGCAGACAACAGAACA,85,789847
crpp3,0.125,16,15,CCTGGCGTGCACCGTGGATC,1,761173
crpp3,1.0,30,15,CCTGAGGATGGAAACGTCAG,15,786702
crpp3,0.125,16,15,CCGTGTCTGAAACCACGCGT,1,764158
crpp3,2.625,56,15,CCGTGTATAGATACTAAGTA,41,764908
crpp3,0.125,16,15,CCGCGGCGTTGGTAAATTGC,1,760504
crpp3,1.6875,41,15,CCCATGTTGAAGAAGGCTAC,26,777288
crpp3,4.1875,81,15,CCATCGGGTACACGACGTTA,66,778638
crpp3,0.875,28,15,CCAGGGCTCGCAAACAGGTC,13,784541
crpp3,1.875,44,15,CCACCGGATTTCATGCATCA,29,758970
crpp3,1.5625,39,15,CCAAAGCAGAGGCTAGATCT,24,777852
crpp3,0.625,24,15,CATTCGAGAAATAATCCCTC,9,786303
crpp3,0.875,28,15,CATATCCATGAACTACTATT,13,788208
crpp3,5.625,104,15,CACGGCCAGTGCCGCGCCGA,89,784932
crpp3,0.3125,19,15,CACCCAAAGTCGCCAGATCT,4,771097
crpp3,0.9375,29,15,CAACTCGGTGCATGGAGTCA,14,759173
crpp3,0.25,18,15,ATTGGAAAAGATGGTCAAGG,3,777637
crpp3,0.875,28,15,ATTGAAGTAACGCTATAAAG,13,790533
crpp3,1.25,34,15,ATGTTTTCCTAGGCCTTAGA,19,765854
crpp3,0.125,16,15,ATGTGGCAATAATCATCGGT,1,764667
crpp3,0.625,24,15,ATGGCCACCATGAACAGCGA,9,773143
crpp3,1.25,34,15,ATGCGGTTGAGTCCTCTAAC,19,768120
crpp3,0.5,22,15,ATGATGGTTGACGTTGTGCA,7,790313
crpp3,0.8125,27,15,ATCTGTATGGATGAAAATCT,12,779114
crpp3,1.0,30,15,ATCCGGTCGTCTATTCAAAT,15,772268
crpp3,1.375,36,15,ATCACATTAAATGAATTCTT,21,787090
crpp3,1.6875,41,15,ATAGTTTAAAGGTGCTGTCT,26,790567
crpp3,2.3125,51,15,ATAGGGTGGAAGGTCTCCGT,36,774695
crpp3,0.1875,17,15,AGTCCGTTAAGCCCGGGTAA,2,787919
crpp3,1.0,30,15,AGTCACTCTGGGCTAGTCTT,15,763076
crpp3,0.8125,27,15,AGGTCTGAGCTCTTCTGGTC,12,782089
crpp3,0.125,16,15,AGCTGCAGTTTCCGGTCTGC,1,774351
crpp3,1.75,42,15,AGCTATTCATCCGGGAGGAA,27,772060
crpp3,0.1875,17,15,AGCGGCTTATGCGAGACATG,2,783296
crpp3,1.0,30,15,AGCATCATCGAGCACGGCTG,15,786306
crpp3,0.5,22,15,ACTCCAACCGGAGCCTTATC,7,766200
crpp3,1.5,38,15,ACGTATCGCCTAGCCGGAAG,23,782660
crpp3,0.5625,23,15,ACGCTTCTGCCATACCTCGG,8,764878
crpp3,0.625,24,15,ACGCTGCAATCAGACGGTTC,9,773101
crpp3,1.0625,31,15,ACCTGTAGCGAATTCCAACT,16,760894
crpp3,0.8125,27,15,ACCTATTTCTTTAGCTTTTT,12,781904
crpp3,1.4375,37,15,ACCCAATGATTTGCTCATAA,22,769496
crpp3,0.75,26,15,ACCAGTGGTACTGATCCTTC,11,767740
crpp3,0.4375,21,15,ACCACAACGAGTTATTCTCT,6,764142
crpp3,1.875,44,15,ACAGGGGGATAGTAGTCCTC,29,787542
crpp3,0.8125,27,15,AATCAAGCCGCACATACACA,12,774003
crpp3,1.3125,35,15,AATATTGTCTTCGTCATTGA,20,776975
crpp3,1.3125,35,15,AATACTCTTTAAGCAAGATT,20,781397
crpp3,0.9375,29,15,AATAAATGGAGTCCTGTGTA,14,768695
crpp3,2.4375,53,15,AAGTACGCCTCTCTGAAGTA,38,769002
crpp3,0.25,18,15,AACGCTGGCCACTGCGGATA,3,762486
crpp3,0.8,25,14,TTTTTCCTTGTATATTGGGC,11,770118
crpp3,1.0,28,14,TTTCCAGTACGGACGGTGTT,14,763264
crpp3,1.0666666666666667,29,14,TTGTGTACGCGGGACGTGTT,15,761762
crpp3,0.13333333333333333,15,14,TTGTACCTCCGTACAAGCCA,1,789082
crpp3,2.466666666666667,50,14,TTGGTCGGCGCTCAGATCTT,36,762276
crpp3,2.533333333333333,51,14,TTATTTTCGCGCACTCGTGT,37,780646
crpp3,1.3333333333333333,33,14,TTATCGGCGTAGGCGTCTAA,19,768487
crpp3,1.0,28,14,TTAAGCTGGAATCGGCTTGC,14,778247
crpp3,0.13333333333333333,15,14,TGGGTCGCCGAATTGTAGAG,1,784097
crpp3,0.6666666666666666,23,14,TGGCTTGGGCAGGGGACTCG,9,777981
crpp3,0.7333333333333333,24,14,TGGAGGTGCGGGAACTGTTA,10,784545
crpp3,0.13333333333333333,15,14,TGCGCCTCTTGTTAAGATGG,1,762973
crpp3,2.4,49,14,TGCAATCTCTTGCTGTCATA,35,784741
crpp3,0.6,22,14,TGAAGGACTCCGAATACTCC,8,759492
crpp3,3.533333333333333,66,14,TCTTTCGTTGTGGCAGTTAG,52,787153
crpp3,3.1333333333333333,60,14,TCTCGGAATGAATCTGCTGT,46,786935
crpp3,0.26666666666666666,17,14,TCGCGATCCAGACTTAGTTA,3,788338
crpp3,1.2,31,14,TCCTTTTTGCGCGTCACGTC,17,761475
crpp3,1.6,37,14,TCATATTTTGACCCGGTCAT,23,790102
crpp3,0.2,16,14,TCACTCGGACCACGATACCA,2,790217
crpp3,0.13333333333333333,15,14,TCACGCAGAAGTGTCGTGCC,1,781645
crpp3,0.8,25,14,TATGGTCGCTGGGCTTACTT,11,789100
crpp3,1.4666666666666666,35,14,TAGCATACAAAGACCATTTT,21,760259
crpp3,0.4,19,14,TAGACCGGCTGCTTTCCCCA,5,776151
crpp3,2.1333333333333333,45,14,TACCCCCTTACTCTCGGTAC,31,781750
crpp3,0.3333333333333333,18,14,TACAAAACGGCAGGCTGCGA,4,779252
crpp3,0.6,22,14,TAAGCAAAATTCTCGTGGGT,8,760780
crpp3,0.6,22,14,GTTACATCTAGCTAAAACTG,8,763753
crpp3,0.8666666666666667,26,14,GTGTCCTGCATCTTGCCATG,12,764319
crpp3,1.2666666666666666,32,14,GTGGTGAGTCAAGGCGGCTG,18,770162
crpp3,1.0,28,14,GTGGCTCTAAGCGTGGAGAA,14,781660
crpp3,2.066666666666667,44,14,GTGATGGGGTCGCTTACTCA,30,765958
crpp3,2.6666666666666665,53,14,GTCTATGCGTAAATCTGGAC,39,781389
crpp3,0.13333333333333333,15,14,GTCCCGGTGTAAACGAGAGC,1,775133
crpp3,1.8,40,14,GTATTCGATGTGGGTACGTA,26,775014
crpp3,0.5333333333333333,21,14,GTACTGAGATTTGCAACGAT,7,780014
crpp3,2.3333333333333335,48,14,GGTTTGGGTCCATCCTGAAA,34,776480
crpp3,0.3333333333333333,18,14,GGTTGCGGGGAGCTAAGGCG,4,774014
crpp3,1.6666666666666667,38,14,GGTTCCCCACTTAACGTGCA,24,762846
crpp3,1.0,28,14,GGTGCGCAACGTCTGGCAAG,14,789047
crpp3,2.6,52,14,GGTGCCACGGCATTTGCCAT,38,775882
crpp3,2.533333333333333,51,14,GGGAGATCGTCACCGAGGCA,37,772224
crpp3,0.13333333333333333,15,14,GGGAACCGCAGCTACTAATA,1,784391
crpp3,0.8,25,14,GGCTATCTTCAGCTGGAGAC,11,769766
crpp3,0.6,22,14,GGCCACTTTTGCATTTGGCG,8,766406
crpp3,0.13333333333333333,15,14,GGCACCATCCAGACCGTGAT,1,761224
crpp3,0.4666666666666667,20,14,GGACGCAATACGGGATTAGT,6,764945
crpp3,0.8,25,14,GCTTTATCGAGGACACAATA,11,781720
crpp3,1.3333333333333333,33,14,GCTGCCTCAGCTAGATAATT,19,769061
crpp3,1.4,34,14,GCTGCACAGGGCCTCTTCGT,20,785258
crpp3,1.5333333333333334,36,14,GCTAAAATAGAGTTTCGTAT,22,760771
crpp3,2.933333333333333,57,14,GCGGGACTGGAGATTGGAAC,43,761034
crpp3,1.4,34,14,GCCGTAATAACTCTGGTGTT,20,761325
crpp3,3.4,64,14,GCCACGGTGCAATCAGCTGT,50,772375
crpp3,1.0666666666666667,29,14,GATGTTATTGTCCGTCATGT,15,763348
crpp3,3.0,58,14,GATAATAGGTCGTAATGCCT,44,784550
crpp3,0.7333333333333333,24,14,GAGTGTATCCGACTACCGGA,10,771764
crpp3,0.7333333333333333,24,14,GAGTCGGCGTATCCGGTGAC,10,786482
crpp3,1.1333333333333333,30,14,GAGCTCACACGGCTAGCGGC,16,786265
crpp3,1.8,40,14,GAGCAAATACCGGGGTTACC,26,766009
crpp3,2.3333333333333335,48,14,GAGATGACATCGAATAGAGG,34,764333
crpp3,1.3333333333333333,33,14,GAGAGCGGCAAAACTACATA,19,780053
crpp3,0.4666666666666667,20,14,GACAGGACTTCAAAGTTTGG,6,767391
crpp3,0.13333333333333333,15,14,GAAGCCTACAGGTATCCAGT,1,772154
crpp3,1.8666666666666667,41,14,GAAGAAGCTCCAGGGTCGAG,27,760566
crpp3,1.6,37,14,GAACTCCCAAGACCACGCCG,23,778212
crpp3,3.1333333333333333,60,14,CTTCTTGTCTTCTTCTGCTA,46,759414
crpp3,2.6,52,14,CTCCGGATGAGTCACATCGA,38,771732
crpp3,0.5333333333333333,21,14,CTCCATGGTTCCCTGATTCA,7,773415
crpp3,0.6666666666666666,23,14,CTCAGCCTGTCAGCGCGGAA,9,777298
crpp3,1.1333333333333333,30,14,CTCAAAGCTAGTTATAATGG,16,776327
crpp3,0.9333333333333333,27,14,CTATATGAGCGTATCGGGTA,13,773205
crpp3,1.6,37,14,CTATAAAGCCAGATTCTTGG,23,768638
crpp3,0.9333333333333333,27,14,CGGTTGTTAATTCATTCAGG,13,774376
crpp3,1.6,37,14,CGGGTGATGAATGTAAAGAT,23,760421
crpp3,1.0666666666666667,29,14,CGGAAAGGGGGTGTCGTTTC,15,778396
crpp3,2.066666666666667,44,14,CGCTCTAGGCTCTCACCGCT,30,769225
crpp3,1.8666666666666667,41,14,CGCTCCCTATGTCCTGTGTC,27,765801
crpp3,0.5333333333333333,21,14,CGCGTTGCTGAATTGGGCAT,7,789102
crpp3,1.8666666666666667,41,14,CGCGGGTAGGATACGCGCTT,27,771777
crpp3,1.0666666666666667,29,14,CGAATGGCGTCGGCAACGTT,15,788153
crpp3,1.0,28,14,CCTGTTCATTCGGTGTTTGT,14,770274
crpp3,1.9333333333333333,42,14,CCTATTCTTCGATCGGAAGA,28,776397
crpp3,0.7333333333333333,24,14,CCTAGCACCATTTACGACCT,10,758915
crpp3,0.6666666666666666,23,14,CCGTGGCTTTTTGAGGCGGA,9,781812
crpp3,0.8666666666666667,26,14,CCGTATGGAGGTTCGATCAA,12,760201
crpp3,0.2,16,14,CCGCTTGGATAACCTAGACA,2,765046
crpp3,0.9333333333333333,27,14,CCCTTATCCCAGAGCCGTCT,13,787662
crpp3,0.6,22,14,CCAGCCGGGCAATGGGCACA,8,770094
crpp3,1.0666666666666667,29,14,CATCCAGCATTGGTCCGGTG,15,764404
crpp3,0.3333333333333333,18,14,CATCAGGCTGTGTTGTTATC,4,764062
crpp3,0.2,16,14,CAGAGGTTGTGGACGCGTGC,2,768381
crpp3,0.13333333333333333,15,14,CACGGAAGGCGCACCAGAAC,1,760491
crpp3,0.13333333333333333,15,14,CACCTATCATGCCTTATCAC,1,769879
crpp3,0.8,25,14,CACAGTACAGAGTCCGCATA,11,777410
crpp3,0.8666666666666667,26,14,CACAGGTGAACCTCTTAATA,12,768835
crpp3,1.4,34,14,CAATTTGTGCTCGTCTAATT,20,785492
crpp3,0.13333333333333333,15,14,CAACTCTCTCCCGTACGCAA,1,789411
crpp3,2.6,52,14,ATGTACAGGTCATGGTATCC,38,768920
crpp3,0.26666666666666666,17,14,ATGCGCCAAATTGTGTCCTC,3,784392
crpp3,1.4,34,14,ATGAAGCCCGTCAGTACACA,20,768462
crpp3,0.3333333333333333,18,14,ATCTTTTTGCGGTTTCTATA,4,768926
crpp3,1.2,31,14,ATCGCTCAGCGCGAAGTGTG,17,767904
crpp3,0.13333333333333333,15,14,ATCGCCTCCCAAGCATCGAG,1,760147
crpp3,2.6,52,14,ATCGATGGTCGGAAGAAGCT,38,776189
crpp3,0.13333333333333333,15,14,ATCGAAACGTGCACTCCAGA,1,771984
crpp3,1.3333333333333333,33,14,ATCATGACAGGTAATCTTAC,19,762161
crpp3,0.8,25,14,ATATACAGATAGTTTCTTAG,11,772194
crpp3,1.4,34,14,ATAGGCTTACATTTTAGGGT,20,787242
crpp3,1.6,37,14,AGTGTTTTGAGAGAATGTAG,23,760240
crpp3,0.2,16,14,AGTCTTGAGCCGAGCTTACT,2,762445
crpp3,2.533333333333333,51,14,AGTAACACTGATTTGTGAGA,37,767902
crpp3,2.2,46,14,AGGGTTAGTGAGGACAGGTT,32,771415
crpp3,0.8,25,14,AGGCGTATTGGTAGACTGAG,11,788823
crpp3,2.066666666666667,44,14,AGGCCTCACCGTATCTAGGT,30,781658
crpp3,1.8,40,14,AGGCAGCGGCGCGTTCCCGA,26,762922
crpp3,0.2,16,14,AGAGTTCGGAACGATAGAAC,2,770329
crpp3,4.933333333333334,87,14,AGAGGGATTGTCAGGACATT,73,784672
crpp3,5.2,91,14,AGACGGGCGTGCACAACAGG,77,768481
crpp3,0.2,16,14,ACTTCGTGGCTTTTATAAGG,2,766007
crpp3,0.9333333333333333,27,14,ACGACAAGTAGTAACGGCAT,13,790633
crpp3,1.7333333333333334,39,14,ACCATCATAATATTCTAGCG,25,789360
crpp3,0.8,25,14,ACCATCAGTTGCCAGCCCTC,11,781891
crpp3,0.8666666666666667,26,14,ACACAAGGTGGATTGGCTAT,12,788003
crpp3,0.13333333333333333,15,14,AATGCAGTCTATAACGGCAT,1,775928
crpp3,0.13333333333333333,15,14,AAGTCACTAATGATCGCGAA,1,772558
crpp3,2.4,49,14,AAGTATGGGATCTCTAGAGT,35,771242
crpp3,0.8666666666666667,26,14,AAGGTAATGTGACATGCCGC,12,770806
crpp3,2.066666666666667,44,14,AAGGCCGACTCGAATAGATC,30,781970
crpp3,1.0,28,14,AAGCGCTTGACCCTTGCGGA,14,783640
crpp3,2.466666666666667,50,14,AAGCGACAGCATAAACACGT,36,764901
crpp3,5.866666666666666,101,14,AACGAACAACAGATATCCAC,87,775476
crpp3,0.7857142857142857,23,13,TTTTTCGTTAGAAAGCACAT,10,778216
crpp3,1.0,26,13,TTTGACTTTAATACGCGTGT,13,758656
crpp3,1.7142857142857142,36,13,TTTATGTGACGTATGCGAGA,23,773627
crpp3,3.642857142857143,63,13,TTTAAAGCCCTAATCTTATG,50,766274
crpp3,1.0,26,13,TTGTTGTCGGGCACATTCCC,13,777717
crpp3,0.7142857142857143,22,13,TTGTAAAGCCAAGGCTAGGC,9,765641
crpp3,2.2142857142857144,43,13,TTCTAGCCGTCAAATACCCT,30,769799
crpp3,0.7142857142857143,22,13,TTCCACGCATAGCGCAAAGT,9,769240
crpp3,0.14285714285714285,14,13,TTAGCCACCCAGGATCAAGA,1,779313
crpp3,1.6428571428571428,35,13,TTAAATATCTGTGGGTGTCT,22,787060
crpp3,0.5,19,13,TGTTGCACTTGCGCATGCTA,6,771485
crpp3,0.42857142857142855,18,13,TGGATATGTTTCAACTATTA,5,790169
crpp3,1.1428571428571428,28,13,TGGACCACTTTGCGCTCTTT,15,760160
crpp3,3.142857142857143,56,13,TGCCACGACATGAGAACCTG,43,774440
crpp3,0.5714285714285714,20,13,TGCATTGGTATGGAACCGTT,7,764200
crpp3,0.35714285714285715,17,13,TCTCATCGTTCCCATCCGCC,4,770957
crpp3,0.7142857142857143,22,13,TCTACCTTTATGGTTTTAAG,9,790057
crpp3,1.2857142857142858,30,13,TCGGGGGACGTCGGTCACTC,17,776730
crpp3,2.642857142857143,49,13,TCGGAAACCAGTAGCTGTGG,36,788121
crpp3,2.0,40,13,TCGCCGTTCGCAATTTTCTT,27,778398
crpp3,1.2142857142857142,29,13,TCGAAGCTCATCCCGGCTCG,16,765257
crpp3,0.6428571428571429,21,13,TCCTTGTACCAAGCATTTAA,8,765113
crpp3,12.714285714285714,190,13,TCCTTAGTTTGTGCCCTACA,177,758604
crpp3,1.1428571428571428,28,13,TCCGCCATTCAGGACTCGAA,15,784796
crpp3,1.0714285714285714,27,13,TCACTCACACATTCTAGAGA,14,775106
crpp3,1.6428571428571428,35,13,TATCCGCACACTCAAAAGGG,22,759389
crpp3,2.857142857142857,52,13,TAGCACGAAATGCCCGGGGC,39,773122
crpp3,7.857142857142857,122,13,TACGGGATTAGCTTTTTAGA,109,788130
crpp3,3.642857142857143,63,13,TACGCTTCCTCCCCCCTGCA,50,781003
crpp3,2.2857142857142856,44,13,GTTGTAGCAGCCGTGTATGG,31,768415
crpp3,0.42857142857142855,18,13,GTTGCGCGATGAGGTCCCCT,5,790700
crpp3,3.9285714285714284,67,13,GTTGACGACTTCTAATCCAG,54,759928
crpp3,0.5714285714285714,20,13,GTTAGGTGTGGCCGGTATTA,7,773471
crpp3,3.2857142857142856,58,13,GTGTCTGACCCAATTTAACT,45,762615
crpp3,2.9285714285714284,53,13,GTCTAGTTCTACGTAATCCC,40,759934
crpp3,0.6428571428571429,21,13,GTACTGGAGGTGTAATCCGT,8,778550
crpp3,1.2142857142857142,29,13,GTAATGGCAAGAGCGATACG,16,759078
crpp3,1.8571428571428572,38,13,GGTTGTCGCCCCAAACGAAT,25,765114
crpp3,4.642857142857143,77,13,GGTAGCGAATACGGCCATCT,64,790085
crpp3,1.5714285714285714,34,13,GGGTTTGTCATAATCGGCAT,21,765092
crpp3,1.0714285714285714,27,13,GGGTCACAATCTGAATCAAT,14,778608
crpp3,1.0714285714285714,27,13,GGGGCCCTCGGAAAACGAGA,14,772803
crpp3,0.5,19,13,GGCTCTGGGAGTCACCCAGA,6,768805
crpp3,0.7142857142857143,22,13,GGCCTTGACATGCCAAGACA,9,770131
crpp3,0.7142857142857143,22,13,GGCATCGTTGATCAGTTATG,9,790903
crpp3,1.1428571428571428,28,13,GGCAGGCAAGACGGTTAAAG,15,759931
crpp3,5.785714285714286,93,13,GGATCGAGTCGGCGGACGAC,80,772233
crpp3,1.2142857142857142,29,13,GCTTGGCCTATGCCCGTCAG,16,762701
crpp3,4.571428571428571,76,13,GCTTCGGAGTCAGTTGGCGC,63,773630
crpp3,3.0714285714285716,55,13,GCTGCACCATGTTGCTATAC,42,776654
crpp3,0.7142857142857143,22,13,GCTCGCCACCGCAAACTACG,9,775568
crpp3,0.5,19,13,GCGGGACCTTTTGCGATCGT,6,779342
crpp3,0.9285714285714286,25,13,GCGCGACTGTTTCGGCTCTC,12,771990
crpp3,1.4285714285714286,32,13,GCCCGCAGTCCAGCATTTTT,19,762616
crpp3,0.6428571428571429,21,13,GCACCCCCACGTGAGCTTCT,8,782754
crpp3,7.357142857142857,115,13,GCAAGTCTTAATCACGCCGA,102,766080
crpp3,1.0714285714285714,27,13,GATTAACATTAAGACACCGC,14,780768
crpp3,0.5714285714285714,20,13,GAGTGTTACCTCCTCTCTAA,7,769823
crpp3,0.5714285714285714,20,13,GAGGGAGCTAGCAGACTCCT,7,788622
crpp3,1.0,26,13,GACCTTCCAGGATCACACTG,13,787309
crpp3,1.0714285714285714,27,13,GACCGTTACGTATCTTCAAT,14,761258
crpp3,3.4285714285714284,60,13,GAAGGCGCGTCGCCCCCCGG,47,761415
crpp3,0.5714285714285714,20,13,GAAGCCCTGGTGCCGTACAC,7,784754
crpp3,1.0,26,13,GAAACGGTCCTAGCAGGGCT,13,770206
crpp3,0.6428571428571429,21,13,CTTGGTCGGGAATATACTTC,8,786703
crpp3,1.4285714285714286,32,13,CTGGTGACCTGCCCCAAATA,19,778077
crpp3,1.1428571428571428,28,13,CTGGATCGCTGGCGTTGCTT,15,779603
crpp3,0.14285714285714285,14,13,CTGAATATCTTCTTATCCCC,1,768670
crpp3,0.14285714285714285,14,13,CTCGTAAGCACCCGCCTGGC,1,758428
crpp3,0.14285714285714285,14,13,CTAAGGCTCCAGGCGACCTA,1,765513
crpp3,1.0,26,13,CGTTATAGAACAATGCACGT,13,772005
crpp3,1.8571428571428572,38,13,CGTGTGTGGCATATGTATAC,25,770407
crpp3,0.5714285714285714,20,13,CGTGGAGAATCGCCAGTTGC,7,788873
crpp3,0.35714285714285715,17,13,CGTCGGATTACATGGGAAAA,4,761326
crpp3,0.42857142857142855,18,13,CGGTAAGGCCCCTTGATGTC,5,789949
crpp3,0.14285714285714285,14,13,CGGGGTAAACCAGACAACCA,1,787395
crpp3,2.0,40,13,CGCTTGGCCTTTAACAAGAG,27,773724
crpp3,2.642857142857143,49,13,CGCGGATGAGAGCCTTCTCT,36,766114
crpp3,0.8571428571428571,24,13,CGCGCAATCGCCTCTTTCTG,11,767289
crpp3,0.7857142857142857,23,13,CGAGGCTGGTTAGCTGATCT,10,763443
crpp3,1.6428571428571428,35,13,CGAGACCGTTTTCGGAGAGA,22,761545
crpp3,0.9285714285714286,25,13,CCGTTAGCGTGTCCACGGCT,12,784729
crpp3,3.0,54,13,CCGTCTCACATCCTTTAACT,41,768189
crpp3,0.42857142857142855,18,13,CCGGCTTTGACTTTCGGGCA,5,778809
crpp3,1.5714285714285714,34,13,CCCGAGATATAAGGACCTAT,21,782659
crpp3,2.0714285714285716,41,13,CATGGCACTAACCACTACAA,28,780804
crpp3,1.3571428571428572,31,13,CATGCACTATAAAGCCGTGT,18,774372
crpp3,0.5714285714285714,20,13,CAGCGGTCCTAGGACGATGT,7,765683
crpp3,0.14285714285714285,14,13,CACGCTGTAAACCGAATCAC,1,774684
crpp3,1.1428571428571428,28,13,CAAGGAGTCGATAAGGATAC,15,770931
crpp3,0.8571428571428571,24,13,CAACGGGTGAGTCGGGTGGG,11,767057
crpp3,0.7857142857142857,23,13,CAACCTAGAAAGCGAAATAG,10,766934
crpp3,0.8571428571428571,24,13,ATTCTTCATTCCATTTGACC,11,780449
crpp3,0.9285714285714286,25,13,ATTCAAACTGATGGTGTGCG,12,764178
crpp3,1.1428571428571428,28,13,ATGTGGAAAGAGTGTCCTTG,15,777885
crpp3,2.9285714285714284,53,13,ATGGGGGTAATTACGTCTCC,40,762573
crpp3,1.0714285714285714,27,13,ATGGCGTAACACAGATACTG,14,781973
crpp3,0.14285714285714285,14,13,ATGGCCAAGCGCTTCACATG,1,764794
crpp3,0.14285714285714285,14,13,ATGCAAGTTGGCCCGCGTTC,1,789441
crpp3,0.7857142857142857,23,13,ATCTTGTCGGTTTGTACCTT,10,789974
crpp3,3.642857142857143,63,13,ATCACCCTATGAATCACTCT,50,767762
crpp3,1.1428571428571428,28,13,AGTTATGCATGTCCCTGCAT,15,763957
crpp3,0.42857142857142855,18,13,AGTGATGCAGTATAATTGAA,5,776868
crpp3,1.4285714285714286,32,13,AGTCACAGGGCAAAAGACCA,19,765962
crpp3,2.2857142857142856,44,13,AGCGGAGATGGGCCATTACA,31,781424
crpp3,1.2142857142857142,29,13,AGCAGGCAATGTACGGCGTC,16,788125
crpp3,1.5714285714285714,34,13,AGATTCGCGTTTCGGGAGGC,21,760740
crpp3,0.2857142857142857,16,13,AGACTGTATACGCGGGGCAG,3,782877
crpp3,1.4285714285714286,32,13,AGAAGCATTGTGCAGCGACA,19,761749
crpp3,0.42857142857142855,18,13,AGAAAAAATTGAATATCCCT,5,784330
crpp3,1.9285714285714286,39,13,ACTGGACCTTTAGCGGAGAT,26,781486
crpp3,0.5714285714285714,20,13,ACGTTTACTGAGTCAATCGA,7,783668
crpp3,1.5714285714285714,34,13,ACGGGCGGTTAGATATTTAG,21,772504
crpp3,2.2857142857142856,44,13,ACGAGTACGATCTCCTATGC,31,774317
crpp3,0.14285714285714285,14,13,ACCTATATTAACAACGGGCA,1,764577
crpp3,1.6428571428571428,35,13,ACATAAACAAGCGAAAGCGC,22,759170
crpp3,0.5714285714285714,20,13,ACAGGCTTCGTGCTCTGGGG,7,785523
crpp3,0.21428571428571427,15,13,ACAGCGACCGCCACTACTCT,2,761921
crpp3,1.3571428571428572,31,13,ACACGGAGGTGTCTGTAACC,18,769792
crpp3,0.7142857142857143,22,13,ACAAGGGATCGATATGAATT,9,771507
crpp3,2.7142857142857144,50,13,ACAACTTCCGTCCTGAGATG,37,787635
crpp3,2.7142857142857144,50,13,AATCGAGCGGCCTGTGAACC,37,767880
crpp3,0.6428571428571429,21,13,AAGTCTGATCAGCAAATGAT,8,767144
crpp3,1.6428571428571428,35,13,AACTTAGAGCAGTGCATTGA,22,773411
crpp3,1.4285714285714286,32,13,AACCATAGGCAACTGATGAC,19,768085
crpp3,1.1428571428571428,28,13,AAAGCGGCGGGGGTAAACCT,15,776493
crpp3,2.357142857142857,45,13,AAACGGTTGACCGCTTCGTG,32,759077
crpp3,3.769230769230769,60,12,TTTTGGAGAGTCTGACACGA,48,772418
crpp3,1.2307692307692308,27,12,TTGGAGCTTCGCTACCTCTC,15,768558
crpp3,1.2307692307692308,27,12,TTGCCCCAACCCGCAGGCGT,15,781067
crpp3,1.7692307692307692,34,12,TTCTTGCACCGTTAGATTGA,22,784983
crpp3,0.6923076923076923,20,12,TTCTAGTGTTTTCTACTTTG,8,776952
crpp3,1.3076923076923077,28,12,TTACTCCGTGGCTTGGCCAT,16,775226
crpp3,6.230769230769231,92,12,TGTTTGCCGTTCATCAATGG,80,761028
crpp3,1.8461538461538463,35,12,TGTAGCCTGGGGTTGCACCT,23,789165
crpp3,5.461538461538462,82,12,TGTACTCATTGTGTGGGTCC,70,782836
crpp3,0.3076923076923077,15,12,TGTACGAAAGGCGCAACTCA,3,775293
crpp3,0.15384615384615385,13,12,TGGTGGACGGATACGATTAT,1,768282
crpp3,1.9230769230769231,36,12,TGGGTGGGCAATGCCCTGCC,24,771444
crpp3,0.7692307692307693,21,12,TGGGGGGACCCAGATTGACC,9,773000
crpp3,1.3846153846153846,29,12,TGCTATCTCAGACCCGGTCG,17,760751
crpp3,0.8461538461538461,22,12,TGCGAGAGCGGTGCAGATCT,10,769756
crpp3,0.38461538461538464,16,12,TGCGAACGCTCTAGGTTGAA,4,780700
crpp3,1.3076923076923077,28,12,TGCCCGGTTAATATCATTGG,16,766847
crpp3,1.3076923076923077,28,12,TGATCACTGCGGAGCTTGGT,16,759933
crpp3,0.46153846153846156,17,12,TCTTCTTTATTAATGCGGAG,5,785539
crpp3,0.8461538461538461,22,12,TCTGGGGCCGAAAGTGCGCT,10,762174
crpp3,0.46153846153846156,17,12,TCTCACACAGATCACACCAA,5,759181
crpp3,1.8461538461538463,35,12,TCTAGTCAGGGCTTGAATAG,23,779722
crpp3,1.0769230769230769,25,12,TCGCGTAGCCTATACAGTCG,13,775102
crpp3,2.076923076923077,38,12,TCCGGACCAAACTAGCTTTT,26,789381
crpp3,0.6923076923076923,20,12,TCCCCAGGGTCTTGGCTAGA,8,788282
crpp3,2.3846153846153846,42,12,TCACACCGCTCGGTCTCTCG,30,781047
crpp3,1.1538461538461537,26,12,TATGAGGATGAAGCGGAATT,14,782803
crpp3,1.2307692307692308,27,12,TATCTCCCGCGATATTAGGT,15,767393
crpp3,0.6923076923076923,20,12,TATCATTCAGCACTCCCTCC,8,761260
crpp3,0.23076923076923078,14,12,TATATAGCCTCTTAATACTA,2,758857
crpp3,0.15384615384615385,13,12,TATAGTATGGTGTCTCAGAC,1,784198
crpp3,0.5384615384615384,18,12,TAGGCCACGTCTTAGAACGA,6,772976
crpp3,2.076923076923077,38,12,TAGCTTCAATGTATCGCTAA,26,780314
crpp3,2.769230769230769,47,12,TACTTTTGACCAGACTAATT,35,786725
crpp3,3.6923076923076925,59,12,TACTGAGTGGGTTTTGCAGA,47,758991
crpp3,9.615384615384615,136,12,TACGTACATCGTGCAAACTT,124,789751
crpp3,3.230769230769231,53,12,TACGACATCGTCTTTCCTAG,41,772737
crpp3,2.0,37,12,TACATCCTACCCTAAGCGGA,25,775236
crpp3,2.1538461538461537,39,12,TAATACGGACTTTGACTGCC,27,784490
crpp3,1.1538461538461537,26,12,TAAATCATCATGACGACAGC,14,786773
crpp3,1.6923076923076923,33,12,TAAAGCAGGAGAGGTAGGTA,21,789472
crpp3,1.3076923076923077,28,12,TAAAGAGGATCGGGACTCTC,16,763284
crpp3,1.3076923076923077,28,12,GTTAGCATAGTCTCACCGAA,16,760467
crpp3,0.8461538461538461,22,12,GTGTGCCTAATACCTCGACA,10,776055
crpp3,1.0,24,12,GTGAGCCCGAGAGACGATTA,12,787029
crpp3,1.1538461538461537,26,12,GTCTGTCGCCGCTTTTGCAG,14,780146
crpp3,1.2307692307692308,27,12,GTCCCCCCACAAGTGAGATC,15,776270
crpp3,5.6923076923076925,85,12,GTCATCTACAGTGGGTGCTT,73,766977
crpp3,0.5384615384615384,18,12,GTAACCCCATGCTTAATTAA,6,786309
crpp3,2.0,37,12,GGTCCTTTGGTCATGTCGTC,25,784695
crpp3,0.15384615384615385,13,12,GGGTTCAACGCATCCCGCTG,1,779795
crpp3,0.8461538461538461,22,12,GGGGTTTAGGGACGATTTAC,10,784381
crpp3,1.2307692307692308,27,12,GGGGTCTGGGAAGTGGCGAT,15,768395
crpp3,1.1538461538461537,26,12,GGCCGGAGTCCGAGCCACAT,14,790526
crpp3,0.6923076923076923,20,12,GGCAGTAGCTGTTACGTAAA,8,767974
crpp3,0.23076923076923078,14,12,GGCAGTAGCGAGCACTATTA,2,770919
crpp3,1.0769230769230769,25,12,GGAGTTGATCGCACGGGTGG,13,775247
crpp3,0.7692307692307693,21,12,GGAATGTAACACGATTTCAG,9,787281
crpp3,0.23076923076923078,14,12,GCTGAACCACATCAATAGCT,2,770906
crpp3,1.0769230769230769,25,12,GCTCGTCTATCATCAACATA,13,784095
crpp3,1.0769230769230769,25,12,GCTATCAACATTTGTGGTCT,13,780241
crpp3,0.9230769230769231,23,12,GCGTCCAATTCGTGGCGTAT,11,758678
crpp3,0.23076923076923078,14,12,GCGCAGAATTTGACCTCGGG,2,762042
crpp3,0.23076923076923078,14,12,GCGAAGTTCTTAGAGCAGTC,2,778645
crpp3,1.7692307692307692,34,12,GCGAACACTAGACTCCTTGG,22,780559
crpp3,1.0,24,12,GCCCTAGTCGGAGCTCATAT,12,784591
crpp3,0.6923076923076923,20,12,GCAGCTTGGACTATACTTAA,8,758932
crpp3,7.846153846153846,113,12,GCAATCTTTAACATTCATCT,101,764395
crpp3,0.6923076923076923,20,12,GATTGTCTCGCAACATCTCC,8,771687
crpp3,1.4615384615384615,30,12,GATTAAGGAGTAGAAGTGCA,18,786718
crpp3,3.3076923076923075,54,12,GATGAGCGATATCACTGGTT,42,778598
crpp3,1.7692307692307692,34,12,GAGTACGTCGAAAAGGGGTA,22,779105
crpp3,1.5384615384615385,31,12,GAGGCGAGAACATCGTGTTA,19,788286
crpp3,0.6923076923076923,20,12,GAGCGCGCAACACCTTTATC,8,764954
crpp3,2.0,37,12,GAGCGAAGCGGGTGCCGTGA,25,788012
crpp3,2.3076923076923075,41,12,GAAATCAAAAGTAAAGTGTA,29,782997
crpp3,4.076923076923077,64,12,CTTCAAACTAACTTTTCCAT,52,771727
crpp3,1.0,24,12,CTGGGGCAGGCGTACATCCC,12,763360
crpp3,0.8461538461538461,22,12,CTGCTCCAGGCGCAGTAGCT,10,763518
crpp3,3.8461538461538463,61,12,CTGCAACCTACCCGGTTTGT,49,759082
crpp3,1.3076923076923077,28,12,CTGAGCTATTGGCTAAAAAC,16,765323
crpp3,1.0,24,12,CTGACAAATGCAGTTCAGGA,12,766917
crpp3,1.3076923076923077,28,12,CTCTAACTCGGCCCTTTATC,16,776184
crpp3,0.8461538461538461,22,12,CTATTTGCCCAGTTCTTCTC,10,775015
crpp3,1.7692307692307692,34,12,CTACTCTGAATCAACTTTCC,22,783887
crpp3,0.3076923076923077,15,12,CTACCAAAGACGACCGGTAG,3,782518
crpp3,1.0769230769230769,25,12,CTAATCCATTGATGTGTCCT,13,783200
crpp3,1.5384615384615385,31,12,CTAACCGCCCGTACAGTCCC,19,790504
crpp3,0.9230769230769231,23,12,CTAACCCTACCACAATGAGG,11,770016
crpp3,1.2307692307692308,27,12,CGTTCGCCGGTAATCCGGGA,15,786169
crpp3,0.23076923076923078,14,12,CGTTATCCGCGCGGCGCGTG,2,764398
crpp3,0.8461538461538461,22,12,CGTGCTCTCGGGGGAACGCA,10,788151
crpp3,1.7692307692307692,34,12,CGTCATTAGCACGGAACCTA,22,768439
crpp3,3.0,50,12,CGTACGGTCTTGAGCCAGGG,38,779025
crpp3,1.3846153846153846,29,12,CGGGCACACATATTTGAAAA,17,780298
crpp3,0.5384615384615384,18,12,CGCTGAGTGATGAGGGGCAG,6,775036
crpp3,3.230769230769231,53,12,CGCGTTTCTACTTGTGCGAG,41,770402
crpp3,3.5384615384615383,57,12,CGCGGTGAATATAAAGACAA,45,770999
crpp3,0.6923076923076923,20,12,CGCCTCAGCGGCCTGCCGAT,8,788111
crpp3,0.15384615384615385,13,12,CGATTTTGGCCCCATACCCG,1,778104
crpp3,1.6923076923076923,33,12,CGACACTGGCTCTGCGCTGT,21,783422
crpp3,2.6923076923076925,46,12,CGAAGCTCTATTCCTAGTCG,34,778331
crpp3,0.8461538461538461,22,12,CCTTTCCTAACACATAGAGC,10,768301
crpp3,0.8461538461538461,22,12,CCTTGAGTTATAAATTCTAA,10,777355
crpp3,1.7692307692307692,34,12,CCTTCAGGGGTTTGCATTTT,22,788361
crpp3,0.7692307692307693,21,12,CCTGCTCATATGGAATACCG,9,788860
crpp3,3.5384615384615383,57,12,CCTATATGCGTACTAAATGC,45,789766
crpp3,1.0769230769230769,25,12,CCTAGGGATCCGCCGATTTT,13,773214
crpp3,1.4615384615384615,30,12,CCGGCCACTAACCGGATACC,18,790242
crpp3,1.3076923076923077,28,12,CCCGCCGGGAGTAAACGTAT,16,759366
crpp3,1.1538461538461537,26,12,CCCCTGAAGTTTGGCGCGGA,14,790218
crpp3,0.46153846153846156,17,12,CCACAAGGGCAATAGTATTC,5,767741
crpp3,0.3076923076923077,15,12,CCAAGTTGGATTCTGGGAGG,3,776545
crpp3,1.0,24,12,CCAAAGCATGTTAAACTCAG,12,775913
crpp3,2.5384615384615383,44,12,CATTCCGAAGCCACCACGGT,32,773253
crpp3,0.5384615384615384,18,12,CATATTTAATTTGTACGAAT,6,784431
crpp3,0.23076923076923078,14,12,CAGTTCTACAAGACACGTTA,2,776214
crpp3,2.1538461538461537,39,12,CAGGTGGCCCTTTATAGGCG,27,758588
crpp3,1.6923076923076923,33,12,CAGCAGTCGCACAACGATTC,21,780827
crpp3,0.6153846153846154,19,12,CAGACGCAAGATCAAGACGT,7,775831
crpp3,1.3076923076923077,28,12,CACAGGTTCATCGATGGTAT,16,766999
crpp3,2.3846153846153846,42,12,CAACTTGCGCCACATAACTT,30,790620
crpp3,0.6153846153846154,19,12,ATTTAGCGGGGAGCATAGAC,7,769630
crpp3,0.46153846153846156,17,12,ATTTACTCGGTGAACCCCCT,5,772394
crpp3,1.2307692307692308,27,12,ATTCTTCGATACCACATACT,15,769684
crpp3,0.8461538461538461,22,12,ATGGACGTGTCTGCTCCCAC,10,770050
crpp3,1.0769230769230769,25,12,ATCTCACGGTAGTGAACTAC,13,765512
crpp3,2.5384615384615383,44,12,ATCTCAAGTCAAAAAGTCCT,32,759512
crpp3,0.8461538461538461,22,12,ATCGTGCTACTTTGTCACAG,10,767655
crpp3,1.5384615384615385,31,12,ATCCAATTAGGAGAGGCATA,19,787905
crpp3,1.4615384615384615,30,12,ATAAGAGTTCTCCTCCAGAA,18,762402
crpp3,2.1538461538461537,39,12,AGTTCGGGAAGCGCGATTAT,27,788394
crpp3,1.0769230769230769,25,12,AGTCCACGGACGCAGTGAGT,13,785069
crpp3,0.9230769230769231,23,12,AGGATTAGAATCGGGGAAGA,11,790309
crpp3,0.5384615384615384,18,12,AGAGGGATAGTAGTACTTAG,6,784200
crpp3,0.5384615384615384,18,12,AGAGGATGGAAATCTGGGCT,6,790915
crpp3,0.15384615384615385,13,12,AGAAGAGCTGCAACGTGCCT,1,777003
crpp3,0.23076923076923078,14,12,ACTGGGGGAACCACTATGGC,2,787326
crpp3,0.15384615384615385,13,12,ACTCTAGCGTATTTTGCTCT,1,781580
crpp3,0.15384615384615385,13,12,ACGTAATACCCTGCCGGAAC,1,759553
crpp3,0.9230769230769231,23,12,ACCTTCGTGTACCATTTCTA,11,788517
crpp3,0.5384615384615384,18,12,ACCTGATCGCTCTGTGCCTC,6,763799
crpp3,0.9230769230769231,23,12,ACCCCGGAAACGGGCACTAT,11,775569
crpp3,0.38461538461538464,16,12,ACACGAGCATCTTTCGTCTC,4,786286
crpp3,0.7692307692307693,21,12,AATTATTGAACAACGTCCCC,9,773092
crpp3,1.6153846153846154,32,12,AACTTTGGTGCATCCATTAT,20,783277
crpp3,1.9230769230769231,36,12,AACTAGACCTTAATTGAAAA,24,760601
crpp3,0.6923076923076923,20,12,AACCAGAGGTCAGATGGAAT,8,789938
crpp3,1.6153846153846154,32,12,AAACGGCCCTACTGCTTCAC,20,766004
crpp3,1.0769230769230769,25,12,AAACCGGGAAATTTATTAAC,13,765019
crpp3,1.5384615384615385,31,12,AAACAGACATTTCTCGTACG,19,765919
crpp3,1.0769230769230769,25,12,AAAAGCTCAGTTGGGGGGTC,13,773146
crpp3,1.5833333333333333,29,11,TTTTTGGTGACTTGTTCGGT,18,780878
crpp3,1.0,22,11,TTTTTACGTCACCTCTAGAC,11,775300
crpp3,0.9166666666666666,21,11,TTTGGTGCCTTAGGGCATGA,10,781876
crpp3,1.0,22,11,TTTAATGGTATAATCATTGC,11,786890
crpp3,0.9166666666666666,21,11,TTGTGTAGTTCCAATCTGGA,10,786382
crpp3,1.3333333333333333,26,11,TTGTGCGGATCGTGTGGACA,15,782048
crpp3,1.0833333333333333,23,11,TTGTCTCAATGCATAGAGAC,12,776182
crpp3,2.25,37,11,TTGCAGGTACAACAAAACAA,26,775368
crpp3,2.25,37,11,TTGCAGCGAATCGAGGATTG,26,767065
crpp3,2.9166666666666665,45,11,TTCAGGCGGGGGGGAAGGTA,34,777307
crpp3,0.16666666666666666,12,11,TTCAACTTCGCCAGTGTTTA,1,789077
crpp3,2.0833333333333335,35,11,TTATTTTATACCTCCTACAA,24,767036
crpp3,1.3333333333333333,26,11,TTAGAAACCGTCCAGCGATT,15,763329
crpp3,1.6666666666666667,30,11,TGTTATGTACTAGATTGACT,19,773935
crpp3,0.8333333333333334,20,11,TGTACCACAATGGAAAATAT,9,778012
crpp3,2.25,37,11,TGGTCGAGCAGGCCGCAGAT,26,786849
crpp3,0.3333333333333333,14,11,TGGACGGTTAGGATTTCAGA,3,774093
crpp3,3.0833333333333335,47,11,TGATTACACTAGAGCATCGT,36,760550
crpp3,2.25,37,11,TGACTCTTGTAAATGACTGG,26,758442
crpp3,5.583333333333333,77,11,TGACGGTCCCCGCGAGACGT,66,787876
crpp3,0.5833333333333334,17,11,TGACGACCCTATCGGGTCTA,6,760315
crpp3,1.5833333333333333,29,11,TGACATGTATGAGATACCAT,18,760334
crpp3,0.75,19,11,TCGTTAATTCACTTTGTGTT,8,783282
crpp3,1.1666666666666667,24,11,TCGTATATTGTTATCAATGT,13,782498
crpp3,3.75,55,11,TCGGCACAAAGTTTGATTAA,44,776520
crpp3,0.9166666666666666,21,11,TCCAGCCCTACTTGTACTTA,10,761705
crpp3,1.0833333333333333,23,11,TCATTAGCTGTGTCCTACTG,12,786025
crpp3,0.5,16,11,TCATGAGCCTATTTGTTAGT,5,765482
crpp3,2.0833333333333335,35,11,TATTGAATTCGCGGGTATAT,24,766368
crpp3,2.0833333333333335,35,11,TATCGAGCGCGGGCAATGTT,24,783329
crpp3,1.25,25,11,TAGGCCACAAAGTTCTGACC,14,789446
crpp3,0.16666666666666666,12,11,TAGGCACATGCTGTCCCGAC,1,763202
crpp3,0.6666666666666666,18,11,TAGACGGTGCTTGGCGTTGA,7,774911
crpp3,1.8333333333333333,32,11,TACTGGGCATTAGGGGCTTG,21,779396
crpp3,1.25,25,11,TAAGTCCCAGTCAACCTAAC,14,764947
crpp3,0.5,16,11,TAACAGTAGAAATAGCCGGA,5,775348
crpp3,0.75,19,11,GTTTATCCCAACAACGTATA,8,774600
crpp3,0.9166666666666666,21,11,GTTATGGCTCCTCAGTACGT,10,770647
crpp3,0.9166666666666666,21,11,GTGTGATCGGTTCTTCAGAT,10,760137
crpp3,2.5833333333333335,41,11,GTGTAATGGATGGCGAAGTT,30,782508
crpp3,3.3333333333333335,50,11,GTGGACAGCAATGGCACTAG,39,763442
crpp3,0.3333333333333333,14,11,GTGCTAAATAGCTGCTTCAT,3,783647
crpp3,1.0,22,11,GTCGTCTCCATCAAAGTGGA,11,780103
crpp3,0.5,16,11,GTCAGAGTGTTGTCTTCTAA,5,775384
crpp3,0.16666666666666666,12,11,GTATCAAATAGACATTTCTT,1,771508
crpp3,1.0833333333333333,23,11,GTATAGCTTGAATAGAATGT,12,772109
crpp3,0.4166666666666667,15,11,GTAGTATGCGAGCCAGACTA,4,786826
crpp3,0.5833333333333334,17,11,GTAGATATATCCCAGGTCCT,6,765563
crpp3,1.0833333333333333,23,11,GTACAATCTCAATAATAGCG,12,788602
crpp3,0.6666666666666666,18,11,GGTCCTCTCTCCGTTGCCTA,7,777378
crpp3,2.8333333333333335,44,11,GGTCACTCACTGTCCGTCTC,33,774482
crpp3,1.4166666666666667,27,11,GGTATCGAGATTATCGCTTC,16,769084
crpp3,0.16666666666666666,12,11,GGTAACGATAAGATAATCTC,1,788163
crpp3,1.5833333333333333,29,11,GGTAACAGGCTCGCGGCGGC,18,776658
crpp3,0.4166666666666667,15,11,GGGTGGAACATCTAAACCTC,4,774787
crpp3,1.4166666666666667,27,11,GGGGCGCTCAAACCGAAGCG,16,773852
crpp3,0.5,16,11,GGGGCGATTTAGTCATTACC,5,772420
crpp3,0.9166666666666666,21,11,GGGCGCGAGTTGATGTGTTA,10,785211
crpp3,0.5,16,11,GGGACTTTTAGTCGTTGTAT,5,772063
crpp3,0.75,19,11,GGGAACCTGACCCGAGCCTA,8,773145
crpp3,11.25,145,11,GGACGGAGTTTTGGAGTTAC,134,782645
crpp3,1.5,28,11,GGAAATAGTGGTACTTCGAC,17,786830
crpp3,1.5833333333333333,29,11,GCTTATGTGTAGGCTTAGAA,18,777262
crpp3,3.3333333333333335,50,11,GCTTAAGAAACTGCCGAACG,39,773614
crpp3,1.0,22,11,GCTGAAACTTATTGTACTAT,11,786642
crpp3,1.0833333333333333,23,11,GCTCTGAATCCTATATATTT,12,759721
crpp3,0.75,19,11,GCTCCATGTACAGGGAAGCT,8,787084
crpp3,1.75,31,11,GCTAGCGGTTTGCGGGATAA,20,772246
crpp3,0.75,19,11,GCTACGCGTGAACGCTTATG,8,785304
crpp3,0.8333333333333334,20,11,GCGTTAGAACAGTGCACCTC,9,776894
crpp3,4.25,61,11,GCGGCTGTCGAGAGTGCACG,50,786992
crpp3,0.9166666666666666,21,11,GCGCATAGGCGTCTGGACTT,10,763108
crpp3,1.5833333333333333,29,11,GCCCGTGAGTGGACGTGAAG,18,762027
crpp3,1.0,22,11,GCCACAAACTGTGCAACTCC,11,777062
crpp3,0.6666666666666666,18,11,GCATTTGTCCGATGGACACA,7,781724
crpp3,0.8333333333333334,20,11,GCATCGTACAGCGAGTCATA,9,770476
crpp3,3.3333333333333335,50,11,GCAGTCCGACCGTACCGCGC,39,766167
crpp3,4.333333333333333,62,11,GCAGGGGACACTACTAGACA,51,778368
crpp3,1.0,22,11,GATTTCGGTCAGAATGTACT,11,777090
crpp3,1.9166666666666667,33,11,GATACTATGTCCGATACCCA,22,768543
crpp3,1.1666666666666667,24,11,GAGGTGTATCTGTCATGAGT,13,779583
crpp3,1.75,31,11,GAGACCAAGGTCGTCTCGAA,20,763413
crpp3,6.416666666666667,87,11,GACTGGGGGAGGGGACGCAA,76,759119
crpp3,0.5,16,11,GACTGGCGACGATTATATAA,5,759482
crpp3,0.3333333333333333,14,11,GACACTTCGCCTGCCCCGGC,3,786212
crpp3,1.8333333333333333,32,11,GACACAGGACGGATTAACGT,21,777388
crpp3,0.4166666666666667,15,11,GAATCGGGGCGGTTCTATTA,4,785764
crpp3,0.25,13,11,GAACCTCTTTTTTGTACCAA,2,773845
crpp3,0.8333333333333334,20,11,CTTGCATCAAGAACAGTCTG,9,764831
crpp3,0.25,13,11,CTTATAGTCCGTCACCAGAT,2,776874
crpp3,1.0,22,11,CTGGGCATCGATTCAAATTT,11,759255
crpp3,1.4166666666666667,27,11,CTGCTTTCTCCGTGCCAAAG,16,769380
crpp3,1.4166666666666667,27,11,CTGACCAGTCGCACCTGCAG,16,787240
crpp3,5.5,76,11,CTCTCTGAGTTTAAACCTCC,65,785637
crpp3,0.8333333333333334,20,11,CTCTCTAATTTAGGGACTGA,9,772893
crpp3,0.4166666666666667,15,11,CTCCTTTGCGGGTGGAGTCA,4,785778
crpp3,0.16666666666666666,12,11,CTCAAATCTTCCCCTGGTTT,1,777603
crpp3,1.9166666666666667,33,11,CTCAAAGGTGTTATTCGAAA,22,790606
crpp3,1.0833333333333333,23,11,CGTTTAGAGCGTCCGTTATG,12,774702
crpp3,1.3333333333333333,26,11,CGTACATCGCTCGAAGCTTT,15,760256
crpp3,1.8333333333333333,32,11,CGGTGCGGGTATATCCGCTG,21,783948
crpp3,1.0833333333333333,23,11,CGGTCCCATCACTCTGTAAA,12,762007
crpp3,4.416666666666667,63,11,CGGTAGTGCGAGCCGGTGCG,52,781985
crpp3,1.4166666666666667,27,11,CGGTACTAACTCCGTATTCT,16,785367
crpp3,1.1666666666666667,24,11,CGGGTAGACCGTGCGCGATC,13,787727
crpp3,2.4166666666666665,39,11,CGGGGGCAGACCGACACAGA,28,786983
crpp3,0.16666666666666666,12,11,CGCTGAGGAAACGTGCGAAC,1,767882
crpp3,0.5,16,11,CGCTATCACCAGTGGCCGAT,5,790119
crpp3,1.5833333333333333,29,11,CGCGTGGTAAGAAAAGGACA,18,768599
crpp3,1.3333333333333333,26,11,CGCAGTTCCGCTACTCGGTG,15,774455
crpp3,0.3333333333333333,14,11,CGCAGTCTGGCCTCTGGATG,3,789061
crpp3,1.3333333333333333,26,11,CGACGGCGCGGGCTTAGTCA,15,766341
crpp3,0.5833333333333334,17,11,CCTTAGTACTGAATTTCCCT,6,781335
crpp3,1.5,28,11,CCTTAGCGACTCACGGGAAT,17,758967
crpp3,1.5,28,11,CCTCATTAAGTCAGGATGGC,17,765955
crpp3,0.9166666666666666,21,11,CCGGTAATGTTGGGGGACCT,10,775166
crpp3,1.1666666666666667,24,11,CCGGAGTGACCGGGAAACGA,13,784782
crpp3,0.16666666666666666,12,11,CCATAGTCTCGCCCGGGGAT,1,780138
crpp3,1.0,22,11,CCACAGTCCCTGGCTACCCC,11,785948
crpp3,0.75,19,11,CATGGAACGGGTCGTTACAC,8,788275
crpp3,1.5833333333333333,29,11,CAGTGCTATCACGGTTTAGG,18,758636
crpp3,0.3333333333333333,14,11,CAGACGAATGCTGTTGTACT,3,764730
crpp3,1.75,31,11,CACAAGGCCGCCTGCGCAGT,20,772055
crpp3,1.6666666666666667,30,11,CAAAGCTCTATAGTCGATTA,19,773816
crpp3,4.25,61,11,CAAAAAGGCCAGGTTTCAAG,50,789498
crpp3,2.5,40,11,ATTGCGTGCAGATGCAGCTC,29,779492
crpp3,2.6666666666666665,42,11,ATTGATGCAATAATACGTCA,31,789896
crpp3,1.1666666666666667,24,11,ATTGAATCCAGCTAGGGTTG,13,768451
crpp3,2.4166666666666665,39,11,ATTCTACGGTCGTTTGCAAC,28,761915
crpp3,0.16666666666666666,12,11,ATGGCGTTCTGGCGAGGGCT,1,767821
crpp3,0.9166666666666666,21,11,ATGCACCTTCCTGCGCGAAC,10,784567
crpp3,2.3333333333333335,38,11,ATCTAGCCGCTAAGTCATAG,27,763341
crpp3,0.9166666666666666,21,11,ATCGGGTCAAAGGATGTTTT,10,776618
crpp3,1.8333333333333333,32,11,ATCAATTCAAAAAACTATTA,21,771589
crpp3,1.0,22,11,ATATGGCCTCTCTATGGGCA,11,760698
crpp3,0.5,16,11,ATATAGCATGAGCTCATAAA,5,772262
crpp3,1.6666666666666667,30,11,ATACCGTCCTTGGATTGGTC,19,790188
crpp3,0.75,19,11,AGTCTTACGGGTCAACCCGG,8,776782
crpp3,0.5,16,11,AGGTTGCTAGGAGTACGGGT,5,776531
crpp3,1.25,25,11,AGGTTATTGTGGCGAATCCG,14,761139
crpp3,1.0,22,11,AGCTGCCGAGCGTCAACTAT,11,772374
crpp3,1.3333333333333333,26,11,AGCGCTGCAGATCTGTCCGT,15,784485
crpp3,1.3333333333333333,26,11,AGCCGCGTGCATCTTTGACA,15,764056
crpp3,0.9166666666666666,21,11,AGATTATAGGTTACCCTGCA,10,766722
crpp3,0.5833333333333334,17,11,AGATCGCTTGCGTATTTTTA,6,789389
crpp3,0.9166666666666666,21,11,AGATAGCCCCATTGCCCAAC,10,759520
crpp3,1.75,31,11,AGAGCGTCTTGGGCGGTCAG,20,771738
crpp3,1.4166666666666667,27,11,AGAGCGGCGGTATACGGGTA,16,778665
crpp3,0.8333333333333334,20,11,AGACGGGCCGGCAAAAATAC,9,761550
crpp3,0.25,13,11,ACTCCCGACGTTTAAGTCCA,2,760372
crpp3,0.5833333333333334,17,11,ACTCCCCATTCGCCCATCGG,6,761366
crpp3,1.4166666666666667,27,11,ACGTTATGCCTCTTACGAAC,16,770765
crpp3,0.9166666666666666,21,11,ACGTCTTCGATTAGGAGAAG,10,767747
crpp3,1.8333333333333333,32,11,ACGGTTTAATGAGGAAGCAA,21,772305
crpp3,3.8333333333333335,56,11,ACGCAAGGTTCCATTGACAC,45,764764
crpp3,1.8333333333333333,32,11,ACGATGAGAGCCCGGAAGTT,21,782610
crpp3,2.1666666666666665,36,11,ACGAACGTGGAGCCAAGTAC,25,762640
crpp3,0.5,16,11,ACCACGGCGGGAGGCTATGA,5,784093
crpp3,0.9166666666666666,21,11,ACACATGCCTAATAAGACGT,10,781681
crpp3,1.4166666666666667,27,11,ACAAGATGTTAAAGTAATTG,16,769292
crpp3,3.75,55,11,AATTGCCATCAAAGGCACCT,44,764958
crpp3,2.1666666666666665,36,11,AATGACGGCGCAAATGGAAT,25,791244
crpp3,1.25,25,11,AATAGCTTACTACCACCCTA,14,760937
crpp3,0.9166666666666666,21,11,AATACATCGAAAGAAAAGTG,10,789523
crpp3,1.9166666666666667,33,11,AATAAACTGCAATTTCTCGG,22,768528
crpp3,1.75,31,11,AAGTCCTGAGCGGGCATTAA,20,766579
crpp3,0.5833333333333334,17,11,AACTGGACGTGTCGTAAGCA,6,775790
crpp3,1.4166666666666667,27,11,AACCAGGTCAACAAGCGCAT,16,769244
crpp3,7.083333333333333,95,11,AAATGGGGCTGAGCATTGAC,84,781308
crpp3,1.0,22,11,AAATAGCCGGGCATGCAATG,11,762848
crpp3,0.6666666666666666,18,11,AAAACGTTTGCTGGGTTGTA,7,788967
crpp3,0.45454545454545453,14,10,TTTGGCACGACCTGGGGTCA,4,772476
crpp3,0.7272727272727273,17,10,TTTCGTAATTGCCCAGTGAC,7,779047
crpp3,0.8181818181818182,18,10,TTGTCAATGGGCTTTGCGCC,8,764885
crpp3,0.18181818181818182,11,10,TTGTACCTGATTACTGCTGT,1,769445
crpp3,1.3636363636363635,24,10,TTGCCGCCATTTCGAAGAGC,14,758522
crpp3,4.090909090909091,54,10,TTCGTCCTCTCGGTACGGCG,44,777775
crpp3,1.4545454545454546,25,10,TTCCACGCCCGCGACGAGTA,15,762021
crpp3,0.9090909090909091,19,10,TTAGCCCTTCCATAGTCGGC,9,773773
crpp3,0.2727272727272727,12,10,TTAATGAGCTCACTGATGCT,2,780226
crpp3,2.0,31,10,TGGGACATTCAATTTGGCAT,21,781267
crpp3,1.1818181818181819,22,10,TGGATTATGTGCTTCTGCCA,12,778639
crpp3,2.1818181818181817,33,10,TGGACATCCGGTAAAACACT,23,765469
crpp3,2.4545454545454546,36,10,TGCGCAAGTTGCTTGTCGTG,26,778157
crpp3,0.9090909090909091,19,10,TGCAAGCCTTTCATGTTTAA,9,789229
crpp3,1.2727272727272727,23,10,TGAGCTACACGTCGGTCATA,13,780675
crpp3,0.6363636363636364,16,10,TGAGATTGTAAAGGGGCTTT,6,783874
crpp3,1.8181818181818181,29,10,TGACACCCGCCAGTCATGGA,19,784353
crpp3,0.2727272727272727,12,10,TCTTTACGCCAAGAGCATGG,2,779057
crpp3,0.2727272727272727,12,10,TCTGGGCCAGTATGTCACTA,2,784924
crpp3,0.5454545454545454,15,10,TCTAATAGAGTATCACAAAG,5,769226
crpp3,1.1818181818181819,22,10,TCGTCGTCCAAGCTATTCAA,12,776432
crpp3,2.090909090909091,32,10,TCGTCGCGACACTATTTGGG,22,784478
crpp3,2.272727272727273,34,10,TCGCCTGGTAACTGACGATG,24,780589
crpp3,0.18181818181818182,11,10,TCGCCTATAGCGCTCGTTCA,1,763101
crpp3,0.18181818181818182,11,10,TCGAAGTCATCCTCACTTGT,1,766921
crpp3,1.0909090909090908,21,10,TCGAAAGTAGCATACACAAA,11,776492
crpp3,0.8181818181818182,18,10,TCCCGATTTGGAAGGTGATT,8,762770
crpp3,0.2727272727272727,12,10,TCCATGGTCGCCTGTTACTT,2,785736
crpp3,5.636363636363637,71,10,TCACGTTAGTGACATATCGT,61,762852
crpp3,0.8181818181818182,18,10,TCAATGGCGGCTCTCCATAA,8,783028
crpp3,2.8181818181818183,40,10,TCAACAACAGCGGATTGGAT,30,760821
crpp3,0.5454545454545454,15,10,TATTTCAAATGAAGTAGCTT,5,770846
crpp3,2.090909090909091,32,10,TATTGAAGACGATATACGTT,22,769174
crpp3,4.545454545454546,59,10,TATTACCTCTTAATAGTCAA,49,784371
crpp3,0.8181818181818182,18,10,TATCTGCAATCGCGGGGTAA,8,784986
crpp3,0.9090909090909091,19,10,TAGTTAATAGGAGTGAACTA,9,761134
crpp3,0.9090909090909091,19,10,TAGCGTATTGAGTCCTCATG,9,784021
crpp3,7.636363636363637,93,10,TAGCGGAAGCGAAGATAACA,83,789287
crpp3,2.090909090909091,32,10,TAGCGACACATGCAGCCATG,22,764870
crpp3,0.18181818181818182,11,10,TAGATTTAGCTCTCTGTTAT,1,778181
crpp3,0.5454545454545454,15,10,TAAAGAATGATTGCTGGTAG,5,786218
crpp3,3.727272727272727,50,10,GTTGCACAAAATAGCTTACA,40,781310
crpp3,0.18181818181818182,11,10,GTTAAGACGGCAGGACGGAG,1,770478
crpp3,1.2727272727272727,23,10,GTGTTACATTATCACCTCGT,13,781760
crpp3,0.9090909090909091,19,10,GTGCCCTGCTTAGTGGTACC,9,784689
crpp3,3.727272727272727,50,10,GTCCCGCCCCTGGTCTCAGA,40,775988
crpp3,3.090909090909091,43,10,GTCAGATACGGGTGGTAGTA,33,766932
crpp3,41.18181818181818,462,10,GTATAAGGCGGTAGACACGG,452,782649
crpp3,1.3636363636363635,24,10,GTAGTGCCACCCCGGAATCA,14,789128
crpp3,2.6363636363636362,38,10,GTAAAATTGACTTGCTCCTT,28,768715
crpp3,0.18181818181818182,11,10,GGTTGGACAGGAGCCAGCTG,1,788291
crpp3,0.7272727272727273,17,10,GGTGACGACCTATAAAGTGG,7,777056
crpp3,2.0,31,10,GGTCCGCGGGCTGAGCTGTT,21,774242
crpp3,1.6363636363636365,27,10,GGTCACTCTGTGGCCCATTT,17,782752
crpp3,0.18181818181818182,11,10,GGTATAATTGAGGCGTCGGG,1,775546
crpp3,0.18181818181818182,11,10,GGGTTCCCGTGGCACGTATC,1,773636
crpp3,1.7272727272727273,28,10,GGGGAGGGTTGTGAGATGAA,18,785842
crpp3,1.4545454545454546,25,10,GGGCTGTTGCTTGTAAGCCT,15,761602
crpp3,1.5454545454545454,26,10,GGGCGTCGGACGTTGTTCCA,16,773863
crpp3,0.36363636363636365,13,10,GGCTACGGACACTACCGCGA,3,778917
crpp3,1.0909090909090908,21,10,GGCACAGGCGTTCTTGTTGA,11,770253
crpp3,2.909090909090909,41,10,GGAGCGAGTGTGGTGCGCGA,31,788536
crpp3,0.18181818181818182,11,10,GGAGACAAATATTACCTGCT,1,770352
crpp3,1.6363636363636365,27,10,GGACGGCACCGGGTAACCGT,17,760450
crpp3,0.18181818181818182,11,10,GCTGGCAGTGTATCACCAAG,1,779027
crpp3,1.8181818181818181,29,10,GCTGCTAAGGTGGACGGGGA,19,774022
crpp3,0.8181818181818182,18,10,GCTCCACCGTCAGTGGATGC,8,780295
crpp3,0.8181818181818182,18,10,GCGTTTGAAAGACTGGTAAG,8,789899
crpp3,9.545454545454545,114,10,GCGGGGCTCAGCGTTCCCTT,104,791029
crpp3,1.8181818181818181,29,10,GCGGAAGTATGGCTGGGGGA,19,760422
crpp3,1.2727272727272727,23,10,GCCTGGAGGGTATTCTTGGC,13,783981
crpp3,0.45454545454545453,14,10,GCCTCAAGCGGCCAAAAATT,4,776759
crpp3,1.2727272727272727,23,10,GCCCTATCGGGGTTGTAGGA,13,790342
crpp3,0.9090909090909091,19,10,GCCCTAATATGAGTGATGGG,9,775693
crpp3,1.2727272727272727,23,10,GCCAAAGTATCATTGTTAGT,13,785040
crpp3,2.5454545454545454,37,10,GCATGCTGGGACATACTCTG,27,778797
crpp3,0.8181818181818182,18,10,GCAAGATCCCAGCATAATTA,8,766594
crpp3,0.18181818181818182,11,10,GCAAACGTTCGAAGAACCGT,1,786579
crpp3,0.6363636363636364,16,10,GATTCCGAAATCATTGGTTA,6,761060
crpp3,1.7272727272727273,28,10,GATGTGTTGGTCGCAAGTAC,18,771541
crpp3,0.18181818181818182,11,10,GAGGTTTGTGGGGGTGTCAG,1,784564
crpp3,1.5454545454545454,26,10,GAGAACGGTAGGTTGTAGGT,16,788640
crpp3,1.5454545454545454,26,10,GACTCTGTTACCCAGAATTC,16,765509
crpp3,0.18181818181818182,11,10,GACCGCCCATCGTGGGAACG,1,769578
crpp3,0.9090909090909091,19,10,GACCCCTAAACGCTAGCTCA,9,773102
crpp3,0.6363636363636364,16,10,GAACTGCGATGTACACTCGA,6,769904
crpp3,0.7272727272727273,17,10,CTTTTCGGCTTAACCACCTA,7,783478
crpp3,1.1818181818181819,22,10,CTTGAGAAATCACCTCCCGT,12,785094
crpp3,1.0,20,10,CTTAAACGCGTCTCAAAGGT,10,771453
crpp3,1.1818181818181819,22,10,CTGGATCGCGTAACCCGCAT,12,778565
crpp3,0.18181818181818182,11,10,CTGAAGCCAAGGCAGACGCG,1,766421
crpp3,1.2727272727272727,23,10,CTCGAGGATTGAGTATAATT,13,760625
crpp3,0.45454545454545453,14,10,CTCATCGGAGAAGGCCTAAA,4,781698
crpp3,0.8181818181818182,18,10,CTATGACTTTACCCTTTTTG,8,762961
crpp3,0.7272727272727273,17,10,CTAGTTAGTCCACTCTTCTG,7,776679
crpp3,0.8181818181818182,18,10,CTAGTGCAACTAAAACTACA,8,766803
crpp3,0.36363636363636365,13,10,CTACCCGCCTTCGTGGAATG,3,790469
crpp3,2.090909090909091,32,10,CTACAATGTGGTCCTTTGGG,22,764460
crpp3,1.0,20,10,CGGTGTGCGCTGGTACAAGA,10,783265
crpp3,1.0909090909090908,21,10,CGGGTAGTCCGTAACAGTGT,11,758718
crpp3,1.1818181818181819,22,10,CGGGGTAACGTTAAGCTTGG,12,787327
crpp3,1.0,20,10,CGGGGAGCTGGTTTATTCGA,10,774476
crpp3,1.3636363636363635,24,10,CGGGATTTCTTGTAATAGAC,14,787310
crpp3,2.909090909090909,41,10,CGGCTTATTTGACCGTATAT,31,775912
crpp3,1.4545454545454546,25,10,CGGACAACTGTGTATTGAGG,15,789076
crpp3,2.5454545454545454,37,10,CGGAAAAGGTTAGTCTCGCA,27,787087
crpp3,2.272727272727273,34,10,CGCGTACTGAAGACAACATG,24,760168
crpp3,0.9090909090909091,19,10,CGCGGTTATGGCGCAATAAT,9,789387
crpp3,4.909090909090909,63,10,CGCCTCTCCGGTGCCAGGTG,53,785072
crpp3,1.0,20,10,CGCCCGTGAGTTGCGTTCCT,10,778682
crpp3,1.4545454545454546,25,10,CGCCCAGATTGATTTTCCTT,15,762728
crpp3,1.0909090909090908,21,10,CGCCAGGTCAACTTTAACAT,11,774725
crpp3,1.5454545454545454,26,10,CGCATCTTGAGCCATGTGCG,16,771090
crpp3,0.18181818181818182,11,10,CGCACCACTTAGGATTTTGT,1,774881
crpp3,0.8181818181818182,18,10,CGATTAGTGTCCTCACCTCT,8,763473
crpp3,0.2727272727272727,12,10,CGATATATATCGCCTGTCAA,2,786563
crpp3,1.0,20,10,CCTTTGATCGGCATTTGGAA,10,784995
crpp3,1.0909090909090908,21,10,CCTGCGGTGCATAGTAGGTG,11,769888
crpp3,1.1818181818181819,22,10,CCTATTTGGGCGGACCCGAT,12,758403
crpp3,1.8181818181818181,29,10,CCGCGCCATTACAAGCACTC,19,767294
crpp3,1.0,20,10,CCGATCGTTCCAAGAAGACG,10,778066
crpp3,3.4545454545454546,47,10,CCCGGTGGCGTGCTTGTTTA,37,769429
crpp3,0.6363636363636364,16,10,CCCGATAAGCTTCGGGGTAA,6,760212
crpp3,1.4545454545454546,25,10,CCCCCGGGTCCTTTCAAAGA,15,766317
crpp3,1.1818181818181819,22,10,CCCACCATCCGAAAGCCTCT,12,787801
crpp3,1.0,20,10,CCCAATCCACAATACACTAG,10,782882
crpp3,1.6363636363636365,27,10,CCAGGCCCGGCAGGCCCATC,17,766207
crpp3,1.6363636363636365,27,10,CATTCACGGTTTGCCGATCT,17,760251
crpp3,0.45454545454545453,14,10,CATGCAAATGTAAATTAGAT,4,777765
crpp3,1.2727272727272727,23,10,CATCGCGCGTGGACCGTCCA,13,781408
crpp3,1.7272727272727273,28,10,CAGGCAGACCCGCTTGCCGA,18,776979
crpp3,0.18181818181818182,11,10,CACTGAAGGCTCTTGGGAGC,1,779682
crpp3,1.6363636363636365,27,10,CAATAAATCCGCATAGAGCG,17,761174
crpp3,1.0,20,10,ATTTTCGGGAGAGGGTCGGT,10,780040
crpp3,1.0,20,10,ATTCTAAGATCAATCACGTC,10,768586
crpp3,0.7272727272727273,17,10,ATGTACGTTTTTGCCCCGGT,7,777915
crpp3,1.0909090909090908,21,10,ATGCGTACTTATTGTCCTCA,11,767971
crpp3,4.363636363636363,57,10,ATCTTGTACTTGGCTCTGCG,47,782793
crpp3,0.18181818181818182,11,10,ATCCTTTTCGAGACAATTAA,1,786764
crpp3,3.8181818181818183,51,10,ATCCTTACTTTTTAAACCCT,41,764876
crpp3,1.1818181818181819,22,10,ATATATGGGCTCGGAGTGTA,12,789272
crpp3,1.7272727272727273,28,10,ATATATACCGACAACGCAGA,18,785693
crpp3,1.3636363636363635,24,10,ATAGTGGCCCAGATATAAAA,14,787638
crpp3,1.0,20,10,ATACCGACTTGAGCGGTCTA,10,780135
crpp3,2.272727272727273,34,10,ATAAGCTCCAAGCAGAATTG,24,767995
crpp3,3.909090909090909,52,10,ATAACTCCCATCAGTCCGAC,42,763130
crpp3,2.5454545454545454,37,10,AGTGGGGCATCATGGAATAC,27,771766
crpp3,0.9090909090909091,19,10,AGTGACTTAGAATTCAAGCA,9,766345
crpp3,2.5454545454545454,37,10,AGTCACGGCAGTGGGCTCAA,27,774642
crpp3,1.8181818181818181,29,10,AGGTTGTAAGACACCTATGC,19,762720
crpp3,2.090909090909091,32,10,AGGTTAGATCGAATTCGCTT,22,784546
crpp3,3.727272727272727,50,10,AGGTGCGCCACAAGTTTTCC,40,785199
crpp3,3.4545454545454546,47,10,AGGTATCTAACATTATGTAG,37,777949
crpp3,1.7272727272727273,28,10,AGGGTGAGGGTTGTATCCAC,18,774125
crpp3,0.45454545454545453,14,10,AGGGTGAGAATGACGGTTAT,4,775694
crpp3,1.0,20,10,AGGGGGCTGGGTGACCGGAT,10,767339
crpp3,1.8181818181818181,29,10,AGCTTCTGGGAGGTTTGTCA,19,786640
crpp3,0.2727272727272727,12,10,AGCGGTCGAAACTGCCCTAT,2,764584
crpp3,1.2727272727272727,23,10,AGCCCTTCTGCGTCCTGCAT,13,772235
crpp3,0.36363636363636365,13,10,AGCATCTATTCAGCCCCGTG,3,773639
crpp3,4.363636363636363,57,10,ACTTGTTTGAACCGCCCAGT,47,765977
crpp3,23.818181818181817,271,10,ACTGGAAACCGTCATGTAGT,261,790878
crpp3,6.363636363636363,79,10,ACTCCAGTCAAAATATAAGA,69,790278
crpp3,0.36363636363636365,13,10,ACGTTTCCTTTGCCGGGCAT,3,768473
crpp3,0.6363636363636364,16,10,ACGTTCACCGTTCCAGCTCA,6,778761
crpp3,0.36363636363636365,13,10,ACGTGAAGGGTGGCGGCTTG,3,760903
crpp3,1.2727272727272727,23,10,ACGTCTTGATCATTGGAGTG,13,775613
crpp3,7.7272727272727275,94,10,ACGGCGAATACGCAGCAGTT,84,791291
crpp3,1.3636363636363635,24,10,ACGCGGTTTGGAGAGATCGA,14,765826
crpp3,1.3636363636363635,24,10,ACGATCGTTCTAAAATCTCG,14,778191
crpp3,0.9090909090909091,19,10,ACCTCAACTTGGTATGACAT,9,776698
crpp3,2.272727272727273,34,10,ACCTATGCCGGTTGTTATGC,24,790110
crpp3,1.6363636363636365,27,10,ACCATTCGCAGGGGACGTAT,17,789303
crpp3,1.2727272727272727,23,10,ACATTTTTGAACATGTTGCC,13,788763
crpp3,1.2727272727272727,23,10,ACAGCTTACTCGGTCCCTTG,13,787616
crpp3,0.36363636363636365,13,10,ACACTATTCTAACAATTGGG,3,776729
crpp3,0.8181818181818182,18,10,AATTTTCCACGCGATGCGTC,8,770504
crpp3,3.0,42,10,AATGGGCAAACGGCTCGGCT,32,760154
crpp3,1.0,20,10,AATCGGGTGAGATCAGGGAT,10,779475
crpp3,1.1818181818181819,22,10,AATCAGGACGGGTTTATCGT,12,772882
crpp3,0.2727272727272727,12,10,AAGTCCTCTATCGAAACTAC,2,785376
crpp3,1.0,20,10,AAGTATACAGCGACGACGAG,10,770823
crpp3,5.0,64,10,AAGTACGGAGCGGTGATCCT,54,764907
crpp3,1.1818181818181819,22,10,AAGTACAATATACACGCAAA,12,760849
crpp3,3.1818181818181817,44,10,AAGAGCCGACCTATCAACTT,34,787385
crpp3,1.5454545454545454,26,10,AAGACGTCACCTTTAAGGTC,16,790471
crpp3,1.3636363636363635,24,10,AACCGGGTGAGAGGATTCAC,14,766870
crpp3,0.9090909090909091,19,10,AACCAGCACGATTAGGTGTA,9,767734
crpp3,0.8181818181818182,18,10,AAATTTACATGCCCGAATCT,8,764918
crpp3,1.2727272727272727,23,10,AAAGTGACCAAGTGAATTGG,13,775005
crpp3,1.4545454545454546,25,10,AAACAGTATGGAACACGAAG,15,786400
crpp3,0.45454545454545453,14,10,AAAACAGTCCAGCTAAATGG,4,765833
crpp3,1.1,19,9,TTTTTTACCGTAAGTGGGAA,10,759917
crpp3,1.5,23,9,TTTCCCGCGGTATACAGTAG,14,761548
crpp3,1.0,18,9,TTTACTTACGCGTTGGCCAC,9,775544
crpp3,1.3,21,9,TTCGAACCGGAATAGGACCA,12,789940
crpp3,2.0,28,9,TTCCAATTACGCCTTTTTGA,19,778303
crpp3,0.9,17,9,TTATTACGTGTCTGTTTGTA,8,758898
crpp3,1.4,22,9,TTAGCTCTCCGTGCAACGTA,13,787337
crpp3,2.2,30,9,TTAAGCTAGACGGGGGCAAC,21,787291
crpp3,1.2,20,9,TGTTCTCGCGTTTCAGTTAA,11,787107
crpp3,2.0,28,9,TGTTCCCTTCAGCCGTTTTT,19,786057
crpp3,1.9,27,9,TGTCCCGTGTTTGCGATTAA,18,772487
crpp3,1.8,26,9,TGTCAATGCGCTTAATATCC,17,780366
crpp3,0.2,10,9,TGTAGCGACGAACGTCCAAG,1,772930
crpp3,0.6,14,9,TGGTTATTCACTAAAAGACG,5,769016
crpp3,0.5,13,9,TGGGGTCTCGCTCCAATCCG,4,766530
crpp3,0.5,13,9,TGGGGCTACCCGGGCCTCCG,4,761307
crpp3,1.6,24,9,TGGACAATTCGCCATATCCC,15,759998
crpp3,0.2,10,9,TGCTGGAACTTTGCTCATGG,1,760532
crpp3,2.2,30,9,TGATATAGCCATGAGCACCT,21,784071
crpp3,2.4,32,9,TGACTAAGTCGAATGATCTA,23,760084
crpp3,5.9,67,9,TCTTCGTACGAGTACAGTAC,58,781307
crpp3,0.8,16,9,TCTCCGTCACCAGATGTGCG,7,766967
crpp3,1.2,20,9,TCGGATACGTGTTCAACATA,11,784647
crpp3,1.2,20,9,TCGCGACACGCCACATATGA,11,759422
crpp3,0.9,17,9,TCGATACCTGCATTCTGCTA,8,786987
crpp3,2.4,32,9,TCCAGCCCGGTCCCGTTATA,23,761305
crpp3,1.0,18,9,TCCAGACACGTCGCGAATCC,9,783461
crpp3,1.8,26,9,TCAACGACCGCGAGGCGGTT,17,788426
crpp3,2.0,28,9,TATTTAAAGGCCTTGCAACA,19,775560
crpp3,0.9,17,9,TATCCGCTAAGCCCTATTGT,8,758581
crpp3,0.6,14,9,TAGCCCGACCACCCCGCGAG,5,779445
crpp3,2.0,28,9,TAGATGTCAATCGAACAGCA,19,785123
crpp3,1.2,20,9,TAGATATTCGGTGTTCGTAA,11,761412
crpp3,0.7,15,9,TACTTTAATGATTCCCCACA,6,762703
crpp3,1.6,24,9,TACTCATTAAGACTGACGGG,15,765978
crpp3,1.5,23,9,TACAGAGGACCCAGAGGTAA,14,778427
crpp3,1.0,18,9,TACAAAGAGAAACCTATCCC,9,765044
crpp3,0.6,14,9,TAATTGTCGAGCATCGCGAA,5,762999
crpp3,2.2,30,9,TAATCTCCATCTCCATTCAT,21,788073
crpp3,0.6,14,9,TAACTTATTACCAAGGTGTG,5,779550
crpp3,3.2,40,9,TAACGGGGAAAAATTTTTCC,31,783026
crpp3,1.3,21,9,TAACGATATGCCCGCTAATG,12,770865
crpp3,1.8,26,9,GTTTGTGAGGTTTATGAGTT,17,774692
crpp3,2.0,28,9,GTTGTAGCATGTTTCAGCCC,19,769039
crpp3,1.2,20,9,GTTGCGCAGCATACGCAATC,11,776174
crpp3,5.5,63,9,GTTGAGTTTTTGGCGGACTA,54,774630
crpp3,0.9,17,9,GTTCTCTCTTATACTGGAAT,8,770401
crpp3,1.7,25,9,GTTAAAGGATCCCCACCTCT,16,770620
crpp3,2.1,29,9,GTGAGTGATCGCGACCATTA,20,761329
crpp3,0.2,10,9,GTCGCCATTCACTATAATTC,1,761083
crpp3,1.5,23,9,GTATTAGCGAAGGTGCAATC,14,771883
crpp3,0.9,17,9,GTAAGGATGTGCTGGAATAA,8,788460
crpp3,1.1,19,9,GGTTAGATCATTACTTGTGT,10,789385
crpp3,1.7,25,9,GGTGTTCGGCCATGGCGGAT,16,782430
crpp3,0.2,10,9,GGTGTCTATCCGAAATCTGA,1,790177
crpp3,2.2,30,9,GGTCGGGCTAGCAAGGGGAC,21,775785
crpp3,1.6,24,9,GGGGCTCTACTCGGCTCGTA,15,783949
crpp3,1.8,26,9,GGCAATTCCTACGTGATTAC,17,773864
crpp3,0.5,13,9,GGATGTGCCGTGGACTGACG,4,786982
crpp3,0.2,10,9,GGACTTCAGGTGCTCATTCA,1,775899
crpp3,1.1,19,9,GGAATGCTCTAACGGAAGGC,10,780911
crpp3,0.2,10,9,GGAATCCAAAATATATTGCC,1,787091
crpp3,3.2,40,9,GGAACAAGTGTAGGGTAGCC,31,783324
crpp3,1.4,22,9,GCGGTATAATGCACTCCAGG,13,788427
crpp3,2.3,31,9,GCGGGAAACGAGATTTTTCT,22,772742
crpp3,0.7,15,9,GCGGAAGGAATAAGCATAAC,6,766760
crpp3,0.2,10,9,GCCGTCTCATCACAGGCCCT,1,779450
crpp3,1.0,18,9,GCCAACTTACGCCCGCTAGC,9,780046
crpp3,0.2,10,9,GCATTGACCATGATTGATCT,1,775617
crpp3,3.5,43,9,GCAGGGAACTACTTCAAAGG,34,759854
crpp3,1.2,20,9,GCAGAGTTCGGCTTTTTGCT,11,776551
crpp3,2.5,33,9,GCACCTTGCCAGTATTGTTC,24,781770
crpp3,1.5,23,9,GAGGTCATATGTGAGCGGCG,14,768465
crpp3,1.9,27,9,GAGCGCGATTGATAAGTAAG,18,770984
crpp3,1.7,25,9,GACTTGGTCTATTCTAAGAT,16,790341
crpp3,1.8,26,9,GACTAGGACGCCGTTCCAGC,17,785418
crpp3,1.5,23,9,GACGGATCACGTGGCATTTT,14,789853
crpp3,1.1,19,9,GACCTTTGTCCGATTAGGGG,10,768083
crpp3,0.7,15,9,GACCCGTGCATTATAGTAAC,6,764283
crpp3,1.3,21,9,GAATGTGTTACATGCGCCCC,12,769486
crpp3,1.5,23,9,GAAGATTTTCCGATAGTTCG,14,763738
crpp3,0.3,11,9,GAACCATATGGGTAGGACAC,2,771736
crpp3,4.3,51,9,CTTGACCGTGCGTGCGCAAT,42,764955
crpp3,1.6,24,9,CTTCCACCTTTCAAAATTTT,15,779360
crpp3,14.4,152,9,CTTAGTGCTTTCTCCTAGAG,143,775486
crpp3,0.7,15,9,CTCTGGGTAAGTCCGACTAT,6,761033
crpp3,1.1,19,9,CTCTCAGGCTTGGTGGTTGC,10,773760
crpp3,1.4,22,9,CTCGGGGGGAGGGTTTACTG,13,780465
crpp3,2.3,31,9,CTCCTGTACACGCCCTCCTT,22,771142
crpp3,2.9,37,9,CTATATAACCGGCGCTCTGG,28,777253
crpp3,1.2,20,9,CTAGTTAGGATTCAGCTTAG,11,770293
crpp3,0.7,15,9,CGTGTTACTGACACCGGGGA,6,783321
crpp3,0.3,11,9,CGTATTCCCCCTGTTAGTTA,2,773079
crpp3,1.6,24,9,CGGTCCGGCGAGGATGTAGG,15,784757
crpp3,0.9,17,9,CGGTAAGTGGTGCTCATTTT,8,763898
crpp3,2.3,31,9,CGGGCAACGCCACCCAGGCA,22,790508
crpp3,1.2,20,9,CGGACTGGTGCTGCTCTTCG,11,768054
crpp3,0.2,10,9,CGGAACGCTGGTGGTAATTC,1,771274
crpp3,4.7,55,9,CGCTTGCATGATAACGCCTT,46,781399
crpp3,1.5,23,9,CGCCCCCATCGAGGCGGGTC,14,769585
crpp3,4.8,56,9,CCTTAGGAAATTAAGTACCC,47,787677
crpp3,0.5,13,9,CCTGATGAGGTATCTTGCAA,4,768867
crpp3,2.3,31,9,CCGCCTCAGACATCTAGAAT,22,771457
crpp3,0.7,15,9,CCGAATGATGCGAAAAGGGG,6,770179
crpp3,1.3,21,9,CCCTATCCTTCTCTGACATA,12,768933
crpp3,1.5,23,9,CCCTACTCCCGGGGTTATCA,14,783090
crpp3,2.0,28,9,CCCCACAGCATTAAACGCAG,19,786426
crpp3,1.2,20,9,CCATGCCACGCTAAACTATA,11,759832
crpp3,0.7,15,9,CCAACGTCTCCCAAACGTTT,6,767404
crpp3,0.2,10,9,CCAACCGGGCATTGGGGTCT,1,758434
crpp3,0.4,12,9,CCAAATTGGTCTTAGGAAGT,3,777112
crpp3,1.5,23,9,CATTGCCCAGCCTGCGTGTC,14,774264
crpp3,1.6,24,9,CATGCGAACATGGACATCAT,15,758856
crpp3,3.8,46,9,CATCAATAACTTGTTGCGTA,37,780036
crpp3,2.0,28,9,CATATTCGACGCTCGTAAGG,19,767968
crpp3,0.5,13,9,CAGTCTGGAGCGACGGTCTG,4,786006
crpp3,1.4,22,9,CAGGTCCGGGGGCGCCAACA,13,783415
crpp3,0.5,13,9,CAGCGTACGATGGGTTGCAG,4,781281
crpp3,0.7,15,9,CAGAAATAACACTACACTTA,6,777685
crpp3,0.5,13,9,CACACCGTCTATCAGACCTA,4,787920
crpp3,0.3,11,9,CAAGACGGCGTATCGCCTAT,2,762192
crpp3,2.5,33,9,CAACCGTTATGCGGTGGCCG,24,761105
crpp3,0.4,12,9,CAACCCTAGCCTACTGGTGC,3,782447
crpp3,1.7,25,9,ATTTTCCGAGCTTTTTCACC,16,764751
crpp3,0.8,16,9,ATTGGCTCTAGCTTTTTAGC,7,767637
crpp3,2.1,29,9,ATTATATGTCCAGTGGCAAC,20,769333
crpp3,0.6,14,9,ATTAGGGTAAGCCATCTCCA,5,776696
crpp3,0.6,14,9,ATTACATGTAGGAACAAACC,5,780593
crpp3,2.0,28,9,ATGTTAGCGACATTTCCTAG,19,780192
crpp3,2.6,34,9,ATGGGCGTGTCCACATCGCT,25,784943
crpp3,7.9,87,9,ATGCTTGGGAGCGGCCGAGC,78,777260
crpp3,1.0,18,9,ATGCCCGGGGCACCTCCTTT,9,784678
crpp3,1.0,18,9,ATCATATTCTAGTCGGGTAT,9,764563
crpp3,2.7,35,9,ATATCGTGGGGCGAGCACGA,26,762043
crpp3,2.0,28,9,ATATCAGTATTGATGGGTAC,19,771095
crpp3,1.3,21,9,ATATCACAGGGGTACTGATT,12,787421
crpp3,1.2,20,9,ATATAGTTACCTTACCTTAT,11,766334
crpp3,2.1,29,9,AGGTGTGTAGTTGGGACCAG,20,788340
crpp3,0.5,13,9,AGGTGATACTCAGACGGTTC,4,771266
crpp3,3.7,45,9,AGGGGTCATCGGTGATGCGG,36,788716
crpp3,0.9,17,9,AGGGCGGACAATTAGGAGTC,8,783224
crpp3,2.0,28,9,AGGGCCTATCGAGTACCGAC,19,779345
crpp3,3.4,42,9,AGGCGAGCAAACATCTGACA,33,766144
crpp3,3.6,44,9,AGGATCACTATCATCGATGC,35,767035
crpp3,0.4,12,9,AGGAATTTAGAACTTGGCCT,3,776899
crpp3,2.1,29,9,AGCTTGATCCAACGAAATAC,20,773510
crpp3,1.2,20,9,AGCTCAGGGACTCACGACAT,11,768433
crpp3,1.1,19,9,AGATGATGACCATTCACGCG,10,778152
crpp3,1.1,19,9,AGAGATCACGCGTCTCGGTT,10,765902
crpp3,4.9,57,9,AGACAAGACTGCGCGCGAAA,48,791288
crpp3,2.1,29,9,AGAATTACTCTATCCGGCGA,20,777161
crpp3,2.3,31,9,AGAATAACGATCCATCTCCT,22,767206
crpp3,2.4,32,9,AGAAGGTCTAGGTAGGTGCA,23,772553
crpp3,0.5,13,9,AGAAGGCGTTATGACGGCGT,4,766744
crpp3,0.2,10,9,ACTTAGTGCCAATTATTGGT,1,784901
crpp3,0.3,11,9,ACTGGCGTGGGAATCCCACG,2,773318
crpp3,0.8,16,9,ACTCATTTCGCTCTAGGTCT,7,758831
crpp3,0.8,16,9,ACTACCGTTCTGTGATTTGG,7,765486
crpp3,1.2,20,9,ACGGTCAGCTGACAGTTATT,11,780916
crpp3,2.1,29,9,ACGGCTGTGGACGGTAGTAT,20,784479
crpp3,0.9,17,9,ACGATCTAATGTTTTCGTAC,8,770700
crpp3,3.4,42,9,ACCGAGGGATGCCCTGCGCA,33,763644
crpp3,0.6,14,9,ACCCTTGAGCCCCCCAAAGG,5,762514
crpp3,0.6,14,9,ACAGTCCGCCGACGCCAATA,5,760933
crpp3,0.2,10,9,ACACGGACGCACAGCGTCGC,1,791301
crpp3,3.5,43,9,ACACCATTCTCATGCGTAAA,34,782852
crpp3,1.2,20,9,ACAACCCGTCAATGCTCTGT,11,768495
crpp3,1.3,21,9,AATTACGGATTTCTCTTGTG,12,783477
crpp3,0.3,11,9,AATTAATCGACAAACCCCTG,2,776951
crpp3,6.2,70,9,AAGCCTCCAACTCGCGATGA,61,781497
crpp3,3.1,39,9,AAGCATGGAGATGGCTTTAC,30,759950
crpp3,1.4,22,9,AAGCAGGAGCCGATGTCGGG,13,773473
crpp3,1.9,27,9,AAGAGTAGCTAATCACGATC,18,762625
crpp3,0.6,14,9,AACGCGCTGGTTTAGTTCCC,5,782318
crpp3,1.6,24,9,AACCAGTCCTATGAGCGCTC,15,788623
crpp3,1.9,27,9,AAAGTCGTTCCTCTTCATCC,18,772034
crpp3,0.9,17,9,AAACTGACGTACATCCTCTA,8,769455
crpp3,1.1,19,9,AAACGCTGTTCGTGTTATAA,10,770734
crpp3,1.6,24,9,AAACACGTTCGTACGTCCAT,15,774890
crpp3,29.1,299,9,AAAAGCGAGAGCACCTATGC,290,789756
crpp3,1.0,16,8,TTTTTCTGGCTAGAGTGCCC,8,783494
crpp3,0.8888888888888888,15,8,TTTGTACAGGAAGTTTCACT,7,770059
crpp3,1.2222222222222223,18,8,TTTGCGAAAATATACCAGAA,10,770760
crpp3,0.6666666666666666,13,8,TTTAGGTCTCAGACGTCGTA,5,774761
crpp3,6.444444444444445,65,8,TTATGCACTAGCCCATGACT,57,773908
crpp3,2.2222222222222223,27,8,TTAAGAGATTAGCTGGTCGC,19,776226
crpp3,2.0,25,8,TGTTTAGCTTTTTAGTATAC,17,784299
crpp3,1.3333333333333333,19,8,TGTGACCGCAACCGGAAAGA,11,781510
crpp3,8.555555555555555,84,8,TGTCGTGCCAGCAATAGACT,76,761189
crpp3,2.111111111111111,26,8,TGTCGTAGATAGGTCACCAT,18,759195
crpp3,0.6666666666666666,13,8,TGTCATGTTTATCATTGCCT,5,773401
crpp3,0.2222222222222222,9,8,TGGATCTATGAGGTAGGTCA,1,791189
crpp3,15.88888888888889,150,8,TGCCTCATGTCCACGAAGAA,142,768727
crpp3,2.0,25,8,TGCCGGAAGGGCCTTCGGAT,17,773083
crpp3,3.111111111111111,35,8,TGCCACCTCGAAAATTAGCT,27,781971
crpp3,3.4444444444444446,38,8,TGATCTTTGGTATCTCTGCT,30,777060
crpp3,2.5555555555555554,30,8,TCTTTGAGAAATTGGAATTG,22,776519
crpp3,1.0,16,8,TCTTTACTACAACGCCGAAC,8,784645
crpp3,0.6666666666666666,13,8,TCTTGGGACGGAAACAAGTC,5,788562
crpp3,3.6666666666666665,40,8,TCTTCAACACTCAGGCTCTC,32,791113
crpp3,1.3333333333333333,19,8,TCTGCCCTCTTGATAGCCAT,11,785090
crpp3,0.2222222222222222,9,8,TCTCTAACCGTAGGAGTATA,1,772421
crpp3,1.8888888888888888,24,8,TCGTGCAACCCCTACTGATT,16,769389
crpp3,1.3333333333333333,19,8,TCCTTTCAGACGTATTTACT,11,761472
crpp3,1.2222222222222223,18,8,TCCTGCCCGCTGACTGTTGT,10,762588
crpp3,0.5555555555555556,12,8,TCCCAGTGCACAGGGCGCAA,4,771351
crpp3,0.3333333333333333,10,8,TCCATCGCGCGCGATGAAAT,2,780837
crpp3,1.3333333333333333,19,8,TCATTGGACATGAGTATCCC,11,787266
crpp3,0.8888888888888888,15,8,TCACTTAGATTACGTGTTAA,7,764710
crpp3,0.6666666666666666,13,8,TCACTGCAAACTAAATAAGC,5,790365
crpp3,1.2222222222222223,18,8,TCAAGACCAGCAATTACGCG,10,761145
crpp3,0.2222222222222222,9,8,TCAAAGGTACACTCCCCTTC,1,784444
crpp3,1.8888888888888888,24,8,TCAAAGGACTTTCGGTGCTC,16,778083
crpp3,0.7777777777777778,14,8,TATCTGGCAAGTTGCAGCCT,6,783153
crpp3,1.2222222222222223,18,8,TACTGCCCTAGGTCCTGACA,10,760930
crpp3,0.2222222222222222,9,8,TACCGGAAAGGCCCCTGGCA,1,765784
crpp3,3.4444444444444446,38,8,TAATGCAAATACTGGGGAAT,30,762568
crpp3,0.5555555555555556,12,8,TAAATCTTGCAAGGCAACCA,4,768267
crpp3,2.3333333333333335,28,8,GTTTAGGGAGCGATTGCCCG,20,765362
crpp3,1.1111111111111112,17,8,GTTCATGTGCTTTCAATTAC,9,783861
crpp3,1.4444444444444444,20,8,GTTATGACTCCATTAAACTC,12,770423
crpp3,0.3333333333333333,10,8,GTGTCCCACACAACTCGCAT,2,768187
crpp3,2.111111111111111,26,8,GTGCTCGACAGTCTACAGAT,18,778078
crpp3,2.2222222222222223,27,8,GTGCGGCAATCCGGCAAAAT,19,779736
crpp3,2.4444444444444446,29,8,GTGCGCGCCGAGATTTGTGA,21,788962
crpp3,1.0,16,8,GTATTTGCTCGCTCATTGCA,8,778814
crpp3,2.3333333333333335,28,8,GTATCGGAACAGTTGTATAT,20,778269
crpp3,0.2222222222222222,9,8,GTATCAACAAGCTCTATGGA,1,761012
crpp3,0.2222222222222222,9,8,GTATATTACTATTGTATAAT,1,782880
crpp3,0.6666666666666666,13,8,GTAGACGAGTAACGGTGTGT,5,772524
crpp3,0.2222222222222222,9,8,GTAGACATACGGGCATCGTT,1,775084
crpp3,1.3333333333333333,19,8,GGTTGTGAGTGGAGGGGGAA,11,760064
crpp3,2.0,25,8,GGTGTACTCGGGGTTGTAAG,17,766821
crpp3,0.6666666666666666,13,8,GGTGCTAAGTATGTTTTAGA,5,770625
crpp3,0.2222222222222222,9,8,GGTCTGGTCATACCAGGAGT,1,770021
crpp3,0.5555555555555556,12,8,GGTCACGCTCCGCCGTAAGT,4,763499
crpp3,3.0,34,8,GGTAAGTTCCGCTTAACATG,26,786273
crpp3,1.8888888888888888,24,8,GGGTTTGCCACGCGCGTAAC,16,766452
crpp3,1.2222222222222223,18,8,GGGGGGAACAGACGAGTTAC,10,760741
crpp3,3.0,34,8,GGGGATGAATAGGACCGATT,26,788986
crpp3,8.11111111111111,80,8,GGGCCGGTCATCATGTGCCC,72,782653
crpp3,0.8888888888888888,15,8,GGCCTCTCGTCGGGTCCGGA,7,790509
crpp3,2.7777777777777777,32,8,GGCCCCGGGCACGAGGCATT,24,763099
crpp3,0.5555555555555556,12,8,GGCATCGGTTCGTGATTATT,4,784206
crpp3,3.111111111111111,35,8,GGAGCGACGCATCTGACTAC,27,766160
crpp3,1.8888888888888888,24,8,GGAAAGTAGACTGTTTTGGC,16,781488
crpp3,2.5555555555555554,30,8,GCTGCTTAACACAATTTCTG,22,786531
crpp3,4.222222222222222,45,8,GCTGCGCCGGTGTGCCACCC,37,768104
crpp3,1.8888888888888888,24,8,GCTCTACTGTAAGCCTTCCC,16,769666
crpp3,1.4444444444444444,20,8,GCGTTATAAGAACGCTGCAT,12,773457
crpp3,0.8888888888888888,15,8,GCGGTTTGTATTTTGGGATC,7,779555
crpp3,2.4444444444444446,29,8,GCGGCTAAATAGGTCATGGA,21,778619
crpp3,1.1111111111111112,17,8,GCCGAAGATTTGAAAGAAAA,9,772519
crpp3,1.2222222222222223,18,8,GCATGTAGTGCCACGTCCGA,10,777071
crpp3,14.222222222222221,135,8,GCAGGAATTAGCGTCGTCGC,127,759144
crpp3,3.888888888888889,42,8,GATTAGAGCCACAGAAGGCT,34,776584
crpp3,0.3333333333333333,10,8,GATGTAGGTACGGATCTATT,2,785806
crpp3,0.5555555555555556,12,8,GAGAAAGTGGTCATGACACG,4,764391
crpp3,1.5555555555555556,21,8,GACTGACTCAGGCTGTTCTT,13,758990
crpp3,1.6666666666666667,22,8,GACTCCAAGTGCGAGGTTAT,14,772151
crpp3,0.2222222222222222,9,8,GACGTCTAAGTAGGGATAGT,1,766272
crpp3,1.3333333333333333,19,8,GACATAAGGTATAAGACTCA,11,773730
crpp3,1.1111111111111112,17,8,GAAGGTCGCAGTCATATGGA,9,781046
crpp3,1.4444444444444444,20,8,GAACCAGGCGCTTGGCAGTC,12,789746
crpp3,0.7777777777777778,14,8,GAACAAATCCATCCCGGTTG,6,775277
crpp3,1.1111111111111112,17,8,CTTGTACCGGATACCGGCTG,9,766571
crpp3,1.2222222222222223,18,8,CTTGCATTTCTATCGGTGAA,10,783152
crpp3,2.7777777777777777,32,8,CTTCTGCGCATAAAGCGATA,24,761038
crpp3,0.3333333333333333,10,8,CTGTTAGACCTTGGTTCGTA,2,784568
crpp3,2.888888888888889,33,8,CTGTCATTCCACCAGCGCTC,25,786170
crpp3,2.111111111111111,26,8,CTGGGCTGGGTTTGGCATTC,18,774962
crpp3,1.3333333333333333,19,8,CTGCTTCAAGCAAGGGCTGT,11,773418
crpp3,2.111111111111111,26,8,CTGCGGCCGTTGCGGGGGTA,18,761767
crpp3,1.0,16,8,CTCTGCGTTTAGTTACCAGT,8,764301
crpp3,1.3333333333333333,19,8,CTCTACAGACGAGCGCCATC,11,758742
crpp3,1.0,16,8,CTCGTATAACAAACTCCGTT,8,781751
crpp3,0.5555555555555556,12,8,CTCGCGATCCAATACACAAG,4,772910
crpp3,0.6666666666666666,13,8,CTCAGTTTGAATATAACAGA,5,769088
crpp3,5.0,52,8,CTCAGGGTATCGGAAAGGTA,44,782615
crpp3,2.0,25,8,CTACCAAGAAGGCGAATTAT,17,770850
crpp3,2.4444444444444446,29,8,CTAATAGGCCCGAGACAAGG,21,759097
crpp3,1.8888888888888888,24,8,CGTTTTACGTTTGTCACTAC,16,783060
crpp3,2.0,25,8,CGTTATTCGTCAGGTGTGCA,17,787648
crpp3,0.6666666666666666,13,8,CGTGAGCTTGGTACCTCCGT,5,780405
crpp3,1.7777777777777777,23,8,CGTGAAAGTGCGGTCCACTC,15,761182
crpp3,1.1111111111111112,17,8,CGGGATCCTTATCACCTTGT,9,789557
crpp3,2.888888888888889,33,8,CGGCGCGTTCATGACCATAA,25,785016
crpp3,1.0,16,8,CGGCCACCCGGGCGGATAAG,8,764720
crpp3,1.4444444444444444,20,8,CGGAGGAGACTATAAACTTG,12,759130
crpp3,1.1111111111111112,17,8,CGGAGCTTTATCAAAGAGCG,9,774363
crpp3,0.2222222222222222,9,8,CGCCGCGCAAATGTCGCAAC,1,774045
crpp3,0.5555555555555556,12,8,CGAAGTTGGTTAGCAATCAG,4,786040
crpp3,4.222222222222222,45,8,CCTGCGCGAGTGAAACTCGT,37,766330
crpp3,1.1111111111111112,17,8,CCTCGTGTGACTCTCGGGCT,9,772087
crpp3,1.0,16,8,CCTCGAACGATTCTGAGACT,8,782372
crpp3,1.4444444444444444,20,8,CCTAGTGTGCGGACCCCTCC,12,764652
crpp3,2.4444444444444446,29,8,CCGTTCTGTGAAAGACCGTT,21,780470
crpp3,4.111111111111111,44,8,CCGTTCCCTCGGGTTGCAGG,36,790853
crpp3,3.2222222222222223,36,8,CCGAGGATAGCGGCCTGCGA,28,767743
crpp3,2.3333333333333335,28,8,CCCATAAATGACCCGCTTAA,20,778586
crpp3,0.7777777777777778,14,8,CCATGTGTCCGGGTGTACCC,6,764438
crpp3,1.3333333333333333,19,8,CCACTAGATCGAGACACCCA,11,770375
crpp3,0.7777777777777778,14,8,CATTAGCGGACAGGTGTAGT,6,769503
crpp3,0.8888888888888888,15,8,CATGGGATTAGCGGTACGAG,7,781496
crpp3,1.3333333333333333,19,8,CATGCCTAATACTTCGAACT,11,759008
crpp3,3.0,34,8,CATCCTACCAGTGCCTCTTA,26,783264
crpp3,2.6666666666666665,31,8,CAGTGAGACTTAACTTTCGC,23,789878
crpp3,0.4444444444444444,11,8,CAGTAATGAGAGTAATGTTT,3,781279
crpp3,2.7777777777777777,32,8,CAGGATCTACTGGGGGTTGA,24,772346
crpp3,0.3333333333333333,10,8,CACTCGCAAGGTAGTCTTCG,2,779231
crpp3,1.8888888888888888,24,8,CACTACTCTGAAGCCAGCGG,16,759806
crpp3,0.7777777777777778,14,8,CACGGGTGAGCGAACTTATC,6,783719
crpp3,5.888888888888889,60,8,CACCATCACGATTTTTGACT,52,775083
crpp3,1.7777777777777777,23,8,CAAAAAAAACCGTAACAGGT,15,790581
crpp3,1.2222222222222223,18,8,ATTACGTTCGTGCTACGTTT,10,768783
crpp3,1.5555555555555556,21,8,ATGTTAGTCCCACTGCGGGA,13,775469
crpp3,1.0,16,8,ATGGGCTGTCTGTATAGTAG,8,764441
crpp3,1.8888888888888888,24,8,ATGCGGCGGCGTTAATTCTT,16,776223
crpp3,2.5555555555555554,30,8,ATCGTAAGCAACGGAGAGAC,22,782304
crpp3,2.7777777777777777,32,8,ATAGGTGGTCTGCCAGTGTA,24,783326
crpp3,2.0,25,8,ATACTTCAGGTATGATAGAC,17,759411
crpp3,2.5555555555555554,30,8,ATACTGAAGCATCTGGTACT,22,776064
crpp3,2.3333333333333335,28,8,ATAAGGGGTATTCGTAAACT,20,782104
crpp3,2.7777777777777777,32,8,AGTGATGGGCGTATGATGAT,24,779986
crpp3,1.3333333333333333,19,8,AGTCAAAAAGAGATTGTACG,11,775399
crpp3,1.7777777777777777,23,8,AGGGTCCGTCGTTCTACATC,15,781792
crpp3,0.8888888888888888,15,8,AGGGTAGGCGCTTATTCGTG,7,779845
crpp3,3.888888888888889,42,8,AGGCGGCGTACGGCCTTGCT,34,781641
crpp3,0.2222222222222222,9,8,AGGCCTGCACAGCATCTAGA,1,771673
crpp3,0.5555555555555556,12,8,AGCGACCTACTACAGTTATT,4,780336
crpp3,3.111111111111111,35,8,AGATTGCAAAGTATCACCCG,27,782112
crpp3,0.7777777777777778,14,8,AGATAAATTCTTAGGAAAAA,6,788221
crpp3,2.7777777777777777,32,8,AGAGTGTCCCTTGGATTCTC,24,758992
crpp3,1.1111111111111112,17,8,AGAGAACGTCTGGTCGAGGG,9,774726
crpp3,1.5555555555555556,21,8,AGAATGTTGCTTACTATTGG,13,788814
crpp3,4.222222222222222,45,8,AGAATCCTCATCCTTTTTAC,37,766193
crpp3,2.4444444444444446,29,8,ACTCCAGCGCTCTCGTCCCC,21,776602
crpp3,2.2222222222222223,27,8,ACTACACATGCACCGTGCTA,19,770068
crpp3,1.3333333333333333,19,8,ACGTTCAGGGTAACTACCAC,11,764755
crpp3,4.222222222222222,45,8,ACCTGAATTAGAGGTCGTCA,37,775902
crpp3,1.6666666666666667,22,8,ACCGCACTGCCGACTACGGT,14,787847
crpp3,1.5555555555555556,21,8,ACCCCGACCTACTACATGGG,13,786360
crpp3,1.5555555555555556,21,8,ACCATTTGGGACCTATGGCA,13,786853
crpp3,3.3333333333333335,37,8,AATCTAGACGTACTCCGTCT,29,790747
crpp3,1.3333333333333333,19,8,AATCGAAATAAAAGTTCTCT,11,764815
crpp3,0.8888888888888888,15,8,AAGGCGCTTAGGTTGATTCT,7,784578
crpp3,2.111111111111111,26,8,AACGTACTGGATGCAAAGCT,18,772992
crpp3,1.0,16,8,AACCTTGTCTAGTCACTTAT,8,776150
crpp3,5.444444444444445,56,8,AACCCTGTAGCTGTCCACCT,48,770455
crpp3,1.2222222222222223,18,8,AACATTCGTGAGTGGACGAG,10,761331
crpp3,4.777777777777778,50,8,AAACTAGCCCGATCCAACAT,42,766415
crpp3,3.111111111111111,35,8,AAAAGGCCGAGACTCAACAA,27,789814
crpp3,2.25,24,7,TTTAAATAGTTCCTGAACAA,17,760766
crpp3,0.625,11,7,TTGTTTGAATGTGATATATA,4,758694
crpp3,1.75,20,7,TTGTCAGGGAAAATTCCTTC,13,765900
crpp3,0.25,8,7,TTGGACCTAGCACTGCAGTA,1,775584
crpp3,2.75,28,7,TTGCTAAGAATTGTTAGTTA,21,764350
crpp3,5.875,53,7,TTGAGCCGAGCAAAACTCAT,46,787537
crpp3,0.625,11,7,TTCTGGGTCCACCTTGACGC,4,779523
crpp3,7.125,63,7,TTCAGGGTTACCCACGTGAG,56,763475
crpp3,0.25,8,7,TTCAGCGTGCACCGGGGCTG,1,777560
crpp3,0.375,9,7,TTAGCTAAGCTGGACAACCA,2,774755
crpp3,2.625,27,7,TGTATCGGTTATAATCATTT,20,786855
crpp3,1.5,18,7,TGTAGTGATTACATGTCCGC,11,780150
crpp3,1.875,21,7,TGGCTGAGATTTACGTCTGT,14,783263
crpp3,5.125,47,7,TGGATCCGACCCCCACTCTA,40,791173
crpp3,1.25,16,7,TGCTCGCAGTCTAACTTGTC,9,759083
crpp3,4.125,39,7,TGCCTTTCGAGTCTGGTTTT,32,789768
crpp3,0.25,8,7,TGATGCCTCACATATGCTTT,1,769604
crpp3,2.125,23,7,TGAGACCAGTCACTCTAAGT,16,785338
crpp3,1.125,15,7,TGAAGTGACGGGCGTGAAAA,8,790274
crpp3,0.5,10,7,TCTTTCCCATCTACGTGGAA,3,764741
crpp3,1.125,15,7,TCTCCCCGCACTACCGATCC,8,778015
crpp3,1.875,21,7,TCCTGTCCAGAGTTGTCAGG,14,786706
crpp3,0.375,9,7,TCCCGGTCGTCCGGATTAGC,2,761268
crpp3,0.25,8,7,TCAGACGCCCGATATAGCAG,1,787724
crpp3,1.375,17,7,TCACGCCTGATACTCGTGTA,10,767906
crpp3,0.5,10,7,TATTTAGAAGTTACATCTGC,3,783510
crpp3,0.25,8,7,TATGAACGAGTTAAATCCAA,1,772160
crpp3,3.125,31,7,TATCGTTTACTTACCGGGGT,24,760281
crpp3,3.625,35,7,TATCAGCCAGGCCCGATCGG,28,766616
crpp3,2.125,23,7,TATACCATACGGCCTAGATC,16,776225
crpp3,1.875,21,7,TAGATCCGACGGCCATGACT,14,758448
crpp3,2.375,25,7,TACTAACGCCGGACACGAAT,18,789901
crpp3,1.75,20,7,TACCGGGGGTATAGTTCCAA,13,777122
crpp3,1.0,14,7,TAATTTAATGGCCATAGTTA,7,766606
crpp3,3.0,30,7,TAACAAGGCGCGTACAACGA,23,779382
crpp3,2.875,29,7,GTTTGTTCGACTTTTCGGCC,22,788659
crpp3,1.875,21,7,GTTTGCTAGTGAACTACTAC,14,759336
crpp3,2.375,25,7,GTTGAAGGATTACACCCGGG,18,780925
crpp3,1.5,18,7,GTTCTAGTTCCCGGTCCACA,11,782409
crpp3,3.75,36,7,GTCTACAATGTTAGTACTTG,29,775025
crpp3,3.25,32,7,GTCGTTTAAAGCAATACCCT,25,763424
crpp3,1.75,20,7,GTCCGCGCAGGTCGGTGATA,13,783907
crpp3,2.625,27,7,GTATCATATCGCTTGGATAC,20,788481
crpp3,0.375,9,7,GTAGAGTGCTATATTGGGAT,2,762182
crpp3,4.375,41,7,GTAGAAGTTGTTTCCTTTCC,34,781260
crpp3,1.625,19,7,GGTGTATTAGAAAATGAAAT,12,764833
crpp3,0.25,8,7,GGGGTCTCGAGATAGCCTTG,1,783772
crpp3,2.375,25,7,GGGGGATGGTACATACACAC,18,766543
crpp3,2.25,24,7,GGGAGGATCCCGTATACCCA,17,766595
crpp3,1.125,15,7,GGATTTGGAGCGATATCCAA,8,778574
crpp3,1.25,16,7,GGACCGGGCGAGCACAGCGT,9,768464
crpp3,2.875,29,7,GCTGTAAACGCCCTCGGATT,22,790737
crpp3,0.625,11,7,GCGGCGAGAAGCTGCGGGCT,4,790191
crpp3,2.625,27,7,GCGCTCGCACTCCTGATAAG,20,775081
crpp3,0.25,8,7,GCGCGGAATCTCAGGTAGGG,1,771543
crpp3,2.125,23,7,GCCTTTCTAATTATTGGAAC,16,790321
crpp3,1.875,21,7,GCCGAGGGTCAAGCGGGGGA,14,790802
crpp3,4.0,38,7,GCCCGCATGAGTAGAGGCTA,31,762560
crpp3,0.75,12,7,GCCACGAAGCATCACAGCAT,5,771078
crpp3,1.25,16,7,GATGTGTCTGAGCCTCGGTC,9,780331
crpp3,0.625,11,7,GATGGTATTACGAGCTTTAG,4,761800
crpp3,1.75,20,7,GATCCCTCGGACGACAGAAG,13,786332
crpp3,0.875,13,7,GATATGAATTACCAGCGTCC,6,780811
crpp3,2.125,23,7,GAGTGCATAGTACACCCTGG,16,769196
crpp3,4.125,39,7,GAGCTCCAAGCTATGTCAGT,32,761179
crpp3,1.25,16,7,GAGCATCGACTTGAGAGGAA,9,789624
crpp3,0.375,9,7,GAGAGCTGTGTGCGTAGCCG,2,771046
crpp3,0.625,11,7,GAGAAAGAAATCCGCGGCGT,4,777406
crpp3,2.125,23,7,GACCCCAAAGGAATGTTATA,16,787314
crpp3,2.625,27,7,GAATGGAAAGGGTTGCGGTG,20,784256
crpp3,1.0,14,7,GAAAATTGTGTGACGCGCTA,7,786336
crpp3,2.0,22,7,CTTTGGGCAGGCGGACGATC,15,777881
crpp3,0.5,10,7,CTTATTTAGAGTGCGTCAGA,3,761089
crpp3,2.0,22,7,CTTATTATCGGGTAGGGATC,15,780743
crpp3,0.625,11,7,CTGTCCACGAGCTCCTTGGC,4,787330
crpp3,2.25,24,7,CTGGGACTGGTTAAGCCTAA,17,773098
crpp3,1.875,21,7,CTGACTGAGTATATCTATGA,14,786730
crpp3,1.25,16,7,CTGACACTGAAACGCAGCAT,9,780368
crpp3,0.625,11,7,CTCGTCGGGCGAGCTGACGC,4,767060
crpp3,0.25,8,7,CTCGGGTAGCCCCTCTTTGA,1,759875
crpp3,1.125,15,7,CTCGCTTGGGCTGTAAGGCG,8,766898
crpp3,1.875,21,7,CTATCCTAAACACGGTGGAG,14,778849
crpp3,0.375,9,7,CTATAATTTCTAGTTTCTAC,2,771235
crpp3,2.375,25,7,CGTGAGAAACATCGTTGAAA,18,784700
crpp3,1.375,17,7,CGGTCGGAACCCCGTAGGGC,10,758486
crpp3,1.75,20,7,CGGCATGCGTTAAATGTAGA,13,791174
crpp3,0.375,9,7,CGCTCAAGCGTCAACGCCCT,2,768272
crpp3,2.625,27,7,CGCCCTGTATGGGGGCAGCA,20,780041
crpp3,1.0,14,7,CGATGGCCTATCAAATGCCC,7,777452
crpp3,0.75,12,7,CCTTTTTATCAGGGAATTTA,5,770812
crpp3,2.25,24,7,CCTGTATTGAGCCCCTTGCA,17,790796
crpp3,0.5,10,7,CCTGCCCTGTCCATCTCGCT,3,774433
crpp3,2.0,22,7,CCTATCTTCCCGCGAACGTC,15,767737
crpp3,2.0,22,7,CCGGTGGCGGCCAAGGCAAC,15,782919
crpp3,2.125,23,7,CCGGACTTTAGTGATGTCTC,16,788013
crpp3,3.75,36,7,CCGCTGATGCAAGTAAGCAT,29,765256
crpp3,0.25,8,7,CCGCCTCATCCAGAACATAT,1,759382
crpp3,10.375,89,7,CCCGCTAATACCAATAACAA,82,784998
crpp3,3.875,37,7,CCCGCGTAATGCTGGTATAC,30,773370
crpp3,1.125,15,7,CCCCGCCCTGTCCGTCTTCG,8,772178
crpp3,1.75,20,7,CCCATGATATAGGCTGCCGC,13,772931
crpp3,1.25,16,7,CCATAAAGTTATCAATTAAG,9,771516
crpp3,0.25,8,7,CCACGCACTCAACTCGCGGG,1,765021
crpp3,1.25,16,7,CATGAACGGTGGTTCCAGAC,9,765916
crpp3,4.5,42,7,CATCCTGCTTATGATTTGAT,35,759675
crpp3,2.125,23,7,CATAACGACGATTGTTACGC,16,779831
crpp3,1.25,16,7,CAGTTTTGGCTGGCGTGGCT,9,774084
crpp3,1.5,18,7,CAGCTAGACCCTCCGCGCAT,11,790054
crpp3,0.375,9,7,ATTGTTTATTAAGTCCACGG,2,768924
crpp3,7.625,67,7,ATTGAATGGGAATGGTACCT,60,758611
crpp3,1.0,14,7,ATTCGGTACGATTCAAGTAG,7,786616
crpp3,0.875,13,7,ATGCCGTATCAAGTTGGTTG,6,766113
crpp3,1.125,15,7,ATGCACACAGGAACGAAATG,8,791114
crpp3,0.25,8,7,ATCGATCGATTCTCCCCAAG,1,774811
crpp3,0.875,13,7,ATCGAATTGACTCATTTGTA,6,761085
crpp3,3.25,32,7,ATCGAACGCCTTAGGCCCCA,25,761845
crpp3,2.875,29,7,ATCCGTCAGAAACAGCAGCA,22,759707
crpp3,0.25,8,7,ATCCAGCCCGATTGAGGTTA,1,761587
crpp3,0.625,11,7,AGTCCTCCAATAGAAGCAGC,4,789468
crpp3,0.25,8,7,AGGTCGTCCTTGGCCACATT,1,758406
crpp3,2.875,29,7,AGGCGGCTATGGGATTTGGT,22,776604
crpp3,1.125,15,7,AGGATGTTTTTTGTCCATAA,8,764293
crpp3,1.125,15,7,AGCGGAATTACTATCTGGCT,8,767174
crpp3,2.375,25,7,AGCATCGACACGTTTGTAGT,18,782449
crpp3,0.625,11,7,AGAGTTAGACGTTTACATCA,4,785593
crpp3,0.5,10,7,AGAGCAAACAAAGCGCACAA,3,786759
crpp3,1.625,19,7,AGACTGGCAAAATCCAATGT,12,776291
crpp3,4.0,38,7,ACTTCTAACGACTCTCCGTC,31,774632
crpp3,1.375,17,7,ACTTACAATGGTTTTGCCGG,10,781805
crpp3,2.75,28,7,ACTGTGCCTTATAGAAGTGC,21,782689
crpp3,1.0,14,7,ACTCCATGTTTGTATAGGTA,7,780200
crpp3,1.625,19,7,ACTAGAGCGGTATCCGAATT,12,780068
crpp3,3.125,31,7,ACGTTAGGGTCGAGCTCTAA,24,786269
crpp3,1.75,20,7,ACGTGTCGTAATCAATGTGG,13,772533
crpp3,2.375,25,7,ACGCCGGTACTTCTAAAAAG,18,785843
crpp3,0.5,10,7,ACGCCAAGGGCAATGTTTTT,3,772392
crpp3,5.75,52,7,ACACGATTGCAGCAAGTCCT,45,783828
crpp3,0.625,11,7,ACACACTTGATTGTCAATTG,4,787425
crpp3,1.0,14,7,AATCTTAGGCGACTTTCGGT,7,788152
crpp3,0.25,8,7,AATCATATACTGTTGATGTT,1,782734
crpp3,9.375,81,7,AATAGTAAAAAGTCAGAAAT,74,770395
crpp3,1.375,17,7,AAGTTCTACAAACAGTACAC,10,784950
crpp3,0.625,11,7,AAGGGGTTCTGTGAGGAGTC,4,777077
crpp3,0.375,9,7,AACTTAACGGGCACTTTTAT,2,758435
crpp3,1.875,21,7,AACATCACAGGGAAACCCAC,14,787059
crpp3,4.125,39,7,AAAGAACAGCCCTATCACGC,32,766030
crpp3,2.0,22,7,AAAAGATCTCGCAAGGGCAT,15,774943
crpp3,0.2857142857142857,7,6,TTTGTAGGTTTTAGTTTGTA,1,790571
crpp3,0.2857142857142857,7,6,TTGTTGATTAGGCACGAGGG,1,775725
crpp3,3.857142857142857,32,6,TTGTCTTGTCCCCTACACAT,26,785257
crpp3,0.2857142857142857,7,6,TTGGCCAGACCATTCCTCTG,1,778603
crpp3,1.2857142857142858,14,6,TTGCCCTATTTATGTTTTGT,8,784489
crpp3,1.8571428571428572,18,6,TTGCCACCACCATATTATAT,12,785853
crpp3,2.5714285714285716,23,6,TGTTATGTTGGCGTCGGCAG,17,788757
crpp3,1.1428571428571428,13,6,TGTCATGCCTCGATGCGAGC,7,771158
crpp3,0.42857142857142855,8,6,TGGGCGGGTCCGAGGAGTGT,2,784868
crpp3,1.5714285714285714,16,6,TGGGACATTCACTGGCCAAC,10,780330
crpp3,5.0,40,6,TGGACTTGTACACATGTGTG,34,763722
crpp3,2.5714285714285716,23,6,TGGACCGCTTTTAGCGGGAC,17,789402
crpp3,2.5714285714285716,23,6,TGCTCCCGCAATATGAGTTC,17,765688
crpp3,0.7142857142857143,10,6,TGCTACCAAACCTTCGTTAG,4,780230
crpp3,2.857142857142857,25,6,TGCAGCTGTCCTTCCTCTGT,19,779683
crpp3,1.1428571428571428,13,6,TGCACCTCGGGCGGTGCAAA,7,781137
crpp3,1.1428571428571428,13,6,TGCAATTGGGCCTTCCATTG,7,790283
crpp3,1.4285714285714286,15,6,TGATGAGTTTCTGAAAGCGG,9,781484
crpp3,1.4285714285714286,15,6,TGATACTCCGTCGCCAGGCG,9,783827
crpp3,0.5714285714285714,9,6,TGAGGTATGGAAGGATAGGC,3,759423
crpp3,2.7142857142857144,24,6,TGAGCCCAGAATAGCTCTGA,18,781629
crpp3,1.0,12,6,TCTTTACTTAGGTCTGTCTA,6,775147
crpp3,5.285714285714286,42,6,TCTGTGATATCATGCCGCTC,36,780466
crpp3,1.4285714285714286,15,6,TCTACAGAGATATCAATGCT,9,760289
crpp3,2.5714285714285716,23,6,TCGTCTAGTCCGATTCAACT,17,763739
crpp3,0.2857142857142857,7,6,TCGGCAGGTGCTGGCCTCCG,1,780841
crpp3,1.8571428571428572,18,6,TCGCAGATAGACTACAAAAA,12,775981
crpp3,0.7142857142857143,10,6,TCCCTCGGGTCATGGGACAA,4,783996
crpp3,1.4285714285714286,15,6,TCCATTTCATCACACCGAGC,9,777329
crpp3,4.285714285714286,35,6,TATCGGAAAACTGGCCGGTC,29,762734
crpp3,0.2857142857142857,7,6,TAGTGTATACGGCGGAAGTG,1,777283
crpp3,2.5714285714285716,23,6,TAGACCTGGAGCTACAGGAC,17,771308
crpp3,2.2857142857142856,21,6,TACTGTGCCCAACGTAATCA,15,787698
crpp3,3.142857142857143,27,6,TACGGGGTACTTAGGTGAGA,21,790699
crpp3,3.7142857142857144,31,6,TACCTTGGTTAAGTTGGAAC,25,782907
crpp3,1.4285714285714286,15,6,TACCTATTAGGTGTACAAGG,9,776187
crpp3,5.428571428571429,43,6,TAAGCACATAGCCTGGACCG,37,763639
crpp3,1.7142857142857142,17,6,GTTTCGCCCCTCCAACACCC,11,762460
crpp3,1.4285714285714286,15,6,GTTCTTCCGTGAACGAGGGG,9,781747
crpp3,1.1428571428571428,13,6,GTCTGTGTGGTAGCGTTATT,7,774270
crpp3,2.857142857142857,25,6,GTACGAGGCCTTCTCTGAAG,19,764826
crpp3,0.2857142857142857,7,6,GTACCGCGGGGCCGAGTTGG,1,777925
crpp3,1.8571428571428572,18,6,GTAAACCCGGTACGTTATTA,12,787381
crpp3,2.4285714285714284,22,6,GGTGGTGTCTTTTCTTTAAA,16,781066
crpp3,3.0,26,6,GGTGCGGAAATGTGACATGA,20,778698
crpp3,2.857142857142857,25,6,GGTATTTCTTTGAGGTCACC,19,772313
crpp3,3.5714285714285716,30,6,GGGTCATAGGCTGCGATCCA,24,784881
crpp3,0.7142857142857143,10,6,GGGTATCCTGCGCACGCTTC,4,783576
crpp3,0.7142857142857143,10,6,GGGGTAGGCGGGATGAGAAT,4,765253
crpp3,4.857142857142857,39,6,GGCGAGCCGACACGTGCAGA,33,764902
crpp3,8.857142857142858,67,6,GGCACACGATTAACATAAAA,61,780816
crpp3,0.8571428571428571,11,6,GGCAATCAACTCTTGGGGAT,5,783959
crpp3,0.8571428571428571,11,6,GGATTTTCCCTCAGTCGGTG,5,786545
crpp3,1.1428571428571428,13,6,GGATTATCCGATCAGAGAAT,7,785597
crpp3,5.571428571428571,44,6,GGAAAGTCACCGTGGATCCT,38,770893
crpp3,2.0,19,6,GCTTTCACCCCTAGCCGCGG,13,758691
crpp3,1.4285714285714286,15,6,GCTGCGTCAGAAGTTTTGTT,9,776413
crpp3,2.7142857142857144,24,6,GCGTCGCAATGCACTAGATA,18,778945
crpp3,3.7142857142857144,31,6,GCGTCAGCCGTGGGCGCACA,25,775838
crpp3,0.8571428571428571,11,6,GCGGCAGTCCACAATTGTCT,5,781597
crpp3,2.5714285714285716,23,6,GCGCTAGGAATAACATTCAG,17,780517
crpp3,17.428571428571427,127,6,GCGAGCTGCGTACCCACACG,121,759121
crpp3,2.4285714285714284,22,6,GCCTACCTTGGGGATCCATC,16,788515
crpp3,0.8571428571428571,11,6,GCCGCCACTTGTAGGTACGC,5,767461
crpp3,2.4285714285714284,22,6,GCCCACTTATGCGCGCGGCA,16,771259
crpp3,2.857142857142857,25,6,GCCACATAAGGCAAGTATCC,19,766806
crpp3,0.2857142857142857,7,6,GCCACACCGTCACGATCGGA,1,779990
crpp3,2.4285714285714284,22,6,GCCAACCGCGGTAGGAGCGT,16,764795
crpp3,1.8571428571428572,18,6,GCATAGGCACAACTGCCTGG,12,774232
crpp3,3.7142857142857144,31,6,GCAACATCGGGGAGTACCTA,25,772616
crpp3,1.1428571428571428,13,6,GCAAAATCTGGACTTTGAAT,7,780300
crpp3,4.0,33,6,GATGTGTTCCTAATAGTTCA,27,771066
crpp3,2.2857142857142856,21,6,GATGACCAGAGATGACAGCC,15,780960
crpp3,1.0,12,6,GATAGTTACCCGAGAACTCG,6,765369
crpp3,2.0,19,6,GAGCGTCACGCCACAGCTGT,13,764974
crpp3,2.857142857142857,25,6,GAGATCATCTTGTTTTGTCC,19,770688
crpp3,1.0,12,6,GACTTCCGTCCTGGACGTAA,6,787540
crpp3,4.142857142857143,34,6,GACATTTCCAACGTTAAACT,28,768987
crpp3,1.0,12,6,GACAGTATTGTCTAAATTAG,6,775472
crpp3,0.8571428571428571,11,6,GAATTTGTGACAGTCACGAT,5,789717
crpp3,1.1428571428571428,13,6,GAAGATGATTCGTAAGGTGA,7,758650
crpp3,0.7142857142857143,10,6,GAACCGCTATCACCAGTACG,4,768304
crpp3,0.2857142857142857,7,6,GAACAGCCGGTTCGTTTGTT,1,760041
crpp3,3.142857142857143,27,6,CTTGGGAGATGGACCGCACT,21,787676
crpp3,2.5714285714285716,23,6,CTTCGGCACCTAATCGCACC,17,765018
crpp3,2.2857142857142856,21,6,CTTCGCCCTGACTCACTGGC,15,781984
crpp3,1.0,12,6,CTTATGATCCGCAAGAAAAG,6,766512
crpp3,1.1428571428571428,13,6,CTGCATGCGCACAGCTTTGT,7,778621
crpp3,1.2857142857142858,14,6,CTCGGGCGCGATACTCTACT,8,766478
crpp3,1.0,12,6,CTACGGTATGTTTGAATCAA,6,785919
crpp3,1.0,12,6,CTACACAGCGCGCGAACTTG,6,775017
crpp3,2.142857142857143,20,6,CTAATGGGCAGTCCAGGACA,14,765684
crpp3,0.2857142857142857,7,6,CTAAGTACTAGATTCCCGGC,1,777039
crpp3,3.0,26,6,CGTGCTCGCTTAAGCCGGCG,20,766493
crpp3,2.142857142857143,20,6,CGTGCACTGTGAAACTGAAT,14,765301
crpp3,3.5714285714285716,30,6,CGTCACTATTGCAACCAAGC,24,791004
crpp3,2.5714285714285716,23,6,CGGTGGCACTTGTTTATGAG,17,786508
crpp3,1.4285714285714286,15,6,CGGTCAACTATGTGGCTAGT,9,775711
crpp3,3.4285714285714284,29,6,CGCGGACAAGTGAACCTTGT,23,758513
crpp3,7.142857142857143,55,6,CGCCCACATCCCTCTGCTCT,49,763641
crpp3,27.857142857142858,200,6,CGCACAGGCTAGCAGCTGAC,194,778189
crpp3,1.0,12,6,CGATCGCCTATCGTCCGAGC,6,770522
crpp3,2.5714285714285716,23,6,CGAGGTCTAAGGCGTTCCCG,17,769927
crpp3,0.8571428571428571,11,6,CGAGGACTTCTTCATGGTAG,5,762207
crpp3,1.8571428571428572,18,6,CCTTTGACGAGACTATTACT,12,766789
crpp3,7.285714285714286,56,6,CCTGATGAAAACTTAATGTC,50,787849
crpp3,1.2857142857142858,14,6,CCTACGACAACGTCCTGTAT,8,781800
crpp3,3.5714285714285716,30,6,CCGCCTAATAGGCAAAAGAG,24,777150
crpp3,0.5714285714285714,9,6,CCCCCCAAGTCATTGCCTGG,3,790264
crpp3,2.5714285714285716,23,6,CCCATTAATCCTCGACGATT,17,781376
crpp3,3.0,26,6,CCAGGCAATTGGCCGCCGAT,20,766879
crpp3,0.2857142857142857,7,6,CCACTGAAATGTTCGGAGCA,1,780595
crpp3,2.2857142857142856,21,6,CATTGTTAAAATCGTTTGTT,15,785414
crpp3,6.428571428571429,50,6,CATTACCGCGCCGCCGGGAA,44,766032
crpp3,0.8571428571428571,11,6,CATACGCTCACCCCACGGCG,5,774521
crpp3,1.1428571428571428,13,6,CAGCCTAAGCTGGGGACCTT,7,786503
crpp3,2.7142857142857144,24,6,CAGATGAGCTTGCTACGAAT,18,783377
crpp3,0.8571428571428571,11,6,CACTACTCAGGAATGCCCGG,5,789296
crpp3,1.4285714285714286,15,6,CAATTTGTCTTCTCAACGGT,9,775695
crpp3,2.2857142857142856,21,6,ATTGTAAGCCGGGTTCCTAC,15,783969
crpp3,0.2857142857142857,7,6,ATTGGCGACGCAACAACTGA,1,789134
crpp3,0.42857142857142855,8,6,ATTCCTAATCGGGGCGCGGT,2,764979
crpp3,0.8571428571428571,11,6,ATGTTAGGGTTCTGTTACAG,5,767679
crpp3,2.7142857142857144,24,6,ATGGCAATCGTTGCCGCTTA,18,759796
crpp3,0.2857142857142857,7,6,ATGCTGCGGGGACCGTCACG,1,765643
crpp3,1.7142857142857142,17,6,ATGCCGCGCGGGATTGCGAA,11,774539
crpp3,12.714285714285714,94,6,ATGAGTTAAATCGAGAGACC,88,766404
crpp3,2.142857142857143,20,6,ATGAAATTATGCCCGGCAGA,14,766930
crpp3,2.857142857142857,25,6,ATCTGGAGGGCACTCAACGT,19,783972
crpp3,1.5714285714285714,16,6,ATCCAGGATCTCCACCGCTT,10,766285
crpp3,6.571428571428571,51,6,ATCACCGCTTTCGACGGCTA,45,773304
crpp3,1.2857142857142858,14,6,ATATCCGAGCTTAGCGAGAC,8,771658
crpp3,2.7142857142857144,24,6,ATATCCAAGTAGCCTACCGG,18,786264
crpp3,1.1428571428571428,13,6,AGTTTAGACCCATCGCATCC,7,772057
crpp3,1.5714285714285714,16,6,AGTTGGATCCGCTAAGGCGC,10,776431
crpp3,0.2857142857142857,7,6,AGTTCCGGCGTCCCGCCGAT,1,775731
crpp3,5.571428571428571,44,6,AGTCGCTGACACTTCGTCCA,38,785533
crpp3,1.7142857142857142,17,6,AGTCATTCAGAACGGGGGAG,11,759881
crpp3,2.4285714285714284,22,6,AGTAGAAGGTCAACGCAGAC,16,775983
crpp3,2.4285714285714284,22,6,AGGCCCATGTGTAGTCAAAT,16,760302
crpp3,1.7142857142857142,17,6,AGCTCATATACTCGTAATCA,11,779368
crpp3,0.8571428571428571,11,6,AGCCGGCTGGATCTCAATAG,5,781665
crpp3,4.714285714285714,38,6,AGCAGGTCGCCGTTCAGTGC,32,773196
crpp3,0.2857142857142857,7,6,AGAGCCGTATCAGGCCGCCG,1,779917
crpp3,1.8571428571428572,18,6,AGACTTACGAGCGGGCGAAC,12,777854
crpp3,0.8571428571428571,11,6,ACTTCGAGAGGCTACCGGTG,5,786105
crpp3,0.2857142857142857,7,6,ACTTATGATGCCCCGCCGTT,1,769947
crpp3,0.8571428571428571,11,6,ACTCGCATTAATACCGGGTC,5,773194
crpp3,0.8571428571428571,11,6,ACTCAAATGGTCGAACTCTG,5,766136
crpp3,4.571428571428571,37,6,ACTATCGAATTTACCAGAAA,31,759634
crpp3,1.1428571428571428,13,6,ACGTCTCTCATGCTTACATT,7,780653
crpp3,0.42857142857142855,8,6,ACGCCGTGCAATCCTTCGCG,2,784826
crpp3,9.0,68,6,ACCCGACCGTCCCACTTCTT,62,786788
crpp3,0.2857142857142857,7,6,ACCACGTAATTTGTCGTGTA,1,764691
crpp3,0.7142857142857143,10,6,ACAGCCAGTCCCCAGAGAGC,4,788717
crpp3,4.142857142857143,34,6,ACAAACTCACCGTTCAAGAC,28,771884
crpp3,2.857142857142857,25,6,AATTAATGTCCTCGATAGTC,19,774720
crpp3,6.571428571428571,51,6,AATCTTGATCAGGGTGTAAC,45,790281
crpp3,0.42857142857142855,8,6,AATCCGCGGCTAGTAACGAA,2,774545
crpp3,1.8571428571428572,18,6,AAGTCAAACGACGCAAACGA,12,780767
crpp3,0.5714285714285714,9,6,AACTCCCAGCTCTCACGCTT,3,781513
crpp3,2.7142857142857144,24,6,AAATCGTTATACTGGATCTG,18,780833
crpp3,2.0,16,5,TTTTCTTCGTGCCACCATAG,11,766498
crpp3,2.5,19,5,TTTTCTTCCCGATGGCTCGG,14,765391
crpp3,3.3333333333333335,24,5,TTTATGTCTACAGTCAAATC,19,776051
crpp3,1.8333333333333333,15,5,TTGGCTATACTCGTGAACGT,10,764279
crpp3,3.6666666666666665,26,5,TTGGATTTATATCCACTAAG,21,770092
crpp3,2.1666666666666665,17,5,TGTTTCATCCTTAAGCCTTT,12,776142
crpp3,4.166666666666667,29,5,TGTAGTTAACGGCCCCGTCA,24,786592
crpp3,1.1666666666666667,11,5,TGCTTCTGGAGTGTTCCAAC,6,766830
crpp3,2.8333333333333335,21,5,TGCTATCGGTTTGGCACAAG,16,779495
crpp3,1.8333333333333333,15,5,TGCGGCAGGGTAAATAGGTA,10,774806
crpp3,3.8333333333333335,27,5,TGCGCCACTCTGACAGTTGT,22,761271
crpp3,1.5,13,5,TGCATACGGCCCGAGTTACT,8,777487
crpp3,1.0,10,5,TGACGCGGGCTTGGTCCTAT,5,787218
crpp3,2.5,19,5,TCTGTTTCGGACGCGCTCCA,14,758634
crpp3,5.0,34,5,TCTGGAAGATCTCCGTCAGA,29,776230
crpp3,2.1666666666666665,17,5,TCTCCATCTTAGAGGCACTG,12,762761
crpp3,0.3333333333333333,6,5,TCGGATAATCTGTGCACGTT,1,791043
crpp3,1.6666666666666667,14,5,TCGCTTCTCCCGCGGCGCTT,9,781263
crpp3,6.333333333333333,42,5,TCGCCATCTGCTGACTGGGT,37,774248
crpp3,0.6666666666666666,8,5,TCCTACGGGGGGGCCCGACA,3,763716
crpp3,2.0,16,5,TCCGTGGACGAACAATAGAA,11,767129
crpp3,2.3333333333333335,18,5,TCCACGCACTCTATGTATTC,13,765663
crpp3,1.6666666666666667,14,5,TCATAACAGGACGGGAACTA,9,789792
crpp3,2.0,16,5,TATGCCTATTGTAAAGCTTA,11,780407
crpp3,3.3333333333333335,24,5,TAGAGCACGTTGTTGATTTG,19,775240
crpp3,2.8333333333333335,21,5,TAATAGAGGCAAAACTGGAA,16,790452
crpp3,2.1666666666666665,17,5,TAAGCAGGAGTCCCGGGGAA,12,774633
crpp3,12.666666666666666,80,5,TAAACGCTTTGTTCGAAGTA,75,790733
crpp3,2.5,19,5,TAAAATAGCCGTCCATAATC,14,763847
crpp3,0.3333333333333333,6,5,GTTGCGTGGCGATATTAGTC,1,778974
crpp3,1.6666666666666667,14,5,GTTGCCAGGGATTAAAAACT,9,769837
crpp3,1.0,10,5,GTCGTAAGAGGTACACGCTC,5,790594
crpp3,4.166666666666667,29,5,GTATAAACGAACACTCTCCT,24,774364
crpp3,1.8333333333333333,15,5,GTACCTTGGCCAGGGGTGCA,10,759949
crpp3,2.6666666666666665,20,5,GTAAACGGATTGCCGTCCCT,15,767043
crpp3,1.0,10,5,GGTTGATCCGCCGGTACGGA,5,768325
crpp3,1.6666666666666667,14,5,GGTTCAGGGATGACCAACTA,9,779799
crpp3,0.6666666666666666,8,5,GGTGCCAGGTATATGGGTAT,3,767863
crpp3,4.0,28,5,GGTCGTCGGATTCAGGGTAG,23,782442
crpp3,4.333333333333333,30,5,GGTATTCATGCCTTCTTTAT,25,782787
crpp3,0.5,7,5,GGGGCAGGGCCTGTAGTGCT,2,763963
crpp3,0.8333333333333334,9,5,GGCGACCCTGTTATGAGATT,4,778625
crpp3,1.8333333333333333,15,5,GGCCTCGTTTGAGAGTTGAA,10,790351
crpp3,0.3333333333333333,6,5,GGCCCCAACCATCGTCCTGC,1,778970
crpp3,0.3333333333333333,6,5,GGCACTCACTCGGGCCACAG,1,784153
crpp3,2.6666666666666665,20,5,GGCAAAAGAACTCCTCTGCG,15,760815
crpp3,2.3333333333333335,18,5,GGATAAAAACGGGGACTGCA,13,773301
crpp3,2.0,16,5,GGAGCCTTTTTTTCCCACCT,11,758877
crpp3,2.0,16,5,GGAGATTAAGATGCTCACAC,11,785786
crpp3,0.8333333333333334,9,5,GGAAACAGCGTTTAGGCTAG,4,761371
crpp3,3.1666666666666665,23,5,GCTAGCAGAGCGAGCGACGA,18,770786
crpp3,6.333333333333333,42,5,GCGTATTCATAGTACGTTGG,37,764946
crpp3,0.6666666666666666,8,5,GCGAGTTCCCTGTGGCTTTG,3,760667
crpp3,0.6666666666666666,8,5,GCCGCTAACTACAGCTTCAA,3,774261
crpp3,0.3333333333333333,6,5,GCCGCACAGATGTTGAATTA,1,787488
crpp3,2.5,19,5,GCCCCATACTACAACCGTGT,14,769185
crpp3,2.5,19,5,GCCACGTACACAACATGCGC,14,786595
crpp3,1.6666666666666667,14,5,GCAGGGCATTGTGGACGACA,9,777549
crpp3,1.6666666666666667,14,5,GCAGAAGAGTTGTTGTGGAT,9,777538
crpp3,1.8333333333333333,15,5,GCACTGCAGCCTCGCATCGT,10,767647
crpp3,0.6666666666666666,8,5,GCACTCCTCATTTTCACAAA,3,759984
crpp3,1.3333333333333333,12,5,GCACGGACTTTTCACTAGGC,7,760419
crpp3,3.1666666666666665,23,5,GCACCATGTCTACAACCCTG,18,761604
crpp3,3.1666666666666665,23,5,GATTGTACATAATTTTGAAT,18,789572
crpp3,2.5,19,5,GATCGAGACGGTAGCACATG,14,773682
crpp3,1.3333333333333333,12,5,GATCATTGAAACTGTATTCT,7,778101
crpp3,0.8333333333333334,9,5,GAGCCTCTATCTGTAAGCCT,4,772432
crpp3,2.0,16,5,GAGAGCTGATTATTAAAGCT,11,764094
crpp3,4.5,31,5,GACTTGCGGCGTAAAGTAGT,26,771016
crpp3,15.833333333333334,99,5,GAAGTTAATTAGTGCAACGG,94,790868
crpp3,3.0,22,5,GAAGGGGAAGGGTGGAAGTA,17,761746
crpp3,2.8333333333333335,21,5,GAACTTTGTCAGCGGTACTT,16,777187
crpp3,3.1666666666666665,23,5,GAACCAGTGCCTTCGAACTT,18,777292
crpp3,0.6666666666666666,8,5,GAACCAAGATAAGCTCGTTG,3,763933
crpp3,0.5,7,5,GAACAGTTTCGGGGACTGCA,2,762233
crpp3,1.6666666666666667,14,5,GAAATGGCGGTCATAATCCT,9,783242
crpp3,3.3333333333333335,24,5,GAAATCCGCTCCAGGGCGTA,19,767066
crpp3,1.5,13,5,CTTTCGGTCGCTGCCGTGAC,8,783689
crpp3,0.3333333333333333,6,5,CTTTATAAACATCGCGGAAT,1,766525
crpp3,1.8333333333333333,15,5,CTTCTAGCCGAGACATCTAA,10,782320
crpp3,0.5,7,5,CTGTGAAGTGACCAGCCTGG,2,776168
crpp3,6.0,40,5,CTGCATTCAGAGCGACGGCA,35,770381
crpp3,2.8333333333333335,21,5,CTGACAATGGCTAAGGCTAC,16,785852
crpp3,2.3333333333333335,18,5,CTCTTTCTCCGTAGCCCAGG,13,766036
crpp3,3.8333333333333335,27,5,CTCATCGCAGCCGTAGCCGA,22,779994
crpp3,1.5,13,5,CTCAAATGACCTCCACCTGT,8,776694
crpp3,4.0,28,5,CTATATTATATGAACGGGTA,23,782322
crpp3,2.6666666666666665,20,5,CTACAATGAATCCCCTAGCT,15,788104
crpp3,2.3333333333333335,18,5,CGTTGGCTTTGAGATATTAC,13,774994
crpp3,2.0,16,5,CGTACTTTTGGGTCTGACCC,11,763206
crpp3,2.5,19,5,CGGTTTCCCAGTCCAATTCC,14,772310
crpp3,2.6666666666666665,20,5,CGGTGGCTCGTACCTATTCG,15,778656
crpp3,2.3333333333333335,18,5,CGGGTATCTTCAACAAGGTT,13,790219
crpp3,0.8333333333333334,9,5,CGGGAATCATAGCTTAGGAA,4,784801
crpp3,1.0,10,5,CGGAGTACTCTGTGCCTAGG,5,787553
crpp3,3.0,22,5,CGGACCGTTACTTGCTTCCT,17,768275
crpp3,1.3333333333333333,12,5,CGCGTCGTGGGGGGAAGTTT,7,779324
crpp3,4.166666666666667,29,5,CGCGGAATTACAGTTAAGTC,24,784549
crpp3,1.1666666666666667,11,5,CGACAGCGATTGTCGTATGC,6,759280
crpp3,2.5,19,5,CGAATGGCCAGACGGGACCA,14,789266
crpp3,0.6666666666666666,8,5,CCTCCCTCTCATTAGTTTAC,3,779024
crpp3,5.0,34,5,CCGTGGGCTTGATACAGCCT,29,773081
crpp3,1.5,13,5,CCGTGCCCATTTATGCATTT,8,788276
crpp3,1.3333333333333333,12,5,CCGCTCCGTTTTATCAGCTG,7,760823
crpp3,0.8333333333333334,9,5,CCCTCAAGAACCCATTCCTC,4,788513
crpp3,1.0,10,5,CCCGCTCGCGTCGGGGGGCT,5,761127
crpp3,0.3333333333333333,6,5,CCCAGCACCTGCCCTGCTCG,1,765026
crpp3,4.5,31,5,CCATGCATCTCGATGGTGGC,26,786747
crpp3,1.6666666666666667,14,5,CCAGCTTGATGAGGAAAAAA,9,758473
crpp3,8.0,52,5,CATGTGCGAAATCTGTGCGT,47,765524
crpp3,1.6666666666666667,14,5,CATGTATAAAGTGTCTCTTC,9,782796
crpp3,2.3333333333333335,18,5,CATCGAACGGCAATCTCACA,13,766519
crpp3,2.3333333333333335,18,5,CATAGGCGCGGGCTTTTACG,13,774137
crpp3,2.3333333333333335,18,5,CAGGCCTAAGTATGCAAAGT,13,775082
crpp3,0.3333333333333333,6,5,CAGCGTCTGAGATACTTGTG,1,775903
crpp3,2.0,16,5,CAGCCCAGCCCTCCTCCCCA,11,769332
crpp3,2.6666666666666665,20,5,CAGAGGTAGCTGGATGAAGG,15,782400
crpp3,2.8333333333333335,21,5,CAGAACGTCTAGGGATCACT,16,787947
crpp3,1.1666666666666667,11,5,CAGAACCCTCCAGAAAACCA,6,758543
crpp3,3.5,25,5,CACTGGTCCTAAAGCCTGAT,20,788129
crpp3,1.8333333333333333,15,5,CACGGACTGTGGGTCGGATC,10,779866
crpp3,2.8333333333333335,21,5,CACGAGGGACAGTTCGCTGT,16,784555
crpp3,4.0,28,5,CAATTCCCCACGCGAAAAAG,23,787559
crpp3,1.8333333333333333,15,5,CAACAATCCATGCCGCCACA,10,760207
crpp3,0.6666666666666666,8,5,ATTTGGCCCCCAGTGTCCTA,3,763392
crpp3,2.0,16,5,ATTCGCGGCGCAATGACAGT,11,789826
crpp3,2.6666666666666665,20,5,ATGTCGCCTGGCGACATATG,15,765480
crpp3,6.666666666666667,44,5,ATGCACTGGCCTATGAGTTG,39,758475
crpp3,1.5,13,5,ATCGGTCCTCTTAAGCGAGC,8,777428
crpp3,0.3333333333333333,6,5,ATCATTTCTGCCTGTGGTGA,1,790966
crpp3,1.5,13,5,ATAGCTTGCGCCATCACATA,8,762302
crpp3,4.166666666666667,29,5,AGTTGGGCAACTAAGTTATC,24,759419
crpp3,3.3333333333333335,24,5,AGTGCCGACTGATGCCCCTG,19,760186
crpp3,3.5,25,5,AGTCACGACGACAAAAGACT,20,780562
crpp3,3.3333333333333335,24,5,AGTATGTTAAGCACAAATAG,19,780899
crpp3,3.5,25,5,AGTATACATTGGACAATAAA,20,788730
crpp3,0.3333333333333333,6,5,AGTACCCCTAACAATAGCCC,1,761283
crpp3,1.6666666666666667,14,5,AGGTATTCTTCGACGTAAAA,9,758821
crpp3,2.3333333333333335,18,5,AGGCGTGCACCAGAATTCAT,13,760641
crpp3,1.0,10,5,AGGCATTGATGCAAAATCCA,5,764646
crpp3,2.3333333333333335,18,5,AGGCACACGACTAACAGTGG,13,763656
crpp3,1.3333333333333333,12,5,AGCGCTTTATAGCGCTCAAT,7,787150
crpp3,1.0,10,5,AGCCGGAGAAAACCGTCGAA,5,769170
crpp3,2.0,16,5,AGACCGGGCATGGCTGATGC,11,790311
crpp3,0.8333333333333334,9,5,ACTTATGGACAAAAAGCTGA,4,784877
crpp3,2.6666666666666665,20,5,ACTGCCAGACTCTTGACGCA,15,783767
crpp3,5.166666666666667,35,5,ACTGAATAACTGATGGTTAG,30,789126
crpp3,1.1666666666666667,11,5,ACTCACAGGCATTTGCATCG,6,777241
crpp3,3.5,25,5,ACGTCGGGGAACTGCGGACT,20,785129
crpp3,2.3333333333333335,18,5,ACGGGAACGAGCCTCTGTAC,13,765252
crpp3,1.5,13,5,ACGGCTGTTATGGGAAGGTT,8,784562
crpp3,3.8333333333333335,27,5,ACCCATGCCCCAAGGGCATA,22,782053
crpp3,0.3333333333333333,6,5,ACCACGAAGCTATGGCCTAG,1,788376
crpp3,1.6666666666666667,14,5,ACACCGATGGGTATTCTTTT,9,763620
crpp3,1.3333333333333333,12,5,AATGAGCGTTTTTACTCAAC,7,763287
crpp3,5.833333333333333,39,5,AAGCACGGCAAAGCATAGGT,34,790475
crpp3,0.8333333333333334,9,5,AAGATGTCGGTTCTGACGTC,4,761097
crpp3,2.8333333333333335,21,5,AAGAGCACGATAGGATTTCC,16,783323
crpp3,2.3333333333333335,18,5,AACTTTCCAGAACCCTTGAT,13,764562
crpp3,1.5,13,5,AACTGTATCTGGTCGTGGGA,8,785967
crpp3,2.0,16,5,AACTAGCCACTACTGGGGAT,11,768887
crpp3,9.0,58,5,AACGGGACGATCAGTTACTA,53,781088
crpp3,2.5,19,5,AACCGTATTGCTCCTACTTC,14,780209
crpp3,1.3333333333333333,12,5,AACCACACCGTAACACTTAG,7,773106
crpp3,0.8333333333333334,9,5,AAATGCCTGCTAGCTTCCCT,4,768629
crpp3,2.6666666666666665,20,5,AAATGATCTCTCCAGTGATC,15,765385
crpp3,4.5,31,5,AAACCATACAACACTGGGAA,26,783504
crpp3,0.3333333333333333,6,5,AAAATTTCGGCATTCCGGAT,1,783065
crpp3,3.6,21,4,TTTTCACTTGCGGCTAGGGA,17,765649
crpp3,0.6,6,4,TTTTATTTAGCTTTGCCCTC,2,760138
crpp3,1.6,11,4,TTTGCTAACCACAACTTATT,7,788494
crpp3,3.0,18,4,TTTGAGTTGGGGCCATACAG,14,767445
crpp3,7.2,39,4,TTGTTGTGTTTATCGCTCCT,35,776942
crpp3,4.2,24,4,TTGTCGCGGCAATCGGTTTT,20,783983
crpp3,2.2,14,4,TTGCGTCCGCCCAGCATGCA,10,781501
crpp3,5.4,30,4,TTCACATTGGATTGTGATTC,26,768445
crpp3,1.6,11,4,TTACCGCCGCATACAGCAGT,7,775685
crpp3,1.4,10,4,TGTTCGTAACGTGGTTGGGA,6,782708
crpp3,1.6,11,4,TGTTCGGCCCGTACTGATAG,7,765311
crpp3,2.6,16,4,TGTTCAGATTGTGGTCCTAA,12,780118
crpp3,3.0,18,4,TGTCACCTAAACCCGGTCAA,14,763016
crpp3,2.6,16,4,TGGGTCCGAATCATATGATT,12,786596
crpp3,1.4,10,4,TGGGCGGTCCCGGGCCTTTC,6,772455
crpp3,2.0,13,4,TGGCCATTATTTGGATAGCT,9,768011
crpp3,1.2,9,4,TGGACAATTGCTCCGCTCGC,5,773193
crpp3,0.8,7,4,TGCTATTCAGTAGTACAACT,3,782488
crpp3,2.0,13,4,TGCACCCGACCAATTAGCGT,9,786249
crpp3,0.6,6,4,TCTTTAAAACGTCACAATTC,2,761409
crpp3,7.2,39,4,TCTAGCTTTGTGTGCACCAG,35,774527
crpp3,0.6,6,4,TCGGCCGTGGCATCAAGCCG,2,761993
crpp3,3.0,18,4,TCGCGTGGGGGTACTGAAAT,14,783017
crpp3,1.2,9,4,TCGATCATACAGTTTTTAGC,5,782464
crpp3,2.2,14,4,TCGAGACATCCCCTCCGATT,10,775883
crpp3,2.8,17,4,TCCGGCCCGTTCGTCTGATG,13,777621
crpp3,1.4,10,4,TCAGTAGTCGAATACTTAGA,6,765682
crpp3,0.8,7,4,TAGGGTACGAGTACAAGACC,3,769945
crpp3,7.0,38,4,TAGGACACTAGACCTGAAAG,34,786401
crpp3,3.4,20,4,TAGAGACGGAAACGCCCAAT,16,769232
crpp3,1.4,10,4,TACGCTTTGTGCGGGTAACG,6,787441
crpp3,3.2,19,4,TACCTTGTCTGGGCTACCTT,15,780445
crpp3,6.0,33,4,TACACTTGGTATGGGAGCGT,29,790559
crpp3,0.4,5,4,TAAGTGGTAGGTCCATGCGA,1,761016
crpp3,3.6,21,4,TAAGGCATGGAATGTCATAC,17,774638
crpp3,0.4,5,4,TAAGCGTACCTCTGTAAAGA,1,772824
crpp3,0.6,6,4,GTTCTCGTGCGACCTCATAG,2,784792
crpp3,1.2,9,4,GTGGTTGATGGTACCCTTGT,5,770833
crpp3,2.6,16,4,GTGGTACGAACGCGATGGGT,12,760060
crpp3,1.8,12,4,GTGCTAGCCAGAGCAGGAGG,8,758720
crpp3,4.0,23,4,GTCCGGGGCTAAGGTCAACA,19,786024
crpp3,3.8,22,4,GTAGGCTCCGTCTGAGCCTT,18,785741
crpp3,2.0,13,4,GGTAAGGGGGTTTGCTCGGT,9,759076
crpp3,2.8,17,4,GGGTTCGTAGGGCCACGATG,13,788049
crpp3,2.8,17,4,GGGTCTCAATTCGATGGTTC,13,766785
crpp3,1.8,12,4,GGGTATGAGACAACGCTAAT,8,764392
crpp3,2.8,17,4,GGGGTCTCGTTATAGCTTGG,13,759775
crpp3,0.4,5,4,GGGGTACGGGGTGTATCAAA,1,761899
crpp3,2.2,14,4,GGGCCGAAGAGCAACAATCT,10,788317
crpp3,3.0,18,4,GGGCATTTAAATTCAAGAAC,14,784554
crpp3,3.4,20,4,GGGACCCAGATTTAACAGTT,16,772072
crpp3,3.0,18,4,GGCTGCCTAACGAAACTTCT,14,790298
crpp3,2.2,14,4,GGCCTTCTTTTGCGTCCGGG,10,760027
crpp3,2.8,17,4,GGAAGGACAGACAGAGATGG,13,774556
crpp3,3.2,19,4,GCGTGGATATAGGCTACTGT,15,774591
crpp3,1.6,11,4,GCGTGCTTACATGTGTGCTG,7,790066
crpp3,5.2,29,4,GCGGTGGACCTTTAAGGACG,25,786483
crpp3,5.0,28,4,GCGGCCCCACCAGGCTGACG,24,781735
crpp3,0.6,6,4,GCGCTTCTACCCTGGTCCTT,2,776183
crpp3,1.4,10,4,GCGCCGAACCTTGCGAGCCT,6,772673
crpp3,4.6,26,4,GCCGCACAGTCGGGTCCAGG,22,766474
crpp3,2.8,17,4,GCCGACAATGAAGTGATGAT,13,780787
crpp3,0.4,5,4,GCCAAATCATTCCCATATGC,1,765823
crpp3,2.0,13,4,GCAGGACTTAAACCAGTTAC,9,773323
crpp3,2.6,16,4,GCACACACTATGAGCAATTT,12,790536
crpp3,3.6,21,4,GCACAATGTTCAGTGAAGAA,17,780227
crpp3,2.6,16,4,GCAAAATTACCGTCACTCGT,12,789822
crpp3,5.2,29,4,GATTATCCCTCTAGCATTCC,25,781180
crpp3,5.8,32,4,GATGTACCGTCCGACACCCT,28,786846
crpp3,1.6,11,4,GAGGGTATAGGTTATGATGC,7,787148
crpp3,3.4,20,4,GAGGATGTTTCGGTGCGATG,16,763282
crpp3,2.2,14,4,GAGCGTAGCTCATAAAACAG,10,772381
crpp3,0.8,7,4,GACCGTTCATCCGGTTTCCT,3,787012
crpp3,2.6,16,4,GACAGACTGCACCCCAGCCA,12,773711
crpp3,2.6,16,4,GAATCTCGGCAATAAGTCGC,12,778885
crpp3,5.2,29,4,GAACGTAGCCTCTTTCTATC,25,785792
crpp3,2.2,14,4,CTTGGTCTAACGGATATTTC,10,770482
crpp3,3.2,19,4,CTTCTTTGCTCGACTGATTA,15,772970
crpp3,0.8,7,4,CTTCTGCCTCCGTGGGTGCC,3,772665
crpp3,1.6,11,4,CTTCACAACCTAGAGATGCA,7,777831
crpp3,1.8,12,4,CTGTTACTGGGAACCGGTCA,8,759088
crpp3,1.0,8,4,CTGTATACTGGCACGAATAT,4,789286
crpp3,3.0,18,4,CTGGCTCCCTGCGATAGACT,14,761588
crpp3,2.8,17,4,CTGGAGCGTTGTCTCCGCAT,13,766170
crpp3,2.0,13,4,CTGCGTATATGTCGGTTGCT,9,766403
crpp3,2.0,13,4,CTCTGTCTGGCGGTGGCGTG,9,760261
crpp3,0.6,6,4,CTCGAAGAGCGCTGGCTACT,2,770422
crpp3,0.4,5,4,CGTCTTCCGTATCAGTACGC,1,790754
crpp3,4.6,26,4,CGTCCGCCAGTAGTGAGGCT,22,778080
crpp3,0.4,5,4,CGTCACGAGGTTACTTCGGT,1,790697
crpp3,2.0,13,4,CGGCTGCGCAAGCTTATTCC,9,771100
crpp3,2.4,15,4,CGGAGGTCTTCACGACGTCT,11,766502
crpp3,1.4,10,4,CGCTCTTTCACCCCCTTGGA,6,763351
crpp3,0.6,6,4,CGCGTCTGGCGACGGCCCAA,2,780798
crpp3,9.2,49,4,CGCCGGGACGCTCAGCGTAG,45,782175
crpp3,3.8,22,4,CGCCGCCGTGGCAGTCTCAA,18,779783
crpp3,3.0,18,4,CGATTCTACTACTGGTCCTC,14,786004
crpp3,8.0,43,4,CGATGCATACATTTCAATCG,39,761020
crpp3,3.0,18,4,CGATGCACATTTACCCGCAA,14,774007
crpp3,0.6,6,4,CGAGGTCGGTAGCAGGCCGC,2,763192
crpp3,0.4,5,4,CGACCATTGCAGTCCGTTAT,1,764090
crpp3,2.8,17,4,CGAATAAACACTGGCCCGGA,13,780008
crpp3,0.8,7,4,CGAAGCCATCTTGCACTCCT,3,764499
crpp3,6.2,34,4,CCTTAGCTCAATCCGGCAAA,30,760818
crpp3,4.0,23,4,CCTACGTCCGATATTAGCCT,19,778030
crpp3,1.8,12,4,CCTAAGAGACCTAGAAAATG,8,783322
crpp3,1.4,10,4,CCCTAGCTCATTATTCCAGG,6,760161
crpp3,2.0,13,4,CCCTAGCGACGTTAAGGCTG,9,765300
crpp3,3.8,22,4,CCATACCCATCGGCCCTTTG,18,791023
crpp3,0.4,5,4,CCAATTCACAGTAGTAGGCA,1,790827
crpp3,2.6,16,4,CCAATATCACACACACCGCA,12,776278
crpp3,3.4,20,4,CCAAGTCACGGCGCTGAGTT,16,790229
crpp3,4.6,26,4,CCAACCATTAATGCGGTTTC,22,790552
crpp3,4.4,25,4,CATGGGATGATGCAGATCTT,21,773058
crpp3,0.4,5,4,CATCGTGTATAAAGCGGGTA,1,790266
crpp3,2.8,17,4,CATATCCGTACCGCTACTGC,13,789690
crpp3,8.0,43,4,CAGTGCGGATTCTGGTCCGG,39,759142
crpp3,5.6,31,4,CAGATTCCATACTTAAAGTT,27,760569
crpp3,1.0,8,4,CAGACTGAGCAACATGTAAC,4,781379
crpp3,3.4,20,4,CACTAACGTGATAGTGGAGC,16,768444
crpp3,0.8,7,4,CACGCAACATCGGCGATGCT,3,768823
crpp3,2.0,13,4,CACCCAATCCGAATACCTAA,9,772588
crpp3,3.2,19,4,CAAGTTACTATTGACCACAC,15,785255
crpp3,0.4,5,4,CAAGCTGAATGCGTCTCATA,1,788927
crpp3,2.0,13,4,CAACATTTGTGTAATTTTCT,9,763370
crpp3,1.2,9,4,CAACAATTGATTACTCCTGA,5,770425
crpp3,1.8,12,4,ATTTCAAAACCCTTCACACA,8,789458
crpp3,4.4,25,4,ATCCTTGGTCACTCGCGTTT,21,785683
crpp3,3.6,21,4,ATATTCTGCTTCTTGTGCGC,17,767255
crpp3,4.4,25,4,ATACCCGAAACGGGCGATTT,21,773722
crpp3,0.4,5,4,ATAATATTGTGCCGTGTCTC,1,781013
crpp3,4.6,26,4,AGTACCTAGGGGTCAGCTAA,22,781434
crpp3,2.8,17,4,AGGTCCTGCGAGCGACGTCT,13,786145
crpp3,4.0,23,4,AGGGTGCGGCTCGACACGTT,19,764899
crpp3,1.8,12,4,AGGAGTTACGAGACTATTTC,8,770723
crpp3,5.0,28,4,AGCTTCCCTCGTCCTTTGTC,24,785685
crpp3,2.2,14,4,AGCGGTTACGGCTCTGGTTA,10,789452
crpp3,3.6,21,4,AGCGAATCCGGTGCGTGTAG,17,761849
crpp3,5.0,28,4,AGCCGCGACCCAGAACCTGA,24,768172
crpp3,1.0,8,4,AGCATCTACTCCGAAAAGAG,4,761187
crpp3,1.8,12,4,AGAAAAGTATCTGAGAACCT,8,775634
crpp3,0.4,5,4,ACTCTCTGGTCTTTGGGCTT,1,766811
crpp3,6.6,36,4,ACGAATCGGCGCCTATGGGT,32,786182
crpp3,2.6,16,4,ACCTGGTCACTTTTCTGTGG,12,769944
crpp3,12.4,65,4,ACCTCGTCCGAGTATCATTC,61,760378
crpp3,6.4,35,4,ACCGGCCTTTAGGCGAGCCC,31,784580
crpp3,6.4,35,4,ACCCCGTATATTTGAGCTGG,31,770724
crpp3,5.0,28,4,ACATCAATGGTCGATCAGGT,24,759810
crpp3,1.8,12,4,ACACTGCCATCCTCTGTATG,8,774739
crpp3,1.2,9,4,ACACCGCGTTAGGTTGTACC,5,772428
crpp3,0.4,5,4,ACACCACGACAGGGCCAGAT,1,771071
crpp3,5.2,29,4,ACAACAGAATGGATCCTACG,25,764788
crpp3,3.8,22,4,AATTACACACGTAGATTTTT,18,760718
crpp3,3.8,22,4,AATACCTGTCGCCATTATTA,18,760968
crpp3,2.2,14,4,AAGTGAGGATTTTAAAAGAT,10,787064
crpp3,1.8,12,4,AAGGTTCGTGCCGCGTAGCT,8,770292
crpp3,4.0,23,4,AAGCTAACGTCAACGGGTTA,19,759253
crpp3,2.0,13,4,AAGCATAACCCACCTGGACG,9,771558
crpp3,1.2,9,4,AACTTGGAGCGTAACAAGCT,5,771691
crpp3,3.8,22,4,AACTGCGTCAGATTTTCGAA,18,775365
crpp3,1.2,9,4,AACTACGTGCCGCGTCTCCC,5,785790
crpp3,16.4,85,4,AACAACAAGGGAGCGCGTTG,81,790880
crpp3,2.0,13,4,AAAATACGCATCTCACTAGC,9,758476
crpp3,2.4,15,4,AAAAGGTTCGTCTTATTACT,11,790988
crpp3,3.0,18,4,AAAAAATGTGAAAATTAGAA,14,775316
crpp3,1.6,11,4,AAAAAAACGGTTCGCAGTTG,7,761704
crpp3,2.75,13,3,TTTGATTAAAACAAAGGGTG,10,770531
crpp3,0.5,4,3,TTTGACAGAAGCGGAATTAC,1,788087
crpp3,1.75,9,3,TTTCTTTGAGCAATCGCTTA,6,761470
crpp3,2.25,11,3,TTTAATGGCGTTTAGGCGGG,8,778889
crpp3,2.5,12,3,TTGCTACGGCGAGTCAGGTA,9,773309
crpp3,1.0,6,3,TTATGTAGGTACCGGAAGAT,3,766450
crpp3,1.75,9,3,TTATACTCTGCGTACCTTTC,6,776178
crpp3,6.25,27,3,TTAGGGGTTGTTTCGTGCAA,24,775100
crpp3,1.75,9,3,TGTGCGTGACGATGCTACTC,6,771627
crpp3,1.25,7,3,TGTCTGGGCTCGCATGTCGT,4,767419
crpp3,3.0,14,3,TGTACATACGGGTTGCCGAA,11,774647
crpp3,5.75,25,3,TGGTTGGTGGGGTTATCAAA,22,764866
crpp3,7.25,31,3,TGGGTAGGCGGCATCCTTAA,28,788508
crpp3,2.25,11,3,TGGCAGCTGGCCCCGAACTA,8,786251
crpp3,8.25,35,3,TGCTCATGTGGGGGTAGGCT,32,760290
crpp3,3.25,15,3,TGAAATGTCGTATGACTGGT,12,760535
crpp3,1.0,6,3,TGAAACTCCGAACTCAAAAA,3,768446
crpp3,1.75,9,3,TCTTCCTTAACCAATCTGCA,6,781663
crpp3,5.75,25,3,TCTCTCATTCAGTGTTCTTC,22,763371
crpp3,0.75,5,3,TCTCGATTCTTTTACACAAA,2,775595
crpp3,2.5,12,3,TCTCCTGGGGCTTTTCTAAT,9,776268
crpp3,1.0,6,3,TCGTTAATAGGGAACGGACC,3,783239
crpp3,4.0,18,3,TCGCCGAATGCGGGTACAAA,15,776468
crpp3,0.75,5,3,TCCTAAGTGAGCCCCTTAGG,2,762031
crpp3,3.25,15,3,TCCGGTATGTGCCACATGAC,12,777158
crpp3,7.25,31,3,TCCCGGCTACGGTTTGGTCC,28,776938
crpp3,2.75,13,3,TCATCAAAACAAGACTAGCC,10,787095
crpp3,3.0,14,3,TCAGACTCCGTCACACTTGT,11,769398
crpp3,0.5,4,3,TCAATCAGACATCCCTACAA,1,779181
crpp3,2.25,11,3,TCAACAGACCACATACGGGG,8,783458
crpp3,7.0,30,3,TATTTGTTTGTGCGCTCATG,27,760141
crpp3,2.0,10,3,TATATCCTCGCGTTCTACCG,7,762191
crpp3,2.25,11,3,TATATATCCTCAATTCAAAT,8,783254
crpp3,3.5,16,3,TAGGGCCTCGTATTACACGC,13,765654
crpp3,0.75,5,3,TAGCCCTGAGGATAGAATTC,2,770403
crpp3,2.5,12,3,TAGATTGGGAAGTAATCAAC,9,780908
crpp3,5.75,25,3,TACTTTTAGAACGGTATACT,22,758996
crpp3,1.75,9,3,TACCGCCGAGCATTTGTGGC,6,763773
crpp3,0.5,4,3,TAAGCGGCCACCAAACTTGC,1,760059
crpp3,4.75,21,3,TAAGCCACGGGCGGGTCTGT,18,762763
crpp3,4.75,21,3,TAACCTCTGTGAATTGCCTA,18,779958
crpp3,0.75,5,3,GTTTCTCACATGCTTCACGG,2,774089
crpp3,2.0,10,3,GTTGTGTAAGTCGAACATGA,7,787992
crpp3,2.5,12,3,GTTGCGTTTGAAGCACCCTC,9,768096
crpp3,2.5,12,3,GTTCACTGCTGTTTTAACCT,9,769191
crpp3,1.75,9,3,GTTCAATAGATACCTTAAGT,6,775759
crpp3,0.5,4,3,GTTACGAGCGGGCACGTCGG,1,769887
crpp3,2.5,12,3,GTGGCAATCGATTAGACTGA,9,777149
crpp3,5.0,22,3,GTGAACGTCCCGCGCGTGAG,19,777440
crpp3,2.75,13,3,GTCTATCGAGGGGTGAGTCC,10,762416
crpp3,2.75,13,3,GTCCCACTAGGCACTCGCGC,10,783699
crpp3,0.75,5,3,GTAGTCGCTGATTTGGATCT,2,785343
crpp3,2.0,10,3,GTACAACAGGCATCCTTTCC,7,785424
crpp3,1.5,8,3,GGTTGATACTACCGACCCAG,5,780597
crpp3,1.75,9,3,GGTTCCGCCGTAGAAATTCC,6,775954
crpp3,5.5,24,3,GGTTCACCGGTTAAAATTTT,21,761893
crpp3,3.0,14,3,GGTGACTTTTCGGAGGTACA,11,764687
crpp3,7.5,32,3,GGTCGAGTCTGATCACCGAT,29,765665
crpp3,3.0,14,3,GGTAAGTTATAATCGTTACG,11,768339
crpp3,4.25,19,3,GGGTCGGGATTTGTTCTTTG,16,774602
crpp3,3.75,17,3,GGGCCTCTGGGGCGCGTATT,14,778978
crpp3,0.75,5,3,GGCTGGAGACTACTCATACG,2,782016
crpp3,2.0,10,3,GGCTGCAGCACTGCATATTC,7,770105
crpp3,4.25,19,3,GGCTCTTGTGGATACTAACT,16,768659
crpp3,3.75,17,3,GGCGCTGTTAGCGTATCGGA,14,778183
crpp3,1.5,8,3,GGACTCCCGGGGAACGCTTG,5,789571
crpp3,1.0,6,3,GCTTTATAATAACCAGACTA,3,790718
crpp3,3.75,17,3,GCTAGGTGTTTGGAGCTCTT,14,764186
crpp3,5.25,23,3,GCTAAATTCGCGATCAATAA,20,760650
crpp3,0.75,5,3,GCGGTAATTCATATATATGC,2,778007
crpp3,0.75,5,3,GCCTGCCCCCTGCCATGGTT,2,779220
crpp3,5.25,23,3,GCACTCGCACGTATAACTCC,20,760918
crpp3,2.0,10,3,GATATCTGTTCTCTAAAGGT,7,782085
crpp3,10.0,42,3,GATAGCAATCACGTCTGAGC,39,782642
crpp3,2.5,12,3,GAGGTTTTAAATTGGTGACG,9,769820
crpp3,1.0,6,3,GAGGAGGTTCTCCCTCGACC,3,769526
crpp3,3.25,15,3,GAGGACATTCTAGCGCACTC,12,789710
crpp3,2.75,13,3,GAGCTGGTGACTCTGGCCCC,10,764817
crpp3,0.5,4,3,GAGATAATATTGAGCGGTAG,1,774713
crpp3,7.25,31,3,GACTAGAATCGTCCCCTTGC,28,780951
crpp3,4.5,20,3,GACGTTTAGTCTGTAAAGGG,17,775477
crpp3,2.75,13,3,GACAGGGTTTTTTTCCATAC,10,766542
crpp3,1.75,9,3,GAAGTCACGGCCTTGGCACA,6,762278
crpp3,5.5,24,3,GAACATAAGGTACACGCGAG,21,782626
crpp3,16.75,69,3,GAAAATTATAGGCTTCTGCT,66,765137
crpp3,3.75,17,3,CTTTATTGCCGAGCGATCTT,14,776267
crpp3,2.75,13,3,CTTGGTCCAACAGTAAAGTT,10,773063
crpp3,1.75,9,3,CTTCCTCAGCTGTGCGTCGC,6,776523
crpp3,1.75,9,3,CTGTCATTATCGGTGGTGGT,6,765168
crpp3,4.0,18,3,CTAAAAAACGGCCTACGCCA,15,764214
crpp3,2.5,12,3,CGTTGTGGGATGCGTTCTTA,9,768405
crpp3,2.5,12,3,CGGTGTCGGCAGGCGCTCTA,9,781102
crpp3,0.5,4,3,CGGGGGCAGTTCGACCGCAT,1,765198
crpp3,0.5,4,3,CGGATCCTCATAGACCCAAA,1,774590
crpp3,0.5,4,3,CGGACTACCGAATCGGAGAT,1,780817
crpp3,5.25,23,3,CGCTAAACCCCACTTTGAAG,20,762185
crpp3,4.25,19,3,CGCGCATATCCCTCCAGCAT,16,763510
crpp3,0.5,4,3,CGCAGCGGGTTGCGCAGTCC,1,769841
crpp3,3.0,14,3,CGACTAAACGCAGTAACGCG,11,783046
crpp3,1.25,7,3,CCTGGGTTAGCACTGTCTTC,4,762188
crpp3,10.5,44,3,CCTGGAGGAAAGCCAAGTGA,41,784559
crpp3,1.0,6,3,CCGCATGCGCTCCGGTTTAT,3,762563
crpp3,2.25,11,3,CCGATACTCATCGGGCTGTG,8,776282
crpp3,0.5,4,3,CCGAGGCCTCAACCGTGTGA,1,777006
crpp3,3.25,15,3,CCCTGGCGATGGTGCTTCCT,12,763344
crpp3,1.25,7,3,CCATTTTTGCCAGGCACGGC,4,765807
crpp3,1.75,9,3,CATTGGCCCCCGATGGTTCT,6,768675
crpp3,4.0,18,3,CATAATTACGGCATTCCTCC,15,777512
crpp3,6.75,29,3,CAGGTGCGGTCAGCTCGCGG,26,775817
crpp3,2.75,13,3,CAGCAAATTGTTCGTGTTCG,10,763279
crpp3,1.5,8,3,CAGAAAGTTGCGGCAAATAG,5,785388
crpp3,3.0,14,3,CACTCAGGGATCGCGGGTAA,11,765625
crpp3,1.5,8,3,CACTATCGAAGCACGGGGGA,5,776375
crpp3,2.5,12,3,CACGTTCTAGATCTTTCAGC,9,783016
crpp3,2.75,13,3,CAATGAGTTGTCACTTCGTC,10,783982
crpp3,2.0,10,3,CAATAGTGCCCCCGCCCCCG,7,788439
crpp3,0.5,4,3,CAAGATGTTATCTATCCAAT,1,774950
crpp3,0.5,4,3,CAAAATGAGTCTGGGCAATG,1,770983
crpp3,2.0,10,3,ATTGCCTCGCCGTCGTGGAA,7,789927
crpp3,2.75,13,3,ATTCTTTGCGCAGTTATCAA,10,764558
crpp3,2.25,11,3,ATTAGTTTAAGTGTGCCGAT,8,787235
crpp3,5.0,22,3,ATGTTACCCTTACAGGCTAG,19,775456
crpp3,1.75,9,3,ATGTACTCGGTTAAAACTTG,6,775581
crpp3,2.25,11,3,ATGGTGGCACATACACCCGC,8,776148
crpp3,23.25,95,3,ATCTTATGTATCACCCTTGA,92,791025
crpp3,3.0,14,3,ATCGTGGATCACCATGCGTG,11,789168
crpp3,1.75,9,3,ATCGGTTCAATGGACCAGCC,6,786586
crpp3,4.0,18,3,ATCATTTGATGGTGCGCACG,15,773237
crpp3,0.5,4,3,ATCACTGTTCGGAATTTGCA,1,770228
crpp3,0.5,4,3,ATACCAGAGCTCTATGAGAG,1,788607
crpp3,3.5,16,3,ATAATGAGAAGCGAAGGTTT,13,767442
crpp3,2.0,10,3,ATAAAGGGTCTCCAAAAGTT,7,761719
crpp3,5.0,22,3,AGTTCGATGTTTCTACGGCA,19,773218
crpp3,4.5,20,3,AGTGGGACCGCGTTCTTCAT,17,768501
crpp3,3.0,14,3,AGTCGGTGAACTCATCCATC,11,786892
crpp3,0.75,5,3,AGGGCCTTGCTGTGCGATGT,2,762743
crpp3,17.25,71,3,AGGCGCCGGAAAGGAGGACG,68,768996
crpp3,2.25,11,3,AGGCGCAGGCAACCGTTGTG,8,789324
crpp3,4.25,19,3,AGCGAGCCAGGTGTGTAACC,16,789849
crpp3,5.0,22,3,AGCACCCGGTGACCCGGTTT,19,784886
crpp3,2.0,10,3,AGATGGAGCGAAGAGGGTGA,7,776306
crpp3,6.5,28,3,AGAGGGCGCTGTTTATTCCT,25,769414
crpp3,3.0,14,3,AGACGGGACACGAAGGGGGA,11,774595
crpp3,3.0,14,3,ACTAATAACGGTGGAGGCGG,11,771941
crpp3,2.75,13,3,ACGTTCACGCGCAGTCTTAG,10,758450
crpp3,7.5,32,3,ACGTGACTCGGTCTCGACCG,29,785170
crpp3,5.25,23,3,ACGGTTAAGTTTTAGAGCCG,20,762100
crpp3,3.75,17,3,ACGGTCCAACCTTATTGCGC,14,783332
crpp3,3.5,16,3,ACCTTGTCGTCCTCTGGGCG,13,761856
crpp3,4.0,18,3,ACCTAAGCTTGGGTAAATTA,15,790492
crpp3,2.5,12,3,ACCGCACGCCGATTATCTTG,9,772507
crpp3,2.25,11,3,ACCCCCGAGCAACGTTGTGG,8,776636
crpp3,2.5,12,3,ACACCCTACGGACGTACTTG,9,783149
crpp3,7.25,31,3,AATCAGGATCACGGTAGTCG,28,789755
crpp3,5.5,24,3,AATACCGCCGTTTTACTTCC,21,776712
crpp3,7.75,33,3,AAGACGGGTCCCCATCACCT,30,782759
crpp3,3.5,16,3,AACGTTGCGGCGGAAAGTGT,13,773474
crpp3,17.25,71,3,AACCGGGTTGAGCGGACGTT,68,790280
crpp3,1.0,6,3,AACCCCGCCGGATGCTCCAA,3,770661
crpp3,3.0,14,3,AACAATCACTCATCGCCCCA,11,766944
crpp3,3.0,14,3,AAATAGGAATGCTAGTCATT,11,762737
crpp3,3.5,16,3,AAACGGTGATGGATGTCTCG,13,769260
crpp3,3.0,10,2,TTTTCCATGTCAGGTTTCCC,8,791088
crpp3,4.333333333333333,14,2,TTTGGAATACCGGTCCTTTA,12,789338
crpp3,3.0,10,2,TTTCGTCACGTTTATTAGGC,8,785519
crpp3,8.333333333333334,26,2,TTTCACCAGGATGCGCTGGG,24,778569
crpp3,0.6666666666666666,3,2,TTTATTAATATGGCGTCCCT,1,775220
crpp3,5.333333333333333,17,2,TTTACCAGGCACCGTGATAC,15,774988
crpp3,3.0,10,2,TTGTAGTAGTCTTGCCCTAC,8,782623
crpp3,6.333333333333333,20,2,TTGGGATCCCGCCTCCTTGC,18,766279
crpp3,3.3333333333333335,11,2,TTGGCCGATCTATTCTGTAC,9,788741
crpp3,2.0,7,2,TTCAATCCCCGTTAGGTTCT,5,760181
crpp3,5.0,16,2,TTAGATTCCGATTTACCTAG,14,773922
crpp3,2.3333333333333335,8,2,TTAAACTGCGTATGGAAAAA,6,761707
crpp3,3.0,10,2,TGTGCCGGGGAATGTTCTAG,8,779414
crpp3,4.666666666666667,15,2,TGTATCTACTGGCCGAAGCT,13,766198
crpp3,5.0,16,2,TGGGGATGAAATACATTTAT,14,777259
crpp3,1.0,4,2,TGCCGGGAGGCACGTTGCCG,2,780986
crpp3,6.333333333333333,20,2,TGATCGATGAGGTCCAAGTA,18,790287
crpp3,8.0,25,2,TGAGCTAAGGCACCTAATCT,23,784526
crpp3,2.3333333333333335,8,2,TGAACAAATGCTAACAGCTG,6,768068
crpp3,3.3333333333333335,11,2,TCGCGTTTCTATATAATAAC,9,773241
crpp3,0.6666666666666666,3,2,TCGAAGTACGTGATTTAAGT,1,778401
crpp3,3.3333333333333335,11,2,TCCGGCGGTCATGACGGCGG,9,782462
crpp3,0.6666666666666666,3,2,TCCGGAGGTCTATGAGCGCC,1,769224
crpp3,5.666666666666667,18,2,TCCCCCTTTGGTCAGGCTAA,16,776727
crpp3,7.333333333333333,23,2,TCATTCTGAGCCTATTATAA,21,766739
crpp3,2.0,7,2,TATCCTGGTTGAGAACTTTA,5,786225
crpp3,0.6666666666666666,3,2,TAGGGTGTGGACCGTTCATC,1,759416
crpp3,0.6666666666666666,3,2,TACCGTGTAGTGATACTGCG,1,782920
crpp3,8.666666666666666,27,2,TAATGGGCCGGTCCGTATGT,25,773916
crpp3,8.0,25,2,TAAGAAGGTTGTTTGAAGTT,23,761972
crpp3,0.6666666666666666,3,2,GTTCTTGGACAGCCCGCTTC,1,778436
crpp3,1.3333333333333333,5,2,GTTATTATAGTCCGAAACTA,3,790728
crpp3,8.333333333333334,26,2,GTTAGAAAGCTAATGAGAGC,24,788984
crpp3,4.0,13,2,GTGGTCCGGGAACACTCCAA,11,765867
crpp3,5.333333333333333,17,2,GTGCGTAGTTCTCATGACCA,15,775308
crpp3,4.666666666666667,15,2,GTGCCGGTCTCTTTCGATGT,13,786338
crpp3,5.666666666666667,18,2,GTGCAGGCAACCCGAGGAAT,16,771698
crpp3,2.6666666666666665,9,2,GTGATATCGGACCAGGAAGG,7,776867
crpp3,0.6666666666666666,3,2,GTCATGCGTCCGTGAGCTAT,1,767193
crpp3,4.333333333333333,14,2,GTATTCATGCATTTTGTGTT,12,779151
crpp3,2.3333333333333335,8,2,GTATGCTGGTACGACCAAGA,6,791141
crpp3,12.0,37,2,GGTTTTCTCTACACTCATCT,35,781057
crpp3,1.6666666666666667,6,2,GGTGCTTGGTTTGTCTGTTG,4,784822
crpp3,1.3333333333333333,5,2,GGTGAACACCGCAGCAATCA,3,786622
crpp3,0.6666666666666666,3,2,GGGTCTCGTCCGCAGTACCT,1,779818
crpp3,6.0,19,2,GGCGGCACGATAAATAGGCG,17,771735
crpp3,12.0,37,2,GGCGCCAGCTGGTAATATTG,35,760642
crpp3,0.6666666666666666,3,2,GGCACATGTAATTTTGCGGG,1,778847
crpp3,5.333333333333333,17,2,GGATCCCCAAGCACTCGGGA,15,776129
crpp3,0.6666666666666666,3,2,GGACGAAGCTTAATTTCTGC,1,774964
crpp3,5.333333333333333,17,2,GGACCAACCCTGCGAAGGCA,15,772056
crpp3,2.0,7,2,GCTTCAGTTCGACGTACTCC,5,767760
crpp3,3.3333333333333335,11,2,GCTGAACCGGACACATACAC,9,787151
crpp3,9.666666666666666,30,2,GCGTTCAGCGATTCCTCCAG,28,790186
crpp3,0.6666666666666666,3,2,GCGTCCAGAAAGATTTTATC,1,772613
crpp3,6.333333333333333,20,2,GCGGTGAATATAAACTCGAG,18,765124
crpp3,3.0,10,2,GCGGCAGGGATCCGGGTCGC,8,758802
crpp3,1.3333333333333333,5,2,GCGAAGTTAGGAGTTGGATG,3,784560
crpp3,6.666666666666667,21,2,GCCGGATTTCGCATGTCCAG,19,768631
crpp3,4.666666666666667,15,2,GCCAGTCGTCTTATATTCGG,13,769921
crpp3,0.6666666666666666,3,2,GCAGGACTTTTCGCTTTACA,1,778408
crpp3,3.6666666666666665,12,2,GCACTGATACGGGACAGCGC,10,784670
crpp3,9.333333333333334,29,2,GATTTCTTGAAGACCCGGTT,27,788363
crpp3,3.3333333333333335,11,2,GAGTGGCAAGGTTGAATGTT,9,761822
crpp3,2.0,7,2,GAGTAGTAGCGGATACCCCT,5,780105
crpp3,8.666666666666666,27,2,GAGGATTCAACCCTTGGGCA,25,786925
crpp3,6.666666666666667,21,2,GACTGTTGCACCGAGGAGAT,19,790222
crpp3,0.6666666666666666,3,2,GACGTAAGCGTCTTGAGCCA,1,772303
crpp3,0.6666666666666666,3,2,GACGCCGTGTCCGTGGGTCA,1,772272
crpp3,4.333333333333333,14,2,GACCCGTTCTACACAACTGT,12,768246
crpp3,5.666666666666667,18,2,GAAGCCCAGCCGTACTTTGA,16,782638
crpp3,2.0,7,2,GAACTTGTCGGGGCGTTCCC,5,785599
crpp3,2.3333333333333335,8,2,GAAAAGGCGCTACTTGAAAC,6,780604
crpp3,4.0,13,2,CTGCGGTTGTCAGGTACATG,11,782103
crpp3,5.333333333333333,17,2,CTGACTTGAATTTGGTAATG,15,760878
crpp3,3.0,10,2,CTCCTTGTTATCGTGCGGGA,8,775139
crpp3,9.333333333333334,29,2,CTCCCTGTTTCTAGGGGCAT,27,770862
crpp3,5.333333333333333,17,2,CTAGTTTACAGCCTCAGGAG,15,764735
crpp3,2.6666666666666665,9,2,CGTGAGGCTCTTAGGTTCAC,7,765527
crpp3,3.0,10,2,CGTCACTACCGGTATCGGCT,8,768832
crpp3,8.0,25,2,CGTAACGATTCCTATCCTGG,23,788928
crpp3,4.0,13,2,CGGTGTTTATAGGTAAGGTA,11,760056
crpp3,0.6666666666666666,3,2,CGGGGTCCGGTGGAGTACTA,1,766983
crpp3,5.0,16,2,CGGCGGGCTGCGATGCTTAA,14,785734
crpp3,5.666666666666667,18,2,CGGCCCCTTACTGGCTTAAA,16,783956
crpp3,1.0,4,2,CGGACAGATACCTTTATATT,2,790069
crpp3,0.6666666666666666,3,2,CGCTGTCGAGATCTGTTTGC,1,774517
crpp3,3.0,10,2,CGCGCGCCTACACGATCAGT,8,781392
crpp3,3.6666666666666665,12,2,CGCACCTAGACCGTCCATTC,10,785558
crpp3,1.6666666666666667,6,2,CGCAATCAAAAGACCCGCGT,4,760034
crpp3,11.333333333333334,35,2,CCTTGTGCTCACACCACAGG,33,761478
crpp3,1.0,4,2,CCTCTATACATCTAGGTTGA,2,783506
crpp3,4.0,13,2,CCTAGGATCCTCACTCATCG,11,788241
crpp3,0.6666666666666666,3,2,CCGTACTGGCGCAATGTGCC,1,762066
crpp3,1.3333333333333333,5,2,CCGTAAACTAAATAGGGTTC,3,785000
crpp3,4.666666666666667,15,2,CCGCTGTGTATACTGCTTAG,13,783089
crpp3,2.3333333333333335,8,2,CCCTGGGGTAACCCGTTTTC,6,770508
crpp3,0.6666666666666666,3,2,CCCCTAGTCTATATCCTTGG,1,759169
crpp3,8.333333333333334,26,2,CCCAAAGCTTCGGGGTAGGA,24,760418
crpp3,6.333333333333333,20,2,CCACCGCTAGGAGGGGTCAG,18,782076
crpp3,7.666666666666667,24,2,CATGTCCTAAGTAGCGCCCC,22,777834
crpp3,0.6666666666666666,3,2,CATGCGTTTACCAGTCTCCT,1,769922
crpp3,6.333333333333333,20,2,CATCGAAATCGATATCTCCT,18,788849
crpp3,4.666666666666667,15,2,CATAAAATCCCGGTTTCGAC,13,771330
crpp3,2.0,7,2,CAGGCGAGTCGTGACTCGCG,5,778594
crpp3,1.3333333333333333,5,2,CAGGATACCCGTAGTCAGTC,3,781897
crpp3,1.6666666666666667,6,2,CAGACTTACAAGCCATAGCG,4,765923
crpp3,3.6666666666666665,12,2,CACGGTCCCGTTCGCACCGA,10,782723
crpp3,6.333333333333333,20,2,CACGCTCAGCAGTCGGAGAG,18,767059
crpp3,4.333333333333333,14,2,CACCGACTTGATCGAGTATA,12,777330
crpp3,6.333333333333333,20,2,CAATCACATGGCTAGGTTCG,18,790682
crpp3,3.0,10,2,CAAGGGCGTGGGAGAGCGTC,8,759530
crpp3,2.0,7,2,CAAATCATGGGGCAGTTAGA,5,784015
crpp3,3.3333333333333335,11,2,ATTTTCCCAGGTGCGAGACA,9,766105
crpp3,3.3333333333333335,11,2,ATTTCCTTTCCGACAGGGGG,9,768073
crpp3,5.333333333333333,17,2,ATTTATCGCTGAGGATTCTT,15,781385
crpp3,21.0,64,2,ATTGATCCACGCACGCCAGT,62,784623
crpp3,2.6666666666666665,9,2,ATTCATATTACTATTCCCAT,7,779995
crpp3,5.666666666666667,18,2,ATTAGGGGTGGGCTAGGGGT,16,762877
crpp3,1.6666666666666667,6,2,ATGTGGAAGACAACGGTTTG,4,789810
crpp3,4.666666666666667,15,2,ATGTAACCTGCAAAGAATGT,13,778205
crpp3,2.6666666666666665,9,2,ATGGATTATAATGTCGAGTA,7,773657
crpp3,5.333333333333333,17,2,ATCGGCCTAGCCGACAAATG,15,781448
crpp3,5.666666666666667,18,2,ATCATCACCCGGCATATGTT,16,789350
crpp3,9.333333333333334,29,2,ATCAGCTGCGAATTGCCGGG,27,788432
crpp3,5.0,16,2,ATACGGCTGGCGGGCGTACT,14,773980
crpp3,8.0,25,2,ATACGAGCAGATATATCAGC,23,764816
crpp3,6.0,19,2,ATAATTTCCCAAGGGAACAA,17,782616
crpp3,3.3333333333333335,11,2,ATAATCGATTGAACTCTATA,9,760438
crpp3,3.3333333333333335,11,2,ATAAAGGGCGGCTAGACTTC,9,786308
crpp3,1.6666666666666667,6,2,AGTCGTCATCTTCTCAGTCT,4,785056
crpp3,4.0,13,2,AGTAGCACCCGTTGCTCCTC,11,774417
crpp3,1.3333333333333333,5,2,AGGCGAGTCGAAATTATCTC,3,765246
crpp3,0.6666666666666666,3,2,AGCTATCGCAGGATACAATG,1,767185
crpp3,5.666666666666667,18,2,AGCGATGAAGGCAGGTCAAA,16,786104
crpp3,9.666666666666666,30,2,AGCCTAGTTCGTTACGCGCT,28,761328
crpp3,6.0,19,2,AGCCCAGCTCCTTTTGCACT,17,761432
crpp3,1.6666666666666667,6,2,AGCACCCCGTGACCTCCAGT,4,770537
crpp3,4.0,13,2,AGATTTGTTGCTATGCGAGG,11,775011
crpp3,4.666666666666667,15,2,AGACTTGAGGAGTGTATCTG,13,781997
crpp3,9.666666666666666,30,2,ACTTACCTGACTTATCCCCC,28,768066
crpp3,5.333333333333333,17,2,ACTGTTTCTATGGTCCCATC,15,763313
crpp3,3.6666666666666665,12,2,ACTGCTCTCGCCGCGGAAAC,10,780356
crpp3,5.0,16,2,ACTGCGTGACACATAAGCAT,14,775474
crpp3,8.666666666666666,27,2,ACGTGGGACATCAGGTGTAT,25,766507
crpp3,10.666666666666666,33,2,ACGTCTCCTCTATGGTAACG,31,759708
crpp3,2.3333333333333335,8,2,ACGGACCTTGTTCGACTAGA,6,764397
crpp3,3.6666666666666665,12,2,ACATCCGATTTCGATAAACT,10,789530
crpp3,6.0,19,2,AATTACCCGGAATGTGAAGT,17,782196
crpp3,4.666666666666667,15,2,AATAAGACCGCATTGCGAAT,13,783178
crpp3,3.3333333333333335,11,2,AATAAAAGCCAAAAGTAGTC,9,772393
crpp3,1.3333333333333333,5,2,AAGGTCGAGCGGGCTAACAA,3,789278
crpp3,4.666666666666667,15,2,AAGGGCGATAGCCCGGTCAC,13,766550
crpp3,7.333333333333333,23,2,AAGGCCCAATTGTTGCAGTC,21,775329
crpp3,5.333333333333333,17,2,AAGGCAAGAAATCTGCGTCA,15,766927
crpp3,2.0,7,2,AAGGACTAATGATGAATAGG,5,784319
crpp3,2.3333333333333335,8,2,AAGCAGGTCTAGCCCTTTCT,6,766064
crpp3,5.0,16,2,AACTAACGATAGTTAAGTTT,14,786374
crpp3,6.333333333333333,20,2,AACAATGGGAATCGGGCGCA,18,782510
crpp3,4.0,13,2,AAAGCGAGGGTGTCTACGCC,11,763604
crpp3,4.5,9,1,TTTGACTGGTCGTTAAGGCC,8,791076
crpp3,6.0,12,1,TTTCCACCTGAGTGTCGCCC,11,777295
crpp3,2.0,4,1,TTTACATGCTTCTTGTCGTG,3,778350
crpp3,4.5,9,1,TTGCGCTTTCTAGCGAGCGC,8,782260
crpp3,6.5,13,1,TTGATTTCTGTTTGGATCCT,12,784825
crpp3,6.0,12,1,TTGAAACGGCAAAAAACTAT,11,774243
crpp3,6.0,12,1,TTCTCCAGGAGGCTATCAAG,11,763026
crpp3,11.0,22,1,TTCCTTTCGTTCGCATCCCC,21,760742
crpp3,9.5,19,1,TTCCGATGCCAATGCGGTGG,18,775652
crpp3,6.5,13,1,TGTTTTGTTTAAGGCGGTAG,12,786587
crpp3,5.5,11,1,TGTCGCGACCTGTGAGAACC,10,764154
crpp3,2.5,5,1,TGGTTCTTGATATCAAATGA,4,785468
crpp3,7.0,14,1,TGGTCCGTTCACACATCCTC,13,775586
crpp3,16.0,32,1,TGGCTACCACAACAGCTAGT,31,759116
crpp3,19.5,39,1,TGCTACTCGTTGACACGGGG,38,790891
crpp3,17.0,34,1,TGCGCCATGCATTCGTACCA,33,790869
crpp3,2.5,5,1,TGCACGCATTGTCCCAACGC,4,781048
crpp3,7.0,14,1,TGATTCTCATTCGGTACACA,13,770622
crpp3,11.0,22,1,TGATTCGCAGTGAGACAAGT,21,787268
crpp3,9.0,18,1,TCTCGGGTTCAAAAGGAGGC,17,771454
crpp3,7.5,15,1,TCGTGTTTGACTTAGGCTAT,14,761520
crpp3,7.0,14,1,TCGTATAAAAAGACCGTTCT,13,784068
crpp3,1.0,2,1,TCCGGTTCGCAACTTTGTTG,1,788438
crpp3,2.0,4,1,TCATGGCAGGCCGCCAACTT,3,758753
crpp3,2.5,5,1,TCACTTGGCGTTTTCGGTTT,4,759959
crpp3,8.0,16,1,TCACCAGAGACTACGCGGGC,15,766965
crpp3,1.5,3,1,TATTTAGAAATATTGAACCC,2,785444
crpp3,2.0,4,1,TATCACTCTGTCATAAGCGC,3,763643
crpp3,1.5,3,1,TAGGCTGACCTCGGCCGCAG,2,778875
crpp3,4.5,9,1,TACACGCACAGCGGTCCCTA,8,780847
crpp3,4.5,9,1,TAATTCGATGGTGCGACTCG,8,785286
crpp3,8.0,16,1,TAATGCATCTGATTTTTCTC,15,767509
crpp3,7.5,15,1,TAATCATGGGTTTATATATA,14,762023
crpp3,2.5,5,1,TAATATAAGCGAGCGGCATT,4,776624
crpp3,2.5,5,1,TAAGGCCCCGAGATATAACC,4,773078
crpp3,9.0,18,1,GTTCCACCCTGTATCCCTTA,17,779849
crpp3,3.0,6,1,GTTCAACAAAGCGCCAGGTT,5,772793
crpp3,15.5,31,1,GTGTCATTAGGTCCTCTCAG,30,775487
crpp3,12.0,24,1,GTGTACACCGATTAATGACA,23,790120
crpp3,12.5,25,1,GTGCTGTGTTTCCTCAGGCC,24,778535
crpp3,9.0,18,1,GTGCCGGGGTTAGGGGTTGT,17,770364
crpp3,1.0,2,1,GTGCACCTGAACTTCTTAGC,1,762114
crpp3,12.5,25,1,GTGAGTGTTTCGCTAGCTTT,24,789561
crpp3,3.5,7,1,GTCACCGGCTTACGTCACCT,6,762436
crpp3,6.0,12,1,GTATCTCGTCAGCCCTCTGG,11,765611
crpp3,6.0,12,1,GTAGTCCGAACGAGGACCTT,11,768331
crpp3,13.0,26,1,GTAGTAAGGACAAACACACA,25,771729
crpp3,7.5,15,1,GGTTAACTACGACACCTTTA,14,761753
crpp3,7.0,14,1,GGTGCTCTTGGATGGCGCGT,13,770614
crpp3,4.5,9,1,GGTCGAATCGGCAGCATCCG,8,789362
crpp3,8.0,16,1,GGTACGGAGTTGACATCAGT,15,786879
crpp3,2.0,4,1,GGGGGACAGTGGCATGTGAG,3,790578
crpp3,14.5,29,1,GGGAGTGGGAAACCGGGTAA,28,777293
crpp3,4.5,9,1,GGCCGTGTGAGGGCTAATCT,8,781053
crpp3,10.5,21,1,GGAGTGGTATTACGCTGTGT,20,764912
crpp3,3.0,6,1,GGAAGGCAACGTAACGGCGG,5,769005
crpp3,1.0,2,1,GGAAACTGGAACTCGACCCG,1,786868
crpp3,6.0,12,1,GCTTAGTCTCTTCGTTTCGC,11,780647
crpp3,7.5,15,1,GCTCGGTCTTGGGATCGTTA,14,760155
crpp3,1.0,2,1,GCTCGCCACCGCAACCTACG,1,775601
crpp3,1.0,2,1,GCGATGGCCGACACGCAAGA,1,787050
crpp3,10.0,20,1,GCGATAGAGAATTACAATAC,19,787977
crpp3,1.0,2,1,GCGAGCGTCCCCCGACTCCA,1,765317
crpp3,4.5,9,1,GCCAGCGCGTAATTGCTTTA,8,759054
crpp3,4.5,9,1,GCAACGGGTCGGGAGTATTA,8,765639
crpp3,4.5,9,1,GAGAATTTTTGACTTCCCTT,8,761934
crpp3,1.0,2,1,GACGAGCTCTAGTTAAGATT,1,764884
crpp3,16.5,33,1,GACCGTGCCAAGGGCCGCCC,32,762167
crpp3,5.0,10,1,GAATGCAAATTCGCATGGAC,9,760400
crpp3,14.0,28,1,GAACCGATAATTTTTGTCCC,27,771929
crpp3,6.5,13,1,GAAACCTGTCACCATGGCGG,12,779833
crpp3,11.5,23,1,GAAAATGTATCGGCATTTCT,22,764390
crpp3,10.0,20,1,CTTTGTAGGCCTAGCTTTCG,19,768720
crpp3,12.0,24,1,CTTGGCTGCTCCTCGAGTAT,23,761014
crpp3,1.5,3,1,CTTCTGCGATGATTTCGGAC,2,776793
crpp3,11.0,22,1,CTGCCATCCACCCCCGAGTA,21,764004
crpp3,2.0,4,1,CTGAAAGGCCCACCCAACTG,3,784349
crpp3,7.5,15,1,CTCACCGAAGCTTGCGAGAT,14,787494
crpp3,24.0,48,1,CTATGTATCGTATCGGCTGT,47,791287
crpp3,3.0,6,1,CTAGGCGCGTGAACATCCGG,5,758670
crpp3,16.0,32,1,CTACCGCCAAATGCCAGTGG,31,771567
crpp3,7.5,15,1,CTACAGGGCGGCGATTGTCA,14,788705
crpp3,9.0,18,1,CGTGCAAATCTTATTGTCTG,17,760680
crpp3,1.0,2,1,CGTGAACTTGAGCGCCACAA,1,780018
crpp3,1.0,2,1,CGTCCTGTAGAGGCAAGGAG,1,778209
crpp3,11.5,23,1,CGGCCATGCTGCGTTACGCA,22,762902
crpp3,1.0,2,1,CGGCAACCTCTTTGCACCCG,1,776677
crpp3,1.0,2,1,CGGAGCACCGGAGGTTCGTG,1,788589
crpp3,8.5,17,1,CGGAACTGTGCATTGGAGTC,16,766736
crpp3,6.5,13,1,CGCGAATCCCCGCGTGCGAT,12,787730
crpp3,8.0,16,1,CGAAATCTCAGATAAAGATT,15,778926
crpp3,9.5,19,1,CCTCGGATTCCTGGTACTAA,18,770149
crpp3,5.5,11,1,CCTATGTGCTCTCCCTTACA,10,790670
crpp3,24.0,48,1,CCGCGGGGGGTTGGGGGGTG,47,758994
crpp3,11.0,22,1,CCCTCACAGGCGATGAATGC,21,761966
crpp3,1.0,2,1,CATTGCGGCTCCCACAGACG,1,781509
crpp3,1.5,3,1,CATCCGGCACCGGCTGTATC,2,778943
crpp3,2.5,5,1,CAGTCCACTGACCGCAAGAC,4,767585
crpp3,5.0,10,1,CAGACTTAAATAAATAGCCC,9,782613
crpp3,26.5,53,1,CACAGGATTACGGATCACTC,52,759929
crpp3,1.0,2,1,CAAGAGAATTAGTCTGTGGC,1,765501
crpp3,3.5,7,1,ATTTTAGCGCTTCCGTGCTG,6,762240
crpp3,4.0,8,1,ATTCTTGCCCAGGGATAGTT,7,790276
crpp3,7.5,15,1,ATTATCGGACCAGCCGTGAC,14,761642
crpp3,5.0,10,1,ATGTCAACGTGGTCCAGGGT,9,771494
crpp3,4.0,8,1,ATATAGCAACGAGTGGGTAC,7,766189
crpp3,15.5,31,1,ATACTTATCGCTGCAGGTCG,30,774593
crpp3,5.5,11,1,ATACACACGTGTCCAAGGGC,10,777172
crpp3,3.0,6,1,AGTCTAAACGCCAAGCGATA,5,773688
crpp3,11.0,22,1,AGTATGCAAGTTTACGGCAG,21,790082
crpp3,3.0,6,1,AGTATCACTACGCCACGGAG,5,766216
crpp3,2.5,5,1,AGGGTAGAGCTCCCAAATGG,4,781393
crpp3,6.5,13,1,AGGGAGTCGCCTATCCTCCG,12,787123
crpp3,7.0,14,1,AGGGACCATGTTCTGGATCC,13,763183
crpp3,6.5,13,1,AGGCTCAACGGTGAGCGTAG,12,775760
crpp3,9.5,19,1,AGGCCACGGTTCTCCGGCCT,18,786138
crpp3,5.5,11,1,AGCATGGTATGGAGTCATGG,10,776847
crpp3,7.5,15,1,AGCATAAACCCACTTCGCCG,14,789753
crpp3,9.0,18,1,AGCAATCTGTGGCCACCATT,17,790689
crpp3,7.5,15,1,AGCAAGGGTAGCGTGCCCTC,14,780393
crpp3,8.5,17,1,AGAGCCCGGGGACCTCCCTT,16,765971
crpp3,3.5,7,1,ACTAGGTACTTCCTGTTTGG,6,788581
crpp3,3.5,7,1,ACGCGTGGGCTAGTGCGAAT,6,777681
crpp3,10.0,20,1,ACCTGTGTATGTGGGCGGTT,19,784361
crpp3,11.5,23,1,ACCCCTCTTCTCAGTGATAA,22,765694
crpp3,8.0,16,1,ACCAACGTAACCAGCTCAAC,15,759132
crpp3,1.0,2,1,ACATTCCATACGCTGTTGCC,1,780386
crpp3,4.0,8,1,ACACTTCGTCAGACGAGCAA,7,776963
crpp3,6.5,13,1,AATTTCTTTTGACGCGTAGC,12,784274
crpp3,1.5,3,1,AATGCCGGTTTGGATCGTGG,2,764913
crpp3,36.0,72,1,AATAGTTTGTAGATTAGCAT,71,782651
crpp3,9.0,18,1,AAGAAAAGCCGTGTAGATAA,17,773197
crpp3,1.0,2,1,AACTGTGGGGTCCGGGTTTG,1,762732
crpp3,1.0,2,1,AACTGGGTGGGGGCTAAAAT,1,767877
crpp3,7.0,14,1,AACGTGAGTAAGAGGTGATG,13,764362
crpp3,3.0,6,1,AACAGGCGGCTGGGCACCTT,5,763708
crpp3,8.5,17,1,AACACGTACTTTTAATCAGT,16,765886
crpp3,9.0,18,1,AAAAGTAGTTCCGTCTTTTA,17,784290
crpp3,0.007874015748031496,126,126,ATTAGCCCTGAAACACTGTA,0,765705
crpp3,0.008264462809917356,120,120,ATTAGGCTGGATACCAGAGT,0,765741
crpp3,0.01020408163265306,97,97,ACTTGGCAATACGCTCGTGC,0,758651
crpp3,0.011111111111111112,89,89,AGTCGGAAGTAACGCCACGG,0,760924
crpp3,0.012195121951219513,81,81,ATCCTACTAGGCCTACGTGT,0,777920
crpp3,0.0125,79,79,AGGTTATTAAAACATCCCAA,0,758427
crpp3,0.0125,79,79,AGGTGGAGACTAACCACTTA,0,767521
crpp3,0.013333333333333334,74,74,TTCGGAACAAGACAAGCGGT,0,774860
crpp3,0.013333333333333334,74,74,GGCTAATACGACGGAAATGA,0,758768
crpp3,0.0136986301369863,72,72,CTTGAGAGCGTGGATATGTT,0,777711
crpp3,0.013888888888888888,71,71,ATGGGTTAGAGGACAATACA,0,791160
crpp3,0.014084507042253521,70,70,GTCATTGGCTGTGGTTTACA,0,790788
crpp3,0.014492753623188406,68,68,CATTGTAATAGGGGCTCCAA,0,785632
crpp3,0.015151515151515152,65,65,TACGGGGGAGAGTAGCAGTG,0,789091
crpp3,0.015625,63,63,GTCGGATCCTCGTCCCACTT,0,761192
crpp3,0.016129032258064516,61,61,TGGTCTGGAATGTGTTGAGT,0,758895
crpp3,0.016129032258064516,61,61,CGATTTCTCGCGGGGCTGTT,0,766252
crpp3,0.01639344262295082,60,60,TATTTATATGTAGCACCGAA,0,761673
crpp3,0.01639344262295082,60,60,GTAGGACCCAAGAGCAATGT,0,769430
crpp3,0.01639344262295082,60,60,GTACGTTTCACGAGAAATAT,0,766419
crpp3,0.01639344262295082,60,60,ACACTCATGCAGAACAATTA,0,767073
crpp3,0.016666666666666666,59,59,CCCATACAGGTTAGCCCAAG,0,769928
crpp3,0.016666666666666666,59,59,ACGACTCACCGTGTCAGATG,0,773570
crpp3,0.016666666666666666,59,59,AACAGACCGTCAGTTTGAGA,0,790259
crpp3,0.01694915254237288,58,58,ATTGAACCGAAGTTGCCATA,0,763685
crpp3,0.01694915254237288,58,58,AAGGGGCAAACCGTCGTTCT,0,781085
crpp3,0.017241379310344827,57,57,ACGACTAAATAGAGGAGCGC,0,777618
crpp3,0.017543859649122806,56,56,ACAAAACCTGGACGACTATC,0,775458
crpp3,0.017857142857142856,55,55,TTTATCATCTTTCAGAGTAG,0,766235
crpp3,0.017857142857142856,55,55,TCAGGACGCGAGTGTACAAA,0,783638
crpp3,0.017857142857142856,55,55,GTGTTATAGCCCCTATTCGG,0,759916
crpp3,0.01818181818181818,54,54,TGCTATGGGTACCAGAACGG,0,766293
crpp3,0.01818181818181818,54,54,GCAGGATACTCCTGTATCCT,0,771707
crpp3,0.018518518518518517,53,53,GTTCGATAAGTACAAGCGAA,0,758677
crpp3,0.018518518518518517,53,53,GGTCCTATCGGGACGGTTTT,0,763714
crpp3,0.018867924528301886,52,52,GAAGAATCTAGGAATATAAT,0,784397
crpp3,0.018867924528301886,52,52,ATTCAAGGGCTTTAGTGGGT,0,771710
crpp3,0.018867924528301886,52,52,AATGATTCTCCTGGAAAAAC,0,765885
crpp3,0.019230769230769232,51,51,TTACTGATGACGGCAAAACC,0,764212
crpp3,0.019230769230769232,51,51,TACTAGACAGGGTGCTTCTG,0,783022
crpp3,0.019230769230769232,51,51,GTGCGTAAAAGACGAGATTA,0,760305
crpp3,0.0196078431372549,50,50,GCCTTTCGTAATACGTTACT,0,785477
crpp3,0.0196078431372549,50,50,GCCGATCCAAGAGATTAACA,0,765326
crpp3,0.0196078431372549,50,50,GATCCGTTCGTGGAACCGTA,0,763186
crpp3,0.0196078431372549,50,50,ATATGGCGTCATGCCGCATT,0,765159
crpp3,0.0196078431372549,50,50,AGGCTAGGCGAATCCGTTAT,0,762163
crpp3,0.02,49,49,TTTCAGCCGGGACGAGAGCG,0,778231
crpp3,0.02,49,49,TGACGGTACACTCTCTGTGC,0,781953
crpp3,0.02,49,49,TATAATTAGGCTCGCACCAT,0,779889
crpp3,0.02,49,49,TAGGACTATTGTTTATTCGA,0,777458
crpp3,0.02,49,49,CGCGTTGAGCACCATATGTA,0,780586
crpp3,0.02,49,49,ACCAGGTCGGAAAGGACCGT,0,766051
crpp3,0.02040816326530612,48,48,GGCCTGGACCTTAACGTTCT,0,776800
crpp3,0.02040816326530612,48,48,GGATGAGGTATGAGTCAAGC,0,764118
crpp3,0.02040816326530612,48,48,GGAAAAGTGGTTACACGTCA,0,776474
crpp3,0.02040816326530612,48,48,GCGGTAATGCTAATTAAAGT,0,762229
crpp3,0.02040816326530612,48,48,CAGTTACCATGGGCGGGGGT,0,775952
crpp3,0.02040816326530612,48,48,ATGGTGGTCTTCATGGCATA,0,767575
crpp3,0.02040816326530612,48,48,AGAATCATAAATAAGCGCGC,0,771622
crpp3,0.020833333333333332,47,47,TGCCTAATCTTACTGACGTA,0,786074
crpp3,0.020833333333333332,47,47,CCCTACCGGTTCGATTAATC,0,766000
crpp3,0.020833333333333332,47,47,AGAGGTAGTTACACCAAATA,0,780991
crpp3,0.020833333333333332,47,47,AGACGAGACACCGCATTCTT,0,763940
crpp3,0.020833333333333332,47,47,ACTGCCTGTGCCGGCTCTAA,0,778968
crpp3,0.020833333333333332,47,47,AACGTCAGTACTCTTGTCAG,0,787017
crpp3,0.02127659574468085,46,46,GTTCTAGTATATATCCGGAG,0,783740
crpp3,0.02127659574468085,46,46,GTCACGGCTCTACCCAAGTG,0,762254
crpp3,0.02127659574468085,46,46,GCCGCGTGGAGGCCGCGCCA,0,761650
crpp3,0.02127659574468085,46,46,AGCTGTGAGATTAACCTATA,0,776498
crpp3,0.02127659574468085,46,46,AGCAATGAGCTTGCTGGACC,0,780098
crpp3,0.02127659574468085,46,46,AAGTCCACGAAATATGTATC,0,759742
crpp3,0.021739130434782608,45,45,AGTCTGGCTTCCAGACTACT,0,764219
crpp3,0.021739130434782608,45,45,AGCCATGTTACAGGAATGCC,0,776920
crpp3,0.021739130434782608,45,45,AGCATTTGACCCCTCCTAAT,0,763291
crpp3,0.022222222222222223,44,44,TCGCTAAGTGTATCTGGTAT,0,776437
crpp3,0.022222222222222223,44,44,TAACTCAACCGATGGCTTCC,0,760621
crpp3,0.022222222222222223,44,44,AGTTGAGCTGGTCTGCCCTC,0,778058
crpp3,0.022222222222222223,44,44,AGACTCGATTATGGAGACTT,0,762760
crpp3,0.022727272727272728,43,43,TTTGTCCTGTGGTCACGTGT,0,760061
crpp3,0.022727272727272728,43,43,TGTGGGCGTCGTGTTGGGAG,0,761965
crpp3,0.022727272727272728,43,43,TCACCAGACTTTGATACGTA,0,786041
crpp3,0.022727272727272728,43,43,TAGCGTTATGGGACCGGCTG,0,765061
crpp3,0.022727272727272728,43,43,GCTGTAGAAGGGGGCCGGGT,0,772936
crpp3,0.022727272727272728,43,43,ATGTTCGAAGTCCGCATAAC,0,782032
crpp3,0.022727272727272728,43,43,ATGGGAAGATTCCTTGTGCG,0,761798
crpp3,0.022727272727272728,43,43,ACAACGTCAGGGGTGGAGCA,0,780540
crpp3,0.023255813953488372,42,42,TGATTATTACGCGGTGTGAA,0,780250
crpp3,0.023255813953488372,42,42,TGATGTCAGAGTGCGACTCA,0,777604
crpp3,0.023255813953488372,42,42,CGTAAAAGCTACGAGAGTCC,0,771179
crpp3,0.023255813953488372,42,42,CAGACCTGGCATGGTTGGCG,0,778609
crpp3,0.023255813953488372,42,42,CAACAGCCCATGTTCAAAGT,0,781280
crpp3,0.023255813953488372,42,42,ATGCTAAGCCCAGGTAAAGC,0,782489
crpp3,0.023255813953488372,42,42,ATCACGTTTAGCATCGACGC,0,762039
crpp3,0.023255813953488372,42,42,AATACGTAAAAATGACGGTC,0,761764
crpp3,0.023809523809523808,41,41,TAGAAGTCGGTCTTGGAGGC,0,769605
crpp3,0.023809523809523808,41,41,CGTCTTATCGCGGGTCTTAC,0,774786
crpp3,0.023809523809523808,41,41,CGAAGTCCAGGTTCTACTGG,0,774360
crpp3,0.023809523809523808,41,41,AGTAGCCACCGGCTTCCGAA,0,764500
crpp3,0.024390243902439025,40,40,GTTTCTAAGCACACCGCGTA,0,777144
crpp3,0.024390243902439025,40,40,GCGGTGATGTGGTCGCTGGA,0,785490
crpp3,0.024390243902439025,40,40,ATCGGTGATTTAATTGTCAA,0,778253
crpp3,0.024390243902439025,40,40,ATAAATTAATACAAGCAGTC,0,773094
crpp3,0.024390243902439025,40,40,AAGCGTGTGCCGTTCCTGGC,0,789453
crpp3,0.025,39,39,TAGGGAGCGGATCTCCGTCA,0,771328
crpp3,0.025,39,39,TAACGATCTCAGTTAATTCC,0,775616
crpp3,0.025,39,39,TAAAAAGTATATTCCGTCAA,0,787177
crpp3,0.025,39,39,GTGTGCCATGGGGTAGTCCT,0,765274
crpp3,0.025,39,39,GTAATAATGGCGGATGTCTG,0,765944
crpp3,0.025,39,39,GATAGTATAGGCCTCCGCGT,0,770272
crpp3,0.025,39,39,GAAGAATGGGACCAGAGAAG,0,773770
crpp3,0.025,39,39,GAACCCACCTCATGTGAAAT,0,770196
crpp3,0.025,39,39,CTCCTGGAACAGGCTCGGTT,0,775670
crpp3,0.025,39,39,CCATATCTGCCTCTAACTAT,0,770347
crpp3,0.025,39,39,AATGGATAGGACCTTCCAGT,0,760486
crpp3,0.025,39,39,AAGTTGCGGCTAATGGGCTA,0,774874
crpp3,0.02564102564102564,38,38,TTTGGCATATGGGTACGATC,0,768052
crpp3,0.02564102564102564,38,38,TGAACTGTCGATCTCATTCG,0,781175
crpp3,0.02564102564102564,38,38,TCTCCTCGTCCGCGTATCTT,0,764510
crpp3,0.02564102564102564,38,38,GGGAGCGTACGCGTCTGGTC,0,759326
crpp3,0.02564102564102564,38,38,GGATGCTGTGCACCTTGTCA,0,766713
crpp3,0.02564102564102564,38,38,GACATCTGAGGCAGGACGAA,0,760935
crpp3,0.02564102564102564,38,38,CGGAATACTGGCGTCTCTGG,0,766227
crpp3,0.02564102564102564,38,38,ATTAAACACTATTGCAGAAT,0,763659
crpp3,0.02564102564102564,38,38,ATCCGACCCGTAGTCAGTCT,0,760331
crpp3,0.02564102564102564,38,38,ACTATATGTAACATAAGGAC,0,760193
crpp3,0.02564102564102564,38,38,AAGCCCGAAGAAGGGAGACA,0,789417
crpp3,0.02564102564102564,38,38,AAATCTGCCTGGCTGGTTCA,0,765072
crpp3,0.02631578947368421,37,37,TTCCAGCACGCGCACTTCAG,0,765268
crpp3,0.02631578947368421,37,37,TGACCACGCACTGGGCGACG,0,789269
crpp3,0.02631578947368421,37,37,TCATTTGAGCACGCGCGTAC,0,769822
crpp3,0.02631578947368421,37,37,TACGTCAGAACGTTTGGACA,0,760300
crpp3,0.02631578947368421,37,37,GTGTGAGGAGCGTCCGGATT,0,762061
crpp3,0.02631578947368421,37,37,GTGGACAAGTAGCGGTTTGT,0,789281
crpp3,0.02631578947368421,37,37,GCCCTACGACGAATTGGGGA,0,790770
crpp3,0.02631578947368421,37,37,GAAAAACCAGCGCGCTGAGC,0,765060
crpp3,0.02631578947368421,37,37,CACGAGGTTATGTGGTGATA,0,765406
crpp3,0.02631578947368421,37,37,ATAATTATATCCGATCAACT,0,762442
crpp3,0.02631578947368421,37,37,AGGGAATAAGCGCCTAGAGG,0,782114
crpp3,0.02631578947368421,37,37,AAACATGCATGGTAAAAAAT,0,786754
crpp3,0.02702702702702703,36,36,TTTGCATGCTGCACAACGAT,0,770361
crpp3,0.02702702702702703,36,36,TTGTGCTTGGAACATCGGCA,0,772117
crpp3,0.02702702702702703,36,36,TTGTAGGATCGAGAGAGCTA,0,781795
crpp3,0.02702702702702703,36,36,TTCAGATAAGATGATTTCAA,0,767773
crpp3,0.02702702702702703,36,36,TTACGCCAGAATTATTCGAG,0,789629
crpp3,0.02702702702702703,36,36,TCAACTGAGGGATCCCTGTA,0,776448
crpp3,0.02702702702702703,36,36,CGCGGCCTTGCCGCAACCGT,0,787237
crpp3,0.02702702702702703,36,36,CCATCTTTCCTTCCAGACAA,0,775161
crpp3,0.02702702702702703,36,36,AATCGGGGAATCCCGGATCA,0,770788
crpp3,0.027777777777777776,35,35,TCGGTCCGGTTTGCACGTTA,0,783803
crpp3,0.027777777777777776,35,35,TCACGGGTAAGGCACAGTAC,0,780182
crpp3,0.027777777777777776,35,35,TATGTGCGACCTTCGGTACA,0,773735
crpp3,0.027777777777777776,35,35,GTTAATTTCGTGCTGAGGAC,0,767219
crpp3,0.027777777777777776,35,35,GTGTCAGTGTTGTGTCCACG,0,779982
crpp3,0.027777777777777776,35,35,GTCATCTCGGAGTACCCGTA,0,786506
crpp3,0.027777777777777776,35,35,GGGTTGTCGTCTAAGAAGAT,0,767774
crpp3,0.027777777777777776,35,35,GCTTCTGCAGGGAAGCGATC,0,759627
crpp3,0.027777777777777776,35,35,CTTTCCACGGCTCATTGTTA,0,776603
crpp3,0.027777777777777776,35,35,CTCTATCCATGCACCGAGCT,0,766637
crpp3,0.027777777777777776,35,35,CGCTTACGGTATCCGCACCA,0,790598
crpp3,0.027777777777777776,35,35,CGCCGGGCGGATTTAAACGT,0,759368
crpp3,0.027777777777777776,35,35,CGACTAAGACGACCCACGAG,0,770428
crpp3,0.027777777777777776,35,35,AAGAATCTGAGCACGTTCAT,0,774900
crpp3,0.027777777777777776,35,35,AACATCTTTTGGGTGTGGCT,0,768164
crpp3,0.02857142857142857,34,34,TCGTCGTATGTCGTGTATCT,0,790939
crpp3,0.02857142857142857,34,34,TCCCCAGGATACTTAATCAA,0,783884
crpp3,0.02857142857142857,34,34,GTGTCCCCAGCGTTCGCATG,0,765894
crpp3,0.02857142857142857,34,34,GTATCGCCACGATGATATAA,0,784116
crpp3,0.02857142857142857,34,34,GTAGGAAGCAAGGTATCTGT,0,777354
crpp3,0.02857142857142857,34,34,GAATTACGGAACGCCGTACT,0,761126
crpp3,0.02857142857142857,34,34,CGCTAATGTTTCGCTGGTAG,0,789258
crpp3,0.02857142857142857,34,34,CAGTTCCGCAACGACTAAAG,0,760299
crpp3,0.02857142857142857,34,34,CAGGAGGTCACACAACCCGT,0,759219
crpp3,0.02857142857142857,34,34,ACTGAGTCGGGAGATGCTGG,0,782181
crpp3,0.02857142857142857,34,34,ACCAATGGCATTAGAGGAGA,0,776560
crpp3,0.02857142857142857,34,34,ACAGGACTTAGGGGGGGAGC,0,786012
crpp3,0.02857142857142857,34,34,AATGGTAACTTCGGCACTAA,0,783130
crpp3,0.02857142857142857,34,34,AAGGCTTACAGCAGGAACTA,0,772610
crpp3,0.02857142857142857,34,34,AAAAGGTCATGGGCTCAAAG,0,758824
crpp3,0.029411764705882353,33,33,TTGGCCTGTTGTTGTAACGG,0,785672
crpp3,0.029411764705882353,33,33,TGCACGGCTTTTTAATGGTT,0,781859
crpp3,0.029411764705882353,33,33,TGAGTTGCGCTTAGTGTGAG,0,777116
crpp3,0.029411764705882353,33,33,TCCGGCGCTGTAGCTGGGAT,0,790487
crpp3,0.029411764705882353,33,33,TCAACATTACAGAGAGAACT,0,773780
crpp3,0.029411764705882353,33,33,GTAACTCGTGGAGTTCCTTG,0,767878
crpp3,0.029411764705882353,33,33,GGAACTCCTAATTGCGGTTG,0,772607
crpp3,0.029411764705882353,33,33,CTCAACTTGATGTGCTGAGT,0,790799
crpp3,0.029411764705882353,33,33,CTAACATAGCTTTACATCTA,0,776919
crpp3,0.029411764705882353,33,33,CGACGAAAACCAGGACAACT,0,770582
crpp3,0.029411764705882353,33,33,CGAAATTTATTGGACGATAT,0,787579
crpp3,0.029411764705882353,33,33,CCGCACATTGTAGACGCCTT,0,790569
crpp3,0.029411764705882353,33,33,CCCTGGCACTACGCTTTTAA,0,776622
crpp3,0.029411764705882353,33,33,ATCACGCATGCGCTTGGATA,0,774050
crpp3,0.029411764705882353,33,33,ATACAGAGGCGGCAGGCCGT,0,760348
crpp3,0.029411764705882353,33,33,AGGGAGTCTCGTAACGGTTA,0,760476
crpp3,0.029411764705882353,33,33,ACTCACCCGCCTCGGGACAA,0,788075
crpp3,0.029411764705882353,33,33,AAAGGGCAATCTTACGGGTG,0,759022
crpp3,0.029411764705882353,33,33,AAAACTGCCAGTCGCCCGTA,0,770548
crpp3,0.030303030303030304,32,32,TTTCCAACACACCACGGTGG,0,768492
crpp3,0.030303030303030304,32,32,TTTACGGTAGACGAAGTGAA,0,783446
crpp3,0.030303030303030304,32,32,TGGCGGTCGGGCGTGAGGGG,0,758686
crpp3,0.030303030303030304,32,32,TCATGTAAGGTTTCGGGGCG,0,778395
crpp3,0.030303030303030304,32,32,TCAGGCTGGCTTGACTGAAG,0,773225
crpp3,0.030303030303030304,32,32,GTTTGGGAGTGGGTTGTCCT,0,767948
crpp3,0.030303030303030304,32,32,GTCGCGCACCGTATATAAAC,0,773291
crpp3,0.030303030303030304,32,32,GTATACAGTGAGATGCCGCA,0,768327
crpp3,0.030303030303030304,32,32,GGCCGAGACCGTATACGATT,0,783548
crpp3,0.030303030303030304,32,32,GGACATCACCTCATCATCAT,0,772345
crpp3,0.030303030303030304,32,32,GCTGGCGTGCGAGATGCGGT,0,769410
crpp3,0.030303030303030304,32,32,CTGTTCCCTGCAAACTAAGA,0,782120
crpp3,0.030303030303030304,32,32,CTCTGAGCCCATCCCTTGAG,0,781068
crpp3,0.030303030303030304,32,32,CGTGTAGGTGACGTAAAGAG,0,780252
crpp3,0.030303030303030304,32,32,CGTGGCCAAGAGTCTGCATA,0,790243
crpp3,0.030303030303030304,32,32,CGAACCGGCTTTCGGGCAGT,0,760091
crpp3,0.030303030303030304,32,32,CCAGTGAGCGCTTAAGACGT,0,770657
crpp3,0.030303030303030304,32,32,CACATTGAGCATCTGTTGCA,0,766314
crpp3,0.030303030303030304,32,32,ATAATGCGACGAAGTTTTGT,0,784395
crpp3,0.030303030303030304,32,32,ACTCGGGGTAGTTTTATTTG,0,784731
crpp3,0.030303030303030304,32,32,AAGGATCGTTTATTAGGCTT,0,772314
crpp3,0.03125,31,31,TTGACTAGCCTACAGCAGTG,0,788880
crpp3,0.03125,31,31,TTAGAGTCTGTTTACTGGTC,0,783579
crpp3,0.03125,31,31,TCTTTGACTGAACATTGCGT,0,772228
crpp3,0.03125,31,31,TCGTATAGGGTGTACAGTGT,0,771470
crpp3,0.03125,31,31,TCCTCTGGTTTAGATAAGAA,0,783778
crpp3,0.03125,31,31,TAGGGCAGTAGTCAATTCCA,0,764289
crpp3,0.03125,31,31,TAGACGATAAAGTGATTGGT,0,780183
crpp3,0.03125,31,31,GCCCACATCAGAATGAACCA,0,767175
crpp3,0.03125,31,31,GCATCCAAGGAAGCGAACAG,0,765803
crpp3,0.03125,31,31,GAGACCGGACTTGCGAAACT,0,788573
crpp3,0.03125,31,31,GAACTGTAGTCGATGTGAAA,0,774056
crpp3,0.03125,31,31,CTCAGGGTCATAGCTTGCCT,0,785697
crpp3,0.03125,31,31,CTCAAGGTACGATGCTACCC,0,774111
crpp3,0.03125,31,31,CGGTCACTACTTACGCGAAG,0,765378
crpp3,0.03125,31,31,CCTAGCATTACATACTAAAT,0,764320
crpp3,0.03125,31,31,CCAAGACATTGAAACTTGCT,0,784761
crpp3,0.03125,31,31,CATGTGGGCATCCAATTTTT,0,778683
crpp3,0.03125,31,31,CATCCCGGCCCCATTGCGTA,0,776773
crpp3,0.03125,31,31,CACTTCACCTCATCTAAGGC,0,761952
crpp3,0.03125,31,31,CAATGGTGCCTTTCTTCAGT,0,787009
crpp3,0.03125,31,31,CAAGGCTTAATGCGACCACA,0,774377
crpp3,0.03125,31,31,AGACTCGTCACATTAGTCGG,0,760690
crpp3,0.03125,31,31,ACATTATCGAGTCTAGGTTT,0,772245
crpp3,0.03125,31,31,AATTAGGATGCTGCCGACAC,0,778298
crpp3,0.03225806451612903,30,30,TTTGGCCACTCTCGCAAAGT,0,778013
crpp3,0.03225806451612903,30,30,TTGGCGACGAGCTTAGTTGA,0,761706
crpp3,0.03225806451612903,30,30,TTGCGGCCGTAGGTTTATGT,0,769609
crpp3,0.03225806451612903,30,30,TTGCGCAAGGAGAGTAGGTA,0,783744
crpp3,0.03225806451612903,30,30,TGTCTCTGCTAATGATTGGT,0,778416
crpp3,0.03225806451612903,30,30,TGCATCTGGGCGTTCATCGA,0,777778
crpp3,0.03225806451612903,30,30,TGAGTTAGCGCACAGGTGCG,0,778728
crpp3,0.03225806451612903,30,30,TGACCCTGTAGGCTATGCGG,0,769376
crpp3,0.03225806451612903,30,30,TGACCACACCGCCCGCTACA,0,773160
crpp3,0.03225806451612903,30,30,TGAATATAGTGCAAGTTTCT,0,769227
crpp3,0.03225806451612903,30,30,TCGGAATGGCACGCGGGAGT,0,766534
crpp3,0.03225806451612903,30,30,TAGGGCACGGATCAATTCGA,0,768883
crpp3,0.03225806451612903,30,30,GTGTTTCGGGCTTCTTACCA,0,759215
crpp3,0.03225806451612903,30,30,GTGGCTCGGCCTATTACGAT,0,776943
crpp3,0.03225806451612903,30,30,GTACACGAGGTATGTATGTG,0,763393
crpp3,0.03225806451612903,30,30,GGGCCAAGGCTTACTCCTCG,0,785141
crpp3,0.03225806451612903,30,30,GGCAAGTGGGTCTCAGATCG,0,783249
crpp3,0.03225806451612903,30,30,GGATGGCGTTCAAAGACTCA,0,766786
crpp3,0.03225806451612903,30,30,GATACTAGCGTGGACGCTTT,0,785175
crpp3,0.03225806451612903,30,30,GAAGCAGGAGTGACTCTCTG,0,778796
crpp3,0.03225806451612903,30,30,CTTAGCTCGGTGGATGCAAC,0,776065
crpp3,0.03225806451612903,30,30,CTGGGTTCGCTCACTACTAG,0,763470
crpp3,0.03225806451612903,30,30,CGGGAGATAGAATGCTGACA,0,781195
crpp3,0.03225806451612903,30,30,CGATACTCACACTGGTAACG,0,767117
crpp3,0.03225806451612903,30,30,CCTGGGAGGAATGCGAGTAC,0,787061
crpp3,0.03225806451612903,30,30,CCCTAGGGCAATAGCACGCT,0,770959
crpp3,0.03225806451612903,30,30,CCCCAAACGTTATTGGGCAA,0,759493
crpp3,0.03225806451612903,30,30,CATCCTCCTGTGGGCTAAAA,0,783736
crpp3,0.03225806451612903,30,30,CACGTCTACGGAGCGTCTGA,0,769301
crpp3,0.03225806451612903,30,30,CACGTAATCGTATGCTTCTA,0,767518
crpp3,0.03225806451612903,30,30,ATTTCTTATTCGCGTATCGG,0,784229
crpp3,0.03225806451612903,30,30,ATTTATGACGACATCCCTTC,0,762253
crpp3,0.03225806451612903,30,30,ATTAGTGCTCACTTACGGTT,0,767012
crpp3,0.03225806451612903,30,30,ATCTGGTGGTGAGTACTATT,0,785147
crpp3,0.03225806451612903,30,30,AGGGAGACTCAATGCGCCAA,0,777028
crpp3,0.03225806451612903,30,30,AGGATCTCGACCGAGTAATG,0,768983
crpp3,0.03225806451612903,30,30,AGGAAAGGCTCTTGACAGGC,0,791209
crpp3,0.03225806451612903,30,30,ACGTGCTGGGCGACTGGCTG,0,764994
crpp3,0.03225806451612903,30,30,ACCGCACGCCCCTCACACAA,0,763407
crpp3,0.03225806451612903,30,30,AAACGTAGGGCAGTAATAAG,0,784497
crpp3,0.03225806451612903,30,30,AAACCAACAGCCACAGTAAG,0,785874
crpp3,0.03333333333333333,29,29,TTGGTGTACTTTATTACCAT,0,776522
crpp3,0.03333333333333333,29,29,TTAACTTGAAAAAGATATGT,0,789438
crpp3,0.03333333333333333,29,29,TGGAGCGAAGGTGCGTACGT,0,763029
crpp3,0.03333333333333333,29,29,TCCTAGCAGCAACGAACCAG,0,788653
crpp3,0.03333333333333333,29,29,TACTAAACGGCCTATTGCAT,0,790025
crpp3,0.03333333333333333,29,29,TACCAATATGGGCAGGATTG,0,780695
crpp3,0.03333333333333333,29,29,TAAGTTTAGCGTAAGGGGGT,0,789031
crpp3,0.03333333333333333,29,29,TAAGCGACTCGGGTGCAGGG,0,781325
crpp3,0.03333333333333333,29,29,GTACTACAGCATAGACGGTC,0,758838
crpp3,0.03333333333333333,29,29,GGTCATGGGAGAGAACCGGT,0,776048
crpp3,0.03333333333333333,29,29,GGCTGATGGCCAGGTATGCT,0,771671
crpp3,0.03333333333333333,29,29,GCTGCGACGCTACTATAACA,0,775049
crpp3,0.03333333333333333,29,29,GCAGCTGGTGGGGGGGCATT,0,781100
crpp3,0.03333333333333333,29,29,GCAGCAGGAAGTCCGGGCTG,0,770648
crpp3,0.03333333333333333,29,29,GCAAGGTAGCCTTGGCGAAT,0,775780
crpp3,0.03333333333333333,29,29,GATGCCTCAGGTAACTGCTA,0,776917
crpp3,0.03333333333333333,29,29,GAATACTCCATCCTCATTAT,0,790705
crpp3,0.03333333333333333,29,29,CTTAGGTCTGTAAAAGACTA,0,766139
crpp3,0.03333333333333333,29,29,CTGTAGTGCGTCTCGGACCG,0,772812
crpp3,0.03333333333333333,29,29,CTCCCGAGCAAAATGGAGAG,0,783770
crpp3,0.03333333333333333,29,29,CATTATAACAGATCATGGAG,0,778011
crpp3,0.03333333333333333,29,29,CATGGTTGGGTACCAAGGTT,0,776846
crpp3,0.03333333333333333,29,29,CAGGGGCCAGCTTCGTCATC,0,777516
crpp3,0.03333333333333333,29,29,CAGGGAGAACAGATCGGGTT,0,772082
crpp3,0.03333333333333333,29,29,ATGCTCCTATAAACGCATCA,0,786407
crpp3,0.03333333333333333,29,29,ATCATGACGGCATTTATGTA,0,767139
crpp3,0.03333333333333333,29,29,AGTGGGCATGGATACACGCT,0,773568
crpp3,0.03333333333333333,29,29,AGTGAGTTCAGGTATACGAG,0,775099
crpp3,0.03333333333333333,29,29,AGCCGGCTGAACCGTTTCAC,0,776433
crpp3,0.03333333333333333,29,29,AGAGAGCGGGATGCGTGGTT,0,762779
crpp3,0.03333333333333333,29,29,AGAATTGCCACATCAGACGG,0,775727
crpp3,0.03333333333333333,29,29,AGAAACGGGCAAAAGACTGC,0,760596
crpp3,0.03333333333333333,29,29,ACGCCCCACCAAGGCAACTG,0,769378
crpp3,0.03333333333333333,29,29,ACACACAAAGTATTATCGGA,0,773123
crpp3,0.03333333333333333,29,29,AATGTCCGGTCATTTGGGAC,0,770000
crpp3,0.03333333333333333,29,29,AATGCAGGGTCAAGTGGGAA,0,769286
crpp3,0.03333333333333333,29,29,AACGCCATGCGGTTCGCTGC,0,761735
crpp3,0.03333333333333333,29,29,AAATGCGTAAGCCTCCTGAT,0,777396
crpp3,0.03333333333333333,29,29,AAAGATAGCCAAGTCGATGA,0,767058
crpp3,0.034482758620689655,28,28,TTGTCAGACAGAAACCAAGT,0,777023
crpp3,0.034482758620689655,28,28,TGTTAACGTTTTATTCTATT,0,787274
crpp3,0.034482758620689655,28,28,TGTGATCTGCATTTTCCTGT,0,786445
crpp3,0.034482758620689655,28,28,TGGCGTGGCGGATGGTACTG,0,769996
crpp3,0.034482758620689655,28,28,TGAGCTCTGTTCTAGTAGTG,0,767075
crpp3,0.034482758620689655,28,28,TGAGCTATTCTAAGTGCGCT,0,760423
crpp3,0.034482758620689655,28,28,TCGGTGCAAGGGTAGGGCTC,0,786881
crpp3,0.034482758620689655,28,28,TCCTACGTTCTGCGAAGCTG,0,765708
crpp3,0.034482758620689655,28,28,TCAGAAAGACGTACCTAGAC,0,789791
crpp3,0.034482758620689655,28,28,TAGGACTTGCACAGTACGCT,0,777995
crpp3,0.034482758620689655,28,28,TACTCTGCGTTGTCAGAGAC,0,760327
crpp3,0.034482758620689655,28,28,GTGACCGCGCTCTGAGTTGC,0,763043
crpp3,0.034482758620689655,28,28,GTCGAAACAAGTTGCGGCTC,0,761057
crpp3,0.034482758620689655,28,28,GTCACTGACACACGGGTGGA,0,762735
crpp3,0.034482758620689655,28,28,GTATTGCGGGTTGTGGCGCT,0,779553
crpp3,0.034482758620689655,28,28,GGCATCTCTGGTTAAGAGCT,0,774414
crpp3,0.034482758620689655,28,28,GGAATAGAGACTGTTCATAC,0,790489
crpp3,0.034482758620689655,28,28,GCGTTAGACTCTTCGATTCC,0,759607
crpp3,0.034482758620689655,28,28,GCGGTTAACGCGAGCCAACT,0,785342
crpp3,0.034482758620689655,28,28,GCGGACTCTACATTCGAGAC,0,765089
crpp3,0.034482758620689655,28,28,GACCCCAGTGTAGGATATAA,0,774106
crpp3,0.034482758620689655,28,28,CTGGTAACGTAGCGCCGGAT,0,760404
crpp3,0.034482758620689655,28,28,CTCTCAACTAAAATGGGTGT,0,775654
crpp3,0.034482758620689655,28,28,CGTTATAGCTCTAGCATTCC,0,788364
crpp3,0.034482758620689655,28,28,CGGTATTCGTAGCTGTCCGA,0,779467
crpp3,0.034482758620689655,28,28,CGCGTGCGTGGGTAAGACCG,0,759298
crpp3,0.034482758620689655,28,28,CGCATCGCCTAAAAAAAGCG,0,783671
crpp3,0.034482758620689655,28,28,CGACCTTACATCACAACAAG,0,790226
crpp3,0.034482758620689655,28,28,CCGATTAGCACTTGCAACAC,0,759797
crpp3,0.034482758620689655,28,28,CCACGTGCGAATACGGGTCG,0,786772
crpp3,0.034482758620689655,28,28,CCAATTCATACAGGCAAGTA,0,763717
crpp3,0.034482758620689655,28,28,CATTTGGGCGTCTTCACTTA,0,765729
crpp3,0.034482758620689655,28,28,CATCTATGAAATGGCGATCT,0,779323
crpp3,0.034482758620689655,28,28,CAGTATGTACGGGGTACCTG,0,774861
crpp3,0.034482758620689655,28,28,CAAGAGTGCGCGCGACTACT,0,786550
crpp3,0.034482758620689655,28,28,ATTTGTATTCCGGCCTTCCG,0,759010
crpp3,0.034482758620689655,28,28,ATTTCAGAGCGATGACGAGT,0,764086
crpp3,0.034482758620689655,28,28,ATCGGCCAGACGTAGCTTCA,0,770296
crpp3,0.034482758620689655,28,28,AGTTAACTTCCACTCGAATG,0,770041
crpp3,0.034482758620689655,28,28,AGCGAATAGTAATATTTATT,0,767817
crpp3,0.034482758620689655,28,28,ACGCACTCCAAATGGGGAAG,0,774558
crpp3,0.034482758620689655,28,28,ACCCTATCCGTCTGGGTTTC,0,773200
crpp3,0.034482758620689655,28,28,AAGTTATAGCTCCACGTATA,0,764295
crpp3,0.03571428571428571,27,27,TTGTCAGGGCCAAATTCGGT,0,774903
crpp3,0.03571428571428571,27,27,TGTGAGCCCGGGTATTTCGA,0,784762
crpp3,0.03571428571428571,27,27,TGTCTCCCAAGGTTTCCAGA,0,771038
crpp3,0.03571428571428571,27,27,TGGGTTCAAGTCCGAATTCT,0,773481
crpp3,0.03571428571428571,27,27,TGATCTCCTTGAGATTCGAG,0,780953
crpp3,0.03571428571428571,27,27,TCGCTGGCTTCATGCGGAAG,0,789253
crpp3,0.03571428571428571,27,27,TATTCATCCATGTGCAGCGA,0,781714
crpp3,0.03571428571428571,27,27,TAGGGAGTGCGAATTCATGT,0,779265
crpp3,0.03571428571428571,27,27,TACTAGATCTCGGACGGGGT,0,768286
crpp3,0.03571428571428571,27,27,TACGTGGACATGGGCCGACC,0,770269
crpp3,0.03571428571428571,27,27,TAACCCCTTTAAAGGTCAGG,0,762894
crpp3,0.03571428571428571,27,27,GTTGGATACGCGGTCTCAGT,0,780721
crpp3,0.03571428571428571,27,27,GTATCCTGCAATTCTCCCTG,0,787447
crpp3,0.03571428571428571,27,27,GTACGGCTTCAGTAAGGCCA,0,777573
crpp3,0.03571428571428571,27,27,GGGTTTTATTGATTTCTCTG,0,766205
crpp3,0.03571428571428571,27,27,GGGTGGACACTCACTGCGAC,0,773527
crpp3,0.03571428571428571,27,27,GGGCGGGCGAAGGAATACAT,0,788848
crpp3,0.03571428571428571,27,27,GGCCCACGGTGAAACGTGAT,0,778045
crpp3,0.03571428571428571,27,27,GGATACCGCTATATCATCAG,0,787696
crpp3,0.03571428571428571,27,27,GGACCGTGAGCCGAGACACT,0,764217
crpp3,0.03571428571428571,27,27,GCGCTCAAGATATTCTGCTT,0,782872
crpp3,0.03571428571428571,27,27,GATGTACCGCAAGCGGCGTC,0,780181
crpp3,0.03571428571428571,27,27,GATCCGCGGGACGAACGACT,0,777921
crpp3,0.03571428571428571,27,27,GACCAGGACTATGCGAACTA,0,772240
crpp3,0.03571428571428571,27,27,CTGTCAACACCTCGTTAAGT,0,762210
crpp3,0.03571428571428571,27,27,CTCGGGGCCTGCCGTCGCCC,0,779170
crpp3,0.03571428571428571,27,27,CGCAGAAGCCCTAAAATGCA,0,769636
crpp3,0.03571428571428571,27,27,CGCACGTACATATGACGATA,0,770920
crpp3,0.03571428571428571,27,27,CGATCAACAGCGTGTAAAAC,0,774075
crpp3,0.03571428571428571,27,27,CCTCGTACCGCTTAGAACAG,0,782337
crpp3,0.03571428571428571,27,27,CACTCGTGGGTGGACTGCCT,0,772337
crpp3,0.03571428571428571,27,27,CACTCCTCGCAGTTAAAGGC,0,762893
crpp3,0.03571428571428571,27,27,CAAAGCACCGCTGTAGTTAG,0,783281
crpp3,0.03571428571428571,27,27,ATGCAGTCCCTTTCTATTAT,0,762534
crpp3,0.03571428571428571,27,27,ATGACCTGAATAGTCTGTGT,0,784404
crpp3,0.03571428571428571,27,27,ATCTCCTAGGTGGGAATGCT,0,786379
crpp3,0.03571428571428571,27,27,AGGTTGGTCATCTGCAATTA,0,788871
crpp3,0.03571428571428571,27,27,AGGCTGCGTCATGCTAGCAG,0,786301
crpp3,0.03571428571428571,27,27,AGAGTGGGCGAGCCGCGCAT,0,765271
crpp3,0.03571428571428571,27,27,ACAAGCGAGTAGAGATCGGT,0,777034
crpp3,0.03571428571428571,27,27,AAGCTCAATTAGACCTTGAG,0,783626
crpp3,0.03571428571428571,27,27,AAGCAAATGCTGGCGAGAGA,0,767222
crpp3,0.03571428571428571,27,27,AACTCGAACACGGCTAGGCA,0,764614
crpp3,0.03571428571428571,27,27,AAAGCCAGGGACCCTAATAG,0,778690
crpp3,0.037037037037037035,26,26,TTTACTGGGTCCTGGTGGCG,0,766096
crpp3,0.037037037037037035,26,26,TTTACAGATAGATGTGTTAA,0,777113
crpp3,0.037037037037037035,26,26,TTCAAGGTCATAAATCAGAC,0,759365
crpp3,0.037037037037037035,26,26,TCTGCCGAGCCATAGTCTGT,0,762938
crpp3,0.037037037037037035,26,26,TCCTCGGCGGGTTTCGTCTG,0,785077
crpp3,0.037037037037037035,26,26,TCAAAAAAATACCCATACAT,0,759676
crpp3,0.037037037037037035,26,26,TAGCGATGGGCTTTAAGCTC,0,779496
crpp3,0.037037037037037035,26,26,TAGAGGTTGCTGGCCAGGAT,0,782903
crpp3,0.037037037037037035,26,26,TAAGCTCATGAGTGACAATG,0,786078
crpp3,0.037037037037037035,26,26,TAAAGTAACCAGATGGAATC,0,771922
crpp3,0.037037037037037035,26,26,GTAGGCGGAAATTGAGGTAG,0,779490
crpp3,0.037037037037037035,26,26,GGTCGAATCTGGTAATGGGT,0,764101
crpp3,0.037037037037037035,26,26,GGTAGCCCGTGCAACAGGAG,0,781939
crpp3,0.037037037037037035,26,26,GCCTGGCGTGCCCATCAACT,0,778519
crpp3,0.037037037037037035,26,26,GACTGTACAAGCCAGACGGA,0,770869
crpp3,0.037037037037037035,26,26,GACCTCTGCTGTAGTACTCA,0,759531
crpp3,0.037037037037037035,26,26,GAAGATCGGTAATCGGTAGT,0,778764
crpp3,0.037037037037037035,26,26,CTTCCACCAGATGCATTACT,0,789164
crpp3,0.037037037037037035,26,26,CTATAACGTGTGTATTAATT,0,787569
crpp3,0.037037037037037035,26,26,CGGTTATGTATGAGGTCATG,0,767970
crpp3,0.037037037037037035,26,26,CGGTATGTCAGGCTTCTGCC,0,783871
crpp3,0.037037037037037035,26,26,CGCGAACCCGCGGTAAAATT,0,767416
crpp3,0.037037037037037035,26,26,CGACCCGGTAGCCAGTTGAA,0,781570
crpp3,0.037037037037037035,26,26,CGAACGATACTTTCGGGATA,0,762131
crpp3,0.037037037037037035,26,26,CCTTCGAAGCTCAGATGATA,0,769140
crpp3,0.037037037037037035,26,26,CCTGCCTAATAACCCCGTCA,0,788859
crpp3,0.037037037037037035,26,26,CCATACAGCAGGTGGTTTCA,0,758515
crpp3,0.037037037037037035,26,26,CAAAGCTGCTAGAACTGCAG,0,779317
crpp3,0.037037037037037035,26,26,CAAACATCCGATGGGAATGT,0,781042
crpp3,0.037037037037037035,26,26,ATTGACCTCAGTGTGCTCTC,0,768118
crpp3,0.037037037037037035,26,26,ATCCAAGCGGCTCACCATCT,0,778349
crpp3,0.037037037037037035,26,26,ATAGGAAAGGCTTGTACATA,0,767928
crpp3,0.037037037037037035,26,26,AGTTAAAACCACTCCCGTCT,0,763528
crpp3,0.037037037037037035,26,26,AGTCGCGATTACTATGGACC,0,759636
crpp3,0.037037037037037035,26,26,AGGGGGTTTTTAAAGCTTCT,0,775976
crpp3,0.037037037037037035,26,26,AGCCTTTGCTCCACGGGTGA,0,766574
crpp3,0.037037037037037035,26,26,AGCCACGTCATATCACCGTT,0,787953
crpp3,0.037037037037037035,26,26,AGACTACGCGGGTGTTTCTC,0,770420
crpp3,0.037037037037037035,26,26,AACGCACTCATAGGTCGCGT,0,779935
crpp3,0.037037037037037035,26,26,AACGACTCTCGTACGGACGT,0,787650
crpp3,0.038461538461538464,25,25,TTTTAGCACAGCCATGAAAA,0,777280
crpp3,0.038461538461538464,25,25,TTGCGGCAGGCCCTAGCAAC,0,784703
crpp3,0.038461538461538464,25,25,TTGATGACACATAGAAACAA,0,776754
crpp3,0.038461538461538464,25,25,TTCCTGCATCTTCGCCAACA,0,770587
crpp3,0.038461538461538464,25,25,TTCCGACTATTATGCTGTAA,0,769197
crpp3,0.038461538461538464,25,25,TTAGGCAGACCGGAATACAG,0,769606
crpp3,0.038461538461538464,25,25,TTACGCGCAATCCATTCCTA,0,775159
crpp3,0.038461538461538464,25,25,TGTTGGTCGTGATTTCAGTG,0,769336
crpp3,0.038461538461538464,25,25,TGGGCTAGGGATACCCGACA,0,761143
crpp3,0.038461538461538464,25,25,TGGCACCTGTAAGACCGAGA,0,770416
crpp3,0.038461538461538464,25,25,TGCCGCTGAGATAACTGACA,0,783080
crpp3,0.038461538461538464,25,25,TGCCCCGTAGCTCCGGTATT,0,775572
crpp3,0.038461538461538464,25,25,TGCAGGTTCTTTCAGACGCT,0,787762
crpp3,0.038461538461538464,25,25,TGAGAATTCCCAGCTCACTT,0,770086
crpp3,0.038461538461538464,25,25,GTTTATTTAGTTTACCGCCG,0,769667
crpp3,0.038461538461538464,25,25,GTCCGAACAGATATCCGGCT,0,769356
crpp3,0.038461538461538464,25,25,GGGGTCACCACCAATTTAGC,0,787512
crpp3,0.038461538461538464,25,25,GGGCTGAGGATCACCGCATC,0,769768
crpp3,0.038461538461538464,25,25,GGGCACATAGTTCTTGAGTT,0,759585
crpp3,0.038461538461538464,25,25,GGCACGCGGGCGTGATTTAA,0,788052
crpp3,0.038461538461538464,25,25,GGAGTAAACTAACGGCCACA,0,787832
crpp3,0.038461538461538464,25,25,GGAGACCGCTATCGGTAGTA,0,768283
crpp3,0.038461538461538464,25,25,GCGTGTGTATCGCATGCCAG,0,780102
crpp3,0.038461538461538464,25,25,GCGGCCTTGAACCACCTTCA,0,771857
crpp3,0.038461538461538464,25,25,GCCCAGGGCCGATAGTGGAT,0,767651
crpp3,0.038461538461538464,25,25,GATTAGGGAAATATCCCCAT,0,760466
crpp3,0.038461538461538464,25,25,CTGGGAAGCTCCGTTAGCGC,0,773321
crpp3,0.038461538461538464,25,25,CTGACAGCGAGGGAGGAAAC,0,777798
crpp3,0.038461538461538464,25,25,CGGGCGATAGGCGCCCAGGT,0,788614
crpp3,0.038461538461538464,25,25,CGCCACTGCAGAAGAAGATC,0,787505
crpp3,0.038461538461538464,25,25,CGAGACATGCCGAGGCACGT,0,769085
crpp3,0.038461538461538464,25,25,CATCTGATTACTGCATCCTC,0,789122
crpp3,0.038461538461538464,25,25,CAATTTGCGCACAGGGTTCG,0,761744
crpp3,0.038461538461538464,25,25,CAATAGGCCCGTCACTTCGA,0,779375
crpp3,0.038461538461538464,25,25,ATGCCACGGGCATTCGGCTG,0,789325
crpp3,0.038461538461538464,25,25,ATCTCTGGTCATGGACCATA,0,784022
crpp3,0.038461538461538464,25,25,ATAGCTGGGCAAGTTGTGCC,0,779713
crpp3,0.038461538461538464,25,25,AGGTCAGTCCACACCTGCAA,0,786928
crpp3,0.038461538461538464,25,25,AGCGTCTTTTGTGTTTGATA,0,790660
crpp3,0.038461538461538464,25,25,AGCCTAGTTGTAGATTATTA,0,763474
crpp3,0.038461538461538464,25,25,ACTCGAGAGTAACATTTAGT,0,775772
crpp3,0.038461538461538464,25,25,ACAATATGGAAACGACGCTG,0,768119
crpp3,0.038461538461538464,25,25,AATACCGTAGTATACCAAAT,0,790252
crpp3,0.038461538461538464,25,25,AAGCTTAATGATTAATGCAG,0,790996
crpp3,0.038461538461538464,25,25,AACTTAATAGTCGCGCACAT,0,762074
crpp3,0.038461538461538464,25,25,AACATTATGCGAGATCTCGC,0,769831
crpp3,0.038461538461538464,25,25,AAATTGAGCCATTATGCGTC,0,758822
crpp3,0.038461538461538464,25,25,AAACCTAATTTTTGTGGGAG,0,790251
crpp3,0.04,24,24,TTAATATTTGGAACTCCTAC,0,775281
crpp3,0.04,24,24,TGTTTATACCCTGTCGTAGG,0,780692
crpp3,0.04,24,24,TGGTGTTCTCCTCGAGGAAG,0,774367
crpp3,0.04,24,24,TGGGTGATATTTTAATACTT,0,770324
crpp3,0.04,24,24,TCGCTCGGTAAGAAGTGCCA,0,764827
crpp3,0.04,24,24,TCGAATGCCTGTCGGGTTTG,0,772118
crpp3,0.04,24,24,TCAGGGTAGCAGGGAAGGGT,0,780632
crpp3,0.04,24,24,TATCGACGGGGATTCTATAT,0,763943
crpp3,0.04,24,24,TATCATACCTAGTCTATTAT,0,773274
crpp3,0.04,24,24,TAGAATTATGAGCGGTGGTT,0,759051
crpp3,0.04,24,24,TAGAAAAGATTTTATGCGGT,0,773394
crpp3,0.04,24,24,TACGATTGGGGCTCCCATTG,0,789507
crpp3,0.04,24,24,TAAAGTTCTACCCATGAAAT,0,764471
crpp3,0.04,24,24,GTTTAAGACGGGGGTAGCTT,0,771014
crpp3,0.04,24,24,GTTGAACATACGCATAAAAT,0,772972
crpp3,0.04,24,24,GTGTTGGTACGAGGCAACAC,0,782189
crpp3,0.04,24,24,GTCGTCACGATCTTATGGGT,0,773310
crpp3,0.04,24,24,GTATGTAGGGTCCGATTAGT,0,773161
crpp3,0.04,24,24,GTAAGTCTCACCTGTCCTCA,0,781722
crpp3,0.04,24,24,GCTTTGCCGACCTCGATCCA,0,761640
crpp3,0.04,24,24,GCGAAGTATATCCAGCCCTT,0,774168
crpp3,0.04,24,24,GATCAGAGTAGGACCGCCAT,0,777024
crpp3,0.04,24,24,GATAGAACGGGAATCAACGA,0,777340
crpp3,0.04,24,24,GACCCAAGGAACAATCCGAT,0,788652
crpp3,0.04,24,24,GACACTACGTGGAGATACTG,0,760016
crpp3,0.04,24,24,GAAGGAGCGGCTGGGCGTGC,0,778846
crpp3,0.04,24,24,CTTTGGGGAAAACGGTGGCC,0,767822
crpp3,0.04,24,24,CGGCACCTGAGCTTCTAACA,0,777555
crpp3,0.04,24,24,CGGATTTCGCGCACTTTAGG,0,772646
crpp3,0.04,24,24,CGCTAACAGACTACTCCTTT,0,763500
crpp3,0.04,24,24,CCTGACACGAGCCGGCTGAG,0,763105
crpp3,0.04,24,24,CCCTAGAAATAACGGAGCTT,0,771398
crpp3,0.04,24,24,CCATTTAACTTAAGCCCGGT,0,762578
crpp3,0.04,24,24,CAGTGCTCAGAGCGCCTGGG,0,763403
crpp3,0.04,24,24,CAGGTGGGACCTGGTCTTAC,0,782082
crpp3,0.04,24,24,ATTGCATGGTAGTCTGTATG,0,758429
crpp3,0.04,24,24,ATATCGCCGGCAAGTACCGA,0,759985
crpp3,0.04,24,24,AGTGGGAGGTTTGTCCGTAA,0,784823
crpp3,0.04,24,24,AGCCGTAGACTTTATCTTTA,0,786802
crpp3,0.04,24,24,AGAAATAGCTGGCTGCGCTG,0,771739
crpp3,0.04,24,24,ACGAGAATGCCCTACAGCGA,0,774383
crpp3,0.04,24,24,ACGAAGCAAGACGTAGGCGT,0,767858
crpp3,0.04,24,24,ACCCCGGGCAGAAATTGCAT,0,767638
crpp3,0.04,24,24,ACAGGACAATACTCCAGGAC,0,791070
crpp3,0.04,24,24,ACACCATCAAGCGCGCTGCC,0,773213
crpp3,0.04,24,24,AATTAGGTTATAACATGGGT,0,771731
crpp3,0.04,24,24,AATCGGAACGGACCGCCAGC,0,779645
crpp3,0.04,24,24,AACCCATCGGGATAATCAGG,0,759706
crpp3,0.04,24,24,AACAATGATCATCCGTACAC,0,762231
crpp3,0.041666666666666664,23,23,TTTAGGCCAAAAACTGATCA,0,763505
crpp3,0.041666666666666664,23,23,TTGGTGAACTCGTTAACAAA,0,767099
crpp3,0.041666666666666664,23,23,TTCATGCTTTTATATTATCG,0,763160
crpp3,0.041666666666666664,23,23,TGTTAGCCCCAATCTTTCGT,0,787959
crpp3,0.041666666666666664,23,23,TGTGCACTCGCAAGGAGCAA,0,764767
crpp3,0.041666666666666664,23,23,TGTCCTATTTTTTTCGAGAT,0,769386
crpp3,0.041666666666666664,23,23,TGGCGGAGGGGCGCATCTTC,0,768693
crpp3,0.041666666666666664,23,23,TGCCGATATTACATTTTAAT,0,777312
crpp3,0.041666666666666664,23,23,TGCAGGCAAATTTGCGATCT,0,762517
crpp3,0.041666666666666664,23,23,TGATCCTCATATTATTGAGG,0,774326
crpp3,0.041666666666666664,23,23,TGAGAGGTGGATATGTTTTA,0,764590
crpp3,0.041666666666666664,23,23,TCGGGCACAATGCTTCGACT,0,758852
crpp3,0.041666666666666664,23,23,TCGATAGATCTACAATTCTG,0,768751
crpp3,0.041666666666666664,23,23,TCCTTGTACCGGAAGTGGGA,0,773449
crpp3,0.041666666666666664,23,23,TCCCGCCTACAGCTTGTCAA,0,789780
crpp3,0.041666666666666664,23,23,TATCCGCCCGGGTTACTTCG,0,764856
crpp3,0.041666666666666664,23,23,TAGGGTTATGAACGGTGGCG,0,773336
crpp3,0.041666666666666664,23,23,TAGACTGGGCTGGCTCAGCA,0,760089
crpp3,0.041666666666666664,23,23,TAAGGCTGGGTCTCTAAATA,0,774155
crpp3,0.041666666666666664,23,23,GTGTAGGATGAGCGTGTAAT,0,775364
crpp3,0.041666666666666664,23,23,GTCTATCCGCGGAACGTCCG,0,785993
crpp3,0.041666666666666664,23,23,GTCTATAAGAATAAGAGTAA,0,779203
crpp3,0.041666666666666664,23,23,GTCATTACTTGGAGTCACGT,0,778514
crpp3,0.041666666666666664,23,23,GGTTTTACAAAGTTTATCGG,0,768747
crpp3,0.041666666666666664,23,23,GGTTCTATGCACGGCCTATA,0,778570
crpp3,0.041666666666666664,23,23,GGTTCGCGCACGGCGCCATT,0,761035
crpp3,0.041666666666666664,23,23,GGTAGGGGTCTTAGGAGTGT,0,766441
crpp3,0.041666666666666664,23,23,GGAGGAGCGTGCGGCCAATC,0,781014
crpp3,0.041666666666666664,23,23,GGAAGCGTGAGTGATAAGTA,0,769446
crpp3,0.041666666666666664,23,23,GCTTTCTCGACAGAGTTAGG,0,763495
crpp3,0.041666666666666664,23,23,GCGCCTGGGTCGGAATTACT,0,766157
crpp3,0.041666666666666664,23,23,GATCCCATCTTCTAAATTAA,0,761223
crpp3,0.041666666666666664,23,23,GAGGCCTTAATGATAGGGAT,0,783808
crpp3,0.041666666666666664,23,23,GAGCATTAGGGCTGTCTATC,0,772987
crpp3,0.041666666666666664,23,23,GACAGGTTGAGACAAGCCAT,0,788947
crpp3,0.041666666666666664,23,23,CTGGGATGGAAGGGGCTCCA,0,783499
crpp3,0.041666666666666664,23,23,CTAAATTCAGCTCAGGTAGT,0,787031
crpp3,0.041666666666666664,23,23,CGTTTCTGCCAGAGTCACAA,0,773681
crpp3,0.041666666666666664,23,23,CGTATAGAAGTGATGAACTT,0,769277
crpp3,0.041666666666666664,23,23,CGTAGAGGATAGTGCCACTT,0,783700
crpp3,0.041666666666666664,23,23,CGAGGATGTGAGTAGGTGCC,0,782978
crpp3,0.041666666666666664,23,23,CCCATCTTCGGATTCCCCAC,0,771446
crpp3,0.041666666666666664,23,23,CATACTTCTTTTTCGCGGCC,0,787089
crpp3,0.041666666666666664,23,23,CAGTCGGACTCGCGGGAGTT,0,765484
crpp3,0.041666666666666664,23,23,CACTCCGAGGCCCCGTCCTA,0,777278
crpp3,0.041666666666666664,23,23,CAATAATCTGTATTGCCGGG,0,770710
crpp3,0.041666666666666664,23,23,CAAGAGACATGAAAATGATA,0,771238
crpp3,0.041666666666666664,23,23,CAACGCGGTATTCGATGAAG,0,771993
crpp3,0.041666666666666664,23,23,ATTGAGGAAGTGCATACATT,0,780506
crpp3,0.041666666666666664,23,23,ATGTGCACCGTATACGGTAC,0,777031
crpp3,0.041666666666666664,23,23,ATGGTTGAACGCTTCCCGCC,0,765355
crpp3,0.041666666666666664,23,23,ATCGCGGACCAAACGAATTG,0,760057
crpp3,0.041666666666666664,23,23,ATATTCCGCACCCCAGTACT,0,780303
crpp3,0.041666666666666664,23,23,AGTCCTTGGATTAAGGATTG,0,787883
crpp3,0.041666666666666664,23,23,AGTATGATAGTACACATGAT,0,760452
crpp3,0.041666666666666664,23,23,AGGAACAATGCTACTATGCT,0,775637
crpp3,0.041666666666666664,23,23,AGCGGCAGTGTGCCCGACAA,0,784781
crpp3,0.041666666666666664,23,23,AGAAAATTCTTAAGTGTGAT,0,764511
crpp3,0.041666666666666664,23,23,ACTGGGCGAGTAGTCCTCGC,0,780776
crpp3,0.041666666666666664,23,23,ACGAAGTGGATTAAGAAGCC,0,779941
crpp3,0.041666666666666664,23,23,ACCAGTCAGCGTCCGTAGGA,0,775088
crpp3,0.041666666666666664,23,23,AATCAGAATACGTAACAGCC,0,769377
crpp3,0.041666666666666664,23,23,AATATCTCCTGCATCCACGC,0,776271
crpp3,0.041666666666666664,23,23,AAGCGTGGGTCCACTTTTCA,0,779389
crpp3,0.041666666666666664,23,23,AAATTGCAATGGCTACGCAA,0,765891
crpp3,0.043478260869565216,22,22,TTTTCCTGGGTTGCTTAGCA,0,771042
crpp3,0.043478260869565216,22,22,TTTACCGTTCGCGTTGCGCA,0,784174
crpp3,0.043478260869565216,22,22,TTGCCGGACAGAAAGTATAG,0,781921
crpp3,0.043478260869565216,22,22,TTGAGGGCGTGCAAGATCTG,0,774920
crpp3,0.043478260869565216,22,22,TTCACCGGCTGATCCCGGTA,0,774296
crpp3,0.043478260869565216,22,22,TGGTGAATGACTACGGAGTT,0,778895
crpp3,0.043478260869565216,22,22,TGGCGTTCTAAACTCCCGCA,0,759218
crpp3,0.043478260869565216,22,22,TGGCGGTCGGGCTGACTACG,0,787452
crpp3,0.043478260869565216,22,22,TGGACTTATAACAGTTTTCG,0,764478
crpp3,0.043478260869565216,22,22,TCGCCGCTGCTATTTTCAGC,0,776058
crpp3,0.043478260869565216,22,22,TCCGTTTCTTGGCCACGGCC,0,768782
crpp3,0.043478260869565216,22,22,TCCATGATCTACATCAATTA,0,758657
crpp3,0.043478260869565216,22,22,TATGATTGTGAGGCCCTGCG,0,760794
crpp3,0.043478260869565216,22,22,TAGGGTACCGTTTGGAGCGT,0,773211
crpp3,0.043478260869565216,22,22,TAGGACGAATGGCTGCACGG,0,765267
crpp3,0.043478260869565216,22,22,TACCAATATGCAGATCAGAA,0,761889
crpp3,0.043478260869565216,22,22,TACACAATTCTTCAATTCAC,0,777133
crpp3,0.043478260869565216,22,22,GTTCGACAAATCAACTCATA,0,781742
crpp3,0.043478260869565216,22,22,GTTCATTATGGCAGGTATGC,0,771653
crpp3,0.043478260869565216,22,22,GTCTGACAGATAGCAAGGCC,0,775881
crpp3,0.043478260869565216,22,22,GTATATCTCCATCCCCTCCG,0,761733
crpp3,0.043478260869565216,22,22,GTACGAGACTGTGGCAAGTA,0,761581
crpp3,0.043478260869565216,22,22,GGTTGCATATCCCCGAAGAG,0,761323
crpp3,0.043478260869565216,22,22,GGTCCGCGAAATGTACTGGA,0,780983
crpp3,0.043478260869565216,22,22,GGGGCAAACGTATCTGTTTG,0,782691
crpp3,0.043478260869565216,22,22,GGGCCTGGGGCCTTAACGGA,0,781546
crpp3,0.043478260869565216,22,22,GGCCGTTTCAGCCCAGCATT,0,761129
crpp3,0.043478260869565216,22,22,GGCCACTATCGCGTAGGGGT,0,771746
crpp3,0.043478260869565216,22,22,GCTTCAGGTAAGCTCCTGCG,0,786345
crpp3,0.043478260869565216,22,22,GCTGTTCTTTAAAGGTGCGC,0,770858
crpp3,0.043478260869565216,22,22,GCGTCTTCGCACACTGTCCG,0,768650
crpp3,0.043478260869565216,22,22,GCGAACAAAGCAGGCACTCA,0,773528
crpp3,0.043478260869565216,22,22,GCAATGGTTGCTCGCAGGGA,0,763736
crpp3,0.043478260869565216,22,22,GCAATGGTTCTGGTGGTTCC,0,767827
crpp3,0.043478260869565216,22,22,GATCCGATAGCTTGATATGC,0,780959
crpp3,0.043478260869565216,22,22,GATAGCTTGTCTGACAGCCA,0,785089
crpp3,0.043478260869565216,22,22,GAGGGAAACAATGATAACTA,0,767116
crpp3,0.043478260869565216,22,22,GAGCACGGATCGCTCAAGCA,0,772730
crpp3,0.043478260869565216,22,22,GAGACCGGCGTTCTCCCTCG,0,777375
crpp3,0.043478260869565216,22,22,GACAGTTCGGGTTTTAGTTA,0,759746
crpp3,0.043478260869565216,22,22,GAACTTCTGATTGCTAGGCG,0,762448
crpp3,0.043478260869565216,22,22,GAAAGTCTCTTTGGCCACAG,0,776218
crpp3,0.043478260869565216,22,22,CTTGCACATACAAGGGCTTC,0,759729
crpp3,0.043478260869565216,22,22,CTGGCACCGAGACAAGATCA,0,780582
crpp3,0.043478260869565216,22,22,CTGAGACCCATCGGGCAGGG,0,762415
crpp3,0.043478260869565216,22,22,CTCGGTCAATTAACTTCGGC,0,764503
crpp3,0.043478260869565216,22,22,CTATATCGTTTGGAGTCATG,0,772343
crpp3,0.043478260869565216,22,22,CGTTCTGGCGTACCGCGGTC,0,759353
crpp3,0.043478260869565216,22,22,CGTCCTAACACTAAATTAGG,0,758946
crpp3,0.043478260869565216,22,22,CGTCACTGTCATGCGGATAG,0,786240
crpp3,0.043478260869565216,22,22,CGCCGAGTGGTACGCTTCAA,0,759211
crpp3,0.043478260869565216,22,22,CCTTACGCGAGACGTAAGAG,0,783306
crpp3,0.043478260869565216,22,22,CCTGCAAGCCATACCATCGT,0,761053
crpp3,0.043478260869565216,22,22,CCTAGTGAGGTACAGGACAT,0,784966
crpp3,0.043478260869565216,22,22,CATCGATCGTACCTTTCCCA,0,777874
crpp3,0.043478260869565216,22,22,CATACTCCGTCGTGTGCAGC,0,781602
crpp3,0.043478260869565216,22,22,CACAGTCAATTATGTTTATA,0,785711
crpp3,0.043478260869565216,22,22,CAAATATTTCATCAGCTGAG,0,785049
crpp3,0.043478260869565216,22,22,ATTTTGCTTGTACAACCATG,0,785739
crpp3,0.043478260869565216,22,22,ATTGGTCGCGTCTTGAGTAA,0,772372
crpp3,0.043478260869565216,22,22,ATTCAATGGGTACTCATGAC,0,773736
crpp3,0.043478260869565216,22,22,ATTATTGACTCAGTGAACGA,0,765646
crpp3,0.043478260869565216,22,22,ATGCGTCCGGTTGGTCTGAT,0,767664
crpp3,0.043478260869565216,22,22,ATATACGAGGTGATAGAGCA,0,776056
crpp3,0.043478260869565216,22,22,ATAGCACTCGTGTCCGATAA,0,771041
crpp3,0.043478260869565216,22,22,AGTCTCAACTACTCTGATAT,0,787484
crpp3,0.043478260869565216,22,22,AGGGTTGCGGGCTCAGAAAA,0,778489
crpp3,0.043478260869565216,22,22,AGCAGTATTTAGGTTCGCAA,0,787567
crpp3,0.043478260869565216,22,22,AGATACGCGGCATGAATCGC,0,772643
crpp3,0.043478260869565216,22,22,AGACACGAAGTTCGATGCCT,0,780557
crpp3,0.043478260869565216,22,22,AGAAGCACATTGCGATGGAA,0,770355
crpp3,0.043478260869565216,22,22,ACTTGGGATCCCGTGGGGCT,0,778158
crpp3,0.043478260869565216,22,22,ACTTGCGCGAGATTTGACAG,0,780185
crpp3,0.043478260869565216,22,22,ACTACGGGGAGTAGAGTTCA,0,778573
crpp3,0.043478260869565216,22,22,ACTAACAGCGTGGCATACTT,0,781774
crpp3,0.043478260869565216,22,22,ACCTTTACAGTGTCTTATCA,0,779891
crpp3,0.043478260869565216,22,22,ACAGTCTGGGGATTCGGCGG,0,764829
crpp3,0.043478260869565216,22,22,AATCAATACAATTGGCGGTT,0,764770
crpp3,0.043478260869565216,22,22,AAGATGGTATTTTATTTTAC,0,768398
crpp3,0.043478260869565216,22,22,AACTAGGGATATAATCCGGA,0,762361
crpp3,0.043478260869565216,22,22,AAAGGCGGTTAGGTTCTCCC,0,778775
crpp3,0.045454545454545456,21,21,TTTTAATAACATTATATCTT,0,776324
crpp3,0.045454545454545456,21,21,TTGCGGCCGAACACCTAATA,0,786923
crpp3,0.045454545454545456,21,21,TTGATGGTGGAAGCGCACCT,0,772309
crpp3,0.045454545454545456,21,21,TTGAAGTGTAATCGTCTTTA,0,780437
crpp3,0.045454545454545456,21,21,TTCTGGAGAATCCCGGGATT,0,773018
crpp3,0.045454545454545456,21,21,TTCAGCAGGTGGAGTCTGAA,0,759208
crpp3,0.045454545454545456,21,21,TTATAGCGTGCTGCTCGTGG,0,765251
crpp3,0.045454545454545456,21,21,TTACATCAGCGCAGCCCATT,0,759698
crpp3,0.045454545454545456,21,21,TGTGGCTCTCAGTAGTTACT,0,762574
crpp3,0.045454545454545456,21,21,TGGAACCGGGACGTACGAAA,0,787213
crpp3,0.045454545454545456,21,21,TGCCGAGCGTATCGTACACC,0,786377
crpp3,0.045454545454545456,21,21,TGCCGAATTCGTGTCGTAAA,0,784122
crpp3,0.045454545454545456,21,21,TGAACCACATGGTTGGAATC,0,780406
crpp3,0.045454545454545456,21,21,TCTGGTAGGATGAGTAACCA,0,768843
crpp3,0.045454545454545456,21,21,TCGATGCGTACGTCGCCTCC,0,760346
crpp3,0.045454545454545456,21,21,TCCACCCTGACGGACTTCGC,0,760328
crpp3,0.045454545454545456,21,21,TCATACAACTATCTAAGGTT,0,769230
crpp3,0.045454545454545456,21,21,TATATGAATTAGACGGCATT,0,788022
crpp3,0.045454545454545456,21,21,TAGGATTGATGCTCATTTTA,0,767542
crpp3,0.045454545454545456,21,21,TACGTGTAACAACAGTGTCG,0,770262
crpp3,0.045454545454545456,21,21,TACATTACAAGCACCAGGAA,0,769929
crpp3,0.045454545454545456,21,21,TACACTGGGGCCGTCTGTTC,0,760636
crpp3,0.045454545454545456,21,21,TAATCGGCTAAGGGAACTAG,0,781618
crpp3,0.045454545454545456,21,21,TAATACGCCAAGGGAGTGCG,0,778102
crpp3,0.045454545454545456,21,21,GTTAAAGCATCGGCGTAGGC,0,789189
crpp3,0.045454545454545456,21,21,GTCTTTATGGAAACTGCGCT,0,771382
crpp3,0.045454545454545456,21,21,GTCATGTTCTCTGGAACCTA,0,770774
crpp3,0.045454545454545456,21,21,GTACTCAGCGTGCTAACGAG,0,773913
crpp3,0.045454545454545456,21,21,GTACAGGGTTTGTAAAGGTT,0,784447
crpp3,0.045454545454545456,21,21,GGGTACGGTGAAATTAGACG,0,768737
crpp3,0.045454545454545456,21,21,GGCGTTCTGTCCGGGTACAT,0,760947
crpp3,0.045454545454545456,21,21,GGCCCGAGGCGTAGGAGCTT,0,764615
crpp3,0.045454545454545456,21,21,GGAGTAGGGGGGGCGGAGCA,0,770701
crpp3,0.045454545454545456,21,21,GCTCTTTTTCGGGTGCAATC,0,763390
crpp3,0.045454545454545456,21,21,GCCACCAACTTTAGCGGCGA,0,779746
crpp3,0.045454545454545456,21,21,GCACTTGTTGTATATGAAAT,0,782283
crpp3,0.045454545454545456,21,21,GCACCGAGCAGGTAGTAAAT,0,782113
crpp3,0.045454545454545456,21,21,GCAAGGGTTAGGGTATTGTC,0,762321
crpp3,0.045454545454545456,21,21,GATTCTTAACCACATGTGTT,0,786146
crpp3,0.045454545454545456,21,21,GATAACCCTCTGCGAGGATT,0,791040
crpp3,0.045454545454545456,21,21,GAGGCTGTTAGTGGGCCTCT,0,785718
crpp3,0.045454545454545456,21,21,GAGAATGGGAGAACTCGAGC,0,778084
crpp3,0.045454545454545456,21,21,CTTCAGGTAAGACAGAAACG,0,767357
crpp3,0.045454545454545456,21,21,CTCAGGGTCGAGTTCATTCA,0,771930
crpp3,0.045454545454545456,21,21,CTAACTAACCGTCGTATAGG,0,779420
crpp3,0.045454545454545456,21,21,CGGAGGCATTTTAGCACCAC,0,766234
crpp3,0.045454545454545456,21,21,CGCGTGAGATTCAGCCGTGA,0,774856
crpp3,0.045454545454545456,21,21,CGCCCGAGGGGTTTACGGTG,0,779472
crpp3,0.045454545454545456,21,21,CGACAGTCGGCGGGAGTTCA,0,763990
crpp3,0.045454545454545456,21,21,CCTTCGTCCTCTTTCAGGGT,0,763320
crpp3,0.045454545454545456,21,21,CCTTACTTTTTGGAGTATGA,0,767409
crpp3,0.045454545454545456,21,21,CCTGCATGGTCCGCCCCATC,0,782588
crpp3,0.045454545454545456,21,21,CCCTAGACCCAGACAACGAA,0,774177
crpp3,0.045454545454545456,21,21,CAGTAGCCAAACGATAAACG,0,784327
crpp3,0.045454545454545456,21,21,CACGGCAGCTTACGTAGGAG,0,781115
crpp3,0.045454545454545456,21,21,CAACCTGCCAGATCCTCGAT,0,764122
crpp3,0.045454545454545456,21,21,CAAAAGTGATTCGTGGTTAT,0,791340
crpp3,0.045454545454545456,21,21,ATTACCAAATCACAGTCGCT,0,790800
crpp3,0.045454545454545456,21,21,ATTACACGCTAGGTAACGCT,0,783623
crpp3,0.045454545454545456,21,21,ATAAAACGGTATAGATAAGT,0,759476
crpp3,0.045454545454545456,21,21,AGTTGAGCCGAAAGGTGGGA,0,776985
crpp3,0.045454545454545456,21,21,AGTGTTACTTGCTGACAAGA,0,780716
crpp3,0.045454545454545456,21,21,AGTCGAGCTCGCCTAGGTTT,0,784714
crpp3,0.045454545454545456,21,21,ACTGAATACTGTCCCCTCTG,0,771040
crpp3,0.045454545454545456,21,21,ACGCGAGACGTTCGCTGCTA,0,777230
crpp3,0.045454545454545456,21,21,ACACTACGCTGTCTGCACAT,0,782092
crpp3,0.045454545454545456,21,21,AATTCTAATTACCTCAGGAT,0,761628
crpp3,0.045454545454545456,21,21,AATATGGGCTGTAGTCAGTA,0,763002
crpp3,0.045454545454545456,21,21,AAGTAGAGAAGAAAGTATCA,0,761651
crpp3,0.045454545454545456,21,21,AAGGGCACCTAGCCCACGGA,0,764325
crpp3,0.045454545454545456,21,21,AAGCCTTCACCGGCCAATAG,0,787907
crpp3,0.045454545454545456,21,21,AACCCAACATGTATAGAAGC,0,769447
crpp3,0.045454545454545456,21,21,AACAGTCCCGAGACTTGTCT,0,760895
crpp3,0.045454545454545456,21,21,AAAGTCCAGCCTTTCAATAG,0,767208
crpp3,0.047619047619047616,20,20,TTTGCTTAAGCAATCACCCT,0,790004
crpp3,0.047619047619047616,20,20,TTTACTTGTTCCCAATGATA,0,777547
crpp3,0.047619047619047616,20,20,TTCTCGCCGGTTCAAATAGG,0,779762
crpp3,0.047619047619047616,20,20,TGTCGTAGCCTCGGAGCCCT,0,764455
crpp3,0.047619047619047616,20,20,TGTATTGTTGCGGCGATATC,0,774362
crpp3,0.047619047619047616,20,20,TGTAACAGATTACGCGACGT,0,768988
crpp3,0.047619047619047616,20,20,TGGTTAGTGTGCTTTCCGAC,0,769940
crpp3,0.047619047619047616,20,20,TGGTAGTGAGTCCTATTGAA,0,785991
crpp3,0.047619047619047616,20,20,TGGGTCGATGCTGGTAACCT,0,760939
crpp3,0.047619047619047616,20,20,TGGCGTTGACGCGGCACACA,0,766838
crpp3,0.047619047619047616,20,20,TGCGTATTTAGCACAAGAGA,0,778549
crpp3,0.047619047619047616,20,20,TGCCGTATAGCTTGATTTGA,0,767247
crpp3,0.047619047619047616,20,20,TGATCGCGATAATGATATTA,0,772203
crpp3,0.047619047619047616,20,20,TGATCCGCATGCTCACTGCT,0,779806
crpp3,0.047619047619047616,20,20,TGAGTCTGCATTGAAGCCGA,0,785722
crpp3,0.047619047619047616,20,20,TGACAGTCACCACGGTTATC,0,766302
crpp3,0.047619047619047616,20,20,TCTGGAGACCTCGAGGCAAG,0,767201
crpp3,0.047619047619047616,20,20,TCCTATGTAGAGTAGGCTGT,0,783864
crpp3,0.047619047619047616,20,20,TCCCTGACACCGCAATTATG,0,772003
crpp3,0.047619047619047616,20,20,TCCAGACTTGAAGTGTACGT,0,761054
crpp3,0.047619047619047616,20,20,TCATGGAGGTAAATGTGCTC,0,760716
crpp3,0.047619047619047616,20,20,TCACCACATTCAATTGGATG,0,786001
crpp3,0.047619047619047616,20,20,TCAAGTCTTAATCAAGGACA,0,759246
crpp3,0.047619047619047616,20,20,TATTAATAAGGCACTTAGAA,0,765788
crpp3,0.047619047619047616,20,20,TATCCTGAATCCTGAGGCCG,0,766109
crpp3,0.047619047619047616,20,20,TATACTGACGCAGTAATATA,0,784292
crpp3,0.047619047619047616,20,20,TAGGCTTACAGAAGTGTCTG,0,786798
crpp3,0.047619047619047616,20,20,TAGGATGCGAAAGTGCAGGC,0,780261
crpp3,0.047619047619047616,20,20,TACGAATGACGTAAAATACT,0,781614
crpp3,0.047619047619047616,20,20,TACCGTGCAATTTGCGGTGC,0,779864
crpp3,0.047619047619047616,20,20,GTTTACAAACTGAGGGTTGG,0,763189
crpp3,0.047619047619047616,20,20,GTGGAACTGTCGTTTGCTAG,0,769057
crpp3,0.047619047619047616,20,20,GTGCGGATGCGTTAATCAGC,0,773921
crpp3,0.047619047619047616,20,20,GTCGTGTAAATTAGTTCCCA,0,764040
crpp3,0.047619047619047616,20,20,GTATTACAGGGCTGTAATAA,0,777328
crpp3,0.047619047619047616,20,20,GTAGGTCCTCCCTTGCTAAC,0,762900
crpp3,0.047619047619047616,20,20,GTACCTGCGTGCATTGAAGA,0,783731
crpp3,0.047619047619047616,20,20,GTAACACGCGCCGAGTTTAC,0,782405
crpp3,0.047619047619047616,20,20,GTAAACAAAAGACTGCTAAG,0,785945
crpp3,0.047619047619047616,20,20,GTAAAATTTGGCGTCACAGA,0,773940
crpp3,0.047619047619047616,20,20,GGTAGAATACATGCAGTTCG,0,779010
crpp3,0.047619047619047616,20,20,GGGGGCAGTTTTCGTGCGTA,0,786424
crpp3,0.047619047619047616,20,20,GGATCAGACGGGACTGGGTA,0,771472
crpp3,0.047619047619047616,20,20,GCGGAGCTAGTCCTGTTAAC,0,769854
crpp3,0.047619047619047616,20,20,GCGCCACGGCCGTCACACTG,0,786729
crpp3,0.047619047619047616,20,20,GCATGATCAGGTAGGTAATT,0,769665
crpp3,0.047619047619047616,20,20,GATTGGGAGTGACAGGCTAG,0,758454
crpp3,0.047619047619047616,20,20,GATGGTAAGGGCTTGCCTAC,0,787171
crpp3,0.047619047619047616,20,20,GAAATCAGGCTTGTTCCGCC,0,776326
crpp3,0.047619047619047616,20,20,CTTTTTCCGAGCGCGAAAAC,0,789931
crpp3,0.047619047619047616,20,20,CTTTAAGGGAGTGTTACTGA,0,785420
crpp3,0.047619047619047616,20,20,CTTATTCCTTAGCGCGCCAG,0,770646
crpp3,0.047619047619047616,20,20,CTGCTTCGGTACAACCATGC,0,790356
crpp3,0.047619047619047616,20,20,CTGCTCCTTGGGACCCATAC,0,774477
crpp3,0.047619047619047616,20,20,CTCTTGGTAGGGGCGAGCGA,0,776159
crpp3,0.047619047619047616,20,20,CTCTCCAGTTGAACGGGATA,0,764189
crpp3,0.047619047619047616,20,20,CTAAGGTTGGAATCTATGAG,0,779183
crpp3,0.047619047619047616,20,20,CTAAGAGGGTGAGGGGTCAA,0,773761
crpp3,0.047619047619047616,20,20,CGTCTGGGGAAGCGCATCCA,0,777063
crpp3,0.047619047619047616,20,20,CGTATCGGCGGCATCTCCAT,0,769096
crpp3,0.047619047619047616,20,20,CCTTCGAGCGGGGGCCGTGA,0,777498
crpp3,0.047619047619047616,20,20,CCTGCTGCAACTTAGCTGAA,0,774046
crpp3,0.047619047619047616,20,20,CCTATGCAGTACTCGTGGAT,0,766060
crpp3,0.047619047619047616,20,20,CCACCTACTCTTCCGATATT,0,768165
crpp3,0.047619047619047616,20,20,CAGTGGGTGAGGCGCTGAAC,0,767601
crpp3,0.047619047619047616,20,20,CACTGAATTCGTTGGATGGA,0,778610
crpp3,0.047619047619047616,20,20,CACCCTCATACGCAGCACCG,0,768617
crpp3,0.047619047619047616,20,20,CAATATAACTCAAGTTGACT,0,789926
crpp3,0.047619047619047616,20,20,ATTTATCCACAAGATAACGT,0,777606
crpp3,0.047619047619047616,20,20,ATGAAAGTGCGCTCCGGGCT,0,783043
crpp3,0.047619047619047616,20,20,ATCGCACACCATGTTAAGTA,0,772123
crpp3,0.047619047619047616,20,20,ATCGAATGAAGTGTGGTTTT,0,777139
crpp3,0.047619047619047616,20,20,ATCCGCGTCCCGTGCACAGC,0,789435
crpp3,0.047619047619047616,20,20,ATCAGTTGCCCATTAGTTAA,0,779468
crpp3,0.047619047619047616,20,20,ATAATCTGCCGTGAGGCATC,0,784426
crpp3,0.047619047619047616,20,20,AGTTTGATCGTTGAAATGAA,0,772391
crpp3,0.047619047619047616,20,20,AGTGTGCTGCTGGACGCGAT,0,791172
crpp3,0.047619047619047616,20,20,AGGCCTCGCAAACTTCCATA,0,781678
crpp3,0.047619047619047616,20,20,AGCTGAATGTGTCGAGTGGA,0,775890
crpp3,0.047619047619047616,20,20,AGCTAAGGAAGGGTACGTCG,0,765176
crpp3,0.047619047619047616,20,20,AGAGTTACCGATAAGCTAGA,0,760622
crpp3,0.047619047619047616,20,20,AGAAGGGGGGAATATTTCGG,0,765925
crpp3,0.047619047619047616,20,20,AGAAACAAACAATAGGCGGA,0,770502
crpp3,0.047619047619047616,20,20,ACGGTGCAGGGTGGATGTCG,0,770142
crpp3,0.047619047619047616,20,20,ACGGGCCGATGAAATACCTA,0,785781
crpp3,0.047619047619047616,20,20,ACCCGATATGGGGCCGTGCT,0,772846
crpp3,0.047619047619047616,20,20,ACATGCCTACTGCCCCTGCA,0,763686
crpp3,0.047619047619047616,20,20,ACATGAGGACAGCGATTCGA,0,773417
crpp3,0.047619047619047616,20,20,AACGTCGGATTTTCCTCAGC,0,779679
crpp3,0.047619047619047616,20,20,AACCTACTGTACAAATATTA,0,785322
crpp3,0.047619047619047616,20,20,AACATAGCACTTAGATATTT,0,785071
crpp3,0.05,19,19,TTTATTCATACGTAAAAAGA,0,779671
crpp3,0.05,19,19,TTGGTTTATGTTGGCTAAGC,0,776660
crpp3,0.05,19,19,TTCCTCACGCCCTTGGAGCT,0,773443
crpp3,0.05,19,19,TTCCCAACGTATGCCGGTTA,0,770618
crpp3,0.05,19,19,TTCCACACCAGTCCAACACT,0,774307
crpp3,0.05,19,19,TTAACTGTAATCTCTCGTAA,0,779380
crpp3,0.05,19,19,TGTTCGTACCGTTATTGCTG,0,783133
crpp3,0.05,19,19,TGTACGGGTCTAGACTACAT,0,783559
crpp3,0.05,19,19,TGCGCATTGTACCTAGTTTG,0,767517
crpp3,0.05,19,19,TGATGAATAACGAATAATCT,0,779020
crpp3,0.05,19,19,TCTTGCCAAAGTAACAAGGT,0,775991
crpp3,0.05,19,19,TCCTCCGCTTCCGAATCGAG,0,780254
crpp3,0.05,19,19,TCCATGGCAGTCCTGATGTT,0,761652
crpp3,0.05,19,19,TAGAGGCGGCTCTTAGATCA,0,785554
crpp3,0.05,19,19,TAGAAGCCGGAGCAACCACT,0,789161
crpp3,0.05,19,19,TACTCATTGCGGTACCAGAA,0,771237
crpp3,0.05,19,19,TACGATCTAAGCTTCGAAGC,0,767578
crpp3,0.05,19,19,TACAAGAAGTACGTATATGT,0,788981
crpp3,0.05,19,19,TAAGCCCTTCTCCGACCAAA,0,758666
crpp3,0.05,19,19,TAAATTGATCAGATTGCACC,0,786509
crpp3,0.05,19,19,GTTAGACCCTCGAGCTATGA,0,765134
crpp3,0.05,19,19,GGGGACCGTAGGGTAATCCT,0,763776
crpp3,0.05,19,19,GGGAAACGGTTCGCGCAGAG,0,768292
crpp3,0.05,19,19,GGCACCACCGAACCTCCCAC,0,779817
crpp3,0.05,19,19,GCTTATTGGTCGTAGGTATT,0,771279
crpp3,0.05,19,19,GCTGGGTCTCTCACCGCCTC,0,761601
crpp3,0.05,19,19,GCTAAGCTGGCATAGCCATA,0,765561
crpp3,0.05,19,19,GCTAAGACCTGTTCATATGC,0,774700
crpp3,0.05,19,19,GCGTAGGGCTCGATTTTCGC,0,769673
crpp3,0.05,19,19,GCACACGCGGCAGGCCATAC,0,762909
crpp3,0.05,19,19,GAGTAGGTATCCTTTAAACA,0,785345
crpp3,0.05,19,19,GACAACAGGTACGGTGGTAA,0,779901
crpp3,0.05,19,19,CTCGTAACTATCGTCACGAT,0,788346
crpp3,0.05,19,19,CTACTTAGGGCCGTCCCTCG,0,782504
crpp3,0.05,19,19,CGTGCACGGGGACTACGTGA,0,790470
crpp3,0.05,19,19,CGGTTTCGGGGCATGCGAGG,0,759025
crpp3,0.05,19,19,CGCAGGGCCAAACACGTTGG,0,761612
crpp3,0.05,19,19,CGCACGTCGCTATTAAGGGC,0,785589
crpp3,0.05,19,19,CGATGAGCGGTAGAATCCGT,0,772739
crpp3,0.05,19,19,CGATATAACGCGCGGAATCC,0,773597
crpp3,0.05,19,19,CGACCGCCAATTGCTGACAA,0,771012
crpp3,0.05,19,19,CCTTGATTCATTGGGGGCAG,0,789069
crpp3,0.05,19,19,CCTGCTATGACGAGAGTTCC,0,782937
crpp3,0.05,19,19,CCGTAGCAGTGTGTGAACAA,0,788937
crpp3,0.05,19,19,CCGAGAGTCGCAACTACTGG,0,770778
crpp3,0.05,19,19,CCAGCAACTTTCACAGAATC,0,785068
crpp3,0.05,19,19,CATCAGCGATTATTCGAGGG,0,771899
crpp3,0.05,19,19,CAGGTCATCATGTACGTTTA,0,769615
crpp3,0.05,19,19,CACAGTATGCTAGAATTTTT,0,762094
crpp3,0.05,19,19,CAATAGTGACCACAGTGAAC,0,769326
crpp3,0.05,19,19,CAACTATCATACGCGTTAAG,0,782075
crpp3,0.05,19,19,ATTTCTGAGCCCAGACTCGA,0,761928
crpp3,0.05,19,19,ATTTATAGATTTTGGATCAA,0,776581
crpp3,0.05,19,19,ATTGGCATATTTACGCCGTC,0,767942
crpp3,0.05,19,19,ATTAGGAACCACCTTGTACA,0,761738
crpp3,0.05,19,19,ATGGCTGAGACGAGTCGTGT,0,773616
crpp3,0.05,19,19,AGTTTCGATGGAGGGTACTG,0,787763
crpp3,0.05,19,19,AGTACTTAATCTCGTCTAGT,0,770870
crpp3,0.05,19,19,AGGTTCTAACCCGTTCTAAA,0,758969
crpp3,0.05,19,19,AGGATAGAGATCTCCACTTA,0,759713
crpp3,0.05,19,19,AGGAAAGGTGCGCCTCCGGC,0,777521
crpp3,0.05,19,19,AGCACACGGTTAGATCAGCG,0,771146
crpp3,0.05,19,19,AGATGACGCGGGGTGTTATA,0,772446
crpp3,0.05,19,19,ACTTACCTCATCGCGAGGAA,0,779390
crpp3,0.05,19,19,ACTGTGTACTAACAGATGGC,0,767198
crpp3,0.05,19,19,ACTCGTTTGGCCCGTCCGGA,0,764574
crpp3,0.05,19,19,ACGTAGGGGAAAGATGCTTG,0,762850
crpp3,0.05,19,19,ACGCGCGGTTTTGCATCACA,0,789775
crpp3,0.05,19,19,ACGATTGGGTAAGCTACAGC,0,782382
crpp3,0.05,19,19,ACGAACGATTCTCCAACGCA,0,764059
crpp3,0.05,19,19,ACCTGGGGGATATCCAATGA,0,769231
crpp3,0.05,19,19,ACCTGCTCATACCGGCAACA,0,776578
crpp3,0.05,19,19,ACATCTTTTGTGTAACAATT,0,768390
crpp3,0.05,19,19,ACATCAACGTGGACTGGTCA,0,761763
crpp3,0.05,19,19,ACAATACTTCTAGGAAACAT,0,788547
crpp3,0.05,19,19,AATGCCATTCATGTATCTAG,0,789436
crpp3,0.05,19,19,AAGCGACCTGCCTGTGGCGA,0,765231
crpp3,0.05,19,19,AACCCGGGTGTCGGAGTCTA,0,785233
crpp3,0.05263157894736842,18,18,TTTAGGACTAATAATACGCT,0,779460
crpp3,0.05263157894736842,18,18,TTGAGAGCTCCGCGCCCGTC,0,762562
crpp3,0.05263157894736842,18,18,TTCTGTTTACGACACGACCC,0,776961
crpp3,0.05263157894736842,18,18,TTCATAGGCAGAACTGAATC,0,790135
crpp3,0.05263157894736842,18,18,TTAGAGTGACGCGCCTAAAC,0,761221
crpp3,0.05263157894736842,18,18,TGTTTTTGTGTAGAAGCCGA,0,778914
crpp3,0.05263157894736842,18,18,TGTAGGTTAGGCAGCGGCAT,0,771314
crpp3,0.05263157894736842,18,18,TGGGCCAGCAGAAGCCTGTA,0,788487
crpp3,0.05263157894736842,18,18,TGAAGCAAAGGCCCTGCGCA,0,790431
crpp3,0.05263157894736842,18,18,TCTATATTTTACAGCGATAC,0,776779
crpp3,0.05263157894736842,18,18,TCAGGCAGATGCTCGCAAAC,0,783496
crpp3,0.05263157894736842,18,18,TCACACGCGTTAATCCGGTT,0,780251
crpp3,0.05263157894736842,18,18,TCAAGCCATAAAGTGAAATA,0,778069
crpp3,0.05263157894736842,18,18,TATTGATATAGCGCTGGCCA,0,758637
crpp3,0.05263157894736842,18,18,TATTACCCATAGAAAAATAA,0,785290
crpp3,0.05263157894736842,18,18,TATGGGCATTTTCCATGCGG,0,777667
crpp3,0.05263157894736842,18,18,TATGAGTGTGTGATTCGCGT,0,766266
crpp3,0.05263157894736842,18,18,TAACAGTCCCATTAGTAAGT,0,762040
crpp3,0.05263157894736842,18,18,TAAAACGTGCGACATTGTGT,0,763778
crpp3,0.05263157894736842,18,18,GTTCCATGAGGGATTGCTAT,0,762966
crpp3,0.05263157894736842,18,18,GTGGCTCCTACATACAAATA,0,770046
crpp3,0.05263157894736842,18,18,GTGGCGAGATCGGAAGAGGA,0,769328
crpp3,0.05263157894736842,18,18,GTGATTCTAGTGAAAAGAGG,0,788334
crpp3,0.05263157894736842,18,18,GTCTTTGATTGAACGTGCGA,0,765550
crpp3,0.05263157894736842,18,18,GTCCAAGTGTTGACAAACGA,0,772352
crpp3,0.05263157894736842,18,18,GTCCAAGCATAAACTTGGCT,0,779863
crpp3,0.05263157894736842,18,18,GTCAGATTGAACCGCTTTCT,0,768679
crpp3,0.05263157894736842,18,18,GTAGTGAACGAAGCGGTAAC,0,774000
crpp3,0.05263157894736842,18,18,GTAGGCGCGCGGAGTGTGAA,0,774925
crpp3,0.05263157894736842,18,18,GGCTGCCCACGTATTATGAT,0,767890
crpp3,0.05263157894736842,18,18,GCGCGGTCGGAAAGGCGCGC,0,764360
crpp3,0.05263157894736842,18,18,GCCTTATCATAGGATCGGTA,0,767557
crpp3,0.05263157894736842,18,18,GCCGTCTGATAATGTCACAC,0,776100
crpp3,0.05263157894736842,18,18,GCCCGATGGGTCGAAAGAAT,0,765213
crpp3,0.05263157894736842,18,18,GCCATTCGTTTTCTCAACTG,0,773450
crpp3,0.05263157894736842,18,18,GCCATAGGTCGTGGGGCCCA,0,762512
crpp3,0.05263157894736842,18,18,GCAGCGGGTTATAGGCCGAA,0,767510
crpp3,0.05263157894736842,18,18,GCAGACATTGCGAGTCGGAT,0,761973
crpp3,0.05263157894736842,18,18,GCACGAGCAAAGGGCCATTG,0,769696
crpp3,0.05263157894736842,18,18,GCACCAGACCGGCAATCTAC,0,766298
crpp3,0.05263157894736842,18,18,GCAAATAAAGCGAATATAGA,0,758976
crpp3,0.05263157894736842,18,18,GATTTCTCAGGAGGAAAGCA,0,774010
crpp3,0.05263157894736842,18,18,GATTAGTAATTAGTTAGTTT,0,770225
crpp3,0.05263157894736842,18,18,GATGCTTGGATCGGAGTCCA,0,768077
crpp3,0.05263157894736842,18,18,GATGCTCCGTGATAGTTTGC,0,778815
crpp3,0.05263157894736842,18,18,GATCTTTCTTGTAACAACTT,0,779950
crpp3,0.05263157894736842,18,18,GATAAGTGTAATTGTTACTT,0,776435
crpp3,0.05263157894736842,18,18,GAGTGATACGACTCTGGTGA,0,763941
crpp3,0.05263157894736842,18,18,GAGGGATCCCCGTGATCTCA,0,776126
crpp3,0.05263157894736842,18,18,GACAGCCTTATTAGTTATAA,0,763212
crpp3,0.05263157894736842,18,18,GACAAGCTCATAAATGTGTT,0,764444
crpp3,0.05263157894736842,18,18,GAAGGAGCTCGTTACTGGTA,0,775672
crpp3,0.05263157894736842,18,18,GAAGAGCTAGTTCGCTGGGC,0,762453
crpp3,0.05263157894736842,18,18,GAACGTTAAGTCAGCGGGGA,0,789553
crpp3,0.05263157894736842,18,18,GAACAATGGCAATAGCGAGA,0,767347
crpp3,0.05263157894736842,18,18,GAAAATAAAAATCAACGCCT,0,777718
crpp3,0.05263157894736842,18,18,CTTTGTCTGATCGGCGACCA,0,780078
crpp3,0.05263157894736842,18,18,CTTAGGTCACCCAACACGCT,0,775208
crpp3,0.05263157894736842,18,18,CTGCTGTGCCTTGACCTTTC,0,785057
crpp3,0.05263157894736842,18,18,CTGCATCAAGTGTTGCATCT,0,780985
crpp3,0.05263157894736842,18,18,CTCTTCTAACTGAACCGACT,0,759781
crpp3,0.05263157894736842,18,18,CTCGGCAGTGCCTGTGAGAA,0,782341
crpp3,0.05263157894736842,18,18,CTCGAGGAGAGTACTGGGCT,0,765889
crpp3,0.05263157894736842,18,18,CTCAACAACACTAGCTACCC,0,785968
crpp3,0.05263157894736842,18,18,CTATTCGTACCACGCGACTG,0,761413
crpp3,0.05263157894736842,18,18,CGTTCTGGAACAATAGAACC,0,763594
crpp3,0.05263157894736842,18,18,CGGGCTACAAGCTGTTGCGG,0,763161
crpp3,0.05263157894736842,18,18,CGGGCATGGAAAGCCGAACT,0,773168
crpp3,0.05263157894736842,18,18,CGCATGGAGATGTCATGCGA,0,775134
crpp3,0.05263157894736842,18,18,CGCAAGCTCCGCTTGCCTAG,0,771221
crpp3,0.05263157894736842,18,18,CGAACGGCTAGCGCCACCAT,0,782354
crpp3,0.05263157894736842,18,18,CCGGTGTTGTCACACCGGTA,0,769401
crpp3,0.05263157894736842,18,18,CCAGGAAGGTAACCCTCCGA,0,769243
crpp3,0.05263157894736842,18,18,CATGGTGACCTGGATGGGCA,0,784269
crpp3,0.05263157894736842,18,18,CATACCGTTACTAAAGGCTC,0,763756
crpp3,0.05263157894736842,18,18,CAGTCGCGGGCCAGCGATGA,0,784154
crpp3,0.05263157894736842,18,18,CACGTGAATGCGATTAAAGC,0,771775
crpp3,0.05263157894736842,18,18,CACCTGTCTAAGGCTCGTAA,0,777488
crpp3,0.05263157894736842,18,18,CAATGCAATTGACCTGTGGG,0,785086
crpp3,0.05263157894736842,18,18,CAATACGCAATGTGGTCGCA,0,790910
crpp3,0.05263157894736842,18,18,CAAGAACGAACACCGGGCAT,0,780079
crpp3,0.05263157894736842,18,18,CAACGGGACACACGATAAGT,0,761513
crpp3,0.05263157894736842,18,18,CAAATATCAGGAGTGGCGCT,0,782555
crpp3,0.05263157894736842,18,18,ATTGGTAACGGGATGAATGG,0,758897
crpp3,0.05263157894736842,18,18,ATTCTCACAGCGGAGTCGTT,0,784514
crpp3,0.05263157894736842,18,18,ATGTGTGAATCCGCTATGTG,0,767658
crpp3,0.05263157894736842,18,18,ATGTACTAGAACGTCCAAAC,0,775419
crpp3,0.05263157894736842,18,18,ATGGTCCTCTCTACTAGCTG,0,763194
crpp3,0.05263157894736842,18,18,ATGGGCCTTTTCATGAGAGG,0,761616
crpp3,0.05263157894736842,18,18,ATGAGGCAACGCTTTAAACC,0,772195
crpp3,0.05263157894736842,18,18,ATCTACCGATGATTCCGGTC,0,781548
crpp3,0.05263157894736842,18,18,AGTTGGAGAAATATTGACAG,0,785339
crpp3,0.05263157894736842,18,18,AGTACATCTGGCACGGGAGT,0,790422
crpp3,0.05263157894736842,18,18,AGGTTATGGAACGAGCTTGC,0,781642
crpp3,0.05263157894736842,18,18,AGGTGAGAGAGGGTATGATC,0,786926
crpp3,0.05263157894736842,18,18,AGACAACCGCCCGTCCATCG,0,770521
crpp3,0.05263157894736842,18,18,AGAACATTGTAGGTACAAGG,0,778572
crpp3,0.05263157894736842,18,18,ACTGGGGGTAGCCGCGCCAG,0,761939
crpp3,0.05263157894736842,18,18,ACTGAGAGTGGAGATACCCA,0,776601
crpp3,0.05263157894736842,18,18,ACCCCAGGTAGGGTGTCCCG,0,772906
crpp3,0.05263157894736842,18,18,ACATTGCTGTGGATAAAAGT,0,774686
crpp3,0.05263157894736842,18,18,ACATGCTAGTTTCACCACTG,0,785692
crpp3,0.05263157894736842,18,18,AATTAGTTAAGTATTATACA,0,772188
crpp3,0.05263157894736842,18,18,AAGTTCACTGCTCTCTTGGC,0,780346
crpp3,0.05263157894736842,18,18,AACTTAACCAAGTCTGGTCC,0,778017
crpp3,0.05263157894736842,18,18,AACGTTTTAGCTTGCCAGCG,0,779757
crpp3,0.05263157894736842,18,18,AACGTCACGATTTATGACGT,0,772256
crpp3,0.05263157894736842,18,18,AACAATGTGGCTTACACAGG,0,770756
crpp3,0.05263157894736842,18,18,AAATTACATCGGCCCATAAG,0,788663
crpp3,0.05555555555555555,17,17,TTTTATCGAGCCAATTTACG,0,787655
crpp3,0.05555555555555555,17,17,TTTGTCCTGGTCTTAATGAA,0,777584
crpp3,0.05555555555555555,17,17,TTTAATCGTCCAGGTCTACT,0,776179
crpp3,0.05555555555555555,17,17,TTGGTTACAGTCCAGACTTT,0,767200
crpp3,0.05555555555555555,17,17,TTGGCGCTTCTGTGAAATCA,0,782529
crpp3,0.05555555555555555,17,17,TTCTATGGAGGCAGCCTGGT,0,759938
crpp3,0.05555555555555555,17,17,TTCGTGAGGGCCTCGATTCT,0,764183
crpp3,0.05555555555555555,17,17,TTCACCGGGCTGGACATCAG,0,773465
crpp3,0.05555555555555555,17,17,TTACCCATACTGGATCAACG,0,769359
crpp3,0.05555555555555555,17,17,TTAATCCTTTACTGCGGGCA,0,783634
crpp3,0.05555555555555555,17,17,TGTCATGGCTTCACACACCA,0,783748
crpp3,0.05555555555555555,17,17,TGGTCAACGCTCGCGGAAAA,0,768963
crpp3,0.05555555555555555,17,17,TGGCGTTCTTTTGGCGGCCT,0,774212
crpp3,0.05555555555555555,17,17,TGGAATCACGGCGAATCACA,0,773578
crpp3,0.05555555555555555,17,17,TGCTATCTCGCCCCCGTGGA,0,761084
crpp3,0.05555555555555555,17,17,TGCGCTAGGGAGTACTGTGT,0,780080
crpp3,0.05555555555555555,17,17,TGCCGCTATGAATAACCGAG,0,759983
crpp3,0.05555555555555555,17,17,TGAGGAGCTCCCACAAGCAG,0,769245
crpp3,0.05555555555555555,17,17,TGACGTGGACTCTCTTTACT,0,759660
crpp3,0.05555555555555555,17,17,TGACCTGGCGTCCCGTAATC,0,778162
crpp3,0.05555555555555555,17,17,TCTTGCCCACACACCAAAAA,0,765335
crpp3,0.05555555555555555,17,17,TCTTCAGGAACAGCTAAAAG,0,788608
crpp3,0.05555555555555555,17,17,TCTCGGATATAGGGTGTCCC,0,764272
crpp3,0.05555555555555555,17,17,TCTATACAAAAGATAATGGT,0,786979
crpp3,0.05555555555555555,17,17,TCGTCCGGGTTTAGGCAGCT,0,786988
crpp3,0.05555555555555555,17,17,TCGGGATTCTGTCCTAATCT,0,776623
crpp3,0.05555555555555555,17,17,TCGAATCGTAAACGTAAGAG,0,776220
crpp3,0.05555555555555555,17,17,TCCGGTTGCCACTGCAGTTC,0,761603
crpp3,0.05555555555555555,17,17,TATTTCAACATAACGAAGGT,0,758538
crpp3,0.05555555555555555,17,17,TATTTATAGCGAAGCGCTTG,0,787086
crpp3,0.05555555555555555,17,17,TACAATCGGCAGAGCGCGTG,0,765361
crpp3,0.05555555555555555,17,17,TAAGACCGTAGCCCTTTGGT,0,776918
crpp3,0.05555555555555555,17,17,GTGTGCCGCTATAAGAAGAT,0,758405
crpp3,0.05555555555555555,17,17,GTGGACTGAGATCATATAAA,0,760204
crpp3,0.05555555555555555,17,17,GTGCATTGGTTTATAGTTAA,0,787594
crpp3,0.05555555555555555,17,17,GTCTTTGGCCACGCAAATGG,0,778819
crpp3,0.05555555555555555,17,17,GTATAAGGCACCATGAGGCT,0,776088
crpp3,0.05555555555555555,17,17,GGTCCCGGACGCATATATAA,0,770254
crpp3,0.05555555555555555,17,17,GGGTACCCTGGTATACGTCT,0,770435
crpp3,0.05555555555555555,17,17,GGGCAGGACTTACTAGGGGT,0,789714
crpp3,0.05555555555555555,17,17,GGGCAAACCTACTATTATGT,0,788462
crpp3,0.05555555555555555,17,17,GGCCCTCTATGCCACGATTT,0,771996
crpp3,0.05555555555555555,17,17,GGCCCGACCTTCGCTTCATA,0,772096
crpp3,0.05555555555555555,17,17,GGCCCCTAGCCGTGGGGATA,0,761204
crpp3,0.05555555555555555,17,17,GGACAAATCCTTCATAATTG,0,788867
crpp3,0.05555555555555555,17,17,GCTTGCTAGTCGAGAGGGCG,0,776836
crpp3,0.05555555555555555,17,17,GCTTCAGAACTGCTCCACGA,0,789883
crpp3,0.05555555555555555,17,17,GCTTAAACTTTGACTCACAT,0,782286
crpp3,0.05555555555555555,17,17,GCTCCTGTTATCCCGGCTAT,0,758453
crpp3,0.05555555555555555,17,17,GCGTACCGTTTTAACAAGCC,0,787508
crpp3,0.05555555555555555,17,17,GCGCCCAGCTGACCAGTACT,0,769060
crpp3,0.05555555555555555,17,17,GCCTTCGGTGTGACCCTCGG,0,778393
crpp3,0.05555555555555555,17,17,GCCTGTGTAACCTCAGAACT,0,787307
crpp3,0.05555555555555555,17,17,GCCTGACACGCCTTGGCGCT,0,766297
crpp3,0.05555555555555555,17,17,GCATACTGCATAACGGTCTT,0,790116
crpp3,0.05555555555555555,17,17,GCAATGAGGTAAATTCTCTG,0,758966
crpp3,0.05555555555555555,17,17,GATATGGACATCGGCTCAGA,0,787015
crpp3,0.05555555555555555,17,17,GATAGTAGTTTTGTTTGGAG,0,759491
crpp3,0.05555555555555555,17,17,GAGGTTAAATTCTGCTCGTC,0,776122
crpp3,0.05555555555555555,17,17,GACAGGCTCATCGTCTTGCA,0,783237
crpp3,0.05555555555555555,17,17,GAATCCCATAAAAGCTTTTA,0,775815
crpp3,0.05555555555555555,17,17,CTTGGGCAAGACCGTTGTAG,0,758854
crpp3,0.05555555555555555,17,17,CTCTGTGGGAGTTTCCGCGC,0,782709
crpp3,0.05555555555555555,17,17,CTCTGTATACTCGAACTACA,0,781147
crpp3,0.05555555555555555,17,17,CTCTATACGTGATTTAATTC,0,763159
crpp3,0.05555555555555555,17,17,CTCGTTACCAGCAAGCCGTT,0,761927
crpp3,0.05555555555555555,17,17,CTCGTCTTAAAGCGAGGGAG,0,782345
crpp3,0.05555555555555555,17,17,CTCGGTATTTCAATGGCCAA,0,783886
crpp3,0.05555555555555555,17,17,CTAGCTTGTAGTTACGAAGT,0,767738
crpp3,0.05555555555555555,17,17,CTACGTCACAGTTGGAACCC,0,765728
crpp3,0.05555555555555555,17,17,CGTGTTGACCGCGATCATCT,0,763199
crpp3,0.05555555555555555,17,17,CGTATAAGATGGACGCGGCT,0,785923
crpp3,0.05555555555555555,17,17,CGGGTTCGTGATACTATACC,0,777994
crpp3,0.05555555555555555,17,17,CGGGCTGCTCAATGTTGAAC,0,769023
crpp3,0.05555555555555555,17,17,CGGCGCCTTACGGCTAGACA,0,786995
crpp3,0.05555555555555555,17,17,CGGCACACCACAGTCCATTA,0,779940
crpp3,0.05555555555555555,17,17,CGCAAATTGTCATCAATTTG,0,776972
crpp3,0.05555555555555555,17,17,CGATCAAAGATGCTCCACGC,0,773429
crpp3,0.05555555555555555,17,17,CGATACCAGGGCGATTCTGC,0,767503
crpp3,0.05555555555555555,17,17,CGAGATTAGGCCGGGAAATC,0,768939
crpp3,0.05555555555555555,17,17,CGACGAACCTCTGAGGTGAG,0,771277
crpp3,0.05555555555555555,17,17,CCTTAAATCGTGGGCGGCCC,0,758783
crpp3,0.05555555555555555,17,17,CCGTTATACACGAGATGTAT,0,765640
crpp3,0.05555555555555555,17,17,CCGCACACGTATCCTATCAA,0,763056
crpp3,0.05555555555555555,17,17,CCGAAGCAGGGAACAAGACT,0,771502
crpp3,0.05555555555555555,17,17,CCCGACGGTCTTAAAACTCG,0,773485
crpp3,0.05555555555555555,17,17,CCCAGGTTTCGGCGTCAAAC,0,769190
crpp3,0.05555555555555555,17,17,CCCACCGCACACCCTGCGTT,0,760796
crpp3,0.05555555555555555,17,17,CCAGCGAGCCGAGGGGAACA,0,774382
crpp3,0.05555555555555555,17,17,CCAATAATTCAGAGGGGAAT,0,785965
crpp3,0.05555555555555555,17,17,CATATATTCGATCAAATCCT,0,789522
crpp3,0.05555555555555555,17,17,CAGAGTAGCCACGCGCAGGT,0,790771
crpp3,0.05555555555555555,17,17,CAAGCCTCGAGGGTGTCGAC,0,760490
crpp3,0.05555555555555555,17,17,ATTGGGGAGGGCTCTTTGAG,0,789654
crpp3,0.05555555555555555,17,17,ATTGCTAATTATCATTCAGG,0,779689
crpp3,0.05555555555555555,17,17,ATTAGACAATGCTTTTACAT,0,768344
crpp3,0.05555555555555555,17,17,ATGTTTGAGGCCACGGCCGT,0,782905
crpp3,0.05555555555555555,17,17,ATGTAGGGGCCTATTCCCGT,0,786797
crpp3,0.05555555555555555,17,17,ATGGGACACGCAGTGGCCGT,0,783288
crpp3,0.05555555555555555,17,17,ATGCGGCTGGTAATCCCCAC,0,776626
crpp3,0.05555555555555555,17,17,ATGCAATATCTGCAACGGCG,0,773805
crpp3,0.05555555555555555,17,17,ATCTACGAGGCGGGCGCGGT,0,778256
crpp3,0.05555555555555555,17,17,ATATATCGCTGAACGTCTAG,0,784161
crpp3,0.05555555555555555,17,17,AGTTTTTGTAAATCATGCAA,0,784418
crpp3,0.05555555555555555,17,17,AGTGCAACGGGTGAGCTGAA,0,758542
crpp3,0.05555555555555555,17,17,AGGCTTCTCCCACACATGTA,0,773788
crpp3,0.05555555555555555,17,17,AGCTGCTATCATGTTTTTAC,0,762904
crpp3,0.05555555555555555,17,17,AGCGAGCTTTAGGAGTAGCG,0,774249
crpp3,0.05555555555555555,17,17,AGCCAGAGCTGTGACTTACT,0,761967
crpp3,0.05555555555555555,17,17,AGCACCGTCTCGCTCGAGCC,0,785612
crpp3,0.05555555555555555,17,17,ACTTCGGTGGCGCGAATAGT,0,770083
crpp3,0.05555555555555555,17,17,ACGTTTGAAAGTGTTTAGCT,0,777134
crpp3,0.05555555555555555,17,17,ACCTGCCAATGCTATGAGGG,0,776843
crpp3,0.05555555555555555,17,17,ACAAAGTGTAAACCATCCGG,0,770042
crpp3,0.05555555555555555,17,17,AAGTTTTATCAGTCTTAGCA,0,765737
crpp3,0.05555555555555555,17,17,AAGGTTCTGTGTTTTACTCT,0,786195
crpp3,0.05555555555555555,17,17,AACTCATGGACTGAGTTTTC,0,764330
crpp3,0.05555555555555555,17,17,AACCGAGCGCGTCGCTCACG,0,763136
crpp3,0.05555555555555555,17,17,AAAGGATAAATGAGAGAGTC,0,783255
crpp3,0.058823529411764705,16,16,TTTTTTCGAGATACGGCTCA,0,773782
crpp3,0.058823529411764705,16,16,TTTTTATACTCCTGCCGTTG,0,770897
crpp3,0.058823529411764705,16,16,TTTTCCGACGCTCACACGGC,0,779598
crpp3,0.058823529411764705,16,16,TTTGCGTCAGCGGTGGTGTG,0,760761
crpp3,0.058823529411764705,16,16,TTTCCGATGGATCTAGATGG,0,759034
crpp3,0.058823529411764705,16,16,TTGTGAGTGCCCTGCAAGTT,0,780877
crpp3,0.058823529411764705,16,16,TTGTAAGTATCTGCCGCATC,0,775834
crpp3,0.058823529411764705,16,16,TTCTTGATGTATACTAGATC,0,771841
crpp3,0.058823529411764705,16,16,TTATCATTAAGTCTCATAGA,0,780698
crpp3,0.058823529411764705,16,16,TGTTGGGTGTTGGAAATATA,0,763490
crpp3,0.058823529411764705,16,16,TGTTGACACACAGGTATGGA,0,774481
crpp3,0.058823529411764705,16,16,TGTGCACGTAAACAAACGCT,0,784985
crpp3,0.058823529411764705,16,16,TGTGATAGCAGGTACGCCGT,0,767331
crpp3,0.058823529411764705,16,16,TGTATGAGAACTCCGAACAG,0,762974
crpp3,0.058823529411764705,16,16,TGTAGTGGTTGTAGCTAATT,0,772441
crpp3,0.058823529411764705,16,16,TGGTGAGTAGATGTTGGCAG,0,766382
crpp3,0.058823529411764705,16,16,TGGCCGCCTTACTCCGTTGT,0,766426
crpp3,0.058823529411764705,16,16,TGGCAACAACAGTAGGCAGA,0,767233
crpp3,0.058823529411764705,16,16,TGGAACACAACAAACTTTCA,0,779634
crpp3,0.058823529411764705,16,16,TGGAAATAAAGAGCTTATTA,0,761383
crpp3,0.058823529411764705,16,16,TGCTAAAGCGTTGTATTCCA,0,761080
crpp3,0.058823529411764705,16,16,TGCGGCCCTTGCGACGGGAT,0,788351
crpp3,0.058823529411764705,16,16,TGCCCGTCGGAGGGTTGTCC,0,785609
crpp3,0.058823529411764705,16,16,TGCCAAACAGGACGTATCTT,0,771776
crpp3,0.058823529411764705,16,16,TGCACAGATAGTACCTCGCC,0,774192
crpp3,0.058823529411764705,16,16,TGATTTGCAGTAGAACGCAG,0,785680
crpp3,0.058823529411764705,16,16,TCTGTTTTACGGGGATGGTC,0,772029
crpp3,0.058823529411764705,16,16,TCTGTTGACGTTTAAAGGCT,0,758964
crpp3,0.058823529411764705,16,16,TCTCGCCTGCGTTGGAAGTC,0,767493
crpp3,0.058823529411764705,16,16,TCGGGAACGGCGTATGGTAT,0,781715
crpp3,0.058823529411764705,16,16,TCATGATATGTGGTTGACGA,0,780570
crpp3,0.058823529411764705,16,16,TCAGTCTTGCACCACTGATC,0,761674
crpp3,0.058823529411764705,16,16,TCAGGCCTTAGATTAGCATG,0,765212
crpp3,0.058823529411764705,16,16,TATTTAATATGGGAGCCAAC,0,772965
crpp3,0.058823529411764705,16,16,TATTGTCCTGATAACATTCA,0,787577
crpp3,0.058823529411764705,16,16,TATGGGTAGTTCAGTTGCAT,0,789960
crpp3,0.058823529411764705,16,16,TATCGGTCAATAGCGTGTGT,0,772321
crpp3,0.058823529411764705,16,16,TACAGAACACCGTTTGCGGC,0,773601
crpp3,0.058823529411764705,16,16,GTTAGAGGGCCGTTATGATT,0,762004
crpp3,0.058823529411764705,16,16,GTGTAGATGTGGAAATTTAT,0,789322
crpp3,0.058823529411764705,16,16,GTCCTAGTGGTCCAGACGAT,0,782031
crpp3,0.058823529411764705,16,16,GTCCGACGGCGTGCTATGCG,0,769171
crpp3,0.058823529411764705,16,16,GTATTTGGGGGTAGCCCTAT,0,776607
crpp3,0.058823529411764705,16,16,GGTTTCGATCTGGCACATCA,0,775377
crpp3,0.058823529411764705,16,16,GGTTAGGTGGCGGAGGTCTT,0,773743
crpp3,0.058823529411764705,16,16,GGTAAGTGTGGCGGACACGT,0,774266
crpp3,0.058823529411764705,16,16,GGGCTACATTATTGGAGAGT,0,778937
crpp3,0.058823529411764705,16,16,GGGATGCTAACCTCTTACCC,0,769632
crpp3,0.058823529411764705,16,16,GGGAACAGAGATTGACACGT,0,782661
crpp3,0.058823529411764705,16,16,GGCTTCTCGCTTCGTCCAGT,0,765118
crpp3,0.058823529411764705,16,16,GGCGGGCCGTCAAATCGTCC,0,776662
crpp3,0.058823529411764705,16,16,GGCCCTATCCTGACCGTCCT,0,775941
crpp3,0.058823529411764705,16,16,GCTTGCGGCCCTTAACACTC,0,784552
crpp3,0.058823529411764705,16,16,GCTGTGTCAGATACATGTAG,0,762338
crpp3,0.058823529411764705,16,16,GCTGCAGTCTATCATTGATC,0,782758
crpp3,0.058823529411764705,16,16,GCTAACTGAGTATCCACGAA,0,772554
crpp3,0.058823529411764705,16,16,GCGTTGTAAGCGACAAGTTT,0,761649
crpp3,0.058823529411764705,16,16,GCCTGCGGCTAGATTCACTT,0,773100
crpp3,0.058823529411764705,16,16,GCAGTCGGCCACTTTTACGT,0,776123
crpp3,0.058823529411764705,16,16,GCACTTAATCCGTCCCTCGC,0,780794
crpp3,0.058823529411764705,16,16,GCACAGATACGGGGTGCCCC,0,788552
crpp3,0.058823529411764705,16,16,GATTACGTGGCTCGCCACCA,0,784646
crpp3,0.058823529411764705,16,16,GAGCTTTAACCGTTCTAGAA,0,787767
crpp3,0.058823529411764705,16,16,GAGCTTGTGGAGTTGCAATA,0,783971
crpp3,0.058823529411764705,16,16,GAGCTTGCGATCTGGTGTTA,0,766245
crpp3,0.058823529411764705,16,16,GACCTGCCATCCGGGTTGAG,0,759171
crpp3,0.058823529411764705,16,16,GACCTAGGAATCACCCACTG,0,767603
crpp3,0.058823529411764705,16,16,GAACTTAGCGTCCTGTACCA,0,786512
crpp3,0.058823529411764705,16,16,GAAACATGCGGGGACACTTG,0,764521
crpp3,0.058823529411764705,16,16,CTTTTTGGTACCAGAATAAC,0,764498
crpp3,0.058823529411764705,16,16,CTTTAGGTGTGATAGGGACA,0,770085
crpp3,0.058823529411764705,16,16,CTGGTTCTGATGTGGTACTT,0,775070
crpp3,0.058823529411764705,16,16,CTCTTCTGCGGAAAATCAGC,0,790902
crpp3,0.058823529411764705,16,16,CTCACTATGGTATGTCTCTG,0,785570
crpp3,0.058823529411764705,16,16,CTATTACTTTTGAGTCGCTT,0,776530
crpp3,0.058823529411764705,16,16,CTAATCTATGGAGCAGTCTG,0,770946
crpp3,0.058823529411764705,16,16,CGTTCTCTTATGAGGTTAGG,0,782956
crpp3,0.058823529411764705,16,16,CGTCTCACTAGCACGAATAT,0,787744
crpp3,0.058823529411764705,16,16,CGTAGGTTCTCATTTGTTAT,0,776731
crpp3,0.058823529411764705,16,16,CGTACCCGTTGAGGGATGCC,0,771792
crpp3,0.058823529411764705,16,16,CGGGAATTCAGGCTGTTTTC,0,786083
crpp3,0.058823529411764705,16,16,CGGATTTAGGCAACTATCAG,0,777540
crpp3,0.058823529411764705,16,16,CGGAGTGCACGGGGCCTCGG,0,775669
crpp3,0.058823529411764705,16,16,CGGACGCGTAACATGATGGT,0,761390
crpp3,0.058823529411764705,16,16,CGCCCAGCTAATGCGATTAC,0,783311
crpp3,0.058823529411764705,16,16,CGATTCACGGCCACTCGCAT,0,767641
crpp3,0.058823529411764705,16,16,CCTGTAGATCCAAAACTCGA,0,768811
crpp3,0.058823529411764705,16,16,CCTCAACCACGGCAGTTTAG,0,767334
crpp3,0.058823529411764705,16,16,CCGTAAGGATTCAATCTGGA,0,779376
crpp3,0.058823529411764705,16,16,CCGGAGTGTTTAAGGATAAC,0,777543
crpp3,0.058823529411764705,16,16,CCGACGCAGCTCAGGTCATC,0,780800
crpp3,0.058823529411764705,16,16,CCAGGTTCGCATGTCTCAGG,0,763900
crpp3,0.058823529411764705,16,16,CCAAGAAAGGATATGATGAG,0,781716
crpp3,0.058823529411764705,16,16,CATCGACGACTATATGTTTC,0,784759
crpp3,0.058823529411764705,16,16,CATCCTGGACTTTATTCGTA,0,780315
crpp3,0.058823529411764705,16,16,CATATTTAACTATGAGTACT,0,778040
crpp3,0.058823529411764705,16,16,CATATGATCTCGACTTGCAA,0,761140
crpp3,0.058823529411764705,16,16,CAGGGAGCCGGCGAGGGTCC,0,762836
crpp3,0.058823529411764705,16,16,CAGCACCGGAAGTCTGCTGG,0,760567
crpp3,0.058823529411764705,16,16,CACGCAAACCCCAGCTATCA,0,776238
crpp3,0.058823529411764705,16,16,CACCGAGATGGGGTTGGTAC,0,788803
crpp3,0.058823529411764705,16,16,CACACATGGCTTGTGAGCGG,0,759827
crpp3,0.058823529411764705,16,16,CAAATCAGTCCCTCAACTGT,0,788841
crpp3,0.058823529411764705,16,16,CAAACATCCGTGGCCTCAGG,0,782961
crpp3,0.058823529411764705,16,16,ATGGTGTTAACAATTGGAGG,0,764466
crpp3,0.058823529411764705,16,16,ATGGACCCCGCTCCATGTCG,0,767488
crpp3,0.058823529411764705,16,16,ATGCCAAGTCGGCCACTTAA,0,790519
crpp3,0.058823529411764705,16,16,ATCTCATCTGTCCCCGTAGA,0,762466
crpp3,0.058823529411764705,16,16,ATCCTGCAAAAGGAAACTGT,0,783815
crpp3,0.058823529411764705,16,16,ATCCAAACGAGGTTACAAAA,0,764182
crpp3,0.058823529411764705,16,16,ATCAGGATCCAGGTGTTCTT,0,772999
crpp3,0.058823529411764705,16,16,ATCACCCGGACACGATGTTT,0,768426
crpp3,0.058823529411764705,16,16,AGTTAAGATCCGGGGCTCCA,0,780152
crpp3,0.058823529411764705,16,16,AGTGGACCGATCAATGTTTT,0,770808
crpp3,0.058823529411764705,16,16,AGTGATAGAGACTTCCAACA,0,783763
crpp3,0.058823529411764705,16,16,AGTAAGTGAACATCGATCAC,0,772670
crpp3,0.058823529411764705,16,16,AGGTTTGGCAGGATTATTGT,0,773254
crpp3,0.058823529411764705,16,16,AGGTGCCGCGGAAGCGACTA,0,771111
crpp3,0.058823529411764705,16,16,AGCTTTTGGGTCTTGGACTC,0,772796
crpp3,0.058823529411764705,16,16,AGCCAAGAGCGAATAACAAT,0,788546
crpp3,0.058823529411764705,16,16,AGCATTTCATCGCGGAGTAA,0,778855
crpp3,0.058823529411764705,16,16,AGACCACCGTTATCAAGTCC,0,784226
crpp3,0.058823529411764705,16,16,AGAATGTTGCACCGCAAGCT,0,763992
crpp3,0.058823529411764705,16,16,ACGCCAACCGCGGCCGAACA,0,771223
crpp3,0.058823529411764705,16,16,ACGCAGTAGGAGGAAGTGTA,0,781244
crpp3,0.058823529411764705,16,16,ACGACAAGGTTTCATCACTC,0,776315
crpp3,0.058823529411764705,16,16,ACCGAGAATACGAAAGTCCA,0,776550
crpp3,0.058823529411764705,16,16,ACAGTCAGCGTACACACCTA,0,774138
crpp3,0.058823529411764705,16,16,ACAGACAAGGGGCGCGCAGT,0,785735
crpp3,0.058823529411764705,16,16,ACACGGTCATAGACGTGCCT,0,783690
crpp3,0.058823529411764705,16,16,ACACGCTTGTTATGCGAGGT,0,776574
crpp3,0.058823529411764705,16,16,ACAACCCTTTACAACTCAGC,0,783807
crpp3,0.058823529411764705,16,16,AATGGTCGCAGCTATATATA,0,773786
crpp3,0.058823529411764705,16,16,AATGCATCCTAGCGTACCTT,0,766188
crpp3,0.058823529411764705,16,16,AATATCCCAGACTCTGGTGC,0,774528
crpp3,0.058823529411764705,16,16,AAGTAAAATCCATCTCGTAG,0,761728
crpp3,0.058823529411764705,16,16,AAGGGCCGCAGATGGCGTAT,0,762392
crpp3,0.058823529411764705,16,16,AAGATACGTGAGCTGACGGA,0,775777
crpp3,0.058823529411764705,16,16,AACTCCTCAGTGGAAAGTGG,0,776887
crpp3,0.058823529411764705,16,16,AACAAGGAGGATTCTGTGTT,0,771921
crpp3,0.058823529411764705,16,16,AAATTATTTCCCCTGATCGT,0,764576
crpp3,0.058823529411764705,16,16,AAAGGATTAGCGGGACGGAG,0,784280
crpp3,0.058823529411764705,16,16,AAAGCGCTCGCAGGAGTTCA,0,790779
crpp3,0.0625,15,15,TTTCCCGTCCACTCTATTCC,0,762341
crpp3,0.0625,15,15,TTTCATCGAGGTCCTCACTC,0,772551
crpp3,0.0625,15,15,TTTAGAGGCCTCATGGATAC,0,791210
crpp3,0.0625,15,15,TTGTAAAAGTACTGGCTGGT,0,782417
crpp3,0.0625,15,15,TTCTGGAGTATAAACTCTAT,0,770327
crpp3,0.0625,15,15,TTCGTGGAGGGAACGGCTAT,0,780719
crpp3,0.0625,15,15,TTCGGTGCACCGAGAAATCC,0,767689
crpp3,0.0625,15,15,TTCCGGTGCCAGTCTTATTT,0,764324
crpp3,0.0625,15,15,TTCCACATCAAATTCAGCAA,0,773763
crpp3,0.0625,15,15,TTCAGGGTCAACCCCACTCA,0,759062
crpp3,0.0625,15,15,TTATTACCTTACTCGGAGGA,0,765384
crpp3,0.0625,15,15,TTACGCGAATTTAACTTACA,0,782315
crpp3,0.0625,15,15,TTACCCTCCCGGCTTTCGTT,0,774719
crpp3,0.0625,15,15,TGTGCGCACGTCATTTATGA,0,783347
crpp3,0.0625,15,15,TGTCTGGGACTAACAATCTG,0,766436
crpp3,0.0625,15,15,TGTCCTGTCATTATCGGATA,0,790861
crpp3,0.0625,15,15,TGGGTGACGTGCCATCACTG,0,770727
crpp3,0.0625,15,15,TGCGTTATTGGTACTCGCCT,0,787111
crpp3,0.0625,15,15,TGCCGAGCATCGTATAACTA,0,782575
crpp3,0.0625,15,15,TGATTTTGCCGTCCTGGTTA,0,772871
crpp3,0.0625,15,15,TGACATCAGCGGTGCATGAA,0,763123
crpp3,0.0625,15,15,TCTAGATAATGGGCCTTCAA,0,769176
crpp3,0.0625,15,15,TCTAATACTGTTAGTGGAAT,0,766420
crpp3,0.0625,15,15,TCGGACAAGGTATGTGGCGT,0,761511
crpp3,0.0625,15,15,TCGCTGATGCAAGTTCACAA,0,773739
crpp3,0.0625,15,15,TCAATCCGCGCTTCAGAACG,0,768055
crpp3,0.0625,15,15,TATTCAGTTCAAGAGGCAGC,0,780938
crpp3,0.0625,15,15,TACTCCGCAAGCAGGAATGA,0,791300
crpp3,0.0625,15,15,GTGTTATGATGCTGAGGTCA,0,760600
crpp3,0.0625,15,15,GTCTCTGTCGAGGGGGTGCT,0,780436
crpp3,0.0625,15,15,GTCGCAACGATGACGAACCC,0,763493
crpp3,0.0625,15,15,GTATATCCCTATATTACGAC,0,762242
crpp3,0.0625,15,15,GTAATCTGCTTCGGTACCAT,0,759619
crpp3,0.0625,15,15,GTAAGATCGCGTTGAGTGGA,0,784483
crpp3,0.0625,15,15,GGTGAGAGATTGTGCAACGC,0,777698
crpp3,0.0625,15,15,GGTAGACCACACCCATCTAG,0,782482
crpp3,0.0625,15,15,GGGGCCACCCGATTAGTACG,0,768514
crpp3,0.0625,15,15,GGGCCTTGGCTCTGCTATTA,0,775171
crpp3,0.0625,15,15,GGGCCGTAAACGTCGTAAGG,0,766138
crpp3,0.0625,15,15,GGGCATGGCGTCCGAAGGAT,0,783641
crpp3,0.0625,15,15,GGGATTGCTGTTCAACAGGG,0,773964
crpp3,0.0625,15,15,GGGACACAGGGTCTATTAGT,0,764247
crpp3,0.0625,15,15,GGCGGGCGGTAGTCATCCAG,0,765892
crpp3,0.0625,15,15,GGCGCGGAACTCCTTCAGCG,0,769918
crpp3,0.0625,15,15,GGACTTATTGTCTGGAGCCT,0,787214
crpp3,0.0625,15,15,GCTTCATTCGGTCCCGCGAC,0,761742
crpp3,0.0625,15,15,GCTGCAGCTGTCGCCCGATT,0,769432
crpp3,0.0625,15,15,GCGTCGGCAGTCCCGCGATG,0,768807
crpp3,0.0625,15,15,GCGTCCAGTTCCTCTAAGGC,0,771132
crpp3,0.0625,15,15,GCGTACGCTGGTAGTACGTT,0,780198
crpp3,0.0625,15,15,GCGGTGGGTGAGGAGTAGCA,0,790940
crpp3,0.0625,15,15,GCGGGGAGCCTCCACCGCTC,0,765703
crpp3,0.0625,15,15,GCCTATCCCTGTGTAGAAGG,0,788912
crpp3,0.0625,15,15,GCCCAAACCCTTATTTCTTT,0,770291
crpp3,0.0625,15,15,GCCAATGTTATGCAAATTAT,0,777588
crpp3,0.0625,15,15,GCATTTAGGAAGTTCAGTAG,0,773077
crpp3,0.0625,15,15,GATTTATTGGGCAGCTAGGC,0,789679
crpp3,0.0625,15,15,GATTCTGTGACAGCTCAATG,0,767797
crpp3,0.0625,15,15,GATGCGGGCCGGAACTAATG,0,774172
crpp3,0.0625,15,15,GAGGTTCAATTAATTATAAT,0,776987
crpp3,0.0625,15,15,GACTCGAATCGCCTCGGTTT,0,758676
crpp3,0.0625,15,15,GACGCATAATGCGGTATGGC,0,768539
crpp3,0.0625,15,15,GACCATATGTAAAGTCTGTG,0,771505
crpp3,0.0625,15,15,GACATGTACCAGTGCAGTGC,0,780240
crpp3,0.0625,15,15,GACAGTCAGTCATTGTTGTG,0,767154
crpp3,0.0625,15,15,GAATGGCACCTGATTATTCT,0,767465
crpp3,0.0625,15,15,GAATACGGATAGGTCGCACA,0,767028
crpp3,0.0625,15,15,GAATAAATGAATTACGCGCC,0,760777
crpp3,0.0625,15,15,GAAGTGCTCGGGGTACCTAC,0,772731
crpp3,0.0625,15,15,GAACAAGTCGTATGCGGTTG,0,787937
crpp3,0.0625,15,15,GAAACACCCTGCTGTACGTT,0,772229
crpp3,0.0625,15,15,CTTTAGTGTCCTTCCTTGTT,0,762006
crpp3,0.0625,15,15,CTTGTCCCCAGCGTGAATCT,0,778996
crpp3,0.0625,15,15,CTTGTCATTACGTGGTATTA,0,779704
crpp3,0.0625,15,15,CTTGCGGGATGCCCTGGGTG,0,774211
crpp3,0.0625,15,15,CTTGACCGGCTCGCTATCTG,0,762339
crpp3,0.0625,15,15,CTTGAAGCGTTGAGGGCAGT,0,763899
crpp3,0.0625,15,15,CTTCGTCGCCATAAGCTTTC,0,790580
crpp3,0.0625,15,15,CTGCTGTCGTAGCAGAGCTC,0,767972
crpp3,0.0625,15,15,CTCCGACTGCAGTACATCGC,0,758942
crpp3,0.0625,15,15,CTAACCCGTAACCATGTACA,0,788086
crpp3,0.0625,15,15,CGTTCACCGCGAGTGGATAG,0,764857
crpp3,0.0625,15,15,CGTGGAATAATGCCGGGGAT,0,762659
crpp3,0.0625,15,15,CGGTCGGGTTTACTAGGCTG,0,786215
crpp3,0.0625,15,15,CGGCCGCGGAGAGAAACTAG,0,780989
crpp3,0.0625,15,15,CGGAGAACGAGTTGCCTGCG,0,776535
crpp3,0.0625,15,15,CGAGTTGCGGCGGTAGCATT,0,778335
crpp3,0.0625,15,15,CCTCATAAGCGTACTTGGAG,0,767947
crpp3,0.0625,15,15,CCCCGAGTTTTTTTGCCACA,0,768758
crpp3,0.0625,15,15,CCCCACAATGAGCTAGTTAG,0,767945
crpp3,0.0625,15,15,CCAAAAGGTTATTGCACATG,0,766945
crpp3,0.0625,15,15,CATGGGCATGTACTGAGGCT,0,767096
crpp3,0.0625,15,15,CATGCCTTTACTAGCCTCCA,0,771834
crpp3,0.0625,15,15,CATCCCTCTATTTGATCTTT,0,782553
crpp3,0.0625,15,15,CAGCGTAATATCAACGAACC,0,770524
crpp3,0.0625,15,15,CACTTCGGGTGAGTTGTAAG,0,768842
crpp3,0.0625,15,15,CACGCAGTCACCCTCACGGA,0,791251
crpp3,0.0625,15,15,CACGACGGCCATCTAGACAC,0,779532
crpp3,0.0625,15,15,CACCTGGTGCCGATCGTATC,0,776446
crpp3,0.0625,15,15,CACAGATTCGGGGTACGTAG,0,768736
crpp3,0.0625,15,15,CAATTCTGATGCAAACCGAA,0,775381
crpp3,0.0625,15,15,CAAGTACAATGTCTGTCTAT,0,759328
crpp3,0.0625,15,15,CAACGAGAACAACCCCCCAG,0,763072
crpp3,0.0625,15,15,ATTTATGGAGAGAGTAACAG,0,790258
crpp3,0.0625,15,15,ATGTGGAAAATCACAATAAT,0,782583
crpp3,0.0625,15,15,ATGTCCTCTACTGCACAGGT,0,777147
crpp3,0.0625,15,15,ATGGAATTGGTAGTCGCCAG,0,784892
crpp3,0.0625,15,15,ATGCGTGGTCATTGTGTGTA,0,787499
crpp3,0.0625,15,15,ATGCAGTGTACATTTCTTTA,0,788824
crpp3,0.0625,15,15,ATGCACTAAAGGTGAGCTTT,0,765477
crpp3,0.0625,15,15,ATGCAATACGTTCAAGAGTC,0,779778
crpp3,0.0625,15,15,ATCGACCGAATTCGTAATAC,0,779230
crpp3,0.0625,15,15,ATCATTCAAAAATCTTCAGT,0,769091
crpp3,0.0625,15,15,ATAAACTAGTCACCAAAGGT,0,764635
crpp3,0.0625,15,15,ATAAAACGGGCGGGATGTGA,0,784682
crpp3,0.0625,15,15,AGTTCAGTGTTGACATTGAT,0,789298
crpp3,0.0625,15,15,AGGTTTAAACAACCCCGTGT,0,760726
crpp3,0.0625,15,15,AGGTTGGCCAGTATAGCCTT,0,779810
crpp3,0.0625,15,15,AGGGTACGACTTTTCTTGGA,0,766827
crpp3,0.0625,15,15,AGGGGAATCACAACTTATCT,0,771155
crpp3,0.0625,15,15,AGGCCTAATTACATCGCTTT,0,786708
crpp3,0.0625,15,15,AGGATGACAATTCTGGACTC,0,771806
crpp3,0.0625,15,15,AGGAGAGGCGGATACTCTAC,0,772797
crpp3,0.0625,15,15,AGCGATCCGATAAGTGCATA,0,760983
crpp3,0.0625,15,15,AGCCCGCATGCTGCCCCGGA,0,785937
crpp3,0.0625,15,15,AGCAGCGGGTTCTCCTTCCG,0,777632
crpp3,0.0625,15,15,AGAGAGTGTCATATAGTGGT,0,788543
crpp3,0.0625,15,15,ACTTTGCACAGCTGCCGGTG,0,778232
crpp3,0.0625,15,15,ACTGGTATAGGTCTACACAA,0,764130
crpp3,0.0625,15,15,ACTGAAGGTTAGATGGAACA,0,789560
crpp3,0.0625,15,15,ACTCTGGGTGGGGTCGAAAA,0,771445
crpp3,0.0625,15,15,ACGTGAGGAAGCTGCGACGA,0,789521
crpp3,0.0625,15,15,ACGGCGTCTAGTGGTCGTCA,0,767135
crpp3,0.0625,15,15,ACGCGGGTAATTGTACGAAC,0,761333
crpp3,0.0625,15,15,ACGCAACCCCATGGAGGAAG,0,770703
crpp3,0.0625,15,15,ACGACCTGTACCCTCAGCTG,0,766199
crpp3,0.0625,15,15,ACCTTATCCACTCTCCTGTA,0,782733
crpp3,0.0625,15,15,ACCGGGGCAGAACGCTACTG,0,760107
crpp3,0.0625,15,15,ACCCTGTTTTTAGCGGCCCA,0,769069
crpp3,0.0625,15,15,ACCCGATAAGACGCAGACAG,0,774135
crpp3,0.0625,15,15,ACCCACTGATTTTTGACATA,0,769431
crpp3,0.0625,15,15,ACATGCATGTGGGGATTTCA,0,765786
crpp3,0.0625,15,15,ACAGAGCGTCGCAGGGTCCC,0,768047
crpp3,0.0625,15,15,ACACGACTCGAAACCAACGA,0,788212
crpp3,0.0625,15,15,ACAATCGGGTGGGTGTCATG,0,783711
crpp3,0.0625,15,15,ACAAGCAGCCAGTTTCTTTT,0,775819
crpp3,0.0625,15,15,AATTCAAACCGCTTTACCTG,0,759803
crpp3,0.0625,15,15,AATCGAACATTTAGGCTAAT,0,758951
crpp3,0.0625,15,15,AATATGGTTGGCACCAAGCA,0,772791
crpp3,0.0625,15,15,AAGTCCATGATCTGGGCATG,0,771190
crpp3,0.0625,15,15,AAGGAAACAACGTACACGTT,0,786243
crpp3,0.0625,15,15,AACTCCAGCGATCTATTTGT,0,762988
crpp3,0.0625,15,15,AACTATTCCCGTTCGTCGTA,0,758646
crpp3,0.0625,15,15,AACAAAGATATTCTGCCAAT,0,771261
crpp3,0.0625,15,15,AAATGGCGAAGCCGTTCAAG,0,779573
crpp3,0.0625,15,15,AAAGTCAATCAACGAGCTGC,0,778174
crpp3,0.0625,15,15,AAAGGCTAGGACTAAGTTTG,0,785230
crpp3,0.06666666666666667,14,14,TTGGACTGGACGGGACCCCG,0,762719
crpp3,0.06666666666666667,14,14,TTCCTCATAAAGGCGAGTCC,0,769628
crpp3,0.06666666666666667,14,14,TTAACACAGGTAATTTCTGA,0,774025
crpp3,0.06666666666666667,14,14,TTAAAATCAGCATCCGAAGA,0,785663
crpp3,0.06666666666666667,14,14,TGTTTTAAAAGCATGATTTA,0,775980
crpp3,0.06666666666666667,14,14,TGTTTCAGTTGCGATATCGC,0,758853
crpp3,0.06666666666666667,14,14,TGTTAAAGGTGGCCTACACA,0,763340
crpp3,0.06666666666666667,14,14,TGTATGCTACAGGAATGGAG,0,783649
crpp3,0.06666666666666667,14,14,TGGCTCGTGCAGAGACTTTA,0,762446
crpp3,0.06666666666666667,14,14,TGGAGCCGCTACATCCGTCG,0,782232
crpp3,0.06666666666666667,14,14,TGGAACATGAGATGCGCAGT,0,774532
crpp3,0.06666666666666667,14,14,TGCGCGGGTGAGCAACTAGA,0,769903
crpp3,0.06666666666666667,14,14,TCTCGCGGCCGGATCCGGTG,0,778817
crpp3,0.06666666666666667,14,14,TCTCATTTAGTGAAGCATTC,0,785067
crpp3,0.06666666666666667,14,14,TCTCAGCTCAGCACCGCGCT,0,788624
crpp3,0.06666666666666667,14,14,TCTACTTCGGATCGTGGAAG,0,771863
crpp3,0.06666666666666667,14,14,TCTACAGAGTAGCGCGGACA,0,769905
crpp3,0.06666666666666667,14,14,TCGTCGGCAAACTTATTGGG,0,783769
crpp3,0.06666666666666667,14,14,TCGGGGCCTTGCTCTAATGT,0,767643
crpp3,0.06666666666666667,14,14,TCCGAGCGGCCGTTGATCCC,0,768613
crpp3,0.06666666666666667,14,14,TCCCTTTAAGTACCCTAGGT,0,769728
crpp3,0.06666666666666667,14,14,TCCAGGGGGGGCTCTGTTCT,0,763668
crpp3,0.06666666666666667,14,14,TCATCCGCCCTTATTCTTTG,0,787338
crpp3,0.06666666666666667,14,14,TCAAATGGTTGCACATTGAG,0,780770
crpp3,0.06666666666666667,14,14,TAGTTGACCCGCCTTGTCTA,0,774710
crpp3,0.06666666666666667,14,14,TAGGGATTAACGTTATATTC,0,780312
crpp3,0.06666666666666667,14,14,TAGCACTTAGCGACACGGAT,0,759080
crpp3,0.06666666666666667,14,14,TAAGTTCCAAGGAGAGAAGG,0,762390
crpp3,0.06666666666666667,14,14,GTTTGGGCTTGTGGTTAGCT,0,782819
crpp3,0.06666666666666667,14,14,GTTGGTATAGGCTCGTTAAC,0,779346
crpp3,0.06666666666666667,14,14,GTTGCGGTCATTCACCCTCT,0,760810
crpp3,0.06666666666666667,14,14,GTGTGACTTGGTTAGGTAAG,0,768809
crpp3,0.06666666666666667,14,14,GTGACACGCGACGCGGTAGT,0,766401
crpp3,0.06666666666666667,14,14,GTCCGGGCAATTAATAAGTT,0,767472
crpp3,0.06666666666666667,14,14,GTAGTGCTGGGGGCCTAATC,0,790215
crpp3,0.06666666666666667,14,14,GTAGCACAATGCCTTCGCGC,0,774637
crpp3,0.06666666666666667,14,14,GTACCACGGTTAGCTGCAGA,0,768801
crpp3,0.06666666666666667,14,14,GTAAGGTTTTCTTCTCAACC,0,769506
crpp3,0.06666666666666667,14,14,GGTTGGGTCCATGCGTGAGT,0,769948
crpp3,0.06666666666666667,14,14,GGTATTAGGCGTCCTCCTGA,0,762320
crpp3,0.06666666666666667,14,14,GGTACGTCGTGTAGGTGGCA,0,786355
crpp3,0.06666666666666667,14,14,GGGTCAGTCAAATCGTGTAC,0,768866
crpp3,0.06666666666666667,14,14,GGGTATAGTCCGAGTTTGAA,0,773129
crpp3,0.06666666666666667,14,14,GGGCCATGGGCTGTTGCGGC,0,765865
crpp3,0.06666666666666667,14,14,GGCGTGAAACGCTAAGTAAT,0,772302
crpp3,0.06666666666666667,14,14,GGCCTGGCCCGCATAAAGCT,0,766712
crpp3,0.06666666666666667,14,14,GGCCCACAGCTCTTCAATAA,0,766572
crpp3,0.06666666666666667,14,14,GGCATCTCAAGGGTCGTTAA,0,773025
crpp3,0.06666666666666667,14,14,GGCATAGTAAAACAGCCGCG,0,772257
crpp3,0.06666666666666667,14,14,GGATCTAGAGCTGTCTCGGG,0,766593
crpp3,0.06666666666666667,14,14,GGATCGCCAGCTTTGCAGCG,0,764613
crpp3,0.06666666666666667,14,14,GGATCGACGAAGCTAGCCTA,0,763845
crpp3,0.06666666666666667,14,14,GGATCAGGATACTCTTCCGA,0,765635
crpp3,0.06666666666666667,14,14,GGAGTCCTAACAAGAGGTAC,0,762788
crpp3,0.06666666666666667,14,14,GGACTCTGACAACGAGCGAG,0,786827
crpp3,0.06666666666666667,14,14,GGACGGCAGTAGCAATATAT,0,780512
crpp3,0.06666666666666667,14,14,GGACCTCTATACCCAGGGGA,0,765163
crpp3,0.06666666666666667,14,14,GGACCCTTTCGGCTACGGGA,0,777828
crpp3,0.06666666666666667,14,14,GCTTCTATATTTACGAGGAA,0,780371
crpp3,0.06666666666666667,14,14,GCTGGGATGGGAGCTTCTCG,0,773857
crpp3,0.06666666666666667,14,14,GCTCTACTAGGGTACCACAC,0,785585
crpp3,0.06666666666666667,14,14,GCGGCTTTGTAAACGCAATC,0,791163
crpp3,0.06666666666666667,14,14,GCGAGCACCTTAGAGTGCGT,0,783974
crpp3,0.06666666666666667,14,14,GCCTAATTGCGGGCTCGATG,0,782939
crpp3,0.06666666666666667,14,14,GCCCGAATGCGCGGTTCGAA,0,760817
crpp3,0.06666666666666667,14,14,GCATCGCATTTATGAAACAA,0,784442
crpp3,0.06666666666666667,14,14,GATCCTGGCTGATTAGATAG,0,761510
crpp3,0.06666666666666667,14,14,GATATACCGACTGGAATGGA,0,771617
crpp3,0.06666666666666667,14,14,GATAAAACCGCGACCAGTAA,0,785218
crpp3,0.06666666666666667,14,14,GAGTATGTCAGAAGAGGTAA,0,774194
crpp3,0.06666666666666667,14,14,GAGCTTCGGGCGGTCCGGGA,0,781544
crpp3,0.06666666666666667,14,14,GAGCCAGTTGAAGCGCACTC,0,769357
crpp3,0.06666666666666667,14,14,GAGCCAGAGCATACTACGGA,0,773099
crpp3,0.06666666666666667,14,14,GAGACTACCACGGAATACGT,0,784954
crpp3,0.06666666666666667,14,14,GACGGGGGTCGCATTGCGGC,0,765153
crpp3,0.06666666666666667,14,14,GAACTTGCAGCCGGAGTTCA,0,776772
crpp3,0.06666666666666667,14,14,GAACAGGGTTAGTATGTCCC,0,758739
crpp3,0.06666666666666667,14,14,GAAAGGAGCGGACAGAGGAG,0,761922
crpp3,0.06666666666666667,14,14,GAAAGCCACTCCTATAGGGT,0,764307
crpp3,0.06666666666666667,14,14,CTTCTCAGAGGACATTATTG,0,774721
crpp3,0.06666666666666667,14,14,CTTCGTATAGCCGGTTATGG,0,774112
crpp3,0.06666666666666667,14,14,CTGCTACAAGTAGAGGGTAG,0,770775
crpp3,0.06666666666666667,14,14,CTGACACCTCTATCCTGGGG,0,780423
crpp3,0.06666666666666667,14,14,CTCAGGAATTGCCTCGTGCT,0,785780
crpp3,0.06666666666666667,14,14,CTAGCTACTCTGAGTAGTCT,0,774509
crpp3,0.06666666666666667,14,14,CTACCGGTGTGTAGACTGAG,0,774794
crpp3,0.06666666666666667,14,14,CTACAGGAAAAGTCATCAAT,0,778680
crpp3,0.06666666666666667,14,14,CGTGATTGCCTCATACTTTT,0,789738
crpp3,0.06666666666666667,14,14,CGGCTCGCTCTAAGCCTTTT,0,764601
crpp3,0.06666666666666667,14,14,CGCCACATCGCTCGCACAAA,0,784024
crpp3,0.06666666666666667,14,14,CGATCGACCATCAGGTGGCG,0,774505
crpp3,0.06666666666666667,14,14,CGAGCCGTTCCATCCCATAT,0,786347
crpp3,0.06666666666666667,14,14,CGACTATGTATTCTGGTAGC,0,772962
crpp3,0.06666666666666667,14,14,CCTTAACTCGAATAGCTGGA,0,780836
crpp3,0.06666666666666667,14,14,CCTGTTACGTATAGCGTTAT,0,765789
crpp3,0.06666666666666667,14,14,CCTCAGTGAGAGCATTATTC,0,787399
crpp3,0.06666666666666667,14,14,CCGGTAGTAGCAATTACGAT,0,761360
crpp3,0.06666666666666667,14,14,CCCTCGCTATAGGGCCAGTG,0,775699
crpp3,0.06666666666666667,14,14,CCAGTATGCATCTCATCAGG,0,773380
crpp3,0.06666666666666667,14,14,CCACATCCAAGGGGTATGAC,0,768252
crpp3,0.06666666666666667,14,14,CATCTATGCAAACTTGTGCC,0,773096
crpp3,0.06666666666666667,14,14,CATACTTTCAGTGACGCACG,0,773393
crpp3,0.06666666666666667,14,14,CAGAAGCGACTGTCTGTAAT,0,758879
crpp3,0.06666666666666667,14,14,CACTTAATGGTCGCCACGAT,0,774668
crpp3,0.06666666666666667,14,14,CACTCGGATGACTGTTAGAT,0,774305
crpp3,0.06666666666666667,14,14,CACTCCGAGGCAGTTTGGAG,0,769664
crpp3,0.06666666666666667,14,14,CACGCTACTCTATGAAGCTT,0,786513
crpp3,0.06666666666666667,14,14,CACACGGCTCTCTGTGGGGT,0,767979
crpp3,0.06666666666666667,14,14,CACACGGACGTATTTCAGCC,0,760194
crpp3,0.06666666666666667,14,14,CACAAGGGGCCACCAAGAAT,0,771011
crpp3,0.06666666666666667,14,14,ATTTCTCTCACTGGCGCGGT,0,760692
crpp3,0.06666666666666667,14,14,ATTAAAGACATAATGGGGTA,0,767659
crpp3,0.06666666666666667,14,14,ATGTAAGCATTCGTATTAGC,0,789013
crpp3,0.06666666666666667,14,14,ATGGTAATGAGAGACTTTGC,0,773605
crpp3,0.06666666666666667,14,14,ATGGATGGTGTGTGTGAGTT,0,786409
crpp3,0.06666666666666667,14,14,ATGCTTCATTTAAAGTAGGG,0,785263
crpp3,0.06666666666666667,14,14,ATGCGATTCATTGATTCGGT,0,777814
crpp3,0.06666666666666667,14,14,ATGAAGGACGGTTATCTCTG,0,773907
crpp3,0.06666666666666667,14,14,ATCTGATCCGGGCAATCGAT,0,766078
crpp3,0.06666666666666667,14,14,ATCTAGGTAACGGAGTGGCA,0,780672
crpp3,0.06666666666666667,14,14,ATCTACCGGTTACTCCGCGC,0,772477
crpp3,0.06666666666666667,14,14,ATCGGTTCTGAGGGTTGTTA,0,769290
crpp3,0.06666666666666667,14,14,ATCGGCGTGTTGTTGTGTAC,0,760538
crpp3,0.06666666666666667,14,14,ATCGAGGCTAAAGGGCATAC,0,760477
crpp3,0.06666666666666667,14,14,ATCCGAGCTGGCTAGGTCGT,0,777450
crpp3,0.06666666666666667,14,14,ATCACGCCATCGCTTAAAAA,0,779859
crpp3,0.06666666666666667,14,14,ATATATGGGGAAGTCGGCAG,0,765210
crpp3,0.06666666666666667,14,14,ATAGTCCTCCTGGGTAGTGT,0,770621
crpp3,0.06666666666666667,14,14,AGTTCTACATACGTGGCGTG,0,777373
crpp3,0.06666666666666667,14,14,AGTTCCCGCGCTCGATTGCG,0,769878
crpp3,0.06666666666666667,14,14,AGTGGTGTCGGTACGTCCTC,0,760678
crpp3,0.06666666666666667,14,14,AGTGGATCGAAACCTTCCAT,0,770609
crpp3,0.06666666666666667,14,14,AGTCGGCATTCGCCCGCCAC,0,771067
crpp3,0.06666666666666667,14,14,AGGAGGAGTGGCGAATCGAG,0,785769
crpp3,0.06666666666666667,14,14,AGCGTATTTTCAGAGCGACT,0,789085
crpp3,0.06666666666666667,14,14,AGCGCCGTTGAGCACGGTAA,0,786796
crpp3,0.06666666666666667,14,14,AGCGATAGATGGTGATTCGA,0,784057
crpp3,0.06666666666666667,14,14,AGCCAAGTGTCAGCACGAGT,0,787002
crpp3,0.06666666666666667,14,14,AGACGGGTTTATTCCGTTAT,0,782014
crpp3,0.06666666666666667,14,14,ACTGTCTGCCGCCCGACTTA,0,789169
crpp3,0.06666666666666667,14,14,ACTGGTAGCCAGGTGCAGAC,0,781215
crpp3,0.06666666666666667,14,14,ACTCACGGAGCTCCATTCGG,0,774688
crpp3,0.06666666666666667,14,14,ACTAGCCCCTGGACACTATT,0,770314
crpp3,0.06666666666666667,14,14,ACGTGTGCATAATCTAAGTT,0,785275
crpp3,0.06666666666666667,14,14,ACGGCCATTCGTGCTTTGCA,0,779263
crpp3,0.06666666666666667,14,14,ACGAGTGAGGTGTCAGGGTC,0,775977
crpp3,0.06666666666666667,14,14,ACCGCGAAAATTCTTTGGCT,0,782719
crpp3,0.06666666666666667,14,14,ACCCATCTCGGCCATATGGA,0,785949
crpp3,0.06666666666666667,14,14,ACCACGGTAGGTCTAATGCC,0,790826
crpp3,0.06666666666666667,14,14,ACATGGATCGCAGCAACTGA,0,781133
crpp3,0.06666666666666667,14,14,ACAGTAAATTAGACGAGACG,0,765006
crpp3,0.06666666666666667,14,14,AATTCGCGCATAAATGTCTG,0,771825
crpp3,0.06666666666666667,14,14,AATGGTGGTTATAACTCGTT,0,763783
crpp3,0.06666666666666667,14,14,AAGTCAGCAGACCAAACACC,0,759835
crpp3,0.06666666666666667,14,14,AACGTTCGCTAACCCTGTCA,0,783256
crpp3,0.06666666666666667,14,14,AACGCAATCTCCAACGCAAG,0,763945
crpp3,0.06666666666666667,14,14,AACCCGTGCGGTGTTTATCT,0,759329
crpp3,0.06666666666666667,14,14,AACCCGCATGCCCCCCCTCA,0,767340
crpp3,0.06666666666666667,14,14,AAATGGAATTGTGCTCGTTG,0,770260
crpp3,0.06666666666666667,14,14,AAAGGTGTTGTCTGTGATAG,0,761394
crpp3,0.06666666666666667,14,14,AAACCGTCATCTGTTACTCT,0,765232
crpp3,0.06666666666666667,14,14,AAACAAGGCATACAGGCTGT,0,788707
crpp3,0.07142857142857142,13,13,TTTCTTGTTACTAAGGCGGA,0,790485
crpp3,0.07142857142857142,13,13,TTTCGTCTCCGGGTGACTTA,0,783773
crpp3,0.07142857142857142,13,13,TTGTTGGAAGCCCGGCTTTT,0,761547
crpp3,0.07142857142857142,13,13,TTGTATCACGTGTCTTAAAA,0,765020
crpp3,0.07142857142857142,13,13,TTGGTGGTGTGCACTATATA,0,771027
crpp3,0.07142857142857142,13,13,TTGGGCTCATAATCAGTCTG,0,759802
crpp3,0.07142857142857142,13,13,TTGAAGCCCCGACGCGTATT,0,769939
crpp3,0.07142857142857142,13,13,TTCTTGCAAACGGATCTTGA,0,770682
crpp3,0.07142857142857142,13,13,TTCAAGTCAGTGGTATGGAT,0,785674
crpp3,0.07142857142857142,13,13,TTATCTGTGCTGAACGAATT,0,759266
crpp3,0.07142857142857142,13,13,TTACGGTTCCGACATGGTTT,0,780670
crpp3,0.07142857142857142,13,13,TTACCGTGGGAGTAACAATC,0,780367
crpp3,0.07142857142857142,13,13,TTACACCCGGGGCTCTGGTG,0,768753
crpp3,0.07142857142857142,13,13,TTAAGGCTGCGACGCAATGC,0,791162
crpp3,0.07142857142857142,13,13,TTAACAAGGAGTCGTCCTGT,0,761771
crpp3,0.07142857142857142,13,13,TGTTCGGATTACCCTGTAGA,0,763447
crpp3,0.07142857142857142,13,13,TGTTAACCAGGCCACCAGGC,0,789012
crpp3,0.07142857142857142,13,13,TGTCGCGCGAATATGAAGTA,0,780246
crpp3,0.07142857142857142,13,13,TGGTCTCAAGACATTATCTG,0,768760
crpp3,0.07142857142857142,13,13,TGGTCACTCGACCTTACAGA,0,771726
crpp3,0.07142857142857142,13,13,TGGACGGTACCCAGGGGCTA,0,788227
crpp3,0.07142857142857142,13,13,TGCTAGAGATGCGGTCCAAA,0,783805
crpp3,0.07142857142857142,13,13,TGCGTCAAACAAGAAGGAGC,0,764361
crpp3,0.07142857142857142,13,13,TGATTGAGGAGTGCTGGTCT,0,777333
crpp3,0.07142857142857142,13,13,TGATATTAATGGATAACGCG,0,773680
crpp3,0.07142857142857142,13,13,TCTACGGTTAGAATTACGGA,0,786755
crpp3,0.07142857142857142,13,13,TCGGCGCGAAGTACTCCGGC,0,765723
crpp3,0.07142857142857142,13,13,TCGAGCATGCCACGTCGTCA,0,777337
crpp3,0.07142857142857142,13,13,TCCTCGCTTTTAGCTCCAGC,0,771385
crpp3,0.07142857142857142,13,13,TCCGCTTATCGGTGCAGCGA,0,786227
crpp3,0.07142857142857142,13,13,TCCGCAGGACTGGACGCCGA,0,781343
crpp3,0.07142857142857142,13,13,TCCAGTCGTGCCTGGCATGC,0,783922
crpp3,0.07142857142857142,13,13,TCAGTGGCAGCGTGACAAGT,0,760739
crpp3,0.07142857142857142,13,13,TCAGAAATTGTGCATGCTCG,0,778994
crpp3,0.07142857142857142,13,13,TCACGGCGACAGTGATCCGC,0,787088
crpp3,0.07142857142857142,13,13,TCACCTCGAGACGCCCTTCT,0,775845
crpp3,0.07142857142857142,13,13,TCAATGAGGGACATAAATCA,0,785567
crpp3,0.07142857142857142,13,13,TCAACAGCCTAATTTGCAAG,0,777533
crpp3,0.07142857142857142,13,13,TCAAACGCGACTTCTACTCA,0,776161
crpp3,0.07142857142857142,13,13,TATTTTTAAATGAAAGGTTT,0,765735
crpp3,0.07142857142857142,13,13,TATTGCGGTGCAGGTCATAC,0,766526
crpp3,0.07142857142857142,13,13,TATGTAAATTCAGGGGGGAG,0,767091
crpp3,0.07142857142857142,13,13,TAGCGGTGAGTATTATAGAA,0,781659
crpp3,0.07142857142857142,13,13,TAGCCTCAGCAGCGCCGAGA,0,787296
crpp3,0.07142857142857142,13,13,TACTTATTAAGTAGACTCAT,0,776697
crpp3,0.07142857142857142,13,13,TACTTATGAACTTGAAATCA,0,761146
crpp3,0.07142857142857142,13,13,TACTGCCGCAGACGAAACGA,0,789250
crpp3,0.07142857142857142,13,13,TACGGCTCTGAAATTAAGTA,0,782298
crpp3,0.07142857142857142,13,13,TACGATTGCGGACAGCCTCA,0,771037
crpp3,0.07142857142857142,13,13,TACCTCATGCGGCGCGTCGC,0,775383
crpp3,0.07142857142857142,13,13,TACCTACGGCCTTGCAGGTC,0,763801
crpp3,0.07142857142857142,13,13,TACCCCTGTGCCACAAGAAG,0,758525
crpp3,0.07142857142857142,13,13,TAATCTAGCAGGATCTACGG,0,758775
crpp3,0.07142857142857142,13,13,TAAGCGCGCTACACTGTTCA,0,789631
crpp3,0.07142857142857142,13,13,GTTTGTCCAGAAGCTGAGTA,0,762823
crpp3,0.07142857142857142,13,13,GTTCTCCGTGCTGAAAAGTG,0,790963
crpp3,0.07142857142857142,13,13,GTTAGGCACTGGAGACCTTC,0,787934
crpp3,0.07142857142857142,13,13,GTGTTAGGTGCTGAGCTATG,0,778872
crpp3,0.07142857142857142,13,13,GTGTGAGGTATATTACCAGC,0,766348
crpp3,0.07142857142857142,13,13,GTGACCTGAGTGTTCGGGAT,0,783555
crpp3,0.07142857142857142,13,13,GTCTCAAAAAGCCAGGGGTG,0,767173
crpp3,0.07142857142857142,13,13,GTATCGATCCTGTTGAATTC,0,761002
crpp3,0.07142857142857142,13,13,GTAGGCACCGTCTAAGGGTT,0,773723
crpp3,0.07142857142857142,13,13,GTAGCTTGCTTGAGGTGCTC,0,759962
crpp3,0.07142857142857142,13,13,GTACAAGGGCCGCTACGGCA,0,774040
crpp3,0.07142857142857142,13,13,GGTGCAATGAACAAACGAAC,0,775056
crpp3,0.07142857142857142,13,13,GGTCTCCTGTAATTTGTCAG,0,761136
crpp3,0.07142857142857142,13,13,GGTACTTACCACCGCTTCAC,0,778065
crpp3,0.07142857142857142,13,13,GGGGCCTTTAATTGCGCCAC,0,775218
crpp3,0.07142857142857142,13,13,GGGCCGATATGGAGAGGAGA,0,766257
crpp3,0.07142857142857142,13,13,GGCTAAAATACGAGGTGAAG,0,766906
crpp3,0.07142857142857142,13,13,GGCGCGTGCTATTGGTTTTG,0,786771
crpp3,0.07142857142857142,13,13,GGCCAGATTTTGTTCGGCTG,0,758703
crpp3,0.07142857142857142,13,13,GGCATGCAATAAAGTCCTCC,0,779059
crpp3,0.07142857142857142,13,13,GGCAGAAAATGTAATTAAAA,0,769330
crpp3,0.07142857142857142,13,13,GGCACCAAGAGCTCAGATTC,0,764213
crpp3,0.07142857142857142,13,13,GGATGGTGTGCTAAACCGGT,0,786199
crpp3,0.07142857142857142,13,13,GGAGCCGTTCGGGGGTTCTT,0,789539
crpp3,0.07142857142857142,13,13,GGACTGATTTAATAGGTCCT,0,784970
crpp3,0.07142857142857142,13,13,GGAAATTAACGTTGTTTCAA,0,786373
crpp3,0.07142857142857142,13,13,GCGTGGTCTTGGGCCGGCTT,0,786188
crpp3,0.07142857142857142,13,13,GCGATACCACTTCAGGAGGA,0,783899
crpp3,0.07142857142857142,13,13,GCGAGCAAGGAGTCTGGAAG,0,772743
crpp3,0.07142857142857142,13,13,GCGACAGCGAGCGACGATGG,0,769642
crpp3,0.07142857142857142,13,13,GCGAAGGCATGACTCGGTGA,0,789805
crpp3,0.07142857142857142,13,13,GCGAAAGCGGAGTCCGAGTT,0,775549
crpp3,0.07142857142857142,13,13,GCCGCCAAGAACGTGTCAGA,0,772878
crpp3,0.07142857142857142,13,13,GCCGAGGGCAGCCATACTGG,0,767546
crpp3,0.07142857142857142,13,13,GCCCTTTTCCGCCGGTGTAA,0,774491
crpp3,0.07142857142857142,13,13,GCCCGCTAAGGATTCGGATA,0,759705
crpp3,0.07142857142857142,13,13,GCCCCCGTCTAGTTAGTATA,0,787802
crpp3,0.07142857142857142,13,13,GCATTACCTGAACGGTCGAA,0,772899
crpp3,0.07142857142857142,13,13,GCATGTGAAGCGACTTTTAA,0,782257
crpp3,0.07142857142857142,13,13,GCACCCCGCATGTGGTCTGT,0,769169
crpp3,0.07142857142857142,13,13,GCACAGTTTTACGTATGTAT,0,761090
crpp3,0.07142857142857142,13,13,GATTCACAGACATATCTAGC,0,771387
crpp3,0.07142857142857142,13,13,GATGGAACGCATCAGTCGGA,0,790904
crpp3,0.07142857142857142,13,13,GATCGTCAGACAAACGATTT,0,780104
crpp3,0.07142857142857142,13,13,GATAATGAACGTATACACGT,0,767432
crpp3,0.07142857142857142,13,13,GATAAGGAGGACTTTTGAAG,0,766843
crpp3,0.07142857142857142,13,13,GAGTATTTTTGCACCGTCGC,0,782753
crpp3,0.07142857142857142,13,13,GAGCGTTGTGAACGCGAGGG,0,771416
crpp3,0.07142857142857142,13,13,GAGAGTTAGCCCAATATAGG,0,773296
crpp3,0.07142857142857142,13,13,GAGACGGAGGGGCGGGGCAG,0,778850
crpp3,0.07142857142857142,13,13,GACTATCCGATATGTGCACT,0,758626
crpp3,0.07142857142857142,13,13,GAACTCTACTGCGGTGATTA,0,786851
crpp3,0.07142857142857142,13,13,GAACCGGGAAATTTGTAAGA,0,781275
crpp3,0.07142857142857142,13,13,GAAATTTAAGTGCTTGAGTT,0,773621
crpp3,0.07142857142857142,13,13,CTTTCTGGATATATTGAAGT,0,790484
crpp3,0.07142857142857142,13,13,CTTCCTAACAACACTAGAAG,0,790681
crpp3,0.07142857142857142,13,13,CTTCAGGGCGTATAGTTTCA,0,788330
crpp3,0.07142857142857142,13,13,CTTATCGGGCGTCTTCATTC,0,760448
crpp3,0.07142857142857142,13,13,CTGTCGGCTAAAAACGCGAT,0,772877
crpp3,0.07142857142857142,13,13,CTGTCAATCAGGCAGGTTAG,0,776001
crpp3,0.07142857142857142,13,13,CTGGATCGATTGGGAGAGTA,0,782526
crpp3,0.07142857142857142,13,13,CTGAGGAGAGCAGTATGTTT,0,786874
crpp3,0.07142857142857142,13,13,CTCTTCGTTGTGTAGTTATG,0,783920
crpp3,0.07142857142857142,13,13,CTCAATCTCAAGGGGTTGCG,0,770819
crpp3,0.07142857142857142,13,13,CTATGTTGACAACCTAGGCA,0,783448
crpp3,0.07142857142857142,13,13,CTAGTCGAATTAGCTCAATA,0,774949
crpp3,0.07142857142857142,13,13,CTAGGATTACTGTAGAAAGT,0,778307
crpp3,0.07142857142857142,13,13,CTACCTATGGGGTTGGCTGG,0,775467
crpp3,0.07142857142857142,13,13,CTACATATCGCCAATTGCCA,0,765546
crpp3,0.07142857142857142,13,13,CTAATGCTAGTCTCAAGAAA,0,777740
crpp3,0.07142857142857142,13,13,CGTTTTCGAAACACACGCAA,0,779341
crpp3,0.07142857142857142,13,13,CGTTATCTGCCATACCATCT,0,773217
crpp3,0.07142857142857142,13,13,CGTTAGACTCCTGGCATTTT,0,785010
crpp3,0.07142857142857142,13,13,CGTGCAGACTCGAATCAAAG,0,766011
crpp3,0.07142857142857142,13,13,CGTAGGGTTGTAACGAAACG,0,772259
crpp3,0.07142857142857142,13,13,CGGTCTCGCCGGATACCAGA,0,761987
crpp3,0.07142857142857142,13,13,CGGACGATTTCAAGTTCTAA,0,773835
crpp3,0.07142857142857142,13,13,CGCGTTGCCATATATACGGG,0,781738
crpp3,0.07142857142857142,13,13,CGCAGGCTTACCATTGTGAC,0,770684
crpp3,0.07142857142857142,13,13,CGATGCTGCTGCACCTAGGA,0,784451
crpp3,0.07142857142857142,13,13,CGAGACAATGGAACGCGCTT,0,781213
crpp3,0.07142857142857142,13,13,CGACTTTAAACATGACCAGA,0,759174
crpp3,0.07142857142857142,13,13,CCTATGCTCTTCAGCGGTCT,0,766313
crpp3,0.07142857142857142,13,13,CCTAAGCCCCGTGGTGGAAC,0,788458
crpp3,0.07142857142857142,13,13,CCGTTGGTGGTGCTTTATCT,0,774353
crpp3,0.07142857142857142,13,13,CCGTTGGGTTCCTCCCTTGC,0,766992
crpp3,0.07142857142857142,13,13,CCGTAATCAAATCCTGACGA,0,761591
crpp3,0.07142857142857142,13,13,CCGGTCAATAGTGGTGGCGC,0,777776
crpp3,0.07142857142857142,13,13,CCGGTATGCGGAAACCGGGC,0,781268
crpp3,0.07142857142857142,13,13,CCGGTATCCAAACGCATGAA,0,769720
crpp3,0.07142857142857142,13,13,CCGGGGTTACTTGTAAGGGT,0,762135
crpp3,0.07142857142857142,13,13,CCCTAAGGGGCATCCACGAC,0,775454
crpp3,0.07142857142857142,13,13,CCCGCAGCCGAAGATTTCCT,0,779431
crpp3,0.07142857142857142,13,13,CCCCCGCTACGAGACGCCGC,0,773242
crpp3,0.07142857142857142,13,13,CCATGTTAGAGAACACGTAA,0,766428
crpp3,0.07142857142857142,13,13,CCATACGCGACTGGGCTTGC,0,762252
crpp3,0.07142857142857142,13,13,CCAGCGAGACCCGTCGGATT,0,765356
crpp3,0.07142857142857142,13,13,CCAGACTACGTTCGCTAGGA,0,783310
crpp3,0.07142857142857142,13,13,CCACGGGAGCATCGGAAGAT,0,761044
crpp3,0.07142857142857142,13,13,CCAACGCATGTCTTTTGAAG,0,786221
crpp3,0.07142857142857142,13,13,CATGTTCTTGAATTATGGAT,0,776383
crpp3,0.07142857142857142,13,13,CATGATTATAGCCACCTGTT,0,778430
crpp3,0.07142857142857142,13,13,CATCCAATGGCCACCCAGTG,0,791170
crpp3,0.07142857142857142,13,13,CATAAGGTACAGTATTTCAC,0,790304
crpp3,0.07142857142857142,13,13,CAGTCGATCGGGAAACGTTC,0,773502
crpp3,0.07142857142857142,13,13,CAGGGAGAGTAGAGGGGCGC,0,781070
crpp3,0.07142857142857142,13,13,CAGCCGGGCATTTTCCAACG,0,784760
crpp3,0.07142857142857142,13,13,CAGAGGGTAAGAAACAGTAT,0,782299
crpp3,0.07142857142857142,13,13,CACTTAGTCAATTTGCCGAC,0,765667
crpp3,0.07142857142857142,13,13,CACGGTCACCAGTTTAGTAA,0,780000
crpp3,0.07142857142857142,13,13,CACCTACCCCCCTCGCGCAG,0,784975
crpp3,0.07142857142857142,13,13,CACCCCAATGGAGTTCAACG,0,773023
crpp3,0.07142857142857142,13,13,CAATTCCCTGGACAGAAATG,0,783741
crpp3,0.07142857142857142,13,13,CAATGGCATAGTTAAGAGAG,0,775167
crpp3,0.07142857142857142,13,13,CAACAATATACTCGTAGGCA,0,790124
crpp3,0.07142857142857142,13,13,ATTTTCGCCCCCATAATCGT,0,775233
crpp3,0.07142857142857142,13,13,ATTCGGGTCCTCTAAACCGA,0,790411
crpp3,0.07142857142857142,13,13,ATTCAGGTCACTCTGTACTA,0,782762
crpp3,0.07142857142857142,13,13,ATGATGCTGAGGAAATGACA,0,778237
crpp3,0.07142857142857142,13,13,ATGAAACATGCCACGTTCTG,0,786050
crpp3,0.07142857142857142,13,13,ATCCATAGTGCCGCGAGGAT,0,787186
crpp3,0.07142857142857142,13,13,ATAGGGCACTTTGCCTCGTA,0,770876
crpp3,0.07142857142857142,13,13,ATAGCAATTCTAAGTCACGG,0,761802
crpp3,0.07142857142857142,13,13,ATACTATAGGGTAGAGACGC,0,764157
crpp3,0.07142857142857142,13,13,ATACCGCACGTCCCCCGGAA,0,785210
crpp3,0.07142857142857142,13,13,ATAAGATATAGCCATGCCGT,0,767045
crpp3,0.07142857142857142,13,13,AGTTACAACCGCACGAGGCC,0,775343
crpp3,0.07142857142857142,13,13,AGTCTGCGTTTACCGGTAGT,0,778001
crpp3,0.07142857142857142,13,13,AGTCTCGAAGGCACTTGTTG,0,789101
crpp3,0.07142857142857142,13,13,AGTCTCAACGGGGACGTCGA,0,777528
crpp3,0.07142857142857142,13,13,AGTCCTTAATACGCTACGAG,0,782012
crpp3,0.07142857142857142,13,13,AGTATAAAAAACACATGACT,0,761933
crpp3,0.07142857142857142,13,13,AGGTTTATCCAAGATTCCTA,0,771767
crpp3,0.07142857142857142,13,13,AGGTCTGGTGGTAATACTTA,0,770651
crpp3,0.07142857142857142,13,13,AGGCCTAACGGTGTGTCGGC,0,775064
crpp3,0.07142857142857142,13,13,AGGAGCATGAGGCAATGGAC,0,765487
crpp3,0.07142857142857142,13,13,AGCTTCACATGCCGGCTAAT,0,764797
crpp3,0.07142857142857142,13,13,AGCCGCGCCATCTGAGGGTG,0,777536
crpp3,0.07142857142857142,13,13,AGCAGATATGGGGTGAGTGA,0,767731
crpp3,0.07142857142857142,13,13,AGATATACGGCTCCTGTCAA,0,763856
crpp3,0.07142857142857142,13,13,AGACTAATCCGGAACCACGG,0,766975
crpp3,0.07142857142857142,13,13,ACTGCCCCCTCCCACCACCA,0,762447
crpp3,0.07142857142857142,13,13,ACTATATGTGTAGACGTTCA,0,788413
crpp3,0.07142857142857142,13,13,ACGGTCCATTGTGGTCTTGC,0,763190
crpp3,0.07142857142857142,13,13,ACCTTTTCAGTAGTGTGCTG,0,784534
crpp3,0.07142857142857142,13,13,ACCTGAATTTAGCCTCCAGT,0,773337
crpp3,0.07142857142857142,13,13,ACCGTATCATTGGTTCCACC,0,768808
crpp3,0.07142857142857142,13,13,ACCAGGTGGGTTAAACGTCT,0,785861
crpp3,0.07142857142857142,13,13,ACATGGGACGGAGGGCTTAA,0,762816
crpp3,0.07142857142857142,13,13,ACATCATGAGTATCTAGGCC,0,766232
crpp3,0.07142857142857142,13,13,ACACGCTGATTAACGTTATC,0,786335
crpp3,0.07142857142857142,13,13,ACACCGGTTCGAGCATTTGA,0,786263
crpp3,0.07142857142857142,13,13,AATTGACCCGATGATTCAGT,0,774263
crpp3,0.07142857142857142,13,13,AATGGGGGACGTTCGTAGAG,0,789528
crpp3,0.07142857142857142,13,13,AATGATGGCTGACACCCCCA,0,758529
crpp3,0.07142857142857142,13,13,AATAGATTTTGAGTTATGTT,0,761625
crpp3,0.07142857142857142,13,13,AAGTTGGAAAGTGCACAAGT,0,785499
crpp3,0.07142857142857142,13,13,AAGTCTCTTTGCCCCGGTCT,0,776517
crpp3,0.07142857142857142,13,13,AAGTCGGGAACAGGAAAAGA,0,766495
crpp3,0.07142857142857142,13,13,AACGTACGGTTTAGGAGAGC,0,758948
crpp3,0.07142857142857142,13,13,AACGCGGACTTGCCTGCTCC,0,777310
crpp3,0.07142857142857142,13,13,AACCTCGGCTCCGTCATGAC,0,775713
crpp3,0.07142857142857142,13,13,AACCTAGAGTACCCTACGGG,0,765870
crpp3,0.07142857142857142,13,13,AACAGATGCGGACATGGCGT,0,777008
crpp3,0.07142857142857142,13,13,AACAACGTTTTGGGTGTCTG,0,765245
crpp3,0.07142857142857142,13,13,AAATTGATCATTGTGCTCTA,0,759593
crpp3,0.07142857142857142,13,13,AAATTCTGTATCTCGCACTA,0,782943
crpp3,0.07142857142857142,13,13,AAAGGTCTCTCGCGATATAT,0,765221
crpp3,0.07142857142857142,13,13,AAAGGTACTTCCCCATCCGA,0,779119
crpp3,0.07142857142857142,13,13,AAAATAACTGGGGCTCTATC,0,759028
crpp3,0.07142857142857142,13,13,AAAAGGGCGCTGTGCTCACA,0,771831
crpp3,0.07692307692307693,12,12,TTTGGCTATTTAGAGGGCCA,0,760192
crpp3,0.07692307692307693,12,12,TTTCGTGTCCTCCGCTTCTG,0,780507
crpp3,0.07692307692307693,12,12,TTTCCTAAAACAGGCTCAAG,0,758526
crpp3,0.07692307692307693,12,12,TTTATGCTGCAACAGTGCTT,0,787741
crpp3,0.07692307692307693,12,12,TTTATAGACTCCCCCTATTG,0,773166
crpp3,0.07692307692307693,12,12,TTGCATAGACCCCTCGCATG,0,768755
crpp3,0.07692307692307693,12,12,TTGAAAGTTACAACCGTCGT,0,770940
crpp3,0.07692307692307693,12,12,TTCTTAACGGTCCGTGCTCC,0,776005
crpp3,0.07692307692307693,12,12,TTCGACAGACCCGCAACCGT,0,780633
crpp3,0.07692307692307693,12,12,TTCCAGGCCGACGACTATGT,0,772276
crpp3,0.07692307692307693,12,12,TTATTACACAACCATTGTAC,0,764777
crpp3,0.07692307692307693,12,12,TTATCCGCCCAGTGGTGCAG,0,766600
crpp3,0.07692307692307693,12,12,TTATATATTCCTTCTCAAGC,0,784739
crpp3,0.07692307692307693,12,12,TTACAAAGAAAGTCGGCTTG,0,777699
crpp3,0.07692307692307693,12,12,TTAAGTACTACCCGGTAGGG,0,762840
crpp3,0.07692307692307693,12,12,TGTGTGCATTGGAAGCCTGT,0,780744
crpp3,0.07692307692307693,12,12,TGTAGAATAAAGCTATAGGT,0,788965
crpp3,0.07692307692307693,12,12,TGGCCAAGAATAATAGGAAT,0,773611
crpp3,0.07692307692307693,12,12,TGCTTATATTACGCGCTTGT,0,783639
crpp3,0.07692307692307693,12,12,TGCATACATTTCCAGCTATC,0,772787
crpp3,0.07692307692307693,12,12,TGCACCACTGACCCCGTCTA,0,770770
crpp3,0.07692307692307693,12,12,TGATTGCTATGGCAAGTAAA,0,761082
crpp3,0.07692307692307693,12,12,TGAAGGTTTATCGCGAATCG,0,763902
crpp3,0.07692307692307693,12,12,TCTTCCGAGTTACCAAACAT,0,786641
crpp3,0.07692307692307693,12,12,TCTCTGGTGAATGTCAACCA,0,763350
crpp3,0.07692307692307693,12,12,TCTCGGTTTCAGATCCGACA,0,773738
crpp3,0.07692307692307693,12,12,TCTCCTAGCACGTGAACTCT,0,771219
crpp3,0.07692307692307693,12,12,TCGTTCGTCAATTACGTCCA,0,767507
crpp3,0.07692307692307693,12,12,TCGTGATTGAAGCCATCGGG,0,765720
crpp3,0.07692307692307693,12,12,TCGCAGCCGCATAATCGCTA,0,761194
crpp3,0.07692307692307693,12,12,TCGAATATATGAGCTCCGAG,0,779769
crpp3,0.07692307692307693,12,12,TCCTTAGTAAGCCCCTGGTC,0,766001
crpp3,0.07692307692307693,12,12,TCCTCTGTCCAAGTAAGGCG,0,770912
crpp3,0.07692307692307693,12,12,TCCTCGCGCTGGAGATGCCT,0,788930
crpp3,0.07692307692307693,12,12,TCCGTGCTCATGACCGACTT,0,776105
crpp3,0.07692307692307693,12,12,TCCGCTGTCGCCCTTTCCTC,0,783810
crpp3,0.07692307692307693,12,12,TCATTTGCTGCAACTGCGTC,0,779576
crpp3,0.07692307692307693,12,12,TCAGGGGTTTCGGCACGTCA,0,772798
crpp3,0.07692307692307693,12,12,TCAGGAAATTAATGGCAGCC,0,788396
crpp3,0.07692307692307693,12,12,TCACGGGCACATGATGATAT,0,758696
crpp3,0.07692307692307693,12,12,TCACCTTTTGCCTGATGATT,0,773529
crpp3,0.07692307692307693,12,12,TCACCAAGCTGCCTCCCACC,0,772782
crpp3,0.07692307692307693,12,12,TCACAGAACGGTTGGGGCAT,0,787448
crpp3,0.07692307692307693,12,12,TCAAATATCGCAATCCAAGT,0,781103
crpp3,0.07692307692307693,12,12,TATGTAGCAAACGTAGTCAG,0,763580
crpp3,0.07692307692307693,12,12,TATCTAGGATCGATTGTAAG,0,786172
crpp3,0.07692307692307693,12,12,TAGTCTCAGGAAGTGTAGTG,0,785703
crpp3,0.07692307692307693,12,12,TAGGCACTACATACAGTAAT,0,764374
crpp3,0.07692307692307693,12,12,TACTCGGATCAGCGGTAAAG,0,764410
crpp3,0.07692307692307693,12,12,TACGTCCTCCGTGACAGCCC,0,772991
crpp3,0.07692307692307693,12,12,TACACGTCCCATATGGCTAA,0,771326
crpp3,0.07692307692307693,12,12,TACACCGTTGCAGAAACTTC,0,780365
crpp3,0.07692307692307693,12,12,TAATTGTTCCGTCTGTGTTA,0,761259
crpp3,0.07692307692307693,12,12,TAAGCATAAGCCTATACGAG,0,784230
crpp3,0.07692307692307693,12,12,TAAAATTCGCTAGTGTTGGT,0,770530
crpp3,0.07692307692307693,12,12,GTTTTTGAGGCCGGTGTTGT,0,763135
crpp3,0.07692307692307693,12,12,GTTTCCTATAGTGCTAGAAC,0,758577
crpp3,0.07692307692307693,12,12,GTTGAAGATACTACGGGAAC,0,779117
crpp3,0.07692307692307693,12,12,GTTATAATTTGTGTTAGTAT,0,774447
crpp3,0.07692307692307693,12,12,GTGACACTCTGTCGTGCAAT,0,775296
crpp3,0.07692307692307693,12,12,GTGAAGGATACGTTGGATAT,0,779582
crpp3,0.07692307692307693,12,12,GTCGTTGGACTTAGTTCGCC,0,769130
crpp3,0.07692307692307693,12,12,GTCGAGCTTCCACCAGGGTG,0,765568
crpp3,0.07692307692307693,12,12,GTCCATTGCCGGAAGTCAAA,0,783346
crpp3,0.07692307692307693,12,12,GTCAACGAAAAGGGAATAGA,0,764663
crpp3,0.07692307692307693,12,12,GTATTGAGCCGGCAGCTTCA,0,779648
crpp3,0.07692307692307693,12,12,GTATCAGATACTAAAACCAG,0,769361
crpp3,0.07692307692307693,12,12,GTAGTGCCTAGTCTTAACTA,0,763357
crpp3,0.07692307692307693,12,12,GTAGGCCAAGGCGAATCTCG,0,785556
crpp3,0.07692307692307693,12,12,GTAGAAATACACCTCGCACC,0,774805
crpp3,0.07692307692307693,12,12,GGTGTCTGAAACCACACGCT,0,780858
crpp3,0.07692307692307693,12,12,GGTCAGAATCGAGGCTCCAC,0,774956
crpp3,0.07692307692307693,12,12,GGTATGTGGACAGGCGTTTC,0,770177
crpp3,0.07692307692307693,12,12,GGTATGTCTAAGGAATCGTA,0,763939
crpp3,0.07692307692307693,12,12,GGGTTTGTAGGTCAGCGCAG,0,787069
crpp3,0.07692307692307693,12,12,GGGCCATTATGTAACGCTCC,0,777895
crpp3,0.07692307692307693,12,12,GGCTAGGCTAGAGGCTTGGA,0,785793
crpp3,0.07692307692307693,12,12,GGCGTACATGCAGCCTGAAG,0,766804
crpp3,0.07692307692307693,12,12,GGCGCTTATTGGACCGTTGC,0,758826
crpp3,0.07692307692307693,12,12,GGCGCGCTTGGCCAGCAGAC,0,771033
crpp3,0.07692307692307693,12,12,GGCAGATATACCGATAGCCG,0,784933
crpp3,0.07692307692307693,12,12,GGCACGACTAGCTACGATTG,0,781893
crpp3,0.07692307692307693,12,12,GGCACACACATTTCCCTCGG,0,788265
crpp3,0.07692307692307693,12,12,GCTTTGCTTCAATGGCGTAT,0,769882
crpp3,0.07692307692307693,12,12,GCTTTACACTGCCTTGCTGT,0,773243
crpp3,0.07692307692307693,12,12,GCTGCCGGCATGAGCGACAA,0,768894
crpp3,0.07692307692307693,12,12,GCGAATTATCAGTGGAGTCG,0,788701
crpp3,0.07692307692307693,12,12,GCCTAATGAAAAGGAGGGCT,0,780394
crpp3,0.07692307692307693,12,12,GCCGCTCTGGCATACATGAA,0,762048
crpp3,0.07692307692307693,12,12,GCCATAGGGACGACGTCATT,0,761369
crpp3,0.07692307692307693,12,12,GCCATAAGACCGCGTAGGAT,0,772020
crpp3,0.07692307692307693,12,12,GCCAGTTCTTTTGTCATAGT,0,764703
crpp3,0.07692307692307693,12,12,GCCACGCAAGATAAGTAGGG,0,776293
crpp3,0.07692307692307693,12,12,GCATGCAAACGTCATGAGAA,0,761177
crpp3,0.07692307692307693,12,12,GCAAGCAAAGGAGGGACCTG,0,759581
crpp3,0.07692307692307693,12,12,GCAACCCAGACTTTCATACA,0,776582
crpp3,0.07692307692307693,12,12,GATCCACGGAAGCGTCTAAA,0,767528
crpp3,0.07692307692307693,12,12,GATATTGAGGGCCGTGAACC,0,760087
crpp3,0.07692307692307693,12,12,GATAGGTTAGCTTTAATAGT,0,776352
crpp3,0.07692307692307693,12,12,GAGTTTAATAATACGGTAGA,0,762236
crpp3,0.07692307692307693,12,12,GAGTGGTGGTATTCATCTCA,0,787580
crpp3,0.07692307692307693,12,12,GAGAGTAGCCAGACGTAAAG,0,763723
crpp3,0.07692307692307693,12,12,GACTGTAACGTTAGTTGGTG,0,768683
crpp3,0.07692307692307693,12,12,GACGTTCGCGCACCGGTCTA,0,780212
crpp3,0.07692307692307693,12,12,GACGTCTGGGGGGCAATTAA,0,782091
crpp3,0.07692307692307693,12,12,GACGGATATCTGCCTACACG,0,781890
crpp3,0.07692307692307693,12,12,GACCTCCAACATGGCCGTAC,0,767660
crpp3,0.07692307692307693,12,12,GACCGGTCAAACTGGTGGAA,0,787245
crpp3,0.07692307692307693,12,12,GACAGGAACAGGCCCTCAAT,0,786981
crpp3,0.07692307692307693,12,12,GAATCCAATGGGTCTTAGGA,0,772508
crpp3,0.07692307692307693,12,12,CTTTGGGCGAAAAAATTCCT,0,773628
crpp3,0.07692307692307693,12,12,CTTTCGTTCTAATGCTCGGA,0,776644
crpp3,0.07692307692307693,12,12,CTTGACATACTTTCGTTTTA,0,767756
crpp3,0.07692307692307693,12,12,CTTCAATACTAATGTACCAA,0,772273
crpp3,0.07692307692307693,12,12,CTTAAAAGCGAGCGGACCGT,0,763054
crpp3,0.07692307692307693,12,12,CTGGGTTTTAGGTTGAGTAA,0,767326
crpp3,0.07692307692307693,12,12,CTGGGCACGCGCGCTCGTTT,0,763173
crpp3,0.07692307692307693,12,12,CTGGACGGTACGGCATTAAA,0,760885
crpp3,0.07692307692307693,12,12,CTGGAAGGATCCTGAGCCTG,0,789310
crpp3,0.07692307692307693,12,12,CTGAGGAAACATCAGGGCCT,0,779094
crpp3,0.07692307692307693,12,12,CTGACGATACCTTTAGGATA,0,786381
crpp3,0.07692307692307693,12,12,CTGACATGACACCTTGGGGT,0,763993
crpp3,0.07692307692307693,12,12,CTCCGATACCCATAACAGAA,0,760447
crpp3,0.07692307692307693,12,12,CTCCCTGGAGGGGCTTTGAA,0,783877
crpp3,0.07692307692307693,12,12,CTCAGTCAAAGTAGCAGTTG,0,776145
crpp3,0.07692307692307693,12,12,CTATTAAGGGAGGCTCATTT,0,780875
crpp3,0.07692307692307693,12,12,CTATGACTAATGGCTGACAA,0,771239
crpp3,0.07692307692307693,12,12,CTAGTGATAAAGAACGTCAG,0,789635
crpp3,0.07692307692307693,12,12,CTAGAAAAACGAACGACGCA,0,759799
crpp3,0.07692307692307693,12,12,CTACTATGCACCTTCGTTTG,0,768406
crpp3,0.07692307692307693,12,12,CTACGGTTCGTGGAGTTCTC,0,778991
crpp3,0.07692307692307693,12,12,CTACCGCTACTACTGTGTTC,0,768766
crpp3,0.07692307692307693,12,12,CTAATACGCAGATTCCTTCA,0,781549
crpp3,0.07692307692307693,12,12,CGTTTTGGTAGGTAAATTGC,0,775778
crpp3,0.07692307692307693,12,12,CGTTTAGGAAGAGGAGCCCT,0,760165
crpp3,0.07692307692307693,12,12,CGTGGGCTGGAGGGGACAGT,0,786123
crpp3,0.07692307692307693,12,12,CGTCGATTCTTGGTATGAAC,0,762222
crpp3,0.07692307692307693,12,12,CGTACGACTCAGGCTGTTGA,0,784859
crpp3,0.07692307692307693,12,12,CGGTCATCAGATATGGTGTG,0,786311
crpp3,0.07692307692307693,12,12,CGATTGCAAGGCCGAACTAT,0,780070
crpp3,0.07692307692307693,12,12,CGATCTGTCGTATCTTACGA,0,787482
crpp3,0.07692307692307693,12,12,CGACTGCTCCCTCGCGCGAA,0,788920
crpp3,0.07692307692307693,12,12,CGACTACATCGTCTTTGGCC,0,780538
crpp3,0.07692307692307693,12,12,CGACGATACGGAGGGCGGAC,0,760482
crpp3,0.07692307692307693,12,12,CGACCTGTTGAACGGATATT,0,763760
crpp3,0.07692307692307693,12,12,CCTGACAACCAGGAAAGCGA,0,762119
crpp3,0.07692307692307693,12,12,CCTCTGACAGCTGCCATACT,0,780329
crpp3,0.07692307692307693,12,12,CCGTTTTGGCGGGACGTGTC,0,780842
crpp3,0.07692307692307693,12,12,CCGTGCCCTTTTACGCAAAC,0,789820
crpp3,0.07692307692307693,12,12,CCGCTGATAAGGATTAGCCT,0,776143
crpp3,0.07692307692307693,12,12,CCCTCCACATCGACTGGAAG,0,758499
crpp3,0.07692307692307693,12,12,CCCGGAAAGTATCATCTATC,0,783351
crpp3,0.07692307692307693,12,12,CCCCGATAACACTAGATGGA,0,763826
crpp3,0.07692307692307693,12,12,CCCACAGGCCTCCATCCAAA,0,761132
crpp3,0.07692307692307693,12,12,CCCAAGTAATTGCGCAGGAG,0,790803
crpp3,0.07692307692307693,12,12,CCATCCAGGGGTGTAAACTT,0,770965
crpp3,0.07692307692307693,12,12,CCATAGACTATTACAATGTC,0,791112
crpp3,0.07692307692307693,12,12,CCAGGCCGATCTGAGAATGG,0,771539
crpp3,0.07692307692307693,12,12,CCACCTCTGATGCATGCCGT,0,762643
crpp3,0.07692307692307693,12,12,CCAACTGACTAACGGCCAAA,0,758899
crpp3,0.07692307692307693,12,12,CCAACGCGCTGGAGAGCTCC,0,781677
crpp3,0.07692307692307693,12,12,CATTGTCAGAATAGCGATTT,0,788034
crpp3,0.07692307692307693,12,12,CATGTTTACCCTGGGCTTTT,0,782422
crpp3,0.07692307692307693,12,12,CATGTAGGTAAGACTATTTT,0,778599
crpp3,0.07692307692307693,12,12,CATGCACGCTGAGGAGATAG,0,760142
crpp3,0.07692307692307693,12,12,CATGAGATAGCCCAGGTGCA,0,791146
crpp3,0.07692307692307693,12,12,CATAATGTAAAACAGGACTG,0,770792
crpp3,0.07692307692307693,12,12,CAGTGTTAGGATGACCACCA,0,785794
crpp3,0.07692307692307693,12,12,CAGTCTCCCCGAATAGAAAA,0,762536
crpp3,0.07692307692307693,12,12,CAGTCTATAGCCAATTTGCC,0,778222
crpp3,0.07692307692307693,12,12,CAGGTGATAAAGCGGGATGA,0,772275
crpp3,0.07692307692307693,12,12,CAGGGACTGAATCCGGAAGA,0,785048
crpp3,0.07692307692307693,12,12,CAGACCATTTTGTGCAAGGT,0,773882
crpp3,0.07692307692307693,12,12,CAGAACCTAGATTGCCGAAT,0,775963
crpp3,0.07692307692307693,12,12,CACGAGGTCTCTTGAGTTTT,0,786511
crpp3,0.07692307692307693,12,12,CACGAGCCTACGCTTTTTCA,0,786420
crpp3,0.07692307692307693,12,12,CAATGCGCCGTTTTCCTCAA,0,769730
crpp3,0.07692307692307693,12,12,CAAGTTACAGTGAGCAGGAA,0,769233
crpp3,0.07692307692307693,12,12,CAAGGCTACCGCGTTAAGAT,0,780136
crpp3,0.07692307692307693,12,12,CAAGCCGCAGACGCCCGCAA,0,759168
crpp3,0.07692307692307693,12,12,ATTTTTTGACTGCTGGGGAG,0,761056
crpp3,0.07692307692307693,12,12,ATTTATAGTTAATCGAGGCG,0,768810
crpp3,0.07692307692307693,12,12,ATTGTGGCTTAACACATAAA,0,784510
crpp3,0.07692307692307693,12,12,ATTCTTAATCCGAGGCGCGT,0,779364
crpp3,0.07692307692307693,12,12,ATTATGCCGACGCTTGCTAT,0,770938
crpp3,0.07692307692307693,12,12,ATTACAGGGGTTTAGAGCTT,0,782258
crpp3,0.07692307692307693,12,12,ATGTAGTCACAGGGTTGGCT,0,784627
crpp3,0.07692307692307693,12,12,ATGTAATCCATCCGACACAA,0,779747
crpp3,0.07692307692307693,12,12,ATGGTGACCGTACCGAAGGT,0,772318
crpp3,0.07692307692307693,12,12,ATGAGCGGAACAAAATCATA,0,768772
crpp3,0.07692307692307693,12,12,ATCCAATCGCTACCGTTCTT,0,786667
crpp3,0.07692307692307693,12,12,ATCAGAGTTCTCCGGTCTAA,0,767297
crpp3,0.07692307692307693,12,12,AGTTCCGGACACAGAAGAGA,0,781276
crpp3,0.07692307692307693,12,12,AGGCTCTCGCCTGCTACCAG,0,763498
crpp3,0.07692307692307693,12,12,AGGATTCTGTATCACATTCT,0,769331
crpp3,0.07692307692307693,12,12,AGCCTTTGAATAGCCCGAAT,0,776526
crpp3,0.07692307692307693,12,12,AGCCTCTGGGTCACTAGGTA,0,769964
crpp3,0.07692307692307693,12,12,AGATTTTACTTCCTCGTACA,0,775000
crpp3,0.07692307692307693,12,12,AGAGTGCCTAAGCAGGCCTT,0,765478
crpp3,0.07692307692307693,12,12,AGAGGTTCCCACAAAAACAC,0,773047
crpp3,0.07692307692307693,12,12,AGACCGCTAACGGCCTTATC,0,759678
crpp3,0.07692307692307693,12,12,ACTTGATTAAGACAGGAGCT,0,777176
crpp3,0.07692307692307693,12,12,ACTTAGAACATTGGTACTGC,0,762918
crpp3,0.07692307692307693,12,12,ACTGGTGTCACGGTGATTTA,0,790836
crpp3,0.07692307692307693,12,12,ACTAGACCTCAAATCTAAAT,0,780509
crpp3,0.07692307692307693,12,12,ACTAATAACCATCCATTAAA,0,759889
crpp3,0.07692307692307693,12,12,ACGTGAACGTGCAGCTATAC,0,771183
crpp3,0.07692307692307693,12,12,ACGTCGGGCCAATAACGGGT,0,778735
crpp3,0.07692307692307693,12,12,ACGTAGTGGTCCCGTACGCT,0,761585
crpp3,0.07692307692307693,12,12,ACGGGCTGAGACTGGGACTC,0,760982
crpp3,0.07692307692307693,12,12,ACGGGACTACAGCACGGAGG,0,761891
crpp3,0.07692307692307693,12,12,ACGGATGCTAGGCCGGCCGT,0,763616
crpp3,0.07692307692307693,12,12,ACCGACAAGAAGCATGTTAT,0,779365
crpp3,0.07692307692307693,12,12,ACATCTCCGGGCAGATAGGT,0,760942
crpp3,0.07692307692307693,12,12,ACAGGTTACGTCGCTTGCGC,0,770623
crpp3,0.07692307692307693,12,12,ACAGAAATCCTAGAGGAGCC,0,775109
crpp3,0.07692307692307693,12,12,ACACTGCCTAGCGGTAAGTG,0,768649
crpp3,0.07692307692307693,12,12,ACACATGCATCGGCCGTCCC,0,770057
crpp3,0.07692307692307693,12,12,AATTGGGTTTGGGCAGTTCA,0,765820
crpp3,0.07692307692307693,12,12,AATGTTGCTTTCCGTCCCGA,0,770065
crpp3,0.07692307692307693,12,12,AATGCTCTGCCACACGTGTA,0,768857
crpp3,0.07692307692307693,12,12,AATGATCGACACTCTACCAT,0,777720
crpp3,0.07692307692307693,12,12,AATCGTTCGCACGGCGAACA,0,777789
crpp3,0.07692307692307693,12,12,AATCGAAGTGCATCATTATA,0,776589
crpp3,0.07692307692307693,12,12,AAGTGGGCGTAATATCTAAG,0,774576
crpp3,0.07692307692307693,12,12,AAGGGGGGATCCACGTAGGC,0,788021
crpp3,0.07692307692307693,12,12,AAGAAGGTGTGGCGCGCTGA,0,773366
crpp3,0.07692307692307693,12,12,AACTTGGTCTAGTGCGACTC,0,777437
crpp3,0.07692307692307693,12,12,AACGTAGTTGATTGAGTCGC,0,764349
crpp3,0.07692307692307693,12,12,AACGAAGATTATCCCATTGA,0,768193
crpp3,0.07692307692307693,12,12,AAAGCTAGGGGTCCGATCTT,0,776704
crpp3,0.07692307692307693,12,12,AAAATTTCGATCTGGTAATA,0,769668
crpp3,0.07692307692307693,12,12,AAAATCCCGGCATGGGAAGG,0,786562
crpp3,0.08333333333333333,11,11,TTTTTAGATCTAGCCTTCCT,0,761144
crpp3,0.08333333333333333,11,11,TTTGGCAACAGTGGGTCTGG,0,789895
crpp3,0.08333333333333333,11,11,TTTGCAACGCTCACCATCAA,0,774319
crpp3,0.08333333333333333,11,11,TTTACGAGTATCCTCAAAGT,0,758743
crpp3,0.08333333333333333,11,11,TTGTACGATGAACGAGACGA,0,771197
crpp3,0.08333333333333333,11,11,TTGCGCTTTTCTCCCTGAGC,0,777983
crpp3,0.08333333333333333,11,11,TTCTTATATCATCATTCGAC,0,784776
crpp3,0.08333333333333333,11,11,TTCTCGACAAATTCATCGCA,0,788936
crpp3,0.08333333333333333,11,11,TTCAGGCCTGGACACATGCT,0,774219
crpp3,0.08333333333333333,11,11,TTATTACGGGGACCCCGGTT,0,772126
crpp3,0.08333333333333333,11,11,TTATCCGTCCGCGAGCCATT,0,781989
crpp3,0.08333333333333333,11,11,TTAGTCCCTGGAGGAGTTCC,0,784345
crpp3,0.08333333333333333,11,11,TTAGTACCTTGCGAGTAGTG,0,777009
crpp3,0.08333333333333333,11,11,TTAGGCGCCACCGGATAAGC,0,786075
crpp3,0.08333333333333333,11,11,TTAGCCCGGGTTTGAGTCTG,0,762123
crpp3,0.08333333333333333,11,11,TTACCCCGACGCACGGTCCA,0,762741
crpp3,0.08333333333333333,11,11,TTAATTAATGCACATCCGGA,0,783992
crpp3,0.08333333333333333,11,11,TGTTTTAATGCCCTCTACGG,0,778523
crpp3,0.08333333333333333,11,11,TGTGGATACATACGGTTTTA,0,763821
crpp3,0.08333333333333333,11,11,TGGTTCCAACACCACGTGAG,0,768611
crpp3,0.08333333333333333,11,11,TGGGAGGTGAGCACTGGTCT,0,773163
crpp3,0.08333333333333333,11,11,TGGCGGAGAGCTTGGCAAGT,0,763102
crpp3,0.08333333333333333,11,11,TGGCCAACACTCGCACTATC,0,782944
crpp3,0.08333333333333333,11,11,TGCGTAAGATAGCGTCTGAG,0,775650
crpp3,0.08333333333333333,11,11,TGCCGCTAAGGTTCAGCATC,0,759313
crpp3,0.08333333333333333,11,11,TGCACTCGGGCACATTTGAT,0,763828
crpp3,0.08333333333333333,11,11,TGATGCATTGATCATATTTT,0,759245
crpp3,0.08333333333333333,11,11,TGATCGGGATACGTCAGGAT,0,768919
crpp3,0.08333333333333333,11,11,TGAAAAAGGGCCGGCGACCA,0,770288
crpp3,0.08333333333333333,11,11,TCTTTTGGATTTTATTGGGT,0,759111
crpp3,0.08333333333333333,11,11,TCTAGGTGAAGTGCTCGGAA,0,789541
crpp3,0.08333333333333333,11,11,TCTACTGGGTAGGAATGGTA,0,785555
crpp3,0.08333333333333333,11,11,TCTACTGGAAGTGGCTGCTA,0,789234
crpp3,0.08333333333333333,11,11,TCGTGTAGTGTCAGCCTCTG,0,787129
crpp3,0.08333333333333333,11,11,TCGCGTTCCGGGTCGATACA,0,769138
crpp3,0.08333333333333333,11,11,TCGCAGACGATTAACTCCGC,0,767932
crpp3,0.08333333333333333,11,11,TCGACTGCTTATGCGATACA,0,773725
crpp3,0.08333333333333333,11,11,TCGACATCGTAACTGGGCTC,0,789232
crpp3,0.08333333333333333,11,11,TCCTATCCCACATGGGTTAT,0,763688
crpp3,0.08333333333333333,11,11,TCCTACCCAATTCCACTACC,0,768244
crpp3,0.08333333333333333,11,11,TCATCAATCAGCGAAGTAGA,0,769985
crpp3,0.08333333333333333,11,11,TCATATCGGGCTTTACGGAT,0,777815
crpp3,0.08333333333333333,11,11,TCACCATATTTCTATTTCGA,0,777361
crpp3,0.08333333333333333,11,11,TATTCTCGTCGGAGGCGGTG,0,774053
crpp3,0.08333333333333333,11,11,TATTCGTACCCGGTGAATCG,0,775244
crpp3,0.08333333333333333,11,11,TAGGGGGTAGGTGAGTCGTT,0,774379
crpp3,0.08333333333333333,11,11,TAGCGTGGATCGGGGTCCCA,0,781759
crpp3,0.08333333333333333,11,11,TAGACGTGTCAATCATCGCG,0,778289
crpp3,0.08333333333333333,11,11,TACGTGCCATGTTTAACTAA,0,769744
crpp3,0.08333333333333333,11,11,TACGGTTAACTTTACTGTGG,0,788851
crpp3,0.08333333333333333,11,11,TACGGATCCCAGTAGTAGCA,0,771139
crpp3,0.08333333333333333,11,11,TACGATCCCCCTTTTGCTCA,0,758763
crpp3,0.08333333333333333,11,11,TAAGAAACTTTTGGTTCTTC,0,760306
crpp3,0.08333333333333333,11,11,TAACGTCGGATCAGAATGGA,0,775967
crpp3,0.08333333333333333,11,11,TAACGACCTAACTTCGCTCT,0,771895
crpp3,0.08333333333333333,11,11,TAAATGTCACCCCTCACTGG,0,770874
crpp3,0.08333333333333333,11,11,TAAAGCGGTACTTGGGATCA,0,774235
crpp3,0.08333333333333333,11,11,GTTGTAATCAAGACGCGACT,0,770731
crpp3,0.08333333333333333,11,11,GTTGTAAGATCACGGAAACA,0,772135
crpp3,0.08333333333333333,11,11,GTTGCTCCTCCGTAAGGCAA,0,783655
crpp3,0.08333333333333333,11,11,GTTCTGAACTGGTACGAGTA,0,780669
crpp3,0.08333333333333333,11,11,GTTCAGCACTAATGTCAGTT,0,779343
crpp3,0.08333333333333333,11,11,GTTAATGCCAGATGAATGTA,0,758820
crpp3,0.08333333333333333,11,11,GTGTGCTAAAGGCTGCTTAG,0,776991
crpp3,0.08333333333333333,11,11,GTGGGTACTGGTTTGTTGAT,0,773390
crpp3,0.08333333333333333,11,11,GTGCTCCACGGGTCAAACCA,0,779493
crpp3,0.08333333333333333,11,11,GTGAGAATCGTAATTCAACA,0,760088
crpp3,0.08333333333333333,11,11,GTCTCCATGCGAAAATTAAT,0,782115
crpp3,0.08333333333333333,11,11,GTCCATCGGGGGGATCGATG,0,790055
crpp3,0.08333333333333333,11,11,GTATATCTCTTTAAGCCCGA,0,762160
crpp3,0.08333333333333333,11,11,GTAGTTCCAACCTCGCAGGA,0,759055
crpp3,0.08333333333333333,11,11,GTAGCCACGACGTAGGTCTC,0,771693
crpp3,0.08333333333333333,11,11,GTAGCAGTGCCGTCCAGTGA,0,780186
crpp3,0.08333333333333333,11,11,GTAGACCGTTGATAGCATGA,0,780413
crpp3,0.08333333333333333,11,11,GTACGAATATTCTCGCCACC,0,770424
crpp3,0.08333333333333333,11,11,GGTTTTGTTAGTGCCGTTCA,0,779254
crpp3,0.08333333333333333,11,11,GGTTAAACATTGAATAATGT,0,770576
crpp3,0.08333333333333333,11,11,GGTAGATTCCCCAGGCGTCC,0,761286
crpp3,0.08333333333333333,11,11,GGGGGCCGATTAGTAGTTTG,0,773065
crpp3,0.08333333333333333,11,11,GGGGCGAAGTTGGGCGGACC,0,775605
crpp3,0.08333333333333333,11,11,GGGATCTTGGGACTAGGGCT,0,778539
crpp3,0.08333333333333333,11,11,GGGAAGCTTGCCTACCTTTG,0,780020
crpp3,0.08333333333333333,11,11,GGCGCCAGTTTATAAAAGGA,0,776573
crpp3,0.08333333333333333,11,11,GGCGCAGCTAGGTTTTGTGA,0,790524
crpp3,0.08333333333333333,11,11,GGACTGAATCAGTGTTGTCC,0,767604
crpp3,0.08333333333333333,11,11,GGACGATTACCAGTGTATAC,0,759801
crpp3,0.08333333333333333,11,11,GGACAACAATCGCGCACTCC,0,782999
crpp3,0.08333333333333333,11,11,GGAACGACTCCAGGCGACCT,0,773919
crpp3,0.08333333333333333,11,11,GCTTACAAGGTAACGGGTTC,0,769722
crpp3,0.08333333333333333,11,11,GCTGAGTGATCGTAGAAAAC,0,785797
crpp3,0.08333333333333333,11,11,GCGTAGCTGGGTTGGAAACA,0,784829
crpp3,0.08333333333333333,11,11,GCGCGGGTATCAACAGATTT,0,772131
crpp3,0.08333333333333333,11,11,GCGCAATGCAATTCTAGGTT,0,771099
crpp3,0.08333333333333333,11,11,GCCTCATTCAATCGAAGCCA,0,763007
crpp3,0.08333333333333333,11,11,GCCGGCACAGAGATGGGATT,0,765896
crpp3,0.08333333333333333,11,11,GCCCGGCTTAATAGCTACTA,0,760635
crpp3,0.08333333333333333,11,11,GCCCCCTTAGCCAGTACGAG,0,775066
crpp3,0.08333333333333333,11,11,GCATTGTATCTCCAGAGCGG,0,767284
crpp3,0.08333333333333333,11,11,GATGTACCATGATGGAAGTA,0,764889
crpp3,0.08333333333333333,11,11,GATGATGGCCGCCTTGAGAT,0,785359
crpp3,0.08333333333333333,11,11,GAGACGGAATAGTGCGGCCC,0,779577
crpp3,0.08333333333333333,11,11,GACTCTGTCGATGTGTATGT,0,785351
crpp3,0.08333333333333333,11,11,GAAGCTGGAGTTGAGTTCCA,0,779753
crpp3,0.08333333333333333,11,11,GAAAGTACGCCCTTCATAAT,0,782399
crpp3,0.08333333333333333,11,11,GAAAGCATGGCCTACCGTAC,0,765642
crpp3,0.08333333333333333,11,11,GAAAACTGATCTCTTGCTTC,0,785426
crpp3,0.08333333333333333,11,11,CTTGCGATACCTTACGTCTA,0,772459
crpp3,0.08333333333333333,11,11,CTTCGGGCAGGTGTTACGCA,0,767973
crpp3,0.08333333333333333,11,11,CTTCCAGGGGAATCCCTGCT,0,771827
crpp3,0.08333333333333333,11,11,CTTCAAGGGCACCCCAACAT,0,775504
crpp3,0.08333333333333333,11,11,CTGCTGGGACCTATCGATTA,0,784424
crpp3,0.08333333333333333,11,11,CTGCCGGGTACGGCATTATT,0,763134
crpp3,0.08333333333333333,11,11,CTGATTAGTTGATGGACGGA,0,781178
crpp3,0.08333333333333333,11,11,CTGAAGCCCGCGCATTTGGT,0,775775
crpp3,0.08333333333333333,11,11,CTCACATACGGAGTACAAAC,0,765883
crpp3,0.08333333333333333,11,11,CTCAAGACGATCAGCTCCGT,0,783918
crpp3,0.08333333333333333,11,11,CTATCAGATGTCACAACGCC,0,761135
crpp3,0.08333333333333333,11,11,CTATACTGGCATTACCTAAA,0,787687
crpp3,0.08333333333333333,11,11,CTAGACGGCAGTGTACAGTG,0,776041
crpp3,0.08333333333333333,11,11,CTAGAAGGGGGTTTTATGGA,0,758431
crpp3,0.08333333333333333,11,11,CTAGAAAGGATGTTACGGCC,0,760313
crpp3,0.08333333333333333,11,11,CTACACGGATAAGGCGTTAC,0,778961
crpp3,0.08333333333333333,11,11,CTAAAGAGGACGTGGATACA,0,769411
crpp3,0.08333333333333333,11,11,CGTTTGGAGTGGACATTAAT,0,775503
crpp3,0.08333333333333333,11,11,CGTTTAATCGGCTCTTGTGG,0,766246
crpp3,0.08333333333333333,11,11,CGTTCCTGACGCTCGAGACG,0,781211
crpp3,0.08333333333333333,11,11,CGTATATATGGACCCGAATC,0,764472
crpp3,0.08333333333333333,11,11,CGTAGACCATACAGACCTAA,0,771361
crpp3,0.08333333333333333,11,11,CGGTCAGTGTCTTGTATGGC,0,775610
crpp3,0.08333333333333333,11,11,CGGGCGGACCATCGCCGTCG,0,777772
crpp3,0.08333333333333333,11,11,CGGCCGACCGTCTTAACAGC,0,761061
crpp3,0.08333333333333333,11,11,CGGAGATCTTTCCTCCAATG,0,787816
crpp3,0.08333333333333333,11,11,CGCACCATCACGCGGTTAAC,0,779132
crpp3,0.08333333333333333,11,11,CGATTGGGCCTACGGCGAAC,0,759065
crpp3,0.08333333333333333,11,11,CGATCCACACGGCTTTGGCA,0,771439
crpp3,0.08333333333333333,11,11,CGAGTCTCAGTTAATTTTTT,0,775929
crpp3,0.08333333333333333,11,11,CGAGGGAATACGCAATAAGA,0,771236
crpp3,0.08333333333333333,11,11,CGACGAGGCGATCCAAGAAG,0,786476
crpp3,0.08333333333333333,11,11,CGACCACATGTCAGTGTAAT,0,769490
crpp3,0.08333333333333333,11,11,CGAACGGAGCGGCACTTGCC,0,782051
crpp3,0.08333333333333333,11,11,CCTTTGCATGGACCACGATC,0,772177
crpp3,0.08333333333333333,11,11,CCTGCCGCATCTGGGGCGCA,0,783491
crpp3,0.08333333333333333,11,11,CCTGACGAAGTGGTTTAGTA,0,783608
crpp3,0.08333333333333333,11,11,CCTAGAATAAGTCTATTATC,0,764152
crpp3,0.08333333333333333,11,11,CCTACCCACCCTGAAAAATG,0,773523
crpp3,0.08333333333333333,11,11,CCTAAGGGACCCGTCAGGCT,0,785943
crpp3,0.08333333333333333,11,11,CCGGGGCTGGGTTACAAATG,0,770182
crpp3,0.08333333333333333,11,11,CCGGCAGCACTCAGCAAATC,0,781672
crpp3,0.08333333333333333,11,11,CCGCAGAACCATGGAACTCC,0,761743
crpp3,0.08333333333333333,11,11,CCCGTCTTATGATCATGAGT,0,781231
crpp3,0.08333333333333333,11,11,CCCGGAGTGCGGACCATCTC,0,758516
crpp3,0.08333333333333333,11,11,CCCCTCAATAGAAGGCGCTT,0,774061
crpp3,0.08333333333333333,11,11,CCCCATAAGCAAAGTTGTAG,0,789686
crpp3,0.08333333333333333,11,11,CCCCAATCGTATTAAGAGAA,0,790574
crpp3,0.08333333333333333,11,11,CCATGGGGAGAAGATTGCCC,0,782086
crpp3,0.08333333333333333,11,11,CCATCGTGACTGTTACAGTG,0,770353
crpp3,0.08333333333333333,11,11,CATTGTCCTTCGCTCAAGAG,0,781706
crpp3,0.08333333333333333,11,11,CATGCGCACGGCCTTCAAGC,0,772528
crpp3,0.08333333333333333,11,11,CATCTGGTCCCGGAGGTGTT,0,782673
crpp3,0.08333333333333333,11,11,CATACAGGTCCCGTGACCCG,0,766439
crpp3,0.08333333333333333,11,11,CAGGGCTTCCCGCAGGGCAG,0,770926
crpp3,0.08333333333333333,11,11,CAGAGATTATTAACCTCAAC,0,785804
crpp3,0.08333333333333333,11,11,CACTCCAAAGCTGCATTAGA,0,789420
crpp3,0.08333333333333333,11,11,CACCTACGTATTATCGGAGG,0,782871
crpp3,0.08333333333333333,11,11,CACCGCGTCACATTGCTTAT,0,768794
crpp3,0.08333333333333333,11,11,CAATCTCCAGTGCACTCGTG,0,778423
crpp3,0.08333333333333333,11,11,CAACCACGGCAAGGGTAAGT,0,773285
crpp3,0.08333333333333333,11,11,CAACATAGGTGATTAAAGTT,0,761829
crpp3,0.08333333333333333,11,11,CAAATCTGCAGCCCATCTGT,0,774763
crpp3,0.08333333333333333,11,11,ATTTGCGCGCGGAAGAAGAC,0,759358
crpp3,0.08333333333333333,11,11,ATTATACGTCGTGCTGCCCT,0,761970
crpp3,0.08333333333333333,11,11,ATTACGATGAGAAGAGGGTT,0,783362
crpp3,0.08333333333333333,11,11,ATGTGCAAAATGCTATCCCT,0,761355
crpp3,0.08333333333333333,11,11,ATGTGAAGGCACTCGCGCGA,0,789471
crpp3,0.08333333333333333,11,11,ATGTGAAGCACCATGGAAAA,0,767232
crpp3,0.08333333333333333,11,11,ATGGACTGCTCGGCGACAGT,0,773945
crpp3,0.08333333333333333,11,11,ATGCTCGGTAAAGGGCGGCC,0,778054
crpp3,0.08333333333333333,11,11,ATCTGGTATAAGATTCTGGG,0,769856
crpp3,0.08333333333333333,11,11,ATCGGCATCCCTTTCAGCGT,0,775123
crpp3,0.08333333333333333,11,11,ATCAGAAGCCCTAACGGTTC,0,784262
crpp3,0.08333333333333333,11,11,ATATTGACAGCGGCGATTCA,0,763113
crpp3,0.08333333333333333,11,11,ATATGCCCCAATTCTAATTA,0,788327
crpp3,0.08333333333333333,11,11,ATACAGGGTGTCGGGATTAT,0,776533
crpp3,0.08333333333333333,11,11,AGTGTACAAGCTACGCAAAT,0,765272
crpp3,0.08333333333333333,11,11,AGTCTTGTAGGGTCATCCTC,0,773531
crpp3,0.08333333333333333,11,11,AGGGCTATGTTTTACTAGCT,0,779486
crpp3,0.08333333333333333,11,11,AGGCGCGACGTAGGATTGCT,0,786823
crpp3,0.08333333333333333,11,11,AGGATCTCCCCCATATGGCA,0,783485
crpp3,0.08333333333333333,11,11,AGGATCCGGCTCCCTTTGGT,0,785513
crpp3,0.08333333333333333,11,11,AGCTTCCATTAGTTTTTTTG,0,767577
crpp3,0.08333333333333333,11,11,AGCGGCAAGGTGCCCTAACA,0,761130
crpp3,0.08333333333333333,11,11,AGCCCACAGCCACGTATTAG,0,765146
crpp3,0.08333333333333333,11,11,AGATTTGGGATTCAGACGGC,0,769026
crpp3,0.08333333333333333,11,11,AGATGGGCCGCTGAACCCAG,0,771708
crpp3,0.08333333333333333,11,11,AGAGAATTTCGGACGGATGC,0,760279
crpp3,0.08333333333333333,11,11,AGACGACGCGACCTGTCAGC,0,762535
crpp3,0.08333333333333333,11,11,ACTTTCGCTCTTTGACTTGT,0,780354
crpp3,0.08333333333333333,11,11,ACTTTATATTGCTGTGGGCA,0,776219
crpp3,0.08333333333333333,11,11,ACTAACTTCGTTCGCTCTAT,0,784794
crpp3,0.08333333333333333,11,11,ACGGTCTTATGCTGCGGCGT,0,786149
crpp3,0.08333333333333333,11,11,ACGCCGTCCAATACTGTTAC,0,782941
crpp3,0.08333333333333333,11,11,ACGCCGCTGGTCATAGCAGC,0,761142
crpp3,0.08333333333333333,11,11,ACCTGTAACAATGAACGTGA,0,780404
crpp3,0.08333333333333333,11,11,ACCTGGGAAACGTGGGTATG,0,779933
crpp3,0.08333333333333333,11,11,ACCCAGTATCTTGTGCTGGC,0,786909
crpp3,0.08333333333333333,11,11,ACCATGAGGATGGCCTCAAT,0,781878
crpp3,0.08333333333333333,11,11,ACATAAGGTTTGCCCGGATC,0,769013
crpp3,0.08333333333333333,11,11,ACAACCGAGTCCACTGAAAA,0,786619
crpp3,0.08333333333333333,11,11,AATGCAAAGATCAACCACGA,0,768249
crpp3,0.08333333333333333,11,11,AATATTCGTAGGAATTGTCG,0,770032
crpp3,0.08333333333333333,11,11,AAGTTATATGAGTGGATCCA,0,779684
crpp3,0.08333333333333333,11,11,AAGTATCATCTGTTCGGCTA,0,784316
crpp3,0.08333333333333333,11,11,AAGGTAATTCATCTTAGCGC,0,760303
crpp3,0.08333333333333333,11,11,AAGGGTTTAACCAACTGAGG,0,789334
crpp3,0.08333333333333333,11,11,AAGGGATACCCCCTATTAGA,0,770547
crpp3,0.08333333333333333,11,11,AAGGCCCTAGAAGTAAATGT,0,766635
crpp3,0.08333333333333333,11,11,AAGCGGCACAATTATATGGA,0,790043
crpp3,0.08333333333333333,11,11,AAGACACATCCTGTAGGTAG,0,774910
crpp3,0.08333333333333333,11,11,AACTCCTAAATGTTAGTGAT,0,790841
crpp3,0.08333333333333333,11,11,AACGAGCGCACCTGTGGCCT,0,767273
crpp3,0.08333333333333333,11,11,AACCTTGTGGTATTGGATCC,0,762409
crpp3,0.08333333333333333,11,11,AACCGCTCTTTAGCTTCTAA,0,765799
crpp3,0.08333333333333333,11,11,AACCATTAAATGTTATTCAT,0,763718
crpp3,0.08333333333333333,11,11,AAATCGAATGCGAAGGCTCA,0,772451
crpp3,0.08333333333333333,11,11,AAATCCAACTCTCACAGAAA,0,765852
crpp3,0.08333333333333333,11,11,AAATAGGCATTGACCAGATT,0,790067
crpp3,0.08333333333333333,11,11,AAAGATCGCTGTTGTGATAC,0,766990
crpp3,0.08333333333333333,11,11,AAACAAGTGTGTAACCACGA,0,787713
crpp3,0.08333333333333333,11,11,AAAATGGTCTTGCAAAAGAG,0,786329
crpp3,0.09090909090909091,10,10,TTTTTTTCCCTTGTTGTGTA,0,767191
crpp3,0.09090909090909091,10,10,TTTTGCATAACGTACTCACA,0,782478
crpp3,0.09090909090909091,10,10,TTTCGGAATGAGATTGTTTA,0,765470
crpp3,0.09090909090909091,10,10,TTGTGTGACGTTTAAAGCAG,0,785006
crpp3,0.09090909090909091,10,10,TTGGGGGCGCTTAGGCATGT,0,772483
crpp3,0.09090909090909091,10,10,TTGCACGAGGCAGCAGGCAT,0,778824
crpp3,0.09090909090909091,10,10,TTCTTGAGTATGGACTTACC,0,766646
crpp3,0.09090909090909091,10,10,TTCTCGTGAGAACAGTACAT,0,769616
crpp3,0.09090909090909091,10,10,TTCTATAGTCCTCTCAGTGC,0,785055
crpp3,0.09090909090909091,10,10,TTCGAAGTCGGCCATTGGGC,0,789902
crpp3,0.09090909090909091,10,10,TTCCCAACATTTGTTAAGAG,0,777069
crpp3,0.09090909090909091,10,10,TTAGTTCGGTATGCCCAGCA,0,785151
crpp3,0.09090909090909091,10,10,TTAGGATCCCAGATTATTTG,0,774176
crpp3,0.09090909090909091,10,10,TTACGTTCGATATGAGGTTG,0,761683
crpp3,0.09090909090909091,10,10,TTAATTAACTTGACGTTGTC,0,766763
crpp3,0.09090909090909091,10,10,TGTTACCAGGCTACTACAAA,0,779881
crpp3,0.09090909090909091,10,10,TGTACTGGTACAAGCACGGC,0,778460
crpp3,0.09090909090909091,10,10,TGTACCCAAGAAGTAGCGAG,0,759514
crpp3,0.09090909090909091,10,10,TGGTACAATTTCTTCCGTAT,0,760614
crpp3,0.09090909090909091,10,10,TGGCGTGCATGCCAGGGTAT,0,789083
crpp3,0.09090909090909091,10,10,TGGCCGCGTAGCTATGGCGT,0,765830
crpp3,0.09090909090909091,10,10,TGGATTAGAACAAAGGGGAG,0,783532
crpp3,0.09090909090909091,10,10,TGGAAGCGATAGCTTTGGCT,0,781612
crpp3,0.09090909090909091,10,10,TGCCCCGTCTCACTACATCA,0,778362
crpp3,0.09090909090909091,10,10,TGACGTGCACGAGTGCGTCC,0,764153
crpp3,0.09090909090909091,10,10,TGACGACACCATACGCATTG,0,775306
crpp3,0.09090909090909091,10,10,TGAAGTTAAATGTTCTCTAA,0,768442
crpp3,0.09090909090909091,10,10,TGAAGCGGTGGGTTGGCGTC,0,763314
crpp3,0.09090909090909091,10,10,TGAAAGACACGGCTTGTAAC,0,779261
crpp3,0.09090909090909091,10,10,TCTTTCGTGAAATTGGCGGA,0,788140
crpp3,0.09090909090909091,10,10,TCTGTGTGGGGGAACGAGGT,0,774552
crpp3,0.09090909090909091,10,10,TCTGCTATACATGTACACAT,0,791131
crpp3,0.09090909090909091,10,10,TCTCCTGCGTCATAAGGTAA,0,772775
crpp3,0.09090909090909091,10,10,TCTCCCAAATGAGGGCTAGC,0,759386
crpp3,0.09090909090909091,10,10,TCTACATACCATGCAACAGA,0,770978
crpp3,0.09090909090909091,10,10,TCGGAGAGCTTTCACCATGG,0,760737
crpp3,0.09090909090909091,10,10,TCGCTTCTAGTCTGGAAAGA,0,783280
crpp3,0.09090909090909091,10,10,TCGCGTATTGTCCTGTTTTA,0,764136
crpp3,0.09090909090909091,10,10,TCGAGTGCTGGTCCGACATG,0,772025
crpp3,0.09090909090909091,10,10,TCCTGTTGCATGAGTATAGG,0,768515
crpp3,0.09090909090909091,10,10,TCCGCACGCGTATCATATCA,0,775552
crpp3,0.09090909090909091,10,10,TCCCGGACTCGGTGGGGCAT,0,781120
crpp3,0.09090909090909091,10,10,TCCATGGAGTCGAACATATT,0,790792
crpp3,0.09090909090909091,10,10,TCAGTCTGATATGAGGGTGC,0,767489
crpp3,0.09090909090909091,10,10,TCACGCACCAAAACCAAGGG,0,759608
crpp3,0.09090909090909091,10,10,TCAATAAGTAGGGTGTCTCC,0,761052
crpp3,0.09090909090909091,10,10,TATTTTTTTATGTCGATAGC,0,779235
crpp3,0.09090909090909091,10,10,TATTGTTATGCCTGTCTGAC,0,766880
crpp3,0.09090909090909091,10,10,TATCGCGTCTCTTTCAGCGG,0,780673
crpp3,0.09090909090909091,10,10,TATAGCGCGGATATGCGTAA,0,768706
crpp3,0.09090909090909091,10,10,TATACGGTGACCTGTCCAAG,0,763819
crpp3,0.09090909090909091,10,10,TAGGTGAAGCTTGTAAGTGC,0,778600
crpp3,0.09090909090909091,10,10,TACTCTACCGCACTAGCGAT,0,769472
crpp3,0.09090909090909091,10,10,TACAGCGTCTTAAAAGGAGC,0,787035
crpp3,0.09090909090909091,10,10,TAATCCGAAAGACTTAGCAG,0,760836
crpp3,0.09090909090909091,10,10,TAAGGTTTAACCTGCATCTA,0,763197
crpp3,0.09090909090909091,10,10,TAACTCAATAATCTTAGGAG,0,781220
crpp3,0.09090909090909091,10,10,GTTTTACTTCCGGTCGCCCG,0,763227
crpp3,0.09090909090909091,10,10,GTTGCGTAACAACCGACTGA,0,778314
crpp3,0.09090909090909091,10,10,GTTCGTGTTATTGATAACTG,0,782052
crpp3,0.09090909090909091,10,10,GTTAAGGGCCGGTGTTGTAA,0,760449
crpp3,0.09090909090909091,10,10,GTGGTGTCTGGCTCCTTATT,0,781075
crpp3,0.09090909090909091,10,10,GTGGAGTAAAATTCGAGTCT,0,763494
crpp3,0.09090909090909091,10,10,GTGCATCAGCATTGCCTGGT,0,763053
crpp3,0.09090909090909091,10,10,GTCTTCTTAGCTGTGCTCGA,0,761506
crpp3,0.09090909090909091,10,10,GTCTGCTAGGGCGGCCCGTA,0,769935
crpp3,0.09090909090909091,10,10,GTCGAGACGGATTCGGCAAA,0,759973
crpp3,0.09090909090909091,10,10,GTCCTACCCAACAATTGACT,0,770164
crpp3,0.09090909090909091,10,10,GTCCACAGTGTCCTCGTTCA,0,770365
crpp3,0.09090909090909091,10,10,GTAGTAGAAGTACTAGGAAA,0,782886
crpp3,0.09090909090909091,10,10,GTAGGCTTTACCACGAAAAC,0,765778
crpp3,0.09090909090909091,10,10,GTACATCATCTTGCTAATTA,0,780926
crpp3,0.09090909090909091,10,10,GTAATAGTGCTCACAAGACT,0,777033
crpp3,0.09090909090909091,10,10,GTAAAAAACTCCGAACGGTA,0,772448
crpp3,0.09090909090909091,10,10,GGTTTGTGGCTCCACCTCGA,0,767417
crpp3,0.09090909090909091,10,10,GGTAACCAGGAGGGCATTAT,0,773470
crpp3,0.09090909090909091,10,10,GGGTCATATATTGCAGAGAG,0,786062
crpp3,0.09090909090909091,10,10,GGGGTTCAAGCTCAACCATA,0,762277
crpp3,0.09090909090909091,10,10,GGGCCAGCGCGTGAAAAAAG,0,779319
crpp3,0.09090909090909091,10,10,GGGAAAGAATTTGCAACCAC,0,774868
crpp3,0.09090909090909091,10,10,GGCTGCCGGACAGTGTATTG,0,784737
crpp3,0.09090909090909091,10,10,GGCTCGATTCCGTGAGAAAA,0,788014
crpp3,0.09090909090909091,10,10,GGCGCTCCCGGAGGATTTCA,0,768717
crpp3,0.09090909090909091,10,10,GGCGCGACTGATAACCGCAA,0,791250
crpp3,0.09090909090909091,10,10,GGCCTCTCTGATACGCGTTC,0,777673
crpp3,0.09090909090909091,10,10,GGATCGTTGAAGTCTAACAA,0,789107
crpp3,0.09090909090909091,10,10,GGATCAACCACACGATGCTT,0,768674
crpp3,0.09090909090909091,10,10,GGAGCCTCTAGTCCGGACTG,0,771924
crpp3,0.09090909090909091,10,10,GGACCTAGGGATGTGAATTT,0,784335
crpp3,0.09090909090909091,10,10,GGACACAGCGTGTCACCACG,0,777029
crpp3,0.09090909090909091,10,10,GGAATCTCTGATGCGGGGTA,0,761785
crpp3,0.09090909090909091,10,10,GCTTTAAATTACGCTTGCAG,0,769695
crpp3,0.09090909090909091,10,10,GCTGTGTGGAGTTCGCTATG,0,769735
crpp3,0.09090909090909091,10,10,GCTGTGTCATCCCCCAGGGT,0,783900
crpp3,0.09090909090909091,10,10,GCTGGGAGGAGGGGTACAGA,0,769745
crpp3,0.09090909090909091,10,10,GCTCTTAACTTCAAGTATGG,0,781155
crpp3,0.09090909090909091,10,10,GCTCGGTGCATGTCAGGACC,0,764654
crpp3,0.09090909090909091,10,10,GCTATAGTCATATCGGTAGG,0,766097
crpp3,0.09090909090909091,10,10,GCGTTTTCAGACTAAACTTA,0,789799
crpp3,0.09090909090909091,10,10,GCGTTGCGACATTCGCTTCG,0,774562
crpp3,0.09090909090909091,10,10,GCGTCCTATAACCGTACGCA,0,766400
crpp3,0.09090909090909091,10,10,GCGACGATTATTACGGGTAT,0,764903
crpp3,0.09090909090909091,10,10,GCGAACGGGATTCCGCTCTA,0,772444
crpp3,0.09090909090909091,10,10,GCCTCACGCTCCCGTCATTG,0,765029
crpp3,0.09090909090909091,10,10,GCCCCAAGGTAGATATCAAG,0,758904
crpp3,0.09090909090909091,10,10,GCATTGCTAGTTAGGACCCT,0,779309
crpp3,0.09090909090909091,10,10,GCATTGAGTCACGTATACAC,0,763966
crpp3,0.09090909090909091,10,10,GCATGGACACACTTAAGTGC,0,783316
crpp3,0.09090909090909091,10,10,GCATCAGGCTCTGAATAATG,0,779642
crpp3,0.09090909090909091,10,10,GCAGGTCGAAACTACTCCAC,0,781185
crpp3,0.09090909090909091,10,10,GCAGACGCTTTCGCGCCTAA,0,782888
crpp3,0.09090909090909091,10,10,GCACGAGTTACGGGTCGGTG,0,774049
crpp3,0.09090909090909091,10,10,GCACAATGGCACCGCGATTA,0,765100
crpp3,0.09090909090909091,10,10,GCAACTTGCATACAATACAG,0,761804
crpp3,0.09090909090909091,10,10,GATGGCTGGGCAAGACCATT,0,768516
crpp3,0.09090909090909091,10,10,GATATAGGTGAAACGAGCGG,0,773522
crpp3,0.09090909090909091,10,10,GATAGAAACGACCCCTGCCA,0,762051
crpp3,0.09090909090909091,10,10,GAGTAGCTTCTCAGGCCTGC,0,782236
crpp3,0.09090909090909091,10,10,GAGTAAACAAGTCCAAAACA,0,785281
crpp3,0.09090909090909091,10,10,GAGCCCCAGAGCTACGCGAA,0,758782
crpp3,0.09090909090909091,10,10,GAGCAACCATGCACGGAAAG,0,764532
crpp3,0.09090909090909091,10,10,GACCAGGTCCACACAAAAAA,0,786418
crpp3,0.09090909090909091,10,10,GACCAAACTCCTATATACTG,0,758430
crpp3,0.09090909090909091,10,10,GACATGTCGAAACCTCTTGG,0,759221
crpp3,0.09090909090909091,10,10,GACATGCAGGAAGTGTTAAG,0,786896
crpp3,0.09090909090909091,10,10,GAAGACGCGTGCGCCGAAGC,0,760135
crpp3,0.09090909090909091,10,10,GAACCAGACATGAGTGGTCC,0,777118
crpp3,0.09090909090909091,10,10,GAAATGCACTCGGGCGAGGG,0,762793
crpp3,0.09090909090909091,10,10,CTTTTGTCGTTGACCGGCGA,0,780473
crpp3,0.09090909090909091,10,10,CTTCTAGTCACGCGGTACTT,0,760263
crpp3,0.09090909090909091,10,10,CTTCGCGTCTCAGTTTTTAT,0,785905
crpp3,0.09090909090909091,10,10,CTTAGGTTTACATAGAGGTC,0,767819
crpp3,0.09090909090909091,10,10,CTGTTTGCTCTATATGAGCC,0,763901
crpp3,0.09090909090909091,10,10,CTGTTATACTGTACGAGGGT,0,762243
crpp3,0.09090909090909091,10,10,CTGTGAGATCACTCCGAGTA,0,775119
crpp3,0.09090909090909091,10,10,CTGGACATAGTTCAAGCGGG,0,766772
crpp3,0.09090909090909091,10,10,CTGCTATAGAGGAGGCCAAA,0,778705
crpp3,0.09090909090909091,10,10,CTGCGGCGACACCGGGCGCC,0,777331
crpp3,0.09090909090909091,10,10,CTGACGAACTGGTCAGTGAT,0,759494
crpp3,0.09090909090909091,10,10,CTGAAACTTCGAGGCACGCG,0,769726
crpp3,0.09090909090909091,10,10,CTCGTGTGTTTACACGCCTA,0,760948
crpp3,0.09090909090909091,10,10,CTCATAGTGTGTCGGCATAC,0,765493
crpp3,0.09090909090909091,10,10,CTATAACACAAATAAAAGCT,0,777541
crpp3,0.09090909090909091,10,10,CTACACGTACCTGTCACGAC,0,774470
crpp3,0.09090909090909091,10,10,CGTGTTCTTCCCAATCCACA,0,766787
crpp3,0.09090909090909091,10,10,CGTCTTTTTATGAGTGACTG,0,789647
crpp3,0.09090909090909091,10,10,CGGTCTCCAGCCAACAAAAA,0,776403
crpp3,0.09090909090909091,10,10,CGGCTAATGGCATGTGATGG,0,766931
crpp3,0.09090909090909091,10,10,CGGATCACCGGGGACTTATC,0,776332
crpp3,0.09090909090909091,10,10,CGCTGCTCTCTTGAGGTTAG,0,779633
crpp3,0.09090909090909091,10,10,CGCTCTGATACGATATTAAA,0,774316
crpp3,0.09090909090909091,10,10,CGCTAGCTGTCATAGGGGGA,0,784653
crpp3,0.09090909090909091,10,10,CGCGTTGCGCTCCGATGTTG,0,770002
crpp3,0.09090909090909091,10,10,CGCCGCCCAGCATCGTGCAG,0,764688
crpp3,0.09090909090909091,10,10,CGCACATCATAACGTTTGAG,0,782420
crpp3,0.09090909090909091,10,10,CGATACACGAGGGCGACGCT,0,768938
crpp3,0.09090909090909091,10,10,CGAGACGATTAAGATGTGTT,0,773365
crpp3,0.09090909090909091,10,10,CGACTCATAGTGTCGCGCAT,0,788056
crpp3,0.09090909090909091,10,10,CGACGTACTTGCACCTCTGT,0,769159
crpp3,0.09090909090909091,10,10,CGACGGTGCTCTATGGCAGT,0,785344
crpp3,0.09090909090909091,10,10,CCTGGTGTCAACCCAATCAA,0,774729
crpp3,0.09090909090909091,10,10,CCTGCTTCGCGATTTGCAGC,0,780475
crpp3,0.09090909090909091,10,10,CCTGAGCGCCAGTAACGGAA,0,768137
crpp3,0.09090909090909091,10,10,CCTAGCTCCGTTGCCCGATA,0,768948
crpp3,0.09090909090909091,10,10,CCGGTTTTTTCGGCTCAATA,0,775782
crpp3,0.09090909090909091,10,10,CCGGGGCACTAACCGACAGG,0,765727
crpp3,0.09090909090909091,10,10,CCGGATTCGAAGCGCGGTAT,0,785200
crpp3,0.09090909090909091,10,10,CCGCCTAGCGTAATAGTCCC,0,790742
crpp3,0.09090909090909091,10,10,CCGAATTGACAGTAAGTTTT,0,760457
crpp3,0.09090909090909091,10,10,CCATTAGTGACATAATGCAA,0,761594
crpp3,0.09090909090909091,10,10,CCAGTATTATTGAACAGAGA,0,769764
crpp3,0.09090909090909091,10,10,CCAGCCGGCGGTTATGAATA,0,766168
crpp3,0.09090909090909091,10,10,CCAAGGCTTATTTTCGGTAA,0,774753
crpp3,0.09090909090909091,10,10,CATTTCAGGTGTTTTACTGT,0,759027
crpp3,0.09090909090909091,10,10,CATGGTAGCCCGTGAACTTA,0,789508
crpp3,0.09090909090909091,10,10,CATCGCTAGGGGTACGCAAT,0,760669
crpp3,0.09090909090909091,10,10,CATAGTGGTCTTACTAGACC,0,787525
crpp3,0.09090909090909091,10,10,CAGCTCCCTTAGCGCCGTGC,0,769407
crpp3,0.09090909090909091,10,10,CAGCACCGGCACGCATGGAG,0,773010
crpp3,0.09090909090909091,10,10,CAGAATGTTTCACCCAGGGT,0,762226
crpp3,0.09090909090909091,10,10,CAGAATCAACCCCCATAAGT,0,774866
crpp3,0.09090909090909091,10,10,CACTTACAAGGATGTTATCT,0,760304
crpp3,0.09090909090909091,10,10,CACTGGAAATCCCTAACCCT,0,784852
crpp3,0.09090909090909091,10,10,CACTAGATAGAGTAATCTAA,0,789408
crpp3,0.09090909090909091,10,10,CAACCTATAGTCACAGATAG,0,762221
crpp3,0.09090909090909091,10,10,CAAATCGTGAGTAAATAGTA,0,780115
crpp3,0.09090909090909091,10,10,ATTTTCAAAACCATGTTATG,0,767801
crpp3,0.09090909090909091,10,10,ATTTGCATTAAGCAGTCTTT,0,781132
crpp3,0.09090909090909091,10,10,ATTTCAGCAGACGTAATATC,0,770807
crpp3,0.09090909090909091,10,10,ATTGTGTGCGGATTTCCAAT,0,778048
crpp3,0.09090909090909091,10,10,ATTCTGGTCAGGATCACGAG,0,765358
crpp3,0.09090909090909091,10,10,ATTCCCATAGGCGCGCCAAC,0,758883
crpp3,0.09090909090909091,10,10,ATTAAGCTGCCACCCGCTGT,0,767209
crpp3,0.09090909090909091,10,10,ATGTTAACTAACCTTAAAGA,0,768888
crpp3,0.09090909090909091,10,10,ATGTGAGACAAGGATGACGA,0,790520
crpp3,0.09090909090909091,10,10,ATGGCACGAGCGATAGTCAC,0,783135
crpp3,0.09090909090909091,10,10,ATGCGCGCACCCCGATACTT,0,785938
crpp3,0.09090909090909091,10,10,ATGCGAACTCGAATACCGTT,0,772935
crpp3,0.09090909090909091,10,10,ATGCATGGGGCTTTTGTGCT,0,787445
crpp3,0.09090909090909091,10,10,ATCTGGGTGGCGCGTCTGAA,0,780832
crpp3,0.09090909090909091,10,10,ATCGTGAGATAACCGGAGTG,0,761657
crpp3,0.09090909090909091,10,10,ATCGAACTGGACAAGTATGT,0,775079
crpp3,0.09090909090909091,10,10,ATCATGCCTTTTTGAGCACT,0,767093
crpp3,0.09090909090909091,10,10,ATCAGATGAATTTCGAAAGT,0,760246
crpp3,0.09090909090909091,10,10,ATATTTGCTATTCTCGGAGG,0,770443
crpp3,0.09090909090909091,10,10,ATATTCCCCTTCTTATGGAG,0,761737
crpp3,0.09090909090909091,10,10,ATATGGCTTTCTATGAAACA,0,778366
crpp3,0.09090909090909091,10,10,ATAGGGGGGTGTAGTTGAGC,0,771449
crpp3,0.09090909090909091,10,10,ATACTACCCCGGGACCCTAC,0,779108
crpp3,0.09090909090909091,10,10,ATACCTTGGAAGCTGCTCAG,0,766719
crpp3,0.09090909090909091,10,10,ATAATGCATGCCCATAGGCT,0,787760
crpp3,0.09090909090909091,10,10,AGTTTGTGAAGACGAATGGA,0,790202
crpp3,0.09090909090909091,10,10,AGTTCTGGGAAAGCGGGCCC,0,764223
crpp3,0.09090909090909091,10,10,AGTTAACTGCACCATAAGTC,0,786348
crpp3,0.09090909090909091,10,10,AGTGTGGCATAAATAAAGTT,0,778596
crpp3,0.09090909090909091,10,10,AGTGTGCGGTCCTATTCGCC,0,785397
crpp3,0.09090909090909091,10,10,AGTGGTTCCTGAGCATAGTG,0,781118
crpp3,0.09090909090909091,10,10,AGTGATCGTGAAGCGGATTA,0,768830
crpp3,0.09090909090909091,10,10,AGTCCTGGCATTCTCCTTTT,0,776967
crpp3,0.09090909090909091,10,10,AGTATCTCGCTGCAGGCCCA,0,769493
crpp3,0.09090909090909091,10,10,AGGTTTAGTTCATCTTATGG,0,774044
crpp3,0.09090909090909091,10,10,AGGGTGAACGACAATGAAGG,0,765344
crpp3,0.09090909090909091,10,10,AGGGTCGCCCACGTTTAAAC,0,758520
crpp3,0.09090909090909091,10,10,AGGCAAATCAGTTTTGAAGA,0,761632
crpp3,0.09090909090909091,10,10,AGGAAGTACATCGCAATAAC,0,781872
crpp3,0.09090909090909091,10,10,AGCTTCGCCGTCAAGGCCGG,0,782576
crpp3,0.09090909090909091,10,10,AGCTGACAAAACCGGGCGCG,0,772092
crpp3,0.09090909090909091,10,10,AGCTAGGACACTCCTACACT,0,781697
crpp3,0.09090909090909091,10,10,AGCGGCCGCTGGAGGAGGTT,0,769461
crpp3,0.09090909090909091,10,10,AGCGCGGATCATATGCCGCC,0,767123
crpp3,0.09090909090909091,10,10,AGCCCGGCTAGGAGCAGAGA,0,765627
crpp3,0.09090909090909091,10,10,AGCAAAAGTGTCATGAGCGG,0,788035
crpp3,0.09090909090909091,10,10,AGATGATCTAGTGAATAAGG,0,761530
crpp3,0.09090909090909091,10,10,AGATCAGATGACTTAATGTT,0,776076
crpp3,0.09090909090909091,10,10,AGAGTGGGGGTCTGGATTGT,0,782288
crpp3,0.09090909090909091,10,10,AGAGTGGCGGTTGACACACA,0,780031
crpp3,0.09090909090909091,10,10,AGAGACTTGTAGATCTCGCG,0,765976
crpp3,0.09090909090909091,10,10,AGACGACCACCCCAACGAGA,0,781126
crpp3,0.09090909090909091,10,10,AGAATCCCCTCTCTGAAAAA,0,768499
crpp3,0.09090909090909091,10,10,AGAAGCCGCTTACGTGGCCA,0,775762
crpp3,0.09090909090909091,10,10,AGAAATCGTGACTAGACTTG,0,762103
crpp3,0.09090909090909091,10,10,ACTTAAACACGCAAAAGTTG,0,780574
crpp3,0.09090909090909091,10,10,ACTGGTATCAAAAGGAGATT,0,778392
crpp3,0.09090909090909091,10,10,ACTGAATATATGGGGAGGCC,0,785070
crpp3,0.09090909090909091,10,10,ACTGAAGTATAGCCAAACGC,0,770229
crpp3,0.09090909090909091,10,10,ACTCGGCTGGACGTGAAATG,0,774697
crpp3,0.09090909090909091,10,10,ACTATAGCCTAATATACACT,0,762010
crpp3,0.09090909090909091,10,10,ACTAACCTGTATCCTCGTTA,0,770231
crpp3,0.09090909090909091,10,10,ACTAAAGGCAGTAGTAAAAC,0,790911
crpp3,0.09090909090909091,10,10,ACGTTATACCAAAGGATTTC,0,780201
crpp3,0.09090909090909091,10,10,ACGAGGGTCCATCATGGGTT,0,788771
crpp3,0.09090909090909091,10,10,ACGAACGGGGCGGTTTAGGT,0,769086
crpp3,0.09090909090909091,10,10,ACCGGGGACTTGGAGACCGG,0,774529
crpp3,0.09090909090909091,10,10,ACCGGCTTATGAGCTACGCA,0,786656
crpp3,0.09090909090909091,10,10,ACCGGCGGCGTTCATCTAGG,0,771949
crpp3,0.09090909090909091,10,10,ACCGCAGATTCTAAGTCCCC,0,770294
crpp3,0.09090909090909091,10,10,ACCCAATCGGCACTACAATG,0,779656
crpp3,0.09090909090909091,10,10,ACCATGGTCAATGCTAGACA,0,787659
crpp3,0.09090909090909091,10,10,ACCATCGTGGGCCGACCCGA,0,777788
crpp3,0.09090909090909091,10,10,ACATGTCACAAAAGCTACAG,0,787157
crpp3,0.09090909090909091,10,10,ACATGCTTACGGCCGGAATT,0,785236
crpp3,0.09090909090909091,10,10,ACATATGGTGTACCTTTCGC,0,779465
crpp3,0.09090909090909091,10,10,AATGTCTACTGGAAATGGCG,0,759103
crpp3,0.09090909090909091,10,10,AATGATGTTCGGCCTCACGA,0,761937
crpp3,0.09090909090909091,10,10,AATCGGTTGCGTACTCGAAT,0,781167
crpp3,0.09090909090909091,10,10,AATCCCCGCAATTATGAAGA,0,767636
crpp3,0.09090909090909091,10,10,AATCCCCAATTTTGATCGCC,0,764696
crpp3,0.09090909090909091,10,10,AATAAGATCTCTCGCGTCCT,0,770669
crpp3,0.09090909090909091,10,10,AAGTGCGATTTCACAAGGTA,0,776333
crpp3,0.09090909090909091,10,10,AAGGTCATGACTTTACGCTG,0,758441
crpp3,0.09090909090909091,10,10,AAGGCATGTACTCGTAAAAG,0,785013
crpp3,0.09090909090909091,10,10,AAGGAGCCAGCCCGACATTC,0,782670
crpp3,0.09090909090909091,10,10,AAGCTAGTGGATTTGTTCGA,0,772552
crpp3,0.09090909090909091,10,10,AAGCCTAACGTGGTGAACCT,0,766331
crpp3,0.09090909090909091,10,10,AAGAGGCACGCATAGTCTTT,0,784946
crpp3,0.09090909090909091,10,10,AAGAGCGTGCGTAGCCGGAT,0,778505
crpp3,0.09090909090909091,10,10,AACTTACTTGGCGCATCTGC,0,781138
crpp3,0.09090909090909091,10,10,AACTGTCGAGCGGCTGCCCG,0,759580
crpp3,0.09090909090909091,10,10,AACTGGGGCTTGTGCGGGGT,0,763956
crpp3,0.09090909090909091,10,10,AACGCCCGAGGAACGTCGGT,0,763312
crpp3,0.09090909090909091,10,10,AACCAAACAGGAGCATCCGT,0,766260
crpp3,0.09090909090909091,10,10,AACAGAGAACCAGTCGGCCG,0,770192
crpp3,0.09090909090909091,10,10,AAATCCCTAATCTTCGTCAC,0,760092
crpp3,0.09090909090909091,10,10,AAAGTGCGGCCCCTTGCGTC,0,765334
crpp3,0.09090909090909091,10,10,AAACCCGACTAAGTAGAATT,0,774370
crpp3,0.1,9,9,TTTTTTCCGACGCGGCACTT,0,789672
crpp3,0.1,9,9,TTTGTCCCGTAAAGATATCA,0,777812
crpp3,0.1,9,9,TTTGGAAGCCCTACGGGTTC,0,759957
crpp3,0.1,9,9,TTTGAGTCAGGCAACATAAT,0,772023
crpp3,0.1,9,9,TTTGACTATCGGGCAGTTCG,0,768399
crpp3,0.1,9,9,TTTCCGACCTAAATGGAAAC,0,780727
crpp3,0.1,9,9,TTTATAAAGGGTGTGTTTGG,0,764184
crpp3,0.1,9,9,TTGTTCCCCATGCGGTCTGG,0,775093
crpp3,0.1,9,9,TTGTCCGTGTTCGCTTGGCC,0,775317
crpp3,0.1,9,9,TTGTATTGTCACTCTCCCCA,0,770378
crpp3,0.1,9,9,TTGTATCGTTTGCATATCTC,0,783182
crpp3,0.1,9,9,TTGGTAGGGGCCAAACGCTT,0,766435
crpp3,0.1,9,9,TTGCGGTATGGTCGGTGACC,0,759429
crpp3,0.1,9,9,TTGCCTGATCTGCCAAGGAT,0,780705
crpp3,0.1,9,9,TTGATCGTTGGGGGCGCTCT,0,778421
crpp3,0.1,9,9,TTCCTAATGTGGCCGCGTTG,0,780457
crpp3,0.1,9,9,TTCCCATTTCGACCTACTGA,0,767607
crpp3,0.1,9,9,TTCCACACGCAAACTGGCAG,0,772493
crpp3,0.1,9,9,TTCAGCAATCACTGAACTTA,0,782248
crpp3,0.1,9,9,TTAGATGCGGCATCTTAGTT,0,790390
crpp3,0.1,9,9,TTACTTCATGGCATTGCTGA,0,770793
crpp3,0.1,9,9,TTACACGAAAATTTCGGTCT,0,765942
crpp3,0.1,9,9,TTAAGTAACAACCAGGAGGA,0,780085
crpp3,0.1,9,9,TGTTCAGCAGGCAGCCGCGA,0,765531
crpp3,0.1,9,9,TGTGGTACCGGGTTCAATGC,0,774079
crpp3,0.1,9,9,TGTGGGATGCCGTGGCTGCG,0,759677
crpp3,0.1,9,9,TGGTCAGTCAGAGGGTTTAG,0,766187
crpp3,0.1,9,9,TGGTAGATTTGTGCTGCTTC,0,762876
crpp3,0.1,9,9,TGGTAAGTGTGCGTAACAAC,0,764329
crpp3,0.1,9,9,TGGGCTGAGGGCTATTAACA,0,762641
crpp3,0.1,9,9,TGGCTTTGCCCACACCGATA,0,762818
crpp3,0.1,9,9,TGGCTGTAAGCGAGTGGGTT,0,776556
crpp3,0.1,9,9,TGGCACTGAACCCCTCGCGT,0,788526
crpp3,0.1,9,9,TGGAGCCGGTTTGCTAGGAT,0,764567
crpp3,0.1,9,9,TGCGCTCCTAGACCATTTGC,0,765548
crpp3,0.1,9,9,TGCCCAGTTCAAAGGACCTA,0,772944
crpp3,0.1,9,9,TGCACGTTTATCCCGGGACA,0,776109
crpp3,0.1,9,9,TGCACCCGCCGGGTGACCTG,0,789668
crpp3,0.1,9,9,TGATCGGCATCGAGCTGTCC,0,761197
crpp3,0.1,9,9,TGAATCCCTGGCACTTTCGC,0,788564
crpp3,0.1,9,9,TCTTGGGTGAAGCCTGGCGC,0,790842
crpp3,0.1,9,9,TCTGTCAAACCCAGACTCGA,0,781360
crpp3,0.1,9,9,TCTGACCCAGGATCGTTAAA,0,790199
crpp3,0.1,9,9,TCTAGTCTTTAGTGAATGGC,0,766231
crpp3,0.1,9,9,TCTACCACAGAGATCTTGAG,0,785427
crpp3,0.1,9,9,TCTAAGGGCAAAGAGTACAA,0,789158
crpp3,0.1,9,9,TCGTCACTCTTCCTCTGTAG,0,765097
crpp3,0.1,9,9,TCGGACTATAGGACATAACA,0,766721
crpp3,0.1,9,9,TCGCTCAGTCGTACTTTACG,0,774004
crpp3,0.1,9,9,TCCTATGCTCGAGTGGCATT,0,777850
crpp3,0.1,9,9,TCCGTTACCAAAGCTCTAAA,0,760229
crpp3,0.1,9,9,TCCGATAAACACATGTCTAG,0,780516
crpp3,0.1,9,9,TCCATTACTCAAGGGTCCGA,0,762219
crpp3,0.1,9,9,TCCATCATTTGACTTTTCAC,0,770817
crpp3,0.1,9,9,TCCATACATCCCGCATGCGG,0,760744
crpp3,0.1,9,9,TCATATATTTTTTCCCACAG,0,774344
crpp3,0.1,9,9,TCAGTCGGGGGTCAGTGGAT,0,790804
crpp3,0.1,9,9,TCACTATTTCCCGGAATCCT,0,788910
crpp3,0.1,9,9,TCACCAACCCGGCACCCTGT,0,785714
crpp3,0.1,9,9,TCACACCGCTTATAATGGAT,0,788642
crpp3,0.1,9,9,TCAATTGTTTCTCGGGTAAA,0,775188
crpp3,0.1,9,9,TCAATCTCCCGTCTTTCTCT,0,763000
crpp3,0.1,9,9,TCAACAGGGTCGGAACGAAA,0,783924
crpp3,0.1,9,9,TAGGTGAGTATTGGAGTTTG,0,758870
crpp3,0.1,9,9,TAGGCTGACCATCCAAACAA,0,775611
crpp3,0.1,9,9,TAGATATGGGGTGCGAGTTC,0,771368
crpp3,0.1,9,9,TACTTACGTACATCGTTGCC,0,773937
crpp3,0.1,9,9,TACTGTGCCTTTGTTTGCTT,0,771165
crpp3,0.1,9,9,TACCGTTTAATAATAGGCGA,0,762091
crpp3,0.1,9,9,TACCCAACGAAAAGGGATCC,0,783720
crpp3,0.1,9,9,TACCACTTGTATTACCCTGT,0,771284
crpp3,0.1,9,9,TACATCTTTCACCATACGTA,0,791095
crpp3,0.1,9,9,TACATCTTGCTCTCTGCGAG,0,786850
crpp3,0.1,9,9,TACAGGGCACAACACCACAC,0,762515
crpp3,0.1,9,9,TAATTCTTTATACGTTGTAG,0,773820
crpp3,0.1,9,9,TAATGATGTATAGTACCGCA,0,779882
crpp3,0.1,9,9,TAATAGGGGGGCTTAGAACT,0,765062
crpp3,0.1,9,9,TAATAAGGGTTCGCACGGTT,0,761920
crpp3,0.1,9,9,TAACCTCTACGAGGTTGCGT,0,770125
crpp3,0.1,9,9,TAACAATAGTATGTTTAAAA,0,771163
crpp3,0.1,9,9,TAAATTCGTGAACAAACAGT,0,767051
crpp3,0.1,9,9,TAAAAACGCGTTCGAGCGGA,0,768724
crpp3,0.1,9,9,GTTTGGGGACGAAGCTGCGC,0,767549
crpp3,0.1,9,9,GTTTAGAACTACCACGCCAC,0,765517
crpp3,0.1,9,9,GTTGTACCTCACCTTCTGTA,0,771119
crpp3,0.1,9,9,GTTGATCAGTCGCTTAAGGG,0,785620
crpp3,0.1,9,9,GTTACACGGCCCCCGAAAAG,0,758511
crpp3,0.1,9,9,GTTAAATATGTCATATCCCA,0,760455
crpp3,0.1,9,9,GTGTGTGCCACGCGCAGTGA,0,767446
crpp3,0.1,9,9,GTGTCATTACGGTCTAGATC,0,761826
crpp3,0.1,9,9,GTGGTCCCCTGTAAAACACT,0,780335
crpp3,0.1,9,9,GTGCCCGTGGAGGCCTTTTG,0,761153
crpp3,0.1,9,9,GTCCGAAAATACACATGAGG,0,776124
crpp3,0.1,9,9,GTCACGATGCACATCGGTAA,0,770815
crpp3,0.1,9,9,GTCAAAGAACATAGGGTCGG,0,772226
crpp3,0.1,9,9,GTATGCTACAGTCAAGGCTG,0,767258
crpp3,0.1,9,9,GTATGCGCGTGTGTCTGTAA,0,767955
crpp3,0.1,9,9,GTAAAGAGAGCGCGTCATTG,0,778318
crpp3,0.1,9,9,GGTGCGTTCCCCAATCCCGG,0,779164
crpp3,0.1,9,9,GGTCCCCGGTCAGCTAGGAT,0,764067
crpp3,0.1,9,9,GGTCCATTTGGATATAGTCG,0,773806
crpp3,0.1,9,9,GGTATGGGGTGGTCGATCTG,0,758773
crpp3,0.1,9,9,GGTAATGGGCAAAAGAGATC,0,762880
crpp3,0.1,9,9,GGTAAAATGTGAGTTGATGA,0,773867
crpp3,0.1,9,9,GGGTCCAGTCTAGGAGTCGT,0,763347
crpp3,0.1,9,9,GGGGCTGGGAGCTATGATAC,0,774088
crpp3,0.1,9,9,GGGAGCTCCGGCTTACATCG,0,759773
crpp3,0.1,9,9,GGGACCTGTGATATAATCTG,0,783241
crpp3,0.1,9,9,GGGACCCGCCTGGGCTATTA,0,774150
crpp3,0.1,9,9,GGGAACTTAGGGGAGAATAT,0,775574
crpp3,0.1,9,9,GGCTTGGTCCCAGGAGTTGT,0,782390
crpp3,0.1,9,9,GGCTCTGCGTAGGTTGTTGC,0,772285
crpp3,0.1,9,9,GGCGTGCTATGCAAATGGCT,0,785930
crpp3,0.1,9,9,GGCGTAGCGGGGAGGTGGCA,0,775636
crpp3,0.1,9,9,GGCGGCGCATTCTTGTTTGC,0,763540
crpp3,0.1,9,9,GGCCGCTTCAGCCCCAAATA,0,790596
crpp3,0.1,9,9,GGATGTTGTCGTACAAGTGA,0,777173
crpp3,0.1,9,9,GGAGTTCGGGAGGGAGGTAC,0,767716
crpp3,0.1,9,9,GGACAACATACCTCAAAACG,0,761875
crpp3,0.1,9,9,GGAAGCACGACCAGTACCCA,0,780253
crpp3,0.1,9,9,GGAAATCCGGTTTTGCGGCG,0,762975
crpp3,0.1,9,9,GCTTCCAAAGCGTTTTCACG,0,771276
crpp3,0.1,9,9,GCTCTGCCAGCCTTCCGGCT,0,783567
crpp3,0.1,9,9,GCTATCCATGGCAGCGCGGT,0,786902
crpp3,0.1,9,9,GCTACCTTTGTCTAACGTGA,0,768905
crpp3,0.1,9,9,GCGTTGAATGCGAATGACTT,0,768735
crpp3,0.1,9,9,GCGTTCAGTCCAGCAGCGGT,0,787923
crpp3,0.1,9,9,GCGTGGATATAGGACAACAT,0,782627
crpp3,0.1,9,9,GCGTGGAACACAGCTTCTCG,0,761370
crpp3,0.1,9,9,GCGGTATGTGTCTGAAGCTG,0,763377
crpp3,0.1,9,9,GCGATACGGAATATACGGGC,0,773599
crpp3,0.1,9,9,GCGATACAGCGGTGATGAAG,0,770857
crpp3,0.1,9,9,GCGAGTACCATTTAAAGAAC,0,787574
crpp3,0.1,9,9,GCCGCAGAAATGGATGTGTA,0,781006
crpp3,0.1,9,9,GCAGTAGGAGCGGCAGGGGG,0,776838
crpp3,0.1,9,9,GCAGGTCGCATTGGACAGAC,0,772928
crpp3,0.1,9,9,GCAGCGCATAGAAAAGCGGC,0,772424
crpp3,0.1,9,9,GCAGAGTAGGGAGGGGGTTG,0,783278
crpp3,0.1,9,9,GCACATTGGTCCCAACACGT,0,776564
crpp3,0.1,9,9,GATTGGCTTATGAACATCGC,0,784373
crpp3,0.1,9,9,GATTATTCTAGGATCAAGGC,0,785081
crpp3,0.1,9,9,GATGGGCGGGCGATTCGGAC,0,769393
crpp3,0.1,9,9,GATCTGGAGGTACCACAGCG,0,770757
crpp3,0.1,9,9,GATCCGGTGTGTTTTACGCG,0,788535
crpp3,0.1,9,9,GATCATATTATCCTGTGCCT,0,784228
crpp3,0.1,9,9,GATCAGCGTAGCTTGACCCA,0,771483
crpp3,0.1,9,9,GATATACGCCGTCGATCATT,0,783644
crpp3,0.1,9,9,GATACGTCAGTGCTTTCAGC,0,761924
crpp3,0.1,9,9,GAGGATACGGAGCACTACTT,0,763590
crpp3,0.1,9,9,GAGAACAGACCATATTTGGT,0,787546
crpp3,0.1,9,9,GACACTGGGAAGATTTGGAA,0,778257
crpp3,0.1,9,9,GAATTGAGCTGCTGTGAAAC,0,758404
crpp3,0.1,9,9,GAATGATTATGCCAGTTCGT,0,765961
crpp3,0.1,9,9,GAATGACAAACTGTTGTGTA,0,783747
crpp3,0.1,9,9,GAAGTAGTTTCGTTCGATGA,0,789008
crpp3,0.1,9,9,GAAGGACCTCGTAATTTATT,0,776737
crpp3,0.1,9,9,CTTTGCGGGCGTGGTCGAAC,0,776072
crpp3,0.1,9,9,CTTTAGCTTACCTATGTGGT,0,767412
crpp3,0.1,9,9,CTTTACAAGCGAACGCGATA,0,766437
crpp3,0.1,9,9,CTTGTTGCTGGAGATGGTGC,0,768250
crpp3,0.1,9,9,CTTGTTATGCTATGGTGGAG,0,780772
crpp3,0.1,9,9,CTTGGTAACGGTCAGTCATT,0,765112
crpp3,0.1,9,9,CTTGGGCAGTTCAGTGCGAT,0,782589
crpp3,0.1,9,9,CTTGGGACTGCAACTCATAA,0,760907
crpp3,0.1,9,9,CTTGCGTATAATGGCAGAGA,0,777902
crpp3,0.1,9,9,CTTCGCTTCAAGTACACGGT,0,781559
crpp3,0.1,9,9,CTGGTTCTCCTAGTCTGTTC,0,779189
crpp3,0.1,9,9,CTGGGTAATATCCACGACTT,0,767944
crpp3,0.1,9,9,CTGAGATTCGATATGCGAAG,0,771830
crpp3,0.1,9,9,CTGAGAATTCATCGCGCGCA,0,774375
crpp3,0.1,9,9,CTGAAAGACATACTCTGTCT,0,771926
crpp3,0.1,9,9,CTCTTGTGGTACTCCTCAGA,0,771925
crpp3,0.1,9,9,CTATATTTCATTATTCAAAT,0,771598
crpp3,0.1,9,9,CTAGTCGCTGTTTGCCCTAT,0,763814
crpp3,0.1,9,9,CTAGGACTTGAGTTCCCAGT,0,780082
crpp3,0.1,9,9,CTAGACAATTGGATTTGCCT,0,769019
crpp3,0.1,9,9,CTACGTTGCTAGCCTGTTCC,0,759090
crpp3,0.1,9,9,CTAAGCAAATGCAGCCGGGA,0,763827
crpp3,0.1,9,9,CTAACATAAATAGAAGCCAA,0,765074
crpp3,0.1,9,9,CTAAAGAACATAGTATTCAG,0,763250
crpp3,0.1,9,9,CGTTTCTGCAGTAGATTTTC,0,766753
crpp3,0.1,9,9,CGTGTTGTATAACGTTGAGC,0,768773
crpp3,0.1,9,9,CGTGTCCATCGCAAACCATT,0,789793
crpp3,0.1,9,9,CGTGCCCATCATGTCTCCAG,0,782929
crpp3,0.1,9,9,CGTGCATGTAAAGTGAGGAC,0,765890
crpp3,0.1,9,9,CGTCGGTTTTGGCAACGAAT,0,785668
crpp3,0.1,9,9,CGTAAATTGATAGACCCCTG,0,774756
crpp3,0.1,9,9,CGGGTGAGTAAAGCAGATAA,0,760354
crpp3,0.1,9,9,CGGGATGATAACCTGTTCCA,0,780284
crpp3,0.1,9,9,CGGCTCCGCTTCGGTTGACT,0,769972
crpp3,0.1,9,9,CGGCTCATGGTACCGTGTCT,0,791224
crpp3,0.1,9,9,CGGCTAGGTGTGACAGTCTG,0,781139
crpp3,0.1,9,9,CGGACGGCGTTGGCAGCCTA,0,772084
crpp3,0.1,9,9,CGGACGATCGCCAGGTGTCC,0,789314
crpp3,0.1,9,9,CGGACCAAGCGAACAAAATG,0,789656
crpp3,0.1,9,9,CGCTTGGTGCGGGCAATTAT,0,777917
crpp3,0.1,9,9,CGCTGCCTGCTGTCAAATGC,0,768921
crpp3,0.1,9,9,CGCTAAGCGTCTGAATCGTA,0,758546
crpp3,0.1,9,9,CGCGGTGTAAAAGGGAATTG,0,762979
crpp3,0.1,9,9,CGCGCCTTGGAATGTGAGAA,0,762279
crpp3,0.1,9,9,CGCGCATCGCATTCCGTGAT,0,769206
crpp3,0.1,9,9,CGCCTTGGGAATCCTGCGAC,0,762359
crpp3,0.1,9,9,CGCCTGAAATTAAAGTCCTA,0,762765
crpp3,0.1,9,9,CGCATATTGGTTGACGACCT,0,768572
crpp3,0.1,9,9,CGAGTCGCGTTGATTCTTTC,0,783863
crpp3,0.1,9,9,CGAGTATTTGTGGCTGCCCA,0,767260
crpp3,0.1,9,9,CGAGGACGCCTCGCCGACTC,0,787978
crpp3,0.1,9,9,CGAGCTTCCCAGTGGTTGAA,0,765497
crpp3,0.1,9,9,CGAGAAGTCCTGACGGTGAT,0,765588
crpp3,0.1,9,9,CGACGCCCGTGTGGGAGCGG,0,761364
crpp3,0.1,9,9,CGACGCAGGCCCTATTGGAC,0,776863
crpp3,0.1,9,9,CCTTGAATGGGTGATTACGC,0,758772
crpp3,0.1,9,9,CCTTAGCTCCTAGCATGTAG,0,786402
crpp3,0.1,9,9,CCTTAAGGCGGCTGGTTCTT,0,789450
crpp3,0.1,9,9,CCTCCGTGGCAATATCGAGG,0,766101
crpp3,0.1,9,9,CCGTAACTCACGGTCTCTGG,0,781596
crpp3,0.1,9,9,CCGGGTATTGTGGGAGTGCA,0,764515
crpp3,0.1,9,9,CCGGGCCGCGAAAAGAAGGC,0,767450
crpp3,0.1,9,9,CCGCATTAATTGCATATTGA,0,783025
crpp3,0.1,9,9,CCGACAGGCCCAAATACCTA,0,763671
crpp3,0.1,9,9,CCCTATGTCCCGGCAACTCA,0,783973
crpp3,0.1,9,9,CCCTAGTTAGTAGAGTTTGA,0,760125
crpp3,0.1,9,9,CCCGGCTTTTCGGTAAACTA,0,775241
crpp3,0.1,9,9,CCCGCACTAACGAATAAGGG,0,779213
crpp3,0.1,9,9,CCCCTAGCACTTCCTGTACA,0,777712
crpp3,0.1,9,9,CCCCCCTCCGCGTCGGTTCA,0,767668
crpp3,0.1,9,9,CCATCCTTTGAATCATCATT,0,788457
crpp3,0.1,9,9,CCACTATTTTGGTAACGCAG,0,782911
crpp3,0.1,9,9,CCACAGGATTCTAAGGACTG,0,774085
crpp3,0.1,9,9,CATGCGGCGCAATCAGGGAT,0,766974
crpp3,0.1,9,9,CATGCCGCCTTCAGAACCTT,0,785144
crpp3,0.1,9,9,CATCTACTCACTGTTAGCAT,0,769580
crpp3,0.1,9,9,CAGGGCCAGCCCGGTGTGGA,0,785929
crpp3,0.1,9,9,CAGCCGGACCGGCTCGCAAC,0,780481
crpp3,0.1,9,9,CAGACTCGCAGACTCAGCCT,0,768716
crpp3,0.1,9,9,CAGACCGATGTACCTAGGCT,0,771858
crpp3,0.1,9,9,CAGAACGGACAAGAAGAAAG,0,763565
crpp3,0.1,9,9,CACTTCTGTATATTAGTGCT,0,767816
crpp3,0.1,9,9,CACTCACACTGGGCCGCTAT,0,781680
crpp3,0.1,9,9,CACAAAGCTTGAGAACAGGG,0,780141
crpp3,0.1,9,9,CAATTTCTACAGTCTTTTGG,0,761079
crpp3,0.1,9,9,CAATGCAGGTCCGTTCACGT,0,785803
crpp3,0.1,9,9,CAAGTGCGAGGTCGGGAGTT,0,772534
crpp3,0.1,9,9,CAAGTCATGTTCGTGAACGA,0,774074
crpp3,0.1,9,9,CAAGCTATAAACACATGATA,0,766966
crpp3,0.1,9,9,CAAGCTAAGACAGAACAAGC,0,763774
crpp3,0.1,9,9,CAAGCCGAGGTAACATTCTT,0,768592
crpp3,0.1,9,9,CAAGAGAGCCTAATCGTGAG,0,762714
crpp3,0.1,9,9,CAACGAGAAAAAACAGATCC,0,774810
crpp3,0.1,9,9,CAAAGTCACGGAGCCTATAA,0,780954
crpp3,0.1,9,9,ATTTTATCGGAAAGACATCG,0,765248
crpp3,0.1,9,9,ATTGTCGTTTCGTATGGGAG,0,769403
crpp3,0.1,9,9,ATGGTATCCGGTCGGGTAAT,0,788045
crpp3,0.1,9,9,ATGGGGCGGCCTTACATGTA,0,788945
crpp3,0.1,9,9,ATGGGATCTGATGATGAGTT,0,763046
crpp3,0.1,9,9,ATGGATGAGACCGGTGAGCT,0,784511
crpp3,0.1,9,9,ATGAGGACACAAAGTGGTAC,0,779257
crpp3,0.1,9,9,ATCTCAGCTTACATACCCGG,0,775582
crpp3,0.1,9,9,ATCTATTAGACTGAATGCTA,0,777739
crpp3,0.1,9,9,ATCGCGCGGGGCCGTAATTT,0,770777
crpp3,0.1,9,9,ATCCATTAGTTATCATCCGG,0,765941
crpp3,0.1,9,9,ATCAGTCTGGTGACGCAAAA,0,780590
crpp3,0.1,9,9,ATATCACTTCATTCATTAAT,0,774986
crpp3,0.1,9,9,ATAGGGCCTTATTGTAGGGT,0,766446
crpp3,0.1,9,9,ATAACATACCAAAACCGGGA,0,759194
crpp3,0.1,9,9,ATAAAGCTCTGCATAGTCTT,0,778431
crpp3,0.1,9,9,AGTTCGTATTCTTTCGGGCA,0,788088
crpp3,0.1,9,9,AGTGTCCGCAAGTACGCGAA,0,779934
crpp3,0.1,9,9,AGTGGTCCCCGTAACGAGCC,0,763286
crpp3,0.1,9,9,AGTCTACGCACTGGAGACGA,0,785720
crpp3,0.1,9,9,AGTCGCGGGTGTTCATCTTG,0,760082
crpp3,0.1,9,9,AGTCATCTGCCGCCCTCGTG,0,772088
crpp3,0.1,9,9,AGTCACAATCTCACAATTTT,0,777216
crpp3,0.1,9,9,AGTATTATGCCACCGCCTCC,0,785008
crpp3,0.1,9,9,AGGTTTCCCATACGGAAGAT,0,772645
crpp3,0.1,9,9,AGGTGGGCTTATCCGATTGT,0,769963
crpp3,0.1,9,9,AGGTCTGCTTCGTAAATCGT,0,786847
crpp3,0.1,9,9,AGGGGAGAGCCCGTTCGAAA,0,762009
crpp3,0.1,9,9,AGGCGATGGGCAAATTAGAT,0,763602
crpp3,0.1,9,9,AGGATCCAGACGGTCTGAAC,0,780269
crpp3,0.1,9,9,AGGACCTAATGCAGAAACAC,0,768268
crpp3,0.1,9,9,AGGAACAGCGAAGTAACTGT,0,791331
crpp3,0.1,9,9,AGGAAAACGATTCATATCAG,0,777525
crpp3,0.1,9,9,AGCGGTTAAGTTCGATGTTT,0,789723
crpp3,0.1,9,9,AGCGATTGTACGTACAAGCT,0,762723
crpp3,0.1,9,9,AGCGATGAAATAATTCTTTC,0,781337
crpp3,0.1,9,9,AGCCTATTATTGAGAGTTTA,0,785041
crpp3,0.1,9,9,AGCCTATTACTAGGGTTACT,0,787693
crpp3,0.1,9,9,AGCCCCGCTAGCTCTGAGGA,0,781945
crpp3,0.1,9,9,AGCCATCTCGGTGATTCATA,0,789256
crpp3,0.1,9,9,AGCCAGCTGACGTTGGTGGT,0,773615
crpp3,0.1,9,9,AGCAGTCCATCAGTCCGCGA,0,780869
crpp3,0.1,9,9,AGAGTCCATCTCGTAGGATC,0,769873
crpp3,0.1,9,9,AGAGCGATGTGGTATTTATC,0,768893
crpp3,0.1,9,9,AGAATTTGTGCGACACTACA,0,775290
crpp3,0.1,9,9,AGAACACTAAGTAGTGTCCT,0,773444
crpp3,0.1,9,9,ACTTAGACAGGTCGATGAGG,0,788885
crpp3,0.1,9,9,ACTAGCATTCTTGTCACTTT,0,790439
crpp3,0.1,9,9,ACTAGAAGGTGAAGAATAGT,0,766372
crpp3,0.1,9,9,ACTACTACCGAGCCGCGTTA,0,764387
crpp3,0.1,9,9,ACGTGGCGCCCTCGAAATCA,0,769889
crpp3,0.1,9,9,ACGGGCTCCCCTACTTCAGG,0,789109
crpp3,0.1,9,9,ACGGGAGCGCTTGTTATGCG,0,787539
crpp3,0.1,9,9,ACCTATCGACGTCCGTCCGT,0,782947
crpp3,0.1,9,9,ACCGGTGGAGAAGCAATTGG,0,778480
crpp3,0.1,9,9,ACCGAGTCACTACTACGAGG,0,788060
crpp3,0.1,9,9,ACCAACTGAAGCCAACCGAT,0,777084
crpp3,0.1,9,9,ACATGCCGCATTGTGTAATC,0,787654
crpp3,0.1,9,9,ACACGAGACCGTCAGGCCCA,0,790995
crpp3,0.1,9,9,ACAAAATGCACCACAGTCCA,0,768993
crpp3,0.1,9,9,AATATCAGGGAGTCCGAACA,0,766758
crpp3,0.1,9,9,AAGTGGACGGGACGCGGGTT,0,782443
crpp3,0.1,9,9,AAGTATTTATAGCAAACAGT,0,766104
crpp3,0.1,9,9,AAGTAGGCGAGTGGCCAGTA,0,768902
crpp3,0.1,9,9,AAGGGCTTCCATCGATCCTC,0,765491
crpp3,0.1,9,9,AACGCCACAAGTCCTGCAAG,0,762992
crpp3,0.1,9,9,AACCCAAGTCTGTCATTCGG,0,783529
crpp3,0.1,9,9,AACAGGAGGCACCACACGCT,0,787583
crpp3,0.1,9,9,AAAGTTGGAGTACGCCGCTT,0,765613
crpp3,0.1,9,9,AAAGGTTCAGTTAGATTATC,0,787490
crpp3,0.1,9,9,AAACGTTGACCAACTTCTGA,0,780520
crpp3,0.1111111111111111,8,8,TTTTAAAGGGAGAAGTAGCG,0,777287
crpp3,0.1111111111111111,8,8,TTTGTGTTGCAGGCTAACCA,0,783761
crpp3,0.1111111111111111,8,8,TTTGTACGTAGCTTAGGGGA,0,775905
crpp3,0.1111111111111111,8,8,TTTGCGTGAGGACATGTTAC,0,763691
crpp3,0.1111111111111111,8,8,TTTAGCAGAGTGCTGTTTTG,0,768432
crpp3,0.1111111111111111,8,8,TTTACGTGTGAATACTCTTC,0,771091
crpp3,0.1111111111111111,8,8,TTGGTGGATAGACCTATGAT,0,787239
crpp3,0.1111111111111111,8,8,TTGGTGATGCCCCGCGCGTT,0,764520
crpp3,0.1111111111111111,8,8,TTGGAGAATTGTGAACACCA,0,782346
crpp3,0.1111111111111111,8,8,TTCTGGGGGGTACCAACAGA,0,783669
crpp3,0.1111111111111111,8,8,TTCTGAAAGGTGAATGTACA,0,765669
crpp3,0.1111111111111111,8,8,TTCGTGGACTCTGCACGTAT,0,769160
crpp3,0.1111111111111111,8,8,TTCGTAGTGGACTTTGTTGT,0,758580
crpp3,0.1111111111111111,8,8,TTCGGGGAGGATAAGTAGGT,0,770726
crpp3,0.1111111111111111,8,8,TTCCTCATGTTTCGAGCCGG,0,759656
crpp3,0.1111111111111111,8,8,TTCACCCTGACTAAGGCGAA,0,782922
crpp3,0.1111111111111111,8,8,TTCAATGTTGTATAGCAGTT,0,760984
crpp3,0.1111111111111111,8,8,TTCAATGTACCAGGTCGTCA,0,771299
crpp3,0.1111111111111111,8,8,TTAGTTGAAGCCGCTCGCGG,0,769474
crpp3,0.1111111111111111,8,8,TTAGGTATCTTAGCACGTCT,0,787891
crpp3,0.1111111111111111,8,8,TTAGCAATTCGCACATGGGG,0,762899
crpp3,0.1111111111111111,8,8,TTAGATCGGTCATGTTTGGA,0,784620
crpp3,0.1111111111111111,8,8,TTACGTTAAGCGGTTGGGTA,0,782697
crpp3,0.1111111111111111,8,8,TTACGCCAGTCGGGAATACT,0,784866
crpp3,0.1111111111111111,8,8,TTACCACGCCCTGTGTGGTG,0,779216
crpp3,0.1111111111111111,8,8,TGTGAGGTCCACCAAAAACA,0,776185
crpp3,0.1111111111111111,8,8,TGTGAATGGTAGAGGGAGCG,0,778327
crpp3,0.1111111111111111,8,8,TGTAACACCCTGTTAGACTT,0,787140
crpp3,0.1111111111111111,8,8,TGGTTAATTGTGACGCGTGA,0,779755
crpp3,0.1111111111111111,8,8,TGGTGTGATATATGCGCACC,0,784259
crpp3,0.1111111111111111,8,8,TGGTGGTCAATCTCCGTCAT,0,761343
crpp3,0.1111111111111111,8,8,TGGGCGTAGCCCCAAGCTCG,0,780147
crpp3,0.1111111111111111,8,8,TGGGCCTACGAACGCGGTTC,0,761941
crpp3,0.1111111111111111,8,8,TGGGCAGCGCGAAACGATTG,0,772271
crpp3,0.1111111111111111,8,8,TGGGATTGCTAAACGACTTT,0,763290
crpp3,0.1111111111111111,8,8,TGGCTTTGCTTAGGACCCAA,0,788988
crpp3,0.1111111111111111,8,8,TGGCTACAACGTTAAGGACA,0,772351
crpp3,0.1111111111111111,8,8,TGGCCAGCTGCTTTACAGGA,0,769148
crpp3,0.1111111111111111,8,8,TGGAGCTAGTGGGTATTAGT,0,762884
crpp3,0.1111111111111111,8,8,TGCTTCGAAGAGAGATGTGA,0,775958
crpp3,0.1111111111111111,8,8,TGCTCGTCTTAAGCAAGAAA,0,762153
crpp3,0.1111111111111111,8,8,TGCTCCTAGAGAGTAAATAA,0,789257
crpp3,0.1111111111111111,8,8,TGCGTCCATCACGATTCATT,0,771885
crpp3,0.1111111111111111,8,8,TGCGTACCTAGGGCTCCTTT,0,785385
crpp3,0.1111111111111111,8,8,TGCGAAAACTTACCGAGATT,0,764060
crpp3,0.1111111111111111,8,8,TGCATTTGAGCTAGATAGCC,0,785301
crpp3,0.1111111111111111,8,8,TGATTAGCTATATGTACGTA,0,773397
crpp3,0.1111111111111111,8,8,TGAGGTTGATTTCGCTAGTA,0,788235
crpp3,0.1111111111111111,8,8,TCTTCGGGCTTCGATATCAG,0,781787
crpp3,0.1111111111111111,8,8,TCTTAAGGCAAAGCACCCTT,0,779756
crpp3,0.1111111111111111,8,8,TCTGCCACATGTCGCCGAAC,0,765586
crpp3,0.1111111111111111,8,8,TCGTTTCCTAGTCCCCTAGC,0,772954
crpp3,0.1111111111111111,8,8,TCGGTTTCAATCAATCAGTT,0,764835
crpp3,0.1111111111111111,8,8,TCGGTGTGAGCATTGCTAAA,0,765692
crpp3,0.1111111111111111,8,8,TCGGTCCCCTGGAACCATGC,0,775180
crpp3,0.1111111111111111,8,8,TCGCTACAGTGGTATGGCGA,0,784516
crpp3,0.1111111111111111,8,8,TCGCACCGAGCCGAGTCCAG,0,780902
crpp3,0.1111111111111111,8,8,TCGAGTGCCTAATAGGTATG,0,773052
crpp3,0.1111111111111111,8,8,TCGAATCTATTCCTAGTCTG,0,760904
crpp3,0.1111111111111111,8,8,TCGAACTGAGTTTGATCTTC,0,785820
crpp3,0.1111111111111111,8,8,TCCGACGCTTGACGGGAAGC,0,789140
crpp3,0.1111111111111111,8,8,TCAGTCCCAACGTCTAGCCA,0,784828
crpp3,0.1111111111111111,8,8,TCAGCACCCCTGGATGTTAC,0,772527
crpp3,0.1111111111111111,8,8,TCACCAACGGCTGTGGATTA,0,781587
crpp3,0.1111111111111111,8,8,TCAACGCCACATACACGTAT,0,769721
crpp3,0.1111111111111111,8,8,TCAAATGAAGAAGTGCGTGA,0,776412
crpp3,0.1111111111111111,8,8,TATTTATTCGGAGGGGCAGG,0,764326
crpp3,0.1111111111111111,8,8,TATTAGGCAGAGCAATTAGC,0,762892
crpp3,0.1111111111111111,8,8,TATTACTAAAGACTGGTATG,0,772473
crpp3,0.1111111111111111,8,8,TATGGTTGATACCAACTATC,0,784500
crpp3,0.1111111111111111,8,8,TATCTTGAAATTAGCGGGGA,0,779565
crpp3,0.1111111111111111,8,8,TATCTGCTAGAAACAGCTGA,0,762789
crpp3,0.1111111111111111,8,8,TATATTATGCACTAACAGCA,0,777893
crpp3,0.1111111111111111,8,8,TAGGTCGGGCAACACTAGGG,0,779028
crpp3,0.1111111111111111,8,8,TAGGGCCGGGGTTCAGCTCT,0,764197
crpp3,0.1111111111111111,8,8,TAGCTTTTTTACCTCTCCAA,0,773303
crpp3,0.1111111111111111,8,8,TAGCCATTCATATTTTGATG,0,775961
crpp3,0.1111111111111111,8,8,TAGCACGACATTGAGACTAG,0,766943
crpp3,0.1111111111111111,8,8,TAGATCGCCTGTACAAGGGG,0,761285
crpp3,0.1111111111111111,8,8,TACGGGCACCGTTAAGTACA,0,784233
crpp3,0.1111111111111111,8,8,TACCGAATGCGTTGCGCAAC,0,779724
crpp3,0.1111111111111111,8,8,TACCCAAAACTGGTAGCCGA,0,773767
crpp3,0.1111111111111111,8,8,TACCACGTGCCAAGGCCTCA,0,759903
crpp3,0.1111111111111111,8,8,TACAAGGCTTGCCAGGAGAG,0,784779
crpp3,0.1111111111111111,8,8,TAATTCACCGCATCCAGCAA,0,758968
crpp3,0.1111111111111111,8,8,TAAGGGAATAAGAATGTCTT,0,760398
crpp3,0.1111111111111111,8,8,TAAGATCTTCTAGGCACGTT,0,783454
crpp3,0.1111111111111111,8,8,TAAGAAATTGTCCGGTCTGG,0,774662
crpp3,0.1111111111111111,8,8,TAAAGGCGTGGACGGCCAGT,0,774171
crpp3,0.1111111111111111,8,8,TAAAGCAGGACTTTGGATCA,0,766941
crpp3,0.1111111111111111,8,8,TAAAAGGTTGGATCGTCGAT,0,772440
crpp3,0.1111111111111111,8,8,GTTGTTATCATATCACTCGT,0,777494
crpp3,0.1111111111111111,8,8,GTTGCCTCGCACTATCCGTA,0,765650
crpp3,0.1111111111111111,8,8,GTTACCACCAGCGCTGGTTA,0,788463
crpp3,0.1111111111111111,8,8,GTGTTAACCCCAGTGTGACG,0,769268
crpp3,0.1111111111111111,8,8,GTGTGCGCAGTCAAGCTCAT,0,789403
crpp3,0.1111111111111111,8,8,GTGTATTCAATTTCACCTGG,0,778538
crpp3,0.1111111111111111,8,8,GTGGCCCCTTGAGACGTGAG,0,777311
crpp3,0.1111111111111111,8,8,GTGCGTACCCTGAGGTCCTG,0,769931
crpp3,0.1111111111111111,8,8,GTGAACTGTCATCCCTTTCC,0,769456
crpp3,0.1111111111111111,8,8,GTCTTCATCGTCGGTGACAC,0,776043
crpp3,0.1111111111111111,8,8,GTCCTTCGCGGAATGGAGGG,0,786514
crpp3,0.1111111111111111,8,8,GTCCGAGCTATGAATATAAT,0,776292
crpp3,0.1111111111111111,8,8,GTCCCACCTGTCCAGGATCA,0,771656
crpp3,0.1111111111111111,8,8,GTCAAACGCTGAGGACGACC,0,786639
crpp3,0.1111111111111111,8,8,GTAGGCCCGTTGCAGGTAAC,0,765468
crpp3,0.1111111111111111,8,8,GTAGGATAGGATTAGCCCCA,0,759094
crpp3,0.1111111111111111,8,8,GTAGCGACATGGAGATAATT,0,762387
crpp3,0.1111111111111111,8,8,GTAACCAGGTCGGATTCATA,0,784403
crpp3,0.1111111111111111,8,8,GTAAACAAGGTACAGCAAGG,0,760603
crpp3,0.1111111111111111,8,8,GGTTGCAGCCGCATCCTCTT,0,775460
crpp3,0.1111111111111111,8,8,GGTAACATTGGTCCGGTCGT,0,774369
crpp3,0.1111111111111111,8,8,GGGTATAACCCACAGTTGTG,0,779775
crpp3,0.1111111111111111,8,8,GGGGAGTATAGAGGCACGTC,0,769857
crpp3,0.1111111111111111,8,8,GGGCTCGAGGGAAGACATAC,0,785626
crpp3,0.1111111111111111,8,8,GGGCGCCACGGGTGCTTTCA,0,773924
crpp3,0.1111111111111111,8,8,GGGATTCAGGTGGGTAACCT,0,779876
crpp3,0.1111111111111111,8,8,GGGAGGTTATATTATATGCT,0,790061
crpp3,0.1111111111111111,8,8,GGGAAAAGCCCTGTCTACAA,0,765968
crpp3,0.1111111111111111,8,8,GGCTGCGTGTTCAGTAATTT,0,777907
crpp3,0.1111111111111111,8,8,GGCTCGGGAAGTTGGAACAA,0,784080
crpp3,0.1111111111111111,8,8,GGCTAAGAAACGAACAGCGC,0,777787
crpp3,0.1111111111111111,8,8,GGCCTTGGTATTGACATCCG,0,758653
crpp3,0.1111111111111111,8,8,GGCACCATAGTAGAGGGGGT,0,779987
crpp3,0.1111111111111111,8,8,GGCAAGGGCGTTTGACAGGA,0,766333
crpp3,0.1111111111111111,8,8,GGATTCGATTAGGTTACTTT,0,789038
crpp3,0.1111111111111111,8,8,GGATCTGCAACAAGCATCGG,0,789308
crpp3,0.1111111111111111,8,8,GGAGTCAAGTTTAGGATGTT,0,780950
crpp3,0.1111111111111111,8,8,GGACTCTTATTACCCCCGAG,0,766053
crpp3,0.1111111111111111,8,8,GGACCGGATGCGTTTAGCAA,0,762599
crpp3,0.1111111111111111,8,8,GGACCGATCATTATTAATAT,0,769836
crpp3,0.1111111111111111,8,8,GGACACATCCGTACGCCGAG,0,767138
crpp3,0.1111111111111111,8,8,GGAATCTGCCCGCGAGCAAA,0,784059
crpp3,0.1111111111111111,8,8,GGAAGTATGAGTTGCTCTTC,0,790518
crpp3,0.1111111111111111,8,8,GGAACAGTATCGGTCAGTGT,0,765348
crpp3,0.1111111111111111,8,8,GCTTTAGACTCGGTTTTTGG,0,761131
crpp3,0.1111111111111111,8,8,GCTTGTCAACGTTGCCGGCC,0,779430
crpp3,0.1111111111111111,8,8,GCTCGGCTTACGATTATCCT,0,769298
crpp3,0.1111111111111111,8,8,GCTCCAGTCTCACGTTTAAC,0,781362
crpp3,0.1111111111111111,8,8,GCTATTTCCTCACAAAGTCG,0,768872
crpp3,0.1111111111111111,8,8,GCTATGATCAGTTGGAAAAT,0,762363
crpp3,0.1111111111111111,8,8,GCGTGCCGCATTCGTAACGA,0,764832
crpp3,0.1111111111111111,8,8,GCGGGAAGGTTAAGGCCAAT,0,781624
crpp3,0.1111111111111111,8,8,GCGCTATGGCCAGTAGTAGA,0,786919
crpp3,0.1111111111111111,8,8,GCGCGCTCTCCAGTCCACTG,0,788412
crpp3,0.1111111111111111,8,8,GCGCCTAGTACCTAAAAGTG,0,779055
crpp3,0.1111111111111111,8,8,GCGCATTGGGATAATCGATG,0,762725
crpp3,0.1111111111111111,8,8,GCGATTGGGCACTTCTTCCA,0,782779
crpp3,0.1111111111111111,8,8,GCGATCCCTGCAGTGCGTGC,0,759106
crpp3,0.1111111111111111,8,8,GCCTCTAGTAGTTCGAGCCA,0,767691
crpp3,0.1111111111111111,8,8,GCCTATTTACTGTATTTTAT,0,765606
crpp3,0.1111111111111111,8,8,GCCTACGGGAGAGGTCACCG,0,765211
crpp3,0.1111111111111111,8,8,GCCGCGCTAAATAAAGGTAA,0,783447
crpp3,0.1111111111111111,8,8,GCCGCACCTAGCTGTAGAAC,0,767825
crpp3,0.1111111111111111,8,8,GCCCTGGATGGTACGAAACC,0,762700
crpp3,0.1111111111111111,8,8,GCCAGCACACGCAAGCCTAA,0,784462
crpp3,0.1111111111111111,8,8,GCATGGCTAAACCCTACTAG,0,762134
crpp3,0.1111111111111111,8,8,GCACGAGGCACCGTATTATC,0,782235
crpp3,0.1111111111111111,8,8,GCACAATTGTTTAAAGAGTC,0,788459
crpp3,0.1111111111111111,8,8,GCAACTGGTTGTCCCAACGA,0,768401
crpp3,0.1111111111111111,8,8,GATTTTATCTATGGGGGGGG,0,768497
crpp3,0.1111111111111111,8,8,GATTAGTATTAGACTTACAA,0,763030
crpp3,0.1111111111111111,8,8,GATGCTGCGATCAGTACATT,0,767714
crpp3,0.1111111111111111,8,8,GATGCGAGTTAAGCCGTCCG,0,770791
crpp3,0.1111111111111111,8,8,GATATTCTTTACGTGCAGTC,0,782466
crpp3,0.1111111111111111,8,8,GATATGCGTGCTGTTATTTT,0,772666
crpp3,0.1111111111111111,8,8,GATAAATTATTACGTTACAA,0,778877
crpp3,0.1111111111111111,8,8,GAGGGCACGGTCAGGCATTT,0,760330
crpp3,0.1111111111111111,8,8,GAGGGACGTTCAACTACGGT,0,784377
crpp3,0.1111111111111111,8,8,GAGGCTAAAGTCCAAGAGAG,0,782831
crpp3,0.1111111111111111,8,8,GAGGCCTGGATGATTCGAAC,0,763416
crpp3,0.1111111111111111,8,8,GAGCAGAACCTCTCATTTTG,0,786536
crpp3,0.1111111111111111,8,8,GAGAACGATGGCGGCATCGA,0,759887
crpp3,0.1111111111111111,8,8,GACTGAACGACATGTATGGT,0,761334
crpp3,0.1111111111111111,8,8,GACTATGAGGCACCTGTTTC,0,785126
crpp3,0.1111111111111111,8,8,GACGGGATCCTCAGTACCCT,0,785635
crpp3,0.1111111111111111,8,8,GACCACGGTGATATATGCTT,0,758984
crpp3,0.1111111111111111,8,8,GACACTTCAGCGGCAATAGG,0,769706
crpp3,0.1111111111111111,8,8,GACACCCAGTTCGCCTCGAG,0,762464
crpp3,0.1111111111111111,8,8,GAATCCAAGAACTATACTTG,0,770822
crpp3,0.1111111111111111,8,8,GAAGGTCACGAGGTTTAACC,0,763004
crpp3,0.1111111111111111,8,8,GAAAACTCATTTGACCACCA,0,761919
crpp3,0.1111111111111111,8,8,CTTTCAGGATGCACCGGAAG,0,762075
crpp3,0.1111111111111111,8,8,CTTGGTCTCCAGTGACTCGC,0,775955
crpp3,0.1111111111111111,8,8,CTTGACACCTGCACGATCAA,0,760866
crpp3,0.1111111111111111,8,8,CTTCGTTATGCACGAAACTG,0,776486
crpp3,0.1111111111111111,8,8,CTTCCGCGGCAATGCCGTCT,0,761121
crpp3,0.1111111111111111,8,8,CTTATCGCTTAGACGCTGGC,0,777153
crpp3,0.1111111111111111,8,8,CTTAGTTGTGGCAACACCAC,0,766002
crpp3,0.1111111111111111,8,8,CTTAGTCAACTAAAGGGTTC,0,760058
crpp3,0.1111111111111111,8,8,CTTAGTAAATAGCCTCGGAA,0,775915
crpp3,0.1111111111111111,8,8,CTGTTTCATCGTTTAGTACG,0,785951
crpp3,0.1111111111111111,8,8,CTGTGGTGCCCAGAGACTAA,0,785869
crpp3,0.1111111111111111,8,8,CTGTAGACACGATTTTTGCA,0,782058
crpp3,0.1111111111111111,8,8,CTGTACGTACGGGCTGCGCA,0,773059
crpp3,0.1111111111111111,8,8,CTGGCCCACAACAAGAGAAG,0,776052
crpp3,0.1111111111111111,8,8,CTGCCCTCAAGCTGGTGCAG,0,762098
crpp3,0.1111111111111111,8,8,CTCGGGATTCACTACGGGTT,0,771986
crpp3,0.1111111111111111,8,8,CTCGGATCCTCTCCCCGTAA,0,790502
crpp3,0.1111111111111111,8,8,CTCGCCGGCAGACGAACGAG,0,768410
crpp3,0.1111111111111111,8,8,CTCCTGATGCTCGACGGATA,0,767806
crpp3,0.1111111111111111,8,8,CTCCCCCCGCTAGCTTTGTT,0,788933
crpp3,0.1111111111111111,8,8,CTCATCATGTGCCCGAGTCA,0,777155
crpp3,0.1111111111111111,8,8,CTCAGATTATGGCTCGTAGG,0,764188
crpp3,0.1111111111111111,8,8,CTCACTGGTTTCCAACACTA,0,785536
crpp3,0.1111111111111111,8,8,CTATCGCGAAGGTGTCGTAA,0,779473
crpp3,0.1111111111111111,8,8,CTATCCAGATTCGCGCACCT,0,771058
crpp3,0.1111111111111111,8,8,CTAGTGTGGCGCTATGTGGA,0,783648
crpp3,0.1111111111111111,8,8,CTAGGGAGCGACTCGGAATA,0,770755
crpp3,0.1111111111111111,8,8,CTACTGAAGGCGCAGAGTGC,0,787617
crpp3,0.1111111111111111,8,8,CTACCGATATCTTCTCATAA,0,787783
crpp3,0.1111111111111111,8,8,CGTGATCACTTTGGGCTGGG,0,785208
crpp3,0.1111111111111111,8,8,CGTGAGTGCGAGCGTGTAAT,0,766374
crpp3,0.1111111111111111,8,8,CGTGAAGTCTAGTATATACT,0,782327
crpp3,0.1111111111111111,8,8,CGTCTCTTATGTGCTATTCG,0,783279
crpp3,0.1111111111111111,8,8,CGTCTCTGTGGTTATATTTG,0,778163
crpp3,0.1111111111111111,8,8,CGTCATAAGATGCGCCATTT,0,770929
crpp3,0.1111111111111111,8,8,CGTCAGAAGCTCATGGGTTC,0,770433
crpp3,0.1111111111111111,8,8,CGTCACTATACTGATCAGAA,0,786963
crpp3,0.1111111111111111,8,8,CGTACTAGCTAAAGCGATTA,0,761278
crpp3,0.1111111111111111,8,8,CGGTCCAGTTGTCTGAACTT,0,778292
crpp3,0.1111111111111111,8,8,CGGTAATCAATTGGTGCAAT,0,785346
crpp3,0.1111111111111111,8,8,CGGGTAGAGTATGCTGTGGA,0,787176
crpp3,0.1111111111111111,8,8,CGGGGTAGGAAAACGGATGG,0,780154
crpp3,0.1111111111111111,8,8,CGCTCAGCGCTGTTCTTGCT,0,789858
crpp3,0.1111111111111111,8,8,CGCTATGTCTGCATAAAGGC,0,784788
crpp3,0.1111111111111111,8,8,CGCGGGATTTGTTCTCCATC,0,765214
crpp3,0.1111111111111111,8,8,CGCCGCGCGTTCTTGCAAAG,0,787043
crpp3,0.1111111111111111,8,8,CGCATAATGTAATCGAGCTT,0,776923
crpp3,0.1111111111111111,8,8,CGATCCCAACGGTGAGTGAA,0,764356
crpp3,0.1111111111111111,8,8,CGATACTTAAATTTTAGGCG,0,767243
crpp3,0.1111111111111111,8,8,CGAGGGCTGGGCGGATGAAG,0,784171
crpp3,0.1111111111111111,8,8,CGAGCTGTGCGGTAATGAAT,0,771310
crpp3,0.1111111111111111,8,8,CGACTACTGTGAGTATGATG,0,772601
crpp3,0.1111111111111111,8,8,CCTTTGGCTCCGCGGACTAT,0,789405
crpp3,0.1111111111111111,8,8,CCTTTCTATGTAATGGAATA,0,773164
crpp3,0.1111111111111111,8,8,CCTTCGCTCACGCTACCTTG,0,770689
crpp3,0.1111111111111111,8,8,CCTTCGCCCACCAGACAGTT,0,783697
crpp3,0.1111111111111111,8,8,CCTTCCCATGGGTCGTCGAG,0,787679
crpp3,0.1111111111111111,8,8,CCTGCTCGTTGGCAGTGCGC,0,780505
crpp3,0.1111111111111111,8,8,CCTGCATATGCACCCGAATC,0,785934
crpp3,0.1111111111111111,8,8,CCTCCGCTTGTTTCTGGGAT,0,761357
crpp3,0.1111111111111111,8,8,CCTAGCCGATATAAGCGTCC,0,785491
crpp3,0.1111111111111111,8,8,CCGCGATGGATAATCTCAAC,0,766472
crpp3,0.1111111111111111,8,8,CCGCCGACGCTCGCCAATTC,0,786866
crpp3,0.1111111111111111,8,8,CCCTGAGGGGCCATGCTACT,0,769787
crpp3,0.1111111111111111,8,8,CCCCAGTGGAATCTTGCATG,0,789048
crpp3,0.1111111111111111,8,8,CCCCAGTCGGAGGCCGGGAT,0,764968
crpp3,0.1111111111111111,8,8,CCCAGTGATCGCGCATCTTG,0,779865
crpp3,0.1111111111111111,8,8,CCCACAGGTTTCACATGGGT,0,776007
crpp3,0.1111111111111111,8,8,CCATATAGTCCTCACTGGCC,0,761158
crpp3,0.1111111111111111,8,8,CCACAAGATACACGAGTGAT,0,785648
crpp3,0.1111111111111111,8,8,CCAACGTCAATTTACTGGAC,0,765547
crpp3,0.1111111111111111,8,8,CATTTTTCACATTACCACGT,0,767992
crpp3,0.1111111111111111,8,8,CATTTTGTGAGAACGCTACT,0,789819
crpp3,0.1111111111111111,8,8,CATTTATCTAGCCAGATCCT,0,773013
crpp3,0.1111111111111111,8,8,CATGTACTCGGACTGTTTGG,0,785677
crpp3,0.1111111111111111,8,8,CATCGTTGTGACGAAGGGAG,0,769402
crpp3,0.1111111111111111,8,8,CATCGACGCGGGAACGCGAC,0,763519
crpp3,0.1111111111111111,8,8,CATCCCCATGATGGCAGTCC,0,761312
crpp3,0.1111111111111111,8,8,CATAGTGAACTAATAACGGT,0,759379
crpp3,0.1111111111111111,8,8,CATACGCAGGCACCTCCCAG,0,788613
crpp3,0.1111111111111111,8,8,CATAAATTGAGTTCCTGATT,0,759852
crpp3,0.1111111111111111,8,8,CAGTCTGTTGTCACAGTAGA,0,784441
crpp3,0.1111111111111111,8,8,CAGGATGATAGTGACACTTA,0,786533
crpp3,0.1111111111111111,8,8,CAGATTTGGGACTCCTGAAA,0,759200
crpp3,0.1111111111111111,8,8,CAGACAGCTAAGCATGGCGA,0,760021
crpp3,0.1111111111111111,8,8,CAGAAAGAGATTCTACTACG,0,783011
crpp3,0.1111111111111111,8,8,CACGTCCCGGGAATGCGTGG,0,782237
crpp3,0.1111111111111111,8,8,CACGCTACCAAAAGATAAGA,0,781601
crpp3,0.1111111111111111,8,8,CACCTGCCCTGGCGATCCGC,0,774693
crpp3,0.1111111111111111,8,8,CACCCCGGTAGGGAGTCAGG,0,784884
crpp3,0.1111111111111111,8,8,CACAGAGAAGATAATCCGGC,0,761195
crpp3,0.1111111111111111,8,8,CAATGTTCCCTAGCCACATA,0,776477
crpp3,0.1111111111111111,8,8,CAATGATAAACAACTCTGCC,0,778827
crpp3,0.1111111111111111,8,8,CAAGCTGTTTTACATAGCGC,0,770158
crpp3,0.1111111111111111,8,8,CAACTGGTTGCTGCTTGCTC,0,785603
crpp3,0.1111111111111111,8,8,CAAATTTCCTCGGTCAGTGA,0,781204
crpp3,0.1111111111111111,8,8,ATTTGCGCTGGTAGCTTTCA,0,783930
crpp3,0.1111111111111111,8,8,ATTGTTGAGCGGTAGCTCTT,0,787571
crpp3,0.1111111111111111,8,8,ATTCTGGGTGTGCACGCAGT,0,765587
crpp3,0.1111111111111111,8,8,ATTATCTTTTGAATATTCGA,0,765979
crpp3,0.1111111111111111,8,8,ATTACTCGAGTAACCGGGTA,0,774016
crpp3,0.1111111111111111,8,8,ATGTTAAGCGTATCCAGGGA,0,771812
crpp3,0.1111111111111111,8,8,ATGTCGCGAGTCGCGACGGT,0,765096
crpp3,0.1111111111111111,8,8,ATGTAGAGCCATTAAAGTCA,0,775406
crpp3,0.1111111111111111,8,8,ATGGCGCTCGACTACGAGGT,0,785004
crpp3,0.1111111111111111,8,8,ATGGCCGGCCACAGCCAAGC,0,781055
crpp3,0.1111111111111111,8,8,ATGCCCTACGACGCTTATGC,0,776628
crpp3,0.1111111111111111,8,8,ATCTAGATAGACCCGTTTTA,0,769188
crpp3,0.1111111111111111,8,8,ATCGTGGTGACGTGTTGTTC,0,762133
crpp3,0.1111111111111111,8,8,ATCGTGCGAGTGCTGCTGTG,0,781769
crpp3,0.1111111111111111,8,8,ATCCTCACATTCCGGTTCAA,0,771854
crpp3,0.1111111111111111,8,8,ATATTAACCCGTGCGGGTGC,0,765851
crpp3,0.1111111111111111,8,8,ATATCTGTCGAGTTATCGTC,0,772618
crpp3,0.1111111111111111,8,8,ATATCGGTCGCAGGCTTGTA,0,790473
crpp3,0.1111111111111111,8,8,ATAGTTGGGCTCGAATGGGA,0,771601
crpp3,0.1111111111111111,8,8,ATAGGACGCCTGCACCTTTA,0,759431
crpp3,0.1111111111111111,8,8,ATAGCACCCCCCCAGCAGCT,0,767227
crpp3,0.1111111111111111,8,8,ATACTGGGATAAGAGACGCG,0,777186
crpp3,0.1111111111111111,8,8,ATACCACTTAGTATTGTTGG,0,788512
crpp3,0.1111111111111111,8,8,ATAAGTACGCATAGGCCTAC,0,787729
crpp3,0.1111111111111111,8,8,ATAAGCTACTTGATGGCCAT,0,788238
crpp3,0.1111111111111111,8,8,ATAAAGTTGTACGGACCCTA,0,765414
crpp3,0.1111111111111111,8,8,AGTTGCATGATGCCAGTAGA,0,759644
crpp3,0.1111111111111111,8,8,AGTTCTCTAGCCATCGTAGT,0,768525
crpp3,0.1111111111111111,8,8,AGTGGTAGCTAAAAAGAGTA,0,758842
crpp3,0.1111111111111111,8,8,AGTGCATCTGGTCGTAAACC,0,770867
crpp3,0.1111111111111111,8,8,AGTCTATGAGTTATTACTAT,0,788804
crpp3,0.1111111111111111,8,8,AGTCTACTTAGGCGAATAGG,0,771015
crpp3,0.1111111111111111,8,8,AGTCCCAAAGATACCATCTC,0,780834
crpp3,0.1111111111111111,8,8,AGTAACCCACAATCTCGCCA,0,775378
crpp3,0.1111111111111111,8,8,AGGTTCCCATGGGGGAATAA,0,763720
crpp3,0.1111111111111111,8,8,AGGTCTCCTCTAATCCTTCA,0,785515
crpp3,0.1111111111111111,8,8,AGGTCCATATGAGGGTAGCC,0,761324
crpp3,0.1111111111111111,8,8,AGGTAGGTGGCGGTATCGCA,0,768545
crpp3,0.1111111111111111,8,8,AGGGTATTCCAAAGAGAAGT,0,770124
crpp3,0.1111111111111111,8,8,AGGCTTGTCGATTGTATCGT,0,763198
crpp3,0.1111111111111111,8,8,AGGCAGCAGGCGTATAAAAT,0,775683
crpp3,0.1111111111111111,8,8,AGGACGCTTCAAGTAGGGTA,0,765610
crpp3,0.1111111111111111,8,8,AGCTCTTCAGTACTGAGGTG,0,783642
crpp3,0.1111111111111111,8,8,AGCTCGGCGTTTGTGCGGGG,0,762257
crpp3,0.1111111111111111,8,8,AGCTCATCGCGTTCTATACT,0,767436
crpp3,0.1111111111111111,8,8,AGCCTTGGTGGTCTTCGACA,0,769137
crpp3,0.1111111111111111,8,8,AGCCAGTCTATGGGTGTGCC,0,776575
crpp3,0.1111111111111111,8,8,AGCAACTTATTGAATTGGGA,0,768270
crpp3,0.1111111111111111,8,8,AGATCCGTACATTCGGTGCA,0,769864
crpp3,0.1111111111111111,8,8,AGAGACGAACAGTTATGATG,0,788890
crpp3,0.1111111111111111,8,8,AGACGTTCCGTGTTTTAGAC,0,762923
crpp3,0.1111111111111111,8,8,AGACGGTCGCCCCGACAAGA,0,758745
crpp3,0.1111111111111111,8,8,AGACGGAGAGTCAGGCACCC,0,761222
crpp3,0.1111111111111111,8,8,AGACCAACACTCCGATAAGA,0,770250
crpp3,0.1111111111111111,8,8,AGAATGATCTCATCTTAAAC,0,776632
crpp3,0.1111111111111111,8,8,AGAACAATAAGAAATCCTTC,0,781339
crpp3,0.1111111111111111,8,8,ACTTTGCTACCAAGGATTTA,0,784344
crpp3,0.1111111111111111,8,8,ACTTTAACCACGAGTGACTC,0,772994
crpp3,0.1111111111111111,8,8,ACTTGCGACCCGAAGTTATC,0,771484
crpp3,0.1111111111111111,8,8,ACTTCGAGTCATTATGACAT,0,764689
crpp3,0.1111111111111111,8,8,ACTGGGGGTTTGCAATCTTG,0,767438
crpp3,0.1111111111111111,8,8,ACTGCGTCCCAGCAAGCGGT,0,780165
crpp3,0.1111111111111111,8,8,ACTAAGCTTGTGTCTCCGGG,0,783536
crpp3,0.1111111111111111,8,8,ACGTTAGGGGAGCAAGTATA,0,780777
crpp3,0.1111111111111111,8,8,ACGTGCGCCCTGTCATTAAT,0,778696
crpp3,0.1111111111111111,8,8,ACGGCGCCTCCACGCCAATC,0,780421
crpp3,0.1111111111111111,8,8,ACGGAACGTACCTCGTTATT,0,762674
crpp3,0.1111111111111111,8,8,ACGCCAAACTCTATTAATTA,0,770018
crpp3,0.1111111111111111,8,8,ACGACAAGAATCCCCGGTTT,0,783755
crpp3,0.1111111111111111,8,8,ACCTTCCACAAGTTTTCCTG,0,779339
crpp3,0.1111111111111111,8,8,ACCTGTGTTTTGCCCCATCC,0,762758
crpp3,0.1111111111111111,8,8,ACCTGCCGCCTTGACTGCTC,0,777273
crpp3,0.1111111111111111,8,8,ACCTGCAGTCAGAGAAATCT,0,772603
crpp3,0.1111111111111111,8,8,ACCTAGCAACTCGAAGGTAT,0,762116
crpp3,0.1111111111111111,8,8,ACCGTGCCGGGACAGAGGTG,0,772958
crpp3,0.1111111111111111,8,8,ACCGCGCCCTAGGGACCACG,0,781116
crpp3,0.1111111111111111,8,8,ACATTCAGTTAAGGCCATTT,0,766774
crpp3,0.1111111111111111,8,8,ACATTACGTAGAGAAATATT,0,767256
crpp3,0.1111111111111111,8,8,ACAGGTGTCCGGGCATCCTG,0,781463
crpp3,0.1111111111111111,8,8,ACAGGGGCGTCAGGGCAGTG,0,777052
crpp3,0.1111111111111111,8,8,ACAGATTGAGCTTGCTCTAG,0,770377
crpp3,0.1111111111111111,8,8,ACACTGGGGTCGGGCGGGAT,0,780270
crpp3,0.1111111111111111,8,8,ACAAGGGACTGTTCGAATTA,0,786166
crpp3,0.1111111111111111,8,8,AATTTACTTAGCCGAGTACC,0,766633
crpp3,0.1111111111111111,8,8,AATTCCAGTCGGGTTGACAT,0,771734
crpp3,0.1111111111111111,8,8,AATGGTTGAGCGCTTTTCTG,0,780515
crpp3,0.1111111111111111,8,8,AAGTTAGCAGACACGGCCAA,0,775135
crpp3,0.1111111111111111,8,8,AAGTCAGCAGTTTCGGCTAG,0,787591
crpp3,0.1111111111111111,8,8,AAGTACAGCTAATAGCAAGT,0,768787
crpp3,0.1111111111111111,8,8,AAGGTTGGCCAGGTCAGGTA,0,777274
crpp3,0.1111111111111111,8,8,AAGGAGTCGGGAGTGTTGGT,0,770151
crpp3,0.1111111111111111,8,8,AAGCGGTACGTTATACTGCA,0,758585
crpp3,0.1111111111111111,8,8,AAGAGGTCTCATGACCGTGT,0,767052
crpp3,0.1111111111111111,8,8,AAGACAGCGCAAGAATGCGA,0,791221
crpp3,0.1111111111111111,8,8,AACTTCGAATGTCCACACAT,0,787432
crpp3,0.1111111111111111,8,8,AACGGGGGTGTTAATGTGCT,0,761901
crpp3,0.1111111111111111,8,8,AACCACGGGGGTGACACGAA,0,785489
crpp3,0.1111111111111111,8,8,AAATGGTATGGGAGCGAATG,0,764629
crpp3,0.1111111111111111,8,8,AAATGAGATTTAGCCGGAAG,0,759716
crpp3,0.1111111111111111,8,8,AAAGATCTCTGGACTCTTCC,0,761812
crpp3,0.1111111111111111,8,8,AAACGAAGGAAGCGCCCCCT,0,789731
crpp3,0.1111111111111111,8,8,AAACATGTGAGCGGCGTCAG,0,774013
crpp3,0.1111111111111111,8,8,AAAAAAGTAGATAAGATAGC,0,776054
crpp3,0.125,7,7,TTTTTCTACTGCCCCTTCAT,0,777460
crpp3,0.125,7,7,TTTTCACAACAAATTCTACT,0,788554
crpp3,0.125,7,7,TTTTAGGCGGGGCCTCGGGA,0,776657
crpp3,0.125,7,7,TTTCATGTGACGTTGCTCAT,0,784640
crpp3,0.125,7,7,TTTATCATCCGTATAGAGCG,0,778336
crpp3,0.125,7,7,TTGTTTTCGGATACCAAAGG,0,770058
crpp3,0.125,7,7,TTGTTTATAGGAGGAGACTC,0,769089
crpp3,0.125,7,7,TTGTGCGCAGTCAAGAGTAA,0,782321
crpp3,0.125,7,7,TTGGTGGAAGTATCGACAGT,0,779270
crpp3,0.125,7,7,TTGGTAGTACGGAGCATGTC,0,781352
crpp3,0.125,7,7,TTGGATCGGAATCTATACCC,0,780746
crpp3,0.125,7,7,TTGGATAAGCGTAACAGATT,0,766015
crpp3,0.125,7,7,TTGGACTCGAGAAAAGGTTA,0,772282
crpp3,0.125,7,7,TTGGAAAGGAGTCGGTTAAA,0,773120
crpp3,0.125,7,7,TTGCTTAAACGGCATCTATA,0,788861
crpp3,0.125,7,7,TTGCGAAGCGTTGGGGATGA,0,768197
crpp3,0.125,7,7,TTGATACAACGGAACTGTAA,0,784530
crpp3,0.125,7,7,TTCGATCGGCACACAAATAT,0,777751
crpp3,0.125,7,7,TTCGAGGGCGTAGACGTAAT,0,759953
crpp3,0.125,7,7,TTCCATCATTTAATTGTTGT,0,772881
crpp3,0.125,7,7,TTCATGGCCCGGTGTATATG,0,771813
crpp3,0.125,7,7,TTCAGGGACGTCCGGTGCTG,0,764088
crpp3,0.125,7,7,TTCAGGCCAAGGCTCAGGGG,0,760210
crpp3,0.125,7,7,TTATGCAAAGCTACTTGCGT,0,771456
crpp3,0.125,7,7,TTAGGTTAGATTGAGAACGG,0,769090
crpp3,0.125,7,7,TTAGGGCAACCCTTACGTAT,0,790656
crpp3,0.125,7,7,TTACTCCCAGGAAGCCGGGT,0,780529
crpp3,0.125,7,7,TTACCGGGGAAATGTCAGCT,0,759019
crpp3,0.125,7,7,TTACCAAACCGTAACGCTTA,0,778271
crpp3,0.125,7,7,TTAATCGCGAAGTAGAACCT,0,762071
crpp3,0.125,7,7,TTAAGAGTTGTTCTCCATTC,0,774001
crpp3,0.125,7,7,TGTTGGGGAAAACGTACAAA,0,764905
crpp3,0.125,7,7,TGTTCTTTCGCGGCCCTATC,0,775641
crpp3,0.125,7,7,TGTGGCCTGGATAAGATCAT,0,780202
crpp3,0.125,7,7,TGTGGCAAGCGGCAGCCAAT,0,764518
crpp3,0.125,7,7,TGTGATCCACAGAGTGCAGA,0,785588
crpp3,0.125,7,7,TGTAGCTGTATAGTACGGGC,0,769584
crpp3,0.125,7,7,TGTAGCATAGGATCCGATGG,0,778508
crpp3,0.125,7,7,TGTACTCCCCCTCAACTATT,0,788039
crpp3,0.125,7,7,TGTAATGTAAGATTGGGGGA,0,775889
crpp3,0.125,7,7,TGGTCCATATGAGGACTCCT,0,774685
crpp3,0.125,7,7,TGGCTCCAAGAGCTTCTTAC,0,770165
crpp3,0.125,7,7,TGGCTCAGCGACCGTGAATC,0,766209
crpp3,0.125,7,7,TGGCCTGTTTGGGAGCCGCG,0,762811
crpp3,0.125,7,7,TGGAACACTCGTCTAACAGG,0,771375
crpp3,0.125,7,7,TGCGTAACTTCTCATATATA,0,777870
crpp3,0.125,7,7,TGCGATTGATGACGCCTCAA,0,785486
crpp3,0.125,7,7,TGCGACAAACCCGTGTTCTT,0,787295
crpp3,0.125,7,7,TGCCTACCAGCGGTACCTGG,0,778983
crpp3,0.125,7,7,TGCCGTCCGTAATTTGGAAT,0,758859
crpp3,0.125,7,7,TGATGAAAACATACTAGATG,0,760403
crpp3,0.125,7,7,TGATCCTTTAGCCGCTTCAG,0,764656
crpp3,0.125,7,7,TGATCCACGAAGTCTGAGTT,0,783044
crpp3,0.125,7,7,TGACGAGGACTTCCTGGTAC,0,765804
crpp3,0.125,7,7,TGAAGTCACGGTAAGGACGA,0,775422
crpp3,0.125,7,7,TGAAAACGCGCTTTAATTGA,0,763960
crpp3,0.125,7,7,TCTTGGGGACCGTTGTTCCT,0,764432
crpp3,0.125,7,7,TCTTGCCACGAACGGCATTT,0,760993
crpp3,0.125,7,7,TCTTCTGGAGTAAACTATTC,0,767779
crpp3,0.125,7,7,TCTTCGCGAGTTAGTAACAC,0,784851
crpp3,0.125,7,7,TCTATAGTGGAAGTTTATGT,0,779443
crpp3,0.125,7,7,TCGTTGGGCTACTCTTCTTA,0,760851
crpp3,0.125,7,7,TCGTCACAAAAACATGTGTC,0,774944
crpp3,0.125,7,7,TCGGGTTCAAGAAGCCCAGG,0,770315
crpp3,0.125,7,7,TCGGCAAGTTAAGCTGATAT,0,765521
crpp3,0.125,7,7,TCGATGACAGCATCGTCGGT,0,763118
crpp3,0.125,7,7,TCGAACGAACGCAAGTGTCG,0,790556
crpp3,0.125,7,7,TCCTTTCATTGCGATACCCA,0,781620
crpp3,0.125,7,7,TCCGCCGCGGCTTGGAGGCG,0,763614
crpp3,0.125,7,7,TCCGCATGATTGCGAGAGAC,0,780745
crpp3,0.125,7,7,TCCCTTATATGGTCCACGAA,0,777117
crpp3,0.125,7,7,TCCCCCGTCCGGTAGCGAGG,0,763478
crpp3,0.125,7,7,TCCATCCTAGCTATAACAAG,0,767544
crpp3,0.125,7,7,TCCAGCTCGTTCTATCAGAT,0,760373
crpp3,0.125,7,7,TCATTGTTAGCACCCGACGT,0,773854
crpp3,0.125,7,7,TCATTAATGAACGATCAGCG,0,784651
crpp3,0.125,7,7,TCATGCTAGGCGTATGAAAG,0,778701
crpp3,0.125,7,7,TCAGGCTAATATGCCACTTT,0,764894
crpp3,0.125,7,7,TCAGATCATTCACTGACCTG,0,763755
crpp3,0.125,7,7,TCAGAATCGTTGATTTGTTA,0,761953
crpp3,0.125,7,7,TCAATAAAGCACCCGCGCGG,0,774043
crpp3,0.125,7,7,TCAAACGCCACTCGTCTGTT,0,777349
crpp3,0.125,7,7,TATTGTTCTACCGTCTGAAA,0,777742
crpp3,0.125,7,7,TATGTAAATTAGTTCCCGCA,0,786709
crpp3,0.125,7,7,TATCTATCAAATGTTATGAA,0,787248
crpp3,0.125,7,7,TAGTGCTCACGGTCTCAGGA,0,760249
crpp3,0.125,7,7,TAGGCCTTAAATGCACACCA,0,787283
crpp3,0.125,7,7,TAGGAGATCTTTAGGCAAAA,0,786242
crpp3,0.125,7,7,TAGACATACGCTACCGGCCA,0,771654
crpp3,0.125,7,7,TACTCCCTAATTGCGAAACG,0,772371
crpp3,0.125,7,7,TACGCCAGGAGTTTGAAACC,0,774444
crpp3,0.125,7,7,TACGACAGTGCCAAAGGCAG,0,784765
crpp3,0.125,7,7,TACCTATCCGTGGTTACATG,0,779670
crpp3,0.125,7,7,TAATATCGGGTGATCATTGA,0,775887
crpp3,0.125,7,7,TAAGCGGATCGCGGGGAAAT,0,773695
crpp3,0.125,7,7,TAAGAGAGGAGGCGGATCGA,0,784155
crpp3,0.125,7,7,TAAGAAGCATGCGTGGAACT,0,789693
crpp3,0.125,7,7,TAACTCGCGTTTCGAACTCA,0,781746
crpp3,0.125,7,7,TAAAGGATATAAAGTAACTG,0,778510
crpp3,0.125,7,7,TAAAGCCATGCGAGCCTAAT,0,771664
crpp3,0.125,7,7,GTTGATTGGCAGCGTTCAGA,0,786102
crpp3,0.125,7,7,GTTGAACTATAGACCCAAGA,0,767820
crpp3,0.125,7,7,GTTCACCTATCGTGACACGC,0,791327
crpp3,0.125,7,7,GTTACAAATTTGGACACCAG,0,782203
crpp3,0.125,7,7,GTTAAACTAAACTCAGCCTC,0,778673
crpp3,0.125,7,7,GTGTCGTTACATGCTTCCTA,0,771709
crpp3,0.125,7,7,GTGGCTGGTAATGGTGATGA,0,788978
crpp3,0.125,7,7,GTCTGCGTACGTTGATTCTT,0,769875
crpp3,0.125,7,7,GTCGTGTTAACATGTATAGC,0,784947
crpp3,0.125,7,7,GTCGGTACATGAAAGGACCG,0,768392
crpp3,0.125,7,7,GTCGGCAGTTATAGCCAGCA,0,762137
crpp3,0.125,7,7,GTCGCGCGGTGAGTTCCTTG,0,770580
crpp3,0.125,7,7,GTCGATCCACTGAACTCTAC,0,783835
crpp3,0.125,7,7,GTCACAGTTCAGGCTGTGGT,0,761630
crpp3,0.125,7,7,GTCACAAATCTTGGTTCAGA,0,785259
crpp3,0.125,7,7,GTATGAGTTAGTTGGTCCCA,0,787451
crpp3,0.125,7,7,GTAGTCAAAACAAAGTAGCT,0,758931
crpp3,0.125,7,7,GTAGTATTGCGCACCGGGCG,0,760453
crpp3,0.125,7,7,GTAGCGCCCGACAACGGCCA,0,769257
crpp3,0.125,7,7,GTAGAACCCTGTTATGGAGA,0,765824
crpp3,0.125,7,7,GTACGAAATGCTATAATGTC,0,791165
crpp3,0.125,7,7,GTACACGGCCACACCTGGCA,0,768389
crpp3,0.125,7,7,GTAATAAAGCCGAGGGATGT,0,788213
crpp3,0.125,7,7,GTAAAACCCTCCATTATGAC,0,784132
crpp3,0.125,7,7,GGTTCGGGGCAACGGGGTCC,0,774047
crpp3,0.125,7,7,GGTGGAAGTATTAATGCGGG,0,784840
crpp3,0.125,7,7,GGTGAGGTGGCTTCGACCCG,0,770509
crpp3,0.125,7,7,GGTAGTCTGTTCTCTGCGGA,0,774530
crpp3,0.125,7,7,GGGTTTGGGCGCTGGCTTAG,0,764975
crpp3,0.125,7,7,GGGTTATCCCTCACTCGAAC,0,768532
crpp3,0.125,7,7,GGGTGGATGGCGAGTCAGAA,0,781025
crpp3,0.125,7,7,GGGTCGTGTATGCGACATTC,0,788773
crpp3,0.125,7,7,GGGGGCGGTATTGCTTGTAG,0,780180
crpp3,0.125,7,7,GGGCCGGTGCCTAAGGCCGT,0,768864
crpp3,0.125,7,7,GGGCCATATGGTAATATCTG,0,764403
crpp3,0.125,7,7,GGCTTTGTGTTCGCTCCGGG,0,773153
crpp3,0.125,7,7,GGCTGGGGATAAGCGTATTG,0,764413
crpp3,0.125,7,7,GGCTCTCTAGCATGCTGATG,0,775729
crpp3,0.125,7,7,GGCTACAGTCCCCGACGCTT,0,786158
crpp3,0.125,7,7,GGCGTGCGAGGCCACTCATG,0,766537
crpp3,0.125,7,7,GGCGGCATTTAGACGTATCC,0,784398
crpp3,0.125,7,7,GGCGCTGAATTCTCAAAATG,0,767420
crpp3,0.125,7,7,GGCGCGCCAATGAGGCCTAG,0,771940
crpp3,0.125,7,7,GGCAGAGCTAGCGATAGTCG,0,790786
crpp3,0.125,7,7,GGCAAATATCGTGGCAAAGA,0,788751
crpp3,0.125,7,7,GGATTGGTTAGATTAAAACG,0,767197
crpp3,0.125,7,7,GGATGTGCCGAGCCCCTTTA,0,769390
crpp3,0.125,7,7,GGATGATCATCTTTGTGACC,0,777819
crpp3,0.125,7,7,GGATCTGTAGAAAAGATTTC,0,779372
crpp3,0.125,7,7,GGACTGACGTTTTCGACTAG,0,779363
crpp3,0.125,7,7,GCTTGCTCGAACACTCTGAT,0,778244
crpp3,0.125,7,7,GCTGATTGTACAAAAAAACT,0,786241
crpp3,0.125,7,7,GCTCGTTTAGCCATTCCTAA,0,780655
crpp3,0.125,7,7,GCGTTCCGCCGCTAAGCTTC,0,771257
crpp3,0.125,7,7,GCGTTCATTTTTTATAAGCG,0,786944
crpp3,0.125,7,7,GCGTGATGTCAGAGTTTAAA,0,766631
crpp3,0.125,7,7,GCGCGAAGTCAGAGTCAGCG,0,789514
crpp3,0.125,7,7,GCGAGATATGTTCCCCTACG,0,779777
crpp3,0.125,7,7,GCCTTAGGGTCCTAGTTTGA,0,774237
crpp3,0.125,7,7,GCCTTAGATGCTGAGGCTTC,0,785859
crpp3,0.125,7,7,GCCGCGCGGCATCATCCCAG,0,763553
crpp3,0.125,7,7,GCCGCAGATTGGTCAGTAGC,0,771443
crpp3,0.125,7,7,GCCCCACTTTTGTATTGAGA,0,760620
crpp3,0.125,7,7,GCCCACAGTGACTCCCTGAG,0,759891
crpp3,0.125,7,7,GCCATGAAGTTCGTCACGAC,0,780028
crpp3,0.125,7,7,GCCAGCGCAACGTGCACAAG,0,775909
crpp3,0.125,7,7,GCCAGACTTCCGTCTGAGCA,0,772040
crpp3,0.125,7,7,GCCACTTTACCCCCCTAAGT,0,760399
crpp3,0.125,7,7,GCCACGTCGTGCGAAATTCT,0,772526
crpp3,0.125,7,7,GCCAATCCGTCGGTTTGAAA,0,787252
crpp3,0.125,7,7,GCATGAGCATCTAGATGACA,0,782185
crpp3,0.125,7,7,GCATCTGTAAGGACTTAAGA,0,789953
crpp3,0.125,7,7,GCATCTAATCCGACTGTGTG,0,782026
crpp3,0.125,7,7,GCATCAACTATGCCTTTTGC,0,771791
crpp3,0.125,7,7,GCAGTTAAATAGGATACAGT,0,766407
crpp3,0.125,7,7,GCAGAGCGGGACCACAACAT,0,789434
crpp3,0.125,7,7,GCACGGACTATGCACGGTTG,0,777504
crpp3,0.125,7,7,GCAACACCATTCCCAACTCA,0,776149
crpp3,0.125,7,7,GATTTATGTCGAATTTGGAG,0,767460
crpp3,0.125,7,7,GATTGTCGTGGACAATGAGT,0,769265
crpp3,0.125,7,7,GATTGATTCTATCATCAGTC,0,786558
crpp3,0.125,7,7,GATTCGTCGTTCACGTGTGA,0,769651
crpp3,0.125,7,7,GATGATGTGGCAATCCCCTT,0,772065
crpp3,0.125,7,7,GATCTAATTCGAACTTCTGT,0,788618
crpp3,0.125,7,7,GATCAGAGGATCCCAGTGAC,0,758947
crpp3,0.125,7,7,GAGTTCAGAGCAAATGGTAC,0,778910
crpp3,0.125,7,7,GAGTGTACTCAACGCGGGCA,0,785389
crpp3,0.125,7,7,GAGTATTATATCGTCTCAAT,0,789305
crpp3,0.125,7,7,GAGGTCTTCAAAACTCCCAG,0,778965
crpp3,0.125,7,7,GAGGTATCCTCGCTTCAGAC,0,784638
crpp3,0.125,7,7,GAGGCGTTACATAATGGATT,0,787962
crpp3,0.125,7,7,GAGATTCAGCACGCCGGGGG,0,761138
crpp3,0.125,7,7,GACTTTTACGCGGTGTGGGG,0,766261
crpp3,0.125,7,7,GACACAAGATCCTGTTATGG,0,777152
crpp3,0.125,7,7,GAATTACTGGGGATTTTGGT,0,776202
crpp3,0.125,7,7,GAATGATCAACCCTTGGAGA,0,760985
crpp3,0.125,7,7,GAATCAACACGTAAAGTAAG,0,770063
crpp3,0.125,7,7,GAAGTTTGGCGGGATTGGGA,0,768427
crpp3,0.125,7,7,GAAGCTTTGTGGAATAATCA,0,772522
crpp3,0.125,7,7,GAAGCTACTCGGAAGGGGCA,0,783724
crpp3,0.125,7,7,GAAGAGCTGAAGTGGGCAAT,0,766210
crpp3,0.125,7,7,GAAAATAAGCGAAATGGTGT,0,790133
crpp3,0.125,7,7,GAAAAGCCTTTCAAATCTTC,0,768714
crpp3,0.125,7,7,CTTTCTTTTTTCGGAATTAA,0,768579
crpp3,0.125,7,7,CTTGTTCACCGCTTATCGAT,0,778199
crpp3,0.125,7,7,CTTAAGCTGCACCAGGGTTC,0,785498
crpp3,0.125,7,7,CTGTGGAGTATACGTTCACT,0,786371
crpp3,0.125,7,7,CTGTGAACGTAAGCAGACCC,0,773426
crpp3,0.125,7,7,CTGGGTCCTATGGGCAATAA,0,779137
crpp3,0.125,7,7,CTGGGGGAGATCAATGAAAT,0,772800
crpp3,0.125,7,7,CTGGGATGCTTTGCCCGTTA,0,783230
crpp3,0.125,7,7,CTCTGTCTGTGTTTCAACGA,0,769880
crpp3,0.125,7,7,CTCTCAGAACCTAATCTTAC,0,771669
crpp3,0.125,7,7,CTCTATAGGATATATAGCAG,0,763552
crpp3,0.125,7,7,CTCGACATGAGTAATTGGCT,0,762739
crpp3,0.125,7,7,CTCACTCCATTGCCTGTACA,0,769587
crpp3,0.125,7,7,CTCAACCGTATTACTACAAA,0,767523
crpp3,0.125,7,7,CTATTATTCTCAGACAGTGG,0,772971
crpp3,0.125,7,7,CTATCTAGGTCATTAGCACG,0,783909
crpp3,0.125,7,7,CTAGAAATACAAGAATGTGT,0,789205
crpp3,0.125,7,7,CTACTCAGACAGTATTGGGA,0,759249
crpp3,0.125,7,7,CTACCTATCTGAGTGCCAAT,0,779327
crpp3,0.125,7,7,CTAATTGTGGATTGGCCACT,0,781196
crpp3,0.125,7,7,CTAATTCCTGAAGGTATCGA,0,781572
crpp3,0.125,7,7,CTAATGTGTCATCGGAATGT,0,775624
crpp3,0.125,7,7,CTAATCCTTTAGCGTAGGGG,0,769614
crpp3,0.125,7,7,CGTTGTCTCAGCTTCAGGAC,0,774968
crpp3,0.125,7,7,CGTTGTCACGGTGCCCTGAT,0,767648
crpp3,0.125,7,7,CGTGTCAAGTGCAAAACCAT,0,760470
crpp3,0.125,7,7,CGTGCTATCCGGAGCGTGAA,0,779790
crpp3,0.125,7,7,CGTGCCTAAGTTGACGCAGT,0,786817
crpp3,0.125,7,7,CGTGCAGGTCGAGCACGCTA,0,763665
crpp3,0.125,7,7,CGTGATAAGACATCTGATCT,0,763815
crpp3,0.125,7,7,CGTCGTAACGATTAAGACGT,0,785686
crpp3,0.125,7,7,CGTACTGGCTCGAGGAACTT,0,787765
crpp3,0.125,7,7,CGGTAGCGCTGAAAAGTATT,0,788521
crpp3,0.125,7,7,CGGTACCATTCTCAGCATTA,0,775968
crpp3,0.125,7,7,CGGGTCACCGGCTCATAAGA,0,764098
crpp3,0.125,7,7,CGGGATCAGTGTGAGACTTC,0,774503
crpp3,0.125,7,7,CGGGAGACCATTTTATATAA,0,764586
crpp3,0.125,7,7,CGGATTGGGTGTTAAGGCAA,0,781585
crpp3,0.125,7,7,CGGATTCTTCCCTATCCTCA,0,771689
crpp3,0.125,7,7,CGGAATTCAAGCCACTGGAA,0,766233
crpp3,0.125,7,7,CGGAATATTTGGCCCTAGTT,0,788094
crpp3,0.125,7,7,CGCTGTTCGTCCCTGGTTAG,0,761725
crpp3,0.125,7,7,CGCTGGAGGAGGATTCCCTA,0,786736
crpp3,0.125,7,7,CGCGCGGTCGATCACACTGG,0,788142
crpp3,0.125,7,7,CGCGAGCACTCAACTGGGCT,0,767949
crpp3,0.125,7,7,CGCCTAGCCCCTCAAGTCTA,0,777693
crpp3,0.125,7,7,CGCAGTCCAGTATCCGCATC,0,789092
crpp3,0.125,7,7,CGCAGCACTTTGAACGTAAT,0,758407
crpp3,0.125,7,7,CGCAAGTTTGAGGCCTCTAA,0,762347
crpp3,0.125,7,7,CGATGGTACGGTGTCTACAT,0,771790
crpp3,0.125,7,7,CGATGCACACCATTCAAGGC,0,764095
crpp3,0.125,7,7,CGAGGCGAAGAGGTACGTAA,0,785879
crpp3,0.125,7,7,CGAGCAATATTCATCGACGT,0,758583
crpp3,0.125,7,7,CGAATGCTGATTCTCACCTA,0,765094
crpp3,0.125,7,7,CCTTTTCGAGAATCAGCAAG,0,791100
crpp3,0.125,7,7,CCTTTGGAATAGGAAAAATC,0,781091
crpp3,0.125,7,7,CCTTTATGTGCCGGCGCACG,0,764407
crpp3,0.125,7,7,CCTTTAGATACAGGCCTTGC,0,759654
crpp3,0.125,7,7,CCTTGGTAGTGGGGATATGT,0,777151
crpp3,0.125,7,7,CCTTCATCTGTCCGGACCGG,0,785149
crpp3,0.125,7,7,CCTTATATTGACCTAATGGA,0,773675
crpp3,0.125,7,7,CCTGTCAAAGTCCGAGGGTC,0,768132
crpp3,0.125,7,7,CCTGCTACGTTACGTGACCC,0,767886
crpp3,0.125,7,7,CCTCTGTTTGTTGCTTCTAT,0,775284
crpp3,0.125,7,7,CCTATTCGTGTGTGCTGGTT,0,762132
crpp3,0.125,7,7,CCTACAGTTCCGATGCCGAG,0,777132
crpp3,0.125,7,7,CCTAATCGCGCCTCGTGGAT,0,791158
crpp3,0.125,7,7,CCGTGCAGGGGGGACTGGGT,0,770975
crpp3,0.125,7,7,CCGGTCCGCAAGTTCCCAGG,0,770666
crpp3,0.125,7,7,CCGGTCACCCGCTCGTGCGT,0,788016
crpp3,0.125,7,7,CCGGGCCATGGCCGGCGAGC,0,783565
crpp3,0.125,7,7,CCGGCATCGTCTTAAAGGAA,0,787400
crpp3,0.125,7,7,CCGGAGTTACATCCAGTGGA,0,770997
crpp3,0.125,7,7,CCGCTCTGCGGGCTGATCCG,0,790432
crpp3,0.125,7,7,CCGCAATCCTCCCACTCCCT,0,786405
crpp3,0.125,7,7,CCGATATGAGGGTTCGAACC,0,763615
crpp3,0.125,7,7,CCGAGGTAGTGTAGGGGGGC,0,786328
crpp3,0.125,7,7,CCCGGTGCGGCCCTTTACGT,0,783002
crpp3,0.125,7,7,CCCGGAGGCCTGGTGCGATT,0,760776
crpp3,0.125,7,7,CCCCAGCTAACAGGCGTGGT,0,758700
crpp3,0.125,7,7,CCCCAATTTATCACGTCAGG,0,780823
crpp3,0.125,7,7,CCCATGAGATCAGTTTGTCT,0,766720
crpp3,0.125,7,7,CCCAGTTACATCCAGCCTAT,0,785717
crpp3,0.125,7,7,CCCACCGTTCAGTATTAGTT,0,760709
crpp3,0.125,7,7,CCATTAACTCTGGCAACTTT,0,775942
crpp3,0.125,7,7,CCAGTCGATGTGGCAAAGAA,0,769168
crpp3,0.125,7,7,CCAGGGCAGTGGGGAGCGAA,0,767463
crpp3,0.125,7,7,CCACGGAAGTAGATGGCCGT,0,773289
crpp3,0.125,7,7,CCACCTGAATCGCGGCAGAT,0,761772
crpp3,0.125,7,7,CCAATTAAGTAGCTTAAAAC,0,777174
crpp3,0.125,7,7,CATTTCCGCTCGGTCCCTTC,0,775379
crpp3,0.125,7,7,CATTCTGCGTGACGACCACG,0,770733
crpp3,0.125,7,7,CATTCGTTTATATGAAACAC,0,784298
crpp3,0.125,7,7,CATTCGTTCCCTGGCTAGAC,0,758680
crpp3,0.125,7,7,CATGCAAGATAAGCTGTGTG,0,785819
crpp3,0.125,7,7,CATCTCTGGGCATGGGTGAG,0,758770
crpp3,0.125,7,7,CATAGGACATATGGCTAATT,0,760484
crpp3,0.125,7,7,CATAGCAAGCGTGGGCGACT,0,786775
crpp3,0.125,7,7,CATAAACAGTAGGGAGGACT,0,773524
crpp3,0.125,7,7,CAGTGGAACATTATGACTGA,0,762906
crpp3,0.125,7,7,CAGGGCCGTCCTGCCAGGCA,0,764579
crpp3,0.125,7,7,CACTGGTGAATATAGATCAT,0,763568
crpp3,0.125,7,7,CACGGTTCAGCAGTAAGTCT,0,791219
crpp3,0.125,7,7,CACCGATCTCGAAGAGCACA,0,769189
crpp3,0.125,7,7,CACATACCTAGGGCGTCAAG,0,770150
crpp3,0.125,7,7,CACAGGTCCGGAGGGTCCAG,0,780143
crpp3,0.125,7,7,CACAGGACTGGCACAATTTG,0,778918
crpp3,0.125,7,7,CAATGTAGAGCGTACCGTGG,0,781253
crpp3,0.125,7,7,CAATGAACACGCGACCATCC,0,788503
crpp3,0.125,7,7,CAATAACGTTATGCGGTAGT,0,790063
crpp3,0.125,7,7,CAACTTTAATCCTTGGTATC,0,775730
crpp3,0.125,7,7,CAACCGTACTGGCCTACCAG,0,773807
crpp3,0.125,7,7,CAACACTTGATCTAGTCGAT,0,776700
crpp3,0.125,7,7,ATTTTGACTCCGCTATAAGG,0,776160
crpp3,0.125,7,7,ATTTGGGGCCTTCGCCTTAC,0,790706
crpp3,0.125,7,7,ATTTCACGTGAACGTGTATA,0,773613
crpp3,0.125,7,7,ATTCAGGGTGGAAGTACCCT,0,777749
crpp3,0.125,7,7,ATTAGCAAAAGTACCATGAA,0,772510
crpp3,0.125,7,7,ATGTTCGGCATAGAACCCTC,0,758413
crpp3,0.125,7,7,ATGTAGATCGCCAGACCAAC,0,769530
crpp3,0.125,7,7,ATGACATGTACTGTTACTAT,0,775575
crpp3,0.125,7,7,ATCTAGTGCCGTTCTAACCA,0,779474
crpp3,0.125,7,7,ATCTAGGGCCCGGTGGGACT,0,769724
crpp3,0.125,7,7,ATCGGTGGTGGGGGCGTATA,0,790109
crpp3,0.125,7,7,ATCGGGCGACACTCCTTGCG,0,777183
crpp3,0.125,7,7,ATCGCTATGGGCATGCGGGA,0,780137
crpp3,0.125,7,7,ATCGACATAGTCGAGGTTGG,0,790297
crpp3,0.125,7,7,ATCCCTCGCTTAGGAATTTC,0,772847
crpp3,0.125,7,7,ATCAGAGTCAACACGACCTG,0,787710
crpp3,0.125,7,7,ATCAATTGATGACCTCAACA,0,768762
crpp3,0.125,7,7,ATCAAGGGCTTTGGACGCAA,0,767662
crpp3,0.125,7,7,ATAGGCACAGTATGCAAGGC,0,779412
crpp3,0.125,7,7,ATAGCTTGTAGGTCGCCTCT,0,785521
crpp3,0.125,7,7,ATACTAATCACATGCGAGTC,0,762721
crpp3,0.125,7,7,ATACGGTACTCAGTGAGTTC,0,775612
crpp3,0.125,7,7,ATACGGTACACAGGCCGCAA,0,785372
crpp3,0.125,7,7,ATACATCCAACTGATAAGCA,0,781576
crpp3,0.125,7,7,ATAATATGAGGGATCATACG,0,767211
crpp3,0.125,7,7,ATAAGCGCTGGCGTCAGCTA,0,789079
crpp3,0.125,7,7,ATAAGATCCGACTACCAACA,0,782558
crpp3,0.125,7,7,ATAAGATATCCTAAGCAGAG,0,770427
crpp3,0.125,7,7,ATAACAGAGATACCGATGTT,0,783889
crpp3,0.125,7,7,ATAAAGAAGCACTATTACAG,0,783105
crpp3,0.125,7,7,AGTTTTGACGCAGATCGGTG,0,781306
crpp3,0.125,7,7,AGTTGGTAATACTGAACGAA,0,771281
crpp3,0.125,7,7,AGTGTGGACGCAAGTGATGA,0,773606
crpp3,0.125,7,7,AGTGGGAAGATGGTTCCGAC,0,788000
crpp3,0.125,7,7,AGTGGCAACTCCCGGTCAGG,0,766814
crpp3,0.125,7,7,AGTGCTTTGGGTGTCATGCT,0,776504
crpp3,0.125,7,7,AGTGACACGAGCGCACACTT,0,781721
crpp3,0.125,7,7,AGTCGTTTCGCTCTGAGGTA,0,783572
crpp3,0.125,7,7,AGTCCCACGGCTAGGAGAAA,0,764317
crpp3,0.125,7,7,AGTCAGGAAGTGGCGCAGAC,0,769481
crpp3,0.125,7,7,AGTAGAATGCCAAGGGTAGT,0,760488
crpp3,0.125,7,7,AGGTGTTTTCGCTCTAATCT,0,767029
crpp3,0.125,7,7,AGGGGAAACTCGTACCGTTA,0,766998
crpp3,0.125,7,7,AGGGAGTCGTCGCTTCAAAC,0,763367
crpp3,0.125,7,7,AGGCGTTGCCGTTATTGAAT,0,789856
crpp3,0.125,7,7,AGGCATCTACACGTTCGGCT,0,772039
crpp3,0.125,7,7,AGGAGTCGCCCCGGCTTGAC,0,773844
crpp3,0.125,7,7,AGGAGAACGGGTACATTTTG,0,788096
crpp3,0.125,7,7,AGGACTCAAGTATGGGATCT,0,762533
crpp3,0.125,7,7,AGCGGATCTTGGTTATATGT,0,781824
crpp3,0.125,7,7,AGCGCAAAAGCAGCTTTGTG,0,777275
crpp3,0.125,7,7,AGCGACTCCGTGTAGCAGAT,0,780835
crpp3,0.125,7,7,AGCCTGCGTATATTTCGTCG,0,773012
crpp3,0.125,7,7,AGCCGTAACAAACTTGGGCT,0,760512
crpp3,0.125,7,7,AGCCGGTCTGTTGTCGGGGG,0,785135
crpp3,0.125,7,7,AGCCAATGGTATAAATTTCT,0,789104
crpp3,0.125,7,7,AGCAGAAACTAGTGCTACGA,0,762237
crpp3,0.125,7,7,AGATTTCCCTCTTGCGGTAA,0,764248
crpp3,0.125,7,7,AGATTGCGCCTGATTCGTGC,0,759395
crpp3,0.125,7,7,AGATTAATCACATCTTGATA,0,765984
crpp3,0.125,7,7,AGATCGCATGTACTCCGCTG,0,764220
crpp3,0.125,7,7,AGATCACAGTTCAATGGGAT,0,785894
crpp3,0.125,7,7,AGAGTGGTGCTTGGAAGATG,0,773338
crpp3,0.125,7,7,AGAGCTATAGTCACACAACA,0,773294
crpp3,0.125,7,7,AGACCTTATACAAATGTGCA,0,764746
crpp3,0.125,7,7,AGACCTACGGTAGCTCCTAG,0,770174
crpp3,0.125,7,7,AGAAGAGTTCTCATTGCATG,0,775852
crpp3,0.125,7,7,AGAAATGAATGGGGGAGTCA,0,785254
crpp3,0.125,7,7,ACTTTCATGGGTAGACAACA,0,788615
crpp3,0.125,7,7,ACTTGGAGCCGTATCATTAG,0,774802
crpp3,0.125,7,7,ACTGTGTCCAGTATGCACGG,0,771138
crpp3,0.125,7,7,ACTGGCACCGGCCTACAATA,0,790220
crpp3,0.125,7,7,ACTGGAAGATGTGTGGTCGG,0,758669
crpp3,0.125,7,7,ACTCACATGGAGAGTGTAGG,0,762092
crpp3,0.125,7,7,ACTAGAGGTATGCCGGGTCT,0,761869
crpp3,0.125,7,7,ACGCTTAAATTGCTCAATGA,0,778552
crpp3,0.125,7,7,ACGATGCTGGGGTGCAATCT,0,770507
crpp3,0.125,7,7,ACGAATCACGTAGGGGCGGT,0,763863
crpp3,0.125,7,7,ACCTTATCTATGCACACCGG,0,782183
crpp3,0.125,7,7,ACCTCAGCATTAAATTCCTC,0,780045
crpp3,0.125,7,7,ACCGGCTTACAGGAGGCAAG,0,775891
crpp3,0.125,7,7,ACCGGCCCAACTCACGATCG,0,788948
crpp3,0.125,7,7,ACCCCCGGGATCCACCCACA,0,768839
crpp3,0.125,7,7,ACCAGCTGATTCGCGGTCGG,0,782122
crpp3,0.125,7,7,ACATCCTGATTTGAATATTG,0,783047
crpp3,0.125,7,7,ACATAGTCAGTGAACATGAA,0,772266
crpp3,0.125,7,7,ACATAGCTGGTGCAGTTTAG,0,764774
crpp3,0.125,7,7,ACAGAGCCCGCCTTACTGCT,0,782696
crpp3,0.125,7,7,ACAGAAGAGCTCGTAAACGG,0,778356
crpp3,0.125,7,7,ACAACTGCCCCGTGACCCGA,0,787483
crpp3,0.125,7,7,ACAACGCACGTACCAAAGCC,0,784870
crpp3,0.125,7,7,AATAGTTCGCAAAATCGTCT,0,786470
crpp3,0.125,7,7,AATAGTATAGGCAATACCAA,0,788578
crpp3,0.125,7,7,AATACTCGCGGGAGTGGGAA,0,789401
crpp3,0.125,7,7,AATAATTCTTCCTACTATTC,0,769825
crpp3,0.125,7,7,AAGGGTCCCACGTAGGGTCG,0,763309
crpp3,0.125,7,7,AAGGCGGTACCTGTAGTATA,0,779478
crpp3,0.125,7,7,AAGGCCGCGTGATATATCGA,0,759883
crpp3,0.125,7,7,AAGGACACGTACAGACAATA,0,769942
crpp3,0.125,7,7,AAGAACTTCTTTTTACAGAT,0,776121
crpp3,0.125,7,7,AACTTATTAAGCTGACCGGT,0,759430
crpp3,0.125,7,7,AACGTAGAAGTGTTTGCGGG,0,779996
crpp3,0.125,7,7,AACGGTGTGTGGACAAGGAT,0,772471
crpp3,0.125,7,7,AACGAAACGGACCATGTTGC,0,768383
crpp3,0.125,7,7,AACCCGTGCACCTTAGGCTT,0,771898
crpp3,0.125,7,7,AACCCGCATTTCGTCAAGTG,0,761433
crpp3,0.125,7,7,AACCCCCATCCACATAGTGA,0,763734
crpp3,0.125,7,7,AACCACTTCTCCAACCAATA,0,785033
crpp3,0.125,7,7,AAATGACGCATCCTCATAAT,0,790095
crpp3,0.125,7,7,AAAGGGTTGTTATTACACAG,0,787777
crpp3,0.125,7,7,AAAGGGACCGTATACAATGG,0,768588
crpp3,0.125,7,7,AAAGCAGGGTTTAAATAGGC,0,789795
crpp3,0.125,7,7,AAAGAGGGCGACCACCGCAT,0,785195
crpp3,0.14285714285714285,6,6,TTTTATCCGTGGAGCGAAAC,0,768463
crpp3,0.14285714285714285,6,6,TTTGCCTGGTGTGCCCCACC,0,763662
crpp3,0.14285714285714285,6,6,TTTCTGTGCCTACATATGCT,0,780550
crpp3,0.14285714285714285,6,6,TTTCGTGGAACACAAAGGGC,0,772644
crpp3,0.14285714285714285,6,6,TTTCATAAAAGCCGGCGGCA,0,763786
crpp3,0.14285714285714285,6,6,TTTCAAGAGCTTTGAGATGC,0,786392
crpp3,0.14285714285714285,6,6,TTGTGTCTTTCAGCTCATTA,0,763311
crpp3,0.14285714285714285,6,6,TTGTGACTTGAAAGCGGAAG,0,762797
crpp3,0.14285714285714285,6,6,TTGGATTATCAGATTTATTC,0,764973
crpp3,0.14285714285714285,6,6,TTGGAAGACTGACGCTCCTG,0,769582
crpp3,0.14285714285714285,6,6,TTGCAGGCCTGGCGAACGGA,0,760262
crpp3,0.14285714285714285,6,6,TTCTTTTCGCTGGACAGAGA,0,784443
crpp3,0.14285714285714285,6,6,TTCTTACCCCTTCACGACTG,0,761225
crpp3,0.14285714285714285,6,6,TTCTGGGATTGCCTGCAATT,0,772806
crpp3,0.14285714285714285,6,6,TTCGCGAAGGTAAAAGGACG,0,768519
crpp3,0.14285714285714285,6,6,TTCGCCCCGTACACACAACG,0,780802
crpp3,0.14285714285714285,6,6,TTCGCCAGCGGCTCCCCGAC,0,789422
crpp3,0.14285714285714285,6,6,TTCCTCAGCGGAGTTGTACA,0,764790
crpp3,0.14285714285714285,6,6,TTCCGTTTATCGGCGAAGAA,0,785838
crpp3,0.14285714285714285,6,6,TTCATGTAGCCTCTTCACGA,0,788147
crpp3,0.14285714285714285,6,6,TTATAGTTGTGATACAGGGT,0,767312
crpp3,0.14285714285714285,6,6,TTATAACTGGGAGTTGGTGT,0,764119
crpp3,0.14285714285714285,6,6,TTAGTGTCTTCTTTACCCTG,0,761471
crpp3,0.14285714285714285,6,6,TTAGCTGCGAGCTCCTCTGC,0,770071
crpp3,0.14285714285714285,6,6,TTACTGACGCACGGGGTCCG,0,775163
crpp3,0.14285714285714285,6,6,TTAAGGGACAGCAATTACGC,0,773477
crpp3,0.14285714285714285,6,6,TTAACCATGTCTTAGCCAAA,0,783549
crpp3,0.14285714285714285,6,6,TGTTCGCTCGTTTGTGATAC,0,785410
crpp3,0.14285714285714285,6,6,TGTTATCGCGCAGGTTGCTG,0,774019
crpp3,0.14285714285714285,6,6,TGTGTCCTTAAAAACTTGAA,0,762970
crpp3,0.14285714285714285,6,6,TGTCGGATGCCGGCTTAAGA,0,791187
crpp3,0.14285714285714285,6,6,TGTCGATTAGTGAACATCTG,0,788139
crpp3,0.14285714285714285,6,6,TGTCCGCGTGGCATACTTCG,0,776417
crpp3,0.14285714285714285,6,6,TGTCAGACGATTGCTGCTCT,0,779617
crpp3,0.14285714285714285,6,6,TGTATAAGCCTGGGTCGGCG,0,771092
crpp3,0.14285714285714285,6,6,TGGTTTGTGGAAGTGATATT,0,761391
crpp3,0.14285714285714285,6,6,TGGTCACTTGCACTGGGTGT,0,779943
crpp3,0.14285714285714285,6,6,TGGTATTTTGAGCATAGTGA,0,790100
crpp3,0.14285714285714285,6,6,TGGTACGACTGTCGCGAAAT,0,772306
crpp3,0.14285714285714285,6,6,TGGGTACGTTTGTTATTGAG,0,771837
crpp3,0.14285714285714285,6,6,TGGGCTCGCCAGGGTAATCG,0,788010
crpp3,0.14285714285714285,6,6,TGGCCAGAAGCTTAAGCTCT,0,762589
crpp3,0.14285714285714285,6,6,TGGATGTGATTAAAAGACAG,0,789141
crpp3,0.14285714285714285,6,6,TGGAGGCCTCATAAAGGAGG,0,790447
crpp3,0.14285714285714285,6,6,TGCTCGGTTTAATCGCCAGT,0,783883
crpp3,0.14285714285714285,6,6,TGCGTTGCCGCATTAGATAA,0,774337
crpp3,0.14285714285714285,6,6,TGCGGCAAATCTGCCATCCC,0,785125
crpp3,0.14285714285714285,6,6,TGCGGAACCCACCACCTTTA,0,775416
crpp3,0.14285714285714285,6,6,TGCCACGATTCCAGTGGCAT,0,769426
crpp3,0.14285714285714285,6,6,TGCACAGCGTACAGGGCTTA,0,777453
crpp3,0.14285714285714285,6,6,TGCACACCAAAGGTACGTCC,0,765403
crpp3,0.14285714285714285,6,6,TGCAAGTTCGCGGCGGAGTA,0,774098
crpp3,0.14285714285714285,6,6,TGATCATAAGGCCGCAATTT,0,762928
crpp3,0.14285714285714285,6,6,TGAGGTAATGCCTTTGAAGA,0,759670
crpp3,0.14285714285714285,6,6,TGAGATGGTTTGGGAAAAAG,0,776415
crpp3,0.14285714285714285,6,6,TGACACAACGAAACGCTTCT,0,779394
crpp3,0.14285714285714285,6,6,TGAATGGACCGGGTTCATAA,0,784637
crpp3,0.14285714285714285,6,6,TGAAGCGGGGTTTCCCTTAT,0,786472
crpp3,0.14285714285714285,6,6,TCTTGACCTGATACGGCAAC,0,785779
crpp3,0.14285714285714285,6,6,TCTGTAGTAGAGAGTGATGT,0,788949
crpp3,0.14285714285714285,6,6,TCTGGGTTGCTGACTAAAAT,0,779892
crpp3,0.14285714285714285,6,6,TCTGGGGCATGATTTCACCT,0,785058
crpp3,0.14285714285714285,6,6,TCTGGATAATAAGTTCTGGG,0,780160
crpp3,0.14285714285714285,6,6,TCTGAATAGGATTCTATGTG,0,774586
crpp3,0.14285714285714285,6,6,TCTCTGTTCTCATTCGATAA,0,782577
crpp3,0.14285714285714285,6,6,TCTCGCCCTCGGTTATGACG,0,775276
crpp3,0.14285714285714285,6,6,TCGTCTGCCGAGCATGTATG,0,766008
crpp3,0.14285714285714285,6,6,TCGTACGGTAAGCGGGTACT,0,771550
crpp3,0.14285714285714285,6,6,TCGGTAACTGAGGCAAGGTT,0,761128
crpp3,0.14285714285714285,6,6,TCGGTAAAGATCTGGCCTGT,0,774596
crpp3,0.14285714285714285,6,6,TCGGCATACTAGACGAATCC,0,767912
crpp3,0.14285714285714285,6,6,TCGGATGCAAACAATAGTTG,0,771323
crpp3,0.14285714285714285,6,6,TCGCGCCGCTAAGCAATGCC,0,767696
crpp3,0.14285714285714285,6,6,TCCGTCGGCTGCATTTTCAT,0,763440
crpp3,0.14285714285714285,6,6,TCCCTATGGTGCCCGTGTTA,0,758418
crpp3,0.14285714285714285,6,6,TCCCGCGCGGCTTTTACCCA,0,767439
crpp3,0.14285714285714285,6,6,TCCAGCATATGCAGCTAATG,0,773619
crpp3,0.14285714285714285,6,6,TCCAAGCCATTCTCGTGAGT,0,782678
crpp3,0.14285714285714285,6,6,TCATTTATACCGAACGTGCA,0,778155
crpp3,0.14285714285714285,6,6,TCATGAGACCACCGGGAACC,0,789454
crpp3,0.14285714285714285,6,6,TCACTGCCTAAGCAATGATA,0,771808
crpp3,0.14285714285714285,6,6,TCAAGTTACATTCTGGCATG,0,784895
crpp3,0.14285714285714285,6,6,TATTCGGGCACGTCGGTACT,0,784535
crpp3,0.14285714285714285,6,6,TATTCAATTTGTACGTGGCT,0,771723
crpp3,0.14285714285714285,6,6,TATTAGTTGCGCTTCTTTTC,0,758472
crpp3,0.14285714285714285,6,6,TATGGGCCTCTTAAAAAGTG,0,775183
crpp3,0.14285714285714285,6,6,TATCGTCCGTATTATCTAGC,0,772277
crpp3,0.14285714285714285,6,6,TATAGCCTTATGATTTGACC,0,763836
crpp3,0.14285714285714285,6,6,TATAACTAATATTCGGAAAC,0,761030
crpp3,0.14285714285714285,6,6,TATAAAGCGTCCCCAATTGA,0,766762
crpp3,0.14285714285714285,6,6,TAGGTTGGTGCTGTAGGGGT,0,774416
crpp3,0.14285714285714285,6,6,TAGCCCTAGTGTGACCGAAG,0,788051
crpp3,0.14285714285714285,6,6,TAGAGTCATTCGCCTCCGGT,0,775934
crpp3,0.14285714285714285,6,6,TACTTCGGGGCAGGCAACGC,0,759359
crpp3,0.14285714285714285,6,6,TACTTCGCTAACCCAGTTGC,0,762208
crpp3,0.14285714285714285,6,6,TACTGTTCAAGACTTCCTAG,0,769146
crpp3,0.14285714285714285,6,6,TACTGGTAATACGACATACG,0,788224
crpp3,0.14285714285714285,6,6,TACTGCCATTCACCGAACCC,0,780984
crpp3,0.14285714285714285,6,6,TACTGAGATGGCTCCCGATG,0,782900
crpp3,0.14285714285714285,6,6,TACGGTGCTAAAAAGCGCAG,0,783698
crpp3,0.14285714285714285,6,6,TACGGAGCCTAGCTGGAATA,0,788537
crpp3,0.14285714285714285,6,6,TACGCATTCGAAACATTGGA,0,781156
crpp3,0.14285714285714285,6,6,TACCAGGGTCTCATATCGCG,0,790001
crpp3,0.14285714285714285,6,6,TACCACCGAGCGGAGATCCT,0,780012
crpp3,0.14285714285714285,6,6,TAATGTGAGTTTATGGAGTG,0,784348
crpp3,0.14285714285714285,6,6,TAATGGTTTGGCAAGATGGG,0,784370
crpp3,0.14285714285714285,6,6,TAATGGCCGATGGGGTAATC,0,759435
crpp3,0.14285714285714285,6,6,TAATAGTCCATATGAAGCGT,0,771713
crpp3,0.14285714285714285,6,6,TAACGAGGATGGTCACCTTA,0,767202
crpp3,0.14285714285714285,6,6,TAAATAACCATTCCGGAGCG,0,789018
crpp3,0.14285714285714285,6,6,TAAAGCTCCACAACGTACCC,0,780930
crpp3,0.14285714285714285,6,6,TAAACGGTTGAAGCCAGACG,0,771402
crpp3,0.14285714285714285,6,6,TAAAACGCCAAAGAAAGTAC,0,758759
crpp3,0.14285714285714285,6,6,GTTTTGAACCCAAATAGGGA,0,776627
crpp3,0.14285714285714285,6,6,GTTTTCTCCGCGTTAGCTGA,0,789720
crpp3,0.14285714285714285,6,6,GTTGGTTAGTTAATAATGAA,0,774230
crpp3,0.14285714285714285,6,6,GTTGCTTTAAGGCCGCCACA,0,774899
crpp3,0.14285714285714285,6,6,GTTGAACCGGTGAAACTATT,0,765241
crpp3,0.14285714285714285,6,6,GTTCAGAAGTTCTTTAGACG,0,790045
crpp3,0.14285714285714285,6,6,GTTAATGACTTATCTAAATG,0,781197
crpp3,0.14285714285714285,6,6,GTGTGGGGATACTCGTTAGA,0,785224
crpp3,0.14285714285714285,6,6,GTGTAGCTTCAGCGAAATCT,0,786532
crpp3,0.14285714285714285,6,6,GTGGAAAACGCGAGCCATTT,0,785140
crpp3,0.14285714285714285,6,6,GTGCCTTTACGAAATTTCAT,0,758800
crpp3,0.14285714285714285,6,6,GTGCCGCTCGCTTGATGGTT,0,783598
crpp3,0.14285714285714285,6,6,GTGCCACTGCAGGAAAGGCC,0,765666
crpp3,0.14285714285714285,6,6,GTGATGCCGTCTCGCGGGAA,0,786312
crpp3,0.14285714285714285,6,6,GTCTCGTATCGTAATAACGT,0,791167
crpp3,0.14285714285714285,6,6,GTCTATTTTAAGGAACAACT,0,768141
crpp3,0.14285714285714285,6,6,GTCTAAGCTTCGACAGCCTC,0,768403
crpp3,0.14285714285714285,6,6,GTCGTATGCGCCTCGACTAG,0,781145
crpp3,0.14285714285714285,6,6,GTCGCAATTACTGAGATTCG,0,766893
crpp3,0.14285714285714285,6,6,GTCGAAGGCTACACCCGCGA,0,784098
crpp3,0.14285714285714285,6,6,GTCCTCGAGCCAGACCCATC,0,760287
crpp3,0.14285714285714285,6,6,GTCCGGGAATCTGATACTTC,0,766453
crpp3,0.14285714285714285,6,6,GTCCGACAACAGGAACAAGG,0,781756
crpp3,0.14285714285714285,6,6,GTCCGAATGGTTAGACGTGA,0,774902
crpp3,0.14285714285714285,6,6,GTCATTTGCCTTTGGGGTCT,0,772907
crpp3,0.14285714285714285,6,6,GTCAGTGTATGCAATTCTCG,0,763642
crpp3,0.14285714285714285,6,6,GTCAGCTCTTAAGGGATAGC,0,764787
crpp3,0.14285714285714285,6,6,GTCACATTAGCTGCTTTAAA,0,782061
crpp3,0.14285714285714285,6,6,GTACGCTACTTTTTAAATGC,0,781555
crpp3,0.14285714285714285,6,6,GTACGAATGCGCCGAAAGGG,0,759452
crpp3,0.14285714285714285,6,6,GTAAGGCCTAGCTCCCGACC,0,777774
crpp3,0.14285714285714285,6,6,GTAAAGCAGTATAGCCAATA,0,770173
crpp3,0.14285714285714285,6,6,GGTTATACGTAGTACATCGC,0,790468
crpp3,0.14285714285714285,6,6,GGTGCGAAGGTATTCGAGCA,0,791247
crpp3,0.14285714285714285,6,6,GGTCTGAATAGTATCTCCCA,0,762964
crpp3,0.14285714285714285,6,6,GGTCGGTAATAAACTGTATT,0,776652
crpp3,0.14285714285714285,6,6,GGTCGAATCAGGCTGTCTAC,0,768662
crpp3,0.14285714285714285,6,6,GGTCCACTTATCTCCGCGAG,0,779084
crpp3,0.14285714285714285,6,6,GGTAGTGCTGGGGAACTTCA,0,778921
crpp3,0.14285714285714285,6,6,GGTAAATGTGGTTTGTATGG,0,770762
crpp3,0.14285714285714285,6,6,GGGTTGGCTTTCAATGGGAA,0,775945
crpp3,0.14285714285714285,6,6,GGGTGCTGTCGAAGTCGCCC,0,764227
crpp3,0.14285714285714285,6,6,GGGTCCTTATGACGTGAATT,0,760085
crpp3,0.14285714285714285,6,6,GGGTACTCAAGAGGGCAGGC,0,785219
crpp3,0.14285714285714285,6,6,GGGGTATGTCGAGTAGCCCG,0,770257
crpp3,0.14285714285714285,6,6,GGGGACCACAAGAACTGTCA,0,788638
crpp3,0.14285714285714285,6,6,GGGCGTCCATTAGTTACTCT,0,766397
crpp3,0.14285714285714285,6,6,GGGCACAATACGTCTGGCTA,0,775938
crpp3,0.14285714285714285,6,6,GGGAGTGTCCGTGGGAGCGG,0,774531
crpp3,0.14285714285714285,6,6,GGGAACCGCGCAGGACAACT,0,767444
crpp3,0.14285714285714285,6,6,GGCTCTAGACGAGACCGACA,0,784203
crpp3,0.14285714285714285,6,6,GGCTACTTGAGTACGTGATT,0,774374
crpp3,0.14285714285714285,6,6,GGCGCGCATTAGCCTACCAG,0,765059
crpp3,0.14285714285714285,6,6,GGCGAGCTTCACCCCCACTA,0,758971
crpp3,0.14285714285714285,6,6,GGCCTCTCTCGTTTAGGCCT,0,789937
crpp3,0.14285714285714285,6,6,GGCAATGCCGCTTGCATTTT,0,769405
crpp3,0.14285714285714285,6,6,GGATATACACACAGTATCTT,0,763114
crpp3,0.14285714285714285,6,6,GGATAGTGTTGAGGTTTAAA,0,783905
crpp3,0.14285714285714285,6,6,GGAGTATGGCCGAGCAGTAT,0,775551
crpp3,0.14285714285714285,6,6,GGAGCTTACATGAGCCCAGG,0,775341
crpp3,0.14285714285714285,6,6,GGAGCTAAAAAATTTGCAAC,0,786564
crpp3,0.14285714285714285,6,6,GGACCCACGTCTATGTAAGA,0,767259
crpp3,0.14285714285714285,6,6,GGACATAAACTGATCACAAT,0,787101
crpp3,0.14285714285714285,6,6,GGAAGCGGATCTACGTCCTG,0,776274
crpp3,0.14285714285714285,6,6,GGAAGCAAGGATACCTTTGG,0,768946
crpp3,0.14285714285714285,6,6,GCTTACATGTGGTGATTTGT,0,759451
crpp3,0.14285714285714285,6,6,GCTGCTTACAGTAAGGGTTT,0,771206
crpp3,0.14285714285714285,6,6,GCTCGTTTTTACTCGGTACG,0,759387
crpp3,0.14285714285714285,6,6,GCTATAATGAGGCCGCGGGT,0,769388
crpp3,0.14285714285714285,6,6,GCGTCTTCAGAGCCTTTAAA,0,769152
crpp3,0.14285714285714285,6,6,GCGTAAGAAAGCTCTCACAA,0,778640
crpp3,0.14285714285714285,6,6,GCGAGCATTTCTCTCGATGT,0,778990
crpp3,0.14285714285714285,6,6,GCGAATGCCTAGAACCTCTC,0,759849
crpp3,0.14285714285714285,6,6,GCCTTAATGTACACAAATGT,0,765379
crpp3,0.14285714285714285,6,6,GCCTCAGACATACAAAGTAT,0,777600
crpp3,0.14285714285714285,6,6,GCCAAGGACTACAGCACGAG,0,762345
crpp3,0.14285714285714285,6,6,GCATCAGAGTTAATACTAAT,0,790651
crpp3,0.14285714285714285,6,6,GCATATTAATCCTTCGGATC,0,781170
crpp3,0.14285714285714285,6,6,GCAGCAGGGTGCGATAAGTG,0,778278
crpp3,0.14285714285714285,6,6,GCAGATGGATCCTTGCTTTT,0,775373
crpp3,0.14285714285714285,6,6,GCAGAGTTATAGTTTTTAAA,0,760633
crpp3,0.14285714285714285,6,6,GCACCATGTTACACTCTGGG,0,789265
crpp3,0.14285714285714285,6,6,GCACATAAAGTCTCGGATCA,0,766586
crpp3,0.14285714285714285,6,6,GCAATATTTGTACGAACCGA,0,782121
crpp3,0.14285714285714285,6,6,GCAAGCCAAAGCGCTCTCCG,0,779180
crpp3,0.14285714285714285,6,6,GCAACTATCTGAATCATTTC,0,773246
crpp3,0.14285714285714285,6,6,GCAAAGGACATTACCCGATA,0,767380
crpp3,0.14285714285714285,6,6,GATTCATAGTGTTTTGTATG,0,782401
crpp3,0.14285714285714285,6,6,GATGCTTAAGTTTCCGTGCT,0,777695
crpp3,0.14285714285714285,6,6,GATCTGTCGCACGAACAAAC,0,770028
crpp3,0.14285714285714285,6,6,GATCCGTTGACACGTTGTAT,0,764434
crpp3,0.14285714285714285,6,6,GATCCCCAGAATAGACAGTA,0,768194
crpp3,0.14285714285714285,6,6,GATCAAGGTCCGACGTTCGC,0,780412
crpp3,0.14285714285714285,6,6,GATAGACGGTTCAGGTACAT,0,770103
crpp3,0.14285714285714285,6,6,GAGTCCGGATGACTAAAATC,0,766599
crpp3,0.14285714285714285,6,6,GAGTCCCGGAGGCGGTGTTG,0,783397
crpp3,0.14285714285714285,6,6,GAGGCAGCGTGAGCATTCCC,0,758798
crpp3,0.14285714285714285,6,6,GAGGAGTGGGTCGAGCGTGC,0,787657
crpp3,0.14285714285714285,6,6,GAGCCCTACTAGAAGGAGGT,0,768895
crpp3,0.14285714285714285,6,6,GAGAGTTGGTACTTACGCGG,0,786599
crpp3,0.14285714285714285,6,6,GAGACTGCGGCTAATCAACG,0,787455
crpp3,0.14285714285714285,6,6,GAGACTCGGTCGAAACTAGA,0,767726
crpp3,0.14285714285714285,6,6,GAGACGGCGCCTAGTGTGCC,0,760427
crpp3,0.14285714285714285,6,6,GACGTTCTCAATTTGGGCGT,0,782825
crpp3,0.14285714285714285,6,6,GACGTCGGGTTGAGCTCTTT,0,762635
crpp3,0.14285714285714285,6,6,GACGAACGTAACTGACCCGA,0,773353
crpp3,0.14285714285714285,6,6,GACCGCTGGGGAAGGTAGCT,0,768168
crpp3,0.14285714285714285,6,6,GACCCGTGAGAGAATTTGCA,0,785347
crpp3,0.14285714285714285,6,6,GACCATTCTGGGCAAAAGGG,0,783673
crpp3,0.14285714285714285,6,6,GACAGGATGCACCGGCTGTA,0,788826
crpp3,0.14285714285714285,6,6,GACAGCCACTGATCGGAGAG,0,775496
crpp3,0.14285714285714285,6,6,GACAGAAAACGGTTAGAGAG,0,787246
crpp3,0.14285714285714285,6,6,GACACGACGGTGGTCCTATT,0,760723
crpp3,0.14285714285714285,6,6,GAATGGGAGGACTAGATAAT,0,759643
crpp3,0.14285714285714285,6,6,GAATAGCTAGGATGCACTTC,0,765120
crpp3,0.14285714285714285,6,6,GAACGCCGCCGCGGAACTTT,0,764637
crpp3,0.14285714285714285,6,6,GAACCCCTCCCGCACTAGAA,0,766006
crpp3,0.14285714285714285,6,6,GAAATTCGCGTTCGGGGAAT,0,764530
crpp3,0.14285714285714285,6,6,GAAACCCATTAGTCTCCTGG,0,776577
crpp3,0.14285714285714285,6,6,GAAAATTGCTCGTCCACTAG,0,762328
crpp3,0.14285714285714285,6,6,CTTTTGCCCATGATATCCCC,0,775970
crpp3,0.14285714285714285,6,6,CTTTCCGGGGCTGCAACCTT,0,767199
crpp3,0.14285714285714285,6,6,CTTGTTCCCTCTCTTCGAGT,0,785699
crpp3,0.14285714285714285,6,6,CTTGGATGCGAGTCATATGA,0,781739
crpp3,0.14285714285714285,6,6,CTTCTTACATTTTCGTGGGA,0,770330
crpp3,0.14285714285714285,6,6,CTTCTGCGAATTTGAAGGAA,0,790372
crpp3,0.14285714285714285,6,6,CTTCGAGGGCACTATCAAGG,0,785857
crpp3,0.14285714285714285,6,6,CTTATACGACTAGGATAGCG,0,771512
crpp3,0.14285714285714285,6,6,CTGGTTTCAGCAGCGCCCGG,0,771785
crpp3,0.14285714285714285,6,6,CTGGTGCGAATGTCTGGCAT,0,774332
crpp3,0.14285714285714285,6,6,CTGGTCCAGGGCCATGTGTG,0,775043
crpp3,0.14285714285714285,6,6,CTGGCTTATTTACACTGGTC,0,772207
crpp3,0.14285714285714285,6,6,CTGATGGATCGTTTTCTACT,0,777076
crpp3,0.14285714285714285,6,6,CTGATCTCCTCGGGCTGGAG,0,771711
crpp3,0.14285714285714285,6,6,CTGATCATCCAGCGTTCACT,0,768817
crpp3,0.14285714285714285,6,6,CTGAGGGAAACTGAGCAGGT,0,768916
crpp3,0.14285714285714285,6,6,CTGACATATTCGCCTAACAC,0,765001
crpp3,0.14285714285714285,6,6,CTCTTCTCCCGGTCTCCTGC,0,773389
crpp3,0.14285714285714285,6,6,CTCTGTTGGATGGGTCAGCA,0,760127
crpp3,0.14285714285714285,6,6,CTCTAGTATGCACAAGGCCT,0,790029
crpp3,0.14285714285714285,6,6,CTCTAATGATACGCGGCTTT,0,771741
crpp3,0.14285714285714285,6,6,CTCAAGAGCAGGGAAGCAGG,0,788831
crpp3,0.14285714285714285,6,6,CTATAGTTAATCGAATATAT,0,790572
crpp3,0.14285714285714285,6,6,CTAGTCTTCGGTATATGACA,0,764097
crpp3,0.14285714285714285,6,6,CTAGGGCGCCACACATTTTG,0,788895
crpp3,0.14285714285714285,6,6,CTAGCGCAGGCTAGCAGAAA,0,781432
crpp3,0.14285714285714285,6,6,CTACGTCGGAGCATGGCCCA,0,771474
crpp3,0.14285714285714285,6,6,CTACGACGTGGCTCGTCACT,0,775389
crpp3,0.14285714285714285,6,6,CTAAAGCCTAGCGGCCGGCA,0,785174
crpp3,0.14285714285714285,6,6,CGTTTACTATTACAGGGGTG,0,790444
crpp3,0.14285714285714285,6,6,CGTTGTATGGCATTATTGCC,0,783078
crpp3,0.14285714285714285,6,6,CGTTGTAAGCCCGCCCCGAA,0,774327
crpp3,0.14285714285714285,6,6,CGTTAAGTACTTACAGGGTC,0,770986
crpp3,0.14285714285714285,6,6,CGTGCGCTTATGCAGGGGAT,0,777808
crpp3,0.14285714285714285,6,6,CGTCCTACCGCCTCTCAAGG,0,770500
crpp3,0.14285714285714285,6,6,CGTACGAAATGCTCAACATC,0,783696
crpp3,0.14285714285714285,6,6,CGGTCTACGCCCGAGCGTAC,0,788759
crpp3,0.14285714285714285,6,6,CGGTCCTATAGTAAAGGTTT,0,786650
crpp3,0.14285714285714285,6,6,CGGTCCGTTACCCTCCGGTG,0,783684
crpp3,0.14285714285714285,6,6,CGGGTACCTCCTTTCTGTGC,0,769182
crpp3,0.14285714285714285,6,6,CGGGCTTAGGGATCGATTAG,0,765758
crpp3,0.14285714285714285,6,6,CGGGCGACATATCCGCACCG,0,776774
crpp3,0.14285714285714285,6,6,CGGCTTCTGACGGTGTAAAC,0,771651
crpp3,0.14285714285714285,6,6,CGGCCGGACGTGCCGGTCTC,0,782063
crpp3,0.14285714285714285,6,6,CGGCCGAGCTCGGTGAGGCG,0,789555
crpp3,0.14285714285714285,6,6,CGGCACTTGAACTAAGGTAC,0,773442
crpp3,0.14285714285714285,6,6,CGGCAAGGCGGATGCCCATC,0,770896
crpp3,0.14285714285714285,6,6,CGGACGTATCTCTTGAATGG,0,787470
crpp3,0.14285714285714285,6,6,CGGACATGCAGACGTGTTGG,0,770045
crpp3,0.14285714285714285,6,6,CGCTTAGATGCCCGCAAGGA,0,782690
crpp3,0.14285714285714285,6,6,CGCGTTGCGCCCACGGCTAA,0,780100
crpp3,0.14285714285714285,6,6,CGCCTCGACTGAATGCTAAG,0,759685
crpp3,0.14285714285714285,6,6,CGCCGCCTGTGCTGGACAAC,0,767640
crpp3,0.14285714285714285,6,6,CGCATGGCTCGCATCATAAT,0,759592
crpp3,0.14285714285714285,6,6,CGCAATACTTTGCACGTCCA,0,780645
crpp3,0.14285714285714285,6,6,CGATTTCAGTCTAGGCGATC,0,776783
crpp3,0.14285714285714285,6,6,CGATAGGAGGTGCAAAAGGC,0,778046
crpp3,0.14285714285714285,6,6,CGAGTATACCTCATTCCGTA,0,782274
crpp3,0.14285714285714285,6,6,CGAGGGATTCAGGTTATTGC,0,780189
crpp3,0.14285714285714285,6,6,CGAGATGCTCTCTGATCAAT,0,779949
crpp3,0.14285714285714285,6,6,CGACGTTGTTTAAACGTGTG,0,774321
crpp3,0.14285714285714285,6,6,CGAATCCACGATGAGATATT,0,763848
crpp3,0.14285714285714285,6,6,CGAAGTAATGTTCCCTTACC,0,762920
crpp3,0.14285714285714285,6,6,CCTTCAGTGATGGAAATGTC,0,770023
crpp3,0.14285714285714285,6,6,CCTTCACGGTATACGGTCTA,0,787991
crpp3,0.14285714285714285,6,6,CCTGGCCGAACCGTATCAGT,0,758605
crpp3,0.14285714285714285,6,6,CCTATCCGGCGGGCGGGGAT,0,768917
crpp3,0.14285714285714285,6,6,CCGTCTTTTATATTAAGACT,0,771049
crpp3,0.14285714285714285,6,6,CCGTAATTAGAAGTGGAACA,0,772449
crpp3,0.14285714285714285,6,6,CCGGTGGCCTGACGTAGATG,0,773511
crpp3,0.14285714285714285,6,6,CCGCGCCTCGTGTCCATTGA,0,780476
crpp3,0.14285714285714285,6,6,CCGACTACCCCGCATTTAAC,0,786776
crpp3,0.14285714285714285,6,6,CCGAATAGCATCAAGACATC,0,778684
crpp3,0.14285714285714285,6,6,CCCTAGTGCTTAAGTCTTGG,0,769491
crpp3,0.14285714285714285,6,6,CCCGAGTGACGGCCTAAGCC,0,760126
crpp3,0.14285714285714285,6,6,CCCCAGATAAGTGGTCCTGC,0,788555
crpp3,0.14285714285714285,6,6,CCCATTTTGTCAGCATCACT,0,780153
crpp3,0.14285714285714285,6,6,CCCAGGACTGGTTATTATAT,0,780844
crpp3,0.14285714285714285,6,6,CCATTGAGTGTCTCTTAAAT,0,761058
crpp3,0.14285714285714285,6,6,CCATGGACGCCTCAAATTCC,0,760363
crpp3,0.14285714285714285,6,6,CCATGCAGTCCCGCATGACG,0,767576
crpp3,0.14285714285714285,6,6,CCAGAAGGGGAGCGATAAGG,0,776476
crpp3,0.14285714285714285,6,6,CCACCTCGGACATTTGGGGT,0,785167
crpp3,0.14285714285714285,6,6,CCAAGGCCTCCAATGCCCTC,0,775732
crpp3,0.14285714285714285,6,6,CATGTCCTTCATGCAACAGG,0,778272
crpp3,0.14285714285714285,6,6,CATGACGGCGTTGGGCCGGT,0,770043
crpp3,0.14285714285714285,6,6,CATCGGGCGTGTCTGCAGGT,0,786618
crpp3,0.14285714285714285,6,6,CATCGGCAGTGCCTCTTCTG,0,774613
crpp3,0.14285714285714285,6,6,CATCCCCAAAGTTAGGAGCT,0,767818
crpp3,0.14285714285714285,6,6,CATATTGCAGGGAGGACTCA,0,763343
crpp3,0.14285714285714285,6,6,CATATAAGAGTCTGCTACCA,0,789606
crpp3,0.14285714285714285,6,6,CAGTCTCAGGACCGCGGTCC,0,767537
crpp3,0.14285714285714285,6,6,CAGGTAAATAAAAAAGCTTT,0,778708
crpp3,0.14285714285714285,6,6,CAGGGATTTTCAATGAAATC,0,761270
crpp3,0.14285714285714285,6,6,CAGGAGTAGGTCCGGTGGAA,0,786237
crpp3,0.14285714285714285,6,6,CAGCTGTGCGCTCCTCTCCG,0,783456
crpp3,0.14285714285714285,6,6,CAGCTAACAAGTACCACGTA,0,787642
crpp3,0.14285714285714285,6,6,CAGCGATTAATCTAGTGTGC,0,775295
crpp3,0.14285714285714285,6,6,CAGCATGTCATCACATAGTT,0,764844
crpp3,0.14285714285714285,6,6,CAGCAAACGCGCAACCAATA,0,762234
crpp3,0.14285714285714285,6,6,CAGAGTTACGGAGACGGCTC,0,788752
crpp3,0.14285714285714285,6,6,CAGAGAATCATGGCTCGCGT,0,771807
crpp3,0.14285714285714285,6,6,CACTTTTGTGTATCACTGGT,0,783914
crpp3,0.14285714285714285,6,6,CACTGCTGGAGATTAGTGAG,0,786985
crpp3,0.14285714285714285,6,6,CACTGCTCCATTCTTGATCT,0,771652
crpp3,0.14285714285714285,6,6,CACGGTCAGCGAGACTGCGA,0,772028
crpp3,0.14285714285714285,6,6,CACGCGCGGAATAATCACCC,0,787450
crpp3,0.14285714285714285,6,6,CACGACTCAGGGCTGCAGGC,0,780795
crpp3,0.14285714285714285,6,6,CACCGATGTACGGACACATT,0,772956
crpp3,0.14285714285714285,6,6,CACATGTCTGGAACACGCAA,0,759597
crpp3,0.14285714285714285,6,6,CACACTTATGGGGGTCACCT,0,759397
crpp3,0.14285714285714285,6,6,CAATGCGGATTTTAACGAAT,0,760260
crpp3,0.14285714285714285,6,6,CAATCTCCTATGGCGACAAT,0,764176
crpp3,0.14285714285714285,6,6,CAAGCTGGAGTCCGCGGCTA,0,772711
crpp3,0.14285714285714285,6,6,CAACTGAAATTAGCGCTCCG,0,788740
crpp3,0.14285714285714285,6,6,CAACCGCTGGAAGTATAGAA,0,771352
crpp3,0.14285714285714285,6,6,CAACAAGGGAACCTCAAAGG,0,781781
crpp3,0.14285714285714285,6,6,ATTTTCCTATCATACCCGGG,0,760758
crpp3,0.14285714285714285,6,6,ATTTGGTCACGGGGTAGCTA,0,771959
crpp3,0.14285714285714285,6,6,ATTTGGTAGATTCTTACTAG,0,772511
crpp3,0.14285714285714285,6,6,ATTTGCTGCGCCAACCGAGC,0,778194
crpp3,0.14285714285714285,6,6,ATTGCATTGAGCCATACTAG,0,789095
crpp3,0.14285714285714285,6,6,ATTGACGTTATTGCTTCTCT,0,784454
crpp3,0.14285714285714285,6,6,ATTCGTTGTGTTGTCCTGCA,0,785356
crpp3,0.14285714285714285,6,6,ATTACACGGACCGCCAACGG,0,763638
crpp3,0.14285714285714285,6,6,ATTAAGAGCGACTCGGCATT,0,771098
crpp3,0.14285714285714285,6,6,ATGTTGTGAGGTCGGACGTT,0,762729
crpp3,0.14285714285714285,6,6,ATGTACTTCTAGTACCCGCA,0,777908
crpp3,0.14285714285714285,6,6,ATGCGTTATGGGTGCCGCTA,0,762981
crpp3,0.14285714285714285,6,6,ATGCCGACCGCCTTCCACTC,0,777923
crpp3,0.14285714285714285,6,6,ATGCAGATTCACAAACGTGG,0,759771
crpp3,0.14285714285714285,6,6,ATGACAATCCGCGCACGATC,0,777585
crpp3,0.14285714285714285,6,6,ATCTTGTCTTAGATACAGCG,0,790597
crpp3,0.14285714285714285,6,6,ATCTGTCCCGAAACTGCAAG,0,759747
crpp3,0.14285714285714285,6,6,ATCGCCACAAGCTGTAACAA,0,767062
crpp3,0.14285714285714285,6,6,ATCGAAAGATAGAATTTGAT,0,785374
crpp3,0.14285714285714285,6,6,ATCCTACCGGTTACTGCCAA,0,768534
crpp3,0.14285714285714285,6,6,ATCCAGAACCAGATAACCCC,0,780924
crpp3,0.14285714285714285,6,6,ATCAGACGGACTTAAGCACT,0,777670
crpp3,0.14285714285714285,6,6,ATCACCGCAATACACATAAT,0,778470
crpp3,0.14285714285714285,6,6,ATCAACAATTTTACGATATG,0,769802
crpp3,0.14285714285714285,6,6,ATCAAACTGCCCTCGAAGTC,0,788167
crpp3,0.14285714285714285,6,6,ATATAGACCTCGCTGGAAAT,0,780990
crpp3,0.14285714285714285,6,6,ATAGTCAAACTTTACCGATG,0,789358
crpp3,0.14285714285714285,6,6,ATAAGCAGTCCTCCGCCTTC,0,784380
crpp3,0.14285714285714285,6,6,AGTTATATGTTGACTAAGTA,0,787935
crpp3,0.14285714285714285,6,6,AGTGCACAGAAGTCGTACTT,0,779665
crpp3,0.14285714285714285,6,6,AGTGAGCCCAGGTATGCTTA,0,763829
crpp3,0.14285714285714285,6,6,AGTCCCCATTGGGCCTAGTT,0,768125
crpp3,0.14285714285714285,6,6,AGTCAATGTACACGTGCAGT,0,779761
crpp3,0.14285714285714285,6,6,AGTATTTGGCACCAATTCTC,0,764552
crpp3,0.14285714285714285,6,6,AGTAGTCGTTTAACGTCTGG,0,770121
crpp3,0.14285714285714285,6,6,AGTACGACCTAAAACACGCA,0,773929
crpp3,0.14285714285714285,6,6,AGTACGACACGAAAAATAGG,0,760534
crpp3,0.14285714285714285,6,6,AGTAAGTCGGGAATAGATAA,0,790125
crpp3,0.14285714285714285,6,6,AGGTTGTAAAACGGCTGGCA,0,777148
crpp3,0.14285714285714285,6,6,AGGGGTTGGATGTCGCAGCA,0,760753
crpp3,0.14285714285714285,6,6,AGGGGTCATTCCGAAACAGG,0,790511
crpp3,0.14285714285714285,6,6,AGGGCCGATACAGAGGTTTC,0,788846
crpp3,0.14285714285714285,6,6,AGGGATTTGTTATAGCATCC,0,784863
crpp3,0.14285714285714285,6,6,AGGGAAGGGTCCTTCCGCCC,0,776721
crpp3,0.14285714285714285,6,6,AGGGAACATTTCATATAGGG,0,773979
crpp3,0.14285714285714285,6,6,AGGCCCGCATATCATACGGT,0,783109
crpp3,0.14285714285714285,6,6,AGCTCCGAGATCTTACTCTC,0,787049
crpp3,0.14285714285714285,6,6,AGCGTTGAAGGTAATCCATA,0,772849
crpp3,0.14285714285714285,6,6,AGCGGGTCAACACGCTCTTT,0,771804
crpp3,0.14285714285714285,6,6,AGCGGCGATTGTGAAACTTC,0,776167
crpp3,0.14285714285714285,6,6,AGCGATAGTCGTAGCTCGAC,0,780856
crpp3,0.14285714285714285,6,6,AGCCTATTCTATGTCTCGGA,0,773498
crpp3,0.14285714285714285,6,6,AGATTTCTCATAATGCAGTT,0,775962
crpp3,0.14285714285714285,6,6,AGATTGGCTCAAGCTCGGCT,0,779680
crpp3,0.14285714285714285,6,6,AGATCTCAGGAAGGCCTGTT,0,778176
crpp3,0.14285714285714285,6,6,AGAGTGAATAACCGCGTAAA,0,765664
crpp3,0.14285714285714285,6,6,AGAGGGCGACACATCGCCCG,0,780801
crpp3,0.14285714285714285,6,6,AGAGCCGCACCTTTATCATA,0,762477
crpp3,0.14285714285714285,6,6,AGAGATGGCATTGAATGCCC,0,778816
crpp3,0.14285714285714285,6,6,AGACTACCCTAAAGGTGGGT,0,773843
crpp3,0.14285714285714285,6,6,AGAAGATCATCTATTGCGAA,0,790642
crpp3,0.14285714285714285,6,6,AGAACATTAACCTTAAATTC,0,762169
crpp3,0.14285714285714285,6,6,AGAAAATGCGGTATGTGATC,0,771282
crpp3,0.14285714285714285,6,6,ACTTAATGCTTGGGGCATAC,0,783993
crpp3,0.14285714285714285,6,6,ACTGTGAAGCTGTAAATGCC,0,782823
crpp3,0.14285714285714285,6,6,ACTGGTATTATGCTGAATAC,0,761779
crpp3,0.14285714285714285,6,6,ACTGCAGGACGATATAGTAT,0,763086
crpp3,0.14285714285714285,6,6,ACTCGTTACGATAATCGTCT,0,764376
crpp3,0.14285714285714285,6,6,ACGTTACTATGAACCCCGAG,0,761590
crpp3,0.14285714285714285,6,6,ACGGTGTCTACCGGGCCATG,0,782083
crpp3,0.14285714285714285,6,6,ACGGGGCCTAAAGTGTGTTT,0,772396
crpp3,0.14285714285714285,6,6,ACGGCGCGACACCGCCTGAT,0,786757
crpp3,0.14285714285714285,6,6,ACGGCAGTTCTAGGCATACT,0,778707
crpp3,0.14285714285714285,6,6,ACGGACAATACAGCCGACAC,0,789537
crpp3,0.14285714285714285,6,6,ACGCGCGCCTCCGGAAAACA,0,772403
crpp3,0.14285714285714285,6,6,ACGCGATTGCGAGAGCCAGC,0,777365
crpp3,0.14285714285714285,6,6,ACGCCACAACTGGTCCCGAC,0,791213
crpp3,0.14285714285714285,6,6,ACGCAGTGGGAGGCAGTGCG,0,772069
crpp3,0.14285714285714285,6,6,ACGCAAGTTGTAGCATCTGC,0,781917
crpp3,0.14285714285714285,6,6,ACGAGGCACCGGCCATCGCC,0,781628
crpp3,0.14285714285714285,6,6,ACGAACGTAGGGTCATCGGC,0,763506
crpp3,0.14285714285714285,6,6,ACGAACACCTTATAGTTCTT,0,786082
crpp3,0.14285714285714285,6,6,ACCTTCAGCCATTGGCTGCG,0,778939
crpp3,0.14285714285714285,6,6,ACCTGTTGTAATGTCCACGA,0,760072
crpp3,0.14285714285714285,6,6,ACCTGCCGTGTCTCTCAGGG,0,784237
crpp3,0.14285714285714285,6,6,ACCGTCGTGCTAGAGACCGT,0,774831
crpp3,0.14285714285714285,6,6,ACCCGGATGTGTGGATAAGT,0,769311
crpp3,0.14285714285714285,6,6,ACCCACGGGGATGACACATT,0,787396
crpp3,0.14285714285714285,6,6,ACCAGATAGTAACCATATAA,0,776057
crpp3,0.14285714285714285,6,6,ACCACCTGGATTGAGCCGTC,0,783158
crpp3,0.14285714285714285,6,6,ACCACCCGTTTTCCTCTTGG,0,773571
crpp3,0.14285714285714285,6,6,ACATGGTGAGTGCGCGGTTG,0,765110
crpp3,0.14285714285714285,6,6,ACATGGCCGTACCATTTTTC,0,775037
crpp3,0.14285714285714285,6,6,ACAGTTACAAGCGGAGCGTC,0,761626
crpp3,0.14285714285714285,6,6,ACAGGGTTCATCTGCTCCGC,0,763792
crpp3,0.14285714285714285,6,6,ACAGGATACTCCTAATTGCG,0,764731
crpp3,0.14285714285714285,6,6,ACAGCGGTTTACGCGGTGGA,0,759895
crpp3,0.14285714285714285,6,6,ACAGCGGGCGGGCGAGGCTT,0,790176
crpp3,0.14285714285714285,6,6,ACACCTAGATATCGGACACA,0,764287
crpp3,0.14285714285714285,6,6,ACACCCATCAGCGAGCTTAC,0,768058
crpp3,0.14285714285714285,6,6,ACAATACAACACCGTGGAGC,0,767238
crpp3,0.14285714285714285,6,6,AATTCTACTCCTGCGTAGAC,0,767240
crpp3,0.14285714285714285,6,6,AATTAGAAAGGGATGTCAGA,0,786019
crpp3,0.14285714285714285,6,6,AATTAACACGGTATCCGGGC,0,780184
crpp3,0.14285714285714285,6,6,AATGTATGCTTAGTTTCTTT,0,762346
crpp3,0.14285714285714285,6,6,AATGTATCGACACATTGCAA,0,779855
crpp3,0.14285714285714285,6,6,AAGTGCGCTAGTTAGTAGTT,0,788941
crpp3,0.14285714285714285,6,6,AAGTAAGTCCAAGGAATTTC,0,761784
crpp3,0.14285714285714285,6,6,AAGCACCCACGTCACCGAGG,0,760788
crpp3,0.14285714285714285,6,6,AAGCACATTACCGTCCCCTA,0,774701
crpp3,0.14285714285714285,6,6,AAGAGTGATGTGCACGTCGT,0,784313
crpp3,0.14285714285714285,6,6,AAGAGAATTCGGGGTGCTCT,0,777801
crpp3,0.14285714285714285,6,6,AAGACAGGCAAATAGAGGTA,0,763270
crpp3,0.14285714285714285,6,6,AAGAATCCACGGCGAAGTCG,0,772254
crpp3,0.14285714285714285,6,6,AACTGGGCTATAGTGTGCGT,0,786972
crpp3,0.14285714285714285,6,6,AACGACAGGTAGCGTCGTTA,0,784285
crpp3,0.14285714285714285,6,6,AACCGCTGTTGTGGGGTGCG,0,761676
crpp3,0.14285714285714285,6,6,AACAGCCGGCAACCAAACTC,0,770643
crpp3,0.14285714285714285,6,6,AAATGCTAGACATTCGCTTT,0,780766
crpp3,0.14285714285714285,6,6,AAATCTGGATGAAGGCGAGC,0,787210
crpp3,0.14285714285714285,6,6,AAATAATCAGACTCGAGGCT,0,761702
crpp3,0.14285714285714285,6,6,AAATAAAGAGCTTTACGGGG,0,765847
crpp3,0.14285714285714285,6,6,AAAGGTGTGCATCTGTTGAG,0,783348
crpp3,0.14285714285714285,6,6,AAAGCTCAGAGTGAACTTGC,0,774048
crpp3,0.14285714285714285,6,6,AAACGCTCAGCGCTATCGGC,0,773768
crpp3,0.14285714285714285,6,6,AAACCTGTATGTGTGCGTCA,0,761180
crpp3,0.16666666666666666,5,5,TTTTTGCCCGCAAGCTAAGT,0,766206
crpp3,0.16666666666666666,5,5,TTTTTATCTACGGGCTTTAC,0,785303
crpp3,0.16666666666666666,5,5,TTTTCGAACTGGCAAATTTT,0,765899
crpp3,0.16666666666666666,5,5,TTTTATGTGAATAACCTGGG,0,774193
crpp3,0.16666666666666666,5,5,TTTTATAGAAGTAGGGAGGC,0,772261
crpp3,0.16666666666666666,5,5,TTTGGGGTTGCACGGCGAAC,0,759483
crpp3,0.16666666666666666,5,5,TTTGGCAATGAGTGCAGGAC,0,776676
crpp3,0.16666666666666666,5,5,TTTGAGTCTCCTGGAATGGC,0,762941
crpp3,0.16666666666666666,5,5,TTTCTCAAGTCAACAGGTCA,0,775939
crpp3,0.16666666666666666,5,5,TTTCGGCTCTAATAACTCCC,0,771048
crpp3,0.16666666666666666,5,5,TTTCCTTGACTGATAGATGG,0,787383
crpp3,0.16666666666666666,5,5,TTTATCTAGTCTCACGTGCG,0,790858
crpp3,0.16666666666666666,5,5,TTTACGATGTCTTTACCTCA,0,760626
crpp3,0.16666666666666666,5,5,TTGTGAAATTTGTGCGCAGA,0,778254
crpp3,0.16666666666666666,5,5,TTGTCCGGTATGCCCTGCCT,0,772400
crpp3,0.16666666666666666,5,5,TTGGTCTGGCCTTATTGCAA,0,779214
crpp3,0.16666666666666666,5,5,TTGCGTAATTTAACTCATTC,0,765834
crpp3,0.16666666666666666,5,5,TTGCCGGCAAGGTAAACAGG,0,785691
crpp3,0.16666666666666666,5,5,TTGCCAAGTATCCCGGGCGA,0,763926
crpp3,0.16666666666666666,5,5,TTGAGCGGCTCATCCGGGAT,0,785893
crpp3,0.16666666666666666,5,5,TTGAGATGGCAATACTTGTC,0,766062
crpp3,0.16666666666666666,5,5,TTCTGATTGCCGTGAAGTCT,0,785039
crpp3,0.16666666666666666,5,5,TTCTCTTCGCTCGACAGATG,0,770123
crpp3,0.16666666666666666,5,5,TTCTCAAAATCTAAAGGGTT,0,766740
crpp3,0.16666666666666666,5,5,TTCTAGGGTAAGAAACGATC,0,771779
crpp3,0.16666666666666666,5,5,TTCGCTTGGTTCCACAGATG,0,772867
crpp3,0.16666666666666666,5,5,TTCATTTTAACTTGTCCATG,0,789630
crpp3,0.16666666666666666,5,5,TTCAGGGCGGTATGTGAGGG,0,790873
crpp3,0.16666666666666666,5,5,TTCACCTGAAGGGATTCTTG,0,767027
crpp3,0.16666666666666666,5,5,TTCACCGTAGGCCTCACACC,0,777626
crpp3,0.16666666666666666,5,5,TTCACAGCGAAACGCACAAT,0,790614
crpp3,0.16666666666666666,5,5,TTCAAGTGTATAAGTCGGTT,0,775382
crpp3,0.16666666666666666,5,5,TTATGTGAGTAAGACGGGGG,0,776548
crpp3,0.16666666666666666,5,5,TTATAACTAGAGAGTAAATT,0,767775
crpp3,0.16666666666666666,5,5,TTACCTCGCCTAGGAATACA,0,777285
crpp3,0.16666666666666666,5,5,TTACAGCCGCAGCGGGATTT,0,772002
crpp3,0.16666666666666666,5,5,TTAACCCTCGAAGCGGAGGG,0,787979
crpp3,0.16666666666666666,5,5,TGTTTTAGATGCTCACAAGA,0,774107
crpp3,0.16666666666666666,5,5,TGTTCTATTGGAACTCTAAT,0,759356
crpp3,0.16666666666666666,5,5,TGTTACTAATCCCAACCGCC,0,767224
crpp3,0.16666666666666666,5,5,TGTGTGTCACCATGAATGCC,0,767736
crpp3,0.16666666666666666,5,5,TGTGGGGTTTAATCCCTTCG,0,772634
crpp3,0.16666666666666666,5,5,TGTGAAACCTTCGAGATCAA,0,766338
crpp3,0.16666666666666666,5,5,TGTCATCTTACGCGAGCACA,0,790435
crpp3,0.16666666666666666,5,5,TGTCAGAATAAGAGGCGACA,0,779781
crpp3,0.16666666666666666,5,5,TGTAGAGATCGTGCACACTC,0,789357
crpp3,0.16666666666666666,5,5,TGTAGACCCTTGGTACTGAC,0,758790
crpp3,0.16666666666666666,5,5,TGTAAGAAAGCCTCAGATTA,0,783929
crpp3,0.16666666666666666,5,5,TGTAACACTTGGTGGTCTCT,0,764839
crpp3,0.16666666666666666,5,5,TGGTGCTTCGTATGGATCTG,0,774081
crpp3,0.16666666666666666,5,5,TGGTGCAGAACAGTCGAACC,0,761289
crpp3,0.16666666666666666,5,5,TGGTCCCGCAATCGTCATTG,0,776815
crpp3,0.16666666666666666,5,5,TGGGGATCGCTCAGCCAAGG,0,764486
crpp3,0.16666666666666666,5,5,TGGCGCTCAAGTCCACAGAT,0,782055
crpp3,0.16666666666666666,5,5,TGGCATTTTGGTATCTAAGG,0,772284
crpp3,0.16666666666666666,5,5,TGGAAGGTCCTAGCAAATAT,0,790214
crpp3,0.16666666666666666,5,5,TGCTTCGGATAACATCGCTA,0,777753
crpp3,0.16666666666666666,5,5,TGCTCGTACAAGATATCCGG,0,773710
crpp3,0.16666666666666666,5,5,TGCGGGTGGTTCCTGGGGAT,0,781123
crpp3,0.16666666666666666,5,5,TGCGGGGGCTAATTGCGATC,0,775336
crpp3,0.16666666666666666,5,5,TGCCGTAAGGAAGGTTTGAT,0,758556
crpp3,0.16666666666666666,5,5,TGCCACGCCAAAGCCTGGTT,0,778111
crpp3,0.16666666666666666,5,5,TGCCAACCGTGACGATGGCA,0,769677
crpp3,0.16666666666666666,5,5,TGCATGCTAAAGGGTACCTT,0,778234
crpp3,0.16666666666666666,5,5,TGCAAGGCACTGTAGAGGAA,0,775580
crpp3,0.16666666666666666,5,5,TGATCATAGAAACTCATCTT,0,760932
crpp3,0.16666666666666666,5,5,TGAGTGGGCTCAGTCCCGCG,0,782271
crpp3,0.16666666666666666,5,5,TGAGTGCCCAATGAGATACT,0,773828
crpp3,0.16666666666666666,5,5,TGAGTATACGGACTTGAAAA,0,777074
crpp3,0.16666666666666666,5,5,TGAGCCACGAGCCTCTTAAG,0,777078
crpp3,0.16666666666666666,5,5,TGAGAGTACTGCCGCATTAT,0,784775
crpp3,0.16666666666666666,5,5,TGACTTTAAGCACCCATTAG,0,773378
crpp3,0.16666666666666666,5,5,TGACAGGAGCGCCCACCCCC,0,759878
crpp3,0.16666666666666666,5,5,TGACAACTTGATGGGGGTCG,0,773067
crpp3,0.16666666666666666,5,5,TGAATAGGGGATTGCAGGTC,0,788332
crpp3,0.16666666666666666,5,5,TGAAGTTCTATTTTTTAGGA,0,764617
crpp3,0.16666666666666666,5,5,TCTTGAGTCGAGTTTACTGC,0,773936
crpp3,0.16666666666666666,5,5,TCTGTGCAGATTGGATATCC,0,778876
crpp3,0.16666666666666666,5,5,TCTGTCCCTTGACGCAGCTG,0,789170
crpp3,0.16666666666666666,5,5,TCTATTGCAGGTTAATCTTG,0,782582
crpp3,0.16666666666666666,5,5,TCTATGCATACGTATGCATC,0,761363
crpp3,0.16666666666666666,5,5,TCTAAGGGCCCACGTTGGGC,0,763684
crpp3,0.16666666666666666,5,5,TCTAAGCCAACGCGGTCCCC,0,772209
crpp3,0.16666666666666666,5,5,TCGTCAGACCAGCGAATATC,0,777086
crpp3,0.16666666666666666,5,5,TCGTACTTTTTTCTAAGTAG,0,776956
crpp3,0.16666666666666666,5,5,TCGGTTACATGTGCGGCGAC,0,782692
crpp3,0.16666666666666666,5,5,TCGGACACTAGAGCGGCAAT,0,770266
crpp3,0.16666666666666666,5,5,TCGCAGGCGGTACCAGTATG,0,763997
crpp3,0.16666666666666666,5,5,TCGAGGGATACGGGATTATT,0,790577
crpp3,0.16666666666666666,5,5,TCGAGAGAACAATTGGGTCC,0,770894
crpp3,0.16666666666666666,5,5,TCGACTTGTTTTGGCAAAGG,0,777903
crpp3,0.16666666666666666,5,5,TCCTTTGCGGCTTAGCGATA,0,761932
crpp3,0.16666666666666666,5,5,TCCTACGTTTATGCCAGCTG,0,790541
crpp3,0.16666666666666666,5,5,TCCTAAGTAGCGGCCATGTG,0,781029
crpp3,0.16666666666666666,5,5,TCCGCGCCGGATCCAACACA,0,783097
crpp3,0.16666666666666666,5,5,TCCGCATTCGCCTTATGACA,0,787610
crpp3,0.16666666666666666,5,5,TCCCGATGACGGTTGGGCGT,0,774340
crpp3,0.16666666666666666,5,5,TCCCGAGACGAGAGCCGCTC,0,778677
crpp3,0.16666666666666666,5,5,TCCCCGTGTCCATATCTTCC,0,764036
crpp3,0.16666666666666666,5,5,TCCCCCGTATCCACAAAGGT,0,777099
crpp3,0.16666666666666666,5,5,TCCATAGAGGTGGAGGACCG,0,769734
crpp3,0.16666666666666666,5,5,TCCAACTATTTACAACACGA,0,774449
crpp3,0.16666666666666666,5,5,TCATGTTTATCTCCTCGAAG,0,762451
crpp3,0.16666666666666666,5,5,TCATCCATCGGTTTTACGCT,0,779942
crpp3,0.16666666666666666,5,5,TCAGCCCACAGCCCGGATAG,0,777979
crpp3,0.16666666666666666,5,5,TCAGCAGTTGCATTGCAATC,0,782884
crpp3,0.16666666666666666,5,5,TCACTCATAGCAACCAGCAG,0,788122
crpp3,0.16666666666666666,5,5,TCACGAGGGACCCACATGGA,0,760572
crpp3,0.16666666666666666,5,5,TCACCTGTCAGTAAGTTATC,0,763962
crpp3,0.16666666666666666,5,5,TCACCTGCAATTACCCCTTG,0,765604
crpp3,0.16666666666666666,5,5,TCACACGGCGGTGCAATACT,0,785065
crpp3,0.16666666666666666,5,5,TCACACAAGGAGGGAGGCGT,0,774311
crpp3,0.16666666666666666,5,5,TCAACTGAACGCCTTGTGCT,0,789331
crpp3,0.16666666666666666,5,5,TCAACCTTGGATTATGTCCG,0,762513
crpp3,0.16666666666666666,5,5,TCAAACTCGGTACAAGGGTC,0,759805
crpp3,0.16666666666666666,5,5,TATTTGTTAACATTGGGGAG,0,766973
crpp3,0.16666666666666666,5,5,TATTCTAGGTTTTAGAAAGC,0,760926
crpp3,0.16666666666666666,5,5,TATGTGGGTCGCCATATGGA,0,776165
crpp3,0.16666666666666666,5,5,TATGTACGCGGTGGGGTGAT,0,779133
crpp3,0.16666666666666666,5,5,TATCTTAGCATTAACCCAGT,0,783157
crpp3,0.16666666666666666,5,5,TATAGAGTTTCCAAATGTTC,0,780840
crpp3,0.16666666666666666,5,5,TATACATGGACGAATCTGCC,0,763666
crpp3,0.16666666666666666,5,5,TATACAGGATCGGACAATAC,0,765571
crpp3,0.16666666666666666,5,5,TAGCGGGTGCCGGTTATCGT,0,766756
crpp3,0.16666666666666666,5,5,TAGCGGAGTGGTTCTAAAAC,0,780048
crpp3,0.16666666666666666,5,5,TAGCCCGGAATAAGTGCACA,0,767022
crpp3,0.16666666666666666,5,5,TAGAACAGTGTCGTCCCGTA,0,759618
crpp3,0.16666666666666666,5,5,TACTTGGGGTTGTTGGGCCT,0,786467
crpp3,0.16666666666666666,5,5,TACGTCCCGACGGTGCCGAC,0,780348
crpp3,0.16666666666666666,5,5,TACGGTTTAACTTGTGAGTG,0,765308
crpp3,0.16666666666666666,5,5,TACGGTACTAGCGTACACAC,0,774136
crpp3,0.16666666666666666,5,5,TACGCAGGCCTATCTCACAC,0,777517
crpp3,0.16666666666666666,5,5,TACCCATCGTATAATTAATA,0,779326
crpp3,0.16666666666666666,5,5,TACAGTAAGCATCGCCTGAA,0,791223
crpp3,0.16666666666666666,5,5,TACAGGACTTTATAATTAAA,0,783042
crpp3,0.16666666666666666,5,5,TAATTCGCCTTCCATGCCAT,0,790918
crpp3,0.16666666666666666,5,5,TAATCTTGACTTGTAGTCCC,0,786151
crpp3,0.16666666666666666,5,5,TAATAATTCAGCTGCGGTGG,0,763003
crpp3,0.16666666666666666,5,5,TAAGTCCTACGTCTTATGTT,0,778802
crpp3,0.16666666666666666,5,5,TAAGGGTGGACGTTCAAAAA,0,786331
crpp3,0.16666666666666666,5,5,TAAGCTACAGGTATTTCCAT,0,776287
crpp3,0.16666666666666666,5,5,TAAGACCTACAGGCTAGGGA,0,777380
crpp3,0.16666666666666666,5,5,TAAAGCTTTGCTCAATGAGG,0,767556
crpp3,0.16666666666666666,5,5,TAAAGACACACCGTTATCAA,0,766405
crpp3,0.16666666666666666,5,5,GTTTGCGGTGATGAAATCGT,0,785433
crpp3,0.16666666666666666,5,5,GTTTCAACAAGCAGTGAAGG,0,764798
crpp3,0.16666666666666666,5,5,GTTTATCGGATAGGGTAGCC,0,763533
crpp3,0.16666666666666666,5,5,GTTTAGGGCATTTTAGCACT,0,771035
crpp3,0.16666666666666666,5,5,GTTGTTCGCTAATCCGCAGA,0,783902
crpp3,0.16666666666666666,5,5,GTTCCCTCTATTTGATCTTT,0,782561
crpp3,0.16666666666666666,5,5,GTTCAGTGGCGAGTGACTAT,0,785216
crpp3,0.16666666666666666,5,5,GTTCAGATGGCACTGAGGCA,0,768386
crpp3,0.16666666666666666,5,5,GTTATGGATATCAGTGGTGC,0,761687
crpp3,0.16666666666666666,5,5,GTTAGTCCGTGATGTAAAGA,0,768447
crpp3,0.16666666666666666,5,5,GTGTGTGAGTCGTGCAATGT,0,770322
crpp3,0.16666666666666666,5,5,GTGGTTAGATGACTTATAAT,0,760428
crpp3,0.16666666666666666,5,5,GTGGTCACGCGGCCATTGAC,0,785493
crpp3,0.16666666666666666,5,5,GTGGTAAAGTGACCAATCGG,0,767901
crpp3,0.16666666666666666,5,5,GTGGGCCAACATAGGGAACT,0,778296
crpp3,0.16666666666666666,5,5,GTGGCAACGAGTCCGTAGCA,0,775322
crpp3,0.16666666666666666,5,5,GTGCGTACCGCGGTCTTCCC,0,759210
crpp3,0.16666666666666666,5,5,GTGAGCTACGTCCCTGCTCC,0,786231
crpp3,0.16666666666666666,5,5,GTGAAGCTCCTCAAGAGATT,0,788775
crpp3,0.16666666666666666,5,5,GTCTTTGTAGAGGGGTGCAC,0,775676
crpp3,0.16666666666666666,5,5,GTCTGGTTTAAGCCAGCATA,0,764177
crpp3,0.16666666666666666,5,5,GTCTAGGAGGAAATATGGGA,0,782403
crpp3,0.16666666666666666,5,5,GTCGTCACCGTATCTAACTA,0,783854
crpp3,0.16666666666666666,5,5,GTCGGCGTGTCAATCTCGGT,0,772818
crpp3,0.16666666666666666,5,5,GTCGCTATGAAGACAGTCAT,0,783838
crpp3,0.16666666666666666,5,5,GTCGAGATCAGGCCCGTCGG,0,784767
crpp3,0.16666666666666666,5,5,GTCGAAGGTTGCTAGTAGGA,0,789034
crpp3,0.16666666666666666,5,5,GTCCGTCTCTTATGAATATA,0,773489
crpp3,0.16666666666666666,5,5,GTCCCGGTCAGGAACTCAAC,0,759751
crpp3,0.16666666666666666,5,5,GTATTAACGACCGAGACTGG,0,777770
crpp3,0.16666666666666666,5,5,GTATAGGTTACTTGCGGGAC,0,772219
crpp3,0.16666666666666666,5,5,GTAGTCTTTTAGTCGGTCGG,0,782284
crpp3,0.16666666666666666,5,5,GTAGGTAGGGTTAGACGATC,0,783289
crpp3,0.16666666666666666,5,5,GTAGGGGCCAGATATTGTAG,0,769108
crpp3,0.16666666666666666,5,5,GTAGGCCATCTCATTCTTTG,0,786284
crpp3,0.16666666666666666,5,5,GTAGGAAAGTAGTATGTAAA,0,772452
crpp3,0.16666666666666666,5,5,GTACAGCTACCAAGGGACCG,0,780955
crpp3,0.16666666666666666,5,5,GTAAATTAGTGTTTCGTATA,0,770523
crpp3,0.16666666666666666,5,5,GTAAATATCGGGATGACTCG,0,768467
crpp3,0.16666666666666666,5,5,GGTTTCACCCGTAATAAAAC,0,775471
crpp3,0.16666666666666666,5,5,GGTTCTATTTGGCGGTAGTG,0,778616
crpp3,0.16666666666666666,5,5,GGTTCGCGTCCGCTCTGAGA,0,762238
crpp3,0.16666666666666666,5,5,GGTGCTTCTCGTGTCACAAT,0,788811
crpp3,0.16666666666666666,5,5,GGTGCGCCTGGCCGTAGACG,0,759035
crpp3,0.16666666666666666,5,5,GGTGAACTAAAGTACCCCAT,0,777792
crpp3,0.16666666666666666,5,5,GGGTTCCTTCCTCCCAGTTC,0,784434
crpp3,0.16666666666666666,5,5,GGGTGATCGTATAAAAGGCT,0,768524
crpp3,0.16666666666666666,5,5,GGGTCACCTAACATTTACAA,0,779880
crpp3,0.16666666666666666,5,5,GGGGGATGATCACCGCAAGA,0,759897
crpp3,0.16666666666666666,5,5,GGGGCAACACCAAGTAAAGA,0,778404
crpp3,0.16666666666666666,5,5,GGGGACCAGCGTTAAAGCTT,0,778458
crpp3,0.16666666666666666,5,5,GGGGAAGCCCACGCGATTTG,0,776954
crpp3,0.16666666666666666,5,5,GGGCTATATTCAGCCCATCC,0,762917
crpp3,0.16666666666666666,5,5,GGGCGCACTGGCAATCAATG,0,788888
crpp3,0.16666666666666666,5,5,GGGCATGCTGTCTTATTTTG,0,778304
crpp3,0.16666666666666666,5,5,GGGATCTCCTCAGAGACAGT,0,768873
crpp3,0.16666666666666666,5,5,GGCTTGGCGTAGTCCGGTCT,0,768328
crpp3,0.16666666666666666,5,5,GGCTGTTACTTGCCTAGAGT,0,771580
crpp3,0.16666666666666666,5,5,GGCGTGTTTGATAGGGCCGA,0,760804
crpp3,0.16666666666666666,5,5,GGCCTAAATGTCGAGAATAC,0,761879
crpp3,0.16666666666666666,5,5,GGCATATTCGCAGCTCCAAA,0,764351
crpp3,0.16666666666666666,5,5,GGCAGCATCGTACAGGCGTA,0,770093
crpp3,0.16666666666666666,5,5,GGCACGTATGTGATTTTTGG,0,770544
crpp3,0.16666666666666666,5,5,GGCAAATTGATAGGCGGGTG,0,760310
crpp3,0.16666666666666666,5,5,GGATGGGTTCGATGGGTCTC,0,772475
crpp3,0.16666666666666666,5,5,GGACTTCAATCGGATTCGCA,0,775112
crpp3,0.16666666666666666,5,5,GGACCTGGTGGCTCACGAAT,0,767894
crpp3,0.16666666666666666,5,5,GGACCACTAGCGTTGAGGTC,0,779058
crpp3,0.16666666666666666,5,5,GGACAGACGTTATTTAGACC,0,783530
crpp3,0.16666666666666666,5,5,GGAATCGAGCATCCGTTGTA,0,783677
crpp3,0.16666666666666666,5,5,GCTTGCTATGCTTAGTGACT,0,786129
crpp3,0.16666666666666666,5,5,GCTTCACATCGCGGCAACAA,0,777713
crpp3,0.16666666666666666,5,5,GCTGCGATTCACTGCGTTGC,0,763595
crpp3,0.16666666666666666,5,5,GCTACGACCTGCAGTGAGCT,0,774875
crpp3,0.16666666666666666,5,5,GCGTTTCCGTGCGCTGGTCT,0,784814
crpp3,0.16666666666666666,5,5,GCGGTGTGCATAAGAATTGC,0,771514
crpp3,0.16666666666666666,5,5,GCGGGTAAGCATGGTTGGGC,0,760927
crpp3,0.16666666666666666,5,5,GCGGATCGGCACAGGGTGAC,0,773169
crpp3,0.16666666666666666,5,5,GCGGAGGCGGTTTAAGGGGA,0,767900
crpp3,0.16666666666666666,5,5,GCGCGCCTTACATTGAAGGA,0,764502
crpp3,0.16666666666666666,5,5,GCGCGAAAGAATCGGAACCT,0,771670
crpp3,0.16666666666666666,5,5,GCGCCGAAATACTCGGACAA,0,779362
crpp3,0.16666666666666666,5,5,GCGATGCAATATCGCACCTG,0,779789
crpp3,0.16666666666666666,5,5,GCGACCCCGGACTCGCGGCT,0,769858
crpp3,0.16666666666666666,5,5,GCGAACACTTGTTGATTAGC,0,790787
crpp3,0.16666666666666666,5,5,GCGAACACGATCCCCCAGAA,0,787316
crpp3,0.16666666666666666,5,5,GCGAAAATCCTCCTCGTATG,0,766810
crpp3,0.16666666666666666,5,5,GCCTGCCTTACTACCAATAA,0,761748
crpp3,0.16666666666666666,5,5,GCCCGGCCTCGAAATCGTCG,0,762259
crpp3,0.16666666666666666,5,5,GCCATTGACAGCCTTATTCT,0,772648
crpp3,0.16666666666666666,5,5,GCCATGGCATGGGGCAAGGC,0,785785
crpp3,0.16666666666666666,5,5,GCCATAGCCTCCGATGTCAC,0,774186
crpp3,0.16666666666666666,5,5,GCCAGGGTATAGAAAGGAGA,0,773339
crpp3,0.16666666666666666,5,5,GCCAAGAGTGACGGTTTGGG,0,774329
crpp3,0.16666666666666666,5,5,GCAGTCGTGCGTGTTTGTTT,0,786378
crpp3,0.16666666666666666,5,5,GCAGCTCGGGGGTGCGTGAA,0,769502
crpp3,0.16666666666666666,5,5,GCAGAAAGCATGACAGATAT,0,773427
crpp3,0.16666666666666666,5,5,GCACGATTGTGGAAGAGGGT,0,764700
crpp3,0.16666666666666666,5,5,GCAATAGTCATATAAACTAT,0,776557
crpp3,0.16666666666666666,5,5,GCAAGTCATGTCACGGGCCA,0,781943
crpp3,0.16666666666666666,5,5,GCAACTCGTTGTGCGACCCA,0,779122
crpp3,0.16666666666666666,5,5,GCAACCCCCCCGGCGTGTGG,0,765949
crpp3,0.16666666666666666,5,5,GATTGAGTATGTTAGGAAGC,0,769966
crpp3,0.16666666666666666,5,5,GATTATGTAACGTCAGAGGG,0,783704
crpp3,0.16666666666666666,5,5,GATGTGGCCAAAGGTATCCG,0,769967
crpp3,0.16666666666666666,5,5,GATGGTATCAGCAGGCGCGT,0,770144
crpp3,0.16666666666666666,5,5,GATGGCTAGTTACGCTAGAT,0,765345
crpp3,0.16666666666666666,5,5,GATGCTATGTTGCATTAGGT,0,767275
crpp3,0.16666666666666666,5,5,GATCGATACAGCGGGAAGAA,0,764805
crpp3,0.16666666666666666,5,5,GATAGGGTGATGGCCTTTAT,0,763693
crpp3,0.16666666666666666,5,5,GATAGCTCTAGCTCCGTTCT,0,789700
crpp3,0.16666666666666666,5,5,GATAGCCCCTACCTCAGTAT,0,779428
crpp3,0.16666666666666666,5,5,GATACGGTTGTAGCTGTTGT,0,790299
crpp3,0.16666666666666666,5,5,GAGTCTGAAATACCCTGGCG,0,778938
crpp3,0.16666666666666666,5,5,GAGTACAGCAAGCGACGGTG,0,758977
crpp3,0.16666666666666666,5,5,GAGGGGTATCTACTAAAGAT,0,766582
crpp3,0.16666666666666666,5,5,GAGCTTGTGTGTCAGATGGG,0,782938
crpp3,0.16666666666666666,5,5,GAGCCGGTCAAGGCCGTGCC,0,777714
crpp3,0.16666666666666666,5,5,GAGAAGATGGAGTCTACAGA,0,786961
crpp3,0.16666666666666666,5,5,GACTTGAAATTTAGCATGCA,0,784469
crpp3,0.16666666666666666,5,5,GACTCTACCAGCAAATCTCA,0,783498
crpp3,0.16666666666666666,5,5,GACCGGAATTTGTGTCGTAT,0,775344
crpp3,0.16666666666666666,5,5,GACCCAACCGCACCCGAGGA,0,776633
crpp3,0.16666666666666666,5,5,GACCAAACTCGGCCCTAAAT,0,778822
crpp3,0.16666666666666666,5,5,GAATGGCCGGCCACTTATAG,0,768191
crpp3,0.16666666666666666,5,5,GAATGCCCCCCTACCTTAAA,0,774826
crpp3,0.16666666666666666,5,5,GAATCGAGGAGAATCGGTAT,0,787424
crpp3,0.16666666666666666,5,5,GAATCATTAACTCAGAAGGG,0,764906
crpp3,0.16666666666666666,5,5,GAATAATCGAGGGGTCCAAA,0,779154
crpp3,0.16666666666666666,5,5,GAAGTCTGACCAGAGTAGCG,0,775592
crpp3,0.16666666666666666,5,5,GAAGGCTGTGATTAGAACGA,0,775339
crpp3,0.16666666666666666,5,5,GAACGAGGTGCCGTTGAGGC,0,779215
crpp3,0.16666666666666666,5,5,GAAAAGATAGGAGACAGGGG,0,779893
crpp3,0.16666666666666666,5,5,CTTTTGTTGGAGTCCGACAA,0,759306
crpp3,0.16666666666666666,5,5,CTTGCGGAATCTAAATTGGA,0,786585
crpp3,0.16666666666666666,5,5,CTTCTTCGGCTTGGACTCTT,0,766538
crpp3,0.16666666666666666,5,5,CTTCTGACGCTCACTCAAAT,0,782780
crpp3,0.16666666666666666,5,5,CTTCGGGCTTAGCCTAGGCA,0,775559
crpp3,0.16666666666666666,5,5,CTTCCTGAGCAAACACCCTC,0,783687
crpp3,0.16666666666666666,5,5,CTTCAGATACCCCTCGGTAG,0,786912
crpp3,0.16666666666666666,5,5,CTTAGTAGTTGGACAAATAC,0,770074
crpp3,0.16666666666666666,5,5,CTGTCGCACTGGTATGATCG,0,780111
crpp3,0.16666666666666666,5,5,CTGTCAGTATTGATCCGTGC,0,764924
crpp3,0.16666666666666666,5,5,CTGTAACGACTTGGGCATAC,0,762937
crpp3,0.16666666666666666,5,5,CTGGTATACACAAAGTACCC,0,776410
crpp3,0.16666666666666666,5,5,CTGGATGGAGTTCAGTCGAA,0,769339
crpp3,0.16666666666666666,5,5,CTGGACGCGGACGATCGGCA,0,759728
crpp3,0.16666666666666666,5,5,CTGCGATAGACACGAGTGGT,0,790097
crpp3,0.16666666666666666,5,5,CTGATACGTACGGAAATAAA,0,764789
crpp3,0.16666666666666666,5,5,CTCGTGAATGTCTGACTGCA,0,788628
crpp3,0.16666666666666666,5,5,CTCGCATGAGAGTACTCCGC,0,759877
crpp3,0.16666666666666666,5,5,CTCCCGGAGGTTCTCCGTTG,0,774373
crpp3,0.16666666666666666,5,5,CTCCACGGTACAAGATTTGG,0,787722
crpp3,0.16666666666666666,5,5,CTCACTTTTTGTAGAGAGTT,0,790467
crpp3,0.16666666666666666,5,5,CTCACAACAAAATCTTTGGG,0,789778
crpp3,0.16666666666666666,5,5,CTATATGCCCGGGGGTACGC,0,780508
crpp3,0.16666666666666666,5,5,CTATAGCTCGTGCTACCATG,0,784375
crpp3,0.16666666666666666,5,5,CTACTTGACTGGAGATAAGA,0,766928
crpp3,0.16666666666666666,5,5,CTACTAGAGTCGCGGCCAGT,0,766042
crpp3,0.16666666666666666,5,5,CTAAGGCTAATCCGAGTGAC,0,772908
crpp3,0.16666666666666666,5,5,CTAAGATGGTGCTCCCTAGC,0,768768
crpp3,0.16666666666666666,5,5,CTAACGGTTATGAGAGTTGT,0,768264
crpp3,0.16666666666666666,5,5,CTAACCGTTTTCGTGTGATT,0,763868
crpp3,0.16666666666666666,5,5,CGTTTGGCCTGTACGCCAAC,0,790953
crpp3,0.16666666666666666,5,5,CGTTGTGTAATGGGCTCCAC,0,789687
crpp3,0.16666666666666666,5,5,CGTTGCCTTGGTGGGGTTGT,0,769261
crpp3,0.16666666666666666,5,5,CGTTAGGGTCACGAGTAGAC,0,767761
crpp3,0.16666666666666666,5,5,CGTCTTACGGTGCTCCTCTA,0,772835
crpp3,0.16666666666666666,5,5,CGTATCACGGGACGGTAAGA,0,773126
crpp3,0.16666666666666666,5,5,CGTAATTCGTCACGTGTACG,0,775570
crpp3,0.16666666666666666,5,5,CGGTCAGGTATCTTTCCGCA,0,786412
crpp3,0.16666666666666666,5,5,CGGTAGCAGGGAGCTTGGGC,0,759800
crpp3,0.16666666666666666,5,5,CGGGATTAGCTATTGACAAG,0,781526
crpp3,0.16666666666666666,5,5,CGGGAGAACCCGCTCGTTGC,0,759768
crpp3,0.16666666666666666,5,5,CGGCGTACCTTACGTCTAAA,0,789024
crpp3,0.16666666666666666,5,5,CGGCGATTGTCATCACTGAG,0,790912
crpp3,0.16666666666666666,5,5,CGGCCGGTATTATCGTGTAC,0,790314
crpp3,0.16666666666666666,5,5,CGGCCGGCCATGAACTTACG,0,777171
crpp3,0.16666666666666666,5,5,CGGCCCCATCTTTGCCTAAA,0,768792
crpp3,0.16666666666666666,5,5,CGGCACATACACACGTGGCT,0,759590
crpp3,0.16666666666666666,5,5,CGGACTCGAATAATAGTATT,0,789057
crpp3,0.16666666666666666,5,5,CGGAACGAAAAGCAGCGTAA,0,771365
crpp3,0.16666666666666666,5,5,CGCTATTCACCAGCTACACA,0,787890
crpp3,0.16666666666666666,5,5,CGCGTTCCTATGAGGTAGGA,0,766244
crpp3,0.16666666666666666,5,5,CGCGTACATTTAACAGGTAG,0,789399
crpp3,0.16666666666666666,5,5,CGCCTGGGACATAATCGGCT,0,760747
crpp3,0.16666666666666666,5,5,CGCCCGTCTCCCATTACCCT,0,761787
crpp3,0.16666666666666666,5,5,CGCATAGATTTTGGTGTATC,0,767553
crpp3,0.16666666666666666,5,5,CGCAGGAGGGGACACTTAGG,0,760025
crpp3,0.16666666666666666,5,5,CGATTCCGCATCCAGTGGCG,0,785800
crpp3,0.16666666666666666,5,5,CGATGATGGTATGCGTCCCC,0,780023
crpp3,0.16666666666666666,5,5,CGATGAACTCAAAATGCTGA,0,764692
crpp3,0.16666666666666666,5,5,CGAGCCGCCGTGTAAAAGCA,0,776870
crpp3,0.16666666666666666,5,5,CGACTTTTCTGACGATTCAA,0,779820
crpp3,0.16666666666666666,5,5,CGACCCGATCTGTTTAAGTT,0,790814
crpp3,0.16666666666666666,5,5,CGACCAAGCTAAATCACCGA,0,767859
crpp3,0.16666666666666666,5,5,CGAATCCGACAATTACGTGC,0,770047
crpp3,0.16666666666666666,5,5,CGAAGTACGCAAGGCTATGT,0,783262
crpp3,0.16666666666666666,5,5,CGAAGGTGTGATTTCCGAAA,0,767090
crpp3,0.16666666666666666,5,5,CCTTCTAGCGCCAAGATAGA,0,778829
crpp3,0.16666666666666666,5,5,CCTTCAACTAAACTAGCTCG,0,777922
crpp3,0.16666666666666666,5,5,CCTGGGTGCGGCTTCACAGC,0,759515
crpp3,0.16666666666666666,5,5,CCTGCCCCTGTCATGTAAGC,0,779857
crpp3,0.16666666666666666,5,5,CCTATTGTACGACAGTGCAG,0,779685
crpp3,0.16666666666666666,5,5,CCTAGTCAATCGCGAGCCGT,0,769723
crpp3,0.16666666666666666,5,5,CCTACGCACTACAGCGTACA,0,785641
crpp3,0.16666666666666666,5,5,CCTAATTTTTAATGTACGGA,0,769588
crpp3,0.16666666666666666,5,5,CCTAACCTTACGGGCACTCG,0,764309
crpp3,0.16666666666666666,5,5,CCGTTTGCGTAACCCGACTT,0,760972
crpp3,0.16666666666666666,5,5,CCGTATCCTCGTATGCCCTA,0,759061
crpp3,0.16666666666666666,5,5,CCGTACCCCACGCGTCACTA,0,786254
crpp3,0.16666666666666666,5,5,CCGGTTGACGATACGTGGTC,0,773703
crpp3,0.16666666666666666,5,5,CCGGTTCTATGGGCAGCTAG,0,778658
crpp3,0.16666666666666666,5,5,CCGGTCCTCATTTGCCATTG,0,779938
crpp3,0.16666666666666666,5,5,CCGGCGTACGATCTTCACGG,0,767929
crpp3,0.16666666666666666,5,5,CCGGCCACTGGCGACAGTCA,0,783155
crpp3,0.16666666666666666,5,5,CCGCTATGCTTCTCTACCAC,0,780456
crpp3,0.16666666666666666,5,5,CCGCTAAGGAGACTACGGTG,0,785142
crpp3,0.16666666666666666,5,5,CCGCCGAGCATCCCCCGCCT,0,765160
crpp3,0.16666666666666666,5,5,CCGATTACCCCACTCGGAGC,0,766037
crpp3,0.16666666666666666,5,5,CCCTGATTGCCGAACGGTAT,0,777509
crpp3,0.16666666666666666,5,5,CCCGCTGCATAACGCGGCAT,0,763040
crpp3,0.16666666666666666,5,5,CCCGCCCACCATTTATCTCT,0,774271
crpp3,0.16666666666666666,5,5,CCCCCCTCAATGAGACCGCT,0,764456
crpp3,0.16666666666666666,5,5,CCCCCCGAATCCAGGGACTT,0,763316
crpp3,0.16666666666666666,5,5,CCCAATGCGGTACATCGCCG,0,782350
crpp3,0.16666666666666666,5,5,CCATGGCTAATGCCCGTTAT,0,760345
crpp3,0.16666666666666666,5,5,CCATCTCCACGCCTGCCTTT,0,778394
crpp3,0.16666666666666666,5,5,CCAGTCTCCATTGTCTCCAA,0,787092
crpp3,0.16666666666666666,5,5,CCAGCGGCATCCCGACGCGT,0,790714
crpp3,0.16666666666666666,5,5,CCAGAACCCCTTATCGCCAA,0,771927
crpp3,0.16666666666666666,5,5,CCACCGTAAAACGCGCGGGG,0,767764
crpp3,0.16666666666666666,5,5,CCAATTCTTTAGACTCTCCG,0,787032
crpp3,0.16666666666666666,5,5,CCAAGCTTATTACTTAGAGA,0,774947
crpp3,0.16666666666666666,5,5,CCAAAATTGGTATGCACCTG,0,783561
crpp3,0.16666666666666666,5,5,CATTGGGTACTGGAACAGCT,0,767329
crpp3,0.16666666666666666,5,5,CATTGAGTGATCCGGAACTG,0,764668
crpp3,0.16666666666666666,5,5,CATGGGCTACGATTGACCAT,0,780328
crpp3,0.16666666666666666,5,5,CATGGCATATAACCCATTAT,0,780415
crpp3,0.16666666666666666,5,5,CATCCCCATGCGCTGCATAT,0,786121
crpp3,0.16666666666666666,5,5,CATATTGACCTTTTCGCTAA,0,764640
crpp3,0.16666666666666666,5,5,CATATCGAGGCCGTTGAGGT,0,764631
crpp3,0.16666666666666666,5,5,CATAGCATTGTGGGTATTGG,0,784778
crpp3,0.16666666666666666,5,5,CATACGAGGCATCTTTGGTC,0,784092
crpp3,0.16666666666666666,5,5,CATAAGGGGTAGCCGCTCTT,0,777611
crpp3,0.16666666666666666,5,5,CAGTTCTTACATTTTTGAGC,0,790795
crpp3,0.16666666666666666,5,5,CAGTTCATTGGCCACGCATA,0,790409
crpp3,0.16666666666666666,5,5,CAGGTGGGACCACCCGCAAT,0,760209
crpp3,0.16666666666666666,5,5,CAGGTAACACTTAGTCAACT,0,761828
crpp3,0.16666666666666666,5,5,CAGCGCAAATTGATAGCAGG,0,762646
crpp3,0.16666666666666666,5,5,CAGCCACAATTGGCATTCTG,0,767674
crpp3,0.16666666666666666,5,5,CAGAGTTGTCCTCACCGAGG,0,764231
crpp3,0.16666666666666666,5,5,CAGACATGAGGTCGGGAGCC,0,774703
crpp3,0.16666666666666666,5,5,CACTTCAGGTATAAACCCGT,0,759858
crpp3,0.16666666666666666,5,5,CACTGGCGCACGCCTTACGA,0,761938
crpp3,0.16666666666666666,5,5,CACTGACACGGGCCAGGGTG,0,765250
crpp3,0.16666666666666666,5,5,CACTCCGGACGTACAGCACG,0,763139
crpp3,0.16666666666666666,5,5,CACTATCGGGTCTCTCATGC,0,769269
crpp3,0.16666666666666666,5,5,CACCTCATCAATTCATGTGT,0,761653
crpp3,0.16666666666666666,5,5,CACCTAGAAAGAATCAGAAC,0,787889
crpp3,0.16666666666666666,5,5,CACCTACGATGTGGTAGGCC,0,768898
crpp3,0.16666666666666666,5,5,CACCCTCTTTGGACTTTTAA,0,788154
crpp3,0.16666666666666666,5,5,CACCCAATTCAACCATAGGT,0,787924
crpp3,0.16666666666666666,5,5,CACATTGGCGAAGGCCATTC,0,770904
crpp3,0.16666666666666666,5,5,CACAGTGTATTAGGGGTGTT,0,768365
crpp3,0.16666666666666666,5,5,CACAAGAGGATAGTAATCGG,0,767898
crpp3,0.16666666666666666,5,5,CAATTAACCAAAACTGGAAC,0,770553
crpp3,0.16666666666666666,5,5,CAATCGCGGCGCGGGGCCAA,0,781579
crpp3,0.16666666666666666,5,5,CAATAAGTGGCGCCGTAATC,0,771625
crpp3,0.16666666666666666,5,5,CAACTAGGTTTCACGTCTTA,0,780561
crpp3,0.16666666666666666,5,5,CAACCCTTACGACCACCGCT,0,774092
crpp3,0.16666666666666666,5,5,CAACCCGACTGCCGGAGTTA,0,788375
crpp3,0.16666666666666666,5,5,CAAAGCACCTAATCCCCGCA,0,759056
crpp3,0.16666666666666666,5,5,CAAAGACATGAACTTCGTAG,0,772450
crpp3,0.16666666666666666,5,5,CAAACTTGAGTTGATCAGAG,0,773162
crpp3,0.16666666666666666,5,5,CAAACATGCGGCAAGTCCAA,0,765626
crpp3,0.16666666666666666,5,5,ATTTTACAGAAAACGGATAA,0,774346
crpp3,0.16666666666666666,5,5,ATTGTATGGAATATAAGTAT,0,779149
crpp3,0.16666666666666666,5,5,ATTGGAAACTTTTTGCCCCG,0,763968
crpp3,0.16666666666666666,5,5,ATTGCAAGCCTGTACATGCA,0,776405
crpp3,0.16666666666666666,5,5,ATTCTGGCCTCGAAGTGGGA,0,768838
crpp3,0.16666666666666666,5,5,ATTCGTGGGTCCTTTCACCT,0,777141
crpp3,0.16666666666666666,5,5,ATTCGCGCATTGGGCCGTGG,0,779782
crpp3,0.16666666666666666,5,5,ATTCCTTAGTTAGTCACTTC,0,764055
crpp3,0.16666666666666666,5,5,ATTCCACGCGGTAAGGAATT,0,766506
crpp3,0.16666666666666666,5,5,ATTATTTCCATCGATGGACA,0,761863
crpp3,0.16666666666666666,5,5,ATTAGGTTTCAACAAAGTCT,0,777832
crpp3,0.16666666666666666,5,5,ATTAGGGGATTCGTTGTTCA,0,774535
crpp3,0.16666666666666666,5,5,ATTACGGTCGCTACCTAATA,0,760506
crpp3,0.16666666666666666,5,5,ATTAAAACGCCCAACGCAAT,0,778745
crpp3,0.16666666666666666,5,5,ATGTTCCAATTATACCACGT,0,766102
crpp3,0.16666666666666666,5,5,ATGTAAGGTTTGGTAGGTCG,0,762322
crpp3,0.16666666666666666,5,5,ATGTAAGCGTGAGGCCAGTT,0,763332
crpp3,0.16666666666666666,5,5,ATGGTTCTGCTGCGGGCACC,0,776304
crpp3,0.16666666666666666,5,5,ATGGTTCACTTTTCGACTGG,0,788316
crpp3,0.16666666666666666,5,5,ATGGCGACTAGTGTACGGAA,0,767527
crpp3,0.16666666666666666,5,5,ATGGCCTTTCCGATTCAGAT,0,790986
crpp3,0.16666666666666666,5,5,ATGGAGACATTTCCACACTG,0,784704
crpp3,0.16666666666666666,5,5,ATGCCTTGCTCTGGGTGAAA,0,779062
crpp3,0.16666666666666666,5,5,ATGATGATGGCTCTTAAAGG,0,774297
crpp3,0.16666666666666666,5,5,ATGATGAGTAACGGCAGGAA,0,774277
crpp3,0.16666666666666666,5,5,ATGATCTGGGTTTCTGCATA,0,774793
crpp3,0.16666666666666666,5,5,ATGAATCTAAGACGCTCTAG,0,763534
crpp3,0.16666666666666666,5,5,ATCTGTATTCCCGACCATCT,0,771794
crpp3,0.16666666666666666,5,5,ATCTGGGGAACAAAAGATTT,0,790433
crpp3,0.16666666666666666,5,5,ATCGGGGAGCGCGGTGCTGA,0,771994
crpp3,0.16666666666666666,5,5,ATCCGTACTGATTTGATAGT,0,765304
crpp3,0.16666666666666666,5,5,ATCCGGTTAAGGATAATTTT,0,773412
crpp3,0.16666666666666666,5,5,ATCCCTACTGGAAGGCCAGC,0,774131
crpp3,0.16666666666666666,5,5,ATCCCGTGCACATTTTCGCG,0,769068
crpp3,0.16666666666666666,5,5,ATCCATGGAGCTACGGGAGG,0,773165
crpp3,0.16666666666666666,5,5,ATCATGTTGTGGATTACCAA,0,759743
crpp3,0.16666666666666666,5,5,ATCACCCGGTCCTTAGGTCT,0,778346
crpp3,0.16666666666666666,5,5,ATCAAGCCGTCCCTACCATT,0,766778
crpp3,0.16666666666666666,5,5,ATCAAATTTGACCTCGGTCA,0,790790
crpp3,0.16666666666666666,5,5,ATATAAATGGCCGGATTGTT,0,773009
crpp3,0.16666666666666666,5,5,ATAGCGATTTGGTTGATCGT,0,764125
crpp3,0.16666666666666666,5,5,ATACGTGTCTTATACCAAAA,0,762422
crpp3,0.16666666666666666,5,5,ATACGTCCTTGACTTGATCA,0,771331
crpp3,0.16666666666666666,5,5,ATAATTGAGCCCTTGGATGT,0,772937
crpp3,0.16666666666666666,5,5,ATAATTCTTAAGGCAAGTAC,0,774698
crpp3,0.16666666666666666,5,5,ATAATCCATGGGATTCCACG,0,768081
crpp3,0.16666666666666666,5,5,ATAATACAATATGAGTGTCA,0,789041
crpp3,0.16666666666666666,5,5,ATAAAGTCCGGCTTCAGGCC,0,772926
crpp3,0.16666666666666666,5,5,AGTTAGAGATCACTCCGGAT,0,775910
crpp3,0.16666666666666666,5,5,AGTGGGATCTAAATCGATAG,0,770827
crpp3,0.16666666666666666,5,5,AGTGCATGTAGGGTGGATGT,0,776063
crpp3,0.16666666666666666,5,5,AGTCTTTTATTCGGTGAGTT,0,765743
crpp3,0.16666666666666666,5,5,AGTCCCCGTCTCGTATACGG,0,770421
crpp3,0.16666666666666666,5,5,AGTCATTCAAAGGTTCACAT,0,769384
crpp3,0.16666666666666666,5,5,AGTCACGTGCCTCTGTCTTG,0,761677
crpp3,0.16666666666666666,5,5,AGTACCGAACCACGACACGC,0,786128
crpp3,0.16666666666666666,5,5,AGTACAATTGCGTCTAGCCT,0,766885
crpp3,0.16666666666666666,5,5,AGTAAATCAGATCCGTATTT,0,788386
crpp3,0.16666666666666666,5,5,AGGTGTGATAATCACGACTA,0,785475
crpp3,0.16666666666666666,5,5,AGGTCCTCTATGGTATAGCT,0,775279
crpp3,0.16666666666666666,5,5,AGGTAGCAGAGCGACAGTTT,0,768623
crpp3,0.16666666666666666,5,5,AGGCCCACTGGCATGACTGT,0,787624
crpp3,0.16666666666666666,5,5,AGGACTGAGCTGTCTCGTAG,0,763184
crpp3,0.16666666666666666,5,5,AGCTGCGGTTTGGTAGAGGA,0,761685
crpp3,0.16666666666666666,5,5,AGCTGAAAATTGTGTGTGGC,0,772026
crpp3,0.16666666666666666,5,5,AGCTCTTGCATGGTTCTAGC,0,763218
crpp3,0.16666666666666666,5,5,AGCTCTATTTGAGCGGAGGA,0,780967
crpp3,0.16666666666666666,5,5,AGCGTACAGAGGTTTTCGCG,0,760055
crpp3,0.16666666666666666,5,5,AGCACGCGAAAATTTGCCCG,0,774603
crpp3,0.16666666666666666,5,5,AGCAAACACTGCATCTCTGC,0,770578
crpp3,0.16666666666666666,5,5,AGATGTGGCACACGAACCTA,0,790857
crpp3,0.16666666666666666,5,5,AGATGCTGTAGGACACGTAC,0,785702
crpp3,0.16666666666666666,5,5,AGATGCGGTAATGTTTCCGT,0,784410
crpp3,0.16666666666666666,5,5,AGATGAAGGTAATGGCTCTT,0,771359
crpp3,0.16666666666666666,5,5,AGACTGCGTCCAACGATCCA,0,762138
crpp3,0.16666666666666666,5,5,AGACCGTTTACGACACGGGT,0,774421
crpp3,0.16666666666666666,5,5,AGACCGAAACAAACAACCGG,0,772230
crpp3,0.16666666666666666,5,5,ACTTTGGTTGCACCGCATGT,0,771482
crpp3,0.16666666666666666,5,5,ACTTTGCTCAGCAATCGTCT,0,779218
crpp3,0.16666666666666666,5,5,ACTTGGAGATGAAACCTATG,0,763459
crpp3,0.16666666666666666,5,5,ACTTGCGTATAGATAATGGA,0,766604
crpp3,0.16666666666666666,5,5,ACTGCACCGACGGGCGGTAC,0,786198
crpp3,0.16666666666666666,5,5,ACTCTGTAGGCCGTCCGCGA,0,780013
crpp3,0.16666666666666666,5,5,ACTACATCGCGGAACGGGAC,0,758667
crpp3,0.16666666666666666,5,5,ACTAATGCCATTCTTGATTT,0,760571
crpp3,0.16666666666666666,5,5,ACTAAGGCCAAGTAGTATAC,0,773581
crpp3,0.16666666666666666,5,5,ACGTTTCACAGTCCTGGAGC,0,766388
crpp3,0.16666666666666666,5,5,ACGTAATCCATATTTTGAAA,0,759968
crpp3,0.16666666666666666,5,5,ACGGTCCTATTATAGTGGGT,0,777218
crpp3,0.16666666666666666,5,5,ACGCTTTATCGCGGTCGCAT,0,761796
crpp3,0.16666666666666666,5,5,ACGCTGCTATGCTTGTAGTC,0,764676
crpp3,0.16666666666666666,5,5,ACGCTACAGTTCAAAAGTGC,0,790358
crpp3,0.16666666666666666,5,5,ACGCGTATTAAGCGTTGGTC,0,773280
crpp3,0.16666666666666666,5,5,ACGCGACCATCTCTGGTTGT,0,761382
crpp3,0.16666666666666666,5,5,ACGCACGGATTTCCATGGGC,0,777243
crpp3,0.16666666666666666,5,5,ACGAGTAGGCTATCGTTTAC,0,775245
crpp3,0.16666666666666666,5,5,ACGAGGTTAAGAGGAATTGC,0,770994
crpp3,0.16666666666666666,5,5,ACGAGGTGTAGTAATAGCTT,0,784917
crpp3,0.16666666666666666,5,5,ACGAAGCGTCAACTTACACC,0,790824
crpp3,0.16666666666666666,5,5,ACCTTCCGCGTCGGAGATCC,0,766204
crpp3,0.16666666666666666,5,5,ACCGTCATATACTCTATTTT,0,759214
crpp3,0.16666666666666666,5,5,ACCAGGACTCGCTGGGCAAC,0,777918
crpp3,0.16666666666666666,5,5,ACCAGATAGTTAGCTTTTAT,0,787995
crpp3,0.16666666666666666,5,5,ACCAAGGCTCCGCAAATGTT,0,787881
crpp3,0.16666666666666666,5,5,ACCAAGCATATACAATACCC,0,779637
crpp3,0.16666666666666666,5,5,ACATGCACCCTAGTGGTCCA,0,783811
crpp3,0.16666666666666666,5,5,ACATCCCCGGACTGATAACT,0,765139
crpp3,0.16666666666666666,5,5,ACATATACATAGCAAAATGG,0,767205
crpp3,0.16666666666666666,5,5,ACAGTTTTCCACCCGACCGT,0,782343
crpp3,0.16666666666666666,5,5,ACAGGCAGGTGGCGCTTCTC,0,759013
crpp3,0.16666666666666666,5,5,ACAGAATAGATTTCGGGGTA,0,778561
crpp3,0.16666666666666666,5,5,ACACTTCCATGTCACGTGGT,0,784622
crpp3,0.16666666666666666,5,5,ACACGACGGTTTACTCACTT,0,764932
crpp3,0.16666666666666666,5,5,ACACACGTAAGACTGGTGGC,0,768192
crpp3,0.16666666666666666,5,5,ACACAACTTGGTGGTTAGCT,0,760694
crpp3,0.16666666666666666,5,5,ACAAGGTTGCATTGGGACGC,0,783378
crpp3,0.16666666666666666,5,5,AATTTGCTGCACCTAGGAAC,0,766913
crpp3,0.16666666666666666,5,5,AATTTGCCAATTTCATTATG,0,787704
crpp3,0.16666666666666666,5,5,AATTCGATCTCGACTATCAC,0,784277
crpp3,0.16666666666666666,5,5,AATTATTGCGTTTCAACGCT,0,769676
crpp3,0.16666666666666666,5,5,AATGTCAAGAAGGCAACTCC,0,786132
crpp3,0.16666666666666666,5,5,AATGGGAAACGGACGGATCG,0,785394
crpp3,0.16666666666666666,5,5,AATGCCTGCGGCTCACGTAT,0,766764
crpp3,0.16666666666666666,5,5,AATCCTTCGGCTCGACGGCC,0,762463
crpp3,0.16666666666666666,5,5,AATCCTCGTCGAAAATAATG,0,763109
crpp3,0.16666666666666666,5,5,AATCCGGGTTCGCGTGATGT,0,774127
crpp3,0.16666666666666666,5,5,AATCAGTACTATGCACTCTC,0,780309
crpp3,0.16666666666666666,5,5,AATCACACATCCCAATGCTA,0,776593
crpp3,0.16666666666666666,5,5,AATCAAGGAGTTCACCGGGC,0,777416
crpp3,0.16666666666666666,5,5,AAGTCCCTGTTGTTTCCTAC,0,769043
crpp3,0.16666666666666666,5,5,AAGCTTATCGAAGCACGTTT,0,789777
crpp3,0.16666666666666666,5,5,AAGATTCCTCAGCATAGTCC,0,764110
crpp3,0.16666666666666666,5,5,AAGATCTGGGGGCTTCTGGA,0,787068
crpp3,0.16666666666666666,5,5,AAGATCGTCAACTTTGTTTG,0,777684
crpp3,0.16666666666666666,5,5,AACTTCCTCTTACATGGAAT,0,778644
crpp3,0.16666666666666666,5,5,AACTGTTGTTCGTGGGCGGG,0,776768
crpp3,0.16666666666666666,5,5,AACTACGCACCCGCTCGCCC,0,773357
crpp3,0.16666666666666666,5,5,AACTACATATATCAGAGTGA,0,778280
crpp3,0.16666666666666666,5,5,AACGTTCTCTGCTGTGTGTC,0,770907
crpp3,0.16666666666666666,5,5,AACGTCTCCGCAGGGTGATA,0,762627
crpp3,0.16666666666666666,5,5,AACGTCCAACGACCGTCCGT,0,784869
crpp3,0.16666666666666666,5,5,AACGCGAGACGACTTAACAG,0,772997
crpp3,0.16666666666666666,5,5,AACGAACCACAGGGATCTAT,0,760950
crpp3,0.16666666666666666,5,5,AACCACTAAATCACGACCTT,0,778504
crpp3,0.16666666666666666,5,5,AACCAAACGGCCGTTGAAGC,0,786949
crpp3,0.16666666666666666,5,5,AAATCTTCGGCTTATCGACA,0,784524
crpp3,0.16666666666666666,5,5,AAATAGGCTGGCTCACCCCA,0,781177
crpp3,0.16666666666666666,5,5,AAAGCAAGGCCCAAAAAATT,0,777688
crpp3,0.16666666666666666,5,5,AAACTGCTAACTCTATGCGA,0,768684
crpp3,0.16666666666666666,5,5,AAACCGTAGCAAACTCACTT,0,777079
crpp3,0.16666666666666666,5,5,AAACACTGCGTCTCCAGTAG,0,774465
crpp3,0.16666666666666666,5,5,AAAATAGAGTAGCGCATCAT,0,766072
crpp3,0.2,4,4,TTTTTCAGTCCTTCTCCGTG,0,765174
crpp3,0.2,4,4,TTTTTAACGAGAACCGCTCA,0,790997
crpp3,0.2,4,4,TTTTAAGTCTTTTCGGAGAG,0,783479
crpp3,0.2,4,4,TTTGCCACCGGCGCTGGTGC,0,767982
crpp3,0.2,4,4,TTTGCACAATGCGCGCATGC,0,759811
crpp3,0.2,4,4,TTTCGAACAGACAGGATGTG,0,777266
crpp3,0.2,4,4,TTTCAGCGATACATCGTAGT,0,767891
crpp3,0.2,4,4,TTTCACGGTGCCGGATGTCC,0,784570
crpp3,0.2,4,4,TTTATGAACGACAACCCTTT,0,785253
crpp3,0.2,4,4,TTTAATACCTACCCAATAAT,0,765985
crpp3,0.2,4,4,TTGTATATGGCTAGTAGGTT,0,778439
crpp3,0.2,4,4,TTGGGTCTGGGGTAGACGTA,0,777115
crpp3,0.2,4,4,TTGGGAACAAGAGCGGACAG,0,764785
crpp3,0.2,4,4,TTGCTGTAGGCCCCCACGTA,0,764439
crpp3,0.2,4,4,TTGCGTGTTTCTATATTTGA,0,783970
crpp3,0.2,4,4,TTGCAGAACAGTATCGACGT,0,770326
crpp3,0.2,4,4,TTGATTAGGTAGAGATATTG,0,775105
crpp3,0.2,4,4,TTGAGGTATCTGCGGCGGTA,0,758825
crpp3,0.2,4,4,TTGAGCGGGCTCCGCGTCGG,0,774661
crpp3,0.2,4,4,TTGAGATGCGTGTAGCTGAT,0,772015
crpp3,0.2,4,4,TTGAATAACTAACGAGGTGC,0,790593
crpp3,0.2,4,4,TTCGAGGCCCGGCGAGTCAC,0,764044
crpp3,0.2,4,4,TTCCTTCTCACAGACGGTCC,0,779655
crpp3,0.2,4,4,TTCCGTCACGGTCCGGGTAC,0,785723
crpp3,0.2,4,4,TTCCCGCGCAGTCTTTTTAC,0,777232
crpp3,0.2,4,4,TTCCCGCAAATTGCTGCTCA,0,789456
crpp3,0.2,4,4,TTCATTTTGACCCAGTGGTC,0,764690
crpp3,0.2,4,4,TTCATGCGGTGGGATAATCT,0,788485
crpp3,0.2,4,4,TTCAAAGTTGATCAAGATTT,0,763489
crpp3,0.2,4,4,TTATTATAGGCACTGGGGTC,0,771164
crpp3,0.2,4,4,TTATGTGTGTCCCCGTTCTA,0,789054
crpp3,0.2,4,4,TTATGGTAATGCAAGAAGGG,0,778033
crpp3,0.2,4,4,TTATGGGCATGAGTGGTGAT,0,773080
crpp3,0.2,4,4,TTATGATGCACATTCTGCAA,0,776776
crpp3,0.2,4,4,TTATACTGCCGGGTGTAGAG,0,759058
crpp3,0.2,4,4,TTAGGGTCTTAGAGTAAAAG,0,769143
crpp3,0.2,4,4,TTAGGGTCGAGGCGGAGTGC,0,775908
crpp3,0.2,4,4,TTAGCTAGCCCTACCACACC,0,772021
crpp3,0.2,4,4,TTAGATTTGCTTCCCGTTCA,0,775207
crpp3,0.2,4,4,TTACGATTGGAGGTTACTGC,0,764960
crpp3,0.2,4,4,TTAATTAAAGGCCAGACCGT,0,762326
crpp3,0.2,4,4,TTAATCCCGAGTTGGGCGCG,0,769435
crpp3,0.2,4,4,TTAAAAAGCAATTGAAGTAT,0,777679
crpp3,0.2,4,4,TGTTCGTTGGATATGGGCAT,0,759720
crpp3,0.2,4,4,TGTTACCATTTTTCGAGAGC,0,777872
crpp3,0.2,4,4,TGTTAATGGATCCGTGGGGG,0,779402
crpp3,0.2,4,4,TGTGGTCTCAATCCCTGTTG,0,773350
crpp3,0.2,4,4,TGTGGGTCGCTGAAGTTATA,0,777802
crpp3,0.2,4,4,TGTGGGCGTATCTAATTGAG,0,777502
crpp3,0.2,4,4,TGTGGCTCAGGCTAGGCGGT,0,787944
crpp3,0.2,4,4,TGTGCTGTGAGGAACGGCTA,0,776302
crpp3,0.2,4,4,TGTGCTCACTAGGAGGCATG,0,783303
crpp3,0.2,4,4,TGTGAGGGCCAACAGTGCCT,0,774215
crpp3,0.2,4,4,TGTCTCGTAATACGCGAGAC,0,775067
crpp3,0.2,4,4,TGTCTCCATACCCGAATCGG,0,784668
crpp3,0.2,4,4,TGTCAGCTTATACAGGTGCA,0,787804
crpp3,0.2,4,4,TGTATGTTGGTACGATCTTA,0,764299
crpp3,0.2,4,4,TGTAAGGGGGTAGGACCTTA,0,770927
crpp3,0.2,4,4,TGGTATAATGGAAAGCGGTC,0,759730
crpp3,0.2,4,4,TGGGTGCAAAACGCGACCGT,0,762925
crpp3,0.2,4,4,TGGGGCATTGATCAAATGGC,0,786960
crpp3,0.2,4,4,TGGGCTAATGACCGGAGCTT,0,758547
crpp3,0.2,4,4,TGGGCAGGCTTCGGTATTAG,0,766099
crpp3,0.2,4,4,TGGGAAGCCATGCTATCGTG,0,782018
crpp3,0.2,4,4,TGGGAAATTAACTTGACTGT,0,789554
crpp3,0.2,4,4,TGGCGCCAACGCCGGCTGTC,0,759385
crpp3,0.2,4,4,TGGCAGGATTCCTAGCACAA,0,760662
crpp3,0.2,4,4,TGGCAAGCCCTCAGAGCGGC,0,787315
crpp3,0.2,4,4,TGGATTCTTTGCAGCCTGTG,0,770171
crpp3,0.2,4,4,TGGATCGCCATCCCCATGCT,0,784717
crpp3,0.2,4,4,TGGACTGACTCCGGCTACTT,0,779823
crpp3,0.2,4,4,TGATTTTAGTCGCCGAGTTC,0,758995
crpp3,0.2,4,4,TGATTCGAGTTTAGCTCGAC,0,774808
crpp3,0.2,4,4,TGATCTCCTTACCGGACAGG,0,785770
crpp3,0.2,4,4,TGAGTAAAATCAGAGTCTTT,0,765659
crpp3,0.2,4,4,TGAGCGAATGCAATCGGCTG,0,778857
crpp3,0.2,4,4,TGACTGAGGGGATGTCACGA,0,781026
crpp3,0.2,4,4,TGACCCTAGCAGGACACCTT,0,762105
crpp3,0.2,4,4,TGACCCGGCAGTAAATTTAA,0,770810
crpp3,0.2,4,4,TGACAGAGCTATTTCGATCT,0,772090
crpp3,0.2,4,4,TGACACGTTCCGCCGGAAGA,0,788636
crpp3,0.2,4,4,TGAAGTCTGCGCGTACTCTC,0,782402
crpp3,0.2,4,4,TGAAGCAACCAGCGCCCGTG,0,766383
crpp3,0.2,4,4,TCTTTACGTCGAATTGAATT,0,789105
crpp3,0.2,4,4,TCTTCCTCGAAAGGGGAACG,0,780769
crpp3,0.2,4,4,TCTTAAAGGATTCAGCGTTT,0,772880
crpp3,0.2,4,4,TCTGGTTAGAGCTTTCTGGA,0,767783
crpp3,0.2,4,4,TCTGCAGCTCCTATCGCTGT,0,782767
crpp3,0.2,4,4,TCTGCACTTCGTAGTGCTTA,0,772408
crpp3,0.2,4,4,TCTGACTGAGTAAGGGTCGG,0,770404
crpp3,0.2,4,4,TCTGAATCTAACGCGGGCTC,0,779890
crpp3,0.2,4,4,TCTCTGCGTGTCAATCGTCC,0,780611
crpp3,0.2,4,4,TCTCTCATAGCTTCCAAAAA,0,779768
crpp3,0.2,4,4,TCTCGGAGTGGGAGTGTAGA,0,760763
crpp3,0.2,4,4,TCTCGGAGTCGCCCGTGACA,0,784953
crpp3,0.2,4,4,TCTCCGTATATCGGTCTTCA,0,758437
crpp3,0.2,4,4,TCTCATTCTCAAAAGTTTAG,0,780534
crpp3,0.2,4,4,TCTCACCTGGGCGTCTCTGC,0,784839
crpp3,0.2,4,4,TCTATAGAGCGACTCAACTT,0,779654
crpp3,0.2,4,4,TCGTGGACCCGTAAAGCATA,0,788325
crpp3,0.2,4,4,TCGTGCATTCGGACATACGC,0,766817
crpp3,0.2,4,4,TCGTCCCGTTTATCACCATC,0,777868
crpp3,0.2,4,4,TCGGGGCAATATCGAAGTTC,0,770432
crpp3,0.2,4,4,TCGGCTAGTCTTGAAGGGAA,0,778486
crpp3,0.2,4,4,TCGGCATCATGAGTGCAAAC,0,772557
crpp3,0.2,4,4,TCGGCACGACTGAGTGGGCG,0,764215
crpp3,0.2,4,4,TCGGATGAGGGTTAGTGAAT,0,788433
crpp3,0.2,4,4,TCGGAAGGTGGATCCGACGA,0,787185
crpp3,0.2,4,4,TCGCTGTGTCAGGATTATAG,0,785516
crpp3,0.2,4,4,TCGCGTGATAATGGACCTTT,0,759209
crpp3,0.2,4,4,TCGCGGGCATTATCGCTCGG,0,788274
crpp3,0.2,4,4,TCGCGATGGGATGAGCTAAC,0,768428
crpp3,0.2,4,4,TCGCCGCTTCATCCTCTTGA,0,758806
crpp3,0.2,4,4,TCGACTCAGTGATGGCAGCT,0,784156
crpp3,0.2,4,4,TCGACTAAGGAGTTGTAGAG,0,787560
crpp3,0.2,4,4,TCGAACGCAACCTCGACCTT,0,759059
crpp3,0.2,4,4,TCCTGTCATCAACTGAAATC,0,768563
crpp3,0.2,4,4,TCCTATTTGTTCCCGTCAAT,0,772671
crpp3,0.2,4,4,TCCGGTTACTGCCCTGGTTT,0,761582
crpp3,0.2,4,4,TCCGCAGATTATCGTGGCTG,0,787038
crpp3,0.2,4,4,TCCGACAGCGGCTGCGGGCT,0,787608
crpp3,0.2,4,4,TCCATTATCAAATGTGGCGG,0,785878
crpp3,0.2,4,4,TCCAGATACTGACCTGCGTG,0,776416
crpp3,0.2,4,4,TCCACTAGGCTAGACAGCTG,0,774017
crpp3,0.2,4,4,TCATGTTAGGAGGTCATACA,0,777497
crpp3,0.2,4,4,TCATGACAGAAACCCTCCAG,0,779219
crpp3,0.2,4,4,TCATCCGGGTGTGATTCGAG,0,758886
crpp3,0.2,4,4,TCATACGGGCATCTGTTCGC,0,765003
crpp3,0.2,4,4,TCATACGCGCGCGTGATACC,0,758586
crpp3,0.2,4,4,TCATAACCGCCGAATTGCCA,0,759684
crpp3,0.2,4,4,TCAACGGAAATGCAACAGTG,0,760357
crpp3,0.2,4,4,TCAACCGCCTATAGTCTTAG,0,786367
crpp3,0.2,4,4,TATTTTAAGCTTCGCACTTG,0,761159
crpp3,0.2,4,4,TATTTGCATCGCATCAGCCG,0,759351
crpp3,0.2,4,4,TATTGGCAGCGGATACTTGT,0,782879
crpp3,0.2,4,4,TATTATGCGTGCATATTTCT,0,781776
crpp3,0.2,4,4,TATTATCACCACGGGTATGA,0,771108
crpp3,0.2,4,4,TATGTTCTGAGACTCTGCGT,0,761806
crpp3,0.2,4,4,TATGGGGCTACACTCGAAGC,0,784987
crpp3,0.2,4,4,TATGCGACATTGACGGATGC,0,758447
crpp3,0.2,4,4,TATCCTCGGGTTGATGACGT,0,769914
crpp3,0.2,4,4,TATATGTGGTGAACAGGCTA,0,791241
crpp3,0.2,4,4,TATACGACTGTGGACAGAAG,0,779449
crpp3,0.2,4,4,TATACAGCGTTTAATCCACG,0,785391
crpp3,0.2,4,4,TATAAGGGGAACGAGAGAAT,0,772004
crpp3,0.2,4,4,TATAAGGCGCTGATTAAGGA,0,762069
crpp3,0.2,4,4,TATAACGGCGTAATGTCCAT,0,759127
crpp3,0.2,4,4,TATAACCGCTAACGACACTA,0,776133
crpp3,0.2,4,4,TAGGTGCTGACCTTGGATCA,0,775103
crpp3,0.2,4,4,TAGGGGTTTCGCGCAAACTT,0,785278
crpp3,0.2,4,4,TAGGCGACATTAATCACCTA,0,779233
crpp3,0.2,4,4,TAGGAGGGGAAGTTCAAAGA,0,784951
crpp3,0.2,4,4,TAGGAAATGACTCGATAGAA,0,771036
crpp3,0.2,4,4,TAGCAACACCGCAGCCTCAC,0,762340
crpp3,0.2,4,4,TAGAGGTGGATATGGCCTTA,0,758953
crpp3,0.2,4,4,TACGAGTACCTCCGAATCAC,0,789421
crpp3,0.2,4,4,TACCTCTATAAAAGTTAAGT,0,763937
crpp3,0.2,4,4,TACCCCAGACGTCGCTATGG,0,780055
crpp3,0.2,4,4,TACCAAAAATCGCCGAAAAG,0,773920
crpp3,0.2,4,4,TACAGACGTTACCGCACTTC,0,783147
crpp3,0.2,4,4,TACAACGGCTTTCATTCATG,0,788507
crpp3,0.2,4,4,TAATCGCCCAGACGTAATAC,0,783980
crpp3,0.2,4,4,TAAGCTTGGCCGTGAAGTCT,0,764752
crpp3,0.2,4,4,TAAGCCTGACAACTGTAGAT,0,789045
crpp3,0.2,4,4,TAAGCAGATCCAGCCTCCAC,0,788825
crpp3,0.2,4,4,TAAGAGCAGTAAGTTATACA,0,759557
crpp3,0.2,4,4,TAAGAAGCCGCAGTACCCTG,0,767435
crpp3,0.2,4,4,TAACGCATTATGACACCGAA,0,761930
crpp3,0.2,4,4,TAAAGGTTTACAATCGCATT,0,781083
crpp3,0.2,4,4,TAAAGGTCTGCGGAGGTTGA,0,783464
crpp3,0.2,4,4,TAAAGGATTGCCTGCTTATC,0,778274
crpp3,0.2,4,4,TAAACGCCTCGTTGCGTGCC,0,760425
crpp3,0.2,4,4,GTTTTTCCCATATGACGGTA,0,758724
crpp3,0.2,4,4,GTTTTATCACCGCAAAACCC,0,784686
crpp3,0.2,4,4,GTTTTACTCTCCACCGTCGC,0,770945
crpp3,0.2,4,4,GTTTGGTCCCATGATAGATG,0,778386
crpp3,0.2,4,4,GTTTATGTGTTTACGTCAAT,0,782035
crpp3,0.2,4,4,GTTCGCAGGTATCCGATGGA,0,787312
crpp3,0.2,4,4,GTTCCTCTAGACAAGGCATC,0,781598
crpp3,0.2,4,4,GTTAGGCTTTCGCAAGCAGT,0,781562
crpp3,0.2,4,4,GTTAGATTACAAGGGTTGCT,0,759918
crpp3,0.2,4,4,GTTAGAGCATAGAGTATAGA,0,764298
crpp3,0.2,4,4,GTTACAATCGCCTCGGGAGA,0,770664
crpp3,0.2,4,4,GTTAAATCTTCGCCTAGCTC,0,770280
crpp3,0.2,4,4,GTGTGCGAACGTAACCACGT,0,761805
crpp3,0.2,4,4,GTGTCCATTTAGTTATATCT,0,776639
crpp3,0.2,4,4,GTGTCACCTTAATCAAGGAC,0,769862
crpp3,0.2,4,4,GTGCGCTGCAGACCCACCGG,0,773154
crpp3,0.2,4,4,GTGCCAGACAGGTATCCGCT,0,787839
crpp3,0.2,4,4,GTGCCACTAATTCAGGACTT,0,788141
crpp3,0.2,4,4,GTGATGCTATAATATAAGCT,0,766457
crpp3,0.2,4,4,GTGAGACGTAGCCAAGATAC,0,760485
crpp3,0.2,4,4,GTGACGTTAGTCCCCCATGT,0,765551
crpp3,0.2,4,4,GTCTTGATAATATCACGAGG,0,760347
crpp3,0.2,4,4,GTCTCACCATTAACACACCA,0,785371
crpp3,0.2,4,4,GTCGTTCACCAGGTGAGGCA,0,777954
crpp3,0.2,4,4,GTCGGAAGCGCAGACATAAA,0,777628
crpp3,0.2,4,4,GTCCTGGCAATTGGCATCTA,0,781127
crpp3,0.2,4,4,GTCCGCCGAGTTACCACCAA,0,773351
crpp3,0.2,4,4,GTCATTAGCGGTCTGCGCGC,0,776765
crpp3,0.2,4,4,GTCATGGTCGTCCAATTTTT,0,767712
crpp3,0.2,4,4,GTATAGTGGAGCCACCGAAC,0,760096
crpp3,0.2,4,4,GTATAAATAATGACTGATTA,0,777138
crpp3,0.2,4,4,GTAGTGGTTGCTAACCATAC,0,773368
crpp3,0.2,4,4,GTAGGGGCCGGCGTTTTAGT,0,776141
crpp3,0.2,4,4,GTAGGACTAGCCCAGGATTC,0,767367
crpp3,0.2,4,4,GTAGCGTTGGGAAATCTTCT,0,775911
crpp3,0.2,4,4,GTAGCATCGACCTTAGGCGG,0,765732
crpp3,0.2,4,4,GTACTCAATCTTTAGAAGTT,0,783163
crpp3,0.2,4,4,GTACCGGATCGCTCCGGGAC,0,762427
crpp3,0.2,4,4,GTAATGTCGTATAGAGCAGA,0,763352
crpp3,0.2,4,4,GTAATCGCGCTAGCCGATTT,0,769470
crpp3,0.2,4,4,GGTTTCTATTAGACTACATG,0,760017
crpp3,0.2,4,4,GGTGTTCGCGAGACCCTTAT,0,766303
crpp3,0.2,4,4,GGTCTAAGCGTATGTGCATC,0,759744
crpp3,0.2,4,4,GGTCGTTCTCGCTCGTGCAC,0,763751
crpp3,0.2,4,4,GGTATAAATCTACAGTTAAA,0,763883
crpp3,0.2,4,4,GGTAGGGCTAACATACCTAC,0,764180
crpp3,0.2,4,4,GGTAGACATAAACCACTGAC,0,788817
crpp3,0.2,4,4,GGTACCAGGTCCTCGAAGCG,0,789475
crpp3,0.2,4,4,GGTACAATGCAGTTCGGCGC,0,777716
crpp3,0.2,4,4,GGGTTGGGCGACAAGGGTCA,0,774055
crpp3,0.2,4,4,GGGTGAGCACGACGGTCGCG,0,785614
crpp3,0.2,4,4,GGGTCACTAATTGGGGCGTA,0,788206
crpp3,0.2,4,4,GGGTATACTTACCGTTCGTG,0,781217
crpp3,0.2,4,4,GGGGTTTGAGTAAGCAGACA,0,785132
crpp3,0.2,4,4,GGGGGCATGGAATATTACAA,0,782695
crpp3,0.2,4,4,GGGGCGGAATCTATGGGACC,0,770958
crpp3,0.2,4,4,GGGGATAATTAGCGGCGCTG,0,789480
crpp3,0.2,4,4,GGGGAACGCGATACAACGTG,0,780914
crpp3,0.2,4,4,GGGATTATTCAGATATGTTT,0,780912
crpp3,0.2,4,4,GGGAAGCGAGCCTAAGAAGC,0,768752
crpp3,0.2,4,4,GGCTTAAGTAATACGACGCG,0,785506
crpp3,0.2,4,4,GGCTCGATTGCCGGGCGGAA,0,781179
crpp3,0.2,4,4,GGCTACATGTAACTGCCGTA,0,771478
crpp3,0.2,4,4,GGCGTCTTTCGAACCACAAA,0,772231
crpp3,0.2,4,4,GGCGGGGCCACTGCCGGATT,0,769255
crpp3,0.2,4,4,GGCCTTTGGTGGATCCGGTG,0,771102
crpp3,0.2,4,4,GGCCTTCAATCCACATTCTA,0,761675
crpp3,0.2,4,4,GGCCTCTCTTCCAGCCGGGT,0,768121
crpp3,0.2,4,4,GGCCTCGCCTAAGGATTACT,0,761809
crpp3,0.2,4,4,GGCCGTCGCGATCCCCCGGG,0,766214
crpp3,0.2,4,4,GGCCGTACACGCGAACTTTC,0,788950
crpp3,0.2,4,4,GGCCAAGACGTTAGAATTAT,0,760607
crpp3,0.2,4,4,GGCACCCGGAGAGTGGGCAG,0,773575
crpp3,0.2,4,4,GGATCTCCACGCGGATCGTG,0,764886
crpp3,0.2,4,4,GGAGCGTAACCCCCGGATGC,0,770971
crpp3,0.2,4,4,GGACGGCCTCGGCAACTGCG,0,758471
crpp3,0.2,4,4,GGACCACTGCTTTCGCTCCC,0,789748
crpp3,0.2,4,4,GGAATCATCAGTTCATACAT,0,787207
crpp3,0.2,4,4,GGAACAGGTGCACGTATAGC,0,782838
crpp3,0.2,4,4,GGAAATTGCGAGTACCTCAT,0,776443
crpp3,0.2,4,4,GCTTTATTCGAGTCAGCGTG,0,763174
crpp3,0.2,4,4,GCTTCATTGAAGGCACAATT,0,785348
crpp3,0.2,4,4,GCTTCATAGGGCCTATAGTG,0,777107
crpp3,0.2,4,4,GCTTAGGGTTTGGTGAATAA,0,776655
crpp3,0.2,4,4,GCTGTGCGCTCGAGATTCTG,0,779109
crpp3,0.2,4,4,GCTGGTGGATCCGCAGACTA,0,760340
crpp3,0.2,4,4,GCTCGGTAAAATTTTAGTTT,0,764993
crpp3,0.2,4,4,GCTCCTACGAAAAAGATAAA,0,790426
crpp3,0.2,4,4,GCTCCGCAAGGTAGAGGTTG,0,766949
crpp3,0.2,4,4,GCGTTGTACGAGTCACACGT,0,771401
crpp3,0.2,4,4,GCGGAGCAGCTCATTTTGGT,0,758823
crpp3,0.2,4,4,GCGCTTCTAGTACAAATTAA,0,758828
crpp3,0.2,4,4,GCGACCGTGCTATGGGGAAC,0,787784
crpp3,0.2,4,4,GCGACCCCTCCCAAAACGGG,0,764493
crpp3,0.2,4,4,GCCTTGCATTCCGTGTGGCA,0,770950
crpp3,0.2,4,4,GCCTTCAGGGTCGCAATACC,0,777297
crpp3,0.2,4,4,GCCTGAGCTGAAATCCCCCA,0,766918
crpp3,0.2,4,4,GCCTCCGCACCGCCAGCAAT,0,759184
crpp3,0.2,4,4,GCCTATTTTGAGTTCTACAC,0,760402
crpp3,0.2,4,4,GCCCTATCGCTCTGCTATGT,0,772319
crpp3,0.2,4,4,GCCATTAGAAACTCCGTACA,0,777211
crpp3,0.2,4,4,GCCATAACATTAGTGTCTAG,0,781869
crpp3,0.2,4,4,GCCAGATAGAATCAGCTCTA,0,776114
crpp3,0.2,4,4,GCCAAGGGACGTTCCGAGAT,0,762260
crpp3,0.2,4,4,GCATTTTGTAGGTAAACGGG,0,760157
crpp3,0.2,4,4,GCATTTCCGCTGCGCTACCC,0,760824
crpp3,0.2,4,4,GCATGTCGTTGTAATTAATA,0,774907
crpp3,0.2,4,4,GCATGCATAGTAAAGTAAAC,0,769259
crpp3,0.2,4,4,GCATGATTCTGTGTAATGAG,0,780567
crpp3,0.2,4,4,GCAGTTAGTGGGGAGCAGTC,0,781045
crpp3,0.2,4,4,GCAGAAGACGCAGAACTGAC,0,777793
crpp3,0.2,4,4,GCACGATCTGTCAAGGCATG,0,782874
crpp3,0.2,4,4,GCACCCTCCAACGAATGCCC,0,783563
crpp3,0.2,4,4,GCACAATGCGCGGGTAGCGA,0,776635
crpp3,0.2,4,4,GATTCCTCGGGGAGTATCAT,0,766475
crpp3,0.2,4,4,GATGTCAGCAATGCCGCCCG,0,773292
crpp3,0.2,4,4,GATGCTAATCCACGAATTAT,0,764108
crpp3,0.2,4,4,GATGCCCGTAACAGCAATAG,0,766578
crpp3,0.2,4,4,GATATGCTCCACGGCTATTC,0,772967
crpp3,0.2,4,4,GATATGCCTAGCGCTAACTA,0,776501
crpp3,0.2,4,4,GATATCGCTCTTTAGGATCA,0,759408
crpp3,0.2,4,4,GATACACCGGCAACTTAGAT,0,786196
crpp3,0.2,4,4,GATAAGGGGATGCCCTTAAA,0,764943
crpp3,0.2,4,4,GAGTTATACGGGTCATGTTT,0,761205
crpp3,0.2,4,4,GAGGTATGAATCCAAGGGGA,0,785844
crpp3,0.2,4,4,GAGGTACCTTTTAACCTAAC,0,770360
crpp3,0.2,4,4,GAGGGGCGATGCGACGCATC,0,765492
crpp3,0.2,4,4,GAGGCGAGGCCGAGCCGTCA,0,786629
crpp3,0.2,4,4,GAGGAGGAACCGACATCTAT,0,771624
crpp3,0.2,4,4,GAGCTCATGATATGTAAACT,0,766005
crpp3,0.2,4,4,GAGCCTGGTTAACGGGCGCC,0,781794
crpp3,0.2,4,4,GAGAGAATTAATTTAATTAG,0,790337
crpp3,0.2,4,4,GAGACACAGTAAGTAGGAGT,0,784394
crpp3,0.2,4,4,GACTTATCGTCGGTCGATTT,0,761710
crpp3,0.2,4,4,GACTGCTCAGTTAGATAGAC,0,786581
crpp3,0.2,4,4,GACTGAGAGATCCCAATGAG,0,759631
crpp3,0.2,4,4,GACTCGAGGAAGGCTCCCAT,0,769512
crpp3,0.2,4,4,GACTCCTGGTGGAGGGGGTT,0,785001
crpp3,0.2,4,4,GACGTCTAAACCAACGAAAA,0,791042
crpp3,0.2,4,4,GACGTAGGTATTTCTAAAAT,0,780051
crpp3,0.2,4,4,GACGCATCCTAGAAATTTGC,0,777888
crpp3,0.2,4,4,GACCTGCGTGCTGCGGGGCG,0,775111
crpp3,0.2,4,4,GACCTCTAGGTTAGTATTAG,0,764929
crpp3,0.2,4,4,GACCGAGAGGCACACCATAA,0,769302
crpp3,0.2,4,4,GACCCCGGAAGTGGTTGAAG,0,777558
crpp3,0.2,4,4,GACCAGAGGCTTTACGTTGC,0,790829
crpp3,0.2,4,4,GACATCGGGCGAACCCGGGG,0,790111
crpp3,0.2,4,4,GACAGATAGTGGGCCGGATC,0,767223
crpp3,0.2,4,4,GACAAACTGTGGATTGATTT,0,790137
crpp3,0.2,4,4,GAAGTTTCTTTGGGCCACAT,0,758687
crpp3,0.2,4,4,GAAGACATCACTTACTTCCT,0,788869
crpp3,0.2,4,4,GAAATACCCCAGCCATGGTA,0,762128
crpp3,0.2,4,4,GAAACGATCCGTGTGCTTCA,0,769338
crpp3,0.2,4,4,GAAACATTCCGTTCGATAGC,0,783048
crpp3,0.2,4,4,GAAAATGCTAAGTAAGCGTG,0,770809
crpp3,0.2,4,4,CTTTTATATCTGTAGCCCGA,0,785568
crpp3,0.2,4,4,CTTTGGAGCTTACGTTGGCT,0,767399
crpp3,0.2,4,4,CTTGATCAACTTTGCCATAT,0,783786
crpp3,0.2,4,4,CTTCGCCCTCGAGAAGTTCG,0,772297
crpp3,0.2,4,4,CTTCCTCCGATCTAAGGCTA,0,784773
crpp3,0.2,4,4,CTTATTTTTGAATTACCAAG,0,763354
crpp3,0.2,4,4,CTTATGGTTATTCCGATCTT,0,790038
crpp3,0.2,4,4,CTTAACTAGATGCGACGATC,0,782268
crpp3,0.2,4,4,CTGTGTCCAGACAGGCAGTT,0,771204
crpp3,0.2,4,4,CTGTGCGGATTTGCCTCTAA,0,789160
crpp3,0.2,4,4,CTGTCTTCTAGTGGTGTCAC,0,785232
crpp3,0.2,4,4,CTGTCTCATCAGCAGCCAAT,0,787461
crpp3,0.2,4,4,CTGTCATGCGGCGAATACTT,0,784694
crpp3,0.2,4,4,CTGTCAATCACAGGCCACAT,0,768288
crpp3,0.2,4,4,CTGTATTGTCCGTGTCGAAG,0,772242
crpp3,0.2,4,4,CTGGTATTTATACTGCGCCC,0,775671
crpp3,0.2,4,4,CTGGGGTCAGTCTCCATGTG,0,758408
crpp3,0.2,4,4,CTGGGGAAATTTTCGTGGGG,0,790899
crpp3,0.2,4,4,CTGGAGGACGAGATTAAACT,0,774610
crpp3,0.2,4,4,CTGCTGCCAAGTGAAAATTC,0,788980
crpp3,0.2,4,4,CTGCATGTAAGGGATATTGG,0,789448
crpp3,0.2,4,4,CTGAGATATGTACCCCTAGG,0,785321
crpp3,0.2,4,4,CTGACCGGAGTGTCGTCGTT,0,760782
crpp3,0.2,4,4,CTGAAGAATGAAACTCTTTA,0,777930
crpp3,0.2,4,4,CTCTAATCGCTGTCCAATGC,0,780524
crpp3,0.2,4,4,CTCGGAGGTACGCGCGCATG,0,761227
crpp3,0.2,4,4,CTCCAGCTGCATCTACCACT,0,786916
crpp3,0.2,4,4,CTCATAATATTGTAGTGGGG,0,778482
crpp3,0.2,4,4,CTCAAACGGTATTCGCGGAC,0,770990
crpp3,0.2,4,4,CTATGCTTATTGTGCTTAAC,0,769294
crpp3,0.2,4,4,CTATACTGCATGAGTTCACA,0,763623
crpp3,0.2,4,4,CTATAATGACGTGTCACAGG,0,776988
crpp3,0.2,4,4,CTAGTCTTGCTCTGAGGGAA,0,767137
crpp3,0.2,4,4,CTAGGTCTTTAAAATACGCC,0,774196
crpp3,0.2,4,4,CTAGGAACACACAATACATG,0,771951
crpp3,0.2,4,4,CTACCCCCCCAGGCTTCCAT,0,778686
crpp3,0.2,4,4,CTAATTCACTTCGATTCCAT,0,789900
crpp3,0.2,4,4,CTAATAGAGGCTCCTACACC,0,767745
crpp3,0.2,4,4,CTAAGGTTATAGATCCGTTT,0,767920
crpp3,0.2,4,4,CTAAGGTAGATCAGGATTCT,0,788295
crpp3,0.2,4,4,CTAAGGGATTAAGGGCTACC,0,760541
crpp3,0.2,4,4,CTAAATAGATTCCGGGGGGG,0,779885
crpp3,0.2,4,4,CGTTATTCGCGGCCAGCACA,0,769535
crpp3,0.2,4,4,CGTGCATTTACGTAGATGTG,0,788911
crpp3,0.2,4,4,CGTGATTCGCCGAGCACGCC,0,784417
crpp3,0.2,4,4,CGTGATGGCAGTCCGCATGC,0,781336
crpp3,0.2,4,4,CGTGATGAAGTACGTGTCGG,0,760647
crpp3,0.2,4,4,CGTGAGTTCGACCGATGTTG,0,789072
crpp3,0.2,4,4,CGTGAAGAAAGTGGTATGTG,0,766891
crpp3,0.2,4,4,CGTCTATGTCTTTTACTCTA,0,762487
crpp3,0.2,4,4,CGTCGAGATGCGGCGCACTC,0,765583
crpp3,0.2,4,4,CGTCCCACACAACCAACTGG,0,783999
crpp3,0.2,4,4,CGTCCAAGCCAACCAAACTT,0,780069
crpp3,0.2,4,4,CGTAGATAGTTGAGACTTGG,0,785169
crpp3,0.2,4,4,CGTAATCACAAACCCAATCC,0,779176
crpp3,0.2,4,4,CGTAATACAAAACACGATGG,0,785184
crpp3,0.2,4,4,CGTAACGAGTTGTTCCCGGA,0,767848
crpp3,0.2,4,4,CGGTTTGGCCGTTTCTTCTC,0,787412
crpp3,0.2,4,4,CGGTAAGGGTGAATGCCGGA,0,781508
crpp3,0.2,4,4,CGGGTCAGTTGTTCGGTAGA,0,766340
crpp3,0.2,4,4,CGGGCACTGGACAAGGAGAA,0,769993
crpp3,0.2,4,4,CGGGCACCGCGCCGACAACG,0,775921
crpp3,0.2,4,4,CGGGACCGCAGGTAATAGGT,0,768146
crpp3,0.2,4,4,CGGCGTTTATTCCTCGGACG,0,769382
crpp3,0.2,4,4,CGGCGTGGAACCGGCATGTA,0,768682
crpp3,0.2,4,4,CGGCGGTCAATTACCTCAAC,0,774361
crpp3,0.2,4,4,CGGACCAACACTATTGGCTT,0,784312
crpp3,0.2,4,4,CGGACAGTTCATCCCGTTAT,0,791057
crpp3,0.2,4,4,CGGAATTGAAATCTTCAACC,0,780518
crpp3,0.2,4,4,CGCTGACATTGCCCTCCTGT,0,764435
crpp3,0.2,4,4,CGCTCACGTTTTGGTTATCG,0,773372
crpp3,0.2,4,4,CGCGTTTGGTTAGAACGTTG,0,777376
crpp3,0.2,4,4,CGCGATCGCCCCGACCGCGA,0,764890
crpp3,0.2,4,4,CGCGAACCTCTGAATGTGAC,0,788109
crpp3,0.2,4,4,CGCCGGTCAGCATCAAGGGC,0,777901
crpp3,0.2,4,4,CGCCAACCCGTGGGCAGACG,0,777447
crpp3,0.2,4,4,CGCAGTTGTATGATTTAGGT,0,770236
crpp3,0.2,4,4,CGCACCTCGCCAGGGGGCAA,0,781052
crpp3,0.2,4,4,CGCACACGGACCAGTCAAAA,0,791299
crpp3,0.2,4,4,CGATGGTCAAACATGTTGAA,0,777025
crpp3,0.2,4,4,CGATAGTTGCAACACGTGAC,0,786489
crpp3,0.2,4,4,CGATAAAAGGGGCCCATTCT,0,779721
crpp3,0.2,4,4,CGAGTCGCTGACGGATATTT,0,788509
crpp3,0.2,4,4,CGAGTCCACGAGAACGGACC,0,772675
crpp3,0.2,4,4,CGAGGCCCACGATGCTCGGG,0,769239
crpp3,0.2,4,4,CGACTTCCAAAATTACCTGT,0,762972
crpp3,0.2,4,4,CGACGCTGCGCAAACTGTGC,0,770708
crpp3,0.2,4,4,CGACCTCGGAATACGAATGG,0,769412
crpp3,0.2,4,4,CGACAATGCGGAAAAGATGC,0,783564
crpp3,0.2,4,4,CGAAACATACCAGAAGAAGA,0,785900
crpp3,0.2,4,4,CCTTCGTGAGGCTTAACGTA,0,769686
crpp3,0.2,4,4,CCTGTGTACCACCGGTCGTA,0,765189
crpp3,0.2,4,4,CCTCTCTACAGTTAACTTTC,0,760522
crpp3,0.2,4,4,CCTAGCGTGTCTCCTACTAT,0,788840
crpp3,0.2,4,4,CCTAAGTGGCTTAATTCAAT,0,762680
crpp3,0.2,4,4,CCGGTGCGTCCAGGGCCGGG,0,781423
crpp3,0.2,4,4,CCGGTCCTAGGCGCCCCTGC,0,781802
crpp3,0.2,4,4,CCGGTATCAGATCCATCTGT,0,769027
crpp3,0.2,4,4,CCGGGACCGGCATAGTCCAG,0,778936
crpp3,0.2,4,4,CCGGATCAGGCGCGACAGTC,0,774858
crpp3,0.2,4,4,CCGCCCATTCGGTAGTAAAG,0,771264
crpp3,0.2,4,4,CCGACGCGTTGTCTAACTGA,0,776614
crpp3,0.2,4,4,CCGAAACAAGTTTTCTGGTC,0,769119
crpp3,0.2,4,4,CCCTTGACTGCGTATCGATT,0,783136
crpp3,0.2,4,4,CCCGCCCCACGATAGGTCAC,0,767595
crpp3,0.2,4,4,CCCCTAAGCTGAATAATCTG,0,778415
crpp3,0.2,4,4,CCCCGTCAGCTCACGATTGG,0,770039
crpp3,0.2,4,4,CCCCAGTCGAGGTATGGACT,0,784904
crpp3,0.2,4,4,CCCATCTAACCGGGTGACGG,0,776630
crpp3,0.2,4,4,CCATTGATTTTATAGACGTT,0,763701
crpp3,0.2,4,4,CCAGGAATGGACATCAACGA,0,759595
crpp3,0.2,4,4,CCAGGAACCAGGTATGTTGT,0,773431
crpp3,0.2,4,4,CCAGCGGGTGGAGGCTCAAC,0,790000
crpp3,0.2,4,4,CCACTGACCAAGATACAGAG,0,771549
crpp3,0.2,4,4,CCACAGACCAGTCATCCTGG,0,771136
crpp3,0.2,4,4,CCAATGGCCATAAAACGAGA,0,784386
crpp3,0.2,4,4,CCAAGCGGGCGAATGGGTGA,0,774549
crpp3,0.2,4,4,CCAAGCGCTTGTCCGAAGGG,0,780438
crpp3,0.2,4,4,CCAACTTTTTAATGACTCAT,0,775278
crpp3,0.2,4,4,CCAACAGCCAAATATTCCAG,0,768240
crpp3,0.2,4,4,CCAACACGTCGGCGCACGTA,0,761419
crpp3,0.2,4,4,CATTTGTATGAAAGTTCGGT,0,768889
crpp3,0.2,4,4,CATTAGCGATAAAAGACGAT,0,789966
crpp3,0.2,4,4,CATTAGCGAGCACTCCGCTA,0,770854
crpp3,0.2,4,4,CATTAGAGGTGTCGATTCGA,0,773130
crpp3,0.2,4,4,CATGTCTGCTGGCGGAAGAA,0,786490
crpp3,0.2,4,4,CATGCCGTCATTCGAATTTT,0,791246
crpp3,0.2,4,4,CATGAGGCAACTGGGCTTTA,0,768034
crpp3,0.2,4,4,CATCGGCGCTCTTGTGGGCT,0,777114
crpp3,0.2,4,4,CATCCGATTCGAGGTATGCG,0,763618
crpp3,0.2,4,4,CATATCTAGGGATCGGTCAA,0,778853
crpp3,0.2,4,4,CATAGCAGGGCTGTTCCTGC,0,770881
crpp3,0.2,4,4,CAGTGGCTGTCCAGCAATAG,0,774008
crpp3,0.2,4,4,CAGTGATGTATACGTCGTGA,0,770208
crpp3,0.2,4,4,CAGTAGGCCAAGCTTAGCGA,0,769015
crpp3,0.2,4,4,CAGTACAATCCTGTCTGCTC,0,777407
crpp3,0.2,4,4,CAGGGTCCCGGACTTTCGGG,0,789663
crpp3,0.2,4,4,CAGGATTGTAGCGTCCCGCA,0,760244
crpp3,0.2,4,4,CAGCTTTAACCGACTCAGAG,0,780452
crpp3,0.2,4,4,CAGCTATGAGGCGGCTCCTC,0,766137
crpp3,0.2,4,4,CAGCTAGGAAATACCTACAT,0,779330
crpp3,0.2,4,4,CAGCATTTGGTGGAGCCAAG,0,785260
crpp3,0.2,4,4,CAGATGGTGTGTCTGAGAGT,0,764274
crpp3,0.2,4,4,CAGATATTGAGGTTGACCAA,0,762564
crpp3,0.2,4,4,CAGAGAACGGATGGATGACC,0,774616
crpp3,0.2,4,4,CACGTGATGATCAGTTCCGG,0,760855
crpp3,0.2,4,4,CACGCCGGCAGCTAATTCAT,0,773424
crpp3,0.2,4,4,CACCTCTCGATGGAGCTCAT,0,779826
crpp3,0.2,4,4,CACCGCGCAGAGGCCGCATC,0,778826
crpp3,0.2,4,4,CACCGAGGGTTATGAATCTA,0,767299
crpp3,0.2,4,4,CACCGAGCTATCAGTCCCCG,0,761267
crpp3,0.2,4,4,CACATCACCGGAATGGGTTG,0,785636
crpp3,0.2,4,4,CACAGCGACAATCAGATCCA,0,778628
crpp3,0.2,4,4,CAATGGGAGCCGCCTGGCCC,0,774452
crpp3,0.2,4,4,CAATGCCCGACGAGCGTCAA,0,768307
crpp3,0.2,4,4,CAATAAGATCGTGCTAGAAC,0,771438
crpp3,0.2,4,4,CAAGGTCTTTCATATTCTTT,0,778488
crpp3,0.2,4,4,CAACTACCGTGATGAAGAAG,0,760808
crpp3,0.2,4,4,CAACGGGACTAATGATTGCT,0,778988
crpp3,0.2,4,4,CAACCTAGTTTGGGCAATGA,0,761137
crpp3,0.2,4,4,CAACCGTACGCTCGAGGGAA,0,788391
crpp3,0.2,4,4,CAACCCTTCAGCTAAGGATG,0,769598
crpp3,0.2,4,4,CAACAGAACGAGTTCGTCAG,0,775783
crpp3,0.2,4,4,CAAAGACGAGGAGGAACGGT,0,790257
crpp3,0.2,4,4,CAAAATGATGTCAGGTTCTG,0,765722
crpp3,0.2,4,4,ATTTCGGGCGAACGGAGTCT,0,787756
crpp3,0.2,4,4,ATTTAGAAAATCAGTGACCT,0,787108
crpp3,0.2,4,4,ATTGTTGTGTTAGGGAGACT,0,788168
crpp3,0.2,4,4,ATTGTCGCACGGACCTGAGA,0,789001
crpp3,0.2,4,4,ATTGTAGGGCGTACGGATGT,0,763215
crpp3,0.2,4,4,ATTGGCTGGGCCTGCTGTGG,0,770754
crpp3,0.2,4,4,ATTGATGGAGGCGGATGTCC,0,789400
crpp3,0.2,4,4,ATTGAAGTCATATGGCGTCT,0,759456
crpp3,0.2,4,4,ATTCGTAAGCACGTCCGAGA,0,774412
crpp3,0.2,4,4,ATTCCTCGTAGGCGGGTCAT,0,759770
crpp3,0.2,4,4,ATTATATAACTGCCGTGAGC,0,789903
crpp3,0.2,4,4,ATTACTTGCGACCCGGGAGA,0,772175
crpp3,0.2,4,4,ATTAATTGCGTATTTGCGCT,0,774904
crpp3,0.2,4,4,ATTAAACCCCCGTTGGACCC,0,784310
crpp3,0.2,4,4,ATGTCCTACCTCTGAGGGGG,0,767494
crpp3,0.2,4,4,ATGTATCTGGTATGCTAGTT,0,783052
crpp3,0.2,4,4,ATGTAGGGAACAGATGCATG,0,771181
crpp3,0.2,4,4,ATGGTAAATCGCCAGCGTGT,0,777877
crpp3,0.2,4,4,ATGGCTGATCACGACCTAGA,0,785584
crpp3,0.2,4,4,ATGGCGCTCCAAGTGTTCTT,0,774267
crpp3,0.2,4,4,ATGGATGCAAGGATTCTGTG,0,778159
crpp3,0.2,4,4,ATGATCATCATCGATGGGGA,0,790991
crpp3,0.2,4,4,ATGAGCATTGGTTCGCACGC,0,777032
crpp3,0.2,4,4,ATGACTTTATGTCGGGCAAT,0,780701
crpp3,0.2,4,4,ATGACCAGTACGTCTGATAG,0,771910
crpp3,0.2,4,4,ATGAAGAGCCGGATTATGGG,0,767644
crpp3,0.2,4,4,ATCTTAGTTGAGTGGCTGGT,0,759579
crpp3,0.2,4,4,ATCTGCCACGGCCAGCCATA,0,790849
crpp3,0.2,4,4,ATCTCATCCATCGGTTCAAT,0,781347
crpp3,0.2,4,4,ATCGGTCTCACGTTCAAAGC,0,767805
crpp3,0.2,4,4,ATCGGCAGTAAAACCGATTT,0,764308
crpp3,0.2,4,4,ATCCCTACTAATCCCTCGGC,0,769234
crpp3,0.2,4,4,ATCATTTACATAGCTGTCTT,0,785031
crpp3,0.2,4,4,ATCAGTTACGTACAGGTGTT,0,772719
crpp3,0.2,4,4,ATAGAGTAGTGCGCACTCAC,0,762241
crpp3,0.2,4,4,ATACTGCTTGTACCGGCCTT,0,758801
crpp3,0.2,4,4,ATACTATTTTCGTGGCCCGT,0,784251
crpp3,0.2,4,4,ATACGTGTGTCATTGGGCTA,0,788092
crpp3,0.2,4,4,ATAATCCTAACTGGGTCTAA,0,776087
crpp3,0.2,4,4,ATAATAAGAGGCTAACAGCT,0,764169
crpp3,0.2,4,4,ATAACATGCGGAGCTGGCGA,0,780871
crpp3,0.2,4,4,ATAACAGTGCGTAAATAATC,0,777338
crpp3,0.2,4,4,AGTTTATCCGCATAATATTG,0,788461
crpp3,0.2,4,4,AGTTCACAATATGGACCGCA,0,767924
crpp3,0.2,4,4,AGTGGCTAGCAGCGCAGGTC,0,776941
crpp3,0.2,4,4,AGTGCCTCGTCACTGCGGCA,0,777526
crpp3,0.2,4,4,AGTGCCAGAATCACCGCATG,0,763110
crpp3,0.2,4,4,AGTGATTGACGTTAGATCCA,0,790007
crpp3,0.2,4,4,AGTGACACATTTACTCCCGT,0,765901
crpp3,0.2,4,4,AGTCTCATAGACTTGAAGGT,0,785763
crpp3,0.2,4,4,AGTCGGAGGTCTGTCATCGG,0,786109
crpp3,0.2,4,4,AGTCGGACAGTAAAGCGTAG,0,783120
crpp3,0.2,4,4,AGTCCTTACTTGATGCCACC,0,769791
crpp3,0.2,4,4,AGTATCATCGGAAGCCGATG,0,784962
crpp3,0.2,4,4,AGTAGATGACACATGGGTGT,0,768685
crpp3,0.2,4,4,AGGTTTTCAGGACATGTGGT,0,761340
crpp3,0.2,4,4,AGGTGTCCTTCTTGGATTTA,0,782494
crpp3,0.2,4,4,AGGTGGGTGGAACCTTTTGT,0,770126
crpp3,0.2,4,4,AGGTCCTTAGCTCGAATTGC,0,783722
crpp3,0.2,4,4,AGGGTACGTATTAGTAGCGG,0,761282
crpp3,0.2,4,4,AGGGGTGGAGCGCGGACAAC,0,785231
crpp3,0.2,4,4,AGGGACGAGTCAGCGATAGT,0,780282
crpp3,0.2,4,4,AGGCTGCCGGACAGCTACCA,0,758829
crpp3,0.2,4,4,AGGCATCCGGTGTGACACAC,0,772140
crpp3,0.2,4,4,AGGCAAGGAACTCCCTATGC,0,771618
crpp3,0.2,4,4,AGGACCGCTTCGCCTAGCTT,0,769846
crpp3,0.2,4,4,AGCTTGAAGGTGTATGCACT,0,767434
crpp3,0.2,4,4,AGCTCCGGGGCACGGCGCCT,0,771903
crpp3,0.2,4,4,AGCGGGCATGAACGGTCTTC,0,774174
crpp3,0.2,4,4,AGCGCCTCCCTGATGCCGGT,0,786245
crpp3,0.2,4,4,AGCGATGTGAAAGAAAGAAC,0,783915
crpp3,0.2,4,4,AGCCAGGGGTTGTAGCTGGC,0,781918
crpp3,0.2,4,4,AGCCAGACTAGCACTAATCG,0,774110
crpp3,0.2,4,4,AGATATGGCGCGCCGTCTAC,0,765106
crpp3,0.2,4,4,AGAGTTAAGCTTCTGATCGC,0,776990
crpp3,0.2,4,4,AGAGTGAGAGACGGTCATGC,0,761982
crpp3,0.2,4,4,AGAGGGAACCCGGCAGTAGA,0,759244
crpp3,0.2,4,4,AGAGGCGCGAGCTGACGTCT,0,761775
crpp3,0.2,4,4,AGAGGCGAACGGAATGAAAT,0,765905
crpp3,0.2,4,4,AGACTGCATTTCAGTGCAGC,0,783560
crpp3,0.2,4,4,AGACGATGTAAAAGTATGAC,0,777201
crpp3,0.2,4,4,AGACGAGCGTGGAACCAACC,0,771137
crpp3,0.2,4,4,AGACATGCAGGATCACGGAT,0,778652
crpp3,0.2,4,4,AGAATATTGCTGAGTGCTAT,0,785591
crpp3,0.2,4,4,ACTTTTATCAGATAGACGCA,0,786954
crpp3,0.2,4,4,ACTTGGCGCGATGATCAACT,0,785459
crpp3,0.2,4,4,ACTCCTCATCTTTTTAAAGG,0,785503
crpp3,0.2,4,4,ACTATTGTATCTTACGCGCT,0,768645
crpp3,0.2,4,4,ACTAAGTCGGTACGCTTCGG,0,763410
crpp3,0.2,4,4,ACGTTATTCAACACCGCTTG,0,778972
crpp3,0.2,4,4,ACGTGGTCTCGTAATCGCAA,0,761843
crpp3,0.2,4,4,ACGTCGTTTTACGCTCAGCC,0,789064
crpp3,0.2,4,4,ACGTCCGTCAATGGCTTTAA,0,767789
crpp3,0.2,4,4,ACGGGCCCTTTACCGTCCAA,0,784204
crpp3,0.2,4,4,ACGGCGGGGTTAGTTCGAAT,0,772622
crpp3,0.2,4,4,ACGGATGACTTGGGTATATG,0,776195
crpp3,0.2,4,4,ACGCTCTGGGTGCGGCTGCC,0,780560
crpp3,0.2,4,4,ACGCCATGGAACTTTGGATA,0,782955
crpp3,0.2,4,4,ACGCCAGAAGACTGAAGATT,0,768899
crpp3,0.2,4,4,ACGCATCCGGTAAGAGGTTT,0,772943
crpp3,0.2,4,4,ACGATGTACGCGGCCGATAG,0,788655
crpp3,0.2,4,4,ACGAGAGCTTCCTGCTGAGG,0,776061
crpp3,0.2,4,4,ACCTGATATCCGAATTTTCC,0,786762
crpp3,0.2,4,4,ACCTATCTAGGTGACTCAAT,0,765341
crpp3,0.2,4,4,ACCTACAAGAAGGGTGCCCT,0,782309
crpp3,0.2,4,4,ACCGTATACTTCGACTGGCA,0,767717
crpp3,0.2,4,4,ACCGGGCAATCACGCTCCCC,0,783904
crpp3,0.2,4,4,ACCGCGTAAGAATCTAGTAC,0,762745
crpp3,0.2,4,4,ACCGCCAGGTGGTAAGGTGA,0,773590
crpp3,0.2,4,4,ACCGCAACAATGATTCGCGC,0,760458
crpp3,0.2,4,4,ACCGATGTGCTACTGAAGTC,0,789029
crpp3,0.2,4,4,ACCCTAGCTAACGATTTTTG,0,783674
crpp3,0.2,4,4,ACCCCAGTCATTGCTTGTGT,0,773240
crpp3,0.2,4,4,ACCCAGTTCACCTAGTCATG,0,763589
crpp3,0.2,4,4,ACCAGCCCAGGGAGAGCGGC,0,761991
crpp3,0.2,4,4,ACATGGGCTAGGCCCGCGTG,0,760991
crpp3,0.2,4,4,ACATGACAACACCATTAATG,0,764069
crpp3,0.2,4,4,ACATAGAGGACTCTCGCACT,0,786230
crpp3,0.2,4,4,ACAGTTACTGATGGCGGGGA,0,767778
crpp3,0.2,4,4,ACAGAAGATATTTAGAGCGG,0,776318
crpp3,0.2,4,4,ACACTGGTAGACCGCACATC,0,764760
crpp3,0.2,4,4,ACACCTCATCTTTAAACAGA,0,759533
crpp3,0.2,4,4,ACACCAGGCATACGCATCCA,0,764711
crpp3,0.2,4,4,ACAATAGTCGTAAACTGTTG,0,770070
crpp3,0.2,4,4,ACAAGAGCGACATGGATCAC,0,781119
crpp3,0.2,4,4,AATTGTTGATGGTTGGGACC,0,776555
crpp3,0.2,4,4,AATTCTGTCGCCCCGTGAGA,0,767913
crpp3,0.2,4,4,AATTCTAAAGCTATTCGTTC,0,779922
crpp3,0.2,4,4,AATTAGTACACTCGAGAGGC,0,780963
crpp3,0.2,4,4,AATGATGCTTAACCATGTTG,0,786060
crpp3,0.2,4,4,AATCCGGCTGCGGCTACCGA,0,776707
crpp3,0.2,4,4,AATCCGCAAGCAAATAATTA,0,771740
crpp3,0.2,4,4,AATCCGATTTGGTAATATAG,0,765273
crpp3,0.2,4,4,AATAGGTTATTACTTACCCA,0,759778
crpp3,0.2,4,4,AATAATGGTAATGTCTCTTG,0,758554
crpp3,0.2,4,4,AATAAGCTCTGGCAGATCTA,0,770972
crpp3,0.2,4,4,AAGTCCGCGCACACGGGGAG,0,771069
crpp3,0.2,4,4,AAGGTCTGCTTGTCATGTGG,0,764713
crpp3,0.2,4,4,AAGGTCCTATTCACTCACGG,0,772819
crpp3,0.2,4,4,AAGGCAAGCCACGCTTTGAC,0,788037
crpp3,0.2,4,4,AAGCGAGGATTCAAATGCAA,0,758835
crpp3,0.2,4,4,AAGCATTTAAGGCCCGTTCA,0,776926
crpp3,0.2,4,4,AAGATAACATGGAGAGCTGG,0,772888
crpp3,0.2,4,4,AAGACTTCCAGTGATGAACC,0,765505
crpp3,0.2,4,4,AAGAACGAGGGGCCTCCGCA,0,786921
crpp3,0.2,4,4,AACTCTACTCCGGGACCGTA,0,774774
crpp3,0.2,4,4,AACGTTCGTCCAACGTGGCA,0,782940
crpp3,0.2,4,4,AACGGCTCGCGTAATGCTAG,0,779952
crpp3,0.2,4,4,AACGCGTGTGTAAACTTTAC,0,764416
crpp3,0.2,4,4,AACCTATTAATCCATATACT,0,769063
crpp3,0.2,4,4,AACCGCCGCCCTGGAGTTCC,0,770772
crpp3,0.2,4,4,AACCGCATGACTGGAACATA,0,761185
crpp3,0.2,4,4,AACAGGTTGATTGCTAGTTC,0,790494
crpp3,0.2,4,4,AACACATGGGGGCCAGGTGA,0,787909
crpp3,0.2,4,4,AACAATGGTCGGTCAAGTAA,0,772795
crpp3,0.2,4,4,AACAAGCGGGACCTCCAAAT,0,780443
crpp3,0.2,4,4,AAATGGGAATCAGGGTTGTT,0,772960
crpp3,0.2,4,4,AAATGAGCTCAGGCGAGGAA,0,765144
crpp3,0.2,4,4,AAAGCCGAGTTCGACGATAC,0,771686
crpp3,0.2,4,4,AAACGTACGCCGTTTGATAT,0,768107
crpp3,0.2,4,4,AAACGAATCTCGGTTCCGGA,0,765871
crpp3,0.2,4,4,AAACGAAGCGAGGAGGGCGG,0,785111
crpp3,0.2,4,4,AAACCAGACCGGTAGAGTCG,0,787027
crpp3,0.2,4,4,AAAAGCCGTATGGAGGTGGG,0,778251
crpp3,0.2,4,4,AAAAACCACTTCAGTGCGTC,0,783188
crpp3,0.25,3,3,TTTTTACCCTATTAGTCGGA,0,791006
crpp3,0.25,3,3,TTTTCGTGGTACAACCGTAT,0,764681
crpp3,0.25,3,3,TTTGGTGGGAGCTTGAGTAT,0,781124
crpp3,0.25,3,3,TTTGGGAAAAAGGACCTAGC,0,789518
crpp3,0.25,3,3,TTTGGCTGCTCCGCTGATTC,0,766186
crpp3,0.25,3,3,TTTGGATAGTGCCGTGACGG,0,775319
crpp3,0.25,3,3,TTTGCCGTGCATCTAGTAAA,0,772949
crpp3,0.25,3,3,TTTGCCAACGTTTTAGATGC,0,766948
crpp3,0.25,3,3,TTTGAACCGATGAGCGTCTG,0,760460
crpp3,0.25,3,3,TTTCGTTGTGCATGATCCAG,0,775101
crpp3,0.25,3,3,TTTCCACACTTGACTCGAAT,0,759453
crpp3,0.25,3,3,TTTCAGGATGTAGTTAACAT,0,762391
crpp3,0.25,3,3,TTTCAATACGAATTAGATGG,0,780011
crpp3,0.25,3,3,TTTATGTATGATCAGAGGGA,0,766688
crpp3,0.25,3,3,TTTACGGAACCTTGCTAAAC,0,776285
crpp3,0.25,3,3,TTGTCTCTGCAAGAATAAGA,0,775462
crpp3,0.25,3,3,TTGTATTTTTATTATGGAGA,0,759753
crpp3,0.25,3,3,TTGTAATGGCAAGGCGTGAT,0,779785
crpp3,0.25,3,3,TTGTAAGGGACCGCGCTGGC,0,783480
crpp3,0.25,3,3,TTGGTAGTTGGCGCGTTACC,0,774423
crpp3,0.25,3,3,TTGGTAGGACCCGCGTCTAA,0,762814
crpp3,0.25,3,3,TTGGGTTCAGTTTAGTCACT,0,790167
crpp3,0.25,3,3,TTGGGCTTAGCTTGAGATGG,0,769936
crpp3,0.25,3,3,TTGGACCGCGGAGGCGACGC,0,775622
crpp3,0.25,3,3,TTGCTATACGTCTTCGACAT,0,766003
crpp3,0.25,3,3,TTGCCTATTAATGATTGGGA,0,788211
crpp3,0.25,3,3,TTGCCCTCAATATGATAACT,0,763849
crpp3,0.25,3,3,TTGCAAAGGTGCACAGAGAG,0,786765
crpp3,0.25,3,3,TTGAACAAGCGTCTGGTGTT,0,781109
crpp3,0.25,3,3,TTCTGAGACTGGAAGCTGGG,0,771418
crpp3,0.25,3,3,TTCGTTAACATTTGATAAGT,0,764892
crpp3,0.25,3,3,TTCGTATTAACCGCACAAGC,0,780826
crpp3,0.25,3,3,TTCGTAAGCGTCTCGTCGGT,0,763921
crpp3,0.25,3,3,TTCGGGGGACACTGCTCTAA,0,784805
crpp3,0.25,3,3,TTCGGGACTGGCTTAGGCTC,0,770069
crpp3,0.25,3,3,TTCGCGTTTAGAAGACGCAT,0,766119
crpp3,0.25,3,3,TTCCATGAAAAATCTGCCGT,0,785398
crpp3,0.25,3,3,TTCCAGTATACGCGAATCAT,0,764800
crpp3,0.25,3,3,TTCCAGCTAGTTATGGGCAT,0,785148
crpp3,0.25,3,3,TTCAGAAGCAATGATCTGGC,0,766369
crpp3,0.25,3,3,TTATTCCGGCCGAGCTCTAC,0,778662
crpp3,0.25,3,3,TTATGCGCAACGGGATAGAT,0,763373
crpp3,0.25,3,3,TTATATCATTCTGCTCAGAC,0,779918
crpp3,0.25,3,3,TTAGCGGTCGGAGGCAATAC,0,776997
crpp3,0.25,3,3,TTACTTCGTCTCTTAATCTT,0,766882
crpp3,0.25,3,3,TTACTCGAAACCCTTCACTT,0,761497
crpp3,0.25,3,3,TTACGTCGTTTGCTGTTGAA,0,773414
crpp3,0.25,3,3,TTACGGGTTAGGGGCTGCCG,0,763214
crpp3,0.25,3,3,TTACCATGCCAGGGGATCCT,0,790296
crpp3,0.25,3,3,TTAATAGTTGCATCTCAGTC,0,784115
crpp3,0.25,3,3,TTAAGGGGTGATCCCGCTAT,0,774403
crpp3,0.25,3,3,TTAAGCCGCCCTCACCACAC,0,779525
crpp3,0.25,3,3,TTAAATAACACTGAGATGAA,0,779808
crpp3,0.25,3,3,TGTTGTGCACGCACGATGCC,0,783096
crpp3,0.25,3,3,TGTGGAGAGCGCCCTCTCGT,0,786970
crpp3,0.25,3,3,TGTGCACTCGGCGGGGCGTG,0,770351
crpp3,0.25,3,3,TGTCGGTGGAGGGCAGAGGA,0,778506
crpp3,0.25,3,3,TGTCCAAGCTCATTTAGCGG,0,771096
crpp3,0.25,3,3,TGTATAACTATTAATAGTGG,0,774228
crpp3,0.25,3,3,TGGTTTGGCCAGAACAGTAA,0,768109
crpp3,0.25,3,3,TGGTGCGAGCATAAGTATCA,0,789333
crpp3,0.25,3,3,TGGTCTTTGGAAGGTATATG,0,785139
crpp3,0.25,3,3,TGGTACAGCATCATTAAAAA,0,761992
crpp3,0.25,3,3,TGGGACCTGGTTATGTGCCA,0,762690
crpp3,0.25,3,3,TGGCGTAATACATTATTACT,0,760632
crpp3,0.25,3,3,TGGCACTTGGGTCGCGCTTA,0,758548
crpp3,0.25,3,3,TGGAGTCAGCTCCTTTGGTC,0,774273
crpp3,0.25,3,3,TGGAGAAATACTCACACTAT,0,787334
crpp3,0.25,3,3,TGGACTTCTACGGCTTATTG,0,762159
crpp3,0.25,3,3,TGGAATACTGAATGATTATA,0,771488
crpp3,0.25,3,3,TGCTGCGTAGTGGACTTTAA,0,763254
crpp3,0.25,3,3,TGCGCGGTAAAACTGCATCA,0,786980
crpp3,0.25,3,3,TGCGCCGACGAAGGTTAAGG,0,780113
crpp3,0.25,3,3,TGCGAAGCATGCGTGCCGCA,0,783131
crpp3,0.25,3,3,TGCCTCTAATCGAGATGTCG,0,768093
crpp3,0.25,3,3,TGCCGGCCATTTTCGGCGGG,0,776612
crpp3,0.25,3,3,TGCCCCACCTCCATAAGTTC,0,779877
crpp3,0.25,3,3,TGCACCATTTTGCTATCCGG,0,767374
crpp3,0.25,3,3,TGATTACACTCGATAGGCCA,0,787306
crpp3,0.25,3,3,TGATGGAAACAGCTCACTAA,0,782740
crpp3,0.25,3,3,TGATATGATCGGTTGAGTTA,0,780699
crpp3,0.25,3,3,TGATAATCTACGCGGTATGC,0,784159
crpp3,0.25,3,3,TGAGTCATTTGTGGGATAGC,0,771070
crpp3,0.25,3,3,TGAGCGGTTTAAAGTTGGGT,0,775069
crpp3,0.25,3,3,TGACTTATTCCGAAATACGT,0,777018
crpp3,0.25,3,3,TGAATCTGCCACATAGTGAG,0,764729
crpp3,0.25,3,3,TGAACATGCCAGCGTTCGAA,0,776201
crpp3,0.25,3,3,TCTTCACCTAAACTGTGGCA,0,765946
crpp3,0.25,3,3,TCTGGCTTCACACATATCGT,0,763168
crpp3,0.25,3,3,TCTGGACCACATCACAAGTA,0,776440
crpp3,0.25,3,3,TCTGCTAGGGGCGAAGCACA,0,760023
crpp3,0.25,3,3,TCTGATTACTTACCTCTTAA,0,763870
crpp3,0.25,3,3,TCTCTAGGCCTCAAGGTCTG,0,781106
crpp3,0.25,3,3,TCTCCCCTACGCGCGCCATG,0,785744
crpp3,0.25,3,3,TCTATCCGCCTCGTTCGGTG,0,782664
crpp3,0.25,3,3,TCTACCCTTCGACATATAGT,0,778103
crpp3,0.25,3,3,TCTAAGAAACGCCTTCACTC,0,763001
crpp3,0.25,3,3,TCGTGTCCAATGTACATCTA,0,764080
crpp3,0.25,3,3,TCGTGATGAGGTCCCCCGCC,0,782701
crpp3,0.25,3,3,TCGTCCCAGCGTCTCGTTTC,0,781505
crpp3,0.25,3,3,TCGGGGTCCAAACCATCTAT,0,760410
crpp3,0.25,3,3,TCGGCCCGTGTCTAACGGGC,0,771985
crpp3,0.25,3,3,TCGCGTATCTTACGGCCATG,0,762428
crpp3,0.25,3,3,TCGCCTGTTGTAGAGCGCTC,0,785895
crpp3,0.25,3,3,TCGAGTGCAGGATGTCTGTT,0,786938
crpp3,0.25,3,3,TCCTTACGAACTGCCCACGA,0,784847
crpp3,0.25,3,3,TCCTGGAGTTCCGCCAGGGG,0,786228
crpp3,0.25,3,3,TCCTCCCAGATCGTGTCGTG,0,775733
crpp3,0.25,3,3,TCCGGTCCACAGCGCAGGGG,0,776544
crpp3,0.25,3,3,TCCGCTCAATAAGGATGAGA,0,784563
crpp3,0.25,3,3,TCCCTAAAGCGGGGTCGATC,0,779104
crpp3,0.25,3,3,TCCCAGAATATATCGATCGT,0,788510
crpp3,0.25,3,3,TCCCAATGGGAACACACCTG,0,766258
crpp3,0.25,3,3,TCCAGCCACAGTAGGTGATG,0,784389
crpp3,0.25,3,3,TCCAATGCCCTGTGATGACT,0,778402
crpp3,0.25,3,3,TCATCACCGACGTGCTGATT,0,782760
crpp3,0.25,3,3,TCAGTCCGTGCGATGGAGGC,0,786125
crpp3,0.25,3,3,TCAGGCCACACCTTCTTGTT,0,778789
crpp3,0.25,3,3,TCACTACTCGAATTAAATTT,0,783093
crpp3,0.25,3,3,TCACGTTTGCCTGATCCTTT,0,777803
crpp3,0.25,3,3,TCACCTTTTGACTACAAAAC,0,780294
crpp3,0.25,3,3,TCACCGACGTTAAGCAGTAG,0,784853
crpp3,0.25,3,3,TCACATTGTAGGGATGTGAA,0,779843
crpp3,0.25,3,3,TCAATGGATGGGGATGGTAC,0,773466
crpp3,0.25,3,3,TCAAGCCCGTCCCGCTGTGA,0,763292
crpp3,0.25,3,3,TCAACACGTTAGAGAGAGAT,0,777810
crpp3,0.25,3,3,TCAAACGGGGCCTTTAGGGT,0,785287
crpp3,0.25,3,3,TATTTTGGACATATAGGGAA,0,763592
crpp3,0.25,3,3,TATTTGGAATGACATTGAGG,0,774216
crpp3,0.25,3,3,TATTTCCCTCAATGTGCTTC,0,766909
crpp3,0.25,3,3,TATTGCCAAGGCATATAGAA,0,768170
crpp3,0.25,3,3,TATTCGCCGCGCGCTGGGAC,0,772136
crpp3,0.25,3,3,TATTACCCTGTGGCATTTTT,0,774063
crpp3,0.25,3,3,TATTACAGCGCAAAACCGCA,0,790493
crpp3,0.25,3,3,TATGTTCTTTATGTAACTGA,0,777314
crpp3,0.25,3,3,TATGTGAATAAAGCAACTCG,0,778555
crpp3,0.25,3,3,TATGGCCGGAGTCCCAGGAT,0,766746
crpp3,0.25,3,3,TATGGATGTGCCGAAATAAT,0,760073
crpp3,0.25,3,3,TATGAGGCTGCTAGAGCGCC,0,764896
crpp3,0.25,3,3,TATCTGCTTTCCCCTTAAAG,0,791159
crpp3,0.25,3,3,TATCGTACAACCTAGCACGT,0,789336
crpp3,0.25,3,3,TATCGGGGCTATCAGTCGCC,0,788156
crpp3,0.25,3,3,TATCGATTTCGGTATGGGAG,0,762622
crpp3,0.25,3,3,TATCAGCTGTCGTTTGGATC,0,777387
crpp3,0.25,3,3,TATAGGGTATTTTAGAGTTA,0,762044
crpp3,0.25,3,3,TATAGACTGTTGGCCATCCC,0,763283
crpp3,0.25,3,3,TATAATAACACAGTAGCCGA,0,775619
crpp3,0.25,3,3,TAGGGGTATGGCTGGATAGA,0,762799
crpp3,0.25,3,3,TAGGATGCTGCTTGTCTGGT,0,758889
crpp3,0.25,3,3,TAGCGAGAAGCGTAACAGAA,0,772984
crpp3,0.25,3,3,TAGCCTGCTAACTGTATCCA,0,776586
crpp3,0.25,3,3,TACTCTGCCAACCAAGCGAT,0,790708
crpp3,0.25,3,3,TACTCAAAGCTCGGGGGACT,0,762528
crpp3,0.25,3,3,TACGGGCCATCCAAGGCTGA,0,778182
crpp3,0.25,3,3,TACGCACCGATAGGGGTAAA,0,766149
crpp3,0.25,3,3,TACCGACAGCTAGATATTGC,0,790916
crpp3,0.25,3,3,TACCCTTGCCTGTAGCGTAC,0,768696
crpp3,0.25,3,3,TACATTCCTCCCGCCCTGTA,0,758514
crpp3,0.25,3,3,TAATTTGGTAGCCGCGCGGC,0,779894
crpp3,0.25,3,3,TAATCATGGAAAGTGACAGC,0,783392
crpp3,0.25,3,3,TAATAGCTTGACTGCCTCTC,0,779759
crpp3,0.25,3,3,TAATAATACCTCTGATTTTA,0,763797
crpp3,0.25,3,3,TAAGGGTCCGGCCGGTAGAG,0,768698
crpp3,0.25,3,3,TAAGGCAGGCGCCGTACATA,0,781005
crpp3,0.25,3,3,TAACGCCTGCATTCCTTATG,0,768278
crpp3,0.25,3,3,TAACCTTTCTATGCCGGAGG,0,785983
crpp3,0.25,3,3,TAAATACCGCGTTTCTCGAG,0,769121
crpp3,0.25,3,3,TAAATAAGGGCTTCCGACGT,0,790834
crpp3,0.25,3,3,TAAAGCGCCGGAAATACCAA,0,785357
crpp3,0.25,3,3,TAAACTTTTAGGAAGTTATA,0,766516
crpp3,0.25,3,3,GTTTAGCTCCTTCTTCAAAG,0,770060
crpp3,0.25,3,3,GTTGGCGGGTTAATTTACAT,0,761641
crpp3,0.25,3,3,GTTGGAGCTATAGTTAGGTC,0,760018
crpp3,0.25,3,3,GTTGCTCAGTGGCACTTCCG,0,789959
crpp3,0.25,3,3,GTTCGTCTAGTACGCCTCAT,0,764830
crpp3,0.25,3,3,GTTCGGACTGGTCTGAGTAT,0,760367
crpp3,0.25,3,3,GTTCGAGATTGGTGGCCGGG,0,759892
crpp3,0.25,3,3,GTTAACCTTAGCCGTAGTTG,0,785511
crpp3,0.25,3,3,GTGTGATTCAACCCCACGCC,0,771052
crpp3,0.25,3,3,GTGTCTTCCTTAATTCTGTA,0,779366
crpp3,0.25,3,3,GTGTATACGTCCTGAATCGA,0,779707
crpp3,0.25,3,3,GTGTACACGAATCGGTACTG,0,769480
crpp3,0.25,3,3,GTGGTATCTGAGAAGACGAG,0,771637
crpp3,0.25,3,3,GTGGGGAAGTTTTTTCCTCC,0,775385
crpp3,0.25,3,3,GTGGCCCTACGGGTAAAGGA,0,783020
crpp3,0.25,3,3,GTGGACTGAATCCTCTGCTC,0,760966
crpp3,0.25,3,3,GTGCACATGAGAACCATGTC,0,786387
crpp3,0.25,3,3,GTGATTCTCAGATCCGCTTG,0,772007
crpp3,0.25,3,3,GTGAGGTTGGGATCGGGTGC,0,789412
crpp3,0.25,3,3,GTGAGGTCCATGTTTTCAAG,0,788822
crpp3,0.25,3,3,GTGAGCGTGATTCCTGTCGG,0,789653
crpp3,0.25,3,3,GTCTTCACGGGTATGAGCAG,0,760264
crpp3,0.25,3,3,GTCGTAGTGGGCGTGTCTGA,0,776973
crpp3,0.25,3,3,GTCCGGCTTACGCGCAAATT,0,776101
crpp3,0.25,3,3,GTCCGAGGCCAGGTAATCCT,0,778208
crpp3,0.25,3,3,GTCCGAATCGTCGCCTCCAC,0,763079
crpp3,0.25,3,3,GTCATAATTCTCTGAAGATC,0,770264
crpp3,0.25,3,3,GTCACGTGACCTGACCGCGG,0,786204
crpp3,0.25,3,3,GTCACCCGGTGAACTAGACC,0,770704
crpp3,0.25,3,3,GTCACAGGACATTTCGCTTC,0,764497
crpp3,0.25,3,3,GTATACCCGCCGGTGCATCA,0,781949
crpp3,0.25,3,3,GTAGAAGCCTCTTTAGTGAT,0,758528
crpp3,0.25,3,3,GTACCTGAAGTTGGTCGGTA,0,761979
crpp3,0.25,3,3,GTACCGCATGCGACGATAGG,0,769478
crpp3,0.25,3,3,GTACCCGCCGAAAAGATCGT,0,775548
crpp3,0.25,3,3,GTAAGTGGATGCTTAAGTCA,0,772505
crpp3,0.25,3,3,GTAAACGTATGCAGTTGAGG,0,772844
crpp3,0.25,3,3,GTAAACCTGGTGTGCTTATA,0,787634
crpp3,0.25,3,3,GTAAAATACCGTTCTACAAC,0,770265
crpp3,0.25,3,3,GGTTTTTGGCAGTTGTTTAC,0,766788
crpp3,0.25,3,3,GGTGTTGGCCCCAATTGGGT,0,772091
crpp3,0.25,3,3,GGTGTCCTGTTCGGGGACAG,0,783998
crpp3,0.25,3,3,GGTGGTGTGGGCAGGCAAGA,0,786147
crpp3,0.25,3,3,GGTGGGATCTCCCTCGTGTT,0,770977
crpp3,0.25,3,3,GGTGCGTGTGGCTATGCTAC,0,789341
crpp3,0.25,3,3,GGTGCACCGCTTGCCATTCC,0,763369
crpp3,0.25,3,3,GGTGAAGACGAGACTCCGAG,0,779851
crpp3,0.25,3,3,GGTGAAATTTAAACCATTTA,0,786660
crpp3,0.25,3,3,GGTCTCGTTAAGGTTTGCTT,0,783584
crpp3,0.25,3,3,GGTCCGAGTACCAGGGGTAC,0,760509
crpp3,0.25,3,3,GGTCCCGACACCCGGCTCCT,0,771117
crpp3,0.25,3,3,GGTACTAGAAGCCATCCCCT,0,771509
crpp3,0.25,3,3,GGTACGATAAAAACACTGGA,0,789680
crpp3,0.25,3,3,GGGTTATCTTTCTCAAAAAT,0,784317
crpp3,0.25,3,3,GGGTGCCGGGCCAACAGCCC,0,789274
crpp3,0.25,3,3,GGGTGAATACCGGTGGTTAG,0,789922
crpp3,0.25,3,3,GGGTACCTGATGCCGATGGG,0,769144
crpp3,0.25,3,3,GGGCGCGTGAGCCCCGTTCA,0,784369
crpp3,0.25,3,3,GGGCGAGGTAGTCGGCACAA,0,782901
crpp3,0.25,3,3,GGGATCCGGGGAATCCAGTG,0,785805
crpp3,0.25,3,3,GGGAGAGATACCAGATCTAG,0,788497
crpp3,0.25,3,3,GGCTGACGCAGGCGGGCGTC,0,766793
crpp3,0.25,3,3,GGCTCCGCGGTAATTAATGA,0,767550
crpp3,0.25,3,3,GGCGTTCTGCTGAGCCCTCT,0,763687
crpp3,0.25,3,3,GGCGTAGGTAGGGGCAGACT,0,766448
crpp3,0.25,3,3,GGCGGCCTTGCTCGTGGTTA,0,790405
crpp3,0.25,3,3,GGCGGCATGGGGCATCAAAG,0,763217
crpp3,0.25,3,3,GGCGCTAATATAACCTTACA,0,790118
crpp3,0.25,3,3,GGCGAAGCAATGCCCTCAAT,0,778560
crpp3,0.25,3,3,GGCCTAAGCGCATCGCTTAT,0,768571
crpp3,0.25,3,3,GGCCATACAGAAGTCGCATG,0,768169
crpp3,0.25,3,3,GGCACACCCAATGTATAGAT,0,761962
crpp3,0.25,3,3,GGATGGAAACAAATACTTTT,0,779948
crpp3,0.25,3,3,GGATGCTGAGGAGAGATTCT,0,763697
crpp3,0.25,3,3,GGATGATGCCGCCTGGGGTT,0,786799
crpp3,0.25,3,3,GGATCGCCTTTGCTCTCTGG,0,764032
crpp3,0.25,3,3,GGAGGTGTACCGCTCATCTT,0,782878
crpp3,0.25,3,3,GGAGGGGGAGCGGTTCAGAA,0,765408
crpp3,0.25,3,3,GGAGCCCCGCTATCCTCCGA,0,771553
crpp3,0.25,3,3,GGAGCACAGGAGAACGTTCT,0,786393
crpp3,0.25,3,3,GGAGAAGGGTTGTGGATGTG,0,770722
crpp3,0.25,3,3,GGACCCATGAGGTCGTGGAA,0,771045
crpp3,0.25,3,3,GGACATGAACCTGCCGTCCA,0,762136
crpp3,0.25,3,3,GGACATCAATCTCCGGCCCT,0,765532
crpp3,0.25,3,3,GGACAACTGAACGGAGAATC,0,781836
crpp3,0.25,3,3,GGAATGACGCCCGACAAGTC,0,787194
crpp3,0.25,3,3,GGAAAAGACAGCCATCCTAT,0,770211
crpp3,0.25,3,3,GGAAAAAAGTCGGATGGGAA,0,777021
crpp3,0.25,3,3,GCTTTGAGGTTCTATTTAGT,0,762386
crpp3,0.25,3,3,GCTTTAAGCTTAATAGAGAC,0,762623
crpp3,0.25,3,3,GCTGCGTTATAAAACTAAGC,0,764229
crpp3,0.25,3,3,GCTCGTGCTTTGTCGCCAAC,0,778509
crpp3,0.25,3,3,GCTATCCTCAGATACGAGTA,0,782034
crpp3,0.25,3,3,GCTAGAGTAATAGGTCTCTT,0,789294
crpp3,0.25,3,3,GCTACGGGTGACGAATGAGT,0,762672
crpp3,0.25,3,3,GCTACCATTAGAAAAGCACG,0,788610
crpp3,0.25,3,3,GCTACCAAGGTCTTCACTCC,0,775104
crpp3,0.25,3,3,GCTAAGGCCTACGCCCTGGA,0,784002
crpp3,0.25,3,3,GCTAACTACACACGGGCCAA,0,782290
crpp3,0.25,3,3,GCGTGCCCACCCTCTCCTGA,0,786493
crpp3,0.25,3,3,GCGTAAAACTGACAGGTTTT,0,787457
crpp3,0.25,3,3,GCGGTACGGCCACCTAGTTG,0,762491
crpp3,0.25,3,3,GCGGGAACGATTAAACGATA,0,778477
crpp3,0.25,3,3,GCGCGGAAAGGCACTGGACT,0,764699
crpp3,0.25,3,3,GCGCCTCCTGGGGTACAGTG,0,760205
crpp3,0.25,3,3,GCGCCAGATTTCATCTTACC,0,759081
crpp3,0.25,3,3,GCGCATCTCTGGCTTTTCAG,0,780199
crpp3,0.25,3,3,GCGAGAGAACCGCTGTAGCT,0,770656
crpp3,0.25,3,3,GCCGATACGTGGGAATCTCT,0,760217
crpp3,0.25,3,3,GCCGACGTTTTGGCCTCTGC,0,785449
crpp3,0.25,3,3,GCCGAAGACATCGAGAGCTC,0,763822
crpp3,0.25,3,3,GCCCCTTTGTGTTTCTGAAT,0,780663
crpp3,0.25,3,3,GCCCCTCTCAGGCCGGGAAG,0,780161
crpp3,0.25,3,3,GCCCCCAGTAGTGCCGGTAT,0,773985
crpp3,0.25,3,3,GCCCATTGGCAGTGGGTGCT,0,759709
crpp3,0.25,3,3,GCCATGTTATTATACGGTAC,0,789939
crpp3,0.25,3,3,GCCATCTAGAAGGTCGGCTC,0,759457
crpp3,0.25,3,3,GCATGGCAGCGTTCGGTTAT,0,790208
crpp3,0.25,3,3,GCATATTTTATAGGGGAAGA,0,768786
crpp3,0.25,3,3,GCAGTCATCACTTCCTCGGT,0,766857
crpp3,0.25,3,3,GCAGCGCTCACATGCGAGGG,0,789363
crpp3,0.25,3,3,GCAGCAGACCGAGGTAAATC,0,772959
crpp3,0.25,3,3,GCACCAAGCGTCCCAACCAT,0,779416
crpp3,0.25,3,3,GCAACATCCGAACGTACAAT,0,765687
crpp3,0.25,3,3,GCAACAGCTTTGCTTAATTC,0,785566
crpp3,0.25,3,3,GATTGAGTAGAAAGATGCGT,0,760266
crpp3,0.25,3,3,GATTGACTGCCTTTCGTAGG,0,777055
crpp3,0.25,3,3,GATGTAAACCCTTAGTCAAC,0,776986
crpp3,0.25,3,3,GATGGGCTCGGGCGATTCAG,0,766371
crpp3,0.25,3,3,GATGATTCGCAGCATACTAT,0,789273
crpp3,0.25,3,3,GATCTTCGAAGGCGGTTGGA,0,779232
crpp3,0.25,3,3,GATCTGGTGGTTCCGAACAT,0,770384
crpp3,0.25,3,3,GATCGTTAAAACCCTTGTGG,0,778763
crpp3,0.25,3,3,GATCCTCCGATGCATGGGAA,0,790683
crpp3,0.25,3,3,GATCAGCAATTTGTAATACA,0,778825
crpp3,0.25,3,3,GATATCGTGGTGCATTCACG,0,775200
crpp3,0.25,3,3,GATAGGTGGGGTACAAGGGA,0,759784
crpp3,0.25,3,3,GATAGAAGGCAATCAGGAAA,0,778380
crpp3,0.25,3,3,GATACAACATCGACAATGGG,0,776724
crpp3,0.25,3,3,GAGTTCCTAGCACCCGGCTT,0,783721
crpp3,0.25,3,3,GAGTTAAATGTAATTGGTGT,0,785673
crpp3,0.25,3,3,GAGTGTCACAACGTACACCA,0,772142
crpp3,0.25,3,3,GAGTGCATAACAGTACCTGC,0,788574
crpp3,0.25,3,3,GAGGCGCTATTTGGGCCGTG,0,776998
crpp3,0.25,3,3,GAGGATCGCTGCGTTCTGCC,0,764327
crpp3,0.25,3,3,GAGGATAAACTCATTGGGGC,0,760417
crpp3,0.25,3,3,GAGGAGCGAGCTGCTGTCCC,0,761977
crpp3,0.25,3,3,GAGCGGCCGGTCTCACATCT,0,782609
crpp3,0.25,3,3,GAGCGACGTTCAGTCTAAAG,0,760724
crpp3,0.25,3,3,GAGCGAAGTGCTGTAGCGAT,0,775402
crpp3,0.25,3,3,GAGATCCGATTACCCCGCGC,0,764748
crpp3,0.25,3,3,GAGATCAAACGGGTCGCGGC,0,779524
crpp3,0.25,3,3,GAGAAAGGGAGTGCCTTACT,0,787379
crpp3,0.25,3,3,GACTGCAATCAGTGTACAGG,0,786561
crpp3,0.25,3,3,GACGCTTTATAGTTCAGACT,0,759582
crpp3,0.25,3,3,GACGCTGCTGAAATAGCGCT,0,778801
crpp3,0.25,3,3,GACGAGCATCAATTCACTTT,0,767076
crpp3,0.25,3,3,GACGAAGTTGTCTGTAGTCT,0,788389
crpp3,0.25,3,3,GACCCCGTTCGAGCGTTGCG,0,778818
crpp3,0.25,3,3,GACAGGTGGTACATTTGTAC,0,779400
crpp3,0.25,3,3,GACAACAAAAACCACTCGAA,0,777843
crpp3,0.25,3,3,GAATCTCCGTCCTGGGACTT,0,778299
crpp3,0.25,3,3,GAATCCAAGCGTAAAGGGTG,0,789950
crpp3,0.25,3,3,GAAGGCGCCGAATGGGGTGG,0,790583
crpp3,0.25,3,3,GAAGCCACCTACCGGGTGCG,0,784501
crpp3,0.25,3,3,GAAGATAGGCCATTGTACAT,0,784296
crpp3,0.25,3,3,GAAGACCACTCACAGCAATA,0,786588
crpp3,0.25,3,3,GAACGAACGCCAGGAGTTTT,0,788055
crpp3,0.25,3,3,GAACATGGGGTATCCTGTAA,0,789671
crpp3,0.25,3,3,GAAATCTTTGCCCTTGGTCT,0,781134
crpp3,0.25,3,3,GAAAGCATCAGCGAAACCTA,0,774032
crpp3,0.25,3,3,GAAACCAGAATACAGAGCCT,0,778663
crpp3,0.25,3,3,CTTTTTGACCGCAGCCGCTC,0,760816
crpp3,0.25,3,3,CTTTGTGATCAGATGTATCT,0,773640
crpp3,0.25,3,3,CTTGTGAGGTTACCCTATCC,0,773311
crpp3,0.25,3,3,CTTGGTGATTAGTATTATCG,0,777197
crpp3,0.25,3,3,CTTAGGTGATAGCATTTATC,0,784328
crpp3,0.25,3,3,CTTAGCGCGACTAAGCACGC,0,786110
crpp3,0.25,3,3,CTTAGATTCATTTGACGTAC,0,790204
crpp3,0.25,3,3,CTGTGTGTGACAGAGTAAGA,0,769241
crpp3,0.25,3,3,CTGTGGGTGACGCCGGTCCA,0,776928
crpp3,0.25,3,3,CTGTATTCCAGCGAACGATC,0,768155
crpp3,0.25,3,3,CTGGTAGGTTGATTCAAGGC,0,759330
crpp3,0.25,3,3,CTGGGGGGAACATTGGTGTA,0,780058
crpp3,0.25,3,3,CTGGCCTGAGATAAACGTCG,0,788173
crpp3,0.25,3,3,CTGGAGGATCATTAAGAGAA,0,788217
crpp3,0.25,3,3,CTGCTCAGGGCGAGCATCTA,0,791144
crpp3,0.25,3,3,CTGCGGGGTTGTCGTCCCCA,0,788009
crpp3,0.25,3,3,CTCTGCATGTGTTGGCAGAA,0,781820
crpp3,0.25,3,3,CTCTACGCTCTTTGTAGGAC,0,777855
crpp3,0.25,3,3,CTCGTTATGAAGACAGCACT,0,759529
crpp3,0.25,3,3,CTCGGCCGAGCGTATAAGCA,0,761825
crpp3,0.25,3,3,CTCCTTGAGGCTCGTTTATC,0,765763
crpp3,0.25,3,3,CTCCGATGTCGGCAGCTATC,0,787880
crpp3,0.25,3,3,CTCCACGGTCACCTCTGTAC,0,785679
crpp3,0.25,3,3,CTATCTGAGTTCAGAACCAG,0,774744
crpp3,0.25,3,3,CTATCTCACCCACCTGTGGT,0,773732
crpp3,0.25,3,3,CTATCCAAGTTGTCGTCTGG,0,790812
crpp3,0.25,3,3,CTAGTGACAGAGGTGGTTGG,0,785296
crpp3,0.25,3,3,CTACGGTCAGGCCAATAAAT,0,786907
crpp3,0.25,3,3,CTACGATCAGGGTGGGGTGT,0,785888
crpp3,0.25,3,3,CTACCACTTAAGGTGCAACT,0,773651
crpp3,0.25,3,3,CTACATAGCATTGTTAAAGC,0,771189
crpp3,0.25,3,3,CTACAGACGATCTCAATTAT,0,785019
crpp3,0.25,3,3,CTACACGGACAGGGACCTTC,0,789758
crpp3,0.25,3,3,CTAATCTCCATCAGTCTCGC,0,788471
crpp3,0.25,3,3,CTAAAAGAAGTTTTATAGGG,0,766868
crpp3,0.25,3,3,CGTTACGCAGAGGATCTGCC,0,770761
crpp3,0.25,3,3,CGTTAAAGGATGCACAAATC,0,781569
crpp3,0.25,3,3,CGTTAAAGCGTTTTACCTTA,0,780992
crpp3,0.25,3,3,CGTGTTTATCACGGGTGATG,0,774306
crpp3,0.25,3,3,CGTGATTGGTCGTGACACCT,0,762582
crpp3,0.25,3,3,CGTGAGTGCGACCGGCCATT,0,765339
crpp3,0.25,3,3,CGTCTGATAACTTTCCCTGT,0,761562
crpp3,0.25,3,3,CGTCGTCCCTTCCCTTCGGG,0,782467
crpp3,0.25,3,3,CGTATAACCTACTACTCATG,0,772734
crpp3,0.25,3,3,CGTACAGCTCGGGCGGGTTC,0,775038
crpp3,0.25,3,3,CGGTTCAACCGTATCCGATG,0,766993
crpp3,0.25,3,3,CGGTGTGGCTCAAGGCGCCA,0,781069
crpp3,0.25,3,3,CGGTCCCTGCGGACTACAAT,0,777448
crpp3,0.25,3,3,CGGGTCGCCAGGTATTCAAC,0,761517
crpp3,0.25,3,3,CGGGGTCAGAAACTAGGGTG,0,786076
crpp3,0.25,3,3,CGGGGGAGAGTACTCGGCAG,0,787328
crpp3,0.25,3,3,CGGGGCAAGTCAAAAGGCAT,0,763779
crpp3,0.25,3,3,CGGGACTTAATCTCAGCTTG,0,788024
crpp3,0.25,3,3,CGGCGCAATATTTTTCCACT,0,769161
crpp3,0.25,3,3,CGGCATACTTACGCGCCTCC,0,784711
crpp3,0.25,3,3,CGGCAGTAGGTACGTACGGA,0,791008
crpp3,0.25,3,3,CGGCAACAAGGAGAACGAGT,0,786171
crpp3,0.25,3,3,CGGATGGAGGTGTGTGTGGA,0,789342
crpp3,0.25,3,3,CGGATCTACCACGCCCAGCC,0,779403
crpp3,0.25,3,3,CGGATCCCTATACCACGTGT,0,789208
crpp3,0.25,3,3,CGGAAGCCTGGCTCCGGAAT,0,780873
crpp3,0.25,3,3,CGCTCGGAGGAGCACTAGCT,0,790523
crpp3,0.25,3,3,CGCTAAATACGTATACCACT,0,759213
crpp3,0.25,3,3,CGCGTTCCGAGACATTACAG,0,777891
crpp3,0.25,3,3,CGCGTTACTGTGGCTCTGGA,0,786658
crpp3,0.25,3,3,CGCGCGGATTGCAAAAAGGG,0,761894
crpp3,0.25,3,3,CGCGCGATCAGCGGGAGGGG,0,760036
crpp3,0.25,3,3,CGCCCTGGTTTATATAAACT,0,759388
crpp3,0.25,3,3,CGCAGTAACAAGTCAAAATC,0,771902
crpp3,0.25,3,3,CGCAAGCAAAAACCAATAAC,0,764190
crpp3,0.25,3,3,CGATTACTTTCGCGTACACT,0,788847
crpp3,0.25,3,3,CGATGTTCCTCTATATAAGC,0,783129
crpp3,0.25,3,3,CGATGGGGGCACCTTTTAAA,0,788670
crpp3,0.25,3,3,CGATGACGGGGTTCGCAATT,0,764066
crpp3,0.25,3,3,CGATCTATGGGATCGGTAAG,0,790672
crpp3,0.25,3,3,CGATCCGAAAGTCACACGGC,0,761549
crpp3,0.25,3,3,CGATACAGCCCGCCTCAACT,0,785897
crpp3,0.25,3,3,CGATAACTATGCCTTGCGGC,0,778879
crpp3,0.25,3,3,CGATAAACCCCGTTTCTTCT,0,779667
crpp3,0.25,3,3,CGAGCCGTGGACCCGCCCGT,0,764112
crpp3,0.25,3,3,CGAGCCAGAGACCTGACGGT,0,775816
crpp3,0.25,3,3,CGACGGAGTAGGACGCGATG,0,760463
crpp3,0.25,3,3,CGAATAATGGCCCGTAATTG,0,765693
crpp3,0.25,3,3,CGAAGGCGGAGCGAAGAAAT,0,769908
crpp3,0.25,3,3,CGAAGACGGACTCCAGGGTT,0,763524
crpp3,0.25,3,3,CCTTTCATGATTGGTGTTGT,0,779543
crpp3,0.25,3,3,CCTTGGTGACACGCAATCGA,0,769360
crpp3,0.25,3,3,CCTTGGGAAACCGCGGTACG,0,760067
crpp3,0.25,3,3,CCTTCCAAGGAAAGGGGGAG,0,762948
crpp3,0.25,3,3,CCTGGTGGCGCGCGTTTACA,0,761908
crpp3,0.25,3,3,CCTGGGGATCGCTGAGGACT,0,786446
crpp3,0.25,3,3,CCTGCAATGTCAGTGCGCGA,0,768829
crpp3,0.25,3,3,CCTCTAAGGTGTACGGCATC,0,788097
crpp3,0.25,3,3,CCTCGAGATGTTTAATTCTC,0,783568
crpp3,0.25,3,3,CCTCCGCCAGTAGGTGCGAC,0,759303
crpp3,0.25,3,3,CCTATTGGCCAACCCCGAAT,0,765270
crpp3,0.25,3,3,CCTATCAGGGAGAGTTTCTG,0,760916
crpp3,0.25,3,3,CCTATAAAACAAATGCAAAA,0,782264
crpp3,0.25,3,3,CCTAGGCCCGTGTCCGTGCG,0,779476
crpp3,0.25,3,3,CCTACGTCAAGGTTTGGGAT,0,776709
crpp3,0.25,3,3,CCTAAAGGCGCAATCGAAGA,0,767470
crpp3,0.25,3,3,CCGTTGCTATCACGAATTGT,0,775369
crpp3,0.25,3,3,CCGTCGGTTTCGAGTAACGT,0,770316
crpp3,0.25,3,3,CCGTCGGAATCTTACCCTCA,0,772161
crpp3,0.25,3,3,CCGTCCAGATACCAGCGAAT,0,770501
crpp3,0.25,3,3,CCGTCACGGCCAACCCGAAT,0,769527
crpp3,0.25,3,3,CCGTAGAAGCCAACTAATAC,0,780881
crpp3,0.25,3,3,CCGTAACGCTGGAAGTGTCT,0,781249
crpp3,0.25,3,3,CCGGGTCTCTGTACAAAGCC,0,766422
crpp3,0.25,3,3,CCGGGGCTTCGGAGGCACGT,0,777358
crpp3,0.25,3,3,CCGGCGTCTACGGTGTCGAG,0,771196
crpp3,0.25,3,3,CCGGCAGTTCGGAGTAAGTC,0,773973
crpp3,0.25,3,3,CCGGATCCGCGTACATTCGC,0,763818
crpp3,0.25,3,3,CCGCTTTATAGGATCTTGCC,0,773746
crpp3,0.25,3,3,CCGCGCGTTATCTTCCCCAT,0,778856
crpp3,0.25,3,3,CCGCGAAAGCAAGAGGGGAC,0,783414
crpp3,0.25,3,3,CCGCCGCGGTCATTTGTAAA,0,785969
crpp3,0.25,3,3,CCGCCCTGGGCGGGTACGTC,0,760765
crpp3,0.25,3,3,CCGATCCGCTAGCCAAAATG,0,765712
crpp3,0.25,3,3,CCGAGTCGATATACTGGTGG,0,767642
crpp3,0.25,3,3,CCGAGGCCGTATGAATTTAG,0,783809
crpp3,0.25,3,3,CCGAGCGACCGCGTCTAGAA,0,773307
crpp3,0.25,3,3,CCGAATGGATTTGCGCGATG,0,782363
crpp3,0.25,3,3,CCGAAGATCTCAATGCGGAT,0,772869
crpp3,0.25,3,3,CCGAAGATAAATTTACTTGA,0,764575
crpp3,0.25,3,3,CCGAAAGTCTTTCCAAGTAT,0,779155
crpp3,0.25,3,3,CCCTCGCACAGTTTGACAGA,0,776631
crpp3,0.25,3,3,CCCTAGGAAATAACCCCACC,0,773212
crpp3,0.25,3,3,CCCGTTAGGAGGTAGTACGT,0,788815
crpp3,0.25,3,3,CCCGCGGCTGATGATCGGTA,0,778730
crpp3,0.25,3,3,CCCCGGAGTCCCTGGGGATC,0,785858
crpp3,0.25,3,3,CCCCGAGATTCCTAGAGAAG,0,789068
crpp3,0.25,3,3,CCCATTTCCGCTATCGCTAG,0,782421
crpp3,0.25,3,3,CCCATTGGTCCAGGTCCAAG,0,781955
crpp3,0.25,3,3,CCCATTCTTGTGTAGAGCCT,0,760701
crpp3,0.25,3,3,CCCATCGCAATCAAGTCCTA,0,763958
crpp3,0.25,3,3,CCCAGGACCATTGGCCATCC,0,786621
crpp3,0.25,3,3,CCCAGCAAGTACCCTTGCGG,0,776642
crpp3,0.25,3,3,CCCACGATGCTACGAACCAC,0,770244
crpp3,0.25,3,3,CCATTCGCAAAAAAACCCCG,0,784118
crpp3,0.25,3,3,CCATCGCCCTGGTAATATGT,0,778325
crpp3,0.25,3,3,CCATACAGTACCCGTTTTGC,0,760920
crpp3,0.25,3,3,CCAGCACGTAAAACCGGAAG,0,765965
crpp3,0.25,3,3,CCAGATTTCAGCAGTTTTAA,0,763379
crpp3,0.25,3,3,CCAGACTTGTACTATGGGAT,0,790958
crpp3,0.25,3,3,CCACGCGCGGCATTCCTTTG,0,782945
crpp3,0.25,3,3,CCACCTTAATCTGGCAATAT,0,787427
crpp3,0.25,3,3,CCACAGGAAAAGCTACACGA,0,770298
crpp3,0.25,3,3,CCAATTTTATACTAAATACG,0,773030
crpp3,0.25,3,3,CCAATTTACCCTGTTCTGCA,0,769711
crpp3,0.25,3,3,CCAATGGCACTGACAGGGGT,0,783760
crpp3,0.25,3,3,CCAAATATCCTGGCAACCAT,0,765143
crpp3,0.25,3,3,CCAAAATGCTATAAAAGATA,0,784104
crpp3,0.25,3,3,CATTGTGTAACGTAGGTCTA,0,785188
crpp3,0.25,3,3,CATTGAACACACTCGGCTGT,0,767721
crpp3,0.25,3,3,CATTCGATTGGTTGATTAGA,0,765828
crpp3,0.25,3,3,CATTATCAGAGCCTTTGAAC,0,772480
crpp3,0.25,3,3,CATTAGGTCGCCCCAGTTAC,0,773381
crpp3,0.25,3,3,CATGTTCACCGGCTATTCCT,0,769840
crpp3,0.25,3,3,CATGCCGCATCCCTTCAAGG,0,758643
crpp3,0.25,3,3,CATGAGTGACAAGGTAGAGC,0,787720
crpp3,0.25,3,3,CATCTGCCGCGAAGAGTCGG,0,763414
crpp3,0.25,3,3,CATCTGAACAGCCGTATCGG,0,769909
crpp3,0.25,3,3,CATCGACTGCGGGTATTACT,0,786219
crpp3,0.25,3,3,CATCATAAGCTCGGGACCTA,0,790315
crpp3,0.25,3,3,CATAGTGTAGGTTCATTTAT,0,788590
crpp3,0.25,3,3,CATAGGGGCATGCACGGGGA,0,786786
crpp3,0.25,3,3,CATAATCCGGCCTACCAAGG,0,786891
crpp3,0.25,3,3,CATAAGGTTACACAGTTTAT,0,762637
crpp3,0.25,3,3,CAGTTCTTGCATTTGCTGAC,0,777669
crpp3,0.25,3,3,CAGTGTAGTAGCGCTTCTGT,0,768347
crpp3,0.25,3,3,CAGTCTTGTCACTACCGGGA,0,771954
crpp3,0.25,3,3,CAGTCAGTGGCACGCTTCCG,0,769796
crpp3,0.25,3,3,CAGTATTCTGGTCACGTGAA,0,762465
crpp3,0.25,3,3,CAGGTCACTGACTTTATGAA,0,768317
crpp3,0.25,3,3,CAGGGTCCAGTTAACGTTAT,0,788058
crpp3,0.25,3,3,CAGGGATTTAACGCTCCAGA,0,778107
crpp3,0.25,3,3,CAGGAAGCTAAACCATAGGT,0,782348
crpp3,0.25,3,3,CAGCCGAGAAGAACTACGCT,0,789859
crpp3,0.25,3,3,CAGATTCACCCGGGGGAGTA,0,772058
crpp3,0.25,3,3,CAGACCCAGGTGATCGATCT,0,766775
crpp3,0.25,3,3,CAGAATCGTGGGATCGGGTC,0,786659
crpp3,0.25,3,3,CACTTCCATACGACCTATTC,0,780215
crpp3,0.25,3,3,CACTGTAAGCTTAGGTACCT,0,783764
crpp3,0.25,3,3,CACTGATGGTAAAAGAATGA,0,779205
crpp3,0.25,3,3,CACGTTGGGGATGTTAAGCC,0,764836
crpp3,0.25,3,3,CACGTCCCGCGTGAGTTGCT,0,781763
crpp3,0.25,3,3,CACGGCTTCGCGATTGCCTT,0,777472
crpp3,0.25,3,3,CACCGGTTATATACTACGGG,0,774020
crpp3,0.25,3,3,CACCAACATTAGGAGACCAA,0,787099
crpp3,0.25,3,3,CACAGTTCACTATAGCTCAC,0,774163
crpp3,0.25,3,3,CAATTTGCATCTTGACGCTC,0,783389
crpp3,0.25,3,3,CAATCGTATTGATCAGTTGG,0,771211
crpp3,0.25,3,3,CAATCCGTTGTGGGACAGGT,0,788539
crpp3,0.25,3,3,CAATAGTCTCGGAAAAATGG,0,764952
crpp3,0.25,3,3,CAATAGCGCGGACTATCTTT,0,782129
crpp3,0.25,3,3,CAAGTATCGTCCTGCCGTCA,0,759288
crpp3,0.25,3,3,CAAGGGTTGAGGAAAGAATT,0,785563
crpp3,0.25,3,3,CAAGGATCATGATTGCGCCT,0,770738
crpp3,0.25,3,3,CAAGATTGTTAGGCGTCAGA,0,791194
crpp3,0.25,3,3,CAACTGACTCTTACATGATG,0,761365
crpp3,0.25,3,3,CAACTCGGCGCGTGTTAGGA,0,773729
crpp3,0.25,3,3,CAACGTATCTAGGGAGGTCT,0,778765
crpp3,0.25,3,3,CAACGCCCAGGTTTAATGCA,0,771897
crpp3,0.25,3,3,CAACCTTGAACGTAGCGAAT,0,771162
crpp3,0.25,3,3,CAACCTCCGGTGTACCTTGT,0,780803
crpp3,0.25,3,3,CAACCAGAGGAAGTCGAATA,0,786940
crpp3,0.25,3,3,ATTTGCACCGGATTTTCTCT,0,773533
crpp3,0.25,3,3,ATTTCGCAGCAGGCGTCGCG,0,775347
crpp3,0.25,3,3,ATTTAGAGACATGACGAATT,0,772467
crpp3,0.25,3,3,ATTGATCACGGTCGAGGTGG,0,772253
crpp3,0.25,3,3,ATTGAGACTGCTAGTATATT,0,759484
crpp3,0.25,3,3,ATTCTCCACACCCGATAATC,0,766725
crpp3,0.25,3,3,ATTCCTGAAGATTCCATGGC,0,786229
crpp3,0.25,3,3,ATTCCTAGAGGTCAGGTGCC,0,773884
crpp3,0.25,3,3,ATTCAAGGCCGGACAGGAAC,0,763181
crpp3,0.25,3,3,ATTCAAACTCGGTGCTAAAT,0,785379
crpp3,0.25,3,3,ATTAGTCGTCTGTCGATCTG,0,778085
crpp3,0.25,3,3,ATTAGGATAAAAACAGGTAG,0,784465
crpp3,0.25,3,3,ATTAGCGGTTAGTACTTGCG,0,780038
crpp3,0.25,3,3,ATTACTCAGCTTCTCTCAGG,0,784730
crpp3,0.25,3,3,ATTACAAGCAATTGCTTTTT,0,780052
crpp3,0.25,3,3,ATTAATAGAGGCTTGCAGCG,0,769172
crpp3,0.25,3,3,ATTAAGCACGGTGGGCAAAG,0,785193
crpp3,0.25,3,3,ATTAAAACGGAGTGTACTAT,0,774258
crpp3,0.25,3,3,ATGTTATCAGTGGCGCGCGG,0,785615
crpp3,0.25,3,3,ATGTGTCCGGCTAGCTCCTT,0,788377
crpp3,0.25,3,3,ATGTGTCAGAAATACCATAG,0,774704
crpp3,0.25,3,3,ATGGATTAACCTGTGATCCA,0,773851
crpp3,0.25,3,3,ATGGATGGACCGGATCGCAG,0,783867
crpp3,0.25,3,3,ATGCGCCAAGGGAATGTCTT,0,767379
crpp3,0.25,3,3,ATGCGAAAACTGATGATATG,0,767581
crpp3,0.25,3,3,ATGCCACGGATCGGGTTGGA,0,784227
crpp3,0.25,3,3,ATGCAGGCAAGTCGTTTACA,0,765608
crpp3,0.25,3,3,ATGCAGCAAGGTGGGGTCCT,0,763074
crpp3,0.25,3,3,ATGAGTGGAGCAATTCTCCA,0,784480
crpp3,0.25,3,3,ATGACGCGTGATATCAGACT,0,773938
crpp3,0.25,3,3,ATCTTACAGAATATAGCACG,0,760819
crpp3,0.25,3,3,ATCTTACAACTCTAAATGAG,0,789941
crpp3,0.25,3,3,ATCTGGTTACCGACACGGCA,0,788790
crpp3,0.25,3,3,ATCTCTATTCCCTTTATCCA,0,785045
crpp3,0.25,3,3,ATCTCTACTTTGCATGAGCT,0,767990
crpp3,0.25,3,3,ATCTATCAAGCAAAGTGGTT,0,779908
crpp3,0.25,3,3,ATCGTGCGTCCCATAAAAAG,0,790430
crpp3,0.25,3,3,ATCGGTAGCTCCAATAAGAA,0,771327
crpp3,0.25,3,3,ATCGGGTATTCATACTATTT,0,769078
crpp3,0.25,3,3,ATCGCTGTCTGTCACAATAC,0,775953
crpp3,0.25,3,3,ATCCGGCAGATGAGACTCTG,0,764037
crpp3,0.25,3,3,ATCCCGTGTCTATACACGCG,0,764837
crpp3,0.25,3,3,ATCCATGATAATCCTCCATC,0,767663
crpp3,0.25,3,3,ATCCAGAACATGAGTGTACA,0,773965
crpp3,0.25,3,3,ATCAGCCACTACTTATAGTG,0,772896
crpp3,0.25,3,3,ATCAAGCTGTTATGAAGCTG,0,759352
crpp3,0.25,3,3,ATATTTGAACGCAAGTATTG,0,789019
crpp3,0.25,3,3,ATATTCCTCGAGCTGTCAGA,0,774479
crpp3,0.25,3,3,ATATCGTTGTTCTAGATTAA,0,781676
crpp3,0.25,3,3,ATATAGAATATGCGAGTAGG,0,772322
crpp3,0.25,3,3,ATATACTCCGAAATAAGTCC,0,776180
crpp3,0.25,3,3,ATACGTGCAACAGAACGACC,0,788582
crpp3,0.25,3,3,ATACACTGCAGCTACTGACC,0,780569
crpp3,0.25,3,3,ATAATTACCAGGGATCGGGA,0,759826
crpp3,0.25,3,3,ATAACAAGGTGCTCTCTTGG,0,763522
crpp3,0.25,3,3,AGTTGCACTAGGCAGGTTTC,0,765364
crpp3,0.25,3,3,AGTTAACAACCAGTTCCAAC,0,764106
crpp3,0.25,3,3,AGTGGCGGGTACATTCCGTG,0,785748
crpp3,0.25,3,3,AGTGCACTTGTACGATCTTC,0,773751
crpp3,0.25,3,3,AGTGACACCGAGGGAAGCTA,0,759641
crpp3,0.25,3,3,AGTCCCGGTAGGGTTCCGGC,0,763090
crpp3,0.25,3,3,AGTAGCTGGCTTAGCTAGTT,0,790539
crpp3,0.25,3,3,AGTAATTAACTTAGTAGAAT,0,778106
crpp3,0.25,3,3,AGTAATCAGCGGCCTCGGAA,0,758697
crpp3,0.25,3,3,AGTAAGACGAATTTTGATTA,0,783558
crpp3,0.25,3,3,AGTAAAAAATATCAGATACC,0,786350
crpp3,0.25,3,3,AGGTGTAAACTTTGTGGTGA,0,790646
crpp3,0.25,3,3,AGGTCTAGTACCTACCGGTT,0,782765
crpp3,0.25,3,3,AGGTCCCGTCTACATTCAGT,0,783308
crpp3,0.25,3,3,AGGTCCCCTCATTAATCCTG,0,771823
crpp3,0.25,3,3,AGGGTGGTTAGCTTAACATG,0,775116
crpp3,0.25,3,3,AGGGTAAGTCTGCAGGCAGT,0,786454
crpp3,0.25,3,3,AGGGGCTATAGGACCGGCGT,0,771305
crpp3,0.25,3,3,AGGGCCGATACTTCGATCAA,0,772567
crpp3,0.25,3,3,AGGGAGTCCGGGTTTTGAAG,0,771479
crpp3,0.25,3,3,AGGGAGCGAAGTATAGACAT,0,773320
crpp3,0.25,3,3,AGGCCGCATGTATTTCAGCA,0,760066
crpp3,0.25,3,3,AGGCCCGACATATTCGTAAG,0,785423
crpp3,0.25,3,3,AGGCATCCAACCAGACGGAA,0,785698
crpp3,0.25,3,3,AGGAGTACCACCGTAGCCTT,0,783932
crpp3,0.25,3,3,AGGAGGGACCCTGAGGAAAA,0,769522
crpp3,0.25,3,3,AGGAGAGGTGAGACAGGTTG,0,784624
crpp3,0.25,3,3,AGGACTCTGACCACGGGGTT,0,790959
crpp3,0.25,3,3,AGGACGTACACAAAACTCCC,0,787912
crpp3,0.25,3,3,AGGACAGTGTATGCGCGCGC,0,788264
crpp3,0.25,3,3,AGGACACCACAACCAGTCCT,0,768533
crpp3,0.25,3,3,AGGAAATCCTACGGTAAAGA,0,788247
crpp3,0.25,3,3,AGCTTCGCGAGGGTCGAGGT,0,780603
crpp3,0.25,3,3,AGCTCTCCTATAACATGACA,0,768759
crpp3,0.25,3,3,AGCGTACTGTCTTTAACCGT,0,761769
crpp3,0.25,3,3,AGCGACATTTACGGCGAATT,0,768243
crpp3,0.25,3,3,AGCCGAATGTCTAGATGTGT,0,786087
crpp3,0.25,3,3,AGCCACCCATGTTTCCCGAC,0,778407
crpp3,0.25,3,3,AGCCAATGCGATTCGGGTTT,0,777455
crpp3,0.25,3,3,AGCACCACCGACGTGTTGGA,0,790500
crpp3,0.25,3,3,AGATCGTCCCATCATAGACA,0,766577
crpp3,0.25,3,3,AGATAGTCTCTTCCCTCAAA,0,759924
crpp3,0.25,3,3,AGATAGGAAAATCTCTTTCA,0,770256
crpp3,0.25,3,3,AGATACTGTTCTCTATGGTC,0,777506
crpp3,0.25,3,3,AGATAAGTATTCAAATCGCC,0,789494
crpp3,0.25,3,3,AGAGTGTTTAATCTCTTCGA,0,765390
crpp3,0.25,3,3,AGAGCTCCGGGCCGGATTGG,0,764193
crpp3,0.25,3,3,AGAGACTTCAGCGGCTATAG,0,775547
crpp3,0.25,3,3,AGACCCTTGGATACGCTCAT,0,791017
crpp3,0.25,3,3,AGACCACTTTATCAGACCTG,0,790134
crpp3,0.25,3,3,AGAATGACCGGGGCGACACT,0,789135
crpp3,0.25,3,3,AGAATCCCTCAGGAACACGA,0,783895
crpp3,0.25,3,3,AGAAGCGGCACTCCAAAGCT,0,775868
crpp3,0.25,3,3,ACTTAGATCATGTTTAACGA,0,784120
crpp3,0.25,3,3,ACTGTTGCTACTGAGCGTAT,0,780482
crpp3,0.25,3,3,ACTGGAAAGTCGCGTATCGT,0,773110
crpp3,0.25,3,3,ACTGAAGAGAGCTTCGCACG,0,782721
crpp3,0.25,3,3,ACTCTTGTGAGCAGATTCTC,0,770719
crpp3,0.25,3,3,ACTCTTGCAGTGTGGCCTTA,0,759583
crpp3,0.25,3,3,ACTCTCCAGAACTGTAATAG,0,785223
crpp3,0.25,3,3,ACTCGCCTCTAGTCGTAGCG,0,780882
crpp3,0.25,3,3,ACTCACCGACACAACGCGTT,0,762769
crpp3,0.25,3,3,ACTAGCACCTGTGTATACGA,0,759415
crpp3,0.25,3,3,ACGTCCAAAAGGAGTTCAGT,0,787292
crpp3,0.25,3,3,ACGTATCAGGTCGCCCCGCA,0,787793
crpp3,0.25,3,3,ACGGTTGACGGCTAATAATA,0,789202
crpp3,0.25,3,3,ACGGTTCCCACGGTTTAAGG,0,762444
crpp3,0.25,3,3,ACGGTGCAATTCGTACTTCA,0,770044
crpp3,0.25,3,3,ACGGTCCGCATTCCACTATG,0,784650
crpp3,0.25,3,3,ACGGGTTTCTCTCTCAACAG,0,786872
crpp3,0.25,3,3,ACGGGGTTTGCGTAGGCCAA,0,780641
crpp3,0.25,3,3,ACGGCAACCTCAGGCCTTTG,0,789090
crpp3,0.25,3,3,ACGGAGTCATTGAAAGATTG,0,762171
crpp3,0.25,3,3,ACGGAGGTTCACATTAGGAG,0,787004
crpp3,0.25,3,3,ACGGAGGAGAAGGAGATCGT,0,776213
crpp3,0.25,3,3,ACGCTGCAATCAGACGGATC,0,773103
crpp3,0.25,3,3,ACGCGATGTACGCCGAAGTA,0,765330
crpp3,0.25,3,3,ACGCCAGGCCCGTCGATACA,0,781236
crpp3,0.25,3,3,ACGATTTGGAACAGTTGTAG,0,785495
crpp3,0.25,3,3,ACGAGTGGAATGTGCCCGGC,0,773290
crpp3,0.25,3,3,ACCTTGAAGTAGATCAAAGG,0,785292
crpp3,0.25,3,3,ACCGCTACCGTGGCGCTTAA,0,790854
crpp3,0.25,3,3,ACCGCGATTTACGTTTCCAG,0,782450
crpp3,0.25,3,3,ACCGACACGTGCGTCAGATA,0,769790
crpp3,0.25,3,3,ACCCGGCCACCCACTGGCGA,0,777510
crpp3,0.25,3,3,ACCCCCCTTGCGTTGTGTCC,0,776398
crpp3,0.25,3,3,ACCCCACATTATTTGCGGAG,0,786945
crpp3,0.25,3,3,ACCCATTAACTTCATAAGGT,0,790101
crpp3,0.25,3,3,ACCAGTGTTGATCACAAGAC,0,771428
crpp3,0.25,3,3,ACCAGGCTCTAAAACAGGCG,0,761757
crpp3,0.25,3,3,ACCAACGCATCGCTTCGCAG,0,791083
crpp3,0.25,3,3,ACATTGGGTTGGTGCTTGGA,0,771850
crpp3,0.25,3,3,ACATTACAGACGTGAAGCAA,0,777674
crpp3,0.25,3,3,ACATCCGGAATCTCGAAGAA,0,781924
crpp3,0.25,3,3,ACATCCCCATGAGATTTAGC,0,781090
crpp3,0.25,3,3,ACAGTCGTATTAAAGCCGTT,0,767218
crpp3,0.25,3,3,ACAGGTTGGACGTTAGATCG,0,764517
crpp3,0.25,3,3,ACAGGAATGCTGACTGTATT,0,775475
crpp3,0.25,3,3,ACACTAACCGACCAATACCA,0,770270
crpp3,0.25,3,3,ACACATTCTCGTGTGCGACG,0,766381
crpp3,0.25,3,3,ACACAGAACGCTGGCAATGC,0,786330
crpp3,0.25,3,3,ACAATCCTTATCATTTGACA,0,780497
crpp3,0.25,3,3,AATTTTTCGGACTTGCCATG,0,770744
crpp3,0.25,3,3,AATTTTGCTGGGAGTGTACA,0,765051
crpp3,0.25,3,3,AATTAGTGTGACACTGCCGG,0,776125
crpp3,0.25,3,3,AATTACCGGCCCATAGTTGT,0,783607
crpp3,0.25,3,3,AATGTTAATCAAGGCGACCG,0,768429
crpp3,0.25,3,3,AATGTGGTGTTCGGGGTATG,0,769025
crpp3,0.25,3,3,AATGCGTGGGCGCTTAAGGT,0,777800
crpp3,0.25,3,3,AATGCGAACAGCCTCATGGG,0,777210
crpp3,0.25,3,3,AATCTGATAAAGGACTTAGT,0,778467
crpp3,0.25,3,3,AATCAGTCGTCCACGTGCGA,0,761396
crpp3,0.25,3,3,AATATCCTAGACCCTGGCTC,0,776103
crpp3,0.25,3,3,AATAGGGATCCGATCCAATT,0,772443
crpp3,0.25,3,3,AAGTTTATCTTATGCGCTAG,0,780425
crpp3,0.25,3,3,AAGTTGGCCAGCAAGAATCC,0,767853
crpp3,0.25,3,3,AAGTGTTCAACCGCAATTGG,0,770681
crpp3,0.25,3,3,AAGTGCCTTCCTTTGGATCC,0,770373
crpp3,0.25,3,3,AAGTAGACAGCATCACTACA,0,783621
crpp3,0.25,3,3,AAGGTTACAAGGCACCAAGT,0,781341
crpp3,0.25,3,3,AAGGTGGTGGACTGGCTGGA,0,788971
crpp3,0.25,3,3,AAGGTATAACATTTTAATGA,0,767798
crpp3,0.25,3,3,AAGGGTAGGTGAAGAGACGT,0,764300
crpp3,0.25,3,3,AAGGCCTGCTAATTGCGCTT,0,772752
crpp3,0.25,3,3,AAGGAGAGGGAGGTCGGTTG,0,779061
crpp3,0.25,3,3,AAGCCTGACAACAAGCCGGA,0,786803
crpp3,0.25,3,3,AAGAACATAGCGAATACTTC,0,784225
crpp3,0.25,3,3,AAGAAAATAAGTCCGGACCC,0,783108
crpp3,0.25,3,3,AACTGGGCGCCTAAGTGTGC,0,781277
crpp3,0.25,3,3,AACTCTCTTTGCCCAGCGGT,0,768496
crpp3,0.25,3,3,AACTCCACATAGCTGTTGCT,0,790825
crpp3,0.25,3,3,AACTACGCGCACCGGGGTTA,0,768973
crpp3,0.25,3,3,AACGTGTCTAGGACGAGCAA,0,760426
crpp3,0.25,3,3,AACGGTTCTTCCTCGAAGCA,0,785881
crpp3,0.25,3,3,AACGGCCGTCCGCTAGCCGG,0,784400
crpp3,0.25,3,3,AACGCCGCTTTTCTCATGTT,0,775202
crpp3,0.25,3,3,AACGAATAGCTTGCCATATG,0,790355
crpp3,0.25,3,3,AACCGCATAGCCAGACGTTT,0,782039
crpp3,0.25,3,3,AACCATTCGCCGCGTAAGAA,0,771186
crpp3,0.25,3,3,AACACGTTCAGGAGCTTTTC,0,769767
crpp3,0.25,3,3,AACAATGTTAGTGGGCACGA,0,776543
crpp3,0.25,3,3,AAATCAGCCGTATTGGAGAC,0,776343
crpp3,0.25,3,3,AAATATAAGCTGGCGATTAT,0,764768
crpp3,0.25,3,3,AAAGTTTGTTCCGCCATGCA,0,784862
crpp3,0.25,3,3,AAAGGTGCTGTCGCTTAATG,0,783940
crpp3,0.25,3,3,AAAGGGGCGTCCCACGCATG,0,759865
crpp3,0.25,3,3,AAAGCCAGGAGTCAAACGTA,0,764570
crpp3,0.25,3,3,AAAGAATTGGCTTGGGTGGC,0,774765
crpp3,0.25,3,3,AAACGCGGGTTGTCAGCCCC,0,789010
crpp3,0.25,3,3,AAACGCCCATCCTAACCTAA,0,788319
crpp3,0.25,3,3,AAACGAAGGATATTTCCAGG,0,778848
crpp3,0.25,3,3,AAAATTTCTGTGAGTCTGAC,0,789904
crpp3,0.25,3,3,AAAATGACGGGGGCTAACTT,0,762408
crpp3,0.25,3,3,AAAATAAGAAGTCTGGAAAA,0,776190
crpp3,0.25,3,3,AAAAATGTTCGCCCCCACCC,0,758901
crpp3,0.25,3,3,AAAAAGCAATATCCCGGAGA,0,776013
crpp3,0.25,3,3,AAAAAACTGCTCTGACCTTG,0,774222
crpp3,0.3333333333333333,2,2,TTTTTCATGGACCCCCAGAG,0,780511
crpp3,0.3333333333333333,2,2,TTTTGTATGCTTGGGTGAGG,0,767626
crpp3,0.3333333333333333,2,2,TTTTGGTACGCAGAATAGTG,0,764429
crpp3,0.3333333333333333,2,2,TTTTGCCCGTAATATCGTTA,0,770655
crpp3,0.3333333333333333,2,2,TTTTCTCTATTTACACAGTA,0,772249
crpp3,0.3333333333333333,2,2,TTTTATCTAAGGGGCCTACA,0,761974
crpp3,0.3333333333333333,2,2,TTTTAGGCGTACGCGAATTC,0,764096
crpp3,0.3333333333333333,2,2,TTTTAGAATCGTTCTGTAAC,0,782463
crpp3,0.3333333333333333,2,2,TTTGTACTCGGATCTCTACA,0,780614
crpp3,0.3333333333333333,2,2,TTTGGTATAGGAAAGCAGTA,0,781326
crpp3,0.3333333333333333,2,2,TTTGGGAAGTAGTGACGCTT,0,764628
crpp3,0.3333333333333333,2,2,TTTGGCAGGATTCAAAGGCC,0,772022
crpp3,0.3333333333333333,2,2,TTTGAATGCAACGACCCTAC,0,790164
crpp3,0.3333333333333333,2,2,TTTCTGTATGGCAGCGCCTG,0,770660
crpp3,0.3333333333333333,2,2,TTTAGGGGAGTATCATGGTC,0,763624
crpp3,0.3333333333333333,2,2,TTTACACAGTTGTGCCGGGC,0,788708
crpp3,0.3333333333333333,2,2,TTTAAGTTCCTGCGTCCGTT,0,766067
crpp3,0.3333333333333333,2,2,TTTAAGGCGGAGGACGGAGA,0,762967
crpp3,0.3333333333333333,2,2,TTGTGGCGAGGGGCTTCGCC,0,776667
crpp3,0.3333333333333333,2,2,TTGTCGGAACCATCGTTATT,0,760377
crpp3,0.3333333333333333,2,2,TTGTCAAAGCTCGGTATCTA,0,791000
crpp3,0.3333333333333333,2,2,TTGGTAATGGTACGGGGTCT,0,771640
crpp3,0.3333333333333333,2,2,TTGGGGTCATTCTAGAATGA,0,783339
crpp3,0.3333333333333333,2,2,TTGGGGGCCGAGGTTGAACT,0,772312
crpp3,0.3333333333333333,2,2,TTGGCGTCATAGGCCGATTC,0,770996
crpp3,0.3333333333333333,2,2,TTGGAGTGCAGGGTTAATCT,0,783569
crpp3,0.3333333333333333,2,2,TTGGAGTCCGTTGTCTTGGA,0,784278
crpp3,0.3333333333333333,2,2,TTGCTATTGCCGCGCACAGT,0,782088
crpp3,0.3333333333333333,2,2,TTGCGTAAACATATTGTCCA,0,784192
crpp3,0.3333333333333333,2,2,TTGCCTACCAAAGTGGCCAC,0,759465
crpp3,0.3333333333333333,2,2,TTGCCGGCCATGAATTTCAA,0,761668
crpp3,0.3333333333333333,2,2,TTGCCAAGGAGTTCGGCCGG,0,765620
crpp3,0.3333333333333333,2,2,TTGACAACTTACCTTAAAGA,0,762677
crpp3,0.3333333333333333,2,2,TTGAAGTCCGGGGCATCCTG,0,765973
crpp3,0.3333333333333333,2,2,TTCTACTGGAAGGGATCGGT,0,784915
crpp3,0.3333333333333333,2,2,TTCGTAAGGTATTCGCCGCA,0,758888
crpp3,0.3333333333333333,2,2,TTCGGAAATATTGGTACGAA,0,776794
crpp3,0.3333333333333333,2,2,TTCGCATCCTCGGGACAAGA,0,790592
crpp3,0.3333333333333333,2,2,TTCCGGTACGCAAAAAGTCT,0,775749
crpp3,0.3333333333333333,2,2,TTCCCTTCAATGTGGAGTTT,0,771548
crpp3,0.3333333333333333,2,2,TTCCCTACGCAACAAGACAA,0,783463
crpp3,0.3333333333333333,2,2,TTCATTGAGCCTTCCAGCCT,0,760284
crpp3,0.3333333333333333,2,2,TTATTCACGTGGCTGGGGAA,0,762768
crpp3,0.3333333333333333,2,2,TTATCTGCTTAATCGAAACA,0,780839
crpp3,0.3333333333333333,2,2,TTATATCGAGGATACAATAA,0,761337
crpp3,0.3333333333333333,2,2,TTAGTGCACCGTAGAGATTA,0,765969
crpp3,0.3333333333333333,2,2,TTAGGGGTCAATAGCTCTGA,0,784507
crpp3,0.3333333333333333,2,2,TTAGGCGTGCTCGATCGCGG,0,790600
crpp3,0.3333333333333333,2,2,TTAGGACAAACTTCACAATA,0,787557
crpp3,0.3333333333333333,2,2,TTAGCGGGGAGGCGCCGTGA,0,778484
crpp3,0.3333333333333333,2,2,TTAGCCTGGACCGCCCGGCA,0,791273
crpp3,0.3333333333333333,2,2,TTAGAACCCGGGATACGAAT,0,773587
crpp3,0.3333333333333333,2,2,TTACTTCAACTATGCGTTCC,0,787076
crpp3,0.3333333333333333,2,2,TTACTTATCCCAAGGCACAA,0,788538
crpp3,0.3333333333333333,2,2,TTACTCCAGGTACATCCAAC,0,779243
crpp3,0.3333333333333333,2,2,TTACCGTACGAACTTGCCCA,0,763265
crpp3,0.3333333333333333,2,2,TTACCGCACGAACGCGCTGC,0,765910
crpp3,0.3333333333333333,2,2,TTACCCAAGGTAGTCTCTCT,0,783179
crpp3,0.3333333333333333,2,2,TTACAGCTGTCTGTGGGCTG,0,776060
crpp3,0.3333333333333333,2,2,TTACAATATGAGCTTCTTAC,0,772338
crpp3,0.3333333333333333,2,2,TTAATTTTACGTATTAGATC,0,770348
crpp3,0.3333333333333333,2,2,TTAAGGGAAGCCTGGGTTAT,0,773139
crpp3,0.3333333333333333,2,2,TTAACATGGTCCAAGTGGAC,0,763496
crpp3,0.3333333333333333,2,2,TTAACACCACGCCTTAGAGT,0,759216
crpp3,0.3333333333333333,2,2,TGTTTGAAGGATGGAATGTC,0,770406
crpp3,0.3333333333333333,2,2,TGTTGTCGGGGATATGGGAT,0,789370
crpp3,0.3333333333333333,2,2,TGTTCGCGATACGCGTTCGT,0,763484
crpp3,0.3333333333333333,2,2,TGTGTTTATCGGACGCCATA,0,784716
crpp3,0.3333333333333333,2,2,TGTGGAGGCCCACAGGGAAA,0,774954
crpp3,0.3333333333333333,2,2,TGTGCTGTAATTGAAAGTCT,0,783890
crpp3,0.3333333333333333,2,2,TGTCCCGGTCGTAGCTGATC,0,773112
crpp3,0.3333333333333333,2,2,TGTATTGTTACTGCAACGGT,0,775409
crpp3,0.3333333333333333,2,2,TGTATCTAGTTAAGAACGCA,0,764658
crpp3,0.3333333333333333,2,2,TGTAGAGAAATTCCAGTGAT,0,762343
crpp3,0.3333333333333333,2,2,TGGTTTTCGTATAAAACTGA,0,762740
crpp3,0.3333333333333333,2,2,TGGTCTTATGTCAAGGCGAA,0,769968
crpp3,0.3333333333333333,2,2,TGGTATTTCTTTCTCATATG,0,767098
crpp3,0.3333333333333333,2,2,TGGGTGTTGGGATGTGGGAT,0,770197
crpp3,0.3333333333333333,2,2,TGGCTCTGAGCGGGGCCCGT,0,769757
crpp3,0.3333333333333333,2,2,TGGCTCGGGGCAAGAAATCG,0,772555
crpp3,0.3333333333333333,2,2,TGGCGGCAGGGGCGCTCGGC,0,776552
crpp3,0.3333333333333333,2,2,TGGATCCTTCAGCAGTAGTG,0,758830
crpp3,0.3333333333333333,2,2,TGGAAGCCGAGTTGCGAGAC,0,789003
crpp3,0.3333333333333333,2,2,TGGAAACGTTAAAAACGTCA,0,787711
crpp3,0.3333333333333333,2,2,TGCTTGGCAGAGAGCATGAC,0,768789
crpp3,0.3333333333333333,2,2,TGCTTCTCAATCAACCTAAG,0,760941
crpp3,0.3333333333333333,2,2,TGCTGGAGATTTGGCTTCAG,0,773976
crpp3,0.3333333333333333,2,2,TGCTCGTCCACAAAGGCAAG,0,782809
crpp3,0.3333333333333333,2,2,TGCGGGGCAGATTATGGCCT,0,790976
crpp3,0.3333333333333333,2,2,TGCGAGTGCGGGCTCAACAA,0,790944
crpp3,0.3333333333333333,2,2,TGCGAACAGTGTAGACAGCT,0,775143
crpp3,0.3333333333333333,2,2,TGCCGGCCCGTGTAGGTTTG,0,764569
crpp3,0.3333333333333333,2,2,TGCAGTCGGACTAGCCTGGA,0,775405
crpp3,0.3333333333333333,2,2,TGCAGCCCTGTTATCCCCGA,0,761697
crpp3,0.3333333333333333,2,2,TGCAATTTCTGGCCGCGAAT,0,770102
crpp3,0.3333333333333333,2,2,TGATTTCGGTCTCTTGACGG,0,780418
crpp3,0.3333333333333333,2,2,TGATAGGGGGACGGGCAGAG,0,767443
crpp3,0.3333333333333333,2,2,TGATAAGTCAAATCTCGACT,0,778495
crpp3,0.3333333333333333,2,2,TGAGGGCGTTCGATTGACCC,0,783003
crpp3,0.3333333333333333,2,2,TGAGGATTAAAAATTGCACA,0,771594
crpp3,0.3333333333333333,2,2,TGACTTTGCAGTCCTAGAAC,0,770818
crpp3,0.3333333333333333,2,2,TGACTTGCTTTAACTTTTGA,0,772983
crpp3,0.3333333333333333,2,2,TGACTGTCAGTGATAATCTG,0,778210
crpp3,0.3333333333333333,2,2,TGACTACTAGCCGACCAGGA,0,791102
crpp3,0.3333333333333333,2,2,TGACATACATGAAATTGGAT,0,760693
crpp3,0.3333333333333333,2,2,TGAATCGTGTGACCAAATTG,0,787331
crpp3,0.3333333333333333,2,2,TGAATAGCTGGTGTGGAGGA,0,779447
crpp3,0.3333333333333333,2,2,TGAAGTAACTAGGGAACCTT,0,778882
crpp3,0.3333333333333333,2,2,TGAACTCCTGGTAAGAAGAG,0,784509
crpp3,0.3333333333333333,2,2,TCTTTGTACTATGATGCTGC,0,767277
crpp3,0.3333333333333333,2,2,TCTTCGCGCCGTCGGACTGC,0,770824
crpp3,0.3333333333333333,2,2,TCTTAGTATCGTAACGAGTT,0,789084
crpp3,0.3333333333333333,2,2,TCTGTTCGGACGCTGCTCGA,0,775394
crpp3,0.3333333333333333,2,2,TCTGGGGGATTCGTTAAAAC,0,760952
crpp3,0.3333333333333333,2,2,TCTCCAAGATTCATGTGCTC,0,783505
crpp3,0.3333333333333333,2,2,TCTAAGCGCAAACGCATCTT,0,782746
crpp3,0.3333333333333333,2,2,TCGTTCCGCGTGATCTACGT,0,773869
crpp3,0.3333333333333333,2,2,TCGTGCGGAACCTTGAACTT,0,779003
crpp3,0.3333333333333333,2,2,TCGTATCTAGACACGATTCG,0,770477
crpp3,0.3333333333333333,2,2,TCGTACCCCAGGGGGGCTCA,0,770766
crpp3,0.3333333333333333,2,2,TCGCCCTCCTACGTCTAGTG,0,785300
crpp3,0.3333333333333333,2,2,TCGCAGCAGGTTAGCGGAGC,0,758705
crpp3,0.3333333333333333,2,2,TCGATGTTAGCTTACCTCTT,0,788160
crpp3,0.3333333333333333,2,2,TCGAATGCCCAGATCGAAAA,0,764783
crpp3,0.3333333333333333,2,2,TCCGAATGAAACTGAGGCAG,0,777671
crpp3,0.3333333333333333,2,2,TCCCGGGTTAACCGGTAGGT,0,782839
crpp3,0.3333333333333333,2,2,TCCCGGCGGTGTACTGATAT,0,780998
crpp3,0.3333333333333333,2,2,TCCCGGCGGATCCAGTGTCT,0,767196
crpp3,0.3333333333333333,2,2,TCCCGGAGATGACAGGCAGC,0,763095
crpp3,0.3333333333333333,2,2,TCCCGATCGCTTCGGGAATT,0,765835
crpp3,0.3333333333333333,2,2,TCCCCGGTCGGGACGGGTTG,0,770350
crpp3,0.3333333333333333,2,2,TCCCCCCTACGCGAAGCCCA,0,779415
crpp3,0.3333333333333333,2,2,TCCAGATAGGGTCCGGTGGG,0,789067
crpp3,0.3333333333333333,2,2,TCATGGCTTCGCACTAGCTG,0,777904
crpp3,0.3333333333333333,2,2,TCATGCGCGGATGCTTGGAG,0,765607
crpp3,0.3333333333333333,2,2,TCATGCCGACCGTAACCGTA,0,769156
crpp3,0.3333333333333333,2,2,TCATCTCCACTCGATGATGT,0,787243
crpp3,0.3333333333333333,2,2,TCATCAATGTATCTGAGTTG,0,764156
crpp3,0.3333333333333333,2,2,TCATAAGTACCGGCAGCGAA,0,777332
crpp3,0.3333333333333333,2,2,TCAGTGCCTAGGGGCACCTT,0,787311
crpp3,0.3333333333333333,2,2,TCAAGTCCGGGAGCCGAGAT,0,783789
crpp3,0.3333333333333333,2,2,TCAAGCCTCATACACACTTT,0,761777
crpp3,0.3333333333333333,2,2,TCAAGCCCCTCCGTCATCGG,0,785898
crpp3,0.3333333333333333,2,2,TATTTTCGTATACGCATCGT,0,772317
crpp3,0.3333333333333333,2,2,TATTCGGCTGATATCGGACA,0,783067
crpp3,0.3333333333333333,2,2,TATTCCATTACGTACCGGGT,0,780883
crpp3,0.3333333333333333,2,2,TATTAGGCTCTGCGAAATAA,0,771312
crpp3,0.3333333333333333,2,2,TATTAAGCCCAGCCAGGTGT,0,766065
crpp3,0.3333333333333333,2,2,TATATCTAGTCAATTCGCGG,0,775313
crpp3,0.3333333333333333,2,2,TATAATTCGCAGGAGCCGAG,0,776897
crpp3,0.3333333333333333,2,2,TAGGTTCCCTAATTACAGGT,0,774418
crpp3,0.3333333333333333,2,2,TAGGTCTAGTGGCTTAGCTG,0,786448
crpp3,0.3333333333333333,2,2,TAGGTCCGTGTATTCGGGTT,0,778429
crpp3,0.3333333333333333,2,2,TAGGGGACTCGTCTATTCGC,0,768622
crpp3,0.3333333333333333,2,2,TAGGGCGGAATCGATCTACG,0,771441
crpp3,0.3333333333333333,2,2,TAGGGAGAGCTAGCGATGCG,0,759633
crpp3,0.3333333333333333,2,2,TAGGAGATTCCACATGCCAG,0,760759
crpp3,0.3333333333333333,2,2,TAGCCTTTGGTTCGTTGTGC,0,788320
crpp3,0.3333333333333333,2,2,TAGCCCTAATCAAGGTATTT,0,766683
crpp3,0.3333333333333333,2,2,TAGCCCGAATCACGTTCCAA,0,789674
crpp3,0.3333333333333333,2,2,TAGATACGCTACGGTCCATT,0,758439
crpp3,0.3333333333333333,2,2,TAGAGGATTGAGCATTGTCG,0,770233
crpp3,0.3333333333333333,2,2,TAGACCTGTGCTTTTTCATC,0,764869
crpp3,0.3333333333333333,2,2,TAGACACTTGCGGACGAACT,0,758909
crpp3,0.3333333333333333,2,2,TACTTCCACGTAGTGCAATA,0,767147
crpp3,0.3333333333333333,2,2,TACTTATTCATGGTGTGAGC,0,764662
crpp3,0.3333333333333333,2,2,TACTAACCCGAGGGTTCGGG,0,785788
crpp3,0.3333333333333333,2,2,TACGGTTGACACGCTGCGCG,0,780479
crpp3,0.3333333333333333,2,2,TACGCACCCATGGGATACGT,0,787575
crpp3,0.3333333333333333,2,2,TACGACACTTTCTATCAAAT,0,775736
crpp3,0.3333333333333333,2,2,TACGAATTACGTCTACTGAC,0,760902
crpp3,0.3333333333333333,2,2,TACCTGTGCTCCGCAGCCTC,0,783106
crpp3,0.3333333333333333,2,2,TACATTGCGTGCGTATACGT,0,789727
crpp3,0.3333333333333333,2,2,TACATATCACTCACCTCTAT,0,772593
crpp3,0.3333333333333333,2,2,TACAGACACACTCGTCCACG,0,776904
crpp3,0.3333333333333333,2,2,TACAACTCCCTTTCATCCAG,0,761888
crpp3,0.3333333333333333,2,2,TAATTGATTTTCTGACGGTT,0,780345
crpp3,0.3333333333333333,2,2,TAATCGGCAGTCAAAAACTC,0,764477
crpp3,0.3333333333333333,2,2,TAATCCATGGGGTAATGCAA,0,766208
crpp3,0.3333333333333333,2,2,TAAGGCGTCGGACCGCCGCA,0,786452
crpp3,0.3333333333333333,2,2,TAAGCTATACTGTTTAGCAT,0,776903
crpp3,0.3333333333333333,2,2,TAACCACCTTATAAATTGCG,0,779821
crpp3,0.3333333333333333,2,2,TAACCAATACTTCGGGTATA,0,783004
crpp3,0.3333333333333333,2,2,TAACACGGGTGAATGTGCGC,0,767605
crpp3,0.3333333333333333,2,2,TAAAGTGCGTGCTCCCAATG,0,765759
crpp3,0.3333333333333333,2,2,TAAAAGGCACATAATCGAAA,0,784764
crpp3,0.3333333333333333,2,2,TAAAACGGGGACGATTGGTG,0,777630
crpp3,0.3333333333333333,2,2,TAAAACATCGGCAACTCTTG,0,769681
crpp3,0.3333333333333333,2,2,GTTTATTGGCATTCTTGGAA,0,776674
crpp3,0.3333333333333333,2,2,GTTTAACCTGGTTGTCCGAT,0,777474
crpp3,0.3333333333333333,2,2,GTTGTAGTTTTTCTATCCAC,0,781817
crpp3,0.3333333333333333,2,2,GTTGCGCAGGTAGGGGGTAA,0,786202
crpp3,0.3333333333333333,2,2,GTTGCGATTATTAATCATCT,0,765685
crpp3,0.3333333333333333,2,2,GTTGAGGTAACGGTGCGCAA,0,786258
crpp3,0.3333333333333333,2,2,GTTGACTAGCTGTCAACAAA,0,788611
crpp3,0.3333333333333333,2,2,GTTCCTGCCCGATTAATGCT,0,767415
crpp3,0.3333333333333333,2,2,GTTCCGCCTAAGATCTTCAG,0,762905
crpp3,0.3333333333333333,2,2,GTTATATTGAAGTTAACACG,0,764673
crpp3,0.3333333333333333,2,2,GTTAATGTAAAGTTAGACCG,0,771178
crpp3,0.3333333333333333,2,2,GTGTTTACTTCCCAGGCACA,0,778884
crpp3,0.3333333333333333,2,2,GTGTGGGTTCCCGCGTCGAG,0,774573
crpp3,0.3333333333333333,2,2,GTGTATAATCTGCGTTATTA,0,769773
crpp3,0.3333333333333333,2,2,GTGTACTCGTCTCTACACGC,0,763209
crpp3,0.3333333333333333,2,2,GTGGTGCGAAGCCTGTTCCG,0,769800
crpp3,0.3333333333333333,2,2,GTGGGCAACCAACTCTTCCC,0,789921
crpp3,0.3333333333333333,2,2,GTGCTTTTTGACTTCCGGTA,0,774260
crpp3,0.3333333333333333,2,2,GTGCCCATCACGATTAACGT,0,766010
crpp3,0.3333333333333333,2,2,GTGCAGGGAGTAATGTCATT,0,767847
crpp3,0.3333333333333333,2,2,GTGAGTTGGCTGAAGGTCAA,0,785171
crpp3,0.3333333333333333,2,2,GTGAGGGTCGGTCCCTTGGT,0,773840
crpp3,0.3333333333333333,2,2,GTGAGGGGCGAAGTGGATTG,0,777694
crpp3,0.3333333333333333,2,2,GTGACTTGCTCGTGGCCACA,0,768178
crpp3,0.3333333333333333,2,2,GTGAATTGAGAATATCGAAA,0,779236
crpp3,0.3333333333333333,2,2,GTCTTCGGGATTCTCAAGTA,0,758906
crpp3,0.3333333333333333,2,2,GTCTTCCCTGATGTTAGTCC,0,784062
crpp3,0.3333333333333333,2,2,GTCGGACTAAGCAGAGGATC,0,789942
crpp3,0.3333333333333333,2,2,GTCGGACGTTGGGTTTATAT,0,768796
crpp3,0.3333333333333333,2,2,GTCGCAGTGAACGCGTGACC,0,779101
crpp3,0.3333333333333333,2,2,GTCCTCCAATCGTACCACTT,0,760124
crpp3,0.3333333333333333,2,2,GTCCGCAGCTATTGTTCATA,0,766953
crpp3,0.3333333333333333,2,2,GTCCGAAACCACCGCGAACA,0,786674
crpp3,0.3333333333333333,2,2,GTCCCCTGGTCGCGCTCGGT,0,787290
crpp3,0.3333333333333333,2,2,GTCCAGGGGGCAGTAATCCT,0,764694
crpp3,0.3333333333333333,2,2,GTCATAAGCCTGCTAGTGGT,0,773256
crpp3,0.3333333333333333,2,2,GTCAGCCGTTAAAACGTTAA,0,764990
crpp3,0.3333333333333333,2,2,GTCACCCTGTACTCAGCGGG,0,759890
crpp3,0.3333333333333333,2,2,GTATTTTCACATCGACCTAA,0,773371
crpp3,0.3333333333333333,2,2,GTATGGTCTTCAATAACTGT,0,764141
crpp3,0.3333333333333333,2,2,GTAGGTGCACTAAATTGCCC,0,787134
crpp3,0.3333333333333333,2,2,GTAGGTCCAGGGGGCTTTTG,0,761747
crpp3,0.3333333333333333,2,2,GTAGAGTTAGGGCGGATCTT,0,785373
crpp3,0.3333333333333333,2,2,GTAGACGAGATCGCGGGTTT,0,776176
crpp3,0.3333333333333333,2,2,GTACTTCCGCGATCAAATTT,0,787362
crpp3,0.3333333333333333,2,2,GTACTCGGGGCCACCAAGTT,0,775932
crpp3,0.3333333333333333,2,2,GGTTGTCAATACGTTACTCT,0,759772
crpp3,0.3333333333333333,2,2,GGTTGAAACGAACCAGCGTA,0,781557
crpp3,0.3333333333333333,2,2,GGTTCTCTGCCTTTCGATTA,0,771934
crpp3,0.3333333333333333,2,2,GGTTCCCAGGCTACATTGGA,0,785854
crpp3,0.3333333333333333,2,2,GGTGTGGTGCCCGACAGCCA,0,770653
crpp3,0.3333333333333333,2,2,GGTGTAAGGGATGCAAATCT,0,767613
crpp3,0.3333333333333333,2,2,GGTGGCTCTCGGGAAGGATA,0,768624
crpp3,0.3333333333333333,2,2,GGTGAGTGACTAGCGATTTT,0,782079
crpp3,0.3333333333333333,2,2,GGTGAGCGTAGAGAGGCAGT,0,764162
crpp3,0.3333333333333333,2,2,GGTCGGTGTTGATCTAGAGT,0,788887
crpp3,0.3333333333333333,2,2,GGTCCGCTCCGATAGGTGGT,0,770967
crpp3,0.3333333333333333,2,2,GGTCACTCCCATAGGCCGCT,0,786469
crpp3,0.3333333333333333,2,2,GGTATTGTGCAGTTAATTTT,0,760487
crpp3,0.3333333333333333,2,2,GGTATCGCCCAGATCAGATC,0,760630
crpp3,0.3333333333333333,2,2,GGTATAATCTATAACTGGGA,0,768969
crpp3,0.3333333333333333,2,2,GGTAGTGCCAGTGTGGGAAG,0,776016
crpp3,0.3333333333333333,2,2,GGTACTTGTAAGCGTAATGA,0,790658
crpp3,0.3333333333333333,2,2,GGTAAGTACCACAAGCCCAC,0,766684
crpp3,0.3333333333333333,2,2,GGTAAAGCGACTGGTACGAA,0,761907
crpp3,0.3333333333333333,2,2,GGTAAACGCTAGAGTCGATC,0,783756
crpp3,0.3333333333333333,2,2,GGGTGTTGGTTGAGGAAGCT,0,759261
crpp3,0.3333333333333333,2,2,GGGTGCTGTTAAATTTCTTT,0,779060
crpp3,0.3333333333333333,2,2,GGGTCCTACGAGGTATTATT,0,759301
crpp3,0.3333333333333333,2,2,GGGTCAGCCGAGCCCCTATA,0,790943
crpp3,0.3333333333333333,2,2,GGGTCAAAATTTAAAGCGCT,0,771533
crpp3,0.3333333333333333,2,2,GGGTAAATAAACATTTGATT,0,773006
crpp3,0.3333333333333333,2,2,GGGGTAGAGATCTCGCCTGG,0,781916
crpp3,0.3333333333333333,2,2,GGGGGACTCCCTACGAGCGA,0,763617
crpp3,0.3333333333333333,2,2,GGGGCTATCCCTATGTTTAG,0,777123
crpp3,0.3333333333333333,2,2,GGGGCCTCGCCAATCAACGA,0,770202
crpp3,0.3333333333333333,2,2,GGGGCCGTACGCTACCCGTC,0,765206
crpp3,0.3333333333333333,2,2,GGGCTGGATACGAAACTGAC,0,758488
crpp3,0.3333333333333333,2,2,GGGCTCCGGGTCCAGCCTGG,0,775294
crpp3,0.3333333333333333,2,2,GGGCTACATAATTCAGAAAT,0,760171
crpp3,0.3333333333333333,2,2,GGGCCGGTGGTTCGGTTGGT,0,774027
crpp3,0.3333333333333333,2,2,GGGCCGGGCAAGCTCGACTG,0,783227
crpp3,0.3333333333333333,2,2,GGGCCGAGGCCAAAACGAAT,0,774142
crpp3,0.3333333333333333,2,2,GGGCCAATAGCAGGTAAGCT,0,768098
crpp3,0.3333333333333333,2,2,GGGATTTACGTCCGTCTAGG,0,759612
crpp3,0.3333333333333333,2,2,GGGAGCTACGATTTGTAGTA,0,781349
crpp3,0.3333333333333333,2,2,GGGAAGAAATGGCAACTGAC,0,776404
crpp3,0.3333333333333333,2,2,GGGAAAGCGGGAGATCACCC,0,759183
crpp3,0.3333333333333333,2,2,GGGAAAACGCTATGAAATTC,0,772605
crpp3,0.3333333333333333,2,2,GGCTTACTGCATTTGTGCGA,0,763677
crpp3,0.3333333333333333,2,2,GGCTGGCAGTTAAGAGTGTT,0,790006
crpp3,0.3333333333333333,2,2,GGCTATTTACGGAGGCGCAA,0,784180
crpp3,0.3333333333333333,2,2,GGCTAACCTACGCTTTTCTT,0,762102
crpp3,0.3333333333333333,2,2,GGCGGGACGCCGAATTTTGG,0,764645
crpp3,0.3333333333333333,2,2,GGCGGGACCAGCTTAGTTTG,0,761936
crpp3,0.3333333333333333,2,2,GGCCTAGAGGCTGTTGGTAT,0,762124
crpp3,0.3333333333333333,2,2,GGCCGGGAAAAACGCCCCAG,0,772861
crpp3,0.3333333333333333,2,2,GGCCCGTTTAGCCGCTATTG,0,764543
crpp3,0.3333333333333333,2,2,GGCCAATGAAAGCGAGATCA,0,771423
crpp3,0.3333333333333333,2,2,GGCCAAGGAGTTAGCCCGAC,0,785812
crpp3,0.3333333333333333,2,2,GGCATTAGGCCACTACAGTC,0,760778
crpp3,0.3333333333333333,2,2,GGCAGTAGGTTTTGTCCTCT,0,780956
crpp3,0.3333333333333333,2,2,GGCAGGAAGTCTCAAGAAAT,0,775124
crpp3,0.3333333333333333,2,2,GGCACCCCCAGCGTTGGGGG,0,783481
crpp3,0.3333333333333333,2,2,GGATTTCCTCTCTAGCTTAT,0,771988
crpp3,0.3333333333333333,2,2,GGATTCGAGGCTCATAAACC,0,784758
crpp3,0.3333333333333333,2,2,GGATGGGGTCCGGGGTCAAT,0,769279
crpp3,0.3333333333333333,2,2,GGATGGCCACCTCATAATTA,0,774279
crpp3,0.3333333333333333,2,2,GGATCGTTTTATGGGCTGGC,0,777627
crpp3,0.3333333333333333,2,2,GGATCACCGGAAAAAAAAAC,0,760366
crpp3,0.3333333333333333,2,2,GGATAGGGCCCACGTAGGAT,0,769607
crpp3,0.3333333333333333,2,2,GGAGGTTCGGAAATGCATAT,0,783066
crpp3,0.3333333333333333,2,2,GGAGGTTCACTGTGCCAAGA,0,778835
crpp3,0.3333333333333333,2,2,GGAGGGGCGTACAATCCTTG,0,775543
crpp3,0.3333333333333333,2,2,GGACTTAGTCCAACTTCTCC,0,758796
crpp3,0.3333333333333333,2,2,GGACGAATCTTCACCCCTTA,0,766916
crpp3,0.3333333333333333,2,2,GGACATCCAATGATGATAGA,0,788639
crpp3,0.3333333333333333,2,2,GGACAATCTGTCTTGCCGGA,0,777198
crpp3,0.3333333333333333,2,2,GGAATCAAATTAAACAATTG,0,779927
crpp3,0.3333333333333333,2,2,GGAATACGGGAAATGGGCGC,0,760604
crpp3,0.3333333333333333,2,2,GGAAGGCCTGTTCAACGAGG,0,787528
crpp3,0.3333333333333333,2,2,GGAACGACCCGGGCCAGCGT,0,772307
crpp3,0.3333333333333333,2,2,GCTTTACAATGGAATCTCGT,0,775662
crpp3,0.3333333333333333,2,2,GCTTGTTGTAATTTTGGAAA,0,767511
crpp3,0.3333333333333333,2,2,GCTTGTAGTTGGATCGCTAC,0,762419
crpp3,0.3333333333333333,2,2,GCTTGCAGTTCTGTCCTTAG,0,778858
crpp3,0.3333333333333333,2,2,GCTTCTGCACGGTAACTCCA,0,788874
crpp3,0.3333333333333333,2,2,GCTGTCCTTGAGTTTTAATC,0,762352
crpp3,0.3333333333333333,2,2,GCTGAGGGAGAGGCAGACTC,0,773686
crpp3,0.3333333333333333,2,2,GCTGACTCTGGTCAGTTCTA,0,780637
crpp3,0.3333333333333333,2,2,GCTCGGGACACACCTGTATT,0,760215
crpp3,0.3333333333333333,2,2,GCTCGCAAATCCCGGGAAGC,0,768676
crpp3,0.3333333333333333,2,2,GCTCATAACTGCCGACACAA,0,783202
crpp3,0.3333333333333333,2,2,GCTACTGGTCCTGGCAGAAG,0,776687
crpp3,0.3333333333333333,2,2,GCTACCAGCCCCTTGTATAT,0,784293
crpp3,0.3333333333333333,2,2,GCTACATCCCGCATTGCAAG,0,759993
crpp3,0.3333333333333333,2,2,GCGTCGTACAATGACCAGGT,0,782926
crpp3,0.3333333333333333,2,2,GCGTCAGCTTTCTTCCCCTA,0,777411
crpp3,0.3333333333333333,2,2,GCGGGGGTCTACGGTGCTTT,0,780860
crpp3,0.3333333333333333,2,2,GCGGGATCAGCGTCGTGTAG,0,788127
crpp3,0.3333333333333333,2,2,GCGGCGGAGTTGCGTTGTTG,0,785152
crpp3,0.3333333333333333,2,2,GCGCTACGAAAGGCTGATGC,0,779896
crpp3,0.3333333333333333,2,2,GCGCCGGCCGGCATAACGGA,0,768975
crpp3,0.3333333333333333,2,2,GCGCACAAGACTTGAATACT,0,777977
crpp3,0.3333333333333333,2,2,GCGCAAGGATATTTTGGCTT,0,788982
crpp3,0.3333333333333333,2,2,GCGAGGTATTAGGTACCAAA,0,791068
crpp3,0.3333333333333333,2,2,GCGACGCGCTTTTTTGGGGT,0,778433
crpp3,0.3333333333333333,2,2,GCGACGCAGATTAACTGAAA,0,767852
crpp3,0.3333333333333333,2,2,GCGACATCCACCTGTAGCTA,0,787757
crpp3,0.3333333333333333,2,2,GCGACAACAACACTCCGGGA,0,759042
crpp3,0.3333333333333333,2,2,GCCTAGTTTAGATGATGGTC,0,780759
crpp3,0.3333333333333333,2,2,GCCGTGACGTACGATTTCCA,0,766926
crpp3,0.3333333333333333,2,2,GCCGTATCGGGATATATAAG,0,783832
crpp3,0.3333333333333333,2,2,GCCGTAGGTGTAGTTGTCAA,0,790143
crpp3,0.3333333333333333,2,2,GCCGGGGAGTGTGACTTAAC,0,782757
crpp3,0.3333333333333333,2,2,GCCGCGCTCGTGCAGGCTCA,0,767418
crpp3,0.3333333333333333,2,2,GCCGCATATGCGAGGTAACG,0,789315
crpp3,0.3333333333333333,2,2,GCCGATATACTGTAATCTGG,0,788739
crpp3,0.3333333333333333,2,2,GCCCTTACGTAGTCTTGGGG,0,773690
crpp3,0.3333333333333333,2,2,GCCCCCCAATGGCCCTGCAG,0,778178
crpp3,0.3333333333333333,2,2,GCCCCCAGATCGCTTTGCCG,0,761656
crpp3,0.3333333333333333,2,2,GCCCCATAAGCGCCAGGGAA,0,760136
crpp3,0.3333333333333333,2,2,GCCATAAACCAACATCATTC,0,764181
crpp3,0.3333333333333333,2,2,GCCAGTCGCCAAAATCCCAC,0,764128
crpp3,0.3333333333333333,2,2,GCCAGAGTTACTGTCCAGCC,0,766601
crpp3,0.3333333333333333,2,2,GCCAAGCAGGCCACAATAGC,0,772339
crpp3,0.3333333333333333,2,2,GCCAAAGAAATAGAGTAACA,0,786701
crpp3,0.3333333333333333,2,2,GCATATGTGCCCGTTGCGGG,0,791121
crpp3,0.3333333333333333,2,2,GCAGTTTAGGTGATAAACGA,0,778976
crpp3,0.3333333333333333,2,2,GCAGTTGGGCGGTAAGAAAA,0,787630
crpp3,0.3333333333333333,2,2,GCAGCGTGAGAGGGGACGAA,0,782252
crpp3,0.3333333333333333,2,2,GCAGACCCACCCACATCTGC,0,788489
crpp3,0.3333333333333333,2,2,GCAGAATCTGTAGAACGAAC,0,782957
crpp3,0.3333333333333333,2,2,GCACGTGTAGGGGTTCAGGA,0,776718
crpp3,0.3333333333333333,2,2,GCACGCAGCTCGCGGGAGGC,0,777844
crpp3,0.3333333333333333,2,2,GCACGAGTCCGAAGTTTTTC,0,777181
crpp3,0.3333333333333333,2,2,GCACCTCCAGCGCCGCAAAA,0,788951
crpp3,0.3333333333333333,2,2,GCACCGGGTGCAGGGCCATA,0,782560
crpp3,0.3333333333333333,2,2,GCAAATTTCGACAGGCCGGC,0,781163
crpp3,0.3333333333333333,2,2,GATTTTCAGCTCACTCTCTC,0,771324
crpp3,0.3333333333333333,2,2,GATTAGGATTGTAGTAATAA,0,786103
crpp3,0.3333333333333333,2,2,GATGTCTGTCATATGATTGC,0,779258
crpp3,0.3333333333333333,2,2,GATGCTAATATTATGAAACG,0,782773
crpp3,0.3333333333333333,2,2,GATCTTGAGGCGTGACAGCG,0,787669
crpp3,0.3333333333333333,2,2,GATCTATCTGGCCGCCCTTC,0,784747
crpp3,0.3333333333333333,2,2,GATCGCCATCCCAGTTTAGC,0,767934
crpp3,0.3333333333333333,2,2,GATCCCTCTATTTGATCTTT,0,782562
crpp3,0.3333333333333333,2,2,GATATGACTCGACTCACAGT,0,785981
crpp3,0.3333333333333333,2,2,GATAGTATGACGGCTCGGAG,0,765655
crpp3,0.3333333333333333,2,2,GATAGCGAACAAGGTAAGCT,0,790052
crpp3,0.3333333333333333,2,2,GATAGCCCTCCGTGACACCC,0,774554
crpp3,0.3333333333333333,2,2,GATACGTGTATTTTGAAAGG,0,785561
crpp3,0.3333333333333333,2,2,GATACGAACTTGAAATAGCG,0,783994
crpp3,0.3333333333333333,2,2,GATACCCGGGGTCAGTGTAA,0,761821
crpp3,0.3333333333333333,2,2,GATACAAATTATCGTACAAG,0,763570
crpp3,0.3333333333333333,2,2,GAGTCTTAGCCACTCAACTG,0,783686
crpp3,0.3333333333333333,2,2,GAGTCAATTATTACGGAATG,0,777405
crpp3,0.3333333333333333,2,2,GAGTCAACCCAGCACTTAAT,0,776152
crpp3,0.3333333333333333,2,2,GAGGTCGGGATCGAGAAACA,0,788415
crpp3,0.3333333333333333,2,2,GAGGTCGAATTACGCTTTTG,0,761290
crpp3,0.3333333333333333,2,2,GAGGCACCGCTGATTTGGTG,0,761636
crpp3,0.3333333333333333,2,2,GAGCTCATGGCTGAGTTATA,0,766430
crpp3,0.3333333333333333,2,2,GAGCGTCGGGCACTTGAACA,0,790818
crpp3,0.3333333333333333,2,2,GAGCGGATGGACACCATTCT,0,783061
crpp3,0.3333333333333333,2,2,GAGCGCGGTTGGACGTTATA,0,776294
crpp3,0.3333333333333333,2,2,GAGCCTTGGAGGATGGGCAC,0,778729
crpp3,0.3333333333333333,2,2,GAGCCCCTACGACACTCCCC,0,770415
crpp3,0.3333333333333333,2,2,GAGCCCCCGCGATATTTTTG,0,764987
crpp3,0.3333333333333333,2,2,GAGACCTTGTTTCATGTGCT,0,782663
crpp3,0.3333333333333333,2,2,GAGAAAGTCGGAGCCTGTGT,0,770064
crpp3,0.3333333333333333,2,2,GAGAAAACTAGGTATCCTAT,0,776924
crpp3,0.3333333333333333,2,2,GAGAAAAACAGATCGCAAAA,0,788472
crpp3,0.3333333333333333,2,2,GACTGTAATGATCTGTGCGA,0,772790
crpp3,0.3333333333333333,2,2,GACTGCTGCAGCCTCTGACC,0,774564
crpp3,0.3333333333333333,2,2,GACTCGTCAATCGAGGTTTC,0,785297
crpp3,0.3333333333333333,2,2,GACTCGGCAATTACTATTGC,0,760374
crpp3,0.3333333333333333,2,2,GACTAAAAGTGCCGTACGGC,0,790649
crpp3,0.3333333333333333,2,2,GACGTCCTGTCAACGACGCG,0,762890
crpp3,0.3333333333333333,2,2,GACGTAAGTTATGCTCTAGA,0,782807
crpp3,0.3333333333333333,2,2,GACGCCTCAATTTAGCTAAT,0,778070
crpp3,0.3333333333333333,2,2,GACGCACACATAATCTGTAA,0,781125
crpp3,0.3333333333333333,2,2,GACCTACTCTCTAAGGGAGA,0,783387
crpp3,0.3333333333333333,2,2,GACCGGCTAGGCTGTCATGA,0,791208
crpp3,0.3333333333333333,2,2,GACCGGCATGCGGTTAAAAA,0,764075
crpp3,0.3333333333333333,2,2,GACCGCAGAATCATCTTAGC,0,758578
crpp3,0.3333333333333333,2,2,GACCGAAACGTATATCCGTT,0,779501
crpp3,0.3333333333333333,2,2,GACCAGGACTGCTATCGACA,0,761565
crpp3,0.3333333333333333,2,2,GACAACGCACGAATTCAGGA,0,762731
crpp3,0.3333333333333333,2,2,GAATTTTCTCGCTTTCTAGA,0,771025
crpp3,0.3333333333333333,2,2,GAATACAGGTCATTTGCGCA,0,765242
crpp3,0.3333333333333333,2,2,GAAGCTCAAAAGTGACTGGG,0,766447
crpp3,0.3333333333333333,2,2,GAAGAATGCGCCGTTTCAAA,0,788550
crpp3,0.3333333333333333,2,2,GAAGAAGGTCAGTAACCATT,0,773467
crpp3,0.3333333333333333,2,2,GAACTTGGACCGAAAGTAAT,0,784679
crpp3,0.3333333333333333,2,2,GAACTTAGATGTATTAACGT,0,785262
crpp3,0.3333333333333333,2,2,GAACGTTTGTGGTTCGGTCT,0,761918
crpp3,0.3333333333333333,2,2,GAACATGAACTGGTCCGTCC,0,776010
crpp3,0.3333333333333333,2,2,GAACAACGCTTGAAGCACCG,0,758876
crpp3,0.3333333333333333,2,2,GAAATTTCGACGATGGCAGA,0,767946
crpp3,0.3333333333333333,2,2,GAAATTACAATCACTGCATG,0,783234
crpp3,0.3333333333333333,2,2,GAAAGTATATACGATATGGA,0,769157
crpp3,0.3333333333333333,2,2,GAAAGGTGGCTCCCTTGCTT,0,765805
crpp3,0.3333333333333333,2,2,GAAACCGCGGCCCGATCCTC,0,777771
crpp3,0.3333333333333333,2,2,GAAACATTTATTCGAAACTC,0,772227
crpp3,0.3333333333333333,2,2,CTTTTTAACGGACACACTAT,0,769459
crpp3,0.3333333333333333,2,2,CTTTACAACGTGTATACGTC,0,783609
crpp3,0.3333333333333333,2,2,CTTGTGTTTAGTAGGTGTCA,0,784722
crpp3,0.3333333333333333,2,2,CTTGGTCGTCCCGGCAGGTG,0,772559
crpp3,0.3333333333333333,2,2,CTTGAGGGAAATTGTAAGGG,0,785312
crpp3,0.3333333333333333,2,2,CTTCTTCCATGGAATACTTG,0,775221
crpp3,0.3333333333333333,2,2,CTTCGAGCCTTGCCCTTAGG,0,760103
crpp3,0.3333333333333333,2,2,CTTCCCAGGGGGGTGCAGGC,0,765510
crpp3,0.3333333333333333,2,2,CTTCCAATGGCTAAGTGCGA,0,768466
crpp3,0.3333333333333333,2,2,CTTCATTGATACAAAACCTC,0,788322
crpp3,0.3333333333333333,2,2,CTTCAGCAGACCACCGGTCA,0,769354
crpp3,0.3333333333333333,2,2,CTTCAATCAGGGACCGTAAA,0,789882
crpp3,0.3333333333333333,2,2,CTTACCCGCGTCCGATAAAC,0,772523
crpp3,0.3333333333333333,2,2,CTTACATGATTGTGAGCGCG,0,775571
crpp3,0.3333333333333333,2,2,CTGTTGGGGCGGCAAGTGTG,0,773147
crpp3,0.3333333333333333,2,2,CTGTGTGGGCGGAAATTCAT,0,773469
crpp3,0.3333333333333333,2,2,CTGTGCTTTATGGCTGAGGG,0,759322
crpp3,0.3333333333333333,2,2,CTGTCTGTGAACACCGAACT,0,773373
crpp3,0.3333333333333333,2,2,CTGTCCTGAGCCCGCTCGAT,0,759262
crpp3,0.3333333333333333,2,2,CTGTCACTCTATCATGAAAA,0,763953
crpp3,0.3333333333333333,2,2,CTGTATCCACGCACGAAAAT,0,765628
crpp3,0.3333333333333333,2,2,CTGGTTTGCCCCAGAGGAGA,0,769307
crpp3,0.3333333333333333,2,2,CTGGCGATGTAAGGCTCGGG,0,788263
crpp3,0.3333333333333333,2,2,CTGGCAGACCTGGCTGGAAA,0,774809
crpp3,0.3333333333333333,2,2,CTGGATGTTGGCACCGGTGT,0,760834
crpp3,0.3333333333333333,2,2,CTGCTATTAACAAGCCTCGA,0,763857
crpp3,0.3333333333333333,2,2,CTGATGGATGTCCTCTATAA,0,763342
crpp3,0.3333333333333333,2,2,CTGACATGGAGGACGGTATG,0,783302
crpp3,0.3333333333333333,2,2,CTGAAGGTAGCCAAGCTTTG,0,786042
crpp3,0.3333333333333333,2,2,CTGAAGACTGCGGTGGAAGA,0,775186
crpp3,0.3333333333333333,2,2,CTCTGATCCTTAAGCGGCGA,0,784127
crpp3,0.3333333333333333,2,2,CTCTCTGCTCCGGAGTTTTT,0,783395
crpp3,0.3333333333333333,2,2,CTCTACACTCGTGGTGCCTA,0,789999
crpp3,0.3333333333333333,2,2,CTCGGCTCGGGTGCTCTTAC,0,764332
crpp3,0.3333333333333333,2,2,CTCCTCGGTCTAGCAGGACG,0,773149
crpp3,0.3333333333333333,2,2,CTCCTAATATACGGACTATG,0,781251
crpp3,0.3333333333333333,2,2,CTCCGCCCGACTGGTCCCAT,0,772857
crpp3,0.3333333333333333,2,2,CTCCATGGTTCACGTATGGG,0,773151
crpp3,0.3333333333333333,2,2,CTCATGTCCTACTGGTCAAG,0,781466
crpp3,0.3333333333333333,2,2,CTCAGAGCGTGGGCGTGTGG,0,769112
crpp3,0.3333333333333333,2,2,CTCAACAGAGAATTCTCTTT,0,764068
crpp3,0.3333333333333333,2,2,CTATTTGTCCTAGTGATCGT,0,788333
crpp3,0.3333333333333333,2,2,CTATTAAGGGTTGTCACGCG,0,774901
crpp3,0.3333333333333333,2,2,CTATGCATTGTGCGGCGTTT,0,780021
crpp3,0.3333333333333333,2,2,CTATGACTACCCGCATGGGA,0,786878
crpp3,0.3333333333333333,2,2,CTATACATTCCCCTAGGCAG,0,769194
crpp3,0.3333333333333333,2,2,CTAGTCAATGCCGTTCAATT,0,758755
crpp3,0.3333333333333333,2,2,CTAGGAGATCGTAGTCTGAT,0,783743
crpp3,0.3333333333333333,2,2,CTAGACAGGTTTCGCTAACA,0,780049
crpp3,0.3333333333333333,2,2,CTAGAAAGCACTTCCACGCC,0,785353
crpp3,0.3333333333333333,2,2,CTACGGGAAAACCGGATTTG,0,789116
crpp3,0.3333333333333333,2,2,CTACGAGGCTAAGACTAATC,0,766991
crpp3,0.3333333333333333,2,2,CTACCTGTACAGTCTTCCAC,0,780274
crpp3,0.3333333333333333,2,2,CTAATCGATTAGTCTGGCGC,0,782731
crpp3,0.3333333333333333,2,2,CTAACCGGGCAATGTTAGCA,0,783751
crpp3,0.3333333333333333,2,2,CTAAATTATGAGGCCGGGTC,0,790478
crpp3,0.3333333333333333,2,2,CGTGTTGGCCAGACTAGATG,0,764127
crpp3,0.3333333333333333,2,2,CGTGTTCTATCTTGGCACCA,0,775826
crpp3,0.3333333333333333,2,2,CGTGTAGGGGGCGGATCGTG,0,790622
crpp3,0.3333333333333333,2,2,CGTGGTGATATGCCGTGTAC,0,784128
crpp3,0.3333333333333333,2,2,CGTGCTTGGTGTATCGCTAT,0,781044
crpp3,0.3333333333333333,2,2,CGTGATGACAAATATTCAAA,0,787652
crpp3,0.3333333333333333,2,2,CGTCCGACGGAGACAGCAGA,0,782056
crpp3,0.3333333333333333,2,2,CGTCCATCAGAATCTCGCGT,0,779308
crpp3,0.3333333333333333,2,2,CGTATGTGGGACCGGTTGCG,0,780649
crpp3,0.3333333333333333,2,2,CGTAGTTTAAGGTGATTGTT,0,769310
crpp3,0.3333333333333333,2,2,CGTAGTCTCTGCTTGTTTAA,0,787407
crpp3,0.3333333333333333,2,2,CGTACCCAAGCGGAGCGTAT,0,765238
crpp3,0.3333333333333333,2,2,CGTAACTGCACAGCATCCCA,0,771047
crpp3,0.3333333333333333,2,2,CGGTCTCGAAAGACAGTTAG,0,783931
crpp3,0.3333333333333333,2,2,CGGGGGAACGTGTGACCCGG,0,774886
crpp3,0.3333333333333333,2,2,CGGGCCACATACCCGTATTG,0,784396
crpp3,0.3333333333333333,2,2,CGGGAGCGTTCCCAGGAAAA,0,780952
crpp3,0.3333333333333333,2,2,CGGCTGAAGACGCGTCTCTT,0,783059
crpp3,0.3333333333333333,2,2,CGGCTCGCAGATACTTTCCA,0,761119
crpp3,0.3333333333333333,2,2,CGGCTCCCAAGGAACTATAT,0,773216
crpp3,0.3333333333333333,2,2,CGGCTCACGCGAATGGATCC,0,773811
crpp3,0.3333333333333333,2,2,CGGCCGCCCGATTATATTGT,0,773696
crpp3,0.3333333333333333,2,2,CGGCATTTCCAACCGGGTCG,0,781173
crpp3,0.3333333333333333,2,2,CGGCATTGGTTTGAGTCTCC,0,787670
crpp3,0.3333333333333333,2,2,CGGATTGGTGCCTCTCAAAC,0,766871
crpp3,0.3333333333333333,2,2,CGGAGTGTAGAAGAGTCGTA,0,776481
crpp3,0.3333333333333333,2,2,CGGACGTCACGTGAGTGAGC,0,760319
crpp3,0.3333333333333333,2,2,CGGACCATTAGCCAGTTACA,0,784939
crpp3,0.3333333333333333,2,2,CGGAAGGTCAGCTCGTCGGC,0,783222
crpp3,0.3333333333333333,2,2,CGCTCGGGTAGGTGGATCAA,0,784075
crpp3,0.3333333333333333,2,2,CGCGGGTTACTCCAGCTTGG,0,788858
crpp3,0.3333333333333333,2,2,CGCGCGAAGCCCGGTCGACT,0,776930
crpp3,0.3333333333333333,2,2,CGCGCACATAGGATTACTAT,0,787509
crpp3,0.3333333333333333,2,2,CGCGATAAACAGCATAAGTT,0,766807
crpp3,0.3333333333333333,2,2,CGCGAGAGGTATGTAACTGA,0,763563
crpp3,0.3333333333333333,2,2,CGCGAACGGATGGCACTTGT,0,784918
crpp3,0.3333333333333333,2,2,CGCCTCAGTAGGAAGGGTGG,0,768671
crpp3,0.3333333333333333,2,2,CGCCACCAACAAGATCGGCC,0,764514
crpp3,0.3333333333333333,2,2,CGCATGCGCGAAGGGACAGG,0,785955
crpp3,0.3333333333333333,2,2,CGCAGTTATGGAAGGGAGCC,0,786845
crpp3,0.3333333333333333,2,2,CGCAGTCGGCACACAGAAGC,0,768971
crpp3,0.3333333333333333,2,2,CGATATCGACATGTCCAGAT,0,759982
crpp3,0.3333333333333333,2,2,CGATAGTGCGTACTCAAAAT,0,766153
crpp3,0.3333333333333333,2,2,CGAGTGCCGTTGTTTCCTCA,0,773874
crpp3,0.3333333333333333,2,2,CGAGTCACAGCTTCAGTTCC,0,776637
crpp3,0.3333333333333333,2,2,CGAGAGCAGTGTAGAGCGGC,0,767969
crpp3,0.3333333333333333,2,2,CGAGACCAATGGGCTTTGTA,0,790310
crpp3,0.3333333333333333,2,2,CGACTCCCACATTAGCTATT,0,761986
crpp3,0.3333333333333333,2,2,CGACGGGGCATCACACACAG,0,766018
crpp3,0.3333333333333333,2,2,CGACGCTTCACCGGCACTAA,0,781748
crpp3,0.3333333333333333,2,2,CGACGCCGGACGCCACCCAG,0,774814
crpp3,0.3333333333333333,2,2,CGACGACACATGTACAAATT,0,776374
crpp3,0.3333333333333333,2,2,CGACCCGATCGTGTACGTGA,0,772509
crpp3,0.3333333333333333,2,2,CGACAGTCTAAGTAGACTCG,0,769718
crpp3,0.3333333333333333,2,2,CGAATCTGCTTACAATAGAT,0,771362
crpp3,0.3333333333333333,2,2,CGAACGTTGGATACCTGGAG,0,767951
crpp3,0.3333333333333333,2,2,CCTTGTTTAGGATGTCCGCC,0,789879
crpp3,0.3333333333333333,2,2,CCTTGTGAGTTCTGGCTCCT,0,788506
crpp3,0.3333333333333333,2,2,CCTTGTGACCGCTGCCAATC,0,759989
crpp3,0.3333333333333333,2,2,CCTTCCCGTAATTGCATTCT,0,767179
crpp3,0.3333333333333333,2,2,CCTTCAGAGCTCGTAAGCTA,0,780635
crpp3,0.3333333333333333,2,2,CCTTATCGAGTGCACGTAGA,0,774538
crpp3,0.3333333333333333,2,2,CCTGTTCAAACGGGATTTCA,0,772283
crpp3,0.3333333333333333,2,2,CCTGTGGGACCCGTGAGCGC,0,790265
crpp3,0.3333333333333333,2,2,CCTGTGCGCTTGATGACAAT,0,767151
crpp3,0.3333333333333333,2,2,CCTGCGGTTTAATCGTGGGG,0,789491
crpp3,0.3333333333333333,2,2,CCTGCCGTATCACGACCTGC,0,787527
crpp3,0.3333333333333333,2,2,CCTCTGGAGCCACGATCAGA,0,786779
crpp3,0.3333333333333333,2,2,CCTCTGATGGCCGGTAACGG,0,775656
crpp3,0.3333333333333333,2,2,CCTCTCCTCGTGCGTCGCCT,0,773484
crpp3,0.3333333333333333,2,2,CCTCGCGAGCTCAGCCTTCA,0,778674
crpp3,0.3333333333333333,2,2,CCTATTAATTAAAACTGAAC,0,774473
crpp3,0.3333333333333333,2,2,CCTAGCCTCAAGTATGTAAA,0,781573
crpp3,0.3333333333333333,2,2,CCTAACCGTAGTCGAGCTGC,0,763777
crpp3,0.3333333333333333,2,2,CCGTGCGCCCGTGTAATTTT,0,780867
crpp3,0.3333333333333333,2,2,CCGTCATCAGCACGTATCCA,0,766059
crpp3,0.3333333333333333,2,2,CCGTATGTGGTCATTGTAGG,0,788378
crpp3,0.3333333333333333,2,2,CCGTACGCGAAGGCTTCTGG,0,785451
crpp3,0.3333333333333333,2,2,CCGGTAGCATGCCGTATAGC,0,779038
crpp3,0.3333333333333333,2,2,CCGGGAGAAGGGTTCACTTA,0,779658
crpp3,0.3333333333333333,2,2,CCGGCGGTTCGTGAATTTTC,0,777736
crpp3,0.3333333333333333,2,2,CCGGACACTCCCGGCCGACC,0,783381
crpp3,0.3333333333333333,2,2,CCGCTGGATCGTCGGATGAC,0,780545
crpp3,0.3333333333333333,2,2,CCGCTCTACACAGTGCCCCT,0,787835
crpp3,0.3333333333333333,2,2,CCGCGCGCTACCGAGGGAAT,0,786783
crpp3,0.3333333333333333,2,2,CCGCGCACTCCCTTTAGTAA,0,763974
crpp3,0.3333333333333333,2,2,CCGATTGGCTTGATGGAAGT,0,770885
crpp3,0.3333333333333333,2,2,CCCTCAGTATACTATGCCTC,0,789279
crpp3,0.3333333333333333,2,2,CCCCGCTTAAATCAATAGTA,0,780868
crpp3,0.3333333333333333,2,2,CCCCGCTAGCTCTTGATACG,0,776629
crpp3,0.3333333333333333,2,2,CCCCGCCACCGAGAACAAGC,0,776775
crpp3,0.3333333333333333,2,2,CCCCAGGGTCTTTTGCTTTC,0,780631
crpp3,0.3333333333333333,2,2,CCCATCGTTTCTCGTTTTCA,0,771499
crpp3,0.3333333333333333,2,2,CCCATCATAAGTATCTCATG,0,760442
crpp3,0.3333333333333333,2,2,CCCAGTGTTTAGTCTACCAG,0,772464
crpp3,0.3333333333333333,2,2,CCATGTGTTCCGTTTTTCTA,0,770764
crpp3,0.3333333333333333,2,2,CCATAAGTCGTCTAGATCTG,0,790957
crpp3,0.3333333333333333,2,2,CCAGGGTGCCCGAAGTACGT,0,782923
crpp3,0.3333333333333333,2,2,CCAGCCTGGGCACCAAATGG,0,765233
crpp3,0.3333333333333333,2,2,CCAGAGTAAGTGGCGGTTGA,0,774671
crpp3,0.3333333333333333,2,2,CCACGGTTGACGTAGGGACG,0,759587
crpp3,0.3333333333333333,2,2,CCACCGCGGGTGAGTGGGAC,0,786107
crpp3,0.3333333333333333,2,2,CCACCGACAGTTCTGATAAC,0,760663
crpp3,0.3333333333333333,2,2,CCACCCCCAGTGGTCCGAAT,0,787684
crpp3,0.3333333333333333,2,2,CCAATCATTCTTCAGACAAT,0,761157
crpp3,0.3333333333333333,2,2,CCAAGCTCGGGACTACGCGA,0,774435
crpp3,0.3333333333333333,2,2,CCAACAGACTTGCGCTGTAA,0,775288
crpp3,0.3333333333333333,2,2,CCAACACGTGATCGCCCCTT,0,760879
crpp3,0.3333333333333333,2,2,CCAAATTAATTAGGACAGTA,0,779112
crpp3,0.3333333333333333,2,2,CATTTCTTCTGTCAGGCTGA,0,761575
crpp3,0.3333333333333333,2,2,CATTGCTGGCTGTTGGACAG,0,784702
crpp3,0.3333333333333333,2,2,CATTATGGCCATTATATTAT,0,765383
crpp3,0.3333333333333333,2,2,CATGGCGTTAGCGGCACCAA,0,790064
crpp3,0.3333333333333333,2,2,CATGGACGGCTGGCCTTACA,0,788742
crpp3,0.3333333333333333,2,2,CATGCGCCCACGAGTAAAGC,0,772606
crpp3,0.3333333333333333,2,2,CATGATGGTATTGGTGATTA,0,767671
crpp3,0.3333333333333333,2,2,CATGAGACGTGGTCCACCAG,0,785396
crpp3,0.3333333333333333,2,2,CATCTGTTCGACACGGGCTT,0,785413
crpp3,0.3333333333333333,2,2,CATCCTGCTACGCGGGATAA,0,785789
crpp3,0.3333333333333333,2,2,CATCAACCGATGTCGAAGCA,0,784258
crpp3,0.3333333333333333,2,2,CATAATGACGACACCACTAC,0,791147
crpp3,0.3333333333333333,2,2,CATAACATCTAAGGTGGTAT,0,772998
crpp3,0.3333333333333333,2,2,CATAAATTTGTTCCAAAGGC,0,763928
crpp3,0.3333333333333333,2,2,CATAAATTTACAATTGATAA,0,782966
crpp3,0.3333333333333333,2,2,CAGTGGGTGGCCGGGCACTG,0,781892
crpp3,0.3333333333333333,2,2,CAGTCAACCACGGTAGGACC,0,780928
crpp3,0.3333333333333333,2,2,CAGTATGGGTTCGTCCCGCA,0,758658
crpp3,0.3333333333333333,2,2,CAGTAGACTTTACTGGGTAG,0,767652
crpp3,0.3333333333333333,2,2,CAGGTCTGTGTGCAAAATTT,0,788236
crpp3,0.3333333333333333,2,2,CAGGGGACCCATGCTTGGTT,0,768598
crpp3,0.3333333333333333,2,2,CAGGGAGACAGCCAGTGGTC,0,774448
crpp3,0.3333333333333333,2,2,CAGCCTAGTTATCGGTCTGT,0,774130
crpp3,0.3333333333333333,2,2,CAGCACGTACAAGATAGTGT,0,764825
crpp3,0.3333333333333333,2,2,CAGATCCAAGGACTCCTCTA,0,788995
crpp3,0.3333333333333333,2,2,CAGAGCCCCCCCAAATTTAG,0,759026
crpp3,0.3333333333333333,2,2,CAGACTAAGGTAGGAGAACA,0,773040
crpp3,0.3333333333333333,2,2,CAGAAAGACAGCGTCAACAC,0,760521
crpp3,0.3333333333333333,2,2,CACTTTGATACCAGATCCTG,0,772560
crpp3,0.3333333333333333,2,2,CACTCAAGCAACTCCTACAT,0,774884
crpp3,0.3333333333333333,2,2,CACGTGGTCTAGACTAATGT,0,768290
crpp3,0.3333333333333333,2,2,CACGCGGAAGCCGGCCGCGG,0,782625
crpp3,0.3333333333333333,2,2,CACGACATAGCATGATGAGC,0,761492
crpp3,0.3333333333333333,2,2,CACGACAACGTCTAGTATGC,0,781354
crpp3,0.3333333333333333,2,2,CACCTGCGGAGACCCCCGTC,0,783599
crpp3,0.3333333333333333,2,2,CACCAACCATCTCGAGCAGT,0,768653
crpp3,0.3333333333333333,2,2,CACATCAACATCACCTCGTG,0,765430
crpp3,0.3333333333333333,2,2,CACACCTAGTATATCTCGAC,0,767840
crpp3,0.3333333333333333,2,2,CACAACTAACGCCTTGGCGG,0,771497
crpp3,0.3333333333333333,2,2,CACAACGCCTGAACACATAT,0,782387
crpp3,0.3333333333333333,2,2,CACAACATTGTACCTCAGTA,0,765040
crpp3,0.3333333333333333,2,2,CAATTTGGCCACACGTTAAG,0,771101
crpp3,0.3333333333333333,2,2,CAAGTTTTACCCGCCGGCTG,0,790608
crpp3,0.3333333333333333,2,2,CAAGTTCCGAGTACGGATTT,0,762256
crpp3,0.3333333333333333,2,2,CAAGTCCACTTGCCCTTCAG,0,775273
crpp3,0.3333333333333333,2,2,CAAGGGACCGATCCGCGGAT,0,775621
crpp3,0.3333333333333333,2,2,CAAGGCAGTTTACTTAACAA,0,782380
crpp3,0.3333333333333333,2,2,CAAGGATACCATCTGCGGAC,0,775577
crpp3,0.3333333333333333,2,2,CAAGGATAACGAAAGAACAT,0,781351
crpp3,0.3333333333333333,2,2,CAAGGAACGCTCAGGCTCTA,0,777755
crpp3,0.3333333333333333,2,2,CAAGACTGGCTCCGGAGACT,0,777911
crpp3,0.3333333333333333,2,2,CAAGAATCTCCAAATGGGCA,0,779212
crpp3,0.3333333333333333,2,2,CAAGAATAGGCTCAGTTTCA,0,766335
crpp3,0.3333333333333333,2,2,CAACCCTAAATGCATATGAG,0,770170
crpp3,0.3333333333333333,2,2,CAAATTATCATCAAGGGAAA,0,769304
crpp3,0.3333333333333333,2,2,CAAATTAGTGAGATCAGCGG,0,778799
crpp3,0.3333333333333333,2,2,CAAAACCTGCAAGTCTCAAT,0,779737
crpp3,0.3333333333333333,2,2,ATTTTTATATACCCGTCAGG,0,782848
crpp3,0.3333333333333333,2,2,ATTTTGGGGCCATACGGGGT,0,768391
crpp3,0.3333333333333333,2,2,ATTTTGCCCACCCTCGGAAA,0,785540
crpp3,0.3333333333333333,2,2,ATTTTCGTTGTGAGAGGAAG,0,758961
crpp3,0.3333333333333333,2,2,ATTTGTCCGAAAACAATTTG,0,761892
crpp3,0.3333333333333333,2,2,ATTTCCTCTGCGAGTGGATT,0,785246
crpp3,0.3333333333333333,2,2,ATTTCCGACTCGGAGCTCGT,0,758949
crpp3,0.3333333333333333,2,2,ATTTCAATAAGGGCAAATTG,0,763944
crpp3,0.3333333333333333,2,2,ATTTATCCGACCCCAATGTA,0,767530
crpp3,0.3333333333333333,2,2,ATTCTACGAAACCCTTCGAT,0,764547
crpp3,0.3333333333333333,2,2,ATTACCAAAGACTAATGGTC,0,780696
crpp3,0.3333333333333333,2,2,ATGTTGTATCCTTTTGCACA,0,774191
crpp3,0.3333333333333333,2,2,ATGTTAGTGTTGGACGGCTG,0,770918
crpp3,0.3333333333333333,2,2,ATGTGTGTTGCCGTATCTGT,0,776672
crpp3,0.3333333333333333,2,2,ATGTGTAGTCGGACGGTTTC,0,771861
crpp3,0.3333333333333333,2,2,ATGTCATTTGCCGGCCTTCA,0,765067
crpp3,0.3333333333333333,2,2,ATGTAGACTTAGCGCCCAGA,0,769505
crpp3,0.3333333333333333,2,2,ATGGTCTCTAATCCAAGCAG,0,783779
crpp3,0.3333333333333333,2,2,ATGGCCTGTAGTTACTTGCT,0,765733
crpp3,0.3333333333333333,2,2,ATGGATCTGCTTTTCCGGAC,0,775141
crpp3,0.3333333333333333,2,2,ATGCTCTTCGACGTGATCTC,0,780648
crpp3,0.3333333333333333,2,2,ATGCTCCAGTGAAACGATTG,0,789139
crpp3,0.3333333333333333,2,2,ATGCAGCCGCATGCGGCCTA,0,759038
crpp3,0.3333333333333333,2,2,ATGACCGCAACTGATTGATT,0,759434
crpp3,0.3333333333333333,2,2,ATGAACCTGCGTAGACCGGA,0,769413
crpp3,0.3333333333333333,2,2,ATCTTTTAGGTTTTGTGTTC,0,771292
crpp3,0.3333333333333333,2,2,ATCTTATAATTGCCAGCCCT,0,775774
crpp3,0.3333333333333333,2,2,ATCTCGTTTCGTTTTGACCC,0,768092
crpp3,0.3333333333333333,2,2,ATCTCAACGACCAGGTTCAT,0,763672
crpp3,0.3333333333333333,2,2,ATCTACCTCTGGTGTTCTCT,0,775492
crpp3,0.3333333333333333,2,2,ATCGTGCGATTCTTGCGTAG,0,789359
crpp3,0.3333333333333333,2,2,ATCGTGAGCGCCGGGGTTAC,0,786304
crpp3,0.3333333333333333,2,2,ATCGCTGTTGATAAGTGTGC,0,782291
crpp3,0.3333333333333333,2,2,ATCGATAAGTCGTTGTGATC,0,786220
crpp3,0.3333333333333333,2,2,ATCGACCGATCGGGCTGACG,0,789113
crpp3,0.3333333333333333,2,2,ATCATAAGCATCTACGGACG,0,762081
crpp3,0.3333333333333333,2,2,ATCAGAAGCACTCCCTCTCT,0,759714
crpp3,0.3333333333333333,2,2,ATCACCCTTTTAAGGTGTCT,0,774303
crpp3,0.3333333333333333,2,2,ATATTATAGTACTTGTGTTA,0,789121
crpp3,0.3333333333333333,2,2,ATATTAAGCAAATACCGGAA,0,768355
crpp3,0.3333333333333333,2,2,ATATCAAATTAGTGGTGGAC,0,777791
crpp3,0.3333333333333333,2,2,ATATATGTGTAATGGATAAT,0,762558
crpp3,0.3333333333333333,2,2,ATATAGCTGCTGCTTCTATA,0,789413
crpp3,0.3333333333333333,2,2,ATATACGCTCTGCCACTGTG,0,787998
crpp3,0.3333333333333333,2,2,ATAGTCCAGATAGAGGCTAT,0,772850
crpp3,0.3333333333333333,2,2,ATAGGCCCACCCGTAAAGCC,0,785994
crpp3,0.3333333333333333,2,2,ATAGCTGCTCTCAAGTAGGG,0,780116
crpp3,0.3333333333333333,2,2,ATAGATACCTGCTACAATCT,0,759823
crpp3,0.3333333333333333,2,2,ATACCCTCGGGAGGCATGTT,0,787398
crpp3,0.3333333333333333,2,2,ATACATTGACGCCAGGCACG,0,784117
crpp3,0.3333333333333333,2,2,ATACATGAAGGGTTTGCACA,0,785808
crpp3,0.3333333333333333,2,2,ATAAGTGTAATCTCTGGCAT,0,785307
crpp3,0.3333333333333333,2,2,ATAAGCGTGAAGGTGGACCT,0,770634
crpp3,0.3333333333333333,2,2,AGTTTTACAAAGCTCGGGAG,0,779186
crpp3,0.3333333333333333,2,2,AGTTTCCACTTTCTGACTGT,0,790680
crpp3,0.3333333333333333,2,2,AGTTGACATCATAGATACCG,0,758965
crpp3,0.3333333333333333,2,2,AGTTCCTCACCACCGTGCCA,0,781556
crpp3,0.3333333333333333,2,2,AGTTCAAACATTATATCGGC,0,782797
crpp3,0.3333333333333333,2,2,AGTTAACGCTCAAAGGCAGG,0,774170
crpp3,0.3333333333333333,2,2,AGTGATTTCAGGTGGTACGC,0,782954
crpp3,0.3333333333333333,2,2,AGTGAGCACAAACAGCGATG,0,787462
crpp3,0.3333333333333333,2,2,AGTCTCGATAAGGGGTCGGC,0,771425
crpp3,0.3333333333333333,2,2,AGTCGAAGGTCGTGCCGTGC,0,773530
crpp3,0.3333333333333333,2,2,AGTCCTGTAACCACCGATGA,0,787083
crpp3,0.3333333333333333,2,2,AGTATAGATGCGGCAACCGT,0,769538
crpp3,0.3333333333333333,2,2,AGTAATCGTAAAACTATCAT,0,762870
crpp3,0.3333333333333333,2,2,AGTAAGTGTGGGGTTTATGC,0,781063
crpp3,0.3333333333333333,2,2,AGGTTGGTATTCAACGACGT,0,789391
crpp3,0.3333333333333333,2,2,AGGTTACCTCGCCTCAACAA,0,783547
crpp3,0.3333333333333333,2,2,AGGTCTCGGCCCTTCGCCTA,0,772138
crpp3,0.3333333333333333,2,2,AGGTCGGGATGGGTTCGGAA,0,768316
crpp3,0.3333333333333333,2,2,AGGTAATACCTGATCGTGAG,0,760380
crpp3,0.3333333333333333,2,2,AGGGGGGCGTGAGGCATAGT,0,770095
crpp3,0.3333333333333333,2,2,AGGGGGAGTGTGTGCCAAAG,0,784461
crpp3,0.3333333333333333,2,2,AGGGCCATTTAACGCTCAAG,0,758505
crpp3,0.3333333333333333,2,2,AGGCTTGTATGGAACATCTG,0,780233
crpp3,0.3333333333333333,2,2,AGGCGGGCAACGGGCCGCGA,0,781717
crpp3,0.3333333333333333,2,2,AGGAGGATTCTACCTGATAT,0,773119
crpp3,0.3333333333333333,2,2,AGGAGATAATTGCGGCCCAT,0,769633
crpp3,0.3333333333333333,2,2,AGCTTTCGCTACAATATCTG,0,766480
crpp3,0.3333333333333333,2,2,AGCTTGTTGTTCAAAACAGT,0,789228
crpp3,0.3333333333333333,2,2,AGCTGTGGTCTGGACGACGT,0,763742
crpp3,0.3333333333333333,2,2,AGCTAGTTTAGCAACTTTGG,0,775892
crpp3,0.3333333333333333,2,2,AGCGTATCCGCGGGTCAACA,0,782591
crpp3,0.3333333333333333,2,2,AGCCCGTAGCACATCATCGT,0,760413
crpp3,0.3333333333333333,2,2,AGCCATATGCACCCTCGATG,0,770718
crpp3,0.3333333333333333,2,2,AGCAGGATCATCGCGGTGGC,0,777745
crpp3,0.3333333333333333,2,2,AGCAAGGGTAGTTGCACAGC,0,788431
crpp3,0.3333333333333333,2,2,AGATTAAGCTGTGCATTTAA,0,782285
crpp3,0.3333333333333333,2,2,AGATCAGGCGAGCATTGTTG,0,784279
crpp3,0.3333333333333333,2,2,AGATAGTCGGCCTTTGAGGT,0,762541
crpp3,0.3333333333333333,2,2,AGATAATGTAATAAGATCGA,0,759853
crpp3,0.3333333333333333,2,2,AGATAAACGTTAGTCTTCTT,0,780332
crpp3,0.3333333333333333,2,2,AGAGTTCTATAACATTTCCG,0,760436
crpp3,0.3333333333333333,2,2,AGAGTCGGATGATGGAGTAT,0,760750
crpp3,0.3333333333333333,2,2,AGAGCGGTAAGCTAGCGATA,0,763996
crpp3,0.3333333333333333,2,2,AGACTGTTACCACATCCGAT,0,778283
crpp3,0.3333333333333333,2,2,AGACTAAACGGGGAGGGTGC,0,761976
crpp3,0.3333333333333333,2,2,AGACGTGTGTGGTAACGTAG,0,758893
crpp3,0.3333333333333333,2,2,AGAACGTCACCTTAGTATAA,0,782996
crpp3,0.3333333333333333,2,2,AGAAAGCGGTTCGCCTTTAG,0,763405
crpp3,0.3333333333333333,2,2,ACTTTTGCGATATGATTCGC,0,773479
crpp3,0.3333333333333333,2,2,ACTTCTACCTCTTGCAAAAC,0,771510
crpp3,0.3333333333333333,2,2,ACTGTCAGCGTCCACCTCTT,0,771545
crpp3,0.3333333333333333,2,2,ACTGGCCAGAGCGGCTCACA,0,772287
crpp3,0.3333333333333333,2,2,ACTCTTACCGATTTGCCGTA,0,780563
crpp3,0.3333333333333333,2,2,ACTCCCGTGGTATCAGTAGT,0,779482
crpp3,0.3333333333333333,2,2,ACTCAGCGTGGTCAGTGGGT,0,767055
crpp3,0.3333333333333333,2,2,ACTCACGATTAGGGATGGGT,0,768994
crpp3,0.3333333333333333,2,2,ACTATATTAGCTGAATGCTG,0,786313
crpp3,0.3333333333333333,2,2,ACTACGCGATGGGTGCCCCA,0,774059
crpp3,0.3333333333333333,2,2,ACTACATCGAAGGAGAATGA,0,768859
crpp3,0.3333333333333333,2,2,ACGTTGCCATGACAAGCGGC,0,783169
crpp3,0.3333333333333333,2,2,ACGTGTTGCTCGGTTAGTGT,0,769154
crpp3,0.3333333333333333,2,2,ACGTGCCTCAGGAACGCTAC,0,777169
crpp3,0.3333333333333333,2,2,ACGTGAGGCACTCTCGATCT,0,767304
crpp3,0.3333333333333333,2,2,ACGTCCGTAGCCTGGAGGGC,0,767519
crpp3,0.3333333333333333,2,2,ACGTCAGTGTAGCCCGACTC,0,764695
crpp3,0.3333333333333333,2,2,ACGTACAGCAGTCCCCCCAG,0,759354
crpp3,0.3333333333333333,2,2,ACGGTTACAAAATACTACTA,0,781854
crpp3,0.3333333333333333,2,2,ACGGCAGGTCGCCGGGCTTG,0,785696
crpp3,0.3333333333333333,2,2,ACGGCAAGTGACAAGCTCAC,0,759616
crpp3,0.3333333333333333,2,2,ACGGATTTTGACGAGAAGTC,0,764781
crpp3,0.3333333333333333,2,2,ACGGAGAGGCCGCAAATCAT,0,781600
crpp3,0.3333333333333333,2,2,ACGCATCAAGCGACAGACGT,0,775213
crpp3,0.3333333333333333,2,2,ACGCATATTGATGGGAGTGC,0,774863
crpp3,0.3333333333333333,2,2,ACGAACCCATTCTAATCATA,0,786573
crpp3,0.3333333333333333,2,2,ACCTGTCATTGTTGGGTTTA,0,778786
crpp3,0.3333333333333333,2,2,ACCTGGACGTCACGACTGAC,0,768174
crpp3,0.3333333333333333,2,2,ACCTGCAAGTTTAAATAATG,0,776608
crpp3,0.3333333333333333,2,2,ACCGTCAACGAAATTTACAG,0,788435
crpp3,0.3333333333333333,2,2,ACCGGGGGCCGTACCGTAAC,0,772789
crpp3,0.3333333333333333,2,2,ACCGCCCGAGTGGTTGCAGC,0,764581
crpp3,0.3333333333333333,2,2,ACCGACCGGTAGAGTGGTGT,0,769317
crpp3,0.3333333333333333,2,2,ACCCCAAATGGCAAGCAGGA,0,769975
crpp3,0.3333333333333333,2,2,ACCCAAAATATCCCAGAGCC,0,779991
crpp3,0.3333333333333333,2,2,ACCCAAAAGACAAAGTCCGG,0,770581
crpp3,0.3333333333333333,2,2,ACATCGAGTAAGCAGCGACC,0,778397
crpp3,0.3333333333333333,2,2,ACATATGGTCGCTGAGTCAC,0,772918
crpp3,0.3333333333333333,2,2,ACATAGGGCGAGGCCCTCTT,0,775811
crpp3,0.3333333333333333,2,2,ACATACAACTTTCGTATACA,0,786008
crpp3,0.3333333333333333,2,2,ACAGTCGTTTGAGGCAAAGA,0,783451
crpp3,0.3333333333333333,2,2,ACAGTAGTTTCCATAGGTTA,0,791077
crpp3,0.3333333333333333,2,2,ACAGCACCTTTGGTCGTGAC,0,779256
crpp3,0.3333333333333333,2,2,ACACTGGTGTGGGAGGCGGC,0,789023
crpp3,0.3333333333333333,2,2,ACACTCGCACTTTGTTGCCA,0,767996
crpp3,0.3333333333333333,2,2,ACACGGGCAGGGCGTTAACG,0,761335
crpp3,0.3333333333333333,2,2,ACACGATACTGTTTGAGAAC,0,786354
crpp3,0.3333333333333333,2,2,ACACATCGATAACATCACTC,0,764642
crpp3,0.3333333333333333,2,2,ACAAGTCTGAGGTGCAATGG,0,782241
crpp3,0.3333333333333333,2,2,ACAAGGTCTTCGGGGTAGTG,0,770687
crpp3,0.3333333333333333,2,2,ACAACGGGAAACCGGCTCTC,0,788774
crpp3,0.3333333333333333,2,2,AATTTTAGGGGGCGAATCGC,0,774758
crpp3,0.3333333333333333,2,2,AATTACCAGCGTTTTGACCA,0,762381
crpp3,0.3333333333333333,2,2,AATGTCAACATTTGAGATAT,0,783198
crpp3,0.3333333333333333,2,2,AATGGGATTCAGAGGCGAGC,0,766496
crpp3,0.3333333333333333,2,2,AATGGATCAGGGTACATAGT,0,772595
crpp3,0.3333333333333333,2,2,AATGCCGATGGCAAAAGTTA,0,786774
crpp3,0.3333333333333333,2,2,AATGAACGTGGCGGTCGTCG,0,782672
crpp3,0.3333333333333333,2,2,AATCTTAACTTGAGTGCAAG,0,782514
crpp3,0.3333333333333333,2,2,AATCTCCGCTTGTGCGTCGG,0,786007
crpp3,0.3333333333333333,2,2,AATCGTTGGCAGATCTTACC,0,780676
crpp3,0.3333333333333333,2,2,AATCCCGCGCTTCGCAAGAG,0,784857
crpp3,0.3333333333333333,2,2,AATATTAGGTGAAGCTAATT,0,777551
crpp3,0.3333333333333333,2,2,AATATCTCATCTCGCCACTT,0,768833
crpp3,0.3333333333333333,2,2,AATAGAAGCCGATGGACGCT,0,789809
crpp3,0.3333333333333333,2,2,AATACCTAGAATGAGCATAG,0,777939
crpp3,0.3333333333333333,2,2,AAGTTGTACAGTAGAGTCCC,0,787541
crpp3,0.3333333333333333,2,2,AAGTTCAGTTAGTGACATAG,0,763920
crpp3,0.3333333333333333,2,2,AAGTGTTCGTCCGCAGTAGC,0,780073
crpp3,0.3333333333333333,2,2,AAGTGTCCATACAGGGGACC,0,774147
crpp3,0.3333333333333333,2,2,AAGTCCTTCGCATCAGCCGC,0,774859
crpp3,0.3333333333333333,2,2,AAGTCATTATCGTGTATCTT,0,772710
crpp3,0.3333333333333333,2,2,AAGTACTCACGGACACCGTT,0,761935
crpp3,0.3333333333333333,2,2,AAGTACTAAAGCCTAGGCCA,0,758568
crpp3,0.3333333333333333,2,2,AAGGTGTGGGTTCTTAGACA,0,775417
crpp3,0.3333333333333333,2,2,AAGGTGCGAACCTGGTAGTA,0,788643
crpp3,0.3333333333333333,2,2,AAGGCCTGGATAGGGGCCTC,0,778911
crpp3,0.3333333333333333,2,2,AAGGCAGTGCACATAGCAGT,0,766924
crpp3,0.3333333333333333,2,2,AAGGAGCACGAACCACATCT,0,765600
crpp3,0.3333333333333333,2,2,AAGGAATCCCTTTCTCTGGC,0,782353
crpp3,0.3333333333333333,2,2,AAGCTTCCCAGCGTTACCTA,0,761881
crpp3,0.3333333333333333,2,2,AAGCCGTAAGCCGTTTCCAT,0,782468
crpp3,0.3333333333333333,2,2,AAGCAGGTTCAAGTTACGTG,0,763201
crpp3,0.3333333333333333,2,2,AAGAGTCTGTTCCAACACGG,0,765914
crpp3,0.3333333333333333,2,2,AAGAGGGTTCGAAGACCTGG,0,775400
crpp3,0.3333333333333333,2,2,AAGACGGATGATCACTCGCT,0,760969
crpp3,0.3333333333333333,2,2,AAGACCTTCTCACGCAGTGA,0,769448
crpp3,0.3333333333333333,2,2,AACTTTAGGTCGCGAATTCA,0,770925
crpp3,0.3333333333333333,2,2,AACGTGCAAAGCCTGGTCTG,0,786184
crpp3,0.3333333333333333,2,2,AACGTAACTTACGAAGACAA,0,786256
crpp3,0.3333333333333333,2,2,AACGGTATTCTAAATGTCTA,0,764409
crpp3,0.3333333333333333,2,2,AACGGAACTTTGTCCGATAA,0,778795
crpp3,0.3333333333333333,2,2,AACGAAAGGAGGAAGACGTC,0,765247
crpp3,0.3333333333333333,2,2,AACCGAGAAACGTTTCCGGG,0,768273
crpp3,0.3333333333333333,2,2,AACCAGCAGGATGATTACGA,0,760286
crpp3,0.3333333333333333,2,2,AACATTCAAAATGGGTTATT,0,784896
crpp3,0.3333333333333333,2,2,AACAATGCCTGCCTCTGAAG,0,768672
crpp3,0.3333333333333333,2,2,AAATCCCAGCCATCTTAAGA,0,781199
crpp3,0.3333333333333333,2,2,AAATACCTAAGCAATGGGGA,0,771222
crpp3,0.3333333333333333,2,2,AAAGGCAGCCTCTATAGGGG,0,765409
crpp3,0.3333333333333333,2,2,AAAGGATTCACACCGCCCAG,0,776898
crpp3,0.3333333333333333,2,2,AAACCGGTAATGAGTGAGAC,0,790033
crpp3,0.3333333333333333,2,2,AAAATTCAGCCTGATGGCGG,0,765104
crpp3,0.3333333333333333,2,2,AAAACTTATGTAACATGGGG,0,765853
crpp3,0.5,1,1,TTTTCCGGGGAATGGCCGCG,0,775363
crpp3,0.5,1,1,TTTTCATGGGCCGGGAAAAG,0,777707
crpp3,0.5,1,1,TTTTAGGGGAACGCTTCATG,0,785108
crpp3,0.5,1,1,TTTGTCAAAGCATGTTATAC,0,778516
crpp3,0.5,1,1,TTTGCTTTCCGAAAATAGGT,0,776766
crpp3,0.5,1,1,TTTGCATGCTATGCCTTCCA,0,779533
crpp3,0.5,1,1,TTTCTCGAGTGTAGCCTGTA,0,782511
crpp3,0.5,1,1,TTTCACTGTTAGAGTATGTT,0,787514
crpp3,0.5,1,1,TTTATTGTTGAATATCGACC,0,789664
crpp3,0.5,1,1,TTTAGTCGGTAGTAAACCGG,0,762817
crpp3,0.5,1,1,TTTACTTGGCGACTTAGTGG,0,779206
crpp3,0.5,1,1,TTTACATCTGCCCTACGTCT,0,768122
crpp3,0.5,1,1,TTTACAAATTAATCAAAGCG,0,781761
crpp3,0.5,1,1,TTTAATGTCAATATTAACAC,0,768359
crpp3,0.5,1,1,TTGTGCTGGTGGGAAGCGGT,0,770436
crpp3,0.5,1,1,TTGTGATTGCCTACCGCCCT,0,785052
crpp3,0.5,1,1,TTGTGATGTTCGTCATGCTA,0,778731
crpp3,0.5,1,1,TTGTCTAGCCGGAATACTTC,0,774982
crpp3,0.5,1,1,TTGTCATGACGGCGCTTTTA,0,779207
crpp3,0.5,1,1,TTGTACGCATCCGCAGTGGT,0,761228
crpp3,0.5,1,1,TTGTACCTACAGTTACTCCG,0,764948
crpp3,0.5,1,1,TTGGTGTGTGGCACCCCTTG,0,761178
crpp3,0.5,1,1,TTGGTCTTTATCCAGCTGAA,0,761931
crpp3,0.5,1,1,TTGGGTAGTTGTAGAACACG,0,769907
crpp3,0.5,1,1,TTGGGCTGCGCGACTCATCA,0,790325
crpp3,0.5,1,1,TTGGAATAGACAATGTTGTC,0,774133
crpp3,0.5,1,1,TTGCGGTGACCGAGTAGGGA,0,768130
crpp3,0.5,1,1,TTGATTTACGTCAGCTCCAC,0,781094
crpp3,0.5,1,1,TTGATGGCGACACATCGGGT,0,765590
crpp3,0.5,1,1,TTGACTCCCTCAGATTAGCA,0,760213
crpp3,0.5,1,1,TTGAATTCAGTATAAGTTGT,0,790096
crpp3,0.5,1,1,TTCTTTACCAGCGGGGATCC,0,780900
crpp3,0.5,1,1,TTCTTGTTGCACTATACTGT,0,790898
crpp3,0.5,1,1,TTCTTATACATGGGTACCTG,0,772754
crpp3,0.5,1,1,TTCTTAGCTCAGACGTTAGG,0,778940
crpp3,0.5,1,1,TTCTGTAGGGCGTCCTATGG,0,776563
crpp3,0.5,1,1,TTCGGGTCACAATACTATTT,0,761909
crpp3,0.5,1,1,TTCGCGTAAGGCAAAAACAT,0,776102
crpp3,0.5,1,1,TTCGCCCGCACCTATGGGCA,0,786626
crpp3,0.5,1,1,TTCGAGGGGCAAACGTTTAC,0,786396
crpp3,0.5,1,1,TTCGAAGTGGTTGGTTACGG,0,784430
crpp3,0.5,1,1,TTCCTCACGGATTCTCCGTG,0,774349
crpp3,0.5,1,1,TTCCGACGGTGGCTTTAGAG,0,770223
crpp3,0.5,1,1,TTCATCCGAGGCAACAGGCT,0,774995
crpp3,0.5,1,1,TTATTATATCTGGCTGGGAA,0,764925
crpp3,0.5,1,1,TTATCCCAGGTGCCTCGTCC,0,762552
crpp3,0.5,1,1,TTAGAGTCTGTTCACTGGTC,0,783602
crpp3,0.5,1,1,TTAGAGAGCAGGCCCCCCGC,0,781221
crpp3,0.5,1,1,TTACGGAAGGGTTGGTAGCT,0,771564
crpp3,0.5,1,1,TTACGAGCCGTCGGACGGTG,0,783095
crpp3,0.5,1,1,TTACGAAATTAGATATAAAT,0,762384
crpp3,0.5,1,1,TTACCATATTCACTTTCCTA,0,790987
crpp3,0.5,1,1,TTAATATGCGCTCTAAGTCC,0,762344
crpp3,0.5,1,1,TTAAGTGAATACCATCACCT,0,787812
crpp3,0.5,1,1,TTAAGTCCACGATGGCCCAA,0,774723
crpp3,0.5,1,1,TTAAGGGTTTGCAGTGAATC,0,778305
crpp3,0.5,1,1,TTAAGAACCACTAAGAAGAT,0,774078
crpp3,0.5,1,1,TTAACGAGACCAGTTGAAAC,0,771433
crpp3,0.5,1,1,TTAAAGTGCATCTCGCGTTC,0,785564
crpp3,0.5,1,1,TGTTAGTACACAAGAGATTT,0,776350
crpp3,0.5,1,1,TGTTAGGGGTTGGCCGGGTA,0,763483
crpp3,0.5,1,1,TGTTAGAGGGTATCAAGCAA,0,765127
crpp3,0.5,1,1,TGTGTGGCGGCATGCATGTA,0,775375
crpp3,0.5,1,1,TGTGTATGCTACCCTGTAAC,0,783725
crpp3,0.5,1,1,TGTGATAATTGCAAATTAAT,0,772677
crpp3,0.5,1,1,TGTGAAGTCCGCCTCGTCTA,0,788781
crpp3,0.5,1,1,TGTCTTTTAGGGTTACTCAA,0,771358
crpp3,0.5,1,1,TGTCTGAACACGTTCCAGGG,0,783386
crpp3,0.5,1,1,TGTCGAGGATTTGTCCCGGC,0,773704
crpp3,0.5,1,1,TGTCCGTGGGGTCCTAAGTC,0,776198
crpp3,0.5,1,1,TGTCATCTTTGGGCTGTAAG,0,764365
crpp3,0.5,1,1,TGTCATACCGAGGATCACCC,0,778521
crpp3,0.5,1,1,TGTCAGTCTATCCACGTACG,0,771325
crpp3,0.5,1,1,TGTATTTCTGAATCACCATG,0,769449
crpp3,0.5,1,1,TGTATGTAGAACACTGCACA,0,772153
crpp3,0.5,1,1,TGTATCACATGAAATATAAG,0,776096
crpp3,0.5,1,1,TGTATATATACCATCTTGGT,0,785657
crpp3,0.5,1,1,TGTATAGGGCTGGGGACCAC,0,770526
crpp3,0.5,1,1,TGTAGGAGGGCGGCAGTCCG,0,775199
crpp3,0.5,1,1,TGTACGGGTCCAAATATCTC,0,788877
crpp3,0.5,1,1,TGTAAGTACTTCGGCATCAA,0,774891
crpp3,0.5,1,1,TGTAAGGCCTTCGTCACGCT,0,778623
crpp3,0.5,1,1,TGGTTCCATCGCCGCCGGGC,0,774566
crpp3,0.5,1,1,TGGTTATCCTTTTCACGGTT,0,779157
crpp3,0.5,1,1,TGGTGGGCCAGGCTTTATTT,0,758960
crpp3,0.5,1,1,TGGTACTTTAGTATACTACC,0,789078
crpp3,0.5,1,1,TGGGTTTATGTGACCCACTT,0,760507
crpp3,0.5,1,1,TGGGTGATAGGATTCGACAC,0,765095
crpp3,0.5,1,1,TGGGTCACGGTCATCGGGTA,0,783187
crpp3,0.5,1,1,TGGGTAAATGAAATTCCTGT,0,768348
crpp3,0.5,1,1,TGGGGTCCCCAGAACCATCG,0,770033
crpp3,0.5,1,1,TGGGGCCGATGATCGCCGTC,0,771017
crpp3,0.5,1,1,TGGGGAAGCCAGAGGTGTTA,0,778571
crpp3,0.5,1,1,TGGGCTTGGAGTCTGCTCGG,0,770993
crpp3,0.5,1,1,TGGGCATGCAGGTTAGCAAT,0,759095
crpp3,0.5,1,1,TGGGCACTTTTGTTTATAGC,0,786953
crpp3,0.5,1,1,TGGGATATTGAGACACGGCT,0,777484
crpp3,0.5,1,1,TGGGACCCGTCGCCCGGGTT,0,776497
crpp3,0.5,1,1,TGGGAATGAGAGGAATGGCT,0,782084
crpp3,0.5,1,1,TGGCTAAATAGGTATTCACC,0,759715
crpp3,0.5,1,1,TGGCGGTGTAAGGCGTACAG,0,772067
crpp3,0.5,1,1,TGGCATGGGGTAATCTGATA,0,786266
crpp3,0.5,1,1,TGGCATCCTGCCCAGCATAC,0,775032
crpp3,0.5,1,1,TGGCACGTTCGCGTGTAAGA,0,763596
crpp3,0.5,1,1,TGGAGGGCACCTGGCGTATG,0,777875
crpp3,0.5,1,1,TGCTGCGTTGACTTATCTGG,0,773861
crpp3,0.5,1,1,TGCTCGGTGTAGGGATCTAT,0,781772
crpp3,0.5,1,1,TGCTATTAACAACTTATTAA,0,766508
crpp3,0.5,1,1,TGCGTTGGACGTTTCGTAGC,0,759481
crpp3,0.5,1,1,TGCGCAGCAAATCATGAATT,0,783449
crpp3,0.5,1,1,TGCCTGGCCTGGCTACGCAA,0,763559
crpp3,0.5,1,1,TGCCTGGACTCATAATTGGC,0,763579
crpp3,0.5,1,1,TGCCGCCAAGTAATATCTTC,0,781494
crpp3,0.5,1,1,TGCACCGGTTTCACACGCGG,0,791306
crpp3,0.5,1,1,TGCAAATTGGCTTGCATTAG,0,760791
crpp3,0.5,1,1,TGATTTCTGTCCGGTGGTCT,0,763780
crpp3,0.5,1,1,TGATCCTCAAAAGGAAAAAG,0,763107
crpp3,0.5,1,1,TGAGTTTCTGCAATTTATCA,0,766192
crpp3,0.5,1,1,TGAGTACCATCTAGACCTTG,0,761384
crpp3,0.5,1,1,TGACGCAATCGATCCTTAGC,0,786889
crpp3,0.5,1,1,TGACCGCCCGCCTTCCAGAA,0,771209
crpp3,0.5,1,1,TGACACTTTGGGATACCAAC,0,787406
crpp3,0.5,1,1,TGAATGCTAAACTAACAACC,0,775814
crpp3,0.5,1,1,TGAACTTGTTGACTTCGTCT,0,771405
crpp3,0.5,1,1,TGAACTCGTTATAACAGACC,0,763476
crpp3,0.5,1,1,TGAACGGTATTTCACTTGTA,0,764318
crpp3,0.5,1,1,TCTTTGTACTGATGGGTAAG,0,791016
crpp3,0.5,1,1,TCTTGCAAGACTACAAAAAT,0,782269
crpp3,0.5,1,1,TCTTCACGACATGTCCGCGC,0,784856
crpp3,0.5,1,1,TCTGTGTGTAGGGTCTCAGG,0,760029
crpp3,0.5,1,1,TCTGTATTCTAGTGTTTACA,0,784231
crpp3,0.5,1,1,TCTGGTGGATGGGCGACCCT,0,766935
crpp3,0.5,1,1,TCTGATGGGGAAGTCTCCAG,0,779560
crpp3,0.5,1,1,TCTGATCCCCAAGAAGAGAC,0,789655
crpp3,0.5,1,1,TCTCTTAGCGGACAACGAGC,0,778859
crpp3,0.5,1,1,TCTCCACGTTAAGTCAGTGG,0,763164
crpp3,0.5,1,1,TCTCCACAAGGATACTGGGA,0,773841
crpp3,0.5,1,1,TCTATAAGTTTAATTCGGTT,0,771248
crpp3,0.5,1,1,TCTACTTCCTTTATATCATG,0,766596
crpp3,0.5,1,1,TCGTTTCGAGCCCGAGGTCG,0,779649
crpp3,0.5,1,1,TCGTTTATGGATTATTTAAT,0,783562
crpp3,0.5,1,1,TCGTTAGTTGGCTTTTTTAG,0,767987
crpp3,0.5,1,1,TCGTGGTGCCCGTACTTCTT,0,781937
crpp3,0.5,1,1,TCGTCTGCATCAATTTCGTT,0,786030
crpp3,0.5,1,1,TCGTCGTTCGGATAGCTCAT,0,780862
crpp3,0.5,1,1,TCGTATGCAGTTAGGAGGGT,0,776059
crpp3,0.5,1,1,TCGGTTTACTATATAGCCGT,0,779797
crpp3,0.5,1,1,TCGGAGAGCTCGAATTTTGC,0,786600
crpp3,0.5,1,1,TCGGAAAAAGTGCGTGATAT,0,763730
crpp3,0.5,1,1,TCGCGCCTGCCCTGTCACGA,0,767176
crpp3,0.5,1,1,TCGCCGCCCACCCGGCACAA,0,775784
crpp3,0.5,1,1,TCGCACAATCTGCCTTCCTG,0,769923
crpp3,0.5,1,1,TCGAAGGAGCTCTGGCCTAC,0,776068
crpp3,0.5,1,1,TCGAAACGATTTTGAATAAT,0,780063
crpp3,0.5,1,1,TCGAAAAAGCTCGTTTTGTA,0,767609
crpp3,0.5,1,1,TCCTTTAGGGGATCTCGGTT,0,781701
crpp3,0.5,1,1,TCCTCCGTGTGTGGGGGCCC,0,779939
crpp3,0.5,1,1,TCCTACTCTGCGCGCCAGGT,0,781264
crpp3,0.5,1,1,TCCTAAGAAGCGGTCTAAGA,0,766509
crpp3,0.5,1,1,TCCGGGGTCTGAGACATTTT,0,790856
crpp3,0.5,1,1,TCCGGGCATACGAATGGATC,0,773369
crpp3,0.5,1,1,TCCGGAATTCCGTTCAGTTA,0,765386
crpp3,0.5,1,1,TCCGAATCACATAATACAGA,0,765321
crpp3,0.5,1,1,TCCCTTCAAGGAGACAACGC,0,770224
crpp3,0.5,1,1,TCCCTCAGGGAATTCGGTCA,0,778264
crpp3,0.5,1,1,TCCCACGTGCCCCAATCAGA,0,773448
crpp3,0.5,1,1,TCCAGGATGGCAGCCGGGAT,0,786904
crpp3,0.5,1,1,TCCACATACAAGTCCATGGC,0,759324
crpp3,0.5,1,1,TCCAAGACGAACAATCGGTT,0,781255
crpp3,0.5,1,1,TCATTGACAAGTCTCGAAAT,0,781121
crpp3,0.5,1,1,TCATTAGTGTTACTAAGCAC,0,765966
crpp3,0.5,1,1,TCATTAGAGTGGAGGACGAC,0,781282
crpp3,0.5,1,1,TCATAGAACCGCGGGCTATC,0,784732
crpp3,0.5,1,1,TCATACCAACTAGATAGTTC,0,764636
crpp3,0.5,1,1,TCAGTTGTAGTTTTGTCAAA,0,780076
crpp3,0.5,1,1,TCAGGCGATGATACGTGTGA,0,771039
crpp3,0.5,1,1,TCAGGATTAGGACTTTCAGG,0,778941
crpp3,0.5,1,1,TCAGATCAGAGGTTATCGCC,0,774993
crpp3,0.5,1,1,TCACGCCCAATGAAAATCTC,0,783369
crpp3,0.5,1,1,TCACGCACTTCATGGTCTAC,0,773342
crpp3,0.5,1,1,TCACCCCCAACCAATTGACT,0,773104
crpp3,0.5,1,1,TCACAGGCAAGGACGATTAC,0,762875
crpp3,0.5,1,1,TCACAAGGAATCATAAAAAC,0,778681
crpp3,0.5,1,1,TCAATCTATGCAGTATTGAA,0,784224
crpp3,0.5,1,1,TCAATCACGTACTGTGACGA,0,772323
crpp3,0.5,1,1,TCAAGTCCGAGATACCTCTG,0,769195
crpp3,0.5,1,1,TCAACGTACGCAACCGTCTA,0,768210
crpp3,0.5,1,1,TCAACCCTACGCATCCGTCT,0,785616
crpp3,0.5,1,1,TCAAACCAGTAAGAACGCGC,0,785724
crpp3,0.5,1,1,TATTGGAGGCACGAGTTCAC,0,775065
crpp3,0.5,1,1,TATTGAGGGCGATGGCCAGC,0,777409
crpp3,0.5,1,1,TATTGAGCCCGCGGAGTGAC,0,776858
crpp3,0.5,1,1,TATGGAGTGGGCTCTCCTTA,0,769029
crpp3,0.5,1,1,TATGCTTGAAAGGTGATTAT,0,787018
crpp3,0.5,1,1,TATGAACTCGCAAGCCAATA,0,781019
crpp3,0.5,1,1,TATCTACAAAGAAGCGACCA,0,784569
crpp3,0.5,1,1,TATCGCTTGGTGAACGAGTT,0,780015
crpp3,0.5,1,1,TATCCTTTTACGTAATCAAT,0,781664
crpp3,0.5,1,1,TATCCACTTACAGGGTGGGG,0,786922
crpp3,0.5,1,1,TATCATACCATGTCCTCGGC,0,772989
crpp3,0.5,1,1,TATATATCGGGTTATTGTCG,0,776085
crpp3,0.5,1,1,TATATAGCTTAACCAATCTT,0,765781
crpp3,0.5,1,1,TATAGCAAGATGTCCACTGC,0,789123
crpp3,0.5,1,1,TATAGACATTTCGATAATTG,0,773762
crpp3,0.5,1,1,TATAGAATGGATTTAGTGAA,0,773026
crpp3,0.5,1,1,TATACATTATGTGGATATAC,0,772654
crpp3,0.5,1,1,TATAAAGACCGAATTCCGAC,0,787836
crpp3,0.5,1,1,TAGGTGGGTCCATTGATCGC,0,759710
crpp3,0.5,1,1,TAGGTGATGTGTTCGTCGGT,0,775303
crpp3,0.5,1,1,TAGGACGTGGCGCCTTCACT,0,775321
crpp3,0.5,1,1,TAGCTTACGCTAAAACCTAA,0,790200
crpp3,0.5,1,1,TAGCAGGCGCGTGTATTCAA,0,765913
crpp3,0.5,1,1,TAGATGGCCAATTGCGCAAT,0,770551
crpp3,0.5,1,1,TAGAGGCGGGGATCGATTTT,0,763555
crpp3,0.5,1,1,TACTTGGATGCGGTGCCAGA,0,776154
crpp3,0.5,1,1,TACTGTGTCCAAGGCAGTTC,0,770066
crpp3,0.5,1,1,TACTATTCTCTATTGTGGAT,0,765707
crpp3,0.5,1,1,TACGATCTGCACCTGGCCCA,0,785091
crpp3,0.5,1,1,TACCTGCGGTCTTGATCTGC,0,763481
crpp3,0.5,1,1,TACCCTCTGGACAACGTGCC,0,770650
crpp3,0.5,1,1,TACATTTAGCTTGCTTCTAC,0,778311
crpp3,0.5,1,1,TACACAGCAAGGGGTGGTCG,0,788505
crpp3,0.5,1,1,TACAACCAGACGGTCCACTA,0,758627
crpp3,0.5,1,1,TAATCCGTTCAGAAAGTAAG,0,766636
crpp3,0.5,1,1,TAATAGCCCTGTTGTTCATA,0,771187
crpp3,0.5,1,1,TAATACGAGCCTGCACGCGT,0,767526
crpp3,0.5,1,1,TAAGTTATCATGGGTGGATG,0,768721
crpp3,0.5,1,1,TAAGTCGTTAATCGTCGCCG,0,776117
crpp3,0.5,1,1,TAAGGCTGCGCTAGTCACGT,0,770052
crpp3,0.5,1,1,TAAGGAGGGGGCGGATCTTG,0,778036
crpp3,0.5,1,1,TAACGCTTATGCTCGCTCGC,0,785182
crpp3,0.5,1,1,TAACAGTCCATACTAGACGA,0,774144
crpp3,0.5,1,1,TAACACCCCCGGTTCAAATG,0,787957
crpp3,0.5,1,1,TAAATCAGCCACAGTCTTAG,0,764495
crpp3,0.5,1,1,TAAATAGATCAAAAGGTTTT,0,772016
crpp3,0.5,1,1,TAAAGTTGGGGCAAAACCAT,0,778322
crpp3,0.5,1,1,TAAAGTCTATCATTCTCTAT,0,770302
crpp3,0.5,1,1,TAAAGCGGGGCAATGTGCGC,0,786134
crpp3,0.5,1,1,TAAACCTAAAGGCAAGGCCA,0,784488
crpp3,0.5,1,1,TAAAACTCAGTTGTCAGCCA,0,773734
crpp3,0.5,1,1,GTTTTGATTCACACAATGCC,0,768241
crpp3,0.5,1,1,GTTTCTTGGACCGATCATTT,0,775829
crpp3,0.5,1,1,GTTTCTGTGCCCAGCATGTT,0,774302
crpp3,0.5,1,1,GTTTCTCGGCTCGTGCCCAG,0,769158
crpp3,0.5,1,1,GTTTCGTCGGGTAGTACCAC,0,760176
crpp3,0.5,1,1,GTTGTACAGCGTAAACTTTA,0,790231
crpp3,0.5,1,1,GTTGGCTTCGAGGGGGGAAG,0,787781
crpp3,0.5,1,1,GTTGAATTCCAAGGATCGCT,0,781777
crpp3,0.5,1,1,GTTCGCACTTTACTTCACCG,0,759223
crpp3,0.5,1,1,GTTCCTTTGGAGATTATTGC,0,761147
crpp3,0.5,1,1,GTTCCTCTCCCTCTATTATC,0,784498
crpp3,0.5,1,1,GTTCCGATTTACTCTACCGG,0,776916
crpp3,0.5,1,1,GTTATTGGGAGGCCCTAGGA,0,781169
crpp3,0.5,1,1,GTTATATTTTGGCCACAGGA,0,771998
crpp3,0.5,1,1,GTTACGTCCTCCTTTTTGTA,0,789032
crpp3,0.5,1,1,GTTACGTCCGAACTACCCGT,0,790428
crpp3,0.5,1,1,GTTACGGGGTTCTCGTCAGA,0,785975
crpp3,0.5,1,1,GTTACCTATGTCGCACTCAG,0,791049
crpp3,0.5,1,1,GTTACACTTGATCCTCATAT,0,760987
crpp3,0.5,1,1,GTTACACGTAAGAAGTAAAT,0,778804
crpp3,0.5,1,1,GTTAAATATCCACGGAAACA,0,783507
crpp3,0.5,1,1,GTGTTTGATTTGCGAATTGG,0,767100
crpp3,0.5,1,1,GTGTGTTATGTCTAGACCCT,0,785377
crpp3,0.5,1,1,GTGTGGGACCTCTCTAGGTA,0,758654
crpp3,0.5,1,1,GTGTGCAGGGCCTCATGTCT,0,760696
crpp3,0.5,1,1,GTGTCTTCTGCGTGTCAGGG,0,782270
crpp3,0.5,1,1,GTGTCTGAATTCTGGAATTA,0,762556
crpp3,0.5,1,1,GTGTCGCTGTTTCGCCCAGT,0,789306
crpp3,0.5,1,1,GTGTCCCGTAATTCGACGAG,0,759522
crpp3,0.5,1,1,GTGGGGTCCATCTACAGCCA,0,760961
crpp3,0.5,1,1,GTGGGCTTGAAAAGGGTGAA,0,760574
crpp3,0.5,1,1,GTGGATCTGAAGATAATTTC,0,770216
crpp3,0.5,1,1,GTGGAGCCTGGCTCGGGCCC,0,771023
crpp3,0.5,1,1,GTGGACGGGATCCTGAGACT,0,767956
crpp3,0.5,1,1,GTGCTTGACTTGAGATTATC,0,765598
crpp3,0.5,1,1,GTGCGGTGTAAGGCGCTCTG,0,772120
crpp3,0.5,1,1,GTGCGACAACGCGGACTATG,0,777830
crpp3,0.5,1,1,GTGCCGCATGTCAACTCAGT,0,768535
crpp3,0.5,1,1,GTGCCATCACACGCCCCACG,0,776946
crpp3,0.5,1,1,GTGCACAACCAACGCTAAGA,0,767631
crpp3,0.5,1,1,GTGATCGCAACACCGGTGTA,0,767300
crpp3,0.5,1,1,GTGACTCAGCTTATGCAGGC,0,775726
crpp3,0.5,1,1,GTGACGCGTGTTAGTCCTCT,0,790960
crpp3,0.5,1,1,GTGACCGAGCTCGTAAACAT,0,764412
crpp3,0.5,1,1,GTGAACATTACACTGGTAGA,0,780602
crpp3,0.5,1,1,GTGAAAAACAATTACGCACA,0,769093
crpp3,0.5,1,1,GTCTTTATGGAAAGTGTAAC,0,773781
crpp3,0.5,1,1,GTCTGCGAGCAAACTCTAGG,0,764393
crpp3,0.5,1,1,GTCTCACAGGCCGCTTCACT,0,784786
crpp3,0.5,1,1,GTCTCAAGCCAATTGGATAC,0,791019
crpp3,0.5,1,1,GTCGTCAACTGGCATGTTGC,0,777849
crpp3,0.5,1,1,GTCGTAGATAGGACTTACCT,0,760116
crpp3,0.5,1,1,GTCGGCCGGCGCCGGACAGC,0,786271
crpp3,0.5,1,1,GTCCTTTCGTACATTTATGG,0,783651
crpp3,0.5,1,1,GTCCTGTGTCCTGATGTGGT,0,779856
crpp3,0.5,1,1,GTCCGTAGGGCCGCCTGTCG,0,763345
crpp3,0.5,1,1,GTCCGAGGATCATTCGGTGT,0,775744
crpp3,0.5,1,1,GTCCGACGCGTTAAGCTGTA,0,771690
crpp3,0.5,1,1,GTCCCTCTACTGTTTTGAAC,0,776948
crpp3,0.5,1,1,GTCCCCGGTAGTCAAACTAA,0,785715
crpp3,0.5,1,1,GTCCAGTGGTTATCCCGATG,0,769977
crpp3,0.5,1,1,GTCCACGAGGGAAGCGTTGC,0,786699
crpp3,0.5,1,1,GTCCAATGAACGGCAGTGGG,0,775173
crpp3,0.5,1,1,GTCACAGTCCGAGCGGTAGG,0,772182
crpp3,0.5,1,1,GTCAAGGTTACGTTGCACTA,0,760430
crpp3,0.5,1,1,GTCAACCCAGTCTTCCTCTT,0,789669
crpp3,0.5,1,1,GTCAAAGGTGATATTCTTTG,0,779127
crpp3,0.5,1,1,GTATGCACCACCAGTTCCCT,0,773029
crpp3,0.5,1,1,GTATAGAGGTATTCACAGGA,0,764445
crpp3,0.5,1,1,GTATACAAGATATGAGTCAT,0,761441
crpp3,0.5,1,1,GTAGTCGGCTCTTACGGTCA,0,763667
crpp3,0.5,1,1,GTAGGTTTCGCCGGTAATGT,0,778024
crpp3,0.5,1,1,GTAGGCGTGAAGCTCCGATG,0,779153
crpp3,0.5,1,1,GTAGCGCATGGCTCTCCTCA,0,770745
crpp3,0.5,1,1,GTAGATCCAGGTAGGTTGCT,0,787200
crpp3,0.5,1,1,GTACTTTTAAAAGTGTCAGA,0,781435
crpp3,0.5,1,1,GTACGGAGCAATAGGTACGT,0,760875
crpp3,0.5,1,1,GTACCAGTGTGACTCAATCT,0,772566
crpp3,0.5,1,1,GTAATAGCTTCACACGAAGT,0,759254
crpp3,0.5,1,1,GTAAGACTGCCACGGCTGAT,0,760756
crpp3,0.5,1,1,GTAACCACTTATTTCACATC,0,760959
crpp3,0.5,1,1,GTAACAGGGGTGATTGTTGG,0,791179
crpp3,0.5,1,1,GGTTTGATTACGTTACGTCC,0,776347
crpp3,0.5,1,1,GGTTTCGTCACCGACATGAA,0,786417
crpp3,0.5,1,1,GGTTTATTTTGTCGAGGTCG,0,778546
crpp3,0.5,1,1,GGTTCTTGGCCCTGCGTCCT,0,789683
crpp3,0.5,1,1,GGTTATGTCGTTTTTGTGAT,0,783912
crpp3,0.5,1,1,GGTTACCGTGGGCCTAGGCT,0,783457
crpp3,0.5,1,1,GGTGCTGAGGGCCACGTCGC,0,762807
crpp3,0.5,1,1,GGTGAAGCCGTGTACAGGTT,0,767203
crpp3,0.5,1,1,GGTCTATAACTGAAACGCAA,0,790026
crpp3,0.5,1,1,GGTCGGTGTAGCCCAAGGCA,0,765490
crpp3,0.5,1,1,GGTCCTGGTCGTCTTAGAAG,0,762693
crpp3,0.5,1,1,GGTCCGGGTCTGGTGAAGGG,0,771685
crpp3,0.5,1,1,GGTCCAGGGCCAAGTCCGGG,0,766434
crpp3,0.5,1,1,GGTCAATTGCGAGGGAGGGA,0,758699
crpp3,0.5,1,1,GGTATCTCATGATAGGTCAC,0,775314
crpp3,0.5,1,1,GGTAGTGGGGGTCAACTGAC,0,784948
crpp3,0.5,1,1,GGTAGGTGGTATTCATTCTA,0,782694
crpp3,0.5,1,1,GGTAGGGTTAAGACCGACGA,0,776921
crpp3,0.5,1,1,GGTACAGTCAAGAGACCTGA,0,761714
crpp3,0.5,1,1,GGGTTTCTAGCGAACTTTAA,0,776732
crpp3,0.5,1,1,GGGTTACGTTTAAGTCTTAG,0,769058
crpp3,0.5,1,1,GGGTTAAGTGTGGTTCGGAG,0,776999
crpp3,0.5,1,1,GGGTGCAGTAAAGGAAGGGT,0,776992
crpp3,0.5,1,1,GGGTGAATAAGATGCGGTAA,0,767589
crpp3,0.5,1,1,GGGTCTCTCATTTTAGCAAG,0,773235
crpp3,0.5,1,1,GGGTCCGTGGTCGTCGGCTA,0,773579
crpp3,0.5,1,1,GGGGTGTGCTCACCTCGTGC,0,777219
crpp3,0.5,1,1,GGGGGTGGCCAACGTTAATT,0,787671
crpp3,0.5,1,1,GGGGGAGTTATAAATTGAGT,0,769275
crpp3,0.5,1,1,GGGGCGTAAAACCACTAGAT,0,776113
crpp3,0.5,1,1,GGGCTGCTTGGACGTGACGG,0,788113
crpp3,0.5,1,1,GGGCGGGTGAGTCTGCGCCT,0,768560
crpp3,0.5,1,1,GGGCCTTACCTTACGGAAAC,0,763591
crpp3,0.5,1,1,GGGATCTTACTCATGCGTTG,0,764984
crpp3,0.5,1,1,GGGAGTCACCAGAAAAACTA,0,781842
crpp3,0.5,1,1,GGGAGCAGAGTTTGTGATGA,0,770899
crpp3,0.5,1,1,GGCTCCAAATGTTATCGGTT,0,775335
crpp3,0.5,1,1,GGCTACGTAGCATGGACGGA,0,764102
crpp3,0.5,1,1,GGCTAAAATGATAAACTTAG,0,763978
crpp3,0.5,1,1,GGCGTTTAATGAACAGACTT,0,768900
crpp3,0.5,1,1,GGCGTCGTATACTGCAATGA,0,780229
crpp3,0.5,1,1,GGCGTAGGACCACAGACTAA,0,766716
crpp3,0.5,1,1,GGCGCCTCCGGTCGTCTTTA,0,761345
crpp3,0.5,1,1,GGCGATTTGTTGTTTCAAGC,0,787779
crpp3,0.5,1,1,GGCGACTTGACGCGCCGTTC,0,786704
crpp3,0.5,1,1,GGCCTTCGAAATTGAAATGC,0,768590
crpp3,0.5,1,1,GGCCTCACCCGGTTCTTCCT,0,766878
crpp3,0.5,1,1,GGCCCCCTTCCTATTATCGC,0,773367
crpp3,0.5,1,1,GGCCCACGGTGTACCGAAGT,0,768131
crpp3,0.5,1,1,GGCCATTATGTTTAAAATGT,0,767728
crpp3,0.5,1,1,GGCATATGATAACTACGGGG,0,769933
crpp3,0.5,1,1,GGCACGGTGCACGTGTTCGA,0,769316
crpp3,0.5,1,1,GGCACAGGATATTCTTTTTC,0,786450
crpp3,0.5,1,1,GGCAATGGCCCATTAAGGTA,0,778300
crpp3,0.5,1,1,GGCAAGCGTTTGGTACCTCG,0,782686
crpp3,0.5,1,1,GGCAACTCAGACAATTAAGC,0,774663
crpp3,0.5,1,1,GGATTGAGGAAAATAAGAGG,0,774294
crpp3,0.5,1,1,GGATGTGTGGTCGTTCCGTG,0,775553
crpp3,0.5,1,1,GGATAAGTATAATGGATTAC,0,787265
crpp3,0.5,1,1,GGAGGGGATGAGTCCGCCAT,0,761347
crpp3,0.5,1,1,GGAGGGATATTTTCTTAACT,0,762329
crpp3,0.5,1,1,GGAGACGCGTGATGGTTTTA,0,767482
crpp3,0.5,1,1,GGACTGGACGGCTACGTCCC,0,766057
crpp3,0.5,1,1,GGACGGCACGTGGGTCCGCC,0,765884
crpp3,0.5,1,1,GGACCTGATGTGCCAATGTC,0,786968
crpp3,0.5,1,1,GGACATTCGAGTAGAGAACG,0,763346
crpp3,0.5,1,1,GGAATGTACACCTAAAAGTG,0,770220
crpp3,0.5,1,1,GGAAGGCCGAGGGGGTAGCC,0,780318
crpp3,0.5,1,1,GGAAGCACGTCTCCAAATAA,0,784477
crpp3,0.5,1,1,GGAACTCAGGCGGGGTTGGC,0,766598
crpp3,0.5,1,1,GGAACCTGCTGCTACCAGCA,0,788106
crpp3,0.5,1,1,GGAACCTGAGACTTAAAGTT,0,777741
crpp3,0.5,1,1,GGAAATCGTCTAAAACCGGT,0,777518
crpp3,0.5,1,1,GCTTGTTCTTACACTGCCAC,0,777016
crpp3,0.5,1,1,GCTTCGGGCGCGGATCGAAC,0,780447
crpp3,0.5,1,1,GCTGTGCTAGAACAGAATGC,0,761055
crpp3,0.5,1,1,GCTGAGTGGTAATTCTTACG,0,789437
crpp3,0.5,1,1,GCTGAGGAGGTGTAGGTAAA,0,787882
crpp3,0.5,1,1,GCTCTTGTGTTGTTAATATC,0,781000
crpp3,0.5,1,1,GCTCCGCTGTTGGGGCATCC,0,784867
crpp3,0.5,1,1,GCTCATGCTTGGATTAAAAG,0,769992
crpp3,0.5,1,1,GCTATTCAGTAAGTGCAGAG,0,789356
crpp3,0.5,1,1,GCTATGCAGACCAATATGTT,0,779527
crpp3,0.5,1,1,GCTAGACAACGAGTCAGGAG,0,758485
crpp3,0.5,1,1,GCGTTTGCCCTAATAGCGTC,0,765779
crpp3,0.5,1,1,GCGTGTCCCTGTCGCCGGAC,0,766014
crpp3,0.5,1,1,GCGTCGATTTGAATCGGGGC,0,767846
crpp3,0.5,1,1,GCGTAAACTGGAATCCCCAC,0,762475
crpp3,0.5,1,1,GCGGCAACGGCCCGGATTGC,0,773858
crpp3,0.5,1,1,GCGGATATAGGGCTGGATAT,0,790832
crpp3,0.5,1,1,GCGCTTGTCTTACCGCTCAC,0,791096
crpp3,0.5,1,1,GCGCAGTGAAACGTCGGGTC,0,785856
crpp3,0.5,1,1,GCGAGCGAGCGCATCGGTTA,0,763033
crpp3,0.5,1,1,GCCTTCGCGGAACGGGGAAT,0,763331
crpp3,0.5,1,1,GCCTTCGCCAACGAACGCTG,0,775523
crpp3,0.5,1,1,GCCTGTCAGCAGTCTGGGTA,0,785340
crpp3,0.5,1,1,GCCTGTACAGGGTTTCGTGC,0,765811
crpp3,0.5,1,1,GCCTGGATAGCACATCCCGT,0,777629
crpp3,0.5,1,1,GCCTATAATGGTAGTACCAC,0,776017
crpp3,0.5,1,1,GCCGGACCATTAAGTGTTCA,0,767265
crpp3,0.5,1,1,GCCGCTTAAGCAGCATATTT,0,765549
crpp3,0.5,1,1,GCCGACTTATCCCGTACGTC,0,783709
crpp3,0.5,1,1,GCCCTTGCAAAGGAACTTGC,0,783995
crpp3,0.5,1,1,GCCCTAGCACTTGAAACCAC,0,772377
crpp3,0.5,1,1,GCCAGTCCCTCGCACATGGG,0,784671
crpp3,0.5,1,1,GCCACTAAGCTTGACACGGT,0,791041
crpp3,0.5,1,1,GCCACGGTCTTCTAGGTAAA,0,782931
crpp3,0.5,1,1,GCCAAATGTACTGCAAAAGG,0,785194
crpp3,0.5,1,1,GCCAAACGCGTCGTGTGCGC,0,766220
crpp3,0.5,1,1,GCATGAGTGCCCTGAGAAGA,0,763690
crpp3,0.5,1,1,GCATCTCCTTTGCTAATTAT,0,771643
crpp3,0.5,1,1,GCATCTACGGGATGTCCATA,0,768308
crpp3,0.5,1,1,GCATCGGCTATCCTTTGTGA,0,770176
crpp3,0.5,1,1,GCATCATAGGGCATGGTGCC,0,782239
crpp3,0.5,1,1,GCATCAGAGCGAATTTATTG,0,771770
crpp3,0.5,1,1,GCATAGGAAGCCGGTCAGGT,0,779440
crpp3,0.5,1,1,GCAGGCCTCCGTTAACGTGA,0,785080
crpp3,0.5,1,1,GCAGGATGTTCGCCCATTAC,0,769794
crpp3,0.5,1,1,GCAGCGCAACTGGTAAAGTC,0,758809
crpp3,0.5,1,1,GCAGCAGGTAGCTGTGTAGT,0,770366
crpp3,0.5,1,1,GCACTTCGCTTACGCTTTAC,0,762184
crpp3,0.5,1,1,GCACTGTCCAGACGCGTCAT,0,767791
crpp3,0.5,1,1,GCACGAAACCCAGCGCCTTG,0,760489
crpp3,0.5,1,1,GCAATTAAGGGCACATAAGG,0,759418
crpp3,0.5,1,1,GCAATGAGAGATTACACCAG,0,772749
crpp3,0.5,1,1,GCAACCGGCGACTAGGAGGG,0,761431
crpp3,0.5,1,1,GCAAAACCTTAAAGGTTAAG,0,767413
crpp3,0.5,1,1,GATTTGATACGCTGGCCCGG,0,758797
crpp3,0.5,1,1,GATTTAAGTAGTAAAGCGCG,0,782145
crpp3,0.5,1,1,GATTGGAATCGGAGAGGTAG,0,767392
crpp3,0.5,1,1,GATTCGATGAGTGGCTCGCG,0,771307
crpp3,0.5,1,1,GATGGCGATACAACTGAGAT,0,785946
crpp3,0.5,1,1,GATGAGTAACCCCTACGAAA,0,772324
crpp3,0.5,1,1,GATGAGGGGCTGAGTGAACC,0,761359
crpp3,0.5,1,1,GATGAATATCATTCCGCCAA,0,766863
crpp3,0.5,1,1,GATCGCAAGGACGTTTTTTT,0,785708
crpp3,0.5,1,1,GATCCTGCGCACGATCTTCC,0,789118
crpp3,0.5,1,1,GATCCGAGATATGTGTCCCA,0,784893
crpp3,0.5,1,1,GATCCGAACATCTGAACCAG,0,760221
crpp3,0.5,1,1,GATATCGTCGAATTTGTGGC,0,778771
crpp3,0.5,1,1,GATATACAGAGTTGGTTTGT,0,763060
crpp3,0.5,1,1,GATACGGCCGTGTGATGTAT,0,786044
crpp3,0.5,1,1,GATACCCGCTTGATCATCAA,0,768205
crpp3,0.5,1,1,GATAATCCTGGCAGAACGAG,0,773346
crpp3,0.5,1,1,GATAAAAGGCGTTTACCAAA,0,763204
crpp3,0.5,1,1,GAGTTTCAGGGACCGCATTA,0,769700
crpp3,0.5,1,1,GAGTCTAGCGTGGCGGTTGG,0,783672
crpp3,0.5,1,1,GAGTCTAAGTCAGTGACTAT,0,786453
crpp3,0.5,1,1,GAGTCCTGCGGAGCGTAGTG,0,766398
crpp3,0.5,1,1,GAGTCAACGTCTGCGTTAAT,0,767569
crpp3,0.5,1,1,GAGTCAAATGGCTGAGGGTA,0,782906
crpp3,0.5,1,1,GAGTATACGTTGCTTATCGA,0,782685
crpp3,0.5,1,1,GAGGGAAGTTACACGCGTCT,0,763271
crpp3,0.5,1,1,GAGCTCCAACTAACCGATTA,0,785103
crpp3,0.5,1,1,GAGCGGTGCCATGATCAATT,0,768634
crpp3,0.5,1,1,GAGCGAGCCATTGCAGTGCG,0,766294
crpp3,0.5,1,1,GAGCCTGCTCGTGCCGATAG,0,778942
crpp3,0.5,1,1,GAGCACGCGGGTAACTCTGT,0,768167
crpp3,0.5,1,1,GAGATGGATCTTATTCGGTT,0,779875
crpp3,0.5,1,1,GAGACTACCGAAGTTAGTGC,0,786887
crpp3,0.5,1,1,GAGAAGGGGTGGGGTTCTAC,0,783845
crpp3,0.5,1,1,GACTGGCATATAACCATCAA,0,773155
crpp3,0.5,1,1,GACTCATCGATAGGAGTTGG,0,761226
crpp3,0.5,1,1,GACTCAGTACCTTCTCACAG,0,775136
crpp3,0.5,1,1,GACTATGGGCAAGTAGTGGT,0,774429
crpp3,0.5,1,1,GACGCTTCTAGGTCCGGTGT,0,769067
crpp3,0.5,1,1,GACGCCATGTCTACCTACGG,0,777531
crpp3,0.5,1,1,GACGAGGAGGGACATGGCGT,0,780488
crpp3,0.5,1,1,GACGACTTCACAATACCGAT,0,759495
crpp3,0.5,1,1,GACGAAATTCGCCATTGTTG,0,774071
crpp3,0.5,1,1,GACCGGTTATCTTAATGAGT,0,772442
crpp3,0.5,1,1,GACCGGCTTGGTGTAGGCAG,0,780216
crpp3,0.5,1,1,GACCCTTTCATATTGCCACC,0,787139
crpp3,0.5,1,1,GACCCTGGGGATCGCCCAGA,0,767047
crpp3,0.5,1,1,GACCAATGTATTATGAATAG,0,787008
crpp3,0.5,1,1,GACATCTGGAGTATGTTAAT,0,781327
crpp3,0.5,1,1,GACATCAGTTGTTGCAATAA,0,763864
crpp3,0.5,1,1,GACACACCCATTTCAAGGTC,0,785085
crpp3,0.5,1,1,GAATGGGCACCGTGGGCAGA,0,783624
crpp3,0.5,1,1,GAATCGACATGCCCGTACGG,0,770335
crpp3,0.5,1,1,GAATATGTTCTGCTTAGACC,0,788545
crpp3,0.5,1,1,GAAGTGAGCGGTGGGAATTC,0,769540
crpp3,0.5,1,1,GAAGTAGCAAGGCAGTAAAG,0,782004
crpp3,0.5,1,1,GAAGCTCGGACCACGGGATT,0,787864
crpp3,0.5,1,1,GAAGAGAAGTACAAATTTAA,0,783079
crpp3,0.5,1,1,GAAGAAAATTCAAGCCCAAC,0,775894
crpp3,0.5,1,1,GAACCCTGTACTCGTGGGGC,0,774644
crpp3,0.5,1,1,GAACAACTTATTGAGATGCC,0,778409
crpp3,0.5,1,1,GAAATTCAGGCGATTAAGAA,0,780169
crpp3,0.5,1,1,GAAATCCGACTGTAACCATA,0,777574
crpp3,0.5,1,1,GAAAGATTTGACAAATCTTC,0,790450
crpp3,0.5,1,1,GAAAAGTAACTTGCCCATAT,0,776460
crpp3,0.5,1,1,GAAAACGATCTTTCAAAACA,0,784374
crpp3,0.5,1,1,CTTTCTGCGCGCGAGTCGGT,0,778986
crpp3,0.5,1,1,CTTTCGCCGGAGCGACGTAG,0,766996
crpp3,0.5,1,1,CTTTCCTGGACGTTCCGACT,0,758911
crpp3,0.5,1,1,CTTTAGGCGGCAGACATAGT,0,766347
crpp3,0.5,1,1,CTTTAGCTGTTCTGAACATG,0,762292
crpp3,0.5,1,1,CTTTAGAAAGCCGTGACGCT,0,763137
crpp3,0.5,1,1,CTTGTTCCAGAGTTTGGACT,0,784412
crpp3,0.5,1,1,CTTGTGGCCCGGTCGTGACC,0,760134
crpp3,0.5,1,1,CTTGTAAGCTACGTTTACTG,0,765742
crpp3,0.5,1,1,CTTGGGCCTATACGGTGACA,0,778279
crpp3,0.5,1,1,CTTCGGCGTTCGCAGGTGGA,0,774938
crpp3,0.5,1,1,CTTCGAGTCGGCGGCGCACG,0,774289
crpp3,0.5,1,1,CTTCATGTTTCTTAGCAGTT,0,790427
crpp3,0.5,1,1,CTTCATGGGATAGTAGCCCA,0,790488
crpp3,0.5,1,1,CTGTGTTCAATCTCTATGGG,0,784648
crpp3,0.5,1,1,CTGTCTCATGCACCTGGTCA,0,760570
crpp3,0.5,1,1,CTGTCGTCGAAAAAACGAAT,0,764046
crpp3,0.5,1,1,CTGTAATCGAGCGCAGAAAC,0,778388
crpp3,0.5,1,1,CTGGTCAAGAAAATGGCCCA,0,777587
crpp3,0.5,1,1,CTGGGCTAGTAGTCCCCGAA,0,772179
crpp3,0.5,1,1,CTGGGCAGGCATGTTCTTGA,0,774796
crpp3,0.5,1,1,CTGGCTGGAATCGTCTTTAT,0,778793
crpp3,0.5,1,1,CTGGCCCCGGGCTAGAGGTT,0,770480
crpp3,0.5,1,1,CTGGAAATGCGGTCAGAGCC,0,758861
crpp3,0.5,1,1,CTGCTTGTCCAGGGCAACTC,0,783445
crpp3,0.5,1,1,CTGCTCAAACTGCATACGTA,0,789419
crpp3,0.5,1,1,CTGATGGTTCGACCTACTGA,0,775824
crpp3,0.5,1,1,CTGATCAACGGATAGGGGTA,0,787346
crpp3,0.5,1,1,CTCTGTGTTCCTGACCCGTG,0,787950
crpp3,0.5,1,1,CTCTGGCCTGAACGAGGACC,0,767615
crpp3,0.5,1,1,CTCTCAATCTGTCTCCTGCA,0,773408
crpp3,0.5,1,1,CTCGGGGTAGTAAGCGCCAG,0,760214
crpp3,0.5,1,1,CTCGGCGCCCTTTACAGAAT,0,775301
crpp3,0.5,1,1,CTCGGAGGCCCACATCAGGT,0,771420
crpp3,0.5,1,1,CTCGCGCTAGTCTCTGGTTT,0,772664
crpp3,0.5,1,1,CTCGCCGTATTGACGTTCCA,0,786174
crpp3,0.5,1,1,CTCCGCGCTCTAATATCATG,0,775027
crpp3,0.5,1,1,CTCCGAGCGGTTATTCGTGA,0,759662
crpp3,0.5,1,1,CTCCGACTGGATGGAAGATA,0,770200
crpp3,0.5,1,1,CTCATCTTCATTTGATAATC,0,776479
crpp3,0.5,1,1,CTCATCAGCTGTGGCCAGCA,0,789131
crpp3,0.5,1,1,CTCAGCGCTTGTGACGGGCA,0,772274
crpp3,0.5,1,1,CTCAAGCGACAAGACCGGCA,0,790034
crpp3,0.5,1,1,CTATTGAACATAGCACTAAA,0,762887
crpp3,0.5,1,1,CTATTATAATCCTTTTCCGA,0,783213
crpp3,0.5,1,1,CTATGTAATCCATGTTATCC,0,770969
crpp3,0.5,1,1,CTATCGCTAACGAAATCGGT,0,772738
crpp3,0.5,1,1,CTATCCAGTCGAAGTCTGGG,0,759052
crpp3,0.5,1,1,CTATACACTACTTCGCCAAG,0,771839
crpp3,0.5,1,1,CTAGGTTGCAGTGTTTATTG,0,780206
crpp3,0.5,1,1,CTAGGAGCTCGCAGGCGAGA,0,761109
crpp3,0.5,1,1,CTAGCTCGGAAAGGTTGGTA,0,778964
crpp3,0.5,1,1,CTAGCTACATAGTCCCGGTT,0,764452
crpp3,0.5,1,1,CTAGCAGGTCAGGGCGCTGT,0,778517
crpp3,0.5,1,1,CTACTTATTAAGAAAAAGCC,0,766743
crpp3,0.5,1,1,CTACTGAGAACCTTCGGTTC,0,770844
crpp3,0.5,1,1,CTACCTTAACGTGTTGGAGA,0,776527
crpp3,0.5,1,1,CTACCGGACGTTTTGTATTC,0,785051
crpp3,0.5,1,1,CTAATGGGCATGTCGCGACC,0,776042
crpp3,0.5,1,1,CTAAAATCATAACCCAACAT,0,759470
crpp3,0.5,1,1,CGTTGAGCGAGTGCGCTGGG,0,780535
crpp3,0.5,1,1,CGTTGAATTATCGCTCGCGA,0,774706
crpp3,0.5,1,1,CGTTCCCAATACTGGCTGAA,0,779710
crpp3,0.5,1,1,CGTTACTTGGCGCCAAAATG,0,759064
crpp3,0.5,1,1,CGTGATGGGTCGTCAAGAGC,0,789075
crpp3,0.5,1,1,CGTGACATTAGTCCGTCATG,0,770963
crpp3,0.5,1,1,CGTCTCCAGTCGTCTTTAGA,0,767502
crpp3,0.5,1,1,CGTCGGGTCACGAGAGGATG,0,770300
crpp3,0.5,1,1,CGTCGATACGATACAGATGC,0,778039
crpp3,0.5,1,1,CGTCATCTTGGTTTCGAGAT,0,768568
crpp3,0.5,1,1,CGTATGTGTTACGACAGGCT,0,763315
crpp3,0.5,1,1,CGTATCGGCACGATGCGGTA,0,772632
crpp3,0.5,1,1,CGTAGTCAGTCGTACGACCA,0,765895
crpp3,0.5,1,1,CGTAGGGGTCCCCGAATAGA,0,782946
crpp3,0.5,1,1,CGTAGGAACCACATTAACGC,0,759765
crpp3,0.5,1,1,CGTAGACAATCTGGCAATGA,0,763861
crpp3,0.5,1,1,CGTACATCGTGGCTTTCATG,0,778374
crpp3,0.5,1,1,CGGTGGCTCCCACGGCGGTA,0,763293
crpp3,0.5,1,1,CGGTCGCGATAGGCCAGCGA,0,788542
crpp3,0.5,1,1,CGGTCCCCTGGTATCAGACG,0,763661
crpp3,0.5,1,1,CGGTCACCCGCCATGGCGGA,0,774553
crpp3,0.5,1,1,CGGTCAAAAGGGATCATTTG,0,765589
crpp3,0.5,1,1,CGGTATGGGTGTGATGCTTT,0,787013
crpp3,0.5,1,1,CGGGTGGGATTCTAGGAGCT,0,772550
crpp3,0.5,1,1,CGGGTACCGATATTCTAGAA,0,790179
crpp3,0.5,1,1,CGGGGCGTACCGCATAGCCA,0,783352
crpp3,0.5,1,1,CGGGGCCGCTAGTCTTTCAC,0,780728
crpp3,0.5,1,1,CGGGCAAGCCCTTACTTCTT,0,772988
crpp3,0.5,1,1,CGGGATTGTATTTACGACAG,0,774957
crpp3,0.5,1,1,CGGCTGGTAGAGTATAGCAA,0,775332
crpp3,0.5,1,1,CGGCTACGATGTTTCCCTGT,0,763823
crpp3,0.5,1,1,CGGCCACCCGGGCGCTTTCT,0,778750
crpp3,0.5,1,1,CGGCATGGAAAAGCTACGAA,0,774770
crpp3,0.5,1,1,CGGACTCTTGGGGTGTTCTG,0,769770
crpp3,0.5,1,1,CGGACTCGTCCTTGGTGCGG,0,767136
crpp3,0.5,1,1,CGGAAGAGTGGCCTAACCTA,0,770753
crpp3,0.5,1,1,CGCTTAATGTGTGGAGTTTT,0,769214
crpp3,0.5,1,1,CGCTGTACAAGGAGAGAAAC,0,761739
crpp3,0.5,1,1,CGCTGCCGATCAGCCCTGCT,0,772216
crpp3,0.5,1,1,CGCTGAGGTTGTCCAAAAGT,0,788976
crpp3,0.5,1,1,CGCGTAACTAGAAGGTCGGG,0,788030
crpp3,0.5,1,1,CGCGGGGGCCTGTCTATGAT,0,780208
crpp3,0.5,1,1,CGCGGGAGGACCCCTGCGTA,0,759338
crpp3,0.5,1,1,CGCGCAACATCGCTCCCGCA,0,775337
crpp3,0.5,1,1,CGCCTGGAGGGAGAATATAA,0,776421
crpp3,0.5,1,1,CGCCGCTTTCTGGGTTGGCC,0,778018
crpp3,0.5,1,1,CGCCGCGCACTCATCGTGGT,0,777080
crpp3,0.5,1,1,CGCCACGGCCGTTACACGAG,0,776760
crpp3,0.5,1,1,CGCATAGCGTGAATCAGTTT,0,773239
crpp3,0.5,1,1,CGCAGTGTATGATGAGATAG,0,783812
crpp3,0.5,1,1,CGCACTTTTTCGGGCGAACG,0,771933
crpp3,0.5,1,1,CGCAATCTACAATAAGATGT,0,759756
crpp3,0.5,1,1,CGCAAAAGATTGACGGTCCT,0,788482
crpp3,0.5,1,1,CGATTTTTTATTTTCGTTAC,0,775006
crpp3,0.5,1,1,CGATTTACAGGATAGCTGGC,0,781923
crpp3,0.5,1,1,CGATGTGCTACAATCCTTCA,0,771486
crpp3,0.5,1,1,CGATGCGCACGGCATAAGAC,0,762012
crpp3,0.5,1,1,CGATGCAGGGTACTAAGGTC,0,787199
crpp3,0.5,1,1,CGAGTCGCGTTGATTCTTTA,0,783872
crpp3,0.5,1,1,CGAGTCGCGTTGATTATTTC,0,783878
crpp3,0.5,1,1,CGAGCGGCTTAAGCCCCAGA,0,790036
crpp3,0.5,1,1,CGAGCCTTTGGGAGTAGGGA,0,783161
crpp3,0.5,1,1,CGACTCCGTAGCTCACCGGC,0,790479
crpp3,0.5,1,1,CGACTCCGCTACAATACGTG,0,790460
crpp3,0.5,1,1,CGACCCGCGCGAGCACTTAG,0,782182
crpp3,0.5,1,1,CGACATTTGTAAACGATGGC,0,759628
crpp3,0.5,1,1,CGACAGTTGTGAGCCTGGTC,0,779007
crpp3,0.5,1,1,CGAAGGGGTCCCTGCGCCGG,0,785455
crpp3,0.5,1,1,CGAACCATATCATATGTTGA,0,780361
crpp3,0.5,1,1,CGAAACCAGATGTCTACGAC,0,759396
crpp3,0.5,1,1,CGAAAAGGCCCAATCGTCAT,0,765594
crpp3,0.5,1,1,CCTTGAACAGCTAATACCCC,0,766141
crpp3,0.5,1,1,CCTTCTGTAGGGATAAATGA,0,774965
crpp3,0.5,1,1,CCTGTGCGCGTTTGATCCAG,0,788894
crpp3,0.5,1,1,CCTGCCCTCTCTACATGCAT,0,777478
crpp3,0.5,1,1,CCTCTTCTGAAAGGGTTCTT,0,788576
crpp3,0.5,1,1,CCTCCTATGGCGCAACCGGT,0,773778
crpp3,0.5,1,1,CCTCCACGTATCGTTTGACC,0,783393
crpp3,0.5,1,1,CCTCAGTTACGGGCTTCGCC,0,790300
crpp3,0.5,1,1,CCTCAGCGACCTCCCCGTAA,0,785590
crpp3,0.5,1,1,CCTCAAGTAATCTTCTCCGT,0,775073
crpp3,0.5,1,1,CCTAGCGACCCCGCAACCAG,0,781622
crpp3,0.5,1,1,CCTACACCCCCTATTGAGCA,0,786905
crpp3,0.5,1,1,CCGTTTCCAGGGGACAGACG,0,786324
crpp3,0.5,1,1,CCGTGGAAAGATGTCGCACG,0,767897
crpp3,0.5,1,1,CCGTGAGATATCGGTAATTC,0,767398
crpp3,0.5,1,1,CCGTGACCAGCATACATGAC,0,787612
crpp3,0.5,1,1,CCGTCCGTCTCATCGAGTCT,0,784449
crpp3,0.5,1,1,CCGTCCGAGCGCGGCTCTCC,0,785434
crpp3,0.5,1,1,CCGTCCCAATCTGCTCGCGC,0,782116
crpp3,0.5,1,1,CCGGTGCCGTAGAATTCGCA,0,788524
crpp3,0.5,1,1,CCGGTCAACTGCCCAGTCAT,0,782491
crpp3,0.5,1,1,CCGGGCAATAAAGTTCGCGT,0,788493
crpp3,0.5,1,1,CCGGCATACTATTACCCTCG,0,769736
crpp3,0.5,1,1,CCGGACAGTCGCCTACGCTT,0,765186
crpp3,0.5,1,1,CCGCTCAACACGGCTGTGAA,0,774939
crpp3,0.5,1,1,CCGCCACCCCTTATGGACGA,0,776147
crpp3,0.5,1,1,CCGCACAGCGTGCTGTTGCA,0,778109
crpp3,0.5,1,1,CCGATTACCGGGGCTGAACA,0,761280
crpp3,0.5,1,1,CCGATGGTAATGGCCCGCGA,0,775110
crpp3,0.5,1,1,CCGAGAGTCGATCTGTCCAG,0,772395
crpp3,0.5,1,1,CCGACCGGGGGACGACGGCT,0,761949
crpp3,0.5,1,1,CCGAAACGCTTCGGCTAGGA,0,759689
crpp3,0.5,1,1,CCCTTACGTTGTTCAGCGCA,0,789759
crpp3,0.5,1,1,CCCTGAGTTTCTGGATGGTT,0,789524
crpp3,0.5,1,1,CCCTCGGGAGCGAGCCTGGT,0,765429
crpp3,0.5,1,1,CCCTCCGTCCTCGGGGCATT,0,785518
crpp3,0.5,1,1,CCCGTGATCCCCAACCTCTT,0,761680
crpp3,0.5,1,1,CCCGGGTTCGAGCGCAAGTA,0,769040
crpp3,0.5,1,1,CCCGGGACACGCAGTTATCC,0,790579
crpp3,0.5,1,1,CCCGGCAATAGTGCTTCTTG,0,791097
crpp3,0.5,1,1,CCCGCGGGAGACTTCCTTAC,0,784928
crpp3,0.5,1,1,CCCGCACTGGTGCAAGCACC,0,782090
crpp3,0.5,1,1,CCCGCAATGTCCATGTGGTT,0,789377
crpp3,0.5,1,1,CCCGAGCATCTCTTAGATTC,0,767533
crpp3,0.5,1,1,CCCCGTTAGTGTTGATCTCT,0,769494
crpp3,0.5,1,1,CCCCGATGTTCCCTAAATAA,0,779381
crpp3,0.5,1,1,CCCCGAGAGAGAAGGGGGGG,0,787355
crpp3,0.5,1,1,CCCCAGGCGGTTCTTATAGA,0,785173
crpp3,0.5,1,1,CCCCAATTTCATGCGCTTGA,0,771432
crpp3,0.5,1,1,CCCATTTGGCGGAGACCGGG,0,781122
crpp3,0.5,1,1,CCCAGGTGGGTATGCCCCTC,0,774409
crpp3,0.5,1,1,CCCAGGTCAGGAGTCTGCAA,0,781634
crpp3,0.5,1,1,CCCACGCGCGCAGGGGGGTT,0,784858
crpp3,0.5,1,1,CCCACCACGGCGCCTAGAGC,0,790332
crpp3,0.5,1,1,CCCAATGGACAGCCACCGGT,0,784314
crpp3,0.5,1,1,CCCAAAACTGTACCGAGACC,0,769981
crpp3,0.5,1,1,CCATGGGGATACCGGTATGG,0,768837
crpp3,0.5,1,1,CCATGCTGACTTGTCCGCGT,0,780478
crpp3,0.5,1,1,CCATGATAGTGAGGATAATT,0,777279
crpp3,0.5,1,1,CCATCTACAGCCCTGACCAG,0,790855
crpp3,0.5,1,1,CCATCGACGGTACTGACCAC,0,786565
crpp3,0.5,1,1,CCATCCAATGTCAAACCAAG,0,787238
crpp3,0.5,1,1,CCATCACGTTCGATATCCCG,0,775712
crpp3,0.5,1,1,CCATATGCAACTTACAGTCA,0,774178
crpp3,0.5,1,1,CCATACCCCGTCGTCTCGTC,0,766535
crpp3,0.5,1,1,CCAGGCACTTCGTCACGGAT,0,763240
crpp3,0.5,1,1,CCAGCCCATTAAAACGTTGC,0,760344
crpp3,0.5,1,1,CCAGACGTTTCTGTAGTAAG,0,764323
crpp3,0.5,1,1,CCACTAGCTGGTTGCCTGGA,0,765229
crpp3,0.5,1,1,CCACCCGAATTTGGTCCGGT,0,762284
crpp3,0.5,1,1,CCAATGTACAGTGGCCCGGG,0,773376
crpp3,0.5,1,1,CCAATAATGTAGGTAAGTAC,0,781257
crpp3,0.5,1,1,CCAAGAGTGTCACGCCGACT,0,780691
crpp3,0.5,1,1,CCAACATTGCAGCCGCCCTT,0,759874
crpp3,0.5,1,1,CCAAATCTATGGGAGAATTA,0,787530
crpp3,0.5,1,1,CCAAATAGGACAGTCTACGG,0,788931
crpp3,0.5,1,1,CCAAACTGTCTTTCAAAACT,0,779150
crpp3,0.5,1,1,CCAAAATACACTTGAGCCCG,0,764580
crpp3,0.5,1,1,CATTTAGGTATTTTAGTGGC,0,763862
crpp3,0.5,1,1,CATTCAGATAGAGACACGGT,0,787160
crpp3,0.5,1,1,CATGGTCGCGGGAGACAAGT,0,790353
crpp3,0.5,1,1,CATCGTTAGACCTAGTAATC,0,777439
crpp3,0.5,1,1,CATCAGAATGCATCGCAATG,0,760172
crpp3,0.5,1,1,CATCAATTTGATGTACGGTG,0,761701
crpp3,0.5,1,1,CATCAAGGAAACGTCCTGGG,0,763598
crpp3,0.5,1,1,CATATTCCAGCGAGGCGGGA,0,780501
crpp3,0.5,1,1,CATAATGACGTTAGTACTTG,0,760869
crpp3,0.5,1,1,CAGTGCAGGGCAGTCTAGGT,0,764377
crpp3,0.5,1,1,CAGTCCCGGGCTATTGAAAA,0,784841
crpp3,0.5,1,1,CAGTAGGGGAGGAACGACAG,0,786910
crpp3,0.5,1,1,CAGGTGTGGCGACGGAATAC,0,760140
crpp3,0.5,1,1,CAGGGGTGTCGGCCAGTAGA,0,764386
crpp3,0.5,1,1,CAGGCCGGGCGGTGCCGAGG,0,771417
crpp3,0.5,1,1,CAGGCCCGCCCGACCTGGAC,0,791149
crpp3,0.5,1,1,CAGCTACTACGTAGGCAACT,0,769669
crpp3,0.5,1,1,CAGCCCTGGAAGGTACACTA,0,760465
crpp3,0.5,1,1,CAGCCCGCTTTGTGTGGGGA,0,788964
crpp3,0.5,1,1,CAGATTATACCCACTCTGGG,0,785767
crpp3,0.5,1,1,CAGAGAAGGCTGTGTGATTT,0,762140
crpp3,0.5,1,1,CAGAAGGGAAGTCGTACTTG,0,772669
crpp3,0.5,1,1,CACTGCTCGCGGGTAAAACA,0,765832
crpp3,0.5,1,1,CACTCGATGCACAACACACT,0,759264
crpp3,0.5,1,1,CACTAAGGGGCATCAAACAA,0,773345
crpp3,0.5,1,1,CACGTGTGACAACGCACTAG,0,762403
crpp3,0.5,1,1,CACGCGGGAAATGCTGAATA,0,767001
crpp3,0.5,1,1,CACGCGCGAAGTCTGGGATA,0,786665
crpp3,0.5,1,1,CACCATTCCGTTCTGGTGCT,0,766689
crpp3,0.5,1,1,CAATTTCTTGTGTAGGTCAT,0,762858
crpp3,0.5,1,1,CAATTCGGGACGTTGCGAGT,0,783320
crpp3,0.5,1,1,CAATGGAGTCGGCATCCCCT,0,764131
crpp3,0.5,1,1,CAATGAGCCGCTCCTATAGA,0,765442
crpp3,0.5,1,1,CAATCACTCGGAGGGATCTA,0,784677
crpp3,0.5,1,1,CAATAATTCTGCACATTCAA,0,780961
crpp3,0.5,1,1,CAAGGCAGTACAGATATAGG,0,783791
crpp3,0.5,1,1,CAAGCGATAAAGCTTAATTC,0,766343
crpp3,0.5,1,1,CAAGCATGCACCCTGAAACT,0,776594
crpp3,0.5,1,1,CAAGAGCCGCCGTCAGGGAA,0,760483
crpp3,0.5,1,1,CAACGGATAGCCCGACCCCC,0,767121
crpp3,0.5,1,1,CAACAGTTGGCGATAGTACC,0,767799
crpp3,0.5,1,1,CAACACGAATTCTGCGCCTT,0,775985
crpp3,0.5,1,1,CAAATCTTGACACGTCACAA,0,773277
crpp3,0.5,1,1,CAAAGTTCAGTAAAAACCTA,0,790445
crpp3,0.5,1,1,CAAAGGTAGGGTCAAGTACC,0,776296
crpp3,0.5,1,1,CAAAACAGTTTTGTGGTCAG,0,785885
crpp3,0.5,1,1,ATTTTTGCGACGAAGCCATG,0,778276
crpp3,0.5,1,1,ATTTTGTGGAGAAATCTTTC,0,772783
crpp3,0.5,1,1,ATTTTAAGTCGCCTCCGGAT,0,779611
crpp3,0.5,1,1,ATTTGGTGCGGTGGCTCCGG,0,768851
crpp3,0.5,1,1,ATTTGGTCAAAGATTTTGAT,0,780758
crpp3,0.5,1,1,ATTTCTCTGCGGTGTTCTTA,0,777644
crpp3,0.5,1,1,ATTTCTCATACACGACAGAA,0,784684
crpp3,0.5,1,1,ATTTATGGATGGGTCGTGGA,0,787467
crpp3,0.5,1,1,ATTTATATAAGCCGGCACCA,0,790408
crpp3,0.5,1,1,ATTGTTACCGAAGGGATTTG,0,783582
crpp3,0.5,1,1,ATTGTACTACTAACGACACC,0,787645
crpp3,0.5,1,1,ATTGGTCGGATCCCGGTGCC,0,773002
crpp3,0.5,1,1,ATTGGCCGAATCTCCGCACC,0,775738
crpp3,0.5,1,1,ATTGGAGGGTATGAGGTAAC,0,777454
crpp3,0.5,1,1,ATTGCGTCAGGGATTTAAAG,0,774934
crpp3,0.5,1,1,ATTGATTGAGAGTGCCTATC,0,761740
crpp3,0.5,1,1,ATTGAGTTATAAATGATACC,0,773545
crpp3,0.5,1,1,ATTGAGGCAGATATTACTCT,0,767633
crpp3,0.5,1,1,ATTGACTCCTGAAATTCCAC,0,779503
crpp3,0.5,1,1,ATTGAATCGAGCGTCATTAC,0,785279
crpp3,0.5,1,1,ATTGAAATCATACGTAGTGT,0,782948
crpp3,0.5,1,1,ATTCTTTTGGTTAAATCTTA,0,769495
crpp3,0.5,1,1,ATTCTGTGAGGGTTAAGCAT,0,784220
crpp3,0.5,1,1,ATTCTGCTAGATTGACCAAG,0,783910
crpp3,0.5,1,1,ATTCGCTACTGATTTATGCG,0,761708
crpp3,0.5,1,1,ATTCAGTTTTTTTTTTTTAA,0,769998
crpp3,0.5,1,1,ATTCAAGCGTGATATATTAC,0,767120
crpp3,0.5,1,1,ATTAGGTGTAGACGCCTGAT,0,768126
crpp3,0.5,1,1,ATGTGCGTGGAAGGCCATGA,0,791237
crpp3,0.5,1,1,ATGTACATCGGTCTTTTTGT,0,781468
crpp3,0.5,1,1,ATGGTATTTGAGGGTAATTG,0,769960
crpp3,0.5,1,1,ATGGGGGTATCCAACGGCCT,0,790575
crpp3,0.5,1,1,ATGGCCAATACGTTACTCCA,0,774238
crpp3,0.5,1,1,ATGGCATCAGGAGATCCAAA,0,758655
crpp3,0.5,1,1,ATGGATTAAGTCCACATATT,0,775239
crpp3,0.5,1,1,ATGGATCCTTATGGTTCGCC,0,786492
crpp3,0.5,1,1,ATGGAAATCAGCCTACTTTC,0,762859
crpp3,0.5,1,1,ATGCTCCGGAGTTATTATGC,0,766342
crpp3,0.5,1,1,ATGCTCATGTTATTCTGCCA,0,784949
crpp3,0.5,1,1,ATGCGGAAAGACACCAATTG,0,776311
crpp3,0.5,1,1,ATGCGCTAACGTACCATTAG,0,766634
crpp3,0.5,1,1,ATGCGATATAAGCTGCGAAG,0,783670
crpp3,0.5,1,1,ATGCAGGGATCGAACTGTTG,0,790245
crpp3,0.5,1,1,ATGAGTGGAAACCACCTATA,0,780750
crpp3,0.5,1,1,ATGAATGTCATTTATAGTAG,0,788336
crpp3,0.5,1,1,ATGAATAGTTTTATGTTTCA,0,777726
crpp3,0.5,1,1,ATCTTTGAATTCGGTACTGT,0,782973
crpp3,0.5,1,1,ATCTTTCTTGAGCACCTTTC,0,759178
crpp3,0.5,1,1,ATCTTAAGTCTTTTGTGGCA,0,780067
crpp3,0.5,1,1,ATCTGCCCTGGGTCCTCATA,0,776328
crpp3,0.5,1,1,ATCTCAATGCCTATCCGTCC,0,758518
crpp3,0.5,1,1,ATCGGGGGACGGCAACGCGA,0,779780
crpp3,0.5,1,1,ATCGGCCAACCACCCTTGCC,0,770528
crpp3,0.5,1,1,ATCGAACGGCCACCGTCACA,0,785687
crpp3,0.5,1,1,ATCCGGGTATCGAGAATGTT,0,781689
crpp3,0.5,1,1,ATCCCTTTACTTGCACCGAC,0,774146
crpp3,0.5,1,1,ATCCAAAAATCTGGGTCAGC,0,766641
crpp3,0.5,1,1,ATCATATCAGTTCAGCCTGA,0,771141
crpp3,0.5,1,1,ATCATAGAAATCCGTCATCG,0,776529
crpp3,0.5,1,1,ATCAGTTGACAATGATATTT,0,764093
crpp3,0.5,1,1,ATCAGTCTCTTTCGGGAAAT,0,762936
crpp3,0.5,1,1,ATCAGAGAGGGATGGGGGAT,0,770633
crpp3,0.5,1,1,ATCACAGCTTCTGTACGGGG,0,789637
crpp3,0.5,1,1,ATATTTCCTTTTTTCGTGCG,0,773776
crpp3,0.5,1,1,ATATTTCCCCGATAGTCCCG,0,786753
crpp3,0.5,1,1,ATATTGTGACACAGCCGGAC,0,789886
crpp3,0.5,1,1,ATATGGTGACATTCTTGTGT,0,763017
crpp3,0.5,1,1,ATATCAGATGCGCATTACAC,0,781428
crpp3,0.5,1,1,ATATACCCGTAACCTACAGG,0,781946
crpp3,0.5,1,1,ATAGTTAAGGACTTAGTTGA,0,762829
crpp3,0.5,1,1,ATAGGGCTCAACACTACGTC,0,767776
crpp3,0.5,1,1,ATAGCTTTTCGAAGTGGCAT,0,777820
crpp3,0.5,1,1,ATACTGTAGACTGTCTGCCT,0,770771
crpp3,0.5,1,1,ATACTCTGACACACGCATAT,0,782071
crpp3,0.5,1,1,ATACGCCCTGCGCCCTGAAG,0,759467
crpp3,0.5,1,1,ATACGAAGCGTCAGTGTCGG,0,775776
crpp3,0.5,1,1,ATACCCGCCCACCATGCGGA,0,769729
crpp3,0.5,1,1,ATACCCAACAGAGGTTACGC,0,781551
crpp3,0.5,1,1,ATACAGACATGGGACGTACT,0,772474
crpp3,0.5,1,1,ATAATGTGAAGGCTCCGTAC,0,771000
crpp3,0.5,1,1,ATAATGTCAGAATGGGGGTC,0,764155
crpp3,0.5,1,1,ATAAGTCTACCACGTCCTTG,0,763573
crpp3,0.5,1,1,ATAAGTCCGATCTTTGTACC,0,771725
crpp3,0.5,1,1,AGTTTGCGGGCAAAAGTCGT,0,787182
crpp3,0.5,1,1,AGTTTGACAACCTTTAGGAA,0,780749
crpp3,0.5,1,1,AGTTGTGTTGGTAAGAAGAC,0,772609
crpp3,0.5,1,1,AGTTGGTAACGTGCGTATCG,0,774832
crpp3,0.5,1,1,AGTTGGGTCGGGAGGAGGCA,0,760553
crpp3,0.5,1,1,AGTTGCTACCAGGGCGCAGT,0,772251
crpp3,0.5,1,1,AGTTGCGGGTGATCGTGAAT,0,769806
crpp3,0.5,1,1,AGTTGCGGCGCTGTGTTACC,0,774213
crpp3,0.5,1,1,AGTTGAGATCGTAGTAGTCA,0,763295
crpp3,0.5,1,1,AGTTCTTCTTTGAATTTGGA,0,780820
crpp3,0.5,1,1,AGTTCGGTCAAGAGATCCAG,0,767707
crpp3,0.5,1,1,AGTGTCTCGTAGATATCTTG,0,763838
crpp3,0.5,1,1,AGTGTATGTACGGGCGGATA,0,774427
crpp3,0.5,1,1,AGTGAATAAACGGTCATAGT,0,766380
crpp3,0.5,1,1,AGTCTTATAGCCGTCCTTGA,0,784201
crpp3,0.5,1,1,AGTCCGCTGTCTGGCTATGA,0,764205
crpp3,0.5,1,1,AGTCACACCGTATGCGTACT,0,767653
crpp3,0.5,1,1,AGTACCTTGCGGAGAGCGAA,0,788306
crpp3,0.5,1,1,AGTAAAGGGCATTCGCGCTG,0,787438
crpp3,0.5,1,1,AGGTTGGCCTGTGTAGAAGT,0,780879
crpp3,0.5,1,1,AGGTGCGTTACTAAGGCAGG,0,769531
crpp3,0.5,1,1,AGGTGAGCCCGACGGGTGGC,0,777170
crpp3,0.5,1,1,AGGTAGTAAAGAGACCAAGT,0,790743
crpp3,0.5,1,1,AGGTAAAAGGAAAAGTGACC,0,781775
crpp3,0.5,1,1,AGGGTTATGGCCAGTCTATG,0,773031
crpp3,0.5,1,1,AGGCTGTACGGCGCCCACAA,0,781940
crpp3,0.5,1,1,AGGCTCGATAGTTCTCCATA,0,778378
crpp3,0.5,1,1,AGGCGCTTGACGGACCGTAT,0,771542
crpp3,0.5,1,1,AGGCGCCGTATTTGACGGGG,0,763268
crpp3,0.5,1,1,AGGCCTGTGTGTTATAAACG,0,767563
crpp3,0.5,1,1,AGGCCGGGAAGCACTTGATG,0,765638
crpp3,0.5,1,1,AGGCCCAGTTCTCGATAAAT,0,786210
crpp3,0.5,1,1,AGGCCACGCTTGGTCTGCGG,0,782144
crpp3,0.5,1,1,AGGCATGTGAAGTATTGGAA,0,778798
crpp3,0.5,1,1,AGGCAGGGATTCGGTTCTGC,0,763725
crpp3,0.5,1,1,AGGCACGCCGGCTTCCTTTC,0,775957
crpp3,0.5,1,1,AGGATTGCCGTTAAGCGAAA,0,777914
crpp3,0.5,1,1,AGGATCAGCCAAATAGTGAA,0,780019
crpp3,0.5,1,1,AGGATATTTCTGTAGGCATA,0,776483
crpp3,0.5,1,1,AGGACTCACCCAAAACGTCT,0,781643
crpp3,0.5,1,1,AGGACGGACTTGACCCGCAG,0,768468
crpp3,0.5,1,1,AGGAATAGGGGCGGCACAGT,0,765411
crpp3,0.5,1,1,AGCTTTGATTGGAAGCAGTG,0,761925
crpp3,0.5,1,1,AGCTTTCACTGGGGCAGATG,0,791071
crpp3,0.5,1,1,AGCTGCTATCGTCGCCACGC,0,759606
crpp3,0.5,1,1,AGCTGAGGCATATATTTGGC,0,764671
crpp3,0.5,1,1,AGCTCAGTAGGGCTCTTAGA,0,764337
crpp3,0.5,1,1,AGCTAGCCTAATCATACCGT,0,783101
crpp3,0.5,1,1,AGCTAAACACAGGCGGGGAA,0,761568
crpp3,0.5,1,1,AGCCTTACTGCAACGGCACT,0,762434
crpp3,0.5,1,1,AGCCGGTCCACCAAATAATG,0,779310
crpp3,0.5,1,1,AGCCCATCCGATGGCTTTCC,0,768262
crpp3,0.5,1,1,AGCCAAGTTAAGCAGATGTA,0,783112
crpp3,0.5,1,1,AGCATAGCGCGCACAGTATT,0,780546
crpp3,0.5,1,1,AGCATACGATATTGAAAATT,0,767215
crpp3,0.5,1,1,AGCAGTGTGTGGCTCGTTTG,0,779653
crpp3,0.5,1,1,AGCAGGCCTGAGTACATTTA,0,760835
crpp3,0.5,1,1,AGCAGCCGCGTCTTTGTATA,0,762294
crpp3,0.5,1,1,AGCACTGGAAAGCACCGTCA,0,763362
crpp3,0.5,1,1,AGCAATATCATATGCACTGT,0,775798
crpp3,0.5,1,1,AGCAAGCCCTCGATGGTAAC,0,781258
crpp3,0.5,1,1,AGATTCTCATCCGGGAGTAT,0,770442
crpp3,0.5,1,1,AGATCACTGGAACTTACCAA,0,764611
crpp3,0.5,1,1,AGACCTCTCTCACACCTCTC,0,763055
crpp3,0.5,1,1,AGACCCTTTGGTCGTGAGCT,0,790189
crpp3,0.5,1,1,AGACATGAAATACCTCTCAG,0,762644
crpp3,0.5,1,1,AGAATATGTGATGCGCAATT,0,761232
crpp3,0.5,1,1,AGAAGCCTAGCCATCACGGC,0,781200
crpp3,0.5,1,1,AGAAACATGCTCGCATATTG,0,784448
crpp3,0.5,1,1,ACTTCTCCAGTCACTTCACT,0,771950
crpp3,0.5,1,1,ACTTAGGAATTCACTGGGCA,0,772848
crpp3,0.5,1,1,ACTTACAGTATTCCTCACGT,0,760774
crpp3,0.5,1,1,ACTTAAAGATTCAGGTGCGA,0,781034
crpp3,0.5,1,1,ACTGGCTGACATCCCATTGT,0,761387
crpp3,0.5,1,1,ACTGGCAACTGTGCCTTTGT,0,773941
crpp3,0.5,1,1,ACTGAATAGTGGTTAACCTT,0,773774
crpp3,0.5,1,1,ACTCTAGGACGGGACTAGGG,0,789388
crpp3,0.5,1,1,ACTCTACCACAGTGGCTCGC,0,765009
crpp3,0.5,1,1,ACTCGCCGGGGACCAATCTA,0,773327
crpp3,0.5,1,1,ACTCCGACATGGGATGTAGG,0,783692
crpp3,0.5,1,1,ACTAGCGGCGGTATAACAGA,0,766585
crpp3,0.5,1,1,ACTACAGAATTTGCCAGGCA,0,790250
crpp3,0.5,1,1,ACGTTGTCACCAGCGGGCAG,0,788532
crpp3,0.5,1,1,ACGTTCTGAGCGTTGACAGT,0,785822
crpp3,0.5,1,1,ACGTCTTCCATGGCGAAGAG,0,775350
crpp3,0.5,1,1,ACGTCCTTCCACCCGAGGGA,0,774677
crpp3,0.5,1,1,ACGTCCCGTGACTACCGAGA,0,769581
crpp3,0.5,1,1,ACGTCCAGAAAATTCACCTC,0,771535
crpp3,0.5,1,1,ACGTAGTTGAACAAAGCAGT,0,780242
crpp3,0.5,1,1,ACGGTGGCTTCTCATACTAG,0,773600
crpp3,0.5,1,1,ACGGGGATCTCGTGATATCT,0,767810
crpp3,0.5,1,1,ACGGGACGATTTCTATCTAT,0,769612
crpp3,0.5,1,1,ACGGCGGAACTGTGTGATGC,0,767524
crpp3,0.5,1,1,ACGGAAATTCAATAGAGGAG,0,761417
crpp3,0.5,1,1,ACGGAAATCCTTAAGACTCG,0,771082
crpp3,0.5,1,1,ACGCGACTCATCAGTAGATG,0,782808
crpp3,0.5,1,1,ACGCGACCCGATACCAAGGG,0,778432
crpp3,0.5,1,1,ACGAGTTCACCTGTTCCAAA,0,764559
crpp3,0.5,1,1,ACGAGCCTGGATAATTTCCC,0,762965
crpp3,0.5,1,1,ACGACTAATCCACCGCTTTC,0,788621
crpp3,0.5,1,1,ACGACCACTGCCACATTTAT,0,772202
crpp3,0.5,1,1,ACCTGAGGAAGTCCAGGTGC,0,780410
crpp3,0.5,1,1,ACCTATCAGTTCAAATCTTT,0,764388
crpp3,0.5,1,1,ACCTATACGCCTTGCTAGTT,0,764168
crpp3,0.5,1,1,ACCTAAAATGTCCACCGCTT,0,766518
crpp3,0.5,1,1,ACCGTTCCCTTGTGGAGTAT,0,771840
crpp3,0.5,1,1,ACCGTGGACTTTCCCGGGTT,0,763140
crpp3,0.5,1,1,ACCGAGCATCAGGGCACCGG,0,767019
crpp3,0.5,1,1,ACCCTTCTCAGTCTTTCCGG,0,783611
crpp3,0.5,1,1,ACCCCTGTTAGTTTATTAAC,0,786758
crpp3,0.5,1,1,ACCCATATTTTTCAAGGTGG,0,775307
crpp3,0.5,1,1,ACCCAGCAGCATGCCTCCCT,0,789283
crpp3,0.5,1,1,ACCCACAATCCGGTGTTCCC,0,784129
crpp3,0.5,1,1,ACCATTAAGGGATGCCGCGC,0,789750
crpp3,0.5,1,1,ACCAAGGTATTGGATCAAGA,0,789569
crpp3,0.5,1,1,ACCAACCTCAACTGTTCGTA,0,773375
crpp3,0.5,1,1,ACCAAAGTTATTCTCATATG,0,781810
crpp3,0.5,1,1,ACCAAAGTATGGCCCAGGAA,0,778020
crpp3,0.5,1,1,ACCAAACGTTCACCAGAATC,0,775272
crpp3,0.5,1,1,ACATTGGCTCAGGACACGTG,0,783064
crpp3,0.5,1,1,ACATGACCTAGTTTCCCGGG,0,787282
crpp3,0.5,1,1,ACATAGCTTCTATTCGCCTT,0,759380
crpp3,0.5,1,1,ACAGCTTGGTCCGATTTATC,0,771747
crpp3,0.5,1,1,ACAGAACGGATTTTCAAGAC,0,760515
crpp3,0.5,1,1,ACACGCTGGTTTTGCACTGT,0,778093
crpp3,0.5,1,1,ACACGCTACCGCGTCGATCG,0,767807
crpp3,0.5,1,1,ACACGACGCGTAGAATTGTA,0,763560
crpp3,0.5,1,1,ACACATTGAACGTCACTCCA,0,779616
crpp3,0.5,1,1,ACACACTGCACGCCCCCAGG,0,773284
crpp3,0.5,1,1,ACAAGGTTGTTCACTCATTT,0,769419
crpp3,0.5,1,1,ACAACACAACTGCGACATCA,0,783493
crpp3,0.5,1,1,ACAAACAACGAGTCCTTAAT,0,789920
crpp3,0.5,1,1,AATTGGCCTGTCTGTCGGTC,0,761281
crpp3,0.5,1,1,AATTAAAGTTAAGGAAGTTT,0,775039
crpp3,0.5,1,1,AATGTTTTTAGTAATTGGCG,0,774631
crpp3,0.5,1,1,AATGTGTTTCGCCGTATCTG,0,776993
crpp3,0.5,1,1,AATGTGCCTAACTGATCGTC,0,758799
crpp3,0.5,1,1,AATGTCGCTTGGATGCGTTT,0,783519
crpp3,0.5,1,1,AATGAGGGCAGAGTCGTTTT,0,760198
crpp3,0.5,1,1,AATCTCAGGTAGGCCGGATT,0,760375
crpp3,0.5,1,1,AATCGCTTAGGTCCAAGGGG,0,776104
crpp3,0.5,1,1,AATCCGCTTCAATTCGACTA,0,760813
crpp3,0.5,1,1,AATCACAAGGACGTTACATT,0,773658
crpp3,0.5,1,1,AATATAGGGTGTTTGTTCAA,0,769064
crpp3,0.5,1,1,AATACTCTTACCTAACGGGG,0,764980
crpp3,0.5,1,1,AATAAATTTTTAGAAGCAGT,0,779500
crpp3,0.5,1,1,AATAAATAATGCGTGCAAAA,0,784696
crpp3,0.5,1,1,AAGTTAATTCTAGGGTTCCG,0,778768
crpp3,0.5,1,1,AAGTCTCAACGCATGCGTTA,0,767835
crpp3,0.5,1,1,AAGTCGTACACCCGTTCTCA,0,768526
crpp3,0.5,1,1,AAGTAGGCTGTGTCCTGTGT,0,776305
crpp3,0.5,1,1,AAGGTAGGGTGTAACGCTTG,0,771109
crpp3,0.5,1,1,AAGGGGTAAAACGCACCTCT,0,759545
crpp3,0.5,1,1,AAGGGCACGGCCCGTGTAAA,0,774443
crpp3,0.5,1,1,AAGGCAGGATAGTCATAGAG,0,762382
crpp3,0.5,1,1,AAGCAAGGCTCAGTTGATCA,0,768523
crpp3,0.5,1,1,AAGAGGCAGGCAAATTCTCT,0,769733
crpp3,0.5,1,1,AACTTTGGGCAGGTCCGAGG,0,766555
crpp3,0.5,1,1,AACTGGATGCCATCGGTATC,0,770619
crpp3,0.5,1,1,AACTGATCGTTTCGGTCTAA,0,768061
crpp3,0.5,1,1,AACTCTGCTTGAGCCTTTTA,0,763145
crpp3,0.5,1,1,AACTCTGAGTTGGCAGTTTT,0,765150
crpp3,0.5,1,1,AACTCGCGCGTCTAGCTTGG,0,783824
crpp3,0.5,1,1,AACTCACGTATACAGGGGTG,0,780612
crpp3,0.5,1,1,AACTAGCGATGCCCACTGTA,0,777336
crpp3,0.5,1,1,AACGTGGGTAGCCCATTCTC,0,785928
crpp3,0.5,1,1,AACGCGACCTGGGGATGATA,0,776298
crpp3,0.5,1,1,AACGATTAGAATTTTAAAGA,0,791233
crpp3,0.5,1,1,AACCTCGCCTTTGGGCCATA,0,761066
crpp3,0.5,1,1,AACCGATTGCGAACTGTAAA,0,769322
crpp3,0.5,1,1,AACCGACCGTGCAGAAATGC,0,779702
crpp3,0.5,1,1,AACATGTTTCGTAGTAGACA,0,781879
crpp3,0.5,1,1,AACAGGCGTTGAGGGCTTTC,0,769932
crpp3,0.5,1,1,AAATTCTACTTCGTGGTGGT,0,777575
crpp3,0.5,1,1,AAATTCGGCCGCTCAACATT,0,785187
crpp3,0.5,1,1,AAATTAAATCGACCAAGTTC,0,758803
crpp3,0.5,1,1,AAATGCCCCGGCCGCCGCCA,0,764860
crpp3,0.5,1,1,AAATGATCCACGCAGTGTAA,0,788337
crpp3,0.5,1,1,AAATAGGTACGTTACATTAG,0,771149
crpp3,0.5,1,1,AAATAGGATGTGACACTGGG,0,771383
crpp3,0.5,1,1,AAAGGTTTGCAGTGCCGAGC,0,785740
crpp3,0.5,1,1,AAAGGTGGGTCACGCGTACC,0,785690
crpp3,0.5,1,1,AAAGATAAGGCGATACGGCA,0,781035
crpp3,0.5,1,1,AAACGTATATGTCCAACAAG,0,787135
crpp3,0.5,1,1,AAACGAGAGAAGTCGTATCA,0,762654
crpp3,0.5,1,1,AAACAAAGGGATTGGAATGT,0,761429
crpp3,0.5,1,1,AAAATGATTGTCGTCACCTT,0,786278
crpp3,0.5,1,1,AAAAAGGACAGGTTTTACGA,0,781606
crpp3,0.5,1,1,AAAAAATGTAGTTCATTATT,0,790225
crpp3,163.0,162,0,CTCGGGTTGAAGGAAGTGAC,162,759129
crpp3,100.0,99,0,TCAGAAAGGAGCTTTGGTCG,99,790867
crpp3,42.0,41,0,TCGAGACCATTCCTTCAAAC,41,774608
crpp3,40.0,39,0,CGTAAATACCGAGTTATGTC,39,764733
crpp3,40.0,39,0,CATATGCCGTTTTCACGGAA,39,787183
crpp3,34.0,33,0,CGAAGAGAGTAAGGCCGACG,33,785684
crpp3,33.0,32,0,CCTTTAGGGCACATAGCAAC,32,759123
crpp3,32.0,31,0,CTTACGGGGAAAGAGAAAGA,31,763188
crpp3,31.0,30,0,GCGCATCCATCGCGGCTATC,30,787884
crpp3,30.0,29,0,CGCCTTTATCAACCTAATTC,29,782647
crpp3,28.0,27,0,ATTAGATTTGTAGTAACTGC,27,785694
crpp3,28.0,27,0,ACCTCCTCTACAGCCTGCAG,27,768940
crpp3,27.0,26,0,TTCATACATTTCCACGGAGG,26,790775
crpp3,27.0,26,0,GCATAAGGTAACTAAACGAC,26,759586
crpp3,24.0,23,0,TTTAAGTGATCATCAGCCCT,23,788215
crpp3,24.0,23,0,TCGATAGTTCTTCTCATTCT,23,773004
crpp3,24.0,23,0,CGCCATACCCCAAAAGATAC,23,758681
crpp3,23.0,22,0,TAAATCAGCCGCCGGCCCGG,22,779141
crpp3,23.0,22,0,GCTCTCGACGCCGGGCAGCA,22,781064
crpp3,23.0,22,0,CGGGGAATGCGACAGTGATG,22,770461
crpp3,23.0,22,0,CATCATGGCTGCGTTTTGAT,22,785917
crpp3,23.0,22,0,ATAATGGGAGTTGGTCTGTC,22,761291
crpp3,22.0,21,0,GTAAATTATCCCACCAGGCT,21,766173
crpp3,22.0,21,0,GACATCTGAGTGACCTGAAG,21,759004
crpp3,22.0,21,0,CTTATCTACTGAACTCTTCT,21,774817
crpp3,22.0,21,0,CCGATGAGGTGGGAGTGAGG,21,773413
crpp3,22.0,21,0,ATGGGGGGTTCATCCTCAAT,21,760564
crpp3,22.0,21,0,ATAACCACGCATATGAGAGC,21,769318
crpp3,22.0,21,0,AGTTTGTATAGCCATCGGTT,21,776708
crpp3,21.0,20,0,TCCCATGTCTCTATCGTCAT,20,790725
crpp3,21.0,20,0,GGAGGGCTGCGGGGTTGGGG,20,785537
crpp3,21.0,20,0,ATTACGGCCTGACCTACTTA,20,770387
crpp3,21.0,20,0,AGTAGGACTTAAAGGGCAGC,20,786731
crpp3,21.0,20,0,ACGTGGCAAGATGCCCCGTA,20,761013
crpp3,21.0,20,0,AAGCAAAATGCCTACCGAGG,20,772801
crpp3,20.0,19,0,TGCGTTGGCTAGGCATATTT,19,781023
crpp3,20.0,19,0,CTTGAAAGCGACAAAACTTG,19,785115
crpp3,20.0,19,0,CGTAAAGAAGTCCTTCATAG,19,780268
crpp3,20.0,19,0,CCGCTAAATTAGTCAACTCC,19,784621
crpp3,20.0,19,0,CCCATGCCTCTTAATGACCC,19,782259
crpp3,19.0,18,0,GCTAAGTGGTCAAGTAGCTC,18,790985
crpp3,19.0,18,0,ATCGACATTAACTCCAAACA,18,780674
crpp3,18.0,17,0,TACGCCCGGCGAGGAATGAA,17,784903
crpp3,17.0,16,0,TGTCGGCCTTTAGATGGCCC,16,774139
crpp3,17.0,16,0,GATCGAAAGAGCCGCATGAC,16,791176
crpp3,17.0,16,0,CCGCGGTAATCGGCATAGTT,16,784537
crpp3,16.0,15,0,TTGGCTCACACCACTTGAGT,15,790729
crpp3,16.0,15,0,TTCGGGTCAGAGTTAGACGC,15,779111
crpp3,16.0,15,0,TTCCTGGGACGCAAACATGA,15,786086
crpp3,16.0,15,0,TTATAGGATGATAGCTCGTT,15,765063
crpp3,16.0,15,0,TGTTTGGCGCAAATGCAATG,15,774406
crpp3,16.0,15,0,GTCTCCTTTAAGTAACAGGA,15,779659
crpp3,16.0,15,0,GCCATAATGTAACGCCACAG,15,785932
crpp3,16.0,15,0,GCAGGTTGAACGTCCGAGGC,15,768831
crpp3,16.0,15,0,CTCTCCAACAGTAACAAGAC,15,784343
crpp3,16.0,15,0,CTCGGAAATAGACGCATGGG,15,780440
crpp3,16.0,15,0,CCCCCTTGTATTATCGAAAT,15,774247
crpp3,16.0,15,0,ATTCCTCGAACCGCGATTGA,15,784733
crpp3,16.0,15,0,ACCTTGGTGTCCTCCTTTGA,15,784556
crpp3,15.0,14,0,TTGACACAATGTTTGGACAA,14,760670
crpp3,15.0,14,0,TGTCTAGCTTTTTTCCTGCC,14,773316
crpp3,15.0,14,0,CGTTCGTTCAGTTCAATCCC,14,761876
crpp3,15.0,14,0,ATAACTCCTTGGAAGAAGAT,14,791293
crpp3,15.0,14,0,AAGTCAAGGGGGCTACCTCT,14,758617
crpp3,14.0,13,0,TCTTAGATCGAGGCATGGTC,13,786055
crpp3,14.0,13,0,GTTCCGTTCGGATGCGGATA,13,765591
crpp3,14.0,13,0,GCGTAAACGTCGGCTGGGAT,13,766031
crpp3,14.0,13,0,GCAGTTCCTGGTGTAAAACT,13,782795
crpp3,14.0,13,0,CGATTTGGGTTAATTCCAGC,13,790695
crpp3,14.0,13,0,CCTGTAGTGTACGTCTGGGA,13,761017
crpp3,14.0,13,0,CCAGGACAACACGCAGTGTG,13,775251
crpp3,14.0,13,0,AGCTAGAAGAGCGTGCGTAC,13,782657
crpp3,14.0,13,0,ACACCGGTAGCTGTGCCCTC,13,780752
crpp3,13.0,12,0,TTCGCAATTTTCCCCGAAAT,12,766161
crpp3,13.0,12,0,GATTCACACTCTTAACGAGG,12,759812
crpp3,13.0,12,0,GATAACCGCCGTAGCGAGGA,12,786280
crpp3,13.0,12,0,GACTCGAGCATTTTAACCAT,12,775430
crpp3,13.0,12,0,CTCAACCTTGCAGAAGCGCG,12,777289
crpp3,13.0,12,0,CGCTCCAGATAGCGCCGCAA,12,762566
crpp3,13.0,12,0,CCCGAACGAGTTGGAGCCCA,12,762148
crpp3,13.0,12,0,ATTGAGGAATTGTAGTTTTT,12,775254
crpp3,13.0,12,0,ATGCAACATGGAGGGCCGTC,12,790279
crpp3,13.0,12,0,AGTTAAGTTCGTAAGCGTTT,12,784811
crpp3,13.0,12,0,ACCGTGAACTGTAAGGTGAA,12,778493
crpp3,13.0,12,0,AAGACCCTAAAGTGGCACTA,12,782640
crpp3,12.0,11,0,TTGTTCGTCCCGCCCTGCAG,11,767803
crpp3,12.0,11,0,TGTGTGCGTACGTACGTCCC,11,790701
crpp3,12.0,11,0,TCGTTCTCGCAGATAAGCCG,11,773853
crpp3,12.0,11,0,TACCACAAAGGGTACCACAT,11,760675
crpp3,12.0,11,0,GGTGAAAATTAAGTGGGTTG,11,768918
crpp3,12.0,11,0,CGTCTTTCAATTGGCCTTAC,11,772911
crpp3,12.0,11,0,CAACTGTTCAACTTCGGCCC,11,770533
crpp3,12.0,11,0,AGCCACTATTTTGGCGTGGA,11,764123
crpp3,12.0,11,0,AATGTCGTAACTGTATATAA,11,764986
crpp3,11.0,10,0,GCTCGGATGGACGGTACACT,10,780822
crpp3,11.0,10,0,GAACTAATACATTCGGGTAA,10,782170
crpp3,11.0,10,0,CGGGTTAGCGGTAGGTAAAG,10,791212
crpp3,11.0,10,0,AGTCCGCACCCGTAGGGTGA,10,782641
crpp3,11.0,10,0,AGAACCGTATTTCGGCGGTG,10,771426
crpp3,11.0,10,0,ACTTCTAGCGGTACGAGTTC,10,784561
crpp3,11.0,10,0,AAGATATAGCAAAGTGCTTC,10,783148
crpp3,10.0,9,0,TAATTTACTGTCGGCGCGAA,9,783465
crpp3,10.0,9,0,CTGATACATGTGGCAGCCTA,9,788047
crpp3,10.0,9,0,CTAGTCTCCTACCCCCGGAA,9,765297
crpp3,10.0,9,0,CTACTTGCGGAAGTATAAGT,9,771737
crpp3,10.0,9,0,CATGTGCGTTGGCCTGATGA,9,770089
crpp3,10.0,9,0,ATTAGTCCCCTTACAAAGGC,9,767694
crpp3,10.0,9,0,ATGACGTTGCTGCCGATATT,9,787886
crpp3,10.0,9,0,AGTGCGGGCGCACGTTCGAC,9,759659
crpp3,10.0,9,0,ACCCTTGTTGTCAGGAGAGA,9,778029
crpp3,10.0,9,0,AAACGATATAGGTCGTAACC,9,769828
crpp3,8.0,7,0,TCCAAGCTACTGTTTAGGAT,7,778622
crpp3,8.0,7,0,GTATAGTTCATGCAAGTAAT,7,789136
crpp3,8.0,7,0,GCCTCTACTTGGCAGTACCC,7,765503
crpp3,8.0,7,0,GACATCTGAATTTGATACGC,7,760684
crpp3,8.0,7,0,CAAACCAGGACCATCACCCT,7,760401
crpp3,8.0,7,0,ATTGTACCCGAGAACTAAGG,7,777385
crpp3,8.0,7,0,ATAAAGGATACGCATAGGGT,7,768542
crpp3,7.0,6,0,TTCCACTTTATCTGTGAACA,6,773617
crpp3,7.0,6,0,GGTCCAATCGCCTAAACTGC,6,785535
crpp3,7.0,6,0,GGTACTGCATATATACATTA,6,774268
crpp3,7.0,6,0,GCTAACGGACCACGCATTTT,6,759922
crpp3,7.0,6,0,GCGGTAGGAGCTTAAAATCG,6,784323
crpp3,7.0,6,0,GCACTCACCCGTGGCCAAAC,6,763696
crpp3,7.0,6,0,CTCCATGTGCTTCCTAGTGT,6,786920
crpp3,7.0,6,0,CTATGGACTCACTGAAAGGA,6,768251
crpp3,7.0,6,0,CCGCACGTGTCTTCAGCCTT,6,783355
crpp3,7.0,6,0,CAGTGGTGGGTCTATTTAAC,6,765967
crpp3,6.0,5,0,TGTATAGGATCGGGGGAAGA,5,789147
crpp3,6.0,5,0,TCTCTATATCATTCTTAAAC,5,791248
crpp3,6.0,5,0,TCTCTATATAGCGAACTACT,5,790083
crpp3,6.0,5,0,CTGAATAAACCGGTTTCCGC,5,774760
crpp3,6.0,5,0,AGCAATGTTCGTGTGAGCCT,5,780402
crpp3,6.0,5,0,ACGTCCATGCGTGACCTCCA,5,764900
crpp3,5.0,4,0,GTTGCACACGAACTCCGCGA,4,784582
crpp3,5.0,4,0,GCCTGGCGGCAAGCTTCTGT,4,763853
crpp3,5.0,4,0,GCAACGCTATCGGCTCCACA,4,765696
crpp3,5.0,4,0,GCAAAGTTCAACCGCTCACA,4,764541
crpp3,5.0,4,0,CTTCTCTCGAAAGGTCGGAG,4,758689
crpp3,5.0,4,0,AGGCATTCCGCACAGGGGTG,4,775497
crpp3,5.0,4,0,ACTTGAAGCACGGTCGTAAC,4,776276
crpp3,4.0,3,0,TCTGAATACTTTCAGTGCAT,3,771143
crpp3,4.0,3,0,GCACAGGATTTACGAGGTTG,3,774094
crpp3,4.0,3,0,GACCAAGCCTGGTCAGGCGG,3,779534
crpp3,4.0,3,0,CCTCCCAGTAGTTAGAGTTG,3,768651
crpp3,4.0,3,0,ACTGCGAGCTTTGCAACGGA,3,783168
crpp3,3.0,2,0,TCATCTGGGGGCCGTCGTCG,2,776705
crpp3,3.0,2,0,GTGGCCTGGTTTCGATCTTT,2,763647
crpp3,3.0,2,0,GTCATTGAGAGGGCTTCCCT,2,779686
crpp3,3.0,2,0,GGTGCTTCGTCGTACACATA,2,775404
crpp3,3.0,2,0,GATCGTGAAGTTTATGAAGA,2,776587
crpp3,3.0,2,0,GATATACATACAACCTGTCC,2,790060
crpp3,3.0,2,0,CTTCGCGCTATGCCTACAGC,2,765298
crpp3,3.0,2,0,CCTGCTAAACGCTGAGGAAT,2,783629
crpp3,3.0,2,0,CAAATGGGGCTTTACAGAAT,2,767430
crpp3,2.0,1,0,TGTGTATGACAGTCTTCTCT,1,773167
crpp3,2.0,1,0,TGATTGCCGAAGGCGGGAAT,1,787743
crpp3,2.0,1,0,TGAATGGAAGAGCAAGATGT,1,775936
crpp3,2.0,1,0,TCGCCATGTAGGCGTTAAGT,1,763536
crpp3,2.0,1,0,TCGATATGGGGATATGGGAA,1,786583
crpp3,2.0,1,0,GTTTCCCGTCTTACCAGCGT,1,759661
crpp3,2.0,1,0,GTGTTCGGCAACGGGTAGCA,1,761572
crpp3,2.0,1,0,GTGGCATAGCAACTGACATA,1,763355
crpp3,2.0,1,0,GAATGAGTTGGAGGCATAGG,1,765810
crpp3,2.0,1,0,CTTCAAACTAACTTTTACAT,1,771772
crpp3,2.0,1,0,CGAGGTCGCTCTTGCGGGAA,1,785542
crpp3,2.0,1,0,CCCTCAAACACATACGGGTT,1,788903
crpp3,2.0,1,0,CCAACACGAAGCGGACTTTA,1,770061
crpp3,2.0,1,0,CAAGAGACGTCATAGGACCT,1,772162
crpp3,2.0,1,0,AAATCTAGCTGGGTCCCCGA,1,759122
crpp3,2.0,1,0,AAACTCGCTCTTAAAAATGG,1,786153
