name,relative_counts,ct,ct_0,barcode,ct_1,barcode_ind
lpp,0.3238095238095238,137,104,GGCGAACATGAGATAAGGAT,33,2152729
lpp,0.8351648351648352,165,90,GCTTCCCAGCACCCAAAATA,75,2155557
lpp,0.9176470588235294,161,84,GTGGTCCTTCGCTCCACGGA,77,2155680
lpp,2.857142857142857,322,83,GTGCTCCTAATTGACGTGCC,239,2152902
lpp,5.171052631578948,467,75,CGCGAAAGGAACCACCAAAT,392,2152843
lpp,0.6818181818181818,109,65,ACCTTGCCTGTTGATAACGT,44,2153145
lpp,1.6923076923076923,173,64,ATTCCGAAATAGGGCACGCA,109,2154519
lpp,1.3770491803278688,143,60,CTCAAATCGGGGCCACAGCT,83,2155950
lpp,2.7,220,59,GATGGGACGAGGATTCAATA,161,2155392
lpp,3.3220338983050848,253,58,GAACTCACGGGGGTATCTCT,195,2152890
lpp,3.559322033898305,267,58,ATTATCTGTCGTCCACGCAA,209,2154025
lpp,0.38181818181818183,74,54,CGCTCTTCATCTTTAGCGGC,20,2153055
lpp,0.8333333333333334,97,53,GGTATGTGAGCGCGTACATA,44,2153047
lpp,0.42592592592592593,75,53,GGATGCGCCGATTATTGCGT,22,2154527
lpp,6.943396226415095,419,52,TTTCAGCAGATCTCTTGCTG,367,2154463
lpp,0.37735849056603776,71,52,CGAGACAGAGATGCTCGTGA,19,2155712
lpp,1.4423076923076923,125,51,GCTAGCATGCTAAACCAGTT,74,2152673
lpp,0.7647058823529411,88,50,CGAATGTACGTCCCAGGATC,38,2158891
lpp,0.0392156862745098,51,50,CAGCGTGACGAAAGAATAAT,1,2158248
lpp,1.26,111,49,ACAGGTACGCTTGTGAAGAT,62,2153988
lpp,0.2857142857142857,61,48,GTGCTCGCGTACGTTACGGA,13,2154308
lpp,0.5531914893617021,71,46,TTGGGGTAGGGTCACTCGTT,25,2154417
lpp,0.23404255319148937,56,46,TGTTCCTGGAACTCGGCCTG,10,2156389
lpp,0.19148936170212766,54,46,GTCAATTGTCAAAAGACCCA,8,2155342
lpp,1.7446808510638299,127,46,CAGAGAGACCACTCAATATT,81,2157319
lpp,0.5957446808510638,73,46,AGGTGGGATCAGGACGCGTC,27,2159726
lpp,0.06382978723404255,48,46,AGGACTCGATACCTCCTGGT,2,2153337
lpp,11.630434782608695,579,45,CTGTCATAATTCGGTCGGAC,534,2153446
lpp,0.15555555555555556,50,44,GATCGAAAAACGCACTGGCC,6,2153267
lpp,4.955555555555556,266,44,AGGACTTCAATAGGCAGGTT,222,2153255
lpp,1.1111111111111112,93,44,ACACTCAAACAGCTCCGTTA,49,2154105
lpp,0.7045454545454546,73,43,GGGACTCGGGGGAATACCAT,30,2154006
lpp,0.8837209302325582,79,42,GTCCTTGGTAAAATTGCTAA,37,2153234
lpp,1.1162790697674418,89,42,GCCGCGACTCGCCCGCTCCA,47,2157826
lpp,0.5348837209302325,64,42,CCACACTCGGACATAGTGAT,22,2158622
lpp,0.4418604651162791,60,42,AGGGCGTTTAAAATGTGGTT,18,2155514
lpp,0.7857142857142857,73,41,ACTCGACCAGCTCTGGCACA,32,2153195
lpp,0.3170731707317073,52,40,TGCCAATAGGGATTATGCTT,12,2153345
lpp,0.8780487804878049,75,40,CATACCGTATTCTGAACAGT,35,2153508
lpp,0.5121951219512195,60,40,ACGTTAGAGAGACGCCACAG,20,2153430
lpp,0.5,58,39,TTGGATCTCTGATATACTAA,19,2157863
lpp,3.2564102564102564,164,38,AAGGCCGGGCATCGGTGGTG,126,2153314
lpp,0.15384615384615385,43,38,AACTATATAATCTGATGGTG,5,2153247
lpp,0.7894736842105263,66,37,GGCCACGTTACCTCCTCACT,29,2155868
lpp,0.39473684210526316,51,37,ACCAATTTATCCCGGGCGAT,14,2154564
lpp,1.864864864864865,104,36,TTTCACAACTCGGGATGGAA,68,2155725
lpp,4.621621621621622,206,36,TTGGGCCATGAGGTCCTTAG,170,2157126
lpp,1.7027027027027026,98,36,TTGCTTGCCGGCCCCGGAGG,62,2154730
lpp,0.21621621621621623,43,36,TAACATGTATAATGGCATCA,7,2159154
lpp,0.13513513513513514,40,36,GATACCTGGTCTCATGCAAA,4,2160775
lpp,0.8378378378378378,66,36,CGTACGTTTAGGTAGTTTGA,30,2160309
lpp,0.5833333333333334,55,35,TTGTCTTGTGATGTTAACTG,20,2157294
lpp,1.1666666666666667,76,35,TCCACACATTCTCACAAACG,41,2153059
lpp,1.3611111111111112,83,35,CACCGGGTTTCGGTCCGATC,48,2152700
lpp,1.1666666666666667,76,35,ATACCCCATCGCGATGCTGC,41,2155155
lpp,2.4857142857142858,120,34,CTCCACTGGTTCATACGCTG,86,2154389
lpp,15.257142857142858,567,34,CCGTAGCAATTGCGTTGGTA,533,2154352
lpp,0.8857142857142857,64,34,CATGGTCATGCCGTAAACCC,30,2154245
lpp,0.4857142857142857,50,34,CACGCGAATCCATTCAAATT,16,2153687
lpp,3.0,134,33,GGCTCCTCCAGTCTGTAATG,101,2153039
lpp,1.4411764705882353,81,33,CGTTCACTTGGCCGCGGTTT,48,2155454
lpp,1.5294117647058822,84,33,CGTTATTTAAATCAACCAAC,51,2153816
lpp,1.4411764705882353,81,33,CCTTCAATCACAGGCGCGAA,48,2153781
lpp,0.3235294117647059,43,33,CCCCATCCATGGGTCTCCAC,10,2159219
lpp,1.9090909090909092,94,32,GTGTCCCCCTAGTAAGGCTA,62,2152801
lpp,0.5151515151515151,48,32,GTACACGAAGTAACCATCTG,16,2152879
lpp,6.03030303030303,230,32,GGATTAGGCTTACACAGCAA,198,2154032
lpp,0.6060606060606061,51,32,GCACTAAACGCTATGGAAAT,19,2154152
lpp,1.4242424242424243,78,32,GATCGCGCGGATATCACCCA,46,2152943
lpp,0.8787878787878788,60,32,GATAACTTCAATAGGTAAGG,28,2155862
lpp,0.09090909090909091,34,32,CGATGCTGCACGCCATCCGA,2,2156631
lpp,1.2121212121212122,71,32,CCGAGCGTTACGTGCTGCGC,39,2155370
lpp,0.4375,44,31,TTGTGTTCACTGGCGTTATA,13,2152754
lpp,0.75,54,31,GTCCTATATTTCGGGTGTCT,23,2152862
lpp,0.3125,40,31,ATATATTGACGTTCGAATGT,9,2152944
lpp,1.25,70,31,AGGACTCCGTCAGGTTCGAA,39,2160143
lpp,3.870967741935484,149,30,TTCGTGTGGCGTTGCGTGGA,119,2154886
lpp,0.6774193548387096,50,30,CCATGAAGTTCGAGACTCTA,20,2157226
lpp,0.6129032258064516,48,30,AGACTCCCGGTGGTTTGACG,18,2154681
lpp,0.5161290322580645,45,30,AAATCCCGTTTTAGCGAGGT,15,2159571
lpp,0.5,43,29,TGATTATATTCTATGAATCC,14,2152880
lpp,0.43333333333333335,41,29,TCCGCACCAGATTTATAGAT,12,2153992
lpp,1.3,67,29,TATACCGCAGTTGTTGGTGT,38,2159610
lpp,0.26666666666666666,36,29,GTAAAGGGTCTGTGTACTAG,7,2158206
lpp,1.0,58,29,GCTTAACCCAGGTGTATGGT,29,2157300
lpp,0.7333333333333333,50,29,GAACCCTATCAGACGTCCAC,21,2153720
lpp,0.1,31,29,CTGTAAGCGTCTAAATGATT,2,2153217
lpp,0.43333333333333335,41,29,CGCCTTTAGCAAACCCGCCT,12,2160462
lpp,0.3333333333333333,38,29,ACGGTGTATCAAATTGTATG,9,2155953
lpp,2.066666666666667,90,29,ACCGTCACTCCTGCTTCGAA,61,2156072
lpp,4.5,163,29,ACCCAGCTGAAATACGTACG,134,2155534
lpp,0.4,40,29,AAGGCATCAGCGTTGCCCTG,11,2158019
lpp,0.7333333333333333,50,29,AAACGGTATGCTGGCGTATA,21,2153684
lpp,1.2413793103448276,63,28,TTTGAAACGTTATTGATCGA,35,2162307
lpp,0.4482758620689655,40,28,TTCCATATGAGTACCCAAAC,12,2153227
lpp,0.06896551724137931,29,28,TGTTGCTGGTGAGAAAAACT,1,2152827
lpp,2.4827586206896552,99,28,TCGTGATTTGGGACAGCAAG,71,2155840
lpp,2.0344827586206895,86,28,TAGGAGCATACGGTACTTTT,58,2155565
lpp,0.2413793103448276,34,28,GTGCAGGGAGTTTACAAGTT,6,2156531
lpp,0.9655172413793104,55,28,GGCGAATGGATCGGCGCAGG,27,2155789
lpp,3.7586206896551726,136,28,GCTCGCATCAATTACGGGCT,108,2156116
lpp,0.13793103448275862,31,28,GAATCAAAGCGAACTACAGC,3,2154981
lpp,5.758620689655173,194,28,AGCCCCGTAGGGGAGTTACT,166,2157130
lpp,2.25,89,27,TTTCGGTGCCCCTGCACCTG,62,2156273
lpp,3.107142857142857,113,27,TTTAACAGTACTAGAACTAG,86,2157566
lpp,0.5714285714285714,42,27,TGGCGAGCTTTGCCCGCAGG,15,2152981
lpp,1.6071428571428572,71,27,GCGACATTCGGCCCGCGGAT,44,2155737
lpp,1.25,61,27,GACCTAAAAGATTCCGTTAT,34,2156971
lpp,1.0,54,27,CTCTGCGAGGACTTGAATAA,27,2155964
lpp,7.107142857142857,225,27,CTAGTTTCGACGGGAGCACA,198,2161396
lpp,0.75,47,27,CGGTGGGGCGAGATCACTTA,20,2156665
lpp,11.285714285714286,342,27,CGGTATTTGTGAAAAATCCA,315,2153379
lpp,1.0714285714285714,56,27,CGAGGTGTGGATCGTGTTGG,29,2156797
lpp,0.14285714285714285,30,27,CAGCATCCTTCGTGTGACTC,3,2158882
lpp,0.4642857142857143,39,27,ATGATTCCCAGAAACAGGTT,12,2153264
lpp,23.142857142857142,674,27,ATCCCTATGGTGGATGCGCA,647,2154743
lpp,0.5,40,27,AGAAATAAACGCACCATTGT,13,2156005
lpp,0.17857142857142858,31,27,ACGCTCCGCGCGAGGGAAAT,4,2153723
lpp,1.0714285714285714,56,27,AATCTCCTTACTCTGTGCTG,29,2156267
lpp,0.42857142857142855,38,27,AAGAGATTTGTGTCCGGGGG,11,2152646
lpp,0.6785714285714286,45,27,AACTCTAGATCAGTACGAAA,18,2154935
lpp,0.21428571428571427,32,27,AACCCAGCTACTTGATTTGA,5,2156877
lpp,1.5925925925925926,68,26,TTAGTCACGCCGCCAGGGTA,42,2156093
lpp,1.7407407407407407,72,26,TCACCCTATGGCTGGAGTAT,46,2160626
lpp,1.5185185185185186,66,26,GGGACCCCGTTTGGCCTACA,40,2158114
lpp,13.037037037037036,377,26,GCTTACAGACTTGTGTGATA,351,2162198
lpp,3.5555555555555554,121,26,GCTATTTTCCAGGCTCTTTT,95,2157633
lpp,3.4444444444444446,118,26,GCGGCATCAGGCTGAGACCT,92,2155420
lpp,0.25925925925925924,32,26,GCACCACCTTAGCATAACTC,6,2156102
lpp,1.3703703703703705,62,26,GAGAGCCCTAGGTTTGAGCG,36,2158408
lpp,2.5555555555555554,94,26,GAAGTAGGTGGGGTTCGCAT,68,2156277
lpp,0.18518518518518517,30,26,CTGGAGCGCTTGCAGTAGCG,4,2160220
lpp,1.5555555555555556,67,26,CGGCTCGACGTGTTCCTAGA,41,2159704
lpp,2.925925925925926,104,26,CCAACGCAGTTTGACCAAGT,78,2153885
lpp,0.7407407407407407,45,26,CAGCCGCAACGAAGGCACTT,19,2160342
lpp,0.9259259259259259,50,26,AGTGCTCTTACGCCCTTAGT,24,2160063
lpp,0.4074074074074074,36,26,AGTGAGTAAGTCCGACCCTG,10,2153086
lpp,11.962962962962964,348,26,AATGAATCTTGGGATTACAA,322,2155627
lpp,3.259259259259259,113,26,AAAGAAACCTTGATAAAGAT,87,2157740
lpp,2.423076923076923,87,25,TTGCAAGGGATGCAGGCCCA,62,2159212
lpp,0.6153846153846154,40,25,TTAGCGTCGTATGGGTTCCG,15,2154471
lpp,0.23076923076923078,30,25,TGGTGAGACCCTGGCACACA,5,2154942
lpp,8.192307692307692,237,25,TCCATACTGATACTTGCTTG,212,2154880
lpp,0.34615384615384615,33,25,TACGCATGCAGCCCCTACTT,8,2153152
lpp,4.961538461538462,153,25,CTATGGTTCCGACAAGAAAT,128,2152765
lpp,4.576923076923077,143,25,CCCCCGCGTTACTTTATGTA,118,2153753
lpp,0.4230769230769231,35,25,ATTTTTTGAAATTGTAGGGA,10,2153686
lpp,1.8846153846153846,73,25,ATACGATGTTAGACAACGGT,48,2152802
lpp,1.8846153846153846,73,25,ACGTTCCTGTAATTAGAGCC,48,2156630
lpp,0.5769230769230769,39,25,AATACTCTCAATGCTGGCGT,14,2160592
lpp,1.4230769230769231,61,25,AAGCGCGTGATTCAGCTGGC,36,2158744
lpp,1.08,50,24,TTAAAGTATCGTTGAAGGCT,26,2156006
lpp,0.56,37,24,GTTATAAGCACGTCACCACG,13,2161477
lpp,9.8,268,24,GTCGCAAAGGGTAACTTTTA,244,2153382
lpp,0.48,35,24,CTAATTTCTTTGCTCGACAT,11,2153088
lpp,0.8,43,24,ATCCTCCGGGCTGGGTCCGT,19,2157172
lpp,2.84,94,24,ACTGTAGTGACGAGCGGCGT,70,2157782
lpp,0.4,33,24,ACGATTGCGCGGTTCGCTCA,9,2153233
lpp,0.76,42,24,AATTCCCATGGCGCCTGGGT,18,2158063
lpp,2.84,94,24,AACCTATTGCCCTGGGCGAA,70,2158831
lpp,1.2916666666666667,53,23,TGGTGTCCTTCGACCGGAAG,30,2153075
lpp,5.0,142,23,TGCACGACCCATGTAAGGCG,119,2161576
lpp,0.6666666666666666,38,23,TCTAGTACCTCAAGGCTTTA,15,2161537
lpp,1.0,46,23,TCATCTATCCCCCCGGTACG,23,2153809
lpp,0.7916666666666666,41,23,TAAAGTTGTATGGGACTCTA,18,2159597
lpp,0.9583333333333334,45,23,GTAAGGAGTCGGAGTTTTTC,22,2155849
lpp,0.7916666666666666,41,23,GCTCCGTAGCGTCATGAAAT,18,2153469
lpp,28.208333333333332,699,23,GCGCGTCGAGTGACTTATTT,676,2160386
lpp,1.3333333333333333,54,23,GAGATAAGCTCGACCCCAGT,31,2160507
lpp,1.4166666666666667,56,23,CGGTAATTTGTATAGCTGAT,33,2153675
lpp,4.416666666666667,128,23,CGGGATAGATTTCCAGCATA,105,2155745
lpp,4.875,139,23,CAGTTCTGGAGGTTGACGGA,116,2153654
lpp,0.4166666666666667,32,23,AAGCAGTAGCACCGACCGTA,9,2159274
lpp,0.17391304347826086,25,22,TGCGTGAGGGCCGACATCAT,3,2154717
lpp,0.7391304347826086,38,22,TGAAAACATGGAGCCCCAAC,16,2157613
lpp,0.782608695652174,39,22,TCTCTAAGCCGAAGTGCGCC,17,2153746
lpp,3.1739130434782608,94,22,GCCGTCCCATTCGGTGCGCG,72,2153535
lpp,3.608695652173913,104,22,GAACAAAGGTCCCATACGAC,82,2154324
lpp,0.17391304347826086,25,22,CTGATATGTTATGCTAGCTA,3,2158695
lpp,3.608695652173913,104,22,CTATGCTTTCTCCTACTCCA,82,2159397
lpp,0.43478260869565216,31,22,CTATATTGAGCCAGGGCCAC,9,2152998
lpp,0.391304347826087,30,22,CGGCGTCTGACCCTCTGCCC,8,2157473
lpp,2.0434782608695654,68,22,CATATGCCGGCGCACGTTAC,46,2153477
lpp,1.7826086956521738,62,22,CAGTACGCACCCCAATTACC,40,2152857
lpp,1.1304347826086956,47,22,ATGAATCGGCTAATTGCGGA,25,2156046
lpp,0.08695652173913043,23,22,ACTGCCCCTCGGAATTTCTT,1,2156719
lpp,11.434782608695652,284,22,ACCTCAGCGGGCTACCGTAC,262,2154215
lpp,1.7391304347826086,61,22,ACCGCGCTCGACGGTTCGAT,39,2154918
lpp,0.09090909090909091,22,21,TGTTACAGCGCGCTCGCGCT,1,2153660
lpp,0.09090909090909091,22,21,TGGATCAAACGCGATTTCAA,1,2156751
lpp,1.6363636363636365,56,21,TCGATGTGCTCCGCAGTAAC,35,2154057
lpp,1.8181818181818181,60,21,TAACAAGCATAATAGAATTT,39,2160040
lpp,3.227272727272727,91,21,GTGTCTGACGATTCGAGCCG,70,2157311
lpp,2.1363636363636362,67,21,GGGATATCAACTTTATCAAG,46,2154487
lpp,0.6363636363636364,34,21,GGCTATCGCCGGTGATCGAC,13,2160515
lpp,2.6363636363636362,78,21,GGAGAACTGCCAGTTGCTCT,57,2158083
lpp,0.09090909090909091,22,21,GATTACTCACTTGTGGGATA,1,2156956
lpp,0.09090909090909091,22,21,CTATCCGCCCGCAGTAGTAG,1,2154056
lpp,1.7727272727272727,59,21,CCGAGAAACGAGACGAAACC,38,2153273
lpp,5.2727272727272725,136,21,CCAACGCTCAAGCTCGTGCG,115,2153751
lpp,0.13636363636363635,23,21,CAGTTATCCGTTTATCCCAG,2,2159314
lpp,8.227272727272727,201,21,CAGGCAGAAAATGTCGAAAC,180,2153592
lpp,0.7727272727272727,37,21,CAATGTTCTCAGGAGAAAAT,16,2158103
lpp,3.090909090909091,88,21,ATCGGAGTGAGACCCGCAAA,67,2153429
lpp,0.7272727272727273,36,21,AGTCGGTACAATGATTCTTA,15,2161551
lpp,1.7727272727272727,59,21,AGTATAGAACGACCATGGGT,38,2153489
lpp,0.7727272727272727,37,21,AGCTCGTATCTATCGCCTAT,16,2159311
lpp,1.3636363636363635,50,21,AGCGGTAATTACCCAAACGT,29,2156514
lpp,4.045454545454546,109,21,AAGTTTCGACGCATAAAGAG,88,2157850
lpp,1.1818181818181819,46,21,AACCAAGGCCACGCAGGATC,25,2155281
lpp,0.47619047619047616,29,20,TCTAAGTTCAAGGTTACTGA,9,2158667
lpp,1.1904761904761905,44,20,TCCAGGCAAACGACACAGTC,24,2152632
lpp,0.8571428571428571,37,20,TCCAAGCTGTAGGTAAGTTT,17,2154971
lpp,1.4285714285714286,49,20,TCAGTGGAGGAAAGCCAGGC,29,2156492
lpp,0.3333333333333333,26,20,TCAGACGGATACCGCGCGCT,6,2156148
lpp,0.6666666666666666,33,20,TCAGAAGTCGTAAGTATTCC,13,2160715
lpp,0.6666666666666666,33,20,GTTCATGTCCTAATCAGGTT,13,2159531
lpp,1.0,40,20,GTACTCAGTCTGGACGAGAA,20,2156176
lpp,1.8095238095238095,57,20,GGGACCATACCTGGGCCAGG,37,2152928
lpp,0.14285714285714285,22,20,GGAAGCCCGCTTGCGTTCCT,2,2156959
lpp,10.857142857142858,247,20,GCCTTTAATCAGCTCCCTAT,227,2153603
lpp,4.714285714285714,118,20,GCATTTATATCAATGAGCGA,98,2159751
lpp,1.6666666666666667,54,20,CTGTCGAACCAGTCGTCTTT,34,2153277
lpp,0.2857142857142857,25,20,CTCTTACTTGAAGTCAGCAA,5,2154339
lpp,6.095238095238095,147,20,CTCCTAAGGAGAGTGGGAGA,127,2156361
lpp,6.285714285714286,151,20,CGCAAGACGGCGCTGGCAGT,131,2156706
lpp,6.666666666666667,159,20,CCGTCATCGTATTATTGATA,139,2162268
lpp,3.0952380952380953,84,20,CATTTGAGCCATCTTCGTGG,64,2157650
lpp,1.4285714285714286,49,20,CAGTGGCGGGCATAGACGAG,29,2160189
lpp,1.5238095238095237,51,20,CAATCTAAAAGCTACAAGTG,31,2156012
lpp,0.9047619047619048,38,20,CAACGTGTTACCTGGCGCTA,18,2161783
lpp,7.142857142857143,169,20,ATTGTCTCGGGGCGTAGGAA,149,2155493
lpp,2.4285714285714284,70,20,ATCCGCGCCGAGTTGGCGTA,50,2158892
lpp,5.190476190476191,128,20,ACCGGTGGCCTCAGGTACAT,108,2152786
lpp,1.9047619047619047,59,20,AATCCAGATCTTTGGGACAT,39,2152677
lpp,0.75,33,19,TTTAGAGATTGAGCACGACA,14,2155563
lpp,0.1,20,19,TTAAGCTCATACAGAATGGG,1,2155305
lpp,1.45,47,19,GGTCACTCAGGGGTACATTT,28,2155989
lpp,3.2,82,19,GCTTGGACTGATAGCGCAAT,63,2159074
lpp,0.8,34,19,GCACGTCCCAATACACCCCA,15,2158428
lpp,7.15,161,19,GAGTATCAAATTAGGACTCT,142,2158645
lpp,14.2,302,19,CTTGCAAACCACGGAACGTA,283,2162256
lpp,9.05,199,19,CTCTTCGATCACTAGAATTT,180,2154806
lpp,6.0,138,19,ATCCACGTACACGGCCAGCT,119,2162062
lpp,1.7,52,19,AGGTGTCTGGACTCCACACA,33,2160057
lpp,0.6,30,19,AGGGTAGGGTAAAGGGACAA,11,2157623
lpp,0.35,25,19,ACTGAGGAATTGTGGCCAGT,6,2153707
lpp,0.85,35,19,ACATGTCTTTAAGAATAACT,16,2157588
lpp,0.1,20,19,AACCCGCGCTTGTAGTACTA,1,2155523
lpp,1.3157894736842106,42,18,TTGGAAGTTTGGAACTGGCA,24,2154241
lpp,1.5789473684210527,47,18,TTGCTGTCGGAAGACTCCCC,29,2157589
lpp,2.4210526315789473,63,18,TTATCGGGACAATATAGGCG,45,2160019
lpp,0.21052631578947367,21,18,TGCAGGGGAAAATGGAGTAC,3,2154628
lpp,0.5263157894736842,27,18,TGAGGCGTCTAGCCGTCTAC,9,2158417
lpp,0.15789473684210525,20,18,TCAGGATGGACACAGAGGAG,2,2161750
lpp,1.5263157894736843,46,18,GCGTAACTTTCCGGTAGAGT,28,2156197
lpp,21.31578947368421,422,18,GATCGGGGAGTTCACCTTTG,404,2158024
lpp,1.5263157894736843,46,18,GAAATAAAGAACCTTGGGGT,28,2158271
lpp,0.47368421052631576,26,18,CTCAACAGAGCAAATTGTGC,8,2158794
lpp,3.1052631578947367,76,18,CTAGCACCCCAGGTCTGAGA,58,2154633
lpp,2.3157894736842106,61,18,CTACGTTTAATTTAAACATT,43,2161970
lpp,13.631578947368421,276,18,CGTTACGTCCGGTTTTTCAA,258,2158006
lpp,0.21052631578947367,21,18,CGGCGAGCAAAAGTACGAAG,3,2159365
lpp,3.3684210526315788,81,18,CGGAGTGGTCCGACGTCAAT,63,2157985
lpp,4.842105263157895,109,18,CGGACTACTTCGCCTGATCT,91,2153917
lpp,1.5263157894736843,46,18,CGCGCCGCGAGCAGGATGAA,28,2154903
lpp,1.105263157894737,38,18,CCTCACCATCATGCTGCCTG,20,2153147
lpp,0.8421052631578947,33,18,CATAAGAGTAGCTGTCTTTA,15,2156246
lpp,1.368421052631579,43,18,ATAACACAGTGGTGAACTGA,25,2159683
lpp,1.1578947368421053,39,18,AGGCATCCAATAAGACCCAG,21,2159905
lpp,0.2631578947368421,22,18,AGCGAGGAGAAAAGTCATAC,4,2153804
lpp,0.15789473684210525,20,18,ACGGCCAAACACTTAACGGC,2,2159671
lpp,4.526315789473684,103,18,ACCCCAATTGGATCGATGGA,85,2158955
lpp,3.8421052631578947,90,18,ACACGCTATAGTCCATCGAA,72,2156622
lpp,1.5789473684210527,47,18,AATGTGCTGAGCTGCAAGGG,29,2154613
lpp,3.8947368421052633,91,18,AACTCTGGCGCAGTATTGAT,73,2160088
lpp,0.10526315789473684,19,18,AAACACCGAATGCAACCGAA,1,2155429
lpp,10.61111111111111,207,17,TTGCAGTGACAAGACGCATG,190,2158291
lpp,2.6666666666666665,64,17,TGTTGCTGTGGGTGGGTCAC,47,2154661
lpp,0.8888888888888888,32,17,TGCCCGCGGGCTGATTTCCG,15,2159515
lpp,2.2777777777777777,57,17,TGAGTAGACGAAGACCTTTA,40,2159897
lpp,1.2222222222222223,38,17,TCTCATCTTTATGTGGGGCT,21,2156409
lpp,16.22222222222222,308,17,TATTCGCTGTTAATGTCTCT,291,2153162
lpp,0.9444444444444444,33,17,TATTAGCCCTTAGAGAGCGT,16,2161672
lpp,0.2222222222222222,20,17,GTTCGAGGGCTGGGTAGGAT,3,2155194
lpp,0.5,25,17,GCATCACCTCGGCTGGATCT,8,2154840
lpp,5.277777777777778,111,17,GACGGGTGATGATTTCGTGT,94,2159402
lpp,1.1666666666666667,37,17,GAATCGATACATAGTGGTGG,20,2159607
lpp,0.8333333333333334,31,17,CTGGCGTATCGATTATCTCG,14,2153510
lpp,0.16666666666666666,19,17,CGTTACGCGCGGCACCCCAG,2,2160367
lpp,1.9444444444444444,51,17,CGTGGTAAGGGGCCATCCGG,34,2158610
lpp,0.2222222222222222,20,17,CGGGTACAGCACCGCGTGAC,3,2153132
lpp,1.2222222222222223,38,17,CGCGCAATCGGGGCAATCCT,21,2161231
lpp,26.833333333333332,499,17,CCTCCAGCCACCGTCAACAG,482,2155581
lpp,2.888888888888889,68,17,CAATGCCGTGTTTCTTCTGA,51,2152818
lpp,1.2222222222222223,38,17,CAAGAGTAGGATTCCCGACG,21,2161899
lpp,4.833333333333333,103,17,ATGAAACGTGCAAACAGCGA,86,2158941
lpp,5.055555555555555,107,17,AGTTAAAGAATGTAATCTAA,90,2153257
lpp,7.888888888888889,158,17,AGGCCTAGAAGCCAAAAGGT,141,2154067
lpp,2.8333333333333335,67,17,AGCCGAATCCAGATCCAAGG,50,2157534
lpp,0.8333333333333334,31,17,AGATTTGGGGCTCCGATCTC,14,2157381
lpp,1.4444444444444444,42,17,ACCGCGGTTCTGCTTTACCC,25,2157395
lpp,3.9444444444444446,87,17,ACCGCACCAAGAGACTTCGA,70,2154443
lpp,1.9444444444444444,51,17,ACAAATCGACGCTGGGGCTC,34,2155101
lpp,2.0555555555555554,53,17,AAGTAAACTCTTAGCTTAAG,36,2155200
lpp,5.411764705882353,107,16,TGTTACGGTATGGAATGGTC,91,2154695
lpp,1.1764705882352942,35,16,TGTCTCCTGGGACGGATCAG,19,2157072
lpp,5.294117647058823,105,16,TGATGGCAGATTGGTAATGA,89,2155402
lpp,2.9411764705882355,65,16,TGAGTCCGTTATTTACCTAG,49,2156079
lpp,1.8235294117647058,46,16,TGACCGGATTGTACCTAGGG,30,2153627
lpp,6.294117647058823,122,16,TAATCCATTCGCTACCCAGT,106,2153775
lpp,0.35294117647058826,21,16,GTCGTCACCTAGGGCGGAAC,5,2156071
lpp,6.470588235294118,125,16,GGGTGGCAAACTCGAGCCAG,109,2153391
lpp,2.9411764705882355,65,16,GCAGTCAGTACTGTGCCCTA,49,2155974
lpp,1.1176470588235294,34,16,GCACTTCGGTCTGATATAGG,18,2161400
lpp,5.470588235294118,108,16,CCTCTACTGCACAGGTGTTG,92,2153965
lpp,3.588235294117647,76,16,CATGGTGCACGACATACAGT,60,2156768
lpp,1.1176470588235294,34,16,CAACGACCATCGTAGGTATA,18,2153443
lpp,6.176470588235294,120,16,ATGGAATCCGCAGATATGTC,104,2152858
lpp,8.117647058823529,153,16,ATCTCATAGCCCGGGCGTTT,137,2152891
lpp,1.0,32,16,AGGTATCAGTTGTCTGTGCG,16,2157059
lpp,13.823529411764707,250,16,AGGCGTCTTTACTGCTGAAT,234,2161394
lpp,1.1764705882352942,35,16,AGATTCTGTCGCAAGCATAA,19,2157025
lpp,9.705882352941176,180,16,AGACACTTTCTACGTCTGTG,164,2159481
lpp,1.5294117647058822,41,16,ACTGAGGTTACCTCATAGAT,25,2156432
lpp,8.294117647058824,156,16,ACGTTCTTGTGGTTGTAAAG,140,2160955
lpp,5.9411764705882355,116,16,ACATAAGGTAAGATTTTACC,100,2152938
lpp,0.5294117647058824,24,16,AAGTCGGCGAACTCTCTCCC,8,2152958
lpp,8.235294117647058,155,16,AAATACCCAGCATGGACTTA,139,2158702
lpp,2.5294117647058822,58,16,AAAATTAACGCAAGGCCCCA,42,2155114
lpp,4.0,78,15,TTTGGTATCAAATATTGTGA,63,2157766
lpp,0.125,16,15,TTCAGCGACTGCCAACGCTG,1,2156051
lpp,0.625,24,15,TTACTTTCGATTCTGTTATG,9,2155987
lpp,0.125,16,15,TGTATACAGCTGAGTTTCAT,1,2154040
lpp,1.875,44,15,TCTGAGAGCTGAGGAGTGGT,29,2157459
lpp,3.9375,77,15,TCTATTCGTTGAATATCAAT,62,2162169
lpp,0.5,22,15,TCCACGAAATCTGGGGTCAA,7,2154965
lpp,0.8125,27,15,TATAGTGAAGTAAGATTGCT,12,2154328
lpp,3.625,72,15,TAGCTAACCGCCAATATGCT,57,2158757
lpp,12.0625,207,15,GTTTGCATCTGGTTCTTATT,192,2157503
lpp,6.9375,125,15,GTCGTCTGTAGTCGGCCAAC,110,2155479
lpp,1.4375,37,15,GAATGCTGTACGCAGTAGCG,22,2156331
lpp,3.5,70,15,CTGCAAAAGCTGCGATTAAC,55,2156123
lpp,5.5,102,15,CCGTAACGCGTGGCACTGTA,87,2154955
lpp,38.8125,635,15,CAGTGAGGAGGGCATAAACT,620,2154378
lpp,2.0,46,15,CACCGGCGCATGGGGTCCCC,31,2154128
lpp,2.375,52,15,CACATTTCTACGAGTGGGGA,37,2156753
lpp,12.0,206,15,ATGCTGGTATGAACCCGTGA,191,2156938
lpp,1.5625,39,15,AGTTTTTAAGGAATTGGAAG,24,2155034
lpp,2.1875,49,15,AGTTACCCTGTGCTAACTTG,34,2152708
lpp,0.4375,21,15,AGTGCTTCTAACCTGTTAAG,6,2157244
lpp,3.6875,73,15,AGTACTATTATCGCAGCAGC,58,2158545
lpp,7.5625,135,15,AGTAAAGATCGCCCGAACTA,120,2154394
lpp,0.6875,25,15,AGGAAGCCCTAGGCGTCTAT,10,2152838
lpp,0.5625,23,15,AGAACCAGAAAGGTCTAAAC,8,2162084
lpp,0.125,16,15,ACGAACTCTTTAATAATCTA,1,2152997
lpp,1.0,30,15,ACAGCGCTGCTTGTCCTTTT,15,2152634
lpp,0.625,24,15,AATTTGGTTCTTAGTCACTA,9,2152706
lpp,2.6875,57,15,AAGCTCCATACGACTTGTAC,42,2154731
lpp,3.4375,69,15,AAAGAATCCGCAGCTTCGTA,54,2161366
lpp,0.9375,29,15,AAACCACGGGAGCCACAATT,14,2156177
lpp,0.4666666666666667,20,14,TTGTGTCACGCTTCCGGGTA,6,2154846
lpp,1.0666666666666667,29,14,TTGCGGAGACGAGCCGAGCT,15,2156807
lpp,0.9333333333333333,27,14,TCCTTTCATCATGTGTTCGT,13,2156028
lpp,0.3333333333333333,18,14,GTGGGGACTGGCGTTGTGCG,4,2152896
lpp,4.666666666666667,83,14,GGGAAGACCCTTAGGTTCTA,69,2154818
lpp,3.933333333333333,72,14,GGCTGATATTTTGCGTATCT,58,2161269
lpp,3.7333333333333334,69,14,GCCACAAGGGTTCAACGGGA,55,2159939
lpp,3.6,67,14,GAGAACTTCCCTTCAGTCAT,53,2158925
lpp,0.13333333333333333,15,14,GAACGAAGAATAACCTGGCC,1,2160729
lpp,2.4,49,14,GAACATTGACGGATCAGCTA,35,2157330
lpp,2.466666666666667,50,14,CTTTTCCCGTTCGGTACCAC,36,2152963
lpp,7.333333333333333,123,14,CTCCGGGAACATCGAGCCCT,109,2155386
lpp,1.2666666666666666,32,14,CTAGGGCATGCGCATAATGC,18,2159191
lpp,0.7333333333333333,24,14,CTAGCACGGTTGTGCTTATG,10,2159396
lpp,0.13333333333333333,15,14,CTACTCATGTTCTAAGTATT,1,2153187
lpp,1.6,37,14,CGTCGAAAAACACCACCACA,23,2154087
lpp,2.0,43,14,CGAGTTCCGCACGACGTTAC,29,2156793
lpp,1.4666666666666666,35,14,CGAGAACTGCTCCGTTAGAA,21,2153935
lpp,4.4,79,14,CCTCCAATCAGAGCCAATTC,65,2159157
lpp,3.2,61,14,CCTCAGAAGTTTACACATGT,47,2154237
lpp,2.1333333333333333,45,14,CCTAGAAGAAGGCATACCAT,31,2161322
lpp,0.4666666666666667,20,14,CAGGTCGTTGGCTACTTCTT,6,2160480
lpp,0.13333333333333333,15,14,CAGCGCCTTGAAGAGAATAG,1,2161141
lpp,0.2,16,14,CACGAGAGCGGGCCACCCTT,2,2159848
lpp,5.2,91,14,AGTTCGGCTTTGTGCTTGCA,77,2152845
lpp,16.2,256,14,AGGGACCCGAGATGGAGAGC,242,2154211
lpp,0.2,16,14,AGAAGTAGAAAATTGCCTTG,2,2156052
lpp,2.3333333333333335,48,14,AATTGATGACATTTGGTTTG,34,2159367
lpp,2.933333333333333,57,14,AATTCGCGGGAGGGTAGCTA,43,2159559
lpp,2.8666666666666667,56,14,AATCTCCGGCGAAGCTAAAA,42,2154931
lpp,0.8,25,14,AATAGTAATGCAAGTTAAGT,11,2161870
lpp,0.3333333333333333,18,14,AAGGAAGTGCAACACACTTG,4,2154671
lpp,3.6666666666666665,68,14,AACTGCTGCACTTTTCTCGC,54,2153194
lpp,7.866666666666666,131,14,AAAGTGACGCCTCCTATCGT,117,2160745
lpp,24.6,382,14,AAAGTAAGGGTAGCTTCGGA,368,2157237
lpp,2.4,49,14,AAAACTGGTTGACCTGTTCG,35,2156055
lpp,0.14285714285714285,14,13,TTTCGAGCGCACTTCCCCCA,1,2157701
lpp,1.8571428571428572,38,13,TTCTTTTCGGCACCTCGGAC,25,2155184
lpp,0.14285714285714285,14,13,TTCGCCACAAGAAAATTTAC,1,2157866
lpp,12.857142857142858,192,13,TTATCGTGACACGCTTGCAG,179,2155584
lpp,5.428571428571429,88,13,TTAATGCCCTTCCCGCTGAG,75,2157321
lpp,3.0,54,13,TGCTAGTCTTCTTTAGCAAG,41,2154491
lpp,0.14285714285714285,14,13,TGAATTAGCCCCCGCGTCTT,1,2153013
lpp,3.2857142857142856,58,13,TCGCGTGTATCCCGGGGGCA,45,2157802
lpp,13.857142857142858,206,13,TCATTCCCGTCTCATGGCGG,193,2158701
lpp,4.571428571428571,76,13,TATCTTTCTAGCCGGAAAAG,63,2153771
lpp,1.0714285714285714,27,13,TATAGCGTATCCGCTACAGG,14,2155453
lpp,3.5714285714285716,62,13,TAGGCGCGGAGACTGTTGAT,49,2154972
lpp,5.214285714285714,85,13,TAGCTGCGCATTTGCGGTAA,72,2155778
lpp,5.5,89,13,TAACACGCTCAAAGGCTATC,76,2152892
lpp,2.5714285714285716,48,13,GTTACGATGGTCCAGGGGGT,35,2152861
lpp,5.428571428571429,88,13,GTGTGCACATTCTCCTAAAT,75,2162049
lpp,1.2142857142857142,29,13,GGTAATGGTTTATCAGAGAT,16,2152790
lpp,6.5,103,13,GGGTCACCCACCATTAAACA,90,2159947
lpp,4.785714285714286,79,13,GGCGCGTAGTTTGAAAATGA,66,2155535
lpp,1.4285714285714286,32,13,GGCACTATGCATCTGGATCT,19,2157073
lpp,2.2142857142857144,43,13,GGAGAACATGGTATTGGAGG,30,2154297
lpp,3.5,61,13,GCGCGTGGGAGCGGTTACAT,48,2153589
lpp,3.0,54,13,GCCCGCGTCCGGGAATCTTT,41,2153387
lpp,0.5714285714285714,20,13,GCCCATTATTCGGAGGACAC,7,2155648
lpp,19.285714285714285,282,13,GACCAGCACCTGACACTTCA,269,2154811
lpp,3.0,54,13,CGATAAAGGAATCATGTACT,41,2160697
lpp,4.714285714285714,78,13,CGAACCGTGCTACGATAGTT,65,2157355
lpp,1.0714285714285714,27,13,CCTCCTTTAACATGGAATAT,14,2158979
lpp,0.42857142857142855,18,13,CATTCAATACGGAGGAGTGT,5,2156776
lpp,2.2857142857142856,44,13,CACTAACGTGGGTCCCTAAT,31,2156360
lpp,0.21428571428571427,15,13,ATTTATTACGGTAGGTGTCT,2,2154106
lpp,11.071428571428571,167,13,ATCCATTTACTAGGGACGAG,154,2154348
lpp,0.2857142857142857,16,13,ATCAGCCTACAGGACAGCAA,3,2158080
lpp,4.928571428571429,81,13,ATCACGCACACTGATAGGCC,68,2155556
lpp,1.0714285714285714,27,13,AGTCTCCGATATCGATCTGT,14,2154039
lpp,0.42857142857142855,18,13,ACTGAGTGATTTCATTATTA,5,2156587
lpp,0.14285714285714285,14,13,ACGCATGCCCCAGCTAATCG,1,2159064
lpp,3.857142857142857,66,13,ACCTTCGGGTCATCTCATCG,53,2155052
lpp,0.14285714285714285,14,13,ACAGCTTATGTTCCGTTTTC,1,2156487
lpp,2.857142857142857,52,13,ACAAAGGGGTGAATATTTGA,39,2160863
lpp,1.1428571428571428,28,13,AATCCGGGTTTGCAATTCCA,15,2156381
lpp,0.5,19,13,AACGGAAACCTCTATTTTAT,6,2153565
lpp,0.6923076923076923,20,12,TTTTAACGATTATGACGGTT,8,2159466
lpp,0.9230769230769231,23,12,TTTCGGCCAATGGGCGGCTA,11,2160188
lpp,0.6153846153846154,19,12,TTGCGGGAGGTTTAAAGTAT,7,2159013
lpp,3.3846153846153846,55,12,TTCACAACGCTAACTTGTTT,43,2160107
lpp,0.8461538461538461,22,12,TGGAACGTATTTTCGTCCAG,10,2162122
lpp,4.6923076923076925,72,12,TGGAAAATTCGCATCGGACA,60,2155211
lpp,0.15384615384615385,13,12,TGCTGCTATATCAACTTCGA,1,2154999
lpp,0.38461538461538464,16,12,TGCGCTTGGACGTATCCGCA,4,2156270
lpp,0.38461538461538464,16,12,TCCCGCAGGTCACCAGTCAA,4,2153032
lpp,5.538461538461538,83,12,TATTCCGAATCTCATCGCGA,71,2159292
lpp,0.5384615384615384,18,12,TACGGCTGTCTCATGTGGGT,6,2154305
lpp,6.076923076923077,90,12,GTGCGTCTATAGTGTGTCGG,78,2161302
lpp,2.076923076923077,38,12,GTCCCGCCTAAAGCACTCAA,26,2160400
lpp,2.5384615384615383,44,12,GTAGTATTAACGAAACCATA,32,2156558
lpp,2.0,37,12,GGTTAGTACCGGTTCGCAAT,25,2155561
lpp,0.15384615384615385,13,12,GGTAACTGGGAACACCAGGT,1,2154008
lpp,0.15384615384615385,13,12,GGGGCTGGACAATTACATTG,1,2153146
lpp,1.8461538461538463,35,12,GGGATCAGGCATGGTAGCAG,23,2156138
lpp,0.15384615384615385,13,12,GGAGGCGACTCCAGCGGATT,1,2161963
lpp,0.8461538461538461,22,12,GCTACTCGGAATCCAGATGT,10,2159347
lpp,0.6923076923076923,20,12,GATTAAAGAGAATCTCATGA,8,2158990
lpp,2.230769230769231,40,12,CTTGCCGTATGCCTGCCGGA,28,2158406
lpp,2.6153846153846154,45,12,CTAGCACTGGTGAGTCGATG,33,2156755
lpp,0.23076923076923078,14,12,CGGCATCAGGTACCTGAGAG,2,2158603
lpp,7.923076923076923,114,12,CGGACACGGCTGAGCTGGCT,102,2156711
lpp,0.15384615384615385,13,12,CGAGTACGTTGTTGTTCTCA,1,2161383
lpp,4.538461538461538,70,12,CCGGTCTTTTCAATACTTAT,58,2159357
lpp,0.23076923076923078,14,12,CCAGTATGGGATGGGGGCAT,2,2158978
lpp,2.230769230769231,40,12,CATAGTTTGCACAGGAAGGA,28,2156599
lpp,2.4615384615384617,43,12,CAGACGATGGCTGGTATCTG,31,2161972
lpp,4.461538461538462,69,12,CACTTCATACACGCTTTCAT,57,2159914
lpp,2.3846153846153846,42,12,CACGGCAGTTGTGATGAGTG,30,2154983
lpp,10.076923076923077,142,12,CAAGGCCACCCGGGACTCAA,130,2159841
lpp,0.3076923076923077,15,12,ATCATTACAGGTTGACTCTA,3,2156438
lpp,0.9230769230769231,23,12,AGTGGTCCCGAAATGATTTG,11,2156761
lpp,11.23076923076923,157,12,AGTAGGCACGCCCTGTCGTT,145,2160093
lpp,2.8461538461538463,48,12,AGGGCCTTTATACTCCCGCT,36,2158140
lpp,12.461538461538462,173,12,AGGCGTAACTTAGGTCTTCC,161,2153760
lpp,0.38461538461538464,16,12,ACTCACTGGCAGCAGTCTCG,4,2155050
lpp,0.38461538461538464,16,12,ACCTTATTCGGTAGGGGAGG,4,2155970
lpp,2.6923076923076925,46,12,ACACTTCTCTACGATGCGCT,34,2156326
lpp,4.769230769230769,73,12,AATTTGGCATGTAGATGAAA,61,2153587
lpp,2.923076923076923,49,12,AATCGTATTAAAACACACGT,37,2159950
lpp,2.3846153846153846,42,12,AAATGCCATAGTGACAAGGA,30,2156114
lpp,1.3076923076923077,28,12,AAAAGTTACCACGGCCCACG,16,2158062
lpp,2.6666666666666665,42,11,TTTTACCTCAAGTGATCCCC,31,2157204
lpp,0.25,13,11,TTTGCTAGAGCCAATTTTAC,2,2158442
lpp,1.4166666666666667,27,11,TTGACCAGTGTCTCATCCAT,16,2157210
lpp,1.8333333333333333,32,11,TTCCACAGTCGTGCCGTGAA,21,2157892
lpp,2.0,34,11,TGTAGTGTGATTGGTTGCTC,23,2156671
lpp,3.1666666666666665,48,11,TGGTTTCCGCTTGCCTAGAA,37,2153725
lpp,2.0833333333333335,35,11,TGCAGCCAAGAAGTAGGGTG,24,2159578
lpp,3.3333333333333335,50,11,TGAGTGCCTTACTCAGCAGG,39,2161876
lpp,3.0833333333333335,47,11,TCTCTCGACAGTATGCGCCA,36,2157905
lpp,5.583333333333333,77,11,TCGGGGTAATGCGGACAGTA,66,2159170
lpp,3.9166666666666665,57,11,TCCTTAGTGAGCGCATGAAT,46,2161581
lpp,11.333333333333334,146,11,TCCGTGGCGTCAGTTTCACC,135,2161459
lpp,6.166666666666667,84,11,TCATGTTGTCCCTACATCAG,73,2158903
lpp,43.666666666666664,534,11,TCATCTTATTTGCCATTTTG,523,2153943
lpp,0.75,19,11,TATATTACATCTATGCGTTC,8,2156023
lpp,7.0,94,11,TATAGCTGCTGGGGAGAGAA,83,2152766
lpp,1.25,25,11,GTGGCATGGTGAAACGTCCA,14,2153163
lpp,18.083333333333332,227,11,GTATTTACCACGAACAGGGG,216,2156218
lpp,3.25,49,11,GTATTCACAATAACTAGATG,38,2154710
lpp,4.75,67,11,GTAATGGGTTTGCTGTAACT,56,2161443
lpp,1.6666666666666667,30,11,GTAAAATGATGCCAAGGTTG,19,2156533
lpp,8.666666666666666,114,11,GGGCCTCAGGTCAAGTGAGT,103,2155492
lpp,2.8333333333333335,44,11,GGCCCTCGTTGGTATGCGCA,33,2161807
lpp,0.5,16,11,GGATGTGCCAAACCTGCCGT,5,2154127
lpp,7.333333333333333,98,11,GCTACGGTGCCTTAGTAATA,87,2154819
lpp,0.4166666666666667,15,11,GCGGAAACATCGGGGGGGGA,4,2158146
lpp,1.9166666666666667,33,11,GAGAGTCACCGGTCTCCCAT,22,2156342
lpp,0.25,13,11,GACATGACAATATGGCTAGT,2,2157185
lpp,2.0,34,11,CTGTTACGGGAACGGCACAA,23,2153270
lpp,0.16666666666666666,12,11,CGGCGGGACCTATTTGGACT,1,2157614
lpp,0.3333333333333333,14,11,CGGCCTCGCCGTCATGCGCC,3,2153006
lpp,0.6666666666666666,18,11,CGGAAGTACCGAGGCTCTAG,7,2154033
lpp,3.1666666666666665,48,11,CGCAGTCTTTGTTCCGTGCA,37,2154829
lpp,1.6666666666666667,30,11,CGATATAGTAGGCCACTCGG,19,2161276
lpp,4.083333333333333,59,11,CCTTAGCTTGGCCTACCGCT,48,2152929
lpp,0.6666666666666666,18,11,CCTCCCGGCTACACGCTTTT,7,2152650
lpp,3.4166666666666665,51,11,CCGTCACGTCCCAGAAGCAC,40,2153441
lpp,2.1666666666666665,36,11,CCGGGACATCGTGCGTGGAT,25,2153653
lpp,36.333333333333336,446,11,CCGAGAAGGCTACTACACCT,435,2153656
lpp,2.8333333333333335,44,11,CCCATCATAACGGTATTCAA,33,2158480
lpp,0.9166666666666666,21,11,CCCATACGAGTTGAGACCTT,10,2161585
lpp,9.833333333333334,128,11,CAGCGTGAAAAGGGAGACAT,117,2155227
lpp,1.25,25,11,CACACTACAAGTTGCTAGAA,14,2155220
lpp,2.6666666666666665,42,11,CAACGGTCGATAACTATACT,31,2153690
lpp,1.25,25,11,ATTGCCTAACCCAAGGCACT,14,2154912
lpp,0.3333333333333333,14,11,ATTCCGGTAGCGAGGTCGAA,3,2161854
lpp,0.16666666666666666,12,11,ATCGTATGCAGCATTGGTTG,1,2153282
lpp,4.5,64,11,ATATTCTTAGCATCAATTCT,53,2158825
lpp,3.3333333333333335,50,11,AGGGGACGACGCTGCAACGG,39,2160270
lpp,0.5,16,11,AGAGAGCGAGGGAGCGTTCA,5,2158572
lpp,0.75,19,11,AGAAGCATGATCAGCCTCTA,8,2152951
lpp,1.5833333333333333,29,11,ACGGACGTATAATAATTCAT,18,2152759
lpp,4.25,61,11,ACCAGCCTGGCATAATGTAA,50,2155156
lpp,2.3333333333333335,38,11,ACAAGTTAGCAATCTTACCT,27,2162042
lpp,1.25,25,11,AATGCCTCCATGTTGTCCTA,14,2153493
lpp,0.16666666666666666,12,11,AAGTATTATTGCCCCAGTTC,1,2153666
lpp,5.0,70,11,AAACCATGTCATGGTTTAGT,59,2162172
lpp,0.18181818181818182,11,10,TTACTCCTTGAGGCGAGTTC,1,2154201
lpp,0.7272727272727273,17,10,TGGTCATACAATTGTCACAA,7,2161561
lpp,0.18181818181818182,11,10,TGGGACCGCGTAAATAGCAT,1,2152647
lpp,4.090909090909091,54,10,TGACCAGAGCACGATCCCAA,44,2155339
lpp,0.18181818181818182,11,10,TGAATCCAAATCAGCCCGAC,1,2155770
lpp,0.9090909090909091,19,10,TAGGGGCAGTAACAAGATCA,9,2161539
lpp,1.0,20,10,TACTCTTCAAAATTAGCGGC,10,2154722
lpp,2.1818181818181817,33,10,TAAGCTTTTGCCCGCCAACG,23,2155149
lpp,2.4545454545454546,36,10,TAAGCGAGAAATATAGAGCT,26,2157186
lpp,0.6363636363636364,16,10,GTGGCTATCCCCGAAACTCA,6,2154916
lpp,2.727272727272727,39,10,GTGATTCGGCCTCCAACTAA,29,2153309
lpp,2.272727272727273,34,10,GTCTAGGTTTTCTGGCTGCT,24,2153567
lpp,4.090909090909091,54,10,GTCGAGTAATTCCAGACATC,44,2155296
lpp,1.1818181818181819,22,10,GTCATCACTAATTCAAGGAT,12,2157807
lpp,3.5454545454545454,48,10,GGTACCGTAGGACACGATCT,38,2153254
lpp,1.5454545454545454,26,10,GGCGAACATTAAAGTGATCT,16,2153431
lpp,0.8181818181818182,18,10,GGATTTGCGATTTCACTTTG,8,2158068
lpp,2.5454545454545454,37,10,GGATCCTAGTCTCGCTAGGC,27,2159009
lpp,7.454545454545454,91,10,GCATACCTCACTTTTGAACG,81,2159749
lpp,0.7272727272727273,17,10,GATTTCACTATGAGGTTACT,7,2158439
lpp,0.6363636363636364,16,10,GATGTTATTGTAGCGTTGGT,6,2159790
lpp,2.272727272727273,34,10,GATAATCGGTTGCAAAATTG,24,2160470
lpp,4.363636363636363,57,10,GAGGTTGTTAGTCATGGATT,47,2157539
lpp,0.6363636363636364,16,10,GACTCGAGATTGGCATGTAG,6,2159299
lpp,1.3636363636363635,24,10,GACCACCGGCAAAGGATCGT,14,2159368
lpp,2.1818181818181817,33,10,CTTCTTTTGAAGGTTACGAA,23,2158581
lpp,3.0,42,10,CTGCGCTCTCGTCATGTGTC,32,2155148
lpp,3.727272727272727,50,10,CTCGTTGATCCCCCCCGGGT,40,2159031
lpp,1.4545454545454546,25,10,CTCCTATCCGATTGCGCGAC,15,2153900
lpp,1.0909090909090908,21,10,CTATTCTGTAGATGTCCGGA,11,2154549
lpp,0.18181818181818182,11,10,CTATAGGCTCTACTAAAAAT,1,2156302
lpp,3.8181818181818183,51,10,CTAACTTGGTCTTGGACCCT,41,2155129
lpp,1.9090909090909092,30,10,CGTTTTCCCGTCAGTTCGTG,20,2153225
lpp,0.5454545454545454,15,10,CGTACCTCCTGTCACAGACG,5,2156543
lpp,2.4545454545454546,36,10,CGGTCTATCCATTCGATTAA,26,2153735
lpp,4.818181818181818,62,10,CGGGCTAGTAGGTCCCTAAA,52,2158754
lpp,0.36363636363636365,13,10,CGATTATGTCCAGTGAGGCA,3,2155718
lpp,1.6363636363636365,27,10,CCTGCCTTGGCTCAAGAGCG,17,2156789
lpp,0.18181818181818182,11,10,CCGATTTACCAACATGCCAC,1,2155871
lpp,8.454545454545455,102,10,CATGTGGCCCACTGGGGAAT,92,2160412
lpp,2.8181818181818183,40,10,CATACACGTTCACGAAATCC,30,2157324
lpp,66.9090909090909,745,10,CAGACAGTTCACGGGGCAGG,735,2154350
lpp,2.3636363636363638,35,10,ATTATTATGTGACGCGTTTT,25,2159483
lpp,0.18181818181818182,11,10,ATCGGCTTGGATTCACGCCT,1,2156791
lpp,5.0,64,10,ATAAATGGGCGTTCCTGGGG,54,2154537
lpp,1.0,20,10,AGTGGTGATGAGTCTCAACG,10,2156434
lpp,25.90909090909091,294,10,AGTGACTTGTCACCTGTAGC,284,2156653
lpp,1.6363636363636365,27,10,AGCGTGGACCCGGCGAAGGT,17,2156354
lpp,0.2727272727272727,12,10,AGAATTATCGACTTAACGGT,2,2153886
lpp,3.272727272727273,45,10,AGAAGCCGCATGTCGATTTA,35,2153560
lpp,0.18181818181818182,11,10,ACCGGGCAGGTAATGCGGGG,1,2158214
lpp,0.18181818181818182,11,10,ACATTGTTGCGGCGGTTGAG,1,2154092
lpp,1.8181818181818181,29,10,ACATGTATGTTCCACATTGG,19,2154928
lpp,1.0909090909090908,21,10,ACACCCGCTCTGAGTTGAGT,11,2161230
lpp,2.1818181818181817,33,10,AATCAACACTGCAAGGATGA,23,2162309
lpp,1.0909090909090908,21,10,AAGTGATTTCGACAAGGTTG,11,2154694
lpp,0.36363636363636365,13,10,AAGATGGCCACCCGGGTAGA,3,2153555
lpp,4.7272727272727275,61,10,AAGAGACGATGCACCTGTGT,51,2161464
lpp,6.0,75,10,AAATCCCCAGTGGATACGTG,65,2155109
lpp,3.272727272727273,45,10,AAAACTCGTGGCACTCGCAT,35,2153826
lpp,1.6,24,9,TTTCGGTGTCAGTACAGGAA,15,2160505
lpp,2.7,35,9,TTTATCCTTGAACACATGGA,26,2152848
lpp,1.2,20,9,TTCCGTTTCTATAATTGCAG,11,2162080
lpp,0.2,10,9,TTCCAAATTAGTGGGGGATC,1,2153153
lpp,1.0,18,9,TTCATTTGCAAGTTAGTTAG,9,2156142
lpp,5.7,65,9,TGTGTGGCATCGATACCAAA,56,2156375
lpp,1.8,26,9,TGGGGTAAGCAGACAACTAG,17,2159775
lpp,5.2,60,9,TGGATTTTGACCTGCTGGTT,51,2153164
lpp,0.2,10,9,TGCTTCGGCGTCTGGAATCC,1,2155673
lpp,2.9,37,9,TGCTCTAAGAATCGGGCTCG,28,2156458
lpp,0.2,10,9,TGCTCGTGGCAAGACCGGCA,1,2158481
lpp,1.0,18,9,TCTGCCAATATCTGTAGCCC,9,2155649
lpp,3.2,40,9,TCTAATTTCTGGGTTAAGGC,31,2158266
lpp,3.3,41,9,TCGTAGAGATCCCGGTTCTG,32,2155536
lpp,4.8,56,9,TCCTTTGTCGTAGACCCTGC,47,2155436
lpp,0.9,17,9,TATCTCTTTGTCCGTTGGGT,8,2159343
lpp,2.3,31,9,TAGACGTAAGGTAAAGGAAA,22,2160964
lpp,12.9,137,9,TACTCATTGTAACCCCGAAC,128,2155494
lpp,2.0,28,9,TACATACTCTGAAGCTTGAC,19,2157166
lpp,6.8,76,9,GTTACTATTATTAGCTATGT,67,2156377
lpp,1.3,21,9,GTTAAGTGGCAGAAATGTGT,12,2158270
lpp,0.4,12,9,GTGCTCACACAAGGGTGGAG,3,2153688
lpp,1.3,21,9,GTGCGCAATCGCAGGTTTTA,12,2159609
lpp,7.4,82,9,GTCTAGTTTGAAAGACGTTA,73,2155387
lpp,1.7,25,9,GTCGTAAAGAGGAAGGTGTC,16,2161308
lpp,6.0,68,9,GTAGGTTTACGAGGTCTAGT,59,2156121
lpp,5.2,60,9,GGTCGTAGGGCAGATAAAAA,51,2157938
lpp,2.4,32,9,GGCGGCGGCTTGGTCTTCGG,23,2156272
lpp,6.5,73,9,GGCCGCCGAACATGGTGAGA,64,2156221
lpp,7.1,79,9,GCGCTTTCTAAGGTACGTGG,70,2155228
lpp,1.5,23,9,GCGATATGAGGCGATCACGA,14,2153265
lpp,2.3,31,9,GCCAACATAAAGGATGAATC,22,2154238
lpp,7.1,79,9,GCAGGTCCAGCTGTCTCCAA,70,2154476
lpp,1.2,20,9,GCACATTTGCGCCTCAAGTA,11,2158525
lpp,16.8,176,9,GAATTTTTCGTCTGCTCCCG,167,2159035
lpp,4.2,50,9,GAAGGCATCCACGCAGGTAG,41,2154798
lpp,12.3,131,9,CTTCTAACGATAAGTTCGCA,122,2155247
lpp,13.4,142,9,CTTCAGACGGATTGCAGCTA,133,2158176
lpp,0.9,17,9,CTTAGAAATCGTCGCACAAT,8,2155761
lpp,0.2,10,9,CTGCGGATCGTATTGCGGAG,1,2156605
lpp,2.1,29,9,CTCTGGGAGGGAAAATCAAG,20,2159828
lpp,3.4,42,9,CTCCTAGAGAGTGTTCATGT,33,2153978
lpp,1.3,21,9,CTCCAAATGCTCACCCCTAT,12,2153144
lpp,4.2,50,9,CGTGCCAAGTGGGTGGGAAG,41,2154026
lpp,4.2,50,9,CGTAGCACAGACTCCCGCTC,41,2161593
lpp,1.3,21,9,CGCATTCCAGAGCCTCTGGG,12,2159037
lpp,6.9,77,9,CGCAGATCAACCACTAGCTC,68,2160572
lpp,0.2,10,9,CCTTACAGATGGGCGAAACG,1,2161253
lpp,2.0,28,9,CCTCGCTTGTCTCAGTGAGA,19,2156805
lpp,3.5,43,9,CCGGTCCTTCAACTCGTGCA,34,2154733
lpp,13.0,138,9,CCGCAAGCATGGCACGACTT,129,2160330
lpp,2.2,30,9,CCGACATCGTCACGTAGTTT,21,2156308
lpp,0.2,10,9,CCCTTACTGTGAAATATTCT,1,2153739
lpp,1.3,21,9,CCAATGAAAGTCCTCGAGAC,12,2157261
lpp,3.0,38,9,CAGTGAACGGCCAACCATGT,29,2156245
lpp,0.5,13,9,CAAAAATCTCAGGGATGACA,4,2160879
lpp,1.4,22,9,ATGCCGCACTATTTTAGGGA,13,2153918
lpp,1.3,21,9,AGTTGTAAAGCGGGTCATGA,12,2161729
lpp,0.8,16,9,AGGCGCACTCGGGATAGCAA,7,2157277
lpp,0.5,13,9,AGCGACTGCGCAGAACGCCT,4,2159861
lpp,0.2,10,9,AGCAGAAATATTACGGTAAG,1,2155741
lpp,0.3,11,9,AGATTCCTGCGGCTCCTAGC,2,2161187
lpp,2.1,29,9,AGACCAGGAACGAGCGCCCA,20,2156303
lpp,3.0,38,9,ACTTCATTACGGAACCGCGA,29,2161594
lpp,3.2,40,9,ACGACGTCACCTTGATCACT,31,2158001
lpp,0.9,17,9,ACCGGCCCTCCAGGTATAGT,8,2161610
lpp,3.8,46,9,AATCAAGCTTGCCGGGCAGA,37,2155457
lpp,0.7,15,9,AAGAGGCACCGCCTGACCGT,6,2152867
lpp,1.6,24,9,AACAGGATGCCCTGCGTGTC,15,2157636
lpp,4.6,54,9,AAATCGGTTGGTGGTCGCTG,45,2158681
lpp,0.7777777777777778,14,8,TTTTTTCGATTAGAATGTCC,6,2158199
lpp,32.55555555555556,300,8,TTCTTGGGGGCTTGGTAGTT,292,2157935
lpp,2.3333333333333335,28,8,TTCCCGGAGAAAGACCCAGT,20,2155435
lpp,0.2222222222222222,9,8,TTAGACATCTAGCAAATCAC,1,2160062
lpp,15.777777777777779,149,8,TTACTTAAGGGGTTGCCTCA,141,2160611
lpp,1.0,16,8,TGCTTTACATGATTACCCTA,8,2154263
lpp,3.3333333333333335,37,8,TGCGCACAGCTCCCATTGTA,29,2156832
lpp,9.0,88,8,TGCCGTAATTATTTTGTGAA,80,2161646
lpp,0.3333333333333333,10,8,TGCCACTAATAGAGAACTCA,2,2154511
lpp,9.88888888888889,96,8,TCCTGTGTCGCCACGGAAAG,88,2154742
lpp,2.4444444444444446,29,8,TCCTATCCGGGATCAGAATC,21,2156704
lpp,4.222222222222222,45,8,TATAACGTTAGTTTAAATGC,37,2155235
lpp,2.4444444444444446,29,8,TAGCTTGGCGCAGAGTACCA,21,2153317
lpp,1.3333333333333333,19,8,TAATGGGCGCCGTAAATAGT,11,2156581
lpp,7.444444444444445,74,8,TAAGGGGAGTTTCGTTAAAT,66,2160109
lpp,3.4444444444444446,38,8,TAAAAGGCGGTGGAGTTCTA,30,2156548
lpp,1.0,16,8,TAAAACAGGCCCCGGTCTTC,8,2154301
lpp,4.222222222222222,45,8,GTGTCCTGCGGTCTGGGCGC,37,2153620
lpp,0.5555555555555556,12,8,GTGCATACCGACTACAGCAT,4,2156339
lpp,1.8888888888888888,24,8,GTCAAGCAAAATGACGGTGT,16,2159961
lpp,0.4444444444444444,11,8,GGTGGACCGGACGGCGGATA,3,2155850
lpp,2.0,25,8,GGGGTCCATGGTCAGGCTAA,17,2153049
lpp,0.5555555555555556,12,8,GGGCGGATGTAGAGGGTTGT,4,2161085
lpp,14.333333333333334,136,8,GGGCAGCCAACCCGCCAAAA,128,2154826
lpp,1.2222222222222223,18,8,GGCGATGCTGGCTGAAGGGG,10,2156274
lpp,0.6666666666666666,13,8,GGCAGTTCAACAACTCCTGT,5,2152703
lpp,0.7777777777777778,14,8,GGATGGCGTTTAGGTGTGGC,6,2157104
lpp,20.88888888888889,195,8,GCTTCTTTCGAGGAAGGCCC,187,2156454
lpp,1.1111111111111112,17,8,GCTCGTACTGTACGTCAAGC,9,2156475
lpp,4.666666666666667,49,8,GCGGAGACAAGGATCAGCTT,41,2158209
lpp,1.7777777777777777,23,8,GCGCGCTGTCAAGTTGAAAG,15,2155153
lpp,2.0,25,8,GCGATTGTTTGGTGGACCGA,17,2157488
lpp,1.5555555555555556,21,8,GCCTTGGCGTAACGGCCTCT,13,2155804
lpp,2.3333333333333335,28,8,GCCTCCTGGAACCGCGATTG,20,2154574
lpp,5.333333333333333,55,8,GCCGGGACTAAATCACAGTC,47,2155250
lpp,20.88888888888889,195,8,GCAGGACTAACGACGCCCTC,187,2161015
lpp,4.222222222222222,45,8,GCAGCCTTCATCGAGGGTCC,37,2158564
lpp,37.0,340,8,GCACTTCTTTCGATAGCTAG,332,2154018
lpp,3.888888888888889,42,8,GACTTGTTGTAGCAGGGGCA,34,2161020
lpp,0.7777777777777778,14,8,CTTAATGGATGCCGTCCAAA,6,2159737
lpp,26.555555555555557,246,8,CTGATTTGGCATCTCCCCGC,238,2160388
lpp,1.5555555555555556,21,8,CTACAGTATTAAAGGTGGCC,13,2157039
lpp,0.2222222222222222,9,8,CGGCGTAACTCAGGTCGGAG,1,2154294
lpp,14.777777777777779,140,8,CGGCGGCAAAGGACAGAAGT,132,2158763
lpp,1.5555555555555556,21,8,CGGCGACGTACAGTAGATTC,13,2153611
lpp,0.8888888888888888,15,8,CGGAACCGGGGTTGCGTGAA,7,2162196
lpp,1.3333333333333333,19,8,CGAGGTCGCCAACAGAGCTG,11,2162104
lpp,0.4444444444444444,11,8,CCTTGGATGTGCGAGAGTGA,3,2157452
lpp,2.111111111111111,26,8,CCCCTTCTTGTGATCTAGGT,18,2153873
lpp,1.8888888888888888,24,8,CCCAGTACAAGCGGGCTGGC,16,2158980
lpp,4.0,43,8,CCAATTTGTTATCTAATACT,35,2160817
lpp,3.111111111111111,35,8,CATTTGTAGTAAAAAGTGCA,27,2154320
lpp,3.2222222222222223,36,8,CATCCTTCGTATTAGTAGAC,28,2155320
lpp,0.2222222222222222,9,8,CACAAAGACCTGAGTCGCAG,1,2157976
lpp,11.333333333333334,109,8,ATTTGCGGGCTTGGGCATCT,101,2158396
lpp,4.777777777777778,50,8,ATTGCTCGCTGGTGAGCAGA,42,2157041
lpp,3.4444444444444446,38,8,ATTCTCAGACAATATGCCAG,30,2160211
lpp,3.6666666666666665,40,8,ATTCCCATCGGCAGTTGCAG,32,2157438
lpp,1.6666666666666667,22,8,ATCGCACGGTCGTCGGTGTT,14,2152774
lpp,7.222222222222222,72,8,ATATCCGGACTATAAAACGT,64,2155779
lpp,3.0,34,8,AGTCTTCGGGAGCTGTTGAT,26,2152946
lpp,10.333333333333334,100,8,AGGTGTGATGCGCGTGGAGA,92,2152788
lpp,11.666666666666666,112,8,AGGGGAATTGGCTGGAATTA,104,2162257
lpp,1.5555555555555556,21,8,AGGATTCTTGCAGCGATGTA,13,2160843
lpp,1.2222222222222223,18,8,AGCCCAAACCTGAACGAGAC,10,2153517
lpp,6.777777777777778,68,8,AGCAGGAGGCGTGTCGTAGG,60,2154323
lpp,10.777777777777779,104,8,AGATAAGTGGTTCCAGAAAT,96,2156994
lpp,5.777777777777778,59,8,ACGCTGCCATGGTCAATGCA,51,2161871
lpp,15.0,142,8,ACCTCGTCCCGGCAACAGTA,134,2154034
lpp,2.4444444444444446,29,8,AATTAACGCCGTGGCAATAT,21,2157475
lpp,0.2222222222222222,9,8,AAGGTCTGTACGGACTATAA,1,2154258
lpp,3.3333333333333335,37,8,AAGATGGTCGGCGTGATCAT,29,2160927
lpp,1.7777777777777777,23,8,AACCGGCTCCACCGGTGTCG,15,2152737
lpp,0.8888888888888888,15,8,AACAGTATTGGGCTAGAAAT,7,2158478
lpp,18.625,155,7,TTTGCGTAATACCGGGGAAT,148,2158644
lpp,0.5,10,7,TTTGCGACTTCGACGAGGCT,3,2160569
lpp,3.875,37,7,TTTGATTGTAACTCCGCGTA,30,2154932
lpp,8.125,71,7,TTGTCTGAGCATACCTAACG,64,2160198
lpp,25.375,209,7,TTCTCTCGATGGTCAGCCAC,202,2156082
lpp,1.625,19,7,TTATACAGGTGAGAGAGGGT,12,2156616
lpp,3.375,33,7,TGGGTATCGGGTTTGAGACT,26,2157804
lpp,21.375,177,7,TGGGGGGGCGCAGCACGACA,170,2155006
lpp,12.0,102,7,TGGCGATGGTAACGGCTAGG,95,2154356
lpp,1.375,17,7,TGACTCCGTATGCGTTAGTT,10,2160307
lpp,4.5,42,7,TCTCGCCATAGCACTAGGCA,35,2158717
lpp,4.375,41,7,TCGCTGAAATTAGGCCTTCA,34,2158912
lpp,8.125,71,7,TCATATACCAGTTTTTTGTA,64,2158458
lpp,0.25,8,7,TCAGTTGCAGATTAGCCGGC,1,2153908
lpp,1.375,17,7,TCAGGTACGCCCGCAATCTC,10,2159664
lpp,7.5,66,7,TCACAGATGGTGTTGGCCAG,59,2156870
lpp,4.5,42,7,TATTGTACCCGTTGAGAATG,35,2161516
lpp,3.5,34,7,TATTAAGTTGGAGGGGCAAT,27,2155674
lpp,0.875,13,7,TATGCCGTATTCCGATTGGT,6,2155541
lpp,1.0,14,7,TACTTTTCCTGCGTACCGTC,7,2159711
lpp,8.0,70,7,TACCAAGGCGGACCCTAGTG,63,2161306
lpp,1.25,16,7,GTTAGTGGCAAATACGTGGT,9,2161293
lpp,5.375,49,7,GTTAGCATCACTGAGAGATA,42,2160131
lpp,0.625,11,7,GTTACATTCCACGGGGTCTG,4,2160046
lpp,4.625,43,7,GTGTAACGTGTGGTTGCCTT,36,2158549
lpp,0.625,11,7,GTGCGGCTTACGTGTCCATT,4,2157262
lpp,1.25,16,7,GTCAAGATGTAGTGATCGGG,9,2160022
lpp,1.625,19,7,GTAGACTTCGCGCCCTGCAG,12,2157667
lpp,1.25,16,7,GGTTAGCTAGTTTGCTAGGG,9,2155558
lpp,9.875,85,7,GGTAAGAGATGTAGATATTG,78,2161855
lpp,2.375,25,7,GGGGTACCCATCGATGGGTA,18,2158593
lpp,0.25,8,7,GGGCCATACCATTACGTGGT,1,2155973
lpp,2.875,29,7,GGAAGAGGATTGTTATCCAT,22,2156515
lpp,3.25,32,7,GCGAGGCAGCCCAGATGCCA,25,2160878
lpp,28.125,231,7,GCAAACAGGTCTTTATGCGC,224,2157690
lpp,0.25,8,7,GAGGACGCTTATGTTGGTTG,1,2152773
lpp,6.0,54,7,GAGCAGCGGTTCAGTATTAT,47,2156213
lpp,1.25,16,7,GACACTCGTGTGTCAACCGC,9,2154757
lpp,1.75,20,7,CTTTTTTATATCACTGCATT,13,2154571
lpp,4.0,38,7,CTTAGTAACGCGCGGCGGGG,31,2160049
lpp,0.25,8,7,CTGTGTTGCCACGAATCACG,1,2157117
lpp,1.625,19,7,CTGTGCCTAGGAATTCGGAC,12,2159069
lpp,0.25,8,7,CTGTCCTGGCCGCGAAAGTT,1,2155261
lpp,2.25,24,7,CTGAGACAACCGTAAACGTC,17,2158281
lpp,0.25,8,7,CGTCCACGGTACTTACGGAA,1,2158815
lpp,1.75,20,7,CGGCGGGTAACGTCGGCGGG,13,2158630
lpp,4.375,41,7,CGGAAGGCCACTGCGCCCAA,34,2157021
lpp,8.75,76,7,CGCTACGGCAAAGATTAAAT,69,2156566
lpp,8.875,77,7,CGCCTTCCGGGACGGGGCTG,70,2156425
lpp,0.25,8,7,CGAGGTTAGCAACAGTTAAG,1,2155820
lpp,4.75,44,7,CGACTGAGGACCGAGGTGGG,37,2155279
lpp,1.0,14,7,CATTTAAGTGTTGGCGGCAA,7,2154468
lpp,1.625,19,7,CATGGGCGGAGTTCTTAACC,12,2155447
lpp,15.25,128,7,CATACCTGGGCTAGGACTTG,121,2157608
lpp,8.25,72,7,CAGGGTTCACTGGGGCTCGC,65,2159129
lpp,5.375,49,7,CAGATGATCGCGACCCATGA,42,2153559
lpp,1.125,15,7,CAATTTTCAGAATACGAAGT,8,2153770
lpp,0.25,8,7,CAATCGAAGTGTTCATCGGA,1,2160058
lpp,1.875,21,7,ATCTTCCGTAAGTTTGGAGC,14,2161641
lpp,1.625,19,7,ATCTGGCAGTCACCCCCGGG,12,2157357
lpp,7.25,64,7,ATATTGAGCAATTCCATCAA,57,2161831
lpp,0.25,8,7,AGGTGACAGATTCAATAGGG,1,2156013
lpp,3.0,30,7,AGCATCATGTGAGTCGAGCA,23,2157655
lpp,2.5,26,7,ACCGGCGATGTACTGCGATC,19,2155140
lpp,1.75,20,7,ACATTATCGATAGCCCGAGG,13,2157380
lpp,0.875,13,7,AAGAAGGTTGTGAGCGCCGA,6,2155883
lpp,0.75,12,7,AAGAACTCTTGACACGTTCG,5,2157309
lpp,4.25,40,7,AACGTTGACCCAAGGGTTGG,33,2157537
lpp,5.0,46,7,AAATTAGAGTCGCTGACCGT,39,2159203
lpp,5.125,47,7,AAACTGGCTCCGGCGGTCAA,40,2154708
lpp,2.125,23,7,AAAACCTACCAGTCCGTGCT,16,2156617
lpp,52.714285714285715,374,6,TTTAGTACAGGCCCTAAGAT,368,2154646
lpp,4.142857142857143,34,6,TTGTGCTTGCCAAAGATTCC,28,2158127
lpp,1.5714285714285714,16,6,TTGTATGCAAACGACCTGTC,10,2158397
lpp,2.5714285714285716,23,6,TTCGCCTTTAGTGGAGGTTG,17,2156247
lpp,0.2857142857142857,7,6,TTATTGGAGATTCGGCGATT,1,2157592
lpp,10.142857142857142,76,6,TTATGGACCTTAGTATTTGT,70,2162094
lpp,5.714285714285714,45,6,TTATCGGAAATTCGGATTGC,39,2158631
lpp,25.428571428571427,183,6,TGTGGAATCGAGCTACATGA,177,2158023
lpp,4.857142857142857,39,6,TGGCGTGCAATTCACGGACA,33,2153487
lpp,8.428571428571429,64,6,TGCTTCCTTTGCATCTGCTT,58,2155913
lpp,0.8571428571428571,11,6,TGCGGATCGAAGGGCAGCCT,5,2162029
lpp,2.142857142857143,20,6,TGCAGCCACGGGAAGCCGCT,14,2160192
lpp,2.2857142857142856,21,6,TGCAACTTCAAATGGGCAAC,15,2159556
lpp,0.7142857142857143,10,6,TCTATCACCACTTCTGCCCT,4,2155805
lpp,3.0,26,6,TCGCACTCGGCCCAGAGATC,20,2159490
lpp,6.142857142857143,48,6,TATGCTCGCCTATCATCTCA,42,2161591
lpp,0.2857142857142857,7,6,TAGGCCCGAGATCTATACTG,1,2154259
lpp,0.2857142857142857,7,6,TAACGCTCAATTGCGAAGGC,1,2153806
lpp,1.4285714285714286,15,6,TAAACGTCCACAGGCTTTAT,9,2155831
lpp,5.0,40,6,GTTGTCACGTCCACGCTCCT,34,2159913
lpp,3.5714285714285716,30,6,GTGAACGGGGCTTGCGCGTT,24,2154404
lpp,1.0,12,6,GTATACTATGGATGATTGCG,6,2154457
lpp,3.2857142857142856,28,6,GGTTAGTTAATTGACAGGAT,22,2154429
lpp,30.571428571428573,219,6,GGCGTGATCCACGTTGGATT,213,2156651
lpp,3.7142857142857144,31,6,GGCCGGGTGAGAACTGGAAC,25,2153630
lpp,2.5714285714285716,23,6,GGCCGCCCGTCAGCTCTTTC,17,2154088
lpp,19.142857142857142,139,6,GGACTAAGAAAAGCTTACTC,133,2159183
lpp,1.2857142857142858,14,6,GCCGCTGCTGGGGGAATCAT,8,2154895
lpp,9.0,68,6,GCCGACGAGAGTTATGGTTG,62,2154400
lpp,7.571428571428571,58,6,GCCATCAGTGTCTTATCGAC,52,2158961
lpp,3.857142857142857,32,6,CTTCCTCTTGCCTGGCGGCT,26,2158342
lpp,4.714285714285714,38,6,CGTACGGACATCATAGGAAG,32,2155380
lpp,1.7142857142857142,17,6,CGGGTGACTCCGTAAATCTA,11,2153643
lpp,11.285714285714286,84,6,CGGGATTAGCTCTACCCTAT,78,2156809
lpp,5.285714285714286,42,6,CGGCTTAGCATCCGCCCCTC,36,2154546
lpp,3.7142857142857144,31,6,CGGCTACGCGTCATTACGAT,25,2159224
lpp,4.857142857142857,39,6,CGAGGGTAATAGGGACATTA,33,2153479
lpp,1.1428571428571428,13,6,CGAAATTGGGTAATAACCCC,7,2159718
lpp,2.7142857142857144,24,6,CCTTAGAAATCATGCGGAAC,18,2158198
lpp,1.7142857142857142,17,6,CCGTACCAGGTCAGATGCAG,11,2159740
lpp,0.2857142857142857,7,6,CCGGGTAGCAACCTCTAGGG,1,2160053
lpp,1.1428571428571428,13,6,CCGCGCGGACTAAGGCGAGA,7,2162232
lpp,0.2857142857142857,7,6,CCGATATTTATTCGGAATTA,1,2158197
lpp,14.857142857142858,109,6,CCCTAAGTCGTTTAGATTGT,103,2156520
lpp,2.2857142857142856,21,6,CCCCGGATCTTGATGCAAAA,15,2159505
lpp,4.142857142857143,34,6,CATCCCGGTTGCCGCGGGTC,28,2158292
lpp,73.0,516,6,CAGGGCGTCAGGTCGGGATG,510,2158760
lpp,0.2857142857142857,7,6,CAGAGTCGTTGGGAATCGGT,1,2155190
lpp,2.4285714285714284,22,6,CACAGACAGTCGGGAGCTCT,16,2160526
lpp,0.2857142857142857,7,6,CAACTCTGAAAATGCCCGTA,1,2162325
lpp,1.5714285714285714,16,6,ATTGGGAGGGTTCCATAACG,10,2152931
lpp,39.42857142857143,281,6,ATGGCAGAAGAGAAGCGGTT,275,2155582
lpp,8.714285714285714,66,6,ATGGAAGATCATCCACGCTA,60,2154804
lpp,5.857142857142857,46,6,AGGTATTCGTGAGGTGAATT,40,2158829
lpp,0.5714285714285714,9,6,AGGATATTCGTCCAGCTTGA,3,2158048
lpp,3.142857142857143,27,6,AGCTCCCCGGCGTATCGAGT,21,2155817
lpp,0.2857142857142857,7,6,AGCGTTTCATGACGAGTCTA,1,2155790
lpp,4.571428571428571,37,6,AGATTTACCTGTATTCACAC,31,2161791
lpp,4.428571428571429,36,6,AGAGGCAAAGTGCAGTGACG,30,2159179
lpp,1.0,12,6,ACGGCGGTTTAGGTTCACCG,6,2153411
lpp,5.571428571428571,44,6,AATTTCTGATCCTGCTTGCT,38,2157448
lpp,4.0,33,6,AATATTTAGATGAAGAGGGC,27,2154439
lpp,0.8571428571428571,11,6,AAGGCATGAGTGTCTCCGAT,5,2152859
lpp,8.833333333333334,57,5,TTTGCAGTTTCGGAATTCGA,52,2159213
lpp,0.5,7,5,TTTCTCCATATGCTTAAACT,2,2160434
lpp,4.666666666666667,32,5,TTTCGGGTGATGCGAAACGA,27,2158055
lpp,8.5,55,5,TTGCAAATCTGGTGTCCGTA,50,2158580
lpp,1.6666666666666667,14,5,TTCGATTTACACGTGATTCT,9,2159693
lpp,4.833333333333333,33,5,TTATGGCGAACCGCGGCATT,28,2153168
lpp,4.833333333333333,33,5,TTACGTCGCTAACGGCTGGA,28,2157736
lpp,0.3333333333333333,6,5,TTACAGCGTCGATATTTTAC,1,2159336
lpp,0.8333333333333334,9,5,TGGTCTGTCTATCATGTCCC,4,2159562
lpp,2.0,16,5,TGCTACAGACCACTAAGATA,11,2154203
lpp,9.666666666666666,62,5,TGCGTACTTATAACCCCGTC,57,2157891
lpp,2.0,16,5,TGCACGCGTTCTCGTACGGA,11,2161620
lpp,1.1666666666666667,11,5,TGACTGATCAGCCCTTGCAC,6,2153495
lpp,2.5,19,5,TCTGATCTGTCCCAAGGTCC,14,2154644
lpp,3.1666666666666665,23,5,TCTGACCGTTCCAGGATAAA,18,2157461
lpp,0.6666666666666666,8,5,TCGTTGTCGGCAATGAACCC,3,2155686
lpp,3.3333333333333335,24,5,TCGTCTGTGATAATTAGCTC,19,2155072
lpp,2.8333333333333335,21,5,TCCGGGTTTACACCTAATTG,16,2159149
lpp,2.8333333333333335,21,5,TCCAAGGCTAACAAGCGCCT,16,2152948
lpp,1.0,10,5,TATGGGCATAATTTAGTACA,5,2152866
lpp,2.0,16,5,TAGGATCATTTCTCTGTATT,11,2157132
lpp,13.333333333333334,84,5,TACGCGGGTCGGCCTACTGA,79,2156314
lpp,5.833333333333333,39,5,TACCGATCGGATACGAAGAC,34,2154493
lpp,2.0,16,5,TAATCCGAGTAGTTTGGCTG,11,2155353
lpp,0.6666666666666666,8,5,TAATATTGGGCAAAGTATTG,3,2153853
lpp,3.5,25,5,TAAGCATTCGTTAGCTGTGA,20,2156104
lpp,0.5,7,5,TAAGCACAACCTTAGTTTCG,2,2155641
lpp,2.3333333333333335,18,5,GTTCCGCATGCGAAATTTCT,13,2153118
lpp,0.3333333333333333,6,5,GTTATACAGTTCCCAGCTCC,1,2154170
lpp,16.333333333333332,102,5,GTGATAACATCGTGTTGTCG,97,2153731
lpp,5.666666666666667,38,5,GTCTAGTGCACTTTGTCCCA,33,2154747
lpp,2.3333333333333335,18,5,GTCCAAACGAACTTCCACTT,13,2156119
lpp,1.3333333333333333,12,5,GTAGTGTTAGCGTATGAGTT,7,2156567
lpp,3.1666666666666665,23,5,GGTGAAAGTTAACCGAGCAA,18,2157906
lpp,6.5,43,5,GGTCTAATCGATACGTTCAC,38,2155767
lpp,8.666666666666666,56,5,GGTATCATTCCGATGGCGTT,51,2155118
lpp,0.8333333333333334,9,5,GGTATACGTTCGTTTTCCTA,4,2160197
lpp,2.0,16,5,GGCTTTCCCTCTGCAATGCT,11,2156035
lpp,9.5,61,5,GGCTTCGGCAAGTAGTCGCG,56,2159404
lpp,1.0,10,5,GGCCTTAGGCCCCACGGGTC,5,2160754
lpp,4.333333333333333,30,5,GGACTATTCCGTTAGTCGTG,25,2158803
lpp,6.0,40,5,GGACATAACCCGGGCAGGGG,35,2152960
lpp,0.3333333333333333,6,5,GGAAGCTCAACGAGTCCTCA,1,2154678
lpp,1.6666666666666667,14,5,GCGTTATTCTTATACTCGAC,9,2156650
lpp,0.3333333333333333,6,5,GCGTCTTCATGCGCCCCGTC,1,2156887
lpp,5.833333333333333,39,5,GCCTATTAGCGTGGTAGTCT,34,2161801
lpp,3.5,25,5,GCAACTGTCGGAACATGAAG,20,2159426
lpp,2.1666666666666665,17,5,GATGGGGCTGCCCTCAGAGA,12,2154220
lpp,6.333333333333333,42,5,GATAGGGCGAGCTGGGGGTT,37,2157986
lpp,7.5,49,5,GAGGTCAGAGGGCGTCACGT,44,2157742
lpp,2.5,19,5,GACTGAGTAAATCATCTTAA,14,2159528
lpp,6.5,43,5,GACAGGCCTATGATCGGAAG,38,2157068
lpp,0.3333333333333333,6,5,GAATACTCGGGTGAAGTGAG,1,2154938
lpp,5.5,37,5,GAACTTGAGCTTTAATTGCA,32,2157977
lpp,9.166666666666666,59,5,GAACGCTTTTGGTTTGTCGT,54,2157175
lpp,0.3333333333333333,6,5,GAAACGGTTTCCGAACTCGT,1,2155295
lpp,1.3333333333333333,12,5,CTCTCCTTACAGATCTACGG,7,2153421
lpp,15.333333333333334,96,5,CTCGATCCGGCGCTTTCAGC,91,2159557
lpp,37.0,226,5,CTCATTCGCGTCTTCATGCG,221,2161301
lpp,6.166666666666667,41,5,CTAGCGCGGGTCTGCAAGAG,36,2156674
lpp,7.166666666666667,47,5,CTAACGAATATCGGGGCTAT,42,2160813
lpp,0.5,7,5,CGGACCTACGGAAAAGAGGT,2,2155133
lpp,2.0,16,5,CGACGTTTCCTGGATCTTAG,11,2159838
lpp,13.833333333333334,87,5,CCTTATCGACCGGGGTATAT,82,2161298
lpp,1.1666666666666667,11,5,CCTATCTCCGACGCGGCCCT,6,2161091
lpp,5.166666666666667,35,5,CCATATTATCCAGAAGCACT,30,2155414
lpp,2.6666666666666665,20,5,CCAGCCGTCTGCTTAAAATA,15,2161429
lpp,4.5,31,5,CATTCCTTCACACTCTCTTT,26,2158574
lpp,48.666666666666664,296,5,CATCGGCGCAAAGAAATTGT,291,2154771
lpp,1.6666666666666667,14,5,CAGGAACGTGCGTAGTGACG,9,2154456
lpp,2.0,16,5,CAGAGCACAGACCTTGGCTT,11,2161714
lpp,8.333333333333334,54,5,CACTGTAGAGGCCGTGTAGA,49,2152709
lpp,0.3333333333333333,6,5,CAATCGTGGTCGGCGAGTAA,1,2161140
lpp,4.833333333333333,33,5,ATTTCCGACCACTCCCGAGC,28,2154153
lpp,3.1666666666666665,23,5,ATGAGAGGCTCGGGTTGGCT,18,2157696
lpp,2.3333333333333335,18,5,ATCTGCTATAGGCATCCGTC,13,2157368
lpp,0.6666666666666666,8,5,ATCGTTGTGATATTGCTAGA,3,2159285
lpp,3.5,25,5,AGTTAACAACACCGGATAGT,20,2153310
lpp,0.3333333333333333,6,5,AGTGCAATGATCTCCCCCAA,1,2153842
lpp,16.166666666666668,101,5,AGTCAACAAAGTATACACCT,96,2153754
lpp,18.166666666666668,113,5,AGGTCCGAAAACTTCGCTCT,108,2162199
lpp,2.0,16,5,AGGGGGCGACTCGGTTGATG,11,2160543
lpp,4.0,28,5,AGGCCTTACGACTCGTCGTA,23,2161618
lpp,4.5,31,5,AGGAAAAACGTTCGATCAAA,26,2152778
lpp,9.333333333333334,60,5,AGCTCGTCACGATATCGTTA,55,2155500
lpp,2.8333333333333335,21,5,AGATTTGGCTCAGTCCTCCA,16,2153728
lpp,6.166666666666667,41,5,AGACCTTACAGAATTGTCAT,36,2156718
lpp,2.5,19,5,AGAAAAAGTCTGTTTCTATG,14,2155239
lpp,6.666666666666667,44,5,ACGTCTGAAAGGAATCCGAT,39,2158370
lpp,2.5,19,5,ACCCAAGCTTCGCTCCAATT,14,2155738
lpp,2.0,16,5,ACATGGCCCAACGTTAGTCC,11,2157584
lpp,12.833333333333334,81,5,ACAGAAGGAATTTCGGGTTG,76,2156610
lpp,14.166666666666666,89,5,ACACGAATTCCGTACTTAAA,84,2152893
lpp,11.166666666666666,71,5,AAGTGAGCCGGCTACCCCTT,66,2155485
lpp,0.3333333333333333,6,5,AACTTTGGCGCGTCTTGGTC,1,2155229
lpp,29.8,152,4,TTTTTTCGGGAAGTAACTTC,148,2160609
lpp,0.8,7,4,TTTTGATTATTACCTGGGAA,3,2157440
lpp,0.4,5,4,TTTCGGGATCGAACCCGAAC,1,2155828
lpp,6.6,36,4,TTGCATTCGCGGTAAACATC,32,2153677
lpp,0.4,5,4,TTGCAGTAGGGTGAGAAGGA,1,2154528
lpp,9.0,48,4,TTGAGACCGTAGGAAGTCGT,44,2160204
lpp,6.6,36,4,TTCGGCTTGTATTTTCGCGA,32,2153790
lpp,5.8,32,4,TTCCTCAAATTCTCGAGCCA,28,2152785
lpp,5.0,28,4,TTCCGGTTAGATAGCGCGGA,24,2153566
lpp,32.0,163,4,TTCCAGCCGTTCTACACAAT,159,2158124
lpp,3.8,22,4,TTATCCGGAAATGGACCGCT,18,2160885
lpp,3.4,20,4,TGGGTCCTTTTTGATCTCAT,16,2154151
lpp,2.6,16,4,TGCGTTTGAAACGCGTAATA,12,2161423
lpp,7.8,42,4,TGCATTGACGTTGGGAATCA,38,2159255
lpp,1.4,10,4,TGCAGAGTAATAGAGACACG,6,2152747
lpp,13.6,71,4,TCTCTTATTATGGTATCGAT,67,2156080
lpp,7.0,38,4,TCCTCTCCGTGTTCAGAGCG,34,2160139
lpp,4.6,26,4,TCCGGGGCTCGAGTGCATAT,22,2154799
lpp,0.6,6,4,TCCGGGCTTGCCGACAATGC,2,2153774
lpp,6.4,35,4,TCACCGGTTAGTGCGATCGC,31,2154503
lpp,7.0,38,4,TCAAAGCGTCAGTCAAGGTA,34,2157535
lpp,8.4,45,4,TATACTGTCTATAACCTTAC,41,2156640
lpp,4.2,24,4,TACCACTCAACCTTCGGGTC,20,2160325
lpp,1.8,12,4,TACAATCTTCTAGAGTGTAA,8,2158818
lpp,6.6,36,4,TACAAAGGTCAAAGGCTTGC,32,2155210
lpp,10.8,57,4,TAATGGACGAGTTTAAGAGA,53,2154543
lpp,4.6,26,4,TAAGTTTCCGTCCCTCAGCA,22,2157996
lpp,5.4,30,4,GTTTTCGTATAGTTCGCAGA,26,2160432
lpp,6.4,35,4,GTTTGAGCTCACAGATATGA,31,2158224
lpp,1.6,11,4,GTTAAGGTGGCTAACGAGAC,7,2161521
lpp,5.2,29,4,GTGTCTTTCCTTACGACAAA,25,2160176
lpp,5.2,29,4,GTGGGGAAGGTCTTGTAGCA,25,2156185
lpp,7.4,40,4,GTGGCAGCATCAGGTCTGGT,36,2155355
lpp,1.4,10,4,GTCTACTTACTTAGTATCAA,6,2156561
lpp,1.2,9,4,GGTTCCCTCTCTACGGAAAT,5,2154239
lpp,11.2,59,4,GGTGTCGGTACCCGCGTTGG,55,2158404
lpp,10.0,53,4,GGTGGTCACGCCTTAAGCTG,49,2160431
lpp,2.0,13,4,GGTCGATAGGTCCGAACTGA,9,2156953
lpp,0.8,7,4,GGGAAAACTGCGCGTTCGGG,3,2161821
lpp,6.2,34,4,GGCTGTCCACGATAGCGCGG,30,2153104
lpp,5.4,30,4,GGCGAGTGTTGGTGTCCGGG,26,2161799
lpp,2.4,15,4,GGCGACTTCTTCTTATGTTC,11,2160151
lpp,3.4,20,4,GGATTCTGCTCTTATTAAGG,16,2156939
lpp,1.0,8,4,GGACCGCTCGAATGAGTGCG,4,2158589
lpp,2.6,16,4,GGAAATTCAGTACAGTCGGC,12,2154407
lpp,0.6,6,4,GCGTGCAAGTTTGGGTTCGG,2,2162061
lpp,5.2,29,4,GCAGCCACGAGCGTTATTGA,25,2152772
lpp,13.4,70,4,GCAAAGGGAACTTGGATGAT,66,2161193
lpp,0.4,5,4,GAGTACACACATTTGATCTG,1,2153914
lpp,6.8,37,4,GAGGATAGTCGTTCGACAGG,33,2158827
lpp,0.4,5,4,GAGATTCTTAAGGATGTCAT,1,2159236
lpp,7.8,42,4,GACTGTTTATGTCTGTCTGC,38,2155379
lpp,4.4,25,4,GAATACAATGCACCCAACCA,21,2161789
lpp,19.6,101,4,CTTGTCTCTTCTCAGTCAAG,97,2154362
lpp,2.0,13,4,CTTGCGCCTGTAGAGGTGGT,9,2157065
lpp,0.4,5,4,CTTCTTACTATACTAAACGA,1,2154923
lpp,5.6,31,4,CTGGGCGGGGCTATTCCTTC,27,2155324
lpp,5.2,29,4,CTGGAGCAAGCAAAGCCCGT,25,2155555
lpp,9.2,49,4,CTCCTGTGCCAGTATGGTTG,45,2156257
lpp,11.8,62,4,CTCCTCTTAGGACCAGTGTC,58,2155599
lpp,0.4,5,4,CTAATATGCCTTCCTCACAC,1,2155297
lpp,25.0,128,4,CGTTTCGGAGGGGTGCGTAA,124,2156943
lpp,8.0,43,4,CGTTGTCTCCGCTGCTATCC,39,2154015
lpp,0.4,5,4,CGGTTCCGATTGGTCCTCCA,1,2154793
lpp,0.4,5,4,CGCACTGTAGAAGAGACGGT,1,2155400
lpp,1.8,12,4,CGATACCAGGGTGGGCATAA,8,2155533
lpp,4.0,23,4,CGACTACGCTTTAAGTCAGA,19,2157666
lpp,2.6,16,4,CGACCGTGAAGCTATAAATT,12,2157088
lpp,10.4,55,4,CCTTTTAACCAGTGTTAGTG,51,2159738
lpp,7.4,40,4,CCGTCACTAGGTTCCACAAG,36,2153621
lpp,1.0,8,4,CCAATGGGGCGACATACTCT,4,2160847
lpp,3.6,21,4,CAGGGAACGTCTCTGTAGGT,17,2161409
lpp,4.0,23,4,CAGCGCTGATACAATAATGA,19,2159819
lpp,9.4,50,4,CACGGGGGTACATCTGTTTA,46,2161981
lpp,37.4,190,4,CACCAGGACTGTTCGTCGCA,186,2154406
lpp,1.4,10,4,CAATGGACACGCCGCTCCCT,6,2158344
lpp,11.4,60,4,ATGCTATGCACACTGCGGCT,56,2162290
lpp,3.0,18,4,ATCTTACCCCGATTAGTTTC,14,2161740
lpp,2.2,14,4,ATCATGGAGGCGCTAAATCA,10,2156048
lpp,0.4,5,4,ATAATTCAGTAAGCCCATTC,1,2155141
lpp,0.8,7,4,ATAATATTCTTAGGCCGAAT,3,2154459
lpp,8.4,45,4,AGTTGTCCAGGATACTGTCC,41,2154322
lpp,2.4,15,4,AGTCAATCTGATGGCGTGCA,11,2157735
lpp,6.2,34,4,AGGTTTATGTATACTTGCGT,30,2161574
lpp,28.2,144,4,AGGCGGATCATCTTCTTGAT,140,2159755
lpp,36.4,185,4,AGACCCCGCCCTAGGGACCA,181,2155593
lpp,3.4,20,4,ACTGTGAGGAAACAGTCATT,16,2159875
lpp,7.8,42,4,ACTCTCACTTACTATTTACG,38,2157974
lpp,21.2,109,4,ACTCGACGGATATGAATTTG,105,2160957
lpp,7.0,38,4,ACGGGGTCACGTTAGACCTA,34,2160727
lpp,1.0,8,4,ACGGCCCAGTGGCATAATGG,4,2159453
lpp,0.6,6,4,ACGGAACGTCCTATGGATAT,2,2158311
lpp,4.0,23,4,ACACTAAATGAGGGGCAGGT,19,2161800
lpp,0.6,6,4,AAGTACTTTCTAGCAACGGG,2,2160411
lpp,3.2,19,4,AACGAGAGGGTCAGAGTCCT,15,2158542
lpp,7.0,38,4,AAATGAGTTTCGAGGCTGTG,34,2161617
lpp,1.75,9,3,TTTTTAGGGCCTGACGGCAG,6,2157107
lpp,21.0,86,3,TTGTGCAAATGTGCGCCCCG,83,2157936
lpp,5.75,25,3,TTGTATTGTAATCATGAAAC,22,2157992
lpp,21.25,87,3,TGTTAGAATGTCTGGTCATT,84,2158026
lpp,3.5,16,3,TGTGGGTTTAGCACATGGAT,13,2159444
lpp,5.25,23,3,TGGGTTTAAGGGATTCCGGG,20,2161232
lpp,0.75,5,3,TGCAGCAGGGTACGTGGCAA,2,2154614
lpp,3.75,17,3,TGAGTTCCTGAAGCCATAGG,14,2160267
lpp,3.5,16,3,TGACGTCCACCGCCACCTTT,13,2160296
lpp,0.5,4,3,TCTTCCGTACACTCCGGAGC,1,2154675
lpp,0.75,5,3,TCTTAGGCGTGCCAATAAAC,2,2156588
lpp,22.75,93,3,TCCGCCGATAGGTGCGGTAA,90,2161985
lpp,6.5,28,3,TCCGAACTTAACGGAGTTGT,25,2160108
lpp,0.5,4,3,TCCCTACTTCGTGAGCTTAT,1,2157925
lpp,8.0,34,3,TCCAGCTTTTTCCCAAAGGA,31,2157128
lpp,14.75,61,3,TCAGGTCCGTAGATGGTGCA,58,2156376
lpp,8.0,34,3,TCAGGCGGTTCGGGCATAAT,31,2156564
lpp,7.25,31,3,TCACAGTACACGGTGTTCCA,28,2155622
lpp,5.75,25,3,TATTTTATCGATTTTGCACC,22,2152932
lpp,1.5,8,3,TATGGATGATTAGTGCAGGT,5,2156172
lpp,8.75,37,3,TAACAAGTTCCGCAATTTAG,34,2159067
lpp,9.75,41,3,GTTGATGCTAGCTGTTAGTA,38,2156369
lpp,8.75,37,3,GTGTTTCTATTTCCAGGCCC,34,2160253
lpp,2.75,13,3,GTGTTCTCATGATGATTATC,10,2154852
lpp,4.75,21,3,GTGACGTTTATTGTTGAGTT,18,2157315
lpp,0.5,4,3,GTAGTATCGCGCAATCTGGA,1,2155800
lpp,10.75,45,3,GTAGATTCCCTGTTTTTACA,42,2155368
lpp,0.75,5,3,GTAACGTGTGAGCGGGGTAC,2,2154396
lpp,6.25,27,3,GGTCGCAGCATTTGTCTCGC,24,2153759
lpp,2.5,12,3,GGCGAGCTGAGGTGTATGGC,9,2160807
lpp,3.0,14,3,GCGGTCGCGTGCTTTCCGTA,11,2156918
lpp,5.25,23,3,GCGCCGGTATATCCAGTTAC,20,2159389
lpp,0.5,4,3,GCCTGTACTCGCCCGGACGA,1,2157285
lpp,3.5,16,3,GCCTAAAGGCCTATCACATA,13,2159482
lpp,9.5,40,3,GCCGCATAGTGTATACGAGA,37,2153989
lpp,4.5,20,3,GCCCACGGACGAGGTCAGAC,17,2157383
lpp,9.5,40,3,GCCAACGGCACGGGACGACT,37,2160894
lpp,1.5,8,3,GCACCGAGGGCGCACCTCCT,5,2160833
lpp,11.0,46,3,GCAATCCGTGGACCACGAAT,43,2161035
lpp,6.75,29,3,GATGGAGAAGAATACAATTA,26,2158094
lpp,7.0,30,3,GAGTTCGATCTAGGCTATCT,27,2158283
lpp,12.75,53,3,GAGGTGAAAACGTTACAATA,50,2154776
lpp,5.0,22,3,GAGGGGTTTTAAGAGCAAGC,19,2158643
lpp,5.75,25,3,GAGATTACACATTCTTAGAC,22,2153924
lpp,15.0,62,3,GAATGACTCAAAGCGAAGCT,59,2158167
lpp,1.25,7,3,GAACATGCGCGATTCGGCCT,4,2161078
lpp,0.5,4,3,GAAAATCCAAGGGCCTAAGC,1,2153280
lpp,15.5,64,3,CTTAAGGGCCAGGAAGGATG,61,2157990
lpp,2.5,12,3,CTGTCTGCCTACTATTCGCT,9,2154084
lpp,14.25,59,3,CTGGTAATGCCGCGTCGTTG,56,2156578
lpp,21.5,88,3,CTCGTTACGCTAGGGGAGTG,85,2152934
lpp,7.0,30,3,CTAAGGAAGAATTAACTTTT,27,2152846
lpp,1.5,8,3,CGTTCGCATCCAGGGTGGGG,5,2153078
lpp,18.0,74,3,CGGGCCTATGATCATACTTA,71,2158151
lpp,1.25,7,3,CGGCATTATCATTCGAGTTA,4,2160485
lpp,0.5,4,3,CGGAAAAACATGACATGGTC,1,2157669
lpp,9.0,38,3,CGCGTTTGGCCGAAGTGCTG,35,2152949
lpp,14.0,58,3,CGCCCCTGAAGGACGTGTTG,55,2153825
lpp,10.5,44,3,CGATTTGTACCAGGGCCTCT,41,2154736
lpp,1.5,8,3,CGATTGCTCTTCGGGCGAGC,5,2155516
lpp,1.5,8,3,CCTAGACAGTCCATGGCGCT,5,2162168
lpp,3.0,14,3,CCGTTGTGCGGATGACCGTT,11,2162163
lpp,5.25,23,3,CCGTCCCACTGTGTTATTGC,20,2153492
lpp,11.25,47,3,CCCCGCTAGAATTGGGGTTT,44,2161404
lpp,2.25,11,3,CCCACCGTTCGATATCTTCA,8,2154289
lpp,5.25,23,3,CCCACCCGAGTATCTTATCT,20,2159000
lpp,0.75,5,3,CCACCCGCGCCGGAGTGTTA,2,2154445
lpp,6.75,29,3,CCAATCATAAATTCATGAAA,26,2156847
lpp,8.0,34,3,CCAATCACTCCAACGAACAT,31,2160378
lpp,2.5,12,3,CCAAACACTATCACACATGC,9,2153657
lpp,8.5,36,3,CATCCCGAAGCCCCTTAGAT,33,2153909
lpp,3.25,15,3,CAGTTTTTTGATGGCAATCC,12,2160713
lpp,0.75,5,3,CAGTGTTAGTCCCAGGCATT,2,2156747
lpp,1.5,8,3,CACTATTAGCACAGAGGTAC,5,2159172
lpp,6.75,29,3,CACGTTTGGAGCCGCGTAAA,26,2153590
lpp,7.25,31,3,CACGGGCCGTCCTGAAATCG,28,2159808
lpp,2.0,10,3,CAACGCCAGTTGCCTACTAG,7,2156703
lpp,1.0,6,3,ATTCACATCCGCTCCTTGCC,3,2157344
lpp,4.5,20,3,ATGGTCCGGCAACCGGGCGT,17,2161624
lpp,3.75,17,3,ATGGGCCGGTGATGCACAGT,14,2154109
lpp,1.5,8,3,ATGCACAAACGCTCTTCTTA,5,2162233
lpp,5.5,24,3,AGTGCCAGGATCTGTTACGG,21,2152936
lpp,9.0,38,3,AGGTGTGATACCAGACGATG,35,2161818
lpp,1.5,8,3,AGGCAGCCGCATACCATAAT,5,2161129
lpp,3.25,15,3,AGCAGCAATTCACCAGCGTT,12,2161987
lpp,1.0,6,3,ACTGGGTTGCCAAAAATCTA,3,2160097
lpp,2.25,11,3,ACTCCTCATGAGGGCAACAG,8,2158800
lpp,1.0,6,3,ACGAGGAAAAAGAAGTTTTG,3,2160724
lpp,4.5,20,3,ACATTGGAACCCACACATTG,17,2161780
lpp,5.0,22,3,ACATGATACTGAAACGCCTC,19,2158220
lpp,6.75,29,3,ACACAGGATACGTTTTACTA,26,2155746
lpp,4.0,18,3,AATTACCATTCTTGGTCGTG,15,2155383
lpp,1.25,7,3,AAGCCTATGATCGAAGTTAA,4,2160289
lpp,4.0,18,3,AAGATCGTCCACTTAACAAT,15,2154898
lpp,28.75,117,3,AACGCATTCAGGATAACGTA,114,2158072
lpp,1.0,6,3,AAAGAGGTGAGCCGTGTTCG,3,2153516
lpp,0.5,4,3,AAAGAACCGTGCATACCGCG,1,2153303
lpp,0.5,4,3,AAACAGAAATCGCCGCGAGT,1,2161029
lpp,14.5,60,3,AAAATGCTACGATCGTGATG,57,2161192
lpp,4.666666666666667,15,2,TTTTTGAGCCAACGGTTTCT,13,2153360
lpp,12.666666666666666,39,2,TTTCCTTCCGAATCCATAAG,37,2158159
lpp,11.666666666666666,36,2,TTGCTGTTCTCCCGATCCTA,34,2153920
lpp,12.0,37,2,TTGACGAGAATCGAAGGCGT,35,2157825
lpp,7.333333333333333,23,2,TTCGTTACGTGGGTGAGCTT,21,2161947
lpp,19.0,58,2,TTAACAAAGCCTCTTTTTTT,56,2158561
lpp,6.333333333333333,20,2,TGTGTTAGCGGCGGGTCTTG,18,2154386
lpp,4.333333333333333,14,2,TGTAGGAGCCACGTCTATCC,12,2154310
lpp,5.333333333333333,17,2,TGCTTTGGTGAATTTGCACG,15,2152654
lpp,3.3333333333333335,11,2,TGCTCCCACTGCGGCGCTTA,9,2153087
lpp,4.0,13,2,TGCGTGCGATATTCAAATTA,11,2155948
lpp,27.666666666666668,84,2,TGAAGCTTGATCCGGGGGGT,82,2152707
lpp,2.6666666666666665,9,2,TCTCGCAGTAGAGAGATCCC,7,2156108
lpp,18.666666666666668,57,2,TCTACAGAATTTCTTGTCTG,55,2155588
lpp,4.0,13,2,TCGTACGATACATGGGCTCT,11,2160958
lpp,1.0,4,2,TCGAGTTTTGTTGAGAAACT,2,2156523
lpp,6.0,19,2,TCCTCTGCGGCTGTGTACGG,17,2159622
lpp,5.333333333333333,17,2,TCACGCTACTCCAACCTATC,15,2154854
lpp,15.0,46,2,TATCGTGTGTGTTGTTTAGG,44,2155008
lpp,0.6666666666666666,3,2,TACGCGCTGATATGAGCAGC,1,2160770
lpp,3.0,10,2,TAAATTCGTAAATCCGTCAT,8,2160969
lpp,40.0,121,2,GTTGGCGCGCATATCGTCCG,119,2153453
lpp,44.0,133,2,GTGTAGAGCCCTAGTCGCCT,131,2154745
lpp,7.666666666666667,24,2,GTGCTGACATGTTCAACATT,22,2155163
lpp,5.0,16,2,GTGATAGTTCATCGAGTCGC,14,2159956
lpp,1.6666666666666667,6,2,GTCTCCTTGCCTGGGTCATT,4,2161711
lpp,12.333333333333334,38,2,GTCGTTGTCGGCCCCGCTCG,36,2159758
lpp,31.333333333333332,95,2,GTATTAGATTAAGACCATAC,93,2152930
lpp,2.3333333333333335,8,2,GTATTAATGTACCGTAAATT,6,2155010
lpp,7.666666666666667,24,2,GTAGGTCCCGCGAGTCCAAA,22,2154719
lpp,16.0,49,2,GGTGTTTTCGGTGAGCAAGG,47,2155727
lpp,6.0,19,2,GGCTCCAGAGCCCATCCGGC,17,2153836
lpp,30.666666666666668,93,2,GGCTATTCGGTATCACATAG,91,2154706
lpp,1.3333333333333333,5,2,GGCGAGCAAGAGTCTCGAGG,3,2154958
lpp,7.333333333333333,23,2,GGCCAAGAAATTTGGGGAAA,21,2154416
lpp,2.0,7,2,GGCAGTTGGAGAACATTCTA,5,2156932
lpp,2.6666666666666665,9,2,GGAACTAGGTCTTCAGAGAA,7,2161421
lpp,7.0,22,2,GCTACCCAATGGTTTATGCT,20,2158694
lpp,5.333333333333333,17,2,GCGCACTACGGTGATCTCGC,15,2155594
lpp,1.3333333333333333,5,2,GCCTTCACAAACATTCTATC,3,2161915
lpp,5.666666666666667,18,2,GCCATATCCTGGTAGCTATG,16,2160435
lpp,22.0,67,2,GCAGGCTGTCAAATTCGCAA,65,2158025
lpp,12.0,37,2,GATGGCCGGTAATATTACGC,35,2154623
lpp,3.6666666666666665,12,2,GATGCGGCAGTGCCGTCACC,10,2158686
lpp,6.666666666666667,21,2,GATCATTTCCGTTCTCCGCA,19,2157038
lpp,43.0,130,2,GATAGACTGAGAGGTCGATA,128,2154360
lpp,10.333333333333334,32,2,GAGGCTCTCGGTCGAGGCGA,30,2158400
lpp,1.6666666666666667,6,2,GAGGAGGCTCAAGGGGTTCA,4,2155434
lpp,1.6666666666666667,6,2,GACGCGGTCATCAGTTAACT,4,2153127
lpp,0.6666666666666666,3,2,GACCTAACGCTAATCCCCCC,1,2152830
lpp,2.3333333333333335,8,2,GAATAGGTCTAACGGGGGGT,6,2154973
lpp,5.333333333333333,17,2,CTTCTCTATAGTTTATTCAT,15,2155585
lpp,8.666666666666666,27,2,CTTCAGTATTCATCGACCTA,25,2153275
lpp,6.0,19,2,CTGCTCAGTTGGATGACACA,17,2156892
lpp,6.666666666666667,21,2,CTGCAATCTATACATTCCTT,19,2158161
lpp,7.666666666666667,24,2,CTGAGCCGATGACGACCCGT,22,2154875
lpp,43.0,130,2,CTCTCATTGATTGTCGGGCT,128,2160970
lpp,1.0,4,2,CTATCGGAACGCGAAATCTC,2,2153205
lpp,3.3333333333333335,11,2,CTAGAATGCACGACACCGGT,9,2161761
lpp,20.666666666666668,63,2,CTACCCGCGTTCGCATGACC,61,2161898
lpp,4.333333333333333,14,2,CGTAGCTCATATCGATCCGA,12,2161299
lpp,2.6666666666666665,9,2,CGCCCCGGTTTCGTTGGTTC,7,2160606
lpp,1.3333333333333333,5,2,CGATCGTTCAGGCATGAATG,3,2158890
lpp,10.333333333333334,32,2,CGAGTGTTTTCTGAGTTCCT,30,2159152
lpp,8.333333333333334,26,2,CCTGCGTGTCCCAATTATGT,24,2154966
lpp,10.333333333333334,32,2,CCTCATATGAGTTGGGGGAG,30,2158412
lpp,53.0,160,2,CCTATTCGAGGGTGTTTTAT,158,2162139
lpp,72.33333333333333,218,2,CCTATAGTAATAACTGGCCT,216,2153769
lpp,19.0,58,2,CCGGGGAAGTCGTCTCGGCC,56,2158339
lpp,2.0,7,2,CCCTTACGATCTCGTTAGGT,5,2154134
lpp,2.6666666666666665,9,2,CCAGGGGGTATTCCGTATGC,7,2161098
lpp,8.0,25,2,CATTTCAATTTTCATTAAGG,23,2155498
lpp,6.333333333333333,20,2,CATTAGTTAGACCTATCAGA,18,2154490
lpp,14.0,43,2,CATGGGATTGATTGTACGAT,41,2155252
lpp,6.0,19,2,CATGCTTATTACACTAAGCT,17,2155502
lpp,5.333333333333333,17,2,CATCAGGAAGTACAGGCATG,15,2161479
lpp,20.666666666666668,63,2,CATATTACAGTTACATAAAG,61,2153881
lpp,6.666666666666667,21,2,CATAGATGAGGTCACCACGC,19,2155918
lpp,3.3333333333333335,11,2,CAGCTGTGCAACATTACGAA,9,2160870
lpp,11.333333333333334,35,2,CACGAGTACTAAACATTTAA,33,2155636
lpp,20.0,61,2,CACCATGGCTCCGTTTAGGG,59,2158003
lpp,7.333333333333333,23,2,CAAGCCGTAGGGACTATGTA,21,2157848
lpp,4.0,13,2,CAAGCATATTGGGAGGTATT,11,2154479
lpp,13.333333333333334,41,2,ATTCCGTAATTCGAACGTGA,39,2156940
lpp,10.666666666666666,33,2,ATGGAATCCGGGGCTTACAA,31,2154251
lpp,0.6666666666666666,3,2,ATGCCCAGCGTTTATCTCTG,1,2154086
lpp,4.666666666666667,15,2,ATCTCGAGCTAATCGTATGG,13,2158685
lpp,15.333333333333334,47,2,ATCCCTGGTGGTCACGGAGT,45,2157929
lpp,22.0,67,2,ATCATCCTGGGCATTGAGCA,65,2159851
lpp,3.6666666666666665,12,2,ATAGCACCTTTGTCAATGCC,10,2158486
lpp,6.0,19,2,AGGGCCGAAGGTCGTTCTTT,17,2156798
lpp,0.6666666666666666,3,2,AGGGCCAACAGATATGGCAA,1,2153821
lpp,9.0,28,2,AGCTGAAAGCTGCCCGTCAG,26,2160673
lpp,1.6666666666666667,6,2,AGCCTTGTGTCTGTCGTCAC,4,2156414
lpp,26.0,79,2,AGCCGTTCGAACTGGATTGT,77,2161173
lpp,6.666666666666667,21,2,AGCCACAGCGAGCTTACGTC,19,2159209
lpp,21.666666666666668,66,2,AGACACTCCATGGTTCCCGA,64,2160463
lpp,6.333333333333333,20,2,AGAAGCCAGGGCAGATTGCG,18,2160213
lpp,8.333333333333334,26,2,ACTTACTGGCCACGGGGTAG,24,2160921
lpp,96.33333333333333,290,2,ACGTCAAATTATGTCTCTGT,288,2154373
lpp,10.666666666666666,33,2,ACAGGGGCACCGGGAGTTGT,31,2153700
lpp,4.333333333333333,14,2,ACACAATTCCGTGCTACAAC,12,2153613
lpp,40.0,121,2,AAGAAGGCTTACTGTAAGCT,119,2155246
lpp,11.666666666666666,36,2,AACTGTTCCGACAAATCCTA,34,2160980
lpp,2.0,7,2,AACTATGGCTTAATGACTGG,5,2157158
lpp,14.666666666666666,45,2,AACAACAGCTGTTAGCCAGC,43,2157272
lpp,44.0,133,2,AAATAGGTGGGTGGCCAGCA,131,2157328
lpp,3.0,6,1,TTTGTTACCTCATACTATCC,5,2160734
lpp,7.5,15,1,TTTAGCACACTCAGAACCTG,14,2152633
lpp,3.0,6,1,TTGGATCGTATGCTCGCTTA,5,2160962
lpp,1.0,2,1,TTGCGGACTAGGAGATTACT,1,2161012
lpp,5.0,10,1,TTGACACTGAAGAAGGGACA,9,2158905
lpp,9.0,18,1,TTCTTTCCTATTTATATGAG,17,2153327
lpp,4.0,8,1,TTCCTCGTGGACATAGATGC,7,2157793
lpp,23.5,47,1,TTATCGTATACTCCTTACCA,46,2156157
lpp,25.5,51,1,TTAGTTCATAATCATCTCTA,50,2160383
lpp,55.0,110,1,TTACTCTTGCTCTTAAGCAG,109,2158077
lpp,2.5,5,1,TGGTCATTTCGAGAACGTCC,4,2155592
lpp,26.5,53,1,TGGATGGATTAAACCCCTAG,52,2155234
lpp,1.5,3,1,TGCTTCACAATCGGTGCTCG,2,2154016
lpp,46.5,93,1,TGAGTACCTGCTAACTCGCG,92,2160986
lpp,4.0,8,1,TCGTTCTCATGAGCGGTAGT,7,2158039
lpp,4.0,8,1,TCCTAAACTTCTTTTTCGTA,7,2157734
lpp,134.0,268,1,TCAGCAGGGAGGCCCGGGGG,267,2153942
lpp,8.5,17,1,TCAATGAGCGAATTTCTCGG,16,2159981
lpp,4.5,9,1,TATTAACGGCGTGGCCTTGG,8,2158298
lpp,10.0,20,1,TATCTCTACTCAATATTGGT,19,2162255
lpp,8.0,16,1,TAGGAGCGTGACTGTCGTGT,15,2158821
lpp,8.5,17,1,TAGAAAGTGGTTTGCGCGAG,16,2160595
lpp,1.0,2,1,TACAATCGCAGAGAGCTTGG,1,2155468
lpp,14.0,28,1,TAAATCGATGGTCGTCCAGT,27,2154550
lpp,6.0,12,1,GTTTCTTATTCACGGTAGTT,11,2161919
lpp,15.5,31,1,GTGCCCTCGGCCACAGGAAT,30,2161653
lpp,45.5,91,1,GTGCAAAGTCAACATGAGCA,90,2152787
lpp,26.5,53,1,GTCTAAGGACCAGGGACCGA,52,2154621
lpp,1.0,2,1,GTCGAACTAAACCTGAGGGA,1,2156785
lpp,13.5,27,1,GTCCTGTATAGGGCTTCGGG,26,2160808
lpp,13.0,26,1,GTCAAACCGGTCATTGATCA,25,2155827
lpp,1.5,3,1,GTATTACATGCGGGGTACAG,2,2153646
lpp,4.5,9,1,GTAGCGGTCAAACGCTTATG,8,2154693
lpp,19.5,39,1,GTACTGAGATGCACTACGAT,38,2154094
lpp,3.5,7,1,GGTCTGCCATCATGTCCTAG,6,2158273
lpp,29.0,58,1,GGCGAAATCTAAGAAACACT,57,2161296
lpp,9.0,18,1,GCGTGAGGACAAGCTCGCTG,17,2155233
lpp,9.5,19,1,GCGCACACAAGGCCTCGCCA,18,2154827
lpp,41.0,82,1,GCCGGTTGACGTCTTATAAA,81,2158030
lpp,3.5,7,1,GCCACCGGCTTGCGCGGGTC,6,2157839
lpp,5.0,10,1,GCAACCTCAGAACCTGGTTT,9,2161385
lpp,60.0,120,1,GATCGGTCGATACGCATTAC,119,2160667
lpp,15.5,31,1,GAGGTAGGATTCCCTGGGCC,30,2161241
lpp,15.0,30,1,GAGGCATGGTGCACGCTGGC,29,2158362
lpp,5.0,10,1,GAGCCTATACCACTGGCTCT,9,2161356
lpp,7.5,15,1,GAGCAAATCGCATTTATGAG,14,2158866
lpp,4.5,9,1,GACGCTTGCTTGTGTATGCA,8,2161213
lpp,16.0,32,1,GACCTCGAGTGAATGTCAAT,31,2159756
lpp,117.5,235,1,GACAGCTTCCGCGAGGAACA,234,2153762
lpp,16.5,33,1,GAACAGCCCCTTCTCCAGGC,32,2156919
lpp,2.0,4,1,GAAAACTTCTCATATTGGCT,3,2154705
lpp,3.0,6,1,CTTGCAATCCGTTCAAGGCT,5,2154218
lpp,7.0,14,1,CTTCATGGCCGCAGGAGGTC,13,2155319
lpp,5.5,11,1,CTTACGCTTCGGTCCCTACG,10,2160405
lpp,1.5,3,1,CTTACCCTAGGTCCCGGATA,2,2161911
lpp,3.0,6,1,CTTACAAGATCGCCTCCGAT,5,2153203
lpp,11.0,22,1,CTAGTACAAGGACTCCTACA,21,2154874
lpp,1.5,3,1,CTACGGGTTTTCTACAACCT,2,2158944
lpp,4.0,8,1,CTACCATGTTCGTAGCGTCG,7,2161804
lpp,20.5,41,1,CTAAGCTTTTGGGGACGGAG,40,2152672
lpp,3.0,6,1,CGTTATATCTCGCCTCCCGT,5,2158226
lpp,6.5,13,1,CGGCGGAGAGTCCAGCACGG,12,2153386
lpp,4.0,8,1,CGGACTGCTAGGCGGCATCA,7,2153579
lpp,13.5,27,1,CGCTGTAATGAACAAGCCGA,26,2158902
lpp,9.0,18,1,CGCGCAGAGTTCCAGGCCGG,17,2158125
lpp,2.0,4,1,CGCCCACGCTAAGTATGAAA,3,2156792
lpp,3.0,6,1,CCTTTGTAGATATCTAGTCT,5,2155334
lpp,23.5,47,1,CCTCTCGCCCCGGGTCATCG,46,2162092
lpp,4.5,9,1,CCCTTTGCCGACCCGCGGCT,8,2158623
lpp,3.5,7,1,CCCTAGTTAGTCCCGGGGAT,6,2153650
lpp,1.5,3,1,CCCGGAGTAGTTCGCATTCT,2,2153578
lpp,32.0,64,1,CATGTTTGTGTGATCTAGTG,63,2160818
lpp,1.0,2,1,CATGGTTCTCGTTACGAAGA,1,2161017
lpp,2.0,4,1,CATGGCAGTTGACCGCGTCT,3,2159636
lpp,12.0,24,1,CATGAAGTCACCTTTGCAAA,23,2157359
lpp,14.5,29,1,CATAGTGTTGATAAAGTGAC,28,2158450
lpp,3.0,6,1,CAGTATGTATATAGGCAATC,5,2161490
lpp,8.0,16,1,CAGTAAGCTGGGTGAGGATG,15,2158638
lpp,8.5,17,1,CAGTAAAGAGCAGCTCGGTT,16,2155484
lpp,18.5,37,1,CAATGTAAGCAAGTTGAGAG,36,2159011
lpp,3.5,7,1,CAATGGCAGGCATCCTCCGG,6,2156993
lpp,4.5,9,1,CAACATGCCAGTTTTGATCA,8,2161571
lpp,4.0,8,1,ATTGGTTGCTATTTAATAAT,7,2159134
lpp,1.0,2,1,ATTCCTCTCCAGCTAGTATC,1,2162319
lpp,1.5,3,1,ATGGGCTGGCGGGTTCTCTG,2,2158319
lpp,4.5,9,1,ATCTCTAGTTCACGAAAGTA,8,2156786
lpp,20.0,40,1,ATACAGGCCTTCATTTAACT,39,2160585
lpp,2.0,4,1,AGTGGTTCTGCGGAATGCAG,3,2153071
lpp,9.0,18,1,AGTGGCCCCGCACAGCTGTT,17,2158689
lpp,21.5,43,1,AGCATCCGGTTGGAGTATGA,42,2160810
lpp,7.0,14,1,AGCAACAGCTGTCTATAATG,13,2153916
lpp,1.0,2,1,AGAGGTTGGTAATCAATTAT,1,2160003
lpp,9.5,19,1,AGACGCTCGGCGACCGGGGG,18,2156920
lpp,5.0,10,1,ACTATACAGCACGGCAGTAT,9,2154711
lpp,12.5,25,1,ACTAGGTGTACTTACTCTCA,24,2155740
lpp,33.5,67,1,ACTACCGGTCCACACTACAG,66,2161913
lpp,1.5,3,1,ACTAACTGTAACGCAATCCT,2,2156020
lpp,33.5,67,1,ACGTCTCCGTCTGGCGGCCA,66,2154069
lpp,24.0,48,1,ACGGGGGCCTCCGCCTGCAG,47,2162141
lpp,26.0,52,1,ACGCGCCAGGCAGCTTAATC,51,2158962
lpp,1.0,2,1,ACCTACCGGTCTTTAGCTTA,1,2154759
lpp,11.5,23,1,ACCGAGGTTATACACTCGTA,22,2157332
lpp,3.0,6,1,ACATATACTGTCAGCTGAGC,5,2161447
lpp,5.0,10,1,ACACCCCGTCTTTGTAACCA,9,2158187
lpp,15.0,30,1,AATTCAGGGTACCTTGTATT,29,2156196
lpp,1.5,3,1,AAGTAGCTACCCTTTCCTGA,2,2159284
lpp,30.0,60,1,AAGCCACCTACTGTAACTAT,59,2155867
lpp,20.5,41,1,AACTTGACCGTAGACTTCGG,40,2158801
lpp,10.0,20,1,AACGGAGACCCCGATGCGGA,19,2158830
lpp,12.0,24,1,AACAGCGCTCGGCCACGACG,23,2155980
lpp,5.5,11,1,AAATGTCCAAGACTACAAAA,10,2154772
lpp,41.5,83,1,AAACTCGAGGCAAAGCGTCT,82,2160975
lpp,0.016129032258064516,61,61,GTATGATCGAGCTCAGTCCT,0,2154517
lpp,0.016666666666666666,59,59,CCCTTGTCTGTGATCTAAAT,0,2153409
lpp,0.017857142857142856,55,55,TGAGCACGACTACGAATCAT,0,2155605
lpp,0.019230769230769232,51,51,CTTGACGCACTACGGGCCGT,0,2152742
lpp,0.019230769230769232,51,51,CATTGGTGGTATTTCATAAC,0,2153014
lpp,0.0196078431372549,50,50,CGCTATCTCCGCTTCAGGAG,0,2153864
lpp,0.02127659574468085,46,46,CATGTTTTTGTTCTAGTAGC,0,2154618
lpp,0.023809523809523808,41,41,GCAGATAGGGTTTGCAATTA,0,2159788
lpp,0.025,39,39,AATGCTTGGGCTACACCTCA,0,2153101
lpp,0.027777777777777776,35,35,CAGGCCGCGTCTTTGTAATA,0,2161325
lpp,0.02857142857142857,34,34,TGACCAGCTCTTCACACAAA,0,2156889
lpp,0.02857142857142857,34,34,AGACTAACGCAGGGCGACAC,0,2156606
lpp,0.029411764705882353,33,33,GTATGTATCTTAGGAGATTG,0,2156582
lpp,0.029411764705882353,33,33,CAATTGTCGGGACGAACAAT,0,2157477
lpp,0.03225806451612903,30,30,TTAAACAGCGAATATTTAAA,0,2158893
lpp,0.03225806451612903,30,30,TCTTTATAATAGTTTTGAAT,0,2161387
lpp,0.03225806451612903,30,30,CCATGAGAGACGACAATCGG,0,2157145
lpp,0.03333333333333333,29,29,TAGACAAAGTTCACCATAAT,0,2157335
lpp,0.03333333333333333,29,29,ACTCCGGAATATTGCATAGA,0,2157148
lpp,0.034482758620689655,28,28,TTATTTTCCATAGAGTACGA,0,2154110
lpp,0.034482758620689655,28,28,GGGACCGTGGATCAGCCTCT,0,2153837
lpp,0.034482758620689655,28,28,GACTAAGCGCGCAAAATGTT,0,2155860
lpp,0.034482758620689655,28,28,ATGAGATCCGTTTCCGGTTG,0,2161483
lpp,0.03571428571428571,27,27,TCTGAGCTGTCTGTGACTGT,0,2154169
lpp,0.03571428571428571,27,27,GAGGTCCAAGTGGCGTAGTG,0,2153718
lpp,0.03571428571428571,27,27,AGTTAAAGCAGCTCGACTGA,0,2154315
lpp,0.037037037037037035,26,26,GGGGGGATCGTGCTGAGGTG,0,2156731
lpp,0.037037037037037035,26,26,CGGGGGTGCACGTGCGCCGG,0,2153557
lpp,0.037037037037037035,26,26,AGTTTAGCGTATCGGCCACT,0,2155314
lpp,0.04,24,24,TCAGGTACAATTACTAACAC,0,2154114
lpp,0.04,24,24,CTTTCGCGTGGCCTTCGGAT,0,2161212
lpp,0.04,24,24,CCGTCAGTACATTAGTCGCT,0,2156965
lpp,0.04,24,24,ATGATAGTATATGGACACGA,0,2161681
lpp,0.041666666666666664,23,23,TGTACCTTAGCAAGATAGGT,0,2153219
lpp,0.041666666666666664,23,23,TGGTTAAGATATCATTCCGG,0,2155660
lpp,0.041666666666666664,23,23,GTGCAGGCAGTCTCCGGCAA,0,2160030
lpp,0.041666666666666664,23,23,GATAGCGGTAGACTCGCGAA,0,2155969
lpp,0.041666666666666664,23,23,CCTACAATTATTTTAGTTCT,0,2153120
lpp,0.043478260869565216,22,22,TTTTGCGATGCGTGTGTTAT,0,2159411
lpp,0.043478260869565216,22,22,TTTAGTGAGTCCCCCGTCTA,0,2153543
lpp,0.043478260869565216,22,22,GCGGGTTAGGCGTTGGTCGC,0,2160778
lpp,0.043478260869565216,22,22,ATGACAACCTGCAGCTTATT,0,2161373
lpp,0.045454545454545456,21,21,TGAGAGATCGCGCAGGTTAT,0,2155990
lpp,0.045454545454545456,21,21,GTGGATGCAGTGTTTACTGA,0,2154274
lpp,0.045454545454545456,21,21,GAGTACGTGGGTGTCGGTGA,0,2159729
lpp,0.045454545454545456,21,21,CTCTTCCTTTCCCGGTGGAG,0,2161748
lpp,0.045454545454545456,21,21,CGGTTCACGGGACTTGAATG,0,2153802
lpp,0.045454545454545456,21,21,CATCGATAGTTAGCTCACGT,0,2153154
lpp,0.045454545454545456,21,21,ATTGGCGTTGAGGGTCTAAA,0,2153951
lpp,0.045454545454545456,21,21,AGGCCTGATGGTCTGCCAAG,0,2153290
lpp,0.047619047619047616,20,20,TCGGATCGGAATTCTGGGAT,0,2155347
lpp,0.047619047619047616,20,20,GTCTTCAAATCATGGGTCTC,0,2159615
lpp,0.047619047619047616,20,20,GGTAGTGGCGACGGGCGACG,0,2153547
lpp,0.047619047619047616,20,20,CGGGTATGTCAGAGGGAGTC,0,2158421
lpp,0.047619047619047616,20,20,CGGCCCTGCGAGGTCTCGAT,0,2159305
lpp,0.05,19,19,TTCAAGTCCGAGGATCCAGA,0,2157203
lpp,0.05,19,19,TGATAACTCGCGCACGACTT,0,2156167
lpp,0.05,19,19,CTTACGGGGCATTCGGTTTG,0,2161628
lpp,0.05,19,19,CTGTGCTCCAAGGAGACAAA,0,2155127
lpp,0.05,19,19,ATGTCAAGATAAGCCAACCA,0,2162224
lpp,0.05,19,19,AGTAGTATTTGCTCTATTCG,0,2161533
lpp,0.05,19,19,AACGAAGGTATTCTCATCGG,0,2159818
lpp,0.05,19,19,AACCTTTTGCTATGGGCATC,0,2157634
lpp,0.05263157894736842,18,18,TGGCAAACCTCTGCCACCAC,0,2161160
lpp,0.05263157894736842,18,18,TGCGCCCGGTCGTGCTCGAT,0,2154317
lpp,0.05263157894736842,18,18,TGCAGACCACTTCTGGGTCT,0,2153742
lpp,0.05263157894736842,18,18,TAGGCAACTAAAGGAAGGTG,0,2158113
lpp,0.05263157894736842,18,18,GGGCCGGAGGCAAGCAGACC,0,2158790
lpp,0.05263157894736842,18,18,GATTCGGCCTAGGACCGATC,0,2155078
lpp,0.05263157894736842,18,18,GAAAGAAGAAACCCGTGTCT,0,2154058
lpp,0.05263157894736842,18,18,CCTGTTTATGAAGCTCGCAA,0,2155955
lpp,0.05263157894736842,18,18,ATTAAGGCGTTACGTGCAAA,0,2160132
lpp,0.05263157894736842,18,18,ATCAGTCCGGCGAATTATTG,0,2156300
lpp,0.05263157894736842,18,18,AATCAGTTCCACCTCGAGCC,0,2159996
lpp,0.05555555555555555,17,17,TTGTGCTTGCACGCTTCTGA,0,2154563
lpp,0.05555555555555555,17,17,TTGTACATTATTAGGTTTTA,0,2158352
lpp,0.05555555555555555,17,17,TTCTCGTCAATTTTTCGGAG,0,2155769
lpp,0.05555555555555555,17,17,TGGACTAGCGCATGATTTGG,0,2156607
lpp,0.05555555555555555,17,17,TGACCGCGTGTCCCTTTGGG,0,2152803
lpp,0.05555555555555555,17,17,GGCCCAACTCAAAAGATTGT,0,2157089
lpp,0.05555555555555555,17,17,GGACTAACTCAGCAAACTTA,0,2157471
lpp,0.05555555555555555,17,17,GGACAACGGCTAGCAGGGAC,0,2161274
lpp,0.05555555555555555,17,17,GAACGTCCAGCCTGCATAAT,0,2153788
lpp,0.05555555555555555,17,17,CTGATATTTTGATGCTGGGT,0,2153301
lpp,0.05555555555555555,17,17,CTCGTTGCAACAAATATGTA,0,2154676
lpp,0.05555555555555555,17,17,CTATCTGTACCCTGCACATG,0,2157144
lpp,0.05555555555555555,17,17,CGGCGATCGGCAGTCGATCT,0,2155362
lpp,0.05555555555555555,17,17,AGGGCGATTCAGTAGTATCT,0,2157817
lpp,0.05555555555555555,17,17,AATTATCGAGATATTTGTAA,0,2153218
lpp,0.058823529411764705,16,16,TGTATACGAATTTCATGGTC,0,2159596
lpp,0.058823529411764705,16,16,TATAAGAAATCATCGGGGTG,0,2155177
lpp,0.058823529411764705,16,16,TAAGGTCACCTGGTACACTC,0,2159393
lpp,0.058823529411764705,16,16,GGATGGATACCACCTATCTT,0,2153793
lpp,0.058823529411764705,16,16,GACAACCGGTGCGGTCCGCT,0,2154579
lpp,0.058823529411764705,16,16,CTACAGCGAATAGACAAGGC,0,2153185
lpp,0.058823529411764705,16,16,CGCAGAGAGCAAATTGTCCC,0,2156232
lpp,0.058823529411764705,16,16,CGCACCACCCTACCACGTCT,0,2159511
lpp,0.058823529411764705,16,16,CGAACCGCGCAATGTTTAAA,0,2158137
lpp,0.058823529411764705,16,16,CCTGCCGGCGTCAAATGTCA,0,2153239
lpp,0.058823529411764705,16,16,CCTCCTCTGGGTCGCTCCGC,0,2157189
lpp,0.058823529411764705,16,16,AGTTGCTCCAGTCAGTATTC,0,2158085
lpp,0.058823529411764705,16,16,ACGCGGGCGATGGGAGTTGG,0,2153186
lpp,0.058823529411764705,16,16,AATTCCTACTCTAGTGTGAG,0,2156850
lpp,0.058823529411764705,16,16,AAGGATCGGGGCGCCAGTCA,0,2159884
lpp,0.058823529411764705,16,16,AACAAGCTCACATACTGTCT,0,2160290
lpp,0.0625,15,15,TTGAAAACTTATGCATAGGA,0,2158998
lpp,0.0625,15,15,TGTCGTTCCGGGGGTCAGGG,0,2161081
lpp,0.0625,15,15,TGCCCAGGCTACGGCTGGTC,0,2153188
lpp,0.0625,15,15,TCTTCGGTCAGGACTGCCGC,0,2159658
lpp,0.0625,15,15,TAGCATATGAAATACGGGCG,0,2159879
lpp,0.0625,15,15,GGAGATAGAACAGACTGTGT,0,2159272
lpp,0.0625,15,15,GCCGATTGGGACTGAGGAAC,0,2153982
lpp,0.0625,15,15,GCAGAGTGCTTAATAGCAGA,0,2159516
lpp,0.0625,15,15,CTGTTCTTGGGGATTCGCCA,0,2153634
lpp,0.0625,15,15,ATACCGACATGGTGTTTTCG,0,2161053
lpp,0.0625,15,15,AGAACGGTACACCGTATGGG,0,2154298
lpp,0.0625,15,15,ACCGAGTAGGGGAGCTTCTG,0,2160347
lpp,0.0625,15,15,ACCGAATGGTGTGTCATAGA,0,2160341
lpp,0.06666666666666667,14,14,TTGGACCCACGCAAAAATAG,0,2154510
lpp,0.06666666666666667,14,14,TGCACGCATTAGGACCGGAA,0,2161445
lpp,0.06666666666666667,14,14,TCGTGCATGGGGGGCGCCGT,0,2160875
lpp,0.06666666666666667,14,14,TCATAGAACTATATCGAAAC,0,2159086
lpp,0.06666666666666667,14,14,GTTAAGAACGTGGGGTCCGC,0,2156945
lpp,0.06666666666666667,14,14,GGTCCATACTCAAGCTTTAC,0,2155685
lpp,0.06666666666666667,14,14,GCGTGGAAATACACTGCGGT,0,2154341
lpp,0.06666666666666667,14,14,GAAAAAGATCCCCGAAGTCT,0,2158110
lpp,0.06666666666666667,14,14,CTCTGGCGCAGCCCCCGTGA,0,2158105
lpp,0.06666666666666667,14,14,CTCGTCCGCTGCACTATGCC,0,2152982
lpp,0.06666666666666667,14,14,CTCGCTGCAATTCATTTGGG,0,2153782
lpp,0.06666666666666667,14,14,CGGGTTCGATCGTGCGCCTC,0,2154991
lpp,0.06666666666666667,14,14,CAGGTTTCGTTAAAACTAAA,0,2155191
lpp,0.06666666666666667,14,14,CACAACGAGTAGATAAGGGC,0,2153288
lpp,0.06666666666666667,14,14,ATTGAATGCGACCGAAACTT,0,2152959
lpp,0.06666666666666667,14,14,ATTCTGGTCATGAACCTACG,0,2153724
lpp,0.06666666666666667,14,14,ATGCGCAGGGTCGATCATTG,0,2154383
lpp,0.06666666666666667,14,14,ATCGCGATTGCGTGGATTCG,0,2161150
lpp,0.06666666666666667,14,14,ACTTTCGTACCTAGGGGAAC,0,2158358
lpp,0.06666666666666667,14,14,AATTTAAGTCTTGTTACATA,0,2157520
lpp,0.06666666666666667,14,14,AAAGCCTCACGGGGTGCTTC,0,2157028
lpp,0.07142857142857142,13,13,TTTACTTACTATCGTTGATA,0,2156405
lpp,0.07142857142857142,13,13,TTGTCTGCAGTCGCTCGTTA,0,2153082
lpp,0.07142857142857142,13,13,TTATGGATGGTATGTAAGCT,0,2158178
lpp,0.07142857142857142,13,13,TTACAGCCAAGTTCCGTCGT,0,2157345
lpp,0.07142857142857142,13,13,TGTTTGTACCGTCTGCTTCT,0,2153623
lpp,0.07142857142857142,13,13,TGTTGAGGAAATTTCACCTA,0,2153199
lpp,0.07142857142857142,13,13,TGGCTACAAGGGCAGCAAGC,0,2159332
lpp,0.07142857142857142,13,13,TCTCGGACAACACTTCGTAG,0,2154962
lpp,0.07142857142857142,13,13,TCGGGTGGGACACTACAACA,0,2158387
lpp,0.07142857142857142,13,13,TCGATTATAATGACTATGGA,0,2153418
lpp,0.07142857142857142,13,13,TATACTACCGGGTCATTTGC,0,2162150
lpp,0.07142857142857142,13,13,GTCCCCTAAGGCTCACTTAT,0,2156191
lpp,0.07142857142857142,13,13,GGGACCTTTCTCACGTTACG,0,2162228
lpp,0.07142857142857142,13,13,GAGCTATACAAAGAGACGAG,0,2161144
lpp,0.07142857142857142,13,13,GAGCGGCCGGGTTAACCGTA,0,2160226
lpp,0.07142857142857142,13,13,GAAGCGCTTAGGTCTTATGT,0,2158120
lpp,0.07142857142857142,13,13,CTTTGCTAGAAACATTCTGT,0,2158098
lpp,0.07142857142857142,13,13,CTTTAGAAGAATGAGGACCA,0,2154957
lpp,0.07142857142857142,13,13,CGTGCTAGACCACGCCTCGA,0,2158696
lpp,0.07142857142857142,13,13,CCGCTGCATTTTGTTGAGCT,0,2155075
lpp,0.07142857142857142,13,13,CCCTCACGGTGACACCCTCT,0,2157235
lpp,0.07142857142857142,13,13,CCAGCCATGCAGCGGGGGTA,0,2159915
lpp,0.07142857142857142,13,13,CATTTATTGCTCGGGGGACA,0,2159727
lpp,0.07142857142857142,13,13,ATTGGGCTATTCAAAAGGGT,0,2154557
lpp,0.07142857142857142,13,13,ATGGATCTGGCATGTAAGTT,0,2157282
lpp,0.07142857142857142,13,13,AGTGAATGACGTAATATTCG,0,2156280
lpp,0.07142857142857142,13,13,AGGACGGTTAAGGGTGTAGG,0,2155822
lpp,0.07142857142857142,13,13,AATTGCACCTTTATTTAGAT,0,2153963
lpp,0.07142857142857142,13,13,AATATGAGACAGAAATACAA,0,2159648
lpp,0.07142857142857142,13,13,AATAGTTGCCTCGTATAAAG,0,2155028
lpp,0.07142857142857142,13,13,AACGGTCCAAGCGTACTCAG,0,2154679
lpp,0.07692307692307693,12,12,TTTATATAATGCGTTTCCGA,0,2157162
lpp,0.07692307692307693,12,12,TTCTGAGAGGTAGCGTGATT,0,2159090
lpp,0.07692307692307693,12,12,TGTTACTTACTGTTGTACTG,0,2153433
lpp,0.07692307692307693,12,12,TCGTCCGGTATATTAATGTA,0,2152676
lpp,0.07692307692307693,12,12,TATAACGGCGCCTTTTACTC,0,2156603
lpp,0.07692307692307693,12,12,GGTCGGTCGTATAATAAACA,0,2158265
lpp,0.07692307692307693,12,12,GCACTGATCTCAGTACCAAT,0,2157582
lpp,0.07692307692307693,12,12,GACTACACGTAGGTCCGCCT,0,2156632
lpp,0.07692307692307693,12,12,CTCGTGGGGGTTTATCACAA,0,2158604
lpp,0.07692307692307693,12,12,CGTGTCTTTGACAACGGGGA,0,2156305
lpp,0.07692307692307693,12,12,CGGAATCAGGCAATGACAGG,0,2162025
lpp,0.07692307692307693,12,12,CCGCCCCTAGGAGGCTTACT,0,2158852
lpp,0.07692307692307693,12,12,CCCGCGAGTCAAGACGTCCT,0,2161222
lpp,0.07692307692307693,12,12,CACGTACCAGTTCATGTCGG,0,2158849
lpp,0.07692307692307693,12,12,CACAGATTACACTTTCGATC,0,2154603
lpp,0.07692307692307693,12,12,ATTAAAAGTAAGGCAATAGG,0,2154523
lpp,0.07692307692307693,12,12,ATACGCATATCGTATCTGTA,0,2154915
lpp,0.07692307692307693,12,12,ATAATGAGCAGTGCGTCTAG,0,2159348
lpp,0.07692307692307693,12,12,AGGCATCCGGAACATACTCC,0,2161674
lpp,0.07692307692307693,12,12,AGCGTAGTCATAATATCCGC,0,2156727
lpp,0.07692307692307693,12,12,AGCACCTTCCATGGTAGGCC,0,2159383
lpp,0.07692307692307693,12,12,ACTGCCGATCTTTGTAACGA,0,2158522
lpp,0.07692307692307693,12,12,AATCATAGGGCTGGAAGATA,0,2158670
lpp,0.07692307692307693,12,12,AAGCTTTGGAATTTGTCTCA,0,2156660
lpp,0.08333333333333333,11,11,TTCAGTTCAAAAGACCTTGT,0,2154721
lpp,0.08333333333333333,11,11,TGTCGATGTAGAAAAACCGC,0,2160223
lpp,0.08333333333333333,11,11,TGGGCAGGGAACGTATCCGT,0,2161413
lpp,0.08333333333333333,11,11,TGGCTGCCTTTTGGGATCCA,0,2153114
lpp,0.08333333333333333,11,11,TGCAGACATACTCCACCGTA,0,2157821
lpp,0.08333333333333333,11,11,TGACATCTAGCACGTGAAGA,0,2153877
lpp,0.08333333333333333,11,11,TCGTATGGTGAATAGAGGTA,0,2160872
lpp,0.08333333333333333,11,11,TCGGCAGAACGAGCACCAGC,0,2155262
lpp,0.08333333333333333,11,11,TCCAGGCCGATAATGTCGCG,0,2152674
lpp,0.08333333333333333,11,11,TAGGTACCCAACCTCCCAGC,0,2159581
lpp,0.08333333333333333,11,11,TAGAGCGTCTCCGCGGACGC,0,2160682
lpp,0.08333333333333333,11,11,TACCGATTCTTACTTCGAGA,0,2161411
lpp,0.08333333333333333,11,11,TACACCAAATCTGATGTAAG,0,2156417
lpp,0.08333333333333333,11,11,GTACTATTTACTGGACAGCA,0,2152675
lpp,0.08333333333333333,11,11,GGCGTCGTCATGAAAGTGAC,0,2160793
lpp,0.08333333333333333,11,11,GGCCCGCCTGGCCTTCGCGT,0,2155889
lpp,0.08333333333333333,11,11,GGAGCCCCCCCGGTATTTTG,0,2153470
lpp,0.08333333333333333,11,11,GCTTACAACCGAACGACCCC,0,2154189
lpp,0.08333333333333333,11,11,GCTACTACGATTGCGACTGT,0,2161324
lpp,0.08333333333333333,11,11,GCTAACTTGAATGATTGTAC,0,2154414
lpp,0.08333333333333333,11,11,GCGCAGATACCGTTCAAGGA,0,2155793
lpp,0.08333333333333333,11,11,GCCCGCAGCGATACCAAGTT,0,2161414
lpp,0.08333333333333333,11,11,GCACGGATTTATTGCCGGGT,0,2156175
lpp,0.08333333333333333,11,11,GATTTTACTTGGATTGCGAC,0,2154291
lpp,0.08333333333333333,11,11,GATCCATGAACATGATACGT,0,2158650
lpp,0.08333333333333333,11,11,GAGATGCGACTAGAGGAGCT,0,2156237
lpp,0.08333333333333333,11,11,GACCAACACGATGGTTGATG,0,2155029
lpp,0.08333333333333333,11,11,GAACTCTGCCAAATCGGTCA,0,2154009
lpp,0.08333333333333333,11,11,CTCACCAACTGCACGATAGT,0,2153395
lpp,0.08333333333333333,11,11,CGCCTGACGCAACGGCTTTG,0,2157659
lpp,0.08333333333333333,11,11,CGCCTCAGCGGCATAGCTAC,0,2152900
lpp,0.08333333333333333,11,11,CGACCGTTGTGCATTCGGTA,0,2159087
lpp,0.08333333333333333,11,11,CCTTACGGTATGGGTATCGC,0,2158471
lpp,0.08333333333333333,11,11,CCAACCCCCGCGTGACACCT,0,2154606
lpp,0.08333333333333333,11,11,CAGCATCATACTATTTATCC,0,2159276
lpp,0.08333333333333333,11,11,ATATATGGTGGCGAGCACGA,0,2154477
lpp,0.08333333333333333,11,11,AGAGTTACGACTTTTATAGT,0,2157279
lpp,0.08333333333333333,11,11,AGAGCGCTGGTAGTGGTCCC,0,2161294
lpp,0.08333333333333333,11,11,AGAGAATGATTTAACGGCTT,0,2157092
lpp,0.08333333333333333,11,11,ACGCTCACCCGTGCTCGAGT,0,2156408
lpp,0.08333333333333333,11,11,ACAACAGGAGTATTAGTAAC,0,2153967
lpp,0.08333333333333333,11,11,AATGGCACGAACGTAGCTAC,0,2153953
lpp,0.08333333333333333,11,11,AACTCTTGTGGGTGTATGGC,0,2157790
lpp,0.09090909090909091,10,10,TTCCGTTTAATTCCCGAGAG,0,2160563
lpp,0.09090909090909091,10,10,TGCCACACTAACTTGCTGCG,0,2156880
lpp,0.09090909090909091,10,10,TCTGTATGCCATACCTGAAA,0,2153359
lpp,0.09090909090909091,10,10,TCTCAGCTGCGCTAGTGATG,0,2152962
lpp,0.09090909090909091,10,10,TCTCAGCGATTCATGAGAAT,0,2159969
lpp,0.09090909090909091,10,10,TATCATAGGTGGTGAAATTG,0,2158515
lpp,0.09090909090909091,10,10,TAAAGGGCTGCTTCAACAGA,0,2158473
lpp,0.09090909090909091,10,10,GTTCGTCTGTCCCAGATTTA,0,2161675
lpp,0.09090909090909091,10,10,GTCGATGCACCGAGGCAGGA,0,2159928
lpp,0.09090909090909091,10,10,GTACCGCGGGTCGAGGAAAG,0,2153427
lpp,0.09090909090909091,10,10,GGTTGCTTGACGGTGGAGGG,0,2160306
lpp,0.09090909090909091,10,10,GGTTGATTTCTCACCAATGC,0,2157864
lpp,0.09090909090909091,10,10,GGGAATCGGACATCCTCTCT,0,2161246
lpp,0.09090909090909091,10,10,GGATAAATACTATTCCTATA,0,2158385
lpp,0.09090909090909091,10,10,GGACCCCGGCGAAGTTTGCT,0,2161158
lpp,0.09090909090909091,10,10,GCCGCCATATGTTGCGCCTA,0,2157712
lpp,0.09090909090909091,10,10,GATCCGCATCCTGGTGTGAT,0,2152864
lpp,0.09090909090909091,10,10,GAGTTCTAGAGTTTTGGCCT,0,2157292
lpp,0.09090909090909091,10,10,GAGGCAAATTAGGAGCAAGC,0,2153962
lpp,0.09090909090909091,10,10,GAATTCAGCCGAACCGGATC,0,2158205
lpp,0.09090909090909091,10,10,CTATTAGCCATCTCACGCCA,0,2158438
lpp,0.09090909090909091,10,10,CGGATTGACGATGGCCAATG,0,2159797
lpp,0.09090909090909091,10,10,CGCGGCTTATGATGAGGAAT,0,2161407
lpp,0.09090909090909091,10,10,CGCGAGAACTCATTCTTAAA,0,2157643
lpp,0.09090909090909091,10,10,CGACGCGTTACATGCCGAAG,0,2157780
lpp,0.09090909090909091,10,10,CCTTTAGATTTGAGGTCAAG,0,2158193
lpp,0.09090909090909091,10,10,CCGTGAGGGTGACAACGTCA,0,2156284
lpp,0.09090909090909091,10,10,CCGGTGACTACTGCGTGTCG,0,2152985
lpp,0.09090909090909091,10,10,CCGCGGCGCGAACACGTCCT,0,2157015
lpp,0.09090909090909091,10,10,CCGCAATGGATCAGACTTGA,0,2159419
lpp,0.09090909090909091,10,10,CCAGAATAAATCCTGAGCTG,0,2160689
lpp,0.09090909090909091,10,10,CATAGGAGTCTAAGAGGTCA,0,2156180
lpp,0.09090909090909091,10,10,CAGATCAACTTGCGCCCTAA,0,2160658
lpp,0.09090909090909091,10,10,CACTTCTGCCTAGACGATAA,0,2157762
lpp,0.09090909090909091,10,10,CACGGACCTCAACGTAGTAC,0,2157919
lpp,0.09090909090909091,10,10,CACACCCAATATTCTCGTGT,0,2158732
lpp,0.09090909090909091,10,10,ATCTGCATCAGTACGGTACA,0,2157187
lpp,0.09090909090909091,10,10,AGGCTTCCCATCCAAAGTTG,0,2161250
lpp,0.09090909090909091,10,10,AGGCAGTGCCCGGCGCGGAT,0,2158861
lpp,0.09090909090909091,10,10,AGATACAGGCCCAAGGTCCT,0,2160499
lpp,0.09090909090909091,10,10,AGACCCCAAAAATAACATCA,0,2159476
lpp,0.09090909090909091,10,10,AGAAATTGCTCGCCCGAACA,0,2158931
lpp,0.09090909090909091,10,10,ACTTATTATGAAGTCTCGCT,0,2156465
lpp,0.09090909090909091,10,10,ACAGGGTCACCATACCAGAA,0,2158601
lpp,0.09090909090909091,10,10,AATGTCGATCAACCCTACGA,0,2156179
lpp,0.1,9,9,TTGACGCCGCGTTCGTACAT,0,2161488
lpp,0.1,9,9,TTCCGCAAGCCCGGCCTTAC,0,2152894
lpp,0.1,9,9,TTAGGTACTACTTGGGGCTT,0,2155972
lpp,0.1,9,9,TGTATATAACGCTTTTTGGC,0,2157242
lpp,0.1,9,9,TGGAGATCATCCAGAAGGTG,0,2155294
lpp,0.1,9,9,TGAATTTCCATTTGCATCTT,0,2162018
lpp,0.1,9,9,TCCAATGTAAGCCGTTAAAA,0,2156812
lpp,0.1,9,9,TAATGCCAAGCCAGACATGA,0,2158874
lpp,0.1,9,9,GTGGGGAGCAGGATCCACAG,0,2155906
lpp,0.1,9,9,GTATTGAATGTGGCACGTTA,0,2153157
lpp,0.1,9,9,GGGCCATCTGAGTCAGGGAT,0,2160445
lpp,0.1,9,9,GGCCACTCACTAAAATGCAT,0,2157581
lpp,0.1,9,9,GATCAAACGTGGTAAACACG,0,2155665
lpp,0.1,9,9,GAATAGGGATCGGCATTGTC,0,2154673
lpp,0.1,9,9,CTTGGGGGGTGCCATGCCTG,0,2157136
lpp,0.1,9,9,CTGTGGTGGTACATACCCGT,0,2157027
lpp,0.1,9,9,CTCCCAGGATTTCGATGGAT,0,2153556
lpp,0.1,9,9,CTATTGGCCGTCTCGACCAT,0,2153115
lpp,0.1,9,9,CGGTAATTCACCATTTGATC,0,2161329
lpp,0.1,9,9,CGGGGCTAAACCTGCGGCAG,0,2155278
lpp,0.1,9,9,CGCGAAAAGCCAGTTAGGAA,0,2155901
lpp,0.1,9,9,CGACGACGACGTGCCCAACT,0,2152807
lpp,0.1,9,9,CCGAGGTCATGTTGGAATCG,0,2158779
lpp,0.1,9,9,CCCGTGTTAAGTCAACTCCT,0,2159262
lpp,0.1,9,9,CCAAGGCCCATTTCTGAGGG,0,2156479
lpp,0.1,9,9,CATAATCTCTAAATCCTGTA,0,2157764
lpp,0.1,9,9,CACTTATCAACGTATGCGTA,0,2159084
lpp,0.1,9,9,CAACAAGTGAGGACCGTTCT,0,2159497
lpp,0.1,9,9,CAAAATGTGAAGGCAGCTGA,0,2154976
lpp,0.1,9,9,ATTCGTTACGAACCACTGGA,0,2155529
lpp,0.1,9,9,ATACTCGTCAATTCTGGCGG,0,2155890
lpp,0.1,9,9,AGTTAAACATATGGTCGTGA,0,2161416
lpp,0.1,9,9,AGTCTTGACAAGTATCTCGC,0,2154575
lpp,0.1,9,9,AGTATGAGGTGGGGCCGAAG,0,2157814
lpp,0.1,9,9,AGCTTAGTGAGCACTCTCCT,0,2155444
lpp,0.1,9,9,AGCACAGCCCGGGGTGCTAC,0,2153056
lpp,0.1,9,9,ACGGAGCGTCTACAATGGAT,0,2157630
lpp,0.1,9,9,ACGCGAGTCTTGGGATCTTA,0,2161540
lpp,0.1,9,9,AAGGATCCGGCGGAAGAGCA,0,2157553
lpp,0.1,9,9,AAGCGAGGTTGCCGTCCACA,0,2157642
lpp,0.1,9,9,AAAGAAGCTTTCGTGGTGAC,0,2158991
lpp,0.1111111111111111,8,8,TTTAAATGACGTTTAGCGGA,0,2156444
lpp,0.1111111111111111,8,8,TTAACAGTTGGTCAGCGGTT,0,2161485
lpp,0.1111111111111111,8,8,TGTCCGTCCAATGTCCTTAC,0,2162010
lpp,0.1111111111111111,8,8,TGTCACAGTTCGGGAAAGTA,0,2159502
lpp,0.1111111111111111,8,8,TGGCCACCCCACACGTCCCA,0,2154246
lpp,0.1111111111111111,8,8,TGATAGACAGGGTCGGTTCA,0,2161321
lpp,0.1111111111111111,8,8,TGAGGGCCGAACGCTTCCAA,0,2159328
lpp,0.1111111111111111,8,8,TCTATGGCGGATCTTATTAG,0,2159106
lpp,0.1111111111111111,8,8,GTTGTTTCGGAGCCTTTCGG,0,2154509
lpp,0.1111111111111111,8,8,GTGAGGTCTTACGGTTACGT,0,2156299
lpp,0.1111111111111111,8,8,GTATGCACTGGTGTAAGTGA,0,2155611
lpp,0.1111111111111111,8,8,GTAGCATACCCGCCGAAATG,0,2155613
lpp,0.1111111111111111,8,8,GGTAACGGATGCCGAAAAGT,0,2155171
lpp,0.1111111111111111,8,8,GCGTCTATTGGACAGTCGGA,0,2154845
lpp,0.1111111111111111,8,8,GCGATTCACTTCAATCTTGT,0,2153206
lpp,0.1111111111111111,8,8,GCAACCGTGAAAAAGGAGGG,0,2155019
lpp,0.1111111111111111,8,8,GAGGCTTGATTTGCAGTTTG,0,2157346
lpp,0.1111111111111111,8,8,GAGACCATCTCCGACCTGGA,0,2153803
lpp,0.1111111111111111,8,8,CTGTACCCGGGGAACTACCA,0,2159706
lpp,0.1111111111111111,8,8,CTCTGATTCTTCCACAATTT,0,2156903
lpp,0.1111111111111111,8,8,CTATGGAATTCTTAGTGAAG,0,2160646
lpp,0.1111111111111111,8,8,CGGAGCACACACGGGAATAA,0,2159826
lpp,0.1111111111111111,8,8,CGGACTGTGGCACGTTAATG,0,2159814
lpp,0.1111111111111111,8,8,CGCTTCCAGGGGCCAGGGTC,0,2157522
lpp,0.1111111111111111,8,8,CGAAAGAACGCGTTCTTAAG,0,2158523
lpp,0.1111111111111111,8,8,CCTTTAGCGTCTTACTGTTT,0,2156278
lpp,0.1111111111111111,8,8,CCTCTTTTCTAGTGTCAGAG,0,2160716
lpp,0.1111111111111111,8,8,CCACCGCTCCTATACCAGCT,0,2159746
lpp,0.1111111111111111,8,8,CATGACGTAGAGACGCGAGA,0,2157023
lpp,0.1111111111111111,8,8,CAGTCTGTAGGCAGGGGTCG,0,2161510
lpp,0.1111111111111111,8,8,CACTCTCTAACCAGACAATG,0,2159246
lpp,0.1111111111111111,8,8,CACTAGGGGGGGAATGTATG,0,2159681
lpp,0.1111111111111111,8,8,CAACCCCCTGGCCTGACTGG,0,2153925
lpp,0.1111111111111111,8,8,CAAATGTTGCTCATCGGTTG,0,2155271
lpp,0.1111111111111111,8,8,ATGAAGGACCAGCATGGAAT,0,2153370
lpp,0.1111111111111111,8,8,ATAAATTCGGGGCTCTAACG,0,2159012
lpp,0.1111111111111111,8,8,AGGATTAGCGACTCTCAAGT,0,2160516
lpp,0.1111111111111111,8,8,AGCTCCCAAGGCATGAACTC,0,2152687
lpp,0.1111111111111111,8,8,AGATATTAGGGGTCAGACGA,0,2153910
lpp,0.1111111111111111,8,8,AGAATTAATTTATCAATGTA,0,2154327
lpp,0.1111111111111111,8,8,ACGTGCTAAGTCACTCATTT,0,2158418
lpp,0.1111111111111111,8,8,ACGGGACTGTGCCCAGCCAG,0,2156171
lpp,0.1111111111111111,8,8,ACCAGTGTAGGTTGCTAGAC,0,2153307
lpp,0.1111111111111111,8,8,AATCTCCAATATAGGCAGGC,0,2158347
lpp,0.1111111111111111,8,8,AACACCTCAGGACTTGAGTG,0,2155715
lpp,0.125,7,7,TTTGCATTCGAGCGTCTATC,0,2155054
lpp,0.125,7,7,TTTATGGCCGGTTGGGCATA,0,2154115
lpp,0.125,7,7,TTCTCTGGGTACCACTTCTT,0,2161782
lpp,0.125,7,7,TTCTACCATGCCGTGCGCTC,0,2157138
lpp,0.125,7,7,TTATTTGGGCTACACACACT,0,2153223
lpp,0.125,7,7,TTACGAAGCAATCTCTTATC,0,2159684
lpp,0.125,7,7,TGTTATTGATCAGTTATCAC,0,2157090
lpp,0.125,7,7,TCTTCACTATACGTTTTAGT,0,2162002
lpp,0.125,7,7,TCGCACGTGAGCTTAGTTTG,0,2160790
lpp,0.125,7,7,TCCTGGCTCAGTATTCACGT,0,2152828
lpp,0.125,7,7,TATGAGGCCCATCCCGTAGC,0,2154290
lpp,0.125,7,7,TATCGGACGGCCCCGCTTCT,0,2156231
lpp,0.125,7,7,TAGGTGTCTGTACTCATTCG,0,2156646
lpp,0.125,7,7,TACTGGGTAGACTGGTTACC,0,2153407
lpp,0.125,7,7,TAAACTCTTTGAGGTGAGTT,0,2156194
lpp,0.125,7,7,GTGTTATAACGTGTCTGTCC,0,2153658
lpp,0.125,7,7,GTCTTAAGAGGCTTCTCCGA,0,2153015
lpp,0.125,7,7,GGTCCACACAGCACCTCTGA,0,2159300
lpp,0.125,7,7,GGTATGAATGAGGGATCGTT,0,2156904
lpp,0.125,7,7,GGTAGCATGGCAGAGAACTT,0,2153027
lpp,0.125,7,7,GGGCCTGGATGATTTTACGG,0,2157852
lpp,0.125,7,7,GGAAGCCTGACTAGAGCTCT,0,2155891
lpp,0.125,7,7,GCTTTGGATGCACATCGTTT,0,2157216
lpp,0.125,7,7,GCGTATGAAACTGTGTTTCT,0,2157638
lpp,0.125,7,7,GATGTTCGGAAATGATGATT,0,2155707
lpp,0.125,7,7,GAGTAAACTCCCACCAGCTA,0,2157169
lpp,0.125,7,7,GAGAAGGAGGTGGATTCGGG,0,2153105
lpp,0.125,7,7,GAATGCGTACGTCTCTTGCT,0,2156393
lpp,0.125,7,7,GAACGTCCATCCTTAGCGAT,0,2152702
lpp,0.125,7,7,CTTGGGTAGCGTGTCAGAAC,0,2153183
lpp,0.125,7,7,CTGAGCGGACCTTGGCTAGT,0,2153166
lpp,0.125,7,7,CTCAAGTCCCAGGCTTCCCC,0,2154415
lpp,0.125,7,7,CTAGTTTGGGTTCCGTGAGG,0,2161481
lpp,0.125,7,7,CGTATTTCCTTTAAAAGTAT,0,2155836
lpp,0.125,7,7,CGGTATGGGAGGCATGAGAT,0,2157406
lpp,0.125,7,7,CCTGGGGCTGCCGGGCTCTG,0,2155869
lpp,0.125,7,7,CCTAGCCCAGTAACCGGCCT,0,2153696
lpp,0.125,7,7,CCCGGAACGGATGGACTCAT,0,2156539
lpp,0.125,7,7,CCCGATAGCCTTATAGGATC,0,2154120
lpp,0.125,7,7,CCATATTGCTTGCCTGTCCT,0,2157184
lpp,0.125,7,7,CCAGTCTAGGTCTAACGTGT,0,2160591
lpp,0.125,7,7,CCAGGTATGGGGTGGGTCCT,0,2157291
lpp,0.125,7,7,CCAGAAGAAAGCTTATGATT,0,2159244
lpp,0.125,7,7,CCACACCCCTGCACAGCATA,0,2155335
lpp,0.125,7,7,CCAAACCGCATGCCAACTTA,0,2156585
lpp,0.125,7,7,CAGATGAAAGGGGATTAGCA,0,2155936
lpp,0.125,7,7,CAGACGTTATTTTTCTCAGT,0,2158868
lpp,0.125,7,7,CACCGAGGGCCTGCGAGGTA,0,2159794
lpp,0.125,7,7,CACAGTCAAGGGGTACATCA,0,2162132
lpp,0.125,7,7,ATTATGACGTCAATATTCAT,0,2153248
lpp,0.125,7,7,ATGAGTTTCCATAATGACTC,0,2161677
lpp,0.125,7,7,ATGAGCGGTGCACTGACGCA,0,2156129
lpp,0.125,7,7,ATACACCTTAGCGTACACGT,0,2159616
lpp,0.125,7,7,AGTGTAGTAACGTGCGTAAA,0,2162133
lpp,0.125,7,7,AGGCCACGGCTAGGTACGGG,0,2157715
lpp,0.125,7,7,AGCGAACTGGACGCAGACGT,0,2157648
lpp,0.125,7,7,AGACGAAGAAGTTTAGCAAA,0,2159417
lpp,0.125,7,7,ACTTACCGCCGTCCGGTGCG,0,2158482
lpp,0.125,7,7,ACTGTGGGTTTAGATCGCTA,0,2159223
lpp,0.125,7,7,ACTGCTCTCAAACTCCATTT,0,2159792
lpp,0.125,7,7,ACTCTAGGTTGGCGTCCTAG,0,2157562
lpp,0.125,7,7,ACTAAGATGCTTCGTGGCAA,0,2162007
lpp,0.125,7,7,ACGAGACACCTCTAACCGCT,0,2159931
lpp,0.125,7,7,ACCGAGTGTGATTGGACGAT,0,2155170
lpp,0.125,7,7,AATGGATTTGGCAGGTCCCG,0,2156627
lpp,0.125,7,7,AAGAACTGGGATCGTGGGCA,0,2157060
lpp,0.125,7,7,AACCTAGGTGGGACGGGAAC,0,2160701
lpp,0.125,7,7,AAACTAGGTATCCGTGGCAT,0,2157771
lpp,0.125,7,7,AAACAGTTGCACCATGTTCA,0,2156826
lpp,0.14285714285714285,6,6,TTTTGAAAGATCTATTCTGT,0,2161406
lpp,0.14285714285714285,6,6,TTGTTCGCAGGCCCAAAATA,0,2159654
lpp,0.14285714285714285,6,6,TTGGAATCCCCAAGAACACA,0,2156152
lpp,0.14285714285714285,6,6,TTGCCTGTGCGCATTCATAC,0,2159194
lpp,0.14285714285714285,6,6,TTCGTTGGGATCCACGAGAC,0,2160350
lpp,0.14285714285714285,6,6,TGTGCTGCAACTAGAGGCTA,0,2157517
lpp,0.14285714285714285,6,6,TGGTGGTTGGGACCTTGCTT,0,2155777
lpp,0.14285714285714285,6,6,TGGTGACTTGCTTGCCTGCA,0,2157087
lpp,0.14285714285714285,6,6,TGGGCTTAGCTTATGGAATA,0,2161089
lpp,0.14285714285714285,6,6,TGGGCCATGACCGAGACGTA,0,2159692
lpp,0.14285714285714285,6,6,TGGACCGCTGTGAGTTGGCA,0,2152689
lpp,0.14285714285714285,6,6,TGGACAGGGGAAACTGGCTA,0,2161738
lpp,0.14285714285714285,6,6,TGCAGTGCTGCGTTCCTGTA,0,2155393
lpp,0.14285714285714285,6,6,TGCAGACATGAGTTCTACAA,0,2156098
lpp,0.14285714285714285,6,6,TGAGGTTTAAAACCCCAGGA,0,2153300
lpp,0.14285714285714285,6,6,TCTATTCCTTACTTTATGAC,0,2153302
lpp,0.14285714285714285,6,6,TCAGATCATGCCCCTAACTG,0,2161188
lpp,0.14285714285714285,6,6,TCAGAGCCCACTAACGTTAT,0,2156254
lpp,0.14285714285714285,6,6,TCAAAGCGGTCTTACTCGTT,0,2161002
lpp,0.14285714285714285,6,6,TATTACACGGTTGTGCTTGA,0,2157888
lpp,0.14285714285714285,6,6,TATACACGTGGTTTACGTTG,0,2159798
lpp,0.14285714285714285,6,6,TAGGGTACATGTTGATGGCG,0,2153371
lpp,0.14285714285714285,6,6,TAATTGTTTTCAGGTAGGTT,0,2157947
lpp,0.14285714285714285,6,6,GTGGTTGCGTTCGAGACTAT,0,2157255
lpp,0.14285714285714285,6,6,GTGCGGCGACTCATGTCGCT,0,2154893
lpp,0.14285714285714285,6,6,GTGACGGTTTTACCAACCAA,0,2161408
lpp,0.14285714285714285,6,6,GTCGGCAAGCCAGTTTACTT,0,2156181
lpp,0.14285714285714285,6,6,GTATTCTACGTGTGAAGTTA,0,2157424
lpp,0.14285714285714285,6,6,GGTGCCTTAAGTTCTGCGTC,0,2154188
lpp,0.14285714285714285,6,6,GGGGAACTCTCACCATTGTC,0,2156538
lpp,0.14285714285714285,6,6,GGGCGCTTGAGAAGGCAATT,0,2158365
lpp,0.14285714285714285,6,6,GGCCAGCAAATCCGCTGGTG,0,2157108
lpp,0.14285714285714285,6,6,GGATAACTTTGGCGCCGTTT,0,2161384
lpp,0.14285714285714285,6,6,GGAGATGAGAGCCAAGCTAG,0,2154326
lpp,0.14285714285714285,6,6,GCTGGACACGTGGAACAATT,0,2157170
lpp,0.14285714285714285,6,6,GCCGTGCCTTGGGAGGCGCC,0,2157447
lpp,0.14285714285714285,6,6,GCCGAGGCGGCATGTCTGTT,0,2156309
lpp,0.14285714285714285,6,6,GCCACAAGGAGCTAGGGGAC,0,2153471
lpp,0.14285714285714285,6,6,GAGGGGGCGCCGGTGATTCA,0,2153077
lpp,0.14285714285714285,6,6,CTTCGTCAGTATATGAGGGT,0,2154078
lpp,0.14285714285714285,6,6,CTGTCCTCTCGCAGTCAAAC,0,2160517
lpp,0.14285714285714285,6,6,CGTTTAACAGAGATAAGACG,0,2155401
lpp,0.14285714285714285,6,6,CGGATCTATCGCTTTGCGGA,0,2160236
lpp,0.14285714285714285,6,6,CGCATCAAACCGCCTTCATT,0,2157306
lpp,0.14285714285714285,6,6,CGACCAGTTTTAGGTGTGTC,0,2157051
lpp,0.14285714285714285,6,6,CCTTGAACATAGCCCAAGTC,0,2156595
lpp,0.14285714285714285,6,6,CCTAATGAGGCACGCCGCGC,0,2160854
lpp,0.14285714285714285,6,6,CCGGCGACTGACAACGTGAA,0,2155956
lpp,0.14285714285714285,6,6,CCGCATGGATGGACCCGCGA,0,2156819
lpp,0.14285714285714285,6,6,CCGAGGGTGGCGCCGCTGAT,0,2154605
lpp,0.14285714285714285,6,6,CCCCCGGCGCCACGCGACTG,0,2160047
lpp,0.14285714285714285,6,6,CAGATTGCGTGATTGGCGAA,0,2156752
lpp,0.14285714285714285,6,6,CACCATGCAAGCTAGCCAGC,0,2161148
lpp,0.14285714285714285,6,6,CAAGCACTTGTGTCTCTTGA,0,2154581
lpp,0.14285714285714285,6,6,CAAAATTTGGGGCTATGCGT,0,2161016
lpp,0.14285714285714285,6,6,CAAAAGCCAGCTCTGGTGAG,0,2157140
lpp,0.14285714285714285,6,6,ATTTGGAAACTCTATGTTGC,0,2156433
lpp,0.14285714285714285,6,6,ATAGCAAAGATCGAACTTGT,0,2155517
lpp,0.14285714285714285,6,6,AGTGTCAGACCATGCTCCAT,0,2156796
lpp,0.14285714285714285,6,6,AGCTTGGGAACTTCTTCGCT,0,2154076
lpp,0.14285714285714285,6,6,AGCTGAGTGTTCTACAAAAA,0,2160625
lpp,0.14285714285714285,6,6,AGATCCACCAGAGCGTAGCC,0,2154060
lpp,0.14285714285714285,6,6,AGATAGAAGCATTCATTCGA,0,2161630
lpp,0.14285714285714285,6,6,AGAGAAGGGTCTCCTTGGGA,0,2154785
lpp,0.14285714285714285,6,6,AGAATGTATGGATAGTAATG,0,2156008
lpp,0.14285714285714285,6,6,ACTAATTTGTCAGCTCAAGA,0,2159606
lpp,0.14285714285714285,6,6,ACGTCAAAGCTAACCGATTC,0,2153740
lpp,0.14285714285714285,6,6,ACCCCGTAGTTCCCATGATG,0,2153652
lpp,0.14285714285714285,6,6,ACATTCATCCAGGACCTACA,0,2159487
lpp,0.14285714285714285,6,6,ACATGCTCAACCAGCATAAT,0,2158809
lpp,0.14285714285714285,6,6,ACAAGCAAAGTGGCACCACT,0,2154331
lpp,0.14285714285714285,6,6,AATAGATCCCACTGTGTGTA,0,2157601
lpp,0.14285714285714285,6,6,AACGAGCCCCCCCAGAGTGC,0,2154168
lpp,0.16666666666666666,5,5,TTTCCTCGGCGTAATTTGAA,0,2157981
lpp,0.16666666666666666,5,5,TTGGGTTCATTGTTATGAAG,0,2157358
lpp,0.16666666666666666,5,5,TTGGGGGAGGGCGCTTGTGT,0,2157008
lpp,0.16666666666666666,5,5,TTGAGGCCCGCCTGGGCATA,0,2154136
lpp,0.16666666666666666,5,5,TTCTTGGCTGGCCAAGTGCT,0,2161805
lpp,0.16666666666666666,5,5,TTCGCGTACACGACCTTACC,0,2155688
lpp,0.16666666666666666,5,5,TTCCAACGGACGTGTCATGT,0,2161857
lpp,0.16666666666666666,5,5,TGTTCATCTGTTCTGCGTAG,0,2154300
lpp,0.16666666666666666,5,5,TGTGTCTACACAGTCAGACG,0,2156097
lpp,0.16666666666666666,5,5,TGTGATCCGACAGAGAGGCA,0,2156667
lpp,0.16666666666666666,5,5,TGGTCGTTAGGGAGAACGTA,0,2157351
lpp,0.16666666666666666,5,5,TGCCGCGGAGGGGTAGCTAC,0,2156178
lpp,0.16666666666666666,5,5,TGCATCAGGTATAGATATAC,0,2157476
lpp,0.16666666666666666,5,5,TGACGAACGCAGATCGAGGT,0,2158296
lpp,0.16666666666666666,5,5,TGACACCAGAGCATCTGTTT,0,2153235
lpp,0.16666666666666666,5,5,TCTCGGGCTCCCGTGGGGGT,0,2161875
lpp,0.16666666666666666,5,5,TCTAACGTCTGCAAAGGCAA,0,2157658
lpp,0.16666666666666666,5,5,TCGACAGCCCTTATTCTGAC,0,2158330
lpp,0.16666666666666666,5,5,TATCAGAATGGCCACGCGCA,0,2157761
lpp,0.16666666666666666,5,5,TAGGAGCGTCGCCTAGTATT,0,2156728
lpp,0.16666666666666666,5,5,TACAAGATCGGGAGGTGGTA,0,2153850
lpp,0.16666666666666666,5,5,TACAAATTCCCTTATCCAAT,0,2158050
lpp,0.16666666666666666,5,5,TAATCGTACCCGCGCGCGCC,0,2155055
lpp,0.16666666666666666,5,5,TAAGAGTGCGGAGCGCTCGC,0,2153906
lpp,0.16666666666666666,5,5,TAAACATCAGACTGATGTAT,0,2155404
lpp,0.16666666666666666,5,5,GTTGTCCCGCCAACAAAGGC,0,2152732
lpp,0.16666666666666666,5,5,GTTGGCCGGCTGCAGCCTCC,0,2154408
lpp,0.16666666666666666,5,5,GTTGCCATTTGTGCTGAGTA,0,2160524
lpp,0.16666666666666666,5,5,GTTGAGACCTAAAGAATTTG,0,2154530
lpp,0.16666666666666666,5,5,GTTCCGGGCTCGCCCGTGGT,0,2159107
lpp,0.16666666666666666,5,5,GTTCCCACACGCTGCCCACT,0,2157151
lpp,0.16666666666666666,5,5,GTTATCGTCAACGCCCCATT,0,2156878
lpp,0.16666666666666666,5,5,GTGTCCATTGAAGCAATACC,0,2157675
lpp,0.16666666666666666,5,5,GTGTCAGATGAAATCCGGGA,0,2154422
lpp,0.16666666666666666,5,5,GTGTAGGTATTGTTCTGAGG,0,2158391
lpp,0.16666666666666666,5,5,GTCTGAGAGAACAAATCCAA,0,2155756
lpp,0.16666666666666666,5,5,GTCTAATAAAACTTGTTCAA,0,2159222
lpp,0.16666666666666666,5,5,GTATGCGGAAGAAGCTTTAA,0,2158243
lpp,0.16666666666666666,5,5,GTAACTCGGGTCCATTCCAC,0,2153761
lpp,0.16666666666666666,5,5,GGTTGCCCAGGAGGCGTTCT,0,2154200
lpp,0.16666666666666666,5,5,GGGTTCCCAACTTTCATGGT,0,2160453
lpp,0.16666666666666666,5,5,GGCCTGGTCAACTCATCCGT,0,2154202
lpp,0.16666666666666666,5,5,GGCCGGAGACCCAGCCATGG,0,2155283
lpp,0.16666666666666666,5,5,GGCCCTACTGCTACAGACTA,0,2155354
lpp,0.16666666666666666,5,5,GCTTAGGACTGTCGTCCGCT,0,2155257
lpp,0.16666666666666666,5,5,GCGTGACATGGCTGGGAGAC,0,2160728
lpp,0.16666666666666666,5,5,GCGGGCTGCCAGTGTACCCA,0,2155787
lpp,0.16666666666666666,5,5,GCCTAAGAGCAGTTTTGTTC,0,2159676
lpp,0.16666666666666666,5,5,GCATCGGATTCGAACTCGCT,0,2154180
lpp,0.16666666666666666,5,5,GCATCCCGACGGCCGGTGGC,0,2157704
lpp,0.16666666666666666,5,5,GCAAGATTTTATATGCCCAA,0,2155976
lpp,0.16666666666666666,5,5,GCAACGGCCCTGGCCCAGTG,0,2156754
lpp,0.16666666666666666,5,5,GATCGGTACAAATACCGGGT,0,2152804
lpp,0.16666666666666666,5,5,GAGCGGACAGAGGTGGCGAC,0,2159912
lpp,0.16666666666666666,5,5,GACGGCTGGTATGGTTCATA,0,2154432
lpp,0.16666666666666666,5,5,GAATGTACCGGTTTAGGTAA,0,2158999
lpp,0.16666666666666666,5,5,GAAGTGGGCCGGTTCGCTTC,0,2157859
lpp,0.16666666666666666,5,5,GAAGCGAAGCCGGCTGCAAA,0,2158258
lpp,0.16666666666666666,5,5,CTTTCTGATCATTTGTGACT,0,2161100
lpp,0.16666666666666666,5,5,CTTATTAATTACTGAAATTT,0,2159825
lpp,0.16666666666666666,5,5,CTGTCAGGGGCGTTGTTTAC,0,2160158
lpp,0.16666666666666666,5,5,CTGGTCAGTGATAATCCTAT,0,2156391
lpp,0.16666666666666666,5,5,CTGGGTGCTGAAACTGGTAA,0,2158177
lpp,0.16666666666666666,5,5,CTACCCGGTGATTTAATACT,0,2155183
lpp,0.16666666666666666,5,5,CGTGATAATCAGTGCGGATA,0,2160304
lpp,0.16666666666666666,5,5,CGTCATCAGCCAGCCGAGCT,0,2153805
lpp,0.16666666666666666,5,5,CGGTGTGGGCAGTTGGATCT,0,2154302
lpp,0.16666666666666666,5,5,CGGAATAATTCTACTGTGTT,0,2157521
lpp,0.16666666666666666,5,5,CGCTTCGTACCCCTATCGGA,0,2154288
lpp,0.16666666666666666,5,5,CGCTCTCCGCCAAACAGCTC,0,2155066
lpp,0.16666666666666666,5,5,CGCTCCCTTAGGGTGCTGCA,0,2159014
lpp,0.16666666666666666,5,5,CGCGAGGTCAATAGGAAATA,0,2155963
lpp,0.16666666666666666,5,5,CGCCTGTCGCAAACACGCTC,0,2157860
lpp,0.16666666666666666,5,5,CGAGTGATGCCTGCTTATGT,0,2158186
lpp,0.16666666666666666,5,5,CGAGTGAAGAAACATGAGGA,0,2160776
lpp,0.16666666666666666,5,5,CGAATACAATCACTGATAAG,0,2155771
lpp,0.16666666666666666,5,5,CCGGCATACGCGCTTTGGAC,0,2153614
lpp,0.16666666666666666,5,5,CCGCAGACTTCCTTTGGGTA,0,2155933
lpp,0.16666666666666666,5,5,CCCTTTTTCTGATGTGGTGT,0,2159131
lpp,0.16666666666666666,5,5,CCCTGACCGAGGGCAATAAG,0,2160506
lpp,0.16666666666666666,5,5,CCAGTTCAGGAATGGTATGG,0,2153076
lpp,0.16666666666666666,5,5,CCAGCCAGCCGGAGCTTCAC,0,2157628
lpp,0.16666666666666666,5,5,CATCGATCTAGCTATCTACT,0,2156589
lpp,0.16666666666666666,5,5,CAGTCGGGCTTACGTGAAAA,0,2155241
lpp,0.16666666666666666,5,5,CAGTCATTATGGGAGAGTGA,0,2157527
lpp,0.16666666666666666,5,5,CAGCACGCCAGATGACCCGT,0,2152735
lpp,0.16666666666666666,5,5,CAGCAAGTTACAATCTGTTC,0,2153665
lpp,0.16666666666666666,5,5,CACTAATGAACGTTAATACG,0,2153352
lpp,0.16666666666666666,5,5,CACCCAGAGTTCGTTCAGCC,0,2153856
lpp,0.16666666666666666,5,5,CAATATACTTAGCCCTGGAC,0,2154473
lpp,0.16666666666666666,5,5,CAACGGGACACAACTTCGTG,0,2156626
lpp,0.16666666666666666,5,5,ATTTCTCTAACTATTACGGA,0,2160008
lpp,0.16666666666666666,5,5,ATTTAAAAGATCGAGGGGAA,0,2158484
lpp,0.16666666666666666,5,5,ATTCGTCGAGAGCTCAAGTT,0,2157594
lpp,0.16666666666666666,5,5,ATGATCCATAAGACACGCCG,0,2161278
lpp,0.16666666666666666,5,5,ATCTCCGTATCTCCATCAAC,0,2159827
lpp,0.16666666666666666,5,5,ATCGGTCGGGGATACACGAT,0,2158326
lpp,0.16666666666666666,5,5,ATCAACGCTGCTAGCAGAAT,0,2160619
lpp,0.16666666666666666,5,5,ATATAGGAAATGATACGCGG,0,2153201
lpp,0.16666666666666666,5,5,AGTGCTGTTGTTAATACCAA,0,2153496
lpp,0.16666666666666666,5,5,AGTAACCAGCACTTACTAGA,0,2159052
lpp,0.16666666666666666,5,5,AGACTTAGGTACAAAAGGTC,0,2157968
lpp,0.16666666666666666,5,5,ACTATGGTTGGTTTAATCCG,0,2159303
lpp,0.16666666666666666,5,5,ACGTCGCCTCGGGTCAATTG,0,2156441
lpp,0.16666666666666666,5,5,ACCTTCACCCATGCGTTAGT,0,2160009
lpp,0.16666666666666666,5,5,ACACGTCGCTTTTCCCCAAT,0,2155946
lpp,0.16666666666666666,5,5,AATTTAATTAACCAACACAC,0,2153090
lpp,0.16666666666666666,5,5,AATCTAACCGGTTACCAGAC,0,2158057
lpp,0.16666666666666666,5,5,AATATGAATAAAGACCTGGT,0,2157299
lpp,0.16666666666666666,5,5,AAGGAAGCTATGTGTCGTAC,0,2157718
lpp,0.16666666666666666,5,5,AACGCATATTGGCAAACAGT,0,2159137
lpp,0.16666666666666666,5,5,AACGAGGTCTAAATGGCACC,0,2157259
lpp,0.16666666666666666,5,5,AAATTCGTTAGATACAGAGC,0,2157347
lpp,0.16666666666666666,5,5,AAACTTCTCGGCCACTTCCT,0,2158529
lpp,0.16666666666666666,5,5,AAACTACTGCGCGCATGCCT,0,2159982
lpp,0.2,4,4,TTTATATCGTATCTGCGAAC,0,2156689
lpp,0.2,4,4,TTGTGCTCCGAAGCCTCAAG,0,2158343
lpp,0.2,4,4,TTGCAGACACCCCTAATAGA,0,2155670
lpp,0.2,4,4,TTGATCGGTAGTGGCGTACG,0,2154296
lpp,0.2,4,4,TTGAATGCAATCAACGTCAG,0,2158533
lpp,0.2,4,4,TTCGAGTCGGGATAGTGTTT,0,2155057
lpp,0.2,4,4,TTCCTGCAGTAACGACACAG,0,2159053
lpp,0.2,4,4,TTATAGGAGCTCCCTTCGCA,0,2161934
lpp,0.2,4,4,TTAGGCGGAGTTCTATCCAT,0,2160993
lpp,0.2,4,4,TTAGAGGACAGTCCCGACAA,0,2154877
lpp,0.2,4,4,TTAATCTGAGCCAGGGCCTC,0,2161350
lpp,0.2,4,4,TGGAATCGAGATCTCTGTCA,0,2155198
lpp,0.2,4,4,TGACGGATCGGGAAATACGC,0,2158910
lpp,0.2,4,4,TCTCTTGACCCGGGCCCGGA,0,2157378
lpp,0.2,4,4,TCTATGTTTTGTCAGTCTGA,0,2155092
lpp,0.2,4,4,TCGGGCGTCACTTGAATTTC,0,2155792
lpp,0.2,4,4,TCGCCCGTCGCCGAGCTGTA,0,2155926
lpp,0.2,4,4,TCAGTGACCGGACTGGTAGG,0,2155714
lpp,0.2,4,4,TATTTTCAATATAAACAGCG,0,2158590
lpp,0.2,4,4,TACTTCCATGAACACTCTTA,0,2158994
lpp,0.2,4,4,TACTATGTTCCGCGGCCGCT,0,2161289
lpp,0.2,4,4,TACGCCCAAAGGAAATACTT,0,2157022
lpp,0.2,4,4,TAAAAAGCGCCCCGCGGATC,0,2158791
lpp,0.2,4,4,GTTTAGACTCGATTGAATCA,0,2153719
lpp,0.2,4,4,GTGGTTACGGCGAACTCAGC,0,2159743
lpp,0.2,4,4,GTGGCACACCACTGATGAAA,0,2153498
lpp,0.2,4,4,GTGGAAAAGCATGGAAAGTA,0,2160433
lpp,0.2,4,4,GTCGATTATGACCTAAAGGC,0,2153777
lpp,0.2,4,4,GTACGCTCGCTGCCGATCTT,0,2157339
lpp,0.2,4,4,GTAAATAGCGCAGTACTCAC,0,2153349
lpp,0.2,4,4,GGTTGGTCACGGTGTGGGGT,0,2155870
lpp,0.2,4,4,GGTTCTCACCATTCGATATA,0,2158668
lpp,0.2,4,4,GGTGTTTATGGACTACATAT,0,2158879
lpp,0.2,4,4,GGTCCTACCCACACGTCCAC,0,2159105
lpp,0.2,4,4,GGTAACGATTACTGGATATT,0,2158000
lpp,0.2,4,4,GGGTTTGGATCGACAATTAA,0,2158933
lpp,0.2,4,4,GGGTCAGGTCCACAATGTTT,0,2161229
lpp,0.2,4,4,GGGTAAAAGAGGCAGCCGTA,0,2153515
lpp,0.2,4,4,GGGCGCATAGCGTAGGACGG,0,2156952
lpp,0.2,4,4,GGGCCAAGTTGTGTGCGGCT,0,2160404
lpp,0.2,4,4,GGGACACCTGGTGTCATAGG,0,2161080
lpp,0.2,4,4,GGGAAAGCTGAATTTCTTGG,0,2153121
lpp,0.2,4,4,GGCGCGGGGGTATGGGCTCA,0,2153580
lpp,0.2,4,4,GGATTGGGGCACAGCACCAA,0,2157341
lpp,0.2,4,4,GGAAACTTACGTAAAGTTGT,0,2157207
lpp,0.2,4,4,GCTTACGGTTAGCCGACAAG,0,2161832
lpp,0.2,4,4,GCGGGGCAATAATATTTTCT,0,2159586
lpp,0.2,4,4,GCCAATTGCTCAAAGGCGAC,0,2157893
lpp,0.2,4,4,GCACGGGGACCCGAGATAGA,0,2161221
lpp,0.2,4,4,GCACAAGTATTAAATATGCC,0,2158216
lpp,0.2,4,4,GATATATTGGAGGGGCATCT,0,2156325
lpp,0.2,4,4,GAGGGGCCTGTTTTCGTAGC,0,2160070
lpp,0.2,4,4,GAGGCACCGTTATTACCGAG,0,2162276
lpp,0.2,4,4,GACAATGAGACGATTGTTGG,0,2155659
lpp,0.2,4,4,GAACAGACAACTGCTGCAGG,0,2157561
lpp,0.2,4,4,GAAAGAAGAATGTTGTGTAG,0,2155105
lpp,0.2,4,4,CTTGCTGATTTGATATGTCA,0,2153898
lpp,0.2,4,4,CTTCCCGATAATCGGGGTCG,0,2159506
lpp,0.2,4,4,CTTAGCGGTAGTGTCACATT,0,2159995
lpp,0.2,4,4,CTGCCTGGAGCACAATGCTT,0,2154398
lpp,0.2,4,4,CTCAAAGGCAACAGAGCGGC,0,2159275
lpp,0.2,4,4,CTAAGCTTATCAAAGAGTGC,0,2154419
lpp,0.2,4,4,CGTTGCGCTCACAAGCATTT,0,2157000
lpp,0.2,4,4,CGTTAGATGGGAACGGTCCG,0,2161120
lpp,0.2,4,4,CGTAGTTTCACTTACTGCCT,0,2157870
lpp,0.2,4,4,CGTACGCCTGCCCATGTGAT,0,2161787
lpp,0.2,4,4,CGGGCCCGTTAGGCTTCATT,0,2154792
lpp,0.2,4,4,CGATTTCGAAAGGGCAACCA,0,2153680
lpp,0.2,4,4,CCTCTCCTGCATAAGTACGA,0,2157827
lpp,0.2,4,4,CCGTCAAGTACCCTCGGTTT,0,2155439
lpp,0.2,4,4,CCGGATGAACAGGTTGATAA,0,2153712
lpp,0.2,4,4,CCCGTATCACGTCCTCACAC,0,2154420
lpp,0.2,4,4,CCCGTATAACGTAAATACTA,0,2158386
lpp,0.2,4,4,CCATCGGCGCGAGCCATCAA,0,2155971
lpp,0.2,4,4,CCAATCTGATTCAATAGATG,0,2158499
lpp,0.2,4,4,CCAAGAAGGATAGAGGGCCT,0,2158836
lpp,0.2,4,4,CATTGATAATTGCTAAGTGT,0,2156980
lpp,0.2,4,4,CATCACGCTATGAACGGAAA,0,2158325
lpp,0.2,4,4,CAGGCTATGTACCGTTGAAC,0,2156341
lpp,0.2,4,4,CACGTGATAGTCTGTCGCTA,0,2158256
lpp,0.2,4,4,CACGTCTCGCCCTTTCGCGC,0,2156076
lpp,0.2,4,4,CACAGCCTCAGATGAGCCTG,0,2161172
lpp,0.2,4,4,CAATCGTCACGGTCCTTATC,0,2157056
lpp,0.2,4,4,ATTCACGCTAATTGATCCGA,0,2154930
lpp,0.2,4,4,ATGTAAATAAATTGGTCGGG,0,2155604
lpp,0.2,4,4,ATCGATATGATGTTAAAGAA,0,2154428
lpp,0.2,4,4,ATATTATGTACTGCCGGCTG,0,2158338
lpp,0.2,4,4,ATATGTGGGGTAACGCTTCT,0,2156946
lpp,0.2,4,4,ATAGTAATCCCGACTTACTC,0,2156124
lpp,0.2,4,4,ATACGGCGGGTGGGACTTAA,0,2157401
lpp,0.2,4,4,AGTAAGGCTCTTGTGCGCTA,0,2158926
lpp,0.2,4,4,AGGACCCTTAGTACCTCATG,0,2153155
lpp,0.2,4,4,AGCTTTAGGCCCAACGTTGG,0,2159158
lpp,0.2,4,4,AGACAGTTGTCGTACCTCAG,0,2155764
lpp,0.2,4,4,ACTGGCAAGATGTCACGTAC,0,2157781
lpp,0.2,4,4,ACGGGTTCAGGGTAGGCATA,0,2160545
lpp,0.2,4,4,ACGAACTTGGAATGTTATGG,0,2153103
lpp,0.2,4,4,ACCAGTGGCCGAAACACGGA,0,2160512
lpp,0.2,4,4,ACCACCGACCGTTAGTATGC,0,2158233
lpp,0.2,4,4,ACATCGCCGAGTTTCCTCTT,0,2156554
lpp,0.2,4,4,AATTGAGTCGTAACAGGGTT,0,2155669
lpp,0.2,4,4,AATTCTCATCTACCGAGAAG,0,2159862
lpp,0.2,4,4,AATGGAAGCTTTTTACGCAA,0,2159949
lpp,0.2,4,4,AAGTCCCGTCGGCGTGCTCT,0,2156641
lpp,0.2,4,4,AAGGTTGATCCGTATGAGTG,0,2153756
lpp,0.2,4,4,AAGCGGTGATCTGTACTGGC,0,2157849
lpp,0.2,4,4,AAACAAGCTGCGCACAATTT,0,2158507
lpp,0.2,4,4,AAAAATAGTGGGTAAAGAAA,0,2153903
lpp,0.25,3,3,TTTTACCGGTAAGATGTAGT,0,2158020
lpp,0.25,3,3,TTTGAATCCGTATTGAAACA,0,2157542
lpp,0.25,3,3,TTGTCTAATGCCTTCAGCTT,0,2158376
lpp,0.25,3,3,TTGCTAGTCTTGGGTCCACT,0,2158355
lpp,0.25,3,3,TTGCGTGGAGTGTTCCGAGA,0,2152710
lpp,0.25,3,3,TTCAGTAGCGCTACGGTAGA,0,2156902
lpp,0.25,3,3,TTAGGACATTAGGGGCTATC,0,2155709
lpp,0.25,3,3,TTAGAGTAACCTGACACTAA,0,2153544
lpp,0.25,3,3,TTAACAGCCCAGGTTCGGGT,0,2156573
lpp,0.25,3,3,TGTTAGAGTTCTCGGAAGCG,0,2156784
lpp,0.25,3,3,TGCGGTATCACGAGAAGCTC,0,2160117
lpp,0.25,3,3,TGCGACAGAGACAGACGGGT,0,2157305
lpp,0.25,3,3,TGATATGTGGCTGAAGTATT,0,2156762
lpp,0.25,3,3,TGACCGCTAAGACTCGGCGA,0,2161563
lpp,0.25,3,3,TGAAAAAGAGTTTCGTATAA,0,2159243
lpp,0.25,3,3,TCTTGGCTAGGACATTCCTG,0,2158787
lpp,0.25,3,3,TCTGTGCGGCTTGCCCTTAC,0,2155259
lpp,0.25,3,3,TCTGGCGGCGTAATCATAAC,0,2153622
lpp,0.25,3,3,TCTGAAGGGGTGTGGGACTT,0,2160946
lpp,0.25,3,3,TCGTACGCCTTGAGGATAGA,0,2156928
lpp,0.25,3,3,TCGCACTGGAGTTGGCAGGC,0,2158788
lpp,0.25,3,3,TCGATCACGTTAACTATATC,0,2154847
lpp,0.25,3,3,TCGAACGCTAAGGTGGATAT,0,2153266
lpp,0.25,3,3,TCCTCAGGCACCACTAAGTC,0,2152678
lpp,0.25,3,3,TCCGCTGCAAGATTATCGTC,0,2156633
lpp,0.25,3,3,TCCAGCCCCTTAAGGGCGGA,0,2158730
lpp,0.25,3,3,TCATTGTCAAAATTTTCTCT,0,2152781
lpp,0.25,3,3,TATCGTAATTCCATCGACAG,0,2155099
lpp,0.25,3,3,TAGTGCCCTAGATAATTTGC,0,2161143
lpp,0.25,3,3,TAGACAAAAGTTATGGGGCT,0,2159374
lpp,0.25,3,3,TACGGGGTATGTCGTGGGTG,0,2156851
lpp,0.25,3,3,TACAGGCGTCTTACTACCAG,0,2157227
lpp,0.25,3,3,TAACGAACGCATGTATGTGG,0,2160115
lpp,0.25,3,3,GTGCTCGGACACTGGTAGCC,0,2158190
lpp,0.25,3,3,GTGCTAAATACGTACGCGTC,0,2153026
lpp,0.25,3,3,GTCAGGTCGCGCCATGCGGC,0,2156929
lpp,0.25,3,3,GTCAACAAACAAGAGCATGT,0,2161180
lpp,0.25,3,3,GTATTAGGGGCAGTTGCCGT,0,2155704
lpp,0.25,3,3,GTATCCCCGTGTTTGATGCA,0,2157895
lpp,0.25,3,3,GGTTTCCCCACGAGATAGGG,0,2157340
lpp,0.25,3,3,GGTTCACACGGATAGAGATC,0,2157091
lpp,0.25,3,3,GGTGTGGTCAGCAGAGAAGG,0,2156281
lpp,0.25,3,3,GGTCACGAGCGCGACAAACG,0,2152969
lpp,0.25,3,3,GGGCTTCACTAAGATGAAAG,0,2159216
lpp,0.25,3,3,GGGAGGTGCTTGTGTAGGTT,0,2153102
lpp,0.25,3,3,GGCGTCTAATTCAGGCGTGC,0,2160557
lpp,0.25,3,3,GGCAGCGAGCGCACGAAATC,0,2160118
lpp,0.25,3,3,GCGTAGTAGCAAGGCAGGTT,0,2152679
lpp,0.25,3,3,GCGGTAGCTTATGTGGACGC,0,2159282
lpp,0.25,3,3,GCGGCTCACGGTTGGATCCA,0,2158441
lpp,0.25,3,3,GCGACTGTCAATCCGCACAA,0,2155931
lpp,0.25,3,3,GCCGCCATACCAAGGAATCT,0,2161471
lpp,0.25,3,3,GCCCAGTAGGAGATGCGCTT,0,2159109
lpp,0.25,3,3,GCCAGGTTATATACAAGCCA,0,2154610
lpp,0.25,3,3,GCCAGAAATAAGCCAGCCCA,0,2158354
lpp,0.25,3,3,GCAGCAGAACCCGTACGGGG,0,2157397
lpp,0.25,3,3,GCAGATAAGGCGTCCGATTA,0,2155608
lpp,0.25,3,3,GATGTTCACGGCAACACTGC,0,2158720
lpp,0.25,3,3,GATGATATGTAACGCTTGTA,0,2159338
lpp,0.25,3,3,GATAGGGGTACTATGGAGTA,0,2157106
lpp,0.25,3,3,GAGGTACATAGTTAGTCAGC,0,2160792
lpp,0.25,3,3,GACGGCTGCCATGTCGGTGA,0,2161631
lpp,0.25,3,3,GACAGTTTGGGTACGAATGG,0,2157061
lpp,0.25,3,3,GACACTCGCCTTGGGTTCGA,0,2159678
lpp,0.25,3,3,GAATGGCCATCGGACAATGC,0,2160953
lpp,0.25,3,3,GAATGAGTTCTCTAAATTCA,0,2161781
lpp,0.25,3,3,CTTCCATTACGTAAATTACA,0,2154660
lpp,0.25,3,3,CTGGTGCTAAAGCATAGTAC,0,2160648
lpp,0.25,3,3,CTGGCAGCTAGCAACTACTA,0,2153246
lpp,0.25,3,3,CTGGAAGCTATTTAGCGATT,0,2156813
lpp,0.25,3,3,CTGCGTAGAGTCTCATGGCT,0,2159431
lpp,0.25,3,3,CTGAATATGTTTTTCCTACA,0,2161441
lpp,0.25,3,3,CTCTTGTCGTTTCTCAGGCA,0,2156327
lpp,0.25,3,3,CTCTCGTTTGTATTACACCC,0,2160627
lpp,0.25,3,3,CTATGCGATGAATGAGAGCC,0,2159297
lpp,0.25,3,3,CTATAAGAATATCTTTATGT,0,2155405
lpp,0.25,3,3,CTAGTGGCCCGAGGGAGATA,0,2157731
lpp,0.25,3,3,CTAAAGCGATAATATGGTGA,0,2155185
lpp,0.25,3,3,CGTTGTCATCATTTTGGGTC,0,2161609
lpp,0.25,3,3,CGTGGCTGGCTGATGCTAGT,0,2155527
lpp,0.25,3,3,CGTCCATATATCCGACCTAG,0,2156642
lpp,0.25,3,3,CGTAATTCGCGTTCATCTCG,0,2160458
lpp,0.25,3,3,CGTAACGTGCCCTTCAGCTG,0,2155751
lpp,0.25,3,3,CGGTTCAGCGAAGGTGCACT,0,2155958
lpp,0.25,3,3,CGGGTGTTTAACGGTAATCG,0,2160238
lpp,0.25,3,3,CGGATAAAAGGATGCGCGAC,0,2160830
lpp,0.25,3,3,CGCCCAAGTAAATAGGTTCC,0,2159585
lpp,0.25,3,3,CGATGTAAGGGGCTAATTGG,0,2157770
lpp,0.25,3,3,CGATGGGCGTATGTAACGAT,0,2159667
lpp,0.25,3,3,CGATCACAAATGGCACTCTA,0,2160421
lpp,0.25,3,3,CGAGTGCAAGGCCTAGACGT,0,2153896
lpp,0.25,3,3,CGAAAAACCATGCGCCTGCA,0,2159665
lpp,0.25,3,3,CCTGTGCTTCCTGCATCGGT,0,2154861
lpp,0.25,3,3,CCTGCCTTTTATCTTCGAGC,0,2153292
lpp,0.25,3,3,CCTCGTGGTTTAGCCCTGAG,0,2161285
lpp,0.25,3,3,CCGGCAAATTCTGTATTGTG,0,2161507
lpp,0.25,3,3,CCGCTATCAATCCTATAACT,0,2154674
lpp,0.25,3,3,CCGCAGTTTGGTGACGCTTA,0,2161239
lpp,0.25,3,3,CCGATCGTGAGCGTCTCTTC,0,2155270
lpp,0.25,3,3,CCAGCCGGTCGGCGCATTGA,0,2154210
lpp,0.25,3,3,CCAGCACCGATGGTCATGTT,0,2156985
lpp,0.25,3,3,CATTATGGTGCGTTCGTAAA,0,2155909
lpp,0.25,3,3,CATGAACTTGTACAGATATA,0,2154551
lpp,0.25,3,3,CATCAGCTTCTGAGTCCAAC,0,2158854
lpp,0.25,3,3,CATAGTAAGGTGCTGGATAC,0,2158327
lpp,0.25,3,3,CATAATACACGGCTGCTGAC,0,2155528
lpp,0.25,3,3,CAGTAGAATGACCCTCCGGC,0,2160855
lpp,0.25,3,3,CAGGGATTGAATCACATAGA,0,2156289
lpp,0.25,3,3,CAGCTGTTTTAGGCCATAGC,0,2161149
lpp,0.25,3,3,CAGCGACGCATAATAATGTC,0,2157290
lpp,0.25,3,3,CAGCCTCTTTAACGGACCTT,0,2157728
lpp,0.25,3,3,CACGGAGCGGGATTACAGGT,0,2157491
lpp,0.25,3,3,CACCTGCGGAAGGGAACCCC,0,2153655
lpp,0.25,3,3,CACCGCAATTGACGGAATAC,0,2157518
lpp,0.25,3,3,CACAACTCTCTTCTACAGAC,0,2155985
lpp,0.25,3,3,CAAGTAGCGCGAGCGTTCCT,0,2155172
lpp,0.25,3,3,CAACGGTGGGAATGTAGACA,0,2153546
lpp,0.25,3,3,CAAATTCACGCGGTGACTCT,0,2159468
lpp,0.25,3,3,ATTTACTATGCCTTGATGCG,0,2154592
lpp,0.25,3,3,ATGGCATTTTCGCTAGTTAT,0,2161348
lpp,0.25,3,3,ATGCGCAAGCACAAAAAACA,0,2154384
lpp,0.25,3,3,ATGCCCTAGTTGGCTAGCCA,0,2155803
lpp,0.25,3,3,ATGAAAACAGTAGGTATGCG,0,2153729
lpp,0.25,3,3,ATCTAACAGTCGGGAGTGAC,0,2156973
lpp,0.25,3,3,ATCGGCAAAAAGAATTGGTA,0,2162070
lpp,0.25,3,3,ATCCAGAACAGGGTTTAACA,0,2160741
lpp,0.25,3,3,ATAGCAAGAACAGCTAGGCT,0,2160032
lpp,0.25,3,3,AGTTAGCTAGTAACTTTTCA,0,2162082
lpp,0.25,3,3,AGTTAAAGTCTGTTCGCTAT,0,2157382
lpp,0.25,3,3,AGTAGCCGAACCCTACCCGA,0,2154922
lpp,0.25,3,3,AGCTGGTCGGTACGCAGAGG,0,2157385
lpp,0.25,3,3,AGCGTACATGGTCGTATAAT,0,2153843
lpp,0.25,3,3,AGATTATGAACAGGCGGGGA,0,2152832
lpp,0.25,3,3,AGACAGCAGCTTTTTACGCA,0,2160803
lpp,0.25,3,3,AGAAGAACAGTCTAGGGAAT,0,2161224
lpp,0.25,3,3,ACTTTAAACTCGCCGGGTAG,0,2154809
lpp,0.25,3,3,ACTCTACCGAACATGAGGCC,0,2160972
lpp,0.25,3,3,ACTCCAGCGCTGTGAGGAAA,0,2162159
lpp,0.25,3,3,ACTCAGGTCAGGATATGCTT,0,2160422
lpp,0.25,3,3,ACGTTGCGATCAAGTAAGTG,0,2154282
lpp,0.25,3,3,ACGTCTATGTTGTTCGGAAT,0,2153585
lpp,0.25,3,3,ACGGACTAAGGTCGGGTATT,0,2152996
lpp,0.25,3,3,ACCCCAGTTTCATAGTGAGC,0,2155690
lpp,0.25,3,3,ACATCATGTGTCATAAGTCC,0,2162318
lpp,0.25,3,3,ACAGACTCACGGAGATAAAC,0,2159103
lpp,0.25,3,3,ACAAGCAGGATAATAACGAG,0,2157143
lpp,0.25,3,3,AATAACTCCCCGTTCACTTT,0,2155358
lpp,0.25,3,3,AAGTACTGAACTTCAAAAGG,0,2155631
lpp,0.25,3,3,AAGGTAACGGCCCGGGATAT,0,2153202
lpp,0.25,3,3,AAGGGTGAGAGAGTGTCGTT,0,2157094
lpp,0.25,3,3,AAGACCGGCGCCTTTGGTCA,0,2153410
lpp,0.25,3,3,AACTTGTGCCAAGCTGGAAG,0,2160824
lpp,0.25,3,3,AACGTTTTGGAGTAACAGTT,0,2160621
lpp,0.25,3,3,AACCGCTGGTGGTATAGAAG,0,2157219
lpp,0.25,3,3,AACAATAGCACAGCAGCTTG,0,2156379
lpp,0.25,3,3,AAATGAATTGAGGCGGTTAG,0,2159073
lpp,0.25,3,3,AAATATTTATTAATCCGTCG,0,2153044
lpp,0.25,3,3,AAAGAATCCCCGGCCACCTT,0,2157492
lpp,0.25,3,3,AAACGTAGGATGACGCATCA,0,2156790
lpp,0.3333333333333333,2,2,TTTTTCTGCGTTACTCTTGT,0,2153536
lpp,0.3333333333333333,2,2,TTTTCATGTTTACGCTTTCT,0,2161589
lpp,0.3333333333333333,2,2,TTTTATCAGACTTCTTCAGG,0,2158464
lpp,0.3333333333333333,2,2,TTTGCGTACAAAGGTATTTA,0,2160888
lpp,0.3333333333333333,2,2,TTCGAGCGCATGGCGCCAGG,0,2161136
lpp,0.3333333333333333,2,2,TTCATTGCTACGATACCAAA,0,2155003
lpp,0.3333333333333333,2,2,TTCAGCACGTCTGATCAAGG,0,2158014
lpp,0.3333333333333333,2,2,TTAGTCGCGGCCCCCTTCTT,0,2158175
lpp,0.3333333333333333,2,2,TTAGCAAGTAGTCTTTTTTT,0,2153685
lpp,0.3333333333333333,2,2,TTACGGGTTCAAAGGTCCGA,0,2157439
lpp,0.3333333333333333,2,2,TGTTTGGTACGCAGGTTGAT,0,2157635
lpp,0.3333333333333333,2,2,TGTGGGTGTCTGGTGACTGC,0,2162012
lpp,0.3333333333333333,2,2,TGTGAAGCCTATTGTCCCAA,0,2157889
lpp,0.3333333333333333,2,2,TGTCTAAGAATTCCGCATAT,0,2159412
lpp,0.3333333333333333,2,2,TGGCCGGCGCCAATAGCTAC,0,2162046
lpp,0.3333333333333333,2,2,TGGAGTGGGAGTACCGATGC,0,2159679
lpp,0.3333333333333333,2,2,TGGAGCCGCAACCGGAGTCG,0,2154911
lpp,0.3333333333333333,2,2,TGGACGGCTACGTCATCCAT,0,2158070
lpp,0.3333333333333333,2,2,TGCGGCCAGAGAGGGACCAC,0,2155657
lpp,0.3333333333333333,2,2,TGCCTTACGCCGTTGACAAG,0,2155474
lpp,0.3333333333333333,2,2,TGCAAGTTAACGCTTTTCCT,0,2160945
lpp,0.3333333333333333,2,2,TGATAACGATTAACGTTTTA,0,2159514
lpp,0.3333333333333333,2,2,TGAATTTCCTGGCTTTGCCC,0,2159206
lpp,0.3333333333333333,2,2,TCTTAGCCGGGGGTCTTCTC,0,2157260
lpp,0.3333333333333333,2,2,TCGTGTCGAACCTGCGGTTC,0,2162250
lpp,0.3333333333333333,2,2,TCGGAAAAGAGCCCTAAAGT,0,2158919
lpp,0.3333333333333333,2,2,TCGCTATAGAATTAGGTCTA,0,2154773
lpp,0.3333333333333333,2,2,TCGATGGCTGTACCGTGACG,0,2160163
lpp,0.3333333333333333,2,2,TCCGGAGAGCTCGACGCAAC,0,2157818
lpp,0.3333333333333333,2,2,TCCCGAGTACCTGTCGTGCC,0,2157007
lpp,0.3333333333333333,2,2,TCATCGCTGTTTCTGCTTGT,0,2160048
lpp,0.3333333333333333,2,2,TCAGGGACATCCTACCCAGT,0,2153184
lpp,0.3333333333333333,2,2,TCACCTGGGTCGGATAACCT,0,2154249
lpp,0.3333333333333333,2,2,TCAAAGACCTTAGATCGGCA,0,2154539
lpp,0.3333333333333333,2,2,TATTATCGGCATATAGAGCA,0,2157920
lpp,0.3333333333333333,2,2,TATGCGAGCGTGGTAATACT,0,2156003
lpp,0.3333333333333333,2,2,TATCCCGCCGAGAGTCGGAA,0,2153726
lpp,0.3333333333333333,2,2,TATCCCAAGATGCTGCGTTT,0,2152966
lpp,0.3333333333333333,2,2,TAGGTTTCTTTTGGTTATTA,0,2152989
lpp,0.3333333333333333,2,2,TAATTTCCTGTTTGTTCTCC,0,2158847
lpp,0.3333333333333333,2,2,TAAGGCTGGCCTGAGTCGGG,0,2153649
lpp,0.3333333333333333,2,2,TAAGGACAATTCGGGGGGTT,0,2160273
lpp,0.3333333333333333,2,2,GTTTGTAAGGAGTCCTAGTA,0,2155073
lpp,0.3333333333333333,2,2,GTTTACCTCGCACGATAGGG,0,2160043
lpp,0.3333333333333333,2,2,GTTCAAAGTCAAGCACTATC,0,2160932
lpp,0.3333333333333333,2,2,GTTACATAAGGTGGAACGAC,0,2155139
lpp,0.3333333333333333,2,2,GTTAACTATAACGCGCCCGG,0,2157702
lpp,0.3333333333333333,2,2,GTGTCGCAGTAAACATGGAT,0,2158254
lpp,0.3333333333333333,2,2,GTGGTGTCTGAGGATGAATT,0,2158851
lpp,0.3333333333333333,2,2,GTGGTATAATGGTAACCGCT,0,2159488
lpp,0.3333333333333333,2,2,GTGCCATTTCTTGATAGTAA,0,2157249
lpp,0.3333333333333333,2,2,GTGAGGACAACGCTAATAAA,0,2156166
lpp,0.3333333333333333,2,2,GTCCGGATGGTACCCAGCCA,0,2159966
lpp,0.3333333333333333,2,2,GTCACCTCGTGATGGACAAG,0,2157363
lpp,0.3333333333333333,2,2,GTATAGGGCCTGGTAGCAAC,0,2157838
lpp,0.3333333333333333,2,2,GGTTTACACGGGTTGAACAA,0,2159111
lpp,0.3333333333333333,2,2,GGTTACTTCGCAGGCGATGC,0,2159005
lpp,0.3333333333333333,2,2,GGTGCCTTGGCTGTACACGA,0,2162286
lpp,0.3333333333333333,2,2,GGTGATGCTGTTAAGGAGTG,0,2158807
lpp,0.3333333333333333,2,2,GGGTGCGTTAAAGTATGCGA,0,2159301
lpp,0.3333333333333333,2,2,GGGTCCGTCCAGTTATGATT,0,2157348
lpp,0.3333333333333333,2,2,GGGTCAGAACTCATTTTAGT,0,2154688
lpp,0.3333333333333333,2,2,GGGTACGGTTGGACACGCAG,0,2154572
lpp,0.3333333333333333,2,2,GGGCTGCAGGAAAAGCGTCG,0,2155962
lpp,0.3333333333333333,2,2,GGGATTTATCCACACATAGA,0,2152681
lpp,0.3333333333333333,2,2,GGGATTATATTTCGTAAAAC,0,2161047
lpp,0.3333333333333333,2,2,GGGATGATTGCTATGCTTGG,0,2158817
lpp,0.3333333333333333,2,2,GGGAGGAATTACACTCCCGA,0,2155994
lpp,0.3333333333333333,2,2,GGCTTTTCAGCGTTGTATTA,0,2159680
lpp,0.3333333333333333,2,2,GGCTGTGAGTTTGAGGACTG,0,2158725
lpp,0.3333333333333333,2,2,GGCTCGGTACAGTCGTGAGC,0,2159916
lpp,0.3333333333333333,2,2,GGCGTTTCAGGGAGGGGTAT,0,2154697
lpp,0.3333333333333333,2,2,GGCCCCGGCAACGATACGCC,0,2154260
lpp,0.3333333333333333,2,2,GGCATTATCGCAAGGGCCTT,0,2155108
lpp,0.3333333333333333,2,2,GGCATCGTATGCAGGTCCAG,0,2154343
lpp,0.3333333333333333,2,2,GGATGGGCGAGTGCTTCAAA,0,2158510
lpp,0.3333333333333333,2,2,GGATCTCTCAAAATTTACCA,0,2162274
lpp,0.3333333333333333,2,2,GGATCATCGCTCGTAGGTGT,0,2157833
lpp,0.3333333333333333,2,2,GGAATTACTATAGACCAGGA,0,2161664
lpp,0.3333333333333333,2,2,GCTATGTGGGAGGCAGCTTT,0,2161223
lpp,0.3333333333333333,2,2,GCTATAATTACGGATTTATA,0,2161952
lpp,0.3333333333333333,2,2,GCGTTACGGGACACTCGGTG,0,2155607
lpp,0.3333333333333333,2,2,GCGGAATTCGAGACATGGCA,0,2162064
lpp,0.3333333333333333,2,2,GCGCGATATAGACCCCCAGT,0,2157717
lpp,0.3333333333333333,2,2,GCGCAATGTGTGGGGCGAGA,0,2156248
lpp,0.3333333333333333,2,2,GCCTATCAGTTATGATATGA,0,2161635
lpp,0.3333333333333333,2,2,GCCCCCAGATCCTGGACAGT,0,2154319
lpp,0.3333333333333333,2,2,GCCAAGACAACAGGTTCATA,0,2154761
lpp,0.3333333333333333,2,2,GCACTCGCCGTAGAACGTCA,0,2153089
lpp,0.3333333333333333,2,2,GCAATCCGGGTATGCTTTGC,0,2159867
lpp,0.3333333333333333,2,2,GATTATCTCGAACCAATAAA,0,2155815
lpp,0.3333333333333333,2,2,GATCCCATGAGGGAGGATAC,0,2155371
lpp,0.3333333333333333,2,2,GAGGCGCTTCGTCGGCCGAT,0,2155701
lpp,0.3333333333333333,2,2,GAGCTTCCTCACTAGCAGTT,0,2154556
lpp,0.3333333333333333,2,2,GAGCCCCCCGCAAAAACAGG,0,2156112
lpp,0.3333333333333333,2,2,GAGCATAGCCGCGGCGAATG,0,2152712
lpp,0.3333333333333333,2,2,GAAAATAGCAGCGTCCCCGC,0,2155452
lpp,0.3333333333333333,2,2,CTTTTGCGGGAGACGGTGCC,0,2156268
lpp,0.3333333333333333,2,2,CTTCGTATGCAGTTGATGTA,0,2158340
lpp,0.3333333333333333,2,2,CTGTAACCCATGGTTTATGT,0,2159235
lpp,0.3333333333333333,2,2,CTGGGTCGGGTCCCTAACTG,0,2160700
lpp,0.3333333333333333,2,2,CTGGAACTGGTAGAATTGAT,0,2161070
lpp,0.3333333333333333,2,2,CTCCCAAGCCTTACTAAACA,0,2155277
lpp,0.3333333333333333,2,2,CTCAAACGGATTATGTTTAA,0,2157836
lpp,0.3333333333333333,2,2,CTAGGTAGTAGATCGCAAGC,0,2160718
lpp,0.3333333333333333,2,2,CTAGATTAGGGGGCGGATCG,0,2161427
lpp,0.3333333333333333,2,2,CTACTACCTTGTATAGTTCG,0,2158527
lpp,0.3333333333333333,2,2,CTACCCCAATCTACTACTTA,0,2158838
lpp,0.3333333333333333,2,2,CGTCTGGCAGCTTGTTGTTA,0,2152887
lpp,0.3333333333333333,2,2,CGTACCCACCCGTGCCATAC,0,2160837
lpp,0.3333333333333333,2,2,CGGTACTTACTCGGGTGTAG,0,2158240
lpp,0.3333333333333333,2,2,CGGGAGTGTGTACAATTTAA,0,2159229
lpp,0.3333333333333333,2,2,CGGCTGGTTTCACGCAATGC,0,2153328
lpp,0.3333333333333333,2,2,CGGCCTAAACAAGTGTGTCA,0,2158738
lpp,0.3333333333333333,2,2,CGGAGACATCTTGATACCTC,0,2158915
lpp,0.3333333333333333,2,2,CGGACTGAGACTCCTGTTCC,0,2152863
lpp,0.3333333333333333,2,2,CGGAACTGGTGAATAAGCAG,0,2158211
lpp,0.3333333333333333,2,2,CGCTAGTTGTTCAGAACGCT,0,2154090
lpp,0.3333333333333333,2,2,CGCGGCCGCTAGATGAGATG,0,2155762
lpp,0.3333333333333333,2,2,CGCCTAGCGGATTAGGATGC,0,2157713
lpp,0.3333333333333333,2,2,CGCCGCTGACCTGCGTTTCC,0,2155753
lpp,0.3333333333333333,2,2,CGCCCCTGCTGCTACTCGGC,0,2160099
lpp,0.3333333333333333,2,2,CGCCAGTAAAGGTACATCTT,0,2156811
lpp,0.3333333333333333,2,2,CGAGACAACCCATAAACCCC,0,2158859
lpp,0.3333333333333333,2,2,CGAAGCAAAGTGTCTGACGA,0,2158927
lpp,0.3333333333333333,2,2,CCTTCGTAGGCCGAGAAGGC,0,2156344
lpp,0.3333333333333333,2,2,CCTAATGCATACCCTGCGGC,0,2155450
lpp,0.3333333333333333,2,2,CCTAACGTCATTGCGCATGT,0,2154191
lpp,0.3333333333333333,2,2,CCGTTTTTTTGCGGCTGCGT,0,2155178
lpp,0.3333333333333333,2,2,CCGGGCTGACGAGCAGTGGC,0,2156165
lpp,0.3333333333333333,2,2,CCGGGAAGCGTTCTATAGGC,0,2155438
lpp,0.3333333333333333,2,2,CCGGCATCCTGATCCGTAAT,0,2159918
lpp,0.3333333333333333,2,2,CCGCGATATGGCTTCAGAAC,0,2158329
lpp,0.3333333333333333,2,2,CCGCCGATTTGGGTGCGGAC,0,2156269
lpp,0.3333333333333333,2,2,CCCGTAGTGTATGCTACGGT,0,2158333
lpp,0.3333333333333333,2,2,CCCGCCGTGAAAATAGGAGC,0,2155904
lpp,0.3333333333333333,2,2,CCCCGCCAGAGGATAATACC,0,2156222
lpp,0.3333333333333333,2,2,CCCCACGCCACGGCTTGCAA,0,2161512
lpp,0.3333333333333333,2,2,CCCAAAACGGCCTCCGGACC,0,2158463
lpp,0.3333333333333333,2,2,CCATGTGCTCGGTGGGCTAA,0,2161410
lpp,0.3333333333333333,2,2,CATTGGGATCAGAAGTTCAT,0,2156060
lpp,0.3333333333333333,2,2,CATGGAATAAGCCAAGAACG,0,2158189
lpp,0.3333333333333333,2,2,CATGATGGTCACAGCGGTTC,0,2162267
lpp,0.3333333333333333,2,2,CATCCACTCGACGGGATCGC,0,2153747
lpp,0.3333333333333333,2,2,CATAGAGCCCGTCACGCTCG,0,2158820
lpp,0.3333333333333333,2,2,CAGTAGGAAACACAGACCTG,0,2158040
lpp,0.3333333333333333,2,2,CACTCTTTTGATCGCTGTTT,0,2157016
lpp,0.3333333333333333,2,2,CACCCATACGATTCTGGGAT,0,2153990
lpp,0.3333333333333333,2,2,CAAGGGTTCGGCTCAGTCCA,0,2153692
lpp,0.3333333333333333,2,2,CAACAACAGTACTCCTTCAC,0,2158086
lpp,0.3333333333333333,2,2,CAAAGCAGACGGAGCGCAGT,0,2154270
lpp,0.3333333333333333,2,2,ATTTCTGCTGCCGCTTTTAA,0,2154044
lpp,0.3333333333333333,2,2,ATTTATTATGGATTACCTGC,0,2154190
lpp,0.3333333333333333,2,2,ATTTAATTAAGTCGTACTAA,0,2159377
lpp,0.3333333333333333,2,2,ATTGTGATAAACTGGTGAAT,0,2162308
lpp,0.3333333333333333,2,2,ATTGTCCGGTATATCGTTTG,0,2153691
lpp,0.3333333333333333,2,2,ATTGTACATTGCACCCGATA,0,2154252
lpp,0.3333333333333333,2,2,ATTGCATACTGCTAGATCCA,0,2159904
lpp,0.3333333333333333,2,2,ATGTAAGAAGGTAGATCGTG,0,2159892
lpp,0.3333333333333333,2,2,ATGGTTTCATCTTACTATAT,0,2157067
lpp,0.3333333333333333,2,2,ATGGGGGCCACTAGGCGTAG,0,2154177
lpp,0.3333333333333333,2,2,ATGCACGAGGGACTCACGTT,0,2153772
lpp,0.3333333333333333,2,2,ATGAGTGTCACCGTCCGCGT,0,2161069
lpp,0.3333333333333333,2,2,ATGACTTAGTTTTAATATAG,0,2161131
lpp,0.3333333333333333,2,2,ATCGGACCTAACCAAGCTTA,0,2154952
lpp,0.3333333333333333,2,2,ATAGCTTCGAGCACCGATCG,0,2158323
lpp,0.3333333333333333,2,2,ATACAGTCAAGGTGCTAGTG,0,2161598
lpp,0.3333333333333333,2,2,AGTTCACTTGACACTGGGAA,0,2152743
lpp,0.3333333333333333,2,2,AGTATAATCTTAATTGTGTG,0,2157197
lpp,0.3333333333333333,2,2,AGGTTAGAGAGAGGAAATGG,0,2157157
lpp,0.3333333333333333,2,2,AGGCACTCTGAGGCTGATAC,0,2156164
lpp,0.3333333333333333,2,2,AGGACCTCACCGGGAGAGGA,0,2153256
lpp,0.3333333333333333,2,2,AGCTATAATAAGCGCGTATG,0,2156726
lpp,0.3333333333333333,2,2,AGCGTTGTGAGCATCTCTCC,0,2159929
lpp,0.3333333333333333,2,2,AGCGGGTCTGGAAAATCTGT,0,2155687
lpp,0.3333333333333333,2,2,AGCGAATGGTATTGGATCAT,0,2157649
lpp,0.3333333333333333,2,2,AGCCTGAGAGGTCCAGCAGA,0,2160841
lpp,0.3333333333333333,2,2,AGCCCGATGAAAGGGGACTT,0,2157149
lpp,0.3333333333333333,2,2,AGATTTAGTAATGTCTTAGA,0,2155322
lpp,0.3333333333333333,2,2,AGAGGAAAACTTTGTCCCAA,0,2155879
lpp,0.3333333333333333,2,2,AGACCTTTCGACTGCTCCAA,0,2157400
lpp,0.3333333333333333,2,2,AGACATATTTATGGCCCTAA,0,2160759
lpp,0.3333333333333333,2,2,AGAAAGTTCAAAGTTAGTTG,0,2154583
lpp,0.3333333333333333,2,2,ACGCTCACGATGATTATCCT,0,2161566
lpp,0.3333333333333333,2,2,ACGCTATGGTTACGTGAGCT,0,2153612
lpp,0.3333333333333333,2,2,ACCCTTAAGTACGCTGCGTG,0,2157926
lpp,0.3333333333333333,2,2,ACCATTTTAGTAATTGCGGA,0,2160153
lpp,0.3333333333333333,2,2,ACCAAAAACTAAATATCGAC,0,2153993
lpp,0.3333333333333333,2,2,ACAGTAACCGTATTGCTGAT,0,2154672
lpp,0.3333333333333333,2,2,ACAGCGCACGGCCCGTAGAT,0,2159268
lpp,0.3333333333333333,2,2,AATTTGAGGATCTGGTGATT,0,2160622
lpp,0.3333333333333333,2,2,AAGTGTAACAATCAATGTAG,0,2155265
lpp,0.3333333333333333,2,2,AAGTCAGGCAACACGGTGAT,0,2159517
lpp,0.3333333333333333,2,2,AAGGTTAACGCTGAAAATTG,0,2161582
lpp,0.3333333333333333,2,2,AACTTAAAATGCGCCATTAC,0,2153855
lpp,0.3333333333333333,2,2,AACTCGCACCGACAACACTT,0,2156841
lpp,0.3333333333333333,2,2,AACGTCAAGTTCAGCCCCGG,0,2159540
lpp,0.3333333333333333,2,2,AAATTAGCCCCGTCGGGAGC,0,2158230
lpp,0.3333333333333333,2,2,AAACGACAACCGTGGGTTGA,0,2153226
lpp,0.3333333333333333,2,2,AAAAAATCTGCTACGTTAAC,0,2159391
lpp,0.5,1,1,TTTTGGAGAATCGAGCTGCC,0,2155346
lpp,0.5,1,1,TTTGTTGCTATCGCTCCTGC,0,2160985
lpp,0.5,1,1,TTTGCGGGGAGGTCCCGCGG,0,2158082
lpp,0.5,1,1,TTTCGCTCCACGAGACCAGA,0,2157386
lpp,0.5,1,1,TTGAGGAAGCCGATTCATCG,0,2160452
lpp,0.5,1,1,TTCGTGGCAGAGGATGCCGA,0,2154615
lpp,0.5,1,1,TTCACTAATGGGGCACGTAT,0,2161105
lpp,0.5,1,1,TTATAGCTGCATAGCCCTCC,0,2157868
lpp,0.5,1,1,TTAGGGCGCTGAAGGTTTTA,0,2161569
lpp,0.5,1,1,TTAGGAGTTCCCCATTCAGT,0,2161424
lpp,0.5,1,1,TTACTACTTATAAATCACTA,0,2158577
lpp,0.5,1,1,TTACCGTCTGAGGATAGTCA,0,2156415
lpp,0.5,1,1,TTAATGTGCTACACTCCAAC,0,2158278
lpp,0.5,1,1,TTAATCTTAATGCAGGACGA,0,2159499
lpp,0.5,1,1,TTAAAGGACAATATGTGTTT,0,2155858
lpp,0.5,1,1,TGTTAGCGCAACAACAAGCT,0,2159248
lpp,0.5,1,1,TGTGCTCTGGGCCACTTGTG,0,2160044
lpp,0.5,1,1,TGTGAAAGTACTCCCCCGGG,0,2159709
lpp,0.5,1,1,TGGTCCAGCGCGTGCGTTGA,0,2153053
lpp,0.5,1,1,TGGCGGATTTAACGCGCGCA,0,2161336
lpp,0.5,1,1,TGGACCTGCTGCGCTTCTTC,0,2160644
lpp,0.5,1,1,TGCTGGCACGGTCAAGCTAC,0,2157756
lpp,0.5,1,1,TGCTCCTCGGAGTACACACT,0,2159205
lpp,0.5,1,1,TGCTATCACCTGGTTACCAT,0,2156141
lpp,0.5,1,1,TGCTACGATTAATTTCTTGT,0,2161888
lpp,0.5,1,1,TGCGGCGAACCCCTCGAATG,0,2157225
lpp,0.5,1,1,TGCGATCTAGCGACAGTTAC,0,2161037
lpp,0.5,1,1,TGCCCCATAATTGTTCGAGA,0,2156743
lpp,0.5,1,1,TGACGGCTGGTCCATCTAAT,0,2152924
lpp,0.5,1,1,TGAACCGGTACGAGGGCTTT,0,2153676
lpp,0.5,1,1,TCTTCGCTCCGCCCTACTTC,0,2159722
lpp,0.5,1,1,TCTCGCAACTTAATCTTATT,0,2161901
lpp,0.5,1,1,TCGGGAACTTCATGCAAGAT,0,2160011
lpp,0.5,1,1,TCGGCGATTCGGTCCTTACA,0,2155394
lpp,0.5,1,1,TCGCAGCCATTCCCATAACT,0,2157081
lpp,0.5,1,1,TCGACCGTACGTGACAGGAG,0,2156516
lpp,0.5,1,1,TCGAATCCCGCAATTACATG,0,2160295
lpp,0.5,1,1,TCGAATAGATCGACGTGCAT,0,2157082
lpp,0.5,1,1,TCCGCTTTGTCCAGCACGAA,0,2156781
lpp,0.5,1,1,TCCCGGTATGTTTGCTATTA,0,2160848
lpp,0.5,1,1,TCATCGTTTCGCGTCCGCGA,0,2156721
lpp,0.5,1,1,TCAGCGACAAAGGCGACGAC,0,2157897
lpp,0.5,1,1,TATTGCGTGCGGATATGCCC,0,2157824
lpp,0.5,1,1,TATTGCAGTTAGGCCCGTCG,0,2158853
lpp,0.5,1,1,TATTAACGCAGCATTGAGAG,0,2162011
lpp,0.5,1,1,TAGGTAAATAAGGTGCATTG,0,2154173
lpp,0.5,1,1,TAGGGCAAGTGACTTAAGGA,0,2157865
lpp,0.5,1,1,TAGAGGAAGACATGCGATCT,0,2158288
lpp,0.5,1,1,TAGACTGAATAGTTAGCCAT,0,2155694
lpp,0.5,1,1,TACTATCTGCGAAGTTCACC,0,2158699
lpp,0.5,1,1,TACGGACGATCGGTGTATGC,0,2156504
lpp,0.5,1,1,TACCCTCGCTTTCCCGATCA,0,2152680
lpp,0.5,1,1,TACCCTAGGCTATGAAGAGT,0,2158102
lpp,0.5,1,1,TACCCCTCTGTTGAGCTTTC,0,2153287
lpp,0.5,1,1,TACCAATCGCGTTACTTCAC,0,2155568
lpp,0.5,1,1,TAATCGAGAGATACTAGGGT,0,2157680
lpp,0.5,1,1,TAAGCTCAAGGACAGTAGTC,0,2159088
lpp,0.5,1,1,TAACTGTTAGGGTAGGTTAC,0,2159504
lpp,0.5,1,1,GTTTTTCCTAGGTGGCATCA,0,2154001
lpp,0.5,1,1,GTTTAGAGGTTTAGCGGTTC,0,2153952
lpp,0.5,1,1,GTTGTCATGCCCAGTGAGGG,0,2156234
lpp,0.5,1,1,GTTAGCTTGCACGTGCAAAA,0,2153034
lpp,0.5,1,1,GTTACTTGTGTTGCGCTGTT,0,2161725
lpp,0.5,1,1,GTTACTCATTTCCAATCAGT,0,2160765
lpp,0.5,1,1,GTGGCCACCCTCTGCACGGT,0,2154113
lpp,0.5,1,1,GTGCCTACTCCGTTGTCTAA,0,2156095
lpp,0.5,1,1,GTGATTTTGTAAGATAAGCG,0,2158683
lpp,0.5,1,1,GTCTGTGCAAATAACTATCT,0,2160440
lpp,0.5,1,1,GTCTGCCCTAATACTCGAAT,0,2155530
lpp,0.5,1,1,GTCGGACGGCCTGGTATTCT,0,2155018
lpp,0.5,1,1,GTCAAGGTCACGGCGCTCCT,0,2154848
lpp,0.5,1,1,GTATCTTTGCTTGCAATACC,0,2158535
lpp,0.5,1,1,GTATCGTAGGTTGATACCTA,0,2157552
lpp,0.5,1,1,GTATCAGAGGCACTCTGATG,0,2153332
lpp,0.5,1,1,GTAGGTTTTGCCTGGCCTTC,0,2158706
lpp,0.5,1,1,GTACTCGTTTGGTCTCTGTT,0,2154299
lpp,0.5,1,1,GTACACGTAGCCTGTGGGAT,0,2157504
lpp,0.5,1,1,GTAAGGGGCGCTGGCGTAAC,0,2153402
lpp,0.5,1,1,GGTTTATTGCAGGTCGTGAG,0,2161330
lpp,0.5,1,1,GGTTCCACGTAGCTAGATTG,0,2156024
lpp,0.5,1,1,GGTGTACCGGGACGGATATC,0,2160164
lpp,0.5,1,1,GGTCGCGTCCCAGGAACACG,0,2153050
lpp,0.5,1,1,GGTCCGTATCCGAGCGTCAC,0,2154155
lpp,0.5,1,1,GGTCAATTTCAACTTTGGAG,0,2153787
lpp,0.5,1,1,GGTACGTAGCTGCCGAGGAG,0,2154091
lpp,0.5,1,1,GGTAAATTTGGGAAATCCGT,0,2154869
lpp,0.5,1,1,GGGGTGCGCTTAAAATAGAT,0,2157496
lpp,0.5,1,1,GGGGCACGTAGGGATGAATG,0,2153293
lpp,0.5,1,1,GGGGAGTTTTATTTGTTTTC,0,2156081
lpp,0.5,1,1,GGGCTCGGTAGCTGGGGTAC,0,2155597
lpp,0.5,1,1,GGCTAGCAAACGCGCTACTG,0,2160091
lpp,0.5,1,1,GGCGTCTGATTAATAAAATA,0,2159370
lpp,0.5,1,1,GGCGGTCCCTCTGTGAGACA,0,2158700
lpp,0.5,1,1,GGCGCAAACAGCTCGCCATA,0,2161812
lpp,0.5,1,1,GGCAGGAAGCTCTTCCGTAT,0,2154329
lpp,0.5,1,1,GGCAATGTGAGTCTTGGCCA,0,2161717
lpp,0.5,1,1,GGCAAGAGTGCTTGACGGTG,0,2153214
lpp,0.5,1,1,GGATTGGCAGTCGAACGAAT,0,2161340
lpp,0.5,1,1,GGAGTGTTAGTGTCTCAGTA,0,2155373
lpp,0.5,1,1,GGAGAGGACAACTAGCTGAA,0,2162017
lpp,0.5,1,1,GGAGAGCTGACCACAGTTAG,0,2162005
lpp,0.5,1,1,GGACATACGCCCAGAGGCAA,0,2157276
lpp,0.5,1,1,GCTTCAAGTTTCCGTCGTGC,0,2157079
lpp,0.5,1,1,GCTTACGACTGAGATGTTTT,0,2154358
lpp,0.5,1,1,GCTGTAGTAAGTCGTCCAGC,0,2158862
lpp,0.5,1,1,GCTGGACTTGCAGATGAGAT,0,2153892
lpp,0.5,1,1,GCTATGGATGACCGGCCAGA,0,2154287
lpp,0.5,1,1,GCTACAACGGATCTCCGTAA,0,2157066
lpp,0.5,1,1,GCTAATGAAAAGCCTTACAT,0,2153668
lpp,0.5,1,1,GCGTGACTCCGTTCATTCTG,0,2159750
lpp,0.5,1,1,GCGGCTACGGTGGTGGGAGA,0,2161446
lpp,0.5,1,1,GCGCGGCAACTGGTGCAGTA,0,2161966
lpp,0.5,1,1,GCCTTTTTTGACGAGCGTGT,0,2155128
lpp,0.5,1,1,GCCGTTCTTATGCAAGCTTT,0,2160632
lpp,0.5,1,1,GCATATCCTATCGCGTACCA,0,2154045
lpp,0.5,1,1,GCAGTCTTCGCTCAATTGCT,0,2160649
lpp,0.5,1,1,GCAGGTACTCTTTCACTAGC,0,2158739
lpp,0.5,1,1,GCAGGCGGAGGGCGAAATAC,0,2154857
lpp,0.5,1,1,GCAGCTCTCCGGTGGCGTTT,0,2161953
lpp,0.5,1,1,GCAGCCCGGCTTGTATCATG,0,2158839
lpp,0.5,1,1,GCACTAGGACTTTGGAGCTG,0,2158633
lpp,0.5,1,1,GAGGTATTTTTCGGATGCAT,0,2152816
lpp,0.5,1,1,GAGGACAGAGAATGCTTAAA,0,2155219
lpp,0.5,1,1,GAGCGCCCATCGTTCATTTG,0,2159253
lpp,0.5,1,1,GAGCAATCCACGAGCATCAA,0,2157486
lpp,0.5,1,1,GACTCGGGGTCGTACGGTTG,0,2155513
lpp,0.5,1,1,GAATTACAGAGGCCGGACCA,0,2160726
lpp,0.5,1,1,GAATGTCACCACCCGTTAAA,0,2158138
lpp,0.5,1,1,GAATGGGGTAAAAAATGGAC,0,2156611
lpp,0.5,1,1,GAAGTTCAGTGATTGTCAGT,0,2159998
lpp,0.5,1,1,GAAGAACGGGCACGGGGAGG,0,2153558
lpp,0.5,1,1,CTTTTGGATCTTGATGCATT,0,2155154
lpp,0.5,1,1,CTTTTACACATCTCGGGCTT,0,2155977
lpp,0.5,1,1,CTTTGAAAAGGCAGCGTTGA,0,2153019
lpp,0.5,1,1,CTTCCCGTGTGACAAACAAG,0,2159690
lpp,0.5,1,1,CTGTGTTTCGCTCTCGAGTA,0,2154943
lpp,0.5,1,1,CTGGGGTCGGGATTCCAGAC,0,2161922
lpp,0.5,1,1,CTGGCTGATTGTCCAACGTG,0,2154089
lpp,0.5,1,1,CTGCGTCCCTATGATCCCGT,0,2153043
lpp,0.5,1,1,CTGCGTAAACCGTTCCTTCC,0,2161572
lpp,0.5,1,1,CTGATTGACGCGGGTTGCGG,0,2156211
lpp,0.5,1,1,CTCTTCAGGCTCCTTTGATG,0,2158348
lpp,0.5,1,1,CTCTGGATCTCCCGCGTCTA,0,2153040
lpp,0.5,1,1,CTCGCCGACCAGTGTTCGCT,0,2157779
lpp,0.5,1,1,CTCATTTCGCTTTACGAATA,0,2152831
lpp,0.5,1,1,CTCAGAGATAGTTCGGCAGT,0,2159451
lpp,0.5,1,1,CTCACGCTGTAAAAAGACGA,0,2156473
lpp,0.5,1,1,CTATTACTCAGGGACCCATC,0,2159050
lpp,0.5,1,1,CTACGAGTCGGCGTTGCATC,0,2162039
lpp,0.5,1,1,CTAAGTTTGAGTACCTACTA,0,2156333
lpp,0.5,1,1,CGTTCTAAGTTGAAAAAGCC,0,2157384
lpp,0.5,1,1,CGTGGAAGATCGTTCTTCTT,0,2157907
lpp,0.5,1,1,CGTCTCATCGTGCGACTCTC,0,2157831
lpp,0.5,1,1,CGTCGCCACCGCCAGTATGA,0,2155949
lpp,0.5,1,1,CGTCCCATTTCTGGTTGTCT,0,2156593
lpp,0.5,1,1,CGTACGCGGTACATCGGTGT,0,2154984
lpp,0.5,1,1,CGGTCGTCTACCTCAGGTCC,0,2157017
lpp,0.5,1,1,CGGGCGTCCGTGTTTTTTAA,0,2157295
lpp,0.5,1,1,CGGCCCGGCCGCCTCGGAAC,0,2161691
lpp,0.5,1,1,CGGCACGATCTTTAAAAGTA,0,2152987
lpp,0.5,1,1,CGCTGATTCGGTGCGGACAA,0,2158715
lpp,0.5,1,1,CGCTCCATTGTAAGATAGCC,0,2157769
lpp,0.5,1,1,CGCTCAGAGCCTCATGATTA,0,2157422
lpp,0.5,1,1,CGCCGGGATAACAGTATTGC,0,2155443
lpp,0.5,1,1,CGCAGAGGTTTCCCACAAAC,0,2161434
lpp,0.5,1,1,CGAGGTTACGGCGTGTATTA,0,2159385
lpp,0.5,1,1,CGACGTGCAGTGGGCTATAT,0,2159375
lpp,0.5,1,1,CGACAGATTCAAGAAAATAA,0,2156635
lpp,0.5,1,1,CCTTCAGAATTTCATCAGAT,0,2161957
lpp,0.5,1,1,CCTGTGGTCAACGGGGGTAC,0,2156486
lpp,0.5,1,1,CCTCCAGTAGTATATCGTGG,0,2157536
lpp,0.5,1,1,CCTACGAGGACGTTGGTGAA,0,2156484
lpp,0.5,1,1,CCTAAATCAGAGGTAAATGA,0,2161697
lpp,0.5,1,1,CCGGGTTGCTGCCACATAAC,0,2154953
lpp,0.5,1,1,CCCTTGGTATTCGACCGCAG,0,2153851
lpp,0.5,1,1,CCCTGCCAAGTAGGCCCTAA,0,2158475
lpp,0.5,1,1,CCCCGAGTCACGAGTAGTGC,0,2160278
lpp,0.5,1,1,CCCAAAGGTATGCCGTGTCA,0,2153838
lpp,0.5,1,1,CCATTTGGGATACGAAGGGG,0,2155284
lpp,0.5,1,1,CCATTTAATATCAATCTAAA,0,2156096
lpp,0.5,1,1,CCATGGGTCTTTCATGGATG,0,2157217
lpp,0.5,1,1,CCAGGTCTAATCAACCTCGG,0,2157480
lpp,0.5,1,1,CCACCGGGTGCTGATTATAC,0,2155834
lpp,0.5,1,1,CCACCAACCGTTCCATGGGT,0,2158017
lpp,0.5,1,1,CCAATAGCAGACCGTAATGC,0,2161534
lpp,0.5,1,1,CATGTGGCACGAAGCCACCC,0,2156625
lpp,0.5,1,1,CATAGTCACCTAATGTTAAC,0,2156693
lpp,0.5,1,1,CAGTAATCAAAACCGCTGTG,0,2162154
lpp,0.5,1,1,CAGACACCACTTATCGTACC,0,2158895
lpp,0.5,1,1,CAGAACTAGGATCTCGGAGG,0,2158640
lpp,0.5,1,1,CACGGTTGCTCAGCGAGTGG,0,2156794
lpp,0.5,1,1,CACGGTTCACTGCCCGGCTC,0,2154876
lpp,0.5,1,1,CACATCCATATTCTTGCCGG,0,2155735
lpp,0.5,1,1,CACAATAGGGGTCACAATAC,0,2157583
lpp,0.5,1,1,CAATCTTTATCTCTCTGGTT,0,2152814
lpp,0.5,1,1,CAACCAGGGTTGTTGGTGCT,0,2159663
lpp,0.5,1,1,CAAAATATCATGATAAACGC,0,2162174
lpp,0.5,1,1,ATTTACGCCCACCTGAAGCT,0,2161319
lpp,0.5,1,1,ATTGGCCCATGAAAAGTAAG,0,2158505
lpp,0.5,1,1,ATTGCTTGTCGCCCTGTGAA,0,2161528
lpp,0.5,1,1,ATTGAATCGCCGGCGGTCGC,0,2153291
lpp,0.5,1,1,ATTCTCTCATAAGTAGCCGA,0,2157411
lpp,0.5,1,1,ATTAGCCAGAACGCAGAGAT,0,2160823
lpp,0.5,1,1,ATTACGAGTAGAGGGGGCGG,0,2161668
lpp,0.5,1,1,ATTAATGCACCAGCGTGACA,0,2159707
lpp,0.5,1,1,ATGTAGCCTTCTTAAAAGTC,0,2161881
lpp,0.5,1,1,ATGGTTTCGAATAGTACTTA,0,2157343
lpp,0.5,1,1,ATGAGTGTCAGGGGAAACGT,0,2158808
lpp,0.5,1,1,ATCGCTCGTCAACGCGGGCA,0,2155671
lpp,0.5,1,1,ATCCATGGGTCTGGACCTGT,0,2159401
lpp,0.5,1,1,ATATTTGGTCTCATCGTAAG,0,2153748
lpp,0.5,1,1,ATAGTCGGACAATGCAGTCC,0,2159934
lpp,0.5,1,1,ATAGGATTCATCGCTGGATC,0,2159542
lpp,0.5,1,1,ATACCAGTTGGTAGTGTGCG,0,2153002
lpp,0.5,1,1,ATACAGAGCTATACTCACTG,0,2155350
lpp,0.5,1,1,ATACAAGAGGGTCCTAATGT,0,2155763
lpp,0.5,1,1,ATAACGTCTGTAAAGCGTTT,0,2161256
lpp,0.5,1,1,ATAAACGAGTTCGGAGATGG,0,2159413
lpp,0.5,1,1,ATAAACAGGAAGATAGTGGA,0,2156130
lpp,0.5,1,1,ATAAAAGTCATGGACTATAC,0,2153197
lpp,0.5,1,1,AGTTTTTGCAATATTGGAGT,0,2159885
lpp,0.5,1,1,AGTTCCGGATAATGCAGATA,0,2159433
lpp,0.5,1,1,AGTTAAGACGAATCTTGGTT,0,2154993
lpp,0.5,1,1,AGTCGTCTCATTGTTAACGG,0,2158200
lpp,0.5,1,1,AGTAAGTCCCAGCTAAGCAT,0,2156590
lpp,0.5,1,1,AGGTTCGGCCGACCAGATGT,0,2156777
lpp,0.5,1,1,AGGTGGGGCAGCAAAGTGGG,0,2153394
lpp,0.5,1,1,AGGTGCAGGATAACCCGTGT,0,2158257
lpp,0.5,1,1,AGGGGTACAGGCCTGAATGT,0,2159669
lpp,0.5,1,1,AGGCTGAATTCCGCATAAAA,0,2155122
lpp,0.5,1,1,AGGCATTATCAGGCGGGCCT,0,2154107
lpp,0.5,1,1,AGGAGGGGGGAAGTGCTCGA,0,2157095
lpp,0.5,1,1,AGCTTGACAGGGTCGGTGGA,0,2155749
lpp,0.5,1,1,AGCTTCATGCAAGTCACACA,0,2156340
lpp,0.5,1,1,AGCCTAAGGTACTGGACAGT,0,2158615
lpp,0.5,1,1,AGCATCAAGGTAGGGGGCAG,0,2153743
lpp,0.5,1,1,AGCAGGTCACCTGTTACATT,0,2158255
lpp,0.5,1,1,AGAGATTAGCCGGCAATTTA,0,2159731
lpp,0.5,1,1,AGACGCTCGTGATCTTCCTA,0,2154913
lpp,0.5,1,1,AGAAGAGTCGATACTCGTAT,0,2155135
lpp,0.5,1,1,ACTTGGTATCCGTACGATTC,0,2153413
lpp,0.5,1,1,ACTGTTATATGCTAAGCCAC,0,2155076
lpp,0.5,1,1,ACTGGTGACCGCCGGGAGTA,0,2161006
lpp,0.5,1,1,ACTGGGAGCTTAATCGAACC,0,2156663
lpp,0.5,1,1,ACTAATCTTGTCGAACACCG,0,2161900
lpp,0.5,1,1,ACGTAGTTTAGGGTGCTCAA,0,2152763
lpp,0.5,1,1,ACGTAATAACTCCCACAGAG,0,2160861
lpp,0.5,1,1,ACGCCGAGCCCTCCGCGGGG,0,2159044
lpp,0.5,1,1,ACGATCGAGTTTAAGGGAAG,0,2154275
lpp,0.5,1,1,ACGACTCTGTATATGACGAG,0,2161281
lpp,0.5,1,1,ACCTAAGATTCCTCTACACA,0,2160375
lpp,0.5,1,1,ACCGTGCCTCGTGGACCCAC,0,2155754
lpp,0.5,1,1,ACCGTAAAGATCCTGCGTAG,0,2154108
lpp,0.5,1,1,ACATAATGCATATCGACGGA,0,2152849
lpp,0.5,1,1,ACAGTATCTGCGGCGGCACG,0,2155458
lpp,0.5,1,1,ACACAATAGGCACACCGCAG,0,2160920
lpp,0.5,1,1,ACAAATCCGAAGGCTAGGAA,0,2154925
lpp,0.5,1,1,ACAAAAGTACTGAAGGGAAG,0,2158007
lpp,0.5,1,1,AATTGAGTGAGCGAACTTAG,0,2160731
lpp,0.5,1,1,AATCTTTTTGCTGTCGTTAC,0,2156976
lpp,0.5,1,1,AATCATAAGCTCTATCTTCG,0,2156905
lpp,0.5,1,1,AAGTGGTTGCGGCAGTCAGC,0,2152899
lpp,0.5,1,1,AAGGCCGGGCATTTAGTAGA,0,2156730
lpp,0.5,1,1,AAGCTGGCGATGAGCTGGGA,0,2159322
lpp,0.5,1,1,AAGCTAACGGTATAGTGAGT,0,2159287
lpp,0.5,1,1,AAGCATCCAGTGTCACTGAG,0,2153316
lpp,0.5,1,1,AAGATCGGATTAGGCCAGTC,0,2161559
lpp,0.5,1,1,AAGATAGAGGCCCCAGCGTT,0,2154518
lpp,0.5,1,1,AACTGATTGACTGCCTTTAC,0,2153861
lpp,0.5,1,1,AACGACCTTTGACGCCAGCT,0,2153245
lpp,0.5,1,1,AACACATTGGTCTGCGCATG,0,2161733
lpp,0.5,1,1,AAAGCGTTAAAACTCATATG,0,2154268
lpp,0.5,1,1,AAAGCCCATGAGGACGACCT,0,2154330
lpp,247.0,246,0,GTATGTGCTGCATTCTACCT,246,2154212
lpp,200.0,199,0,CGACTACTTTGTAGAGACCC,199,2155601
lpp,152.0,151,0,TAGGTTGCTGGGTAGACAGG,151,2161361
lpp,150.0,149,0,CAACGCCACGCCGCGAGGTG,149,2154351
lpp,109.0,108,0,CCTGCGCAGGTGGTAATTCA,108,2154216
lpp,98.0,97,0,GTAAGGGGCGCTGGCGTAAA,97,2153388
lpp,74.0,73,0,CCCCCTTGCATGGTAGGAAT,73,2155223
lpp,74.0,73,0,ACTAATAGTGCGAAGAGCCG,73,2158546
lpp,70.0,69,0,AGTCGGGCATGATCAATGTC,69,2156682
lpp,67.0,66,0,GCACGCATCGGCCGCGGCCC,66,2160078
lpp,67.0,66,0,ACGATCTGCATGTTACTTGA,66,2155598
lpp,66.0,65,0,CAGGTAGGCATATGCTATAG,65,2154774
lpp,64.0,63,0,GTGCTTACTGTTGTCAAGAC,63,2160258
lpp,63.0,62,0,TAAGGTTGCAGCAGTTATAT,62,2154361
lpp,62.0,61,0,CATCCAGTTAGGTGTGATTT,61,2154652
lpp,54.0,53,0,GTGAGGCTTCCCTACCGGCT,53,2158498
lpp,54.0,53,0,CGAACATTGGGATCCGTTAT,53,2154354
lpp,53.0,52,0,TCCTTCTCTACTAACTGGGT,52,2154366
lpp,52.0,51,0,AGGGTATGTTCCATAGCGTA,51,2154402
lpp,51.0,50,0,TTTGGTGGGGCCTTTCTCGG,50,2161796
lpp,51.0,50,0,GTATTATGGCATTCACTTTT,50,2161440
lpp,51.0,50,0,CGGTGGCCACTGTATAGTTT,50,2157551
lpp,51.0,50,0,ATGTCTCACCCGTTAGATAA,50,2159570
lpp,47.0,46,0,TACGAGGACCGTGGGGCAGG,46,2153449
lpp,46.0,45,0,ATTGTGGCAATACGCTTCTA,45,2155504
lpp,45.0,44,0,CCAGTCTAAACCCAGGCTTG,44,2155583
lpp,44.0,43,0,GTCGTCATTCTTTAGCAATC,43,2153177
lpp,41.0,40,0,TCGTGTCGAAAACATCATTT,40,2161669
lpp,40.0,39,0,ACCGGTTTTCCTCATCATGA,39,2159405
lpp,38.0,37,0,ACGCGTAGCCAGGGGGAATC,37,2161458
lpp,37.0,36,0,TACCGTGGTCCCAACGGTCA,36,2154349
lpp,37.0,36,0,CGTCAAGCCCATTCATGCGA,36,2158637
lpp,37.0,36,0,CCTCAGCCGTTCTGGGGCGG,36,2154580
lpp,36.0,35,0,TGACCTAGACGACCGGCGAG,35,2154654
lpp,36.0,35,0,GGTTGGTGTTTGACCTATTC,35,2153538
lpp,35.0,34,0,TTGACAACTCTCGGAGGTCT,34,2159940
lpp,35.0,34,0,TGTCCAATAAAGTGCCTTTA,34,2162093
lpp,35.0,34,0,AGAAAAGTGGCCCCAAAACA,34,2154205
lpp,34.0,33,0,GGACCCCTTGACTCACGTTA,33,2157678
lpp,34.0,33,0,ATGACATCAGCCGAGAATGA,33,2160977
lpp,32.0,31,0,GTAGGGGGATCTTACATCTA,31,2162095
lpp,32.0,31,0,CCTTAATTGATCAACCTTAG,31,2158727
lpp,30.0,29,0,CCGCCTCATTCATACTCCCA,29,2154998
lpp,29.0,28,0,TGCGCGACCGGCATCATTAC,28,2158913
lpp,27.0,26,0,GGTAAATGGAGATGATTTGG,26,2160125
lpp,26.0,25,0,GCCTAGGCTGTCGCACATTC,25,2154444
lpp,26.0,25,0,CAGGCAATAAACCGAGGACT,25,2161745
lpp,26.0,25,0,AGGTCGATTCTAAGCCGGAC,25,2155116
lpp,26.0,25,0,ACTTAGTCCGAGACGTTATA,25,2160138
lpp,25.0,24,0,GGCCGTCCAAGAACGCGCTC,24,2155471
lpp,25.0,24,0,ACGCATGGTGCGTCCCGGTT,24,2160883
lpp,24.0,23,0,TACACAGTGAATCGATCTCC,23,2153605
lpp,24.0,23,0,TAAAAGTGGTGCACACATAG,23,2159576
lpp,24.0,23,0,CATTATGTCAGGTTAATCAT,23,2154994
lpp,23.0,22,0,TTATGGCAGCCAGGGTTTGA,22,2153173
lpp,23.0,22,0,TTAAAAGACAGGCTTGCTGA,22,2155205
lpp,23.0,22,0,TATCCACCCGTACTATACAA,22,2159799
lpp,23.0,22,0,AACTCAAAGTTCTTTATATA,22,2153921
lpp,23.0,22,0,AACCTCCACGCTTATTCTAA,22,2154485
lpp,22.0,21,0,ATGTCGGGGATACCTCGAGA,21,2155920
lpp,22.0,21,0,ACTTGATTTGCAATGAGTCA,21,2153315
lpp,21.0,20,0,GCGGACAGTAGGGGGCCCAA,20,2161897
lpp,21.0,20,0,ATTCTATCGCAAAGAGAAGC,20,2160106
lpp,21.0,20,0,ACCGCCCCGTGGGGCAGATA,20,2157921
lpp,20.0,19,0,TGCCGGCACTATTCCGGAAC,19,2158635
lpp,20.0,19,0,GCCCCAACCTATGTGAGGTT,19,2154143
lpp,19.0,18,0,ACCGGGGACTACATTGCGCT,18,2154133
lpp,19.0,18,0,AAACCACCCAACTAGGAGAT,18,2160276
lpp,18.0,17,0,TACTAAGCTAAGGATCCTTC,17,2158492
lpp,18.0,17,0,GCCGATTCCGCATAAGGTTT,17,2157647
lpp,18.0,17,0,CGGTCGCCTGATATGTATTT,17,2162197
lpp,18.0,17,0,CGCATGTAAAACGATGTCTT,17,2158432
lpp,18.0,17,0,CCCAGCTAGAGTTAGGCGTC,17,2153591
lpp,17.0,16,0,GCCCACGTGAAGGCTTCTAT,16,2161513
lpp,17.0,16,0,CTTTTTTTGGGGATTCTTCC,16,2160978
lpp,17.0,16,0,CTGTAGTCTGTCGGGCGTAT,16,2157156
lpp,17.0,16,0,AGCAGCAACGAGTCTTTAGT,16,2158128
lpp,16.0,15,0,TTTGACACTGGCGGTTTGAT,15,2160801
lpp,16.0,15,0,TGAGACTACCCACATGGGTA,15,2156683
lpp,16.0,15,0,GGTTCCGACCGCGAACAATC,15,2160413
lpp,16.0,15,0,AGAGCCGTGAGGTGTCAGGC,15,2153542
lpp,15.0,14,0,GACGATCAGCGTGGAACTAT,14,2159523
lpp,15.0,14,0,ACACGGAATTTGAGACCTTT,14,2158947
lpp,14.0,13,0,TCCTCTCGGTTTGGCGCTAC,13,2159567
lpp,14.0,13,0,GTACGATTTTGGTACTCTAC,13,2160809
lpp,14.0,13,0,GGAGTCAATGGGGAGATCGC,13,2153436
lpp,14.0,13,0,GACTGCCTTCGAGTCAGGAG,13,2158547
lpp,13.0,12,0,TTCTTAAGGTGTGGGAGGGA,12,2155617
lpp,13.0,12,0,CTTCTTCCTAATGGTAGCCG,12,2156459
lpp,13.0,12,0,CGCTCCCGCTCTTATTAGCT,12,2157748
lpp,13.0,12,0,AGCCGTGGTAAGTGTAGGGC,12,2156859
lpp,12.0,11,0,TTAGGAAGATGCTTGATACG,11,2159550
lpp,12.0,11,0,GGCGCTTTTTTGTTACCATG,11,2160922
lpp,12.0,11,0,GCCAGCCACGGGGCTCAGTT,11,2153511
lpp,12.0,11,0,AAGATCGGTAACAGCTCCGG,11,2154465
lpp,11.0,10,0,GATTACGCACGTGTCGGCGC,10,2161166
lpp,11.0,10,0,GATCGCTGTAGTTAGGCATT,10,2156380
lpp,11.0,10,0,GAGTTATCCGTTACCGACCG,10,2153715
lpp,11.0,10,0,CCTGGACTCGGCCAAGGGAA,10,2154783
lpp,11.0,10,0,CCCGGTCAAATTACCATCGC,10,2157832
lpp,11.0,10,0,ATTAGATGGCGCGAATTAGC,10,2158963
lpp,11.0,10,0,ACTATCTGAATGGCGGCGAC,10,2154442
lpp,11.0,10,0,AATAAGGCTTGATCCATGTC,10,2161259
lpp,10.0,9,0,TCATCTTAGTTGCGGGAGGC,9,2155209
lpp,10.0,9,0,AATGAGATCTCTGGGACCAT,9,2155206
lpp,10.0,9,0,AACCCCATATACTTTACGGT,9,2152789
lpp,9.0,8,0,TATAAGGATACGGGTGTAGT,8,2162137
lpp,9.0,8,0,GTAGATCGGCGGAGCTAAAA,8,2158160
lpp,9.0,8,0,GCGTAGTAGTCGTTTGAGGC,8,2155415
lpp,9.0,8,0,CTGTACTATAAAGTCCCACA,8,2155469
lpp,8.0,7,0,TGATTGTATTAAGCAATTAT,7,2153767
lpp,8.0,7,0,TCGCGGGTGGTTGGGATGCT,7,2156057
lpp,8.0,7,0,CTGGCTTAGTACGCTGTCCA,7,2153159
lpp,8.0,7,0,CCGGAATACAAGTGGTTTAC,7,2154600
lpp,8.0,7,0,AGTCCTGGGGATTTATAGAG,7,2157846
lpp,7.0,6,0,GTGATATATCGCGTAGCTAT,6,2158170
lpp,7.0,6,0,GCATCAGTAGCGTCCCTCTC,6,2159612
lpp,7.0,6,0,CGACCACCACGGTTTGTAAT,6,2158446
lpp,7.0,6,0,AAGTTTCAGTCGCCAGAATA,6,2154782
lpp,6.0,5,0,TTATAATAGGCTTTCCAAAA,5,2154820
lpp,6.0,5,0,TGGACTGGTCATATGATAAA,5,2155473
lpp,6.0,5,0,TCAAGGTGATCTTATTTTCA,5,2160286
lpp,6.0,5,0,GGACTCGGAAATCTGCTTGG,5,2156995
lpp,6.0,5,0,GCCGCATACCGTCGTCCTCA,5,2157679
lpp,6.0,5,0,GCATATAGTCTAAAGCACTT,5,2154794
lpp,5.0,4,0,TCTCAGAGCAGGTAGTGGGG,4,2154604
lpp,5.0,4,0,CATAGTTCTTTTGCCTTGTA,4,2156279
lpp,5.0,4,0,CATACGTTTTGGACGATTAA,4,2160869
lpp,5.0,4,0,ATGCCCTCGCAACTTGGGGT,4,2161345
lpp,5.0,4,0,AACTATTATTTATTATGGCG,4,2162118
lpp,4.0,3,0,TGTACGTTTAGATGCCGCTC,3,2161468
lpp,4.0,3,0,GTCCTTTATTCATATTAGAT,3,2152886
lpp,4.0,3,0,GAGCACTGTGCGTGCATTCC,3,2161034
lpp,4.0,3,0,CTAGGCCACACCGTTAACCC,3,2161370
lpp,4.0,3,0,ATTCTTGATAGTGCATACAT,3,2160376
lpp,4.0,3,0,ACTGCCCATTTAAAGGGGGA,3,2154851
lpp,4.0,3,0,AATGCAAACCTTTGCTCATC,3,2159760
lpp,3.0,2,0,TGGCGGAAGGGCTTACCTCA,2,2158651
lpp,3.0,2,0,GTCGGTGGATACGCGGCACG,2,2156947
lpp,3.0,2,0,GGTCGTCCGGGACAACCTCA,2,2154884
lpp,3.0,2,0,GGTACACGATGATAGGCATC,2,2160328
lpp,3.0,2,0,GCGAAGGCGCCTCTTGCCGC,2,2153749
lpp,3.0,2,0,GACCGTCGTATACTACCTTG,2,2156648
lpp,3.0,2,0,AGTGCATGTTCAGAAAGTAG,2,2157809
lpp,3.0,2,0,ACTTCGACTACCACAAATAC,2,2158805
lpp,2.0,1,0,TTGGTATAAACTGTCTCAGT,1,2155830
lpp,2.0,1,0,TTCTCTGGTGTACTAGGGTA,1,2157726
lpp,2.0,1,0,TTAGTAACCTTCTCACCCCT,1,2157847
lpp,2.0,1,0,TGGACTTTTCTCAATGACAG,1,2153342
lpp,2.0,1,0,TGACTCCTTACCCATCAGGG,1,2156691
lpp,2.0,1,0,TGACTATGACGCTCTGTATA,1,2161590
lpp,2.0,1,0,TGAAATATTCTGCTAGAGTC,1,2161202
lpp,2.0,1,0,TGAAAAATCGAGTATGCACT,1,2160853
lpp,2.0,1,0,TACAGGCCCCAAAGTTTTAT,1,2158363
lpp,2.0,1,0,GTTGTTCAGTTTGATCCCGT,1,2152913
lpp,2.0,1,0,GTAGTGCGCAAGCATACGCT,1,2155098
lpp,2.0,1,0,GCGACCGGTCTTCTGGTATC,1,2155829
lpp,2.0,1,0,GAAACTGAAAGATGGTCGTG,1,2160952
lpp,2.0,1,0,CGAGACCGCCATTGAGAGGT,1,2152947
lpp,2.0,1,0,CCTCCAGCCACCGTCACCAG,1,2155602
lpp,2.0,1,0,ATTTAGTCAAGGTTGTGGAA,1,2159003
lpp,2.0,1,0,ATGTTGTAACTACATTCCTG,1,2155036
lpp,2.0,1,0,ATGATAGTCAACCGCTTCTT,1,2157878
lpp,2.0,1,0,ATAGCTATACTGATGTATGG,1,2157800
lpp,2.0,1,0,ACCGATGCTCACACTAGCGG,1,2156661
lpp,2.0,1,0,AATTGCTGGCGCGTGTACGT,1,2157253
