name,relative_counts,ct,ct_0,barcode,ct_1,barcode_ind
xdhAp2,0.11145510835913312,357,322,GCGGAAATTAAGCGTTATAG,35,3981525
xdhAp2,0.5018450184501845,405,270,GAGGCTTATCAAGCCTTGGG,135,4004316
xdhAp2,0.7105263157894737,258,151,CCTGCACATGGCTTTGACTT,107,3989227
xdhAp2,0.6527777777777778,236,143,CCTCCGGTAAGTCCGAGATG,93,3981633
xdhAp2,0.6204379562043796,220,136,TCGTTACATTGCGCAACACC,84,4002896
xdhAp2,0.8518518518518519,248,134,CCAGCAGTACCTCTAGTGTT,114,3981938
xdhAp2,0.13114754098360656,136,121,AGTTTTAGATGGTTGTCCAA,15,3995479
xdhAp2,0.3448275862068966,154,115,GCGGTTAGTTTACATGGAAA,39,3990490
xdhAp2,0.10091743119266056,118,108,ACTCGAGCCACATTTATCCA,10,3988921
xdhAp2,0.45161290322580644,133,92,CACTTCTTAGCGTCGAAGAG,41,3998960
xdhAp2,0.022222222222222223,90,89,GGCTATGAAAGCCGGTTACA,1,3981581
xdhAp2,1.160919540229885,186,86,CAGAGCTGAATATACGTAGT,100,3997985
xdhAp2,0.07142857142857142,88,83,CATTTTGCCGCTAGCACTGA,5,3995222
xdhAp2,0.24096385542168675,101,82,CCAAACTCGGTTCTTAACAT,19,3982548
xdhAp2,0.15,90,79,CGGGTACTCAAAGCCCGGAC,11,4013128
xdhAp2,0.12658227848101267,87,78,GCGGGGCTGACCAGCAGGGT,9,3990055
xdhAp2,1.2025316455696202,172,78,AGCGTATTAGTGATCGAGCA,94,3988591
xdhAp2,0.24358974358974358,95,77,AAGCTGTAGCAAGGACCCAC,18,3996716
xdhAp2,0.9473684210526315,146,75,CACGTGCTTCGGCTAGAGGA,71,4008973
xdhAp2,0.06756756756756757,77,73,CGGACGGGGGAGGTGAGTCG,4,3985387
xdhAp2,0.0684931506849315,76,72,CACCTTACTTGGCGAACTAT,4,3993649
xdhAp2,1.375,169,71,GTCGCAACTGCGCCACGCAG,98,4003877
xdhAp2,0.18309859154929578,82,70,GCGTGATGAGTTCCCTTTGT,12,3996355
xdhAp2,1.2253521126760563,156,70,ACGGCAAGTGGACACATGGC,86,4000694
xdhAp2,0.6142857142857143,111,69,TGTTCCTTCGGCCGGCCTAA,42,4008085
xdhAp2,0.35714285714285715,93,69,CCTCTGTCCCCGGTCATCAT,24,3984928
xdhAp2,0.028985507246376812,69,68,TGCCCTGAGAAACAGTAAAT,1,3992554
xdhAp2,0.463768115942029,99,68,CGCGATTTGTTGCATATAAA,31,3986302
xdhAp2,0.75,117,67,TTATTCTAAGTCCCTGTACA,50,4009307
xdhAp2,0.2647058823529412,84,67,GAAGCGCGCAGAACTCGAAT,17,3995149
xdhAp2,0.31343283582089554,86,66,TTGGCCGAGCTCCCCTGTCA,20,4001577
xdhAp2,0.9850746268656716,131,66,GACGTGATCAACGGTGGACA,65,3993761
xdhAp2,0.030303030303030304,66,65,TTTATGACCTTGCTAGAGGC,1,3998663
xdhAp2,0.2,76,64,TGTTTAGAATATGGCCCTCA,12,3988866
xdhAp2,0.35384615384615387,86,64,CACTACGATGTTGGGGATAA,22,3983930
xdhAp2,0.8153846153846154,116,64,ATAGCTTTGAGTGAGTCCAT,52,3982470
xdhAp2,0.078125,67,63,TAATTACGCCTTAACGGGAT,4,3998013
xdhAp2,0.20634920634920634,74,62,TATCAAAGAATCTTTAGGAC,12,3997291
xdhAp2,0.3492063492063492,83,62,GTGAGAGTGTTATCTGCATT,21,3989584
xdhAp2,0.47619047619047616,91,62,CCTATGAGGCAGGCGCCACT,29,3985519
xdhAp2,0.20967741935483872,73,61,GGCATCATCTTAACGAGCGG,12,4009797
xdhAp2,0.2459016393442623,74,60,TGTTCGGTTGCATGCTGTTT,14,3982143
xdhAp2,1.0333333333333334,120,59,ATCTGTGGAGGCGCAGCTAT,61,3994709
xdhAp2,0.8813559322033898,109,58,TATCTTGCATTGTGTTTAGG,51,4011076
xdhAp2,0.1694915254237288,67,58,ACCTGTTATGACACAGCGAG,9,3988642
xdhAp2,1.1551724137931034,123,57,TCTGAAGTCTGGAGGGAGGA,66,3985741
xdhAp2,0.5172413793103449,86,57,TCAATTTCATAGCTCGGGAA,29,4005284
xdhAp2,1.1578947368421053,121,56,CCTTACGGGAAGTAGCGCCC,65,3984460
xdhAp2,2.245614035087719,183,56,AGTGGGTGTGGCCAGATGTT,127,3991190
xdhAp2,0.23214285714285715,67,55,TTCAGGGGTCTCATGATCCA,12,4001461
xdhAp2,0.44642857142857145,79,55,TGGGCGGTGAGTCTCGTCGT,24,3983048
xdhAp2,1.3392857142857142,129,55,CAAGTCACACGTACCATGGC,74,4008692
xdhAp2,0.9090909090909091,103,54,TCGAACCGGCCCTCATTGTC,49,3997938
xdhAp2,0.36363636363636365,73,54,TAAGCGGACTGCAACCAGAA,19,3986908
xdhAp2,1.3454545454545455,127,54,AGTATAAGTGCCAAAACAAG,73,4013340
xdhAp2,0.23636363636363636,66,54,ACGACCAGGTGGGCTAGGCG,12,4010671
xdhAp2,1.0555555555555556,109,53,TCGTTTTACCTTAGGCATGA,56,3992134
xdhAp2,0.39622641509433965,72,52,GCCCCAGATTGAGCTACCTA,20,4004123
xdhAp2,0.5849056603773585,82,52,CTCGGAAGTTAGGGCAAGAC,30,3981981
xdhAp2,1.2641509433962264,118,52,ATATCAACGATGTACCAGTT,66,3982982
xdhAp2,0.9056603773584906,99,52,AATCACCTGGTTGCGGGTTC,47,3982985
xdhAp2,0.5471698113207547,80,52,AAGGACAGTCGCGGATGGCG,28,3993987
xdhAp2,0.37254901960784315,68,50,TTAACTATGTTCGACCAGTT,18,3983047
xdhAp2,0.7058823529411765,85,50,GGTTTGATTAGCGACACAGG,35,3987717
xdhAp2,0.7254901960784313,86,50,GCCCCAACGTATTCGCGGTA,36,3995608
xdhAp2,0.5882352941176471,79,50,CATTCATGTGGTCGCGACCT,29,3983432
xdhAp2,0.5098039215686274,75,50,ATAGCCTTAGTCCCTTATTC,25,3985386
xdhAp2,0.12,54,49,TTAGTTTGTGAATGGTTCAT,5,3986971
xdhAp2,0.08,52,49,TCCCAGGGGCTCCCTTAACC,3,3994439
xdhAp2,1.12,104,49,TCACTCAAGGCAACTACTGG,55,3991535
xdhAp2,0.68,82,49,TAAGTAATGCCTATACCGCA,33,3989967
xdhAp2,0.54,75,49,GTCACTCCGAACACTTGGAG,26,3986211
xdhAp2,0.5,73,49,CAGGTTTGGGCTAGATAATA,24,4014431
xdhAp2,0.30612244897959184,62,48,TGATCTTAATGAGGCCACCA,14,3988996
xdhAp2,0.4897959183673469,71,48,CGACCTGTCTTCTCATCGTG,23,4007007
xdhAp2,0.673469387755102,80,48,ATAGTGTCACCTTTAAAGAG,32,3998056
xdhAp2,0.5714285714285714,75,48,ACGGGTCGGGCTTGTCTCGG,27,4007467
xdhAp2,0.625,76,47,TACAAGTGCCGCATCCCTTG,29,4004369
xdhAp2,0.22916666666666666,57,47,GTTAATTAGTTCAGTTCTGA,10,4000959
xdhAp2,0.9583333333333334,92,47,CAGAGGGATCGGTGAAAAGA,45,4000670
xdhAp2,0.3541666666666667,63,47,ACGTGGTACCCTGTGAATTA,16,3983957
xdhAp2,1.125,100,47,ACAAGGGATCCCGGTTGTAG,53,3986387
xdhAp2,0.6382978723404256,75,46,TATAGCGTACTTACCGGTTT,29,3995486
xdhAp2,0.7446808510638298,80,46,TAATGCAACGATATACATAG,34,3986978
xdhAp2,2.25531914893617,151,46,GTTACCCCATTACCGATGCA,105,3981660
xdhAp2,0.7446808510638298,80,46,ATAGAACGTTAGTGCTCCTG,34,3990978
xdhAp2,0.9787234042553191,91,46,AGACGGAACTCCTGACGTCT,45,3983561
xdhAp2,0.2391304347826087,55,45,TTGGTATTCGCGTGTTAGAC,10,4008269
xdhAp2,0.5869565217391305,71,45,TTGCTGACGGTCTGTTTTGG,26,3987065
xdhAp2,1.6304347826086956,119,45,TGTCACCGGTTACGTCCCCA,74,3986945
xdhAp2,0.8478260869565217,83,45,TGGAGTTACTGTACAGATCA,38,4001743
xdhAp2,0.43478260869565216,64,45,GGCCTACCGAAAAACTGCAG,19,3986565
xdhAp2,0.043478260869565216,46,45,GCTTAGCGGGTACCTAATGA,1,3982878
xdhAp2,0.15217391304347827,51,45,GCCTAGATGCGAACCACGCT,6,3989155
xdhAp2,1.391304347826087,108,45,CTATGCTACTCAGGCTTGTG,63,4003971
xdhAp2,0.08695652173913043,48,45,CGCTATATCTGGTGGAAGTT,3,3983338
xdhAp2,1.0434782608695652,92,45,CACATTAGAGAGGCCCTCTC,47,3993826
xdhAp2,1.1521739130434783,97,45,AGCAATGAGGTAAGGTGGTA,52,3990587
xdhAp2,0.4782608695652174,66,45,ACAAATTGACAATCACGTGC,21,3992650
xdhAp2,1.7777777777777777,123,44,TATTAGTGCTTACCGTACAG,79,3984904
xdhAp2,0.9555555555555556,86,44,GTCCATGAAGCGCCCTCGCA,42,3998516
xdhAp2,0.35555555555555557,59,44,CGGCAAGTATTTATCAGTGA,15,4010571
xdhAp2,0.5333333333333333,67,44,CCGGCTTACGGGGGGTAATA,23,3993375
xdhAp2,0.5777777777777777,69,44,CCGCAGGCCGACCAGCCAGT,25,3996322
xdhAp2,0.06666666666666667,46,44,CCCCGAACGTGCGGCGGCAG,2,3988221
xdhAp2,0.8444444444444444,81,44,CCATCTTCGCCTAATTCAGT,37,3997860
xdhAp2,0.044444444444444446,45,44,ATTGACTCCTTCCAGTTTGC,1,3998295
xdhAp2,0.08888888888888889,47,44,AGATTTCTCTCTGACGTTTT,3,3995084
xdhAp2,0.9111111111111111,84,44,AGATGGTGCGATGAAAGAAA,40,3984350
xdhAp2,0.17777777777777778,51,44,AATAACTACCTCCGTCGCGA,7,3993933
xdhAp2,0.25,53,43,TGTGGTCATCTATAGCCGGA,10,3984952
xdhAp2,0.4090909090909091,60,43,TGAGGGGTACAGGCTATCGG,17,3995679
xdhAp2,0.4090909090909091,60,43,TCGACCTCTACGTACAATAG,17,3994136
xdhAp2,0.7727272727272727,76,43,TCATGTGCGGCCAATTTGCT,33,4010566
xdhAp2,0.045454545454545456,44,43,GTTTTGTTGGTAAAGCGTAT,1,3992993
xdhAp2,1.2272727272727273,96,43,GGGGAACCTCGCCGTAATTT,53,3992001
xdhAp2,0.3181818181818182,56,43,GCAAGCGATTGAAGCCACGA,13,3982173
xdhAp2,0.8863636363636364,81,43,CTTTAATCGCTACGCAACAG,38,4005688
xdhAp2,0.3181818181818182,56,43,CGCTGCCAATCCGACATATC,13,3986732
xdhAp2,0.4318181818181818,61,43,CGAAGAGGTGGGATTGAGAA,18,3988089
xdhAp2,0.1590909090909091,49,43,CCACCCTGAAAGTTCTCGAA,6,3985550
xdhAp2,0.045454545454545456,44,43,CATAAGCTACGCCGCCTCAT,1,4001121
xdhAp2,0.13636363636363635,48,43,ACTAAGTGGGAATATCCACC,5,3997765
xdhAp2,0.06976744186046512,44,42,TAACACGCGATGTGCTTAAT,2,3993490
xdhAp2,0.8604651162790697,78,42,GTAAATTTTCCGTAGTGCTG,36,3982310
xdhAp2,0.5348837209302325,64,42,GGCGTTGCGCTGATGTTTAT,22,3985214
xdhAp2,0.7441860465116279,73,42,GAACCGTGCTGGGCTTCGAC,31,4005793
xdhAp2,3.0697674418604652,173,42,CTCCCCCTAAATTGCTCCAA,131,3985611
xdhAp2,0.9302325581395349,81,42,ATGTCGCTACTGGGGATATA,39,4002963
xdhAp2,0.32558139534883723,55,42,ATAGCCAAACGCCACGCGTC,13,3983883
xdhAp2,1.0232558139534884,85,42,ACTAGGTCCGCGCATGGTGC,43,4011835
xdhAp2,0.42857142857142855,58,41,TTGAGCCTGGGGGTTCAGAT,17,3987710
xdhAp2,0.14285714285714285,46,41,GTCTCGACCTGAAGTTCAAT,5,3998541
xdhAp2,0.11904761904761904,45,41,GGGTCTACCGTTTTCGGCGG,4,3992635
xdhAp2,2.261904761904762,135,41,GGGCACAACATCTCCATTCC,94,3998296
xdhAp2,0.07142857142857142,43,41,GAGGTGTCGTCCAAGATTCT,2,3992110
xdhAp2,0.5,61,41,CTTCAAATCTATCCAATTGA,20,3988560
xdhAp2,0.11904761904761904,45,41,CCCAAAATACAATCTTAGAT,4,3990576
xdhAp2,0.3333333333333333,54,41,CAGCAGTCTTAGTCGGGCAT,13,4004447
xdhAp2,1.1666666666666667,89,41,ACCGTACGGGCGCTGGCGAA,48,3988066
xdhAp2,0.4523809523809524,59,41,ACAGTAGGGTAAGGACAATG,18,4001668
xdhAp2,0.7619047619047619,72,41,AACCCTTGCGTTACGTTGTC,31,3990815
xdhAp2,0.2682926829268293,50,40,TTTAAACTGCCGGGGAAGTA,10,4014359
xdhAp2,0.3902439024390244,55,40,TTCGTAAAGAGTGTTTGGGA,15,4003023
xdhAp2,0.6341463414634146,65,40,TTAGATAGTAGCTCTTGGCC,25,4002319
xdhAp2,0.04878048780487805,41,40,TGTGGGATCTACAGCCAATG,1,3986784
xdhAp2,0.5853658536585366,63,40,TCGCAGATGTCCCACTCACG,23,3990484
xdhAp2,0.17073170731707318,46,40,TAGGGGCTTCAAACCCAGGA,6,4010501
xdhAp2,0.04878048780487805,41,40,GCACGTGGCCGCCAGACGTT,1,4009924
xdhAp2,0.04878048780487805,41,40,GATGTTATAGGTGAAGTCAA,1,3991981
xdhAp2,0.04878048780487805,41,40,GAGTATTAGCGGCTTCGGCT,1,4010563
xdhAp2,1.2682926829268293,91,40,GACCTGGTTGTCTCTCCACC,51,3993229
xdhAp2,0.6097560975609756,64,40,GAACGCCGGGTATGTACAAA,24,4003078
xdhAp2,0.5853658536585366,63,40,CGTTTACACACAACGACAAT,23,3989741
xdhAp2,0.8048780487804879,72,40,CGGCTCTTTGGCTGTGCCTT,32,3985701
xdhAp2,1.1219512195121952,85,40,CCTCGGCTATTGGGGGGTTA,45,3999381
xdhAp2,0.1951219512195122,47,40,CCTATGTTTTCAGGAGTTAG,7,4003478
xdhAp2,0.07317073170731707,42,40,CCAAGATCCGGTAAAGACTT,2,3993589
xdhAp2,1.3414634146341464,94,40,ACATACGATCAAGCTTGGAA,54,3996590
xdhAp2,0.4,54,39,TGCAAGCGGGTATATCGACA,15,3991724
xdhAp2,0.275,49,39,TCCCAGAAAAGGACAAATCC,10,3999887
xdhAp2,1.55,100,39,GTCGATAGGTGCAGTAAGCC,61,3994848
xdhAp2,2.575,141,39,GGTGACATCTAGCCCCGCTA,102,4007313
xdhAp2,0.1,42,39,GGAATTGCACTTCCATTGGA,3,3991772
xdhAp2,0.875,73,39,GCCAGGGGTTCTGGGGTCAA,34,3988335
xdhAp2,0.65,64,39,CTCCTGTCCTTGGTCTGGGT,25,4000782
xdhAp2,0.1,42,39,CACGCACGAGCTTTTTGCAT,3,3985521
xdhAp2,0.225,47,39,CAACGTAGAAGAGAGGCGGG,8,3984891
xdhAp2,0.2,46,39,AGCTTACGTAAGTTGGAAAT,7,3982174
xdhAp2,0.475,57,39,ACTGGTATCCTATGGGGGTC,18,3987993
xdhAp2,0.38461538461538464,52,38,TTTTTGAGCGCCGGCAAATT,14,3982976
xdhAp2,0.15384615384615385,43,38,TCCTTGCGATGTTGTCCACG,5,3988920
xdhAp2,0.3076923076923077,49,38,GTCCGCTGAGACGACGCACT,11,3981732
xdhAp2,0.05128205128205128,39,38,GGCAAGTCCCTCGAGGCCCA,1,3990552
xdhAp2,0.8717948717948718,71,38,GCCTCACACCGCCGGCACTT,33,3987999
xdhAp2,0.4358974358974359,54,38,GCCCCTTGGAGTTTGTTCGT,16,3985556
xdhAp2,0.3333333333333333,50,38,GAGGCCGGCGTCCATGGTGT,12,3994069
xdhAp2,0.46153846153846156,55,38,CGGCTGGGGAATACACCATA,17,3991303
xdhAp2,1.435897435897436,93,38,CGGCCCCCCTTGCACCCCAT,55,4009393
xdhAp2,0.05128205128205128,39,38,CCCAGTCATCAGTCCCCGCT,1,3996728
xdhAp2,0.10256410256410256,41,38,ATAAGTCTGCGAGCCGAGAG,3,3986213
xdhAp2,0.6666666666666666,63,38,AGAGGGGGCGCAATCCAATG,25,3986078
xdhAp2,0.1794871794871795,44,38,ACTGATACACTACTTTACTT,6,3990910
xdhAp2,0.1794871794871795,44,38,AAAGCCAATTCGACAGTGGC,6,3989399
xdhAp2,1.5,93,37,TCACACATATGCGCAACCAG,56,3982658
xdhAp2,0.42105263157894735,52,37,TAGGATCTGCCCTTGCGCTT,15,3983347
xdhAp2,0.47368421052631576,54,37,TAGAATGATCTATTTTTGGT,17,3988296
xdhAp2,0.05263157894736842,38,37,GTCAGCACTGAAATCTATGT,1,3993056
xdhAp2,0.2631578947368421,46,37,GCAACCGGTACCACTACCAT,9,3996911
xdhAp2,0.2631578947368421,46,37,CGTGTGGACCAGCCGGGCCT,9,4011917
xdhAp2,0.5,55,37,CGAACTTTTCCCCAGAGCTC,18,3986997
xdhAp2,1.394736842105263,89,37,CCCCCGCGGGACGTCCCCAA,52,3988647
xdhAp2,0.2894736842105263,47,37,CCAAATTTATTACTCAGACA,10,3982353
xdhAp2,0.05263157894736842,38,37,ATGCTGACGGAAGAGCACAG,1,3985149
xdhAp2,0.3157894736842105,48,37,AGTGTCAACGCTATCGCCAA,11,4000165
xdhAp2,0.5,55,37,ACAATCGTTGCCGGCGTTCT,18,3994399
xdhAp2,0.15789473684210525,42,37,ACAAACGTGGAGAACAGGTA,5,3982177
xdhAp2,0.6756756756756757,60,36,TGTACCCTACATCTGGACTC,24,3987460
xdhAp2,0.6486486486486487,59,36,TCGACCACCATAGCCGAGTA,23,4001549
xdhAp2,0.05405405405405406,37,36,GTGTTAAGGGAAGTGTGAAC,1,4012196
xdhAp2,0.4864864864864865,53,36,GAAGGTCTGAGTGGAGATTT,17,4001639
xdhAp2,0.3783783783783784,49,36,CTGCGCTAGGTACCCCCGCG,13,3988836
xdhAp2,0.08108108108108109,38,36,CTAAACTGCGAATATAGAAT,2,3997106
xdhAp2,0.43243243243243246,51,36,CGACACATCTATAAGTAACT,15,4011568
xdhAp2,0.1891891891891892,42,36,CCGAGACCAAGGTTCAGTGG,6,3989839
xdhAp2,0.40540540540540543,50,36,CCATTAAGCGTGTTCCGGTA,14,3986816
xdhAp2,0.40540540540540543,50,36,CAATCGACCTGCCGGTTGTG,14,3995778
xdhAp2,0.7567567567567568,63,36,AGAAACGCCGAAGAACATCT,27,3982033
xdhAp2,0.2777777777777778,44,35,TTGCGTCTAGTGTGCTGTGG,9,3982902
xdhAp2,0.2777777777777778,44,35,TATCTAATCCTTGAGCGGCG,9,4006757
xdhAp2,0.05555555555555555,36,35,TAGCCAGACTGCCCGTTGGC,1,3988365
xdhAp2,0.2777777777777778,44,35,GTTTGGGTGCCAGGAATTAC,9,3998281
xdhAp2,1.1944444444444444,77,35,GCCACTGTTGTAGGTGAGGT,42,3997955
xdhAp2,0.08333333333333333,37,35,GCAGTCGGGCTCCGCTGGAT,2,3981940
xdhAp2,1.0555555555555556,72,35,GATGGACCTACAACGAAGTT,37,3984559
xdhAp2,0.08333333333333333,37,35,GACGATTGGTTACTTTCCGT,2,3982631
xdhAp2,2.2777777777777777,116,35,CTCCCGACGTTAAATCCATG,81,4009859
xdhAp2,0.8888888888888888,66,35,CGAGCGGAGTACGCTAGTCT,31,3987312
xdhAp2,1.1111111111111112,74,35,CCTGACGAGTTATGCTTATG,39,3986793
xdhAp2,0.8888888888888888,66,35,CCGACGCAAGACTCCCTAAT,31,3995818
xdhAp2,1.6111111111111112,92,35,CCACGTCATTGAGATATAAC,57,3991092
xdhAp2,1.6388888888888888,93,35,CATACTGCCCAAAATGCCAT,58,4009673
xdhAp2,3.7222222222222223,168,35,CAATTTTTGGCGTAGGGTCT,133,3989085
xdhAp2,0.5833333333333334,55,35,ATTGAGATACTAGGGGTGGA,20,3983097
xdhAp2,1.3055555555555556,81,35,AGGGCGTTAGTTATACAATG,46,3988372
xdhAp2,0.19444444444444445,41,35,AAGTTGCACCGAGGAATATG,6,4002358
xdhAp2,0.08333333333333333,37,35,AAGGGCAAGTTACATGAGAT,2,3997043
xdhAp2,0.9444444444444444,68,35,AAGACATCCTCTTAGGTTGA,33,3983255
xdhAp2,0.05555555555555555,36,35,AACCTTTGGGGCCACGCGAA,1,3984909
xdhAp2,0.05714285714285714,35,34,TTGTCGTGAGCCCTGGATCT,1,3981953
xdhAp2,0.34285714285714286,45,34,TTAACAACCTAATTAGTGAT,11,3988612
xdhAp2,0.2,40,34,TCCATATAGATGGCATACAA,6,3983017
xdhAp2,0.4,47,34,TCCAGGGCGGGCCAGAATTC,13,3986345
xdhAp2,0.2571428571428571,42,34,GTATCTTGCGCAGCTTCACT,8,3998463
xdhAp2,1.3142857142857143,79,34,GGCCAACGCGTTTATATGCA,45,4000962
xdhAp2,0.6857142857142857,57,34,GCCGCGGACGTAGCTTCTTA,23,3989472
xdhAp2,0.5714285714285714,53,34,CTTTTCTGGCACTCTGCGGA,19,3999829
xdhAp2,0.14285714285714285,38,34,CTCCACACATTACGGCAATG,4,4010003
xdhAp2,0.05714285714285714,35,34,CTACCGACGACCGAGATCAG,1,4001928
xdhAp2,0.17142857142857143,39,34,CTACCAATCAAGTGTACCAT,5,3998557
xdhAp2,0.05714285714285714,35,34,CCTATATCCCCCGGTCCCAA,1,3995478
xdhAp2,0.22857142857142856,41,34,CCGGGGAAGTAGCGCTCGTT,7,3985953
xdhAp2,0.17142857142857143,39,34,CCGAGTAAAAAGGCTTGAGT,5,3982940
xdhAp2,0.7714285714285715,60,34,CCCATAACCCTAGTAGGCCA,26,4013111
xdhAp2,0.8571428571428571,63,34,CAACGTGTACGAGGGAATTA,29,3987728
xdhAp2,0.8285714285714286,62,34,ATAGGAGACGTGGCACCCTG,28,4012042
xdhAp2,0.22857142857142856,41,34,AGACTACTCCACAATGCTCG,7,3989178
xdhAp2,0.5428571428571428,52,34,ACTGGGGTTACCCCCGGAGA,18,3988251
xdhAp2,0.2571428571428571,42,34,ACCGCTTCCGCCAGGTCCGA,8,3995108
xdhAp2,0.4117647058823529,46,33,TGGGACTGCTCGTCGAACAG,13,4003670
xdhAp2,0.058823529411764705,34,33,TGCAGAAGAGTCTTTGCAGT,1,3987363
xdhAp2,0.058823529411764705,34,33,TCTTGGCGAGCATTCCAACT,1,3984020
xdhAp2,0.14705882352941177,37,33,TCCGGCGGGAGAAAACCATG,4,3984483
xdhAp2,0.5,49,33,TCCGCCTTACTGTCAGAAAG,16,3997920
xdhAp2,0.38235294117647056,45,33,TACATAACGAAAACTTTAGT,12,4005416
xdhAp2,2.2941176470588234,110,33,TACAAGCGTTAGAGAGCGTA,77,3985501
xdhAp2,1.3529411764705883,78,33,GTTTTCAGGAACCGCCACTG,45,3993623
xdhAp2,0.4411764705882353,47,33,GTCTAATGGGTAGAGTTTGA,14,3992848
xdhAp2,1.2647058823529411,75,33,GTCCATTTCGTAGGGCGAAA,42,3987824
xdhAp2,0.7941176470588235,59,33,GTACACCATGGCATCAAACT,26,3996178
xdhAp2,0.08823529411764706,35,33,GGTACGTGCGGATAAGGATA,2,3992447
xdhAp2,0.23529411764705882,40,33,GCAGTCCGAAACCACAGTTG,7,4003788
xdhAp2,0.38235294117647056,45,33,GATGCTCGAGAGCGTCAAAA,12,3998831
xdhAp2,0.17647058823529413,38,33,CTCTACCGAAAGGTGTCTTA,5,3992335
xdhAp2,0.3235294117647059,43,33,CGCATATCATTCGGCACAAT,10,3983439
xdhAp2,0.17647058823529413,38,33,CCTGTCTGACTAACTACATC,5,3992429
xdhAp2,0.7941176470588235,59,33,CCAGAAGGACCCGCATCATA,26,4011592
xdhAp2,1.3529411764705883,78,33,CCACTGTGCAGACTCGCTCT,45,3998954
xdhAp2,0.5588235294117647,51,33,CCAATAGATACGCCCGTGAG,18,3993188
xdhAp2,0.4117647058823529,46,33,CAGAGTCCGAATGGCCCCTG,13,3983526
xdhAp2,0.5588235294117647,51,33,CAAGGAATAATTGTTCCGTA,18,3985054
xdhAp2,0.7058823529411765,56,33,CAAACGTAGGAATACAGAAA,23,3999939
xdhAp2,0.9705882352941176,65,33,ATGTCTAACCCAAAAAACAT,32,3992931
xdhAp2,0.35294117647058826,44,33,ATGGTCGCCACGGTGAAGTG,11,3993481
xdhAp2,0.08823529411764706,35,33,AGTAGGGTTAAAAGTTAGTA,2,3994008
xdhAp2,0.5,49,33,AGAGCACCGACACTGTCCTA,16,3992559
xdhAp2,0.47058823529411764,48,33,AGACCTTCTGGGAGTATCTG,15,4008371
xdhAp2,1.7352941176470589,91,33,ACGGCGTTCGGTAACGGAGG,58,4000894
xdhAp2,0.9117647058823529,63,33,AAAAAGAAACGCAGCGAACA,30,3988533
xdhAp2,0.21212121212121213,38,32,TTATTGCACCAGGGGTCTTC,6,4005219
xdhAp2,1.2121212121212122,71,32,TCGGTGGCCAAACATGTCGT,39,3986347
xdhAp2,0.6666666666666666,53,32,TCAGGATGCATTAACGGTTC,21,4001236
xdhAp2,0.12121212121212122,35,32,TATAGTATAAATCCGTTGAA,3,4014308
xdhAp2,0.21212121212121213,38,32,TAAATCTCCAACCACACCGC,6,3985888
xdhAp2,0.6060606060606061,51,32,GTTGCAGTCCTGCCTCCTTT,19,4007294
xdhAp2,0.06060606060606061,33,32,GGCGTAACGAGTGATGTTTC,1,4011681
xdhAp2,0.6666666666666666,53,32,GCCATGGCCTTCGAAGCTGA,21,3985357
xdhAp2,0.09090909090909091,34,32,GCCAGTGAGCTAACGGTAGC,2,3994495
xdhAp2,1.7878787878787878,90,32,CTTCGTTACTGTTTAATTCA,58,3994041
xdhAp2,0.06060606060606061,33,32,CTGAGTACGATTACGAGGAT,1,3999118
xdhAp2,0.09090909090909091,34,32,CTCGTCAAGTTAGGCCGAAA,2,3984938
xdhAp2,0.06060606060606061,33,32,CTATAGCGCTGCGACTACAG,1,3987514
xdhAp2,1.2121212121212122,71,32,CGGTTGTAGTATCGCGAGAA,39,3983852
xdhAp2,0.6060606060606061,51,32,CCTGAGCTTCAGGCCATCCA,19,3998569
xdhAp2,0.06060606060606061,33,32,CCGTAGGGAACCTGCCCTCC,1,3999662
xdhAp2,0.45454545454545453,46,32,CCCGGTCAGCACTGGTGGTA,14,3982590
xdhAp2,0.48484848484848486,47,32,CAACCCCAATGCGGGTCTAA,15,3986009
xdhAp2,1.303030303030303,74,32,ATGGGCAAGGTATAGCGCGA,42,3985687
xdhAp2,0.3939393939393939,44,32,ATCGAGTCCCAAGTACAGAA,12,3993491
xdhAp2,1.2121212121212122,71,32,AGTAACACCCATGGTGCGTC,39,3996024
xdhAp2,0.7878787878787878,57,32,AATGCCCGGAGCCGCGTCCC,25,3991730
xdhAp2,0.375,42,31,TGGGCAAGCACATTAACAAT,11,4013456
xdhAp2,1.03125,63,31,TGGCGAAATTTGGTCATCGT,32,4004036
xdhAp2,0.1875,36,31,TCTCATCGTATAACACGCGA,5,3998025
xdhAp2,1.0,62,31,TCTAGTTGGTAAGAGGAGGT,31,3988376
xdhAp2,2.125,98,31,TCCTGTACCGTTCCCTACCC,67,3988645
xdhAp2,0.90625,59,31,TCCGGGACAGTACTGGAATC,28,3993536
xdhAp2,0.09375,33,31,TCCGGAAGTGGCTCGGTAGC,2,3990953
xdhAp2,1.03125,63,31,TACTTCCTAGAATGAGTATG,32,3984123
xdhAp2,0.375,42,31,TAATCAGATAGCAGGCGAGT,11,3995382
xdhAp2,0.46875,45,31,GGGTCGTAGCGGGATCTCTT,14,3987033
xdhAp2,0.0625,32,31,GGGCAGGCTAGCGTGTGAGA,1,4009938
xdhAp2,0.3125,40,31,GCGACCGATTTCTAATCATA,9,3997501
xdhAp2,0.53125,47,31,GAGATGAAATCACGTTACCA,16,4009466
xdhAp2,0.09375,33,31,GACCGAACGCGGTTCGGGTA,2,3997262
xdhAp2,0.5625,48,31,GAACTCGTTATATATTGAAA,17,3994281
xdhAp2,0.0625,32,31,CTTCCAGCTATTGACTTACA,1,3983499
xdhAp2,0.375,42,31,CTTAGCCACAAGAGGCTAAC,11,4008673
xdhAp2,0.6875,52,31,CTATATCAATGCCGAAGTCA,21,3996958
xdhAp2,0.5,46,31,CGGGGTTTAATGGTCTTGAT,15,3991022
xdhAp2,0.0625,32,31,CAGACCCAGTGCGCATCTAG,1,4004509
xdhAp2,3.59375,145,31,AGTGTTCATCATAAGGCTGA,114,4001050
xdhAp2,0.53125,47,31,AGCGGACTCTGCTTCCTGTG,16,4001933
xdhAp2,0.5625,48,31,AGCCTCGGAGGCCTACAACA,17,3991638
xdhAp2,0.6451612903225806,49,30,TGTAGGATGGTTGCGTTCCT,19,4011196
xdhAp2,0.06451612903225806,31,30,TGGTGGAATATACTAGAGGT,1,3984316
xdhAp2,0.967741935483871,59,30,GTACACTCGCAAGAGTGCGT,29,3989838
xdhAp2,0.9354838709677419,58,30,GTACAAGGATAGCCAGTTTA,28,4000358
xdhAp2,1.5806451612903225,78,30,GGTGCGTTTGAATTCCGGCC,48,3990059
xdhAp2,2.3870967741935485,103,30,GGGGCGCACGTTATTCCCAG,73,3995658
xdhAp2,0.2903225806451613,38,30,GGGCAAGAGTCGTATAGGAT,8,3981997
xdhAp2,3.0,122,30,GGCTTCCCATTCGACCACCA,92,3982979
xdhAp2,1.2580645161290323,68,30,GGCTGGGGGAAATCTGAAAG,38,4005377
xdhAp2,0.25806451612903225,37,30,GCTCTTGTGCAAGGCGGTCA,7,3991197
xdhAp2,0.3870967741935484,41,30,GCTCGGGGTCGTATCGGAAG,11,3997378
xdhAp2,0.5483870967741935,46,30,GCTCCAGGACCCTTTAAGGT,16,3988264
xdhAp2,0.06451612903225806,31,30,GATGCTAGGGTTTAAAGTCT,1,3992193
xdhAp2,0.06451612903225806,31,30,GAGGTATCAGAGTGTTCCCT,1,3999163
xdhAp2,0.06451612903225806,31,30,GACTCGTAGGCTGATCCTTC,1,3986392
xdhAp2,0.8064516129032258,54,30,CTTGCAAGTGCGTAAGCTAT,24,4000972
xdhAp2,0.7096774193548387,51,30,CTCAGGTCTACACATTACGT,21,3987880
xdhAp2,0.41935483870967744,42,30,CCTCGTAACCACCATTAACG,12,3981984
xdhAp2,0.45161290322580644,43,30,CCGTCAGATACCTCGTGCCC,13,3989563
xdhAp2,1.3225806451612903,70,30,CATGCTCTCGACAGCAGTCC,40,3986815
xdhAp2,4.806451612903226,178,30,CAGTTAACTAAGTGAAGACA,148,3995016
xdhAp2,0.2903225806451613,38,30,ATTGTTAGCACCACACAAGC,8,3988827
xdhAp2,1.3548387096774193,71,30,AGGAACATGTATGGACGTAA,41,4002417
xdhAp2,0.8,52,29,TTTTCAGCAAAAAATGAGTA,23,3998055
xdhAp2,0.36666666666666664,39,29,TTAGCAACCGTCATCCGAGA,10,3984308
xdhAp2,0.5666666666666667,45,29,TGTCCCAGAGCTCGCCGTAC,16,3990906
xdhAp2,0.4666666666666667,42,29,TCTTTTGGACACCATGTGTA,13,3993194
xdhAp2,0.6333333333333333,47,29,TCTCGTGGTCCAGAACCTAT,18,3985128
xdhAp2,1.5666666666666667,75,29,TACAGGATGTCTGTGGAGTC,46,4000925
xdhAp2,0.5666666666666667,45,29,TACAACTCTTAGTGAATTCG,16,4002420
xdhAp2,0.5333333333333333,44,29,GGGTAGTACTCGAATTTTGA,15,3983074
xdhAp2,1.1666666666666667,63,29,GGAGTGCCGGGTTTAATCGA,34,3988234
xdhAp2,0.1,31,29,GCTCAACTAGACAGTATCGA,2,3991933
xdhAp2,0.7666666666666667,51,29,GCCCGACAGCTTGTCCCCGA,22,3998048
xdhAp2,1.5,73,29,GCCATATTGTAGTCTTTGCA,44,3994543
xdhAp2,0.5333333333333333,44,29,GCAGGGAGCACTCCCACGTG,15,3991783
xdhAp2,0.13333333333333333,32,29,GATGAGCGGTACGAACAAGG,3,3982450
xdhAp2,2.3666666666666667,99,29,CTCACGCATGGGAAAGTTGA,70,3999761
xdhAp2,2.2666666666666666,96,29,CTATTGGCGCCCAGGCGCCA,67,3985954
xdhAp2,0.26666666666666666,36,29,CTAGGTATTTGGGACATAGT,7,4007165
xdhAp2,0.5333333333333333,44,29,CGTGCCGGTCTCCCCATTCG,15,4004764
xdhAp2,0.2,34,29,CGTCACTAAGTCAGTGATCA,5,4012590
xdhAp2,0.9333333333333333,56,29,CGGAGCAGCGTTTCTAGCCG,27,3995919
xdhAp2,0.3333333333333333,38,29,CGCTGTCCTCATCAAGAAAG,9,3997940
xdhAp2,0.7333333333333333,50,29,CGCATCCCTTGACGCAACTG,21,4008903
xdhAp2,0.06666666666666667,30,29,CGCAACATAGGGTAACGGAG,1,3991286
xdhAp2,0.8666666666666667,54,29,CGAGTGTCTCTTCTGAGTAC,25,3987079
xdhAp2,0.8,52,29,CGAGCGGAAATACGGCATAG,23,4005286
xdhAp2,1.4666666666666666,72,29,CGAGAGATCGTATGACTCAA,43,3999057
xdhAp2,0.06666666666666667,30,29,CCTTGGAGGTAGTTCACTAA,1,3985220
xdhAp2,0.06666666666666667,30,29,CCTCAGCTACACACCGTTGC,1,4004674
xdhAp2,0.06666666666666667,30,29,CCGCGGCGGGTAGGCGGGCG,1,3986162
xdhAp2,0.06666666666666667,30,29,CCAAGCGGAAATGAAGTGGC,1,3995083
xdhAp2,1.5,73,29,AATGTAGCCGGATAGAGTCA,44,3981802
xdhAp2,0.5666666666666667,45,29,AAAGCGAAAGTTAAGTGTTG,16,4000895
xdhAp2,1.2413793103448276,63,28,TTACTGCATCACAGACCTCC,35,3989309
xdhAp2,0.06896551724137931,29,28,TGTGCTTAGTATGTTCGAGT,1,3991637
xdhAp2,0.27586206896551724,35,28,TGTAGCCGCAGGGATATGAT,7,3983190
xdhAp2,1.1379310344827587,60,28,TGGAAGGCGTAGACCGAATG,32,3990029
xdhAp2,1.103448275862069,59,28,TGCGAAGATACATACTTTCT,31,3991616
xdhAp2,0.4827586206896552,41,28,TGCCAGGGGTTCAGGCTCGA,13,4010154
xdhAp2,0.06896551724137931,29,28,TCTATCGCAGTAACACACCA,1,3984121
xdhAp2,1.0344827586206897,57,28,TCGGGGTAAGCGATAATATA,29,4003346
xdhAp2,0.6896551724137931,47,28,TCGAAGCAATGGGTACGGCA,19,3990908
xdhAp2,0.20689655172413793,33,28,GGGTGGGATTGTCAGCTATT,5,4000505
xdhAp2,2.0,85,28,GGGCATGTTAAGTAGGATGG,57,3981686
xdhAp2,0.6896551724137931,47,28,GGCATCTCTCTACCCTGATG,19,3992161
xdhAp2,0.27586206896551724,35,28,GATCCACATATGGCAACCGA,7,3991353
xdhAp2,3.7586206896551726,136,28,GAGCTCTATAACGGCGAGGT,108,3998600
xdhAp2,0.1724137931034483,32,28,GACACCACATAGGCTGGGGT,4,3994855
xdhAp2,4.689655172413793,163,28,CTGCTAACGGTTACTTGAAT,135,3982795
xdhAp2,0.3103448275862069,36,28,CCCATCCATGATGCACTTCA,8,3986668
xdhAp2,2.1379310344827585,89,28,CCAGACAGTGGGCTGTCTGT,61,3983916
xdhAp2,1.0344827586206897,57,28,CCAATTGATTCATATGTACT,29,3981982
xdhAp2,2.0,85,28,CAGTCTCTTTTGATAGACCT,57,3995102
xdhAp2,0.4827586206896552,41,28,CAGCGCCTGGGTGAGTGGCA,13,3996690
xdhAp2,0.06896551724137931,29,28,ATCGGAGGGGGATACTGCGA,1,3993479
xdhAp2,0.3103448275862069,36,28,AGATTGCAGTACATGGGCGT,8,3986700
xdhAp2,0.3448275862068966,37,28,AGATTATCTGTACAAAGACT,9,4008786
xdhAp2,1.3103448275862069,65,28,ACGTTCCGTTTAAGTTCACT,37,3999528
xdhAp2,1.4827586206896552,70,28,ACATAGTTACGGCGGCCTAT,42,3984005
xdhAp2,1.5517241379310345,72,28,ACAGCCTGCAACCATTGGGT,44,3988833
xdhAp2,0.06896551724137931,29,28,AAACAATGACCGATGGCAAC,1,4010772
xdhAp2,0.4642857142857143,39,27,TTACTGTGCACCACCAGTGG,12,3985215
xdhAp2,1.0,54,27,TGGAGGCTGGGACTGCGGCA,27,3995636
xdhAp2,0.42857142857142855,38,27,TGCTTGGGCAGAATCCATGA,11,3985530
xdhAp2,1.0,54,27,TGATACTTACCGGTGCTGTG,27,3982569
xdhAp2,2.142857142857143,86,27,TCGATCCCTACGCCGCTTGA,59,4007548
xdhAp2,2.107142857142857,85,27,GTGTCTTTGTCGTTCTGGGT,58,3998464
xdhAp2,0.5714285714285714,42,27,GTGGGACTGACACATCACTT,15,3996049
xdhAp2,0.32142857142857145,35,27,GTCTCCGAGTCGGTGAGATG,8,4007088
xdhAp2,1.1428571428571428,58,27,GGTGAAGATGGCCGGAAGTG,31,4009731
xdhAp2,0.6428571428571429,44,27,GGTCGGTATAACGAATGATA,17,4004397
xdhAp2,1.4285714285714286,66,27,GCTTGCAACATATCTTGGAA,39,3982186
xdhAp2,1.2142857142857142,60,27,GCTGATTTTATACCGGTTGT,33,4005414
xdhAp2,1.5,68,27,GATCTGGAATTGAGCTTAGT,41,3996205
xdhAp2,0.25,33,27,CTGACACGTTGCGTCAGGCT,6,4010080
xdhAp2,0.2857142857142857,34,27,CGTAAGTCCGGGCTTTAATA,7,3985114
xdhAp2,0.32142857142857145,35,27,CGCGTACTCCATAGCGTGTT,8,4011576
xdhAp2,0.10714285714285714,29,27,CGCGCATGCGTGCTGGTTGA,2,4013539
xdhAp2,0.6071428571428571,43,27,CGAACTTCGGTGCATGCGAT,16,3996087
xdhAp2,0.2857142857142857,34,27,CCCGGCCCATCATCTGAGCG,7,3997284
xdhAp2,1.1785714285714286,59,27,CCCGGACGAACGCTGACATA,32,3997469
xdhAp2,1.3214285714285714,63,27,CCCCTATTTTATCAATCCAT,36,3993670
xdhAp2,0.6785714285714286,45,27,CCATTTGGGCCTCCGTGTTT,18,4004386
xdhAp2,0.7142857142857143,46,27,CCAGTTGATCCGATCCGTTC,19,4002721
xdhAp2,0.9642857142857143,53,27,CACTCAGGACTGCATGTAAT,26,4005826
xdhAp2,0.4642857142857143,39,27,CAATTGGCCGCTTGACCGTC,12,4006940
xdhAp2,1.0714285714285714,56,27,ATTCGGGACGGCCTTCAGGC,29,4008890
xdhAp2,0.17857142857142858,31,27,ATAACGCTACATGAAGACCT,4,3986458
xdhAp2,0.8928571428571429,51,27,AGTCACATCAAATGCCCACA,24,4001687
xdhAp2,1.0,54,27,AGCACTACTTTGATTGAGCA,27,3982362
xdhAp2,0.35714285714285715,36,27,ACCTATAGAGGTTGTCCATG,9,3987023
xdhAp2,1.5357142857142858,69,27,ACCCTTAACGGATAGGTTCT,42,4003456
xdhAp2,0.21428571428571427,32,27,AAAGGCGATATAACGACTTC,5,3990839
xdhAp2,0.07407407407407407,27,26,TTTGACGTACGTCATGTCGG,1,3995567
xdhAp2,1.7407407407407407,72,26,TGGGCAGATTCGGCGTGGCC,46,3986976
xdhAp2,0.5925925925925926,41,26,TGAAGTCAGCCATCACGTAC,15,3982821
xdhAp2,0.4444444444444444,37,26,TCCGTCGGGTCAGAAGGCCA,11,4003906
xdhAp2,2.0,79,26,TCCATGGACTCGGGGAGGTG,53,4008221
xdhAp2,1.3333333333333333,61,26,TCATCTTTAATGACAAATTT,35,3984469
xdhAp2,0.4074074074074074,36,26,TATAGTGAGGCTCCCGACTA,10,4005960
xdhAp2,1.3333333333333333,61,26,TACTGTGCTACCCAATCTAA,35,3983915
xdhAp2,1.9259259259259258,77,26,GTGTCACACTCACCCTATCA,51,3996614
xdhAp2,0.07407407407407407,27,26,GTATGTCGTGTTTCCCATCC,1,3997614
xdhAp2,0.07407407407407407,27,26,GGTTAAATTGGGCGTTCACG,1,3988579
xdhAp2,0.37037037037037035,35,26,GGTGCGGGGCTTGCCAAGTT,9,4010153
xdhAp2,0.07407407407407407,27,26,GGGTATGATTAAATATTGCC,1,3983661
xdhAp2,0.07407407407407407,27,26,GCTCAGCGACCAACACCCTG,1,4009326
xdhAp2,2.1481481481481484,83,26,GCGTGTATGGCATCTGAGGC,57,3994793
xdhAp2,1.1111111111111112,55,26,GCGGACTCTATTCCCCTCGT,29,3999758
xdhAp2,0.8518518518518519,48,26,GCCGGCCGGGGATGCCTTAT,22,4003987
xdhAp2,0.2962962962962963,33,26,GCCCCTGATAATGGTTTCAC,7,3992432
xdhAp2,0.18518518518518517,30,26,GAGCGAATGTGTTCAAAGAG,4,3994956
xdhAp2,0.7777777777777778,46,26,GAGCAGCAGCACTATAGGGG,20,4001922
xdhAp2,0.07407407407407407,27,26,CTTGAAGAAGGCTCTGAGAC,1,4006758
xdhAp2,0.14814814814814814,29,26,CTGTAATATCGAGCGAGCAA,3,4005648
xdhAp2,1.0740740740740742,54,26,CTATGAGTGTCGCCTCAACA,28,3987851
xdhAp2,0.14814814814814814,29,26,CGTATTGAGTTCAGATCCTC,3,3991093
xdhAp2,1.037037037037037,53,26,CGGGTTAAGACCCCCGTTCA,27,3987622
xdhAp2,0.25925925925925924,32,26,CATGCTCCGTCGAGGCACCG,6,4006555
xdhAp2,0.48148148148148145,38,26,CAGTCCCATACATCGACTCG,12,3990723
xdhAp2,1.3703703703703705,62,26,CAGGCCATATGCCGCTCCGG,36,3990081
xdhAp2,1.1111111111111112,55,26,CAGCTTGCTGCACATTGGCT,29,3986459
xdhAp2,0.1111111111111111,28,26,CACGGGTAGCCAAGTTATGT,2,3989562
xdhAp2,1.2222222222222223,58,26,ATGGTATCCGTGTGCCATAA,32,3985479
xdhAp2,1.6296296296296295,69,26,ATGGGGGCCTCTCCGGCAAT,43,3994874
xdhAp2,0.18518518518518517,30,26,ATGCCCGCCTTTCTGGACAA,4,3987327
xdhAp2,0.6296296296296297,42,26,ATGAGTTTGACAGGTGCTTC,16,3990884
xdhAp2,0.07407407407407407,27,26,AGTTTTTCGGAAGGTTTGAA,1,3990419
xdhAp2,0.48148148148148145,38,26,AGCAGTTATCCAAGGCCTGG,12,3981636
xdhAp2,0.8148148148148148,47,26,AGATCACTAGGGAACTGGGT,21,3983771
xdhAp2,1.0740740740740742,54,26,AGACACCGATAGATGAGAGT,28,3986819
xdhAp2,0.1111111111111111,28,26,ACAAACGCTTGCGGTTGGGT,2,3988150
xdhAp2,0.07407407407407407,27,26,AACAAATGCACTTTCATTTG,1,3988408
xdhAp2,0.5384615384615384,38,25,TTTTATCTCACGTTCGACAT,13,3996885
xdhAp2,0.34615384615384615,33,25,TTTAGGTGCGTTTGATCCAT,8,3995823
xdhAp2,0.4230769230769231,35,25,TTGCTCTGCAATTAAGACCA,10,4005351
xdhAp2,0.34615384615384615,33,25,TTGAGGTTTAGAAGACACTC,8,3990726
xdhAp2,0.8076923076923077,45,25,TTCCGAAGGTTGTTCCTTAA,20,3985552
xdhAp2,1.5384615384615385,64,25,TCCAGAACTTCGGCACGCTA,39,4011624
xdhAp2,0.07692307692307693,26,25,TCAGGTGTGTTGGGGTGTAT,1,3983580
xdhAp2,0.7692307692307693,44,25,TAGGGTCCAGGCACACTGTT,19,4007191
xdhAp2,1.8846153846153846,73,25,GTTTACATGTCATGCTCGGA,48,3999988
xdhAp2,1.3076923076923077,58,25,GTTACGAGGGTGGGCCTGGT,33,3985997
xdhAp2,0.07692307692307693,26,25,GGAGTTACCAGAATACGTTA,1,4000157
xdhAp2,0.15384615384615385,28,25,GGAGGGAACATATGCTTATT,3,4004926
xdhAp2,0.6153846153846154,40,25,GGACTATTAGTAGGGTCGCA,15,4011405
xdhAp2,0.9230769230769231,48,25,GACATTTATATCATACTCAT,23,3993988
xdhAp2,0.9615384615384616,49,25,GAATTCAGGGTACGTGCACG,24,3988555
xdhAp2,3.3076923076923075,110,25,GAACAACAGTTGGCCACGAT,85,4008171
xdhAp2,0.07692307692307693,26,25,CTTGACGGGCGCTACTTACA,1,3991770
xdhAp2,1.4615384615384615,62,25,CTTCAAATGCACGCGAGTAC,37,4010890
xdhAp2,0.2692307692307692,31,25,CTGGTGTTACACTTTGCCTA,6,3993259
xdhAp2,1.4615384615384615,62,25,CTGAAAACTCGTAAGCTTAG,37,3994763
xdhAp2,3.1153846153846154,105,25,CGGCTCGGTTCTTAACTAGC,80,4000353
xdhAp2,0.07692307692307693,26,25,CGGACTATTTACTAGGTGCA,1,3993260
xdhAp2,1.3461538461538463,59,25,CGCGACCCCGCCATCCCGTA,34,4006066
xdhAp2,0.3076923076923077,32,25,CGAGTTGTCAAACGTCATGA,7,4004681
xdhAp2,0.5,37,25,CCGTCATTTCCGTTCAGCCC,12,4003799
xdhAp2,0.5769230769230769,39,25,CCGGGTATAAGCACAGGGAT,14,3990700
xdhAp2,1.5,63,25,CCGGGGGCTCAAGCAGATAT,38,4010159
xdhAp2,0.07692307692307693,26,25,CCGATCTCACGCACACAACA,1,3991444
xdhAp2,2.769230769230769,96,25,CCCTAAAAGTTGCCTAATTA,71,4014325
xdhAp2,0.8846153846153846,47,25,CCATGCACAGAGGTGGGGGC,22,3990867
xdhAp2,0.23076923076923078,30,25,CCACGTCAGTGGTTTACATA,5,4002850
xdhAp2,1.3461538461538463,59,25,CAGTGGCCGAAGCAGGACCA,34,3986759
xdhAp2,0.6923076923076923,42,25,CACAGCTGTTGAGTATTTTG,17,3986760
xdhAp2,0.34615384615384615,33,25,CAATGTATACATTAGTTGAA,8,3985273
xdhAp2,0.3076923076923077,32,25,ATTCGTGTGGCCCTTACAGT,7,4001597
xdhAp2,0.6538461538461539,41,25,ATGTTCAGATCACTGTGGAC,16,4003962
xdhAp2,2.730769230769231,95,25,AGGAGCTCACATGCAACTGT,70,4006540
xdhAp2,0.5,37,25,AGCTTCAGAGGCACGCGCCT,12,3997670
xdhAp2,0.07692307692307693,26,25,AGCCCCATTATGAACGAGCA,1,3985580
xdhAp2,0.5,37,25,ACTGATAGGGGACACCACAC,12,4011637
xdhAp2,0.5384615384615384,38,25,ACGTTGTAGTCTTTAAAGCG,13,4008798
xdhAp2,0.38461538461538464,34,25,ACGGTGGAGCCCATTCCGAG,9,3984929
xdhAp2,1.6538461538461537,67,25,ACCGTTAGCCAGCACGAACT,42,4003548
xdhAp2,1.6923076923076923,68,25,ACCCTAGGACAAACATTGGA,43,3990230
xdhAp2,0.8076923076923077,45,25,AATTTCACCCCCCTTAGGTG,20,3994843
xdhAp2,0.2692307692307692,31,25,AAGCTACGGATTATATGGGT,6,4003266
xdhAp2,2.08,75,24,TTTTCGGCAGGGAACCTCTT,51,3985604
xdhAp2,0.84,44,24,TTCCCTCTACGCCCTTAGCA,20,3997649
xdhAp2,0.56,37,24,TTACCGTTCCGCATCCGTTT,13,3992527
xdhAp2,1.52,61,24,TTAAGACCCCGACGTCGCGC,37,4011387
xdhAp2,0.28,30,24,TGAACTCTGCAAACTTTGTC,6,3983632
xdhAp2,0.4,33,24,TCGGGAGAAATAGAACTCCA,9,3988195
xdhAp2,0.2,28,24,TCAGGGGTGTCAGGAATTGC,4,3996657
xdhAp2,1.44,59,24,TCACATCCTCTTTATGCATT,35,4012437
xdhAp2,0.92,46,24,TAGCCAAGCTCTAACGCCTT,22,3983911
xdhAp2,2.44,84,24,TACTCCTTTACCCCCCGTTA,60,3984458
xdhAp2,0.28,30,24,TAAATACATTTAGAACGGTT,6,4014195
xdhAp2,1.12,51,24,GTGAAGGAATCCTGACACGA,27,3989863
xdhAp2,2.32,81,24,GTACCAGGAAGACAATAGTC,57,3997590
xdhAp2,0.2,28,24,GGCGTAAACCGACTCCCTGG,4,3989475
xdhAp2,0.32,31,24,GCTCGCCCTCAGCGCCGGTG,7,4008211
xdhAp2,2.16,77,24,GCGTTGTAGTTCCGACGGGT,53,3994708
xdhAp2,0.16,27,24,GCCGGTGACGACGCGAATTG,3,4013933
xdhAp2,1.64,64,24,GCCGCAGCGCCATAAATTCA,40,4008255
xdhAp2,0.28,30,24,GAATTGTCCCGGGCCTAGTT,6,4004513
xdhAp2,0.88,45,24,CTCTATCAGTTATAGGGTCT,21,3990798
xdhAp2,1.68,65,24,CTCGTAAAGGTATCGACACT,41,3982901
xdhAp2,0.52,36,24,CGTGGGTACTTCGTCGCAAA,12,3999242
xdhAp2,0.16,27,24,CCTTTTTGCGTATCGGTGTA,3,3994291
xdhAp2,0.08,25,24,CCTGCGCCTGGCATCAACCA,1,3988938
xdhAp2,0.08,25,24,CCGTTTATTATTTGACGGCA,1,4013528
xdhAp2,0.08,25,24,CCGTACGCGAGAAATTGTCT,1,3986554
xdhAp2,1.28,55,24,CCCTTTGTTTAGGGTGCGTA,31,3985551
xdhAp2,0.76,42,24,CCACCACGTCTCTCGACCTT,18,3999067
xdhAp2,0.24,29,24,CAGTCTGCCGCTCGGACTCC,5,3991178
xdhAp2,0.44,34,24,CAGGTGCACTCGCCACTCGT,10,3999160
xdhAp2,1.0,48,24,CACCCTTAGCGTACTCCACA,24,4009003
xdhAp2,2.12,76,24,ATTTAAAATCCTCTACACGG,52,3995508
xdhAp2,0.52,36,24,ATTGCACGGATCGCCCAGAA,12,3987456
xdhAp2,0.12,26,24,ATCCCAACGCTATAGCCCTG,2,3995506
xdhAp2,0.48,35,24,ATAGATATGTGCCGAATCAT,11,3986991
xdhAp2,3.28,105,24,AGTGTCTGAGATTCAGCCAT,81,4001987
xdhAp2,1.4,58,24,AGTGACCTGTTTGTCTCAGC,34,3992869
xdhAp2,0.24,29,24,AGTCGAGGTATCAGGGATAT,5,3989441
xdhAp2,1.24,54,24,AGCTTAGGCCTCCCTTCAAG,30,3982680
xdhAp2,1.24,54,24,AGCAGAAGATCACGAGGCGA,30,3996447
xdhAp2,1.84,69,24,ACTTAGCATAGTCTCCAAAA,45,4002254
xdhAp2,0.4,33,24,ACTGAAAACAGTCAGCATGT,9,3996957
xdhAp2,0.08,25,24,ACATATTAATTTGTTCCTCA,1,4001335
xdhAp2,0.32,31,24,ACACGGCGCGGGCATATATT,7,3993932
xdhAp2,0.88,45,24,AATGTGAGACACATCAACAG,21,4001257
xdhAp2,1.36,57,24,AAGAGCTTGAGGCGCCATCA,33,4003802
xdhAp2,0.6,38,24,AAACGAGCTAATTGGGGGCT,14,3988966
xdhAp2,0.4583333333333333,33,23,TTGTTGACCACTCGACCGTC,10,4008458
xdhAp2,2.0833333333333335,72,23,TTGTACGTCGTAGCTCCCAA,49,3997900
xdhAp2,5.916666666666667,164,23,TGTGCCCCGTTTCGCACGTC,141,3991601
xdhAp2,0.5833333333333334,36,23,TGGGGAACTTTGAATTATAA,13,3988267
xdhAp2,1.5833333333333333,60,23,TGCTCTGAAGCACTGTGTCC,37,3994197
xdhAp2,1.0833333333333333,48,23,TGAGGGCTGTGGCCTGTCTA,25,3999712
xdhAp2,0.20833333333333334,27,23,TCTTCCAGGCCGAGACGAGA,4,4008527
xdhAp2,0.20833333333333334,27,23,TCTAGGTGGATTCTGGCACT,4,3992877
xdhAp2,0.16666666666666666,26,23,TCGGGCTAGGGACCTACTAG,3,3985385
xdhAp2,2.5416666666666665,83,23,TCGGCCCCGGAGTGATCGTA,60,3990644
xdhAp2,1.7083333333333333,63,23,TCGAACATTTAGAAGTGCTT,40,3983120
xdhAp2,2.1666666666666665,74,23,TCCTCAGGACCAGGAGCAAC,51,3990491
xdhAp2,0.16666666666666666,26,23,TCCGGAGTTGGTACATTGTT,3,3982980
xdhAp2,0.75,40,23,TCATTACCGGGAATATGGGG,17,4012841
xdhAp2,2.1666666666666665,74,23,TCATCCTAGCGAAACAAAGA,51,4007156
xdhAp2,0.7916666666666666,41,23,TATTGCCTTACGTTCCTCTT,18,3990015
xdhAp2,2.3333333333333335,78,23,TATTCATGTGCAGGCCCATC,55,4005119
xdhAp2,0.3333333333333333,30,23,GTGTTGGGGCAGCTAATTCA,7,3996291
xdhAp2,0.125,25,23,GTATTCTCAATCGTTTAGAA,2,3986047
xdhAp2,0.08333333333333333,24,23,GTAGCAGGCTAAGTGAGCTG,1,4001318
xdhAp2,0.08333333333333333,24,23,GTAGACCTGCCCCACTATAT,1,3986795
xdhAp2,0.5833333333333334,36,23,GGTGGGTTCAGTTTGGCGCT,13,3995990
xdhAp2,2.625,85,23,GGTGCTGACTGTTGGATTTC,62,3984840
xdhAp2,0.9166666666666666,44,23,GGCCATCATTACGAACGCGA,21,3999265
xdhAp2,0.08333333333333333,24,23,GGAACTGGGGAGACTTCGTC,1,3986374
xdhAp2,1.5,58,23,GCTGGATTTACTAAAGGATC,35,4001245
xdhAp2,1.1666666666666667,50,23,GCTAGGTATACAGCAAGTTA,27,3984148
xdhAp2,1.0833333333333333,48,23,GCAGGTATTCCAGGCCGAAG,25,4003024
xdhAp2,0.4166666666666667,32,23,GATTTTCCTAGCAGCATAAA,9,3987644
xdhAp2,1.4583333333333333,57,23,GAGCATGTGGTATGTCACGC,34,3996051
xdhAp2,2.0416666666666665,71,23,CTGCCCTTCCCTTGGCACTT,48,4000724
xdhAp2,0.4583333333333333,33,23,CTACTTGAACCTACCACGGT,10,3995221
xdhAp2,0.875,43,23,CGTTGGCGTGTTACTTCCGT,20,3997467
xdhAp2,0.375,31,23,CGGCTCACCGGGCAGCGAAA,8,3985743
xdhAp2,1.125,49,23,CGGACAGATTCAAGGTTGAT,26,3986790
xdhAp2,0.20833333333333334,27,23,CGAAACAGCGCGAGACAATG,4,4006397
xdhAp2,0.2916666666666667,29,23,CCTCAGGAACACCGACATAA,6,3994614
xdhAp2,1.3333333333333333,54,23,CCTATGTAGTTGAGGGGGAT,31,3986849
xdhAp2,0.08333333333333333,24,23,CCATATTACAAGGGTACAAA,1,4002607
xdhAp2,1.4166666666666667,56,23,CAAGACTTAGGTCGGTTATA,33,3991838
xdhAp2,1.0833333333333333,48,23,CAACAGTGCTGCGAGTAAGG,25,3996645
xdhAp2,1.0416666666666667,47,23,ATTCGCCCCAGTGCATCTCA,24,4002384
xdhAp2,0.625,37,23,ATGAGGAGCCTCGCAGTTTC,14,4008817
xdhAp2,0.4166666666666667,32,23,ATCGGACTACGATGGGCAGT,9,3990248
xdhAp2,0.125,25,23,ATAGGCTCTCGCGCCAGGGT,2,3992718
xdhAp2,3.0833333333333335,96,23,AGTTTCGGGACCATTCTGTT,73,4007490
xdhAp2,0.7083333333333334,39,23,AGATTACGACCAGGTCCGCT,16,4010728
xdhAp2,0.5,34,23,AGATGACGCCCGAGAAGCTT,11,4011693
xdhAp2,0.20833333333333334,27,23,ACCAAAGCCGGCCGTATTGA,4,3995093
xdhAp2,0.25,28,23,ACATATCTGTATAACAATAA,5,4001669
xdhAp2,0.16666666666666666,26,23,AATCTTCCTCGCTCCGCTCG,3,3990546
xdhAp2,3.0833333333333335,96,23,AATCAATCCCTCAATGTAGT,73,4007133
xdhAp2,0.08333333333333333,24,23,AAGGTTAATACTACCCGAGT,1,3992012
xdhAp2,0.2608695652173913,27,22,TTTTTGCGGCTCAGATGGGA,5,3995991
xdhAp2,0.13043478260869565,24,22,TTTTGTTACTAATAAGTACA,2,3993112
xdhAp2,0.13043478260869565,24,22,TTTCCTGGCCATTGGCGTGA,2,4002710
xdhAp2,0.13043478260869565,24,22,TTAAGTTAGGGGCCTAGCGG,2,3998997
xdhAp2,0.2608695652173913,27,22,TGCTGAGATAAGCAAGGCTG,5,4008020
xdhAp2,0.5217391304347826,33,22,TGCCGTGCATCGTTAACCTA,11,3983269
xdhAp2,1.4782608695652173,55,22,TCTTGAAAGTTCACGCAACA,33,3989743
xdhAp2,0.8260869565217391,40,22,TCCAGAGAGGCCCTCCGGCA,18,4011823
xdhAp2,3.347826086956522,98,22,TCACTTGTCTGGGTTCAATA,76,3989156
xdhAp2,1.7391304347826086,61,22,TCACTTAGAATGGATAACTT,39,3985130
xdhAp2,0.08695652173913043,23,22,GTGACTTCAGTTTATGGGCA,1,3993538
xdhAp2,0.9565217391304348,43,22,GTCGGGTCGGCAAGCTCTAA,21,3989491
xdhAp2,1.434782608695652,54,22,GTCCACAGTGATGTACTGGC,32,3982679
xdhAp2,2.652173913043478,82,22,GTATGTGTCAGCCATTGATG,60,4004896
xdhAp2,0.30434782608695654,28,22,GGTGGTACTGTTTTACAGAG,6,3986046
xdhAp2,0.43478260869565216,31,22,GGGGCTGGTAGATAGGAAAC,9,3990916
xdhAp2,0.08695652173913043,23,22,GGGCCTCTATTTTTCGCTCA,1,3986792
xdhAp2,1.826086956521739,63,22,GGCTCGAGGAAAAATCTGCT,41,3995230
xdhAp2,1.173913043478261,48,22,GGCCGGAAAGAAGTTGGGGT,26,3981607
xdhAp2,2.652173913043478,82,22,GGCAGGCGAACAGATTTCGT,60,3987457
xdhAp2,0.6956521739130435,37,22,GGAGTCACCGAGAAAATTTA,15,3984960
xdhAp2,1.0434782608695652,45,22,GGAAAGTCCAGCTAGATCTA,23,3987805
xdhAp2,0.6956521739130435,37,22,GCGGAGGGGCCTCCATCACT,15,4003486
xdhAp2,0.34782608695652173,29,22,GCAAAGAATCGCCTGTAAAG,7,4009792
xdhAp2,1.391304347826087,53,22,GAGCATGGGTTGAGAAGCCT,31,3999705
xdhAp2,0.9130434782608695,42,22,GACTGTCCAGTAGTCAAGGA,20,3990957
xdhAp2,0.13043478260869565,24,22,GAAGTTATCCGATTAGTCAA,2,3997442
xdhAp2,0.30434782608695654,28,22,CTTTGATGTCCGCGAGCGGC,6,3983297
xdhAp2,0.08695652173913043,23,22,CTTCGTTCCTTTGTAGTGAA,1,3996715
xdhAp2,0.6086956521739131,35,22,CTCTAGGGTGCTGTGCGCTC,13,3985895
xdhAp2,0.4782608695652174,32,22,CTCCGCGATAATCTACGCCA,10,4001394
xdhAp2,0.8695652173913043,41,22,CTATACACGATCTTAGTACC,19,3999915
xdhAp2,0.6086956521739131,35,22,CGTTTCTGCATCTCTGATAA,13,4000783
xdhAp2,0.17391304347826086,25,22,CCTTTCGCGGATCGGAGCGG,3,3993718
xdhAp2,0.13043478260869565,24,22,CCGTGTTCCTACAACGGCAT,2,3987994
xdhAp2,0.21739130434782608,26,22,CCGCTGGGTGATGTTGCACA,4,3990869
xdhAp2,0.7391304347826086,38,22,CACGAGGCGGCATATAGGGT,16,3996729
xdhAp2,1.0,44,22,CAATTGAAGGGTTTCCATTT,22,3985807
xdhAp2,1.8695652173913044,64,22,ATTGCGCCCTTCCTATATCT,42,3999562
xdhAp2,4.217391304347826,118,22,ATTGATGCGCGGCGACATCG,96,3995104
xdhAp2,1.608695652173913,58,22,ATCTCCAGTTAAAGAAGACT,36,3991479
xdhAp2,0.8695652173913043,41,22,ATCAATGTTAACTGTATCCT,19,3998879
xdhAp2,1.173913043478261,48,22,AGCTCAAGGACCACTCACGA,26,3990807
xdhAp2,0.17391304347826086,25,22,AGCGGGTGGGCGCACGTACG,3,3995995
xdhAp2,0.34782608695652173,29,22,ACCGCATCGTGCATCTATCT,7,4006367
xdhAp2,2.130434782608696,70,22,ACCCATAGCCTTGGTTCCAT,48,3994427
xdhAp2,1.6956521739130435,60,22,AAACTCGGCTATTGCCATCC,38,3984844
xdhAp2,3.1818181818181817,90,21,TTCACTCGAGGCGTGTTCAT,69,4008625
xdhAp2,1.7272727272727273,58,21,TTATGTTGACTAACCCATCG,37,4012001
xdhAp2,0.13636363636363635,23,21,TTACGGGTCTCTAACTCTAC,2,4009947
xdhAp2,1.7272727272727273,58,21,TGTTATACCCGGTGCCGGTG,37,3983301
xdhAp2,0.09090909090909091,22,21,TGTGGATCGCTGGTTGCACA,1,3996691
xdhAp2,2.409090909090909,73,21,TGTATGTTAGACCCGACTCG,52,4002008
xdhAp2,1.9545454545454546,63,21,TGGGACGTCTGTCGGGTAAT,42,3995617
xdhAp2,0.13636363636363635,23,21,TGACCATCAGATTAATGAGC,2,3995757
xdhAp2,0.6363636363636364,34,21,TCGTTGCGACGATCTGTCTC,13,3997993
xdhAp2,0.4090909090909091,29,21,TCGTAAGATGTAAAGGACAG,8,4005020
xdhAp2,0.6363636363636364,34,21,TCGGGCTCCCAGGGGGTTAC,13,4006130
xdhAp2,0.5454545454545454,32,21,TCCTAGGGCGCGTGGGTCCT,11,4002298
xdhAp2,1.9090909090909092,62,21,TCCACAAGGGTCATTCGGTT,41,3994429
xdhAp2,0.4090909090909091,29,21,TAGCAAGCTACTACGTATTA,8,4006942
xdhAp2,0.6363636363636364,34,21,TAGCAACCGGTCTCCAAAAT,13,3996874
xdhAp2,0.8181818181818182,38,21,GTTCATGATTGGCACGCTTG,17,3998452
xdhAp2,0.18181818181818182,24,21,GTCCTTTGGTTAATGCGCTC,3,3989131
xdhAp2,0.18181818181818182,24,21,GGTTGGCCGTGTACATCAAC,3,4001840
xdhAp2,0.22727272727272727,25,21,GGTCCTCCACCTATGATTAT,4,4004794
xdhAp2,0.22727272727272727,25,21,GGGTGAGCCCACCATTAAGC,4,3994609
xdhAp2,0.8181818181818182,38,21,GGGGATACTCATCCGCTGAC,17,3985028
xdhAp2,0.7272727272727273,36,21,GGCCTGGCCGATGGCTACTT,15,3997554
xdhAp2,0.18181818181818182,24,21,GGCCGGAGGCGTAAATATCA,3,4009803
xdhAp2,0.09090909090909091,22,21,GGATGGGGGCGCCGTGTTTA,1,4006157
xdhAp2,0.09090909090909091,22,21,GGAGCGCTATTAAGGTAAAA,1,4001750
xdhAp2,0.36363636363636365,28,21,GGACAAGTTCTCCAAATCAG,7,4000171
xdhAp2,0.6363636363636364,34,21,GGAAAACATGGAGAAAGCAA,13,3986682
xdhAp2,0.6818181818181818,35,21,GCTGTTAATATGACCCGCAG,14,3982087
xdhAp2,0.5454545454545454,32,21,GCTGCGGGCGTTTCGAACTT,11,3995510
xdhAp2,1.2727272727272727,48,21,GCTAACGCCACTCCCAGACA,27,3989184
xdhAp2,1.0909090909090908,44,21,GCGGCTCGCAACTATATGTT,23,3983630
xdhAp2,0.6818181818181818,35,21,GCCACTTTATTCAGCGTACG,14,3983959
xdhAp2,1.0909090909090908,44,21,GCAGAACTGAAACGGCCAAG,23,4010927
xdhAp2,0.5909090909090909,33,21,GATTCTCGAACGACCCAGCT,12,4010670
xdhAp2,0.09090909090909091,22,21,GATGCCTGGTGGGACTTATT,1,4004737
xdhAp2,1.0909090909090908,44,21,GATACGTATCCACGAATTGT,23,3995226
xdhAp2,0.09090909090909091,22,21,GAGGATCGCGGGCAACAAAT,1,3982071
xdhAp2,0.7727272727272727,37,21,CTGCTAGGGCTAGGCCCTAA,16,3987310
xdhAp2,0.09090909090909091,22,21,CTCCCTTTGCGCAATACTCG,1,4000874
xdhAp2,0.8181818181818182,38,21,CGTGAACTTTCGACTTAGGA,17,4010690
xdhAp2,0.2727272727272727,26,21,CCGGCAAGACGACGGGCGCC,5,3988540
xdhAp2,0.6363636363636364,34,21,CCCGTAGTGTGTGGTAGTTT,13,3983056
xdhAp2,1.2272727272727273,47,21,CCATAGGTGAGAATAGGAGA,26,3996358
xdhAp2,0.36363636363636365,28,21,CATGCGAGGGTAGGGTATTA,7,3998486
xdhAp2,1.4090909090909092,51,21,CATAACATACCCCATCAGTG,30,3997500
xdhAp2,1.2727272727272727,48,21,CAGTATTATCAGTCCGCAAG,27,3994015
xdhAp2,1.6818181818181819,57,21,CACGGACCTCCAACTCCGTC,36,3990282
xdhAp2,0.18181818181818182,24,21,ATTTTCGAACCATATTACCT,3,3993077
xdhAp2,0.45454545454545453,30,21,ATTTGCATATTCCGTGCCCT,9,4003488
xdhAp2,2.3181818181818183,71,21,ATTCCAGTATCGCTCGCCTG,50,3990648
xdhAp2,0.4090909090909091,29,21,ATTAGCAGACCCCAATCAAG,8,4004947
xdhAp2,1.2272727272727273,47,21,ATGAGTGGATTTGATTCGGC,26,4014187
xdhAp2,0.09090909090909091,22,21,ATGAGCTACGGAGTGTGGCC,1,3991356
xdhAp2,0.13636363636363635,23,21,ATATGCTATGGCGATAAATG,2,3985857
xdhAp2,1.0909090909090908,44,21,ATACAACTAGATTTCATGCT,23,3988975
xdhAp2,0.8181818181818182,38,21,AGTTCCTGTCATAAGGAAAA,17,4007870
xdhAp2,1.2727272727272727,48,21,AGGCTGCCAATCTTACGAAA,27,3995518
xdhAp2,0.13636363636363635,23,21,ACCTGTAATGTCCACCCCAC,2,3981772
xdhAp2,0.13636363636363635,23,21,ACCTCGTCTATCCCTGCCCA,2,3996336
xdhAp2,1.5454545454545454,54,21,ACACGTGAACCATCGTGGGT,33,3985612
xdhAp2,0.09090909090909091,22,21,AATCGAGTTGTTGGTTGGTT,1,3987231
xdhAp2,0.13636363636363635,23,21,AAGGGTACGCCTCTCCCCAT,2,4007271
xdhAp2,0.13636363636363635,23,21,AAGCTCCGGCAAGGCATTAG,2,3997470
xdhAp2,2.0476190476190474,62,20,TTTACACCTTCCAGTGGATG,42,3989854
xdhAp2,0.8095238095238095,36,20,TTATATTAACAGGGCAGCAA,16,3993167
xdhAp2,1.0952380952380953,42,20,TGTATGCAGCAACCTATCTT,22,3997875
xdhAp2,2.0476190476190474,62,20,TGGGTCCCGCTATACCTGGT,42,4013742
xdhAp2,0.2857142857142857,25,20,TGGCTTCTGGGTCAAATATG,5,3985934
xdhAp2,2.1904761904761907,65,20,TGGACAAAAAAGGCGTCGCT,45,4002748
xdhAp2,0.09523809523809523,21,20,TGCTTGGCATGTTCCGGCGG,1,4003253
xdhAp2,1.7142857142857142,55,20,TCGCACCGTTGCATCACAGT,35,4006799
xdhAp2,0.23809523809523808,24,20,TCCAACACCGCTCGTGGCCA,4,4005478
xdhAp2,0.19047619047619047,23,20,TATGCCCAGCCTAAACGGCT,3,3983535
xdhAp2,0.19047619047619047,23,20,TAGGATGCGAAAGTCACGTT,3,3999987
xdhAp2,0.7142857142857143,34,20,TAGGAACGACAGAGCTAGCT,14,3986219
xdhAp2,0.6666666666666666,33,20,TACTAGACGGGTGAACCGGT,13,4003848
xdhAp2,1.0952380952380953,42,20,GTGGTTGAGCCATGAAGTCG,22,4011948
xdhAp2,0.2857142857142857,25,20,GTGGTGTAAACGGTGAAAGT,5,3992526
xdhAp2,0.09523809523809523,21,20,GTCATGTATGGCGAGTGATT,1,3994749
xdhAp2,2.2857142857142856,67,20,GTATTCACGGAGACGGGTAG,47,3989774
xdhAp2,0.2857142857142857,25,20,GGGTTCCCGCGCGACGTCAA,5,3983693
xdhAp2,1.2857142857142858,46,20,GGAAACTTCCGGTCAGCAAG,26,4000700
xdhAp2,0.5238095238095238,30,20,GCCTGGATGGCAGCGTAGAA,10,4001811
xdhAp2,0.14285714285714285,22,20,GCCGAGACAGATACCCCGCC,2,4002691
xdhAp2,0.3333333333333333,26,20,GCAAGTTCTTGGGTGACACA,6,3993537
xdhAp2,2.7142857142857144,76,20,CTGTGGGCTCGCTCCTGTTG,56,4003135
xdhAp2,0.09523809523809523,21,20,CTGCAATTATGAATTTCCAG,1,3991795
xdhAp2,4.476190476190476,113,20,CTGACGCCTCCTCTATAAAT,93,3995657
xdhAp2,0.6190476190476191,32,20,CTCCGAGCAAGCGAACTATA,12,3997518
xdhAp2,0.5714285714285714,31,20,CTCCAGACAATACAGCTCCG,11,4011242
xdhAp2,2.142857142857143,64,20,CTACATGGGGGTGTCAGTCG,44,4010473
xdhAp2,0.5714285714285714,31,20,CGTACCCGTCAAGTCAAGAA,11,3985358
xdhAp2,0.3333333333333333,26,20,CGTAATTGACAGGGGATTCA,6,3983114
xdhAp2,0.19047619047619047,23,20,CCTCCCCCTTCGCGGGCCTT,3,3991558
xdhAp2,0.14285714285714285,22,20,CAGTGGTTAAGTCGGTCCTA,2,4008151
xdhAp2,0.47619047619047616,29,20,CAGGGTGGCTGTAATAACGT,9,3992849
xdhAp2,0.19047619047619047,23,20,CAGGGACTGACCTTTCTCTA,3,3998907
xdhAp2,0.14285714285714285,22,20,CACGGGTGTCCAACATAGGT,2,4012925
xdhAp2,0.7619047619047619,35,20,ATTAAATGCTTTTTAGTCTG,15,3981775
xdhAp2,1.0952380952380953,42,20,ATGGCCTGTTCTTTATTAAC,22,3989740
xdhAp2,0.23809523809523808,24,20,ATGGAGCTATCATTGGTTTT,4,4007979
xdhAp2,0.19047619047619047,23,20,ATGATATTTTCTCTGGTGGT,3,3993833
xdhAp2,1.5714285714285714,52,20,ATCCGTGTATCACACCGCAA,32,3990361
xdhAp2,0.47619047619047616,29,20,AGTATATTTAGCGTCCCAGC,9,3984781
xdhAp2,0.42857142857142855,28,20,AGGGTAGACACGACGTTAAC,8,3991223
xdhAp2,0.5714285714285714,31,20,AGAGCTGCTTCAACTGCTCC,11,4006418
xdhAp2,1.380952380952381,48,20,ACTTGACTGGGCACGAGTGT,28,3987723
xdhAp2,0.38095238095238093,27,20,ACGGAACGCTACTCGTCTGC,7,3996524
xdhAp2,0.19047619047619047,23,20,AAGGACTACCTAATATCCAA,3,4010982
xdhAp2,0.23809523809523808,24,20,AAACTAATCGCGAACATAAG,4,3999308
xdhAp2,1.9523809523809523,60,20,AAAATATCGTTTGGTGTTGT,40,3990773
xdhAp2,0.6,30,19,TTTTCTAACTTATAGCTGTA,11,3987069
xdhAp2,0.55,29,19,TTATATCTCTGAGACACATG,10,3985491
xdhAp2,1.25,43,19,TGTGTTAAACTACCGTCGCT,24,4007598
xdhAp2,4.0,98,19,TGCTCGTGCGCCTTCCACAC,79,4007487
xdhAp2,1.95,57,19,TCGGTTTGCGAATAACATAT,38,3983337
xdhAp2,0.1,20,19,TCGCGCGCTCCCCCACCTTG,1,3989219
xdhAp2,0.35,25,19,TCCACGAAGAAACTGCTGCT,6,3997474
xdhAp2,1.9,56,19,TAGCAACTGCGAGGCCACAA,37,3988557
xdhAp2,2.4,66,19,TAAATGGTCCGCGTCCTTGA,47,4003164
xdhAp2,0.9,36,19,GTTGTGAAGGCAAGGGATTC,17,3985145
xdhAp2,0.1,20,19,GTGTGGCATTCCCGAATGTA,1,4008363
xdhAp2,0.6,30,19,GTGGTTTCTATTGCTTTCAA,11,4006065
xdhAp2,0.5,28,19,GTCGGAGCACTCCCCCTTTA,9,4006537
xdhAp2,0.1,20,19,GTCGAATTCCACAAGCACTA,1,3989821
xdhAp2,1.45,47,19,GTCCCCTGCGCAATACCACA,28,3981801
xdhAp2,0.5,28,19,GTATAGAAAGGTATAAGGGA,9,4008859
xdhAp2,1.85,55,19,GGTGCCATGGGTTTGGGGCG,36,4009422
xdhAp2,0.1,20,19,GGCGTATAGAGTGCAGGAGT,1,3989971
xdhAp2,1.05,39,19,GCTTCAGGCCGCTGACCAAC,20,3982361
xdhAp2,3.8,94,19,GCGCGCCTCGAGATGCGTTA,75,4001552
xdhAp2,1.95,57,19,GCGCCGCAATCGGGGCCATT,38,3986263
xdhAp2,1.8,54,19,GCGAGGATAGGGACATCTTG,35,3986913
xdhAp2,0.1,20,19,GCAGTCTCTACCGATAGGTA,1,4009597
xdhAp2,0.4,26,19,GATTTGGGCATCAGCGGATC,7,3985029
xdhAp2,0.55,29,19,GATCCGGGAAAGGGAGCTAC,10,3989853
xdhAp2,0.1,20,19,GAGTATATATTGGTTTCCGA,1,3987921
xdhAp2,0.9,36,19,GAATGTAGGGTGTAGTTCAT,17,3989763
xdhAp2,0.65,31,19,GAATAGATTGAATGCAAGTG,12,3998708
xdhAp2,0.35,25,19,GAAAGAAGGCTCCGTTCAGT,6,3984789
xdhAp2,0.1,20,19,CTCTGGTGAGAACAACAGCA,1,3996328
xdhAp2,2.9,76,19,CTCTATAGCTTCAAAATCGG,57,3986522
xdhAp2,3.7,92,19,CTCCGTTTGAAGGAGGTTCT,73,3999546
xdhAp2,2.2,62,19,CTATAAAGTCAAACTAACTT,43,3995347
xdhAp2,1.15,41,19,CTAACGAATAGCGCACCACA,22,3995343
xdhAp2,0.7,32,19,CGTGACTGACATTCTGGACA,13,3990348
xdhAp2,1.45,47,19,CGGTAAGTTACCTTTGCTCA,28,3982162
xdhAp2,2.6,70,19,CGGGATCACCGGATACTAAC,51,4002260
xdhAp2,0.25,23,19,CGAGTTGAAGAGCGCGCTAA,4,4013089
xdhAp2,1.15,41,19,CCTCGAATCTTGAATTTTTT,22,4012327
xdhAp2,1.2,42,19,CCTCAGGCGGCGGCGTACAT,23,3997136
xdhAp2,1.2,42,19,CCGTAAAGAATGCTAGATAA,23,3982844
xdhAp2,0.6,30,19,CCGCCAATAACCGAGTCACG,11,3991097
xdhAp2,0.75,33,19,CCGAAAATTATGCTTGTGCG,14,3993478
xdhAp2,1.0,38,19,CCCATTGGCTGGTCAATGGA,19,4010439
xdhAp2,1.7,52,19,CCATTATATCTAAGATCAGG,33,3984035
xdhAp2,3.5,88,19,CCAACTCGAGGCATAATGCA,69,3988094
xdhAp2,0.25,23,19,CATTGAACATCGAGGCTGCT,4,3986043
xdhAp2,0.65,31,19,CATTATTTGACTTAAAGTCT,12,4014436
xdhAp2,1.2,42,19,CATTAGGGTGGTGAGCTGCT,23,4006470
xdhAp2,0.2,22,19,CATCAATCCCTCGATCCCCT,3,4009765
xdhAp2,0.1,20,19,CAGCGAATAAAAGCTATCAG,1,3992376
xdhAp2,0.6,30,19,CAGAGGCACCCTAGTTGTGT,11,3999522
xdhAp2,0.45,27,19,CAAGATGTCAGTGCGTCCGT,8,4008756
xdhAp2,0.15,21,19,CAAATCGCTATGTGAGGCAT,2,4010727
xdhAp2,0.35,25,19,ATAGCAATACGGACGAGCGG,6,3999202
xdhAp2,1.2,42,19,ATACAGAATCTCCGAATAAA,23,4014346
xdhAp2,0.1,20,19,AGGCAACGTGTGATATAAGT,1,3985038
xdhAp2,1.15,41,19,AGCGGTAACTTGACGGGGTG,22,4005701
xdhAp2,0.1,20,19,AGCCAGGCTGCAGCTAGGAT,1,3984895
xdhAp2,0.25,23,19,AGATACCGCTTAGGATGCTC,4,3999201
xdhAp2,1.75,53,19,ACGCGTAATAACCAGAAGTC,34,4005611
xdhAp2,1.3,44,19,AATGTTACTGTCATAACTTT,25,4004131
xdhAp2,0.7,32,19,AAGACGGTGCTAGGGAAAAC,13,3994857
xdhAp2,0.2,22,19,AACCTACTAGATGACTTCTT,3,3995864
xdhAp2,3.0,78,19,AACATCTGTATCGTTACTCG,59,4014252
xdhAp2,2.5,68,19,AAATAAGGTAGAGAGTGAGT,49,4004109
xdhAp2,2.7,72,19,AAACGCGGTTTGATGTATCG,53,3989837
xdhAp2,0.6842105263157895,30,18,TTCTTCAAAGGCGATCACGT,12,4008147
xdhAp2,3.0,74,18,TGGTTTACATCCGAAGTCAG,56,3983583
xdhAp2,0.631578947368421,29,18,TGGTCGCCGGGAGGAACATG,11,3988200
xdhAp2,0.10526315789473684,19,18,TGGTATCAGTGCCAAAGTAA,1,4013538
xdhAp2,0.10526315789473684,19,18,TGATTTTGATGACCGAACAT,1,3981637
xdhAp2,0.10526315789473684,19,18,TGACTTAAAAGGCGCCAGAG,1,4009636
xdhAp2,0.3157894736842105,23,18,TGAAACTCGTGCAAGGGGGG,5,3999816
xdhAp2,4.421052631578948,101,18,TCTTCACAGCGCGAGAGCGA,83,3990907
xdhAp2,2.4210526315789473,63,18,TCGGGTTAGCCAGTCGTCAT,45,3983241
xdhAp2,0.2631578947368421,22,18,TCGGGCGCTTTTATTAGTAC,4,3992048
xdhAp2,1.3157894736842106,42,18,TCCCAGTTACTGCGCAGGGA,24,3995632
xdhAp2,1.1578947368421053,39,18,TCATAGGTGCCCACCGAAAA,21,3989620
xdhAp2,0.5263157894736842,27,18,TCACTTGTGTACTACAAAAT,9,4011817
xdhAp2,0.9473684210526315,35,18,TATGTACGACAGGTCATGCA,17,3996782
xdhAp2,0.21052631578947367,21,18,TAGAAGCAGATCGCATGCCA,3,3998080
xdhAp2,1.0,36,18,TAGAACAGTGACTCAGTCTA,18,3993117
xdhAp2,0.7894736842105263,32,18,TACGATAATCGAACAGTCTC,14,3994423
xdhAp2,1.7894736842105263,51,18,TAATGTATTAGAGGGCTAAC,33,3991302
xdhAp2,0.5263157894736842,27,18,TAATCAACTATCACATGGTG,9,4009498
xdhAp2,1.736842105263158,50,18,GTTAGAAGCAATGTGTCGCA,32,3993620
xdhAp2,1.0,36,18,GTGATGTAAGTTAGGCGGGT,18,3984565
xdhAp2,1.105263157894737,38,18,GTCCGAAGCCCGGTCTTAAT,20,3983433
xdhAp2,2.1052631578947367,57,18,GTACCGGTTATTAGACACGT,39,4001956
xdhAp2,0.5263157894736842,27,18,GTAAATGGGATCCTCAGCAG,9,3985134
xdhAp2,0.7894736842105263,32,18,GGTTCATAGCAATTAGCCGG,14,4011440
xdhAp2,0.2631578947368421,22,18,GGTGTGTCGTCTGGTTGTAA,4,3997624
xdhAp2,0.10526315789473684,19,18,GGGATACTTGATATCAAAAA,1,4012242
xdhAp2,0.5263157894736842,27,18,GGGAGACACAAGACTGCTTC,9,4003852
xdhAp2,2.5789473684210527,66,18,GGAACATTATTCAAGAGCTA,48,3985624
xdhAp2,4.7368421052631575,107,18,GCTATAGTCAGTGCTCCGCG,89,3998604
xdhAp2,0.8421052631578947,33,18,GCTACTGAGTCTAACCGAAG,15,3998768
xdhAp2,0.6842105263157895,30,18,GCGGCCTTACAGCGAGATGA,12,4009176
xdhAp2,1.263157894736842,41,18,GCGCAGTCAGTCGTGGTTTG,23,3999894
xdhAp2,0.10526315789473684,19,18,GATCTGCCCATAGGCATTAT,1,3989376
xdhAp2,0.8947368421052632,34,18,GATCGGGTCATTCCCAGAAA,16,3994911
xdhAp2,0.9473684210526315,35,18,GAGGTTACAATCTGAGCGGG,17,4012359
xdhAp2,0.5263157894736842,27,18,GAGGGTGGACACGTATCCTT,9,3999304
xdhAp2,0.42105263157894735,25,18,GAGAAAATTAATATTAATTT,7,3989893
xdhAp2,0.5789473684210527,28,18,GACGCAGCGGCCCGCATACT,10,3990616
xdhAp2,0.15789473684210525,20,18,CTTGTCAGTGTGTGTACCTC,2,3998893
xdhAp2,0.9473684210526315,35,18,CTTACCGCTGATTCGATAAC,17,3993471
xdhAp2,1.0526315789473684,37,18,CTCTACCCAACATAAGATAC,19,3986040
xdhAp2,0.6842105263157895,30,18,CTCCCGGCAATTTGGCCGAT,12,4012350
xdhAp2,0.8947368421052632,34,18,CGTGGACAACGATCTACTTG,16,3996366
xdhAp2,0.5789473684210527,28,18,CGTCCTCGCTTGCTGAGGAC,10,4002961
xdhAp2,0.7894736842105263,32,18,CGAGCTACCATCTGTGGTAT,14,4014275
xdhAp2,0.5263157894736842,27,18,CCTGTAGTTACTGCAAATTG,9,3997982
xdhAp2,0.3684210526315789,24,18,CCTATGCAGCACGCCGAGAC,6,3991069
xdhAp2,1.4210526315789473,44,18,CCGTTTCAAACGATAGAGAT,26,3988688
xdhAp2,0.10526315789473684,19,18,CCGCTGTCGGGTCCGAGAAT,1,4001354
xdhAp2,0.8421052631578947,33,18,CCGCGACTCATGGCTGTCCT,15,4013806
xdhAp2,1.263157894736842,41,18,CAGCTCATTCGAAGTTGCGA,23,3997108
xdhAp2,0.9473684210526315,35,18,CAGACTCGCCGCGTCTCCCA,17,3998159
xdhAp2,2.8421052631578947,71,18,CAAAGCGCTAAACCCCTACA,53,4011991
xdhAp2,0.10526315789473684,19,18,ATTCACGACGATTAGCTGAG,1,4004069
xdhAp2,0.15789473684210525,20,18,ATTATCTTGGCTCAAGATCA,2,4005263
xdhAp2,1.3157894736842106,42,18,ATACACGGTATGAATGCAGG,24,4002542
xdhAp2,0.10526315789473684,19,18,ATACACACAATATTTATCGT,1,3996949
xdhAp2,2.1052631578947367,57,18,ATAAACGCCGTCCTGAACGA,39,3982098
xdhAp2,0.10526315789473684,19,18,AGTCTGTCTAAACACTGGCA,1,3992296
xdhAp2,3.6315789473684212,86,18,AGTCCCGTAGCTCGCTCCAT,68,3990840
xdhAp2,0.21052631578947367,21,18,AGCGACAGTGCCTAGTGCGT,3,3985613
xdhAp2,0.42105263157894735,25,18,ACTTAGCTTACACAGAGTTT,7,3992690
xdhAp2,2.0526315789473686,56,18,ACCTGCCGGATCCGTTACGA,38,4000334
xdhAp2,0.8947368421052632,34,18,AAGGGACGATTGGTATTCGC,16,3983019
xdhAp2,0.7894736842105263,32,18,AAGCCCTTTGCAGTGTAGAC,14,3991939
xdhAp2,0.6842105263157895,30,18,AAAGTGTATTGATATGGCAA,12,4001382
xdhAp2,0.2631578947368421,22,18,AAACAGAAGCTTCCATTTAA,4,3996094
xdhAp2,0.7222222222222222,29,17,TTGATGGAAGCGAGATCAAG,12,4003911
xdhAp2,0.5555555555555556,26,17,TTGAATATACACAATGTACT,9,3984751
xdhAp2,0.1111111111111111,18,17,TTATCCGTTCGATGGTTGAA,1,4000910
xdhAp2,0.16666666666666666,19,17,TTAGGCAAGACAGTCAATTC,2,4004611
xdhAp2,0.6111111111111112,27,17,TGTGCTGCCTCTAAGCACCG,10,3987064
xdhAp2,3.0555555555555554,71,17,TGTATGTTTGACAGGCGTAC,54,3988179
xdhAp2,1.0,34,17,TGGTTAGGTTAGTTTGCTAA,17,3984641
xdhAp2,0.4444444444444444,24,17,TGAGCAGGAGTACATGTCCT,7,4010307
xdhAp2,0.4444444444444444,24,17,TGACTTAGCAATCGCCGGTT,7,4013980
xdhAp2,1.0,34,17,TCTCAAGGGACGTAGTCAAT,17,4013394
xdhAp2,3.4444444444444446,78,17,TCCGGTCTCACCGTCAGCTA,61,3988274
xdhAp2,2.3333333333333335,58,17,GTGAACCGGGTACGATAGGG,41,4003658
xdhAp2,0.1111111111111111,18,17,GTCTGTATGTCTGCTGGCCG,1,3985823
xdhAp2,1.2777777777777777,39,17,GTCTAGCGCGGATTCTATAC,22,3991374
xdhAp2,0.9444444444444444,33,17,GTCCTGCGGCTTATAGGTCC,16,4007610
xdhAp2,1.1666666666666667,37,17,GTAAGCGGGTTACTCAACTC,20,3989667
xdhAp2,0.1111111111111111,18,17,GGTTCGAGTAGCGATCCGGT,1,3988407
xdhAp2,0.16666666666666666,19,17,GGGGTCAATAACTCAGGATG,2,4008030
xdhAp2,0.5555555555555556,26,17,GGGGCGGGTGTGCTACCACG,9,4001781
xdhAp2,0.1111111111111111,18,17,GGGGCACTTAGGAACGCGTA,1,4010010
xdhAp2,0.7777777777777778,30,17,GGCTAGTCCGAAAACGTAAC,13,3992223
xdhAp2,0.8888888888888888,32,17,GCGGACAGTGGGAACGTAAG,15,3997979
xdhAp2,1.3888888888888888,41,17,GCGCATGGTAGGCATCGTCT,24,3992061
xdhAp2,0.7222222222222222,29,17,GATTTGGCTGGGTCCAGGGG,12,3990020
xdhAp2,0.3888888888888889,23,17,GATTGGTACCATGCCTTGCG,6,3989305
xdhAp2,0.2777777777777778,21,17,GAGGACTTAAGTTGAGGCTT,4,3998861
xdhAp2,0.6666666666666666,28,17,GACCGAGGCTGACTCCTGCT,11,4005256
xdhAp2,0.16666666666666666,19,17,GAATGGGGTAGCATCCTCCA,2,4010714
xdhAp2,3.7222222222222223,83,17,CTGGGCTAGCAACCTGCCAT,66,3995752
xdhAp2,1.5555555555555556,44,17,CTGGCCTTTGGGAGTAGGGT,27,4002714
xdhAp2,0.2777777777777778,21,17,CTGATTGGTGCAGTTAATAC,4,3987520
xdhAp2,2.5,61,17,CTCCTCTGTTTACCCTCGGA,44,3982762
xdhAp2,0.7222222222222222,29,17,CTCCCGATATACCTACGTAT,12,3988485
xdhAp2,0.1111111111111111,18,17,CTAACCCTGTGGACAGAATG,1,3987267
xdhAp2,0.1111111111111111,18,17,CGTATCGGCCAGGTATAGCT,1,3991918
xdhAp2,1.2222222222222223,38,17,CGTACTACTATTCTCGTCCA,21,3991234
xdhAp2,1.8333333333333333,49,17,CGGTGAGGTCCGTCTGACGT,32,3986824
xdhAp2,1.6111111111111112,45,17,CGCGGCATTTTATTGTTCAA,28,3983169
xdhAp2,2.7777777777777777,66,17,CGAGGCCATGCGGTAAGCCT,49,3992915
xdhAp2,0.2222222222222222,20,17,CGAAACGCGTCGTAAAATAG,3,3985008
xdhAp2,1.3888888888888888,41,17,CCGGCAGACCTCACCAGGCT,24,3985059
xdhAp2,0.5,25,17,CCGATTTTCAGACAGGTTGG,8,3989766
xdhAp2,0.3888888888888889,23,17,CCATATGGAATAGCAAACAC,6,4006046
xdhAp2,1.2222222222222223,38,17,CATTGTATGATTGGATAGAT,21,3997416
xdhAp2,1.5555555555555556,44,17,CATCCCCTGGAACTCTTTTA,27,3999061
xdhAp2,1.1111111111111112,36,17,CATATCACCAAACGTGACTC,19,3997005
xdhAp2,1.0555555555555556,35,17,CAGTGAATTAAAGAGGTTCG,18,4006160
xdhAp2,0.2222222222222222,20,17,CAGCGGGCTCTCTGATCCTC,3,4003047
xdhAp2,0.2222222222222222,20,17,CACTGCGAAACCCCTTAAAA,3,3999361
xdhAp2,3.0555555555555554,71,17,CACCATTATGGGCTTCGACT,54,3991837
xdhAp2,0.2777777777777778,21,17,CACAACCACTAATAATGTGT,4,3995812
xdhAp2,2.0555555555555554,53,17,CAAGTGAAACACGGAGGGGG,36,4004733
xdhAp2,0.16666666666666666,19,17,ATGGATTCGAATAGCCGTAA,2,4007183
xdhAp2,0.8333333333333334,31,17,ATGAGGTACTCTATTGTCAT,14,3982514
xdhAp2,0.1111111111111111,18,17,ATGACAAAGCAGGCGTGTGA,1,4008979
xdhAp2,0.8333333333333334,31,17,ATCAAGAGCGCCACCAGATA,14,3996731
xdhAp2,0.3333333333333333,22,17,ATATTTTAGACTAACGCGTT,5,4010805
xdhAp2,0.7222222222222222,29,17,ATATAAGTTAATAAGTATGT,12,4005144
xdhAp2,0.1111111111111111,18,17,ATAGTTTGGCCAACGTGTTG,1,3986492
xdhAp2,0.5,25,17,AGGTTTTGAATCAACACACA,8,3994424
xdhAp2,0.1111111111111111,18,17,AGGAATATGGTCCGGCTTAG,1,3998558
xdhAp2,0.5555555555555556,26,17,AGCTTTCGACGGTCCCGGAT,9,3983963
xdhAp2,2.2222222222222223,56,17,AGCTTCTAACGATCGCACAC,39,3997314
xdhAp2,0.1111111111111111,18,17,AGCAAACAGCGCTACTTATG,1,3997056
xdhAp2,0.6666666666666666,28,17,ACCAGTGTGGCATGGATATA,11,3988091
xdhAp2,1.7222222222222223,47,17,ACAGTCTTGTTTTTGTTTTG,30,3994540
xdhAp2,3.4444444444444446,78,17,ACACGTCTTTCTACAGTCTT,61,4001437
xdhAp2,3.0,70,17,AATGGTTGCGTTAGCGGAGG,53,3988764
xdhAp2,3.0555555555555554,71,17,AACGATACGGTTCGGCATTC,54,4008433
xdhAp2,1.2941176470588236,37,16,TTTAGTCTTTGACTACAGGC,21,3993420
xdhAp2,0.7058823529411765,27,16,TTCGCCTGTCTGAGGCAATA,11,3984295
xdhAp2,0.11764705882352941,17,16,TTAGGGTTAAATTTGGCGCT,1,4004826
xdhAp2,0.11764705882352941,17,16,TGTTGCTGAATTGTGTTGCA,1,3989437
xdhAp2,1.0,32,16,TGTTATCCCGGATCCGTGTG,16,3988380
xdhAp2,0.8235294117647058,29,16,TGGTCTATAGGTATGACTCA,13,3989382
xdhAp2,1.7058823529411764,44,16,TGGGAATAGTGTCGCGAAGA,28,3984841
xdhAp2,0.11764705882352941,17,16,TGCCGGCAGTTAGGAATCAA,1,3982063
xdhAp2,0.17647058823529413,18,16,TGATTATAAGAGCAAGAGAT,2,3994384
xdhAp2,4.470588235294118,91,16,TCTGAATTGGGGCGATACCT,75,3990342
xdhAp2,0.7058823529411765,27,16,TCTAGGTTTGGTCTTTGGCT,11,3984642
xdhAp2,0.11764705882352941,17,16,TCGTGTCGTGGAAAGGAGGG,1,3998980
xdhAp2,0.9411764705882353,31,16,TCCACATTAGACCGTAACCA,15,4011904
xdhAp2,0.5882352941176471,25,16,TCATGCGTTTGACGTGATCC,9,4013805
xdhAp2,0.11764705882352941,17,16,TCAGTGGGGAATCTTGCTCA,1,3999711
xdhAp2,0.11764705882352941,17,16,TATGGCCTGTAGCACACAAT,1,4014439
xdhAp2,1.2352941176470589,36,16,TATCTAGATTCATCATAATA,20,3991967
xdhAp2,0.11764705882352941,17,16,TATCACACGGATCGTGCATT,1,4007683
xdhAp2,0.7647058823529411,28,16,TAGGCTTGGCCTCGATCGTA,12,4013075
xdhAp2,0.5294117647058824,24,16,TACTGTTTGGGGGGTGCGTT,8,3990676
xdhAp2,2.588235294117647,59,16,TACCGGTCTACGGCTATGAT,43,4006549
xdhAp2,1.9411764705882353,48,16,GTTCAACTAGGTCTAACTAG,32,4004946
xdhAp2,1.3529411764705883,38,16,GTTAGGTCACCGCCATTCGG,22,3988174
xdhAp2,1.8823529411764706,47,16,GTGCATTCAACTCAGTCGCG,31,4006086
xdhAp2,0.5294117647058824,24,16,GTCTGTGGGGGTTCTGTCTG,8,4006590
xdhAp2,0.11764705882352941,17,16,GTCGGGTCCGATTATCGACT,1,3988429
xdhAp2,1.3529411764705883,38,16,GTCGCGGCACTCGGGTGGCT,22,4002482
xdhAp2,3.3529411764705883,72,16,GTCATCGTTCGTTTTCCTCC,56,3997374
xdhAp2,1.4705882352941178,40,16,GTCAACGGACACGCGCCGGG,24,4000529
xdhAp2,1.8235294117647058,46,16,GTATCGGTTACCCTGTAAGA,30,4000128
xdhAp2,2.1176470588235294,51,16,GTACCACGTTCCGGCACTGC,35,3994195
xdhAp2,0.11764705882352941,17,16,GGGAATCGCAAGACGGGAGA,1,3994861
xdhAp2,0.11764705882352941,17,16,GGGAAAACAAGGAAAAGTGA,1,3986380
xdhAp2,0.11764705882352941,17,16,GGCGGTGTAGAACCTCGTGA,1,4011335
xdhAp2,0.29411764705882354,20,16,GGAGGCATATCTTCGTATAT,4,3990346
xdhAp2,1.7647058823529411,45,16,GGAGCTTAGGGACGATTCTT,29,3990915
xdhAp2,2.0588235294117645,50,16,GCTGCCCAGGTAACATTCTT,34,3988552
xdhAp2,0.7647058823529411,28,16,GCGTGAGTTATCAAGCAATG,12,3996781
xdhAp2,0.6470588235294118,26,16,GCCGCAGGAATGGGTGGTCA,10,4002261
xdhAp2,2.0588235294117645,50,16,GCAGGGATTTTAATTAGATT,34,4003434
xdhAp2,0.5882352941176471,25,16,GATTGTTGGTCATGGATTCC,9,3995413
xdhAp2,1.1176470588235294,34,16,GAATGCGTACCGTAAAGCGG,18,4009641
xdhAp2,0.11764705882352941,17,16,CTTTGCTTAAATTATCATAA,1,3993001
xdhAp2,0.11764705882352941,17,16,CTTAGGGTACACCCCGACGA,1,3999641
xdhAp2,1.2941176470588236,37,16,CTGCTAGTAGTGCCTGCCCT,21,3986124
xdhAp2,1.0588235294117647,33,16,CTCGGGATCACCATATAGAC,17,3989154
xdhAp2,1.6470588235294117,43,16,CTATCTTGTGCCGCAAAGTG,27,3984129
xdhAp2,1.2941176470588236,37,16,CTAGTAAACGCTCTGTGTAT,21,4012751
xdhAp2,1.2941176470588236,37,16,CTACCGTACCCGACCGAGCC,21,3993205
xdhAp2,0.5294117647058824,24,16,CGTACGGTACCAGTCACATG,8,3991449
xdhAp2,0.11764705882352941,17,16,CGGTAGATATCAATGAGCTT,1,4013961
xdhAp2,1.6470588235294117,43,16,CGGGCTCGTGGTCTTTAAGT,27,4011987
xdhAp2,0.11764705882352941,17,16,CGGCGGTTCAGGCCTGGCGA,1,3999340
xdhAp2,0.29411764705882354,20,16,CCGGATACCAGTATATTGGT,4,4009927
xdhAp2,0.11764705882352941,17,16,CCGCAGTCGATTGGGTTCAG,1,3999153
xdhAp2,0.29411764705882354,20,16,CCGATTTTACCTCATAACTA,4,4004360
xdhAp2,0.5882352941176471,25,16,CCAATGAATGCTCTTGCTAT,9,3995903
xdhAp2,0.35294117647058826,21,16,CATACAAGCAGATTCCGTCG,5,3996513
xdhAp2,2.0,49,16,CAGTCGATAACGGGCGGACA,33,3995708
xdhAp2,1.0588235294117647,33,16,CAGAGGCACGACAGCACACG,17,4008616
xdhAp2,0.7647058823529411,28,16,CACTTCGCGTGCATAACCAC,12,3981770
xdhAp2,1.2941176470588236,37,16,CACGGTATACATATCCCACT,21,4007721
xdhAp2,0.4117647058823529,22,16,CACGCAACCCCGCGTCCATC,6,3998970
xdhAp2,2.823529411764706,63,16,CAAAAATGACCAATTTCGTT,47,4011626
xdhAp2,0.5882352941176471,25,16,ATTCAGAAACGATCTGGCAG,9,3988035
xdhAp2,1.2352941176470589,36,16,ATCGTTCCTGTATGTCCAAT,20,4002249
xdhAp2,1.2941176470588236,37,16,ATCATAATAAATGTCTGACA,21,4008111
xdhAp2,2.3529411764705883,55,16,AGTAACTCGGATTGAACACT,39,4006652
xdhAp2,0.11764705882352941,17,16,AGGGGCAAGCACCCAATGGG,1,3995731
xdhAp2,0.8235294117647058,29,16,AGCCGCAGGAAATACGAAAT,13,3986480
xdhAp2,0.5294117647058824,24,16,AGAGGATACACCCCGTCATT,8,4005868
xdhAp2,0.11764705882352941,17,16,ACTGTACCGTTTTCGAAAAA,1,3986238
xdhAp2,0.35294117647058826,21,16,ACTGGAGAAGGAACCTAATG,5,3989183
xdhAp2,1.2941176470588236,37,16,ACGTGGTAGACCAGCATGAC,21,4000614
xdhAp2,2.235294117647059,53,16,ACGCATTTAGGAAATTACTG,37,3991839
xdhAp2,1.0588235294117647,33,16,ACCGTGGAGGCCGCTGTTGA,17,4004001
xdhAp2,2.235294117647059,53,16,ACCATTCATATATCGGGCGA,37,3993632
xdhAp2,0.29411764705882354,20,16,ACAGGAGCCCGAAGCATGCC,4,4006155
xdhAp2,1.4705882352941178,40,16,AATCCATTAGCCCATGTAAG,24,3982929
xdhAp2,0.7058823529411765,27,16,AAATGATTTGGTTACTCAGA,11,4002852
xdhAp2,0.625,24,15,TTTTACAGACGCAGCTCTAC,9,4008665
xdhAp2,0.5625,23,15,TTTGGTCCCTCCACAGTAAG,8,3990196
xdhAp2,1.9375,45,15,TTTCCCGGGGGATCGTGCGT,30,4008241
xdhAp2,0.1875,17,15,TTGTATGCTTATGTACCTAC,2,4001162
xdhAp2,0.125,16,15,TTGCCTGCGACATCGATTTG,1,3986397
xdhAp2,0.5,22,15,TTGCCGGTTATCATTGGGTT,7,3994154
xdhAp2,0.3125,19,15,TTCAGTACCTCGGAAAGTTC,4,4004711
xdhAp2,0.625,24,15,TTCAGACTGTCAGAACCTAC,9,4005002
xdhAp2,1.875,44,15,TGGGTGATAACGACAAGATG,29,3990924
xdhAp2,1.4375,37,15,TGCTTAAATGCGTGCCGCAA,22,3999613
xdhAp2,0.875,28,15,TCGGGATCAGTAACTGTGAT,13,4012368
xdhAp2,0.5625,23,15,TCGGCTGCGTTTTTAGTTTC,8,4004014
xdhAp2,1.25,34,15,TCCATTACCTGCCCTCATTG,19,3990408
xdhAp2,1.1875,33,15,TCCATAGACCAACGTTAAGG,18,3986645
xdhAp2,4.0625,79,15,TCCAACCCGGACCGTTGTTA,64,3989321
xdhAp2,2.25,50,15,TCAGAGCATTGACTTGCGCA,35,3986761
xdhAp2,1.0,30,15,TCAAGTAGTAATTAGTTAAG,15,4007248
xdhAp2,0.8125,27,15,TCAAAGTCTAGCCTGACCCA,12,4001239
xdhAp2,1.875,44,15,TATAGCCCCTGGCACGTTGG,29,4014442
xdhAp2,0.3125,19,15,TAGGCAGCGGTTGGTCAAAA,4,3991572
xdhAp2,0.125,16,15,TACGACCTATTCGAGCGGGT,1,4002104
xdhAp2,1.1875,33,15,TAATGCCCCTTAACTCTGTT,18,3990561
xdhAp2,2.3125,51,15,TAAATAGCAGATTGTATCCT,36,3981550
xdhAp2,2.25,50,15,GTGTAAGGGGGTAGGGGGCA,35,4001296
xdhAp2,0.6875,25,15,GTGCCTACTAAAGCGCTTTG,10,3986820
xdhAp2,1.0,30,15,GTCATCTATGTATTCAAATT,15,3995283
xdhAp2,1.375,36,15,GTATCCCGAATGTCCCTTGT,21,3982383
xdhAp2,1.4375,37,15,GGTTACTTATCTCTATCCTC,22,4004464
xdhAp2,0.5625,23,15,GGTCCTCAAACAAGGGTGGC,8,3999417
xdhAp2,0.1875,17,15,GGTCAACTCGCTCGTCAAGT,2,4000754
xdhAp2,0.625,24,15,GGGTCGGTTTCTGTCAGACC,9,3983851
xdhAp2,0.25,18,15,GGACCGCCGTAAGTATTTAT,3,3997735
xdhAp2,0.1875,17,15,GGAATATTGCTATTTGACCC,2,3994450
xdhAp2,0.375,20,15,GGAAAGCCCCAGGTGTCGAT,5,3988969
xdhAp2,0.125,16,15,GCTCGACACATGTGATTTGG,1,3986597
xdhAp2,1.625,40,15,GCTCACCGATAAGTTAACCT,25,4013437
xdhAp2,0.8125,27,15,GCATTCTAAGGACCCTAACT,12,4008108
xdhAp2,0.75,26,15,GCATTATTAGCAAGCGGTAT,11,4000164
xdhAp2,0.9375,29,15,GCAGGGGTGGACTGTGATTC,14,4014150
xdhAp2,0.3125,19,15,GCAATAGGTACGGAGACAGA,4,3984546
xdhAp2,2.0625,47,15,GATCTGTAATAACTGGGTAA,32,3991155
xdhAp2,0.5625,23,15,GAGTCAGGAGCAGCCGCATC,8,3991921
xdhAp2,0.875,28,15,GAGCTGGTATGTCGGGTAAA,13,3984663
xdhAp2,0.5,22,15,GACTTCACGAGCCTCGCGTG,7,4007340
xdhAp2,2.625,56,15,GACCAGAGTGAAGACTCGCA,41,4001259
xdhAp2,1.8125,43,15,GACAAGATAGGTTGAGTCCT,28,4014184
xdhAp2,0.5,22,15,CTTGGGCCGCTGCACATGAC,7,3997159
xdhAp2,0.875,28,15,CTTCGCGGAACGCTTGTTTG,13,3996409
xdhAp2,1.3125,35,15,CTGCAGAAGGAGGGAACAGT,20,3987640
xdhAp2,0.375,20,15,CTCGCTACATCTGTGCCTCG,5,3986260
xdhAp2,1.8125,43,15,CTAATCTTAGGTCGCTGCGG,28,4006621
xdhAp2,0.3125,19,15,CGTGAGCCTGTGGTTTATAC,4,4003391
xdhAp2,1.25,34,15,CGGGAATCCCCATATGTCAG,19,3990677
xdhAp2,0.9375,29,15,CGGCCCCCGCGGTGAACAAA,14,4004278
xdhAp2,0.3125,19,15,CGAGGTAACAAGGGACGAGA,4,4004126
xdhAp2,0.9375,29,15,CCTTAATTTAGGCATCGCAG,14,3993635
xdhAp2,3.0,62,15,CCTGGCCAAACATTTGCCTT,47,3984959
xdhAp2,1.0,30,15,CCTCCCGTGTTACGGGTGAA,15,4010651
xdhAp2,0.25,18,15,CCGGACCAGGCATCACCCGT,3,3982011
xdhAp2,3.0625,63,15,CCCATTTTAAAGACGATATG,48,3996210
xdhAp2,2.875,60,15,CATGGGACTGGCCTAGCGAT,45,4008721
xdhAp2,0.6875,25,15,CATCGCAGTATAGAGATTCA,10,3998637
xdhAp2,0.125,16,15,CAGGAGCGGCCTAAATATTA,1,4007617
xdhAp2,0.6875,25,15,CACGCGTCCTAGTTTAACTC,10,4001596
xdhAp2,0.875,28,15,ATGGGCGTTTGCTAACCCAC,13,4013941
xdhAp2,0.4375,21,15,ATGGCCGTGTCCTGAACGTT,6,3994582
xdhAp2,0.5625,23,15,ATGCACTTGCGCCCCATTCC,8,4011728
xdhAp2,0.5,22,15,ATCGGGGCGGTAGTTAACAC,7,4000622
xdhAp2,1.5,38,15,ATCCGCCTTACAGGGTTTTT,23,4013227
xdhAp2,1.8125,43,15,ATCCAGGTCTAGACAGGAGA,28,3996367
xdhAp2,0.5625,23,15,ATATCAATAAAAGTTACTCT,8,3991618
xdhAp2,0.125,16,15,ATAGTGGTACTTGGTAAACC,1,3996323
xdhAp2,1.0,30,15,ATAAAAACAGTACATGCCTT,15,4010655
xdhAp2,0.6875,25,15,AGGTCACCGCCGCGCTCATG,10,4006092
xdhAp2,0.125,16,15,AGATATTCAGGGTAGTATAG,1,3992792
xdhAp2,0.9375,29,15,ACGGGATCAATGTTCCGTCT,14,4006511
xdhAp2,0.875,28,15,ACCCGGCTTGCTGAGAACCT,13,3985416
xdhAp2,5.8125,107,15,ACCATCTCTCCACGCAACGA,92,4005723
xdhAp2,0.125,16,15,ACATGGTCATACGCCTTGTT,1,3995073
xdhAp2,2.25,50,15,ACAACTCCTAGTTTTGTGAG,35,3998791
xdhAp2,0.4375,21,15,AATAGCTCAGCCCTGTGGTA,6,3999912
xdhAp2,0.6875,25,15,AAGGACCCAAGCGACATAAC,10,3982793
xdhAp2,1.125,32,15,AACTTTAACTGGCCTGCTTG,17,4013835
xdhAp2,0.3333333333333333,18,14,TTTTTTGTATGATCGAGCGA,4,4014255
xdhAp2,1.3333333333333333,33,14,TTTAACTCTCAAGTGGCAGC,19,4011309
xdhAp2,1.3333333333333333,33,14,TTGTCCGCGGGAGGTACGAA,19,3991452
xdhAp2,0.4666666666666667,20,14,TTGCTAACCCCGTCCCTTAA,6,4010752
xdhAp2,1.9333333333333333,42,14,TTGCCTCCTTTCCCATGCCC,28,3989842
xdhAp2,1.0,28,14,TGTGCGCCGCGGAGCCTTGA,14,3989043
xdhAp2,0.13333333333333333,15,14,TGTAATTCAGGCTGGAGCGG,1,3996330
xdhAp2,0.13333333333333333,15,14,TGGTGGACAATACATGAGCT,1,4014310
xdhAp2,0.4,19,14,TGATGTTAATTAACGCGGTC,5,3996955
xdhAp2,1.1333333333333333,30,14,TGAGCCTCACCCGCTCAGGG,16,3984890
xdhAp2,0.8,25,14,TGAAGCCTTCGGTCGTTTCT,11,3993191
xdhAp2,0.13333333333333333,15,14,TCTCTGGGATCTTAGAACTA,1,4002823
xdhAp2,1.8666666666666667,41,14,TCGTCGAGGAGTTTCGTATA,27,3985863
xdhAp2,4.066666666666666,74,14,TCCGATCCGAAATCGAGTCT,60,4009088
xdhAp2,0.2,16,14,TCAGCCCAGCTATTGAGGGG,2,3981744
xdhAp2,1.7333333333333334,39,14,TCACTCTACCGCCAGGGTAG,25,4013523
xdhAp2,0.6,22,14,TCAAGCTTTAAATTGCTCTT,8,4007385
xdhAp2,0.4,19,14,TATTGAGCTTTACTCGGACG,5,3997126
xdhAp2,3.2666666666666666,62,14,TACAGAATCCGTGTGGAAGT,48,3991591
xdhAp2,2.1333333333333333,45,14,GTTCTGCGAGGACGTTCAAC,31,4002761
xdhAp2,3.8,70,14,GTGTTTCGATCGGGCTTGTA,56,3994592
xdhAp2,0.26666666666666666,17,14,GTGACCTATGGCTGCACGTT,3,3993709
xdhAp2,0.13333333333333333,15,14,GTCCTGAACAGTGGGGTTTG,1,3989924
xdhAp2,0.3333333333333333,18,14,GTACTACACGGCGCAGGAGT,4,4001511
xdhAp2,0.26666666666666666,17,14,GGTGTATTCCTGGTGGGGAA,3,4006008
xdhAp2,0.8666666666666667,26,14,GGTGGGTATACCCGTCTAAT,12,3985390
xdhAp2,1.8,40,14,GGTACTGACAAAAAGCTTCG,26,4007646
xdhAp2,0.6666666666666666,23,14,GGGTACGGCATGTAAAGCTG,9,4011133
xdhAp2,0.3333333333333333,18,14,GGGCTGTCTCACGATTGCTT,4,4000825
xdhAp2,0.7333333333333333,24,14,GGGCAGCGCACCCGGGTAGC,10,3984775
xdhAp2,0.2,16,14,GGGAATTGAGGAGCCGGCAT,2,3987775
xdhAp2,4.133333333333334,75,14,GGCCTAGGTGACCGCACGCG,61,3989786
xdhAp2,0.5333333333333333,21,14,GGCAGACAAGCGAGTCTCTA,7,3995362
xdhAp2,1.5333333333333334,36,14,GCTGATACCGTTTGAGGAAT,22,4009767
xdhAp2,0.6666666666666666,23,14,GCGGAAATCTCTTCTGTAAG,9,4005522
xdhAp2,0.9333333333333333,27,14,GCGCGAATTGGGTCCAGGCC,13,4006236
xdhAp2,1.0666666666666667,29,14,GAGGGGAGTTTTCTAGACGA,15,3987662
xdhAp2,0.4,19,14,GAGCTCCCCCTCAGCGTGTT,5,3984380
xdhAp2,1.5333333333333334,36,14,GAGCAGCAATACAGATCATT,22,3994441
xdhAp2,0.3333333333333333,18,14,GAGCACTTCCTAGGGTCTGT,4,4005720
xdhAp2,2.0,43,14,GACCGCCGACAGTTCCCGAC,29,4009016
xdhAp2,0.8666666666666667,26,14,CTCGGGAATATGGCACACAT,12,3991202
xdhAp2,4.466666666666667,80,14,CGGTTTCAGATTAACCACTA,66,3987928
xdhAp2,0.6,22,14,CGGTTGGCCGGTGCTTGACC,8,3997575
xdhAp2,0.2,16,14,CGCATTTTAGGTTAAGTTTG,2,3997069
xdhAp2,3.6,67,14,CCTGCCAGAAAGCCCAACAC,53,4010926
xdhAp2,1.0666666666666667,29,14,CCGGTCCTGGCCCACAAGAT,15,3999010
xdhAp2,0.26666666666666666,17,14,CCGCCCGGATGCAAGCCAAG,3,4013913
xdhAp2,2.066666666666667,44,14,CCCGGACTCTCCGTGACGAT,30,3990883
xdhAp2,0.6666666666666666,23,14,CATTATACGGGTCAACGCAA,9,4010991
xdhAp2,0.4,19,14,CAGTCACCGAGGCGCGAGGA,5,4004407
xdhAp2,1.4,34,14,CAGGTTAGAGAACGAAGACT,20,3987344
xdhAp2,3.066666666666667,59,14,CAGAGACTTACATTACGATC,45,3999266
xdhAp2,1.0,28,14,CAAGTGGGCTTTTGCCTTTT,14,3995605
xdhAp2,2.2666666666666666,47,14,CAAGTCTCAGGAGGCCATTA,33,3986751
xdhAp2,0.8,25,14,CAACTGTCTAGTGTGCCCCA,11,4002982
xdhAp2,0.13333333333333333,15,14,CAAACCGGTGTGCTCAGTGT,1,4014270
xdhAp2,0.4666666666666667,20,14,ATTGGGGGGACATATGAGTA,6,3993944
xdhAp2,1.0,28,14,ATTGGATAGTCTGAATTGTG,14,3995516
xdhAp2,0.9333333333333333,27,14,ATTCTGGGTATCGCGTAAGA,13,3990794
xdhAp2,0.2,16,14,ATTATCTGTAATCAAGAAGA,2,4013487
xdhAp2,0.8,25,14,ATGGTGGGTTACATGGTATC,11,3996942
xdhAp2,0.6666666666666666,23,14,ATGAGAGGGCCAGCCGTTGA,9,3990163
xdhAp2,0.26666666666666666,17,14,ATATCGACCAAGAGGTGGAA,3,4011042
xdhAp2,1.2,31,14,ATATCAGACTTCTGCTTATT,17,3998601
xdhAp2,0.4666666666666667,20,14,ATATAAAACAGTCGCATGGT,6,3995888
xdhAp2,0.2,16,14,ATAGTCCAATCCACTGGTGA,2,3986318
xdhAp2,0.13333333333333333,15,14,ATAAGAGCTCGTCAGACCTA,1,4004172
xdhAp2,0.2,16,14,AGGTGACTGATCGGCAAGTA,2,4001498
xdhAp2,0.6666666666666666,23,14,AGCCCCAGTAGACGACCTCA,9,3996398
xdhAp2,3.6666666666666665,68,14,AGCCAGCGTGCTAATTAAAT,54,4008641
xdhAp2,1.4666666666666666,35,14,AGACAATTCGGTGACATGGG,21,3998126
xdhAp2,0.13333333333333333,15,14,ACTTGATCAGTCAGATTCTC,1,3992339
xdhAp2,0.13333333333333333,15,14,ACTTAAGAGCCAAGCCATCA,1,4000015
xdhAp2,0.6,22,14,ACGTCTTAGTGCTACGAAGA,8,3997351
xdhAp2,0.7333333333333333,24,14,ACGCTTTCGGGGGAAACTGA,10,4003727
xdhAp2,3.2666666666666666,62,14,ACCGGTGCCCGCTTTCCATG,48,4008784
xdhAp2,0.13333333333333333,15,14,ACCAGCGCCTCCTCACCGTT,1,3997313
xdhAp2,1.4,34,14,ACAGTAATACGGGTGATGGT,20,4004669
xdhAp2,1.1333333333333333,30,14,ACAGCCTGGAGTATGCAGAA,16,3985702
xdhAp2,0.13333333333333333,15,14,AAGATGTAGGCGAATTTTAG,1,3984122
xdhAp2,2.2,46,14,AACTCGCACTCTGTATACGG,32,3996086
xdhAp2,0.3333333333333333,18,14,AACATCGTACCACGTTTTAA,4,4008301
xdhAp2,0.13333333333333333,15,14,AACATACGGATTTACTACCA,1,3999812
xdhAp2,0.13333333333333333,15,14,AAAGTCGCGGTATGTGTAAT,1,4004471
xdhAp2,1.0,28,14,AAACTCATTAACTCCCCTGA,14,3992720
xdhAp2,0.13333333333333333,15,14,AAACTAAGAGCGTTTGAGGC,1,3993805
xdhAp2,0.14285714285714285,14,13,TTTTTGAAAAGGTGACCATT,1,3995191
xdhAp2,1.5714285714285714,34,13,TTTTACTATATTGTGAACCT,21,3984664
xdhAp2,0.5714285714285714,20,13,TTGAATTCGGGGAATCTCGC,7,3987492
xdhAp2,1.2857142857142858,30,13,TTCTTGACAGGGATCATAAC,17,3994102
xdhAp2,2.5,47,13,TTCGTGCCGGACTGGGCGCA,34,4000041
xdhAp2,0.21428571428571427,15,13,TTCGGTACTTTCAAGTTGTC,2,3989467
xdhAp2,1.0714285714285714,27,13,TTCAGACTCAGCACCAACAA,14,4007800
xdhAp2,2.0714285714285716,41,13,TGTTAGAGGTGGTTCGGTTA,28,3983030
xdhAp2,3.142857142857143,56,13,TGTGATCTTGGTTCACTCCA,43,4006827
xdhAp2,0.7857142857142857,23,13,TGTCTGGGAGAAACGGAGAG,10,3991381
xdhAp2,1.0,26,13,TGTAAGAAATTATGCGACTG,13,3988343
xdhAp2,0.21428571428571427,15,13,TGGGGCTGTTAGAGCTGGCT,2,4007533
xdhAp2,2.7857142857142856,51,13,TCTTTATTTGGACCGGGGGT,38,3998552
xdhAp2,1.3571428571428572,31,13,TCTTCTGCTACTCTCTCTGA,18,4001712
xdhAp2,0.42857142857142855,18,13,TCTATGTGCCAACTTATTCA,5,4001414
xdhAp2,1.6428571428571428,35,13,TCCACTCTCTCCACGTGCGT,22,3988163
xdhAp2,1.0714285714285714,27,13,TCAGTCCTCTTTCACCGGAG,14,3998173
xdhAp2,0.6428571428571429,21,13,TCAAAACGAATATCCACCAG,8,3988782
xdhAp2,0.35714285714285715,17,13,TATCGCTGTCTTATCGTTCC,4,4003396
xdhAp2,0.14285714285714285,14,13,TATAGGCTGAACGCGGGTAA,1,3984279
xdhAp2,0.35714285714285715,17,13,TAGATCGCATCCCATTGCGG,4,3993532
xdhAp2,1.4285714285714286,32,13,TAGACTCGCGCGCAAGTCAA,19,4009207
xdhAp2,0.5714285714285714,20,13,TACGTCCCGGGGTTCTTGTA,7,3985048
xdhAp2,2.357142857142857,45,13,TACAGCTCGAAACAGGTACG,32,3985079
xdhAp2,1.7142857142857142,36,13,TAATGAGCCTAGGTAAAAAA,23,3990158
xdhAp2,3.4285714285714284,60,13,GTTTCTTCGAGATGCAGGAG,47,4013658
xdhAp2,0.21428571428571427,15,13,GTTTCGCTGATAATACATGT,2,3994105
xdhAp2,0.8571428571428571,24,13,GTTTAGTTATCGTATAGAGT,11,3998690
xdhAp2,0.21428571428571427,15,13,GTGTAACGACACATATCGGC,2,3995287
xdhAp2,1.1428571428571428,28,13,GTGCCTCTCGTGCTAGTGAT,15,4010646
xdhAp2,0.5714285714285714,20,13,GTGCCGGCCGTAAACTGTTG,7,4007604
xdhAp2,1.4285714285714286,32,13,GTGCAGCGGCATATGGAAAG,19,3984384
xdhAp2,0.14285714285714285,14,13,GTAAACCCTCGTCCGCTGTG,1,4008393
xdhAp2,1.1428571428571428,28,13,GGTCCTGTTCCGCTTGTGAC,15,3986098
xdhAp2,3.2857142857142856,58,13,GGCAAATTAGCCCATCGGCC,45,3999051
xdhAp2,2.5714285714285716,48,13,GCTGGGGACAAACGCGCAGT,35,3989643
xdhAp2,0.42857142857142855,18,13,GCGTGCTTCTATTACTCCTC,5,3988687
xdhAp2,0.5714285714285714,20,13,GCGCAGGCCCGCGAATCGGT,7,3996769
xdhAp2,0.7142857142857143,22,13,GCCGCTGCCTTTGTCAAGGA,9,4001696
xdhAp2,0.9285714285714286,25,13,GCATCCCCTCCAGTGTTACA,12,4014046
xdhAp2,2.2857142857142856,44,13,GAGTGTAGAGTAATCGGTTG,31,4000693
xdhAp2,0.14285714285714285,14,13,GAGTGGCGCGCGAGATCAGC,1,3999826
xdhAp2,0.5,19,13,GAGGGACCGCTAGTTGGAGA,6,3992999
xdhAp2,0.8571428571428571,24,13,GAGACAGCCCCGACTCAGAC,11,3991776
xdhAp2,2.2142857142857144,43,13,GACTCCGTCAGTCTTAGGCT,30,3996934
xdhAp2,1.5,33,13,GACTCACACTAAAGTTTGTT,20,4013841
xdhAp2,0.7142857142857143,22,13,GACGAGTTATGCAAGGGTTG,9,3995458
xdhAp2,0.2857142857142857,16,13,GAATAAGGGAGGTAAAATTA,3,4013216
xdhAp2,1.2857142857142858,30,13,GAAGGTCCGGATGATCGGCT,17,3990517
xdhAp2,0.21428571428571427,15,13,CTTTTCCGCCCGGGACCCAA,2,3992919
xdhAp2,0.14285714285714285,14,13,CTGATTCATGAACGTTTTTG,1,4004499
xdhAp2,1.3571428571428572,31,13,CTCTTTTCGTTGATGTTCAC,18,3986916
xdhAp2,0.5,19,13,CTATGCGGAGGTGTAATAGT,6,3983156
xdhAp2,0.14285714285714285,14,13,CTAGTAGTGTATGTCAGGGT,1,4014157
xdhAp2,0.9285714285714286,25,13,CTAGACTAATCACCGCGGAG,12,4009327
xdhAp2,0.2857142857142857,16,13,CGTTCACAACAAATATATGA,3,3994370
xdhAp2,0.7142857142857143,22,13,CGTAAGGTGTTAATGGAGCC,9,3982759
xdhAp2,1.0,26,13,CGGGGTATTAGAACGAGGCC,13,3997149
xdhAp2,2.9285714285714284,53,13,CGCTCTTTCACCCCTTGTAA,40,3989474
xdhAp2,1.5,33,13,CCTTCCACAACACCAATTGC,20,3988754
xdhAp2,1.7142857142857142,36,13,CCTCGAAAAGTCCACATAGT,23,4013457
xdhAp2,0.8571428571428571,24,13,CCGGTGTGTCCCCATACCTC,11,3987902
xdhAp2,0.42857142857142855,18,13,CCCTCGGAATCATATTACCG,5,3994139
xdhAp2,4.357142857142857,73,13,CCCGAGGAACGCCTAGGAGC,60,3996275
xdhAp2,0.35714285714285715,17,13,CCCAAAATACGTCGAATGAT,4,4012489
xdhAp2,1.1428571428571428,28,13,CCATTCGGCGGAGTAGGCCT,15,4012004
xdhAp2,1.6428571428571428,35,13,CCAGATATATGCCGAAACAT,22,3986566
xdhAp2,0.42857142857142855,18,13,CCACGGTTTGCACACCATAG,5,3998241
xdhAp2,0.14285714285714285,14,13,CCAATCGAGTGAGCGCGAAA,1,3987609
xdhAp2,2.642857142857143,49,13,CCAACGGACGTTTACGTATC,36,4008137
xdhAp2,1.8571428571428572,38,13,CCAACGAGGCTCATTTTTCT,25,3984011
xdhAp2,1.5,33,13,CATGACCTTAATGCTTGGTA,20,4013455
xdhAp2,0.5,19,13,CAGTACGAAGATGCGGGCGT,6,4009144
xdhAp2,2.7142857142857144,50,13,CAGCTTCAGCTACAGCGGAT,37,4013617
xdhAp2,0.42857142857142855,18,13,CAGACCAGAGGCCTAAAGTG,5,3997602
xdhAp2,0.5,19,13,CACGGTGGTCCCGAGCGGCA,6,4001553
xdhAp2,0.14285714285714285,14,13,CACAGCAACGCCTCTTCGCA,1,3987669
xdhAp2,0.7857142857142857,23,13,CAACCGCTGTTGCTCCAGAA,10,3998370
xdhAp2,3.4285714285714284,60,13,CAACAGGGAGGAGCGCGGGA,47,3983003
xdhAp2,0.14285714285714285,14,13,ATGTAAAGCATCGTTGAAGA,1,4000042
xdhAp2,14.071428571428571,209,13,ATGGCAGAAATGTAACAGCA,196,4002547
xdhAp2,2.357142857142857,45,13,ATGCCTGCGTCTATGGACGT,32,4012849
xdhAp2,2.142857142857143,42,13,AGTTGCGTTACCTCGACCTC,29,3997505
xdhAp2,0.7857142857142857,23,13,AGTGGATGGGTACCATCGTG,10,3995663
xdhAp2,0.6428571428571429,21,13,AGGGATCGTTGTTCACGCTT,8,4004935
xdhAp2,0.21428571428571427,15,13,AGGCCGCAGTAGTAGCGTCT,2,3991198
xdhAp2,2.7857142857142856,51,13,AGCTTGAGGGCGCCTACTAT,38,4003937
xdhAp2,1.0714285714285714,27,13,AGCGTATGGGCTCGACGGCC,14,3995427
xdhAp2,0.5,19,13,AGCCCCTCGTCCGGCCCCTA,6,4004762
xdhAp2,0.21428571428571427,15,13,AGCAAGGCCAGCCACCTTTA,2,3996649
xdhAp2,2.857142857142857,52,13,AGATTTGGGGGCCATCCGTG,39,3992177
xdhAp2,1.7142857142857142,36,13,AGATCCTCTAAAGGCACGGA,23,3999086
xdhAp2,2.0,40,13,ACTCAGTTGAATATTGCGGT,27,4004299
xdhAp2,3.0,54,13,ACTACTGCAAGGCTTACCCT,41,4005908
xdhAp2,0.14285714285714285,14,13,ACTAAAGAAGATCGTCGGCC,1,3992633
xdhAp2,0.5,19,13,ACGCGAACCACCTGAGATAG,6,3994150
xdhAp2,1.6428571428571428,35,13,ACCATCGCGTGCCACAAGCT,22,3993812
xdhAp2,2.7142857142857144,50,13,ACAATCAGTGGCCATCCCCG,37,3984567
xdhAp2,2.5,47,13,AATTAGGGACATCACCTATC,34,4003427
xdhAp2,0.21428571428571427,15,13,AATGCAATTGATTGATCGCG,2,3990154
xdhAp2,3.142857142857143,56,13,AAGATGTCCGGGTACATTAA,43,3994319
xdhAp2,1.2857142857142858,30,13,AAGATGCTACGCATATCGGT,17,4014354
xdhAp2,2.142857142857143,42,13,AACACCGCCCGTTAGAGCGT,29,4012345
xdhAp2,2.642857142857143,49,13,AAATAGGAATCTGAGAAGTC,36,3988409
xdhAp2,1.2857142857142858,30,13,AAACGTGTAAAGAGATGGAA,17,3990495
xdhAp2,2.230769230769231,40,12,TTTGCCCTACGAGGTGTCCA,28,3985681
xdhAp2,0.3076923076923077,15,12,TTTATTGGAGTCCACCTTCA,3,4002515
xdhAp2,1.3076923076923077,28,12,TTGATCACTTGAGATGCATC,16,3988414
xdhAp2,1.0769230769230769,25,12,TTCGGCTGTCGCCCCAACGA,13,3993213
xdhAp2,0.7692307692307693,21,12,TTCACTACCACCGAGGCAGT,9,3981991
xdhAp2,1.2307692307692308,27,12,TTCAACCCAAACGACTCCCA,15,4012393
xdhAp2,2.6153846153846154,45,12,TTAGCAACTCTCCCTTAAAG,33,3985600
xdhAp2,0.15384615384615385,13,12,TTACTGCCCCGTAGTTGACA,1,3982122
xdhAp2,0.15384615384615385,13,12,TTAATTCCCTCTATCTCGAC,1,3984667
xdhAp2,1.0769230769230769,25,12,TTAAATCCCCTGTAGAGGTG,13,4011016
xdhAp2,0.6153846153846154,19,12,TGTTAGGTGGCCCCGCCAAC,7,4004763
xdhAp2,0.15384615384615385,13,12,TGTGTAAGGTCGAGGAGCAT,1,3992109
xdhAp2,0.46153846153846156,17,12,TGTGGTACACGGGGATTAGA,5,3993396
xdhAp2,0.3076923076923077,15,12,TGTGGAGATAGAGATAGTCG,3,3995606
xdhAp2,1.6923076923076923,33,12,TGTAACGGTACAACCGTTGT,21,4010970
xdhAp2,2.0,37,12,TGCTTAAATATACGTCCCCT,25,3984894
xdhAp2,0.15384615384615385,13,12,TGCAACCGCGCACGCATTCC,1,4006280
xdhAp2,0.5384615384615384,18,12,TGACGCGTGTAGACGTACCT,6,3997981
xdhAp2,0.46153846153846156,17,12,TCGCGGGCGACCTAAACGTT,5,3981887
xdhAp2,1.7692307692307692,34,12,TCCTCGGCGTGTAAGTTAAA,22,3997107
xdhAp2,2.6153846153846154,45,12,TCCGCGAGCATAGTGCAGGA,33,4013665
xdhAp2,2.230769230769231,40,12,TCCATAGTAAACAATCCCAT,28,4013170
xdhAp2,0.23076923076923078,14,12,TCATGGTTTCAAATCACCTC,2,4006622
xdhAp2,0.7692307692307693,21,12,TCAGGCTTGTATTCCGACTC,9,3989107
xdhAp2,2.076923076923077,38,12,TCAGGAACTGTCGTCGAGCC,26,3986646
xdhAp2,0.7692307692307693,21,12,TCACTCATCCTATTTTCGGC,9,3994952
xdhAp2,0.15384615384615385,13,12,TCACCTCTAGTACCATTCAG,1,4012696
xdhAp2,3.076923076923077,51,12,TCACCCATGCTAGGAAGATT,39,3997700
xdhAp2,1.7692307692307692,34,12,TCAAATGTGGTTCTACGTCT,22,3990516
xdhAp2,0.46153846153846156,17,12,TATCTGAACATTTGTCACGC,5,3982478
xdhAp2,3.3846153846153846,55,12,TAGGCGTTATCCCTGGGTCC,43,4013071
xdhAp2,0.38461538461538464,16,12,TAGCGAGGTGAGGCACGCAA,4,4003025
xdhAp2,0.9230769230769231,23,12,TACGGGAGCCTTAAGGCACC,11,3984132
xdhAp2,4.076923076923077,64,12,TACGCTTCACAGATAGGGAA,52,3989425
xdhAp2,3.1538461538461537,52,12,TACCATCTCCACGGTTTACT,40,4001393
xdhAp2,1.9230769230769231,36,12,TACATAGGCGCAGGTATGCA,24,3997164
xdhAp2,2.8461538461538463,48,12,TACAATTGCCGCATCGACCA,36,4006850
xdhAp2,0.46153846153846156,17,12,GTTTCAGACGCTCGTCGTCC,5,3985389
xdhAp2,0.15384615384615385,13,12,GTTCTACATGTAGCGGGATC,1,3984091
xdhAp2,0.6923076923076923,20,12,GTTAATGTTCAGCTCCGCCT,8,4009568
xdhAp2,1.3076923076923077,28,12,GTGTAACCTTTCACGGAATT,16,4004124
xdhAp2,1.3076923076923077,28,12,GTCGATTCTAAGCCTGATTC,16,3994712
xdhAp2,0.38461538461538464,16,12,GTCCACAGCATACGACGTGT,4,4005141
xdhAp2,0.23076923076923078,14,12,GTACCATTAAACGTTTTCGT,2,3984056
xdhAp2,3.923076923076923,62,12,GGTGGGACTTAGGACGCTTA,50,4012110
xdhAp2,0.7692307692307693,21,12,GGTCGCACTCAATAAGATCG,9,4003992
xdhAp2,1.1538461538461537,26,12,GGGTCAGCAAATTTTCCCTC,14,4007217
xdhAp2,0.3076923076923077,15,12,GGGCGATCAGTGTATGTCTG,3,4003429
xdhAp2,0.23076923076923078,14,12,GGGCGACAGGGTTATCACTT,2,4008068
xdhAp2,0.15384615384615385,13,12,GGCAGAGTTTCATTGAACGA,1,3989451
xdhAp2,6.230769230769231,92,12,GGACAGGCCCGTCTTTGATT,80,3987516
xdhAp2,2.076923076923077,38,12,GGACACTCCGTTCAACGACG,26,3987220
xdhAp2,0.15384615384615385,13,12,GCTTCCATCCTGCCTCGCCC,1,3988182
xdhAp2,0.23076923076923078,14,12,GCTTAGGGGTAGCAGCAAAG,2,4004097
xdhAp2,0.23076923076923078,14,12,GCTCTCTAAGTTCAGGTTCC,2,3996242
xdhAp2,3.3846153846153846,55,12,GCTCTACACAGTGTGGGGTG,43,3995996
xdhAp2,1.2307692307692308,27,12,GCTCCCGCGTTAACCGGCCC,15,3991676
xdhAp2,0.8461538461538461,22,12,GCCCCCCATAAGAAGATTTA,10,3991098
xdhAp2,0.6153846153846154,19,12,GCAGGCCGGAGTCTACGTTG,7,3986484
xdhAp2,1.5384615384615385,31,12,GCACCGGTGCCCTCCTCGCT,19,3998298
xdhAp2,0.23076923076923078,14,12,GAGTACAGAGTGAACACGCT,2,3991232
xdhAp2,2.6923076923076925,46,12,GAGGACAAGCTGAATTCAGG,34,3987943
xdhAp2,4.3076923076923075,67,12,GAGACATCGAAAACTCGCTA,55,3989856
xdhAp2,1.2307692307692308,27,12,GACTCGAGCTTGGCCAACTC,15,4004921
xdhAp2,0.23076923076923078,14,12,GACTCATGAAGGCAAACGGT,2,4003933
xdhAp2,2.5384615384615383,44,12,GACGTTAGTTCCAAGTCTCT,32,4005528
xdhAp2,1.0,24,12,GACCTGCTAGTACGGCGGCA,12,3982312
xdhAp2,1.6923076923076923,33,12,GACCGAGGTAGAGTCTGCCC,21,3983300
xdhAp2,3.6923076923076925,59,12,GAATCATTATGGTACAAGTT,47,4012426
xdhAp2,0.6923076923076923,20,12,GAAACCCTAAACGGATCCTC,8,3989812
xdhAp2,1.5384615384615385,31,12,CTTTCTAGCGCATATGGCAA,19,3990861
xdhAp2,1.0,24,12,CTTCGGGGAGCCCACTCCAA,12,3998580
xdhAp2,1.6923076923076923,33,12,CTTACCTGGTTGATCGCAGA,21,3984400
xdhAp2,2.4615384615384617,43,12,CTGCGGGGGCTATAGTACCA,31,4007755
xdhAp2,0.3076923076923077,15,12,CTGAGGGGGTGTGACTAGAC,3,4000974
xdhAp2,0.7692307692307693,21,12,CTCTTGGGTAAGCTCCGCCC,9,4001491
xdhAp2,1.2307692307692308,27,12,CTCTGCAGCCAGGGGAGAAC,15,4002284
xdhAp2,1.0769230769230769,25,12,CTCTAGCAATGTCCGGGCTC,13,3996165
xdhAp2,0.9230769230769231,23,12,CTATCATTCCAGTCTTCAGT,11,3993832
xdhAp2,0.6153846153846154,19,12,CTACCCGGGTGGACACGCCT,7,4013289
xdhAp2,0.46153846153846156,17,12,CGTTGGGTTCCAGAGGGACG,5,3981604
xdhAp2,0.15384615384615385,13,12,CGTGGGGTTGTTGCTCAGGG,1,4002483
xdhAp2,0.38461538461538464,16,12,CGGATGTTGTTTTGGGACGC,4,3997464
xdhAp2,2.923076923076923,49,12,CGGAAAGGGTCATCTTAATA,37,4006111
xdhAp2,0.38461538461538464,16,12,CGATGAGCTACCCGCTTTGC,4,3990119
xdhAp2,2.076923076923077,38,12,CGACGGTGTGTAGAGATAGC,26,3983214
xdhAp2,0.8461538461538461,22,12,CCTATCAGTACCGGTCGGCT,10,4012120
xdhAp2,0.23076923076923078,14,12,CCATGATTGATGCCCCGAAA,2,3992005
xdhAp2,0.15384615384615385,13,12,CCATCCGTTAGTTAAAGGTG,1,3982833
xdhAp2,0.46153846153846156,17,12,CCAAGGCGAGACTAGGACCG,5,3999671
xdhAp2,1.1538461538461537,26,12,CCAACACGCCCGGTGGGAAA,14,3983435
xdhAp2,2.769230769230769,47,12,CATACTCACTATTAACTTAC,35,3984839
xdhAp2,3.4615384615384617,56,12,CAGCGTGCGTGTTATCGGTT,44,3983562
xdhAp2,0.15384615384615385,13,12,CACTGTACCCCATACTGCTA,1,3993631
xdhAp2,4.769230769230769,73,12,CAATCGGCTTTGCTAGTTCG,61,4003002
xdhAp2,1.0769230769230769,25,12,CAATCCGGAATGTGGATATA,13,4000892
xdhAp2,0.15384615384615385,13,12,CAAGAGTCAGAGGACGCCTT,1,3983222
xdhAp2,0.6153846153846154,19,12,CAAGAATGCAAGGGTTTGTG,7,4004584
xdhAp2,1.5384615384615385,31,12,ATTGCCGGTCGCCAGTAACT,19,3996327
xdhAp2,0.23076923076923078,14,12,ATTAGACCGTGGATAACATT,2,3989364
xdhAp2,0.9230769230769231,23,12,ATGTGGCGGCACTCTAGGTA,11,4003692
xdhAp2,0.3076923076923077,15,12,ATCATGGTTAAGCTCGCGCT,3,4011586
xdhAp2,4.461538461538462,69,12,AGGGGGGTGATGGGTCGCAA,57,3984461
xdhAp2,0.9230769230769231,23,12,AGGCTGCTTGGTCGTAATGG,11,3982800
xdhAp2,5.0,76,12,AGGAGCACACACATTGGAGA,64,3982945
xdhAp2,0.15384615384615385,13,12,AGCGGCCTGAACGGTCACCA,1,3991603
xdhAp2,1.0769230769230769,25,12,AGCGCGTAGTCCAAGCCAGG,13,3991164
xdhAp2,1.3076923076923077,28,12,AGATTTACTAAGCCAAGCGA,16,4008308
xdhAp2,1.7692307692307692,34,12,ACTTATAAGAATGTCTGATT,22,4001716
xdhAp2,1.2307692307692308,27,12,ACTCCGTTAGATCCATCCTA,15,3986692
xdhAp2,0.15384615384615385,13,12,ACGTCGGTGCTCGCTAAAAT,1,4012525
xdhAp2,0.6153846153846154,19,12,ACGTAGACAGAATGGACGAC,7,3989912
xdhAp2,0.15384615384615385,13,12,ACCTGCACAGTTGTCTGTTC,1,3989307
xdhAp2,4.0,63,12,AATTACTGGGTTATTAACTA,51,4002976
xdhAp2,1.3076923076923077,28,12,AAGCGCGTGCCTTCACAGTG,16,3991263
xdhAp2,0.15384615384615385,13,12,AAGCATGTGCATTCTAGTGA,1,3994042
xdhAp2,0.15384615384615385,13,12,AAATATAAGGCGGCGCTTCA,1,3994461
xdhAp2,0.7692307692307693,21,12,AAAGTCCTTACTCAATCGTT,9,3994168
xdhAp2,0.38461538461538464,16,12,AAACGAAGATAGGTGCGCCG,4,3983012
xdhAp2,2.5384615384615383,44,12,AAAACGGGGTGCTTAGTTAC,32,4006999
xdhAp2,1.0833333333333333,23,11,TTTGGATGGCTAAGAATGAT,12,4007791
xdhAp2,0.25,13,11,TTTCACGGCGATCGTGAAAC,2,3993076
xdhAp2,0.8333333333333334,20,11,TTGTGTGAGTAATATATTGC,9,4003158
xdhAp2,2.5833333333333335,41,11,TTCGGTGACAACGCCTCACG,30,3985178
xdhAp2,4.0,58,11,TTCGACGTCACGGCGTTTCA,47,3989306
xdhAp2,1.5,28,11,TTCAGAGCAAGCGCGCACGT,17,3996468
xdhAp2,0.16666666666666666,12,11,TTATAGGGCCTATGCTCACA,1,3982179
xdhAp2,1.0833333333333333,23,11,TTAGTGTAGAAGCTAAATAG,12,4004897
xdhAp2,1.5,28,11,TTAGCGGTAGTCTTGCAAAC,17,4003345
xdhAp2,1.5,28,11,TGTTCAAGCTTTGTGATGGC,17,3996953
xdhAp2,2.8333333333333335,44,11,TGTATCATCGCTTAGAGGAA,33,3996004
xdhAp2,0.8333333333333334,20,11,TGTAATCCAAAGGCTGCAAG,9,4012529
xdhAp2,0.5833333333333334,17,11,TGGTTAAGTGTTGGTATTCG,6,3993284
xdhAp2,0.16666666666666666,12,11,TGGGGTACCGGCATACGTTG,1,3985614
xdhAp2,0.16666666666666666,12,11,TGGAGGGGGCTTGCGTATTC,1,4008802
xdhAp2,1.5833333333333333,29,11,TGCTTCTGGGGATGTTTATC,18,3996646
xdhAp2,1.0,22,11,TCGGCTACATTGCCCCACTT,11,3988282
xdhAp2,3.4166666666666665,51,11,TCGCCACAGTTACCGAGTGA,40,3992918
xdhAp2,1.1666666666666667,24,11,TCCTACGGGAGTTACCTTGG,13,3987991
xdhAp2,0.3333333333333333,14,11,TCCCGAAACAGCCGCCCAGT,3,4010888
xdhAp2,2.0833333333333335,35,11,TCCAGCTATCCCCCGTCACG,24,4006299
xdhAp2,0.16666666666666666,12,11,TATCACCCACTCTCAGCTAT,1,3988090
xdhAp2,0.5,16,11,TACGAGGGGCTCGGAGCAAT,5,3983409
xdhAp2,0.75,19,11,TACCTAAGACCTTAGGCTGA,8,3991224
xdhAp2,2.1666666666666665,36,11,TACATATGGCCGAAAGCAAT,25,4000230
xdhAp2,2.0833333333333335,35,11,TAAAACGCCAAGTGCACCTG,24,4001300
xdhAp2,4.083333333333333,59,11,GTTGAGCTGGGAGGGTGGAA,48,4011078
xdhAp2,1.5,28,11,GTTCAGAGTTGTCATGGTAG,17,3997953
xdhAp2,0.25,13,11,GTGCGGTAACGCACGCTTTA,2,3993834
xdhAp2,1.1666666666666667,24,11,GTGAAGATCATGTGGCTCTT,13,4011029
xdhAp2,1.75,31,11,GTCTGATGAACAAATCTAGC,20,3991701
xdhAp2,0.75,19,11,GTCGTTCTATCTTCCCCCCA,8,4002634
xdhAp2,0.25,13,11,GTCGGGCAACCTGAGTAAAT,2,3987236
xdhAp2,2.1666666666666665,36,11,GTAATACGCCAGGAACGCAT,25,3985706
xdhAp2,0.3333333333333333,14,11,GGTGCTAGACGTTAGGTATT,3,4004427
xdhAp2,0.4166666666666667,15,11,GGTAACGTGCAGTATGTCAG,4,4006801
xdhAp2,0.16666666666666666,12,11,GGGGCTATCCACGGCGACTC,1,3983895
xdhAp2,1.0,22,11,GGGCAGCGAGAGCCCGTGGA,11,4001435
xdhAp2,0.16666666666666666,12,11,GGCATGTGTGGGCAAAATTA,1,3995125
xdhAp2,0.16666666666666666,12,11,GGAGAAGATCTGCAATTCAA,1,3990729
xdhAp2,0.8333333333333334,20,11,GCTGAGCTCTGACTATGAAT,9,3994138
xdhAp2,2.6666666666666665,42,11,GCTCAGTTTGCTTTTTGCCT,31,3993483
xdhAp2,0.75,19,11,GCGTTTCGTTAAATAAACAA,8,3995483
xdhAp2,0.75,19,11,GCGGTGGGTGTTAGCCTAAG,8,3988036
xdhAp2,2.25,37,11,GCGAGCGTGGCATTGCTCGA,26,3994480
xdhAp2,1.25,25,11,GCCCTGACACAGCCTAGTGA,14,4001051
xdhAp2,1.9166666666666667,33,11,GCCCGGTCCCCCTTGCATAC,22,3995148
xdhAp2,0.16666666666666666,12,11,GCCCCAGAACAAAAAGAGTT,1,3985003
xdhAp2,0.8333333333333334,20,11,GCATTCCTGTGCCCTGTATG,9,4001404
xdhAp2,1.9166666666666667,33,11,GAGGGCCAGCCGAGCAGCTG,22,4001548
xdhAp2,0.75,19,11,GAGCTGTGTAGGTGGGTTCT,8,4007783
xdhAp2,0.16666666666666666,12,11,GACCGGAGTAAGACGTCGAT,1,4000967
xdhAp2,0.4166666666666667,15,11,CTTCGTGATGACATAGTCCC,4,3986353
xdhAp2,1.0,22,11,CTGCTTCTCGCCCAGGGACT,11,3984730
xdhAp2,3.6666666666666665,54,11,CTCTACGGGTCTAAGATCCT,43,4006925
xdhAp2,0.16666666666666666,12,11,CTCGCGGAAATATGCACCAT,1,3991916
xdhAp2,0.4166666666666667,15,11,CTCACAGGATCGGACCTGCT,4,4001021
xdhAp2,0.16666666666666666,12,11,CGTGGTTAATCGATTGCCCG,1,3986391
xdhAp2,3.25,49,11,CGGTCTGGTGGACATCCAGT,38,4001949
xdhAp2,1.5833333333333333,29,11,CGGGTAGCCCGGTGGAGAAA,18,3992978
xdhAp2,1.25,25,11,CGCTGGTTCGGTAGGAGGAA,14,4003310
xdhAp2,1.9166666666666667,33,11,CGCTAAAAAACAAGGGTTAG,22,4002645
xdhAp2,3.5,52,11,CGCACGGACGATAACCGGAT,41,4013146
xdhAp2,0.75,19,11,CGAGGCCAGAATATGCCTAG,8,3982453
xdhAp2,0.8333333333333334,20,11,CCTTGTTCTACTACTGGAGA,9,4008272
xdhAp2,4.083333333333333,59,11,CCGTGTACTTAAAGGTCCTA,48,3983299
xdhAp2,1.3333333333333333,26,11,CCGTGAGCCCACCCAAAGTT,15,3985918
xdhAp2,2.25,37,11,CCGGCGACAGTTCCCGGGTC,26,4008546
xdhAp2,0.4166666666666667,15,11,CCCTATACCACGTGTCTTAC,4,3986189
xdhAp2,0.16666666666666666,12,11,CATGGGATAAGGGTGTACGG,1,3993759
xdhAp2,0.5,16,11,CAGGCAATGTTAGGCCCGGG,5,4006998
xdhAp2,0.8333333333333334,20,11,CAGATCTATTAAGGCGTAAT,9,3982794
xdhAp2,1.0,22,11,CACGTGCAGCTTCACAGACC,11,3999164
xdhAp2,0.75,19,11,CACGCGTAAGTACCTGCGTG,8,4000043
xdhAp2,0.8333333333333334,20,11,CACCTTCGCGTACCTAAGTA,9,4013467
xdhAp2,5.583333333333333,77,11,CACCGTAGGAGCAGTGGCGG,66,3981908
xdhAp2,0.5833333333333334,17,11,CACCATTCGAGATCTGACTA,6,3999317
xdhAp2,0.25,13,11,CAATGGTGTTGGCGGATGTG,2,3984413
xdhAp2,2.0,34,11,CAATCCTTGAACATCGCGCT,23,4011983
xdhAp2,0.8333333333333334,20,11,CAACAATCAACTCGTGCACA,9,3985222
xdhAp2,1.0833333333333333,23,11,CAAACGTAACCGACTGGTGT,12,3989195
xdhAp2,0.6666666666666666,18,11,ATTTGGCTGCGGCACAATCT,7,3981796
xdhAp2,0.5,16,11,ATTTATCTGACCTTGATAGT,5,3991100
xdhAp2,5.583333333333333,77,11,ATGTTTCGCCAATGTGCACA,66,3995980
xdhAp2,2.0,34,11,ATGTACGACGAGTTGATATT,23,3988222
xdhAp2,5.083333333333333,71,11,ATCACCTTTATACATTTTTC,60,3999262
xdhAp2,0.4166666666666667,15,11,ATATTCCCGGTCCAGCAGTG,4,4001353
xdhAp2,0.75,19,11,ATAAAGAGTAGTTCGCGAGA,8,4008136
xdhAp2,0.5833333333333334,17,11,AGGGAGGTGAGCGCACGTTC,6,3999823
xdhAp2,1.75,31,11,AGGCGTAAGAAAGCGGAAAG,20,3987406
xdhAp2,0.4166666666666667,15,11,AGGATAAGCTTTGTAAAGAT,4,3997165
xdhAp2,3.4166666666666665,51,11,AGAGCATATGGCCAATGCGA,40,4004683
xdhAp2,2.3333333333333335,38,11,ACTGTCGGCCTCGCATCAGA,27,3981807
xdhAp2,1.0833333333333333,23,11,ACTCTTGACTCCGACGTCCG,12,4004198
xdhAp2,2.6666666666666665,42,11,ACAGTGAGGACGATCGCGAC,31,3997768
xdhAp2,0.5,16,11,ACACACGGGGCCGGTCGCAA,5,4000869
xdhAp2,3.25,49,11,AATTAATCGTAGACTGATCA,38,4010572
xdhAp2,1.1666666666666667,24,11,AATGATGATGCTCTGGAAGT,13,3988864
xdhAp2,0.25,13,11,AATAGTCTGCGTATAAGGAC,2,4007184
xdhAp2,0.5,16,11,AATACTTTAAAACAGGCGAC,5,3987708
xdhAp2,0.16666666666666666,12,11,AATACGACGGTTAGCGAAAA,1,3989541
xdhAp2,1.0833333333333333,23,11,AATAAGTTACAGTATTCTGG,12,4000852
xdhAp2,2.1666666666666665,36,11,AAGTCACGGGCAAAATTGTC,25,3990887
xdhAp2,0.75,19,11,AAGGCGTGCTCAACCAAGTG,8,3986344
xdhAp2,0.16666666666666666,12,11,AAACTCAGGGTCCGAATATT,1,3986891
xdhAp2,0.6363636363636364,16,10,TTTATGGATACGAACGGTTG,6,3982165
xdhAp2,3.1818181818181817,44,10,TTGAGTTTCCTCAGCGTTTC,34,3987365
xdhAp2,0.6363636363636364,16,10,TTCTGATATTCGCAGGGTCT,6,4006738
xdhAp2,0.18181818181818182,11,10,TTCGTAGCATCGCCGGTTGT,1,4010539
xdhAp2,1.0909090909090908,21,10,TTCAAGACGCCCCCAGTTGT,11,3993256
xdhAp2,0.18181818181818182,11,10,TTAGGAAGATTGCACGTTAG,1,3997228
xdhAp2,0.18181818181818182,11,10,TTAGAGAGGGTCCGTCACGA,1,3999727
xdhAp2,2.6363636363636362,38,10,TTAATTTATCGTGGTCAGCC,28,3983766
xdhAp2,1.0909090909090908,21,10,TGTGTCCCATTCGTGCCTTG,11,3985033
xdhAp2,0.7272727272727273,17,10,TGTGCATCCGTGCGGGATAC,7,4001098
xdhAp2,3.4545454545454546,47,10,TGGCTTGGTGAGCGAAAGAC,37,3989937
xdhAp2,2.727272727272727,39,10,TGGATGCTTGTCTCTTTGTT,29,3986217
xdhAp2,2.4545454545454546,36,10,TGCGTCCTGACAAAGTACGT,26,4008639
xdhAp2,4.7272727272727275,61,10,TGCGAAGTCACATTGGAAGA,51,3982032
xdhAp2,0.2727272727272727,12,10,TCTGGCTGCACCTAGACTAG,2,4005451
xdhAp2,0.18181818181818182,11,10,TCTCGGGCCGCACCCGACAT,1,4005319
xdhAp2,0.9090909090909091,19,10,TCTAGATCACTATCTCGTCC,9,4001462
xdhAp2,0.5454545454545454,15,10,TCTAACCGAAGCTTTCTCTC,5,3993918
xdhAp2,0.45454545454545453,14,10,TCGCGTGTCTGTCCCGGGAA,4,3982864
xdhAp2,3.727272727272727,50,10,TCGATGCGGCAACCGGCTCA,40,3986915
xdhAp2,4.909090909090909,63,10,TCCATCGCTGATATTCTCTG,53,3991743
xdhAp2,0.5454545454545454,15,10,TCATCAACGAGCCAGCTGAG,5,3990779
xdhAp2,0.45454545454545453,14,10,TCAGTTTACTATATGGGCGT,4,3995927
xdhAp2,1.1818181818181819,22,10,TCACGAGTGAGCTCGATTTA,12,4010321
xdhAp2,0.36363636363636365,13,10,TCACCCCTTGGGATTTTCGA,3,4013440
xdhAp2,0.8181818181818182,18,10,TCAAGTTCAAAGAATTGACC,8,4000424
xdhAp2,1.2727272727272727,23,10,TAGCTAAAAATAGTGACAGT,13,4003913
xdhAp2,1.4545454545454546,25,10,TACCGCTTAGTACGATAGGT,15,4013465
xdhAp2,1.4545454545454546,25,10,GTTCGCGGATAAGCTTGGAA,15,4004635
xdhAp2,1.4545454545454546,25,10,GTGGTTTACAGAGTCAATAT,15,3989746
xdhAp2,0.18181818181818182,11,10,GTGCTACCGGCGAGCACGGC,1,3993248
xdhAp2,1.3636363636363635,24,10,GTATTAGCGATATCTAGTGC,14,3986310
xdhAp2,1.6363636363636365,27,10,GTAACGTCATGGCGGGCAGT,17,4006330
xdhAp2,1.0909090909090908,21,10,GTAACATTCTACAGTCGATA,11,4006098
xdhAp2,0.36363636363636365,13,10,GGTGGCAGCCTCCCACTCTT,3,4010804
xdhAp2,0.9090909090909091,19,10,GGGTGTATACCGGTATACAG,9,3999893
xdhAp2,0.9090909090909091,19,10,GGGGTGAGGCCGGCATGTGT,9,4006924
xdhAp2,2.4545454545454546,36,10,GGGGGGGCTCCCAAATGACT,26,3998322
xdhAp2,0.7272727272727273,17,10,GGGGCTGGGTTAAATCGAGA,7,3987439
xdhAp2,0.8181818181818182,18,10,GGCTGTGGCGTATGTCATGA,8,3996475
xdhAp2,0.18181818181818182,11,10,GGCCAGCGTCAAGTTCCTGT,1,4012052
xdhAp2,1.0909090909090908,21,10,GGATTCTTCGACTAGGTTTA,11,4008595
xdhAp2,1.0,20,10,GGACGCCAGCTTTAAGAATA,10,3999989
xdhAp2,1.0909090909090908,21,10,GCGCGGTCTAGTCTGTTGGT,11,4014271
xdhAp2,8.0,97,10,GCGAAGTGCCAACCTCACAA,87,4010644
xdhAp2,1.3636363636363635,24,10,GCCACCCGTCATGTAGGTGC,14,4009719
xdhAp2,3.272727272727273,45,10,GCAGGTCGAGCGCCAGATAA,35,3995186
xdhAp2,0.45454545454545453,14,10,GCACGTCCGTAAACCGATCA,4,4000411
xdhAp2,0.18181818181818182,11,10,GATGTCTCGCTTACGCTTGA,1,3995446
xdhAp2,0.18181818181818182,11,10,GATCTCACATGCACGCAGCT,1,3983681
xdhAp2,0.2727272727272727,12,10,GAGGGGGGCGATGGGGGCGG,2,3983836
xdhAp2,3.1818181818181817,44,10,GACTCTGGCTGGCGCCACAA,34,3981753
xdhAp2,0.2727272727272727,12,10,GACTCGCCGATGCTGGGGTG,2,4005792
xdhAp2,3.090909090909091,43,10,GACACATACCGCCCAACAGT,33,4005048
xdhAp2,2.5454545454545454,37,10,GAACGCCACGGTCGCCACCC,27,3990301
xdhAp2,0.18181818181818182,11,10,GAACCTCACGCCAGCTGACG,1,3990913
xdhAp2,6.181818181818182,77,10,CTTCGATCCTCTCGCGCATG,67,3987415
xdhAp2,1.3636363636363635,24,10,CTTAGCGAGTGCCGGGGACC,14,4005673
xdhAp2,1.1818181818181819,22,10,CTATCCACACCTAGCGTTGG,12,4011237
xdhAp2,2.5454545454545454,37,10,CTACGGAAGGGTGGGATGCA,27,4006002
xdhAp2,0.18181818181818182,11,10,CGTTAAGTGTCCGTCTTTTC,1,4013052
xdhAp2,2.272727272727273,34,10,CGTCGAGCTATGGCATAGCT,24,4005396
xdhAp2,0.7272727272727273,17,10,CGTCGAATCGGGTAGTCCCC,7,4001504
xdhAp2,1.8181818181818181,29,10,CGTCAGCCTAGCAAACACAA,19,3990725
xdhAp2,3.1818181818181817,44,10,CGTACACGAGTTGAGGCCGT,34,3984257
xdhAp2,1.7272727272727273,28,10,CGGAGTCAGTGAGCACGCGA,18,3984465
xdhAp2,2.8181818181818183,40,10,CGGAATCGAGCAAGTTATAT,30,3987526
xdhAp2,2.1818181818181817,33,10,CGCTGTCACGAAAATCGTGA,23,3999947
xdhAp2,1.0909090909090908,21,10,CGCGTCAGCAGGCCAGGGCC,11,4001486
xdhAp2,0.36363636363636365,13,10,CGCGGGCTTCTTTGGTAGAT,3,4003667
xdhAp2,1.4545454545454546,25,10,CGATCGGTGAACGATGAGAG,15,3984547
xdhAp2,1.3636363636363635,24,10,CGATAAACTGAAGACAGCAA,14,4003502
xdhAp2,3.5454545454545454,48,10,CGACTATGGCCTGGTCGAGA,38,3986598
xdhAp2,0.18181818181818182,11,10,CGAAGGATGCAAAATCTTAC,1,3986549
xdhAp2,3.090909090909091,43,10,CCTGAGGGAGCTTATTACTT,33,3993379
xdhAp2,2.272727272727273,34,10,CCGTTCAGCTATTTCTGCAG,24,4006564
xdhAp2,2.0,31,10,CCGACATAGTGCGAGTACCT,21,3988708
xdhAp2,3.090909090909091,43,10,CCCCACTTGACGGGATATCT,33,3995616
xdhAp2,2.3636363636363638,35,10,CCCAGGTTAACAGGCGTCCA,25,4005145
xdhAp2,1.9090909090909092,30,10,CCCAGAGACGGGTTTCTAGG,20,3996663
xdhAp2,1.8181818181818181,29,10,CCAGACGGGCCTTTCGTCAA,19,3988707
xdhAp2,0.2727272727272727,12,10,CCACCCGCAAGGTAGCCAGC,2,4010643
xdhAp2,1.0,20,10,CATTTTGCTGGGGATTTTCC,10,3995134
xdhAp2,0.18181818181818182,11,10,CATGGCTGTTTAAGATCGCG,1,4011288
xdhAp2,0.18181818181818182,11,10,CATCGTCCGAGGGAAGCCGA,1,3982284
xdhAp2,2.3636363636363638,35,10,CATAATCCGGCGTTATTCAA,25,3983838
xdhAp2,2.5454545454545454,37,10,CAGGTGTATTGTTAACGTCG,27,3983894
xdhAp2,1.1818181818181819,22,10,CAGCGTATAACCCACAAGGA,12,3992133
xdhAp2,6.090909090909091,76,10,CAGCACAGTGAACGTCCAGA,66,3994353
xdhAp2,1.2727272727272727,23,10,CACGTTGCCCGTATTGGACT,13,3992685
xdhAp2,2.0,31,10,CACCCCGGAATTTCGGCGTA,21,4000426
xdhAp2,0.18181818181818182,11,10,CAATCGTAGCAGCGGCTTGG,1,4004280
xdhAp2,0.18181818181818182,11,10,CAATACCTAGGTGATCAAGT,1,4001340
xdhAp2,0.7272727272727273,17,10,CAACTTGGAGCGCTTAGTCT,7,3992080
xdhAp2,0.2727272727272727,12,10,ATGGGACAAAGGTGGCATGA,2,3998441
xdhAp2,1.2727272727272727,23,10,ATGCCAAAAGCAGCGCTTTT,13,3989820
xdhAp2,0.8181818181818182,18,10,ATGCAAAACCCGTGGTTTTG,8,3989113
xdhAp2,0.5454545454545454,15,10,ATCGGTGATCCGGAACCACG,5,4009882
xdhAp2,0.7272727272727273,17,10,ATCCTTATTGTGGGTCTCAG,7,3983801
xdhAp2,1.2727272727272727,23,10,ATCCTATCCACGCGGATGGT,13,4012934
xdhAp2,1.9090909090909092,30,10,ATCAGTTAGCCTTCGCACTC,20,3990097
xdhAp2,1.0,20,10,ATAACCAGATGGCGATACTG,10,3988597
xdhAp2,1.8181818181818181,29,10,AGTGTAAAGAGCGGTAGGGT,19,3993311
xdhAp2,0.18181818181818182,11,10,AGTCTAGCCAGCGCCATTGA,1,3995233
xdhAp2,4.909090909090909,63,10,AGTAGAGGGAAAAACGTTGG,53,4012748
xdhAp2,0.2727272727272727,12,10,AGGTTAGGTGGTTCGAAACA,2,4005498
xdhAp2,1.4545454545454546,25,10,AGGGAGACCAGGTCGCTTGT,15,4005839
xdhAp2,0.18181818181818182,11,10,AGCTGGCGCGTCCCAACCAT,1,3999319
xdhAp2,0.45454545454545453,14,10,AGCTCTTTCGGACCGACAAT,4,4014397
xdhAp2,0.2727272727272727,12,10,AGCTATGGTTTCGGGGGATT,2,3998051
xdhAp2,0.5454545454545454,15,10,AGCCACAGGCGGCTGAGAGG,5,4002872
xdhAp2,1.2727272727272727,23,10,AGACCGATGCGAGACTTGTC,13,3981639
xdhAp2,0.7272727272727273,17,10,ACTTTTTGAGTAGGGTACGT,7,3983699
xdhAp2,0.18181818181818182,11,10,ACTTTCGTTAGACCAATGAC,1,4008969
xdhAp2,0.18181818181818182,11,10,ACTGGGCCAGTTTAAGGAAC,1,4007961
xdhAp2,0.18181818181818182,11,10,ACTGGCTCGGGCCTAGCAAA,1,4012072
xdhAp2,3.272727272727273,45,10,ACTCTAACCCGTTCACGTCG,35,3987030
xdhAp2,1.5454545454545454,26,10,ACCTCCGTACCGAACGAGCC,16,4005468
xdhAp2,0.36363636363636365,13,10,ACCGGGGTATTGGGTAACAG,3,3996701
xdhAp2,1.1818181818181819,22,10,ACCCGAACAGCTTAGGAGGG,12,3986817
xdhAp2,1.1818181818181819,22,10,ACACTACAACCGGCTACTCC,12,4014290
xdhAp2,0.6363636363636364,16,10,ACAATTAGCTTTAGAAGGAT,6,4005003
xdhAp2,0.2727272727272727,12,10,AATTTCTTATCGTCTAGGCC,2,3993590
xdhAp2,0.36363636363636365,13,10,AATTCCACTTACCGAGAAAG,3,3987032
xdhAp2,0.18181818181818182,11,10,AATGTCTTCGACCGCCCCCA,1,3988042
xdhAp2,0.2727272727272727,12,10,AATCGAGCAACGAACCCAAG,2,4000066
xdhAp2,0.18181818181818182,11,10,AAGTGGTCTGTATGTTAATA,1,4007252
xdhAp2,0.8181818181818182,18,10,AAGATGATTTTGATTGTCTT,8,3986243
xdhAp2,0.9090909090909091,19,10,AACGACGGAATCACCAATCA,9,3997908
xdhAp2,3.5454545454545454,48,10,AACCTCGTGACGTTCCTACA,38,4001472
xdhAp2,2.5454545454545454,37,10,AACATCCGGCGCGCCAAAAT,27,3994797
xdhAp2,4.7272727272727275,61,10,AACATACATCCAACAGATAC,51,4013069
xdhAp2,0.18181818181818182,11,10,AAATGGACGACACCCCTGCT,1,3992986
xdhAp2,0.2727272727272727,12,10,AAACGGTTTCGTGGTGGTGC,2,4013632
xdhAp2,1.8,26,9,TTTTTATTCGGGGCCAAGTC,17,4000172
xdhAp2,0.3,11,9,TTGTTAACAACGATTAGTCT,2,4006643
xdhAp2,2.0,28,9,TTGGGACCCATCATGATTAG,19,3990137
xdhAp2,1.4,22,9,TTGACCCCCGGTGGCTTCGA,13,4001431
xdhAp2,1.2,20,9,TTCGGTATACGGCTCAACCA,11,3993530
xdhAp2,0.6,14,9,TTCCGGGTCTTTTTCTTGCT,5,3991693
xdhAp2,0.2,10,9,TTCCGAGTCAGGAGTACTTC,1,4003619
xdhAp2,2.2,30,9,TTCAGCCAGCCCAGAGTAGG,21,3984399
xdhAp2,0.3,11,9,TGTTCGATAAACCTCGCCCT,2,4012997
xdhAp2,2.7,35,9,TGTGGGTGCCGGATCGCATA,26,3982951
xdhAp2,0.4,12,9,TGTGGGATCATCGTGTCCGC,3,3998520
xdhAp2,0.7,15,9,TGGCAAGATATATGAACTCG,6,3998422
xdhAp2,2.0,28,9,TGCCTTGTTGGCTGAAGTAT,19,3987624
xdhAp2,3.5,43,9,TGAGCTTACCCCACGACGCA,34,3985765
xdhAp2,0.3,11,9,TCTTTGACAGGCGTCGCAAC,2,4007405
xdhAp2,3.7,45,9,TCTCGTTACGAGGATTTGCT,36,4008303
xdhAp2,2.6,34,9,TCTCCATTCGTAAACAAGCT,25,3984988
xdhAp2,1.6,24,9,TCTAGTGTTCTGTTCCTACT,15,3988676
xdhAp2,2.5,33,9,TCGGCGTTCTATGGGGGGAT,24,4003090
xdhAp2,3.1,39,9,TCCGGGAATCGTTCTCATTT,30,3987328
xdhAp2,0.5,13,9,TCCATCAGTTTTTGGGCGCG,4,3999419
xdhAp2,4.0,48,9,TCCACTCTCCTTATATGGTC,39,3990452
xdhAp2,3.5,43,9,TCATTGCCGCCCTTATCGCT,34,3989872
xdhAp2,0.4,12,9,TCACCTCTGCTCAGTCTTCC,3,4004152
xdhAp2,3.0,38,9,TATCTGGTGAACCACTTCCC,29,3987389
xdhAp2,0.5,13,9,TAGCAGGTGGTCTGAGAGAG,4,4003142
xdhAp2,2.1,29,9,TAACAAAGCTATTTACATCT,20,4004726
xdhAp2,0.2,10,9,GTTCCTGACGGGTTACGAAA,1,4006794
xdhAp2,2.6,34,9,GTTCCAGTAGGCGCCGCTTT,25,4001630
xdhAp2,2.2,30,9,GTGGCCCCAGCGCAAGCTCT,21,3998675
xdhAp2,0.3,11,9,GTGGCCACAAGGACACCAAA,2,4002827
xdhAp2,0.4,12,9,GTGACCCCTAGAGGTGGCCA,3,3999444
xdhAp2,1.0,18,9,GTCAGTCAATTCGGAGTCCC,9,4000801
xdhAp2,1.5,23,9,GGTCCTTGCCCATGACAGAA,14,4013189
xdhAp2,0.8,16,9,GGGGTCCGCATACTTCGCCT,7,4010338
xdhAp2,0.2,10,9,GGGCAGTTCATGGGGCTCTC,1,4002635
xdhAp2,0.2,10,9,GGGCACGGGTACGGGCCAAG,1,4008199
xdhAp2,0.6,14,9,GGGACGTTTCTGTGGACATC,5,4000718
xdhAp2,1.1,19,9,GGCTTCATTCGCCGACTTCC,10,3987086
xdhAp2,0.2,10,9,GGCGCGACCGGCGGTCGAAA,1,3989718
xdhAp2,0.2,10,9,GGCCGAATGCTATCCGTGGG,1,4002306
xdhAp2,0.2,10,9,GGCCCACCTTTCTGGCCTCC,1,3994007
xdhAp2,1.2,20,9,GGCAGCCGCACGGAAAGGGA,11,4003879
xdhAp2,2.7,35,9,GGACAATCTGCGCGAGGTCA,26,3994728
xdhAp2,0.2,10,9,GCTGTTGTCTCAAAATAATT,1,4003703
xdhAp2,3.0,38,9,GCGCATGGTTGCTCGAAGTG,29,3990325
xdhAp2,1.4,22,9,GCCGAGGATTCATTGGAGCT,13,3993831
xdhAp2,0.2,10,9,GCATCCTACGTTAACAACGA,1,4008988
xdhAp2,2.2,30,9,GCACTTCGCGCCCAATGCGT,21,4005295
xdhAp2,0.3,11,9,GCACGCTGCTCGCCGAGAAA,2,3983859
xdhAp2,1.4,22,9,GCAAATCTTTTTAATCACTC,13,3990010
xdhAp2,0.2,10,9,GATTTGCTTAGACATTGGGT,1,3992547
xdhAp2,0.4,12,9,GATGTCTCACAGGATAATTT,3,3998519
xdhAp2,0.3,11,9,GATGTCAATATATCGTCTCA,2,3995380
xdhAp2,0.4,12,9,GATGCTTCCGGCACGATGGC,3,4006582
xdhAp2,1.2,20,9,GAGAGAAAGGGAATCAGCAA,11,4000268
xdhAp2,2.1,29,9,GAGACGACTAATAACTTCCT,20,3987771
xdhAp2,3.8,46,9,GAGAAATTTTTCAACCACTG,37,4006639
xdhAp2,0.2,10,9,GAAGTACGATACGTGCATCG,1,4009385
xdhAp2,2.0,28,9,GAAACGCATCATGCTGCGTT,19,4010026
xdhAp2,2.6,34,9,GAAACCGGGCGGTCACCAAA,25,4009789
xdhAp2,0.4,12,9,GAAAACCGGACCAGGTCCTC,3,3990574
xdhAp2,0.6,14,9,CTTGGGACCCCAGTGGTAGT,5,4010273
xdhAp2,0.2,10,9,CTGCTCGTTGGCACAGAAGA,1,3986491
xdhAp2,0.2,10,9,CTGAGAGGTGCGCGGCGGAC,1,3993111
xdhAp2,0.2,10,9,CTCCTCAAAGGACAGGCCTA,1,3992992
xdhAp2,0.6,14,9,CTCCGTGCTTTAGATTGTTG,5,4001307
xdhAp2,1.8,26,9,CTCCATCTGTGTTTTACTCT,17,4005147
xdhAp2,0.2,10,9,CTCCAGGCTACTCTGCGTCA,1,3993087
xdhAp2,0.2,10,9,CTAGTGTATCACGTGTACGG,1,4001253
xdhAp2,1.0,18,9,CGTACACTTTAGGTTCTCTC,9,3989567
xdhAp2,4.3,51,9,CGGGATCTCCTATCGATGTA,42,3999323
xdhAp2,3.9,47,9,CGCTGTCGCGAAATAGTCAG,38,3987539
xdhAp2,1.0,18,9,CGCATTGCATTTTGTTATAG,9,3983449
xdhAp2,0.9,17,9,CGCAGTAGTACATGAACAAA,8,3999132
xdhAp2,0.4,12,9,CGCAACGAAGCAGAGTCAAC,3,3988948
xdhAp2,0.2,10,9,CGATGGGGGCAGCGGTGGCC,1,3989871
xdhAp2,0.6,14,9,CCTCGTCTGGGGTGCACATA,5,3982886
xdhAp2,1.5,23,9,CCGGGTCGGGTGGGCGGACA,14,3991740
xdhAp2,2.1,29,9,CCGGCTAAGAATAGGAACTT,20,4011097
xdhAp2,1.7,25,9,CCGGATCCTTGTCATGTACT,16,3997110
xdhAp2,3.8,46,9,CCCAGGCCTAGTATTATCCC,37,3994844
xdhAp2,0.8,16,9,CCCAATCCGGAATAGTCGGA,7,3981621
xdhAp2,3.1,39,9,CCCAATACAGGCTGAATTAA,30,4004621
xdhAp2,0.3,11,9,CCATGAGATAAGTGCCGCCC,2,4004448
xdhAp2,0.3,11,9,CCAGAAATTCATAGGGTTAA,2,4004325
xdhAp2,0.8,16,9,CATCTTATTGTATCGATGTC,7,4002451
xdhAp2,6.8,76,9,CATCGCAGTCAATTGACCTC,67,3989970
xdhAp2,0.5,13,9,CAGTTGGTGTCACCGGTAGG,4,3995336
xdhAp2,2.5,33,9,CAGTTGGTACTCGCACCGTA,24,3992538
xdhAp2,0.7,15,9,CAGGTTAGTTAGTCGCTTAA,6,3989583
xdhAp2,1.6,24,9,CAGCTGTATGATTTTAAGGC,15,3991196
xdhAp2,1.8,26,9,CAAATACCCACTTCTGGGAT,17,3999268
xdhAp2,0.2,10,9,ATTTTCCCCAGTTTTACCAA,1,4012329
xdhAp2,1.8,26,9,ATTTGTTAGTTGTTTTGCCT,17,3994829
xdhAp2,0.2,10,9,ATTGCTTTGTAACCGCAATG,1,3994188
xdhAp2,2.2,30,9,ATTGCACCATCTTTGCTTGG,21,3987635
xdhAp2,1.0,18,9,ATTCTGTTCACTAGATCTAT,9,4012095
xdhAp2,2.4,32,9,ATTCCGCCACAAGAACATCT,23,4004099
xdhAp2,0.5,13,9,ATTCATGAGCCCCCGCTTCC,4,4000121
xdhAp2,1.8,26,9,ATGTGTCCATGGATCAACAC,17,3982279
xdhAp2,0.9,17,9,ATGGTCTCCACCCCCTGGGG,8,4009084
xdhAp2,2.7,35,9,ATGAGCTCGATTTCAAAGAA,26,4005812
xdhAp2,1.1,19,9,ATCTGTCGGCATTTCCGGCA,10,4013265
xdhAp2,1.5,23,9,ATCTAATTACGAAGTGGTGC,14,4011448
xdhAp2,2.7,35,9,ATCGAAGCTCGGTACGGCAA,26,3981701
xdhAp2,0.2,10,9,ATATTAGGCGCAGATTAACA,1,4001170
xdhAp2,2.1,29,9,ATACTTTCTCTACTCCCTGC,20,4001006
xdhAp2,2.8,36,9,AGTCCCATTGAACCAATCCT,27,4002511
xdhAp2,1.1,19,9,AGTCACACCGATACTTGAAA,10,3993451
xdhAp2,1.6,24,9,AGGGCACGGTCATAGCACCC,15,3988610
xdhAp2,0.2,10,9,AGGCCTAGTTACTAATAATT,1,4012212
xdhAp2,0.3,11,9,AGCGCGTATCGGGAGTGCTC,2,3994627
xdhAp2,1.4,22,9,AGCCCTACCCAGGAAGTGGC,13,3990284
xdhAp2,0.3,11,9,AGCCCAGAACGTACCATAAC,2,3988631
xdhAp2,7.7,85,9,AGCATATTTTCACGATTTTA,76,4002569
xdhAp2,1.6,24,9,AGCACTTAGGCCGGCAGGGG,15,3983239
xdhAp2,0.8,16,9,AGAGATTTACCAGGTCGGCC,7,3981659
xdhAp2,0.4,12,9,AGAATGTCACTATTAAGGGT,3,4002523
xdhAp2,1.7,25,9,ACTCGCTTTCGTCACCCGAT,16,4007703
xdhAp2,0.2,10,9,ACTCACTACCACATCTGCTG,1,3981569
xdhAp2,0.2,10,9,ACTAGATGTGGGTCAACGGA,1,3997771
xdhAp2,2.2,30,9,ACGGGCGTGGTTCTACTTGT,21,3991386
xdhAp2,1.0,18,9,ACCGACCTCTCATGGTGGCC,9,3981693
xdhAp2,1.0,18,9,ACCCTATGGTCCGTCCACTA,9,4007784
xdhAp2,0.3,11,9,ACCCGACTGTTTGCGAAGAG,2,4005201
xdhAp2,1.8,26,9,ACCCCTTATACAGTAGATCT,17,3985897
xdhAp2,0.3,11,9,ACAGCTTTGATGTTTAGACC,2,4013919
xdhAp2,3.8,46,9,ACAGACACTCATCGTGATTG,37,4006986
xdhAp2,1.9,27,9,AATTGTGGCGCTCCTAGACA,18,4012639
xdhAp2,0.5,13,9,AATGGCAGCTGATCAATGGC,4,3987284
xdhAp2,7.7,85,9,AATCGGCGCAAGGTCAACGA,76,4012682
xdhAp2,2.4,32,9,AATCAGCTGTGAATTCCGGT,23,4007462
xdhAp2,1.0,18,9,AATAAGTCTGGCGTCCCTTT,9,3986909
xdhAp2,1.7,25,9,AAGGGTCACTCCAGAAACAG,16,4001861
xdhAp2,4.4,52,9,AAGCATATAGTGGCTCACGC,43,3985609
xdhAp2,2.9,37,9,AAGAGTTCATCAGATGGGAT,28,3986630
xdhAp2,1.4,22,9,AAAGAGGGTGTTTATGTCCC,13,3989031
xdhAp2,1.6,24,9,AAACCTTGCACTTCATATTA,15,4009740
xdhAp2,1.3333333333333333,19,8,TTGTTGGGACTCGCAGTATC,11,4014356
xdhAp2,1.0,16,8,TTGAACGATCGTCATCTAAC,8,3997931
xdhAp2,1.2222222222222223,18,8,TTATTTCGTAGCCAAGGGGA,10,3995212
xdhAp2,0.2222222222222222,9,8,TTACATGGGGGTTGCTAATG,1,3988406
xdhAp2,0.4444444444444444,11,8,TGTTACCGCCCGATTTAGGG,3,4002854
xdhAp2,5.555555555555555,57,8,TGTGAGTGAGGGCCGATCAG,49,4009506
xdhAp2,1.5555555555555556,21,8,TGTCATTCGCAAAAGAAAGG,13,4005975
xdhAp2,0.5555555555555556,12,8,TGTAAAGGTAAACCGTCTAT,4,3998201
xdhAp2,0.8888888888888888,15,8,TGCTGGGAAAATAACGTATT,7,3982050
xdhAp2,0.5555555555555556,12,8,TGCCTTCACTGCTTCTGATC,4,4009162
xdhAp2,1.6666666666666667,22,8,TGCCGGGTCTCCTAGGACGG,14,3994425
xdhAp2,2.7777777777777777,32,8,TGATAATGTCCCAATTGTGT,24,3989443
xdhAp2,0.8888888888888888,15,8,TCTAATTCGCTTTAAACGGC,7,4009052
xdhAp2,2.111111111111111,26,8,TCGTACCGTGTGTTTAGCCG,18,3983085
xdhAp2,9.333333333333334,91,8,TCGGCTCAGCAAGTGCGTTA,83,3997686
xdhAp2,0.5555555555555556,12,8,TCGCACTCTGTTGGTGCCCG,4,3993377
xdhAp2,3.3333333333333335,37,8,TCCTTCCTTAGCCTATACCA,29,4003482
xdhAp2,0.3333333333333333,10,8,TCCTGAGTCTCGGTGGATCA,2,3985978
xdhAp2,1.2222222222222223,18,8,TCCTCATACGCTCCACCACC,10,4003828
xdhAp2,0.5555555555555556,12,8,TCCGGGCTGCGGAGTTTTGT,4,4002035
xdhAp2,2.2222222222222223,27,8,TCCACTTGACAGTTAGCCGT,19,4003781
xdhAp2,3.888888888888889,42,8,TCAGATGTCCCGTGGCGCCT,34,3992372
xdhAp2,2.6666666666666665,31,8,TCACGTGTGATTTCATGCTA,23,4006812
xdhAp2,2.5555555555555554,30,8,TATGCACATAAGAGGGGGGA,22,3991594
xdhAp2,0.6666666666666666,13,8,TATGATGCGTTCAAATGAAT,5,3998461
xdhAp2,1.6666666666666667,22,8,TATCAATCGCAGGGACAGCC,14,4013831
xdhAp2,1.3333333333333333,19,8,TACTCGTTAATCCAATCGGA,11,4011072
xdhAp2,2.5555555555555554,30,8,TACGAAACTTGTGGAGATTA,22,3990285
xdhAp2,2.0,25,8,TACAACGGGTTCCCATTAAG,17,3993757
xdhAp2,1.2222222222222223,18,8,TAATGGAGCTCTGCTTTTGT,10,4002505
xdhAp2,1.8888888888888888,24,8,TAACCCTAGAGCGACGCAGT,16,3993310
xdhAp2,1.1111111111111112,17,8,GTTTGTAAAACCGTCATAAG,9,4009471
xdhAp2,0.5555555555555556,12,8,GTTTCACATACTGTCCAAAA,4,4010669
xdhAp2,1.3333333333333333,19,8,GTGCTCCAAGGAAAATGTTA,11,4003160
xdhAp2,2.0,25,8,GTGACGGGGCGTTTATTTGT,17,4007808
xdhAp2,3.7777777777777777,41,8,GTCGTGCATTGCTTCGCAAC,33,4003143
xdhAp2,1.6666666666666667,22,8,GTAGAGGAGACAATAATAGA,14,3989450
xdhAp2,0.5555555555555556,12,8,GGTCTGTAAACACGTGGCAA,4,3995086
xdhAp2,0.2222222222222222,9,8,GGTCGGTAACCGCAATTACC,1,3986324
xdhAp2,0.2222222222222222,9,8,GGTATAATGTTACCTATCGG,1,3982737
xdhAp2,1.3333333333333333,19,8,GGGTGTTACAGCAACGCCTA,11,3983236
xdhAp2,5.666666666666667,58,8,GGGTGTGCAACCCCATAGGA,50,4004661
xdhAp2,1.5555555555555556,21,8,GGGTCCCCAGCAACCTCTTA,13,3998698
xdhAp2,0.2222222222222222,9,8,GGGAGTTCCTCGTAGGCCTC,1,3986229
xdhAp2,1.1111111111111112,17,8,GGCGTCTCCACCTCGGACCT,9,4002238
xdhAp2,2.5555555555555554,30,8,GGATAATGGTCCGCCCCCTG,22,4001400
xdhAp2,1.5555555555555556,21,8,GGACGACTCGAGGGCGACAC,13,3997334
xdhAp2,1.2222222222222223,18,8,GCTTATGAAATTAGGCGTGG,10,4011156
xdhAp2,1.4444444444444444,20,8,GCGCTCCAATAGAATTTTGA,12,4000510
xdhAp2,0.3333333333333333,10,8,GCCGTAGTTCCTCCAGTAGA,2,4007001
xdhAp2,1.4444444444444444,20,8,GCATTAGTCACGCCACTCGA,12,4008239
xdhAp2,0.2222222222222222,9,8,GCAGGCTAATTTCACTATCA,1,3999684
xdhAp2,1.0,16,8,GCACTCGCATTCCTAGGATT,8,3992510
xdhAp2,1.3333333333333333,19,8,GCACATATCAGAAACTTTAA,11,4013291
xdhAp2,3.3333333333333335,37,8,GCAAACGACACGCAGACAGT,29,3987718
xdhAp2,2.6666666666666665,31,8,GATGTCCCCCATTTGTCATA,23,3997502
xdhAp2,1.2222222222222223,18,8,GATAGGTTGCTGGCTCAGGA,10,4001053
xdhAp2,2.111111111111111,26,8,GAGTTTCTTCATTATAAGTA,18,3998612
xdhAp2,0.5555555555555556,12,8,GAGCGGACGGTTGTCCAAGA,4,3994542
xdhAp2,0.5555555555555556,12,8,GACGTGCGGCACAAAAGTTT,4,4007681
xdhAp2,3.4444444444444446,38,8,GAAGAGGCCCGACCGAGTCT,30,3997959
xdhAp2,0.2222222222222222,9,8,GAACCAGTTATCGTTTCGGA,1,3984782
xdhAp2,2.5555555555555554,30,8,CTTTGGTGGCAAACGTGATC,22,4002857
xdhAp2,0.3333333333333333,10,8,CTTTCGGCTTTGCCGTACAG,2,4010585
xdhAp2,1.5555555555555556,21,8,CTTCAGTCGGAATCCAGGTT,13,3988046
xdhAp2,0.7777777777777778,14,8,CTGGTACGTGTAGTAGTTTG,6,4003880
xdhAp2,2.3333333333333335,28,8,CTGGACCTAGCATAAAGGAC,20,4013454
xdhAp2,0.5555555555555556,12,8,CTCTAATTTACAGACTCGTA,4,3984213
xdhAp2,7.888888888888889,78,8,CTCGGATTTAGTAATTTCTC,70,3994822
xdhAp2,1.6666666666666667,22,8,CGTTGGGGCTGGCAAGAGGA,14,4002301
xdhAp2,1.5555555555555556,21,8,CGTGAGTCACGCCACCGATC,13,4006314
xdhAp2,2.2222222222222223,27,8,CGTCCCTGCCTGCTGGGCGT,19,4005075
xdhAp2,0.2222222222222222,9,8,CGTATCGCCGAGACAGTTTC,1,3985106
xdhAp2,0.4444444444444444,11,8,CGGTACATGATAACTAAATG,3,3999859
xdhAp2,1.4444444444444444,20,8,CGGGTGGTTGGGAAGTCCTT,12,4002141
xdhAp2,3.3333333333333335,37,8,CGGGCTGCGATTTCTCGCCT,29,3986757
xdhAp2,0.4444444444444444,11,8,CGGCAGCGGAATCCCCCGGC,3,3986912
xdhAp2,0.2222222222222222,9,8,CGGAGATCGTGACATCCGAT,1,4004713
xdhAp2,0.8888888888888888,15,8,CGCTTTTTAGTCAAACAATC,7,4012814
xdhAp2,1.1111111111111112,17,8,CGCTTCCACCTATCTGTGTG,9,3986101
xdhAp2,6.666666666666667,67,8,CGAGAGACGTACGCACGATA,59,3995519
xdhAp2,6.0,61,8,CCTTGCCTCATCCAATGACA,53,3999877
xdhAp2,1.6666666666666667,22,8,CCTGGGGACGAGTCCGGGAT,14,3988311
xdhAp2,2.888888888888889,33,8,CCTACTTGAGGCTCGGCATT,25,3986635
xdhAp2,2.0,25,8,CCCGGGCTGCCAAAAGGAGG,17,4007905
xdhAp2,2.2222222222222223,27,8,CCCAAGCACGGGATCCTATC,19,3983744
xdhAp2,0.2222222222222222,9,8,CCACGGCCTTCCCCATAGGA,1,3997389
xdhAp2,5.555555555555555,57,8,CATGGCTCTGCATTTTCCAG,49,3994443
xdhAp2,0.7777777777777778,14,8,CATGAAATATGTTCGATATT,6,4000930
xdhAp2,2.111111111111111,26,8,CATATGTGTAGATCTTAAAC,18,3987397
xdhAp2,2.0,25,8,CAGGGGACTGTTCGTGCTGA,17,3996427
xdhAp2,3.5555555555555554,39,8,CACGATTCTTCAATTGAGTA,31,3999240
xdhAp2,1.4444444444444444,20,8,CACAATGTCACTTACGTATG,12,4005828
xdhAp2,3.5555555555555554,39,8,CAATCACGGGGAGCGGAAAG,31,4012346
xdhAp2,0.6666666666666666,13,8,CAAGCTGGTCGGTAAATGTC,5,4006544
xdhAp2,0.5555555555555556,12,8,CAAGACGGTTAGCAGGGTAG,4,4004371
xdhAp2,0.7777777777777778,14,8,CAAACTGTTTGGGGTGAACG,6,3998603
xdhAp2,1.7777777777777777,23,8,ATTTCTCATACATTGTAGCA,15,3988542
xdhAp2,0.3333333333333333,10,8,ATTCGCAAGGAAGGTACAGT,2,3986787
xdhAp2,0.8888888888888888,15,8,ATGTGGCCCCCAGGACCGTA,7,3988838
xdhAp2,0.5555555555555556,12,8,ATGGATTCCGGCATCGCAGC,4,3984688
xdhAp2,0.4444444444444444,11,8,ATGATCGTTCGTGCCAGTCA,3,3982766
xdhAp2,3.3333333333333335,37,8,ATCTAACATTGATAGACGGC,29,3990696
xdhAp2,1.4444444444444444,20,8,ATCAAAGGCGTAATTTCATC,12,4002590
xdhAp2,1.5555555555555556,21,8,AGTTTTTTGTCGCAGACCCT,13,3994826
xdhAp2,0.7777777777777778,14,8,AGTTAGGGTATGCAATCCTC,6,3986290
xdhAp2,2.111111111111111,26,8,AGTGGGTTTCGATGGTACTA,18,3983498
xdhAp2,0.2222222222222222,9,8,AGGTAGCGCTACGTCGTGAA,1,4002934
xdhAp2,0.3333333333333333,10,8,AGGGCCAACCTTACGTCTTT,2,4008941
xdhAp2,0.8888888888888888,15,8,AGGCTTAACATATCAAGAGG,7,3983537
xdhAp2,0.7777777777777778,14,8,AGGCGGTTCATTCTTACGAC,6,4009988
xdhAp2,8.666666666666666,85,8,AGATGGACTTGGCGAAGGTT,77,3994198
xdhAp2,2.111111111111111,26,8,AGAGGACCTCTTTGTAAGCG,18,3986279
xdhAp2,3.0,34,8,ACTCGAGTAAGGACATGGAT,26,3989034
xdhAp2,0.5555555555555556,12,8,ACTACAGGTCTTTACGAGGT,4,4008573
xdhAp2,1.5555555555555556,21,8,ACGTCGGTCTGAGAACACTG,13,4012482
xdhAp2,0.8888888888888888,15,8,ACGAACGCAGTTCCCAGACT,7,4006457
xdhAp2,1.6666666666666667,22,8,ACCTGGGCCAAGTGAACCTA,14,4009600
xdhAp2,0.2222222222222222,9,8,ACCGCGGACGCAAAGGCAAA,1,3996433
xdhAp2,1.2222222222222223,18,8,ACATGATTCCTGCCCCGAGT,10,4002900
xdhAp2,0.6666666666666666,13,8,ACAGCGGTGAGTATGGTTAG,5,4013002
xdhAp2,3.0,34,8,ACAAGATGCGTTACTTGGCA,26,4006047
xdhAp2,1.4444444444444444,20,8,AATCAATGAGTTCGCAGGCT,12,3998170
xdhAp2,1.2222222222222223,18,8,AATACCGGAGATGCAGCTGG,10,3992166
xdhAp2,0.5555555555555556,12,8,AAGTGAAACTTCAGTGGGCA,4,3984935
xdhAp2,1.6666666666666667,22,8,AAGTAACATAGCTTACACAC,14,4013646
xdhAp2,0.2222222222222222,9,8,AAGCAACGGGGTCGGACGGG,1,3993059
xdhAp2,3.2222222222222223,36,8,AACTCAAGAATAAGGACTGA,28,3991099
xdhAp2,2.6666666666666665,31,8,AACTAGGGTTGCATGAGTCT,23,3992639
xdhAp2,0.3333333333333333,10,8,AACGAGGGTGACGATAGTAG,2,3992761
xdhAp2,0.4444444444444444,11,8,AACCTGGGACAGGAGTATTA,3,4014339
xdhAp2,1.6666666666666667,22,8,AAAGCTTCAGTTTGGAAGGC,14,3995067
xdhAp2,0.6666666666666666,13,8,AAACGACAAGCAGTGGGGAG,5,3982292
xdhAp2,0.25,8,7,TTTTCAAATGTCTGAATGTA,1,3983946
xdhAp2,4.0,38,7,TTTGCTGATCAGCGTTGTTC,31,3994750
xdhAp2,0.25,8,7,TTTGACGCGCTAATCACGAG,1,4001642
xdhAp2,0.875,13,7,TTGGCGTAATCGCGCACACA,6,3983763
xdhAp2,2.75,28,7,TTGACTCTCGGTACGTATGA,21,3998113
xdhAp2,2.625,27,7,TTCTAAGGGGGGGCCGAAAA,20,4010017
xdhAp2,0.625,11,7,TTCCGCGGCGTGGCCGACGA,4,3992336
xdhAp2,0.25,8,7,TTACGCTCGACCGGAGCATT,1,3981846
xdhAp2,2.0,22,7,TTAAAGCTAAATCAATAATC,15,3999765
xdhAp2,6.5,58,7,TGGTTAATCTGTCGGGGTCA,51,3990178
xdhAp2,5.0,46,7,TGGTGGGGAAACCAACTTGT,39,3990679
xdhAp2,1.75,20,7,TGGGTCGGAATCACCATGTG,13,3984972
xdhAp2,2.375,25,7,TGGAAGTGTCTGGGTTAACT,18,4003672
xdhAp2,0.5,10,7,TGCCGGTGAAGAAGCGGGGT,3,4007315
xdhAp2,6.375,57,7,TGCCATGTTCAGAGCGCATT,50,3992749
xdhAp2,2.875,29,7,TGAGCCGTGCAAGCAGTGTG,22,4005610
xdhAp2,2.125,23,7,TCGATATTTGAACGCGGTGA,16,4006175
xdhAp2,0.25,8,7,TCAGTGCTACGCATGGCTAA,1,3983192
xdhAp2,5.125,47,7,TATTAAGGACCCAATAACAA,40,3999423
xdhAp2,2.5,26,7,TATCCTATATGGGATCTGGT,19,4004558
xdhAp2,10.5,90,7,TAGGGTCCTGGCGGGGCTAG,83,4002543
xdhAp2,1.5,18,7,TAGGGCAACCCTGTCGATTC,11,4000759
xdhAp2,0.375,9,7,TACTTTTTGGTGAGAGCCAG,2,3982088
xdhAp2,0.25,8,7,TACTTGAGTAAGCAGGACAG,1,4012181
xdhAp2,0.25,8,7,TACCATAGGATTTAGGCCTT,1,3992764
xdhAp2,0.75,12,7,TACAGGTCCCCCCCTCAATT,5,3992939
xdhAp2,0.75,12,7,TAACTAAAGCTTGCTCTACT,5,3992441
xdhAp2,2.125,23,7,TAAATTCGGTAACAATTTCA,16,3986421
xdhAp2,2.375,25,7,GTTCCCCGTACCAACCAAGA,18,4001641
xdhAp2,2.5,26,7,GTCGCGGCTAGTATCGGAGG,19,4002604
xdhAp2,0.875,13,7,GTACGCGCTTTGTCAACGTC,6,3983455
xdhAp2,0.25,8,7,GTAACAGCCCTCTGAATGAG,1,3982923
xdhAp2,5.125,47,7,GGTTTAATTTTTGGTCTCCT,40,4004157
xdhAp2,0.25,8,7,GGTGGCAATGTTAGTTCCGC,1,4006972
xdhAp2,2.75,28,7,GGTCTCCTGCTCTTGTTGAT,21,3998206
xdhAp2,0.25,8,7,GGTCGCATGTCCGGGTGAAG,1,3993065
xdhAp2,1.5,18,7,GGTAGGTCCGCCCCCGTATC,11,3984975
xdhAp2,5.125,47,7,GGGTATCGGCTACTGGCCTT,40,3989320
xdhAp2,0.25,8,7,GGGCGGAGGTTGAATCGCTC,1,4007095
xdhAp2,0.375,9,7,GGGATCACGCAGGTTCCCCG,2,3991843
xdhAp2,0.25,8,7,GGGAGGTAACAAAGGATCAA,1,4014416
xdhAp2,6.125,55,7,GGCGCCCGTAAGTCCGTGTG,48,4000335
xdhAp2,4.0,38,7,GGATGACTGAGTAACGTAAT,31,4008173
xdhAp2,1.0,14,7,GCTTTATTGTAATCTTAGTC,7,4002153
xdhAp2,0.5,10,7,GCTGTGACACATCTCCCGTT,3,3989788
xdhAp2,0.25,8,7,GCTATGCACGTTCGGTGAAT,1,4011407
xdhAp2,0.25,8,7,GCCTTGGCTACGTTATATGA,1,4003056
xdhAp2,0.875,13,7,GCCGCTCCCTAGACCTCATG,6,3992356
xdhAp2,0.875,13,7,GCCCCCGACGTGCGGTTATG,6,4001229
xdhAp2,0.75,12,7,GCCATACTCTCCATAGCCTC,5,3999745
xdhAp2,1.125,15,7,GCCAACCATACAACGTTTAC,8,3993041
xdhAp2,0.25,8,7,GCATAACTGCAGCATTAGGA,1,3996214
xdhAp2,0.875,13,7,GATGATGGAGCTCAAGCCTA,6,3983742
xdhAp2,0.25,8,7,GAGTGCGTTGCCTTTTGCCA,1,3993869
xdhAp2,1.875,21,7,GAGGTCGTCAAGGCATGGAT,14,4005243
xdhAp2,0.75,12,7,GAGGGATGTTTGTCCACCGT,5,3983776
xdhAp2,0.25,8,7,GAGATACGGGCCGATTATGA,1,4011942
xdhAp2,1.125,15,7,GACCTACTATCGGTAGCCTC,8,3984352
xdhAp2,0.5,10,7,GACACCGTTAAGACTATGAA,3,3986545
xdhAp2,5.375,49,7,GACACCGATAGGATAGGAAT,42,4006208
xdhAp2,6.5,58,7,GAAGTTTTGTTGGCCTACGT,51,4014422
xdhAp2,1.75,20,7,GAAGGTCTAAAATGGCGTTT,13,3990776
xdhAp2,0.5,10,7,CTTTAAGGATTACTCAGCCC,3,3992823
xdhAp2,1.625,19,7,CTTATAAGGACTCAACTTTA,12,3982370
xdhAp2,1.75,20,7,CTTAGAACGGGACAACTCTC,13,3990176
xdhAp2,1.75,20,7,CTTACTTCCTGGGGGGAAAA,13,4007207
xdhAp2,0.375,9,7,CTGTTAGAAAAACAACCTCA,2,3994101
xdhAp2,1.875,21,7,CTGCAAAATGACAGCCCGGA,14,4003847
xdhAp2,1.25,16,7,CTGAATTCTAGACAAGCATA,9,3988157
xdhAp2,0.5,10,7,CTCGAGCTAGGTTCTGTTGG,3,4009147
xdhAp2,4.375,41,7,CTCATTGCTTGCAGTGCCAG,34,3983075
xdhAp2,0.375,9,7,CTATGCCACGTCTGTAAAAA,2,3990735
xdhAp2,1.25,16,7,CTATAGTCCTTCTGTATCAT,9,4010254
xdhAp2,0.375,9,7,CTAATCCACCCAGTACGCCC,2,3984727
xdhAp2,0.25,8,7,CGTTTAGGACAGGCAGCCAT,1,4011671
xdhAp2,0.75,12,7,CGGGTGTTTACAGAGCACGT,5,4009663
xdhAp2,4.125,39,7,CGGGGCGAAGTATGCAATTC,32,4009483
xdhAp2,2.625,27,7,CGGGGATACCAAATCGGGTA,20,4007268
xdhAp2,0.5,10,7,CGGGCACAGTGCTAGTCCGT,3,3983666
xdhAp2,2.625,27,7,CGGCCGCCCATATATCTGAG,20,3996172
xdhAp2,3.625,35,7,CGGAAAGTTTTCACTCCAAT,28,4000019
xdhAp2,1.25,16,7,CGCTGCTGTAGGGAGCCGCA,9,3995190
xdhAp2,2.5,26,7,CGCCTTACTAGGGATTAAAA,19,4008364
xdhAp2,2.0,22,7,CGCCCGGGATAAAAGGTGAT,15,4012922
xdhAp2,0.25,8,7,CGATCAACCGCCAATCTTTA,1,3983210
xdhAp2,0.25,8,7,CCTGTCTTTAGGTTACAACC,1,4013267
xdhAp2,0.375,9,7,CCGTAGTACTCGGCAGACAC,2,3996194
xdhAp2,2.25,24,7,CCGGTGCTATCGGCGGCGCA,17,4012266
xdhAp2,3.875,37,7,CCGGGGCTTCATTTTTCATA,30,3985120
xdhAp2,0.25,8,7,CCCCGCAGGCGGAGTTCGAC,1,3992477
xdhAp2,1.0,14,7,CCCATTCTACCGAGACATGA,7,3998962
xdhAp2,4.5,42,7,CCCACTATCAAAACGATGTC,35,3992463
xdhAp2,3.625,35,7,CCAGATTATACACCATCGTG,28,3982282
xdhAp2,0.625,11,7,CCAGAGAATTTGATTGCGCG,4,3994876
xdhAp2,1.5,18,7,CATTTTCTGATTTGGCTAAG,11,3987619
xdhAp2,0.875,13,7,CATCTAATGGCCTGCTGCAA,6,3982691
xdhAp2,3.625,35,7,CAGCCTATGGTTTTTGCTGG,28,4010421
xdhAp2,0.5,10,7,ATTTATTCTTGGGACACTCA,3,3997393
xdhAp2,1.5,18,7,ATTGTAAAGGTCTTATATTA,11,3985131
xdhAp2,2.875,29,7,ATGATTTCACTAATCGATGA,22,3994512
xdhAp2,0.875,13,7,ATCGAGTTAAACCCCACTGA,6,4008518
xdhAp2,0.875,13,7,ATCCGATTAGCTCTATACCC,6,3998915
xdhAp2,5.0,46,7,ATCACAACTGATTGGCTGTT,39,3982931
xdhAp2,2.5,26,7,ATAGGATACCTAGCAATGTC,19,3991162
xdhAp2,4.125,39,7,ATACAGAGAATTATTATGTT,32,3985582
xdhAp2,3.0,30,7,ATAACTCTTGGAGCCTGGGG,23,3997886
xdhAp2,0.25,8,7,AGGATAAATACTACGGCAGA,1,4004151
xdhAp2,0.75,12,7,AGCTCGTGAGCTATACTAGA,5,3990434
xdhAp2,0.75,12,7,AGCGTGGACGTCTTCTGCCA,5,3982913
xdhAp2,4.5,42,7,AGCGCATAGAACGTTCTCAG,35,3991156
xdhAp2,0.25,8,7,AGAATTGTTCGGCTAACCCT,1,4003909
xdhAp2,1.25,16,7,ACTACTGAGTCTCGTACGAA,9,3996842
xdhAp2,86.125,695,7,ACGTTTGATCAGGTAACAAT,688,4002541
xdhAp2,1.875,21,7,ACGCTCGTTATTCAGGGGGC,14,4010077
xdhAp2,3.125,31,7,ACGCCCGTCTCAAGGCCGGC,24,4013547
xdhAp2,1.375,17,7,ACCTGGGATTACCGTGCCTT,10,3989210
xdhAp2,1.875,21,7,ACCGCCCATTAGGTAACTCA,14,4006988
xdhAp2,0.375,9,7,ACAATATACGGGCCATAGGC,2,3982823
xdhAp2,4.125,39,7,AATTGTGATGTGGCTTGTAG,32,4009389
xdhAp2,0.25,8,7,AATGAAACTGTCAAGAGACA,1,3992191
xdhAp2,3.0,30,7,AATCCGATTCGTATTACTGG,23,3986753
xdhAp2,15.875,133,7,AATCAAGGAGATTCCGCGAA,126,3995019
xdhAp2,1.0,14,7,AATAGGGCTTCCCGGTGGAA,7,3989370
xdhAp2,4.25,40,7,AAGAACGTCAGTGCGTCAGA,33,3982788
xdhAp2,0.875,13,7,AACTGACCATCCCGTGTCCT,6,3994183
xdhAp2,5.625,51,7,AACCTTAAACTCGCATTCCC,44,3981845
xdhAp2,1.125,15,7,AAACGCGGTACCTAAGCCCC,8,3989449
xdhAp2,0.2857142857142857,7,6,TTTGTGTTCTATTAGTCCAC,1,3995043
xdhAp2,1.4285714285714286,15,6,TTTATTATTCGTCACCTCAC,9,3995107
xdhAp2,2.857142857142857,25,6,TTTAGACGTCCTGGTAAGCT,19,4010334
xdhAp2,1.4285714285714286,15,6,TTGTCGCCGCTGAGATATTA,9,4010028
xdhAp2,5.285714285714286,42,6,TTGGAGGCTACATGAACAAG,36,3994731
xdhAp2,0.42857142857142855,8,6,TTGCTGCGGTGCCCGAGTCT,2,4002072
xdhAp2,4.0,33,6,TTGAGGCCATCGCCGTTCTC,27,3988834
xdhAp2,1.4285714285714286,15,6,TTGACCAGAGCCTGAGTTAA,9,4004361
xdhAp2,0.8571428571428571,11,6,TTCTTACTTGTTGGCTCCGG,5,3992217
xdhAp2,2.857142857142857,25,6,TTCGCCGTCGCGGTTCTAGG,19,3990850
xdhAp2,4.0,33,6,TTCGCCGTACTACCCGTGAC,27,3996171
xdhAp2,2.2857142857142856,21,6,TTCGAGAGTCTGGCGTCATG,15,4013964
xdhAp2,1.1428571428571428,13,6,TTCCCGCTCAGTTCTTGCCT,7,3998421
xdhAp2,0.8571428571428571,11,6,TTATAACTTGCAATAGCCTG,5,3989684
xdhAp2,1.0,12,6,TTAGCGCATCTCGAGTTAAG,6,3984742
xdhAp2,1.2857142857142858,14,6,TTACACGATATTTCACTGCC,8,3998892
xdhAp2,7.285714285714286,56,6,TTAACTTACGAAACTGGGAT,50,3992377
xdhAp2,1.0,12,6,TTAAAAACCCTCAGCGGGTC,6,4009630
xdhAp2,1.1428571428571428,13,6,TGTTATTGTACGGTGCTTTC,7,4001122
xdhAp2,1.4285714285714286,15,6,TGTGTGCTGACTCTCCATTA,9,3996116
xdhAp2,5.714285714285714,45,6,TGTGCTTTTCCTCAAGGCTA,39,4000197
xdhAp2,0.42857142857142855,8,6,TGGTATCTAAAACGGGCAGA,2,3994500
xdhAp2,0.42857142857142855,8,6,TGCTGAGTGCTAAACAAAGA,2,3991466
xdhAp2,3.142857142857143,27,6,TGCATTGAAACACGGTTAGG,21,4003637
xdhAp2,4.0,33,6,TGATGCTCAAGTGGTAACCG,27,3984554
xdhAp2,1.4285714285714286,15,6,TGAATTGTTAATCCCACTAT,9,3985245
xdhAp2,10.571428571428571,79,6,TGAAAGACCACTTGGATTGA,73,3995021
xdhAp2,4.285714285714286,35,6,TCTTGTTAGGGATACACGGG,29,3990423
xdhAp2,0.7142857142857143,10,6,TCTAGGAGCCCCGGGAGGCC,4,3988266
xdhAp2,0.2857142857142857,7,6,TCTAATACGCCGCCGTCCGT,1,3995976
xdhAp2,0.42857142857142855,8,6,TCGTACCAAAAGTATTCGCG,2,4010317
xdhAp2,3.5714285714285716,30,6,TCGATAAAGGTTTGGCCTCA,24,4002950
xdhAp2,7.0,54,6,TCCTCTAACTTTGTCCAATT,48,4004710
xdhAp2,2.142857142857143,20,6,TCCGATACACGTTTTTAGCC,14,4014297
xdhAp2,0.2857142857142857,7,6,TATTCGGGTTCTAGTGGGAG,1,3998187
xdhAp2,4.857142857142857,39,6,TATGTAAGCTGTGCAAATTA,33,3985265
xdhAp2,8.0,61,6,TATCGGTCTTAAGAACTTTA,55,4000486
xdhAp2,1.0,12,6,TATCGCACCTGGGGCGGTGT,6,3985391
xdhAp2,1.1428571428571428,13,6,TACTTTGCATTTCGAACTAT,7,4001978
xdhAp2,4.714285714285714,38,6,TACGTATTCGCGGAGACCTC,32,4006696
xdhAp2,7.428571428571429,57,6,TACCCTGGATAGCAGGGCGA,51,3995072
xdhAp2,0.2857142857142857,7,6,TAAGGCACCTTAGTTAAAAT,1,3988974
xdhAp2,1.4285714285714286,15,6,TAAGCACTTACCTAGAAGCA,9,3983926
xdhAp2,1.5714285714285714,16,6,TAACACCCCACCCGTAGACC,10,4004026
xdhAp2,11.714285714285714,87,6,GTTGGTTGATGTAAATACCT,81,4009572
xdhAp2,3.142857142857143,27,6,GTTCTTAGCAGTACAGGAGG,21,3982180
xdhAp2,3.2857142857142856,28,6,GTTCCCTATGAGGATGAGGC,22,3994330
xdhAp2,3.7142857142857144,31,6,GTGCTGGTCCCACCCAACTA,25,3991222
xdhAp2,0.5714285714285714,9,6,GTGCTGAAGAGCATGCCAAA,3,3984085
xdhAp2,0.42857142857142855,8,6,GTGCTCAACTTCTGTCGCTG,2,4003256
xdhAp2,3.142857142857143,27,6,GTCATAAACCGTTCCCGAAA,21,3983316
xdhAp2,1.0,12,6,GTCAATACATTTCGTAGTAT,6,4005071
xdhAp2,1.0,12,6,GTAGGCAGTTTTCGATGCGC,6,3984341
xdhAp2,0.42857142857142855,8,6,GTAGCTACTCTCCCGACTAT,2,4012678
xdhAp2,22.714285714285715,164,6,GTAAGGCGGCAATCCAACCT,158,4002539
xdhAp2,5.142857142857143,41,6,GGTCAGCCCGAATTCGATAT,35,4003258
xdhAp2,1.5714285714285714,16,6,GGTAACTGTTTCTATACCTC,10,3983477
xdhAp2,0.42857142857142855,8,6,GGGCCTCTGACGCAATACCG,2,4007572
xdhAp2,4.285714285714286,35,6,GGCCTCATTTGGCGTTGTTA,29,3992439
xdhAp2,2.857142857142857,25,6,GGCATAATAGGTCGGCCGCT,19,4005902
xdhAp2,0.2857142857142857,7,6,GGAGTTAGGCTCACCCCTAT,1,3991523
xdhAp2,0.2857142857142857,7,6,GGAAAAGTCTCGCCCCTGCT,1,4001841
xdhAp2,1.1428571428571428,13,6,GCTTCCCCTTACCCCGGACT,7,4007250
xdhAp2,0.2857142857142857,7,6,GCGTTAGCGGTGTGCATCCT,1,3991467
xdhAp2,1.5714285714285714,16,6,GCGTCCCCCCATTGAGCTAG,10,3992540
xdhAp2,0.8571428571428571,11,6,GCCGTTGGCACAAATGCCCC,5,4003612
xdhAp2,0.42857142857142855,8,6,GATGTTGAGACAGGTCAACA,2,3984537
xdhAp2,6.714285714285714,52,6,GACACTAAAGTGTGTCCAAA,46,3994280
xdhAp2,1.7142857142857142,17,6,CTTGATGCCCATTTCCAACA,11,3995736
xdhAp2,4.0,33,6,CTTCGATAAAAAGCTCCATA,27,3994912
xdhAp2,1.4285714285714286,15,6,CTTAACGAGTGGCTAGTCTG,9,4009469
xdhAp2,1.1428571428571428,13,6,CTGTTGTCGCTCACCACTCT,7,4003445
xdhAp2,2.2857142857142856,21,6,CTGTTGGATGCCCGACCTTT,15,3981713
xdhAp2,5.285714285714286,42,6,CTGGTCCTAAGGAAGAATAG,36,3989979
xdhAp2,1.2857142857142858,14,6,CTCTATATCTCATTTCGCCT,8,4007825
xdhAp2,1.8571428571428572,18,6,CTACTAGGTGTATACATTAT,12,3992867
xdhAp2,4.285714285714286,35,6,CTACCAAGAGATAAGTAGTC,29,3986672
xdhAp2,2.7142857142857144,24,6,CGTTTCGGGAGCACTCACTA,18,4010413
xdhAp2,3.857142857142857,32,6,CGTTCCTCGGAACTAGGACC,26,4006868
xdhAp2,1.8571428571428572,18,6,CGTGTGTAAACCTACAGGCA,12,4005694
xdhAp2,1.5714285714285714,16,6,CGTATCATCTGGAATGTGTG,10,3998303
xdhAp2,0.8571428571428571,11,6,CGTATACCATGGCGCTTGGG,5,3986783
xdhAp2,0.2857142857142857,7,6,CGCTGAAGTCAGGATGGCTG,1,3982409
xdhAp2,0.42857142857142855,8,6,CGATTAATCCTCAAGGTGAT,2,4011482
xdhAp2,2.0,19,6,CGATAAGGATTTCCTGTTAC,13,3988761
xdhAp2,1.2857142857142858,14,6,CGAGATGTCCGTGACCCGGG,8,4003148
xdhAp2,1.5714285714285714,16,6,CGACCTGCCTGAAACATCCG,10,3996410
xdhAp2,1.4285714285714286,15,6,CGAAGCCTCCGGGGTTTCTC,9,3997473
xdhAp2,3.7142857142857144,31,6,CCTGCCCTAGCCCGCTGTGT,25,3990219
xdhAp2,0.2857142857142857,7,6,CCTCGATGCACGTTGAGAAG,1,3999821
xdhAp2,1.2857142857142858,14,6,CCTACTATCATGTGCGGGGT,8,3995118
xdhAp2,3.4285714285714284,29,6,CCGTGCATATCTTTCATGTA,23,4006162
xdhAp2,4.285714285714286,35,6,CCGGACTCCGTTAAACTGGA,29,4004338
xdhAp2,2.2857142857142856,21,6,CCCCTGATACATGTAGTTTA,15,4009030
xdhAp2,2.2857142857142856,21,6,CATTCGGACTCTTGCCGTTT,15,4005942
xdhAp2,2.857142857142857,25,6,CATCCTGCTGTACCTCGGAT,19,3981692
xdhAp2,0.2857142857142857,7,6,CATAGGAAATGGCGACGTGT,1,4013339
xdhAp2,3.5714285714285716,30,6,CAGTTGACATCTGTGTCTAT,24,3985464
xdhAp2,1.2857142857142858,14,6,CAGTGGCAGGCGTATGGCTA,8,3986289
xdhAp2,0.7142857142857143,10,6,CAGTGCTCTCGATACGGGCT,4,3997963
xdhAp2,10.0,75,6,CAGCTTTATGAGCTACACTT,69,4002927
xdhAp2,0.42857142857142855,8,6,CAGAGCGGCAACAAAATCAC,2,3990526
xdhAp2,6.857142857142857,53,6,CACCATCACGTCACAATGAC,47,3984605
xdhAp2,1.0,12,6,CACATCGCTCAGACGAGACT,6,4003139
xdhAp2,0.7142857142857143,10,6,CAACGTAGCCGCAAAGACTT,4,4005653
xdhAp2,0.5714285714285714,9,6,ATTGTGTTCAATAAAGGGGG,3,4013654
xdhAp2,1.1428571428571428,13,6,ATTCTACTATAAGGCCTCTA,7,4001572
xdhAp2,3.142857142857143,27,6,ATTCATTTAAGACGTACGGT,21,3986591
xdhAp2,2.7142857142857144,24,6,ATGGCAGACCTCTCCGCACA,18,3998009
xdhAp2,0.2857142857142857,7,6,ATGCTTTGAGCGACGAATAT,1,3987116
xdhAp2,2.857142857142857,25,6,ATCGGACACGTGACTCAGTA,19,3990979
xdhAp2,0.2857142857142857,7,6,ATACGCGTCCCATAATCAGG,1,3998492
xdhAp2,9.0,68,6,AGTACCCCGGCTATGTTGAT,62,3994885
xdhAp2,2.0,19,6,AGGTCGAATTTTATCGTAGT,13,4011579
xdhAp2,2.142857142857143,20,6,AGGTAAGCGCGCGCTCACTA,14,4000261
xdhAp2,3.5714285714285716,30,6,AGGCTTCCTGACTCAGCATC,24,3987128
xdhAp2,2.4285714285714284,22,6,AGGATCCCCTGGCGCGTGTG,16,3982090
xdhAp2,1.2857142857142858,14,6,AGGATCCCAGCATCAGGGGG,8,4011480
xdhAp2,2.857142857142857,25,6,AGACTATGGCCCATTAACTC,19,4003510
xdhAp2,3.142857142857143,27,6,ACTTGTAGTCCCACAGTAGC,21,4014302
xdhAp2,3.5714285714285716,30,6,ACTCATCAAGCCGCATAGGA,24,4000732
xdhAp2,1.5714285714285714,16,6,ACTCATATCTATTCTCCGTC,10,3999983
xdhAp2,0.7142857142857143,10,6,ACGTTAAGCGCCGCACCGTA,4,4011634
xdhAp2,0.2857142857142857,7,6,ACGTCGCATTCATCAGTCTG,1,4011662
xdhAp2,1.7142857142857142,17,6,ACGGTTAGGATCACTTCTGA,11,4010730
xdhAp2,0.2857142857142857,7,6,ACGGACAATTATCCCGCCTT,1,3982735
xdhAp2,0.42857142857142855,8,6,ACGCTGGCGGTACATCTGCC,2,4012344
xdhAp2,4.714285714285714,38,6,ACGATACAAAAATAAGAATA,32,3988417
xdhAp2,2.857142857142857,25,6,ACGAAGGCCTCGTGAATTAT,19,3988711
xdhAp2,4.571428571428571,37,6,ACCCTGTGTGGCATGAGGGT,31,3983979
xdhAp2,2.7142857142857144,24,6,ACCCGGAACAATACCATTCG,18,3995789
xdhAp2,1.0,12,6,ACACATTCCAATCCGGTACA,6,3987772
xdhAp2,0.2857142857142857,7,6,ACACACATCCGCTAGTAACC,1,3982185
xdhAp2,1.8571428571428572,18,6,ACAAAATCGCGAATTGAAGC,12,3989187
xdhAp2,2.7142857142857144,24,6,AATTAATTATCGATTTAGTT,18,3986187
xdhAp2,4.0,33,6,AATGTGCAAAACGAAAATGT,27,3994265
xdhAp2,4.857142857142857,39,6,AAGTGTTACTTGCTTGACCT,33,3985933
xdhAp2,2.4285714285714284,22,6,AAGTCTCTTCGGGGTACCCA,16,3997882
xdhAp2,0.5714285714285714,9,6,AACCATCTAATTATCCGGGA,3,3998220
xdhAp2,0.5714285714285714,9,6,AAACTCGTAGATAAAGCTAT,3,3982662
xdhAp2,2.3333333333333335,18,5,TTTCGTGGTCGGCAAATGTC,13,4005742
xdhAp2,2.5,19,5,TTGATAGCGCTAAGGCATCG,14,3989953
xdhAp2,5.5,37,5,TTGAGTCATGTACACGTATC,32,4014174
xdhAp2,0.3333333333333333,6,5,TTGAGGTTCTATCAGGCTAA,1,3986894
xdhAp2,2.0,16,5,TTCTTGAAAATCGCCATTCC,11,4009930
xdhAp2,1.8333333333333333,15,5,TTCTTAGATTGGGTTTTGTC,10,4013270
xdhAp2,2.0,16,5,TTCATTACGGGACTATTCGT,11,4008877
xdhAp2,1.8333333333333333,15,5,TTAACCTTTTTGACGCAAGG,10,3994145
xdhAp2,0.8333333333333334,9,5,TGTGCTTACCGTCAGTCGCT,4,3983387
xdhAp2,0.8333333333333334,9,5,TGTGAGATGAGAGAGTAATG,4,4008027
xdhAp2,0.3333333333333333,6,5,TGTCGCGATCCGGGTGCGAC,1,4009596
xdhAp2,0.3333333333333333,6,5,TGTAGCATGTTAGCCGGAAT,1,3987546
xdhAp2,0.5,7,5,TGGCTGTGTCGGTTTCTGAT,2,3986000
xdhAp2,6.5,43,5,TGGCCATAAGGAGCGTGGCA,38,3998677
xdhAp2,1.1666666666666667,11,5,TGGAACCCCATAGTGACTCG,6,3996881
xdhAp2,3.6666666666666665,26,5,TGCGAACTCTAACTTACGGT,21,4011404
xdhAp2,0.3333333333333333,6,5,TGACATTACGTAATACTTCC,1,4013724
xdhAp2,0.3333333333333333,6,5,TGACAGGTTTGCCTAGAGTC,1,4000877
xdhAp2,6.833333333333333,45,5,TCTGTCTATCGTGTACTGCA,40,4008436
xdhAp2,1.8333333333333333,15,5,TCTCTTTGGTTCCATTGCGC,10,3981546
xdhAp2,2.6666666666666665,20,5,TCTCACCTTGCCCGGTATTA,15,4013909
xdhAp2,7.5,49,5,TCGGTGTGTGTTGCTAACTT,44,4010672
xdhAp2,1.3333333333333333,12,5,TCGGCCGCCATCAACTTCCT,7,3989882
xdhAp2,1.3333333333333333,12,5,TCGGATACTCGCGTACGACA,7,4000764
xdhAp2,2.6666666666666665,20,5,TCATTAGCGGTCTTGCATAA,15,3986526
xdhAp2,3.6666666666666665,26,5,TCATGGTTCGGACATAGGCT,21,4004610
xdhAp2,0.3333333333333333,6,5,TCAGGGGCGCTAAAGCGAAT,1,4000639
xdhAp2,2.6666666666666665,20,5,TCAACGATTTTGCCACCTGC,15,4007922
xdhAp2,0.3333333333333333,6,5,TATTACGCGGATCTTATATG,1,3984893
xdhAp2,0.5,7,5,TATGTAAGAGAGCCAACGTA,2,3992092
xdhAp2,3.1666666666666665,23,5,TATGGGGTTAACGAGGCACT,18,3984255
xdhAp2,3.3333333333333335,24,5,TAGGCGGGGGGATCGTCCGT,19,4010605
xdhAp2,0.5,7,5,TAGGAGCTCATATTTGGGAT,2,3999267
xdhAp2,1.1666666666666667,11,5,TACCATGTGCCACATTTTTA,6,3981986
xdhAp2,3.0,22,5,TAAGCGTATCGCTCGCCAGT,17,4009774
xdhAp2,8.166666666666666,53,5,TAAGAAGCGGATATTCATGT,48,3994350
xdhAp2,0.3333333333333333,6,5,TAAATGGCTCTGTACAGCCT,1,4004658
xdhAp2,1.3333333333333333,12,5,TAAAGTCTTCAGTCCTAATT,7,3986201
xdhAp2,0.5,7,5,GTTCTCGGCCCGAGGTGGAC,2,4005853
xdhAp2,0.3333333333333333,6,5,GTTCGGTGGGACCACCTTAC,1,4006396
xdhAp2,6.666666666666667,44,5,GTGGTACGGGCGGCGAATAC,39,4006346
xdhAp2,4.833333333333333,33,5,GTGGCTCGTCGCAAAAAAGG,28,3994255
xdhAp2,3.1666666666666665,23,5,GTGATGTTGGCTACAGTACG,18,4010818
xdhAp2,0.3333333333333333,6,5,GGTGGTGGCTCGAAACGCAT,1,4010504
xdhAp2,0.3333333333333333,6,5,GGTATGTTCAGTGGGCAGAT,1,4008182
xdhAp2,0.3333333333333333,6,5,GGGGTGGGACAGGGTGGACA,1,3999215
xdhAp2,0.3333333333333333,6,5,GGCGTTCTCTCGAAAATTTC,1,4004295
xdhAp2,1.0,10,5,GGCCTTCGACGTCAGCCGAT,5,3999772
xdhAp2,4.166666666666667,29,5,GGATGCCAACAGGGCTCTAG,24,3985238
xdhAp2,2.5,19,5,GGAGAAATCCAGAGTTCAAT,14,3998171
xdhAp2,2.5,19,5,GGACCGTCTAGGAGAACTAG,14,4000851
xdhAp2,2.1666666666666665,17,5,GCTTTGGATGCTCCATCAAC,12,3990153
xdhAp2,1.1666666666666667,11,5,GCTTCACCTGGGAAACCATT,6,4008202
xdhAp2,1.0,10,5,GCTATCCCCTCGGCCTTCCG,5,3982555
xdhAp2,1.0,10,5,GCGTCTGTAGGTCGTTATGA,5,3984856
xdhAp2,3.1666666666666665,23,5,GCGGCTAACAGTCAAGTTAC,18,4007631
xdhAp2,1.5,13,5,GCGGCCCCACAACATCCCCC,8,3985787
xdhAp2,0.5,7,5,GCGCATATCCCTATTTTTTT,2,4006637
xdhAp2,1.6666666666666667,14,5,GCGAGGGCGCTTTTCCGTGG,9,4014201
xdhAp2,0.8333333333333334,9,5,GCCGGCGTTACGCCGACGGA,4,4011883
xdhAp2,0.8333333333333334,9,5,GCCGCTTGTGAAACAGTGCG,4,4001659
xdhAp2,0.8333333333333334,9,5,GCCGAACATTGATCAGCTGA,4,4000853
xdhAp2,0.5,7,5,GCATCTGCATAATTTACTCT,2,4004137
xdhAp2,0.3333333333333333,6,5,GCAAGAAGTCTCGGGACTAC,1,3985065
xdhAp2,1.5,13,5,GATTTCGGTTTACGGGCTGA,8,4000532
xdhAp2,0.8333333333333334,9,5,GATTGATCGCACCATCATCA,4,3989727
xdhAp2,4.166666666666667,29,5,GAGGGCGCCTACTAGCGCGT,24,3981931
xdhAp2,2.5,19,5,GAGCACCACCGTTTGGCGAG,14,4008754
xdhAp2,3.3333333333333335,24,5,GAGACGGAGCGAACGGACTT,19,3988978
xdhAp2,0.3333333333333333,6,5,GAGAAATCTCCATGCACCCG,1,4009710
xdhAp2,0.6666666666666666,8,5,GACTGGTGGCCTGCCGTAGA,3,3984008
xdhAp2,5.666666666666667,38,5,GACTACATTCGTAGGAAGGG,33,4010155
xdhAp2,0.3333333333333333,6,5,GACATCGCGCAGACGTAATG,1,3994842
xdhAp2,0.5,7,5,GACAGGATCTGCACGTTTGA,2,3985890
xdhAp2,1.0,10,5,CTTTTTGGCTTGGTATTGCC,5,3993480
xdhAp2,1.8333333333333333,15,5,CTTTGTAATAACTATTGCCG,10,4004953
xdhAp2,0.5,7,5,CTTGATGTCCTTGCAACACA,2,3997933
xdhAp2,1.5,13,5,CTGTATTTTACGAAACCTTA,8,3997241
xdhAp2,4.333333333333333,30,5,CTGGGTATACGTGAACCCTG,25,3989084
xdhAp2,0.3333333333333333,6,5,CTGGGGGAATTCCTTTCCTG,1,4003211
xdhAp2,6.333333333333333,42,5,CTGCTAGTGGGGTCTGGGGT,37,3992723
xdhAp2,4.5,31,5,CTAGGTCCCATGAACCAACG,26,3997218
xdhAp2,5.166666666666667,35,5,CTACACGTCTCGAAGATACG,30,4004835
xdhAp2,2.3333333333333335,18,5,CGTTTTATTATTTCGGACCT,13,4007341
xdhAp2,1.6666666666666667,14,5,CGGTATCAAGGCCTCTATAA,9,3996181
xdhAp2,12.833333333333334,81,5,CGGGTTACCTAACGTCATTC,76,3989313
xdhAp2,1.3333333333333333,12,5,CGGGGCTATAATCGTAAGGT,7,3984043
xdhAp2,0.3333333333333333,6,5,CGGGCACACGGAACGTCGCC,1,4007801
xdhAp2,0.3333333333333333,6,5,CGGCCTGATGGTTTGTGTCC,1,3995540
xdhAp2,9.166666666666666,59,5,CGGCAAGCGGACAAACTACA,54,4005566
xdhAp2,2.3333333333333335,18,5,CGCTAACTCGGGCCGCGGTA,13,3994966
xdhAp2,5.666666666666667,38,5,CGCATAGGAGTACTGATCAG,33,4003454
xdhAp2,0.3333333333333333,6,5,CGCAGTGCTTTAAGTCGTCG,1,3987877
xdhAp2,1.1666666666666667,11,5,CGACCAGGGTATCTCGACTA,6,4001869
xdhAp2,2.1666666666666665,17,5,CGAATGCGATAGATTTCTAT,12,3994389
xdhAp2,1.0,10,5,CGAAGTGTACCGATCCACAA,5,3983697
xdhAp2,7.333333333333333,48,5,CCTGTAGAAGGCTCTACATC,43,4002540
xdhAp2,3.6666666666666665,26,5,CCTCACAATGTGCGGTTTCA,21,3989757
xdhAp2,0.3333333333333333,6,5,CCGGCGTCTCACGGACGGGT,1,4008574
xdhAp2,0.6666666666666666,8,5,CCGCCAGGAATAGTGTGCGG,3,3995467
xdhAp2,1.0,10,5,CCGAAACTCTCGGCCAGTAC,5,4010932
xdhAp2,5.666666666666667,38,5,CCCCAGGTGCTGGTTCACTC,33,3987842
xdhAp2,4.166666666666667,29,5,CCATTCCGGCAACTACTATG,24,4011951
xdhAp2,6.833333333333333,45,5,CCATTAATTCAGGAGGGCGA,40,4005933
xdhAp2,1.1666666666666667,11,5,CCATCGTCACTCCCCGTGAG,6,4000138
xdhAp2,4.333333333333333,30,5,CCAAAGTAGAGAAATTCGCC,25,4002713
xdhAp2,2.5,19,5,CATTTCACGTAACGCCTCGC,14,4008330
xdhAp2,2.3333333333333335,18,5,CATTTAGCATTCTGGGTCTA,13,3988887
xdhAp2,0.8333333333333334,9,5,CATGTCCAGACTTCTCGAGT,4,4003467
xdhAp2,2.6666666666666665,20,5,CATCGGATCCAGATATAGCA,15,3994044
xdhAp2,3.6666666666666665,26,5,CAGTCTTCGTACGCTATTTA,21,3983158
xdhAp2,0.6666666666666666,8,5,CACGGTATGGAAAGACATTG,3,4009819
xdhAp2,4.666666666666667,32,5,CACCTGATGTATGCGCTCCA,27,3992661
xdhAp2,2.6666666666666665,20,5,CAAGTGGTTTTTTTGGGCAT,15,3993208
xdhAp2,6.166666666666667,41,5,CAACCTGTGTTTCCAAACTA,36,3987768
xdhAp2,12.166666666666666,77,5,ATTTAGACCCGTTCATCCTA,72,3988287
xdhAp2,2.0,16,5,ATTCCCAATTTATATTACCA,11,4013036
xdhAp2,3.1666666666666665,23,5,ATTAAGGAAGGAATATACTT,18,3985099
xdhAp2,2.3333333333333335,18,5,ATGGATGGCTCTAAGTACGG,13,3985301
xdhAp2,0.3333333333333333,6,5,ATCTTCTCAGGGGACTCGGG,1,3998772
xdhAp2,0.3333333333333333,6,5,ATCAGTAGCTACAAGGACAC,1,3996652
xdhAp2,2.5,19,5,ATACTATCGAGACTGCTTCC,14,3997260
xdhAp2,0.6666666666666666,8,5,ATAAGGTGGACCACGAAGAG,3,3983137
xdhAp2,3.6666666666666665,26,5,AGTCGAGCCCAGCTTGCCCC,21,4001184
xdhAp2,3.1666666666666665,23,5,AGTCCTCGATTTTCGCGCGT,18,3988967
xdhAp2,0.3333333333333333,6,5,AGTATGGATCTGCGGCTATA,1,3985561
xdhAp2,0.3333333333333333,6,5,AGGCCTTAATTGAAAAGCGT,1,3999007
xdhAp2,1.0,10,5,AGCTCATACGTTCACGACAT,5,4011397
xdhAp2,3.3333333333333335,24,5,AGATTTCTTTCTGTATCTCT,19,3987541
xdhAp2,2.1666666666666665,17,5,AGATGTCACTCGTCAGGCGC,12,3994672
xdhAp2,0.3333333333333333,6,5,ACTTGTTCCGATGCTGAACG,1,3999667
xdhAp2,7.833333333333333,51,5,ACTGATCCCTAGTTAATCCA,46,3988361
xdhAp2,5.5,37,5,ACTACGACCGGAGGCACCTG,32,3983586
xdhAp2,0.3333333333333333,6,5,ACCTGCTCATATTATCTTAT,1,3997225
xdhAp2,0.3333333333333333,6,5,ACCGAGGTGATATATAAGGT,1,3993931
xdhAp2,6.166666666666667,41,5,ACATAGTGGGCAATTCGGCA,36,4000924
xdhAp2,2.6666666666666665,20,5,ACAAGGCACGCTTAACTAGG,15,4010215
xdhAp2,3.6666666666666665,26,5,AATCTGGCGTACCTGGATTA,21,4010394
xdhAp2,0.3333333333333333,6,5,AAGGTAACGATAGAACAATG,1,3995993
xdhAp2,0.5,7,5,AAGAGTGGTAAGACCAGACA,2,4000772
xdhAp2,2.5,19,5,AAGACGGTCATTGGTTCGTC,14,3986359
xdhAp2,1.6666666666666667,14,5,AACTTTCCCGGCGAAAATGA,9,3989374
xdhAp2,2.1666666666666665,17,5,AACGCCGGCTGTAACAATGG,12,3997917
xdhAp2,6.0,40,5,AACCTATGACCATGTACGTT,35,4000873
xdhAp2,0.5,7,5,AACATGAGGTTCGCGAATTG,2,4011105
xdhAp2,0.3333333333333333,6,5,AAATGAGAATTTTTTTGCTA,1,4012785
xdhAp2,0.3333333333333333,6,5,AAAGCTTAGGTTAAGAAAAG,1,3998905
xdhAp2,0.6,6,4,TTTGTAACGCCCTTTTCCGT,2,4006014
xdhAp2,0.6,6,4,TTTGGCCACATATAGACTGG,2,3984459
xdhAp2,4.6,26,4,TTTCAATCGGTGCGGGCATA,22,3988224
xdhAp2,2.6,16,4,TTTCAACCTACGGAATTTGG,12,3985923
xdhAp2,1.0,8,4,TTGTAAAGGTAAGTCCGAGG,4,4002207
xdhAp2,1.2,9,4,TTCTAGAAGGGTTCATGCTT,5,3982040
xdhAp2,2.4,15,4,TTAGCCTCACTTTCAAAGCT,11,3988675
xdhAp2,0.4,5,4,TGTTTGACTGTCGGAGCACA,1,3994014
xdhAp2,1.8,12,4,TGTGTGGAGTCCCGGGCCGC,8,4003590
xdhAp2,3.0,18,4,TGTATATTGACCGATGTCAA,14,3982481
xdhAp2,0.6,6,4,TGGCTACTTCATTAGGGATT,2,4014177
xdhAp2,1.8,12,4,TGCCGCGTAGCGCCAGGCTA,8,3981889
xdhAp2,0.4,5,4,TGCCAGGTCTGGTAAATCAA,1,4012536
xdhAp2,2.0,13,4,TGATCTTAATGCTTGGCCGG,9,4004302
xdhAp2,0.4,5,4,TGAGTATGTGTCGGCTCCGA,1,4003183
xdhAp2,0.8,7,4,TGAGGACCGGCGTTATTTGC,3,4009998
xdhAp2,5.4,30,4,TGACACCATATAGTAATATC,26,3985188
xdhAp2,6.2,34,4,TGAAGGAGGTTGCGATGGAA,30,3999331
xdhAp2,0.6,6,4,TCTTGGGCGCGCATACAGGG,2,3991172
xdhAp2,2.6,16,4,TCTTCGGGTCTGTTTGACAT,12,3982999
xdhAp2,0.4,5,4,TCTTCCGAACCTTCTTGGGG,1,3994322
xdhAp2,2.8,17,4,TCTTCAGATTCAACCTCTGT,13,3990860
xdhAp2,2.8,17,4,TCTGTCCGAGCGACGACGGA,13,3987731
xdhAp2,0.4,5,4,TCTCCTCATTGGTGACAGCC,1,4011028
xdhAp2,0.4,5,4,TCTAGGGGATGTACTAGCAT,1,4010770
xdhAp2,17.0,88,4,TCGTTTCGTATTCTTTGCCT,84,3986058
xdhAp2,3.0,18,4,TCGTCGGAGAAGGGAAAGCA,14,3993391
xdhAp2,0.4,5,4,TCGTACTCATACTAGGTCTG,1,4003513
xdhAp2,3.6,21,4,TCGATCTACTGGTAATCTTC,17,4003625
xdhAp2,0.4,5,4,TCCGGGTAGGATTCAATATG,1,3998194
xdhAp2,0.8,7,4,TCCGAGGACTCTCACCTTAT,3,3999041
xdhAp2,6.2,34,4,TCCCCGGCGGGCCTATCGCT,30,4005382
xdhAp2,6.4,35,4,TCCCAGCGGATGTCTGGAGC,31,4012392
xdhAp2,0.4,5,4,TCAGCTAAAAGACCAGTTTC,1,3988694
xdhAp2,13.6,71,4,TCACCAAATATAGTTGGATT,67,3996432
xdhAp2,3.4,20,4,TATGGGCGAGAATTAGCCGT,16,3996369
xdhAp2,6.0,33,4,TATGAACGGTTTACGTTGTA,29,3992449
xdhAp2,3.8,22,4,TACGCTAGACTACCCCCTCC,18,3985503
xdhAp2,1.2,9,4,TAAGATATGCCCGGCGCGAG,5,3995765
xdhAp2,0.4,5,4,TAAAATTGGCCATTCCACGT,1,3982494
xdhAp2,0.4,5,4,GTTCTTTGATCTACTTTCCT,1,4012333
xdhAp2,1.0,8,4,GTTCCGGCTAGTAGAAGTGT,4,3981736
xdhAp2,2.8,17,4,GTGTTCTTCTCTCCAGGGAA,13,4007968
xdhAp2,7.2,39,4,GTGTCCCTGATCGTAGCTTA,35,4000124
xdhAp2,7.6,41,4,GTGCATATATGCCACCAGGT,37,3994761
xdhAp2,0.4,5,4,GTGATAGTGCGTCCATCGCT,1,3998440
xdhAp2,0.4,5,4,GTCTAACCTCTGTTCCTTAC,1,3990499
xdhAp2,2.8,17,4,GTCCTCTATTCGATATACAC,13,3995494
xdhAp2,0.8,7,4,GTATAGCCTGTCTTAATTAG,3,4011897
xdhAp2,6.6,36,4,GTACACATGACAAATTATGA,32,3997772
xdhAp2,0.8,7,4,GGTATCATAGTGTCGAAACT,3,3990420
xdhAp2,4.2,24,4,GGGGGTCGAGGATCGGCAGA,20,3989874
xdhAp2,1.8,12,4,GGGAGATCCTTTTCTCTTGA,8,3992338
xdhAp2,0.8,7,4,GGCTAACGGACATTAAAATT,3,4008659
xdhAp2,4.4,25,4,GGCGCGGTTTTTAAGATAGT,21,3985337
xdhAp2,0.4,5,4,GGCAATTCCGAGATCGGGTG,1,3982133
xdhAp2,14.4,75,4,GGAGGTCAAAATCTCTTTAC,71,4005804
xdhAp2,3.4,20,4,GGAAATAGTTCTGAATAGAG,16,3993531
xdhAp2,0.4,5,4,GCGGAGATTCGCGGTACGGG,1,3986087
xdhAp2,1.0,8,4,GCCGTGCAAAATGGAGCTCG,4,3990400
xdhAp2,6.8,37,4,GATTGCTGAAGCGGTGACCG,33,4006248
xdhAp2,2.0,13,4,GACTCGGCGCCACTCTAACT,9,3983985
xdhAp2,10.2,54,4,GACGCACGCCACCATTGGAC,50,3986427
xdhAp2,0.8,7,4,GACAATACTACACAGAATTT,3,3982592
xdhAp2,1.4,10,4,CTTTTCTTTGCGCGGAGTTT,6,3996143
xdhAp2,11.8,62,4,CTTTCTATCGTCGCTAGAAA,58,4014435
xdhAp2,2.2,14,4,CTTTCCTGAAGGCTGTTTGC,10,4009672
xdhAp2,1.2,9,4,CTTGTGCACAGACTACGTTA,5,4011743
xdhAp2,4.0,23,4,CTTGGCCCAGAACCTGATTG,19,3991436
xdhAp2,3.2,19,4,CTTGACTTAATTCGATGGCG,15,4012683
xdhAp2,6.0,33,4,CTTACCCAAGATGACTTAAC,29,3986785
xdhAp2,1.0,8,4,CTGCTGCCACTGTTTACCGA,4,3985560
xdhAp2,0.4,5,4,CTGAACTGAAGGCGTGCATC,1,4003420
xdhAp2,0.4,5,4,CTCATTTACGCTTTCGGTTC,1,4009585
xdhAp2,1.8,12,4,CTACCACTAACGAGAAAGTA,8,3990888
xdhAp2,9.6,51,4,CGTTAACACACACCCCCGAG,47,3983339
xdhAp2,4.6,26,4,CGGCTGTGGGAACCCACCGA,22,4009204
xdhAp2,0.8,7,4,CGCGGGAGAACGTTTGTATT,3,3983469
xdhAp2,1.6,11,4,CGCCTGGTGGGGTTTGGGCT,7,4004752
xdhAp2,4.4,25,4,CGCCGACAAGCCTGATGAGA,21,4010782
xdhAp2,1.2,9,4,CGATCTTGGGTCAAAACTCG,5,3983934
xdhAp2,6.6,36,4,CGACCCGACAAAAGGGATCG,32,3983022
xdhAp2,4.2,24,4,CCTGCCCGCCTAGGATCATT,20,4000960
xdhAp2,2.0,13,4,CCTCTCCAATAGTCAGTATG,9,3994865
xdhAp2,5.2,29,4,CCTACTATGTGTGAAGACCT,25,3982623
xdhAp2,3.8,22,4,CCGTGAGTGTGGTCCTGGCT,18,3999953
xdhAp2,10.6,56,4,CCGCTCCAGGACCCGCCTCG,52,4013095
xdhAp2,3.2,19,4,CCGCCCGGAGCGCAACAAGC,15,3994756
xdhAp2,0.8,7,4,CCGAATGAGGACGTGCGTCT,3,3983660
xdhAp2,1.0,8,4,CCCTTGCACGTTCTTCGTCG,4,3988295
xdhAp2,0.4,5,4,CCCTCTTAGATTTGTTGGTG,1,3992011
xdhAp2,0.4,5,4,CCCGCGCATCTTAACGTAGT,1,4003717
xdhAp2,7.4,40,4,CCCATGGTCATCGTAATGTG,36,4005079
xdhAp2,2.4,15,4,CCATTGAACTATTAGGAAGA,11,4008176
xdhAp2,1.0,8,4,CATTTCTCACCTCATATAAA,4,3988336
xdhAp2,5.8,32,4,CATTTACCACGGACGGCCTA,28,4014254
xdhAp2,6.2,34,4,CATTCAAAGCCGTTGCAACC,30,3985382
xdhAp2,0.4,5,4,CATCCGCATTCCCACCCCCT,1,3989115
xdhAp2,2.6,16,4,CAGTCTCACAGATGCTAATC,12,3994356
xdhAp2,16.0,83,4,CAGCTCATGACTACCCGGCT,79,3990151
xdhAp2,5.8,32,4,CAGACGGAGCAATCCTGTCA,28,4010165
xdhAp2,3.6,21,4,CACGTGGATCCCCACTTTTC,17,4000317
xdhAp2,1.2,9,4,CACCGGGGGCAATTGCAGAA,5,4005323
xdhAp2,3.6,21,4,CACCCGCACCTGCTCCGTTG,17,4002325
xdhAp2,10.6,56,4,CAAATTCGGTGACTAGGTCT,52,3998538
xdhAp2,1.0,8,4,CAAAACAGTTCGTATAGATA,4,3987445
xdhAp2,2.6,16,4,ATTTGTGACTAACCTATTAT,12,3985969
xdhAp2,0.4,5,4,ATTTGGTTCGGTGCTCGGGG,1,3994845
xdhAp2,0.6,6,4,ATTGCCCATCACGGCGCGAA,2,4003961
xdhAp2,3.6,21,4,ATTCTCAACGCTCCAGGATG,17,3987470
xdhAp2,12.8,67,4,ATGTGGCTGGTCCGGGTTAC,63,4005084
xdhAp2,2.0,13,4,ATGCGTCGTCTGATCAGACC,9,4011688
xdhAp2,6.6,36,4,ATGCACAGGGCGGAGCTCCG,32,3989278
xdhAp2,0.4,5,4,ATCGTAAAAGTCCCTGTGGA,1,3985867
xdhAp2,4.8,27,4,ATCGCAAAAGGTATCACATC,23,3985298
xdhAp2,3.8,22,4,ATCAGTTCTTCTACACGACG,18,4000623
xdhAp2,7.0,38,4,AGGTTCGTATACCTAAATCC,34,3996339
xdhAp2,0.4,5,4,AGGTGGAACTTCAGCATTCA,1,3999059
xdhAp2,0.4,5,4,AGGCGGCTCATGTGGTCAGT,1,3999638
xdhAp2,0.4,5,4,AGGAGTTGATCGCAAATTAA,1,3992306
xdhAp2,5.8,32,4,AGACTCAGACATTGGTTCCA,28,3989021
xdhAp2,0.4,5,4,AGAAGCGCCACTTCATCAGT,1,4004999
xdhAp2,4.6,26,4,ACTTATTGCCTGGTTATTTA,22,4003487
xdhAp2,0.4,5,4,ACGCGAGAAGTCCGTGATAC,1,4014420
xdhAp2,3.4,20,4,ACGAGCAGTTTTATAAAATT,16,3983061
xdhAp2,5.8,32,4,ACCGGGTAGGCTGGAACAGG,28,4000470
xdhAp2,7.8,42,4,ACCAGACGACATCGTTGATT,38,4006173
xdhAp2,1.8,12,4,ACAACAGTCGAACCGGCACG,8,3985911
xdhAp2,1.6,11,4,AATTCTCTAAGGTGCAACGA,7,3989633
xdhAp2,7.4,40,4,AATGTGACAAGTGGCGGGAA,36,3997836
xdhAp2,14.0,73,4,AATCCCGAACACGGTGAACC,69,4010396
xdhAp2,0.8,7,4,AAGGTAGGCGGGGTATTCAG,3,4009739
xdhAp2,1.4,10,4,AAGAAGGCATTCACAAGCGT,6,4000658
xdhAp2,6.0,33,4,AACTGAGCCTCGTGGCTACA,29,4012672
xdhAp2,2.2,14,4,AACCAATAGACAGACAAAGT,10,3984379
xdhAp2,5.0,28,4,AAACTTTCTTTCACTCTTGA,24,4004052
xdhAp2,0.4,5,4,AAAACGTGGACCAGCACAGT,1,3992262
xdhAp2,6.2,34,4,AAAACCTTCCCAGTTCGCTT,30,4008523
xdhAp2,1.25,7,3,TTTTGGCCGCATAGTGGGAC,4,3992184
xdhAp2,7.5,32,3,TTTGAGGCGAGCACGTGCGT,29,4002371
xdhAp2,4.0,18,3,TTTCTGGCTACGTAGTATAA,15,3995470
xdhAp2,4.25,19,3,TTTAACGTTCAGTGCATGGG,16,3997234
xdhAp2,2.0,10,3,TTGTCGAAACCTGACCCCGT,7,3984497
xdhAp2,0.75,5,3,TTGGGTTAAATTCCCGGTTA,2,4006079
xdhAp2,4.75,21,3,TTGCCGCGGGGATCTCCTAA,18,3994193
xdhAp2,4.0,18,3,TTGAGAATCGGATAGCCTAA,15,4003634
xdhAp2,2.0,10,3,TTATCATTGATACTGTTTAT,7,4006950
xdhAp2,13.75,57,3,TGTTGGTGGGGGGACTAAGA,54,3983343
xdhAp2,0.5,4,3,TGTTCGGTGTTTGTATTGTT,1,3985861
xdhAp2,1.0,6,3,TGGTTATCGTACACCATAGG,3,3986222
xdhAp2,3.0,14,3,TGGTCCGCATACGTTTCTTA,11,4011623
xdhAp2,2.0,10,3,TGCTTAGGATGTATGCGTCG,7,3996341
xdhAp2,9.75,41,3,TGCTTACGTACAACCGGTGG,38,3997035
xdhAp2,3.0,14,3,TGCAACTGTAACACCTTCAG,11,3987013
xdhAp2,5.25,23,3,TGATCTTATCTAGCTTAGGC,20,4014176
xdhAp2,0.75,5,3,TGATCACCCGGAGGCATCAA,2,4007656
xdhAp2,9.75,41,3,TGAAGTACCAACGACACCGG,38,4008342
xdhAp2,5.25,23,3,TCTAAAGGATCCTCGTTACT,20,3990823
xdhAp2,0.5,4,3,TCGGAGGTTCCTAAGCTAAT,1,4003353
xdhAp2,3.5,16,3,TCCATAGTAAGCCCCCCGAG,13,4011445
xdhAp2,9.0,38,3,TCATGCACGTCTATGCAACT,35,4007218
xdhAp2,2.25,11,3,TCACGCTCGGGTGCCCAACT,8,4010889
xdhAp2,1.25,7,3,TCACAACCTGGGAACAGATG,4,4006401
xdhAp2,1.75,9,3,TATAGGGGCGATTGGAGCCT,6,3991074
xdhAp2,0.5,4,3,TAGAGAGGGAGTAAATGGGT,1,4004352
xdhAp2,12.25,51,3,TACATATGTCACAGCCGCTG,48,3996326
xdhAp2,0.75,5,3,TAATTTGGGTGCACCATAGG,2,3981582
xdhAp2,1.75,9,3,TAATCGCGCGATCATCCTAT,6,3998494
xdhAp2,0.5,4,3,TAATCCATTTATTCGTACGG,1,4013312
xdhAp2,0.5,4,3,TAACCATACTGCCTCGTTAT,1,3994925
xdhAp2,3.5,16,3,GTTTATCTTGGCCGTTAATC,13,3983853
xdhAp2,10.0,42,3,GTTCGAAGGCAAGAACATCC,39,4002491
xdhAp2,1.25,7,3,GTTACAATGATGACAGCGGC,4,4012860
xdhAp2,10.5,44,3,GTGACCTGCCCAAGGCCAAA,41,3985700
xdhAp2,6.25,27,3,GTCTCCGACACTTGTCGTAG,24,3993286
xdhAp2,6.5,28,3,GTCGGGGTCGGGCCACTCTC,25,4006275
xdhAp2,6.25,27,3,GTATTGGAGGACGTTGCGCC,24,3981687
xdhAp2,1.0,6,3,GTATAGGCAAATGTGATCAT,3,3991474
xdhAp2,0.75,5,3,GTAGGCTCCCTATATCATGC,2,3982259
xdhAp2,1.0,6,3,GTACGCGCCGGGAATTACGG,3,3991510
xdhAp2,4.0,18,3,GGTTTGAATGCCGACGAAGT,15,4007814
xdhAp2,0.5,4,3,GGTTGTATGATTGGTCCTCC,1,4005656
xdhAp2,0.75,5,3,GGTTGCAACTTAGCACCGCA,2,4003754
xdhAp2,5.75,25,3,GGTGGTCGCCAGTTAATGCC,22,3990384
xdhAp2,1.25,7,3,GGTCTAGTTGGTAAGAAATA,4,4013681
xdhAp2,11.0,46,3,GGTAAACCGAATAACGGTTA,43,4008874
xdhAp2,6.0,26,3,GGGCTACCGATGTGATAGTA,23,3988118
xdhAp2,2.75,13,3,GGGCAATAGGGGGATTTGAC,10,3990629
xdhAp2,5.75,25,3,GGGATTAGTCCACTTCAACT,22,3992298
xdhAp2,1.25,7,3,GGGATCTTACCACCGATACG,4,4006345
xdhAp2,8.25,35,3,GGCAGGAGTGCACCACCCTC,32,4002386
xdhAp2,5.5,24,3,GCTCTTAACATCCTGTGGGA,21,3989368
xdhAp2,5.0,22,3,GCGTAAACACGGGACAGCCT,19,3990984
xdhAp2,5.5,24,3,GCGGTTCGTGATATACTATT,21,3992031
xdhAp2,3.75,17,3,GCGCTTGGGCCTCTTTGCGC,14,3983917
xdhAp2,4.0,18,3,GCGCGCCACTTGGTAACGGT,15,3987604
xdhAp2,0.75,5,3,GCCGGCAAGGGCTGGTAGTC,2,4013399
xdhAp2,4.75,21,3,GCCCAGGACGGTATGCTGTT,18,3986280
xdhAp2,1.25,7,3,GCCATACACAAGTGCAGGTC,4,3984082
xdhAp2,0.5,4,3,GCCAGGCTACCTGTTTGTCC,1,3988437
xdhAp2,6.75,29,3,GCAGTCTCACAATCTATACG,26,4010311
xdhAp2,9.75,41,3,GATATGTCCAATAGTCCTCT,38,3993904
xdhAp2,6.0,26,3,GAGTTAGGTATGAATGGCCC,23,4005070
xdhAp2,2.75,13,3,CTTGGCGCTCGAAGTGGACA,10,3988661
xdhAp2,0.75,5,3,CTTGGCCTTCAGCTGACCGC,2,4009623
xdhAp2,3.0,14,3,CTTACGCTTAATGGACGCGC,11,4000697
xdhAp2,4.25,19,3,CTGCGGCTATCTTTCCATTA,16,4004894
xdhAp2,0.75,5,3,CTCGAGTGGTTCCGCCTCGC,2,4003622
xdhAp2,7.25,31,3,CTCCTGGATTCCATCGCGTA,28,3995612
xdhAp2,0.5,4,3,CTCACTGAGCAGTTCCGGAA,1,3994992
xdhAp2,5.25,23,3,CTATAAGGCGTAATACTGAA,20,4005725
xdhAp2,1.0,6,3,CTATAAATCGTGGCAGGTAC,3,3989479
xdhAp2,2.0,10,3,CTAGCCGCACCCTTTGGGAC,7,3996689
xdhAp2,0.5,4,3,CGTCCAGTCTAACGGCCCCA,1,4010601
xdhAp2,7.75,33,3,CGGTTTATGTTCATTCGTGT,30,4008495
xdhAp2,2.25,11,3,CGGTGGTCACCCGTTCGCAT,8,4004677
xdhAp2,2.0,10,3,CGGTCCGACTGGTGAAACAA,7,3986669
xdhAp2,9.25,39,3,CGGTAAAATCCGTGTTTGCC,36,4007129
xdhAp2,3.0,14,3,CGGCCTAATCCACTATCCAT,11,3994960
xdhAp2,5.5,24,3,CGGCAGTTCGCGATTTGGAT,21,3992731
xdhAp2,2.25,11,3,CGCTCGGCTACGGCTGTACG,8,4014296
xdhAp2,8.0,34,3,CGCTACGATCATCTAGGAAT,31,3988228
xdhAp2,1.75,9,3,CGCGGAGGTTAGCCGATAGA,6,4004759
xdhAp2,3.0,14,3,CGCATTGGTTAGAGAATCAA,11,3992258
xdhAp2,2.5,12,3,CGATACTGTTATAACTATGT,9,4004375
xdhAp2,1.5,8,3,CGATAAGTGGGTGTGCTTCC,5,4006310
xdhAp2,6.75,29,3,CCTTGCGGGACAGGCCTGAA,26,3999639
xdhAp2,3.0,14,3,CCTGGCGGAAGTGACTGGGA,11,3992796
xdhAp2,2.0,10,3,CCTATAACTGATCTTCAGGG,7,3992076
xdhAp2,20.75,85,3,CCGCGTCGGGACGGGCATCT,82,3983912
xdhAp2,4.5,20,3,CCGCCTACTTGCGGTGAAGT,17,4000803
xdhAp2,10.75,45,3,CCCTCTAGATAGCCTCTAAT,42,4004196
xdhAp2,1.0,6,3,CCCGTGATGTACTAACGGGG,3,4011198
xdhAp2,6.75,29,3,CCCGGGCGTCAACGACGTCA,26,4003213
xdhAp2,8.0,34,3,CCCATCATAATGTTTTTATA,31,3994406
xdhAp2,1.25,7,3,CCCACATACCAAAGCTGTGC,4,3995781
xdhAp2,3.25,15,3,CCATGGGAATACGCGCTGTT,12,3984934
xdhAp2,2.0,10,3,CCACGTACAGGCGTAGGGAT,7,3984219
xdhAp2,2.75,13,3,CCACAGGCCGTCAAATGAAG,10,3992732
xdhAp2,5.25,23,3,CCAAGAATTGAATTTGACTG,20,4001652
xdhAp2,3.25,15,3,CCAACGTCCAGCGGCGTGTA,12,3986457
xdhAp2,2.75,13,3,CATGTTCTCAGCTAGCCTTA,10,3991671
xdhAp2,7.5,32,3,CAGTGGAATCGATCAGCGCG,29,4001061
xdhAp2,1.75,9,3,CAGCTAAATGTGTATCTTAA,6,4011975
xdhAp2,0.5,4,3,CACGGCATTTGACGAACTGT,1,3995127
xdhAp2,4.75,21,3,CACAGATGTACTCACATTCA,18,4002361
xdhAp2,3.25,15,3,CAATGGCTATCCGGCAGTGA,12,3999409
xdhAp2,7.25,31,3,ATTGTGCGCGCTTGCAACTC,28,4007823
xdhAp2,0.75,5,3,ATTGAGCCCCAAGGTGGTCT,2,3992705
xdhAp2,5.5,24,3,ATTAGGCTACTTCATGTCCC,21,4001593
xdhAp2,1.75,9,3,ATTACCAGGCGAAGCGGGGA,6,3995076
xdhAp2,2.75,13,3,ATCTAAACGCTGTGTGACAT,10,3997838
xdhAp2,9.75,41,3,ATCCGAGGTTTCCCGTCGGT,38,4000692
xdhAp2,12.25,51,3,ATATTGCGCAACATCAGCGC,48,3986134
xdhAp2,0.5,4,3,ATAGTAACTCCATGATCTGC,1,4008298
xdhAp2,1.0,6,3,ATACTCGCCTGAGTGCTTCG,3,4014235
xdhAp2,1.25,7,3,AGTTCGTCGGTACGATGCCA,4,4001280
xdhAp2,2.0,10,3,AGTAGGTATTTCACGGGCCA,7,4004618
xdhAp2,5.0,22,3,AGGTTCTGTGACGGGGGCGC,19,3988011
xdhAp2,5.0,22,3,AGGGGTTGTCACTTTGAAGT,19,3997702
xdhAp2,0.5,4,3,AGGGCTGTCTAGGTTGAGGC,1,3992082
xdhAp2,0.5,4,3,AGGCCCAGGCGATGCAGTTA,1,4007389
xdhAp2,0.5,4,3,AGGACGATAGGTACAAAGCA,1,3982789
xdhAp2,3.0,14,3,AGCGCGTGCGGCAGGGCGGA,11,3998641
xdhAp2,0.5,4,3,AGAGCCGGGTAATAAATTCG,1,4009497
xdhAp2,2.5,12,3,AGACAATGTGTACTTGCTGA,9,3990683
xdhAp2,2.5,12,3,AGAATTAATCAAAGAATATA,9,3989625
xdhAp2,2.5,12,3,AGAAAGCGGTTCTGACTGTA,9,4010677
xdhAp2,8.0,34,3,ACGTGGTGTCTCGAATACCA,31,3982425
xdhAp2,11.0,46,3,ACCTGTGGCGTCTAAAACGC,43,4003563
xdhAp2,4.0,18,3,ACCGTACATGGAGTAAGGTC,15,3998332
xdhAp2,2.5,12,3,ACACTTTCACTGTTGGATTG,9,3995771
xdhAp2,5.75,25,3,ACACCGACTCTGGAGCTGAT,22,3996376
xdhAp2,0.75,5,3,AATTACCTTGCACATCAGTG,2,4002798
xdhAp2,1.25,7,3,AATCGGTTGCTCGTCGATGA,4,4008049
xdhAp2,0.5,4,3,AATATCCGCTCACCGATGTT,1,3992916
xdhAp2,9.0,38,3,AAGAGTTTACGATCTCAGAA,35,3995017
xdhAp2,0.5,4,3,AACGGTCTTCGCGGTAAGAT,1,3986257
xdhAp2,0.5,4,3,AAAGTACTATGATCGTGTCC,1,4014437
xdhAp2,1.75,9,3,AAAGACCTGAGCCCAAAGCA,6,3986096
xdhAp2,2.3333333333333335,8,2,TTTTTTTTTAAAACCCTTTA,6,4007697
xdhAp2,2.6666666666666665,9,2,TTTTGATATAGTAAGTGGCA,7,3999576
xdhAp2,1.0,4,2,TTTTATTCACCTTAACTCGA,2,3998938
xdhAp2,10.0,31,2,TTTGAGGATCGTTTTGTACA,29,4004257
xdhAp2,3.3333333333333335,11,2,TTTCCTCCTCAATTCTGCAG,9,3990811
xdhAp2,6.0,19,2,TTGTAATGTAGTTACTCTGA,17,3988896
xdhAp2,7.0,22,2,TTGTAACCTCTTAGCGAGAA,20,4005009
xdhAp2,3.0,10,2,TTGATGAACAGGGTTATATA,8,4002388
xdhAp2,3.6666666666666665,12,2,TTCTTAAGTGGCGGCTGTGC,10,4003130
xdhAp2,1.3333333333333333,5,2,TTCTGCATGCTAGTCGGGAG,3,4012465
xdhAp2,1.6666666666666667,6,2,TTCTCTGGCGACGAAGAGCT,4,3990062
xdhAp2,1.0,4,2,TTATGTCAATGGTTGCCTAA,2,4005766
xdhAp2,0.6666666666666666,3,2,TTATCAAGTCCGGATAAGGA,1,4011342
xdhAp2,0.6666666666666666,3,2,TGGGTGTTTCTCGGGAATCT,1,4013649
xdhAp2,1.0,4,2,TGGCAGACTCATCATCTCAC,2,4008668
xdhAp2,2.3333333333333335,8,2,TGCCGGAAGGTTCCTGCAGC,6,3997865
xdhAp2,1.6666666666666667,6,2,TGACTCGCCTACCTGTGAAT,4,3998072
xdhAp2,7.0,22,2,TGACAGACTAACACGGAGTG,20,4011473
xdhAp2,15.0,46,2,TGACAACCATTAAAGGTTGA,44,3982993
xdhAp2,1.0,4,2,TGAAAAAGTTCGCTGTAATG,2,4006956
xdhAp2,9.0,28,2,TCTCGTTCTTTCAGTGCATA,26,3991830
xdhAp2,4.0,13,2,TCGTCAAGAATTTCCAGATC,11,3983238
xdhAp2,0.6666666666666666,3,2,TCGCTTCGGCCACTTGATTT,1,3997809
xdhAp2,24.0,73,2,TCGATACTAGGCGTAGTCAT,71,4001688
xdhAp2,3.6666666666666665,12,2,TCCAGTTCTTCCAGCGACCT,10,3998299
xdhAp2,1.6666666666666667,6,2,TCATTAATCTCAGTCTGAAT,4,3995151
xdhAp2,17.0,52,2,TCAAATTGAGGGCGCCTCGC,50,3993651
xdhAp2,2.0,7,2,TATTCACGAGGTCATGGGTA,5,3992283
xdhAp2,1.3333333333333333,5,2,TATTATTTTTATTAATCAGA,3,3986369
xdhAp2,4.0,13,2,TATCAATTGCAGCCCGTCTC,11,3981653
xdhAp2,1.6666666666666667,6,2,TAACCATCAGCTAAGATCTT,4,3984462
xdhAp2,1.6666666666666667,6,2,TAAAATGCCGCCTAGTCAGA,4,4002258
xdhAp2,3.6666666666666665,12,2,GTTTGAGTGTGCAGCTTGAA,10,3991046
xdhAp2,6.333333333333333,20,2,GTTGTTGGTTAGTACTAAGT,18,3984147
xdhAp2,8.333333333333334,26,2,GTTCTCTACTGCTCGAGCCC,24,4007831
xdhAp2,3.0,10,2,GTTCCGCGTAAAGCAACTAA,8,3985210
xdhAp2,5.0,16,2,GTTATCTACTCAGTCTTCAA,14,4004230
xdhAp2,4.0,13,2,GTTATCGTTATACAGCACAG,11,3984763
xdhAp2,16.333333333333332,50,2,GTTACGGAATACCGCCGTTA,48,4002901
xdhAp2,4.333333333333333,14,2,GTGGGGCATCAACCTCCCCC,12,3981615
xdhAp2,4.666666666666667,15,2,GTGGAGAACATGGAAACTAA,13,4013770
xdhAp2,4.0,13,2,GTGCTGACTATACAGCTGCC,11,4000846
xdhAp2,8.0,25,2,GTGACCTCATCCCCGGTGTC,23,3985749
xdhAp2,0.6666666666666666,3,2,GTCTCAATAGTTGTAAAACC,1,4000719
xdhAp2,1.0,4,2,GTCGCCGCTTGTGGCACAGA,2,4005835
xdhAp2,0.6666666666666666,3,2,GTCCCGGCGAATAGTCTAGC,1,4000794
xdhAp2,6.666666666666667,21,2,GTCATGGGGTACAGTATTTT,19,3986898
xdhAp2,0.6666666666666666,3,2,GTATTCGATCCGGGGGTGTG,1,4013600
xdhAp2,9.333333333333334,29,2,GGTTCTGCTTGGGTGCAGAG,27,3983427
xdhAp2,5.333333333333333,17,2,GGGGATCAGTGGGGTGTCTA,15,3991854
xdhAp2,6.0,19,2,GGCCAGACGGGCGCATCTTC,17,3982506
xdhAp2,0.6666666666666666,3,2,GGCAGACTGATTGGAGTGAG,1,4002180
xdhAp2,4.333333333333333,14,2,GGACGGTAAGGTGGCCTTCG,12,3999904
xdhAp2,5.333333333333333,17,2,GCGTAAGGTGATCTGGCGTC,15,4011341
xdhAp2,3.3333333333333335,11,2,GCGCGCCACGTGTCAACCCT,9,3997172
xdhAp2,4.666666666666667,15,2,GCGCCCCGCAGCCCAGTAGG,13,3982412
xdhAp2,7.666666666666667,24,2,GCCTTTTACGTCTCGTGGGA,22,4001432
xdhAp2,1.0,4,2,GCCGGTCAATGAATCCTGTG,2,4003642
xdhAp2,9.666666666666666,30,2,GCCACGTACGAAGCAATTTG,28,3987468
xdhAp2,1.6666666666666667,6,2,GCATTGGTCTAGACTCAACC,4,3994585
xdhAp2,0.6666666666666666,3,2,GCATAATAAAGAAAGCTCCC,1,4009496
xdhAp2,20.666666666666668,63,2,GCACGGAAGAGTGAGCAAAG,61,3989827
xdhAp2,1.3333333333333333,5,2,GCAATAGAGCAGCCGCTTCT,3,3985830
xdhAp2,1.6666666666666667,6,2,GCAAATCACGGGCACAAACG,4,4013853
xdhAp2,11.0,34,2,GCAAAGGCGACCTCATCAAC,32,4005072
xdhAp2,0.6666666666666666,3,2,GATTCTAGTAAGTGTCGCGT,1,3989108
xdhAp2,0.6666666666666666,3,2,GATGGTTATTACCTCGGAAG,1,3987260
xdhAp2,8.666666666666666,27,2,GATGCTGTCACTCAGGATAT,25,4008435
xdhAp2,7.333333333333333,23,2,GATCGAGCGTCCACAACAAC,21,4013074
xdhAp2,0.6666666666666666,3,2,GAGTCATACGGTACAAGTTG,1,4001173
xdhAp2,2.3333333333333335,8,2,GAGCAGTTGTTGGCTATACA,6,4006031
xdhAp2,4.333333333333333,14,2,GAGCAACGACTAGGGAGTCG,12,4008464
xdhAp2,1.3333333333333333,5,2,GACCGTCAACTAAGTCAAAT,3,4012274
xdhAp2,11.0,34,2,GAAGCGATGTTCTCAATATC,32,4013625
xdhAp2,4.333333333333333,14,2,CTTTCCCGACTTTAGGGCAG,12,4011610
xdhAp2,0.6666666666666666,3,2,CTTACAAAGATACTGTCTTC,1,4006684
xdhAp2,16.333333333333332,50,2,CTTAACTGTCTTACGATGAT,48,3983984
xdhAp2,5.0,16,2,CTGTAACATGCGCTTCGAAA,14,3994816
xdhAp2,10.666666666666666,33,2,CTGCTTTTAACGCAAATTTG,31,3994729
xdhAp2,5.0,16,2,CTGAGCGGTTCCTTTGGAAA,14,4005784
xdhAp2,3.3333333333333335,11,2,CTCCTCTGACCCCACCTCAT,9,4001625
xdhAp2,6.0,19,2,CTCCCGATTGCCCTGACTCC,17,3981961
xdhAp2,3.6666666666666665,12,2,CTCCAGCCTATATGGTTCGT,10,3993969
xdhAp2,8.666666666666666,27,2,CTAGGCTCGACTGCATGAGA,25,3999923
xdhAp2,5.333333333333333,17,2,CTACTGCCCTAGTCGCGGCA,15,3991503
xdhAp2,5.333333333333333,17,2,CTACCCACGGTTAGCGCATA,15,4005069
xdhAp2,2.6666666666666665,9,2,CTAATTGATATAGGAGCCAT,7,3981722
xdhAp2,1.0,4,2,CTAATCAGCTCTACGCAAAG,2,4003029
xdhAp2,12.0,37,2,CTAACGCACGCAAGGCATTA,35,3981620
xdhAp2,1.0,4,2,CGTGTTTCATTCGCGAGACA,2,4010960
xdhAp2,4.0,13,2,CGTGTATCCGTCGGCTCAGC,11,3993035
xdhAp2,3.6666666666666665,12,2,CGTGCCCGTAAGCTAGCACA,10,3996236
xdhAp2,8.0,25,2,CGTGAAATATCCATCGGTTA,23,4011119
xdhAp2,1.3333333333333333,5,2,CGTCGGGAAAACGCCACCAT,3,4006520
xdhAp2,7.666666666666667,24,2,CGTCGACGCTAGGTCAGCTC,22,3988281
xdhAp2,12.333333333333334,38,2,CGGACCCTCCAAGAAGACGT,36,4002479
xdhAp2,0.6666666666666666,3,2,CGCTGCGTTTCCTATTGCTG,1,4000253
xdhAp2,1.0,4,2,CGCCTTTACGCTTTCACCCC,2,4009230
xdhAp2,4.666666666666667,15,2,CGAACAATACACTTGATTGG,13,3982686
xdhAp2,0.6666666666666666,3,2,CCTCCTGGGTGTTCCCACAT,1,3992003
xdhAp2,0.6666666666666666,3,2,CCTCCGATCTCTAACATGTG,1,3983746
xdhAp2,6.333333333333333,20,2,CCGTTGTTTAAAAGTCCCCT,18,4001258
xdhAp2,0.6666666666666666,3,2,CCCTGAGTACCACACTGCAG,1,3988198
xdhAp2,5.333333333333333,17,2,CCACGCACACATGGTACATT,15,4012892
xdhAp2,0.6666666666666666,3,2,CCACCATAGATAGCTGACGC,1,4000641
xdhAp2,1.0,4,2,CATGCGCACGTACTCAGCAA,2,4005808
xdhAp2,3.3333333333333335,11,2,CATCACAAAACACTCTGGAA,9,3984849
xdhAp2,5.0,16,2,CATACCACAGATTCCGGGTA,14,3991134
xdhAp2,3.0,10,2,CAGGGGCGACTCGTCCACCG,8,3997744
xdhAp2,4.666666666666667,15,2,CAGCACACCTAACACTGATT,13,3985596
xdhAp2,8.666666666666666,27,2,CAGAGTGCTTTACAGTAATG,25,4002603
xdhAp2,4.333333333333333,14,2,CACATCTAACTTTTGAGTAT,12,4011939
xdhAp2,1.0,4,2,CAATCCCAGCCGAAGCGTCT,2,3988430
xdhAp2,0.6666666666666666,3,2,CAATAGAAGCAGGGGCGACT,1,4013346
xdhAp2,26.666666666666668,81,2,CAAATGAGAACCGCATCCGT,79,4006051
xdhAp2,2.6666666666666665,9,2,ATTTTACTCTTGTGTATACA,7,3998454
xdhAp2,1.6666666666666667,6,2,ATGTGGTTGCCCGTTCGATA,4,3996862
xdhAp2,6.0,19,2,ATGTGCTCCGGAAAGTATTA,17,4013448
xdhAp2,1.3333333333333333,5,2,ATGTCTACGACGTGTGGCAA,3,3987147
xdhAp2,4.666666666666667,15,2,ATGTCCGCTGTAGATTCAGA,13,3985247
xdhAp2,1.3333333333333333,5,2,ATGCTGTCGGAAAGGCAAGC,3,3988052
xdhAp2,0.6666666666666666,3,2,ATCCTCCAGAGTGTGCGCGG,1,4004528
xdhAp2,5.333333333333333,17,2,ATCCCCAAAGCCTCATGGGA,15,4012966
xdhAp2,0.6666666666666666,3,2,ATATCGTCGTAATTGTGCCC,1,4009738
xdhAp2,0.6666666666666666,3,2,ATATACATACTTTATATTCT,1,3996109
xdhAp2,0.6666666666666666,3,2,AGTTTTGGGCAGCGGTGAAG,1,3996035
xdhAp2,1.6666666666666667,6,2,AGTGTAGTGGTGTTCGGTAA,4,4009627
xdhAp2,1.0,4,2,AGTCTCGGCACCGCTCCTTT,2,3989858
xdhAp2,4.333333333333333,14,2,AGTAGGCGAGTGGTGCTGTC,12,3992551
xdhAp2,0.6666666666666666,3,2,AGGTTTTTGAGTCGGTAGCG,1,4010582
xdhAp2,3.3333333333333335,11,2,AGCTACGCTAAAGATAATTG,9,4000147
xdhAp2,0.6666666666666666,3,2,AGCGGGGGGGGAAGGTTTCT,1,3995949
xdhAp2,5.0,16,2,AGCCCAGGGTTGCACCCGGT,14,3995950
xdhAp2,5.333333333333333,17,2,AGCAGGAACAGAGGCTTTAT,15,3986797
xdhAp2,4.666666666666667,15,2,AGAGTGTAAGAGTGTCCCGA,13,4000387
xdhAp2,5.0,16,2,ACTGTCACTCAGGTTCCAGT,14,4008367
xdhAp2,1.0,4,2,ACTGCCTTACCTAAACCCCT,2,3983105
xdhAp2,9.666666666666666,30,2,ACTGAGGGAGCACTCTAGAA,28,3999898
xdhAp2,2.3333333333333335,8,2,ACTCGATTTACTTAACATCA,6,3986015
xdhAp2,2.0,7,2,ACTCAGCTTGGCTGGCCTCT,5,3998195
xdhAp2,0.6666666666666666,3,2,ACTACGTTTCAGTGCTATGG,1,4008823
xdhAp2,3.6666666666666665,12,2,ACTAAGATCTTGGATCAGGA,10,3994344
xdhAp2,5.333333333333333,17,2,ACGCGTTTATAAAGGCAAGC,15,3987547
xdhAp2,0.6666666666666666,3,2,ACGACGCCGCATCACTTAAC,1,3986190
xdhAp2,0.6666666666666666,3,2,ACCGAATGAACCTGGAATAT,1,4010935
xdhAp2,14.0,43,2,ACCCTCTGCAGCAATGCCGC,41,3996763
xdhAp2,1.6666666666666667,6,2,ACACGGTCCGATCTGATGTC,4,3994578
xdhAp2,14.0,43,2,ACACCTACAGTAAGAGACCC,41,3982848
xdhAp2,2.6666666666666665,9,2,ACAATCCAGTTAGCCATGGT,7,3983228
xdhAp2,1.0,4,2,AATTATCAAGGCACCACACG,2,3994908
xdhAp2,0.6666666666666666,3,2,AAGAGTACGGCGAGTGTTGG,1,3997763
xdhAp2,7.666666666666667,24,2,AACCGTGGACATTTGAGATC,22,4006556
xdhAp2,4.333333333333333,14,2,AAAGTGGCTGAAACACTCCA,12,3991828
xdhAp2,7.5,15,1,TTTTTTGCGGAGTTTCTAAC,14,4005609
xdhAp2,9.0,18,1,TTTGATGGTTCAGCGTGTCC,17,3994246
xdhAp2,2.0,4,1,TTTGATACTCTTAAACGTCC,3,4002485
xdhAp2,22.0,44,1,TTTAGTTGAAGGCGGGCAAC,43,3999648
xdhAp2,10.5,21,1,TTGTCGAACTAGCAGGTTAG,20,3996976
xdhAp2,2.5,5,1,TTGGTATGACGTCATATGCT,4,3994045
xdhAp2,7.5,15,1,TTGGCCGGTCACCGCGGCAA,14,3995187
xdhAp2,10.0,20,1,TTCGGTCTGTAATCATCGAT,19,3993002
xdhAp2,2.5,5,1,TTCGAAAAACGAAGCGACAC,4,4003896
xdhAp2,14.0,28,1,TTCCTCCGCGTTGATTAACG,27,3989369
xdhAp2,1.0,2,1,TTCAGAACGTCGTAATGTAG,1,3992740
xdhAp2,18.5,37,1,TTATTCATCCGATATTTCCT,36,3997910
xdhAp2,1.5,3,1,TTACCCAGCGTATACGTACT,2,3998640
xdhAp2,4.0,8,1,TGGTGTGATGCCCTTTACTC,7,4001230
xdhAp2,1.0,2,1,TGGTCCGCCGGCTGAACAAG,1,4007274
xdhAp2,4.0,8,1,TGGGAATAAACAGGAACATT,7,3984053
xdhAp2,2.5,5,1,TGGCGGATATCCCCATCGGG,4,3991877
xdhAp2,2.0,4,1,TGGAGTATAGGTAGGAAACC,3,3997335
xdhAp2,12.5,25,1,TGGAGCTTATGCCCGGCATG,24,4002346
xdhAp2,17.5,35,1,TGGAGATCAAGGGGACAGAT,34,3992307
xdhAp2,1.0,2,1,TGCATGTCTAGAGGAAGGGC,1,3983795
xdhAp2,2.5,5,1,TGAGGCTCCCCTCCCGACAT,4,3991382
xdhAp2,3.0,6,1,TGACTAGGGGAGTTACGGCA,5,4007848
xdhAp2,1.5,3,1,TGAAGGGGGCAGACCCAAAT,2,3995256
xdhAp2,19.0,38,1,TCTTGATATGATTCCGCCCC,37,3995968
xdhAp2,9.5,19,1,TCTGCGTCTCTTTTTTCCAT,18,3992820
xdhAp2,16.0,32,1,TCTCCACTATCTCAATGCCG,31,3991045
xdhAp2,5.0,10,1,TCTCAAAGTACAGTCCCCTG,9,3983711
xdhAp2,12.0,24,1,TCTACCTCCAATCGTTTAAG,23,3997811
xdhAp2,22.5,45,1,TCGTAACCGTAAATGGTAGC,44,4002355
xdhAp2,10.5,21,1,TCGGTGTTATGACCGGTGAT,20,4005326
xdhAp2,10.0,20,1,TCCGCCCATGTGTCCCCTCG,19,3989431
xdhAp2,7.5,15,1,TCCCAAATGTTACCCAAGGT,14,4014209
xdhAp2,12.5,25,1,TCCAAGGGGGTCCAATGTAG,24,3997551
xdhAp2,2.5,5,1,TCAGTCGCAACGGATATCCC,4,4013679
xdhAp2,5.5,11,1,TCACGTGGCCAGGGAATAGT,10,3992564
xdhAp2,3.0,6,1,TCAAGGTTATGCATCGATTC,5,3989968
xdhAp2,2.0,4,1,TCAAATGAGTATCTACCATT,3,3989702
xdhAp2,2.0,4,1,TAGGTTCAGACCCGCTAGAA,3,3983914
xdhAp2,13.5,27,1,TACTGGGGATCTCCATGGTG,26,4010367
xdhAp2,1.0,2,1,TACTCTCCCTCTTATTGCCC,1,3996119
xdhAp2,19.0,38,1,TAATTACGCGGTTATGTGGT,37,3997053
xdhAp2,13.5,27,1,TAAGCTTTTTGGCCCCTATA,26,4002497
xdhAp2,13.5,27,1,GTTTGCCTCCGACTACCCTG,26,4011446
xdhAp2,18.5,37,1,GTGTATTCTTCCACATGATG,36,4007512
xdhAp2,1.0,2,1,GTGCGCTCGGCTGCTTGAGG,1,3987663
xdhAp2,9.0,18,1,GTCGGACGGGTTTGAGGCTG,17,3991034
xdhAp2,1.5,3,1,GTCAATTGTGGCGCCGTTCG,2,3985455
xdhAp2,4.0,8,1,GTATGCGTGCCATGCTAAAA,7,3993216
xdhAp2,1.0,2,1,GTAGGATCTAGTTCCAGTGC,1,3986701
xdhAp2,1.0,2,1,GTAATCCACAAGAGAATATT,1,4003493
xdhAp2,1.0,2,1,GGTTCCAAGCATTTTTCAAA,1,3982070
xdhAp2,3.5,7,1,GGTCGTAGGCCCAGCTGCTG,6,4002255
xdhAp2,2.0,4,1,GGTATATCTTCTGGTAACAA,3,3989635
xdhAp2,1.0,2,1,GGGGTGCGGGTTGGGGGCCA,1,3982893
xdhAp2,11.5,23,1,GGGCATATGTTCAAGATCAT,22,4007046
xdhAp2,1.5,3,1,GGGCAAGAGCAGTTGGGCTG,2,3986689
xdhAp2,1.0,2,1,GGGACTTCTTTTTCAATATT,1,3991354
xdhAp2,2.0,4,1,GGCTAGCGGCACGAGTCCAC,3,4001055
xdhAp2,13.0,26,1,GGCCAATGGAGCCAGAATCT,25,4012829
xdhAp2,1.5,3,1,GGCACTCGGCAGGATAGACC,2,3993058
xdhAp2,1.0,2,1,GGAATCCCTTTCCACTTCAT,1,3992649
xdhAp2,1.0,2,1,GCTGGAGATCAGTAGGCAAC,1,3998227
xdhAp2,13.0,26,1,GCCGTTGCCACGGACGGACA,25,4011761
xdhAp2,1.0,2,1,GCCGCGCCACTAAAGGTCTA,1,4013383
xdhAp2,3.0,6,1,GCCATCTTCCTCACAGATCT,5,4012040
xdhAp2,7.0,14,1,GCACAGGTGGGAATACATTA,13,3984976
xdhAp2,5.0,10,1,GAGGTGCTTTTAATGTTATT,9,3993647
xdhAp2,18.0,36,1,GAGGCGATTTAACCCGTCCT,35,3989880
xdhAp2,4.0,8,1,GAGCTATTCAGGCATTACTT,7,3987003
xdhAp2,12.0,24,1,GAGAGCCGTGCACATGGGAT,23,4000915
xdhAp2,24.0,48,1,GACGGTGTTGTTCGCAGGCC,47,3990934
xdhAp2,3.5,7,1,GACGGTGTCGGCTAAGGCCG,6,4001195
xdhAp2,2.5,5,1,GAACATTAAGGACGTGCCAT,4,4012467
xdhAp2,2.0,4,1,GAAAGCATCCCTCCGGGAGA,3,4009648
xdhAp2,1.0,2,1,GAAAACTTAAGTTCTTTGTG,1,3996260
xdhAp2,18.0,36,1,CTCTCCGACAGACGGCAAAA,35,3990868
xdhAp2,9.5,19,1,CTCCAGTTTCCATCTCACGA,18,3995485
xdhAp2,2.0,4,1,CTCATGTCAGATCCAGTCCG,3,3986422
xdhAp2,3.0,6,1,CTCATCAACCCGGTCTGACC,5,3989192
xdhAp2,1.0,2,1,CTCAAGGTCGTTAATTTCAT,1,4011885
xdhAp2,1.0,2,1,CTAGAAGCAGCCCATAACAA,1,3984485
xdhAp2,15.5,31,1,CTACGTGTAGAAGGGCGGCC,30,3991070
xdhAp2,12.0,24,1,CGTGCTGCAATCTGACGGTC,23,3993031
xdhAp2,11.0,22,1,CGGCCTGATACATTAGTACG,21,3992922
xdhAp2,11.0,22,1,CGGATGACCAGACGCATGGG,21,4005028
xdhAp2,9.0,18,1,CGCTTACGAGCAATAGTATT,17,4006717
xdhAp2,1.0,2,1,CGCTCCAGAAAGTCTGTGGT,1,4010687
xdhAp2,13.0,26,1,CGCGTTCGCTGTTTCCTACT,25,3984133
xdhAp2,1.5,3,1,CGCCTAGGATGACACGTTCA,2,3987692
xdhAp2,3.5,7,1,CGCCGTTTGAGCACCACTTT,6,3992236
xdhAp2,29.5,59,1,CGCCGTTGATGTGTCTGTAG,58,3983353
xdhAp2,3.5,7,1,CGCCGGTTGGGCAAATGTAC,6,4012866
xdhAp2,4.5,9,1,CGCCCCAAGGCGAAACCCTT,8,3992558
xdhAp2,7.5,15,1,CGATCAGGCGGGTATTACAC,14,4003133
xdhAp2,4.5,9,1,CGAGGCGGCCAAAGTTCGAG,8,3989696
xdhAp2,2.0,4,1,CGAGGACGAGACCCCACGGC,3,3997943
xdhAp2,20.0,40,1,CGAGAAACTCATGGGAGATA,39,3994108
xdhAp2,8.5,17,1,CGAAAGTGGTGCTAACCGGT,16,3987524
xdhAp2,10.0,20,1,CCTTTTCATCAAAGGGACAG,19,3988751
xdhAp2,7.0,14,1,CCTTTAAAGCCAAATACGTG,13,4013687
xdhAp2,6.0,12,1,CCTTCAGATTCCGCTATGCG,11,4008682
xdhAp2,2.0,4,1,CCTGCGAAATCTATAGGACG,3,3989134
xdhAp2,18.0,36,1,CCTCGTAGCCGTCCAACAAT,35,3993905
xdhAp2,1.0,2,1,CCTCACCCCAAAAAGTAGTT,1,4008906
xdhAp2,1.0,2,1,CCTAACACAAATCTACTAAT,1,3986858
xdhAp2,4.0,8,1,CCGGTCGCGAGAGGTAGTGC,7,3985044
xdhAp2,1.0,2,1,CCGGCAGCATGGATAAGATA,1,4007180
xdhAp2,4.0,8,1,CCGCTCTACGGTGGGTCCGC,7,3992105
xdhAp2,5.5,11,1,CCCTGGTGGTGAGATTAGGC,10,3993629
xdhAp2,15.5,31,1,CCCTCCAAGAACCCATTACC,30,3992052
xdhAp2,1.0,2,1,CCCCCCGGTGCAGTGGTTGA,1,3994317
xdhAp2,18.0,36,1,CCATGAGAACCTCTCGGACA,35,4001325
xdhAp2,4.5,9,1,CCAGCTAATGAGTGCAGCTA,8,3986188
xdhAp2,19.5,39,1,CCAGATCAGGGGGCGCGCCT,38,4001771
xdhAp2,1.0,2,1,CCAGAAGAGGATTCACCAAG,1,4013307
xdhAp2,12.5,25,1,CCACTTAGCCGAGACTACAG,24,3988654
xdhAp2,9.5,19,1,CATGATGGAGATGAGCTAAG,18,4010181
xdhAp2,2.0,4,1,CATGAAGGTAAGGTTGTTTA,3,4003704
xdhAp2,9.0,18,1,CATAGGCGGTGTCTTTTCCG,17,4001838
xdhAp2,13.0,26,1,CAGTCTCACAATACCTGTGT,25,4002866
xdhAp2,7.5,15,1,CAGGCCATAGGCCATGCATC,14,3995634
xdhAp2,11.5,23,1,CAGCCGTGGAAACCATTGAA,22,3996359
xdhAp2,1.0,2,1,CAGAATCTTTCGTTTGTTCA,1,4003071
xdhAp2,1.0,2,1,CACGCATACCCCGTGACATC,1,3991680
xdhAp2,17.5,35,1,CACCCGGAGCCTTGTCCACT,34,4013167
xdhAp2,6.0,12,1,CAATCTATATAGAGGTTGCC,11,3984786
xdhAp2,7.5,15,1,ATTGGCCCTATGTGAAATTC,14,3984044
xdhAp2,2.5,5,1,ATTGCTTGTGGTGGATAGGA,4,3988097
xdhAp2,11.0,22,1,ATTCTCGCTTCGATACATTT,21,3988691
xdhAp2,23.0,46,1,ATTCTCCTCTACCCATCCAA,45,4003378
xdhAp2,1.0,2,1,ATTCCCCAACTTCTCACGGG,1,3989603
xdhAp2,7.0,14,1,ATGCGAGAAGCCAACAGTTT,13,4007031
xdhAp2,2.5,5,1,ATGCAAAACGGGCAACTGAA,4,4002859
xdhAp2,14.5,29,1,ATCTCCTAGCCGGGAAGATA,28,3997266
xdhAp2,3.5,7,1,ATCTAATGCTTCGCTTTGAA,6,3986917
xdhAp2,2.0,4,1,ATCGGATCGAGCGTACGAAG,3,4003735
xdhAp2,1.0,2,1,ATCCCCATAAGGGGGATCGG,1,4006475
xdhAp2,9.5,19,1,ATAGGAGTGGCGGTACCATA,18,3995894
xdhAp2,8.0,16,1,AGTGCACTTTCTGCATCGAC,15,3989235
xdhAp2,11.0,22,1,AGTAGTGATTGCACGCTCTT,21,4001089
xdhAp2,5.0,10,1,AGGTAGACGTTAAACTTCAG,9,3994405
xdhAp2,4.0,8,1,AGGTACCCTTTAAGTATCAA,7,3982039
xdhAp2,1.0,2,1,AGGCATTGGTCTCGCCTTGA,1,4004765
xdhAp2,5.5,11,1,AGGATCCTTGAGAAGAAGAT,10,4001850
xdhAp2,8.5,17,1,AGGACCGTTGCACCAGAAGG,16,3986716
xdhAp2,4.0,8,1,AGGACAAGGAGTGGACTTGT,7,3996848
xdhAp2,6.5,13,1,AGGAAAATCGCGTGCCCCTT,12,3995423
xdhAp2,1.0,2,1,AGCGTGGGCAATGGGGTACT,1,4002883
xdhAp2,1.0,2,1,AGATCCGTAAATGCTTGCAA,1,3985840
xdhAp2,7.5,15,1,AGACTTGGTCCGTTTGACAC,14,3994055
xdhAp2,17.0,34,1,AGACCCGCGGGTGGCAAACG,33,4005033
xdhAp2,8.5,17,1,AGAATCAGAGTTCACCATAA,16,4000047
xdhAp2,1.5,3,1,AGAATAGCCCTAAAGGTGGC,2,4009339
xdhAp2,3.0,6,1,ACTTCAGATAATGTTTGGAG,5,3998966
xdhAp2,1.5,3,1,ACTGGACACTTTGGGATCTC,2,3997435
xdhAp2,11.0,22,1,ACTCGCTCAAGGTTACGGGT,21,3988051
xdhAp2,11.0,22,1,ACTAGCTAATGTTCCCACGA,21,3998575
xdhAp2,2.0,4,1,ACGGTCATCAATGAACTTCC,3,3983703
xdhAp2,4.5,9,1,ACGATACCTTAGCATTGCCT,8,3985682
xdhAp2,4.5,9,1,ACCTTCATAACGAAGGTACA,8,4005639
xdhAp2,5.0,10,1,ACCGGACGATCTTGATATAG,9,4003318
xdhAp2,12.0,24,1,ACAGTCGATTAAGTACTCGT,23,3981959
xdhAp2,3.5,7,1,ACAATGCTGTTTAGCGGCAT,6,3983615
xdhAp2,30.5,61,1,AATTCGGCATTCATGGACAA,60,3991112
xdhAp2,2.0,4,1,AATTACGCAAATCGGCCTAC,3,3986349
xdhAp2,4.5,9,1,AATGAAATCAGTTTTCAGTG,8,3994049
xdhAp2,6.0,12,1,AAGTAGCAGTCGCGCTAAAC,11,4003201
xdhAp2,1.5,3,1,AAGGTCAATCGGAACCTCCA,2,3984993
xdhAp2,24.5,49,1,AAGCAGTAATAGTAACAGGT,48,4006117
xdhAp2,7.5,15,1,AACGGGTCGAGCTGATTGAC,14,3989944
xdhAp2,3.5,7,1,AACCGGCATTACACTAAAGT,6,4006789
xdhAp2,14.5,29,1,AAAGTTTGATCGGCGGCAAA,28,3998826
xdhAp2,2.5,5,1,AAAGTTATCGCTTGCACGAT,4,3998682
xdhAp2,11.5,23,1,AAACCATGCTACCACCGCCT,22,3994583
xdhAp2,42.0,84,1,AAACAAGATTATCCGTGCTC,83,4010945
xdhAp2,3.0,6,1,AAAATTGGACCGCACTCCCT,5,3986002
xdhAp2,0.015151515151515152,65,65,GAATTTGGATGCCTGATTCC,0,4011724
xdhAp2,0.016666666666666666,59,59,TTGCTCTAATAGAGTGGACT,0,3984966
xdhAp2,0.01694915254237288,58,58,GCCCTAATGCGAATGAGAGG,0,3996455
xdhAp2,0.017543859649122806,56,56,AATCAGCCTGATAATGCCCG,0,3985022
xdhAp2,0.017857142857142856,55,55,GCCATCTTGCCGCTGACAGT,0,3994573
xdhAp2,0.01818181818181818,54,54,AATCCCACCCGGTCGTATGC,0,4007536
xdhAp2,0.018867924528301886,52,52,TGCCTGTGGCCAGTCCTCCA,0,4000828
xdhAp2,0.018867924528301886,52,52,GAGCTCGATTTATCTGCACG,0,3986786
xdhAp2,0.0196078431372549,50,50,GTATAAAAGGAGCGCGCCGG,0,3989908
xdhAp2,0.0196078431372549,50,50,ACTGGTGATCGCTGAACGGA,0,3994660
xdhAp2,0.02,49,49,TTGTGACGGGCAGCACCTCC,0,4000507
xdhAp2,0.02,49,49,AGGATGTAAACGTGAACATG,0,3984888
xdhAp2,0.02040816326530612,48,48,GACAGCGACGGGTTGCGGCT,0,4013803
xdhAp2,0.02040816326530612,48,48,CGCTGTGCTAGGTAACACAA,0,3990914
xdhAp2,0.02040816326530612,48,48,CGCATTAGGTTAGGAAACGT,0,4006468
xdhAp2,0.02040816326530612,48,48,CCGGCGTCTAATCCAGTCCT,0,4004450
xdhAp2,0.020833333333333332,47,47,GACTATGTTGATCCAGTAGT,0,3992953
xdhAp2,0.020833333333333332,47,47,CACTATTAGAATAGATTTAT,0,3985887
xdhAp2,0.02127659574468085,46,46,GCTATCTCAGCCTAGGTCTG,0,3985962
xdhAp2,0.021739130434782608,45,45,TCAGCTAATTATCTTATTTC,0,4001396
xdhAp2,0.021739130434782608,45,45,CCTGACGTCAAATTCTTTGA,0,3999793
xdhAp2,0.022222222222222223,44,44,CGGCAATTCCGGTTTTAGTT,0,4000635
xdhAp2,0.022222222222222223,44,44,ATATTTGGTAGGGTGTCACA,0,3992226
xdhAp2,0.022727272727272728,43,43,TGCGCCAATTAATTGGGCAT,0,3997140
xdhAp2,0.022727272727272728,43,43,CCGACAGACTCCGTAGAAGC,0,3992410
xdhAp2,0.022727272727272728,43,43,AAAAGACAGTATCTACGGAA,0,4002285
xdhAp2,0.023255813953488372,42,42,CGCACACAGTTGCAGCCCGT,0,3999842
xdhAp2,0.023809523809523808,41,41,GTATGGGATTCGTCGGAGGA,0,3994920
xdhAp2,0.023809523809523808,41,41,AATTTCCGAATGCCGCTAAT,0,3983682
xdhAp2,0.023809523809523808,41,41,AATAACCGCCAGGCCAGAAG,0,3998381
xdhAp2,0.024390243902439025,40,40,TTCATAATCCGGAACATATG,0,3982451
xdhAp2,0.024390243902439025,40,40,AAATCCTAACGGATTGAAGA,0,3985468
xdhAp2,0.025,39,39,TTTATGTAATTTGCCTGATC,0,3985172
xdhAp2,0.025,39,39,GCTACCCATAGTCACCAACG,0,3996089
xdhAp2,0.025,39,39,CGCGTGCTGTGGTGAATATA,0,3990472
xdhAp2,0.025,39,39,AGTAGAGCTCCAGTGTGTGT,0,3988032
xdhAp2,0.025,39,39,AGAAGTGGCAATGTGTACAG,0,4002490
xdhAp2,0.02564102564102564,38,38,TTTGTAATGGTGATGTGTAG,0,3987262
xdhAp2,0.02564102564102564,38,38,TTTCGACACGCCAACTCACT,0,3995466
xdhAp2,0.02564102564102564,38,38,TAAACGACCGGGGTAGTGAT,0,4011392
xdhAp2,0.02564102564102564,38,38,GTCTTATAAAGATGGTGGCA,0,3994166
xdhAp2,0.02564102564102564,38,38,ACGCTTCCTGGCTTGAACCT,0,3996995
xdhAp2,0.02564102564102564,38,38,AATTTCCCGGGCATAAGGAA,0,3988578
xdhAp2,0.02631578947368421,37,37,TCTCCATACCCCTACAACAA,0,3993204
xdhAp2,0.02631578947368421,37,37,TAAACGGGGACGGGTTTCAC,0,3999822
xdhAp2,0.02631578947368421,37,37,GCTTGGATCTCCGGGACCAC,0,3993469
xdhAp2,0.02631578947368421,37,37,GACCCCATTTTGACTGCTCG,0,3987823
xdhAp2,0.02631578947368421,37,37,CGACGTTATAGTACTGTTAG,0,4004063
xdhAp2,0.02631578947368421,37,37,CCAGATTCGTAATAATGGTG,0,4001262
xdhAp2,0.02631578947368421,37,37,ATGCCCAGTAGCTAGTAGCA,0,3992100
xdhAp2,0.02631578947368421,37,37,ATCGTAACACGCTATGATTT,0,4004594
xdhAp2,0.02631578947368421,37,37,AGTCGAGCAAACAGTTGAAC,0,3987067
xdhAp2,0.02631578947368421,37,37,AAATCCGGTCCTGACGTCAA,0,4010052
xdhAp2,0.02702702702702703,36,36,TCTCAATAGCTCACGGGAAC,0,3993627
xdhAp2,0.02702702702702703,36,36,AGATGTTATAGGGCTCGAGT,0,4005051
xdhAp2,0.02702702702702703,36,36,AAGCTCACCCATGAATGGCC,0,3999703
xdhAp2,0.027777777777777776,35,35,TCTTTTCAGTCTTCTGACGG,0,3991493
xdhAp2,0.027777777777777776,35,35,GGTGCTGATTTCATGGTTAG,0,3996245
xdhAp2,0.027777777777777776,35,35,GGATTGTGTTGGCCGTTTAC,0,3993653
xdhAp2,0.027777777777777776,35,35,GAGAGGTGGACAGGTCCATG,0,3992139
xdhAp2,0.027777777777777776,35,35,CTTGGGCTTATACCTTCTAA,0,3991464
xdhAp2,0.027777777777777776,35,35,CGAACGCAACGCGTCAACGT,0,3987540
xdhAp2,0.027777777777777776,35,35,CCGGTGTTTAGGGGATGCGT,0,3985466
xdhAp2,0.02857142857142857,34,34,TTAGAGAGCTTATGGGTCCT,0,3985511
xdhAp2,0.02857142857142857,34,34,TGTGACGGCCGACGCACTCG,0,3996594
xdhAp2,0.02857142857142857,34,34,TCGAGGTTAGAAGGATACTC,0,3984969
xdhAp2,0.02857142857142857,34,34,GGAGTGCATCGGTAGTGCAA,0,4001658
xdhAp2,0.02857142857142857,34,34,GGAAGTCTGTGGCCAATGGT,0,3999742
xdhAp2,0.02857142857142857,34,34,GGAAAGAATGAACTCTAGTA,0,4009887
xdhAp2,0.02857142857142857,34,34,CTCGAGCTCAGGCATACGGT,0,3991609
xdhAp2,0.02857142857142857,34,34,CGTGCGGAGCCCGTAAAGGG,0,3993189
xdhAp2,0.02857142857142857,34,34,CGGCCTAGGGTACGTTCATG,0,3984545
xdhAp2,0.02857142857142857,34,34,CCCTGAGGATGGACTACTAT,0,3998570
xdhAp2,0.02857142857142857,34,34,AGGTAAGCAATGTCGTCGTC,0,4000646
xdhAp2,0.029411764705882353,33,33,TTAGGCTCAGCTACACACCT,0,3988247
xdhAp2,0.029411764705882353,33,33,GGGGGTCGCGCTTTCGATGT,0,4002466
xdhAp2,0.029411764705882353,33,33,GCGCCTAGCAATACTTAGGG,0,4003830
xdhAp2,0.029411764705882353,33,33,CGCCAATAGGAGTTTTACAC,0,3984776
xdhAp2,0.029411764705882353,33,33,CCTCTCAGTCGGGCTAAACG,0,3985354
xdhAp2,0.029411764705882353,33,33,CAATTCCAGCAGGCACTACA,0,3983186
xdhAp2,0.029411764705882353,33,33,CAATTAGGGGGCACAGAATA,0,3986228
xdhAp2,0.029411764705882353,33,33,AGCAGGGGTCCACTCGACAT,0,4000673
xdhAp2,0.030303030303030304,32,32,TGGTGGACTGCTGATCATGT,0,4011204
xdhAp2,0.030303030303030304,32,32,TACCGTGGGCCTCTCGATGC,0,3983797
xdhAp2,0.030303030303030304,32,32,TAATTCTCAGGGATCGGCAA,0,3996224
xdhAp2,0.030303030303030304,32,32,TAAACACTGTTATTTAGCTT,0,3999474
xdhAp2,0.030303030303030304,32,32,GTTGAGTTGGGTAGTGGAAC,0,4011631
xdhAp2,0.030303030303030304,32,32,GTGACCGGAAGCGCGAGTGG,0,3990427
xdhAp2,0.030303030303030304,32,32,GTCTGGAAGTTGGTCCGATA,0,3989346
xdhAp2,0.030303030303030304,32,32,GCGGATTTGTGATAGGCCCC,0,3999791
xdhAp2,0.030303030303030304,32,32,GCAGGTGCCGGAAATGAGAG,0,3986907
xdhAp2,0.030303030303030304,32,32,AGCTTCTCGGTACCGGCTGA,0,3998208
xdhAp2,0.03125,31,31,TGCTAAAACTGGAGCGTATA,0,3994910
xdhAp2,0.03125,31,31,TCCCTGATATAGGATACCTG,0,3999320
xdhAp2,0.03125,31,31,TAAAAACAGATTGGTGATCA,0,3990728
xdhAp2,0.03125,31,31,GGGAGCTTTATGCCCGGTAG,0,3988644
xdhAp2,0.03125,31,31,GGCTGGCTATGCTCGTACGC,0,3987106
xdhAp2,0.03125,31,31,GCCGCAGTCCCGTATTAATA,0,3985173
xdhAp2,0.03125,31,31,GAGTTTATCTACTGACCTCC,0,3986947
xdhAp2,0.03125,31,31,GAAATACGGTTATGCATGAG,0,3997496
xdhAp2,0.03125,31,31,CCAGAACCGAATAGGGCAGA,0,3993322
xdhAp2,0.03125,31,31,CACTTCCTGTCCTACCCAAC,0,4008439
xdhAp2,0.03125,31,31,AGTCGCGAAGCCCCAGCTTG,0,3989036
xdhAp2,0.03125,31,31,AGACAACTAAGTTGACTTCG,0,3984173
xdhAp2,0.03125,31,31,ACGTGTAAACCGACAGGCCA,0,3995563
xdhAp2,0.03125,31,31,AAGGCTTCCAAGCGCGGGGT,0,4008198
xdhAp2,0.03225806451612903,30,30,TATTTTCACACGTCGGGCGG,0,3989471
xdhAp2,0.03225806451612903,30,30,TAGTCAAGGACCATTCTGAC,0,4001314
xdhAp2,0.03225806451612903,30,30,GGTCGCAAGAGGAAAACGAT,0,3993416
xdhAp2,0.03225806451612903,30,30,GGCTCTAATTCTTTAGACGT,0,3986343
xdhAp2,0.03225806451612903,30,30,GATACCGGAGTCAACGACTT,0,4009842
xdhAp2,0.03225806451612903,30,30,CGTCTAAATACTCGTCTCTC,0,4002882
xdhAp2,0.03225806451612903,30,30,CGAGTTAATGGCTAGCTTGT,0,4012328
xdhAp2,0.03225806451612903,30,30,CCGATGTGTTGTTAGACCTT,0,3983436
xdhAp2,0.03225806451612903,30,30,CATTCTTATAGGCTAGCGCA,0,3999165
xdhAp2,0.03225806451612903,30,30,CATTATATACTTGTACGTGA,0,3995220
xdhAp2,0.03225806451612903,30,30,CAAGCAACTCGTTCTCATTT,0,3998433
xdhAp2,0.03225806451612903,30,30,ATGTGCGGTGGGTCTACGAT,0,3995462
xdhAp2,0.03225806451612903,30,30,ATAGCAATTCCACCGATTAC,0,3986128
xdhAp2,0.03225806451612903,30,30,AGGCCTAATAATGGGCAGCT,0,3994755
xdhAp2,0.03225806451612903,30,30,ACAGAGGCCGGACAATCGTA,0,4002465
xdhAp2,0.03333333333333333,29,29,TTGATGAATGTCGTCGCAAG,0,3996959
xdhAp2,0.03333333333333333,29,29,TGGGCCTCCGTCTTGATATA,0,3983020
xdhAp2,0.03333333333333333,29,29,TCTTACAACGATTACACCTG,0,3997717
xdhAp2,0.03333333333333333,29,29,TACTGTCTGTTGCATCGCGC,0,3988378
xdhAp2,0.03333333333333333,29,29,GTTAATGCTGCTAGGCCATT,0,3995729
xdhAp2,0.03333333333333333,29,29,GGGGCCGACTGACCACGCGT,0,4000356
xdhAp2,0.03333333333333333,29,29,GCCTGTGACTTGCTAAATCA,0,4006723
xdhAp2,0.03333333333333333,29,29,GCAAGAGCGGGATTCTCGGA,0,4007774
xdhAp2,0.03333333333333333,29,29,CTGATCGACTTCTCATCGGT,0,3998644
xdhAp2,0.03333333333333333,29,29,CTACCTACATTCCTGCACAC,0,4002946
xdhAp2,0.03333333333333333,29,29,CGGTGGCTATACCCCGGATA,0,3993619
xdhAp2,0.03333333333333333,29,29,CATGGCCACCACATGGCTAT,0,4010446
xdhAp2,0.03333333333333333,29,29,CACCAGCTAGACGAGTTTGT,0,3997020
xdhAp2,0.03333333333333333,29,29,AGCTCGAAGACCCTTCTTTA,0,4014114
xdhAp2,0.03333333333333333,29,29,AGATGCGGTTCTGGAAATAG,0,3982554
xdhAp2,0.03333333333333333,29,29,AACTGCGTACGGCGTTACAC,0,3987736
xdhAp2,0.03333333333333333,29,29,AAAGATTTCTACAGTATCAA,0,4005264
xdhAp2,0.034482758620689655,28,28,TTGCTCGAGATAAGGGTTAT,0,3989308
xdhAp2,0.034482758620689655,28,28,TACATATAGTGCAAAACTGT,0,4014430
xdhAp2,0.034482758620689655,28,28,GTTGGTCGTTCGGTGAACTT,0,4010613
xdhAp2,0.034482758620689655,28,28,GTGGGAACAGATATGAACGC,0,3998925
xdhAp2,0.034482758620689655,28,28,GTGCCCATTCAGGCTTATTA,0,3991569
xdhAp2,0.034482758620689655,28,28,GGTGAGTTGCCGCCTGATAT,0,3983298
xdhAp2,0.034482758620689655,28,28,GGGTCGTTATGGGGCTTGGA,0,3994066
xdhAp2,0.034482758620689655,28,28,GATTAGGACAGAATGACGTT,0,4011401
xdhAp2,0.034482758620689655,28,28,CGGCCTCGCATGCGGGCTGC,0,3987071
xdhAp2,0.034482758620689655,28,28,CGCTCCTCACTCCAGATGAG,0,4007678
xdhAp2,0.034482758620689655,28,28,CGCGCGCCTCTGGGGGTGGG,0,3988592
xdhAp2,0.034482758620689655,28,28,CGAAGCTAGGGAACTGCATA,0,3983641
xdhAp2,0.034482758620689655,28,28,CCCTTGGCGCCTTCACAACA,0,3993849
xdhAp2,0.034482758620689655,28,28,CAGCCCTTCGATAATTTTAT,0,4012485
xdhAp2,0.034482758620689655,28,28,ACTAATGGGGATGTGGAGTG,0,4009246
xdhAp2,0.034482758620689655,28,28,AATAACGCAAGGGGCAGAAA,0,3990531
xdhAp2,0.03571428571428571,27,27,TTGACAAATCCGAAAAAGAC,0,3999503
xdhAp2,0.03571428571428571,27,27,TGGCTAGATAATGTTCCCGT,0,4012343
xdhAp2,0.03571428571428571,27,27,TGAGCCCGGTTTATATCGGT,0,3997668
xdhAp2,0.03571428571428571,27,27,TCTTGTTCGCACGAGGACTC,0,3992665
xdhAp2,0.03571428571428571,27,27,TCGGGTTAGATCCCAGCCCA,0,3984896
xdhAp2,0.03571428571428571,27,27,TACAGTCATACGATGTGGTA,0,3999914
xdhAp2,0.03571428571428571,27,27,TAAAGGAAATCTTGCAGAGC,0,3995471
xdhAp2,0.03571428571428571,27,27,GTGCAATAAAAGCGCACCAG,0,3996331
xdhAp2,0.03571428571428571,27,27,GGTCGTTACTTACTTCCGCA,0,4003849
xdhAp2,0.03571428571428571,27,27,GGGTGTGGGGAGTGGCATGT,0,3993070
xdhAp2,0.03571428571428571,27,27,GGATTCGATAAGTTAGCCTT,0,4011723
xdhAp2,0.03571428571428571,27,27,GCTGTTCAAAGCTGCACATG,0,4012776
xdhAp2,0.03571428571428571,27,27,GCTGCTTAATCGCCGCACGG,0,4005470
xdhAp2,0.03571428571428571,27,27,GCACTCCGACGGATAGAAGC,0,3999162
xdhAp2,0.03571428571428571,27,27,GATGGTATACTGCCCACTCT,0,4008634
xdhAp2,0.03571428571428571,27,27,CTGTCTATAAAGGTCCCCGG,0,4007293
xdhAp2,0.03571428571428571,27,27,CTCTGGGCACTCGGATTTGT,0,3984484
xdhAp2,0.03571428571428571,27,27,CTACCTGTGGCATCATCTAG,0,3989890
xdhAp2,0.03571428571428571,27,27,CAGATACGGACTCTCGGCGG,0,4013834
xdhAp2,0.03571428571428571,27,27,AGCTCTGCGCCTGTCTGGGA,0,3994675
xdhAp2,0.03571428571428571,27,27,AGACCTACATGGCTAGTGCA,0,3982734
xdhAp2,0.03571428571428571,27,27,ACCTATCAGCCGCACACCGA,0,3985249
xdhAp2,0.03571428571428571,27,27,AATTGAGGGAGTAATCGCGC,0,3987659
xdhAp2,0.03571428571428571,27,27,AACTGGCGTGTGTAACTGTA,0,4010250
xdhAp2,0.037037037037037035,26,26,TTAGCGTGCTCGTTTGTGGA,0,3992083
xdhAp2,0.037037037037037035,26,26,TAGCAGTTGAGCCGGTATTA,0,3985407
xdhAp2,0.037037037037037035,26,26,GTAGTCAATCTCCCGCGTTC,0,3988088
xdhAp2,0.037037037037037035,26,26,GGCTGCACTTATCAAGTGAT,0,4006760
xdhAp2,0.037037037037037035,26,26,GGCATGTCCACGTAATGGTG,0,3991924
xdhAp2,0.037037037037037035,26,26,GAGACAGGCTCTCACCCATC,0,4007265
xdhAp2,0.037037037037037035,26,26,GACCATTAGATATATGTCCA,0,4010175
xdhAp2,0.037037037037037035,26,26,CTGGCTCCGGTTATGTACAC,0,4005671
xdhAp2,0.037037037037037035,26,26,CTGAAAGTGATAGGGAGATA,0,3998530
xdhAp2,0.037037037037037035,26,26,CCGAAATACGTATTGACTTC,0,4011291
xdhAp2,0.037037037037037035,26,26,ATGGAAATCCACGCGAGACG,0,3998793
xdhAp2,0.037037037037037035,26,26,ACTTACGACGCAATTGATGT,0,4006542
xdhAp2,0.037037037037037035,26,26,ACGCGTAAGGGATAACTTGG,0,4006082
xdhAp2,0.037037037037037035,26,26,ACCCAAATACGACATGTGAG,0,3995171
xdhAp2,0.037037037037037035,26,26,AATTGCTGCGTTGGCAGTGT,0,4001336
xdhAp2,0.037037037037037035,26,26,AATACCGAATCGTGAGCCGC,0,3991669
xdhAp2,0.038461538461538464,25,25,TTCCATTTTATACATAGTCT,0,4013088
xdhAp2,0.038461538461538464,25,25,TGGCGAAGACTTTAACGTGC,0,4012324
xdhAp2,0.038461538461538464,25,25,TCTGCACCAGTGGGCGGCTT,0,3994143
xdhAp2,0.038461538461538464,25,25,TCGCCTCTAGCGGTGGCCAA,0,3994679
xdhAp2,0.038461538461538464,25,25,TAACGTGTTCAGGCTGAACT,0,3998420
xdhAp2,0.038461538461538464,25,25,GTGGTGCGGGGCTGGCGTGA,0,4014167
xdhAp2,0.038461538461538464,25,25,GTAACCGTTCCAGTCGCACT,0,3997521
xdhAp2,0.038461538461538464,25,25,GGTACTGAGAGCAGCTGTCA,0,4007127
xdhAp2,0.038461538461538464,25,25,GGCTTCGACGGCCGACCTCA,0,4007516
xdhAp2,0.038461538461538464,25,25,GGCTGATTCTCAGTTATTGT,0,3985858
xdhAp2,0.038461538461538464,25,25,GGATGAGTCGCTGTCAATTG,0,3994067
xdhAp2,0.038461538461538464,25,25,GGACTACAGTAATAAAGTGG,0,4005979
xdhAp2,0.038461538461538464,25,25,GCTTCGGGGCCACATATGGT,0,3996138
xdhAp2,0.038461538461538464,25,25,GCGTAATGAGGATAAACGCT,0,3983213
xdhAp2,0.038461538461538464,25,25,GCCGCCGCAGCATTCTTAAA,0,3982145
xdhAp2,0.038461538461538464,25,25,GAGCCAACTGCGATCGGTTA,0,3994229
xdhAp2,0.038461538461538464,25,25,GAGACCTAGAAAGTCAGCTT,0,3985917
xdhAp2,0.038461538461538464,25,25,GAATTTCATTTCACGCCTAA,0,3994409
xdhAp2,0.038461538461538464,25,25,CGGTCAGGCGGCTCTCCGAT,0,4007750
xdhAp2,0.038461538461538464,25,25,CGGCAGCGGGTTTATAGTAC,0,4003580
xdhAp2,0.038461538461538464,25,25,CCTCAGACCACCCAGCCTCA,0,3987333
xdhAp2,0.038461538461538464,25,25,CAGGTGAGACCCGGACCAAA,0,3993901
xdhAp2,0.038461538461538464,25,25,CAGGAAGAAGCATTCGCGTT,0,4010692
xdhAp2,0.038461538461538464,25,25,CAAACAAACATGCAATGTCG,0,3992751
xdhAp2,0.038461538461538464,25,25,ATGATACCCAGTGAGAGTAT,0,3990485
xdhAp2,0.038461538461538464,25,25,ATAATTCCGGTTAAACGCGT,0,3984012
xdhAp2,0.038461538461538464,25,25,ATAACCGTGCGTCAGTAAGT,0,3987425
xdhAp2,0.038461538461538464,25,25,AGTTTATGGTATTTACCCAG,0,4007231
xdhAp2,0.038461538461538464,25,25,ACTGTACTCTCTACATGAGC,0,4004005
xdhAp2,0.04,24,24,TTGCTTCCGGTAGACGAAAA,0,4006222
xdhAp2,0.04,24,24,TTGCCAGTACGCAGTTGCAT,0,3993495
xdhAp2,0.04,24,24,TTCGTCGTGCTTTTTGTGAT,0,3987616
xdhAp2,0.04,24,24,TCTAGACACATCGTCCTTGG,0,3982285
xdhAp2,0.04,24,24,TCGTTGCCAAGTTTTCTCGG,0,4005715
xdhAp2,0.04,24,24,TAACGGGTATCATTGAACTC,0,4013548
xdhAp2,0.04,24,24,GGTGTGTCATAGCCACGGCA,0,3990652
xdhAp2,0.04,24,24,GGGCCTTACGGGTAGTGTGC,0,3984034
xdhAp2,0.04,24,24,GGGACCTGGCGTAAGCACTG,0,4001852
xdhAp2,0.04,24,24,GGAGCGGTACCATGACCAGA,0,3996795
xdhAp2,0.04,24,24,GGACACCCCTGTAATCAACG,0,3986024
xdhAp2,0.04,24,24,GGAAGGGCATTCGGAGATCC,0,3999683
xdhAp2,0.04,24,24,GCTGTGTTCTTGAGGGATAG,0,4003800
xdhAp2,0.04,24,24,GACGGACGGGGTATCCAATC,0,3990043
xdhAp2,0.04,24,24,GAATCACAACATGATTTTAT,0,3983869
xdhAp2,0.04,24,24,GAACCTGGTTTCATTCGATA,0,4009070
xdhAp2,0.04,24,24,CTCGTCGAAAATGCCGGAAG,0,3991340
xdhAp2,0.04,24,24,CGTGAGCTGTTAAGCGGGTC,0,4005469
xdhAp2,0.04,24,24,CGCCTGTCTTTTGTGAAAAG,0,3982047
xdhAp2,0.04,24,24,CGAGCTAGTACGCGTCAATC,0,3988176
xdhAp2,0.04,24,24,CAAATCGGCGGATAAGCAAC,0,3981528
xdhAp2,0.04,24,24,CAAAGAGCTCCGTGTGCACC,0,3993067
xdhAp2,0.04,24,24,AGTAAAGCTGTGGGCTGCGG,0,3989453
xdhAp2,0.04,24,24,AGGAGCTAATGTTATTTCTT,0,3986922
xdhAp2,0.04,24,24,AGCTATGGGGACGCTTGGGA,0,3993030
xdhAp2,0.04,24,24,AGAACTACGCTAGGAACGAG,0,3994287
xdhAp2,0.04,24,24,ACCGTATTCATTATTTGCCG,0,3983558
xdhAp2,0.04,24,24,AAGGGAACGATTTCCCGTCA,0,3992894
xdhAp2,0.04,24,24,AACTCCGTCGGGGTCCGATT,0,3992079
xdhAp2,0.041666666666666664,23,23,TTTGCTGGGCTTGATAAAGG,0,3995461
xdhAp2,0.041666666666666664,23,23,TTGTAGTGGAGCTATTTCGT,0,3990611
xdhAp2,0.041666666666666664,23,23,TGTTCATTTGGGCATGTCAC,0,3996453
xdhAp2,0.041666666666666664,23,23,TGGCTCGCATGAGGAATTAG,0,3981547
xdhAp2,0.041666666666666664,23,23,TGCAGGCCCCAGAGTTCGGT,0,3988897
xdhAp2,0.041666666666666664,23,23,TGATTTATGTTTCTGTCCGT,0,3982315
xdhAp2,0.041666666666666664,23,23,TGAAATCTTATAGTGATGCT,0,4004784
xdhAp2,0.041666666666666664,23,23,TATTGGCACTTCATCGAGTT,0,4010319
xdhAp2,0.041666666666666664,23,23,TAGCCCTGCGGGTAGGTCGA,0,3987029
xdhAp2,0.041666666666666664,23,23,TACGGGGTATGATCCGCTTC,0,3989345
xdhAp2,0.041666666666666664,23,23,GTGCCCCAAGACAGCATTTA,0,3990193
xdhAp2,0.041666666666666664,23,23,GTGCCATTCAAAGAGTAGTA,0,3998188
xdhAp2,0.041666666666666664,23,23,GTAGTTAATGCACAACTCCC,0,3993875
xdhAp2,0.041666666666666664,23,23,GGCATATTCAATGTGTATGC,0,4000896
xdhAp2,0.041666666666666664,23,23,GGAACCGGGAACGTGCGGAA,0,4013444
xdhAp2,0.041666666666666664,23,23,CTTCGTGGACTCAGCCGGCG,0,4012778
xdhAp2,0.041666666666666664,23,23,CTGTTTATGAAGTGGCTTTA,0,3984313
xdhAp2,0.041666666666666664,23,23,CTGTCTAACGTTAGTTGGGG,0,3985303
xdhAp2,0.041666666666666664,23,23,CTGCGAGGAGATTCAGGAAT,0,3996193
xdhAp2,0.041666666666666664,23,23,CTATATCTAACGACACCACG,0,3991304
xdhAp2,0.041666666666666664,23,23,CGGTGGGATTGTTACTCTCA,0,3988411
xdhAp2,0.041666666666666664,23,23,CCGGTGTCCTGGCTTCTCCA,0,4007781
xdhAp2,0.041666666666666664,23,23,CCCACCTTTAGGGGATAGTA,0,4013417
xdhAp2,0.041666666666666664,23,23,CATCCGTGCATAGCCCCCGG,0,3997187
xdhAp2,0.041666666666666664,23,23,ATTTGGTTTCTCCATAGCCT,0,4004734
xdhAp2,0.041666666666666664,23,23,ATTTATTTCTGTAAATGGAT,0,3992045
xdhAp2,0.041666666666666664,23,23,AGTTGCACTGAAGGATTTTG,0,4010978
xdhAp2,0.041666666666666664,23,23,AGTATGATGACCATGTAACT,0,4000457
xdhAp2,0.041666666666666664,23,23,AGGTCCAGATTTCGTTGGAA,0,3986818
xdhAp2,0.041666666666666664,23,23,AGCCGTATATTCGGTAGCAT,0,3986039
xdhAp2,0.041666666666666664,23,23,AGAATTACCAAATATCCAGT,0,4006689
xdhAp2,0.041666666666666664,23,23,AGAAGGAAGTTACATGACGA,0,4006368
xdhAp2,0.041666666666666664,23,23,ACTTCACTTTAGGTAGACAT,0,4001243
xdhAp2,0.041666666666666664,23,23,ACAGCCGCTGAGTCAGCTCC,0,3983468
xdhAp2,0.041666666666666664,23,23,AATTTAAAGACGAGGTTCTC,0,3982870
xdhAp2,0.041666666666666664,23,23,AATGCGGTCAGAAACATACC,0,4006298
xdhAp2,0.041666666666666664,23,23,AACTATTCTCGAGTACGGAC,0,4009303
xdhAp2,0.041666666666666664,23,23,AACCAGGAGGAGTGTCCGAT,0,4005096
xdhAp2,0.043478260869565216,22,22,TTTCAGCCAACGATCGTGGT,0,3995158
xdhAp2,0.043478260869565216,22,22,TTTATCGCGATCGCCAAAAT,0,4009647
xdhAp2,0.043478260869565216,22,22,TTAATATAAGGTTCAGTAAG,0,3984033
xdhAp2,0.043478260869565216,22,22,TGGTTGAAAAGGTCCTTGGT,0,3986721
xdhAp2,0.043478260869565216,22,22,TGGAGGACGTAATAACTCCA,0,3999941
xdhAp2,0.043478260869565216,22,22,TCTGAGCGCTTGATCGACTG,0,3987414
xdhAp2,0.043478260869565216,22,22,TCATCGTCATGTTGGTGTCG,0,3981733
xdhAp2,0.043478260869565216,22,22,TAGAGCCCCTGTCCTCACGT,0,3997633
xdhAp2,0.043478260869565216,22,22,TACAGATGATATCAACGCCG,0,4001595
xdhAp2,0.043478260869565216,22,22,TAAGTGGTCTGAACGATTCC,0,4004951
xdhAp2,0.043478260869565216,22,22,GGTCCGGAAGTGTAAACAAT,0,3990523
xdhAp2,0.043478260869565216,22,22,GGTACCCAGCTATTGCGGGT,0,3990152
xdhAp2,0.043478260869565216,22,22,GGGTGGCACGTGCCAAAACT,0,4009420
xdhAp2,0.043478260869565216,22,22,GGGCAGATAGGCGGTTATGG,0,4008248
xdhAp2,0.043478260869565216,22,22,GCGAACCGGTGCAGCTAAGC,0,3988368
xdhAp2,0.043478260869565216,22,22,GCCACACAGAGACTTGAGAT,0,3989061
xdhAp2,0.043478260869565216,22,22,GACGTCAAATAAAGTCTAAG,0,3982316
xdhAp2,0.043478260869565216,22,22,CGTGAACGTTTCTTGCATGA,0,3998218
xdhAp2,0.043478260869565216,22,22,CGGGTTCCAAACTTGTCGAT,0,3985472
xdhAp2,0.043478260869565216,22,22,CGCTCAGCGCATTGGCTCAT,0,3982504
xdhAp2,0.043478260869565216,22,22,CGCGAGGAACACGATGACGA,0,3981771
xdhAp2,0.043478260869565216,22,22,CGAGGAGACGGACGATTCCC,0,3987922
xdhAp2,0.043478260869565216,22,22,CCGGTTCCCTCTCCCTAATC,0,3984354
xdhAp2,0.043478260869565216,22,22,CCCGCAGTTTCGAGTGTCTG,0,3987749
xdhAp2,0.043478260869565216,22,22,CACTTTTCACGCACTGCGGA,0,4001789
xdhAp2,0.043478260869565216,22,22,CAATATCGGCCCCGATGATG,0,3998204
xdhAp2,0.043478260869565216,22,22,CAAACGGGAATGCGGGAAAT,0,3992129
xdhAp2,0.043478260869565216,22,22,ATTTACCTGGCGTCTATCCC,0,4003872
xdhAp2,0.043478260869565216,22,22,ATTCTCAGTCAGGTCATTCT,0,4007210
xdhAp2,0.043478260869565216,22,22,ATGTTTTAGGTACTCTTTGT,0,3984549
xdhAp2,0.043478260869565216,22,22,AGTAAGTAATGCGGCCATTT,0,3984550
xdhAp2,0.043478260869565216,22,22,ACTCGTTAGTGCTCGTCGCA,0,4001488
xdhAp2,0.043478260869565216,22,22,ACCATCAGGCTCACAAGAAA,0,3993966
xdhAp2,0.043478260869565216,22,22,ACACTCAACGACGTCTCGAT,0,3987871
xdhAp2,0.043478260869565216,22,22,ACACAAGGAACCTGCGACCT,0,3992955
xdhAp2,0.043478260869565216,22,22,AAGACCATTGGTTCCGACTC,0,3994795
xdhAp2,0.043478260869565216,22,22,AAACTCATGCCTTAATTCTC,0,3989468
xdhAp2,0.045454545454545456,21,21,TGGCTTGACCGAACGGTAGA,0,4001254
xdhAp2,0.045454545454545456,21,21,TCTCGAGGATCATAATCGTG,0,3999334
xdhAp2,0.045454545454545456,21,21,TCATTAAAGCACGTGTCCTA,0,3990781
xdhAp2,0.045454545454545456,21,21,GTTAATAGCGCTTTGCGATT,0,4011194
xdhAp2,0.045454545454545456,21,21,GTGTCAACGGCATTTATGGG,0,3985678
xdhAp2,0.045454545454545456,21,21,GGTCGATAAATAGCTCGGAG,0,3998977
xdhAp2,0.045454545454545456,21,21,GCTTGTCCTGTTGTTGAACG,0,3991287
xdhAp2,0.045454545454545456,21,21,GCTTCTATTTCCACTGCTGC,0,3984258
xdhAp2,0.045454545454545456,21,21,GCAAGGTACGAAACGTCGGG,0,4013432
xdhAp2,0.045454545454545456,21,21,GATTTCTGAAGCTGCGGAAA,0,3992063
xdhAp2,0.045454545454545456,21,21,CTTTAATGTTTTACCTGTGA,0,3982181
xdhAp2,0.045454545454545456,21,21,CTGTCGCTGGTATCCCTACT,0,4006472
xdhAp2,0.045454545454545456,21,21,CTCACGCCCTTGCGCGGTAT,0,3994733
xdhAp2,0.045454545454545456,21,21,CTATTGTCGATACTGACGAA,0,4004298
xdhAp2,0.045454545454545456,21,21,CTAGGGTGATGGAGGAAATC,0,3988900
xdhAp2,0.045454545454545456,21,21,CTACAATTTCGCTCCGGTAA,0,3993825
xdhAp2,0.045454545454545456,21,21,CTAAGGGGATCCGCCCGATC,0,3982368
xdhAp2,0.045454545454545456,21,21,CGTTCCTTTGAGGCGCACGT,0,4002336
xdhAp2,0.045454545454545456,21,21,CGTAAGGCTTGAACATGTCA,0,3983531
xdhAp2,0.045454545454545456,21,21,CGATACAAATATCCACGTCA,0,3985260
xdhAp2,0.045454545454545456,21,21,CCTTGGACCGTAGTCACTTA,0,3998686
xdhAp2,0.045454545454545456,21,21,CCTAACGTATTGGGGTTCAC,0,3982964
xdhAp2,0.045454545454545456,21,21,CCCTCCAGCGCTATGGCTGA,0,3994804
xdhAp2,0.045454545454545456,21,21,CCCTATGAGAATACCTGCAG,0,3991120
xdhAp2,0.045454545454545456,21,21,CCCAAAACTCGTTTCGCCAT,0,3991796
xdhAp2,0.045454545454545456,21,21,CAGGTGTTCTGCGGCTTCGG,0,4013093
xdhAp2,0.045454545454545456,21,21,CAAGTTCTAGCCCGTTCGTA,0,4002884
xdhAp2,0.045454545454545456,21,21,CAAGACTAGCAGGCTATAAC,0,3988760
xdhAp2,0.045454545454545456,21,21,CAAAATCGGTTGCACAAAGT,0,3993445
xdhAp2,0.045454545454545456,21,21,ATGCATTCAGGTTTAATTGT,0,3997190
xdhAp2,0.045454545454545456,21,21,ATGAGTACTATGGGTGTCAC,0,4000503
xdhAp2,0.045454545454545456,21,21,ATCTCCGGCTCACTGAATGT,0,3985747
xdhAp2,0.045454545454545456,21,21,ATAAGGTATAAAAAACTCTA,0,3984560
xdhAp2,0.045454545454545456,21,21,AGTGCTATTATTGGAGGATG,0,4006016
xdhAp2,0.045454545454545456,21,21,AGGTACACTTTAGATCTATG,0,3987515
xdhAp2,0.045454545454545456,21,21,AGATGGTAGACACAAGGAGC,0,4001183
xdhAp2,0.045454545454545456,21,21,AGAAATCAGTAGAAGTGGTA,0,3996863
xdhAp2,0.045454545454545456,21,21,ACTTTTGTGCGCTAGAGTAG,0,4009034
xdhAp2,0.045454545454545456,21,21,ACTGCATGCAGACACGAGAT,0,3999610
xdhAp2,0.045454545454545456,21,21,ACGGCTCGCTAGAATGTCAC,0,4007602
xdhAp2,0.045454545454545456,21,21,ACCGCTAGCGCTTTGAATGA,0,4004740
xdhAp2,0.045454545454545456,21,21,ACCCAAGATGTAACTTAGGG,0,4010097
xdhAp2,0.045454545454545456,21,21,AATTTTTCCGGCCGGGCGAC,0,4009392
xdhAp2,0.047619047619047616,20,20,TTGTATCTCATCAGCGGGTA,0,3987429
xdhAp2,0.047619047619047616,20,20,TTCAAGCGTTGTTTCACAGT,0,4014063
xdhAp2,0.047619047619047616,20,20,TTAGCACAGGCGGGATCTTC,0,4005780
xdhAp2,0.047619047619047616,20,20,TGGCAATGTAGCGGACCTCT,0,3999558
xdhAp2,0.047619047619047616,20,20,TGATTATCGAAAAGCTTGAA,0,4009027
xdhAp2,0.047619047619047616,20,20,TGACCGGTACTTGGGCATGG,0,4005023
xdhAp2,0.047619047619047616,20,20,TCTATATCCGCCAGGTCACT,0,4008105
xdhAp2,0.047619047619047616,20,20,TCAGGGGGTAGACCCAGATA,0,4000934
xdhAp2,0.047619047619047616,20,20,TATAGGGTCTTTCGCTTCTG,0,4006412
xdhAp2,0.047619047619047616,20,20,TATAGATAAGGGTAAACCCT,0,3990925
xdhAp2,0.047619047619047616,20,20,TAATACACTTGCGGAATTAC,0,3989651
xdhAp2,0.047619047619047616,20,20,GTTCATCACGAGACAAAGTG,0,3990340
xdhAp2,0.047619047619047616,20,20,GTGTTTTCCTAGAGTGTCTT,0,4005782
xdhAp2,0.047619047619047616,20,20,GTAGGTTGTATAATGGCCAC,0,3992730
xdhAp2,0.047619047619047616,20,20,GTACTCCCCGATCCTAGTCG,0,3991457
xdhAp2,0.047619047619047616,20,20,GGTGCGGAACTGCCCCGCGG,0,4010202
xdhAp2,0.047619047619047616,20,20,GGGACTCTCGGCAGCGACCC,0,4004785
xdhAp2,0.047619047619047616,20,20,GGCGGTTCGAAGTGTACGCT,0,3984991
xdhAp2,0.047619047619047616,20,20,GGAACCTCATACCAGTTTTC,0,3990231
xdhAp2,0.047619047619047616,20,20,GCCAAATGAACCATGTTCAG,0,4002183
xdhAp2,0.047619047619047616,20,20,GCCAAAGTCAAAACTGCTGC,0,3999504
xdhAp2,0.047619047619047616,20,20,GCAAGCGGTATTAGTAAGCC,0,4009062
xdhAp2,0.047619047619047616,20,20,GAGCATACCTCAAAAAAACA,0,3995133
xdhAp2,0.047619047619047616,20,20,GACGCTGGATATGATGGTTT,0,3995305
xdhAp2,0.047619047619047616,20,20,GAAGTCTTGAAAACGGCTCG,0,3989898
xdhAp2,0.047619047619047616,20,20,GAAAGCCCTGGTTACGCGGC,0,3996714
xdhAp2,0.047619047619047616,20,20,CTGTTTTCCGGGAAATAGAC,0,3989033
xdhAp2,0.047619047619047616,20,20,CTGTCTCGATTTGGACGAAC,0,3998573
xdhAp2,0.047619047619047616,20,20,CGTTGTTATCAATTATAGCG,0,4003614
xdhAp2,0.047619047619047616,20,20,CGAGGCAAGCAGAGAGGTTG,0,3987660
xdhAp2,0.047619047619047616,20,20,CCGTGCTTCACTCCACCTGT,0,3988518
xdhAp2,0.047619047619047616,20,20,CCGGTACATTATTCGTCTAG,0,3983237
xdhAp2,0.047619047619047616,20,20,CCGAGTGTCAGCCGGGAGGT,0,4014349
xdhAp2,0.047619047619047616,20,20,CCCTCGGATTCCATTAGAAA,0,4000777
xdhAp2,0.047619047619047616,20,20,CCACACCGAAGCAACAAGCA,0,4007420
xdhAp2,0.047619047619047616,20,20,CATAGCCTCCGCCAGTATGC,0,4013634
xdhAp2,0.047619047619047616,20,20,CATAAAGGAAACAGCTGCTC,0,3985217
xdhAp2,0.047619047619047616,20,20,CAGGCCCGTACGCGCCCGGC,0,3997835
xdhAp2,0.047619047619047616,20,20,CAGAGGGTGCACGCATGGAG,0,3983081
xdhAp2,0.047619047619047616,20,20,CACGGGTGTTATGTCTCGTA,0,4001604
xdhAp2,0.047619047619047616,20,20,CAATGTAGAGTAACACTCGA,0,3997283
xdhAp2,0.047619047619047616,20,20,CAAAGGGGCATAATAAACCC,0,3989966
xdhAp2,0.047619047619047616,20,20,ATATGCTAGTTTGGAGAAGT,0,4002026
xdhAp2,0.047619047619047616,20,20,AGTGTTTTATTATTGGTAGA,0,4009382
xdhAp2,0.047619047619047616,20,20,AGTCTCGCAGGTAGACCGGA,0,4010316
xdhAp2,0.047619047619047616,20,20,AGTATCTGGAGACGGTGGCA,0,3994683
xdhAp2,0.047619047619047616,20,20,AGCCCGCACGTAAAGTGCTA,0,3994402
xdhAp2,0.047619047619047616,20,20,AGATTTTGCGTCTACGGGTT,0,3985394
xdhAp2,0.047619047619047616,20,20,AGAATTAAAAGACGAATAAT,0,3989955
xdhAp2,0.047619047619047616,20,20,ACAGCACCTGCCGACGACAG,0,4001905
xdhAp2,0.047619047619047616,20,20,AATCGGAGGCGCTTCTACGG,0,4009189
xdhAp2,0.047619047619047616,20,20,AATCAGGTGCGCTCTTGGAA,0,3985218
xdhAp2,0.047619047619047616,20,20,AAGTTATCATTCCCACGAGA,0,4008610
xdhAp2,0.047619047619047616,20,20,AAGGGTGCTCGGGGTAATGG,0,3995109
xdhAp2,0.047619047619047616,20,20,AAGCCCAGTCAGGCTTAGCT,0,4012491
xdhAp2,0.047619047619047616,20,20,AAGACTCCCGCCGGCATAGG,0,4013721
xdhAp2,0.047619047619047616,20,20,AAACTGGATGTGATTATATT,0,4007812
xdhAp2,0.047619047619047616,20,20,AAAACTGGCACGAGAAAGGA,0,3999250
xdhAp2,0.05,19,19,TTTCCTCATGATATTCGGGC,0,4001242
xdhAp2,0.05,19,19,TGGTTCACCCGCTGGAGTGG,0,3990578
xdhAp2,0.05,19,19,TGCCTTTTCCGGCATCATGA,0,4008787
xdhAp2,0.05,19,19,TGCAACTCGTCGGAGGAACT,0,4010820
xdhAp2,0.05,19,19,TGATCCCGGGGACTTGGGAT,0,3993029
xdhAp2,0.05,19,19,TGACATCCTAACCCGTTCGA,0,3987261
xdhAp2,0.05,19,19,TCGAGCACTATGTTTTACCA,0,4006034
xdhAp2,0.05,19,19,GTTCTTCAGGGCGTACTTAA,0,3994237
xdhAp2,0.05,19,19,GTGGTAAGTATTTGACGACT,0,3989375
xdhAp2,0.05,19,19,GTGCGCGTTTTCCTCGCAAA,0,3990208
xdhAp2,0.05,19,19,GTGACGTAGTAATTCGAGTC,0,3983893
xdhAp2,0.05,19,19,GTCAATGGATGGGTCTCCAG,0,3982845
xdhAp2,0.05,19,19,GTATCAGCGAGCAAATCGGG,0,3981885
xdhAp2,0.05,19,19,GGTTTAACATCGGAGCCACG,0,4006819
xdhAp2,0.05,19,19,GGTTCCCGATGATATAGTCC,0,3993963
xdhAp2,0.05,19,19,GGTGTACTTGCGGGAATACT,0,3998479
xdhAp2,0.05,19,19,GGGTTATAAAACGAAGTCAC,0,3983705
xdhAp2,0.05,19,19,GGGGGGCTAATATCGTCGGT,0,4006755
xdhAp2,0.05,19,19,GGAGGTTTGTTCTACTGTTC,0,4006571
xdhAp2,0.05,19,19,GCTTAATGACCGCAAACACA,0,3996855
xdhAp2,0.05,19,19,GCTCACTTTTACCTCGGGTG,0,3995481
xdhAp2,0.05,19,19,GCTATAAGACAGTGTAGATT,0,3985429
xdhAp2,0.05,19,19,GCTAGGGCTACGGCATAGGC,0,3984757
xdhAp2,0.05,19,19,GCTAACATCTATCATGATGA,0,3995662
xdhAp2,0.05,19,19,GCCGCAGTCATTTCGCCATT,0,3992868
xdhAp2,0.05,19,19,GCCAATACGGAGCGACGGCA,0,4010595
xdhAp2,0.05,19,19,GATTTCAGTCCGCTGCCCGT,0,4005806
xdhAp2,0.05,19,19,GATTACTCGATTAGCGTCTG,0,3994846
xdhAp2,0.05,19,19,GATTAAATACCGGACAAAAA,0,4003630
xdhAp2,0.05,19,19,GAGCAGTACAATGCTCTACC,0,4001203
xdhAp2,0.05,19,19,CTGTTTAGCCACAAGCCAAG,0,3984713
xdhAp2,0.05,19,19,CTCCTGAAGCACTTGCAGGT,0,3995815
xdhAp2,0.05,19,19,CTCCTCGAATTCCGGGCGGT,0,3990964
xdhAp2,0.05,19,19,CGTGATAGAACAGGATTTGA,0,3988673
xdhAp2,0.05,19,19,CGGTTATCAACGACAGATTG,0,3987618
xdhAp2,0.05,19,19,CGGAGCATGCCACTTTGATT,0,4009105
xdhAp2,0.05,19,19,CGCATTGGCTCCATAGGCAA,0,4011603
xdhAp2,0.05,19,19,CGCAGGGGGGTATCAGGATA,0,3989680
xdhAp2,0.05,19,19,CGCAATCGTCATCCAGCACA,0,4004297
xdhAp2,0.05,19,19,CCGGCGGTCTGTCTTTACAA,0,3998190
xdhAp2,0.05,19,19,CCGCTCCTGAATATCTCCGA,0,4006395
xdhAp2,0.05,19,19,CCCGATGACACCAACAAAGG,0,3990006
xdhAp2,0.05,19,19,CATACGTCATCGTGACGTAT,0,3991326
xdhAp2,0.05,19,19,CAAAGTTGTGAGATTCTGAT,0,4002932
xdhAp2,0.05,19,19,ATGGTAGCGAGCATAATGTG,0,4013005
xdhAp2,0.05,19,19,ATGGCCTGTTGCCATGCTGT,0,4010346
xdhAp2,0.05,19,19,ATGAGAAGATCAAAGTACTT,0,3982363
xdhAp2,0.05,19,19,ATCTGGGGCCAGTCAAAGAA,0,3988486
xdhAp2,0.05,19,19,ATCTAGTCAGGCCGGTCGCT,0,3996730
xdhAp2,0.05,19,19,ATCAAGGCTTGTAAGCCAAA,0,3986003
xdhAp2,0.05,19,19,AGTGCGGCTCCTAGTTGACT,0,3996525
xdhAp2,0.05,19,19,AGTGACTCGGCGCACGAACC,0,4002208
xdhAp2,0.05,19,19,AGTCTTCTCTCGCCGAATAC,0,4007216
xdhAp2,0.05,19,19,AGCGTCGCTGTTCGGATCCC,0,4009918
xdhAp2,0.05,19,19,AGCGAAACGTTGTTCATGTG,0,3991169
xdhAp2,0.05,19,19,ACGGAGGTATAACTGTGAAT,0,3983527
xdhAp2,0.05,19,19,ACGCTCAGGCCGAAAACGAA,0,4008675
xdhAp2,0.05,19,19,ACAGTGGTATAAACTCATAC,0,4009967
xdhAp2,0.05,19,19,AATTCTACGGGCCGATCTCT,0,3990031
xdhAp2,0.05,19,19,AATGAGGGGTAATCCGACCT,0,4003399
xdhAp2,0.05,19,19,AATCATCCATCCCACCCTCC,0,4007674
xdhAp2,0.05,19,19,AAGTGGCCTGCGATTTCCTA,0,4003226
xdhAp2,0.05,19,19,AAGGCTAATGACCCAGCTAT,0,4001338
xdhAp2,0.05,19,19,AACCCCCAGATCCAGATCAT,0,3994078
xdhAp2,0.05,19,19,AAATGTCATATATCAAGAAA,0,3986828
xdhAp2,0.05263157894736842,18,18,TTTTGGGAGTTCAACGGCGT,0,3982518
xdhAp2,0.05263157894736842,18,18,TTTTGAGGAGGAAACCGTAC,0,4002281
xdhAp2,0.05263157894736842,18,18,TTTTAGACCTGGGATATTAA,0,3983176
xdhAp2,0.05263157894736842,18,18,TTTCATGCTCTGCCATCAAC,0,3990891
xdhAp2,0.05263157894736842,18,18,TTTAGGTTCGTTTTATTCCA,0,3988068
xdhAp2,0.05263157894736842,18,18,TTTAAGTGTCACCATCATCA,0,4007281
xdhAp2,0.05263157894736842,18,18,TTATCGTCCAGCTTTAAACT,0,3991231
xdhAp2,0.05263157894736842,18,18,TGGTCCAGAACCGGCACTCG,0,3988709
xdhAp2,0.05263157894736842,18,18,TGAGTAAAAAATTTTGCTTG,0,4013549
xdhAp2,0.05263157894736842,18,18,TGAAAGAGCGTGGAGAAGTT,0,4004296
xdhAp2,0.05263157894736842,18,18,TCATAAAACTCTAGAAGATG,0,3983392
xdhAp2,0.05263157894736842,18,18,TACCGGCCTATTTACAGAAT,0,4010308
xdhAp2,0.05263157894736842,18,18,TACAATAAGCCGGCCAGAAG,0,3998102
xdhAp2,0.05263157894736842,18,18,GTTGATTGTGCGGAAGTGAG,0,3999861
xdhAp2,0.05263157894736842,18,18,GTTGACGGCACCACCGCTTA,0,3995887
xdhAp2,0.05263157894736842,18,18,GTTAGTTGGGACTCAACTCT,0,3997533
xdhAp2,0.05263157894736842,18,18,GTGACGATGTGACTTAAATA,0,3989828
xdhAp2,0.05263157894736842,18,18,GTCTACTAGCGGGCCATGAA,0,3985368
xdhAp2,0.05263157894736842,18,18,GTAGACCGCCCTAGGCTCCC,0,4006104
xdhAp2,0.05263157894736842,18,18,GGTACATGCTTAGCTTTCGC,0,3999991
xdhAp2,0.05263157894736842,18,18,GGCGCGCAGTGATGTTAGGT,0,4007880
xdhAp2,0.05263157894736842,18,18,GGCCGGTTAAGTCACCGACT,0,3991774
xdhAp2,0.05263157894736842,18,18,GGCAGGTACGTAGCGGTTGT,0,4003853
xdhAp2,0.05263157894736842,18,18,GGCAATACTTGGCCAACAGA,0,3995726
xdhAp2,0.05263157894736842,18,18,GGATTCGAGGGAATTCGGCA,0,4009634
xdhAp2,0.05263157894736842,18,18,GGACGTGCGTACAGTTAAAG,0,3992209
xdhAp2,0.05263157894736842,18,18,GCTGTTTGCTAGGCTGCCGA,0,3986670
xdhAp2,0.05263157894736842,18,18,GCGCTTTTGGGCGAAGGGAG,0,4009439
xdhAp2,0.05263157894736842,18,18,GCCTCAAGGATGTACTTTCA,0,3982736
xdhAp2,0.05263157894736842,18,18,GCCTATGCACAACTCAACGC,0,3991726
xdhAp2,0.05263157894736842,18,18,GATCAGGACTTGCTGCGATT,0,3999678
xdhAp2,0.05263157894736842,18,18,GAGCCCATCTCCCGGCATCA,0,3993385
xdhAp2,0.05263157894736842,18,18,GACGCTGTACTGAAGAGTGT,0,4007513
xdhAp2,0.05263157894736842,18,18,GACCTACCCGAATTTGGACA,0,4011916
xdhAp2,0.05263157894736842,18,18,GAACTTTTCACTGGGGTGGC,0,4001921
xdhAp2,0.05263157894736842,18,18,GAAAGCTCCGCAGTAGGCCC,0,3982258
xdhAp2,0.05263157894736842,18,18,CTGGTGAGTGTTATTAAGGT,0,4001177
xdhAp2,0.05263157894736842,18,18,CTCCGCAGACTGCTCCACCT,0,3992201
xdhAp2,0.05263157894736842,18,18,CTAGCAAAAGTTCACATTCC,0,3986227
xdhAp2,0.05263157894736842,18,18,CTAAAGACGGGTGGTGCGTG,0,4009692
xdhAp2,0.05263157894736842,18,18,CGTGTTACGGCCCGAACAAA,0,3983923
xdhAp2,0.05263157894736842,18,18,CGGTTGTAAGCCCAGGACGT,0,3983491
xdhAp2,0.05263157894736842,18,18,CGGCTACCATTTCGAGAGAA,0,4010136
xdhAp2,0.05263157894736842,18,18,CGGCAAGGTTGTGATCCATT,0,4003726
xdhAp2,0.05263157894736842,18,18,CCTGGCTACCTATGAGTCAT,0,3993822
xdhAp2,0.05263157894736842,18,18,CCTGAATAGTGTGAGCATTA,0,3983268
xdhAp2,0.05263157894736842,18,18,CCGTTTGAATTGCTGAGCAG,0,4004938
xdhAp2,0.05263157894736842,18,18,CCGCAACAAACTATGGGTTA,0,3998827
xdhAp2,0.05263157894736842,18,18,CCCGCCACTGGGCGTTGCTA,0,3986523
xdhAp2,0.05263157894736842,18,18,CATTGGGTAGCTCTGAACAA,0,4008208
xdhAp2,0.05263157894736842,18,18,CATGTAACCTCGGCAAAGAT,0,3982380
xdhAp2,0.05263157894736842,18,18,CATACAAAGATACATAGGAG,0,3991337
xdhAp2,0.05263157894736842,18,18,CAGGACGCCTTCTGAGATAC,0,4003227
xdhAp2,0.05263157894736842,18,18,CACTTTTGTAACTTGGTCAC,0,4004587
xdhAp2,0.05263157894736842,18,18,CACACGGGGCGGACGTAGAA,0,3986408
xdhAp2,0.05263157894736842,18,18,CAATCGCGTACACCGACCCA,0,3990464
xdhAp2,0.05263157894736842,18,18,ATGATACCGTGTACGCATAA,0,4008485
xdhAp2,0.05263157894736842,18,18,ATATACTCTCATCTAAATGC,0,4009028
xdhAp2,0.05263157894736842,18,18,AGTTCTATGTGTCAGCATGA,0,3991378
xdhAp2,0.05263157894736842,18,18,AGTCAATAGAGTAATAGCCG,0,4006366
xdhAp2,0.05263157894736842,18,18,AGTACCGGCTTCAAGGCATA,0,4010934
xdhAp2,0.05263157894736842,18,18,AGGACATTTGCCCATGCGGA,0,4010027
xdhAp2,0.05263157894736842,18,18,AGCATCCAAGCACTAATCAT,0,3994019
xdhAp2,0.05263157894736842,18,18,AGATCGCGCTCGAAGGCGAA,0,3996615
xdhAp2,0.05263157894736842,18,18,AGAATGCAATCTATTGGGTT,0,3998774
xdhAp2,0.05263157894736842,18,18,ACGGCAGCTTTCCCACAGTG,0,4002179
xdhAp2,0.05263157894736842,18,18,ACCTTACTTCCGTCTCGAGA,0,3988541
xdhAp2,0.05263157894736842,18,18,ACCCCGATGGAGTCGCCGGA,0,3981638
xdhAp2,0.05263157894736842,18,18,ACATGCTTACTAAGCCATAG,0,4006091
xdhAp2,0.05263157894736842,18,18,AATGTGTAAAGATTATATGG,0,3983896
xdhAp2,0.05263157894736842,18,18,AAGGCAAATTTGTGAGGGTA,0,3999017
xdhAp2,0.05263157894736842,18,18,AACTGTGGTCTGTGACTATT,0,3982568
xdhAp2,0.05263157894736842,18,18,AACTAATCGGGTCTGGTGTA,0,3997143
xdhAp2,0.05555555555555555,17,17,TTTGTGGGGTCCCGGGTGTC,0,3985151
xdhAp2,0.05555555555555555,17,17,TTCTACGCAGCTTTTCATAA,0,4005097
xdhAp2,0.05555555555555555,17,17,TTCCTTCTTGTAACAGGTTG,0,3982069
xdhAp2,0.05555555555555555,17,17,TTCCCTTCACACAGGAAACA,0,3983112
xdhAp2,0.05555555555555555,17,17,TTCACTGGCAAGGGTTTTAA,0,3985363
xdhAp2,0.05555555555555555,17,17,TTAGTCGAACTAAAGAACAG,0,4002980
xdhAp2,0.05555555555555555,17,17,TGTCTCCGGGTTCGGATTTT,0,3987330
xdhAp2,0.05555555555555555,17,17,TGTCGGAGATGACATCAGGG,0,3998453
xdhAp2,0.05555555555555555,17,17,TGGAGGAGAGTAGACGCGTG,0,4009538
xdhAp2,0.05555555555555555,17,17,TGCGAGATTGCTATGACAGG,0,3987495
xdhAp2,0.05555555555555555,17,17,TGCAAGTGGCCGCTAGATGA,0,4002788
xdhAp2,0.05555555555555555,17,17,TGAGCCGACACTTACTATCA,0,4013560
xdhAp2,0.05555555555555555,17,17,TCGCGGGCGCTAGTGGTCTC,0,3997623
xdhAp2,0.05555555555555555,17,17,TCCCGACCCGCGCAGTGCTT,0,4007628
xdhAp2,0.05555555555555555,17,17,TCACGATTTTAAGTCAATGA,0,4004273
xdhAp2,0.05555555555555555,17,17,TAGCGTGGGGATGTGGTTTA,0,3981942
xdhAp2,0.05555555555555555,17,17,TACTTCATCTCAATCGTATG,0,3996918
xdhAp2,0.05555555555555555,17,17,TACGGATGCACAGTCTCGAA,0,3986364
xdhAp2,0.05555555555555555,17,17,TACAAACGGGCTGACCGCTC,0,3981911
xdhAp2,0.05555555555555555,17,17,TAATCAGTGCCACTCTTGCC,0,3993162
xdhAp2,0.05555555555555555,17,17,GTGTGTGCAGAGTCCGACTA,0,4003260
xdhAp2,0.05555555555555555,17,17,GTGTGCTCTCCTAACTGGAC,0,3997038
xdhAp2,0.05555555555555555,17,17,GTGGATTCTTCTGCTGGGGG,0,3996591
xdhAp2,0.05555555555555555,17,17,GGTTCGCGTCGCCGTGGGTC,0,3999858
xdhAp2,0.05555555555555555,17,17,GGTACCCGAAAGCTAAGGCG,0,3987888
xdhAp2,0.05555555555555555,17,17,GGGTTAGTCTATGGGGCTAC,0,4013145
xdhAp2,0.05555555555555555,17,17,GGGGTATCGTTAATGTGGAT,0,3991171
xdhAp2,0.05555555555555555,17,17,GGGCGATTGCGGTTCACCAT,0,4010002
xdhAp2,0.05555555555555555,17,17,GGCTGCCGGTTTGAGTGAAA,0,3982106
xdhAp2,0.05555555555555555,17,17,GGCGACCGTCAACCCTCCCG,0,3984962
xdhAp2,0.05555555555555555,17,17,GGATTCAAACCGTTGCCTGA,0,3990385
xdhAp2,0.05555555555555555,17,17,GCTAGCGTTTCTAGTAAGGG,0,4008067
xdhAp2,0.05555555555555555,17,17,GCGCGACGTTCACATCATTG,0,3993959
xdhAp2,0.05555555555555555,17,17,GATGCTTATGGGCAACCTTA,0,4003385
xdhAp2,0.05555555555555555,17,17,GAGTATCGCCCCGTAAATAA,0,3984633
xdhAp2,0.05555555555555555,17,17,GAGATTAAGAGAGCGACAAC,0,4008657
xdhAp2,0.05555555555555555,17,17,GACCTGGTTTACATCGCAAA,0,3991033
xdhAp2,0.05555555555555555,17,17,CTGGCCAGCGCCACTGTACG,0,4001903
xdhAp2,0.05555555555555555,17,17,CTGCGCTGCGAACGGAGACC,0,3986889
xdhAp2,0.05555555555555555,17,17,CTCGTTCGTAATTTAGTAGT,0,3982295
xdhAp2,0.05555555555555555,17,17,CTCGAAGCCTTGCCAAGAAT,0,4004760
xdhAp2,0.05555555555555555,17,17,CTCAAGGGGGTAGCGAGTGT,0,3997978
xdhAp2,0.05555555555555555,17,17,CTAGGGCGATGTGAACCACA,0,3994651
xdhAp2,0.05555555555555555,17,17,CTACCCTATAGCCAAAGATA,0,3993494
xdhAp2,0.05555555555555555,17,17,CTAATGATTAGGCGCTGATG,0,3997309
xdhAp2,0.05555555555555555,17,17,CGGGCGGAGCGTTTGCCAAC,0,4011031
xdhAp2,0.05555555555555555,17,17,CGATACAAACACTTGCTCAT,0,3987701
xdhAp2,0.05555555555555555,17,17,CATCGCCTGCGACTACGACC,0,4004664
xdhAp2,0.05555555555555555,17,17,CATAAAATTGGTGCCCTGAA,0,3992047
xdhAp2,0.05555555555555555,17,17,CAGTTCGTCGCTTTCATGAC,0,4008333
xdhAp2,0.05555555555555555,17,17,CAGGCGCCAGAGAGTCGCCT,0,4013999
xdhAp2,0.05555555555555555,17,17,CAGATGCATAGCAACGGGAG,0,4013874
xdhAp2,0.05555555555555555,17,17,CACGACCCGTGATCCAAGTT,0,4009476
xdhAp2,0.05555555555555555,17,17,CAATTTATCCCCAGGCTCCC,0,3982278
xdhAp2,0.05555555555555555,17,17,ATTGGGGACCACTGGTACAG,0,3988999
xdhAp2,0.05555555555555555,17,17,ATTGGCAAGAGGAGCTTCAC,0,4008459
xdhAp2,0.05555555555555555,17,17,ATTGCTAGCCCACGGTTATA,0,3994637
xdhAp2,0.05555555555555555,17,17,ATGTATGCTACCACGTCAGT,0,3987314
xdhAp2,0.05555555555555555,17,17,ATCTTACATGCCGGTCACTC,0,3997479
xdhAp2,0.05555555555555555,17,17,ATCGTTAATCTATGCCTAGT,0,3985577
xdhAp2,0.05555555555555555,17,17,ATCAAGCCCGCGTTCGATCT,0,3999838
xdhAp2,0.05555555555555555,17,17,ATATATTTTTATCGTGCCAG,0,3988340
xdhAp2,0.05555555555555555,17,17,ATAAGCGGGCCTTTAGGCCA,0,4001450
xdhAp2,0.05555555555555555,17,17,AGTTCTACCCAGGGCTGCGG,0,3987459
xdhAp2,0.05555555555555555,17,17,AGTAGCTTTCATGGCATAGC,0,4006623
xdhAp2,0.05555555555555555,17,17,AGGGTGGATAACAGAGCAAC,0,4005435
xdhAp2,0.05555555555555555,17,17,AGGGATCAGAGGCTAATCTC,0,3994622
xdhAp2,0.05555555555555555,17,17,AGCTTCTGTCTGAGTAAGCT,0,3987369
xdhAp2,0.05555555555555555,17,17,AGAGATGTTCCAGCGTATTG,0,3988662
xdhAp2,0.05555555555555555,17,17,AGACTTTCTACATTAACGCT,0,3992696
xdhAp2,0.05555555555555555,17,17,AGAACGTATATATCAGGCAG,0,3998828
xdhAp2,0.05555555555555555,17,17,ACTGTATATCGACGAACATT,0,4002454
xdhAp2,0.05555555555555555,17,17,ACTCTCTAGACATTGTTACG,0,3999594
xdhAp2,0.05555555555555555,17,17,ACTCCGAGGGTGCAACAGCT,0,3985497
xdhAp2,0.05555555555555555,17,17,ACTCCCTGGGCGACGGCCGT,0,4011973
xdhAp2,0.05555555555555555,17,17,ACGTAGTTGTTATCGTGCCA,0,3983108
xdhAp2,0.05555555555555555,17,17,ACGCTTCATGCCTCCGGCGT,0,3997601
xdhAp2,0.05555555555555555,17,17,ACGATATTAGGAATTCAGAC,0,3984710
xdhAp2,0.05555555555555555,17,17,ACCGACTACCCTGTGATGAT,0,3988034
xdhAp2,0.05555555555555555,17,17,ACCCGCTTATTTCCCTCGGT,0,4009772
xdhAp2,0.05555555555555555,17,17,AATTAGGACAACTGTCACAC,0,4009370
xdhAp2,0.05555555555555555,17,17,AAGGCTCGAGGCTTCGCGAA,0,3998265
xdhAp2,0.05555555555555555,17,17,AACCTAGGGCACGTAATTAG,0,4010505
xdhAp2,0.05555555555555555,17,17,AAACCAGTCTTACGTCCCGG,0,3988031
xdhAp2,0.05555555555555555,17,17,AAAATCGGTGAACTTGGATG,0,4005860
xdhAp2,0.058823529411764705,16,16,TTTCGAACCCCACGGAATTC,0,4004261
xdhAp2,0.058823529411764705,16,16,TTGCCGCAGACTCAATTACC,0,4009686
xdhAp2,0.058823529411764705,16,16,TTGACGTACGACCGTTTCTG,0,4007457
xdhAp2,0.058823529411764705,16,16,TTCGCGCCTGCTTTAGGGGT,0,3997720
xdhAp2,0.058823529411764705,16,16,TTCCCGTGCTTCTCGTATGG,0,3982879
xdhAp2,0.058823529411764705,16,16,TTAGTTAAGCGTCGCTTTGT,0,4009848
xdhAp2,0.058823529411764705,16,16,TTAGACTCGGTCGTGGTTGC,0,4003886
xdhAp2,0.058823529411764705,16,16,TTACGCAAGGGTGCGTAATT,0,4006859
xdhAp2,0.058823529411764705,16,16,TGGCTGGCTGTAACTCTTCG,0,3981585
xdhAp2,0.058823529411764705,16,16,TGCGGTGTATGAGAGGCACC,0,4002415
xdhAp2,0.058823529411764705,16,16,TGATTTGCAAGCCCCACGTT,0,4009917
xdhAp2,0.058823529411764705,16,16,TGACCTTTAGAATTTCCACG,0,4012351
xdhAp2,0.058823529411764705,16,16,TCGTTCTCCGAGTGAACAGT,0,4014384
xdhAp2,0.058823529411764705,16,16,TCGTGTGCTTAAGGTAGTGG,0,3997033
xdhAp2,0.058823529411764705,16,16,TCGGAGCGAGAGTTTAGATA,0,4009898
xdhAp2,0.058823529411764705,16,16,TCATGCAAGCGGATCATGTT,0,4012469
xdhAp2,0.058823529411764705,16,16,TAGGGTGAATCGGCGAGCGT,0,4005021
xdhAp2,0.058823529411764705,16,16,TAGCGATGCCGACCCGATCT,0,3996264
xdhAp2,0.058823529411764705,16,16,TAGAGCGGCAAGTTCCAATC,0,3996618
xdhAp2,0.058823529411764705,16,16,GTTTTTCGTGCGCCGGTGAG,0,4003280
xdhAp2,0.058823529411764705,16,16,GTTGTAGTACAACACGGTCC,0,3990080
xdhAp2,0.058823529411764705,16,16,GTTCGACGGTCAAGTTAAAG,0,3987007
xdhAp2,0.058823529411764705,16,16,GTTACATAGTTAAACATCTG,0,3990796
xdhAp2,0.058823529411764705,16,16,GTGGCGATCGGCCGTGGCTG,0,3996073
xdhAp2,0.058823529411764705,16,16,GTCTTACGGGCTCAAATACT,0,3985740
xdhAp2,0.058823529411764705,16,16,GTAGAGTACCCGCTCGCGAT,0,3986725
xdhAp2,0.058823529411764705,16,16,GGTGAGTTTAGGCCGTCTTT,0,4000795
xdhAp2,0.058823529411764705,16,16,GGGAGATCGCGTTTGACTAA,0,3985132
xdhAp2,0.058823529411764705,16,16,GGGACACTCGAGACCCTCGA,0,3992190
xdhAp2,0.058823529411764705,16,16,GGCTTTTTCTAGCTCGCGCA,0,3987391
xdhAp2,0.058823529411764705,16,16,GGCAGTTTCACTCTATTCCT,0,4011197
xdhAp2,0.058823529411764705,16,16,GGAAATTACAGCGTTTGTTA,0,3993443
xdhAp2,0.058823529411764705,16,16,GCGTTGTGCAATCGTTACAT,0,3984039
xdhAp2,0.058823529411764705,16,16,GCGTCAGAGGGGAATGAGTG,0,4012924
xdhAp2,0.058823529411764705,16,16,GCGCTCAGAAGTGGTAAACT,0,4007811
xdhAp2,0.058823529411764705,16,16,GCGCTCACATAAGGGTCGCT,0,3990002
xdhAp2,0.058823529411764705,16,16,GCGCCGCCAAGGTATAGAGG,0,3983448
xdhAp2,0.058823529411764705,16,16,GCCATTGCAACTGATTTGGC,0,3995501
xdhAp2,0.058823529411764705,16,16,GCATGCTCGATGTACGGGGA,0,4002177
xdhAp2,0.058823529411764705,16,16,GCATCTGACTCAACCGATAT,0,3994363
xdhAp2,0.058823529411764705,16,16,GATCGTCCTAAAAGGGCTTT,0,3996780
xdhAp2,0.058823529411764705,16,16,GATAGTGTTCCCGAGGGGGA,0,4011027
xdhAp2,0.058823529411764705,16,16,GAGGCATGAGGAGTATGGAA,0,3992435
xdhAp2,0.058823529411764705,16,16,GACCCAGAGCTGTCAACTCG,0,4004743
xdhAp2,0.058823529411764705,16,16,GAATACGTTCAGCGGCGCGG,0,3991153
xdhAp2,0.058823529411764705,16,16,GAAGGGTTGGCGAATTGGAG,0,3993827
xdhAp2,0.058823529411764705,16,16,GAAGATTCGGACACGGCGAC,0,3996247
xdhAp2,0.058823529411764705,16,16,CTTCGTTATATAAGAGCTCG,0,4005741
xdhAp2,0.058823529411764705,16,16,CTTAGAGGTGTTAGGTTTTG,0,4003451
xdhAp2,0.058823529411764705,16,16,CTGGTGGCGTTTCTCGGCGG,0,3981691
xdhAp2,0.058823529411764705,16,16,CTGGGAGGACAACTTAGATG,0,4003496
xdhAp2,0.058823529411764705,16,16,CTCTCTTAGAGCGATGTTTG,0,3991996
xdhAp2,0.058823529411764705,16,16,CTCGCTAACTGACGTTCTTA,0,4011439
xdhAp2,0.058823529411764705,16,16,CTAGGGATGGCATCACGTGT,0,3981985
xdhAp2,0.058823529411764705,16,16,CGTCTGTAGATTCAAGTGCG,0,4000971
xdhAp2,0.058823529411764705,16,16,CGCGAACACAGGTTCGAGGG,0,4002471
xdhAp2,0.058823529411764705,16,16,CGATATTTAAGGCGACGTTG,0,3986358
xdhAp2,0.058823529411764705,16,16,CGATAAGCCTAGGGCGACCT,0,4010947
xdhAp2,0.058823529411764705,16,16,CGAGGTTCTCGGACCCAGGC,0,3985856
xdhAp2,0.058823529411764705,16,16,CGACGTCAGTCTGTTATTGA,0,3994498
xdhAp2,0.058823529411764705,16,16,CGACGGGGCAATCAGGTTTA,0,4006651
xdhAp2,0.058823529411764705,16,16,CGAATCCTGTGACATCTTAT,0,4011816
xdhAp2,0.058823529411764705,16,16,CCTCGGTATATATCAGGGTG,0,3985465
xdhAp2,0.058823529411764705,16,16,CCGGTGATACGCCCCGGTCA,0,3981575
xdhAp2,0.058823529411764705,16,16,CCGCGAATGCACTGGAAATG,0,4007053
xdhAp2,0.058823529411764705,16,16,CCCTTTCGCAATCTAATTTT,0,3981886
xdhAp2,0.058823529411764705,16,16,CCCTTCAGATCAATAGCCAG,0,3987868
xdhAp2,0.058823529411764705,16,16,CCATGTTTGGGACCCCGACT,0,4004006
xdhAp2,0.058823529411764705,16,16,CCAGGCCGCAAGAATCTTGT,0,3982908
xdhAp2,0.058823529411764705,16,16,CATTGTATCGTTCTATTTAG,0,3986265
xdhAp2,0.058823529411764705,16,16,CATGCATTACCCCGCTATAA,0,3985174
xdhAp2,0.058823529411764705,16,16,CAGGCCTCGATTTACCGAAC,0,3982742
xdhAp2,0.058823529411764705,16,16,CAGCAACCCTACGTCATCAA,0,4002040
xdhAp2,0.058823529411764705,16,16,CAAGGCCACCACTTGGGAGA,0,3986095
xdhAp2,0.058823529411764705,16,16,ATTTGACTATAGAGTCGCCA,0,3984964
xdhAp2,0.058823529411764705,16,16,ATTCCGCCCACGGTGTGTTG,0,3988246
xdhAp2,0.058823529411764705,16,16,ATTATCTCGTGGCTCGGTTA,0,3999896
xdhAp2,0.058823529411764705,16,16,ATGTGCACATCTTTGGCGTG,0,3993474
xdhAp2,0.058823529411764705,16,16,ATGTAAGGAAGGCACACTCC,0,3994422
xdhAp2,0.058823529411764705,16,16,ATGGTTCACCTCGAGCAATC,0,4005198
xdhAp2,0.058823529411764705,16,16,ATCTTTACGTGGTAAAATAG,0,4003673
xdhAp2,0.058823529411764705,16,16,ATCTGGTGGGTTCTAATGTA,0,3993312
xdhAp2,0.058823529411764705,16,16,ATCCTCTACTCGCGCGCAAC,0,3992138
xdhAp2,0.058823529411764705,16,16,ATAGCCACTTACTTCTTCCA,0,4005973
xdhAp2,0.058823529411764705,16,16,AGGTCCGATTATACCGTGAT,0,4001115
xdhAp2,0.058823529411764705,16,16,AGGATGCGCTATATTTCATC,0,3984606
xdhAp2,0.058823529411764705,16,16,AGGATATGCTAACGTGCAAC,0,4008752
xdhAp2,0.058823529411764705,16,16,ACGTAGTGAATTCACGAGGC,0,4011548
xdhAp2,0.058823529411764705,16,16,ACGGCCCTATCTTCGAAGGA,0,3983437
xdhAp2,0.058823529411764705,16,16,ACAGCTAAGAGTGAGTTTGA,0,3994135
xdhAp2,0.058823529411764705,16,16,ACACGTATGGTCTATAGCCC,0,4000900
xdhAp2,0.058823529411764705,16,16,ACAATGGCGACAGCACCAGA,0,4008701
xdhAp2,0.058823529411764705,16,16,AATTTTTGATACGCGGTATT,0,4005139
xdhAp2,0.058823529411764705,16,16,AATTGGAACACAACCATTGG,0,4012654
xdhAp2,0.058823529411764705,16,16,AATAGTCTGGCTCCTCCGGG,0,3994278
xdhAp2,0.058823529411764705,16,16,AATAATAGGTGTACTGCGTT,0,4009383
xdhAp2,0.058823529411764705,16,16,AAGTGAGTAACGTACTGAGC,0,3990056
xdhAp2,0.058823529411764705,16,16,AAATTGGTTACGACAAGGTT,0,3997240
xdhAp2,0.058823529411764705,16,16,AAACAGGATCCAGTGTACGT,0,3984491
xdhAp2,0.0625,15,15,TTTTAATTGGCAGCCTATAA,0,4012875
xdhAp2,0.0625,15,15,TTTGGGCAGGACTGGTTGTG,0,4007441
xdhAp2,0.0625,15,15,TTTGCTAAAAGTAGTGCTGT,0,4004345
xdhAp2,0.0625,15,15,TTTGCATTACCAATGCCGCC,0,3981774
xdhAp2,0.0625,15,15,TTGGGGCACGCCCACCCAAC,0,4008338
xdhAp2,0.0625,15,15,TTCCTGGTTTGGGGCATCAG,0,4004362
xdhAp2,0.0625,15,15,TTCCCGATCGGTATGTATTA,0,4007110
xdhAp2,0.0625,15,15,TTAGTCCACTGCAGCCATTT,0,3999137
xdhAp2,0.0625,15,15,TTACACGAGCCTGCCGCGGA,0,4007782
xdhAp2,0.0625,15,15,TGGCCAGTCTTGTTGACGTA,0,4002295
xdhAp2,0.0625,15,15,TGGATGTATTGAAGCCGAGA,0,4003861
xdhAp2,0.0625,15,15,TGGATCGATGCATACTTGTG,0,4004787
xdhAp2,0.0625,15,15,TGCGCAAAAGAACGTGTTAA,0,3991537
xdhAp2,0.0625,15,15,TGCAGTAGCCTAGGAATTGG,0,4004260
xdhAp2,0.0625,15,15,TGCACAGCGGTGGGCCGCAG,0,3994539
xdhAp2,0.0625,15,15,TCTACTGGGAGCCCTTCCAA,0,3985175
xdhAp2,0.0625,15,15,TCGTCTGCATTGAGATCAGT,0,3991349
xdhAp2,0.0625,15,15,TCGTCATCCTTGAGGGCCAA,0,4001507
xdhAp2,0.0625,15,15,TCGGGGGTGTAGATATCCGG,0,3982828
xdhAp2,0.0625,15,15,TCCCACGGAATCAGGGGTAT,0,3989426
xdhAp2,0.0625,15,15,TATGGGGTAATCTATACGGT,0,4011100
xdhAp2,0.0625,15,15,TAGGCGACGGAGCGTATACT,0,3997447
xdhAp2,0.0625,15,15,TAGCAAGAACACTGCGAGCT,0,3993206
xdhAp2,0.0625,15,15,TACTAACTCTAGAATGGCGT,0,4004158
xdhAp2,0.0625,15,15,GTGATAGTGATATCCTGTGA,0,4001947
xdhAp2,0.0625,15,15,GTGACGTAACCATATCTAGC,0,3986520
xdhAp2,0.0625,15,15,GTCTCAATTCGTCCGCAATG,0,3997160
xdhAp2,0.0625,15,15,GTCAGCGAATTAACGGAGCA,0,3987394
xdhAp2,0.0625,15,15,GGTTCCGATCATCAATGCGT,0,3985955
xdhAp2,0.0625,15,15,GGTCATTCTAAGGTCCGAAT,0,4001973
xdhAp2,0.0625,15,15,GGTCATCAACCACGCCGCGA,0,3985055
xdhAp2,0.0625,15,15,GGTACAGACGGGAGCCTCCA,0,3996329
xdhAp2,0.0625,15,15,GGGTGTTGTACAAGACCGTC,0,4010194
xdhAp2,0.0625,15,15,GGCTTATCCCCTTCGATGAT,0,3987222
xdhAp2,0.0625,15,15,GGCTTACGGTGGCATTCCTA,0,3997113
xdhAp2,0.0625,15,15,GGCTACAAACCCCCCAGACC,0,3986479
xdhAp2,0.0625,15,15,GGCGATTGGAGTATTCGGGA,0,4002439
xdhAp2,0.0625,15,15,GGCCAGCCCTATGCGTGGCC,0,3987554
xdhAp2,0.0625,15,15,GGAATCCAGGACCCTTCTGA,0,3999264
xdhAp2,0.0625,15,15,GGAATAGCGAAGTCCTCGTG,0,3988369
xdhAp2,0.0625,15,15,GCTTCATGTAGTAGGTCATG,0,3989477
xdhAp2,0.0625,15,15,GCTCAGGCTTGTTGCACAAA,0,3989769
xdhAp2,0.0625,15,15,GCCTTGGTTAGAATCCATAT,0,4006753
xdhAp2,0.0625,15,15,GCCATTGATCACCGGGCTAC,0,3984612
xdhAp2,0.0625,15,15,GCATTATCAAATCAATTGAT,0,4009608
xdhAp2,0.0625,15,15,GCAAGTTCGACGCCCCTGTG,0,4014334
xdhAp2,0.0625,15,15,GCAACTCGCTTGATAGAGAT,0,3998395
xdhAp2,0.0625,15,15,GATTAATTCCAGCGTATGAA,0,3983235
xdhAp2,0.0625,15,15,GATGGGCGTGGGCGGAACGT,0,3986892
xdhAp2,0.0625,15,15,GATCTTTCCTCGCGGACCCA,0,4005218
xdhAp2,0.0625,15,15,GAGATGACAGAGGCACCTAT,0,3983378
xdhAp2,0.0625,15,15,GACCACTATTCAGCAAACCC,0,4012968
xdhAp2,0.0625,15,15,GACAAAATAACTCAACTTAC,0,4006982
xdhAp2,0.0625,15,15,GAATGAGATCACTTTCGTAT,0,3990120
xdhAp2,0.0625,15,15,GAACCCTCGAGACAAAGTTG,0,3988092
xdhAp2,0.0625,15,15,CTTGTTTCTCAATAAGGTAA,0,3984542
xdhAp2,0.0625,15,15,CTGTTGCCCGATTAACCTTG,0,4007577
xdhAp2,0.0625,15,15,CTGTGGTATGCCCTGGTAGG,0,4009671
xdhAp2,0.0625,15,15,CTGTCGTGCCGATGCGAAAA,0,3998127
xdhAp2,0.0625,15,15,CTGATGGGTCGTCAGCTGAG,0,4002425
xdhAp2,0.0625,15,15,CTAGGCTGACATGCCTCCTA,0,4004116
xdhAp2,0.0625,15,15,CTACGGGGTAAAGGTGTCAT,0,4009720
xdhAp2,0.0625,15,15,CGGTGCTGGTGCTATCACGT,0,4007098
xdhAp2,0.0625,15,15,CGGCTGGGTGCAGCCGTGGA,0,3996052
xdhAp2,0.0625,15,15,CGGATTCAGGACACATGGGT,0,3991439
xdhAp2,0.0625,15,15,CGATCCTGGTTGTCCTTATA,0,3987965
xdhAp2,0.0625,15,15,CCTCAGCGTTTGCTTATAGT,0,4008818
xdhAp2,0.0625,15,15,CCTATTAGCTGGATGAAGCA,0,4000120
xdhAp2,0.0625,15,15,CCGTGAAAGATGATACATGC,0,3999002
xdhAp2,0.0625,15,15,CCGGCATCTCATGTATGGAC,0,4007228
xdhAp2,0.0625,15,15,CCCGGGTTCCACGTGCATGG,0,3981592
xdhAp2,0.0625,15,15,CCCGCTTGCTTATACCATAG,0,4011765
xdhAp2,0.0625,15,15,CCCGAGTTGGAAATAACGGG,0,3994856
xdhAp2,0.0625,15,15,CCACGCTAAAGGAAAGGTAA,0,4007645
xdhAp2,0.0625,15,15,CCACCCGATCGAAAGGTTGG,0,3989624
xdhAp2,0.0625,15,15,CATCACGGTGCGTAGAGCCT,0,4008282
xdhAp2,0.0625,15,15,CAGTCGGTACTGCTGCAACT,0,3995342
xdhAp2,0.0625,15,15,CAGGTGTCCGCAACGGTAGT,0,3993962
xdhAp2,0.0625,15,15,CAGGTGTAATTGTACCGGAA,0,3983950
xdhAp2,0.0625,15,15,CAGAGCGAGAACGGCTGATT,0,3987193
xdhAp2,0.0625,15,15,CACTCCACGCAGGCAGCTAA,0,3990550
xdhAp2,0.0625,15,15,CACGTATTTTAGCCATCTCA,0,3989939
xdhAp2,0.0625,15,15,CACACGACGCCGAGTGACCC,0,4003268
xdhAp2,0.0625,15,15,CAAGCGGTGACTTGGGGGGG,0,4010525
xdhAp2,0.0625,15,15,CAAACTGGCAGGTCGTTTAC,0,3985040
xdhAp2,0.0625,15,15,CAAACGTAGCCACCGTTCCC,0,4009002
xdhAp2,0.0625,15,15,ATTGGTTGCGGCTGCACAGG,0,3988576
xdhAp2,0.0625,15,15,ATTGCGGTTGGCGATCTGGT,0,4008267
xdhAp2,0.0625,15,15,ATTGCGCTCGCGTCATCATC,0,4014256
xdhAp2,0.0625,15,15,ATTCAGCCAAGGCAGCACTA,0,3999318
xdhAp2,0.0625,15,15,ATTAGCGTATCAGGCCCACT,0,3982150
xdhAp2,0.0625,15,15,ATTACTCGAATGTCTTAGAA,0,4000203
xdhAp2,0.0625,15,15,ATGTGGGACTCCACTTCGGT,0,4004840
xdhAp2,0.0625,15,15,ATCCTAACAGCCCGGCGAAA,0,3986054
xdhAp2,0.0625,15,15,ATCAGCACCATTGATTGGAC,0,3987385
xdhAp2,0.0625,15,15,ATATTCATAGGAATAAGGAA,0,3996906
xdhAp2,0.0625,15,15,ATACAGTGCGTTGCCCACAG,0,3991488
xdhAp2,0.0625,15,15,ATAAATCGAAGGCACCCCGT,0,3997983
xdhAp2,0.0625,15,15,AGGCGAAACCACGGACTCGT,0,4003279
xdhAp2,0.0625,15,15,AGCGTGGCGGAGAATACCAC,0,3988636
xdhAp2,0.0625,15,15,AGCGGCTACATGACATCATG,0,4007915
xdhAp2,0.0625,15,15,AGCCCAGGCAGGTACCTTTC,0,3989420
xdhAp2,0.0625,15,15,AGCAAGATCGATCCCATTAT,0,4008970
xdhAp2,0.0625,15,15,AGATAGACTATTATGTGCAA,0,3985248
xdhAp2,0.0625,15,15,AGAGTAGAAGGGTGGGGAAA,0,4005305
xdhAp2,0.0625,15,15,AGACGAAAGCTAATTCCCAC,0,4003189
xdhAp2,0.0625,15,15,ACTGAGGTGCAGAACGCGGA,0,3999708
xdhAp2,0.0625,15,15,ACTCGGGCGTTTGCGAGGCT,0,3982369
xdhAp2,0.0625,15,15,ACTAGCTCAGCAGTTGCGGT,0,3983349
xdhAp2,0.0625,15,15,ACGACGGTAGGTCGATGGGA,0,3983525
xdhAp2,0.0625,15,15,ACCGGGATGGCGCTAGGCCC,0,3985087
xdhAp2,0.0625,15,15,ACCGGCGAGGTTTTCGGGCA,0,3984685
xdhAp2,0.0625,15,15,ACCCACGTGTCAGGCCGTAA,0,3989664
xdhAp2,0.0625,15,15,ACAGGCCGTCCTGCCATAAA,0,3985966
xdhAp2,0.0625,15,15,ACACTTAAGATAGAGACGTC,0,4011050
xdhAp2,0.0625,15,15,ACACGGGTGTTGGCTCTTCC,0,3982745
xdhAp2,0.0625,15,15,AAGAGTACAACAGTCACATA,0,3999442
xdhAp2,0.0625,15,15,AACGGTACAGTTCCTTGAAA,0,3990519
xdhAp2,0.0625,15,15,AAATAGTATAGAGGCCAGCA,0,3985299
xdhAp2,0.0625,15,15,AAAACTGCTGCATCGTTCTG,0,3995697
xdhAp2,0.06666666666666667,14,14,TTGTGGACTTTAATACAGGT,0,4001963
xdhAp2,0.06666666666666667,14,14,TTGACGATGGGGTCGTTGGA,0,4003267
xdhAp2,0.06666666666666667,14,14,TTCTAAGATGAGAAACGGAG,0,4003291
xdhAp2,0.06666666666666667,14,14,TTCCGGTAACACTTTCTAAA,0,3990377
xdhAp2,0.06666666666666667,14,14,TTAGGAGGCTGGGTAAGGTA,0,4002749
xdhAp2,0.06666666666666667,14,14,TTACGTACCTCCGCCTCGCA,0,3996426
xdhAp2,0.06666666666666667,14,14,TGTCCCGGCCATTTACGTTA,0,3991731
xdhAp2,0.06666666666666667,14,14,TGGTCGGAATATTAGAAAAA,0,4008488
xdhAp2,0.06666666666666667,14,14,TGGCTTAGTGAGCAGTCTTG,0,4005190
xdhAp2,0.06666666666666667,14,14,TGGAGGGCCTCAATCGGTTC,0,4000883
xdhAp2,0.06666666666666667,14,14,TGCTTGGATTCTCGCCTATA,0,3991892
xdhAp2,0.06666666666666667,14,14,TGATTCGGACGCTTTGTTAT,0,3999038
xdhAp2,0.06666666666666667,14,14,TGAGTTTGAGGGCAGCCCGA,0,3993964
xdhAp2,0.06666666666666667,14,14,TCTGATTGCCCCTGGCCTGT,0,4013644
xdhAp2,0.06666666666666667,14,14,TCGGTCCCTACCCAGAGGCC,0,4000545
xdhAp2,0.06666666666666667,14,14,TCCTCTAATGGGCGTCGGCC,0,4012638
xdhAp2,0.06666666666666667,14,14,TCCAGAATTATAAAGTTGTG,0,4007618
xdhAp2,0.06666666666666667,14,14,TCATTTACCGACAGCATATC,0,4011675
xdhAp2,0.06666666666666667,14,14,TCATTATAGAGTCTATTGAG,0,3986853
xdhAp2,0.06666666666666667,14,14,TCATAGTACGCAGATTCAGA,0,4005762
xdhAp2,0.06666666666666667,14,14,TCAGGTTTACGTAGCCTCCA,0,3989523
xdhAp2,0.06666666666666667,14,14,TCACAGTATATTAGTGAAAA,0,3984711
xdhAp2,0.06666666666666667,14,14,TCACACTGATTATGGTGCCG,0,3990739
xdhAp2,0.06666666666666667,14,14,TATGGACGAGAGAAAGAGGA,0,4001575
xdhAp2,0.06666666666666667,14,14,TATAAGTGTTCACTATATCC,0,4006822
xdhAp2,0.06666666666666667,14,14,TACCGTCAACTAACTGATCA,0,4006218
xdhAp2,0.06666666666666667,14,14,TACCCGGCTTTTTGAGCTAG,0,3982644
xdhAp2,0.06666666666666667,14,14,TAATAACGCATCCCATGGTT,0,4007806
xdhAp2,0.06666666666666667,14,14,GTTAGCAACGAGACGCATAG,0,4003801
xdhAp2,0.06666666666666667,14,14,GTGTGACGTTTGGCCCGGGT,0,4012522
xdhAp2,0.06666666666666667,14,14,GTGGTGGTGTCCCTTCGGCC,0,4010339
xdhAp2,0.06666666666666667,14,14,GTCGCGGGCGTAGGATGATA,0,3989910
xdhAp2,0.06666666666666667,14,14,GTCAGCAAGTGGGCGGCCAA,0,4014369
xdhAp2,0.06666666666666667,14,14,GTAACTGCGTACTTGAAGTC,0,4002881
xdhAp2,0.06666666666666667,14,14,GTAACGAGGTACAGTATGGT,0,4001265
xdhAp2,0.06666666666666667,14,14,GGTTTTTACACGGTCCAGAC,0,4003132
xdhAp2,0.06666666666666667,14,14,GGTTTCTCACGTTGGCAGCT,0,4005548
xdhAp2,0.06666666666666667,14,14,GGTTGGCTGAGAGCAAATTG,0,4013239
xdhAp2,0.06666666666666667,14,14,GGTCGAAGTCCTCTTGTGGA,0,3994871
xdhAp2,0.06666666666666667,14,14,GGTAGACCACCAGGGCCATT,0,4005289
xdhAp2,0.06666666666666667,14,14,GGGTGGTATGAACCAGCGGT,0,4001406
xdhAp2,0.06666666666666667,14,14,GGGATAACCGAAAAATTAGA,0,3998671
xdhAp2,0.06666666666666667,14,14,GGCGTTCAGACTCCACTATT,0,3989296
xdhAp2,0.06666666666666667,14,14,GGCGGTAGTTGGGCATTATT,0,3988985
xdhAp2,0.06666666666666667,14,14,GGCCTGAGTTGGCCACCCTA,0,3989564
xdhAp2,0.06666666666666667,14,14,GCTATCCATTCAACAGGGCC,0,4003202
xdhAp2,0.06666666666666667,14,14,GCGAGTCTTGTGCACACATG,0,4008238
xdhAp2,0.06666666666666667,14,14,GCGAACGCTCCAGAATAGTC,0,3991288
xdhAp2,0.06666666666666667,14,14,GCAGAATCAACACGGCGTTT,0,4009890
xdhAp2,0.06666666666666667,14,14,GCACCTACGCTTATTAGGTC,0,3982871
xdhAp2,0.06666666666666667,14,14,GCAAGCGTTCTATACTGCTA,0,3983854
xdhAp2,0.06666666666666667,14,14,GCAACTCCATGCCGCAGTGA,0,4008055
xdhAp2,0.06666666666666667,14,14,GATGTCTGGCATCGGTTAAT,0,3995128
xdhAp2,0.06666666666666667,14,14,GATGATAGCGATATGAACTA,0,4010703
xdhAp2,0.06666666666666667,14,14,GATAGCGCTGTAAATCGATT,0,4002359
xdhAp2,0.06666666666666667,14,14,GAGCCTACAACTGGATCGAA,0,4014017
xdhAp2,0.06666666666666667,14,14,GACTACGTGCTTAAGTCTCC,0,3983388
xdhAp2,0.06666666666666667,14,14,GACGAAATATTTATGAACAA,0,3994641
xdhAp2,0.06666666666666667,14,14,GACAGGCGGGAGATCTCATT,0,4000194
xdhAp2,0.06666666666666667,14,14,GAACACTAAAGATAGCGACA,0,3986230
xdhAp2,0.06666666666666667,14,14,GAAACGTAACGCTGTTTTTA,0,3992960
xdhAp2,0.06666666666666667,14,14,CTGATGCGCCAAAAATTGCC,0,3998689
xdhAp2,0.06666666666666667,14,14,CTCGGGTCCATGCGAGATAA,0,4007221
xdhAp2,0.06666666666666667,14,14,CTCCGGGTACAAGCAGAGCG,0,4001060
xdhAp2,0.06666666666666667,14,14,CTCCACGCTGGCGCATATTT,0,3983812
xdhAp2,0.06666666666666667,14,14,CTAGGGCAGGCTCTCAGTGG,0,3994823
xdhAp2,0.06666666666666667,14,14,CTAGCACCGCCCTGTCATGT,0,4010098
xdhAp2,0.06666666666666667,14,14,CTACATCATGGCCAGCGCTA,0,3997914
xdhAp2,0.06666666666666667,14,14,CTAAAAAATTTGTGGTAACG,0,3991565
xdhAp2,0.06666666666666667,14,14,CGTGTGCTTCAGGTAATTCT,0,3991392
xdhAp2,0.06666666666666667,14,14,CGGCGCTGAAGGGTCCCTGG,0,4011289
xdhAp2,0.06666666666666667,14,14,CGGCCACAGTAAACGTGCCG,0,4000366
xdhAp2,0.06666666666666667,14,14,CGCGGTCATGCCACTGAGGT,0,3997286
xdhAp2,0.06666666666666667,14,14,CGCCGTGAAAGCTAAGGTCA,0,4003376
xdhAp2,0.06666666666666667,14,14,CGCAAGCATAAGACTACTAT,0,3986710
xdhAp2,0.06666666666666667,14,14,CGATTTTGCTGACTGCAACT,0,4008984
xdhAp2,0.06666666666666667,14,14,CGACGGGGTAAAGTCGCGGG,0,4008714
xdhAp2,0.06666666666666667,14,14,CGAACGGAGCAGATTTCGAA,0,4013311
xdhAp2,0.06666666666666667,14,14,CGAAAGGCACCTCTTGCGTG,0,3989180
xdhAp2,0.06666666666666667,14,14,CCTTCTTTAGACACCGACAA,0,3983102
xdhAp2,0.06666666666666667,14,14,CCTGCCTCACGGTGGGCGAT,0,3996951
xdhAp2,0.06666666666666667,14,14,CCTAGTGCACATTGTATGCT,0,4012782
xdhAp2,0.06666666666666667,14,14,CCGTTTGTTAGAACCCGCGC,0,4010537
xdhAp2,0.06666666666666667,14,14,CCGTTCTGCGAAACTTTAGC,0,3996425
xdhAp2,0.06666666666666667,14,14,CCGTCCTAACCGGTCCGGCG,0,3999986
xdhAp2,0.06666666666666667,14,14,CCGGTACTAGGAAATGAATT,0,3993835
xdhAp2,0.06666666666666667,14,14,CCGGGGCGTCCATTGAGAGG,0,3983049
xdhAp2,0.06666666666666667,14,14,CCGAACAATTAATACTGCTG,0,4006588
xdhAp2,0.06666666666666667,14,14,CCCGAGCTTCCGAATCGAGA,0,3981599
xdhAp2,0.06666666666666667,14,14,CCCCGCTGATCCCCCCGATG,0,4005755
xdhAp2,0.06666666666666667,14,14,CCAGACGAAGCTACTGTCCT,0,4005443
xdhAp2,0.06666666666666667,14,14,CATTCTACGCACCTGACTAC,0,3995103
xdhAp2,0.06666666666666667,14,14,CATGTCCTCACTCACATCCG,0,4009186
xdhAp2,0.06666666666666667,14,14,CATGGTGTTAATGTGGTCAT,0,3987413
xdhAp2,0.06666666666666667,14,14,CATAGTTTAAAATAGTTATC,0,4001574
xdhAp2,0.06666666666666667,14,14,CAGATAGGGATTCCCTCACT,0,3991037
xdhAp2,0.06666666666666667,14,14,CACCTCTGACGAAATGAGGA,0,4001209
xdhAp2,0.06666666666666667,14,14,CAATAAAACGGGGGCACTCG,0,3985828
xdhAp2,0.06666666666666667,14,14,CAAATGCCGAAAGCGTATAT,0,4005500
xdhAp2,0.06666666666666667,14,14,CAAATAGCCAGTTATAGTTA,0,3998012
xdhAp2,0.06666666666666667,14,14,CAAAGCAGTCGGTTAACCTG,0,4013452
xdhAp2,0.06666666666666667,14,14,CAAAGATGTCAACTGCAAAG,0,3982939
xdhAp2,0.06666666666666667,14,14,ATTTGAGATGAAGGCAGCTC,0,3989299
xdhAp2,0.06666666666666667,14,14,ATGGATCTAAGCGGCTATTA,0,3983659
xdhAp2,0.06666666666666667,14,14,ATGCGCTAGGTAACCAATTG,0,3997780
xdhAp2,0.06666666666666667,14,14,ATGCGCGGGATAAAAGACAT,0,3988227
xdhAp2,0.06666666666666667,14,14,ATGCAGTTATGATGGGGGTC,0,4003252
xdhAp2,0.06666666666666667,14,14,ATGACGGGCCTTAATCGCCT,0,3994209
xdhAp2,0.06666666666666667,14,14,ATGAAGTGAGCCACGTACAT,0,3997992
xdhAp2,0.06666666666666667,14,14,ATCTAAGACTATAAGAACTA,0,3987797
xdhAp2,0.06666666666666667,14,14,ATCCGTCTTGGCAGCCAGGT,0,3993472
xdhAp2,0.06666666666666667,14,14,ATCCGGGCAATGTAAGAAAT,0,3991989
xdhAp2,0.06666666666666667,14,14,ATAGGCTATAAATTCCTCAG,0,3999119
xdhAp2,0.06666666666666667,14,14,ATAACACAATCTTCCATTTC,0,3990066
xdhAp2,0.06666666666666667,14,14,AGTGGTCGCGAGCCCGTAAC,0,4010774
xdhAp2,0.06666666666666667,14,14,AGTGCCATTGTCAATGGTCA,0,4002424
xdhAp2,0.06666666666666667,14,14,AGTCCCTTCGTTTATCCCCG,0,4006502
xdhAp2,0.06666666666666667,14,14,AGCCCTGATAGGGGTTTCGA,0,3994746
xdhAp2,0.06666666666666667,14,14,AGCCCAAAGACGCTCCTATT,0,3997954
xdhAp2,0.06666666666666667,14,14,AGCCAGCGACAGGCCGACGC,0,3994109
xdhAp2,0.06666666666666667,14,14,AGCAGTAGCGAATTCCGACA,0,4004530
xdhAp2,0.06666666666666667,14,14,AGCAGCTAAGTACGCTTCTC,0,3995302
xdhAp2,0.06666666666666667,14,14,AGACGTCCTTGGAACCCTGG,0,3991657
xdhAp2,0.06666666666666667,14,14,AGACGCTATCGTCCGCCTGG,0,3981795
xdhAp2,0.06666666666666667,14,14,ACTTAGCTTGGGTGGGGTGA,0,4009995
xdhAp2,0.06666666666666667,14,14,ACGGGGAGCTGAACACAGCA,0,3990548
xdhAp2,0.06666666666666667,14,14,ACGGCTTCGGACGCACCTTA,0,3988758
xdhAp2,0.06666666666666667,14,14,ACGACGAATTGCTCCGAGGT,0,4005398
xdhAp2,0.06666666666666667,14,14,ACCTAGGATACGGCCTCACT,0,4001767
xdhAp2,0.06666666666666667,14,14,ACCGGGCGGGGGGCTCAAGG,0,4004132
xdhAp2,0.06666666666666667,14,14,AATTTGATGCCATGTTGTGG,0,3988671
xdhAp2,0.06666666666666667,14,14,AATGGCCACTAGGACGGCAA,0,4013489
xdhAp2,0.06666666666666667,14,14,AATGGAACGCTAGACTTCGG,0,4006226
xdhAp2,0.06666666666666667,14,14,AATGCAATATGACCGAAGCG,0,3989032
xdhAp2,0.06666666666666667,14,14,AATGATCAGCGTCTTAAGGT,0,3989980
xdhAp2,0.06666666666666667,14,14,AAGTACCTTCATAGGTGTAC,0,4002215
xdhAp2,0.06666666666666667,14,14,AAGCACGTACCGGCTGAATC,0,4006413
xdhAp2,0.06666666666666667,14,14,AAGACATCCGTGATCATCGA,0,3994473
xdhAp2,0.06666666666666667,14,14,AAGAATACATCCCACCGCTA,0,3996739
xdhAp2,0.06666666666666667,14,14,AACACGTCTTGGAGTTGTTC,0,3990668
xdhAp2,0.06666666666666667,14,14,AAATTTTCGCTGCTGCAAGT,0,3991920
xdhAp2,0.06666666666666667,14,14,AAATGAAAGGATTAAAAGTC,0,4006921
xdhAp2,0.06666666666666667,14,14,AAATCGATGGCGAAATCTGT,0,4010088
xdhAp2,0.06666666666666667,14,14,AAAGTTGTACGTGCTGGCCA,0,4010228
xdhAp2,0.06666666666666667,14,14,AAAGGCATTAAAGTGCTAAG,0,4014443
xdhAp2,0.07142857142857142,13,13,TTTGCAGCGTGGCACCTTAA,0,4003824
xdhAp2,0.07142857142857142,13,13,TTTCCGAACTTGATTCTGAG,0,3992630
xdhAp2,0.07142857142857142,13,13,TTTAATTTCGAAGAGCGGAT,0,3999324
xdhAp2,0.07142857142857142,13,13,TTGGCGCGGTGTGCGATTGT,0,4003814
xdhAp2,0.07142857142857142,13,13,TTGCTAGTTTAATTCTCGAG,0,3995358
xdhAp2,0.07142857142857142,13,13,TTGAAGAGGTACTAATTCTT,0,4011224
xdhAp2,0.07142857142857142,13,13,TTGAAAAGGCCGCGTGCGAT,0,3981734
xdhAp2,0.07142857142857142,13,13,TTAGGACAAGGTTTTGAGGT,0,3982144
xdhAp2,0.07142857142857142,13,13,TTAGCTTCTCTGTTATCTGG,0,4013105
xdhAp2,0.07142857142857142,13,13,TTACTACGATGTTATTGCGA,0,3990008
xdhAp2,0.07142857142857142,13,13,TGTATTATCCCAAACACGTA,0,3986610
xdhAp2,0.07142857142857142,13,13,TGTAAACGTCCCGACGAGAA,0,4005495
xdhAp2,0.07142857142857142,13,13,TGCTATATGCTGCCGGAAGC,0,3984120
xdhAp2,0.07142857142857142,13,13,TGCAGGATTTGTCCAGCATC,0,3994949
xdhAp2,0.07142857142857142,13,13,TGATCTAGGTCTTCAAGCCC,0,3997641
xdhAp2,0.07142857142857142,13,13,TGAGACTTCGCAGCACACGC,0,3990287
xdhAp2,0.07142857142857142,13,13,TGACTTTTCACCACTCTTCC,0,3993045
xdhAp2,0.07142857142857142,13,13,TGACTGACCATGAGACGAAA,0,3997902
xdhAp2,0.07142857142857142,13,13,TCTAATGCAAGGCGTAGTAA,0,3992078
xdhAp2,0.07142857142857142,13,13,TCTAACTTAAATGGGTCCTG,0,4010761
xdhAp2,0.07142857142857142,13,13,TCCCTGTGATTCCTGTGTCC,0,3996023
xdhAp2,0.07142857142857142,13,13,TATGTCCCTGGTTATCGGTA,0,3990492
xdhAp2,0.07142857142857142,13,13,TATGGCTATAACTAGCTTAA,0,4011303
xdhAp2,0.07142857142857142,13,13,TATGCCTATAGTGGCACTCT,0,3983876
xdhAp2,0.07142857142857142,13,13,TATCCCCCAGGTTGTAGCCC,0,4001022
xdhAp2,0.07142857142857142,13,13,TATAGGACACAGCTTGTGAA,0,3984040
xdhAp2,0.07142857142857142,13,13,TATACTGGGTTCACGGGGAC,0,3986602
xdhAp2,0.07142857142857142,13,13,TAGGTTAGGGCCTTCGGGGG,0,4011175
xdhAp2,0.07142857142857142,13,13,TAGGCTATTCGGTTGCATCA,0,3988537
xdhAp2,0.07142857142857142,13,13,TAGACGGGAACCGAACCAGT,0,4012768
xdhAp2,0.07142857142857142,13,13,TACTATCCAGCGGCCGAAGT,0,4007071
xdhAp2,0.07142857142857142,13,13,TACCCTCGTGGGTAGACCTA,0,3984701
xdhAp2,0.07142857142857142,13,13,TACACTCCCACTGGGTGTTT,0,3992549
xdhAp2,0.07142857142857142,13,13,TAATTAGGAGCCTCCGGGAG,0,3990932
xdhAp2,0.07142857142857142,13,13,TAACTGCAATTGATTGGCTC,0,4000621
xdhAp2,0.07142857142857142,13,13,TAACACTTCAACGTCTAAGT,0,4012207
xdhAp2,0.07142857142857142,13,13,TAAAGACGCGCTCCTGAGGA,0,4003517
xdhAp2,0.07142857142857142,13,13,GTTTGCTCTGCAAAACACAT,0,3995659
xdhAp2,0.07142857142857142,13,13,GTTTAAGGGATTATCGGGAA,0,4004819
xdhAp2,0.07142857142857142,13,13,GTGGCGCCTTTGGATACGCC,0,3988523
xdhAp2,0.07142857142857142,13,13,GTGCCTGGGGAACGTTTCCC,0,4008468
xdhAp2,0.07142857142857142,13,13,GTGCAGGTGGACCGCAGAAC,0,4003092
xdhAp2,0.07142857142857142,13,13,GTGAAGGGACAGTAACCTCG,0,4009347
xdhAp2,0.07142857142857142,13,13,GTCGCTATCCAATTGATGAA,0,3984046
xdhAp2,0.07142857142857142,13,13,GTCCATGGTGGCCGTCGATC,0,3984126
xdhAp2,0.07142857142857142,13,13,GTCAGCAGGCTACCAGTCTT,0,4001408
xdhAp2,0.07142857142857142,13,13,GGTTAAGACGTCGATATATC,0,3982849
xdhAp2,0.07142857142857142,13,13,GGGTGTGAGCTGAGTTTTAC,0,4010951
xdhAp2,0.07142857142857142,13,13,GGGTGAGATCCTCACCAGTG,0,3992002
xdhAp2,0.07142857142857142,13,13,GGGTAAGGCAAGGTGGCCTC,0,3987518
xdhAp2,0.07142857142857142,13,13,GGGGAAATTCACCTCACGCC,0,4006595
xdhAp2,0.07142857142857142,13,13,GGCGGTTCAGGGTTACTAAG,0,4003327
xdhAp2,0.07142857142857142,13,13,GGCCGGACTGCGAAATCGAA,0,3994875
xdhAp2,0.07142857142857142,13,13,GGATTCACATATGAAGGCAT,0,3985579
xdhAp2,0.07142857142857142,13,13,GGAGACGACTGATACTCACA,0,3987543
xdhAp2,0.07142857142857142,13,13,GCTAGTATAGTACGGTGTTT,0,4009291
xdhAp2,0.07142857142857142,13,13,GCGTATTGTGATAATGGTAG,0,3996199
xdhAp2,0.07142857142857142,13,13,GCGCAACATCAATGTTCACC,0,3985467
xdhAp2,0.07142857142857142,13,13,GCGAGTTATAAGGGGGTGTA,0,4000617
xdhAp2,0.07142857142857142,13,13,GCGACTAAGATGGTACTTGG,0,3995756
xdhAp2,0.07142857142857142,13,13,GCCTGCAACGCAGGGGTTGA,0,4013920
xdhAp2,0.07142857142857142,13,13,GCCTCGCATGTTTACACTTT,0,4007172
xdhAp2,0.07142857142857142,13,13,GCCGGCTTACAGGGAAGTAT,0,4011893
xdhAp2,0.07142857142857142,13,13,GAGTATTTCGATTATTCCCG,0,4002201
xdhAp2,0.07142857142857142,13,13,GAGGGTGGCAGATTAGCGGT,0,4004079
xdhAp2,0.07142857142857142,13,13,GAGCAGTCGTGAACGAAGAT,0,3992188
xdhAp2,0.07142857142857142,13,13,GACGGTGTCTGGGGGTGCGT,0,4008918
xdhAp2,0.07142857142857142,13,13,GACACTGCAGCTGGAATGAT,0,3993886
xdhAp2,0.07142857142857142,13,13,GAATCTGGGGAAGCATTTAG,0,4012983
xdhAp2,0.07142857142857142,13,13,GAACGATACTTGCGGTCATG,0,4004277
xdhAp2,0.07142857142857142,13,13,GAACACACGGCGGGCGGGAG,0,3992542
xdhAp2,0.07142857142857142,13,13,CTTTACTGCACTGGACTCCG,0,4012045
xdhAp2,0.07142857142857142,13,13,CTTGCCGCCCAACTCGGTAG,0,4009468
xdhAp2,0.07142857142857142,13,13,CTTCCGTTCACACCCGCTGT,0,3981724
xdhAp2,0.07142857142857142,13,13,CTTAAATTCCAAGACGGTTG,0,3989110
xdhAp2,0.07142857142857142,13,13,CTGATTAGGGGTAACAAGTA,0,3982072
xdhAp2,0.07142857142857142,13,13,CTCTGGTCTTACCCATGTCG,0,4010303
xdhAp2,0.07142857142857142,13,13,CTCGATTGTGTACTGGGATC,0,4002594
xdhAp2,0.07142857142857142,13,13,CTCCCGGAGGTCCCCGAATG,0,3982037
xdhAp2,0.07142857142857142,13,13,CTCCCCGAGCGTGCGGCCCC,0,3996751
xdhAp2,0.07142857142857142,13,13,CTCACTTGGTCGCGAGTAAA,0,3990669
xdhAp2,0.07142857142857142,13,13,CTAGGGATCATATGAAAGCG,0,3995274
xdhAp2,0.07142857142857142,13,13,CTAGCGTGCCCACACTAACG,0,4012049
xdhAp2,0.07142857142857142,13,13,CTACTGTCCAGTACTCCGCC,0,3999219
xdhAp2,0.07142857142857142,13,13,CTACCCGTCCGCAAAAGCGT,0,3998169
xdhAp2,0.07142857142857142,13,13,CTAATACAGTATCACTATGG,0,3990736
xdhAp2,0.07142857142857142,13,13,CTAAGTAGCGATTGAGTAAA,0,4003671
xdhAp2,0.07142857142857142,13,13,CGTCTCGCCTGTTACCACAT,0,3995370
xdhAp2,0.07142857142857142,13,13,CGTCGTCAAGTGCTATTTTT,0,4013628
xdhAp2,0.07142857142857142,13,13,CGTATATTTGAACGACGAGT,0,3987667
xdhAp2,0.07142857142857142,13,13,CGGTGTCCACCGATATTGGT,0,3987905
xdhAp2,0.07142857142857142,13,13,CGGTCCCTGCTTCGTGTGCG,0,4011774
xdhAp2,0.07142857142857142,13,13,CGGACCAGAGTTAAACAAGC,0,4008547
xdhAp2,0.07142857142857142,13,13,CGCCTCTTAGGGCCAGTGCG,0,4001232
xdhAp2,0.07142857142857142,13,13,CGAGCATTCCAAGAGGGGTC,0,4003312
xdhAp2,0.07142857142857142,13,13,CGACGCCCATGTAGACCCGG,0,4006656
xdhAp2,0.07142857142857142,13,13,CGAAGATAAGTGACTAGATT,0,3996337
xdhAp2,0.07142857142857142,13,13,CCTGTTGGCATCCTTGGTTA,0,4003483
xdhAp2,0.07142857142857142,13,13,CCTGTATCGCAGGCCGAATA,0,4008268
xdhAp2,0.07142857142857142,13,13,CCGTGACCCTCTTTGGACGC,0,4013058
xdhAp2,0.07142857142857142,13,13,CCGCTACCTCTGCGCGAGAC,0,3981735
xdhAp2,0.07142857142857142,13,13,CCGATCTGGCGTAAAAAATA,0,3984777
xdhAp2,0.07142857142857142,13,13,CCCTCCTAGGGCAGTCGGTA,0,3999550
xdhAp2,0.07142857142857142,13,13,CCCGGTTCCTGGGTACTGGT,0,4011052
xdhAp2,0.07142857142857142,13,13,CCCGGGGACCATGTCTCCGG,0,4006456
xdhAp2,0.07142857142857142,13,13,CCCAAGCCGGGAGTAAATGC,0,4011073
xdhAp2,0.07142857142857142,13,13,CATCACGCGGATGACACTAA,0,3982925
xdhAp2,0.07142857142857142,13,13,CATATATATAGCTAGAGTCT,0,3994958
xdhAp2,0.07142857142857142,13,13,CAGGTTCCTGTGAGCTGTGC,0,3990007
xdhAp2,0.07142857142857142,13,13,CAGGATCTGCCCTTGACCAC,0,3992165
xdhAp2,0.07142857142857142,13,13,CAGCGTGTACGGGTGCAATA,0,3982471
xdhAp2,0.07142857142857142,13,13,CAGATTTCCCAGCTCTGGCT,0,3999407
xdhAp2,0.07142857142857142,13,13,CACTGTAAGGAGTAGGCCAG,0,3993352
xdhAp2,0.07142857142857142,13,13,CACGGAGCCCCGATGAGAGA,0,4003479
xdhAp2,0.07142857142857142,13,13,CAATGTCCTCGTAACAAAGC,0,4013688
xdhAp2,0.07142857142857142,13,13,CAAGCACTAAGCCAGGCGTG,0,4006399
xdhAp2,0.07142857142857142,13,13,CAAACGAAGTATTCAATCTA,0,4014092
xdhAp2,0.07142857142857142,13,13,ATTTTGCCAAAGCAGATTTA,0,3999231
xdhAp2,0.07142857142857142,13,13,ATTGATAATTAGAGGGCTAA,0,4002494
xdhAp2,0.07142857142857142,13,13,ATTCTCTATAGCTACGTACA,0,3993588
xdhAp2,0.07142857142857142,13,13,ATGATGTGCAGCTACAATCC,0,4003287
xdhAp2,0.07142857142857142,13,13,ATCTGGCTGCTTGCTGGTGC,0,4001952
xdhAp2,0.07142857142857142,13,13,ATCGCCCAGCCCAACCTGCA,0,4001960
xdhAp2,0.07142857142857142,13,13,ATAGTCTTTTGTGGGTTCTG,0,3990886
xdhAp2,0.07142857142857142,13,13,ATAGGTCGTGCTTACTGTGT,0,3985500
xdhAp2,0.07142857142857142,13,13,ATAACTTGTCTCCCCGACGG,0,3999403
xdhAp2,0.07142857142857142,13,13,AGTTTTACAAGTCCTCCCGG,0,4001500
xdhAp2,0.07142857142857142,13,13,AGTTTAGCTACACCGAGTTT,0,3996309
xdhAp2,0.07142857142857142,13,13,AGTTCTTGGTTTGAGAAAAG,0,3998709
xdhAp2,0.07142857142857142,13,13,AGGTCATCTTCCCCCTGGGG,0,4003608
xdhAp2,0.07142857142857142,13,13,AGGGATCGGGCTGAGGTCAA,0,4003694
xdhAp2,0.07142857142857142,13,13,AGGGAAGTCAGCCACTCCTC,0,4005851
xdhAp2,0.07142857142857142,13,13,AGGCAATGCTTGGGCGCTTG,0,4004895
xdhAp2,0.07142857142857142,13,13,AGGAATAGAGTCGATCCCCA,0,4004062
xdhAp2,0.07142857142857142,13,13,AGCGCCTGAAACTGACTACT,0,3983910
xdhAp2,0.07142857142857142,13,13,AGCGCATTCGATGCTCGTTG,0,4000305
xdhAp2,0.07142857142857142,13,13,AGAGCGCAGTTGAAAAGAGT,0,3993785
xdhAp2,0.07142857142857142,13,13,AGACGGTTAAATGTGGCGCT,0,4013693
xdhAp2,0.07142857142857142,13,13,ACGTCTTGCACGTCAGGTGG,0,4010055
xdhAp2,0.07142857142857142,13,13,ACGTCTAACCTGGCAAGAAA,0,3994888
xdhAp2,0.07142857142857142,13,13,ACGCGGGTCCCTCATGGACT,0,3997357
xdhAp2,0.07142857142857142,13,13,ACCGGATCAGTTGATATAGG,0,4000458
xdhAp2,0.07142857142857142,13,13,ACATGATAGGCGGGATGCTA,0,4007519
xdhAp2,0.07142857142857142,13,13,ACAGGAGTCACGTTGTCTGT,0,3987620
xdhAp2,0.07142857142857142,13,13,ACAAGATGAACGATCCGCTA,0,4004387
xdhAp2,0.07142857142857142,13,13,ACAAACTCTCACCCAGTACG,0,4009839
xdhAp2,0.07142857142857142,13,13,AATTTTTACCATCATTTGAG,0,4011102
xdhAp2,0.07142857142857142,13,13,AATGTGATTCAATCCACCGC,0,3988338
xdhAp2,0.07142857142857142,13,13,AAGTTCGACATAAGTTCTGT,0,4000758
xdhAp2,0.07142857142857142,13,13,AAGCAACCCGCATTTTGGGT,0,3991538
xdhAp2,0.07142857142857142,13,13,AAGAGTCCCCACATCCACGG,0,4005657
xdhAp2,0.07142857142857142,13,13,AACGTCCTTTTTAACACAGT,0,3993039
xdhAp2,0.07142857142857142,13,13,AAAGAGGGGCGGAAGACGTG,0,3997242
xdhAp2,0.07692307692307693,12,12,TTTGATGCCATTTGTGGCGG,0,4013802
xdhAp2,0.07692307692307693,12,12,TTTCATCCGCCGGGCACAAG,0,4008494
xdhAp2,0.07692307692307693,12,12,TTTACGACACGGAATTGAGT,0,3998489
xdhAp2,0.07692307692307693,12,12,TTGTGCCGGTCGATTAACCC,0,3993220
xdhAp2,0.07692307692307693,12,12,TTGGCGGATCCGTCTGTAAC,0,3997971
xdhAp2,0.07692307692307693,12,12,TTGGCCTACAATTTATAGTA,0,4007515
xdhAp2,0.07692307692307693,12,12,TTCATGGGGGAAAATTCACA,0,3989485
xdhAp2,0.07692307692307693,12,12,TTCATCGAGAATCGGGCACA,0,3997354
xdhAp2,0.07692307692307693,12,12,TTATTTAGCCGGCCAGATCA,0,4000520
xdhAp2,0.07692307692307693,12,12,TTAGTACCCTCTTGTCGTAC,0,3987269
xdhAp2,0.07692307692307693,12,12,TTAGATCAGCAGTGCGGCAG,0,4012003
xdhAp2,0.07692307692307693,12,12,TTAACAAATACAGTTTACCA,0,3991271
xdhAp2,0.07692307692307693,12,12,TGTCTAGTTCCGGGGATCCA,0,3994948
xdhAp2,0.07692307692307693,12,12,TGTATACGTCATGCACACGC,0,3998639
xdhAp2,0.07692307692307693,12,12,TGGTTAGCAACCCGTAAAGA,0,3999321
xdhAp2,0.07692307692307693,12,12,TGGGGGTGGTCGCTTGCCTC,0,3993729
xdhAp2,0.07692307692307693,12,12,TGGGCTTTGGGCCTAGTTTT,0,4003831
xdhAp2,0.07692307692307693,12,12,TGGGACGATATGTCACCTGT,0,3996703
xdhAp2,0.07692307692307693,12,12,TGGCCGACAGTGTCTTCTTA,0,3987815
xdhAp2,0.07692307692307693,12,12,TGCTCGACATAAATAATACG,0,4009449
xdhAp2,0.07692307692307693,12,12,TGCAGCTTATAAGGATCCTT,0,3983296
xdhAp2,0.07692307692307693,12,12,TGATGAACGTGCGCCCGATA,0,3995681
xdhAp2,0.07692307692307693,12,12,TGAGGGTAGCTGTGATGCGT,0,3988175
xdhAp2,0.07692307692307693,12,12,TGAGAGCAATACTGGTCGTT,0,3983678
xdhAp2,0.07692307692307693,12,12,TGACGTCGGTCCATACACAG,0,3991695
xdhAp2,0.07692307692307693,12,12,TGACGTACACGCACAGTTTT,0,3987006
xdhAp2,0.07692307692307693,12,12,TGACATGGGCACATTCAAGG,0,3986135
xdhAp2,0.07692307692307693,12,12,TGAAATGGATTAATAGGCAT,0,4002811
xdhAp2,0.07692307692307693,12,12,TCTACATATAGGAGGGATAT,0,3987366
xdhAp2,0.07692307692307693,12,12,TCGGCGCGCTCATACGCGGT,0,4008609
xdhAp2,0.07692307692307693,12,12,TCGCAGGCTTCATTGTCGGC,0,3992909
xdhAp2,0.07692307692307693,12,12,TCCGTATAAACGGCTGCGAA,0,4004004
xdhAp2,0.07692307692307693,12,12,TCCCGCAGTGGGTGGGCGAT,0,3981700
xdhAp2,0.07692307692307693,12,12,TCATAGCGCACATTTTTTGG,0,3984723
xdhAp2,0.07692307692307693,12,12,TCAGCGTACGCATTTGGGTA,0,3999702
xdhAp2,0.07692307692307693,12,12,TATTTGTGCGCGCGTCATCT,0,4014266
xdhAp2,0.07692307692307693,12,12,TATATTGCACACTCTCTCGT,0,3986872
xdhAp2,0.07692307692307693,12,12,TATAATTCTCTCGTGACTGC,0,3991025
xdhAp2,0.07692307692307693,12,12,TAGAGCGATTACATTATTAT,0,4013743
xdhAp2,0.07692307692307693,12,12,TACTGTTAAGCTAGATGCGA,0,3985234
xdhAp2,0.07692307692307693,12,12,TACAGCGAGACCATATTTTA,0,3993060
xdhAp2,0.07692307692307693,12,12,TAAACAGACTGCGGTAAGCT,0,4001907
xdhAp2,0.07692307692307693,12,12,GTTTCAAACACTTTATATAC,0,3986011
xdhAp2,0.07692307692307693,12,12,GTTCGAACTTGGTTCAAAGG,0,3990184
xdhAp2,0.07692307692307693,12,12,GTGTACAGTATGCTTTAAGA,0,4013955
xdhAp2,0.07692307692307693,12,12,GTGGGACCAGTGGTTTCCGG,0,4012548
xdhAp2,0.07692307692307693,12,12,GTGCTTTCTTGTACGAGAGA,0,3995933
xdhAp2,0.07692307692307693,12,12,GTCTGTGAATGGAGGAGCGG,0,3982020
xdhAp2,0.07692307692307693,12,12,GTCCAAGGAATAAATGAGTC,0,3997738
xdhAp2,0.07692307692307693,12,12,GTCATGCCGGGACACCGCGG,0,4001790
xdhAp2,0.07692307692307693,12,12,GTCAGGTGAATCCCCTCGCC,0,4008056
xdhAp2,0.07692307692307693,12,12,GTCAGATATCAACGTCTGAT,0,3981813
xdhAp2,0.07692307692307693,12,12,GTATGACCATGATCGCTGGT,0,3988830
xdhAp2,0.07692307692307693,12,12,GTAATTTTTCGTGTTTCGCG,0,3991705
xdhAp2,0.07692307692307693,12,12,GGTTGCGAGACTCATATCTG,0,4013960
xdhAp2,0.07692307692307693,12,12,GGTTCTGTGCCACCGCGCTA,0,4010025
xdhAp2,0.07692307692307693,12,12,GGGGGACTTTCGGCGGTTCG,0,4010366
xdhAp2,0.07692307692307693,12,12,GGGCGTTATGAGCTGCCAGT,0,3991352
xdhAp2,0.07692307692307693,12,12,GGGCCAGTACGGACAACATG,0,3994223
xdhAp2,0.07692307692307693,12,12,GGGAGGGGTCCGTATTTGTT,0,3996999
xdhAp2,0.07692307692307693,12,12,GGGAAGTTATGGCGAATGAG,0,4001830
xdhAp2,0.07692307692307693,12,12,GGCCCGCACCGATATTTGTA,0,3985626
xdhAp2,0.07692307692307693,12,12,GGAATATCCCGGGAGGGGTT,0,3982962
xdhAp2,0.07692307692307693,12,12,GCTGTTTGGGTAATTGTCAC,0,3982750
xdhAp2,0.07692307692307693,12,12,GCTGGCAGAACAGCAGTGGA,0,4003309
xdhAp2,0.07692307692307693,12,12,GCTCGGAGTAAGGCATCTGA,0,3989708
xdhAp2,0.07692307692307693,12,12,GCGAGTTCGATCGAGAGGTA,0,4004059
xdhAp2,0.07692307692307693,12,12,GCCATCGAATGATGTGCCTG,0,3984078
xdhAp2,0.07692307692307693,12,12,GCATACCGTGTATGCCACAT,0,3988366
xdhAp2,0.07692307692307693,12,12,GCAGTCCTGCATTCGTCGAT,0,3999827
xdhAp2,0.07692307692307693,12,12,GCACGAGGCTAAAGCTACGC,0,3985686
xdhAp2,0.07692307692307693,12,12,GATTGCACGGTTGCTCGGTT,0,4004854
xdhAp2,0.07692307692307693,12,12,GATCAATCGCCCGTCGGCGT,0,4000400
xdhAp2,0.07692307692307693,12,12,GATACAAAGCGTTGAGGATG,0,4012166
xdhAp2,0.07692307692307693,12,12,GACTTCACTGCGTTGTGAAG,0,4009619
xdhAp2,0.07692307692307693,12,12,GAAGTGGGTGTCAGGGTCAC,0,4000077
xdhAp2,0.07692307692307693,12,12,GAAGGCCACCGTACGACCCC,0,4001481
xdhAp2,0.07692307692307693,12,12,GAAATCTGTTCGTGAACACA,0,3990515
xdhAp2,0.07692307692307693,12,12,GAAAATCGGTGGTACCGATT,0,3996257
xdhAp2,0.07692307692307693,12,12,CTTTAAAATCCGTTACCTCA,0,3989824
xdhAp2,0.07692307692307693,12,12,CTTGCACCCTAGGTTGTGGG,0,4001160
xdhAp2,0.07692307692307693,12,12,CTTAACGGCTGGCAGAATTC,0,3985098
xdhAp2,0.07692307692307693,12,12,CTGTTTTCAGAGATGATAAG,0,3993477
xdhAp2,0.07692307692307693,12,12,CTGCACTCTTGAATACATCT,0,3987997
xdhAp2,0.07692307692307693,12,12,CTCGAGCTGAAAGCGTCTAG,0,3989257
xdhAp2,0.07692307692307693,12,12,CTCCCTCATGGGATATATTT,0,3989469
xdhAp2,0.07692307692307693,12,12,CTCAAGCCTCCGTCTATCAA,0,3998289
xdhAp2,0.07692307692307693,12,12,CTATTCGCAGACGGCATCTT,0,3997216
xdhAp2,0.07692307692307693,12,12,CTAAGCTCACTTGAGTCTTG,0,4008133
xdhAp2,0.07692307692307693,12,12,CTAACAGGGGTGGCGTACAC,0,4002100
xdhAp2,0.07692307692307693,12,12,CGTGCCAGTAGACGGTTTAA,0,4010509
xdhAp2,0.07692307692307693,12,12,CGTATGTCCGAAGAGAGACA,0,3997941
xdhAp2,0.07692307692307693,12,12,CGTATGGACTGGACGTCGGT,0,3999382
xdhAp2,0.07692307692307693,12,12,CGTAATTTGGCCGTTGCTAG,0,4002203
xdhAp2,0.07692307692307693,12,12,CGGAGTCACATCACAATGAC,0,4009744
xdhAp2,0.07692307692307693,12,12,CGGAAAGGACCTCTGTGTCA,0,3998825
xdhAp2,0.07692307692307693,12,12,CGCTTGATGCGTCCGCTGGT,0,3999117
xdhAp2,0.07692307692307693,12,12,CGCCTCGTTTTGCTGAAATA,0,3995229
xdhAp2,0.07692307692307693,12,12,CGACTACCAGACCGTTTTTC,0,3987264
xdhAp2,0.07692307692307693,12,12,CGAAAGGTCAGCGTGGGTTG,0,3988398
xdhAp2,0.07692307692307693,12,12,CCGAAGAAGTTGGCTAGAGT,0,3982614
xdhAp2,0.07692307692307693,12,12,CCCTGCTCACGCCTCGGGTC,0,4013711
xdhAp2,0.07692307692307693,12,12,CCCTGCGCTTATTTCGATAT,0,3997366
xdhAp2,0.07692307692307693,12,12,CCCGCTCCGATGCCTCACTC,0,3987022
xdhAp2,0.07692307692307693,12,12,CCCACGTTTATTCTTGTGTC,0,3998876
xdhAp2,0.07692307692307693,12,12,CCATTAAGCTATAGGATTAA,0,3999102
xdhAp2,0.07692307692307693,12,12,CCATGATTCGACCACATGAG,0,3984521
xdhAp2,0.07692307692307693,12,12,CCACATAAGGCCGAAATGTG,0,4000630
xdhAp2,0.07692307692307693,12,12,CATTGTTCGCGGGAAATCCT,0,4002357
xdhAp2,0.07692307692307693,12,12,CATTAAACTCTCTCGTTGAG,0,3990600
xdhAp2,0.07692307692307693,12,12,CATGTGTCCCAGAACGCACA,0,3991306
xdhAp2,0.07692307692307693,12,12,CATCGGTGTAATTCACCTTA,0,3998388
xdhAp2,0.07692307692307693,12,12,CATCGGAGTTACGGTGCACT,0,3986866
xdhAp2,0.07692307692307693,12,12,CAGTCTCGGCGCCAGAGCTT,0,4001906
xdhAp2,0.07692307692307693,12,12,CAGGGTTTCGGCAAAACTCA,0,4011978
xdhAp2,0.07692307692307693,12,12,CAGCCTTGCAGCAGAAGAAT,0,3983794
xdhAp2,0.07692307692307693,12,12,CAGAGGCTACACTAGCTATT,0,4006003
xdhAp2,0.07692307692307693,12,12,CACTATGACATAACCCACAT,0,4006128
xdhAp2,0.07692307692307693,12,12,CACCATACCAGAGCACTTGT,0,3982637
xdhAp2,0.07692307692307693,12,12,CAACTCGCGGTAAAATAATA,0,4014329
xdhAp2,0.07692307692307693,12,12,ATTTGGAAACGGGTATCGAT,0,4000831
xdhAp2,0.07692307692307693,12,12,ATTTGATTCTAATGGTGTGT,0,3992198
xdhAp2,0.07692307692307693,12,12,ATTGCAAGCCTGACTGGACC,0,3981798
xdhAp2,0.07692307692307693,12,12,ATTCAAATATCTAGGGACAC,0,4008885
xdhAp2,0.07692307692307693,12,12,ATGACCATTTTAGACATGTT,0,4013584
xdhAp2,0.07692307692307693,12,12,ATCCCCGGTACAAGGATTGT,0,3998191
xdhAp2,0.07692307692307693,12,12,ATCAAGGCCAAGCCACGCTA,0,4006136
xdhAp2,0.07692307692307693,12,12,ATCAACCATTACCAGGGAGA,0,4010634
xdhAp2,0.07692307692307693,12,12,AGTTCCAGCTGGTTTGGACG,0,4000933
xdhAp2,0.07692307692307693,12,12,AGTGCCTCTTTTATCATATC,0,3993072
xdhAp2,0.07692307692307693,12,12,AGGGGTCGTCGTAAATAATG,0,4006144
xdhAp2,0.07692307692307693,12,12,AGGCTCTAACCTCAGAAGTA,0,4000384
xdhAp2,0.07692307692307693,12,12,AGGCAGTGTTACCCCGCGCA,0,3996893
xdhAp2,0.07692307692307693,12,12,AGGACCTCCTTGACCACATG,0,3984903
xdhAp2,0.07692307692307693,12,12,AGCCTACCTGATACGCATAC,0,3993207
xdhAp2,0.07692307692307693,12,12,AGATAAGGCAGTTACGAGCC,0,3983073
xdhAp2,0.07692307692307693,12,12,AGAAGAGAATAAGCCGCTCT,0,3986833
xdhAp2,0.07692307692307693,12,12,ACTCTGCATCTCAACATGGA,0,3998880
xdhAp2,0.07692307692307693,12,12,ACTCGATGATGGCTGATATA,0,4007483
xdhAp2,0.07692307692307693,12,12,ACTATGTGCGCGCTGTCGCC,0,4011887
xdhAp2,0.07692307692307693,12,12,ACGGTTCTTCTCAACATTGG,0,4012002
xdhAp2,0.07692307692307693,12,12,ACGGTTAGATCCTGCGAGTA,0,3984522
xdhAp2,0.07692307692307693,12,12,ACCGCCTATTCTTCTTTGAA,0,4013269
xdhAp2,0.07692307692307693,12,12,ACCCGGTTTGCGCGAAGATT,0,3998669
xdhAp2,0.07692307692307693,12,12,ACAGTGAGGCTCGGGATCAG,0,3991119
xdhAp2,0.07692307692307693,12,12,ACAAAACCTATTACGTTAAG,0,3999617
xdhAp2,0.07692307692307693,12,12,AATAAAGGTGAGGAGCCGAT,0,3988371
xdhAp2,0.07692307692307693,12,12,AAGGTATTTACGAGTCAAAA,0,3985927
xdhAp2,0.07692307692307693,12,12,AAGGCGATACAATTACTGAC,0,4011200
xdhAp2,0.07692307692307693,12,12,AACCGTGACCTCAACTATCC,0,3991536
xdhAp2,0.07692307692307693,12,12,AACATGACGCCTGCATTATC,0,3982797
xdhAp2,0.07692307692307693,12,12,AACACGGTAGGGGAAAGGGC,0,4010918
xdhAp2,0.07692307692307693,12,12,AAACTGTTTGTGCTGCCTGT,0,4012312
xdhAp2,0.07692307692307693,12,12,AAACTGCATATTCGGATTCA,0,3993358
xdhAp2,0.07692307692307693,12,12,AAAATACAGGACGTCAAGGT,0,3997604
xdhAp2,0.08333333333333333,11,11,TTTTGCAAGTTTCAGCCAGG,0,3987025
xdhAp2,0.08333333333333333,11,11,TTTGTTTGGAATGGAGGACA,0,3982230
xdhAp2,0.08333333333333333,11,11,TTGGGCATTCAAGTAAGGGA,0,4003284
xdhAp2,0.08333333333333333,11,11,TTGCCTTTTTCGCACATGGG,0,4007981
xdhAp2,0.08333333333333333,11,11,TTGCCACGATATTTAATCAC,0,3993473
xdhAp2,0.08333333333333333,11,11,TTCTTGCATCATACACAACA,0,3990682
xdhAp2,0.08333333333333333,11,11,TTCGCGACCCGACGCACAAG,0,3994607
xdhAp2,0.08333333333333333,11,11,TTCGCAGGCAACCGATCGAA,0,4005616
xdhAp2,0.08333333333333333,11,11,TTCCCCAGCACGGATTGCAA,0,3992077
xdhAp2,0.08333333333333333,11,11,TTCCAAACCTTACGGCAAGT,0,4000616
xdhAp2,0.08333333333333333,11,11,TTATATCATGAAATGGCTTG,0,3984220
xdhAp2,0.08333333333333333,11,11,TTAGAGAATCGATGTTCCGA,0,3990917
xdhAp2,0.08333333333333333,11,11,TTAGAAAAGATGGTAACGTC,0,4003631
xdhAp2,0.08333333333333333,11,11,TGTTATCGGACTCCCCATAA,0,3998078
xdhAp2,0.08333333333333333,11,11,TGTGTCATTAATGTAAATGG,0,4005778
xdhAp2,0.08333333333333333,11,11,TGTGGCTTCGTCCCGATCAA,0,3999798
xdhAp2,0.08333333333333333,11,11,TGTCGCTAAGCATTAAGGGG,0,3995504
xdhAp2,0.08333333333333333,11,11,TGTCCGGGCAGCTCGGTAAC,0,3981843
xdhAp2,0.08333333333333333,11,11,TGGTCTCCCGTGTTCGCACG,0,4003633
xdhAp2,0.08333333333333333,11,11,TGGAGCAATAGAGTATCTTG,0,3984778
xdhAp2,0.08333333333333333,11,11,TGCTGCTTCGCCGTGCTGTG,0,4003912
xdhAp2,0.08333333333333333,11,11,TGCCGGATGGTCTTTTTAGC,0,3993243
xdhAp2,0.08333333333333333,11,11,TGATCCTTGGCATGACAGTA,0,3990613
xdhAp2,0.08333333333333333,11,11,TGAATCTACATCTCAATCAA,0,3990390
xdhAp2,0.08333333333333333,11,11,TCTTTACATGTGGGGTGGTG,0,3998011
xdhAp2,0.08333333333333333,11,11,TCTTGCCATTCGAGGTGAGC,0,3987945
xdhAp2,0.08333333333333333,11,11,TCTGGTAGCACGTTATTCCG,0,3994381
xdhAp2,0.08333333333333333,11,11,TCTGGGACCAAACCTCCGAT,0,3994965
xdhAp2,0.08333333333333333,11,11,TCTGCACTGCGTGAACAATG,0,3982676
xdhAp2,0.08333333333333333,11,11,TCTCGGTTGAGACTTATGTT,0,4001341
xdhAp2,0.08333333333333333,11,11,TCATCCACGGATGTCGTCAT,0,3984391
xdhAp2,0.08333333333333333,11,11,TCATATTAATGAGAACATGC,0,3991323
xdhAp2,0.08333333333333333,11,11,TCATATCCCCGGGTTGTCAC,0,3990058
xdhAp2,0.08333333333333333,11,11,TCAGGTGAACCTAGAGTCTC,0,4006710
xdhAp2,0.08333333333333333,11,11,TCACAGTCCTGCAAGTGCCT,0,3990870
xdhAp2,0.08333333333333333,11,11,TATTACCCCAGGGAGACGGT,0,3987857
xdhAp2,0.08333333333333333,11,11,TATGCTCAACCATAGTGACA,0,4010081
xdhAp2,0.08333333333333333,11,11,TAGACCTCGTTTGCGATATA,0,3994407
xdhAp2,0.08333333333333333,11,11,TAGACCGACGGTCGAGGCGA,0,4011638
xdhAp2,0.08333333333333333,11,11,TACTGTTCTCGAGTGTGAGC,0,3989347
xdhAp2,0.08333333333333333,11,11,TACGTAAAGAAGGTTCGTTC,0,3983533
xdhAp2,0.08333333333333333,11,11,TACCGGGACGCAAAGAGCAA,0,3988894
xdhAp2,0.08333333333333333,11,11,TAATGCTTTCACCCTCGACT,0,3985524
xdhAp2,0.08333333333333333,11,11,TAATGCATGTTTATTGTACA,0,4007364
xdhAp2,0.08333333333333333,11,11,TAAGTACGCCGCCGTGACAA,0,3991668
xdhAp2,0.08333333333333333,11,11,TAAGACTCACCCTGGTTTCA,0,4002621
xdhAp2,0.08333333333333333,11,11,TAACCCTTTACGTAAAGAGA,0,3997427
xdhAp2,0.08333333333333333,11,11,TAAAAGTAATGTTGAGAACG,0,4010042
xdhAp2,0.08333333333333333,11,11,GTTTCATGCTATTTTATGAA,0,4001943
xdhAp2,0.08333333333333333,11,11,GTGTGCAACTGTGTAACAAT,0,4006085
xdhAp2,0.08333333333333333,11,11,GTGATATCCATCAGCGACAT,0,4012815
xdhAp2,0.08333333333333333,11,11,GTGAGTGGGGGCAAACCAAA,0,3985910
xdhAp2,0.08333333333333333,11,11,GTCCGCGTCTTACAATATAG,0,4005564
xdhAp2,0.08333333333333333,11,11,GTCCCAATCAGCGTGTCCTA,0,3996305
xdhAp2,0.08333333333333333,11,11,GTATTTTACTGGAATCGGGT,0,3984908
xdhAp2,0.08333333333333333,11,11,GTATAACCCGGGCTACAAAG,0,4003163
xdhAp2,0.08333333333333333,11,11,GGTTTGGTCCATACCATACG,0,4008517
xdhAp2,0.08333333333333333,11,11,GGTTTAGTCGGCCCTTTCAG,0,3982419
xdhAp2,0.08333333333333333,11,11,GGTGGAGGGAGACAAGCTTA,0,4006627
xdhAp2,0.08333333333333333,11,11,GGTATTCGAGTGCCTCAGAC,0,4002695
xdhAp2,0.08333333333333333,11,11,GGGGTCTCAGGGTTGCTGGC,0,3997766
xdhAp2,0.08333333333333333,11,11,GGGCACGATGTCCTCTACGT,0,3985320
xdhAp2,0.08333333333333333,11,11,GGGCACGACCCACTTAACTA,0,3999404
xdhAp2,0.08333333333333333,11,11,GGGAGCTGGTCTACGTCGAG,0,3992259
xdhAp2,0.08333333333333333,11,11,GGGAGACCTCATTAGGATTG,0,4002469
xdhAp2,0.08333333333333333,11,11,GGCTTGGAAGGGAAGCCTTC,0,3981939
xdhAp2,0.08333333333333333,11,11,GGCTGCCCCGATCCGCCGGA,0,3981804
xdhAp2,0.08333333333333333,11,11,GGCGTCAGTCTCACGCGCGA,0,3986727
xdhAp2,0.08333333333333333,11,11,GGCAGCAGCATATGATTCGT,0,3997742
xdhAp2,0.08333333333333333,11,11,GGATGAGAATTCCGGTCCAA,0,4013918
xdhAp2,0.08333333333333333,11,11,GGAGTATTTGTCTACAAGTT,0,3997506
xdhAp2,0.08333333333333333,11,11,GGACCGATAGTTTGCCTATT,0,3996619
xdhAp2,0.08333333333333333,11,11,GCTTATAAAGCGGTCGCTAA,0,4010161
xdhAp2,0.08333333333333333,11,11,GCTGAATCAAGCTTCGCATG,0,3985006
xdhAp2,0.08333333333333333,11,11,GCGTAAGGGAATTAGAGCGT,0,4003146
xdhAp2,0.08333333333333333,11,11,GCGGCTATCGCCTAAAAGGT,0,3997364
xdhAp2,0.08333333333333333,11,11,GCGCGTCTTACGGCAGCGGT,0,3993323
xdhAp2,0.08333333333333333,11,11,GCGCGAAGTTAGTGGGTTTA,0,3985959
xdhAp2,0.08333333333333333,11,11,GCGCCTGGTCACCTCAGTTA,0,4002421
xdhAp2,0.08333333333333333,11,11,GCCGCAAAATAAGATGTTAT,0,3994151
xdhAp2,0.08333333333333333,11,11,GCCATGGTACGAGCGGTCCG,0,3987694
xdhAp2,0.08333333333333333,11,11,GCCAGCACTTACGGACACTG,0,3987299
xdhAp2,0.08333333333333333,11,11,GCATCGCGCATGCCATTGAA,0,3999341
xdhAp2,0.08333333333333333,11,11,GCATACCCAGTGAATTGGTC,0,3987853
xdhAp2,0.08333333333333333,11,11,GCAGGCTGCTATGTGACTAT,0,3990229
xdhAp2,0.08333333333333333,11,11,GCACCGCCGGAGTAAGTCTC,0,3984647
xdhAp2,0.08333333333333333,11,11,GATGTGCTTGCCAGTATGGT,0,3997677
xdhAp2,0.08333333333333333,11,11,GAGGTCATTCGCGGGTCATC,0,4005455
xdhAp2,0.08333333333333333,11,11,GAGCCATTAGATAAGCCCCG,0,3986972
xdhAp2,0.08333333333333333,11,11,GACGGCCAAACCATCCTTGA,0,4009806
xdhAp2,0.08333333333333333,11,11,GACCTCGGGGTAGTGATGGG,0,3987494
xdhAp2,0.08333333333333333,11,11,GACCGGTGTATAGCGTAAGT,0,4010864
xdhAp2,0.08333333333333333,11,11,GACATAAAGGCCAGAGTGGC,0,3991734
xdhAp2,0.08333333333333333,11,11,GACAGTACGCGAAAAAGTTA,0,3982064
xdhAp2,0.08333333333333333,11,11,GACAAATGCCCTAATAAGAC,0,3990952
xdhAp2,0.08333333333333333,11,11,GAAGCTCGCGCAGTCTGCCA,0,4004851
xdhAp2,0.08333333333333333,11,11,CTTGTGGCTCCCTTCTTGGA,0,4006712
xdhAp2,0.08333333333333333,11,11,CTTCTGCTGCGTCCATGTGG,0,3990381
xdhAp2,0.08333333333333333,11,11,CTTATTCGAGGTTAGTACTG,0,4001337
xdhAp2,0.08333333333333333,11,11,CTGGCCCTCGTGCCAGGGGG,0,3984753
xdhAp2,0.08333333333333333,11,11,CTGCAATGGGCACATGCCAT,0,4008483
xdhAp2,0.08333333333333333,11,11,CTGAAGGATGGGGGCAGATG,0,3982427
xdhAp2,0.08333333333333333,11,11,CTGAAGAGGTTCACGAGGGG,0,4003956
xdhAp2,0.08333333333333333,11,11,CTCATGTCACCTACGTCTGA,0,3983594
xdhAp2,0.08333333333333333,11,11,CTCACGCTGGGAGAATTAGC,0,3991192
xdhAp2,0.08333333333333333,11,11,CTCAAGCGTATTTAAGATGT,0,3996915
xdhAp2,0.08333333333333333,11,11,CTATTGACGCGCCAACTTCA,0,3994926
xdhAp2,0.08333333333333333,11,11,CTATGCATTTCTTGCACTAG,0,3998645
xdhAp2,0.08333333333333333,11,11,CTATATACAGAGATTAGTGA,0,3985886
xdhAp2,0.08333333333333333,11,11,CTACGATGGGGGATCATATC,0,4004060
xdhAp2,0.08333333333333333,11,11,CTAATTTGAACGTAAATCTA,0,3988648
xdhAp2,0.08333333333333333,11,11,CTAAGTACGCGCGGCAACAA,0,3982333
xdhAp2,0.08333333333333333,11,11,CGTTTATTAGGCGGTACGGG,0,4009543
xdhAp2,0.08333333333333333,11,11,CGTGACTCGCTGATTATAAA,0,3986944
xdhAp2,0.08333333333333333,11,11,CGTACAGGGAGCTTGAGGCC,0,3991437
xdhAp2,0.08333333333333333,11,11,CGCCCTCTACGCACTTTAAA,0,3998282
xdhAp2,0.08333333333333333,11,11,CGCCCCTTCCCCATTGGCAT,0,3994258
xdhAp2,0.08333333333333333,11,11,CGCACAAGTCGCTTAAGCAA,0,4007722
xdhAp2,0.08333333333333333,11,11,CGACTGTCGAAACCTTTGAA,0,3996676
xdhAp2,0.08333333333333333,11,11,CGAATATCATAAGACACATT,0,4012297
xdhAp2,0.08333333333333333,11,11,CCTTTTGCTAGGTGCGACCA,0,3985039
xdhAp2,0.08333333333333333,11,11,CCTTTCATGGGTAAGAGAGA,0,4014433
xdhAp2,0.08333333333333333,11,11,CCTTAGGTAAACGCGCCCCG,0,4007605
xdhAp2,0.08333333333333333,11,11,CCTCGCACGTCAGTCCCCGT,0,4007912
xdhAp2,0.08333333333333333,11,11,CCTAATCACCTGCATGAAAT,0,3990127
xdhAp2,0.08333333333333333,11,11,CCGTTCGTCAGGAGGCGTCT,0,3998186
xdhAp2,0.08333333333333333,11,11,CCGGTAATGTACCAAGCTGT,0,4011757
xdhAp2,0.08333333333333333,11,11,CCGGCCGCATAGAACATGCT,0,4011701
xdhAp2,0.08333333333333333,11,11,CCGGATGAATGGAGTCTGTG,0,4009867
xdhAp2,0.08333333333333333,11,11,CCCTACAAACCGTACCTTCA,0,3989177
xdhAp2,0.08333333333333333,11,11,CCCCTTGCGGGAGCGTCTGT,0,3984271
xdhAp2,0.08333333333333333,11,11,CCCCTAATACGCACAATTGA,0,4014303
xdhAp2,0.08333333333333333,11,11,CATCGCTACTGACCTAAGGT,0,4007425
xdhAp2,0.08333333333333333,11,11,CATCCTGTCGGCCCTGCAGA,0,4001749
xdhAp2,0.08333333333333333,11,11,CATCATCGATGGAGCACGTG,0,3987855
xdhAp2,0.08333333333333333,11,11,CATATTAAGCCGGACACAGT,0,3981608
xdhAp2,0.08333333333333333,11,11,CAGTTCTCAATCCAAAACAT,0,4002856
xdhAp2,0.08333333333333333,11,11,CAGTACGCTATTAGGAATCT,0,3982502
xdhAp2,0.08333333333333333,11,11,CAGGGCGCGGATAAGAATTC,0,3987496
xdhAp2,0.08333333333333333,11,11,CAGCCATGGCCTAGATGGCC,0,3995977
xdhAp2,0.08333333333333333,11,11,CACTCCCGAACGAGGCTCGA,0,3993547
xdhAp2,0.08333333333333333,11,11,CACCGGGAGATGCCCTTGGG,0,4003927
xdhAp2,0.08333333333333333,11,11,CAAGACGGCTTCGCGGTCCA,0,3985824
xdhAp2,0.08333333333333333,11,11,ATGGTAACCGGCATTGGGTA,0,3999144
xdhAp2,0.08333333333333333,11,11,ATGGCGAACACTAGGGGTGG,0,3993172
xdhAp2,0.08333333333333333,11,11,ATCCCGTGGTGACTACACCG,0,3998664
xdhAp2,0.08333333333333333,11,11,ATCCCCTTCGGACACCCCGT,0,4003283
xdhAp2,0.08333333333333333,11,11,ATACCTGTAGTCTTTTGGGC,0,3992722
xdhAp2,0.08333333333333333,11,11,ATAATATTGGACTCACGCGC,0,3990084
xdhAp2,0.08333333333333333,11,11,AGTTTAAGGATGCCATCAGT,0,3983196
xdhAp2,0.08333333333333333,11,11,AGTTGCCTATCTAGACAGGA,0,3993765
xdhAp2,0.08333333333333333,11,11,AGTTCCTAGATCTGAGCGAG,0,3993090
xdhAp2,0.08333333333333333,11,11,AGTGCGACAGAAACCAAGAT,0,3995150
xdhAp2,0.08333333333333333,11,11,AGTGCCCCAACCCTTTAAGG,0,4012441
xdhAp2,0.08333333333333333,11,11,AGTAGGATGCGAACTGATAG,0,4001402
xdhAp2,0.08333333333333333,11,11,AGGCTACCCATAACATTGTA,0,4000651
xdhAp2,0.08333333333333333,11,11,AGCTCCCTCTCTGGTGGGTA,0,4002968
xdhAp2,0.08333333333333333,11,11,AGCGTTTTCACAATGGTGAC,0,3989147
xdhAp2,0.08333333333333333,11,11,AGAGGAGGAGGCTGTTCGTA,0,3985321
xdhAp2,0.08333333333333333,11,11,ACTTCGGGTATTCTGAGTGT,0,3997490
xdhAp2,0.08333333333333333,11,11,ACTTCCGTCAAATATTGGGA,0,4000824
xdhAp2,0.08333333333333333,11,11,ACTTACTTCCAACCGCGGGG,0,4012737
xdhAp2,0.08333333333333333,11,11,ACTCACTCGGCATCTATGCA,0,3998693
xdhAp2,0.08333333333333333,11,11,ACTAAGCCCTCCCCTCCCAA,0,4014371
xdhAp2,0.08333333333333333,11,11,ACGTTTGCGGTGGCAGGGTA,0,4004659
xdhAp2,0.08333333333333333,11,11,ACGCTGCCCGCTGGGACCAT,0,3990671
xdhAp2,0.08333333333333333,11,11,ACGAGTACCTGTTGGGCTTT,0,3989836
xdhAp2,0.08333333333333333,11,11,ACGAGAGTGCGCCGCTTCAC,0,4004091
xdhAp2,0.08333333333333333,11,11,ACCTCTAAGGCGTCAAGGAT,0,4009915
xdhAp2,0.08333333333333333,11,11,ACCGTGGCAAGAACTTTGCC,0,3993576
xdhAp2,0.08333333333333333,11,11,ACCAAGTCGTGTGTCATGTA,0,3999689
xdhAp2,0.08333333333333333,11,11,ACATGTGAGGTTGACCCCCT,0,4000233
xdhAp2,0.08333333333333333,11,11,ACAGTGACGCTCGACGCAAT,0,3981526
xdhAp2,0.08333333333333333,11,11,ACACATCGATGGCGCCTTAT,0,3994112
xdhAp2,0.08333333333333333,11,11,AATTTTAACGTTTATGCTCT,0,3999174
xdhAp2,0.08333333333333333,11,11,AATGGCGGGCTTATCGACCA,0,4011263
xdhAp2,0.08333333333333333,11,11,AATGATGCCGTCTGGACTTC,0,3988074
xdhAp2,0.08333333333333333,11,11,AATCCGTATACGTGTAAGGG,0,4007026
xdhAp2,0.08333333333333333,11,11,AATCATCCGTAGTTCTCCTC,0,3998192
xdhAp2,0.08333333333333333,11,11,AATCAAATAGTCACGGTAGC,0,4005664
xdhAp2,0.08333333333333333,11,11,AATATAAGGGGTGTATAGAC,0,3990686
xdhAp2,0.08333333333333333,11,11,AATAGGCCATGGTGACCGTC,0,3994853
xdhAp2,0.08333333333333333,11,11,AACTGGGGGCTGTAGTGGAC,0,3992279
xdhAp2,0.08333333333333333,11,11,AACTAAAAAGCCAGGATTAC,0,3996553
xdhAp2,0.08333333333333333,11,11,AACCCGGGGCCGGTGACTAT,0,4011992
xdhAp2,0.08333333333333333,11,11,AACAATCCGTACGTCAAGAT,0,4006229
xdhAp2,0.08333333333333333,11,11,AAATTAGACTCCCCGGCTAT,0,3988253
xdhAp2,0.09090909090909091,10,10,TTTTCTGTTTTCTGATACGA,0,4013494
xdhAp2,0.09090909090909091,10,10,TTTTCGGCGTAAGATCACTT,0,4006893
xdhAp2,0.09090909090909091,10,10,TTTCAAATTATGCGGAAAAC,0,4006365
xdhAp2,0.09090909090909091,10,10,TTTACGTGGTGGACGTAACA,0,4011926
xdhAp2,0.09090909090909091,10,10,TTTACGGCCTTTTGGAACGA,0,3987632
xdhAp2,0.09090909090909091,10,10,TTGGCTCATTGAACTTTCCA,0,3983803
xdhAp2,0.09090909090909091,10,10,TTGGAGGCTTACCTGCACCC,0,3998382
xdhAp2,0.09090909090909091,10,10,TTGCTAAATAAACATAAGGT,0,3996786
xdhAp2,0.09090909090909091,10,10,TTGCGCCTGGTATTGAACCT,0,4003551
xdhAp2,0.09090909090909091,10,10,TTGATGCAGAGCGTTGGCGC,0,3996908
xdhAp2,0.09090909090909091,10,10,TTCTGGCACGAGCAAGGAAC,0,3997779
xdhAp2,0.09090909090909091,10,10,TTCTGCCTTGCTTCGGGCAT,0,4000968
xdhAp2,0.09090909090909091,10,10,TTCTAACGGCTTATAAAGAG,0,3994521
xdhAp2,0.09090909090909091,10,10,TTCTAAATGTATCGAGCCTA,0,4001653
xdhAp2,0.09090909090909091,10,10,TTCGTGCCGGTAATGCACTG,0,3993470
xdhAp2,0.09090909090909091,10,10,TTCGTGAGCCCCCTCATGTC,0,3982971
xdhAp2,0.09090909090909091,10,10,TTCCAGTTGGAATCTCAGGA,0,3981618
xdhAp2,0.09090909090909091,10,10,TTCACTAGATCCAATCCGTC,0,4012300
xdhAp2,0.09090909090909091,10,10,TTATGGGTTTTCAGTCTGGG,0,3990855
xdhAp2,0.09090909090909091,10,10,TTAGCCGAAATACACCCAGA,0,3997052
xdhAp2,0.09090909090909091,10,10,TGTTGTCAGCGTCTGGGCGG,0,4014448
xdhAp2,0.09090909090909091,10,10,TGTGGGTCTCCAAGTTGGTA,0,3981583
xdhAp2,0.09090909090909091,10,10,TGGACAAGACCAGGGAAGCT,0,3997810
xdhAp2,0.09090909090909091,10,10,TGCTGCGCCCTGGACTCACC,0,4000929
xdhAp2,0.09090909090909091,10,10,TGCGCACGCGTAGTGACCTA,0,3985703
xdhAp2,0.09090909090909091,10,10,TGCCGAGACGCAAGGCTGAT,0,3983684
xdhAp2,0.09090909090909091,10,10,TGCATATTACGGCTAGCAGG,0,3985586
xdhAp2,0.09090909090909091,10,10,TGATACGTTCACATAACATG,0,3985925
xdhAp2,0.09090909090909091,10,10,TGAGTGGCGCGAAGTAGGTT,0,3983593
xdhAp2,0.09090909090909091,10,10,TGAGCGGGTTGTGTCACATA,0,4006028
xdhAp2,0.09090909090909091,10,10,TGAGCCCCAGTCCTCGGTTC,0,4004517
xdhAp2,0.09090909090909091,10,10,TGAATTCCTCTGCACTATGT,0,3990247
xdhAp2,0.09090909090909091,10,10,TCTGGTTCTATCATTATCGG,0,4002715
xdhAp2,0.09090909090909091,10,10,TCTGGTCTTCACGCCAAAGC,0,3999642
xdhAp2,0.09090909090909091,10,10,TCTATCATGGTGCGGAATGA,0,4007128
xdhAp2,0.09090909090909091,10,10,TCGTGAGATTGGTAGACGGG,0,3989711
xdhAp2,0.09090909090909091,10,10,TCGTAGAGTGCACTCTGGAT,0,3988888
xdhAp2,0.09090909090909091,10,10,TCGGGCAGGCTACGAGTTAG,0,4009694
xdhAp2,0.09090909090909091,10,10,TCGGCCCCAGTCCGTGGTCT,0,3989377
xdhAp2,0.09090909090909091,10,10,TCGCCGGAAGTATCGAGGTC,0,4007587
xdhAp2,0.09090909090909091,10,10,TCGATTTGTTTTGTCTCTAT,0,3991803
xdhAp2,0.09090909090909091,10,10,TCCGAATGATACTGAATTTA,0,4007939
xdhAp2,0.09090909090909091,10,10,TCCAGTATGAGCCACTCGAT,0,3994662
xdhAp2,0.09090909090909091,10,10,TCATCGGAGTCATGAATTAA,0,3999122
xdhAp2,0.09090909090909091,10,10,TCAATCATCGTGAAGCTTTA,0,3994106
xdhAp2,0.09090909090909091,10,10,TATTTGGGAAGGTGCACGGA,0,4003236
xdhAp2,0.09090909090909091,10,10,TATTGCCTGCTCGGACCTGG,0,3988898
xdhAp2,0.09090909090909091,10,10,TATAGTGGGATTTCTTTAGT,0,4002990
xdhAp2,0.09090909090909091,10,10,TAGGGTAAGTATGCCGGAGA,0,3990832
xdhAp2,0.09090909090909091,10,10,TAGATGACATTCATTGCCAG,0,3982324
xdhAp2,0.09090909090909091,10,10,TACGAGGTCGTTTAAGACGT,0,3990445
xdhAp2,0.09090909090909091,10,10,TACCTACAGAAAAGGATAGG,0,3983277
xdhAp2,0.09090909090909091,10,10,TAATACGGCTTCTAGCTAAA,0,3996796
xdhAp2,0.09090909090909091,10,10,TAACCTTCCAAGAAGGACTT,0,3987992
xdhAp2,0.09090909090909091,10,10,TAAATCATGGATTCCAGTTG,0,3995245
xdhAp2,0.09090909090909091,10,10,GTTGACTGGGCGGAGGTGGA,0,3989855
xdhAp2,0.09090909090909091,10,10,GTTCTGGGTCATGGGATCAC,0,3985030
xdhAp2,0.09090909090909091,10,10,GTTACTTTCTTGCCATAAAG,0,3986806
xdhAp2,0.09090909090909091,10,10,GTGGACGATTGGCAGGTGAT,0,4004885
xdhAp2,0.09090909090909091,10,10,GTGCTTAGCGGCCAGAGTAA,0,3985570
xdhAp2,0.09090909090909091,10,10,GTGCGGCTGAAAGCACCTCC,0,3999379
xdhAp2,0.09090909090909091,10,10,GTGCGGACAGGTAACAAAAA,0,4013979
xdhAp2,0.09090909090909091,10,10,GTGACGGTGAAGGAACGGAT,0,3986803
xdhAp2,0.09090909090909091,10,10,GTCTGGAAACGTGACGAATC,0,4012766
xdhAp2,0.09090909090909091,10,10,GTCTAAGATATTTTTCAGTA,0,3997054
xdhAp2,0.09090909090909091,10,10,GTCCCCATCCCAGCGAGGGG,0,4005271
xdhAp2,0.09090909090909091,10,10,GTCCAGGTATGCGTGCACAT,0,3982697
xdhAp2,0.09090909090909091,10,10,GTCAGGTAAGTGTGACGTAT,0,3994509
xdhAp2,0.09090909090909091,10,10,GTCAATGTAGGATCACTCTT,0,3994499
xdhAp2,0.09090909090909091,10,10,GTATACAGTTGGAACAACGA,0,3983336
xdhAp2,0.09090909090909091,10,10,GTAAGGACGAGAGAGAGAGT,0,4007634
xdhAp2,0.09090909090909091,10,10,GGTTTACTAACTACCCGCCG,0,4006960
xdhAp2,0.09090909090909091,10,10,GGTCAGGGCTCGGTTTCCGT,0,4000304
xdhAp2,0.09090909090909091,10,10,GGTACCGTACATGGTTTATA,0,3981651
xdhAp2,0.09090909090909091,10,10,GGGGTCGTAGGACAGTGGGA,0,3988124
xdhAp2,0.09090909090909091,10,10,GGGGTCAGTCCCTTTATGAG,0,4005294
xdhAp2,0.09090909090909091,10,10,GGGGCCGCGTAAGGGAGGTC,0,4012705
xdhAp2,0.09090909090909091,10,10,GGGGCAAAGAGACAGGCAAT,0,4007960
xdhAp2,0.09090909090909091,10,10,GGGCATACGGGAGCAAATTC,0,4009424
xdhAp2,0.09090909090909091,10,10,GGCTAAGGGTCGGGGATTTT,0,4004238
xdhAp2,0.09090909090909091,10,10,GGCGGGCTATCCGATACTTA,0,3995560
xdhAp2,0.09090909090909091,10,10,GGCCCTCATGAAATGGTGTA,0,3984266
xdhAp2,0.09090909090909091,10,10,GGCCCTAGGTGGACCCTTTA,0,4004077
xdhAp2,0.09090909090909091,10,10,GGCACAGGTGAAGCACATCT,0,3995268
xdhAp2,0.09090909090909091,10,10,GGCAATCGGTATCTGCAAAA,0,3985392
xdhAp2,0.09090909090909091,10,10,GGATCGCTGGCTTTCGACTC,0,4007318
xdhAp2,0.09090909090909091,10,10,GGAGAGTTTTAAACGTAATC,0,4013151
xdhAp2,0.09090909090909091,10,10,GGAAGGCTCAGCTATACGGA,0,3992972
xdhAp2,0.09090909090909091,10,10,GCTTTTCCCATGCAACCGAA,0,4012159
xdhAp2,0.09090909090909091,10,10,GCTTGCTGTAAGCGTAGCTA,0,4008819
xdhAp2,0.09090909090909091,10,10,GCTATGATCAATTGGATACC,0,3984989
xdhAp2,0.09090909090909091,10,10,GCGTGGGCTAATCTTGTTAT,0,3989486
xdhAp2,0.09090909090909091,10,10,GCGGTCAGGTTTCGTGAGAG,0,4005855
xdhAp2,0.09090909090909091,10,10,GCGGGTTACCAGACACATGA,0,3995326
xdhAp2,0.09090909090909091,10,10,GCGGCTTGGAGGTGTGAGTT,0,3984124
xdhAp2,0.09090909090909091,10,10,GCGAGCGGTTTTTTCAAATC,0,3991794
xdhAp2,0.09090909090909091,10,10,GCGACCTCGATTTGGCAATA,0,3994400
xdhAp2,0.09090909090909091,10,10,GCGAACCTGGCCCCCGGATG,0,4003543
xdhAp2,0.09090909090909091,10,10,GCCGATAAGCACTTGAATTC,0,3989862
xdhAp2,0.09090909090909091,10,10,GCCAAGGGTTCTCAACAATC,0,3996393
xdhAp2,0.09090909090909091,10,10,GCATCTAATTGAGACGCTGC,0,4009038
xdhAp2,0.09090909090909091,10,10,GCAGTAAGAGGCTATATTAT,0,3993190
xdhAp2,0.09090909090909091,10,10,GATTGAAGGCACCTCTTTCT,0,4009520
xdhAp2,0.09090909090909091,10,10,GATTACCAGATAATCGCAGA,0,4002305
xdhAp2,0.09090909090909091,10,10,GATGTATGAGTATCATACTT,0,4004820
xdhAp2,0.09090909090909091,10,10,GATAGCGTGACTCGAATAAG,0,3991534
xdhAp2,0.09090909090909091,10,10,GAGTTTTTAGACGGGCGTAC,0,3998496
xdhAp2,0.09090909090909091,10,10,GAGTAACCTCCCTGGGTAGA,0,4012302
xdhAp2,0.09090909090909091,10,10,GAGGAATAACTTAGACACTC,0,3999243
xdhAp2,0.09090909090909091,10,10,GAGCCAAGACTGGATGATGA,0,3987828
xdhAp2,0.09090909090909091,10,10,GACTTAGCTTTCCTCGGGTA,0,3993923
xdhAp2,0.09090909090909091,10,10,GACGATCTCCGTTTGCTCAA,0,4005834
xdhAp2,0.09090909090909091,10,10,GAATGTCGTGTATCGTGTTA,0,4010967
xdhAp2,0.09090909090909091,10,10,GAAGAAATGGGACCGGCGTT,0,3995650
xdhAp2,0.09090909090909091,10,10,GAACCATCCGATCAAGATGA,0,4002085
xdhAp2,0.09090909090909091,10,10,GAAATCCCAGGTTCCCATTC,0,4000534
xdhAp2,0.09090909090909091,10,10,GAAAGGGGATCGTTAAATCT,0,4012500
xdhAp2,0.09090909090909091,10,10,GAAACTCTCGCTTCGTGCCT,0,3986850
xdhAp2,0.09090909090909091,10,10,CTTCTCAGCACCACTACGAG,0,3984333
xdhAp2,0.09090909090909091,10,10,CTTCGTGTCTGCTATGGTTA,0,4011060
xdhAp2,0.09090909090909091,10,10,CTTCGAGATGAACTTAATTC,0,4003826
xdhAp2,0.09090909090909091,10,10,CTGTTCGGGTAGAGTGCGTA,0,3997118
xdhAp2,0.09090909090909091,10,10,CTGTGAAGATTCGCCTTGCG,0,3996835
xdhAp2,0.09090909090909091,10,10,CTGTAGCGTGTATATTTGCA,0,4004374
xdhAp2,0.09090909090909091,10,10,CTGTAAACGGTCCACAGTGC,0,3984211
xdhAp2,0.09090909090909091,10,10,CTGGGGTGACCTTCATCTGC,0,4005708
xdhAp2,0.09090909090909091,10,10,CTGGGCAGCGCCACGCAGGA,0,3995683
xdhAp2,0.09090909090909091,10,10,CTGACAGGATGGGGGCAGGG,0,4004940
xdhAp2,0.09090909090909091,10,10,CTCAGGACATGTGTGAGCGA,0,3989901
xdhAp2,0.09090909090909091,10,10,CTAGGTGGTTCCCGGGTAGT,0,3992395
xdhAp2,0.09090909090909091,10,10,CTAGGACGATGAATGTACAC,0,4005314
xdhAp2,0.09090909090909091,10,10,CTAGACTTGCCTCGAATGCC,0,3985102
xdhAp2,0.09090909090909091,10,10,CTACAGGGTCTGAATCGACG,0,4012553
xdhAp2,0.09090909090909091,10,10,CTAAACAGAAGCTGGTTATG,0,3987087
xdhAp2,0.09090909090909091,10,10,CGTTTTGTTCGGCCCCCTCG,0,4000357
xdhAp2,0.09090909090909091,10,10,CGTCATATGAGTATGAGATA,0,4012370
xdhAp2,0.09090909090909091,10,10,CGTATCTGCTTTTGCGGACA,0,3996382
xdhAp2,0.09090909090909091,10,10,CGGTCGGTCTCTTTTGAGTG,0,3995166
xdhAp2,0.09090909090909091,10,10,CGGCTGCGGTTCATATATTG,0,3995188
xdhAp2,0.09090909090909091,10,10,CGGCGCTGTTATCAATACAA,0,3996255
xdhAp2,0.09090909090909091,10,10,CGGATCGGGCGCTGATAGCT,0,3984626
xdhAp2,0.09090909090909091,10,10,CGCCTATCTTTATAGTGTAC,0,4001249
xdhAp2,0.09090909090909091,10,10,CGATAGAAGTTATTTAAGAC,0,3987076
xdhAp2,0.09090909090909091,10,10,CGAGGTGCGGGGATTTCAAT,0,4012086
xdhAp2,0.09090909090909091,10,10,CGAGGCAGTTTTGCAACCAG,0,3994264
xdhAp2,0.09090909090909091,10,10,CCTTTGCGATTTTGCTGCGA,0,3999715
xdhAp2,0.09090909090909091,10,10,CCTTGTTTACGTTCTCATGC,0,3994118
xdhAp2,0.09090909090909091,10,10,CCTGTCAAGGAAGGGTTAGC,0,3985610
xdhAp2,0.09090909090909091,10,10,CCTGGGATAACTATAGCCGT,0,3991709
xdhAp2,0.09090909090909091,10,10,CCTGACAAGCGGATTGTCAG,0,3983702
xdhAp2,0.09090909090909091,10,10,CCTCGCCGTAACCCACATAT,0,3989197
xdhAp2,0.09090909090909091,10,10,CCTACGTTAATTGTATTCTC,0,3983211
xdhAp2,0.09090909090909091,10,10,CCTACGTCTAATCGTATTAA,0,3985615
xdhAp2,0.09090909090909091,10,10,CCGTTAGATATGCTCCGCGG,0,3986425
xdhAp2,0.09090909090909091,10,10,CCGGACGAAGAGGGTAAGCC,0,3998458
xdhAp2,0.09090909090909091,10,10,CCGCCAACGTCTATCTATGA,0,4008225
xdhAp2,0.09090909090909091,10,10,CCGAGTTACCGCTCCGAACC,0,3993297
xdhAp2,0.09090909090909091,10,10,CCGACGCGTCCAACTCCCTA,0,3985998
xdhAp2,0.09090909090909091,10,10,CCCTGCTATGGGGTACGTGT,0,4008893
xdhAp2,0.09090909090909091,10,10,CCAGATTCTTGCTTCTGGGA,0,4008384
xdhAp2,0.09090909090909091,10,10,CCACACCCTAAGGGACAGAT,0,3993903
xdhAp2,0.09090909090909091,10,10,CCAATGTTCTGGCAATTGTG,0,3985620
xdhAp2,0.09090909090909091,10,10,CCAATGTGCTGCATTGGTTC,0,3993198
xdhAp2,0.09090909090909091,10,10,CCAACACGAGGCCCAGCCAG,0,4000204
xdhAp2,0.09090909090909091,10,10,CATCTCAGAACCGTCCTATT,0,3982811
xdhAp2,0.09090909090909091,10,10,CATCCTGTGTGTCGATATTT,0,3982110
xdhAp2,0.09090909090909091,10,10,CATCCTCACGCCAAGACGGT,0,3999397
xdhAp2,0.09090909090909091,10,10,CATAGAACGCCTGGCCTGAC,0,3998018
xdhAp2,0.09090909090909091,10,10,CATACGAAATAGTAGTCGGT,0,4000733
xdhAp2,0.09090909090909091,10,10,CAGTCTTACGCGGTGACTAT,0,3998478
xdhAp2,0.09090909090909091,10,10,CAGTCGGACGCATGCTATCG,0,3982660
xdhAp2,0.09090909090909091,10,10,CAGGTTAGGAACGACGAGAT,0,3995624
xdhAp2,0.09090909090909091,10,10,CAGCCCCTCACGTGCGGATC,0,3986153
xdhAp2,0.09090909090909091,10,10,CAGCAAGCAGAGGAGTCCTA,0,4006478
xdhAp2,0.09090909090909091,10,10,CAGACCTCCAATCTCATACG,0,3995039
xdhAp2,0.09090909090909091,10,10,CAGACAAGATCGGCACGTTC,0,4005103
xdhAp2,0.09090909090909091,10,10,CAGAAGCTTAGCAATCTTGG,0,3995817
xdhAp2,0.09090909090909091,10,10,CACGGTAGGCGTACAGGCCA,0,3998581
xdhAp2,0.09090909090909091,10,10,CACCGCCAAACCAATAGACT,0,4004213
xdhAp2,0.09090909090909091,10,10,CACCCTAGGGTACGCGTTTA,0,3993509
xdhAp2,0.09090909090909091,10,10,CACCATCGTTAGGACATGGA,0,3984670
xdhAp2,0.09090909090909091,10,10,CAATGACCGGCTGCGCTGTG,0,4003832
xdhAp2,0.09090909090909091,10,10,CAAGAACTGGAGAGGGAATA,0,4000412
xdhAp2,0.09090909090909091,10,10,CAACAAGGTAGATCTATTGC,0,3996967
xdhAp2,0.09090909090909091,10,10,CAAAGGATTTCACGCCGAAA,0,3993202
xdhAp2,0.09090909090909091,10,10,ATTCTTCCATTAGTTAATGA,0,4002408
xdhAp2,0.09090909090909091,10,10,ATTCATCGCACTTGGGGTTC,0,4012493
xdhAp2,0.09090909090909091,10,10,ATTATCTACGAGGGTGTAGT,0,4002264
xdhAp2,0.09090909090909091,10,10,ATGCGAGTTTGCGGCTTGTT,0,3985412
xdhAp2,0.09090909090909091,10,10,ATGATACTAACTCGGTATTT,0,4010576
xdhAp2,0.09090909090909091,10,10,ATCCTATCTTGTATGAAGGC,0,4004643
xdhAp2,0.09090909090909091,10,10,ATCAGTAAGACCCCTAGTTT,0,4005354
xdhAp2,0.09090909090909091,10,10,ATCAGCATTGGGGCAGTGGG,0,4010683
xdhAp2,0.09090909090909091,10,10,ATAGGATACTCGCCTAGACT,0,4014197
xdhAp2,0.09090909090909091,10,10,AGTTGAACGGATCAAACTAG,0,3999623
xdhAp2,0.09090909090909091,10,10,AGTGTGTGAACTTGCATTAC,0,3991103
xdhAp2,0.09090909090909091,10,10,AGTGATTACCACTATTAACA,0,3987373
xdhAp2,0.09090909090909091,10,10,AGTCGAATAGGCAGCCCACA,0,3992689
xdhAp2,0.09090909090909091,10,10,AGGTGTACTTCTAGCCGTTC,0,4014243
xdhAp2,0.09090909090909091,10,10,AGGTCTGTTGTCCTGAGGTC,0,3994020
xdhAp2,0.09090909090909091,10,10,AGGGCGTAGCAGGCGGGTAG,0,3983188
xdhAp2,0.09090909090909091,10,10,AGGGAATTCGCTACGGCAGC,0,3989294
xdhAp2,0.09090909090909091,10,10,AGGCGGCGAGTATTTAACTT,0,4004714
xdhAp2,0.09090909090909091,10,10,AGGCGCTATACTCGCGCCGG,0,3999669
xdhAp2,0.09090909090909091,10,10,AGGAGCAATGTGAAGTATGA,0,3988979
xdhAp2,0.09090909090909091,10,10,AGCTCCTGGCGTTTGGGGAC,0,4010614
xdhAp2,0.09090909090909091,10,10,AGCGGGACACGTCGGTTCAA,0,4003229
xdhAp2,0.09090909090909091,10,10,AGCAGGCGGTGTAGACACTT,0,3998074
xdhAp2,0.09090909090909091,10,10,AGCAAGTTGTCGAATTACTG,0,3986010
xdhAp2,0.09090909090909091,10,10,AGACGTTATTGGGCATCAAA,0,3986919
xdhAp2,0.09090909090909091,10,10,AGACAACCTCTACTGGTGTG,0,3983993
xdhAp2,0.09090909090909091,10,10,ACTGTTTTCAGAAGTTGCGC,0,3984273
xdhAp2,0.09090909090909091,10,10,ACTGTAATGAAGCCGGCCAC,0,3984355
xdhAp2,0.09090909090909091,10,10,ACTGGACCAACCGCGATCCT,0,4000404
xdhAp2,0.09090909090909091,10,10,ACTCGGCCGCTAAATTGGGG,0,4011325
xdhAp2,0.09090909090909091,10,10,ACTCGATCTTGATGGGGTAC,0,4006172
xdhAp2,0.09090909090909091,10,10,ACTCAGAGAACATCTCCAGT,0,3986021
xdhAp2,0.09090909090909091,10,10,ACTCAAAGGAACTTTTTTCA,0,4007346
xdhAp2,0.09090909090909091,10,10,ACTACGAAGATGTTTTTGTT,0,4001207
xdhAp2,0.09090909090909091,10,10,ACGGTTCAATCAGTATAATT,0,3991639
xdhAp2,0.09090909090909091,10,10,ACGCTACTCCGAAAAGCCAC,0,3998906
xdhAp2,0.09090909090909091,10,10,ACGCGTTTCCCCCAGGAGCA,0,3996804
xdhAp2,0.09090909090909091,10,10,ACGATAGCGCGGCCAACACG,0,4000993
xdhAp2,0.09090909090909091,10,10,ACCTGTTCCCTCGGGGGTGG,0,3987950
xdhAp2,0.09090909090909091,10,10,ACCGAGAGCCGCCAGCATAT,0,3995597
xdhAp2,0.09090909090909091,10,10,ACCCCGGAACACCGGCCTAT,0,4006278
xdhAp2,0.09090909090909091,10,10,ACCAGGCTTCCTGACGCGGC,0,3984007
xdhAp2,0.09090909090909091,10,10,ACATGGTCGGCAAATAGTGA,0,4009145
xdhAp2,0.09090909090909091,10,10,ACACTTGTTGGACCGTGTCA,0,3989281
xdhAp2,0.09090909090909091,10,10,ACACTGTAGGTAAACCCCAA,0,4005273
xdhAp2,0.09090909090909091,10,10,AATTTTAGGGCGGGCCACGA,0,3997420
xdhAp2,0.09090909090909091,10,10,AATTCGGCCAGCTGTACATT,0,4002427
xdhAp2,0.09090909090909091,10,10,AATGTTGGAAACCGAGTGGC,0,3998355
xdhAp2,0.09090909090909091,10,10,AATGTGACCACTAACCGCGT,0,4007213
xdhAp2,0.09090909090909091,10,10,AATCCCAATGGCTCAGTGCA,0,3990585
xdhAp2,0.09090909090909091,10,10,AATATGAAGTCAAGTGGGCG,0,3996145
xdhAp2,0.09090909090909091,10,10,AAGAGGCAAAGACTTCCAAC,0,3991443
xdhAp2,0.09090909090909091,10,10,AACTCATTGCTGCTCCGAGG,0,3999886
xdhAp2,0.09090909090909091,10,10,AACTACGAGTTCGTCTTCCA,0,3988517
xdhAp2,0.09090909090909091,10,10,AACTAACCAGATTGTATAAC,0,3995791
xdhAp2,0.09090909090909091,10,10,AACAGCAGCCTATCTGTTAG,0,4010810
xdhAp2,0.09090909090909091,10,10,AAATGCCGCATTTAGAATTG,0,4006947
xdhAp2,0.09090909090909091,10,10,AAATCGTGGGGTCAAAATTC,0,4002030
xdhAp2,0.09090909090909091,10,10,AAACGTCATCACAGCCTTAC,0,3989029
xdhAp2,0.09090909090909091,10,10,AAAAGGTTATGTGCTCTCTA,0,3995638
xdhAp2,0.1,9,9,TTTTGGGGCTATCAAGTGAT,0,4012595
xdhAp2,0.1,9,9,TTTCGCCCCAGAGCCACTTT,0,4013723
xdhAp2,0.1,9,9,TTTCCGAGTGAGAAAGCTGT,0,3995338
xdhAp2,0.1,9,9,TTTACGGTAGCGATCCCCAA,0,3990845
xdhAp2,0.1,9,9,TTGTCTCGATTATATCCTTA,0,4003693
xdhAp2,0.1,9,9,TTGGCTGGTGTCTGGCACGA,0,3997489
xdhAp2,0.1,9,9,TTGAGTGGTTCATGGGCGGA,0,4013503
xdhAp2,0.1,9,9,TTGAGGCTTGCAACGGGTAA,0,3993811
xdhAp2,0.1,9,9,TTGAGATAGGCTGTCGATGT,0,3987829
xdhAp2,0.1,9,9,TTGAAGGGTGGAATTCGACG,0,4012455
xdhAp2,0.1,9,9,TTCCCCCGGGTGCTGGGAGT,0,4004018
xdhAp2,0.1,9,9,TTATGCACTTTTCGAAGGAG,0,4000835
xdhAp2,0.1,9,9,TTATCAATCATTGCAAAACG,0,3991124
xdhAp2,0.1,9,9,TTATAGGTACCCAAACCCTT,0,3989875
xdhAp2,0.1,9,9,TTACGGGAATAGTTCGCCGA,0,3986393
xdhAp2,0.1,9,9,TGTTAATCCACTCCAGCTTA,0,3998929
xdhAp2,0.1,9,9,TGTGGGACAGCACTGAATGT,0,3984081
xdhAp2,0.1,9,9,TGTCGCGACGCGAGGGGATT,0,3986698
xdhAp2,0.1,9,9,TGTCCAACTGGCAGGAAGCA,0,4000499
xdhAp2,0.1,9,9,TGTAGTACGCAACCCGTAGC,0,3981715
xdhAp2,0.1,9,9,TGGTTTATCAACAGCTGATA,0,4005160
xdhAp2,0.1,9,9,TGGTTGTAGCGCACCAGCAA,0,4009676
xdhAp2,0.1,9,9,TGGTGCCAACGTATCACACC,0,3993667
xdhAp2,0.1,9,9,TGGTATCATTAGTTCAATCC,0,4010260
xdhAp2,0.1,9,9,TGGGCTTTAATACCAGTTGC,0,3997196
xdhAp2,0.1,9,9,TGGCGTGATGACGTGGGATG,0,4004066
xdhAp2,0.1,9,9,TGGACAGGCACGCGGCTGAC,0,3988722
xdhAp2,0.1,9,9,TGCTGAATAGTAACAGTCCC,0,3987237
xdhAp2,0.1,9,9,TGATTAACAGCGGGCCTGCA,0,4011581
xdhAp2,0.1,9,9,TGATGCGTTCCACATATACT,0,4003255
xdhAp2,0.1,9,9,TGATAGCTACACCATGAGGG,0,3993137
xdhAp2,0.1,9,9,TGACTATTCGAGCGAGCGTC,0,4008504
xdhAp2,0.1,9,9,TGACATGGTTCAGACCCCCC,0,3988770
xdhAp2,0.1,9,9,TGAATTCTTGTCCGCACGGT,0,3998235
xdhAp2,0.1,9,9,TGAATGCCCGTGTGGAGGAG,0,3997337
xdhAp2,0.1,9,9,TGAAGCGTCTATGCAGCAGC,0,3982649
xdhAp2,0.1,9,9,TGAAGCACGCAAAGAGACCT,0,3983567
xdhAp2,0.1,9,9,TCTTTCACAAGCCGGGTGTG,0,3996568
xdhAp2,0.1,9,9,TCTTGGATCCAGCCGTACTC,0,3989030
xdhAp2,0.1,9,9,TCTTCTTGGCCTGGCCAATC,0,3990809
xdhAp2,0.1,9,9,TCTTAACGCAGGCACAACCA,0,4008723
xdhAp2,0.1,9,9,TCGTCGTGCCAGGCACATCG,0,3994483
xdhAp2,0.1,9,9,TCGTCCGTCTCGCAGTACCC,0,3991096
xdhAp2,0.1,9,9,TCGGTAATTTAGAAAAATCT,0,3985884
xdhAp2,0.1,9,9,TCGGGCTTTCAGTTTGAAAG,0,4000927
xdhAp2,0.1,9,9,TCGGAGGGCACGTAAAGAGA,0,4000964
xdhAp2,0.1,9,9,TCCTATAGGGATATTCCCCC,0,3985058
xdhAp2,0.1,9,9,TCCGTTGGCAGATCAGTGAC,0,4000269
xdhAp2,0.1,9,9,TCCGCTTCAGAATGTTCGTC,0,4000336
xdhAp2,0.1,9,9,TCCCGCGAGCAGCCCTGAAT,0,3985001
xdhAp2,0.1,9,9,TCCATATGAGGATTGGCCGA,0,3996526
xdhAp2,0.1,9,9,TCCACGGCGCTCATGCACCC,0,4012010
xdhAp2,0.1,9,9,TCCACGAAAGCAAGGTCACC,0,4009440
xdhAp2,0.1,9,9,TCAGGGGTGTCTCTGCGTAT,0,4007676
xdhAp2,0.1,9,9,TCAGCGGAAATGGCCTTGAC,0,3997305
xdhAp2,0.1,9,9,TCAAATAAGTGCAAATGGCA,0,4007991
xdhAp2,0.1,9,9,TATGTTCGAGGGTACCAATC,0,3982622
xdhAp2,0.1,9,9,TAGGCAGCGGGTCCTTTCTA,0,3982501
xdhAp2,0.1,9,9,TAGATGTCGAGGTGACGGAG,0,3981548
xdhAp2,0.1,9,9,TAGACTAGGGTCGAAGTGCA,0,3991655
xdhAp2,0.1,9,9,TACTACCCCAATCTGGTGAT,0,3982661
xdhAp2,0.1,9,9,TACGGCGGTGCCCACTACTA,0,4001208
xdhAp2,0.1,9,9,TACGCAGGCATAGCCGTTCA,0,3994073
xdhAp2,0.1,9,9,TACAACCAGCGCACCTTTTA,0,3985541
xdhAp2,0.1,9,9,TAATTGGGACCAGCTGAGAC,0,3985704
xdhAp2,0.1,9,9,TAAGGCCGCTGAAGAAATCT,0,4004104
xdhAp2,0.1,9,9,TAAGCCCTCACGTTGGGCTC,0,3998240
xdhAp2,0.1,9,9,TAAGATGAGCTGGTCCTCAG,0,3994837
xdhAp2,0.1,9,9,TAAAGCGCCGCGTAAGATGA,0,3989568
xdhAp2,0.1,9,9,GTTTTTAGTAAAGCAGTTAG,0,3998214
xdhAp2,0.1,9,9,GTTTTGGTCATGCTAGTTCG,0,3983394
xdhAp2,0.1,9,9,GTTTCATTGTACAGGTACTT,0,4001773
xdhAp2,0.1,9,9,GTTGGTCAAATACATCTCTT,0,3985152
xdhAp2,0.1,9,9,GTTCCAGAGTACCTTGAAGA,0,3986244
xdhAp2,0.1,9,9,GTTAGAACTGGACTTTTCGA,0,3986307
xdhAp2,0.1,9,9,GTGTTTCCAAAGTGGGGGAC,0,4001576
xdhAp2,0.1,9,9,GTGTGTTCCTCCCGCTAGGA,0,3988113
xdhAp2,0.1,9,9,GTGTCCGCTGAGATAATATA,0,3988033
xdhAp2,0.1,9,9,GTGTAGATAACGCACAGCCT,0,3993544
xdhAp2,0.1,9,9,GTGTAGAATGACCAACTAGA,0,3985295
xdhAp2,0.1,9,9,GTGGCGCGTTCTGCAGAGAA,0,3982816
xdhAp2,0.1,9,9,GTGCTGTGGTGATTCTTATA,0,4007092
xdhAp2,0.1,9,9,GTGCGCCCCCCTGGCTCGCC,0,4002484
xdhAp2,0.1,9,9,GTCTCATTCCCGTAATCATC,0,4010675
xdhAp2,0.1,9,9,GTCCGGGTCCCTTCGATCTC,0,4000368
xdhAp2,0.1,9,9,GTCAACAAGAGTGGTGAGAA,0,3989361
xdhAp2,0.1,9,9,GTATAGGCGAGACCAACATC,0,3993277
xdhAp2,0.1,9,9,GTACGGATCCGTATGAAGCT,0,4008521
xdhAp2,0.1,9,9,GTACCACTGCCTAGGTTAAC,0,4007087
xdhAp2,0.1,9,9,GTAAAACGGGCTCGCTTCTT,0,4000891
xdhAp2,0.1,9,9,GGTTGGGCTGAAGGGCACAT,0,3999420
xdhAp2,0.1,9,9,GGTCTATGGACTACGGGTAC,0,4009566
xdhAp2,0.1,9,9,GGTCGTCCTTAACTATCCAA,0,3983101
xdhAp2,0.1,9,9,GGTATTTAATCCGCGCAAGT,0,4006687
xdhAp2,0.1,9,9,GGTATATGATAGATAACTAT,0,4001256
xdhAp2,0.1,9,9,GGGTCGCTAAGTCAGGCGAC,0,3982589
xdhAp2,0.1,9,9,GGGGGGTCATGTAGGGCGGA,0,3998432
xdhAp2,0.1,9,9,GGGCCATCCGGGGAGTGCGG,0,4007957
xdhAp2,0.1,9,9,GGGCAGATCCCTGTTTGTCA,0,4008227
xdhAp2,0.1,9,9,GGGATAGGGGGATCCACATC,0,3986647
xdhAp2,0.1,9,9,GGGAGCAAGTATCGCTACAC,0,3987000
xdhAp2,0.1,9,9,GGGACGACCCTAGTCGAATA,0,3993992
xdhAp2,0.1,9,9,GGCCCTTCATTAGCGGAAGA,0,3994713
xdhAp2,0.1,9,9,GGCACATCCGAACGGTTGTA,0,3998167
xdhAp2,0.1,9,9,GGCAAGCGAACGGCTGGACT,0,3989128
xdhAp2,0.1,9,9,GGATGTAAATCGGGACCGGT,0,4011495
xdhAp2,0.1,9,9,GGATCGCATTGTTGAGTAGA,0,4005049
xdhAp2,0.1,9,9,GCTATAACCGATTGCATCTG,0,4006646
xdhAp2,0.1,9,9,GCTATAAATACGGATTACCA,0,4002602
xdhAp2,0.1,9,9,GCGTTTTTGCTTACTACGAA,0,4006615
xdhAp2,0.1,9,9,GCGTGATGGCGGCGGCCATC,0,4002813
xdhAp2,0.1,9,9,GCGTCGCCGCAGGGTGGATC,0,3983109
xdhAp2,0.1,9,9,GCGGGTACCATGTCAGTCCC,0,3989647
xdhAp2,0.1,9,9,GCGGGACTAACAATGTATCC,0,4013800
xdhAp2,0.1,9,9,GCGGCTGCACCCGTTGCAGT,0,3991542
xdhAp2,0.1,9,9,GCGCCCCCTGACTAATTGCA,0,3981589
xdhAp2,0.1,9,9,GCGCAGTCCGACTGGTCGCT,0,3987027
xdhAp2,0.1,9,9,GCGACGGATCGGTGCTCCTG,0,3999688
xdhAp2,0.1,9,9,GCGACCCCACGAGTTATTTT,0,3989181
xdhAp2,0.1,9,9,GCCTATACGCTACGCTGTCG,0,3995252
xdhAp2,0.1,9,9,GCCGCGGTATCATTACCTTT,0,3988983
xdhAp2,0.1,9,9,GCCCTCGCCAGGTTTTAGTC,0,3996830
xdhAp2,0.1,9,9,GCCCGGGGCATGTCCAAGAA,0,3992088
xdhAp2,0.1,9,9,GCCCCGGGATTCCTGACCCT,0,4008703
xdhAp2,0.1,9,9,GCCAGCTCGTACTACAGAGG,0,3986282
xdhAp2,0.1,9,9,GCCAGAAGCCAATCGCGAGG,0,3985578
xdhAp2,0.1,9,9,GCCAAGTCCGTTTGGCATCA,0,4007521
xdhAp2,0.1,9,9,GCAGAACTGACTCTAACCGC,0,3993423
xdhAp2,0.1,9,9,GATTTCTCCTAATCTTGGCG,0,3986704
xdhAp2,0.1,9,9,GATGGAGGTCGCTTGTACAT,0,4012468
xdhAp2,0.1,9,9,GATGCGCGGAAAATCTAAGG,0,3985179
xdhAp2,0.1,9,9,GAGGGCAGGATCGTCCAGTG,0,4014347
xdhAp2,0.1,9,9,GAGCCAGCTTATACTTTGGA,0,3982764
xdhAp2,0.1,9,9,GAGCATGAAGTATACTTTTT,0,4004552
xdhAp2,0.1,9,9,GAGATTATGGGTGTAGGTTA,0,3983599
xdhAp2,0.1,9,9,GAGAGCTCCCTGGAGTTCAA,0,3995955
xdhAp2,0.1,9,9,GACTGTCAATGATGGCGCCG,0,4001674
xdhAp2,0.1,9,9,GACGGTGTTCTACGGACCGA,0,4007273
xdhAp2,0.1,9,9,GACGACAACCAATATAAGGT,0,3990365
xdhAp2,0.1,9,9,GACGAATTGAACATACAGAA,0,3996464
xdhAp2,0.1,9,9,GACAGCGGCCTAGTCACGTT,0,4008881
xdhAp2,0.1,9,9,GAATGGCATGTGAACACTGG,0,3998957
xdhAp2,0.1,9,9,GAATAGTGGGGAGCCGATTT,0,3996168
xdhAp2,0.1,9,9,GAAGTGTCATTCGACATTGA,0,4003771
xdhAp2,0.1,9,9,GAAGGTTGAGCTGCCTCACG,0,3989558
xdhAp2,0.1,9,9,GAACTATTTTATAAATTTCC,0,4003134
xdhAp2,0.1,9,9,GAACGATTCATCAAGCCATG,0,3991276
xdhAp2,0.1,9,9,GAACCGTCAGGCCGGGGAGT,0,4007851
xdhAp2,0.1,9,9,GAACAAGGTATCTGAGCTGC,0,3992130
xdhAp2,0.1,9,9,CTTTTTGCAGACCGCATCGT,0,4005666
xdhAp2,0.1,9,9,CTTTGGCGTCTCCTGCTCTC,0,3994726
xdhAp2,0.1,9,9,CTTTGCACCGCGAGGCAGCA,0,3994142
xdhAp2,0.1,9,9,CTTTCGGATTCTAATCCGTG,0,4011079
xdhAp2,0.1,9,9,CTTTCGCAAAGCTTGCAACT,0,3990889
xdhAp2,0.1,9,9,CTTGTCAATATCATTAAGTA,0,4002028
xdhAp2,0.1,9,9,CTTGGTTTATCTAAGCCTAG,0,3991048
xdhAp2,0.1,9,9,CTTGCTGATAGCAAGTTTGA,0,4008314
xdhAp2,0.1,9,9,CTTCAGTCATTTGCAGAGCA,0,4007647
xdhAp2,0.1,9,9,CTTCACTTTGAGGTTGTATC,0,4014016
xdhAp2,0.1,9,9,CTTATCAAGACAGTGAGTAC,0,4003887
xdhAp2,0.1,9,9,CTTAGGCTCAATTCTGTTTG,0,4002747
xdhAp2,0.1,9,9,CTGTTAAACTATTTCCGGTA,0,3988502
xdhAp2,0.1,9,9,CTGGGGTAAGCAAGCCGGGG,0,4013505
xdhAp2,0.1,9,9,CTGGCGTGGACGGGTCACGT,0,4009624
xdhAp2,0.1,9,9,CTGATTGCGATCAGACCGGA,0,3994684
xdhAp2,0.1,9,9,CTCGGAGACTTAGTTAAAGC,0,3994346
xdhAp2,0.1,9,9,CTCCAGAAACGCGCAATGCT,0,4007485
xdhAp2,0.1,9,9,CTAGTACAGTCGCTGACCAC,0,3982527
xdhAp2,0.1,9,9,CTAGCGCGACTGTGCTGCTA,0,3986671
xdhAp2,0.1,9,9,CTAGCACAAGTAAGGGGATG,0,4004443
xdhAp2,0.1,9,9,CTACTGGGTAACCTGATACG,0,3984385
xdhAp2,0.1,9,9,CTACGCTAAGTTACTAAACC,0,3986542
xdhAp2,0.1,9,9,CTAATAACGTGTCGCTGCCG,0,3983346
xdhAp2,0.1,9,9,CTAAGCATTCTTTTTTTTTC,0,4007675
xdhAp2,0.1,9,9,CGTTTTTAGGTTCAGCGTTT,0,3999903
xdhAp2,0.1,9,9,CGTCCGGCTTACCGGGCGTA,0,4009223
xdhAp2,0.1,9,9,CGTCAAGAACTCCTTGGAAC,0,3982395
xdhAp2,0.1,9,9,CGTAGGCCTCGAAACCTGTA,0,3997635
xdhAp2,0.1,9,9,CGTACTTGGTTGGAACCGGG,0,4003986
xdhAp2,0.1,9,9,CGTAAGGGATTCATCACCTG,0,4002216
xdhAp2,0.1,9,9,CGGGGATCAGAACTACTGGG,0,3995730
xdhAp2,0.1,9,9,CGGATTCACGGTTGGTCGAA,0,4006851
xdhAp2,0.1,9,9,CGGAACAAGGTTCGGGCATC,0,3990638
xdhAp2,0.1,9,9,CGCTATAGTCTAATTGGAAG,0,3987227
xdhAp2,0.1,9,9,CGCCGGATTCTAGCTTACCC,0,4011544
xdhAp2,0.1,9,9,CGCATGGTTGGATTTTGTAC,0,4004175
xdhAp2,0.1,9,9,CGAGGGTATAGTGCGTTGTA,0,4000901
xdhAp2,0.1,9,9,CGAGGCGTTGGCTGGGCTTT,0,3985461
xdhAp2,0.1,9,9,CGAGAAGTGCCTGGGAGGCG,0,3996180
xdhAp2,0.1,9,9,CGACCATCTTACCCCGAGCA,0,3988067
xdhAp2,0.1,9,9,CCTTGTTTAAACGGGCCGAG,0,4002638
xdhAp2,0.1,9,9,CCTTGGTCCTTATCGCCTCT,0,3998302
xdhAp2,0.1,9,9,CCTGGATATGGCGCTTGATC,0,3981527
xdhAp2,0.1,9,9,CCTATAGAGACCGTTGAGTT,0,3992280
xdhAp2,0.1,9,9,CCTACCAAATTGTGAACGAG,0,4004227
xdhAp2,0.1,9,9,CCTACATCAATGCGGGGTGT,0,3989089
xdhAp2,0.1,9,9,CCGTTGCCACAATTACCAAA,0,3988168
xdhAp2,0.1,9,9,CCGTAGGACGATACCGCAGG,0,3996381
xdhAp2,0.1,9,9,CCGCCATTTACTAATGCGAT,0,3991159
xdhAp2,0.1,9,9,CCGCAGCTCCACCATAACTG,0,4014229
xdhAp2,0.1,9,9,CCGATGCTATTTAATCATCT,0,3999792
xdhAp2,0.1,9,9,CCGACATCTATCCAATAGCA,0,3985475
xdhAp2,0.1,9,9,CCCTAGTGGAGTAGTGACGA,0,3990322
xdhAp2,0.1,9,9,CCCGGTAGGATTGCGAGACT,0,4006415
xdhAp2,0.1,9,9,CCCCCACTTCTGGCGGGGTA,0,3997654
xdhAp2,0.1,9,9,CCCACTCAAACGTAATGAGT,0,3999440
xdhAp2,0.1,9,9,CCAGTTACGTCGTCGGTCGG,0,3999709
xdhAp2,0.1,9,9,CCACACTACGGGGTGCACGA,0,3995892
xdhAp2,0.1,9,9,CCAAGTTCTTAGGAGAGTGA,0,3994284
xdhAp2,0.1,9,9,CCAAGGAAGTCTTGGGTTTC,0,3997203
xdhAp2,0.1,9,9,CATTCGTTGGCAGTGGGGGC,0,3987505
xdhAp2,0.1,9,9,CATTCCACCGAGTCTGAACA,0,3998887
xdhAp2,0.1,9,9,CATGTCTTTATACTGCAACA,0,3981571
xdhAp2,0.1,9,9,CATGGTGGGCAACCGAGCTG,0,4003366
xdhAp2,0.1,9,9,CAGGCGCTTGAAGTGAGGAA,0,4009656
xdhAp2,0.1,9,9,CAGAAATGACCTCGATGAGT,0,3987953
xdhAp2,0.1,9,9,CACTAAAAGTTTAGGTGAAT,0,3996209
xdhAp2,0.1,9,9,CACGGGGGTCATCAAACAAT,0,3985992
xdhAp2,0.1,9,9,CACGCTACTCGAGTTACACA,0,3998160
xdhAp2,0.1,9,9,CACGAACTGGCGCTGTCCGG,0,3995687
xdhAp2,0.1,9,9,CACACTAATTAATGATGTTG,0,3997252
xdhAp2,0.1,9,9,CACACCTTCAGACGTCAATA,0,3991802
xdhAp2,0.1,9,9,CAATGCCTATCGACTTGGGG,0,3995992
xdhAp2,0.1,9,9,CAACTACCGTCAGTAATAGC,0,3995152
xdhAp2,0.1,9,9,ATTTAACGTTACTCGTATTA,0,4014158
xdhAp2,0.1,9,9,ATTGACCCTTTGTACATAGT,0,3995356
xdhAp2,0.1,9,9,ATGTTGTTGCCGACTAGACT,0,4012876
xdhAp2,0.1,9,9,ATGGTATCTTTAGAACGGCG,0,3995685
xdhAp2,0.1,9,9,ATGGTATCAAATGTTCGGGT,0,4011164
xdhAp2,0.1,9,9,ATCGATGATCTCAGACTTAT,0,3999173
xdhAp2,0.1,9,9,ATCGACCAAGATATCGGTCT,0,4012996
xdhAp2,0.1,9,9,ATCCACGTCACGCCAGCTGA,0,3985922
xdhAp2,0.1,9,9,ATCCACGTAACCGCCTTAAG,0,3996115
xdhAp2,0.1,9,9,ATCAGTAAAAACAAATAATC,0,4005959
xdhAp2,0.1,9,9,ATAGGGGTAATTTTCTCTGC,0,4014074
xdhAp2,0.1,9,9,ATACCAGATAAAGTTACAGC,0,3982966
xdhAp2,0.1,9,9,ATAAACAAGGGCTGCGGCGA,0,3995902
xdhAp2,0.1,9,9,AGTTGCAGGGCAGCCCAAGA,0,3999796
xdhAp2,0.1,9,9,AGTTATTCTGCGTATAGTGG,0,3992026
xdhAp2,0.1,9,9,AGTGATAACTAGCGACTAAA,0,4012182
xdhAp2,0.1,9,9,AGTCCAGCCTGGAGGGTGCG,0,4011292
xdhAp2,0.1,9,9,AGTCAATTGGGACCTATAAG,0,3989947
xdhAp2,0.1,9,9,AGGCTTGGTATGGGTCAACG,0,3996605
xdhAp2,0.1,9,9,AGGCTGTCCAAATGCCAAGC,0,3992733
xdhAp2,0.1,9,9,AGGCTGGAAGGATAGTCCAC,0,4002366
xdhAp2,0.1,9,9,AGGATATCGTTCTTCCAGAT,0,4011400
xdhAp2,0.1,9,9,AGCTCAATAGTTCTGGACTC,0,4004038
xdhAp2,0.1,9,9,AGCGTTCGTCGATGCAGTCA,0,4009294
xdhAp2,0.1,9,9,AGCGGAAATAGGGGACATTA,0,3989438
xdhAp2,0.1,9,9,AGATTGTTAGCACAAGCCAA,0,3986791
xdhAp2,0.1,9,9,AGATACTTGATGGATTCCCA,0,3984229
xdhAp2,0.1,9,9,AGAGGGATGGCTTCGAAAAT,0,3992956
xdhAp2,0.1,9,9,AGACCGGGGAAAACCGGGGA,0,4006357
xdhAp2,0.1,9,9,AGAACGTGTAACTAGAGCGC,0,3998016
xdhAp2,0.1,9,9,ACTGGCGGACCTAGCTTTGA,0,3992684
xdhAp2,0.1,9,9,ACTCGAGAAGCAGCGTGGTG,0,3984675
xdhAp2,0.1,9,9,ACTAGATGATCGGGATGTCA,0,4000695
xdhAp2,0.1,9,9,ACTAAGCCCCGTAGAAGTTG,0,3998338
xdhAp2,0.1,9,9,ACTAAGACCGAGGAAAATAA,0,4009547
xdhAp2,0.1,9,9,ACGTTGGAGCCGAAGCTAGA,0,3984779
xdhAp2,0.1,9,9,ACGTGATGAAGTTCCAAACG,0,3999979
xdhAp2,0.1,9,9,ACGGGCCTATAGACGCAGTG,0,3993908
xdhAp2,0.1,9,9,ACGCACAGGTAGTTCCAGGC,0,3990096
xdhAp2,0.1,9,9,ACCTTATTCCCGCGGTGTTG,0,3988889
xdhAp2,0.1,9,9,ACCCATTTAGATAGACCATG,0,3986049
xdhAp2,0.1,9,9,ACCATAGCAAGGCCCGACCA,0,3981533
xdhAp2,0.1,9,9,ACATTACCCGCCATACCATT,0,3995297
xdhAp2,0.1,9,9,ACATGATAGAGAAGGTAAAA,0,4013304
xdhAp2,0.1,9,9,ACAGGTTCCATCTCCCAAGG,0,3985061
xdhAp2,0.1,9,9,ACAGGCAGGGCCAGTCTACC,0,3983440
xdhAp2,0.1,9,9,ACACAAACCCTTGCGGCCAT,0,4014295
xdhAp2,0.1,9,9,AATTAGCTTTCAGGTTATTT,0,3988048
xdhAp2,0.1,9,9,AATGATAGATTTGGACAGTA,0,4001316
xdhAp2,0.1,9,9,AATCTACAGCATTTCTGAGT,0,3997233
xdhAp2,0.1,9,9,AATACTTGGGGTCAGAACAG,0,3982529
xdhAp2,0.1,9,9,AATAATGCCTGGAAGCTCGC,0,3992030
xdhAp2,0.1,9,9,AAGGATTGTGGAGACGTACT,0,3995154
xdhAp2,0.1,9,9,AAGGACTTTTATACCTTCAA,0,3993476
xdhAp2,0.1,9,9,AAGGACTTATAATTGGGCCG,0,4013332
xdhAp2,0.1,9,9,AAGCGCCATTGGAATTAGCA,0,4004376
xdhAp2,0.1,9,9,AAGCATTAGAAAGGCCCACG,0,3990012
xdhAp2,0.1,9,9,AAGCATATCAGCATTGACCG,0,4006391
xdhAp2,0.1,9,9,AAGACACTGTTATTATCTCT,0,3984754
xdhAp2,0.1,9,9,AAGAATGTACGCGAGTCTAC,0,3997587
xdhAp2,0.1,9,9,AACGCACAAAGTTAAGGAAG,0,4001025
xdhAp2,0.1,9,9,AACACTAGCAATAGTACATT,0,3993789
xdhAp2,0.1,9,9,AAATACGCATAGGGATCGCC,0,3984501
xdhAp2,0.1,9,9,AAACCCGTGCATAACTCTCA,0,4012084
xdhAp2,0.1,9,9,AAACAACAAGGGGTGGCAGA,0,4004007
xdhAp2,0.1,9,9,AAAACGCTCTCCGTCTTAAA,0,3988598
xdhAp2,0.1111111111111111,8,8,TTTTCGATTGACTTGCTTAC,0,3995095
xdhAp2,0.1111111111111111,8,8,TTTTATGGACGAATGTAGAG,0,4003123
xdhAp2,0.1111111111111111,8,8,TTTGGAGGCAGAGCCGTCAA,0,4007940
xdhAp2,0.1111111111111111,8,8,TTTCACTTCTTTCCGATATA,0,4007348
xdhAp2,0.1111111111111111,8,8,TTTAAGTCGCTCACGTGGAC,0,3991260
xdhAp2,0.1111111111111111,8,8,TTGTTACATATAGATACGTA,0,3988859
xdhAp2,0.1111111111111111,8,8,TTGTCCACTGAATTAAATTC,0,4010133
xdhAp2,0.1111111111111111,8,8,TTGGGTCTAGACCCCGACAC,0,3983251
xdhAp2,0.1111111111111111,8,8,TTGGGCCGTGCTACGGTACA,0,4007121
xdhAp2,0.1111111111111111,8,8,TTGGCATCTTGCGGCCTGGT,0,4000664
xdhAp2,0.1111111111111111,8,8,TTGCCGGTTCCCACGGGATG,0,3996373
xdhAp2,0.1111111111111111,8,8,TTGAGATCATCAGAGTCGCT,0,4014291
xdhAp2,0.1111111111111111,8,8,TTGACAAAGCTAACCTTTAC,0,3994451
xdhAp2,0.1111111111111111,8,8,TTCCCACAATAAGTGGAAAC,0,3995153
xdhAp2,0.1111111111111111,8,8,TTCATCTATATAAGATTCAC,0,3996356
xdhAp2,0.1111111111111111,8,8,TTATTTCGGACGGGCTACAT,0,4006385
xdhAp2,0.1111111111111111,8,8,TTATTGGTAATTAGTCTGTT,0,3983160
xdhAp2,0.1111111111111111,8,8,TTATTATGCGCCTGCTCTGG,0,3988258
xdhAp2,0.1111111111111111,8,8,TTATACCTAGTGATATCGTG,0,4001420
xdhAp2,0.1111111111111111,8,8,TTAGTGGATGCTCCGTAGTA,0,4009480
xdhAp2,0.1111111111111111,8,8,TTAGCGCGGCTGGCGATTGC,0,3996123
xdhAp2,0.1111111111111111,8,8,TTACCGGTGCGACGAACAAA,0,4001442
xdhAp2,0.1111111111111111,8,8,TTAATACCAGAGGGCCGCGC,0,3990673
xdhAp2,0.1111111111111111,8,8,TTAAGGCTTGACAATTCGTC,0,3996923
xdhAp2,0.1111111111111111,8,8,TGTGTTTGGATTTCGCAAGG,0,4003829
xdhAp2,0.1111111111111111,8,8,TGTGGAAACGCCTACTGGAT,0,4006697
xdhAp2,0.1111111111111111,8,8,TGTCTAAGATGCATGACGTC,0,3999364
xdhAp2,0.1111111111111111,8,8,TGTACGTTTAAAGAACACTG,0,3995465
xdhAp2,0.1111111111111111,8,8,TGGTGTCGTAAATGCGGCGC,0,3996207
xdhAp2,0.1111111111111111,8,8,TGGTGGCCGCCTGTGGTTTC,0,3989700
xdhAp2,0.1111111111111111,8,8,TGGGTGACTTCGGTCAAGTA,0,3983221
xdhAp2,0.1111111111111111,8,8,TGGGCGGCAATAGGGACTCT,0,4008437
xdhAp2,0.1111111111111111,8,8,TGGCCTAATTGGCCCTGGCG,0,3994658
xdhAp2,0.1111111111111111,8,8,TGGACGGTATAACCCGGCCT,0,3995463
xdhAp2,0.1111111111111111,8,8,TGCTCGCTACATGTCCGGTA,0,4006106
xdhAp2,0.1111111111111111,8,8,TGCCCTTATGCTCTTTCAAC,0,4010773
xdhAp2,0.1111111111111111,8,8,TGCCCGCGGAGTAGCTAGGA,0,4001125
xdhAp2,0.1111111111111111,8,8,TGCATACAAGCGGACGGTAG,0,4009996
xdhAp2,0.1111111111111111,8,8,TGCAGTTCCGTTAAACAAAT,0,4008076
xdhAp2,0.1111111111111111,8,8,TGCAAGTCCACACAGGACCG,0,4003187
xdhAp2,0.1111111111111111,8,8,TGATTTCGTAGTAAAGAGTT,0,3995360
xdhAp2,0.1111111111111111,8,8,TGATGTAGATATGATTGTGG,0,3998971
xdhAp2,0.1111111111111111,8,8,TGATCCCCAGGAATGTTACT,0,4006770
xdhAp2,0.1111111111111111,8,8,TGAGCGCGTTAAAAGTCACC,0,3996528
xdhAp2,0.1111111111111111,8,8,TGACTCGGAGTTCGTCACTA,0,4000087
xdhAp2,0.1111111111111111,8,8,TGACATACTCAGTCCCAGTT,0,4004274
xdhAp2,0.1111111111111111,8,8,TGAACTTACTTGTCTGGGTA,0,3982838
xdhAp2,0.1111111111111111,8,8,TCTTAGACTATCGGCTAACA,0,4010450
xdhAp2,0.1111111111111111,8,8,TCGGTTCAGGGGTTGGGTGC,0,4009746
xdhAp2,0.1111111111111111,8,8,TCGGGTCTGGTGATCGCCTT,0,3992349
xdhAp2,0.1111111111111111,8,8,TCGGAGAGCAAGGGCGGTTG,0,4014140
xdhAp2,0.1111111111111111,8,8,TCGCTTCTCCACAGGAATAT,0,3988233
xdhAp2,0.1111111111111111,8,8,TCGCTGGATCCACAGTGGGA,0,4001460
xdhAp2,0.1111111111111111,8,8,TCCTCGGAAGGGGGGGATCT,0,3993720
xdhAp2,0.1111111111111111,8,8,TCCTATATTCGTGTTATCTA,0,3993055
xdhAp2,0.1111111111111111,8,8,TCCCAGCGTTGCGTCCGTAC,0,3987226
xdhAp2,0.1111111111111111,8,8,TCCATTGGTACAGTTGCGCA,0,4013893
xdhAp2,0.1111111111111111,8,8,TCCAGTGGCACCTGCGATTT,0,4008104
xdhAp2,0.1111111111111111,8,8,TCCACTCTATCTCTAGTAAC,0,4000180
xdhAp2,0.1111111111111111,8,8,TCCACTCGATGTTTAACACG,0,4011071
xdhAp2,0.1111111111111111,8,8,TCATGCGCCTATTATTGCCA,0,4005183
xdhAp2,0.1111111111111111,8,8,TCAGCCGGTTGTGGAGAGCT,0,3994051
xdhAp2,0.1111111111111111,8,8,TCACCCATGCGGACGCCTGA,0,4007707
xdhAp2,0.1111111111111111,8,8,TCAATCATCTCACTTGCTAA,0,3981729
xdhAp2,0.1111111111111111,8,8,TATTTGGGATGTACCGTAAC,0,4002253
xdhAp2,0.1111111111111111,8,8,TATTGGATGAGGGTACAACT,0,3981600
xdhAp2,0.1111111111111111,8,8,TATATACTGCCCGGACCGTA,0,3982431
xdhAp2,0.1111111111111111,8,8,TATACGCTGATGACGATGAT,0,4005740
xdhAp2,0.1111111111111111,8,8,TAGTAATGAAGCTAGTGCTA,0,4008678
xdhAp2,0.1111111111111111,8,8,TAGGTTCCTCAGCTACAGAA,0,4003334
xdhAp2,0.1111111111111111,8,8,TAGGTGCCCCGCAACGATAT,0,3991540
xdhAp2,0.1111111111111111,8,8,TAGGGGGTTTTAGTGCTCTG,0,3990233
xdhAp2,0.1111111111111111,8,8,TAGCTCTGGTCCGGACATCT,0,4006980
xdhAp2,0.1111111111111111,8,8,TAGCGTAGGAGTAAGGACGG,0,3987150
xdhAp2,0.1111111111111111,8,8,TAGAGTCGGCTATCCCGTAT,0,3984892
xdhAp2,0.1111111111111111,8,8,TAGAGCACAATTTACCGTGA,0,4005961
xdhAp2,0.1111111111111111,8,8,TAGAGAGCGACGCTATTAAT,0,3987910
xdhAp2,0.1111111111111111,8,8,TAGAAGAGTAAAATTGGAAA,0,3997669
xdhAp2,0.1111111111111111,8,8,TACTCGGGTTCCGATGCCCA,0,4003115
xdhAp2,0.1111111111111111,8,8,TACTACAGATTATCCGTAAC,0,4013906
xdhAp2,0.1111111111111111,8,8,TACGTCACCCGTTGATGGAG,0,4004332
xdhAp2,0.1111111111111111,8,8,TACCGGCTCGATGAGACGCG,0,3990746
xdhAp2,0.1111111111111111,8,8,TACCCTATTCAGTAAGAAAG,0,3997235
xdhAp2,0.1111111111111111,8,8,TAATTTAGTACCGCGGAGAG,0,4007214
xdhAp2,0.1111111111111111,8,8,TAATGGACGGAATAACAGCG,0,3986767
xdhAp2,0.1111111111111111,8,8,TAAGTCCGGAATGACACTTG,0,3986042
xdhAp2,0.1111111111111111,8,8,TAACGTGGGCGTATTGGCAT,0,4004793
xdhAp2,0.1111111111111111,8,8,TAAAGAAGGTTCATTAAAGG,0,3986192
xdhAp2,0.1111111111111111,8,8,GTTTTGGAGAGTCCATCAGG,0,3996306
xdhAp2,0.1111111111111111,8,8,GTTTATTTAGGCCCCTACTT,0,3982907
xdhAp2,0.1111111111111111,8,8,GTTTATGCGGAGGTCATCTA,0,3999649
xdhAp2,0.1111111111111111,8,8,GTTTATCCTTGTCGTCAGGT,0,3995641
xdhAp2,0.1111111111111111,8,8,GTTGGTTTGAAAGTCACTGC,0,4000380
xdhAp2,0.1111111111111111,8,8,GTTCTCAGAGAAAGATACAT,0,3995973
xdhAp2,0.1111111111111111,8,8,GTGGAGAGAGCGTACCTAGT,0,4007927
xdhAp2,0.1111111111111111,8,8,GTGCTTACGATACAAGAGCC,0,4012757
xdhAp2,0.1111111111111111,8,8,GTGAGCCATCCAAACAGCGT,0,3989213
xdhAp2,0.1111111111111111,8,8,GTCTGAAACGTGGCAGTACG,0,3997994
xdhAp2,0.1111111111111111,8,8,GTCCCGTGAAATCCTTGGCC,0,4010574
xdhAp2,0.1111111111111111,8,8,GTATGCGACTCCTGATGACG,0,3991501
xdhAp2,0.1111111111111111,8,8,GTATATCTATGTGGCTGCAT,0,3990323
xdhAp2,0.1111111111111111,8,8,GTATAACCGCACCTCTCGCG,0,3996379
xdhAp2,0.1111111111111111,8,8,GTAGCGCGTCGTTTGCAGGT,0,4007583
xdhAp2,0.1111111111111111,8,8,GTACTTCAGCTTACCGCCGG,0,4003599
xdhAp2,0.1111111111111111,8,8,GTACGCGTTTCATCTGAAAC,0,4003347
xdhAp2,0.1111111111111111,8,8,GTACCGGACATGGTTAGGCA,0,4012192
xdhAp2,0.1111111111111111,8,8,GTACAAGTGACCCTCGACCC,0,4014164
xdhAp2,0.1111111111111111,8,8,GTAAGCAGAACTATGCATAA,0,3983240
xdhAp2,0.1111111111111111,8,8,GGTTAAGGACTCGCCTGGAA,0,4006451
xdhAp2,0.1111111111111111,8,8,GGTATGGCCGCATAGGAGCG,0,3998460
xdhAp2,0.1111111111111111,8,8,GGGTTCTGCTTAGACACACT,0,3998715
xdhAp2,0.1111111111111111,8,8,GGGTTAGCAACGAGAGTCAC,0,3986281
xdhAp2,0.1111111111111111,8,8,GGGGGTTCCAGAATACTAAA,0,3981705
xdhAp2,0.1111111111111111,8,8,GGGGGGGGCCTAGGGCAGTA,0,4006436
xdhAp2,0.1111111111111111,8,8,GGGGACACACGGAGAGGATG,0,4004571
xdhAp2,0.1111111111111111,8,8,GGGAGTGTTAGCCATGGTTC,0,3986287
xdhAp2,0.1111111111111111,8,8,GGGACTTAACAGCACTACAC,0,4012843
xdhAp2,0.1111111111111111,8,8,GGGACTAAATTACGCTAGTC,0,3991799
xdhAp2,0.1111111111111111,8,8,GGGAAACGCGGTATAGTCAA,0,4008742
xdhAp2,0.1111111111111111,8,8,GGCTTCTAATTACGCGCGCT,0,3991672
xdhAp2,0.1111111111111111,8,8,GGCTGGACCGCTCGCAAACA,0,3989622
xdhAp2,0.1111111111111111,8,8,GGCTCGGTAGATATTATGCA,0,3993946
xdhAp2,0.1111111111111111,8,8,GGCTACGGGTCACAAGGTGG,0,4004994
xdhAp2,0.1111111111111111,8,8,GGCATGCCTGCCGGAATACG,0,3996659
xdhAp2,0.1111111111111111,8,8,GGCACCCAATTTTGGACCTG,0,4009142
xdhAp2,0.1111111111111111,8,8,GGCAATCAGCGATAGCATCT,0,3995420
xdhAp2,0.1111111111111111,8,8,GGCAACATTACAAAAGACTG,0,3984977
xdhAp2,0.1111111111111111,8,8,GGATGTGCGCAGTGACCTTA,0,3985904
xdhAp2,0.1111111111111111,8,8,GGATACTCCGTGACACACAA,0,3984330
xdhAp2,0.1111111111111111,8,8,GGATACGGGCGATTACTGCG,0,3995946
xdhAp2,0.1111111111111111,8,8,GGAGTTCGTATGTAATCTTA,0,3997261
xdhAp2,0.1111111111111111,8,8,GGAGCGTGCATTAGAATGCT,0,3998705
xdhAp2,0.1111111111111111,8,8,GGACGTGAGCGAATACAGGA,0,4001799
xdhAp2,0.1111111111111111,8,8,GGACATCCGTTACAAACAGG,0,3999508
xdhAp2,0.1111111111111111,8,8,GGAATTACGGGTTTACAAAA,0,4007178
xdhAp2,0.1111111111111111,8,8,GCTTCTAGATCAGCAACGAA,0,3991208
xdhAp2,0.1111111111111111,8,8,GCGTTTACGTTGACCGAATG,0,4001355
xdhAp2,0.1111111111111111,8,8,GCGTTCTAAGAATTAGTTGC,0,3981751
xdhAp2,0.1111111111111111,8,8,GCGTAAAGGGGTACAATAAC,0,4004580
xdhAp2,0.1111111111111111,8,8,GCGGTCGTCTAATCGAGAAC,0,3997721
xdhAp2,0.1111111111111111,8,8,GCGGCGGCCGTGTTCCCCCG,0,3987127
xdhAp2,0.1111111111111111,8,8,GCGCGTAGCTATTAGAAGGT,0,4010253
xdhAp2,0.1111111111111111,8,8,GCGCAGAGTGGGTTGCTCGA,0,4005901
xdhAp2,0.1111111111111111,8,8,GCGATACTCTGCGTGGTTGT,0,3989371
xdhAp2,0.1111111111111111,8,8,GCCACCGCCCCAGCTATTTA,0,3992131
xdhAp2,0.1111111111111111,8,8,GCCAAGTCCGCGATGTCCAT,0,3985135
xdhAp2,0.1111111111111111,8,8,GCCAACTTAGGGTCGGGGTG,0,3986838
xdhAp2,0.1111111111111111,8,8,GCAGGAGGCGCTGGTTGGAT,0,4013453
xdhAp2,0.1111111111111111,8,8,GCACCGATGACTGGGGCATG,0,4013659
xdhAp2,0.1111111111111111,8,8,GCAATGGAATGAAGGAGAAC,0,3981635
xdhAp2,0.1111111111111111,8,8,GCAATCCCCCCCCACAGTAG,0,4002512
xdhAp2,0.1111111111111111,8,8,GCAAGTCCGTCACGAGGAAG,0,3982469
xdhAp2,0.1111111111111111,8,8,GATTGTTCCAATACACCGAT,0,4002849
xdhAp2,0.1111111111111111,8,8,GATTACAGACGTGAGATCAC,0,3993177
xdhAp2,0.1111111111111111,8,8,GATGTGGATCTAGCCATCTC,0,3991115
xdhAp2,0.1111111111111111,8,8,GATGTAGCCGGCCAGTCCGA,0,4001014
xdhAp2,0.1111111111111111,8,8,GATGGGGCAAGGGAGCTGGA,0,4002273
xdhAp2,0.1111111111111111,8,8,GATGCCCCGGCACGAACAGA,0,3988116
xdhAp2,0.1111111111111111,8,8,GATCACCTAGTGAACGCTTA,0,3989461
xdhAp2,0.1111111111111111,8,8,GATATCTTCTGAAGTAGTTT,0,3996118
xdhAp2,0.1111111111111111,8,8,GAGTAATTTAGGCTGAAATT,0,4004013
xdhAp2,0.1111111111111111,8,8,GAGGCTAACTTACTGACAGC,0,3999795
xdhAp2,0.1111111111111111,8,8,GAGGCAAATAGTGGCGGAAC,0,4013590
xdhAp2,0.1111111111111111,8,8,GAGGAACGGTATTGCGGTTC,0,3996850
xdhAp2,0.1111111111111111,8,8,GAGACATAACCCCATTGCCA,0,3984899
xdhAp2,0.1111111111111111,8,8,GACTTGCACAAGTCTAGTAT,0,3994921
xdhAp2,0.1111111111111111,8,8,GACTCCCATGCTCAGCTCGA,0,3987277
xdhAp2,0.1111111111111111,8,8,GACGTACAATGCGTCCGAGG,0,3992476
xdhAp2,0.1111111111111111,8,8,GACGGAGTGTAGTCACTCGT,0,3984611
xdhAp2,0.1111111111111111,8,8,GACCAGCACGTCTTGCTACT,0,4010064
xdhAp2,0.1111111111111111,8,8,GACATTTGCAAGTTTCACAA,0,3993955
xdhAp2,0.1111111111111111,8,8,GACAAGCACCTATGGTGATC,0,3997042
xdhAp2,0.1111111111111111,8,8,GAATTGCATCTTAGCAATCC,0,4013337
xdhAp2,0.1111111111111111,8,8,GAATGCACTCGGATGGGATG,0,3983106
xdhAp2,0.1111111111111111,8,8,GAAGTTTACTAAAACGGCCG,0,4010369
xdhAp2,0.1111111111111111,8,8,GAACTACTGAATGCGACGTT,0,3991517
xdhAp2,0.1111111111111111,8,8,GAACGCCCAAAACGCTAGGA,0,4007012
xdhAp2,0.1111111111111111,8,8,GAACCTTATACAGTGTGTGA,0,4005014
xdhAp2,0.1111111111111111,8,8,GAACCCGCATGGGGGCTAAT,0,3990428
xdhAp2,0.1111111111111111,8,8,GAACAATTATACCTCGTACT,0,4010447
xdhAp2,0.1111111111111111,8,8,CTTGTCCGCAGGATTGCCCC,0,4010739
xdhAp2,0.1111111111111111,8,8,CTTGCGGTAGGCTTCTTACG,0,4014408
xdhAp2,0.1111111111111111,8,8,CTTCAGAAGCAGCTAAGAAC,0,3986221
xdhAp2,0.1111111111111111,8,8,CTTAGATTGGTCCCCCATCG,0,3986500
xdhAp2,0.1111111111111111,8,8,CTTAAGGTTACTTTTATAGA,0,4014064
xdhAp2,0.1111111111111111,8,8,CTGTAAGTTGGGAAGAGTCT,0,3987804
xdhAp2,0.1111111111111111,8,8,CTGCGGCATGGAATTCGTGC,0,3992102
xdhAp2,0.1111111111111111,8,8,CTGCGCATGCAGAAGGATAG,0,3999218
xdhAp2,0.1111111111111111,8,8,CTGCCCGTCGGTAGGCGGCA,0,4004423
xdhAp2,0.1111111111111111,8,8,CTGATGTTATCTGAAGGGCT,0,3986027
xdhAp2,0.1111111111111111,8,8,CTCTCCGGGAATTTAGTACT,0,3994748
xdhAp2,0.1111111111111111,8,8,CTCTAAGAGGTGAGCCCAAA,0,3983651
xdhAp2,0.1111111111111111,8,8,CTCCATCGTCGGTTGGGAGG,0,3998050
xdhAp2,0.1111111111111111,8,8,CTCATCGTGGTCGCAACGCG,0,3987699
xdhAp2,0.1111111111111111,8,8,CTCATAGACGCAAGCTTGCA,0,4003405
xdhAp2,0.1111111111111111,8,8,CTCACCGGTATCCCGGGCGG,0,3983960
xdhAp2,0.1111111111111111,8,8,CTATTTGAACGTCTCAGGGA,0,4009968
xdhAp2,0.1111111111111111,8,8,CTATGGGGTTCCCTGAGAAT,0,3982627
xdhAp2,0.1111111111111111,8,8,CTACTTGGTTTAACAGACGC,0,3992814
xdhAp2,0.1111111111111111,8,8,CTAAGTGTGGACCAGGACTC,0,4002643
xdhAp2,0.1111111111111111,8,8,CTAAGCTTGGACTGCGAGTG,0,4001198
xdhAp2,0.1111111111111111,8,8,CTAACCGGTGCAACAAGAAG,0,4001661
xdhAp2,0.1111111111111111,8,8,CGTGCGTGTTATGGGGGGAG,0,3995724
xdhAp2,0.1111111111111111,8,8,CGTCGGTATCGCAGTCCAAC,0,4004068
xdhAp2,0.1111111111111111,8,8,CGTCCAAGTATCATCGGCGT,0,4012121
xdhAp2,0.1111111111111111,8,8,CGTCACCATTGATGAGGCTG,0,4002127
xdhAp2,0.1111111111111111,8,8,CGTATACTGGTCATGGATAT,0,4000723
xdhAp2,0.1111111111111111,8,8,CGGTTCGATCTAGACACCGT,0,3987563
xdhAp2,0.1111111111111111,8,8,CGGTACTGTGTCGAGCGGGA,0,4009992
xdhAp2,0.1111111111111111,8,8,CGGGGTCATGACCACTCATG,0,3991433
xdhAp2,0.1111111111111111,8,8,CGGGATTCTAGGAGCGTATC,0,3983444
xdhAp2,0.1111111111111111,8,8,CGCCTTTGATATACTTATGA,0,4002162
xdhAp2,0.1111111111111111,8,8,CGCCGCATAGTCTGGGTTGC,0,4006547
xdhAp2,0.1111111111111111,8,8,CGCAGCTAACCACATCGACC,0,3995923
xdhAp2,0.1111111111111111,8,8,CGCAGAGATACGGGTCGCTA,0,3992285
xdhAp2,0.1111111111111111,8,8,CCTTCTTCATAAAGATACGT,0,4002202
xdhAp2,0.1111111111111111,8,8,CCTGACAATGTGGCACAGCC,0,4013883
xdhAp2,0.1111111111111111,8,8,CCTCCGCTTAACAGAACCAG,0,3993215
xdhAp2,0.1111111111111111,8,8,CCTCCATGAATAGCCCGTTC,0,4008297
xdhAp2,0.1111111111111111,8,8,CCTAACCAGGGCGCAAACCA,0,3996152
xdhAp2,0.1111111111111111,8,8,CCGTATAAGATGAAAGATTC,0,4001714
xdhAp2,0.1111111111111111,8,8,CCGGGTCTTACCAGAAGGCC,0,4003918
xdhAp2,0.1111111111111111,8,8,CCGCGCGCATGCTACTTGCA,0,4005732
xdhAp2,0.1111111111111111,8,8,CCGAGCGCACTTCTGAATAT,0,3993073
xdhAp2,0.1111111111111111,8,8,CCCCCTGGAATGTCCCCTAT,0,3984130
xdhAp2,0.1111111111111111,8,8,CCCCACAGGAATAGCAGCTG,0,3989878
xdhAp2,0.1111111111111111,8,8,CCATCATGTTTCAGGGTGTA,0,3983728
xdhAp2,0.1111111111111111,8,8,CCACCGCGGGCATAAGACCA,0,4011783
xdhAp2,0.1111111111111111,8,8,CATCGCCTACAGCTACTCTC,0,3981741
xdhAp2,0.1111111111111111,8,8,CAGTTTTAGAGCACACCTTT,0,3993689
xdhAp2,0.1111111111111111,8,8,CAGGTCAGGCCCCACGTACA,0,4008440
xdhAp2,0.1111111111111111,8,8,CAGCGGCTCCTTTTGCGGTT,0,3988998
xdhAp2,0.1111111111111111,8,8,CAGCATTCGGTCGGAATGGG,0,3996375
xdhAp2,0.1111111111111111,8,8,CAGATGTGGAGGGTTGGTAC,0,3995436
xdhAp2,0.1111111111111111,8,8,CACTTCGTACTGAGCTGCAA,0,4009369
xdhAp2,0.1111111111111111,8,8,CACTTAAGTACGGGTGAATC,0,3988037
xdhAp2,0.1111111111111111,8,8,CACTGCCCAGTACGACAATT,0,3989849
xdhAp2,0.1111111111111111,8,8,CACGGGAGAATAAGAAAGAT,0,3983581
xdhAp2,0.1111111111111111,8,8,CAACTTCAGCTCCGGTGAAG,0,3988283
xdhAp2,0.1111111111111111,8,8,CAACGAAGCTCTAGAAAAGG,0,3987687
xdhAp2,0.1111111111111111,8,8,CAAACATCCGTACTCCGGCT,0,3991230
xdhAp2,0.1111111111111111,8,8,ATTGGCGGAGGTCCGTCGTC,0,3992297
xdhAp2,0.1111111111111111,8,8,ATTGATTGGAAATTAAAAGC,0,3999062
xdhAp2,0.1111111111111111,8,8,ATTCTTCTGCTAGAGTGACT,0,4009017
xdhAp2,0.1111111111111111,8,8,ATTAGTTAGATCACCGTTAG,0,4004254
xdhAp2,0.1111111111111111,8,8,ATTAACGGCATCAAGAACGA,0,4011854
xdhAp2,0.1111111111111111,8,8,ATGTTGCAGAGTTGAACTTG,0,3994448
xdhAp2,0.1111111111111111,8,8,ATGTGGTTCTACTCTGTCCA,0,4006327
xdhAp2,0.1111111111111111,8,8,ATGTGCGAATAGTGGCGCCG,0,4010870
xdhAp2,0.1111111111111111,8,8,ATGTCGGTCTAGCATGGCCA,0,3988497
xdhAp2,0.1111111111111111,8,8,ATGGCGGGTCCAAAATATGC,0,4006435
xdhAp2,0.1111111111111111,8,8,ATGCAGGGAGGTCGGAGACT,0,4012660
xdhAp2,0.1111111111111111,8,8,ATGCAATCTTAGTCCTGCAG,0,4011862
xdhAp2,0.1111111111111111,8,8,ATGATCGGGCATCTTAAGAC,0,4012752
xdhAp2,0.1111111111111111,8,8,ATCTTTGGCTATAGTGCCAG,0,3985569
xdhAp2,0.1111111111111111,8,8,ATCTGATTGGTTTGAACGTT,0,3986186
xdhAp2,0.1111111111111111,8,8,ATCTATAAGGACTCCATACT,0,4005027
xdhAp2,0.1111111111111111,8,8,ATCGTTCGGTACTAATTTCA,0,3991571
xdhAp2,0.1111111111111111,8,8,ATCGCGGCGTAAGTAGGCCC,0,3983973
xdhAp2,0.1111111111111111,8,8,ATCCGTATCCGGGCGAGGTG,0,4004224
xdhAp2,0.1111111111111111,8,8,ATCAACTAATTCTGAGTATG,0,4008178
xdhAp2,0.1111111111111111,8,8,ATAACCCGACTTCCACGCTA,0,3991577
xdhAp2,0.1111111111111111,8,8,AGTTGTTCAGGGTCACTCGG,0,3990234
xdhAp2,0.1111111111111111,8,8,AGTTGTGCCGACGGTTTTCA,0,3987870
xdhAp2,0.1111111111111111,8,8,AGTTCTAAGTGGCTACCACG,0,4005054
xdhAp2,0.1111111111111111,8,8,AGTCGTTTTAAGGATCGGAG,0,3987665
xdhAp2,0.1111111111111111,8,8,AGTCATTTTTTGCAGGCAGT,0,4001281
xdhAp2,0.1111111111111111,8,8,AGTATCGCCGCGCTTCGTGA,0,3981946
xdhAp2,0.1111111111111111,8,8,AGTACGTAAAGATGGTACGT,0,4005733
xdhAp2,0.1111111111111111,8,8,AGTAACAACGGGTCCTTCTC,0,3990360
xdhAp2,0.1111111111111111,8,8,AGGTTGGCAGGTCTGAACCG,0,3987962
xdhAp2,0.1111111111111111,8,8,AGGGCATCCCCAGCACTCTG,0,4002793
xdhAp2,0.1111111111111111,8,8,AGGCGTATGGCCTTGTGTAC,0,4003695
xdhAp2,0.1111111111111111,8,8,AGGCCATGATAGATGGTGAG,0,3998065
xdhAp2,0.1111111111111111,8,8,AGGAGATCATAATACGGTAC,0,3997449
xdhAp2,0.1111111111111111,8,8,AGCGGCACGCGGACTTACGA,0,4008638
xdhAp2,0.1111111111111111,8,8,AGCGCACGACAGCTTTGATA,0,4007469
xdhAp2,0.1111111111111111,8,8,AGCATTAAATTACAGGATCT,0,3985795
xdhAp2,0.1111111111111111,8,8,AGCACTGCCCAGGAGAGGGT,0,3982877
xdhAp2,0.1111111111111111,8,8,AGCACGGCTTCATCAAGTTT,0,3987066
xdhAp2,0.1111111111111111,8,8,AGAGACGGGTTGTATCGCAT,0,4008035
xdhAp2,0.1111111111111111,8,8,AGACCGGTAAGTTCTCACAG,0,3991729
xdhAp2,0.1111111111111111,8,8,ACTGTCGGCCGTACAACATC,0,3992798
xdhAp2,0.1111111111111111,8,8,ACTGATTCCGGAAACGCCAC,0,4012247
xdhAp2,0.1111111111111111,8,8,ACTCTGCACACTGGGGGCTT,0,3987712
xdhAp2,0.1111111111111111,8,8,ACTCTCTAATAATTGGTCAT,0,4011338
xdhAp2,0.1111111111111111,8,8,ACTATTACTGCTACGTCGGT,0,3997344
xdhAp2,0.1111111111111111,8,8,ACGTCTTAAGCTGGCGACCC,0,3997984
xdhAp2,0.1111111111111111,8,8,ACGTAATACCTGACAGCTCG,0,3984788
xdhAp2,0.1111111111111111,8,8,ACGTAAATTGTTGCTTTGCT,0,4005231
xdhAp2,0.1111111111111111,8,8,ACGGTGTATGTACATCGATT,0,3999733
xdhAp2,0.1111111111111111,8,8,ACGGGAACGCAGAGCACGAG,0,3982286
xdhAp2,0.1111111111111111,8,8,ACGCTTAACCCAAGTGACAA,0,3982605
xdhAp2,0.1111111111111111,8,8,ACGCATAGGGCGTCCTGCTC,0,4008697
xdhAp2,0.1111111111111111,8,8,ACGAGTATCTGACCAGAGAT,0,3991490
xdhAp2,0.1111111111111111,8,8,ACCTTACGGACTTCGCTTAA,0,3982263
xdhAp2,0.1111111111111111,8,8,ACCTACGTTCCCCAACTTAT,0,4013703
xdhAp2,0.1111111111111111,8,8,ACCGTTGAAGGTCCTTCCAG,0,3983050
xdhAp2,0.1111111111111111,8,8,ACCCAGTGTCTTGATTGCAT,0,3986212
xdhAp2,0.1111111111111111,8,8,ACCATTAAGCGAAACATTCG,0,3993099
xdhAp2,0.1111111111111111,8,8,ACCAGTAAGGGTAAAACTGA,0,3984843
xdhAp2,0.1111111111111111,8,8,ACATGCCTGATAAAGGGGAC,0,3997737
xdhAp2,0.1111111111111111,8,8,ACATAGGGGTGAGAACCAGA,0,3989894
xdhAp2,0.1111111111111111,8,8,ACACGGTGGCCAATATTTGT,0,3987849
xdhAp2,0.1111111111111111,8,8,ACACGCTGCGCTGTACGCAT,0,3994579
xdhAp2,0.1111111111111111,8,8,ACACCTTCTCCGAAGCACTC,0,3994343
xdhAp2,0.1111111111111111,8,8,ACACAAAGAATTCCCTTACG,0,3997679
xdhAp2,0.1111111111111111,8,8,ACAATCGAGTGTTCCCTCTG,0,3997653
xdhAp2,0.1111111111111111,8,8,AATGGTTTTTTTTACTCTAA,0,3988712
xdhAp2,0.1111111111111111,8,8,AATCGTTGGATCCTGGTGAT,0,3993972
xdhAp2,0.1111111111111111,8,8,AATCCGACCACGTGAAGAAC,0,4004171
xdhAp2,0.1111111111111111,8,8,AAGTTTCGGATATTTCACAG,0,3999598
xdhAp2,0.1111111111111111,8,8,AAGGTGGGGCGCGTTGGTTC,0,3992460
xdhAp2,0.1111111111111111,8,8,AAGGGGTTGACTATCGGAGT,0,3992815
xdhAp2,0.1111111111111111,8,8,AACTTCTTGTTAATCGTGAT,0,4013070
xdhAp2,0.1111111111111111,8,8,AACTAATTGATACTCGGGTA,0,3992844
xdhAp2,0.1111111111111111,8,8,AACGACAATCAAACACGGGT,0,3994260
xdhAp2,0.1111111111111111,8,8,AACCGAGATATCGGGTAGCC,0,3995480
xdhAp2,0.1111111111111111,8,8,AACCAAAATGCGGCGGGAGG,0,3984320
xdhAp2,0.1111111111111111,8,8,AACAGGAGTTGCAGAATTTG,0,3997629
xdhAp2,0.1111111111111111,8,8,AAATGAGTGCTTAGATTAGA,0,4009427
xdhAp2,0.1111111111111111,8,8,AAAATAGAGTTACTCAGCTG,0,4009168
xdhAp2,0.1111111111111111,8,8,AAAAGTGGGAGCGGCCGTCA,0,4001187
xdhAp2,0.1111111111111111,8,8,AAAAGGTTCGCGTTACGATA,0,4004704
xdhAp2,0.1111111111111111,8,8,AAAAGCCTAATGACCACAAG,0,4004595
xdhAp2,0.125,7,7,TTTGAGTGCCCTCCGTATAG,0,3999653
xdhAp2,0.125,7,7,TTTGAAATTCTGGACAACCA,0,4002782
xdhAp2,0.125,7,7,TTTCTCAATATGATAGTAAA,0,4002945
xdhAp2,0.125,7,7,TTTATTTCCTGATGTTCGTA,0,3983644
xdhAp2,0.125,7,7,TTTATGTAATAGAACAGTTG,0,4011704
xdhAp2,0.125,7,7,TTGGGACTGGAATCTTGTTC,0,3995537
xdhAp2,0.125,7,7,TTGGCGGCGCTGTCCGAAAT,0,4007106
xdhAp2,0.125,7,7,TTGCTGGAGCAACATGTAAA,0,4009005
xdhAp2,0.125,7,7,TTGCGTCCTGGCTAAACGCT,0,4006205
xdhAp2,0.125,7,7,TTGAGAATTGCGTGACGCTG,0,4000864
xdhAp2,0.125,7,7,TTGAACTCATCAGCTGTGAG,0,4000740
xdhAp2,0.125,7,7,TTCTTCCCTTAATTAGACAC,0,4004252
xdhAp2,0.125,7,7,TTCTATCATAGGGAAGTTGC,0,3996332
xdhAp2,0.125,7,7,TTCGCTTGAACGGAATGATG,0,4008181
xdhAp2,0.125,7,7,TTCCAGCAGGCGTGTGTGCT,0,4005125
xdhAp2,0.125,7,7,TTCATCTTGACCAGCGACGA,0,4003916
xdhAp2,0.125,7,7,TTCATACCGAAGTCGTCTGT,0,3991167
xdhAp2,0.125,7,7,TTCACCCCACCGTGGGATGA,0,3990118
xdhAp2,0.125,7,7,TTATTTGGAGGGTCCTATAA,0,3996139
xdhAp2,0.125,7,7,TTATGCGCCTTTGCAGGCGC,0,3994664
xdhAp2,0.125,7,7,TTAGTGGTGCTTGTGCGCCA,0,4000843
xdhAp2,0.125,7,7,TTACTGTATAATTGGACAAA,0,3990923
xdhAp2,0.125,7,7,TTACGCTTACAAACGGGCCT,0,3992434
xdhAp2,0.125,7,7,TTAATTTGCAGTCCCGTCTA,0,3993573
xdhAp2,0.125,7,7,TTAATCCCGGCCGATACACA,0,3997058
xdhAp2,0.125,7,7,TTAACCTATCGATTTTTGGA,0,4011732
xdhAp2,0.125,7,7,TGTGTTGACTAACATCGAGG,0,4000906
xdhAp2,0.125,7,7,TGTCTGCCGGCCCGGTTCTA,0,4003049
xdhAp2,0.125,7,7,TGTATTGATGTTTGAAAGCG,0,3988968
xdhAp2,0.125,7,7,TGTAGTCTATCGTCTGGCCC,0,4009712
xdhAp2,0.125,7,7,TGTACCCGACTAACGTTAGC,0,4004429
xdhAp2,0.125,7,7,TGGTTTCTCCCAGATCTAAC,0,3986547
xdhAp2,0.125,7,7,TGGTGAACTTGCATATAAAA,0,3997099
xdhAp2,0.125,7,7,TGGTGAAAGTACCGACGTAC,0,4008658
xdhAp2,0.125,7,7,TGGGTTTAATGACATTCTCT,0,4013405
xdhAp2,0.125,7,7,TGGGGATTAGAGTTCTTACT,0,3989143
xdhAp2,0.125,7,7,TGGGGAGATGAGTGAGCTGA,0,4012978
xdhAp2,0.125,7,7,TGGCATTCCTCATCCCATTC,0,3998315
xdhAp2,0.125,7,7,TGGCACCTTGGAAACCTTTA,0,4009152
xdhAp2,0.125,7,7,TGGAGTGGACCGACGCTGAA,0,3992541
xdhAp2,0.125,7,7,TGCTTGCACCTGCCAGTCTT,0,3996834
xdhAp2,0.125,7,7,TGCTAGGGTATCATCGGTCT,0,3982910
xdhAp2,0.125,7,7,TGCACGCCTCATCCGGGCAA,0,3995767
xdhAp2,0.125,7,7,TGATGTCGTACGCTGAAAAT,0,4010158
xdhAp2,0.125,7,7,TGATGGGCTCATCACGTATC,0,4008912
xdhAp2,0.125,7,7,TGAGGTCCTATGCTCCATCA,0,4004372
xdhAp2,0.125,7,7,TGACTCTAAGGGTGACTGAG,0,3983968
xdhAp2,0.125,7,7,TCTTCCCTGGCTATCGTTTC,0,4007913
xdhAp2,0.125,7,7,TCTGTAGAATCGGATCTCGC,0,4013718
xdhAp2,0.125,7,7,TCTACCAGCGATCAGCATCC,0,3993668
xdhAp2,0.125,7,7,TCGTGCCGCAGGCCCTCTCA,0,4002146
xdhAp2,0.125,7,7,TCGTCACTATCTTCATGAGG,0,3989130
xdhAp2,0.125,7,7,TCGGTTCGTGGTGGCTCGCC,0,4000144
xdhAp2,0.125,7,7,TCGGGAGGGCTTGAACGCCA,0,3985619
xdhAp2,0.125,7,7,TCGGCATCGCCCCAGTGGAC,0,4005864
xdhAp2,0.125,7,7,TCGCGGTATGCGGAGGAGGA,0,3999343
xdhAp2,0.125,7,7,TCGCCCCTGCCTCGCCGTGG,0,3984467
xdhAp2,0.125,7,7,TCGCAATTAGAAGAGCAGTC,0,3999438
xdhAp2,0.125,7,7,TCGAGTTTATTGAGTCAAAT,0,4006594
xdhAp2,0.125,7,7,TCGAGAGCTAATGACACTGG,0,3987562
xdhAp2,0.125,7,7,TCCTGAAAACAGGCGAGCAA,0,3982911
xdhAp2,0.125,7,7,TCCTCCTAGATATCACGGGG,0,4004579
xdhAp2,0.125,7,7,TCCCAAGTCATGTTTGTCCA,0,4002409
xdhAp2,0.125,7,7,TCCATCGATATATTCCTGAC,0,4003917
xdhAp2,0.125,7,7,TCCAACCATTGAATCTAGGC,0,3988616
xdhAp2,0.125,7,7,TCATCAAGCTCACACGAAGT,0,3997219
xdhAp2,0.125,7,7,TCATACAGAGAGGCTGGGTG,0,4013543
xdhAp2,0.125,7,7,TCAGCATGAAGTACATGTCC,0,4010050
xdhAp2,0.125,7,7,TCACGCCTACGTCTGAGCGC,0,3985781
xdhAp2,0.125,7,7,TCACCGCCAAGAGCCCGTTG,0,4000464
xdhAp2,0.125,7,7,TCACAGACCAGCTGGCACGC,0,3990457
xdhAp2,0.125,7,7,TATTCCACGTAGAATACAGC,0,3985122
xdhAp2,0.125,7,7,TATGTCTTTTACTGGACACG,0,3990608
xdhAp2,0.125,7,7,TATGGACTTCAGTAAGGTGG,0,4014292
xdhAp2,0.125,7,7,TATGGAACAATTCGTGGGTT,0,4003674
xdhAp2,0.125,7,7,TAGGGATAATTCGGTAAGGC,0,4009407
xdhAp2,0.125,7,7,TAGCGACAAAATGTCTGTAT,0,3990101
xdhAp2,0.125,7,7,TAGACGTAGCAATTAGTTGC,0,4009148
xdhAp2,0.125,7,7,TAGAATACAGAAGCACGTTG,0,3993149
xdhAp2,0.125,7,7,TACGCTGCATGACGGCATTA,0,3981688
xdhAp2,0.125,7,7,TACAGCGTGAAAACTCCAAT,0,3988531
xdhAp2,0.125,7,7,TAAACGTCATTAGGCCGCCA,0,3998495
xdhAp2,0.125,7,7,TAAACGCACCACGTTTCAAT,0,3991472
xdhAp2,0.125,7,7,GTTGGCACGGGGATTCCGCC,0,3983059
xdhAp2,0.125,7,7,GTTGAGGGGTGCTTGCGCAT,0,3982851
xdhAp2,0.125,7,7,GTTCGTGTCGTCTGGAGACT,0,4009556
xdhAp2,0.125,7,7,GTTAAGATGGCGGCAATCGA,0,3988573
xdhAp2,0.125,7,7,GTGTTACACTTAACATCGAT,0,4001954
xdhAp2,0.125,7,7,GTGTCGTTTGGAGCGTCGCT,0,3988352
xdhAp2,0.125,7,7,GTGGGACAAATAGGGGTAGA,0,3990291
xdhAp2,0.125,7,7,GTGGCATCCCACATGGTTAG,0,3993264
xdhAp2,0.125,7,7,GTGCTCCTCGAATTCCCCTT,0,4009549
xdhAp2,0.125,7,7,GTGCAATCGTTATACTTGTG,0,3989256
xdhAp2,0.125,7,7,GTGATTAGATGAGTGAGTTA,0,4012767
xdhAp2,0.125,7,7,GTGATGTGCTGCGATCGACT,0,4010207
xdhAp2,0.125,7,7,GTGACATGGCCCAACAGTCC,0,3983479
xdhAp2,0.125,7,7,GTGACAGAATATGATGAATG,0,3992830
xdhAp2,0.125,7,7,GTCTTCAATCGCACCGGGTA,0,3983862
xdhAp2,0.125,7,7,GTCGCACTTCGTTGATGCGC,0,3997610
xdhAp2,0.125,7,7,GTCCTTTCACGATGGACTTA,0,3981808
xdhAp2,0.125,7,7,GTCCCGAACAGACTATGTGC,0,3983529
xdhAp2,0.125,7,7,GTCCAACTCTGATAGCCAGG,0,4010998
xdhAp2,0.125,7,7,GTATCAGTACCTATGTTAAC,0,3999867
xdhAp2,0.125,7,7,GTAGTTTTTCGATTGCCTAT,0,3983492
xdhAp2,0.125,7,7,GTAGTTTCAAGAGGGTGGCG,0,3998838
xdhAp2,0.125,7,7,GTAGTTAGGTATGTACCGTC,0,3986502
xdhAp2,0.125,7,7,GTAGACTCGGCCTGCGGTCT,0,3990581
xdhAp2,0.125,7,7,GTACTTTGCCGCAAGCACGG,0,3999135
xdhAp2,0.125,7,7,GTACGGATTGAGACCGATCT,0,4003864
xdhAp2,0.125,7,7,GTACCCCTGTCTAGGTCCAG,0,3994074
xdhAp2,0.125,7,7,GTACATAGGTGTTTGCCATA,0,3996965
xdhAp2,0.125,7,7,GGTTTTAACCGCATTGAGAA,0,4001278
xdhAp2,0.125,7,7,GGTTCGCAAATTATGAGAGG,0,3993169
xdhAp2,0.125,7,7,GGTGGGCTCGCCCAGGTCGT,0,3990614
xdhAp2,0.125,7,7,GGTCTTGACAATAGGCACAC,0,3995565
xdhAp2,0.125,7,7,GGTCTAATTTCGTGGCTTCA,0,3987319
xdhAp2,0.125,7,7,GGTCGATTCCGTGAGTTTCA,0,4004421
xdhAp2,0.125,7,7,GGTCATGCAGTTTGAGCATA,0,4001581
xdhAp2,0.125,7,7,GGTATTGGGAAGAAAAATTC,0,3987424
xdhAp2,0.125,7,7,GGGTTTCTACAGGGGGCTCG,0,3981805
xdhAp2,0.125,7,7,GGGTTCACGAAGGACTTTCG,0,3999129
xdhAp2,0.125,7,7,GGGTAGAGCAACAGTCACGG,0,4006315
xdhAp2,0.125,7,7,GGGGCCAGTCCAAAAACGCA,0,4004082
xdhAp2,0.125,7,7,GGGCTTGGCTTAAGCAATGC,0,3984072
xdhAp2,0.125,7,7,GGGCTATTTCCCTTGCCAAT,0,3988771
xdhAp2,0.125,7,7,GGGCGGAGTAGGGCGGGATC,0,3992242
xdhAp2,0.125,7,7,GGGATCGGCTCCTCACTTGA,0,3986127
xdhAp2,0.125,7,7,GGGATAACTAGATGTTCCCA,0,4009477
xdhAp2,0.125,7,7,GGGAATTCATGTTTTCGATC,0,3992301
xdhAp2,0.125,7,7,GGCTCGGGAGATCCACCTAT,0,4004901
xdhAp2,0.125,7,7,GGCTAAGGACTACACCATGA,0,3995813
xdhAp2,0.125,7,7,GGCGCGACGTGCCACGCTGA,0,4004327
xdhAp2,0.125,7,7,GGCGACGACACATACCGGGG,0,4003012
xdhAp2,0.125,7,7,GGCCTTCAGCTGATTAGAGT,0,4003714
xdhAp2,0.125,7,7,GGCCAGCTGGCCCTGGGCTA,0,3982410
xdhAp2,0.125,7,7,GGCACTGTTCGTACGTCTGA,0,3991884
xdhAp2,0.125,7,7,GGCACTCTGAAACAGAACAG,0,3985522
xdhAp2,0.125,7,7,GGAGCCGGTAGTTTATGTTT,0,4003889
xdhAp2,0.125,7,7,GGACGGGATGGCGATTTTGG,0,3988119
xdhAp2,0.125,7,7,GGACAGGTCAACGTGCCGGT,0,4014265
xdhAp2,0.125,7,7,GGAATCTTTGTAAGGGTCGG,0,3988426
xdhAp2,0.125,7,7,GGAATAATAAGTTGGGTCTG,0,4003020
xdhAp2,0.125,7,7,GGAACTGTCAGTCTAGGATC,0,3983472
xdhAp2,0.125,7,7,GCTTTTACCTGGCGTTTATC,0,4004601
xdhAp2,0.125,7,7,GCTTGTGGTGCATTCACGAA,0,3998834
xdhAp2,0.125,7,7,GCTTATTCGGCCGTTTTCAG,0,4000531
xdhAp2,0.125,7,7,GCTTACTGCTAGTGTGTGGG,0,3997362
xdhAp2,0.125,7,7,GCTGGAGTTATAGCAGTAAT,0,3988848
xdhAp2,0.125,7,7,GCTCTGGTTGCGGCCACGTT,0,3984321
xdhAp2,0.125,7,7,GCTCAGTATTTGTGATGTAA,0,4011928
xdhAp2,0.125,7,7,GCGTGTATCTGATTCGTCGC,0,3989864
xdhAp2,0.125,7,7,GCGTCTCAATTGAGCGGTCT,0,3991644
xdhAp2,0.125,7,7,GCGTCGCAGCCGTGAGTTGG,0,3994170
xdhAp2,0.125,7,7,GCGTCCGCCGTGGGTCCGGT,0,4014049
xdhAp2,0.125,7,7,GCGGTTGCGCTCGGCGCCGT,0,3988123
xdhAp2,0.125,7,7,GCGGCTATACCCAAAACTAA,0,3988867
xdhAp2,0.125,7,7,GCGCTACCCCGTCATACTAT,0,4003285
xdhAp2,0.125,7,7,GCGCGGCCGCGCAGGTTTTC,0,3999949
xdhAp2,0.125,7,7,GCGCGGATTATATTATTGAG,0,4001885
xdhAp2,0.125,7,7,GCGATTGCCACGCCAGGGCA,0,3994825
xdhAp2,0.125,7,7,GCGAGTAAGAGGGTTGCTCC,0,3996566
xdhAp2,0.125,7,7,GCGACGAGCTCACGGCGCCC,0,3988971
xdhAp2,0.125,7,7,GCGAAGTCGCCAGTCTATTA,0,3985324
xdhAp2,0.125,7,7,GCGAACATTACTTAGGCGCT,0,3982946
xdhAp2,0.125,7,7,GCCTTTGGTCTCAGCAGTTA,0,3991775
xdhAp2,0.125,7,7,GCCTTTGGCCTCAGCGGTGA,0,3993654
xdhAp2,0.125,7,7,GCCTTGAGGATGCCTATCCG,0,3986435
xdhAp2,0.125,7,7,GCCTGTCAGTCAGGTCGAAA,0,4007906
xdhAp2,0.125,7,7,GCCGCTAGACTCCCCTGAAG,0,3996102
xdhAp2,0.125,7,7,GCCCGAAGCGGAAGGACTGC,0,4000196
xdhAp2,0.125,7,7,GCCCCTACGACAGAGAGTGG,0,4006501
xdhAp2,0.125,7,7,GCAGTTCTGGGGTCTTCGGA,0,4001270
xdhAp2,0.125,7,7,GCACTAGCACGCCATCTACT,0,3994048
xdhAp2,0.125,7,7,GCACGGACACTTTGCCTTGG,0,4010357
xdhAp2,0.125,7,7,GCACCTTTTCACGTGGGCGC,0,3987035
xdhAp2,0.125,7,7,GCACCGAGTTTGTTCATCCA,0,3990687
xdhAp2,0.125,7,7,GCACATGCGCTCTTAATTTC,0,4000908
xdhAp2,0.125,7,7,GCAACTTGGCAATGCACACA,0,4002052
xdhAp2,0.125,7,7,GCAAATAAGGTGGAGTGACT,0,3992812
xdhAp2,0.125,7,7,GATTCTTTGAGGCGGCGATG,0,3995607
xdhAp2,0.125,7,7,GATTACAGCCACAGGAAATA,0,3985729
xdhAp2,0.125,7,7,GATCTCGGCTAGAATCTTTT,0,4012073
xdhAp2,0.125,7,7,GATCGTGGTGCTTATCACCA,0,4004159
xdhAp2,0.125,7,7,GATATGACAGAAACATATTG,0,4010462
xdhAp2,0.125,7,7,GATAGAATACCAGTTTCGTA,0,3985035
xdhAp2,0.125,7,7,GAGTTTGGAAACGGCGCCTC,0,4004279
xdhAp2,0.125,7,7,GAGGCTAACATCGCCGCCAC,0,3986172
xdhAp2,0.125,7,7,GAGCGGATTGGATGCAAGCA,0,3984669
xdhAp2,0.125,7,7,GAGCACTAAAGTGCACTCAT,0,4014348
xdhAp2,0.125,7,7,GAGACAAACCTTCAGTCTAG,0,3989016
xdhAp2,0.125,7,7,GAGAACTCTCCCCTAGTTGT,0,4013116
xdhAp2,0.125,7,7,GACTTCCTTGTACACAGGTG,0,4000970
xdhAp2,0.125,7,7,GACTATGCTATGTACTTGCC,0,3996050
xdhAp2,0.125,7,7,GACAGTTCCTGTTTGTCTAG,0,3990556
xdhAp2,0.125,7,7,GAACCGGCAAATGGCACATA,0,3982625
xdhAp2,0.125,7,7,GAAATGGGTTAATTGTGTCA,0,4003228
xdhAp2,0.125,7,7,CTTTTACGTCTGCATGTAAT,0,3990579
xdhAp2,0.125,7,7,CTTTGACGCCGGTGAACTCG,0,3993319
xdhAp2,0.125,7,7,CTTGTTACGCTGCGTCATCT,0,3987784
xdhAp2,0.125,7,7,CTTCTCGGCCGCCCATCAGA,0,3992727
xdhAp2,0.125,7,7,CTTCGTACGTTAAGTCAGAA,0,3997880
xdhAp2,0.125,7,7,CTTCAGATGTCGAAAGCTCA,0,3989575
xdhAp2,0.125,7,7,CTTCAATGTTATAGGGAGGT,0,3982178
xdhAp2,0.125,7,7,CTTATCGCCGTCGTCACCAC,0,3991749
xdhAp2,0.125,7,7,CTGTTTCCTCTGTCTGACTT,0,4005531
xdhAp2,0.125,7,7,CTGTTCCAGAAAAGCGTGGC,0,4008264
xdhAp2,0.125,7,7,CTGGGGAAACCAATCGGCGG,0,3998778
xdhAp2,0.125,7,7,CTGCCTACAAATGTCCCGAG,0,4000391
xdhAp2,0.125,7,7,CTGCCCTTGGGCGAACGTTC,0,3989532
xdhAp2,0.125,7,7,CTGATGTATAGGCTGGGCTA,0,4006125
xdhAp2,0.125,7,7,CTGATATCCATTGTCGGCTC,0,3994025
xdhAp2,0.125,7,7,CTGAGGTGAAGGAGATCTTA,0,4000663
xdhAp2,0.125,7,7,CTGACTCCCCGGGATCACGC,0,3995989
xdhAp2,0.125,7,7,CTCGAATAGCCATGGACCTC,0,3990992
xdhAp2,0.125,7,7,CTCATTTGACGTTGGACAGT,0,3999036
xdhAp2,0.125,7,7,CTCATGTAGGGCCAAGCCTA,0,4002473
xdhAp2,0.125,7,7,CTCAGAAATAAAGTTGGAGA,0,3998146
xdhAp2,0.125,7,7,CTATTATGTCACATATCCGT,0,4006328
xdhAp2,0.125,7,7,CTATGGCTTTCACCAATCGC,0,3981967
xdhAp2,0.125,7,7,CTAGCGCCTGAGGGTCGGAC,0,4014189
xdhAp2,0.125,7,7,CTAGCCAAACGCTCTCTCTA,0,3986121
xdhAp2,0.125,7,7,CTAATCGAGCCAGGCCACGT,0,4004458
xdhAp2,0.125,7,7,CTAAACTCCGGAGGGTTGCG,0,3990873
xdhAp2,0.125,7,7,CGTTCTGACCCCGTAACGGG,0,3988538
xdhAp2,0.125,7,7,CGTTCGCTGGCCTCCCAGCC,0,4012069
xdhAp2,0.125,7,7,CGTTCCTTATTCGAGTGAAA,0,3983591
xdhAp2,0.125,7,7,CGTGTCTCCAGAGTTTAACG,0,3981538
xdhAp2,0.125,7,7,CGTGTAGTCGTCTCGGAGCT,0,3989572
xdhAp2,0.125,7,7,CGTGCACAAACGGTGAAGCA,0,3992009
xdhAp2,0.125,7,7,CGTAGCGCATTAGAATCCAG,0,3987157
xdhAp2,0.125,7,7,CGTACTGGTTTACCCGGTTT,0,4007626
xdhAp2,0.125,7,7,CGTACGGTCGAGAATACCCA,0,4005477
xdhAp2,0.125,7,7,CGGGGGGGAGAAGTACTCAC,0,3986259
xdhAp2,0.125,7,7,CGGGGGCAAGGCATTCAAAC,0,4005521
xdhAp2,0.125,7,7,CGGGAAGTCATAACTGCGCT,0,4003001
xdhAp2,0.125,7,7,CGGCGTCGATATGGACGTTC,0,3990543
xdhAp2,0.125,7,7,CGGCGTCCGGGAATAGCCTA,0,4014411
xdhAp2,0.125,7,7,CGGCGGTAGCTAGTACCGGG,0,3998342
xdhAp2,0.125,7,7,CGGCCTCTACCCGCGCGAAG,0,4014412
xdhAp2,0.125,7,7,CGCGAGGCCTGTGGCCTCGG,0,4001038
xdhAp2,0.125,7,7,CGCGAGACCTAAGTCAGTTG,0,3985007
xdhAp2,0.125,7,7,CGCGACAGGTCGCAGATCAA,0,4009345
xdhAp2,0.125,7,7,CGCCCTATGTTGGGGAGAAG,0,3990210
xdhAp2,0.125,7,7,CGATGATAGGATCCTAACAG,0,3989509
xdhAp2,0.125,7,7,CGATACGTGGTGAGGCAGAT,0,3987575
xdhAp2,0.125,7,7,CGAGTGTCATTCAATGTGGT,0,4000755
xdhAp2,0.125,7,7,CGAGCTCATAGATTATAAAA,0,4003941
xdhAp2,0.125,7,7,CGAGCGGTCATATCCACATC,0,3992211
xdhAp2,0.125,7,7,CGAGAAATACTTAGTTCCCA,0,4003942
xdhAp2,0.125,7,7,CGAAGAACCGAACGCCGGTG,0,4011828
xdhAp2,0.125,7,7,CGAAAATGATTTAGGGACTG,0,4010866
xdhAp2,0.125,7,7,CCTTGGTCCCCATCAGTTCG,0,3990741
xdhAp2,0.125,7,7,CCTCGTCTAGCCGCTTTGCG,0,4003045
xdhAp2,0.125,7,7,CCTCCGTGTGACAGCGTCAA,0,4007319
xdhAp2,0.125,7,7,CCTCACTGCCAGGAAGTACT,0,3991660
xdhAp2,0.125,7,7,CCTATTCTCCCTGTTCATTA,0,3986827
xdhAp2,0.125,7,7,CCTACTCAGCAAGGTAAGGT,0,3988178
xdhAp2,0.125,7,7,CCGTATTTGGCCTACCGTGA,0,3999609
xdhAp2,0.125,7,7,CCGGTAGTTTTATCGACAGT,0,3983082
xdhAp2,0.125,7,7,CCGGGTCAGCAGAATGAGGT,0,3984488
xdhAp2,0.125,7,7,CCGGCCTTCAATCTATCTAA,0,3999115
xdhAp2,0.125,7,7,CCGGAAAGGGATTCGGCAAA,0,4008343
xdhAp2,0.125,7,7,CCGAGGTTTCACACCGACGA,0,4000961
xdhAp2,0.125,7,7,CCCTGTATAGACACCATGAC,0,4006414
xdhAp2,0.125,7,7,CCCTCAAAAAATTTATGAAA,0,3993702
xdhAp2,0.125,7,7,CCCGGAGACCCCCCCAAGCG,0,3993592
xdhAp2,0.125,7,7,CCCGACCATTGTGTGCAGTA,0,4011708
xdhAp2,0.125,7,7,CCCCCTGGCACAGAGAATCG,0,4000671
xdhAp2,0.125,7,7,CCATGCCAAGGGTTCAGATA,0,3986115
xdhAp2,0.125,7,7,CCATGACACGTTTTAGACCT,0,3986587
xdhAp2,0.125,7,7,CCATCGCAACTAGCCATTTG,0,3985070
xdhAp2,0.125,7,7,CCAGATACTCGCCATTACAC,0,3984375
xdhAp2,0.125,7,7,CCACTCGTGGGGATCAGTAT,0,3987664
xdhAp2,0.125,7,7,CCACGAATTGGTGTCAGTGG,0,4000717
xdhAp2,0.125,7,7,CATTCGAGATGATCAAGTCG,0,3995277
xdhAp2,0.125,7,7,CATGTGACATACAGGTCGAT,0,3981586
xdhAp2,0.125,7,7,CATGGGGCCTACGCGGTTAC,0,3992929
xdhAp2,0.125,7,7,CATGGAGCGTACTAGCGTCC,0,3989745
xdhAp2,0.125,7,7,CATGATATGAGGACCAACTA,0,4001599
xdhAp2,0.125,7,7,CATCCAGAAGATAAGGTCAC,0,3985535
xdhAp2,0.125,7,7,CATCACCGCCTAACATGGCG,0,4014068
xdhAp2,0.125,7,7,CATAGGCATTAAGTTCGAAC,0,4009725
xdhAp2,0.125,7,7,CATAAGCAAGATACCAGAGT,0,3987426
xdhAp2,0.125,7,7,CAGTTGGACTACGGAGACTT,0,4005490
xdhAp2,0.125,7,7,CAGTGGCCTTTGATATCTAG,0,3987818
xdhAp2,0.125,7,7,CAGGTACTATGTCCGGAAGT,0,4007573
xdhAp2,0.125,7,7,CAGCTATCAGTCATGGTACA,0,3993775
xdhAp2,0.125,7,7,CAGCGAATGCAGTCTCACAG,0,3984992
xdhAp2,0.125,7,7,CAGCCACCGTATATGCGCAG,0,3988655
xdhAp2,0.125,7,7,CAGATACTATAATAATTGAC,0,4003174
xdhAp2,0.125,7,7,CAGAGTGCCTAGTATCCACA,0,3983765
xdhAp2,0.125,7,7,CACTGTAGAGATTTCTTCAT,0,3993570
xdhAp2,0.125,7,7,CACTCGCCCAAATCCATTCG,0,3988839
xdhAp2,0.125,7,7,CACGATCAACAATGCTGGCA,0,3981747
xdhAp2,0.125,7,7,CACCGGGTCGATAATATCGT,0,4010857
xdhAp2,0.125,7,7,CACCGGCTCATGTGTCCTTT,0,3995301
xdhAp2,0.125,7,7,CACAAGGGCCAAACCGGATT,0,3991143
xdhAp2,0.125,7,7,CAAGGGGAACGCTTTGAATA,0,3992437
xdhAp2,0.125,7,7,CAAGGCGATAATATGGCAGG,0,4007537
xdhAp2,0.125,7,7,CAAGCTTACAAGTGCAGGTT,0,4012309
xdhAp2,0.125,7,7,CAACTGCGCCGTACCGTTAA,0,4004583
xdhAp2,0.125,7,7,CAACGTACGCTCGAGCGCTG,0,3985527
xdhAp2,0.125,7,7,CAAATGGACAGTGTAAACCT,0,4008158
xdhAp2,0.125,7,7,ATTTTTAGAGCATCTGGCAG,0,3990632
xdhAp2,0.125,7,7,ATTTCTCTGGAGTCTTTGAC,0,3994282
xdhAp2,0.125,7,7,ATTTAAGAGCTATATTTCAC,0,3982593
xdhAp2,0.125,7,7,ATTCGTTTAAATGTTTGTAG,0,4006545
xdhAp2,0.125,7,7,ATTCGTTCGATTCTATGGAG,0,4014137
xdhAp2,0.125,7,7,ATTCCGACCAATACATCGAG,0,4003570
xdhAp2,0.125,7,7,ATTCAATCCGTGAAGCACAT,0,4008228
xdhAp2,0.125,7,7,ATTATGTGGCGTCAATGCAA,0,4008567
xdhAp2,0.125,7,7,ATTACGTTGGAGACCATCAC,0,3996340
xdhAp2,0.125,7,7,ATGTGTTGGACGAACTCTAT,0,4012714
xdhAp2,0.125,7,7,ATGTGGGTTCCGTAATTAGT,0,3988877
xdhAp2,0.125,7,7,ATGTATGGCAGGACCAAGGT,0,3988006
xdhAp2,0.125,7,7,ATGGGGATGACGGGTCGGGG,0,3994779
xdhAp2,0.125,7,7,ATGCCGCGACTGATCTGCTG,0,4002672
xdhAp2,0.125,7,7,ATGAATTAACACGGACCAAA,0,3993863
xdhAp2,0.125,7,7,ATCTTTGATATATGCGCTAG,0,4009963
xdhAp2,0.125,7,7,ATCTTACCAAAACATGATTA,0,3983100
xdhAp2,0.125,7,7,ATCGAGTGGCCTCTCTGATC,0,4012963
xdhAp2,0.125,7,7,ATCGAGCTCCGCCAGCTCAT,0,3994021
xdhAp2,0.125,7,7,ATATTAAAGTATAATCTAGG,0,4003461
xdhAp2,0.125,7,7,ATATGGACGGGAATCTTCTG,0,3997129
xdhAp2,0.125,7,7,ATAGTGAGGTCGGTAGTGAA,0,3984188
xdhAp2,0.125,7,7,ATACATTCGCAATGAAATTC,0,3992173
xdhAp2,0.125,7,7,ATACAAGGGGGTGCGAGTAC,0,3999951
xdhAp2,0.125,7,7,ATACAAACGATCATTTCATT,0,3993949
xdhAp2,0.125,7,7,ATAAAAGTTGCCCGTGAACT,0,4000227
xdhAp2,0.125,7,7,AGTTTTATTTTTTTGTGTGA,0,3994854
xdhAp2,0.125,7,7,AGTTTTAATGGCTACAATAA,0,4002489
xdhAp2,0.125,7,7,AGTTTGTCAATTCGGTGCGC,0,4004392
xdhAp2,0.125,7,7,AGTGCTATCAAGCACCGCTA,0,4008734
xdhAp2,0.125,7,7,AGGTACACGTCGGGCATGTT,0,4010209
xdhAp2,0.125,7,7,AGGCTTGTTCGCCCACAGGG,0,3997719
xdhAp2,0.125,7,7,AGGCTTGTGGTATCGTAGTA,0,4005327
xdhAp2,0.125,7,7,AGGCGGTTCGATTGCCCGGG,0,3983276
xdhAp2,0.125,7,7,AGCTGTCATTTGGGGATATA,0,3983295
xdhAp2,0.125,7,7,AGCCCTTGCATACGTAACCG,0,3994141
xdhAp2,0.125,7,7,AGCAGCCGTAAAGCAATTGC,0,4003297
xdhAp2,0.125,7,7,AGATTACAGGGGGCGACTCT,0,3989917
xdhAp2,0.125,7,7,AGATAAAACGCATTGTAGGT,0,4014098
xdhAp2,0.125,7,7,AGAGAGCTCAGAACACCAAG,0,4008411
xdhAp2,0.125,7,7,AGAAATCCGGAAGGGAGTCG,0,3988621
xdhAp2,0.125,7,7,ACTTGGGAGGGCATGGGGTA,0,3984882
xdhAp2,0.125,7,7,ACTTCTTTCCGGGGTAGCAA,0,3993684
xdhAp2,0.125,7,7,ACTGGCAGTGTCCTCTGCGT,0,4001095
xdhAp2,0.125,7,7,ACTCTGACTTTGCAACGATA,0,3990341
xdhAp2,0.125,7,7,ACTCTAGGCACTAACTTCAA,0,4014376
xdhAp2,0.125,7,7,ACTCATGGGGCGGGAACGCA,0,3986148
xdhAp2,0.125,7,7,ACGTTATCACAAGCTCGCCC,0,4005894
xdhAp2,0.125,7,7,ACGTATTTGTCCTGTAGCGG,0,3985004
xdhAp2,0.125,7,7,ACGGTCGTATACCCGGGTAT,0,3993604
xdhAp2,0.125,7,7,ACGGGAAGTATGCTTGGGGA,0,4001944
xdhAp2,0.125,7,7,ACGCAGCATTCGAGGCGGGT,0,4006626
xdhAp2,0.125,7,7,ACGATATACTGGGATAGTTC,0,3981699
xdhAp2,0.125,7,7,ACGACCGAGTTCTGTCCTTT,0,3995298
xdhAp2,0.125,7,7,ACCTTTTACTGACGAACAGG,0,4009667
xdhAp2,0.125,7,7,ACCTGCTGGGACACGCGTCG,0,3999505
xdhAp2,0.125,7,7,ACCGCCCGTACAACGGTTCC,0,3999390
xdhAp2,0.125,7,7,ACATCGTCTCATACGCGTAA,0,4013695
xdhAp2,0.125,7,7,ACAGCGCGAAGGACATAAAG,0,4006636
xdhAp2,0.125,7,7,ACACGCATGGCAGATTAACT,0,4005869
xdhAp2,0.125,7,7,ACACCGTGAATTCTTTTGGG,0,4013510
xdhAp2,0.125,7,7,ACAATGAATTCAGTCGGTTC,0,3987740
xdhAp2,0.125,7,7,ACAATCTTACCGTGACGTCC,0,3995363
xdhAp2,0.125,7,7,ACAAGCTAGGGTTGCTCTCT,0,3995284
xdhAp2,0.125,7,7,ACAAGATATAGCTCGCATTT,0,3993042
xdhAp2,0.125,7,7,AATGTAGACCGCCACTACCG,0,4006422
xdhAp2,0.125,7,7,AATCGGTTATGTATTGATAT,0,4000235
xdhAp2,0.125,7,7,AATCGACTTGCGCATGTCCG,0,3990017
xdhAp2,0.125,7,7,AATCCCAAAGGTATTTGAGT,0,3989496
xdhAp2,0.125,7,7,AATATTTAGGACTGCAGAGT,0,4006126
xdhAp2,0.125,7,7,AATATCTCTGGGGGTAGGGG,0,3997193
xdhAp2,0.125,7,7,AATAGCCCGTTATCCCCAGA,0,4001998
xdhAp2,0.125,7,7,AAGTCACCGCGATGATAAGT,0,4008612
xdhAp2,0.125,7,7,AAGGGTCACGGGGACCCAAT,0,3997753
xdhAp2,0.125,7,7,AACTTCAGCCGCGGAAGAGA,0,3984128
xdhAp2,0.125,7,7,AACTGCAGCATAGTATCATC,0,4009143
xdhAp2,0.125,7,7,AACTAGGTTCAACGGATTAG,0,3992330
xdhAp2,0.125,7,7,AACGCCCTTTGCGACCCTAC,0,3996254
xdhAp2,0.125,7,7,AACCAGCATATCAACAGCCT,0,4012398
xdhAp2,0.125,7,7,AACATTGTAAGGGAACTCTC,0,3997664
xdhAp2,0.125,7,7,AACACGAAATCTACATTCGA,0,3996727
xdhAp2,0.125,7,7,AAATAATGTCCCTAGGGTTG,0,4004500
xdhAp2,0.125,7,7,AAACGACGCTGATCGCAAGC,0,4003609
xdhAp2,0.125,7,7,AAAATGGAATCCCCACCCAT,0,4010365
xdhAp2,0.125,7,7,AAAAAAGAATACAGCCCTAT,0,3995048
xdhAp2,0.14285714285714285,6,6,TTTTCGACGCCCATTAATCA,0,3986852
xdhAp2,0.14285714285714285,6,6,TTTGCTAATATGGCGCTCTG,0,3989945
xdhAp2,0.14285714285714285,6,6,TTTGCCAAAAGTTGTTTAAA,0,3999330
xdhAp2,0.14285714285714285,6,6,TTTCGTCATAAGCATATCTG,0,3991095
xdhAp2,0.14285714285714285,6,6,TTTCCCGCAGTTATCAAACA,0,3990100
xdhAp2,0.14285714285714285,6,6,TTTATATCACGCCATTTTCC,0,4009128
xdhAp2,0.14285714285714285,6,6,TTGTCCGCCAACGTTTTGTC,0,4006546
xdhAp2,0.14285714285714285,6,6,TTGGGCCTTCTACAGTCCCA,0,4012582
xdhAp2,0.14285714285714285,6,6,TTGCTATCTAGCCCGCCGGA,0,3992024
xdhAp2,0.14285714285714285,6,6,TTGATCTGCGCAAACGGCAG,0,4000113
xdhAp2,0.14285714285714285,6,6,TTCTTAATTAGAGACCTTGT,0,4008804
xdhAp2,0.14285714285714285,6,6,TTCTGGTGTACTCCTTTTTG,0,3992277
xdhAp2,0.14285714285714285,6,6,TTCCGCCCGCAGTACTAGAA,0,4011415
xdhAp2,0.14285714285714285,6,6,TTCAGCCTATTATAGAAAAC,0,3982386
xdhAp2,0.14285714285714285,6,6,TTATTGATCCGGGCTCCGAA,0,3992562
xdhAp2,0.14285714285714285,6,6,TTATTCGATTCCGAAGGAGC,0,3984561
xdhAp2,0.14285714285714285,6,6,TTATAGGCCGTTCGGAAAAA,0,4011663
xdhAp2,0.14285714285714285,6,6,TTAGTTCCGCTATGCTGATG,0,3990791
xdhAp2,0.14285714285714285,6,6,TTACACCAAGTATACCCCAC,0,4000061
xdhAp2,0.14285714285714285,6,6,TTACACAGCTCCAGCAAGTC,0,4013873
xdhAp2,0.14285714285714285,6,6,TTAACCTCATAATACGGCGC,0,3987629
xdhAp2,0.14285714285714285,6,6,TTAACAGTAAATGGTTCTGC,0,4007384
xdhAp2,0.14285714285714285,6,6,TTAAAGCGGCCTAGAGAGCA,0,3997112
xdhAp2,0.14285714285714285,6,6,TGTTGACAGTAGAAGGATAG,0,3995633
xdhAp2,0.14285714285714285,6,6,TGTTCTGAGGTGACCTTGCT,0,4013675
xdhAp2,0.14285714285714285,6,6,TGTTCACCGGTGTTGTGGCC,0,3995223
xdhAp2,0.14285714285714285,6,6,TGTCCGCAGCTGGTGGGCAG,0,4000081
xdhAp2,0.14285714285714285,6,6,TGTACCCATGTCGGAGTTGC,0,4004993
xdhAp2,0.14285714285714285,6,6,TGTACAACGCAGATGGAATT,0,4008051
xdhAp2,0.14285714285714285,6,6,TGGGGCTTTAAAGGTTTGGC,0,4013048
xdhAp2,0.14285714285714285,6,6,TGGGAACCGAAAGGTAGCGT,0,3991692
xdhAp2,0.14285714285714285,6,6,TGGCATGGTTGTGACTGGAT,0,4013388
xdhAp2,0.14285714285714285,6,6,TGCTCTAATGTCCGGCCGCG,0,3997831
xdhAp2,0.14285714285714285,6,6,TGCGCCCCGGCATGTTTTCT,0,3999545
xdhAp2,0.14285714285714285,6,6,TGCGCATGAACATTTCAGAA,0,3984519
xdhAp2,0.14285714285714285,6,6,TGCACGAATAGCATGTGGCG,0,3983001
xdhAp2,0.14285714285714285,6,6,TGATATTTTGGAGGTAGAAC,0,4012011
xdhAp2,0.14285714285714285,6,6,TGACTGTGCGGAACATCCGT,0,3986626
xdhAp2,0.14285714285714285,6,6,TGACTAAATGATTAGAATAA,0,4001867
xdhAp2,0.14285714285714285,6,6,TGACCTAGTGGTTGTCGTCT,0,4012593
xdhAp2,0.14285714285714285,6,6,TGAAGCCGCGCTCCACTACA,0,3986413
xdhAp2,0.14285714285714285,6,6,TGAAGCAGGACCATGGCATC,0,3981914
xdhAp2,0.14285714285714285,6,6,TGAACCATTGGACCGGAATT,0,4013911
xdhAp2,0.14285714285714285,6,6,TGAACAGAACGTGATTTAGG,0,3986890
xdhAp2,0.14285714285714285,6,6,TCTTTTAAGTGTGAACTCCT,0,3993497
xdhAp2,0.14285714285714285,6,6,TCTTCCATCTAGTGTGTCAA,0,3995552
xdhAp2,0.14285714285714285,6,6,TCTGCAGAGACACGATGAGC,0,4000337
xdhAp2,0.14285714285714285,6,6,TCTCTTCTAAGGTCTTATTA,0,3990283
xdhAp2,0.14285714285714285,6,6,TCTCTATGGGTACCGTGTGT,0,4001834
xdhAp2,0.14285714285714285,6,6,TCTAGAGCCCGTTTTTTTTA,0,4014258
xdhAp2,0.14285714285714285,6,6,TCGTGTACAAACATTTGGTA,0,3982042
xdhAp2,0.14285714285714285,6,6,TCGCGATGTACCGGTTCATG,0,4009707
xdhAp2,0.14285714285714285,6,6,TCGCCGGCGGCTTTCGTCTA,0,4013763
xdhAp2,0.14285714285714285,6,6,TCGATATACTGGACGATAAG,0,4004857
xdhAp2,0.14285714285714285,6,6,TCCTGTCCGCTCCCAGCGGT,0,4002967
xdhAp2,0.14285714285714285,6,6,TCCGCCGGGTAGGTTGTCGT,0,3995922
xdhAp2,0.14285714285714285,6,6,TCCGCAGGTACGATTGTTAA,0,3986304
xdhAp2,0.14285714285714285,6,6,TCCCTTAATACGTGCACCGT,0,4002073
xdhAp2,0.14285714285714285,6,6,TCCCGATGTATCACTTTTCC,0,3991982
xdhAp2,0.14285714285714285,6,6,TCCCAGGAAGTCGTATCCAG,0,4013137
xdhAp2,0.14285714285714285,6,6,TCCATGGGTTCCCACAGATG,0,4006001
xdhAp2,0.14285714285714285,6,6,TCATGAGCGTAAGTCTCGTT,0,4002032
xdhAp2,0.14285714285714285,6,6,TCATCGTAACGAAGATAAGC,0,3999199
xdhAp2,0.14285714285714285,6,6,TCAGTCTTTCACGCGCCTCA,0,4010056
xdhAp2,0.14285714285714285,6,6,TCAGGGGTAGTTGTTGCACT,0,3986693
xdhAp2,0.14285714285714285,6,6,TCAGCCATCGAGTCAACTAC,0,3987519
xdhAp2,0.14285714285714285,6,6,TCACAGGCTGACAGTGTGGT,0,4006276
xdhAp2,0.14285714285714285,6,6,TCAATGCTTAGGTACGTAGA,0,4009518
xdhAp2,0.14285714285714285,6,6,TCAAACGTTACCGCGTCCGC,0,3984369
xdhAp2,0.14285714285714285,6,6,TATCGAGTCAATTAAACGGG,0,4014191
xdhAp2,0.14285714285714285,6,6,TATCCGGGGGGAAATCATGG,0,3995698
xdhAp2,0.14285714285714285,6,6,TATCATTCGCCTTGCTGTTA,0,4003131
xdhAp2,0.14285714285714285,6,6,TATACGCCAGATTGGACCCT,0,4012386
xdhAp2,0.14285714285714285,6,6,TAGGTGTACCGCTCACACCG,0,3991410
xdhAp2,0.14285714285714285,6,6,TAGGGCACCTGTAAAAAAAC,0,3983273
xdhAp2,0.14285714285714285,6,6,TAGGCGATTTCTAATCGAAG,0,4011944
xdhAp2,0.14285714285714285,6,6,TAGCGGTTTATCTTTGTATA,0,4005636
xdhAp2,0.14285714285714285,6,6,TAGCGGTACAGAAGATGTCC,0,4007030
xdhAp2,0.14285714285714285,6,6,TAGACGAGCACACAAATTAC,0,4008163
xdhAp2,0.14285714285714285,6,6,TACTCCGCCCTGCGTCTCGC,0,3995197
xdhAp2,0.14285714285714285,6,6,TACGTTTGCTGCGGATATAA,0,4005867
xdhAp2,0.14285714285714285,6,6,TACGTGCATACGTCTGGAGG,0,4009211
xdhAp2,0.14285714285714285,6,6,TACGAGAACCCGCGGAGATA,0,3997411
xdhAp2,0.14285714285714285,6,6,TACCAATGAGAAACAAGACA,0,3994013
xdhAp2,0.14285714285714285,6,6,TACACGTGCAAACAACGTGT,0,3985988
xdhAp2,0.14285714285714285,6,6,TAATTAGGAGGATACCGTCA,0,3995126
xdhAp2,0.14285714285714285,6,6,TAATATAAAAGGGTGTATAA,0,3982767
xdhAp2,0.14285714285714285,6,6,TAATAAGACACATAAGTGTA,0,3988939
xdhAp2,0.14285714285714285,6,6,TAACGAAAGACGCGGAATCA,0,3994009
xdhAp2,0.14285714285714285,6,6,TAAAGCGCGGGAAAACTGTC,0,3996263
xdhAp2,0.14285714285714285,6,6,TAAACATTATGCAAATACAG,0,4014111
xdhAp2,0.14285714285714285,6,6,TAAAACGCTGAAACACCTGA,0,4010205
xdhAp2,0.14285714285714285,6,6,GTTTCAAACTGAACTCCAGT,0,3981738
xdhAp2,0.14285714285714285,6,6,GTTGTACTGAAGAGGGTTTT,0,4010044
xdhAp2,0.14285714285714285,6,6,GTTGCAGGCTCTTCTTCTCG,0,3988886
xdhAp2,0.14285714285714285,6,6,GTTGATGTTTGTATCGTGCA,0,4012520
xdhAp2,0.14285714285714285,6,6,GTTCGTGGCCCGAGCTCTTT,0,3989052
xdhAp2,0.14285714285714285,6,6,GTTCGACATGAATTGGCCAC,0,4002304
xdhAp2,0.14285714285714285,6,6,GTTAGCCAGTGTGGACAGAG,0,4004382
xdhAp2,0.14285714285714285,6,6,GTGTCTGGATGCGGTCAAAT,0,4010846
xdhAp2,0.14285714285714285,6,6,GTGTAGGAGTACACACTTCC,0,3987493
xdhAp2,0.14285714285714285,6,6,GTGGTTCGCCTTGGAGGTAC,0,3984728
xdhAp2,0.14285714285714285,6,6,GTGGTCGTCCCGCGGCCAGA,0,3997095
xdhAp2,0.14285714285714285,6,6,GTGCGCCGCCACAATAGTTA,0,3991042
xdhAp2,0.14285714285714285,6,6,GTGAGTTAGGTCCACTGCAT,0,3997423
xdhAp2,0.14285714285714285,6,6,GTGACCTGCATTGGATATAC,0,4011305
xdhAp2,0.14285714285714285,6,6,GTCGCCGCTAGGTAGACTCG,0,4005735
xdhAp2,0.14285714285714285,6,6,GTAGGGAACACAACATCGAA,0,3989328
xdhAp2,0.14285714285714285,6,6,GTAGACGTCCTCGGCGCTCA,0,3985089
xdhAp2,0.14285714285714285,6,6,GTACGGAGAGGTAATAGGAG,0,4001344
xdhAp2,0.14285714285714285,6,6,GTACATAAATAGTCTGCGTA,0,3992785
xdhAp2,0.14285714285714285,6,6,GTAAAGATTTCGTTATTATT,0,4006193
xdhAp2,0.14285714285714285,6,6,GGTTATAGCGTTACGCTTCC,0,4012090
xdhAp2,0.14285714285714285,6,6,GGTGGGCCAGTGATAGGCGC,0,4013921
xdhAp2,0.14285714285714285,6,6,GGTGCAACGGTGGGTCGGGA,0,4005654
xdhAp2,0.14285714285714285,6,6,GGTATCCCAATCTGGCACGT,0,3995141
xdhAp2,0.14285714285714285,6,6,GGTAGGTCGGGAGCCTTCTG,0,3991825
xdhAp2,0.14285714285714285,6,6,GGTAGAGGCCTAACTACTGA,0,3992655
xdhAp2,0.14285714285714285,6,6,GGTACGTAACTGAGCCTCTT,0,4009567
xdhAp2,0.14285714285714285,6,6,GGGTTGCCATATGTGTTGGC,0,3993914
xdhAp2,0.14285714285714285,6,6,GGGTAGCTCCGTGTCGCCCC,0,3984487
xdhAp2,0.14285714285714285,6,6,GGGGTCCCTTACTTCGCCGT,0,4007160
xdhAp2,0.14285714285714285,6,6,GGGCCTGTTCGAATCTGAAT,0,3982599
xdhAp2,0.14285714285714285,6,6,GGGCCGAACCCAAGAGTAGA,0,4009504
xdhAp2,0.14285714285714285,6,6,GGGAAGGTCTATAGATAGTA,0,3981725
xdhAp2,0.14285714285714285,6,6,GGGAAAGCACCGATTTCATC,0,4000954
xdhAp2,0.14285714285714285,6,6,GGCGTCAGAGGTGTTATGTC,0,4012846
xdhAp2,0.14285714285714285,6,6,GGCGGTACATATGTCTATAA,0,3986195
xdhAp2,0.14285714285714285,6,6,GGCCAGTGCGCGAGCGGGTG,0,4005887
xdhAp2,0.14285714285714285,6,6,GGCAGCCCTTTTTCAGATCA,0,3996208
xdhAp2,0.14285714285714285,6,6,GGATGGGCGCACTTCCGCCC,0,4006800
xdhAp2,0.14285714285714285,6,6,GGAGTCCGGTCACAGTGTGG,0,3994327
xdhAp2,0.14285714285714285,6,6,GGAGCAGCGACGTGCTTCGA,0,4010245
xdhAp2,0.14285714285714285,6,6,GGAGAGCCCATTAGACTAGG,0,3984440
xdhAp2,0.14285714285714285,6,6,GCTGTACCCGTTCCGGCGCA,0,3994365
xdhAp2,0.14285714285714285,6,6,GCTCGTATGACTAGGCGTAG,0,4009550
xdhAp2,0.14285714285714285,6,6,GCTCAATCGCAACAATTAAA,0,3985641
xdhAp2,0.14285714285714285,6,6,GCGTTGGGTATCTTACGACC,0,3998602
xdhAp2,0.14285714285714285,6,6,GCGTCCAACCCGGTTCAGCG,0,3990304
xdhAp2,0.14285714285714285,6,6,GCGTAGTGGAGTAAAGGCCT,0,3986214
xdhAp2,0.14285714285714285,6,6,GCGAGGTTCATACAACGTCG,0,4003774
xdhAp2,0.14285714285714285,6,6,GCCTCGCCTCTAGCACGAGT,0,4011685
xdhAp2,0.14285714285714285,6,6,GCCTCAGTAAGGATAAGGTC,0,4005605
xdhAp2,0.14285714285714285,6,6,GCCCAAAAATAGTCCATTGT,0,4009926
xdhAp2,0.14285714285714285,6,6,GCAGGACGGGACAATGCAGG,0,3998193
xdhAp2,0.14285714285714285,6,6,GCACTCCGAATGTGTTTTTA,0,3987395
xdhAp2,0.14285714285714285,6,6,GCACTAATCGACCGCTTTGC,0,4011598
xdhAp2,0.14285714285714285,6,6,GCACGCCTACGGCCACCACA,0,4011625
xdhAp2,0.14285714285714285,6,6,GCAAATAATGGCATCTCTAG,0,4006216
xdhAp2,0.14285714285714285,6,6,GATGTTCGGCCCGGGTGTAT,0,3988652
xdhAp2,0.14285714285714285,6,6,GATGGCTTTTGAGCCTTCAC,0,3988715
xdhAp2,0.14285714285714285,6,6,GATGGCATTTACGGCGGTAC,0,3992738
xdhAp2,0.14285714285714285,6,6,GATATACACGATTGGCGCAG,0,3984204
xdhAp2,0.14285714285714285,6,6,GATACCGTGGGACGCGTGGG,0,4010538
xdhAp2,0.14285714285714285,6,6,GAGTGCCGCGTTACGACGTC,0,3999291
xdhAp2,0.14285714285714285,6,6,GAGGTCGCGAGGCGGACCAG,0,4000948
xdhAp2,0.14285714285714285,6,6,GAGGCTGAAACGATGGACTG,0,4007209
xdhAp2,0.14285714285714285,6,6,GAGGACTTGGCATGTAGAGT,0,4011756
xdhAp2,0.14285714285714285,6,6,GAGGACTCATTGTGCCTTGC,0,4003379
xdhAp2,0.14285714285714285,6,6,GAGCTAAGAATACTTTGTTG,0,4007352
xdhAp2,0.14285714285714285,6,6,GAGAAAATTTACATTTTCAG,0,4006158
xdhAp2,0.14285714285714285,6,6,GACTCTTGGGCCGCAAGTTT,0,3982748
xdhAp2,0.14285714285714285,6,6,GACTCACGTTCACGCACATG,0,3989510
xdhAp2,0.14285714285714285,6,6,GACATCAGTTACTTTGTGTT,0,3992974
xdhAp2,0.14285714285714285,6,6,GACATACGGTGCGCTATTAA,0,3985637
xdhAp2,0.14285714285714285,6,6,GACAGTAGGCGTAAGTAATA,0,3999998
xdhAp2,0.14285714285714285,6,6,GAATCGGAGTCGGGAGCGTC,0,4006625
xdhAp2,0.14285714285714285,6,6,GAAGTGACGGATTTCGATCT,0,3982937
xdhAp2,0.14285714285714285,6,6,GAAGGCCTCTGCTCGTGCTG,0,4013676
xdhAp2,0.14285714285714285,6,6,GAAATGAAACTTTTTTCTGC,0,4010496
xdhAp2,0.14285714285714285,6,6,GAAACTTCCGAGGTAGCTTT,0,4013662
xdhAp2,0.14285714285714285,6,6,GAAAACTGGACGGCCTATAT,0,3984883
xdhAp2,0.14285714285714285,6,6,CTTTTTACTTTTGATCGCAG,0,3996357
xdhAp2,0.14285714285714285,6,6,CTTTCGTTCTCGGGCTAATG,0,4011059
xdhAp2,0.14285714285714285,6,6,CTTTACGGCGCGAACAGGGC,0,3996873
xdhAp2,0.14285714285714285,6,6,CTTGTTTCGATAGTACGCGA,0,4010873
xdhAp2,0.14285714285714285,6,6,CTTCTGCCCTTCGTATGTCT,0,3995890
xdhAp2,0.14285714285714285,6,6,CTTAGGTCTCTCTGGGACAG,0,4008024
xdhAp2,0.14285714285714285,6,6,CTTAGGATGAGTGCCGACTC,0,3988279
xdhAp2,0.14285714285714285,6,6,CTTAGAACGTCGCGCTTAGG,0,3989531
xdhAp2,0.14285714285714285,6,6,CTTAACAACATTCCGCGGAT,0,4000681
xdhAp2,0.14285714285714285,6,6,CTGTGTCTGTGGCGCTTGTT,0,3990493
xdhAp2,0.14285714285714285,6,6,CTGGTTACTGGATAGTTCGC,0,4000298
xdhAp2,0.14285714285714285,6,6,CTGGTGATGTGATCGCGTAT,0,3991376
xdhAp2,0.14285714285714285,6,6,CTGGGCTGTACCAGCTAAGA,0,4004806
xdhAp2,0.14285714285714285,6,6,CTGGACCCGTCGCGGATTTA,0,3984275
xdhAp2,0.14285714285714285,6,6,CTGGAAGTCGGATGTTTTGA,0,3987834
xdhAp2,0.14285714285714285,6,6,CTGCTAAGTGTACTCATACT,0,3990724
xdhAp2,0.14285714285714285,6,6,CTGCCCACATCAGGGGTTGA,0,4004911
xdhAp2,0.14285714285714285,6,6,CTGCCAATCATGCTCGCACG,0,3985777
xdhAp2,0.14285714285714285,6,6,CTGCATGCCTAAAGTAATGC,0,3985409
xdhAp2,0.14285714285714285,6,6,CTGAGTTGAGGTTGACATTA,0,3994315
xdhAp2,0.14285714285714285,6,6,CTGAGTTACCTGAGCGAACT,0,4014282
xdhAp2,0.14285714285714285,6,6,CTGAGTCGTTCTTGTGAATC,0,4002667
xdhAp2,0.14285714285714285,6,6,CTGAGGTGAGCTACAGGGAA,0,3982270
xdhAp2,0.14285714285714285,6,6,CTCTCAGGGAACAGTTGAGA,0,4007863
xdhAp2,0.14285714285714285,6,6,CTCGGGCTACCAGTAAGTGC,0,3998967
xdhAp2,0.14285714285714285,6,6,CTCGAGGAGTTGAATCCCAA,0,3994404
xdhAp2,0.14285714285714285,6,6,CTCCACTAAAACGCCTATAC,0,3987901
xdhAp2,0.14285714285714285,6,6,CTCATTGACAGAAACACGGT,0,4003936
xdhAp2,0.14285714285714285,6,6,CTCATCCAGACAGAGGAGGA,0,4002925
xdhAp2,0.14285714285714285,6,6,CTATCGGCTATGTTCCCTCG,0,4012516
xdhAp2,0.14285714285714285,6,6,CTAGAACACAAAGGCTAAAC,0,3993837
xdhAp2,0.14285714285714285,6,6,CTACTTGGCACTCGGCGCAA,0,4008407
xdhAp2,0.14285714285714285,6,6,CGTTGGGTTTGATACACAGT,0,3998743
xdhAp2,0.14285714285714285,6,6,CGTTAAAATGCGGAATAGCG,0,3998100
xdhAp2,0.14285714285714285,6,6,CGTGTTGTGGAAACGCGGGC,0,3982493
xdhAp2,0.14285714285714285,6,6,CGGTTCGTAGACACTACGTT,0,3988726
xdhAp2,0.14285714285714285,6,6,CGGTTCCGTTCCTTGTGCGA,0,3991133
xdhAp2,0.14285714285714285,6,6,CGGTAAGACGGGCGACCGTT,0,3990647
xdhAp2,0.14285714285714285,6,6,CGGGTTTATTCGCGTGAGTG,0,4001874
xdhAp2,0.14285714285714285,6,6,CGGGTTACGAGGCGTCTAAT,0,3986918
xdhAp2,0.14285714285714285,6,6,CGGGCTCACTATTCAGTCGG,0,4002332
xdhAp2,0.14285714285714285,6,6,CGGGCTAGGACCTCCTATCG,0,3983958
xdhAp2,0.14285714285714285,6,6,CGGGATTGGTAGACGCGGTG,0,3996374
xdhAp2,0.14285714285714285,6,6,CGGCTCTAATGAATGCGCTA,0,4007166
xdhAp2,0.14285714285714285,6,6,CGGCGCGGGCTCTCCGGCTT,0,4008442
xdhAp2,0.14285714285714285,6,6,CGGCACCTCTAACTAGAGAA,0,4011199
xdhAp2,0.14285714285714285,6,6,CGCTCGTGCGCCCTGAACAT,0,4010309
xdhAp2,0.14285714285714285,6,6,CGCTAATTCGAAACCTTCTT,0,3992596
xdhAp2,0.14285714285714285,6,6,CGCGTTCACAGGATGGCCAC,0,4010299
xdhAp2,0.14285714285714285,6,6,CGCGGGTGATCAGCTACGAG,0,3993415
xdhAp2,0.14285714285714285,6,6,CGCGCTAAAGCTATAGGTAC,0,4003181
xdhAp2,0.14285714285714285,6,6,CGCGAGTCCCGCGGAACATC,0,3996917
xdhAp2,0.14285714285714285,6,6,CGCAACTTATTGTGTTCTAT,0,3998613
xdhAp2,0.14285714285714285,6,6,CGCAAATCTGGCGGAGCCGC,0,3997591
xdhAp2,0.14285714285714285,6,6,CGCAAAACGTGTGTCGGCCA,0,3993376
xdhAp2,0.14285714285714285,6,6,CGATGCTCCGTCAGGAATAT,0,4004660
xdhAp2,0.14285714285714285,6,6,CGAGTAGGACCGCATGGGAC,0,3981778
xdhAp2,0.14285714285714285,6,6,CGAGCGTAAATAACTGCAGG,0,3991971
xdhAp2,0.14285714285714285,6,6,CGAGATTATGCGCCCAGCAT,0,4014264
xdhAp2,0.14285714285714285,6,6,CGACATGTGTATGTAGGTCT,0,3997553
xdhAp2,0.14285714285714285,6,6,CGACATCCTGTGCAGGGTTT,0,3995544
xdhAp2,0.14285714285714285,6,6,CGACACATTCGCGTTGCTAC,0,4004313
xdhAp2,0.14285714285714285,6,6,CGAAATTCTGGTAGGTGTCC,0,3983680
xdhAp2,0.14285714285714285,6,6,CCTTTGGGTGCGCACGAGGA,0,3990142
xdhAp2,0.14285714285714285,6,6,CCTTTGCCGACAGAACATTG,0,4006364
xdhAp2,0.14285714285714285,6,6,CCTCGGCATGGAGGTCGAGA,0,4011098
xdhAp2,0.14285714285714285,6,6,CCGTCGTGGCTCTTCGTCTT,0,3982802
xdhAp2,0.14285714285714285,6,6,CCGTCCACGTATTGAAGCTC,0,3996197
xdhAp2,0.14285714285714285,6,6,CCGTCACGAGTTGCGGCTTC,0,3995831
xdhAp2,0.14285714285714285,6,6,CCGGGTAGGGATGTCACGTT,0,3993113
xdhAp2,0.14285714285714285,6,6,CCGGCGAGTCGAGCATAAAA,0,3986308
xdhAp2,0.14285714285714285,6,6,CCGGCCAGAACTGTTACTGC,0,3992264
xdhAp2,0.14285714285714285,6,6,CCGCTGTGTGTGCCACCTGG,0,4008180
xdhAp2,0.14285714285714285,6,6,CCGATAGTGGCTCACATTCT,0,3981958
xdhAp2,0.14285714285714285,6,6,CCGAGGGGTGCTATACACAG,0,4009426
xdhAp2,0.14285714285714285,6,6,CCCTTTCGGAAAGAGGAATG,0,4001371
xdhAp2,0.14285714285714285,6,6,CCCGGCCAAATACAAGGCAT,0,3983351
xdhAp2,0.14285714285714285,6,6,CCCCCGCCTAGTACTGACGG,0,4012456
xdhAp2,0.14285714285714285,6,6,CCATGGGGGCGCTAGTTAAC,0,3993493
xdhAp2,0.14285714285714285,6,6,CCATGCCGGTAACGGGACTG,0,4001623
xdhAp2,0.14285714285714285,6,6,CCATCCATTTAGTTATGGAC,0,4004837
xdhAp2,0.14285714285714285,6,6,CCATATCGCCCCACGTGCCT,0,3981584
xdhAp2,0.14285714285714285,6,6,CCAGTGAGGGTCGCAGGGTG,0,3990121
xdhAp2,0.14285714285714285,6,6,CCAGTATCACAACCCTCGCT,0,4009091
xdhAp2,0.14285714285714285,6,6,CCAGGATTACGAGCGAATCT,0,3982865
xdhAp2,0.14285714285714285,6,6,CCACTTTAAGTCTCGACGCG,0,4007047
xdhAp2,0.14285714285714285,6,6,CCACTCGGCCCAACCCCTGG,0,4000661
xdhAp2,0.14285714285714285,6,6,CCACGGCCATGCTGTGTGAT,0,3988829
xdhAp2,0.14285714285714285,6,6,CCACCTATGACCCACGTGAA,0,3997443
xdhAp2,0.14285714285714285,6,6,CCAATCAACCCTAATATGCA,0,3993906
xdhAp2,0.14285714285714285,6,6,CCAATAGGTGACACTATCGA,0,4011465
xdhAp2,0.14285714285714285,6,6,CATTTCAGCTAGCCTAAATG,0,4006570
xdhAp2,0.14285714285714285,6,6,CATTCGCGCCGACATAGTAT,0,3989840
xdhAp2,0.14285714285714285,6,6,CATCCTTTGTAAGGGTGTCT,0,3994185
xdhAp2,0.14285714285714285,6,6,CATCACTCATATTTTCTACC,0,3994068
xdhAp2,0.14285714285714285,6,6,CATAGTAGTAATCAATATAT,0,4011501
xdhAp2,0.14285714285714285,6,6,CATAGCTTCAAAGGGCCTTA,0,4008598
xdhAp2,0.14285714285714285,6,6,CAGTGCCTACTCCTGCTGCA,0,3993989
xdhAp2,0.14285714285714285,6,6,CAGTCTAATCCGGTTGCCTG,0,3992462
xdhAp2,0.14285714285714285,6,6,CAGGTTCAATATCGAACATT,0,3984222
xdhAp2,0.14285714285714285,6,6,CAGGCGGTCGTGGTTGGAGA,0,3987192
xdhAp2,0.14285714285714285,6,6,CAGGCCTCGTGAGGCGCCGA,0,4001368
xdhAp2,0.14285714285714285,6,6,CAGCGGACATTCCGAGCGTC,0,4003791
xdhAp2,0.14285714285714285,6,6,CAGACGGCGGGTCGTGGTGC,0,4001788
xdhAp2,0.14285714285714285,6,6,CACTTTACTCCTCGAAGTTA,0,4013262
xdhAp2,0.14285714285714285,6,6,CACCCAGCGCAAGCGGCGCA,0,4004156
xdhAp2,0.14285714285714285,6,6,CACAAGTACGTCCTTCAACT,0,3985754
xdhAp2,0.14285714285714285,6,6,CAATCTGATTTCCCCTATGG,0,4009570
xdhAp2,0.14285714285714285,6,6,CAAGCGTGGTTCGCAGCTCT,0,3994279
xdhAp2,0.14285714285714285,6,6,CAAGACCGTCGGGGATCAAG,0,4009814
xdhAp2,0.14285714285714285,6,6,CAAGAAGGAGGGTCCGACTC,0,4009555
xdhAp2,0.14285714285714285,6,6,CAACTGGGTTCTTCAACAGC,0,3985304
xdhAp2,0.14285714285714285,6,6,CAACCCCTTATAAGGTGGCC,0,3989159
xdhAp2,0.14285714285714285,6,6,CAACATTTCGTTCGGGTTCC,0,3993287
xdhAp2,0.14285714285714285,6,6,CAAATCGTAAAGTAAATGAT,0,3990294
xdhAp2,0.14285714285714285,6,6,CAAACGGGATCAGTATACGT,0,4014206
xdhAp2,0.14285714285714285,6,6,CAAACCGGTGCGCTCTCGGC,0,3989490
xdhAp2,0.14285714285714285,6,6,ATTTGAGTGGATTTGCTTAT,0,4008001
xdhAp2,0.14285714285714285,6,6,ATTTCCGGTTTGGGTTAGGC,0,3982092
xdhAp2,0.14285714285714285,6,6,ATTTACAGTAGCGTTTTCCG,0,3997462
xdhAp2,0.14285714285714285,6,6,ATTGTCACCGTGTATGCTTA,0,3990328
xdhAp2,0.14285714285714285,6,6,ATTGGGGTAGCAACGGTCAT,0,3985594
xdhAp2,0.14285714285714285,6,6,ATTCGACAGTAGTACGCTGT,0,4002763
xdhAp2,0.14285714285714285,6,6,ATGTGGCCCGCTACTAGGAG,0,3991502
xdhAp2,0.14285714285714285,6,6,ATGTCAAATCAGAGGGCGGT,0,3988298
xdhAp2,0.14285714285714285,6,6,ATGGGATATGAGTCGAAGGG,0,4006813
xdhAp2,0.14285714285714285,6,6,ATGGCTAGTATGTCCATCGT,0,4010524
xdhAp2,0.14285714285714285,6,6,ATGCGCCGTCAAGGATGCCC,0,3990933
xdhAp2,0.14285714285714285,6,6,ATGCAGCCGCCCACGATCGG,0,4014032
xdhAp2,0.14285714285714285,6,6,ATGATTAAATATTGCGACAA,0,3982416
xdhAp2,0.14285714285714285,6,6,ATGATCGGTCAGTCTAACAA,0,3995355
xdhAp2,0.14285714285714285,6,6,ATGACGCTTTATCCCGTGTG,0,3998205
xdhAp2,0.14285714285714285,6,6,ATGACATCCAGTATCAGAAG,0,3987594
xdhAp2,0.14285714285714285,6,6,ATCTCTGAGAGGAAGCTCGT,0,3998386
xdhAp2,0.14285714285714285,6,6,ATCTAGGTGGTATTCTAGCT,0,3988520
xdhAp2,0.14285714285714285,6,6,ATCTAGATCGGTGCAGCCTT,0,4000090
xdhAp2,0.14285714285714285,6,6,ATCCTCTGGCCGCCAATATT,0,3998064
xdhAp2,0.14285714285714285,6,6,ATCCCGAGTCCGTAGAGTAC,0,4004891
xdhAp2,0.14285714285714285,6,6,ATCAGGCTATTCGGACCAAA,0,4007757
xdhAp2,0.14285714285714285,6,6,ATCAACAATCGGGTCCAGGA,0,3999213
xdhAp2,0.14285714285714285,6,6,ATATGTATATCGGCTTTCGG,0,3990518
xdhAp2,0.14285714285714285,6,6,ATATCCCAAATTCCTAGCCT,0,3988857
xdhAp2,0.14285714285714285,6,6,ATAGAAAGTCGTGTCGTTGG,0,4008528
xdhAp2,0.14285714285714285,6,6,ATACGCATCGATCACATGGC,0,4011311
xdhAp2,0.14285714285714285,6,6,ATACCGTTAGGAGGAGCTCT,0,3997764
xdhAp2,0.14285714285714285,6,6,ATACATTAACATATGCCCTG,0,3999441
xdhAp2,0.14285714285714285,6,6,ATACAATTCTTGGACGCTGG,0,4008140
xdhAp2,0.14285714285714285,6,6,ATAAACGGGTACAGCGTACC,0,3984006
xdhAp2,0.14285714285714285,6,6,AGTTTGGTGGAGAATGGTAG,0,3997723
xdhAp2,0.14285714285714285,6,6,AGTTTCGAGGAGCGACACTA,0,4004408
xdhAp2,0.14285714285714285,6,6,AGTTTCATCATCTGGACGCC,0,3988868
xdhAp2,0.14285714285714285,6,6,AGTCGAGTCCTTCGTTACGC,0,3992208
xdhAp2,0.14285714285714285,6,6,AGTCACTACGGAGTGGCGGA,0,3990690
xdhAp2,0.14285714285714285,6,6,AGTATGGTCCCTCAGTCGGC,0,3999564
xdhAp2,0.14285714285714285,6,6,AGGTGGTCCTGCGAAGGGAT,0,4005268
xdhAp2,0.14285714285714285,6,6,AGGTGGCAGATCAAGTTAGT,0,3996048
xdhAp2,0.14285714285714285,6,6,AGGGATTCAATGCCGGGGGC,0,3995224
xdhAp2,0.14285714285714285,6,6,AGGCGCGCACCTCTCTTTCA,0,4011679
xdhAp2,0.14285714285714285,6,6,AGGCCAGCATGCGCCCATTA,0,4000976
xdhAp2,0.14285714285714285,6,6,AGGATGGTATGGTTATATGT,0,3984608
xdhAp2,0.14285714285714285,6,6,AGGATCTCCGCGGTGTCCTC,0,4009479
xdhAp2,0.14285714285714285,6,6,AGGAAACTCTTAGTGGAGAT,0,3996919
xdhAp2,0.14285714285714285,6,6,AGCTTAGATGCGGATGTAAT,0,3985800
xdhAp2,0.14285714285714285,6,6,AGCGGCACGGCGAAGGTTTA,0,3982934
xdhAp2,0.14285714285714285,6,6,AGCGCACGGAAGATGCCTCG,0,3997141
xdhAp2,0.14285714285714285,6,6,AGCCTAGGCCAATTGCAGGT,0,4002503
xdhAp2,0.14285714285714285,6,6,AGCAATGTGACAACAGGTTA,0,3996809
xdhAp2,0.14285714285714285,6,6,AGATGTTTATCTAGGGTGTC,0,3988237
xdhAp2,0.14285714285714285,6,6,AGATCGTGTATTATGAGGTG,0,3998118
xdhAp2,0.14285714285714285,6,6,AGATCCGTGGCGTCTTGGGG,0,4007579
xdhAp2,0.14285714285714285,6,6,AGAGAAAACGCGAGTCGAGG,0,3989595
xdhAp2,0.14285714285714285,6,6,AGACTATTGTTTAACTTAGC,0,3983216
xdhAp2,0.14285714285714285,6,6,ACTTTAGATACGTTAAGAAT,0,4000556
xdhAp2,0.14285714285714285,6,6,ACTTTACGGTGCATGCGTGG,0,4000884
xdhAp2,0.14285714285714285,6,6,ACTTCCCACCTGGAGGTTAG,0,3983607
xdhAp2,0.14285714285714285,6,6,ACTCTCTCCTTCGTTTACAG,0,3990577
xdhAp2,0.14285714285714285,6,6,ACTCTAGCGGGCTACGCAGA,0,4013406
xdhAp2,0.14285714285714285,6,6,ACTATGGGACAGGGACACCA,0,3999995
xdhAp2,0.14285714285714285,6,6,ACTACCTCGATTGTGCGCGG,0,3982545
xdhAp2,0.14285714285714285,6,6,ACGGAAGCGCATTCTCAGTG,0,3989948
xdhAp2,0.14285714285714285,6,6,ACGAAGAGCCCAGTTAGCAG,0,4012279
xdhAp2,0.14285714285714285,6,6,ACGAACCCGCGGCGCAACGA,0,4004367
xdhAp2,0.14285714285714285,6,6,ACCTGAACCTACAGGCGGGA,0,3987721
xdhAp2,0.14285714285714285,6,6,ACCGGTGCTGCGCGTTCCTG,0,3991128
xdhAp2,0.14285714285714285,6,6,ACCGGGCAAACGACTAATCA,0,3994584
xdhAp2,0.14285714285714285,6,6,ACCGAGCGGGGTGCTAATTA,0,3987265
xdhAp2,0.14285714285714285,6,6,ACCCCTACATATACTGCCAC,0,3994100
xdhAp2,0.14285714285714285,6,6,ACCCCACACACGCTATTGTC,0,3983307
xdhAp2,0.14285714285714285,6,6,ACCATAATGGCTGAGAACAA,0,3982192
xdhAp2,0.14285714285714285,6,6,ACCAAACCGATGGGACTCGT,0,4006842
xdhAp2,0.14285714285714285,6,6,ACATTGGTGAAGGGTATCAC,0,4007649
xdhAp2,0.14285714285714285,6,6,ACATGCAGGCATATTTTTCA,0,3988002
xdhAp2,0.14285714285714285,6,6,ACATAAGCTCCTCAGTCTGG,0,3985486
xdhAp2,0.14285714285714285,6,6,ACAGTCCTCCAAGTGATTGG,0,4004980
xdhAp2,0.14285714285714285,6,6,ACAGAACTGCTGTAAGAGTG,0,3991336
xdhAp2,0.14285714285714285,6,6,ACACGTCGTTCACCTATGCG,0,3994189
xdhAp2,0.14285714285714285,6,6,ACACGAAAAGTTCCTGGCGC,0,4001023
xdhAp2,0.14285714285714285,6,6,ACAAGGGTTAACCGAATGCC,0,4000640
xdhAp2,0.14285714285714285,6,6,ACAAATAAGCGAGCTCGCGT,0,3987711
xdhAp2,0.14285714285714285,6,6,AATTCGTATAGGCTAGAATC,0,4008222
xdhAp2,0.14285714285714285,6,6,AATTATGTTGTGAGGGTTTC,0,3984594
xdhAp2,0.14285714285714285,6,6,AATGTCAAAGGTCTCTTAAT,0,3996595
xdhAp2,0.14285714285714285,6,6,AATGGGAAACACACGGGGTG,0,3998049
xdhAp2,0.14285714285714285,6,6,AATCGACACAGCGCCGCTGT,0,3981989
xdhAp2,0.14285714285714285,6,6,AATCATCGTCCGAGCGGCGG,0,3995236
xdhAp2,0.14285714285714285,6,6,AATAGTGGCTCAAACCCACA,0,3995235
xdhAp2,0.14285714285714285,6,6,AAGTAAGTTGGATTCCGTTT,0,3989728
xdhAp2,0.14285714285714285,6,6,AAGGGGACTGTTAGTGTTTT,0,3995821
xdhAp2,0.14285714285714285,6,6,AAGCTCATGTTGGGTACGTT,0,4010877
xdhAp2,0.14285714285714285,6,6,AAGCGGGGACCAAGTGCCAG,0,3992094
xdhAp2,0.14285714285714285,6,6,AAGCCAATGCAGCACCGGAG,0,3986974
xdhAp2,0.14285714285714285,6,6,AACTATCACTATTGGCTTCC,0,3986129
xdhAp2,0.14285714285714285,6,6,AACCTGGAACTTCAACGTTC,0,3982505
xdhAp2,0.14285714285714285,6,6,AACCTCGCGTGCTCTTCGTA,0,3985734
xdhAp2,0.14285714285714285,6,6,AACCGGGTTTAAGATCGGGG,0,4003511
xdhAp2,0.14285714285714285,6,6,AACACTTGTCACCACGACTT,0,3985202
xdhAp2,0.14285714285714285,6,6,AACACCCGGCCACGGTAGGC,0,3990320
xdhAp2,0.14285714285714285,6,6,AACAATATGGGGCACGCTCA,0,4005369
xdhAp2,0.14285714285714285,6,6,AAAGGGAACTGCGGAGTACA,0,3996856
xdhAp2,0.14285714285714285,6,6,AAAGACCTCACCAACCTCGG,0,3993296
xdhAp2,0.14285714285714285,6,6,AAACGGGACCCACCAAAACT,0,4008757
xdhAp2,0.14285714285714285,6,6,AAAAATACCGTCTGCAGACC,0,4008186
xdhAp2,0.16666666666666666,5,5,TTTTCGTATACAGCAGGGCA,0,4007861
xdhAp2,0.16666666666666666,5,5,TTTCGTAGTCAAGTCAGGGC,0,4006573
xdhAp2,0.16666666666666666,5,5,TTTCCTGCATGTTATGGGCT,0,4003184
xdhAp2,0.16666666666666666,5,5,TTTCCTCTCCTCAGCAGGGA,0,3983126
xdhAp2,0.16666666666666666,5,5,TTTCCGTGGCATCGTTGGTT,0,4004925
xdhAp2,0.16666666666666666,5,5,TTGTTCATCAGATTGCGGTC,0,4007325
xdhAp2,0.16666666666666666,5,5,TTGTCTGGACTTTTCCCTCT,0,3988765
xdhAp2,0.16666666666666666,5,5,TTGGTACAATTTCAGTGCCA,0,3995819
xdhAp2,0.16666666666666666,5,5,TTGGGATAGGTTACAGCGGG,0,3984357
xdhAp2,0.16666666666666666,5,5,TTGCTATCCAGCTAGATCAG,0,4000039
xdhAp2,0.16666666666666666,5,5,TTGCGGACTTGTTACGCGAT,0,3983949
xdhAp2,0.16666666666666666,5,5,TTGCATCTGAAATTGGTTAC,0,3995928
xdhAp2,0.16666666666666666,5,5,TTGATTGCTTCTGTGAACCC,0,3993409
xdhAp2,0.16666666666666666,5,5,TTGAGGAGTTCTCTTCCGTT,0,4000893
xdhAp2,0.16666666666666666,5,5,TTCGCAAAGGATTAGCCGGA,0,3985913
xdhAp2,0.16666666666666666,5,5,TTCCTGCTCTCAACCGGAAG,0,3986362
xdhAp2,0.16666666666666666,5,5,TTCCGGGTCTGTGGTTCAAA,0,4004393
xdhAp2,0.16666666666666666,5,5,TTCCATAAAGCCCGGCCCCA,0,3989327
xdhAp2,0.16666666666666666,5,5,TTCCAGATAGGATTAAAGAG,0,3987597
xdhAp2,0.16666666666666666,5,5,TTCATTTCACTTCACGGCCT,0,3996025
xdhAp2,0.16666666666666666,5,5,TTCATCGGTCCCATTCCATC,0,3999646
xdhAp2,0.16666666666666666,5,5,TTCACATGATGCCAGACTTG,0,3996736
xdhAp2,0.16666666666666666,5,5,TTCACAGTCTGGATTGCGAC,0,3996313
xdhAp2,0.16666666666666666,5,5,TTATTGTTTCTTCGGTTGGA,0,4008362
xdhAp2,0.16666666666666666,5,5,TTATCGGTAGTAGCCTGCCA,0,4004838
xdhAp2,0.16666666666666666,5,5,TTATAAAGTCTCTGAGGCGT,0,3993161
xdhAp2,0.16666666666666666,5,5,TTACGTAGCTATGTCCGGTG,0,4005858
xdhAp2,0.16666666666666666,5,5,TTACACCGGAGGGGGAGTAC,0,3998797
xdhAp2,0.16666666666666666,5,5,TGTTGGCAATTTTAAGGCGG,0,3982396
xdhAp2,0.16666666666666666,5,5,TGTTGAGGACTCGGTTCAGG,0,3995675
xdhAp2,0.16666666666666666,5,5,TGTTCGGTATAAGCATAGAC,0,3996877
xdhAp2,0.16666666666666666,5,5,TGTTAGTTGTGACCTTTCGT,0,4005736
xdhAp2,0.16666666666666666,5,5,TGTGGAATGTGGAAGGCGGG,0,4006877
xdhAp2,0.16666666666666666,5,5,TGTCACCGTCAGATCTTCGT,0,4013794
xdhAp2,0.16666666666666666,5,5,TGTAGTAACTTGTGAGTAGT,0,3982385
xdhAp2,0.16666666666666666,5,5,TGTAACCTATAACGCGCCTA,0,4001808
xdhAp2,0.16666666666666666,5,5,TGGTTGGTGGCTAGAGCTAA,0,4012764
xdhAp2,0.16666666666666666,5,5,TGGTACTGACTAAGAAGCCA,0,4008368
xdhAp2,0.16666666666666666,5,5,TGGTACCCGGAACCCGCGCA,0,4002617
xdhAp2,0.16666666666666666,5,5,TGGGCTCGCTGGTTGACTCG,0,4012301
xdhAp2,0.16666666666666666,5,5,TGGGACTCTCCATTCACATC,0,3988289
xdhAp2,0.16666666666666666,5,5,TGGCGCTCAAAGAGGCGTTT,0,3998647
xdhAp2,0.16666666666666666,5,5,TGGCGCGGCAATGATCCCAC,0,3982681
xdhAp2,0.16666666666666666,5,5,TGGCACGGGACCCAGACACC,0,3993314
xdhAp2,0.16666666666666666,5,5,TGGATTTTCTAGCCATCGTC,0,4002014
xdhAp2,0.16666666666666666,5,5,TGCGTGTAAGAATTAGGTAC,0,3987889
xdhAp2,0.16666666666666666,5,5,TGCGTCTGGAGGACAACTAA,0,3983103
xdhAp2,0.16666666666666666,5,5,TGCGCAATGATCGTGTCTGA,0,3982000
xdhAp2,0.16666666666666666,5,5,TGCGAGGTAAATTAACCGTC,0,4008882
xdhAp2,0.16666666666666666,5,5,TGCAGTATCCTCAGCGTCGG,0,3989548
xdhAp2,0.16666666666666666,5,5,TGCAGGTGTTGAGTTCGGTT,0,3988180
xdhAp2,0.16666666666666666,5,5,TGATGCTCACGGATGGAAAT,0,4001059
xdhAp2,0.16666666666666666,5,5,TGAGTGTCACGGTGCTCAGA,0,3985683
xdhAp2,0.16666666666666666,5,5,TGAGGTGGTGCGGGTTAAAT,0,4005036
xdhAp2,0.16666666666666666,5,5,TGACCGAGGGGCGCTTGTTA,0,3988658
xdhAp2,0.16666666666666666,5,5,TGAACTGTGCGTTGCGACCT,0,4009164
xdhAp2,0.16666666666666666,5,5,TGAAAATCAGTTAGGCAAAA,0,3985523
xdhAp2,0.16666666666666666,5,5,TCTTCATAGTGGACACCACT,0,3991158
xdhAp2,0.16666666666666666,5,5,TCTGCGCTGCAAACCGAGAC,0,3999300
xdhAp2,0.16666666666666666,5,5,TCTCGGGAACGCTCACAATC,0,4007929
xdhAp2,0.16666666666666666,5,5,TCTCGGCCCACACGTGTTGC,0,3989215
xdhAp2,0.16666666666666666,5,5,TCTCGCGCACATTACAAAGA,0,3981787
xdhAp2,0.16666666666666666,5,5,TCTAGCCCATATCTTATGTA,0,3984017
xdhAp2,0.16666666666666666,5,5,TCTAGACACGCACAATGGCT,0,3985326
xdhAp2,0.16666666666666666,5,5,TCTACATTGTGCAACCGAAG,0,4003311
xdhAp2,0.16666666666666666,5,5,TCTAAGACGGGCATGCCACC,0,4000973
xdhAp2,0.16666666666666666,5,5,TCGTCCAATGGACGATACCC,0,4001131
xdhAp2,0.16666666666666666,5,5,TCGTACACGGGATATAAAAT,0,3995087
xdhAp2,0.16666666666666666,5,5,TCGGATGTGAGACGTGGGTC,0,4014336
xdhAp2,0.16666666666666666,5,5,TCGCTAACACGATTAACATT,0,3991431
xdhAp2,0.16666666666666666,5,5,TCGCAAGAGAAAACGCAGCG,0,3982452
xdhAp2,0.16666666666666666,5,5,TCGATTCCATGGTAGGACGT,0,3999207
xdhAp2,0.16666666666666666,5,5,TCGAGGACCCCCATAGCAGT,0,4001950
xdhAp2,0.16666666666666666,5,5,TCGAGCAGGTGGGTAGCAGG,0,3999590
xdhAp2,0.16666666666666666,5,5,TCGACACAATCGAGTCTTTG,0,3989165
xdhAp2,0.16666666666666666,5,5,TCCGGGGATCTGTCTTTGAG,0,4003381
xdhAp2,0.16666666666666666,5,5,TCCGCCCTTGCACGAAGAGT,0,4000361
xdhAp2,0.16666666666666666,5,5,TCCGAGTGTCACTAGTTGGG,0,3987900
xdhAp2,0.16666666666666666,5,5,TCCACAACAATCAATGGGTC,0,4001775
xdhAp2,0.16666666666666666,5,5,TCCAAGCCGGGACCCCGGCC,0,4003827
xdhAp2,0.16666666666666666,5,5,TCCAAACTCACAGGCAAGAG,0,3985868
xdhAp2,0.16666666666666666,5,5,TCAGCACACGATAACCCATT,0,3988997
xdhAp2,0.16666666666666666,5,5,TCAGAATACCTGGAGCTATA,0,4013894
xdhAp2,0.16666666666666666,5,5,TCAACATCCGGAGGAGTAGA,0,4000051
xdhAp2,0.16666666666666666,5,5,TATTGCTCGATCATAGAATA,0,3985227
xdhAp2,0.16666666666666666,5,5,TATTGACCCCGTCCTTTTAC,0,3992686
xdhAp2,0.16666666666666666,5,5,TATTATCTCGCTCGCTAAAT,0,4007574
xdhAp2,0.16666666666666666,5,5,TATGTCAAATATTTACGCGT,0,4014081
xdhAp2,0.16666666666666666,5,5,TATGGTCGATAGCGTGACTC,0,3995555
xdhAp2,0.16666666666666666,5,5,TATGGTAGTCTGGTCAGAAT,0,4002993
xdhAp2,0.16666666666666666,5,5,TATGCGGCCGGATCAGCTTA,0,4009248
xdhAp2,0.16666666666666666,5,5,TATCGAGGCGAGTTGTGTCT,0,4005411
xdhAp2,0.16666666666666666,5,5,TATAGTCGGCTCAGCTAGAG,0,3984291
xdhAp2,0.16666666666666666,5,5,TAGTCTCTTCTTTCGTACGA,0,4011377
xdhAp2,0.16666666666666666,5,5,TAGGTTCTGGTGCCCAAGGT,0,4003955
xdhAp2,0.16666666666666666,5,5,TAGGGCGCCAACCGTAATTT,0,3995400
xdhAp2,0.16666666666666666,5,5,TAGCCCGGCAATGTTCAAAA,0,4004603
xdhAp2,0.16666666666666666,5,5,TAGAAAGAGCGTGATGGAAG,0,4002686
xdhAp2,0.16666666666666666,5,5,TACTGCGTGCCAAGCGTTCA,0,3996054
xdhAp2,0.16666666666666666,5,5,TACGGGTCCTCCGCTAACCT,0,3988705
xdhAp2,0.16666666666666666,5,5,TACCGACTATGCACACGGCA,0,3996761
xdhAp2,0.16666666666666666,5,5,TACACCCATCGTCTAATAGT,0,3997438
xdhAp2,0.16666666666666666,5,5,TAATTGGGAAACTGTTACAT,0,3994688
xdhAp2,0.16666666666666666,5,5,TAATCGCGCGAGCGTGCACT,0,3985537
xdhAp2,0.16666666666666666,5,5,TAATAGTACTGAGCGGATCG,0,4012715
xdhAp2,0.16666666666666666,5,5,TAAGTGCACTCACATGCAAT,0,3990566
xdhAp2,0.16666666666666666,5,5,TAAGTCACAGTGGCCTGGGC,0,3989064
xdhAp2,0.16666666666666666,5,5,TAAGATATGACGCTGCATGA,0,4002720
xdhAp2,0.16666666666666666,5,5,TAACACTCTATTAACCGGAT,0,4004411
xdhAp2,0.16666666666666666,5,5,TAAACAGGTAGCCCCTGATC,0,4003234
xdhAp2,0.16666666666666666,5,5,TAAAACGAGCTCGCGTACGT,0,3996546
xdhAp2,0.16666666666666666,5,5,GTTTTAGATCTTATCAGGAC,0,4012148
xdhAp2,0.16666666666666666,5,5,GTTTCTCGGTAGACAGTCCT,0,3998087
xdhAp2,0.16666666666666666,5,5,GTTTCAGCATAAAAATTCGT,0,3982269
xdhAp2,0.16666666666666666,5,5,GTTTATCTGGTATGACACTA,0,3988000
xdhAp2,0.16666666666666666,5,5,GTTGTTTAGACATTAAAAAA,0,4006715
xdhAp2,0.16666666666666666,5,5,GTTCGAGCATTAAGATATGC,0,4007739
xdhAp2,0.16666666666666666,5,5,GTTCGACACTTCCGCTGATA,0,3986146
xdhAp2,0.16666666666666666,5,5,GTTCCATGGGAGACCACATA,0,3992305
xdhAp2,0.16666666666666666,5,5,GTTATTCGATGAAAGACACT,0,3993686
xdhAp2,0.16666666666666666,5,5,GTTAGTTGCTAAGGGAAGTA,0,3995334
xdhAp2,0.16666666666666666,5,5,GTTAAACATCAGGGTTAAAA,0,3994927
xdhAp2,0.16666666666666666,5,5,GTGGTTTAGCCGTCACGCTA,0,4013233
xdhAp2,0.16666666666666666,5,5,GTGGTAGTCTCGGACGTGCG,0,3984520
xdhAp2,0.16666666666666666,5,5,GTGGCCGTTGACGTGTCGAC,0,3990300
xdhAp2,0.16666666666666666,5,5,GTGGAGGGCTGCTTAGTTAC,0,3982184
xdhAp2,0.16666666666666666,5,5,GTGCTGGGCAGTTAGGGATA,0,3991233
xdhAp2,0.16666666666666666,5,5,GTGCACTGGAACATTGAACC,0,4001322
xdhAp2,0.16666666666666666,5,5,GTGAGTACACGTATTACCGA,0,3990770
xdhAp2,0.16666666666666666,5,5,GTGACTCGGAGAGGAATGAC,0,4013468
xdhAp2,0.16666666666666666,5,5,GTGAATGGGGTATGCAAGTA,0,3988285
xdhAp2,0.16666666666666666,5,5,GTCTCACTGATTAGCCAGCC,0,4006793
xdhAp2,0.16666666666666666,5,5,GTCGTCTACCTCGGCGGCCT,0,3989641
xdhAp2,0.16666666666666666,5,5,GTCGGGCCAGCTACAGGGGA,0,4004916
xdhAp2,0.16666666666666666,5,5,GTCGGCGTGAAGGCAAACAT,0,4009064
xdhAp2,0.16666666666666666,5,5,GTCGCTTTGAAGTGCGAAAT,0,3994134
xdhAp2,0.16666666666666666,5,5,GTCAAGACATGAATTGGCAT,0,3985859
xdhAp2,0.16666666666666666,5,5,GTAGTTGTCCGGCAGCTGAA,0,3995387
xdhAp2,0.16666666666666666,5,5,GTAGTATTGAGGCAGGTCTA,0,4000665
xdhAp2,0.16666666666666666,5,5,GTAGGTTCATCGGCACTTTC,0,3993902
xdhAp2,0.16666666666666666,5,5,GTAGACATCGGGCAGGCAAA,0,4012369
xdhAp2,0.16666666666666666,5,5,GTACGACTCTGACCAAACCG,0,4008510
xdhAp2,0.16666666666666666,5,5,GTACAAGCGAGCCTTCTTTG,0,4002804
xdhAp2,0.16666666666666666,5,5,GTAATACAGGATATTCTTTC,0,4011041
xdhAp2,0.16666666666666666,5,5,GTAAGCAGGCCTTGTTTCCT,0,3990547
xdhAp2,0.16666666666666666,5,5,GTAACGTCGTCCTGTCAGGA,0,4005101
xdhAp2,0.16666666666666666,5,5,GGTTTATCTTCGGCGCAATG,0,3993961
xdhAp2,0.16666666666666666,5,5,GGTTCCGATCTACCAGGTGG,0,4013677
xdhAp2,0.16666666666666666,5,5,GGTTCAAGTGGGTACGGCTT,0,4005322
xdhAp2,0.16666666666666666,5,5,GGTGTAGTCAGGGGCCCTGT,0,3999054
xdhAp2,0.16666666666666666,5,5,GGTGACGATGTACGCAAGTG,0,4010372
xdhAp2,0.16666666666666666,5,5,GGTGAATTACTTCACCTAGA,0,3985799
xdhAp2,0.16666666666666666,5,5,GGTCTTTACTAGAGAGTCAG,0,4004422
xdhAp2,0.16666666666666666,5,5,GGTCGGAAGGATGGTTAATC,0,4001101
xdhAp2,0.16666666666666666,5,5,GGTCAGCGTTACTCCTGATG,0,4014156
xdhAp2,0.16666666666666666,5,5,GGTCAAAAATAGGCGATATT,0,3991713
xdhAp2,0.16666666666666666,5,5,GGTATGAGCAGGAATTAGCC,0,3984780
xdhAp2,0.16666666666666666,5,5,GGTACAGCGAACCGCGTAAA,0,4001515
xdhAp2,0.16666666666666666,5,5,GGGGTGGCGTCGGTTCAATT,0,3986764
xdhAp2,0.16666666666666666,5,5,GGGGTAGTACTGATCATTTC,0,3988611
xdhAp2,0.16666666666666666,5,5,GGGGGAGAAGATAGAGGGCG,0,4007878
xdhAp2,0.16666666666666666,5,5,GGGGGACGGTAACAATCTGA,0,3993794
xdhAp2,0.16666666666666666,5,5,GGGGCGCGTAACCAGTAATG,0,4014034
xdhAp2,0.16666666666666666,5,5,GGGCCTACCGCAAGCACCCT,0,4006873
xdhAp2,0.16666666666666666,5,5,GGGCCCCCTCATAAGTCCAA,0,4003308
xdhAp2,0.16666666666666666,5,5,GGGCATATACTTTCGGACCA,0,3997519
xdhAp2,0.16666666666666666,5,5,GGGCAGTGGGAGTCCAAGTC,0,4001827
xdhAp2,0.16666666666666666,5,5,GGGAGTATCACTTTTAATCA,0,3985832
xdhAp2,0.16666666666666666,5,5,GGCTCCTGTGGTGCTGAAGT,0,3988263
xdhAp2,0.16666666666666666,5,5,GGCGTTTACTACCCCCTATG,0,3993427
xdhAp2,0.16666666666666666,5,5,GGCGTGCTATTCTCCATCTC,0,4000672
xdhAp2,0.16666666666666666,5,5,GGCGTAGTCCCTTGGCTCTT,0,3998742
xdhAp2,0.16666666666666666,5,5,GGCGGGAGAGAGTTAACCCT,0,3991471
xdhAp2,0.16666666666666666,5,5,GGCGGCAGGTTGGCAGTACG,0,4002648
xdhAp2,0.16666666666666666,5,5,GGCCGGCGTAGACAGACGTA,0,3991607
xdhAp2,0.16666666666666666,5,5,GGCCATCATCAAGAGTCTTT,0,3982219
xdhAp2,0.16666666666666666,5,5,GGCCAATAGAACGAATGGAC,0,3995282
xdhAp2,0.16666666666666666,5,5,GGCAGTTATTAGTGGGGACA,0,3996342
xdhAp2,0.16666666666666666,5,5,GGCACGTTCGACTGTGAAAT,0,3991252
xdhAp2,0.16666666666666666,5,5,GGAGGCCTGTTCTCCTGGAG,0,3986373
xdhAp2,0.16666666666666666,5,5,GGAGGATTGCCCAGACAGAT,0,3981963
xdhAp2,0.16666666666666666,5,5,GGAGCGGCAGGCAGGGGTAC,0,4011045
xdhAp2,0.16666666666666666,5,5,GGAGATGTCGCACCGACTAC,0,3999196
xdhAp2,0.16666666666666666,5,5,GGACTGTGGCGTTATCTAAA,0,4014008
xdhAp2,0.16666666666666666,5,5,GGACGCATTCACTCGTTGTC,0,3990842
xdhAp2,0.16666666666666666,5,5,GGACCGGATACGCACTGGGT,0,3989056
xdhAp2,0.16666666666666666,5,5,GGAATTCCCCTGACAGGGTA,0,4005617
xdhAp2,0.16666666666666666,5,5,GGAATAGGCCCATTAGTTGG,0,3989747
xdhAp2,0.16666666666666666,5,5,GGAAGCTTTATCAACTGACA,0,3982829
xdhAp2,0.16666666666666666,5,5,GGAACTGTATCAAGCCGATG,0,4007369
xdhAp2,0.16666666666666666,5,5,GCTTTAATGCACACTGTGTT,0,4009999
xdhAp2,0.16666666666666666,5,5,GCTTAGATCAAGGTTGCTGT,0,4005488
xdhAp2,0.16666666666666666,5,5,GCTGGAACTGTTAAATTCTT,0,3996750
xdhAp2,0.16666666666666666,5,5,GCTCGGATTTCAGAGGCCAA,0,4011435
xdhAp2,0.16666666666666666,5,5,GCTCGATGTCGCACATCTGT,0,3985592
xdhAp2,0.16666666666666666,5,5,GCTCCTCGCGGACTGCTTCA,0,4007926
xdhAp2,0.16666666666666666,5,5,GCTCAGACGGTTCCCCAACA,0,3994462
xdhAp2,0.16666666666666666,5,5,GCTAACGAGCAAAGGTATGT,0,4002119
xdhAp2,0.16666666666666666,5,5,GCGTTAACTTCAAGCAATAA,0,4008138
xdhAp2,0.16666666666666666,5,5,GCGTGGAAGGGACGTGTCAG,0,4012756
xdhAp2,0.16666666666666666,5,5,GCGTCAGACTTGAACCGCGA,0,3995845
xdhAp2,0.16666666666666666,5,5,GCGTATCTGGAACGCCGTTA,0,4007194
xdhAp2,0.16666666666666666,5,5,GCGTAAGACGACCGTAGCGC,0,4013908
xdhAp2,0.16666666666666666,5,5,GCGGAGTTGCAACTTCGCAG,0,3982476
xdhAp2,0.16666666666666666,5,5,GCGCAATGACGGCCAAGATG,0,3999464
xdhAp2,0.16666666666666666,5,5,GCGATTTCCAGCACAGAATT,0,3984526
xdhAp2,0.16666666666666666,5,5,GCGATTCCAACTCAACAATT,0,3985103
xdhAp2,0.16666666666666666,5,5,GCGATTAGCACATTTATGGG,0,3991541
xdhAp2,0.16666666666666666,5,5,GCGATCACCAAGTGCCTCAA,0,3989843
xdhAp2,0.16666666666666666,5,5,GCCGTTGTGCTGATTCTTGT,0,4005622
xdhAp2,0.16666666666666666,5,5,GCCGATATTTGGAGTATTCT,0,3995566
xdhAp2,0.16666666666666666,5,5,GCCGAAAATGCACCGTTTTA,0,3987441
xdhAp2,0.16666666666666666,5,5,GCCCGAGTGATATACAGACG,0,4011220
xdhAp2,0.16666666666666666,5,5,GCCCCATCGATCCTGGCATG,0,3989179
xdhAp2,0.16666666666666666,5,5,GCCAACCCGTACCCTAACAA,0,3986678
xdhAp2,0.16666666666666666,5,5,GCCAAAGGTGTAACTAGGTT,0,3993098
xdhAp2,0.16666666666666666,5,5,GCATTGCTGTGAAGATCCAA,0,3988650
xdhAp2,0.16666666666666666,5,5,GCATTGATAGTACAATCGCA,0,4007237
xdhAp2,0.16666666666666666,5,5,GCATCCCGATAAAAATCAAG,0,3991909
xdhAp2,0.16666666666666666,5,5,GCAGTCGTTCTGAAACCAAC,0,3983308
xdhAp2,0.16666666666666666,5,5,GCAGGACTATGTAGCTAGTA,0,3989974
xdhAp2,0.16666666666666666,5,5,GCAGCGGTCTGGCGAGACGC,0,3982751
xdhAp2,0.16666666666666666,5,5,GCAGATACGCAAGTAGGAGG,0,4012325
xdhAp2,0.16666666666666666,5,5,GCAGACCAGTTGCAAACAGA,0,3983117
xdhAp2,0.16666666666666666,5,5,GCACCGTGCAATAAGATTCG,0,4012428
xdhAp2,0.16666666666666666,5,5,GCACCAAGCAGGCATCTGTA,0,4003803
xdhAp2,0.16666666666666666,5,5,GCAATCCCGAAACGTAACAA,0,3990878
xdhAp2,0.16666666666666666,5,5,GCAATATCATCGCGCTTAAC,0,3993174
xdhAp2,0.16666666666666666,5,5,GCAATAGGTCCCCTGTCGAG,0,4005343
xdhAp2,0.16666666666666666,5,5,GCAAAGAGAATTCGTACCAT,0,4011165
xdhAp2,0.16666666666666666,5,5,GATTGATAGGGACCGTTTCA,0,3992225
xdhAp2,0.16666666666666666,5,5,GATCGGATCTTCCCCCAGGA,0,4001772
xdhAp2,0.16666666666666666,5,5,GATAAGAATACCTATTTCAT,0,4013066
xdhAp2,0.16666666666666666,5,5,GAGTTACCGTTCCAACGAGA,0,4008452
xdhAp2,0.16666666666666666,5,5,GAGGGCGTAGATGGTAGGAA,0,3983077
xdhAp2,0.16666666666666666,5,5,GAGCACCGCTACACGTATAA,0,3992746
xdhAp2,0.16666666666666666,5,5,GAGACAGTAACTCATACCGA,0,3991710
xdhAp2,0.16666666666666666,5,5,GAGAAGTGCCTTACCGCCCG,0,4010616
xdhAp2,0.16666666666666666,5,5,GACTTCAGTCGGGAGATACC,0,3990022
xdhAp2,0.16666666666666666,5,5,GACTAATTGCTCCCATAAGA,0,4010251
xdhAp2,0.16666666666666666,5,5,GACCACAGAGGCCGAGGCCT,0,3991832
xdhAp2,0.16666666666666666,5,5,GAATCAGTGAGATATTTGTG,0,4004395
xdhAp2,0.16666666666666666,5,5,GAATCACATGTGTACGAGGC,0,4011032
xdhAp2,0.16666666666666666,5,5,GAATATGGGATCTGCACCGT,0,4006230
xdhAp2,0.16666666666666666,5,5,GAAGCCGGGGCTCGGTGTTC,0,3985517
xdhAp2,0.16666666666666666,5,5,GAAGATACTTGTCGCGGTCT,0,3990044
xdhAp2,0.16666666666666666,5,5,GAACTAGGGTAAAACTTCTT,0,3985847
xdhAp2,0.16666666666666666,5,5,GAAAACTATGACACTGTAAG,0,3991117
xdhAp2,0.16666666666666666,5,5,GAAAAAGTGATGGAAAGGGA,0,4008899
xdhAp2,0.16666666666666666,5,5,CTTTCAGAACTTCAAACCAG,0,4003413
xdhAp2,0.16666666666666666,5,5,CTTGGAGTGTGTAAGCCGAC,0,4012442
xdhAp2,0.16666666666666666,5,5,CTTGCGCGTCTCGCTGGGTA,0,3996386
xdhAp2,0.16666666666666666,5,5,CTTCGTTGGGAGCCGCCAAG,0,3989229
xdhAp2,0.16666666666666666,5,5,CTTCAAGTGCGACTGAGGAT,0,4004549
xdhAp2,0.16666666666666666,5,5,CTTAGCTACATGGTGAATCG,0,3986527
xdhAp2,0.16666666666666666,5,5,CTGTTTCTGAGTATTGCCTC,0,3983749
xdhAp2,0.16666666666666666,5,5,CTGTGCACTGAGCGTCGAGC,0,4001315
xdhAp2,0.16666666666666666,5,5,CTGGTTTCCTGACCCCCAAT,0,3990737
xdhAp2,0.16666666666666666,5,5,CTGGATTGCAGCAGGTGGTA,0,3981593
xdhAp2,0.16666666666666666,5,5,CTCTCTTTTTGGACCTGGTC,0,3992465
xdhAp2,0.16666666666666666,5,5,CTCTATCTACCTGGAAGCCC,0,3996970
xdhAp2,0.16666666666666666,5,5,CTCTAGTAATATATGCATGC,0,3994987
xdhAp2,0.16666666666666666,5,5,CTCGGTGTCAATCGCCTATA,0,3982034
xdhAp2,0.16666666666666666,5,5,CTCGGTATCGCCAATTTACA,0,4013807
xdhAp2,0.16666666666666666,5,5,CTCGCTTGCTAGCTTCATGG,0,3993378
xdhAp2,0.16666666666666666,5,5,CTCGCGGTAACCTCTGACGG,0,4013377
xdhAp2,0.16666666666666666,5,5,CTCCGGTGAGACTTGGGAGT,0,4007140
xdhAp2,0.16666666666666666,5,5,CTCCGGATGGGGAGTCTAAG,0,3993839
xdhAp2,0.16666666666666666,5,5,CTCATCGTCGAATAATGTAG,0,4000490
xdhAp2,0.16666666666666666,5,5,CTATTAGCCTACTTGTATCA,0,4009793
xdhAp2,0.16666666666666666,5,5,CTAGAGACCCCTATCGCTTG,0,4000819
xdhAp2,0.16666666666666666,5,5,CTACGGTAGGCCCTCTACGG,0,3989719
xdhAp2,0.16666666666666666,5,5,CTACCCTAGGAAGTATGTAG,0,3984448
xdhAp2,0.16666666666666666,5,5,CTAAAGCGCGTGCCTGGAGT,0,3985336
xdhAp2,0.16666666666666666,5,5,CGTTTCTATGAAAGTTATCT,0,3996276
xdhAp2,0.16666666666666666,5,5,CGTTGGGGACGAGCAGATCC,0,3988245
xdhAp2,0.16666666666666666,5,5,CGTTGAGGCGGGATTTGAGA,0,4008824
xdhAp2,0.16666666666666666,5,5,CGTTAAAGGCATGCATTCGT,0,3993650
xdhAp2,0.16666666666666666,5,5,CGTGTCCATTAATTTTAAAC,0,4007882
xdhAp2,0.16666666666666666,5,5,CGTGGGGCGGGTGCCTGTGT,0,3985883
xdhAp2,0.16666666666666666,5,5,CGGTGGGATGCGTTGAATCT,0,3997516
xdhAp2,0.16666666666666666,5,5,CGGTGACTACGATATACTGT,0,3995075
xdhAp2,0.16666666666666666,5,5,CGGTGAACGAGGAATCGTTT,0,3998405
xdhAp2,0.16666666666666666,5,5,CGGTAACAATATTAAAGCAT,0,3989330
xdhAp2,0.16666666666666666,5,5,CGGGCCACTACATCTTGCGG,0,3982668
xdhAp2,0.16666666666666666,5,5,CGGGATCTAATGAGTTGGAT,0,4005083
xdhAp2,0.16666666666666666,5,5,CGGGAGAGAGTGTCACCCCG,0,4001536
xdhAp2,0.16666666666666666,5,5,CGGCGGTGAGCTCGACCACA,0,4010813
xdhAp2,0.16666666666666666,5,5,CGGACCCAAAGTTGTCCCAA,0,4002758
xdhAp2,0.16666666666666666,5,5,CGCTTAGTATACGGTGCTAT,0,3983099
xdhAp2,0.16666666666666666,5,5,CGCTGGCGAGTGTACACCAG,0,3986014
xdhAp2,0.16666666666666666,5,5,CGCGTGGAATTGGTGGCAGA,0,3998203
xdhAp2,0.16666666666666666,5,5,CGCGGTTGTTTTCTGGCCTT,0,3988923
xdhAp2,0.16666666666666666,5,5,CGCCGGCATTGCGACTAGAT,0,4004503
xdhAp2,0.16666666666666666,5,5,CGCCAGTTTGGATCAACCCG,0,3995966
xdhAp2,0.16666666666666666,5,5,CGCAACGCTATAATTAAATC,0,3993721
xdhAp2,0.16666666666666666,5,5,CGAGAGATATTTTATGGGCG,0,3985216
xdhAp2,0.16666666666666666,5,5,CGACCTGAGAGGCTAACGCC,0,3990102
xdhAp2,0.16666666666666666,5,5,CGAAGTCCAACGTTTCAATG,0,4011324
xdhAp2,0.16666666666666666,5,5,CGAAACGGCAATTTCCAGGA,0,3985221
xdhAp2,0.16666666666666666,5,5,CCTTTAGGACTGATTAGGAA,0,3994472
xdhAp2,0.16666666666666666,5,5,CCTTAGGGTCATCCACGATC,0,4012811
xdhAp2,0.16666666666666666,5,5,CCTGGTCGCGAGGGTCCCTC,0,4002385
xdhAp2,0.16666666666666666,5,5,CCTCCGGGGCGCAAAGGCCA,0,3987545
xdhAp2,0.16666666666666666,5,5,CCTAGTTCTGACGGACATAG,0,3985470
xdhAp2,0.16666666666666666,5,5,CCGTTGGGTGGATACTCGTC,0,3995007
xdhAp2,0.16666666666666666,5,5,CCGTCCGAGCCGGTGTACTA,0,3999917
xdhAp2,0.16666666666666666,5,5,CCGGGAGTTTCAAAAGAAGA,0,4003232
xdhAp2,0.16666666666666666,5,5,CCGCTGCTATTCCGCATTTC,0,3988672
xdhAp2,0.16666666666666666,5,5,CCGCGTACACGGGGCTTCCC,0,3986631
xdhAp2,0.16666666666666666,5,5,CCGCGGAATTGGTACCTGAT,0,4012797
xdhAp2,0.16666666666666666,5,5,CCCGTTCATGAAGTGGCTCA,0,3989063
xdhAp2,0.16666666666666666,5,5,CCCGGACTAGAAGCTTCCAG,0,4005831
xdhAp2,0.16666666666666666,5,5,CCCGAAAAAATAGATGTCAC,0,3998856
xdhAp2,0.16666666666666666,5,5,CCCCAGATAAGTGACCACCT,0,4003915
xdhAp2,0.16666666666666666,5,5,CCCACTATCAGGGGCTTTTT,0,3993982
xdhAp2,0.16666666666666666,5,5,CCCAACTCTGTGAACCTGGT,0,4007448
xdhAp2,0.16666666666666666,5,5,CCATGTCATTTTCAGAAGGG,0,4014417
xdhAp2,0.16666666666666666,5,5,CCAGAATAGTGAAAGTGGAA,0,3988114
xdhAp2,0.16666666666666666,5,5,CCACTCCGCGAGGCGTAGGA,0,4005476
xdhAp2,0.16666666666666666,5,5,CCACCTCGACTCCACGTCGC,0,3986038
xdhAp2,0.16666666666666666,5,5,CCAAGGTGGTGGCCTTGCGA,0,4001004
xdhAp2,0.16666666666666666,5,5,CCAACTTCAAATTCGTAGTT,0,4004215
xdhAp2,0.16666666666666666,5,5,CCAAATACACCCGGCGTCTA,0,4000392
xdhAp2,0.16666666666666666,5,5,CCAAAGACCGCCGACCGAAC,0,4009689
xdhAp2,0.16666666666666666,5,5,CATGTTCAACAGTAGGCGGT,0,3992192
xdhAp2,0.16666666666666666,5,5,CATGTGCACCCTAGATCACC,0,4013149
xdhAp2,0.16666666666666666,5,5,CATGGTAAGATAATCTGCTA,0,3989975
xdhAp2,0.16666666666666666,5,5,CATGGGGAGGTTCTCGGGCG,0,4009325
xdhAp2,0.16666666666666666,5,5,CATGAGAAAAGGTTTGCAGA,0,3983051
xdhAp2,0.16666666666666666,5,5,CATCGGCTTCCAAGAAAAAC,0,3991974
xdhAp2,0.16666666666666666,5,5,CATCGCACAAGGGTCCTTCA,0,4002312
xdhAp2,0.16666666666666666,5,5,CATCGATTATACAAGCTACA,0,4000048
xdhAp2,0.16666666666666666,5,5,CATCGAACTCGAGCAGGCCC,0,4008115
xdhAp2,0.16666666666666666,5,5,CATCCTACTCTTTTTCAAAC,0,3990191
xdhAp2,0.16666666666666666,5,5,CATAGTTTAATTAATTGACG,0,3993431
xdhAp2,0.16666666666666666,5,5,CATAGGATTAACATTGTGAT,0,4005265
xdhAp2,0.16666666666666666,5,5,CAGTTGAATTTTAGGTTTGA,0,3984508
xdhAp2,0.16666666666666666,5,5,CAGTTCAGTGTGCTACAAGC,0,3992692
xdhAp2,0.16666666666666666,5,5,CAGTTCAGCGCGCGCACGTG,0,3986001
xdhAp2,0.16666666666666666,5,5,CAGTGCGTCCCGTATTTTGT,0,4005238
xdhAp2,0.16666666666666666,5,5,CAGGACACTCATTAGCGTTG,0,4002668
xdhAp2,0.16666666666666666,5,5,CAGCTATTCGGGGGCCGCAA,0,3983054
xdhAp2,0.16666666666666666,5,5,CAGCGTCCGTCACGTGCACT,0,4005259
xdhAp2,0.16666666666666666,5,5,CAGCACCCCAGGTCATCCGA,0,3996766
xdhAp2,0.16666666666666666,5,5,CAGATCGCCGGGCTCAATCT,0,4001069
xdhAp2,0.16666666666666666,5,5,CAGATCCAAACGTTTTTTCA,0,4012160
xdhAp2,0.16666666666666666,5,5,CAGAGAAATAGGAGCTAGAA,0,3992760
xdhAp2,0.16666666666666666,5,5,CACTGTCTTTTATAATTCTA,0,4013028
xdhAp2,0.16666666666666666,5,5,CACTGCGCACGTAGTTCGTT,0,3995136
xdhAp2,0.16666666666666666,5,5,CACTACCGTCTACGAGGGAA,0,4014097
xdhAp2,0.16666666666666666,5,5,CACGTTGTCCCCGTTGCGGG,0,3982147
xdhAp2,0.16666666666666666,5,5,CACGTTGTATCAAAGTGACT,0,4003100
xdhAp2,0.16666666666666666,5,5,CACGTGTGTGATACCTCGGC,0,3993850
xdhAp2,0.16666666666666666,5,5,CACGGCTTCTCATGGGTGCT,0,4010479
xdhAp2,0.16666666666666666,5,5,CACCGTACAAGGCAAATGAG,0,3988832
xdhAp2,0.16666666666666666,5,5,CACACTAAGGTCATCGAAAT,0,3990418
xdhAp2,0.16666666666666666,5,5,CACAAGGGTCATGGCATGTA,0,4002816
xdhAp2,0.16666666666666666,5,5,CAATCGCCCTCTAATCCCAT,0,4002851
xdhAp2,0.16666666666666666,5,5,CAAGTAGCGGTTCGGTCGTT,0,4007959
xdhAp2,0.16666666666666666,5,5,CAAGAGTCTGTTGGAACATG,0,3986381
xdhAp2,0.16666666666666666,5,5,CAAGAGGTCGGCGCAGTATT,0,3987317
xdhAp2,0.16666666666666666,5,5,CAACTAACCTGAATCGGCCC,0,3993437
xdhAp2,0.16666666666666666,5,5,CAACCCAGTCTCGCTCCCAA,0,3990214
xdhAp2,0.16666666666666666,5,5,CAACAATCTCACCTAACGGC,0,3986125
xdhAp2,0.16666666666666666,5,5,CAAATTGCGAAACAGGGGTA,0,3993293
xdhAp2,0.16666666666666666,5,5,CAAAGGAAATACCTCTCCTC,0,3984741
xdhAp2,0.16666666666666666,5,5,CAAACATTCTCAAACTTCAC,0,3987904
xdhAp2,0.16666666666666666,5,5,ATTTTAGTGAGGCGTCCTTT,0,3993548
xdhAp2,0.16666666666666666,5,5,ATTCAGGGTCTACTGATAGG,0,3985826
xdhAp2,0.16666666666666666,5,5,ATGTTGGCGCCAAGTCTGGG,0,4007054
xdhAp2,0.16666666666666666,5,5,ATGTGGTAACCCGGATTAGA,0,3988509
xdhAp2,0.16666666666666666,5,5,ATGGTCCATAAGATGATTAC,0,4009644
xdhAp2,0.16666666666666666,5,5,ATGGACGGGCGCGAAAGTTA,0,3998737
xdhAp2,0.16666666666666666,5,5,ATGCTGGAGCCTCCCCGCAT,0,3997769
xdhAp2,0.16666666666666666,5,5,ATGCTAGAGTGACTCCTTAG,0,3987661
xdhAp2,0.16666666666666666,5,5,ATGCGTTATGGAGGTCGAGC,0,3984853
xdhAp2,0.16666666666666666,5,5,ATGAGGCGTTCGCCGTCTAG,0,4001600
xdhAp2,0.16666666666666666,5,5,ATGACACAGAAGGTGTCGTT,0,3995416
xdhAp2,0.16666666666666666,5,5,ATCTGTCTCGATCCTTCCAG,0,3995189
xdhAp2,0.16666666666666666,5,5,ATCCGAACTGAACGCCCATT,0,4002908
xdhAp2,0.16666666666666666,5,5,ATCATACGTGAAGTCATTAA,0,4011179
xdhAp2,0.16666666666666666,5,5,ATAGTCTTGAGACAGGGGAC,0,3999212
xdhAp2,0.16666666666666666,5,5,ATAGTCGTGGGAATACTGAT,0,4013602
xdhAp2,0.16666666666666666,5,5,ATAGCCTCTTACCTGTTGCG,0,4013090
xdhAp2,0.16666666666666666,5,5,ATAGCCAGCAGGATCTGCTG,0,4006336
xdhAp2,0.16666666666666666,5,5,ATAGCAAGCGGAGTCCGTCA,0,4004130
xdhAp2,0.16666666666666666,5,5,ATAAATAGAAGGCCGATTGA,0,4011888
xdhAp2,0.16666666666666666,5,5,ATAAAGCAGACGTCCCTTAG,0,4009329
xdhAp2,0.16666666666666666,5,5,AGTTCTGTTCACGAGGAGCA,0,3982998
xdhAp2,0.16666666666666666,5,5,AGTGTTATAGGTTTACAGCC,0,3999794
xdhAp2,0.16666666666666666,5,5,AGTGTGGTCATTGACGCGGG,0,4008337
xdhAp2,0.16666666666666666,5,5,AGTCGTTCTACCCCTTCTGA,0,4013001
xdhAp2,0.16666666666666666,5,5,AGTAAGATCACAATGATAAA,0,4012719
xdhAp2,0.16666666666666666,5,5,AGGTATCATCCATATGAGTT,0,4002640
xdhAp2,0.16666666666666666,5,5,AGGTAGAGTAACACGTCCAG,0,4002688
xdhAp2,0.16666666666666666,5,5,AGGCTTCCCTATAGTGGGTG,0,4004929
xdhAp2,0.16666666666666666,5,5,AGGATGGGATCGTACTAAAG,0,4004821
xdhAp2,0.16666666666666666,5,5,AGGAGCTTATTGCATACCTT,0,4013690
xdhAp2,0.16666666666666666,5,5,AGGACTTAAGAAACTTGGGG,0,3984323
xdhAp2,0.16666666666666666,5,5,AGCTCAAGTACGGTTTACAA,0,3983250
xdhAp2,0.16666666666666666,5,5,AGCTAGGACTACAGTGTCTG,0,4001839
xdhAp2,0.16666666666666666,5,5,AGCGGCCTATTCTCCCGAAG,0,3986911
xdhAp2,0.16666666666666666,5,5,AGCGGAAGCCAATTGGGTCT,0,3991227
xdhAp2,0.16666666666666666,5,5,AGCCTGGCAGCGAGGGCTTA,0,3994917
xdhAp2,0.16666666666666666,5,5,AGCCCCTATCGGCTGGGCAG,0,4013027
xdhAp2,0.16666666666666666,5,5,AGCCATGCTTTTTGGAGTGC,0,4013779
xdhAp2,0.16666666666666666,5,5,AGCACGGAACCCACTGTGTC,0,3982467
xdhAp2,0.16666666666666666,5,5,AGCAAAAACTGGCTAGGTTC,0,3993306
xdhAp2,0.16666666666666666,5,5,AGATTTCCAGCAGAAGATAA,0,4001817
xdhAp2,0.16666666666666666,5,5,AGATTTCAGGGCGTCTTAGG,0,4012818
xdhAp2,0.16666666666666666,5,5,AGATCTCCGCGCGATTATTC,0,3992027
xdhAp2,0.16666666666666666,5,5,AGATAACTGGATACTTTAAT,0,4004975
xdhAp2,0.16666666666666666,5,5,AGAGTCTAATCGACTTCAGA,0,4007206
xdhAp2,0.16666666666666666,5,5,AGAATACTGCACGGCGCAAA,0,3993266
xdhAp2,0.16666666666666666,5,5,ACTTCACCGGGTTTAATCCC,0,3984418
xdhAp2,0.16666666666666666,5,5,ACTTAATAAATTAGAGCTTT,0,4004966
xdhAp2,0.16666666666666666,5,5,ACTGTAGACTCGTGCACCCT,0,3985343
xdhAp2,0.16666666666666666,5,5,ACTGATGCTTGTTACTGAGA,0,4006127
xdhAp2,0.16666666666666666,5,5,ACTCTAATCCCCATGGCCAG,0,3995521
xdhAp2,0.16666666666666666,5,5,ACTCAGAGACACAAAGGAGA,0,3994809
xdhAp2,0.16666666666666666,5,5,ACTATAGATGAGCCCCCGAA,0,4010335
xdhAp2,0.16666666666666666,5,5,ACTACCACAGAGGTGGATAA,0,4009761
xdhAp2,0.16666666666666666,5,5,ACGTTGTGATACAGCTGGAT,0,3986278
xdhAp2,0.16666666666666666,5,5,ACGTTCGGACCGGAACTACT,0,3987947
xdhAp2,0.16666666666666666,5,5,ACGTTAGGGGCGTTGAGTGG,0,3987802
xdhAp2,0.16666666666666666,5,5,ACGTATCCGGTGAACTGTCA,0,3998316
xdhAp2,0.16666666666666666,5,5,ACGTAGGTTGCAAGGCAGGA,0,4010809
xdhAp2,0.16666666666666666,5,5,ACGGCATACCGGGATAGAGG,0,3998952
xdhAp2,0.16666666666666666,5,5,ACGCTTTGAAACTGGGGTGC,0,4000822
xdhAp2,0.16666666666666666,5,5,ACGCTAAAGGTGACGTGATG,0,4003985
xdhAp2,0.16666666666666666,5,5,ACGCATTTATAGGCCCACTG,0,4003186
xdhAp2,0.16666666666666666,5,5,ACGACCGAAAAACCCGGAAC,0,4004890
xdhAp2,0.16666666666666666,5,5,ACGACCACGGGTGTTGGGTG,0,3999544
xdhAp2,0.16666666666666666,5,5,ACCTTATATAACGTCGAAGT,0,3985958
xdhAp2,0.16666666666666666,5,5,ACCTTACGCGAACTCTTCGC,0,3992935
xdhAp2,0.16666666666666666,5,5,ACCTGTTTCATTTCGGCTCA,0,3991864
xdhAp2,0.16666666666666666,5,5,ACCTGTGGGGCAGGTCTTTA,0,4007728
xdhAp2,0.16666666666666666,5,5,ACCTGGCAACTAAGCACTAC,0,4004127
xdhAp2,0.16666666666666666,5,5,ACCTCGATGGGGACCATACT,0,4007082
xdhAp2,0.16666666666666666,5,5,ACCGCCTGAAAAAGCCTGGT,0,3996219
xdhAp2,0.16666666666666666,5,5,ACCCCGTGGCGGGCCAAGGT,0,4012314
xdhAp2,0.16666666666666666,5,5,ACATGATGAGTGGCCGTCGG,0,3995101
xdhAp2,0.16666666666666666,5,5,ACATATGTTAAGCGGGGTCG,0,4005452
xdhAp2,0.16666666666666666,5,5,ACATAAGTCAAGTGATATAC,0,4008694
xdhAp2,0.16666666666666666,5,5,ACAGGTAATCCGCAAAGGTA,0,3991498
xdhAp2,0.16666666666666666,5,5,ACACGGAACGATTAGTAAAC,0,4000769
xdhAp2,0.16666666666666666,5,5,ACACGCTCAGTGTACGCGGC,0,3993210
xdhAp2,0.16666666666666666,5,5,ACAAGTCCACCTGTTTGAAT,0,3989772
xdhAp2,0.16666666666666666,5,5,ACAAGCTTATATTGCTACAG,0,4014180
xdhAp2,0.16666666666666666,5,5,ACAAGAGTCACCACTTATTT,0,3998959
xdhAp2,0.16666666666666666,5,5,ACAACTCGTTCACTGTGTAC,0,3983447
xdhAp2,0.16666666666666666,5,5,ACAACCAAGAAAATGATGTG,0,4012275
xdhAp2,0.16666666666666666,5,5,ACAAACAGACGGCCTTGGGT,0,3981941
xdhAp2,0.16666666666666666,5,5,ACAAAACCCACGCATAGACC,0,3993892
xdhAp2,0.16666666666666666,5,5,AATTTAGGATAGACTCCTGC,0,4000856
xdhAp2,0.16666666666666666,5,5,AATTAAAAGGAAGGTGACCA,0,3988418
xdhAp2,0.16666666666666666,5,5,AATGCTTATCGGTTAAAAAG,0,4001959
xdhAp2,0.16666666666666666,5,5,AATGCGGTAACCAGTGCTTG,0,4008438
xdhAp2,0.16666666666666666,5,5,AATGCGAGTTATAGCGCTAG,0,4001081
xdhAp2,0.16666666666666666,5,5,AATGCCTAGGGTCTAAAGCT,0,3992202
xdhAp2,0.16666666666666666,5,5,AATGATATTATCAGTTCGAT,0,4004337
xdhAp2,0.16666666666666666,5,5,AATGAGGACCTGTGGTCAGG,0,3990521
xdhAp2,0.16666666666666666,5,5,AATCGGACGAAAGCCCACCC,0,3993595
xdhAp2,0.16666666666666666,5,5,AATATCTGAGCTAGTCGGCA,0,4009414
xdhAp2,0.16666666666666666,5,5,AATAGGCGTGGGAACTTAGC,0,4013196
xdhAp2,0.16666666666666666,5,5,AATAGCCCAGTTGGGAAGCA,0,3993862
xdhAp2,0.16666666666666666,5,5,AATAAAGCCAAAAAGATAAT,0,4006876
xdhAp2,0.16666666666666666,5,5,AAGTGGGCAAAGATGAATGA,0,4011348
xdhAp2,0.16666666666666666,5,5,AAGTCCGGAGAATACTCACT,0,4000701
xdhAp2,0.16666666666666666,5,5,AAGGTCAGATGATGGAGGTC,0,4009687
xdhAp2,0.16666666666666666,5,5,AAGGCGAAATTAGACACTGA,0,3998862
xdhAp2,0.16666666666666666,5,5,AAGCGGGGGTCCTGGTCGGG,0,4001993
xdhAp2,0.16666666666666666,5,5,AAGCCACGCCGCAGGCCAGT,0,4000530
xdhAp2,0.16666666666666666,5,5,AAGCACACAGCAGTACCCAC,0,4010312
xdhAp2,0.16666666666666666,5,5,AAGATATGGAGTGCGGGGGC,0,3997956
xdhAp2,0.16666666666666666,5,5,AAGAAACTCCAATTCCAGAT,0,3999336
xdhAp2,0.16666666666666666,5,5,AACGTATGGGTCTCCTCACC,0,4004786
xdhAp2,0.16666666666666666,5,5,AACGCTGATAGCGCCACTGC,0,4013900
xdhAp2,0.16666666666666666,5,5,AACGAATCGCATGTCCCGTT,0,4005603
xdhAp2,0.16666666666666666,5,5,AACCGCGAGTACCCCTATAG,0,3993374
xdhAp2,0.16666666666666666,5,5,AACCCGTGTCGGTTTGTCAG,0,4001260
xdhAp2,0.16666666666666666,5,5,AAATTACAACAAGCTGTTTG,0,4007611
xdhAp2,0.16666666666666666,5,5,AAATGTGAAATTTTAGTGAG,0,4005549
xdhAp2,0.16666666666666666,5,5,AAAGAGGGATCCAGATTAAG,0,4002185
xdhAp2,0.16666666666666666,5,5,AAACGCCTGTCAGTAACATG,0,4008069
xdhAp2,0.16666666666666666,5,5,AAAAGGGACAAGAGCCGACT,0,3993571
xdhAp2,0.16666666666666666,5,5,AAAAATGAATGTTATTGTGC,0,3986529
xdhAp2,0.2,4,4,TTTGTGATTTTGAAGGTCCC,0,4014413
xdhAp2,0.2,4,4,TTTCTCATCTCGGGACGATG,0,3989169
xdhAp2,0.2,4,4,TTTCTAGCCGTGCCACGTGG,0,3989637
xdhAp2,0.2,4,4,TTTCATTAAGCGTCCGTGGG,0,3996806
xdhAp2,0.2,4,4,TTTCACTCAACAATCTACAT,0,3981567
xdhAp2,0.2,4,4,TTTACTATAGTGAGGCTGTG,0,3987396
xdhAp2,0.2,4,4,TTGTTTGCAGATTAGGGTCT,0,4010046
xdhAp2,0.2,4,4,TTGTTCCGCGGGCTCTGCAG,0,3996213
xdhAp2,0.2,4,4,TTGTCCCGATTATAACTCCT,0,3993412
xdhAp2,0.2,4,4,TTGTACGCAGCGATGCACAA,0,3989050
xdhAp2,0.2,4,4,TTGGTACGGATGGTGCCCAC,0,3992631
xdhAp2,0.2,4,4,TTGGCTGATTCACTCTGAAA,0,3981650
xdhAp2,0.2,4,4,TTGCTGCTAGTCGTGGAAAC,0,3988238
xdhAp2,0.2,4,4,TTGATCACAATAAAGCAGGT,0,4011652
xdhAp2,0.2,4,4,TTGACAGACGGTGTTGACAA,0,4000405
xdhAp2,0.2,4,4,TTGACACGCGTCACACGTCC,0,4003659
xdhAp2,0.2,4,4,TTCTTCGCACCTGCTTCGTT,0,4005739
xdhAp2,0.2,4,4,TTCTGCGTCTTGTCACGCAA,0,3991478
xdhAp2,0.2,4,4,TTCTCGGCGAACAGCACGTA,0,3990899
xdhAp2,0.2,4,4,TTCTCCCCTTTCTTTAAGGT,0,4003166
xdhAp2,0.2,4,4,TTCGGTCATTTCGCCTCCCA,0,3993763
xdhAp2,0.2,4,4,TTCGCCTTAGGTACGCAGTA,0,3982922
xdhAp2,0.2,4,4,TTCAAGAGTAGTAGGGGCCA,0,3992901
xdhAp2,0.2,4,4,TTATTATGTATACATGCGTC,0,3994697
xdhAp2,0.2,4,4,TTATTACAAACGAGAAACAG,0,3983132
xdhAp2,0.2,4,4,TTATACTGGGCTCGGCCGTT,0,3983398
xdhAp2,0.2,4,4,TTATAAATCGGCCTTGGGGT,0,3986436
xdhAp2,0.2,4,4,TTAGTCTCAGAGTTTCGACG,0,3992582
xdhAp2,0.2,4,4,TTAGGGAAGCTGAGGGTAAA,0,4014367
xdhAp2,0.2,4,4,TTAGCATTGTAACCCCACCA,0,3995893
xdhAp2,0.2,4,4,TTAGATGACAATAAGTACGA,0,3993681
xdhAp2,0.2,4,4,TTAGATCCCAGCCGTTACCT,0,3982511
xdhAp2,0.2,4,4,TTAGACCCACCAGACGCGCA,0,3989956
xdhAp2,0.2,4,4,TTACATGTCATAGGGCGTCT,0,4002504
xdhAp2,0.2,4,4,TTAAAAGCGCGACAGGGGAA,0,3998324
xdhAp2,0.2,4,4,TGTTTAAAGTTCGTCTCACG,0,3983601
xdhAp2,0.2,4,4,TGTTCGTCGGAACCTGGACC,0,4000684
xdhAp2,0.2,4,4,TGTTCCGTAGTTCTATATGG,0,3984578
xdhAp2,0.2,4,4,TGTGTTTCACGAGAGTACCT,0,4010393
xdhAp2,0.2,4,4,TGTGTACGTGTTTTAGGTAG,0,3997864
xdhAp2,0.2,4,4,TGTCGGTATACTTTAAAACA,0,3999692
xdhAp2,0.2,4,4,TGTCGCGGCGGTGCCTCAAG,0,3994998
xdhAp2,0.2,4,4,TGTCCTGTTACACGAGCCGT,0,3993262
xdhAp2,0.2,4,4,TGTATTTCAGAGTCGGGGAA,0,3989199
xdhAp2,0.2,4,4,TGTAGCTTAAGATTGGACAA,0,4003552
xdhAp2,0.2,4,4,TGGTTCCTGGGGCTACGCTT,0,3992776
xdhAp2,0.2,4,4,TGGGCATCCAGAATTGGTCC,0,3988976
xdhAp2,0.2,4,4,TGGGCACAAAAGGGAATTGG,0,3989654
xdhAp2,0.2,4,4,TGGGAATTGTATACATAATG,0,4002251
xdhAp2,0.2,4,4,TGGCTAAATCATCGTTTGAA,0,4001496
xdhAp2,0.2,4,4,TGGCCCCTAGTTTGAGTATG,0,4005267
xdhAp2,0.2,4,4,TGGCCAGTATCTCGAAGTGG,0,4006122
xdhAp2,0.2,4,4,TGGCAGGTGATGGGCATGCA,0,3997969
xdhAp2,0.2,4,4,TGGATGCTATTTGCACCCCA,0,3990621
xdhAp2,0.2,4,4,TGGATACCCAGGGGCGACTT,0,3983707
xdhAp2,0.2,4,4,TGGACAGCTCGAGTACAACG,0,3982987
xdhAp2,0.2,4,4,TGGAACGACTGACTTAGTAA,0,3992137
xdhAp2,0.2,4,4,TGCGGGTTCATCTATCTAGA,0,4005475
xdhAp2,0.2,4,4,TGCGGCTTCTAAGCAATAGT,0,3997585
xdhAp2,0.2,4,4,TGCGGAGCGGTATACCCGCG,0,3998059
xdhAp2,0.2,4,4,TGCGGACATCAGCGATCCGA,0,3993808
xdhAp2,0.2,4,4,TGCGAATTCAGACTCATTCG,0,3993865
xdhAp2,0.2,4,4,TGCCGTACCAGGTTGAATGA,0,4005675
xdhAp2,0.2,4,4,TGCCGATAGCCTGGGACATC,0,3995758
xdhAp2,0.2,4,4,TGCCGAGCCTGTTAACTGAC,0,3986569
xdhAp2,0.2,4,4,TGCAAAGAACAACAACATCA,0,4010053
xdhAp2,0.2,4,4,TGATGGCTGAATACTTTCGC,0,4007658
xdhAp2,0.2,4,4,TGATAGGGTGTGTCCCGAAT,0,3993935
xdhAp2,0.2,4,4,TGATACCTAGAGCGCCTGAA,0,3994190
xdhAp2,0.2,4,4,TGATAAGCTTTGCGACAACT,0,3998895
xdhAp2,0.2,4,4,TGAGTGCTTCTTTTTTTGAT,0,3985239
xdhAp2,0.2,4,4,TGAGTCTCAGCTGCGTCCAG,0,4006454
xdhAp2,0.2,4,4,TGAGCGGTACTGGCTAACTA,0,3997626
xdhAp2,0.2,4,4,TGACTGGCGGTAAAATTTGG,0,3985025
xdhAp2,0.2,4,4,TGAAGTGCCATTGAAACAAC,0,4001373
xdhAp2,0.2,4,4,TGAACTATGAGCGCCAGAAT,0,4005827
xdhAp2,0.2,4,4,TGAACCGGAAAGGGGACCCA,0,4012686
xdhAp2,0.2,4,4,TCTTTGGTCTGCCAAAGCTT,0,3984974
xdhAp2,0.2,4,4,TCTTGTGCGTACCGTGTAAG,0,3983858
xdhAp2,0.2,4,4,TCTTCTACCTGCAGACTCCT,0,3986664
xdhAp2,0.2,4,4,TCTTCCAGGGACGCCTCAGG,0,4009615
xdhAp2,0.2,4,4,TCTGCACCTGCCTTTGGAGA,0,3998488
xdhAp2,0.2,4,4,TCTCGTCGAAATGCGCACCT,0,3998178
xdhAp2,0.2,4,4,TCTCCTTGGTCCACTAAATC,0,4002302
xdhAp2,0.2,4,4,TCTCCCTCCGTGCACTACAT,0,3995249
xdhAp2,0.2,4,4,TCTATTGATTAAAGTCATGG,0,3987756
xdhAp2,0.2,4,4,TCTATCTCACACGTTCCGGC,0,3982021
xdhAp2,0.2,4,4,TCGTTAGGGGTTGCGCACAA,0,4010489
xdhAp2,0.2,4,4,TCGGTAGATGTACTGCGGAT,0,4006005
xdhAp2,0.2,4,4,TCGGATCCGAGTAGCAAGAT,0,4005590
xdhAp2,0.2,4,4,TCGCGTAGCGATAACATCCG,0,4004282
xdhAp2,0.2,4,4,TCGCACCTCTTTTCGCTCTT,0,3993806
xdhAp2,0.2,4,4,TCGATGTGGTTGAACCGGCA,0,4005081
xdhAp2,0.2,4,4,TCCTTTAGGCTTAGTCGATT,0,3990035
xdhAp2,0.2,4,4,TCCTGAGTAAGGCACTTTCC,0,4003374
xdhAp2,0.2,4,4,TCCGGTGCATGAGGTTGGGA,0,3993708
xdhAp2,0.2,4,4,TCCCTATCGCCACATGGCAG,0,4004275
xdhAp2,0.2,4,4,TCCCTAGGAGGTCCTGGGGG,0,4003707
xdhAp2,0.2,4,4,TCCCGCAGGCCAAAGGGTGA,0,4006081
xdhAp2,0.2,4,4,TCCATGCAACAAGGATCGAA,0,3997092
xdhAp2,0.2,4,4,TCCACTAATCGCTTCGAACA,0,4001970
xdhAp2,0.2,4,4,TCATGCCGCGCTCTCGTATG,0,3995609
xdhAp2,0.2,4,4,TCATCGAGCACAGGTTCTTA,0,4002726
xdhAp2,0.2,4,4,TCAGGGTTAAACTTGCAATA,0,4013389
xdhAp2,0.2,4,4,TCACTTCAATAGCTAGAAGA,0,3990959
xdhAp2,0.2,4,4,TCACGGCTATGCCCGACTCA,0,3998189
xdhAp2,0.2,4,4,TCACCTCAAATTCTTCGTGC,0,4009221
xdhAp2,0.2,4,4,TATGTAGCCGGAAGGACTCA,0,4011557
xdhAp2,0.2,4,4,TATGTAACCCCATCATTGAC,0,3985206
xdhAp2,0.2,4,4,TATGAGATAAAATATGTAAG,0,3998197
xdhAp2,0.2,4,4,TATCTGTCCCTGGACTTTTG,0,3987278
xdhAp2,0.2,4,4,TATAGGTCCAACGTTTGCTG,0,3993088
xdhAp2,0.2,4,4,TAGGATCACCATTTAGTTCA,0,4003144
xdhAp2,0.2,4,4,TAGCGGACTTGGTGCGACAG,0,4005374
xdhAp2,0.2,4,4,TAGCGCAAGGTCCGATTGCA,0,4014328
xdhAp2,0.2,4,4,TAGATGTACACCTTACTATA,0,4011950
xdhAp2,0.2,4,4,TAGATCAAGTAGGCTTGTAT,0,3982378
xdhAp2,0.2,4,4,TAGAAGGTGCCACTAAAAAG,0,3988772
xdhAp2,0.2,4,4,TACTCGGTAAACACATGGCG,0,3989818
xdhAp2,0.2,4,4,TACTCGAGCGGCTTAAGGGT,0,4008302
xdhAp2,0.2,4,4,TACCTGCATACAGGGAGAGT,0,3991075
xdhAp2,0.2,4,4,TACCGTCATTAAGCCGATCT,0,3991406
xdhAp2,0.2,4,4,TACAGTTCGCTGCGGTACAA,0,3995389
xdhAp2,0.2,4,4,TAATTTTCAACTGCACAAGG,0,4000453
xdhAp2,0.2,4,4,TAATGGTTGAGCACGGAGTA,0,3998579
xdhAp2,0.2,4,4,TAATGCTCGGTACGCATGCA,0,4007267
xdhAp2,0.2,4,4,TAATCGAGACGTTGTAAGCC,0,4000752
xdhAp2,0.2,4,4,TAATAGTCACGTTCATGCAT,0,4010893
xdhAp2,0.2,4,4,TAATAGAGATAGCGCATCAT,0,4000489
xdhAp2,0.2,4,4,TAAGTTCAGCCTCGAATACG,0,4007345
xdhAp2,0.2,4,4,TAACACATGGTATACGGGGA,0,3992529
xdhAp2,0.2,4,4,TAAATCAGCCCAAAGCAGGG,0,3987735
xdhAp2,0.2,4,4,TAAATAGTTCGGTTCCTGCA,0,4008007
xdhAp2,0.2,4,4,TAAAAGCCTGTTGTCCATGT,0,3985359
xdhAp2,0.2,4,4,TAAAAATTTTATTAAATCTT,0,3996032
xdhAp2,0.2,4,4,GTTTTGGGCACAGGGACTTA,0,3995359
xdhAp2,0.2,4,4,GTTTTCATGAAGAATAATAG,0,3984524
xdhAp2,0.2,4,4,GTTTATCGTAATAAGATGTG,0,4000341
xdhAp2,0.2,4,4,GTTGTTGGGCTAACGTGTTT,0,4000114
xdhAp2,0.2,4,4,GTTGGGTAGCTTAGTCTTAG,0,4003122
xdhAp2,0.2,4,4,GTTGCTTAGCAGTGGGCCGA,0,3984802
xdhAp2,0.2,4,4,GTTGCCCGAGGGTCTCGTTG,0,3991165
xdhAp2,0.2,4,4,GTTGCACAGAGCTTCCGGAC,0,3981837
xdhAp2,0.2,4,4,GTTGATGCTGAAATTTGCTC,0,4007907
xdhAp2,0.2,4,4,GTTGAAGAGAGCGTCAAGTA,0,3991173
xdhAp2,0.2,4,4,GTTCGTCGATCCTCGGCACG,0,4004072
xdhAp2,0.2,4,4,GTTATATCGCTAAGCTGGCG,0,4006743
xdhAp2,0.2,4,4,GTGTTTAAACATGATTCACG,0,3987827
xdhAp2,0.2,4,4,GTGTTATGTGCGTCAATGTC,0,3996293
xdhAp2,0.2,4,4,GTGTTACGTAGCCTACAAGA,0,4008170
xdhAp2,0.2,4,4,GTGTGGACGGCACTCAATAT,0,4012481
xdhAp2,0.2,4,4,GTGTCCCAAAGTAAAGGAAG,0,3988718
xdhAp2,0.2,4,4,GTGCTGCCTGGCGGTCTAAC,0,3999862
xdhAp2,0.2,4,4,GTGCTCGGGAACCGCGTCTT,0,3992008
xdhAp2,0.2,4,4,GTGCCAACGCCGGGAATCAC,0,3994824
xdhAp2,0.2,4,4,GTCTGTCGGCCAGTCAGTCC,0,4000557
xdhAp2,0.2,4,4,GTCTCTCTTGTAATGTGCTC,0,4010197
xdhAp2,0.2,4,4,GTCGTTACCCCCTGATGTCA,0,3990643
xdhAp2,0.2,4,4,GTCGTCAGCCGAGATGGTTA,0,3999611
xdhAp2,0.2,4,4,GTCCACATGCATCGCAATAT,0,3984627
xdhAp2,0.2,4,4,GTCATTCGTTTGACGTTCCG,0,3992443
xdhAp2,0.2,4,4,GTCAACTGTGTAGCTTCGAG,0,3996831
xdhAp2,0.2,4,4,GTATTTGCACCGTCATGAAG,0,3994464
xdhAp2,0.2,4,4,GTATGCCAACACTAGGCTCT,0,3995900
xdhAp2,0.2,4,4,GTATAGAGTAGGGCGCGGGA,0,4005596
xdhAp2,0.2,4,4,GTACACACCACGTATAGTGC,0,3998229
xdhAp2,0.2,4,4,GTAATCTCCACCAACGCCGC,0,3987685
xdhAp2,0.2,4,4,GTAAGGTGTCTAAACTTTGA,0,3984556
xdhAp2,0.2,4,4,GTAACGGAAGTGGGCCTTCG,0,4004451
xdhAp2,0.2,4,4,GTAACCGCGGTCCGCTCTGT,0,4006225
xdhAp2,0.2,4,4,GGTTTCAGGACATACGCCCA,0,4008139
xdhAp2,0.2,4,4,GGTTGGCAATGTGCCCTTCA,0,3992337
xdhAp2,0.2,4,4,GGTTCCCTGGAATCCATGGA,0,3985525
xdhAp2,0.2,4,4,GGTTCCAAAAGATAACCACC,0,3990351
xdhAp2,0.2,4,4,GGTTAGAATGGGTAAGAGGA,0,4010702
xdhAp2,0.2,4,4,GGTTACGGTGCGGTATCCGA,0,4014072
xdhAp2,0.2,4,4,GGTGTTGGGGCAAATGGGCA,0,4006527
xdhAp2,0.2,4,4,GGTGGGTTGTTGCAAAAACG,0,3989742
xdhAp2,0.2,4,4,GGTGGGTGACCGTTTGGGCA,0,4001237
xdhAp2,0.2,4,4,GGTGCTCTATCTCGATGAAA,0,3987645
xdhAp2,0.2,4,4,GGTGACTCACGCGGAGTCGC,0,4003165
xdhAp2,0.2,4,4,GGTCACCTATCAGGTCGCAG,0,3999730
xdhAp2,0.2,4,4,GGTCACCGCACGTTCCATTA,0,4009029
xdhAp2,0.2,4,4,GGTATGCCCAAGGATACCCT,0,4005172
xdhAp2,0.2,4,4,GGTACTTCCATCAAAGTGTG,0,4003807
xdhAp2,0.2,4,4,GGTAACAGGAGATTCTAGAG,0,3985575
xdhAp2,0.2,4,4,GGGTTCTTTCATTTGTGAGT,0,4014088
xdhAp2,0.2,4,4,GGGTTAGTAGCTAAATCTAC,0,3998425
xdhAp2,0.2,4,4,GGGGTGCCTCTATGCGGAGA,0,3998845
xdhAp2,0.2,4,4,GGGGTCAAGCCACCACCGTA,0,3988874
xdhAp2,0.2,4,4,GGGGGGGGCAATTAGGCATG,0,3984672
xdhAp2,0.2,4,4,GGGGGGATCTACTCCTAGGG,0,4000098
xdhAp2,0.2,4,4,GGGCTTGCAACAACTAATGT,0,3982483
xdhAp2,0.2,4,4,GGGCTCATACATGAATATAA,0,4005074
xdhAp2,0.2,4,4,GGGCCTCACAGTGTGAAAGT,0,4008445
xdhAp2,0.2,4,4,GGGCCGGTTGATCAAAATCG,0,4002986
xdhAp2,0.2,4,4,GGGCAACAGCCTTGCGTTCT,0,3983018
xdhAp2,0.2,4,4,GGGATTTACGATGCAACGGC,0,4009513
xdhAp2,0.2,4,4,GGGATTCGACTAGCCCGTGT,0,4009989
xdhAp2,0.2,4,4,GGGATAGTATCCTGCCGTCA,0,3990895
xdhAp2,0.2,4,4,GGGAGCTAACTGTCATCTAC,0,4000644
xdhAp2,0.2,4,4,GGGACCCGGTACACCTGGAA,0,3990489
xdhAp2,0.2,4,4,GGGAATGAATTCCCAACTAT,0,3982692
xdhAp2,0.2,4,4,GGCTGGACTCCATCCAAAGT,0,3988248
xdhAp2,0.2,4,4,GGCTCGATAGTAGCCACAAC,0,3996762
xdhAp2,0.2,4,4,GGCTCCCTCCAGCGCGCTCA,0,4006659
xdhAp2,0.2,4,4,GGCGTGATAACTTGTTCTAC,0,3984668
xdhAp2,0.2,4,4,GGCGCTCCATGATATGTCTA,0,4004487
xdhAp2,0.2,4,4,GGCGCCTGATAATATAGATG,0,3992058
xdhAp2,0.2,4,4,GGCCAATTGGGGGGGAACGT,0,4014281
xdhAp2,0.2,4,4,GGCATTTCCCGCGGTTGTGG,0,4005940
xdhAp2,0.2,4,4,GGCAGGGGTACGTTACCAAG,0,3986234
xdhAp2,0.2,4,4,GGCAATACAGTGTCTAATAT,0,3984230
xdhAp2,0.2,4,4,GGATGTGAAGGTTCGGTCTA,0,4003946
xdhAp2,0.2,4,4,GGAGTGTGAGAGGTAATGGT,0,3986103
xdhAp2,0.2,4,4,GGACGCCGGAAAGGGCCACT,0,4012956
xdhAp2,0.2,4,4,GGACCCCCATATAGATCCAA,0,4011416
xdhAp2,0.2,4,4,GGAATAACGCCTGGTGTCAT,0,3989787
xdhAp2,0.2,4,4,GCTTTGGCTAGCCAAGACCA,0,3983898
xdhAp2,0.2,4,4,GCTTACCGTGTCAGCTGGAC,0,3990389
xdhAp2,0.2,4,4,GCTGCTGGTACTGCCTCCCG,0,4009582
xdhAp2,0.2,4,4,GCTGAACCTGAAGGCACTTG,0,3999039
xdhAp2,0.2,4,4,GCTCAATTAGGGTAGGCAGT,0,3997605
xdhAp2,0.2,4,4,GCGTACTAAATCCGTTCCGT,0,3986869
xdhAp2,0.2,4,4,GCGGTCCTTTCATAACTCCT,0,4007886
xdhAp2,0.2,4,4,GCGGGGTCGGTCATATGAGC,0,3995419
xdhAp2,0.2,4,4,GCGCCATATAACTGAGTCAA,0,3995655
xdhAp2,0.2,4,4,GCGCAGGCGCAGCGAGGTAT,0,4012671
xdhAp2,0.2,4,4,GCCTGCGAGAATTATTTCTT,0,4011924
xdhAp2,0.2,4,4,GCCTATAGGTCCATCATCTA,0,3998758
xdhAp2,0.2,4,4,GCCGGCACGTTCATTGTAAA,0,3987796
xdhAp2,0.2,4,4,GCCGACTCTTCCGGTTTCCA,0,4008060
xdhAp2,0.2,4,4,GCCCTGGCGTTATGTTGGTG,0,3984603
xdhAp2,0.2,4,4,GCCCTCCCTGAGGTCGCTAT,0,3986481
xdhAp2,0.2,4,4,GCATGGATCCGGGTGATTAC,0,3987854
xdhAp2,0.2,4,4,GCAGACGGACGGAGCTTGGC,0,3996022
xdhAp2,0.2,4,4,GCACGTCCAACGATTAAGTT,0,3994678
xdhAp2,0.2,4,4,GCACGAGACGCAGCGGCGTT,0,4004506
xdhAp2,0.2,4,4,GCAAGACTTGGATCGTTGTA,0,3982392
xdhAp2,0.2,4,4,GCAAACGGTGCAAGTGTCGG,0,4004115
xdhAp2,0.2,4,4,GATTTTCACGCGCATCGCGT,0,3992531
xdhAp2,0.2,4,4,GATTGTGTCGGGGATGGTTT,0,3986305
xdhAp2,0.2,4,4,GATTGGATGCTTCACAACTT,0,3983078
xdhAp2,0.2,4,4,GATTAAGCGACTAGAACGTC,0,4007877
xdhAp2,0.2,4,4,GATGTACAGTAGACACGGCA,0,3982046
xdhAp2,0.2,4,4,GATATTCTCGCGGCTCAAAA,0,3988501
xdhAp2,0.2,4,4,GATATAGGGTGCACGTCCTG,0,3993868
xdhAp2,0.2,4,4,GATACAGTGAGGTAACCTAC,0,3991324
xdhAp2,0.2,4,4,GAGTTGGGGGGTTGACTAAA,0,4002320
xdhAp2,0.2,4,4,GAGTGTCGCGCACCTCCGCT,0,3998394
xdhAp2,0.2,4,4,GAGTCCGTCTCCCTTTTCCA,0,3992794
xdhAp2,0.2,4,4,GAGCTTAGCCGGGTCAAAGC,0,4010240
xdhAp2,0.2,4,4,GAGCATAGAAGATATTCTCG,0,3997639
xdhAp2,0.2,4,4,GAGATGGATTGTACCTTCGT,0,4000397
xdhAp2,0.2,4,4,GAGATCCAGTTAGCAGACTA,0,4004965
xdhAp2,0.2,4,4,GAGAGCGTACAGTTTTCTAT,0,3981987
xdhAp2,0.2,4,4,GAGAGCGGGAAGGAATCCGA,0,4003935
xdhAp2,0.2,4,4,GAGACTACCGACCGGGGTGC,0,3996895
xdhAp2,0.2,4,4,GAGACATCTTGTGGGGTACT,0,4005519
xdhAp2,0.2,4,4,GACTGCAAAATGGGTTACTC,0,4010024
xdhAp2,0.2,4,4,GACGGTTTCCCTACGAGGAA,0,3998667
xdhAp2,0.2,4,4,GACGGAACCACCGGATAGTA,0,4003775
xdhAp2,0.2,4,4,GACGCGGATTTCAGCTGCCT,0,4000393
xdhAp2,0.2,4,4,GACCGACACTGCGAAGCAAT,0,3997295
xdhAp2,0.2,4,4,GACATTTTCAGAATGAGTCG,0,3990194
xdhAp2,0.2,4,4,GACAGACGCCTCGGAGGCAT,0,3986980
xdhAp2,0.2,4,4,GACAAAGGATGGATAAGGCA,0,4005523
xdhAp2,0.2,4,4,GAATGGAGGAAATCTCGTGC,0,3999446
xdhAp2,0.2,4,4,GAATCTGTTAGAGGGCGTGT,0,3985644
xdhAp2,0.2,4,4,GAATCCGGGACATCGGAAAT,0,3989706
xdhAp2,0.2,4,4,GAATATCTGGACGGCCATTA,0,4001807
xdhAp2,0.2,4,4,GAAGTTAAAGTGGGTACAGT,0,3990032
xdhAp2,0.2,4,4,GAAGTGCTGAGGTACGAGAC,0,4012629
xdhAp2,0.2,4,4,GAAGGAGTAACAACGTTTCC,0,3987714
xdhAp2,0.2,4,4,CTTTGCGGGCATGCCGGCGC,0,3986551
xdhAp2,0.2,4,4,CTTTGAGGTGATTAGTGGAC,0,4004575
xdhAp2,0.2,4,4,CTTGCGGGTATGTATCTACT,0,3984135
xdhAp2,0.2,4,4,CTTGAGTGATCAACAAGTCG,0,3996278
xdhAp2,0.2,4,4,CTTCTTCTTGCTGGGCAACA,0,3990983
xdhAp2,0.2,4,4,CTTCGTTCGGCGGTGTAGGC,0,3992789
xdhAp2,0.2,4,4,CTGTTTAGGGTGCTACGGCT,0,3996963
xdhAp2,0.2,4,4,CTGGTCCCAACTGTATTAAT,0,4011229
xdhAp2,0.2,4,4,CTGGTAGAAAACACCCGATG,0,4006170
xdhAp2,0.2,4,4,CTGGGTAAAGTTGTGCGCCG,0,4012542
xdhAp2,0.2,4,4,CTGCTTGGAGTGTTCGACCA,0,3989003
xdhAp2,0.2,4,4,CTGCTGTTCGGAGTTAAGAC,0,4006721
xdhAp2,0.2,4,4,CTGCGCTCGTCGCGGGTCAT,0,4001369
xdhAp2,0.2,4,4,CTGCCTTAACTAATCGCGCT,0,4007580
xdhAp2,0.2,4,4,CTGCAGTTAGCAGACTGAAC,0,4003342
xdhAp2,0.2,4,4,CTGCAGACCGAGGAGATAGG,0,3992054
xdhAp2,0.2,4,4,CTGCACCCCTGTTAGCTCTC,0,4000267
xdhAp2,0.2,4,4,CTGATATAGCGGCCGAAACA,0,4012948
xdhAp2,0.2,4,4,CTCTCGGGATTCGTGAACGA,0,4007358
xdhAp2,0.2,4,4,CTCGCGCTGTCCCGGGTCGT,0,3998037
xdhAp2,0.2,4,4,CTCGATGGAGCAAGTCTCGA,0,3987522
xdhAp2,0.2,4,4,CTCCAGATAGCTCCTACGTA,0,4003442
xdhAp2,0.2,4,4,CTCCAACGAGATGGCGTGAT,0,3999011
xdhAp2,0.2,4,4,CTCAGCAAAATACTGGGTGG,0,3998343
xdhAp2,0.2,4,4,CTCACCCATTAGAAAGTAGA,0,4006277
xdhAp2,0.2,4,4,CTCAAGGCGGGGCGGGTCTC,0,4008050
xdhAp2,0.2,4,4,CTATTAGTCCGTATCTAGAT,0,3992313
xdhAp2,0.2,4,4,CTATCGTAGAGTCAACTGTA,0,3999245
xdhAp2,0.2,4,4,CTATAAGGGGGTTTCCGAGA,0,4005221
xdhAp2,0.2,4,4,CTAGCACTCCCAACCTAGGC,0,3989259
xdhAp2,0.2,4,4,CTAGACGGAAATGCAAAACA,0,3996258
xdhAp2,0.2,4,4,CTACCACCATCAGGTGCTGA,0,4002167
xdhAp2,0.2,4,4,CTAATCTCTGATCGTTTATG,0,3991559
xdhAp2,0.2,4,4,CGTTTGGGTTATCGCGAGTC,0,3982364
xdhAp2,0.2,4,4,CGTTTAGAAGCAATTCCAGT,0,4011447
xdhAp2,0.2,4,4,CGTTAGCAGCGGTGTACTCG,0,3982365
xdhAp2,0.2,4,4,CGTTACCTGAGGCCCAACGT,0,3995546
xdhAp2,0.2,4,4,CGTGGATATTAGATCTCGTC,0,3981789
xdhAp2,0.2,4,4,CGTGCGCTGGCTCCCGCGCG,0,4006489
xdhAp2,0.2,4,4,CGTGAAAATGCTTGCGCTTG,0,4003811
xdhAp2,0.2,4,4,CGTCGGCTGAAAAGCCATCA,0,3984523
xdhAp2,0.2,4,4,CGTCGGAACGATCTATATAA,0,3994254
xdhAp2,0.2,4,4,CGTCCACCCCCTAGAAAGCT,0,4008892
xdhAp2,0.2,4,4,CGTCAGATGCTAAGAACTTA,0,4004211
xdhAp2,0.2,4,4,CGTATGGTATGCGGGCGCTT,0,3984361
xdhAp2,0.2,4,4,CGTAGCGGTGCTGCCTTGAT,0,3985638
xdhAp2,0.2,4,4,CGTACTCGGGATCGATGAAT,0,3999554
xdhAp2,0.2,4,4,CGGTCTGTCAGAAATTCAGC,0,3992050
xdhAp2,0.2,4,4,CGGTCTGAACAGTAAAAGAC,0,3993942
xdhAp2,0.2,4,4,CGGTCAAGCGATACAGGAAT,0,3985110
xdhAp2,0.2,4,4,CGGTATTGCATTTAACACTG,0,3995335
xdhAp2,0.2,4,4,CGGTAAAGACGTTGGAACCT,0,3989779
xdhAp2,0.2,4,4,CGGGTCTTTAAGCAAAAAAC,0,3991066
xdhAp2,0.2,4,4,CGGGTCCAGATCGCGGGTAT,0,4003452
xdhAp2,0.2,4,4,CGGGGTAAAGCTCGGGCTTC,0,4012642
xdhAp2,0.2,4,4,CGGGAATGTACTGGGCACCA,0,3992826
xdhAp2,0.2,4,4,CGGCTGCTTTTACTAACGGC,0,4000858
xdhAp2,0.2,4,4,CGGCGCGACGGCATGCGGCG,0,3986953
xdhAp2,0.2,4,4,CGGCCCCGGGATGCGAAGAC,0,4012585
xdhAp2,0.2,4,4,CGGCATCTACCGTCAGGGGG,0,3986914
xdhAp2,0.2,4,4,CGGAGTATTCGTTAGGTCTT,0,3991925
xdhAp2,0.2,4,4,CGGACACTTTTGGGAGGAGC,0,4011707
xdhAp2,0.2,4,4,CGGAAATACGTATATCGCCA,0,3998314
xdhAp2,0.2,4,4,CGCTGACAAACTGTTAGCGT,0,3989793
xdhAp2,0.2,4,4,CGCTCCACCCGCGGTCACCC,0,4010163
xdhAp2,0.2,4,4,CGCTCAGTTTAATGCTACGC,0,3987041
xdhAp2,0.2,4,4,CGCGACATAAGGGTTCCTCA,0,4006849
xdhAp2,0.2,4,4,CGCAGGGATGGACATTACGC,0,3981884
xdhAp2,0.2,4,4,CGCAACAAAGGCAAACTGAT,0,4009032
xdhAp2,0.2,4,4,CGCAAAGGCATTCGCCATGT,0,3989671
xdhAp2,0.2,4,4,CGCAAACTTTCGCAAGGCGG,0,4000899
xdhAp2,0.2,4,4,CGACAGATCCAGACCTCGCG,0,4009754
xdhAp2,0.2,4,4,CGAAGGGCAGCCTCTGCACT,0,3986829
xdhAp2,0.2,4,4,CGAAGGATCAGCTTAAGCCG,0,3994616
xdhAp2,0.2,4,4,CGAAGCGCTCAGGGATTTGG,0,3993586
xdhAp2,0.2,4,4,CGAAATGTGCGGGCTATTTT,0,4003938
xdhAp2,0.2,4,4,CCTTTGTGACTATGTCTTTA,0,3991294
xdhAp2,0.2,4,4,CCTTTACTGAGACGACTGGT,0,3983700
xdhAp2,0.2,4,4,CCTTACTGCAGCTATAGAGC,0,3986487
xdhAp2,0.2,4,4,CCTGCATCCATGTTCCTGCG,0,4004502
xdhAp2,0.2,4,4,CCTGACCACACGCTTAATAT,0,4001598
xdhAp2,0.2,4,4,CCTCTCATGTGCAGCGCGTA,0,3986082
xdhAp2,0.2,4,4,CCTCCCCCGAATAGCCGGGC,0,3988536
xdhAp2,0.2,4,4,CCTCACGCCGTCAGGTGGGT,0,3983187
xdhAp2,0.2,4,4,CCGTTCAGTACCCAATACAG,0,4012111
xdhAp2,0.2,4,4,CCGTCTAACCACTTGAGTTG,0,4010267
xdhAp2,0.2,4,4,CCGTATCACATGGAATGCTA,0,4007751
xdhAp2,0.2,4,4,CCGTAGAGAAGACAACGGAT,0,3996476
xdhAp2,0.2,4,4,CCGGCCTGCGACTAACCTCC,0,4009040
xdhAp2,0.2,4,4,CCGCCTTTTTATTTGTGCGA,0,4014096
xdhAp2,0.2,4,4,CCGCCCAGATATCTAGAACA,0,3983040
xdhAp2,0.2,4,4,CCGCATGAATGGTCGGTGGG,0,3982468
xdhAp2,0.2,4,4,CCGAGGGGATCAGGCTTGAC,0,3996059
xdhAp2,0.2,4,4,CCGAGACCACAAACTCCACT,0,4014116
xdhAp2,0.2,4,4,CCGACCCAGCTCCTTCTAAG,0,3987072
xdhAp2,0.2,4,4,CCCTTCGTAGCTTGGGCGGA,0,3988312
xdhAp2,0.2,4,4,CCCGTTGGGTCTACCCACCA,0,3990092
xdhAp2,0.2,4,4,CCCGTCTGGTCCTGCACGTG,0,3986490
xdhAp2,0.2,4,4,CCCGGGCATATCGCGGAAAT,0,4000842
xdhAp2,0.2,4,4,CCCGCAGTCCGTGGCTCATC,0,3981535
xdhAp2,0.2,4,4,CCCCGGCTTTTCGCCGCGGA,0,3982827
xdhAp2,0.2,4,4,CCCCAGAGCTCATTATGGCT,0,3987034
xdhAp2,0.2,4,4,CCCATTTGTCTGGGTGAGTT,0,3992959
xdhAp2,0.2,4,4,CCATGGTCCAGCGCTGTATC,0,3994367
xdhAp2,0.2,4,4,CCATGGCCATTGGAGGCGGT,0,3989949
xdhAp2,0.2,4,4,CCATGCTACGGTCGGACGAT,0,4005275
xdhAp2,0.2,4,4,CCACAAACACCCGTCTGGCA,0,4013790
xdhAp2,0.2,4,4,CCAACGATAATATCTTAATG,0,4000316
xdhAp2,0.2,4,4,CCAAAGGTGGTTCTTGGGGG,0,4001282
xdhAp2,0.2,4,4,CATTCCGGTCATCGACTGTC,0,3999539
xdhAp2,0.2,4,4,CATTAACTGTGCCCCGATGC,0,3992612
xdhAp2,0.2,4,4,CATGTTCGCCCTATACCCGG,0,3999033
xdhAp2,0.2,4,4,CATGGCCGCACTCATTTGCT,0,4002953
xdhAp2,0.2,4,4,CATGGAGGCACACCGTAGCA,0,3984906
xdhAp2,0.2,4,4,CATGATTTCATTGGTCGTGG,0,4002795
xdhAp2,0.2,4,4,CATGACAGATGGCCCAACTA,0,4006485
xdhAp2,0.2,4,4,CATGAATAGCATAAGCACCA,0,3992900
xdhAp2,0.2,4,4,CATCGGGTCTAAGCTCTATA,0,3991948
xdhAp2,0.2,4,4,CATATTTCTTCGCTTTACCA,0,4007130
xdhAp2,0.2,4,4,CATATCCTAGGTGCGAAAAA,0,4009845
xdhAp2,0.2,4,4,CATAGGACGAATGTCTCACC,0,3992487
xdhAp2,0.2,4,4,CATAATCATGGTAATTCTAA,0,4010343
xdhAp2,0.2,4,4,CAGTCCGCTTTCAACCCAGA,0,4008351
xdhAp2,0.2,4,4,CAGCTACGGGAACAAACAAA,0,4013931
xdhAp2,0.2,4,4,CAGCTAAGGGCAAAATGATC,0,3985798
xdhAp2,0.2,4,4,CAGCAGACCCGTCCTTAGTT,0,4014170
xdhAp2,0.2,4,4,CAGATACGGATTATTGTAAC,0,3992108
xdhAp2,0.2,4,4,CAGAGACGGTTAAAAAAGGA,0,4000111
xdhAp2,0.2,4,4,CAGACTATAGAGCGCCGGTT,0,4007085
xdhAp2,0.2,4,4,CAGAACCAGTAAGCTGGTAG,0,3991898
xdhAp2,0.2,4,4,CACTTATAACGTATGGTTTC,0,4003331
xdhAp2,0.2,4,4,CACGTAAGGGCGTCTAAGTT,0,3996939
xdhAp2,0.2,4,4,CACCGCAAGTTCGTGCTCCT,0,3982109
xdhAp2,0.2,4,4,CACCCATGGCGGCCTAGGCT,0,4000897
xdhAp2,0.2,4,4,CACCACTGCCGACACGTATC,0,3989805
xdhAp2,0.2,4,4,CACATTAGGGATAACGGCAC,0,4004892
xdhAp2,0.2,4,4,CACATCGCTTTGAAGGCCTC,0,4012056
xdhAp2,0.2,4,4,CACAATCGAGACCCATCCTT,0,3996019
xdhAp2,0.2,4,4,CAATCCTTGCTTCCGCCCCC,0,3994851
xdhAp2,0.2,4,4,CAAGTCTGGCGGCACGCCAT,0,3995648
xdhAp2,0.2,4,4,CAAGGTCCGCGACCGTAGCA,0,4013156
xdhAp2,0.2,4,4,CAACGGATGGAGTTACTAAC,0,3988875
xdhAp2,0.2,4,4,CAACGAATGAAATGGTCATT,0,3997210
xdhAp2,0.2,4,4,CAACAATACAGAAATGGCGC,0,3990421
xdhAp2,0.2,4,4,CAAAGCGTATTCGACGTATC,0,4014332
xdhAp2,0.2,4,4,CAAACTTACTTTCGTTCTAA,0,4010259
xdhAp2,0.2,4,4,CAAACCATTGTAAGACAGGT,0,3985408
xdhAp2,0.2,4,4,CAAAACTCCTGAAGTAGCTG,0,4000727
xdhAp2,0.2,4,4,CAAAAATCTGATAGGCACTG,0,4000202
xdhAp2,0.2,4,4,ATTTCCGTAAGGTGCCGGCA,0,4009210
xdhAp2,0.2,4,4,ATTGGTAGTGCTCTCCTGTC,0,3996360
xdhAp2,0.2,4,4,ATTGCCTCGGCACAACACGT,0,4006224
xdhAp2,0.2,4,4,ATTGACGAGGGCGGGGTTTT,0,3989976
xdhAp2,0.2,4,4,ATTCCTCTACAGGCGTTAAT,0,4005872
xdhAp2,0.2,4,4,ATTCCGAAAGGATAGTACTG,0,3989668
xdhAp2,0.2,4,4,ATTATCTGTTAACTTAGCAA,0,4002620
xdhAp2,0.2,4,4,ATGTCGGCGGTACCTCAAGT,0,4002090
xdhAp2,0.2,4,4,ATGGTTCACGTGCGTAAACA,0,4002636
xdhAp2,0.2,4,4,ATGGAGCCGAAATTTTCGTC,0,4008596
xdhAp2,0.2,4,4,ATGCTTTGGTTATTAGTGAA,0,3999301
xdhAp2,0.2,4,4,ATGCTGATTCGCCAGATTTT,0,3985676
xdhAp2,0.2,4,4,ATGCTCGCTAAAGTTCAAGT,0,3981800
xdhAp2,0.2,4,4,ATGAGAGGTCTTCAGATTTA,0,3994870
xdhAp2,0.2,4,4,ATGAACAAATATTTCCAGTA,0,4004555
xdhAp2,0.2,4,4,ATCTTGAGTTAAGTACGGCC,0,4009277
xdhAp2,0.2,4,4,ATCTCTGTGCCTCAAAAGAC,0,4000294
xdhAp2,0.2,4,4,ATCTCAAGGTAGCACACGAC,0,4001347
xdhAp2,0.2,4,4,ATCCTAAGATTTGCGTAGAG,0,3995722
xdhAp2,0.2,4,4,ATCCGCTAGTGACTCGTTGG,0,3983563
xdhAp2,0.2,4,4,ATCCGCGCGGGTACTCCTAC,0,3992572
xdhAp2,0.2,4,4,ATCCCTGGTATCGATCTTTC,0,3987321
xdhAp2,0.2,4,4,ATCACGGTGAAATAAAGCTT,0,4007073
xdhAp2,0.2,4,4,ATCAAAAGAATATAACAGAG,0,3997267
xdhAp2,0.2,4,4,ATATTCCCTTCATATCCGAT,0,3998799
xdhAp2,0.2,4,4,ATATCTTCGACCAAGGCTAG,0,4008356
xdhAp2,0.2,4,4,ATATAATGCATACGCCGCGT,0,4002765
xdhAp2,0.2,4,4,ATAGCTTTCTGGTTAAGGGA,0,3986399
xdhAp2,0.2,4,4,ATAGCAGTATAAAGATCCGA,0,4004475
xdhAp2,0.2,4,4,ATAGATACCTGCGGGCACCC,0,3992468
xdhAp2,0.2,4,4,ATACCCGTGTTTCGGCTAAA,0,3984349
xdhAp2,0.2,4,4,ATACATGGACGAATGCATCT,0,3996166
xdhAp2,0.2,4,4,ATAATCTAGCGCACGAGGTA,0,3991560
xdhAp2,0.2,4,4,ATAACGAAGGGCATACCAGA,0,3981610
xdhAp2,0.2,4,4,AGTTTTTAAGTTGTGGTTAC,0,3988895
xdhAp2,0.2,4,4,AGTTCGTTGCTACGATTGGT,0,3983613
xdhAp2,0.2,4,4,AGTGTTGATGACGTTTATGT,0,4010913
xdhAp2,0.2,4,4,AGTGGGTTAGGCCCAGGATG,0,3995727
xdhAp2,0.2,4,4,AGTCTAAATCAGTAGCCTTA,0,3992870
xdhAp2,0.2,4,4,AGTATTAACCCTCGATTGGC,0,4009165
xdhAp2,0.2,4,4,AGTAGTTTTATGTTGTGGGA,0,3992500
xdhAp2,0.2,4,4,AGTACTCTTGGGATTAGTTG,0,3990469
xdhAp2,0.2,4,4,AGTACCGTTGAGGTTCGATC,0,3991121
xdhAp2,0.2,4,4,AGTAAAATAACAAGGCTGCG,0,3991414
xdhAp2,0.2,4,4,AGGTCCCGTGGGCCAATGGG,0,3982019
xdhAp2,0.2,4,4,AGGCTATACAGGTTACCAGT,0,4012546
xdhAp2,0.2,4,4,AGGCGTAGCCATTGGGTCGG,0,3995998
xdhAp2,0.2,4,4,AGGCGGTAGGACGTGTCAAT,0,4009146
xdhAp2,0.2,4,4,AGGCGCTAGCCCTATGTGAT,0,3999367
xdhAp2,0.2,4,4,AGGCCCGGGCATTCTGGCTG,0,4012311
xdhAp2,0.2,4,4,AGGCAGAAGGGTCCTAGATG,0,3987028
xdhAp2,0.2,4,4,AGGAGCCGGGCACATAGTAC,0,4005777
xdhAp2,0.2,4,4,AGGACCTAGTGAGGCATCGC,0,3995654
xdhAp2,0.2,4,4,AGGACCGTGGGAGCATTTGG,0,3985183
xdhAp2,0.2,4,4,AGGAACGGGCGAAACCAAGT,0,3982175
xdhAp2,0.2,4,4,AGCGTTTCGCACAGTATCCA,0,3986022
xdhAp2,0.2,4,4,AGCGTAATTCCTCGGGACTT,0,4012057
xdhAp2,0.2,4,4,AGCGCTGATTGTAAAAGGTC,0,3990171
xdhAp2,0.2,4,4,AGCGCATCCAGTGGGCGGAA,0,3988070
xdhAp2,0.2,4,4,AGCCGCGAAAGATTCAAATT,0,4011776
xdhAp2,0.2,4,4,AGCCCGACCGGTGTCGCAAC,0,4004383
xdhAp2,0.2,4,4,AGCCCAGCGGTGTGTTGCCT,0,3991256
xdhAp2,0.2,4,4,AGCATTCTTATGTTCAGGTT,0,3996784
xdhAp2,0.2,4,4,AGCAACGAAATGGCCAGGAT,0,3994396
xdhAp2,0.2,4,4,AGATTTTCCGCGCAAGTGCG,0,4004887
xdhAp2,0.2,4,4,AGATCGAATGAAAACTATTC,0,3994872
xdhAp2,0.2,4,4,AGATCGAAGCGCTTAAAGCA,0,3982101
xdhAp2,0.2,4,4,AGATAATGGATATACCAGAT,0,3981945
xdhAp2,0.2,4,4,AGAGTATACCCCGAGCGGAC,0,4008733
xdhAp2,0.2,4,4,AGAGGCTTCAATGTGCGTGA,0,4002764
xdhAp2,0.2,4,4,AGAGCTAAATCTCGCCCGGA,0,4014333
xdhAp2,0.2,4,4,AGAGCGCACTGGGCGACCTC,0,4005104
xdhAp2,0.2,4,4,AGACGCTTTTGGTAGCTCTG,0,4006304
xdhAp2,0.2,4,4,AGAATTTTGGAGTCACCCGT,0,3987085
xdhAp2,0.2,4,4,AGAATCTTCATCGCATTCGT,0,4008581
xdhAp2,0.2,4,4,AGAACGCTTGTCTGGGCAAC,0,4004712
xdhAp2,0.2,4,4,AGAACGCGTTCGCGCTCCCA,0,3987371
xdhAp2,0.2,4,4,AGAAAAGTTGGTGCGAATCT,0,4012158
xdhAp2,0.2,4,4,ACTTTTAATTTGACCTTCTT,0,3992550
xdhAp2,0.2,4,4,ACTTTCAGCTATTGCTGCCT,0,4001320
xdhAp2,0.2,4,4,ACTTTAAAGGTCGAATACAA,0,3995398
xdhAp2,0.2,4,4,ACTTGGGTTGAGTTATAATC,0,3991094
xdhAp2,0.2,4,4,ACTTGGCGGTCGGAAGGCAG,0,3992257
xdhAp2,0.2,4,4,ACTTGAATACTCTGGCGCTT,0,3989206
xdhAp2,0.2,4,4,ACTTCGTCAGGGTTGCCCAA,0,4001392
xdhAp2,0.2,4,4,ACTTACGTTTGCTTCTCTCC,0,4007585
xdhAp2,0.2,4,4,ACTGTCGTGCCGTTCAATAG,0,3989106
xdhAp2,0.2,4,4,ACTGGTTAGGTGTGGTTACT,0,3992304
xdhAp2,0.2,4,4,ACTGCTCGTAAGTATTTAGG,0,3994973
xdhAp2,0.2,4,4,ACTGATTCGCGTTCGAGAGG,0,3997407
xdhAp2,0.2,4,4,ACTGAGATAGATGTGGATGT,0,4005426
xdhAp2,0.2,4,4,ACTCAGCCGTACACACAGGT,0,3997188
xdhAp2,0.2,4,4,ACTCAATAAGTGGCAATGCT,0,4014351
xdhAp2,0.2,4,4,ACGTCTCCTTCAAATGCGTT,0,4006352
xdhAp2,0.2,4,4,ACGTATCGTCTGCAAGTACT,0,4006927
xdhAp2,0.2,4,4,ACGTAACGGAACCGGCCAGG,0,3990225
xdhAp2,0.2,4,4,ACGTAACCTCTGTGCGCACT,0,3996698
xdhAp2,0.2,4,4,ACGGTTGCATGCAGCCACGA,0,3995085
xdhAp2,0.2,4,4,ACGGCTGGTACAGCGGCAAG,0,3997468
xdhAp2,0.2,4,4,ACGCTTAGTGTATGTATCTG,0,3991344
xdhAp2,0.2,4,4,ACGCGGCATCCGGACTTAAT,0,4000016
xdhAp2,0.2,4,4,ACGACATGAGAGAGTATGTG,0,3990064
xdhAp2,0.2,4,4,ACCTTATCAACCACGAGCGC,0,3996596
xdhAp2,0.2,4,4,ACCTCAATAGATACGGTCAA,0,3993136
xdhAp2,0.2,4,4,ACCTAGTGGTCTAATGGTAA,0,3982115
xdhAp2,0.2,4,4,ACCCCTTGCCATTGAATCTA,0,3987119
xdhAp2,0.2,4,4,ACATTGGTCACTTGCGGCCT,0,3982671
xdhAp2,0.2,4,4,ACATTCAGATCCGGGTTTTG,0,4002159
xdhAp2,0.2,4,4,ACATATGTTCCAACTAGCAT,0,3986486
xdhAp2,0.2,4,4,ACATAGACACGGACTATATA,0,3994694
xdhAp2,0.2,4,4,ACAGTTTGTATGAACTGTGC,0,4000295
xdhAp2,0.2,4,4,ACAGTCACCGTAAAACGCGA,0,3985180
xdhAp2,0.2,4,4,ACAGGTGCTACCGGTTGGGG,0,4007619
xdhAp2,0.2,4,4,ACAGCGGACAAACCGAATCG,0,4007052
xdhAp2,0.2,4,4,ACAGCGCAAAGGCGACATTA,0,4007115
xdhAp2,0.2,4,4,ACAGATTGTTGAGTAGGTAA,0,3987285
xdhAp2,0.2,4,4,ACACTAGCATTGTAGTAGTA,0,4003756
xdhAp2,0.2,4,4,ACAATTGATGAATATCTAGT,0,3993787
xdhAp2,0.2,4,4,ACAAGATGCGGATGCCACGT,0,4012012
xdhAp2,0.2,4,4,AATTACGTGTACAAGCACGG,0,3998634
xdhAp2,0.2,4,4,AATGGTGGCTTTCGTCTGAT,0,4011839
xdhAp2,0.2,4,4,AATGATTGCTCGCGGGCTGT,0,3996996
xdhAp2,0.2,4,4,AAGTGTATTAAACGTCGTAG,0,4001129
xdhAp2,0.2,4,4,AAGTGACCCTTCATCACTGT,0,4002790
xdhAp2,0.2,4,4,AAGTCTTGCCACCCCGACTC,0,3994416
xdhAp2,0.2,4,4,AAGTCTACAATTCCGGGCAT,0,3995707
xdhAp2,0.2,4,4,AAGTCGCCTATCGAGCAGTA,0,4002762
xdhAp2,0.2,4,4,AAGGGTAGGGGTTCCGGGAA,0,4003907
xdhAp2,0.2,4,4,AAGGCCCACGGCTTGAAGTG,0,4000153
xdhAp2,0.2,4,4,AAGGAAAAGGCAGTGAGAGT,0,3999779
xdhAp2,0.2,4,4,AAGCTTAAGACAGCTCCCAC,0,4006203
xdhAp2,0.2,4,4,AAGCTGAGAACCATCCTTGC,0,3981915
xdhAp2,0.2,4,4,AAGCGATTGCATGTTCAGCA,0,3988073
xdhAp2,0.2,4,4,AAGACTCCTGCGAGTTATAT,0,3983281
xdhAp2,0.2,4,4,AAGACGGTCCCCATGTTTTC,0,4002392
xdhAp2,0.2,4,4,AAGACCTAACGTCTATTCGC,0,3987448
xdhAp2,0.2,4,4,AAGAAAGTTATCCCCCGGAA,0,4001097
xdhAp2,0.2,4,4,AACTTGTTTGAAAGGTCTCG,0,3997828
xdhAp2,0.2,4,4,AACTTGGGGTTCCCGGTTTA,0,4014385
xdhAp2,0.2,4,4,AACCCAGCGTTCCGTCGCCA,0,4011141
xdhAp2,0.2,4,4,AACCAAGCTTGTGCCCTGTT,0,4002136
xdhAp2,0.2,4,4,AACAGTTTACGAGATGATAT,0,3993015
xdhAp2,0.2,4,4,AACACGCGATGCTAGAATCT,0,4013754
xdhAp2,0.2,4,4,AACACCAATCATCCACGTTT,0,4001397
xdhAp2,0.2,4,4,AAATCGGGTTGAACCCATTC,0,3989780
xdhAp2,0.2,4,4,AAAGGTGGGGGGAACCGTAG,0,4004349
xdhAp2,0.2,4,4,AAAGGGCGCCAACCGACTGG,0,3983769
xdhAp2,0.2,4,4,AAACCGTCATTATGGCTCCC,0,3982824
xdhAp2,0.2,4,4,AAACACACCGTGTGCACGTC,0,3999666
xdhAp2,0.2,4,4,AAAAGTGCTTCAGTACCGTC,0,4013992
xdhAp2,0.2,4,4,AAAAGTGCAGAGATTTCAGT,0,4014162
xdhAp2,0.2,4,4,AAAAGACTGGCTAGTTTGCA,0,4010429
xdhAp2,0.2,4,4,AAAACTCCGGGACGTTGACA,0,3993725
xdhAp2,0.25,3,3,TTTGGGCCACCTGCAATCAC,0,3998767
xdhAp2,0.25,3,3,TTTCTCGGGCAATCTGCTTT,0,3998058
xdhAp2,0.25,3,3,TTTCTCAGAAGGAACAGGGA,0,3982880
xdhAp2,0.25,3,3,TTTCATAGAGCGTAGTGCAT,0,4008484
xdhAp2,0.25,3,3,TTTATTAATAGACCCGTCAC,0,3982500
xdhAp2,0.25,3,3,TTTATGTGTTATCGTTCTAG,0,4004029
xdhAp2,0.25,3,3,TTTAGCTGTGCGCTTCATGG,0,4002836
xdhAp2,0.25,3,3,TTTACGGGTACCGTTGCCTG,0,4013513
xdhAp2,0.25,3,3,TTGTTATGCCATCGGTAAGG,0,3985956
xdhAp2,0.25,3,3,TTGTCCATGGATGCGGATAG,0,3999682
xdhAp2,0.25,3,3,TTGTAGCCTCCTTACTTGCG,0,3995967
xdhAp2,0.25,3,3,TTGGTCATTGAACACAATTT,0,4011582
xdhAp2,0.25,3,3,TTGGTAACCTCTGCTAGCTG,0,4009334
xdhAp2,0.25,3,3,TTGGCCGGACCTAGAGGTAG,0,3996507
xdhAp2,0.25,3,3,TTGGAGCGGCGGCCTGCGCT,0,3984138
xdhAp2,0.25,3,3,TTGCGCGTGGCTTCTGGCCT,0,3988156
xdhAp2,0.25,3,3,TTGCCCGTGTGAGGGGTCGC,0,3989814
xdhAp2,0.25,3,3,TTGATGCTATCTCATGTATA,0,3987372
xdhAp2,0.25,3,3,TTGATCTTAGAACTGGCTGA,0,3994561
xdhAp2,0.25,3,3,TTCTGCTTAGATGTCACCTA,0,4012648
xdhAp2,0.25,3,3,TTCTACCGCATGGTGTAGAT,0,4001979
xdhAp2,0.25,3,3,TTCGTTGACTTGAGAGAGTG,0,3995788
xdhAp2,0.25,3,3,TTCGTTAATGCACAATAGTA,0,3982566
xdhAp2,0.25,3,3,TTCGGAGACCTGATCCATCG,0,3998728
xdhAp2,0.25,3,3,TTCCTGATCGCGCTGACTCA,0,3985721
xdhAp2,0.25,3,3,TTCCGTTTACTTCTGGCCTT,0,3991845
xdhAp2,0.25,3,3,TTCCCATCAAATTCCCTTCC,0,4002578
xdhAp2,0.25,3,3,TTCCATTTCAGCCGTTAGCA,0,4012446
xdhAp2,0.25,3,3,TTCAGTCATACCGTAGTTTA,0,3981661
xdhAp2,0.25,3,3,TTCAATCGTTCTCAGAAGGG,0,4006471
xdhAp2,0.25,3,3,TTATCTTCACGTGCGTGTGA,0,3988941
xdhAp2,0.25,3,3,TTATCCGTCAAAATGGCTGG,0,3994043
xdhAp2,0.25,3,3,TTAGTATCGCCGTCAAATCC,0,3985365
xdhAp2,0.25,3,3,TTAGTATAGGAAGTTCCCGC,0,4000678
xdhAp2,0.25,3,3,TTACCTGTAGGCTTCTATAT,0,3993584
xdhAp2,0.25,3,3,TTACCTAACCGTTTGACATG,0,3994541
xdhAp2,0.25,3,3,TTACCGGCTTATCCCGTGAC,0,3989590
xdhAp2,0.25,3,3,TTAATTACAGTTCTAGGTAT,0,3983704
xdhAp2,0.25,3,3,TTAAAGAAAGATACACCCCT,0,4000830
xdhAp2,0.25,3,3,TGTTTAGGTAGTTTACCATG,0,3999458
xdhAp2,0.25,3,3,TGTTACCCATCCGCCAGGCT,0,3996039
xdhAp2,0.25,3,3,TGTCGTCGATTCGGATGAAG,0,3989800
xdhAp2,0.25,3,3,TGTCGCAGTTCTGCCGCAGC,0,3989554
xdhAp2,0.25,3,3,TGTCCCCGACTGACCGCCAG,0,4009756
xdhAp2,0.25,3,3,TGTATCGCCCCACTTTTCAT,0,4007668
xdhAp2,0.25,3,3,TGTAGGTAGAGGCAGAACAC,0,4008902
xdhAp2,0.25,3,3,TGTAAGCGACAGTCTGAGTC,0,4000780
xdhAp2,0.25,3,3,TGGTCGTTTGGAAATCAGCG,0,3997189
xdhAp2,0.25,3,3,TGGTACTAACGATGGCACGG,0,4002978
xdhAp2,0.25,3,3,TGGTAATTTGTGCAGGCATG,0,3985078
xdhAp2,0.25,3,3,TGGGGGTTCAGGAACTGGCC,0,3985507
xdhAp2,0.25,3,3,TGGGCGCGCCCCAAAGACGA,0,4012488
xdhAp2,0.25,3,3,TGGGATCCGGGACCCGGATG,0,3997513
xdhAp2,0.25,3,3,TGGCTGTTATCCATCGTCCA,0,3983710
xdhAp2,0.25,3,3,TGGCTCGCATCTCAGTGACT,0,3987497
xdhAp2,0.25,3,3,TGGCCTGAGTATGTAGGTAA,0,3988239
xdhAp2,0.25,3,3,TGGCCAATGCAGTGACGTTA,0,4006425
xdhAp2,0.25,3,3,TGGCACACGCCGTCTCAGTA,0,4013409
xdhAp2,0.25,3,3,TGGATAAAAGAGAGGGTGTG,0,4011508
xdhAp2,0.25,3,3,TGGAGGGGCGGCTCGGCTTG,0,3995468
xdhAp2,0.25,3,3,TGGAGCGCATTCCGTTTCAC,0,3996876
xdhAp2,0.25,3,3,TGGAAGTGATTGGATCGTGA,0,3983543
xdhAp2,0.25,3,3,TGCTTTCCGGGGGACGTAGT,0,3987912
xdhAp2,0.25,3,3,TGCTTATCGTTCATGTTCAT,0,4007727
xdhAp2,0.25,3,3,TGCTGCGCTGTAAAGTTGGG,0,3991219
xdhAp2,0.25,3,3,TGCTGCAATCTTTGGTCCGT,0,3999809
xdhAp2,0.25,3,3,TGCTCAGGCTAAATCTTTCT,0,3989037
xdhAp2,0.25,3,3,TGCTATGGTATCTCCCCGAC,0,4007058
xdhAp2,0.25,3,3,TGCTATAGATATCCATGCTG,0,3997310
xdhAp2,0.25,3,3,TGCTAAATGGAGCAACCTCA,0,4012214
xdhAp2,0.25,3,3,TGCTAAAGGGGGTCGCTAGA,0,4013650
xdhAp2,0.25,3,3,TGCGTGTAATGTTTGATACA,0,3988323
xdhAp2,0.25,3,3,TGCGGGGTTGCCGGCAGAGC,0,3998546
xdhAp2,0.25,3,3,TGCGGCGGATTGTTTTCTTC,0,3987133
xdhAp2,0.25,3,3,TGCGGAGGTTTGGAGTCTCG,0,3998865
xdhAp2,0.25,3,3,TGCGAAATGCGCGAAAGTAA,0,4008143
xdhAp2,0.25,3,3,TGCCTTTAGCCCATCGAGCA,0,3997509
xdhAp2,0.25,3,3,TGCCTTCGATCATCTTCCTA,0,3991983
xdhAp2,0.25,3,3,TGCCTAGCGGATCGATTGGG,0,3994811
xdhAp2,0.25,3,3,TGCATCCGTATGGTGGATCT,0,3994228
xdhAp2,0.25,3,3,TGCAGTGTACGTCCTGGGTG,0,3997082
xdhAp2,0.25,3,3,TGCACGCTGGTGTCGGGCAG,0,4003804
xdhAp2,0.25,3,3,TGATTCTAAAGCTGCTTAGC,0,3997222
xdhAp2,0.25,3,3,TGATCATCTTCTTCACTGGG,0,4002252
xdhAp2,0.25,3,3,TGATATTCAAGCGAACCCTC,0,3984125
xdhAp2,0.25,3,3,TGAGTTTATTACTCGGTGGA,0,4012170
xdhAp2,0.25,3,3,TGAGATGAATTGTGACCCAC,0,4010887
xdhAp2,0.25,3,3,TGACTGTTGACCAGGTCGGC,0,3991871
xdhAp2,0.25,3,3,TGACTGGGCTGATTCATGTC,0,3983438
xdhAp2,0.25,3,3,TGAACGTCAAGTAGCGTCGT,0,4014021
xdhAp2,0.25,3,3,TCTTGGGGTGGCTAGGGTTT,0,3997980
xdhAp2,0.25,3,3,TCTTATAGTGGCGGTTGCGC,0,4012239
xdhAp2,0.25,3,3,TCTTAGTCGCTCTTTTGGCT,0,3995576
xdhAp2,0.25,3,3,TCTTAGGCTGGGATGCATTG,0,3987039
xdhAp2,0.25,3,3,TCTTACACGTAGGGACCATC,0,3985916
xdhAp2,0.25,3,3,TCTGTATATGTCTACAGCAT,0,4001124
xdhAp2,0.25,3,3,TCTGGTTTAGGAATTCCAAG,0,4008379
xdhAp2,0.25,3,3,TCTCGACACAAGTGTAACGA,0,4011847
xdhAp2,0.25,3,3,TCTATCATAGCCAGATGTTG,0,4005171
xdhAp2,0.25,3,3,TCTAGGCAGATTGGGAGTCT,0,4005544
xdhAp2,0.25,3,3,TCGTCTTGCACACGCCCTGA,0,3995805
xdhAp2,0.25,3,3,TCGTCTCGTTAGTTGTCACA,0,4012251
xdhAp2,0.25,3,3,TCGTCCGATGTTCTCTCAGC,0,3985232
xdhAp2,0.25,3,3,TCGTAGGGCAGAGGAAGCGT,0,3985964
xdhAp2,0.25,3,3,TCGGGCGGTTACCGGAGCCT,0,3996929
xdhAp2,0.25,3,3,TCGGCGGCATTTTCACCTCA,0,3993701
xdhAp2,0.25,3,3,TCGGCCATGTCTGAGTCAGA,0,3985302
xdhAp2,0.25,3,3,TCGCATTTCGAGTGTCAAGG,0,4013691
xdhAp2,0.25,3,3,TCGCAGACACCAGAAAAATG,0,3998024
xdhAp2,0.25,3,3,TCGACAGACGTGTGACGACT,0,3999274
xdhAp2,0.25,3,3,TCGAATTCGAAACTTTACGT,0,4006354
xdhAp2,0.25,3,3,TCGAACTGACACACTTGAGC,0,3995680
xdhAp2,0.25,3,3,TCCTTGCATTACCGCGCGAA,0,4013034
xdhAp2,0.25,3,3,TCCTGAGGGTCCATCAAAGC,0,3990674
xdhAp2,0.25,3,3,TCCGTATATGCGTTACAGGG,0,3995482
xdhAp2,0.25,3,3,TCCCGTGGAATGAATTCCCG,0,4008948
xdhAp2,0.25,3,3,TCCAGCTGGCTACTACGAGC,0,4009997
xdhAp2,0.25,3,3,TCCAGATGATTAGTCGTACA,0,3984638
xdhAp2,0.25,3,3,TCCACTACCCTTTTCTGTTT,0,3990067
xdhAp2,0.25,3,3,TCATGTGAAGCATTCTCAAA,0,4008220
xdhAp2,0.25,3,3,TCATGTCGCTATAGGAACTA,0,3998746
xdhAp2,0.25,3,3,TCATATTTCTTACTATCCGT,0,3999302
xdhAp2,0.25,3,3,TCATAGCCGTAATCTGAGGT,0,4007843
xdhAp2,0.25,3,3,TCAGTACATCTTAATTCCAC,0,3985621
xdhAp2,0.25,3,3,TCACTGGCGGGCTTCGCTCA,0,3992515
xdhAp2,0.25,3,3,TCACCGTTGAATTGCATGTT,0,3982156
xdhAp2,0.25,3,3,TCACCGAGTCGCGGCGGTTT,0,3990745
xdhAp2,0.25,3,3,TCACACCCGTTGGTCCCGTC,0,3993195
xdhAp2,0.25,3,3,TCAATCAGGGCGCTTCGCGC,0,3981632
xdhAp2,0.25,3,3,TCAATATGATAAAGATACCA,0,3987769
xdhAp2,0.25,3,3,TCAAGTCGGCGCTTGGCATG,0,4010248
xdhAp2,0.25,3,3,TCAAGGCAGCTTGGCAAGCG,0,4007520
xdhAp2,0.25,3,3,TCAAAAAGTTCCATAAGTGA,0,4012716
xdhAp2,0.25,3,3,TATTTTTGGCCAGGGGCGGT,0,4013509
xdhAp2,0.25,3,3,TATTTTCCCAACTGCATACA,0,3994834
xdhAp2,0.25,3,3,TATTGCATTGGTGTCATAAG,0,3989835
xdhAp2,0.25,3,3,TATTGAGCGTCCGGGTGGTG,0,4013854
xdhAp2,0.25,3,3,TATTCGTCCAGGCTGGTTAC,0,3991507
xdhAp2,0.25,3,3,TATTCCATTGTCGCTCACTG,0,3982473
xdhAp2,0.25,3,3,TATGCAAGCCATCGTTAAGA,0,3993861
xdhAp2,0.25,3,3,TATCATGCCGCATCGGCATT,0,4006852
xdhAp2,0.25,3,3,TATCACCCTTAAGACAGCAT,0,4003787
xdhAp2,0.25,3,3,TATCAATGAGGTTACCTAAG,0,3987311
xdhAp2,0.25,3,3,TATATGCAATATGTATTGCT,0,4001627
xdhAp2,0.25,3,3,TATATAGACCTGCTTTCATT,0,3993758
xdhAp2,0.25,3,3,TATAGGAGGTATGGATACAT,0,4010141
xdhAp2,0.25,3,3,TAGTTAGTATGTAAATAGAG,0,3983642
xdhAp2,0.25,3,3,TAGGTTCCCCGGGGGCTTAG,0,4008940
xdhAp2,0.25,3,3,TAGGTGTAACCGGAATCGGT,0,3994132
xdhAp2,0.25,3,3,TAGGCTGCCGCCGGAGTGAA,0,4005338
xdhAp2,0.25,3,3,TAGGCCTACGACAGTGGTGG,0,3985751
xdhAp2,0.25,3,3,TAGCTACAGTACGGGGGCAA,0,3984592
xdhAp2,0.25,3,3,TAGCACGTCTGAATAAGACA,0,3991318
xdhAp2,0.25,3,3,TAGATGGAATAGAGTAATAT,0,3982597
xdhAp2,0.25,3,3,TAGACAATCCGATGGAATGA,0,3984314
xdhAp2,0.25,3,3,TACTACACCCTGAGCAAGAT,0,4003398
xdhAp2,0.25,3,3,TACGCCGAGCAGTACTATGT,0,3993603
xdhAp2,0.25,3,3,TACGAAATGCTCGCTATAGC,0,4002486
xdhAp2,0.25,3,3,TACCTGTGGACTGGGTTTGG,0,3995415
xdhAp2,0.25,3,3,TACCGCACATTGCAGTTGGA,0,3982257
xdhAp2,0.25,3,3,TACCGATCCTAATCCTATCT,0,4010323
xdhAp2,0.25,3,3,TACCCCGTCAGGCGTTGGTT,0,4000010
xdhAp2,0.25,3,3,TACCACAATCCACCCCTCTG,0,4005473
xdhAp2,0.25,3,3,TACATCTCGTCACTATGACA,0,3981803
xdhAp2,0.25,3,3,TACAACGATTCATCCGATCC,0,3992383
xdhAp2,0.25,3,3,TAATTAGGATGCATGGGGAG,0,3995941
xdhAp2,0.25,3,3,TAATGACTACCCAGTTTCAA,0,4011054
xdhAp2,0.25,3,3,TAAGCCGCCTGGTTTTTCAC,0,3996563
xdhAp2,0.25,3,3,TAAGAATCGGGCAATGAACC,0,4006538
xdhAp2,0.25,3,3,TAACACAGACCCACTTCGCT,0,4004096
xdhAp2,0.25,3,3,TAAATGGGTATGTACCTCCT,0,4010798
xdhAp2,0.25,3,3,TAAAGGTCGAAATTCTATAG,0,4009659
xdhAp2,0.25,3,3,TAAACAATTTCCCTGCGGTC,0,3998657
xdhAp2,0.25,3,3,GTTGTGCGCGCCCGTGGAAT,0,3983962
xdhAp2,0.25,3,3,GTTGATTATGACTCTACGCC,0,3999015
xdhAp2,0.25,3,3,GTTGAATCTTTGGGGATGTT,0,4003524
xdhAp2,0.25,3,3,GTTCTCGGACGCTGCGCATT,0,3988890
xdhAp2,0.25,3,3,GTTCCACTCAGAGGGCTCAT,0,4002001
xdhAp2,0.25,3,3,GTTAAACAAGAGAATCTTGT,0,3989129
xdhAp2,0.25,3,3,GTGTTAACACATCAACGTAC,0,4011451
xdhAp2,0.25,3,3,GTGTCGTCTATGCAGCACCT,0,3993418
xdhAp2,0.25,3,3,GTGTAGGGCATGGCAGTTTT,0,3984325
xdhAp2,0.25,3,3,GTGGTCCCAGTCCTGGCAGT,0,4003780
xdhAp2,0.25,3,3,GTGGGAATGTTGACATTCTA,0,3999214
xdhAp2,0.25,3,3,GTGGCTAACGATACGGCAAA,0,4001667
xdhAp2,0.25,3,3,GTGGCATCTAGTTGGCTAGG,0,3996211
xdhAp2,0.25,3,3,GTGGACTACGCTAGGGCCGT,0,4006227
xdhAp2,0.25,3,3,GTGCTAGAAGACTTGGGTTA,0,3987643
xdhAp2,0.25,3,3,GTGACGACTCCGACGGATTT,0,3988710
xdhAp2,0.25,3,3,GTGAAGGTAAAGGTACTTGT,0,3996493
xdhAp2,0.25,3,3,GTGAAGGATCATGAAATCCC,0,4008731
xdhAp2,0.25,3,3,GTCTGGGACCGTCTAGCCCA,0,3999056
xdhAp2,0.25,3,3,GTCTCTAGTTGTTAAGTCGC,0,4002442
xdhAp2,0.25,3,3,GTCTAAATAGCGTCCGACGA,0,3991312
xdhAp2,0.25,3,3,GTCGTCGGATGGCTAGACCA,0,3999713
xdhAp2,0.25,3,3,GTCGGTGGCTGAACGTCACG,0,3988419
xdhAp2,0.25,3,3,GTCGAATTTGGAGCATTGGT,0,4010660
xdhAp2,0.25,3,3,GTCCGGGGTGCGGCGCGGGT,0,4001506
xdhAp2,0.25,3,3,GTCCATGCCCGGATATCCAT,0,4013152
xdhAp2,0.25,3,3,GTATGTTTCATCGCCGATGT,0,3998882
xdhAp2,0.25,3,3,GTATGGCGACAGGTATAGCG,0,3985255
xdhAp2,0.25,3,3,GTATCCCGATAAACGCGATC,0,4013369
xdhAp2,0.25,3,3,GTACTTAACGATAGCTGGTT,0,3986388
xdhAp2,0.25,3,3,GTACGCATCGTGGCTGGGTC,0,3997359
xdhAp2,0.25,3,3,GTAAGCATGGGGCCACGTCC,0,3989586
xdhAp2,0.25,3,3,GTAACGTCAATAGAGTTGTT,0,4001391
xdhAp2,0.25,3,3,GTAACACTGTGCCCAATCGA,0,3996832
xdhAp2,0.25,3,3,GTAAAGAGGCCGTATTATCT,0,3990902
xdhAp2,0.25,3,3,GTAAACTAGCGATCGTTTGA,0,3995838
xdhAp2,0.25,3,3,GGTTTCAAGGGACGGCATGT,0,3988784
xdhAp2,0.25,3,3,GGTTTAAGCGGCAGGATAGA,0,4010116
xdhAp2,0.25,3,3,GGTTCAGGGACGACGCCCCA,0,3982798
xdhAp2,0.25,3,3,GGTTATACATGTGTCTTATC,0,3988280
xdhAp2,0.25,3,3,GGTTAGCAAGCGACAGGGGC,0,3993288
xdhAp2,0.25,3,3,GGTTACCCGATAGCTGCGGC,0,4001770
xdhAp2,0.25,3,3,GGTGTGAGACGTAAAATGTT,0,3987860
xdhAp2,0.25,3,3,GGTGGCAATGGCCCATCGCG,0,3998857
xdhAp2,0.25,3,3,GGTGCCCTGTGTTGACCAAT,0,3993990
xdhAp2,0.25,3,3,GGTGCAACGAACGCTAACAT,0,3988384
xdhAp2,0.25,3,3,GGTGAGGAGCATTACCTACC,0,3982651
xdhAp2,0.25,3,3,GGTCGATTGCCGCAGCGGTA,0,3985199
xdhAp2,0.25,3,3,GGTCCGAGCCCAGTTGGTGA,0,4007158
xdhAp2,0.25,3,3,GGTCATTATGGGCCATACTG,0,4002299
xdhAp2,0.25,3,3,GGTATGGCACCGAATGGTAG,0,3993342
xdhAp2,0.25,3,3,GGTAGCAGAACTCTGCATCA,0,3997603
xdhAp2,0.25,3,3,GGTACTCCCGCCACATTTAG,0,4000195
xdhAp2,0.25,3,3,GGTACCGGTGGCAAGTCGGG,0,4003377
xdhAp2,0.25,3,3,GGTACAGAAGGGGGGGGGGA,0,4011260
xdhAp2,0.25,3,3,GGTAAGTCTCCTCCAGATGA,0,4007496
xdhAp2,0.25,3,3,GGTAAGGTCTAGATATTCTC,0,3983978
xdhAp2,0.25,3,3,GGTAAAATTTCCTTGGGGCA,0,3986284
xdhAp2,0.25,3,3,GGGTTCCCAGGGCAAAATTT,0,3999913
xdhAp2,0.25,3,3,GGGTCTGCATTCTAGAGCGT,0,3998942
xdhAp2,0.25,3,3,GGGTCTAAGTTACCTGTAAG,0,4010300
xdhAp2,0.25,3,3,GGGTCATGAGTTTGGAAATC,0,4006482
xdhAp2,0.25,3,3,GGGTATAAATAGCGAACCGC,0,3982561
xdhAp2,0.25,3,3,GGGGGACTGCGATGGCCATC,0,4007555
xdhAp2,0.25,3,3,GGGGCTCGCTAGTTGGGACT,0,3984930
xdhAp2,0.25,3,3,GGGCTGCTTCCAGGTGCTGG,0,3987024
xdhAp2,0.25,3,3,GGGCTGCCCGAAGCAGAATG,0,4004251
xdhAp2,0.25,3,3,GGGCGTGGTTAGTGATGCGT,0,4008614
xdhAp2,0.25,3,3,GGGCCACTCAGAAGACTGGT,0,3985902
xdhAp2,0.25,3,3,GGGCCACGTTTGTAACCGAG,0,4011995
xdhAp2,0.25,3,3,GGGATCGTCGTGATTAGTGC,0,4002044
xdhAp2,0.25,3,3,GGCTGAAGGCCTAATCCGTT,0,3987114
xdhAp2,0.25,3,3,GGCTACTGCCGTCGTTGCCG,0,4014103
xdhAp2,0.25,3,3,GGCGGAGGTATTTGTACCAT,0,4004346
xdhAp2,0.25,3,3,GGCGGAGGACGACAGAACTA,0,3995568
xdhAp2,0.25,3,3,GGCCGGTTACAAAGAGGCGG,0,3987838
xdhAp2,0.25,3,3,GGCCGGTTAAGTTTCGACAG,0,4014320
xdhAp2,0.25,3,3,GGCCGGGTCCCCAAAGCAGT,0,4014208
xdhAp2,0.25,3,3,GGCCGAGACTGCATTTTAAG,0,3993043
xdhAp2,0.25,3,3,GGCCAGGTTTACCACTTTCG,0,3989198
xdhAp2,0.25,3,3,GGATTCTGAGCGTGGCACGA,0,4000627
xdhAp2,0.25,3,3,GGATGCCCTGGGGATGGGTA,0,3995872
xdhAp2,0.25,3,3,GGATGACGACCTCCAGATAA,0,4006416
xdhAp2,0.25,3,3,GGAGCATCAGTATCTTTTAT,0,3982869
xdhAp2,0.25,3,3,GGACTTCTGGTGATCTAAAG,0,4000371
xdhAp2,0.25,3,3,GGACGCTTTCATAATGCGAA,0,3996411
xdhAp2,0.25,3,3,GGACCTCTCTCTTGCCAACC,0,3990551
xdhAp2,0.25,3,3,GCTTGGGGATCCGGAGAGTA,0,3992373
xdhAp2,0.25,3,3,GCTTCTATATTCAGGCTTTT,0,3991132
xdhAp2,0.25,3,3,GCTTCACTTAGTGGTATGGG,0,3993408
xdhAp2,0.25,3,3,GCTGTGTAGGCTCGGATCAA,0,3987190
xdhAp2,0.25,3,3,GCTGAAGGATGGGTAGGGCG,0,4005456
xdhAp2,0.25,3,3,GCTCGGTATGCGCTAACGGT,0,3990159
xdhAp2,0.25,3,3,GCTCGAAATACGGAGTCCGG,0,3991928
xdhAp2,0.25,3,3,GCTCCTCGCTCAGCCTTATG,0,4009192
xdhAp2,0.25,3,3,GCTCAAACTTAGACCGGTGC,0,4002992
xdhAp2,0.25,3,3,GCTAAGTGTCTTCTCATTTA,0,3992250
xdhAp2,0.25,3,3,GCGTTGAACGGGGTTAAAGG,0,3991583
xdhAp2,0.25,3,3,GCGTGTAGGGTCTCGGAACT,0,3990508
xdhAp2,0.25,3,3,GCGTATGGTAGGGTCTATTT,0,4010261
xdhAp2,0.25,3,3,GCGTATACTGAGATTCATTA,0,4003414
xdhAp2,0.25,3,3,GCGGGGTCATTGGTTTGCGC,0,4001555
xdhAp2,0.25,3,3,GCGGCGACAACTCTTGCTGG,0,3998321
xdhAp2,0.25,3,3,GCGGACTTCTTAAAGGATCT,0,3990909
xdhAp2,0.25,3,3,GCGGAAGGCGAGAGGATGGA,0,3982965
xdhAp2,0.25,3,3,GCGCTCCCTAGCGGAATTTA,0,3990463
xdhAp2,0.25,3,3,GCGATAAGTCACCAATAGAT,0,3990961
xdhAp2,0.25,3,3,GCGAGATTTTAGGTTTTTTT,0,3984414
xdhAp2,0.25,3,3,GCCTCTGTGAGGGTAGCGGA,0,4010526
xdhAp2,0.25,3,3,GCCTCGAGCGCTCGGTTAAT,0,4010943
xdhAp2,0.25,3,3,GCCTAGCACTAAAGGATCTT,0,3993628
xdhAp2,0.25,3,3,GCCGTTTTATAGTCGCGCTT,0,4001550
xdhAp2,0.25,3,3,GCCGTGTGTCTTAAAAGAGC,0,4004507
xdhAp2,0.25,3,3,GCCCTGGTTCTTACTCCTTG,0,3991817
xdhAp2,0.25,3,3,GCCCGGTCTTATTAAAAGCC,0,4011177
xdhAp2,0.25,3,3,GCCCGCGTCTTACTACGAGC,0,3992791
xdhAp2,0.25,3,3,GCCCGATGGAATGGTAGCGT,0,3986712
xdhAp2,0.25,3,3,GCCCCGCAAAAAATTCGCGG,0,3996617
xdhAp2,0.25,3,3,GCCCCCTGAACATTAGAACT,0,3997471
xdhAp2,0.25,3,3,GCCCAAAAGCCGACCGTGAA,0,4000940
xdhAp2,0.25,3,3,GCCACAGATATATTAAATTA,0,3982337
xdhAp2,0.25,3,3,GCCAACAGTTCTTTCTACGA,0,3999803
xdhAp2,0.25,3,3,GCATTACTACCTCGCCCCCT,0,4000097
xdhAp2,0.25,3,3,GCATGAAGCGCCTGGTGTTA,0,4005031
xdhAp2,0.25,3,3,GCATCGTCGAGTTTGGAGTA,0,3999729
xdhAp2,0.25,3,3,GCATCCTGTCGTTGACCCAT,0,3996756
xdhAp2,0.25,3,3,GCAGTTGTACATAAACGCTA,0,3992926
xdhAp2,0.25,3,3,GCAGGTGCCATCCCATTTGA,0,4003303
xdhAp2,0.25,3,3,GCAACGAGCGTGTTTAAAAC,0,4002376
xdhAp2,0.25,3,3,GCAAACTGTTTTGATGAATG,0,3987875
xdhAp2,0.25,3,3,GATTTGTGGGCGGAAATATC,0,4006300
xdhAp2,0.25,3,3,GATTTCTGGCAACGGTCTTT,0,4014414
xdhAp2,0.25,3,3,GATTTCGAGTGCTGGAGTAA,0,4012563
xdhAp2,0.25,3,3,GATTGGATTTGTAGGTGACA,0,4013379
xdhAp2,0.25,3,3,GATGTACGGGTTTCTAATGA,0,3988559
xdhAp2,0.25,3,3,GATGCTTTATCCGGTTTTAT,0,3981743
xdhAp2,0.25,3,3,GATCTCCGTACAGGGGCATT,0,4000913
xdhAp2,0.25,3,3,GATCATTTCAGACCTACAGT,0,4010122
xdhAp2,0.25,3,3,GATCAAGTCACCCTTTCGGG,0,4011176
xdhAp2,0.25,3,3,GATATAGTGCTTCCGAGCGT,0,3992321
xdhAp2,0.25,3,3,GATACTTGGACATCCTGCTT,0,3985177
xdhAp2,0.25,3,3,GATACTTACAACATGGGTGT,0,3996243
xdhAp2,0.25,3,3,GATACTAAAGATAAAAAAGA,0,4011230
xdhAp2,0.25,3,3,GATACGACATGCTTAAGTAG,0,4002188
xdhAp2,0.25,3,3,GAGTAGCGCTCCTGACTGAT,0,4011587
xdhAp2,0.25,3,3,GAGTAAGCTGTGAAGCGTTT,0,4005258
xdhAp2,0.25,3,3,GAGGTCGGTACTACCCTCAT,0,3995010
xdhAp2,0.25,3,3,GAGGCCCAGGTAGGCGCCTT,0,3998748
xdhAp2,0.25,3,3,GAGCATTCCAGGGATTAATC,0,3997497
xdhAp2,0.25,3,3,GAGCACAGTTATGGCTCTTA,0,4005467
xdhAp2,0.25,3,3,GACTCCTTCCGGTCTAAGTT,0,3996460
xdhAp2,0.25,3,3,GACTACCAAACGCGACCATA,0,3987588
xdhAp2,0.25,3,3,GACGCCATGACCTCCACATA,0,3985410
xdhAp2,0.25,3,3,GACGACTCAATCCTCTCGGT,0,3988982
xdhAp2,0.25,3,3,GACCGGAAAAAGCCCTCATA,0,3987313
xdhAp2,0.25,3,3,GACCGCAAGGGTAGCGCTTG,0,3988853
xdhAp2,0.25,3,3,GACCGAAATAGACTACTCCC,0,3998706
xdhAp2,0.25,3,3,GACCATGTCAGGTGGCCATC,0,3987144
xdhAp2,0.25,3,3,GACACAAAAATGCGGGAAAC,0,4001075
xdhAp2,0.25,3,3,GAATCAGGCTAGACCATAAG,0,3997049
xdhAp2,0.25,3,3,GAATAACTTAGAGTGCGCTA,0,4002926
xdhAp2,0.25,3,3,GAAGTGGGTTGCAATGTACC,0,4013046
xdhAp2,0.25,3,3,GAAGGTGGCACCGTCCAGAA,0,3990511
xdhAp2,0.25,3,3,GAAGGAAGATGGCCGACGTA,0,4007787
xdhAp2,0.25,3,3,GAACTAGATGACCTGGAATG,0,4005525
xdhAp2,0.25,3,3,GAACGTACAGTAGGTAAATT,0,4007534
xdhAp2,0.25,3,3,GAAATTATCTTTCCACTGAA,0,4010916
xdhAp2,0.25,3,3,GAAAAAGCCCCTCATATATA,0,3983571
xdhAp2,0.25,3,3,CTTTGTGCTTGCCAGGTAAC,0,4006163
xdhAp2,0.25,3,3,CTTTCTGGGTTCCATTATGA,0,3996261
xdhAp2,0.25,3,3,CTTTCGCGAGGGGAGTGACA,0,3989454
xdhAp2,0.25,3,3,CTTGTAGCCGGACCCACGGG,0,3997573
xdhAp2,0.25,3,3,CTTGCCGGCGCATTAGCGCG,0,3999549
xdhAp2,0.25,3,3,CTTCATTCGCGTGTTAAATA,0,3995987
xdhAp2,0.25,3,3,CTTCATGATGGCCCAGCAGG,0,3995723
xdhAp2,0.25,3,3,CTTCACTGGGCGCATAATAG,0,3987700
xdhAp2,0.25,3,3,CTTCACTGAACGTGACGACC,0,4011682
xdhAp2,0.25,3,3,CTTACTCAACCTTCACCGGT,0,3984752
xdhAp2,0.25,3,3,CTGTTAAAAACGAACTGGCG,0,3985418
xdhAp2,0.25,3,3,CTGTCTGACTCCATCTACCA,0,4010108
xdhAp2,0.25,3,3,CTGTCGTGTTGATCATCCGG,0,3989397
xdhAp2,0.25,3,3,CTGTCCGTCTAGCCTTCCTG,0,3995307
xdhAp2,0.25,3,3,CTGTCACGTCGAGTTATAAG,0,3999643
xdhAp2,0.25,3,3,CTGCAGTGTAGACCCAACAC,0,3983753
xdhAp2,0.25,3,3,CTGCACCTCTTTCATTGGAC,0,4010204
xdhAp2,0.25,3,3,CTGAGCCGAAACTCGATCTG,0,3999985
xdhAp2,0.25,3,3,CTCGTTATTCGGTGAGAGAT,0,4002092
xdhAp2,0.25,3,3,CTCGGTTTCATCCAGTCTTA,0,3990769
xdhAp2,0.25,3,3,CTCATTAACTGGTCAGTTTT,0,3991895
xdhAp2,0.25,3,3,CTCAGGAATGATTTGTGCAC,0,3993328
xdhAp2,0.25,3,3,CTCAGCTAAAATCATCCTAT,0,4009994
xdhAp2,0.25,3,3,CTACGGAACCTGGAGCGTAC,0,3989524
xdhAp2,0.25,3,3,CTACCGGAAGACCGGAGTTA,0,4006821
xdhAp2,0.25,3,3,CTACAGTTTTTTAAGTCTCC,0,3985985
xdhAp2,0.25,3,3,CTAAGGCTGAGGATGCATTT,0,3998029
xdhAp2,0.25,3,3,CTAAATAGCAATCCCGAAAT,0,3999676
xdhAp2,0.25,3,3,CTAAAACCGACTTTCCATAC,0,4011043
xdhAp2,0.25,3,3,CGTTTTCTCCCGAAGGAAGG,0,4003489
xdhAp2,0.25,3,3,CGTTTTAGTTCCGGGAGAGC,0,4011790
xdhAp2,0.25,3,3,CGTTGCTTGGTCATAGGTGC,0,3985176
xdhAp2,0.25,3,3,CGTGGGGATAGGTATTTTCT,0,4008696
xdhAp2,0.25,3,3,CGTGGAGTATTCAATCCAGT,0,4011025
xdhAp2,0.25,3,3,CGTGAGGCATTCCGATATAG,0,3988519
xdhAp2,0.25,3,3,CGTCGGTACCGCCCCAAATG,0,4013466
xdhAp2,0.25,3,3,CGTCGCAATGAATCGTGGAT,0,3993593
xdhAp2,0.25,3,3,CGTCGAGCGGCGAGTAGGAG,0,4003225
xdhAp2,0.25,3,3,CGTCCTCGGCTGACCTGGCC,0,3994194
xdhAp2,0.25,3,3,CGTCAGAGACAATGTAGTTA,0,4006977
xdhAp2,0.25,3,3,CGTAGCTCATGCCAACCATG,0,4008952
xdhAp2,0.25,3,3,CGTACTGGAGATGGGTTCGG,0,3998801
xdhAp2,0.25,3,3,CGTAATCGCCCTGTCTTCAC,0,3997412
xdhAp2,0.25,3,3,CGGTGAGTCCCTATGTCAAC,0,4008242
xdhAp2,0.25,3,3,CGGTCTTAAAAATTGGCGAG,0,4005630
xdhAp2,0.25,3,3,CGGTATCTGTGTATTACTTG,0,4008526
xdhAp2,0.25,3,3,CGGTACTTTCACTGCATATA,0,4008642
xdhAp2,0.25,3,3,CGGGTCTAGCGAAAATAAGG,0,3991732
xdhAp2,0.25,3,3,CGGGCTTACCTGTACACTTG,0,3988410
xdhAp2,0.25,3,3,CGGGCCGGCTGAAGGGGTGG,0,3985019
xdhAp2,0.25,3,3,CGGGCCAATTTGTGCCAGGC,0,4014322
xdhAp2,0.25,3,3,CGGGCATACCCCGCTCCACA,0,4013410
xdhAp2,0.25,3,3,CGGGAGCATAAGGTCCACTG,0,3996370
xdhAp2,0.25,3,3,CGGGAACGAGTGAGGTATCA,0,3997638
xdhAp2,0.25,3,3,CGGGAAATGAAATTCGTTCT,0,3987856
xdhAp2,0.25,3,3,CGGCTTTGTACTACCTTGGC,0,3985266
xdhAp2,0.25,3,3,CGGCTCAAAATTACCTATTG,0,4000667
xdhAp2,0.25,3,3,CGGATGGTAAGCATGTAAAA,0,3999619
xdhAp2,0.25,3,3,CGGATATTTTAGATGACGTT,0,4003569
xdhAp2,0.25,3,3,CGGACACGAGGAAGTAAATA,0,3986059
xdhAp2,0.25,3,3,CGGAAACGGGCCTATGGCCA,0,3981767
xdhAp2,0.25,3,3,CGCTTAGGCCAAGTCTCGCC,0,3997007
xdhAp2,0.25,3,3,CGCTCTGGATACGATCGGTG,0,4003484
xdhAp2,0.25,3,3,CGCTATCTGAAATATCCTTA,0,4009755
xdhAp2,0.25,3,3,CGCGTCGTCTTAAGGCCACA,0,3992917
xdhAp2,0.25,3,3,CGCGATCATACGTATGACCT,0,4009452
xdhAp2,0.25,3,3,CGCGAAACCGGACCAAACGC,0,3988767
xdhAp2,0.25,3,3,CGCCGGATGGTTGTCCCTCG,0,3995276
xdhAp2,0.25,3,3,CGCCAGCTCCGTGATTGCAA,0,3989817
xdhAp2,0.25,3,3,CGATGTAGACACTGAGTGAC,0,3983205
xdhAp2,0.25,3,3,CGATGCGGTCATCCTAATCG,0,4003321
xdhAp2,0.25,3,3,CGAGTGAATAAGCTTTAGTC,0,3990991
xdhAp2,0.25,3,3,CGAGCGGCTCAGTTTCGACC,0,4005684
xdhAp2,0.25,3,3,CGAGACTTCCGGGGGGAAAT,0,3985692
xdhAp2,0.25,3,3,CGACAGCCAAACGGACCTAC,0,3991305
xdhAp2,0.25,3,3,CGACACAACTCTAATACAAT,0,4010817
xdhAp2,0.25,3,3,CGAATTGGTCCTGAGCTTGG,0,4012874
xdhAp2,0.25,3,3,CGAATCCTTCAAAGACCTAA,0,4000631
xdhAp2,0.25,3,3,CGAAGAATTCTGGTTAATGT,0,3992595
xdhAp2,0.25,3,3,CGAAATCTGACAGTTCATAT,0,4008662
xdhAp2,0.25,3,3,CGAAAAGTCATTGAGAGATC,0,4004110
xdhAp2,0.25,3,3,CCTTGGGAAACTGATGCTTC,0,3993663
xdhAp2,0.25,3,3,CCTTATCTCGTAATCCTACC,0,3996857
xdhAp2,0.25,3,3,CCTGCCGTTCCGGGCGACAA,0,4000875
xdhAp2,0.25,3,3,CCTGACCAGTTTAACCACAT,0,4001298
xdhAp2,0.25,3,3,CCTCCTTATGAGTAGTCGCC,0,3999064
xdhAp2,0.25,3,3,CCTCAGCAACCTCTCCATCC,0,3999916
xdhAp2,0.25,3,3,CCTAGGTCCTCCATAGAGGA,0,3997697
xdhAp2,0.25,3,3,CCTAAGTTACTCGAGCGGTT,0,3985444
xdhAp2,0.25,3,3,CCGTTGGGTTCACTAGGAGA,0,3993360
xdhAp2,0.25,3,3,CCGTTCCGTCCGGACCTCAC,0,3989202
xdhAp2,0.25,3,3,CCGTTATTAGCCTCTGTGGG,0,3996732
xdhAp2,0.25,3,3,CCGGTAACGGAACTCAGAGG,0,4006503
xdhAp2,0.25,3,3,CCGGGGCTGAACAGCGTGCC,0,4004928
xdhAp2,0.25,3,3,CCGGCGCCCTCCACAAAGGT,0,4008177
xdhAp2,0.25,3,3,CCGGAGTATGCGTTTAAGGC,0,3992737
xdhAp2,0.25,3,3,CCGCACAAGCTTATCGCTAT,0,3993600
xdhAp2,0.25,3,3,CCCTCCGTGCGTGGCGCCAC,0,3991947
xdhAp2,0.25,3,3,CCCGTGTCAAAGGGCATACT,0,3995056
xdhAp2,0.25,3,3,CCCGTATTGCAAGCTGGCCT,0,3993582
xdhAp2,0.25,3,3,CCCGGGTATGGTGCAGGTGA,0,3996648
xdhAp2,0.25,3,3,CCCGAGTGGCGGATGCGTAT,0,4006494
xdhAp2,0.25,3,3,CCCCCAACTCGACGGTTTAA,0,3999358
xdhAp2,0.25,3,3,CCCAGGGGAATCAGGGTTAG,0,4011257
xdhAp2,0.25,3,3,CCCAGATTCTCGTGGCCGAC,0,3990554
xdhAp2,0.25,3,3,CCCAGAAACTATCCGTGTTC,0,3982480
xdhAp2,0.25,3,3,CCATTTAGGACTCTAGCAGT,0,4009453
xdhAp2,0.25,3,3,CCATCTTGCGGGTCTTCACA,0,4003349
xdhAp2,0.25,3,3,CCATCTGTGAGTTCGAGTTT,0,4006600
xdhAp2,0.25,3,3,CCAGTTTTCGGTTGTAATGT,0,4010440
xdhAp2,0.25,3,3,CCAGTACTCGGATCAACAGC,0,4010488
xdhAp2,0.25,3,3,CCAGGCGTTTCTCTGTGGCT,0,4010821
xdhAp2,0.25,3,3,CCAGGCGATTTTAGATGGCA,0,3994666
xdhAp2,0.25,3,3,CCAGCTCTTATGAGTATAAT,0,3995627
xdhAp2,0.25,3,3,CCAGCAATAGTTGCGAAGAT,0,3983345
xdhAp2,0.25,3,3,CCACTAGATTTTATACAGGA,0,3996837
xdhAp2,0.25,3,3,CCACTAAACTCTCGTATTCC,0,4009921
xdhAp2,0.25,3,3,CCACCTCTGCGTTGCATATA,0,3981844
xdhAp2,0.25,3,3,CCAACAGGGGTCCTATCGGA,0,4006467
xdhAp2,0.25,3,3,CCAAATTTTGAATTGACTTC,0,3995783
xdhAp2,0.25,3,3,CCAAAACGTTACCACGTTCT,0,3989844
xdhAp2,0.25,3,3,CATTTGCTTTAAGGGGCGCC,0,4004178
xdhAp2,0.25,3,3,CATGCCGTTAGTTTCCATTA,0,4004847
xdhAp2,0.25,3,3,CATGCAATATAACCCACAGT,0,3996371
xdhAp2,0.25,3,3,CATCTTTCCGCAAGACCTCT,0,4004970
xdhAp2,0.25,3,3,CATATTTCTCGCTCGGACAT,0,3988835
xdhAp2,0.25,3,3,CATATACGAGCTCACTGTTT,0,3991890
xdhAp2,0.25,3,3,CATAGAAGCGTAGTGCTAAA,0,3996093
xdhAp2,0.25,3,3,CATAATGCCGATTGGGGTAT,0,4007435
xdhAp2,0.25,3,3,CAGTGGCCTATAGTTTGCTT,0,4008048
xdhAp2,0.25,3,3,CAGTCTATGTGGAATGTTTC,0,3993956
xdhAp2,0.25,3,3,CAGTCACGCCCTAATCCTCT,0,4009500
xdhAp2,0.25,3,3,CAGTATCGATTATATAGCAG,0,4001466
xdhAp2,0.25,3,3,CAGGTTATAATCTAGTAACT,0,4003080
xdhAp2,0.25,3,3,CAGGGCGCTATCACGCCCAT,0,3990749
xdhAp2,0.25,3,3,CAGGATTACGCGACCCGGCC,0,3989527
xdhAp2,0.25,3,3,CAGCTTATGCAAAGATTTCC,0,4001029
xdhAp2,0.25,3,3,CAGCGCCTAGGTCGGGATCA,0,4001103
xdhAp2,0.25,3,3,CAGCAGAGCCGTACAGCCAC,0,3986449
xdhAp2,0.25,3,3,CAGAGCACCTCTGGTACCGT,0,4010119
xdhAp2,0.25,3,3,CAGAAACCGTCGTGACATTA,0,3990730
xdhAp2,0.25,3,3,CAGAAAAGTGTGACTAAATG,0,4012665
xdhAp2,0.25,3,3,CACTTGTTGATAACTCCCTC,0,3988732
xdhAp2,0.25,3,3,CACTTAGGTGGAGCCTCTCA,0,3995042
xdhAp2,0.25,3,3,CACTGGGGTGAACCCTAGCT,0,3996396
xdhAp2,0.25,3,3,CACTCGCAATACAGTCCGAA,0,4004682
xdhAp2,0.25,3,3,CACGTGAGCTACTCATATTC,0,3983534
xdhAp2,0.25,3,3,CACGCGATGCCAGGTGATTA,0,4010434
xdhAp2,0.25,3,3,CACGAACAGTGTTGCGTCTC,0,3983212
xdhAp2,0.25,3,3,CACATCAGCTATGCCCAGTT,0,3987638
xdhAp2,0.25,3,3,CACACTAATAAGTAACTCAT,0,4004589
xdhAp2,0.25,3,3,CAATTAGTTCAAGTAACAAT,0,4003050
xdhAp2,0.25,3,3,CAATTAGGACCGAAGAAACA,0,4004655
xdhAp2,0.25,3,3,CAATGTACTCCGATGCCGCA,0,4003387
xdhAp2,0.25,3,3,CAATGGGGTGTGTCAATGAG,0,3987785
xdhAp2,0.25,3,3,CAAGTGCTCCAATTAGGATT,0,4011304
xdhAp2,0.25,3,3,CAAGAAGGCTTCAGCGTCTC,0,3993387
xdhAp2,0.25,3,3,CAACTGTTGCTTATCTCAGT,0,4013954
xdhAp2,0.25,3,3,CAACTCGGGACACGCAGGTA,0,3982111
xdhAp2,0.25,3,3,CAACCGTTGTTTGATCACGT,0,3982970
xdhAp2,0.25,3,3,CAAATGGCCACAATCTGTAG,0,3982043
xdhAp2,0.25,3,3,CAAAGATCCAGCAAACACTA,0,4002342
xdhAp2,0.25,3,3,ATTTGGAATCTCTAAAATCG,0,3993269
xdhAp2,0.25,3,3,ATTTCCCCAGACCTGACGTC,0,4014379
xdhAp2,0.25,3,3,ATTTCCACAGGTTACACCGG,0,4008316
xdhAp2,0.25,3,3,ATTTCATTCGGGTATGGAAC,0,3982906
xdhAp2,0.25,3,3,ATTTAGTTTACCCACTCACT,0,3992997
xdhAp2,0.25,3,3,ATTTAAAACTGTCCAGTCAA,0,3986896
xdhAp2,0.25,3,3,ATTGTTAGGTCCGGGCAAGA,0,4005481
xdhAp2,0.25,3,3,ATTCAGAAGTATAGGCCCGT,0,3991943
xdhAp2,0.25,3,3,ATTCAAGGAAGGGAAGAAAT,0,3986402
xdhAp2,0.25,3,3,ATTATCTCACACGACGCGTA,0,3993917
xdhAp2,0.25,3,3,ATTAGTGTCTTCAGGGGGTA,0,3998572
xdhAp2,0.25,3,3,ATGTTGCTAGTGAATTCGGA,0,3987471
xdhAp2,0.25,3,3,ATGGGGTCCAGCAACGGGAC,0,4004093
xdhAp2,0.25,3,3,ATGGGGAATAGCGGTTTCCT,0,4010132
xdhAp2,0.25,3,3,ATGGGCGTGCACTAAAGCCT,0,3986825
xdhAp2,0.25,3,3,ATGGCCCCGTACTGGCTAAC,0,4012152
xdhAp2,0.25,3,3,ATGGAGGTATCTCCGCGGGA,0,3992431
xdhAp2,0.25,3,3,ATGGACACCCTAGCTGCGCA,0,3983470
xdhAp2,0.25,3,3,ATGGAATTAACGACAGTCTA,0,4000636
xdhAp2,0.25,3,3,ATGCTCGGTCAGCAAAATTT,0,4007415
xdhAp2,0.25,3,3,ATGCGTTAAATGCCATATAA,0,3996167
xdhAp2,0.25,3,3,ATGCGATACTCATGAGGTGG,0,4006373
xdhAp2,0.25,3,3,ATGCATTCGTCCTTTCGCGA,0,4013324
xdhAp2,0.25,3,3,ATGCATTAGACCACGGTCTC,0,3991317
xdhAp2,0.25,3,3,ATGATCGCTAGAGATAAGCA,0,3996582
xdhAp2,0.25,3,3,ATGAGTGGATTCCGTCTTCG,0,3986357
xdhAp2,0.25,3,3,ATGAAGTGACTGCTAGGGTA,0,4006720
xdhAp2,0.25,3,3,ATCTGGGAGAGCGTCCTCCG,0,3989007
xdhAp2,0.25,3,3,ATCTGCTCCCTATCGACAAG,0,3991640
xdhAp2,0.25,3,3,ATCGGTGTCTAGAGGCAGGT,0,4009980
xdhAp2,0.25,3,3,ATCGGTGCAATCCGCCAATA,0,3999993
xdhAp2,0.25,3,3,ATCAGTAGAATCTGTAGGTC,0,3988656
xdhAp2,0.25,3,3,ATCACTGGGGAGTGGCAGAC,0,4006928
xdhAp2,0.25,3,3,ATATGGTGATGGATTTCGGT,0,4005342
xdhAp2,0.25,3,3,ATATGCGATGCTAACTTTAA,0,3983026
xdhAp2,0.25,3,3,ATATGAATTGATTGGCCACC,0,3982345
xdhAp2,0.25,3,3,ATATAAGAGCTACGTGAGAA,0,3985912
xdhAp2,0.25,3,3,ATAGGACCCCGATATTTGAT,0,3999161
xdhAp2,0.25,3,3,ATAGGAATAGGCCCGATCAT,0,4001163
xdhAp2,0.25,3,3,ATAGGAAGCTCCCTTCTGAC,0,4011313
xdhAp2,0.25,3,3,ATAGATTCTTCCTCCTCCGC,0,3986086
xdhAp2,0.25,3,3,ATAATTCTAATTAGGTTATA,0,3994524
xdhAp2,0.25,3,3,ATAACGACTTACGCAGAGAC,0,3993250
xdhAp2,0.25,3,3,AGTTGGTGGATAACGAAGTA,0,4010038
xdhAp2,0.25,3,3,AGTTACTCAGGCCATTTCTG,0,4002187
xdhAp2,0.25,3,3,AGTGTAGGGACATGTTCCAA,0,3996068
xdhAp2,0.25,3,3,AGTGTAAAGCAGTAGCTGTG,0,3985393
xdhAp2,0.25,3,3,AGTGGGCTAGTACATTTGCT,0,4007798
xdhAp2,0.25,3,3,AGTGCATTGATCAGTAACTG,0,4001697
xdhAp2,0.25,3,3,AGTGAACAAAATGCCCATTC,0,3988093
xdhAp2,0.25,3,3,AGTCTGTCTGACAATTGCGT,0,3995735
xdhAp2,0.25,3,3,AGTCTCTGATGGCATTGCGC,0,4000765
xdhAp2,0.25,3,3,AGTCAGATATGAACCGTTAA,0,4009472
xdhAp2,0.25,3,3,AGTATGATGAATATCGCGCT,0,3996858
xdhAp2,0.25,3,3,AGTAGGAGGAAATCCAAGGC,0,4004498
xdhAp2,0.25,3,3,AGTAGCTGCTGACGTTCCAA,0,3998399
xdhAp2,0.25,3,3,AGTAACTCTCTAAAGAGGCG,0,4010853
xdhAp2,0.25,3,3,AGGTTTCATACGCTTGATGT,0,4009031
xdhAp2,0.25,3,3,AGGTTCGTAATTGATATGAG,0,4002627
xdhAp2,0.25,3,3,AGGTGTAAATCCACATCCGT,0,3981849
xdhAp2,0.25,3,3,AGGTGCCCCGACTGGGACTT,0,3997457
xdhAp2,0.25,3,3,AGGTCATTATACTGCTGTGG,0,4006121
xdhAp2,0.25,3,3,AGGTCACGCCGCTCAATGCC,0,3991592
xdhAp2,0.25,3,3,AGGTAATACACTTCTTTGAT,0,3995130
xdhAp2,0.25,3,3,AGGGTCACTATATGTCAAAG,0,4012499
xdhAp2,0.25,3,3,AGGGAATTCGGTAACAGGTA,0,4012817
xdhAp2,0.25,3,3,AGGCGAGTCCACGGGTCAGG,0,4006440
xdhAp2,0.25,3,3,AGGCCACAATAGCGGGAACA,0,3988428
xdhAp2,0.25,3,3,AGGCAGTAAGTCCGTCGTGC,0,3999063
xdhAp2,0.25,3,3,AGGACTTGAGGGCAAAGGTT,0,4012744
xdhAp2,0.25,3,3,AGCTTATACTACATTACGCC,0,3995930
xdhAp2,0.25,3,3,AGCTGCACCTTTTGAGTTCC,0,4009932
xdhAp2,0.25,3,3,AGCGTCGGCCTTAATACTGC,0,3984298
xdhAp2,0.25,3,3,AGCGCGGAAGAATAGAATTC,0,3986654
xdhAp2,0.25,3,3,AGCGACCCTTTGCCTTGTGT,0,3992614
xdhAp2,0.25,3,3,AGCGACCCAGAGCGGTGAAT,0,4012530
xdhAp2,0.25,3,3,AGCATTAAAGTAATTATCGG,0,3995816
xdhAp2,0.25,3,3,AGCACTAAGTCAAGGGTCTA,0,4009381
xdhAp2,0.25,3,3,AGCACGCTTGGGTCCTTTGC,0,3993433
xdhAp2,0.25,3,3,AGCAATCAAAGTCGATAAAA,0,3992210
xdhAp2,0.25,3,3,AGATCGCCGCATAGGTGCGC,0,4010427
xdhAp2,0.25,3,3,AGAGTGATCCCTTAAGTACT,0,3997770
xdhAp2,0.25,3,3,AGAGCTTACTTTGCTGATCT,0,4007436
xdhAp2,0.25,3,3,AGAGCGTTCCGTTAGAAGGA,0,4014233
xdhAp2,0.25,3,3,AGACCGGATCGTGTTGTTGG,0,4003776
xdhAp2,0.25,3,3,AGAAGGGGGTTGTATCGACA,0,4011686
xdhAp2,0.25,3,3,AGAAGCTTCACATCCGGGGC,0,4010171
xdhAp2,0.25,3,3,ACTTTGAAGTCTCAGATCTG,0,4004649
xdhAp2,0.25,3,3,ACTTCTGGAAGACCTAACTG,0,3993240
xdhAp2,0.25,3,3,ACTTCCATGACGGAGATTTG,0,4000944
xdhAp2,0.25,3,3,ACTTAGGGCGTGTACCCCTT,0,4007594
xdhAp2,0.25,3,3,ACTGAAACTATAGGTGAGAC,0,3986483
xdhAp2,0.25,3,3,ACTCTCAATTGTACAATAAC,0,3996909
xdhAp2,0.25,3,3,ACTCGAAGTATGCTTTCTAC,0,3992925
xdhAp2,0.25,3,3,ACTAAGTCATATGGTGATGC,0,4003856
xdhAp2,0.25,3,3,ACGTTCCTGGTTAAGGGTTA,0,3983413
xdhAp2,0.25,3,3,ACGGGGCAATTGACAGGGTG,0,3984231
xdhAp2,0.25,3,3,ACGAGAACAGGAGAAACGAT,0,3983584
xdhAp2,0.25,3,3,ACGACCCAGTCGGCCCAAGT,0,3988499
xdhAp2,0.25,3,3,ACGACACAATACACCGATGA,0,4008090
xdhAp2,0.25,3,3,ACCTTGATTAACATTTGAAT,0,3987367
xdhAp2,0.25,3,3,ACCGGGACACCACACCCCAT,0,3991747
xdhAp2,0.25,3,3,ACCGCATCACCCATGACAGC,0,3989480
xdhAp2,0.25,3,3,ACCGATATCGTCAAGTCGTA,0,3985520
xdhAp2,0.25,3,3,ACCCGAGGATTGTTCGCTGC,0,3995455
xdhAp2,0.25,3,3,ACCAGGGTGCAGCCGAGTCG,0,4005472
xdhAp2,0.25,3,3,ACCAGAAATAGGCTCGTCGT,0,4011322
xdhAp2,0.25,3,3,ACCACTTATTCGGACTCGAC,0,3986126
xdhAp2,0.25,3,3,ACCAAGCGGCACTGTACTCT,0,3987915
xdhAp2,0.25,3,3,ACATTTCTCGCATCGAGGAG,0,3989117
xdhAp2,0.25,3,3,ACATGTTTGTATTAAGACGA,0,4011443
xdhAp2,0.25,3,3,ACAGTTGTAGTACTATAGAT,0,3984967
xdhAp2,0.25,3,3,ACAGGCAAGCCACTAGATAT,0,3986434
xdhAp2,0.25,3,3,ACAGGAAGTGTGGTAGGGAT,0,3999897
xdhAp2,0.25,3,3,ACAGCTAGCCTCCTTCAGCC,0,3997170
xdhAp2,0.25,3,3,ACAGCCACAAGGGAGCATTT,0,4013860
xdhAp2,0.25,3,3,ACAGCAGATGTGCGAGTCCG,0,3992344
xdhAp2,0.25,3,3,ACAGAACGGCAACCTCCGAA,0,4012231
xdhAp2,0.25,3,3,ACACTCGAGTTCAGGCAAAG,0,4005852
xdhAp2,0.25,3,3,ACACCCCCTCTCGCACCCAA,0,4011921
xdhAp2,0.25,3,3,ACACCATCGCCGGACATACA,0,4000634
xdhAp2,0.25,3,3,AATTCGGTCTTACGCGGACG,0,4013589
xdhAp2,0.25,3,3,AATTAGTTTTTTGATGCCGA,0,3987296
xdhAp2,0.25,3,3,AATGGATCTGCACGCTAGCA,0,4009232
xdhAp2,0.25,3,3,AATGCCCTTAGGAAGTTCAG,0,3982148
xdhAp2,0.25,3,3,AATAGAGAGATTGTCTACTA,0,4013736
xdhAp2,0.25,3,3,AATAAGGGAGTGCGCGGTCA,0,3981916
xdhAp2,0.25,3,3,AAGTTCAGCAGATATCATTA,0,3982035
xdhAp2,0.25,3,3,AAGTTACGGAAGAGATATAC,0,3984272
xdhAp2,0.25,3,3,AAGTCTATAATACTAATGTT,0,4008737
xdhAp2,0.25,3,3,AAGTAGATGTGCGGCATTGG,0,4004680
xdhAp2,0.25,3,3,AAGGTGGATCGCCACAGCGT,0,3993017
xdhAp2,0.25,3,3,AAGGGATGACGCCCCGAGCT,0,3999347
xdhAp2,0.25,3,3,AAGGCATAATATAGACTAAT,0,4001747
xdhAp2,0.25,3,3,AAGGACTTCTCTTTGCATGT,0,3994703
xdhAp2,0.25,3,3,AAGCGCAAATACAAACGGGA,0,4007535
xdhAp2,0.25,3,3,AAGCCTAGAAGGCAGCGTCC,0,4013595
xdhAp2,0.25,3,3,AAGCAAGTGTTCGGAAACAT,0,3986084
xdhAp2,0.25,3,3,AAGATGGAATCCCTCGTAAC,0,4012533
xdhAp2,0.25,3,3,AAGAGGACCAGATTTCTTAC,0,3997600
xdhAp2,0.25,3,3,AAGACGATGATATTTCTGTC,0,3991506
xdhAp2,0.25,3,3,AAGACCTCGGGACGCCTCTG,0,4001457
xdhAp2,0.25,3,3,AACGGGCCACGCCATTCCTC,0,3999819
xdhAp2,0.25,3,3,AACGCAGGTTCGCTCATTGA,0,3985539
xdhAp2,0.25,3,3,AACGCAAGATTAGGATTTAG,0,4001130
xdhAp2,0.25,3,3,AACCTTAGGTGGTAATGAGA,0,3998384
xdhAp2,0.25,3,3,AACCATTCGAAGCATTTTGA,0,3983348
xdhAp2,0.25,3,3,AACCAGTGGCAGTTATGCGT,0,4002848
xdhAp2,0.25,3,3,AACATTTGTGAACCCCGGGT,0,3992958
xdhAp2,0.25,3,3,AACAATTTACTGAGGTTAGA,0,4006830
xdhAp2,0.25,3,3,AACAATGGACGTCTGGAGAC,0,4008821
xdhAp2,0.25,3,3,AACAATAGGATTAGTACTCG,0,3994442
xdhAp2,0.25,3,3,AAATATATGGCCTTACAAAC,0,3999509
xdhAp2,0.25,3,3,AAAGTGCAAGTGTCTCCTTT,0,3994313
xdhAp2,0.25,3,3,AAAGGTGGCATTTAATATGT,0,3993873
xdhAp2,0.25,3,3,AAAGCGTGAGAGGTTATAAT,0,3992863
xdhAp2,0.25,3,3,AAAGCAAATTCTAAGTCAGG,0,4004197
xdhAp2,0.25,3,3,AAACTTGGATGCTCACCAGG,0,4009069
xdhAp2,0.25,3,3,AAACTCTTTATCTACATCAG,0,4008474
xdhAp2,0.25,3,3,AAACTCCAATACTCACAACC,0,4003332
xdhAp2,0.25,3,3,AAACGCGAGGGGCAGACGGC,0,3982638
xdhAp2,0.25,3,3,AAACGAACGCAACGCAGTGC,0,3981779
xdhAp2,0.25,3,3,AAAATCACGGTCGTCCGTGA,0,4012374
xdhAp2,0.25,3,3,AAAAAAGTGGACCATCCCAC,0,4000339
xdhAp2,0.3333333333333333,2,2,TTTTTACGGCGCTATGTTGG,0,3990545
xdhAp2,0.3333333333333333,2,2,TTTTGGCAGCAAACTAGGTT,0,4008257
xdhAp2,0.3333333333333333,2,2,TTTTCATTTGCGCCGCGGAC,0,3994850
xdhAp2,0.3333333333333333,2,2,TTTTAGATGGCCCCACGCAA,0,4002140
xdhAp2,0.3333333333333333,2,2,TTTGTAGTGCCGGTGCCGGC,0,3983119
xdhAp2,0.3333333333333333,2,2,TTTGGGATCCCCATGGCGCC,0,3998614
xdhAp2,0.3333333333333333,2,2,TTTGATTAGATATGTTACAG,0,3986893
xdhAp2,0.3333333333333333,2,2,TTTCACTCGCTAGCCTAGGG,0,3982454
xdhAp2,0.3333333333333333,2,2,TTTATTCTTTTTTTATATCG,0,3997068
xdhAp2,0.3333333333333333,2,2,TTTATAGAACGCTAGCCTGG,0,4010713
xdhAp2,0.3333333333333333,2,2,TTTAGCAAGGGTCCAGCGCG,0,4010506
xdhAp2,0.3333333333333333,2,2,TTTAATCTTGGGATTGCGTT,0,4006970
xdhAp2,0.3333333333333333,2,2,TTTAACTTGCATCGGGGAGA,0,3982667
xdhAp2,0.3333333333333333,2,2,TTGTTGTTACCTGCGTACAT,0,4000437
xdhAp2,0.3333333333333333,2,2,TTGTGTGGGCTTCTTGAAGG,0,4003485
xdhAp2,0.3333333333333333,2,2,TTGTCCCATTGGTGTGGAGG,0,3991581
xdhAp2,0.3333333333333333,2,2,TTGGTTCGTCTGGTCTAAGG,0,4002300
xdhAp2,0.3333333333333333,2,2,TTGGGGTCGAAAGGAGTTTT,0,3989559
xdhAp2,0.3333333333333333,2,2,TTGGCCAGAATTCCGCTTTT,0,4007854
xdhAp2,0.3333333333333333,2,2,TTGGACGACCGTTGTATTCC,0,3998571
xdhAp2,0.3333333333333333,2,2,TTGCTTGAAGAAACTTAAAC,0,3994300
xdhAp2,0.3333333333333333,2,2,TTGCTAAGTTGTGTTCGTAC,0,4013748
xdhAp2,0.3333333333333333,2,2,TTGCCCTTCAAAATACCAAT,0,3982401
xdhAp2,0.3333333333333333,2,2,TTGCAAGTGTGGAGGGCCCT,0,4004321
xdhAp2,0.3333333333333333,2,2,TTGATTCCCAACGACATCTG,0,4008746
xdhAp2,0.3333333333333333,2,2,TTGAGAATGGCAGTAGACTT,0,4007137
xdhAp2,0.3333333333333333,2,2,TTGACCAGCCCGAGTTAAAT,0,4010431
xdhAp2,0.3333333333333333,2,2,TTGAAGGCGGGAATACCAGT,0,3993414
xdhAp2,0.3333333333333333,2,2,TTGAAAAAATTTTTGCGGCC,0,4002517
xdhAp2,0.3333333333333333,2,2,TTCGTTGAGATGACAGAGTA,0,4010000
xdhAp2,0.3333333333333333,2,2,TTCGCTAGGCCTGCTGCCAT,0,3986249
xdhAp2,0.3333333333333333,2,2,TTCCTTGACTATAGAGCAGC,0,4000038
xdhAp2,0.3333333333333333,2,2,TTCCTCGACGTGCACGAAAT,0,3994201
xdhAp2,0.3333333333333333,2,2,TTCCTATTACGATTTCGGGC,0,4005222
xdhAp2,0.3333333333333333,2,2,TTCCGGATCAGCTGTAGTAG,0,4007032
xdhAp2,0.3333333333333333,2,2,TTCCGAAAGTATGACTGGAA,0,3986599
xdhAp2,0.3333333333333333,2,2,TTCCATCCATGCCTAGTAGT,0,3982007
xdhAp2,0.3333333333333333,2,2,TTCCATACGAAGTGTTTCAC,0,3983528
xdhAp2,0.3333333333333333,2,2,TTCCACATGCGAATACGTGG,0,3993974
xdhAp2,0.3333333333333333,2,2,TTCATAGAGTGATCATCGTA,0,3998874
xdhAp2,0.3333333333333333,2,2,TTCACGCTGATCCAGGGTAT,0,4006050
xdhAp2,0.3333333333333333,2,2,TTCAACTGAAAAGGGAATAT,0,4009587
xdhAp2,0.3333333333333333,2,2,TTCAACGGACGGACACTTCT,0,3992645
xdhAp2,0.3333333333333333,2,2,TTATTTTCAAGGTCGTTTAC,0,4004741
xdhAp2,0.3333333333333333,2,2,TTATGTCGCCGGCTCAGTGC,0,4003924
xdhAp2,0.3333333333333333,2,2,TTATGGTGAGGTCACCTTCA,0,3984371
xdhAp2,0.3333333333333333,2,2,TTATGCAAGCCAACTAAATA,0,3983340
xdhAp2,0.3333333333333333,2,2,TTATATCACGGGAATGAACT,0,3992187
xdhAp2,0.3333333333333333,2,2,TTATAGCGAAAACTACTTTT,0,3998537
xdhAp2,0.3333333333333333,2,2,TTAGTTGTGGAAAATGATCG,0,3981551
xdhAp2,0.3333333333333333,2,2,TTAGTGTAAATGGGGTCCTG,0,4004574
xdhAp2,0.3333333333333333,2,2,TTAGTGACGAGACGGTCATG,0,3993656
xdhAp2,0.3333333333333333,2,2,TTAGGTAGAAGTGTAATCGC,0,3987715
xdhAp2,0.3333333333333333,2,2,TTAGGGGTAGGAATGTTCGA,0,3983244
xdhAp2,0.3333333333333333,2,2,TTAGCGAGCTACGGTTAATT,0,3998914
xdhAp2,0.3333333333333333,2,2,TTAGAAACCGGCCATGGCTA,0,4007982
xdhAp2,0.3333333333333333,2,2,TTACCAGCTGTCAACCAGTA,0,4012421
xdhAp2,0.3333333333333333,2,2,TTAAATGCAGCGAACAGATT,0,4009946
xdhAp2,0.3333333333333333,2,2,TTAAACAGAACAAGTGAGGG,0,3999418
xdhAp2,0.3333333333333333,2,2,TGTTGGGCATATACCTAGTT,0,4009853
xdhAp2,0.3333333333333333,2,2,TGTTGACGTGTGTTTCACTA,0,3995339
xdhAp2,0.3333333333333333,2,2,TGTTAGCTATCCCTTTCCTC,0,4000854
xdhAp2,0.3333333333333333,2,2,TGTTAATGGCGGGCCTCCAT,0,4009331
xdhAp2,0.3333333333333333,2,2,TGTGGGTAATCAAGTCCCTG,0,4007421
xdhAp2,0.3333333333333333,2,2,TGTGGAGCCTGGCTATGCAA,0,3995562
xdhAp2,0.3333333333333333,2,2,TGTGGAGCCGCAAGCTACCT,0,3985894
xdhAp2,0.3333333333333333,2,2,TGTGACTCATTCGTGGCCTC,0,3993234
xdhAp2,0.3333333333333333,2,2,TGTGAAGGAGCGCATCTACC,0,3998280
xdhAp2,0.3333333333333333,2,2,TGTCTTAGAAAGAATCGCGA,0,3985502
xdhAp2,0.3333333333333333,2,2,TGTCTGACTATACGCTAGCC,0,3991475
xdhAp2,0.3333333333333333,2,2,TGTCCCCCATCTCTGAATAC,0,3998335
xdhAp2,0.3333333333333333,2,2,TGTATCCGCGTTGCGGTGGG,0,3982490
xdhAp2,0.3333333333333333,2,2,TGTACTTCAAGGGGTAATGT,0,3991277
xdhAp2,0.3333333333333333,2,2,TGGTTCTGCGGATCATCACG,0,4007242
xdhAp2,0.3333333333333333,2,2,TGGTGACCAGGTCGGGACCG,0,4000674
xdhAp2,0.3333333333333333,2,2,TGGTCCATCTACTATGTAGC,0,3998228
xdhAp2,0.3333333333333333,2,2,TGGTAATACGTCTTGAATAT,0,3997675
xdhAp2,0.3333333333333333,2,2,TGGGCCTACAGTATTAGATA,0,3992186
xdhAp2,0.3333333333333333,2,2,TGGCTTTTAACACTAGGTGT,0,4014033
xdhAp2,0.3333333333333333,2,2,TGGCGCCATGCGGACATAGT,0,3989569
xdhAp2,0.3333333333333333,2,2,TGGCCTCGGGCGACAAAGCT,0,3986999
xdhAp2,0.3333333333333333,2,2,TGGATTTCATTCGCGAGTGG,0,4004010
xdhAp2,0.3333333333333333,2,2,TGGACTTGGGGGATATTAGC,0,3985679
xdhAp2,0.3333333333333333,2,2,TGGACTTAGCGAACTGGCTT,0,4001057
xdhAp2,0.3333333333333333,2,2,TGGACTACCCCCAACGCGAC,0,3981530
xdhAp2,0.3333333333333333,2,2,TGGACTAAAGGGTTATCTGG,0,3988679
xdhAp2,0.3333333333333333,2,2,TGGACCGCTTAAACTCGGAC,0,4001730
xdhAp2,0.3333333333333333,2,2,TGCGCTTTTTCTTGACTACA,0,3995045
xdhAp2,0.3333333333333333,2,2,TGCGCATCAATCAATTTCCC,0,4008944
xdhAp2,0.3333333333333333,2,2,TGCCTTCAGCTAACACTCGA,0,4006124
xdhAp2,0.3333333333333333,2,2,TGCCTACGTGGACCATTCAA,0,3998688
xdhAp2,0.3333333333333333,2,2,TGCCAAGCCATCCCTGGTTA,0,4002337
xdhAp2,0.3333333333333333,2,2,TGCATTGTGCTCTGCGTTGA,0,3996586
xdhAp2,0.3333333333333333,2,2,TGCACGTTCTACGCTGTATA,0,4012353
xdhAp2,0.3333333333333333,2,2,TGATTGCGCCGGTCCAAGAT,0,3982912
xdhAp2,0.3333333333333333,2,2,TGATGCAACTGCGGACAGCA,0,3985187
xdhAp2,0.3333333333333333,2,2,TGACTTCAAATGTGGTACGG,0,3990155
xdhAp2,0.3333333333333333,2,2,TGAAGATACCTGCGCCTAAT,0,3994588
xdhAp2,0.3333333333333333,2,2,TGAACGGGTTCTCCACCCGA,0,4012425
xdhAp2,0.3333333333333333,2,2,TGAAACGGTTAATATCAGTG,0,4010756
xdhAp2,0.3333333333333333,2,2,TCTTTGATTAACTCGGTGTT,0,3986964
xdhAp2,0.3333333333333333,2,2,TCTTTCGAGGCAGCGCGCTA,0,3997535
xdhAp2,0.3333333333333333,2,2,TCTTTAAGAGCCACTTCTTT,0,4009333
xdhAp2,0.3333333333333333,2,2,TCTTGGGGAAGCGCGTCTGT,0,4001831
xdhAp2,0.3333333333333333,2,2,TCTTGGGCCGATATGGTTAT,0,4013910
xdhAp2,0.3333333333333333,2,2,TCTTGATGCATAGCGGAAGA,0,4004761
xdhAp2,0.3333333333333333,2,2,TCTTCGGACCACAACAGAAC,0,3999940
xdhAp2,0.3333333333333333,2,2,TCTTCCACTGTGAGAAGTCC,0,3991605
xdhAp2,0.3333333333333333,2,2,TCTTACGGCACCAGAGTATC,0,4007066
xdhAp2,0.3333333333333333,2,2,TCTGGTCCGGACAAAGCTAG,0,4007229
xdhAp2,0.3333333333333333,2,2,TCTGGCCCCGTCAACATGTT,0,4003492
xdhAp2,0.3333333333333333,2,2,TCTGACCCGCAAGGGGAAAG,0,3984263
xdhAp2,0.3333333333333333,2,2,TCTGAAAGGGAAGCCTACAG,0,3982346
xdhAp2,0.3333333333333333,2,2,TCTCAATAAAATAACTTTGC,0,3983162
xdhAp2,0.3333333333333333,2,2,TCTAGTATCACCGGAATCCC,0,4010107
xdhAp2,0.3333333333333333,2,2,TCTAAGGAACAAGGCAAGGT,0,3984527
xdhAp2,0.3333333333333333,2,2,TCTAACTGACAGGTCGTGTT,0,4014204
xdhAp2,0.3333333333333333,2,2,TCTAAAGACTCCAAAAATCG,0,4003412
xdhAp2,0.3333333333333333,2,2,TCGTTCCGTAAACAAGATCC,0,3984851
xdhAp2,0.3333333333333333,2,2,TCGTGGCGCAGGTGATTATA,0,4012495
xdhAp2,0.3333333333333333,2,2,TCGTCAAAGCACGTATTACT,0,3981797
xdhAp2,0.3333333333333333,2,2,TCGTAGACAATCTGTACCCT,0,4005978
xdhAp2,0.3333333333333333,2,2,TCGGGTGCCTTGTCGCGATC,0,3994612
xdhAp2,0.3333333333333333,2,2,TCGGGGGTCCCGGATAATTC,0,4002829
xdhAp2,0.3333333333333333,2,2,TCGGGCATGCATCGAGTGCA,0,4005985
xdhAp2,0.3333333333333333,2,2,TCGGCTGGGAATATACGTGA,0,3997857
xdhAp2,0.3333333333333333,2,2,TCGGCCGTTTAGTCGCCCCG,0,3999437
xdhAp2,0.3333333333333333,2,2,TCGCTCGATATAACCAGCAA,0,4002911
xdhAp2,0.3333333333333333,2,2,TCGCCCATCTTGATCGGTTG,0,4002236
xdhAp2,0.3333333333333333,2,2,TCGCATATATCCAAGTAGGG,0,3995604
xdhAp2,0.3333333333333333,2,2,TCGAATGCGTTTTCGGAGAG,0,3996798
xdhAp2,0.3333333333333333,2,2,TCGAAGCCGCGGAGGTTGTT,0,3983971
xdhAp2,0.3333333333333333,2,2,TCCTGACCCTGGCTGATCGC,0,3991379
xdhAp2,0.3333333333333333,2,2,TCCGTCATTCAGCCTTAGGT,0,3991653
xdhAp2,0.3333333333333333,2,2,TCCGGTTCAGGCCCTTAATG,0,4002678
xdhAp2,0.3333333333333333,2,2,TCCGCTGATCTATTGAACTG,0,3987364
xdhAp2,0.3333333333333333,2,2,TCCGAATAAGGGGCATCGAC,0,4008686
xdhAp2,0.3333333333333333,2,2,TCCCGGGCGGACTAATTTAG,0,3984190
xdhAp2,0.3333333333333333,2,2,TCCCGACTACGCGCTCGGGG,0,3988719
xdhAp2,0.3333333333333333,2,2,TCCATAGTCGTGCGCACCGT,0,4004473
xdhAp2,0.3333333333333333,2,2,TCATTAGCCTGGGGGCGGTA,0,3999019
xdhAp2,0.3333333333333333,2,2,TCATCTACTCGACTTGTCAG,0,3988910
xdhAp2,0.3333333333333333,2,2,TCAGCTGCTGAGATTAATGT,0,3983032
xdhAp2,0.3333333333333333,2,2,TCAGCGAAGTTACGCTCAGA,0,3999950
xdhAp2,0.3333333333333333,2,2,TCACCGTCACTGAATGTGTT,0,3993460
xdhAp2,0.3333333333333333,2,2,TCAATTGCCTGGTCCTAACG,0,3996198
xdhAp2,0.3333333333333333,2,2,TCAATGTGTTCTAAATGTCA,0,4005680
xdhAp2,0.3333333333333333,2,2,TCAATGCCTGATAAATTGCG,0,3985437
xdhAp2,0.3333333333333333,2,2,TCAACGCACCTCTTATAGAA,0,3991174
xdhAp2,0.3333333333333333,2,2,TCAACAGTCCGTACCCTTAG,0,3985639
xdhAp2,0.3333333333333333,2,2,TCAAAATTGTCCTGATGGCC,0,3991930
xdhAp2,0.3333333333333333,2,2,TATTTGGCACACGGGATGGC,0,3992594
xdhAp2,0.3333333333333333,2,2,TATTCGAATACGTACACGGT,0,3999025
xdhAp2,0.3333333333333333,2,2,TATGTGTCCCGTTTTGTTCG,0,4014227
xdhAp2,0.3333333333333333,2,2,TATGCCCGAAAAGATACTTG,0,4006692
xdhAp2,0.3333333333333333,2,2,TATGAGGGCTCAAGTTGGGA,0,3982131
xdhAp2,0.3333333333333333,2,2,TAGGTCCCAGTCTCGAAACG,0,4006871
xdhAp2,0.3333333333333333,2,2,TAGGCTTCAGGTTTCCTCAG,0,3984762
xdhAp2,0.3333333333333333,2,2,TAGGCTGGCTAAGTGACAAA,0,4001695
xdhAp2,0.3333333333333333,2,2,TAGGCTGGCGCCAGCGTAAA,0,3985815
xdhAp2,0.3333333333333333,2,2,TAGGAGCTTTTAGTTCCTCC,0,4005303
xdhAp2,0.3333333333333333,2,2,TAGCTCATGGGCGTAGACGT,0,3992231
xdhAp2,0.3333333333333333,2,2,TAGATAGTTTTGACCGGCGA,0,4005245
xdhAp2,0.3333333333333333,2,2,TAGAGTATATTAAAAAACTC,0,3992101
xdhAp2,0.3333333333333333,2,2,TAGAGAAGTAAAACCTAGAA,0,4013322
xdhAp2,0.3333333333333333,2,2,TAGAACGGTGACCGCGGTGA,0,4010994
xdhAp2,0.3333333333333333,2,2,TACTGACGGGTAGAAAGTGA,0,4000112
xdhAp2,0.3333333333333333,2,2,TACTCAGGGACGTTGTGAAC,0,4002759
xdhAp2,0.3333333333333333,2,2,TACGGTTGGACCCCACATAG,0,3990995
xdhAp2,0.3333333333333333,2,2,TACGATAGAGAAAACCGGAT,0,4010371
xdhAp2,0.3333333333333333,2,2,TACGAGCCCTAGGGTTCATG,0,3997689
xdhAp2,0.3333333333333333,2,2,TACATGTTGTCTGGTCTCCG,0,3982330
xdhAp2,0.3333333333333333,2,2,TACAGTCATAACCAGGTCAA,0,3995020
xdhAp2,0.3333333333333333,2,2,TACAGCGACCCAAACGCATT,0,3992163
xdhAp2,0.3333333333333333,2,2,TACACGCCAGCGAGTGGTCC,0,4010512
xdhAp2,0.3333333333333333,2,2,TACACAGTGCTGTTTCGTGG,0,4012372
xdhAp2,0.3333333333333333,2,2,TAATTGAGGCGAGGAACTCA,0,4006554
xdhAp2,0.3333333333333333,2,2,TAATCGCCAGATCACGTGTG,0,4013764
xdhAp2,0.3333333333333333,2,2,TAAGTGCACGTGGATCAGTA,0,4003138
xdhAp2,0.3333333333333333,2,2,TAAGTCTTGGATGGGGTTAC,0,4014305
xdhAp2,0.3333333333333333,2,2,TAAGTCCGGTCGATGACGCT,0,4006631
xdhAp2,0.3333333333333333,2,2,TAAGGCACTTTATTCGTAAA,0,4000342
xdhAp2,0.3333333333333333,2,2,TAAGACTTATTTGAAAGTCG,0,3992923
xdhAp2,0.3333333333333333,2,2,TAACCGATTGCCTACAGCGA,0,4001873
xdhAp2,0.3333333333333333,2,2,TAAATTACGTGAGTGTGTGT,0,4009395
xdhAp2,0.3333333333333333,2,2,TAAATCAGTTGAGAGACCAG,0,3990498
xdhAp2,0.3333333333333333,2,2,TAAAGACGTTTTGGCAGGCA,0,3983542
xdhAp2,0.3333333333333333,2,2,TAAACCCTTCCGCGGTTACT,0,3994615
xdhAp2,0.3333333333333333,2,2,GTTTTTAGCACTCAAAGTGG,0,3985066
xdhAp2,0.3333333333333333,2,2,GTTTGTAGTCCGGCGATCCG,0,4001925
xdhAp2,0.3333333333333333,2,2,GTTTCTTATACAATATTATA,0,3987848
xdhAp2,0.3333333333333333,2,2,GTTTCCGGCATACTGGCGAC,0,4001185
xdhAp2,0.3333333333333333,2,2,GTTGTGTTAAATATCGTTAT,0,3995795
xdhAp2,0.3333333333333333,2,2,GTTGTGGCCATGGGGGAGGA,0,3993540
xdhAp2,0.3333333333333333,2,2,GTTGTCTTAGCCCACGTTCC,0,3989476
xdhAp2,0.3333333333333333,2,2,GTTGGCCGGTACTACGCGGC,0,4012201
xdhAp2,0.3333333333333333,2,2,GTTGCGTCTGATTACGAAGC,0,4001255
xdhAp2,0.3333333333333333,2,2,GTTGACAGCCCTCACGTATA,0,3999948
xdhAp2,0.3333333333333333,2,2,GTTCATGCCCATGAACAAAG,0,4011710
xdhAp2,0.3333333333333333,2,2,GTTACGCGGAAGACTCAACT,0,4013927
xdhAp2,0.3333333333333333,2,2,GTTAACACTGTTCCGACAAA,0,3981590
xdhAp2,0.3333333333333333,2,2,GTGTTATTTCCTTCTCATAC,0,4004679
xdhAp2,0.3333333333333333,2,2,GTGTTATTATAGCTCTGCGG,0,4007802
xdhAp2,0.3333333333333333,2,2,GTGTCCTGATAAAGTGTGTG,0,4010590
xdhAp2,0.3333333333333333,2,2,GTGTCATAGAGCGTAAGCAA,0,4003730
xdhAp2,0.3333333333333333,2,2,GTGTAGTTAATTAAGAGACT,0,3993219
xdhAp2,0.3333333333333333,2,2,GTGTAGACAGCCGCATTCGG,0,4003699
xdhAp2,0.3333333333333333,2,2,GTGGGTAGGACTCCGTGGTG,0,3996200
xdhAp2,0.3333333333333333,2,2,GTGGGGGCTCTAGCTTAGGG,0,3988945
xdhAp2,0.3333333333333333,2,2,GTGGGGAGTCGGCGTAGTCT,0,3989473
xdhAp2,0.3333333333333333,2,2,GTGGGACAACCGGTTCTAAT,0,3987442
xdhAp2,0.3333333333333333,2,2,GTGGATCTATATACAGCTTA,0,3993591
xdhAp2,0.3333333333333333,2,2,GTGCTCGAGTAACTAGATAC,0,3988530
xdhAp2,0.3333333333333333,2,2,GTGCGTACAGCAAAGATATG,0,4001319
xdhAp2,0.3333333333333333,2,2,GTGCGGGTTAGGATATTGGT,0,4003928
xdhAp2,0.3333333333333333,2,2,GTGCCGTTATTCGACACAAA,0,3996192
xdhAp2,0.3333333333333333,2,2,GTGCACCGTTTAATTGAGGT,0,4007323
xdhAp2,0.3333333333333333,2,2,GTGATCGGCTGTTTTCGTCA,0,3984552
xdhAp2,0.3333333333333333,2,2,GTGAGTTCACCTCTAGGTGT,0,3993327
xdhAp2,0.3333333333333333,2,2,GTGAACTGCCCGGCAAAGGA,0,3986699
xdhAp2,0.3333333333333333,2,2,GTCTCCTTGAGGGTCTCTGT,0,3992103
xdhAp2,0.3333333333333333,2,2,GTCGTTAAGAGGGGTGAACT,0,3989587
xdhAp2,0.3333333333333333,2,2,GTCGTCAGCGCAGCGGGCCT,0,3995784
xdhAp2,0.3333333333333333,2,2,GTCGTCACGTAACTAAGGTA,0,4012293
xdhAp2,0.3333333333333333,2,2,GTCGGGATAGTTGATTCCTT,0,3989807
xdhAp2,0.3333333333333333,2,2,GTCGCTGTCGTTCTTGCAAG,0,3999773
xdhAp2,0.3333333333333333,2,2,GTCGCCAGTATGACGCGACT,0,4011649
xdhAp2,0.3333333333333333,2,2,GTCGATCCGGTATTTCATCG,0,4003010
xdhAp2,0.3333333333333333,2,2,GTCCGGTTAGCTAGGCCTGA,0,3984921
xdhAp2,0.3333333333333333,2,2,GTCCGGTGAGTGTGGGCAAT,0,3990107
xdhAp2,0.3333333333333333,2,2,GTCCGGTATGTTTGGGTCAA,0,3991612
xdhAp2,0.3333333333333333,2,2,GTCCACTCGTCTCCCTTAAC,0,3987908
xdhAp2,0.3333333333333333,2,2,GTCCAAATAGCTCCCGCCGT,0,3992632
xdhAp2,0.3333333333333333,2,2,GTCCAAAACTGTTCCAGCTT,0,3991127
xdhAp2,0.3333333333333333,2,2,GTCAGGGAACACTGCCTGTC,0,3991072
xdhAp2,0.3333333333333333,2,2,GTCAGCACTGAGATTGGTCC,0,3992041
xdhAp2,0.3333333333333333,2,2,GTCAGACGGCTGGCACAAAG,0,3982008
xdhAp2,0.3333333333333333,2,2,GTCAAACTAGAACATCTATA,0,4000416
xdhAp2,0.3333333333333333,2,2,GTATGTCCACGGAGGGGCCG,0,3998650
xdhAp2,0.3333333333333333,2,2,GTATGAGGGTGCAAGTGGGG,0,4004593
xdhAp2,0.3333333333333333,2,2,GTATCGCGGGTTACAAGGTG,0,4008986
xdhAp2,0.3333333333333333,2,2,GTAGGTTGTGAAACCTCCTG,0,3990292
xdhAp2,0.3333333333333333,2,2,GTAGGCTGGTCAGAATACTG,0,3998848
xdhAp2,0.3333333333333333,2,2,GTAGCATCGAAACAGGCAAA,0,4010100
xdhAp2,0.3333333333333333,2,2,GTAGATAGACTGCACTTAGA,0,4003715
xdhAp2,0.3333333333333333,2,2,GTACTCCGTCGCTGGCATAG,0,3993012
xdhAp2,0.3333333333333333,2,2,GTACAATTTATTGGTCGAAA,0,3995664
xdhAp2,0.3333333333333333,2,2,GTAACAACAAGATACGAATT,0,4009668
xdhAp2,0.3333333333333333,2,2,GGTTTTTTCACAATATGTGA,0,4008265
xdhAp2,0.3333333333333333,2,2,GGTTTTTAGTGGTCGTACTT,0,4000210
xdhAp2,0.3333333333333333,2,2,GGTTTCCATTGATAGAACAG,0,3987198
xdhAp2,0.3333333333333333,2,2,GGTGTGATCCGGAGTTACCA,0,4007539
xdhAp2,0.3333333333333333,2,2,GGTGCCTGTTATGTATATCC,0,3990844
xdhAp2,0.3333333333333333,2,2,GGTGCCCCCGAGAAGGTCTA,0,3989860
xdhAp2,0.3333333333333333,2,2,GGTGCAATCTGCAAGACGCA,0,3986339
xdhAp2,0.3333333333333333,2,2,GGTGATCACCATACTAGGGT,0,3998086
xdhAp2,0.3333333333333333,2,2,GGTGAGACCAAGAAACCTTA,0,4003626
xdhAp2,0.3333333333333333,2,2,GGTGAAAACTCATCTTGCCT,0,4000208
xdhAp2,0.3333333333333333,2,2,GGTCTTTGAGGAATTATACA,0,3999849
xdhAp2,0.3333333333333333,2,2,GGTCTACTGTACGGACGGTT,0,3982128
xdhAp2,0.3333333333333333,2,2,GGTCGAATCTGGAAACTCCG,0,3995656
xdhAp2,0.3333333333333333,2,2,GGTCCTATCATATGAACTGT,0,4011030
xdhAp2,0.3333333333333333,2,2,GGTCCCCGAACTGTCTACGT,0,3992017
xdhAp2,0.3333333333333333,2,2,GGTACCCGCTCACCTGTGCA,0,4002799
xdhAp2,0.3333333333333333,2,2,GGGTGCGCCCCGCATCCGGC,0,3986550
xdhAp2,0.3333333333333333,2,2,GGGTCGCACCAACAGGGGGC,0,4007193
xdhAp2,0.3333333333333333,2,2,GGGTCACTTACCCAGTGGAA,0,4001210
xdhAp2,0.3333333333333333,2,2,GGGTCAAGGACGCTTGGACG,0,4002496
xdhAp2,0.3333333333333333,2,2,GGGGTGATATTACGACGTGG,0,4002440
xdhAp2,0.3333333333333333,2,2,GGGGGGTCCATCATCAGACT,0,4009777
xdhAp2,0.3333333333333333,2,2,GGGGCTTGGCAATTTTAACG,0,3981949
xdhAp2,0.3333333333333333,2,2,GGGGCTCTCACCTATGAACA,0,3987670
xdhAp2,0.3333333333333333,2,2,GGGGCCATGTCAGGGCGTAA,0,4010061
xdhAp2,0.3333333333333333,2,2,GGGGAGTCCAATTCGTTGAA,0,3996174
xdhAp2,0.3333333333333333,2,2,GGGGAGTCACGACGTACGTC,0,3986762
xdhAp2,0.3333333333333333,2,2,GGGCTTCAGAAGCGTTAGAC,0,3998414
xdhAp2,0.3333333333333333,2,2,GGGCTACACGAACACGGCTC,0,4002671
xdhAp2,0.3333333333333333,2,2,GGGCGACCGCCGTCCGATTG,0,3983193
xdhAp2,0.3333333333333333,2,2,GGGCCGGCCTAGCCGGCACG,0,3995348
xdhAp2,0.3333333333333333,2,2,GGGATGAGATATTGTATATG,0,3999895
xdhAp2,0.3333333333333333,2,2,GGGACTGCAAGAGTTCCGCC,0,3989657
xdhAp2,0.3333333333333333,2,2,GGGACGAATTCGGCCTAGTA,0,4006853
xdhAp2,0.3333333333333333,2,2,GGCTGGCCCCTCCAAGAGCG,0,4007186
xdhAp2,0.3333333333333333,2,2,GGCTGCGATAGGTCGGCCGG,0,3999763
xdhAp2,0.3333333333333333,2,2,GGCTCTTCCGATTTCACTAA,0,3981719
xdhAp2,0.3333333333333333,2,2,GGCTCTGTCGCTTACGGGCT,0,3985487
xdhAp2,0.3333333333333333,2,2,GGCTCCATACGGCCTGCCAA,0,3992235
xdhAp2,0.3333333333333333,2,2,GGCTCAAATTCCGTGCTCAA,0,3996302
xdhAp2,0.3333333333333333,2,2,GGCGTGAAGGCCCTGCTAAC,0,4014410
xdhAp2,0.3333333333333333,2,2,GGCGGTTGTTTATCACCAGA,0,3992475
xdhAp2,0.3333333333333333,2,2,GGCGCGGTTATATCCGTAGT,0,3985435
xdhAp2,0.3333333333333333,2,2,GGCGAAACTCGTGATGCCAC,0,3985374
xdhAp2,0.3333333333333333,2,2,GGCCTTATTGACGATAAAAG,0,4009598
xdhAp2,0.3333333333333333,2,2,GGCCTGAGTCGTTATTTATG,0,4013261
xdhAp2,0.3333333333333333,2,2,GGCCCATGGTTTGGAGTTTA,0,4009309
xdhAp2,0.3333333333333333,2,2,GGCCCATCTTTCATGGTAGT,0,4006745
xdhAp2,0.3333333333333333,2,2,GGCCCAGCCGGCGCGGAGCA,0,3984680
xdhAp2,0.3333333333333333,2,2,GGCATCGAAACCCCAACAAC,0,4009885
xdhAp2,0.3333333333333333,2,2,GGCACTGATAGGGTATTAGC,0,4001178
xdhAp2,0.3333333333333333,2,2,GGCAATGTTAAGATTGCACG,0,4003581
xdhAp2,0.3333333333333333,2,2,GGCAAGGCTTCGCGGCAATG,0,3996239
xdhAp2,0.3333333333333333,2,2,GGCAACCTAGTACCCGGACT,0,3993308
xdhAp2,0.3333333333333333,2,2,GGCAAATCCAAGTAGGTTGA,0,3994086
xdhAp2,0.3333333333333333,2,2,GGATTGGTGCACTCGCTTCA,0,3990200
xdhAp2,0.3333333333333333,2,2,GGAGGTCTTGCTTTATCCGG,0,4004748
xdhAp2,0.3333333333333333,2,2,GGAGACGTCCATGTGTTCAC,0,4011949
xdhAp2,0.3333333333333333,2,2,GGACGCGGCGGACATGGTGA,0,4013185
xdhAp2,0.3333333333333333,2,2,GGAAGTCTCTAAGATCCGAA,0,3981823
xdhAp2,0.3333333333333333,2,2,GGAAAACTACAATTACAACA,0,4000176
xdhAp2,0.3333333333333333,2,2,GCTTTAATCTACACGCTAGG,0,3996095
xdhAp2,0.3333333333333333,2,2,GCTTGTCATAGCGTATGTCT,0,4005291
xdhAp2,0.3333333333333333,2,2,GCTTGCGATGGGCAACCAGT,0,3997524
xdhAp2,0.3333333333333333,2,2,GCTGTTCAATCCTGGGATAC,0,3982799
xdhAp2,0.3333333333333333,2,2,GCTGGCCACATGTCCTAATA,0,3994836
xdhAp2,0.3333333333333333,2,2,GCTGCAGCTTGCCGTAACTG,0,3982846
xdhAp2,0.3333333333333333,2,2,GCTGATAACTGGCGGCAATG,0,3997745
xdhAp2,0.3333333333333333,2,2,GCTCTCAGTAGCCCGGGATC,0,3996088
xdhAp2,0.3333333333333333,2,2,GCTCTAAGGTCCCCGGAATG,0,4004410
xdhAp2,0.3333333333333333,2,2,GCTCGGAGGGACGCTTCGAA,0,3986510
xdhAp2,0.3333333333333333,2,2,GCTATTACATGAATAGGAAA,0,3997247
xdhAp2,0.3333333333333333,2,2,GCTAATACGTAGTTTCCTGC,0,4012926
xdhAp2,0.3333333333333333,2,2,GCTAAAGGCCCGCCCCCTAA,0,4011021
xdhAp2,0.3333333333333333,2,2,GCGTCTCAGTTGCTTGTTGC,0,4009928
xdhAp2,0.3333333333333333,2,2,GCGTATTCCAAGAGTATAGG,0,3995225
xdhAp2,0.3333333333333333,2,2,GCGTAGCGAGAGGGGACCTC,0,3985340
xdhAp2,0.3333333333333333,2,2,GCGTACCGGGGCGCAACGTA,0,3998010
xdhAp2,0.3333333333333333,2,2,GCGGTGCGTTTGTACCCATG,0,3986603
xdhAp2,0.3333333333333333,2,2,GCGGGAAAGCGTCCTAACTC,0,3998911
xdhAp2,0.3333333333333333,2,2,GCGGCTCATGTGGGGTAAGG,0,3991539
xdhAp2,0.3333333333333333,2,2,GCGGCGTTGGGCCAGTACAG,0,3983475
xdhAp2,0.3333333333333333,2,2,GCGGCCGGGGGGGGCGTGAT,0,3992140
xdhAp2,0.3333333333333333,2,2,GCGCTGAGGTGCATCGTGTC,0,4006161
xdhAp2,0.3333333333333333,2,2,GCGCGTCAAGGACTGTCAGC,0,4008713
xdhAp2,0.3333333333333333,2,2,GCGCGTACGGCGCCCATGCG,0,3994711
xdhAp2,0.3333333333333333,2,2,GCGCGGCCATTTTCGGTGTG,0,3995587
xdhAp2,0.3333333333333333,2,2,GCGATCAAGATTACGAGAGA,0,3987143
xdhAp2,0.3333333333333333,2,2,GCGACTCGCGTACGAGCACC,0,3989663
xdhAp2,0.3333333333333333,2,2,GCGACACATCTGCGATTCGT,0,4000746
xdhAp2,0.3333333333333333,2,2,GCCTTATGAACCTTTGCACT,0,3990871
xdhAp2,0.3333333333333333,2,2,GCCTAAGGGTAGGGCCATTG,0,4010993
xdhAp2,0.3333333333333333,2,2,GCCGTTTAGTCATCGGATAA,0,4002825
xdhAp2,0.3333333333333333,2,2,GCCGGGCGGGTACCGCTTAT,0,3990920
xdhAp2,0.3333333333333333,2,2,GCCGGCGCTGAGTGTATATA,0,3989436
xdhAp2,0.3333333333333333,2,2,GCCGACGTATCAATGGCTAC,0,3995759
xdhAp2,0.3333333333333333,2,2,GCCGACACGGTGCATTGCTG,0,4014340
xdhAp2,0.3333333333333333,2,2,GCCCGCGGAGCACCTAGTAC,0,3995196
xdhAp2,0.3333333333333333,2,2,GCCATGTGGACGGAACAGTC,0,3995682
xdhAp2,0.3333333333333333,2,2,GCCAGGTCAACATTCGGAGA,0,4008142
xdhAp2,0.3333333333333333,2,2,GCCAGCATGGAACAACGGCT,0,3984609
xdhAp2,0.3333333333333333,2,2,GCATCTGTGAGCCTGCATCT,0,3995761
xdhAp2,0.3333333333333333,2,2,GCATCTGTCAAAGCCCTTGG,0,3988526
xdhAp2,0.3333333333333333,2,2,GCAGGCGGCGGATCGTGGTT,0,3990922
xdhAp2,0.3333333333333333,2,2,GCAGCATGCTGAGAGCCCCC,0,3998480
xdhAp2,0.3333333333333333,2,2,GCAGAAACAGGTGTCCGTAA,0,3988165
xdhAp2,0.3333333333333333,2,2,GCACTGAACAATGAGGGCGG,0,4001080
xdhAp2,0.3333333333333333,2,2,GCACGACTGCAAGTACGGTT,0,3988166
xdhAp2,0.3333333333333333,2,2,GCACACGATTTCTCCTGCCA,0,3994989
xdhAp2,0.3333333333333333,2,2,GCAATGAACTGGCACGCTGC,0,3992763
xdhAp2,0.3333333333333333,2,2,GCAAGAAGGTCCCGGGATCT,0,4000035
xdhAp2,0.3333333333333333,2,2,GATTTTCGGCCTCCTTCACA,0,4007056
xdhAp2,0.3333333333333333,2,2,GATTGAACATTAATTTGGTG,0,3992825
xdhAp2,0.3333333333333333,2,2,GATGTCGTAATTTCGAGCAT,0,3992853
xdhAp2,0.3333333333333333,2,2,GATGTCCATGTCATAGGCAT,0,3990680
xdhAp2,0.3333333333333333,2,2,GATGGTTGTCATTATGAATG,0,4011863
xdhAp2,0.3333333333333333,2,2,GATCGGACTCCCGTGGTGGC,0,3997913
xdhAp2,0.3333333333333333,2,2,GATCGAGCTTTAAAGCATAG,0,4004678
xdhAp2,0.3333333333333333,2,2,GATCCGTAGCTAGAGTTTCG,0,3994352
xdhAp2,0.3333333333333333,2,2,GATCCCTGGAAATCTGATAA,0,4001582
xdhAp2,0.3333333333333333,2,2,GATCCCGTGATAAAGTGACA,0,3996713
xdhAp2,0.3333333333333333,2,2,GATCAGAAATGCAGATGCCT,0,4000484
xdhAp2,0.3333333333333333,2,2,GATATTCTTTGAGCAACGCA,0,3983502
xdhAp2,0.3333333333333333,2,2,GATATGCGGTTAGTGTACCG,0,4006194
xdhAp2,0.3333333333333333,2,2,GATACTTACAATGAGGTATG,0,3988394
xdhAp2,0.3333333333333333,2,2,GATAAGTTATTGGGCCTTTG,0,3993192
xdhAp2,0.3333333333333333,2,2,GAGTCCAGACCATAAGGGAC,0,3994807
xdhAp2,0.3333333333333333,2,2,GAGTCAACCTTAAACCAATC,0,4014050
xdhAp2,0.3333333333333333,2,2,GAGTACATAGAGACCAGCCC,0,4010015
xdhAp2,0.3333333333333333,2,2,GAGGTCCTTGCATAGCCAGT,0,3998624
xdhAp2,0.3333333333333333,2,2,GAGGCTAAATCTTCTTTGCT,0,3994469
xdhAp2,0.3333333333333333,2,2,GAGGAGTGAAAGACATAGCC,0,3997044
xdhAp2,0.3333333333333333,2,2,GAGCCCCTCCGGGGATCCAA,0,4010793
xdhAp2,0.3333333333333333,2,2,GAGAGATCGTATACTACGCA,0,4006347
xdhAp2,0.3333333333333333,2,2,GAGAAAATCATACTAGGAAA,0,4001343
xdhAp2,0.3333333333333333,2,2,GACTTTTATCTCACCAAGCT,0,4008699
xdhAp2,0.3333333333333333,2,2,GACTTATCCTTTTACATTTA,0,3986524
xdhAp2,0.3333333333333333,2,2,GACTCGATTTGTATTTTGGT,0,4013826
xdhAp2,0.3333333333333333,2,2,GACTCCGGTCGGATTTCCAC,0,3997037
xdhAp2,0.3333333333333333,2,2,GACGTTCTCACCGTGTGAAG,0,3982149
xdhAp2,0.3333333333333333,2,2,GACGTGAGTCTCCTGATGAG,0,3985677
xdhAp2,0.3333333333333333,2,2,GACGTCGTCGTTCTATTGAA,0,3995388
xdhAp2,0.3333333333333333,2,2,GACGCGAGGATGGTGCCGGA,0,4014401
xdhAp2,0.3333333333333333,2,2,GACGAGCTTATGGACCTTCG,0,3998313
xdhAp2,0.3333333333333333,2,2,GACCGGAAACAGGGTTTGCA,0,4006943
xdhAp2,0.3333333333333333,2,2,GACCCAGGTTATGCAATAGT,0,4004235
xdhAp2,0.3333333333333333,2,2,GACATTGAGTAACCCCGAGC,0,4001969
xdhAp2,0.3333333333333333,2,2,GACATGAGGCGTTAAGTGGA,0,4007841
xdhAp2,0.3333333333333333,2,2,GACACGATTTAATTATTCTA,0,3992380
xdhAp2,0.3333333333333333,2,2,GACACAGGTGCCCGCGACCA,0,3985241
xdhAp2,0.3333333333333333,2,2,GAATTTGTCCCGCTGCTACG,0,3994794
xdhAp2,0.3333333333333333,2,2,GAATTTGGGCAAGGTTCCGG,0,3999206
xdhAp2,0.3333333333333333,2,2,GAATTCCGCTACCTATTTTA,0,3998648
xdhAp2,0.3333333333333333,2,2,GAAGTGGCATTGCGCGGTTG,0,4012277
xdhAp2,0.3333333333333333,2,2,GAAGGAATAGACGCAGGACC,0,3998004
xdhAp2,0.3333333333333333,2,2,GAACCTTAGCTTGAATGAGA,0,3984583
xdhAp2,0.3333333333333333,2,2,GAACATGACGAGGGTGTTTC,0,3998864
xdhAp2,0.3333333333333333,2,2,GAAAGGCTCCACCCGCCCGA,0,3990339
xdhAp2,0.3333333333333333,2,2,GAAAGAGTTGCAGTCCGTTA,0,4000129
xdhAp2,0.3333333333333333,2,2,CTTTGCATTACACTGGTAAC,0,4011504
xdhAp2,0.3333333333333333,2,2,CTTTCCGTAGGCTCAATTGG,0,4000909
xdhAp2,0.3333333333333333,2,2,CTTTATCCCGTGCGCAGCTA,0,4006062
xdhAp2,0.3333333333333333,2,2,CTTTATAATTTCCCTTGAAT,0,4010176
xdhAp2,0.3333333333333333,2,2,CTTTAACCCTATAGCACGTT,0,4002343
xdhAp2,0.3333333333333333,2,2,CTTGTCTCTAATAAGGCTTG,0,4003185
xdhAp2,0.3333333333333333,2,2,CTTGCGAGGCGTCAAATAAT,0,3991235
xdhAp2,0.3333333333333333,2,2,CTTGAAGTTTTCCGAGTTTT,0,4009357
xdhAp2,0.3333333333333333,2,2,CTTGAAACACGGCTTAGGTA,0,3989697
xdhAp2,0.3333333333333333,2,2,CTTCTTTTTAAGCCGCGGCA,0,3982556
xdhAp2,0.3333333333333333,2,2,CTTCGGACCGTACGCTGCCT,0,3998135
xdhAp2,0.3333333333333333,2,2,CTTCCAGGAACTTGCGGTGG,0,4003680
xdhAp2,0.3333333333333333,2,2,CTTCATAGATAAAACGACTC,0,4002776
xdhAp2,0.3333333333333333,2,2,CTTATTAATTTTGCGACGAA,0,3981694
xdhAp2,0.3333333333333333,2,2,CTTAGGTAGGCTGATAGCGT,0,4012397
xdhAp2,0.3333333333333333,2,2,CTTAGATTCAGAGCTGACGG,0,3984010
xdhAp2,0.3333333333333333,2,2,CTTACGGGCGTCTTCAGCTG,0,3995448
xdhAp2,0.3333333333333333,2,2,CTTAAGTCTTAAACATCGTG,0,4012028
xdhAp2,0.3333333333333333,2,2,CTGTCGGCATAAGGATAGTA,0,3987134
xdhAp2,0.3333333333333333,2,2,CTGTAGTTATCCAGGTACTA,0,4007006
xdhAp2,0.3333333333333333,2,2,CTGTAGAGGGGACGAGAGGA,0,3995963
xdhAp2,0.3333333333333333,2,2,CTGTACACAGATCCACGCAA,0,3987786
xdhAp2,0.3333333333333333,2,2,CTGGTTGGCACCGGTCAGGA,0,3984212
xdhAp2,0.3333333333333333,2,2,CTGGTGGGACTCTCCAGCCC,0,3997523
xdhAp2,0.3333333333333333,2,2,CTGGGCCTAGACGCGAAGCA,0,4012410
xdhAp2,0.3333333333333333,2,2,CTGGCAGCAGCCCTAATCTC,0,3992693
xdhAp2,0.3333333333333333,2,2,CTGGATATGTGTGGTTGTCG,0,4004936
xdhAp2,0.3333333333333333,2,2,CTGCGGGCTCCCGGAATGAG,0,3982123
xdhAp2,0.3333333333333333,2,2,CTGCGCATCGAAAAAACGCG,0,3996935
xdhAp2,0.3333333333333333,2,2,CTGCCGCCAAAGTCTGGTAG,0,4006302
xdhAp2,0.3333333333333333,2,2,CTGCCGAACGGCTTTACTCT,0,3999337
xdhAp2,0.3333333333333333,2,2,CTGCACGACCATTCTGGGGG,0,4000017
xdhAp2,0.3333333333333333,2,2,CTGCAATCGTAGCAGCGCTT,0,3992007
xdhAp2,0.3333333333333333,2,2,CTGATGAGTAAGAGAGTTTG,0,4013197
xdhAp2,0.3333333333333333,2,2,CTCTTTGTTATAGAGTATCT,0,3989035
xdhAp2,0.3333333333333333,2,2,CTCTAGCGGCCACTCTGACT,0,3992099
xdhAp2,0.3333333333333333,2,2,CTCTACTTGAGGCCGAATTC,0,3986683
xdhAp2,0.3333333333333333,2,2,CTCGTTCGTACAGTCTCCCG,0,3992875
xdhAp2,0.3333333333333333,2,2,CTCGGAATAACAGAGATGTG,0,3986691
xdhAp2,0.3333333333333333,2,2,CTCGATACGTAGTCGTTGTA,0,3991057
xdhAp2,0.3333333333333333,2,2,CTCGACGCTTGTGGAAAGAG,0,4008738
xdhAp2,0.3333333333333333,2,2,CTCCGGGAAGGTAAATACGC,0,4007607
xdhAp2,0.3333333333333333,2,2,CTCCGATGAGTGCTGAATGA,0,4014188
xdhAp2,0.3333333333333333,2,2,CTCATTGGGCTTTCACATGT,0,3986438
xdhAp2,0.3333333333333333,2,2,CTCAGCACGATTAATGCACT,0,3988356
xdhAp2,0.3333333333333333,2,2,CTCAAAAAATCGTTACGACA,0,3983715
xdhAp2,0.3333333333333333,2,2,CTATTTCAGTGAGGTTTAAA,0,4007758
xdhAp2,0.3333333333333333,2,2,CTATTGAAGTGCAAACAATG,0,4004162
xdhAp2,0.3333333333333333,2,2,CTATGCCGCGCCCTTGTAGG,0,3995947
xdhAp2,0.3333333333333333,2,2,CTATCTCGTGAGGCAGAACA,0,3997757
xdhAp2,0.3333333333333333,2,2,CTATCCCGCACGCTTGTTGC,0,4003932
xdhAp2,0.3333333333333333,2,2,CTATCACGTCGGACGTTATG,0,4012579
xdhAp2,0.3333333333333333,2,2,CTATAATGATGGTAAAAGCA,0,3993452
xdhAp2,0.3333333333333333,2,2,CTAGACAGATTGAAAGGTTT,0,3988944
xdhAp2,0.3333333333333333,2,2,CTACTCGCTTAAGTTTACTC,0,4011271
xdhAp2,0.3333333333333333,2,2,CTACCGGTCAACGTAGAGCA,0,3992370
xdhAp2,0.3333333333333333,2,2,CTACAGGTATCATGGGGCGT,0,3982393
xdhAp2,0.3333333333333333,2,2,CTAACCTAACTTCCTGGTGC,0,4005474
xdhAp2,0.3333333333333333,2,2,CTAAACTCCATTTCTGGTTG,0,3990453
xdhAp2,0.3333333333333333,2,2,CGTTTGTGTTCGAGTCGCAG,0,3994103
xdhAp2,0.3333333333333333,2,2,CGTTTCCAGCGGTGCACTAG,0,4002453
xdhAp2,0.3333333333333333,2,2,CGTTTATGTTAACTGTCATC,0,3987474
xdhAp2,0.3333333333333333,2,2,CGTTACCCGGTCACACAAGG,0,3998958
xdhAp2,0.3333333333333333,2,2,CGTGCCGTCATTGGATGCCG,0,4009753
xdhAp2,0.3333333333333333,2,2,CGTGCAACTTCCGGGCACAA,0,3986309
xdhAp2,0.3333333333333333,2,2,CGTCCATTGGAGGCTCTGCG,0,4000260
xdhAp2,0.3333333333333333,2,2,CGTCAACTGGGGCGATTAAT,0,3994433
xdhAp2,0.3333333333333333,2,2,CGTATAACCCATAATATGCA,0,4007842
xdhAp2,0.3333333333333333,2,2,CGTACCAAGGAAGGATTAGA,0,4012349
xdhAp2,0.3333333333333333,2,2,CGTAAATCGTTTCCGTCGGA,0,4004350
xdhAp2,0.3333333333333333,2,2,CGGTTTTCAGTGGACAAGCA,0,4002138
xdhAp2,0.3333333333333333,2,2,CGGTGTAGTGTTATAGTTAT,0,3994905
xdhAp2,0.3333333333333333,2,2,CGGTGGGCCTGCGCTCACTT,0,4011256
xdhAp2,0.3333333333333333,2,2,CGGTGAAGGATGGGTCTGGG,0,4004155
xdhAp2,0.3333333333333333,2,2,CGGTCGTTCGACTCTTTGAA,0,3985305
xdhAp2,0.3333333333333333,2,2,CGGTCCTGTTAAAACTGGAT,0,3998095
xdhAp2,0.3333333333333333,2,2,CGGTCATGTGGCGTACCTGG,0,3986465
xdhAp2,0.3333333333333333,2,2,CGGTATATCGAGTAAGAAAT,0,3989916
xdhAp2,0.3333333333333333,2,2,CGGTAACATAATCACCACGT,0,4002233
xdhAp2,0.3333333333333333,2,2,CGGGTCCAGGTTAACCATAC,0,3993126
xdhAp2,0.3333333333333333,2,2,CGGGTAGAAATAGCGATTAT,0,4003702
xdhAp2,0.3333333333333333,2,2,CGGGGCGGGGACCATGGCTC,0,4003795
xdhAp2,0.3333333333333333,2,2,CGGGGATCTAATAAGTGTCC,0,3990083
xdhAp2,0.3333333333333333,2,2,CGGGCGTCCCACTTTGAGCA,0,4002137
xdhAp2,0.3333333333333333,2,2,CGGGCAAGTGAATGTCTGGT,0,4013092
xdhAp2,0.3333333333333333,2,2,CGGCGTGATTGAACTTTTTG,0,3988106
xdhAp2,0.3333333333333333,2,2,CGGCCTTGCGTTCCCTCTAC,0,3984494
xdhAp2,0.3333333333333333,2,2,CGGCCCTGTCACGTGATACA,0,4011018
xdhAp2,0.3333333333333333,2,2,CGGCACTTGTACTAGGAGGA,0,4000912
xdhAp2,0.3333333333333333,2,2,CGGAGGGCGACCCGCACCGG,0,4008975
xdhAp2,0.3333333333333333,2,2,CGGAGCAACACTTGCCTCAC,0,3989000
xdhAp2,0.3333333333333333,2,2,CGGAACGTACGCTGCCAGTA,0,3998873
xdhAp2,0.3333333333333333,2,2,CGCTTCTTGAGCCCAGCAGC,0,3994121
xdhAp2,0.3333333333333333,2,2,CGCTCGTAGGTCTTCCAAGG,0,3996296
xdhAp2,0.3333333333333333,2,2,CGCGGGCCTCCCCCTTTATT,0,3993492
xdhAp2,0.3333333333333333,2,2,CGCCTGGGGTGGCTGCCCCC,0,3993214
xdhAp2,0.3333333333333333,2,2,CGCCCGGGCAACCAACCGGA,0,3996137
xdhAp2,0.3333333333333333,2,2,CGCCCCTACGATAAATAAGC,0,3986165
xdhAp2,0.3333333333333333,2,2,CGCCACACAGCTCATTCGAG,0,4009349
xdhAp2,0.3333333333333333,2,2,CGCATTGAAAGAGTTTAGAG,0,4011952
xdhAp2,0.3333333333333333,2,2,CGCAAGACGGTAGGAAGGGT,0,4000682
xdhAp2,0.3333333333333333,2,2,CGATTGAGGGTTAGACAGAT,0,3990772
xdhAp2,0.3333333333333333,2,2,CGATGGTGGGTGATGTCTGC,0,3996449
xdhAp2,0.3333333333333333,2,2,CGATCTCCACCTAGTTAGCC,0,4001058
xdhAp2,0.3333333333333333,2,2,CGATCCTCAGTTCTCCCAGA,0,3993150
xdhAp2,0.3333333333333333,2,2,CGATACTTACTAGAGCCAAC,0,3987273
xdhAp2,0.3333333333333333,2,2,CGAGTCACACACGTCGTGCT,0,3989693
xdhAp2,0.3333333333333333,2,2,CGAGCGTTGAGAGTCGTTCC,0,3987598
xdhAp2,0.3333333333333333,2,2,CGAGACTTCCATCCTCCCTT,0,3989295
xdhAp2,0.3333333333333333,2,2,CGACTTAAGAATGCACAGGG,0,4010078
xdhAp2,0.3333333333333333,2,2,CGACCTTTCGTCTAGTTGTG,0,3981926
xdhAp2,0.3333333333333333,2,2,CGACCTCAACTCGACGGAGT,0,4007964
xdhAp2,0.3333333333333333,2,2,CGACCGTTGAGCAAGCCTAA,0,4000018
xdhAp2,0.3333333333333333,2,2,CGACCGGGCAGTTCGAGAGG,0,3996966
xdhAp2,0.3333333333333333,2,2,CGACCCCCTTACGGCGTGTC,0,4011484
xdhAp2,0.3333333333333333,2,2,CGACCCACCTGATACCGAGA,0,3985862
xdhAp2,0.3333333333333333,2,2,CGAACTACTAAACAGTTTTG,0,4013588
xdhAp2,0.3333333333333333,2,2,CGAACGGATTCCTCACTTTC,0,4013668
xdhAp2,0.3333333333333333,2,2,CGAACAACGTTCAAACCGGT,0,3984099
xdhAp2,0.3333333333333333,2,2,CCTTTGCCCATGTAATGCTA,0,4013471
xdhAp2,0.3333333333333333,2,2,CCTGTATTAAGGGGCGTTGT,0,4004319
xdhAp2,0.3333333333333333,2,2,CCTGCGGTAAGCATACGGGC,0,4009351
xdhAp2,0.3333333333333333,2,2,CCTGATGTGATGTAACTGAG,0,3999863
xdhAp2,0.3333333333333333,2,2,CCTCTTTCACCTAGCAAAGG,0,3993985
xdhAp2,0.3333333333333333,2,2,CCTCCCGAGGGTCGGTCCGC,0,4003700
xdhAp2,0.3333333333333333,2,2,CCTCAGCCGGGACGTCTACC,0,3999532
xdhAp2,0.3333333333333333,2,2,CCTATAGGAAGTGCCTGTGT,0,4010206
xdhAp2,0.3333333333333333,2,2,CCTATACAGCGTACGGAACA,0,3986946
xdhAp2,0.3333333333333333,2,2,CCTACTCTGAACTTGCCACT,0,4001379
xdhAp2,0.3333333333333333,2,2,CCTAAGGCTGAGGTGCTCAG,0,4011605
xdhAp2,0.3333333333333333,2,2,CCGTTCAGAATTCTATAACT,0,4002985
xdhAp2,0.3333333333333333,2,2,CCGTCCGGTTACGTAGTCTA,0,4013989
xdhAp2,0.3333333333333333,2,2,CCGGTACACCGCATAGCGCA,0,3998549
xdhAp2,0.3333333333333333,2,2,CCGGGGGGTGTGACGGGCGG,0,3999927
xdhAp2,0.3333333333333333,2,2,CCGGGGCCGAAGAACTCTAG,0,3982066
xdhAp2,0.3333333333333333,2,2,CCGGCGTTTGTAAATTCTGA,0,3999762
xdhAp2,0.3333333333333333,2,2,CCGGCACATCTAGGCTGTCC,0,3994383
xdhAp2,0.3333333333333333,2,2,CCGCTAGTGTTGTGTCGGGA,0,4011044
xdhAp2,0.3333333333333333,2,2,CCGCTACAGAATTTGTGCGC,0,3991325
xdhAp2,0.3333333333333333,2,2,CCGCGACAGGTTCCCTAGCA,0,3992503
xdhAp2,0.3333333333333333,2,2,CCGATTGGAATTGTCACTCC,0,3994563
xdhAp2,0.3333333333333333,2,2,CCGATAATGTTCAGACAAAT,0,4010014
xdhAp2,0.3333333333333333,2,2,CCGAGAATATGGCAACTCAT,0,4004118
xdhAp2,0.3333333333333333,2,2,CCGACTGGCGCGAGCTAGTA,0,3996592
xdhAp2,0.3333333333333333,2,2,CCGAACCAACACACCTAAGC,0,3995528
xdhAp2,0.3333333333333333,2,2,CCCTGTCTAGTTAAACGGGT,0,4000760
xdhAp2,0.3333333333333333,2,2,CCCTGCAATTTTTGCAAATG,0,3983503
xdhAp2,0.3333333333333333,2,2,CCCTATTCACGTAAATCACT,0,4001176
xdhAp2,0.3333333333333333,2,2,CCCGTTTCCGGGTTTGCTCT,0,3982429
xdhAp2,0.3333333333333333,2,2,CCCGTGTTTGATAAGATTCA,0,3982905
xdhAp2,0.3333333333333333,2,2,CCCCTGTCTCTGAGGGAACA,0,4013905
xdhAp2,0.3333333333333333,2,2,CCCCGACTCAACACCGCCCG,0,3992822
xdhAp2,0.3333333333333333,2,2,CCCCCCGGAGACAACCTGTG,0,4002444
xdhAp2,0.3333333333333333,2,2,CCCCCACTGGTTTGTCGGGA,0,4013648
xdhAp2,0.3333333333333333,2,2,CCCCACTCTGCTCCCGAACT,0,3987898
xdhAp2,0.3333333333333333,2,2,CCCATGTGAACGCAATCGGC,0,3994740
xdhAp2,0.3333333333333333,2,2,CCCATCTCTACACTAATTTA,0,3999693
xdhAp2,0.3333333333333333,2,2,CCCACGTTGCTTGTCTCCTG,0,3992116
xdhAp2,0.3333333333333333,2,2,CCCAATCTCGAAATACCATG,0,3986734
xdhAp2,0.3333333333333333,2,2,CCCAAGCTAGCGGGACTGCT,0,3994544
xdhAp2,0.3333333333333333,2,2,CCATTCTGGAATTCAGTCGT,0,4004003
xdhAp2,0.3333333333333333,2,2,CCATTCTGAGTTCTATGGTT,0,3982757
xdhAp2,0.3333333333333333,2,2,CCATTCGCATTGTGGAATAG,0,4009812
xdhAp2,0.3333333333333333,2,2,CCATTAACGACCCCCTCAAA,0,4008465
xdhAp2,0.3333333333333333,2,2,CCATATACTGGTCCTCCCAA,0,3996443
xdhAp2,0.3333333333333333,2,2,CCAGGAATCTAGTATAGCAA,0,4013153
xdhAp2,0.3333333333333333,2,2,CCAGCGGGACCCGGTTTCGA,0,4005046
xdhAp2,0.3333333333333333,2,2,CCAGACGCGAAGTTATTGGG,0,3981983
xdhAp2,0.3333333333333333,2,2,CCACACTGGCTGGCATTTTG,0,3983913
xdhAp2,0.3333333333333333,2,2,CCAATTTAGGGCAACCAAAG,0,4011334
xdhAp2,0.3333333333333333,2,2,CCAAGTTTCGGGGCATAACC,0,4003286
xdhAp2,0.3333333333333333,2,2,CCAAGTAACACATCTGCAAG,0,4002670
xdhAp2,0.3333333333333333,2,2,CCAAATGACAAACCCTTAAC,0,3998053
xdhAp2,0.3333333333333333,2,2,CATTGGAAACCGTGTAAGGA,0,3989353
xdhAp2,0.3333333333333333,2,2,CATTGACTTGAGGCCGCGTT,0,3988556
xdhAp2,0.3333333333333333,2,2,CATCCTCCTACACCATGCCA,0,3997373
xdhAp2,0.3333333333333333,2,2,CATCAGTGCATGTACAGGTG,0,3988828
xdhAp2,0.3333333333333333,2,2,CATCACAATGAGTGCGGTAT,0,3994434
xdhAp2,0.3333333333333333,2,2,CATCAAAAGCGTCCGTATGA,0,4009103
xdhAp2,0.3333333333333333,2,2,CATAGGAAATAGTTTATCGA,0,4011979
xdhAp2,0.3333333333333333,2,2,CATACGAAGGCATCGGTGCA,0,3993283
xdhAp2,0.3333333333333333,2,2,CAGTGTTGGCAAGTAGGGGT,0,3992793
xdhAp2,0.3333333333333333,2,2,CAGTGGTCTTGGCTGCCCGT,0,4014161
xdhAp2,0.3333333333333333,2,2,CAGTACCCCTGTCTCACACT,0,3990949
xdhAp2,0.3333333333333333,2,2,CAGGGCGTCAGTGACACATT,0,3987469
xdhAp2,0.3333333333333333,2,2,CAGGACTTGGGGGCATCTGT,0,3995473
xdhAp2,0.3333333333333333,2,2,CAGGACAAAACCATCGAACC,0,3981617
xdhAp2,0.3333333333333333,2,2,CAGCTTTGTAATTCATATAT,0,3993121
xdhAp2,0.3333333333333333,2,2,CAGCTCGATCCCGAGCGTTA,0,4008258
xdhAp2,0.3333333333333333,2,2,CAGCTAGGTATCATATTTGA,0,4008991
xdhAp2,0.3333333333333333,2,2,CAGCCACAGGAGGCCTGAAG,0,4001164
xdhAp2,0.3333333333333333,2,2,CAGCAGCCCTTATTGGATGC,0,4008643
xdhAp2,0.3333333333333333,2,2,CAGAGAGGGGGATCATAGGT,0,3986962
xdhAp2,0.3333333333333333,2,2,CAGAGACCCCTATAATTCCA,0,4012366
xdhAp2,0.3333333333333333,2,2,CAGAAATAGAACGTATGTCA,0,3999921
xdhAp2,0.3333333333333333,2,2,CACTTTTCACAAGAAGTGCC,0,3991494
xdhAp2,0.3333333333333333,2,2,CACTTCTGGTGGAATCAGAT,0,4008254
xdhAp2,0.3333333333333333,2,2,CACTGGCACTTGGGGCGTCT,0,3999060
xdhAp2,0.3333333333333333,2,2,CACGTGCACTCAAGTTCCAG,0,3993976
xdhAp2,0.3333333333333333,2,2,CACGTCCTCTAGGTAGACCT,0,3987466
xdhAp2,0.3333333333333333,2,2,CACGGCCTTCCCAATTGCGT,0,3995524
xdhAp2,0.3333333333333333,2,2,CACGGCCTGCGGAAGGACGA,0,3999487
xdhAp2,0.3333333333333333,2,2,CACGATTTTCATCACACTTC,0,3987942
xdhAp2,0.3333333333333333,2,2,CACGAGGTTATGGTGCCGAC,0,3995920
xdhAp2,0.3333333333333333,2,2,CACGACCTCAAACACGAAAA,0,4005620
xdhAp2,0.3333333333333333,2,2,CACCGATGACTGTATCTCGA,0,3994241
xdhAp2,0.3333333333333333,2,2,CACCCTTGTAGTCCCCATGT,0,4010594
xdhAp2,0.3333333333333333,2,2,CACAGTCGATTTTCCATTGC,0,3991191
xdhAp2,0.3333333333333333,2,2,CACAGGTCCTTGCCGGGTAG,0,4010115
xdhAp2,0.3333333333333333,2,2,CACACTGTCGTCTACAGCAT,0,3991193
xdhAp2,0.3333333333333333,2,2,CACACCCCGTTACGGTGCTA,0,3994052
xdhAp2,0.3333333333333333,2,2,CACACAGAGTCCGATCTGAG,0,4000477
xdhAp2,0.3333333333333333,2,2,CAATGAAAGGCGCGGCTTTT,0,4011837
xdhAp2,0.3333333333333333,2,2,CAATCTCGTAACTGTCTGTG,0,4009106
xdhAp2,0.3333333333333333,2,2,CAACTTATTTTACGGTGTAC,0,4013701
xdhAp2,0.3333333333333333,2,2,CAACGATAATGCAACGCAAA,0,4003351
xdhAp2,0.3333333333333333,2,2,CAAATGAGGAAGGGCTAGTG,0,3999169
xdhAp2,0.3333333333333333,2,2,CAAAACTTTCAATTCAAAAT,0,3990759
xdhAp2,0.3333333333333333,2,2,CAAAAAATCGCCCAACACAG,0,3996797
xdhAp2,0.3333333333333333,2,2,ATTTTGGAGAAGCCTTAAGA,0,3998179
xdhAp2,0.3333333333333333,2,2,ATTTTCGCCCTCAAATCGCG,0,4004665
xdhAp2,0.3333333333333333,2,2,ATTTCTAGTTCAGCCTAGAC,0,3982112
xdhAp2,0.3333333333333333,2,2,ATTTCCGAATGATCAACATC,0,3994814
xdhAp2,0.3333333333333333,2,2,ATTTCCCGGCGCCGCAGACT,0,4008729
xdhAp2,0.3333333333333333,2,2,ATTGCTATGCCCCGTTGTTC,0,4008898
xdhAp2,0.3333333333333333,2,2,ATTGACTTTTAGCTAGCCTT,0,3985243
xdhAp2,0.3333333333333333,2,2,ATTCGACGAAAGTAGCTAAT,0,3993458
xdhAp2,0.3333333333333333,2,2,ATTCCTCTGTCTATCCGGAA,0,3987677
xdhAp2,0.3333333333333333,2,2,ATTAGGGGTATACATAGTGC,0,3983919
xdhAp2,0.3333333333333333,2,2,ATGGTTTTACGTTGAGTAGA,0,4009171
xdhAp2,0.3333333333333333,2,2,ATGGGCATCGCGAAACTTAA,0,3985926
xdhAp2,0.3333333333333333,2,2,ATGGGAGATGCCTGCGGGGG,0,4007427
xdhAp2,0.3333333333333333,2,2,ATGGCGATGTTCGTCTTCAA,0,4012745
xdhAp2,0.3333333333333333,2,2,ATGGATATCCTGTCACGGTG,0,4009423
xdhAp2,0.3333333333333333,2,2,ATGCTTCATGTCCGCTTTGA,0,4012863
xdhAp2,0.3333333333333333,2,2,ATGAGGAGGCCGCATCTCCC,0,3996547
xdhAp2,0.3333333333333333,2,2,ATGAGCGTTCGACGACCCGG,0,4000768
xdhAp2,0.3333333333333333,2,2,ATGAACCTTGATATAGAACA,0,4000836
xdhAp2,0.3333333333333333,2,2,ATCTGTTGAAGCGCCACATG,0,3999943
xdhAp2,0.3333333333333333,2,2,ATCGTGCGTCCGAAGTGGGA,0,4012970
xdhAp2,0.3333333333333333,2,2,ATCGGTTTCTTGTGTCGTAA,0,4011428
xdhAp2,0.3333333333333333,2,2,ATCGCTAGTGAGTCTAATCT,0,3998578
xdhAp2,0.3333333333333333,2,2,ATCGCGTAGGTGCATCTTAT,0,3999439
xdhAp2,0.3333333333333333,2,2,ATCCTCCAAGGATCGGTTAA,0,3995969
xdhAp2,0.3333333333333333,2,2,ATCCTCACTACCTCGGAGGT,0,3994589
xdhAp2,0.3333333333333333,2,2,ATCCGCCTGGGGATTTTACT,0,4004931
xdhAp2,0.3333333333333333,2,2,ATCCGCCGGGTAGGCTCCGG,0,3988151
xdhAp2,0.3333333333333333,2,2,ATCCGAGTACCCACGGAGGC,0,3989435
xdhAp2,0.3333333333333333,2,2,ATCCCCGTTCATCTCGCGGG,0,4011758
xdhAp2,0.3333333333333333,2,2,ATCAATGGGCGTAGCTGGCT,0,4012896
xdhAp2,0.3333333333333333,2,2,ATCAAAAGGCGACAGCTTAC,0,3999194
xdhAp2,0.3333333333333333,2,2,ATATTTCTTTTTAAAAAATT,0,3986410
xdhAp2,0.3333333333333333,2,2,ATATTCGGAACAAGCGCTCC,0,3996215
xdhAp2,0.3333333333333333,2,2,ATATGTTTTTGAGACATCCG,0,3986139
xdhAp2,0.3333333333333333,2,2,ATATGTGGAACCCTTCCAAG,0,3991598
xdhAp2,0.3333333333333333,2,2,ATATCTGTACCATGCAATGA,0,4004424
xdhAp2,0.3333333333333333,2,2,ATATCTAGGCGAGGAGCTAG,0,4002403
xdhAp2,0.3333333333333333,2,2,ATATCGCATAGAAGTGTCTT,0,3991380
xdhAp2,0.3333333333333333,2,2,ATATACGTGTCTTTGCGTAT,0,4012298
xdhAp2,0.3333333333333333,2,2,ATATACCGTACGTCAATTAT,0,4000308
xdhAp2,0.3333333333333333,2,2,ATAGGGGAGTTAATGCACCC,0,4008718
xdhAp2,0.3333333333333333,2,2,ATAGGCGCGCAAACGGATCC,0,3987727
xdhAp2,0.3333333333333333,2,2,ATAGCAGCCTGGATGCGCCA,0,4008200
xdhAp2,0.3333333333333333,2,2,ATAGAGAGAGTCCCATTGCC,0,4011852
xdhAp2,0.3333333333333333,2,2,ATACTCGCCGTATTCGCTCA,0,4002962
xdhAp2,0.3333333333333333,2,2,ATACGGAAACCGGGAAAGAT,0,3981742
xdhAp2,0.3333333333333333,2,2,ATACGAAAGTGGCCTACTAC,0,3994890
xdhAp2,0.3333333333333333,2,2,AGTTGATGTGTATAGCTCTA,0,3988831
xdhAp2,0.3333333333333333,2,2,AGTTCGTTACAAGTGCGTCG,0,4010562
xdhAp2,0.3333333333333333,2,2,AGTGTTAGGGTAAAGCCATT,0,4014198
xdhAp2,0.3333333333333333,2,2,AGTGACATTCGTTCGGATGA,0,3987602
xdhAp2,0.3333333333333333,2,2,AGTCCCCATAACTACAGGCA,0,3995310
xdhAp2,0.3333333333333333,2,2,AGTCAAATGACATGTGTTCG,0,3991314
xdhAp2,0.3333333333333333,2,2,AGTATTTGTGCACTCGATTG,0,4014102
xdhAp2,0.3333333333333333,2,2,AGTATGTGGTTCCTTCGTAT,0,4010262
xdhAp2,0.3333333333333333,2,2,AGTATGCCTGCACCAACGTA,0,3983294
xdhAp2,0.3333333333333333,2,2,AGTATCTACGCTGTGGTTGT,0,4008767
xdhAp2,0.3333333333333333,2,2,AGGTTTGATCGGAGCGACTC,0,4002812
xdhAp2,0.3333333333333333,2,2,AGGTTCGAAAAAGTGCCCCT,0,4011599
xdhAp2,0.3333333333333333,2,2,AGGTATGGTCTCCGACGGGT,0,3998062
xdhAp2,0.3333333333333333,2,2,AGGTATCCGAACATCTATGG,0,3991023
xdhAp2,0.3333333333333333,2,2,AGGGGTCTTAAGCGGACCTC,0,3987221
xdhAp2,0.3333333333333333,2,2,AGGGCATTGCGCGACCTGTG,0,4006383
xdhAp2,0.3333333333333333,2,2,AGGGCAGACCCATGAAGTCC,0,4007724
xdhAp2,0.3333333333333333,2,2,AGGGACCGGTAACAATAGCT,0,4011773
xdhAp2,0.3333333333333333,2,2,AGGATGTAGGCCCTGGCGGC,0,4013198
xdhAp2,0.3333333333333333,2,2,AGGAACAGGTGCGCCTAACA,0,4007471
xdhAp2,0.3333333333333333,2,2,AGCTGTTTTATACAACAAGT,0,4002362
xdhAp2,0.3333333333333333,2,2,AGCTCCACCCAGAGTAGCAG,0,4007163
xdhAp2,0.3333333333333333,2,2,AGCGTCCGAAGTTGGAGAGC,0,4007002
xdhAp2,0.3333333333333333,2,2,AGCGTAGCCTGCCGAGGGAA,0,3981992
xdhAp2,0.3333333333333333,2,2,AGCGCTTCCGTAAGATTCTG,0,4011606
xdhAp2,0.3333333333333333,2,2,AGCGCTCCTCTTCCCCTTGA,0,4000200
xdhAp2,0.3333333333333333,2,2,AGCGCCGTCCAAAGAGAAGA,0,3988273
xdhAp2,0.3333333333333333,2,2,AGCCGATAAGTGGGGGCATC,0,3992719
xdhAp2,0.3333333333333333,2,2,AGCCGACGACAGTGAGATCT,0,4003231
xdhAp2,0.3333333333333333,2,2,AGCCCGAAAGTTTGAGGCAT,0,3997139
xdhAp2,0.3333333333333333,2,2,AGCCAGTCCACACACTGTCA,0,4004092
xdhAp2,0.3333333333333333,2,2,AGCCAAATACTGGGGACATC,0,3990787
xdhAp2,0.3333333333333333,2,2,AGCAGTTCAGGAGCAGCTTA,0,4006132
xdhAp2,0.3333333333333333,2,2,AGCACGAACGAGCACAAATT,0,3999731
xdhAp2,0.3333333333333333,2,2,AGATTCCTCGGCTCTGCCCA,0,3994184
xdhAp2,0.3333333333333333,2,2,AGATCCCGAGTGCACATGGC,0,4006841
xdhAp2,0.3333333333333333,2,2,AGAGTTACTGTCCTTCATCC,0,3993899
xdhAp2,0.3333333333333333,2,2,AGAGTGTCCGCAGCAGATAC,0,3996482
xdhAp2,0.3333333333333333,2,2,AGAGAGAAAATTTGGTGCTT,0,3995460
xdhAp2,0.3333333333333333,2,2,AGACTTTCGTCGCCGGGAAA,0,3995476
xdhAp2,0.3333333333333333,2,2,AGACCTTACGCTCGGCAATG,0,3992673
xdhAp2,0.3333333333333333,2,2,AGACCGTGTCCCTCTCGAGA,0,3986579
xdhAp2,0.3333333333333333,2,2,AGACATCATGGGCAACAGTC,0,3990407
xdhAp2,0.3333333333333333,2,2,AGACAACACTCCGGAGAACT,0,3991327
xdhAp2,0.3333333333333333,2,2,AGAACCCTGGTAATCAAACA,0,3992175
xdhAp2,0.3333333333333333,2,2,AGAAATGGCAATAGGATCCT,0,4005004
xdhAp2,0.3333333333333333,2,2,ACTTGGGTAAGGAGGACTGG,0,4010755
xdhAp2,0.3333333333333333,2,2,ACTTGGACGTGAAAGACATG,0,3981818
xdhAp2,0.3333333333333333,2,2,ACTTGAATTTAATTAAATTA,0,3994725
xdhAp2,0.3333333333333333,2,2,ACTTCCGGGTCAGCGTTAAG,0,4010521
xdhAp2,0.3333333333333333,2,2,ACTGTTGGTACTGGCATACG,0,3995492
xdhAp2,0.3333333333333333,2,2,ACTGTCACGGGATGTATAGA,0,4003031
xdhAp2,0.3333333333333333,2,2,ACTGGTCCGTATTTTTGGTG,0,3982782
xdhAp2,0.3333333333333333,2,2,ACTGGCGTGTATCCCTCCTA,0,4001299
xdhAp2,0.3333333333333333,2,2,ACTGAGCGCCCCAGGCCAGT,0,4012070
xdhAp2,0.3333333333333333,2,2,ACTCGGGGCAGCGCACTCGA,0,3992711
xdhAp2,0.3333333333333333,2,2,ACTCCCTGATATTTAGCCGT,0,4002913
xdhAp2,0.3333333333333333,2,2,ACTCCACCGCGTCGGCGTAT,0,4001882
xdhAp2,0.3333333333333333,2,2,ACTCATAGCGACCGAGCACA,0,3984311
xdhAp2,0.3333333333333333,2,2,ACTCAATAGCGAGAATACGA,0,3981531
xdhAp2,0.3333333333333333,2,2,ACTATTAGATCGGCCACACC,0,4011003
xdhAp2,0.3333333333333333,2,2,ACTATTAATGCCAACATGTT,0,3992340
xdhAp2,0.3333333333333333,2,2,ACTAATTCCGAAGGGTTCTT,0,3988928
xdhAp2,0.3333333333333333,2,2,ACGTTGCATCACCTCTTAAC,0,4012125
xdhAp2,0.3333333333333333,2,2,ACGTTAATTTGTCGTTCAGT,0,3987883
xdhAp2,0.3333333333333333,2,2,ACGTTAATCTCTAAGTGTCA,0,3985246
xdhAp2,0.3333333333333333,2,2,ACGTGATCGTCATTGAGGTG,0,3999990
xdhAp2,0.3333333333333333,2,2,ACGTGAATGCTATTTTGCCA,0,4007640
xdhAp2,0.3333333333333333,2,2,ACGTCCATGCCAGAATAGGT,0,3990202
xdhAp2,0.3333333333333333,2,2,ACGTAAGAACTCTGTGTCGC,0,3984887
xdhAp2,0.3333333333333333,2,2,ACGGGTTAAAATACCTGAAG,0,3993040
xdhAp2,0.3333333333333333,2,2,ACGGCTGGGTCATATAGGAG,0,3997265
xdhAp2,0.3333333333333333,2,2,ACGGACACTTATGGCGGCTT,0,3983857
xdhAp2,0.3333333333333333,2,2,ACGCTTCAGATCTTGACCAA,0,4012436
xdhAp2,0.3333333333333333,2,2,ACGCGCGTCAATCGAGGAGT,0,3998451
xdhAp2,0.3333333333333333,2,2,ACGCCCCTGCCCGGGACTAT,0,3996416
xdhAp2,0.3333333333333333,2,2,ACGCCATTTTGCAGATCCGG,0,4012453
xdhAp2,0.3333333333333333,2,2,ACGCCAGCCTATGACGCGCA,0,3994466
xdhAp2,0.3333333333333333,2,2,ACGCCAACTAATCGCCTGGT,0,4003777
xdhAp2,0.3333333333333333,2,2,ACGATTTACCAAGGCTTGAA,0,4002256
xdhAp2,0.3333333333333333,2,2,ACGAGAACAGGGAGAACGCG,0,3984200
xdhAp2,0.3333333333333333,2,2,ACGAAAGTGTAAATTATCCA,0,4014277
xdhAp2,0.3333333333333333,2,2,ACCTGTTAGAGAAGTTGCGC,0,3997841
xdhAp2,0.3333333333333333,2,2,ACCTCCCGGAGTTTGTCGCT,0,4007937
xdhAp2,0.3333333333333333,2,2,ACCGGTATTTCGTTTCGTCA,0,4014395
xdhAp2,0.3333333333333333,2,2,ACCGCAGACTCAAGGGTTCC,0,3986771
xdhAp2,0.3333333333333333,2,2,ACCCTTCCAAGGTATTCTAG,0,3995600
xdhAp2,0.3333333333333333,2,2,ACCCGTCTCCGACCCCCCCT,0,3986773
xdhAp2,0.3333333333333333,2,2,ACCCCGTGATTTTGCACAAT,0,3992688
xdhAp2,0.3333333333333333,2,2,ACCCCAAACGGAGCGTGGTC,0,3995247
xdhAp2,0.3333333333333333,2,2,ACCAGCGTGCTTCGCCTCTC,0,4004515
xdhAp2,0.3333333333333333,2,2,ACCACCTCATCGGCTGTGGC,0,3998687
xdhAp2,0.3333333333333333,2,2,ACAGACAACACTCGACATGC,0,3983798
xdhAp2,0.3333333333333333,2,2,ACACTCCGCTGATCGGAATG,0,3983370
xdhAp2,0.3333333333333333,2,2,ACACAGTCGACGTAAGGGAC,0,3990513
xdhAp2,0.3333333333333333,2,2,ACACAAGCGTTCACTTGGTC,0,4003881
xdhAp2,0.3333333333333333,2,2,ACAATTGGTGAGCATACGCC,0,3981920
xdhAp2,0.3333333333333333,2,2,ACAATTGCATGAGGCAAGCT,0,3986191
xdhAp2,0.3333333333333333,2,2,ACAATCACGGTCAAACTGTG,0,3997327
xdhAp2,0.3333333333333333,2,2,ACAAGGCTCGTGAGCATCCA,0,4012568
xdhAp2,0.3333333333333333,2,2,ACAACTGCCAAGGTGAGCCG,0,4013821
xdhAp2,0.3333333333333333,2,2,AATTGATCTTCAATAAGCGC,0,4000359
xdhAp2,0.3333333333333333,2,2,AATGGGTGTAAAACTTGGTA,0,4004607
xdhAp2,0.3333333333333333,2,2,AATGGACGGCCTACGTCGGC,0,3988415
xdhAp2,0.3333333333333333,2,2,AATGCGGATACGAGAGTCAT,0,3989958
xdhAp2,0.3333333333333333,2,2,AATGACTGAGGCAACAGCTC,0,4005795
xdhAp2,0.3333333333333333,2,2,AATCGTCAATTATGGTTAAG,0,3981642
xdhAp2,0.3333333333333333,2,2,AATCGAACTATCTTAAGCGT,0,3993007
xdhAp2,0.3333333333333333,2,2,AATCCCACCGAACATGGTGC,0,3984902
xdhAp2,0.3333333333333333,2,2,AATCAACTAGCGTTCACCCG,0,3984331
xdhAp2,0.3333333333333333,2,2,AATCAAACCGCAATCAGAAG,0,3997873
xdhAp2,0.3333333333333333,2,2,AATATTCTCTATGCATTGCA,0,3993698
xdhAp2,0.3333333333333333,2,2,AATATCACCTATGAACCTTG,0,3993810
xdhAp2,0.3333333333333333,2,2,AATACCCAAGTTTGTGGTCA,0,4014391
xdhAp2,0.3333333333333333,2,2,AAGTTACACCCCGAAGAAGT,0,4003301
xdhAp2,0.3333333333333333,2,2,AAGTGTTACTTCACTTACAC,0,3994751
xdhAp2,0.3333333333333333,2,2,AAGTCCAACGGCTCCCACAT,0,3994094
xdhAp2,0.3333333333333333,2,2,AAGTCACCACCGAGACGCAG,0,3996057
xdhAp2,0.3333333333333333,2,2,AAGTACTTGCCGGTCCCAGC,0,3982241
xdhAp2,0.3333333333333333,2,2,AAGGCTTGGTGATTCTGTGG,0,3989270
xdhAp2,0.3333333333333333,2,2,AAGGCGAATATTATACCCCA,0,4007719
xdhAp2,0.3333333333333333,2,2,AAGCGTTGGGCTATATCCGT,0,4013603
xdhAp2,0.3333333333333333,2,2,AAGATTCGTTGCTTGGTGTA,0,3984586
xdhAp2,0.3333333333333333,2,2,AAGAGTAGCATGTAAGAACG,0,4011294
xdhAp2,0.3333333333333333,2,2,AAGAGTAGAGACTGAGTATG,0,3998835
xdhAp2,0.3333333333333333,2,2,AACTGAGTAAGATGAGGTGG,0,4000850
xdhAp2,0.3333333333333333,2,2,AACTCATTCCTGCCCTTGTA,0,3986910
xdhAp2,0.3333333333333333,2,2,AACGGTTCGTTTTGCCTTGA,0,4007247
xdhAp2,0.3333333333333333,2,2,AACCTTGGGCGACTGGCTCC,0,3982477
xdhAp2,0.3333333333333333,2,2,AACCTTATAGCGGCTGGCTC,0,4003731
xdhAp2,0.3333333333333333,2,2,AACCTCTCCTGATGCTCATT,0,3997703
xdhAp2,0.3333333333333333,2,2,AAATGTGGGTTTGTATTGAT,0,3985129
xdhAp2,0.3333333333333333,2,2,AAATAACGTCAGGTTAGTCC,0,4008589
xdhAp2,0.3333333333333333,2,2,AAAGGTCGCAGTCGAATCGT,0,4014010
xdhAp2,0.3333333333333333,2,2,AAAGGCAGAGAAACAATTCG,0,3986837
xdhAp2,0.3333333333333333,2,2,AAAGCGTATGACTCCTTAAT,0,3994991
xdhAp2,0.3333333333333333,2,2,AAACTGCTATCTATAGGCCG,0,3992707
xdhAp2,0.3333333333333333,2,2,AAACTGCCGTCCATCCGACC,0,3991634
xdhAp2,0.3333333333333333,2,2,AAACTGATGGTCTCTTAGCT,0,4006377
xdhAp2,0.3333333333333333,2,2,AAACTCAATTCTACAGGGCA,0,4000478
xdhAp2,0.3333333333333333,2,2,AAACCGCTGTGCTGGATCGG,0,3987437
xdhAp2,0.3333333333333333,2,2,AAACAAGGCTTGGTCTTAGA,0,3998974
xdhAp2,0.3333333333333333,2,2,AAACAACGTCCTCATATCAT,0,4006068
xdhAp2,0.3333333333333333,2,2,AAAATGCCGGATGACTTCGG,0,4002445
xdhAp2,0.3333333333333333,2,2,AAAAGCATATTATCGCCGTA,0,4007484
xdhAp2,0.3333333333333333,2,2,AAAAAAGGAGTACCTAGACT,0,3997674
xdhAp2,0.5,1,1,TTTTTATGATGCATCACATG,0,4013443
xdhAp2,0.5,1,1,TTTTCCCATGTTGACAGAGA,0,3986720
xdhAp2,0.5,1,1,TTTGTACCAGCTGGGGGTGA,0,3983458
xdhAp2,0.5,1,1,TTTGGTCTGTATGACCGTCG,0,3997047
xdhAp2,0.5,1,1,TTTGGTCTGACGGAAGCGTC,0,3983824
xdhAp2,0.5,1,1,TTTGATTTGTCCCAGATGGT,0,3994652
xdhAp2,0.5,1,1,TTTGAGACTGTCGTGAAACC,0,3992430
xdhAp2,0.5,1,1,TTTCTCTGCCGCTCAATGTG,0,3988856
xdhAp2,0.5,1,1,TTTCGATATTTTAGTCGGGT,0,3985991
xdhAp2,0.5,1,1,TTTCGAAGGTCTCCCCATGC,0,3994504
xdhAp2,0.5,1,1,TTTCCTGCGTGAATCCCGGG,0,3997862
xdhAp2,0.5,1,1,TTTCCGCAGTCATCGCAACA,0,3991160
xdhAp2,0.5,1,1,TTTCCAAGTGGATCATGAGT,0,4005829
xdhAp2,0.5,1,1,TTTAATTCTTGGAGCCGTGG,0,3990302
xdhAp2,0.5,1,1,TTTAATTAGCGCGCACAATT,0,4000771
xdhAp2,0.5,1,1,TTTAAGGGGTGTCAGTGGTG,0,3983167
xdhAp2,0.5,1,1,TTTAACAGTGTACGCCGGAC,0,3998535
xdhAp2,0.5,1,1,TTGTCTATCGGGGAGGTACT,0,4010844
xdhAp2,0.5,1,1,TTGTATAGTGGCGACCCCAC,0,3982862
xdhAp2,0.5,1,1,TTGTAACCGGCCCGACAATC,0,3995306
xdhAp2,0.5,1,1,TTGGTTATTTACAGCTGAGT,0,4014317
xdhAp2,0.5,1,1,TTGGGTAACCCTTTAGTGGT,0,4007489
xdhAp2,0.5,1,1,TTGGGGCCTAGGCGCCGGCA,0,3990462
xdhAp2,0.5,1,1,TTGGCATCTTCACGCACTGC,0,3996813
xdhAp2,0.5,1,1,TTGGAATAGGACCACGCAGT,0,3998837
xdhAp2,0.5,1,1,TTGCTGGCGCAGACTTAAGT,0,3984195
xdhAp2,0.5,1,1,TTGCGTCAAACGTCAAATCA,0,3997091
xdhAp2,0.5,1,1,TTGCCGAGAGAGTAGCTGGC,0,3983967
xdhAp2,0.5,1,1,TTGCCCGAAACCTTGCGGCC,0,4005026
xdhAp2,0.5,1,1,TTGATCATGGTCAGCGGCGA,0,3989547
xdhAp2,0.5,1,1,TTGAGAAATGTATACTGATC,0,4010992
xdhAp2,0.5,1,1,TTGAACTGTGGATATACAAT,0,4000401
xdhAp2,0.5,1,1,TTCTTACAGGGGTCATAAGA,0,4004899
xdhAp2,0.5,1,1,TTCTACCTAGTAGTCACATT,0,3993907
xdhAp2,0.5,1,1,TTCGTATCTATTGATGGCGT,0,3985192
xdhAp2,0.5,1,1,TTCGGGATCAGAGTTGTCTG,0,3996070
xdhAp2,0.5,1,1,TTCGCCGTACGATTTGCGAA,0,4003397
xdhAp2,0.5,1,1,TTCGCCCCGAGGTCAAGAAA,0,3992206
xdhAp2,0.5,1,1,TTCCGCCGGATATGTTTAAC,0,3999673
xdhAp2,0.5,1,1,TTCATTCTTCCTCAGCCATA,0,3999674
xdhAp2,0.5,1,1,TTCAGTTACACAACGAGGTG,0,3998574
xdhAp2,0.5,1,1,TTCAGTAATCACATCCTCAT,0,3991309
xdhAp2,0.5,1,1,TTCAGGGGTACCAAGAGCAG,0,4004779
xdhAp2,0.5,1,1,TTCACGCCTCGGCATATTCG,0,4004717
xdhAp2,0.5,1,1,TTCACAGACGGGAACACAAC,0,3984038
xdhAp2,0.5,1,1,TTCAAATTCGGATTTGCTTT,0,3992803
xdhAp2,0.5,1,1,TTATTTTAAGGACAGGAGCG,0,3987393
xdhAp2,0.5,1,1,TTATTCATTCTACAAAATGA,0,3990195
xdhAp2,0.5,1,1,TTATGCTTAACCTCTGATGG,0,3997425
xdhAp2,0.5,1,1,TTATGCTCGCTATATTCGAA,0,4004813
xdhAp2,0.5,1,1,TTATGCGGTTGCTGTAGTAT,0,4011503
xdhAp2,0.5,1,1,TTATGCATAGAATTAGTAGA,0,4007111
xdhAp2,0.5,1,1,TTATGACGGCGAATGAGATG,0,3982628
xdhAp2,0.5,1,1,TTATGAATATGTGGGGCCAA,0,4007840
xdhAp2,0.5,1,1,TTATCAACACACGCGTCTCG,0,3984140
xdhAp2,0.5,1,1,TTATAAGGAAATGCTGGCCG,0,4006539
xdhAp2,0.5,1,1,TTATAAGCATGCCAGTTAAG,0,3998162
xdhAp2,0.5,1,1,TTAGTTTTGTTGTTCGTTGC,0,3987611
xdhAp2,0.5,1,1,TTAGTGTTAGGTGATTATCG,0,3992081
xdhAp2,0.5,1,1,TTAGAGTCCGTCGGGTAGAC,0,4008980
xdhAp2,0.5,1,1,TTAGAAGGAATCACTTGTCC,0,3985616
xdhAp2,0.5,1,1,TTACTGAAATTATGAGCCGA,0,4011444
xdhAp2,0.5,1,1,TTACTCGGGCGGTTCTTAGA,0,4006318
xdhAp2,0.5,1,1,TTACCGTCCGCGGGTGGTTG,0,4014172
xdhAp2,0.5,1,1,TTACATTTTATGCCAGTCAC,0,3989602
xdhAp2,0.5,1,1,TTAATGCCGAAACTCACGAG,0,3992218
xdhAp2,0.5,1,1,TTAATACATGCACCCAGGCA,0,4012361
xdhAp2,0.5,1,1,TTAAGAGTCATATATGAGGT,0,4008645
xdhAp2,0.5,1,1,TTAACCGTGTCCACGTGCAC,0,4013091
xdhAp2,0.5,1,1,TTAAAGGTCCCCAGTTGCGC,0,3996456
xdhAp2,0.5,1,1,TTAAAGAGCTCGCGGTTTAG,0,4010425
xdhAp2,0.5,1,1,TTAAACTAGCGTTAAACCGT,0,3985893
xdhAp2,0.5,1,1,TTAAAACGCGCCAGACCACT,0,4003062
xdhAp2,0.5,1,1,TGTTTTGGCTAGTATTTGTC,0,4007749
xdhAp2,0.5,1,1,TGTTCGTACCTCGATAGGCC,0,3984548
xdhAp2,0.5,1,1,TGTGTCCGTTCCTGTGCCCA,0,3997372
xdhAp2,0.5,1,1,TGTGTAGCGCGGAGTGCACT,0,4005388
xdhAp2,0.5,1,1,TGTGCCCGCCCGGTAAGCGT,0,4006375
xdhAp2,0.5,1,1,TGTGATGTTTTGATCAGATT,0,4011834
xdhAp2,0.5,1,1,TGTGACACCATACAAGTGAC,0,3990486
xdhAp2,0.5,1,1,TGTGAAATAACCATTTAATT,0,3992150
xdhAp2,0.5,1,1,TGTCTACTCGGTAACGTGGT,0,4004597
xdhAp2,0.5,1,1,TGTCGATCCTGGTCTCCAGC,0,4000148
xdhAp2,0.5,1,1,TGTCCGGAAATCCCCCGCCA,0,4009403
xdhAp2,0.5,1,1,TGTCACGCACGATAAGTTGT,0,3986766
xdhAp2,0.5,1,1,TGTACACGACAGGCGACCAT,0,4000618
xdhAp2,0.5,1,1,TGGTTGGGGTCAACGCGGGT,0,4002566
xdhAp2,0.5,1,1,TGGTATCGTGATTTTATTCT,0,4002760
xdhAp2,0.5,1,1,TGGTAAGTTTGTAGCGCAGT,0,3985401
xdhAp2,0.5,1,1,TGGGGGTACTTCTTGCTGTG,0,4011911
xdhAp2,0.5,1,1,TGGGCATATAATGATCATAA,0,4005466
xdhAp2,0.5,1,1,TGGGATACCACCTCAGTTCC,0,4001633
xdhAp2,0.5,1,1,TGGCCTCCATCGTAGTCGGC,0,4006071
xdhAp2,0.5,1,1,TGGCATCAAGTGAGTGTCAC,0,3995924
xdhAp2,0.5,1,1,TGGATGCGGCACTGGGATTA,0,4000786
xdhAp2,0.5,1,1,TGGATATCACCAATATTATA,0,3986706
xdhAp2,0.5,1,1,TGGAGTGGTTACGACCAAAG,0,3993669
xdhAp2,0.5,1,1,TGCTGCGGAGTACGGTAGGC,0,3992421
xdhAp2,0.5,1,1,TGCTCAGAACAGGACGTCAC,0,3988391
xdhAp2,0.5,1,1,TGCTCACCTATGGGATGGCT,0,3998745
xdhAp2,0.5,1,1,TGCGTCCCTTGTTAACCTTG,0,3990522
xdhAp2,0.5,1,1,TGCGGCCGTCGCGGAGTAGA,0,4008152
xdhAp2,0.5,1,1,TGCGATGGAGCGAGAATAAT,0,3995929
xdhAp2,0.5,1,1,TGCGAATGTGCGGATGTATG,0,3983589
xdhAp2,0.5,1,1,TGCCTCACGAGGAAGGGGCT,0,4011868
xdhAp2,0.5,1,1,TGCCGGCCGCCTCGATTAGG,0,4011149
xdhAp2,0.5,1,1,TGCCCGTTGTCTCTCCATCT,0,3992846
xdhAp2,0.5,1,1,TGCATTGTTATTTCACGTGA,0,3991848
xdhAp2,0.5,1,1,TGCACCGTCACTTAGTCAAT,0,3983992
xdhAp2,0.5,1,1,TGCACAAAGCTCCAACCTTA,0,4004339
xdhAp2,0.5,1,1,TGATTTACGTAGGGCCGCTC,0,3989528
xdhAp2,0.5,1,1,TGATGTTAAATATGGCTGGA,0,4005000
xdhAp2,0.5,1,1,TGATGCTCCGTGTCTAAATT,0,3991958
xdhAp2,0.5,1,1,TGATACCGAGTCGCCTGTGG,0,4012438
xdhAp2,0.5,1,1,TGAGTTTCGATCTGAGTGAT,0,3987322
xdhAp2,0.5,1,1,TGAGTCAATCGGAGGTACGC,0,4008503
xdhAp2,0.5,1,1,TGAGGGCTGGGTGAGGTCTG,0,4005321
xdhAp2,0.5,1,1,TGAGGGACCGTCATGAGATC,0,4009399
xdhAp2,0.5,1,1,TGAGCTAACTAAACAAGCGA,0,4013053
xdhAp2,0.5,1,1,TGAGATGCCATATTATAATC,0,4011553
xdhAp2,0.5,1,1,TGAGAAACGTCGCGGCGGCG,0,3991364
xdhAp2,0.5,1,1,TGACGGGAATACCACCTTGA,0,4001139
xdhAp2,0.5,1,1,TGACCTCACAGTGTGATATG,0,4013536
xdhAp2,0.5,1,1,TGAACTCCTGGCGAAGGTTG,0,3999820
xdhAp2,0.5,1,1,TGAACAGAATGCACTGCCGT,0,4008003
xdhAp2,0.5,1,1,TCTTCGGCATCGCGGAGCCA,0,3986899
xdhAp2,0.5,1,1,TCTTCACGGAGCATTGGATG,0,4013459
xdhAp2,0.5,1,1,TCTTAGTAGAATACTGAAGT,0,3990816
xdhAp2,0.5,1,1,TCTGTCCGTTCAGTAAGACT,0,3995304
xdhAp2,0.5,1,1,TCTGTATACAGAAGGGTTGC,0,3996238
xdhAp2,0.5,1,1,TCTGATTAAGATTAATCAAT,0,3997916
xdhAp2,0.5,1,1,TCTGAACGAACGACTCTAAT,0,3996875
xdhAp2,0.5,1,1,TCTCTCAATTGCGGCCAAAT,0,3992871
xdhAp2,0.5,1,1,TCTCGGGGTCCCTAACATTT,0,3996937
xdhAp2,0.5,1,1,TCTCCCCGGCGCCTGCTTCT,0,4007624
xdhAp2,0.5,1,1,TCTCAAGTTTGTGGGGCGGG,0,3997356
xdhAp2,0.5,1,1,TCTAGTCATGCGTAAAGTTG,0,4005631
xdhAp2,0.5,1,1,TCTAAGCACGTCATGACTCT,0,4013056
xdhAp2,0.5,1,1,TCGTTATGTAAGACTTGACA,0,4009539
xdhAp2,0.5,1,1,TCGTACCTGGTGAAGGGAGT,0,3985327
xdhAp2,0.5,1,1,TCGGTGGCGCTGTGTTTTAA,0,3982311
xdhAp2,0.5,1,1,TCGGTGACGGGAGACATTCT,0,3999710
xdhAp2,0.5,1,1,TCGGGTGGTCTCTCTTAGAC,0,3997417
xdhAp2,0.5,1,1,TCGGGCCGCAATCCCTCCAC,0,3985854
xdhAp2,0.5,1,1,TCGGGAGCGGGCATTTGGGG,0,3984615
xdhAp2,0.5,1,1,TCGGACCATCCACGGATAAC,0,3989038
xdhAp2,0.5,1,1,TCGGAAGTGATGACCTGGCT,0,3997824
xdhAp2,0.5,1,1,TCGCTTTGCAGAGTTCTATA,0,4010875
xdhAp2,0.5,1,1,TCGCTTTGACCACCCAAGGG,0,3996461
xdhAp2,0.5,1,1,TCGCGGACCAATTCTGTTGG,0,3998956
xdhAp2,0.5,1,1,TCGCCCTGCGCGTAATGGGA,0,4004860
xdhAp2,0.5,1,1,TCGCATCGGGTAAAGTACAA,0,4009051
xdhAp2,0.5,1,1,TCGCAAAATCGACAACGATC,0,3991602
xdhAp2,0.5,1,1,TCGATGCCGTGTGCCCGGTA,0,3999178
xdhAp2,0.5,1,1,TCGATCCAATCTGTAATGTC,0,4005950
xdhAp2,0.5,1,1,TCGATACGCAGGGTACGCTA,0,4005535
xdhAp2,0.5,1,1,TCGAGTATTGAGTGAACTAC,0,4000832
xdhAp2,0.5,1,1,TCGACGGAAACTGTCAGGGG,0,4011929
xdhAp2,0.5,1,1,TCGAATGGTAACGCCTAGGA,0,4005404
xdhAp2,0.5,1,1,TCCTTATTACAGTTGCAGGG,0,4004225
xdhAp2,0.5,1,1,TCCTGGACGTAATGACCCGC,0,4007522
xdhAp2,0.5,1,1,TCCTGAGCCCGCACCCCCTG,0,4002928
xdhAp2,0.5,1,1,TCCTCTCTGTGGGTCCGTAC,0,3990911
xdhAp2,0.5,1,1,TCCTCATCTGACATTTAAAG,0,4006565
xdhAp2,0.5,1,1,TCCGTTCAATACTTTGATAC,0,4007911
xdhAp2,0.5,1,1,TCCGTGAACTTACGTTCGTG,0,3984671
xdhAp2,0.5,1,1,TCCGCCAAAGGAAGCTACGC,0,3996802
xdhAp2,0.5,1,1,TCCGACTCACTCCTAGTAGC,0,4002081
xdhAp2,0.5,1,1,TCCCATAACCTGCGTCGCCA,0,4001445
xdhAp2,0.5,1,1,TCCCAGTACTAAATCAGAGG,0,3981912
xdhAp2,0.5,1,1,TCCCAGCCTCATCTACACTA,0,4007089
xdhAp2,0.5,1,1,TCCCAACACTGTAAGGTGTA,0,3998723
xdhAp2,0.5,1,1,TCCATGGCTAGCAAGACACT,0,3999044
xdhAp2,0.5,1,1,TCCACCGCATGCGGAAGAGC,0,4009123
xdhAp2,0.5,1,1,TCCACAAGTACCCTAGGTCG,0,3986350
xdhAp2,0.5,1,1,TCCACAAAGATGTAGTAGGA,0,3982096
xdhAp2,0.5,1,1,TCCAATGCCCTGATTTTACA,0,3995469
xdhAp2,0.5,1,1,TCCAACGTGACTGTTCACTA,0,3999787
xdhAp2,0.5,1,1,TCCAAAAGGAGCCAGAGCGC,0,4005529
xdhAp2,0.5,1,1,TCATCTGGCGCCACCCCCGT,0,3987647
xdhAp2,0.5,1,1,TCATCGCATAAGCGGTGGAG,0,3992535
xdhAp2,0.5,1,1,TCATCGATTCACATGTTTGA,0,4001689
xdhAp2,0.5,1,1,TCATACCCTCAGATGTTGGT,0,4002821
xdhAp2,0.5,1,1,TCATACAGTCGAACCGGAAC,0,3985919
xdhAp2,0.5,1,1,TCAGTGAGGTTTCGCATTAC,0,4012620
xdhAp2,0.5,1,1,TCACTTGCATGGGTACCCGT,0,3997869
xdhAp2,0.5,1,1,TCAAGGGTCTGGGAAGGCTC,0,3993960
xdhAp2,0.5,1,1,TCAAGCCGCTCAGTCGGAGT,0,4013524
xdhAp2,0.5,1,1,TCAAATTCAAATATCCTAAC,0,3984386
xdhAp2,0.5,1,1,TCAAAGTTGTCACCCTAATC,0,3996125
xdhAp2,0.5,1,1,TATTTGATTTCCCCCAACTC,0,3997584
xdhAp2,0.5,1,1,TATTGCCTACGCATGATTGA,0,3992742
xdhAp2,0.5,1,1,TATGGTCGTCGGAATAGTCA,0,3983053
xdhAp2,0.5,1,1,TATCTTCGGGTAGGAGTGGC,0,4001180
xdhAp2,0.5,1,1,TATCGGGGTTAAAAGCATCA,0,3994390
xdhAp2,0.5,1,1,TATCGCCATACAACTTTGCG,0,4014002
xdhAp2,0.5,1,1,TATCGAAGCATTCTGCGACC,0,4003640
xdhAp2,0.5,1,1,TATCATGCAGGGTTTAAATA,0,4004442
xdhAp2,0.5,1,1,TATCAAGTCAAAGCATCGCA,0,4008240
xdhAp2,0.5,1,1,TATAGGCATTGGTATCGTCA,0,3995409
xdhAp2,0.5,1,1,TATAGATTTTATACTGACAA,0,4003587
xdhAp2,0.5,1,1,TATAGAGGGCGGCCAAAACT,0,3988933
xdhAp2,0.5,1,1,TATACTCTGTTTTTTGATTA,0,4008889
xdhAp2,0.5,1,1,TATACGTTATGGCCTCTAGA,0,4003281
xdhAp2,0.5,1,1,TATAAGGGTCGAAAGACGAT,0,3982264
xdhAp2,0.5,1,1,TATAAGCCCGCAGAGCTGTA,0,4006814
xdhAp2,0.5,1,1,TAGGTACAAATAGAATAATA,0,4012377
xdhAp2,0.5,1,1,TAGGGGTTGTTGAACCTAAG,0,4011139
xdhAp2,0.5,1,1,TAGGCGGTATAACAAAAAAT,0,3991384
xdhAp2,0.5,1,1,TAGGAAAAGTGGACTATTAT,0,4005540
xdhAp2,0.5,1,1,TAGCTGTCTGCCGGGCCGAC,0,4011627
xdhAp2,0.5,1,1,TAGCGAGTAGCTAGGGACTG,0,3990289
xdhAp2,0.5,1,1,TAGCCTCGCACGGAAACGCT,0,3983814
xdhAp2,0.5,1,1,TAGCCGCGTGGAATCGGGCT,0,4000345
xdhAp2,0.5,1,1,TAGCCAATGGGGCAGAGACC,0,4000669
xdhAp2,0.5,1,1,TAGCACGAACGGAATTCGCT,0,3984176
xdhAp2,0.5,1,1,TAGATGCTCAGGCGGATTTC,0,4012162
xdhAp2,0.5,1,1,TAGAGCAAGCCGTAAAAAGG,0,3995883
xdhAp2,0.5,1,1,TAGAATTGTACCTAGGGCTA,0,4013094
xdhAp2,0.5,1,1,TACTTAGTGTCGTCTGATTT,0,4000497
xdhAp2,0.5,1,1,TACTGAAAGCGTCCATCAGT,0,3987081
xdhAp2,0.5,1,1,TACTCCTGTGGGGTTGATCC,0,3990821
xdhAp2,0.5,1,1,TACTCCCGGTCCGTTATCTT,0,3986677
xdhAp2,0.5,1,1,TACTACGATCAGGATGCCGT,0,4005904
xdhAp2,0.5,1,1,TACGTTAATAGCGGGCTGGC,0,4004188
xdhAp2,0.5,1,1,TACGGAGGTGCTTTTCTTCA,0,4007344
xdhAp2,0.5,1,1,TACCCAAGCGTGGAGCCTCT,0,4001724
xdhAp2,0.5,1,1,TACATTATATCAGCGGTTCT,0,3998921
xdhAp2,0.5,1,1,TACATGAGTTTGCGTTCGAG,0,4008753
xdhAp2,0.5,1,1,TACAGTTTGCACGCCTAAGG,0,4010816
xdhAp2,0.5,1,1,TACAGCCCGCCAGTAACGGG,0,4001063
xdhAp2,0.5,1,1,TACACCCAGCGCCCCTCAGG,0,3994031
xdhAp2,0.5,1,1,TAATTTCGTTCGCTGAGAAG,0,4011134
xdhAp2,0.5,1,1,TAATGCTCGCGTTTTAGTGC,0,3995193
xdhAp2,0.5,1,1,TAATCCGGCGCGCTCTATAC,0,3985082
xdhAp2,0.5,1,1,TAATCAAATCTGCATCAGGG,0,3986166
xdhAp2,0.5,1,1,TAAGTGAGTTGCTTCATGCA,0,4013798
xdhAp2,0.5,1,1,TAAGCCGTTCGGTATAGATG,0,3988076
xdhAp2,0.5,1,1,TAAGCCGCTTGCAACACATG,0,3987732
xdhAp2,0.5,1,1,TAAGAATCGTCACTACGGTC,0,4000059
xdhAp2,0.5,1,1,TAACAATAGGCGTCGAGGGA,0,4008063
xdhAp2,0.5,1,1,TAAATTCATCTGCTGTGAAT,0,4001837
xdhAp2,0.5,1,1,TAAACTTGTGGCTAATCTGT,0,3998551
xdhAp2,0.5,1,1,TAAAAGCCCACCGCTGTGAC,0,3981748
xdhAp2,0.5,1,1,GTTTGTATGGGCATTGTAGT,0,4010137
xdhAp2,0.5,1,1,GTTTGCGTCAGGACTCACCT,0,3985105
xdhAp2,0.5,1,1,GTTTCCCACAGACGGGAATA,0,4002133
xdhAp2,0.5,1,1,GTTTACGAGTGTAATTATTG,0,3997818
xdhAp2,0.5,1,1,GTTTACCTGTAACCACTTCA,0,3996454
xdhAp2,0.5,1,1,GTTGTTTGAAGCGATCGTGC,0,3988489
xdhAp2,0.5,1,1,GTTGGGAGAATGCTAGACTT,0,3982423
xdhAp2,0.5,1,1,GTTGGGACTAAATGACAGTA,0,4008732
xdhAp2,0.5,1,1,GTTGGCCGTCAGTGGAATCA,0,4002286
xdhAp2,0.5,1,1,GTTGAATTTCTATAGATGAC,0,3989798
xdhAp2,0.5,1,1,GTTCGGTTTACTGTGGGAAT,0,4013818
xdhAp2,0.5,1,1,GTTCAGGGCCTGAGCCATAG,0,3985796
xdhAp2,0.5,1,1,GTTATGCCTTGAGGTTTTCC,0,3996694
xdhAp2,0.5,1,1,GTTATCCGCGAAAAAGGTCC,0,3984755
xdhAp2,0.5,1,1,GTTACGATTACGTGTTGGGC,0,3982924
xdhAp2,0.5,1,1,GTTAACATAATGGGCCGTTC,0,4004201
xdhAp2,0.5,1,1,GTTAAAACCGTTAAAAACTC,0,4008917
xdhAp2,0.5,1,1,GTGTTCAGTTTAAAACCCTT,0,3993625
xdhAp2,0.5,1,1,GTGTGTATCTAAGTCGGGGT,0,3984564
xdhAp2,0.5,1,1,GTGTGCAACCGGACTGAGCA,0,4007169
xdhAp2,0.5,1,1,GTGTCCGGTTTGCTATGCGG,0,3992600
xdhAp2,0.5,1,1,GTGTAGAGATGCTATCTCGT,0,3988646
xdhAp2,0.5,1,1,GTGGGTGCTGGGGTCTAATC,0,4001631
xdhAp2,0.5,1,1,GTGGGTAATGCAGATCTCAA,0,3989992
xdhAp2,0.5,1,1,GTGGCTCGGCACGCATTCAC,0,3988272
xdhAp2,0.5,1,1,GTGCTTCCCACTGGGTCAGG,0,3998769
xdhAp2,0.5,1,1,GTGCTCGTTTGCACAGCGTC,0,3999082
xdhAp2,0.5,1,1,GTGCGTTGCCTATGTGTACT,0,4005746
xdhAp2,0.5,1,1,GTGCGGCCCATAATGTACTT,0,3996036
xdhAp2,0.5,1,1,GTGCAGCTGGGCCACGAGTA,0,4009053
xdhAp2,0.5,1,1,GTGCAGAGGGCTTATAGCGG,0,4000187
xdhAp2,0.5,1,1,GTGCAACATCGACAAAGCTT,0,4003465
xdhAp2,0.5,1,1,GTGAGTTTGTAGGATTTCTT,0,3982391
xdhAp2,0.5,1,1,GTGAGTTGCTCGTTCAAGGT,0,3983309
xdhAp2,0.5,1,1,GTGACTTCTGGAAGTTAGAT,0,3986091
xdhAp2,0.5,1,1,GTGACGAAACGATGTAGACT,0,3999388
xdhAp2,0.5,1,1,GTGACCCGCTGCTGTGCAAA,0,4008698
xdhAp2,0.5,1,1,GTGAATCTCTATAGCAGTTT,0,3993309
xdhAp2,0.5,1,1,GTGAACTTAAGCTCTTGGGG,0,3995830
xdhAp2,0.5,1,1,GTGAACTCGGTTTATGTGTA,0,3997333
xdhAp2,0.5,1,1,GTCTTAGTCACCCGGATCGG,0,3985515
xdhAp2,0.5,1,1,GTCTGCTCCGCACTACCCAC,0,3983802
xdhAp2,0.5,1,1,GTCTACCTTGCGGAGGCGTT,0,3985833
xdhAp2,0.5,1,1,GTCGTAATAGTGGATAGACG,0,4012565
xdhAp2,0.5,1,1,GTCGGAAGTACGTGGTGGCT,0,3995371
xdhAp2,0.5,1,1,GTCGATGCATCGCTCATTCC,0,3985364
xdhAp2,0.5,1,1,GTCCTATTTCTCTATAGAAA,0,3989478
xdhAp2,0.5,1,1,GTCCCTCGGTTGGCGTGATC,0,4012694
xdhAp2,0.5,1,1,GTCCCTCGGAGCACGTAAGA,0,4004848
xdhAp2,0.5,1,1,GTCCCATGCAAGGAGTCCGC,0,4007706
xdhAp2,0.5,1,1,GTCCCACAGGCGTAAGATTG,0,4010456
xdhAp2,0.5,1,1,GTCCAGCGCTAGCGACTAAT,0,4005977
xdhAp2,0.5,1,1,GTCAGTGTATAACCATGTCC,0,4006156
xdhAp2,0.5,1,1,GTCAGACCCCAGTAAGCGGT,0,3993139
xdhAp2,0.5,1,1,GTCACGTAGCCAAGGTTCAC,0,3989090
xdhAp2,0.5,1,1,GTCACGGTGGTACGAAATTC,0,3990928
xdhAp2,0.5,1,1,GTCACCGCAGTGCTTACGTT,0,4007955
xdhAp2,0.5,1,1,GTATCTTATTCCTAGCTAGC,0,3991647
xdhAp2,0.5,1,1,GTATCTAGTACTAAAGCGCC,0,3990130
xdhAp2,0.5,1,1,GTATCCGGAGCGAGCGCGGA,0,4007365
xdhAp2,0.5,1,1,GTATCCGAACGGGGTAGTTG,0,4004347
xdhAp2,0.5,1,1,GTATATCAGAGCATTCACCA,0,3987531
xdhAp2,0.5,1,1,GTATAAACATGCTAGCTCGA,0,3983566
xdhAp2,0.5,1,1,GTATAAAAATCAACCATCTG,0,3984878
xdhAp2,0.5,1,1,GTAGTGTCTTACCTCCTTAC,0,4007311
xdhAp2,0.5,1,1,GTAGTATTGCGAGTACTGTA,0,3988241
xdhAp2,0.5,1,1,GTAGATAGATGTACGAGACA,0,3993037
xdhAp2,0.5,1,1,GTAGAGGAAGGAGATAATTT,0,4007956
xdhAp2,0.5,1,1,GTACTTGGCGGGGGAAAACG,0,4012647
xdhAp2,0.5,1,1,GTACACACGCGGGGGCTTGA,0,3989571
xdhAp2,0.5,1,1,GTACAATTATGCATCTTGGG,0,3995741
xdhAp2,0.5,1,1,GTAAGGAGTCAGACTGGGTA,0,4000541
xdhAp2,0.5,1,1,GTAACTGCCGCCGGCTACTA,0,4009311
xdhAp2,0.5,1,1,GGTTTGCTGAACGGCCCGAG,0,4010029
xdhAp2,0.5,1,1,GGTTTCGCCTAGAAACATAA,0,4004789
xdhAp2,0.5,1,1,GGTTGTGGTACCGTATCTGA,0,4001192
xdhAp2,0.5,1,1,GGTTCCATTATGGGTTAACT,0,4007249
xdhAp2,0.5,1,1,GGTGTGCCAGTCTCGGCCAA,0,4002593
xdhAp2,0.5,1,1,GGTGTCATCCACTGGGTTTT,0,4006073
xdhAp2,0.5,1,1,GGTGGGAAATCATGCACCAA,0,3995988
xdhAp2,0.5,1,1,GGTGCGTATACCACCCATAT,0,4004893
xdhAp2,0.5,1,1,GGTGAGATGAGATCGCCTTT,0,4011594
xdhAp2,0.5,1,1,GGTCTCCAGTTCGTAAATCT,0,3985558
xdhAp2,0.5,1,1,GGTCTACGCAAGACGCTACC,0,3997504
xdhAp2,0.5,1,1,GGTCGTGTCGGAAGGCCGCA,0,4006087
xdhAp2,0.5,1,1,GGTCGTCGAATGTCACAGTC,0,4013601
xdhAp2,0.5,1,1,GGTCGCCGGTCTGAGATCTT,0,3983989
xdhAp2,0.5,1,1,GGTCCCTCCAGAACACAACT,0,3983564
xdhAp2,0.5,1,1,GGTCCCGGCTTGCGCACCGG,0,4009552
xdhAp2,0.5,1,1,GGTCAGTTATTATCCCATTT,0,4011509
xdhAp2,0.5,1,1,GGTACTGAGTCCCACTAATA,0,3994259
xdhAp2,0.5,1,1,GGTACTCCCGCAGTGAATCC,0,4008500
xdhAp2,0.5,1,1,GGTACAGAGCCAGTGTTGGT,0,3996448
xdhAp2,0.5,1,1,GGTAAATCACGCAGTGTCTC,0,4005045
xdhAp2,0.5,1,1,GGTAAACTTTAGCTGGTCCA,0,4004675
xdhAp2,0.5,1,1,GGTAAACCTTCAGGGGACAC,0,4013344
xdhAp2,0.5,1,1,GGTAAAAGGTCTTTGCGCGT,0,4005633
xdhAp2,0.5,1,1,GGGTTGTCGGCCCGTATCGA,0,3994900
xdhAp2,0.5,1,1,GGGTGCTGAATGGTTGGTAA,0,3987238
xdhAp2,0.5,1,1,GGGTGACTTAGGGTCGCATC,0,4000045
xdhAp2,0.5,1,1,GGGTGAATCCGCACTTGAGG,0,3997285
xdhAp2,0.5,1,1,GGGTCGGACCATGACAACCC,0,3998901
xdhAp2,0.5,1,1,GGGTCGATATCCAGGGATCC,0,4008572
xdhAp2,0.5,1,1,GGGTCATAATCACCAGTCCC,0,3995871
xdhAp2,0.5,1,1,GGGTATTCCCCTTTCACGGT,0,3998964
xdhAp2,0.5,1,1,GGGGTTGGCAGCCCCATCCA,0,3992310
xdhAp2,0.5,1,1,GGGGTCTATATATCATAGGC,0,3984470
xdhAp2,0.5,1,1,GGGGTAAGCCGCGGTAAACC,0,4009872
xdhAp2,0.5,1,1,GGGGGGGGTTAGATCTAGAG,0,3984353
xdhAp2,0.5,1,1,GGGGGGCAAACTCTTCCATG,0,4007399
xdhAp2,0.5,1,1,GGGGGAATGTTCAGCGGCGA,0,4005726
xdhAp2,0.5,1,1,GGGCTGATACAGCACCCGTC,0,3994011
xdhAp2,0.5,1,1,GGGCGGTCAAGGAGAGCTCC,0,4003701
xdhAp2,0.5,1,1,GGGATCGCCCTTGGTAAAAT,0,3996069
xdhAp2,0.5,1,1,GGGAGTGTTCGCTTGTTACC,0,3992893
xdhAp2,0.5,1,1,GGGACTGGTGCCGCCCTCCC,0,3995209
xdhAp2,0.5,1,1,GGGACGGGATTATATCTAAA,0,3997361
xdhAp2,0.5,1,1,GGGACCCCCGTCAGTCAGTT,0,4010062
xdhAp2,0.5,1,1,GGCTTAACAAAAAAACTTTC,0,4001295
xdhAp2,0.5,1,1,GGCTCGGGTACTCCCGATCT,0,4012848
xdhAp2,0.5,1,1,GGCTAGCATTCTGCTGGGGA,0,3992767
xdhAp2,0.5,1,1,GGCGTTATGGATTTTCGGAA,0,4012330
xdhAp2,0.5,1,1,GGCGTTACTGAATGGGCTAT,0,3981894
xdhAp2,0.5,1,1,GGCGTGTGCCTCTTAGTGAA,0,4009156
xdhAp2,0.5,1,1,GGCGTAGCAGGATCGATCAC,0,4008782
xdhAp2,0.5,1,1,GGCGCCCACCCGCGACCGGA,0,3985443
xdhAp2,0.5,1,1,GGCCTAGGCCCTTACCCTCA,0,3991966
xdhAp2,0.5,1,1,GGCCCGGAACGGATTGGGCG,0,4008107
xdhAp2,0.5,1,1,GGCCAGGCCAGGGCGGCGCA,0,3986076
xdhAp2,0.5,1,1,GGCAGCTGGCAGACATGCAA,0,4001957
xdhAp2,0.5,1,1,GGCAGATTGTAAGCAAAGTC,0,4004939
xdhAp2,0.5,1,1,GGCAGATCAAATCGCCACTG,0,4002662
xdhAp2,0.5,1,1,GGCACTTATAGAGGGACAGC,0,4002801
xdhAp2,0.5,1,1,GGCACATACTTCATGTAGAT,0,4006036
xdhAp2,0.5,1,1,GGCAACCCTGGATTACAGCG,0,4000969
xdhAp2,0.5,1,1,GGATCGGATGCCCGACCGTT,0,4012238
xdhAp2,0.5,1,1,GGATAGTACCCCTCCGGTGA,0,3992816
xdhAp2,0.5,1,1,GGAGTGCGGACATCGGGCTC,0,4009009
xdhAp2,0.5,1,1,GGAGTCGGGGAAAGGTTGCT,0,3987719
xdhAp2,0.5,1,1,GGAGTCAATTTTAGGTGGAT,0,4012673
xdhAp2,0.5,1,1,GGAGGGATGCATTTACAGTT,0,3999530
xdhAp2,0.5,1,1,GGAGGACTCTCTAATGCGCC,0,4000117
xdhAp2,0.5,1,1,GGAGCGTATTTCCATCACAG,0,3997628
xdhAp2,0.5,1,1,GGAGCATGCGTGCGTCATTA,0,3993915
xdhAp2,0.5,1,1,GGAGATTGCCAATTACTTAG,0,3999967
xdhAp2,0.5,1,1,GGAGATCCAGACCCTGGCAT,0,3988713
xdhAp2,0.5,1,1,GGAGACCAAGAACTGGGGAG,0,3991760
xdhAp2,0.5,1,1,GGACTTGGACGCGCTAAATT,0,3991824
xdhAp2,0.5,1,1,GGACTAAGTATGTCTTCGCA,0,3992514
xdhAp2,0.5,1,1,GGACGGGGCGATAGCATTAT,0,4003000
xdhAp2,0.5,1,1,GGACGGGCAAGTGCATTAGC,0,4002303
xdhAp2,0.5,1,1,GGACGCTCCAATGATGACCT,0,3994644
xdhAp2,0.5,1,1,GGACCCTGTGACGGATGCGA,0,4010858
xdhAp2,0.5,1,1,GGAATATATCTCAATTAAGG,0,3995507
xdhAp2,0.5,1,1,GGAAGGACTTGAACCTCATT,0,4009826
xdhAp2,0.5,1,1,GGAACGGGCAAAGGGGACCT,0,3998588
xdhAp2,0.5,1,1,GGAAAAGGTAAACATTCGTC,0,3986973
xdhAp2,0.5,1,1,GCTTTCTTGTTTACCCTCCC,0,4001288
xdhAp2,0.5,1,1,GCTTGCGCGCAAGAGCCCTT,0,4002267
xdhAp2,0.5,1,1,GCTTGAGTGTTCCACTGAAT,0,3987869
xdhAp2,0.5,1,1,GCTTGAGGCATGCGGCGCAG,0,3982016
xdhAp2,0.5,1,1,GCTTCCTACGTCCGTGCAAA,0,4001657
xdhAp2,0.5,1,1,GCTTAAGAGGTTCCTTGTGA,0,3994187
xdhAp2,0.5,1,1,GCTGAGGCATTCATCGATTT,0,4008275
xdhAp2,0.5,1,1,GCTCTTGCAACTGATGCAAA,0,3997833
xdhAp2,0.5,1,1,GCTCTATGACTACCGAATCA,0,3992497
xdhAp2,0.5,1,1,GCTCGTTGGCATGGGTCAGT,0,3998692
xdhAp2,0.5,1,1,GCTCGTCCGCACTTTAACGA,0,3990436
xdhAp2,0.5,1,1,GCTCCAGGATGCATCTCACA,0,4012754
xdhAp2,0.5,1,1,GCTATCGCGGCCGCGTTAGG,0,4011438
xdhAp2,0.5,1,1,GCTAACTATATCTATGCCCT,0,3999900
xdhAp2,0.5,1,1,GCTAAAGGTCCTTTGTCCCG,0,3998176
xdhAp2,0.5,1,1,GCGTAGCCTGTGTCGTGGCG,0,4007076
xdhAp2,0.5,1,1,GCGTACCACCGCAAGGTGCG,0,3987929
xdhAp2,0.5,1,1,GCGGGGAGCAGCCTCGTCTC,0,4011395
xdhAp2,0.5,1,1,GCGGGGAAATTACATAGTTT,0,3997472
xdhAp2,0.5,1,1,GCGGGCGCTTTAATCGGAGT,0,4007383
xdhAp2,0.5,1,1,GCGGACTGAGGTCTGTAGTT,0,3986637
xdhAp2,0.5,1,1,GCGCTCCCCCCGCCCGATCG,0,3992219
xdhAp2,0.5,1,1,GCGCGTGAGCGGAGGCATAG,0,4014056
xdhAp2,0.5,1,1,GCGAGAGCGGATCACGTGGT,0,3985107
xdhAp2,0.5,1,1,GCGAATTGTCCTCTGGCCGG,0,4004723
xdhAp2,0.5,1,1,GCGAAGACCAACTCGTGGCT,0,3989621
xdhAp2,0.5,1,1,GCGAAATTGACGCAGCATGA,0,4000675
xdhAp2,0.5,1,1,GCCTTACACCCCTCGCGCTG,0,4007287
xdhAp2,0.5,1,1,GCCTCGGCAGGTCGGATGCG,0,3994261
xdhAp2,0.5,1,1,GCCTACGAACAGCATAGTCC,0,3994149
xdhAp2,0.5,1,1,GCCGGGTGGCTTCATTCTGC,0,3993393
xdhAp2,0.5,1,1,GCCGGGCTTGGATGGGCTGA,0,4003200
xdhAp2,0.5,1,1,GCCGCATAAGGCCGCTGGAC,0,4000168
xdhAp2,0.5,1,1,GCCGAAAAGCGGAGTTTTAA,0,3997986
xdhAp2,0.5,1,1,GCCCTTCACATCCGACATCT,0,4008935
xdhAp2,0.5,1,1,GCCCTAGTCTTCTCTACGCA,0,3994806
xdhAp2,0.5,1,1,GCCCAGTAGACACACATGTT,0,3990123
xdhAp2,0.5,1,1,GCCATTCGGGGACATTTTCA,0,3994496
xdhAp2,0.5,1,1,GCCACGTCCGGTTCGTTATC,0,4009770
xdhAp2,0.5,1,1,GCCACAGTCAAGTAAATTCC,0,4000987
xdhAp2,0.5,1,1,GCCACAGAAGGGAGACCAAC,0,3993455
xdhAp2,0.5,1,1,GCCAATCAAGCTTCCTTCGA,0,3986633
xdhAp2,0.5,1,1,GCATTCACATAGGCTATCAA,0,3983130
xdhAp2,0.5,1,1,GCATTCACAACGACACGGGT,0,3998975
xdhAp2,0.5,1,1,GCATCCATAGGACTCGTGCT,0,4005487
xdhAp2,0.5,1,1,GCATAGCGATCAATTTGTTG,0,4003592
xdhAp2,0.5,1,1,GCAGTTCGTTTGCTTCTTCA,0,3996436
xdhAp2,0.5,1,1,GCAGTCTCGGCCTTTGCCTC,0,4013712
xdhAp2,0.5,1,1,GCAGGGTTTGGTCACAGGGT,0,4006534
xdhAp2,0.5,1,1,GCAGGAAAAGCCACGAGATA,0,3993934
xdhAp2,0.5,1,1,GCAGCGACCAAGGGTCCACA,0,4008089
xdhAp2,0.5,1,1,GCACTTTTTGAGTATTATCA,0,3994293
xdhAp2,0.5,1,1,GCACTGACGTGCGGAGCACA,0,3997161
xdhAp2,0.5,1,1,GCACGTTTACTAAAGACTAT,0,3994520
xdhAp2,0.5,1,1,GCACGTATGTTTCAAGTACT,0,3997503
xdhAp2,0.5,1,1,GCACGGTTGTATAAAAAGAA,0,3992924
xdhAp2,0.5,1,1,GCACGACTGTGGGCGCTCTT,0,4008031
xdhAp2,0.5,1,1,GCACCGATCTTTCGCATTCG,0,3982963
xdhAp2,0.5,1,1,GCAATGAATTCAGCCCGTGT,0,4010356
xdhAp2,0.5,1,1,GCAATCAGGGTCGTCTCAGG,0,4013030
xdhAp2,0.5,1,1,GCAAGTCAAGGACCTGAGCT,0,3993941
xdhAp2,0.5,1,1,GATTTACTCTCTTTTTGATT,0,4009043
xdhAp2,0.5,1,1,GATTGGACAGATGGTAACTG,0,4012603
xdhAp2,0.5,1,1,GATTCGAAGTCGCTAACGCT,0,4003116
xdhAp2,0.5,1,1,GATTAAAACCTATCATGGAC,0,3988844
xdhAp2,0.5,1,1,GATGTGTTAATAATGGCCGG,0,3992668
xdhAp2,0.5,1,1,GATGTGGCATACGTATAGCT,0,3996622
xdhAp2,0.5,1,1,GATCTCGGGTGATAGAACAG,0,3995619
xdhAp2,0.5,1,1,GATCGTCATTGTGACAAATT,0,4012977
xdhAp2,0.5,1,1,GATCGCAGAGTTGAGACGTA,0,3995192
xdhAp2,0.5,1,1,GATCCCCTCCCGTCGCCGCC,0,3997543
xdhAp2,0.5,1,1,GATCACCTCCGGGAACTGCT,0,3994191
xdhAp2,0.5,1,1,GATATCCCGCGTAACTCGGA,0,3981695
xdhAp2,0.5,1,1,GATATAGGATAGCGAATGTT,0,3997419
xdhAp2,0.5,1,1,GATAGTGAGCTAATACTAGC,0,3982830
xdhAp2,0.5,1,1,GATAGTAGATTTAGAGTGAC,0,4013212
xdhAp2,0.5,1,1,GATAATACTATTGTGACATG,0,3982741
xdhAp2,0.5,1,1,GATAACGCTGTCATATCTGA,0,4010252
xdhAp2,0.5,1,1,GAGTTGAGCTTACGCTTTGA,0,3996882
xdhAp2,0.5,1,1,GAGGTTACGAGTCCTGAGCT,0,4003175
xdhAp2,0.5,1,1,GAGGTCGAGCTGCGGGCTCT,0,3985780
xdhAp2,0.5,1,1,GAGGTCCAATGGAACGGCCG,0,3993120
xdhAp2,0.5,1,1,GAGGATATGGCAAGCGGAAT,0,4011844
xdhAp2,0.5,1,1,GAGGAGGGAAGCGTTGAGGA,0,4003611
xdhAp2,0.5,1,1,GAGGAGAGATCAAATTAGCG,0,3984415
xdhAp2,0.5,1,1,GAGCGCCATAACAGCCGCGT,0,3984252
xdhAp2,0.5,1,1,GAGCCAACCCTCGATCTCAA,0,3985111
xdhAp2,0.5,1,1,GAGATTAACTGTCAGTTTAT,0,3986695
xdhAp2,0.5,1,1,GAGATACGCGTTGAATAAGG,0,3992348
xdhAp2,0.5,1,1,GAGAGAAGAAGAAGGCTCGG,0,3993092
xdhAp2,0.5,1,1,GAGAAGTCCGGCGGGAGATC,0,4003610
xdhAp2,0.5,1,1,GACTTTTGTGGTTCCACCAA,0,4009443
xdhAp2,0.5,1,1,GACTTGAGGTCTTATGAGAT,0,4005917
xdhAp2,0.5,1,1,GACTGTTCGGTGTGTCATAC,0,3999704
xdhAp2,0.5,1,1,GACGCTAACCACGCACGGTT,0,4010476
xdhAp2,0.5,1,1,GACGCCCGGGCGGACTCCAC,0,4009975
xdhAp2,0.5,1,1,GACGATGAGCCCGAGGACAA,0,3988905
xdhAp2,0.5,1,1,GACGATCGCTCGCTCCCGAA,0,3983404
xdhAp2,0.5,1,1,GACGAGGCTAGGAATTACTC,0,3998719
xdhAp2,0.5,1,1,GACGACCCGACTCACGATGG,0,3998077
xdhAp2,0.5,1,1,GACCGTACGACCGTATAGCA,0,4011182
xdhAp2,0.5,1,1,GACCGGCAGATGTACGCAGC,0,3997303
xdhAp2,0.5,1,1,GACCCTTATCTTACTGAACC,0,3983271
xdhAp2,0.5,1,1,GACCCTAAACTAGCAAAGCG,0,3999325
xdhAp2,0.5,1,1,GACCCATCATCGCAGGCTGT,0,4006655
xdhAp2,0.5,1,1,GACATATCCTAGGGAATAAA,0,4006791
xdhAp2,0.5,1,1,GACATAAGGCTATCCGTTTT,0,3986736
xdhAp2,0.5,1,1,GACACTTTCGCAGTCCTGTA,0,3990631
xdhAp2,0.5,1,1,GACACTGATTGGCGGCTAGT,0,3994914
xdhAp2,0.5,1,1,GACAAATTGCTGGCTCAATC,0,3989442
xdhAp2,0.5,1,1,GAATTTGGTGTTTCAGTGAT,0,3982573
xdhAp2,0.5,1,1,GAATTGGCGGTTATTCTTAA,0,4010897
xdhAp2,0.5,1,1,GAATCGGTGCCCTTAGGCGT,0,4001301
xdhAp2,0.5,1,1,GAATCCACTTTCAAGTGTGA,0,4003854
xdhAp2,0.5,1,1,GAATAAGGTTACAACTGCCC,0,3998771
xdhAp2,0.5,1,1,GAAGTTTGGTCCGCGTAGCG,0,4005689
xdhAp2,0.5,1,1,GAAGTGGCTTCCCCTACCAG,0,3998198
xdhAp2,0.5,1,1,GAAGTATAAACGATTTGAAA,0,3986957
xdhAp2,0.5,1,1,GAAGTAGCTACCTTTGGGAG,0,3989952
xdhAp2,0.5,1,1,GAAGGCAGAAAGTGGAGCTC,0,3983389
xdhAp2,0.5,1,1,GAAGAGTGTCTCAGCGCGGG,0,4000166
xdhAp2,0.5,1,1,GAACGAAACGGCGTATAGTA,0,4000751
xdhAp2,0.5,1,1,GAACCGTACTATGGTTATGA,0,3987964
xdhAp2,0.5,1,1,GAAATAGTATTCAACTCCGT,0,3993049
xdhAp2,0.5,1,1,GAAAATCCCATGAGGATTTA,0,3986340
xdhAp2,0.5,1,1,GAAAAGACTGCAAAATTGGT,0,4009205
xdhAp2,0.5,1,1,CTTTAGCGGATCGGAGTTCG,0,4010199
xdhAp2,0.5,1,1,CTTTACATTTTGGTCTAGTT,0,4012518
xdhAp2,0.5,1,1,CTTGGGGGGCCGCATTGCTT,0,3991118
xdhAp2,0.5,1,1,CTTGGCCAGGGGGTTCAAGT,0,3986862
xdhAp2,0.5,1,1,CTTGCATTGATAAAGTCTTG,0,3990879
xdhAp2,0.5,1,1,CTTGAGAAGCGTCTGTAGGT,0,3985788
xdhAp2,0.5,1,1,CTTGAATTTTTCACTCGAGG,0,4007729
xdhAp2,0.5,1,1,CTTCTTAACAGCAGACGTTC,0,3992029
xdhAp2,0.5,1,1,CTTCGCAGGCAGCCGCAATT,0,3984227
xdhAp2,0.5,1,1,CTTCCGTGGTAAGGTTTAGA,0,3985306
xdhAp2,0.5,1,1,CTTCCGTCGGGCATGGAAGC,0,4004909
xdhAp2,0.5,1,1,CTTCCGTCAGCCCCCGCATC,0,3986813
xdhAp2,0.5,1,1,CTTCAAAGACAAGGTATTGT,0,4012805
xdhAp2,0.5,1,1,CTTATGGCAGGACCTCATTT,0,4000229
xdhAp2,0.5,1,1,CTTACGGATCTTTGTCCGAT,0,3985278
xdhAp2,0.5,1,1,CTTAATAAATTGCCGGTATG,0,3982304
xdhAp2,0.5,1,1,CTGTTGGGCCATGGACAGGG,0,3985133
xdhAp2,0.5,1,1,CTGTTCGCACATCTTTGGGA,0,4006211
xdhAp2,0.5,1,1,CTGTGGTGGGAGCACTGAGC,0,4006473
xdhAp2,0.5,1,1,CTGTGGCACTGTGCTCGAAG,0,3996734
xdhAp2,0.5,1,1,CTGTCTTGCCGTCGTAGAAT,0,3983552
xdhAp2,0.5,1,1,CTGGTACGTGAGTACACGTG,0,4001100
xdhAp2,0.5,1,1,CTGGCGTGCTCCGTCAAAAT,0,3986352
xdhAp2,0.5,1,1,CTGGATGGCGTCTCCTGCGG,0,4009075
xdhAp2,0.5,1,1,CTGCGGGCATACGAACACGA,0,4002802
xdhAp2,0.5,1,1,CTGCGCCCACAGTTAAGCTG,0,4009324
xdhAp2,0.5,1,1,CTGCAAGAAAGTCCTATAGA,0,3993726
xdhAp2,0.5,1,1,CTGATTGGATTATTTTTTAA,0,4003808
xdhAp2,0.5,1,1,CTGATGATAACCCGGCAGAA,0,3997727
xdhAp2,0.5,1,1,CTGATCTACGGTCCCATTAC,0,4002977
xdhAp2,0.5,1,1,CTGAGCCGTACTTCATCGCC,0,3984365
xdhAp2,0.5,1,1,CTCTGATACTGCCACCTGGT,0,4013709
xdhAp2,0.5,1,1,CTCTAGTCAGAAGGACCTAT,0,3992643
xdhAp2,0.5,1,1,CTCTAGCGTGTAACAGTCTC,0,4013972
xdhAp2,0.5,1,1,CTCTACAAAACTAGGCACAT,0,3985827
xdhAp2,0.5,1,1,CTCTAAGGCGAAGTCCGCTA,0,4006698
xdhAp2,0.5,1,1,CTCGTTCCCAGGGTGAGGAA,0,3990969
xdhAp2,0.5,1,1,CTCGTAGAGCTCCTTAAGTC,0,3983576
xdhAp2,0.5,1,1,CTCGTAGAAAGGATCCGTAA,0,4010249
xdhAp2,0.5,1,1,CTCGGTGCAACCGTACTTTA,0,3992244
xdhAp2,0.5,1,1,CTCGCCAAATGATTATACCG,0,4012130
xdhAp2,0.5,1,1,CTCGCAGGATACGTGGTAAG,0,3986005
xdhAp2,0.5,1,1,CTCGATAGTCTCGCGCCCGG,0,4008311
xdhAp2,0.5,1,1,CTCGATAGGCGCGCGAATGG,0,4003712
xdhAp2,0.5,1,1,CTCGAAGCAATTCGCCGAGA,0,3984676
xdhAp2,0.5,1,1,CTCCGAAACAGGGGACAGAT,0,4007355
xdhAp2,0.5,1,1,CTCCCGGACCCGAGGACTGC,0,3984637
xdhAp2,0.5,1,1,CTCCCACTTAAATACCTGAG,0,4005873
xdhAp2,0.5,1,1,CTCCAAAGTCGTGGTTCAGA,0,3991076
xdhAp2,0.5,1,1,CTCATAGTTCTTTCGTAGAC,0,3999810
xdhAp2,0.5,1,1,CTCAGGCGTTCGGTTGTCTC,0,3983929
xdhAp2,0.5,1,1,CTCAGAATACTGCCTCAGGA,0,3985707
xdhAp2,0.5,1,1,CTCACGATGGGAGGTTTTCC,0,3991116
xdhAp2,0.5,1,1,CTCAACGGAAAGTTGATGCT,0,3992648
xdhAp2,0.5,1,1,CTATTGACGCCCCTGCTGGA,0,4006255
xdhAp2,0.5,1,1,CTATTAAACGTTATTATATT,0,3995289
xdhAp2,0.5,1,1,CTATGTAAACGCCTGGCAAT,0,3997510
xdhAp2,0.5,1,1,CTATGACCACCAGATCAAAT,0,3999121
xdhAp2,0.5,1,1,CTATACACATGCCTGCGTAG,0,3994226
xdhAp2,0.5,1,1,CTAGTGTGCAAGTGACGGCG,0,3987831
xdhAp2,0.5,1,1,CTACCATGACATCGTACTTC,0,3994503
xdhAp2,0.5,1,1,CTACAGACGATCGTACGTCA,0,4004065
xdhAp2,0.5,1,1,CTACAGACCGTCTGGACTAT,0,3988907
xdhAp2,0.5,1,1,CTAATTTGGATCAGGGTGGA,0,4000729
xdhAp2,0.5,1,1,CTAATCCTAGCCGAGTAAAA,0,3989298
xdhAp2,0.5,1,1,CTAATACTTCCGTGTTTGTT,0,4012459
xdhAp2,0.5,1,1,CTAAGCCTGACCTACCTTAG,0,4006680
xdhAp2,0.5,1,1,CTAACCCGCGTGAGGTTAAA,0,4014344
xdhAp2,0.5,1,1,CGTTTCATTATCTTACCATT,0,3987695
xdhAp2,0.5,1,1,CGTTGGAATACCTCGATTCC,0,3993652
xdhAp2,0.5,1,1,CGTTATCGATCAGACAAGGT,0,4011355
xdhAp2,0.5,1,1,CGTGGCATTGCCATGGGGTC,0,4001859
xdhAp2,0.5,1,1,CGTGGAGTTGCCTGACATTT,0,3997363
xdhAp2,0.5,1,1,CGTGAACACGCTACCTTTTG,0,3994727
xdhAp2,0.5,1,1,CGTCTATCTGGCACACCCTT,0,4013290
xdhAp2,0.5,1,1,CGTCGGGTAGGCCCATTGCA,0,4011759
xdhAp2,0.5,1,1,CGTCGCACACTGTCGCTTCC,0,3994492
xdhAp2,0.5,1,1,CGTCCGAAATTTTCGGCGGA,0,3988189
xdhAp2,0.5,1,1,CGTAGGATAAGTCTAGTGCT,0,3996269
xdhAp2,0.5,1,1,CGTAGCGTGGGCACAGTTAA,0,3991879
xdhAp2,0.5,1,1,CGTAGCCCGTAAGATGTGGT,0,4011202
xdhAp2,0.5,1,1,CGTACGTCCTGGCGTAAGGA,0,3995773
xdhAp2,0.5,1,1,CGTAAAAGTGCCCGTGGTCA,0,4007013
xdhAp2,0.5,1,1,CGGTGACAACGTCGCTGTCG,0,3985504
xdhAp2,0.5,1,1,CGGTCCATAAGCGGCACGGC,0,3984431
xdhAp2,0.5,1,1,CGGTCATAGCGTCTGACTTG,0,3992965
xdhAp2,0.5,1,1,CGGTCACCCGGGTTTCGAAG,0,4005815
xdhAp2,0.5,1,1,CGGGTTGACCTTTGTCATTC,0,4003501
xdhAp2,0.5,1,1,CGGGTCAGTGCAGGTGCCCA,0,4009441
xdhAp2,0.5,1,1,CGGGTATGACCCCTGGTCAC,0,3984900
xdhAp2,0.5,1,1,CGGGCACTGCGAAGATAGTC,0,3995180
xdhAp2,0.5,1,1,CGGGCAATACCATGGCCGAA,0,3986182
xdhAp2,0.5,1,1,CGGGATTTCGGGCGCGTTTT,0,4010578
xdhAp2,0.5,1,1,CGGGATTGCATCCGCATTCG,0,3988375
xdhAp2,0.5,1,1,CGGCTACTGAGCGCCGTTAA,0,4006725
xdhAp2,0.5,1,1,CGGCGCGCATAGACCAGGGG,0,4003713
xdhAp2,0.5,1,1,CGGCGAGGCAACCTGGTACC,0,3998390
xdhAp2,0.5,1,1,CGGCCTATAAAAGTTACGTA,0,3982687
xdhAp2,0.5,1,1,CGGCCGCTTCACGCAGATGT,0,3982336
xdhAp2,0.5,1,1,CGGCAATGCTAATGCGGGGA,0,3999587
xdhAp2,0.5,1,1,CGGCAAGTAAGCCCTACTAA,0,3987742
xdhAp2,0.5,1,1,CGGAGCGAGGTATCAAGTAA,0,3985691
xdhAp2,0.5,1,1,CGGACTCTCGGAGTCGTCAA,0,4009796
xdhAp2,0.5,1,1,CGGACCAACTGCGCCTTGTC,0,3997324
xdhAp2,0.5,1,1,CGCTTCTCCATATCAGTGAA,0,4012976
xdhAp2,0.5,1,1,CGCTATGCTATACTCTAACT,0,4004039
xdhAp2,0.5,1,1,CGCTAAAGCCACATTGTGAT,0,4014293
xdhAp2,0.5,1,1,CGCGTGTGCCAGTTCTTCGT,0,3997957
xdhAp2,0.5,1,1,CGCGTAACATGCAAATCGAA,0,4011604
xdhAp2,0.5,1,1,CGCGCCCGTACTACCGAACT,0,4007904
xdhAp2,0.5,1,1,CGCGCACTCACATTCCCCTG,0,3984947
xdhAp2,0.5,1,1,CGCGATATGCGGAACCCTAA,0,4010784
xdhAp2,0.5,1,1,CGCCTGGATTGCTCAGCGAT,0,3994654
xdhAp2,0.5,1,1,CGCCGTATACACACCATCTT,0,3986851
xdhAp2,0.5,1,1,CGCCGCGCGAGGCCAATGAG,0,4007353
xdhAp2,0.5,1,1,CGCCGCAGCGGGAATTGAAG,0,3981783
xdhAp2,0.5,1,1,CGCCGAAAATGCACAAGCCT,0,4011882
xdhAp2,0.5,1,1,CGCCCTGTTCGGAAGCGGAT,0,4012230
xdhAp2,0.5,1,1,CGCATCGGGTTCAAGATCAG,0,3996161
xdhAp2,0.5,1,1,CGCAGTGCTAACGACGGCTG,0,4005226
xdhAp2,0.5,1,1,CGCACTCTGTGTCTGTAGGT,0,4014370
xdhAp2,0.5,1,1,CGCACTACTGCACCGATGGC,0,3986835
xdhAp2,0.5,1,1,CGCAACTCTGCGCATCGCGC,0,4013801
xdhAp2,0.5,1,1,CGATTGTCTTGCCTAAGTCC,0,3983098
xdhAp2,0.5,1,1,CGATTGCCATGTGTCCGGTA,0,3989525
xdhAp2,0.5,1,1,CGATTACTACATTGGATCAC,0,4000409
xdhAp2,0.5,1,1,CGATATGGCAAACTCGGAGG,0,4000491
xdhAp2,0.5,1,1,CGATAGTATTCTCCTACTGG,0,4010552
xdhAp2,0.5,1,1,CGATAAACACTTATAATTGT,0,3989222
xdhAp2,0.5,1,1,CGAGTTCCCCCCTGCAAGTG,0,4011281
xdhAp2,0.5,1,1,CGAGTTAGCCCAGCTCAATC,0,4010972
xdhAp2,0.5,1,1,CGAGCTGAGTGAGGTACGCA,0,3981619
xdhAp2,0.5,1,1,CGAGCAGGGTCATTTCGTAT,0,4011184
xdhAp2,0.5,1,1,CGACTAAGCGGTGGGCGGGT,0,4010795
xdhAp2,0.5,1,1,CGACGAACACTCCGAGGCAG,0,4009305
xdhAp2,0.5,1,1,CGACCTCCCAAGAATATAAG,0,3991131
xdhAp2,0.5,1,1,CGACAAATGAGAGAAAAAGC,0,4006112
xdhAp2,0.5,1,1,CGAATTAGGACTCGTTGGCA,0,4002206
xdhAp2,0.5,1,1,CGAAATATGGCGCTCACCCT,0,3987720
xdhAp2,0.5,1,1,CCTTGTGCGCAATTGATTTT,0,4012123
xdhAp2,0.5,1,1,CCTTGACAATCCGAACTCCA,0,3984620
xdhAp2,0.5,1,1,CCTTCATACTAAGGTTCTAA,0,3992982
xdhAp2,0.5,1,1,CCTTATGGTTCATGGCCAAG,0,3982176
xdhAp2,0.5,1,1,CCTTATCGTTGCGACCACAT,0,3988626
xdhAp2,0.5,1,1,CCTTAGAGCTCGGTCGATGC,0,3996473
xdhAp2,0.5,1,1,CCTGGCTTTAACAAATGCTA,0,4014415
xdhAp2,0.5,1,1,CCTCTTAACCATTAAGCCGA,0,3997967
xdhAp2,0.5,1,1,CCTCTATGAGAGCAGAAGTA,0,3982283
xdhAp2,0.5,1,1,CCTCTATCAAAACATTTAGC,0,3988191
xdhAp2,0.5,1,1,CCTCCGGTCGTGGGTACCTG,0,3987095
xdhAp2,0.5,1,1,CCTCAGTATGTTTATGTCCA,0,3987038
xdhAp2,0.5,1,1,CCTATGCAGCCATCATGAAA,0,3999384
xdhAp2,0.5,1,1,CCTAGGGTTTACCTTCGGAT,0,4013653
xdhAp2,0.5,1,1,CCTAGGACAGACACCCGCGT,0,3992269
xdhAp2,0.5,1,1,CCTACTCTGCTGATGTGTCG,0,4007538
xdhAp2,0.5,1,1,CCTACCGCCAGCAGACGTAT,0,3990960
xdhAp2,0.5,1,1,CCTACACGGCCCAGATATAG,0,4003494
xdhAp2,0.5,1,1,CCGTTTTATCAGAGTAAATT,0,3998981
xdhAp2,0.5,1,1,CCGTTGAACGTCCTGTGCCT,0,3992998
xdhAp2,0.5,1,1,CCGTGGTCAGGACTCATGTC,0,3985360
xdhAp2,0.5,1,1,CCGTCTGCCAGTGCACGAGA,0,3993824
xdhAp2,0.5,1,1,CCGGTTTGCGGCCCTAGGAC,0,3982683
xdhAp2,0.5,1,1,CCGGTACAGTGCGTGGAGCT,0,4014060
xdhAp2,0.5,1,1,CCGGGTGTTTCGGTCGAACC,0,3993766
xdhAp2,0.5,1,1,CCGGGTACTAAACCAAGGCC,0,3984228
xdhAp2,0.5,1,1,CCGGGAGGTGTTCTAGTAAT,0,3993282
xdhAp2,0.5,1,1,CCGGGAATTAAGTTCATGGG,0,4014013
xdhAp2,0.5,1,1,CCGGCGGATGCGGGACTATC,0,4003940
xdhAp2,0.5,1,1,CCGGCATTCGACACGGTAAT,0,3994203
xdhAp2,0.5,1,1,CCGGATTCCCAAGTTCTGAA,0,4011565
xdhAp2,0.5,1,1,CCGGAAATTGCAATTGAGAG,0,3990391
xdhAp2,0.5,1,1,CCGCTGCTTTACAACGGTTG,0,3983565
xdhAp2,0.5,1,1,CCGCGTCATCCAATTCGTCT,0,3992276
xdhAp2,0.5,1,1,CCGCGAACAGGGTCAGGAGC,0,3989631
xdhAp2,0.5,1,1,CCGCCGTTTAGAGGTCAGAT,0,3984639
xdhAp2,0.5,1,1,CCGCCCCGGAATAACAGATA,0,3992367
xdhAp2,0.5,1,1,CCGCCCCGCTAAGTACATCC,0,3983890
xdhAp2,0.5,1,1,CCGCAAGCGAAATTGGGGCT,0,4010218
xdhAp2,0.5,1,1,CCGATATGACTTCAATTGTT,0,3994208
xdhAp2,0.5,1,1,CCCTTAAGAAGAATCTCCCT,0,4013819
xdhAp2,0.5,1,1,CCCTGCATGTGCGATCCCAA,0,3999818
xdhAp2,0.5,1,1,CCCGGTGAACGCTACCGGGA,0,3986659
xdhAp2,0.5,1,1,CCCCTCCCTTTTCACGACGA,0,4009442
xdhAp2,0.5,1,1,CCCCTAGACTGGTTAGAAAC,0,3999695
xdhAp2,0.5,1,1,CCCCGGCCGCGGCCGGGCGT,0,3981754
xdhAp2,0.5,1,1,CCCCCAGGGGAAGCTCACAA,0,3998423
xdhAp2,0.5,1,1,CCCCAGCCATCATACCCCCT,0,3984175
xdhAp2,0.5,1,1,CCCCAGAGGGCACGCAGCCT,0,3992518
xdhAp2,0.5,1,1,CCCATACGTTCGTATACATC,0,4008014
xdhAp2,0.5,1,1,CCCAAGAAGCACTGAACTGT,0,3993607
xdhAp2,0.5,1,1,CCATTGTGCATCGGGTTCGC,0,3990061
xdhAp2,0.5,1,1,CCATTGAACGTGGGGGACGG,0,4004949
xdhAp2,0.5,1,1,CCATGTAATTACAGGGTTCA,0,4008194
xdhAp2,0.5,1,1,CCAGTGAGTTCGAAGAAGGG,0,3994505
xdhAp2,0.5,1,1,CCAGTCCGTGCGGGGTACCT,0,3993231
xdhAp2,0.5,1,1,CCAGGCAAATGGGGTCTATT,0,3999618
xdhAp2,0.5,1,1,CCAGGACTTAACGCGTACGC,0,3986506
xdhAp2,0.5,1,1,CCAGGACCGACAGTGCAGGA,0,4009191
xdhAp2,0.5,1,1,CCAGCCATGGTGGGGTTGCA,0,3994754
xdhAp2,0.5,1,1,CCAGCATGGAGCAGGGAGTA,0,3995068
xdhAp2,0.5,1,1,CCACTGGTGAATGTTGACCT,0,4008608
xdhAp2,0.5,1,1,CCACTGGCGACGGCTGATCT,0,4003382
xdhAp2,0.5,1,1,CCACTGAACCGCTCCCGGGC,0,3987673
xdhAp2,0.5,1,1,CCACGTCTGGAACCGTCTGT,0,4008245
xdhAp2,0.5,1,1,CCACGGTGGCTCAGCTGCTC,0,3988690
xdhAp2,0.5,1,1,CCACGCCCGGCGGTCAAGTC,0,3989448
xdhAp2,0.5,1,1,CCACCGCGCTAGTGAGAGCG,0,3986897
xdhAp2,0.5,1,1,CCAAGTCGTGGGGCTTTTCG,0,3983011
xdhAp2,0.5,1,1,CCAAGCTCTGGCCGCAGCGT,0,4007065
xdhAp2,0.5,1,1,CCAAACGCAAAGATCGGAGG,0,3992488
xdhAp2,0.5,1,1,CCAAAAGGACCGGGGGACCT,0,3988231
xdhAp2,0.5,1,1,CATTTTGCCGGAAGAGGTCA,0,3986799
xdhAp2,0.5,1,1,CATTTCCAGCCGCGGGCCGC,0,3985973
xdhAp2,0.5,1,1,CATTGGATATCACGGAGTGT,0,4013418
xdhAp2,0.5,1,1,CATTGCGGGGTGTCCTCGAC,0,4010020
xdhAp2,0.5,1,1,CATTGAGGAGTAGATGAGTT,0,4012033
xdhAp2,0.5,1,1,CATTCTGCCGTCCTGTTCAC,0,3990649
xdhAp2,0.5,1,1,CATTATGCCAATTCGCTAGC,0,3991177
xdhAp2,0.5,1,1,CATTATCCGTCGAGTCTGAG,0,3988695
xdhAp2,0.5,1,1,CATGGAGCGGCTGGACTCAT,0,4004645
xdhAp2,0.5,1,1,CATGATAGGTTCTGGGGCCA,0,4007131
xdhAp2,0.5,1,1,CATCTTGGCACAGTAGAATG,0,4005745
xdhAp2,0.5,1,1,CATCCCCTAGTCCCGAGTGC,0,3988305
xdhAp2,0.5,1,1,CATCATTAATGCGCAATACC,0,4012108
xdhAp2,0.5,1,1,CATCAAGGAGGAATCGGAAT,0,4003463
xdhAp2,0.5,1,1,CATAGCCGCTCGCGTGTTTT,0,3999756
xdhAp2,0.5,1,1,CATAGCCCCAGCTGCCCGCA,0,3982948
xdhAp2,0.5,1,1,CATAACACTAGCGTATGTAT,0,3981944
xdhAp2,0.5,1,1,CAGTTACCCTATGCGTACCT,0,4010733
xdhAp2,0.5,1,1,CAGTAGTGCAGGAAGATCGT,0,3987417
xdhAp2,0.5,1,1,CAGTACGGATACAGGCGCAG,0,3999984
xdhAp2,0.5,1,1,CAGGTTATCTTATTCTTTCC,0,3986462
xdhAp2,0.5,1,1,CAGGTGGGCTCACATGCGGG,0,4010823
xdhAp2,0.5,1,1,CAGGGTTTGGTGTCTGCCAC,0,3992171
xdhAp2,0.5,1,1,CAGGGGTCAAGGAAGGTCTT,0,4009242
xdhAp2,0.5,1,1,CAGGCGCCCGGCTTGGGCTT,0,4005582
xdhAp2,0.5,1,1,CAGGCCATTTATCTGAAGCA,0,4011653
xdhAp2,0.5,1,1,CAGCTACGATAGGCGATTGT,0,4007493
xdhAp2,0.5,1,1,CAGCGGGTAGGCACCCGGCT,0,4009033
xdhAp2,0.5,1,1,CAGCGCGGGCGCCCAACCTA,0,4004991
xdhAp2,0.5,1,1,CAGCGCAGTAAGACGCATTA,0,4006674
xdhAp2,0.5,1,1,CAGCCCCAAAGGCCCAGAGC,0,3999955
xdhAp2,0.5,1,1,CAGAGCAATTGGGAGTTTAC,0,3995135
xdhAp2,0.5,1,1,CAGACTGTGCGCGTGGGCAA,0,3991509
xdhAp2,0.5,1,1,CACTGCCAGCAGCAGAGTTC,0,3997322
xdhAp2,0.5,1,1,CACTCTACAATCTCTGCGTT,0,3984734
xdhAp2,0.5,1,1,CACTCGACTCGAGATGGCTT,0,4005781
xdhAp2,0.5,1,1,CACTCCCAGCCCGGCGAGTC,0,3995737
xdhAp2,0.5,1,1,CACTACAACCGCCACGGAGT,0,3999744
xdhAp2,0.5,1,1,CACGTCTCAGAACATCATCT,0,3989695
xdhAp2,0.5,1,1,CACGTCGTCCCAACAGTCTT,0,3987716
xdhAp2,0.5,1,1,CACGCTACCACGACTCTGGT,0,4011138
xdhAp2,0.5,1,1,CACGACTCTTGGCGCCGCTG,0,3992739
xdhAp2,0.5,1,1,CACCTCATTGACGTTCATGC,0,3997287
xdhAp2,0.5,1,1,CACCGGGAGCATAAAAAGTA,0,4010247
xdhAp2,0.5,1,1,CACCGAGTACGCATTAATAA,0,3996891
xdhAp2,0.5,1,1,CACCAGGCGGAGATGTTAAT,0,4003878
xdhAp2,0.5,1,1,CACATGTCTTTTTTAACAAG,0,4005361
xdhAp2,0.5,1,1,CACATATTCTCCGGGATGTC,0,3997989
xdhAp2,0.5,1,1,CACAGTGGCCACCACAGGTG,0,3984650
xdhAp2,0.5,1,1,CACAGGCAGGACTACTGTTT,0,3987830
xdhAp2,0.5,1,1,CACACTGCGGCCCAACTGAG,0,3986056
xdhAp2,0.5,1,1,CACACTCAGTCGGTTTAACG,0,4013483
xdhAp2,0.5,1,1,CAATTTAAAAAACACAGATC,0,3985588
xdhAp2,0.5,1,1,CAATTGCGCAGCGTCTGTGC,0,3993943
xdhAp2,0.5,1,1,CAATTAATGGACCGTTCTGA,0,4004568
xdhAp2,0.5,1,1,CAATGTAACTACCCCTAGCG,0,3991512
xdhAp2,0.5,1,1,CAATGGAAGAACGTCTGTAT,0,3998073
xdhAp2,0.5,1,1,CAATGCGGTAGATGTGCATT,0,3992954
xdhAp2,0.5,1,1,CAAGTTGGGACAGTGGGAGT,0,4013756
xdhAp2,0.5,1,1,CAAGCTAGCAACGGGAAGGG,0,3990670
xdhAp2,0.5,1,1,CAACTAGCTACATTGAATAC,0,3983745
xdhAp2,0.5,1,1,CAACGTAGTCTTTGCGGTAG,0,3997045
xdhAp2,0.5,1,1,CAACGGTTATGTATAATTAC,0,3998817
xdhAp2,0.5,1,1,CAAATCCAGCGGCAAAACGA,0,3999952
xdhAp2,0.5,1,1,CAAAGTTCGACGGGGTACAG,0,3984621
xdhAp2,0.5,1,1,CAAACTCCAGGATTGGCTCC,0,4002351
xdhAp2,0.5,1,1,CAAAATCGCGTCAAGAACTG,0,3992010
xdhAp2,0.5,1,1,ATTTCGGTAGGTACTCATGA,0,3983555
xdhAp2,0.5,1,1,ATTTATAAATAGAGCGTGAT,0,4001067
xdhAp2,0.5,1,1,ATTTAACTTGGGCCGCTTGG,0,4005050
xdhAp2,0.5,1,1,ATTTAAATCGGTGCGAGCCC,0,3987713
xdhAp2,0.5,1,1,ATTGTTCGGAGCTTGCATAT,0,3996397
xdhAp2,0.5,1,1,ATTGGGTTAGGTTGTGGGGA,0,4006393
xdhAp2,0.5,1,1,ATTGGGAAATTGGCTTGTAT,0,4011730
xdhAp2,0.5,1,1,ATTGCGCGGCGAATGTCGAG,0,4009055
xdhAp2,0.5,1,1,ATTGCAAGGTAGTATTCGAC,0,3989078
xdhAp2,0.5,1,1,ATTGATCAACGCTAAGTCCC,0,3987068
xdhAp2,0.5,1,1,ATTGAGATCCTCACACTTCG,0,3997481
xdhAp2,0.5,1,1,ATTGACGAGTGATGGTCCGA,0,4004181
xdhAp2,0.5,1,1,ATTGAATGGGTAAATATCCG,0,3991818
xdhAp2,0.5,1,1,ATTCTGTCCGTAGAGCCGCG,0,3983207
xdhAp2,0.5,1,1,ATTCTCAGTGCACTGGCGTT,0,3985757
xdhAp2,0.5,1,1,ATTCGTATCGATCCTGGTCA,0,4001027
xdhAp2,0.5,1,1,ATTCGGCCCCTGCAAGTTTA,0,4000377
xdhAp2,0.5,1,1,ATTCGCCCCAGTCTGTCTCT,0,3994224
xdhAp2,0.5,1,1,ATTCCAGGGGCAGGCTCACC,0,4005738
xdhAp2,0.5,1,1,ATTATGTTCTGTGTTCAAAA,0,3988554
xdhAp2,0.5,1,1,ATTACTATAGACCGTGATTC,0,4007752
xdhAp2,0.5,1,1,ATTACTAGATAGGGACTACG,0,4004493
xdhAp2,0.5,1,1,ATTACACTCGTGCCTGTATA,0,4012304
xdhAp2,0.5,1,1,ATTAACGAGCGCATGTTTGC,0,4010983
xdhAp2,0.5,1,1,ATGTTGTTAATTCGATTACA,0,4005387
xdhAp2,0.5,1,1,ATGTGCGCTTCTGGACGTGC,0,4007480
xdhAp2,0.5,1,1,ATGTGCGCGAACACGGGGGA,0,3999517
xdhAp2,0.5,1,1,ATGTCAGATTAGAGGCTGTG,0,3995361
xdhAp2,0.5,1,1,ATGTACTCGCACGTTGTTGA,0,4003191
xdhAp2,0.5,1,1,ATGGGGGCTCGGGAACCATT,0,4005123
xdhAp2,0.5,1,1,ATGGCACGGCGGATGCTTAC,0,4008536
xdhAp2,0.5,1,1,ATGCTCGTTCGGCGTCGGTA,0,4003760
xdhAp2,0.5,1,1,ATGCTATGAGATGACCTCCG,0,3997939
xdhAp2,0.5,1,1,ATGCGACCGGAGATGCGCAC,0,3996508
xdhAp2,0.5,1,1,ATGCCGAACTCGGACCCCGG,0,4014001
xdhAp2,0.5,1,1,ATGATTGTCCGGACGGCTCG,0,3997685
xdhAp2,0.5,1,1,ATCTTTCCCTCGATATTCTC,0,4004798
xdhAp2,0.5,1,1,ATCTGTTGTGCTACATGTAT,0,3984356
xdhAp2,0.5,1,1,ATCTGACCGCAACTTTGCGC,0,3999568
xdhAp2,0.5,1,1,ATCTAGGTCAGATACTAGAT,0,4009835
xdhAp2,0.5,1,1,ATCGGGTGAGGTAATTAAGA,0,3986504
xdhAp2,0.5,1,1,ATCGGGGGTTAACTATAGGT,0,4000466
xdhAp2,0.5,1,1,ATCGCTCCTTGAGTAGCTAT,0,3981924
xdhAp2,0.5,1,1,ATCCTTAGGCTGCCTATGTA,0,4002333
xdhAp2,0.5,1,1,ATCCTGGGTGTCGGACGTCA,0,4009611
xdhAp2,0.5,1,1,ATCCGTCATTAGAACACGTG,0,3994882
xdhAp2,0.5,1,1,ATCCGCTACTGTCATACCGC,0,3981868
xdhAp2,0.5,1,1,ATCCCAAGGAGGTGATGCGT,0,3983516
xdhAp2,0.5,1,1,ATCATGAGCCGCGTAGGGTC,0,4000228
xdhAp2,0.5,1,1,ATCAGGCTTACGCTTCGCTA,0,4000770
xdhAp2,0.5,1,1,ATCAACATCTACCAACGCTC,0,3989423
xdhAp2,0.5,1,1,ATATTGATTGCGGCCAGGAG,0,3988427
xdhAp2,0.5,1,1,ATATTCGACATCCAGGGGAT,0,3988126
xdhAp2,0.5,1,1,ATATCCACAAACGGGGGCCG,0,3987263
xdhAp2,0.5,1,1,ATATAACTGAATATTCCTGG,0,3993958
xdhAp2,0.5,1,1,ATAGGGTGAAGCGACATATC,0,4011965
xdhAp2,0.5,1,1,ATAGGGCGCTCCGTGAAGTG,0,3995069
xdhAp2,0.5,1,1,ATAGCGACTCAGGTACGAAC,0,3981588
xdhAp2,0.5,1,1,ATACGTGAGCTTTCTAAAAG,0,3993417
xdhAp2,0.5,1,1,ATACAACCTTCTGGTAGCTT,0,3989748
xdhAp2,0.5,1,1,ATAATTGTATATCAGTGTTA,0,4006084
xdhAp2,0.5,1,1,ATAATGCATCCCGCCCCACC,0,4001910
xdhAp2,0.5,1,1,ATAATCGTAGCCATTGGAAG,0,4013370
xdhAp2,0.5,1,1,ATAATCCGGACCAGTTTAAT,0,3987255
xdhAp2,0.5,1,1,ATAATATTCAAATAAGTCGG,0,3991203
xdhAp2,0.5,1,1,ATAAGATACGGGGCTTCCTC,0,4005968
xdhAp2,0.5,1,1,ATAACGGTCCGTATAACGTT,0,3992653
xdhAp2,0.5,1,1,ATAAAGCACTTTGAGACGGA,0,3983024
xdhAp2,0.5,1,1,AGTTTAGAGAGGTAGCTACG,0,4000259
xdhAp2,0.5,1,1,AGTTTACAATCATTTGTCTG,0,4002078
xdhAp2,0.5,1,1,AGTTGCTACTTGGCCAATGT,0,4007892
xdhAp2,0.5,1,1,AGTTCGATGTATGTTAGTCG,0,3996561
xdhAp2,0.5,1,1,AGTTACCAGGGTGCATTAAC,0,4011048
xdhAp2,0.5,1,1,AGTGTCACGAGGACAGGCAG,0,4004078
xdhAp2,0.5,1,1,AGTGGTAAGGCCAGAGTTGA,0,3984473
xdhAp2,0.5,1,1,AGTGGCAAGGTGGTCTACAT,0,3981611
xdhAp2,0.5,1,1,AGTGCTCTTTGCACTTGCGG,0,3991332
xdhAp2,0.5,1,1,AGTGCTCATATTGGAGACAA,0,4003512
xdhAp2,0.5,1,1,AGTGCAGAACTGCCCGAGGG,0,3992608
xdhAp2,0.5,1,1,AGTGAGTGAGATATTAGTAG,0,3998863
xdhAp2,0.5,1,1,AGTGAAATCGATGTCGCCTT,0,3992265
xdhAp2,0.5,1,1,AGTCGGTCAGCCAGATAGCA,0,4000931
xdhAp2,0.5,1,1,AGTCATGCGTCGTTCGATTC,0,3989194
xdhAp2,0.5,1,1,AGTCATATCTCATGAATATC,0,3982881
xdhAp2,0.5,1,1,AGTATGTAATCCCGCAAACA,0,3992560
xdhAp2,0.5,1,1,AGTAGTTTGCTCGGAGGTGG,0,3998891
xdhAp2,0.5,1,1,AGTACGTGTTTCGTGCAGTC,0,3997358
xdhAp2,0.5,1,1,AGTACCCGTGCGCACTTTGC,0,4003480
xdhAp2,0.5,1,1,AGGTGGTCACCCCCCTGATG,0,3998066
xdhAp2,0.5,1,1,AGGTATATGCAGTTTGAGTA,0,4006469
xdhAp2,0.5,1,1,AGGTACGTCCGAGAAAGCTT,0,3996227
xdhAp2,0.5,1,1,AGGTACCAGGGTGTTACGGA,0,3996688
xdhAp2,0.5,1,1,AGGGTGTAGGACGGGTTTGT,0,4001395
xdhAp2,0.5,1,1,AGGGTACCAAGACTAACCAA,0,3982552
xdhAp2,0.5,1,1,AGGGAGGATCACGGCTCACG,0,4014018
xdhAp2,0.5,1,1,AGGGACGGGATAGCTATTCT,0,4004467
xdhAp2,0.5,1,1,AGGCTTCTCTGGCTGGTTTG,0,4008741
xdhAp2,0.5,1,1,AGGCTGGGCGGGTACCAGAC,0,4012233
xdhAp2,0.5,1,1,AGGCTGGGCGCGGCTCCTCT,0,4006411
xdhAp2,0.5,1,1,AGGCGTGAGGTTCACTCGGA,0,4012448
xdhAp2,0.5,1,1,AGGCGGTTCGTGCGCTCTAG,0,3999785
xdhAp2,0.5,1,1,AGGCGGGTGCGGGTAGCCCG,0,3985810
xdhAp2,0.5,1,1,AGGCCTAACACGGGGGTGTT,0,4014313
xdhAp2,0.5,1,1,AGGCCCGGTTACATTAATGG,0,3997271
xdhAp2,0.5,1,1,AGGATTTAGTCACTGTTGAT,0,4007136
xdhAp2,0.5,1,1,AGGATGACCTGTGCAGGAAA,0,3995434
xdhAp2,0.5,1,1,AGGATCTATAGAAGGGTTAG,0,3984077
xdhAp2,0.5,1,1,AGGATAGATGTTTCGGTTGG,0,3997962
xdhAp2,0.5,1,1,AGGAACCATCCCATAAGATG,0,4008229
xdhAp2,0.5,1,1,AGGAAATATAGGGTAGGTTG,0,4010023
xdhAp2,0.5,1,1,AGCTTGGGATCTATTAAACT,0,3996767
xdhAp2,0.5,1,1,AGCTTGATTGGGTAAGAATT,0,3996134
xdhAp2,0.5,1,1,AGCTGAGGTAGGTCATTTGC,0,4006945
xdhAp2,0.5,1,1,AGCGGTTGAAAGTCAACCGT,0,3997808
xdhAp2,0.5,1,1,AGCGGCCCCGGCGACCGGTT,0,4012643
xdhAp2,0.5,1,1,AGCGGCAGTTGTAACAATGG,0,3990514
xdhAp2,0.5,1,1,AGCGGACAGGCACCGTCATC,0,4006981
xdhAp2,0.5,1,1,AGCGCAGGGATCAGATTTTT,0,3985153
xdhAp2,0.5,1,1,AGCCGGCCGCATACGGTTCA,0,3996321
xdhAp2,0.5,1,1,AGCCCGGGCCAAGGGCACTG,0,3985903
xdhAp2,0.5,1,1,AGCCCCTACTCCGCACTATA,0,4008953
xdhAp2,0.5,1,1,AGCCCATTGCATAGTGTCCG,0,3995526
xdhAp2,0.5,1,1,AGCCAATTTTTCTTATCAGC,0,4009766
xdhAp2,0.5,1,1,AGCATCTACCGTCCTTTTGT,0,4009894
xdhAp2,0.5,1,1,AGCAGGGTACAAAAAGCTCG,0,4002689
xdhAp2,0.5,1,1,AGCAGACGCTGGATGGTACA,0,3982036
xdhAp2,0.5,1,1,AGCACTTGCGCACATGCGCT,0,3982796
xdhAp2,0.5,1,1,AGCACCTTCTTGGCTTAGTT,0,3982652
xdhAp2,0.5,1,1,AGCAAAGGAATACCGCAACC,0,4002363
xdhAp2,0.5,1,1,AGATGAGTCTGCGATGGTTG,0,3997805
xdhAp2,0.5,1,1,AGATCGTAGACCGGAAAGGA,0,4010939
xdhAp2,0.5,1,1,AGATACCGGCAACCGGCAAA,0,4007999
xdhAp2,0.5,1,1,AGATAATGTCGTGGGGGGAG,0,4011890
xdhAp2,0.5,1,1,AGAGTTTGGCCTTTTCTGTT,0,3987122
xdhAp2,0.5,1,1,AGAGGTTTGTACAGGTAGAG,0,3987923
xdhAp2,0.5,1,1,AGAGGTAGAAACTTGAAACC,0,4002940
xdhAp2,0.5,1,1,AGAGACTTTGGTGCATGGCA,0,4014350
xdhAp2,0.5,1,1,AGACGTAGCCAGCCCTCGGA,0,4013747
xdhAp2,0.5,1,1,AGACAGCTGACGAACTATTA,0,3991390
xdhAp2,0.5,1,1,AGACAAGATCGCTTGAGAGG,0,3987995
xdhAp2,0.5,1,1,AGAATTTAATATCTTTTCCT,0,3992398
xdhAp2,0.5,1,1,AGAATCGAGCATAATGGCTG,0,3997867
xdhAp2,0.5,1,1,AGAACCTAGTGTCGCCGCCG,0,3984693
xdhAp2,0.5,1,1,AGAACAAAAATAGCGGGAAC,0,3987725
xdhAp2,0.5,1,1,AGAAATGGGGCCGGCATGTT,0,3996471
xdhAp2,0.5,1,1,ACTTTGTGCTCGCAACTATT,0,3984047
xdhAp2,0.5,1,1,ACTTTCCCCTCGGTGGTAAC,0,4008681
xdhAp2,0.5,1,1,ACTTTACCGTCGTGGCGTCG,0,4002082
xdhAp2,0.5,1,1,ACTTGTTATTGAGGTTGTTA,0,4013177
xdhAp2,0.5,1,1,ACTTATTTCGTTCCGGAAGG,0,3990060
xdhAp2,0.5,1,1,ACTTACACCCTGGCTCGAAA,0,3997202
xdhAp2,0.5,1,1,ACTGGCCATTAGCTGTGGCA,0,4005556
xdhAp2,0.5,1,1,ACTGGACGTACCTGTCGGGA,0,3996421
xdhAp2,0.5,1,1,ACTGCTCACCGTGCGCTCCA,0,4000797
xdhAp2,0.5,1,1,ACTGCTATAAACGACGGACT,0,4010780
xdhAp2,0.5,1,1,ACTGATCCATTAGAGGGGCT,0,4011015
xdhAp2,0.5,1,1,ACTCTGTGGGCATCCTTCGG,0,3988079
xdhAp2,0.5,1,1,ACTCTATTCGGAATATTAGT,0,4006223
xdhAp2,0.5,1,1,ACTCTACTGCTGGACAACAT,0,4002031
xdhAp2,0.5,1,1,ACTCGTCGCCAACGGTTACG,0,3991028
xdhAp2,0.5,1,1,ACTCGGAACCCGGCTTAAGC,0,4001986
xdhAp2,0.5,1,1,ACTCGCTAAGGACACTCGCA,0,3992484
xdhAp2,0.5,1,1,ACTCCTTTTCTGCAGCTCAA,0,4014259
xdhAp2,0.5,1,1,ACTCAGTTCTGCCATCCGCA,0,3993313
xdhAp2,0.5,1,1,ACTCAGGGCTTCATAGCACC,0,3985745
xdhAp2,0.5,1,1,ACTCAAAAGGTCCACCAAGT,0,4001640
xdhAp2,0.5,1,1,ACTATGTGGTCAGATACCGG,0,4009558
xdhAp2,0.5,1,1,ACTAGCCGGTTTGCCAGTTG,0,4014342
xdhAp2,0.5,1,1,ACGTTTCTTGAGGGTTAGAG,0,4006261
xdhAp2,0.5,1,1,ACGTGCGCCCGTGACTGCTT,0,3983520
xdhAp2,0.5,1,1,ACGTGACTCGAGCCCCTGAT,0,3986428
xdhAp2,0.5,1,1,ACGTCACCCGTCCGTGGGTT,0,4001214
xdhAp2,0.5,1,1,ACGGTGGATAACGCTACTAA,0,3984084
xdhAp2,0.5,1,1,ACGGTCTCGATATTATAAGC,0,3981788
xdhAp2,0.5,1,1,ACGGTATCGCACGGCAATTG,0,3985056
xdhAp2,0.5,1,1,ACGGGTGGACTACAGCTCTA,0,4013209
xdhAp2,0.5,1,1,ACGGGTAGTAAACTACACAG,0,3994421
xdhAp2,0.5,1,1,ACGGGGCAATCCCCGTGCTC,0,3992996
xdhAp2,0.5,1,1,ACGGGGAGCCCATGGTAACA,0,4013463
xdhAp2,0.5,1,1,ACGGGAATCAGGGCCTTAGC,0,3984042
xdhAp2,0.5,1,1,ACGGCTGACCCGAAGACCCA,0,3988314
xdhAp2,0.5,1,1,ACGCTCTTACCTCGAACGCG,0,4001702
xdhAp2,0.5,1,1,ACGCTCATGGGGCACGAATC,0,3998424
xdhAp2,0.5,1,1,ACGCGTTTTATAGCCGGTTC,0,4004604
xdhAp2,0.5,1,1,ACGCGGGCCGTAGACAAGTA,0,4007799
xdhAp2,0.5,1,1,ACGCCGTTTGGTAGTCAGTG,0,4005262
xdhAp2,0.5,1,1,ACGCCGTGAAAACCAATCGG,0,4000376
xdhAp2,0.5,1,1,ACGCCGGCTGTAGGTCACGT,0,3994581
xdhAp2,0.5,1,1,ACGCAGCGTACGGTCACCAT,0,4004035
xdhAp2,0.5,1,1,ACGCAGACAATCTCATACTT,0,3991071
xdhAp2,0.5,1,1,ACGATCAATCCACTTCGAGA,0,4002391
xdhAp2,0.5,1,1,ACGAGGTGATTCATCGGTCG,0,3997209
xdhAp2,0.5,1,1,ACGAATTTCAGTAAATAGCC,0,4008871
xdhAp2,0.5,1,1,ACCTGATGTACCTGATGATG,0,3999567
xdhAp2,0.5,1,1,ACCTCATCAAGAGCCGAGGT,0,4010856
xdhAp2,0.5,1,1,ACCTCAATCCCATCAACTAA,0,4008554
xdhAp2,0.5,1,1,ACCTATTCATTCACCTGACA,0,3995554
xdhAp2,0.5,1,1,ACCGGCACGACGCTTGCTGA,0,3989234
xdhAp2,0.5,1,1,ACCGCTCAGCGCCATGTCAT,0,3987343
xdhAp2,0.5,1,1,ACCGCCCATCTGCGTTAAAT,0,3995453
xdhAp2,0.5,1,1,ACCGAGCGGCGTGTTTCTAG,0,4011801
xdhAp2,0.5,1,1,ACCGAACGCCATATGGAAAG,0,3999037
xdhAp2,0.5,1,1,ACCCTGACGATTACTCGATG,0,4001052
xdhAp2,0.5,1,1,ACCCGTAGTAAGGCTGAACA,0,3989978
xdhAp2,0.5,1,1,ACCCCCCAGTACACTAGCAA,0,4010808
xdhAp2,0.5,1,1,ACCCATATTTATACACAGCA,0,4005532
xdhAp2,0.5,1,1,ACCCAGTTCCGACTAAGGAT,0,4009771
xdhAp2,0.5,1,1,ACCAGAATCATGTAGGAGTC,0,4008925
xdhAp2,0.5,1,1,ACCACCGTCAGGACTTCCTG,0,4007723
xdhAp2,0.5,1,1,ACCAAGATGTCGAGGGTGTT,0,3984785
xdhAp2,0.5,1,1,ACCAACGAAAAGCACGGGTA,0,3984480
xdhAp2,0.5,1,1,ACCAAATAGTATCGGAGGCG,0,3992636
xdhAp2,0.5,1,1,ACATGAGTCGATAGCTTGTC,0,4012213
xdhAp2,0.5,1,1,ACATCGGAAAAGAAATACAC,0,3990619
xdhAp2,0.5,1,1,ACAGTACAATACCGTGTAGA,0,4008962
xdhAp2,0.5,1,1,ACAGCGAGGATAATTTGCCC,0,4000540
xdhAp2,0.5,1,1,ACAGCAACTTGGGAGCGTCC,0,3997529
xdhAp2,0.5,1,1,ACACTTTCCCGATTTATTCA,0,3994597
xdhAp2,0.5,1,1,ACACTCTAACGCGGCCTATG,0,3996157
xdhAp2,0.5,1,1,ACACGATACAGGTAACTAAT,0,3989533
xdhAp2,0.5,1,1,ACACGACAAGGCAAGTAGCT,0,4010604
xdhAp2,0.5,1,1,ACACCCACAGTCACTTGGAT,0,4000626
xdhAp2,0.5,1,1,ACACATCGGAGGAGTCTCTT,0,3984889
xdhAp2,0.5,1,1,ACAATGGTATTTGAGTACGT,0,3989297
xdhAp2,0.5,1,1,ACAAACTTTCGTCTTTCTGG,0,4014400
xdhAp2,0.5,1,1,AATTTTCCGGTGAGCTCAGA,0,3996149
xdhAp2,0.5,1,1,AATTCGATAAGCCACGTGGA,0,3997208
xdhAp2,0.5,1,1,AATTAGATCGTTGGTAGCGG,0,4009919
xdhAp2,0.5,1,1,AATTACTATATCGATGCGAG,0,4005787
xdhAp2,0.5,1,1,AATGGGATGCCCGAAAACAG,0,3988706
xdhAp2,0.5,1,1,AATGGGAACACCGTCAGGTG,0,4012007
xdhAp2,0.5,1,1,AATGGCGCGTGCAATAGATA,0,4005073
xdhAp2,0.5,1,1,AATGCGATGCTACCTCCATC,0,3989911
xdhAp2,0.5,1,1,AATGCCGGTCCCTAGCAAGG,0,3994214
xdhAp2,0.5,1,1,AATGAGAGTGCTATTATTGG,0,3982306
xdhAp2,0.5,1,1,AATCTCGGGGTGGTTAATTT,0,4002165
xdhAp2,0.5,1,1,AATCACGGGCTCATGGCGTA,0,3989005
xdhAp2,0.5,1,1,AATAGCATGTAGAAGTCATC,0,3986868
xdhAp2,0.5,1,1,AATAGCATCGGTCCTCCTTG,0,3995925
xdhAp2,0.5,1,1,AATACGATACAGTAAAGAAA,0,4006807
xdhAp2,0.5,1,1,AATACCTCACGACCAAAGCA,0,4013570
xdhAp2,0.5,1,1,AAGTTGTTTCCAATCCGGAA,0,3984297
xdhAp2,0.5,1,1,AAGTGTACCGTTCAGGTAAT,0,3993690
xdhAp2,0.5,1,1,AAGTGCTGCGTAGGTTATTA,0,4010475
xdhAp2,0.5,1,1,AAGTGCGCAATAGACATATA,0,3987458
xdhAp2,0.5,1,1,AAGTGCCTTCTCTGCATATC,0,3995866
xdhAp2,0.5,1,1,AAGTGAGGAGTCAACAGTGC,0,4008735
xdhAp2,0.5,1,1,AAGTATTGTACGCATGTATG,0,3993762
xdhAp2,0.5,1,1,AAGTACGGAGAGATATTCGG,0,4010146
xdhAp2,0.5,1,1,AAGGTGAACTGACGCCACGG,0,4001765
xdhAp2,0.5,1,1,AAGGTAGAACCTCCTCTCTA,0,4005430
xdhAp2,0.5,1,1,AAGGGTACGTCTCATTCGAT,0,4005598
xdhAp2,0.5,1,1,AAGGCGCAGATTTGTCCGCG,0,3987056
xdhAp2,0.5,1,1,AAGGAGCCCTAAAGCTTTAT,0,3982756
xdhAp2,0.5,1,1,AAGGACTTCGAGAGCAGACG,0,3981814
xdhAp2,0.5,1,1,AAGCTGATTATAGCTCAAGT,0,3990965
xdhAp2,0.5,1,1,AAGCGGACTTTTTATGGCCC,0,4007807
xdhAp2,0.5,1,1,AAGCGACAACGTTAGATAAA,0,3997571
xdhAp2,0.5,1,1,AAGCACCCCTCCGGCAGGTA,0,3986986
xdhAp2,0.5,1,1,AAGATGGGAACATAGAATGC,0,3982298
xdhAp2,0.5,1,1,AAGATCCAGTCTAACCAGAC,0,3984464
xdhAp2,0.5,1,1,AAGATCAGCCCAATGCGTCC,0,3991564
xdhAp2,0.5,1,1,AAGAATCCACAAACTATCGT,0,4008578
xdhAp2,0.5,1,1,AACTGGCTTCGACTTCCCAC,0,4006453
xdhAp2,0.5,1,1,AACTGCTAGGGTGTAACATA,0,4000981
xdhAp2,0.5,1,1,AACTCCCATCGACGAGGGAT,0,4012697
xdhAp2,0.5,1,1,AACTATTAGCCCCAACTCCA,0,3992605
xdhAp2,0.5,1,1,AACTATGTGCCACGTTAAGT,0,3999120
xdhAp2,0.5,1,1,AACTATACCGGGAGACTTCC,0,3993994
xdhAp2,0.5,1,1,AACTACAAAGATTGCTGAGT,0,3995503
xdhAp2,0.5,1,1,AACGTTTCAATGGTGAAGAG,0,3991917
xdhAp2,0.5,1,1,AACGTACTTCAGCATTGCTA,0,3994107
xdhAp2,0.5,1,1,AACGGTCTTCGAGGCGTGTG,0,4005567
xdhAp2,0.5,1,1,AACGGGTCCCCTGTACCTGC,0,4011441
xdhAp2,0.5,1,1,AACCGGACCAGGCCTGTTCC,0,3986860
xdhAp2,0.5,1,1,AACCGACTACTTTCCGATTC,0,3997238
xdhAp2,0.5,1,1,AACCCATAGTTATTGTGTAG,0,4006762
xdhAp2,0.5,1,1,AACCCAGTTCGGACCCATGT,0,3982075
xdhAp2,0.5,1,1,AACCATTGCGAACCTTTGCA,0,3996175
xdhAp2,0.5,1,1,AACACTGACATGGAAGGGAG,0,3993534
xdhAp2,0.5,1,1,AAATTGTCGATAATGACCGT,0,3994368
xdhAp2,0.5,1,1,AAATCATAAGCTAACTATAG,0,3998209
xdhAp2,0.5,1,1,AAATAACTGCACAGTTATTG,0,3982129
xdhAp2,0.5,1,1,AAAGTTCTGAAGTAACGCCA,0,4006446
xdhAp2,0.5,1,1,AAAGTGTGTGGTTGGAAGCC,0,4002360
xdhAp2,0.5,1,1,AAAGTCCCAGAGTTGACGGA,0,3999507
xdhAp2,0.5,1,1,AAAGTAACTTGTCCTTAGCG,0,3995542
xdhAp2,0.5,1,1,AAAGGCGATGGGATAGAAAC,0,3991777
xdhAp2,0.5,1,1,AAAGCTATCCCCTAGGTGGA,0,4006562
xdhAp2,0.5,1,1,AAAGCGAATTTTACGGGTTC,0,4009278
xdhAp2,0.5,1,1,AAAGCATGTCCGGAGATCTT,0,3988341
xdhAp2,0.5,1,1,AAAGATCCACGAAACTCTGA,0,4013123
xdhAp2,0.5,1,1,AAAGAGCTGATTTCATTACG,0,3990921
xdhAp2,0.5,1,1,AAAGACTTTTAAGTCTCCGG,0,4007726
xdhAp2,0.5,1,1,AAACTAATTCAACGAGTGAG,0,4006728
xdhAp2,0.5,1,1,AAACTAAGTGCTATCGCCTC,0,4008032
xdhAp2,0.5,1,1,AAACGAAAACTGATCGAAAT,0,3987381
xdhAp2,0.5,1,1,AAAAGTGACGTGCTTCCAAA,0,4003323
xdhAp2,0.5,1,1,AAAAGGTGACAACGACGAGG,0,4008700
xdhAp2,0.5,1,1,AAAAGATTGCGAGCGGGGTC,0,4000146
xdhAp2,0.5,1,1,AAAAGACTAAGGCTGACACG,0,3994242
xdhAp2,55.0,54,0,CCCTACCCGTGCCACTAACG,54,4000085
xdhAp2,54.0,53,0,AACGCAGGTTGGAGAGGCAA,53,4013404
xdhAp2,53.0,52,0,GATACGAATGGTTGGGGAGT,52,3989331
xdhAp2,46.0,45,0,GGAATCATACAGTAATGTAA,45,3994182
xdhAp2,44.0,43,0,AGGCCGCGGTTTGATGCTAA,43,3987605
xdhAp2,41.0,40,0,TGCATCCCGTCCCAAGGGGA,40,3998333
xdhAp2,40.0,39,0,GTCTGATGTGGTGTCGGTAC,39,3987601
xdhAp2,39.0,38,0,CCACGTTATGCGGAACCGTC,38,4012907
xdhAp2,38.0,37,0,CCTGCAGCTTAGTTCGAGGG,37,4000247
xdhAp2,35.0,34,0,CGTCTAGTCTGTAGCTATTC,34,3981918
xdhAp2,34.0,33,0,AGAGGCGCATACCTGCATTT,33,4003549
xdhAp2,33.0,32,0,AATACTCGGATTCAAGAACC,32,3992025
xdhAp2,32.0,31,0,GGATGGTCCACGGCCCGACG,31,3997671
xdhAp2,31.0,30,0,TGCGTGGAAGACCTTAAGGG,30,4003043
xdhAp2,30.0,29,0,TGTTAAGAAATGGTACTTGA,29,4005337
xdhAp2,30.0,29,0,TAAGGATTAGGAATGGTGGG,29,3994753
xdhAp2,29.0,28,0,AATCCCTGCCAAAACTCTAC,28,3998456
xdhAp2,28.0,27,0,CTGGGAAAGGTGTGCGTAGG,27,4011389
xdhAp2,28.0,27,0,CCCATCACAGGCAATATTAG,27,3985339
xdhAp2,27.0,26,0,GCGGCTGCGAATGACGACGG,26,3994858
xdhAp2,26.0,25,0,AGCAGGCATGACAGTCCAAT,25,3995487
xdhAp2,25.0,24,0,CATGCAGAATTTTCCAAACA,24,3999175
xdhAp2,25.0,24,0,AGCGATTGGATCGAGCAAAT,24,4014301
xdhAp2,24.0,23,0,TCTCTTTATCTTGAGTCGGG,23,3983052
xdhAp2,24.0,23,0,GGGGGGATGCGGCTCAAGGT,23,3998783
xdhAp2,24.0,23,0,GAACGCTTCCTGGGACGTGC,23,4013587
xdhAp2,23.0,22,0,GGTATAAAAATGTGATTTTT,22,3983344
xdhAp2,23.0,22,0,GGCCCTTCATACCTGTCCTG,22,4003778
xdhAp2,23.0,22,0,CGTCGGACACATACGTGGTG,22,4002657
xdhAp2,23.0,22,0,CACCAAAGAGTACAGCACAA,22,4008306
xdhAp2,23.0,22,0,AAGTGGCGCACTATAGCGAA,22,4010385
xdhAp2,22.0,21,0,GATACGATTGATATGGCTTA,21,3994676
xdhAp2,22.0,21,0,AGTCGTATCGACTAAAATAT,21,3992573
xdhAp2,22.0,21,0,AGCGGGATCACCTAGATCTT,21,3994332
xdhAp2,21.0,20,0,TTGGGCGCTCCGGCGTTCGC,20,3999269
xdhAp2,21.0,20,0,TTCGGGACTCAATGCAGTCA,20,4005552
xdhAp2,21.0,20,0,TCGTAAGGTTCGGTACACTG,20,4006198
xdhAp2,21.0,20,0,CTTGGTCTGACTCACCTTCG,20,4003431
xdhAp2,21.0,20,0,CTTCTGCTAGTTCTCAAGAT,20,4006561
xdhAp2,20.0,19,0,TATTACACTTTCACACGAAA,19,3998908
xdhAp2,20.0,19,0,GACTGCGCCACCACCGGCCA,19,4008374
xdhAp2,19.0,18,0,TGATAGGATGTCCAGATACT,18,4000796
xdhAp2,19.0,18,0,GCCAGCAACATGCTGAGGGT,18,4006568
xdhAp2,19.0,18,0,GCACTGGTCCCTAATAAACG,18,3990399
xdhAp2,18.0,17,0,TTGTCCGTCTGAAATCTGAA,17,3983658
xdhAp2,18.0,17,0,TGGCTCGGTGATACAAAACT,17,3989452
xdhAp2,18.0,17,0,TATTTACACGTAACTGGTTA,17,4009911
xdhAp2,18.0,17,0,CTTGTTGACCAGATACTATT,17,3987229
xdhAp2,17.0,16,0,TTATCCTATTGGAATTGAAG,16,3984759
xdhAp2,16.0,15,0,TTTAATAGTTAGCTCGCTAG,15,4012276
xdhAp2,16.0,15,0,TTCGTTCCTAACCCGGAACC,15,4004768
xdhAp2,16.0,15,0,TATAATGTAAGTCGCGTATC,15,4000886
xdhAp2,16.0,15,0,GTCTGGCAGGGCACATGTGA,15,4004281
xdhAp2,16.0,15,0,GGAGGCAAGCTCAACGGAGG,15,4006061
xdhAp2,16.0,15,0,CATCGGAGGACTCAGATCGG,15,3988242
xdhAp2,16.0,15,0,ATGTTGAATGTATTCGAGGG,15,4010892
xdhAp2,14.0,13,0,TTGATGGTGGGATTTGGATG,13,4002559
xdhAp2,14.0,13,0,CTAAAAATATAGGCTCCATA,13,3999774
xdhAp2,14.0,13,0,CGTATTCCTCCGTCAGCCAA,13,3988085
xdhAp2,14.0,13,0,AAATTCGGTATGTGTAGGAT,13,3996368
xdhAp2,13.0,12,0,TTAGGCCTAGTGGTTGGCTG,12,4008865
xdhAp2,13.0,12,0,TGGTAGCGCGCGAGATGATC,12,3998509
xdhAp2,13.0,12,0,GTAGTTGCCTGCCGCGGAAC,12,3985635
xdhAp2,13.0,12,0,CGCGGTAAGAATTAGGTCCC,12,3989764
xdhAp2,13.0,12,0,ACGCGCCGACTTGTACTTCG,12,4003561
xdhAp2,12.0,11,0,TTGAGATGTTAATAATGTGT,11,4013741
xdhAp2,12.0,11,0,TACGCACCTGCAAAACGATC,11,4001580
xdhAp2,12.0,11,0,GCAGCGTTCTGCTCAATAAT,11,4009993
xdhAp2,12.0,11,0,CTAGTAAAAGGGCGACCCGT,11,4003446
xdhAp2,12.0,11,0,AGCGCCTTCGAGATAGGATG,11,3995515
xdhAp2,12.0,11,0,AACGGAACATATCCAGGGGA,11,4002231
xdhAp2,11.0,10,0,TTGAATTTTGACCTGTGTCA,10,3985618
xdhAp2,11.0,10,0,GCGGAAGGCGTCTCTGGCCC,10,4000103
xdhAp2,11.0,10,0,ATGCACTCTTAGTATGCGTA,10,4007517
xdhAp2,11.0,10,0,AGAGCCGAATGACATGAGCT,10,4012549
xdhAp2,11.0,10,0,AATATCTTCTAGCAGATCAA,10,4011386
xdhAp2,10.0,9,0,TGTAGCAACAAGTCCATCAC,9,4003812
xdhAp2,10.0,9,0,TAAGTTCAAATGACCCGGGG,9,4006993
xdhAp2,10.0,9,0,GTGACCCGCCTTCGAGCATA,9,3997562
xdhAp2,10.0,9,0,GGTAACAAAGTTGAACATCA,9,3986215
xdhAp2,10.0,9,0,GGGAACAAAGGGCCAGCTCT,9,4008002
xdhAp2,10.0,9,0,CTTAGGGTCGATACTTCCGG,9,4010969
xdhAp2,10.0,9,0,CGTTGATCCCTATACCTCAT,9,3990063
xdhAp2,9.0,8,0,TAAGCGTACAACCGATTGGG,8,3999670
xdhAp2,9.0,8,0,GCCTGAATACTCTGTCGTGC,8,4002734
xdhAp2,9.0,8,0,GCCCTTCACAGGAAATTCTA,8,4005982
xdhAp2,9.0,8,0,CCGCCCGCTGTTACACGCGG,8,3987219
xdhAp2,8.0,7,0,TTATGTTTCTCCACACCACA,7,4010076
xdhAp2,8.0,7,0,GCGCTTTAAGTAGCGCGGCG,7,4014073
xdhAp2,8.0,7,0,GCGCATAGTGGCAGGGTTAT,7,3996695
xdhAp2,8.0,7,0,CAGCACGAACGGGGCCTAGA,7,3984534
xdhAp2,8.0,7,0,AGGAAGAGATTGATGACGAC,7,3991105
xdhAp2,8.0,7,0,AAATGCTACCAGAGTCCGAG,7,3992819
xdhAp2,7.0,6,0,TGACGATTACCGGCAAGTTT,6,4008971
xdhAp2,7.0,6,0,TCTGTTAATGACCTGCTCGC,6,4011665
xdhAp2,7.0,6,0,TCGTGGCAAGGGAACACGTA,6,4004002
xdhAp2,7.0,6,0,TCACGCTGCTGTTAATTTCA,6,3989656
xdhAp2,7.0,6,0,ATCAACAACGGACCAAACTC,6,4009484
xdhAp2,7.0,6,0,AGGTATTTTTCGGCAGTCCG,6,4002669
xdhAp2,7.0,6,0,AATTTAATCTGATCCCCCTA,6,4003841
xdhAp2,6.0,5,0,TGCTGTGTCCCTTGTAACCT,5,4008765
xdhAp2,6.0,5,0,GCTAGTCGAAAAGTCATGAC,5,3996613
xdhAp2,6.0,5,0,CCTGCTTTTGCTGCGCAAAC,5,3989681
xdhAp2,6.0,5,0,CCTGATGCAGCCAAGGATAC,5,4002443
xdhAp2,6.0,5,0,CCCTGACGCGCTTTGCATAC,5,4008556
xdhAp2,6.0,5,0,AGCCTTCCGTGAGGACTTCA,5,4001008
xdhAp2,6.0,5,0,ACGGTCCCGTTTTTTGTATA,5,4010069
xdhAp2,6.0,5,0,ACCACCTTTATCGATCACGA,5,3998586
xdhAp2,6.0,5,0,AATCCGCGCGCGTGGTGAAA,5,3992817
xdhAp2,5.0,4,0,GTAATAGATCCAGTCAGATT,4,3986634
xdhAp2,5.0,4,0,GGTGTTTGCTCCCGGTTCGT,4,3982151
xdhAp2,5.0,4,0,GGCTGTTAGGTCTAGGATTT,4,4010018
xdhAp2,5.0,4,0,GGCAAATGAGAGTCGGAATT,4,4011186
xdhAp2,5.0,4,0,GCACTGTCCGATGCTTGTAG,4,4010095
xdhAp2,5.0,4,0,CGATCTCCGGTATTATGTAG,4,4005186
xdhAp2,5.0,4,0,CCGGGATTTGACCAAGGACA,4,3999058
xdhAp2,5.0,4,0,CCGCGAATAAGCGTGCCGGG,4,4000911
xdhAp2,5.0,4,0,CATTGCGCCGGACAGTTCAA,4,3990468
xdhAp2,5.0,4,0,AGTGCAACGCGGGCTTATTA,4,4008120
xdhAp2,5.0,4,0,AGGTTACGCAAGGAGTAGTG,4,4008106
xdhAp2,5.0,4,0,ACTCGCTCGTGGTAGTAACA,4,3989459
xdhAp2,4.0,3,0,TGGAGGCAACTCGTTCAGAG,3,4008336
xdhAp2,4.0,3,0,TACTAGATGTCACGCTGCTC,3,3990057
xdhAp2,4.0,3,0,GTGTTTAGTCTACTGTTATG,3,3988961
xdhAp2,4.0,3,0,GGGAGGCCCAATCTCATGCG,3,3993359
xdhAp2,4.0,3,0,GCTCGCTACCCTTTCAGGCA,3,4004020
xdhAp2,4.0,3,0,CAGGCTGCGGCGCGCATCTC,3,3999757
xdhAp2,4.0,3,0,CAGAGGGCGATTCGCTTTGC,3,4004209
xdhAp2,4.0,3,0,CAGAGCTGACAGAGTTCTTG,3,3987925
xdhAp2,4.0,3,0,AGCCTCAAGATCGGTGAGGT,3,3984907
xdhAp2,4.0,3,0,ACTCGCCCGATGCTTTGAGA,3,4001068
xdhAp2,3.0,2,0,TGATGTGTTACTGAGCTGTC,2,3991199
xdhAp2,3.0,2,0,GTGGCAGGAAACTGGCAAAC,2,3995219
xdhAp2,3.0,2,0,GGTCTCATTATCTTATGACA,2,3988183
xdhAp2,3.0,2,0,GGCGACTCACCCTGAGGATG,2,3988851
xdhAp2,3.0,2,0,GCACACGTATGTCGCATAGT,2,3997073
xdhAp2,3.0,2,0,GACGTTATCTTCGGCGCTTG,2,3986775
xdhAp2,3.0,2,0,GAACTAAAGTGTCCTTCTAA,2,4001054
xdhAp2,3.0,2,0,CCTGTCATCTTACACTACAC,2,3984023
xdhAp2,3.0,2,0,ATTGCCAAATATTTGTAAAT,2,4014203
xdhAp2,3.0,2,0,AACGTCGTTTTCGCCCCAGG,2,3988643
xdhAp2,2.0,1,0,TTGCCCCGTAAGGTTAGGCC,1,4011152
xdhAp2,2.0,1,0,TTGAAAGCATTAGCCCAGTA,1,4002296
xdhAp2,2.0,1,0,TGTTTGCCATGCGCCTATGG,1,4001056
xdhAp2,2.0,1,0,TGTCATGAGTCACTCCTTGT,1,3985688
xdhAp2,2.0,1,0,TGCGTTAAAACGGGGCAACA,1,3983393
xdhAp2,2.0,1,0,TGAGTCATGACGCAATTCAA,1,3982460
xdhAp2,2.0,1,0,TCCCATCGCGATGTCCCTCC,1,4003995
xdhAp2,2.0,1,0,TAAATCGCATAGGGGCAGGG,1,4006872
xdhAp2,2.0,1,0,GTTGTGGGTGAGTGCTACCT,1,4003490
xdhAp2,2.0,1,0,GTCACACAGTAATCGATGCC,1,3996078
xdhAp2,2.0,1,0,GGTCCTGGTCAGCCGGTCCG,1,3991573
xdhAp2,2.0,1,0,GGGTTCCTATCATTGCAAGA,1,4010302
xdhAp2,2.0,1,0,GGCTACTCTATCTAGTATAC,1,3992057
xdhAp2,2.0,1,0,GGATATACTGCCAATAATAT,1,3997355
xdhAp2,2.0,1,0,GCGAGCTGTTGGTCAAACGC,1,3989597
xdhAp2,2.0,1,0,GATCGAAGTACCCGCCCGGG,1,3994673
xdhAp2,2.0,1,0,GATAGACTCTGCTCAATTTA,1,4013122
xdhAp2,2.0,1,0,CTGAGTGGACGTACAACCAC,1,3997631
xdhAp2,2.0,1,0,CTCGAGGTGGTTTAAAACGT,1,3987557
xdhAp2,2.0,1,0,CGTTATGCAGAATAACATCT,1,3985313
xdhAp2,2.0,1,0,CGTGTAATTGGGCACTTTAG,1,3998152
xdhAp2,2.0,1,0,CGCGGGCAAGGGGCTCCTGC,1,4010049
xdhAp2,2.0,1,0,CGATTCCTCTCTTTTAGAAG,1,4010617
xdhAp2,2.0,1,0,CGACGGTTGACTTACACTAT,1,3989326
xdhAp2,2.0,1,0,CGAAACGCTCAGCGTGGTCT,1,4011706
xdhAp2,2.0,1,0,CCTGGTGTAAGATCCGATAT,1,3986145
xdhAp2,2.0,1,0,CCGGGGGATGTGCATGAGAT,1,3984079
xdhAp2,2.0,1,0,CCGAAGTAAGATAAGGCGCG,1,4000704
xdhAp2,2.0,1,0,ATTCGATATAAGTTAGAAAT,1,4003547
xdhAp2,2.0,1,0,ATCTGACCCTACCTTACAGC,1,3994587
xdhAp2,2.0,1,0,ATCTAAATTTAGTATATCCT,1,3984910
xdhAp2,2.0,1,0,AGGGTAACGTCTGCCAACCC,1,4003529
xdhAp2,2.0,1,0,AGGGGGTGAAAGGTAACAGG,1,4010212
xdhAp2,2.0,1,0,AGGCCACGAAATTCTGTTTC,1,3998618
xdhAp2,2.0,1,0,ACCACCAATCAGACCGCGCA,1,3990232
xdhAp2,2.0,1,0,ACAATATCATGTGAGACTTC,1,3998638
xdhAp2,2.0,1,0,AATTTCCCTGGAAGCCTCTG,1,3991360
xdhAp2,2.0,1,0,AATCTGGATAGTCCTCCCTC,1,3990583
xdhAp2,2.0,1,0,AAGATGACTTTCGGTGTGTT,1,3999494
