name,relative_counts,ct,ct_0,barcode,ct_1,barcode_ind
ratA_yfjF_predicted,0.017857142857142856,112,111,TTCCCATCCGTTAATGCGGC,1,3011014
ratA_yfjF_predicted,11.292134831460674,1092,88,TTGGGACAAGGTATACTGAT,1004,3005897
ratA_yfjF_predicted,0.04878048780487805,84,81,GGGGAACGCTGGGGGTGATA,3,2991817
ratA_yfjF_predicted,10.824324324324325,873,73,AGGTAATGCTACCATGAGAC,800,2991963
ratA_yfjF_predicted,0.029411764705882353,68,67,GGTGGATTAAGTAGGCGCTT,1,2992288
ratA_yfjF_predicted,0.031746031746031744,63,62,ATGTTAACAGCGATGAGGAT,1,2994519
ratA_yfjF_predicted,0.06557377049180328,63,60,GGGTTTACTAAATTCCACCT,3,3001980
ratA_yfjF_predicted,0.03773584905660377,53,52,GTAAGATTGCTCATAGAGGA,1,3014092
ratA_yfjF_predicted,0.04,50,49,ACCACCATATGAGTACGTCT,1,2997631
ratA_yfjF_predicted,0.0425531914893617,47,46,GGACAATTGATCCTAAGCGA,1,2999128
ratA_yfjF_predicted,19.681818181818183,908,43,GGCTTTTATCGTCTAGAATG,865,3004476
ratA_yfjF_predicted,0.045454545454545456,44,43,CGCCCACCGTCTCAGCACGG,1,3012536
ratA_yfjF_predicted,0.046511627906976744,43,42,AAAAATGGCTTCGTGACCGT,1,2993603
ratA_yfjF_predicted,0.047619047619047616,42,41,TGGTTTACTAGACCAGCAAA,1,2992592
ratA_yfjF_predicted,0.047619047619047616,42,41,CGCAGTCGTGAGAACGGCTA,1,2993346
ratA_yfjF_predicted,0.05128205128205128,39,38,GCGCTATCAAATTGGTACGT,1,3003721
ratA_yfjF_predicted,0.07894736842105263,39,37,TCCGGAAGGATATACAGGCA,2,3006682
ratA_yfjF_predicted,0.05405405405405406,37,36,ACCAACGACCGCTAACGGCA,1,2992009
ratA_yfjF_predicted,0.05555555555555555,36,35,TTTCCATACAAGCGACGCTC,1,3004970
ratA_yfjF_predicted,26.11111111111111,974,35,GGGTTAAAGACGAGTGCGTA,939,3002333
ratA_yfjF_predicted,0.05714285714285714,35,34,AGGTATCTTCTCATAGGATG,1,2999694
ratA_yfjF_predicted,0.05714285714285714,35,34,ACGAGGGCTTCTTCACCACG,1,2992689
ratA_yfjF_predicted,0.08571428571428572,36,34,AACGTGGATAGGGCCGGACT,2,2991933
ratA_yfjF_predicted,0.058823529411764705,34,33,TACAACACACGCGGCGGAAA,1,2998965
ratA_yfjF_predicted,0.058823529411764705,34,33,GCGAACCTCTTTCGCACGCA,1,2993134
ratA_yfjF_predicted,0.12121212121212122,35,32,TTTGATCCCGCGCGAGAAAT,3,2994951
ratA_yfjF_predicted,0.06060606060606061,33,32,CGCAACGCGAAACGCGGTAA,1,3018640
ratA_yfjF_predicted,0.06060606060606061,33,32,ACATACCCGAAGGCGGCCTT,1,3009668
ratA_yfjF_predicted,0.06666666666666667,30,29,AATGCCGGGAGTGGCGTGCA,1,2998660
ratA_yfjF_predicted,0.10344827586206896,30,28,CATCCGCTGGGCCAGTGCAT,2,2995737
ratA_yfjF_predicted,0.06896551724137931,29,28,AGTGCTAAAGGTAAGCCCTA,1,3001157
ratA_yfjF_predicted,0.10344827586206896,30,28,ACCGGTCACTAGCACCGCAA,2,2996908
ratA_yfjF_predicted,0.07142857142857142,28,27,TATGAGTCTCGGCGTTGTGT,1,3001335
ratA_yfjF_predicted,0.07142857142857142,28,27,GTCAGGCGCGCAGCCTATTT,1,2994319
ratA_yfjF_predicted,0.07142857142857142,28,27,GTCAAGTTCGTCCGTGGCTG,1,2998598
ratA_yfjF_predicted,0.07142857142857142,28,27,GAATGGCTGCTTGACACTGG,1,2998134
ratA_yfjF_predicted,0.10714285714285714,29,27,CGTGTCTTGCGGACTGGAAT,2,2992813
ratA_yfjF_predicted,0.07142857142857142,28,27,AAACGGTGCATCAAAGGCAT,1,3011577
ratA_yfjF_predicted,0.1111111111111111,28,26,GTTGACATGGTCCAGAGTTC,2,3008553
ratA_yfjF_predicted,0.07407407407407407,27,26,ACACTGAGACTCTTAGGATG,1,2992371
ratA_yfjF_predicted,35.96153846153846,959,25,GCTATCCACTAATAGGGGAT,934,2993367
ratA_yfjF_predicted,0.07692307692307693,26,25,CAGATTTCGAGATCGGACGA,1,3016687
ratA_yfjF_predicted,0.08,25,24,TCTGGACACGCCAGGGTGAA,1,3006417
ratA_yfjF_predicted,0.08,25,24,TCCTCTGATGCAGAATAGGT,1,2993790
ratA_yfjF_predicted,0.08,25,24,CGGGTTCGTAGTGACTAACG,1,2997638
ratA_yfjF_predicted,0.08,25,24,CCTAATGAAAGAACGCGATT,1,3018963
ratA_yfjF_predicted,0.08,25,24,CATTTTGGAATGTCTGGGTC,1,2994190
ratA_yfjF_predicted,0.08,25,24,AGGCTCCATCAAAGTGCGGT,1,2994064
ratA_yfjF_predicted,18.875,475,23,GTTGTAGCGGAAGACTCGCG,452,3006791
ratA_yfjF_predicted,0.08333333333333333,24,23,ATGCCTCCCTGGACCCATTG,1,3003609
ratA_yfjF_predicted,0.13043478260869565,24,22,TGTAAGGCAAACTTCTGATC,2,2992848
ratA_yfjF_predicted,43.26086956521739,1016,22,AATAAAAGTCCGCTCTGATC,994,3020975
ratA_yfjF_predicted,0.09090909090909091,22,21,TCACCCCGAAACGTAGCTTA,1,3011776
ratA_yfjF_predicted,0.09090909090909091,22,21,GTCTGGCCTTGCGCGGCGCT,1,2994659
ratA_yfjF_predicted,0.09090909090909091,22,21,GCTGTTGCAGGCCTTTCGTC,1,3013151
ratA_yfjF_predicted,38.0,856,21,CCGAAGTGTCCGTTCCATTT,835,3017025
ratA_yfjF_predicted,0.09090909090909091,22,21,CACAGAGCAAGATTCCCAAG,1,3015688
ratA_yfjF_predicted,0.09090909090909091,22,21,ATGATTGCCTGACGTGTGCA,1,2995139
ratA_yfjF_predicted,0.09090909090909091,22,21,AGCTCTGCCCTGTGCGTGGA,1,2992249
ratA_yfjF_predicted,0.14285714285714285,22,20,TTGCCTTGGAATGGCGACTA,2,2992193
ratA_yfjF_predicted,0.09523809523809523,21,20,GCTACATTGGGGTGGACACA,1,2999113
ratA_yfjF_predicted,36.285714285714285,781,20,GAGTTTGGGCCTCGGTGTAT,761,3021596
ratA_yfjF_predicted,0.09523809523809523,21,20,CCGTAACGTCCAATCGGGAC,1,3005563
ratA_yfjF_predicted,0.09523809523809523,21,20,CCATCGTAAAAGGCCGCGAA,1,3004481
ratA_yfjF_predicted,0.09523809523809523,21,20,CAACGTACAACGATCGAGAT,1,2996866
ratA_yfjF_predicted,0.1,20,19,TTCCTAACCTTACCTCCGTT,1,3007769
ratA_yfjF_predicted,0.1,20,19,TGTCTTATTAGACAGGGTTA,1,2992760
ratA_yfjF_predicted,0.1,20,19,TCCGGAAGAAGAATGGGGCT,1,3003820
ratA_yfjF_predicted,0.1,20,19,GTTATTATACTCTTGAACGT,1,3000971
ratA_yfjF_predicted,0.1,20,19,GGCAACCCCCGGGGGTAGGA,1,3001344
ratA_yfjF_predicted,0.1,20,19,CTGCAGCACGAGCGTATAGT,1,3015157
ratA_yfjF_predicted,0.1,20,19,CGGAAAGTGTGTGGGCCTAA,1,2993892
ratA_yfjF_predicted,0.1,20,19,CCTGTGTACTGTCAGGAGGG,1,2995164
ratA_yfjF_predicted,0.1,20,19,AGGTTACGCTCGGCGAACGG,1,3001662
ratA_yfjF_predicted,0.15,21,19,ACGCAAGGTGAGACTCTGAT,2,3002305
ratA_yfjF_predicted,13.210526315789474,268,18,TTTCCAACCGATGAGTCGTA,250,3003674
ratA_yfjF_predicted,0.10526315789473684,19,18,GGGCATTCTTATGTGAGTGT,1,3009826
ratA_yfjF_predicted,0.10526315789473684,19,18,CTGTTCGTCATTGGAATGTT,1,3000303
ratA_yfjF_predicted,0.10526315789473684,19,18,CATCCTTTCCCAAGACGTCA,1,3013769
ratA_yfjF_predicted,0.10526315789473684,19,18,CATAGTGCCTGATATGCGAA,1,3011192
ratA_yfjF_predicted,0.16666666666666666,19,17,TTTTTCATAATGTTTATGTT,2,3019856
ratA_yfjF_predicted,0.1111111111111111,18,17,TTCGTCTAGTTTCTCTTTGC,1,2991868
ratA_yfjF_predicted,0.1111111111111111,18,17,TGGTGGTCGTCGCGGGAGTG,1,3000150
ratA_yfjF_predicted,0.1111111111111111,18,17,TCTACATATCGCCTCAGCTT,1,3003055
ratA_yfjF_predicted,0.1111111111111111,18,17,GCGGTGTCCAACTTCGTACG,1,3007519
ratA_yfjF_predicted,0.1111111111111111,18,17,CTTGCGAATACAGTTGTGAG,1,2999871
ratA_yfjF_predicted,0.1111111111111111,18,17,CCCAAGTAGTCGTCGTTTAT,1,3005314
ratA_yfjF_predicted,0.1111111111111111,18,17,ACCTAGTTTATTTTAACATG,1,3012321
ratA_yfjF_predicted,13.38888888888889,257,17,ACCCTGAGGTGTGCAGGCAT,240,2995533
ratA_yfjF_predicted,27.72222222222222,515,17,AACCGTGTGGACTCCGCCTA,498,3005162
ratA_yfjF_predicted,15.294117647058824,275,16,TAAAGCGTTCCGACATGTAA,259,3000376
ratA_yfjF_predicted,0.11764705882352941,17,16,GGTACTAGATCACACGGGCT,1,3009652
ratA_yfjF_predicted,0.11764705882352941,17,16,GAAACATATTCGAGCTATAC,1,3001171
ratA_yfjF_predicted,53.76470588235294,929,16,CTGTCACATTTGATCACACG,913,3018458
ratA_yfjF_predicted,38.0,661,16,CGACCTTTCATTATTATGTT,645,3007069
ratA_yfjF_predicted,0.11764705882352941,17,16,CCGAAGCTGGTAGTCTACGC,1,3007294
ratA_yfjF_predicted,0.11764705882352941,17,16,CCCAGGCTACTTCCTTAATC,1,2994751
ratA_yfjF_predicted,44.05882352941177,764,16,CACAGTGCTTCCCTGCTATG,748,3011831
ratA_yfjF_predicted,0.11764705882352941,17,16,AGTCTATGAGCTACTCCCGT,1,3007803
ratA_yfjF_predicted,14.352941176470589,259,16,AAGTCAAGGCGTTTCCTCGA,243,3006961
ratA_yfjF_predicted,0.1875,17,15,TTAATTTGGTCTCAGTGTTA,2,3006577
ratA_yfjF_predicted,45.375,740,15,TGCGTGGCCACCGAGAGCAT,725,3015500
ratA_yfjF_predicted,0.125,16,15,TACCGTAGATTAAGAGGTCT,1,2998151
ratA_yfjF_predicted,39.5,646,15,GCTGTGAGCTAGCGCGATCA,631,3014563
ratA_yfjF_predicted,0.125,16,15,GCATCTTATGATAGGTCGAA,1,2995179
ratA_yfjF_predicted,0.125,16,15,GAGTCCGCTCAGACGTGGGT,1,3012995
ratA_yfjF_predicted,0.125,16,15,CGGATCATTATTTACACGGT,1,2991945
ratA_yfjF_predicted,0.1875,17,15,CGCTGGCCCCCCTGTGCACA,2,2995256
ratA_yfjF_predicted,64.5625,1047,15,CAGAACTTAATGATTCAGGC,1032,3005246
ratA_yfjF_predicted,0.125,16,15,AGGTAGCTCGGAGTAGTCTT,1,2997045
ratA_yfjF_predicted,63.0625,1023,15,ACTCACCCAAGGAGCATCGC,1008,3016437
ratA_yfjF_predicted,0.125,16,15,ACGGTGGGTCAGGGATTTAC,1,3012224
ratA_yfjF_predicted,0.125,16,15,ACCGCCTTTCTTGAGGTGCA,1,2998780
ratA_yfjF_predicted,0.13333333333333333,15,14,GGGGGTTCTATTCGCCGCTA,1,3019204
ratA_yfjF_predicted,59.4,904,14,GCTTAATGCATCTTAACTCA,890,2994236
ratA_yfjF_predicted,0.13333333333333333,15,14,GCGCCATATCCTAGCGGTCG,1,2995111
ratA_yfjF_predicted,0.13333333333333333,15,14,GCGATGCGGCAACCAAACCA,1,3015896
ratA_yfjF_predicted,0.13333333333333333,15,14,GCCTCCGGAGACTCAGTACT,1,2995856
ratA_yfjF_predicted,0.13333333333333333,15,14,GATGAAACGGTCCCCGTAAA,1,2997194
ratA_yfjF_predicted,0.13333333333333333,15,14,CTGTTCCACCAGCATACTCT,1,2993591
ratA_yfjF_predicted,0.13333333333333333,15,14,CAAAGTTCACAGCTGCTGAT,1,3001606
ratA_yfjF_predicted,0.2,16,14,AGCTACACCTATTTCACGGG,2,3015567
ratA_yfjF_predicted,0.13333333333333333,15,14,ACACGCGGTATAAAGACGAA,1,3011230
ratA_yfjF_predicted,0.2,16,14,AAATCAAGTAGCGTATATAA,2,2993441
ratA_yfjF_predicted,0.14285714285714285,14,13,TACTGGTTTAGACCCTAATA,1,2992180
ratA_yfjF_predicted,0.14285714285714285,14,13,GGTTTTTGCCTTTAGCCAGT,1,2995755
ratA_yfjF_predicted,0.14285714285714285,14,13,GCACTCTGGTGCCTAAACTT,1,2997725
ratA_yfjF_predicted,61.5,873,13,GACTCTGGGGGAATGGACGA,860,2998312
ratA_yfjF_predicted,0.14285714285714285,14,13,CCGCATTTCGATAGAGCTAG,1,3015665
ratA_yfjF_predicted,0.14285714285714285,14,13,CCAACTCTTGGCCGGACCCA,1,3007504
ratA_yfjF_predicted,0.14285714285714285,14,13,CATCGCCGTGGACTAAGTGT,1,3013791
ratA_yfjF_predicted,0.14285714285714285,14,13,CATCCGGACCCCCTCCTACA,1,2995012
ratA_yfjF_predicted,0.14285714285714285,14,13,CACAGTTACGTCCAAAAGAT,1,2999872
ratA_yfjF_predicted,0.14285714285714285,14,13,CAAAATGATTGCAGGTATCA,1,2993070
ratA_yfjF_predicted,0.14285714285714285,14,13,AGGGGTGAATATCAAGACAC,1,2993974
ratA_yfjF_predicted,0.14285714285714285,14,13,AGGGGCATCGGGCCTAAGGA,1,2993893
ratA_yfjF_predicted,0.14285714285714285,14,13,AGCAGCTGGAGGTTGAACTC,1,3002274
ratA_yfjF_predicted,0.14285714285714285,14,13,ACTTACGGTGCTAGTCCACT,1,3002306
ratA_yfjF_predicted,0.14285714285714285,14,13,AATAGTTACGCTCTGAGTTT,1,3002544
ratA_yfjF_predicted,0.14285714285714285,14,13,AACCGGGCACAGTCTGATCT,1,3018030
ratA_yfjF_predicted,0.15384615384615385,13,12,TTATCTTCCTAAATGGGGGA,1,2996845
ratA_yfjF_predicted,0.15384615384615385,13,12,TCGTGAGCTCGGCTCGTCTA,1,2995688
ratA_yfjF_predicted,0.15384615384615385,13,12,TCAGACAAGCATTAGCTGAA,1,2994952
ratA_yfjF_predicted,0.15384615384615385,13,12,GGTCCGGAGTACCCAAGTGT,1,3017314
ratA_yfjF_predicted,0.15384615384615385,13,12,GGCAGTTGGAGACCGCCATT,1,3014443
ratA_yfjF_predicted,0.23076923076923078,14,12,CTTCCGGCAACTGAATAAAT,2,3017043
ratA_yfjF_predicted,0.15384615384615385,13,12,CTCGGAGCTGCTTACTGAGT,1,3007412
ratA_yfjF_predicted,0.15384615384615385,13,12,CGGCTTTCTCGTAGTAGTTC,1,3001836
ratA_yfjF_predicted,0.15384615384615385,13,12,CGGATCGCTTTAGGTCTTCG,1,2994710
ratA_yfjF_predicted,0.15384615384615385,13,12,CCCTACGGCGGAGTCTGCCT,1,2998179
ratA_yfjF_predicted,0.15384615384615385,13,12,AGGAACTTCGAATCGTGGTT,1,3015216
ratA_yfjF_predicted,0.15384615384615385,13,12,ACTTTTGATACTGAAAGCAA,1,3001514
ratA_yfjF_predicted,0.15384615384615385,13,12,ACAGCTAAGAGGGTAGAGGT,1,2996203
ratA_yfjF_predicted,73.23076923076923,963,12,ACACCTTGTGTAATGAGCCC,951,2993196
ratA_yfjF_predicted,0.15384615384615385,13,12,AACGTAACTAAAGACGTACA,1,3008722
ratA_yfjF_predicted,98.58333333333333,1193,11,TTTGGTATACGTGACCATGG,1182,3005293
ratA_yfjF_predicted,0.16666666666666666,12,11,TTTAAGTTTAATCCCGGAGC,1,2997936
ratA_yfjF_predicted,0.16666666666666666,12,11,TTGGAGGAGAAATGGCAGGT,1,2997560
ratA_yfjF_predicted,0.16666666666666666,12,11,TTCAGGTCATGCACAGACTC,1,2993136
ratA_yfjF_predicted,0.16666666666666666,12,11,TTATACGAGAACTTGAACCC,1,3001262
ratA_yfjF_predicted,0.16666666666666666,12,11,TGTACGCTCGCAATGACATC,1,2995168
ratA_yfjF_predicted,0.16666666666666666,12,11,TCAGCGGGCCAACTTGTATT,1,3014006
ratA_yfjF_predicted,263.1666666666667,3168,11,GTAAGTAAGAGCCAAGCTAT,3157,3002411
ratA_yfjF_predicted,0.16666666666666666,12,11,GGGGGTGGATGGCAGCGATC,1,3002094
ratA_yfjF_predicted,0.16666666666666666,12,11,GGATGGTACTTCCGAGAAGT,1,3001792
ratA_yfjF_predicted,0.16666666666666666,12,11,GAACTTGTTTTCCCATGAAA,1,3002177
ratA_yfjF_predicted,0.16666666666666666,12,11,ATCGAGTTCAGGGGGGTCCG,1,3001123
ratA_yfjF_predicted,0.16666666666666666,12,11,AGGGTGCACGGCGCCACGCG,1,2992788
ratA_yfjF_predicted,0.16666666666666666,12,11,ACGTCATCAATCGCTTTCGG,1,2997008
ratA_yfjF_predicted,0.16666666666666666,12,11,AATGATTAGTGTGAAGCATC,1,2992238
ratA_yfjF_predicted,79.75,967,11,AACTATACCTACCGGAAGGG,956,3006920
ratA_yfjF_predicted,0.18181818181818182,11,10,TTTAATGCGTGAGAGCAACA,1,2995508
ratA_yfjF_predicted,93.18181818181819,1034,10,TGTGGATGTTGAGTGAAAGT,1024,2998597
ratA_yfjF_predicted,89.81818181818181,997,10,TCTTTGCTTTAATACGCCTT,987,3020063
ratA_yfjF_predicted,0.18181818181818182,11,10,TCCCTATCCAGACGACGTCA,1,3007950
ratA_yfjF_predicted,0.18181818181818182,11,10,TATATGGACTACAACTCCGA,1,2998061
ratA_yfjF_predicted,0.18181818181818182,11,10,GTTTGGCCGAAGGAGCTAAA,1,2996265
ratA_yfjF_predicted,0.18181818181818182,11,10,GTATAACTTGCAAAGAGTAT,1,2996236
ratA_yfjF_predicted,0.18181818181818182,11,10,GGGGGTGTATACCTAGTAAG,1,2995340
ratA_yfjF_predicted,0.18181818181818182,11,10,GGGCGGGCGGTACTCAGTGT,1,2996317
ratA_yfjF_predicted,39.63636363636363,445,10,GGGCGCGCCATCCCAAGGGA,435,2996669
ratA_yfjF_predicted,0.18181818181818182,11,10,GCAAACTTCGCGTCACGCGC,1,3017485
ratA_yfjF_predicted,0.18181818181818182,11,10,GAGGAATGGCAAGTTGTATT,1,3012781
ratA_yfjF_predicted,0.18181818181818182,11,10,CTCCTATAGCCTTGTTTAGT,1,3019698
ratA_yfjF_predicted,0.18181818181818182,11,10,CGCGTACGCACTTGGCCGCA,1,3009757
ratA_yfjF_predicted,0.18181818181818182,11,10,CGCATCTACCGATCAGCCGA,1,2997391
ratA_yfjF_predicted,0.18181818181818182,11,10,CCTTTATCAGCCGTTGTTGG,1,2993001
ratA_yfjF_predicted,0.18181818181818182,11,10,CATCTTACGCTTTATCGGCC,1,3005832
ratA_yfjF_predicted,0.2727272727272727,12,10,CAATTGGATTCTTTGTGCTA,2,3001501
ratA_yfjF_predicted,0.18181818181818182,11,10,ATGGACGTTCTGACTACAGC,1,3006862
ratA_yfjF_predicted,96.45454545454545,1070,10,AGATAGTAACTACACGACGA,1060,3015201
ratA_yfjF_predicted,0.18181818181818182,11,10,AAGATGTGTTGGCAGAATGA,1,2992691
ratA_yfjF_predicted,77.54545454545455,862,10,AAACCCGATTGGGTACGCAA,852,3015255
ratA_yfjF_predicted,0.2,10,9,TTGACTACGACCACTTCGTG,1,3011015
ratA_yfjF_predicted,49.7,505,9,TTGAACGAGAATTGCATCGC,496,2995495
ratA_yfjF_predicted,0.2,10,9,TTCATTATTGCGGTGGTAAG,1,2998223
ratA_yfjF_predicted,0.2,10,9,TATCAATCGAGATGCGACTA,1,3008760
ratA_yfjF_predicted,0.3,11,9,TAGGAGACGAAGGGATGAAC,2,3000377
ratA_yfjF_predicted,0.2,10,9,TAGCTCAGGCATTTTACATC,1,2996167
ratA_yfjF_predicted,0.2,10,9,GTTACTCTCCGGTTATATTT,1,3000255
ratA_yfjF_predicted,80.4,812,9,GGTCCTCGCAGCCGCGTGTA,803,3018381
ratA_yfjF_predicted,139.7,1405,9,GGCTACCCGGTTGCCCTCAC,1396,2995872
ratA_yfjF_predicted,0.2,10,9,GCATTCCGTCAACTTCGGCC,1,3011711
ratA_yfjF_predicted,0.2,10,9,CTTCAGGGTCGTGGTTGTGG,1,3012478
ratA_yfjF_predicted,0.2,10,9,CTGACTCCAGTTGTCAGTAA,1,2992509
ratA_yfjF_predicted,0.2,10,9,CCGGGAGGGTGAGTAGAGCA,1,3007796
ratA_yfjF_predicted,0.2,10,9,CCGAGGCCAGGAGACAGAAT,1,3003158
ratA_yfjF_predicted,0.2,10,9,CATTTGACGACGAGGGAGGA,1,3007846
ratA_yfjF_predicted,5.6,64,9,ATGTTCATGACCTTTATCCT,55,3015743
ratA_yfjF_predicted,0.2,10,9,AAGTGGATTGGGTACATAAT,1,2996666
ratA_yfjF_predicted,0.2222222222222222,9,8,TTAATGGCGGCTACGATAGT,1,3001174
ratA_yfjF_predicted,0.2222222222222222,9,8,TGGTGAAACGAAAATTCACG,1,3002448
ratA_yfjF_predicted,0.2222222222222222,9,8,TGCATACGGGCGACGGACGT,1,3018871
ratA_yfjF_predicted,0.2222222222222222,9,8,TATTAAATACAATCAGAAAA,1,3002950
ratA_yfjF_predicted,58.333333333333336,532,8,TAGAGGCCTAAGAACGTGCT,524,2996834
ratA_yfjF_predicted,0.2222222222222222,9,8,GTTGCGCTAGGTGTAGCCTG,1,3018447
ratA_yfjF_predicted,45.111111111111114,413,8,GTTACTGGTCGCGCCCATTC,405,3004512
ratA_yfjF_predicted,0.2222222222222222,9,8,GTCAGGTGCCTCAGGTTGTG,1,3019158
ratA_yfjF_predicted,0.2222222222222222,9,8,GGCCGGCGGTTGGTTACCAA,1,2997616
ratA_yfjF_predicted,0.2222222222222222,9,8,GAGGAAGTGCAAGTCCGAGA,1,3021030
ratA_yfjF_predicted,197.22222222222223,1782,8,CTGATTGCAGGGCCGTTGAT,1774,3010294
ratA_yfjF_predicted,0.2222222222222222,9,8,CTAATGGTTGGTAGCTCAAC,1,3010565
ratA_yfjF_predicted,0.2222222222222222,9,8,CGAGCGTCACATGGCCGCGT,1,3007862
ratA_yfjF_predicted,0.2222222222222222,9,8,CCTGAGATTACCTATTCGTT,1,3008797
ratA_yfjF_predicted,0.2222222222222222,9,8,CCTCGATATAGGAAGTCCAG,1,2994635
ratA_yfjF_predicted,0.2222222222222222,9,8,CCAGCCGACATTTCTGAGGA,1,3009115
ratA_yfjF_predicted,0.2222222222222222,9,8,AGAAGCGGTGTACTTGAGGC,1,2998022
ratA_yfjF_predicted,0.2222222222222222,9,8,AACTAAGCCTACAGAAAGCA,1,3010309
ratA_yfjF_predicted,0.25,8,7,TTTTCGAAGGGGTGCCCTGC,1,3000875
ratA_yfjF_predicted,0.25,8,7,TTTAGCGTGGGCCATGAATA,1,3009550
ratA_yfjF_predicted,95.0,766,7,TTGGCCACGTTTATTTTATG,759,2994473
ratA_yfjF_predicted,0.25,8,7,TTATGGCTCATCGCTATAGG,1,2995180
ratA_yfjF_predicted,0.25,8,7,TTACTCCGGTTAATGTTCAA,1,3010710
ratA_yfjF_predicted,0.25,8,7,TGTGATAGTAGCGTCTGCTA,1,3008483
ratA_yfjF_predicted,0.25,8,7,TGCCCCCTTCCCATTTGACT,1,2993488
ratA_yfjF_predicted,0.25,8,7,TGATTAGAGGCGCGCACATT,1,3009515
ratA_yfjF_predicted,87.625,707,7,TCGGGAGGGTTAATTTGGCA,700,3016885
ratA_yfjF_predicted,0.25,8,7,TCCGTCCCTCCTAAAGGGAC,1,2996651
ratA_yfjF_predicted,0.25,8,7,TAGCAGTTGTGCATGTGTAC,1,3009312
ratA_yfjF_predicted,0.25,8,7,TACTAAACTGGGACGCCGAC,1,3006119
ratA_yfjF_predicted,0.25,8,7,TACCATTGACCGGAATGTTC,1,3019670
ratA_yfjF_predicted,0.25,8,7,GGAGAACACGCGATACTTCG,1,3011658
ratA_yfjF_predicted,0.25,8,7,GAATCACCTGACAAGCATCA,1,3005898
ratA_yfjF_predicted,0.25,8,7,CTGTTCTATACGGATTGAGC,1,2997692
ratA_yfjF_predicted,77.875,629,7,CTCCCCGACTGGAAGATCAA,622,3000975
ratA_yfjF_predicted,0.25,8,7,CGGGACCTACGTGCCAGGCC,1,3021210
ratA_yfjF_predicted,0.25,8,7,CGAGAAGCCTTCGTTAGATG,1,3015380
ratA_yfjF_predicted,0.25,8,7,CCGCGGTCCCGTACTATCCA,1,3008186
ratA_yfjF_predicted,0.25,8,7,CCCGTAGCAAGCCCATAGTA,1,2992747
ratA_yfjF_predicted,232.375,1865,7,CACTGACGTTACGTCGGCTG,1858,3005452
ratA_yfjF_predicted,0.25,8,7,ATGGCTGCAGGGGAAATGTA,1,3013620
ratA_yfjF_predicted,0.25,8,7,ATCGTCAGCACGAATGTATG,1,2999877
ratA_yfjF_predicted,111.0,894,7,ATCCGTCTCTCTAGCTTAAC,887,3002417
ratA_yfjF_predicted,0.25,8,7,AGCCAGGAATGAACCGGGCG,1,2998215
ratA_yfjF_predicted,0.25,8,7,AGCACTTCATGATATCCGGA,1,3010549
ratA_yfjF_predicted,0.375,9,7,AGATAATTTTTGTCGTATCC,2,3000998
ratA_yfjF_predicted,0.25,8,7,ACGGCCGGGGCATTCTGAAA,1,2992855
ratA_yfjF_predicted,0.25,8,7,ACCAAGACTACCATCACCGC,1,3018866
ratA_yfjF_predicted,0.25,8,7,AATTGGGACCTAGTCTCGGG,1,2997946
ratA_yfjF_predicted,122.875,989,7,AAGAATAAGATTCGTATTAA,982,2994962
ratA_yfjF_predicted,0.2857142857142857,7,6,TTGTCATCCGGGAACTCGCA,1,2993745
ratA_yfjF_predicted,0.2857142857142857,7,6,TTCCGTTGAATGGTATGGGC,1,3018984
ratA_yfjF_predicted,126.0,887,6,TGCCCTTACCACCGATCACG,881,3009099
ratA_yfjF_predicted,125.28571428571429,882,6,TCTGGGGGCAATGACGCCTT,876,3005646
ratA_yfjF_predicted,129.14285714285714,909,6,TCTCTTAGCGTGACCCAGGA,903,3012235
ratA_yfjF_predicted,0.2857142857142857,7,6,GTTCGGCTACGGGGGTCCAT,1,2999865
ratA_yfjF_predicted,0.2857142857142857,7,6,GTGTAGGCGGAGTTAACTTC,1,3000066
ratA_yfjF_predicted,0.2857142857142857,7,6,GTACTGTTGATAGGGCGATA,1,3009327
ratA_yfjF_predicted,0.2857142857142857,7,6,GTAAAACAATAATTCTATGT,1,3014386
ratA_yfjF_predicted,0.2857142857142857,7,6,GGGCGTTGCCGGGGAATGAC,1,2999766
ratA_yfjF_predicted,144.42857142857142,1016,6,GGATCAAAAGATCCTTAACA,1010,3017634
ratA_yfjF_predicted,0.2857142857142857,7,6,GGACAAATTGATTCACCACA,1,3000008
ratA_yfjF_predicted,90.14285714285714,636,6,GCTGTCAGATCACTGCAAAC,630,3007394
ratA_yfjF_predicted,0.2857142857142857,7,6,GAGGGTTAGCGGCACTGATA,1,3015596
ratA_yfjF_predicted,119.57142857142857,842,6,GAACGGGGCAGCTGGATCCG,836,2999627
ratA_yfjF_predicted,0.2857142857142857,7,6,CTACCGTTACCCTCGGCCTA,1,2995978
ratA_yfjF_predicted,0.2857142857142857,7,6,CTAAACGTTGTGGAGCACTG,1,3021590
ratA_yfjF_predicted,0.2857142857142857,7,6,CGCAACGGGGATTCGAGTGA,1,3015975
ratA_yfjF_predicted,0.2857142857142857,7,6,CGAAGTTGTGCATAATCGTG,1,3016511
ratA_yfjF_predicted,0.2857142857142857,7,6,CCTTTCACACTGTGATACGA,1,3016626
ratA_yfjF_predicted,0.2857142857142857,7,6,CCAGCCAGGCCACCACAGTA,1,3000664
ratA_yfjF_predicted,145.28571428571428,1022,6,CCAGATAGGTATGAAAGTCG,1016,3020670
ratA_yfjF_predicted,0.2857142857142857,7,6,CATCGAATCAAGCAATTCTT,1,3009594
ratA_yfjF_predicted,0.2857142857142857,7,6,CAGTGAGTCCGCCGAAGCAG,1,2995790
ratA_yfjF_predicted,0.2857142857142857,7,6,CAATTTAAGTGATAATTCGG,1,3003837
ratA_yfjF_predicted,0.2857142857142857,7,6,CAATCGGAATTGACTTCGGA,1,3011310
ratA_yfjF_predicted,0.2857142857142857,7,6,ATCGGGAGCATTTTGTTTTA,1,3003008
ratA_yfjF_predicted,144.85714285714286,1019,6,ATAGTTAATCTGCCCAAACT,1013,2998316
ratA_yfjF_predicted,0.7142857142857143,10,6,AGGCTCGCGCCGTTTGCTGA,4,3014378
ratA_yfjF_predicted,0.2857142857142857,7,6,AGCGGCTATTTCAATTACGG,1,3006073
ratA_yfjF_predicted,55.57142857142857,394,6,AGCCGTTACTGTGGGCGCTG,388,3006864
ratA_yfjF_predicted,0.2857142857142857,7,6,AGCCCCAGAGCGAGTACCGA,1,3012126
ratA_yfjF_predicted,0.2857142857142857,7,6,ACGGTAAGGAACCTCGGTCA,1,3016806
ratA_yfjF_predicted,0.2857142857142857,7,6,ACAAACGAGCGGAGGGGCCA,1,3002969
ratA_yfjF_predicted,0.2857142857142857,7,6,AAAGAGAGCTGGCCTCGGGT,1,2994677
ratA_yfjF_predicted,0.5,7,5,TTATGATTGTCATACAGCAG,2,3014325
ratA_yfjF_predicted,0.3333333333333333,6,5,TCGTGTGCGTCGCTCTTTTG,1,3008191
ratA_yfjF_predicted,0.3333333333333333,6,5,TCCTCAGGTGTCACGCTATA,1,2995818
ratA_yfjF_predicted,0.3333333333333333,6,5,TATGATATGAAGTCACCAAG,1,2997676
ratA_yfjF_predicted,0.3333333333333333,6,5,TACTTAGTTTTAATAAGCGA,1,3005835
ratA_yfjF_predicted,0.3333333333333333,6,5,TACAGACGAATTTAAGTGAT,1,3015334
ratA_yfjF_predicted,0.3333333333333333,6,5,GTTGCCCTGGTAGCTAACGA,1,2995809
ratA_yfjF_predicted,117.0,706,5,GTTCGGCGCGATGATTTTCG,701,3019467
ratA_yfjF_predicted,0.3333333333333333,6,5,GGTGGCCTAGAGCTGACACG,1,3001201
ratA_yfjF_predicted,0.3333333333333333,6,5,GCCATGATCACATGTATCTT,1,3006882
ratA_yfjF_predicted,0.3333333333333333,6,5,GACGGCTATCGATTTATAGG,1,2998465
ratA_yfjF_predicted,0.3333333333333333,6,5,GAATATTATAGTACCTAACT,1,3001709
ratA_yfjF_predicted,0.3333333333333333,6,5,CTTTGCCACTGGGTGCGTTC,1,2996786
ratA_yfjF_predicted,0.3333333333333333,6,5,CTAGAGAGTGAAAACTAATT,1,3016127
ratA_yfjF_predicted,0.3333333333333333,6,5,CTACTGAAGTCAATCTAGTT,1,3014295
ratA_yfjF_predicted,0.3333333333333333,6,5,CGGGGAGCCACTGCTACTTC,1,3005771
ratA_yfjF_predicted,159.16666666666666,959,5,CCTGTTACGCTCGTTGAAAA,954,3010299
ratA_yfjF_predicted,0.3333333333333333,6,5,CCCCACCGCTCTTGAAGACG,1,3021044
ratA_yfjF_predicted,87.0,526,5,CAGGAGTATAATAGGTATCC,521,3018424
ratA_yfjF_predicted,0.3333333333333333,6,5,CAGAGCCAGGAGCACAGCAG,1,3009215
ratA_yfjF_predicted,0.3333333333333333,6,5,CACGTCGGAGGGTCTGGGAA,1,2992010
ratA_yfjF_predicted,0.5,7,5,CACATCGTGCAAGTCACGCA,2,3010697
ratA_yfjF_predicted,0.3333333333333333,6,5,AGCGCCCGTCAGGTCGCCAC,1,2997679
ratA_yfjF_predicted,142.0,856,5,AGCCACAATTGTTAGTTCGT,851,2992465
ratA_yfjF_predicted,0.3333333333333333,6,5,AGAGATAACAGGTATAATCC,1,3003106
ratA_yfjF_predicted,0.3333333333333333,6,5,ACGAGTGTAGCACATTCATC,1,3008851
ratA_yfjF_predicted,0.4,5,4,TTTAGGACACTGTAGTTGGG,1,2996243
ratA_yfjF_predicted,99.2,499,4,TTGGTGAAACACCCAAAGTT,495,2994722
ratA_yfjF_predicted,152.6,766,4,TTGGCTACAGGAGTCTTTTC,762,3020405
ratA_yfjF_predicted,0.4,5,4,TTCTTCAGAAATTCGAACGT,1,3007116
ratA_yfjF_predicted,0.4,5,4,TTCGGCCCTACTGAATTGCT,1,3016912
ratA_yfjF_predicted,0.4,5,4,TTCAAGAGAGCCCTGCACAT,1,3005481
ratA_yfjF_predicted,0.4,5,4,TGGTTAGCTTGAAAAGGAAT,1,3015020
ratA_yfjF_predicted,0.4,5,4,TGCTTGAAGGACACGCGGCG,1,2995589
ratA_yfjF_predicted,0.4,5,4,TACAGGTATAACCCGCAGCA,1,3010824
ratA_yfjF_predicted,0.4,5,4,TAAAGCTGGCGCAAGATTGA,1,3008286
ratA_yfjF_predicted,0.4,5,4,GTGTGCCGAGTGATCTGCCA,1,2992414
ratA_yfjF_predicted,0.4,5,4,GATAATAGCACATCCTCTAA,1,2995001
ratA_yfjF_predicted,0.4,5,4,CTTTGGGTTTAGGTCCTACC,1,2994745
ratA_yfjF_predicted,0.4,5,4,CTTTCCATGGCTTACGGGTT,1,2998121
ratA_yfjF_predicted,0.4,5,4,CTTAGGGTACTGTGCCGCTG,1,3006199
ratA_yfjF_predicted,159.6,801,4,CTCGTAGGGCTGGGCTGATT,797,2999993
ratA_yfjF_predicted,0.4,5,4,CGTGGCGCCAAAGCCATACT,1,3018438
ratA_yfjF_predicted,0.4,5,4,CGAGCTGAAAAAAACGCAGA,1,3002341
ratA_yfjF_predicted,0.4,5,4,CCTTACGGGGATATTTGATC,1,2993081
ratA_yfjF_predicted,0.4,5,4,CCATACCAGGTTCCATGACA,1,3007360
ratA_yfjF_predicted,0.4,5,4,CCAAAGGTAAAGCCATGATT,1,2999699
ratA_yfjF_predicted,0.4,5,4,CATCGAGGGAGAAAATTTCA,1,3000917
ratA_yfjF_predicted,0.4,5,4,CATCAAGACCACCTCCTGAT,1,2998707
ratA_yfjF_predicted,179.0,898,4,CAGCCACATTCTACACCGGG,894,2997112
ratA_yfjF_predicted,0.4,5,4,ATAAGATCTGTTTAATATTG,1,2992787
ratA_yfjF_predicted,199.6,1001,4,AGGTAAGTGCGGATCGGTGC,997,3013559
ratA_yfjF_predicted,0.4,5,4,AGGTAACTTTTTCAACAAAC,1,2997195
ratA_yfjF_predicted,1.0,8,4,AGCCAGTGACGGGCAAACCT,4,3001424
ratA_yfjF_predicted,0.4,5,4,AGATGCGCGGTGACAATTTC,1,2993860
ratA_yfjF_predicted,151.0,758,4,ACCGAGGTTAGTCGCGCTCT,754,3010933
ratA_yfjF_predicted,177.75,713,3,TGTAGCAAGTTGCGCATCAG,710,3003736
ratA_yfjF_predicted,0.5,4,3,TCTTCAAAATGAGTCCATAT,1,3012351
ratA_yfjF_predicted,0.5,4,3,TCCCACTTATGGTAGCTCCC,1,3009024
ratA_yfjF_predicted,0.5,4,3,TCAGTACTCTCAAGCACGTG,1,3003802
ratA_yfjF_predicted,0.5,4,3,TATTACCATTATTCCGAACA,1,3008025
ratA_yfjF_predicted,0.5,4,3,TAGCTTGACTTAACTATAAT,1,3018301
ratA_yfjF_predicted,16.75,69,3,TAGAAAATATAAGATGGTGT,66,3003825
ratA_yfjF_predicted,0.5,4,3,GTTCTTATCAATGATGCGTT,1,3010552
ratA_yfjF_predicted,0.5,4,3,GTCTCCCCAAACTATGGAGA,1,3013615
ratA_yfjF_predicted,0.5,4,3,GGTGGCCACCAGAATTGTGA,1,3005568
ratA_yfjF_predicted,0.5,4,3,GGTATCACAGTGGGGTGGAT,1,2994061
ratA_yfjF_predicted,0.5,4,3,GGTAAAAAAATGAACCAGCA,1,3019483
ratA_yfjF_predicted,0.5,4,3,GGGACCTTGCGTGATATGAC,1,3017494
ratA_yfjF_predicted,0.5,4,3,GGCCATGCTTCCGTCGTGTA,1,2992796
ratA_yfjF_predicted,0.5,4,3,GCTATTATCGCAGGACCAGG,1,2997034
ratA_yfjF_predicted,0.5,4,3,GCATGCCGAGGCAGCTTTAA,1,3007865
ratA_yfjF_predicted,0.5,4,3,GCAAAGCAATGTGTAAATGT,1,3008022
ratA_yfjF_predicted,0.5,4,3,CTGGATTCCGGTCAACATGT,1,2993198
ratA_yfjF_predicted,0.5,4,3,CTGACATTGGACGCCGCGCA,1,2995320
ratA_yfjF_predicted,0.5,4,3,CCTCGCTGTAACAAGACAAC,1,3013757
ratA_yfjF_predicted,0.5,4,3,CCGTCTGTTTTTATTTCCTG,1,3000946
ratA_yfjF_predicted,0.5,4,3,CCGCGCGCCAGAGGTTCACG,1,3008914
ratA_yfjF_predicted,234.0,938,3,CCCACAGCGGCCAGAGTAGA,935,2995622
ratA_yfjF_predicted,0.5,4,3,CATCTAGCCACTTCATTGGC,1,2997145
ratA_yfjF_predicted,0.5,4,3,CAGGCATCTATCACCAACAG,1,2995711
ratA_yfjF_predicted,188.75,757,3,CAGGAGTCGTCAACACCTCT,754,2998610
ratA_yfjF_predicted,239.25,959,3,ATTGCCCAGGACTTATGGAT,956,2994298
ratA_yfjF_predicted,0.5,4,3,ATGCGTGCGCGGCCTCTCCC,1,3002790
ratA_yfjF_predicted,0.5,4,3,ATCGACTCCCTCGACTCCAT,1,3002918
ratA_yfjF_predicted,0.5,4,3,ATAGGCATGCCGTTTTATCG,1,3007630
ratA_yfjF_predicted,0.5,4,3,AGTTAAGCAAGCGGGGCCTT,1,3012508
ratA_yfjF_predicted,0.5,4,3,AGGTGTAGTGAATCTCACCA,1,3018586
ratA_yfjF_predicted,0.5,4,3,AGGCGCATGCGCGTACGTGG,1,2998554
ratA_yfjF_predicted,0.5,4,3,AGGATTCAGGGCATGCGCAG,1,3015435
ratA_yfjF_predicted,0.5,4,3,AGCCGGAGGAGTCGATGGCA,1,3015623
ratA_yfjF_predicted,73.5,296,3,AGACGGTTCACGCAGCGAAT,293,2992026
ratA_yfjF_predicted,0.5,4,3,ACGCACTTTGCGATGGTACA,1,2993680
ratA_yfjF_predicted,49.0,198,3,ACATCCCGTTGGTAATAGAT,195,2994788
ratA_yfjF_predicted,0.6666666666666666,3,2,TTGTAAGTGGGTGGTTGGCG,1,3002897
ratA_yfjF_predicted,120.33333333333333,362,2,TGGTTATATCTCCCGAAGGC,360,3017109
ratA_yfjF_predicted,252.66666666666666,759,2,TGCCGTGGGCGGGTCTTGAG,757,3020445
ratA_yfjF_predicted,0.6666666666666666,3,2,TGCCGGCTCCTGGGCGTCCT,1,2999348
ratA_yfjF_predicted,0.6666666666666666,3,2,TCTAAGCTCTTGCGAACTAG,1,3021138
ratA_yfjF_predicted,0.6666666666666666,3,2,TACATCCGCCATGTCACTGA,1,3010588
ratA_yfjF_predicted,0.6666666666666666,3,2,TAACACACAATCGCTCATCT,1,3018092
ratA_yfjF_predicted,0.6666666666666666,3,2,GTTCTACATCCGTTTCGTCG,1,3020622
ratA_yfjF_predicted,0.6666666666666666,3,2,GTGGCATCATGGTAACGTTT,1,3019270
ratA_yfjF_predicted,0.6666666666666666,3,2,GCCTCGCTTACTGAAGCAGA,1,2998536
ratA_yfjF_predicted,1.0,4,2,GCCTCAAGGGTATTCTCAAC,2,3018189
ratA_yfjF_predicted,0.6666666666666666,3,2,GCCCGAAGTCCCCCACGAAA,1,2998705
ratA_yfjF_predicted,0.6666666666666666,3,2,GATTTCCATAACGGGCCTGT,1,3014905
ratA_yfjF_predicted,0.6666666666666666,3,2,GAGATACTGCCAGGAGGCAT,1,2991970
ratA_yfjF_predicted,0.6666666666666666,3,2,CTTTCCCTCACCTCGTTACT,1,3007792
ratA_yfjF_predicted,0.6666666666666666,3,2,CTTCGGGGCGGAGTCGAAGT,1,2996628
ratA_yfjF_predicted,0.6666666666666666,3,2,CTATTTGTACTTACCCGGCG,1,3017758
ratA_yfjF_predicted,0.6666666666666666,3,2,CTACATGTCGGTTCGGACAT,1,3004060
ratA_yfjF_predicted,0.6666666666666666,3,2,CGAAGGCGGCCCAGAACAGC,1,3005390
ratA_yfjF_predicted,0.6666666666666666,3,2,CGAACTATTTGGAGAACTAA,1,3010796
ratA_yfjF_predicted,285.6666666666667,858,2,CCGCGTAGCTTGCTGATCAG,856,3013140
ratA_yfjF_predicted,290.6666666666667,873,2,CCCCCACCATGTTTCGCTGA,871,3011216
ratA_yfjF_predicted,0.6666666666666666,3,2,CACACCTAACCAGCATAAAA,1,3015418
ratA_yfjF_predicted,0.6666666666666666,3,2,CACAATACGGTTAGGGAACG,1,3001066
ratA_yfjF_predicted,0.6666666666666666,3,2,AGTCCCCCCGGTCCTATGCT,1,3016661
ratA_yfjF_predicted,305.0,916,2,AGTCAACTGGTAGCCGTGGT,914,2992961
ratA_yfjF_predicted,357.3333333333333,1073,2,ACTGTATTAGAGTACCTGTA,1071,2992601
ratA_yfjF_predicted,0.6666666666666666,3,2,ACGGAGGTGTGGCACCTCAG,1,2994702
ratA_yfjF_predicted,0.6666666666666666,3,2,ACGCCGACAAATGCGACAGC,1,3005059
ratA_yfjF_predicted,0.6666666666666666,3,2,ACGAAAAGGCGGAACGTCAC,1,2992948
ratA_yfjF_predicted,412.0,824,1,TTCGCCCACGTCACTTTGTT,823,3013690
ratA_yfjF_predicted,1.0,2,1,TTAGGGTGTCGTGGAAGTGT,1,3004144
ratA_yfjF_predicted,1.0,2,1,TTACAATAGCTGGGCGTAAA,1,3006629
ratA_yfjF_predicted,225.0,450,1,TGTTCGCTCTCAACATATGG,449,3017736
ratA_yfjF_predicted,1.0,2,1,TGAGGAACTCACCAGAGGTT,1,3004561
ratA_yfjF_predicted,1.0,2,1,TCTCTCAGTGACTTTTGGGA,1,3014740
ratA_yfjF_predicted,506.5,1013,1,TCGTAGCTGTAGAAACACTT,1012,3016932
ratA_yfjF_predicted,1.0,2,1,TCCGAGACAGGCCGGCTAAA,1,3002881
ratA_yfjF_predicted,1.0,2,1,TCAGTAACTTGTACGGCGGA,1,3018425
ratA_yfjF_predicted,527.5,1055,1,TACCATGGTTTGCTTCGTCT,1054,3008873
ratA_yfjF_predicted,1.0,2,1,GTTGATAGGTCAATTTACCT,1,2993394
ratA_yfjF_predicted,1.0,2,1,GTGTATTATGTTCTGAGACT,1,3021713
ratA_yfjF_predicted,1.0,2,1,GGAACACACATAGTCCCCAC,1,3009314
ratA_yfjF_predicted,1.0,2,1,GCGCTTCAACGAGAAAAAGT,1,2995923
ratA_yfjF_predicted,1.0,2,1,GATCTCCACCGTGCAAGCTA,1,3006454
ratA_yfjF_predicted,1.0,2,1,GATCACGAGCTGAGAAGGAG,1,3001416
ratA_yfjF_predicted,1.0,2,1,GAGACATAGAGGCGGCAAGG,1,2992612
ratA_yfjF_predicted,1.0,2,1,CTTCTTTTGGCATGCACCGA,1,3009715
ratA_yfjF_predicted,1.0,2,1,CTTACCTTTCAACCAGTCTT,1,3011652
ratA_yfjF_predicted,1.0,2,1,CTATCCCATTCGGTCAGACC,1,3011422
ratA_yfjF_predicted,1.0,2,1,CGGTTCTTGCGTGTTCGCGT,1,2992504
ratA_yfjF_predicted,1.5,3,1,CGCTGTCGTTCCATAATGCT,2,2998652
ratA_yfjF_predicted,1.0,2,1,CGATCATATATCGTAGCGTT,1,3014153
ratA_yfjF_predicted,168.0,336,1,CGAGGGTCTATGCGTTTCTT,335,3018183
ratA_yfjF_predicted,426.0,852,1,CGAACCATTCTCGGAGCTTG,851,3001898
ratA_yfjF_predicted,1.0,2,1,CCGGTCTTGATCATCTGTGA,1,2998468
ratA_yfjF_predicted,1.0,2,1,CCCAACAAGAACTGGTACGG,1,3018144
ratA_yfjF_predicted,181.0,362,1,CCAAGCGTCCTCTCGTGAGT,361,3003789
ratA_yfjF_predicted,1.0,2,1,CCAAATTCATGCGCAGTCTT,1,2997650
ratA_yfjF_predicted,1.0,2,1,CACCGCTTCAGCTATACCCA,1,3009636
ratA_yfjF_predicted,1.0,2,1,CACAGCCAGAGAGCTCGTAT,1,3006202
ratA_yfjF_predicted,388.5,777,1,ATCGGTTAAGGTCGGATGAC,776,3002069
ratA_yfjF_predicted,1.0,2,1,ATCCGGGCTCAACTATGCGC,1,3007039
ratA_yfjF_predicted,1.0,2,1,ATCCCACAACGTGCGGTTCT,1,3017131
ratA_yfjF_predicted,513.0,1026,1,ATCCATTCGCTGTATCCAAA,1025,3007415
ratA_yfjF_predicted,1.0,2,1,ATACGATCTCATGAAGTGGA,1,3003614
ratA_yfjF_predicted,1.0,2,1,AGTCCGGGTCATCGGTTGGA,1,3021528
ratA_yfjF_predicted,1.0,2,1,AGGATTACCGGTATAACTTC,1,3017535
ratA_yfjF_predicted,1.0,2,1,AGATATTCGAAATCGGCGGA,1,3009716
ratA_yfjF_predicted,1.0,2,1,ACTGACCGCTCTGGTATGTA,1,3012772
ratA_yfjF_predicted,0.013333333333333334,74,74,GGTGCGTATTTATCTATACT,0,2993219
ratA_yfjF_predicted,0.014285714285714285,69,69,CACCCTTGCTTGTTACCTAA,0,3020562
ratA_yfjF_predicted,0.017241379310344827,57,57,AGGGGGTTTCCGTACGTAAA,0,2996581
ratA_yfjF_predicted,0.01818181818181818,54,54,TCGTGGTACCAGTCATCCAT,0,3002060
ratA_yfjF_predicted,0.018867924528301886,52,52,ATCTGCTGGGATATTCTTCT,0,2991838
ratA_yfjF_predicted,0.02127659574468085,46,46,GGTACGCTCTTAAGACCGTT,0,3013128
ratA_yfjF_predicted,0.021739130434782608,45,45,TACGTCCCTTCGGTACCTAA,0,2992648
ratA_yfjF_predicted,0.021739130434782608,45,45,GGGGAGTCCCGAAGCGGATG,0,2992171
ratA_yfjF_predicted,0.024390243902439025,40,40,TCCGGCTCCCCTGAGATTGA,0,2997299
ratA_yfjF_predicted,0.024390243902439025,40,40,AGAACCTGAGGTGTCGAACT,0,3007717
ratA_yfjF_predicted,0.025,39,39,TCGTGGGGATACGTGGAAAA,0,3018185
ratA_yfjF_predicted,0.025,39,39,GCGCGGACATAACGCATACG,0,3019685
ratA_yfjF_predicted,0.025,39,39,CACTACTTGACTATGGGAAT,0,2994741
ratA_yfjF_predicted,0.02564102564102564,38,38,TCCGGGTAAAGGCCGCTCAT,0,2998576
ratA_yfjF_predicted,0.02564102564102564,38,38,TATCGCACATCGTCATACTG,0,3021688
ratA_yfjF_predicted,0.02564102564102564,38,38,ATGACAGCCCGAGCATTCAA,0,3007233
ratA_yfjF_predicted,0.02564102564102564,38,38,ACCATCGGAAACTAATGTCT,0,2991832
ratA_yfjF_predicted,0.02631578947368421,37,37,GTACGGTCGGACCATGGGCA,0,2994379
ratA_yfjF_predicted,0.02631578947368421,37,37,GGGTCACAATTACTGATTCA,0,3005551
ratA_yfjF_predicted,0.02631578947368421,37,37,AGGATCAGGGTCATTGATTA,0,3004955
ratA_yfjF_predicted,0.02631578947368421,37,37,ACTCAGAGAAGCATTCCATA,0,3007793
ratA_yfjF_predicted,0.02631578947368421,37,37,AAGGACGCCGGGTCCGAGCA,0,3006029
ratA_yfjF_predicted,0.02702702702702703,36,36,GGTTCGTGCCCATATTTAAA,0,3001132
ratA_yfjF_predicted,0.02702702702702703,36,36,GGCTCATCACACATATCGCT,0,2991982
ratA_yfjF_predicted,0.02702702702702703,36,36,GCTGCGCGCACAGGCACGTA,0,3019109
ratA_yfjF_predicted,0.02702702702702703,36,36,AGTCTCCCCTGAGTTGTTAT,0,2992024
ratA_yfjF_predicted,0.02702702702702703,36,36,AAGCGTACAAGACTCATATG,0,3000429
ratA_yfjF_predicted,0.02702702702702703,36,36,AAAGTCGTGGGCATACCTGG,0,3007234
ratA_yfjF_predicted,0.027777777777777776,35,35,TCAAGGTCACGCTTGTCTTC,0,3007109
ratA_yfjF_predicted,0.027777777777777776,35,35,TAAATCCAGCGCACGTAACA,0,3015988
ratA_yfjF_predicted,0.027777777777777776,35,35,GTTTGCTGCGTTTCCAAATT,0,2997452
ratA_yfjF_predicted,0.027777777777777776,35,35,CCGATAAAGGTAGCCCAATT,0,2994387
ratA_yfjF_predicted,0.027777777777777776,35,35,ATAATTTGGATGTTCGCTTT,0,2993449
ratA_yfjF_predicted,0.027777777777777776,35,35,AGAGAACATGTACGGGGTTA,0,3001231
ratA_yfjF_predicted,0.02857142857142857,34,34,TTTGTGACACATCTCAATGA,0,2994446
ratA_yfjF_predicted,0.02857142857142857,34,34,TTTGAGCGAAGGAGGCCAAA,0,2994604
ratA_yfjF_predicted,0.02857142857142857,34,34,GTTATTCCCACTGGGCGTCC,0,3009938
ratA_yfjF_predicted,0.02857142857142857,34,34,CTGTCTAGTCGAGGGGAAAA,0,2992960
ratA_yfjF_predicted,0.02857142857142857,34,34,CATTTACAGGAATATAGTTG,0,3001300
ratA_yfjF_predicted,0.02857142857142857,34,34,AGTGAAGGTTTGGCTCTGGT,0,3004933
ratA_yfjF_predicted,0.02857142857142857,34,34,AATTTTTTGGCAATGCCTAT,0,3005425
ratA_yfjF_predicted,0.029411764705882353,33,33,GTTACAACACCGGACTGGAA,0,3007106
ratA_yfjF_predicted,0.029411764705882353,33,33,CATCCGAAGCGGGGGCTGTT,0,2995219
ratA_yfjF_predicted,0.029411764705882353,33,33,AGATCGTATAATATCTCGAT,0,2995564
ratA_yfjF_predicted,0.029411764705882353,33,33,ACATCCCCGAGTCAGGTAAA,0,2997044
ratA_yfjF_predicted,0.030303030303030304,32,32,TGTTAAAACTCGCCAAGCCA,0,2992721
ratA_yfjF_predicted,0.030303030303030304,32,32,TAGGTTGTAGCACATCTTCA,0,2998781
ratA_yfjF_predicted,0.030303030303030304,32,32,GGCCACGCGCGGGCACTCCA,0,3017129
ratA_yfjF_predicted,0.030303030303030304,32,32,GCGAACTTAACCAGCTACAA,0,3002278
ratA_yfjF_predicted,0.030303030303030304,32,32,GAGGAGTGCGTGCTGTCGTA,0,2991892
ratA_yfjF_predicted,0.030303030303030304,32,32,CAGACGCGGGCAACGTCCCC,0,2996168
ratA_yfjF_predicted,0.030303030303030304,32,32,ATGGTGCATGGGAAACATTA,0,3013756
ratA_yfjF_predicted,0.030303030303030304,32,32,ACCTTTATCAACGATCCGGT,0,3004478
ratA_yfjF_predicted,0.030303030303030304,32,32,ACCATGGCAACTGCAGCGAG,0,3004439
ratA_yfjF_predicted,0.03125,31,31,TGCTATATAACAGATATCCC,0,2992629
ratA_yfjF_predicted,0.03125,31,31,GTCGGGCGTAACAGAGATAC,0,2992150
ratA_yfjF_predicted,0.03125,31,31,GAAGATTACCCAGTATTTGC,0,3008217
ratA_yfjF_predicted,0.03125,31,31,CGGTAGCGCACGCGGAATAA,0,3002303
ratA_yfjF_predicted,0.03125,31,31,CCTCCACTGGTCCACAGTTG,0,3010026
ratA_yfjF_predicted,0.03125,31,31,AACAGTTCGAATCGTTACGA,0,3009060
ratA_yfjF_predicted,0.03225806451612903,30,30,TTGCGGCGGTCCATCTAATA,0,2994117
ratA_yfjF_predicted,0.03225806451612903,30,30,TATACGATGAATCTGTGGTA,0,2994201
ratA_yfjF_predicted,0.03225806451612903,30,30,ATTACGGTAATTTCAGGGAT,0,2994953
ratA_yfjF_predicted,0.03225806451612903,30,30,AGATACATGCTGCTTATTTT,0,3000860
ratA_yfjF_predicted,0.03333333333333333,29,29,TTGGGCAATAGTCGAGAGCA,0,3011882
ratA_yfjF_predicted,0.03333333333333333,29,29,TACCCCATGGACCTGAAAGA,0,2996044
ratA_yfjF_predicted,0.03333333333333333,29,29,GTACGTGGTGTCGGTTCGGG,0,3012975
ratA_yfjF_predicted,0.03333333333333333,29,29,CGTGTAGGTCAACATCTTAA,0,3003379
ratA_yfjF_predicted,0.03333333333333333,29,29,CGAAGGCCAAGGCAAGAATT,0,3004719
ratA_yfjF_predicted,0.03333333333333333,29,29,CAGGATAGTGGCGTATTCGT,0,3002943
ratA_yfjF_predicted,0.034482758620689655,28,28,TTCCCTCGACGGTACAACAG,0,3018073
ratA_yfjF_predicted,0.034482758620689655,28,28,TGGAGCTGCTATTCTAATCT,0,2993951
ratA_yfjF_predicted,0.034482758620689655,28,28,TAATCATTTGACTAAGGTTT,0,2992101
ratA_yfjF_predicted,0.034482758620689655,28,28,GTTCGTGACTTACACGACTC,0,2992495
ratA_yfjF_predicted,0.034482758620689655,28,28,CTGAACCTGGGGTATAGGGG,0,2992411
ratA_yfjF_predicted,0.034482758620689655,28,28,CACCGGTTCCAAGTTCTCCA,0,3000912
ratA_yfjF_predicted,0.034482758620689655,28,28,CAACGCGCACCCATCAATTT,0,3004118
ratA_yfjF_predicted,0.03571428571428571,27,27,TTTTCTGGTCCCGATCATGT,0,2996427
ratA_yfjF_predicted,0.03571428571428571,27,27,TGATTAAAAGTCAAGCACTA,0,3012414
ratA_yfjF_predicted,0.03571428571428571,27,27,TATGTAGCGGTGGTTGTTCT,0,2998754
ratA_yfjF_predicted,0.03571428571428571,27,27,GTTAGAGGAGTTGTATTATC,0,3008081
ratA_yfjF_predicted,0.03571428571428571,27,27,GGCATGTCGCTGAGGGAACA,0,3005896
ratA_yfjF_predicted,0.03571428571428571,27,27,CCCGAGTTGCTTTCTTTAAT,0,2994007
ratA_yfjF_predicted,0.03571428571428571,27,27,CCATGAGCTAGTGGCTGAAT,0,2995769
ratA_yfjF_predicted,0.03571428571428571,27,27,AGACACCAATGAGTATGTAA,0,2994755
ratA_yfjF_predicted,0.03571428571428571,27,27,AATTCAGTTTGGTCCGTTCT,0,2999223
ratA_yfjF_predicted,0.03571428571428571,27,27,AACTATCTGTAGGTACATGA,0,3017874
ratA_yfjF_predicted,0.037037037037037035,26,26,TGTTAAGCCCGGTAGTTAAT,0,2993477
ratA_yfjF_predicted,0.037037037037037035,26,26,TGATTCACCGTCATGCAGCT,0,2997512
ratA_yfjF_predicted,0.037037037037037035,26,26,TATCTTTCCAAGCCACCGGT,0,2995166
ratA_yfjF_predicted,0.037037037037037035,26,26,TAGCTAAGACTCCGCGTTAA,0,3012136
ratA_yfjF_predicted,0.037037037037037035,26,26,GGAACTTGTTTTGTATAGGG,0,3019506
ratA_yfjF_predicted,0.037037037037037035,26,26,GCTTGGGGGCGCTAGGAACG,0,3016509
ratA_yfjF_predicted,0.037037037037037035,26,26,CTAACTGTCTTTGCTTAAAT,0,3008848
ratA_yfjF_predicted,0.037037037037037035,26,26,CGGGGGCCTCAGCCTGTCAA,0,3013019
ratA_yfjF_predicted,0.037037037037037035,26,26,CGGCACTCACAGGCGTATCT,0,3007055
ratA_yfjF_predicted,0.037037037037037035,26,26,CCCCTGGGGTCTAACTTAGA,0,3017938
ratA_yfjF_predicted,0.037037037037037035,26,26,CCATCGTTCGCGGACTCAGA,0,3010208
ratA_yfjF_predicted,0.037037037037037035,26,26,ATCACGGTATTTCGTACTGG,0,3008187
ratA_yfjF_predicted,0.037037037037037035,26,26,AGTCTATTGTTCTGAGACTC,0,3007439
ratA_yfjF_predicted,0.037037037037037035,26,26,AAGTACCGGTTCCGCGTATT,0,2994495
ratA_yfjF_predicted,0.037037037037037035,26,26,AAGGAGAGCGGTACCATCAG,0,3004283
ratA_yfjF_predicted,0.038461538461538464,25,25,TTCCTATTGATAGACAGTCA,0,2997630
ratA_yfjF_predicted,0.038461538461538464,25,25,TGATAAACGGGCGCGTGTTT,0,3013688
ratA_yfjF_predicted,0.038461538461538464,25,25,TACAACCAATACTTGATCGT,0,3019913
ratA_yfjF_predicted,0.038461538461538464,25,25,GTGTCGGTCGCAATACAAGG,0,3009214
ratA_yfjF_predicted,0.038461538461538464,25,25,GTGCAAGCTCACCGCGAGAG,0,3007531
ratA_yfjF_predicted,0.038461538461538464,25,25,GCGGTTCCAAAGCTGGACAC,0,3013455
ratA_yfjF_predicted,0.038461538461538464,25,25,GCAAGGAACTTCGCTGATTG,0,2998008
ratA_yfjF_predicted,0.038461538461538464,25,25,CTGGGTTTGAGCATGTCTTA,0,2992349
ratA_yfjF_predicted,0.038461538461538464,25,25,CATTAAGACACCCGTTAGCA,0,2996605
ratA_yfjF_predicted,0.038461538461538464,25,25,CAGCGGACGGTTGTCATCGT,0,2997994
ratA_yfjF_predicted,0.038461538461538464,25,25,CAACGGATGTAGTCAAATCT,0,2999946
ratA_yfjF_predicted,0.038461538461538464,25,25,CAACAAGAGATCGAAGACCT,0,2996966
ratA_yfjF_predicted,0.038461538461538464,25,25,ATAACCGGCGTTCTCGATGG,0,2995635
ratA_yfjF_predicted,0.038461538461538464,25,25,AGACAAGGCTACCCGTTCGA,0,2998195
ratA_yfjF_predicted,0.038461538461538464,25,25,AAGTCCAGTCAGTGTAGGAC,0,2994065
ratA_yfjF_predicted,0.04,24,24,TCGACTTGTGGATCGTACTA,0,2996835
ratA_yfjF_predicted,0.04,24,24,TATTCCCATGTGGGAACTCG,0,3002304
ratA_yfjF_predicted,0.04,24,24,TAGGACGGTGCTGTCCTATG,0,3013235
ratA_yfjF_predicted,0.04,24,24,TACCGTTAGTTCAGATCGAA,0,3000817
ratA_yfjF_predicted,0.04,24,24,TAACAACCCTCAACCCACAA,0,3013941
ratA_yfjF_predicted,0.04,24,24,GGTTTCGTTAAATATGTTCA,0,2992702
ratA_yfjF_predicted,0.04,24,24,GCGGCTGGAGCGCTCGGTTG,0,2991891
ratA_yfjF_predicted,0.04,24,24,CGTCCCTCCGAAACAAGTCT,0,2992838
ratA_yfjF_predicted,0.04,24,24,ATAGTATGACCACATGACCG,0,3017436
ratA_yfjF_predicted,0.04,24,24,ATAGGGTATAACGACAAGAG,0,3009266
ratA_yfjF_predicted,0.04,24,24,AGTTCACATTGGCGAACGCT,0,3010767
ratA_yfjF_predicted,0.04,24,24,AGGGCTAACCCAGGCTATGT,0,2994421
ratA_yfjF_predicted,0.04,24,24,AATTTGTGAAGTTTCATGTT,0,2994968
ratA_yfjF_predicted,0.041666666666666664,23,23,TCAAAGAACACATGATAATA,0,3001345
ratA_yfjF_predicted,0.041666666666666664,23,23,TACAGCGCGGGTAAGGTGTC,0,2999915
ratA_yfjF_predicted,0.041666666666666664,23,23,TAAAGCGCGCCTTTAGCAAC,0,2993673
ratA_yfjF_predicted,0.041666666666666664,23,23,GTTCCCATCGAGCATGACTG,0,3007232
ratA_yfjF_predicted,0.041666666666666664,23,23,GTAAAGGGGGCTCTTGGCTG,0,2996284
ratA_yfjF_predicted,0.041666666666666664,23,23,GCTTCGCATTCTGGAGTCGT,0,2997078
ratA_yfjF_predicted,0.041666666666666664,23,23,CTCTCAATATTATGCTACTC,0,3004748
ratA_yfjF_predicted,0.041666666666666664,23,23,CCGACACTGCAAGTTCTACG,0,2996234
ratA_yfjF_predicted,0.041666666666666664,23,23,CCAGTGGGGGCAGTAGCCCA,0,2998616
ratA_yfjF_predicted,0.041666666666666664,23,23,CAGTAGCAATTTCTCGCAAA,0,3004780
ratA_yfjF_predicted,0.041666666666666664,23,23,AGGCATGCTCAACATAAACC,0,2997277
ratA_yfjF_predicted,0.041666666666666664,23,23,AGATAGAGTGATACAGCGCA,0,3006742
ratA_yfjF_predicted,0.041666666666666664,23,23,AAGCGCATTTGATCGCAAAT,0,3003418
ratA_yfjF_predicted,0.043478260869565216,22,22,TTACTGGCCAAATCCTTCAA,0,3005553
ratA_yfjF_predicted,0.043478260869565216,22,22,TGTGCCTATAAGCAATTCCA,0,2995338
ratA_yfjF_predicted,0.043478260869565216,22,22,TCTGGTAGTTCCGGCAGGCC,0,2995470
ratA_yfjF_predicted,0.043478260869565216,22,22,GTTTGTCTGATCGAGCTGCT,0,3007594
ratA_yfjF_predicted,0.043478260869565216,22,22,GTTGTCAAAGACTAACCGGT,0,2993976
ratA_yfjF_predicted,0.043478260869565216,22,22,GTGGACCTTCCAGGCCCAAT,0,3000129
ratA_yfjF_predicted,0.043478260869565216,22,22,GTAAGACTAACATGTTTCAC,0,2999786
ratA_yfjF_predicted,0.043478260869565216,22,22,GGGGCGAGTAACTGTGTTTG,0,2993175
ratA_yfjF_predicted,0.043478260869565216,22,22,GACGGAGTACGGTCTAGATC,0,3013722
ratA_yfjF_predicted,0.043478260869565216,22,22,CTTTCCCATGTGGACTATTG,0,2994515
ratA_yfjF_predicted,0.043478260869565216,22,22,CGCGCTTTAGGTTGACTCTC,0,3000189
ratA_yfjF_predicted,0.043478260869565216,22,22,ATTTCAACAACGTTAGCTGT,0,3002024
ratA_yfjF_predicted,0.043478260869565216,22,22,ATCACACCCTGGCGTTGGGT,0,3002128
ratA_yfjF_predicted,0.043478260869565216,22,22,AGGGGGAACCCAGCGCACGA,0,2994994
ratA_yfjF_predicted,0.043478260869565216,22,22,AGCAAGTGCTCGGTGCTATG,0,2996335
ratA_yfjF_predicted,0.043478260869565216,22,22,AAGCCTCTCAAGCGGGACGC,0,2997931
ratA_yfjF_predicted,0.045454545454545456,21,21,TTTGGCGGAGATCGCACTGC,0,3006188
ratA_yfjF_predicted,0.045454545454545456,21,21,TTAGTCATGGGGCCATCTAC,0,2996922
ratA_yfjF_predicted,0.045454545454545456,21,21,TGTGGAAAGGGTAGACGGCG,0,2996134
ratA_yfjF_predicted,0.045454545454545456,21,21,TGGGGGAGTCGCCTCAGAAT,0,3012533
ratA_yfjF_predicted,0.045454545454545456,21,21,TCGGAACCGAGCCCGATTCA,0,3017859
ratA_yfjF_predicted,0.045454545454545456,21,21,TACCGACTGTTCTCTATCAT,0,3018047
ratA_yfjF_predicted,0.045454545454545456,21,21,GTAGACCCGTAGCGCTGCAG,0,3006838
ratA_yfjF_predicted,0.045454545454545456,21,21,GGGCCAATTAATGGCAGGAG,0,2996983
ratA_yfjF_predicted,0.045454545454545456,21,21,GCGATGGTTATCTAAGTTCC,0,3012343
ratA_yfjF_predicted,0.045454545454545456,21,21,GCATACCCCGGGAACAGTCT,0,3001677
ratA_yfjF_predicted,0.045454545454545456,21,21,GATGGAGTACAAGCTCAATA,0,3011320
ratA_yfjF_predicted,0.045454545454545456,21,21,GATCTGAAGGCGAGTGGTGT,0,3018442
ratA_yfjF_predicted,0.045454545454545456,21,21,GAAACTGGAAAACAGAATGG,0,3006728
ratA_yfjF_predicted,0.045454545454545456,21,21,CGAGGTGTCGCCGGTGGGGG,0,2995781
ratA_yfjF_predicted,0.045454545454545456,21,21,CCTTCCTATTCCCGCGAGCA,0,2993626
ratA_yfjF_predicted,0.045454545454545456,21,21,CCTATTCCCTTTCACTAGAA,0,2992767
ratA_yfjF_predicted,0.045454545454545456,21,21,CCGTTAGCAGGTCCGATATT,0,3018486
ratA_yfjF_predicted,0.045454545454545456,21,21,CATCACGATGCCAGGTGAAC,0,3009685
ratA_yfjF_predicted,0.045454545454545456,21,21,CAATAAGAGTTTGAATTACT,0,2994445
ratA_yfjF_predicted,0.045454545454545456,21,21,CAAGAATTTACCATGCAAGT,0,2995590
ratA_yfjF_predicted,0.045454545454545456,21,21,ATCGAATTCTGCAACAAGGT,0,3007141
ratA_yfjF_predicted,0.045454545454545456,21,21,AGCCGGGTAACGCAGGGTAC,0,3009271
ratA_yfjF_predicted,0.045454545454545456,21,21,AGAGCCGGCACGCGCTCCCG,0,3011394
ratA_yfjF_predicted,0.045454545454545456,21,21,ACCTACTTGAGATAATGTGA,0,2994063
ratA_yfjF_predicted,0.045454545454545456,21,21,ACACGGGATCAGGCTTTCTG,0,2998174
ratA_yfjF_predicted,0.045454545454545456,21,21,AAGAGGTTCTTGGTCATTGG,0,2994202
ratA_yfjF_predicted,0.045454545454545456,21,21,AACATCACAAAGGGGTGTCT,0,2993262
ratA_yfjF_predicted,0.047619047619047616,20,20,TTTCTCGGGAAACTACCGCA,0,3013481
ratA_yfjF_predicted,0.047619047619047616,20,20,TTGCTACGTTGCTATCCTTC,0,3000561
ratA_yfjF_predicted,0.047619047619047616,20,20,TGATACTCCTGTTGGGAAAC,0,3004399
ratA_yfjF_predicted,0.047619047619047616,20,20,TGAGCTGTAGCCCAGGACAG,0,3002893
ratA_yfjF_predicted,0.047619047619047616,20,20,TCGGCATCCAAGGTCATGGA,0,2994062
ratA_yfjF_predicted,0.047619047619047616,20,20,TCCGGTGAACAACTCACGGT,0,2997822
ratA_yfjF_predicted,0.047619047619047616,20,20,TCAACGAGCGCTCATGTCTT,0,3007204
ratA_yfjF_predicted,0.047619047619047616,20,20,TATTGAGGGCATATTAACCT,0,3006186
ratA_yfjF_predicted,0.047619047619047616,20,20,TATGACGTTGGCTCTCGGGT,0,2996397
ratA_yfjF_predicted,0.047619047619047616,20,20,TACTCGGGGGAATGACTTAG,0,3001701
ratA_yfjF_predicted,0.047619047619047616,20,20,TACGACATAACTCCCCAATT,0,3005338
ratA_yfjF_predicted,0.047619047619047616,20,20,GGGTGGGCGTAGCGGATAAT,0,2997835
ratA_yfjF_predicted,0.047619047619047616,20,20,GGCATTACCTAGGAAAACAC,0,3014625
ratA_yfjF_predicted,0.047619047619047616,20,20,GCTGTAAAATATCGCGACAC,0,2995218
ratA_yfjF_predicted,0.047619047619047616,20,20,GAGTGCCACGGGTCTGGTCC,0,3012417
ratA_yfjF_predicted,0.047619047619047616,20,20,GAGGACATAAATCGTTAGGG,0,3014197
ratA_yfjF_predicted,0.047619047619047616,20,20,GACCCTGCAAGGATCCGACA,0,3019811
ratA_yfjF_predicted,0.047619047619047616,20,20,GACCACGATGTCCAAAACTT,0,2993067
ratA_yfjF_predicted,0.047619047619047616,20,20,CTGTGCCCCGATTGAAGCTT,0,2996836
ratA_yfjF_predicted,0.047619047619047616,20,20,CTGGGACTGAGAGGTCATCG,0,3006805
ratA_yfjF_predicted,0.047619047619047616,20,20,CGGGTTAACAGTTAGTCTCT,0,3015530
ratA_yfjF_predicted,0.047619047619047616,20,20,CGGCGCAGGATCAGTCACTC,0,3002767
ratA_yfjF_predicted,0.047619047619047616,20,20,CGCGGATTCAGCTCGTTAGT,0,3018668
ratA_yfjF_predicted,0.047619047619047616,20,20,CGAACGCTGTAGGAAGTTAG,0,2998966
ratA_yfjF_predicted,0.047619047619047616,20,20,CCGCATACTCTTCGCAGTCG,0,3013671
ratA_yfjF_predicted,0.047619047619047616,20,20,CAACGTACTTACCGGGCAGT,0,3012641
ratA_yfjF_predicted,0.047619047619047616,20,20,ATGCGCGCTCCCGCCGTAGC,0,3004420
ratA_yfjF_predicted,0.047619047619047616,20,20,ATAGGTCTAGAAAATCTCTG,0,3005281
ratA_yfjF_predicted,0.047619047619047616,20,20,AGTCATCGGTGTGGGACTGA,0,3000191
ratA_yfjF_predicted,0.047619047619047616,20,20,AGGCTTTATAACGTCTTTGA,0,3001456
ratA_yfjF_predicted,0.047619047619047616,20,20,AGACCCCAGTAAGTGACACT,0,3003707
ratA_yfjF_predicted,0.047619047619047616,20,20,ACGGGCAGGCTCGGCAGTCG,0,3001832
ratA_yfjF_predicted,0.047619047619047616,20,20,ACCTGCGTGGGACGCTACAA,0,3015650
ratA_yfjF_predicted,0.047619047619047616,20,20,ACCATCACGCTTTGTAACGG,0,3012673
ratA_yfjF_predicted,0.047619047619047616,20,20,ACAAATGTAGAGTTATGGGT,0,3004658
ratA_yfjF_predicted,0.047619047619047616,20,20,AAGTCGTCACCCGCTCATGT,0,2992906
ratA_yfjF_predicted,0.047619047619047616,20,20,AAGCGGTTTCCAGAGACAAA,0,3019730
ratA_yfjF_predicted,0.047619047619047616,20,20,AACCGATCTTGCGTGGGCTG,0,3002202
ratA_yfjF_predicted,0.047619047619047616,20,20,AAAAGCGAAGTTTGTTAGAC,0,2993045
ratA_yfjF_predicted,0.047619047619047616,20,20,AAAAGAACTATCGTTTTCGA,0,3000188
ratA_yfjF_predicted,0.05,19,19,TTTTAACTGATGTGAAGCGC,0,2991761
ratA_yfjF_predicted,0.05,19,19,TTCTGAATGGACAGCGGAGA,0,2997657
ratA_yfjF_predicted,0.05,19,19,TTCATGGACGAGGAGATATA,0,3014277
ratA_yfjF_predicted,0.05,19,19,TCGGTTGGCTTGTACGAGTA,0,2993835
ratA_yfjF_predicted,0.05,19,19,TCGGGGACGGGACTTCCTGT,0,3007292
ratA_yfjF_predicted,0.05,19,19,TAGATCGGCCGGTGCAGCAT,0,3001097
ratA_yfjF_predicted,0.05,19,19,GTCGTCTGTTTGGCCCTGTC,0,2992081
ratA_yfjF_predicted,0.05,19,19,GGTTGTGCGCCCTAAAATAA,0,2996201
ratA_yfjF_predicted,0.05,19,19,GGTATTTAACGTATTACCCG,0,3007742
ratA_yfjF_predicted,0.05,19,19,GGGGCGCCGCAACCATGCCA,0,2992762
ratA_yfjF_predicted,0.05,19,19,GCGTTCGTCGATTTGCCATA,0,3012275
ratA_yfjF_predicted,0.05,19,19,GCGACGGCACGGCTCCAGGC,0,3005788
ratA_yfjF_predicted,0.05,19,19,GAGCAAACGGCTGTGGACAA,0,3005091
ratA_yfjF_predicted,0.05,19,19,GACTTCAGGGTTTGAGAGAT,0,2992744
ratA_yfjF_predicted,0.05,19,19,CTTATTCATCCCAATTTACA,0,3005811
ratA_yfjF_predicted,0.05,19,19,CGGCGGTGTTATATTAATTT,0,2993135
ratA_yfjF_predicted,0.05,19,19,CCGCTCGCTTGTGTGCGGAA,0,2993264
ratA_yfjF_predicted,0.05,19,19,CCAAGGGCTGAAAGTTACCA,0,2999810
ratA_yfjF_predicted,0.05,19,19,CAGGCCGGGTTTTTATGTTG,0,3019240
ratA_yfjF_predicted,0.05,19,19,ATTTTCCCATGCGCACCGAT,0,2996426
ratA_yfjF_predicted,0.05,19,19,ATCCCTGCTTCCGTCACCCA,0,3008674
ratA_yfjF_predicted,0.05,19,19,AGTTTCAGCGCTGCGGACGT,0,3004874
ratA_yfjF_predicted,0.05,19,19,ACTTATGCCCGTACTAACCC,0,3009224
ratA_yfjF_predicted,0.05,19,19,ACGGATTCGTAGGTTGGTTA,0,2996647
ratA_yfjF_predicted,0.05,19,19,ACGCGACTCCATTGTATGGG,0,3014260
ratA_yfjF_predicted,0.05,19,19,ACGCAGGGGTGGAGTGTAAA,0,3011281
ratA_yfjF_predicted,0.05,19,19,ACCAGTAATAGCTAAATCCT,0,2995497
ratA_yfjF_predicted,0.05,19,19,ACCAAAAAGTCCCCGACTCG,0,3000893
ratA_yfjF_predicted,0.05,19,19,ACATAACCCGGGAGACTCAA,0,3005938
ratA_yfjF_predicted,0.05,19,19,ACACGTCAAAGCGACCTGCT,0,3005296
ratA_yfjF_predicted,0.05,19,19,AATCGCGGGGCGCATGAGGT,0,2995301
ratA_yfjF_predicted,0.05,19,19,AATCGCGAGCCCTTCTGGAT,0,3002297
ratA_yfjF_predicted,0.05,19,19,AATCGCCAAGTTTCGCAGTC,0,3005579
ratA_yfjF_predicted,0.05,19,19,AAAGCCCTTGGGCTTCCAGG,0,2999048
ratA_yfjF_predicted,0.05263157894736842,18,18,TTTTCCAGATGGGTATACCT,0,3000007
ratA_yfjF_predicted,0.05263157894736842,18,18,TTTTACCGCCCCCCCCCACG,0,3020555
ratA_yfjF_predicted,0.05263157894736842,18,18,TTGCCTCTTTGCACCGGTAC,0,2995947
ratA_yfjF_predicted,0.05263157894736842,18,18,TCTGTCTTCCCGCACTTGAA,0,3021220
ratA_yfjF_predicted,0.05263157894736842,18,18,TCCAGATTCGGTAAATTCCT,0,3018643
ratA_yfjF_predicted,0.05263157894736842,18,18,TCCAAGGCCCTAAAGTCTGT,0,2994399
ratA_yfjF_predicted,0.05263157894736842,18,18,TCAGCTTAGCTATAAGCGGA,0,3003286
ratA_yfjF_predicted,0.05263157894736842,18,18,TATATCCGGGCAACCATCCG,0,3017182
ratA_yfjF_predicted,0.05263157894736842,18,18,TAGCTTATCCGTTCTTCGTT,0,3018275
ratA_yfjF_predicted,0.05263157894736842,18,18,GTGGGGGACGTGTGGACATT,0,3000927
ratA_yfjF_predicted,0.05263157894736842,18,18,GTCCTCGGAAGAACACACAT,0,3015323
ratA_yfjF_predicted,0.05263157894736842,18,18,GGTTAACTGATAGAAAGGTA,0,3020075
ratA_yfjF_predicted,0.05263157894736842,18,18,GGTCTTGGGCCATGGTTAGG,0,3005357
ratA_yfjF_predicted,0.05263157894736842,18,18,GGGTACGCCAACCCATTATC,0,2996232
ratA_yfjF_predicted,0.05263157894736842,18,18,GGGGTTTGGGAGATTGTCTT,0,2995184
ratA_yfjF_predicted,0.05263157894736842,18,18,GGGGTCGGTCGGGGAGCTAT,0,2998898
ratA_yfjF_predicted,0.05263157894736842,18,18,GGCGTGGAATTAGACCTAAG,0,3002966
ratA_yfjF_predicted,0.05263157894736842,18,18,GGAAAGTGATACGTGCATAA,0,2993031
ratA_yfjF_predicted,0.05263157894736842,18,18,GCGCCGCTGAATTCCATATT,0,3002994
ratA_yfjF_predicted,0.05263157894736842,18,18,GCGATTGTGCGTAAGCGGAG,0,3004112
ratA_yfjF_predicted,0.05263157894736842,18,18,GATGTATGCGTCGATGCACG,0,3007722
ratA_yfjF_predicted,0.05263157894736842,18,18,GATCACCCTCTGGGTTGCAA,0,3004458
ratA_yfjF_predicted,0.05263157894736842,18,18,GAATGTCGGGCTCGTTGACA,0,3011108
ratA_yfjF_predicted,0.05263157894736842,18,18,CTTTAATAGGCTTCTGTCGC,0,3014938
ratA_yfjF_predicted,0.05263157894736842,18,18,CTTCCTCAGGTGCGCATGCT,0,2994636
ratA_yfjF_predicted,0.05263157894736842,18,18,CGTTATGATTTGTGGTGGGA,0,3002970
ratA_yfjF_predicted,0.05263157894736842,18,18,CGAAACAAGAAACAATATAT,0,3011674
ratA_yfjF_predicted,0.05263157894736842,18,18,CCAGAATTTTCAGGTTCGCT,0,3006118
ratA_yfjF_predicted,0.05263157894736842,18,18,CATGTCTAAATGAAAATGTA,0,2995906
ratA_yfjF_predicted,0.05263157894736842,18,18,CAGGGATGCCAATTAATATT,0,3006553
ratA_yfjF_predicted,0.05263157894736842,18,18,CACCCTTCGTAGTTGCCCAA,0,3009752
ratA_yfjF_predicted,0.05263157894736842,18,18,CAATCAACTATGCGAGCACC,0,2997468
ratA_yfjF_predicted,0.05263157894736842,18,18,CAACCGCACTTGACGTGGAT,0,3003186
ratA_yfjF_predicted,0.05263157894736842,18,18,CAAAAAATCTAATTGCGGAT,0,2999856
ratA_yfjF_predicted,0.05263157894736842,18,18,ATTCCGTTTAACGATATAGC,0,3018644
ratA_yfjF_predicted,0.05263157894736842,18,18,ATGAACTCGGAGCGTCGTCG,0,3009037
ratA_yfjF_predicted,0.05263157894736842,18,18,ATCTTCCAGCAACTTACCAG,0,3010804
ratA_yfjF_predicted,0.05263157894736842,18,18,ATCGCGAAGTCCTAAGGAAC,0,3004460
ratA_yfjF_predicted,0.05263157894736842,18,18,ATAGGGCGGATTTTATTGAA,0,2994144
ratA_yfjF_predicted,0.05263157894736842,18,18,ATACGGGTCGAAGATAGGCA,0,2997290
ratA_yfjF_predicted,0.05263157894736842,18,18,AGTTTGGGAGTGGAACCCCA,0,3011720
ratA_yfjF_predicted,0.05263157894736842,18,18,AGTGCCCGATGAACGCGTAT,0,3001070
ratA_yfjF_predicted,0.05263157894736842,18,18,AGGTATGGGCACCCCGACTA,0,3012032
ratA_yfjF_predicted,0.05263157894736842,18,18,AGCTAGGAGACTTACAATTC,0,3005683
ratA_yfjF_predicted,0.05263157894736842,18,18,AGATCTACGTGATTTAGCGG,0,2992104
ratA_yfjF_predicted,0.05263157894736842,18,18,AGACTTGCGGATGGCACCCA,0,3010599
ratA_yfjF_predicted,0.05263157894736842,18,18,ACTTCAACAAAACGGTATCT,0,3002874
ratA_yfjF_predicted,0.05263157894736842,18,18,ACTCTGACAGTTCTCAAATC,0,3000773
ratA_yfjF_predicted,0.05263157894736842,18,18,ACAGACACGAGTAACATACC,0,3012900
ratA_yfjF_predicted,0.05263157894736842,18,18,AAGTCCTGTGGGCAATGTGA,0,3008683
ratA_yfjF_predicted,0.05263157894736842,18,18,AAACCGTCACGGGGGTGTTA,0,2995825
ratA_yfjF_predicted,0.05555555555555555,17,17,TTTTACTGAACTACCTGGGT,0,3014154
ratA_yfjF_predicted,0.05555555555555555,17,17,TTGATAGCCAGCTCCCTGAA,0,2991935
ratA_yfjF_predicted,0.05555555555555555,17,17,TTCCTAAGCACTAATGTTTA,0,3006065
ratA_yfjF_predicted,0.05555555555555555,17,17,TTCCGGGGCACTCGAGAACA,0,3009869
ratA_yfjF_predicted,0.05555555555555555,17,17,TTACTCGTGTTCCCGTTCCC,0,3007327
ratA_yfjF_predicted,0.05555555555555555,17,17,TGTGTTAGTGCCGTCGTTCA,0,3010288
ratA_yfjF_predicted,0.05555555555555555,17,17,TGTGCTGTGGTTAGACCCTT,0,2996150
ratA_yfjF_predicted,0.05555555555555555,17,17,TGATATCCTTTCTCAAGGAG,0,3008529
ratA_yfjF_predicted,0.05555555555555555,17,17,TCGGCGTGCTAGGAGAGTGA,0,3013940
ratA_yfjF_predicted,0.05555555555555555,17,17,TCGGAGTGTTTCGATTTCTT,0,3002896
ratA_yfjF_predicted,0.05555555555555555,17,17,TCCTCTCACCGATTTGATCG,0,3008482
ratA_yfjF_predicted,0.05555555555555555,17,17,TCATCATAGGGACGGTATGC,0,2996767
ratA_yfjF_predicted,0.05555555555555555,17,17,TATGGTGTCGTTGACAAGGC,0,2999570
ratA_yfjF_predicted,0.05555555555555555,17,17,TAGTCCATAGCGTAGTGTCC,0,3000736
ratA_yfjF_predicted,0.05555555555555555,17,17,TAGCCAGCAACAGAATAGAT,0,3013188
ratA_yfjF_predicted,0.05555555555555555,17,17,TAAAAAGCACCCGCCGGTCA,0,3000024
ratA_yfjF_predicted,0.05555555555555555,17,17,GTTCCCGAGTCAAGCTACAT,0,3004206
ratA_yfjF_predicted,0.05555555555555555,17,17,GTGGTCGTCGCGGGGTGGGA,0,2994422
ratA_yfjF_predicted,0.05555555555555555,17,17,GTCGCAGGGTGAGAAAGCTG,0,3003834
ratA_yfjF_predicted,0.05555555555555555,17,17,GGCGTCCGGCTGTATCCTAG,0,2991835
ratA_yfjF_predicted,0.05555555555555555,17,17,GGCCCACCGCTAAGCGAAGG,0,2992149
ratA_yfjF_predicted,0.05555555555555555,17,17,GCTCGAAAAAAGACGTACTA,0,2996107
ratA_yfjF_predicted,0.05555555555555555,17,17,GCTAGAGGGGTTCTAACAAC,0,3008122
ratA_yfjF_predicted,0.05555555555555555,17,17,GCAGCTGGATCAAGTCGCTA,0,3012049
ratA_yfjF_predicted,0.05555555555555555,17,17,GCACCCAGAGGGCAATACGA,0,2994514
ratA_yfjF_predicted,0.05555555555555555,17,17,GATAGCTGGATCGGGACTTA,0,3015451
ratA_yfjF_predicted,0.05555555555555555,17,17,GACCATTGAGCAGGGAGGTG,0,3003705
ratA_yfjF_predicted,0.05555555555555555,17,17,GAAGACTCGGTAGGCGGCTA,0,3004047
ratA_yfjF_predicted,0.05555555555555555,17,17,GAACAGGCTTAAGTGCAAAT,0,3005708
ratA_yfjF_predicted,0.05555555555555555,17,17,CTACGCTTAGAAAAGATCTT,0,3013614
ratA_yfjF_predicted,0.05555555555555555,17,17,CTAAGTTGTTTCTGTGGGCA,0,2993317
ratA_yfjF_predicted,0.05555555555555555,17,17,CGTTGCATTGAATTCCGCGG,0,3016411
ratA_yfjF_predicted,0.05555555555555555,17,17,CGGTCGGTTCAACCTGAATG,0,2997836
ratA_yfjF_predicted,0.05555555555555555,17,17,CGGCCTGTTTCTGAGACTCA,0,3012601
ratA_yfjF_predicted,0.05555555555555555,17,17,CGGCATGCGTGTGATTCCAT,0,3001079
ratA_yfjF_predicted,0.05555555555555555,17,17,CGGACTTATGCATATCCACA,0,2995701
ratA_yfjF_predicted,0.05555555555555555,17,17,CGATAAAGGGTAGTGATGAC,0,3011976
ratA_yfjF_predicted,0.05555555555555555,17,17,CCTGCATACGCAAATCACGG,0,2998671
ratA_yfjF_predicted,0.05555555555555555,17,17,CCGTGGCTTGACATTTCTGA,0,2995892
ratA_yfjF_predicted,0.05555555555555555,17,17,CCCTTGCGAAATTTCCGAAA,0,3015240
ratA_yfjF_predicted,0.05555555555555555,17,17,CATTGTGCAAGTGAGTAGCT,0,3000559
ratA_yfjF_predicted,0.05555555555555555,17,17,CATGTGCGCCTTCGGTGGGG,0,3012513
ratA_yfjF_predicted,0.05555555555555555,17,17,CATGGTTGTACACTTTTTAG,0,3008942
ratA_yfjF_predicted,0.05555555555555555,17,17,CATGGGTTCAGGCATAGTAA,0,2994253
ratA_yfjF_predicted,0.05555555555555555,17,17,CATAACGATTAGTTATCGAA,0,3005954
ratA_yfjF_predicted,0.05555555555555555,17,17,CAGCTTAAGGCAACTATATG,0,3001909
ratA_yfjF_predicted,0.05555555555555555,17,17,CACAATTCTCGTTTCATAGG,0,3000897
ratA_yfjF_predicted,0.05555555555555555,17,17,ATTTGACCTTACAGCTCAGC,0,3000923
ratA_yfjF_predicted,0.05555555555555555,17,17,ATGGAACATACAACAATGTC,0,3014083
ratA_yfjF_predicted,0.05555555555555555,17,17,ATCCGAGAAACGGGGGTCAT,0,3018410
ratA_yfjF_predicted,0.05555555555555555,17,17,AGGGAGTCGATTAACCTAAT,0,2999190
ratA_yfjF_predicted,0.05555555555555555,17,17,AGGCTAGTGGATCAGGTGGG,0,3016878
ratA_yfjF_predicted,0.05555555555555555,17,17,AGACGTCTACGGCCTCTCCT,0,2992764
ratA_yfjF_predicted,0.05555555555555555,17,17,ACCGTTGTCCGGGGTTTTTT,0,3012276
ratA_yfjF_predicted,0.05555555555555555,17,17,AATTTGTGCCCCTGCGTCAG,0,3000023
ratA_yfjF_predicted,0.05555555555555555,17,17,AATAACCTAAAAACCAGTCA,0,2995239
ratA_yfjF_predicted,0.05555555555555555,17,17,AAGACTGCTATATATGCGAC,0,3007719
ratA_yfjF_predicted,0.05555555555555555,17,17,AAGAAGGCGATGGTATAAGC,0,2996464
ratA_yfjF_predicted,0.058823529411764705,16,16,TTGGTTTAGATTTCTGGGAT,0,3016329
ratA_yfjF_predicted,0.058823529411764705,16,16,TTCTGTTTTTAATTCGGTTT,0,3013276
ratA_yfjF_predicted,0.058823529411764705,16,16,TGTCTAGGACAACGCGAGCC,0,3003104
ratA_yfjF_predicted,0.058823529411764705,16,16,TGGGGCTTTCTGTATAACGA,0,2996169
ratA_yfjF_predicted,0.058823529411764705,16,16,TGGCCCAACACGACTCTACA,0,3001700
ratA_yfjF_predicted,0.058823529411764705,16,16,TGGACTGGGATCAAAAGTCT,0,2999366
ratA_yfjF_predicted,0.058823529411764705,16,16,TGACTGGCAGCGGGGCGTAT,0,3005589
ratA_yfjF_predicted,0.058823529411764705,16,16,TCTCACGGGTCTGACGTCCT,0,3020249
ratA_yfjF_predicted,0.058823529411764705,16,16,TCCCAAAAAGGATTGTGGGA,0,3003375
ratA_yfjF_predicted,0.058823529411764705,16,16,TCCACGTGTCATCACAGATT,0,3005569
ratA_yfjF_predicted,0.058823529411764705,16,16,TAACGCACTTCGTACCGTTC,0,3020357
ratA_yfjF_predicted,0.058823529411764705,16,16,GTTACACAACGGACCTGTTG,0,3010944
ratA_yfjF_predicted,0.058823529411764705,16,16,GTGGGTATACGATTGGATCT,0,3009426
ratA_yfjF_predicted,0.058823529411764705,16,16,GTGGGGCAAAATAGATAGAG,0,3018408
ratA_yfjF_predicted,0.058823529411764705,16,16,GTGAGAAGGTGCCGGCGACC,0,3016902
ratA_yfjF_predicted,0.058823529411764705,16,16,GTACTCCGAGACGAAATGAA,0,3001976
ratA_yfjF_predicted,0.058823529411764705,16,16,GTACTACCCAGAGACATTTT,0,2998986
ratA_yfjF_predicted,0.058823529411764705,16,16,GGTTTGGCATGAGCAGCGAT,0,3000564
ratA_yfjF_predicted,0.058823529411764705,16,16,GGTAGCGGGGCAATGCTGTA,0,2996137
ratA_yfjF_predicted,0.058823529411764705,16,16,GGTACTCAGCCAAGCCCCCA,0,3019492
ratA_yfjF_predicted,0.058823529411764705,16,16,GGGCGACATAGCAGCACCAT,0,3009930
ratA_yfjF_predicted,0.058823529411764705,16,16,GGGCGAAATAAGGGGCACTA,0,3001210
ratA_yfjF_predicted,0.058823529411764705,16,16,GGCTAGGATAGTAGAACAAT,0,3008275
ratA_yfjF_predicted,0.058823529411764705,16,16,GCTGGCTTTCGACCGATTGC,0,2992667
ratA_yfjF_predicted,0.058823529411764705,16,16,GATCAACCGACGAAGCTCAT,0,2998193
ratA_yfjF_predicted,0.058823529411764705,16,16,GAGGGGAACTGTTGTTCCTA,0,2999417
ratA_yfjF_predicted,0.058823529411764705,16,16,GAGCGAGACCGGCCGTGTCA,0,2994278
ratA_yfjF_predicted,0.058823529411764705,16,16,CTTACAAGAAATGCGACCTA,0,3005714
ratA_yfjF_predicted,0.058823529411764705,16,16,CTGTACTTGTGTTCGACAGC,0,3000034
ratA_yfjF_predicted,0.058823529411764705,16,16,CGTATTCTCCTGCGATTCCA,0,3001238
ratA_yfjF_predicted,0.058823529411764705,16,16,CGGCCGGGGAAACGCCGAGT,0,3005516
ratA_yfjF_predicted,0.058823529411764705,16,16,CGAGACAGATTTCCTCTCGA,0,3019656
ratA_yfjF_predicted,0.058823529411764705,16,16,CCTGAATCGCCGGTGTCTCA,0,2993236
ratA_yfjF_predicted,0.058823529411764705,16,16,CCGGTAGGGTGTAGGATAGT,0,3006333
ratA_yfjF_predicted,0.058823529411764705,16,16,CCAGGTGCGGGGCGTCACTA,0,2992775
ratA_yfjF_predicted,0.058823529411764705,16,16,CCACCTTATAGAGCAGGACA,0,3019654
ratA_yfjF_predicted,0.058823529411764705,16,16,CCAAGTACAGAAACCGGCCA,0,3003818
ratA_yfjF_predicted,0.058823529411764705,16,16,CAGCCCCACGCAATCGACGG,0,3000363
ratA_yfjF_predicted,0.058823529411764705,16,16,CAAATGGCCCCACCGAGGCA,0,2998237
ratA_yfjF_predicted,0.058823529411764705,16,16,CAAAGAGGTTGTGGGTTCCA,0,3001626
ratA_yfjF_predicted,0.058823529411764705,16,16,ATGGAGCCACCAGAACCGGT,0,3002385
ratA_yfjF_predicted,0.058823529411764705,16,16,ATCGTGAAAGGGCTGAAATG,0,3003924
ratA_yfjF_predicted,0.058823529411764705,16,16,ATCCGGTTGGATCTTCCGAC,0,3002873
ratA_yfjF_predicted,0.058823529411764705,16,16,ATAGTTTCTTAGGAGGCATT,0,3004300
ratA_yfjF_predicted,0.058823529411764705,16,16,ATAAAGTAAGTCTTGGTAAG,0,3007672
ratA_yfjF_predicted,0.058823529411764705,16,16,AGTCTTCTTTTCCAAACGTT,0,3006925
ratA_yfjF_predicted,0.058823529411764705,16,16,AGGTGATTGTGGAGCATCAT,0,3007989
ratA_yfjF_predicted,0.058823529411764705,16,16,AGGTCCATATGGTCAGCTAC,0,2997788
ratA_yfjF_predicted,0.058823529411764705,16,16,AGCGGAGTTTTCAGCGCTCA,0,3002344
ratA_yfjF_predicted,0.058823529411764705,16,16,AGAGCGTTGGTTAATATATT,0,3008326
ratA_yfjF_predicted,0.058823529411764705,16,16,ACTTTCGTTAAAAGGGGGAG,0,2994955
ratA_yfjF_predicted,0.058823529411764705,16,16,ACTACACGTCGTAATCTTCC,0,3007249
ratA_yfjF_predicted,0.058823529411764705,16,16,ACCATCACAGTAGCGCACAC,0,2991934
ratA_yfjF_predicted,0.058823529411764705,16,16,ACACTGAGGTAGCGTATCTG,0,3014152
ratA_yfjF_predicted,0.058823529411764705,16,16,ACAACAATAGACGAACAGAT,0,3000063
ratA_yfjF_predicted,0.058823529411764705,16,16,AAGTTGGGCACTCTTGAGTA,0,3004335
ratA_yfjF_predicted,0.058823529411764705,16,16,AAGCCACCAGACTTGGGGAG,0,2992822
ratA_yfjF_predicted,0.058823529411764705,16,16,AACTGTGGACCATTCCTGTC,0,2994858
ratA_yfjF_predicted,0.058823529411764705,16,16,AAACCTCAGCCCCGTAGCTG,0,3000358
ratA_yfjF_predicted,0.0625,15,15,TTTCGTATGAGTCATGTTAT,0,3019439
ratA_yfjF_predicted,0.0625,15,15,TTGTTGTTTCCCAACCGTAC,0,3012197
ratA_yfjF_predicted,0.0625,15,15,TTGCTATTTTTCCGCCTAGT,0,3020871
ratA_yfjF_predicted,0.0625,15,15,TTGACGCCGCACGCTAAAAT,0,3013058
ratA_yfjF_predicted,0.0625,15,15,TTATAGCCGTGATCAGCATA,0,3003135
ratA_yfjF_predicted,0.0625,15,15,TGGTTATCTGGATTTGCACG,0,3019784
ratA_yfjF_predicted,0.0625,15,15,TGGTGACCTTCAGGCTTGTG,0,3003620
ratA_yfjF_predicted,0.0625,15,15,TGGACAGGCATCTGCTATTG,0,3015957
ratA_yfjF_predicted,0.0625,15,15,TGCGGAAACAAAAGGTTACA,0,3015679
ratA_yfjF_predicted,0.0625,15,15,TGATCCAGTGTCGTGTTATA,0,3007569
ratA_yfjF_predicted,0.0625,15,15,TCTGGATTGTCACGCACTGA,0,2999200
ratA_yfjF_predicted,0.0625,15,15,TCTATCCGACTTATGCTAGA,0,3001177
ratA_yfjF_predicted,0.0625,15,15,TCTAGTGCGCTAGTGCATCT,0,3017562
ratA_yfjF_predicted,0.0625,15,15,TCGAGTCTTTCGAGACCTAG,0,3009556
ratA_yfjF_predicted,0.0625,15,15,TCCTGTGTATGGGGCAACGC,0,3008908
ratA_yfjF_predicted,0.0625,15,15,TCCAGCCTTAATGCTAGTAC,0,3004966
ratA_yfjF_predicted,0.0625,15,15,TCAGAAATGATGCTCCGATC,0,3001270
ratA_yfjF_predicted,0.0625,15,15,TCACTTTTTTCGGATACGAC,0,3015326
ratA_yfjF_predicted,0.0625,15,15,TATTCTACTTTCCCAAGGGG,0,3000525
ratA_yfjF_predicted,0.0625,15,15,TATCTCTAGCGTTGAAACTA,0,3008408
ratA_yfjF_predicted,0.0625,15,15,TAGGCCACTGAGTTTAGCAA,0,2998648
ratA_yfjF_predicted,0.0625,15,15,TAGATGACCTGTCTCCTGGG,0,3006070
ratA_yfjF_predicted,0.0625,15,15,TAGACTGGACGAGGCTCTAG,0,3011920
ratA_yfjF_predicted,0.0625,15,15,TAAATACGCCTGAACTCGAT,0,3003913
ratA_yfjF_predicted,0.0625,15,15,GTTTCGAACCCATTGGGCGT,0,2996075
ratA_yfjF_predicted,0.0625,15,15,GTTCTGGTCCATTAAACGGA,0,2996633
ratA_yfjF_predicted,0.0625,15,15,GTGTAAGGTCCATCGGAATC,0,2991797
ratA_yfjF_predicted,0.0625,15,15,GTCAGACTGTTTGGAGTTGA,0,3015191
ratA_yfjF_predicted,0.0625,15,15,GTATAGCTCGGGGCTCGAAC,0,3006784
ratA_yfjF_predicted,0.0625,15,15,GTAGGTGTGAAAGTATCCAA,0,2996765
ratA_yfjF_predicted,0.0625,15,15,GTAAGCATGTCAATTGAGAC,0,3001894
ratA_yfjF_predicted,0.0625,15,15,GGGTCGTATAACCTATTCGT,0,3014102
ratA_yfjF_predicted,0.0625,15,15,GGCTCTGCAGACTTCTGCGT,0,2997424
ratA_yfjF_predicted,0.0625,15,15,GGCGCTACTCGGGATCAGGC,0,3000824
ratA_yfjF_predicted,0.0625,15,15,GGATACCGACTGGCGACCTT,0,2992936
ratA_yfjF_predicted,0.0625,15,15,GCTCGCTAGGGAGCTCTGAG,0,2996823
ratA_yfjF_predicted,0.0625,15,15,GCGAACTGGTATCCTTATTA,0,2993610
ratA_yfjF_predicted,0.0625,15,15,GATCTGAGGCAAAGGCCATT,0,3017678
ratA_yfjF_predicted,0.0625,15,15,GATACAATCCCTTGTGGGGA,0,2994900
ratA_yfjF_predicted,0.0625,15,15,GAACTTTTGGGCCGGAAACA,0,2998644
ratA_yfjF_predicted,0.0625,15,15,GAAATGCAGAAATACACTAA,0,3004480
ratA_yfjF_predicted,0.0625,15,15,GAAATGAAGCCGACTACAAA,0,3006321
ratA_yfjF_predicted,0.0625,15,15,CTTGGGACGGCTTTTATAAT,0,2992380
ratA_yfjF_predicted,0.0625,15,15,CTGTGAGCCACTTCCAATCG,0,2992594
ratA_yfjF_predicted,0.0625,15,15,CTGACCGATGCGGACGCTGC,0,3018211
ratA_yfjF_predicted,0.0625,15,15,CTCGGCGGTGGGGGATAATT,0,3011766
ratA_yfjF_predicted,0.0625,15,15,CTCACCTTAAGGCTTATATG,0,2996111
ratA_yfjF_predicted,0.0625,15,15,CGTCTTTCATGCGCGATGAT,0,2994235
ratA_yfjF_predicted,0.0625,15,15,CGCGGGCCTCCCAGAGCAGC,0,3004721
ratA_yfjF_predicted,0.0625,15,15,CGATTTCACACCGCACCATA,0,3007896
ratA_yfjF_predicted,0.0625,15,15,CGAGGGCCAGTACTCTTTGA,0,3005752
ratA_yfjF_predicted,0.0625,15,15,CGAGGAGAAAGGCCCGATTG,0,3002789
ratA_yfjF_predicted,0.0625,15,15,CCTCTGTTAGTCTCAATTAT,0,3009458
ratA_yfjF_predicted,0.0625,15,15,CCGAAGCGAAAAAAGACGTG,0,3009141
ratA_yfjF_predicted,0.0625,15,15,CCATCCGTGAGGATTTATTA,0,3020678
ratA_yfjF_predicted,0.0625,15,15,CAGGGAGCATAGGCCAAAGG,0,3015484
ratA_yfjF_predicted,0.0625,15,15,CACGTTGGCTTTTACGACAT,0,3015416
ratA_yfjF_predicted,0.0625,15,15,CACGGTCCTGACACACAGAT,0,3012017
ratA_yfjF_predicted,0.0625,15,15,CACCGCCTGGGACTCGCAGA,0,2995632
ratA_yfjF_predicted,0.0625,15,15,CAAGATGCCTAATGTTGCGA,0,2995850
ratA_yfjF_predicted,0.0625,15,15,CAAATCGAAAGTGGGATCGC,0,3020349
ratA_yfjF_predicted,0.0625,15,15,CAAACATCTTAACGAATAGC,0,3013081
ratA_yfjF_predicted,0.0625,15,15,ATGCCCGCGGGGTATATTCC,0,2996821
ratA_yfjF_predicted,0.0625,15,15,ATCGAGGTCAATAAACGCGT,0,2993625
ratA_yfjF_predicted,0.0625,15,15,ATAATTTGGCTGGACGTAAC,0,2997975
ratA_yfjF_predicted,0.0625,15,15,AGGGAATTTCATGAGTGGTG,0,3020628
ratA_yfjF_predicted,0.0625,15,15,AGACGACGTGTCATTTCTGT,0,2993113
ratA_yfjF_predicted,0.0625,15,15,ACGGGGTTGGTGAACTTGTA,0,3001834
ratA_yfjF_predicted,0.0625,15,15,ACGCGGTATGATGGCGCCCA,0,2994781
ratA_yfjF_predicted,0.0625,15,15,ACATATCCCATGTCTATGGA,0,2992042
ratA_yfjF_predicted,0.0625,15,15,ACAGTAACTTTGAACTAGAG,0,3010994
ratA_yfjF_predicted,0.0625,15,15,AATACAACGTAACAGGGATG,0,2998674
ratA_yfjF_predicted,0.0625,15,15,AATAACCTCACCCGTTATAG,0,2996938
ratA_yfjF_predicted,0.0625,15,15,AAGATAATCCGGCTGGTTCT,0,2995140
ratA_yfjF_predicted,0.0625,15,15,AAAGGGGTCGGTTGAGAATG,0,3016014
ratA_yfjF_predicted,0.06666666666666667,14,14,TTTCTGCCATTTGCAACGAT,0,3008897
ratA_yfjF_predicted,0.06666666666666667,14,14,TTATAGGCGGCAACATGCTC,0,3013422
ratA_yfjF_predicted,0.06666666666666667,14,14,TTAGCTTAAAAGTTAAAGGA,0,3005093
ratA_yfjF_predicted,0.06666666666666667,14,14,TGTCTTGTAGTGGAAACTTT,0,3000005
ratA_yfjF_predicted,0.06666666666666667,14,14,TGTCGTCGGTTAATCGAAAC,0,3018913
ratA_yfjF_predicted,0.06666666666666667,14,14,TGTCACCTCTCTGCATGAGC,0,3013547
ratA_yfjF_predicted,0.06666666666666667,14,14,TGGGATGGCACCACAGGCGG,0,3006867
ratA_yfjF_predicted,0.06666666666666667,14,14,TGGACAAACTGGTACAGAAG,0,3008628
ratA_yfjF_predicted,0.06666666666666667,14,14,TGCGTGCACGTCCACTAAGC,0,3014533
ratA_yfjF_predicted,0.06666666666666667,14,14,TGCAAAAAGCAATATTGTGG,0,2994902
ratA_yfjF_predicted,0.06666666666666667,14,14,TGAGTGGATACCCTGCATCA,0,3011193
ratA_yfjF_predicted,0.06666666666666667,14,14,TGAATATCGTCTGCGACGTG,0,3011038
ratA_yfjF_predicted,0.06666666666666667,14,14,TGAACATCCGCAAGGCTTGC,0,3009164
ratA_yfjF_predicted,0.06666666666666667,14,14,TCTCACGAAGGCCAATATAT,0,2995373
ratA_yfjF_predicted,0.06666666666666667,14,14,TCGGGCTTATATGATGACTA,0,3006841
ratA_yfjF_predicted,0.06666666666666667,14,14,TCGGCAACTCAATGGTCAAA,0,3002222
ratA_yfjF_predicted,0.06666666666666667,14,14,TCGGACCCGCGAGTGAATTA,0,3000276
ratA_yfjF_predicted,0.06666666666666667,14,14,TCCTGTAGTCCGCTCTCTAT,0,3014752
ratA_yfjF_predicted,0.06666666666666667,14,14,TCAGGCGTTACGAGAAGTTC,0,3014534
ratA_yfjF_predicted,0.06666666666666667,14,14,TATGGTATAGTCGGTAATTA,0,3006139
ratA_yfjF_predicted,0.06666666666666667,14,14,TAAGTATACGGTCTTCTTTA,0,2997386
ratA_yfjF_predicted,0.06666666666666667,14,14,GTTTGACGAGTAAAGTTGCT,0,3010950
ratA_yfjF_predicted,0.06666666666666667,14,14,GTTTAGATTATGCCTCCGCC,0,2998332
ratA_yfjF_predicted,0.06666666666666667,14,14,GTTGACTCGTATATGCCTCA,0,3015121
ratA_yfjF_predicted,0.06666666666666667,14,14,GTTAGCTTGGGGACGCGAAT,0,3003675
ratA_yfjF_predicted,0.06666666666666667,14,14,GTGGGTAGTTGTCTAGTGAC,0,3010073
ratA_yfjF_predicted,0.06666666666666667,14,14,GTGGACCGGATCATAATTAG,0,2995544
ratA_yfjF_predicted,0.06666666666666667,14,14,GTGATCCAGTCCAGCTAAAT,0,2993238
ratA_yfjF_predicted,0.06666666666666667,14,14,GTGAAAGTTTTCCCGATATA,0,2997823
ratA_yfjF_predicted,0.06666666666666667,14,14,GTATTAGGAGGTTTTTAGAA,0,2994712
ratA_yfjF_predicted,0.06666666666666667,14,14,GTAAATATCACCGTTCAGAG,0,3014937
ratA_yfjF_predicted,0.06666666666666667,14,14,GGTGTATGCAACAGGCTCAT,0,3012997
ratA_yfjF_predicted,0.06666666666666667,14,14,GGTGATACGAAAATGGTTAC,0,3001515
ratA_yfjF_predicted,0.06666666666666667,14,14,GGGTCGCAAGTTGTTAGTTA,0,2994714
ratA_yfjF_predicted,0.06666666666666667,14,14,GGGCCAATTTTCACCGGGAC,0,3000668
ratA_yfjF_predicted,0.06666666666666667,14,14,GGGAAACGTCAGACTGTTTT,0,3002444
ratA_yfjF_predicted,0.06666666666666667,14,14,GGCGACTACGTTTTACGTCA,0,2998917
ratA_yfjF_predicted,0.06666666666666667,14,14,GGCCATTGCCGCTCAGTGCA,0,2995165
ratA_yfjF_predicted,0.06666666666666667,14,14,GGATGGAGAGGCCTACCGGA,0,3019090
ratA_yfjF_predicted,0.06666666666666667,14,14,GCTCTCTGCGCTTGCGCGCT,0,3002445
ratA_yfjF_predicted,0.06666666666666667,14,14,GCGCATCATGGAAAGTTAGG,0,3000077
ratA_yfjF_predicted,0.06666666666666667,14,14,GCGAGTTCTCTAAACCAGCA,0,3009342
ratA_yfjF_predicted,0.06666666666666667,14,14,GCCTAAGTGTCTAATATTGA,0,2993267
ratA_yfjF_predicted,0.06666666666666667,14,14,GCCATAATGCTCTCCGGGAA,0,3017060
ratA_yfjF_predicted,0.06666666666666667,14,14,GCATTGCAAATCCCTAGAAT,0,3007197
ratA_yfjF_predicted,0.06666666666666667,14,14,GCATTCACCCCTGCTATAAT,0,3007349
ratA_yfjF_predicted,0.06666666666666667,14,14,GATAGCGTCCCGTAATGGAT,0,3005619
ratA_yfjF_predicted,0.06666666666666667,14,14,GATAAGCGTTATCCGCGTGC,0,2999649
ratA_yfjF_predicted,0.06666666666666667,14,14,GAGAACCATATTCCGCCAGG,0,3001938
ratA_yfjF_predicted,0.06666666666666667,14,14,GAATGGCTCACACTATGGGG,0,3013443
ratA_yfjF_predicted,0.06666666666666667,14,14,CTTACGGAGGAAAATCCTGC,0,3001977
ratA_yfjF_predicted,0.06666666666666667,14,14,CTGGGAAGAGAGCTGACGGA,0,3003132
ratA_yfjF_predicted,0.06666666666666667,14,14,CTCGCCTCTACACATGACAG,0,2997163
ratA_yfjF_predicted,0.06666666666666667,14,14,CTATCGTACAGACCTGTTCC,0,2993233
ratA_yfjF_predicted,0.06666666666666667,14,14,CTAGGGGGCACCCTGAACAT,0,3001768
ratA_yfjF_predicted,0.06666666666666667,14,14,CTACTTCCCTAACTGGCTTT,0,3000662
ratA_yfjF_predicted,0.06666666666666667,14,14,CGTGAGACCAAGCAGCAGCT,0,3015417
ratA_yfjF_predicted,0.06666666666666667,14,14,CGTGAGAACGTGCGAGGCAT,0,3006366
ratA_yfjF_predicted,0.06666666666666667,14,14,CGTCGCTTAATCCGAAGTAT,0,3000187
ratA_yfjF_predicted,0.06666666666666667,14,14,CGGTGTAGGCATACTTAAGT,0,2992375
ratA_yfjF_predicted,0.06666666666666667,14,14,CGGGCAACGCACTTTTCGAA,0,3015383
ratA_yfjF_predicted,0.06666666666666667,14,14,CGCGCTAGTGCGACCCCTTT,0,3007880
ratA_yfjF_predicted,0.06666666666666667,14,14,CGAAGATGCGTGAGTAGATG,0,3005460
ratA_yfjF_predicted,0.06666666666666667,14,14,CCTTATCTTGAGACCGATAT,0,2999143
ratA_yfjF_predicted,0.06666666666666667,14,14,CCTGTTCGTACTTTGTGTTA,0,2997006
ratA_yfjF_predicted,0.06666666666666667,14,14,CATGTGGCTAGATGCGGTCT,0,3019325
ratA_yfjF_predicted,0.06666666666666667,14,14,CATATCATTCAGCCGGTCGG,0,3000996
ratA_yfjF_predicted,0.06666666666666667,14,14,CATAAGTTCGGGAGAACTAC,0,2992852
ratA_yfjF_predicted,0.06666666666666667,14,14,CAGTGGTGTATGCGGCGGCT,0,3005437
ratA_yfjF_predicted,0.06666666666666667,14,14,CAGTAACCCCGCTTGTAACG,0,3012749
ratA_yfjF_predicted,0.06666666666666667,14,14,CACACGGCGTTTATCGTCGC,0,3004911
ratA_yfjF_predicted,0.06666666666666667,14,14,CAAATTTCGAGGACGGCGGT,0,2993033
ratA_yfjF_predicted,0.06666666666666667,14,14,ATTAGACGAATATCCGTCTT,0,3015434
ratA_yfjF_predicted,0.06666666666666667,14,14,ATCGCTGTAGGTCAGGCCAT,0,3005370
ratA_yfjF_predicted,0.06666666666666667,14,14,ATCAGTCGCGTAAATGCCGT,0,3003145
ratA_yfjF_predicted,0.06666666666666667,14,14,ATCAATGACGTGTCTAGCCT,0,2993156
ratA_yfjF_predicted,0.06666666666666667,14,14,ATATCAGTGAGATTGGTAGT,0,3012324
ratA_yfjF_predicted,0.06666666666666667,14,14,AGGCTAAGGTTCCTTTGTCG,0,3007832
ratA_yfjF_predicted,0.06666666666666667,14,14,AGCGGTATATCTAGTGAAGC,0,3015774
ratA_yfjF_predicted,0.06666666666666667,14,14,AGCCTGCCACTATTATTAGT,0,2991968
ratA_yfjF_predicted,0.06666666666666667,14,14,AGCCACGACTGGGGCCGTAT,0,2999299
ratA_yfjF_predicted,0.06666666666666667,14,14,AGAGTTCTCCTTATGCCAGT,0,2997372
ratA_yfjF_predicted,0.06666666666666667,14,14,ACGGTCGGCAAAGGCGGACT,0,3004001
ratA_yfjF_predicted,0.06666666666666667,14,14,ACGAGGGGCGTATAAGAAAA,0,3006661
ratA_yfjF_predicted,0.06666666666666667,14,14,ACGAATCTTACAGAAAATTG,0,2995149
ratA_yfjF_predicted,0.06666666666666667,14,14,ACATCTGTTTCCCCACCGTG,0,3016991
ratA_yfjF_predicted,0.06666666666666667,14,14,ACACCGGTCCCCGAACGGAA,0,2994653
ratA_yfjF_predicted,0.06666666666666667,14,14,AATTATGGAGGATAGTGGGA,0,2998643
ratA_yfjF_predicted,0.06666666666666667,14,14,AATTAGAGAGGCTTAATATT,0,2998938
ratA_yfjF_predicted,0.06666666666666667,14,14,AATGCTTGTCTATAGGAGGA,0,3006678
ratA_yfjF_predicted,0.06666666666666667,14,14,AATATGTTACAGAATTTAGT,0,3020296
ratA_yfjF_predicted,0.06666666666666667,14,14,AAGGCCGGACGTATAAGCAT,0,2996291
ratA_yfjF_predicted,0.06666666666666667,14,14,AAGCGTTAATAATGCGTCAG,0,2994548
ratA_yfjF_predicted,0.06666666666666667,14,14,AACATGCTTTTCTGGCAGCT,0,3005597
ratA_yfjF_predicted,0.06666666666666667,14,14,AAATGCGATGGTTCAGCGAA,0,2994295
ratA_yfjF_predicted,0.06666666666666667,14,14,AAAACTAGACAGTAAAGGGT,0,2996986
ratA_yfjF_predicted,0.07142857142857142,13,13,TTTTTGGCAGTGGACTAGAC,0,3015771
ratA_yfjF_predicted,0.07142857142857142,13,13,TTTTGGAATGGTTCACAAAC,0,3017523
ratA_yfjF_predicted,0.07142857142857142,13,13,TTTCGTGATTTGCGATTTCT,0,3006221
ratA_yfjF_predicted,0.07142857142857142,13,13,TTTAATGTTTCAGTTTAAGA,0,2993630
ratA_yfjF_predicted,0.07142857142857142,13,13,TTGGTCTTACTTGTTCGGCA,0,3005178
ratA_yfjF_predicted,0.07142857142857142,13,13,TTCCTAGGTATAAACCAGGT,0,3011803
ratA_yfjF_predicted,0.07142857142857142,13,13,TTCCGGGCTAACGGTGGTGG,0,3015253
ratA_yfjF_predicted,0.07142857142857142,13,13,TTAAGATCGTGGGTGTTGAT,0,3006370
ratA_yfjF_predicted,0.07142857142857142,13,13,TGGTCAGGTTTCTGGAACTG,0,3008581
ratA_yfjF_predicted,0.07142857142857142,13,13,TGGCGAACACAAGAAACCGA,0,3007659
ratA_yfjF_predicted,0.07142857142857142,13,13,TGCTGCGATGGTTCGAGCGT,0,3013522
ratA_yfjF_predicted,0.07142857142857142,13,13,TGCATAGAATCATTATAGTG,0,3001392
ratA_yfjF_predicted,0.07142857142857142,13,13,TCGAGACGTAACGGTACCAT,0,3004431
ratA_yfjF_predicted,0.07142857142857142,13,13,TCCTCTGAGGAGTTTGCTTA,0,3006943
ratA_yfjF_predicted,0.07142857142857142,13,13,TCCGCGTGGCTCTCCCAGGG,0,3020150
ratA_yfjF_predicted,0.07142857142857142,13,13,TCCCTAGCCGACTATAGCTC,0,3009999
ratA_yfjF_predicted,0.07142857142857142,13,13,TCATCGTCATACTTGTACAG,0,2994961
ratA_yfjF_predicted,0.07142857142857142,13,13,TCACAACGTCGGGTGTTCGT,0,3010313
ratA_yfjF_predicted,0.07142857142857142,13,13,TATGACGGTTGCTGCGCTCT,0,3001534
ratA_yfjF_predicted,0.07142857142857142,13,13,TAGTCGGTGCAGAAGCACAT,0,3005644
ratA_yfjF_predicted,0.07142857142857142,13,13,TAGCTTGGTCAGATCGGGAC,0,3009237
ratA_yfjF_predicted,0.07142857142857142,13,13,TACTGATATTAAGGGAGGAG,0,2995069
ratA_yfjF_predicted,0.07142857142857142,13,13,TACCTAATGAATGACAGCGT,0,2998662
ratA_yfjF_predicted,0.07142857142857142,13,13,TAAAATAGGAAAATGTCCAC,0,3004011
ratA_yfjF_predicted,0.07142857142857142,13,13,GTGAGTGTGCAATTTTGCCA,0,3001281
ratA_yfjF_predicted,0.07142857142857142,13,13,GTCTGAGGGACTAAGTCTAA,0,3007936
ratA_yfjF_predicted,0.07142857142857142,13,13,GTCGGACTTAAGAGGAATAT,0,3016331
ratA_yfjF_predicted,0.07142857142857142,13,13,GTCAGTCCCTATGTGCTTAT,0,3009547
ratA_yfjF_predicted,0.07142857142857142,13,13,GTATTACGAACCTCAACTGT,0,2994780
ratA_yfjF_predicted,0.07142857142857142,13,13,GTATGGGCCGAGGCACACGT,0,2997523
ratA_yfjF_predicted,0.07142857142857142,13,13,GGGCGTCGTAAGCTTGCTCT,0,3001975
ratA_yfjF_predicted,0.07142857142857142,13,13,GGCTACTCCATAGGCTCCGG,0,2999066
ratA_yfjF_predicted,0.07142857142857142,13,13,GGCAAGAACGTAAGGGGAGC,0,3014119
ratA_yfjF_predicted,0.07142857142857142,13,13,GGACGAATCGGCTTCTGCGG,0,2996202
ratA_yfjF_predicted,0.07142857142857142,13,13,GGACAAATGTGTCTAAACTT,0,3015868
ratA_yfjF_predicted,0.07142857142857142,13,13,GGAACCAGCGTGGGTACCAA,0,3002442
ratA_yfjF_predicted,0.07142857142857142,13,13,GCTGCAGGAGGCGCTCTTTG,0,3005457
ratA_yfjF_predicted,0.07142857142857142,13,13,GCTCGGACTTCCTTAACCTA,0,3002821
ratA_yfjF_predicted,0.07142857142857142,13,13,GCGTCGAACGGGTGCTCCAG,0,3004422
ratA_yfjF_predicted,0.07142857142857142,13,13,GCGTCAGAGTACACGATGTT,0,3009444
ratA_yfjF_predicted,0.07142857142857142,13,13,GCGCGCTACCCAATCCGGGT,0,3017993
ratA_yfjF_predicted,0.07142857142857142,13,13,GCCAGCGTCCGCATGGCTTT,0,2994786
ratA_yfjF_predicted,0.07142857142857142,13,13,GCAGTCAAGCTTTCAACCAG,0,3008989
ratA_yfjF_predicted,0.07142857142857142,13,13,GCACAGACGAATGCCCGGGA,0,3002309
ratA_yfjF_predicted,0.07142857142857142,13,13,GATTGGGGCTGAATGAGGAT,0,3011746
ratA_yfjF_predicted,0.07142857142857142,13,13,GATTATACGGATAAGAGCGT,0,3011472
ratA_yfjF_predicted,0.07142857142857142,13,13,GATTACGCGTCAGCATCTCG,0,3009609
ratA_yfjF_predicted,0.07142857142857142,13,13,GATTACCCATCGATTAGTCG,0,2997118
ratA_yfjF_predicted,0.07142857142857142,13,13,GAGGAAGAAAAGCGCGGCCA,0,3000811
ratA_yfjF_predicted,0.07142857142857142,13,13,GAGCCTGAAACGCGCAACTG,0,3011106
ratA_yfjF_predicted,0.07142857142857142,13,13,GACGGCAATCGCCTCGCGTT,0,3006456
ratA_yfjF_predicted,0.07142857142857142,13,13,GACAAGAATGATTGCTAAAT,0,3020928
ratA_yfjF_predicted,0.07142857142857142,13,13,GAACTAAAATCTACCAAATG,0,3009549
ratA_yfjF_predicted,0.07142857142857142,13,13,GAAATTGGCGCCTGTATCGT,0,2992194
ratA_yfjF_predicted,0.07142857142857142,13,13,CTTTACGGTCATCTTTGGAT,0,3009735
ratA_yfjF_predicted,0.07142857142857142,13,13,CTTCGGAAGCCAGATCCGCG,0,3017679
ratA_yfjF_predicted,0.07142857142857142,13,13,CTGCGCTGGCAGGTGGTATG,0,2994168
ratA_yfjF_predicted,0.07142857142857142,13,13,CTGATAACCATCGGTTGATA,0,3000665
ratA_yfjF_predicted,0.07142857142857142,13,13,CTCGGCAGCACGATCTATGC,0,2994995
ratA_yfjF_predicted,0.07142857142857142,13,13,CTCCCTTACGTCGGGTACTC,0,2998519
ratA_yfjF_predicted,0.07142857142857142,13,13,CTAAACCGGGGCTCGGCCTT,0,3019623
ratA_yfjF_predicted,0.07142857142857142,13,13,CGTGAGTTGTTCCCCGGCAA,0,3005408
ratA_yfjF_predicted,0.07142857142857142,13,13,CGTAGGAGGGATATAATGAC,0,3014373
ratA_yfjF_predicted,0.07142857142857142,13,13,CGGTCGCACCGCATGCGAGG,0,2998924
ratA_yfjF_predicted,0.07142857142857142,13,13,CGGTAGGGGCGAGTAGTATC,0,2996024
ratA_yfjF_predicted,0.07142857142857142,13,13,CGGGCCAAGGTACATAGAAT,0,2993423
ratA_yfjF_predicted,0.07142857142857142,13,13,CGGGCACCAGCTTAACGTAA,0,3009158
ratA_yfjF_predicted,0.07142857142857142,13,13,CGGCGCACAAGAACAGACTT,0,3014993
ratA_yfjF_predicted,0.07142857142857142,13,13,CGGAGCCAAGACGGTTAACT,0,2994748
ratA_yfjF_predicted,0.07142857142857142,13,13,CGCACTGCTAGCACAGGATG,0,3003543
ratA_yfjF_predicted,0.07142857142857142,13,13,CGATGAAACGATCCAGGATC,0,3013129
ratA_yfjF_predicted,0.07142857142857142,13,13,CGAGTAGTAGCTCGCTCAAT,0,2999251
ratA_yfjF_predicted,0.07142857142857142,13,13,CGACGTGTCCAGGGTTCGCC,0,3003156
ratA_yfjF_predicted,0.07142857142857142,13,13,CGAACACGGCACGGTTTCTC,0,3008681
ratA_yfjF_predicted,0.07142857142857142,13,13,CCTTACTCGGATACTGGACA,0,2996403
ratA_yfjF_predicted,0.07142857142857142,13,13,CCTAGTTTACAGCTGGCGTT,0,2996792
ratA_yfjF_predicted,0.07142857142857142,13,13,CCGTGCAATGGGTCGCCCAA,0,3009124
ratA_yfjF_predicted,0.07142857142857142,13,13,CCCGTACAGTGGTCTTCGGT,0,3016816
ratA_yfjF_predicted,0.07142857142857142,13,13,CCAGTTTATTGCGCCCGTGA,0,2992172
ratA_yfjF_predicted,0.07142857142857142,13,13,CCACTGGAGCGCTCGCAACT,0,3020587
ratA_yfjF_predicted,0.07142857142857142,13,13,CATTCACGCCGCGTGCTAGG,0,2995424
ratA_yfjF_predicted,0.07142857142857142,13,13,CATAGGCGCCTGCGGCGGAA,0,3006941
ratA_yfjF_predicted,0.07142857142857142,13,13,CAGCTTTATACGATATTGCT,0,3002251
ratA_yfjF_predicted,0.07142857142857142,13,13,CAGCTCCGGGAATTTTCCGA,0,3020519
ratA_yfjF_predicted,0.07142857142857142,13,13,CAGACCACCGGCAGGACTCA,0,3006251
ratA_yfjF_predicted,0.07142857142857142,13,13,ATTCATCTGGAACCTCTGTA,0,3007175
ratA_yfjF_predicted,0.07142857142857142,13,13,ATTCAGTTAGAGGAGAGGTT,0,3021332
ratA_yfjF_predicted,0.07142857142857142,13,13,ATTCACCCGGCAAGTTGACT,0,3012019
ratA_yfjF_predicted,0.07142857142857142,13,13,ATGTTCAGGTGTCCACCGAA,0,3012940
ratA_yfjF_predicted,0.07142857142857142,13,13,ATGTCTATCGCCTTTGGACG,0,3020147
ratA_yfjF_predicted,0.07142857142857142,13,13,ATGTAGACGCCCATCCCGGT,0,3010067
ratA_yfjF_predicted,0.07142857142857142,13,13,ATGCATGATCGATCTGGCAA,0,3018367
ratA_yfjF_predicted,0.07142857142857142,13,13,ATGAGGGAGGAACTGCCCGT,0,2994380
ratA_yfjF_predicted,0.07142857142857142,13,13,ATCTTCTCAAAAGGTCGGAA,0,3000749
ratA_yfjF_predicted,0.07142857142857142,13,13,ATCTTCATTGCTATCCGACG,0,3013485
ratA_yfjF_predicted,0.07142857142857142,13,13,ATCTTAGGAGCAGCTAAATT,0,3010024
ratA_yfjF_predicted,0.07142857142857142,13,13,AGGCCGCTCAGAAGATGTAC,0,3000913
ratA_yfjF_predicted,0.07142857142857142,13,13,AGGACCTGGCTCACGGCTCA,0,3014019
ratA_yfjF_predicted,0.07142857142857142,13,13,AGCGCGAATCGGCGAATTGA,0,3008410
ratA_yfjF_predicted,0.07142857142857142,13,13,AGAGCCCGATGACATTGGTA,0,3006709
ratA_yfjF_predicted,0.07142857142857142,13,13,ACTTAGCCACGTTGACTTGC,0,2993232
ratA_yfjF_predicted,0.07142857142857142,13,13,ACGTTGTAACGTTACCCTTG,0,3021130
ratA_yfjF_predicted,0.07142857142857142,13,13,ACGTTCTTGAGCCTCAAAAG,0,3020012
ratA_yfjF_predicted,0.07142857142857142,13,13,ACGTTATCGGCACACTTTGA,0,2993744
ratA_yfjF_predicted,0.07142857142857142,13,13,ACGCTTAATGTAATCGTAGT,0,3020198
ratA_yfjF_predicted,0.07142857142857142,13,13,ACGCCTTGCGAACTCAACGT,0,2996084
ratA_yfjF_predicted,0.07142857142857142,13,13,ACGCCAGACTTCGGACAGCT,0,2997610
ratA_yfjF_predicted,0.07142857142857142,13,13,ACCTAATAATTTCCTCATAC,0,3005791
ratA_yfjF_predicted,0.07142857142857142,13,13,ACCCAGCTGAAATGGACGGA,0,3010215
ratA_yfjF_predicted,0.07142857142857142,13,13,ACCAGAGAAAAAATTCTAGT,0,3011579
ratA_yfjF_predicted,0.07142857142857142,13,13,ACAGGATGATCTCGGCTGTC,0,3011713
ratA_yfjF_predicted,0.07142857142857142,13,13,ACAAAGAACGTCCGGCCAGA,0,3007894
ratA_yfjF_predicted,0.07142857142857142,13,13,AATTAATCTAGTGTTGACAA,0,3004353
ratA_yfjF_predicted,0.07142857142857142,13,13,AATGAGAGACCTTGCCTGCA,0,3002771
ratA_yfjF_predicted,0.07142857142857142,13,13,AATATGCTGATCGTGCGTAC,0,2992528
ratA_yfjF_predicted,0.07142857142857142,13,13,AAGGCTCATCCGAGTTTTCC,0,3006729
ratA_yfjF_predicted,0.07142857142857142,13,13,AAGACAACAGTGTCATGCTG,0,2993786
ratA_yfjF_predicted,0.07142857142857142,13,13,AACGCTAGTTGGGACTGGCA,0,3013853
ratA_yfjF_predicted,0.07142857142857142,13,13,AAACAGGTAGGTGAACACTC,0,3014283
ratA_yfjF_predicted,0.07692307692307693,12,12,TTTTTGTCTGTGTGTTTTCT,0,3012238
ratA_yfjF_predicted,0.07692307692307693,12,12,TTTGTATCCGACTACTAACT,0,3004968
ratA_yfjF_predicted,0.07692307692307693,12,12,TTGGCTCTTTCCGGGAGAAT,0,3000745
ratA_yfjF_predicted,0.07692307692307693,12,12,TTCACGATTGGGCCTTAACA,0,3014241
ratA_yfjF_predicted,0.07692307692307693,12,12,TTAGGAGGGCTGACGGCCCA,0,3021748
ratA_yfjF_predicted,0.07692307692307693,12,12,TTAGGAAGGCCTAGGATGCG,0,3010984
ratA_yfjF_predicted,0.07692307692307693,12,12,TGTTTTCGTCCTCCTCAGCA,0,2998334
ratA_yfjF_predicted,0.07692307692307693,12,12,TGTTTGTCTCACTCCTGCGA,0,3001939
ratA_yfjF_predicted,0.07692307692307693,12,12,TGTTGGCATTTACGTCTGCA,0,3004252
ratA_yfjF_predicted,0.07692307692307693,12,12,TGTGACCGGTCTTGTATTTA,0,3008268
ratA_yfjF_predicted,0.07692307692307693,12,12,TGTATATTCCTTTCGTCGTT,0,2992237
ratA_yfjF_predicted,0.07692307692307693,12,12,TGGTACGCCCCGTGAGCTAT,0,3006589
ratA_yfjF_predicted,0.07692307692307693,12,12,TGCTCTGGACCACGGGTCCA,0,3004005
ratA_yfjF_predicted,0.07692307692307693,12,12,TGCGGTACTCTCCTTTTGGT,0,3017844
ratA_yfjF_predicted,0.07692307692307693,12,12,TGCCCATACTACCACTAACA,0,3013241
ratA_yfjF_predicted,0.07692307692307693,12,12,TGCCAGGAGCGCAAGCAAGA,0,2995511
ratA_yfjF_predicted,0.07692307692307693,12,12,TGAGTTTATATGCGACAGCC,0,2995834
ratA_yfjF_predicted,0.07692307692307693,12,12,TGAAGCCTTCAAGCGATGAA,0,2999465
ratA_yfjF_predicted,0.07692307692307693,12,12,TCTTAGGCTGAGTCGCCTGT,0,3000936
ratA_yfjF_predicted,0.07692307692307693,12,12,TCTCCAATCCAGCAAGCTAT,0,3013046
ratA_yfjF_predicted,0.07692307692307693,12,12,TCGCCAGAGAACAGGATCTT,0,2996398
ratA_yfjF_predicted,0.07692307692307693,12,12,TCGAACGATTATCCGAGGAT,0,3003710
ratA_yfjF_predicted,0.07692307692307693,12,12,TCCTTGATCAAAATAGTTAT,0,3016708
ratA_yfjF_predicted,0.07692307692307693,12,12,TCCTATAGTGTTTTAGGCAG,0,3015431
ratA_yfjF_predicted,0.07692307692307693,12,12,TCCGCTGCATCTCTAAGAAT,0,2999875
ratA_yfjF_predicted,0.07692307692307693,12,12,TCACGTCATGAGGCTGGGCA,0,2999455
ratA_yfjF_predicted,0.07692307692307693,12,12,TCACGACCGTACACTAACTG,0,3010661
ratA_yfjF_predicted,0.07692307692307693,12,12,TATGAACGGTCAGGCGACAC,0,3008080
ratA_yfjF_predicted,0.07692307692307693,12,12,TAGCCGTGTTTGGTGTATCG,0,3019683
ratA_yfjF_predicted,0.07692307692307693,12,12,TACTAGCCCCCCTCACTGAA,0,3001429
ratA_yfjF_predicted,0.07692307692307693,12,12,TACCGGAACAGCCTCCGGCG,0,3006683
ratA_yfjF_predicted,0.07692307692307693,12,12,TACAGGAGCCGTGCCGATTG,0,2999701
ratA_yfjF_predicted,0.07692307692307693,12,12,TACACTACAGGTCCGAATAG,0,2998451
ratA_yfjF_predicted,0.07692307692307693,12,12,GTTTCACCTGATATTGTGGG,0,3014333
ratA_yfjF_predicted,0.07692307692307693,12,12,GTTGTTGATAACGGCTAATG,0,3006840
ratA_yfjF_predicted,0.07692307692307693,12,12,GTTGCTCCTCCCTCAAGGGG,0,3012012
ratA_yfjF_predicted,0.07692307692307693,12,12,GTTCACACTAGCGCTTCTGT,0,3021343
ratA_yfjF_predicted,0.07692307692307693,12,12,GTGTTAGGTCCGCTTATCTA,0,3005032
ratA_yfjF_predicted,0.07692307692307693,12,12,GTGCCGGCACTCGATAATAT,0,2994472
ratA_yfjF_predicted,0.07692307692307693,12,12,GTCTACGGGACTGAGCCTCC,0,3021157
ratA_yfjF_predicted,0.07692307692307693,12,12,GTCGATTGGCGATGGCAGTC,0,2999317
ratA_yfjF_predicted,0.07692307692307693,12,12,GTCCTATATTTGCGCAGCGC,0,3014953
ratA_yfjF_predicted,0.07692307692307693,12,12,GTAGCCAAGGCGTAAACAAG,0,3003904
ratA_yfjF_predicted,0.07692307692307693,12,12,GTACCGTCGCATTGTCATTT,0,3004702
ratA_yfjF_predicted,0.07692307692307693,12,12,GTAAGAGGGAGTTCACCTCA,0,3002256
ratA_yfjF_predicted,0.07692307692307693,12,12,GGGATTTTGTACTTTTCCGA,0,3013333
ratA_yfjF_predicted,0.07692307692307693,12,12,GGCTCTGCTGGTCATTGCTA,0,3005014
ratA_yfjF_predicted,0.07692307692307693,12,12,GGCGCATCATAAATCCAGTA,0,3010219
ratA_yfjF_predicted,0.07692307692307693,12,12,GGCACAGTGGGTCTCATCCG,0,3017753
ratA_yfjF_predicted,0.07692307692307693,12,12,GGCAAGGAATATTATGTGAT,0,2994481
ratA_yfjF_predicted,0.07692307692307693,12,12,GGAATATTTCCCAAGTAGGA,0,3018869
ratA_yfjF_predicted,0.07692307692307693,12,12,GCTGTGTGGAGTCGCATGTG,0,3011709
ratA_yfjF_predicted,0.07692307692307693,12,12,GCTGGTACGTCGTCACATTG,0,3012350
ratA_yfjF_predicted,0.07692307692307693,12,12,GCGTCACTCGCTCCTGACTA,0,2992175
ratA_yfjF_predicted,0.07692307692307693,12,12,GCGCTCCCTATCCCCCTGGC,0,2998347
ratA_yfjF_predicted,0.07692307692307693,12,12,GCGCAGTGTTCGCGACATCA,0,2996698
ratA_yfjF_predicted,0.07692307692307693,12,12,GCCAGAGCCAGTTTTACATG,0,3013540
ratA_yfjF_predicted,0.07692307692307693,12,12,GATGATCCGTCTAATGTGAG,0,3011757
ratA_yfjF_predicted,0.07692307692307693,12,12,GATCTTCGGATCCCTTACTT,0,2997371
ratA_yfjF_predicted,0.07692307692307693,12,12,GATCGGGCTCAACCACTACT,0,3001117
ratA_yfjF_predicted,0.07692307692307693,12,12,GATCACAGCGAACCGACACT,0,3002142
ratA_yfjF_predicted,0.07692307692307693,12,12,GAGGTTCAGGGGCCACTTGT,0,3000403
ratA_yfjF_predicted,0.07692307692307693,12,12,GACTCATGCTAGACCCGTTG,0,3012617
ratA_yfjF_predicted,0.07692307692307693,12,12,GAATCGGTTGAACGCTATCA,0,2992850
ratA_yfjF_predicted,0.07692307692307693,12,12,GAAGCCGGCTAGTAAAAATG,0,3003402
ratA_yfjF_predicted,0.07692307692307693,12,12,GAAGAACACTCAGACGTACG,0,3006282
ratA_yfjF_predicted,0.07692307692307693,12,12,CTTGGTTCGCGGTACACCAT,0,3001209
ratA_yfjF_predicted,0.07692307692307693,12,12,CTTGAGTGGCCATGGGAAGA,0,3011532
ratA_yfjF_predicted,0.07692307692307693,12,12,CTGAGATGCATGGAGACGAC,0,2992440
ratA_yfjF_predicted,0.07692307692307693,12,12,CTCGTCCAGACGGTTTTGAG,0,2996166
ratA_yfjF_predicted,0.07692307692307693,12,12,CTCGGCCAAAAAGTCTGTTG,0,3017910
ratA_yfjF_predicted,0.07692307692307693,12,12,CTACCACATAAGAATAGGCA,0,2999111
ratA_yfjF_predicted,0.07692307692307693,12,12,CTACAAATTATCCGCCCCTT,0,3009679
ratA_yfjF_predicted,0.07692307692307693,12,12,CTAACTACTGCTCTATTGAT,0,2999054
ratA_yfjF_predicted,0.07692307692307693,12,12,CTAAAACAATGTCGAAGGAC,0,3014348
ratA_yfjF_predicted,0.07692307692307693,12,12,CGTGTCATAGTGGATCGGTC,0,2992461
ratA_yfjF_predicted,0.07692307692307693,12,12,CGTGACACGGTGACTCGCGG,0,2995910
ratA_yfjF_predicted,0.07692307692307693,12,12,CGTCAACGAGATTAGGCAAT,0,3013302
ratA_yfjF_predicted,0.07692307692307693,12,12,CGCTTCGGATTCGTGAGTAA,0,3013376
ratA_yfjF_predicted,0.07692307692307693,12,12,CGCGCCCGTCGATAATACGA,0,2999963
ratA_yfjF_predicted,0.07692307692307693,12,12,CGCGAGCCACAAGCATTAGC,0,3003209
ratA_yfjF_predicted,0.07692307692307693,12,12,CGATGGACGGTCTACAGGCT,0,2992866
ratA_yfjF_predicted,0.07692307692307693,12,12,CGACCGCCGTCCCGATTTGA,0,3002887
ratA_yfjF_predicted,0.07692307692307693,12,12,CCTCTACATAGAGGGCGTAC,0,3019438
ratA_yfjF_predicted,0.07692307692307693,12,12,CCGGAACGTACCGGACGCTT,0,3013425
ratA_yfjF_predicted,0.07692307692307693,12,12,CCGCATCCCCGCGATCGCAT,0,3005197
ratA_yfjF_predicted,0.07692307692307693,12,12,CCCGTGTGTCGTGATTCGGC,0,3002275
ratA_yfjF_predicted,0.07692307692307693,12,12,CCCGGATACGCCATGCGAGT,0,2994182
ratA_yfjF_predicted,0.07692307692307693,12,12,CCCGACTCATAACCTTACCA,0,2996937
ratA_yfjF_predicted,0.07692307692307693,12,12,CCATGGGGTGTCCCTACCTG,0,2992387
ratA_yfjF_predicted,0.07692307692307693,12,12,CCAGCAGGGTCTGCATACAA,0,2999224
ratA_yfjF_predicted,0.07692307692307693,12,12,CATAGTGCTAGCACTTGTGT,0,3018653
ratA_yfjF_predicted,0.07692307692307693,12,12,CAGGGCCGGTTTACGTAAAT,0,3020486
ratA_yfjF_predicted,0.07692307692307693,12,12,CAGCATTTGGGCTTCCAGAG,0,2998758
ratA_yfjF_predicted,0.07692307692307693,12,12,CAGCAACGTAAAATCGTGAC,0,3005490
ratA_yfjF_predicted,0.07692307692307693,12,12,CAGACAGCAGGCGTATTGTA,0,3000921
ratA_yfjF_predicted,0.07692307692307693,12,12,CACCGCCTACCGCCAGTTTT,0,3020924
ratA_yfjF_predicted,0.07692307692307693,12,12,CACCAAAAGTGACCAAAAGA,0,3002039
ratA_yfjF_predicted,0.07692307692307693,12,12,CAAGGTGTTGAGCAAGGGAT,0,3003078
ratA_yfjF_predicted,0.07692307692307693,12,12,CAACCCGGAGGATAGACTAA,0,3002310
ratA_yfjF_predicted,0.07692307692307693,12,12,ATTGGCCGCCACCTCGTAAC,0,3003742
ratA_yfjF_predicted,0.07692307692307693,12,12,ATGTCTACCGCATAAGATGG,0,3007450
ratA_yfjF_predicted,0.07692307692307693,12,12,ATCGTTATGTTCGGGACTGC,0,3000774
ratA_yfjF_predicted,0.07692307692307693,12,12,ATCCCAATGTAGAGCCTCCA,0,2996206
ratA_yfjF_predicted,0.07692307692307693,12,12,ATCCACCCAAAAGCGACGTC,0,2999346
ratA_yfjF_predicted,0.07692307692307693,12,12,ATAGGGCCTACGCGCAGGAC,0,3018858
ratA_yfjF_predicted,0.07692307692307693,12,12,AGTTTCTCGTGGGTGTGCTT,0,2992941
ratA_yfjF_predicted,0.07692307692307693,12,12,AGTGGGACTACTCAACGGCA,0,3011013
ratA_yfjF_predicted,0.07692307692307693,12,12,AGTGGAGATAGTCAGGTATG,0,3009750
ratA_yfjF_predicted,0.07692307692307693,12,12,AGTGATATGGGCTGCGATGC,0,3007572
ratA_yfjF_predicted,0.07692307692307693,12,12,AGTCCTGCCATCGGTCAGAA,0,2993199
ratA_yfjF_predicted,0.07692307692307693,12,12,AGTAGCATAGATCGGCGTAT,0,2995782
ratA_yfjF_predicted,0.07692307692307693,12,12,AGGACCCGGGTCCATCATTC,0,2994485
ratA_yfjF_predicted,0.07692307692307693,12,12,AGCTACAAACGTAAGGTGCA,0,3019583
ratA_yfjF_predicted,0.07692307692307693,12,12,AGCCGGGTTCGTTTGTGGAC,0,2992270
ratA_yfjF_predicted,0.07692307692307693,12,12,AGACCCTTCGTCGTGCGACT,0,3001103
ratA_yfjF_predicted,0.07692307692307693,12,12,AGACCCGTTGTTACGCAACA,0,2997018
ratA_yfjF_predicted,0.07692307692307693,12,12,ACTTTCCAGGTTAGTAACGA,0,3020675
ratA_yfjF_predicted,0.07692307692307693,12,12,ACTCTCGACCGGACCGGATG,0,3017685
ratA_yfjF_predicted,0.07692307692307693,12,12,ACTCTATACGCTGGTCCGGC,0,3010060
ratA_yfjF_predicted,0.07692307692307693,12,12,ACGCGCGCAAACGGCCGAGG,0,2998718
ratA_yfjF_predicted,0.07692307692307693,12,12,ACGATCGAAAGTATTTGGCG,0,3002581
ratA_yfjF_predicted,0.07692307692307693,12,12,ACGACAAGGAAGGTGCGCCA,0,3001278
ratA_yfjF_predicted,0.07692307692307693,12,12,ACCGTCCTGGATCGTCACTA,0,3008047
ratA_yfjF_predicted,0.07692307692307693,12,12,ACCGGCGCGCGTCGAGCTCT,0,3006498
ratA_yfjF_predicted,0.07692307692307693,12,12,ACCGGATCTATGCGAACTAC,0,3013786
ratA_yfjF_predicted,0.07692307692307693,12,12,ACCCACTATAACGTTTGATG,0,3008866
ratA_yfjF_predicted,0.07692307692307693,12,12,ACAGGCGACGAGGTTCAGCT,0,3012918
ratA_yfjF_predicted,0.07692307692307693,12,12,ACACTGTCGGGAACAGACAG,0,2997525
ratA_yfjF_predicted,0.07692307692307693,12,12,ACACCCCTGCAGTGCTGGCA,0,3019414
ratA_yfjF_predicted,0.07692307692307693,12,12,ACACAGTCCGGGGCGCTCAG,0,2995141
ratA_yfjF_predicted,0.07692307692307693,12,12,AATAATTGAGGTTATTTGGT,0,3008506
ratA_yfjF_predicted,0.07692307692307693,12,12,AAGAGTTTTGAGTTTTCTTT,0,3000527
ratA_yfjF_predicted,0.07692307692307693,12,12,AAGAGTAGCTAATTATCTGG,0,2998158
ratA_yfjF_predicted,0.07692307692307693,12,12,AACCGTTAAAAAATGGTCGA,0,3007509
ratA_yfjF_predicted,0.07692307692307693,12,12,AACATACGGTGGTCCTGGCG,0,2999762
ratA_yfjF_predicted,0.07692307692307693,12,12,AACAGCTGGATAGCACTAGA,0,2994660
ratA_yfjF_predicted,0.07692307692307693,12,12,AAATCGATATGTCCCACTCT,0,2995257
ratA_yfjF_predicted,0.07692307692307693,12,12,AAAGAGGACAGGAAATTTGG,0,3002919
ratA_yfjF_predicted,0.07692307692307693,12,12,AAAGAGCTACATAGCTTTGT,0,3017793
ratA_yfjF_predicted,0.08333333333333333,11,11,TTTTTAGTTTTGCCAGTCAT,0,2993245
ratA_yfjF_predicted,0.08333333333333333,11,11,TTTTGCGAGCGCGGGTCCAG,0,2992294
ratA_yfjF_predicted,0.08333333333333333,11,11,TTTTCTGCTCCTGGATGTTT,0,2992444
ratA_yfjF_predicted,0.08333333333333333,11,11,TTGGTCGATTATACGATGCA,0,3015591
ratA_yfjF_predicted,0.08333333333333333,11,11,TTGGTCATATCGTTACGTTG,0,3010145
ratA_yfjF_predicted,0.08333333333333333,11,11,TTGGAGAAAATATGTTGTCT,0,3020601
ratA_yfjF_predicted,0.08333333333333333,11,11,TTGCAACGTGCCGGTATGAG,0,2996325
ratA_yfjF_predicted,0.08333333333333333,11,11,TTGAATCCCACGCTGGTTTG,0,3006360
ratA_yfjF_predicted,0.08333333333333333,11,11,TTCTCGCCTTTAATCGCCAA,0,3018868
ratA_yfjF_predicted,0.08333333333333333,11,11,TTCGGCCCTGATGTATGTTC,0,3013186
ratA_yfjF_predicted,0.08333333333333333,11,11,TTCCACATAAGACAGCGTTT,0,3012607
ratA_yfjF_predicted,0.08333333333333333,11,11,TTCATAGGGGTGGCAGCTGG,0,3006951
ratA_yfjF_predicted,0.08333333333333333,11,11,TTCAGAGCCGTCCGCTTTTT,0,2992250
ratA_yfjF_predicted,0.08333333333333333,11,11,TTACCCATGGGCGGTCGATT,0,3003494
ratA_yfjF_predicted,0.08333333333333333,11,11,TGTTCAACCGAAACTTCGTC,0,3018572
ratA_yfjF_predicted,0.08333333333333333,11,11,TGGCCCGAGATGATATAGAG,0,3007744
ratA_yfjF_predicted,0.08333333333333333,11,11,TGCTCTAGGATTTGTGTCAA,0,2999764
ratA_yfjF_predicted,0.08333333333333333,11,11,TGCTATTTGAGCTATACTTC,0,3021653
ratA_yfjF_predicted,0.08333333333333333,11,11,TGCGCGCCTTGCAGAAGGTT,0,3017170
ratA_yfjF_predicted,0.08333333333333333,11,11,TGCCGTGCTACTTATGGGCA,0,3005828
ratA_yfjF_predicted,0.08333333333333333,11,11,TGCACCGTCACCCTATAATC,0,3000287
ratA_yfjF_predicted,0.08333333333333333,11,11,TGAGTTCTGGTCGAGTTTAC,0,2994429
ratA_yfjF_predicted,0.08333333333333333,11,11,TGAAAGGGGTCACCCAAGGC,0,3009190
ratA_yfjF_predicted,0.08333333333333333,11,11,TCTGCATATCAGCACCTCTA,0,2996660
ratA_yfjF_predicted,0.08333333333333333,11,11,TCTCGAGTTATAGTAGGGTG,0,2998696
ratA_yfjF_predicted,0.08333333333333333,11,11,TCGTTCAGATCTTCACAGAG,0,2997603
ratA_yfjF_predicted,0.08333333333333333,11,11,TCGGTCGTGGCTTGGTTATT,0,3019584
ratA_yfjF_predicted,0.08333333333333333,11,11,TCGGGCATCCACCAACGGCA,0,2994498
ratA_yfjF_predicted,0.08333333333333333,11,11,TCCCTAGGACGGTAACGCAG,0,3011691
ratA_yfjF_predicted,0.08333333333333333,11,11,TCCATCCTTTGTTCCGGGGA,0,3016354
ratA_yfjF_predicted,0.08333333333333333,11,11,TCATGGTCACACCTGTCATG,0,2993564
ratA_yfjF_predicted,0.08333333333333333,11,11,TCATATGCGTTTCAGCTACA,0,3004898
ratA_yfjF_predicted,0.08333333333333333,11,11,TCACGCATCTCAAGACACGC,0,3014611
ratA_yfjF_predicted,0.08333333333333333,11,11,TATGTACTAGGGTCCTTTAT,0,3013449
ratA_yfjF_predicted,0.08333333333333333,11,11,TATACTCACAGCCGAGGAAT,0,2995327
ratA_yfjF_predicted,0.08333333333333333,11,11,TATACGTAGACAAGTATGGA,0,3003300
ratA_yfjF_predicted,0.08333333333333333,11,11,TAAGGCCACCCTTTTCAGTC,0,3001766
ratA_yfjF_predicted,0.08333333333333333,11,11,TAACTCACGCTAATCCTAAC,0,3021559
ratA_yfjF_predicted,0.08333333333333333,11,11,TAACGAGCAATGCATTGATG,0,3019703
ratA_yfjF_predicted,0.08333333333333333,11,11,GTTGTTCATTAGGGACTCCT,0,2992950
ratA_yfjF_predicted,0.08333333333333333,11,11,GTTGTGTGTACGAGATTCCG,0,2994150
ratA_yfjF_predicted,0.08333333333333333,11,11,GTTGTAATACTCCATTACAT,0,3011935
ratA_yfjF_predicted,0.08333333333333333,11,11,GTGTTATCGTCATAACTCAA,0,3011268
ratA_yfjF_predicted,0.08333333333333333,11,11,GTGTCCACCCTAGCTACGGG,0,3009404
ratA_yfjF_predicted,0.08333333333333333,11,11,GTGGTTAATGCAGGCATAGT,0,3017488
ratA_yfjF_predicted,0.08333333333333333,11,11,GTGGGGTGAGTAGGGGTTGT,0,3008911
ratA_yfjF_predicted,0.08333333333333333,11,11,GTGGCATTTCGCGTCTCGCC,0,2999995
ratA_yfjF_predicted,0.08333333333333333,11,11,GTGCATCCGAAGGAGGCTCG,0,2998136
ratA_yfjF_predicted,0.08333333333333333,11,11,GTGATGCCTTGGGCTGACTA,0,2997749
ratA_yfjF_predicted,0.08333333333333333,11,11,GTCTCTCACTTTCATCGCAA,0,3012390
ratA_yfjF_predicted,0.08333333333333333,11,11,GTCGTGTACGCTGTGTGGCG,0,3005339
ratA_yfjF_predicted,0.08333333333333333,11,11,GTCGTGGGATCAAGCGTACA,0,3018409
ratA_yfjF_predicted,0.08333333333333333,11,11,GTCGCAGCTTCCGGTAGAAG,0,3002422
ratA_yfjF_predicted,0.08333333333333333,11,11,GTATATGCAATGAGGCTGAT,0,3019590
ratA_yfjF_predicted,0.08333333333333333,11,11,GTACTAAACCGTCACGCTTA,0,2992535
ratA_yfjF_predicted,0.08333333333333333,11,11,GTAAGTAAAACAAGCTGAGA,0,3020295
ratA_yfjF_predicted,0.08333333333333333,11,11,GTAACTCGGCCACTGGGGGG,0,3010907
ratA_yfjF_predicted,0.08333333333333333,11,11,GGTTGGACCTATGCCTCTAA,0,3007611
ratA_yfjF_predicted,0.08333333333333333,11,11,GGTCATTCAGGGGACGACGT,0,3020438
ratA_yfjF_predicted,0.08333333333333333,11,11,GGGTCTCCTCCTATAGGGAG,0,3010285
ratA_yfjF_predicted,0.08333333333333333,11,11,GGGATAATACCGGATGGGCG,0,3018182
ratA_yfjF_predicted,0.08333333333333333,11,11,GGCTCAATATGTTGCAACTA,0,3020498
ratA_yfjF_predicted,0.08333333333333333,11,11,GGCGTTGAGCTTACCCGTTA,0,2993751
ratA_yfjF_predicted,0.08333333333333333,11,11,GGCGACTACGGTAACCGTTA,0,3014967
ratA_yfjF_predicted,0.08333333333333333,11,11,GGCCGAGTCACACTTGGTGT,0,3010359
ratA_yfjF_predicted,0.08333333333333333,11,11,GGCAGTCTTTGGCAAGCCAG,0,2997701
ratA_yfjF_predicted,0.08333333333333333,11,11,GGCACCGCCGACACTGGTTG,0,3005089
ratA_yfjF_predicted,0.08333333333333333,11,11,GGAGGATTAACATTCTTCCA,0,3007560
ratA_yfjF_predicted,0.08333333333333333,11,11,GGAAACGTAGCTTTACTATG,0,2997820
ratA_yfjF_predicted,0.08333333333333333,11,11,GCTTGTGAAGGCTGGTCACG,0,3020440
ratA_yfjF_predicted,0.08333333333333333,11,11,GCTTGGTTCATCACGATCGG,0,2993971
ratA_yfjF_predicted,0.08333333333333333,11,11,GCTGCTCTGTGAAGTGGTGG,0,3000424
ratA_yfjF_predicted,0.08333333333333333,11,11,GCTCCGGCATAAGTGCTAAA,0,3016203
ratA_yfjF_predicted,0.08333333333333333,11,11,GCTACAAGTCTGCGGGATTG,0,3016583
ratA_yfjF_predicted,0.08333333333333333,11,11,GCGGTGGGGTTTTCCGTAGG,0,3016029
ratA_yfjF_predicted,0.08333333333333333,11,11,GCGGGAACGTGCGGAAGGGT,0,3019420
ratA_yfjF_predicted,0.08333333333333333,11,11,GCGGCTATTCTCCGATTTAG,0,2999909
ratA_yfjF_predicted,0.08333333333333333,11,11,GCGGAACAACGCAAGTATGT,0,3014199
ratA_yfjF_predicted,0.08333333333333333,11,11,GCGAGCAGTTAAGTCCGTTG,0,3010522
ratA_yfjF_predicted,0.08333333333333333,11,11,GCCCCAATTAACCTAGCATA,0,3011613
ratA_yfjF_predicted,0.08333333333333333,11,11,GCCACACACTCTAGCAAGTG,0,3004071
ratA_yfjF_predicted,0.08333333333333333,11,11,GCATGTCTCATCTGTTGTCG,0,3016572
ratA_yfjF_predicted,0.08333333333333333,11,11,GCATGAATAGTATTGGCTGG,0,3000777
ratA_yfjF_predicted,0.08333333333333333,11,11,GCAGATTCGACTTTAAGCGT,0,3010566
ratA_yfjF_predicted,0.08333333333333333,11,11,GCACCAGCAAGACGAGTTAT,0,3003782
ratA_yfjF_predicted,0.08333333333333333,11,11,GCAACAAATTAACAACAGGT,0,3001241
ratA_yfjF_predicted,0.08333333333333333,11,11,GATTCTCTTGATTCCGCAAT,0,3012803
ratA_yfjF_predicted,0.08333333333333333,11,11,GATTAACGATGCTTTGGCCT,0,3009268
ratA_yfjF_predicted,0.08333333333333333,11,11,GATGAGTTACTGACCCATAG,0,3012257
ratA_yfjF_predicted,0.08333333333333333,11,11,GAGGCTCCAATCTGACGAGA,0,3001816
ratA_yfjF_predicted,0.08333333333333333,11,11,GAGCGACCGATGCCGTGGCA,0,2992741
ratA_yfjF_predicted,0.08333333333333333,11,11,GAGCCTAGACCTACCAATGG,0,3020721
ratA_yfjF_predicted,0.08333333333333333,11,11,GAGCCATGTAAGTAGGTAGT,0,3019411
ratA_yfjF_predicted,0.08333333333333333,11,11,GACTTTCGTCCGCTTCCAAA,0,3009871
ratA_yfjF_predicted,0.08333333333333333,11,11,GACGATTATGGAATGCACCG,0,3018649
ratA_yfjF_predicted,0.08333333333333333,11,11,GACCGGGGGCCTAGCCGAAC,0,3005554
ratA_yfjF_predicted,0.08333333333333333,11,11,GACATCTTCAGCTAACCATC,0,2994957
ratA_yfjF_predicted,0.08333333333333333,11,11,GACATCACCAACAAGTCTGA,0,3004002
ratA_yfjF_predicted,0.08333333333333333,11,11,GAAAAAGGGTGCTTGGCTCT,0,3010393
ratA_yfjF_predicted,0.08333333333333333,11,11,CTGCGTCCGGGTGGGCAAGA,0,3020170
ratA_yfjF_predicted,0.08333333333333333,11,11,CTGACCGCTGTTCGCGCTGT,0,3016217
ratA_yfjF_predicted,0.08333333333333333,11,11,CTCGGAGGCAGTAGAACTAT,0,3000866
ratA_yfjF_predicted,0.08333333333333333,11,11,CTCAATGAACCCTGGTACAT,0,3001521
ratA_yfjF_predicted,0.08333333333333333,11,11,CTATGGGGACAACTTACGAA,0,3015681
ratA_yfjF_predicted,0.08333333333333333,11,11,CTATCGGGCTTTGGAGCTTA,0,3009442
ratA_yfjF_predicted,0.08333333333333333,11,11,CTACATGCGCGACATGATGT,0,3000475
ratA_yfjF_predicted,0.08333333333333333,11,11,CTAAGGTAACCATACGTGAA,0,3001466
ratA_yfjF_predicted,0.08333333333333333,11,11,CGTTTACCACTGATTGGCAT,0,3003522
ratA_yfjF_predicted,0.08333333333333333,11,11,CGTGTGTTCGCATAAGGGAA,0,3019673
ratA_yfjF_predicted,0.08333333333333333,11,11,CGTGTCTCGCCGTAACTGTA,0,2995785
ratA_yfjF_predicted,0.08333333333333333,11,11,CGGTTGCGGTCAAAGCTGCA,0,3005571
ratA_yfjF_predicted,0.08333333333333333,11,11,CGGCGTTATGACATCTACGG,0,2995614
ratA_yfjF_predicted,0.08333333333333333,11,11,CGGCATTCGCCCCTTCTGGC,0,3010147
ratA_yfjF_predicted,0.08333333333333333,11,11,CGGAATGTGGTTGTTCGGGT,0,3009363
ratA_yfjF_predicted,0.08333333333333333,11,11,CGATTCCCCCGGCTTTCGGA,0,3012108
ratA_yfjF_predicted,0.08333333333333333,11,11,CGATACCTCACTGGGATTCA,0,3009916
ratA_yfjF_predicted,0.08333333333333333,11,11,CGACACAACAGCGCGATTAA,0,3012181
ratA_yfjF_predicted,0.08333333333333333,11,11,CGAATTCACGCTGGCGGGTA,0,3019737
ratA_yfjF_predicted,0.08333333333333333,11,11,CCTGGCTAAGAATACGGGGA,0,3001835
ratA_yfjF_predicted,0.08333333333333333,11,11,CCTCGGATGTTCTGAGTTCT,0,2991848
ratA_yfjF_predicted,0.08333333333333333,11,11,CCGGTGACCGCTTTCGTTGG,0,2993071
ratA_yfjF_predicted,0.08333333333333333,11,11,CCGGGGGTCTCAAACGCATG,0,3000168
ratA_yfjF_predicted,0.08333333333333333,11,11,CCGCCCGGGACTTCTGAGGG,0,3011273
ratA_yfjF_predicted,0.08333333333333333,11,11,CCCCAGCACAGTTCGGTCCA,0,2993563
ratA_yfjF_predicted,0.08333333333333333,11,11,CCACTTGATGCACCCCCGTG,0,3002995
ratA_yfjF_predicted,0.08333333333333333,11,11,CCACATGTCAGGTCGTGAAG,0,3007825
ratA_yfjF_predicted,0.08333333333333333,11,11,CACGGTCGCCAACGACCAAT,0,3005618
ratA_yfjF_predicted,0.08333333333333333,11,11,CACGCGTATTTCAAGACTAG,0,2999501
ratA_yfjF_predicted,0.08333333333333333,11,11,CACAGCGGGTACCCTTTCAG,0,3007199
ratA_yfjF_predicted,0.08333333333333333,11,11,CACACTGCCTGATTGTTTTG,0,3015397
ratA_yfjF_predicted,0.08333333333333333,11,11,CAATGCAAAAGACACCGGGT,0,3011964
ratA_yfjF_predicted,0.08333333333333333,11,11,CAACCCCGCGTAGGTGAAAG,0,3002308
ratA_yfjF_predicted,0.08333333333333333,11,11,CAACATCGGGTCCGTGTGGG,0,3000449
ratA_yfjF_predicted,0.08333333333333333,11,11,ATTCCCCGGGTTACAAACTA,0,2992814
ratA_yfjF_predicted,0.08333333333333333,11,11,ATCGCGGATATCATCTATAG,0,3020616
ratA_yfjF_predicted,0.08333333333333333,11,11,ATCCTATAAGTAGTGTTAAC,0,2996320
ratA_yfjF_predicted,0.08333333333333333,11,11,ATCACGGGGTTTGGACAGTG,0,2994402
ratA_yfjF_predicted,0.08333333333333333,11,11,AGTTGTGATGGATGTTTACT,0,2999883
ratA_yfjF_predicted,0.08333333333333333,11,11,AGTGTCCTCGGTCTGTCCAA,0,2994023
ratA_yfjF_predicted,0.08333333333333333,11,11,AGTCTCCTCCGAATGACGGT,0,3011153
ratA_yfjF_predicted,0.08333333333333333,11,11,AGGAACAATGATGGGTACAT,0,3012622
ratA_yfjF_predicted,0.08333333333333333,11,11,AGCTGTCCCGGCATATAGGA,0,2993905
ratA_yfjF_predicted,0.08333333333333333,11,11,AGCCAGGTAAAAGCAAACGC,0,2995079
ratA_yfjF_predicted,0.08333333333333333,11,11,AGATAGTTAAAGGTAGGGAC,0,3016105
ratA_yfjF_predicted,0.08333333333333333,11,11,AGAGTCCAGTGAAAAACTTA,0,3012750
ratA_yfjF_predicted,0.08333333333333333,11,11,AGAGACCTGTGCGGTAGGCT,0,3003414
ratA_yfjF_predicted,0.08333333333333333,11,11,AGAGACACGCCACGCTGAAT,0,2996801
ratA_yfjF_predicted,0.08333333333333333,11,11,AGACTGTATCGGACAGGGCA,0,3007601
ratA_yfjF_predicted,0.08333333333333333,11,11,AGAAGTTCAAAGTTTACAGC,0,2993604
ratA_yfjF_predicted,0.08333333333333333,11,11,AGAACTGACTCCAGAAGGAA,0,3007065
ratA_yfjF_predicted,0.08333333333333333,11,11,ACGTTTCCACAGCAGTAATC,0,2993519
ratA_yfjF_predicted,0.08333333333333333,11,11,ACGTTCGACGCGATAGACGG,0,2999730
ratA_yfjF_predicted,0.08333333333333333,11,11,ACGTCAGATATATCCAGCGT,0,3016258
ratA_yfjF_predicted,0.08333333333333333,11,11,ACGGTGGGGCAACACACAGA,0,3008632
ratA_yfjF_predicted,0.08333333333333333,11,11,ACGCTTCAAAAGTAAAATAT,0,2995868
ratA_yfjF_predicted,0.08333333333333333,11,11,ACGATCTTACCGTGATTAGA,0,2999369
ratA_yfjF_predicted,0.08333333333333333,11,11,ACCATTATTAATGTATAGTT,0,3000972
ratA_yfjF_predicted,0.08333333333333333,11,11,ACATCTTGACAGCATTATAG,0,2993283
ratA_yfjF_predicted,0.08333333333333333,11,11,ACAGCGCTGCCAAGGTGTCA,0,2994553
ratA_yfjF_predicted,0.08333333333333333,11,11,ACAAGGGGCATTGCGACGAT,0,3019553
ratA_yfjF_predicted,0.08333333333333333,11,11,AATTGTTAGTCAGGGCATCT,0,2994715
ratA_yfjF_predicted,0.08333333333333333,11,11,AATTGGTGTGGCTAGCCAAT,0,2999998
ratA_yfjF_predicted,0.08333333333333333,11,11,AATAAGCGTGCCCACTAATA,0,3000190
ratA_yfjF_predicted,0.08333333333333333,11,11,AAGTACGCGAAAATGCACAA,0,2995703
ratA_yfjF_predicted,0.08333333333333333,11,11,AAGGGGTACCCAGGTGCAGC,0,3001503
ratA_yfjF_predicted,0.08333333333333333,11,11,AAGAGGATGCAGGCACGCAA,0,2993796
ratA_yfjF_predicted,0.08333333333333333,11,11,AACTAGGATACTGGGTCGAT,0,3004568
ratA_yfjF_predicted,0.08333333333333333,11,11,AACGTCATGCCTAGGTGACC,0,3010826
ratA_yfjF_predicted,0.08333333333333333,11,11,AACCTCGCCAAGCTAATTTC,0,2994742
ratA_yfjF_predicted,0.08333333333333333,11,11,AACCGAGGTAATTAATAAAA,0,2992999
ratA_yfjF_predicted,0.08333333333333333,11,11,AACAGACTCGGGGACCTCAT,0,2992704
ratA_yfjF_predicted,0.08333333333333333,11,11,AAAATCCGCATAGTTAAAGC,0,2992905
ratA_yfjF_predicted,0.08333333333333333,11,11,AAAACTCGGCAGCACCCGTA,0,3012556
ratA_yfjF_predicted,0.09090909090909091,10,10,TTTCCGTTAAGACATAAGTG,0,2992082
ratA_yfjF_predicted,0.09090909090909091,10,10,TTGTGTACTACGATATAACT,0,3009303
ratA_yfjF_predicted,0.09090909090909091,10,10,TTGGCGGAAGTGATCATTGC,0,3014759
ratA_yfjF_predicted,0.09090909090909091,10,10,TTGCGTCACTGATGTGACCA,0,3013277
ratA_yfjF_predicted,0.09090909090909091,10,10,TTGATTGAAACCATTCGCAT,0,2995060
ratA_yfjF_predicted,0.09090909090909091,10,10,TTCGAGGCGGAGAGGTAAGA,0,3002615
ratA_yfjF_predicted,0.09090909090909091,10,10,TTCCGTTCAACCCAAAAGGT,0,2994384
ratA_yfjF_predicted,0.09090909090909091,10,10,TTAATAGACGAAATGGCTGA,0,2996437
ratA_yfjF_predicted,0.09090909090909091,10,10,TTAACATCTGTGGGTCGTCT,0,3019345
ratA_yfjF_predicted,0.09090909090909091,10,10,TGGTTCTTAGTGGACAATTG,0,3001242
ratA_yfjF_predicted,0.09090909090909091,10,10,TGGCTCGCTGTTTATTGGTC,0,3021115
ratA_yfjF_predicted,0.09090909090909091,10,10,TGCCGTGGAGCGATATCACG,0,2993176
ratA_yfjF_predicted,0.09090909090909091,10,10,TGCCAACGGCTATGAATTTA,0,3001121
ratA_yfjF_predicted,0.09090909090909091,10,10,TGCACTTTGTTGAAATTGGT,0,3005501
ratA_yfjF_predicted,0.09090909090909091,10,10,TGCAAGCAACCCATCATTCC,0,3015235
ratA_yfjF_predicted,0.09090909090909091,10,10,TGATTGACATGCCCTTCGGT,0,3017882
ratA_yfjF_predicted,0.09090909090909091,10,10,TGACATATTCAGCCAGGGTT,0,3018732
ratA_yfjF_predicted,0.09090909090909091,10,10,TCTGTCAGATGGCGGCACGC,0,3010420
ratA_yfjF_predicted,0.09090909090909091,10,10,TCTAAGGGTCTGCCATTCCT,0,3006223
ratA_yfjF_predicted,0.09090909090909091,10,10,TCGGCTTCTCATGAACTGAT,0,3019474
ratA_yfjF_predicted,0.09090909090909091,10,10,TCGGATCATTGATTGGCGAT,0,3008847
ratA_yfjF_predicted,0.09090909090909091,10,10,TCGCGGCCGACGTAGGAGTC,0,3014681
ratA_yfjF_predicted,0.09090909090909091,10,10,TCATCTTAGTATGCGTATTG,0,2994637
ratA_yfjF_predicted,0.09090909090909091,10,10,TCACTTCGCCTGCACGTTGG,0,3003548
ratA_yfjF_predicted,0.09090909090909091,10,10,TCAACCGCGCTGCGTACAAT,0,2993525
ratA_yfjF_predicted,0.09090909090909091,10,10,TATTGAGATGAAACCAAACG,0,3008305
ratA_yfjF_predicted,0.09090909090909091,10,10,TATGCTTCCAATGGCCTCTA,0,3011247
ratA_yfjF_predicted,0.09090909090909091,10,10,TAGATCCATCAATGGAGTTG,0,3007598
ratA_yfjF_predicted,0.09090909090909091,10,10,TAGAGTTCGGGGTCGTCCGG,0,2995807
ratA_yfjF_predicted,0.09090909090909091,10,10,TACAGTCACATAGGGCAAGT,0,3011623
ratA_yfjF_predicted,0.09090909090909091,10,10,TAAGCATTTTCGGCACTATA,0,3001127
ratA_yfjF_predicted,0.09090909090909091,10,10,TAAGAGTTCCAGTGCACAAC,0,2998075
ratA_yfjF_predicted,0.09090909090909091,10,10,TAACACAGAGCATTACCGCG,0,2992711
ratA_yfjF_predicted,0.09090909090909091,10,10,TAAATAATATTCGAAAGTTG,0,2992102
ratA_yfjF_predicted,0.09090909090909091,10,10,GTTTGCAACATGTCGCGTGT,0,2993869
ratA_yfjF_predicted,0.09090909090909091,10,10,GTTTCACTACGGTGAGATTC,0,3001381
ratA_yfjF_predicted,0.09090909090909091,10,10,GTTCTTGCTCCCAAGAGGTT,0,3007538
ratA_yfjF_predicted,0.09090909090909091,10,10,GTGTACTGTAGCTGCTTTGT,0,3009935
ratA_yfjF_predicted,0.09090909090909091,10,10,GTGTACGTCTCCTCCAGAGT,0,2993908
ratA_yfjF_predicted,0.09090909090909091,10,10,GTGGTGGTGGTGAGGGGTCT,0,3020221
ratA_yfjF_predicted,0.09090909090909091,10,10,GTGCGCTAACTACATTCGAC,0,3004372
ratA_yfjF_predicted,0.09090909090909091,10,10,GTGACTGAGCAGAATGCACA,0,3019389
ratA_yfjF_predicted,0.09090909090909091,10,10,GTGACTACGAAGTTCAACAG,0,3012807
ratA_yfjF_predicted,0.09090909090909091,10,10,GTCTCGCACCTGTCGCTGGT,0,2993288
ratA_yfjF_predicted,0.09090909090909091,10,10,GTATGTGCAATGAATGAACA,0,3018702
ratA_yfjF_predicted,0.09090909090909091,10,10,GTATACCTCCCAACCTGGAA,0,3009441
ratA_yfjF_predicted,0.09090909090909091,10,10,GTAGAGTTGGTCTACCTAGA,0,3012279
ratA_yfjF_predicted,0.09090909090909091,10,10,GGTTGTGACTACTACCCGAG,0,3013196
ratA_yfjF_predicted,0.09090909090909091,10,10,GGTTATTATCCATACATGAT,0,3012055
ratA_yfjF_predicted,0.09090909090909091,10,10,GGTTAGAGTACCACTTTGTG,0,3000747
ratA_yfjF_predicted,0.09090909090909091,10,10,GGTGGAGATAACGTCATATC,0,2999631
ratA_yfjF_predicted,0.09090909090909091,10,10,GGTGCCCAAAGGTTCGCGAA,0,3008143
ratA_yfjF_predicted,0.09090909090909091,10,10,GGTAGTCCCAAAGGGTAAAA,0,3019555
ratA_yfjF_predicted,0.09090909090909091,10,10,GGTAAGGGAAACCTGGACTA,0,3016386
ratA_yfjF_predicted,0.09090909090909091,10,10,GGGGTCCCAGGGTATACGTT,0,3013048
ratA_yfjF_predicted,0.09090909090909091,10,10,GGGGGGAACGCGTGATAGTT,0,3001337
ratA_yfjF_predicted,0.09090909090909091,10,10,GGGGAGAGCAGTCATGCAGA,0,3003282
ratA_yfjF_predicted,0.09090909090909091,10,10,GGCTTGCCCGATGAAGCATA,0,3009440
ratA_yfjF_predicted,0.09090909090909091,10,10,GGCTGCCGCCGCGTGCGGTT,0,2996692
ratA_yfjF_predicted,0.09090909090909091,10,10,GGCGGAGAACTCGAAAAAAT,0,3005368
ratA_yfjF_predicted,0.09090909090909091,10,10,GGCCAGCGCGTTTTCCCTCG,0,3001372
ratA_yfjF_predicted,0.09090909090909091,10,10,GGCAACTATTGTTTTGTCCT,0,3002258
ratA_yfjF_predicted,0.09090909090909091,10,10,GGCAAATCGCTAGACTCCAA,0,3002320
ratA_yfjF_predicted,0.09090909090909091,10,10,GGATTATTCCTGGAGGGAAA,0,2997776
ratA_yfjF_predicted,0.09090909090909091,10,10,GGAATGCCAATCTGGTCGTG,0,3004690
ratA_yfjF_predicted,0.09090909090909091,10,10,GCTGTGTGAACCGCAGTGGT,0,2996410
ratA_yfjF_predicted,0.09090909090909091,10,10,GCTGTCGGGGCTCGCCGCCA,0,2997796
ratA_yfjF_predicted,0.09090909090909091,10,10,GCTGATAACCGTCTAGCAGC,0,3003160
ratA_yfjF_predicted,0.09090909090909091,10,10,GCTCTTACGGGCTGAGCCAT,0,3000010
ratA_yfjF_predicted,0.09090909090909091,10,10,GCTAGGGATTGAAGCATTAA,0,2996784
ratA_yfjF_predicted,0.09090909090909091,10,10,GCGTTACCCCGTCACGGCAT,0,3014919
ratA_yfjF_predicted,0.09090909090909091,10,10,GCGTGTAAAGGAGTGTGTAC,0,3016679
ratA_yfjF_predicted,0.09090909090909091,10,10,GCGTGCTCTCACTCGTGGTC,0,3021154
ratA_yfjF_predicted,0.09090909090909091,10,10,GCGGGAAAATGTCCGCATGT,0,3006797
ratA_yfjF_predicted,0.09090909090909091,10,10,GCGCGGAGGTCGCCTCCTGA,0,3001656
ratA_yfjF_predicted,0.09090909090909091,10,10,GCCTATCTCCATGGGTCGCA,0,3014635
ratA_yfjF_predicted,0.09090909090909091,10,10,GCCGGTGAATTATATCAAGT,0,3017364
ratA_yfjF_predicted,0.09090909090909091,10,10,GCCAGGGCTATAAGCACTGG,0,3017087
ratA_yfjF_predicted,0.09090909090909091,10,10,GCATGTCATTACCAAAAAAG,0,3005808
ratA_yfjF_predicted,0.09090909090909091,10,10,GCAGTTTCAATGCGGATGCA,0,3009829
ratA_yfjF_predicted,0.09090909090909091,10,10,GCAGGTACGGGGACTGGATC,0,2999566
ratA_yfjF_predicted,0.09090909090909091,10,10,GCACTTGTATATGTTTCTTA,0,2996907
ratA_yfjF_predicted,0.09090909090909091,10,10,GCACCAGTGTAAGAGCAGGC,0,2991840
ratA_yfjF_predicted,0.09090909090909091,10,10,GCACAGAAAATTAAGGCCGG,0,2992888
ratA_yfjF_predicted,0.09090909090909091,10,10,GATGCCCGAATCCGGGAAAC,0,3021785
ratA_yfjF_predicted,0.09090909090909091,10,10,GATCGGTCCTGTTCGAGGAC,0,3016261
ratA_yfjF_predicted,0.09090909090909091,10,10,GAGTACATCCTGTATAGTTG,0,2998881
ratA_yfjF_predicted,0.09090909090909091,10,10,GAGGGTGTCAAGGAACGATT,0,3008757
ratA_yfjF_predicted,0.09090909090909091,10,10,GAGATACCCGCCTCTCCTCA,0,3000864
ratA_yfjF_predicted,0.09090909090909091,10,10,GAGACGGCCCGGACGTAAGA,0,2992103
ratA_yfjF_predicted,0.09090909090909091,10,10,GACTTTCGCCCGGTAAGTAT,0,2997198
ratA_yfjF_predicted,0.09090909090909091,10,10,GACTAACTTAGGTGAGACGT,0,3019046
ratA_yfjF_predicted,0.09090909090909091,10,10,GACGGTTGGCACTGATCATT,0,3004730
ratA_yfjF_predicted,0.09090909090909091,10,10,GACCGACAAAAGCTCAAGTG,0,3003075
ratA_yfjF_predicted,0.09090909090909091,10,10,GACAGATAGATTTTGTGTCC,0,3016075
ratA_yfjF_predicted,0.09090909090909091,10,10,GAATGGATCCGGGCAAGGTT,0,3014008
ratA_yfjF_predicted,0.09090909090909091,10,10,GAACCCCACCAAGAACCAAT,0,3010184
ratA_yfjF_predicted,0.09090909090909091,10,10,GAAACTGCGGTCATTTTAAT,0,3013932
ratA_yfjF_predicted,0.09090909090909091,10,10,CTTCAAATCAAGGGATCGGA,0,3003182
ratA_yfjF_predicted,0.09090909090909091,10,10,CTGTTACTATTTTGATTCTC,0,3012325
ratA_yfjF_predicted,0.09090909090909091,10,10,CTGGACGGTCAAGCCTCGTA,0,2999628
ratA_yfjF_predicted,0.09090909090909091,10,10,CTGCTGAGGTGTGTGAAAGA,0,2992449
ratA_yfjF_predicted,0.09090909090909091,10,10,CTGCGGCGGTTATATCGAAG,0,2995267
ratA_yfjF_predicted,0.09090909090909091,10,10,CTCTGGGTGCGTGTAATCAG,0,3010578
ratA_yfjF_predicted,0.09090909090909091,10,10,CTCTACCATGTGCAGGTTCG,0,2999333
ratA_yfjF_predicted,0.09090909090909091,10,10,CTCGTCCTATTGGTTCTCCA,0,2994026
ratA_yfjF_predicted,0.09090909090909091,10,10,CTCGAGATTATAGTCGCTTA,0,2999870
ratA_yfjF_predicted,0.09090909090909091,10,10,CTCCCTTCACCCGTTGAATG,0,3016384
ratA_yfjF_predicted,0.09090909090909091,10,10,CTCAGCCGGCGACGACCGAT,0,3000582
ratA_yfjF_predicted,0.09090909090909091,10,10,CTCAAGAGAGGACGCGTTGT,0,2998492
ratA_yfjF_predicted,0.09090909090909091,10,10,CTATCTGTCACGCGACGTGT,0,3007316
ratA_yfjF_predicted,0.09090909090909091,10,10,CTAGGCGTGACTTCAAGTAA,0,3019235
ratA_yfjF_predicted,0.09090909090909091,10,10,CTAGCTAGGCCCGGACTCCT,0,3008024
ratA_yfjF_predicted,0.09090909090909091,10,10,CGTTTTCGTCTCGGCGAATT,0,3008084
ratA_yfjF_predicted,0.09090909090909091,10,10,CGTTTCATCCTTACTTGTCC,0,3005322
ratA_yfjF_predicted,0.09090909090909091,10,10,CGTCTGTGAGTCAGTTTCCT,0,3004260
ratA_yfjF_predicted,0.09090909090909091,10,10,CGTCCAATGAGTGCGCATAT,0,3017830
ratA_yfjF_predicted,0.09090909090909091,10,10,CGTCACTGCTTCGGGGCTCT,0,3001863
ratA_yfjF_predicted,0.09090909090909091,10,10,CGGTTAGAAAGGGATAGCCG,0,3019157
ratA_yfjF_predicted,0.09090909090909091,10,10,CGGGTCGTTAGATTAGACGC,0,3017846
ratA_yfjF_predicted,0.09090909090909091,10,10,CGGGGGTACAGAAAGAATGG,0,3019025
ratA_yfjF_predicted,0.09090909090909091,10,10,CGGAGTTTACCCCCGCCATG,0,3001609
ratA_yfjF_predicted,0.09090909090909091,10,10,CGCGGATCTGCCATAAGTAC,0,3009407
ratA_yfjF_predicted,0.09090909090909091,10,10,CGATTCCCCTCGCTGAAAGC,0,3000060
ratA_yfjF_predicted,0.09090909090909091,10,10,CGAGCGTGGTTTTCCTTTGA,0,2996722
ratA_yfjF_predicted,0.09090909090909091,10,10,CCTTGCCCTCTATGCGGCCA,0,3014276
ratA_yfjF_predicted,0.09090909090909091,10,10,CCTGCCGCACTGGTGTTCTT,0,2994011
ratA_yfjF_predicted,0.09090909090909091,10,10,CCTCTGACAGGCCATTTTTC,0,2994583
ratA_yfjF_predicted,0.09090909090909091,10,10,CCGTTCGAAGTACCGTCCTT,0,3016535
ratA_yfjF_predicted,0.09090909090909091,10,10,CCGTAGCCGTAGAAAGCTAA,0,3018603
ratA_yfjF_predicted,0.09090909090909091,10,10,CCGGCTCTAACTATCATGAT,0,3000794
ratA_yfjF_predicted,0.09090909090909091,10,10,CCGGCGGGGCGGTTCATGAC,0,3017026
ratA_yfjF_predicted,0.09090909090909091,10,10,CCGGCAGAATCAAGGCAGCT,0,2991937
ratA_yfjF_predicted,0.09090909090909091,10,10,CCCGGGGATTCTTACACGGT,0,3021255
ratA_yfjF_predicted,0.09090909090909091,10,10,CCCGACACGAGTCCCTCCAT,0,3013240
ratA_yfjF_predicted,0.09090909090909091,10,10,CCCGAAGAACCTTCGGTCGT,0,2996339
ratA_yfjF_predicted,0.09090909090909091,10,10,CCCCTAGCGGACTAAATCGG,0,3021139
ratA_yfjF_predicted,0.09090909090909091,10,10,CCCCGGTTTCGAAAGCTTAT,0,3009316
ratA_yfjF_predicted,0.09090909090909091,10,10,CCCAGACCCAAGATCCCGAC,0,2999565
ratA_yfjF_predicted,0.09090909090909091,10,10,CCATCAATTCCACTTCATAA,0,3004385
ratA_yfjF_predicted,0.09090909090909091,10,10,CCAGTTGCGAAGGGATCGTA,0,2999088
ratA_yfjF_predicted,0.09090909090909091,10,10,CCAGTTCTTGGAAAGATGGA,0,2996855
ratA_yfjF_predicted,0.09090909090909091,10,10,CCAGTATCTTGGCTTGGGTG,0,2999458
ratA_yfjF_predicted,0.09090909090909091,10,10,CCAGGCGACGAGCGAATCAT,0,2997703
ratA_yfjF_predicted,0.09090909090909091,10,10,CCAATGTGGCTCTGTATTCA,0,2992352
ratA_yfjF_predicted,0.09090909090909091,10,10,CCAACTCCTTGGTCAGAGTC,0,2995422
ratA_yfjF_predicted,0.09090909090909091,10,10,CATGGTCCATTGCGGGTAAA,0,3010140
ratA_yfjF_predicted,0.09090909090909091,10,10,CATCCCGTATGGTATTTTAG,0,3009234
ratA_yfjF_predicted,0.09090909090909091,10,10,CATACTGCTCATTTGAAAAT,0,3016657
ratA_yfjF_predicted,0.09090909090909091,10,10,CAGTCACATGCCGCCTGAAA,0,3006137
ratA_yfjF_predicted,0.09090909090909091,10,10,CAGTAAGTTCTAGACATGGG,0,3020653
ratA_yfjF_predicted,0.09090909090909091,10,10,CAGGAGCATAATGCGACATT,0,2998757
ratA_yfjF_predicted,0.09090909090909091,10,10,CAGGACAATCCTAGATTTCT,0,3006064
ratA_yfjF_predicted,0.09090909090909091,10,10,CACCCCTTACCGGGCTAGGC,0,2993161
ratA_yfjF_predicted,0.09090909090909091,10,10,CAATGGTTCGCGCCGGCTAT,0,2994868
ratA_yfjF_predicted,0.09090909090909091,10,10,CAAGACAGCGCACTGAGCAA,0,3011280
ratA_yfjF_predicted,0.09090909090909091,10,10,ATTGGAGTCAGTGCCCGGTA,0,2992356
ratA_yfjF_predicted,0.09090909090909091,10,10,ATTATGACCTGTTTAAGTAA,0,3015236
ratA_yfjF_predicted,0.09090909090909091,10,10,ATGTCACACGCGAAGGAAAC,0,3016373
ratA_yfjF_predicted,0.09090909090909091,10,10,ATGGTCATGTTCTCCTCGGC,0,2992881
ratA_yfjF_predicted,0.09090909090909091,10,10,ATGCGCTGCGACCTGTTATC,0,3017427
ratA_yfjF_predicted,0.09090909090909091,10,10,ATGAAGCCCTAATCATAATT,0,2998927
ratA_yfjF_predicted,0.09090909090909091,10,10,ATCGGGCGAAACCAAAAAGC,0,3009645
ratA_yfjF_predicted,0.09090909090909091,10,10,ATCCTGGTGTGTTCTGGAAT,0,2997792
ratA_yfjF_predicted,0.09090909090909091,10,10,ATCCAAATGTAAAACGATCT,0,3009839
ratA_yfjF_predicted,0.09090909090909091,10,10,ATAGTCATTGTGACGCGACG,0,3001864
ratA_yfjF_predicted,0.09090909090909091,10,10,AGTCCTCTGCTACAGGAAAC,0,3011438
ratA_yfjF_predicted,0.09090909090909091,10,10,AGGGTACAAGGTATTGTCTG,0,3010486
ratA_yfjF_predicted,0.09090909090909091,10,10,AGGGGGTCGTTAGCTCGCTA,0,3001461
ratA_yfjF_predicted,0.09090909090909091,10,10,AGGCGAGCACAATGTCGAAT,0,3017233
ratA_yfjF_predicted,0.09090909090909091,10,10,AGGAACACGTTTTCAGTCCT,0,2999855
ratA_yfjF_predicted,0.09090909090909091,10,10,AGCGGAGTACGCGAAGGCTT,0,3019780
ratA_yfjF_predicted,0.09090909090909091,10,10,AGCGCGGCTGTTTTTAAGGT,0,3014884
ratA_yfjF_predicted,0.09090909090909091,10,10,AGCCTGTAACCGGCCTCGAG,0,3019671
ratA_yfjF_predicted,0.09090909090909091,10,10,AGCAAGGGAGAAATCTTAGA,0,2997948
ratA_yfjF_predicted,0.09090909090909091,10,10,AGAGTTTATTGGGCATAATG,0,3014742
ratA_yfjF_predicted,0.09090909090909091,10,10,AGAGTGAGTCCAACGAAATG,0,2996562
ratA_yfjF_predicted,0.09090909090909091,10,10,AGAGTGACTACCTCATCGAA,0,3012148
ratA_yfjF_predicted,0.09090909090909091,10,10,ACTTATAGGGAACGACACGT,0,3021571
ratA_yfjF_predicted,0.09090909090909091,10,10,ACTGTCTCAGATATTTCGGA,0,3017164
ratA_yfjF_predicted,0.09090909090909091,10,10,ACTGGGGAAGAGGTACCGGA,0,3014015
ratA_yfjF_predicted,0.09090909090909091,10,10,ACTGCGAAGTTTATTAGCGC,0,2991938
ratA_yfjF_predicted,0.09090909090909091,10,10,ACTATTAGTTTCGGGTTTCA,0,3006626
ratA_yfjF_predicted,0.09090909090909091,10,10,ACGTTGTTCATGCGGTCTGT,0,3011491
ratA_yfjF_predicted,0.09090909090909091,10,10,ACGGTTTGATTGTCGTGGAT,0,3003858
ratA_yfjF_predicted,0.09090909090909091,10,10,ACGGCCGCAGTAACGGCATG,0,2999578
ratA_yfjF_predicted,0.09090909090909091,10,10,ACGGCCGAACATGTCCTGTG,0,3008559
ratA_yfjF_predicted,0.09090909090909091,10,10,ACGGAACTGGTTCGGCATAT,0,3000222
ratA_yfjF_predicted,0.09090909090909091,10,10,ACGCTATTAATTGAGCGAAC,0,3004004
ratA_yfjF_predicted,0.09090909090909091,10,10,ACGCCACCGTAAATAGAACT,0,2999912
ratA_yfjF_predicted,0.09090909090909091,10,10,ACCCAAGGAGAGATCGCGCG,0,3007163
ratA_yfjF_predicted,0.09090909090909091,10,10,ACCAGGCAAGCCAAATTTGT,0,2993688
ratA_yfjF_predicted,0.09090909090909091,10,10,ACCAACTTCTAAGTCTAATA,0,3001006
ratA_yfjF_predicted,0.09090909090909091,10,10,ACATCTTATTGTCAACGGAC,0,3003708
ratA_yfjF_predicted,0.09090909090909091,10,10,ACACTTGCACTTATAGTCCA,0,3001124
ratA_yfjF_predicted,0.09090909090909091,10,10,ACACTAGCGCCACTTTCCTC,0,3005342
ratA_yfjF_predicted,0.09090909090909091,10,10,ACACGTCGTGGTGCTAACGG,0,3013036
ratA_yfjF_predicted,0.09090909090909091,10,10,ACACCGGCTTAACCAAAAGT,0,3019344
ratA_yfjF_predicted,0.09090909090909091,10,10,AATATTCGAAAGTATGGCGA,0,3007332
ratA_yfjF_predicted,0.09090909090909091,10,10,AATATATCCCACCGCTTTAT,0,3013480
ratA_yfjF_predicted,0.09090909090909091,10,10,AAGGTAGTTGTCTCCATAGC,0,2993894
ratA_yfjF_predicted,0.09090909090909091,10,10,AAGGGCTCTCCAACTGGCCT,0,3021313
ratA_yfjF_predicted,0.09090909090909091,10,10,AAAGATGGCTTTCGGAGTTT,0,3006138
ratA_yfjF_predicted,0.09090909090909091,10,10,AAACACAGAAGGGATGCCCT,0,3011109
ratA_yfjF_predicted,0.1,9,9,TTTGTGCTCTTGCCGAGTAG,0,3005586
ratA_yfjF_predicted,0.1,9,9,TTTGAGGGGAAAGGCGAGAG,0,3003889
ratA_yfjF_predicted,0.1,9,9,TTTGACACTGTCTAAGTCAT,0,3008915
ratA_yfjF_predicted,0.1,9,9,TTTGAATGCTGGTCCAGATG,0,3003255
ratA_yfjF_predicted,0.1,9,9,TTTAAGCATCGACCGAGATG,0,3000059
ratA_yfjF_predicted,0.1,9,9,TTGTGGCGGTATTGGTGTCC,0,3013004
ratA_yfjF_predicted,0.1,9,9,TTGTCGCTTTATTTGCGCTC,0,2998916
ratA_yfjF_predicted,0.1,9,9,TTGCCTTTTTTGTTTGGCGT,0,3006117
ratA_yfjF_predicted,0.1,9,9,TTGCAAATGTAGGTTTCGTA,0,3016767
ratA_yfjF_predicted,0.1,9,9,TTGAATCGTTGCGTCTCTGC,0,3014494
ratA_yfjF_predicted,0.1,9,9,TTCGGTCTATCGGATCATGC,0,3016990
ratA_yfjF_predicted,0.1,9,9,TTCGCTCGACCGTCGTTGAC,0,3015784
ratA_yfjF_predicted,0.1,9,9,TTCCTGGCAAATATTATGGT,0,3006458
ratA_yfjF_predicted,0.1,9,9,TTCACATCGGATCATGGCTT,0,3018809
ratA_yfjF_predicted,0.1,9,9,TTCAAGTGGGCTTTCAATAA,0,3009608
ratA_yfjF_predicted,0.1,9,9,TTATACCTTTTCGTGAAATT,0,2996649
ratA_yfjF_predicted,0.1,9,9,TTAGCGAACTGTTACGCTGT,0,2994954
ratA_yfjF_predicted,0.1,9,9,TTACTCCATTGCTATGCCCG,0,3010840
ratA_yfjF_predicted,0.1,9,9,TTAATGCTATCATGCGCGAG,0,3015161
ratA_yfjF_predicted,0.1,9,9,TGTTACCACATACCACGATG,0,3012432
ratA_yfjF_predicted,0.1,9,9,TGGGGTATAACCTACATGAA,0,3005544
ratA_yfjF_predicted,0.1,9,9,TGGCGCCATTCCCTGTGTTT,0,3008533
ratA_yfjF_predicted,0.1,9,9,TGGACAAGTAAAGACAAGTG,0,3012299
ratA_yfjF_predicted,0.1,9,9,TGCCGCGTCACGTAAAGGAT,0,3017195
ratA_yfjF_predicted,0.1,9,9,TGCCATTACCAATACGCAGA,0,3000268
ratA_yfjF_predicted,0.1,9,9,TGCAAGATGCGCCGTCTCCC,0,3006233
ratA_yfjF_predicted,0.1,9,9,TGATGGGATTCGACAACCTG,0,3017768
ratA_yfjF_predicted,0.1,9,9,TGATGAGGATGCACGCGCTA,0,3014939
ratA_yfjF_predicted,0.1,9,9,TGATCTCCGCGCTTCGTGGA,0,3005080
ratA_yfjF_predicted,0.1,9,9,TGACCCGTTCTCGGATCCTT,0,3008121
ratA_yfjF_predicted,0.1,9,9,TGAATTCGATGAGACTGCGT,0,3008924
ratA_yfjF_predicted,0.1,9,9,TGAAGCCGTTATAGGGCTCG,0,3000001
ratA_yfjF_predicted,0.1,9,9,TCTGTTGCATTCTGGCTTTG,0,2992376
ratA_yfjF_predicted,0.1,9,9,TCTCTGGGAGACGACAGGTA,0,3000754
ratA_yfjF_predicted,0.1,9,9,TCTCTCACGTCACACGCGAT,0,3017200
ratA_yfjF_predicted,0.1,9,9,TCTATGCCGAATTGTCAAGG,0,3012983
ratA_yfjF_predicted,0.1,9,9,TCTACTATCACCTGCGGACG,0,3013414
ratA_yfjF_predicted,0.1,9,9,TCGGGTCATCGGTGGTATGT,0,3012388
ratA_yfjF_predicted,0.1,9,9,TCGCTTCCTCAGGGGGACCC,0,2995057
ratA_yfjF_predicted,0.1,9,9,TCGCGTTGAATCTACTTAAT,0,3015634
ratA_yfjF_predicted,0.1,9,9,TCGCCGGACAAGGGTCCAAC,0,3008988
ratA_yfjF_predicted,0.1,9,9,TCCACGTCTTAGGAAGTTAC,0,3001348
ratA_yfjF_predicted,0.1,9,9,TCCAACTAGCGTAAGCCGTG,0,3008138
ratA_yfjF_predicted,0.1,9,9,TCATGGCCAAAGACACCAAT,0,2996942
ratA_yfjF_predicted,0.1,9,9,TATTTGCCGGCAGCGCCGTC,0,3001798
ratA_yfjF_predicted,0.1,9,9,TATGTTGGGGCTAGCGGCGA,0,3012802
ratA_yfjF_predicted,0.1,9,9,TATGAGGTCTTGTCGATTTT,0,3019834
ratA_yfjF_predicted,0.1,9,9,TAGTTACACAGACTGGGTAT,0,3011599
ratA_yfjF_predicted,0.1,9,9,TAGGCTCTTCCGTAAGAAAA,0,3019444
ratA_yfjF_predicted,0.1,9,9,TAGATAAACATTGGCGCCGA,0,3013323
ratA_yfjF_predicted,0.1,9,9,TAGAACGAAGGACGTTCTTC,0,2996667
ratA_yfjF_predicted,0.1,9,9,TAAGACCCATACGTGTGACA,0,3000925
ratA_yfjF_predicted,0.1,9,9,TAACTAACTGATTCGACCGA,0,2999510
ratA_yfjF_predicted,0.1,9,9,TAACCGCATGCATGACGGTA,0,3005685
ratA_yfjF_predicted,0.1,9,9,TAACCCAGTCTACGGCATCG,0,3005171
ratA_yfjF_predicted,0.1,9,9,TAACATCCAGATTGGTATGG,0,3016992
ratA_yfjF_predicted,0.1,9,9,TAAATCCCTGTCCTTATCGA,0,3018892
ratA_yfjF_predicted,0.1,9,9,TAAACCCTGTATCCCATGTT,0,2993631
ratA_yfjF_predicted,0.1,9,9,GTTTCAGAACAGAGCGTAAA,0,3004615
ratA_yfjF_predicted,0.1,9,9,GTTGCGCCGCAATGGTCCTT,0,2993677
ratA_yfjF_predicted,0.1,9,9,GTTATCGTGGTATTACATGA,0,3000744
ratA_yfjF_predicted,0.1,9,9,GTGTGAGTCCGCGGAGTGGT,0,2995453
ratA_yfjF_predicted,0.1,9,9,GTGTACACGGACCCACCGCG,0,3013171
ratA_yfjF_predicted,0.1,9,9,GTGGATCGCTAAAGATAACA,0,3007250
ratA_yfjF_predicted,0.1,9,9,GTGCTGTCAGGACCGGAAAA,0,3004674
ratA_yfjF_predicted,0.1,9,9,GTGAATATGTCGAAGAAGTC,0,2993388
ratA_yfjF_predicted,0.1,9,9,GTCGGGCTCTATGGGCAGGG,0,2998341
ratA_yfjF_predicted,0.1,9,9,GTCATCTTAGTACCATGGGT,0,3000400
ratA_yfjF_predicted,0.1,9,9,GTCACTCCACAGTGAAGTCA,0,3019958
ratA_yfjF_predicted,0.1,9,9,GTATTTGGAGTCAACACTTG,0,3005622
ratA_yfjF_predicted,0.1,9,9,GTATGGTTTTTCAACGCACA,0,3001584
ratA_yfjF_predicted,0.1,9,9,GTATATATCAGAAGATAGTA,0,3003501
ratA_yfjF_predicted,0.1,9,9,GTAGAGGTCTCACATCCTTA,0,3000807
ratA_yfjF_predicted,0.1,9,9,GTACGGTCATATCCTGTTCT,0,2997301
ratA_yfjF_predicted,0.1,9,9,GTACATGAAGGCACCGACTA,0,3015705
ratA_yfjF_predicted,0.1,9,9,GTACACACCGGTCCCGTTAG,0,3009940
ratA_yfjF_predicted,0.1,9,9,GTACAACACTCGTCGGTTTC,0,2994356
ratA_yfjF_predicted,0.1,9,9,GTAATCGGGATTCGCTCCCA,0,2991874
ratA_yfjF_predicted,0.1,9,9,GGTGGTCAGGTGGGAGGACT,0,3008578
ratA_yfjF_predicted,0.1,9,9,GGTGGTATTGGCAAAAAGTT,0,3006803
ratA_yfjF_predicted,0.1,9,9,GGTGAAGCTCCACTTGGTGT,0,3007431
ratA_yfjF_predicted,0.1,9,9,GGGTCAAGGTGCATTAGTCC,0,3004267
ratA_yfjF_predicted,0.1,9,9,GGGTATGGATCCGAAATTAT,0,2999352
ratA_yfjF_predicted,0.1,9,9,GGGGGTACGGACAATTTACA,0,3016270
ratA_yfjF_predicted,0.1,9,9,GGGGATTTCAACTTCGGAAT,0,3000374
ratA_yfjF_predicted,0.1,9,9,GGGCTGCTGCCAATTCGATC,0,3018259
ratA_yfjF_predicted,0.1,9,9,GGGCCTCCCTTGGGCCGAGA,0,3009637
ratA_yfjF_predicted,0.1,9,9,GGGATCGGCGTGCTTCGGCT,0,3004808
ratA_yfjF_predicted,0.1,9,9,GGGAAGCACCCGTAAGTATA,0,2992292
ratA_yfjF_predicted,0.1,9,9,GGCCTGTCCTAACTGGGAAT,0,3004369
ratA_yfjF_predicted,0.1,9,9,GGAGTACACCGGCCCATACA,0,2996192
ratA_yfjF_predicted,0.1,9,9,GGAGGGCTCCGCACATGTTG,0,2993483
ratA_yfjF_predicted,0.1,9,9,GGACACCCGTAAGCGTTGTC,0,2992849
ratA_yfjF_predicted,0.1,9,9,GGAAGGCGGCCTTCCACTAG,0,3008551
ratA_yfjF_predicted,0.1,9,9,GGAAGAGCGCTTACCGGCCT,0,2999198
ratA_yfjF_predicted,0.1,9,9,GCTTGGCGTATTGAGAGTAC,0,3006969
ratA_yfjF_predicted,0.1,9,9,GCTTCTGGCCCTCAACGTAA,0,3021223
ratA_yfjF_predicted,0.1,9,9,GCTTCCATCACACCAGAATT,0,2999090
ratA_yfjF_predicted,0.1,9,9,GCTGTTCAATGCATGTGCTG,0,2998782
ratA_yfjF_predicted,0.1,9,9,GCTCAGTGCGTAGTTTCCAC,0,3002029
ratA_yfjF_predicted,0.1,9,9,GCTAGCCCGGGCGTCAAAAT,0,3002168
ratA_yfjF_predicted,0.1,9,9,GCTAATTCACATGAGAGAGT,0,3008073
ratA_yfjF_predicted,0.1,9,9,GCGTATCCCAGTATTAAGTT,0,3016156
ratA_yfjF_predicted,0.1,9,9,GCGAGCCGACAAATGTCTTT,0,2997423
ratA_yfjF_predicted,0.1,9,9,GCGAACGAATTATAGTGAGT,0,3019619
ratA_yfjF_predicted,0.1,9,9,GCCTCAGCCGGTTGCAATGA,0,3001973
ratA_yfjF_predicted,0.1,9,9,GCCGTAGTCGTAGGACTTCT,0,3008605
ratA_yfjF_predicted,0.1,9,9,GCCGTACACTCTAGCAATGT,0,3010419
ratA_yfjF_predicted,0.1,9,9,GCCCTTATCGTGTAGAGTAC,0,3015092
ratA_yfjF_predicted,0.1,9,9,GCCCAACCCGTCCGGGTTAC,0,3012123
ratA_yfjF_predicted,0.1,9,9,GCACTCCAAAGATTCGACGT,0,3012402
ratA_yfjF_predicted,0.1,9,9,GCACACTTTACAGTTTCTCC,0,3004114
ratA_yfjF_predicted,0.1,9,9,GATTGTGCATCTAGCGCTGT,0,3019702
ratA_yfjF_predicted,0.1,9,9,GATTAAACGACTACCCATCC,0,3008471
ratA_yfjF_predicted,0.1,9,9,GATGCTAAAGCGCATATACA,0,3008016
ratA_yfjF_predicted,0.1,9,9,GATGACTGGGAACCAACAAA,0,2999147
ratA_yfjF_predicted,0.1,9,9,GAGTACGGCAAAGCTCGCGG,0,3002136
ratA_yfjF_predicted,0.1,9,9,GAGGTAAGCACCAACGGCAG,0,3010422
ratA_yfjF_predicted,0.1,9,9,GAGCCGTACTCTTTTGCACG,0,2996884
ratA_yfjF_predicted,0.1,9,9,GACTGTAGGATATCTGGTCC,0,2995138
ratA_yfjF_predicted,0.1,9,9,GACTATTTGAATGGGCAAAC,0,3018857
ratA_yfjF_predicted,0.1,9,9,GACGTGGATTTATGGCTGGT,0,2999835
ratA_yfjF_predicted,0.1,9,9,GACCGGTAGAGATGGCAACC,0,3010699
ratA_yfjF_predicted,0.1,9,9,GAATCCTACAGACGAAATGG,0,3000791
ratA_yfjF_predicted,0.1,9,9,GAATATCCGGGGTGGAAGAC,0,3009830
ratA_yfjF_predicted,0.1,9,9,GAAGACTTTCGTTCACTGCT,0,3008591
ratA_yfjF_predicted,0.1,9,9,GAACTTAATTATGTATCGCT,0,3009016
ratA_yfjF_predicted,0.1,9,9,GAAAGCATAAGGGTGCGTTG,0,3004482
ratA_yfjF_predicted,0.1,9,9,GAAAGAGCCACTTCTATTCG,0,2994360
ratA_yfjF_predicted,0.1,9,9,CTTAGGCCGACCGCGGCTTT,0,3008008
ratA_yfjF_predicted,0.1,9,9,CTTAACCTGAAAGTTTCTAT,0,3010569
ratA_yfjF_predicted,0.1,9,9,CTGTTCCGTCGGGAGAGTTA,0,2993973
ratA_yfjF_predicted,0.1,9,9,CTGTGGCGGGCCGATGCCAC,0,3018319
ratA_yfjF_predicted,0.1,9,9,CTGGTTTTTAGTTCGAAGGA,0,2995207
ratA_yfjF_predicted,0.1,9,9,CTGGCGTTCCGCTTGGTACG,0,3012006
ratA_yfjF_predicted,0.1,9,9,CTGCGTTTCAGGCCTCTCTA,0,3003373
ratA_yfjF_predicted,0.1,9,9,CTCTGCCAACTACATCGTAA,0,3005018
ratA_yfjF_predicted,0.1,9,9,CTCTCGTTCGTGGAGGCTGG,0,3005182
ratA_yfjF_predicted,0.1,9,9,CTCCTATACTCGAATACGTT,0,2996725
ratA_yfjF_predicted,0.1,9,9,CTCCGGCACGTGTTGATGAC,0,3019603
ratA_yfjF_predicted,0.1,9,9,CTCCCTCTGTGAGTCCTACT,0,2992858
ratA_yfjF_predicted,0.1,9,9,CTATGGGACCCTCCAGACAT,0,2992151
ratA_yfjF_predicted,0.1,9,9,CTATACAAAGCGGAGTTACA,0,3017996
ratA_yfjF_predicted,0.1,9,9,CTATAAAGAATTTCTGGGAA,0,2991994
ratA_yfjF_predicted,0.1,9,9,CTAGTAGTTTCGTCTGTTTC,0,2994970
ratA_yfjF_predicted,0.1,9,9,CTAAGTATGCCCGATGACTT,0,2994022
ratA_yfjF_predicted,0.1,9,9,CTAACGGGGAACCCTAACAC,0,2993454
ratA_yfjF_predicted,0.1,9,9,CTAAATGCGAGGGAAAACTG,0,3012046
ratA_yfjF_predicted,0.1,9,9,CGTTTCAACCTTTACGAATT,0,2992880
ratA_yfjF_predicted,0.1,9,9,CGTTCTAGCATTGCTTGGGT,0,3013227
ratA_yfjF_predicted,0.1,9,9,CGTTCGGAGATGAATCATGA,0,2998110
ratA_yfjF_predicted,0.1,9,9,CGTGGCGCTTTAGGCATAAC,0,2995905
ratA_yfjF_predicted,0.1,9,9,CGTCTTTCTTCGGGCAGCGG,0,3020916
ratA_yfjF_predicted,0.1,9,9,CGTCTCCTTACCAGTCTTAC,0,3000085
ratA_yfjF_predicted,0.1,9,9,CGTCCCGTGGTCGTTTATCA,0,3015621
ratA_yfjF_predicted,0.1,9,9,CGTATTCGCCTATCACGGTC,0,3014629
ratA_yfjF_predicted,0.1,9,9,CGTAGGGTGTGACTATGTGT,0,3008044
ratA_yfjF_predicted,0.1,9,9,CGTAGGAGGCGTCTAATTAG,0,3000528
ratA_yfjF_predicted,0.1,9,9,CGTAGAGCAACCGTGACCCA,0,2996723
ratA_yfjF_predicted,0.1,9,9,CGGTGCTTTGTGAGCAGTTC,0,3013982
ratA_yfjF_predicted,0.1,9,9,CGGTGCGCGGTTGGAAGCCC,0,3005383
ratA_yfjF_predicted,0.1,9,9,CGGTCCGGAGCGACTCTTTA,0,2994853
ratA_yfjF_predicted,0.1,9,9,CGGCCCCGGGTACGTGGAAC,0,3018480
ratA_yfjF_predicted,0.1,9,9,CGGCATTATGTGCCTTCTTA,0,2998474
ratA_yfjF_predicted,0.1,9,9,CGGCAGAGCGAGATCGCAGA,0,2993970
ratA_yfjF_predicted,0.1,9,9,CGGATAAAGTGTTTAAGATT,0,3005956
ratA_yfjF_predicted,0.1,9,9,CGCTGTTCGAAAGCCTAAGA,0,3001147
ratA_yfjF_predicted,0.1,9,9,CGCTGTAGGAGTCGAGCCTA,0,3002894
ratA_yfjF_predicted,0.1,9,9,CGCGATCGATCGCGGCGTGC,0,3015635
ratA_yfjF_predicted,0.1,9,9,CGCGAGTGGGAGGAGGCGAA,0,3016621
ratA_yfjF_predicted,0.1,9,9,CGCCAGTGACCCTAAGTCTC,0,3012163
ratA_yfjF_predicted,0.1,9,9,CGCCAGATCAGTTTCACGAA,0,3006632
ratA_yfjF_predicted,0.1,9,9,CGCACACCGCCGAAGAACCG,0,2992055
ratA_yfjF_predicted,0.1,9,9,CGCACACAGTTATTAGCGTA,0,3004298
ratA_yfjF_predicted,0.1,9,9,CGATTGCGCGGTCAAGTCAG,0,3006414
ratA_yfjF_predicted,0.1,9,9,CGACGGCAAGTCGAAGCGCT,0,3008869
ratA_yfjF_predicted,0.1,9,9,CGAAGTGCGAATGGCCTATT,0,3004441
ratA_yfjF_predicted,0.1,9,9,CGAAATGGATCGTGAGCGAT,0,3010429
ratA_yfjF_predicted,0.1,9,9,CCTGCCGGGTTTAACGTCAT,0,2999323
ratA_yfjF_predicted,0.1,9,9,CCTCAAGAACGGGTGGGACA,0,3012047
ratA_yfjF_predicted,0.1,9,9,CCTATAGTCGCTCGTCATGC,0,3007840
ratA_yfjF_predicted,0.1,9,9,CCTACCTGTGGGCGCACTTT,0,3015706
ratA_yfjF_predicted,0.1,9,9,CCTAATTTTGGAAACGTGCT,0,2992177
ratA_yfjF_predicted,0.1,9,9,CCGTCCCATAGAACGAAGCG,0,3018044
ratA_yfjF_predicted,0.1,9,9,CCGCTTGGCTTAAAGAGTAT,0,3012942
ratA_yfjF_predicted,0.1,9,9,CCGCGTGTCACTAGGGATGG,0,3010049
ratA_yfjF_predicted,0.1,9,9,CCGCAAAATTACGCCTTTAT,0,2994567
ratA_yfjF_predicted,0.1,9,9,CCGATTTTTGAGGCGTAAGG,0,3018128
ratA_yfjF_predicted,0.1,9,9,CCGAATGCCAGTTAGGGGGG,0,3001038
ratA_yfjF_predicted,0.1,9,9,CCCGAACGCCCGGAGAGATC,0,3003977
ratA_yfjF_predicted,0.1,9,9,CCCGAAAATGCTATTCTTGG,0,3001454
ratA_yfjF_predicted,0.1,9,9,CCCATATGATAGGCTATGTT,0,2997369
ratA_yfjF_predicted,0.1,9,9,CCCATATAGCGTTGGTGTAT,0,2991803
ratA_yfjF_predicted,0.1,9,9,CCCAGGAGTAGTGAGAGCAA,0,3003714
ratA_yfjF_predicted,0.1,9,9,CCATGATATGACCTCTAGTA,0,2994521
ratA_yfjF_predicted,0.1,9,9,CCATCATAACAAATCTGTAC,0,3019993
ratA_yfjF_predicted,0.1,9,9,CCAGCTAGCGAAAACTGGAC,0,3020265
ratA_yfjF_predicted,0.1,9,9,CATGTACTCATACAACGTCC,0,2998833
ratA_yfjF_predicted,0.1,9,9,CATCCTATTCGCAGGGGCTG,0,3009936
ratA_yfjF_predicted,0.1,9,9,CAGGGCCGCTAACGAGCTTA,0,2999769
ratA_yfjF_predicted,0.1,9,9,CAGCGTGGGCATTTACACCC,0,3008884
ratA_yfjF_predicted,0.1,9,9,CAGCCCTGGACACGATACAG,0,3009786
ratA_yfjF_predicted,0.1,9,9,CAGCAGTGCGATTAACGCGA,0,2995425
ratA_yfjF_predicted,0.1,9,9,CAGAAACTATCGTCAGGCCA,0,2999203
ratA_yfjF_predicted,0.1,9,9,CACGCCGCCATCGTAGGATC,0,3010207
ratA_yfjF_predicted,0.1,9,9,CAATTTTTTTCGCAGTTCGT,0,3010221
ratA_yfjF_predicted,0.1,9,9,CAATCCCCGTCCTCATTGAG,0,3006885
ratA_yfjF_predicted,0.1,9,9,CAAGACAGCCTGTAGCATGG,0,3006967
ratA_yfjF_predicted,0.1,9,9,CAAAGCGGTGTATTTTTTTT,0,3011139
ratA_yfjF_predicted,0.1,9,9,ATTGGGTAGGTGCCCAATAT,0,3012433
ratA_yfjF_predicted,0.1,9,9,ATTAGAAAATAACTCGGTGG,0,3015165
ratA_yfjF_predicted,0.1,9,9,ATGTGGCGTTTTATGACCAT,0,3004208
ratA_yfjF_predicted,0.1,9,9,ATGGTAATGTCGATAATACC,0,2998023
ratA_yfjF_predicted,0.1,9,9,ATGATGAAATTGTGACATAA,0,3012898
ratA_yfjF_predicted,0.1,9,9,ATGAACGCCCGCACCAGATG,0,3011218
ratA_yfjF_predicted,0.1,9,9,ATCGCTGAGTTGCCTACGAG,0,2996656
ratA_yfjF_predicted,0.1,9,9,ATCCACTGATGCTATAAGTA,0,3019844
ratA_yfjF_predicted,0.1,9,9,ATATGGCAAAACGGATCTGG,0,3002916
ratA_yfjF_predicted,0.1,9,9,ATATCAGTGCACAATCGGTT,0,3006597
ratA_yfjF_predicted,0.1,9,9,ATAGGCCGTGTGGGGTAATG,0,3005520
ratA_yfjF_predicted,0.1,9,9,ATAGCAATCTCGTTTGGACT,0,3006786
ratA_yfjF_predicted,0.1,9,9,ATACATTGGACGGAACCGTA,0,3001129
ratA_yfjF_predicted,0.1,9,9,ATAAGATTCAACGGGAGTGT,0,2998585
ratA_yfjF_predicted,0.1,9,9,ATAACTCAACACACAGATTC,0,3011501
ratA_yfjF_predicted,0.1,9,9,AGTTTGTTGGACTATCCTTT,0,2997220
ratA_yfjF_predicted,0.1,9,9,AGTTACCCTCGGTATAAGTT,0,2992236
ratA_yfjF_predicted,0.1,9,9,AGTGTTCACTGTCAACTTGA,0,2992748
ratA_yfjF_predicted,0.1,9,9,AGTGATTTGGGACCGGAAAG,0,3002880
ratA_yfjF_predicted,0.1,9,9,AGTGATTCGTTAGCAATCCA,0,3007373
ratA_yfjF_predicted,0.1,9,9,AGTACCCAAATGCGAGAGCT,0,3004854
ratA_yfjF_predicted,0.1,9,9,AGGTGAGTGGCACCTGGACA,0,3015594
ratA_yfjF_predicted,0.1,9,9,AGGATAAGAAAGTAGTGCGC,0,3017369
ratA_yfjF_predicted,0.1,9,9,AGCGGCACTTTATAAAGGAA,0,3000301
ratA_yfjF_predicted,0.1,9,9,AGCGGACCATCCAACATGAG,0,3014182
ratA_yfjF_predicted,0.1,9,9,AGCATCGGCCACCCAAGGGG,0,2998779
ratA_yfjF_predicted,0.1,9,9,AGCAGCGTGATGTTCGTGGC,0,3020627
ratA_yfjF_predicted,0.1,9,9,AGCAGAACCAATAATAGAAT,0,3008446
ratA_yfjF_predicted,0.1,9,9,AGATTGTCTATCGGCTGCGA,0,3004438
ratA_yfjF_predicted,0.1,9,9,AGATTCTACCGAAAGTAGAC,0,3010864
ratA_yfjF_predicted,0.1,9,9,AGATATCGATCCTTGACTTC,0,3006652
ratA_yfjF_predicted,0.1,9,9,AGATAACGTATCTCCTTCAA,0,3000957
ratA_yfjF_predicted,0.1,9,9,AGACCTGGTTACCATCGTCA,0,3015670
ratA_yfjF_predicted,0.1,9,9,AGAAGCTGGGCGTGTCGGGA,0,3019451
ratA_yfjF_predicted,0.1,9,9,AGAAGATTTCTTGAGCACAA,0,3017822
ratA_yfjF_predicted,0.1,9,9,AGAACATATGCATAGGCTCT,0,3000808
ratA_yfjF_predicted,0.1,9,9,ACTGGTGGTCCAAAAGGTCT,0,3013278
ratA_yfjF_predicted,0.1,9,9,ACTGAGGACCCGTGTTCTGT,0,3014955
ratA_yfjF_predicted,0.1,9,9,ACTCCAGAGTGATACCTGGC,0,3006691
ratA_yfjF_predicted,0.1,9,9,ACTACCCCACCTGCAGTGAT,0,3008468
ratA_yfjF_predicted,0.1,9,9,ACGGGTCCTCAACGCTAACA,0,2998792
ratA_yfjF_predicted,0.1,9,9,ACGGATCATGCATTTCGAAG,0,3021755
ratA_yfjF_predicted,0.1,9,9,ACGGAAGTCGATTAAATGTC,0,3000999
ratA_yfjF_predicted,0.1,9,9,ACGATAGCCGTCACGCAGAG,0,3018614
ratA_yfjF_predicted,0.1,9,9,ACCTTTCAATTAAGCGAAGA,0,3013979
ratA_yfjF_predicted,0.1,9,9,ACCTCCAAAAAATGACCTAT,0,3013716
ratA_yfjF_predicted,0.1,9,9,ACCGGTCGCTCCAAGTGCGT,0,3020457
ratA_yfjF_predicted,0.1,9,9,ACCGCCAACCAATCAGGTTA,0,2993953
ratA_yfjF_predicted,0.1,9,9,ACCCAATAGTATTGGCAGAG,0,3015254
ratA_yfjF_predicted,0.1,9,9,ACCATGTGGCGCGTTACTAG,0,2996664
ratA_yfjF_predicted,0.1,9,9,ACCACTGCGTGCCTCGAGGA,0,3015756
ratA_yfjF_predicted,0.1,9,9,AATGATATTGGTTTCAATAA,0,3010159
ratA_yfjF_predicted,0.1,9,9,AAGCAAATTTTGGATCCGTG,0,2991876
ratA_yfjF_predicted,0.1,9,9,AAGCAAAATTTCTGGCGGCA,0,3003550
ratA_yfjF_predicted,0.1,9,9,AAGATTAGATATCAGGGCTA,0,3018850
ratA_yfjF_predicted,0.1,9,9,AACCGGCTACTATGGCTAAT,0,3016220
ratA_yfjF_predicted,0.1,9,9,AAATGGTAAACTGTAGGTTT,0,3003500
ratA_yfjF_predicted,0.1,9,9,AAAGATATAAGGGTTCAGAG,0,3019060
ratA_yfjF_predicted,0.1,9,9,AAACGCGCCCTGGGCCCTGA,0,2995349
ratA_yfjF_predicted,0.1,9,9,AAAATTGGTGGACCGCACAG,0,2996989
ratA_yfjF_predicted,0.1,9,9,AAAATGAGCTTAGCATTCGC,0,3010343
ratA_yfjF_predicted,0.1111111111111111,8,8,TTTTTTCCACATTCCTATTG,0,3017288
ratA_yfjF_predicted,0.1111111111111111,8,8,TTTGTTTTTGTGGACAGGGA,0,3012589
ratA_yfjF_predicted,0.1111111111111111,8,8,TTTGCTACGGTTTACTCAGA,0,3011804
ratA_yfjF_predicted,0.1111111111111111,8,8,TTTGAAGAGGCTTTTGGTAT,0,2996917
ratA_yfjF_predicted,0.1111111111111111,8,8,TTTCTATACTAGAATCCATA,0,3002592
ratA_yfjF_predicted,0.1111111111111111,8,8,TTTCCGGCAACCGGTTCCCG,0,3015373
ratA_yfjF_predicted,0.1111111111111111,8,8,TTTAGATTTAGAGCGGGGCA,0,3020867
ratA_yfjF_predicted,0.1111111111111111,8,8,TTTAGAACTTCTAGTTTGGA,0,3003786
ratA_yfjF_predicted,0.1111111111111111,8,8,TTGGGGGACTTCGAGAACTG,0,3021513
ratA_yfjF_predicted,0.1111111111111111,8,8,TTCGGTATCCGGCTTGACTT,0,3000076
ratA_yfjF_predicted,0.1111111111111111,8,8,TTCGCTCATGGTTGCAAAAG,0,3001646
ratA_yfjF_predicted,0.1111111111111111,8,8,TTCGCGCTTGATTAGCGGTC,0,3007661
ratA_yfjF_predicted,0.1111111111111111,8,8,TTCCTGAAATCGGGCTTCTC,0,3006988
ratA_yfjF_predicted,0.1111111111111111,8,8,TTCCAAAGAGGGTCATTCCT,0,2996289
ratA_yfjF_predicted,0.1111111111111111,8,8,TTCAGCAATAGAAGCACGTA,0,3012828
ratA_yfjF_predicted,0.1111111111111111,8,8,TTATTAAATGTCTTCCGTTC,0,3015535
ratA_yfjF_predicted,0.1111111111111111,8,8,TTATGGATTGGCATCGCGGT,0,2999584
ratA_yfjF_predicted,0.1111111111111111,8,8,TTAGCTAAACTGATGGTGTT,0,3005414
ratA_yfjF_predicted,0.1111111111111111,8,8,TTACGCGACTCGATAATAGC,0,2999114
ratA_yfjF_predicted,0.1111111111111111,8,8,TTACGCAAGGTAAGGCTCCA,0,2992256
ratA_yfjF_predicted,0.1111111111111111,8,8,TTAATGTTCAACGGAGCGCC,0,3012901
ratA_yfjF_predicted,0.1111111111111111,8,8,TTAAATCTAGAGGTCACCTA,0,2999221
ratA_yfjF_predicted,0.1111111111111111,8,8,TGTCGTGTCCTGTACGACCA,0,2997856
ratA_yfjF_predicted,0.1111111111111111,8,8,TGTAATGAGTCAACCGCCCA,0,3021173
ratA_yfjF_predicted,0.1111111111111111,8,8,TGGTAGATAAAAAGGTCACA,0,3013301
ratA_yfjF_predicted,0.1111111111111111,8,8,TGGGTCGCGCAGTAACACCC,0,2994316
ratA_yfjF_predicted,0.1111111111111111,8,8,TGGGCCTGGCTCAATAGTTT,0,3015467
ratA_yfjF_predicted,0.1111111111111111,8,8,TGGCGCATAGGCGTTTTAGC,0,3014648
ratA_yfjF_predicted,0.1111111111111111,8,8,TGGCACAGCCGTTTAGTAGG,0,3006101
ratA_yfjF_predicted,0.1111111111111111,8,8,TGCTTCTCCAAAAGGGTCTG,0,2991833
ratA_yfjF_predicted,0.1111111111111111,8,8,TGATATTTGGGGGCTATACT,0,3006919
ratA_yfjF_predicted,0.1111111111111111,8,8,TGAGAGACGAAGTTAGTCCG,0,3016011
ratA_yfjF_predicted,0.1111111111111111,8,8,TGACCTTGATACTCAACACA,0,2999265
ratA_yfjF_predicted,0.1111111111111111,8,8,TGACCCAATCAGGGCTATTA,0,3016925
ratA_yfjF_predicted,0.1111111111111111,8,8,TGAACTAAAAGGATTCCCAT,0,3007828
ratA_yfjF_predicted,0.1111111111111111,8,8,TCTGGAATCCTGAACAGTTA,0,3006680
ratA_yfjF_predicted,0.1111111111111111,8,8,TCTGCCCACGTCTCCGCAAC,0,2995812
ratA_yfjF_predicted,0.1111111111111111,8,8,TCTGAAGTCAGAACCCTTGT,0,3016749
ratA_yfjF_predicted,0.1111111111111111,8,8,TCTCCTAGGGAAGGCCTCGA,0,3017389
ratA_yfjF_predicted,0.1111111111111111,8,8,TCTATACTGTGACCTCGGAA,0,2994926
ratA_yfjF_predicted,0.1111111111111111,8,8,TCGGGCGTACACCGTCTGGG,0,2998489
ratA_yfjF_predicted,0.1111111111111111,8,8,TCGGACTCTAGGAGCCTGGA,0,3003111
ratA_yfjF_predicted,0.1111111111111111,8,8,TCGCGGGACGGGCGTACCAG,0,2998631
ratA_yfjF_predicted,0.1111111111111111,8,8,TCCTTTGATGAGGGGCTGGA,0,3018297
ratA_yfjF_predicted,0.1111111111111111,8,8,TCCGTTTAAACCTAGTACGA,0,3001972
ratA_yfjF_predicted,0.1111111111111111,8,8,TCCGTGTACTCTCTCGTCTG,0,3009223
ratA_yfjF_predicted,0.1111111111111111,8,8,TCCACGAGCTGCTGCACCAG,0,3002463
ratA_yfjF_predicted,0.1111111111111111,8,8,TCAGTCGGAGGGCGCGTTGA,0,3005102
ratA_yfjF_predicted,0.1111111111111111,8,8,TCAGAATGGGCTCGCCAACG,0,2995502
ratA_yfjF_predicted,0.1111111111111111,8,8,TCACTAAAGTTCGGCGGTAC,0,3007855
ratA_yfjF_predicted,0.1111111111111111,8,8,TCAATCTCTACGAACCTATG,0,3000169
ratA_yfjF_predicted,0.1111111111111111,8,8,TATTTCGCGTGGCACTAAAG,0,3007410
ratA_yfjF_predicted,0.1111111111111111,8,8,TATTGACCGTCACCTTTACT,0,3020462
ratA_yfjF_predicted,0.1111111111111111,8,8,TATTCGCCTGGACGTGGTGG,0,3014071
ratA_yfjF_predicted,0.1111111111111111,8,8,TATGTGGACCGCTACTTCTT,0,3009025
ratA_yfjF_predicted,0.1111111111111111,8,8,TATGTAGGATAGGCTGTGAC,0,3011996
ratA_yfjF_predicted,0.1111111111111111,8,8,TATGCAGTTAAAGTAATGGG,0,3020118
ratA_yfjF_predicted,0.1111111111111111,8,8,TATAATTGTCGTGCAATGTC,0,2994204
ratA_yfjF_predicted,0.1111111111111111,8,8,TAGGTTCGAAGCAGTGCTAG,0,2996319
ratA_yfjF_predicted,0.1111111111111111,8,8,TAGGGAGTGGGAAACCGATC,0,3003296
ratA_yfjF_predicted,0.1111111111111111,8,8,TAGGCCTTAGGATCCGACTC,0,2998919
ratA_yfjF_predicted,0.1111111111111111,8,8,TAGGACACATACCGGATTTC,0,3016053
ratA_yfjF_predicted,0.1111111111111111,8,8,TAGATTCATATCGGGTGGCG,0,2999518
ratA_yfjF_predicted,0.1111111111111111,8,8,TACTAACACTCGCCACACGG,0,3002022
ratA_yfjF_predicted,0.1111111111111111,8,8,TACGTTTTTTTAAAATAACT,0,2997587
ratA_yfjF_predicted,0.1111111111111111,8,8,TACAGTTGGTTATGATCGGT,0,3008365
ratA_yfjF_predicted,0.1111111111111111,8,8,TACAACCCACCTCCTATGAT,0,3021698
ratA_yfjF_predicted,0.1111111111111111,8,8,TAATCTTCGGGGAAGCATTG,0,3002973
ratA_yfjF_predicted,0.1111111111111111,8,8,TAAGTACGAGGGGGCAGATA,0,2992372
ratA_yfjF_predicted,0.1111111111111111,8,8,TAAGGCACAACTTTCCTTGG,0,3008214
ratA_yfjF_predicted,0.1111111111111111,8,8,TAACAACGCCTCACTTTCGT,0,2994892
ratA_yfjF_predicted,0.1111111111111111,8,8,GTTTTAGATCAAGGTGCAGC,0,3007505
ratA_yfjF_predicted,0.1111111111111111,8,8,GTTTCAGCTTGGCACAGCTT,0,2999520
ratA_yfjF_predicted,0.1111111111111111,8,8,GTTTATGCCTTTGACCTAGT,0,3002946
ratA_yfjF_predicted,0.1111111111111111,8,8,GTTGCAAGGATTAGTTTGAT,0,3011514
ratA_yfjF_predicted,0.1111111111111111,8,8,GTTGCAAAGGTAAGCGGACT,0,3016560
ratA_yfjF_predicted,0.1111111111111111,8,8,GTTCTTGTAGCATTTTGTAT,0,3016263
ratA_yfjF_predicted,0.1111111111111111,8,8,GTTCGATCGTGCATGGCAGC,0,3012966
ratA_yfjF_predicted,0.1111111111111111,8,8,GTTCCCTGAGCAGTTACCAA,0,3006726
ratA_yfjF_predicted,0.1111111111111111,8,8,GTGGGGTCCAGCAGCGCGAC,0,3012479
ratA_yfjF_predicted,0.1111111111111111,8,8,GTGGGCGCATAGGTGTGTTG,0,2992498
ratA_yfjF_predicted,0.1111111111111111,8,8,GTGCGCCGAAATGCAACTCC,0,3005344
ratA_yfjF_predicted,0.1111111111111111,8,8,GTGCCCCTCACTATTCACGA,0,3012643
ratA_yfjF_predicted,0.1111111111111111,8,8,GTGAAGCTGATCCGATGGTC,0,3009595
ratA_yfjF_predicted,0.1111111111111111,8,8,GTCTCTGCGAATGTGGTAGT,0,3008019
ratA_yfjF_predicted,0.1111111111111111,8,8,GTCCGTAGCGGACTTAAGTA,0,2998935
ratA_yfjF_predicted,0.1111111111111111,8,8,GTCCGATCCGAGCTCCTTAC,0,3019149
ratA_yfjF_predicted,0.1111111111111111,8,8,GTCCCGTGGACGAGCAGTAA,0,3007111
ratA_yfjF_predicted,0.1111111111111111,8,8,GTCAATTAACAGTTCCTTCG,0,2999306
ratA_yfjF_predicted,0.1111111111111111,8,8,GTATTTACTCGGCTCAAAGC,0,3019417
ratA_yfjF_predicted,0.1111111111111111,8,8,GTATCCAGTTAGTATGTACC,0,2997105
ratA_yfjF_predicted,0.1111111111111111,8,8,GTATATGATCTCACCACGGG,0,3017829
ratA_yfjF_predicted,0.1111111111111111,8,8,GTAGTTGTCCTTCCCGCGAG,0,3006832
ratA_yfjF_predicted,0.1111111111111111,8,8,GTAGTTGAAGACTATGCTCG,0,3019212
ratA_yfjF_predicted,0.1111111111111111,8,8,GTAGGTATCTCAAGCCATTA,0,3007567
ratA_yfjF_predicted,0.1111111111111111,8,8,GTAGCGCCGAGTGGAGTTCT,0,2996778
ratA_yfjF_predicted,0.1111111111111111,8,8,GTACTCTAGGAGCATTAGAG,0,2996844
ratA_yfjF_predicted,0.1111111111111111,8,8,GTACTCATCTCCGGGAATGT,0,2996998
ratA_yfjF_predicted,0.1111111111111111,8,8,GGTTCGGGTAGAACCGTCAG,0,2994153
ratA_yfjF_predicted,0.1111111111111111,8,8,GGTGGGATCAGCGTTCCAGG,0,2997058
ratA_yfjF_predicted,0.1111111111111111,8,8,GGTGGGATAGGATTGGTACT,0,2993861
ratA_yfjF_predicted,0.1111111111111111,8,8,GGTGCCGATAGGGTTGGAAG,0,2995758
ratA_yfjF_predicted,0.1111111111111111,8,8,GGTCCTTGGCGCATGGCTTT,0,3016177
ratA_yfjF_predicted,0.1111111111111111,8,8,GGTAGTCCAATACCATGGTA,0,2996069
ratA_yfjF_predicted,0.1111111111111111,8,8,GGGTTGAAACGGCCTGAAGC,0,2999668
ratA_yfjF_predicted,0.1111111111111111,8,8,GGGGTGTAAACGCAGATTCG,0,3004687
ratA_yfjF_predicted,0.1111111111111111,8,8,GGGGCAGGCTTCTCACGCCC,0,2999830
ratA_yfjF_predicted,0.1111111111111111,8,8,GGGGCAGGAGAACAACATAT,0,3003805
ratA_yfjF_predicted,0.1111111111111111,8,8,GGGCGAATAGTTAATCACAA,0,3001230
ratA_yfjF_predicted,0.1111111111111111,8,8,GGGCAGTGATGCGTAAGCAG,0,2999310
ratA_yfjF_predicted,0.1111111111111111,8,8,GGGAGTCTTCTCGTGTATGT,0,3002392
ratA_yfjF_predicted,0.1111111111111111,8,8,GGGACTTACGTTTAACTGGA,0,2997791
ratA_yfjF_predicted,0.1111111111111111,8,8,GGCGTGTGACTTTGGCACGG,0,3012928
ratA_yfjF_predicted,0.1111111111111111,8,8,GGCGGAGGTCTAACGTGAAC,0,3016965
ratA_yfjF_predicted,0.1111111111111111,8,8,GGCCACTAAATAGTGCTCTC,0,3008158
ratA_yfjF_predicted,0.1111111111111111,8,8,GGCAGCCGGTCCCAGCGACT,0,3006248
ratA_yfjF_predicted,0.1111111111111111,8,8,GGATCCACGTGCGAAAAGAA,0,3000510
ratA_yfjF_predicted,0.1111111111111111,8,8,GGAGGCGTTGACTACAGATT,0,3009395
ratA_yfjF_predicted,0.1111111111111111,8,8,GGAGGCAAGTACGTCGCCTG,0,2996092
ratA_yfjF_predicted,0.1111111111111111,8,8,GGAGATGGGATTTCGATGAT,0,3011560
ratA_yfjF_predicted,0.1111111111111111,8,8,GCTTTTGTGCTCACGTTTAC,0,3010183
ratA_yfjF_predicted,0.1111111111111111,8,8,GCTTTCAGTAGACGGCTTGT,0,3004992
ratA_yfjF_predicted,0.1111111111111111,8,8,GCTCCATTGGTGATCGTTAC,0,3008885
ratA_yfjF_predicted,0.1111111111111111,8,8,GCTACCGTTACGCCATATAT,0,3011199
ratA_yfjF_predicted,0.1111111111111111,8,8,GCTAACTCATTGGCCAACGG,0,2993408
ratA_yfjF_predicted,0.1111111111111111,8,8,GCGTGTAGCGACGTACGGTA,0,3006268
ratA_yfjF_predicted,0.1111111111111111,8,8,GCGTCCGCTCCCCGGTTCCT,0,3008441
ratA_yfjF_predicted,0.1111111111111111,8,8,GCGTAGTCATGCGCACACGC,0,3000565
ratA_yfjF_predicted,0.1111111111111111,8,8,GCGGGATCAATTGAAATGCG,0,2993481
ratA_yfjF_predicted,0.1111111111111111,8,8,GCGAAATGTATACCACGCCT,0,2995167
ratA_yfjF_predicted,0.1111111111111111,8,8,GCCGTCACTTAAGCTTTGCA,0,3009299
ratA_yfjF_predicted,0.1111111111111111,8,8,GCCCGGAGATGGCACTGAAA,0,3019216
ratA_yfjF_predicted,0.1111111111111111,8,8,GCCACTTTGTCTTGAGATGA,0,3006695
ratA_yfjF_predicted,0.1111111111111111,8,8,GCATTATCTAGCTCGATTAA,0,2994516
ratA_yfjF_predicted,0.1111111111111111,8,8,GCACCGATGTCTATGATCCA,0,3015901
ratA_yfjF_predicted,0.1111111111111111,8,8,GATCAATATTCTGCTGAAAG,0,3012051
ratA_yfjF_predicted,0.1111111111111111,8,8,GAGTCTTGCCTGTACGGAGC,0,3001197
ratA_yfjF_predicted,0.1111111111111111,8,8,GAGTACGAGAACCGGTCTCT,0,3007388
ratA_yfjF_predicted,0.1111111111111111,8,8,GAGATCATGTTCGGACTAGA,0,3008521
ratA_yfjF_predicted,0.1111111111111111,8,8,GAGAGAAATGATTTTGAGAC,0,3011747
ratA_yfjF_predicted,0.1111111111111111,8,8,GAGAAGATCGTCAAGCGTCG,0,2992979
ratA_yfjF_predicted,0.1111111111111111,8,8,GACTCCATATATTCATATAA,0,3013306
ratA_yfjF_predicted,0.1111111111111111,8,8,GACTCATATACTATTGGGCA,0,3020458
ratA_yfjF_predicted,0.1111111111111111,8,8,GACCCCTTCGTAACCTGCTT,0,3011778
ratA_yfjF_predicted,0.1111111111111111,8,8,GACCATATCCCGTCTTCAGG,0,3010495
ratA_yfjF_predicted,0.1111111111111111,8,8,GACAGCCGAGGTGCTAACGA,0,3001982
ratA_yfjF_predicted,0.1111111111111111,8,8,GACACGTTTCTATTTGCGAT,0,3017568
ratA_yfjF_predicted,0.1111111111111111,8,8,GACACCTATGACCAAGTGTA,0,2996764
ratA_yfjF_predicted,0.1111111111111111,8,8,GACAATTGAATACCCATTAT,0,2995471
ratA_yfjF_predicted,0.1111111111111111,8,8,GACAAGTAGCCTCATCAGAT,0,3010243
ratA_yfjF_predicted,0.1111111111111111,8,8,GAATTCCGAATCGAGCTCCT,0,3012196
ratA_yfjF_predicted,0.1111111111111111,8,8,GAATAGAACTAGGGTTTCTA,0,2997886
ratA_yfjF_predicted,0.1111111111111111,8,8,GAACTGGTCGTTGTCCCGTG,0,2995993
ratA_yfjF_predicted,0.1111111111111111,8,8,GAACGTAACACGCCGTGCTA,0,2998997
ratA_yfjF_predicted,0.1111111111111111,8,8,GAACAACTGACGGAATTCGA,0,2995819
ratA_yfjF_predicted,0.1111111111111111,8,8,GAAATTAGCCTTTAGTTTCC,0,3004618
ratA_yfjF_predicted,0.1111111111111111,8,8,CTTGTAGACGGACCCGTCCG,0,3005800
ratA_yfjF_predicted,0.1111111111111111,8,8,CTTGGTTGAGTATGATGCTT,0,2995854
ratA_yfjF_predicted,0.1111111111111111,8,8,CTTCGAGAGCAAAATTCGGA,0,3015050
ratA_yfjF_predicted,0.1111111111111111,8,8,CTTAGACAAACTTCGTCCTT,0,3004305
ratA_yfjF_predicted,0.1111111111111111,8,8,CTTACTGCCCACCAATATGA,0,3008817
ratA_yfjF_predicted,0.1111111111111111,8,8,CTGTAACTGTCACGACACTG,0,2998062
ratA_yfjF_predicted,0.1111111111111111,8,8,CTGGCGTCCTAGGTCTTGTA,0,2996438
ratA_yfjF_predicted,0.1111111111111111,8,8,CTGCTACCTTTCAGGATAAG,0,3020560
ratA_yfjF_predicted,0.1111111111111111,8,8,CTGCGTCTATCCCCTGCCAC,0,3000764
ratA_yfjF_predicted,0.1111111111111111,8,8,CTGATGGCGTGCACCGATGT,0,3007423
ratA_yfjF_predicted,0.1111111111111111,8,8,CTGAGAGGTGCTGTCATCGG,0,3000544
ratA_yfjF_predicted,0.1111111111111111,8,8,CTCTCTGTACTCTGATATGA,0,3000391
ratA_yfjF_predicted,0.1111111111111111,8,8,CTCTACGGTGGAATTATGAG,0,3005839
ratA_yfjF_predicted,0.1111111111111111,8,8,CTCGACCAATGTACGTGGAT,0,3015833
ratA_yfjF_predicted,0.1111111111111111,8,8,CTCGAAGCTAAATGGCCTAT,0,3001211
ratA_yfjF_predicted,0.1111111111111111,8,8,CTCCTACTGCCAGCTACCGT,0,3017492
ratA_yfjF_predicted,0.1111111111111111,8,8,CTCCGACTTCTGTGCGATTC,0,3002546
ratA_yfjF_predicted,0.1111111111111111,8,8,CTCCGAACGGTGTGTTCGAC,0,3016010
ratA_yfjF_predicted,0.1111111111111111,8,8,CTAGTCCTGTAATAGCCGAG,0,3007452
ratA_yfjF_predicted,0.1111111111111111,8,8,CTAGGAGTGGTTCCTCTCGG,0,3001702
ratA_yfjF_predicted,0.1111111111111111,8,8,CTACTCACGAAAGAGTAGTC,0,3005665
ratA_yfjF_predicted,0.1111111111111111,8,8,CTAAGCCATAGTTCCGTTCA,0,3001280
ratA_yfjF_predicted,0.1111111111111111,8,8,CGTGGACTCAGGTCGTAGGA,0,2991897
ratA_yfjF_predicted,0.1111111111111111,8,8,CGTAGGGGTCTTACGTACAG,0,3018123
ratA_yfjF_predicted,0.1111111111111111,8,8,CGTAACACCTCGTATAATCC,0,2994886
ratA_yfjF_predicted,0.1111111111111111,8,8,CGGTCCCAGGTGAGAGCAGG,0,2996221
ratA_yfjF_predicted,0.1111111111111111,8,8,CGGGGTGATCTCAGGACTAT,0,2992815
ratA_yfjF_predicted,0.1111111111111111,8,8,CGGCGATTTCTATGAGCTCA,0,3017414
ratA_yfjF_predicted,0.1111111111111111,8,8,CGGCATGAAAAAACATGAAT,0,3006308
ratA_yfjF_predicted,0.1111111111111111,8,8,CGGACCAATCGATGAAAGCT,0,2993261
ratA_yfjF_predicted,0.1111111111111111,8,8,CGGAAATAATTCTGGTTAAG,0,3014918
ratA_yfjF_predicted,0.1111111111111111,8,8,CGCTACGACCGTGGGAGGCA,0,2994297
ratA_yfjF_predicted,0.1111111111111111,8,8,CGCGACCTCCATCGGTGGTT,0,3014866
ratA_yfjF_predicted,0.1111111111111111,8,8,CGCCGATAGCGACCAGATCT,0,3011690
ratA_yfjF_predicted,0.1111111111111111,8,8,CGCCAAGATGCCTGCACTAG,0,2992499
ratA_yfjF_predicted,0.1111111111111111,8,8,CGCATACGACCTTCTGTATG,0,2999461
ratA_yfjF_predicted,0.1111111111111111,8,8,CGCACGGGGTCTGGACCCGG,0,3009864
ratA_yfjF_predicted,0.1111111111111111,8,8,CGATTTGCACATGAGTCACC,0,3000643
ratA_yfjF_predicted,0.1111111111111111,8,8,CGATTTACTTATCTTTCGGA,0,3000317
ratA_yfjF_predicted,0.1111111111111111,8,8,CGATCGAGTTAGTTATGGAA,0,3011066
ratA_yfjF_predicted,0.1111111111111111,8,8,CGATAGCCTGTTCACTCTCC,0,3007130
ratA_yfjF_predicted,0.1111111111111111,8,8,CGAGTGGCTTATAGCGAAGA,0,3012846
ratA_yfjF_predicted,0.1111111111111111,8,8,CGAGACATTGAAAAAACGTT,0,3000997
ratA_yfjF_predicted,0.1111111111111111,8,8,CGACTGATGATCGTAGGAAG,0,2998309
ratA_yfjF_predicted,0.1111111111111111,8,8,CGACGAAACGGATTAACATT,0,2991995
ratA_yfjF_predicted,0.1111111111111111,8,8,CGAATAAATAGCAAATTTGA,0,2996132
ratA_yfjF_predicted,0.1111111111111111,8,8,CCTTGCGTGCTGCAAGCTGG,0,3007114
ratA_yfjF_predicted,0.1111111111111111,8,8,CCTCAGCAAGCGTATTAGAC,0,3015638
ratA_yfjF_predicted,0.1111111111111111,8,8,CCGTCTTAGTGGGATGTCAC,0,3006335
ratA_yfjF_predicted,0.1111111111111111,8,8,CCGGTTAGAAAAGATCCGGC,0,2994358
ratA_yfjF_predicted,0.1111111111111111,8,8,CCGGCTAAAGTGAAAGGTAT,0,3006598
ratA_yfjF_predicted,0.1111111111111111,8,8,CCCCTAATTGCACTTTTTCC,0,3010200
ratA_yfjF_predicted,0.1111111111111111,8,8,CCCAGGACGGATGCGTTGCA,0,2994545
ratA_yfjF_predicted,0.1111111111111111,8,8,CCAGGTCGCATCTCCATTTC,0,3015000
ratA_yfjF_predicted,0.1111111111111111,8,8,CCAGAGGCCGGCCCTGTCTT,0,2998175
ratA_yfjF_predicted,0.1111111111111111,8,8,CCAGACCGCCGGATATCGTC,0,2996443
ratA_yfjF_predicted,0.1111111111111111,8,8,CCACAACTAAACGTGAGATA,0,3009726
ratA_yfjF_predicted,0.1111111111111111,8,8,CCAAGTGTCAGACCCTGGGG,0,3003779
ratA_yfjF_predicted,0.1111111111111111,8,8,CCAAGCGAGTTAAGTACGGA,0,3009460
ratA_yfjF_predicted,0.1111111111111111,8,8,CCAACGACAAGCAACGCTCC,0,2994243
ratA_yfjF_predicted,0.1111111111111111,8,8,CATCCTGTGCGAGCAAATGG,0,3021090
ratA_yfjF_predicted,0.1111111111111111,8,8,CATACGCCACGAACGCGGAC,0,2993038
ratA_yfjF_predicted,0.1111111111111111,8,8,CATACGATTCGGATCTGTGT,0,3006793
ratA_yfjF_predicted,0.1111111111111111,8,8,CATACGAGATCAATACTGAG,0,3000070
ratA_yfjF_predicted,0.1111111111111111,8,8,CATACACACAAGGTTATAAC,0,3017484
ratA_yfjF_predicted,0.1111111111111111,8,8,CAGTCAGTGAATATCAGATT,0,3008520
ratA_yfjF_predicted,0.1111111111111111,8,8,CAGCTATGCCAGGATAATTA,0,3015883
ratA_yfjF_predicted,0.1111111111111111,8,8,CAGCGCTGGATCGTGCGACC,0,3001289
ratA_yfjF_predicted,0.1111111111111111,8,8,CAGCCTTGTTCTGCAGAAGG,0,2998325
ratA_yfjF_predicted,0.1111111111111111,8,8,CAGCCTACTTTCCAACGCGT,0,2997201
ratA_yfjF_predicted,0.1111111111111111,8,8,CAGCCGTCGGCTTAAACTGC,0,3004477
ratA_yfjF_predicted,0.1111111111111111,8,8,CAGCCCGTTCTCTCGACAGC,0,3003645
ratA_yfjF_predicted,0.1111111111111111,8,8,CAGCAGTCCTCGCGGTAGAA,0,2993290
ratA_yfjF_predicted,0.1111111111111111,8,8,CAGACGGGGACAGCCTGACA,0,3002127
ratA_yfjF_predicted,0.1111111111111111,8,8,CAGACCGCCATGAAGTGTTT,0,3013717
ratA_yfjF_predicted,0.1111111111111111,8,8,CACTCCGGTGTGCGACTTTT,0,3002033
ratA_yfjF_predicted,0.1111111111111111,8,8,CACTCCGGCTTGGGCGCATC,0,2996565
ratA_yfjF_predicted,0.1111111111111111,8,8,CACGGCCTATCCTTACAGCA,0,3004842
ratA_yfjF_predicted,0.1111111111111111,8,8,CACACATGGTAGACTCCGCG,0,3002579
ratA_yfjF_predicted,0.1111111111111111,8,8,CAATCCAAGGCATTTGTCAC,0,3017608
ratA_yfjF_predicted,0.1111111111111111,8,8,CAACGAGCATTGCGTAACCT,0,3006799
ratA_yfjF_predicted,0.1111111111111111,8,8,CAACATCCCTTACTCATCGG,0,3019687
ratA_yfjF_predicted,0.1111111111111111,8,8,ATTCCTCACTGTAAGAATAG,0,3016750
ratA_yfjF_predicted,0.1111111111111111,8,8,ATTCCAACGTATGTAACGCT,0,3001986
ratA_yfjF_predicted,0.1111111111111111,8,8,ATTCAAAAGGTTATTCTTGG,0,3002441
ratA_yfjF_predicted,0.1111111111111111,8,8,ATTAGTTCGAAACCAGCAAA,0,3007107
ratA_yfjF_predicted,0.1111111111111111,8,8,ATGGGCTGACAGGAACCCCG,0,3020006
ratA_yfjF_predicted,0.1111111111111111,8,8,ATGGAACGGGACCCATTGGG,0,3003597
ratA_yfjF_predicted,0.1111111111111111,8,8,ATGCTCGGCGTTGGGGCATA,0,3000862
ratA_yfjF_predicted,0.1111111111111111,8,8,ATCGGATAAATTCGGGGGGC,0,3020279
ratA_yfjF_predicted,0.1111111111111111,8,8,ATCATTGTTTGGGTAGCTGA,0,3003929
ratA_yfjF_predicted,0.1111111111111111,8,8,ATCAATACGAGAAGGTATAT,0,3016102
ratA_yfjF_predicted,0.1111111111111111,8,8,ATATACTAGACTACAAACTC,0,2992742
ratA_yfjF_predicted,0.1111111111111111,8,8,ATAGGCGGTAATCGGAAAGC,0,2995702
ratA_yfjF_predicted,0.1111111111111111,8,8,ATAGGACTTCGATACTGGTT,0,2993265
ratA_yfjF_predicted,0.1111111111111111,8,8,AGTTAGAGAGGTCTTTGCAG,0,2991983
ratA_yfjF_predicted,0.1111111111111111,8,8,AGTGGGATTTGGAGCCGGTG,0,3002456
ratA_yfjF_predicted,0.1111111111111111,8,8,AGTCGGTACTTGTGACCAGT,0,3004254
ratA_yfjF_predicted,0.1111111111111111,8,8,AGTATTTTGGGTTAACGTTT,0,2995002
ratA_yfjF_predicted,0.1111111111111111,8,8,AGTACTTTAAAACAGCCTTC,0,3005215
ratA_yfjF_predicted,0.1111111111111111,8,8,AGTAAGTAACGCAGGCTTCA,0,3018290
ratA_yfjF_predicted,0.1111111111111111,8,8,AGGTCCTACGGGGAAAGCGT,0,2995926
ratA_yfjF_predicted,0.1111111111111111,8,8,AGGGCGCACCACGCTGCCAG,0,3004913
ratA_yfjF_predicted,0.1111111111111111,8,8,AGGGAGGCACAAGGGAAGGA,0,2997648
ratA_yfjF_predicted,0.1111111111111111,8,8,AGGCCACCGGACCGCAGGAC,0,3008329
ratA_yfjF_predicted,0.1111111111111111,8,8,AGGAGCCGATTTTACGTCGG,0,2997831
ratA_yfjF_predicted,0.1111111111111111,8,8,AGCTTTTGGAGATCTCATTA,0,3015027
ratA_yfjF_predicted,0.1111111111111111,8,8,AGCTTAAACTTGCCTACTAC,0,3011795
ratA_yfjF_predicted,0.1111111111111111,8,8,AGCGCGGGCAAAGAGACAGT,0,3019576
ratA_yfjF_predicted,0.1111111111111111,8,8,AGCGAATCTGGTGGCTCTTG,0,3009521
ratA_yfjF_predicted,0.1111111111111111,8,8,AGCCACTCCTGTCAAGCCGA,0,3006656
ratA_yfjF_predicted,0.1111111111111111,8,8,AGCAGCTGGTAATGATTGTG,0,3000378
ratA_yfjF_predicted,0.1111111111111111,8,8,AGATAGCAAACTCCCTAAAT,0,3005525
ratA_yfjF_predicted,0.1111111111111111,8,8,AGAGGAGCGTAGATTGAATA,0,3003682
ratA_yfjF_predicted,0.1111111111111111,8,8,AGACTTATGTCCGTCATCGC,0,3017454
ratA_yfjF_predicted,0.1111111111111111,8,8,AGACCTAAATCAAGTTTTGT,0,3010231
ratA_yfjF_predicted,0.1111111111111111,8,8,AGAATTGGGTGGCAGAATTT,0,2991941
ratA_yfjF_predicted,0.1111111111111111,8,8,ACTTAGGCTTTATGGTCGAT,0,3010678
ratA_yfjF_predicted,0.1111111111111111,8,8,ACTGTTCTGATTGCACCTGC,0,2992720
ratA_yfjF_predicted,0.1111111111111111,8,8,ACTGGCGACCTCGGTAATCT,0,2993785
ratA_yfjF_predicted,0.1111111111111111,8,8,ACTCGTATCGCAACCTATAT,0,3003133
ratA_yfjF_predicted,0.1111111111111111,8,8,ACTCGACTTAGCCGTGGGGT,0,3000434
ratA_yfjF_predicted,0.1111111111111111,8,8,ACTCCCGCGCCGCATACGAC,0,2993227
ratA_yfjF_predicted,0.1111111111111111,8,8,ACTACTGATGCCTAAACTTA,0,3018069
ratA_yfjF_predicted,0.1111111111111111,8,8,ACGGCCCTCATAACCTGTTT,0,3012300
ratA_yfjF_predicted,0.1111111111111111,8,8,ACGGATCTCGTGTTCACTCC,0,3004816
ratA_yfjF_predicted,0.1111111111111111,8,8,ACGCTTGAACCTGCTAGCTC,0,3017992
ratA_yfjF_predicted,0.1111111111111111,8,8,ACGCTGTCAGGTAGTCCGGT,0,3006225
ratA_yfjF_predicted,0.1111111111111111,8,8,ACGCCGTTAACCTCGAGGAA,0,3001155
ratA_yfjF_predicted,0.1111111111111111,8,8,ACGCAAATCGGTAGGCGGTG,0,3014300
ratA_yfjF_predicted,0.1111111111111111,8,8,ACGAGCATAAGCTAAGTCTC,0,3015846
ratA_yfjF_predicted,0.1111111111111111,8,8,ACCCTGAGCGGGATCCTATG,0,3016758
ratA_yfjF_predicted,0.1111111111111111,8,8,ACCCTAGCGAAGGTGATACA,0,3000375
ratA_yfjF_predicted,0.1111111111111111,8,8,ACCCCCCCATGTCGCTATGT,0,2993795
ratA_yfjF_predicted,0.1111111111111111,8,8,ACCACTGTGACTGCATATTG,0,2999419
ratA_yfjF_predicted,0.1111111111111111,8,8,ACATGTAAGTTCATTATACT,0,2992432
ratA_yfjF_predicted,0.1111111111111111,8,8,ACATCTTATAACTTGAAACT,0,3019441
ratA_yfjF_predicted,0.1111111111111111,8,8,ACAGCTCAGGTATGAACGTT,0,2992267
ratA_yfjF_predicted,0.1111111111111111,8,8,ACAGCGTTCGGTTCTTAATG,0,3013543
ratA_yfjF_predicted,0.1111111111111111,8,8,ACAACGATGCTACCTCCGGC,0,3007964
ratA_yfjF_predicted,0.1111111111111111,8,8,ACAAATCACCTGACTTAACT,0,3007552
ratA_yfjF_predicted,0.1111111111111111,8,8,ACAAAGATGGAATCGCTGTT,0,3017044
ratA_yfjF_predicted,0.1111111111111111,8,8,AATGCTGAATTCGGCGGCAA,0,3001657
ratA_yfjF_predicted,0.1111111111111111,8,8,AATGAGCTGCACGAATATAC,0,2998784
ratA_yfjF_predicted,0.1111111111111111,8,8,AATGAGAGTCCATCGAGGAC,0,3009193
ratA_yfjF_predicted,0.1111111111111111,8,8,AATATTAAGCTCAATCATTC,0,3011094
ratA_yfjF_predicted,0.1111111111111111,8,8,AAGGTTGCGAATGGTAGGTC,0,3006962
ratA_yfjF_predicted,0.1111111111111111,8,8,AAGAGATCTCGCGGGACAGG,0,3009387
ratA_yfjF_predicted,0.1111111111111111,8,8,AAGACGTAGGATAGGCTCGA,0,2996655
ratA_yfjF_predicted,0.1111111111111111,8,8,AACTTTCCTCTCCAACATTT,0,3000132
ratA_yfjF_predicted,0.1111111111111111,8,8,AACGTAATTGCCGTTCACCA,0,3014208
ratA_yfjF_predicted,0.1111111111111111,8,8,AACGGGGCTTAACTCTACAT,0,3010242
ratA_yfjF_predicted,0.1111111111111111,8,8,AACATGTTGGGAGCTAGACT,0,3004827
ratA_yfjF_predicted,0.1111111111111111,8,8,AACACTTTACGGTGTAAGCT,0,3002431
ratA_yfjF_predicted,0.1111111111111111,8,8,AACACGGAGACCAATTATAT,0,2996763
ratA_yfjF_predicted,0.1111111111111111,8,8,AAAGAGTGGTTAGTAACCTC,0,3007670
ratA_yfjF_predicted,0.1111111111111111,8,8,AAAGAGTGGCGGAACAGGAC,0,3005552
ratA_yfjF_predicted,0.1111111111111111,8,8,AAAGAGATCCAGTACCCATC,0,2991804
ratA_yfjF_predicted,0.1111111111111111,8,8,AAACTTGGTACGTATGAGCT,0,3011414
ratA_yfjF_predicted,0.1111111111111111,8,8,AAACTAGGACTGGTGAGATC,0,3017720
ratA_yfjF_predicted,0.1111111111111111,8,8,AAACCCGGCTAACCGCACCT,0,3002061
ratA_yfjF_predicted,0.1111111111111111,8,8,AAACACGTGAGATCTTGATT,0,3004236
ratA_yfjF_predicted,0.1111111111111111,8,8,AAACAAGAAAAACGGGAAGT,0,3006410
ratA_yfjF_predicted,0.1111111111111111,8,8,AAAAACGTTAAAACCCGAGA,0,3009803
ratA_yfjF_predicted,0.125,7,7,TTTTGTGTCCGTGGGCCGGT,0,2997812
ratA_yfjF_predicted,0.125,7,7,TTTGCCTGCTTCAGGTACAG,0,2999667
ratA_yfjF_predicted,0.125,7,7,TTTCTGCTTGGAAAGGTCGG,0,3009629
ratA_yfjF_predicted,0.125,7,7,TTTCACGTCAATGAACTCAG,0,2999129
ratA_yfjF_predicted,0.125,7,7,TTGTTTAGGCGGTATCTGGA,0,3014375
ratA_yfjF_predicted,0.125,7,7,TTGGTAAAAGGTTCTTGCTA,0,3000173
ratA_yfjF_predicted,0.125,7,7,TTGGAATCCGCTAGATTTTC,0,2999599
ratA_yfjF_predicted,0.125,7,7,TTGCGGGCAACGAGCTTGAT,0,2997121
ratA_yfjF_predicted,0.125,7,7,TTGAGCTAAATGGTAATTCT,0,2993274
ratA_yfjF_predicted,0.125,7,7,TTGACTAACCTATATCAGGA,0,3014234
ratA_yfjF_predicted,0.125,7,7,TTCTCCTGAGCGTTCTCCCG,0,3000336
ratA_yfjF_predicted,0.125,7,7,TTCGTGGGTTGAGAATTCTT,0,3005337
ratA_yfjF_predicted,0.125,7,7,TTCGGCAGACATCATAAAGA,0,3000920
ratA_yfjF_predicted,0.125,7,7,TTCACTACGGAAAACCTCAT,0,2995238
ratA_yfjF_predicted,0.125,7,7,TTCAAACACTTAGACATCCC,0,3012078
ratA_yfjF_predicted,0.125,7,7,TTATGAACTACGGATCTCGG,0,3004643
ratA_yfjF_predicted,0.125,7,7,TTATAACGAAAGGCCCTGTG,0,3018411
ratA_yfjF_predicted,0.125,7,7,TTAGTAGTCGCGGGCGGATG,0,2999918
ratA_yfjF_predicted,0.125,7,7,TTAGCAATCCGCCAATGGGA,0,2998369
ratA_yfjF_predicted,0.125,7,7,TTAATGCGCGGTCTCTACGT,0,2998582
ratA_yfjF_predicted,0.125,7,7,TTAACGACGAGGGCTTAGTT,0,2996428
ratA_yfjF_predicted,0.125,7,7,TTAAAACCGTGAACGAGTAA,0,3008849
ratA_yfjF_predicted,0.125,7,7,TGTTTCCGGGAACACTAAGG,0,3000151
ratA_yfjF_predicted,0.125,7,7,TGTTGAAAGTACTTACCTTG,0,3014198
ratA_yfjF_predicted,0.125,7,7,TGTGCGACCACAATTTCGAA,0,3015277
ratA_yfjF_predicted,0.125,7,7,TGTGACACGGCTCATGGCAA,0,3000331
ratA_yfjF_predicted,0.125,7,7,TGTCGCGTCTCTTTACCTGG,0,3020948
ratA_yfjF_predicted,0.125,7,7,TGTCGATGGTACATATTAGG,0,3014874
ratA_yfjF_predicted,0.125,7,7,TGTACTCGTATGAGTAGCTA,0,3011659
ratA_yfjF_predicted,0.125,7,7,TGGTGACCACTCTGAGATCC,0,2997178
ratA_yfjF_predicted,0.125,7,7,TGGTCAAGTTTCTGGGTAAG,0,3009807
ratA_yfjF_predicted,0.125,7,7,TGGGTCAGTGCCCGCCAACG,0,2995083
ratA_yfjF_predicted,0.125,7,7,TGGGCATTGCCGCGCCGGTG,0,2992650
ratA_yfjF_predicted,0.125,7,7,TGGGAACTCCACAGGTACCC,0,3011378
ratA_yfjF_predicted,0.125,7,7,TGGACTAAACCAACACAGGT,0,3010275
ratA_yfjF_predicted,0.125,7,7,TGGACATAGACACTTTAGGT,0,3009593
ratA_yfjF_predicted,0.125,7,7,TGCGGGACAGTATTAGTACC,0,2994856
ratA_yfjF_predicted,0.125,7,7,TGCATAATTAGAATAGATGT,0,3019611
ratA_yfjF_predicted,0.125,7,7,TGCAGTCGTGAACTCGGGTT,0,3020016
ratA_yfjF_predicted,0.125,7,7,TGCAGATAACGCATTTGGTG,0,3001770
ratA_yfjF_predicted,0.125,7,7,TGATTCTTCTCGGCCTCCGC,0,3021318
ratA_yfjF_predicted,0.125,7,7,TGAGTAGCCAATCGTAAAGA,0,2996728
ratA_yfjF_predicted,0.125,7,7,TGAGGCTCATCATACCTAGT,0,3006625
ratA_yfjF_predicted,0.125,7,7,TGAGGCTAAGCCGGTTTCTG,0,3006026
ratA_yfjF_predicted,0.125,7,7,TGAGGATTTATGGGAGAACT,0,3002578
ratA_yfjF_predicted,0.125,7,7,TGAGCCGGGTAGTGGCATAC,0,2997227
ratA_yfjF_predicted,0.125,7,7,TGAGCACTAGAACGCGCACA,0,3004049
ratA_yfjF_predicted,0.125,7,7,TGACTAAACGACATCTGCGA,0,3000958
ratA_yfjF_predicted,0.125,7,7,TGACGTGCCCAGCCTCTCGC,0,3009513
ratA_yfjF_predicted,0.125,7,7,TGACGGTCCAGGGGGCATAG,0,3004423
ratA_yfjF_predicted,0.125,7,7,TCTTTGATAGTCCTGTCCAG,0,3001641
ratA_yfjF_predicted,0.125,7,7,TCTTCTAGACGATTATGTAG,0,3000166
ratA_yfjF_predicted,0.125,7,7,TCTGGGGATGGAGAAGCTTA,0,3004418
ratA_yfjF_predicted,0.125,7,7,TCTCTTAAAGTCGGCTCACA,0,2992712
ratA_yfjF_predicted,0.125,7,7,TCTACGCTTGCGTAAATGTG,0,3006203
ratA_yfjF_predicted,0.125,7,7,TCTAACTACCTCGTGGAAAA,0,3021444
ratA_yfjF_predicted,0.125,7,7,TCTAAAGCGTCATCCACGCC,0,2995204
ratA_yfjF_predicted,0.125,7,7,TCGTCTGAAGGCCCGGCGTT,0,3010991
ratA_yfjF_predicted,0.125,7,7,TCGTCCATGTGTTTCACAGA,0,3007208
ratA_yfjF_predicted,0.125,7,7,TCGTACGGTCGTGCCTAGTT,0,3006689
ratA_yfjF_predicted,0.125,7,7,TCGGCCTGTAGATCTGTGGG,0,3016453
ratA_yfjF_predicted,0.125,7,7,TCGGCCTCAGTATGCCGTTC,0,3021774
ratA_yfjF_predicted,0.125,7,7,TCGAGAATCCCGGCCTGTCT,0,3010717
ratA_yfjF_predicted,0.125,7,7,TCGAATGGCTCCAAAGCACA,0,2998105
ratA_yfjF_predicted,0.125,7,7,TCCTCAAAAGCTGTGCGCGT,0,3008431
ratA_yfjF_predicted,0.125,7,7,TCCGAGTATCCAAAACGCCC,0,3013673
ratA_yfjF_predicted,0.125,7,7,TCCCTTGCTCATTCTTGAAG,0,2992985
ratA_yfjF_predicted,0.125,7,7,TCCCCAATACTCACAGCCCA,0,3004786
ratA_yfjF_predicted,0.125,7,7,TCCAGCGAGATGTGCGGGCA,0,2992859
ratA_yfjF_predicted,0.125,7,7,TCCACGTGTTGTTCCTGGCC,0,3000530
ratA_yfjF_predicted,0.125,7,7,TCATGTATGCGGCTGGAGAT,0,3017460
ratA_yfjF_predicted,0.125,7,7,TCAGGGGCGCTTCGCCTAGA,0,3019466
ratA_yfjF_predicted,0.125,7,7,TCACGTAAGACGTCGGTGAA,0,2999022
ratA_yfjF_predicted,0.125,7,7,TCAATTCTGTCAGAGGGGGT,0,2999391
ratA_yfjF_predicted,0.125,7,7,TCAATCCTGCCCATGGAACC,0,3004814
ratA_yfjF_predicted,0.125,7,7,TCAAATGGCGACCGGCGGCC,0,3002649
ratA_yfjF_predicted,0.125,7,7,TCAAATGCAAGAACGGGTCA,0,3006028
ratA_yfjF_predicted,0.125,7,7,TATGGGAGGCACAACAAGCT,0,3013980
ratA_yfjF_predicted,0.125,7,7,TATCAAGCCCTTTCCAGTTC,0,3003011
ratA_yfjF_predicted,0.125,7,7,TATATACACTGTGGCAGCAG,0,3013801
ratA_yfjF_predicted,0.125,7,7,TATAGTACGTCGAGTACGTT,0,2997208
ratA_yfjF_predicted,0.125,7,7,TATAGTACGCCCAGGTGATT,0,3001352
ratA_yfjF_predicted,0.125,7,7,TAGGTAACCTGTGCAGCGTA,0,2994069
ratA_yfjF_predicted,0.125,7,7,TAGGCAACGTCTAGCGTCAG,0,2995995
ratA_yfjF_predicted,0.125,7,7,TAGCGAACGCCCGGTTGACG,0,2998760
ratA_yfjF_predicted,0.125,7,7,TAGCACGGGGGTTATTAGAC,0,3007940
ratA_yfjF_predicted,0.125,7,7,TAGCAAGCTATTTGTGCCAG,0,3006747
ratA_yfjF_predicted,0.125,7,7,TAGACTCTGAAGTCGGCGGA,0,3001717
ratA_yfjF_predicted,0.125,7,7,TAGAACCGATCCTACAACAC,0,2993767
ratA_yfjF_predicted,0.125,7,7,TACTGGGTTCTTGCTGGTAT,0,2994282
ratA_yfjF_predicted,0.125,7,7,TACGCGGAAGGCTAATCGAC,0,3016009
ratA_yfjF_predicted,0.125,7,7,TACGATCAGTCAGGCGAGGC,0,3013647
ratA_yfjF_predicted,0.125,7,7,TACAGCCCGTGCGGGCGATC,0,3006439
ratA_yfjF_predicted,0.125,7,7,TAATAATTATTAGCGGCAAG,0,3013820
ratA_yfjF_predicted,0.125,7,7,TAACCCGCCGTCGTGGGTTC,0,3007266
ratA_yfjF_predicted,0.125,7,7,TAAAGAGTCGGGGACGGGTG,0,3018977
ratA_yfjF_predicted,0.125,7,7,TAAAATCGATAGTATGGTTA,0,3020693
ratA_yfjF_predicted,0.125,7,7,GTTTGTTTGTAGAATACTCC,0,3015437
ratA_yfjF_predicted,0.125,7,7,GTTTGGGGTAGGGAGTATGT,0,3016161
ratA_yfjF_predicted,0.125,7,7,GTTGGAAATATCCTCGGGAC,0,3012260
ratA_yfjF_predicted,0.125,7,7,GTTGCCGGGGCCACCATACG,0,2995377
ratA_yfjF_predicted,0.125,7,7,GTTGCCCTCTTTTTTCTTAG,0,2991809
ratA_yfjF_predicted,0.125,7,7,GTTGCACTCGGTCCGTGGGG,0,3005159
ratA_yfjF_predicted,0.125,7,7,GTTGACGGGTATGTCAAGAA,0,2992378
ratA_yfjF_predicted,0.125,7,7,GTTGACCGACAGAATCTGAC,0,3015402
ratA_yfjF_predicted,0.125,7,7,GTTCGCGTGTTATTGCGTTA,0,3014865
ratA_yfjF_predicted,0.125,7,7,GTTCCTAGGTTCCAAACGTT,0,3017737
ratA_yfjF_predicted,0.125,7,7,GTTATCTGGATCAGGCCCCA,0,3006530
ratA_yfjF_predicted,0.125,7,7,GTTAACTCGAGCGGCGTTAT,0,2994969
ratA_yfjF_predicted,0.125,7,7,GTGTGTTGATACAGGAGGTT,0,3001473
ratA_yfjF_predicted,0.125,7,7,GTGTGCGGGTCTAATATGTA,0,3001436
ratA_yfjF_predicted,0.125,7,7,GTGTCGGGTGCACAATCACC,0,3003136
ratA_yfjF_predicted,0.125,7,7,GTGTAGGGCCACTGGGACCT,0,2997106
ratA_yfjF_predicted,0.125,7,7,GTGTAGCACGTAAGGCGGCA,0,3011880
ratA_yfjF_predicted,0.125,7,7,GTGGTTTTTGCAGCGGGCCG,0,3007711
ratA_yfjF_predicted,0.125,7,7,GTGGTTCCGGCCCAGTATGG,0,3001004
ratA_yfjF_predicted,0.125,7,7,GTGCGCCCGCGGGTATGTGG,0,3012505
ratA_yfjF_predicted,0.125,7,7,GTGCGAGTAGTCAATGACAC,0,3007705
ratA_yfjF_predicted,0.125,7,7,GTGAAGCCTAGGGTACTCGC,0,2998011
ratA_yfjF_predicted,0.125,7,7,GTCTCAATCGAGGGCCATCA,0,2992435
ratA_yfjF_predicted,0.125,7,7,GTCGTGCCAGCGCACATGTT,0,2994915
ratA_yfjF_predicted,0.125,7,7,GTCGGGAAGTGTACAATAAA,0,3005423
ratA_yfjF_predicted,0.125,7,7,GTCCATCCAAGGATGCCTCA,0,3012401
ratA_yfjF_predicted,0.125,7,7,GTCCATAAGGTTCCACCGAA,0,2993286
ratA_yfjF_predicted,0.125,7,7,GTCATGTGCGCTGCCCATGT,0,3019184
ratA_yfjF_predicted,0.125,7,7,GTCAGCCATTATCCCCAGTT,0,2998182
ratA_yfjF_predicted,0.125,7,7,GTATTAAGGCAAACAGGAAT,0,3019812
ratA_yfjF_predicted,0.125,7,7,GTATCACGAAACTACCAGCA,0,2997896
ratA_yfjF_predicted,0.125,7,7,GTAGTGCTAGCTTCAGTGTA,0,3009406
ratA_yfjF_predicted,0.125,7,7,GTAGTACCCGCAACGGGTCT,0,3011646
ratA_yfjF_predicted,0.125,7,7,GTAAAATGTATATGCATCTC,0,3017619
ratA_yfjF_predicted,0.125,7,7,GGTTTCGGTCGGGAGGTGAG,0,3002273
ratA_yfjF_predicted,0.125,7,7,GGTGCCTATGCGCAATTACT,0,3003442
ratA_yfjF_predicted,0.125,7,7,GGTCTTTCCAAGCGTGCGTA,0,3015471
ratA_yfjF_predicted,0.125,7,7,GGTCGTGGTTTGGGCGGTAG,0,3008074
ratA_yfjF_predicted,0.125,7,7,GGTAATGTAATCCGGGAAGC,0,3017924
ratA_yfjF_predicted,0.125,7,7,GGGGGTGAGGTTTATCCTTC,0,3008588
ratA_yfjF_predicted,0.125,7,7,GGGCCGGGGGGTCTGCAGGG,0,3011229
ratA_yfjF_predicted,0.125,7,7,GGGCCACATCACATTTTTAA,0,3014632
ratA_yfjF_predicted,0.125,7,7,GGGACTTTTCCTCAGTTGAT,0,3019968
ratA_yfjF_predicted,0.125,7,7,GGGACGTTCAGGAAGTCACC,0,3015908
ratA_yfjF_predicted,0.125,7,7,GGCATGGTAAGTCCCATCCA,0,3009313
ratA_yfjF_predicted,0.125,7,7,GGATGGTTGCAACATAACAA,0,2998605
ratA_yfjF_predicted,0.125,7,7,GGATCTATCGCCCAGGCTTC,0,3009709
ratA_yfjF_predicted,0.125,7,7,GGATCCATACGTATCACGTA,0,3003009
ratA_yfjF_predicted,0.125,7,7,GGACTACCGGTCGCATCACC,0,3008931
ratA_yfjF_predicted,0.125,7,7,GGACAGTGGAACAGAATAAA,0,3006421
ratA_yfjF_predicted,0.125,7,7,GCTTAGTTAGTGTTCAGTGT,0,3009157
ratA_yfjF_predicted,0.125,7,7,GCTCGTGGAAGCGCGCCAAA,0,3002596
ratA_yfjF_predicted,0.125,7,7,GCTATGCTTAGGCGCTATAC,0,3004506
ratA_yfjF_predicted,0.125,7,7,GCTAGATGTATAAAACTTGA,0,3010241
ratA_yfjF_predicted,0.125,7,7,GCTAATCACAATCCTTGCCA,0,3006987
ratA_yfjF_predicted,0.125,7,7,GCGTGCATTTCGTTCCCGTT,0,3020208
ratA_yfjF_predicted,0.125,7,7,GCGGTTCCACCGAGTGTATC,0,2996893
ratA_yfjF_predicted,0.125,7,7,GCGGGCTTAGGCGATTGCTA,0,2993092
ratA_yfjF_predicted,0.125,7,7,GCGGCGGTCGCTCCGACACT,0,3002334
ratA_yfjF_predicted,0.125,7,7,GCGGCACCCGTTGCAGTCTC,0,3009742
ratA_yfjF_predicted,0.125,7,7,GCGCCGAAGACTGTTGAGTT,0,3015811
ratA_yfjF_predicted,0.125,7,7,GCCGCATCAGGTTAACTCAA,0,3002080
ratA_yfjF_predicted,0.125,7,7,GCCGAACGGTTATATATATC,0,3012526
ratA_yfjF_predicted,0.125,7,7,GCCCAGCGGTCGGGAGGAAA,0,3016158
ratA_yfjF_predicted,0.125,7,7,GCCCACCTTGCTCTCGTAGA,0,2997677
ratA_yfjF_predicted,0.125,7,7,GCCCAAGGGTATTGGATCTT,0,2995949
ratA_yfjF_predicted,0.125,7,7,GCCAGGTAACTCAGACGCTT,0,2995558
ratA_yfjF_predicted,0.125,7,7,GCCACTCGGCGCAAAATTCT,0,2997047
ratA_yfjF_predicted,0.125,7,7,GCAGGGCTCCTACCGTGGGA,0,3014184
ratA_yfjF_predicted,0.125,7,7,GCACGGTTCATGTGGAGCGT,0,3014960
ratA_yfjF_predicted,0.125,7,7,GCACGCGCGCCTGACCGTCT,0,2999825
ratA_yfjF_predicted,0.125,7,7,GCAAGCCTAAGCACGATTCC,0,3003417
ratA_yfjF_predicted,0.125,7,7,GCAACGTAAATTACTCGTGA,0,3001959
ratA_yfjF_predicted,0.125,7,7,GATGATGGCCCTACCTTGAT,0,3015137
ratA_yfjF_predicted,0.125,7,7,GATGAGCCTGACCTGGTAAC,0,3004329
ratA_yfjF_predicted,0.125,7,7,GATCCGCATGAACCTTCTAA,0,2996212
ratA_yfjF_predicted,0.125,7,7,GATCCGAGATCGAATCGGCA,0,2998790
ratA_yfjF_predicted,0.125,7,7,GATAAGGATTGTATGAATGA,0,3001005
ratA_yfjF_predicted,0.125,7,7,GAGGCACTTTTGTCTCAGCT,0,3010892
ratA_yfjF_predicted,0.125,7,7,GAGCCACATCCGCTGAGGTA,0,3012015
ratA_yfjF_predicted,0.125,7,7,GAGCACGACACGCCAATTCG,0,3008791
ratA_yfjF_predicted,0.125,7,7,GACTTGTCAGTTGGGTTATG,0,3013208
ratA_yfjF_predicted,0.125,7,7,GACTACCACATGTAGTGGAT,0,2996982
ratA_yfjF_predicted,0.125,7,7,GACGCTCGGCGGAAACACGC,0,2992063
ratA_yfjF_predicted,0.125,7,7,GACCCTCTGCATGGGATGAG,0,3007454
ratA_yfjF_predicted,0.125,7,7,GAATTCAAGGGCCTTAGTCC,0,2993282
ratA_yfjF_predicted,0.125,7,7,GAAGTGTGACACTAGGTATA,0,3002547
ratA_yfjF_predicted,0.125,7,7,GAAGATCGGCTGCCAGAAAT,0,3019556
ratA_yfjF_predicted,0.125,7,7,GAAAGGACGGGCTGGGAGTC,0,3010595
ratA_yfjF_predicted,0.125,7,7,GAAACTAGGTACAAACACTA,0,2991821
ratA_yfjF_predicted,0.125,7,7,GAAACACTCCCTCGAAAGAA,0,2997842
ratA_yfjF_predicted,0.125,7,7,CTTTTAGGGGTTGCCGAGTC,0,3014901
ratA_yfjF_predicted,0.125,7,7,CTTGGCTTCTATCATCGTAT,0,2994339
ratA_yfjF_predicted,0.125,7,7,CTTCTCATACATGAAATGAG,0,2998887
ratA_yfjF_predicted,0.125,7,7,CTTCGTGCTTCCTTGCCCAG,0,2998442
ratA_yfjF_predicted,0.125,7,7,CTTAGATTTCGAGGGATCTC,0,3018915
ratA_yfjF_predicted,0.125,7,7,CTGTCAATATTACTTCAAAG,0,2991913
ratA_yfjF_predicted,0.125,7,7,CTGTAGCCGTTGCTCTGGCA,0,3016103
ratA_yfjF_predicted,0.125,7,7,CTGGCAGCTGTTGAATAGGA,0,3008994
ratA_yfjF_predicted,0.125,7,7,CTCTTACTTTTACCTACGAT,0,3015595
ratA_yfjF_predicted,0.125,7,7,CTCGGAGGCAATTAAATTTT,0,3017234
ratA_yfjF_predicted,0.125,7,7,CTCGCGTGACGGTACTAGGC,0,2992743
ratA_yfjF_predicted,0.125,7,7,CTATGCGATCGGTCCGCATA,0,3000026
ratA_yfjF_predicted,0.125,7,7,CTATGACAGACCTGGTCGCA,0,3016071
ratA_yfjF_predicted,0.125,7,7,CTAGTTATCGCTATAGTGGT,0,2994716
ratA_yfjF_predicted,0.125,7,7,CTAGCCTACTCAGTTCCTCT,0,3007530
ratA_yfjF_predicted,0.125,7,7,CTACCTTTGGTTAGCCTAAA,0,3011562
ratA_yfjF_predicted,0.125,7,7,CTAACATGCTCTGCTACCGG,0,2992174
ratA_yfjF_predicted,0.125,7,7,CGTTTTTGGGGCGACGGGTT,0,3008667
ratA_yfjF_predicted,0.125,7,7,CGTTACCTCTCTGAGAAATT,0,3017790
ratA_yfjF_predicted,0.125,7,7,CGTGTATAGAATTGTTAGCT,0,3003877
ratA_yfjF_predicted,0.125,7,7,CGTCCTCGACTCGCGTCGAA,0,3006968
ratA_yfjF_predicted,0.125,7,7,CGTATAAACAAGCGATGGCG,0,3019676
ratA_yfjF_predicted,0.125,7,7,CGGTCTTTACATGACATACT,0,3001879
ratA_yfjF_predicted,0.125,7,7,CGGGGCTTTTGATCGTAGAT,0,3000373
ratA_yfjF_predicted,0.125,7,7,CGGCGTCTTAATCATATGGC,0,2995827
ratA_yfjF_predicted,0.125,7,7,CGGCCGGACTACGCCCGAGT,0,3003214
ratA_yfjF_predicted,0.125,7,7,CGGACGTAGTGGGTCCGTAT,0,3000768
ratA_yfjF_predicted,0.125,7,7,CGCGGCTATACCGGCGGCAA,0,2994713
ratA_yfjF_predicted,0.125,7,7,CGCCTCGGGAGTTTGCTTTT,0,2992998
ratA_yfjF_predicted,0.125,7,7,CGCCCAATCCGTAGAAAACT,0,3008889
ratA_yfjF_predicted,0.125,7,7,CGCCATTACTCTAATTGTTG,0,3013523
ratA_yfjF_predicted,0.125,7,7,CGCAGCTATTTGGAACTCGC,0,2993068
ratA_yfjF_predicted,0.125,7,7,CGATGTACTTGTAACGAGAC,0,3005895
ratA_yfjF_predicted,0.125,7,7,CGATGGCACAGGCCGAGCTC,0,3014589
ratA_yfjF_predicted,0.125,7,7,CGATAACCCCAGACTCCTAA,0,3011075
ratA_yfjF_predicted,0.125,7,7,CGAGTCTGACTCCTTGCAGG,0,2997728
ratA_yfjF_predicted,0.125,7,7,CGAGAGTGCGAATAAATACG,0,3001506
ratA_yfjF_predicted,0.125,7,7,CGACCATCAAACGGAGAGCG,0,2994925
ratA_yfjF_predicted,0.125,7,7,CGAATGTCGAACGGGATTGA,0,3009416
ratA_yfjF_predicted,0.125,7,7,CCTTCGGCCAGTCATCTGTA,0,2999626
ratA_yfjF_predicted,0.125,7,7,CCTGTCACGCTGGTAAGCAA,0,3015486
ratA_yfjF_predicted,0.125,7,7,CCTGAGCCATCCCCTGCTGT,0,2994357
ratA_yfjF_predicted,0.125,7,7,CCTCGATCTCAAGTCTCGAT,0,2993837
ratA_yfjF_predicted,0.125,7,7,CCTCATGCTTCAAGATCCGT,0,3008042
ratA_yfjF_predicted,0.125,7,7,CCTAGGGTAATGATCCTGAT,0,3002734
ratA_yfjF_predicted,0.125,7,7,CCTAGCGCTAAGTGGACCGT,0,3004753
ratA_yfjF_predicted,0.125,7,7,CCTAACTCATAGAGAGGTAA,0,3018270
ratA_yfjF_predicted,0.125,7,7,CCGTGTACGGGAACTCCCTT,0,2992854
ratA_yfjF_predicted,0.125,7,7,CCGTGCTAAAGAGGACTCAC,0,2995705
ratA_yfjF_predicted,0.125,7,7,CCGGGCATGTACAGACCCCG,0,3019846
ratA_yfjF_predicted,0.125,7,7,CCGGAGCTCGTACGCATCAA,0,3011315
ratA_yfjF_predicted,0.125,7,7,CCCTAGATTATAACTCGTCA,0,2994972
ratA_yfjF_predicted,0.125,7,7,CCCGCTTCGCATTCCAGGTT,0,3009878
ratA_yfjF_predicted,0.125,7,7,CCCCAGTGTTCTGTTTCTGA,0,3018681
ratA_yfjF_predicted,0.125,7,7,CCCATAACTCTCTTTGCGAT,0,3006548
ratA_yfjF_predicted,0.125,7,7,CCCACATGAATCATTGAACC,0,3009846
ratA_yfjF_predicted,0.125,7,7,CCATAAAGCCCGACGCACTA,0,2992892
ratA_yfjF_predicted,0.125,7,7,CATTAAGGGATTATGTTGTA,0,2997396
ratA_yfjF_predicted,0.125,7,7,CATGTCCCTTCGATGGATGT,0,2998943
ratA_yfjF_predicted,0.125,7,7,CATGGGGGCGTAACTGGGGA,0,3008307
ratA_yfjF_predicted,0.125,7,7,CATGCGTCGTTGGGGAGGCA,0,3008274
ratA_yfjF_predicted,0.125,7,7,CATGAGATACACCTTCCGAC,0,2992354
ratA_yfjF_predicted,0.125,7,7,CATAACGGCAGATTGATTGG,0,3004180
ratA_yfjF_predicted,0.125,7,7,CAGTTTTCTAAGTAATGCTT,0,3000812
ratA_yfjF_predicted,0.125,7,7,CAGTTAATTGTCTGCGCTCT,0,3007747
ratA_yfjF_predicted,0.125,7,7,CAGTCTAGCCGGAATCCCGT,0,2995319
ratA_yfjF_predicted,0.125,7,7,CAGCCCCGAGACGTATGTTA,0,3005347
ratA_yfjF_predicted,0.125,7,7,CAGAGTGTGAAGCGTGTGGA,0,3013762
ratA_yfjF_predicted,0.125,7,7,CAGACGAGACCGAGGGTTGG,0,3013410
ratA_yfjF_predicted,0.125,7,7,CACTTGGCATCCGTAATGCA,0,3013696
ratA_yfjF_predicted,0.125,7,7,CACTAAGTACCCTAGGCTAA,0,2999965
ratA_yfjF_predicted,0.125,7,7,CACGGAAGTCAGGCTGGATT,0,3010076
ratA_yfjF_predicted,0.125,7,7,CACCTCCTCGAGACCCTTGG,0,3019843
ratA_yfjF_predicted,0.125,7,7,CACCCTGGGAAGCGGATGGT,0,2996370
ratA_yfjF_predicted,0.125,7,7,CACCCTAGGGGCCGTCTCTG,0,3008948
ratA_yfjF_predicted,0.125,7,7,CACACAGGGACATAACGGCT,0,2994824
ratA_yfjF_predicted,0.125,7,7,CACAAAAGAGACGGTCGTTC,0,3003161
ratA_yfjF_predicted,0.125,7,7,CAATCGATGTAGTTGGTATA,0,3014405
ratA_yfjF_predicted,0.125,7,7,CAATCCCCATAATGTGGGTA,0,3016518
ratA_yfjF_predicted,0.125,7,7,CAATCAAATCAAAGCGTTAT,0,3013109
ratA_yfjF_predicted,0.125,7,7,CAATACTTATCCCGCGTTTG,0,2994376
ratA_yfjF_predicted,0.125,7,7,CAAGCTGATGCGAGTCGCGG,0,2993853
ratA_yfjF_predicted,0.125,7,7,CAACGTGCGGCTTCTGAACT,0,3011133
ratA_yfjF_predicted,0.125,7,7,CAACGGGGGCTAAAGAAGTT,0,3020274
ratA_yfjF_predicted,0.125,7,7,CAAAGACCTATTAGGATGCT,0,2997954
ratA_yfjF_predicted,0.125,7,7,ATTTCGGACGGTATGTGTAT,0,3006108
ratA_yfjF_predicted,0.125,7,7,ATTGGTGCTCCAGAGGATCG,0,3005981
ratA_yfjF_predicted,0.125,7,7,ATTGAATGCCAGGGATGAAA,0,2999790
ratA_yfjF_predicted,0.125,7,7,ATTCGAGTATAACAGAGCTT,0,2996710
ratA_yfjF_predicted,0.125,7,7,ATTATGTTTGTATGGCTAGT,0,3011093
ratA_yfjF_predicted,0.125,7,7,ATGTGGACCGCTAACTCTTT,0,2995979
ratA_yfjF_predicted,0.125,7,7,ATGGGGAGAATAGCATAGGC,0,3005909
ratA_yfjF_predicted,0.125,7,7,ATGGCGGCGCCATGTGCCAG,0,3011083
ratA_yfjF_predicted,0.125,7,7,ATGGCAGCAGTGTTTTCCCT,0,3019469
ratA_yfjF_predicted,0.125,7,7,ATGGAGCAAAATCATTATAT,0,3017508
ratA_yfjF_predicted,0.125,7,7,ATGGAAGCTGATGGATACCG,0,2996932
ratA_yfjF_predicted,0.125,7,7,ATGCTTTCGCGCACTGCACA,0,3000381
ratA_yfjF_predicted,0.125,7,7,ATGCCGTAAGGCCTCAATAA,0,3006074
ratA_yfjF_predicted,0.125,7,7,ATCTTAGTACTACGGCTACA,0,2997050
ratA_yfjF_predicted,0.125,7,7,ATCTCATGGTTCTATTATGC,0,2999693
ratA_yfjF_predicted,0.125,7,7,ATCGGTTGCAAACGGCTGCA,0,2993954
ratA_yfjF_predicted,0.125,7,7,ATCCGCACGAGTACGGGACT,0,2995078
ratA_yfjF_predicted,0.125,7,7,ATCCCTCTGCGCAATAACCA,0,3005694
ratA_yfjF_predicted,0.125,7,7,ATCAGGTACTTTAAAGTAAG,0,3018082
ratA_yfjF_predicted,0.125,7,7,ATCAAACCTCGGCACTTTCT,0,2996123
ratA_yfjF_predicted,0.125,7,7,ATATATATTTACGAAAGTAG,0,3001175
ratA_yfjF_predicted,0.125,7,7,ATAGCGTTTCCCTAAGTCCT,0,3000598
ratA_yfjF_predicted,0.125,7,7,ATACTACTCTGTCATGTAGC,0,3002224
ratA_yfjF_predicted,0.125,7,7,ATACCCTTCGTGTGCGGAAA,0,2995028
ratA_yfjF_predicted,0.125,7,7,ATAACGGTTGATCCAACGGT,0,3021669
ratA_yfjF_predicted,0.125,7,7,ATAACCAATGTGGTTACCAG,0,3008149
ratA_yfjF_predicted,0.125,7,7,AGTTGATGGGTCACGTGATG,0,3013926
ratA_yfjF_predicted,0.125,7,7,AGTTCTTCAGAGAAATCACA,0,3001586
ratA_yfjF_predicted,0.125,7,7,AGTGTGCGCCACGGGTTTTA,0,2991875
ratA_yfjF_predicted,0.125,7,7,AGTGCATGGACACATTAGAA,0,3010473
ratA_yfjF_predicted,0.125,7,7,AGTGAGTTGTGTCGGATTCC,0,2992083
ratA_yfjF_predicted,0.125,7,7,AGTATGCACCACGTGTGATT,0,3019588
ratA_yfjF_predicted,0.125,7,7,AGTAATGTGTCAGAAAAGAT,0,3015346
ratA_yfjF_predicted,0.125,7,7,AGGTTGACTCCCAGGATTCT,0,3012770
ratA_yfjF_predicted,0.125,7,7,AGGGTTCGGGGACACACGTT,0,3015861
ratA_yfjF_predicted,0.125,7,7,AGGGGTATACGGTCTAATTA,0,3009140
ratA_yfjF_predicted,0.125,7,7,AGGGGCCATGTGGGATGACT,0,3007442
ratA_yfjF_predicted,0.125,7,7,AGGCTCCAAAGGGTTTAGAC,0,2996023
ratA_yfjF_predicted,0.125,7,7,AGGCGGATCAGAAAATCAAT,0,3004153
ratA_yfjF_predicted,0.125,7,7,AGGCATGGCTCTTAAGATTA,0,2996527
ratA_yfjF_predicted,0.125,7,7,AGGAGTAAGTCTTTACTGTT,0,3008991
ratA_yfjF_predicted,0.125,7,7,AGCTCGTATGGGTTCGCCCG,0,3001944
ratA_yfjF_predicted,0.125,7,7,AGCTCAAATAAGACGAGTAT,0,3004303
ratA_yfjF_predicted,0.125,7,7,AGCGTTTTGCACCCTAACCT,0,2996399
ratA_yfjF_predicted,0.125,7,7,AGCGAAGATGAGGTTTAAAG,0,3018848
ratA_yfjF_predicted,0.125,7,7,AGCCCCACACGTTGCTTTGG,0,3011786
ratA_yfjF_predicted,0.125,7,7,AGCATTAATCGAGATGATAA,0,2998205
ratA_yfjF_predicted,0.125,7,7,AGATCCCGCGAGACATTGAA,0,3005878
ratA_yfjF_predicted,0.125,7,7,AGACGAATTTTCGTTGAGAA,0,3002186
ratA_yfjF_predicted,0.125,7,7,AGAATGCTGGCTAGCTGCAT,0,3005959
ratA_yfjF_predicted,0.125,7,7,AGAATCTGACATCATATGTG,0,3004768
ratA_yfjF_predicted,0.125,7,7,AGAAGCTGGGGAAGTCTGAT,0,3003970
ratA_yfjF_predicted,0.125,7,7,ACTGCACATCCGACACGGCG,0,3020042
ratA_yfjF_predicted,0.125,7,7,ACTGACAGGCCGTGCACGCT,0,3002758
ratA_yfjF_predicted,0.125,7,7,ACTGAAAACCTATGGACTCG,0,3004117
ratA_yfjF_predicted,0.125,7,7,ACTATTAACAGTGTGACTGG,0,2999832
ratA_yfjF_predicted,0.125,7,7,ACTACTCGGGAGAAGCCTAG,0,3005259
ratA_yfjF_predicted,0.125,7,7,ACGTTCAACACGGCTGTTAA,0,3018902
ratA_yfjF_predicted,0.125,7,7,ACGGTCATTGCGGACAAGGG,0,2995452
ratA_yfjF_predicted,0.125,7,7,ACGGGTTAGTAAGGTCCCTG,0,3013724
ratA_yfjF_predicted,0.125,7,7,ACGCTGGGAACCCCGCTGTT,0,2996611
ratA_yfjF_predicted,0.125,7,7,ACGCGGTCCACGCAGACAAG,0,2993606
ratA_yfjF_predicted,0.125,7,7,ACGCGGGTCCGAATTCCAGA,0,2994905
ratA_yfjF_predicted,0.125,7,7,ACGCACCGTACTCATAAAAA,0,3003445
ratA_yfjF_predicted,0.125,7,7,ACCTTAACCCAATGACCTAG,0,3004440
ratA_yfjF_predicted,0.125,7,7,ACCGCCTACTTGGGGGGCGC,0,3002427
ratA_yfjF_predicted,0.125,7,7,ACCAAGCTCTGGAAGGATAT,0,2997383
ratA_yfjF_predicted,0.125,7,7,ACCAAGATTTACTCAATCAT,0,3008793
ratA_yfjF_predicted,0.125,7,7,ACATCCGACGTTACGCAGCT,0,2994208
ratA_yfjF_predicted,0.125,7,7,ACAGTTTTAAGTTAGTCTAC,0,2998443
ratA_yfjF_predicted,0.125,7,7,ACAGTTGGAAACGGACGTTG,0,2996788
ratA_yfjF_predicted,0.125,7,7,ACAGTATGAAACATAGGGAT,0,2995994
ratA_yfjF_predicted,0.125,7,7,ACAGGGCAGACGGATAGGGA,0,3011949
ratA_yfjF_predicted,0.125,7,7,ACAGAAGGTAGAAGTGAGGA,0,2993053
ratA_yfjF_predicted,0.125,7,7,ACAACGCGCTACCCTGCATA,0,2998535
ratA_yfjF_predicted,0.125,7,7,AATTTTCAGCTCCGACTGGA,0,3010815
ratA_yfjF_predicted,0.125,7,7,AATTCAAGTGTAATCCAATA,0,3008389
ratA_yfjF_predicted,0.125,7,7,AATGGTTGTAATCACACTAT,0,3009861
ratA_yfjF_predicted,0.125,7,7,AATGCCACTTGTGCGTATGC,0,3013336
ratA_yfjF_predicted,0.125,7,7,AATGAAGCTAACATCTCGTA,0,3015764
ratA_yfjF_predicted,0.125,7,7,AATCTCCTCGTGAGTGGAAA,0,2994041
ratA_yfjF_predicted,0.125,7,7,AATCTAATCACAATTACGTT,0,2995115
ratA_yfjF_predicted,0.125,7,7,AATATGAGATAGCGATTCAC,0,2995543
ratA_yfjF_predicted,0.125,7,7,AATAGCACCTGGAACCGATT,0,2993524
ratA_yfjF_predicted,0.125,7,7,AAGTCGGCACTCGCTGGGTT,0,3017296
ratA_yfjF_predicted,0.125,7,7,AAGTCAGCAAAGAAAGCCCA,0,3007042
ratA_yfjF_predicted,0.125,7,7,AAGGTGAGATCACCGAATGA,0,3006167
ratA_yfjF_predicted,0.125,7,7,AAGGTCCTGGAGTTCTGTTA,0,3011239
ratA_yfjF_predicted,0.125,7,7,AAGGGATCATCTTTGACTGG,0,2992527
ratA_yfjF_predicted,0.125,7,7,AAGACTTGGGGCTTCCCGCA,0,2997824
ratA_yfjF_predicted,0.125,7,7,AAGACTTGGCCTGCCTGGTC,0,3008537
ratA_yfjF_predicted,0.125,7,7,AAGAATGCCGGTCCGCGGTG,0,3008759
ratA_yfjF_predicted,0.125,7,7,AACGTTAATTACGCCAGATG,0,3007359
ratA_yfjF_predicted,0.125,7,7,AACGTCTTGGTAGCATAGTG,0,3006708
ratA_yfjF_predicted,0.125,7,7,AACGAGATGCCCCCGGATTC,0,3001229
ratA_yfjF_predicted,0.125,7,7,AACGACGTGGACCCATGTTT,0,3005628
ratA_yfjF_predicted,0.125,7,7,AACCTTTCTATGTTCCCGAC,0,3002349
ratA_yfjF_predicted,0.125,7,7,AACACGTAATAGGGAGTCAG,0,3006471
ratA_yfjF_predicted,0.125,7,7,AAATCTCACTTCGCACCGAA,0,3001146
ratA_yfjF_predicted,0.125,7,7,AAATATGGGCATACACTATG,0,3005183
ratA_yfjF_predicted,0.125,7,7,AAAGCTCCCTGTCGATACAC,0,3001722
ratA_yfjF_predicted,0.125,7,7,AAAGCAAACGCCATCTTGAT,0,3019102
ratA_yfjF_predicted,0.125,7,7,AAAGACTACTGTAGTCTAAC,0,2993153
ratA_yfjF_predicted,0.125,7,7,AAACTGCGTAAAATGAGCAA,0,3003180
ratA_yfjF_predicted,0.125,7,7,AAACGTCAACACACCTGCAG,0,2996409
ratA_yfjF_predicted,0.125,7,7,AAACCAGTGACTCGCATGCC,0,2999001
ratA_yfjF_predicted,0.125,7,7,AAACAACAGTGTGGGTCCCT,0,2999891
ratA_yfjF_predicted,0.125,7,7,AAAATGTATGCGCTCGTTTA,0,3008343
ratA_yfjF_predicted,0.125,7,7,AAAAATGGTTGTATTGCGGA,0,3005643
ratA_yfjF_predicted,0.14285714285714285,6,6,TTTTAGTACGTGGTAATGGT,0,3006146
ratA_yfjF_predicted,0.14285714285714285,6,6,TTTTAGCGATATGCAACAGA,0,2994608
ratA_yfjF_predicted,0.14285714285714285,6,6,TTTGTTTTAGACCCGTCTTC,0,3015124
ratA_yfjF_predicted,0.14285714285714285,6,6,TTTGTAAATGACCAGCTGAA,0,3009958
ratA_yfjF_predicted,0.14285714285714285,6,6,TTTGCTGGGCGGCAATGGGT,0,3011329
ratA_yfjF_predicted,0.14285714285714285,6,6,TTTGCTCCACGATTAAGGAG,0,3008846
ratA_yfjF_predicted,0.14285714285714285,6,6,TTTGCCGTCTACACGGAAGC,0,3001426
ratA_yfjF_predicted,0.14285714285714285,6,6,TTTCCGGCGTGAACTTTAAT,0,2996584
ratA_yfjF_predicted,0.14285714285714285,6,6,TTTATAACTCTTCATTTTAC,0,3014347
ratA_yfjF_predicted,0.14285714285714285,6,6,TTTAGTCTGTGTCTTAACCT,0,3004828
ratA_yfjF_predicted,0.14285714285714285,6,6,TTTACGCGCCACTTAGCGTG,0,3009945
ratA_yfjF_predicted,0.14285714285714285,6,6,TTTAACCAGTTTCTATAAAC,0,2995669
ratA_yfjF_predicted,0.14285714285714285,6,6,TTGTTTTTGACTCCCCACTC,0,3021322
ratA_yfjF_predicted,0.14285714285714285,6,6,TTGTGGCTTCTACTTACTAC,0,3019581
ratA_yfjF_predicted,0.14285714285714285,6,6,TTGTGCCCCGGTGCGATTAA,0,3010681
ratA_yfjF_predicted,0.14285714285714285,6,6,TTGGTACACGGCGGGGAATG,0,3020886
ratA_yfjF_predicted,0.14285714285714285,6,6,TTGGCGCTTATGTTAACCCT,0,3016151
ratA_yfjF_predicted,0.14285714285714285,6,6,TTGGATAGCCGTTCTTATAG,0,3003754
ratA_yfjF_predicted,0.14285714285714285,6,6,TTGCCAGGTAATATGTCTTC,0,3004707
ratA_yfjF_predicted,0.14285714285714285,6,6,TTGCACTTTCGGGCAGCAGG,0,3001797
ratA_yfjF_predicted,0.14285714285714285,6,6,TTCTGATAAGTTTGTGCGTG,0,3006163
ratA_yfjF_predicted,0.14285714285714285,6,6,TTCTCTCTGTCTGTTATGGT,0,3012024
ratA_yfjF_predicted,0.14285714285714285,6,6,TTCTAGAGTGTGGTCGTCTG,0,3011205
ratA_yfjF_predicted,0.14285714285714285,6,6,TTCGTTAGCCAGTATGTCTC,0,2993857
ratA_yfjF_predicted,0.14285714285714285,6,6,TTCGTATGGCTACCGTGGAA,0,3006624
ratA_yfjF_predicted,0.14285714285714285,6,6,TTCGTAGTTTACTGAGCGGA,0,2998072
ratA_yfjF_predicted,0.14285714285714285,6,6,TTCGCATGAAGAAAACGGGA,0,2993788
ratA_yfjF_predicted,0.14285714285714285,6,6,TTCCTGGAGGGTCAAACTGT,0,3010467
ratA_yfjF_predicted,0.14285714285714285,6,6,TTCCTCATCAAGTGGACACA,0,2994229
ratA_yfjF_predicted,0.14285714285714285,6,6,TTCCGTTCCTTCCCACCCAC,0,3020752
ratA_yfjF_predicted,0.14285714285714285,6,6,TTCCCGTGTGATTTTCTGGG,0,3013789
ratA_yfjF_predicted,0.14285714285714285,6,6,TTCCATGCTGGGCTGCCGGT,0,2995692
ratA_yfjF_predicted,0.14285714285714285,6,6,TTCCAGCAGGGAACAGGTGC,0,3016588
ratA_yfjF_predicted,0.14285714285714285,6,6,TTCAGCCTGGCAATAGGCCA,0,3017275
ratA_yfjF_predicted,0.14285714285714285,6,6,TTCAGAAACTCCAAGGGCGA,0,3017390
ratA_yfjF_predicted,0.14285714285714285,6,6,TTCAATATTCGCTTACGGTC,0,3003745
ratA_yfjF_predicted,0.14285714285714285,6,6,TTATTGATCTCCCGTACGAC,0,2999194
ratA_yfjF_predicted,0.14285714285714285,6,6,TTATAGCGAGGGTAATAGCG,0,3020618
ratA_yfjF_predicted,0.14285714285714285,6,6,TTACCTCTGCATAACGCGGC,0,2996334
ratA_yfjF_predicted,0.14285714285714285,6,6,TTAAAAAAGTATTGAACTTC,0,2993760
ratA_yfjF_predicted,0.14285714285714285,6,6,TGTTATTTACGACTGACTCG,0,3018534
ratA_yfjF_predicted,0.14285714285714285,6,6,TGTCTGGATCACGTCGAATA,0,3016957
ratA_yfjF_predicted,0.14285714285714285,6,6,TGTCGCGTTCTCTTACAGCT,0,3011790
ratA_yfjF_predicted,0.14285714285714285,6,6,TGTCGAAGCATCAACCCTGG,0,3004509
ratA_yfjF_predicted,0.14285714285714285,6,6,TGTAAGAACGACGGCTTGCA,0,3002253
ratA_yfjF_predicted,0.14285714285714285,6,6,TGGTTATGATAAACACCAGA,0,2997464
ratA_yfjF_predicted,0.14285714285714285,6,6,TGGGGCCTTTGAATTCTACT,0,2993284
ratA_yfjF_predicted,0.14285714285714285,6,6,TGGGACGCGCGCGACAACGA,0,3015503
ratA_yfjF_predicted,0.14285714285714285,6,6,TGGGAAGGTATGCAATAGCA,0,3010151
ratA_yfjF_predicted,0.14285714285714285,6,6,TGGCGTAGCGTAAATCAGGC,0,3015880
ratA_yfjF_predicted,0.14285714285714285,6,6,TGGCCTGCTAACCCTCTTCA,0,3002732
ratA_yfjF_predicted,0.14285714285714285,6,6,TGGCAGACTGTTTCTGGTCT,0,2993268
ratA_yfjF_predicted,0.14285714285714285,6,6,TGGAGGAGAACCGATAGTTT,0,3011352
ratA_yfjF_predicted,0.14285714285714285,6,6,TGCGTTCCGACTGCAGGTTA,0,3012724
ratA_yfjF_predicted,0.14285714285714285,6,6,TGCGTCATCATGACATTAAT,0,3002497
ratA_yfjF_predicted,0.14285714285714285,6,6,TGCGCTAGACTTCAAAGGAG,0,3019097
ratA_yfjF_predicted,0.14285714285714285,6,6,TGCGCACGGCCAGAGGATGA,0,3015139
ratA_yfjF_predicted,0.14285714285714285,6,6,TGCATTGTCACCGACCACTG,0,2995451
ratA_yfjF_predicted,0.14285714285714285,6,6,TGCAGCTACGTCAGTATTAG,0,2995810
ratA_yfjF_predicted,0.14285714285714285,6,6,TGATTCGCGTCTTCTTTCGG,0,2997421
ratA_yfjF_predicted,0.14285714285714285,6,6,TGATGTTAGCGCAGTGTTAT,0,3001839
ratA_yfjF_predicted,0.14285714285714285,6,6,TGATGGCAGTCATCTTGGCG,0,3012439
ratA_yfjF_predicted,0.14285714285714285,6,6,TGATGCTTCAAAGTTCCTGC,0,3014237
ratA_yfjF_predicted,0.14285714285714285,6,6,TGATGCACCTGTCTAGGAAC,0,3014486
ratA_yfjF_predicted,0.14285714285714285,6,6,TGAGTGGGAATTTCCAACGA,0,3007847
ratA_yfjF_predicted,0.14285714285714285,6,6,TGAGGGTCTAGACGCTTCGA,0,3007273
ratA_yfjF_predicted,0.14285714285714285,6,6,TGAGGCTTGGATGTAGCTAC,0,3006526
ratA_yfjF_predicted,0.14285714285714285,6,6,TGACATGATTTAACGACGCT,0,2992439
ratA_yfjF_predicted,0.14285714285714285,6,6,TGACAAGCCGATCTGAAGGG,0,3013436
ratA_yfjF_predicted,0.14285714285714285,6,6,TGAAGTCCCCAGATTTTCGT,0,3007269
ratA_yfjF_predicted,0.14285714285714285,6,6,TGAACACGTGAAGTGTACGA,0,2997221
ratA_yfjF_predicted,0.14285714285714285,6,6,TCTTTTATAAGGTAGCGGGG,0,2995771
ratA_yfjF_predicted,0.14285714285714285,6,6,TCTTTCTTTACGTCAACCCT,0,2993653
ratA_yfjF_predicted,0.14285714285714285,6,6,TCTGTTTTCCCGAAACTATC,0,3005615
ratA_yfjF_predicted,0.14285714285714285,6,6,TCTATATTCTCACCGTAGAG,0,3000142
ratA_yfjF_predicted,0.14285714285714285,6,6,TCGTGTCGATGAACCAGGGT,0,3018932
ratA_yfjF_predicted,0.14285714285714285,6,6,TCGGTAGCGTCATGGGCAAC,0,3017925
ratA_yfjF_predicted,0.14285714285714285,6,6,TCGCTGCGAAACGGGTTAGC,0,3010030
ratA_yfjF_predicted,0.14285714285714285,6,6,TCGACGATCACATCGACAAT,0,3008543
ratA_yfjF_predicted,0.14285714285714285,6,6,TCCTTCATAAAGTATCGTAC,0,3015234
ratA_yfjF_predicted,0.14285714285714285,6,6,TCCTTAACAAGATATGTTTG,0,3008103
ratA_yfjF_predicted,0.14285714285714285,6,6,TCCGTGAGCCAAGAGTCTGT,0,2995881
ratA_yfjF_predicted,0.14285714285714285,6,6,TCCGAAAGGCTAGAAAGCAG,0,2995535
ratA_yfjF_predicted,0.14285714285714285,6,6,TCCCTGTTCGAGCGCGGCTG,0,2994447
ratA_yfjF_predicted,0.14285714285714285,6,6,TCCCAGTAAGTCGGCGGTTG,0,3009801
ratA_yfjF_predicted,0.14285714285714285,6,6,TCATCTTCCAGCCGCCCCCA,0,3002964
ratA_yfjF_predicted,0.14285714285714285,6,6,TCAGAGGCAGCTGCTCATTC,0,3020674
ratA_yfjF_predicted,0.14285714285714285,6,6,TCAGAAGCCTGTCTGCAGCA,0,3010108
ratA_yfjF_predicted,0.14285714285714285,6,6,TCACGTATTAGCAATATCGT,0,3018089
ratA_yfjF_predicted,0.14285714285714285,6,6,TCACGATATGCTCCGTTCGT,0,2991964
ratA_yfjF_predicted,0.14285714285714285,6,6,TCAAGATAAAGGGAACATGA,0,3020433
ratA_yfjF_predicted,0.14285714285714285,6,6,TCAAATATTTTGCCATGATC,0,3005975
ratA_yfjF_predicted,0.14285714285714285,6,6,TATTCAGCTTGCCTTTCAGG,0,3006005
ratA_yfjF_predicted,0.14285714285714285,6,6,TATGGCCAAGTGGTCTTATC,0,3019440
ratA_yfjF_predicted,0.14285714285714285,6,6,TATGGACACTATCTCGCATC,0,3019741
ratA_yfjF_predicted,0.14285714285714285,6,6,TATCTGGCCCGCGTTCTCGA,0,3012155
ratA_yfjF_predicted,0.14285714285714285,6,6,TATCAGTAGTAAGTCGCTCG,0,3020909
ratA_yfjF_predicted,0.14285714285714285,6,6,TATCAGATAACGACTTTTTT,0,2998337
ratA_yfjF_predicted,0.14285714285714285,6,6,TATAGACAGCCCGGCATGGC,0,3011090
ratA_yfjF_predicted,0.14285714285714285,6,6,TAGGCGATCGCGATCCGCTT,0,3012481
ratA_yfjF_predicted,0.14285714285714285,6,6,TAGGAGTACGGCTAAGTCCA,0,3015093
ratA_yfjF_predicted,0.14285714285714285,6,6,TAGGAGGTTTTCGGACAATC,0,3014201
ratA_yfjF_predicted,0.14285714285714285,6,6,TAGCGTGCCCCACGTTCACT,0,3010800
ratA_yfjF_predicted,0.14285714285714285,6,6,TAGCGGAGGTGGTTCGGGCG,0,3007726
ratA_yfjF_predicted,0.14285714285714285,6,6,TAGCCCCGATGGGTTCTCAG,0,2995434
ratA_yfjF_predicted,0.14285714285714285,6,6,TAGCATGGTGGCCTATTCTT,0,3001100
ratA_yfjF_predicted,0.14285714285714285,6,6,TAGATTGGACCCCCTGCGTA,0,3014120
ratA_yfjF_predicted,0.14285714285714285,6,6,TAGATGTGACCCGACATCGA,0,3000219
ratA_yfjF_predicted,0.14285714285714285,6,6,TAGATCGTACTGTGACAAGT,0,3016236
ratA_yfjF_predicted,0.14285714285714285,6,6,TACTTATCAATAATTCTCTT,0,3013067
ratA_yfjF_predicted,0.14285714285714285,6,6,TACTTACGCGTAGGACATGT,0,3000855
ratA_yfjF_predicted,0.14285714285714285,6,6,TACTCAATACTCCGAGTAAC,0,3019253
ratA_yfjF_predicted,0.14285714285714285,6,6,TACGACAGCTCTCTTTCCCG,0,3019991
ratA_yfjF_predicted,0.14285714285714285,6,6,TACCTGATGCTCAAAATCGA,0,3012852
ratA_yfjF_predicted,0.14285714285714285,6,6,TACCCGCGCAGGACTGTCTG,0,3006013
ratA_yfjF_predicted,0.14285714285714285,6,6,TACATGGCTCTGAACTCTAG,0,3004368
ratA_yfjF_predicted,0.14285714285714285,6,6,TACATCGGGATTACCGGCAG,0,3007938
ratA_yfjF_predicted,0.14285714285714285,6,6,TACAGGTAGTAGTCATGAAT,0,3019402
ratA_yfjF_predicted,0.14285714285714285,6,6,TAATCCCCCGCGCTGTATGT,0,2997182
ratA_yfjF_predicted,0.14285714285714285,6,6,TAACTTCTTTTCAGGACCCT,0,3000550
ratA_yfjF_predicted,0.14285714285714285,6,6,TAACTGATCGCCGGCTCGAT,0,3000689
ratA_yfjF_predicted,0.14285714285714285,6,6,GTTGTTAACTCGCCCGGCAT,0,3007400
ratA_yfjF_predicted,0.14285714285714285,6,6,GTTATATCTCACCCTGGGTC,0,3009311
ratA_yfjF_predicted,0.14285714285714285,6,6,GTTAGCGAGAATATTGCGAG,0,3011661
ratA_yfjF_predicted,0.14285714285714285,6,6,GTGTTTTACTTACGTTTGGG,0,3021383
ratA_yfjF_predicted,0.14285714285714285,6,6,GTGTGTGTACTCTCATATGC,0,3006336
ratA_yfjF_predicted,0.14285714285714285,6,6,GTGTCACGAACGGGCTATAT,0,2999508
ratA_yfjF_predicted,0.14285714285714285,6,6,GTGGGTGTCCAGCGTGCACT,0,3011696
ratA_yfjF_predicted,0.14285714285714285,6,6,GTGGCATGTCTGCCGACCAG,0,3016794
ratA_yfjF_predicted,0.14285714285714285,6,6,GTGGCAGGCACTTAGATTGA,0,2995480
ratA_yfjF_predicted,0.14285714285714285,6,6,GTGGAGTAGCTTTGTTTCCA,0,3008969
ratA_yfjF_predicted,0.14285714285714285,6,6,GTGCTAGGCGTCTTGTCCAT,0,3009479
ratA_yfjF_predicted,0.14285714285714285,6,6,GTGCGGCCATACAAACTCAA,0,2999148
ratA_yfjF_predicted,0.14285714285714285,6,6,GTGCGAGTTAAGCGAGAGTC,0,3008540
ratA_yfjF_predicted,0.14285714285714285,6,6,GTGCACTTGAACGACTCGTG,0,3003303
ratA_yfjF_predicted,0.14285714285714285,6,6,GTGAGTAGACGCTACCTTCT,0,3017313
ratA_yfjF_predicted,0.14285714285714285,6,6,GTCTTCGGAGCCGGTGCCTG,0,3011792
ratA_yfjF_predicted,0.14285714285714285,6,6,GTCGTAGCAGACGTGGAGCT,0,2994257
ratA_yfjF_predicted,0.14285714285714285,6,6,GTCGAGTTGGGGGGCGGCCC,0,2994611
ratA_yfjF_predicted,0.14285714285714285,6,6,GTCGAGTATAAAACGTCCTA,0,3007179
ratA_yfjF_predicted,0.14285714285714285,6,6,GTCGAGATAGATCTCAGACT,0,2993799
ratA_yfjF_predicted,0.14285714285714285,6,6,GTCCTAAGAAGGCGGAAGTT,0,2998755
ratA_yfjF_predicted,0.14285714285714285,6,6,GTCAATGCTAGTTTATCTCA,0,3005910
ratA_yfjF_predicted,0.14285714285714285,6,6,GTATGGTGCGCCTGATCTTA,0,3006431
ratA_yfjF_predicted,0.14285714285714285,6,6,GTATCCTATGACCGATCCTG,0,3010214
ratA_yfjF_predicted,0.14285714285714285,6,6,GTATCAATGGATCAGTGCAA,0,3002508
ratA_yfjF_predicted,0.14285714285714285,6,6,GTATATTAAGGACTGACTCC,0,3000500
ratA_yfjF_predicted,0.14285714285714285,6,6,GTATATATGGCACGGCCAAA,0,2996127
ratA_yfjF_predicted,0.14285714285714285,6,6,GTATACTTATTACGGACTCA,0,3007392
ratA_yfjF_predicted,0.14285714285714285,6,6,GTAGGGCCGCCCGGCGTTAG,0,2992152
ratA_yfjF_predicted,0.14285714285714285,6,6,GTACACGAAAAGAAACGGGT,0,3010089
ratA_yfjF_predicted,0.14285714285714285,6,6,GTAATTTTTAGGGGTCCTAT,0,3015755
ratA_yfjF_predicted,0.14285714285714285,6,6,GTAAGGACGGTGCAGAATGT,0,2999932
ratA_yfjF_predicted,0.14285714285714285,6,6,GGTTTTCAAGGATGCCGCCT,0,3019727
ratA_yfjF_predicted,0.14285714285714285,6,6,GGTTACTCATGGGATTTCAC,0,3002593
ratA_yfjF_predicted,0.14285714285714285,6,6,GGTTACGCGTCTTGCTAGCG,0,3008168
ratA_yfjF_predicted,0.14285714285714285,6,6,GGTGCGGACTATCACGCTCT,0,2999253
ratA_yfjF_predicted,0.14285714285714285,6,6,GGTGCAGCTAATCGCGATCA,0,3006120
ratA_yfjF_predicted,0.14285714285714285,6,6,GGTCTCTGCAGGTAGTCGAT,0,2991905
ratA_yfjF_predicted,0.14285714285714285,6,6,GGTCATCCAGGTGCTGAGTG,0,3017417
ratA_yfjF_predicted,0.14285714285714285,6,6,GGTAAGCTGTCAGTCGCTGT,0,3004018
ratA_yfjF_predicted,0.14285714285714285,6,6,GGGGTTCGCCTCGGCTAATT,0,3000130
ratA_yfjF_predicted,0.14285714285714285,6,6,GGGGTCCCCCGACCAATTTT,0,3005058
ratA_yfjF_predicted,0.14285714285714285,6,6,GGGGGTTGGCGCTAGTAATA,0,3004887
ratA_yfjF_predicted,0.14285714285714285,6,6,GGGGCGTGCCAGACTACCAA,0,2996349
ratA_yfjF_predicted,0.14285714285714285,6,6,GGGCTCGGGGCACTGTTTAG,0,3010624
ratA_yfjF_predicted,0.14285714285714285,6,6,GGGCGTCTTAGACCACTTCG,0,2991764
ratA_yfjF_predicted,0.14285714285714285,6,6,GGGCGACTTTCTCGTCGTCA,0,2995063
ratA_yfjF_predicted,0.14285714285714285,6,6,GGGCGACGGCAAGAAATAGT,0,3012389
ratA_yfjF_predicted,0.14285714285714285,6,6,GGGCCCTTTGTAGTCAGAAG,0,3021325
ratA_yfjF_predicted,0.14285714285714285,6,6,GGGATGGGCTAAAGTCAGTG,0,3019309
ratA_yfjF_predicted,0.14285714285714285,6,6,GGGATACAGCGATCCAAGCC,0,3003843
ratA_yfjF_predicted,0.14285714285714285,6,6,GGGAATGGTTGTGATTGAGA,0,3013324
ratA_yfjF_predicted,0.14285714285714285,6,6,GGCTATGTAGGTACAACACT,0,3015614
ratA_yfjF_predicted,0.14285714285714285,6,6,GGCGTTATAACCGTTTCTAA,0,3007479
ratA_yfjF_predicted,0.14285714285714285,6,6,GGCGCTTTACATTGCCTCGG,0,3000973
ratA_yfjF_predicted,0.14285714285714285,6,6,GGCACCAAAGCAGTCCAGAA,0,3005706
ratA_yfjF_predicted,0.14285714285714285,6,6,GGATGTGGTTGCCCGTCAAA,0,2996208
ratA_yfjF_predicted,0.14285714285714285,6,6,GGATGTAGAGTTGCACTTCA,0,3017877
ratA_yfjF_predicted,0.14285714285714285,6,6,GGATCAGTTAAACTTCGCTT,0,2998885
ratA_yfjF_predicted,0.14285714285714285,6,6,GGAGTCCATGCGACACTGGT,0,3012386
ratA_yfjF_predicted,0.14285714285714285,6,6,GGAGTCAACAGAGGGTAATT,0,3020697
ratA_yfjF_predicted,0.14285714285714285,6,6,GGAGGTTCGGACGTGGAGTC,0,3004285
ratA_yfjF_predicted,0.14285714285714285,6,6,GGAATGGGTCTCGGAGTAAC,0,3013244
ratA_yfjF_predicted,0.14285714285714285,6,6,GGAACGATCGTGTACGCATC,0,2999711
ratA_yfjF_predicted,0.14285714285714285,6,6,GCTTAGGCACGGAAGCACGT,0,3010421
ratA_yfjF_predicted,0.14285714285714285,6,6,GCTCGTACCCCTGTGTCTCG,0,3008101
ratA_yfjF_predicted,0.14285714285714285,6,6,GCTCCCGGCTACACTTTAGA,0,3014762
ratA_yfjF_predicted,0.14285714285714285,6,6,GCGTTTGAATCCCTGTTTGG,0,2999362
ratA_yfjF_predicted,0.14285714285714285,6,6,GCGGTTTATGAACAGACCCG,0,3000401
ratA_yfjF_predicted,0.14285714285714285,6,6,GCGGCGGGTTATCGGGAATA,0,3016536
ratA_yfjF_predicted,0.14285714285714285,6,6,GCGCTGCTTCAGTCAACCCC,0,3018278
ratA_yfjF_predicted,0.14285714285714285,6,6,GCGCGATTATGAACAGACGG,0,3000591
ratA_yfjF_predicted,0.14285714285714285,6,6,GCGCAGTCCTTGTGCATGTA,0,2993697
ratA_yfjF_predicted,0.14285714285714285,6,6,GCGAACGAAGGTTCTTACCA,0,3011973
ratA_yfjF_predicted,0.14285714285714285,6,6,GCCTGGTTGGAATAAGGGGT,0,3008180
ratA_yfjF_predicted,0.14285714285714285,6,6,GCCTAGATGGACGTGATAAC,0,3017529
ratA_yfjF_predicted,0.14285714285714285,6,6,GCCGTAGCACCTCATTACTC,0,3017363
ratA_yfjF_predicted,0.14285714285714285,6,6,GCCCGTCGCAATTCCTTGAA,0,3004662
ratA_yfjF_predicted,0.14285714285714285,6,6,GCCCCAGAATGAGACAATAA,0,3007350
ratA_yfjF_predicted,0.14285714285714285,6,6,GCCAGCGCCGCGCGCCATTG,0,3003499
ratA_yfjF_predicted,0.14285714285714285,6,6,GCCACGGTAAGGTCAGTCGT,0,2999181
ratA_yfjF_predicted,0.14285714285714285,6,6,GCCAACAAGTGGACATCGAG,0,3011356
ratA_yfjF_predicted,0.14285714285714285,6,6,GCAGGGTGATACATAAAGGA,0,3009018
ratA_yfjF_predicted,0.14285714285714285,6,6,GCACGCGAAAGTATACTCAG,0,3017162
ratA_yfjF_predicted,0.14285714285714285,6,6,GCAATGTGAAGTGATCCTTA,0,3007188
ratA_yfjF_predicted,0.14285714285714285,6,6,GCAAAGTTGCGTTGAAATTG,0,3006527
ratA_yfjF_predicted,0.14285714285714285,6,6,GATTTTGGCTTCAGCAAGCT,0,2992980
ratA_yfjF_predicted,0.14285714285714285,6,6,GATGTCGGAGCGCCTGTTTA,0,2998844
ratA_yfjF_predicted,0.14285714285714285,6,6,GATGACTTTCAAACCGTGTC,0,3020149
ratA_yfjF_predicted,0.14285714285714285,6,6,GATGACCGGAGTGTCGGATA,0,3018160
ratA_yfjF_predicted,0.14285714285714285,6,6,GATCTCCACGTGTAAGTCTT,0,3008843
ratA_yfjF_predicted,0.14285714285714285,6,6,GATCCCAGGTGACTCGCTAC,0,3001002
ratA_yfjF_predicted,0.14285714285714285,6,6,GATATTGATGAACTGGACCC,0,3010974
ratA_yfjF_predicted,0.14285714285714285,6,6,GATAGGAGTATACGAGTAGG,0,2995236
ratA_yfjF_predicted,0.14285714285714285,6,6,GATACTAACCGCACTTTCCG,0,3021716
ratA_yfjF_predicted,0.14285714285714285,6,6,GAGTGGCCATTGTACTCCGC,0,3013023
ratA_yfjF_predicted,0.14285714285714285,6,6,GAGGACAGAGCATTACACGG,0,2998064
ratA_yfjF_predicted,0.14285714285714285,6,6,GAGATACTCATGTGAGGGAG,0,2992749
ratA_yfjF_predicted,0.14285714285714285,6,6,GACTTCAAACAGCAAAGCCG,0,2996332
ratA_yfjF_predicted,0.14285714285714285,6,6,GACTGTAATCTATTACCCGT,0,2998940
ratA_yfjF_predicted,0.14285714285714285,6,6,GACTCAGAAGTGTAGTCGGA,0,3001182
ratA_yfjF_predicted,0.14285714285714285,6,6,GACGGCAAAGGTCACAATTC,0,3012304
ratA_yfjF_predicted,0.14285714285714285,6,6,GACCGCCCTGTGTGGCTTCG,0,3002254
ratA_yfjF_predicted,0.14285714285714285,6,6,GACACCTTGGGCCAGGTGAG,0,3000534
ratA_yfjF_predicted,0.14285714285714285,6,6,GACAAGGCGTTCCCTGAGCT,0,2996583
ratA_yfjF_predicted,0.14285714285714285,6,6,GAATGCGACGACGGCCAGGA,0,3007881
ratA_yfjF_predicted,0.14285714285714285,6,6,GAATAGAAGAACACATGAGG,0,2994744
ratA_yfjF_predicted,0.14285714285714285,6,6,GAAGATGTGGAACTCGGGGT,0,3011374
ratA_yfjF_predicted,0.14285714285714285,6,6,GAAGAACTCGTTATGCTTCG,0,2998811
ratA_yfjF_predicted,0.14285714285714285,6,6,GAACGGCGATCGCTTCAGTA,0,3000019
ratA_yfjF_predicted,0.14285714285714285,6,6,GAACGCAAGGTTGGTACTTC,0,3016532
ratA_yfjF_predicted,0.14285714285714285,6,6,GAACCATTTAGGTCGCTTAA,0,3014844
ratA_yfjF_predicted,0.14285714285714285,6,6,GAAATCATCTTATCCAGAGT,0,3012026
ratA_yfjF_predicted,0.14285714285714285,6,6,GAAAAGATTCCCAACTCAAA,0,3001212
ratA_yfjF_predicted,0.14285714285714285,6,6,CTTTTACTATTCCCCCAAAG,0,3015979
ratA_yfjF_predicted,0.14285714285714285,6,6,CTTTCAGCTAATCGATATAC,0,2999517
ratA_yfjF_predicted,0.14285714285714285,6,6,CTTTATTCACCTTCGAGCTG,0,2999254
ratA_yfjF_predicted,0.14285714285714285,6,6,CTTGTTTAGGTAATTGTGCA,0,3001091
ratA_yfjF_predicted,0.14285714285714285,6,6,CTTGCAGACATGTTCTAAGA,0,3005857
ratA_yfjF_predicted,0.14285714285714285,6,6,CTTCGACCCAGAGGGGAGTC,0,3019055
ratA_yfjF_predicted,0.14285714285714285,6,6,CTGTAGTTTCGCGCCGGTCC,0,3003254
ratA_yfjF_predicted,0.14285714285714285,6,6,CTGGCGCCCAATGCCCCTAG,0,3001979
ratA_yfjF_predicted,0.14285714285714285,6,6,CTGCTGTCGCGTACAAGGAT,0,2999906
ratA_yfjF_predicted,0.14285714285714285,6,6,CTGCGTCGGCCAGTGGCCGT,0,3001316
ratA_yfjF_predicted,0.14285714285714285,6,6,CTGCAAACAGGTGGGCAGTA,0,3020391
ratA_yfjF_predicted,0.14285714285714285,6,6,CTCTTCGAGAGTACTTTTTT,0,3004402
ratA_yfjF_predicted,0.14285714285714285,6,6,CTCTTCATGAGCTGGTCGAG,0,3010797
ratA_yfjF_predicted,0.14285714285714285,6,6,CTCTTCAGATACGGGAGTAA,0,2995922
ratA_yfjF_predicted,0.14285714285714285,6,6,CTCTGTTTACAGTTATGTGG,0,3013409
ratA_yfjF_predicted,0.14285714285714285,6,6,CTCGTGGGAGTGGCGACCTA,0,3014143
ratA_yfjF_predicted,0.14285714285714285,6,6,CTCGTAACCTTACCTCCGTG,0,3012403
ratA_yfjF_predicted,0.14285714285714285,6,6,CTCGGTGCGCGGGGGACAGT,0,3019911
ratA_yfjF_predicted,0.14285714285714285,6,6,CTCGCCTAAAGGCTTGTCAC,0,3002707
ratA_yfjF_predicted,0.14285714285714285,6,6,CTCGCACGTGCTCATTTACC,0,2992611
ratA_yfjF_predicted,0.14285714285714285,6,6,CTCCGTGGGCCGGTGCGTTC,0,3006610
ratA_yfjF_predicted,0.14285714285714285,6,6,CTCCCGTTGGGTAACAAGTA,0,2995874
ratA_yfjF_predicted,0.14285714285714285,6,6,CTCATTACCACGTAAGCCTG,0,2995992
ratA_yfjF_predicted,0.14285714285714285,6,6,CTCAACAGTAGGGCTTCTCA,0,2999697
ratA_yfjF_predicted,0.14285714285714285,6,6,CTCAACAACCAACAGCTGAG,0,2996151
ratA_yfjF_predicted,0.14285714285714285,6,6,CTCAAACTCTCATCGGATCT,0,3002794
ratA_yfjF_predicted,0.14285714285714285,6,6,CTATTCCATTCGAGGCTTGA,0,3020186
ratA_yfjF_predicted,0.14285714285714285,6,6,CTATCAGCATTGCGTAGCTG,0,3020539
ratA_yfjF_predicted,0.14285714285714285,6,6,CTAGTTTCTCATCGGATACC,0,3014492
ratA_yfjF_predicted,0.14285714285714285,6,6,CTAGGGCTACCGCGTTGTTT,0,3009277
ratA_yfjF_predicted,0.14285714285714285,6,6,CTAGCTTGATTCGAAAGGGA,0,2994527
ratA_yfjF_predicted,0.14285714285714285,6,6,CTACCCTTGACGGGTTAGGA,0,2994654
ratA_yfjF_predicted,0.14285714285714285,6,6,CTACCCGTAGAAACTGCACT,0,3020518
ratA_yfjF_predicted,0.14285714285714285,6,6,CTAACGTGTTTGTGGCCACT,0,2993633
ratA_yfjF_predicted,0.14285714285714285,6,6,CTAAAAGGGGAACATACGAA,0,2997116
ratA_yfjF_predicted,0.14285714285714285,6,6,CGTTCCCACTTTAATCCAAA,0,3005224
ratA_yfjF_predicted,0.14285714285714285,6,6,CGTTACCCCAATGTATTCAT,0,3000463
ratA_yfjF_predicted,0.14285714285714285,6,6,CGTGTTGGGTTCTGGCCTCT,0,3013682
ratA_yfjF_predicted,0.14285714285714285,6,6,CGTGTTGCACATTGTTTTCA,0,2998958
ratA_yfjF_predicted,0.14285714285714285,6,6,CGTGTTAGATTTACCACACT,0,3014969
ratA_yfjF_predicted,0.14285714285714285,6,6,CGTGGTATAGATCGTGACTT,0,3005436
ratA_yfjF_predicted,0.14285714285714285,6,6,CGTGCCTATCCGACATGTAC,0,2994171
ratA_yfjF_predicted,0.14285714285714285,6,6,CGTGAAAACATCCCTGCTTG,0,3000495
ratA_yfjF_predicted,0.14285714285714285,6,6,CGTCTGGAGCTCTCCAATTC,0,3007048
ratA_yfjF_predicted,0.14285714285714285,6,6,CGTATGTATCGATCTGGTTT,0,2996772
ratA_yfjF_predicted,0.14285714285714285,6,6,CGTAGGAACGCAGCCTTAAA,0,3019945
ratA_yfjF_predicted,0.14285714285714285,6,6,CGTAAAATTTCTAAGGCGTA,0,3009567
ratA_yfjF_predicted,0.14285714285714285,6,6,CGGTTAGGAACAAAACTCTG,0,3012415
ratA_yfjF_predicted,0.14285714285714285,6,6,CGGTGAGAGGATAAGGGGTG,0,2992969
ratA_yfjF_predicted,0.14285714285714285,6,6,CGGTCGTGTTAGGTTTCTAT,0,3019380
ratA_yfjF_predicted,0.14285714285714285,6,6,CGGTCGTGGGTTTAGTCCCC,0,3021743
ratA_yfjF_predicted,0.14285714285714285,6,6,CGGGTTACCCCCCGTTAGAG,0,2997920
ratA_yfjF_predicted,0.14285714285714285,6,6,CGGGGAAACTTTACTGCCAA,0,3012751
ratA_yfjF_predicted,0.14285714285714285,6,6,CGGGAACGCGGGACCGGGAT,0,3016591
ratA_yfjF_predicted,0.14285714285714285,6,6,CGGCCGGTTGGCAGAAACGT,0,3002475
ratA_yfjF_predicted,0.14285714285714285,6,6,CGGCAGCATGATATTTAGAA,0,3006964
ratA_yfjF_predicted,0.14285714285714285,6,6,CGGAGTTTAGCCAGTAAAGA,0,2999847
ratA_yfjF_predicted,0.14285714285714285,6,6,CGCTGTCAGGCCCAGGCCAG,0,3003840
ratA_yfjF_predicted,0.14285714285714285,6,6,CGCGGTGGTCCGCCTTTAGA,0,3011323
ratA_yfjF_predicted,0.14285714285714285,6,6,CGCGACACGGGGGTTGATTG,0,3007075
ratA_yfjF_predicted,0.14285714285714285,6,6,CGCATGTAGTCCCGGTTCCC,0,2993676
ratA_yfjF_predicted,0.14285714285714285,6,6,CGCATAAGCGATCCAGCGCA,0,3010358
ratA_yfjF_predicted,0.14285714285714285,6,6,CGCAGCTGATACCAAGGACA,0,3002849
ratA_yfjF_predicted,0.14285714285714285,6,6,CGCACGTGTATTTATCAAAA,0,2995722
ratA_yfjF_predicted,0.14285714285714285,6,6,CGCAAAGAAGGTTTTCTGCA,0,3002207
ratA_yfjF_predicted,0.14285714285714285,6,6,CGATGGTTTCTCGAGTGGCA,0,3017827
ratA_yfjF_predicted,0.14285714285714285,6,6,CGATAAGGGTTATGATCACA,0,3019845
ratA_yfjF_predicted,0.14285714285714285,6,6,CGAGTAGCGAGATAATTTTT,0,2996653
ratA_yfjF_predicted,0.14285714285714285,6,6,CGAGAAGAATATTCTAGGAC,0,3010205
ratA_yfjF_predicted,0.14285714285714285,6,6,CGACCAACCTTCGAATGGTG,0,3019495
ratA_yfjF_predicted,0.14285714285714285,6,6,CGAATAAGTGCTGATGTACA,0,3012344
ratA_yfjF_predicted,0.14285714285714285,6,6,CCTGCGTTGAAGCGACTCGA,0,3001120
ratA_yfjF_predicted,0.14285714285714285,6,6,CCTAGGGTATGCCACTGAGG,0,3015049
ratA_yfjF_predicted,0.14285714285714285,6,6,CCTAGCATATGCTGAATACC,0,2995787
ratA_yfjF_predicted,0.14285714285714285,6,6,CCGTCATTCAGGTGCCCGCA,0,3013364
ratA_yfjF_predicted,0.14285714285714285,6,6,CCGTACACTTAGTGTAGCTG,0,3007345
ratA_yfjF_predicted,0.14285714285714285,6,6,CCGGGTTTGCTCAACCGGCA,0,3005029
ratA_yfjF_predicted,0.14285714285714285,6,6,CCGGCGCGGAACTTCCTGCA,0,3011536
ratA_yfjF_predicted,0.14285714285714285,6,6,CCGGCAGCTTGTAGCGTTGG,0,3005160
ratA_yfjF_predicted,0.14285714285714285,6,6,CCGCCTATGAAGCATGCTAT,0,3000388
ratA_yfjF_predicted,0.14285714285714285,6,6,CCGATCCAGGTCTCAAGGCT,0,3001290
ratA_yfjF_predicted,0.14285714285714285,6,6,CCGAGACTAGGCATCGTTTC,0,3017721
ratA_yfjF_predicted,0.14285714285714285,6,6,CCCTGGAGTCGGCCAGACAC,0,3002706
ratA_yfjF_predicted,0.14285714285714285,6,6,CCCGGGGACACGGCGAGTCA,0,2994933
ratA_yfjF_predicted,0.14285714285714285,6,6,CCCGGATTGGTGGGTATAAC,0,3020073
ratA_yfjF_predicted,0.14285714285714285,6,6,CCCGGACGTGGTGTTATATA,0,2997222
ratA_yfjF_predicted,0.14285714285714285,6,6,CCCGCTGCAATGTGTTTCAC,0,2997209
ratA_yfjF_predicted,0.14285714285714285,6,6,CCCCGACCTCTATGGAGTAG,0,3009296
ratA_yfjF_predicted,0.14285714285714285,6,6,CCCAGTACATATTGACTGGC,0,3015949
ratA_yfjF_predicted,0.14285714285714285,6,6,CCCAAAAGTCGTCTAGGCCG,0,3003916
ratA_yfjF_predicted,0.14285714285714285,6,6,CCAGGGGACCTGGATAATAT,0,3002156
ratA_yfjF_predicted,0.14285714285714285,6,6,CCAGGCTCTCAGTTAAATAT,0,2999422
ratA_yfjF_predicted,0.14285714285714285,6,6,CCAATGTTCCCGATACATAT,0,3020093
ratA_yfjF_predicted,0.14285714285714285,6,6,CCAATGTAATCGGAGGGTGA,0,3003109
ratA_yfjF_predicted,0.14285714285714285,6,6,CCAATGGCCTGACCGCGACG,0,3002169
ratA_yfjF_predicted,0.14285714285714285,6,6,CCAAGAGTTAGAGGGGTTCA,0,3017704
ratA_yfjF_predicted,0.14285714285714285,6,6,CCAACCCGGCGATCCGGGTT,0,3002261
ratA_yfjF_predicted,0.14285714285714285,6,6,CCAAATCTGTCGGTCTTGTG,0,3004432
ratA_yfjF_predicted,0.14285714285714285,6,6,CATTTTAGTCAAGGGTGCAG,0,3012816
ratA_yfjF_predicted,0.14285714285714285,6,6,CATTTGTAGCCCCAAATTCC,0,3015809
ratA_yfjF_predicted,0.14285714285714285,6,6,CATTACGTCCGATGCAGGTT,0,2997694
ratA_yfjF_predicted,0.14285714285714285,6,6,CATGCCTTAAACCGCTTCTA,0,2996721
ratA_yfjF_predicted,0.14285714285714285,6,6,CATGCCACACGAGGGGGTCG,0,3016943
ratA_yfjF_predicted,0.14285714285714285,6,6,CATGAACGTCACAATGTCGA,0,2995015
ratA_yfjF_predicted,0.14285714285714285,6,6,CATCTTGGGAATTAGGTTCC,0,2996233
ratA_yfjF_predicted,0.14285714285714285,6,6,CATCGCAAATTTTGTTGGCG,0,3000193
ratA_yfjF_predicted,0.14285714285714285,6,6,CAGTTTTCCCACAACGCGCA,0,3014569
ratA_yfjF_predicted,0.14285714285714285,6,6,CAGTTGTCTCGCCTCGAGTA,0,2996646
ratA_yfjF_predicted,0.14285714285714285,6,6,CAGTTAGGAACGGCTGTCTA,0,3011078
ratA_yfjF_predicted,0.14285714285714285,6,6,CAGTCAGATAGCGCCCACTG,0,3010279
ratA_yfjF_predicted,0.14285714285714285,6,6,CAGTCAAAGCTCCGAACTCG,0,2996795
ratA_yfjF_predicted,0.14285714285714285,6,6,CAGGTCTCGATACTGACGTT,0,3020340
ratA_yfjF_predicted,0.14285714285714285,6,6,CAGGACTGCCGCAGCGGGTG,0,3003699
ratA_yfjF_predicted,0.14285714285714285,6,6,CAGGACACCGGTTAGCGACA,0,2994807
ratA_yfjF_predicted,0.14285714285714285,6,6,CAGCTGGAGGTGCGTCGTTA,0,2995375
ratA_yfjF_predicted,0.14285714285714285,6,6,CAGCGGCATTATAGTATAAT,0,3000981
ratA_yfjF_predicted,0.14285714285714285,6,6,CAGCAGGGATGTTAGGATGT,0,3005935
ratA_yfjF_predicted,0.14285714285714285,6,6,CAGCAGCGTCTGCGTGGCGT,0,2996076
ratA_yfjF_predicted,0.14285714285714285,6,6,CAGATAGTGTGTAAATGAAG,0,3006801
ratA_yfjF_predicted,0.14285714285714285,6,6,CAGAATGAAAACCGGTCGTG,0,3009317
ratA_yfjF_predicted,0.14285714285714285,6,6,CACTGCATTGAAGCAATGCG,0,3017949
ratA_yfjF_predicted,0.14285714285714285,6,6,CACGTTCCGGATCGCTATGA,0,3009908
ratA_yfjF_predicted,0.14285714285714285,6,6,CACGGTAAGCGAGAGTAGAT,0,3020667
ratA_yfjF_predicted,0.14285714285714285,6,6,CACGGGTTCAGACAACATGC,0,3010394
ratA_yfjF_predicted,0.14285714285714285,6,6,CACGGGTCGCAACATTAAAT,0,2998983
ratA_yfjF_predicted,0.14285714285714285,6,6,CACCCAATGCTCGCCTCACA,0,3014541
ratA_yfjF_predicted,0.14285714285714285,6,6,CACACTAGACAGATGTAAGA,0,3002099
ratA_yfjF_predicted,0.14285714285714285,6,6,CAATTTTCATAGATTCATCT,0,3000431
ratA_yfjF_predicted,0.14285714285714285,6,6,CAATTGGGCTATTGTCCAAG,0,2997543
ratA_yfjF_predicted,0.14285714285714285,6,6,CAATTGCGGCTAGAGATATA,0,3006628
ratA_yfjF_predicted,0.14285714285714285,6,6,CAATTAGGAGCGAACCCTAG,0,3017843
ratA_yfjF_predicted,0.14285714285714285,6,6,CAATGCACGACGGAGTAGGA,0,3010152
ratA_yfjF_predicted,0.14285714285714285,6,6,CAATAGGGGTTTAATACCTG,0,3012376
ratA_yfjF_predicted,0.14285714285714285,6,6,CAAGGTAGGATTCGTCAATG,0,3009710
ratA_yfjF_predicted,0.14285714285714285,6,6,CAAGGCATTCGAAAAGTTCA,0,3010245
ratA_yfjF_predicted,0.14285714285714285,6,6,ATTTTTAATCGGCGCAATGA,0,3008896
ratA_yfjF_predicted,0.14285714285714285,6,6,ATTTCGAGCCACATTTTCCT,0,3011251
ratA_yfjF_predicted,0.14285714285714285,6,6,ATTCTTCAAAATCTCGGTGA,0,3003835
ratA_yfjF_predicted,0.14285714285714285,6,6,ATTCGTAATCCGAACCGGTC,0,3001217
ratA_yfjF_predicted,0.14285714285714285,6,6,ATTCCGATCAAGGCCGATGA,0,3018701
ratA_yfjF_predicted,0.14285714285714285,6,6,ATTCAAGACACACGTCCTAG,0,3004367
ratA_yfjF_predicted,0.14285714285714285,6,6,ATTATGGCGCCACTCGGCGA,0,2999117
ratA_yfjF_predicted,0.14285714285714285,6,6,ATTACCCATATAAAGCATAT,0,3010176
ratA_yfjF_predicted,0.14285714285714285,6,6,ATTACAGCAAGGGATCCGTC,0,2999457
ratA_yfjF_predicted,0.14285714285714285,6,6,ATTACACCGCGCACCGTCGG,0,2999425
ratA_yfjF_predicted,0.14285714285714285,6,6,ATTAACTAAATGGGGGAGAT,0,2991958
ratA_yfjF_predicted,0.14285714285714285,6,6,ATGTGACGCTCCGAAGAGTT,0,3011017
ratA_yfjF_predicted,0.14285714285714285,6,6,ATGTACCCTTGTCGTGCCAT,0,3003940
ratA_yfjF_predicted,0.14285714285714285,6,6,ATGTAATAAGCCTGTCTCGA,0,3021381
ratA_yfjF_predicted,0.14285714285714285,6,6,ATGGGAGAGCCAGGTAATAG,0,3015830
ratA_yfjF_predicted,0.14285714285714285,6,6,ATGGGAATGCGCATGATTGG,0,3003223
ratA_yfjF_predicted,0.14285714285714285,6,6,ATGGCGTATGGACAGACGTA,0,3017446
ratA_yfjF_predicted,0.14285714285714285,6,6,ATGCGCCTAGCAATATCTGA,0,3006859
ratA_yfjF_predicted,0.14285714285714285,6,6,ATGCCTGCCGTACCCTTCTG,0,2998559
ratA_yfjF_predicted,0.14285714285714285,6,6,ATGAGTTACGCAGTATAGCG,0,3005279
ratA_yfjF_predicted,0.14285714285714285,6,6,ATGACCTGAAATGAAAGTCA,0,2999296
ratA_yfjF_predicted,0.14285714285714285,6,6,ATGAATGATTGAACATGATT,0,3006886
ratA_yfjF_predicted,0.14285714285714285,6,6,ATGAAGTTTCGAACTGGGGG,0,2993791
ratA_yfjF_predicted,0.14285714285714285,6,6,ATGAAATATTTCGAGCGCCG,0,3016494
ratA_yfjF_predicted,0.14285714285714285,6,6,ATCTGTAATGCGTAGCGGAC,0,3012919
ratA_yfjF_predicted,0.14285714285714285,6,6,ATCTCCCAGGATCAGTTCCG,0,2992438
ratA_yfjF_predicted,0.14285714285714285,6,6,ATCGGGTGAACATCGAAATA,0,3019632
ratA_yfjF_predicted,0.14285714285714285,6,6,ATCGGGCCACATATGATATG,0,2998813
ratA_yfjF_predicted,0.14285714285714285,6,6,ATCGGAGCCCTGACGGGGGG,0,2997706
ratA_yfjF_predicted,0.14285714285714285,6,6,ATCGAAGAAGCGTGCTGATA,0,2994785
ratA_yfjF_predicted,0.14285714285714285,6,6,ATCCAGCGAACCGACAAGGG,0,2993772
ratA_yfjF_predicted,0.14285714285714285,6,6,ATCCACCGTGAAACGCGGGT,0,2995734
ratA_yfjF_predicted,0.14285714285714285,6,6,ATCATAAGACACATGCATCT,0,2995531
ratA_yfjF_predicted,0.14285714285714285,6,6,ATCAGCGTGACCGGGCGTGT,0,3002772
ratA_yfjF_predicted,0.14285714285714285,6,6,ATATTTGGAAGAAGGCCTGG,0,3018191
ratA_yfjF_predicted,0.14285714285714285,6,6,ATATCCGGTTAAGTCCAAAA,0,2997708
ratA_yfjF_predicted,0.14285714285714285,6,6,ATATATTTACAATTGATGGT,0,3004089
ratA_yfjF_predicted,0.14285714285714285,6,6,ATATATGATAAAGGAGGGTA,0,2999882
ratA_yfjF_predicted,0.14285714285714285,6,6,ATAGTAATGGCACCTAACGT,0,2997921
ratA_yfjF_predicted,0.14285714285714285,6,6,ATAGGTTTGGAGCAAAATAC,0,3003936
ratA_yfjF_predicted,0.14285714285714285,6,6,ATAGCAGTAGCCCATCCTTA,0,3003694
ratA_yfjF_predicted,0.14285714285714285,6,6,ATACGTCTATCAGGTCACGA,0,2991819
ratA_yfjF_predicted,0.14285714285714285,6,6,ATACGCAGTTGTACCATTCC,0,3004326
ratA_yfjF_predicted,0.14285714285714285,6,6,ATACCAGTCCCAGAGATCAC,0,3008451
ratA_yfjF_predicted,0.14285714285714285,6,6,ATAATTGGTTGCATATCCTA,0,3011543
ratA_yfjF_predicted,0.14285714285714285,6,6,AGTGGTACAACATCAAGACT,0,3005273
ratA_yfjF_predicted,0.14285714285714285,6,6,AGTCTGCATAGGGAGTTAGG,0,2994613
ratA_yfjF_predicted,0.14285714285714285,6,6,AGTCGTCCGGTCTAACAGCT,0,3012946
ratA_yfjF_predicted,0.14285714285714285,6,6,AGTCCTTAACCTGGAACATG,0,2992786
ratA_yfjF_predicted,0.14285714285714285,6,6,AGTCCTACAACGTCACCACT,0,2995957
ratA_yfjF_predicted,0.14285714285714285,6,6,AGTAGTCTCTTGGCCCCACT,0,2999324
ratA_yfjF_predicted,0.14285714285714285,6,6,AGTAACAACCCCCCACTGAG,0,3009718
ratA_yfjF_predicted,0.14285714285714285,6,6,AGGTGGTCAGTCTAAGGAGG,0,3014780
ratA_yfjF_predicted,0.14285714285714285,6,6,AGGTCGTGTCTAACTCGCGG,0,2995826
ratA_yfjF_predicted,0.14285714285714285,6,6,AGGTCCTCACTAAGTCCTAT,0,2995772
ratA_yfjF_predicted,0.14285714285714285,6,6,AGGTACGATGTCGGAGGTAT,0,3003905
ratA_yfjF_predicted,0.14285714285714285,6,6,AGGGTCATCCCCGCTGGCTT,0,2999985
ratA_yfjF_predicted,0.14285714285714285,6,6,AGGGAAAACGCTCCTGCGCA,0,3000706
ratA_yfjF_predicted,0.14285714285714285,6,6,AGGCCTTTGACGTTACGTAA,0,3000134
ratA_yfjF_predicted,0.14285714285714285,6,6,AGGCCCGCAGACCGCAATGG,0,3006596
ratA_yfjF_predicted,0.14285714285714285,6,6,AGGCAGCGATGGGACTCTGT,0,3008888
ratA_yfjF_predicted,0.14285714285714285,6,6,AGCGATTAGGACCAGGTGGA,0,2998111
ratA_yfjF_predicted,0.14285714285714285,6,6,AGCCTCGAGACTCTGAGCAA,0,3009454
ratA_yfjF_predicted,0.14285714285714285,6,6,AGCCGCCCACTTCGGTTTCT,0,3002584
ratA_yfjF_predicted,0.14285714285714285,6,6,AGCAAGCATCATTGCAAGGA,0,2998466
ratA_yfjF_predicted,0.14285714285714285,6,6,AGAGTAAACGCGTCCCGCAG,0,3017157
ratA_yfjF_predicted,0.14285714285714285,6,6,AGACGGCCGGTTGACTCCCC,0,3010362
ratA_yfjF_predicted,0.14285714285714285,6,6,AGAAATAAAGGACCTCGTTA,0,3009199
ratA_yfjF_predicted,0.14285714285714285,6,6,AGAAAGGGGGGGCACGGTGT,0,3011534
ratA_yfjF_predicted,0.14285714285714285,6,6,ACTTTTACGTTACAACACCG,0,2997433
ratA_yfjF_predicted,0.14285714285714285,6,6,ACTTGCTGTCAATGTACCCG,0,3002594
ratA_yfjF_predicted,0.14285714285714285,6,6,ACTTCAAAGAAGCTTACCTA,0,3004991
ratA_yfjF_predicted,0.14285714285714285,6,6,ACTGTCGGCCAGTGTACCCG,0,3004894
ratA_yfjF_predicted,0.14285714285714285,6,6,ACTGGTGAGTAAATTCTCCT,0,3008098
ratA_yfjF_predicted,0.14285714285714285,6,6,ACTGGCATAGAGGGAAGTCA,0,2992847
ratA_yfjF_predicted,0.14285714285714285,6,6,ACTCGCCGGGGGCGAAAGGC,0,3002452
ratA_yfjF_predicted,0.14285714285714285,6,6,ACTCGAGATGCTGTGTAGCG,0,3001430
ratA_yfjF_predicted,0.14285714285714285,6,6,ACTCACGACCAGGTATCTTC,0,2997919
ratA_yfjF_predicted,0.14285714285714285,6,6,ACTATTTATAGTGCAGTGGT,0,2999949
ratA_yfjF_predicted,0.14285714285714285,6,6,ACTACTCGGCTAAACACATG,0,3007145
ratA_yfjF_predicted,0.14285714285714285,6,6,ACTAAGGGTGTCGTGGGACT,0,2993950
ratA_yfjF_predicted,0.14285714285714285,6,6,ACGTTCATAGGTAGCGTCCA,0,2999542
ratA_yfjF_predicted,0.14285714285714285,6,6,ACGTTAAGTGTCGTCCTGCA,0,3010986
ratA_yfjF_predicted,0.14285714285714285,6,6,ACGTGGACCTTGTACCGGCA,0,3017413
ratA_yfjF_predicted,0.14285714285714285,6,6,ACGTGCGCGCCGGCCTGTGT,0,3013689
ratA_yfjF_predicted,0.14285714285714285,6,6,ACGTGAATAACTCCCGGGGT,0,2996213
ratA_yfjF_predicted,0.14285714285714285,6,6,ACGTCTGCACCGGCACTCGC,0,2999911
ratA_yfjF_predicted,0.14285714285714285,6,6,ACGTCCGGGGTCGCGGTGTA,0,3008137
ratA_yfjF_predicted,0.14285714285714285,6,6,ACGGGCTTTATTACCGTAGC,0,3000748
ratA_yfjF_predicted,0.14285714285714285,6,6,ACGGAGGGTTAAGGAGGTGA,0,2998695
ratA_yfjF_predicted,0.14285714285714285,6,6,ACGCGGAACGGCCCGGCCTT,0,3010022
ratA_yfjF_predicted,0.14285714285714285,6,6,ACGCCATGCGCTGATGGAGG,0,3003878
ratA_yfjF_predicted,0.14285714285714285,6,6,ACGAATACAGAGGGCATTGT,0,3016498
ratA_yfjF_predicted,0.14285714285714285,6,6,ACCTGAGCAATAAGATTTTT,0,3010290
ratA_yfjF_predicted,0.14285714285714285,6,6,ACCGTGACATTCTCTACGTG,0,2994401
ratA_yfjF_predicted,0.14285714285714285,6,6,ACCGGTCAAGGGCAGGCGGA,0,3013412
ratA_yfjF_predicted,0.14285714285714285,6,6,ACCGGACTCCCCCCTTTTGT,0,3011354
ratA_yfjF_predicted,0.14285714285714285,6,6,ACAGGCGTGGGCAGAAGTGT,0,3006027
ratA_yfjF_predicted,0.14285714285714285,6,6,ACACTATTTCGTGATAATGG,0,2995783
ratA_yfjF_predicted,0.14285714285714285,6,6,ACACACATACTTGCAACAAT,0,2994854
ratA_yfjF_predicted,0.14285714285714285,6,6,AATGGATTGTTCGATGCCTT,0,3016210
ratA_yfjF_predicted,0.14285714285714285,6,6,AATGCTTCCTGGATATGACC,0,2995205
ratA_yfjF_predicted,0.14285714285714285,6,6,AATCTGGCCGCGAGAGAAGG,0,2999024
ratA_yfjF_predicted,0.14285714285714285,6,6,AATAGAAACGATAGCCTACC,0,3001319
ratA_yfjF_predicted,0.14285714285714285,6,6,AATAACCTCACGTTTCGATG,0,2994256
ratA_yfjF_predicted,0.14285714285714285,6,6,AAGTGGGGACTGCAAGGGAC,0,2996739
ratA_yfjF_predicted,0.14285714285714285,6,6,AAGTAGCATTTCAAATTTTC,0,3009954
ratA_yfjF_predicted,0.14285714285714285,6,6,AAGCTGCCGCGGTATTTATA,0,2993520
ratA_yfjF_predicted,0.14285714285714285,6,6,AAGCAGACACCCGGAGAGGC,0,3020504
ratA_yfjF_predicted,0.14285714285714285,6,6,AAGAGCCCAGGGGCACTTGC,0,3003154
ratA_yfjF_predicted,0.14285714285714285,6,6,AACTAGAGGGCGGTTCCATC,0,2993079
ratA_yfjF_predicted,0.14285714285714285,6,6,AACGGAAGTGGAGTGAGGGG,0,3011091
ratA_yfjF_predicted,0.14285714285714285,6,6,AACGCCTGCTTATCAGCTTC,0,3001213
ratA_yfjF_predicted,0.14285714285714285,6,6,AACACTGAACCACCCCCCGC,0,2997113
ratA_yfjF_predicted,0.14285714285714285,6,6,AACACCATAAAGCTGAACTA,0,2993507
ratA_yfjF_predicted,0.14285714285714285,6,6,AACAACGTACCGTAGGGTAA,0,3014720
ratA_yfjF_predicted,0.14285714285714285,6,6,AAATGCAGAAAGATCTCCAA,0,2992196
ratA_yfjF_predicted,0.14285714285714285,6,6,AAATGATCCAAGGTTCAAGC,0,3009369
ratA_yfjF_predicted,0.14285714285714285,6,6,AAACAATCTACGCATTAGGA,0,3016016
ratA_yfjF_predicted,0.16666666666666666,5,5,TTTTTGAGCTCGCGGACCTC,0,3008928
ratA_yfjF_predicted,0.16666666666666666,5,5,TTTTCGAGGGCGGGGGGTTT,0,3010195
ratA_yfjF_predicted,0.16666666666666666,5,5,TTTTACCAAAACACATGGAG,0,3007861
ratA_yfjF_predicted,0.16666666666666666,5,5,TTTGTGTCAAAGACGACTCC,0,3000644
ratA_yfjF_predicted,0.16666666666666666,5,5,TTTGTGCGTCAACGGCACCA,0,3013967
ratA_yfjF_predicted,0.16666666666666666,5,5,TTTGTACACCGCAAGCAAAT,0,2992351
ratA_yfjF_predicted,0.16666666666666666,5,5,TTTGCAGACTGCGTGACTAT,0,3019578
ratA_yfjF_predicted,0.16666666666666666,5,5,TTTGATAAGGAAAATTAATA,0,3005987
ratA_yfjF_predicted,0.16666666666666666,5,5,TTTCGGACACTAAGCTCAGC,0,3012089
ratA_yfjF_predicted,0.16666666666666666,5,5,TTTCCCACTGTCCAAAACTA,0,3001376
ratA_yfjF_predicted,0.16666666666666666,5,5,TTGTCTCAATTCCGCTCAGG,0,3006554
ratA_yfjF_predicted,0.16666666666666666,5,5,TTGTCAGCAATCGACTTGGA,0,3015529
ratA_yfjF_predicted,0.16666666666666666,5,5,TTGTCACCGCCGATCGGCAG,0,3008854
ratA_yfjF_predicted,0.16666666666666666,5,5,TTGGTTCACGCTAGGACGGC,0,3000746
ratA_yfjF_predicted,0.16666666666666666,5,5,TTGGTGCATACAGCTGCAAT,0,2999042
ratA_yfjF_predicted,0.16666666666666666,5,5,TTGGCTGTGAGTTCAAGAAC,0,2994444
ratA_yfjF_predicted,0.16666666666666666,5,5,TTGGCTGTCCAACTTCGCTA,0,3017554
ratA_yfjF_predicted,0.16666666666666666,5,5,TTGGCCCATGCGGAGGGCGG,0,3004942
ratA_yfjF_predicted,0.16666666666666666,5,5,TTGGACCCGGATAATGGTCA,0,3003615
ratA_yfjF_predicted,0.16666666666666666,5,5,TTGGAAGTAGATTTTTAATG,0,2994797
ratA_yfjF_predicted,0.16666666666666666,5,5,TTGCCTGTCGAGATTGGGTC,0,3003739
ratA_yfjF_predicted,0.16666666666666666,5,5,TTGCCTATGGGTGCCGTGAG,0,3000200
ratA_yfjF_predicted,0.16666666666666666,5,5,TTGCCGCGGCACGTTGATAA,0,3018018
ratA_yfjF_predicted,0.16666666666666666,5,5,TTGATCGGAAGATTTGTATA,0,3014430
ratA_yfjF_predicted,0.16666666666666666,5,5,TTGAGGGTACTAATGTGACG,0,3017337
ratA_yfjF_predicted,0.16666666666666666,5,5,TTGAAGAAAGTGTGATTAAA,0,2996086
ratA_yfjF_predicted,0.16666666666666666,5,5,TTCTTGGTCGCATAATGGTT,0,3000178
ratA_yfjF_predicted,0.16666666666666666,5,5,TTCTTGCTTATCTACAACTC,0,3009476
ratA_yfjF_predicted,0.16666666666666666,5,5,TTCTTGCTCGGTTCTGTATC,0,3008726
ratA_yfjF_predicted,0.16666666666666666,5,5,TTCGGCAGAGACGTACAGGA,0,3008487
ratA_yfjF_predicted,0.16666666666666666,5,5,TTCCGCCAGAGGCTAAGTCG,0,3019362
ratA_yfjF_predicted,0.16666666666666666,5,5,TTCCCGGTACCGCACGGCTA,0,2999557
ratA_yfjF_predicted,0.16666666666666666,5,5,TTCAAGTGTACCACTCCTGG,0,2997738
ratA_yfjF_predicted,0.16666666666666666,5,5,TTATTACCCTGGAATGCTAA,0,3004533
ratA_yfjF_predicted,0.16666666666666666,5,5,TTATGAATATGGCTTAGTCA,0,3012313
ratA_yfjF_predicted,0.16666666666666666,5,5,TTATAGCATCAGACTGCCCT,0,3013947
ratA_yfjF_predicted,0.16666666666666666,5,5,TTAGAAGTGAAATTCTCTCT,0,3003842
ratA_yfjF_predicted,0.16666666666666666,5,5,TTACACCCGGTGTCACTCTA,0,3004374
ratA_yfjF_predicted,0.16666666666666666,5,5,TTAAGGCATATATGTACAAT,0,3021586
ratA_yfjF_predicted,0.16666666666666666,5,5,TTAACGTAGGAATTTTCTTC,0,2999464
ratA_yfjF_predicted,0.16666666666666666,5,5,TGTTGCAATTCATACTACCA,0,3005863
ratA_yfjF_predicted,0.16666666666666666,5,5,TGTTAGGCCCTAACATAGTG,0,2994363
ratA_yfjF_predicted,0.16666666666666666,5,5,TGTGGTCAGGAGCGAGCAAT,0,3002495
ratA_yfjF_predicted,0.16666666666666666,5,5,TGTGGATCCCTTATGCCAAA,0,3009177
ratA_yfjF_predicted,0.16666666666666666,5,5,TGTGATTACCCGCGACAGTC,0,2998417
ratA_yfjF_predicted,0.16666666666666666,5,5,TGTCATTATTATCATCGGAA,0,2997947
ratA_yfjF_predicted,0.16666666666666666,5,5,TGTAGCACATAAAACCCATG,0,2996582
ratA_yfjF_predicted,0.16666666666666666,5,5,TGTAGAGGTCTGATGCATGG,0,2993523
ratA_yfjF_predicted,0.16666666666666666,5,5,TGTACGGTGCGCACCACATT,0,2994318
ratA_yfjF_predicted,0.16666666666666666,5,5,TGTACCGTATCTACAGTGAT,0,2998560
ratA_yfjF_predicted,0.16666666666666666,5,5,TGTAACAATGTAAATCGAAT,0,2998799
ratA_yfjF_predicted,0.16666666666666666,5,5,TGGTTCGGAGTGGCTTTTGG,0,2994279
ratA_yfjF_predicted,0.16666666666666666,5,5,TGGTGGCCGCCTGACGGAGC,0,2994667
ratA_yfjF_predicted,0.16666666666666666,5,5,TGGTGCCCACGGGGCAAATG,0,3006924
ratA_yfjF_predicted,0.16666666666666666,5,5,TGGGCTGGAGGACCCGTCGG,0,3015149
ratA_yfjF_predicted,0.16666666666666666,5,5,TGGGAGGTCGATGTTCCTCG,0,3019729
ratA_yfjF_predicted,0.16666666666666666,5,5,TGGGAACACTGCCTTACCCA,0,3003876
ratA_yfjF_predicted,0.16666666666666666,5,5,TGGCATGCTTGTATACCTGG,0,3018286
ratA_yfjF_predicted,0.16666666666666666,5,5,TGGAGTGCGTACTTGTAGCA,0,3010156
ratA_yfjF_predicted,0.16666666666666666,5,5,TGGACTCTCTCCTGCTGGTA,0,3001077
ratA_yfjF_predicted,0.16666666666666666,5,5,TGGACCTTTCACGATTCCAT,0,3021569
ratA_yfjF_predicted,0.16666666666666666,5,5,TGGAAGCTAGCGTCCACACG,0,3014086
ratA_yfjF_predicted,0.16666666666666666,5,5,TGCTACTAAAATTCGGTACT,0,2993391
ratA_yfjF_predicted,0.16666666666666666,5,5,TGCGTCCCCGAAGAGTACGT,0,3005161
ratA_yfjF_predicted,0.16666666666666666,5,5,TGCGAGCGGGCGTATCAGGG,0,3012154
ratA_yfjF_predicted,0.16666666666666666,5,5,TGCCCCAGACGACCCCCGGG,0,3020669
ratA_yfjF_predicted,0.16666666666666666,5,5,TGCATGACAGAGACCACGGA,0,2997084
ratA_yfjF_predicted,0.16666666666666666,5,5,TGCAGTGCATCGGGCTGACA,0,3021071
ratA_yfjF_predicted,0.16666666666666666,5,5,TGCACGCGCACCTTTAGCTT,0,3007637
ratA_yfjF_predicted,0.16666666666666666,5,5,TGCACATCTGGACGTGGGCT,0,3010519
ratA_yfjF_predicted,0.16666666666666666,5,5,TGATGCAGACGAAGGGCTTG,0,2993746
ratA_yfjF_predicted,0.16666666666666666,5,5,TGATCATTTTATACTTACAG,0,3011289
ratA_yfjF_predicted,0.16666666666666666,5,5,TGATAGCCTTGAAGGCAATA,0,2999100
ratA_yfjF_predicted,0.16666666666666666,5,5,TGAGTCGCAGCCCCATCGTT,0,2997939
ratA_yfjF_predicted,0.16666666666666666,5,5,TGAGGTGAGTTCGAATTCAA,0,2995156
ratA_yfjF_predicted,0.16666666666666666,5,5,TGAGGCAAGTTGAACCCGGT,0,2999727
ratA_yfjF_predicted,0.16666666666666666,5,5,TGAGGAGATGGTCATAATGC,0,2993902
ratA_yfjF_predicted,0.16666666666666666,5,5,TGAGCCCGGGTGTTGATGAA,0,3013352
ratA_yfjF_predicted,0.16666666666666666,5,5,TGACGGCGACCGTTACGGGG,0,3005581
ratA_yfjF_predicted,0.16666666666666666,5,5,TGAATTCCTAGACAGAGATA,0,3009226
ratA_yfjF_predicted,0.16666666666666666,5,5,TGAATGATTTTATCCCGTCA,0,3017466
ratA_yfjF_predicted,0.16666666666666666,5,5,TGAATCAAAATCGACTCATT,0,3003817
ratA_yfjF_predicted,0.16666666666666666,5,5,TCTTTGAATACATATGCCAG,0,3005759
ratA_yfjF_predicted,0.16666666666666666,5,5,TCTTACTCAAGAACCGTGCC,0,3020364
ratA_yfjF_predicted,0.16666666666666666,5,5,TCTGATTGATGCGAACCATT,0,3016477
ratA_yfjF_predicted,0.16666666666666666,5,5,TCTCGTTTGAGCCACAGAGG,0,3002076
ratA_yfjF_predicted,0.16666666666666666,5,5,TCTCCGGTAGAAGGTCATCA,0,3014110
ratA_yfjF_predicted,0.16666666666666666,5,5,TCTCCCAGCCCTAGCCCAAC,0,3013562
ratA_yfjF_predicted,0.16666666666666666,5,5,TCTCAGCGCATACACCCTTG,0,3002401
ratA_yfjF_predicted,0.16666666666666666,5,5,TCTCAACGATGCCACTGGTA,0,3010514
ratA_yfjF_predicted,0.16666666666666666,5,5,TCGTTACGTTTAAGTTGATT,0,3017760
ratA_yfjF_predicted,0.16666666666666666,5,5,TCGTGTAGCAATCTATTGTA,0,2997848
ratA_yfjF_predicted,0.16666666666666666,5,5,TCGTGGACTGAGGCGGCGCA,0,3010409
ratA_yfjF_predicted,0.16666666666666666,5,5,TCGTGGACCTGATTAACAAA,0,3018371
ratA_yfjF_predicted,0.16666666666666666,5,5,TCGCCTTGGATGGGGTAATG,0,2994127
ratA_yfjF_predicted,0.16666666666666666,5,5,TCCGTTCCAACGAGCATCCT,0,3020893
ratA_yfjF_predicted,0.16666666666666666,5,5,TCCGGGCGTACGCTGCTTCA,0,3000445
ratA_yfjF_predicted,0.16666666666666666,5,5,TCCGAAGTTTCTACAGATCA,0,3005709
ratA_yfjF_predicted,0.16666666666666666,5,5,TCCCTGCTTCGTATGACTAT,0,3020275
ratA_yfjF_predicted,0.16666666666666666,5,5,TCCCTAGATTTAATGGAAGA,0,2997422
ratA_yfjF_predicted,0.16666666666666666,5,5,TCCCCCTATCGGGCGGGTCA,0,3016585
ratA_yfjF_predicted,0.16666666666666666,5,5,TCCCATTTACTCCCGTTGAT,0,3011439
ratA_yfjF_predicted,0.16666666666666666,5,5,TCCCATGGGAGCAATACTCA,0,3014032
ratA_yfjF_predicted,0.16666666666666666,5,5,TCCATCAGAGTGACTATGAA,0,2995612
ratA_yfjF_predicted,0.16666666666666666,5,5,TCCAGTAGAAAATGGTCTGA,0,3010149
ratA_yfjF_predicted,0.16666666666666666,5,5,TCCACTGTCCGTCAGATCAG,0,2999843
ratA_yfjF_predicted,0.16666666666666666,5,5,TCCACGGTAGGTTGAGAGGT,0,2998021
ratA_yfjF_predicted,0.16666666666666666,5,5,TCCAATGGCCGCTCACCTGG,0,3010989
ratA_yfjF_predicted,0.16666666666666666,5,5,TCATCTGCCAATTAATATCG,0,2995778
ratA_yfjF_predicted,0.16666666666666666,5,5,TCATCGGATGCCGGGTAGAA,0,2999878
ratA_yfjF_predicted,0.16666666666666666,5,5,TCAGGTTTTCCTCCGGGTTT,0,2998717
ratA_yfjF_predicted,0.16666666666666666,5,5,TCAGGAAGCACGGTATCGTC,0,3011327
ratA_yfjF_predicted,0.16666666666666666,5,5,TCAGCCCGTTTCTTCTCGTT,0,2997590
ratA_yfjF_predicted,0.16666666666666666,5,5,TCAGACGCTTGCCGGTCCTA,0,3020322
ratA_yfjF_predicted,0.16666666666666666,5,5,TCACGACAGCGTACGCTCTG,0,3003638
ratA_yfjF_predicted,0.16666666666666666,5,5,TCACCATGAACCGGCATGGA,0,3011245
ratA_yfjF_predicted,0.16666666666666666,5,5,TCAATGCGTCTTAGATGCAA,0,3000497
ratA_yfjF_predicted,0.16666666666666666,5,5,TCAAACCCATTTCTCGCTAG,0,2999463
ratA_yfjF_predicted,0.16666666666666666,5,5,TATTCGGTGCCTTTCAGACC,0,2997294
ratA_yfjF_predicted,0.16666666666666666,5,5,TATTCGCGAATGTGGTATCT,0,3014903
ratA_yfjF_predicted,0.16666666666666666,5,5,TATGTTCGTGTAGGTCCCGT,0,3010855
ratA_yfjF_predicted,0.16666666666666666,5,5,TATGGATAAGCCTTGGAAAT,0,3009413
ratA_yfjF_predicted,0.16666666666666666,5,5,TATGCACGGTCAGGGTGAGT,0,2999568
ratA_yfjF_predicted,0.16666666666666666,5,5,TATGATGCCGCGAGGGGCGC,0,3001457
ratA_yfjF_predicted,0.16666666666666666,5,5,TATGAGGCTACCTTCGGGTC,0,3010323
ratA_yfjF_predicted,0.16666666666666666,5,5,TATCTGTCCCGGTTGGCATA,0,2997665
ratA_yfjF_predicted,0.16666666666666666,5,5,TATCGCGGGACTGCTCAGTA,0,3003746
ratA_yfjF_predicted,0.16666666666666666,5,5,TATATCCTCGGATAAGAGAT,0,3017100
ratA_yfjF_predicted,0.16666666666666666,5,5,TATAGGTAGGTGACACCCAC,0,2992029
ratA_yfjF_predicted,0.16666666666666666,5,5,TATAATGGTCCGGACACTGC,0,2998982
ratA_yfjF_predicted,0.16666666666666666,5,5,TAGGGGAGATTTGCCCTGTT,0,3001119
ratA_yfjF_predicted,0.16666666666666666,5,5,TAGCCGAAATCAGGTAATCC,0,3005641
ratA_yfjF_predicted,0.16666666666666666,5,5,TAGATTGATGCGGTAACATC,0,3013782
ratA_yfjF_predicted,0.16666666666666666,5,5,TAGATCTCATCAAGGCGGGA,0,2996389
ratA_yfjF_predicted,0.16666666666666666,5,5,TAGAGATCCCTACGTGGTAA,0,3020590
ratA_yfjF_predicted,0.16666666666666666,5,5,TAGAGAGGAACGAGTATGTT,0,2998340
ratA_yfjF_predicted,0.16666666666666666,5,5,TAGACATTAAAGAGCCGCGA,0,3018382
ratA_yfjF_predicted,0.16666666666666666,5,5,TAGAAGCGTGCTTCCTCTCA,0,3015175
ratA_yfjF_predicted,0.16666666666666666,5,5,TACTGTTGATGCCTACAGTC,0,2995008
ratA_yfjF_predicted,0.16666666666666666,5,5,TACTCCCACGCAAGTTTGAT,0,3008297
ratA_yfjF_predicted,0.16666666666666666,5,5,TACGTAGACCGAAAGGTATA,0,3019879
ratA_yfjF_predicted,0.16666666666666666,5,5,TACGGATGGTGAGCCGGGTA,0,2995625
ratA_yfjF_predicted,0.16666666666666666,5,5,TACCCTTAAAATTCGGTCGG,0,3008535
ratA_yfjF_predicted,0.16666666666666666,5,5,TACATCGGCTGTGTGGGCGC,0,2996479
ratA_yfjF_predicted,0.16666666666666666,5,5,TACAGAAAGTCGATAAACCC,0,3008508
ratA_yfjF_predicted,0.16666666666666666,5,5,TAATGTGCACTAACAAAGTA,0,3012664
ratA_yfjF_predicted,0.16666666666666666,5,5,TAATGTATTCCAATGAATAC,0,2998629
ratA_yfjF_predicted,0.16666666666666666,5,5,TAATGAAAGGGGTACTCCAT,0,3003313
ratA_yfjF_predicted,0.16666666666666666,5,5,TAACGGTTAGCAAATGTAAA,0,3016539
ratA_yfjF_predicted,0.16666666666666666,5,5,TAACCCAATACTATTATTAG,0,3000199
ratA_yfjF_predicted,0.16666666666666666,5,5,TAAAAATTTGATATGGGTTA,0,3018164
ratA_yfjF_predicted,0.16666666666666666,5,5,GTTTGTATGCCCGTTGGAGG,0,3007413
ratA_yfjF_predicted,0.16666666666666666,5,5,GTTTGAAGGGGATTTTCATC,0,3011951
ratA_yfjF_predicted,0.16666666666666666,5,5,GTTTGAAAAGCTATAATGGG,0,3001661
ratA_yfjF_predicted,0.16666666666666666,5,5,GTTTCAACATTGCGCAGTTG,0,3013326
ratA_yfjF_predicted,0.16666666666666666,5,5,GTTGTGAATCAGGCTTCACC,0,3015238
ratA_yfjF_predicted,0.16666666666666666,5,5,GTTGCGAATCGCCGGCAAAG,0,3004539
ratA_yfjF_predicted,0.16666666666666666,5,5,GTTGCCGGGATGTCACCTGG,0,2999467
ratA_yfjF_predicted,0.16666666666666666,5,5,GTTGAAAACCGAAAACTTCA,0,2997524
ratA_yfjF_predicted,0.16666666666666666,5,5,GTTCTCGGTGTATTAACCTT,0,3002299
ratA_yfjF_predicted,0.16666666666666666,5,5,GTTCAAACATTTCCTCTGAA,0,3015610
ratA_yfjF_predicted,0.16666666666666666,5,5,GTTAGTTTAGACCATGAAAT,0,3010755
ratA_yfjF_predicted,0.16666666666666666,5,5,GTGTGTCAACACTGTGGTCT,0,2999792
ratA_yfjF_predicted,0.16666666666666666,5,5,GTGTGGCTGCGGCCATTAAG,0,3007313
ratA_yfjF_predicted,0.16666666666666666,5,5,GTGGGTATTCCTCAAGGTAC,0,2995142
ratA_yfjF_predicted,0.16666666666666666,5,5,GTGGGCATAATCCGAGAGAT,0,3020819
ratA_yfjF_predicted,0.16666666666666666,5,5,GTGGCGCATCCCCTGCATAG,0,3008649
ratA_yfjF_predicted,0.16666666666666666,5,5,GTGCGTGAGAGTGAGAAACA,0,2997879
ratA_yfjF_predicted,0.16666666666666666,5,5,GTGCACTACAAAGCAGCAGC,0,2997335
ratA_yfjF_predicted,0.16666666666666666,5,5,GTCTTTAGATCTTAGTAGGG,0,3016599
ratA_yfjF_predicted,0.16666666666666666,5,5,GTCTATCCTAGGTAGACGCA,0,3013706
ratA_yfjF_predicted,0.16666666666666666,5,5,GTCGTGTTCGTCCACGTGTG,0,3015779
ratA_yfjF_predicted,0.16666666666666666,5,5,GTCGTAGACTCCACGAACAC,0,3011808
ratA_yfjF_predicted,0.16666666666666666,5,5,GTCGTAACTTTTTGAGCCAA,0,3015457
ratA_yfjF_predicted,0.16666666666666666,5,5,GTCGCCGGTCTGCGAGAAGT,0,3016296
ratA_yfjF_predicted,0.16666666666666666,5,5,GTCCCGGGTACTAACTCGAC,0,2996822
ratA_yfjF_predicted,0.16666666666666666,5,5,GTCCCATTTTACTTACGAAC,0,3015885
ratA_yfjF_predicted,0.16666666666666666,5,5,GTCATGAGCCTCTTTTGATT,0,3018711
ratA_yfjF_predicted,0.16666666666666666,5,5,GTCACGTGCGCCCAATGTGT,0,3001820
ratA_yfjF_predicted,0.16666666666666666,5,5,GTATTAATCTCATTTAGCAA,0,3006653
ratA_yfjF_predicted,0.16666666666666666,5,5,GTATAGATCGTGCCCGCGCT,0,3020008
ratA_yfjF_predicted,0.16666666666666666,5,5,GTAGTTTATTTCGCTTATAA,0,3016454
ratA_yfjF_predicted,0.16666666666666666,5,5,GTAGTTCTGTAAATATACAA,0,3003637
ratA_yfjF_predicted,0.16666666666666666,5,5,GTAGTACACGCTGGTAGCTT,0,3018960
ratA_yfjF_predicted,0.16666666666666666,5,5,GTAGGCTCCTTATCCCGTCG,0,3014588
ratA_yfjF_predicted,0.16666666666666666,5,5,GTAGGAGGAATAGTACGTTC,0,2998258
ratA_yfjF_predicted,0.16666666666666666,5,5,GTAGAGAATACTCCTCGGCT,0,3014130
ratA_yfjF_predicted,0.16666666666666666,5,5,GTAATAGGAAGGGCAATCCC,0,2996736
ratA_yfjF_predicted,0.16666666666666666,5,5,GTAAGCGGTGTTCGTCCACG,0,2997405
ratA_yfjF_predicted,0.16666666666666666,5,5,GTAACTACCACACAGCGAAG,0,2999195
ratA_yfjF_predicted,0.16666666666666666,5,5,GGTTTTGGGTAAACGACCTC,0,3006500
ratA_yfjF_predicted,0.16666666666666666,5,5,GGTTCGACGGGCCTGACTAT,0,2996804
ratA_yfjF_predicted,0.16666666666666666,5,5,GGTGTGCGGATAGAATCCGT,0,3012825
ratA_yfjF_predicted,0.16666666666666666,5,5,GGTGTCCAAGGTCAGGAATG,0,2996645
ratA_yfjF_predicted,0.16666666666666666,5,5,GGTGGAACACCTTGTGACAC,0,2999734
ratA_yfjF_predicted,0.16666666666666666,5,5,GGTGAATACAAGATTGCGTA,0,3006476
ratA_yfjF_predicted,0.16666666666666666,5,5,GGTCTTTGTGGCTTTGAAAT,0,3015023
ratA_yfjF_predicted,0.16666666666666666,5,5,GGTCTACCGGTGCGACACGA,0,2997780
ratA_yfjF_predicted,0.16666666666666666,5,5,GGTCACAGCATGCAAGAAGT,0,3019318
ratA_yfjF_predicted,0.16666666666666666,5,5,GGTCAATTGTTAGGGGGAGT,0,2999884
ratA_yfjF_predicted,0.16666666666666666,5,5,GGTATAGCCAATGAATGAAT,0,3014725
ratA_yfjF_predicted,0.16666666666666666,5,5,GGGTTTATGCGGATGACTAG,0,3013176
ratA_yfjF_predicted,0.16666666666666666,5,5,GGGTTGCTTCCACCAGCCCA,0,3014954
ratA_yfjF_predicted,0.16666666666666666,5,5,GGGTGACAGTAAAGGTGAGC,0,3019896
ratA_yfjF_predicted,0.16666666666666666,5,5,GGGTCATACGGGACGGAGAC,0,3001283
ratA_yfjF_predicted,0.16666666666666666,5,5,GGGTAAGAAGGTGTTTGGCA,0,3004008
ratA_yfjF_predicted,0.16666666666666666,5,5,GGGGGTATGAAATTCGATTA,0,3003355
ratA_yfjF_predicted,0.16666666666666666,5,5,GGGGGATAATAGGTTGCGAT,0,3010613
ratA_yfjF_predicted,0.16666666666666666,5,5,GGGGCGGTTGGGAATCTGTT,0,3006953
ratA_yfjF_predicted,0.16666666666666666,5,5,GGGCGTCGCCCCCATACGAC,0,2994247
ratA_yfjF_predicted,0.16666666666666666,5,5,GGGCCAGAAAACGAAATCCT,0,2995733
ratA_yfjF_predicted,0.16666666666666666,5,5,GGGATTCTGTCAAGCCCGAG,0,2997304
ratA_yfjF_predicted,0.16666666666666666,5,5,GGGACCGCTGACTACCCCCA,0,2994904
ratA_yfjF_predicted,0.16666666666666666,5,5,GGCTTTGGCATAAACGAAAT,0,3013102
ratA_yfjF_predicted,0.16666666666666666,5,5,GGCTTATCGCGAGGCGATCC,0,2994610
ratA_yfjF_predicted,0.16666666666666666,5,5,GGCGTCGCAGGGGGTTTATC,0,3007532
ratA_yfjF_predicted,0.16666666666666666,5,5,GGCGTCCTCACGTGAGCTTT,0,3003498
ratA_yfjF_predicted,0.16666666666666666,5,5,GGCCCGGGCAAGTTATCACT,0,3009655
ratA_yfjF_predicted,0.16666666666666666,5,5,GGCCAAGAGTGTAATATTAT,0,2999030
ratA_yfjF_predicted,0.16666666666666666,5,5,GGCATTTAACATGCGAAGTC,0,3017742
ratA_yfjF_predicted,0.16666666666666666,5,5,GGATTAGCCCGTGACAAAGG,0,2992823
ratA_yfjF_predicted,0.16666666666666666,5,5,GGATGGCCTGGACTCATGTA,0,2998692
ratA_yfjF_predicted,0.16666666666666666,5,5,GGATGCAACAGAGGCTTAGC,0,3004427
ratA_yfjF_predicted,0.16666666666666666,5,5,GGAGCTAATCTTGTTCGTTC,0,3012881
ratA_yfjF_predicted,0.16666666666666666,5,5,GGACTGGCATACGTCTCTGT,0,3020260
ratA_yfjF_predicted,0.16666666666666666,5,5,GGAATCTTCACAGTGTTGGA,0,3007378
ratA_yfjF_predicted,0.16666666666666666,5,5,GGAACAGTTGCTCTGACTTA,0,3020403
ratA_yfjF_predicted,0.16666666666666666,5,5,GGAAATTTCGGGATTCGCAA,0,3018639
ratA_yfjF_predicted,0.16666666666666666,5,5,GGAAACCAACGGCAGAACGC,0,3009343
ratA_yfjF_predicted,0.16666666666666666,5,5,GGAAAAAATGCCCCTGCTCA,0,3019378
ratA_yfjF_predicted,0.16666666666666666,5,5,GCTTGTGTGAGCGAGGAGCC,0,2993200
ratA_yfjF_predicted,0.16666666666666666,5,5,GCTTGTCGGCGAATTCTGCC,0,3004325
ratA_yfjF_predicted,0.16666666666666666,5,5,GCTTGGTCGTATAGTGTAAG,0,2997284
ratA_yfjF_predicted,0.16666666666666666,5,5,GCTTGCCCGAGGATGAGCAT,0,3019207
ratA_yfjF_predicted,0.16666666666666666,5,5,GCTTAGCATTAATACCTTAC,0,2999039
ratA_yfjF_predicted,0.16666666666666666,5,5,GCTTAGACTGGCAACTATGC,0,3010637
ratA_yfjF_predicted,0.16666666666666666,5,5,GCTGACTGTTCGCAAGGCAT,0,3005655
ratA_yfjF_predicted,0.16666666666666666,5,5,GCTCGGATCCAACCCGCGCC,0,3008104
ratA_yfjF_predicted,0.16666666666666666,5,5,GCTCATGGGGATCCCGGCAA,0,3001042
ratA_yfjF_predicted,0.16666666666666666,5,5,GCTATGGGGACTTAACTTAT,0,3019908
ratA_yfjF_predicted,0.16666666666666666,5,5,GCGGTGTGGGGTAGATACTA,0,3005312
ratA_yfjF_predicted,0.16666666666666666,5,5,GCGGTGTCAGGGCTTTAATA,0,3014726
ratA_yfjF_predicted,0.16666666666666666,5,5,GCGGTGGATCACCGGCCTGA,0,2998835
ratA_yfjF_predicted,0.16666666666666666,5,5,GCGGGAGTATTGGGGAAAAT,0,2996892
ratA_yfjF_predicted,0.16666666666666666,5,5,GCGGAGAAGTGAAAAAATAC,0,3005758
ratA_yfjF_predicted,0.16666666666666666,5,5,GCGCTCCCGCGATTTCTGAT,0,3008346
ratA_yfjF_predicted,0.16666666666666666,5,5,GCGCCTCTCATCCAACTTTA,0,3016005
ratA_yfjF_predicted,0.16666666666666666,5,5,GCGCCGGAGTGTTAAACTTT,0,3003917
ratA_yfjF_predicted,0.16666666666666666,5,5,GCGCCAGGTTTGACACATAG,0,2999136
ratA_yfjF_predicted,0.16666666666666666,5,5,GCGCAAGGAATCGGGGTTTA,0,3008142
ratA_yfjF_predicted,0.16666666666666666,5,5,GCGAGACTAATGGCTACCAC,0,3004508
ratA_yfjF_predicted,0.16666666666666666,5,5,GCCTCCTTCGCGATTTCTCC,0,3017433
ratA_yfjF_predicted,0.16666666666666666,5,5,GCCTCACCCCGGGGTGAGTT,0,3009236
ratA_yfjF_predicted,0.16666666666666666,5,5,GCCTAGCCAGGAGCTGACTC,0,2998314
ratA_yfjF_predicted,0.16666666666666666,5,5,GCCGCCGATACAATCGAGAT,0,2993994
ratA_yfjF_predicted,0.16666666666666666,5,5,GCCGCCCGTCCGTGTTACAT,0,3013758
ratA_yfjF_predicted,0.16666666666666666,5,5,GCCCGCGCCGGGACCCAGTA,0,3021133
ratA_yfjF_predicted,0.16666666666666666,5,5,GCCCGACATCAGATGTTGCA,0,3013466
ratA_yfjF_predicted,0.16666666666666666,5,5,GCCCCATCTGGCGTGTAGAA,0,3020898
ratA_yfjF_predicted,0.16666666666666666,5,5,GCCCATCTCGTAAGTATAGT,0,2996363
ratA_yfjF_predicted,0.16666666666666666,5,5,GCCCATATCTTATTTTAGTC,0,3017590
ratA_yfjF_predicted,0.16666666666666666,5,5,GCCATGCTGCAGTCCACGAC,0,2996665
ratA_yfjF_predicted,0.16666666666666666,5,5,GCATTGAGCTTTTTGCAATG,0,2996606
ratA_yfjF_predicted,0.16666666666666666,5,5,GCAGTAAATCATAATTGGGA,0,3015924
ratA_yfjF_predicted,0.16666666666666666,5,5,GCAGGACAGGGTTATGACCA,0,2997285
ratA_yfjF_predicted,0.16666666666666666,5,5,GCAGCAGCATGGTGGGTTTG,0,3008518
ratA_yfjF_predicted,0.16666666666666666,5,5,GCACGCCCTGCTGCGTATAC,0,3013666
ratA_yfjF_predicted,0.16666666666666666,5,5,GCACAGGAGCCACTGCTCCA,0,3003591
ratA_yfjF_predicted,0.16666666666666666,5,5,GCACACCGTCGTGTAGGCAT,0,3015274
ratA_yfjF_predicted,0.16666666666666666,5,5,GCACAACTGATTACCGTGAG,0,3013158
ratA_yfjF_predicted,0.16666666666666666,5,5,GCAATTAAACCCGATTGCAG,0,3003552
ratA_yfjF_predicted,0.16666666666666666,5,5,GCAACTAACTGTGGTTCCAT,0,3000444
ratA_yfjF_predicted,0.16666666666666666,5,5,GCAAATATCCAAGAGGAAGC,0,2996371
ratA_yfjF_predicted,0.16666666666666666,5,5,GCAAACCTATTTCCCTGCAG,0,3011884
ratA_yfjF_predicted,0.16666666666666666,5,5,GATTTCGACGGGCACTTTTG,0,3011160
ratA_yfjF_predicted,0.16666666666666666,5,5,GATTCGCCCGGCTCACGTTC,0,3015935
ratA_yfjF_predicted,0.16666666666666666,5,5,GATGTGCTATGTAACGTTAT,0,3005599
ratA_yfjF_predicted,0.16666666666666666,5,5,GATGAAGGTATCGTAGTACA,0,2998255
ratA_yfjF_predicted,0.16666666666666666,5,5,GATCTATATTTAACCCATCA,0,3019765
ratA_yfjF_predicted,0.16666666666666666,5,5,GATCGTGGAGCTTCCCTTCA,0,3020273
ratA_yfjF_predicted,0.16666666666666666,5,5,GATCGGAGGGGCGCATTCTT,0,3019796
ratA_yfjF_predicted,0.16666666666666666,5,5,GATCACCCCGTAGTGTAAGG,0,2992496
ratA_yfjF_predicted,0.16666666666666666,5,5,GATCAAAGTCCGAAACGCAA,0,3004057
ratA_yfjF_predicted,0.16666666666666666,5,5,GATAGTGATGGTTACAAGAA,0,2993424
ratA_yfjF_predicted,0.16666666666666666,5,5,GATACCATGGGAAACTGACT,0,3000537
ratA_yfjF_predicted,0.16666666666666666,5,5,GAGTGCCCATTATGTTCGTG,0,3017946
ratA_yfjF_predicted,0.16666666666666666,5,5,GAGTGACGGAAGATAAATGT,0,2998738
ratA_yfjF_predicted,0.16666666666666666,5,5,GAGTCCGGTTGGGTCAATCA,0,3010544
ratA_yfjF_predicted,0.16666666666666666,5,5,GAGTACCTATAATTAGACAC,0,3003613
ratA_yfjF_predicted,0.16666666666666666,5,5,GAGTAACCTGTAAACGGTAC,0,3011555
ratA_yfjF_predicted,0.16666666666666666,5,5,GAGGGACCCCAAAGAGTAAG,0,3020713
ratA_yfjF_predicted,0.16666666666666666,5,5,GAGCGGTCGGTAAGATCAGA,0,3001383
ratA_yfjF_predicted,0.16666666666666666,5,5,GAGCAGCGCGTTAACCATTC,0,3017223
ratA_yfjF_predicted,0.16666666666666666,5,5,GAGACCAAGATCTTGTGCCT,0,3003706
ratA_yfjF_predicted,0.16666666666666666,5,5,GACTTCTTAATCGTCATTTT,0,2999814
ratA_yfjF_predicted,0.16666666666666666,5,5,GACTATGCACCAACGAGCGG,0,2998232
ratA_yfjF_predicted,0.16666666666666666,5,5,GACCTGAGTCTCATGACGGA,0,3021269
ratA_yfjF_predicted,0.16666666666666666,5,5,GACCACCGCGAAGTCCACGA,0,3018722
ratA_yfjF_predicted,0.16666666666666666,5,5,GACACTCGGCCGGAACCCTT,0,3018095
ratA_yfjF_predicted,0.16666666666666666,5,5,GACAACTCCCCCGAATAATT,0,3013238
ratA_yfjF_predicted,0.16666666666666666,5,5,GACAACCGTGATAATGGAGA,0,3011800
ratA_yfjF_predicted,0.16666666666666666,5,5,GAATGGGGGCCAGATCTGAA,0,2995376
ratA_yfjF_predicted,0.16666666666666666,5,5,GAATGCACATCTTTAGGTAT,0,3016371
ratA_yfjF_predicted,0.16666666666666666,5,5,GAATCGTTAATAGGTTAATG,0,3009512
ratA_yfjF_predicted,0.16666666666666666,5,5,GAATCGCATCCTGTAGCTTC,0,3013738
ratA_yfjF_predicted,0.16666666666666666,5,5,GAAGCCCCTTGACACACGGA,0,2995811
ratA_yfjF_predicted,0.16666666666666666,5,5,GAAGAGATGCCGTCCTGTGC,0,3012407
ratA_yfjF_predicted,0.16666666666666666,5,5,GAACAGGATGGACTTGATAA,0,3000872
ratA_yfjF_predicted,0.16666666666666666,5,5,GAAAGCTCTGAACAGCACTT,0,2995557
ratA_yfjF_predicted,0.16666666666666666,5,5,CTTTAATAGTGGGGGGTGTA,0,3006750
ratA_yfjF_predicted,0.16666666666666666,5,5,CTTGGGACGATATGAGCACC,0,2994711
ratA_yfjF_predicted,0.16666666666666666,5,5,CTTGGATAATTCCGCTCAAA,0,3010092
ratA_yfjF_predicted,0.16666666666666666,5,5,CTTCTGGGGTCTGGCGTACT,0,3003626
ratA_yfjF_predicted,0.16666666666666666,5,5,CTTCTAAGTCTACCTGAAGT,0,3008199
ratA_yfjF_predicted,0.16666666666666666,5,5,CTTCGGCACATTTTGGCGGC,0,3003329
ratA_yfjF_predicted,0.16666666666666666,5,5,CTTATCGAAGAAGGAAGATG,0,3019381
ratA_yfjF_predicted,0.16666666666666666,5,5,CTTAGCATTGCTCACTTCAC,0,2998957
ratA_yfjF_predicted,0.16666666666666666,5,5,CTGTGTTATCTATGACCGAA,0,3000428
ratA_yfjF_predicted,0.16666666666666666,5,5,CTGTGGTCGGTCTAGGTTCT,0,3018533
ratA_yfjF_predicted,0.16666666666666666,5,5,CTGTGAACCCTTGGCCGGAC,0,3009435
ratA_yfjF_predicted,0.16666666666666666,5,5,CTGGTTTCCCGTCGAGACCG,0,2997202
ratA_yfjF_predicted,0.16666666666666666,5,5,CTGGGGTAGGCCCTCCGTTA,0,3007724
ratA_yfjF_predicted,0.16666666666666666,5,5,CTGCTTCATCTGGCAGACAT,0,2997748
ratA_yfjF_predicted,0.16666666666666666,5,5,CTGCGTGCGGATTGCAAGAC,0,2991846
ratA_yfjF_predicted,0.16666666666666666,5,5,CTGATTCGATACGGGGGATT,0,2995717
ratA_yfjF_predicted,0.16666666666666666,5,5,CTGATGTCACTCTCCAGCTT,0,3015094
ratA_yfjF_predicted,0.16666666666666666,5,5,CTGAGGGCAGGATGGGCAGA,0,3007110
ratA_yfjF_predicted,0.16666666666666666,5,5,CTGAATAGTGCCGCGGTTCG,0,3014340
ratA_yfjF_predicted,0.16666666666666666,5,5,CTCTCCAGATGTGTGTAAGC,0,3018619
ratA_yfjF_predicted,0.16666666666666666,5,5,CTCGTTGCTATAGTGGAGGC,0,3010405
ratA_yfjF_predicted,0.16666666666666666,5,5,CTCGGCGCTTCCCACAAAAT,0,3008272
ratA_yfjF_predicted,0.16666666666666666,5,5,CTCCTCAGGGGGTCCCAAGA,0,2996824
ratA_yfjF_predicted,0.16666666666666666,5,5,CTCCGGCTTAAATGGCTGTT,0,3010851
ratA_yfjF_predicted,0.16666666666666666,5,5,CTCCCTTCTTGACGGCTCGG,0,3010286
ratA_yfjF_predicted,0.16666666666666666,5,5,CTCCATACAGAATGCGTCCG,0,3015337
ratA_yfjF_predicted,0.16666666666666666,5,5,CTCAGCCAGAGATGGGGATT,0,2991899
ratA_yfjF_predicted,0.16666666666666666,5,5,CTCAATCCCAAAAAACTTTA,0,3004327
ratA_yfjF_predicted,0.16666666666666666,5,5,CTCAAGTTAAGTTAAAAGAG,0,2998261
ratA_yfjF_predicted,0.16666666666666666,5,5,CTATGGAAAATGAGACCGGC,0,2996809
ratA_yfjF_predicted,0.16666666666666666,5,5,CTAGTGACGCGGGCCGCGTT,0,2994517
ratA_yfjF_predicted,0.16666666666666666,5,5,CTACTCTAACGCATAAGGAT,0,3003663
ratA_yfjF_predicted,0.16666666666666666,5,5,CTACCGAATTTAATCGAGAA,0,3012189
ratA_yfjF_predicted,0.16666666666666666,5,5,CTACATGTGTAAGGGAAGGT,0,2998068
ratA_yfjF_predicted,0.16666666666666666,5,5,CTACACAGCGGCCTGCGCGG,0,2994696
ratA_yfjF_predicted,0.16666666666666666,5,5,CGTTTGGTATGTTCAACTTG,0,3000494
ratA_yfjF_predicted,0.16666666666666666,5,5,CGTTTAAGGCCGACAATCTG,0,3002002
ratA_yfjF_predicted,0.16666666666666666,5,5,CGTTCGCATAGCGAGTGTCA,0,2995983
ratA_yfjF_predicted,0.16666666666666666,5,5,CGTTAGGTGCATAGTCATAA,0,3007751
ratA_yfjF_predicted,0.16666666666666666,5,5,CGTGTTTCCCCGTGCGAGCT,0,2998693
ratA_yfjF_predicted,0.16666666666666666,5,5,CGTGGGTGGTGGCAAAACCA,0,2995536
ratA_yfjF_predicted,0.16666666666666666,5,5,CGTCGTCTGTGGCGGATAAA,0,3019909
ratA_yfjF_predicted,0.16666666666666666,5,5,CGTCGCTCGGTGCCATCCGA,0,3000154
ratA_yfjF_predicted,0.16666666666666666,5,5,CGTCGAACGGTTTCTCATGT,0,2998665
ratA_yfjF_predicted,0.16666666666666666,5,5,CGTCGAACGCCGCAATCTGT,0,3010784
ratA_yfjF_predicted,0.16666666666666666,5,5,CGTCCCTACACCTCGCACAG,0,3000440
ratA_yfjF_predicted,0.16666666666666666,5,5,CGTACACTCTGGGCCGCGGC,0,3010476
ratA_yfjF_predicted,0.16666666666666666,5,5,CGTAAGATCGGAAGCATCGG,0,3010706
ratA_yfjF_predicted,0.16666666666666666,5,5,CGTAACAGCCTGGGTAGTTG,0,3001284
ratA_yfjF_predicted,0.16666666666666666,5,5,CGGTTGTGATCTTTGGAACT,0,3020468
ratA_yfjF_predicted,0.16666666666666666,5,5,CGGTGACAGACATACACGGA,0,3008067
ratA_yfjF_predicted,0.16666666666666666,5,5,CGGTCAGAGTGTTTATGACT,0,2992596
ratA_yfjF_predicted,0.16666666666666666,5,5,CGGGTTTTCCATATCGATGA,0,2995099
ratA_yfjF_predicted,0.16666666666666666,5,5,CGGGTTCATGGCGGCCAGCT,0,2997924
ratA_yfjF_predicted,0.16666666666666666,5,5,CGGGGTTTGTTTATGCGCGT,0,3021363
ratA_yfjF_predicted,0.16666666666666666,5,5,CGGGGTTTGGGTGCCGCGAG,0,2992252
ratA_yfjF_predicted,0.16666666666666666,5,5,CGGGGTTATAGTATGGGGTA,0,3007814
ratA_yfjF_predicted,0.16666666666666666,5,5,CGGGCTGAGTACTGGACCCT,0,3014048
ratA_yfjF_predicted,0.16666666666666666,5,5,CGGCTGGCATTCCTGATCAT,0,2995990
ratA_yfjF_predicted,0.16666666666666666,5,5,CGGCGGTAATACGGGATGTT,0,3007315
ratA_yfjF_predicted,0.16666666666666666,5,5,CGGCGCCAGGGCCAGGCTTT,0,3014183
ratA_yfjF_predicted,0.16666666666666666,5,5,CGGCCGAGTCCTGCGCTCCA,0,3014868
ratA_yfjF_predicted,0.16666666666666666,5,5,CGGCCACGAGCAAAACCAGA,0,3014566
ratA_yfjF_predicted,0.16666666666666666,5,5,CGGATCCCAACCCACCGTAA,0,3010100
ratA_yfjF_predicted,0.16666666666666666,5,5,CGGAGTACGATTTTCTGGTC,0,3001039
ratA_yfjF_predicted,0.16666666666666666,5,5,CGGAATAGTGAGTCGCAAAA,0,3008794
ratA_yfjF_predicted,0.16666666666666666,5,5,CGCTTGCTTATCTGTATAGC,0,3003354
ratA_yfjF_predicted,0.16666666666666666,5,5,CGCTTCATGCACTACACCGA,0,2992025
ratA_yfjF_predicted,0.16666666666666666,5,5,CGCTGCTCGCGTGCTTCGTA,0,2996564
ratA_yfjF_predicted,0.16666666666666666,5,5,CGCTCACAGGTGCGTGCAAA,0,2993681
ratA_yfjF_predicted,0.16666666666666666,5,5,CGCTAGTGGAAAATTCCCGT,0,3001949
ratA_yfjF_predicted,0.16666666666666666,5,5,CGCGCTGAGCAAGGGGATCA,0,2998313
ratA_yfjF_predicted,0.16666666666666666,5,5,CGCCTGGAGTTCTGCTGGTG,0,3005001
ratA_yfjF_predicted,0.16666666666666666,5,5,CGCCGCAATGTACTTCATCG,0,3002863
ratA_yfjF_predicted,0.16666666666666666,5,5,CGCCCCAGATTGTTATCCGA,0,2994520
ratA_yfjF_predicted,0.16666666666666666,5,5,CGCCAGTTAGTCGAGCGTGT,0,3005754
ratA_yfjF_predicted,0.16666666666666666,5,5,CGCATATACCCTCCCGTTAA,0,3009650
ratA_yfjF_predicted,0.16666666666666666,5,5,CGCAGGTACCTGCGTTATAC,0,3010403
ratA_yfjF_predicted,0.16666666666666666,5,5,CGATTTCAGTAGGCCGTTTA,0,3006067
ratA_yfjF_predicted,0.16666666666666666,5,5,CGATCGGCAGCATGCCGTTT,0,3005260
ratA_yfjF_predicted,0.16666666666666666,5,5,CCTGGATTGAGAATGTTATA,0,3017979
ratA_yfjF_predicted,0.16666666666666666,5,5,CCTGCACCATACAGATGTAC,0,3009800
ratA_yfjF_predicted,0.16666666666666666,5,5,CCTCTCAGCGCATTACAAGG,0,2992473
ratA_yfjF_predicted,0.16666666666666666,5,5,CCTCAAGGCGTAAGGCGATT,0,3005916
ratA_yfjF_predicted,0.16666666666666666,5,5,CCTACTGGCCACAAGGGCTG,0,3009117
ratA_yfjF_predicted,0.16666666666666666,5,5,CCTAAACGCTTACATGGAGA,0,3017266
ratA_yfjF_predicted,0.16666666666666666,5,5,CCGTTATGACAGAATAGGAT,0,3000696
ratA_yfjF_predicted,0.16666666666666666,5,5,CCGTCACGTCTTTACAGTAT,0,3016853
ratA_yfjF_predicted,0.16666666666666666,5,5,CCGGTGGCACATCGACCCGA,0,3018961
ratA_yfjF_predicted,0.16666666666666666,5,5,CCGGTGGACTATGAGGTATA,0,2995109
ratA_yfjF_predicted,0.16666666666666666,5,5,CCGGTACGATATCAGCCCCT,0,2996810
ratA_yfjF_predicted,0.16666666666666666,5,5,CCGGGTCGTTGATGTATCCT,0,3006774
ratA_yfjF_predicted,0.16666666666666666,5,5,CCGGGTCCGACGCGAGGGGC,0,2998208
ratA_yfjF_predicted,0.16666666666666666,5,5,CCGGGGGGAGTCCACATCAA,0,3005037
ratA_yfjF_predicted,0.16666666666666666,5,5,CCGCTTCTCCTGGGTTGTCA,0,3013691
ratA_yfjF_predicted,0.16666666666666666,5,5,CCGCTCTCCCGCACTTCCTC,0,3015454
ratA_yfjF_predicted,0.16666666666666666,5,5,CCGCTAAGGGGAGCCATCAT,0,3016345
ratA_yfjF_predicted,0.16666666666666666,5,5,CCGACTCGGGTCCTTAAGCT,0,3010660
ratA_yfjF_predicted,0.16666666666666666,5,5,CCGAATATAGCGTTTGACAA,0,3001867
ratA_yfjF_predicted,0.16666666666666666,5,5,CCCTGGTCCGACCGGTCGTA,0,3010935
ratA_yfjF_predicted,0.16666666666666666,5,5,CCCGACCCTCTTTGCGGGGT,0,3002520
ratA_yfjF_predicted,0.16666666666666666,5,5,CCCCTAACCCGTTGCCACAT,0,3020335
ratA_yfjF_predicted,0.16666666666666666,5,5,CCCCGTGCAACATGGTTCAT,0,2995313
ratA_yfjF_predicted,0.16666666666666666,5,5,CCCCCGACCTACCCGGGGAG,0,3007609
ratA_yfjF_predicted,0.16666666666666666,5,5,CCCATGATCTGGATTATCAA,0,3011889
ratA_yfjF_predicted,0.16666666666666666,5,5,CCCACTTGGCAACACGACTG,0,3000586
ratA_yfjF_predicted,0.16666666666666666,5,5,CCCAATCATAGTACTGCGTT,0,2998941
ratA_yfjF_predicted,0.16666666666666666,5,5,CCCAATATCGACGATGTCAC,0,3014049
ratA_yfjF_predicted,0.16666666666666666,5,5,CCATCATCTAAAAAATTATA,0,3007078
ratA_yfjF_predicted,0.16666666666666666,5,5,CCAGGTTGGTTAAATCCCGC,0,3020471
ratA_yfjF_predicted,0.16666666666666666,5,5,CCAGGCTCGTTAATGGCCGT,0,2997685
ratA_yfjF_predicted,0.16666666666666666,5,5,CCAGCGGGTGTTGCCGGCTC,0,3008886
ratA_yfjF_predicted,0.16666666666666666,5,5,CCAGAGCGATCGTACTCATC,0,3004937
ratA_yfjF_predicted,0.16666666666666666,5,5,CCACAATGTAAGTGTGTTAA,0,3000506
ratA_yfjF_predicted,0.16666666666666666,5,5,CCAACCCTCCGATACCTGCG,0,2994034
ratA_yfjF_predicted,0.16666666666666666,5,5,CATTTGCGTCGGGGCTCTCC,0,2997762
ratA_yfjF_predicted,0.16666666666666666,5,5,CATTGAGCTATCTTTTTTGG,0,3009527
ratA_yfjF_predicted,0.16666666666666666,5,5,CATTCAGTGTTAATACGGAC,0,2993482
ratA_yfjF_predicted,0.16666666666666666,5,5,CATTAGAACCGGCGTAGCGG,0,3009480
ratA_yfjF_predicted,0.16666666666666666,5,5,CATGTGGGTGCAGATCACAC,0,2999142
ratA_yfjF_predicted,0.16666666666666666,5,5,CATGTCAGCGTCCCGATCTA,0,2992032
ratA_yfjF_predicted,0.16666666666666666,5,5,CATGGGATCCGAAATCCGAA,0,2995556
ratA_yfjF_predicted,0.16666666666666666,5,5,CATGCGCAAAAACCTAGCGG,0,3015876
ratA_yfjF_predicted,0.16666666666666666,5,5,CATGCCTTCCTGCCAGGAGG,0,3017022
ratA_yfjF_predicted,0.16666666666666666,5,5,CATCTGCAGCTAGGTCAATA,0,3016937
ratA_yfjF_predicted,0.16666666666666666,5,5,CATCGTATACGTCCGTGTGG,0,3002132
ratA_yfjF_predicted,0.16666666666666666,5,5,CATCGATGCGCTCACGCCGC,0,3002443
ratA_yfjF_predicted,0.16666666666666666,5,5,CATCAGTCGGTAGGTAAGCT,0,3005278
ratA_yfjF_predicted,0.16666666666666666,5,5,CATCAGGATAGGGACCGCAA,0,3008680
ratA_yfjF_predicted,0.16666666666666666,5,5,CATATGTTAAGTATTAGTTC,0,3012587
ratA_yfjF_predicted,0.16666666666666666,5,5,CATACTTCCTCTTATGCCTC,0,2999589
ratA_yfjF_predicted,0.16666666666666666,5,5,CAGTGGCATATCCAGGAATA,0,3011030
ratA_yfjF_predicted,0.16666666666666666,5,5,CAGTGGATAATACGCCGGGT,0,3009240
ratA_yfjF_predicted,0.16666666666666666,5,5,CAGTGATGGTGATTGTGGCA,0,3007939
ratA_yfjF_predicted,0.16666666666666666,5,5,CAGTAGGTTTACATTTCCAG,0,3001767
ratA_yfjF_predicted,0.16666666666666666,5,5,CAGTAAGGCGCAACCGCATA,0,2994272
ratA_yfjF_predicted,0.16666666666666666,5,5,CAGGTGGAAACCGGGTAGTA,0,3020217
ratA_yfjF_predicted,0.16666666666666666,5,5,CAGGTCTCAGGGTCGGTCTG,0,3007687
ratA_yfjF_predicted,0.16666666666666666,5,5,CAGGGACCGTGCTGTGACCC,0,3001467
ratA_yfjF_predicted,0.16666666666666666,5,5,CAGCTCTGGGGGACACAATT,0,3020522
ratA_yfjF_predicted,0.16666666666666666,5,5,CAGATCACGAGATAAATCGG,0,3020677
ratA_yfjF_predicted,0.16666666666666666,5,5,CAGAGCAGTCTTAATAGAAT,0,2995749
ratA_yfjF_predicted,0.16666666666666666,5,5,CACGTCAGGATATCAGAGCA,0,2997702
ratA_yfjF_predicted,0.16666666666666666,5,5,CACGTAGGTTCTCTCATGAA,0,3009074
ratA_yfjF_predicted,0.16666666666666666,5,5,CACCTCTCCAGCAGCATCGA,0,3012530
ratA_yfjF_predicted,0.16666666666666666,5,5,CACCGGCCCGACGTCATGTA,0,3000918
ratA_yfjF_predicted,0.16666666666666666,5,5,CACAGGTATCATATGAGGCG,0,3003903
ratA_yfjF_predicted,0.16666666666666666,5,5,CAATCCAAGGAGTTCAGACG,0,3011212
ratA_yfjF_predicted,0.16666666666666666,5,5,CAAGTCAGAATAAATACGGC,0,2993527
ratA_yfjF_predicted,0.16666666666666666,5,5,CAAGGTGAACAATCTATATG,0,3016658
ratA_yfjF_predicted,0.16666666666666666,5,5,CAAGAATACACTACTGTTGT,0,3009692
ratA_yfjF_predicted,0.16666666666666666,5,5,CAAAGTGAGAAGGTACAGAC,0,3011785
ratA_yfjF_predicted,0.16666666666666666,5,5,CAAACCTGGAGCTATAATCG,0,2997211
ratA_yfjF_predicted,0.16666666666666666,5,5,ATTTTGGTTTGCGTGTAGAT,0,3010025
ratA_yfjF_predicted,0.16666666666666666,5,5,ATTTTGAGCACTAGGGCATC,0,2993748
ratA_yfjF_predicted,0.16666666666666666,5,5,ATTTCGCGTGGCAATAACAT,0,2999358
ratA_yfjF_predicted,0.16666666666666666,5,5,ATTTCACAAAACCATCAGAA,0,3017521
ratA_yfjF_predicted,0.16666666666666666,5,5,ATTGTGTGGTTCTGAACGGG,0,3016163
ratA_yfjF_predicted,0.16666666666666666,5,5,ATTGTGCTGAGATAATGCTG,0,3002180
ratA_yfjF_predicted,0.16666666666666666,5,5,ATTGAGACGAGTGTACTTTG,0,2999112
ratA_yfjF_predicted,0.16666666666666666,5,5,ATTCAGTTAAGTGGGAAGTT,0,2996047
ratA_yfjF_predicted,0.16666666666666666,5,5,ATTATGAGCAGTCTTCCGTA,0,3003198
ratA_yfjF_predicted,0.16666666666666666,5,5,ATTACACCCCGACCAGAGTA,0,2995786
ratA_yfjF_predicted,0.16666666666666666,5,5,ATTAACATTTGGTAGTAAGC,0,3002824
ratA_yfjF_predicted,0.16666666666666666,5,5,ATGTAACGTCGCCTTATTGA,0,3016537
ratA_yfjF_predicted,0.16666666666666666,5,5,ATGGTATCGACTGATGCAAT,0,2997310
ratA_yfjF_predicted,0.16666666666666666,5,5,ATGGATGAGATTTAGGAGTG,0,3010981
ratA_yfjF_predicted,0.16666666666666666,5,5,ATGCTCCGCACATCAGGACC,0,3017032
ratA_yfjF_predicted,0.16666666666666666,5,5,ATGCTCACGGCCTGTCGCCT,0,2991907
ratA_yfjF_predicted,0.16666666666666666,5,5,ATGCGGGAACCTCATTCTTG,0,3013248
ratA_yfjF_predicted,0.16666666666666666,5,5,ATGCAGGTATGTCAGGGGCA,0,2995988
ratA_yfjF_predicted,0.16666666666666666,5,5,ATGCAGGAGCCGGAGCACGT,0,3000894
ratA_yfjF_predicted,0.16666666666666666,5,5,ATGCACCGGGTTATAAGTCA,0,3020223
ratA_yfjF_predicted,0.16666666666666666,5,5,ATGATAGAGACACTCGCGTA,0,2998617
ratA_yfjF_predicted,0.16666666666666666,5,5,ATGAATCAACCTGCCTTGCT,0,3018288
ratA_yfjF_predicted,0.16666666666666666,5,5,ATGAACCGCGGAATCGGCCA,0,3017662
ratA_yfjF_predicted,0.16666666666666666,5,5,ATCTTGCCGTTGAGGGGGAC,0,3000694
ratA_yfjF_predicted,0.16666666666666666,5,5,ATCTGCTATATGGTAGCTTT,0,2993935
ratA_yfjF_predicted,0.16666666666666666,5,5,ATCTCGGACTTGGATTAAGA,0,2992265
ratA_yfjF_predicted,0.16666666666666666,5,5,ATCGTTTCACAACTTCCCTA,0,3018068
ratA_yfjF_predicted,0.16666666666666666,5,5,ATCGATGGGCCTGGGTAGAT,0,3017551
ratA_yfjF_predicted,0.16666666666666666,5,5,ATCCTGGAAAGCTCGACTCT,0,2999380
ratA_yfjF_predicted,0.16666666666666666,5,5,ATCCCGTCGCTGGGCTTAGG,0,3011111
ratA_yfjF_predicted,0.16666666666666666,5,5,ATCCATTAGTGATGGGTTCC,0,3013170
ratA_yfjF_predicted,0.16666666666666666,5,5,ATCCATCGGTATTACACAAT,0,3013229
ratA_yfjF_predicted,0.16666666666666666,5,5,ATCCAGCCAAGATATTTGCG,0,2999999
ratA_yfjF_predicted,0.16666666666666666,5,5,ATCCAAGCTCATAGAAGCGC,0,3020767
ratA_yfjF_predicted,0.16666666666666666,5,5,ATCACTCACGTCTTTTTATG,0,3001427
ratA_yfjF_predicted,0.16666666666666666,5,5,ATCACAGTTGGTAAACCCAC,0,3009059
ratA_yfjF_predicted,0.16666666666666666,5,5,ATATCTCATGAACGCTGCCT,0,3015627
ratA_yfjF_predicted,0.16666666666666666,5,5,ATATCGCGTCCGGCGATCGT,0,3015894
ratA_yfjF_predicted,0.16666666666666666,5,5,ATATCGATGTACAACGCCGA,0,3016874
ratA_yfjF_predicted,0.16666666666666666,5,5,ATATATGCGGGCGGCTGATC,0,3006247
ratA_yfjF_predicted,0.16666666666666666,5,5,ATATATACCCACGGGACAAA,0,3009664
ratA_yfjF_predicted,0.16666666666666666,5,5,ATATAGGTGTTTAGGGAGCG,0,3008923
ratA_yfjF_predicted,0.16666666666666666,5,5,ATAGTCTTGCTGGTTCTATA,0,2992434
ratA_yfjF_predicted,0.16666666666666666,5,5,ATAGGGCAAACGGTCACCCG,0,3015917
ratA_yfjF_predicted,0.16666666666666666,5,5,ATAGCCGTCCTCATCCCGCT,0,3005209
ratA_yfjF_predicted,0.16666666666666666,5,5,ATAGATAACAAACTACGCGA,0,3018631
ratA_yfjF_predicted,0.16666666666666666,5,5,ATAGAGCCCAAATTGAGCCC,0,2993453
ratA_yfjF_predicted,0.16666666666666666,5,5,ATAGACATTGCTCTCGGAAT,0,3012645
ratA_yfjF_predicted,0.16666666666666666,5,5,ATACTGATGTTATGACCAGT,0,3014125
ratA_yfjF_predicted,0.16666666666666666,5,5,ATACTAAATGCTGATAAGTT,0,3000961
ratA_yfjF_predicted,0.16666666666666666,5,5,ATACAGTTTGGGCGCGAGCA,0,2992377
ratA_yfjF_predicted,0.16666666666666666,5,5,ATAAGTGGTTCCTACGTTGA,0,2994027
ratA_yfjF_predicted,0.16666666666666666,5,5,ATAAGTATGCCAACTAGGTC,0,3010398
ratA_yfjF_predicted,0.16666666666666666,5,5,ATAACTACACGCAGAGCGGG,0,3017261
ratA_yfjF_predicted,0.16666666666666666,5,5,AGTTTGCAATTGAATAAAGA,0,3008212
ratA_yfjF_predicted,0.16666666666666666,5,5,AGTTCGGCTTCCAAACATAG,0,3014266
ratA_yfjF_predicted,0.16666666666666666,5,5,AGTTCCCGTTAGGGACTTAA,0,3006613
ratA_yfjF_predicted,0.16666666666666666,5,5,AGTGTCCCTAAGACCACCGG,0,3013105
ratA_yfjF_predicted,0.16666666666666666,5,5,AGTCTATTCTTGTAAGACAT,0,2996549
ratA_yfjF_predicted,0.16666666666666666,5,5,AGTCCTCTGCTGTTTGTAGG,0,3016057
ratA_yfjF_predicted,0.16666666666666666,5,5,AGTACGGTGCAGGATCCTTA,0,2996857
ratA_yfjF_predicted,0.16666666666666666,5,5,AGGTGGACCACTTTAACCTC,0,2995405
ratA_yfjF_predicted,0.16666666666666666,5,5,AGGTGCAGCGGAACAGGATG,0,2993338
ratA_yfjF_predicted,0.16666666666666666,5,5,AGGTCGATTTTTTTCTGAGA,0,3004330
ratA_yfjF_predicted,0.16666666666666666,5,5,AGGTAGCATGGTAGGTTGCT,0,3002504
ratA_yfjF_predicted,0.16666666666666666,5,5,AGGGGGTACAGTATGTCCGT,0,3001431
ratA_yfjF_predicted,0.16666666666666666,5,5,AGGGATGATCCGAACCGCTA,0,3019351
ratA_yfjF_predicted,0.16666666666666666,5,5,AGGCTATGGAGCCTCTAAAA,0,2992385
ratA_yfjF_predicted,0.16666666666666666,5,5,AGGCGCCGGGGCCCTAGCGT,0,2997952
ratA_yfjF_predicted,0.16666666666666666,5,5,AGGCGCACTGGGTCCAAGAG,0,3014972
ratA_yfjF_predicted,0.16666666666666666,5,5,AGGCAACTAATTTTAGTGAA,0,3019808
ratA_yfjF_predicted,0.16666666666666666,5,5,AGGATGACACCATGATACTG,0,2993948
ratA_yfjF_predicted,0.16666666666666666,5,5,AGGAGATCTACTTAGGATTC,0,3010513
ratA_yfjF_predicted,0.16666666666666666,5,5,AGGAACTGCCTCGACAGGTC,0,3000838
ratA_yfjF_predicted,0.16666666666666666,5,5,AGCTGGGCAACGCCGGCCGT,0,3019058
ratA_yfjF_predicted,0.16666666666666666,5,5,AGCGTGCGGGATAGGGCTTA,0,3014129
ratA_yfjF_predicted,0.16666666666666666,5,5,AGCGGGTAAGGACGTATGCG,0,3000329
ratA_yfjF_predicted,0.16666666666666666,5,5,AGCGGCTATTGATGAAAAGG,0,3001215
ratA_yfjF_predicted,0.16666666666666666,5,5,AGCGACGGGAGGGCATGCTA,0,3010517
ratA_yfjF_predicted,0.16666666666666666,5,5,AGCATGACCAGCCCGGGCGG,0,3004936
ratA_yfjF_predicted,0.16666666666666666,5,5,AGCAGGGATAGTCCGCCGTT,0,3009651
ratA_yfjF_predicted,0.16666666666666666,5,5,AGCAACTGGACCTAGGCAGT,0,3019486
ratA_yfjF_predicted,0.16666666666666666,5,5,AGATTCAGTCATCGGAGATA,0,3004988
ratA_yfjF_predicted,0.16666666666666666,5,5,AGATGCCCGGTCGTGGTTAT,0,3003392
ratA_yfjF_predicted,0.16666666666666666,5,5,AGATGCCATGCGTAACCCGG,0,3009080
ratA_yfjF_predicted,0.16666666666666666,5,5,AGATCCTACTGGTCCTCCAC,0,2994549
ratA_yfjF_predicted,0.16666666666666666,5,5,AGATATTTGCCAGACAAGAT,0,3017321
ratA_yfjF_predicted,0.16666666666666666,5,5,AGATATACTCATGCGAAATG,0,3012438
ratA_yfjF_predicted,0.16666666666666666,5,5,AGATAAAAGGGCTCAGGAAC,0,3008256
ratA_yfjF_predicted,0.16666666666666666,5,5,AGAGGGTTCTGCGTCCGGAG,0,2992912
ratA_yfjF_predicted,0.16666666666666666,5,5,AGAGGGTAAGTCGGAGTAGC,0,2999410
ratA_yfjF_predicted,0.16666666666666666,5,5,AGAGCAGTGTACGTCACAAG,0,3003777
ratA_yfjF_predicted,0.16666666666666666,5,5,AGAGAAGGAGACGATTGCCA,0,3018574
ratA_yfjF_predicted,0.16666666666666666,5,5,AGACTGTATATGGACATTGG,0,3009465
ratA_yfjF_predicted,0.16666666666666666,5,5,AGACGGGAGGTTAGCAAAGA,0,2994663
ratA_yfjF_predicted,0.16666666666666666,5,5,ACTTTCATATCCTTCAGGGT,0,3020446
ratA_yfjF_predicted,0.16666666666666666,5,5,ACTTTAAAGCCCTTGACCTA,0,3005428
ratA_yfjF_predicted,0.16666666666666666,5,5,ACTTAAAATGTCTGTTTTAA,0,3000681
ratA_yfjF_predicted,0.16666666666666666,5,5,ACTGTGGGCACAGATTCTGT,0,2992600
ratA_yfjF_predicted,0.16666666666666666,5,5,ACTGATATATCGGCAGTAAT,0,3003285
ratA_yfjF_predicted,0.16666666666666666,5,5,ACTCGCGCGAGAACTTATAG,0,2995285
ratA_yfjF_predicted,0.16666666666666666,5,5,ACTCAGCCTCACGCCTACCT,0,3006341
ratA_yfjF_predicted,0.16666666666666666,5,5,ACGTTGCACATGTTCGGGGT,0,2993173
ratA_yfjF_predicted,0.16666666666666666,5,5,ACGTCCGGTTTCATACATCA,0,3001935
ratA_yfjF_predicted,0.16666666666666666,5,5,ACGTCAAGCCGTAGTATAAT,0,2997300
ratA_yfjF_predicted,0.16666666666666666,5,5,ACGGGCATTGTACAAGAAAG,0,3005190
ratA_yfjF_predicted,0.16666666666666666,5,5,ACGGGAAGGCGACTGCATTC,0,3003170
ratA_yfjF_predicted,0.16666666666666666,5,5,ACGGATATCTAAGATTTTAA,0,3012349
ratA_yfjF_predicted,0.16666666666666666,5,5,ACGCAGGGGGCCTGAACCAG,0,3015433
ratA_yfjF_predicted,0.16666666666666666,5,5,ACGATTGACAGCCGTGGGGG,0,3007491
ratA_yfjF_predicted,0.16666666666666666,5,5,ACGATTCGACCTTTGTGTGT,0,3020859
ratA_yfjF_predicted,0.16666666666666666,5,5,ACCGGGTATCCATCTCACCC,0,2992987
ratA_yfjF_predicted,0.16666666666666666,5,5,ACCGCGCAGGTCAAGCGTTT,0,3002803
ratA_yfjF_predicted,0.16666666666666666,5,5,ACCGAGTCCGCAAAGTTACA,0,2996598
ratA_yfjF_predicted,0.16666666666666666,5,5,ACCCGGCCTGCCGCACATAA,0,3010801
ratA_yfjF_predicted,0.16666666666666666,5,5,ACCCATTTGGCTCAGTTAGT,0,3014033
ratA_yfjF_predicted,0.16666666666666666,5,5,ACCCAGGTACAAAAACGATA,0,2998583
ratA_yfjF_predicted,0.16666666666666666,5,5,ACCATTCAAGAGAGGTGAAT,0,2994675
ratA_yfjF_predicted,0.16666666666666666,5,5,ACCATATGATCTAGACAATA,0,3018846
ratA_yfjF_predicted,0.16666666666666666,5,5,ACCATAATTGAATAACAATG,0,3018385
ratA_yfjF_predicted,0.16666666666666666,5,5,ACCAGGAGCGGTGCATCGGT,0,2991940
ratA_yfjF_predicted,0.16666666666666666,5,5,ACCACCCGAAGGATCTGCCT,0,3004890
ratA_yfjF_predicted,0.16666666666666666,5,5,ACATATGAGGGACGGCGTCA,0,2998279
ratA_yfjF_predicted,0.16666666666666666,5,5,ACAGTATGCCTCGCGTGATT,0,3009804
ratA_yfjF_predicted,0.16666666666666666,5,5,ACAGCGCGGACGTTTCAAGC,0,2997117
ratA_yfjF_predicted,0.16666666666666666,5,5,ACAGCGAGTTCGGGTTTCGG,0,3015528
ratA_yfjF_predicted,0.16666666666666666,5,5,ACAGATTGTGTTTTAGGAAG,0,3013813
ratA_yfjF_predicted,0.16666666666666666,5,5,ACAGAGGGGAGCATAGGTTA,0,3011956
ratA_yfjF_predicted,0.16666666666666666,5,5,ACAGACACTTATAGCTGTTC,0,3009265
ratA_yfjF_predicted,0.16666666666666666,5,5,ACACCCAACAGCTGCCCGTA,0,2993115
ratA_yfjF_predicted,0.16666666666666666,5,5,ACAAAAAGTGAGTATGTAAT,0,3013964
ratA_yfjF_predicted,0.16666666666666666,5,5,AATTGGCCGACATAAAGGAC,0,3004549
ratA_yfjF_predicted,0.16666666666666666,5,5,AATTAATTGAGCTAATTATG,0,2995262
ratA_yfjF_predicted,0.16666666666666666,5,5,AATTAACTCTACAGAGGTCC,0,3013737
ratA_yfjF_predicted,0.16666666666666666,5,5,AATGTCTGGGTGAAACCTGG,0,3004811
ratA_yfjF_predicted,0.16666666666666666,5,5,AATGGCCTTTGAAGGCATTT,0,3004143
ratA_yfjF_predicted,0.16666666666666666,5,5,AATGGATATGATCCAATTTT,0,3012767
ratA_yfjF_predicted,0.16666666666666666,5,5,AATGCTTGACTATCCATAAG,0,3002769
ratA_yfjF_predicted,0.16666666666666666,5,5,AATGCGACGACGCATCTAAA,0,3008492
ratA_yfjF_predicted,0.16666666666666666,5,5,AATCTCGTAACCAAGCAGTT,0,2998106
ratA_yfjF_predicted,0.16666666666666666,5,5,AATCGTTCGGACGGTCAAGG,0,3016587
ratA_yfjF_predicted,0.16666666666666666,5,5,AATAACTGTCGTGGCAAGAC,0,3020069
ratA_yfjF_predicted,0.16666666666666666,5,5,AAGTCGTCTCCAGGAGCCAA,0,3014609
ratA_yfjF_predicted,0.16666666666666666,5,5,AAGGTTCCATAGTGGAACAC,0,3012628
ratA_yfjF_predicted,0.16666666666666666,5,5,AAGGTGCCCATGGGGCGAAG,0,2995615
ratA_yfjF_predicted,0.16666666666666666,5,5,AAGGTATCCACAGCTGCCAG,0,2995198
ratA_yfjF_predicted,0.16666666666666666,5,5,AAGGGTCGTGTTGCCACTTG,0,3002173
ratA_yfjF_predicted,0.16666666666666666,5,5,AAGGCTGGGATTGTGGCCGA,0,2999227
ratA_yfjF_predicted,0.16666666666666666,5,5,AAGGAGAGGGTAACGTTCAC,0,3018980
ratA_yfjF_predicted,0.16666666666666666,5,5,AAGGAACAGATCTGAGTAAA,0,3002701
ratA_yfjF_predicted,0.16666666666666666,5,5,AAGGAAATCGAGTTCGACAA,0,3011194
ratA_yfjF_predicted,0.16666666666666666,5,5,AAGCCTGGAGAGGTTTTTTG,0,2996290
ratA_yfjF_predicted,0.16666666666666666,5,5,AAGCACTAGTGGCCGCTGCT,0,3014885
ratA_yfjF_predicted,0.16666666666666666,5,5,AAGATTGAATGGGACAGCTA,0,3001412
ratA_yfjF_predicted,0.16666666666666666,5,5,AAGAGGAATCCTAAACACAT,0,2999469
ratA_yfjF_predicted,0.16666666666666666,5,5,AACTGGCGAGGGGTGCTCGT,0,2996367
ratA_yfjF_predicted,0.16666666666666666,5,5,AACGCCTCAGAGACTAGCAT,0,2992723
ratA_yfjF_predicted,0.16666666666666666,5,5,AACCCTAGCATATTGGAGCA,0,3013130
ratA_yfjF_predicted,0.16666666666666666,5,5,AACCAGGAGAAGTCGCTTAG,0,2996839
ratA_yfjF_predicted,0.16666666666666666,5,5,AACAATGCGCCCGGCCAGCT,0,3011321
ratA_yfjF_predicted,0.16666666666666666,5,5,AAATTGGACGCCCATCGGCA,0,3017392
ratA_yfjF_predicted,0.16666666666666666,5,5,AAATTAGTGGAGCCCAGATA,0,2992061
ratA_yfjF_predicted,0.16666666666666666,5,5,AAAGTTCAGAGTCGCGCAAA,0,3002394
ratA_yfjF_predicted,0.16666666666666666,5,5,AAAGTCGTTCCCGGAAGTAG,0,3012450
ratA_yfjF_predicted,0.16666666666666666,5,5,AAAGCGTCGAACGCTGTTTA,0,3017643
ratA_yfjF_predicted,0.16666666666666666,5,5,AAAGCACAGATCCACTATTA,0,3010555
ratA_yfjF_predicted,0.16666666666666666,5,5,AAACTGTCGAAGGCGGTAGA,0,3008823
ratA_yfjF_predicted,0.16666666666666666,5,5,AAACCTGGCCCGTGAAAGTC,0,3018115
ratA_yfjF_predicted,0.16666666666666666,5,5,AAACCAGTGGTGTGGTTAAA,0,2999740
ratA_yfjF_predicted,0.16666666666666666,5,5,AAACATCTCCCACAACTTAG,0,3008308
ratA_yfjF_predicted,0.16666666666666666,5,5,AAAATCGGAACTAAGTTCTG,0,3012672
ratA_yfjF_predicted,0.16666666666666666,5,5,AAAAAACTTATACATGGAAC,0,3020759
ratA_yfjF_predicted,0.2,4,4,TTTTGTTCTCCGTGTCGGCA,0,2992651
ratA_yfjF_predicted,0.2,4,4,TTTTCGTAGTTTTACTTTGG,0,3008086
ratA_yfjF_predicted,0.2,4,4,TTTTCCTGTGTATACGCTTG,0,3014643
ratA_yfjF_predicted,0.2,4,4,TTTTCATACAATAGTTCTAA,0,3015140
ratA_yfjF_predicted,0.2,4,4,TTTTATTGAACTGGTAGTGG,0,3011360
ratA_yfjF_predicted,0.2,4,4,TTTGACGTTTTGTTCCCGGA,0,3011750
ratA_yfjF_predicted,0.2,4,4,TTTCTTGATCGTCAAATTAC,0,2997585
ratA_yfjF_predicted,0.2,4,4,TTTCTCGAGGAAGCTTGTTG,0,3007690
ratA_yfjF_predicted,0.2,4,4,TTTCGTCTTGCACACGGCAT,0,3002423
ratA_yfjF_predicted,0.2,4,4,TTTCGGGTATTAACCACTTT,0,3011794
ratA_yfjF_predicted,0.2,4,4,TTTCCCGAATTGTGTCCGTC,0,2999371
ratA_yfjF_predicted,0.2,4,4,TTTCATTGAATAACAGGTGG,0,3020218
ratA_yfjF_predicted,0.2,4,4,TTTCAACTCAGACCGCAAGA,0,3011637
ratA_yfjF_predicted,0.2,4,4,TTTCAACCTATAGCATGAAT,0,3021464
ratA_yfjF_predicted,0.2,4,4,TTTATGTGATTCAATTGGCA,0,3010281
ratA_yfjF_predicted,0.2,4,4,TTTATACTTATTATGCTCGG,0,3019509
ratA_yfjF_predicted,0.2,4,4,TTTACCTTAGTTTTTCAACG,0,3020369
ratA_yfjF_predicted,0.2,4,4,TTTAACCTGTGTTGTTGCAG,0,3006658
ratA_yfjF_predicted,0.2,4,4,TTGTTTTTTACGCCGTAGAT,0,3019580
ratA_yfjF_predicted,0.2,4,4,TTGTTGTAGTTTGGTATAAA,0,3014550
ratA_yfjF_predicted,0.2,4,4,TTGTTCATGTCGCTGACGAT,0,3001780
ratA_yfjF_predicted,0.2,4,4,TTGTCTGGATGACCGAACGC,0,3013822
ratA_yfjF_predicted,0.2,4,4,TTGTAGTCGGGCAATCGTCA,0,2999614
ratA_yfjF_predicted,0.2,4,4,TTGTAGGCCACCGCGCGGCC,0,2995849
ratA_yfjF_predicted,0.2,4,4,TTGTACATAGACTATATGAG,0,3009978
ratA_yfjF_predicted,0.2,4,4,TTGGTCGAGGCGGCACCTAG,0,3003159
ratA_yfjF_predicted,0.2,4,4,TTGGAAAATAAGGAATCTTA,0,3010953
ratA_yfjF_predicted,0.2,4,4,TTGCGTCGTTAGCACCATCT,0,3011076
ratA_yfjF_predicted,0.2,4,4,TTGCCCTTGAGTTCAACGGT,0,3008123
ratA_yfjF_predicted,0.2,4,4,TTGCCACTATCGCCGCGGGG,0,3010337
ratA_yfjF_predicted,0.2,4,4,TTGCACACGGCTATATTTTC,0,2995013
ratA_yfjF_predicted,0.2,4,4,TTGCAAAAGTACGTATGACA,0,3003702
ratA_yfjF_predicted,0.2,4,4,TTGATCATCACACGTAGAGG,0,2999320
ratA_yfjF_predicted,0.2,4,4,TTGAGGTCCCTGGGTTGCAA,0,3016980
ratA_yfjF_predicted,0.2,4,4,TTGAGCCTAACGGTAAGCCG,0,3020304
ratA_yfjF_predicted,0.2,4,4,TTGACTGCTACCCAACCTTG,0,2992415
ratA_yfjF_predicted,0.2,4,4,TTGAATGTACGCGTCGCCGC,0,2993410
ratA_yfjF_predicted,0.2,4,4,TTGAAACTAGCCCGATTCAT,0,2995346
ratA_yfjF_predicted,0.2,4,4,TTCTTTGCACAGTGTCGTCA,0,3005165
ratA_yfjF_predicted,0.2,4,4,TTCTTGCGATTGAGATATAC,0,3012784
ratA_yfjF_predicted,0.2,4,4,TTCTGGTAGCTAGGGCTAAA,0,3020280
ratA_yfjF_predicted,0.2,4,4,TTCTGGATAGATTAACGTAC,0,3001048
ratA_yfjF_predicted,0.2,4,4,TTCTCGCCGCTGATTGGGTG,0,3002965
ratA_yfjF_predicted,0.2,4,4,TTCCGTTGCAGAAGGCAGCT,0,3020060
ratA_yfjF_predicted,0.2,4,4,TTCCGTAGTATCGGAGAGTC,0,2999280
ratA_yfjF_predicted,0.2,4,4,TTCACAGCTGGGCCGTGAAC,0,2999907
ratA_yfjF_predicted,0.2,4,4,TTCACACGGATTTCGAAGCA,0,3013069
ratA_yfjF_predicted,0.2,4,4,TTCAAACATAAGCGCAACAT,0,3010365
ratA_yfjF_predicted,0.2,4,4,TTATTAATTAATGATTTTTC,0,3017367
ratA_yfjF_predicted,0.2,4,4,TTATCTCCTAGTTGGTGCTG,0,3016935
ratA_yfjF_predicted,0.2,4,4,TTATAACCTTAATGTGAGTT,0,3013071
ratA_yfjF_predicted,0.2,4,4,TTACTACTTGGTTTGTCCAT,0,3008195
ratA_yfjF_predicted,0.2,4,4,TTAAACGATTTCGGATGACA,0,3006861
ratA_yfjF_predicted,0.2,4,4,TGTTAAGGACACGAATCGGT,0,3018985
ratA_yfjF_predicted,0.2,4,4,TGTGCAGATGTAAGTCTTCA,0,2991942
ratA_yfjF_predicted,0.2,4,4,TGTGATATAGCGCTACCTAA,0,3007277
ratA_yfjF_predicted,0.2,4,4,TGTGAAGAGCACGTGGTGTA,0,3012066
ratA_yfjF_predicted,0.2,4,4,TGTCTATAGACTTATCGACT,0,3016953
ratA_yfjF_predicted,0.2,4,4,TGTCACTCTCATAACAGACG,0,3013257
ratA_yfjF_predicted,0.2,4,4,TGTAGTGCTAAATGCTGGCT,0,2993972
ratA_yfjF_predicted,0.2,4,4,TGTAGGGCTGGGTCTCACGT,0,3018102
ratA_yfjF_predicted,0.2,4,4,TGGTTGGTTTCTACCACAGA,0,3000209
ratA_yfjF_predicted,0.2,4,4,TGGTGCCACAATGTACTTCA,0,2997736
ratA_yfjF_predicted,0.2,4,4,TGGTCAAGGACTCGTCCCAG,0,3012804
ratA_yfjF_predicted,0.2,4,4,TGGTATCTCGCGAGCGGCTG,0,3016081
ratA_yfjF_predicted,0.2,4,4,TGGTAGGGGCGGCAGTAATT,0,2998272
ratA_yfjF_predicted,0.2,4,4,TGGGTTACGGCAATAGTCCC,0,3021357
ratA_yfjF_predicted,0.2,4,4,TGGGGTGGAGACCGCAATCC,0,3001916
ratA_yfjF_predicted,0.2,4,4,TGGGGACTGTGCACCCATAT,0,3012510
ratA_yfjF_predicted,0.2,4,4,TGGGCACGTCTGTACAGGAT,0,2997514
ratA_yfjF_predicted,0.2,4,4,TGGCGTACAGTGAAATAGAA,0,2995613
ratA_yfjF_predicted,0.2,4,4,TGGCGCAGCAAGCCAGTGTC,0,3012619
ratA_yfjF_predicted,0.2,4,4,TGGCCCAACGTTGCCCCCAG,0,3007720
ratA_yfjF_predicted,0.2,4,4,TGGACAAGTTTAAATTACAT,0,3012272
ratA_yfjF_predicted,0.2,4,4,TGGAAGGAGTCAGGACTTAT,0,3005410
ratA_yfjF_predicted,0.2,4,4,TGCTTTCTTAACCGGATGTA,0,2996405
ratA_yfjF_predicted,0.2,4,4,TGCTTTCGATAGTATGTGCC,0,2995289
ratA_yfjF_predicted,0.2,4,4,TGCTCGAGAACGACACAAGA,0,3019633
ratA_yfjF_predicted,0.2,4,4,TGCGCTTCTCGGGGTGAACA,0,3011805
ratA_yfjF_predicted,0.2,4,4,TGCCTCTCGGACGGATAAGA,0,3004971
ratA_yfjF_predicted,0.2,4,4,TGCCGCCCATTGGGATACAA,0,3021111
ratA_yfjF_predicted,0.2,4,4,TGCCAGGAAGCATCAGGAAG,0,2996797
ratA_yfjF_predicted,0.2,4,4,TGCATTGTTATGATCCTGCA,0,3009511
ratA_yfjF_predicted,0.2,4,4,TGATTAGGAGTGATGTCTGT,0,3005649
ratA_yfjF_predicted,0.2,4,4,TGAGGAGCGAATTGCCCCGC,0,3014764
ratA_yfjF_predicted,0.2,4,4,TGACAAGGTTGAGCGCGCAG,0,3019040
ratA_yfjF_predicted,0.2,4,4,TGAATAAGTTCTTAGTACAG,0,3004350
ratA_yfjF_predicted,0.2,4,4,TGAACTGGGCGGAGACTACG,0,3009530
ratA_yfjF_predicted,0.2,4,4,TCTTCCGTGGCCGTTGCATT,0,3021085
ratA_yfjF_predicted,0.2,4,4,TCTTATAATACAGGGAGTGG,0,3010842
ratA_yfjF_predicted,0.2,4,4,TCTGGTGCGTGATTACATGG,0,3012974
ratA_yfjF_predicted,0.2,4,4,TCTGCTATTATAACGCCTGA,0,2999400
ratA_yfjF_predicted,0.2,4,4,TCTGATTAGCGCATCTCTCA,0,3018895
ratA_yfjF_predicted,0.2,4,4,TCTGACAGGTCCGATAGTAA,0,2997025
ratA_yfjF_predicted,0.2,4,4,TCTCGTCTTTAGCCGTGTCC,0,2992373
ratA_yfjF_predicted,0.2,4,4,TCTCGGGGATACAAGGCGAC,0,3007457
ratA_yfjF_predicted,0.2,4,4,TCTCGCCACATATGCCCGAT,0,2993977
ratA_yfjF_predicted,0.2,4,4,TCTCCAGGTGGTAATAAATG,0,3011065
ratA_yfjF_predicted,0.2,4,4,TCTATCGTGTGAAAATGCAT,0,3011471
ratA_yfjF_predicted,0.2,4,4,TCTAGAGGGAGCGTTTTAAC,0,3015910
ratA_yfjF_predicted,0.2,4,4,TCGTTGCGCTGGGGGCCATG,0,2995505
ratA_yfjF_predicted,0.2,4,4,TCGTGCATCGGCGCAGGTAG,0,2997913
ratA_yfjF_predicted,0.2,4,4,TCGGTTTTCTAAAAGAAGAG,0,2993430
ratA_yfjF_predicted,0.2,4,4,TCGGGGCAACATCATCCCAT,0,3015041
ratA_yfjF_predicted,0.2,4,4,TCGGCATATCCAGGCCGCTA,0,2998730
ratA_yfjF_predicted,0.2,4,4,TCGGAGCCGGGAATCGCAGC,0,2998638
ratA_yfjF_predicted,0.2,4,4,TCGCTTGCGATCTTTGTTCA,0,2997645
ratA_yfjF_predicted,0.2,4,4,TCGCTTAGACCCAATCCTGT,0,3011714
ratA_yfjF_predicted,0.2,4,4,TCGATTGTAAGACTTCTGCA,0,3008712
ratA_yfjF_predicted,0.2,4,4,TCGAGGGGTTGAGGACGTGC,0,3018363
ratA_yfjF_predicted,0.2,4,4,TCGACTTCATATCTTAAGTC,0,2997107
ratA_yfjF_predicted,0.2,4,4,TCGAATCTTTCACAGCAAGG,0,3012301
ratA_yfjF_predicted,0.2,4,4,TCCTTTGTTACGATTTGAGG,0,2992745
ratA_yfjF_predicted,0.2,4,4,TCCTGCAAAAAGTTGGTTCA,0,3016061
ratA_yfjF_predicted,0.2,4,4,TCCTCGGCGGAGCTTCACGC,0,3016334
ratA_yfjF_predicted,0.2,4,4,TCCGTGCGGATGACTCTCAG,0,3016335
ratA_yfjF_predicted,0.2,4,4,TCCGGTGTATTTGTTATGCC,0,3007099
ratA_yfjF_predicted,0.2,4,4,TCCGGGGCAAGAAAAAAGTT,0,3020339
ratA_yfjF_predicted,0.2,4,4,TCCGCACTGTCATGCAACCT,0,2993011
ratA_yfjF_predicted,0.2,4,4,TCCCTACTCGATGGAGATTC,0,2995503
ratA_yfjF_predicted,0.2,4,4,TCCCTAAGTGTACCCATAGT,0,3019132
ratA_yfjF_predicted,0.2,4,4,TCCCGTTAGCGATTGGGTGT,0,3000820
ratA_yfjF_predicted,0.2,4,4,TCCCCTTATAGGCCGCGTGA,0,3007824
ratA_yfjF_predicted,0.2,4,4,TCCCCCAGGTACCACCTCGT,0,3002250
ratA_yfjF_predicted,0.2,4,4,TCCCCATAAAACATACGAAG,0,3012330
ratA_yfjF_predicted,0.2,4,4,TCCATGGACTGGCTGTCAGT,0,3021492
ratA_yfjF_predicted,0.2,4,4,TCCAGCTCCGTTATGTGCAT,0,3019742
ratA_yfjF_predicted,0.2,4,4,TCCAGAGCCACGGGTAAAGC,0,3014335
ratA_yfjF_predicted,0.2,4,4,TCCAAATTAAGTATCGACGA,0,2992679
ratA_yfjF_predicted,0.2,4,4,TCATAGCAGGTCAGCTTATG,0,3002510
ratA_yfjF_predicted,0.2,4,4,TCAGTTGTAGGCGGACGTAG,0,3017663
ratA_yfjF_predicted,0.2,4,4,TCAGCTATATTCGATCATTT,0,3016623
ratA_yfjF_predicted,0.2,4,4,TCAGAAATAAAAGACCGCAA,0,3004479
ratA_yfjF_predicted,0.2,4,4,TCACTTTGGGGAGCGGGCTA,0,2996235
ratA_yfjF_predicted,0.2,4,4,TCACGTGCTACTTAACTAAC,0,3006297
ratA_yfjF_predicted,0.2,4,4,TCACGTACCCTAGGATATAT,0,3001781
ratA_yfjF_predicted,0.2,4,4,TCACGGTATTGTTGGTGTAT,0,3020241
ratA_yfjF_predicted,0.2,4,4,TCACCTCGTACTCGACGGCA,0,3018648
ratA_yfjF_predicted,0.2,4,4,TCAACTATGATTGACACCTC,0,3017415
ratA_yfjF_predicted,0.2,4,4,TATTTGTTTACGAAGGTCAT,0,3003162
ratA_yfjF_predicted,0.2,4,4,TATTGTGCGATGCTGTTTGT,0,3011469
ratA_yfjF_predicted,0.2,4,4,TATTCTCAAGTTTGTGCCCG,0,3019557
ratA_yfjF_predicted,0.2,4,4,TATTCGAGCTGAGGGGGAAA,0,3020429
ratA_yfjF_predicted,0.2,4,4,TATGTTATACGGATCCACTT,0,2992626
ratA_yfjF_predicted,0.2,4,4,TATGCGCGAGCCATACTCTC,0,2996732
ratA_yfjF_predicted,0.2,4,4,TATGCACGGACCTGGGTTCT,0,2995007
ratA_yfjF_predicted,0.2,4,4,TATGACTATCCACCCTACGG,0,2994252
ratA_yfjF_predicted,0.2,4,4,TATCAAGATTTGATGGGCAA,0,3000931
ratA_yfjF_predicted,0.2,4,4,TATACCCACCTGAGGTGCTA,0,3009821
ratA_yfjF_predicted,0.2,4,4,TAGGTACCTAGATGCAGTGT,0,2997686
ratA_yfjF_predicted,0.2,4,4,TAGGGTCTGGTACCCATGCT,0,2992967
ratA_yfjF_predicted,0.2,4,4,TAGGGGCGGCGGCCTTTCCA,0,3002640
ratA_yfjF_predicted,0.2,4,4,TAGGGCGAACGACTTAATCT,0,3005614
ratA_yfjF_predicted,0.2,4,4,TAGGCTACGAACTGCTCCTG,0,3013021
ratA_yfjF_predicted,0.2,4,4,TAGGCCCAGGCCTGTTTTAT,0,3016877
ratA_yfjF_predicted,0.2,4,4,TAGCGAATGTACTAGCAAAT,0,3008453
ratA_yfjF_predicted,0.2,4,4,TAGCATAAGCGGCCGGTGAT,0,3010302
ratA_yfjF_predicted,0.2,4,4,TAGAGTCATGGTGTCTGCGG,0,3010941
ratA_yfjF_predicted,0.2,4,4,TAGAGAACGTGAGTCGCCAA,0,3019406
ratA_yfjF_predicted,0.2,4,4,TACTTTGCTACCTCACACCA,0,3001873
ratA_yfjF_predicted,0.2,4,4,TACTCTACCGTACCTATGCA,0,3005036
ratA_yfjF_predicted,0.2,4,4,TACGTGAGCCATGATTACCG,0,3017921
ratA_yfjF_predicted,0.2,4,4,TACGGGGATTAGTTTGTATG,0,3000788
ratA_yfjF_predicted,0.2,4,4,TACGAGCGAATCGAAAGGGT,0,3017746
ratA_yfjF_predicted,0.2,4,4,TACGACGGCCCGTCGATTGC,0,3007749
ratA_yfjF_predicted,0.2,4,4,TACGAATAAGAGCCGGCCCG,0,3019170
ratA_yfjF_predicted,0.2,4,4,TACCGCCCGTATAAACCTTA,0,2998403
ratA_yfjF_predicted,0.2,4,4,TACCCCGGGGACCCAGTAAA,0,3005204
ratA_yfjF_predicted,0.2,4,4,TACCAACTTGCGTGAGAAGC,0,3004247
ratA_yfjF_predicted,0.2,4,4,TACATTTCCCCGTCGCCAAT,0,2998801
ratA_yfjF_predicted,0.2,4,4,TACAGACCAATGCAATAAAT,0,2995805
ratA_yfjF_predicted,0.2,4,4,TAATTGCCAGCTTTTTAACT,0,3003125
ratA_yfjF_predicted,0.2,4,4,TAATGTGTGGAACCTCAGAG,0,3007076
ratA_yfjF_predicted,0.2,4,4,TAATGATTACGGACTCCGTA,0,3001382
ratA_yfjF_predicted,0.2,4,4,TAATCAGTGTTAAAGCCGGC,0,2998338
ratA_yfjF_predicted,0.2,4,4,TAAGTCATCAAAGAAAAACA,0,3005459
ratA_yfjF_predicted,0.2,4,4,TAAGAGACTTTTCGATTTAA,0,3004973
ratA_yfjF_predicted,0.2,4,4,TAACTAGCTGGCCCCCGCGC,0,3009443
ratA_yfjF_predicted,0.2,4,4,TAACCCTCTGGTAGGACACA,0,3004802
ratA_yfjF_predicted,0.2,4,4,TAACCCGCATCCAGCGGTCT,0,3003237
ratA_yfjF_predicted,0.2,4,4,TAACAGAGTGAGTGGTACGT,0,3019288
ratA_yfjF_predicted,0.2,4,4,TAAATAGCATTACACGGGTC,0,2999189
ratA_yfjF_predicted,0.2,4,4,TAAAGTGTCCGCTCAAGGGA,0,3011791
ratA_yfjF_predicted,0.2,4,4,TAAAGGGCCAGCCAGCAGGG,0,2996860
ratA_yfjF_predicted,0.2,4,4,TAAAGCGAGCTCCATTATGC,0,3021206
ratA_yfjF_predicted,0.2,4,4,GTTGAACTGGGTAGAGAACC,0,2995739
ratA_yfjF_predicted,0.2,4,4,GTTCTCAATCCAGAATTCGC,0,3009375
ratA_yfjF_predicted,0.2,4,4,GTTCGCTAGATCGGGCTTGG,0,3016754
ratA_yfjF_predicted,0.2,4,4,GTTCGCATAGCACACATTGT,0,3013135
ratA_yfjF_predicted,0.2,4,4,GTTCGAGAGCAGGTCGCACA,0,3013385
ratA_yfjF_predicted,0.2,4,4,GTTCAGTAGAACAAATTGTC,0,2998432
ratA_yfjF_predicted,0.2,4,4,GTTATGAATTGCGCCGGGAG,0,3016204
ratA_yfjF_predicted,0.2,4,4,GTTACAGGATGCCTCACTAC,0,3006461
ratA_yfjF_predicted,0.2,4,4,GTTAACCAACGCGTCCGCGG,0,2996065
ratA_yfjF_predicted,0.2,4,4,GTGTGACCGGTCCTTATTCG,0,3020870
ratA_yfjF_predicted,0.2,4,4,GTGTACACTACCCACGCACA,0,3020828
ratA_yfjF_predicted,0.2,4,4,GTGGTGAATGTCTAGACTAT,0,2998806
ratA_yfjF_predicted,0.2,4,4,GTGGCATTGACGCCGGAACT,0,2991870
ratA_yfjF_predicted,0.2,4,4,GTGGCATTGAACCCACTGTC,0,3016409
ratA_yfjF_predicted,0.2,4,4,GTGCGGTGCTTGGACCTTGG,0,3016584
ratA_yfjF_predicted,0.2,4,4,GTGATCTCTTTTGAACTGTG,0,2998063
ratA_yfjF_predicted,0.2,4,4,GTCTCCTGATGAATAAGAGT,0,3013072
ratA_yfjF_predicted,0.2,4,4,GTCTACCTCGACGCCATCGA,0,3004556
ratA_yfjF_predicted,0.2,4,4,GTCTACCCAAACTTAGTATT,0,3009997
ratA_yfjF_predicted,0.2,4,4,GTCGGCTCAAACAAAAAAGG,0,3014374
ratA_yfjF_predicted,0.2,4,4,GTCGGCCCATGCTAGTAAAA,0,2996009
ratA_yfjF_predicted,0.2,4,4,GTCGCGTCGGATAGGCGTCA,0,3006142
ratA_yfjF_predicted,0.2,4,4,GTCCTCACATTACGTAATGC,0,3010058
ratA_yfjF_predicted,0.2,4,4,GTCCGTATGCCGCTTGGCTG,0,3002472
ratA_yfjF_predicted,0.2,4,4,GTCCGCAAAATATCTGCTAG,0,3020128
ratA_yfjF_predicted,0.2,4,4,GTCCCAGGCCGATCATAGCC,0,2994406
ratA_yfjF_predicted,0.2,4,4,GTCAGTTTTGGCATTGAAAT,0,2997122
ratA_yfjF_predicted,0.2,4,4,GTCAGACTCTTTGGCGCTTG,0,2991776
ratA_yfjF_predicted,0.2,4,4,GTATCTGACTGTGCGTTGTC,0,2994784
ratA_yfjF_predicted,0.2,4,4,GTAGTTCGTTGGTTCCTTAA,0,3011417
ratA_yfjF_predicted,0.2,4,4,GTAGTATGCGGGTGGCATTC,0,3019600
ratA_yfjF_predicted,0.2,4,4,GTAGCGCATGCCGAATCGCT,0,3002636
ratA_yfjF_predicted,0.2,4,4,GTAGCAGTTAAAGTCTTCGG,0,2997287
ratA_yfjF_predicted,0.2,4,4,GTAGATTTGAGTTAATTAGT,0,3020204
ratA_yfjF_predicted,0.2,4,4,GTAGATGGTTAATGTGACAC,0,3016458
ratA_yfjF_predicted,0.2,4,4,GTACTGGCTTGTCCTGGTCA,0,2993114
ratA_yfjF_predicted,0.2,4,4,GTACGTGACCAGGTGAATCT,0,3002410
ratA_yfjF_predicted,0.2,4,4,GTAATCGGCTTAGGCCAGCA,0,3002252
ratA_yfjF_predicted,0.2,4,4,GTAAATAATTAACAAAGCTG,0,3017729
ratA_yfjF_predicted,0.2,4,4,GTAAAGCGTTCGACTATCCG,0,3002126
ratA_yfjF_predicted,0.2,4,4,GGTTGTTAAGGAATTCTGAG,0,2998360
ratA_yfjF_predicted,0.2,4,4,GGTTGTGGACCGGGGTAATA,0,3013784
ratA_yfjF_predicted,0.2,4,4,GGTTGTAAACAATGACAAGG,0,3016391
ratA_yfjF_predicted,0.2,4,4,GGTGTTATAGCCATTAGTAA,0,2996609
ratA_yfjF_predicted,0.2,4,4,GGTGTCTCAATGCTATTGCC,0,3008879
ratA_yfjF_predicted,0.2,4,4,GGTCTGACTGAAGTCCAGCA,0,3012886
ratA_yfjF_predicted,0.2,4,4,GGTCCTTTCGTACTTCATAA,0,3016389
ratA_yfjF_predicted,0.2,4,4,GGTCCTATCATGTACACGGT,0,2993690
ratA_yfjF_predicted,0.2,4,4,GGTAGAAGTATTAGCATCTT,0,3018243
ratA_yfjF_predicted,0.2,4,4,GGTACTCTGCGATTTGATCA,0,3009464
ratA_yfjF_predicted,0.2,4,4,GGTACGGCTTTTCGCCGCGA,0,2998140
ratA_yfjF_predicted,0.2,4,4,GGTAACGGTTAGTATCTGCT,0,3014842
ratA_yfjF_predicted,0.2,4,4,GGGTGGCACCGTACGAATCT,0,3003146
ratA_yfjF_predicted,0.2,4,4,GGGTGAGGTCGTCAGGATAA,0,2992827
ratA_yfjF_predicted,0.2,4,4,GGGTCCCGCAGGAGATGCTC,0,3017310
ratA_yfjF_predicted,0.2,4,4,GGGGTTGCGTGGTTCTAAAT,0,3005385
ratA_yfjF_predicted,0.2,4,4,GGGGTTCGCGCGCTATAGGC,0,3013020
ratA_yfjF_predicted,0.2,4,4,GGGGTATATCGGCTGCTAGG,0,3019400
ratA_yfjF_predicted,0.2,4,4,GGGGTAGTTACTAAGGAAGT,0,3021390
ratA_yfjF_predicted,0.2,4,4,GGGGGTGGCGAGGCTTAGTA,0,2996663
ratA_yfjF_predicted,0.2,4,4,GGGGGTCGTGGATAGCTCTT,0,3014962
ratA_yfjF_predicted,0.2,4,4,GGGGGAATGGGACTGGTTAT,0,3003946
ratA_yfjF_predicted,0.2,4,4,GGGCTGATCCTTTTGGCGGC,0,3001252
ratA_yfjF_predicted,0.2,4,4,GGGAGCTCGAAGGAGGCTCT,0,3008392
ratA_yfjF_predicted,0.2,4,4,GGGACTATGTTCGTTAATAG,0,3017477
ratA_yfjF_predicted,0.2,4,4,GGGAACCGTTTTCATAACCC,0,3012720
ratA_yfjF_predicted,0.2,4,4,GGCTCGCTATACGGCCTCGG,0,3008867
ratA_yfjF_predicted,0.2,4,4,GGCTCGCAATGAGCTATAAG,0,2998557
ratA_yfjF_predicted,0.2,4,4,GGCTATCAGAACTATACCCG,0,3018585
ratA_yfjF_predicted,0.2,4,4,GGCTAGTGAAATAAAAGGTT,0,3005393
ratA_yfjF_predicted,0.2,4,4,GGCGTTCGCCTGAACACATT,0,3002425
ratA_yfjF_predicted,0.2,4,4,GGCCGGTAAAGGAAACGGTT,0,3012888
ratA_yfjF_predicted,0.2,4,4,GGCCATCCATATTCCTTCAC,0,2992466
ratA_yfjF_predicted,0.2,4,4,GGCCACTGGGGTAAGAACCA,0,3020835
ratA_yfjF_predicted,0.2,4,4,GGCATAGTGTCTGTCCGTGG,0,3012217
ratA_yfjF_predicted,0.2,4,4,GGCACGTCCGTTGGTTTCGC,0,3006486
ratA_yfjF_predicted,0.2,4,4,GGCACGGCCGGGCGCCGACG,0,3006068
ratA_yfjF_predicted,0.2,4,4,GGCAAATTGATCGGTTTTCT,0,3006503
ratA_yfjF_predicted,0.2,4,4,GGATGCACAGCCATGACTCT,0,3006892
ratA_yfjF_predicted,0.2,4,4,GGAGAAGAACACAGTTCGCG,0,3016113
ratA_yfjF_predicted,0.2,4,4,GGACGTGTTGCGGGTATAGA,0,3011760
ratA_yfjF_predicted,0.2,4,4,GGACGGTGATCATTAAAAAT,0,2995388
ratA_yfjF_predicted,0.2,4,4,GGACGGCCCCCATACAAACA,0,3021202
ratA_yfjF_predicted,0.2,4,4,GGACGGAGACTTCAGATACT,0,3005720
ratA_yfjF_predicted,0.2,4,4,GGACGACTGATTTTTGCCCA,0,3015636
ratA_yfjF_predicted,0.2,4,4,GGACAACGGACTTGTCACAA,0,2996354
ratA_yfjF_predicted,0.2,4,4,GCTTTAAAACGCATGTAGGA,0,2995719
ratA_yfjF_predicted,0.2,4,4,GCTGGCGCAACCGATGACGA,0,3020505
ratA_yfjF_predicted,0.2,4,4,GCTGAATCCTTGGTCGTTGT,0,3000011
ratA_yfjF_predicted,0.2,4,4,GCTCTGTTGTCTACTGACGG,0,2994203
ratA_yfjF_predicted,0.2,4,4,GCTCTGCACGCGGGCCATTC,0,3013977
ratA_yfjF_predicted,0.2,4,4,GCTCCGTTTCATCGGGGAGA,0,3019289
ratA_yfjF_predicted,0.2,4,4,GCTCCAGACCTGACCGCCAT,0,3006490
ratA_yfjF_predicted,0.2,4,4,GCTATACGGTAGCTATTAGA,0,3020092
ratA_yfjF_predicted,0.2,4,4,GCGTTCACAAAGAACGTCCA,0,3016031
ratA_yfjF_predicted,0.2,4,4,GCGTGTCAGTTACTTTGACT,0,3017895
ratA_yfjF_predicted,0.2,4,4,GCGTGTAGGGGTAGGTAGGT,0,3021360
ratA_yfjF_predicted,0.2,4,4,GCGTACACGGCCATTGTGCT,0,3019159
ratA_yfjF_predicted,0.2,4,4,GCGGTCGTTTCGCGAACACT,0,2999154
ratA_yfjF_predicted,0.2,4,4,GCGGTAGGGCTCTTTCTTAT,0,3018865
ratA_yfjF_predicted,0.2,4,4,GCGGTAAGCCCCTCGACAAA,0,3003307
ratA_yfjF_predicted,0.2,4,4,GCGGGTAGGAGTCTGAACCA,0,3000569
ratA_yfjF_predicted,0.2,4,4,GCGGGGTCCATCTTTAATAA,0,2998649
ratA_yfjF_predicted,0.2,4,4,GCGGGCAATTTCTCCCAGTT,0,3021431
ratA_yfjF_predicted,0.2,4,4,GCGGGATTTTGCTCAGCTTA,0,3008903
ratA_yfjF_predicted,0.2,4,4,GCGGGAGGCCTCACCTTTGT,0,3003393
ratA_yfjF_predicted,0.2,4,4,GCGGAGTACAAAGACGTATG,0,3003798
ratA_yfjF_predicted,0.2,4,4,GCGCTTCGAAGGCTGACTCG,0,3003527
ratA_yfjF_predicted,0.2,4,4,GCGCCTGACCGATCGGGATT,0,3007547
ratA_yfjF_predicted,0.2,4,4,GCGCAATTGCACTGGCACCT,0,3018838
ratA_yfjF_predicted,0.2,4,4,GCGACTCGTCCAGTGTCCCA,0,2996517
ratA_yfjF_predicted,0.2,4,4,GCGAAGGCGGGCACCCGGGT,0,3014262
ratA_yfjF_predicted,0.2,4,4,GCCTTTGTACCATCTAGTAA,0,3012933
ratA_yfjF_predicted,0.2,4,4,GCCTTGAACTCTAGAATATA,0,3010849
ratA_yfjF_predicted,0.2,4,4,GCCGACCGTGGTAGAGAAGT,0,3003803
ratA_yfjF_predicted,0.2,4,4,GCCCGTGGGCATGGCCAGAA,0,3012535
ratA_yfjF_predicted,0.2,4,4,GCCATTAAAAACGTGAGAAA,0,2997517
ratA_yfjF_predicted,0.2,4,4,GCCAGTGGTCAGACTATAGA,0,3008445
ratA_yfjF_predicted,0.2,4,4,GCCAAGGTCCAAAGAGGACA,0,3011041
ratA_yfjF_predicted,0.2,4,4,GCATGCACCTCGAACTATTT,0,3013646
ratA_yfjF_predicted,0.2,4,4,GCATGACCCCGATCAGATCT,0,2995260
ratA_yfjF_predicted,0.2,4,4,GCAGTTGACTTCTTGATCAA,0,3018856
ratA_yfjF_predicted,0.2,4,4,GCAGATGGGGTCGATGTTAC,0,3016542
ratA_yfjF_predicted,0.2,4,4,GCACTGGTTCGGAGTTTACC,0,3016199
ratA_yfjF_predicted,0.2,4,4,GCACGTTAGACATTATCCAC,0,3016531
ratA_yfjF_predicted,0.2,4,4,GCAATACAGACAAGGGTCGC,0,3013369
ratA_yfjF_predicted,0.2,4,4,GCAACGCTTTACAATTCGTT,0,3020469
ratA_yfjF_predicted,0.2,4,4,GATTGCCTAAAACATTTGTA,0,2995930
ratA_yfjF_predicted,0.2,4,4,GATTGATCGCCACCGTCTTT,0,3014157
ratA_yfjF_predicted,0.2,4,4,GATTCTCAGGAGAGCTTATA,0,3021128
ratA_yfjF_predicted,0.2,4,4,GATTCCGGTTAACGAGTTTG,0,3006301
ratA_yfjF_predicted,0.2,4,4,GATTAGGGGTGATTAGCAAT,0,3000223
ratA_yfjF_predicted,0.2,4,4,GATGCCCTTGAAAGAATCAT,0,3000016
ratA_yfjF_predicted,0.2,4,4,GATCTCCTTTATGCTGGTTC,0,3010315
ratA_yfjF_predicted,0.2,4,4,GATCGGGGGGTCCTATACTC,0,2995869
ratA_yfjF_predicted,0.2,4,4,GATCGCGGCTTTGATGACAC,0,3015727
ratA_yfjF_predicted,0.2,4,4,GATCCATGAAATGCTATAGA,0,3006104
ratA_yfjF_predicted,0.2,4,4,GATCATGAGACCGATAATAT,0,3016859
ratA_yfjF_predicted,0.2,4,4,GATCAGTCTCTTCACGCACT,0,2998181
ratA_yfjF_predicted,0.2,4,4,GATATTTACGGCGCCAGGTT,0,3013557
ratA_yfjF_predicted,0.2,4,4,GATATACACAGACCCGTGGC,0,3005090
ratA_yfjF_predicted,0.2,4,4,GATAGGTGAAAGAACGTGTA,0,3018383
ratA_yfjF_predicted,0.2,4,4,GAGTAATCTGCTACTGGTGA,0,2996267
ratA_yfjF_predicted,0.2,4,4,GAGTAAATCCTTTCCTTTAC,0,3001860
ratA_yfjF_predicted,0.2,4,4,GAGGGTGGTAGCCGGACAGT,0,3016725
ratA_yfjF_predicted,0.2,4,4,GAGGGCCATCGTTACCAGAA,0,3016968
ratA_yfjF_predicted,0.2,4,4,GAGGGCCAGCCATATGCCGA,0,3010090
ratA_yfjF_predicted,0.2,4,4,GAGCGGTTTGTACATCGGAT,0,3018344
ratA_yfjF_predicted,0.2,4,4,GAGCACGAAGATTAACGTCC,0,3009907
ratA_yfjF_predicted,0.2,4,4,GAGATGTTTGAGGGATCTCC,0,3009146
ratA_yfjF_predicted,0.2,4,4,GAGACAAGGGTCGTCGATCC,0,3015923
ratA_yfjF_predicted,0.2,4,4,GAGAACCCGACAGTCCAGTC,0,2994233
ratA_yfjF_predicted,0.2,4,4,GACTTCGATGTCTACTTCGG,0,3003922
ratA_yfjF_predicted,0.2,4,4,GACTGATTAGGGTTGAGTAC,0,2992073
ratA_yfjF_predicted,0.2,4,4,GACTCTGAGTTGATGGGCCT,0,3019281
ratA_yfjF_predicted,0.2,4,4,GACTCATTCGGACTAGGTCA,0,3004354
ratA_yfjF_predicted,0.2,4,4,GACCTTTGGAACGGGGAGGT,0,3014717
ratA_yfjF_predicted,0.2,4,4,GACCAAAGTTGTCAACATGC,0,3007870
ratA_yfjF_predicted,0.2,4,4,GACACTTGAGCGGTTCAGTC,0,3018328
ratA_yfjF_predicted,0.2,4,4,GACACTCGCCTTTGGCACTA,0,3007718
ratA_yfjF_predicted,0.2,4,4,GAATTACACACAGCTTGGTC,0,3006872
ratA_yfjF_predicted,0.2,4,4,GAAGTAGGTGATGCATTGGT,0,3013903
ratA_yfjF_predicted,0.2,4,4,GAACGCTGGGGCATTTCTTC,0,3016471
ratA_yfjF_predicted,0.2,4,4,GAACAGTTGGCCGGTGGTTA,0,3009587
ratA_yfjF_predicted,0.2,4,4,GAAAGTGCGCTCGGTGCACC,0,3021719
ratA_yfjF_predicted,0.2,4,4,CTTTTCAACGAGCCATCGAT,0,3005829
ratA_yfjF_predicted,0.2,4,4,CTTTTAATTTTTAGGTCCAG,0,3009913
ratA_yfjF_predicted,0.2,4,4,CTTTTAACGTTTTAGGGTTC,0,2994145
ratA_yfjF_predicted,0.2,4,4,CTTTCAGAACTATGTGAGAA,0,3020196
ratA_yfjF_predicted,0.2,4,4,CTTGTTGATAAAAGGACCTT,0,3002597
ratA_yfjF_predicted,0.2,4,4,CTTGGTGCGGTATCACACGG,0,3009388
ratA_yfjF_predicted,0.2,4,4,CTTGCATAATTTCAATCAGG,0,3005915
ratA_yfjF_predicted,0.2,4,4,CTTGAGAGAGCGTTGGATCC,0,3013501
ratA_yfjF_predicted,0.2,4,4,CTTGAGAACCGCGGCGCATA,0,2996548
ratA_yfjF_predicted,0.2,4,4,CTTCTTCTATGAATACTGTT,0,3021261
ratA_yfjF_predicted,0.2,4,4,CTTCTCATAGCAAATGCAAT,0,3001105
ratA_yfjF_predicted,0.2,4,4,CTTCCTATCTAATCACATGA,0,3012838
ratA_yfjF_predicted,0.2,4,4,CTTATGCAAATGCGTTACTT,0,2993160
ratA_yfjF_predicted,0.2,4,4,CTTAGTGGTACTGCCTAAGA,0,2998176
ratA_yfjF_predicted,0.2,4,4,CTTAAGTCACAACGTTCGAG,0,3012466
ratA_yfjF_predicted,0.2,4,4,CTTAACACTGTGTATGACGT,0,3009049
ratA_yfjF_predicted,0.2,4,4,CTGTCTTTAATGGGATAACC,0,3002770
ratA_yfjF_predicted,0.2,4,4,CTGTATCAGAGCATCAAATG,0,3010949
ratA_yfjF_predicted,0.2,4,4,CTGTAGCGGTAAAGTGGAAA,0,3018324
ratA_yfjF_predicted,0.2,4,4,CTGGGGAGGACAGTCGTATA,0,3019301
ratA_yfjF_predicted,0.2,4,4,CTGGGACGGAACGGTTGCTT,0,3015232
ratA_yfjF_predicted,0.2,4,4,CTGGATGCAGGGGCCACACA,0,3000915
ratA_yfjF_predicted,0.2,4,4,CTGGAGCAGGTCACTCAGCT,0,3016157
ratA_yfjF_predicted,0.2,4,4,CTGGACAGCGGTTCGCCCAC,0,2993082
ratA_yfjF_predicted,0.2,4,4,CTGCTGCGTGATTCTCGGAC,0,3011457
ratA_yfjF_predicted,0.2,4,4,CTGCTCAGACGGCATATGCA,0,3007596
ratA_yfjF_predicted,0.2,4,4,CTGCTACGTTGCATTCCAGT,0,3006230
ratA_yfjF_predicted,0.2,4,4,CTGCGCAGGAGGGAGTAGCG,0,3018573
ratA_yfjF_predicted,0.2,4,4,CTGCCTTAGATTCACCCGCA,0,3012160
ratA_yfjF_predicted,0.2,4,4,CTGAGTGAAGCGCATAAACG,0,3005265
ratA_yfjF_predicted,0.2,4,4,CTGAGATTGTAATTCAATAG,0,2996573
ratA_yfjF_predicted,0.2,4,4,CTGAAGTAACCGGAGGGCGT,0,2993389
ratA_yfjF_predicted,0.2,4,4,CTGAACGGGCAGCATCAGAA,0,2997146
ratA_yfjF_predicted,0.2,4,4,CTGAACCGGACCAGTAATGA,0,2996246
ratA_yfjF_predicted,0.2,4,4,CTCTTCCGGGCTAGGTTACC,0,3015725
ratA_yfjF_predicted,0.2,4,4,CTCTTATTTTTCATTTCGGA,0,3020010
ratA_yfjF_predicted,0.2,4,4,CTCTGCGAATATATGACTAG,0,2997799
ratA_yfjF_predicted,0.2,4,4,CTCTAAGTCGATAAGTAAGG,0,2993876
ratA_yfjF_predicted,0.2,4,4,CTCGAATTTACAAACATGTT,0,3016614
ratA_yfjF_predicted,0.2,4,4,CTCCTTGTTTCACGGAGAGC,0,3001551
ratA_yfjF_predicted,0.2,4,4,CTCCGACCTGGACGTGCAGG,0,2999920
ratA_yfjF_predicted,0.2,4,4,CTCACTCCTGTTGGCTCTGT,0,3013858
ratA_yfjF_predicted,0.2,4,4,CTCACTCCCCTCTCAGTGGT,0,3005005
ratA_yfjF_predicted,0.2,4,4,CTCAACGGCTCTGCTGAAAG,0,2999302
ratA_yfjF_predicted,0.2,4,4,CTATTCAAGGATTATACGAA,0,3017447
ratA_yfjF_predicted,0.2,4,4,CTATTACTGGAAGTCACCTA,0,3007610
ratA_yfjF_predicted,0.2,4,4,CTATCCCTGACTTCATGCCA,0,3015009
ratA_yfjF_predicted,0.2,4,4,CTATCAATGCCCATCTGAAG,0,3017980
ratA_yfjF_predicted,0.2,4,4,CTAGGCGGTCGGTCTTCACG,0,3002138
ratA_yfjF_predicted,0.2,4,4,CTACGTCAATTGGGGGGCTT,0,3000266
ratA_yfjF_predicted,0.2,4,4,CTACGATATCGCTCCTTCGT,0,3012100
ratA_yfjF_predicted,0.2,4,4,CTACAAATCCTCCCCTGTCC,0,3015501
ratA_yfjF_predicted,0.2,4,4,CTAAGTTCTGCCCCGGCGTA,0,3014562
ratA_yfjF_predicted,0.2,4,4,CTAAGCCAGTCTTATGAAAC,0,3000924
ratA_yfjF_predicted,0.2,4,4,CGTTTTCAACACATCCTGAG,0,3003397
ratA_yfjF_predicted,0.2,4,4,CGTTTAATGTCGGATCCCTG,0,2993446
ratA_yfjF_predicted,0.2,4,4,CGTCCATACGCTACCTCACG,0,2991950
ratA_yfjF_predicted,0.2,4,4,CGTCCAGCGTGGACCCGGTA,0,2998883
ratA_yfjF_predicted,0.2,4,4,CGTACGGGGCGAGGAACTTA,0,3005247
ratA_yfjF_predicted,0.2,4,4,CGTACCTTCCCCATCCTATG,0,2992593
ratA_yfjF_predicted,0.2,4,4,CGTAACGTCTGCCACCGATG,0,3016499
ratA_yfjF_predicted,0.2,4,4,CGGTTGGAGTTCATCCTGAG,0,3010253
ratA_yfjF_predicted,0.2,4,4,CGGTTGCGGGATCGAGATGT,0,2996476
ratA_yfjF_predicted,0.2,4,4,CGGTTACCCTTTGAGCGCGG,0,2997070
ratA_yfjF_predicted,0.2,4,4,CGGTTACAGGCTAACGCGAC,0,3010794
ratA_yfjF_predicted,0.2,4,4,CGGTGTAAGGTTCGGAGGTT,0,3013981
ratA_yfjF_predicted,0.2,4,4,CGGTGCGTGAGTGCTTGTGG,0,3005433
ratA_yfjF_predicted,0.2,4,4,CGGTCTTTGATTCCCTTGAA,0,2996563
ratA_yfjF_predicted,0.2,4,4,CGGTCGACAACCTTACAGGC,0,2997591
ratA_yfjF_predicted,0.2,4,4,CGGTATCATCGAGGGCTCGT,0,3018235
ratA_yfjF_predicted,0.2,4,4,CGGGTCTGAGGTGTCAAATG,0,3015955
ratA_yfjF_predicted,0.2,4,4,CGGGGTCTAGTGTGTTGCGT,0,3014567
ratA_yfjF_predicted,0.2,4,4,CGGGGGTGTCCACGCACTGA,0,3021599
ratA_yfjF_predicted,0.2,4,4,CGGGGAGGAGCGTAGTTCCA,0,3002035
ratA_yfjF_predicted,0.2,4,4,CGGGGAATGATTTTTTCAGG,0,3009367
ratA_yfjF_predicted,0.2,4,4,CGGGAGGGGTTAATCTATTA,0,3016070
ratA_yfjF_predicted,0.2,4,4,CGGCTGCCGAACTATCATAT,0,3017495
ratA_yfjF_predicted,0.2,4,4,CGGAGTGGGGTTAAAGCATA,0,2994426
ratA_yfjF_predicted,0.2,4,4,CGGAGGGTAGGAATCCCTGT,0,3012867
ratA_yfjF_predicted,0.2,4,4,CGGACTGAAGCGCAGAGTCT,0,3014202
ratA_yfjF_predicted,0.2,4,4,CGGAACTTTCCCTAGGCACT,0,3004614
ratA_yfjF_predicted,0.2,4,4,CGCTTTTTTGCGACAGGTGT,0,3014270
ratA_yfjF_predicted,0.2,4,4,CGCTCAATGCTTAATTCGCT,0,2994280
ratA_yfjF_predicted,0.2,4,4,CGCGTTGCATTCAAGATCAA,0,3016259
ratA_yfjF_predicted,0.2,4,4,CGCGCATACTCTGATGTGCT,0,2996279
ratA_yfjF_predicted,0.2,4,4,CGCCTCTATTAGGTGTTGCC,0,3003849
ratA_yfjF_predicted,0.2,4,4,CGCCCGACTGTTACCCTGCA,0,3010927
ratA_yfjF_predicted,0.2,4,4,CGCCATACGCACAGGGGAAT,0,2995877
ratA_yfjF_predicted,0.2,4,4,CGCCAGGCGAGGAACTTTTA,0,3015996
ratA_yfjF_predicted,0.2,4,4,CGCATCCCTCACCCGGCTGA,0,2994534
ratA_yfjF_predicted,0.2,4,4,CGCACGGAGCTATGGAGTTG,0,3006727
ratA_yfjF_predicted,0.2,4,4,CGCACCCGTTTACCCAATAT,0,3020065
ratA_yfjF_predicted,0.2,4,4,CGCAAGGTTACTCGTTGTTA,0,2998200
ratA_yfjF_predicted,0.2,4,4,CGATTTTACTGGGCTACGCA,0,3002802
ratA_yfjF_predicted,0.2,4,4,CGATTGACCCTATTCGTATA,0,2994283
ratA_yfjF_predicted,0.2,4,4,CGAGTGCCTTGTGTCAGTCC,0,3013492
ratA_yfjF_predicted,0.2,4,4,CGAGTAAGGTCGAAGCGGTT,0,2998339
ratA_yfjF_predicted,0.2,4,4,CGAGCGGGCAGCTTGGCCAT,0,3015637
ratA_yfjF_predicted,0.2,4,4,CGAGACGTAACCGGTCCCCC,0,2993235
ratA_yfjF_predicted,0.2,4,4,CGACTTCTGAAAGGGGGATA,0,3003719
ratA_yfjF_predicted,0.2,4,4,CGACTCCGCCACGGGTGAAT,0,2995565
ratA_yfjF_predicted,0.2,4,4,CGACGCAGTTTGGTCGTTAG,0,3012355
ratA_yfjF_predicted,0.2,4,4,CGACCACGCTATCGCTCGAG,0,3005205
ratA_yfjF_predicted,0.2,4,4,CGACACTGCATGCTGCCGCA,0,3019759
ratA_yfjF_predicted,0.2,4,4,CGAATGGACTCGGCTGTCGC,0,2994293
ratA_yfjF_predicted,0.2,4,4,CGAACTGAGCGGTCGGTAGT,0,2996967
ratA_yfjF_predicted,0.2,4,4,CGAAAGGAACGGGAACTCTC,0,3001912
ratA_yfjF_predicted,0.2,4,4,CCTTGCAACCAACAGAGTCA,0,3009110
ratA_yfjF_predicted,0.2,4,4,CCTTCTTTGCCGAGTGGGTG,0,3019858
ratA_yfjF_predicted,0.2,4,4,CCTGTATGCTTAAAAGTTCT,0,3000682
ratA_yfjF_predicted,0.2,4,4,CCTGGGTGGCGTCTCCCCCA,0,3003555
ratA_yfjF_predicted,0.2,4,4,CCTGCGTCAGGCCAGTTGGG,0,2999032
ratA_yfjF_predicted,0.2,4,4,CCTGCACCACGTCGCAGATA,0,3017731
ratA_yfjF_predicted,0.2,4,4,CCTCACTTCCGCCATCGCGA,0,3014293
ratA_yfjF_predicted,0.2,4,4,CCTATCATGAAATGCTCTGA,0,2992649
ratA_yfjF_predicted,0.2,4,4,CCTATATTGACCAACATCGC,0,3018873
ratA_yfjF_predicted,0.2,4,4,CCTAGTGAAATTAATGTTTG,0,3007252
ratA_yfjF_predicted,0.2,4,4,CCTAGTCAGTTAAGCTCACT,0,3019782
ratA_yfjF_predicted,0.2,4,4,CCTACCGGTAGGGCGGATAC,0,3001020
ratA_yfjF_predicted,0.2,4,4,CCTAAAAAGGGAGTGCGGTG,0,3015490
ratA_yfjF_predicted,0.2,4,4,CCGTTTTGAGGGTTAAGCTC,0,3016731
ratA_yfjF_predicted,0.2,4,4,CCGTTTTCCCCGTTGCTCCC,0,3014628
ratA_yfjF_predicted,0.2,4,4,CCGTTAGTCGGTTGGGACTC,0,3018513
ratA_yfjF_predicted,0.2,4,4,CCGTGCGTAGCTGAGCCCGC,0,2993915
ratA_yfjF_predicted,0.2,4,4,CCGTGCAATTCGGCAGGGAG,0,3015576
ratA_yfjF_predicted,0.2,4,4,CCGTCATACACCGACCAAGC,0,3002391
ratA_yfjF_predicted,0.2,4,4,CCGGGGCCGGAACACACGAC,0,3008875
ratA_yfjF_predicted,0.2,4,4,CCGGCTACGGACGTGGTCTT,0,3009478
ratA_yfjF_predicted,0.2,4,4,CCGGCCAGTCTTCTCAGCTT,0,2992512
ratA_yfjF_predicted,0.2,4,4,CCGCTGGGAGTAACTGTTTG,0,3006367
ratA_yfjF_predicted,0.2,4,4,CCGCAACCGTGTGGTAGTCT,0,2997453
ratA_yfjF_predicted,0.2,4,4,CCGAACGTCGCAGGTCTAGT,0,3020933
ratA_yfjF_predicted,0.2,4,4,CCCTTGCGAGGAGATCGAGG,0,2997536
ratA_yfjF_predicted,0.2,4,4,CCCTGGACAAAAGCTAGATT,0,3009543
ratA_yfjF_predicted,0.2,4,4,CCCTACCGTCCTACACGCAG,0,3008175
ratA_yfjF_predicted,0.2,4,4,CCCGGCGCCCCTGTTTCCCT,0,2991936
ratA_yfjF_predicted,0.2,4,4,CCCGCGACCAAGGGTTTGGG,0,3003800
ratA_yfjF_predicted,0.2,4,4,CCCGAGAGCCTGGCAATATA,0,3015389
ratA_yfjF_predicted,0.2,4,4,CCCCTTTATTAGCCATGAAG,0,3012340
ratA_yfjF_predicted,0.2,4,4,CCCCCTAATCCCTCAGGAGG,0,3011923
ratA_yfjF_predicted,0.2,4,4,CCCCCGATCGATTCCAGTTA,0,3008749
ratA_yfjF_predicted,0.2,4,4,CCCCCCCGCGTTAGACGGTT,0,3016271
ratA_yfjF_predicted,0.2,4,4,CCCCAATACGCACTGAAGCT,0,3004473
ratA_yfjF_predicted,0.2,4,4,CCCCAAGGGGCTCTGGAGGA,0,3011731
ratA_yfjF_predicted,0.2,4,4,CCCATTAACGACGACACTTG,0,2999686
ratA_yfjF_predicted,0.2,4,4,CCCAGCTTAGCCCATTGAAA,0,3007515
ratA_yfjF_predicted,0.2,4,4,CCCACGAAACTCACGTTCGT,0,2991893
ratA_yfjF_predicted,0.2,4,4,CCATCCTCTCCGGACTGGTA,0,2997179
ratA_yfjF_predicted,0.2,4,4,CCATATTTATAATACCTTTA,0,2994404
ratA_yfjF_predicted,0.2,4,4,CCATAACTTTGAAATGTTAC,0,3020994
ratA_yfjF_predicted,0.2,4,4,CCAGGTTGCAAAAAGCTATA,0,2993124
ratA_yfjF_predicted,0.2,4,4,CCAGCGTCATCTCGATAAGA,0,2998138
ratA_yfjF_predicted,0.2,4,4,CCAGCATGTTTGCTTCGCTA,0,3004999
ratA_yfjF_predicted,0.2,4,4,CCAGAAGTTAAAATGCTCCA,0,3013787
ratA_yfjF_predicted,0.2,4,4,CCACTTAGATTGTCCTGCGT,0,3015619
ratA_yfjF_predicted,0.2,4,4,CCACAGCATTTTCACATGGT,0,3002895
ratA_yfjF_predicted,0.2,4,4,CCAATTTGTTTATATGGCAA,0,3008668
ratA_yfjF_predicted,0.2,4,4,CCAACAGTTTGACAGAGTTG,0,3014455
ratA_yfjF_predicted,0.2,4,4,CCAAAGACAGAAGCAGTCAT,0,2994122
ratA_yfjF_predicted,0.2,4,4,CCAAACACCGGGGGTCTTCA,0,3011678
ratA_yfjF_predicted,0.2,4,4,CATTTACATAGTCTTCGGCC,0,3009000
ratA_yfjF_predicted,0.2,4,4,CATTGCGTCTGCTAGATTTC,0,2998481
ratA_yfjF_predicted,0.2,4,4,CATTCGCAGGGGATCACTCA,0,2999854
ratA_yfjF_predicted,0.2,4,4,CATTAGTATAGCAGGGCGCA,0,3021522
ratA_yfjF_predicted,0.2,4,4,CATCTTTATCCTGGTGATGC,0,2996503
ratA_yfjF_predicted,0.2,4,4,CATCTGCTGTAAATTAAGTG,0,3011441
ratA_yfjF_predicted,0.2,4,4,CATCTAACTGAGCCATAGCC,0,2999931
ratA_yfjF_predicted,0.2,4,4,CATCGGTTCGAGCTAGACAT,0,3005044
ratA_yfjF_predicted,0.2,4,4,CATCAATTTTGGGACCAAGA,0,3005707
ratA_yfjF_predicted,0.2,4,4,CATATAGATGCACCATCCCA,0,3011736
ratA_yfjF_predicted,0.2,4,4,CATACCAGGCCTTAAATCTC,0,3004547
ratA_yfjF_predicted,0.2,4,4,CAGTTTTACTCATGTCTGAT,0,3009447
ratA_yfjF_predicted,0.2,4,4,CAGTTTCCTGATTTTCCCAA,0,2994959
ratA_yfjF_predicted,0.2,4,4,CAGTTGACAGCGGATGCAAG,0,2996080
ratA_yfjF_predicted,0.2,4,4,CAGTGGGTTTAATTCATATA,0,3002860
ratA_yfjF_predicted,0.2,4,4,CAGTGCGAGGCCCGCCGTAC,0,3013142
ratA_yfjF_predicted,0.2,4,4,CAGTCCTGGCCTTGTAAGCC,0,2997229
ratA_yfjF_predicted,0.2,4,4,CAGTCCATGAAGACTCTGTT,0,3015031
ratA_yfjF_predicted,0.2,4,4,CAGGCTAGACCGCGAGCGCC,0,2992419
ratA_yfjF_predicted,0.2,4,4,CAGGCCGCAGGACGCGGGGA,0,3013220
ratA_yfjF_predicted,0.2,4,4,CAGGACCTGGCTTGGTACGA,0,3009544
ratA_yfjF_predicted,0.2,4,4,CAGGAAAAGCAGAGGTGGCT,0,3003715
ratA_yfjF_predicted,0.2,4,4,CAGCGCCATAATGTGTCTCT,0,3008899
ratA_yfjF_predicted,0.2,4,4,CAGCGAACCCGCAGTTATGG,0,3008409
ratA_yfjF_predicted,0.2,4,4,CAGATTGGCGCCCAGCTTGT,0,2998645
ratA_yfjF_predicted,0.2,4,4,CAGAGGTCGTCCTTATCACG,0,3007437
ratA_yfjF_predicted,0.2,4,4,CAGAGGGGCTGCTCACCGCA,0,3018874
ratA_yfjF_predicted,0.2,4,4,CAGAGATGATTTCGGACTTT,0,3013487
ratA_yfjF_predicted,0.2,4,4,CAGACGCCGTCATGCATCTC,0,3014559
ratA_yfjF_predicted,0.2,4,4,CAGAAGCAGAGTCCGGGAGT,0,3016981
ratA_yfjF_predicted,0.2,4,4,CACTTTCTTTGGTAGATATC,0,3004914
ratA_yfjF_predicted,0.2,4,4,CACTTGAACGCACGTGCGGA,0,2993028
ratA_yfjF_predicted,0.2,4,4,CACTGCCCCGGCTCCTCCCA,0,3016207
ratA_yfjF_predicted,0.2,4,4,CACTCAATATTCGGATGATT,0,3014846
ratA_yfjF_predicted,0.2,4,4,CACTATTATGTTGCGGGCCT,0,2997393
ratA_yfjF_predicted,0.2,4,4,CACTAGGGCTTTTATCATTG,0,3019054
ratA_yfjF_predicted,0.2,4,4,CACTACATGTTATGGCCTGA,0,3019928
ratA_yfjF_predicted,0.2,4,4,CACCTATATTGGTTCAAGTA,0,3014503
ratA_yfjF_predicted,0.2,4,4,CACCGCGATCGCCAAGCCAG,0,3018616
ratA_yfjF_predicted,0.2,4,4,CACCATCAGGAATGCGAGCT,0,3001477
ratA_yfjF_predicted,0.2,4,4,CACATAGACAGCTTAAGCTG,0,3009005
ratA_yfjF_predicted,0.2,4,4,CAATTCTACGGCGCGTAGCA,0,2996139
ratA_yfjF_predicted,0.2,4,4,CAATGGACCTCTCCAAGGTT,0,2998363
ratA_yfjF_predicted,0.2,4,4,CAATGGACAGAGGACTACGA,0,3007514
ratA_yfjF_predicted,0.2,4,4,CAATATGCCGGGCACGCTCG,0,3010698
ratA_yfjF_predicted,0.2,4,4,CAATACTGTCACTTGAAAGT,0,2997611
ratA_yfjF_predicted,0.2,4,4,CAATAACAACTAGGCATTTT,0,3004006
ratA_yfjF_predicted,0.2,4,4,CAAGTGGGTATGAGAGTTCG,0,3018370
ratA_yfjF_predicted,0.2,4,4,CAAGGCCTGTGCACATTGCC,0,2995097
ratA_yfjF_predicted,0.2,4,4,CAAGGAAGACAGATGGAACA,0,3008088
ratA_yfjF_predicted,0.2,4,4,CAAGAATTGCATAATTGTTC,0,2992653
ratA_yfjF_predicted,0.2,4,4,CAACGGGAAGTCCCAGTCAT,0,3016244
ratA_yfjF_predicted,0.2,4,4,CAACCGTGAGTAGGCGTGGG,0,3002651
ratA_yfjF_predicted,0.2,4,4,CAACCAATGATATATTCCCA,0,3016729
ratA_yfjF_predicted,0.2,4,4,CAAATGACCGCTTTGCCCGT,0,3020776
ratA_yfjF_predicted,0.2,4,4,CAAAGCTGAACTTCAAAGAG,0,2997385
ratA_yfjF_predicted,0.2,4,4,CAAACCTAACGCAAGGTTAG,0,2993281
ratA_yfjF_predicted,0.2,4,4,ATTTCTAGTCGCGACGGCCC,0,3018033
ratA_yfjF_predicted,0.2,4,4,ATTTCATGTGCAAACCCGCT,0,3001502
ratA_yfjF_predicted,0.2,4,4,ATTTACCCTCCCCCCATGGT,0,3012694
ratA_yfjF_predicted,0.2,4,4,ATTGCCGGTAGTGTGATCTA,0,3001893
ratA_yfjF_predicted,0.2,4,4,ATTGACTGGATGGCGAGATA,0,3009036
ratA_yfjF_predicted,0.2,4,4,ATTGAAAGGAGGCACGAGGT,0,3015217
ratA_yfjF_predicted,0.2,4,4,ATTCTCCTTGGACTGCGGCT,0,3020642
ratA_yfjF_predicted,0.2,4,4,ATTCGAACAAAAAGTCACTC,0,3006502
ratA_yfjF_predicted,0.2,4,4,ATTCAAGTAGGCTAACTAGG,0,2994866
ratA_yfjF_predicted,0.2,4,4,ATTAGTGTTCACTTTGGAAA,0,2992773
ratA_yfjF_predicted,0.2,4,4,ATGTGAAGTAACGATATATC,0,3021249
ratA_yfjF_predicted,0.2,4,4,ATGTCTTCCGTTTGTTAGCC,0,3012124
ratA_yfjF_predicted,0.2,4,4,ATGTACCTCGACCACATAGT,0,3004450
ratA_yfjF_predicted,0.2,4,4,ATGGGATTTAGATTCGGAAT,0,2993553
ratA_yfjF_predicted,0.2,4,4,ATGGATGCTGGGAACGTCAT,0,3001844
ratA_yfjF_predicted,0.2,4,4,ATGCTCGATGGGGAATTGAG,0,3014840
ratA_yfjF_predicted,0.2,4,4,ATGCTCATAAAACGTGGCTG,0,3021709
ratA_yfjF_predicted,0.2,4,4,ATGCGCAAAGTTCCAACTAG,0,3003187
ratA_yfjF_predicted,0.2,4,4,ATGCCGATGTGTAGCGAAAG,0,3001247
ratA_yfjF_predicted,0.2,4,4,ATGATTGTCATCAGAGATGG,0,3015017
ratA_yfjF_predicted,0.2,4,4,ATGATGGCGGGTTTAGCCCG,0,3001640
ratA_yfjF_predicted,0.2,4,4,ATGAGGGATTTCAATCTATG,0,2997559
ratA_yfjF_predicted,0.2,4,4,ATGAGAGATGTTTTGCGGGG,0,3005564
ratA_yfjF_predicted,0.2,4,4,ATCTGACTGGATCTGGGTGG,0,3019361
ratA_yfjF_predicted,0.2,4,4,ATCTCTATTTCGTGGAGACA,0,3020076
ratA_yfjF_predicted,0.2,4,4,ATCGTCTCTATACTGCCCGA,0,2997976
ratA_yfjF_predicted,0.2,4,4,ATCGAGACACGCGTTACTGA,0,2992442
ratA_yfjF_predicted,0.2,4,4,ATCCGCTCCGAAGCTTATGC,0,3005678
ratA_yfjF_predicted,0.2,4,4,ATCCGACCACTGCGGCAATG,0,3016756
ratA_yfjF_predicted,0.2,4,4,ATCCGAATGTATTTAGAAAC,0,3018839
ratA_yfjF_predicted,0.2,4,4,ATCAGCGATGTATATGATCA,0,3021060
ratA_yfjF_predicted,0.2,4,4,ATCAACTCCTCGCGCCAGGG,0,3016229
ratA_yfjF_predicted,0.2,4,4,ATATTTTTTTTGCGTATGTC,0,2995466
ratA_yfjF_predicted,0.2,4,4,ATATTAAACCAACTGCTGAG,0,3006758
ratA_yfjF_predicted,0.2,4,4,ATATAGCATATTGCTCCATG,0,3016651
ratA_yfjF_predicted,0.2,4,4,ATATAGATTCGGGCCAACTC,0,2994083
ratA_yfjF_predicted,0.2,4,4,ATAGATTTACGCTTCCATGC,0,3016604
ratA_yfjF_predicted,0.2,4,4,ATAGATTCTGCGCCCAAGTG,0,3008930
ratA_yfjF_predicted,0.2,4,4,ATAGATGCGCTCCCTACTTT,0,3012971
ratA_yfjF_predicted,0.2,4,4,ATACTGACCTACCTCTCTGT,0,3017269
ratA_yfjF_predicted,0.2,4,4,ATACCAGATGTCTGGCTAAG,0,3016039
ratA_yfjF_predicted,0.2,4,4,ATACAGGCCCTTGTGTCTCC,0,2993628
ratA_yfjF_predicted,0.2,4,4,ATACAGCGTGGGATAACTCG,0,3006287
ratA_yfjF_predicted,0.2,4,4,ATAATCTCGGCATAGCCCTT,0,3006546
ratA_yfjF_predicted,0.2,4,4,ATAATCGTCCGACATTATTC,0,2998533
ratA_yfjF_predicted,0.2,4,4,ATAACGACGAGAAAAATGCA,0,3007503
ratA_yfjF_predicted,0.2,4,4,AGTTGTGCACCTGCGGAAGG,0,2998859
ratA_yfjF_predicted,0.2,4,4,AGTTCGCCTAAGTCATGCCG,0,2993003
ratA_yfjF_predicted,0.2,4,4,AGTTCCTTCACTAGCGTTAA,0,2998431
ratA_yfjF_predicted,0.2,4,4,AGTTCAGCAAGGAGAGAAGA,0,2994169
ratA_yfjF_predicted,0.2,4,4,AGTGGTCGATGTGGTTTTTC,0,3017913
ratA_yfjF_predicted,0.2,4,4,AGTGGGACTAAATAAGTTAT,0,3007960
ratA_yfjF_predicted,0.2,4,4,AGTCGGTCTGGCATAAATTG,0,3011248
ratA_yfjF_predicted,0.2,4,4,AGTATTCGTATTTTATTAGT,0,2991946
ratA_yfjF_predicted,0.2,4,4,AGTATATAGCCAGCCTTAAG,0,3015382
ratA_yfjF_predicted,0.2,4,4,AGTAGTTTCGTTCTTACGGT,0,2994546
ratA_yfjF_predicted,0.2,4,4,AGGTTGAGGCGATAGTCCAT,0,3012295
ratA_yfjF_predicted,0.2,4,4,AGGTGTGAGAATTGCACCGT,0,2993252
ratA_yfjF_predicted,0.2,4,4,AGGTGGGGTGAGCCCGCCGA,0,3003211
ratA_yfjF_predicted,0.2,4,4,AGGTGGACGCCGATATGGTG,0,3005409
ratA_yfjF_predicted,0.2,4,4,AGGGGGGATGGACCGGGTGC,0,2997262
ratA_yfjF_predicted,0.2,4,4,AGGGGACGGCGGGCTGGATC,0,3006866
ratA_yfjF_predicted,0.2,4,4,AGGCGCATCCGTGCCGGGTA,0,2994008
ratA_yfjF_predicted,0.2,4,4,AGGATTAGCTCTTGGTGCTT,0,3008643
ratA_yfjF_predicted,0.2,4,4,AGGATGCCGCGAAGCTCCGT,0,3003859
ratA_yfjF_predicted,0.2,4,4,AGGAGCGCCTTATAGGGAGG,0,2997821
ratA_yfjF_predicted,0.2,4,4,AGGAGCAACCACAGCAAGGG,0,3018418
ratA_yfjF_predicted,0.2,4,4,AGGACTCATCGCCAAAAGCA,0,2996252
ratA_yfjF_predicted,0.2,4,4,AGGACAGCTGGCTTTAGATT,0,3009867
ratA_yfjF_predicted,0.2,4,4,AGGAATCATACGGCGTAAAT,0,3003934
ratA_yfjF_predicted,0.2,4,4,AGCTCCCATACGCCGCCTGA,0,3001022
ratA_yfjF_predicted,0.2,4,4,AGCTACGTATGCAGCCTTAT,0,3002626
ratA_yfjF_predicted,0.2,4,4,AGCTACAAGTTGCGTATGCG,0,3011686
ratA_yfjF_predicted,0.2,4,4,AGCGGTAAATATATTCGATA,0,3015455
ratA_yfjF_predicted,0.2,4,4,AGCGCAGCTAATGGAACATC,0,3010188
ratA_yfjF_predicted,0.2,4,4,AGCGATTAAGGTATACTACA,0,3021509
ratA_yfjF_predicted,0.2,4,4,AGCCCGGGAGGGGAAACCGA,0,3006099
ratA_yfjF_predicted,0.2,4,4,AGCCCACGTAGCGCCCTGGA,0,3015903
ratA_yfjF_predicted,0.2,4,4,AGCCATAACGCGATTCGTCG,0,3012149
ratA_yfjF_predicted,0.2,4,4,AGCATGGGGCGCTACGAGAT,0,3020537
ratA_yfjF_predicted,0.2,4,4,AGCATCCTCTCCGAATTCTC,0,2993183
ratA_yfjF_predicted,0.2,4,4,AGCATATGAGTCTACGAGAA,0,3011734
ratA_yfjF_predicted,0.2,4,4,AGCAGTGGATGTACGTTCCT,0,2994792
ratA_yfjF_predicted,0.2,4,4,AGCAGAAACGAAGTGATACT,0,3012567
ratA_yfjF_predicted,0.2,4,4,AGATGTGTGCACGGTGCCAA,0,3011975
ratA_yfjF_predicted,0.2,4,4,AGATGTGGGTAGAAGAACGC,0,2994656
ratA_yfjF_predicted,0.2,4,4,AGATGCGGTAACCGTTAGAG,0,2996432
ratA_yfjF_predicted,0.2,4,4,AGAGGGTCAGGGCGGAAAAA,0,3002047
ratA_yfjF_predicted,0.2,4,4,AGAGGGCTTAAGTGACAGTT,0,3009734
ratA_yfjF_predicted,0.2,4,4,AGAGAAGCGTTTATTGTCGC,0,3009749
ratA_yfjF_predicted,0.2,4,4,AGAGAAAGCGCTTGGGTTTA,0,2995221
ratA_yfjF_predicted,0.2,4,4,AGACGGCCCATCCTTTTGCG,0,3012025
ratA_yfjF_predicted,0.2,4,4,AGACACACGATAGCCGTTCA,0,3013143
ratA_yfjF_predicted,0.2,4,4,AGAAGTCTTCGGGCGCCTGT,0,3013939
ratA_yfjF_predicted,0.2,4,4,AGAAGCGGTAGGAAGCCGGC,0,3013815
ratA_yfjF_predicted,0.2,4,4,AGAAGCCTCTATCCACTCAT,0,3015466
ratA_yfjF_predicted,0.2,4,4,AGAAGAGTCTGAACTTTTTG,0,3020139
ratA_yfjF_predicted,0.2,4,4,AGAAGAACTCATGGTCATGT,0,2999822
ratA_yfjF_predicted,0.2,4,4,AGAACTCTCCTACAGTAATG,0,3013692
ratA_yfjF_predicted,0.2,4,4,AGAACGGTAAACATGTTTTT,0,2994092
ratA_yfjF_predicted,0.2,4,4,ACTTGGTCCCCGAATTTTCC,0,3003139
ratA_yfjF_predicted,0.2,4,4,ACTTCAAGGTGTAATGGAGT,0,2993840
ratA_yfjF_predicted,0.2,4,4,ACTGATGCGTCTGGCGCAGT,0,3002450
ratA_yfjF_predicted,0.2,4,4,ACTCGCCGACCTAGGCAGGA,0,3017586
ratA_yfjF_predicted,0.2,4,4,ACTCCGACAACGTTCTGCGG,0,3002314
ratA_yfjF_predicted,0.2,4,4,ACTCATGAGAGGGGTTACGA,0,3002843
ratA_yfjF_predicted,0.2,4,4,ACTCATACGCTTATGGACCA,0,2994320
ratA_yfjF_predicted,0.2,4,4,ACTATTACGAGAAGGGAAGT,0,2994048
ratA_yfjF_predicted,0.2,4,4,ACTATCGGGTGAATTGACTC,0,3001287
ratA_yfjF_predicted,0.2,4,4,ACTATACAAGTGCGCTTGTC,0,3007205
ratA_yfjF_predicted,0.2,4,4,ACTACTCATCTACCCTGCAG,0,2996411
ratA_yfjF_predicted,0.2,4,4,ACTAAGTCCCATTACGAATA,0,3013942
ratA_yfjF_predicted,0.2,4,4,ACTAACGGGTCTCATTAGAA,0,3009814
ratA_yfjF_predicted,0.2,4,4,ACTAACAAGTCGGCAAAAGA,0,3012485
ratA_yfjF_predicted,0.2,4,4,ACGGTTGAGCGCACTTTTAG,0,3003260
ratA_yfjF_predicted,0.2,4,4,ACGGTTATAACATCGAACCT,0,3000962
ratA_yfjF_predicted,0.2,4,4,ACGGTGCGCTGGACAGAACA,0,3004164
ratA_yfjF_predicted,0.2,4,4,ACGGGTCGGCGGTTCGGAAC,0,2992253
ratA_yfjF_predicted,0.2,4,4,ACGGGGTGTTATTTATATCT,0,3021317
ratA_yfjF_predicted,0.2,4,4,ACGGAATCCGCAACTACAAC,0,3001884
ratA_yfjF_predicted,0.2,4,4,ACGCTGGCGAAGCCGGAGAC,0,2993752
ratA_yfjF_predicted,0.2,4,4,ACGCGTTCTTGCGTTTAAGC,0,3011650
ratA_yfjF_predicted,0.2,4,4,ACGCGACCCACGGCATATGT,0,3004806
ratA_yfjF_predicted,0.2,4,4,ACGCACCGCTCCGTCCATAC,0,3008309
ratA_yfjF_predicted,0.2,4,4,ACGCAATCCACCCGCCTCTT,0,3000516
ratA_yfjF_predicted,0.2,4,4,ACGATGTTAGAGGTGGGGAG,0,3020168
ratA_yfjF_predicted,0.2,4,4,ACGAATGTCGCGAGCGTTCT,0,3002325
ratA_yfjF_predicted,0.2,4,4,ACGAATGTCAGGTGTCACTG,0,3019096
ratA_yfjF_predicted,0.2,4,4,ACGAAATAGGAGTTGCCCTG,0,2995370
ratA_yfjF_predicted,0.2,4,4,ACCTTTGACGGGGAGCGGGG,0,3000131
ratA_yfjF_predicted,0.2,4,4,ACCTTCAGGGGTCGAATGAA,0,3003545
ratA_yfjF_predicted,0.2,4,4,ACCTCACCAGACGGAGCAAC,0,2992768
ratA_yfjF_predicted,0.2,4,4,ACCGTAGGACCCGAGGTCAG,0,3007168
ratA_yfjF_predicted,0.2,4,4,ACCGGGCCAGCACTTTTTCT,0,3002389
ratA_yfjF_predicted,0.2,4,4,ACCCGAGACGCCACCATATA,0,3012930
ratA_yfjF_predicted,0.2,4,4,ACCCATATCAGTAATATGAG,0,3020815
ratA_yfjF_predicted,0.2,4,4,ACCATCCCCGCTCCCCTCCA,0,3002190
ratA_yfjF_predicted,0.2,4,4,ACATTTTGCATTTTTGAGGT,0,3001613
ratA_yfjF_predicted,0.2,4,4,ACATCTATGCAACTGTTCCA,0,2994887
ratA_yfjF_predicted,0.2,4,4,ACAGGGGTAATCGCGCGGCG,0,3013850
ratA_yfjF_predicted,0.2,4,4,ACAGGCTCGCGTACGCGTCT,0,3004844
ratA_yfjF_predicted,0.2,4,4,ACAATTACGTCCCCTACGCC,0,3000346
ratA_yfjF_predicted,0.2,4,4,ACAACAAAATTCTCGCTTGA,0,3015606
ratA_yfjF_predicted,0.2,4,4,ACAAATTCGTATGTTGAGTG,0,3011225
ratA_yfjF_predicted,0.2,4,4,AATTGAGTATCTAGTTCTGA,0,2998441
ratA_yfjF_predicted,0.2,4,4,AATGTGGCGGGATCCACGCA,0,3005235
ratA_yfjF_predicted,0.2,4,4,AATGGACATGCTATACTGGC,0,3006568
ratA_yfjF_predicted,0.2,4,4,AATCTTATGCTGTAGTACCC,0,3007040
ratA_yfjF_predicted,0.2,4,4,AATCTGTACGTGCGAGAGAG,0,3015847
ratA_yfjF_predicted,0.2,4,4,AATCTGCTTAAAGGTGGCTA,0,3006926
ratA_yfjF_predicted,0.2,4,4,AATCGGGCGGGCCTCTCCAC,0,3006918
ratA_yfjF_predicted,0.2,4,4,AATCGGATTCTCGAGTCTGG,0,3017241
ratA_yfjF_predicted,0.2,4,4,AATCGCTAAGCCTCGGCCCA,0,3002779
ratA_yfjF_predicted,0.2,4,4,AATCGCAACGTAGCTGCAAT,0,3004684
ratA_yfjF_predicted,0.2,4,4,AATCCATCCTGAATACCCGG,0,3003188
ratA_yfjF_predicted,0.2,4,4,AATCACTTGGAGGGGGTATG,0,3015370
ratA_yfjF_predicted,0.2,4,4,AATATGTGGAATATCGAGGT,0,2996297
ratA_yfjF_predicted,0.2,4,4,AAGTTCAGCGTAAGCCCGGC,0,2995430
ratA_yfjF_predicted,0.2,4,4,AAGTCGACAGGGCATTCTCC,0,3013254
ratA_yfjF_predicted,0.2,4,4,AAGTCCCATAGACAGGAACT,0,3012596
ratA_yfjF_predicted,0.2,4,4,AAGGTTCCACCAATCTCAGC,0,3013053
ratA_yfjF_predicted,0.2,4,4,AAGGTTATCATGGTAGCAAC,0,3004079
ratA_yfjF_predicted,0.2,4,4,AAGGTGCGTAGGCTGCTCGA,0,3020907
ratA_yfjF_predicted,0.2,4,4,AAGGGCCTCTGGGCAATATG,0,3000642
ratA_yfjF_predicted,0.2,4,4,AAGCTATTTGTTCAGTACAC,0,3006455
ratA_yfjF_predicted,0.2,4,4,AAGCGAGTGAGGTATTAGAA,0,3017609
ratA_yfjF_predicted,0.2,4,4,AAGATAGAGCATGTCAGGAA,0,3001686
ratA_yfjF_predicted,0.2,4,4,AAGAGGCGGGAAGCATCCAA,0,3004939
ratA_yfjF_predicted,0.2,4,4,AAGACCTATTAATACCTGCC,0,3005169
ratA_yfjF_predicted,0.2,4,4,AAGAACGGGCGAGATATTAG,0,3004456
ratA_yfjF_predicted,0.2,4,4,AACTTGCCTGGCGCAGATTA,0,3013228
ratA_yfjF_predicted,0.2,4,4,AACGTCAAGGTCAAAGAATA,0,3014996
ratA_yfjF_predicted,0.2,4,4,AACGGTAACACGGAGCGAGG,0,3009428
ratA_yfjF_predicted,0.2,4,4,AACGAGTCCACAACCGACTG,0,3002793
ratA_yfjF_predicted,0.2,4,4,AACGAATCCTGCCTGATGGC,0,3008703
ratA_yfjF_predicted,0.2,4,4,AACCGGTATTGCAAGTCATA,0,3003479
ratA_yfjF_predicted,0.2,4,4,AACCCCAGTCTTCCTTTTCT,0,2999543
ratA_yfjF_predicted,0.2,4,4,AACACTTTTGTTCTATCATA,0,3004463
ratA_yfjF_predicted,0.2,4,4,AACACGCACGTTCCGCTAAG,0,3000708
ratA_yfjF_predicted,0.2,4,4,AAATTTTATGTAACATCAGA,0,3010783
ratA_yfjF_predicted,0.2,4,4,AAATGCTATTATACACCAAT,0,3017809
ratA_yfjF_predicted,0.2,4,4,AAATATCAAGATAGTAGCAT,0,3011413
ratA_yfjF_predicted,0.2,4,4,AAAGAGGCGTCATTGAGCTC,0,2998315
ratA_yfjF_predicted,0.2,4,4,AAACCGAGGGGTTCTAATGT,0,2992200
ratA_yfjF_predicted,0.2,4,4,AAAATGGCCAAATCGTTTTA,0,3006134
ratA_yfjF_predicted,0.2,4,4,AAAATAAGCGGGTGCTTCGG,0,3011735
ratA_yfjF_predicted,0.2,4,4,AAAAGATGGAAGTATTGTCC,0,2993145
ratA_yfjF_predicted,0.2,4,4,AAAACCATCGTTTCTATATT,0,3011435
ratA_yfjF_predicted,0.2,4,4,AAAAATACCATAACTGTGCC,0,3019171
ratA_yfjF_predicted,0.25,3,3,TTTTTGAAATTTGGGGGTCC,0,2993455
ratA_yfjF_predicted,0.25,3,3,TTTTTCTCCTGTGGTCAGGG,0,3019560
ratA_yfjF_predicted,0.25,3,3,TTTTTCGACACTGTATGAAT,0,3002364
ratA_yfjF_predicted,0.25,3,3,TTTTGTGAGGATTGTAAACG,0,3018200
ratA_yfjF_predicted,0.25,3,3,TTTGTTTGTCACGTCCACAG,0,3001463
ratA_yfjF_predicted,0.25,3,3,TTTGTTATTCTGCCCCTACG,0,3006135
ratA_yfjF_predicted,0.25,3,3,TTTGTCTCAGATGTTTCTCG,0,3005970
ratA_yfjF_predicted,0.25,3,3,TTTGGTCCGTATGACAATCA,0,3003171
ratA_yfjF_predicted,0.25,3,3,TTTGGCTGTGGGCCATATGC,0,3012048
ratA_yfjF_predicted,0.25,3,3,TTTGATCCAGTACGAGACCT,0,2999625
ratA_yfjF_predicted,0.25,3,3,TTTCTAATACTGCGGAAATG,0,2999579
ratA_yfjF_predicted,0.25,3,3,TTTCGATTCACTATCATAGT,0,3001824
ratA_yfjF_predicted,0.25,3,3,TTTCGAATCTTATTCCCATG,0,3000404
ratA_yfjF_predicted,0.25,3,3,TTTCCTGCCCGGGATGAGAA,0,3000194
ratA_yfjF_predicted,0.25,3,3,TTTAGCTTCGGTACGTTTCA,0,3006602
ratA_yfjF_predicted,0.25,3,3,TTTACGTTGCGTGGATCATA,0,3021430
ratA_yfjF_predicted,0.25,3,3,TTGTTCAGCTCCGCGGGCTG,0,3012101
ratA_yfjF_predicted,0.25,3,3,TTGGTCTTTACGAGGTGAGG,0,3007481
ratA_yfjF_predicted,0.25,3,3,TTGGGTCGTTGAGGGGCTAA,0,3000635
ratA_yfjF_predicted,0.25,3,3,TTGGGTACATAGAGACATAA,0,3017951
ratA_yfjF_predicted,0.25,3,3,TTGGGAAGCTCGTCGTACAT,0,3013363
ratA_yfjF_predicted,0.25,3,3,TTGGCTTCTGCCGGGTGGGT,0,3000345
ratA_yfjF_predicted,0.25,3,3,TTGGCGCGGAACTATAAACC,0,2993390
ratA_yfjF_predicted,0.25,3,3,TTGGCCGTTATGATGCAAGA,0,3014634
ratA_yfjF_predicted,0.25,3,3,TTGCGGCCGCACGGCCTTCG,0,2994213
ratA_yfjF_predicted,0.25,3,3,TTGCATGCCTGTGGGTCCTG,0,3009196
ratA_yfjF_predicted,0.25,3,3,TTGATGCAATATAGTAAGGA,0,3012663
ratA_yfjF_predicted,0.25,3,3,TTGAGCACGTTCCATTCATG,0,2993569
ratA_yfjF_predicted,0.25,3,3,TTCTGTGTGTTTATGCCTGA,0,3006258
ratA_yfjF_predicted,0.25,3,3,TTCTGAGCAAGTGCTCAGCA,0,3002658
ratA_yfjF_predicted,0.25,3,3,TTCTGACCTCCCAAGGCGGT,0,2997051
ratA_yfjF_predicted,0.25,3,3,TTCTCTCTGTTGAGCTCTAC,0,2998405
ratA_yfjF_predicted,0.25,3,3,TTCTAGTAAAGGTTACATAT,0,3005884
ratA_yfjF_predicted,0.25,3,3,TTCGTACGGAATACCTTCAA,0,3001149
ratA_yfjF_predicted,0.25,3,3,TTCGCGACGAGGCCAACTTG,0,2999021
ratA_yfjF_predicted,0.25,3,3,TTCGCCGTAGAATGTACTCA,0,3013113
ratA_yfjF_predicted,0.25,3,3,TTCCTTTTAGCTGGTCAAAT,0,3010914
ratA_yfjF_predicted,0.25,3,3,TTCCGTACGCCAGGGGCCGA,0,3020385
ratA_yfjF_predicted,0.25,3,3,TTCCGACCATAGACCCGAAA,0,2997883
ratA_yfjF_predicted,0.25,3,3,TTCCCTGGGGTCACGACAAC,0,3017730
ratA_yfjF_predicted,0.25,3,3,TTCATTATTACTTAAACTGG,0,3012678
ratA_yfjF_predicted,0.25,3,3,TTCACTATAACGACGTAACT,0,3010115
ratA_yfjF_predicted,0.25,3,3,TTCACCCACCCGTGTATGAA,0,3011538
ratA_yfjF_predicted,0.25,3,3,TTATGGTTTAGATCACCCTT,0,2997892
ratA_yfjF_predicted,0.25,3,3,TTAGTTTACACGATGATGTC,0,3018825
ratA_yfjF_predicted,0.25,3,3,TTAGGTTCCTCAGGCCTCTA,0,2995559
ratA_yfjF_predicted,0.25,3,3,TTAGGTACAGAGTGCGGGCT,0,2992155
ratA_yfjF_predicted,0.25,3,3,TTAGGGCCGCCGTCGAGCTA,0,3011067
ratA_yfjF_predicted,0.25,3,3,TTAGGCACTTGGAATTATGT,0,3011353
ratA_yfjF_predicted,0.25,3,3,TTAGGATTCGGTGTTTGAAT,0,3000081
ratA_yfjF_predicted,0.25,3,3,TTAGAACGTGAGTGGCGTAA,0,3006042
ratA_yfjF_predicted,0.25,3,3,TTACGTTTCGAACGTGACTA,0,3013986
ratA_yfjF_predicted,0.25,3,3,TTAATAATGATTTGGCCGTC,0,3007518
ratA_yfjF_predicted,0.25,3,3,TTAAGTTTGATAGGAATTGC,0,3001942
ratA_yfjF_predicted,0.25,3,3,TTAAGACTCAGCCACCAGAC,0,3009300
ratA_yfjF_predicted,0.25,3,3,TTAACGGGGAGACGCCAGAT,0,3016799
ratA_yfjF_predicted,0.25,3,3,TTAACAAAAAGTTCTAAATA,0,3021631
ratA_yfjF_predicted,0.25,3,3,TGTTTCCTCAACGCTCGTTT,0,3011335
ratA_yfjF_predicted,0.25,3,3,TGTTGGTGTCATTCGAAACA,0,3019884
ratA_yfjF_predicted,0.25,3,3,TGTTCGGATCGTTCGTTCTT,0,3008789
ratA_yfjF_predicted,0.25,3,3,TGTTATGGTACAAGATTCTC,0,3001468
ratA_yfjF_predicted,0.25,3,3,TGTTAATCGAGCTTGTGAAA,0,3018945
ratA_yfjF_predicted,0.25,3,3,TGTTAAATCTAAGAACGCTG,0,3004704
ratA_yfjF_predicted,0.25,3,3,TGTGTCCCCCATACTGTATA,0,3018673
ratA_yfjF_predicted,0.25,3,3,TGTGTAGTACTTGCTAGTTG,0,3016315
ratA_yfjF_predicted,0.25,3,3,TGTGGGCCGACCTGGACGCA,0,3009827
ratA_yfjF_predicted,0.25,3,3,TGTGCGAAGGGATCGTCAGA,0,2998343
ratA_yfjF_predicted,0.25,3,3,TGTGCCTTGGCCCTGGTCAG,0,2992350
ratA_yfjF_predicted,0.25,3,3,TGTGCATGCTGAGGTTTAGC,0,3001943
ratA_yfjF_predicted,0.25,3,3,TGTCTTCTGACACTAACTTT,0,2997223
ratA_yfjF_predicted,0.25,3,3,TGTCTCATATGCTCGTAAAA,0,3000740
ratA_yfjF_predicted,0.25,3,3,TGTCGAAAAACGCGCGCTTT,0,3009038
ratA_yfjF_predicted,0.25,3,3,TGTCACGAGGTTCCGTAGGT,0,3008027
ratA_yfjF_predicted,0.25,3,3,TGTCAATTGTGGCGCAAAAT,0,3009116
ratA_yfjF_predicted,0.25,3,3,TGTAATTTGTAATCACCTGC,0,3000892
ratA_yfjF_predicted,0.25,3,3,TGTAAGATCGTCTCATATCC,0,2995314
ratA_yfjF_predicted,0.25,3,3,TGGTTGCGGTTAGCGGAGAT,0,3006450
ratA_yfjF_predicted,0.25,3,3,TGGTTCGTGTGATGCGTTTC,0,3017360
ratA_yfjF_predicted,0.25,3,3,TGGTGGGCACAAAACCATAA,0,2996939
ratA_yfjF_predicted,0.25,3,3,TGGTGGGATCCGTCTCCCCA,0,3010065
ratA_yfjF_predicted,0.25,3,3,TGGTATTGTCCGGGCGTGGA,0,3011138
ratA_yfjF_predicted,0.25,3,3,TGGTAACCTCTCTATGAGGA,0,3021055
ratA_yfjF_predicted,0.25,3,3,TGGGGGTAAGCGGCCATAGA,0,3017428
ratA_yfjF_predicted,0.25,3,3,TGGGCGGGTAAGTCCCTCGG,0,3017582
ratA_yfjF_predicted,0.25,3,3,TGGGCCACGCAGTCTACATA,0,3019661
ratA_yfjF_predicted,0.25,3,3,TGGGATGTCGATCACATGTG,0,3019323
ratA_yfjF_predicted,0.25,3,3,TGGGATCGTCGGCCGAGGGT,0,3021474
ratA_yfjF_predicted,0.25,3,3,TGGCTGTCACTGCATTAGCA,0,3013829
ratA_yfjF_predicted,0.25,3,3,TGGCTGCTGTAGTGGGAATG,0,2998412
ratA_yfjF_predicted,0.25,3,3,TGGCGACCAGTCGTTCTCGA,0,3017676
ratA_yfjF_predicted,0.25,3,3,TGGCAGAGCACGTTCACAAT,0,2996926
ratA_yfjF_predicted,0.25,3,3,TGGCAAAACTTTGATGCCTT,0,2993099
ratA_yfjF_predicted,0.25,3,3,TGGAGTGGAACACTTTCATT,0,3015107
ratA_yfjF_predicted,0.25,3,3,TGGAACTGTGCTCGTTGTGA,0,3014360
ratA_yfjF_predicted,0.25,3,3,TGGAAAGGTATTAAGTTACC,0,2995539
ratA_yfjF_predicted,0.25,3,3,TGCTTGTGAAATGCTTTCTC,0,3009582
ratA_yfjF_predicted,0.25,3,3,TGCTGCACCTGAACCGTGAG,0,3010254
ratA_yfjF_predicted,0.25,3,3,TGCGTGGTGCAGGGACACCT,0,2995593
ratA_yfjF_predicted,0.25,3,3,TGCGGTACACCTCAGTTTGG,0,3005184
ratA_yfjF_predicted,0.25,3,3,TGCGGGAGAGGACGAAATTA,0,3014561
ratA_yfjF_predicted,0.25,3,3,TGCGCTGCCATTCACGATTT,0,2999023
ratA_yfjF_predicted,0.25,3,3,TGCCGGAACCCAACGATTCC,0,3004069
ratA_yfjF_predicted,0.25,3,3,TGCCCTGGGAAAAGAGGGCA,0,3011993
ratA_yfjF_predicted,0.25,3,3,TGCCCATGCCCCCATGGCAG,0,3011683
ratA_yfjF_predicted,0.25,3,3,TGCCAATCATCGTGTGAAAA,0,3006798
ratA_yfjF_predicted,0.25,3,3,TGCCAACCAACTTGTGGGAT,0,2997632
ratA_yfjF_predicted,0.25,3,3,TGCATAGGCTTCGCTCCGCA,0,3007886
ratA_yfjF_predicted,0.25,3,3,TGCAACGCTCTTGAACGTGT,0,3021715
ratA_yfjF_predicted,0.25,3,3,TGATTTTTTTGGGTTTATAA,0,3013175
ratA_yfjF_predicted,0.25,3,3,TGATGGAGGTGCGGCATCCG,0,3015802
ratA_yfjF_predicted,0.25,3,3,TGAGGCTCGTGCCAAACGGC,0,3005499
ratA_yfjF_predicted,0.25,3,3,TGAGGAATCATACAATTAAA,0,3012287
ratA_yfjF_predicted,0.25,3,3,TGACCAATATTGAGGGCAGA,0,3001406
ratA_yfjF_predicted,0.25,3,3,TGACATGGCTAAAAATAGAG,0,3007346
ratA_yfjF_predicted,0.25,3,3,TGACAAACATCGAACGATAA,0,3021463
ratA_yfjF_predicted,0.25,3,3,TGAATTGTGGCAGCGTGCTT,0,3017093
ratA_yfjF_predicted,0.25,3,3,TGAATCAGGGCTTTGTTCAT,0,3004552
ratA_yfjF_predicted,0.25,3,3,TGAATAATTAACGTGTATGC,0,3004240
ratA_yfjF_predicted,0.25,3,3,TGAAACCAACCTGACAGGGT,0,3014908
ratA_yfjF_predicted,0.25,3,3,TCTTTGATGTGGTAATCATC,0,3007478
ratA_yfjF_predicted,0.25,3,3,TCTTATATGACATAAGTTCT,0,3020990
ratA_yfjF_predicted,0.25,3,3,TCTGTTGAGTGACCGCCAAA,0,3017984
ratA_yfjF_predicted,0.25,3,3,TCTGTAGATTCATGGCAACA,0,2997583
ratA_yfjF_predicted,0.25,3,3,TCTGAGCTTGTTCCACCGAC,0,3014010
ratA_yfjF_predicted,0.25,3,3,TCTCTACGTACGAAAAGATT,0,3020146
ratA_yfjF_predicted,0.25,3,3,TCTCAATGGGAGGCATGCAT,0,3017018
ratA_yfjF_predicted,0.25,3,3,TCTATCGTTGGCTGGCTTCA,0,2992599
ratA_yfjF_predicted,0.25,3,3,TCTATCATGGGTCGCAGACA,0,3009614
ratA_yfjF_predicted,0.25,3,3,TCTAGCAATCGGCCCATGTG,0,3001808
ratA_yfjF_predicted,0.25,3,3,TCTACCTCCCTCTAGTTTGA,0,3001941
ratA_yfjF_predicted,0.25,3,3,TCTACCCATCAGAATAGTGA,0,2997726
ratA_yfjF_predicted,0.25,3,3,TCTAACACACATGGATATAG,0,3014242
ratA_yfjF_predicted,0.25,3,3,TCGTTCTATTCGTAGTGGAA,0,3010820
ratA_yfjF_predicted,0.25,3,3,TCGTGTGATGTTCGCGTGTT,0,3000989
ratA_yfjF_predicted,0.25,3,3,TCGTGAGCGATCCTTCTCGA,0,2992392
ratA_yfjF_predicted,0.25,3,3,TCGTCTTCGCTGCCACAATG,0,3015919
ratA_yfjF_predicted,0.25,3,3,TCGTACTGATTGCCTGATCA,0,3000956
ratA_yfjF_predicted,0.25,3,3,TCGGTTCAGGCTTTTACCAC,0,3005620
ratA_yfjF_predicted,0.25,3,3,TCGGGCGTGGCGTAATTCTC,0,3015972
ratA_yfjF_predicted,0.25,3,3,TCGGCGGAATCAGTCATTAA,0,2999404
ratA_yfjF_predicted,0.25,3,3,TCGGAAGTATGAAGCAGTTG,0,2993513
ratA_yfjF_predicted,0.25,3,3,TCGCTGAGAGATCAACTACA,0,2993508
ratA_yfjF_predicted,0.25,3,3,TCGCTCGAAGATTGTGCCGT,0,3005013
ratA_yfjF_predicted,0.25,3,3,TCGCGGCGGCCTTTAGTATT,0,3005007
ratA_yfjF_predicted,0.25,3,3,TCGCCGTACGCGTGGAAATA,0,2997470
ratA_yfjF_predicted,0.25,3,3,TCGCACGCTTGCCAGGTATC,0,3018491
ratA_yfjF_predicted,0.25,3,3,TCGATTTCTGCCGGATCAAT,0,3004447
ratA_yfjF_predicted,0.25,3,3,TCGATTGATGGGACGCATAG,0,3008083
ratA_yfjF_predicted,0.25,3,3,TCGAGAAAGCTGTAAAGAGA,0,3015723
ratA_yfjF_predicted,0.25,3,3,TCGAATACCTGTACATTATT,0,2993899
ratA_yfjF_predicted,0.25,3,3,TCCTTTCGGCTCACGCTCGG,0,2994584
ratA_yfjF_predicted,0.25,3,3,TCCTTCACCGTCCAATCGTA,0,3018426
ratA_yfjF_predicted,0.25,3,3,TCCTTACCCTTGGTATTATC,0,3020781
ratA_yfjF_predicted,0.25,3,3,TCCTAGGAGCCACGCCCTGT,0,3020351
ratA_yfjF_predicted,0.25,3,3,TCCGGGGGGGCGGCAGGAAG,0,3010493
ratA_yfjF_predicted,0.25,3,3,TCCGGGGCGACATATTTTTC,0,3007548
ratA_yfjF_predicted,0.25,3,3,TCCGCTATCTTTTGATGGCA,0,3009062
ratA_yfjF_predicted,0.25,3,3,TCCGCCCGCATCGGGAAACT,0,2998012
ratA_yfjF_predicted,0.25,3,3,TCCGCAAGGTCAATGATGGA,0,2995982
ratA_yfjF_predicted,0.25,3,3,TCCGATGAACCAATCCTAGG,0,3012240
ratA_yfjF_predicted,0.25,3,3,TCCCTTGCAATCGCACTTCT,0,2996905
ratA_yfjF_predicted,0.25,3,3,TCCCTGCTCGTCATCGCTCC,0,2995620
ratA_yfjF_predicted,0.25,3,3,TCCCTCTCGTCTTACTTAGA,0,3007555
ratA_yfjF_predicted,0.25,3,3,TCCCGCGCGCATCCAGACAA,0,3015934
ratA_yfjF_predicted,0.25,3,3,TCCCGAGAGCGCCATGGCTA,0,3009145
ratA_yfjF_predicted,0.25,3,3,TCCCACGGGGAGAGTCTTAA,0,2995925
ratA_yfjF_predicted,0.25,3,3,TCCATAAGTTCAGCAGATTA,0,2994719
ratA_yfjF_predicted,0.25,3,3,TCCAGCCCAAATGACGCTAT,0,3019018
ratA_yfjF_predicted,0.25,3,3,TCCAATCCGCGAGGTCTGGA,0,3015328
ratA_yfjF_predicted,0.25,3,3,TCAGTTATCGGCTAACCATG,0,2997200
ratA_yfjF_predicted,0.25,3,3,TCAGGCTGATTAGCGGTATC,0,3010819
ratA_yfjF_predicted,0.25,3,3,TCAGGCAAGTCACGCGCCAT,0,3018642
ratA_yfjF_predicted,0.25,3,3,TCAGAATGCTCGCAATTTTA,0,2999026
ratA_yfjF_predicted,0.25,3,3,TCACTATGGACTGGGTGAAT,0,3020005
ratA_yfjF_predicted,0.25,3,3,TCACGGCTCCGTCATGGCTA,0,3014776
ratA_yfjF_predicted,0.25,3,3,TCACGAAAGCTGGGTCCAGG,0,3020113
ratA_yfjF_predicted,0.25,3,3,TCACCTTCTGACTCCCAGGA,0,3019832
ratA_yfjF_predicted,0.25,3,3,TCACATGGCCACGATAAGTA,0,3016091
ratA_yfjF_predicted,0.25,3,3,TCAAACATGGTAGACCCGAA,0,2998116
ratA_yfjF_predicted,0.25,3,3,TCAAAAGTCAAGTTTGAGAC,0,2995687
ratA_yfjF_predicted,0.25,3,3,TATTTGAATACTGCAACAGC,0,3004297
ratA_yfjF_predicted,0.25,3,3,TATTTCAAAACATCTGAAGC,0,3018875
ratA_yfjF_predicted,0.25,3,3,TATTTAGGGCGGTCGCTTGC,0,3008273
ratA_yfjF_predicted,0.25,3,3,TATTGCCGTGTCGAGAAGAC,0,3007070
ratA_yfjF_predicted,0.25,3,3,TATTCGGTTACGCGCGCAAC,0,2997184
ratA_yfjF_predicted,0.25,3,3,TATTCCATGTTACGCACGAC,0,3012585
ratA_yfjF_predicted,0.25,3,3,TATGTGGAGGGGCTACTGGT,0,2994049
ratA_yfjF_predicted,0.25,3,3,TATGTAGAAGCCAGTCTATG,0,3003744
ratA_yfjF_predicted,0.25,3,3,TATGGTGGTTCAGGCCTATT,0,2993226
ratA_yfjF_predicted,0.25,3,3,TATGCTCGCTAGCAAAAAGA,0,2999969
ratA_yfjF_predicted,0.25,3,3,TATGAAGCGGGTCACGCGGT,0,3011801
ratA_yfjF_predicted,0.25,3,3,TATCTTGATCATTTAAAAGC,0,3018295
ratA_yfjF_predicted,0.25,3,3,TATCTTCAAAACGACAGAAA,0,3004751
ratA_yfjF_predicted,0.25,3,3,TATCTGTTGCTGCCTCAAAG,0,2996078
ratA_yfjF_predicted,0.25,3,3,TATCAACGAACTGAGTACCA,0,3020324
ratA_yfjF_predicted,0.25,3,3,TATATGGTAACCAATGAATA,0,2996106
ratA_yfjF_predicted,0.25,3,3,TATAGTACTAATGCGTTATA,0,2992239
ratA_yfjF_predicted,0.25,3,3,TATACCTGTGCAATCCTCCT,0,2993567
ratA_yfjF_predicted,0.25,3,3,TATACAAAGGTCAAGTTCCA,0,3014568
ratA_yfjF_predicted,0.25,3,3,TATAATACTGTAACTCAATG,0,3002617
ratA_yfjF_predicted,0.25,3,3,TAGGTTGGTGCCATCGCCTA,0,3020302
ratA_yfjF_predicted,0.25,3,3,TAGGTCGGGACTGTGGCACA,0,3014363
ratA_yfjF_predicted,0.25,3,3,TAGGGGCCGTCTAACTTTGT,0,3001683
ratA_yfjF_predicted,0.25,3,3,TAGGGCAGCGCAAGGACGTG,0,3002457
ratA_yfjF_predicted,0.25,3,3,TAGGCTAATGAGCATGGTGG,0,3006485
ratA_yfjF_predicted,0.25,3,3,TAGGATTTGAGCTAAACTAG,0,2992817
ratA_yfjF_predicted,0.25,3,3,TAGCTTACGACTAAGACCGT,0,3011328
ratA_yfjF_predicted,0.25,3,3,TAGCTCGGTGGTTTGCACAA,0,2996298
ratA_yfjF_predicted,0.25,3,3,TAGCCAGGTCCAGCTCAATA,0,3005980
ratA_yfjF_predicted,0.25,3,3,TAGCAAACCAGAAGGGCTCA,0,2992750
ratA_yfjF_predicted,0.25,3,3,TAGATTCACGTACTGTCTGC,0,3002041
ratA_yfjF_predicted,0.25,3,3,TAGATGAAATAATCGGGTTG,0,3001763
ratA_yfjF_predicted,0.25,3,3,TAGATCATCGCTTCGCCAGG,0,3002038
ratA_yfjF_predicted,0.25,3,3,TAGACATCTTAACTCGCGGC,0,3012594
ratA_yfjF_predicted,0.25,3,3,TAGAATATGTAAGGGGCGCA,0,2995169
ratA_yfjF_predicted,0.25,3,3,TAGAACTCAGACGTTTTCAA,0,3007177
ratA_yfjF_predicted,0.25,3,3,TAGAAACATAAATAGTGTGG,0,3017744
ratA_yfjF_predicted,0.25,3,3,TACTGGCGGAACTCACCTTT,0,3012791
ratA_yfjF_predicted,0.25,3,3,TACTCGTCACAGCCATATCT,0,2997902
ratA_yfjF_predicted,0.25,3,3,TACTATGACCAAGAGCGAGA,0,2996287
ratA_yfjF_predicted,0.25,3,3,TACGCAAGCCTTACGTGGCG,0,3017107
ratA_yfjF_predicted,0.25,3,3,TACCTAGTATTGTTGTAACT,0,3005227
ratA_yfjF_predicted,0.25,3,3,TACCGTTATTGTGTGAGGGT,0,3021553
ratA_yfjF_predicted,0.25,3,3,TACCCTGGAGCGGAGCGCCC,0,2995020
ratA_yfjF_predicted,0.25,3,3,TACCCTATGTGTAAGTAGCA,0,3018167
ratA_yfjF_predicted,0.25,3,3,TACCCAGTCTTTAGGCCTTA,0,3019769
ratA_yfjF_predicted,0.25,3,3,TACATCGCAGCTACCACTTT,0,3019111
ratA_yfjF_predicted,0.25,3,3,TACATAAGCTCAAGCGGGAA,0,3000637
ratA_yfjF_predicted,0.25,3,3,TACAGTCCACTACAATTTTA,0,2997224
ratA_yfjF_predicted,0.25,3,3,TACAGTATCTCGAAAGAGGC,0,3019259
ratA_yfjF_predicted,0.25,3,3,TACACGTACGCAAGAGTCGT,0,3012319
ratA_yfjF_predicted,0.25,3,3,TACACAACGAAGTCCTACCT,0,2994226
ratA_yfjF_predicted,0.25,3,3,TACAATTGAGGGGGCTAAGT,0,3001486
ratA_yfjF_predicted,0.25,3,3,TAATTTGTAAACGAGGATCT,0,3010177
ratA_yfjF_predicted,0.25,3,3,TAATTGAATCCGGCCCTAGT,0,3011619
ratA_yfjF_predicted,0.25,3,3,TAATCTGCGGCGACAACGGT,0,2992037
ratA_yfjF_predicted,0.25,3,3,TAATAGAGTGGACGCGTACG,0,3011535
ratA_yfjF_predicted,0.25,3,3,TAAGTCAATAGCGGCATATC,0,3001435
ratA_yfjF_predicted,0.25,3,3,TAAGGCCTAGTTCTCAATCA,0,3020538
ratA_yfjF_predicted,0.25,3,3,TAAGACCGTGTAAAAGCTAC,0,3017922
ratA_yfjF_predicted,0.25,3,3,TAAGAAATACTGTGTGAATC,0,3006270
ratA_yfjF_predicted,0.25,3,3,TAACGAGTAACAGCGCGCAG,0,3001602
ratA_yfjF_predicted,0.25,3,3,TAAATGCCATTCGCTGTTTA,0,3001914
ratA_yfjF_predicted,0.25,3,3,TAAAGTAAACCCCCACACGT,0,2998988
ratA_yfjF_predicted,0.25,3,3,TAAAATGTCATGGGCGACGC,0,3014787
ratA_yfjF_predicted,0.25,3,3,TAAAAAAGCTGTACCACCAT,0,2998242
ratA_yfjF_predicted,0.25,3,3,GTTTTTATGTCGTGGATAGC,0,3015155
ratA_yfjF_predicted,0.25,3,3,GTTTTCGGAGTGCACAGGTA,0,3017165
ratA_yfjF_predicted,0.25,3,3,GTTTGCCTGTTGCATACTAC,0,3004701
ratA_yfjF_predicted,0.25,3,3,GTTTGCATAGGTTGTTCAGA,0,3012845
ratA_yfjF_predicted,0.25,3,3,GTTTCGGTCTAAAAATGCAT,0,2992507
ratA_yfjF_predicted,0.25,3,3,GTTGCGTAAACATGTGTTCT,0,2998430
ratA_yfjF_predicted,0.25,3,3,GTTGCCGTGCCTGGAAGAGA,0,2995895
ratA_yfjF_predicted,0.25,3,3,GTTGACAATTTTTCTCAATT,0,3008536
ratA_yfjF_predicted,0.25,3,3,GTTCGTTACCTGCTCGTCTT,0,2994931
ratA_yfjF_predicted,0.25,3,3,GTTCAGCGGCATAAGCGTGC,0,3015938
ratA_yfjF_predicted,0.25,3,3,GTTCAATGGCCCTCATCGGA,0,3000020
ratA_yfjF_predicted,0.25,3,3,GTTCAACGTAAGCCGTAGTT,0,3011588
ratA_yfjF_predicted,0.25,3,3,GTTATAGACGACACCCTAGA,0,2992408
ratA_yfjF_predicted,0.25,3,3,GTGTTGGCATTCATGGTTAC,0,3001615
ratA_yfjF_predicted,0.25,3,3,GTGTTCGGTAATTTCATTCC,0,3011096
ratA_yfjF_predicted,0.25,3,3,GTGTGAGGCTGCTGGGAGCG,0,3004996
ratA_yfjF_predicted,0.25,3,3,GTGTCGAAATGAAATAGGAG,0,3008271
ratA_yfjF_predicted,0.25,3,3,GTGTATTCGCTCGCCAGCTT,0,3019491
ratA_yfjF_predicted,0.25,3,3,GTGGTTTTTAGCCCGCAATA,0,3006463
ratA_yfjF_predicted,0.25,3,3,GTGGGATCTTCACGAACAAG,0,2998676
ratA_yfjF_predicted,0.25,3,3,GTGGCGAGAATTTGGGGATG,0,3014331
ratA_yfjF_predicted,0.25,3,3,GTGCATACGACAATTACATG,0,3010330
ratA_yfjF_predicted,0.25,3,3,GTGACCGTCTCGGTATCACA,0,3019376
ratA_yfjF_predicted,0.25,3,3,GTCTTAAATTAATGTTCGTT,0,3000842
ratA_yfjF_predicted,0.25,3,3,GTCTGAGATGGGGGTTCTTA,0,3008328
ratA_yfjF_predicted,0.25,3,3,GTCGTTCAGGTATGCCCCTG,0,2997681
ratA_yfjF_predicted,0.25,3,3,GTCGGGTTAACGCACGATAC,0,3005498
ratA_yfjF_predicted,0.25,3,3,GTCGGCTTTACGGTTCAGAC,0,3002742
ratA_yfjF_predicted,0.25,3,3,GTCGCACAAGCCATCACTAT,0,3009862
ratA_yfjF_predicted,0.25,3,3,GTCCTTACGCCAACTCTATT,0,2996333
ratA_yfjF_predicted,0.25,3,3,GTCCTGCTTGCACGTGTAGG,0,3003968
ratA_yfjF_predicted,0.25,3,3,GTCCGCGTTCCTGTCCCCTC,0,3001680
ratA_yfjF_predicted,0.25,3,3,GTCCGATCGGTCAACCCTGT,0,3010782
ratA_yfjF_predicted,0.25,3,3,GTCAGACCGCAGATCGCCGA,0,3010246
ratA_yfjF_predicted,0.25,3,3,GTCACTGATCGGGTTCCGCT,0,2994908
ratA_yfjF_predicted,0.25,3,3,GTAGTTGAATAAAAGAGAAC,0,3006228
ratA_yfjF_predicted,0.25,3,3,GTAGCTTGTGTATATAGTTT,0,2998615
ratA_yfjF_predicted,0.25,3,3,GTAGCACAGAAGTCCTCTAC,0,2997979
ratA_yfjF_predicted,0.25,3,3,GTAGAAGAACTTCATGGCGT,0,2997305
ratA_yfjF_predicted,0.25,3,3,GTACTTCCCGTTTAAGTCCT,0,3002558
ratA_yfjF_predicted,0.25,3,3,GTACTGAGAGTAACGGAGAA,0,3006564
ratA_yfjF_predicted,0.25,3,3,GTAATTTGTAACCTTCGGGC,0,2994170
ratA_yfjF_predicted,0.25,3,3,GTAATGGCGGCTTAGATATA,0,3018166
ratA_yfjF_predicted,0.25,3,3,GTAATGGACAGGGTGTATCT,0,3020225
ratA_yfjF_predicted,0.25,3,3,GGTTTATAGCTCGGCGTCAA,0,3016208
ratA_yfjF_predicted,0.25,3,3,GGTTTAGTCTTGGCAATTAG,0,3016480
ratA_yfjF_predicted,0.25,3,3,GGTTCTTTAGCGTTATTATA,0,3000078
ratA_yfjF_predicted,0.25,3,3,GGTTCTCGTTGATATATCTA,0,3013100
ratA_yfjF_predicted,0.25,3,3,GGTTCACGGGGAGTCACCAA,0,3013191
ratA_yfjF_predicted,0.25,3,3,GGTTATTATATAAGGTCTAT,0,3007748
ratA_yfjF_predicted,0.25,3,3,GGTGTTGTGATCCGGACCAG,0,3010197
ratA_yfjF_predicted,0.25,3,3,GGTGGCTAATGAGGGTGTTT,0,3003932
ratA_yfjF_predicted,0.25,3,3,GGTGCTGATCTAGCTGTTCA,0,3015611
ratA_yfjF_predicted,0.25,3,3,GGTGCATCAGGCACCCGGTG,0,3000326
ratA_yfjF_predicted,0.25,3,3,GGTGCACACGACATCGGAAT,0,3012230
ratA_yfjF_predicted,0.25,3,3,GGTCTGTTTTAGCTCCGGCG,0,3021072
ratA_yfjF_predicted,0.25,3,3,GGTCAGCTTGTCAGGGCTAC,0,3011158
ratA_yfjF_predicted,0.25,3,3,GGTATCACGTTCAAGATAGG,0,3007451
ratA_yfjF_predicted,0.25,3,3,GGTATATCCGCGACGAAACA,0,3009640
ratA_yfjF_predicted,0.25,3,3,GGTATAATCTAAAATGCCAC,0,2992856
ratA_yfjF_predicted,0.25,3,3,GGTAGGCTGTGAACTGGTTC,0,3004946
ratA_yfjF_predicted,0.25,3,3,GGTACGCACGCCAACTGCCA,0,3000526
ratA_yfjF_predicted,0.25,3,3,GGTAAGGTTCTGGTTCGACA,0,3011767
ratA_yfjF_predicted,0.25,3,3,GGTAAATTGTGATCGGGTTT,0,3016012
ratA_yfjF_predicted,0.25,3,3,GGTAAAACGACCTGCCCGTA,0,3014134
ratA_yfjF_predicted,0.25,3,3,GGGTTTAAGAACTAAGCGAT,0,3003856
ratA_yfjF_predicted,0.25,3,3,GGGTCTTGCCGTCAGTTATC,0,3004446
ratA_yfjF_predicted,0.25,3,3,GGGTCAGGTATTTTACAAAA,0,3015900
ratA_yfjF_predicted,0.25,3,3,GGGTCACGACACTCACCCAT,0,3011060
ratA_yfjF_predicted,0.25,3,3,GGGTCACACGTAGTTGAGTG,0,3008304
ratA_yfjF_predicted,0.25,3,3,GGGGTCGGCCGCAGTACTAG,0,3020849
ratA_yfjF_predicted,0.25,3,3,GGGGGATCTCGGTCCGCGAT,0,2992851
ratA_yfjF_predicted,0.25,3,3,GGGGCTTGACTGGTTCGCCA,0,3015645
ratA_yfjF_predicted,0.25,3,3,GGGGCCGTTAGGATGCGATG,0,3015713
ratA_yfjF_predicted,0.25,3,3,GGGCGCAGACAAGCACTTGT,0,2995537
ratA_yfjF_predicted,0.25,3,3,GGGCCTCGTTGCTCTTAGAG,0,2998970
ratA_yfjF_predicted,0.25,3,3,GGGACAGGAGGTTGGTGGAG,0,3021589
ratA_yfjF_predicted,0.25,3,3,GGCTCAGTGTATGCGACGTA,0,3007826
ratA_yfjF_predicted,0.25,3,3,GGCTAGAGACCCATATTAAG,0,3002983
ratA_yfjF_predicted,0.25,3,3,GGCTACCTCCGGCCGAGTAC,0,3017002
ratA_yfjF_predicted,0.25,3,3,GGCGTGCGCGACATGGCGAG,0,3016967
ratA_yfjF_predicted,0.25,3,3,GGCGTCGAGCGGTCCCCAAG,0,3017540
ratA_yfjF_predicted,0.25,3,3,GGCGGCCATCTTCATTTGGG,0,3009118
ratA_yfjF_predicted,0.25,3,3,GGCGAGGGCTTGGTCATAAA,0,2997755
ratA_yfjF_predicted,0.25,3,3,GGCCTGCGAATGTGCTCAGA,0,3008216
ratA_yfjF_predicted,0.25,3,3,GGCCCGGGAAGACTCAGGGG,0,2997956
ratA_yfjF_predicted,0.25,3,3,GGCAGACAGAAGCTCTCCGG,0,3011031
ratA_yfjF_predicted,0.25,3,3,GGATGTAGTCTGTTTGTCAC,0,3015398
ratA_yfjF_predicted,0.25,3,3,GGATCGGTCAGAGGCCCTTT,0,3000813
ratA_yfjF_predicted,0.25,3,3,GGATCGGAATTTTCAGTTGT,0,2995473
ratA_yfjF_predicted,0.25,3,3,GGATATTTTCTATGCTGAAA,0,3000501
ratA_yfjF_predicted,0.25,3,3,GGAGGGAATTATACCGCCAG,0,3017642
ratA_yfjF_predicted,0.25,3,3,GGAGCTATAAGTTTTGTTCT,0,3017640
ratA_yfjF_predicted,0.25,3,3,GGAGCGGCTTGCTTAGGAAA,0,3003356
ratA_yfjF_predicted,0.25,3,3,GGAGCCACTTGGCAGAAAAG,0,2998545
ratA_yfjF_predicted,0.25,3,3,GGAGAATTCGATTTATGGCC,0,3007987
ratA_yfjF_predicted,0.25,3,3,GGACACAAGTGCAAAAACGT,0,2998544
ratA_yfjF_predicted,0.25,3,3,GGAAGGCACCATGCAACCAT,0,2993864
ratA_yfjF_predicted,0.25,3,3,GGAAAATACCCGTCCGTAGG,0,2994625
ratA_yfjF_predicted,0.25,3,3,GCTTGTTCATGGAAGGTCCT,0,3016370
ratA_yfjF_predicted,0.25,3,3,GCTTGAGCGCACTAACGTGT,0,3010664
ratA_yfjF_predicted,0.25,3,3,GCTGTATTAGTATCGAAGTT,0,3003740
ratA_yfjF_predicted,0.25,3,3,GCTGGTCATGCACCCCCTGA,0,3001098
ratA_yfjF_predicted,0.25,3,3,GCTGCAAAATGGCGCCGTCA,0,3010211
ratA_yfjF_predicted,0.25,3,3,GCTCTTTTTATGGCCTTCTT,0,3014920
ratA_yfjF_predicted,0.25,3,3,GCTCTCAGCCCCGATCATGT,0,3001195
ratA_yfjF_predicted,0.25,3,3,GCTCGGGCATTGGCATTTCC,0,3012102
ratA_yfjF_predicted,0.25,3,3,GCTCAAGGGGTCCAAACCAA,0,2997869
ratA_yfjF_predicted,0.25,3,3,GCTATCTCAGGAGGTTCTGC,0,3016262
ratA_yfjF_predicted,0.25,3,3,GCTAGATAAATCGAGGCTCC,0,3018065
ratA_yfjF_predicted,0.25,3,3,GCGTTTACGTGCTTTGGTCT,0,3003014
ratA_yfjF_predicted,0.25,3,3,GCGTCCCGGGCATATATGGG,0,3015769
ratA_yfjF_predicted,0.25,3,3,GCGGTTAGCTAACCTGGTGT,0,2999403
ratA_yfjF_predicted,0.25,3,3,GCGGTGTGGAAGGGACTTAA,0,3015882
ratA_yfjF_predicted,0.25,3,3,GCGGTCGTTACGTATCCGTG,0,3010123
ratA_yfjF_predicted,0.25,3,3,GCGGGGATATCGGAACTGTA,0,2993777
ratA_yfjF_predicted,0.25,3,3,GCGGGACCTATAGGGATAAC,0,3001978
ratA_yfjF_predicted,0.25,3,3,GCGGATCGGGTGCCGTGGCC,0,2995873
ratA_yfjF_predicted,0.25,3,3,GCGATGTAACTGAGGTACGG,0,3018698
ratA_yfjF_predicted,0.25,3,3,GCGAGGAGGAGTAGCTGTCA,0,3014332
ratA_yfjF_predicted,0.25,3,3,GCGAGCTATTCCGTCTACGG,0,2992205
ratA_yfjF_predicted,0.25,3,3,GCGAGACCTCTGCTATTGTG,0,3008917
ratA_yfjF_predicted,0.25,3,3,GCGACGGGACTCACGAAAAC,0,3020500
ratA_yfjF_predicted,0.25,3,3,GCGACGCATTGCCAAACTTG,0,2995181
ratA_yfjF_predicted,0.25,3,3,GCGAACAAAGGACCAGGTGA,0,3001476
ratA_yfjF_predicted,0.25,3,3,GCCTTTGGTAGAGAAAAATT,0,3007831
ratA_yfjF_predicted,0.25,3,3,GCCTAAGGCGGTGGGTCTAA,0,3006214
ratA_yfjF_predicted,0.25,3,3,GCCGTCTCCTCGACGGACCT,0,3007235
ratA_yfjF_predicted,0.25,3,3,GCCGCCGTCTGACTCCTCCC,0,2996920
ratA_yfjF_predicted,0.25,3,3,GCCGAGAAATAGATCGTGTT,0,3017909
ratA_yfjF_predicted,0.25,3,3,GCCGAATGTCTAAAAATAAG,0,3002801
ratA_yfjF_predicted,0.25,3,3,GCCCTCTACGGCCAGTTATA,0,3006391
ratA_yfjF_predicted,0.25,3,3,GCCCTAGGTTCGAGGCTAGA,0,3008840
ratA_yfjF_predicted,0.25,3,3,GCCCGAGTCAGCGGCACATA,0,2993515
ratA_yfjF_predicted,0.25,3,3,GCCCAGGAGGCCAATCGGTT,0,3003662
ratA_yfjF_predicted,0.25,3,3,GCCCAGAGTTTTATAATAAA,0,3010009
ratA_yfjF_predicted,0.25,3,3,GCCCACATACTAAGGACCTA,0,3016232
ratA_yfjF_predicted,0.25,3,3,GCCATTCCGCGCGCCTAATG,0,3005043
ratA_yfjF_predicted,0.25,3,3,GCCATGTCGTAACATACCCT,0,3007092
ratA_yfjF_predicted,0.25,3,3,GCCAGTGGTTTCCAAGGGGG,0,3010368
ratA_yfjF_predicted,0.25,3,3,GCCACGGAATCGCCTTCTAG,0,3011449
ratA_yfjF_predicted,0.25,3,3,GCATGTAAGGACATACACAC,0,3007440
ratA_yfjF_predicted,0.25,3,3,GCATCGTTGCTCTCCGATTC,0,3019940
ratA_yfjF_predicted,0.25,3,3,GCATCGCCCGTTAAATCCGA,0,3012346
ratA_yfjF_predicted,0.25,3,3,GCATATGTTTTGGTCGTATT,0,3012972
ratA_yfjF_predicted,0.25,3,3,GCAGTCTTGTACTCAGCTAG,0,3008342
ratA_yfjF_predicted,0.25,3,3,GCAGCTGTATTTACCGCAGT,0,3012831
ratA_yfjF_predicted,0.25,3,3,GCAGCCGGTGAGTGCTAAAA,0,3018824
ratA_yfjF_predicted,0.25,3,3,GCAGCACCTTACAGAGTTTC,0,3016650
ratA_yfjF_predicted,0.25,3,3,GCACTCTGTTGAACCCCCGA,0,3011888
ratA_yfjF_predicted,0.25,3,3,GCACCGGGGCATGCAGTATA,0,2997027
ratA_yfjF_predicted,0.25,3,3,GCACCACCGGGGCGTGAGGT,0,3008010
ratA_yfjF_predicted,0.25,3,3,GCAATTTTGCCACGCCGGTA,0,3008941
ratA_yfjF_predicted,0.25,3,3,GCAACCATGGACAACCTTGG,0,3019477
ratA_yfjF_predicted,0.25,3,3,GCAACAAGAATAGGACGGGA,0,3003452
ratA_yfjF_predicted,0.25,3,3,GCAAATTCTGACCTACCATC,0,3005315
ratA_yfjF_predicted,0.25,3,3,GCAAATGTTTAGTTATTGTG,0,3005827
ratA_yfjF_predicted,0.25,3,3,GCAAAAACAACGAGTCCCTA,0,3010827
ratA_yfjF_predicted,0.25,3,3,GATTTGGCAAAGCCTCTGCA,0,3012345
ratA_yfjF_predicted,0.25,3,3,GATTTAACAGCGGCCTAGGT,0,3020561
ratA_yfjF_predicted,0.25,3,3,GATTGTGAAGCCCCGTCCAT,0,3004202
ratA_yfjF_predicted,0.25,3,3,GATTGGGAAGCATGGGTTCC,0,2993747
ratA_yfjF_predicted,0.25,3,3,GATTGGCATCACCTGAGGCC,0,3007571
ratA_yfjF_predicted,0.25,3,3,GATTAGAAACGTAATTAGAG,0,2994317
ratA_yfjF_predicted,0.25,3,3,GATTAAAGATTATCGCGTGA,0,3005695
ratA_yfjF_predicted,0.25,3,3,GATGTGAGGGTCGGTCGTTT,0,3010310
ratA_yfjF_predicted,0.25,3,3,GATGGTGGTCTCGGCATTGT,0,3001682
ratA_yfjF_predicted,0.25,3,3,GATGGATGTAATGTTAGTAG,0,3007506
ratA_yfjF_predicted,0.25,3,3,GATGCGCCGGAGTGACGACC,0,2992610
ratA_yfjF_predicted,0.25,3,3,GATGAGTATACATTTGTGTC,0,3001023
ratA_yfjF_predicted,0.25,3,3,GATGAGGCGCGCTACGTGGT,0,3009845
ratA_yfjF_predicted,0.25,3,3,GATCTGGCTCCCTGGATGTC,0,3019093
ratA_yfjF_predicted,0.25,3,3,GATCTCCATGGCTTCAAAGC,0,3002407
ratA_yfjF_predicted,0.25,3,3,GATCCGGCATCCGTGCGCAT,0,3004900
ratA_yfjF_predicted,0.25,3,3,GATCCGCATAGGCTACTTTG,0,3007158
ratA_yfjF_predicted,0.25,3,3,GATCCAGAGGCTCGGTGCAA,0,3004683
ratA_yfjF_predicted,0.25,3,3,GATATGGGTAGGGATACGTT,0,3006018
ratA_yfjF_predicted,0.25,3,3,GATAGGGTAGCACGTTAGAC,0,3015682
ratA_yfjF_predicted,0.25,3,3,GATACTCCGCTCCCAACTTG,0,3016295
ratA_yfjF_predicted,0.25,3,3,GATACGAGGACAGAACCACT,0,2993939
ratA_yfjF_predicted,0.25,3,3,GATACCAGTCCCCCTGACAA,0,3016611
ratA_yfjF_predicted,0.25,3,3,GAGTTTTCGCAGAAAACATG,0,2992946
ratA_yfjF_predicted,0.25,3,3,GAGTTATCAAAGTAACGAAA,0,3001314
ratA_yfjF_predicted,0.25,3,3,GAGTGTAGATCAACGAGTGG,0,2998046
ratA_yfjF_predicted,0.25,3,3,GAGTGGACATTCACCTCGTA,0,2993206
ratA_yfjF_predicted,0.25,3,3,GAGTGAATAAACCCACGGGA,0,2993369
ratA_yfjF_predicted,0.25,3,3,GAGTACAATATTCGACCAAC,0,3000978
ratA_yfjF_predicted,0.25,3,3,GAGTAATATGAGCATACTAT,0,3010610
ratA_yfjF_predicted,0.25,3,3,GAGGAAAGTAATGACACACA,0,3017763
ratA_yfjF_predicted,0.25,3,3,GAGCTTAATTGGATGGAAAT,0,2999609
ratA_yfjF_predicted,0.25,3,3,GAGCCTATACTGTGTCCCAT,0,3003725
ratA_yfjF_predicted,0.25,3,3,GAGCAAGGAGTCAGAACCGA,0,3013330
ratA_yfjF_predicted,0.25,3,3,GAGATAGCGCACTCCCAAAT,0,3020766
ratA_yfjF_predicted,0.25,3,3,GAGACTCTGGGGTTTGTGGG,0,3007083
ratA_yfjF_predicted,0.25,3,3,GAGACCGGAACACGATGTTA,0,3003258
ratA_yfjF_predicted,0.25,3,3,GAGAATTCGGAGTTTCAAGT,0,3010973
ratA_yfjF_predicted,0.25,3,3,GAGAAGCGTATATTGACGTA,0,3016691
ratA_yfjF_predicted,0.25,3,3,GACTTTGGGAAAGGGTATCT,0,3012931
ratA_yfjF_predicted,0.25,3,3,GACTGGCCAAGGTATCACCT,0,3002961
ratA_yfjF_predicted,0.25,3,3,GACTGGCAGTTCTAATTCTG,0,3020154
ratA_yfjF_predicted,0.25,3,3,GACTAGAGTGTTGGCACCGG,0,3020059
ratA_yfjF_predicted,0.25,3,3,GACGGTGGAAGGCAAGGTGC,0,3003971
ratA_yfjF_predicted,0.25,3,3,GACGAGCTGGGCCTTAGGTC,0,3013879
ratA_yfjF_predicted,0.25,3,3,GACCTTTCCAAGATTTGTGC,0,3004444
ratA_yfjF_predicted,0.25,3,3,GACCCGGGAGCTTGACCCGC,0,3010137
ratA_yfjF_predicted,0.25,3,3,GACCCCTGAAATCTTCGGTA,0,3021790
ratA_yfjF_predicted,0.25,3,3,GACCAAAATTACAACGCGCT,0,3020192
ratA_yfjF_predicted,0.25,3,3,GACATTGCTCGGGCGGACGA,0,3008000
ratA_yfjF_predicted,0.25,3,3,GACATTCCAATGCAAATCAG,0,3014364
ratA_yfjF_predicted,0.25,3,3,GACATTAACGAGCTCCTACG,0,3017675
ratA_yfjF_predicted,0.25,3,3,GACAGTAAGTCTGGCCTAAC,0,2998270
ratA_yfjF_predicted,0.25,3,3,GAATTTGCTGATATAAAATC,0,3020892
ratA_yfjF_predicted,0.25,3,3,GAATTAGACCCCGGCGTCCA,0,2992271
ratA_yfjF_predicted,0.25,3,3,GAATATTTACCAACGCGTAC,0,3016918
ratA_yfjF_predicted,0.25,3,3,GAATATTGAGGCGATCGACC,0,3020737
ratA_yfjF_predicted,0.25,3,3,GAATAGTAGCGTCAGCTATT,0,3005941
ratA_yfjF_predicted,0.25,3,3,GAAGGGGTAGCAGATTGAAC,0,3007480
ratA_yfjF_predicted,0.25,3,3,GAACTTGATCGCAGCCCTCT,0,3021632
ratA_yfjF_predicted,0.25,3,3,GAAAGGGAACGCTATCGGAC,0,2996067
ratA_yfjF_predicted,0.25,3,3,GAAACGTTCCCCGCGGATAC,0,3013007
ratA_yfjF_predicted,0.25,3,3,GAAACAGATGAGTTCTCCTA,0,2999729
ratA_yfjF_predicted,0.25,3,3,CTTTTAACTCTGGATAGAAT,0,3016059
ratA_yfjF_predicted,0.25,3,3,CTTTTAACCAGGTGCGCTTG,0,3009545
ratA_yfjF_predicted,0.25,3,3,CTTTGACTACAAGATGGCAG,0,3010746
ratA_yfjF_predicted,0.25,3,3,CTTTGACCATTGTATTACTT,0,3011802
ratA_yfjF_predicted,0.25,3,3,CTTTATGTGGCCGAATGCTA,0,3009526
ratA_yfjF_predicted,0.25,3,3,CTTTAGTCTGGGCTCCTACA,0,3004048
ratA_yfjF_predicted,0.25,3,3,CTTGTCCTACAATATCGGAC,0,3018199
ratA_yfjF_predicted,0.25,3,3,CTTGCGTGACAAACGGCATA,0,3012821
ratA_yfjF_predicted,0.25,3,3,CTTGCCACAGGTGCAGTACC,0,3021176
ratA_yfjF_predicted,0.25,3,3,CTTCGTGCGCGTGTGCGCGC,0,3013816
ratA_yfjF_predicted,0.25,3,3,CTTCGACGCGAGGGATAAGG,0,2999509
ratA_yfjF_predicted,0.25,3,3,CTTACTTAGGGCACAAAGCA,0,2996629
ratA_yfjF_predicted,0.25,3,3,CTTACCTTAACGAAATCCGT,0,2993197
ratA_yfjF_predicted,0.25,3,3,CTTACCGCTCCATTTACGAA,0,3015438
ratA_yfjF_predicted,0.25,3,3,CTTACAGTGAAATGGAGTAT,0,3010435
ratA_yfjF_predicted,0.25,3,3,CTTAAGGTACGTCGTATTGA,0,2999318
ratA_yfjF_predicted,0.25,3,3,CTTAAATCCATACGCACTAA,0,3016854
ratA_yfjF_predicted,0.25,3,3,CTGTTCCGTTGAGATACACG,0,2996535
ratA_yfjF_predicted,0.25,3,3,CTGTGCGCTCCCGTTGTAGA,0,2999343
ratA_yfjF_predicted,0.25,3,3,CTGTCATTGTCAGGAGCAGG,0,2999789
ratA_yfjF_predicted,0.25,3,3,CTGTATCAGCAAACATAGAC,0,3020978
ratA_yfjF_predicted,0.25,3,3,CTGGGCCATCGCTAATCAGT,0,3009520
ratA_yfjF_predicted,0.25,3,3,CTGGCTAAATTAAGGCACGG,0,3008901
ratA_yfjF_predicted,0.25,3,3,CTGGCGTGTTATACATTAAA,0,2997697
ratA_yfjF_predicted,0.25,3,3,CTGGCCATAATAATGCCATC,0,3020882
ratA_yfjF_predicted,0.25,3,3,CTGCGATGGGATTCATCATA,0,3003447
ratA_yfjF_predicted,0.25,3,3,CTGCCCCTGCTAAGGTGGGG,0,3009843
ratA_yfjF_predicted,0.25,3,3,CTGCCAAAATGTTAGGAATA,0,3014941
ratA_yfjF_predicted,0.25,3,3,CTGCATGCTTTTTACCATTT,0,3015685
ratA_yfjF_predicted,0.25,3,3,CTGATACGACAACGATAAAA,0,2993920
ratA_yfjF_predicted,0.25,3,3,CTGAGAGGCAGGGGAAAGGA,0,3000878
ratA_yfjF_predicted,0.25,3,3,CTCTGATAAGGCGGTTAGCC,0,3002451
ratA_yfjF_predicted,0.25,3,3,CTCTCATCCCCTTTTCTATG,0,3007328
ratA_yfjF_predicted,0.25,3,3,CTCGTGTATTTGACCTCGCT,0,3018124
ratA_yfjF_predicted,0.25,3,3,CTCGTGACTATGCCCTAACC,0,3007773
ratA_yfjF_predicted,0.25,3,3,CTCGTCATCATGACGTTCGT,0,3018318
ratA_yfjF_predicted,0.25,3,3,CTCGGCTTACTTGGATAGAT,0,3012099
ratA_yfjF_predicted,0.25,3,3,CTCCTTACCCCACCAATATT,0,3007647
ratA_yfjF_predicted,0.25,3,3,CTCCTGGTCGTGTGCTATCG,0,3018456
ratA_yfjF_predicted,0.25,3,3,CTCCTACGGACAGTGGCTTT,0,2994277
ratA_yfjF_predicted,0.25,3,3,CTCCGGATACCAATGTATAA,0,2995423
ratA_yfjF_predicted,0.25,3,3,CTCCCCAGAAAATTTAACTC,0,2992426
ratA_yfjF_predicted,0.25,3,3,CTCCATAAACAGCAGCCGAT,0,2995145
ratA_yfjF_predicted,0.25,3,3,CTCATCTTCATTCTTTTTGT,0,3003749
ratA_yfjF_predicted,0.25,3,3,CTCAGGGGTCGAGAGGCTTA,0,3004563
ratA_yfjF_predicted,0.25,3,3,CTCAAAAGGACTATTCGAGA,0,2995623
ratA_yfjF_predicted,0.25,3,3,CTATTCTGACGAGTGGCGAC,0,3013059
ratA_yfjF_predicted,0.25,3,3,CTATTCGAGTGCACGGTAGA,0,3002225
ratA_yfjF_predicted,0.25,3,3,CTATGTTACCGGGCCTACTC,0,3018854
ratA_yfjF_predicted,0.25,3,3,CTATGGCAAAGCAAAGCGCG,0,2993787
ratA_yfjF_predicted,0.25,3,3,CTATGCAGATCCGTCGTGGC,0,3009573
ratA_yfjF_predicted,0.25,3,3,CTATCGAGATTGGACCGAGC,0,3014352
ratA_yfjF_predicted,0.25,3,3,CTATATGGAAAGAATCTCGG,0,3008790
ratA_yfjF_predicted,0.25,3,3,CTATACACTGAACTACGCTT,0,2994192
ratA_yfjF_predicted,0.25,3,3,CTATAATACAGTAAATTGCG,0,3012729
ratA_yfjF_predicted,0.25,3,3,CTAGTGCTCTGTCACAACCT,0,3003549
ratA_yfjF_predicted,0.25,3,3,CTAGTCTCCCAAGGATGCCA,0,3013983
ratA_yfjF_predicted,0.25,3,3,CTAGCTAGCCCAGTTCAGTA,0,3009828
ratA_yfjF_predicted,0.25,3,3,CTAGCGAGGGGGGCCTCGAC,0,2993118
ratA_yfjF_predicted,0.25,3,3,CTAGATCATGCTAAAAAGCT,0,3000496
ratA_yfjF_predicted,0.25,3,3,CTACTGACTCGGATGGGCTT,0,3013925
ratA_yfjF_predicted,0.25,3,3,CTACGACACTTGCTCCCTCA,0,3000201
ratA_yfjF_predicted,0.25,3,3,CTAATGAATAAATCAAGAAA,0,3009098
ratA_yfjF_predicted,0.25,3,3,CTAATCCCCTTATTTAATAG,0,3014564
ratA_yfjF_predicted,0.25,3,3,CTAAGTAACTTTGCGTTTCA,0,3014131
ratA_yfjF_predicted,0.25,3,3,CTAACCTGCGAGATCGCTTC,0,3017368
ratA_yfjF_predicted,0.25,3,3,CTAAAGCGACGCTTGGCAGA,0,3013819
ratA_yfjF_predicted,0.25,3,3,CTAAAAATGGTTAGGGCCCA,0,3016656
ratA_yfjF_predicted,0.25,3,3,CGTTTCAAGTCCATGAACGC,0,3013172
ratA_yfjF_predicted,0.25,3,3,CGTTTAGCGTGCAACATGCA,0,3019373
ratA_yfjF_predicted,0.25,3,3,CGTTGTATAGTGTAGAACGC,0,3018891
ratA_yfjF_predicted,0.25,3,3,CGTGTCGGGGGGGACAGGTC,0,2996179
ratA_yfjF_predicted,0.25,3,3,CGTGTCCCAAATACCGTCAT,0,3005274
ratA_yfjF_predicted,0.25,3,3,CGTGGTTATTGCCTTAACGT,0,3019699
ratA_yfjF_predicted,0.25,3,3,CGTGGCTGTCATTTACCAAA,0,3016891
ratA_yfjF_predicted,0.25,3,3,CGTGGCATCTAGAATTAGCG,0,3020460
ratA_yfjF_predicted,0.25,3,3,CGTGCCGCGGAAGAGAAGGG,0,2994658
ratA_yfjF_predicted,0.25,3,3,CGTGCAGATACCAGACTGGG,0,3006760
ratA_yfjF_predicted,0.25,3,3,CGTGATTAACTCTTTATGGG,0,3018930
ratA_yfjF_predicted,0.25,3,3,CGTGAAGTGCACGCAGAGAG,0,2992293
ratA_yfjF_predicted,0.25,3,3,CGTCGGTCCAAGGTGGTTAT,0,3008247
ratA_yfjF_predicted,0.25,3,3,CGTCGATGTCTGCTTAACTT,0,3001999
ratA_yfjF_predicted,0.25,3,3,CGTCGAGGGCCACTCTCGTA,0,2991966
ratA_yfjF_predicted,0.25,3,3,CGTCCTTTCCTGGGAGCCAC,0,3011134
ratA_yfjF_predicted,0.25,3,3,CGTCAGCCGGAATTACCTAA,0,2994260
ratA_yfjF_predicted,0.25,3,3,CGTATTTGTAGAATTGTGCT,0,3002848
ratA_yfjF_predicted,0.25,3,3,CGTATTTCGGGACTCGGACG,0,3018867
ratA_yfjF_predicted,0.25,3,3,CGTACGCGGGTACCTCTCGT,0,2996703
ratA_yfjF_predicted,0.25,3,3,CGTAAGCTGAACACGTTACC,0,3010155
ratA_yfjF_predicted,0.25,3,3,CGTAAGAGATTCTCGACCTC,0,3012808
ratA_yfjF_predicted,0.25,3,3,CGTAACGCGCGTTCATGAGA,0,3007688
ratA_yfjF_predicted,0.25,3,3,CGTAACATCGAAGGCCTCCT,0,2994222
ratA_yfjF_predicted,0.25,3,3,CGGTTTAAGATCTGACTATA,0,3000959
ratA_yfjF_predicted,0.25,3,3,CGGTTAACTAAATCTGAATA,0,3016930
ratA_yfjF_predicted,0.25,3,3,CGGTGATCTGACCAAGGGGC,0,3001961
ratA_yfjF_predicted,0.25,3,3,CGGTCGTGTCTTTTATCGCG,0,3004843
ratA_yfjF_predicted,0.25,3,3,CGGTCCTCAAGAGCGAGAGT,0,3002097
ratA_yfjF_predicted,0.25,3,3,CGGTCACCGACGATTTGAGA,0,3013327
ratA_yfjF_predicted,0.25,3,3,CGGTATCAAGCGGCGCATAG,0,2999634
ratA_yfjF_predicted,0.25,3,3,CGGTAATATCTTCGGGACTG,0,2993243
ratA_yfjF_predicted,0.25,3,3,CGGGTTTCAGAGAGCGCCAG,0,3015208
ratA_yfjF_predicted,0.25,3,3,CGGGGTTTTCAATTATTGAA,0,3014389
ratA_yfjF_predicted,0.25,3,3,CGGGGCTGTATAAACGGGTC,0,3004747
ratA_yfjF_predicted,0.25,3,3,CGGGATGCAACTGTCCAGTC,0,2996949
ratA_yfjF_predicted,0.25,3,3,CGGGACAGACATCACACCGC,0,3012605
ratA_yfjF_predicted,0.25,3,3,CGGCTTACCGCACAGTCTGC,0,3009253
ratA_yfjF_predicted,0.25,3,3,CGGCGTAGGGCTCATAAAAT,0,3016649
ratA_yfjF_predicted,0.25,3,3,CGGCCTGCACCCTAGACGGA,0,2996402
ratA_yfjF_predicted,0.25,3,3,CGGCCGTTTTGTCCAGATCC,0,3009269
ratA_yfjF_predicted,0.25,3,3,CGGATCTCCCTTCGCGATTG,0,3008164
ratA_yfjF_predicted,0.25,3,3,CGGAGGTGCCATTCCGAAAA,0,3013153
ratA_yfjF_predicted,0.25,3,3,CGGAGCTCGCGGGCAGTGCA,0,3019334
ratA_yfjF_predicted,0.25,3,3,CGGACTTCGGTTTCATAAGC,0,3012734
ratA_yfjF_predicted,0.25,3,3,CGGACAGTTATACCGGTTTA,0,2994198
ratA_yfjF_predicted,0.25,3,3,CGGACAGGTATACGAATAAA,0,3007549
ratA_yfjF_predicted,0.25,3,3,CGGAATTTATATGTCAGCAT,0,2999218
ratA_yfjF_predicted,0.25,3,3,CGGAATCCCTTAGAGGTCAG,0,3017575
ratA_yfjF_predicted,0.25,3,3,CGGAACAACTCCGCAACAGT,0,3003885
ratA_yfjF_predicted,0.25,3,3,CGCTTCTGACCCCTGAAAAC,0,3021452
ratA_yfjF_predicted,0.25,3,3,CGCTGCCACCACCTGCACAC,0,3010249
ratA_yfjF_predicted,0.25,3,3,CGCTGAAGTGCGAGGTAGCT,0,3014388
ratA_yfjF_predicted,0.25,3,3,CGCTCTCTCACTGTTCGCCC,0,3006115
ratA_yfjF_predicted,0.25,3,3,CGCGCCTGGTATTAGTCATC,0,2995147
ratA_yfjF_predicted,0.25,3,3,CGCGATCAAGGAGCTATATC,0,2998578
ratA_yfjF_predicted,0.25,3,3,CGCCTGGCCTAAACCCTATC,0,3017569
ratA_yfjF_predicted,0.25,3,3,CGCCTAGGATTATCTGGTTA,0,3019874
ratA_yfjF_predicted,0.25,3,3,CGCATTGCCGCCTACTATTA,0,3014484
ratA_yfjF_predicted,0.25,3,3,CGCATGCGCCGAACGCCTAA,0,2999979
ratA_yfjF_predicted,0.25,3,3,CGCACCGTCGAGGGAGGAAT,0,2995674
ratA_yfjF_predicted,0.25,3,3,CGCAAACCCTCTATTGCGGG,0,3017098
ratA_yfjF_predicted,0.25,3,3,CGATTTCATGAAGAGAATTC,0,3016568
ratA_yfjF_predicted,0.25,3,3,CGATTGGACGCCTGACGTAA,0,3020728
ratA_yfjF_predicted,0.25,3,3,CGATTGAAACTATCTGATCA,0,2995595
ratA_yfjF_predicted,0.25,3,3,CGATTCCTAATGTTCATGCG,0,3000964
ratA_yfjF_predicted,0.25,3,3,CGATGCTGGGTAATGCCATA,0,3005297
ratA_yfjF_predicted,0.25,3,3,CGATCGTCTCGGGTAGTTTC,0,3010127
ratA_yfjF_predicted,0.25,3,3,CGATCAGGGACGGTTAGTAT,0,3011034
ratA_yfjF_predicted,0.25,3,3,CGATCACGTCTACGTTTCAG,0,3013282
ratA_yfjF_predicted,0.25,3,3,CGATATGGCAGGAGCGGAGC,0,2993775
ratA_yfjF_predicted,0.25,3,3,CGAGGGTGTGCCGGATTTGT,0,2997406
ratA_yfjF_predicted,0.25,3,3,CGAGGCATACGTTTAAAGAC,0,2997083
ratA_yfjF_predicted,0.25,3,3,CGAGCAACTTAGTATTAGCA,0,3016689
ratA_yfjF_predicted,0.25,3,3,CGACTCTCAACCCCGGGCTC,0,2998241
ratA_yfjF_predicted,0.25,3,3,CGACTCTATTCTTGATTTGT,0,3007558
ratA_yfjF_predicted,0.25,3,3,CGACCGGGTGTACTCCCGGC,0,3004695
ratA_yfjF_predicted,0.25,3,3,CGACACAGGCTAAATATTAG,0,3016909
ratA_yfjF_predicted,0.25,3,3,CGAATAAAGATTGACCGCAG,0,3015633
ratA_yfjF_predicted,0.25,3,3,CGAAGGTTTGACCCGAAAAA,0,3005881
ratA_yfjF_predicted,0.25,3,3,CGAAGCTGGAGAGATTGACC,0,2997832
ratA_yfjF_predicted,0.25,3,3,CGAAAGACTTTCTATCCTTG,0,2995487
ratA_yfjF_predicted,0.25,3,3,CGAAAAGCGTAAAAGCGCAA,0,3019929
ratA_yfjF_predicted,0.25,3,3,CCTTTGCTGGCCTCTTATAG,0,3019701
ratA_yfjF_predicted,0.25,3,3,CCTTGTAGGGGTGAAACTAC,0,2994484
ratA_yfjF_predicted,0.25,3,3,CCTTCTGGGATTTCCGAGGA,0,3017431
ratA_yfjF_predicted,0.25,3,3,CCTTCTGCAGTGATGTGCGG,0,3017709
ratA_yfjF_predicted,0.25,3,3,CCTGTTGCAAGTTGTGATAC,0,2996305
ratA_yfjF_predicted,0.25,3,3,CCTGTGATGTGGTAACGAAT,0,2998923
ratA_yfjF_predicted,0.25,3,3,CCTGATGCGTAGTAGAAGGT,0,3004360
ratA_yfjF_predicted,0.25,3,3,CCTGATCGTAGTTCTGGTTG,0,3010853
ratA_yfjF_predicted,0.25,3,3,CCTCTTTCTCCTCAGGCGAT,0,3011070
ratA_yfjF_predicted,0.25,3,3,CCTCTCTAAGTGGTGCTGCA,0,3015377
ratA_yfjF_predicted,0.25,3,3,CCTCGGCCTCGTGGTCCGCC,0,3009376
ratA_yfjF_predicted,0.25,3,3,CCTCCTTTTATATAGGTGCG,0,3012503
ratA_yfjF_predicted,0.25,3,3,CCTCCCGCCTTCGGGCTGAA,0,3019057
ratA_yfjF_predicted,0.25,3,3,CCTCCCAGCGTCAGGGTCCA,0,2991921
ratA_yfjF_predicted,0.25,3,3,CCTACCCACCTTGGAGAGTT,0,3020851
ratA_yfjF_predicted,0.25,3,3,CCGTTACACATTTGCGCGAC,0,2992769
ratA_yfjF_predicted,0.25,3,3,CCGTATGCGCGGCAGAAAAA,0,3008317
ratA_yfjF_predicted,0.25,3,3,CCGTATCACCGGTAGAAGGG,0,3001264
ratA_yfjF_predicted,0.25,3,3,CCGTAACCTCGGCAATCCTG,0,3000770
ratA_yfjF_predicted,0.25,3,3,CCGGGGATAGAGCAGTGCCA,0,2996693
ratA_yfjF_predicted,0.25,3,3,CCGGGCGTGGGAGCTTTGAT,0,3017917
ratA_yfjF_predicted,0.25,3,3,CCGGCCCTGGTGTATAAAGT,0,3014099
ratA_yfjF_predicted,0.25,3,3,CCGGCAGATTGATCGCCGCG,0,2998199
ratA_yfjF_predicted,0.25,3,3,CCGGCACGATCTCCATAAGA,0,3005632
ratA_yfjF_predicted,0.25,3,3,CCGGAATGTTGGCTCTCATG,0,3016633
ratA_yfjF_predicted,0.25,3,3,CCGCTACCAGTACTCGCAAT,0,3004087
ratA_yfjF_predicted,0.25,3,3,CCGCGACCAGGTTCACTGTT,0,3006037
ratA_yfjF_predicted,0.25,3,3,CCGCCTGAAGTTCAGTATAT,0,2996689
ratA_yfjF_predicted,0.25,3,3,CCGCCATTATTTTTAATTGA,0,3009666
ratA_yfjF_predicted,0.25,3,3,CCGAGCGACGGGACGACCGC,0,3007656
ratA_yfjF_predicted,0.25,3,3,CCGACGAAGGCTGTCCTCCA,0,3021413
ratA_yfjF_predicted,0.25,3,3,CCGAATGGGTTGTAATGGGT,0,3000302
ratA_yfjF_predicted,0.25,3,3,CCGAAGTGAGAATTGCGTTG,0,3009769
ratA_yfjF_predicted,0.25,3,3,CCGAAGATTCGCTTCAAGAG,0,3002051
ratA_yfjF_predicted,0.25,3,3,CCCTGGGCTATTCGGCGGTG,0,2999397
ratA_yfjF_predicted,0.25,3,3,CCCGGGGACGCGAACCCAGG,0,3002301
ratA_yfjF_predicted,0.25,3,3,CCCCGCGCCAAGCTGATCAT,0,3005719
ratA_yfjF_predicted,0.25,3,3,CCCATTCCGTCAAGTGCGTC,0,3019510
ratA_yfjF_predicted,0.25,3,3,CCCATGTGTGCAATCGGAGC,0,3018916
ratA_yfjF_predicted,0.25,3,3,CCCATCAACGGATGGAAAAT,0,3015259
ratA_yfjF_predicted,0.25,3,3,CCCATAGGCTTTACTACCCG,0,2994686
ratA_yfjF_predicted,0.25,3,3,CCCAGATCCTGAGTTACCCT,0,3015580
ratA_yfjF_predicted,0.25,3,3,CCCAATCGGATTCGGTCCGC,0,3017287
ratA_yfjF_predicted,0.25,3,3,CCCAAGCATATGAGACTGAA,0,2995175
ratA_yfjF_predicted,0.25,3,3,CCATTACGTAAATCGCATGA,0,3004269
ratA_yfjF_predicted,0.25,3,3,CCATGGAGGACTGAAGTGAT,0,3012104
ratA_yfjF_predicted,0.25,3,3,CCATGCTTGCGGCTAACGGA,0,2997564
ratA_yfjF_predicted,0.25,3,3,CCATCTGGTAACCCTTCCAA,0,2992125
ratA_yfjF_predicted,0.25,3,3,CCAGGGTGAGCGATCCTGGT,0,3010621
ratA_yfjF_predicted,0.25,3,3,CCAGCGTGCCCATTATCGGG,0,3003960
ratA_yfjF_predicted,0.25,3,3,CCAGCAATGATTGCAAACTC,0,3004669
ratA_yfjF_predicted,0.25,3,3,CCACTCGCTAGCTTTGCTTG,0,3018546
ratA_yfjF_predicted,0.25,3,3,CCACGCGAACCACCACTACT,0,3011210
ratA_yfjF_predicted,0.25,3,3,CCACCGCTATTGGTGAGGTT,0,3005266
ratA_yfjF_predicted,0.25,3,3,CCAAGTTACGATACCGCCTG,0,3007663
ratA_yfjF_predicted,0.25,3,3,CCAACCATATACGTATACGT,0,3006269
ratA_yfjF_predicted,0.25,3,3,CCAAAAATACCAGTCTTACG,0,2995261
ratA_yfjF_predicted,0.25,3,3,CATTTGTATTTCACAGAGGG,0,3018043
ratA_yfjF_predicted,0.25,3,3,CATGTACGTCGAGGAGTGTA,0,3012577
ratA_yfjF_predicted,0.25,3,3,CATGGGAGCGTTTAAAATGC,0,2994274
ratA_yfjF_predicted,0.25,3,3,CATGCTGGGCCTCGTAACTT,0,3008459
ratA_yfjF_predicted,0.25,3,3,CATGCGGTCGCTAGGTGTAA,0,2993900
ratA_yfjF_predicted,0.25,3,3,CATGCCGAGTCATCCGACCA,0,3008485
ratA_yfjF_predicted,0.25,3,3,CATCTAATGCCACTCGTGTA,0,2998260
ratA_yfjF_predicted,0.25,3,3,CATCGGGGTTTGCAGAGACG,0,2993806
ratA_yfjF_predicted,0.25,3,3,CATCGCACCCGCATAAGTCC,0,3002221
ratA_yfjF_predicted,0.25,3,3,CATCCATTAAGTTCCACTAC,0,2992122
ratA_yfjF_predicted,0.25,3,3,CATCCATGGTAGGGCTCGGC,0,3009744
ratA_yfjF_predicted,0.25,3,3,CATCCACGGACGCACCTACG,0,3008165
ratA_yfjF_predicted,0.25,3,3,CATCAGCGCGGGGCAGTTCT,0,3004623
ratA_yfjF_predicted,0.25,3,3,CATATTGTTCCTACTTTTAG,0,3001524
ratA_yfjF_predicted,0.25,3,3,CATATCAAAACGTAGACCTG,0,3020861
ratA_yfjF_predicted,0.25,3,3,CATATATTCATTAACACCTT,0,2998350
ratA_yfjF_predicted,0.25,3,3,CATATATTCAAGTTGGGAGC,0,2993220
ratA_yfjF_predicted,0.25,3,3,CATACTCGCTTATCGCAAGT,0,3018697
ratA_yfjF_predicted,0.25,3,3,CATACGATATTGCTGATTTG,0,3005654
ratA_yfjF_predicted,0.25,3,3,CATAATGAGCCGCAGTCCCC,0,3018097
ratA_yfjF_predicted,0.25,3,3,CATAACGTTTAATATTCTTG,0,3014560
ratA_yfjF_predicted,0.25,3,3,CAGTTATGAAAGGGAATGAT,0,3011334
ratA_yfjF_predicted,0.25,3,3,CAGTATGGGGGTCTCTAAGT,0,3012869
ratA_yfjF_predicted,0.25,3,3,CAGGTGTTATCGTGGGACCA,0,3012707
ratA_yfjF_predicted,0.25,3,3,CAGGTGATCTTGGCGGCCTA,0,3002935
ratA_yfjF_predicted,0.25,3,3,CAGGTAATTTTCGAGCCGCT,0,3007955
ratA_yfjF_predicted,0.25,3,3,CAGGCTCTCAAGGGAAAGAT,0,3007338
ratA_yfjF_predicted,0.25,3,3,CAGCTTAAAGCGTGCTCGGT,0,3021443
ratA_yfjF_predicted,0.25,3,3,CAGCCTGAAAGAATACACCC,0,3018532
ratA_yfjF_predicted,0.25,3,3,CAGCCTCGAATTGCGCGGTT,0,2998516
ratA_yfjF_predicted,0.25,3,3,CAGCATTAAGGCTAATCGGA,0,2993069
ratA_yfjF_predicted,0.25,3,3,CAGACCTACGACTTCTGTAC,0,3015763
ratA_yfjF_predicted,0.25,3,3,CAGAAATGAGGGAAACTTAG,0,3007113
ratA_yfjF_predicted,0.25,3,3,CACTGACTGCGGCAATATCT,0,2996956
ratA_yfjF_predicted,0.25,3,3,CACTCTAATAATTTAGATAC,0,3019950
ratA_yfjF_predicted,0.25,3,3,CACTAACAGATTCGGGCTGG,0,3006025
ratA_yfjF_predicted,0.25,3,3,CACGTAGCTGCTGACAGCGA,0,3000289
ratA_yfjF_predicted,0.25,3,3,CACGGAAGTGGCCATGCATG,0,2995143
ratA_yfjF_predicted,0.25,3,3,CACCTCTAGCCTAATCTCAA,0,3016683
ratA_yfjF_predicted,0.25,3,3,CACCTATGGCCTTTTATGCA,0,3016131
ratA_yfjF_predicted,0.25,3,3,CACCTACGGTTTCGCTCTTT,0,2997046
ratA_yfjF_predicted,0.25,3,3,CACCCGGCAGTACCGACAGG,0,3019810
ratA_yfjF_predicted,0.25,3,3,CACCCACGCGATGAGCCTGT,0,3011985
ratA_yfjF_predicted,0.25,3,3,CACCATTTATCTGCAGCGTT,0,3014351
ratA_yfjF_predicted,0.25,3,3,CACCATTCACCCATAGTTCA,0,2993392
ratA_yfjF_predicted,0.25,3,3,CACCACGGATTTAAAACCGT,0,3002733
ratA_yfjF_predicted,0.25,3,3,CACATTTCACCCGGGTTCCC,0,3008426
ratA_yfjF_predicted,0.25,3,3,CACATTCCCAAAGTTCGTAC,0,3009965
ratA_yfjF_predicted,0.25,3,3,CACATAAAGATCCGCCGTTA,0,2993912
ratA_yfjF_predicted,0.25,3,3,CACACGCATTCTGCTCGTTC,0,3009280
ratA_yfjF_predicted,0.25,3,3,CAATTAACGTGACGAGGATG,0,2995909
ratA_yfjF_predicted,0.25,3,3,CAATGCAGCGCGGATTTTAC,0,2997091
ratA_yfjF_predicted,0.25,3,3,CAATCAAACTTCAACTGTTT,0,3005180
ratA_yfjF_predicted,0.25,3,3,CAATACGCAGCATTCGAGGA,0,3000753
ratA_yfjF_predicted,0.25,3,3,CAATACAACAAATGTGTCCT,0,2996362
ratA_yfjF_predicted,0.25,3,3,CAAGATGACCGGCGATAGAG,0,3000876
ratA_yfjF_predicted,0.25,3,3,CAAGACCAGCATAGCTTCTA,0,2993942
ratA_yfjF_predicted,0.25,3,3,CAACTGAGCAGCAACGTTGA,0,2997629
ratA_yfjF_predicted,0.25,3,3,CAACGGACTTACTACACAAC,0,2993561
ratA_yfjF_predicted,0.25,3,3,CAACATCGCCTAGTCCTCGT,0,3020573
ratA_yfjF_predicted,0.25,3,3,CAAATGCTTATTTGCCACAG,0,3003468
ratA_yfjF_predicted,0.25,3,3,CAAAATCTTCTGTGTGTCGG,0,3003964
ratA_yfjF_predicted,0.25,3,3,CAAAACTAATGGTGCAGATG,0,3018678
ratA_yfjF_predicted,0.25,3,3,ATTTTTTTACGATCTGGACG,0,3012394
ratA_yfjF_predicted,0.25,3,3,ATTTTGTCAAATGTAGGCTA,0,3002865
ratA_yfjF_predicted,0.25,3,3,ATTTGGTTTTTGAACTGGAG,0,3016058
ratA_yfjF_predicted,0.25,3,3,ATTTACGGTCACGAAATAAG,0,2994178
ratA_yfjF_predicted,0.25,3,3,ATTTAATCATGACAATGGCT,0,3010567
ratA_yfjF_predicted,0.25,3,3,ATTGTACGTAGTAGTTATGC,0,2995026
ratA_yfjF_predicted,0.25,3,3,ATTGCATTTCAGTAAGACGT,0,3005518
ratA_yfjF_predicted,0.25,3,3,ATTCGACGTGGCAGGCTGAG,0,3006839
ratA_yfjF_predicted,0.25,3,3,ATTCGACCTATGCCCGGCTT,0,3000140
ratA_yfjF_predicted,0.25,3,3,ATTCCGTTTACAAAAACAAT,0,3020141
ratA_yfjF_predicted,0.25,3,3,ATTATCGGTCGAAATCAAGG,0,3019979
ratA_yfjF_predicted,0.25,3,3,ATTATAACCGATTGGTACGC,0,2996066
ratA_yfjF_predicted,0.25,3,3,ATTAGTCTGCATGGGATTGC,0,2997172
ratA_yfjF_predicted,0.25,3,3,ATTAGCAACGATGTCATCGA,0,3011380
ratA_yfjF_predicted,0.25,3,3,ATGTTGATTTGCCCTACCGG,0,2994789
ratA_yfjF_predicted,0.25,3,3,ATGTGGGGGAACTCATTACG,0,3018946
ratA_yfjF_predicted,0.25,3,3,ATGTGGAACATTTACTACGG,0,3010134
ratA_yfjF_predicted,0.25,3,3,ATGTCGTATTATAGCAAGGC,0,3004692
ratA_yfjF_predicted,0.25,3,3,ATGTCGGACATCGGGAGCTC,0,3000714
ratA_yfjF_predicted,0.25,3,3,ATGTCCGTTTTATATCCATT,0,2994151
ratA_yfjF_predicted,0.25,3,3,ATGGTCCCCTCGCGTTGCGT,0,3004550
ratA_yfjF_predicted,0.25,3,3,ATGGTATCGTGGCCGGATAC,0,3019869
ratA_yfjF_predicted,0.25,3,3,ATGGGTGCTCTGGAGGGCTT,0,3014537
ratA_yfjF_predicted,0.25,3,3,ATGGGGGCTATATGTTAAAA,0,3007941
ratA_yfjF_predicted,0.25,3,3,ATGGCCGCCTCCGTATCTTG,0,3005263
ratA_yfjF_predicted,0.25,3,3,ATGGATCTTTACTTAGAAAT,0,3016188
ratA_yfjF_predicted,0.25,3,3,ATGGAATCGCAGGGATTTGC,0,2995931
ratA_yfjF_predicted,0.25,3,3,ATGCTATGTAAACCGAGTAT,0,3010335
ratA_yfjF_predicted,0.25,3,3,ATGCGTGTCTCTTCAATGAA,0,3009576
ratA_yfjF_predicted,0.25,3,3,ATGCGGCGCAACGTTTGTTC,0,3004156
ratA_yfjF_predicted,0.25,3,3,ATGCGGACGAAGTAGGGCTA,0,2992257
ratA_yfjF_predicted,0.25,3,3,ATGCCTGACCGGGATGAAGT,0,3019669
ratA_yfjF_predicted,0.25,3,3,ATGAGTGTATCTAGTTCAGA,0,3011685
ratA_yfjF_predicted,0.25,3,3,ATGAGACGGTCAGGAAACCT,0,3017031
ratA_yfjF_predicted,0.25,3,3,ATCTGGCCTGGGGGTGTAAA,0,3015158
ratA_yfjF_predicted,0.25,3,3,ATCTGCAGTACAGGGGTTAA,0,3021160
ratA_yfjF_predicted,0.25,3,3,ATCTCTGCGCAGGTTGGAGG,0,2995918
ratA_yfjF_predicted,0.25,3,3,ATCTCCGCGGCGGGTTCGCC,0,3013325
ratA_yfjF_predicted,0.25,3,3,ATCGTCCAGTGGGGATGGTC,0,2999571
ratA_yfjF_predicted,0.25,3,3,ATCGGGATCGTGCAATGGAT,0,2995961
ratA_yfjF_predicted,0.25,3,3,ATCCGTTGGTATTCACAGTT,0,3011738
ratA_yfjF_predicted,0.25,3,3,ATCCGCTGACTTAGCTCACA,0,2999473
ratA_yfjF_predicted,0.25,3,3,ATCCCGTTCTGAACATTAGG,0,3013659
ratA_yfjF_predicted,0.25,3,3,ATCCAGCTAAAACGCCAGTA,0,3011276
ratA_yfjF_predicted,0.25,3,3,ATCATGCTCAGGCTATAGTC,0,3003212
ratA_yfjF_predicted,0.25,3,3,ATCAGTGAGAAATGTACTCT,0,3010633
ratA_yfjF_predicted,0.25,3,3,ATCAGTACGGGCGTTCTGCG,0,3021764
ratA_yfjF_predicted,0.25,3,3,ATCACGAGGAGAAGACATAC,0,3001216
ratA_yfjF_predicted,0.25,3,3,ATCAAGTGAGACTCCAGTCC,0,3009100
ratA_yfjF_predicted,0.25,3,3,ATATTAATATACCACGACCG,0,3013068
ratA_yfjF_predicted,0.25,3,3,ATATGTCTCCCGGGGTAGAT,0,3016138
ratA_yfjF_predicted,0.25,3,3,ATATCGTTGCCAGCGTACTC,0,3015449
ratA_yfjF_predicted,0.25,3,3,ATATCGCACTCATCGCGTCG,0,3005167
ratA_yfjF_predicted,0.25,3,3,ATATATGGGTTCATTTTGTC,0,3007446
ratA_yfjF_predicted,0.25,3,3,ATATATCGTACACCTGATCC,0,2995463
ratA_yfjF_predicted,0.25,3,3,ATATAATTACGGGAACGCGA,0,3007147
ratA_yfjF_predicted,0.25,3,3,ATATAAATTGGCGCGAGGAT,0,3012890
ratA_yfjF_predicted,0.25,3,3,ATAGTGAGACGGTCGTAGTC,0,3013134
ratA_yfjF_predicted,0.25,3,3,ATAGTAAGGCAATACACTAG,0,3004953
ratA_yfjF_predicted,0.25,3,3,ATAGGACGGATACCTTCGAT,0,2991901
ratA_yfjF_predicted,0.25,3,3,ATAGCTGGGCGTCTACACCC,0,3002063
ratA_yfjF_predicted,0.25,3,3,ATAGACTTGGTTGAGCTCAT,0,2995344
ratA_yfjF_predicted,0.25,3,3,ATACTTGGAAACAAGCTCCC,0,3011927
ratA_yfjF_predicted,0.25,3,3,ATACGCCATCCATGAAGCCG,0,2993085
ratA_yfjF_predicted,0.25,3,3,ATACGAAGTGCTTGCAGTAT,0,3010160
ratA_yfjF_predicted,0.25,3,3,ATACAAGTCAGAGGAGCCTA,0,3009868
ratA_yfjF_predicted,0.25,3,3,ATAAAGTGCCGAGGGATCAT,0,3006696
ratA_yfjF_predicted,0.25,3,3,ATAAACCTTACAGCGCTATC,0,3001703
ratA_yfjF_predicted,0.25,3,3,AGTTTTATGGCCCTGTCTCG,0,3008845
ratA_yfjF_predicted,0.25,3,3,AGTTATCCCGATGAGTTCCA,0,2997811
ratA_yfjF_predicted,0.25,3,3,AGTTAGCTGTAGTAGTAGAA,0,3020219
ratA_yfjF_predicted,0.25,3,3,AGTGTTGGTTCTTATGAGGA,0,2993254
ratA_yfjF_predicted,0.25,3,3,AGTGGCCGTGTAACAGCCAA,0,3017444
ratA_yfjF_predicted,0.25,3,3,AGTGCAGGATAGCTCATGCA,0,2998926
ratA_yfjF_predicted,0.25,3,3,AGTGATCGAGGGTCATTCGA,0,3013368
ratA_yfjF_predicted,0.25,3,3,AGTAGGTGATTAAGGTACCT,0,3004017
ratA_yfjF_predicted,0.25,3,3,AGTAGGGCTACTCCTTTATT,0,3009035
ratA_yfjF_predicted,0.25,3,3,AGTAGATTGAACCGTGGCCA,0,3000071
ratA_yfjF_predicted,0.25,3,3,AGTACCAAATGGTTAAAAAG,0,2996140
ratA_yfjF_predicted,0.25,3,3,AGTAAGTTCTATTGACAAAC,0,3012377
ratA_yfjF_predicted,0.25,3,3,AGGTGCACGCCGTGAGGTCA,0,3010652
ratA_yfjF_predicted,0.25,3,3,AGGTCTTTCTCACTATCATT,0,3016003
ratA_yfjF_predicted,0.25,3,3,AGGTCGTCATATACGCCCCC,0,2993955
ratA_yfjF_predicted,0.25,3,3,AGGTCACCTCATACACACGA,0,3002717
ratA_yfjF_predicted,0.25,3,3,AGGGGATAACGCTTTTGTCA,0,3006881
ratA_yfjF_predicted,0.25,3,3,AGGCATCGTTTACTCCTTGT,0,3018364
ratA_yfjF_predicted,0.25,3,3,AGGATTGGGGCTCGGAACAG,0,3014992
ratA_yfjF_predicted,0.25,3,3,AGGAGTGATGAGAAGTAATA,0,3011684
ratA_yfjF_predicted,0.25,3,3,AGGAGCAATGGCCCAGCCGA,0,2999256
ratA_yfjF_predicted,0.25,3,3,AGGACACTTACACATCAATA,0,3016999
ratA_yfjF_predicted,0.25,3,3,AGGAAAGTGTTCTTCAGAGA,0,3012370
ratA_yfjF_predicted,0.25,3,3,AGCTGTTTCCAGATCCTCCG,0,3015016
ratA_yfjF_predicted,0.25,3,3,AGCTCAAATTAATTGTTGCA,0,2995339
ratA_yfjF_predicted,0.25,3,3,AGCTAATAGGGGACTCAGAA,0,3005883
ratA_yfjF_predicted,0.25,3,3,AGCGCACAAGGGAGCACGTA,0,3006227
ratA_yfjF_predicted,0.25,3,3,AGCCATGGATCTTTCCAGAC,0,3003799
ratA_yfjF_predicted,0.25,3,3,AGCCACGACTCTGTATGGAA,0,3002585
ratA_yfjF_predicted,0.25,3,3,AGCAGTACTCCAGAGTGGAG,0,2998864
ratA_yfjF_predicted,0.25,3,3,AGCACTATATTATTATAAAT,0,3009096
ratA_yfjF_predicted,0.25,3,3,AGATTGTCAGATGTAGCATA,0,2994456
ratA_yfjF_predicted,0.25,3,3,AGATGAACCCATATTCTATT,0,2998918
ratA_yfjF_predicted,0.25,3,3,AGATACACATATCGTAGTGT,0,3006243
ratA_yfjF_predicted,0.25,3,3,AGAGGGGGCGTTCTGATACT,0,2997000
ratA_yfjF_predicted,0.25,3,3,AGAGGAAGAGATTCACAGAG,0,3004234
ratA_yfjF_predicted,0.25,3,3,AGAGAGACCCAGAAATCCGA,0,3017106
ratA_yfjF_predicted,0.25,3,3,AGACTCTTTTTTAGGGACGG,0,3012537
ratA_yfjF_predicted,0.25,3,3,AGACCCAAACAATGCCCTTT,0,2999933
ratA_yfjF_predicted,0.25,3,3,AGACCATCTTCCACGGCAGA,0,3001439
ratA_yfjF_predicted,0.25,3,3,AGACACTTAATGATTTAACT,0,3000568
ratA_yfjF_predicted,0.25,3,3,AGAATGCCCACATACCGTTC,0,3003602
ratA_yfjF_predicted,0.25,3,3,AGAACGGATAGCCCTCAACA,0,3020976
ratA_yfjF_predicted,0.25,3,3,AGAAACGTTCAAGTCAACAC,0,2993845
ratA_yfjF_predicted,0.25,3,3,ACTTGCTTCCATAGAGAGCG,0,3009017
ratA_yfjF_predicted,0.25,3,3,ACTTCTTGTCCCGCTATCCT,0,3002360
ratA_yfjF_predicted,0.25,3,3,ACTTCGAGGCGGACGAACGC,0,3003573
ratA_yfjF_predicted,0.25,3,3,ACTTAGTAGATTACAAGGTG,0,2998600
ratA_yfjF_predicted,0.25,3,3,ACTGCCTTATTAGGTCGTCC,0,2992105
ratA_yfjF_predicted,0.25,3,3,ACTGAGGAGACGTTACTTAT,0,2997916
ratA_yfjF_predicted,0.25,3,3,ACTCTTATGTCCTAAATTAA,0,3005532
ratA_yfjF_predicted,0.25,3,3,ACTCTCATCACGATGGACCA,0,3014239
ratA_yfjF_predicted,0.25,3,3,ACTCTCAGCGTGTAAGGCCC,0,3010807
ratA_yfjF_predicted,0.25,3,3,ACTCTAGACCATTTTGAAGA,0,3017684
ratA_yfjF_predicted,0.25,3,3,ACTCCTATGATATTTGGAGA,0,3018078
ratA_yfjF_predicted,0.25,3,3,ACGTTTATCGGAAGTCAGGT,0,3011217
ratA_yfjF_predicted,0.25,3,3,ACGTTGGCTGCCGACCATGA,0,3007243
ratA_yfjF_predicted,0.25,3,3,ACGTTACATCGCTTCGCAGC,0,3010457
ratA_yfjF_predicted,0.25,3,3,ACGTCTACGTGGCATGACTC,0,3003334
ratA_yfjF_predicted,0.25,3,3,ACGTCAATGGGTGCCGTCTT,0,3000197
ratA_yfjF_predicted,0.25,3,3,ACGTACGTTAAAGGGACAGA,0,3005601
ratA_yfjF_predicted,0.25,3,3,ACGGTGACATCCTCGCTAAT,0,3012380
ratA_yfjF_predicted,0.25,3,3,ACGGCTCGTCGGTCGAAGTT,0,3003962
ratA_yfjF_predicted,0.25,3,3,ACGGCTCCTTCGTATATGTA,0,3000653
ratA_yfjF_predicted,0.25,3,3,ACGGAGCGGCATCCCGGAAT,0,3012255
ratA_yfjF_predicted,0.25,3,3,ACGGAAACCCGTCGGGCCAC,0,2995555
ratA_yfjF_predicted,0.25,3,3,ACGCGTTAGCTGTCCACATT,0,3000804
ratA_yfjF_predicted,0.25,3,3,ACGCAAGCCCGCGGTACGGC,0,3009305
ratA_yfjF_predicted,0.25,3,3,ACGATGGGCAACTATTGCTA,0,3020040
ratA_yfjF_predicted,0.25,3,3,ACGAGTATTGGAACGAGCAT,0,2992819
ratA_yfjF_predicted,0.25,3,3,ACGAATAACCGGAGGTAGTG,0,3012381
ratA_yfjF_predicted,0.25,3,3,ACGAAGTAGGTTATCCTATT,0,3019348
ratA_yfjF_predicted,0.25,3,3,ACCTGGGCCTTACTTGGGAA,0,3009048
ratA_yfjF_predicted,0.25,3,3,ACCGGGCAGAGGTTCTATCA,0,2992696
ratA_yfjF_predicted,0.25,3,3,ACCCTACCGGTCCACGCTCT,0,2994174
ratA_yfjF_predicted,0.25,3,3,ACCCGCTGCCAACTGACGCA,0,3013017
ratA_yfjF_predicted,0.25,3,3,ACCCCTTTTGGCTAGGGAAG,0,2996273
ratA_yfjF_predicted,0.25,3,3,ACCCCTCACTTATAACCCAA,0,3018545
ratA_yfjF_predicted,0.25,3,3,ACCATTTTGCAGAATATGGG,0,3013107
ratA_yfjF_predicted,0.25,3,3,ACCAGTTGGATCTCCCGTTA,0,3018492
ratA_yfjF_predicted,0.25,3,3,ACCAGCTGATTGGATGGGTA,0,3004086
ratA_yfjF_predicted,0.25,3,3,ACCACTCGGTCTCTTACGGA,0,3002402
ratA_yfjF_predicted,0.25,3,3,ACCACGTGTTTTTGACCGCT,0,2995270
ratA_yfjF_predicted,0.25,3,3,ACCACGGGGGAAATTACGTA,0,3014971
ratA_yfjF_predicted,0.25,3,3,ACATTAAAAACCCGATAAGC,0,2997914
ratA_yfjF_predicted,0.25,3,3,ACATCCCGGTCCACAGGGTT,0,3003122
ratA_yfjF_predicted,0.25,3,3,ACAGTTAATTGATTGTTAGC,0,3017001
ratA_yfjF_predicted,0.25,3,3,ACAGTATGTGCCACAATAAA,0,3013413
ratA_yfjF_predicted,0.25,3,3,ACAGCTGCATAGGCGCTCGA,0,3003581
ratA_yfjF_predicted,0.25,3,3,ACAGCGGCAAAGTGGTGCAA,0,2991894
ratA_yfjF_predicted,0.25,3,3,ACAGCGCATTCACGGTTCAA,0,2994225
ratA_yfjF_predicted,0.25,3,3,ACAGCCAGTATGTGGGATGT,0,2999890
ratA_yfjF_predicted,0.25,3,3,ACACAATGAGAGGTGCCATT,0,3003526
ratA_yfjF_predicted,0.25,3,3,ACAATCTCCGTTTTGAGAAA,0,3013888
ratA_yfjF_predicted,0.25,3,3,ACAACATAAACAGGGCACAA,0,3003475
ratA_yfjF_predicted,0.25,3,3,ACAACACTCATGCGGTACGT,0,3002652
ratA_yfjF_predicted,0.25,3,3,ACAAAATTAGGAAATGATCA,0,2997906
ratA_yfjF_predicted,0.25,3,3,AATTTCGGTCATAATGCGTA,0,3021714
ratA_yfjF_predicted,0.25,3,3,AATTGGGGACGACCCATATT,0,3011285
ratA_yfjF_predicted,0.25,3,3,AATTGCCCCTCAATGATCTA,0,3012379
ratA_yfjF_predicted,0.25,3,3,AATTCGTGTAGGTATGCGGA,0,3013185
ratA_yfjF_predicted,0.25,3,3,AATTCGGTGGCTACCATAAT,0,3015060
ratA_yfjF_predicted,0.25,3,3,AATTACACTACACTCGGGAC,0,3002972
ratA_yfjF_predicted,0.25,3,3,AATGTTATGCCTCACTTCAT,0,2992782
ratA_yfjF_predicted,0.25,3,3,AATGGTGCTACTGCTGAGGA,0,3017665
ratA_yfjF_predicted,0.25,3,3,AATGGGAGAAGCCTCATGTC,0,3009643
ratA_yfjF_predicted,0.25,3,3,AATGACACCGGATCGGTTAG,0,2998734
ratA_yfjF_predicted,0.25,3,3,AATGACACAGTCACGGGTAA,0,3003925
ratA_yfjF_predicted,0.25,3,3,AATCTGTGGCCGGAGGGATG,0,2999947
ratA_yfjF_predicted,0.25,3,3,AATCTCCGATCAAGGTTAGA,0,2997289
ratA_yfjF_predicted,0.25,3,3,AATCGGCGACTAGATCTTCC,0,3010843
ratA_yfjF_predicted,0.25,3,3,AATCGGCCTTATAGGGCATC,0,3012887
ratA_yfjF_predicted,0.25,3,3,AATCAGTGAGCGCCACACTA,0,3020425
ratA_yfjF_predicted,0.25,3,3,AATAGTTTTAGATATTCATG,0,3017311
ratA_yfjF_predicted,0.25,3,3,AAGTTTCGTTCCTGGCGTCA,0,2999948
ratA_yfjF_predicted,0.25,3,3,AAGTTTAAAGGTACCGGCAT,0,3015808
ratA_yfjF_predicted,0.25,3,3,AAGTTGGTTGGGGGAACCAG,0,3005905
ratA_yfjF_predicted,0.25,3,3,AAGTGGAGGGGGGGGACATA,0,3001666
ratA_yfjF_predicted,0.25,3,3,AAGTGCGGCAAAACGCGGAC,0,3019347
ratA_yfjF_predicted,0.25,3,3,AAGTCAAGCAAATCGTTCAA,0,2993844
ratA_yfjF_predicted,0.25,3,3,AAGGCTCAGACTCGACGAAC,0,3016438
ratA_yfjF_predicted,0.25,3,3,AAGGCACCAGCTACCGTGCA,0,3000767
ratA_yfjF_predicted,0.25,3,3,AAGCCGACCGCAGGAGTTTG,0,3016298
ratA_yfjF_predicted,0.25,3,3,AAGCACCTCGTAGGTGATGG,0,3017180
ratA_yfjF_predicted,0.25,3,3,AAGATTGCCATGCGCAATGG,0,2998124
ratA_yfjF_predicted,0.25,3,3,AAGATATATTCCATAGCATA,0,3002926
ratA_yfjF_predicted,0.25,3,3,AACTGTGACAATCGATTGTA,0,3017689
ratA_yfjF_predicted,0.25,3,3,AACGTCGTCGATCCAGTCTC,0,3014870
ratA_yfjF_predicted,0.25,3,3,AACGGCGGTCGAAGTGCGAA,0,3018912
ratA_yfjF_predicted,0.25,3,3,AACGGCATGGGATATTCGAT,0,3003784
ratA_yfjF_predicted,0.25,3,3,AACGCGGCCACACTTCCGGA,0,3014607
ratA_yfjF_predicted,0.25,3,3,AACGAGCCTAGAACGATCGT,0,3012926
ratA_yfjF_predicted,0.25,3,3,AACCTGGTTCGGGGGCGATG,0,3019806
ratA_yfjF_predicted,0.25,3,3,AACCGATTGTACTAATGCGA,0,3012462
ratA_yfjF_predicted,0.25,3,3,AACCGAGCCCAGAGCTAGGC,0,3004195
ratA_yfjF_predicted,0.25,3,3,AACCCGATCCTTAATCTAAA,0,3021625
ratA_yfjF_predicted,0.25,3,3,AACATTCGTAGGTGGCACAA,0,3010001
ratA_yfjF_predicted,0.25,3,3,AACATAAACGATAGCGGATA,0,3010370
ratA_yfjF_predicted,0.25,3,3,AACAGTCTTCTCCACAGCAA,0,3011442
ratA_yfjF_predicted,0.25,3,3,AACACGCGGACCCACTAGGA,0,3013868
ratA_yfjF_predicted,0.25,3,3,AACAAGCTCCGTGGGCGGCT,0,2992034
ratA_yfjF_predicted,0.25,3,3,AAATGGGGCTGCACAGCACG,0,3009078
ratA_yfjF_predicted,0.25,3,3,AAATACATTGCGAAAGGACA,0,2993605
ratA_yfjF_predicted,0.25,3,3,AAAGGGGGGACAGATAGTAC,0,3008494
ratA_yfjF_predicted,0.25,3,3,AAAGGGCATCGCGGGATAAA,0,2998831
ratA_yfjF_predicted,0.25,3,3,AAAGCCGTATGTGGAGCGGT,0,3004433
ratA_yfjF_predicted,0.25,3,3,AAAGAGTCATTGCCCACTGG,0,2995643
ratA_yfjF_predicted,0.25,3,3,AAACTGGACCGGTCCTGCTT,0,3011977
ratA_yfjF_predicted,0.25,3,3,AAACAGCGAGGTCAACCGAC,0,3010107
ratA_yfjF_predicted,0.25,3,3,AAAATAGTACTAATTGGCTA,0,3007390
ratA_yfjF_predicted,0.25,3,3,AAAAGTATTCTAATCTATGC,0,2992891
ratA_yfjF_predicted,0.25,3,3,AAAAGGTCGGTGAAGGCCTA,0,3012606
ratA_yfjF_predicted,0.25,3,3,AAAACGTCGTAATTTGCTTA,0,3004703
ratA_yfjF_predicted,0.25,3,3,AAAACCGTTTCATCGGCACG,0,3011272
ratA_yfjF_predicted,0.25,3,3,AAAAACTAGGACTTAAACAT,0,3014921
ratA_yfjF_predicted,0.3333333333333333,2,2,TTTTGGGAACTTCTGCTCGC,0,3011132
ratA_yfjF_predicted,0.3333333333333333,2,2,TTTTCTTTCACAGAGAGCCA,0,2995055
ratA_yfjF_predicted,0.3333333333333333,2,2,TTTTCGAAAAAGATTGTACA,0,3020843
ratA_yfjF_predicted,0.3333333333333333,2,2,TTTTAGTGGTGTGCGGAATA,0,3003467
ratA_yfjF_predicted,0.3333333333333333,2,2,TTTTAGGAGCATGAATAGTT,0,2991872
ratA_yfjF_predicted,0.3333333333333333,2,2,TTTGGTTACCTTTAGATCAA,0,3015905
ratA_yfjF_predicted,0.3333333333333333,2,2,TTTGGGCTCGGGTCTCCAAT,0,3003836
ratA_yfjF_predicted,0.3333333333333333,2,2,TTTCTCTGCCGGTCTTCCAG,0,2991781
ratA_yfjF_predicted,0.3333333333333333,2,2,TTTCGTCTTAAAGATAATTT,0,3020045
ratA_yfjF_predicted,0.3333333333333333,2,2,TTTCCTCCCTGTTGTACTGG,0,2997558
ratA_yfjF_predicted,0.3333333333333333,2,2,TTTATCTTCAATTTGGTAGA,0,3016123
ratA_yfjF_predicted,0.3333333333333333,2,2,TTTATATCCCATCAGTCTTA,0,3020276
ratA_yfjF_predicted,0.3333333333333333,2,2,TTTATAAACAGCTTGGGAGA,0,2992514
ratA_yfjF_predicted,0.3333333333333333,2,2,TTTACCATGCACAGGTTATG,0,3013568
ratA_yfjF_predicted,0.3333333333333333,2,2,TTTACACCATCGGGTCCATA,0,2996188
ratA_yfjF_predicted,0.3333333333333333,2,2,TTTAAGGGCATTACATGGCG,0,2992433
ratA_yfjF_predicted,0.3333333333333333,2,2,TTTAACCTTCTGGAAGTAAG,0,3014418
ratA_yfjF_predicted,0.3333333333333333,2,2,TTGTGTCCGTGCTTTTTAAA,0,3008939
ratA_yfjF_predicted,0.3333333333333333,2,2,TTGTGCCGAGGTACTGCTTT,0,2999196
ratA_yfjF_predicted,0.3333333333333333,2,2,TTGTCTATGGGTAGGGCCGT,0,3019284
ratA_yfjF_predicted,0.3333333333333333,2,2,TTGGTTGACTACGCTAAACT,0,2993821
ratA_yfjF_predicted,0.3333333333333333,2,2,TTGGTGCAGTCACATCGCAG,0,2997614
ratA_yfjF_predicted,0.3333333333333333,2,2,TTGGTATGGTCCTAGATACG,0,3018010
ratA_yfjF_predicted,0.3333333333333333,2,2,TTGGGCAAAGCTTGAGTGAT,0,2996207
ratA_yfjF_predicted,0.3333333333333333,2,2,TTGGCTTGGGTCCAAAGTCG,0,3010331
ratA_yfjF_predicted,0.3333333333333333,2,2,TTGGCGCGCCAGACGAAAGT,0,3003219
ratA_yfjF_predicted,0.3333333333333333,2,2,TTGGCCATGGCCCAGCAAAA,0,3012252
ratA_yfjF_predicted,0.3333333333333333,2,2,TTGGATAGATTTTTCCTCAT,0,3005872
ratA_yfjF_predicted,0.3333333333333333,2,2,TTGCTTAAAGTGGAGGTGAT,0,3010505
ratA_yfjF_predicted,0.3333333333333333,2,2,TTGCTCATAAGTGAACAATG,0,2999119
ratA_yfjF_predicted,0.3333333333333333,2,2,TTGCTCAGGGCTAGTCATCA,0,3015848
ratA_yfjF_predicted,0.3333333333333333,2,2,TTGCCCGTCAGAGTCAGGTC,0,3000259
ratA_yfjF_predicted,0.3333333333333333,2,2,TTGCACCCGTTGCTCACAGC,0,3007679
ratA_yfjF_predicted,0.3333333333333333,2,2,TTGCAACTAATACTCAGTGC,0,2998727
ratA_yfjF_predicted,0.3333333333333333,2,2,TTGACGTGTGGGAAATTCAA,0,3016076
ratA_yfjF_predicted,0.3333333333333333,2,2,TTGACGGGCGCAGGCGGCGT,0,3020226
ratA_yfjF_predicted,0.3333333333333333,2,2,TTGACCTTGTGGGTGCGTAA,0,2994750
ratA_yfjF_predicted,0.3333333333333333,2,2,TTGAAGACTCATGTACAGAT,0,2993901
ratA_yfjF_predicted,0.3333333333333333,2,2,TTGAACTCATACTAACATTG,0,2998265
ratA_yfjF_predicted,0.3333333333333333,2,2,TTCTTGTGGTTGATATGGTC,0,3019489
ratA_yfjF_predicted,0.3333333333333333,2,2,TTCTGCATAGAGATACGTGA,0,2992079
ratA_yfjF_predicted,0.3333333333333333,2,2,TTCTGCAACTCTTGCCAAGA,0,3013685
ratA_yfjF_predicted,0.3333333333333333,2,2,TTCGTTCGTCCAGCAGTTTG,0,3018650
ratA_yfjF_predicted,0.3333333333333333,2,2,TTCGGCTCACCGGGCAATAT,0,3016473
ratA_yfjF_predicted,0.3333333333333333,2,2,TTCGGATAGTGCGTATGTTA,0,3018877
ratA_yfjF_predicted,0.3333333333333333,2,2,TTCGGAACTTTAACTTCAAC,0,3000928
ratA_yfjF_predicted,0.3333333333333333,2,2,TTCGCCCTGACGCGACGAAC,0,3009350
ratA_yfjF_predicted,0.3333333333333333,2,2,TTCCTACTGCCATAAGAAGA,0,2992107
ratA_yfjF_predicted,0.3333333333333333,2,2,TTCCGGATCGTGGGTCTCCG,0,3007695
ratA_yfjF_predicted,0.3333333333333333,2,2,TTCATCTTTGATGATGCGAT,0,3008075
ratA_yfjF_predicted,0.3333333333333333,2,2,TTCAGGCAATAATGGTTGTA,0,3000133
ratA_yfjF_predicted,0.3333333333333333,2,2,TTATTCGTTCCAACGCTAAT,0,3011556
ratA_yfjF_predicted,0.3333333333333333,2,2,TTATGTGTCACCGCGGCAAA,0,3003084
ratA_yfjF_predicted,0.3333333333333333,2,2,TTATCGAGTCGTCCTTGATT,0,2998224
ratA_yfjF_predicted,0.3333333333333333,2,2,TTAGTAGGCATCAGATGGTG,0,3004794
ratA_yfjF_predicted,0.3333333333333333,2,2,TTAGGTAAGCTTTCTGCGAT,0,2995222
ratA_yfjF_predicted,0.3333333333333333,2,2,TTAGGCATAGTTTGATTAGT,0,3014743
ratA_yfjF_predicted,0.3333333333333333,2,2,TTAGATTCTTGGATCATATG,0,3020771
ratA_yfjF_predicted,0.3333333333333333,2,2,TTACCGCGAGCATTCGCTGT,0,3005789
ratA_yfjF_predicted,0.3333333333333333,2,2,TTACATTAACCTCGGACACG,0,2997612
ratA_yfjF_predicted,0.3333333333333333,2,2,TTACAAGGATACTAAGAGAA,0,3011497
ratA_yfjF_predicted,0.3333333333333333,2,2,TTAACTGCGACCTTTCAGGA,0,2997306
ratA_yfjF_predicted,0.3333333333333333,2,2,TTAAATTCCCAACATTGAGA,0,3010252
ratA_yfjF_predicted,0.3333333333333333,2,2,TTAAAACATGCTAAATGATG,0,2996026
ratA_yfjF_predicted,0.3333333333333333,2,2,TGTTTCGCACCCGCCGTGAA,0,2996541
ratA_yfjF_predicted,0.3333333333333333,2,2,TGTTGTCGGCGTTGTCCAGA,0,3019872
ratA_yfjF_predicted,0.3333333333333333,2,2,TGTTCTATTCTTTAAGCGGA,0,3019835
ratA_yfjF_predicted,0.3333333333333333,2,2,TGTGTCTGGCTTTCCGATGG,0,3016486
ratA_yfjF_predicted,0.3333333333333333,2,2,TGTGTATCGCGCCGGCTTTC,0,3018962
ratA_yfjF_predicted,0.3333333333333333,2,2,TGTGTAGGCTCTTTGTGTTG,0,2997781
ratA_yfjF_predicted,0.3333333333333333,2,2,TGTGTACAAGATTGCTTAAT,0,3021131
ratA_yfjF_predicted,0.3333333333333333,2,2,TGTGGCTAATTCCGTTACCC,0,3011700
ratA_yfjF_predicted,0.3333333333333333,2,2,TGTGGCGTGTTGGGCAATAT,0,3003752
ratA_yfjF_predicted,0.3333333333333333,2,2,TGTGGAATGAAGTTGAATAT,0,2995689
ratA_yfjF_predicted,0.3333333333333333,2,2,TGTGCTGCCTCAAGTGGGTA,0,3016192
ratA_yfjF_predicted,0.3333333333333333,2,2,TGTGCGGGGTCACAAGGTCT,0,2998271
ratA_yfjF_predicted,0.3333333333333333,2,2,TGTGACTGTCAAAGCGACAT,0,3016246
ratA_yfjF_predicted,0.3333333333333333,2,2,TGTCTGGTCCTATTGCTGCC,0,3011299
ratA_yfjF_predicted,0.3333333333333333,2,2,TGTCGAACGCGTATATAGTT,0,2992501
ratA_yfjF_predicted,0.3333333333333333,2,2,TGTCCGACACACCTGCTTAT,0,3011195
ratA_yfjF_predicted,0.3333333333333333,2,2,TGTCCCCTGGGAACCACGAC,0,3000840
ratA_yfjF_predicted,0.3333333333333333,2,2,TGTCCCACAGTTACATTCAT,0,3001663
ratA_yfjF_predicted,0.3333333333333333,2,2,TGTCACAAGTGTTTCGAAGC,0,3004068
ratA_yfjF_predicted,0.3333333333333333,2,2,TGTACCCTTCAATTGGAGTG,0,3016927
ratA_yfjF_predicted,0.3333333333333333,2,2,TGTAAAATGTGCTGGATTTC,0,3010020
ratA_yfjF_predicted,0.3333333333333333,2,2,TGGTTTTCCACTTCGCCGAA,0,3000000
ratA_yfjF_predicted,0.3333333333333333,2,2,TGGTTTATCGTAATAGTGAG,0,3002577
ratA_yfjF_predicted,0.3333333333333333,2,2,TGGTTCCCGAGCAATATGCA,0,3012824
ratA_yfjF_predicted,0.3333333333333333,2,2,TGGTGGGGCTGTTGGATCGT,0,3003367
ratA_yfjF_predicted,0.3333333333333333,2,2,TGGTGGCTTCGTCGTAGCCC,0,3020891
ratA_yfjF_predicted,0.3333333333333333,2,2,TGGTGGATTCGGGGCTCTAC,0,3014068
ratA_yfjF_predicted,0.3333333333333333,2,2,TGGTCAGGTATCAGCTATGG,0,3005772
ratA_yfjF_predicted,0.3333333333333333,2,2,TGGTATACAAAACAATATAT,0,3012277
ratA_yfjF_predicted,0.3333333333333333,2,2,TGGGTCATGGGCTCAGAACA,0,3017268
ratA_yfjF_predicted,0.3333333333333333,2,2,TGGGGGTCCGAGTGCCACTT,0,3017080
ratA_yfjF_predicted,0.3333333333333333,2,2,TGGGGCGGTCTAGAAATGCA,0,3014649
ratA_yfjF_predicted,0.3333333333333333,2,2,TGGGATTGTACCTAATTCAT,0,3001407
ratA_yfjF_predicted,0.3333333333333333,2,2,TGGGAGTCAGCTGTACGCAT,0,3008770
ratA_yfjF_predicted,0.3333333333333333,2,2,TGGCGTACAATACGAGGTTA,0,3021566
ratA_yfjF_predicted,0.3333333333333333,2,2,TGGCGGCGTCTAATTCAATC,0,2991767
ratA_yfjF_predicted,0.3333333333333333,2,2,TGGCGGACATTCAGAACCGT,0,3018163
ratA_yfjF_predicted,0.3333333333333333,2,2,TGGCCTTGCCGATTGTCGTG,0,3000003
ratA_yfjF_predicted,0.3333333333333333,2,2,TGGCCTGTCCCTTTGCAAAC,0,3011357
ratA_yfjF_predicted,0.3333333333333333,2,2,TGGACAACCGAGGCGCGAGC,0,3004461
ratA_yfjF_predicted,0.3333333333333333,2,2,TGCTGAATCGGTGCCACTAC,0,3012028
ratA_yfjF_predicted,0.3333333333333333,2,2,TGCTATCCCTTTCTGCCGAC,0,3010061
ratA_yfjF_predicted,0.3333333333333333,2,2,TGCTAGTAGTATCCTTGTGC,0,2993398
ratA_yfjF_predicted,0.3333333333333333,2,2,TGCGTGGTTATGCAGACGGT,0,3015878
ratA_yfjF_predicted,0.3333333333333333,2,2,TGCGGTGTAAATTCACACTG,0,2993456
ratA_yfjF_predicted,0.3333333333333333,2,2,TGCGGAGTATATGAATAAAC,0,3008857
ratA_yfjF_predicted,0.3333333333333333,2,2,TGCGCCGCTAGCTTAACGTC,0,3010360
ratA_yfjF_predicted,0.3333333333333333,2,2,TGCGATAGCTAAAGAGACCT,0,3000503
ratA_yfjF_predicted,0.3333333333333333,2,2,TGCGAGATAAGGATAAGCGT,0,3010912
ratA_yfjF_predicted,0.3333333333333333,2,2,TGCGAACATCGCGCAAGGCT,0,3021340
ratA_yfjF_predicted,0.3333333333333333,2,2,TGCCTTGTCCTTTATGTCAA,0,2996731
ratA_yfjF_predicted,0.3333333333333333,2,2,TGCCCGGGTACCATACGAAG,0,3019286
ratA_yfjF_predicted,0.3333333333333333,2,2,TGCCCATGGTATTCGTGTGA,0,3002149
ratA_yfjF_predicted,0.3333333333333333,2,2,TGCCCACTAGATGTGCTTAA,0,3004536
ratA_yfjF_predicted,0.3333333333333333,2,2,TGCATTAGCAAGAAAATTAG,0,3015959
ratA_yfjF_predicted,0.3333333333333333,2,2,TGCATATTTGATCTGAATAG,0,3020550
ratA_yfjF_predicted,0.3333333333333333,2,2,TGATTATTAGCCAGCATTTG,0,2998156
ratA_yfjF_predicted,0.3333333333333333,2,2,TGATGTCGTCAATCAAGAGT,0,3018153
ratA_yfjF_predicted,0.3333333333333333,2,2,TGATGGTTTAGATGGTCTGT,0,3007953
ratA_yfjF_predicted,0.3333333333333333,2,2,TGATCCGTTGGGCGTTGAGA,0,3017756
ratA_yfjF_predicted,0.3333333333333333,2,2,TGAGTAGTGAGTCACTGGTC,0,3017181
ratA_yfjF_predicted,0.3333333333333333,2,2,TGAGGGTCCCCCAAAAAAGC,0,3014243
ratA_yfjF_predicted,0.3333333333333333,2,2,TGAGGGATCAGGTTTGCCCG,0,3016478
ratA_yfjF_predicted,0.3333333333333333,2,2,TGAGGACATGTTCATGACTA,0,3010011
ratA_yfjF_predicted,0.3333333333333333,2,2,TGAGAGGACGGCGACACGTC,0,3002093
ratA_yfjF_predicted,0.3333333333333333,2,2,TGAGAGATTTTGAATTGCTC,0,3011086
ratA_yfjF_predicted,0.3333333333333333,2,2,TGAGAAGATCGAAATTGGGC,0,3003103
ratA_yfjF_predicted,0.3333333333333333,2,2,TGACTCTGGAGTATAAGGAG,0,2994028
ratA_yfjF_predicted,0.3333333333333333,2,2,TGACCAGTTGCGGCTGTGTC,0,3014062
ratA_yfjF_predicted,0.3333333333333333,2,2,TGAATCGTCACACTTCCTTT,0,3018291
ratA_yfjF_predicted,0.3333333333333333,2,2,TGAACATAAAAGGGGATTTG,0,3000841
ratA_yfjF_predicted,0.3333333333333333,2,2,TCTTGAGAAGAGCACCCTTG,0,3017840
ratA_yfjF_predicted,0.3333333333333333,2,2,TCTTCTCACTAGGCTACGGC,0,3020292
ratA_yfjF_predicted,0.3333333333333333,2,2,TCTTACGTCTAAAACTAGAG,0,3010096
ratA_yfjF_predicted,0.3333333333333333,2,2,TCTGTGTGTCACTCACCAGG,0,2996658
ratA_yfjF_predicted,0.3333333333333333,2,2,TCTGTGGTACTCGGATCATG,0,2997660
ratA_yfjF_predicted,0.3333333333333333,2,2,TCTGTGCTGACCGTGAATTG,0,3021344
ratA_yfjF_predicted,0.3333333333333333,2,2,TCTGGGGCAATCCACCGTTC,0,2995638
ratA_yfjF_predicted,0.3333333333333333,2,2,TCTGGACGTATCACCATCCA,0,3018352
ratA_yfjF_predicted,0.3333333333333333,2,2,TCTGCTTTTAATACATGGTG,0,3008673
ratA_yfjF_predicted,0.3333333333333333,2,2,TCTGAGAAAAATCGCCGGGC,0,3015724
ratA_yfjF_predicted,0.3333333333333333,2,2,TCTCTTCCACGAATCGGGTG,0,3000432
ratA_yfjF_predicted,0.3333333333333333,2,2,TCTCTCGGGGAATGAATAAT,0,3008046
ratA_yfjF_predicted,0.3333333333333333,2,2,TCTCTCCGACCGTCCTTCTA,0,3021265
ratA_yfjF_predicted,0.3333333333333333,2,2,TCTCGCCGCCCCTTATATCG,0,3011852
ratA_yfjF_predicted,0.3333333333333333,2,2,TCTCACTTGCTTAAGAAAGC,0,3010091
ratA_yfjF_predicted,0.3333333333333333,2,2,TCTAGCATTACTTCCCCCTG,0,3008792
ratA_yfjF_predicted,0.3333333333333333,2,2,TCTACTCATTGCCATCTAAC,0,3002312
ratA_yfjF_predicted,0.3333333333333333,2,2,TCTAATGCGTACATTGAGAA,0,2996837
ratA_yfjF_predicted,0.3333333333333333,2,2,TCGTTCTGCCAGTGCACGCC,0,3017589
ratA_yfjF_predicted,0.3333333333333333,2,2,TCGTGGACTGCCACTCGTAG,0,3006165
ratA_yfjF_predicted,0.3333333333333333,2,2,TCGTCTAGCGCGACTAGATA,0,3001595
ratA_yfjF_predicted,0.3333333333333333,2,2,TCGTCCACTCCGGTAGGGTG,0,2994024
ratA_yfjF_predicted,0.3333333333333333,2,2,TCGTCAAGTTCCTGCATATA,0,3014485
ratA_yfjF_predicted,0.3333333333333333,2,2,TCGGCAGCGTCGCATAGTAA,0,2992195
ratA_yfjF_predicted,0.3333333333333333,2,2,TCGGATTGTACAAAAACCAC,0,3010538
ratA_yfjF_predicted,0.3333333333333333,2,2,TCGCTGGCTGTTGATGATCA,0,3021442
ratA_yfjF_predicted,0.3333333333333333,2,2,TCGCTCCCTCGATGCCTCAC,0,3005680
ratA_yfjF_predicted,0.3333333333333333,2,2,TCGCCCCCGTGTGTGCGAGA,0,3012763
ratA_yfjF_predicted,0.3333333333333333,2,2,TCGCCCCAGATAGCCGGTGT,0,3019087
ratA_yfjF_predicted,0.3333333333333333,2,2,TCGCCCATGGAATCTCTGTC,0,2999951
ratA_yfjF_predicted,0.3333333333333333,2,2,TCGCCCAAGGGAACTTGTTG,0,3006800
ratA_yfjF_predicted,0.3333333333333333,2,2,TCGAGTAATTGCCCTTGTAC,0,3012444
ratA_yfjF_predicted,0.3333333333333333,2,2,TCGAGGAGGGGGATAAACGA,0,3018439
ratA_yfjF_predicted,0.3333333333333333,2,2,TCGAGCTCTAAGGGTTCATT,0,3018840
ratA_yfjF_predicted,0.3333333333333333,2,2,TCGAGAGGGATCACCTATGG,0,3008189
ratA_yfjF_predicted,0.3333333333333333,2,2,TCGAAGGTTCCTTCCTTGTT,0,2994996
ratA_yfjF_predicted,0.3333333333333333,2,2,TCCTTTGGATTGCGTTGTCA,0,3002917
ratA_yfjF_predicted,0.3333333333333333,2,2,TCCTTCGCTTGGCCTTCTGC,0,3010259
ratA_yfjF_predicted,0.3333333333333333,2,2,TCCTCACTCCATGAGGGTTA,0,2992436
ratA_yfjF_predicted,0.3333333333333333,2,2,TCCGTTTGGGGGATGGCGTG,0,2996813
ratA_yfjF_predicted,0.3333333333333333,2,2,TCCGTCCGAACTTTTCTGCA,0,3020606
ratA_yfjF_predicted,0.3333333333333333,2,2,TCCGGTACCCCGACCGTCTA,0,3000809
ratA_yfjF_predicted,0.3333333333333333,2,2,TCCGGGGCGGCGCCCGGTTA,0,3014722
ratA_yfjF_predicted,0.3333333333333333,2,2,TCCGCTGGCCGAAAGACCTG,0,3009004
ratA_yfjF_predicted,0.3333333333333333,2,2,TCCGCAGAATTCCCACGAAC,0,3021699
ratA_yfjF_predicted,0.3333333333333333,2,2,TCCGAGGCGCGTGCATTAAG,0,2995846
ratA_yfjF_predicted,0.3333333333333333,2,2,TCCCTGCGGAATCCTTTATT,0,2997241
ratA_yfjF_predicted,0.3333333333333333,2,2,TCCCGTGGCAGCGTCAGCCC,0,2997713
ratA_yfjF_predicted,0.3333333333333333,2,2,TCCCCGCCTACGTTGACGAT,0,3004877
ratA_yfjF_predicted,0.3333333333333333,2,2,TCCCATATATCGGCTTCACT,0,3014315
ratA_yfjF_predicted,0.3333333333333333,2,2,TCCCACAGATTACCCCGTCA,0,3021437
ratA_yfjF_predicted,0.3333333333333333,2,2,TCCATCAATTAAGGGAATTT,0,3002179
ratA_yfjF_predicted,0.3333333333333333,2,2,TCCAGTGACTCGACCTGCAG,0,3010142
ratA_yfjF_predicted,0.3333333333333333,2,2,TCCAGTCGTAAGGAAGTGCT,0,2996386
ratA_yfjF_predicted,0.3333333333333333,2,2,TCCACGTATGTACAGTAACT,0,3005379
ratA_yfjF_predicted,0.3333333333333333,2,2,TCCAATATCCCAATTATGAG,0,3015616
ratA_yfjF_predicted,0.3333333333333333,2,2,TCCAAGGCGTCACAGTCACA,0,3001671
ratA_yfjF_predicted,0.3333333333333333,2,2,TCATTGGAAGGTTAACCGAT,0,3011397
ratA_yfjF_predicted,0.3333333333333333,2,2,TCATTCACATGGCCCGGGAT,0,3014536
ratA_yfjF_predicted,0.3333333333333333,2,2,TCATGAGATGATGCACTAAT,0,3016606
ratA_yfjF_predicted,0.3333333333333333,2,2,TCATCGTGTCGTGATGTGCA,0,2993759
ratA_yfjF_predicted,0.3333333333333333,2,2,TCATCGAGCACCTGATGTAA,0,3017585
ratA_yfjF_predicted,0.3333333333333333,2,2,TCAGTTTTTGTGGATCCAGA,0,3016302
ratA_yfjF_predicted,0.3333333333333333,2,2,TCAGTGTCGAACGAAGATGA,0,2998866
ratA_yfjF_predicted,0.3333333333333333,2,2,TCAGCCCATTAGCAGGCTGA,0,3001150
ratA_yfjF_predicted,0.3333333333333333,2,2,TCAGCAATCGCTTGTGTAGC,0,3013768
ratA_yfjF_predicted,0.3333333333333333,2,2,TCAGAAAAGTGCTGAGACCA,0,3006422
ratA_yfjF_predicted,0.3333333333333333,2,2,TCACTATAAGTCTTCAAGAC,0,2996617
ratA_yfjF_predicted,0.3333333333333333,2,2,TCACGCGCCGGGACCGTTAT,0,3012164
ratA_yfjF_predicted,0.3333333333333333,2,2,TCACCCGTCAGGCCTTATTA,0,3005565
ratA_yfjF_predicted,0.3333333333333333,2,2,TCACCATATATTTTAGGAAA,0,3007331
ratA_yfjF_predicted,0.3333333333333333,2,2,TCACCACGTTATCACATTTT,0,3006100
ratA_yfjF_predicted,0.3333333333333333,2,2,TCACACGGCCGATACTCACC,0,2993946
ratA_yfjF_predicted,0.3333333333333333,2,2,TCACAACAATGACCCTCAGC,0,2996153
ratA_yfjF_predicted,0.3333333333333333,2,2,TCAAGTCGCTAGCGTCAGGT,0,2992543
ratA_yfjF_predicted,0.3333333333333333,2,2,TCAAGGGAAGCGGAAATGCT,0,3016086
ratA_yfjF_predicted,0.3333333333333333,2,2,TCAAGCGCCTCATCTTCATA,0,2991906
ratA_yfjF_predicted,0.3333333333333333,2,2,TCAAAAGATAGTTTGTTATT,0,3002884
ratA_yfjF_predicted,0.3333333333333333,2,2,TATTTTCTGGAATGATGGCC,0,3011819
ratA_yfjF_predicted,0.3333333333333333,2,2,TATTGTAGGGGGACATGTAT,0,3008113
ratA_yfjF_predicted,0.3333333333333333,2,2,TATTGAGAAAATACATTACT,0,3001311
ratA_yfjF_predicted,0.3333333333333333,2,2,TATTCTCCGTGGTAAATCGT,0,3019147
ratA_yfjF_predicted,0.3333333333333333,2,2,TATTAGCGTTTACTTTCAAT,0,3001118
ratA_yfjF_predicted,0.3333333333333333,2,2,TATTACTTACACAGCTCTGT,0,3001484
ratA_yfjF_predicted,0.3333333333333333,2,2,TATTACTCGATGGGGTGCTA,0,3010930
ratA_yfjF_predicted,0.3333333333333333,2,2,TATTAAAACACGGTACCTGC,0,3011963
ratA_yfjF_predicted,0.3333333333333333,2,2,TATGTGAACATAAGGTGCAT,0,2994254
ratA_yfjF_predicted,0.3333333333333333,2,2,TATGGGAGACCGCTAGCACA,0,3015144
ratA_yfjF_predicted,0.3333333333333333,2,2,TATGGCCTCTGCAAGCTTCA,0,3017198
ratA_yfjF_predicted,0.3333333333333333,2,2,TATCGCCATCAGTCTAAAAG,0,3010311
ratA_yfjF_predicted,0.3333333333333333,2,2,TATCAGCTATGCAATATGGA,0,3004098
ratA_yfjF_predicted,0.3333333333333333,2,2,TATATGACGGTGTTGTTCCT,0,3012864
ratA_yfjF_predicted,0.3333333333333333,2,2,TATACCTGTGGAATCCTCCT,0,2993581
ratA_yfjF_predicted,0.3333333333333333,2,2,TATACCCAGCCAGGCACGAG,0,3012687
ratA_yfjF_predicted,0.3333333333333333,2,2,TATAAGCTGCTTCAGGATAT,0,3004855
ratA_yfjF_predicted,0.3333333333333333,2,2,TATAACTAGGCTGACCTCGT,0,3020591
ratA_yfjF_predicted,0.3333333333333333,2,2,TATAACACGTGTCCAGTCAA,0,3003906
ratA_yfjF_predicted,0.3333333333333333,2,2,TAGGTAAGGGCTTATTGGTT,0,3000563
ratA_yfjF_predicted,0.3333333333333333,2,2,TAGGGTTCGCACAGATTCGA,0,3017863
ratA_yfjF_predicted,0.3333333333333333,2,2,TAGGGTCGGCGTTACCGTCC,0,2993536
ratA_yfjF_predicted,0.3333333333333333,2,2,TAGGGGATGCGAGTCGCCGG,0,3005391
ratA_yfjF_predicted,0.3333333333333333,2,2,TAGGATAGGGGACGAATTTG,0,2999839
ratA_yfjF_predicted,0.3333333333333333,2,2,TAGGACTTTACGTGTATCAC,0,2994547
ratA_yfjF_predicted,0.3333333333333333,2,2,TAGGACCCTGAATAACGTCT,0,3008819
ratA_yfjF_predicted,0.3333333333333333,2,2,TAGCTGGGGACTGTAATAGT,0,2999771
ratA_yfjF_predicted,0.3333333333333333,2,2,TAGATGCGGAACCGGTAGCT,0,3016785
ratA_yfjF_predicted,0.3333333333333333,2,2,TAGAGTTTTATTAGGCGATA,0,2998612
ratA_yfjF_predicted,0.3333333333333333,2,2,TAGAGTATTCTGACCCGAGT,0,3017298
ratA_yfjF_predicted,0.3333333333333333,2,2,TAGAGATCAGCACAACTTTC,0,3014034
ratA_yfjF_predicted,0.3333333333333333,2,2,TAGAAGCTTGGGCACATCAG,0,3019468
ratA_yfjF_predicted,0.3333333333333333,2,2,TACTGAGGGGTGCTTAATTG,0,3020525
ratA_yfjF_predicted,0.3333333333333333,2,2,TACTATAGCTTGCGGAGGGA,0,3011333
ratA_yfjF_predicted,0.3333333333333333,2,2,TACTACGGGTGGACGGGGGG,0,3017842
ratA_yfjF_predicted,0.3333333333333333,2,2,TACGGGGACCGTGCGCGGGT,0,2993332
ratA_yfjF_predicted,0.3333333333333333,2,2,TACGGAGCTTTTGTTACTGA,0,2992033
ratA_yfjF_predicted,0.3333333333333333,2,2,TACGACCTCAATACCTAGGA,0,3006910
ratA_yfjF_predicted,0.3333333333333333,2,2,TACCGTAGTGCAGCGAGAAT,0,3013901
ratA_yfjF_predicted,0.3333333333333333,2,2,TACAGTTCCACGTTTTTGTC,0,3004459
ratA_yfjF_predicted,0.3333333333333333,2,2,TACAGGCGAAATTACCAGTG,0,3018161
ratA_yfjF_predicted,0.3333333333333333,2,2,TACAGCATCTGGACAGGCAT,0,2993271
ratA_yfjF_predicted,0.3333333333333333,2,2,TACAGCATAGCAGAACCGGA,0,3010126
ratA_yfjF_predicted,0.3333333333333333,2,2,TACAGCAGATATCGGAGTCA,0,3015969
ratA_yfjF_predicted,0.3333333333333333,2,2,TACACTCGATGTCTCTCCAT,0,3015487
ratA_yfjF_predicted,0.3333333333333333,2,2,TACAAGTAGTGAATGGGTGC,0,2997538
ratA_yfjF_predicted,0.3333333333333333,2,2,TAATCAGGTGCCAGTCTAAG,0,3013346
ratA_yfjF_predicted,0.3333333333333333,2,2,TAATATGAGCCAATCGTTGA,0,2999908
ratA_yfjF_predicted,0.3333333333333333,2,2,TAAGGATCGGCGAAGTTCGT,0,3021295
ratA_yfjF_predicted,0.3333333333333333,2,2,TAAGATAAGGGATCTACCAC,0,3004989
ratA_yfjF_predicted,0.3333333333333333,2,2,TAACTTTTCAATTATCCTCC,0,3008248
ratA_yfjF_predicted,0.3333333333333333,2,2,TAACTATCCGATTTTTGTGT,0,3006284
ratA_yfjF_predicted,0.3333333333333333,2,2,TAACTACCACGGTTGCATAA,0,2997895
ratA_yfjF_predicted,0.3333333333333333,2,2,TAACGCGGCCATTATGAGAC,0,2992690
ratA_yfjF_predicted,0.3333333333333333,2,2,TAACGCGAGTTCGCGGACAG,0,3020607
ratA_yfjF_predicted,0.3333333333333333,2,2,TAACCTCACTCCCAATCGCG,0,2995418
ratA_yfjF_predicted,0.3333333333333333,2,2,TAACATAACTTCCCTCCAGC,0,2999191
ratA_yfjF_predicted,0.3333333333333333,2,2,TAACAGTCTTGATTTGGCTC,0,2996885
ratA_yfjF_predicted,0.3333333333333333,2,2,TAACAAAGGGACTGAAACGG,0,3009505
ratA_yfjF_predicted,0.3333333333333333,2,2,TAACAAAGATAGTATCTTAG,0,3015646
ratA_yfjF_predicted,0.3333333333333333,2,2,TAAATATGTTCGCGATGTCG,0,3013178
ratA_yfjF_predicted,0.3333333333333333,2,2,TAAAGGACATGGTCTTCAAA,0,3001940
ratA_yfjF_predicted,0.3333333333333333,2,2,TAAAGATGCTAGGTCAATTT,0,3016190
ratA_yfjF_predicted,0.3333333333333333,2,2,GTTTCCCTGGCGGTTTTACC,0,3015147
ratA_yfjF_predicted,0.3333333333333333,2,2,GTTTCCATTTTGAGGAACGG,0,3016285
ratA_yfjF_predicted,0.3333333333333333,2,2,GTTTCACGGAAGAATTGACT,0,3020058
ratA_yfjF_predicted,0.3333333333333333,2,2,GTTTAGGCCGATCTAATTGA,0,3001071
ratA_yfjF_predicted,0.3333333333333333,2,2,GTTGTTCTGGGGCGCGTAAA,0,2999661
ratA_yfjF_predicted,0.3333333333333333,2,2,GTTGTCACTGCTCCCGTAAC,0,2991984
ratA_yfjF_predicted,0.3333333333333333,2,2,GTTGTATGTTCTGCATTAAA,0,2993836
ratA_yfjF_predicted,0.3333333333333333,2,2,GTTGTAGGGTGCGCGACGAC,0,3004428
ratA_yfjF_predicted,0.3333333333333333,2,2,GTTGGGGGAATACTAGGCGG,0,3004964
ratA_yfjF_predicted,0.3333333333333333,2,2,GTTGCATCTGGGTGAAACTT,0,3001206
ratA_yfjF_predicted,0.3333333333333333,2,2,GTTGCAATCGGCAGTCTCAG,0,3012480
ratA_yfjF_predicted,0.3333333333333333,2,2,GTTGATGGATAAAATTATAG,0,2997226
ratA_yfjF_predicted,0.3333333333333333,2,2,GTTGATAATTCCTTTGTCCT,0,3019585
ratA_yfjF_predicted,0.3333333333333333,2,2,GTTCTGGGTATACGGGCGCA,0,3012372
ratA_yfjF_predicted,0.3333333333333333,2,2,GTTCGTAGGGTGTATACAAC,0,3004150
ratA_yfjF_predicted,0.3333333333333333,2,2,GTTCCTAACGATAGGGTCTA,0,3013896
ratA_yfjF_predicted,0.3333333333333333,2,2,GTTCCCTGGTATTCCCTGGA,0,3005936
ratA_yfjF_predicted,0.3333333333333333,2,2,GTTATCCGACTGAGGTGTAC,0,3002796
ratA_yfjF_predicted,0.3333333333333333,2,2,GTTATAGTCCTACCGATATA,0,2997797
ratA_yfjF_predicted,0.3333333333333333,2,2,GTTAGTCATGGGATAACATG,0,3010946
ratA_yfjF_predicted,0.3333333333333333,2,2,GTTAATAGTGCATACGAGTC,0,3018323
ratA_yfjF_predicted,0.3333333333333333,2,2,GTTAACATCAGTAATTTGGG,0,3010289
ratA_yfjF_predicted,0.3333333333333333,2,2,GTTAAACGGTCGGCCGGTGG,0,3016234
ratA_yfjF_predicted,0.3333333333333333,2,2,GTGTTTGGAGGGTCGCCGAA,0,3006390
ratA_yfjF_predicted,0.3333333333333333,2,2,GTGTTTCCTAGTAATTCTGT,0,2994873
ratA_yfjF_predicted,0.3333333333333333,2,2,GTGTTGATCTTACTCTGTGG,0,3017705
ratA_yfjF_predicted,0.3333333333333333,2,2,GTGTGCGACCGCAGCATAAT,0,3005214
ratA_yfjF_predicted,0.3333333333333333,2,2,GTGTCGTTAGACGACCCTTC,0,3018597
ratA_yfjF_predicted,0.3333333333333333,2,2,GTGTAGACCTGGTGGTGGAG,0,3012981
ratA_yfjF_predicted,0.3333333333333333,2,2,GTGGCTCGTTAACAGTCCTA,0,3019464
ratA_yfjF_predicted,0.3333333333333333,2,2,GTGGCATTTTGGTGAGGCGA,0,3006075
ratA_yfjF_predicted,0.3333333333333333,2,2,GTGGACTGTTTTAATATTCA,0,3011393
ratA_yfjF_predicted,0.3333333333333333,2,2,GTGATCAACGATGGTCATAG,0,3016072
ratA_yfjF_predicted,0.3333333333333333,2,2,GTGAGGTACTTAAACCCTAG,0,2993321
ratA_yfjF_predicted,0.3333333333333333,2,2,GTGAGATTTATGTTTTAGGA,0,2998286
ratA_yfjF_predicted,0.3333333333333333,2,2,GTGACGACTCAACACAGGAC,0,3015787
ratA_yfjF_predicted,0.3333333333333333,2,2,GTGACCAATCCCAGAGCCAC,0,2998592
ratA_yfjF_predicted,0.3333333333333333,2,2,GTGAACTAGCCGTTGCGTGT,0,3012459
ratA_yfjF_predicted,0.3333333333333333,2,2,GTCTTTCCATTTACAAGGAC,0,3007644
ratA_yfjF_predicted,0.3333333333333333,2,2,GTCTTTCATATCTGCCTTAT,0,3012702
ratA_yfjF_predicted,0.3333333333333333,2,2,GTCTTGTGTTACTTGCTGTC,0,3006679
ratA_yfjF_predicted,0.3333333333333333,2,2,GTCTCTTCGTAAGGGTTGGT,0,3007108
ratA_yfjF_predicted,0.3333333333333333,2,2,GTCTCGTCAGATGCCGTAAC,0,3002365
ratA_yfjF_predicted,0.3333333333333333,2,2,GTCTCGGTTAACGTTTCGCG,0,3012679
ratA_yfjF_predicted,0.3333333333333333,2,2,GTCTCGCATCACCAGTCATA,0,3005217
ratA_yfjF_predicted,0.3333333333333333,2,2,GTCTATAGCGTTAAAAGAAG,0,3004052
ratA_yfjF_predicted,0.3333333333333333,2,2,GTCCGTACGAGTCCAGAGAG,0,3003781
ratA_yfjF_predicted,0.3333333333333333,2,2,GTCCGGTCAGCCTGCCGGGG,0,2991960
ratA_yfjF_predicted,0.3333333333333333,2,2,GTCCGGCCTCCAGCATGTTG,0,2995372
ratA_yfjF_predicted,0.3333333333333333,2,2,GTCCGGACCGATGTAATTAA,0,3000306
ratA_yfjF_predicted,0.3333333333333333,2,2,GTCCGAAACGTTTCCTGGAC,0,2993223
ratA_yfjF_predicted,0.3333333333333333,2,2,GTCCAGCTTGCCACTCGCGG,0,2998513
ratA_yfjF_predicted,0.3333333333333333,2,2,GTCATCTTCATTCTTTTTGT,0,3003758
ratA_yfjF_predicted,0.3333333333333333,2,2,GTCAGTATGTAAGATCGGAT,0,3006756
ratA_yfjF_predicted,0.3333333333333333,2,2,GTCAGGTGAGTAACAATCAG,0,3020148
ratA_yfjF_predicted,0.3333333333333333,2,2,GTCAGCAGACGGTAATGTGG,0,3013648
ratA_yfjF_predicted,0.3333333333333333,2,2,GTCACTACGTGGGGGCAGTA,0,3016211
ratA_yfjF_predicted,0.3333333333333333,2,2,GTCAATCGTGTGCTTGGTCT,0,3016132
ratA_yfjF_predicted,0.3333333333333333,2,2,GTCAATCGGAGGGCCGTAAG,0,3011810
ratA_yfjF_predicted,0.3333333333333333,2,2,GTCAACCGGCATCAAGAGAC,0,3018256
ratA_yfjF_predicted,0.3333333333333333,2,2,GTATTTTTTGCTTGCAAAAG,0,3008032
ratA_yfjF_predicted,0.3333333333333333,2,2,GTATTTACCCGGAGGCTCAT,0,3000634
ratA_yfjF_predicted,0.3333333333333333,2,2,GTATTCCGAATCGTTGGAAA,0,3009597
ratA_yfjF_predicted,0.3333333333333333,2,2,GTATTCCCATGTTCGAAGTA,0,3006711
ratA_yfjF_predicted,0.3333333333333333,2,2,GTATCTAACAACATCACAAG,0,3013695
ratA_yfjF_predicted,0.3333333333333333,2,2,GTAGCTTAAATCACTTCAAA,0,3005318
ratA_yfjF_predicted,0.3333333333333333,2,2,GTAGAATAAGAACAAACAGC,0,2996709
ratA_yfjF_predicted,0.3333333333333333,2,2,GTACGGATGACCTCATGCCC,0,3014318
ratA_yfjF_predicted,0.3333333333333333,2,2,GTACCGTAGCTGTTAATTTT,0,3013905
ratA_yfjF_predicted,0.3333333333333333,2,2,GTACCAATAGTTATAGATCC,0,3019646
ratA_yfjF_predicted,0.3333333333333333,2,2,GTACATATCACTTCGTCAAG,0,3014135
ratA_yfjF_predicted,0.3333333333333333,2,2,GTACAATTCGCCCGATGTCA,0,3011485
ratA_yfjF_predicted,0.3333333333333333,2,2,GTACAATCGGCATGCCAAGG,0,3007768
ratA_yfjF_predicted,0.3333333333333333,2,2,GTAATGTCAGCAGCCTTATC,0,3005966
ratA_yfjF_predicted,0.3333333333333333,2,2,GTAATGGGTTCTTGCCGGTA,0,2993910
ratA_yfjF_predicted,0.3333333333333333,2,2,GTAAGGGTATCAGCACGGCA,0,2997619
ratA_yfjF_predicted,0.3333333333333333,2,2,GTAAGCCCTCTAACGCGGGG,0,2994717
ratA_yfjF_predicted,0.3333333333333333,2,2,GTAACTCCGACTCAAAGATC,0,3016160
ratA_yfjF_predicted,0.3333333333333333,2,2,GTAAACTACAAGATGAACGT,0,2996453
ratA_yfjF_predicted,0.3333333333333333,2,2,GTAAACGAGACATTGGTCAA,0,3012904
ratA_yfjF_predicted,0.3333333333333333,2,2,GGTTTGCGGAGCGATTAGTA,0,3010739
ratA_yfjF_predicted,0.3333333333333333,2,2,GGTTTCTCTTAATATGGCTC,0,2998299
ratA_yfjF_predicted,0.3333333333333333,2,2,GGTTGGCAATTTCGCGATAT,0,3005866
ratA_yfjF_predicted,0.3333333333333333,2,2,GGTTATGATTACCTTGCTAC,0,3006746
ratA_yfjF_predicted,0.3333333333333333,2,2,GGTTAAGCCTTCATCATGGT,0,3008210
ratA_yfjF_predicted,0.3333333333333333,2,2,GGTTAACGAAGAGCCGGTTC,0,3013854
ratA_yfjF_predicted,0.3333333333333333,2,2,GGTGTGAACGATATATCGCG,0,3009977
ratA_yfjF_predicted,0.3333333333333333,2,2,GGTGGGACGGCGCTGACCTG,0,3010458
ratA_yfjF_predicted,0.3333333333333333,2,2,GGTGCGTCCGCAACGTGTTT,0,2997795
ratA_yfjF_predicted,0.3333333333333333,2,2,GGTGAGGGTGCACAATGAAA,0,3016000
ratA_yfjF_predicted,0.3333333333333333,2,2,GGTGAGAGGTACTAGGAGAC,0,3012103
ratA_yfjF_predicted,0.3333333333333333,2,2,GGTCTATCCCTACCGCACCA,0,3007597
ratA_yfjF_predicted,0.3333333333333333,2,2,GGTCGTCAGGGCTCACTTAC,0,3020623
ratA_yfjF_predicted,0.3333333333333333,2,2,GGTCGCCCCGCTGAACAGTC,0,3011400
ratA_yfjF_predicted,0.3333333333333333,2,2,GGTCATTCGGTCCTGGCACA,0,2997020
ratA_yfjF_predicted,0.3333333333333333,2,2,GGTATTCCATACCAATATAG,0,2993586
ratA_yfjF_predicted,0.3333333333333333,2,2,GGTATACTAGCTGTCTTCGC,0,3003157
ratA_yfjF_predicted,0.3333333333333333,2,2,GGTACACAACCAATTTGATC,0,2994568
ratA_yfjF_predicted,0.3333333333333333,2,2,GGTAATAAGGCGCGGTGACT,0,3016625
ratA_yfjF_predicted,0.3333333333333333,2,2,GGGTGATTGGGTGTCCGCAA,0,3001883
ratA_yfjF_predicted,0.3333333333333333,2,2,GGGTGATCCATCAAAACTCA,0,3013250
ratA_yfjF_predicted,0.3333333333333333,2,2,GGGTCTCTCGCCGCTGACTG,0,3018187
ratA_yfjF_predicted,0.3333333333333333,2,2,GGGTATTGTTAACAGACTAC,0,2999279
ratA_yfjF_predicted,0.3333333333333333,2,2,GGGTAGCCACAATTTATGGG,0,3000798
ratA_yfjF_predicted,0.3333333333333333,2,2,GGGTACGAGAACCCCTTAAG,0,2994181
ratA_yfjF_predicted,0.3333333333333333,2,2,GGGTAACAGGTCTACCCCCT,0,3006732
ratA_yfjF_predicted,0.3333333333333333,2,2,GGGGTTGGTGTACAGGTCAC,0,3011336
ratA_yfjF_predicted,0.3333333333333333,2,2,GGGGGTAGTGCACACTGATC,0,3008315
ratA_yfjF_predicted,0.3333333333333333,2,2,GGGGGGTCCGGCTTCTTTGT,0,3003780
ratA_yfjF_predicted,0.3333333333333333,2,2,GGGGCCTAAGACAGCGGGTT,0,2992505
ratA_yfjF_predicted,0.3333333333333333,2,2,GGGGAACTATTCGTATCTGT,0,3014419
ratA_yfjF_predicted,0.3333333333333333,2,2,GGGCTCGTTATCGGGGGCAT,0,3018212
ratA_yfjF_predicted,0.3333333333333333,2,2,GGGCAAGAGGGGTAAACATC,0,3006686
ratA_yfjF_predicted,0.3333333333333333,2,2,GGGATGATCGCATCTTTTTC,0,3008062
ratA_yfjF_predicted,0.3333333333333333,2,2,GGGACTAGGCATTCAGATAT,0,3003974
ratA_yfjF_predicted,0.3333333333333333,2,2,GGGACTAAAGCCACGTGTTG,0,3015101
ratA_yfjF_predicted,0.3333333333333333,2,2,GGGACCGGACGCATATACTC,0,3002648
ratA_yfjF_predicted,0.3333333333333333,2,2,GGGAACCCCGGTTGTGATCA,0,2997893
ratA_yfjF_predicted,0.3333333333333333,2,2,GGGAAAAACATAATAGTAAC,0,3015684
ratA_yfjF_predicted,0.3333333333333333,2,2,GGCTGGTACAGCAGAAGTAG,0,3007068
ratA_yfjF_predicted,0.3333333333333333,2,2,GGCTGATGTCAGTCTCACGC,0,3003757
ratA_yfjF_predicted,0.3333333333333333,2,2,GGCTGAGTGGGATTAGGGTC,0,3011162
ratA_yfjF_predicted,0.3333333333333333,2,2,GGCTAGAGTCTGATTCACCT,0,2994881
ratA_yfjF_predicted,0.3333333333333333,2,2,GGCGTCCGCAGGCGCATTCC,0,3016168
ratA_yfjF_predicted,0.3333333333333333,2,2,GGCGGATGGCGCCACTAACA,0,3018707
ratA_yfjF_predicted,0.3333333333333333,2,2,GGCGCCCCGCCCCGGCTCCT,0,3019280
ratA_yfjF_predicted,0.3333333333333333,2,2,GGCCTGACAGGAACATCCCG,0,2998346
ratA_yfjF_predicted,0.3333333333333333,2,2,GGCCCTTGCTTGACTCAATC,0,3000802
ratA_yfjF_predicted,0.3333333333333333,2,2,GGCATTCGTGGTATGACGGG,0,3009438
ratA_yfjF_predicted,0.3333333333333333,2,2,GGCATTCCGGAATCACAGAG,0,3008940
ratA_yfjF_predicted,0.3333333333333333,2,2,GGCATCCGTATGTTGATTCG,0,2996662
ratA_yfjF_predicted,0.3333333333333333,2,2,GGCAGTGGGACTAACCTGCG,0,3013803
ratA_yfjF_predicted,0.3333333333333333,2,2,GGCAGGAAAGGCGAATATCG,0,2992389
ratA_yfjF_predicted,0.3333333333333333,2,2,GGCACGTTGCCTACGCCCCC,0,2994651
ratA_yfjF_predicted,0.3333333333333333,2,2,GGATGTTACACAGTACCCGA,0,3003748
ratA_yfjF_predicted,0.3333333333333333,2,2,GGATGCGGAGGGTGAACTAA,0,2998302
ratA_yfjF_predicted,0.3333333333333333,2,2,GGATGAACGCGTGTCTAACG,0,3005781
ratA_yfjF_predicted,0.3333333333333333,2,2,GGATCATCGAATCCTAGATA,0,3005023
ratA_yfjF_predicted,0.3333333333333333,2,2,GGATACAGCCCTCCGGTTGT,0,3002754
ratA_yfjF_predicted,0.3333333333333333,2,2,GGATAATTACAACTATTCAT,0,3012182
ratA_yfjF_predicted,0.3333333333333333,2,2,GGATAACACTATGCACCAGT,0,3002986
ratA_yfjF_predicted,0.3333333333333333,2,2,GGAGTGTGACAGCCGGTCTA,0,3007169
ratA_yfjF_predicted,0.3333333333333333,2,2,GGAGGTTCTCAATTGAACTG,0,3005268
ratA_yfjF_predicted,0.3333333333333333,2,2,GGAGGGTTATAAGTGCTCGT,0,3005928
ratA_yfjF_predicted,0.3333333333333333,2,2,GGAGGGCTGACTCATCGGTA,0,3015472
ratA_yfjF_predicted,0.3333333333333333,2,2,GGAGGCTCAATCGCAGAAGG,0,3008283
ratA_yfjF_predicted,0.3333333333333333,2,2,GGAGCTCCTTGCAACTCAAC,0,3005686
ratA_yfjF_predicted,0.3333333333333333,2,2,GGAGAATTGATAGGTCTGGG,0,3006151
ratA_yfjF_predicted,0.3333333333333333,2,2,GGACTACGTCCGGACAAATA,0,3021077
ratA_yfjF_predicted,0.3333333333333333,2,2,GGACGTCGATTACTACTGAC,0,2993897
ratA_yfjF_predicted,0.3333333333333333,2,2,GGACGAATTCTGATGCTACA,0,2992513
ratA_yfjF_predicted,0.3333333333333333,2,2,GGACCGTAAGAGAGAAATAC,0,2997243
ratA_yfjF_predicted,0.3333333333333333,2,2,GGACAGCCTTGCCCAACATT,0,2995345
ratA_yfjF_predicted,0.3333333333333333,2,2,GGACAAGTACGATACAAGTG,0,3010028
ratA_yfjF_predicted,0.3333333333333333,2,2,GGAATCTTCACCTTTCCCCT,0,3013214
ratA_yfjF_predicted,0.3333333333333333,2,2,GGAAGTTCTAATATTGCCGG,0,2998236
ratA_yfjF_predicted,0.3333333333333333,2,2,GGAAGGGTGTCCTTTACAGA,0,3005519
ratA_yfjF_predicted,0.3333333333333333,2,2,GGAAGGACAGATTAGTTATT,0,3003406
ratA_yfjF_predicted,0.3333333333333333,2,2,GGAAATTAGTTTGAGTCGGT,0,3010526
ratA_yfjF_predicted,0.3333333333333333,2,2,GGAAATCGTCTCCGCCTTTC,0,2992860
ratA_yfjF_predicted,0.3333333333333333,2,2,GCTTCTCAGGCAACCGCATT,0,2996494
ratA_yfjF_predicted,0.3333333333333333,2,2,GCTTCACAACGGTGACAGGG,0,3018104
ratA_yfjF_predicted,0.3333333333333333,2,2,GCTTAGCGCCCGCTACCCGA,0,3016727
ratA_yfjF_predicted,0.3333333333333333,2,2,GCTTAACACGGGCATCGTAT,0,3013881
ratA_yfjF_predicted,0.3333333333333333,2,2,GCTTAAAACCGAGACGCGTA,0,3001911
ratA_yfjF_predicted,0.3333333333333333,2,2,GCTGGGGCCTCCTTAAGAGG,0,2992887
ratA_yfjF_predicted,0.3333333333333333,2,2,GCTGCTCAAATGAACTGCCT,0,3010740
ratA_yfjF_predicted,0.3333333333333333,2,2,GCTGACAGCTGGAACGGATG,0,3005192
ratA_yfjF_predicted,0.3333333333333333,2,2,GCTCTGTGACGTTGTGAGAA,0,2999213
ratA_yfjF_predicted,0.3333333333333333,2,2,GCTCTCCATTTAGGTTCGTA,0,3008226
ratA_yfjF_predicted,0.3333333333333333,2,2,GCTCGGTCGCAAACATTAAC,0,3001310
ratA_yfjF_predicted,0.3333333333333333,2,2,GCTCCGGTGTTGAATCAGTA,0,2994497
ratA_yfjF_predicted,0.3333333333333333,2,2,GCTCCGCCTCTCGAGGTATA,0,3018329
ratA_yfjF_predicted,0.3333333333333333,2,2,GCTCAGTCATACGAAGGATA,0,3017557
ratA_yfjF_predicted,0.3333333333333333,2,2,GCTATTTAGTTTTTGGGAAA,0,2998154
ratA_yfjF_predicted,0.3333333333333333,2,2,GCTAGTAGTAACCTGCAAAC,0,3008732
ratA_yfjF_predicted,0.3333333333333333,2,2,GCTAGCGGAGAGGCTCCGCG,0,3017467
ratA_yfjF_predicted,0.3333333333333333,2,2,GCTAGCGCCACATAACATCT,0,3021061
ratA_yfjF_predicted,0.3333333333333333,2,2,GCTAAGGTTCTTGCCTTAGA,0,3018110
ratA_yfjF_predicted,0.3333333333333333,2,2,GCTAAGCAGAAACCATTGTT,0,3015163
ratA_yfjF_predicted,0.3333333333333333,2,2,GCGTTTACGTCGAACTTGCT,0,3016241
ratA_yfjF_predicted,0.3333333333333333,2,2,GCGTTCATTAGTCGTGTAAG,0,3016026
ratA_yfjF_predicted,0.3333333333333333,2,2,GCGTGTTGATGTATTCGCTC,0,3015084
ratA_yfjF_predicted,0.3333333333333333,2,2,GCGTGCCGGGCATCCATCCC,0,3010752
ratA_yfjF_predicted,0.3333333333333333,2,2,GCGTCTCTCTTGTTCCTCGA,0,3003288
ratA_yfjF_predicted,0.3333333333333333,2,2,GCGTCTCCGGACAGTTGTTT,0,3018059
ratA_yfjF_predicted,0.3333333333333333,2,2,GCGTCCCTGCTCGTATCTAC,0,3015871
ratA_yfjF_predicted,0.3333333333333333,2,2,GCGTAGTAGTTATATTCTCG,0,3004915
ratA_yfjF_predicted,0.3333333333333333,2,2,GCGTACGCGGAACTGAACGT,0,3020567
ratA_yfjF_predicted,0.3333333333333333,2,2,GCGTAATTGAAAAGCTGCAA,0,3017854
ratA_yfjF_predicted,0.3333333333333333,2,2,GCGGTTTTACAGAATATGGT,0,3001133
ratA_yfjF_predicted,0.3333333333333333,2,2,GCGGATGGTCGCCGGAGGGA,0,3007090
ratA_yfjF_predicted,0.3333333333333333,2,2,GCGGAAATAAACCTCACCTG,0,3001851
ratA_yfjF_predicted,0.3333333333333333,2,2,GCGCTGGAGCGCTATTTATT,0,3019075
ratA_yfjF_predicted,0.3333333333333333,2,2,GCGCTCGCGATAGTTTCAAA,0,2992240
ratA_yfjF_predicted,0.3333333333333333,2,2,GCGCTATAGGGGCAGTTCAT,0,3003654
ratA_yfjF_predicted,0.3333333333333333,2,2,GCGCTAGCTCCCACACACTT,0,3018401
ratA_yfjF_predicted,0.3333333333333333,2,2,GCGCGAATAGATTTAGGTAC,0,3010389
ratA_yfjF_predicted,0.3333333333333333,2,2,GCGCCTATCCGCCGGTTACG,0,3016570
ratA_yfjF_predicted,0.3333333333333333,2,2,GCGCAGCAGTTATGCCCTCT,0,3016257
ratA_yfjF_predicted,0.3333333333333333,2,2,GCGCAAACGGGCTGTGTTCG,0,3021489
ratA_yfjF_predicted,0.3333333333333333,2,2,GCGATAAAGTTGCGATCGGA,0,3012811
ratA_yfjF_predicted,0.3333333333333333,2,2,GCGAGCTTGTCCTACTAACT,0,3002078
ratA_yfjF_predicted,0.3333333333333333,2,2,GCGAGCAGTACGCAGTCCAT,0,3012560
ratA_yfjF_predicted,0.3333333333333333,2,2,GCGAAGGTACCATACAACAG,0,3009915
ratA_yfjF_predicted,0.3333333333333333,2,2,GCGAAATGGTCCCAGGTCAA,0,2998073
ratA_yfjF_predicted,0.3333333333333333,2,2,GCCTTTTCGGGATCCTTGGT,0,2999442
ratA_yfjF_predicted,0.3333333333333333,2,2,GCCTTTCCGGGGGGGCCGGA,0,2992853
ratA_yfjF_predicted,0.3333333333333333,2,2,GCCTTGTTGAATTATCTATG,0,3013378
ratA_yfjF_predicted,0.3333333333333333,2,2,GCCTGGAGTTTCGCAGATTG,0,3009061
ratA_yfjF_predicted,0.3333333333333333,2,2,GCCTGCCGAGGCGATCTACC,0,2999038
ratA_yfjF_predicted,0.3333333333333333,2,2,GCCTCGGTACGGGCAACCCT,0,2993712
ratA_yfjF_predicted,0.3333333333333333,2,2,GCCTACTACTAAAGCTGGCC,0,3001176
ratA_yfjF_predicted,0.3333333333333333,2,2,GCCGGTCCCGCTTTGGCGTC,0,3017059
ratA_yfjF_predicted,0.3333333333333333,2,2,GCCCGGCGTTACTCTCTATC,0,2994241
ratA_yfjF_predicted,0.3333333333333333,2,2,GCCCGCCAGCCTACCTCAAT,0,3007466
ratA_yfjF_predicted,0.3333333333333333,2,2,GCCATGGTTGGATCAGGATT,0,3004410
ratA_yfjF_predicted,0.3333333333333333,2,2,GCCACGATTATCGGCTCTCC,0,3016408
ratA_yfjF_predicted,0.3333333333333333,2,2,GCATTTCTTATAGTTTTCTT,0,3013894
ratA_yfjF_predicted,0.3333333333333333,2,2,GCATTATTACGCTAAGGTCG,0,3019807
ratA_yfjF_predicted,0.3333333333333333,2,2,GCATCTTCAATGCTCAGGAG,0,3004723
ratA_yfjF_predicted,0.3333333333333333,2,2,GCATCCGTATCCTTCCGGGT,0,2991852
ratA_yfjF_predicted,0.3333333333333333,2,2,GCAGTGCACGGCAACTCGAG,0,2999482
ratA_yfjF_predicted,0.3333333333333333,2,2,GCAGGAGCCGCGTTCACTGT,0,3003641
ratA_yfjF_predicted,0.3333333333333333,2,2,GCAGGAAATGTCCTAGCCTA,0,3019183
ratA_yfjF_predicted,0.3333333333333333,2,2,GCAGCGATCGGTGACGAATC,0,3000502
ratA_yfjF_predicted,0.3333333333333333,2,2,GCAGCCAGCGAGTTGAGGTA,0,2999796
ratA_yfjF_predicted,0.3333333333333333,2,2,GCAGATCTCAGACGGGCCGA,0,3016097
ratA_yfjF_predicted,0.3333333333333333,2,2,GCACTACAGACAACAGCTGA,0,3003542
ratA_yfjF_predicted,0.3333333333333333,2,2,GCACGGGGCTCTATCCAATA,0,3009411
ratA_yfjF_predicted,0.3333333333333333,2,2,GCACGCACGGAGTGCCCAAT,0,3018155
ratA_yfjF_predicted,0.3333333333333333,2,2,GCAAGCCGGAATTTCAGCTT,0,2997395
ratA_yfjF_predicted,0.3333333333333333,2,2,GCAACAGTCCCTTTGTTATT,0,3004727
ratA_yfjF_predicted,0.3333333333333333,2,2,GCAAACTGGAGGTGGATACT,0,3012058
ratA_yfjF_predicted,0.3333333333333333,2,2,GCAAAACGTTTTGGGACTTA,0,3017308
ratA_yfjF_predicted,0.3333333333333333,2,2,GATTTTTTGCGTATGCTCAA,0,3014761
ratA_yfjF_predicted,0.3333333333333333,2,2,GATTTACCCCAGTATTGACC,0,3009805
ratA_yfjF_predicted,0.3333333333333333,2,2,GATTAGGTAGATTGACCCTA,0,3018431
ratA_yfjF_predicted,0.3333333333333333,2,2,GATTAGATTAGGTGTCGCTT,0,3011825
ratA_yfjF_predicted,0.3333333333333333,2,2,GATGTGGTAGATATTTGCCC,0,3001075
ratA_yfjF_predicted,0.3333333333333333,2,2,GATGTATGCTTGGAGTGTAT,0,2998252
ratA_yfjF_predicted,0.3333333333333333,2,2,GATGGCCACCGAGTGGAGCG,0,3014025
ratA_yfjF_predicted,0.3333333333333333,2,2,GATGGATTGCCTCTATATGG,0,3016073
ratA_yfjF_predicted,0.3333333333333333,2,2,GATGCAAGTCACGGAGGGTC,0,3015193
ratA_yfjF_predicted,0.3333333333333333,2,2,GATGACGTCAAGTTCGCATC,0,3008220
ratA_yfjF_predicted,0.3333333333333333,2,2,GATGAAGGGTGCTTTAGGAC,0,3007677
ratA_yfjF_predicted,0.3333333333333333,2,2,GATGAAACCACCAATAGGAC,0,3002974
ratA_yfjF_predicted,0.3333333333333333,2,2,GATCTGCTATGATGTCTGTG,0,3016353
ratA_yfjF_predicted,0.3333333333333333,2,2,GATCGTTCGTAAGAGGTCAT,0,3019172
ratA_yfjF_predicted,0.3333333333333333,2,2,GATCGCTTCAGGAAGTCGTA,0,2999192
ratA_yfjF_predicted,0.3333333333333333,2,2,GATCGCTACTAAGTCTAGGG,0,3010272
ratA_yfjF_predicted,0.3333333333333333,2,2,GATCCGACTCTGCAATAACA,0,2995596
ratA_yfjF_predicted,0.3333333333333333,2,2,GATCCCCTAATCGCAGCCAG,0,3000562
ratA_yfjF_predicted,0.3333333333333333,2,2,GATCCAAATTGTCATCCAAG,0,3019247
ratA_yfjF_predicted,0.3333333333333333,2,2,GATCAACACGGCGTGACAGG,0,2997024
ratA_yfjF_predicted,0.3333333333333333,2,2,GATATAGCTGGTCGATTTGC,0,3009888
ratA_yfjF_predicted,0.3333333333333333,2,2,GATAGACGAGAGTGAAGCCA,0,2996675
ratA_yfjF_predicted,0.3333333333333333,2,2,GATACGGGCCTGTTCTGGTT,0,3012072
ratA_yfjF_predicted,0.3333333333333333,2,2,GATACACATGTTGTGCGCAT,0,3003130
ratA_yfjF_predicted,0.3333333333333333,2,2,GATAACACGAGGGAGGATAA,0,3009524
ratA_yfjF_predicted,0.3333333333333333,2,2,GAGTTGGTGGTCATACCACT,0,3002239
ratA_yfjF_predicted,0.3333333333333333,2,2,GAGTTGGCTCAAGAAGGCGC,0,2993080
ratA_yfjF_predicted,0.3333333333333333,2,2,GAGTTCCTTAAGCAGCCACC,0,3019762
ratA_yfjF_predicted,0.3333333333333333,2,2,GAGTGCTCCCGTCTGTGAAC,0,3011266
ratA_yfjF_predicted,0.3333333333333333,2,2,GAGTGAGGGGATGGTCACCT,0,2995621
ratA_yfjF_predicted,0.3333333333333333,2,2,GAGTCACCCCTACTTCTATT,0,3020992
ratA_yfjF_predicted,0.3333333333333333,2,2,GAGGGTGAGATTCCCTCGTT,0,2996771
ratA_yfjF_predicted,0.3333333333333333,2,2,GAGGGGGTTCGTCTGGACGT,0,3017003
ratA_yfjF_predicted,0.3333333333333333,2,2,GAGGCTGAGAAATTGAGCAA,0,3006482
ratA_yfjF_predicted,0.3333333333333333,2,2,GAGCTTTGCCGTAGACAACC,0,3015982
ratA_yfjF_predicted,0.3333333333333333,2,2,GAGCGCGCTCGCTTACGCCT,0,3008650
ratA_yfjF_predicted,0.3333333333333333,2,2,GAGCCTTAGGAAAAGCTGAG,0,3010891
ratA_yfjF_predicted,0.3333333333333333,2,2,GAGCCTGTCTGAAACAGGGG,0,3017015
ratA_yfjF_predicted,0.3333333333333333,2,2,GAGCAGACGACCCACACCTT,0,3013834
ratA_yfjF_predicted,0.3333333333333333,2,2,GAGAGTTAGGAATAGATCTT,0,2999643
ratA_yfjF_predicted,0.3333333333333333,2,2,GAGAGTGACAACTTGGTATG,0,3006171
ratA_yfjF_predicted,0.3333333333333333,2,2,GAGACGCCGGGTAATGCGTT,0,2999197
ratA_yfjF_predicted,0.3333333333333333,2,2,GAGACCAGGTCCCGCAGGTG,0,2996364
ratA_yfjF_predicted,0.3333333333333333,2,2,GAGAAAAGCGATCGACAGTA,0,3009070
ratA_yfjF_predicted,0.3333333333333333,2,2,GACTGCAAAGCTCAGGCCTA,0,3015221
ratA_yfjF_predicted,0.3333333333333333,2,2,GACTGATACAACACGACCTG,0,3001282
ratA_yfjF_predicted,0.3333333333333333,2,2,GACGTGGTATACGTGGGTCA,0,2995569
ratA_yfjF_predicted,0.3333333333333333,2,2,GACGTATTGATTCACCCATT,0,3017950
ratA_yfjF_predicted,0.3333333333333333,2,2,GACGGCGGCGCGTCGTTACG,0,2996699
ratA_yfjF_predicted,0.3333333333333333,2,2,GACGCCGAGAATGAATGGTG,0,2994835
ratA_yfjF_predicted,0.3333333333333333,2,2,GACGCCAACGCCAAGGCTAG,0,3017312
ratA_yfjF_predicted,0.3333333333333333,2,2,GACCTCGCAGACGTCCTATT,0,3016079
ratA_yfjF_predicted,0.3333333333333333,2,2,GACCTATACGAAATTGGTTG,0,3003926
ratA_yfjF_predicted,0.3333333333333333,2,2,GACCCTTGGAGCCGCGATCA,0,2998052
ratA_yfjF_predicted,0.3333333333333333,2,2,GACCAGAGTATCAGAACCGT,0,3017105
ratA_yfjF_predicted,0.3333333333333333,2,2,GACAGTTAGGTTGAACATGA,0,3016762
ratA_yfjF_predicted,0.3333333333333333,2,2,GACACACAGTTTAGGCCCCA,0,3019124
ratA_yfjF_predicted,0.3333333333333333,2,2,GACAAGTAAATTCTTCGGAT,0,3017076
ratA_yfjF_predicted,0.3333333333333333,2,2,GACAACCGGGTGCGGTTCCT,0,3012768
ratA_yfjF_predicted,0.3333333333333333,2,2,GACAAAGGGATGAGTCCGCT,0,3013261
ratA_yfjF_predicted,0.3333333333333333,2,2,GAATTCATGCTCAGCCGTAT,0,3006334
ratA_yfjF_predicted,0.3333333333333333,2,2,GAAGTTGTATGCGGCACAGA,0,3005008
ratA_yfjF_predicted,0.3333333333333333,2,2,GAAGGCACATGGCTGACTAC,0,3010463
ratA_yfjF_predicted,0.3333333333333333,2,2,GAAGGACATGATTCGAGCTC,0,2996827
ratA_yfjF_predicted,0.3333333333333333,2,2,GAAGAAGTCATTGAGATGTC,0,3020563
ratA_yfjF_predicted,0.3333333333333333,2,2,GAAGAACACATTCCACTTGC,0,2993269
ratA_yfjF_predicted,0.3333333333333333,2,2,GAACCCGACGTCGCGTAGAC,0,3006396
ratA_yfjF_predicted,0.3333333333333333,2,2,GAAATAGGTAAGAGAGTATT,0,3007680
ratA_yfjF_predicted,0.3333333333333333,2,2,CTTTTTCTCGTGCAAGGCAG,0,2995274
ratA_yfjF_predicted,0.3333333333333333,2,2,CTTTGTGAATCACTTTATGG,0,3020751
ratA_yfjF_predicted,0.3333333333333333,2,2,CTTTGGGAGGAGTAGAGTTA,0,2996014
ratA_yfjF_predicted,0.3333333333333333,2,2,CTTTGCTAGAGTTGTATTCT,0,3001504
ratA_yfjF_predicted,0.3333333333333333,2,2,CTTTCTAGTATGGCGGCGAA,0,2995264
ratA_yfjF_predicted,0.3333333333333333,2,2,CTTTCCAATTTCGGGTGACC,0,3015335
ratA_yfjF_predicted,0.3333333333333333,2,2,CTTTATCGATAGTTATCGTT,0,2994265
ratA_yfjF_predicted,0.3333333333333333,2,2,CTTTAGACAGTGGGTAGGTG,0,3015273
ratA_yfjF_predicted,0.3333333333333333,2,2,CTTTACCGCTCCCCATTATG,0,2995991
ratA_yfjF_predicted,0.3333333333333333,2,2,CTTTAAAGGTACTGAAAAAT,0,2991800
ratA_yfjF_predicted,0.3333333333333333,2,2,CTTGTGCACGGGCGGGACCC,0,3000415
ratA_yfjF_predicted,0.3333333333333333,2,2,CTTGTCGATCGTCTCATGAT,0,2998556
ratA_yfjF_predicted,0.3333333333333333,2,2,CTTGATTGGCCACTAATCCT,0,3009066
ratA_yfjF_predicted,0.3333333333333333,2,2,CTTCTTGGCTATAGGGCCGT,0,2999295
ratA_yfjF_predicted,0.3333333333333333,2,2,CTTCTTACTAAGGGGACCTT,0,3015921
ratA_yfjF_predicted,0.3333333333333333,2,2,CTTCCGTACGCGTTGTCGGG,0,3006066
ratA_yfjF_predicted,0.3333333333333333,2,2,CTTCCGATTCTTCATCTGCA,0,3003927
ratA_yfjF_predicted,0.3333333333333333,2,2,CTTAGGGTTAGACACATATA,0,3014104
ratA_yfjF_predicted,0.3333333333333333,2,2,CTGTGTACATAGGCTGAAGT,0,3014467
ratA_yfjF_predicted,0.3333333333333333,2,2,CTGTGGGTGGAGAACCCGAT,0,3016142
ratA_yfjF_predicted,0.3333333333333333,2,2,CTGTGCGCACATAGTACCAC,0,3016793
ratA_yfjF_predicted,0.3333333333333333,2,2,CTGTCTTATTCTTAGTGGAG,0,3007526
ratA_yfjF_predicted,0.3333333333333333,2,2,CTGTATCCGCAGAGCAGATG,0,3004722
ratA_yfjF_predicted,0.3333333333333333,2,2,CTGGTGGTCCCACGCTTAGA,0,3010703
ratA_yfjF_predicted,0.3333333333333333,2,2,CTGGTACTTTTCACTGCCTG,0,3017450
ratA_yfjF_predicted,0.3333333333333333,2,2,CTGGCTCCAGGCCGAGAAGT,0,3006516
ratA_yfjF_predicted,0.3333333333333333,2,2,CTGGCCTAGAGATCAACTGG,0,3007966
ratA_yfjF_predicted,0.3333333333333333,2,2,CTGGCCATTTTACACCCCCC,0,2991850
ratA_yfjF_predicted,0.3333333333333333,2,2,CTGGACACTAATCCGGGTCA,0,2998886
ratA_yfjF_predicted,0.3333333333333333,2,2,CTGCTATCAGAAATATAGTG,0,3017370
ratA_yfjF_predicted,0.3333333333333333,2,2,CTGCGGCGAGCTGGCCCTAT,0,3001263
ratA_yfjF_predicted,0.3333333333333333,2,2,CTGCGGATGCACTAGACATC,0,3017110
ratA_yfjF_predicted,0.3333333333333333,2,2,CTGCCTTTGACCCCAGGGTT,0,2992116
ratA_yfjF_predicted,0.3333333333333333,2,2,CTGAGTATGGGGACGGGCGA,0,3000830
ratA_yfjF_predicted,0.3333333333333333,2,2,CTGAGGTTGGGTCCATGGAG,0,3020887
ratA_yfjF_predicted,0.3333333333333333,2,2,CTGAGGCGTGGACCCCAGTC,0,3005345
ratA_yfjF_predicted,0.3333333333333333,2,2,CTGACCTTTTAAGTTTTATG,0,3004120
ratA_yfjF_predicted,0.3333333333333333,2,2,CTCTTCAAGGCTACTTTCTC,0,3001128
ratA_yfjF_predicted,0.3333333333333333,2,2,CTCTGGATGACGAGTCGTAA,0,3005985
ratA_yfjF_predicted,0.3333333333333333,2,2,CTCTGGACCTAAGTGATCGC,0,3020772
ratA_yfjF_predicted,0.3333333333333333,2,2,CTCTGCTTGGAGCTTAATAA,0,3019290
ratA_yfjF_predicted,0.3333333333333333,2,2,CTCTGAAACTGTTGTGGAAT,0,3003561
ratA_yfjF_predicted,0.3333333333333333,2,2,CTCTCTATAGCCCGCACAAA,0,3004686
ratA_yfjF_predicted,0.3333333333333333,2,2,CTCTATGCTATAAGGCCACT,0,2992903
ratA_yfjF_predicted,0.3333333333333333,2,2,CTCTACAAATGACAATTCAG,0,3017543
ratA_yfjF_predicted,0.3333333333333333,2,2,CTCTAAAAAGCATATCCCGT,0,3002967
ratA_yfjF_predicted,0.3333333333333333,2,2,CTCGTATACTGAATGGAACG,0,3015804
ratA_yfjF_predicted,0.3333333333333333,2,2,CTCGTACGTACCAAGATGGA,0,3007203
ratA_yfjF_predicted,0.3333333333333333,2,2,CTCGCGCACAGACAAAACGT,0,3004540
ratA_yfjF_predicted,0.3333333333333333,2,2,CTCGAGTACATTACGCCCTG,0,3019370
ratA_yfjF_predicted,0.3333333333333333,2,2,CTCCTTCGCGTTATGCTGAT,0,3004554
ratA_yfjF_predicted,0.3333333333333333,2,2,CTCCGTCCGACCTCTGTGGA,0,3000853
ratA_yfjF_predicted,0.3333333333333333,2,2,CTCCCTTTTCGGGTCTGTGC,0,3009676
ratA_yfjF_predicted,0.3333333333333333,2,2,CTCCCCCAGCCTCAGATCCT,0,2994981
ratA_yfjF_predicted,0.3333333333333333,2,2,CTCCCAGGGGTGATCCCGGA,0,2998383
ratA_yfjF_predicted,0.3333333333333333,2,2,CTCCCAATGGAGTCGGGTGT,0,3011340
ratA_yfjF_predicted,0.3333333333333333,2,2,CTCATTGCGGTGCCTATTGT,0,3018145
ratA_yfjF_predicted,0.3333333333333333,2,2,CTCATAGCCTACTGCGAGAA,0,3013718
ratA_yfjF_predicted,0.3333333333333333,2,2,CTATTGAGGATGATCACGGA,0,3001937
ratA_yfjF_predicted,0.3333333333333333,2,2,CTATTAATAGAAGGGGACAA,0,3000592
ratA_yfjF_predicted,0.3333333333333333,2,2,CTATGTATGGACTCAACCGG,0,3002150
ratA_yfjF_predicted,0.3333333333333333,2,2,CTATGGCTTGCACAGTTGCG,0,2999655
ratA_yfjF_predicted,0.3333333333333333,2,2,CTATGGCAATAAGAGAAGTT,0,3012463
ratA_yfjF_predicted,0.3333333333333333,2,2,CTATCGCCAGGGTATGGACC,0,3009201
ratA_yfjF_predicted,0.3333333333333333,2,2,CTATCACACATCGAATTTTC,0,3018094
ratA_yfjF_predicted,0.3333333333333333,2,2,CTATAAGTTGCCATGCTCAT,0,3004256
ratA_yfjF_predicted,0.3333333333333333,2,2,CTAGTCTCGTTCTTTCCGAA,0,3013968
ratA_yfjF_predicted,0.3333333333333333,2,2,CTAGGGGCTGGCCGACCGCC,0,3010952
ratA_yfjF_predicted,0.3333333333333333,2,2,CTAGGCTATAATCAATGAGT,0,2999297
ratA_yfjF_predicted,0.3333333333333333,2,2,CTAGAACTGCACGACTCGGA,0,2999252
ratA_yfjF_predicted,0.3333333333333333,2,2,CTACTACGGGGTCCAGGTCC,0,3006813
ratA_yfjF_predicted,0.3333333333333333,2,2,CTACGGCGTCTTTATTAGAT,0,3013421
ratA_yfjF_predicted,0.3333333333333333,2,2,CTACATTGTTCGACCCCTGC,0,3004266
ratA_yfjF_predicted,0.3333333333333333,2,2,CTAAGCGTGATAGACTAGCT,0,2996372
ratA_yfjF_predicted,0.3333333333333333,2,2,CTAAGCGAAAGGCCGCCCTC,0,2994779
ratA_yfjF_predicted,0.3333333333333333,2,2,CTAAGCAGCCTTGCATTCGT,0,3016495
ratA_yfjF_predicted,0.3333333333333333,2,2,CTAAATCGTGGCCCGCGAAC,0,2998871
ratA_yfjF_predicted,0.3333333333333333,2,2,CGTTTCGGGTCTGGTCTAGG,0,3013700
ratA_yfjF_predicted,0.3333333333333333,2,2,CGTTTAAACTTTCAATAGAA,0,3001804
ratA_yfjF_predicted,0.3333333333333333,2,2,CGTTCCAAGTTTTATCTCAA,0,3016983
ratA_yfjF_predicted,0.3333333333333333,2,2,CGTTAGCATTACGGAGGTGG,0,3006472
ratA_yfjF_predicted,0.3333333333333333,2,2,CGTTAACCTCGACAGCCACT,0,3017573
ratA_yfjF_predicted,0.3333333333333333,2,2,CGTGTCCGTACCCCTTGTCA,0,2996889
ratA_yfjF_predicted,0.3333333333333333,2,2,CGTGGTGGGTTAATATGTTC,0,3011732
ratA_yfjF_predicted,0.3333333333333333,2,2,CGTGGGCACGAGACACAGCT,0,3006328
ratA_yfjF_predicted,0.3333333333333333,2,2,CGTGGGATCAAACGTTTACA,0,2999351
ratA_yfjF_predicted,0.3333333333333333,2,2,CGTGGCTGAGTCCTGCGTTC,0,3006671
ratA_yfjF_predicted,0.3333333333333333,2,2,CGTGGCCGGGAGTTCCACAA,0,3014715
ratA_yfjF_predicted,0.3333333333333333,2,2,CGTCTGCTACGATTCAGTAC,0,3005371
ratA_yfjF_predicted,0.3333333333333333,2,2,CGTCGTTGGCGGGGGCGAGC,0,3008629
ratA_yfjF_predicted,0.3333333333333333,2,2,CGTCGTGGGCGCTGGATTCC,0,2994423
ratA_yfjF_predicted,0.3333333333333333,2,2,CGTCCTTAAATCCTTGGACG,0,2997621
ratA_yfjF_predicted,0.3333333333333333,2,2,CGTCAGAGGCGTTCGCCATG,0,3015644
ratA_yfjF_predicted,0.3333333333333333,2,2,CGTCACTGTTATCTCGGATC,0,3008575
ratA_yfjF_predicted,0.3333333333333333,2,2,CGTATTGAATGTGTTACTGA,0,3019770
ratA_yfjF_predicted,0.3333333333333333,2,2,CGTATATAGTCCAACAGTCT,0,2999556
ratA_yfjF_predicted,0.3333333333333333,2,2,CGTACTCATTGTGGCTGGCG,0,2998010
ratA_yfjF_predicted,0.3333333333333333,2,2,CGTACTAAGGTTATGAATGC,0,2999567
ratA_yfjF_predicted,0.3333333333333333,2,2,CGTACGCAATGGAAAGACTT,0,3013484
ratA_yfjF_predicted,0.3333333333333333,2,2,CGTAAGTTCAAAATCATGCG,0,3021195
ratA_yfjF_predicted,0.3333333333333333,2,2,CGGTTCACGTTTAGTTTGTA,0,3013011
ratA_yfjF_predicted,0.3333333333333333,2,2,CGGTGTGTGGGTCAAACCTC,0,3007336
ratA_yfjF_predicted,0.3333333333333333,2,2,CGGTCGTAAAGCAATGTCTG,0,2999209
ratA_yfjF_predicted,0.3333333333333333,2,2,CGGTATGTCGCCAACTCCCC,0,3013837
ratA_yfjF_predicted,0.3333333333333333,2,2,CGGGTTTGCCCCGCAACCGT,0,3021647
ratA_yfjF_predicted,0.3333333333333333,2,2,CGGGGTGGTGACTGATAAGC,0,3001336
ratA_yfjF_predicted,0.3333333333333333,2,2,CGGGGTCCAGTACCTAGAAG,0,3006773
ratA_yfjF_predicted,0.3333333333333333,2,2,CGGGATTGCGGTGGGATCGA,0,2992910
ratA_yfjF_predicted,0.3333333333333333,2,2,CGGGATGTGAGGTAAAAAAG,0,3008567
ratA_yfjF_predicted,0.3333333333333333,2,2,CGGGACATTGAGCTGGTGTG,0,3012819
ratA_yfjF_predicted,0.3333333333333333,2,2,CGGCCTCGAAGCGTCCCAAG,0,3009125
ratA_yfjF_predicted,0.3333333333333333,2,2,CGGCAGGTAGAATATTCTAA,0,2994723
ratA_yfjF_predicted,0.3333333333333333,2,2,CGGCAGGCCGGTCCTCCTGC,0,3007347
ratA_yfjF_predicted,0.3333333333333333,2,2,CGGAGCTGCGCCCGGAATTG,0,3004766
ratA_yfjF_predicted,0.3333333333333333,2,2,CGCTTCGTATGAACGGAGGT,0,3019403
ratA_yfjF_predicted,0.3333333333333333,2,2,CGCTTAAACCGTACTGCTGA,0,3011754
ratA_yfjF_predicted,0.3333333333333333,2,2,CGCTTAAACATTGAGTCCCT,0,2992386
ratA_yfjF_predicted,0.3333333333333333,2,2,CGCTGCGTGTCAAAGATTTT,0,3017246
ratA_yfjF_predicted,0.3333333333333333,2,2,CGCTCGCGAGGTCCCAAGAT,0,3006377
ratA_yfjF_predicted,0.3333333333333333,2,2,CGCTCAGTGAAAGAACTGAT,0,3013656
ratA_yfjF_predicted,0.3333333333333333,2,2,CGCGGGCGTAGTCTTGAACT,0,3001603
ratA_yfjF_predicted,0.3333333333333333,2,2,CGCGGGCGCGTGGTTAGTCA,0,3008891
ratA_yfjF_predicted,0.3333333333333333,2,2,CGCGCAACGGTAGAGATAAT,0,3008390
ratA_yfjF_predicted,0.3333333333333333,2,2,CGCGATTGCCACCAAGCAAC,0,3009445
ratA_yfjF_predicted,0.3333333333333333,2,2,CGCGAAGAGAACGACTTTCT,0,3001388
ratA_yfjF_predicted,0.3333333333333333,2,2,CGCCGCGGTCGCACAGTGGA,0,3010105
ratA_yfjF_predicted,0.3333333333333333,2,2,CGCCCATGCCAGTAGAACTG,0,3010908
ratA_yfjF_predicted,0.3333333333333333,2,2,CGCCATATGTACGACGTGAA,0,2995799
ratA_yfjF_predicted,0.3333333333333333,2,2,CGCACTTTTCAAGCATGCGG,0,2999604
ratA_yfjF_predicted,0.3333333333333333,2,2,CGCAAGAGTGGATAACTTTG,0,2992986
ratA_yfjF_predicted,0.3333333333333333,2,2,CGATCTCCCGGGAACTATAG,0,2992115
ratA_yfjF_predicted,0.3333333333333333,2,2,CGAGTGTGAGTCGGGAAATC,0,3016256
ratA_yfjF_predicted,0.3333333333333333,2,2,CGAGTAGCAGGGGTGGTCCA,0,3021490
ratA_yfjF_predicted,0.3333333333333333,2,2,CGAGGACAGGCTCACCGTAG,0,3004958
ratA_yfjF_predicted,0.3333333333333333,2,2,CGAGCGCGCACCAGGCGGAA,0,3013882
ratA_yfjF_predicted,0.3333333333333333,2,2,CGAGATTGGGAGGCTCGAGA,0,3015311
ratA_yfjF_predicted,0.3333333333333333,2,2,CGAGAACATAACCTGTAACT,0,2996249
ratA_yfjF_predicted,0.3333333333333333,2,2,CGACTCTCCGGAACTGACCC,0,3019371
ratA_yfjF_predicted,0.3333333333333333,2,2,CGACTCGGCTACGCTAATAC,0,3008724
ratA_yfjF_predicted,0.3333333333333333,2,2,CGACGGGGAGGCTGCGGAGT,0,2992320
ratA_yfjF_predicted,0.3333333333333333,2,2,CGACCTAGTTCAAAGTACCT,0,2995315
ratA_yfjF_predicted,0.3333333333333333,2,2,CGACATGGCAAGCAGCTGCT,0,2998797
ratA_yfjF_predicted,0.3333333333333333,2,2,CGACACGCGCATTCATTGCG,0,3012488
ratA_yfjF_predicted,0.3333333333333333,2,2,CGAATCCACGGTAGCTCTTA,0,3011614
ratA_yfjF_predicted,0.3333333333333333,2,2,CGAATAGTTCAGATGCAGTG,0,2996435
ratA_yfjF_predicted,0.3333333333333333,2,2,CGAAGTTGGACCGGTGAAAC,0,3020521
ratA_yfjF_predicted,0.3333333333333333,2,2,CGAAGTAGGCGGAATCCGAT,0,3001323
ratA_yfjF_predicted,0.3333333333333333,2,2,CGAACTTGGAAAATTACGCT,0,3008905
ratA_yfjF_predicted,0.3333333333333333,2,2,CGAACAATAAACATAGTGGG,0,2997002
ratA_yfjF_predicted,0.3333333333333333,2,2,CCTTTTGTTGTTCTATCAGG,0,2997279
ratA_yfjF_predicted,0.3333333333333333,2,2,CCTTTTGATAAACTTCGCCT,0,3004639
ratA_yfjF_predicted,0.3333333333333333,2,2,CCTTTTACGTGATCACGGCA,0,3018400
ratA_yfjF_predicted,0.3333333333333333,2,2,CCTTTGATTTCTACTAGCAT,0,3001074
ratA_yfjF_predicted,0.3333333333333333,2,2,CCTTCGTGACAGGTTCCTAG,0,3020000
ratA_yfjF_predicted,0.3333333333333333,2,2,CCTTCCCGCGATTCAGTCTC,0,3017271
ratA_yfjF_predicted,0.3333333333333333,2,2,CCTTATAAGGTCGCCCGTCC,0,2997467
ratA_yfjF_predicted,0.3333333333333333,2,2,CCTGTCCGAGTGACCTAGTG,0,3004717
ratA_yfjF_predicted,0.3333333333333333,2,2,CCTGTCAAAAGTCTCCCTGG,0,3021436
ratA_yfjF_predicted,0.3333333333333333,2,2,CCTGGCTCGGACAAGTCCGT,0,2993263
ratA_yfjF_predicted,0.3333333333333333,2,2,CCTGGCAGCCAGCTCGGGGC,0,2995006
ratA_yfjF_predicted,0.3333333333333333,2,2,CCTGACACAGTGCGGGTCCG,0,3019515
ratA_yfjF_predicted,0.3333333333333333,2,2,CCTCGTCAGACGACTAGGCC,0,3001907
ratA_yfjF_predicted,0.3333333333333333,2,2,CCTCGACCGCTCAATTATCA,0,2993656
ratA_yfjF_predicted,0.3333333333333333,2,2,CCTCAGAACACGATCGTTTA,0,3010144
ratA_yfjF_predicted,0.3333333333333333,2,2,CCTATACTGAAGGAAACCTG,0,3021282
ratA_yfjF_predicted,0.3333333333333333,2,2,CCTAGCCGAAGCATTAACAC,0,3000583
ratA_yfjF_predicted,0.3333333333333333,2,2,CCTAGACAGGCGAGGATCGA,0,2999028
ratA_yfjF_predicted,0.3333333333333333,2,2,CCTACTCGTCCCCATTTCGT,0,2997853
ratA_yfjF_predicted,0.3333333333333333,2,2,CCGTTTTTAACGTACCGTCT,0,2994506
ratA_yfjF_predicted,0.3333333333333333,2,2,CCGTTTACAATCATGCCTCA,0,2993855
ratA_yfjF_predicted,0.3333333333333333,2,2,CCGTGTAAGAAGAGTCGATC,0,2996300
ratA_yfjF_predicted,0.3333333333333333,2,2,CCGTACATCGCGCGGCTCAA,0,3003325
ratA_yfjF_predicted,0.3333333333333333,2,2,CCGGTGTGGCCGGAGCATCA,0,3007422
ratA_yfjF_predicted,0.3333333333333333,2,2,CCGGTGATTTTCGGACCCCC,0,3008926
ratA_yfjF_predicted,0.3333333333333333,2,2,CCGGGTGTAAACGAAACGTG,0,2994292
ratA_yfjF_predicted,0.3333333333333333,2,2,CCGGAGTATTCAATGATTCT,0,3008830
ratA_yfjF_predicted,0.3333333333333333,2,2,CCGGAGGATGTTTCACTTGA,0,2997071
ratA_yfjF_predicted,0.3333333333333333,2,2,CCGGAGATTAAAATGTTACC,0,2998514
ratA_yfjF_predicted,0.3333333333333333,2,2,CCGCTTGCACCAAGCAGGGC,0,3012493
ratA_yfjF_predicted,0.3333333333333333,2,2,CCGCTGGAAGCAAGTCCCCG,0,3011742
ratA_yfjF_predicted,0.3333333333333333,2,2,CCGCTAACCCAGCCAGTATC,0,3018196
ratA_yfjF_predicted,0.3333333333333333,2,2,CCGCATTTGCCAGGTGGTAG,0,3017719
ratA_yfjF_predicted,0.3333333333333333,2,2,CCGCATTCCGAGTCAACGAT,0,3019118
ratA_yfjF_predicted,0.3333333333333333,2,2,CCGCACCTCACTGGCAATCG,0,2999996
ratA_yfjF_predicted,0.3333333333333333,2,2,CCGATCTTATTAGGTGTCAA,0,3004122
ratA_yfjF_predicted,0.3333333333333333,2,2,CCCTTACATTTCATAGCCAT,0,3004519
ratA_yfjF_predicted,0.3333333333333333,2,2,CCCTGAGTGCTAACCTCGCA,0,3020476
ratA_yfjF_predicted,0.3333333333333333,2,2,CCCGTAGACATTCTGCTAGA,0,3009837
ratA_yfjF_predicted,0.3333333333333333,2,2,CCCGGCCGCGAGCCTAAGCT,0,3012899
ratA_yfjF_predicted,0.3333333333333333,2,2,CCCGGAGGGGGCAGGAACAG,0,3017724
ratA_yfjF_predicted,0.3333333333333333,2,2,CCCGCTGACCGGTCCAACTC,0,3013565
ratA_yfjF_predicted,0.3333333333333333,2,2,CCCGATTTCCTTGTCGGGCA,0,3006051
ratA_yfjF_predicted,0.3333333333333333,2,2,CCCGATTCACTCGGTCCCAC,0,3012052
ratA_yfjF_predicted,0.3333333333333333,2,2,CCCCTTCATCCGGCGCTGTG,0,3011737
ratA_yfjF_predicted,0.3333333333333333,2,2,CCCCTATTAACGGTCTCTAG,0,3015866
ratA_yfjF_predicted,0.3333333333333333,2,2,CCCCGCATGTGGGGATATAA,0,2993192
ratA_yfjF_predicted,0.3333333333333333,2,2,CCCCCCTATTGAGTTTTGTG,0,3018152
ratA_yfjF_predicted,0.3333333333333333,2,2,CCCCATGGTGAATAACGGGA,0,3021175
ratA_yfjF_predicted,0.3333333333333333,2,2,CCCATGGTCGATTAGGCTAT,0,3010805
ratA_yfjF_predicted,0.3333333333333333,2,2,CCCATCCCTATCCTTTTGCC,0,3003864
ratA_yfjF_predicted,0.3333333333333333,2,2,CCCAGCTCCCAGTCCAGGTT,0,3009787
ratA_yfjF_predicted,0.3333333333333333,2,2,CCCAAAAGTGCACTCAAGGA,0,3013924
ratA_yfjF_predicted,0.3333333333333333,2,2,CCATTTACGCGCCCCCGAGT,0,3000392
ratA_yfjF_predicted,0.3333333333333333,2,2,CCATTCGGGCGGCCTCCAGA,0,2997847
ratA_yfjF_predicted,0.3333333333333333,2,2,CCATGCCAGTTACCCTGCTT,0,3001309
ratA_yfjF_predicted,0.3333333333333333,2,2,CCATCGGCCGGGTAATCACA,0,3019610
ratA_yfjF_predicted,0.3333333333333333,2,2,CCATAGGGCATTTCACTCGA,0,2996981
ratA_yfjF_predicted,0.3333333333333333,2,2,CCAGGCTCTACCGAGTGTAG,0,2999402
ratA_yfjF_predicted,0.3333333333333333,2,2,CCAGCGTGGAAAGTAAACCC,0,3006103
ratA_yfjF_predicted,0.3333333333333333,2,2,CCACTCGGAGGACAATTTCT,0,3008362
ratA_yfjF_predicted,0.3333333333333333,2,2,CCACGATGCTTGATACCGGG,0,3010917
ratA_yfjF_predicted,0.3333333333333333,2,2,CCACGATATACGCGTTGGCT,0,2999258
ratA_yfjF_predicted,0.3333333333333333,2,2,CCACCGTCGAGCTATAGGCG,0,3014320
ratA_yfjF_predicted,0.3333333333333333,2,2,CCACCATGCCGGTCTATGGC,0,2995009
ratA_yfjF_predicted,0.3333333333333333,2,2,CCACACATTTCGGGCGCAGG,0,3000088
ratA_yfjF_predicted,0.3333333333333333,2,2,CCAAGCATTGACTAGCGCGT,0,3011172
ratA_yfjF_predicted,0.3333333333333333,2,2,CCAACACATACGTTGCCCAT,0,2996734
ratA_yfjF_predicted,0.3333333333333333,2,2,CCAAATCTGTCTCCCTGTAG,0,3000349
ratA_yfjF_predicted,0.3333333333333333,2,2,CCAAAGTGTGGCAAACTTGT,0,3005078
ratA_yfjF_predicted,0.3333333333333333,2,2,CCAAAGGATTTTTATATGGA,0,3005083
ratA_yfjF_predicted,0.3333333333333333,2,2,CATTTAAGCGCACCGCGCCT,0,2992176
ratA_yfjF_predicted,0.3333333333333333,2,2,CATTAGAGTCTCGTAGACAA,0,3008517
ratA_yfjF_predicted,0.3333333333333333,2,2,CATGTGAGCCATGGCTCTAC,0,3014247
ratA_yfjF_predicted,0.3333333333333333,2,2,CATGTCGTAGATGTGCCTAG,0,2995893
ratA_yfjF_predicted,0.3333333333333333,2,2,CATGGCTGATGATTAGGTAG,0,3017237
ratA_yfjF_predicted,0.3333333333333333,2,2,CATGCTTTATGCACGACAGC,0,3020786
ratA_yfjF_predicted,0.3333333333333333,2,2,CATGCGATTGAGTGAAACAG,0,3018204
ratA_yfjF_predicted,0.3333333333333333,2,2,CATGCCATGGCTTGTCTTCA,0,2993743
ratA_yfjF_predicted,0.3333333333333333,2,2,CATGCACCATCTCCCGTCAT,0,3003513
ratA_yfjF_predicted,0.3333333333333333,2,2,CATGATGGAAGCTGAAGTAA,0,3013479
ratA_yfjF_predicted,0.3333333333333333,2,2,CATGAGATGTACCGATTGAG,0,2999788
ratA_yfjF_predicted,0.3333333333333333,2,2,CATCGGTTATTGAACCGATA,0,3009817
ratA_yfjF_predicted,0.3333333333333333,2,2,CATCGGTCGAAGGCCTTCCC,0,3003816
ratA_yfjF_predicted,0.3333333333333333,2,2,CATCCTTCGGGTTGGAACGT,0,3004096
ratA_yfjF_predicted,0.3333333333333333,2,2,CATCCGCTATAAATATATTC,0,2992074
ratA_yfjF_predicted,0.3333333333333333,2,2,CATATAACTTGGTCCACAGA,0,2993975
ratA_yfjF_predicted,0.3333333333333333,2,2,CATAGCGTTAAATTGCTAGT,0,2992113
ratA_yfjF_predicted,0.3333333333333333,2,2,CATAAACGTTGAGATAGGTT,0,3005918
ratA_yfjF_predicted,0.3333333333333333,2,2,CAGTTCAACTACGACATGTG,0,3012608
ratA_yfjF_predicted,0.3333333333333333,2,2,CAGTGGGTCCGTTGTACACT,0,3013249
ratA_yfjF_predicted,0.3333333333333333,2,2,CAGTCATACGATAAAACAGA,0,3021034
ratA_yfjF_predicted,0.3333333333333333,2,2,CAGTATGTTGTCGGATCCAC,0,2991775
ratA_yfjF_predicted,0.3333333333333333,2,2,CAGTAGGGATCCATAGTGAT,0,3019447
ratA_yfjF_predicted,0.3333333333333333,2,2,CAGGCTTGAAAGGGCCGGAT,0,3016562
ratA_yfjF_predicted,0.3333333333333333,2,2,CAGCTACAAAATGCCAGCCT,0,3003128
ratA_yfjF_predicted,0.3333333333333333,2,2,CAGCGAATTTATGCGCCGAT,0,3015766
ratA_yfjF_predicted,0.3333333333333333,2,2,CAGCATAATATTCGTGCCTT,0,2992202
ratA_yfjF_predicted,0.3333333333333333,2,2,CAGCACGAGACCTAGGAGCA,0,3014795
ratA_yfjF_predicted,0.3333333333333333,2,2,CAGCACCTAGGTACTACTCG,0,3009129
ratA_yfjF_predicted,0.3333333333333333,2,2,CAGCAATCGTGCGTTCTAGA,0,3016200
ratA_yfjF_predicted,0.3333333333333333,2,2,CAGATACGCGTGCGTCCCCC,0,3004934
ratA_yfjF_predicted,0.3333333333333333,2,2,CAGACTGTCAGGACCGGCGT,0,2993522
ratA_yfjF_predicted,0.3333333333333333,2,2,CAGAAGTGTGACTAGAAAGC,0,3002850
ratA_yfjF_predicted,0.3333333333333333,2,2,CACTTGGTAAGGCAAACCTG,0,2994479
ratA_yfjF_predicted,0.3333333333333333,2,2,CACTTCAATGGTTGGGTTAC,0,3019674
ratA_yfjF_predicted,0.3333333333333333,2,2,CACTTAACTACAAACTCTTC,0,3007584
ratA_yfjF_predicted,0.3333333333333333,2,2,CACTCGATAAGTCATCTGGT,0,2997804
ratA_yfjF_predicted,0.3333333333333333,2,2,CACTATATGTTCTGACTGCA,0,2994975
ratA_yfjF_predicted,0.3333333333333333,2,2,CACGTGTCCGCGCGCAAGCT,0,2999816
ratA_yfjF_predicted,0.3333333333333333,2,2,CACGGGGCCGGTTATAGCAG,0,3004483
ratA_yfjF_predicted,0.3333333333333333,2,2,CACGCGTAGAGGGAAGCTTG,0,3015964
ratA_yfjF_predicted,0.3333333333333333,2,2,CACGATTCTAATCTGGCTCG,0,3000790
ratA_yfjF_predicted,0.3333333333333333,2,2,CACGAGAACCTTACTCCCCT,0,3014952
ratA_yfjF_predicted,0.3333333333333333,2,2,CACCGTAAATACGGGCACAT,0,2992921
ratA_yfjF_predicted,0.3333333333333333,2,2,CACCCTTTCCGGTATGTGCG,0,3004809
ratA_yfjF_predicted,0.3333333333333333,2,2,CACCAGCTCAAATAAGCGGA,0,2998832
ratA_yfjF_predicted,0.3333333333333333,2,2,CACCACTCCACAACATGGCC,0,2998333
ratA_yfjF_predicted,0.3333333333333333,2,2,CACCAATCTCGTCTCTCAAA,0,2997971
ratA_yfjF_predicted,0.3333333333333333,2,2,CACATGGTTCTGAGTCAAAT,0,2995075
ratA_yfjF_predicted,0.3333333333333333,2,2,CACAGGGCGGTAGCCAGGAG,0,3010812
ratA_yfjF_predicted,0.3333333333333333,2,2,CACACTGTGAGTACAATCTG,0,3001353
ratA_yfjF_predicted,0.3333333333333333,2,2,CACACGTAAATGATATGCCA,0,3014403
ratA_yfjF_predicted,0.3333333333333333,2,2,CACACCGGCTTTAACCTCGC,0,3015156
ratA_yfjF_predicted,0.3333333333333333,2,2,CAATGCGTTTTACAATAATT,0,3002096
ratA_yfjF_predicted,0.3333333333333333,2,2,CAATCACCTAGGCACCTCTC,0,2993225
ratA_yfjF_predicted,0.3333333333333333,2,2,CAATACCTACCCGAAATAAC,0,3002387
ratA_yfjF_predicted,0.3333333333333333,2,2,CAAGTTATACAACCCGCAAT,0,3008825
ratA_yfjF_predicted,0.3333333333333333,2,2,CAAGGAGCTTAATCTTCTTC,0,3015162
ratA_yfjF_predicted,0.3333333333333333,2,2,CAAGCTGTCCGTGAGTTTTC,0,3002955
ratA_yfjF_predicted,0.3333333333333333,2,2,CAAGCCAGTCACCTACGGAG,0,3003034
ratA_yfjF_predicted,0.3333333333333333,2,2,CAAGACTGGTCAAGTAGTCC,0,3007741
ratA_yfjF_predicted,0.3333333333333333,2,2,CAAGAATCGTTTGCCGGAAA,0,3001901
ratA_yfjF_predicted,0.3333333333333333,2,2,CAACGGTATTTCTCCAGGGA,0,3007307
ratA_yfjF_predicted,0.3333333333333333,2,2,CAACCGGCGCTACCAGCCCC,0,3004137
ratA_yfjF_predicted,0.3333333333333333,2,2,CAACAAGGATACTAAACGCA,0,2998402
ratA_yfjF_predicted,0.3333333333333333,2,2,CAAATTACGCCGTGATTGGT,0,3020401
ratA_yfjF_predicted,0.3333333333333333,2,2,CAAACGTTGTGTGGCACCCT,0,3018237
ratA_yfjF_predicted,0.3333333333333333,2,2,CAAAATCGTCGGCCACGGAT,0,3008448
ratA_yfjF_predicted,0.3333333333333333,2,2,ATTTTTTTAAGGTAGTGTTC,0,3006759
ratA_yfjF_predicted,0.3333333333333333,2,2,ATTGGACGTAGATATGATCA,0,2997829
ratA_yfjF_predicted,0.3333333333333333,2,2,ATTGCAGTGTCGGGCATTCG,0,3018238
ratA_yfjF_predicted,0.3333333333333333,2,2,ATTGACATCGGCTCAATCCG,0,3013190
ratA_yfjF_predicted,0.3333333333333333,2,2,ATTCTCCGATTCAATCACAT,0,3004159
ratA_yfjF_predicted,0.3333333333333333,2,2,ATTCGTGACCCGACTGTAAC,0,2994096
ratA_yfjF_predicted,0.3333333333333333,2,2,ATTCGTCTTGCAGAATAGCC,0,2997079
ratA_yfjF_predicted,0.3333333333333333,2,2,ATTCGAAGCGCCAGGTTAAA,0,3005859
ratA_yfjF_predicted,0.3333333333333333,2,2,ATTCCCCCTCATAGTTTGCT,0,2999513
ratA_yfjF_predicted,0.3333333333333333,2,2,ATTCACCCGATTGTTCTCCG,0,3004998
ratA_yfjF_predicted,0.3333333333333333,2,2,ATTCAAGTAATTCGTTGAGT,0,3000639
ratA_yfjF_predicted,0.3333333333333333,2,2,ATTATCGTTAGTAATGGTGA,0,3008327
ratA_yfjF_predicted,0.3333333333333333,2,2,ATTAGGTGAACGAACTCGAA,0,3010122
ratA_yfjF_predicted,0.3333333333333333,2,2,ATTAAACCGCCATATCTAAT,0,2994826
ratA_yfjF_predicted,0.3333333333333333,2,2,ATTAAAAGCATGTGCGATTG,0,3020028
ratA_yfjF_predicted,0.3333333333333333,2,2,ATGTTAACCACTACATCCCT,0,3003693
ratA_yfjF_predicted,0.3333333333333333,2,2,ATGTGTAATTATCTTCAGTA,0,3017167
ratA_yfjF_predicted,0.3333333333333333,2,2,ATGTGAGCGCACTATTAGGG,0,3021512
ratA_yfjF_predicted,0.3333333333333333,2,2,ATGTCCTGCTCGTCTCGCGA,0,2999451
ratA_yfjF_predicted,0.3333333333333333,2,2,ATGTAATCTTAGCAGGGAAA,0,3001905
ratA_yfjF_predicted,0.3333333333333333,2,2,ATGTAAGTGTGTCCTACTAA,0,3017596
ratA_yfjF_predicted,0.3333333333333333,2,2,ATGGTCTATGGTTGCGTGGT,0,2999834
ratA_yfjF_predicted,0.3333333333333333,2,2,ATGGTCTAGGCCTCATACGG,0,2999044
ratA_yfjF_predicted,0.3333333333333333,2,2,ATGGGTAGCCTGTGGCATTA,0,3003038
ratA_yfjF_predicted,0.3333333333333333,2,2,ATGGCGAACTGGGCGGTGTC,0,2996914
ratA_yfjF_predicted,0.3333333333333333,2,2,ATGGCCTTCACCGGCTTCTT,0,3011440
ratA_yfjF_predicted,0.3333333333333333,2,2,ATGGCACCGCTCTTACAGGA,0,3011817
ratA_yfjF_predicted,0.3333333333333333,2,2,ATGGATTACTATTTAATGCG,0,3004897
ratA_yfjF_predicted,0.3333333333333333,2,2,ATGGAGCTTTCTCCCCCTGA,0,2999153
ratA_yfjF_predicted,0.3333333333333333,2,2,ATGGAGCTAGACATTCTAAA,0,3001583
ratA_yfjF_predicted,0.3333333333333333,2,2,ATGGAAGTAGTCAACATTGA,0,2993705
ratA_yfjF_predicted,0.3333333333333333,2,2,ATGCTAAGGCTCTTTCCGCA,0,3018794
ratA_yfjF_predicted,0.3333333333333333,2,2,ATGCCCTTGTCCTGCATTGG,0,3004464
ratA_yfjF_predicted,0.3333333333333333,2,2,ATGCACGGGAGGGGAAGTTA,0,3014445
ratA_yfjF_predicted,0.3333333333333333,2,2,ATGATTGAATACCGGTTTTA,0,3014187
ratA_yfjF_predicted,0.3333333333333333,2,2,ATGACGGCAAAAACGAACCA,0,2996936
ratA_yfjF_predicted,0.3333333333333333,2,2,ATGAATGCATTAATAACGAG,0,2996079
ratA_yfjF_predicted,0.3333333333333333,2,2,ATGAAGGTGCGTGAGTAGGT,0,3012925
ratA_yfjF_predicted,0.3333333333333333,2,2,ATCTTTCATTTCGAGTGATG,0,3010401
ratA_yfjF_predicted,0.3333333333333333,2,2,ATCTTGCTGAGGCAATCGAT,0,3003143
ratA_yfjF_predicted,0.3333333333333333,2,2,ATCTTGAGTGGTTGCTCGTC,0,3011598
ratA_yfjF_predicted,0.3333333333333333,2,2,ATCTCTTGGACATTTGCACG,0,3020245
ratA_yfjF_predicted,0.3333333333333333,2,2,ATCTCCCATAACTGCCACCA,0,2994367
ratA_yfjF_predicted,0.3333333333333333,2,2,ATCGCCGGAAGGGAGTATTA,0,3009840
ratA_yfjF_predicted,0.3333333333333333,2,2,ATCCGTTTCGACTATGCTTT,0,3003918
ratA_yfjF_predicted,0.3333333333333333,2,2,ATCCGCAATGTGAATGTCTT,0,3020470
ratA_yfjF_predicted,0.3333333333333333,2,2,ATCCCAGGTTTACCGCCCCT,0,3006001
ratA_yfjF_predicted,0.3333333333333333,2,2,ATCCATTCAAGATACGCTCA,0,3016681
ratA_yfjF_predicted,0.3333333333333333,2,2,ATCATTGGCCCCGGGAACGC,0,3001455
ratA_yfjF_predicted,0.3333333333333333,2,2,ATCATCTGGTGAGCCAGGCA,0,3013115
ratA_yfjF_predicted,0.3333333333333333,2,2,ATCATACCCTTAGTTAGGGA,0,3019059
ratA_yfjF_predicted,0.3333333333333333,2,2,ATCACTATCAAAAGTGCGGA,0,3007849
ratA_yfjF_predicted,0.3333333333333333,2,2,ATCACGCAGCACGCAAGATT,0,3015786
ratA_yfjF_predicted,0.3333333333333333,2,2,ATATTTTCTACAGACGGCCT,0,2996737
ratA_yfjF_predicted,0.3333333333333333,2,2,ATATTAAGAATAAAATGGAT,0,3016068
ratA_yfjF_predicted,0.3333333333333333,2,2,ATATATACTTTGATCTTGCT,0,3014704
ratA_yfjF_predicted,0.3333333333333333,2,2,ATATAGGCGGATGATGATAA,0,2997922
ratA_yfjF_predicted,0.3333333333333333,2,2,ATAGTGATTTAACACGTAGC,0,3008943
ratA_yfjF_predicted,0.3333333333333333,2,2,ATAGTAAGTTGAGACATTCC,0,3011250
ratA_yfjF_predicted,0.3333333333333333,2,2,ATAGGTCTAGACCGCTTGTT,0,3017788
ratA_yfjF_predicted,0.3333333333333333,2,2,ATAGCTTGTTCGGTTCCGAG,0,2996951
ratA_yfjF_predicted,0.3333333333333333,2,2,ATAGCAGCATAAGGAGGGTG,0,3014581
ratA_yfjF_predicted,0.3333333333333333,2,2,ATAGAGGGTCGGTCGTATGG,0,3019300
ratA_yfjF_predicted,0.3333333333333333,2,2,ATAGAGCGCCGCGCTCAAAA,0,2992374
ratA_yfjF_predicted,0.3333333333333333,2,2,ATAGAAGCTTCGACCCATTA,0,2994657
ratA_yfjF_predicted,0.3333333333333333,2,2,ATACGCAACGGGTATCACGT,0,2993251
ratA_yfjF_predicted,0.3333333333333333,2,2,ATACCTACCATTTGCAACAC,0,3017542
ratA_yfjF_predicted,0.3333333333333333,2,2,ATACCACGTGAAAGTGTGTT,0,3010850
ratA_yfjF_predicted,0.3333333333333333,2,2,ATACAGGGGATTAAGGGGAT,0,2992244
ratA_yfjF_predicted,0.3333333333333333,2,2,ATAATTATTTCTCTACGATC,0,3019601
ratA_yfjF_predicted,0.3333333333333333,2,2,ATAATGGTTCGTAGCCTTGT,0,3003025
ratA_yfjF_predicted,0.3333333333333333,2,2,ATAATCTATATTGACCGGTC,0,3011416
ratA_yfjF_predicted,0.3333333333333333,2,2,ATAACGAATAATTGTACTAA,0,3010007
ratA_yfjF_predicted,0.3333333333333333,2,2,ATAACCAGACTTCGCGTTAA,0,3017023
ratA_yfjF_predicted,0.3333333333333333,2,2,ATAAATATGTGATCAAAACT,0,3018632
ratA_yfjF_predicted,0.3333333333333333,2,2,ATAAACCCGTACCATCCGGC,0,3018799
ratA_yfjF_predicted,0.3333333333333333,2,2,AGTTTCCAACATTCGTCTAG,0,3015086
ratA_yfjF_predicted,0.3333333333333333,2,2,AGTTTAATCACTAACGTATT,0,3000571
ratA_yfjF_predicted,0.3333333333333333,2,2,AGTTGAAGGATGCCTGATGT,0,3012387
ratA_yfjF_predicted,0.3333333333333333,2,2,AGTTGAAGCGGTTGTAGTGA,0,2992914
ratA_yfjF_predicted,0.3333333333333333,2,2,AGTTGAACTAAATCCTTTGA,0,3018692
ratA_yfjF_predicted,0.3333333333333333,2,2,AGTTCATCATACTAGAGTCC,0,2997325
ratA_yfjF_predicted,0.3333333333333333,2,2,AGTTAACTCTGCCTGGGCTT,0,3005427
ratA_yfjF_predicted,0.3333333333333333,2,2,AGTGTGTTACGGGCTGGTAA,0,3009525
ratA_yfjF_predicted,0.3333333333333333,2,2,AGTGTGGGGCGCCTCTTGGA,0,3003953
ratA_yfjF_predicted,0.3333333333333333,2,2,AGTGGGGTGACAACGCAGAC,0,2994443
ratA_yfjF_predicted,0.3333333333333333,2,2,AGTGGGAGTTTTAAATACAC,0,3000943
ratA_yfjF_predicted,0.3333333333333333,2,2,AGTGGACATAAAAGGTTAAA,0,2999903
ratA_yfjF_predicted,0.3333333333333333,2,2,AGTGCGTACATTACAAAATA,0,2994747
ratA_yfjF_predicted,0.3333333333333333,2,2,AGTGCCAGGGGCTTCGAAGT,0,3007704
ratA_yfjF_predicted,0.3333333333333333,2,2,AGTGCATTATGTGATTTGCG,0,3011409
ratA_yfjF_predicted,0.3333333333333333,2,2,AGTCGATGAGAAAGCTGTGC,0,3018682
ratA_yfjF_predicted,0.3333333333333333,2,2,AGTCGATAGGGCCATTTGTG,0,3000922
ratA_yfjF_predicted,0.3333333333333333,2,2,AGTCCGGGCTCTCAGTGACC,0,3003524
ratA_yfjF_predicted,0.3333333333333333,2,2,AGTAGGCCGTATAGTCGCCG,0,3010345
ratA_yfjF_predicted,0.3333333333333333,2,2,AGTAGCTCCCTACTCAAAGG,0,3000793
ratA_yfjF_predicted,0.3333333333333333,2,2,AGTAGAAACTGATTTTCCTG,0,2995953
ratA_yfjF_predicted,0.3333333333333333,2,2,AGTACCACCCCGTCGATTCC,0,3020353
ratA_yfjF_predicted,0.3333333333333333,2,2,AGTAATTAGTGTCTGAGTAT,0,3017561
ratA_yfjF_predicted,0.3333333333333333,2,2,AGTAACCGCGTTCACAGGTT,0,2993784
ratA_yfjF_predicted,0.3333333333333333,2,2,AGGTATTGACGTTCAGTTTC,0,3012563
ratA_yfjF_predicted,0.3333333333333333,2,2,AGGGTAGTGCCTTGAACCCG,0,3006368
ratA_yfjF_predicted,0.3333333333333333,2,2,AGGGGGCTTCAACACTAATT,0,3003301
ratA_yfjF_predicted,0.3333333333333333,2,2,AGGGATACTACGTCACTCCG,0,3021475
ratA_yfjF_predicted,0.3333333333333333,2,2,AGGGAGGCTCGGAACCTAGT,0,3005207
ratA_yfjF_predicted,0.3333333333333333,2,2,AGGGACTATTTGTTGAAGTA,0,3014297
ratA_yfjF_predicted,0.3333333333333333,2,2,AGGGACGGAAAAGGGCGAAC,0,3018326
ratA_yfjF_predicted,0.3333333333333333,2,2,AGGCTTTCAAATGCATTGTA,0,2998553
ratA_yfjF_predicted,0.3333333333333333,2,2,AGGCTCGTAGTTATCGAGGG,0,2995773
ratA_yfjF_predicted,0.3333333333333333,2,2,AGGCTACTCCGTAGGGAATT,0,3012895
ratA_yfjF_predicted,0.3333333333333333,2,2,AGGCCTCAAAGTAGGGCCGA,0,3000737
ratA_yfjF_predicted,0.3333333333333333,2,2,AGGCCTACCTTACGCAAGCA,0,2999116
ratA_yfjF_predicted,0.3333333333333333,2,2,AGGCCGGTATGCTTCTATTG,0,2994827
ratA_yfjF_predicted,0.3333333333333333,2,2,AGGATTCCAGATAAGGGCCG,0,3019160
ratA_yfjF_predicted,0.3333333333333333,2,2,AGGAGTAAACCGCTTCAAGT,0,3005979
ratA_yfjF_predicted,0.3333333333333333,2,2,AGGAGCATCACTTATGCGTG,0,2999610
ratA_yfjF_predicted,0.3333333333333333,2,2,AGGACCTTGTTCTCCGCTAG,0,2996031
ratA_yfjF_predicted,0.3333333333333333,2,2,AGGAAGGGGGGGGGTACCAT,0,3006944
ratA_yfjF_predicted,0.3333333333333333,2,2,AGGAAGATAAACGGGGCTCT,0,3017653
ratA_yfjF_predicted,0.3333333333333333,2,2,AGCTTCGGTCAGAGTTGATA,0,3001655
ratA_yfjF_predicted,0.3333333333333333,2,2,AGCTTAGTAATAATAGTTTA,0,3015522
ratA_yfjF_predicted,0.3333333333333333,2,2,AGCTGGATAGCCTCGAAATC,0,3009496
ratA_yfjF_predicted,0.3333333333333333,2,2,AGCTCCCGGGTTGAAGAAGC,0,3007161
ratA_yfjF_predicted,0.3333333333333333,2,2,AGCTAATCCAAGGTAACTTG,0,2993407
ratA_yfjF_predicted,0.3333333333333333,2,2,AGCTAAGCTTACGTAAAGAA,0,2994684
ratA_yfjF_predicted,0.3333333333333333,2,2,AGCGTCCAGCAACTACCCGG,0,3011448
ratA_yfjF_predicted,0.3333333333333333,2,2,AGCGTCATGAGGATCATCCA,0,3001385
ratA_yfjF_predicted,0.3333333333333333,2,2,AGCGTAACAAGAGCGCGGTC,0,2996492
ratA_yfjF_predicted,0.3333333333333333,2,2,AGCGGCGGTTCTCTGGACTC,0,3002339
ratA_yfjF_predicted,0.3333333333333333,2,2,AGCGCTCCTGGCTGGCGGCA,0,2994960
ratA_yfjF_predicted,0.3333333333333333,2,2,AGCGCTACGAAGATTAACGA,0,3003297
ratA_yfjF_predicted,0.3333333333333333,2,2,AGCGAGGCCGCGGCCCGCTG,0,2997735
ratA_yfjF_predicted,0.3333333333333333,2,2,AGCCTCACCCCTCTAGTTGA,0,3013465
ratA_yfjF_predicted,0.3333333333333333,2,2,AGCCGTTCCCAATAAATATC,0,2992983
ratA_yfjF_predicted,0.3333333333333333,2,2,AGCCGCTTGTTAGCCCTCCC,0,3012777
ratA_yfjF_predicted,0.3333333333333333,2,2,AGCCCTGCTGGAACGATTCA,0,3003656
ratA_yfjF_predicted,0.3333333333333333,2,2,AGCCCGGCGCGATGCTAGGT,0,2994586
ratA_yfjF_predicted,0.3333333333333333,2,2,AGCCCCGGGTTATTGGCATG,0,2999231
ratA_yfjF_predicted,0.3333333333333333,2,2,AGCCATTTGAGTTGTTCCCA,0,2999910
ratA_yfjF_predicted,0.3333333333333333,2,2,AGCCACAAACACCGGGATGT,0,2998579
ratA_yfjF_predicted,0.3333333333333333,2,2,AGCATCGCACGCATACTAGC,0,2993585
ratA_yfjF_predicted,0.3333333333333333,2,2,AGCATCGAATTAGATTCAAT,0,3006474
ratA_yfjF_predicted,0.3333333333333333,2,2,AGCAGTTAGTCAATGTTCAC,0,3006475
ratA_yfjF_predicted,0.3333333333333333,2,2,AGCAGGCCGTCGTCCAAAAT,0,3010769
ratA_yfjF_predicted,0.3333333333333333,2,2,AGCACGAGCGAAGGCACACG,0,3011995
ratA_yfjF_predicted,0.3333333333333333,2,2,AGCAATCATTGGGCCAGGCT,0,3005978
ratA_yfjF_predicted,0.3333333333333333,2,2,AGCAATCATATTCTCTTTGC,0,2998694
ratA_yfjF_predicted,0.3333333333333333,2,2,AGATCTGCTATCCGGAGCCT,0,3001721
ratA_yfjF_predicted,0.3333333333333333,2,2,AGATCTATGGTACGGCATCT,0,2995951
ratA_yfjF_predicted,0.3333333333333333,2,2,AGATCCCAGCCAGTTTTCAC,0,2993088
ratA_yfjF_predicted,0.3333333333333333,2,2,AGACTTAATTCTTTTATGGT,0,2994361
ratA_yfjF_predicted,0.3333333333333333,2,2,AGACGACGACGCCCGCACAG,0,2999695
ratA_yfjF_predicted,0.3333333333333333,2,2,AGACCATTTGATCGCCCGAA,0,3012725
ratA_yfjF_predicted,0.3333333333333333,2,2,AGAATCACGGTATGTGGATC,0,2994855
ratA_yfjF_predicted,0.3333333333333333,2,2,AGAATAAGTTCTACAATACA,0,3003883
ratA_yfjF_predicted,0.3333333333333333,2,2,AGAAGCTATACGCGGAGATA,0,2997782
ratA_yfjF_predicted,0.3333333333333333,2,2,AGAAATGTTTAGTGCGTCCT,0,3010113
ratA_yfjF_predicted,0.3333333333333333,2,2,AGAAACAATGGTATAGCTAG,0,3019365
ratA_yfjF_predicted,0.3333333333333333,2,2,ACTTGGTGGTCAATCTTTGG,0,3003504
ratA_yfjF_predicted,0.3333333333333333,2,2,ACTTCGAACAAATGGTTATA,0,3009657
ratA_yfjF_predicted,0.3333333333333333,2,2,ACTGTAGTAAGGCGTAAACA,0,3005576
ratA_yfjF_predicted,0.3333333333333333,2,2,ACTGGCGCGATTCGTACCTC,0,3006547
ratA_yfjF_predicted,0.3333333333333333,2,2,ACTCGCTAATCTCGTCCGAT,0,2992068
ratA_yfjF_predicted,0.3333333333333333,2,2,ACTCGCAGACTGCTACTTTC,0,3016135
ratA_yfjF_predicted,0.3333333333333333,2,2,ACTCAGACGTTTAGTTTATA,0,3000030
ratA_yfjF_predicted,0.3333333333333333,2,2,ACTATGGGCAGATTCAGCAT,0,3000067
ratA_yfjF_predicted,0.3333333333333333,2,2,ACTATCTGTTGTACCGGAAT,0,3001872
ratA_yfjF_predicted,0.3333333333333333,2,2,ACTATATACGCCAGTCAGTG,0,2999427
ratA_yfjF_predicted,0.3333333333333333,2,2,ACTATACCCAGCTGCGATTT,0,3003374
ratA_yfjF_predicted,0.3333333333333333,2,2,ACTAGGTACGATAGGGCTTT,0,3001363
ratA_yfjF_predicted,0.3333333333333333,2,2,ACTAGGACCACGCACCGGGT,0,2997210
ratA_yfjF_predicted,0.3333333333333333,2,2,ACTAAGTACAAACTTACAAA,0,3018177
ratA_yfjF_predicted,0.3333333333333333,2,2,ACGTGGGCGAGTTTAGGGTA,0,3012783
ratA_yfjF_predicted,0.3333333333333333,2,2,ACGTGGCTAGAACGCATGCA,0,2994721
ratA_yfjF_predicted,0.3333333333333333,2,2,ACGTGGATAGTAGCCAAGCC,0,3003735
ratA_yfjF_predicted,0.3333333333333333,2,2,ACGTGAAGATAGTTCAGGAC,0,3001775
ratA_yfjF_predicted,0.3333333333333333,2,2,ACGTCATCTGTAACTTTGGA,0,3010641
ratA_yfjF_predicted,0.3333333333333333,2,2,ACGGTTTCCGTGTTTCCTGT,0,2998901
ratA_yfjF_predicted,0.3333333333333333,2,2,ACGGTGGTAGAGATACCAAA,0,3006289
ratA_yfjF_predicted,0.3333333333333333,2,2,ACGGTCGTCTCTCTGTCTGG,0,2992166
ratA_yfjF_predicted,0.3333333333333333,2,2,ACGGTCCATCGACATAGACC,0,3007673
ratA_yfjF_predicted,0.3333333333333333,2,2,ACGGCTTGGCCCTGTGTCTC,0,2993613
ratA_yfjF_predicted,0.3333333333333333,2,2,ACGCTTTGGCGTAAAGGGGA,0,3004012
ratA_yfjF_predicted,0.3333333333333333,2,2,ACGCTTTAGGGTACTTAAAA,0,2999036
ratA_yfjF_predicted,0.3333333333333333,2,2,ACGCTGCGTATGTGGGTCAT,0,3016652
ratA_yfjF_predicted,0.3333333333333333,2,2,ACGCGTCATCAGACACCGTT,0,3014708
ratA_yfjF_predicted,0.3333333333333333,2,2,ACGATATCAACTGCGCTCCT,0,3009195
ratA_yfjF_predicted,0.3333333333333333,2,2,ACGAGGGGTCTGAATTAAGC,0,2996187
ratA_yfjF_predicted,0.3333333333333333,2,2,ACGAGCTTGTCTTCGAGTGT,0,3006657
ratA_yfjF_predicted,0.3333333333333333,2,2,ACGAAGGTTAAAGGCTGAAA,0,3013617
ratA_yfjF_predicted,0.3333333333333333,2,2,ACCTCCGACCTATGGAGTTG,0,2999089
ratA_yfjF_predicted,0.3333333333333333,2,2,ACCTCAGACCTGGGGTCTCA,0,3013802
ratA_yfjF_predicted,0.3333333333333333,2,2,ACCGTCTAATACAATCGCTG,0,3007888
ratA_yfjF_predicted,0.3333333333333333,2,2,ACCGACAGATCGGGGCACAG,0,3017936
ratA_yfjF_predicted,0.3333333333333333,2,2,ACCCTGCTCTTTGAATTCGG,0,3009970
ratA_yfjF_predicted,0.3333333333333333,2,2,ACCCGCGCCCAGTCAGGTCA,0,3011749
ratA_yfjF_predicted,0.3333333333333333,2,2,ACCCCTTGCACGTCCGCAAT,0,3018397
ratA_yfjF_predicted,0.3333333333333333,2,2,ACCATGGGGGCATAGATCGG,0,3012752
ratA_yfjF_predicted,0.3333333333333333,2,2,ACCAGTTAGCCTGTAACCTG,0,3002077
ratA_yfjF_predicted,0.3333333333333333,2,2,ACATTGGCGTGTGGTATTTC,0,3013694
ratA_yfjF_predicted,0.3333333333333333,2,2,ACATTACCCAAACGGGTCAT,0,2996345
ratA_yfjF_predicted,0.3333333333333333,2,2,ACATCCAGGCCGAAACCAGT,0,3016726
ratA_yfjF_predicted,0.3333333333333333,2,2,ACATAGGCTCGGGGGGTTTA,0,2996133
ratA_yfjF_predicted,0.3333333333333333,2,2,ACATACGACCTCGTTGGCTC,0,3009632
ratA_yfjF_predicted,0.3333333333333333,2,2,ACAGTTTGAGCTACGGCCCT,0,3018074
ratA_yfjF_predicted,0.3333333333333333,2,2,ACAGTTGGAGCTCGAAGAGA,0,3016238
ratA_yfjF_predicted,0.3333333333333333,2,2,ACAGTTGCATGCGGTTATTA,0,2998890
ratA_yfjF_predicted,0.3333333333333333,2,2,ACAGTGTGGGTGCTAATATG,0,3012502
ratA_yfjF_predicted,0.3333333333333333,2,2,ACAGTGCGTATATACAAAGG,0,3004270
ratA_yfjF_predicted,0.3333333333333333,2,2,ACAGGTGCCATGCACGGCAT,0,3013103
ratA_yfjF_predicted,0.3333333333333333,2,2,ACAGCTCTTGCTGCGATCAG,0,3017660
ratA_yfjF_predicted,0.3333333333333333,2,2,ACAGCGCCTCAGCACGAGTC,0,3003353
ratA_yfjF_predicted,0.3333333333333333,2,2,ACAGCATTGTTGCCAACGTT,0,2996841
ratA_yfjF_predicted,0.3333333333333333,2,2,ACACTTCCCGTGTATTTTCC,0,3016752
ratA_yfjF_predicted,0.3333333333333333,2,2,ACACCGTTGCTCGGCTGCGG,0,3002500
ratA_yfjF_predicted,0.3333333333333333,2,2,ACACCCACGTAGGTCTTTTC,0,3007685
ratA_yfjF_predicted,0.3333333333333333,2,2,ACACAATCGTTAAGCAGCCC,0,3019475
ratA_yfjF_predicted,0.3333333333333333,2,2,ACAAGAGTGGGGCACCATCC,0,3021126
ratA_yfjF_predicted,0.3333333333333333,2,2,ACAACTAATAGTCCGCACTC,0,3011376
ratA_yfjF_predicted,0.3333333333333333,2,2,AATTTTGTGAATTAAATGAT,0,3021403
ratA_yfjF_predicted,0.3333333333333333,2,2,AATTTTCAATCTGGGCCTAC,0,3001415
ratA_yfjF_predicted,0.3333333333333333,2,2,AATTTGGGTGAATCATGAGG,0,3019462
ratA_yfjF_predicted,0.3333333333333333,2,2,AATTCGATTTGGCTCAGCCC,0,3003923
ratA_yfjF_predicted,0.3333333333333333,2,2,AATTATGTATTTATTAGGGT,0,3004997
ratA_yfjF_predicted,0.3333333333333333,2,2,AATGTGCTTGAGTCTGGGAG,0,2995485
ratA_yfjF_predicted,0.3333333333333333,2,2,AATGCCGGTCATAGGGGGAT,0,3005583
ratA_yfjF_predicted,0.3333333333333333,2,2,AATGATCGGGGTACGGGGTC,0,3018215
ratA_yfjF_predicted,0.3333333333333333,2,2,AATCTGGCCGCGAGAGTAGG,0,2999058
ratA_yfjF_predicted,0.3333333333333333,2,2,AATCGCGGACTGAAAATACT,0,2998719
ratA_yfjF_predicted,0.3333333333333333,2,2,AATCAGTGGGTTTAAACAGC,0,3000593
ratA_yfjF_predicted,0.3333333333333333,2,2,AATCACTTCTCGTGCGTGTA,0,3010626
ratA_yfjF_predicted,0.3333333333333333,2,2,AATATTATGAGGGGCAAAAT,0,3016632
ratA_yfjF_predicted,0.3333333333333333,2,2,AATATCGCACGGATCTTCCT,0,3010344
ratA_yfjF_predicted,0.3333333333333333,2,2,AATATATCCCCGCTCCCGCT,0,2997429
ratA_yfjF_predicted,0.3333333333333333,2,2,AATAGGACTTTGCGAAAAGT,0,3007483
ratA_yfjF_predicted,0.3333333333333333,2,2,AATACTTTGCAATCGTGATT,0,3011198
ratA_yfjF_predicted,0.3333333333333333,2,2,AATAAGACTTACACAGGTAT,0,3015651
ratA_yfjF_predicted,0.3333333333333333,2,2,AAGTTCACGGTCCTCAGCTT,0,3019077
ratA_yfjF_predicted,0.3333333333333333,2,2,AAGTTATAGGGAGTTTGTGT,0,2997889
ratA_yfjF_predicted,0.3333333333333333,2,2,AAGTGATAGTAGACAAAGTA,0,3002052
ratA_yfjF_predicted,0.3333333333333333,2,2,AAGTAAATGGCGATTCATAT,0,3009920
ratA_yfjF_predicted,0.3333333333333333,2,2,AAGGGCTAATATCGGTTAAG,0,3003363
ratA_yfjF_predicted,0.3333333333333333,2,2,AAGGCGCGAAGCAGCAATGA,0,3013687
ratA_yfjF_predicted,0.3333333333333333,2,2,AAGGCGATCACCTATTCCCG,0,3000254
ratA_yfjF_predicted,0.3333333333333333,2,2,AAGGATCCGAGAGTCCATCA,0,2997798
ratA_yfjF_predicted,0.3333333333333333,2,2,AAGCTCATTGCGCATCTTAG,0,3018664
ratA_yfjF_predicted,0.3333333333333333,2,2,AAGCTAGTGGGTGTCTCGCG,0,2995879
ratA_yfjF_predicted,0.3333333333333333,2,2,AAGCGGGCAGTTTTCTACTA,0,2996414
ratA_yfjF_predicted,0.3333333333333333,2,2,AAGCGGAGAACTGGGCAGAT,0,3012703
ratA_yfjF_predicted,0.3333333333333333,2,2,AAGCCCCGAAAGTATATCGG,0,2998269
ratA_yfjF_predicted,0.3333333333333333,2,2,AAGAGTCTACTGTCCACTAG,0,3003484
ratA_yfjF_predicted,0.3333333333333333,2,2,AAGACCAAAAGGGCTTCCGA,0,3013001
ratA_yfjF_predicted,0.3333333333333333,2,2,AAGAATGCGCATTTTCATGT,0,3000281
ratA_yfjF_predicted,0.3333333333333333,2,2,AAGAAGGTTGCCGGTGCTAA,0,3015395
ratA_yfjF_predicted,0.3333333333333333,2,2,AAGAAGGTATACGTTGAGGT,0,3004147
ratA_yfjF_predicted,0.3333333333333333,2,2,AACTTATATACGCACGTTGA,0,3010760
ratA_yfjF_predicted,0.3333333333333333,2,2,AACTGCCAAGATCACTATAA,0,2997684
ratA_yfjF_predicted,0.3333333333333333,2,2,AACTGACGCCTTGCAGCATT,0,3005892
ratA_yfjF_predicted,0.3333333333333333,2,2,AACTCAGAAGAAGAGCACTA,0,3021300
ratA_yfjF_predicted,0.3333333333333333,2,2,AACGTCTTATTAGTGGGCCG,0,2994985
ratA_yfjF_predicted,0.3333333333333333,2,2,AACGTCCTCCATTAAATGTG,0,3008430
ratA_yfjF_predicted,0.3333333333333333,2,2,AACGTACCCTCCGCAGCATC,0,2999420
ratA_yfjF_predicted,0.3333333333333333,2,2,AACGGCCGAGTAGGGAATGT,0,3014070
ratA_yfjF_predicted,0.3333333333333333,2,2,AACGGAGAAGGGTAGAGTTT,0,3017616
ratA_yfjF_predicted,0.3333333333333333,2,2,AACGCGAGACGTAAGCGACT,0,3016406
ratA_yfjF_predicted,0.3333333333333333,2,2,AACGCCGCTTAGACTTGATA,0,3007778
ratA_yfjF_predicted,0.3333333333333333,2,2,AACCTCGATGGGCTACAAGG,0,3007658
ratA_yfjF_predicted,0.3333333333333333,2,2,AACCTACTGAGACGACACCC,0,3008066
ratA_yfjF_predicted,0.3333333333333333,2,2,AACCCGTGTTATTGCGCAAT,0,3017747
ratA_yfjF_predicted,0.3333333333333333,2,2,AACCCGGTGAAAGGCAAAGA,0,3004241
ratA_yfjF_predicted,0.3333333333333333,2,2,AACCCATTCCACACGATCAA,0,3009102
ratA_yfjF_predicted,0.3333333333333333,2,2,AACATGCTCATTCTCTAGAA,0,2995318
ratA_yfjF_predicted,0.3333333333333333,2,2,AACACGGAAAAATGTAGTAG,0,3000711
ratA_yfjF_predicted,0.3333333333333333,2,2,AAATTTGAGTCCCTCTTGGA,0,3006506
ratA_yfjF_predicted,0.3333333333333333,2,2,AAATGCCCGATCGCCTAAAA,0,3005430
ratA_yfjF_predicted,0.3333333333333333,2,2,AAATATTATCAGGTCTAATT,0,2999939
ratA_yfjF_predicted,0.3333333333333333,2,2,AAATAACGCTGTTGTTTACT,0,2998067
ratA_yfjF_predicted,0.3333333333333333,2,2,AAAGTACTAACAGAAACTCA,0,2998030
ratA_yfjF_predicted,0.3333333333333333,2,2,AAAGGTTTGTGTTACATTCT,0,3001660
ratA_yfjF_predicted,0.3333333333333333,2,2,AAAGGGTCTACCGAGTTATG,0,3015772
ratA_yfjF_predicted,0.3333333333333333,2,2,AAAGCGGAAGGTGTTACTTC,0,3002212
ratA_yfjF_predicted,0.3333333333333333,2,2,AAAGCGATGCGTTGGGGGCT,0,3019734
ratA_yfjF_predicted,0.3333333333333333,2,2,AAAGCAAGATTTCACCCGCG,0,3007102
ratA_yfjF_predicted,0.3333333333333333,2,2,AAACTCCAAAGGTCATAGAT,0,3018712
ratA_yfjF_predicted,0.3333333333333333,2,2,AAACCTCCCAGGACTTAACT,0,3015085
ratA_yfjF_predicted,0.3333333333333333,2,2,AAACCCATCGGTTGCAACCC,0,2992595
ratA_yfjF_predicted,0.3333333333333333,2,2,AAACATCGCAACTCTAGCAG,0,3004097
ratA_yfjF_predicted,0.3333333333333333,2,2,AAACAATTAGAGGCTGACGT,0,3000543
ratA_yfjF_predicted,0.3333333333333333,2,2,AAAAGCTGACGGGGGGGTGA,0,2993425
ratA_yfjF_predicted,0.3333333333333333,2,2,AAAAGCCGTTAAGAAAGGCA,0,3018298
ratA_yfjF_predicted,0.5,1,1,TTTTTTCAGGGACGCAGTGA,0,2994697
ratA_yfjF_predicted,0.5,1,1,TTTTTCTCGTTACGTTATCT,0,3006222
ratA_yfjF_predicted,0.5,1,1,TTTTTCTAAGTATGGCTCGC,0,3003941
ratA_yfjF_predicted,0.5,1,1,TTTTTCGATGATCTCTCGGT,0,2994907
ratA_yfjF_predicted,0.5,1,1,TTTTTCAATGAATGGTCTCT,0,3021432
ratA_yfjF_predicted,0.5,1,1,TTTTGTCACACGTACCGTTA,0,3021000
ratA_yfjF_predicted,0.5,1,1,TTTTGACCATAGGGGAACGT,0,3010489
ratA_yfjF_predicted,0.5,1,1,TTTTATCAGTGTATGCACCC,0,3006816
ratA_yfjF_predicted,0.5,1,1,TTTTAAGATGCTAGCTAGGC,0,3008579
ratA_yfjF_predicted,0.5,1,1,TTTTAACTTGGCTATGGTGC,0,3018099
ratA_yfjF_predicted,0.5,1,1,TTTGGGCTTGAATGTCTAAT,0,3002616
ratA_yfjF_predicted,0.5,1,1,TTTGGCTCAATGTTCGAACC,0,3001386
ratA_yfjF_predicted,0.5,1,1,TTTGGCGCGATAGTCGCCTC,0,3001410
ratA_yfjF_predicted,0.5,1,1,TTTGCCTCTGTGCCGCCCCA,0,2994132
ratA_yfjF_predicted,0.5,1,1,TTTGCATACCTTTTCGGAAT,0,3004775
ratA_yfjF_predicted,0.5,1,1,TTTGCAGGTCTTTTTTTCAA,0,2997281
ratA_yfjF_predicted,0.5,1,1,TTTGCAGATTTGTCGTCAGA,0,3019037
ratA_yfjF_predicted,0.5,1,1,TTTGAATTAGCCACAGCGAT,0,3002031
ratA_yfjF_predicted,0.5,1,1,TTTCTAAGCCTCGCCTAGAC,0,3005984
ratA_yfjF_predicted,0.5,1,1,TTTCACCAATGGTCGGTTCC,0,3003283
ratA_yfjF_predicted,0.5,1,1,TTTATTTGGGCGAGTATCAT,0,3016774
ratA_yfjF_predicted,0.5,1,1,TTTATCGGACATGACTGTGC,0,2992087
ratA_yfjF_predicted,0.5,1,1,TTTATACATGGGCCTCACTG,0,2994606
ratA_yfjF_predicted,0.5,1,1,TTTAGTAGTACCGTTGCAAG,0,3020474
ratA_yfjF_predicted,0.5,1,1,TTTAGCCACGTCTGACTTCT,0,3004130
ratA_yfjF_predicted,0.5,1,1,TTTACCATGCGTTCGTTACT,0,3007947
ratA_yfjF_predicted,0.5,1,1,TTTACCATGACCGCTGACTG,0,2991818
ratA_yfjF_predicted,0.5,1,1,TTTACCACGCCCCCGTGAAT,0,2999541
ratA_yfjF_predicted,0.5,1,1,TTTAAACCGCAATTCTACGA,0,3021304
ratA_yfjF_predicted,0.5,1,1,TTGTTACGTCCGCGGGAAAG,0,2994424
ratA_yfjF_predicted,0.5,1,1,TTGTGGACGATATCACGGAG,0,3006216
ratA_yfjF_predicted,0.5,1,1,TTGTGAGGATACGTCCCCTA,0,3009482
ratA_yfjF_predicted,0.5,1,1,TTGTGACGTAACGAAACGTG,0,3007276
ratA_yfjF_predicted,0.5,1,1,TTGTAAATTGCCATAGGTGA,0,3011924
ratA_yfjF_predicted,0.5,1,1,TTGGTTTACGTGTAGCGTAC,0,3007086
ratA_yfjF_predicted,0.5,1,1,TTGGTCGGTTTGGATCTCAA,0,3019125
ratA_yfjF_predicted,0.5,1,1,TTGGGCGAACTCGTAGATCA,0,3011710
ratA_yfjF_predicted,0.5,1,1,TTGGCAAATTTGACTTCGGT,0,2992383
ratA_yfjF_predicted,0.5,1,1,TTGGAAGCCTTTATGACAAC,0,3018672
ratA_yfjF_predicted,0.5,1,1,TTGGAAAGGTCCTCGGTTGC,0,3013080
ratA_yfjF_predicted,0.5,1,1,TTGCGTAAAGCGATATATAG,0,2995276
ratA_yfjF_predicted,0.5,1,1,TTGCCAAAAGCGGCTTCGGA,0,3014898
ratA_yfjF_predicted,0.5,1,1,TTGCAACCACTTATGAGATT,0,3006852
ratA_yfjF_predicted,0.5,1,1,TTGATTTTGTCATGCTTTGA,0,3013622
ratA_yfjF_predicted,0.5,1,1,TTGATTCGTAGTAAATTCTT,0,3000877
ratA_yfjF_predicted,0.5,1,1,TTGATCTGCCTCCAAAATAT,0,3005944
ratA_yfjF_predicted,0.5,1,1,TTGATCGCTTGGGTCGTTTG,0,3006006
ratA_yfjF_predicted,0.5,1,1,TTGAATACTTACATGATACA,0,3009272
ratA_yfjF_predicted,0.5,1,1,TTCTTCTTTACACCGTGCAG,0,3013921
ratA_yfjF_predicted,0.5,1,1,TTCTGGCCAGGGAATTCCCA,0,3020415
ratA_yfjF_predicted,0.5,1,1,TTCTGACCCTCGGGTCAATT,0,3008434
ratA_yfjF_predicted,0.5,1,1,TTCTAGAACTGGCTGCTGTG,0,2996566
ratA_yfjF_predicted,0.5,1,1,TTCTAAGGGGGTTCTCATGT,0,2999236
ratA_yfjF_predicted,0.5,1,1,TTCGCGAGCATCCATCCACT,0,3015937
ratA_yfjF_predicted,0.5,1,1,TTCGCAAAAGAGTACCATGT,0,3012733
ratA_yfjF_predicted,0.5,1,1,TTCGACACCATACGTCTTCT,0,2995467
ratA_yfjF_predicted,0.5,1,1,TTCGAACGGTGAAATGAGGC,0,3014376
ratA_yfjF_predicted,0.5,1,1,TTCCTATCTCCAATATCAGC,0,3008356
ratA_yfjF_predicted,0.5,1,1,TTCCGTTTTTGCTTATGCTT,0,3010319
ratA_yfjF_predicted,0.5,1,1,TTCCGTTCACCCGGGTTCGT,0,3015617
ratA_yfjF_predicted,0.5,1,1,TTCCGCGGCTAGCCTCATCA,0,3013426
ratA_yfjF_predicted,0.5,1,1,TTCCCGTTCAAATGCACAGC,0,3007977
ratA_yfjF_predicted,0.5,1,1,TTCCCCGAAACCACAATCAA,0,3018181
ratA_yfjF_predicted,0.5,1,1,TTCCATATTATAATTCTGAT,0,3017030
ratA_yfjF_predicted,0.5,1,1,TTCCACAATAGTCGCCAGGG,0,3006775
ratA_yfjF_predicted,0.5,1,1,TTCCAACTGACAGGCGCGCA,0,3001307
ratA_yfjF_predicted,0.5,1,1,TTCAGGCCTGGCCAAACGGA,0,3017612
ratA_yfjF_predicted,0.5,1,1,TTCACTGCTAAACCTTCCCT,0,2993978
ratA_yfjF_predicted,0.5,1,1,TTCACACAATTGCTCTAGTT,0,2995287
ratA_yfjF_predicted,0.5,1,1,TTCAATCAGTCCGGAGCGCT,0,3006172
ratA_yfjF_predicted,0.5,1,1,TTCAAGGCTGCTCTAAATCT,0,3005659
ratA_yfjF_predicted,0.5,1,1,TTCAACACCTGGTGTCTTAC,0,3012445
ratA_yfjF_predicted,0.5,1,1,TTCAAACTCCGCTGGTTCGA,0,3013904
ratA_yfjF_predicted,0.5,1,1,TTATTGTGCCTTGCGATATG,0,2999418
ratA_yfjF_predicted,0.5,1,1,TTATTGGACGGGGTAATTAG,0,3008058
ratA_yfjF_predicted,0.5,1,1,TTATGATATCCTTCCTACCC,0,3016855
ratA_yfjF_predicted,0.5,1,1,TTATCGTAAAATTGGGTTCT,0,3009483
ratA_yfjF_predicted,0.5,1,1,TTATATTTACGGGCGGTCCA,0,3006868
ratA_yfjF_predicted,0.5,1,1,TTATATTCGGCACATATCGG,0,2999359
ratA_yfjF_predicted,0.5,1,1,TTATAAACCCTTATAGATTC,0,3017584
ratA_yfjF_predicted,0.5,1,1,TTAGGGTTGTAGCTTCCTCT,0,3000810
ratA_yfjF_predicted,0.5,1,1,TTAGCGCTCTATGTTCAGGC,0,3011870
ratA_yfjF_predicted,0.5,1,1,TTAGCATACGTTCCATGTGA,0,3004969
ratA_yfjF_predicted,0.5,1,1,TTAGATTGAAAGCGGACGGC,0,3013561
ratA_yfjF_predicted,0.5,1,1,TTAGAGAAAATCAAATTATG,0,2996616
ratA_yfjF_predicted,0.5,1,1,TTAGAACACAGAACTCCCGT,0,3002877
ratA_yfjF_predicted,0.5,1,1,TTAGAAACGTTCCGCGGCGT,0,3014997
ratA_yfjF_predicted,0.5,1,1,TTACGGAGTGCTAACAGGAA,0,2996373
ratA_yfjF_predicted,0.5,1,1,TTACATATGTGGCGCACAAC,0,3008507
ratA_yfjF_predicted,0.5,1,1,TTAATTCATAATGTCACGTT,0,3015599
ratA_yfjF_predicted,0.5,1,1,TTAATTAGCAGATCCTTTGT,0,3002879
ratA_yfjF_predicted,0.5,1,1,TTAATAAACACTTCACGGAC,0,3003793
ratA_yfjF_predicted,0.5,1,1,TTAAGTGGATCCGAGTTTTT,0,2994932
ratA_yfjF_predicted,0.5,1,1,TTAAGGCTGGCTCACTAAAG,0,3011141
ratA_yfjF_predicted,0.5,1,1,TTAACTCGTCGCTTTTTGGT,0,2993621
ratA_yfjF_predicted,0.5,1,1,TTAAACCTAACCGTCGGCCT,0,3016520
ratA_yfjF_predicted,0.5,1,1,TTAAACCATTACTTCTGATA,0,3006860
ratA_yfjF_predicted,0.5,1,1,TGTTTTTGCCCCCTGCGCGT,0,2993402
ratA_yfjF_predicted,0.5,1,1,TGTTTATCGCTCACCGCAGC,0,2997005
ratA_yfjF_predicted,0.5,1,1,TGTTGGCCGTTAAACTGAGA,0,3007580
ratA_yfjF_predicted,0.5,1,1,TGTTCTGGGTGTGTGTAGAT,0,3015029
ratA_yfjF_predicted,0.5,1,1,TGTTACTCGGTCCCGTTACA,0,2999812
ratA_yfjF_predicted,0.5,1,1,TGTTAATCCTTTATCGGCGG,0,3007123
ratA_yfjF_predicted,0.5,1,1,TGTGTTGACGTCTCCGACGA,0,2994683
ratA_yfjF_predicted,0.5,1,1,TGTGTCGGTTCGCTTGGTGG,0,3007671
ratA_yfjF_predicted,0.5,1,1,TGTGGTACGGCTTACGGTAC,0,2993526
ratA_yfjF_predicted,0.5,1,1,TGTGGGCGTCCGGCGGACCT,0,3005760
ratA_yfjF_predicted,0.5,1,1,TGTGCGGCCTTTGGCACGTT,0,3010775
ratA_yfjF_predicted,0.5,1,1,TGTGCCTCGTAGATTAACCG,0,3001081
ratA_yfjF_predicted,0.5,1,1,TGTGCCGAAAAGAACGTGGT,0,3012091
ratA_yfjF_predicted,0.5,1,1,TGTGAACTGGGAACCGCGAG,0,2997311
ratA_yfjF_predicted,0.5,1,1,TGTGAACCTTACGTCAGTCG,0,3005776
ratA_yfjF_predicted,0.5,1,1,TGTCTGGCTTGGGTCGATAC,0,2993383
ratA_yfjF_predicted,0.5,1,1,TGTCTCGCGAAGGTATGAAC,0,3016129
ratA_yfjF_predicted,0.5,1,1,TGTCCAGACAGTAGTAATCA,0,3003306
ratA_yfjF_predicted,0.5,1,1,TGTCAGACTCTGCGATTTTA,0,3012727
ratA_yfjF_predicted,0.5,1,1,TGTCAATTATACAGCGTATA,0,3004772
ratA_yfjF_predicted,0.5,1,1,TGTATTTTGTATGCAAAGAT,0,2996493
ratA_yfjF_predicted,0.5,1,1,TGTATTTTGAAAGAGCATTT,0,2999443
ratA_yfjF_predicted,0.5,1,1,TGTATCGCGCGGATACGGAG,0,3016692
ratA_yfjF_predicted,0.5,1,1,TGTACCTGTTTTCAACATGT,0,3006692
ratA_yfjF_predicted,0.5,1,1,TGTAACTGACGCCAAATAAC,0,2998137
ratA_yfjF_predicted,0.5,1,1,TGTAAATGCAAGTTTGACGA,0,3019804
ratA_yfjF_predicted,0.5,1,1,TGTAAAGTACGACTGGAGGT,0,3014045
ratA_yfjF_predicted,0.5,1,1,TGGTTTAGTGAAAGTAACTC,0,3010148
ratA_yfjF_predicted,0.5,1,1,TGGTTCGAGGGCCAAGTGAC,0,3001518
ratA_yfjF_predicted,0.5,1,1,TGGTGGACCTCGCATACAAA,0,3001464
ratA_yfjF_predicted,0.5,1,1,TGGTCTGGCGCTACAATTAT,0,2998282
ratA_yfjF_predicted,0.5,1,1,TGGTATAGAATTCGATGGTC,0,3016380
ratA_yfjF_predicted,0.5,1,1,TGGGTTTCCATGGTAAATAG,0,3015675
ratA_yfjF_predicted,0.5,1,1,TGGGTTCGACACGTGACAAA,0,3010374
ratA_yfjF_predicted,0.5,1,1,TGGGTTCAGGTGGGGAAAAG,0,3014321
ratA_yfjF_predicted,0.5,1,1,TGGGTGCGAGGCTGTCGGCG,0,3011972
ratA_yfjF_predicted,0.5,1,1,TGGGTAGACTCCGTAGCTTG,0,2992531
ratA_yfjF_predicted,0.5,1,1,TGGGCGGGCTTATAGCGTCG,0,3012635
ratA_yfjF_predicted,0.5,1,1,TGGGCGATTGTCATGGTCGT,0,2991836
ratA_yfjF_predicted,0.5,1,1,TGGGAGCGTTCGTTGTTGGT,0,3013655
ratA_yfjF_predicted,0.5,1,1,TGGGACGTGATTTATTTTAT,0,2995269
ratA_yfjF_predicted,0.5,1,1,TGGCTTGTAAATTATGAGTG,0,3015709
ratA_yfjF_predicted,0.5,1,1,TGGCTGCAAACCGATGGTAT,0,3010576
ratA_yfjF_predicted,0.5,1,1,TGGCGGGAAGCGTGGCAGTT,0,3020655
ratA_yfjF_predicted,0.5,1,1,TGGCGCGATGCTGCAACTAC,0,3017027
ratA_yfjF_predicted,0.5,1,1,TGGCGAGTCAGGACCAACGG,0,3013839
ratA_yfjF_predicted,0.5,1,1,TGGCCGTCCATGTACCGCGA,0,2995393
ratA_yfjF_predicted,0.5,1,1,TGGCATAATAATGCTATTTT,0,3002852
ratA_yfjF_predicted,0.5,1,1,TGGCACTTATCATTCACTGT,0,3007219
ratA_yfjF_predicted,0.5,1,1,TGGATGGTCGTCGGAGAGGG,0,3009701
ratA_yfjF_predicted,0.5,1,1,TGGATCTGCAAGGCGTATCT,0,3007901
ratA_yfjF_predicted,0.5,1,1,TGGATCCTGCAGCAGCTGTC,0,3019941
ratA_yfjF_predicted,0.5,1,1,TGGATAAAAAGGTTAGTAAT,0,2999099
ratA_yfjF_predicted,0.5,1,1,TGGAGGGTAAGAATACATCG,0,3017199
ratA_yfjF_predicted,0.5,1,1,TGGACTTATTTAAATTTGAG,0,3016680
ratA_yfjF_predicted,0.5,1,1,TGGACATTGTTTTGTAAGAC,0,3006890
ratA_yfjF_predicted,0.5,1,1,TGGAATGACCGGGATTTGTA,0,2991871
ratA_yfjF_predicted,0.5,1,1,TGGAACTTAAGGTGTGAGAC,0,3001058
ratA_yfjF_predicted,0.5,1,1,TGCTTTCATGGACGCCGGAT,0,3009128
ratA_yfjF_predicted,0.5,1,1,TGCTTCGACTCATTGGGACC,0,3009073
ratA_yfjF_predicted,0.5,1,1,TGCTGTGGTACGGTCTCCTG,0,3006847
ratA_yfjF_predicted,0.5,1,1,TGCTGCGTTCGGAGCCTGCA,0,3010793
ratA_yfjF_predicted,0.5,1,1,TGCTCGCAAGATTCACAGTA,0,3018849
ratA_yfjF_predicted,0.5,1,1,TGCTACCTCGAACGGCACTC,0,3012883
ratA_yfjF_predicted,0.5,1,1,TGCGTGCCAGGACCACGACC,0,3017878
ratA_yfjF_predicted,0.5,1,1,TGCGTATATGAAGGAGAGGC,0,3019363
ratA_yfjF_predicted,0.5,1,1,TGCGGTATTACATTAGCTCG,0,3012922
ratA_yfjF_predicted,0.5,1,1,TGCGAGTGGCCTTACTAGGT,0,3008801
ratA_yfjF_predicted,0.5,1,1,TGCCTCGTGTGACCAGCACG,0,3006654
ratA_yfjF_predicted,0.5,1,1,TGCCTAGGATTGTATCAGTT,0,3007391
ratA_yfjF_predicted,0.5,1,1,TGCCGGTCATCCTCCGGACT,0,2998968
ratA_yfjF_predicted,0.5,1,1,TGCCGCCAAGTCTCCATACG,0,2994537
ratA_yfjF_predicted,0.5,1,1,TGCCAGTGTTGAAGGACCAA,0,3001639
ratA_yfjF_predicted,0.5,1,1,TGCCAGCTCCTACAAACCGT,0,3014468
ratA_yfjF_predicted,0.5,1,1,TGCAGGACACACGTCCCGGC,0,3000028
ratA_yfjF_predicted,0.5,1,1,TGCAGAGCGACCATGGCTGG,0,3002705
ratA_yfjF_predicted,0.5,1,1,TGCACGGCCTCCGACTCAGT,0,3004465
ratA_yfjF_predicted,0.5,1,1,TGCAATATTGGCAGCCTCCC,0,3021017
ratA_yfjF_predicted,0.5,1,1,TGCAACGCGCGCGAGACTCA,0,2999675
ratA_yfjF_predicted,0.5,1,1,TGATTTCGGTCTGGCTTGTT,0,2995332
ratA_yfjF_predicted,0.5,1,1,TGATTATATACATCTCCTCG,0,3005429
ratA_yfjF_predicted,0.5,1,1,TGATGCATGTCAAGACGATA,0,3010325
ratA_yfjF_predicted,0.5,1,1,TGATCCTCCTCCACGTAGGT,0,3013761
ratA_yfjF_predicted,0.5,1,1,TGATCCAACCGCTATCTACT,0,3020982
ratA_yfjF_predicted,0.5,1,1,TGATCATGGGCACCGGAATT,0,3004235
ratA_yfjF_predicted,0.5,1,1,TGATATTTTGGGTTACTTGT,0,3016613
ratA_yfjF_predicted,0.5,1,1,TGATAGTCGAGACAGCCGAT,0,3014438
ratA_yfjF_predicted,0.5,1,1,TGAGTTAGCTATAAAAACTG,0,3007253
ratA_yfjF_predicted,0.5,1,1,TGAGTCTCTAGGTAGGACGA,0,3015459
ratA_yfjF_predicted,0.5,1,1,TGAGCCTATTGGTTTTTAGG,0,3017139
ratA_yfjF_predicted,0.5,1,1,TGAGAGCCGTTGCCGTCGGC,0,2994746
ratA_yfjF_predicted,0.5,1,1,TGACTTTTAGCTCCCCTGAA,0,3019939
ratA_yfjF_predicted,0.5,1,1,TGACTTCATCAGATTCGATG,0,3007268
ratA_yfjF_predicted,0.5,1,1,TGACTACAGCTGTTGACCCT,0,3010074
ratA_yfjF_predicted,0.5,1,1,TGACGGATTAATCGGATTTT,0,3001974
ratA_yfjF_predicted,0.5,1,1,TGACCGCAGGATTGGAACAT,0,3009380
ratA_yfjF_predicted,0.5,1,1,TGACCGACCCACTCGGGATA,0,2997419
ratA_yfjF_predicted,0.5,1,1,TGACATTGCCGGTCACCTGT,0,3016492
ratA_yfjF_predicted,0.5,1,1,TGACAATGGGTAGGGGACGC,0,3021780
ratA_yfjF_predicted,0.5,1,1,TGAATTGGGACTACCCGGTC,0,2999120
ratA_yfjF_predicted,0.5,1,1,TGAATTAGATACCCTGACAT,0,2995640
ratA_yfjF_predicted,0.5,1,1,TCTTTTTCCGAAAGATGTGT,0,2996177
ratA_yfjF_predicted,0.5,1,1,TCTTTAAAATAAAGGCGAAC,0,2998135
ratA_yfjF_predicted,0.5,1,1,TCTTGCGCTTATAACGGTCA,0,3021734
ratA_yfjF_predicted,0.5,1,1,TCTTCGGCATGTTACAAACG,0,3016631
ratA_yfjF_predicted,0.5,1,1,TCTTATTAAGAGTGTGAGGA,0,2997110
ratA_yfjF_predicted,0.5,1,1,TCTGTGATAGAGTTTGTGTA,0,3002656
ratA_yfjF_predicted,0.5,1,1,TCTGGTTTGCGAAGGACATA,0,2992463
ratA_yfjF_predicted,0.5,1,1,TCTGGTCAATTCGATGACAG,0,3017525
ratA_yfjF_predicted,0.5,1,1,TCTGCACACCGGGAGAATGC,0,2997568
ratA_yfjF_predicted,0.5,1,1,TCTGAGTGGGTTAGCCGGTA,0,3011470
ratA_yfjF_predicted,0.5,1,1,TCTGAACCGGCAGTTCGCAA,0,3012494
ratA_yfjF_predicted,0.5,1,1,TCTCTGAAAAGACTACCGCG,0,3006291
ratA_yfjF_predicted,0.5,1,1,TCTCGGTGCGCAATGTCTGA,0,3012134
ratA_yfjF_predicted,0.5,1,1,TCTCGCTAGGAACTATAGTA,0,2998987
ratA_yfjF_predicted,0.5,1,1,TCTCGCATGCCGACGACTGA,0,3006614
ratA_yfjF_predicted,0.5,1,1,TCTCCTTGGCAGATTGCGGC,0,3014372
ratA_yfjF_predicted,0.5,1,1,TCTCATAGTTGCCTATACTA,0,3006435
ratA_yfjF_predicted,0.5,1,1,TCTCAGCATAAAGCGTTACT,0,3020156
ratA_yfjF_predicted,0.5,1,1,TCTCAATTCCTGGCACGGGT,0,2997278
ratA_yfjF_predicted,0.5,1,1,TCTATGTGGACAAAGACGCT,0,3015738
ratA_yfjF_predicted,0.5,1,1,TCTAGGAAATAAGACAAATG,0,3017943
ratA_yfjF_predicted,0.5,1,1,TCTAGAGGAACGAGTAAAAT,0,3010474
ratA_yfjF_predicted,0.5,1,1,TCTACTTGGTACACTGGGCT,0,2995263
ratA_yfjF_predicted,0.5,1,1,TCTACGAGCTTGTCCCCCAT,0,3002338
ratA_yfjF_predicted,0.5,1,1,TCTAATTACGGGGGCCTCTG,0,2999934
ratA_yfjF_predicted,0.5,1,1,TCTAATGTCTCGTCTGCTCC,0,3020719
ratA_yfjF_predicted,0.5,1,1,TCTAATGCCAGATATCATTG,0,3013929
ratA_yfjF_predicted,0.5,1,1,TCGTGTGGTCCATCCAGGGA,0,3001043
ratA_yfjF_predicted,0.5,1,1,TCGTCTATTTTCAAGAATTA,0,3009848
ratA_yfjF_predicted,0.5,1,1,TCGTAGTAATTACCAGTCCT,0,2999228
ratA_yfjF_predicted,0.5,1,1,TCGTAAGAGGGTACCCGTAG,0,2999778
ratA_yfjF_predicted,0.5,1,1,TCGGTTTAATCCTATTAGTG,0,3012365
ratA_yfjF_predicted,0.5,1,1,TCGGTGTCGGCACGGCGTTT,0,3005424
ratA_yfjF_predicted,0.5,1,1,TCGGGGAGCCTGATCGGGAA,0,3006645
ratA_yfjF_predicted,0.5,1,1,TCGGGCATCGGGTAGAATCT,0,3010887
ratA_yfjF_predicted,0.5,1,1,TCGGCTGGGTTCTGGTGGGA,0,3000738
ratA_yfjF_predicted,0.5,1,1,TCGGCTAAGTAAAAGATTTG,0,3007771
ratA_yfjF_predicted,0.5,1,1,TCGGCGAACTGAATCAAGTA,0,3013159
ratA_yfjF_predicted,0.5,1,1,TCGGCCCTAGTTATAACGAC,0,3001679
ratA_yfjF_predicted,0.5,1,1,TCGGAAGTATGCCTAAAGGG,0,2995061
ratA_yfjF_predicted,0.5,1,1,TCGCTGATAGGTATTGACCA,0,2998808
ratA_yfjF_predicted,0.5,1,1,TCGCGGGATAGGAACAATAC,0,3017449
ratA_yfjF_predicted,0.5,1,1,TCGCGAAAAGATACGTCCAA,0,3017289
ratA_yfjF_predicted,0.5,1,1,TCGCCGGCGGAACTGTACTT,0,3021487
ratA_yfjF_predicted,0.5,1,1,TCGCAATTTAACAAGGATTT,0,2997840
ratA_yfjF_predicted,0.5,1,1,TCGCAAAAGGTCTTCTTAAC,0,3004965
ratA_yfjF_predicted,0.5,1,1,TCGATGTGCTTAACACCTTG,0,2999795
ratA_yfjF_predicted,0.5,1,1,TCGAGGCAGTCCGCATCAGT,0,3019975
ratA_yfjF_predicted,0.5,1,1,TCGAGAAGGGATATTTCATT,0,2992982
ratA_yfjF_predicted,0.5,1,1,TCGAACGCAAATAAGAATGA,0,3010615
ratA_yfjF_predicted,0.5,1,1,TCGAACAGCCGTCCATGAAG,0,2998587
ratA_yfjF_predicted,0.5,1,1,TCCTTTAATAGCCATTAATG,0,3011494
ratA_yfjF_predicted,0.5,1,1,TCCTTCGGATTAAAGAATAC,0,3017388
ratA_yfjF_predicted,0.5,1,1,TCCTGCTCGGAGCGGTGCGG,0,3007088
ratA_yfjF_predicted,0.5,1,1,TCCTATGCATCAGCGGCTCC,0,2999511
ratA_yfjF_predicted,0.5,1,1,TCCTAATTATCCTGCGTGTC,0,3011202
ratA_yfjF_predicted,0.5,1,1,TCCTAAATCCGTTAGCCACT,0,3012568
ratA_yfjF_predicted,0.5,1,1,TCCGTAGGGCGTTGCGGTAG,0,3013773
ratA_yfjF_predicted,0.5,1,1,TCCGCTGTTGTAGCGGCTGT,0,3013000
ratA_yfjF_predicted,0.5,1,1,TCCCATTTTACATAACATGG,0,3002361
ratA_yfjF_predicted,0.5,1,1,TCCCAAGGTTACCCTGTTCC,0,2997307
ratA_yfjF_predicted,0.5,1,1,TCCATAATTGGTTATAGGTC,0,3007366
ratA_yfjF_predicted,0.5,1,1,TCCAGGACACAACATTTGAG,0,3015744
ratA_yfjF_predicted,0.5,1,1,TCCAATACTTCCTAGGAGCA,0,3000176
ratA_yfjF_predicted,0.5,1,1,TCCAACTGATTGCCGCTTAT,0,3010872
ratA_yfjF_predicted,0.5,1,1,TCATGGTCTGCGGGGACCGT,0,3013740
ratA_yfjF_predicted,0.5,1,1,TCATCCGTATTCTCGAGGTC,0,3008013
ratA_yfjF_predicted,0.5,1,1,TCATCCATCCATGGCCACAA,0,2997827
ratA_yfjF_predicted,0.5,1,1,TCATAGGAATATCAGCTTCA,0,3017240
ratA_yfjF_predicted,0.5,1,1,TCATACGGCAAGTAGTGCTC,0,3001359
ratA_yfjF_predicted,0.5,1,1,TCAGTTCTTATAAGTGCATC,0,3003838
ratA_yfjF_predicted,0.5,1,1,TCAGTGGTGGTCATCGCTAA,0,3009377
ratA_yfjF_predicted,0.5,1,1,TCAGGGCGTGAGTAATGGTG,0,3012169
ratA_yfjF_predicted,0.5,1,1,TCAGCTCGGTCCCAAGGAAC,0,3016790
ratA_yfjF_predicted,0.5,1,1,TCAGCCCTAGAGTAATATCA,0,3006207
ratA_yfjF_predicted,0.5,1,1,TCAGACAGCAATGCTGTTGT,0,3000228
ratA_yfjF_predicted,0.5,1,1,TCAGAACGTCAGGCTTAGGG,0,3007118
ratA_yfjF_predicted,0.5,1,1,TCACGCTTCGCGCCCTGAAA,0,3012308
ratA_yfjF_predicted,0.5,1,1,TCACCGCTATCTAAAGTCTG,0,3002505
ratA_yfjF_predicted,0.5,1,1,TCACCGATTCCTTTCTCAGT,0,3009588
ratA_yfjF_predicted,0.5,1,1,TCAATAGTTGGCATGGGCTC,0,3014751
ratA_yfjF_predicted,0.5,1,1,TCAAGTCAGACTAAAAGTGT,0,2994944
ratA_yfjF_predicted,0.5,1,1,TCAAGGCTTAGCGACCCCAA,0,3004218
ratA_yfjF_predicted,0.5,1,1,TCAAGAATCAGTGCCCTCCT,0,3002175
ratA_yfjF_predicted,0.5,1,1,TCAACGGATCGGATCGAACA,0,3021296
ratA_yfjF_predicted,0.5,1,1,TCAACACTTTTATTGACTTA,0,2999864
ratA_yfjF_predicted,0.5,1,1,TATTTAGGAACGAGCCCCTC,0,3020757
ratA_yfjF_predicted,0.5,1,1,TATTGGGTTCAACGTGGCGA,0,3013952
ratA_yfjF_predicted,0.5,1,1,TATTGGATGAAGCACACGGG,0,3006740
ratA_yfjF_predicted,0.5,1,1,TATTGCGGAGTCCCGCGGAA,0,3006024
ratA_yfjF_predicted,0.5,1,1,TATTCTGAGCCCACTTGGCT,0,3011960
ratA_yfjF_predicted,0.5,1,1,TATTATAGGTGAGATCCAGA,0,3002730
ratA_yfjF_predicted,0.5,1,1,TATTACCTTATAAGTTTTTC,0,3004649
ratA_yfjF_predicted,0.5,1,1,TATGGTTTCGACCTGCGTTA,0,3020299
ratA_yfjF_predicted,0.5,1,1,TATCTGACAGGTTATCCGGC,0,2993798
ratA_yfjF_predicted,0.5,1,1,TATCGCGGTCTCACTATGTT,0,3021087
ratA_yfjF_predicted,0.5,1,1,TATCGATCGAGGATGATGGA,0,3012157
ratA_yfjF_predicted,0.5,1,1,TATATGCCTAGTCGCGCCAC,0,2994432
ratA_yfjF_predicted,0.5,1,1,TATATGCAACTTGGACCGAC,0,3003969
ratA_yfjF_predicted,0.5,1,1,TATAGCCGTTTCCCTCGCCG,0,3013832
ratA_yfjF_predicted,0.5,1,1,TATAGAACGGACTCCTTCTC,0,3018165
ratA_yfjF_predicted,0.5,1,1,TATAAAACCCGGTGAGGCTT,0,2994525
ratA_yfjF_predicted,0.5,1,1,TAGTAAACGCTGGGGACAAT,0,3006241
ratA_yfjF_predicted,0.5,1,1,TAGGTAAGATACTGAATTGT,0,3016956
ratA_yfjF_predicted,0.5,1,1,TAGGGTGTCCGCTCCGATGA,0,2998437
ratA_yfjF_predicted,0.5,1,1,TAGGGATTGCAGGTTCCAAA,0,3005316
ratA_yfjF_predicted,0.5,1,1,TAGGCGAAAGCAATCTCTAA,0,2992173
ratA_yfjF_predicted,0.5,1,1,TAGGATGCTCATGAGTCCAG,0,3010434
ratA_yfjF_predicted,0.5,1,1,TAGGATAGATCAGGGGTGGG,0,2992730
ratA_yfjF_predicted,0.5,1,1,TAGCTATCTGCAGCAAGGTA,0,3004769
ratA_yfjF_predicted,0.5,1,1,TAGCCAGGCATCTGTTCTAA,0,3010491
ratA_yfjF_predicted,0.5,1,1,TAGCAACGAGCCCCCACAGC,0,3000340
ratA_yfjF_predicted,0.5,1,1,TAGATAGATTTCTGATAGGG,0,2993489
ratA_yfjF_predicted,0.5,1,1,TAGACTTAGTTATTTGCACG,0,2992478
ratA_yfjF_predicted,0.5,1,1,TAGACCTTCGAATGTTGTGC,0,2997774
ratA_yfjF_predicted,0.5,1,1,TAGACCGCAAAAATACGCAA,0,2998504
ratA_yfjF_predicted,0.5,1,1,TAGAACTTCGCGAGATATTG,0,2995033
ratA_yfjF_predicted,0.5,1,1,TAGAAAGATCAGAGGGACCC,0,3011363
ratA_yfjF_predicted,0.5,1,1,TACTTGTTTGTAAATAGGAC,0,2996794
ratA_yfjF_predicted,0.5,1,1,TACTTGAGGGTTATTTTGGA,0,3016189
ratA_yfjF_predicted,0.5,1,1,TACTTATGTCCCATACTCGT,0,2992927
ratA_yfjF_predicted,0.5,1,1,TACTGGGGTGGTTTCGCACA,0,3009114
ratA_yfjF_predicted,0.5,1,1,TACTCATTCTTAATGGATAT,0,3016622
ratA_yfjF_predicted,0.5,1,1,TACTACAGCTAGGAAGCCCC,0,3005951
ratA_yfjF_predicted,0.5,1,1,TACGTCCGCTTGTAACAAGC,0,3010619
ratA_yfjF_predicted,0.5,1,1,TACGTATCTGTGTCACGGTT,0,3017537
ratA_yfjF_predicted,0.5,1,1,TACGGTTCCGAATCTTCTGG,0,2995761
ratA_yfjF_predicted,0.5,1,1,TACGGGTAATGATTAGTTGA,0,3010216
ratA_yfjF_predicted,0.5,1,1,TACGGCTCGTATTCTTTGGC,0,2994138
ratA_yfjF_predicted,0.5,1,1,TACGGCACTTCGCCGTCGGC,0,2998268
ratA_yfjF_predicted,0.5,1,1,TACGCTGGTATCCTTGTGTA,0,3000423
ratA_yfjF_predicted,0.5,1,1,TACGCTGGATGCGCTGATGC,0,3010312
ratA_yfjF_predicted,0.5,1,1,TACGATGTTTTTACGGCGGC,0,3017592
ratA_yfjF_predicted,0.5,1,1,TACGATGACTAATAAGTTAG,0,3021174
ratA_yfjF_predicted,0.5,1,1,TACCGGGTATCGCGGGGAAC,0,3011072
ratA_yfjF_predicted,0.5,1,1,TACCGGGCGCTCCCCAGTGT,0,2997793
ratA_yfjF_predicted,0.5,1,1,TACCGCGGAATACCGGAGTT,0,3013372
ratA_yfjF_predicted,0.5,1,1,TACCGCGACACGGTCACTCT,0,2995328
ratA_yfjF_predicted,0.5,1,1,TACCGCCAGTGCTTCAATGG,0,3011547
ratA_yfjF_predicted,0.5,1,1,TACCCGGCGTGGTATCATAA,0,2993865
ratA_yfjF_predicted,0.5,1,1,TACCCCTAAATGAGCGTTCA,0,2995158
ratA_yfjF_predicted,0.5,1,1,TACCCAGCTAGCGGTTTTCT,0,3010095
ratA_yfjF_predicted,0.5,1,1,TACATATTCATAGTGTATGT,0,3002704
ratA_yfjF_predicted,0.5,1,1,TACAGTTGTCTACGTAGGGA,0,3011604
ratA_yfjF_predicted,0.5,1,1,TACAGAGGATACATAGTGGA,0,2993471
ratA_yfjF_predicted,0.5,1,1,TACACTAAGATCGGTCTTAC,0,3005823
ratA_yfjF_predicted,0.5,1,1,TAATTTCGGTAGGAAAAATC,0,2993877
ratA_yfjF_predicted,0.5,1,1,TAATTCGGTTCCGCGGCTCC,0,3009583
ratA_yfjF_predicted,0.5,1,1,TAATGGGTTAACCTGTGCCT,0,3014706
ratA_yfjF_predicted,0.5,1,1,TAATGCTTATCCACGCCATT,0,3012621
ratA_yfjF_predicted,0.5,1,1,TAATCTAGTAAAAAGCTGAG,0,3008622
ratA_yfjF_predicted,0.5,1,1,TAATCCTTGAGTACGACTAT,0,3009704
ratA_yfjF_predicted,0.5,1,1,TAATCCTGGCGATGCAGCTG,0,3008325
ratA_yfjF_predicted,0.5,1,1,TAATAGTTCTCTTCAGAGAA,0,2995980
ratA_yfjF_predicted,0.5,1,1,TAATACGTGTCCCCCGGACT,0,3011137
ratA_yfjF_predicted,0.5,1,1,TAAGTTCTCAATAGTCGATG,0,3000387
ratA_yfjF_predicted,0.5,1,1,TAAGGTTACAATTAACGGAC,0,2997790
ratA_yfjF_predicted,0.5,1,1,TAAGGTCGGGTTTAGCCACA,0,2997565
ratA_yfjF_predicted,0.5,1,1,TAAGCGTTCCTTGGAGAAAA,0,2997246
ratA_yfjF_predicted,0.5,1,1,TAAGCGCACGTTCACACGTA,0,3019407
ratA_yfjF_predicted,0.5,1,1,TAAGCAGTACTCAACCAACG,0,2992533
ratA_yfjF_predicted,0.5,1,1,TAAGATTGGGTACGGCTATA,0,3020452
ratA_yfjF_predicted,0.5,1,1,TAACTCGGCATGTTTTCTGT,0,3020981
ratA_yfjF_predicted,0.5,1,1,TAACTATTGAGTATGTAACC,0,3017939
ratA_yfjF_predicted,0.5,1,1,TAACGTTTGCAAGTGATAGG,0,3006989
ratA_yfjF_predicted,0.5,1,1,TAACGTTCTAGGCCCCCGTG,0,3014203
ratA_yfjF_predicted,0.5,1,1,TAACGGTTACAGGAGACATA,0,3018093
ratA_yfjF_predicted,0.5,1,1,TAACCTGGTGGCCCACTAGG,0,2998867
ratA_yfjF_predicted,0.5,1,1,TAACCCAGTTTCCTAGCAGA,0,3011493
ratA_yfjF_predicted,0.5,1,1,TAACATTACGAGCAGCGAGC,0,3016457
ratA_yfjF_predicted,0.5,1,1,TAACAGACGCCACGAAAAAC,0,3002412
ratA_yfjF_predicted,0.5,1,1,TAACACTCCCTTTGACGTTC,0,3007684
ratA_yfjF_predicted,0.5,1,1,TAAACGTAATGTGTCAAGCT,0,3017046
ratA_yfjF_predicted,0.5,1,1,TAAAATCTCGTACTACGCGA,0,2999585
ratA_yfjF_predicted,0.5,1,1,GTTTTACGTCAGACCGCATT,0,2999474
ratA_yfjF_predicted,0.5,1,1,GTTTTAATGATGGTTCTATT,0,3011208
ratA_yfjF_predicted,0.5,1,1,GTTTGGAGTGTGGGTCGTAA,0,2995331
ratA_yfjF_predicted,0.5,1,1,GTTTGGAAGAGAGAACAAAT,0,3011144
ratA_yfjF_predicted,0.5,1,1,GTTTGATTCTTTCGTAGACT,0,3013842
ratA_yfjF_predicted,0.5,1,1,GTTTGATGTGTAGGTAGGAC,0,3016352
ratA_yfjF_predicted,0.5,1,1,GTTTCTCTTAATCGTCCGTA,0,2994135
ratA_yfjF_predicted,0.5,1,1,GTTTCCACCCACTAGGCTAT,0,3013451
ratA_yfjF_predicted,0.5,1,1,GTTTAGTAGTCGTGCTGCCA,0,2991845
ratA_yfjF_predicted,0.5,1,1,GTTGTTCGACATACGGTCAC,0,2999617
ratA_yfjF_predicted,0.5,1,1,GTTGTGTCCCTAATGGAAGC,0,2999349
ratA_yfjF_predicted,0.5,1,1,GTTGTGAGTTGAGTGGTCAA,0,3000934
ratA_yfjF_predicted,0.5,1,1,GTTGCCGGTCGGACCACAAT,0,2993914
ratA_yfjF_predicted,0.5,1,1,GTTGAGGGGCTCGGTATCAC,0,2998895
ratA_yfjF_predicted,0.5,1,1,GTTGACTCGCTCTTGTAGTT,0,3008461
ratA_yfjF_predicted,0.5,1,1,GTTGACATGCGAGGTAGCAT,0,3015881
ratA_yfjF_predicted,0.5,1,1,GTTGAAGGGGAAGAATATAG,0,3000229
ratA_yfjF_predicted,0.5,1,1,GTTGAAGCTCTAAATCGCTT,0,3004220
ratA_yfjF_predicted,0.5,1,1,GTTCGGGAGTCTCTTTGGTA,0,3014686
ratA_yfjF_predicted,0.5,1,1,GTTCCGGTCAACTAAGTATT,0,2995296
ratA_yfjF_predicted,0.5,1,1,GTTCCAGACATTTTCTGGCA,0,3005346
ratA_yfjF_predicted,0.5,1,1,GTTCATCGCGCATCGCCCTT,0,3002586
ratA_yfjF_predicted,0.5,1,1,GTTCACACATCTTCACCTAT,0,2999630
ratA_yfjF_predicted,0.5,1,1,GTTAGTTGTGTGCTGTTGCT,0,3002362
ratA_yfjF_predicted,0.5,1,1,GTTAGTCTCTATGACAAGCT,0,2998396
ratA_yfjF_predicted,0.5,1,1,GTTAGCTGCATTGGCAAGCA,0,2993979
ratA_yfjF_predicted,0.5,1,1,GTTAGATTGTTTTAATGTGA,0,3011219
ratA_yfjF_predicted,0.5,1,1,GTTAGAGAACAGCTGTCGTG,0,3002163
ratA_yfjF_predicted,0.5,1,1,GTTACGCGCGGCGTTGCCCG,0,3004419
ratA_yfjF_predicted,0.5,1,1,GTTACACTGGTCCCAAAATA,0,3007801
ratA_yfjF_predicted,0.5,1,1,GTTAAGCATTAGTGTTGTTG,0,3012853
ratA_yfjF_predicted,0.5,1,1,GTTAAATAAAATCCATCGGG,0,3014887
ratA_yfjF_predicted,0.5,1,1,GTTAAACCACCACTCTGTCC,0,2998057
ratA_yfjF_predicted,0.5,1,1,GTGTTCGTGCAGAAGGCATG,0,2991947
ratA_yfjF_predicted,0.5,1,1,GTGTGCAAAACTCCCTCTTA,0,3010936
ratA_yfjF_predicted,0.5,1,1,GTGTCTCAGCTATCCACACA,0,3012418
ratA_yfjF_predicted,0.5,1,1,GTGTCGGTACACTTGTTCTT,0,2992618
ratA_yfjF_predicted,0.5,1,1,GTGTCGGAGTCACTGAAGAC,0,3011233
ratA_yfjF_predicted,0.5,1,1,GTGTATTTCTGAGCTTCACA,0,2997326
ratA_yfjF_predicted,0.5,1,1,GTGTATTATTTTCCTCATTT,0,3000335
ratA_yfjF_predicted,0.5,1,1,GTGTAGCGGGTGACTGATAT,0,2996442
ratA_yfjF_predicted,0.5,1,1,GTGTAAATAGGTCGCGACAG,0,2999736
ratA_yfjF_predicted,0.5,1,1,GTGGTGTTGCGACAGCCCGT,0,3020582
ratA_yfjF_predicted,0.5,1,1,GTGGTGACGTACCGGCTCTG,0,3007613
ratA_yfjF_predicted,0.5,1,1,GTGGTAAAGCTTTGGCGCCT,0,2994795
ratA_yfjF_predicted,0.5,1,1,GTGGGGATGCCGCTGAGATG,0,3008627
ratA_yfjF_predicted,0.5,1,1,GTGGCTTTTAATGTGGTGAA,0,3019893
ratA_yfjF_predicted,0.5,1,1,GTGGCTACTTCGGCCCTTTA,0,3021108
ratA_yfjF_predicted,0.5,1,1,GTGGCGTAAGGGCAAGGCTG,0,3005947
ratA_yfjF_predicted,0.5,1,1,GTGGCAGGACAGCACCTATA,0,3020206
ratA_yfjF_predicted,0.5,1,1,GTGGACCCCGCAAGCCTGGT,0,3015904
ratA_yfjF_predicted,0.5,1,1,GTGCTGTCTCTACAGTAAAC,0,3009304
ratA_yfjF_predicted,0.5,1,1,GTGCGTTGCCCGAGGGGGTC,0,3013521
ratA_yfjF_predicted,0.5,1,1,GTGCGTGGCACAATGCGGCC,0,3008764
ratA_yfjF_predicted,0.5,1,1,GTGCGGTAAGGGCGCTACGT,0,2998275
ratA_yfjF_predicted,0.5,1,1,GTGCGGGGATTCGGGCGCAT,0,2995847
ratA_yfjF_predicted,0.5,1,1,GTGCCAACTGTTCTTCGAGG,0,3000412
ratA_yfjF_predicted,0.5,1,1,GTGCATGGGACTTCCAGACG,0,3010558
ratA_yfjF_predicted,0.5,1,1,GTGCAGTGGCAGACCCCCAC,0,2994325
ratA_yfjF_predicted,0.5,1,1,GTGAGTGCCGGCGCACCCTA,0,3000382
ratA_yfjF_predicted,0.5,1,1,GTGAGACACCGTTCGCGACC,0,2998524
ratA_yfjF_predicted,0.5,1,1,GTGACGGGACTTATACCTCC,0,3016608
ratA_yfjF_predicted,0.5,1,1,GTGAATTCGATCTAAATAGC,0,2994100
ratA_yfjF_predicted,0.5,1,1,GTCTGCCCGCATCGACTTTG,0,2991766
ratA_yfjF_predicted,0.5,1,1,GTCTGACTCGGTATAACGAT,0,3000439
ratA_yfjF_predicted,0.5,1,1,GTCTCTTAGCTTTCACGGTA,0,3009148
ratA_yfjF_predicted,0.5,1,1,GTCTCGTCACGCGCCAAGAG,0,2994979
ratA_yfjF_predicted,0.5,1,1,GTCTAAAGACCCGGTCCACC,0,3013693
ratA_yfjF_predicted,0.5,1,1,GTCGTACACGGAGAAAGACG,0,3004166
ratA_yfjF_predicted,0.5,1,1,GTCGTAACGCACATTAGAAT,0,3002131
ratA_yfjF_predicted,0.5,1,1,GTCGGTGGATTTGGGGACTA,0,3001531
ratA_yfjF_predicted,0.5,1,1,GTCGGAAACACAAGCTCCTC,0,3005993
ratA_yfjF_predicted,0.5,1,1,GTCGCGTAATTACAGGATTG,0,3011084
ratA_yfjF_predicted,0.5,1,1,GTCCTCTGCAGATGCTGAAT,0,3001251
ratA_yfjF_predicted,0.5,1,1,GTCCGGAAAATACGCCGGGG,0,2998746
ratA_yfjF_predicted,0.5,1,1,GTCCCGGCAGATTTTGGTGG,0,3009982
ratA_yfjF_predicted,0.5,1,1,GTCCCATATAGGGGTACCTA,0,2993618
ratA_yfjF_predicted,0.5,1,1,GTCCATTGGTAAAGATTCGA,0,3013900
ratA_yfjF_predicted,0.5,1,1,GTCATTGGGGTGCAAGCCGA,0,3006796
ratA_yfjF_predicted,0.5,1,1,GTCATTACGGTGACCCAAAG,0,3002368
ratA_yfjF_predicted,0.5,1,1,GTCAGTTTTCTAAGCCCGAG,0,3002618
ratA_yfjF_predicted,0.5,1,1,GTCACTAGCGTCGGATCATG,0,3009270
ratA_yfjF_predicted,0.5,1,1,GTCACGCGTGAATTCTTGGA,0,2992422
ratA_yfjF_predicted,0.5,1,1,GTCACCTATGGCAGCCTTTC,0,3001013
ratA_yfjF_predicted,0.5,1,1,GTCAAGCAGTATTGATAGGG,0,3017487
ratA_yfjF_predicted,0.5,1,1,GTATGGCGTCCTGTAATCTC,0,3007734
ratA_yfjF_predicted,0.5,1,1,GTATGAGGTTTCCCCGTCCT,0,3016832
ratA_yfjF_predicted,0.5,1,1,GTATACATCGGACATCTAGT,0,3012437
ratA_yfjF_predicted,0.5,1,1,GTAGTTATGGACCTTAATTC,0,3004918
ratA_yfjF_predicted,0.5,1,1,GTAGTGTCGCAGGAGTTACC,0,3016042
ratA_yfjF_predicted,0.5,1,1,GTAGTCAGACACTCCAGCGA,0,3017722
ratA_yfjF_predicted,0.5,1,1,GTAGGTGTCGTGAGTACAAG,0,3015965
ratA_yfjF_predicted,0.5,1,1,GTAGGGGTATCAGCTCGATA,0,3018135
ratA_yfjF_predicted,0.5,1,1,GTAGCTCGTTGTATTCACGG,0,3013902
ratA_yfjF_predicted,0.5,1,1,GTAGCACGGCTATCGGACAT,0,3008834
ratA_yfjF_predicted,0.5,1,1,GTACGATATCACCGGGCACC,0,2993396
ratA_yfjF_predicted,0.5,1,1,GTACATCCTCTGCCTGGTCG,0,3001857
ratA_yfjF_predicted,0.5,1,1,GTAATCGGCGGTTCGAGTAA,0,2993110
ratA_yfjF_predicted,0.5,1,1,GTAATAACAGTATTTGCTGT,0,3002244
ratA_yfjF_predicted,0.5,1,1,GTAAGCCATAGTACCAGTGG,0,3015960
ratA_yfjF_predicted,0.5,1,1,GTAACTTGGATTACTGGAGG,0,2992108
ratA_yfjF_predicted,0.5,1,1,GTAACTCGCGCCAACGTAAT,0,3010704
ratA_yfjF_predicted,0.5,1,1,GTAACGTCAGGGTGGTCTTC,0,3003195
ratA_yfjF_predicted,0.5,1,1,GTAACCTGGGAACTATCCCG,0,3017654
ratA_yfjF_predicted,0.5,1,1,GTAACCCAACTGCATAGTTA,0,3019481
ratA_yfjF_predicted,0.5,1,1,GTAAAGATGCCTTTACTCTG,0,2992964
ratA_yfjF_predicted,0.5,1,1,GGTTTGGAGGAAGAGACTTT,0,2995547
ratA_yfjF_predicted,0.5,1,1,GGTTTCACCGATCTTCATCT,0,2998672
ratA_yfjF_predicted,0.5,1,1,GGTTGTTAGCTTTTAAGGTC,0,2994634
ratA_yfjF_predicted,0.5,1,1,GGTTGGCTTTCCTACGAGTG,0,3016423
ratA_yfjF_predicted,0.5,1,1,GGTTGACTCTCGTCCCGGTC,0,3002702
ratA_yfjF_predicted,0.5,1,1,GGTTCTGCGTAGAAGCCCGA,0,3000514
ratA_yfjF_predicted,0.5,1,1,GGTTAGGCGGGCTGTTACGA,0,3008432
ratA_yfjF_predicted,0.5,1,1,GGTTACATAGCCGGTGCGCA,0,2997995
ratA_yfjF_predicted,0.5,1,1,GGTGTCGTAACTATTCGGAA,0,3001179
ratA_yfjF_predicted,0.5,1,1,GGTGGTTTCATCAAAGCGGC,0,3013770
ratA_yfjF_predicted,0.5,1,1,GGTGGTACAAATAGAGGAAA,0,2994175
ratA_yfjF_predicted,0.5,1,1,GGTGCCGTGTTATTACACAA,0,3020354
ratA_yfjF_predicted,0.5,1,1,GGTGACCAGTGGGTCCTACT,0,3016052
ratA_yfjF_predicted,0.5,1,1,GGTGAATGAGACGAGGTATT,0,2997420
ratA_yfjF_predicted,0.5,1,1,GGTGAAGTTCACTGAGTTGA,0,2996960
ratA_yfjF_predicted,0.5,1,1,GGTCTTATTAGTGCTGCGGA,0,2994362
ratA_yfjF_predicted,0.5,1,1,GGTCTGTAGTTGAATGTCCC,0,2993234
ratA_yfjF_predicted,0.5,1,1,GGTCTACTAACACAAATCGG,0,3004638
ratA_yfjF_predicted,0.5,1,1,GGTCGTTTAACTTAATTAGT,0,2999897
ratA_yfjF_predicted,0.5,1,1,GGTCGTCTCCATCATGGTAC,0,2996455
ratA_yfjF_predicted,0.5,1,1,GGTCGGTTCCTCGGCCTGGC,0,3002501
ratA_yfjF_predicted,0.5,1,1,GGTCGGCTTAGGGAACAGCT,0,3010103
ratA_yfjF_predicted,0.5,1,1,GGTCGCCGCCGGGTGCAACT,0,3018302
ratA_yfjF_predicted,0.5,1,1,GGTCGAGTTGGTGCAAATGT,0,2998561
ratA_yfjF_predicted,0.5,1,1,GGTCCCCCGGGGTCTGTTCG,0,3020129
ratA_yfjF_predicted,0.5,1,1,GGTCATAGAGGTGTCCTGCC,0,3000914
ratA_yfjF_predicted,0.5,1,1,GGTCACTCTGCAAAGCACGT,0,2999594
ratA_yfjF_predicted,0.5,1,1,GGTCACCACGAGGTAGTAAT,0,3016876
ratA_yfjF_predicted,0.5,1,1,GGTATGGGACGGTGTTGAAA,0,3018317
ratA_yfjF_predicted,0.5,1,1,GGTATGGCGACGTGGTTTCT,0,3009392
ratA_yfjF_predicted,0.5,1,1,GGTATCCTACAACATACAAT,0,3010841
ratA_yfjF_predicted,0.5,1,1,GGTATCACGTTCAAGTTAGG,0,3007476
ratA_yfjF_predicted,0.5,1,1,GGTAGGCCAAGGTTAATCTA,0,2999997
ratA_yfjF_predicted,0.5,1,1,GGTACGAACACTTTTGGAAT,0,3005261
ratA_yfjF_predicted,0.5,1,1,GGTAATACGCCCGTACCATC,0,3015922
ratA_yfjF_predicted,0.5,1,1,GGGTTTATGTGGCAGGTCAT,0,3012850
ratA_yfjF_predicted,0.5,1,1,GGGTTATTTTGCTTCGAAGG,0,3011904
ratA_yfjF_predicted,0.5,1,1,GGGTGATGAGTATTGGGAGG,0,2997750
ratA_yfjF_predicted,0.5,1,1,GGGTGAATATTGCTGTTCTA,0,2992883
ratA_yfjF_predicted,0.5,1,1,GGGTCGGCCCTATCAGAGAA,0,3002062
ratA_yfjF_predicted,0.5,1,1,GGGTCAATCACTGAAGGTGC,0,3019478
ratA_yfjF_predicted,0.5,1,1,GGGTAGGTATGTCCCACGTA,0,3003676
ratA_yfjF_predicted,0.5,1,1,GGGTACACTCCCCGAAGACT,0,3001532
ratA_yfjF_predicted,0.5,1,1,GGGTACAATGTCATCTTCGT,0,2994790
ratA_yfjF_predicted,0.5,1,1,GGGTAAAAAGGCGTCAACCA,0,3014446
ratA_yfjF_predicted,0.5,1,1,GGGGTACTACTTTCCCTTCA,0,2996049
ratA_yfjF_predicted,0.5,1,1,GGGGGCATCCGCATCCGCCG,0,3003311
ratA_yfjF_predicted,0.5,1,1,GGGGGCAGCGCTAGGACGTT,0,3004487
ratA_yfjF_predicted,0.5,1,1,GGGGCTGGTCAAAAAAATCT,0,3020402
ratA_yfjF_predicted,0.5,1,1,GGGGATGGGGTGGGCAATAG,0,2992089
ratA_yfjF_predicted,0.5,1,1,GGGGATATGCTCCGAGTGTG,0,3011155
ratA_yfjF_predicted,0.5,1,1,GGGGACCGGTCCCGAGTGAT,0,3010213
ratA_yfjF_predicted,0.5,1,1,GGGCTGCAGTTCAAGGAGCT,0,3001007
ratA_yfjF_predicted,0.5,1,1,GGGCTGCAAGCAATCACACT,0,2993138
ratA_yfjF_predicted,0.5,1,1,GGGCTCGTAACCGGCAGTAG,0,2994365
ratA_yfjF_predicted,0.5,1,1,GGGCTCCAATACCCTAGAAA,0,3006715
ratA_yfjF_predicted,0.5,1,1,GGGCTACACGCGAGACTCAT,0,3010185
ratA_yfjF_predicted,0.5,1,1,GGGCGAGGTTAAGTCGCCGG,0,2999669
ratA_yfjF_predicted,0.5,1,1,GGGCGAGGCCAGCATTTGGT,0,3012682
ratA_yfjF_predicted,0.5,1,1,GGGCCGTCGGGTATTACTGG,0,3006757
ratA_yfjF_predicted,0.5,1,1,GGGCAGGCAGGGTCTTCCCC,0,3020919
ratA_yfjF_predicted,0.5,1,1,GGGCACAGGGCAGTATGTCG,0,3013730
ratA_yfjF_predicted,0.5,1,1,GGGCACAAGGAAGCATATTG,0,3011694
ratA_yfjF_predicted,0.5,1,1,GGGATTTTAATAGTAGGAAG,0,3012183
ratA_yfjF_predicted,0.5,1,1,GGGATTCGGCCGGTGTCCCC,0,3009068
ratA_yfjF_predicted,0.5,1,1,GGGATCGCTAGACGGGAGCA,0,2995190
ratA_yfjF_predicted,0.5,1,1,GGGATATGAACTGGATGTTA,0,3008176
ratA_yfjF_predicted,0.5,1,1,GGGAGGGCTTCAACGCGGAT,0,3010456
ratA_yfjF_predicted,0.5,1,1,GGGACCTTACCGGCGGCAAT,0,3008577
ratA_yfjF_predicted,0.5,1,1,GGGAATATTTGCAAGGCATT,0,3016064
ratA_yfjF_predicted,0.5,1,1,GGCTTGCGTCTCTAGAATAT,0,2992877
ratA_yfjF_predicted,0.5,1,1,GGCTGCTGTGCGTTACTGGT,0,2993186
ratA_yfjF_predicted,0.5,1,1,GGCTATCCTCTTAAATAGTC,0,3010296
ratA_yfjF_predicted,0.5,1,1,GGCTATCCACTCTTTACTAT,0,3010525
ratA_yfjF_predicted,0.5,1,1,GGCTAGCCCTCCGTTAATCC,0,3012435
ratA_yfjF_predicted,0.5,1,1,GGCGTGCCACAGGTTGTTTT,0,2995498
ratA_yfjF_predicted,0.5,1,1,GGCGGGTGGTACCCGTGCTT,0,2992290
ratA_yfjF_predicted,0.5,1,1,GGCGGGAAAAAAGCAAGCCA,0,2997977
ratA_yfjF_predicted,0.5,1,1,GGCGGCCGTGGCTCCACCGA,0,2997081
ratA_yfjF_predicted,0.5,1,1,GGCCGCTTACCGGGTTGGTA,0,2998884
ratA_yfjF_predicted,0.5,1,1,GGCCCCAAAATGTTACGAAA,0,2995229
ratA_yfjF_predicted,0.5,1,1,GGCCCACACAGCGACTCATG,0,3009948
ratA_yfjF_predicted,0.5,1,1,GGCCAAGAGAAAGCGATTAA,0,2999892
ratA_yfjF_predicted,0.5,1,1,GGCATCGGAGTCCCAATCAA,0,2995560
ratA_yfjF_predicted,0.5,1,1,GGCATCCACGGGCTCCTCTT,0,2992123
ratA_yfjF_predicted,0.5,1,1,GGCAGTTACCAGTCAAATGC,0,2994381
ratA_yfjF_predicted,0.5,1,1,GGCAGTAGTCTTAGCCTATC,0,3002404
ratA_yfjF_predicted,0.5,1,1,GGCAGCAGGCCGACCTGACC,0,3017923
ratA_yfjF_predicted,0.5,1,1,GGCACGTGGTAACCGTATTG,0,3014334
ratA_yfjF_predicted,0.5,1,1,GGCACGAGTGGGGGACCCAA,0,3013660
ratA_yfjF_predicted,0.5,1,1,GGCACAACTTACGTTGGTAA,0,3004801
ratA_yfjF_predicted,0.5,1,1,GGCAAGCGTGAGGCGTACTG,0,3004445
ratA_yfjF_predicted,0.5,1,1,GGCAAAGGAAGGCGGTTTGC,0,2995379
ratA_yfjF_predicted,0.5,1,1,GGCAAACGCTAATGCCCACC,0,3019508
ratA_yfjF_predicted,0.5,1,1,GGCAAAAGCTTGCCCATTCT,0,3019199
ratA_yfjF_predicted,0.5,1,1,GGATTTCAAGTCCATCAACT,0,2995080
ratA_yfjF_predicted,0.5,1,1,GGATTCTGGTCATGTTTCTT,0,3002799
ratA_yfjF_predicted,0.5,1,1,GGATGCTCTCCGTTGCTCTT,0,3017755
ratA_yfjF_predicted,0.5,1,1,GGATGCGGCTCGCTTTGTGG,0,3005672
ratA_yfjF_predicted,0.5,1,1,GGATGCAGCCCGTGATAGTA,0,3018106
ratA_yfjF_predicted,0.5,1,1,GGATGACTGCGAAACATAAT,0,3018443
ratA_yfjF_predicted,0.5,1,1,GGATCCCTTATTGGTTGCAC,0,2997535
ratA_yfjF_predicted,0.5,1,1,GGATCAGAACTCCAGCTTAT,0,2993619
ratA_yfjF_predicted,0.5,1,1,GGATCACCCGCCTGTCTTCT,0,3013886
ratA_yfjF_predicted,0.5,1,1,GGATAAGCTAATCGGTGCAA,0,3015488
ratA_yfjF_predicted,0.5,1,1,GGATAACCGGAGCACAATCG,0,3003213
ratA_yfjF_predicted,0.5,1,1,GGAGGGGCGCAACTCACTTT,0,3000384
ratA_yfjF_predicted,0.5,1,1,GGAGGATTTTGTAGGGCGAC,0,3006392
ratA_yfjF_predicted,0.5,1,1,GGAGGATCGCGGAATACTCA,0,3003197
ratA_yfjF_predicted,0.5,1,1,GGAGGAGAATGGAGCCGCCC,0,3014727
ratA_yfjF_predicted,0.5,1,1,GGAGCTGGACCGCTTAGCAG,0,3010635
ratA_yfjF_predicted,0.5,1,1,GGAGCGGTAAGATTCACGTG,0,3017290
ratA_yfjF_predicted,0.5,1,1,GGAGCAGTCTTCCTAGGACC,0,2998246
ratA_yfjF_predicted,0.5,1,1,GGAGAATAGATGGGTCCTTC,0,3004196
ratA_yfjF_predicted,0.5,1,1,GGACTTCCTGTTTACCTGAC,0,3007317
ratA_yfjF_predicted,0.5,1,1,GGACTTACGCGCATCGCGAG,0,3021730
ratA_yfjF_predicted,0.5,1,1,GGACTGGTAGCTAACGACTA,0,3005216
ratA_yfjF_predicted,0.5,1,1,GGACAGAACATTTCCGTACA,0,2994644
ratA_yfjF_predicted,0.5,1,1,GGACACACTTCATGAAGCTC,0,3011080
ratA_yfjF_predicted,0.5,1,1,GGAATTGTGAAGGCAGTATT,0,2994640
ratA_yfjF_predicted,0.5,1,1,GGAATGAATGGCGCACTTCA,0,3008719
ratA_yfjF_predicted,0.5,1,1,GGAATCCCAGATTTAGAACA,0,3018333
ratA_yfjF_predicted,0.5,1,1,GGAAGGCGACGAATGGGTTC,0,3002774
ratA_yfjF_predicted,0.5,1,1,GGAACATTTAAACTACGGGG,0,2993347
ratA_yfjF_predicted,0.5,1,1,GCTTTTGGGGGAGAAGGGCT,0,3005529
ratA_yfjF_predicted,0.5,1,1,GCTTGTTTATTATATTCTAT,0,3011955
ratA_yfjF_predicted,0.5,1,1,GCTTGGTGATTCAAGGTGAG,0,3007895
ratA_yfjF_predicted,0.5,1,1,GCTTGCCCAGCGGGATACCG,0,2993560
ratA_yfjF_predicted,0.5,1,1,GCTTAAACTCAGGGCCATTC,0,3011890
ratA_yfjF_predicted,0.5,1,1,GCTGTTCGATGAAGCCGGCT,0,3004406
ratA_yfjF_predicted,0.5,1,1,GCTGGCCCTACAATAGTTTA,0,2995321
ratA_yfjF_predicted,0.5,1,1,GCTGGCCAAGATTAGTTTAT,0,3018009
ratA_yfjF_predicted,0.5,1,1,GCTGGACGTCGTTATAACTT,0,2993458
ratA_yfjF_predicted,0.5,1,1,GCTCTACCATCCTATAGGTT,0,3001952
ratA_yfjF_predicted,0.5,1,1,GCTCGAGATGCTCCGCTAGT,0,3004777
ratA_yfjF_predicted,0.5,1,1,GCTCCATGCTTTCAGTTTTA,0,2994483
ratA_yfjF_predicted,0.5,1,1,GCTCCAGAACCCCGTGAGTC,0,3000442
ratA_yfjF_predicted,0.5,1,1,GCTCATTCCGAGCACGCTTC,0,2998851
ratA_yfjF_predicted,0.5,1,1,GCTCAAGCCTTTAACGCCAA,0,3005650
ratA_yfjF_predicted,0.5,1,1,GCTATGTGTTGTGGGTTGTG,0,3004510
ratA_yfjF_predicted,0.5,1,1,GCTATCGCTTAGTGTCTCTC,0,3020912
ratA_yfjF_predicted,0.5,1,1,GCTAGCCCACGCGATGGAAC,0,3003189
ratA_yfjF_predicted,0.5,1,1,GCTACCAATAGTGGACCTGA,0,3001651
ratA_yfjF_predicted,0.5,1,1,GCTAATCCCGATGAACATTT,0,3005282
ratA_yfjF_predicted,0.5,1,1,GCTAAGCTTTAGAGCACTAC,0,3002876
ratA_yfjF_predicted,0.5,1,1,GCTAAGCCAACATGATGTTC,0,2993627
ratA_yfjF_predicted,0.5,1,1,GCTAAAGACGGCGGGGTAGG,0,2998704
ratA_yfjF_predicted,0.5,1,1,GCGTTTAACAACCAACGATT,0,3001104
ratA_yfjF_predicted,0.5,1,1,GCGTTAGAGCTGAACTCATA,0,3003562
ratA_yfjF_predicted,0.5,1,1,GCGTGTCTGGGTGCCTAGCG,0,3014269
ratA_yfjF_predicted,0.5,1,1,GCGTGGAAAACCCGCCCCTG,0,3016771
ratA_yfjF_predicted,0.5,1,1,GCGTGAAGAAAGTGGCTTTA,0,2998117
ratA_yfjF_predicted,0.5,1,1,GCGTCTCGATTGGTCCCATA,0,3015498
ratA_yfjF_predicted,0.5,1,1,GCGTACTTGGTCCACAAGGG,0,3017779
ratA_yfjF_predicted,0.5,1,1,GCGGTCAAATATAATATCCT,0,2997230
ratA_yfjF_predicted,0.5,1,1,GCGGGTCAGACTGCATAAGA,0,3018327
ratA_yfjF_predicted,0.5,1,1,GCGGGTACAAGGGCAAAATT,0,3006063
ratA_yfjF_predicted,0.5,1,1,GCGGCGTGGTGTCGGATCTC,0,2996466
ratA_yfjF_predicted,0.5,1,1,GCGGCGGGCGGTATGGTTGA,0,2994074
ratA_yfjF_predicted,0.5,1,1,GCGCTATCAAGGTGCAGACG,0,3018564
ratA_yfjF_predicted,0.5,1,1,GCGCGGCGTAATGGGCGTTT,0,3011433
ratA_yfjF_predicted,0.5,1,1,GCGCCTACGACAGCACCGAC,0,2995885
ratA_yfjF_predicted,0.5,1,1,GCGCCGGGCAAAGATAATGC,0,2994340
ratA_yfjF_predicted,0.5,1,1,GCGCCCGGGGCGCTGTTACG,0,3007869
ratA_yfjF_predicted,0.5,1,1,GCGCCAATAATAATGCTGGT,0,3015943
ratA_yfjF_predicted,0.5,1,1,GCGATTGCCATTGGTATAGA,0,3021057
ratA_yfjF_predicted,0.5,1,1,GCGATTCGCAGTCGTCCGAT,0,3008147
ratA_yfjF_predicted,0.5,1,1,GCGAGCTAATGTGCGATCCA,0,3015275
ratA_yfjF_predicted,0.5,1,1,GCGAGCCACGGCCGCGGCAG,0,3006794
ratA_yfjF_predicted,0.5,1,1,GCGAATACTGAGATCGGCCC,0,3018671
ratA_yfjF_predicted,0.5,1,1,GCGAACTTGCCCGCGTGGTT,0,3018122
ratA_yfjF_predicted,0.5,1,1,GCCTTCTACGATTCTCTGCA,0,3006874
ratA_yfjF_predicted,0.5,1,1,GCCTGGAGTCTTACCGGTGC,0,3007216
ratA_yfjF_predicted,0.5,1,1,GCCTCTTCCGGTCTTGCCTT,0,3002027
ratA_yfjF_predicted,0.5,1,1,GCCTATTTGGTGGTTGCCGA,0,2995395
ratA_yfjF_predicted,0.5,1,1,GCCTACGTTATTGTAAGCCC,0,3007180
ratA_yfjF_predicted,0.5,1,1,GCCGTTGTGGCCTCCATGGG,0,3005763
ratA_yfjF_predicted,0.5,1,1,GCCGTCACCAATCACCACAT,0,3011758
ratA_yfjF_predicted,0.5,1,1,GCCGGTGATATTAGCGGCGT,0,2996434
ratA_yfjF_predicted,0.5,1,1,GCCGGAGAACTTTGGACTAT,0,3021601
ratA_yfjF_predicted,0.5,1,1,GCCGCAGCGCTACGGGCTTA,0,2996650
ratA_yfjF_predicted,0.5,1,1,GCCGAGGTCGTAGCCATTGG,0,3000210
ratA_yfjF_predicted,0.5,1,1,GCCCTCAAAACCTACCCACA,0,3014867
ratA_yfjF_predicted,0.5,1,1,GCCCCGAAAACGAAGACAGT,0,2997082
ratA_yfjF_predicted,0.5,1,1,GCCCCCGTTGACGGATGGGG,0,3006965
ratA_yfjF_predicted,0.5,1,1,GCCAGGGAAATATAGTCCTT,0,3006358
ratA_yfjF_predicted,0.5,1,1,GCCAGAAGGCTCACAATTAA,0,3011468
ratA_yfjF_predicted,0.5,1,1,GCCAATCATCGTGCGACGTG,0,3021315
ratA_yfjF_predicted,0.5,1,1,GCATTTAAGTTAATAAGCTA,0,3012013
ratA_yfjF_predicted,0.5,1,1,GCATGTAGGGACTTGCCGAA,0,3002788
ratA_yfjF_predicted,0.5,1,1,GCATGCTATACCTAGCGACT,0,2997425
ratA_yfjF_predicted,0.5,1,1,GCATCGCGTACTACGTGCGT,0,3009218
ratA_yfjF_predicted,0.5,1,1,GCATAGTTCCAAGTCAGATC,0,3020686
ratA_yfjF_predicted,0.5,1,1,GCAGTGTTGCACCTGTGGTA,0,3020917
ratA_yfjF_predicted,0.5,1,1,GCAGTAAGCCGGAGCGGCCC,0,3005060
ratA_yfjF_predicted,0.5,1,1,GCAGGTACGCGTACGGAGCT,0,2999881
ratA_yfjF_predicted,0.5,1,1,GCAGCATGGATTAGGTCATC,0,3020048
ratA_yfjF_predicted,0.5,1,1,GCAGAGGTCTCACCGGCGAT,0,3020673
ratA_yfjF_predicted,0.5,1,1,GCACTATGCGTTCGGCTAAA,0,2998006
ratA_yfjF_predicted,0.5,1,1,GCACAGGCTGCTAAAATACT,0,2994916
ratA_yfjF_predicted,0.5,1,1,GCAATTCATCGCTGCGTGGT,0,2991924
ratA_yfjF_predicted,0.5,1,1,GCAAGTGCATCATAGGTCTG,0,3004251
ratA_yfjF_predicted,0.5,1,1,GCAACACTCAGTCAGAAGGG,0,3015331
ratA_yfjF_predicted,0.5,1,1,GATTTCTCGAGGATATCCGG,0,3015731
ratA_yfjF_predicted,0.5,1,1,GATTTCATCTTTCGAGGCAA,0,3002482
ratA_yfjF_predicted,0.5,1,1,GATGTGTCCGGATTGGAATT,0,3020114
ratA_yfjF_predicted,0.5,1,1,GATGTATACAGACACCTTGG,0,3019528
ratA_yfjF_predicted,0.5,1,1,GATGGTCGGGAAATATAATA,0,3018032
ratA_yfjF_predicted,0.5,1,1,GATGGTCCTCACTTATTGCC,0,3014292
ratA_yfjF_predicted,0.5,1,1,GATGGGTGCAGATCTTGCAT,0,3001769
ratA_yfjF_predicted,0.5,1,1,GATGATACGTGCTGAGCAGT,0,3000709
ratA_yfjF_predicted,0.5,1,1,GATGAGTCGCGCGCTTCCGT,0,3008284
ratA_yfjF_predicted,0.5,1,1,GATGACTTTCCCTAGGGACC,0,2993151
ratA_yfjF_predicted,0.5,1,1,GATCTTAAGCGCATGCATTC,0,2999155
ratA_yfjF_predicted,0.5,1,1,GATCTGAGTCTCGTATGCTA,0,3002816
ratA_yfjF_predicted,0.5,1,1,GATCTCATCACCATCCGTCG,0,3011156
ratA_yfjF_predicted,0.5,1,1,GATCGTCGTGTATGCACTCC,0,3015108
ratA_yfjF_predicted,0.5,1,1,GATCGGTCTTGTCGAGAGGT,0,2998964
ratA_yfjF_predicted,0.5,1,1,GATCGGATCGGGTACTGCGT,0,3003035
ratA_yfjF_predicted,0.5,1,1,GATCCTCAATAGATTATCCA,0,2995294
ratA_yfjF_predicted,0.5,1,1,GATCCGTACAATACGGATAC,0,2997688
ratA_yfjF_predicted,0.5,1,1,GATCCGCAGTACCGTGCTTC,0,3006092
ratA_yfjF_predicted,0.5,1,1,GATCCCGGGAACGTAACTCT,0,3013152
ratA_yfjF_predicted,0.5,1,1,GATCAGTACATCGCGGAATA,0,2993707
ratA_yfjF_predicted,0.5,1,1,GATCAGGAAAGATGCGTACA,0,3000437
ratA_yfjF_predicted,0.5,1,1,GATATGGCTTGTCCCGGCAT,0,3004553
ratA_yfjF_predicted,0.5,1,1,GATAGTTTTCGTATTCATTC,0,3009134
ratA_yfjF_predicted,0.5,1,1,GATAGCGTACCTATCGTTCC,0,3020754
ratA_yfjF_predicted,0.5,1,1,GATAGCAGCCCCGCACGATT,0,2993024
ratA_yfjF_predicted,0.5,1,1,GATACGGTCTGCGGAGGGGG,0,3003076
ratA_yfjF_predicted,0.5,1,1,GATACAGCGCGCGGCCTCAG,0,3006617
ratA_yfjF_predicted,0.5,1,1,GATAACAGAGGCATAACAAC,0,3020527
ratA_yfjF_predicted,0.5,1,1,GAGTCGTGTGGTCTTAGGAT,0,2993097
ratA_yfjF_predicted,0.5,1,1,GAGTCGGCCCGGACGTAAGA,0,2992145
ratA_yfjF_predicted,0.5,1,1,GAGTCGCAGGAGGACGGACA,0,3009246
ratA_yfjF_predicted,0.5,1,1,GAGTCAGAGAAATTCGGGAG,0,3002550
ratA_yfjF_predicted,0.5,1,1,GAGTAAAAGGGTTGGTCTCG,0,3017845
ratA_yfjF_predicted,0.5,1,1,GAGGTTAAGTGCCCATAATC,0,2993084
ratA_yfjF_predicted,0.5,1,1,GAGGTCCCGCGTACACTGGG,0,2996174
ratA_yfjF_predicted,0.5,1,1,GAGGTACATGGAACCCAATG,0,3002148
ratA_yfjF_predicted,0.5,1,1,GAGGGGGCGCTGTATCCTAT,0,3019073
ratA_yfjF_predicted,0.5,1,1,GAGGAATACGTGGGCTTCAT,0,3003134
ratA_yfjF_predicted,0.5,1,1,GAGCTCCATGAGGCACGGGG,0,3017781
ratA_yfjF_predicted,0.5,1,1,GAGCTACAGTGCATTCGCCT,0,3007691
ratA_yfjF_predicted,0.5,1,1,GAGCTAACACTGGCAACGCT,0,3014610
ratA_yfjF_predicted,0.5,1,1,GAGCCAGGCGACGGTTGTGT,0,2994522
ratA_yfjF_predicted,0.5,1,1,GAGCACGGTAGTTTGCAAGG,0,3001340
ratA_yfjF_predicted,0.5,1,1,GAGCACATCATGATCTGTGT,0,3013966
ratA_yfjF_predicted,0.5,1,1,GAGAGGCCTGGCGTTTCACC,0,3019234
ratA_yfjF_predicted,0.5,1,1,GAGAGGCATCTGACCCGTCC,0,3015376
ratA_yfjF_predicted,0.5,1,1,GAGAGCGAACGCCTGCGTAC,0,3017611
ratA_yfjF_predicted,0.5,1,1,GAGAAATGGCCTGTATTGTC,0,3019768
ratA_yfjF_predicted,0.5,1,1,GACTTGGTAATACAGCGGGT,0,3002469
ratA_yfjF_predicted,0.5,1,1,GACTTGACATGGGGGCTTCC,0,3017563
ratA_yfjF_predicted,0.5,1,1,GACTGTTAACCATATCATAT,0,3017849
ratA_yfjF_predicted,0.5,1,1,GACTCCCTGGAATCGTGGAA,0,2996886
ratA_yfjF_predicted,0.5,1,1,GACTCACATAGCCAGTTTTG,0,2996514
ratA_yfjF_predicted,0.5,1,1,GACTACTGTAACGCAGACAT,0,2997152
ratA_yfjF_predicted,0.5,1,1,GACGTGTCACTCATTATTCC,0,3018675
ratA_yfjF_predicted,0.5,1,1,GACGTGGTAGCAGATGAATA,0,3011564
ratA_yfjF_predicted,0.5,1,1,GACGTGGATCCAGACAAGGT,0,3001739
ratA_yfjF_predicted,0.5,1,1,GACGTCTTTATAGTTCATCG,0,3021682
ratA_yfjF_predicted,0.5,1,1,GACGGGCACGATATGAATGC,0,3007401
ratA_yfjF_predicted,0.5,1,1,GACGGCCATTTAGACATTTC,0,2998262
ratA_yfjF_predicted,0.5,1,1,GACGCTAAGGTGTCCCTACT,0,3020323
ratA_yfjF_predicted,0.5,1,1,GACGCGTCCGGCCTTCAACT,0,3008057
ratA_yfjF_predicted,0.5,1,1,GACCGGTACTTGCGCGACGT,0,3015109
ratA_yfjF_predicted,0.5,1,1,GACCGCGTGCCGCATTAACA,0,2993247
ratA_yfjF_predicted,0.5,1,1,GACCCTCGCAGGCAGTGGCC,0,3013719
ratA_yfjF_predicted,0.5,1,1,GACCACTGTGGACGAAACAT,0,3010572
ratA_yfjF_predicted,0.5,1,1,GACAGCTAAGGCGCTAATCG,0,2994665
ratA_yfjF_predicted,0.5,1,1,GACAAGAATACACGCGCGCG,0,3004299
ratA_yfjF_predicted,0.5,1,1,GAATTTTCTGGATTTGGATT,0,3004212
ratA_yfjF_predicted,0.5,1,1,GAATTAAAATATGCGCGTGA,0,2993637
ratA_yfjF_predicted,0.5,1,1,GAATGTGGCGCTACGCCTAT,0,3005640
ratA_yfjF_predicted,0.5,1,1,GAATGTGAACGGAGTCTCCA,0,2998630
ratA_yfjF_predicted,0.5,1,1,GAATGGGAATCGGTCAGTGG,0,3018505
ratA_yfjF_predicted,0.5,1,1,GAATGGACGGTGGCGTCATA,0,3000436
ratA_yfjF_predicted,0.5,1,1,GAATGATTATTATGGAATTT,0,3007988
ratA_yfjF_predicted,0.5,1,1,GAATAGGGTCACTTGCACAT,0,2998445
ratA_yfjF_predicted,0.5,1,1,GAAGTTGCGGCCGCGCTGAG,0,2991851
ratA_yfjF_predicted,0.5,1,1,GAAGTTAGATAGGAGGCCAC,0,3015785
ratA_yfjF_predicted,0.5,1,1,GAAGTGACGCTAGAAATAGC,0,3017823
ratA_yfjF_predicted,0.5,1,1,GAAGTATGGAGCTAAATAAA,0,3008126
ratA_yfjF_predicted,0.5,1,1,GAAGCCATATACTCAAGCGG,0,2995459
ratA_yfjF_predicted,0.5,1,1,GAAGATTAGTTCGATTTTGA,0,3017826
ratA_yfjF_predicted,0.5,1,1,GAACTAGCATGCCGACCAGA,0,3019390
ratA_yfjF_predicted,0.5,1,1,GAACGGGTGCTGAATTACGT,0,3002228
ratA_yfjF_predicted,0.5,1,1,GAACGGGCACCAAGTCTCGG,0,2992908
ratA_yfjF_predicted,0.5,1,1,GAACCTCATAATTGTGGGTC,0,3008689
ratA_yfjF_predicted,0.5,1,1,GAACCCGTTTGTTCGTTGTA,0,3010363
ratA_yfjF_predicted,0.5,1,1,GAACCAACTCTCGTTTAATG,0,3003129
ratA_yfjF_predicted,0.5,1,1,GAAATCGTCGTTAAATCAGA,0,2995645
ratA_yfjF_predicted,0.5,1,1,GAAAGTGTTGGATTGCCGTG,0,3017439
ratA_yfjF_predicted,0.5,1,1,GAAAGTCGGCGAGCATGGAC,0,3011306
ratA_yfjF_predicted,0.5,1,1,GAAAGTACAGGAATGACACA,0,2994408
ratA_yfjF_predicted,0.5,1,1,GAAAGGGATTAGGAGGGGAC,0,3004131
ratA_yfjF_predicted,0.5,1,1,GAAAGAGCCGGTCTACTTCA,0,3000511
ratA_yfjF_predicted,0.5,1,1,GAAAAAATGACAGCCGCCTT,0,3006505
ratA_yfjF_predicted,0.5,1,1,CTTTTTAGGGTGCCCGGCCA,0,3010646
ratA_yfjF_predicted,0.5,1,1,CTTTTCTAGTGGGTCGAACT,0,3012766
ratA_yfjF_predicted,0.5,1,1,CTTTGTGTTGATGTCACTTT,0,2999523
ratA_yfjF_predicted,0.5,1,1,CTTTGCTAGGTCTCACACAC,0,3008625
ratA_yfjF_predicted,0.5,1,1,CTTTGCCCCTCTACCTGCAG,0,3000895
ratA_yfjF_predicted,0.5,1,1,CTTTCGTCATACGGTATCCA,0,3018634
ratA_yfjF_predicted,0.5,1,1,CTTGTCACCGTCGGGCTCTT,0,3007763
ratA_yfjF_predicted,0.5,1,1,CTTGGTGAATCAGCAGCACA,0,3020435
ratA_yfjF_predicted,0.5,1,1,CTTGGCCCTATCATTATCGT,0,2998382
ratA_yfjF_predicted,0.5,1,1,CTTGGCCACGGCTTTAGAAC,0,3000669
ratA_yfjF_predicted,0.5,1,1,CTTGCTACTTTTCACCCGCA,0,3018226
ratA_yfjF_predicted,0.5,1,1,CTTCTTATGATTTCCCGCGC,0,3014910
ratA_yfjF_predicted,0.5,1,1,CTTCTGGGTACCGTGTCTGC,0,3014003
ratA_yfjF_predicted,0.5,1,1,CTTCTACATCAGCTTCAAGC,0,3003242
ratA_yfjF_predicted,0.5,1,1,CTTCGGCGGCAGGAAGTGTG,0,3021679
ratA_yfjF_predicted,0.5,1,1,CTTATCTAAACCTGGGAACT,0,3018792
ratA_yfjF_predicted,0.5,1,1,CTTACGTGATGTTTAGATTT,0,3007829
ratA_yfjF_predicted,0.5,1,1,CTTACGTCATCACCGCGTCG,0,3018088
ratA_yfjF_predicted,0.5,1,1,CTTACCGGACGGCTAGCCCA,0,3005153
ratA_yfjF_predicted,0.5,1,1,CTTACCCATTTTGTCTGGAT,0,3005181
ratA_yfjF_predicted,0.5,1,1,CTTACCATATCTGTTCAGCA,0,3017478
ratA_yfjF_predicted,0.5,1,1,CTTAAGTACCTGACTAACCG,0,3000283
ratA_yfjF_predicted,0.5,1,1,CTTAAGATCGATAAATAGGC,0,3000722
ratA_yfjF_predicted,0.5,1,1,CTGTTTTCTAGTCAGTAAAC,0,3008347
ratA_yfjF_predicted,0.5,1,1,CTGTTGAACATGATGGTTGT,0,2993764
ratA_yfjF_predicted,0.5,1,1,CTGTTAGGGTGCGTTGGAAA,0,3006574
ratA_yfjF_predicted,0.5,1,1,CTGTGTGTAGCGTATATCCA,0,3010247
ratA_yfjF_predicted,0.5,1,1,CTGTATGTACGTGTTACAGG,0,3021470
ratA_yfjF_predicted,0.5,1,1,CTGTAGAACCGTAGGCATAC,0,2998821
ratA_yfjF_predicted,0.5,1,1,CTGGTTATTCAGACTTCCGG,0,3011049
ratA_yfjF_predicted,0.5,1,1,CTGGTGCGATTGGTGCGTTA,0,3013199
ratA_yfjF_predicted,0.5,1,1,CTGGTCCACCTGCAAGGCGA,0,3017074
ratA_yfjF_predicted,0.5,1,1,CTGGGTCCCCAGCTAATCCT,0,3004776
ratA_yfjF_predicted,0.5,1,1,CTGGGGCTTTCCTTCGGTCT,0,2995148
ratA_yfjF_predicted,0.5,1,1,CTGGGCTACACAACCGAAAG,0,3001704
ratA_yfjF_predicted,0.5,1,1,CTGGCTCCCGGGAGCACCAC,0,3019322
ratA_yfjF_predicted,0.5,1,1,CTGGACAAATTAAGTAAGAG,0,3009555
ratA_yfjF_predicted,0.5,1,1,CTGGAACCGTTTACCAGTGG,0,3019626
ratA_yfjF_predicted,0.5,1,1,CTGCTTAATGTCTATAAACC,0,3009298
ratA_yfjF_predicted,0.5,1,1,CTGCCATCGTTGCGAGACAT,0,2993925
ratA_yfjF_predicted,0.5,1,1,CTGCCAACAAGAAATTGGTT,0,2994819
ratA_yfjF_predicted,0.5,1,1,CTGCATCTTGCGAGTAATCG,0,2992212
ratA_yfjF_predicted,0.5,1,1,CTGCACTGGTTTATTAAAAC,0,3015152
ratA_yfjF_predicted,0.5,1,1,CTGCACTAAGCACATGCGAT,0,3015729
ratA_yfjF_predicted,0.5,1,1,CTGATTGGCCATAAACGACC,0,3014316
ratA_yfjF_predicted,0.5,1,1,CTGATGCTCCGAACAGTTGA,0,2995220
ratA_yfjF_predicted,0.5,1,1,CTGATCTTTTTACGTGTTAA,0,3007377
ratA_yfjF_predicted,0.5,1,1,CTGAGACCAAGGACAATAAT,0,3015837
ratA_yfjF_predicted,0.5,1,1,CTGACGTACCGGCGAAGCTT,0,3012150
ratA_yfjF_predicted,0.5,1,1,CTGACATAGGCTACCCTTTG,0,2997633
ratA_yfjF_predicted,0.5,1,1,CTGAATAAAAGGTTGCGGCA,0,2999121
ratA_yfjF_predicted,0.5,1,1,CTCTTGCTCACGAGTTAGTA,0,3019385
ratA_yfjF_predicted,0.5,1,1,CTCTTAGTAATCGTTCTGCA,0,3017656
ratA_yfjF_predicted,0.5,1,1,CTCTTACATTCGGTCCAACC,0,3006345
ratA_yfjF_predicted,0.5,1,1,CTCTGACAGGAAACGACGAG,0,3013339
ratA_yfjF_predicted,0.5,1,1,CTCTCTTCTCAATTGATATT,0,3015593
ratA_yfjF_predicted,0.5,1,1,CTCTATTGTGGCGAAGCGCG,0,3019257
ratA_yfjF_predicted,0.5,1,1,CTCTACAGGCGTCTCCCACG,0,2994245
ratA_yfjF_predicted,0.5,1,1,CTCTAAGTCCGGCAGCTTGA,0,2993532
ratA_yfjF_predicted,0.5,1,1,CTCGGGCTCGGCGGAATGCG,0,3017587
ratA_yfjF_predicted,0.5,1,1,CTCGGACGCTAGGCCGTATT,0,3005690
ratA_yfjF_predicted,0.5,1,1,CTCGGACAATGGATTGTCGG,0,3017238
ratA_yfjF_predicted,0.5,1,1,CTCGCTGAGAACTCTTTGGT,0,3008435
ratA_yfjF_predicted,0.5,1,1,CTCGCGGTCCCGGTACCTCT,0,3015620
ratA_yfjF_predicted,0.5,1,1,CTCGAGTTCGAGTCGATATG,0,3000282
ratA_yfjF_predicted,0.5,1,1,CTCGAGCCCAGCGCTCAATC,0,3004080
ratA_yfjF_predicted,0.5,1,1,CTCGACGAGCCTCATATACG,0,2993947
ratA_yfjF_predicted,0.5,1,1,CTCCTTCGATATTCCTTACT,0,2995829
ratA_yfjF_predicted,0.5,1,1,CTCCGCCTACATCGTATGAG,0,2999717
ratA_yfjF_predicted,0.5,1,1,CTCCGATCTCGGCTTCACAA,0,3010616
ratA_yfjF_predicted,0.5,1,1,CTCCATAACCTAATGCATAC,0,3009166
ratA_yfjF_predicted,0.5,1,1,CTCCAAATCAATTGGACCCT,0,3004113
ratA_yfjF_predicted,0.5,1,1,CTCATAGTTATATCGGCACG,0,3003304
ratA_yfjF_predicted,0.5,1,1,CTCAGTTCTTCCGTCCCCGC,0,3005378
ratA_yfjF_predicted,0.5,1,1,CTCAGGGAGTTATGATGTGA,0,3010124
ratA_yfjF_predicted,0.5,1,1,CTCAGAGGTATGAAAGGCCG,0,3000984
ratA_yfjF_predicted,0.5,1,1,CTCACCCGTGATGTAGGCCT,0,3001018
ratA_yfjF_predicted,0.5,1,1,CTCACCACGTTGCTCCTCAT,0,2999975
ratA_yfjF_predicted,0.5,1,1,CTCACAAAAGACCGGCAAGG,0,2998893
ratA_yfjF_predicted,0.5,1,1,CTCAAGTTCACTCAGCTAAT,0,2999405
ratA_yfjF_predicted,0.5,1,1,CTATGGGAACTGACAAAGGT,0,3017148
ratA_yfjF_predicted,0.5,1,1,CTATGACGTCCTGAGAGGAA,0,3008844
ratA_yfjF_predicted,0.5,1,1,CTATCGCGTCGTCTTGATCA,0,2996701
ratA_yfjF_predicted,0.5,1,1,CTATACGCAATACACAACAA,0,3012352
ratA_yfjF_predicted,0.5,1,1,CTATACAAATCATATGCCAG,0,3007635
ratA_yfjF_predicted,0.5,1,1,CTAGTTGGACATCATAGATG,0,3004088
ratA_yfjF_predicted,0.5,1,1,CTAGTTAACTCTTAGGCTAT,0,2998420
ratA_yfjF_predicted,0.5,1,1,CTAGTACGTGCTGGTGCCAG,0,2992255
ratA_yfjF_predicted,0.5,1,1,CTAGGCCTTTGGTCGTAAGC,0,2993371
ratA_yfjF_predicted,0.5,1,1,CTAGGCCGGCGTGTAGTTAA,0,3005575
ratA_yfjF_predicted,0.5,1,1,CTAGGAATGCTATACGTAGG,0,3009870
ratA_yfjF_predicted,0.5,1,1,CTAGCTGCCGAAAATGGTTC,0,3021536
ratA_yfjF_predicted,0.5,1,1,CTAGAGAAGCTTGGAGTAGA,0,3008858
ratA_yfjF_predicted,0.5,1,1,CTACTTGCCACGCCCCATCA,0,3018804
ratA_yfjF_predicted,0.5,1,1,CTACTAATCAACCGGCCGCA,0,3012138
ratA_yfjF_predicted,0.5,1,1,CTACGGTTGTACGGGTAAGT,0,3018271
ratA_yfjF_predicted,0.5,1,1,CTACCGGGTTCCCGTGCGCG,0,3001985
ratA_yfjF_predicted,0.5,1,1,CTACCCTCATGGCTGCGTCT,0,3005567
ratA_yfjF_predicted,0.5,1,1,CTACACTTTCTTGAAGCGGG,0,3015893
ratA_yfjF_predicted,0.5,1,1,CTAATTAATACTGTATAAGT,0,2994834
ratA_yfjF_predicted,0.5,1,1,CTAATATTATAACTATGTTG,0,3000205
ratA_yfjF_predicted,0.5,1,1,CTAAAGCGATAGGAGATATT,0,3021286
ratA_yfjF_predicted,0.5,1,1,CGTTTTGGTGCGCGGCCGTA,0,3004099
ratA_yfjF_predicted,0.5,1,1,CGTTTCCTTCTCGCCTGTCG,0,3017130
ratA_yfjF_predicted,0.5,1,1,CGTTGCCCAGTAATCGGATA,0,3014185
ratA_yfjF_predicted,0.5,1,1,CGTTGAAGCTGACACCGTGC,0,3017545
ratA_yfjF_predicted,0.5,1,1,CGTTCGTAGCAGGAGATTTG,0,3004700
ratA_yfjF_predicted,0.5,1,1,CGTTATCTTCGGTACTATAA,0,3001689
ratA_yfjF_predicted,0.5,1,1,CGTGTCTCTCCAGAACCTCA,0,3003482
ratA_yfjF_predicted,0.5,1,1,CGTGTACAGAGCTAACAACA,0,3003015
ratA_yfjF_predicted,0.5,1,1,CGTGGTTACGTTGGTACGAT,0,2994843
ratA_yfjF_predicted,0.5,1,1,CGTGGCATGGCCTTCATACG,0,3012785
ratA_yfjF_predicted,0.5,1,1,CGTGCGCCTACAAATGTCGT,0,3010934
ratA_yfjF_predicted,0.5,1,1,CGTGCCGGATATACACACCG,0,3005692
ratA_yfjF_predicted,0.5,1,1,CGTGCATTGAACAGTGGATA,0,2997124
ratA_yfjF_predicted,0.5,1,1,CGTGCAGGCACCGACGTTGT,0,3013085
ratA_yfjF_predicted,0.5,1,1,CGTGATCTATGTCCTCCTCG,0,3008850
ratA_yfjF_predicted,0.5,1,1,CGTGAAACTCGATAACGTTA,0,3007942
ratA_yfjF_predicted,0.5,1,1,CGTCTTGCCCAAGTTGCAAT,0,3005395
ratA_yfjF_predicted,0.5,1,1,CGTCGTAATGAGCCAGCTAC,0,3002521
ratA_yfjF_predicted,0.5,1,1,CGTCGGGGTGACATACTTGA,0,3009736
ratA_yfjF_predicted,0.5,1,1,CGTCGAGAGGGGGTCGCCGA,0,2992076
ratA_yfjF_predicted,0.5,1,1,CGTCCGGAATACGCGCCAAA,0,3010602
ratA_yfjF_predicted,0.5,1,1,CGTCCGCCGAGATCTCGAAT,0,3004126
ratA_yfjF_predicted,0.5,1,1,CGTCCCTAGTTGACGCCTTT,0,2992800
ratA_yfjF_predicted,0.5,1,1,CGTCCCCATGATGTGCAGCT,0,3005298
ratA_yfjF_predicted,0.5,1,1,CGTCAGTGAGAAGGATGATT,0,3012848
ratA_yfjF_predicted,0.5,1,1,CGTCAAATATCTCTGAGCTT,0,3001036
ratA_yfjF_predicted,0.5,1,1,CGTATTTTGATTGTTAACCC,0,2998476
ratA_yfjF_predicted,0.5,1,1,CGTATTTGATCGCCGAATCC,0,3005992
ratA_yfjF_predicted,0.5,1,1,CGTATAAAGCCTTACACCAG,0,3004192
ratA_yfjF_predicted,0.5,1,1,CGTAGGCATACGCTCTCCGA,0,3008530
ratA_yfjF_predicted,0.5,1,1,CGTACTGTGTATTGTCACAC,0,3010990
ratA_yfjF_predicted,0.5,1,1,CGGTTTTTGAAGTGGCGACC,0,3006745
ratA_yfjF_predicted,0.5,1,1,CGGTGGCTGCCGCAACATGG,0,3017049
ratA_yfjF_predicted,0.5,1,1,CGGTGAAGTGTAGGACTGTT,0,2999648
ratA_yfjF_predicted,0.5,1,1,CGGTCTTCTACTTATACCCT,0,3000117
ratA_yfjF_predicted,0.5,1,1,CGGTAGAAAGTCCATGAATT,0,3013908
ratA_yfjF_predicted,0.5,1,1,CGGGTCACTTTTTGAGCGAA,0,3002711
ratA_yfjF_predicted,0.5,1,1,CGGGTCAAAATTAGGGTGGT,0,3012765
ratA_yfjF_predicted,0.5,1,1,CGGGGTAGTCACACCAATTA,0,2992911
ratA_yfjF_predicted,0.5,1,1,CGGGGGAAACCTGCTTTCAA,0,2994255
ratA_yfjF_predicted,0.5,1,1,CGGGCGCGTCGCGTATTGGA,0,3005432
ratA_yfjF_predicted,0.5,1,1,CGGGCCTAGGGGGTCACCGT,0,3005631
ratA_yfjF_predicted,0.5,1,1,CGGGCCGCGGTCTAACGTGT,0,3017175
ratA_yfjF_predicted,0.5,1,1,CGGGCCATTCCCGAGGTGGC,0,2999407
ratA_yfjF_predicted,0.5,1,1,CGGGCCAGTCTACATGCGAT,0,3008215
ratA_yfjF_predicted,0.5,1,1,CGGCTCTGAACTTACCTTAC,0,2994833
ratA_yfjF_predicted,0.5,1,1,CGGCGTACTAGGACGCCTAC,0,3010121
ratA_yfjF_predicted,0.5,1,1,CGGCGGAGTATGACGCATTT,0,3004818
ratA_yfjF_predicted,0.5,1,1,CGGCGCCCTTTGCCATTGAA,0,2995924
ratA_yfjF_predicted,0.5,1,1,CGGCGACGATCGGGAAAAGA,0,3018535
ratA_yfjF_predicted,0.5,1,1,CGGCCGTGCATCGTAGTCCG,0,3005081
ratA_yfjF_predicted,0.5,1,1,CGGATTAAGGGCTAGCCCAA,0,3014626
ratA_yfjF_predicted,0.5,1,1,CGGATACGGCGGCACGCTTG,0,3015733
ratA_yfjF_predicted,0.5,1,1,CGGACTGCCAAGTGCACCTA,0,3020286
ratA_yfjF_predicted,0.5,1,1,CGGACAATTGGGTAATCTGG,0,3014540
ratA_yfjF_predicted,0.5,1,1,CGCTGTGTAAGTCCCACGAG,0,3011077
ratA_yfjF_predicted,0.5,1,1,CGCTGCCTTGGATTGGCCGG,0,2996825
ratA_yfjF_predicted,0.5,1,1,CGCTGATCGCTCTGTTCGAT,0,3018510
ratA_yfjF_predicted,0.5,1,1,CGCGTGTGTTCACTTAAAAT,0,3019421
ratA_yfjF_predicted,0.5,1,1,CGCGTGGGGTTGTGCAGCCT,0,3020845
ratA_yfjF_predicted,0.5,1,1,CGCGTGGACAACTGATTGGA,0,3011069
ratA_yfjF_predicted,0.5,1,1,CGCGGAGTGTTTGTCTCAAG,0,3019789
ratA_yfjF_predicted,0.5,1,1,CGCGCTGTTCGCCTGGCCCG,0,3012338
ratA_yfjF_predicted,0.5,1,1,CGCGCGTCTCATTAAATCGA,0,2993318
ratA_yfjF_predicted,0.5,1,1,CGCGCCGCCCATGACAAAGA,0,3009281
ratA_yfjF_predicted,0.5,1,1,CGCGCCCAGTGTTGTAAATT,0,3014349
ratA_yfjF_predicted,0.5,1,1,CGCGCACGTCGGGTGGCCCG,0,3016388
ratA_yfjF_predicted,0.5,1,1,CGCGCACGGTTTAACATAAG,0,3003642
ratA_yfjF_predicted,0.5,1,1,CGCCTCAATTCGGCCCTGGT,0,3001765
ratA_yfjF_predicted,0.5,1,1,CGCCGGGACGTAGCTGTTGG,0,2992302
ratA_yfjF_predicted,0.5,1,1,CGCCGCCTAAAGACCTGCCA,0,2994857
ratA_yfjF_predicted,0.5,1,1,CGCCAGGGCGACTTTAGCTT,0,3009084
ratA_yfjF_predicted,0.5,1,1,CGCATCGAGAGAGTGTTGTC,0,3008820
ratA_yfjF_predicted,0.5,1,1,CGCATCCAAGGGGGCGCTAG,0,3018013
ratA_yfjF_predicted,0.5,1,1,CGCATCAAGAATCACACGGG,0,3010598
ratA_yfjF_predicted,0.5,1,1,CGCATACAGTAAGGGCCAGA,0,3009802
ratA_yfjF_predicted,0.5,1,1,CGCAGTTTCCTCCGCATAAA,0,3005902
ratA_yfjF_predicted,0.5,1,1,CGCAGGTGGAAGTTGTGCCG,0,2992766
ratA_yfjF_predicted,0.5,1,1,CGCAGGTACGACGGCACGTG,0,2993762
ratA_yfjF_predicted,0.5,1,1,CGCAGCCTGGATGTCCTATA,0,3008094
ratA_yfjF_predicted,0.5,1,1,CGCACCCCAGAAGTAGAGCT,0,3020599
ratA_yfjF_predicted,0.5,1,1,CGCAACAGTGAGCACAGTTT,0,3019272
ratA_yfjF_predicted,0.5,1,1,CGATGTTGTACAATGTCAAT,0,3020619
ratA_yfjF_predicted,0.5,1,1,CGATGAGTATTCCTGGGGTC,0,3016435
ratA_yfjF_predicted,0.5,1,1,CGATATGTATGCTGGACCTA,0,2992420
ratA_yfjF_predicted,0.5,1,1,CGAGTGGGTGCGCGGACGGC,0,3012973
ratA_yfjF_predicted,0.5,1,1,CGAGTCAACTTAGTTATTGC,0,2996429
ratA_yfjF_predicted,0.5,1,1,CGAGTAACCGCTAATGCATT,0,3015204
ratA_yfjF_predicted,0.5,1,1,CGAGCGAGATGGACATACGA,0,3003448
ratA_yfjF_predicted,0.5,1,1,CGAGCAGACGCGATCCCGGG,0,3016015
ratA_yfjF_predicted,0.5,1,1,CGAGCACCCCGGGCAGTTCT,0,3010488
ratA_yfjF_predicted,0.5,1,1,CGAGATAGCGCTCCATGCCA,0,3021053
ratA_yfjF_predicted,0.5,1,1,CGACTCGGCTAGTGGCTACT,0,2994244
ratA_yfjF_predicted,0.5,1,1,CGACGTGGTCTTGCAGCTGA,0,3001789
ratA_yfjF_predicted,0.5,1,1,CGACGTGAGGATTAGCCGTC,0,3016946
ratA_yfjF_predicted,0.5,1,1,CGACGTCGATGGCGGGCCTA,0,3000775
ratA_yfjF_predicted,0.5,1,1,CGACGGTGTCAGGCCAAGCT,0,3020813
ratA_yfjF_predicted,0.5,1,1,CGACGGGCGTTGAACCAAAT,0,3002676
ratA_yfjF_predicted,0.5,1,1,CGACACGTAGTGGATCTATG,0,2992197
ratA_yfjF_predicted,0.5,1,1,CGACAATGGGAGGCCGGAGT,0,3017396
ratA_yfjF_predicted,0.5,1,1,CGACAATGGAGTAATACGTG,0,3005624
ratA_yfjF_predicted,0.5,1,1,CGAATGCGACAACGTAGTAG,0,3019582
ratA_yfjF_predicted,0.5,1,1,CGAAGCGTGACTTATAGTCT,0,3004013
ratA_yfjF_predicted,0.5,1,1,CGAAGAGACCATACTCCACT,0,3009185
ratA_yfjF_predicted,0.5,1,1,CGAACCAATAAGAATATGTT,0,2999270
ratA_yfjF_predicted,0.5,1,1,CGAACACTTCCCTTGGTTGT,0,3011142
ratA_yfjF_predicted,0.5,1,1,CGAACACTTCCATCACTTGA,0,3012280
ratA_yfjF_predicted,0.5,1,1,CGAAAGTCTAGTCTCCCGTA,0,3009091
ratA_yfjF_predicted,0.5,1,1,CGAAAGGAAATCTGGGCATG,0,3011849
ratA_yfjF_predicted,0.5,1,1,CGAAAATACACTTTCTGAGC,0,2999597
ratA_yfjF_predicted,0.5,1,1,CCTTTCTATGAGTCTGCCTG,0,3015911
ratA_yfjF_predicted,0.5,1,1,CCTTTCGACGGCCGGGGGTA,0,3002923
ratA_yfjF_predicted,0.5,1,1,CCTTTCCTCTCTTCAATCGC,0,2994643
ratA_yfjF_predicted,0.5,1,1,CCTTGGGGGGGGAGTGTTGA,0,3014124
ratA_yfjF_predicted,0.5,1,1,CCTTGCTCGGAGTCAAAGTT,0,2999477
ratA_yfjF_predicted,0.5,1,1,CCTTCTTGGGGGGCGCTTGA,0,3008523
ratA_yfjF_predicted,0.5,1,1,CCTTCGGATGTGCGAATGCA,0,2991967
ratA_yfjF_predicted,0.5,1,1,CCTTATGGTTATATACCATT,0,3016735
ratA_yfjF_predicted,0.5,1,1,CCTTATAATCAATAAGTCAG,0,3002357
ratA_yfjF_predicted,0.5,1,1,CCTTAGGGCCAAGGGTGACG,0,2993048
ratA_yfjF_predicted,0.5,1,1,CCTTAATATGATAGTTGTTC,0,2994828
ratA_yfjF_predicted,0.5,1,1,CCTTAAGATGCGCTTGGGAC,0,3009362
ratA_yfjF_predicted,0.5,1,1,CCTGTGATCCATGTTCGGAT,0,3010773
ratA_yfjF_predicted,0.5,1,1,CCTGTATCCAATGCTCCGTC,0,3005287
ratA_yfjF_predicted,0.5,1,1,CCTGGGTTGAACAAGGGTGA,0,3016994
ratA_yfjF_predicted,0.5,1,1,CCTCTGGACGATCTGATTCA,0,2999731
ratA_yfjF_predicted,0.5,1,1,CCTCTAAAGATTGGCGGACT,0,3002791
ratA_yfjF_predicted,0.5,1,1,CCTCGCTCGGAGATAGTGGA,0,2996342
ratA_yfjF_predicted,0.5,1,1,CCTCGACCGGCGACGAAATA,0,2995540
ratA_yfjF_predicted,0.5,1,1,CCTCCATGAGGCCATGTTGC,0,3000663
ratA_yfjF_predicted,0.5,1,1,CCTCATGTGTGCTTGAACAT,0,3012985
ratA_yfjF_predicted,0.5,1,1,CCTAGCCCACGCCCCAGCTG,0,3018188
ratA_yfjF_predicted,0.5,1,1,CCTAGCAGTATATGACTCTT,0,2997090
ratA_yfjF_predicted,0.5,1,1,CCTAGATATTCTAAGCATAT,0,3007420
ratA_yfjF_predicted,0.5,1,1,CCTACAGATAAACCCTTCAA,0,3011945
ratA_yfjF_predicted,0.5,1,1,CCGTTCCTCAAGGTCGTCGG,0,2996108
ratA_yfjF_predicted,0.5,1,1,CCGTGATGACGAGGCGTAGA,0,3009922
ratA_yfjF_predicted,0.5,1,1,CCGTCCGGTGGGGGCGTTAG,0,3012474
ratA_yfjF_predicted,0.5,1,1,CCGGTAGGCGTGATGAGAAC,0,2999406
ratA_yfjF_predicted,0.5,1,1,CCGGTACGGTATCCGAGTTC,0,3008688
ratA_yfjF_predicted,0.5,1,1,CCGGGGATACTTTGCCCTTA,0,3005668
ratA_yfjF_predicted,0.5,1,1,CCGGCTTTCCTCAATCAACC,0,3002922
ratA_yfjF_predicted,0.5,1,1,CCGGCTTGAATCACTGCCGG,0,3017480
ratA_yfjF_predicted,0.5,1,1,CCGGCGTGAGTTAGCTACAA,0,2992919
ratA_yfjF_predicted,0.5,1,1,CCGGCGTCGGCTCGAAGACG,0,3011052
ratA_yfjF_predicted,0.5,1,1,CCGGCCTCGCGCCCGGCCCT,0,3017556
ratA_yfjF_predicted,0.5,1,1,CCGGCCTCAGGACGCAAGTC,0,3000414
ratA_yfjF_predicted,0.5,1,1,CCGGCCTACATCTAGGTTCC,0,3012186
ratA_yfjF_predicted,0.5,1,1,CCGGCACCGATATCCGGGTC,0,3020407
ratA_yfjF_predicted,0.5,1,1,CCGGAACTGCCGCCCTCTGT,0,3008095
ratA_yfjF_predicted,0.5,1,1,CCGCTGCGCAATCAGTGTGC,0,2997773
ratA_yfjF_predicted,0.5,1,1,CCGCGAGTATGTGATTATCA,0,3018890
ratA_yfjF_predicted,0.5,1,1,CCGCCTCGAGGGTCTGAGTG,0,3018599
ratA_yfjF_predicted,0.5,1,1,CCGCCATACTACACGTACAC,0,3016374
ratA_yfjF_predicted,0.5,1,1,CCGCAGAAAAGGCTGTACCT,0,3011088
ratA_yfjF_predicted,0.5,1,1,CCGATTGCCAATTGGCCACT,0,3003928
ratA_yfjF_predicted,0.5,1,1,CCGATCGTATCCAACCATTA,0,2994679
ratA_yfjF_predicted,0.5,1,1,CCGAGTAGTGGGAGATGGTC,0,3008334
ratA_yfjF_predicted,0.5,1,1,CCGACAGAGACAACTCCTTC,0,3007314
ratA_yfjF_predicted,0.5,1,1,CCGAAAGGACGGGGAAGCTT,0,3011047
ratA_yfjF_predicted,0.5,1,1,CCCTTTTATCACTACTGGTC,0,3010898
ratA_yfjF_predicted,0.5,1,1,CCCTGGGGGTGTGGCGTCCG,0,3014705
ratA_yfjF_predicted,0.5,1,1,CCCTGCGACATGATCGTAAC,0,3017267
ratA_yfjF_predicted,0.5,1,1,CCCTCAAATGTCCCGTGAAG,0,3014123
ratA_yfjF_predicted,0.5,1,1,CCCTATAGAATCGTCTCCCT,0,3007838
ratA_yfjF_predicted,0.5,1,1,CCCTACCCGCGAGGGCTGTC,0,3003963
ratA_yfjF_predicted,0.5,1,1,CCCGGCCATATCCAGCGGAT,0,3014859
ratA_yfjF_predicted,0.5,1,1,CCCGGAGCGTACAAAACTAA,0,2995838
ratA_yfjF_predicted,0.5,1,1,CCCGCGTCTCTTTAACGGAA,0,3017361
ratA_yfjF_predicted,0.5,1,1,CCCGCCATCTACTAAAAAGT,0,3013173
ratA_yfjF_predicted,0.5,1,1,CCCGATCGTACCCGCGTCTT,0,2998494
ratA_yfjF_predicted,0.5,1,1,CCCCTACGGGTAGTGCCAAC,0,3007579
ratA_yfjF_predicted,0.5,1,1,CCCCCCGTACCCTGAGGACA,0,3007851
ratA_yfjF_predicted,0.5,1,1,CCCCAATTTCGACCACTGGT,0,2999702
ratA_yfjF_predicted,0.5,1,1,CCCATTAACCAGTAACACCA,0,3005953
ratA_yfjF_predicted,0.5,1,1,CCCACCCTTCGGGGCTGTCT,0,3000453
ratA_yfjF_predicted,0.5,1,1,CCCACAAGGGTACACAGGGA,0,3016664
ratA_yfjF_predicted,0.5,1,1,CCCAAGGAGGATTATAAAAA,0,2994045
ratA_yfjF_predicted,0.5,1,1,CCCAACCATAGCAAGTGGGT,0,2992400
ratA_yfjF_predicted,0.5,1,1,CCCAAACGCCACTCCCAAGA,0,2993862
ratA_yfjF_predicted,0.5,1,1,CCATTATCGAGACAACCGGT,0,3001783
ratA_yfjF_predicted,0.5,1,1,CCATGTTTTCGGCAGAGAAT,0,2998608
ratA_yfjF_predicted,0.5,1,1,CCATGTCCACGAAACCTGGA,0,3007999
ratA_yfjF_predicted,0.5,1,1,CCATGACCCCCTGGTGGGCA,0,2991919
ratA_yfjF_predicted,0.5,1,1,CCATGAACGGAGCGACTCCT,0,3001627
ratA_yfjF_predicted,0.5,1,1,CCATCATAACAGTTAAGGAT,0,3007945
ratA_yfjF_predicted,0.5,1,1,CCATAGCGCTCACAAGGGTT,0,3019374
ratA_yfjF_predicted,0.5,1,1,CCATAACCTAGGGCGTAGGA,0,3011516
ratA_yfjF_predicted,0.5,1,1,CCAGTTGCAATAGCGGGTCC,0,3016566
ratA_yfjF_predicted,0.5,1,1,CCAGTTACAGCCGTGCATGA,0,3002206
ratA_yfjF_predicted,0.5,1,1,CCAGGTGACTGATGCGCCGG,0,3010982
ratA_yfjF_predicted,0.5,1,1,CCAGGCAGCCGGCTGGACGT,0,2995091
ratA_yfjF_predicted,0.5,1,1,CCAGGATTGAGGGGTACCTG,0,2997825
ratA_yfjF_predicted,0.5,1,1,CCAGCTCTCTTATCTCAATT,0,2994218
ratA_yfjF_predicted,0.5,1,1,CCAGCCCTCACCCAGTTATA,0,3019689
ratA_yfjF_predicted,0.5,1,1,CCAGCAGGCTACGATATAAG,0,3015422
ratA_yfjF_predicted,0.5,1,1,CCAGATACGGGTGACGCTCT,0,3008619
ratA_yfjF_predicted,0.5,1,1,CCACTTATTATCTGACCTTC,0,3018306
ratA_yfjF_predicted,0.5,1,1,CCACGTAACTATCATCACGC,0,3007312
ratA_yfjF_predicted,0.5,1,1,CCACGGACCGCTAGCAGCCG,0,3007799
ratA_yfjF_predicted,0.5,1,1,CCACGATCGGTGCATGCCAT,0,3016230
ratA_yfjF_predicted,0.5,1,1,CCACCGAGGGCACGGCGTAG,0,3019143
ratA_yfjF_predicted,0.5,1,1,CCACCAGATTCAAAAGGGGG,0,3007372
ratA_yfjF_predicted,0.5,1,1,CCACAAGGAAAAGGGCCTTA,0,3015812
ratA_yfjF_predicted,0.5,1,1,CCAATATAAGTATGTATCAA,0,3008750
ratA_yfjF_predicted,0.5,1,1,CCAAGGCTCCTCAGTATACA,0,2994999
ratA_yfjF_predicted,0.5,1,1,CCAAGCTGACAGAAGTGAAG,0,3021297
ratA_yfjF_predicted,0.5,1,1,CCAAGCCGGCGGGGTTACTA,0,2999953
ratA_yfjF_predicted,0.5,1,1,CCAACAGGGTACGTAAAACG,0,3016985
ratA_yfjF_predicted,0.5,1,1,CCAAATAGTGCTAGGTGTAC,0,2999550
ratA_yfjF_predicted,0.5,1,1,CCAAAGCCGTATGGATCCCA,0,2999322
ratA_yfjF_predicted,0.5,1,1,CATTTTTCCCATTATTGTGA,0,3002773
ratA_yfjF_predicted,0.5,1,1,CATTTGTTTCTAGGTCCCTC,0,2998651
ratA_yfjF_predicted,0.5,1,1,CATTTGTACTTGGGCGCATC,0,3004770
ratA_yfjF_predicted,0.5,1,1,CATTTATAGGAAGTTAACGT,0,2998024
ratA_yfjF_predicted,0.5,1,1,CATTTAGAGTCTGGGCCGGA,0,3001078
ratA_yfjF_predicted,0.5,1,1,CATTCCCGGCAAGCGGCCTA,0,3005179
ratA_yfjF_predicted,0.5,1,1,CATTATTCTTCCATTTAGGG,0,3006283
ratA_yfjF_predicted,0.5,1,1,CATTATATGGGCTGGGACAG,0,3016030
ratA_yfjF_predicted,0.5,1,1,CATTATACTCCTGTTCAGTC,0,3011717
ratA_yfjF_predicted,0.5,1,1,CATTACTCTACATTCGTCTA,0,2994449
ratA_yfjF_predicted,0.5,1,1,CATGTTTAGTGGATCGGGTC,0,3016004
ratA_yfjF_predicted,0.5,1,1,CATGTTCAACGTTTGTTAGG,0,3003449
ratA_yfjF_predicted,0.5,1,1,CATGTGGCGTCATGGGAGCA,0,2997440
ratA_yfjF_predicted,0.5,1,1,CATGTGCCGCCCAGGGTTAT,0,2999879
ratA_yfjF_predicted,0.5,1,1,CATGTGAAGATGTCCTTGAC,0,3006921
ratA_yfjF_predicted,0.5,1,1,CATGGTTAGAACAACAGGAT,0,3004835
ratA_yfjF_predicted,0.5,1,1,CATGGCGTCGTGAACTGATA,0,3011665
ratA_yfjF_predicted,0.5,1,1,CATGATCAAGGCCCGACGCG,0,3006688
ratA_yfjF_predicted,0.5,1,1,CATGAACAGATTTTAAGCGG,0,3002795
ratA_yfjF_predicted,0.5,1,1,CATCTGGTCGTTACGTCTCC,0,3015489
ratA_yfjF_predicted,0.5,1,1,CATCTAGTTCCGGCTCAGCG,0,2996444
ratA_yfjF_predicted,0.5,1,1,CATCGTTAGCAGCTAGGATA,0,3015613
ratA_yfjF_predicted,0.5,1,1,CATCGTAGTCGCCTCGTACA,0,2994808
ratA_yfjF_predicted,0.5,1,1,CATCGGTTCATGGAGCACCT,0,2996636
ratA_yfjF_predicted,0.5,1,1,CATCGACCAGGAACCACTAT,0,3009507
ratA_yfjF_predicted,0.5,1,1,CATCGAAAGCAGATAACTGA,0,3003935
ratA_yfjF_predicted,0.5,1,1,CATCCGCATCTAAGCAGCCA,0,3012924
ratA_yfjF_predicted,0.5,1,1,CATCCAGGCGGTTCGCGGTG,0,3018482
ratA_yfjF_predicted,0.5,1,1,CATCACTAGCTTATTGCCCA,0,2997561
ratA_yfjF_predicted,0.5,1,1,CATATTTGGATACTCATCAG,0,2992798
ratA_yfjF_predicted,0.5,1,1,CATATTCAGTTGTAGGCGCA,0,3019781
ratA_yfjF_predicted,0.5,1,1,CATAGTCTTTAGGTCAACGG,0,3002279
ratA_yfjF_predicted,0.5,1,1,CATAGAGTGTCTGATGATAT,0,2997669
ratA_yfjF_predicted,0.5,1,1,CATACGGGACTTTGTGGGCT,0,3006304
ratA_yfjF_predicted,0.5,1,1,CATACCACTGCCTCGCGAGG,0,2993588
ratA_yfjF_predicted,0.5,1,1,CATAAGGCGAATGCGCTTTC,0,3004430
ratA_yfjF_predicted,0.5,1,1,CAGTTGCCTTATCTACTATA,0,3002257
ratA_yfjF_predicted,0.5,1,1,CAGTGTGCCGCCAATGGTAC,0,3008280
ratA_yfjF_predicted,0.5,1,1,CAGTGCCTGATCATTAGTGC,0,3001350
ratA_yfjF_predicted,0.5,1,1,CAGTCTCCATCGGCGTAAGC,0,2999651
ratA_yfjF_predicted,0.5,1,1,CAGTCGTTGTGGTAATGAGT,0,3003589
ratA_yfjF_predicted,0.5,1,1,CAGTATCGCCGCTCTGTTAA,0,2994664
ratA_yfjF_predicted,0.5,1,1,CAGGTGCTATAAAAGGAATA,0,2993487
ratA_yfjF_predicted,0.5,1,1,CAGGTCCTCTTAGTTCTGCT,0,3017978
ratA_yfjF_predicted,0.5,1,1,CAGGGTCGAACTTGCCCCCC,0,3004491
ratA_yfjF_predicted,0.5,1,1,CAGGGGTCCTCCGTTGTGGC,0,2996135
ratA_yfjF_predicted,0.5,1,1,CAGGGCTCCTTTCCAAAACT,0,3008292
ratA_yfjF_predicted,0.5,1,1,CAGGCCTACGATGACCGTCT,0,3017940
ratA_yfjF_predicted,0.5,1,1,CAGGCCGAGTGACCAATGGC,0,3005052
ratA_yfjF_predicted,0.5,1,1,CAGGCAGACTTAAGAGTGCT,0,3004417
ratA_yfjF_predicted,0.5,1,1,CAGGATAAAAAATAACAGTA,0,2997539
ratA_yfjF_predicted,0.5,1,1,CAGCTACGCTCAGAGCCACC,0,2996787
ratA_yfjF_predicted,0.5,1,1,CAGCGGACGAATATGAGCGG,0,3010334
ratA_yfjF_predicted,0.5,1,1,CAGCATGGGAACTGGGCATA,0,2994300
ratA_yfjF_predicted,0.5,1,1,CAGCACGACTCTCAAAACGG,0,3015192
ratA_yfjF_predicted,0.5,1,1,CAGATTACTACTTGATACAA,0,3015592
ratA_yfjF_predicted,0.5,1,1,CAGATTAACCGAAGGCTAAA,0,2995534
ratA_yfjF_predicted,0.5,1,1,CAGATGCGACCTCGTACGCA,0,2992416
ratA_yfjF_predicted,0.5,1,1,CAGAGGCATGTCCCGGAAAA,0,3007764
ratA_yfjF_predicted,0.5,1,1,CAGAGCGCACGCAAGCAGGC,0,2995793
ratA_yfjF_predicted,0.5,1,1,CAGACTCTATACGCATGGAA,0,3007733
ratA_yfjF_predicted,0.5,1,1,CAGACAATAAGCATGTAACG,0,3000560
ratA_yfjF_predicted,0.5,1,1,CAGAATCGCTTCAGTAATCA,0,2993032
ratA_yfjF_predicted,0.5,1,1,CAGAACTCTGTAAGCTTTAT,0,2995981
ratA_yfjF_predicted,0.5,1,1,CACTTAACTAAAGGGCAGAA,0,3021409
ratA_yfjF_predicted,0.5,1,1,CACTGGCAAGGCAAGGGCCT,0,2996790
ratA_yfjF_predicted,0.5,1,1,CACTGCTGTTAACACATAAA,0,3012529
ratA_yfjF_predicted,0.5,1,1,CACTCGTCCCCGGGCTTAAG,0,2995286
ratA_yfjF_predicted,0.5,1,1,CACTCACTGGCCGCGAGAGC,0,3000304
ratA_yfjF_predicted,0.5,1,1,CACTAATTCAATACCGGAGG,0,3014633
ratA_yfjF_predicted,0.5,1,1,CACGGGGGCATGTAGATCTT,0,3020356
ratA_yfjF_predicted,0.5,1,1,CACGGGCTCTGGTTGTTGTA,0,3017639
ratA_yfjF_predicted,0.5,1,1,CACGCCGTACGCATCGGACA,0,3020327
ratA_yfjF_predicted,0.5,1,1,CACGAATATGCCAATCCCCA,0,2996074
ratA_yfjF_predicted,0.5,1,1,CACCGGTTTCATGCTTCTAT,0,3018011
ratA_yfjF_predicted,0.5,1,1,CACCGGCAGGGATCGTAGCA,0,3004774
ratA_yfjF_predicted,0.5,1,1,CACCGAAATCTGGCTGGCTA,0,3004355
ratA_yfjF_predicted,0.5,1,1,CACCCGACGTGGCAAGGTAA,0,3012531
ratA_yfjF_predicted,0.5,1,1,CACCCATCTAAGCCGGACCC,0,2997871
ratA_yfjF_predicted,0.5,1,1,CACCCAAATCTGTGCTATCC,0,3000208
ratA_yfjF_predicted,0.5,1,1,CACCATTACAAGCCTTGACT,0,3006511
ratA_yfjF_predicted,0.5,1,1,CACCAATCACCTAGAAGGCG,0,3013934
ratA_yfjF_predicted,0.5,1,1,CACAGATTGCACTTTGGACG,0,2993491
ratA_yfjF_predicted,0.5,1,1,CACAGAGGCAACGGCCTCAT,0,3010500
ratA_yfjF_predicted,0.5,1,1,CACACGGCTCACGACATTCC,0,2993393
ratA_yfjF_predicted,0.5,1,1,CACACGCGGAGCGTCCAACC,0,2998267
ratA_yfjF_predicted,0.5,1,1,CACAAGAACGGCGAATAACT,0,3012754
ratA_yfjF_predicted,0.5,1,1,CAATTGGTTCCCCGCTGACG,0,3001516
ratA_yfjF_predicted,0.5,1,1,CAATTAAGAGCAGCTTCAGA,0,3006198
ratA_yfjF_predicted,0.5,1,1,CAATAAGATAAGGATAAAGC,0,3008366
ratA_yfjF_predicted,0.5,1,1,CAAGGGTGAAGCTAACCGGT,0,2992301
ratA_yfjF_predicted,0.5,1,1,CAAGGCCTTTTCCATATTCT,0,2996071
ratA_yfjF_predicted,0.5,1,1,CAAGATTTACCCGGTGAAAT,0,3012074
ratA_yfjF_predicted,0.5,1,1,CAAGAACTCTTCCGAGCGGT,0,3018489
ratA_yfjF_predicted,0.5,1,1,CAACTGTCATTGTTCCACTC,0,3010102
ratA_yfjF_predicted,0.5,1,1,CAACTCATTTCCTTGCCCGA,0,3002899
ratA_yfjF_predicted,0.5,1,1,CAACTAGGAGCGCCCGCGTT,0,3009227
ratA_yfjF_predicted,0.5,1,1,CAACGTTTGCACACGACGGA,0,3004257
ratA_yfjF_predicted,0.5,1,1,CAACGGGGTACAATGACAAT,0,2995086
ratA_yfjF_predicted,0.5,1,1,CAACGGGATGGTGGTTTGAC,0,2998419
ratA_yfjF_predicted,0.5,1,1,CAACGAAATGACTAAGGAAT,0,2996641
ratA_yfjF_predicted,0.5,1,1,CAACCGGACGGGGACGAACT,0,3017667
ratA_yfjF_predicted,0.5,1,1,CAACATGTGGCGCGATGGCT,0,3003131
ratA_yfjF_predicted,0.5,1,1,CAAATAAGGCTCAATTACAA,0,3015569
ratA_yfjF_predicted,0.5,1,1,CAAAGGGGCGCTGTCTGAAT,0,2993614
ratA_yfjF_predicted,0.5,1,1,CAAAGGCCAGGTGGAGGTAT,0,3010265
ratA_yfjF_predicted,0.5,1,1,CAAACTACTAACCCACTACG,0,3010480
ratA_yfjF_predicted,0.5,1,1,CAAACGGACCTTCACCTATG,0,3010178
ratA_yfjF_predicted,0.5,1,1,ATTTGCTACTTTATTGGCAG,0,3010212
ratA_yfjF_predicted,0.5,1,1,ATTTCAAATGCTTGGGGCGT,0,3019972
ratA_yfjF_predicted,0.5,1,1,ATTTATGCAAGGGGCTTAAC,0,3013002
ratA_yfjF_predicted,0.5,1,1,ATTTAAATCCGGGACACCCC,0,3009730
ratA_yfjF_predicted,0.5,1,1,ATTGGTTTGGAAGGCCTTTA,0,3014653
ratA_yfjF_predicted,0.5,1,1,ATTGGTACCGGCAATGAAAA,0,2994821
ratA_yfjF_predicted,0.5,1,1,ATTGCGGTCCCCCGTCGCGT,0,3008979
ratA_yfjF_predicted,0.5,1,1,ATTCTTAAAAATTGACAGAT,0,2992110
ratA_yfjF_predicted,0.5,1,1,ATTCTCGCGCAGTCTCTCCG,0,2997830
ratA_yfjF_predicted,0.5,1,1,ATTCCGGTCACTCTCTAAGG,0,3007186
ratA_yfjF_predicted,0.5,1,1,ATTCCGCACCCGGTCAAACT,0,3006204
ratA_yfjF_predicted,0.5,1,1,ATTCCCGGAACTCCCCTTTC,0,3003908
ratA_yfjF_predicted,0.5,1,1,ATTCATGGGGAAATGGAGAT,0,3019628
ratA_yfjF_predicted,0.5,1,1,ATTATTGCGAGCTTTCCTGA,0,2995927
ratA_yfjF_predicted,0.5,1,1,ATTATTAAGTTGTATAGGCT,0,3008721
ratA_yfjF_predicted,0.5,1,1,ATTAGGGGTTTCAACTCACC,0,3004384
ratA_yfjF_predicted,0.5,1,1,ATTAGCAGTTTTTTCCACAT,0,3015918
ratA_yfjF_predicted,0.5,1,1,ATGTTTCGTTCAGCAGCAAG,0,3020931
ratA_yfjF_predicted,0.5,1,1,ATGTTTAAAGGGACGCCAGT,0,3004128
ratA_yfjF_predicted,0.5,1,1,ATGTTCTACGGAAGTGGTAG,0,3012963
ratA_yfjF_predicted,0.5,1,1,ATGTTCGACTTGTCTATTTA,0,3011675
ratA_yfjF_predicted,0.5,1,1,ATGTGTCACCCAGCTCCGCA,0,3020753
ratA_yfjF_predicted,0.5,1,1,ATGTGGCCGGCTACCGAAGA,0,3018998
ratA_yfjF_predicted,0.5,1,1,ATGTGAGCGTGTACCCCAAT,0,3021473
ratA_yfjF_predicted,0.5,1,1,ATGTGAACGTGCTTCGGAGG,0,3003801
ratA_yfjF_predicted,0.5,1,1,ATGTCATACGTCATTAACAG,0,2999347
ratA_yfjF_predicted,0.5,1,1,ATGTAATATCGATACCGCGG,0,3008488
ratA_yfjF_predicted,0.5,1,1,ATGGTTGATCATACGGTGCG,0,3021301
ratA_yfjF_predicted,0.5,1,1,ATGGTGAGATGCCCTTATGA,0,3002703
ratA_yfjF_predicted,0.5,1,1,ATGGTCCTATTGATACAAAA,0,3005952
ratA_yfjF_predicted,0.5,1,1,ATGGTAAGCGAGGTGTCTGC,0,3016955
ratA_yfjF_predicted,0.5,1,1,ATGGGTGGGGGTTCGGTACT,0,3004689
ratA_yfjF_predicted,0.5,1,1,ATGGGGTCATCATGGCAGAC,0,3010408
ratA_yfjF_predicted,0.5,1,1,ATGGGCTCCGGTTCTTATAA,0,3012347
ratA_yfjF_predicted,0.5,1,1,ATGGGCTCAGGGCCGTAGAG,0,3011420
ratA_yfjF_predicted,0.5,1,1,ATGGGATCACCTTCTGCGCC,0,2993645
ratA_yfjF_predicted,0.5,1,1,ATGGGACATGTTTCCAGTAT,0,3012446
ratA_yfjF_predicted,0.5,1,1,ATGGCACCGAGGCAGCCTCG,0,2995598
ratA_yfjF_predicted,0.5,1,1,ATGCTGCAGACGGTATGGAG,0,2995268
ratA_yfjF_predicted,0.5,1,1,ATGCGGCTTTTCCAGGCTCA,0,3004740
ratA_yfjF_predicted,0.5,1,1,ATGCCTCCAGAGGATGTCTG,0,3015390
ratA_yfjF_predicted,0.5,1,1,ATGCCGCAACGGCTAAAGCA,0,2993562
ratA_yfjF_predicted,0.5,1,1,ATGCATTTCTACTTGCGAAA,0,3008368
ratA_yfjF_predicted,0.5,1,1,ATGATCGAAGAACGTCCAAT,0,3012609
ratA_yfjF_predicted,0.5,1,1,ATGATATTGTCAGTTATAAG,0,3020858
ratA_yfjF_predicted,0.5,1,1,ATGATACTCGTAGGATTATG,0,3020740
ratA_yfjF_predicted,0.5,1,1,ATGAGTCAATTGTCCCACAA,0,3017461
ratA_yfjF_predicted,0.5,1,1,ATGAGCCGCAGAGCGGGCGG,0,3011308
ratA_yfjF_predicted,0.5,1,1,ATGAGATGACTGCAGATGAG,0,3005522
ratA_yfjF_predicted,0.5,1,1,ATGAACGGTGGGGAAGTTCA,0,3015495
ratA_yfjF_predicted,0.5,1,1,ATCTTTTAAAACTAGCGTTT,0,3005804
ratA_yfjF_predicted,0.5,1,1,ATCTTGGGCCTAGGCAGGCC,0,3013118
ratA_yfjF_predicted,0.5,1,1,ATCTGCTGGGATTTTCTTCT,0,2991864
ratA_yfjF_predicted,0.5,1,1,ATCTGCGTTGGAACGAAGAG,0,3011997
ratA_yfjF_predicted,0.5,1,1,ATCTGACAGCTCGTAACCGT,0,3004551
ratA_yfjF_predicted,0.5,1,1,ATCTCGTTTGAGACGGGCCT,0,3016696
ratA_yfjF_predicted,0.5,1,1,ATCTCGACGACGATTAGAAA,0,3017876
ratA_yfjF_predicted,0.5,1,1,ATCGTGGTAAGTTCGTAATC,0,2992789
ratA_yfjF_predicted,0.5,1,1,ATCGTAATAAGATTCGGTCC,0,3007293
ratA_yfjF_predicted,0.5,1,1,ATCGGGAGCACAGAGGTGCG,0,3015825
ratA_yfjF_predicted,0.5,1,1,ATCGGACTGCTAGATAAATA,0,2995397
ratA_yfjF_predicted,0.5,1,1,ATCGCACAACTGGATGCATA,0,2992879
ratA_yfjF_predicted,0.5,1,1,ATCGACGCAACGTCGGCCGT,0,3021392
ratA_yfjF_predicted,0.5,1,1,ATCGAATTGTGACAGATACG,0,3010571
ratA_yfjF_predicted,0.5,1,1,ATCGAAACTCCTACACGAGA,0,3020494
ratA_yfjF_predicted,0.5,1,1,ATCCTTTTAGGTCGGAAGTC,0,3010504
ratA_yfjF_predicted,0.5,1,1,ATCCGTACTTTCTTAGATGC,0,2999777
ratA_yfjF_predicted,0.5,1,1,ATCCGGGCGAATGTCTCTGA,0,2999478
ratA_yfjF_predicted,0.5,1,1,ATCCGCCAAGCGATGCTTAC,0,2992799
ratA_yfjF_predicted,0.5,1,1,ATCCGCATCACTAATACGTA,0,3010396
ratA_yfjF_predicted,0.5,1,1,ATCCGCAACGTTTTCATCTT,0,3002388
ratA_yfjF_predicted,0.5,1,1,ATCCGAGTGGTACAGGCGCC,0,3021356
ratA_yfjF_predicted,0.5,1,1,ATCCCCAAGACCTCCAATCT,0,3007765
ratA_yfjF_predicted,0.5,1,1,ATCCAGGAGAGAGTAGGGAC,0,3010292
ratA_yfjF_predicted,0.5,1,1,ATCCACTGTACATACCGCGG,0,3006445
ratA_yfjF_predicted,0.5,1,1,ATCATTTCACCGTATTGATC,0,3014689
ratA_yfjF_predicted,0.5,1,1,ATCAGACGGTGTCACTTGTC,0,3003234
ratA_yfjF_predicted,0.5,1,1,ATCACTGGAATAAGCTTAAA,0,2994793
ratA_yfjF_predicted,0.5,1,1,ATCACACTAAAGGCCCTGCA,0,3003192
ratA_yfjF_predicted,0.5,1,1,ATCAATGCTCTTAGCTCTGC,0,2994661
ratA_yfjF_predicted,0.5,1,1,ATATTGTTGGTTCGTAAGAT,0,3014282
ratA_yfjF_predicted,0.5,1,1,ATATTCGTCTCGCGACCTGT,0,3011730
ratA_yfjF_predicted,0.5,1,1,ATATTCCTGTCCCAAGGCTA,0,3007785
ratA_yfjF_predicted,0.5,1,1,ATATTCACCTGCTCCATAAA,0,3011123
ratA_yfjF_predicted,0.5,1,1,ATATGGTGCCATCAACCGCT,0,3008251
ratA_yfjF_predicted,0.5,1,1,ATATGATCTTCGTCAGGGAG,0,3013697
ratA_yfjF_predicted,0.5,1,1,ATATCGTATTCGGCAAGAAA,0,2992070
ratA_yfjF_predicted,0.5,1,1,ATATCGGTTGCTAATGAGTC,0,3000322
ratA_yfjF_predicted,0.5,1,1,ATATCCTCACAGAAAAACTG,0,2998230
ratA_yfjF_predicted,0.5,1,1,ATATACAAACTTTTAGCACG,0,3001285
ratA_yfjF_predicted,0.5,1,1,ATATAATCTCGTCCCTATTG,0,3017825
ratA_yfjF_predicted,0.5,1,1,ATATAAGAGTGACATGATAA,0,2994971
ratA_yfjF_predicted,0.5,1,1,ATAGTTTGCTGGTCCTGAGC,0,3019534
ratA_yfjF_predicted,0.5,1,1,ATAGTGGTTCTACTCACAAT,0,3011362
ratA_yfjF_predicted,0.5,1,1,ATAGTGGTGAGCACAGTGCG,0,2993035
ratA_yfjF_predicted,0.5,1,1,ATAGTGCAATACGCTGAAAC,0,3020668
ratA_yfjF_predicted,0.5,1,1,ATAGTATTAATCAAGGGCGT,0,3011366
ratA_yfjF_predicted,0.5,1,1,ATAGGGAGTGTTTGTTTCCC,0,3007678
ratA_yfjF_predicted,0.5,1,1,ATAGCTAATAATCTCGACAG,0,2992778
ratA_yfjF_predicted,0.5,1,1,ATAGCGGCACCGGTATGAAA,0,3001787
ratA_yfjF_predicted,0.5,1,1,ATAGATTCTACCGAGGTTAC,0,3010070
ratA_yfjF_predicted,0.5,1,1,ATAGATCCACCGCCGGTGTC,0,3011682
ratA_yfjF_predicted,0.5,1,1,ATAGACGGCACCCCACAAAG,0,2996380
ratA_yfjF_predicted,0.5,1,1,ATACTGATCGTGTCGGCAGG,0,3015206
ratA_yfjF_predicted,0.5,1,1,ATACGTATAAGTAGCGCCGG,0,3011596
ratA_yfjF_predicted,0.5,1,1,ATACCTACGACCGAGCTTAT,0,3004485
ratA_yfjF_predicted,0.5,1,1,ATACATAGGATATTTCAAAT,0,3006309
ratA_yfjF_predicted,0.5,1,1,ATACAGTTCTTTATGATCCG,0,3021039
ratA_yfjF_predicted,0.5,1,1,ATAATTAACATTGAGTTGAA,0,2999376
ratA_yfjF_predicted,0.5,1,1,ATAATGGCCGGCTAACGATT,0,3001249
ratA_yfjF_predicted,0.5,1,1,ATAATCCGGTGCGTTTGTGG,0,3003525
ratA_yfjF_predicted,0.5,1,1,ATAAGTTACGCCAATAAAGA,0,3006928
ratA_yfjF_predicted,0.5,1,1,ATAACAGGTTAAGGATGTAT,0,3002486
ratA_yfjF_predicted,0.5,1,1,ATAACAATATTAGAAATTGT,0,2997990
ratA_yfjF_predicted,0.5,1,1,ATAAAACAATTTGAAGTTTA,0,3017224
ratA_yfjF_predicted,0.5,1,1,AGTTTTGAGACGATAGCAGC,0,2999062
ratA_yfjF_predicted,0.5,1,1,AGTTTTATATTGCACTACGT,0,3003750
ratA_yfjF_predicted,0.5,1,1,AGTTCCTGAATAGAATACTT,0,3021429
ratA_yfjF_predicted,0.5,1,1,AGTTAGAGTAGTGGCATTAT,0,3020342
ratA_yfjF_predicted,0.5,1,1,AGTTACTTCGTAGCTAGCCT,0,3012185
ratA_yfjF_predicted,0.5,1,1,AGTTACAGTCGAGATGTGAG,0,2997387
ratA_yfjF_predicted,0.5,1,1,AGTTAAGCAGGGTGTCACTT,0,3002140
ratA_yfjF_predicted,0.5,1,1,AGTGTGTGACATGTTGATTA,0,3004160
ratA_yfjF_predicted,0.5,1,1,AGTGTAGATAAAGTGGCCGT,0,3000402
ratA_yfjF_predicted,0.5,1,1,AGTGGCATGGCATATGCGAC,0,3015420
ratA_yfjF_predicted,0.5,1,1,AGTGGAAATGCTGCTAAAAC,0,3006950
ratA_yfjF_predicted,0.5,1,1,AGTGCTTCAAGCCGCGGGAA,0,3010848
ratA_yfjF_predicted,0.5,1,1,AGTGCGGGGCGCCCGAATGG,0,2993401
ratA_yfjF_predicted,0.5,1,1,AGTCGGGCAGTTAAGCAAAA,0,3015291
ratA_yfjF_predicted,0.5,1,1,AGTCGATATGGAAGACCCTA,0,3009542
ratA_yfjF_predicted,0.5,1,1,AGTCCTCGGACAAATTAAGT,0,3001266
ratA_yfjF_predicted,0.5,1,1,AGTCAACACGTATCACGTCC,0,3013101
ratA_yfjF_predicted,0.5,1,1,AGTATGTGTTCTAGATAGGC,0,2997057
ratA_yfjF_predicted,0.5,1,1,AGTATATACAAACGTTGGAA,0,3018819
ratA_yfjF_predicted,0.5,1,1,AGTAGGTGGAATTAACAGTT,0,2993668
ratA_yfjF_predicted,0.5,1,1,AGTAGGCACCAATCCGCCAT,0,2998245
ratA_yfjF_predicted,0.5,1,1,AGTAGCGTAAACTGCTGGCC,0,3014535
ratA_yfjF_predicted,0.5,1,1,AGTACTAGGCCTCACTGTCT,0,3015452
ratA_yfjF_predicted,0.5,1,1,AGTACGTGTAGGGCGGAACG,0,3014782
ratA_yfjF_predicted,0.5,1,1,AGTAATGACCTATACGTTAC,0,2992617
ratA_yfjF_predicted,0.5,1,1,AGTAACTGAGCCTGGACTAC,0,3004567
ratA_yfjF_predicted,0.5,1,1,AGTAAACTGCGAAGACACAA,0,2997115
ratA_yfjF_predicted,0.5,1,1,AGTAAACAGTCACTACAAAA,0,3011752
ratA_yfjF_predicted,0.5,1,1,AGGTTTGGGTGAGGGGAAAG,0,3012674
ratA_yfjF_predicted,0.5,1,1,AGGTTTCTGTATACGGATGA,0,3016815
ratA_yfjF_predicted,0.5,1,1,AGGTGAAGGCTTTCGTTTTC,0,3015735
ratA_yfjF_predicted,0.5,1,1,AGGTCTGAATCGCATGTATC,0,2994518
ratA_yfjF_predicted,0.5,1,1,AGGTAAAAATGGACATATAT,0,2996940
ratA_yfjF_predicted,0.5,1,1,AGGGTGTGCTGAGTGTCGCC,0,3012109
ratA_yfjF_predicted,0.5,1,1,AGGGCTTAAATGGTTTCACA,0,3012083
ratA_yfjF_predicted,0.5,1,1,AGGGCTCAATACGAGTTTCA,0,3020569
ratA_yfjF_predicted,0.5,1,1,AGGGCGACATATGGGTCAGG,0,3021268
ratA_yfjF_predicted,0.5,1,1,AGGGCATACCGTCATGCTCC,0,3015391
ratA_yfjF_predicted,0.5,1,1,AGGGATCTGTTGCGATCAAT,0,3004724
ratA_yfjF_predicted,0.5,1,1,AGGGACTCATATTCCAGGCC,0,3007510
ratA_yfjF_predicted,0.5,1,1,AGGGACGGGGCTATCGAAGC,0,3018027
ratA_yfjF_predicted,0.5,1,1,AGGGACCACACCCTGAGTGG,0,3016118
ratA_yfjF_predicted,0.5,1,1,AGGCTTAGACCCTTATGGCG,0,2992179
ratA_yfjF_predicted,0.5,1,1,AGGCGTATCGGCGCACTGCG,0,3012999
ratA_yfjF_predicted,0.5,1,1,AGGCGCGGGGTACAGCCAAC,0,3011483
ratA_yfjF_predicted,0.5,1,1,AGGCGCAATTACGCAATAAC,0,3007274
ratA_yfjF_predicted,0.5,1,1,AGGCCCCTAGTCCAGGTCGG,0,3019137
ratA_yfjF_predicted,0.5,1,1,AGGCAGGATCGGCCCAGTGA,0,3016924
ratA_yfjF_predicted,0.5,1,1,AGGCAAGCAAGATCCTTAGC,0,3004200
ratA_yfjF_predicted,0.5,1,1,AGGATTACTTTAGACAGCGT,0,3011605
ratA_yfjF_predicted,0.5,1,1,AGGAGTGGCACAGTCGCGAG,0,3012554
ratA_yfjF_predicted,0.5,1,1,AGGAGGTCGGCCGAATGCAC,0,3011037
ratA_yfjF_predicted,0.5,1,1,AGGAGGAGACTGCGACTGTA,0,2997917
ratA_yfjF_predicted,0.5,1,1,AGCTTTTCAACCTCTAGGTA,0,3014925
ratA_yfjF_predicted,0.5,1,1,AGCTTGCAGCTTATTGTGGA,0,3014615
ratA_yfjF_predicted,0.5,1,1,AGCTGCAGGTTTACGACAAC,0,2993682
ratA_yfjF_predicted,0.5,1,1,AGCTCTCGTTACTGTGACAC,0,3008352
ratA_yfjF_predicted,0.5,1,1,AGCTCTAGCTGGTATACCGG,0,3000705
ratA_yfjF_predicted,0.5,1,1,AGCTCCGAAAAATCGCCAGA,0,2996197
ratA_yfjF_predicted,0.5,1,1,AGCTCCAAGGCTCCCCCCTT,0,3019655
ratA_yfjF_predicted,0.5,1,1,AGCGTACAGGAGGTTGGGAC,0,2995124
ratA_yfjF_predicted,0.5,1,1,AGCGGTGTCAGACGTGAGCC,0,3015166
ratA_yfjF_predicted,0.5,1,1,AGCGGGTTTCAAGTCATTGT,0,3014178
ratA_yfjF_predicted,0.5,1,1,AGCGGGAACTAATGGCACGG,0,3013206
ratA_yfjF_predicted,0.5,1,1,AGCGCATCCATCAGGAATGG,0,3011159
ratA_yfjF_predicted,0.5,1,1,AGCGATCGGCGTGATGTGGA,0,3021257
ratA_yfjF_predicted,0.5,1,1,AGCCTGTACTGGTCCCGGGA,0,3010496
ratA_yfjF_predicted,0.5,1,1,AGCCTAGTCTTTGGTCAGAC,0,3002819
ratA_yfjF_predicted,0.5,1,1,AGCCGGGTATTCATATGACT,0,3010437
ratA_yfjF_predicted,0.5,1,1,AGCCGGAACAGATTACCTTC,0,3016895
ratA_yfjF_predicted,0.5,1,1,AGCCCGTCATCCATCCTCTG,0,3009693
ratA_yfjF_predicted,0.5,1,1,AGCCCCAGTAGTTTACACGA,0,3020696
ratA_yfjF_predicted,0.5,1,1,AGCCAGGCTTACGCGCCTAT,0,2996285
ratA_yfjF_predicted,0.5,1,1,AGCATTAGGTAACTCCATTT,0,3012996
ratA_yfjF_predicted,0.5,1,1,AGCATGACATATAGCATTAA,0,2997260
ratA_yfjF_predicted,0.5,1,1,AGCAGGGTACAGACAGCCCC,0,3010696
ratA_yfjF_predicted,0.5,1,1,AGCAGAAATCACGGCCGTTG,0,3007736
ratA_yfjF_predicted,0.5,1,1,AGCACGGGGTCTAAGCACGT,0,3006752
ratA_yfjF_predicted,0.5,1,1,AGCACGATGCGGAGTGCATA,0,3006350
ratA_yfjF_predicted,0.5,1,1,AGCAATCGTGCTTAGATCAC,0,2995032
ratA_yfjF_predicted,0.5,1,1,AGCAAAAAGGCATAAGACCC,0,2998352
ratA_yfjF_predicted,0.5,1,1,AGATGAGGTGAGAACGGATT,0,3000330
ratA_yfjF_predicted,0.5,1,1,AGATAACCCCGTGAGGACAG,0,3012920
ratA_yfjF_predicted,0.5,1,1,AGAGTTAAGGAGAGTGAGTC,0,3001356
ratA_yfjF_predicted,0.5,1,1,AGAGTGAGGCTAGATGCCAT,0,2996010
ratA_yfjF_predicted,0.5,1,1,AGAGTCTAGTCAGGTCTCTA,0,3002074
ratA_yfjF_predicted,0.5,1,1,AGAGTATTAAGTGGATAGAC,0,2999378
ratA_yfjF_predicted,0.5,1,1,AGAGTAGAATAACCAGGGTA,0,2992251
ratA_yfjF_predicted,0.5,1,1,AGAGCAAACGTTTACATCGT,0,3018284
ratA_yfjF_predicted,0.5,1,1,AGAGATACGACCACGGGGCT,0,3018805
ratA_yfjF_predicted,0.5,1,1,AGAGATACACACTGCATTTT,0,3004209
ratA_yfjF_predicted,0.5,1,1,AGACTCACCTGGGAGCAGAT,0,3003639
ratA_yfjF_predicted,0.5,1,1,AGACGTATATCAATCTGTAC,0,2998783
ratA_yfjF_predicted,0.5,1,1,AGACGCCGAGGCGTTGTATT,0,3002143
ratA_yfjF_predicted,0.5,1,1,AGACCATCGGCCTCGACTCT,0,2992085
ratA_yfjF_predicted,0.5,1,1,AGACCACTCCGAATAGCAAT,0,2996537
ratA_yfjF_predicted,0.5,1,1,AGAATAAACTGTCGGCTTAG,0,3013283
ratA_yfjF_predicted,0.5,1,1,AGAAATTCGAACTGATACGC,0,3011635
ratA_yfjF_predicted,0.5,1,1,AGAAATAAGGTGCGTTTTAA,0,3013542
ratA_yfjF_predicted,0.5,1,1,AGAAACTGAACTTGTGATAT,0,3010490
ratA_yfjF_predicted,0.5,1,1,ACTTTGTGACAGCACCCTTA,0,3007566
ratA_yfjF_predicted,0.5,1,1,ACTTTCCGTAAGGGGAAGGC,0,2995831
ratA_yfjF_predicted,0.5,1,1,ACTTGTCCCTCGTTCCTAAT,0,2997753
ratA_yfjF_predicted,0.5,1,1,ACTTCGGCGGATTCTTCGCC,0,3004507
ratA_yfjF_predicted,0.5,1,1,ACTTCCCGAGGACCCGGCGT,0,2997965
ratA_yfjF_predicted,0.5,1,1,ACTGTTGCGGGGCACTAGAG,0,3004668
ratA_yfjF_predicted,0.5,1,1,ACTGTCAAAGCGTGAGTGGG,0,3017937
ratA_yfjF_predicted,0.5,1,1,ACTGGTCGGCAGCACAGTTA,0,3004387
ratA_yfjF_predicted,0.5,1,1,ACTGGCAACGTGATTAGGGT,0,2991985
ratA_yfjF_predicted,0.5,1,1,ACTGCGAGCGACTTACCTAG,0,3005711
ratA_yfjF_predicted,0.5,1,1,ACTGCATCCGAGGTGCGCAA,0,3007756
ratA_yfjF_predicted,0.5,1,1,ACTGAAAGCTTTCGGGCAGT,0,3013305
ratA_yfjF_predicted,0.5,1,1,ACTCGAGGCCTAAGGAGGAA,0,2996742
ratA_yfjF_predicted,0.5,1,1,ACTCCTGGACCTTACCGGGA,0,3003217
ratA_yfjF_predicted,0.5,1,1,ACTCCCCAAGGGCTCTCACC,0,3005426
ratA_yfjF_predicted,0.5,1,1,ACTCCATACAAGGTGGTTGG,0,2999144
ratA_yfjF_predicted,0.5,1,1,ACTCATAAGAAAAACCATAA,0,3020603
ratA_yfjF_predicted,0.5,1,1,ACTCACACCCGGCATCTTGG,0,3020096
ratA_yfjF_predicted,0.5,1,1,ACTATCGGTTGAAGTGCGAG,0,3015325
ratA_yfjF_predicted,0.5,1,1,ACTACCCGCGATTTAGATAT,0,3010424
ratA_yfjF_predicted,0.5,1,1,ACTACCCCGAGCTCTACTTG,0,2993137
ratA_yfjF_predicted,0.5,1,1,ACTACAGGTCGGTCGGAACT,0,3012880
ratA_yfjF_predicted,0.5,1,1,ACTACAATTCGTTAACGATT,0,2993548
ratA_yfjF_predicted,0.5,1,1,ACTAACTTTAGGAGCATAAT,0,2994930
ratA_yfjF_predicted,0.5,1,1,ACTAAATGTCTGCGCTTTCA,0,3010369
ratA_yfjF_predicted,0.5,1,1,ACGTGTCACCTGGTTGGTTG,0,3000470
ratA_yfjF_predicted,0.5,1,1,ACGTGACTTGAATCGAAACG,0,2994977
ratA_yfjF_predicted,0.5,1,1,ACGTCTTACAGTCCGATTGA,0,3000380
ratA_yfjF_predicted,0.5,1,1,ACGTCTAGCGCCTGCACTGT,0,3012322
ratA_yfjF_predicted,0.5,1,1,ACGTCGGTCACATGTGAAGG,0,3003227
ratA_yfjF_predicted,0.5,1,1,ACGTCGCGTATACGTAAACA,0,2995750
ratA_yfjF_predicted,0.5,1,1,ACGTCATATCTATACAGTCC,0,3015142
ratA_yfjF_predicted,0.5,1,1,ACGTACGCCTAGTACCTATA,0,2993639
ratA_yfjF_predicted,0.5,1,1,ACGTAAACGTCCCAAACTAA,0,3012400
ratA_yfjF_predicted,0.5,1,1,ACGGTTTAATAGCATTGTCG,0,2997937
ratA_yfjF_predicted,0.5,1,1,ACGGTATTGAGAGCCTGTAA,0,2995520
ratA_yfjF_predicted,0.5,1,1,ACGGTAAACAGAGACCGTCA,0,2995541
ratA_yfjF_predicted,0.5,1,1,ACGGGGTGCCGACGACTAGA,0,3019460
ratA_yfjF_predicted,0.5,1,1,ACGGGGTATTTGGACCCGGT,0,3006828
ratA_yfjF_predicted,0.5,1,1,ACGGGGTAAGTTCGCCCTCG,0,2995343
ratA_yfjF_predicted,0.5,1,1,ACGGGGGAACGACCCGTTTG,0,3011558
ratA_yfjF_predicted,0.5,1,1,ACGGGCATTATCTCACCGCC,0,3012675
ratA_yfjF_predicted,0.5,1,1,ACGGCTATGGAGATGGGGAA,0,3000192
ratA_yfjF_predicted,0.5,1,1,ACGGCCTACTGGACAGGGGT,0,2996913
ratA_yfjF_predicted,0.5,1,1,ACGGCCACAAAGCTTTACTA,0,2993854
ratA_yfjF_predicted,0.5,1,1,ACGGATCGCTCTTTACGTCG,0,3008904
ratA_yfjF_predicted,0.5,1,1,ACGGAGTCCAACAAGAGCGG,0,3016082
ratA_yfjF_predicted,0.5,1,1,ACGGAGCGCTAGTCATAATC,0,2997711
ratA_yfjF_predicted,0.5,1,1,ACGGACCTACAGTACAAAAG,0,2999967
ratA_yfjF_predicted,0.5,1,1,ACGGAAAATCATACCTTTTG,0,3008076
ratA_yfjF_predicted,0.5,1,1,ACGCTGGTTCTCCGAGCAGC,0,3004356
ratA_yfjF_predicted,0.5,1,1,ACGCGTGGCAACGGACTGGA,0,2993162
ratA_yfjF_predicted,0.5,1,1,ACGCGACAACCCGTTGATCT,0,3013393
ratA_yfjF_predicted,0.5,1,1,ACGCGAAACTGTTCGTCAAG,0,3017547
ratA_yfjF_predicted,0.5,1,1,ACGCATTTTGCTTACCCCTC,0,2999859
ratA_yfjF_predicted,0.5,1,1,ACGCATTTTCCCCAATGACC,0,3014907
ratA_yfjF_predicted,0.5,1,1,ACGATGTCCTAAAGCGTAAG,0,3014084
ratA_yfjF_predicted,0.5,1,1,ACGAGGAAGTGATGGCCCCC,0,3008509
ratA_yfjF_predicted,0.5,1,1,ACGACATGTCACGCAAATTC,0,2992765
ratA_yfjF_predicted,0.5,1,1,ACCTTGTTTTACATCACGAT,0,3014394
ratA_yfjF_predicted,0.5,1,1,ACCTTGGTCCCCTAACAGTC,0,3015151
ratA_yfjF_predicted,0.5,1,1,ACCTGTGGGAGTTAATCCTT,0,3009502
ratA_yfjF_predicted,0.5,1,1,ACCTGGGGCTATCTATCTTG,0,2999319
ratA_yfjF_predicted,0.5,1,1,ACCTGCGCAAGTGTCTTCGG,0,3000796
ratA_yfjF_predicted,0.5,1,1,ACCTCTTAGATTTGGTGAAA,0,3015818
ratA_yfjF_predicted,0.5,1,1,ACCTAGGCTTTACAGATGCA,0,3013104
ratA_yfjF_predicted,0.5,1,1,ACCGTTTGTTTACCGGAGGG,0,3005755
ratA_yfjF_predicted,0.5,1,1,ACCGGATTGCCGTCCGGATT,0,3017674
ratA_yfjF_predicted,0.5,1,1,ACCGCTTGCCGGCCTCGACT,0,3000529
ratA_yfjF_predicted,0.5,1,1,ACCGCACAGGTTATTATTGC,0,3010220
ratA_yfjF_predicted,0.5,1,1,ACCGATCACCATGCGGCTCT,0,3013744
ratA_yfjF_predicted,0.5,1,1,ACCCCTTCCCTTGGAACAAA,0,3021393
ratA_yfjF_predicted,0.5,1,1,ACCCCGATCCTGTATCTTGT,0,2995641
ratA_yfjF_predicted,0.5,1,1,ACCCAGAGGTAAAATGTATG,0,3018120
ratA_yfjF_predicted,0.5,1,1,ACCATGGAATTGGCCATTCC,0,3000873
ratA_yfjF_predicted,0.5,1,1,ACCATATAAAATGATCTTAA,0,3020362
ratA_yfjF_predicted,0.5,1,1,ACCAGGGCTGAGAAATCCCA,0,2999361
ratA_yfjF_predicted,0.5,1,1,ACCAGGCCCGTGGGCACCTG,0,2993607
ratA_yfjF_predicted,0.5,1,1,ACCAGACCGACCTCAGACGG,0,3006883
ratA_yfjF_predicted,0.5,1,1,ACCACGACGCGCAATGAGTG,0,3014627
ratA_yfjF_predicted,0.5,1,1,ACCAAGAGTCGTCTTCTTTT,0,3016344
ratA_yfjF_predicted,0.5,1,1,ACATTCTCGATGCGTACAAA,0,3010978
ratA_yfjF_predicted,0.5,1,1,ACATGTACAGATACTCGGCT,0,3015058
ratA_yfjF_predicted,0.5,1,1,ACATGATTTATCCGATGTCT,0,3001696
ratA_yfjF_predicted,0.5,1,1,ACATCTCTAAGATTTTGCCA,0,3017315
ratA_yfjF_predicted,0.5,1,1,ACAGGCACGCTCTGTGCAAA,0,3018801
ratA_yfjF_predicted,0.5,1,1,ACAGCTAGCTTCACGCGCAT,0,3015722
ratA_yfjF_predicted,0.5,1,1,ACAGCCAGAGGGAGGCATAA,0,3018988
ratA_yfjF_predicted,0.5,1,1,ACAGCATCTGGTCTGTGGGG,0,3018274
ratA_yfjF_predicted,0.5,1,1,ACAGCATCGCGGGGTGGTGG,0,3002904
ratA_yfjF_predicted,0.5,1,1,ACACTTGACGCTGTGAGTGT,0,3006011
ratA_yfjF_predicted,0.5,1,1,ACACTGTCCGAAACCTTCAA,0,3008107
ratA_yfjF_predicted,0.5,1,1,ACACTATGCGTTGTGCAGGA,0,3021284
ratA_yfjF_predicted,0.5,1,1,ACACCTCCATATACTTCGTA,0,3007636
ratA_yfjF_predicted,0.5,1,1,ACACCATGGAGGGGTAGACA,0,3012689
ratA_yfjF_predicted,0.5,1,1,ACACAATCTGACCCACCCTT,0,3019805
ratA_yfjF_predicted,0.5,1,1,ACAATGCGGTCGCTCTAGAA,0,3002599
ratA_yfjF_predicted,0.5,1,1,ACAAGGGACCCAATGGACCA,0,3021142
ratA_yfjF_predicted,0.5,1,1,ACAACTAAGACCAGCTTAAT,0,2995317
ratA_yfjF_predicted,0.5,1,1,AATTTGCCCATCCTGAAACG,0,3005566
ratA_yfjF_predicted,0.5,1,1,AATTTGCCAAGCGCAGGGCA,0,3012016
ratA_yfjF_predicted,0.5,1,1,AATTGAACTAACGTACGCAA,0,2992537
ratA_yfjF_predicted,0.5,1,1,AATTCTTTCACCTCACATAG,0,3003233
ratA_yfjF_predicted,0.5,1,1,AATTCATGAAAGCTTCACAG,0,3007459
ratA_yfjF_predicted,0.5,1,1,AATTCACTGGATAACGTTGC,0,3003440
ratA_yfjF_predicted,0.5,1,1,AATTATACGCGTCTTTATTG,0,2994210
ratA_yfjF_predicted,0.5,1,1,AATTACTCTGTCCTGGGTAT,0,2993165
ratA_yfjF_predicted,0.5,1,1,AATGTTTTACCATTCCGTGT,0,3000468
ratA_yfjF_predicted,0.5,1,1,AATGTGGTCTCGTGTTAGCG,0,3004051
ratA_yfjF_predicted,0.5,1,1,AATGTCCGTGCTTGAGTGTT,0,3004858
ratA_yfjF_predicted,0.5,1,1,AATGTCCAAGGAGACCAGCA,0,2994870
ratA_yfjF_predicted,0.5,1,1,AATGGTATGCCATCTGAACA,0,3007441
ratA_yfjF_predicted,0.5,1,1,AATGCCTCAATGAGTCCGGC,0,3008990
ratA_yfjF_predicted,0.5,1,1,AATGCAGGAGGAGGAGAGAA,0,3005517
ratA_yfjF_predicted,0.5,1,1,AATCGTGTCAACGGTCATCC,0,2996170
ratA_yfjF_predicted,0.5,1,1,AATCGTCGCCTAGCTGTCCC,0,3003965
ratA_yfjF_predicted,0.5,1,1,AATCGTAAGATCCCGGGAAA,0,2996522
ratA_yfjF_predicted,0.5,1,1,AATCCGACCTTGAACGCAAC,0,3000882
ratA_yfjF_predicted,0.5,1,1,AATCAGATAGGAGTTGCCTT,0,3010903
ratA_yfjF_predicted,0.5,1,1,AATCACCCTGGCCTTCTTGA,0,3015169
ratA_yfjF_predicted,0.5,1,1,AATCAATTAATATGTTAGCT,0,3001598
ratA_yfjF_predicted,0.5,1,1,AATCAACTTTAATACGTGGG,0,3016333
ratA_yfjF_predicted,0.5,1,1,AATAGAAATCATCCTTAAAA,0,2993180
ratA_yfjF_predicted,0.5,1,1,AATACGTAAGAGATCTATAA,0,3018903
ratA_yfjF_predicted,0.5,1,1,AATACCTCGATGGATCTTGT,0,3004397
ratA_yfjF_predicted,0.5,1,1,AATACCGACCGAGCCGGCCT,0,2999836
ratA_yfjF_predicted,0.5,1,1,AATACACCTTAGGCAGGTAC,0,3000286
ratA_yfjF_predicted,0.5,1,1,AATACAAACCCGTGATTTTG,0,3013457
ratA_yfjF_predicted,0.5,1,1,AATAAGGTGCCCACTTTAAA,0,3005251
ratA_yfjF_predicted,0.5,1,1,AATAAACCTTCCATTAGAAA,0,3021787
ratA_yfjF_predicted,0.5,1,1,AAGTTTGCGTTGCTAAGCTT,0,3015600
ratA_yfjF_predicted,0.5,1,1,AAGTTGATGGGTACTCGTCC,0,3012697
ratA_yfjF_predicted,0.5,1,1,AAGTCTTCTACCGAACACAA,0,3003082
ratA_yfjF_predicted,0.5,1,1,AAGTCGTCAAAGGAATCAGA,0,3012153
ratA_yfjF_predicted,0.5,1,1,AAGTCGTAGAATGCAGGCAT,0,3009986
ratA_yfjF_predicted,0.5,1,1,AAGTCGAGGTAGTTGTACGG,0,2993353
ratA_yfjF_predicted,0.5,1,1,AAGTATGCTCCATTGGTGGA,0,3004741
ratA_yfjF_predicted,0.5,1,1,AAGGTCGCTACATGAATACC,0,3012132
ratA_yfjF_predicted,0.5,1,1,AAGGGCCCATTATGATCTCC,0,3014307
ratA_yfjF_predicted,0.5,1,1,AAGGGAAGTTGTGCTAGATC,0,3008254
ratA_yfjF_predicted,0.5,1,1,AAGGCTGACCCGACAGAATG,0,3009648
ratA_yfjF_predicted,0.5,1,1,AAGGCTCTAGCACATCCGTG,0,2997872
ratA_yfjF_predicted,0.5,1,1,AAGGCCCAGATCACCGGCAT,0,3008102
ratA_yfjF_predicted,0.5,1,1,AAGGAGCGCTCATGGTTGTA,0,3008015
ratA_yfjF_predicted,0.5,1,1,AAGGACAGGAAGGGGACAAT,0,3016196
ratA_yfjF_predicted,0.5,1,1,AAGCTAGCTCTAGTTTACTT,0,3014279
ratA_yfjF_predicted,0.5,1,1,AAGCCTAGTCCTGTCGTCTA,0,3013705
ratA_yfjF_predicted,0.5,1,1,AAGCAGGTTTTGTGGTCCCT,0,3015447
ratA_yfjF_predicted,0.5,1,1,AAGCAATGACGGGTAGCGAT,0,3018476
ratA_yfjF_predicted,0.5,1,1,AAGATGGCCATGATATGAGG,0,2994455
ratA_yfjF_predicted,0.5,1,1,AAGATGGAACGTCTTTAGTC,0,3014091
ratA_yfjF_predicted,0.5,1,1,AAGAGGTCTAAGTTAGTCTG,0,3021541
ratA_yfjF_predicted,0.5,1,1,AAGAGCGTGGCACACGGATG,0,2995428
ratA_yfjF_predicted,0.5,1,1,AAGACTATCGTCAGAACGGT,0,3015715
ratA_yfjF_predicted,0.5,1,1,AAGAATTGCTGATTTTAGTT,0,3017533
ratA_yfjF_predicted,0.5,1,1,AACTTATATCATCGAGCGTT,0,2998016
ratA_yfjF_predicted,0.5,1,1,AACTGGAATTGAACATCGTG,0,3010634
ratA_yfjF_predicted,0.5,1,1,AACTGATGATAGAGAGTCCA,0,3018362
ratA_yfjF_predicted,0.5,1,1,AACTCTGCGCAGTTTATGGT,0,3010251
ratA_yfjF_predicted,0.5,1,1,AACTCTCGCTCACGGAAAAG,0,2994812
ratA_yfjF_predicted,0.5,1,1,AACTCGCGAGTGGTGTGGGC,0,2992044
ratA_yfjF_predicted,0.5,1,1,AACTCGAATATCTCAGAGGG,0,2993133
ratA_yfjF_predicted,0.5,1,1,AACTCCATGGCTCCGCCAAG,0,3016017
ratA_yfjF_predicted,0.5,1,1,AACTATTTTCAGTGTCGTAG,0,3001638
ratA_yfjF_predicted,0.5,1,1,AACGTCAAACGTCCTCAACA,0,2993212
ratA_yfjF_predicted,0.5,1,1,AACGGCATGGGTGCGATTGC,0,3007201
ratA_yfjF_predicted,0.5,1,1,AACGCCAGTGCCTAATAACT,0,2998985
ratA_yfjF_predicted,0.5,1,1,AACGAGATCCTGGCTGACAC,0,3017707
ratA_yfjF_predicted,0.5,1,1,AACGAGACGTACTCTTAGAA,0,3000548
ratA_yfjF_predicted,0.5,1,1,AACGAAAGGATCGAACAAAG,0,3015850
ratA_yfjF_predicted,0.5,1,1,AACGAAAACGCCGTACGGTG,0,3015652
ratA_yfjF_predicted,0.5,1,1,AACCGTTACACGAGAACTAT,0,2994094
ratA_yfjF_predicted,0.5,1,1,AACCAGCCAGCTTTTCAGAT,0,3006865
ratA_yfjF_predicted,0.5,1,1,AACATCGGTCTTTGACCCCC,0,2999646
ratA_yfjF_predicted,0.5,1,1,AACATAAAGATGTATTCACT,0,3019091
ratA_yfjF_predicted,0.5,1,1,AACACATACTTAAGACTTCT,0,3002807
ratA_yfjF_predicted,0.5,1,1,AACAAATTGACACTACGAAG,0,2997080
ratA_yfjF_predicted,0.5,1,1,AACAAAGTGGCTAGTGAGAT,0,3000230
ratA_yfjF_predicted,0.5,1,1,AACAAACAAGCGGAACTCAA,0,3016013
ratA_yfjF_predicted,0.5,1,1,AAATTCCGTCACTACGGAAC,0,2994196
ratA_yfjF_predicted,0.5,1,1,AAATGTTATTGCCCCAGAGT,0,3019961
ratA_yfjF_predicted,0.5,1,1,AAATGTGCGAGCAAGCAGCT,0,3008883
ratA_yfjF_predicted,0.5,1,1,AAATGCAAGGCCACCGTTTA,0,2996587
ratA_yfjF_predicted,0.5,1,1,AAATCCGTATTAACCTTCGA,0,3014800
ratA_yfjF_predicted,0.5,1,1,AAATAATCTCTGGGTCGGGT,0,2995068
ratA_yfjF_predicted,0.5,1,1,AAAGTAGCCTACCAATGTCC,0,3019379
ratA_yfjF_predicted,0.5,1,1,AAAGGACTCATACGCCCCGG,0,3017152
ratA_yfjF_predicted,0.5,1,1,AAAGCACGGCCAGGGGAGAC,0,3002336
ratA_yfjF_predicted,0.5,1,1,AAAGAATTGCCATTAAGTAG,0,3003485
ratA_yfjF_predicted,0.5,1,1,AAACTTACACCACAGCCGGA,0,3008895
ratA_yfjF_predicted,0.5,1,1,AAACTCTGGGTAGTGTTTGT,0,3009667
ratA_yfjF_predicted,0.5,1,1,AAACGGTGTAGTTACAGGGA,0,2997573
ratA_yfjF_predicted,0.5,1,1,AAACGACTACATGGGAGAGG,0,3007489
ratA_yfjF_predicted,0.5,1,1,AAACATGAGGTGTTTGTTTC,0,2997257
ratA_yfjF_predicted,0.5,1,1,AAACAGGTCATAATCGTTCT,0,2994261
ratA_yfjF_predicted,0.5,1,1,AAACAACCCATGTTATGGCT,0,3008064
ratA_yfjF_predicted,0.5,1,1,AAAATGGGTTTATAAGTGAT,0,3009488
ratA_yfjF_predicted,0.5,1,1,AAAACGTTACGTCCTTTCAT,0,2994072
ratA_yfjF_predicted,0.5,1,1,AAAACGGGTGATTGTACGTC,0,3003907
ratA_yfjF_predicted,0.5,1,1,AAAACGACACTCTTATAGTA,0,2992882
ratA_yfjF_predicted,0.5,1,1,AAAAATCGGTGATCAGCACA,0,2993648
ratA_yfjF_predicted,0.5,1,1,AAAAAGGGACATGTAGATTT,0,2999619
ratA_yfjF_predicted,1084.0,1083,0,GAGAATCCCTATATGTCGTT,1083,3007178
ratA_yfjF_predicted,793.0,792,0,CGGCCCCGTTTAAGGTGGAA,792,3020832
ratA_yfjF_predicted,675.0,674,0,ATGCGCCCCTCTAGTTACTC,674,2992041
ratA_yfjF_predicted,2.0,1,0,TTTTGCCTATACGTCACATT,1,3007774
ratA_yfjF_predicted,2.0,1,0,TGTCGGCCGATCAATAGGCT,1,2998800
ratA_yfjF_predicted,2.0,1,0,TGTCAGTACGCTGTTCATGC,1,2998599
ratA_yfjF_predicted,2.0,1,0,TATGCATTACTCCACTTTAT,1,3001258
ratA_yfjF_predicted,2.0,1,0,TATAACGAAGTAACCGCACT,1,3009111
ratA_yfjF_predicted,2.0,1,0,TACAGGGGTGTCCCGGTCCC,1,2999269
ratA_yfjF_predicted,2.0,1,0,GTGTCCTGATCGTGTGTCCC,1,3012657
ratA_yfjF_predicted,2.0,1,0,GTCTCCCATAGTTTGAGAAA,1,2998362
ratA_yfjF_predicted,2.0,1,0,GTCAACTCAAGACTTCGATG,1,3002266
ratA_yfjF_predicted,2.0,1,0,GCGCCAATCCATAGGGCAAG,1,3019277
ratA_yfjF_predicted,2.0,1,0,GCGCAATCGGAGTTTTGTAA,1,3002129
ratA_yfjF_predicted,2.0,1,0,GCATGTTTTAAGCTGCTCGC,1,2995708
ratA_yfjF_predicted,2.0,1,0,GATCAGGCGCAGGGGTCCGC,1,2997754
ratA_yfjF_predicted,2.0,1,0,GACTTGCCACGGGCTTAATA,1,2996384
ratA_yfjF_predicted,2.0,1,0,GAAGTACTCCGGGAGGACTA,1,3020977
ratA_yfjF_predicted,2.0,1,0,CGTCAGACTAAGAGGGCTTC,1,2998526
ratA_yfjF_predicted,2.0,1,0,CGGTCAACCGGTGTCGTAAT,1,3004876
ratA_yfjF_predicted,2.0,1,0,CGATGCAACCGACAAAAGAA,1,3003497
ratA_yfjF_predicted,2.0,1,0,CGAAAGGGGCCGGCGGGAAG,1,3012806
ratA_yfjF_predicted,2.0,1,0,CCAGGACGGCTCACTGTGGC,1,3000685
ratA_yfjF_predicted,2.0,1,0,CACATCCTTCATGTCACAGA,1,2996987
ratA_yfjF_predicted,2.0,1,0,ATTCAAATTTCGCCTCGGGT,1,3013556
ratA_yfjF_predicted,2.0,1,0,ATGAGCTCAATTATAACTGC,1,2999225
ratA_yfjF_predicted,2.0,1,0,AGGCTTCCATGAACTCCCCA,1,3007417
ratA_yfjF_predicted,2.0,1,0,AGAAGTCTCCGTCACTCCGT,1,2994180
ratA_yfjF_predicted,2.0,1,0,ACTGACCGGTTGAAGGTTCT,1,3001001
ratA_yfjF_predicted,2.0,1,0,ACGAGCCACCGGTATCGTAT,1,3007089
ratA_yfjF_predicted,2.0,1,0,AATTGTTCTGAAGGGTTTTG,1,3004421
ratA_yfjF_predicted,2.0,1,0,AATCCTTTCGTACCAATTGT,1,3009653
ratA_yfjF_predicted,2.0,1,0,AATACATAAGCGTCTCAGCT,1,3018143
ratA_yfjF_predicted,2.0,1,0,AATAAGGAAGCGTACATTAT,1,2992394
ratA_yfjF_predicted,2.0,1,0,AAGTGGGCTGGGAGGGTCTG,1,3006633
ratA_yfjF_predicted,2.0,1,0,AAAGACCCAAACGCTGGCGT,1,3015372
