name,relative_counts,ct,ct_0,barcode,ct_1,barcode_ind
yncEp,0.029411764705882353,68,67,TTAGGCTTATGGGACATTGA,1,5147153
yncEp,0.043478260869565216,46,45,ATCTCAGTTACGCTGAAGTA,1,5148818
yncEp,0.06666666666666667,46,44,CTCCAACAAGACTTGGAGTG,2,5153101
yncEp,0.045454545454545456,44,43,CGTCGCAATTGTTTAGCTTG,1,5147760
yncEp,8.428571428571429,394,41,CGCTGTATTAGTACCGGGTA,353,5146968
yncEp,0.05128205128205128,39,38,TTAGTACCACTCTGACAGGA,1,5146695
yncEp,0.05128205128205128,39,38,AGACTCACAGTCGAACCAGT,1,5150820
yncEp,0.05405405405405406,37,36,GTAATTTCCATGATTACAGA,1,5145764
yncEp,0.08108108108108109,38,36,AGGTGATACGTCCAATCTAA,2,5157441
yncEp,0.05555555555555555,36,35,TACTTGGCTCGCGGCTCTCG,1,5146848
yncEp,12.86111111111111,497,35,CCGAATAGCGATTTGGTGTG,462,5147204
yncEp,0.05714285714285714,35,34,GCCGACGATTGGAGCTATTA,1,5146876
yncEp,0.058823529411764705,34,33,AGAATAATTCCATGTGAGTT,1,5146223
yncEp,31.558823529411764,1105,33,AACAGTTTGGATCCTGGATA,1072,5151647
yncEp,33.515151515151516,1137,32,TACTATGGGTTTAGTCACGT,1105,5147641
yncEp,26.848484848484848,917,32,GATTTACATTCCTTAGATCA,885,5147126
yncEp,0.06060606060606061,33,32,AAGGCTCGCACTGGCCTCAA,1,5146365
yncEp,0.0967741935483871,32,30,GGCTTACTGCTTTGAAGTAT,2,5147949
yncEp,0.06451612903225806,31,30,GCAAGGCATTCATACGTGCG,1,5146900
yncEp,0.06451612903225806,31,30,ATGGTATGCTATTAACAGTA,1,5146649
yncEp,0.06666666666666667,30,29,GAGTGATTGTACTGCCTCCA,1,5147910
yncEp,0.06666666666666667,30,29,CGGCCTCTCTCCGACGCAAT,1,5146755
yncEp,0.06666666666666667,30,29,AGGTGGTTTTACGACTGAGG,1,5145868
yncEp,0.06896551724137931,29,28,TCACCCTATGGTACAAAAGT,1,5151023
yncEp,33.172413793103445,989,28,CCCTAGGTTACGCCCTACAA,961,5153498
yncEp,0.06896551724137931,29,28,AACTTGTGAGGCTACGTTAA,1,5159167
yncEp,0.07142857142857142,28,27,TCGCATGAGCCCGGAAGTAT,1,5147359
yncEp,14.678571428571429,437,27,CGCGCTAGTGTGCAAAGCCA,410,5149371
yncEp,0.07142857142857142,28,27,AAATGGCCCTTGGTCTCCTG,1,5156567
yncEp,37.074074074074076,1026,26,TTCAGAATCAAGCCGGATCT,1000,5147756
yncEp,0.1111111111111111,28,26,GGATTGTAGCTTGCGTTAAT,2,5150857
yncEp,0.07407407407407407,27,26,GCGAGTACCTTATTCCTTAT,1,5146396
yncEp,31.59259259259259,878,26,CGTATATACTGTCGCGTTGG,852,5147027
yncEp,0.11538461538461539,27,25,AGAGCGAGTACAGTTGGGCC,2,5146083
yncEp,0.08,25,24,TATAGGGTTAACAAAATGTA,1,5158282
yncEp,0.08,25,24,TACGCTTGTTCATATCCGCA,1,5148462
yncEp,0.08,25,24,TAATCCAAGTAGGGCTTTCA,1,5148159
yncEp,0.08,25,24,CGTCCTAAGATACGTACAAG,1,5149608
yncEp,0.08333333333333333,24,23,GTGCCCCCCAGTAGTACGGC,1,5148171
yncEp,0.08333333333333333,24,23,GTGCCAATATTGAGGCACCA,1,5146379
yncEp,0.08333333333333333,24,23,GAGACCGGCTGAGTACTGCT,1,5149296
yncEp,0.08695652173913043,23,22,GACTTTCCGGTTCAAGAATG,1,5147180
yncEp,0.08695652173913043,23,22,CTGGGTTGGCCCGGCTCATT,1,5161138
yncEp,0.09090909090909091,22,21,TTCTACGGTTAAGTATATTG,1,5159115
yncEp,0.13636363636363635,23,21,TAGCTAGGTTTGAGTCCTGC,2,5149282
yncEp,0.09090909090909091,22,21,CAAGAGTTGCGACGCAGATT,1,5153148
yncEp,0.15,21,19,TGTATTGTTGACGCATTGGA,2,5153587
yncEp,0.1,20,19,TAGGCTTTGTAGGCCCCTTG,1,5154670
yncEp,0.1,20,19,ACTGGAGTCCCACTGACGAC,1,5146582
yncEp,0.10526315789473684,19,18,TGTAGTATACATAACCCCAC,1,5160050
yncEp,0.15789473684210525,20,18,TACACAAGTGACTCGTATTG,2,5148382
yncEp,0.15789473684210525,20,18,TAATAGCTGGTGCAATGCAG,2,5146503
yncEp,6.421052631578948,139,18,GCACAAGTCCGCCAGGGCAA,121,5147522
yncEp,0.10526315789473684,19,18,GAAGGAGGTATGCCGAGTCC,1,5157027
yncEp,0.10526315789473684,19,18,CAGAATAAATGGTCTTGCCT,1,5147317
yncEp,50.94736842105263,985,18,AGATTAAACGCTCAAGGTAC,967,5148577
yncEp,40.36842105263158,784,18,ACTAAGCGCGTGGCAGTAAA,766,5161461
yncEp,0.10526315789473684,19,18,AATCGCCGTCGTACATAGTT,1,5147815
yncEp,0.1111111111111111,18,17,TAGCTTTGGCACGCAGGAAG,1,5149448
yncEp,0.1111111111111111,18,17,TAATATTACCGATACTGGAA,1,5151142
yncEp,0.1111111111111111,18,17,GCCACTTTGCGTCCGGGCAT,1,5148726
yncEp,53.27777777777778,975,17,CTGACAAAGTAACATTAGTT,958,5151888
yncEp,0.16666666666666666,19,17,CAGGGGTCATGTATAGCCAA,2,5148253
yncEp,0.16666666666666666,19,17,CACGTTTACTCGCCGATATT,2,5148510
yncEp,0.1111111111111111,18,17,ATTTAGCTTAACCGGTGCAC,1,5161080
yncEp,0.1111111111111111,18,17,ACATCGAAACGAAATGGGAG,1,5161867
yncEp,0.11764705882352941,17,16,GCGGGACTGCTGTCTGGGCA,1,5154715
yncEp,0.11764705882352941,17,16,GACATGTCGCCCCCGCTACA,1,5152505
yncEp,0.11764705882352941,17,16,ATACCACGCGGTGGGTTCCA,1,5154519
yncEp,0.125,16,15,GTTAACGGAACCTTGGGTAT,1,5149088
yncEp,0.125,16,15,GCGGACGGCGTATCCCTCTT,1,5161868
yncEp,0.125,16,15,GCCGCCAGCAAACGAGCATG,1,5152911
yncEp,0.125,16,15,CCTACGTCTTGAGCGACTTT,1,5151318
yncEp,0.125,16,15,CAGCCATAAGTTGGCCGTAA,1,5160280
yncEp,0.125,16,15,ACTCTAGATTGCTTAATTCC,1,5150574
yncEp,0.1875,17,15,ACTCAAGGGAGGATCAATTA,2,5159075
yncEp,0.13333333333333333,15,14,TTGTTCATCGCTCAGTTTGA,1,5151758
yncEp,0.13333333333333333,15,14,TCGTGAGAACTGAGTACACA,1,5158505
yncEp,0.26666666666666666,17,14,TCACCTGTGAGGAATCGGAT,3,5150345
yncEp,31.8,490,14,GTCAATATCAGATAATGGTT,476,5156435
yncEp,0.13333333333333333,15,14,GATAAAAGGCAAAGGGAAGT,1,5158409
yncEp,0.13333333333333333,15,14,GACCCCTTCAGTCCTTGCTT,1,5152990
yncEp,0.13333333333333333,15,14,GAATCCTGACGCTTGTAAGC,1,5156607
yncEp,0.13333333333333333,15,14,CTGTTGAAATTTCCCAGATT,1,5160963
yncEp,0.13333333333333333,15,14,ATTATCGCGTCGCATGGCTA,1,5154920
yncEp,0.13333333333333333,15,14,AGTAAACGGTTTCATAGCTT,1,5148208
yncEp,48.733333333333334,744,14,ACTTCAACTCAAGGGGAGTC,730,5146431
yncEp,0.13333333333333333,15,14,AAAGCACTAAACACTAGCAA,1,5149026
yncEp,62.42857142857143,886,13,TATGAGGCATCGGCGCAATA,873,5149392
yncEp,0.14285714285714285,14,13,GTATCGACCCACCAATATTG,1,5154273
yncEp,60.142857142857146,854,13,CGTCACGGTTTACCCATAAT,841,5149360
yncEp,63.5,901,13,CGCTAGGATAACTAGGCCCG,888,5146505
yncEp,0.14285714285714285,14,13,CGCGCCATTCTGCGTAACTG,1,5159649
yncEp,0.14285714285714285,14,13,ACTCAGCTGCTTACGCTAAA,1,5152214
yncEp,0.21428571428571427,15,13,AAGGCGCGCGTCCCCGAGGT,2,5148742
yncEp,123.15384615384616,1612,12,TCCAGAATTCAAGTCATAAC,1600,5150892
yncEp,0.15384615384615385,13,12,TAGATGTGTAATGCGATTCT,1,5161180
yncEp,0.15384615384615385,13,12,GTGTAGAGTGTGAAATGCAG,1,5154649
yncEp,0.15384615384615385,13,12,GGCGTTAACAGCGGGAATCT,1,5146295
yncEp,0.15384615384615385,13,12,GCATATTCAGCCAACGTCAA,1,5149650
yncEp,0.15384615384615385,13,12,CTCGGTCACGTCTAACGGGT,1,5146447
yncEp,0.15384615384615385,13,12,CATTAAGGTGAGTGCCTAAA,1,5151635
yncEp,0.15384615384615385,13,12,ATCCTCCCTAAATCGTCTAA,1,5159019
yncEp,0.15384615384615385,13,12,ACCGTTCAAATTTTTTACGT,1,5154674
yncEp,0.15384615384615385,13,12,AAAATAGTACCAAAGAACCA,1,5158247
yncEp,0.16666666666666666,12,11,TTATTGGGTTTAATCGCGGT,1,5147974
yncEp,63.833333333333336,776,11,TCGCAGACCGCTAATATTCT,765,5147247
yncEp,0.16666666666666666,12,11,GGCTGGGGGAGGAGCGAGTA,1,5157132
yncEp,0.16666666666666666,12,11,GCAAGAGGCACTAACGATTG,1,5147932
yncEp,0.16666666666666666,12,11,GAGTGATCGGAGTACGTCAA,1,5160269
yncEp,0.16666666666666666,12,11,CGGTGGTTGAGGCTAATACA,1,5150800
yncEp,0.16666666666666666,12,11,CCGGTCCAAGCATTATGACA,1,5153626
yncEp,0.16666666666666666,12,11,CCATTAGACTGTTAGAGGTT,1,5156990
yncEp,0.16666666666666666,12,11,CCAGACTTCAGCTATTTGGA,1,5148226
yncEp,79.91666666666667,969,11,CCACATTTGAATCGCTAGTA,958,5161699
yncEp,0.16666666666666666,12,11,CATGACCGCCCTCTCATGTT,1,5146960
yncEp,0.16666666666666666,12,11,ACGGCTCTGAAGATCTTGCA,1,5151033
yncEp,0.36363636363636365,13,10,TGGCCTGCCGGCATCAAACC,3,5147163
yncEp,95.27272727272727,1057,10,GTATAACTGTGCCAAGAAAG,1047,5145996
yncEp,83.0,922,10,GCTGAGGAACAACAGGCTGA,912,5157725
yncEp,0.18181818181818182,11,10,GCTATGACATCCCATCCGAG,1,5159656
yncEp,0.18181818181818182,11,10,GCCCGTACCCGGCCAGGGAT,1,5153815
yncEp,0.18181818181818182,11,10,CGCGCAGTCCATAACTGACA,1,5152029
yncEp,0.18181818181818182,11,10,CATTTCTAAAATTTGATCCT,1,5150181
yncEp,0.18181818181818182,11,10,CACCGAGGTCCGGACTGTGT,1,5146984
yncEp,0.18181818181818182,11,10,CACCCGACGTGAAACACCGC,1,5157134
yncEp,0.18181818181818182,11,10,AGGTGGGGAATGAGTGCCGT,1,5153270
yncEp,0.18181818181818182,11,10,AGGAAGCACCGGCTCTCTAG,1,5160793
yncEp,0.18181818181818182,11,10,AGATTGTGTGGTGTCTCGGT,1,5149935
yncEp,100.72727272727273,1117,10,AACAGGATAATCCAAAAGCA,1107,5160829
yncEp,0.2,10,9,TGAGGTTAAGACTGTAGTTA,1,5146491
yncEp,0.2,10,9,GTCTAGTGAGACGAGGTCCT,1,5158938
yncEp,0.2,10,9,GGGGGTTATAGTGCTAGTGA,1,5157743
yncEp,0.2,10,9,GCTGCGTCAGATATCCTTTT,1,5147761
yncEp,0.2,10,9,GCGCCGAACCGGGCCATGCT,1,5155424
yncEp,87.4,882,9,GCATCTGTGAGAACCAATGA,873,5161051
yncEp,0.2,10,9,GCATCCACGTTTACCCCCCG,1,5150429
yncEp,0.2,10,9,GACTGTCTCTAATTGACGTT,1,5158411
yncEp,0.2,10,9,CTGGAGATTTCAAGAATGTA,1,5160455
yncEp,91.6,924,9,CTACTCTTCGTCCTAGCGCA,915,5162423
yncEp,0.2,10,9,CCTGATCACCGGCAATCGAG,1,5149668
yncEp,39.8,406,9,ATCTGGGTCAACCGTACCTG,397,5156954
yncEp,0.2,10,9,AGTGCACATCAACATATGCC,1,5161028
yncEp,0.2,10,9,AAATCCACGACCTATTTGAA,1,5149764
yncEp,0.3333333333333333,10,8,TTGGATGGCACGTCAATACG,2,5148552
yncEp,0.2222222222222222,9,8,TTGCTCCTACCGCGCGGCAG,1,5153979
yncEp,108.11111111111111,980,8,TTAAGCGTTCAGACTACTTG,972,5160743
yncEp,0.2222222222222222,9,8,TGCCTCCGGAACAAGCGAAG,1,5152065
yncEp,0.2222222222222222,9,8,TATGTGTGGCGGCAACCATA,1,5152889
yncEp,0.2222222222222222,9,8,TACAAAAATCTTAATCCGAA,1,5150769
yncEp,0.2222222222222222,9,8,TAACCTTACTCAGTCGCGCT,1,5159663
yncEp,0.2222222222222222,9,8,GTGGAACGACGCACGTGGGA,1,5158907
yncEp,0.2222222222222222,9,8,GTGCGCGATACGTTACTCTA,1,5157365
yncEp,0.3333333333333333,10,8,GTAAGTGAACTGCAACAAAA,2,5161742
yncEp,0.2222222222222222,9,8,GCTGACAAACGGCACCTGTC,1,5151291
yncEp,0.2222222222222222,9,8,GCCTGAAAGCCAACTTTACG,1,5156844
yncEp,0.2222222222222222,9,8,CTTGCGACGAAAGCAAATTT,1,5148397
yncEp,0.2222222222222222,9,8,CTGGCCGTCAAAATTGTTTC,1,5145902
yncEp,0.2222222222222222,9,8,CTGACTTGTCAGGGTGTAGT,1,5147065
yncEp,0.2222222222222222,9,8,CTAACGTAAGCCGGGGACAT,1,5157463
yncEp,0.2222222222222222,9,8,CGTGCAAGTCAACGCGTTAC,1,5150700
yncEp,0.2222222222222222,9,8,CGTAGCTGGGAATGCCCTAT,1,5150048
yncEp,0.2222222222222222,9,8,CGCTGCCAATCATGTGTAAG,1,5151480
yncEp,55.55555555555556,507,8,CGCTCCCTTGAATGGATAGG,499,5155095
yncEp,0.2222222222222222,9,8,CCGCATTGAGGAGGGATCTA,1,5148039
yncEp,0.3333333333333333,10,8,ATGGACCAGGCAGATACCGT,2,5155368
yncEp,0.2222222222222222,9,8,AGCTAATCGATCGTAGAATC,1,5147535
yncEp,109.55555555555556,993,8,ACTCATCGCAAAGGTTCCAT,985,5153267
yncEp,0.2222222222222222,9,8,AAGCCTCCCTGTGTCACCCG,1,5151300
yncEp,0.2222222222222222,9,8,AAAATCCGACGAAGAACATC,1,5160640
yncEp,0.2222222222222222,9,8,AAAAATATTGGATGTCAGGA,1,5150527
yncEp,0.25,8,7,TGGATCTGTATGCAGGCCAT,1,5149751
yncEp,0.25,8,7,TGCGAATACTTGATTGAATT,1,5150877
yncEp,162.375,1305,7,TCTCCGTTAAGACCACAGAC,1298,5153328
yncEp,0.25,8,7,TCTATGCACCGTTGCTGAGC,1,5149670
yncEp,0.25,8,7,TCTAGACGAGGCCCAGCAGT,1,5161640
yncEp,0.25,8,7,TCTACATCGGTGACTGAATT,1,5158193
yncEp,0.25,8,7,TCAAACTGTCTGTGTCCAAT,1,5146985
yncEp,12.5,106,7,GGCACCTAAAGATGGTCTCT,99,5145887
yncEp,0.25,8,7,GCTCTCCACGCGCAGGTAAG,1,5160663
yncEp,0.25,8,7,GCCTACTGTGGGCGCGCATT,1,5161172
yncEp,0.375,9,7,CTTTTCACTGCGGCACCTCG,2,5155489
yncEp,0.25,8,7,CTCCAAGTTCCTTCTATTCA,1,5149170
yncEp,0.5,10,7,CGAGCAAAAGGGAAAGGTAT,3,5149921
yncEp,0.25,8,7,CAGCTTTGTGTACGTGTCCA,1,5147913
yncEp,119.375,961,7,CAACGGCACGCTAGAATGAA,954,5154911
yncEp,0.25,8,7,ATGGTTCTAAGTCAGAGCTA,1,5161913
yncEp,0.25,8,7,AGATATATAAATATGTTGAA,1,5152660
yncEp,124.875,1005,7,AACTGCGCCTGGTTTCATGT,998,5156207
yncEp,0.25,8,7,AAAAATGTCATCCAGTCCAC,1,5158629
yncEp,131.0,922,6,TTCTGGCTCCCTTAGCCGTA,916,5153258
yncEp,0.2857142857142857,7,6,TTCGGTATCTAACCAACACT,1,5157410
yncEp,0.2857142857142857,7,6,TTCACATAGGAACACGTGGG,1,5159568
yncEp,0.2857142857142857,7,6,TGCACCGACTGACGCATCTC,1,5151802
yncEp,0.2857142857142857,7,6,TCCGGTCCATGCATTACAAC,1,5161407
yncEp,0.2857142857142857,7,6,GGTGCATCGATCACAGTTGA,1,5158458
yncEp,58.714285714285715,416,6,GGCTAGATCGTGCACCACTG,410,5157716
yncEp,0.2857142857142857,7,6,GCTCTTACCCAGAAGTTATT,1,5156906
yncEp,0.2857142857142857,7,6,CTTCATGGATTCGGTGAAAG,1,5152859
yncEp,0.2857142857142857,7,6,CTGTACATCCAGAACGTACG,1,5153350
yncEp,0.2857142857142857,7,6,CGCACGAGGGCAATGGCGCT,1,5162307
yncEp,117.85714285714286,830,6,CCTCCAATCTATGTGCTGAC,824,5146947
yncEp,107.57142857142857,758,6,CCGCGGACGTCTGAACGTCA,752,5150082
yncEp,116.28571428571429,819,6,CCCACGCGTTGTCCGTTGGC,813,5150228
yncEp,0.2857142857142857,7,6,CCCACAAAGACTCGCTGCTT,1,5150986
yncEp,0.2857142857142857,7,6,CCACCTCTTACAAGACGACT,1,5150829
yncEp,0.2857142857142857,7,6,ATCCATCCAGTCACAATTAT,1,5148520
yncEp,0.2857142857142857,7,6,ATATCGTCCTTGCTATCGTC,1,5155157
yncEp,0.42857142857142855,8,6,AGAAGTTTCCTAATCACCGC,2,5148313
yncEp,0.5714285714285714,9,6,AACGGTTGGGTTATACGAAA,3,5154287
yncEp,0.2857142857142857,7,6,AACGCACCGTCAGATAACAT,1,5155959
yncEp,0.3333333333333333,6,5,TTCCTCAACAAGTCTCTCGT,1,5150623
yncEp,0.3333333333333333,6,5,TGTTTCCTCCATTCCTCTGT,1,5150347
yncEp,0.3333333333333333,6,5,TGTCAAACCGGCGTTAGCGA,1,5148177
yncEp,174.5,1051,5,TCGTCACAAGGGTCTTAAGG,1046,5157630
yncEp,1.3333333333333333,12,5,TCACGCCATTTGAGACAGAA,7,5154941
yncEp,0.3333333333333333,6,5,TACGTACATACTCAGCGTGA,1,5152410
yncEp,0.3333333333333333,6,5,TAAGAACCGACGCACGGATT,1,5156816
yncEp,0.3333333333333333,6,5,GTTGTTGTCTCGCGACCCGG,1,5152094
yncEp,0.3333333333333333,6,5,GTTGTGAAAATTTCGCGGCC,1,5151919
yncEp,0.3333333333333333,6,5,CTTCACGCACTCCACTTGCA,1,5159442
yncEp,0.3333333333333333,6,5,CTCACAAGATGCATAACCTC,1,5152507
yncEp,0.3333333333333333,6,5,CGCCTCAGAAAGCGCACTTC,1,5154017
yncEp,0.3333333333333333,6,5,CGACGGTCTCCAATAATGTA,1,5149408
yncEp,0.3333333333333333,6,5,CGAAAGCACATAACGCATTA,1,5156415
yncEp,0.3333333333333333,6,5,CCTTTATAGAGCTGAGTAGT,1,5157880
yncEp,0.3333333333333333,6,5,CAAGTGCATCCATTCCATTG,1,5153748
yncEp,0.3333333333333333,6,5,CAAAGTGCGAGCACGGTTAC,1,5150427
yncEp,155.83333333333334,939,5,ATTCGGAAGTTCCAACTCTC,934,5152257
yncEp,166.5,1003,5,ATAACGTACGGGTACGTGAT,998,5147076
yncEp,0.3333333333333333,6,5,AGCAGGGTCCTCTAGACAGG,1,5159302
yncEp,148.5,895,5,AGATCGGGCCGGTACAGGAG,890,5148888
yncEp,0.5,7,5,AGAAATGAGCAGGCTACAAA,2,5148414
yncEp,0.3333333333333333,6,5,ACGTGCATAAACGTGGGGAC,1,5156108
yncEp,0.3333333333333333,6,5,AAGGTCCGTGGGCCGCTCTC,1,5155883
yncEp,0.3333333333333333,6,5,AAACACAGTTAAAGCCAAAT,1,5159939
yncEp,0.4,5,4,TTTCGCAGTGTGCAAAGTCG,1,5148704
yncEp,0.4,5,4,TTCAGCGGCATGCATTCCAT,1,5148334
yncEp,181.6,911,4,TGATCGGGCAGTGAGCCGTT,907,5150595
yncEp,0.8,7,4,TCTCAGATGGGAATTACTGA,3,5150921
yncEp,0.4,5,4,TCATTCAGTCTAGTGCATTT,1,5152653
yncEp,0.6,6,4,TCAGCATGGCTTTTAACACT,2,5153617
yncEp,0.4,5,4,TACTCGTCCGGTCATACCCG,1,5153280
yncEp,0.4,5,4,TAATAACCTAGAATTGCGAG,1,5161181
yncEp,0.4,5,4,GTTTGTTGGTCTACCTCTGA,1,5159258
yncEp,0.4,5,4,GTTAAACCTAGGCCAGCTGA,1,5153142
yncEp,0.4,5,4,GCATCGCTGTCGCTAAAAGG,1,5150242
yncEp,0.4,5,4,CTTCGAGAAGAATTCAACCA,1,5149037
yncEp,0.4,5,4,CTTAAAAGAGTTAAACTTAC,1,5156511
yncEp,0.4,5,4,CTCATACGCTGAGACAAACG,1,5156291
yncEp,175.6,881,4,CGTTAACCGCAGCGAACAGC,877,5146852
yncEp,0.4,5,4,CGGGCCAAGTGAAAACGAAG,1,5148943
yncEp,180.2,904,4,CGCAAGTCCTAAAGCTCGAA,900,5153442
yncEp,0.4,5,4,CCGTATTACTGTTTTGGTAT,1,5154459
yncEp,0.6,6,4,CCGCTGCGTTTAAATCAGTC,2,5147167
yncEp,0.4,5,4,CACCTCCCCTTGGACAGCAG,1,5146477
yncEp,0.4,5,4,ATTTTCATCAAGGGCCACGT,1,5151048
yncEp,0.4,5,4,ATTGTAAATCGGGACATTCC,1,5154060
yncEp,0.4,5,4,AGTTCGCCTGCTGCGAATGT,1,5153998
yncEp,0.4,5,4,AGCCTAGTGTGGAATATCAA,1,5156825
yncEp,0.4,5,4,ACTTGCATACCTCGGCTGGA,1,5148906
yncEp,0.4,5,4,AAGAATGTCGCGGTAAGCAA,1,5148065
yncEp,139.8,702,4,AACTCGTTCCAGTGAGGACC,698,5146072
yncEp,0.4,5,4,AAAGGGTTGGATACCTTTGC,1,5149820
yncEp,0.6,6,4,AAAAACCTTATTGAGGAACT,2,5148918
yncEp,0.5,4,3,TTGGTACAAACCAGGGTTTA,1,5160299
yncEp,185.0,742,3,TTCGGAGTGAAGTGAGGAGA,739,5160803
yncEp,0.5,4,3,TCACCGATGTATGTGTCTAT,1,5147451
yncEp,0.75,5,3,TAAAGCTCTAGTTTCAGGTG,2,5146331
yncEp,0.75,5,3,GTTAGAACCGAGTCGGTATA,2,5155869
yncEp,0.5,4,3,GGATTAGAGCGCATTGGATC,1,5157918
yncEp,221.0,886,3,GCCTGAATTAACAGTAAACC,883,5150765
yncEp,229.75,921,3,GCCACCTAGCTTACTAGCTA,918,5150469
yncEp,0.5,4,3,GCCAAAACTAGATGCGGTAG,1,5157534
yncEp,90.5,364,3,GCACGGCTCGCCGTATAGGA,361,5156920
yncEp,0.5,4,3,GCACCTGAAATACCCCAAGT,1,5150638
yncEp,0.5,4,3,CTTTCTTAAGGGCTCGAAGA,1,5161793
yncEp,0.5,4,3,CTTATCAATCGCTGGGGGTG,1,5152644
yncEp,0.5,4,3,CTATCGGACAGGGAGTCTAT,1,5148312
yncEp,0.5,4,3,CGTGTAGCCTCTGAACAACG,1,5158862
yncEp,0.5,4,3,CGCCGTAGACCGGCTTATTC,1,5153739
yncEp,0.5,4,3,CGACACGATTGTGCGGATGA,1,5160586
yncEp,244.5,980,3,CCTAGTTACGCGAAATGTAA,977,5146937
yncEp,222.5,892,3,CCGGAGTGTCCATTGGAGCA,889,5161206
yncEp,0.5,4,3,AGTTCAGGAATACCTGCACA,1,5150767
yncEp,0.5,4,3,AGTCGATGCAGAAGGATTCT,1,5152074
yncEp,0.5,4,3,AGCCGATAGAATTTAAGGTG,1,5160141
yncEp,0.5,4,3,ACCGGATTGACGTGACAACG,1,5147954
yncEp,0.6666666666666666,3,2,TTTGTGCTTCGCTTCGGCGC,1,5154074
yncEp,0.6666666666666666,3,2,TTCTTCGCTTTATCGATCGT,1,5155854
yncEp,0.6666666666666666,3,2,TGTTAAATATCGTGTTGTCA,1,5147681
yncEp,0.6666666666666666,3,2,TGAGGCCTAACCCCATTCAC,1,5151004
yncEp,327.6666666666667,984,2,TCTTCCTTCGAGTTGTGTTA,982,5153327
yncEp,0.6666666666666666,3,2,TAGAGTAACACTCTCACTCC,1,5146099
yncEp,695.0,2086,2,TACTGTTGTCCCACTGAAGC,2084,5149674
yncEp,0.6666666666666666,3,2,GTACCTCAGCGGGTGAAGCG,1,5147693
yncEp,159.0,478,2,GGTTATGCAGAATTGATTTA,476,5152455
yncEp,255.33333333333334,767,2,GGATGGTCAAGCGCACGGCT,765,5155350
yncEp,0.6666666666666666,3,2,GGACATGACATTCCGAAACA,1,5149616
yncEp,0.6666666666666666,3,2,GCGTGTATTTGTCTTACCAA,1,5160115
yncEp,0.6666666666666666,3,2,GCCAGCCCCTCCGTAGTCTA,1,5156899
yncEp,0.6666666666666666,3,2,GCACGGGGTATATCAGGGCA,1,5148068
yncEp,0.6666666666666666,3,2,GCAATCTCTCAATAGTATGT,1,5160284
yncEp,0.6666666666666666,3,2,CTTGACCATGAGTCCGTATT,1,5149310
yncEp,340.6666666666667,1023,2,CTGGTAATACGGACCCTATG,1021,5158560
yncEp,0.6666666666666666,3,2,CGCGAGCATGGGAGAGTTAT,1,5145894
yncEp,0.6666666666666666,3,2,CGAATAGGATATGACCGATC,1,5162024
yncEp,258.0,775,2,CCTGGTGCCCATTTCAACGT,773,5160139
yncEp,195.0,586,2,CAAATGATCCTTTACCCTGT,584,5155453
yncEp,0.6666666666666666,3,2,CAAAAAAATGTATTTATCAA,1,5151297
yncEp,0.6666666666666666,3,2,ATAGGACCGTGGAAAAATGT,1,5159427
yncEp,0.6666666666666666,3,2,AGTTTGCAGACAATGTCAAT,1,5153069
yncEp,0.6666666666666666,3,2,ACTCTCCCGCTCCAGCCACG,1,5159129
yncEp,0.6666666666666666,3,2,ACTCCTATACGCGGACTACT,1,5148157
yncEp,326.6666666666667,981,2,AATGGGAAAGTAAGAGTGTA,979,5150929
yncEp,1.0,2,1,TTTGTCCTGCATGAATGGGA,1,5148394
yncEp,1.0,2,1,TTATTACGCTTCACCAGGAA,1,5162240
yncEp,1.0,2,1,TGTGAGGGTGCCCGTGTATC,1,5160499
yncEp,346.0,692,1,TCGGCCCATTATTCTTTACT,691,5161385
yncEp,1.0,2,1,GTTTTTGCGGTCTTAGCTTG,1,5153342
yncEp,1.0,2,1,GTCAGTCACTTACTGTTCAC,1,5157561
yncEp,1.0,2,1,GGATGCTGTCTTCCGTCTCT,1,5149049
yncEp,1.0,2,1,GCTTATATCGGATTAGTTTT,1,5148407
yncEp,1.0,2,1,GCTCAGGTCGAGCTACCTTA,1,5146504
yncEp,1.0,2,1,GCAGTACCGTAGCTGCTGAT,1,5161637
yncEp,357.0,714,1,GCAGCAAACTAATTCATCTC,713,5155322
yncEp,1.0,2,1,CTCGATCACGCGGACGGCAG,1,5153334
yncEp,1.0,2,1,CGTAAGCGTCGGCGTCTAGT,1,5147310
yncEp,1.0,2,1,CGGTCCAGGCTTCAGTAAAC,1,5158491
yncEp,2.0,4,1,CGCGCTCGTGATCATCCTAG,3,5160672
yncEp,1.0,2,1,CGATTACGAACATGCCGGCA,1,5151660
yncEp,1.0,2,1,CGATAGATCTGGGTGACACT,1,5161512
yncEp,1.0,2,1,CAATTAATGTAATTTTTGAT,1,5160351
yncEp,1.0,2,1,ATCTTGAAACTACTGTCTAG,1,5154992
yncEp,1.0,2,1,ATCCTCGTAGAAAGATAGCA,1,5150078
yncEp,1.0,2,1,AGTCGTCCCGAATTTGGGAC,1,5159248
yncEp,1.0,2,1,AGACTGGCAATCTTGCAGTG,1,5150987
yncEp,1.0,2,1,AATGCGCCGAGACTCCAGCC,1,5150116
yncEp,538.0,1076,1,AACTAGGCGGGACAGAGAAT,1075,5158348
yncEp,480.0,960,1,AACGTATACTGTTTACCCCC,959,5149117
yncEp,0.012658227848101266,78,78,GCGGATAAGACAGTGTATTG,0,5153081
yncEp,0.014285714285714285,69,69,TACCTGCATGAACTTGCTCT,0,5157061
yncEp,0.018518518518518517,53,53,AGCGGTGCGGAGCGCTGAAT,0,5152506
yncEp,0.019230769230769232,51,51,TCCAGACCAGAATCGAGTGG,0,5145918
yncEp,0.020833333333333332,47,47,TGTGCGATCCCAAGGAGGTT,0,5153238
yncEp,0.021739130434782608,45,45,GCTCACCTGCGGCAAATTAG,0,5152563
yncEp,0.022222222222222223,44,44,GTCAGCCGCACTTTCTGGGT,0,5150950
yncEp,0.022727272727272728,43,43,TAGCAGCCGTTGCATGATGG,0,5146003
yncEp,0.022727272727272728,43,43,CAGTGAGGGCGGTGGACGCT,0,5150093
yncEp,0.024390243902439025,40,40,GGGGAAGCGAACTTGGACAT,0,5147869
yncEp,0.024390243902439025,40,40,GGCTCTGAACACCGGTTATT,0,5146026
yncEp,0.025,39,39,CGCACCGGTTACCGTTCGGA,0,5153043
yncEp,0.02564102564102564,38,38,TGTACTCTGTGCCCGCCTTT,0,5149357
yncEp,0.02702702702702703,36,36,ACCGTTATTGGCTGGATAGA,0,5151578
yncEp,0.027777777777777776,35,35,TGCGGGGCAACACAACCTTT,0,5145986
yncEp,0.027777777777777776,35,35,TCATGCGGACTCGATCCGTA,0,5147682
yncEp,0.02857142857142857,34,34,TCACCGCGCTTCGTTTGGGA,0,5150331
yncEp,0.02857142857142857,34,34,AGCTCCACATCAGGAAGTGT,0,5160595
yncEp,0.029411764705882353,33,33,TACAAAAGTGAACTCGCACC,0,5155520
yncEp,0.029411764705882353,33,33,GCTGTATTGCTGAGAGCACA,0,5151184
yncEp,0.029411764705882353,33,33,ACGTATTTATCCACATTGCA,0,5149035
yncEp,0.029411764705882353,33,33,ACGCAGGGGCTAGCCAAGCT,0,5149838
yncEp,0.030303030303030304,32,32,GATATCCGCTCCAACTTTAC,0,5145835
yncEp,0.030303030303030304,32,32,ATAGTTAATCAGATGGTTAG,0,5147956
yncEp,0.030303030303030304,32,32,ACCGGCCATATGGTGCGTTA,0,5147920
yncEp,0.030303030303030304,32,32,AATATCGCGGCAGGCAAATA,0,5146339
yncEp,0.03125,31,31,TCACACCAGTGTACAGCATT,0,5147967
yncEp,0.03125,31,31,TAGGAAGATAACGAGGATTA,0,5152828
yncEp,0.03125,31,31,AGGTCGCGGCAAACGATGAC,0,5150949
yncEp,0.03225806451612903,30,30,GGATTTTCCTATTCAGCGGG,0,5157133
yncEp,0.03225806451612903,30,30,GCTCCGAATTCCCCGAACTT,0,5149372
yncEp,0.03225806451612903,30,30,CGTGGTAATCGACAACGTTG,0,5145814
yncEp,0.03225806451612903,30,30,CACCTGCCCTTTCTCAAGTA,0,5155022
yncEp,0.03225806451612903,30,30,ATATTGCTTCAACTCCAGGC,0,5149530
yncEp,0.03333333333333333,29,29,TTTTATTTATTGTTTCGGGT,0,5147870
yncEp,0.03333333333333333,29,29,GGCTCAGACCCCTGTCGTAT,0,5147985
yncEp,0.03333333333333333,29,29,GGATCGGTCCTGAAACGCAG,0,5146279
yncEp,0.03333333333333333,29,29,GAGCGACATTTCTGGCAGAT,0,5146936
yncEp,0.03333333333333333,29,29,GAAGGGACCGCGTCGTTCAA,0,5155233
yncEp,0.03333333333333333,29,29,CTCGACCGTTTGACTGGCAT,0,5147724
yncEp,0.03333333333333333,29,29,CTCCTACCGTGGGCCGGAAA,0,5158457
yncEp,0.03333333333333333,29,29,CGTCCGTCCGGGTCGGACGA,0,5150388
yncEp,0.03333333333333333,29,29,CCATCGTAAGGTCGGTCATA,0,5146993
yncEp,0.03333333333333333,29,29,CAGAGAAAGAAGATAGATGT,0,5148043
yncEp,0.03333333333333333,29,29,AGAGCTAGATTAAGCTATAA,0,5153677
yncEp,0.03333333333333333,29,29,AAAATGCCCGGCGGTAGCGA,0,5155435
yncEp,0.034482758620689655,28,28,TTCAGATTGCTAGAGGGGGT,0,5150613
yncEp,0.034482758620689655,28,28,TAGAAACCGTAGCTGTGTTG,0,5151841
yncEp,0.034482758620689655,28,28,TACTCTGGGAAGACAGTAAT,0,5151740
yncEp,0.034482758620689655,28,28,GTGGCCCGCCAGAGAGCCAT,0,5158094
yncEp,0.034482758620689655,28,28,GAACTGGAAATTGGCGGTAA,0,5155803
yncEp,0.034482758620689655,28,28,CTCGCCCACAGCTTAATTTT,0,5146513
yncEp,0.034482758620689655,28,28,CTCCGGCAGTTTATGTTCAT,0,5145886
yncEp,0.034482758620689655,28,28,ATGCAGACGTTTGGCATCCA,0,5151276
yncEp,0.034482758620689655,28,28,ACTCCTGCTAGTCCGTCTAT,0,5146119
yncEp,0.03571428571428571,27,27,TTGCAGCATTCCAATGTACT,0,5146159
yncEp,0.03571428571428571,27,27,TGAGAGTCAAAATTGAAGAA,0,5158362
yncEp,0.03571428571428571,27,27,GTTTGAGTTTCGGAAGAAAA,0,5149970
yncEp,0.03571428571428571,27,27,GATGATATTCAATGTGCTCT,0,5150891
yncEp,0.03571428571428571,27,27,CGGTCCTATAGCCTTCATTT,0,5149295
yncEp,0.03571428571428571,27,27,AGGACCGGGATGTAGTTCAT,0,5146424
yncEp,0.037037037037037035,26,26,TCAAGAAATAGTCCTTAGGC,0,5148118
yncEp,0.037037037037037035,26,26,TACAGTCAGTGCGCAGGGCT,0,5149588
yncEp,0.037037037037037035,26,26,GTAGTGCTATGCCTCGTTTT,0,5149553
yncEp,0.037037037037037035,26,26,GCCTCTGTTGGACCGCGTTA,0,5146080
yncEp,0.037037037037037035,26,26,GATTAAAGCGTCCGCAGAGT,0,5153438
yncEp,0.037037037037037035,26,26,CGTTTCATTATTGGTCCGGG,0,5146071
yncEp,0.037037037037037035,26,26,CGAGATGGGGTCTAAAGAGA,0,5147559
yncEp,0.037037037037037035,26,26,CAGTAATAAGATTTGCTATT,0,5146040
yncEp,0.037037037037037035,26,26,CACTCCTACTCATCCCTGGA,0,5161179
yncEp,0.038461538461538464,25,25,TTTACATCGATATTCTAAAT,0,5146371
yncEp,0.038461538461538464,25,25,TTAGAATACTGGTGCCACAT,0,5155254
yncEp,0.038461538461538464,25,25,GTTGCTATAGCAGCACGTGA,0,5151757
yncEp,0.038461538461538464,25,25,GTCTCTCACAAGTGATTGGT,0,5153473
yncEp,0.038461538461538464,25,25,CTTTTCGTTGTTGACGGAAG,0,5147249
yncEp,0.038461538461538464,25,25,CTGAACGGATCAGCCTTTCG,0,5151421
yncEp,0.038461538461538464,25,25,CGGTCAATCTGGCGAATTAA,0,5151441
yncEp,0.038461538461538464,25,25,CGAGACCTCAGCAAATCGTA,0,5148477
yncEp,0.038461538461538464,25,25,ATTCGTGCCGACCATATGCG,0,5153711
yncEp,0.038461538461538464,25,25,ATCTTCTCCTTCGGCCTCGA,0,5157742
yncEp,0.038461538461538464,25,25,ATCATAAAACGGGACCGGGT,0,5146414
yncEp,0.04,24,24,TCTGGTCCTTACTCGTATAA,0,5145901
yncEp,0.04,24,24,TCGATGTGTGATGGCGTGAT,0,5158011
yncEp,0.04,24,24,GGAAGGTAAATAGTTGAGCT,0,5153894
yncEp,0.04,24,24,GATGTCAGGTGAAATCCCGC,0,5148287
yncEp,0.04,24,24,CTCTTTCTATAATAAAGGAT,0,5155720
yncEp,0.04,24,24,CGTAGATCGTGCCTAGTTTG,0,5151095
yncEp,0.04,24,24,CGGCTTCCTAGAGTATTGGG,0,5147374
yncEp,0.041666666666666664,23,23,TGGTTTCGGTCCGGTCTGGC,0,5153099
yncEp,0.041666666666666664,23,23,GTAGAGCTGCCTCCTGTCGG,0,5156003
yncEp,0.041666666666666664,23,23,GTAAGTTAATGTCTTCATTT,0,5156266
yncEp,0.041666666666666664,23,23,ATAACGGGCCATAAAGATAT,0,5146959
yncEp,0.041666666666666664,23,23,AGGATTCCGTTGTGGCTTCA,0,5145807
yncEp,0.041666666666666664,23,23,ACGTGGAAGATCTTCGCCCA,0,5151687
yncEp,0.041666666666666664,23,23,ACCCGACAGGTGGACGAGTG,0,5153997
yncEp,0.041666666666666664,23,23,AATGGCCTACGTCGATTTTT,0,5156205
yncEp,0.043478260869565216,22,22,TGCTCCGAACTAAAGATGTA,0,5158853
yncEp,0.043478260869565216,22,22,TATCTTTATAGCCATGCTCT,0,5150578
yncEp,0.043478260869565216,22,22,TACCTGGCGGGTCGTATCTT,0,5146095
yncEp,0.043478260869565216,22,22,GTGCGGTTGCGCTACGGCCC,0,5151950
yncEp,0.043478260869565216,22,22,GTCCTAGCCATTTTGCGGCT,0,5146514
yncEp,0.043478260869565216,22,22,GGGGGTATCCGTGAAGGTTT,0,5152390
yncEp,0.043478260869565216,22,22,GGATCTTAAAGTCAGGGTAG,0,5153397
yncEp,0.043478260869565216,22,22,GCACGCCCAAGTCGGGATAA,0,5148357
yncEp,0.043478260869565216,22,22,GACCTGGTAGGTAATGGTGA,0,5160376
yncEp,0.043478260869565216,22,22,CGTCATAACGGTATGTGGCA,0,5150047
yncEp,0.043478260869565216,22,22,CCAGGTCGGCAAGGGGTTAA,0,5151909
yncEp,0.043478260869565216,22,22,AGTCTCCCAGTCTCAACATA,0,5156756
yncEp,0.043478260869565216,22,22,AGGTGTGTACCTGATGAGTC,0,5146692
yncEp,0.043478260869565216,22,22,AGGTCATGTTGTCTCCCGAT,0,5151816
yncEp,0.043478260869565216,22,22,AGGCTGCAGAACGAATCGGA,0,5149341
yncEp,0.043478260869565216,22,22,AGGAACGCTGTTGGAGGCGC,0,5146182
yncEp,0.043478260869565216,22,22,ACGTATGCCAGGCTCCATTA,0,5148660
yncEp,0.043478260869565216,22,22,AAGGTGAGTAATAACGGTAA,0,5150227
yncEp,0.043478260869565216,22,22,AAGGGGACTCGAAGCAAGGG,0,5154412
yncEp,0.045454545454545456,21,21,TTATGTACGGTCTCTCGTGA,0,5153612
yncEp,0.045454545454545456,21,21,TGGTCACGACCAGCAAATTC,0,5150764
yncEp,0.045454545454545456,21,21,TGCAGTTCAGGATCGCAAAT,0,5152622
yncEp,0.045454545454545456,21,21,TCACAGTTTCGCTGTTCCAG,0,5147315
yncEp,0.045454545454545456,21,21,TAGCGGGACACGTCACGATT,0,5147629
yncEp,0.045454545454545456,21,21,TAGAGAAATTGAGTGAAACT,0,5146180
yncEp,0.045454545454545456,21,21,TACATCAGTTGGCGCGTACT,0,5153152
yncEp,0.045454545454545456,21,21,GTCACTGGCCTCTGAACGCC,0,5154023
yncEp,0.045454545454545456,21,21,GAATCTGGATGTTGACGCAG,0,5147477
yncEp,0.045454545454545456,21,21,GAATAATGTTCCCCTTAATA,0,5152415
yncEp,0.045454545454545456,21,21,GAAGTAGAATCCGCAGTGTG,0,5147450
yncEp,0.045454545454545456,21,21,CTTGTGGTTTTGGTATTAGG,0,5159849
yncEp,0.045454545454545456,21,21,CTGGTACTGCCCGAACTCTA,0,5160460
yncEp,0.045454545454545456,21,21,CGTAACTGGTGTCGAGGCGC,0,5147909
yncEp,0.045454545454545456,21,21,CGCATCAGTGGGGTCACGTA,0,5156358
yncEp,0.045454545454545456,21,21,CGCACACGAGGATTCACTCG,0,5149380
yncEp,0.045454545454545456,21,21,CGAGTCGGCCGCACGCTATT,0,5158069
yncEp,0.045454545454545456,21,21,CCGCGCAGGTTTTGAACCAA,0,5147049
yncEp,0.045454545454545456,21,21,CCGAGTCTAGCCCTATAGGG,0,5148228
yncEp,0.045454545454545456,21,21,CCGAATGCTTAGTCCGACAA,0,5154748
yncEp,0.045454545454545456,21,21,CCCCAACTGGTTGCTAACGA,0,5146146
yncEp,0.045454545454545456,21,21,CACTCCTATGTCGAGAACAC,0,5153605
yncEp,0.045454545454545456,21,21,CACTCAACGCCTAATGAGGT,0,5146426
yncEp,0.045454545454545456,21,21,ATTCGGCAGTCGCACTAATA,0,5159445
yncEp,0.045454545454545456,21,21,AGCCAGTCCTTATTTTGCTG,0,5153946
yncEp,0.045454545454545456,21,21,ACTAGAACTTCATGTATGCA,0,5160302
yncEp,0.045454545454545456,21,21,ACGCCGAGCCCAACCCGGTT,0,5159748
yncEp,0.045454545454545456,21,21,AATAAGAACTCTCGATATGA,0,5149840
yncEp,0.047619047619047616,20,20,GTTAACCCCGAGAAGAAATG,0,5159527
yncEp,0.047619047619047616,20,20,GGGGTTTCAAGAGTTGGGGA,0,5150629
yncEp,0.047619047619047616,20,20,GGCGCGAACGGCAAGAGGAA,0,5156462
yncEp,0.047619047619047616,20,20,GATAATATTAAAGTATGGAT,0,5149723
yncEp,0.047619047619047616,20,20,CTGCTGGCATCTGTGGTATA,0,5148865
yncEp,0.047619047619047616,20,20,CTGCGAGGGTAACGCACTGC,0,5154255
yncEp,0.047619047619047616,20,20,CGTGTATCCTGCGGCATGCT,0,5151337
yncEp,0.047619047619047616,20,20,CCTCGAGTCTCTCCGCATTC,0,5150431
yncEp,0.047619047619047616,20,20,CCTCAAGGTATCGGGAAGGT,0,5150196
yncEp,0.047619047619047616,20,20,CCGCATGTTCTAGACCGTGT,0,5152878
yncEp,0.047619047619047616,20,20,CCATAACACGATCCCATAAG,0,5151325
yncEp,0.047619047619047616,20,20,CCACGTAACTATGGCAAATA,0,5149069
yncEp,0.047619047619047616,20,20,CACTGGTTTGAAAGATGATT,0,5153319
yncEp,0.047619047619047616,20,20,CACTGACGCCGGGCTCGTAT,0,5150848
yncEp,0.047619047619047616,20,20,ATGCATATAGTCAAGACACA,0,5152263
yncEp,0.047619047619047616,20,20,ATATGATAACTTCTGACCAA,0,5155790
yncEp,0.047619047619047616,20,20,ACGGTAAGCTCATTAACGCT,0,5145994
yncEp,0.047619047619047616,20,20,AAGCACTTTTGGGTGCATCT,0,5147056
yncEp,0.047619047619047616,20,20,AACGGGTTGGTCGATCTTTA,0,5157727
yncEp,0.047619047619047616,20,20,AAATCTCCATCTGAGGTAGT,0,5147881
yncEp,0.05,19,19,TTACTTATAAAATTCTTCTG,0,5158140
yncEp,0.05,19,19,TGATGCCGGTCCAGCTCTGA,0,5155070
yncEp,0.05,19,19,TCGTCGATGGTACAGCTTCA,0,5159965
yncEp,0.05,19,19,TCCAGCACGACAACGCAGGA,0,5152815
yncEp,0.05,19,19,TCACCCGTCCCATTCGGCTT,0,5149166
yncEp,0.05,19,19,TATCCATCAACTAGGGGTCG,0,5152203
yncEp,0.05,19,19,TACAACATTCCCGGAACTTG,0,5151279
yncEp,0.05,19,19,GGTTGGAGGACACCGGTTCA,0,5154424
yncEp,0.05,19,19,GGCCGCGCAATGAGGGTGCT,0,5158936
yncEp,0.05,19,19,GGAACTGTCTGTGCGGTCTC,0,5149134
yncEp,0.05,19,19,GCTCAGGCACCCATGGTAAG,0,5152838
yncEp,0.05,19,19,GCCGACAGGTGGGTTCAGGT,0,5161319
yncEp,0.05,19,19,GAGTAGACAACCTGCAAAAA,0,5146427
yncEp,0.05,19,19,GAGGTCCGAATAGTGCGTGG,0,5158007
yncEp,0.05,19,19,CTTTGCCGACGTGTCCAAGT,0,5152517
yncEp,0.05,19,19,CTTAAAAGTCAGGACCGAAT,0,5160781
yncEp,0.05,19,19,CGTTGGTTCGGCTTCGTTCC,0,5147102
yncEp,0.05,19,19,CGCCGAGGGTATAATCGCGA,0,5147544
yncEp,0.05,19,19,CGCCAGGTGAGACACCGGGA,0,5151500
yncEp,0.05,19,19,CCTTTTGCTCAAACTCTGGC,0,5153615
yncEp,0.05,19,19,CCCGGTATATGCATCGTGGG,0,5152356
yncEp,0.05,19,19,CCAGAACGTCAAGGCGTAGA,0,5147683
yncEp,0.05,19,19,CCAAAGGCAAGGATTGATGC,0,5152809
yncEp,0.05,19,19,CCAAAAGTGAACCTCTGTTT,0,5149834
yncEp,0.05,19,19,CACCCCGGGATTTGGTTCTT,0,5156258
yncEp,0.05,19,19,CAAGAGCCCCAGGTTCCGCA,0,5149397
yncEp,0.05,19,19,ATTTAGCGCGGTGCTCCGTA,0,5155966
yncEp,0.05,19,19,ATACAACGGCCCAGAATGAG,0,5158658
yncEp,0.05,19,19,AATCCACATTTTATCCTATG,0,5155041
yncEp,0.05,19,19,AAGTGCGCTCTCGACGTACA,0,5146313
yncEp,0.05,19,19,AAGTAGGCAGTTCGCGAAAA,0,5156847
yncEp,0.05,19,19,AAGCACTGAAGCTCCTTAGT,0,5150012
yncEp,0.05263157894736842,18,18,TTGAGAAACCTGAGGGTGTA,0,5148213
yncEp,0.05263157894736842,18,18,TTAGGTTGCTGAAGGTGAGC,0,5158838
yncEp,0.05263157894736842,18,18,TGCAAGCCCATAATAGAGGT,0,5158261
yncEp,0.05263157894736842,18,18,TGATGAGCCGGGTTGCCGGA,0,5154067
yncEp,0.05263157894736842,18,18,TCTTGCGCACAGACGAAAAT,0,5147447
yncEp,0.05263157894736842,18,18,TCGGCAAATCTTGAAATTGT,0,5160570
yncEp,0.05263157894736842,18,18,TAGGTTGCGACTCTTGTGGG,0,5149394
yncEp,0.05263157894736842,18,18,GTTTCGTGAATGTGGTCCCT,0,5156177
yncEp,0.05263157894736842,18,18,GTTGTGAACAGAGGATTCCA,0,5161006
yncEp,0.05263157894736842,18,18,GTCCGTCAGTCGGACGAGTA,0,5158453
yncEp,0.05263157894736842,18,18,GGGCCTACACGCTCGTGATT,0,5149253
yncEp,0.05263157894736842,18,18,GGCGTAGGTGGTTAACAGAA,0,5149055
yncEp,0.05263157894736842,18,18,GACGGCGATCGGCTCGGGTC,0,5156202
yncEp,0.05263157894736842,18,18,CTGATGGTGCCATAACACCA,0,5148301
yncEp,0.05263157894736842,18,18,CTCAGATGGAAGCCTGGAAG,0,5151679
yncEp,0.05263157894736842,18,18,CTATAGGTACGAAAGCGCCG,0,5150453
yncEp,0.05263157894736842,18,18,CGTTCAGTTCGTCATGCCAC,0,5152966
yncEp,0.05263157894736842,18,18,CGCCACGGGGATCCGCACGA,0,5155134
yncEp,0.05263157894736842,18,18,CCCCACCTCCCGCCGTGAGT,0,5156564
yncEp,0.05263157894736842,18,18,CAGGATGTATGTCAGAGGCG,0,5145768
yncEp,0.05263157894736842,18,18,ATTACTACTCTAAAGTTGGG,0,5146643
yncEp,0.05263157894736842,18,18,ATGAAATGGGTATCGACGCG,0,5149653
yncEp,0.05263157894736842,18,18,AGGGGGGTTTAAGATATTTA,0,5153063
yncEp,0.05263157894736842,18,18,ACTGAGCTTAAAGGCGTATG,0,5153218
yncEp,0.05263157894736842,18,18,ACGACTGTTGGTTCTCATTA,0,5154466
yncEp,0.05263157894736842,18,18,ACCAGCATCGCCGACCGATG,0,5151019
yncEp,0.05263157894736842,18,18,AATCGCACGCAGTAGCGGCA,0,5159110
yncEp,0.05263157894736842,18,18,AAGTCATATTCGGGAATGTG,0,5147898
yncEp,0.05263157894736842,18,18,AAGCGGGTACGGCCAAGCCA,0,5147950
yncEp,0.05263157894736842,18,18,AAAGTGGTTTCACACGTAAT,0,5154388
yncEp,0.05555555555555555,17,17,TGGATCGCGCATGTGTATGG,0,5155549
yncEp,0.05555555555555555,17,17,TCTCACGGATGAATTGGCTT,0,5146327
yncEp,0.05555555555555555,17,17,TCGAGCCCGTATCATGGTGA,0,5151160
yncEp,0.05555555555555555,17,17,TCGACGCGAAGGTTTGATCT,0,5154878
yncEp,0.05555555555555555,17,17,TCCTCTAAAAAGATGTAAGG,0,5156163
yncEp,0.05555555555555555,17,17,TATTAGCAGTCTTTTTTGCT,0,5157003
yncEp,0.05555555555555555,17,17,TACGTGTCGAACATGTACCT,0,5153096
yncEp,0.05555555555555555,17,17,GTGTTAGGCCTAAAAGGAAT,0,5151339
yncEp,0.05555555555555555,17,17,GGTCTATATCCTATCGACAC,0,5148907
yncEp,0.05555555555555555,17,17,GGGTTCCAACCACTGCGTTT,0,5146679
yncEp,0.05555555555555555,17,17,GCTAAACTGGGCTTAGTCTC,0,5146413
yncEp,0.05555555555555555,17,17,GCGTTGTGGGTGGCGCTAAT,0,5147771
yncEp,0.05555555555555555,17,17,GCGGTCAAGTGGTGTTCCCA,0,5153525
yncEp,0.05555555555555555,17,17,GCGAACCAGACTACCGTGGG,0,5147466
yncEp,0.05555555555555555,17,17,GAGCACTTTCAACGGGCAAG,0,5151696
yncEp,0.05555555555555555,17,17,GAAGAAAGGGATAGCTCCAT,0,5160655
yncEp,0.05555555555555555,17,17,GAACTTAGGCCACTTAGTAC,0,5146198
yncEp,0.05555555555555555,17,17,CTTGTAACTCTTTATGGAGC,0,5151725
yncEp,0.05555555555555555,17,17,CTGACATCCCAGGATTGCCT,0,5157817
yncEp,0.05555555555555555,17,17,CTAGTTTCGTGTCTCAGCAA,0,5150804
yncEp,0.05555555555555555,17,17,CTACATGACACCATTTAGTT,0,5146797
yncEp,0.05555555555555555,17,17,CGCTCATCGTGAGTGCGAGT,0,5161144
yncEp,0.05555555555555555,17,17,CGATCGCTACTATGTGTAGG,0,5146487
yncEp,0.05555555555555555,17,17,CCTTGGCCTGTATCTCCTTG,0,5154854
yncEp,0.05555555555555555,17,17,CCATGGGAGACACGGGTTTA,0,5156922
yncEp,0.05555555555555555,17,17,CCAATCTGGGAATGGGGGTG,0,5162595
yncEp,0.05555555555555555,17,17,CATGGTGGTGGTCAGGGTCA,0,5146607
yncEp,0.05555555555555555,17,17,CATAAGCTCGACATGCATAT,0,5152092
yncEp,0.05555555555555555,17,17,CAGCATAGCCAAGCTTGTGT,0,5152556
yncEp,0.05555555555555555,17,17,CACCAGAAATATACCGACAC,0,5150085
yncEp,0.05555555555555555,17,17,CAACCACCAACCCTTTTTTT,0,5148035
yncEp,0.05555555555555555,17,17,ATTAACACTTGCCTCTTCAC,0,5152093
yncEp,0.05555555555555555,17,17,AGTATCGTAGATCAGACACT,0,5151819
yncEp,0.05555555555555555,17,17,AGTAGATTATCCGGGGATAC,0,5145818
yncEp,0.05555555555555555,17,17,AGGCGACGCCTTTGTAAATG,0,5153130
yncEp,0.05555555555555555,17,17,AGAAAGGGGTACTCATATAA,0,5149249
yncEp,0.05555555555555555,17,17,AACTAACACAAAGGTGGAGG,0,5160508
yncEp,0.05555555555555555,17,17,AAACGCTACTATTAAGGCTT,0,5150339
yncEp,0.058823529411764705,16,16,TTGTTGGGTTTCTCGCGACA,0,5157974
yncEp,0.058823529411764705,16,16,TTGCAGACTCACATCAGTAT,0,5151694
yncEp,0.058823529411764705,16,16,TTCACACCACTATAGATTAG,0,5147403
yncEp,0.058823529411764705,16,16,TGGTTCACATAAGAGTAAGG,0,5151200
yncEp,0.058823529411764705,16,16,TGGGGGGAGCTCGCTTCATC,0,5151044
yncEp,0.058823529411764705,16,16,TGCCCAACCAGCAGTTGTAG,0,5151227
yncEp,0.058823529411764705,16,16,TCGGGATGTGGGGTATACGA,0,5159556
yncEp,0.058823529411764705,16,16,TCAGCCCAAAATCGAAAGGT,0,5146875
yncEp,0.058823529411764705,16,16,TATGTTGCGCCAGAAGGGCA,0,5148584
yncEp,0.058823529411764705,16,16,TATAGCTTAACCTCCGTGAA,0,5155925
yncEp,0.058823529411764705,16,16,TATAAGCTACGGTCATCAAA,0,5160358
yncEp,0.058823529411764705,16,16,TACGCTTAATTGCGGGTAGC,0,5155096
yncEp,0.058823529411764705,16,16,TAATCGTCACTCCTGGGAGC,0,5147175
yncEp,0.058823529411764705,16,16,TAAGGGTCCCAATTAGAGTC,0,5157698
yncEp,0.058823529411764705,16,16,TAACTTACAACAGCTTGGTA,0,5152357
yncEp,0.058823529411764705,16,16,GTCGATTATCCAAGAGTCAA,0,5151289
yncEp,0.058823529411764705,16,16,GTAATTCGGCGCGGCACATT,0,5147576
yncEp,0.058823529411764705,16,16,GTAAGCTGAGATCCCCCACA,0,5157317
yncEp,0.058823529411764705,16,16,GGGTAGGCAGCATCTTGCAG,0,5158863
yncEp,0.058823529411764705,16,16,GGGACAAGAGTTACAAGCAT,0,5149126
yncEp,0.058823529411764705,16,16,GGAAAGATTCAATCGGGTAT,0,5158455
yncEp,0.058823529411764705,16,16,GCTGGTAAAAAGGTACCCTA,0,5146377
yncEp,0.058823529411764705,16,16,GCGAGCTCGCGGATGGTTCA,0,5146636
yncEp,0.058823529411764705,16,16,GCCTTCTTCGTCCACTATGC,0,5149445
yncEp,0.058823529411764705,16,16,GCAGGAGGGACTTCGCAATT,0,5153831
yncEp,0.058823529411764705,16,16,GCACTGACGAAAGCTCGAAT,0,5149255
yncEp,0.058823529411764705,16,16,GATAGTCACGATGGCGTTCA,0,5152881
yncEp,0.058823529411764705,16,16,GACTGCGAGGTCGGGCTTCA,0,5160981
yncEp,0.058823529411764705,16,16,CTCGATTACCTACTCCTGAC,0,5158880
yncEp,0.058823529411764705,16,16,CTAGCGATTAAGAAGTCCGC,0,5148383
yncEp,0.058823529411764705,16,16,CGCGCGCTTATTCTGAAGGG,0,5154281
yncEp,0.058823529411764705,16,16,CGCAGAAAATGGGCCTCAGC,0,5158700
yncEp,0.058823529411764705,16,16,CGAAGCCATCCCCTGGAGGA,0,5149535
yncEp,0.058823529411764705,16,16,CCTTTTGTACGATGTACCGG,0,5146880
yncEp,0.058823529411764705,16,16,CCTTTAGACGGTATCATTTC,0,5150006
yncEp,0.058823529411764705,16,16,CCTCGGCGGTGGGTAACTTC,0,5151716
yncEp,0.058823529411764705,16,16,CCCCTAACTGTGACAACGGA,0,5146059
yncEp,0.058823529411764705,16,16,CATTAGACTTGGGAGCCCCA,0,5154299
yncEp,0.058823529411764705,16,16,CAGTGAGACGGAGGCTCTAG,0,5154667
yncEp,0.058823529411764705,16,16,CAGAAGAGGGCGTTATTCCT,0,5159873
yncEp,0.058823529411764705,16,16,CAATGAGACCCAGGAGCGTA,0,5158081
yncEp,0.058823529411764705,16,16,ATGGAAACTTGTCATATCTG,0,5153413
yncEp,0.058823529411764705,16,16,ATGCTCGTCAGCTGAAGTCA,0,5151338
yncEp,0.058823529411764705,16,16,ATAGGAAGCCCCGCGGTTCA,0,5149539
yncEp,0.058823529411764705,16,16,AGGGGGCGCCGCTAAGCACT,0,5147225
yncEp,0.058823529411764705,16,16,AGCTATGCCCAAGAACATTA,0,5154867
yncEp,0.058823529411764705,16,16,AGATAACAGCGGGGTCGAAA,0,5153714
yncEp,0.058823529411764705,16,16,ACTTCGCATAGATAGCTAGA,0,5157756
yncEp,0.058823529411764705,16,16,ACTCCAGTTCAGTTCGTCAA,0,5156208
yncEp,0.058823529411764705,16,16,ACGCGTGCTGGGAGAGGCTA,0,5149016
yncEp,0.0625,15,15,TTTCTCGGCTGCGGAGATTG,0,5147488
yncEp,0.0625,15,15,TTGTAACTTCCGGACAGGCT,0,5158541
yncEp,0.0625,15,15,TTAGATGGCGAATGTGGCGA,0,5157546
yncEp,0.0625,15,15,TGTAACGTCACCCCGTTCAA,0,5147457
yncEp,0.0625,15,15,TGGTGAGCGAAACTCATGGA,0,5153158
yncEp,0.0625,15,15,TGCCCGGACGATTATCTAAT,0,5145871
yncEp,0.0625,15,15,TCTGTCTCTCCTTGGGAGCT,0,5154288
yncEp,0.0625,15,15,TCTCGGCTTCGTGGGATTGT,0,5148780
yncEp,0.0625,15,15,TCGAGACCCTCAGGTGTGAT,0,5153985
yncEp,0.0625,15,15,TATACAGCGACGTCACGAAT,0,5146927
yncEp,0.0625,15,15,TAGTTGTCATCATGCCGAGA,0,5149579
yncEp,0.0625,15,15,TAGAGCTCGTACGGAACGCA,0,5148135
yncEp,0.0625,15,15,TACCTGGTTGAGTGTCTCCC,0,5156644
yncEp,0.0625,15,15,TAAGCGCCCAGATGTAGGCT,0,5158103
yncEp,0.0625,15,15,TAACATTTTTTTCGTCAAGA,0,5156562
yncEp,0.0625,15,15,GTTTGCTGTTAAGGATTGTT,0,5152060
yncEp,0.0625,15,15,GTGGTAAGGAGATTCCTGGC,0,5150557
yncEp,0.0625,15,15,GTGATGTACGACCTAGATAC,0,5154140
yncEp,0.0625,15,15,GTGATGGGTCCACGGACCCA,0,5156084
yncEp,0.0625,15,15,GTCAAGTTAAGGCATAGTGT,0,5154245
yncEp,0.0625,15,15,GTATCTCCCGTCGCCTGACT,0,5156175
yncEp,0.0625,15,15,GTAGCATGTTGTATATCTTT,0,5155054
yncEp,0.0625,15,15,GGGTATCTTCCAGAACAAAT,0,5154849
yncEp,0.0625,15,15,GGGGCAGCTAGTTGGGAAAT,0,5156325
yncEp,0.0625,15,15,GGCTGATGAAGTGGCATGGA,0,5161052
yncEp,0.0625,15,15,GGCAGCATGATCCAACGGTG,0,5147775
yncEp,0.0625,15,15,GCTTGTGCCCCGCCACCTCA,0,5161331
yncEp,0.0625,15,15,GCGGTTCTTAGAGCAAAGTA,0,5155079
yncEp,0.0625,15,15,GCCGGACCTTTAATCCGGGA,0,5153259
yncEp,0.0625,15,15,GCCAATCCGCTGAGCCCATT,0,5147476
yncEp,0.0625,15,15,GAGCAACATACGAGTCGTCA,0,5147460
yncEp,0.0625,15,15,GACAATAAACACCGGGCTGT,0,5151053
yncEp,0.0625,15,15,GAAGACACGTCAGGTGCTTC,0,5154122
yncEp,0.0625,15,15,GAACGTCAAATCGATTTTGT,0,5150761
yncEp,0.0625,15,15,CTCCGCAATATGTATACTTA,0,5150740
yncEp,0.0625,15,15,CTACAGTCTACGGGGGTCCC,0,5152753
yncEp,0.0625,15,15,CTACAATTGCCAAGCAACCA,0,5157810
yncEp,0.0625,15,15,CGCAACCGGTATGATGCCCT,0,5146530
yncEp,0.0625,15,15,CCGACGAGCCTTATAACTAC,0,5160209
yncEp,0.0625,15,15,CCCCCGGCTTACCCCTAGGA,0,5154496
yncEp,0.0625,15,15,CCATTGATCCGCAGCGCACA,0,5149618
yncEp,0.0625,15,15,CATCAGGACTGACTCTACCA,0,5146397
yncEp,0.0625,15,15,CAGAACCGAGGTGTGTGAAA,0,5156528
yncEp,0.0625,15,15,ATTTGGGGCACTGTCTACTC,0,5146425
yncEp,0.0625,15,15,ATGTTGGATGGGGATATGTT,0,5159311
yncEp,0.0625,15,15,ATCGCTTTCGCCTAACGTAG,0,5158347
yncEp,0.0625,15,15,ATCAAGACTGACATTTCTCG,0,5162045
yncEp,0.0625,15,15,AGTTCTTACCCAAATGTAAT,0,5158068
yncEp,0.0625,15,15,AGTGCGCGGGGAACAGTTAT,0,5154743
yncEp,0.0625,15,15,AGGTCAGATCACGGAACTAT,0,5147393
yncEp,0.0625,15,15,AGGGAACCGCATGTCACCCC,0,5156581
yncEp,0.0625,15,15,AGGCTACTCAACCAGCTCCT,0,5156503
yncEp,0.0625,15,15,AGCGTCCTTCACCTTTCGGA,0,5147977
yncEp,0.0625,15,15,AGCCTAATACGGGAATGCGA,0,5161956
yncEp,0.0625,15,15,ACTTACAACTGGTGTCCGCC,0,5161993
yncEp,0.0625,15,15,ACTGTAGGTGGTCTGTTAAT,0,5147100
yncEp,0.0625,15,15,ACGGCAGACCATACTGAGGT,0,5158333
yncEp,0.0625,15,15,ACGCGCTAGCGCTCTGGCTG,0,5150310
yncEp,0.0625,15,15,ACGCCGGGCTTCTCACCATC,0,5152724
yncEp,0.0625,15,15,ACAAGCGACGCAGCCTAAAT,0,5155263
yncEp,0.0625,15,15,AATCTGCTGAAGCACTGGCT,0,5157300
yncEp,0.0625,15,15,AAGTGTCCGACGCTCGCGCA,0,5148669
yncEp,0.0625,15,15,AACGGATAAGCAGGAGAACT,0,5153192
yncEp,0.0625,15,15,AAACTTTAGCAAAGCAGCGC,0,5156514
yncEp,0.0625,15,15,AAAAACCACTGCGGCATAGC,0,5155321
yncEp,0.06666666666666667,14,14,TTTTGTGTCAGAGAGCGGTG,0,5146929
yncEp,0.06666666666666667,14,14,TTTCTCACCGGCGCTCCTCA,0,5160129
yncEp,0.06666666666666667,14,14,TTCGGCACTACGAAATAGTC,0,5148852
yncEp,0.06666666666666667,14,14,TTCGACATGTAGCACGCAGC,0,5146921
yncEp,0.06666666666666667,14,14,TGGGAACTAGCGTCATGGAC,0,5161522
yncEp,0.06666666666666667,14,14,TGCTGTATGCTGTCCGAGGT,0,5152447
yncEp,0.06666666666666667,14,14,TGCGTCTATCTAGACGAGTT,0,5149580
yncEp,0.06666666666666667,14,14,TGCAGTTCTGGATACTTCAC,0,5145929
yncEp,0.06666666666666667,14,14,TGAGGAGATATCGACCATTA,0,5160924
yncEp,0.06666666666666667,14,14,TCTGGGCGCCAGATTCCACG,0,5156609
yncEp,0.06666666666666667,14,14,TCGGTACGCCGGCGTAACGT,0,5159192
yncEp,0.06666666666666667,14,14,TCGGATCTATGCACGGCCCT,0,5150902
yncEp,0.06666666666666667,14,14,TCCTTGACCTTGAATGCGCA,0,5151720
yncEp,0.06666666666666667,14,14,TCCTCACGAATCGTATTGGA,0,5146237
yncEp,0.06666666666666667,14,14,TCCTAAGTACCATCAGTAGG,0,5162104
yncEp,0.06666666666666667,14,14,TACTCTATCGGTAACCAGTT,0,5156593
yncEp,0.06666666666666667,14,14,TACGCATGCATCCGCATAGA,0,5145872
yncEp,0.06666666666666667,14,14,TACACGGTCCCTCGGGATTA,0,5150890
yncEp,0.06666666666666667,14,14,TAAGGTATCTGTGTATCTCG,0,5151711
yncEp,0.06666666666666667,14,14,GTTTCGTGGATGGAGAGTGA,0,5155666
yncEp,0.06666666666666667,14,14,GTAGCGGCTGGATCAGTTTG,0,5148160
yncEp,0.06666666666666667,14,14,GGTACATCTTAACGCGTCCT,0,5149519
yncEp,0.06666666666666667,14,14,GGGCTCCCACCGGTGAACGT,0,5152308
yncEp,0.06666666666666667,14,14,GGGATGGATGGACGCCTGTC,0,5155793
yncEp,0.06666666666666667,14,14,GGGATATGTCTTGACTTTTT,0,5148483
yncEp,0.06666666666666667,14,14,GGCTCCCGTCATGGCAACCA,0,5149892
yncEp,0.06666666666666667,14,14,GCTAGCTGGTGGAGGTTACA,0,5149891
yncEp,0.06666666666666667,14,14,GCGTGAATATACTGAATGGG,0,5149770
yncEp,0.06666666666666667,14,14,GCGTATATGCGCATAAGATA,0,5155234
yncEp,0.06666666666666667,14,14,GCGACAATCGATACCGATGG,0,5159862
yncEp,0.06666666666666667,14,14,GCACACCATGCCGCATCAGC,0,5148282
yncEp,0.06666666666666667,14,14,GCACAACCGCTGGAACGCTA,0,5155255
yncEp,0.06666666666666667,14,14,GATTATGTAGCAGATCTGGG,0,5149511
yncEp,0.06666666666666667,14,14,GAGGGCGTAGGGAAATCGCG,0,5146994
yncEp,0.06666666666666667,14,14,GACCTTCCCTGTAAGGTTTT,0,5152836
yncEp,0.06666666666666667,14,14,CTTTCCGATCTTTATTGGTG,0,5147524
yncEp,0.06666666666666667,14,14,CTTGCGGATGCAAGTCTGGT,0,5156239
yncEp,0.06666666666666667,14,14,CTCTGTCGCCGAACATCAAA,0,5153660
yncEp,0.06666666666666667,14,14,CTCCGGAATTTAAAAGTCAT,0,5149899
yncEp,0.06666666666666667,14,14,CTAGGTATAGCATTGTCTAA,0,5150101
yncEp,0.06666666666666667,14,14,CTAAAGTGTTCGGTGTACGA,0,5150323
yncEp,0.06666666666666667,14,14,CGCATTGAACATTACGAAAG,0,5149925
yncEp,0.06666666666666667,14,14,CGCAAGGGGCGGACTAAATA,0,5149633
yncEp,0.06666666666666667,14,14,CGAAATGGAGCCGTGGAGGC,0,5156442
yncEp,0.06666666666666667,14,14,CCTATATAGCCTAATTTTGT,0,5155042
yncEp,0.06666666666666667,14,14,CCGTAAGACTGCTGTTTGAT,0,5149485
yncEp,0.06666666666666667,14,14,CCGGGGGCGGAAAACTGGGT,0,5160944
yncEp,0.06666666666666667,14,14,CCGGGCAGGACACAGTCTGT,0,5147699
yncEp,0.06666666666666667,14,14,CCGGCACCAAAGTGTACCCA,0,5154220
yncEp,0.06666666666666667,14,14,CCGCTCCCGGGTAGCGGGCT,0,5158749
yncEp,0.06666666666666667,14,14,CCGCCCCTCTTACGGGGCCA,0,5147547
yncEp,0.06666666666666667,14,14,CCCTCTAGTTAACTATTGAT,0,5148269
yncEp,0.06666666666666667,14,14,CCATGTTCACGTCTTGGCGA,0,5156907
yncEp,0.06666666666666667,14,14,CCAATCGAACCCCCCACTTC,0,5160268
yncEp,0.06666666666666667,14,14,CAGGTTGGAGCTATGTCAAT,0,5148261
yncEp,0.06666666666666667,14,14,CAGGCTGCCTTTCGCCGTGT,0,5156433
yncEp,0.06666666666666667,14,14,CAAGTTAGGAGATTAACGAC,0,5148434
yncEp,0.06666666666666667,14,14,CAAGCCAATAGCAAAATAAG,0,5146215
yncEp,0.06666666666666667,14,14,CAAAGGCTAAACCTGGGAAA,0,5149837
yncEp,0.06666666666666667,14,14,ATGTTAGTAGTATCCGGGTC,0,5147026
yncEp,0.06666666666666667,14,14,ATGATACTTACTGAAGAGCG,0,5158869
yncEp,0.06666666666666667,14,14,ATCAGCTGTGCTCCCCTATC,0,5158085
yncEp,0.06666666666666667,14,14,ATATGTTCCTTCTTTTTGGC,0,5160171
yncEp,0.06666666666666667,14,14,ATACGCCCGTCAGAATAGGA,0,5152220
yncEp,0.06666666666666667,14,14,ATAAGCGGACTCGTAACCCA,0,5150755
yncEp,0.06666666666666667,14,14,AGGCGTCGCCGCGAGTGCAT,0,5150799
yncEp,0.06666666666666667,14,14,ACTAATTGTCTTATTACCTC,0,5160130
yncEp,0.06666666666666667,14,14,ACGCTCGATCAACACTCCAT,0,5150333
yncEp,0.06666666666666667,14,14,ACGCAGTGACAGTCAGTGAC,0,5149072
yncEp,0.06666666666666667,14,14,ACGACTGCACTTCAAGGGGA,0,5153804
yncEp,0.06666666666666667,14,14,AATCCCGGATCATCGCGGCG,0,5161231
yncEp,0.06666666666666667,14,14,AAGCCTGAATTGACTTTCGA,0,5148668
yncEp,0.06666666666666667,14,14,AAGCAAAGCGATAGTGCGAG,0,5148687
yncEp,0.06666666666666667,14,14,AAATCCCCTCGTACTTAAAT,0,5157692
yncEp,0.07142857142857142,13,13,TTTTTCTACCTGTGGCAAAA,0,5150861
yncEp,0.07142857142857142,13,13,TTCCGTCCCCCGTTTATCAG,0,5154467
yncEp,0.07142857142857142,13,13,TTCAGGTGGTACATCTCTCA,0,5157357
yncEp,0.07142857142857142,13,13,TTACGGATCTGGCGTCCTTT,0,5147931
yncEp,0.07142857142857142,13,13,TGTCTCAGATGGCGGATCGC,0,5153298
yncEp,0.07142857142857142,13,13,TGTACATTCCGGGGTTAAAC,0,5148270
yncEp,0.07142857142857142,13,13,TGTAAAAACAAAACACGCCC,0,5146591
yncEp,0.07142857142857142,13,13,TGGGGGATTTGCTTAGACCA,0,5149183
yncEp,0.07142857142857142,13,13,TGACCTTACACAATTTAATA,0,5154943
yncEp,0.07142857142857142,13,13,TCGTACAACTCCGTACACAA,0,5153067
yncEp,0.07142857142857142,13,13,TCCTTCTCCGAAGCACATTG,0,5149127
yncEp,0.07142857142857142,13,13,TCCTCAATCGGACTTATGGA,0,5150133
yncEp,0.07142857142857142,13,13,TCCGAGTGTGTACTTCAAAT,0,5153558
yncEp,0.07142857142857142,13,13,TCATTTTCGGTGGCCCGCAA,0,5150973
yncEp,0.07142857142857142,13,13,TCATACATCGCCAAGGTTTG,0,5148739
yncEp,0.07142857142857142,13,13,TCAGACTAAGGTTTGTTTGG,0,5147028
yncEp,0.07142857142857142,13,13,TATTCCCTATAATGAACAGG,0,5150894
yncEp,0.07142857142857142,13,13,TATTACTCGGTCTCCCGCCG,0,5149038
yncEp,0.07142857142857142,13,13,TATGGGGCGAGGTTCACCCC,0,5146271
yncEp,0.07142857142857142,13,13,TAGCCTCCTGGGCACCGCTG,0,5155148
yncEp,0.07142857142857142,13,13,TAAGGGGCGGCGTTAGATAA,0,5148952
yncEp,0.07142857142857142,13,13,GTTTCGTAGAAACAATACGA,0,5156015
yncEp,0.07142857142857142,13,13,GTGCGCTATCAGTGCGAATA,0,5154240
yncEp,0.07142857142857142,13,13,GTGCAATGTATGCTGGAAGA,0,5152933
yncEp,0.07142857142857142,13,13,GTCGGAGGCATAGTAGGCGG,0,5147446
yncEp,0.07142857142857142,13,13,GTAAGAGGCACCAACTCTGC,0,5151024
yncEp,0.07142857142857142,13,13,GTAAGAGCGAGGGAATTACA,0,5148728
yncEp,0.07142857142857142,13,13,GGTTTCTAACCAATCTTTAG,0,5149340
yncEp,0.07142857142857142,13,13,GCTCAAAAGAGTCTGCAATG,0,5155879
yncEp,0.07142857142857142,13,13,GCGTAATTTAGCGGCCCAAT,0,5149685
yncEp,0.07142857142857142,13,13,GCGCGTTCCCATACTCACAT,0,5156332
yncEp,0.07142857142857142,13,13,GCCCTCCAATTTAAACCATT,0,5157315
yncEp,0.07142857142857142,13,13,GATTGCTACGCCCTACATAG,0,5158371
yncEp,0.07142857142857142,13,13,GAGCCTGTCCCCTGTTAGAC,0,5146838
yncEp,0.07142857142857142,13,13,GAATTCGGTCATATAGACTA,0,5150754
yncEp,0.07142857142857142,13,13,GAAGGAAGTCCGACACCGGT,0,5157154
yncEp,0.07142857142857142,13,13,GAAGATAAAGTACCGCCCCT,0,5157075
yncEp,0.07142857142857142,13,13,CTTGGCTTATAAACCGCTAT,0,5160275
yncEp,0.07142857142857142,13,13,CTTCTGGGATATGGAGGAGT,0,5155011
yncEp,0.07142857142857142,13,13,CTCTCGACACTCGCAGGAGC,0,5148973
yncEp,0.07142857142857142,13,13,CGTAACTCGCATAATGGATT,0,5151971
yncEp,0.07142857142857142,13,13,CGGGCAGACGTTGGGGAGTG,0,5151143
yncEp,0.07142857142857142,13,13,CGCACGGATGTGCGCTGAGT,0,5152077
yncEp,0.07142857142857142,13,13,CGAGAGGTTTTAGGGGACTA,0,5150305
yncEp,0.07142857142857142,13,13,CCCGCCTCGTCTTCTGCGTA,0,5156945
yncEp,0.07142857142857142,13,13,CCAAGGCAAGGTCACACTCT,0,5157555
yncEp,0.07142857142857142,13,13,CATTCCCCAATAAACAGGAT,0,5151853
yncEp,0.07142857142857142,13,13,CAGAGTTGGACCCCTTCGAG,0,5159038
yncEp,0.07142857142857142,13,13,CACGTTTGAAGGGCTCCCTT,0,5152722
yncEp,0.07142857142857142,13,13,CACCCGTGTGACTTTTAAAG,0,5160039
yncEp,0.07142857142857142,13,13,CAATGTTCAACGGTATGGCT,0,5151782
yncEp,0.07142857142857142,13,13,CAAGGGGAACAACTCGACTC,0,5155649
yncEp,0.07142857142857142,13,13,CAAGGCCTCATGCCGAATGA,0,5149819
yncEp,0.07142857142857142,13,13,CAACCAGGGGCATTTAGCGT,0,5155179
yncEp,0.07142857142857142,13,13,CAACATGTGCTCCACATTGT,0,5150801
yncEp,0.07142857142857142,13,13,ATTGTGTTGGCCAAACGATG,0,5146341
yncEp,0.07142857142857142,13,13,ATTCGGCAGAGGTCGGGGAT,0,5147971
yncEp,0.07142857142857142,13,13,ATTATTCGTAGCGCCGGTCA,0,5145765
yncEp,0.07142857142857142,13,13,ATGTTTTTAATGGCACATCA,0,5156845
yncEp,0.07142857142857142,13,13,ATCTGAACCTGTGGCCGATA,0,5152124
yncEp,0.07142857142857142,13,13,ATAGACTCGCAAGGGCCGAA,0,5152469
yncEp,0.07142857142857142,13,13,AGTCGGACTTGGGCTTAGTG,0,5150434
yncEp,0.07142857142857142,13,13,AGGTATCGGTGTAGCGCGTT,0,5150215
yncEp,0.07142857142857142,13,13,ACTATGAGGTTCTGCAAGAA,0,5156952
yncEp,0.07142857142857142,13,13,ACGTACAACCTTGGGTGCTG,0,5153510
yncEp,0.07142857142857142,13,13,ACAGGACGTCTCACTTGTCA,0,5149512
yncEp,0.07142857142857142,13,13,AATTTGCAAGTGGGGCCTCG,0,5158551
yncEp,0.07142857142857142,13,13,AATTCGTGTACCTTGACGGC,0,5155459
yncEp,0.07142857142857142,13,13,AAGTCTCTAGACCCGCACTT,0,5146028
yncEp,0.07142857142857142,13,13,AAGTAATGGAGAGTCACCAG,0,5149881
yncEp,0.07142857142857142,13,13,AAGGCCGAATGCAGGGTTTA,0,5147585
yncEp,0.07142857142857142,13,13,AAGACGACCAGGAGCAATGG,0,5153681
yncEp,0.07142857142857142,13,13,AACTTCTCTTGGGTACACGT,0,5157773
yncEp,0.07142857142857142,13,13,AACTCCAGCTGGACTGCCTG,0,5153916
yncEp,0.07142857142857142,13,13,AACTATGGGAGAGCTAATAC,0,5149509
yncEp,0.07142857142857142,13,13,AACCGGGGTTCATAGCGCCC,0,5149591
yncEp,0.07142857142857142,13,13,AAACGACGAGACTATCGGCA,0,5148212
yncEp,0.07142857142857142,13,13,AAAAAGTCCTCATAGAAATG,0,5156420
yncEp,0.07692307692307693,12,12,TTTTCTCATGGACCATGGGG,0,5155307
yncEp,0.07692307692307693,12,12,TTTCTCCTGATCGATCTCCG,0,5161382
yncEp,0.07692307692307693,12,12,TTGTCGTCAGTGTGAATCAT,0,5147182
yncEp,0.07692307692307693,12,12,TTGCGGTCGGCCCTTTGTTA,0,5153341
yncEp,0.07692307692307693,12,12,TTCTTATGACCTAACTCTTC,0,5156405
yncEp,0.07692307692307693,12,12,TGTTTAGTGGGATAACTCTC,0,5145875
yncEp,0.07692307692307693,12,12,TGTGCCGATCGGGTTGAGTG,0,5156746
yncEp,0.07692307692307693,12,12,TGTCTTCCCATTGACGCTTC,0,5157875
yncEp,0.07692307692307693,12,12,TGGTTCACAGTCGCTAAAAC,0,5155965
yncEp,0.07692307692307693,12,12,TGGTGTTTAAAGGGCTGTGT,0,5152542
yncEp,0.07692307692307693,12,12,TGCTTGAGAGCCTTGGTGGT,0,5148393
yncEp,0.07692307692307693,12,12,TGCATGGCGAACACGTTATG,0,5149215
yncEp,0.07692307692307693,12,12,TGAGCGCCGGTACGGTATGT,0,5155933
yncEp,0.07692307692307693,12,12,TGACGTTCACTCGGTCCACC,0,5147672
yncEp,0.07692307692307693,12,12,TCTTTGCAGTGTATAAAGTG,0,5152472
yncEp,0.07692307692307693,12,12,TCCCACATCATGAGTCTGCT,0,5152648
yncEp,0.07692307692307693,12,12,TCATTGTCTTACAAATAGTC,0,5149391
yncEp,0.07692307692307693,12,12,TCACGCGCAACTAATCATCC,0,5148972
yncEp,0.07692307692307693,12,12,TAGCCCAAGGAAACGTCCTG,0,5147418
yncEp,0.07692307692307693,12,12,GTTCGCAAGCCCTCGGTGAT,0,5154774
yncEp,0.07692307692307693,12,12,GTTCCCAGCGAATACGCCGA,0,5154189
yncEp,0.07692307692307693,12,12,GTGCATAATAAGTAATTTGT,0,5155063
yncEp,0.07692307692307693,12,12,GTGACACAAGGTGACTTCGT,0,5146107
yncEp,0.07692307692307693,12,12,GTCTTACTGGTTCGGAGCAT,0,5149541
yncEp,0.07692307692307693,12,12,GTCGTACACGACCGAAATGG,0,5146521
yncEp,0.07692307692307693,12,12,GTCCCAAGGGGTGCTGGGTT,0,5160485
yncEp,0.07692307692307693,12,12,GTCCATACTGTATTGGAGTG,0,5155610
yncEp,0.07692307692307693,12,12,GTCAGGTCATATAAGTCAGA,0,5150126
yncEp,0.07692307692307693,12,12,GTAATTTGGATAAAACGGCA,0,5146254
yncEp,0.07692307692307693,12,12,GGTTTTGCCATCGCACAGAT,0,5154656
yncEp,0.07692307692307693,12,12,GGTAGTTAGCTAACTTGAAC,0,5158954
yncEp,0.07692307692307693,12,12,GGGTGTGCACTTCCTGATTT,0,5152280
yncEp,0.07692307692307693,12,12,GGGGCCACTTATCCGCGTTG,0,5156436
yncEp,0.07692307692307693,12,12,GGGCAGGACTGCAATCATTG,0,5152067
yncEp,0.07692307692307693,12,12,GGCCGTTTACGGGAGTGAGG,0,5151499
yncEp,0.07692307692307693,12,12,GGCAAGGTCTACGGATATAA,0,5153463
yncEp,0.07692307692307693,12,12,GGATGGCTGGATTCTAATCA,0,5159893
yncEp,0.07692307692307693,12,12,GGAAGGCGTGTTCCGCGAAT,0,5147155
yncEp,0.07692307692307693,12,12,GGAACACTCCTTGGAGGAGT,0,5161911
yncEp,0.07692307692307693,12,12,GCGCCTTGCTACCAATCTCA,0,5145971
yncEp,0.07692307692307693,12,12,GCCAATTCCAGGTGTACCTT,0,5146694
yncEp,0.07692307692307693,12,12,GCACTGTCAGACGGCCATAG,0,5152930
yncEp,0.07692307692307693,12,12,GCACAACGTTGGAGCCTGTC,0,5152251
yncEp,0.07692307692307693,12,12,GCAAAACCTCTTTTTAAGAC,0,5155777
yncEp,0.07692307692307693,12,12,GATAGGCCTCGCAGGCCTAT,0,5147490
yncEp,0.07692307692307693,12,12,GAGTCTGAGCCTTCGACAAA,0,5149393
yncEp,0.07692307692307693,12,12,GACAGGGCAACTGCGTTATA,0,5152586
yncEp,0.07692307692307693,12,12,CTTGCCCCAGGGGCTTGTGT,0,5156512
yncEp,0.07692307692307693,12,12,CTTACGCAATACACTTTCCG,0,5146816
yncEp,0.07692307692307693,12,12,CTGGGTTCTCATTGATTTGC,0,5150653
yncEp,0.07692307692307693,12,12,CTGCGATCCTACGAAAGGGA,0,5145947
yncEp,0.07692307692307693,12,12,CTGCAGCGGTTCGGAAGCGA,0,5156480
yncEp,0.07692307692307693,12,12,CTGATCGTTCTCTCGCAATG,0,5158642
yncEp,0.07692307692307693,12,12,CTCCATTAGAGCCCCGAGCA,0,5158687
yncEp,0.07692307692307693,12,12,CTAGGAACTTCTGGGGGGCA,0,5150872
yncEp,0.07692307692307693,12,12,CTAGATGCATTTCAACGATA,0,5160377
yncEp,0.07692307692307693,12,12,CTAGAGTTTGGCAGCATATT,0,5154895
yncEp,0.07692307692307693,12,12,CGTTGTTTTTTCAATCAGAT,0,5148197
yncEp,0.07692307692307693,12,12,CGTTATAGCTTCAAAAGAGT,0,5156491
yncEp,0.07692307692307693,12,12,CGTCCCAAGTGGCTCCCGGC,0,5151746
yncEp,0.07692307692307693,12,12,CGGTCGGACAAAAACGTCTT,0,5149330
yncEp,0.07692307692307693,12,12,CCTTGGGGCAATCACGAATC,0,5156871
yncEp,0.07692307692307693,12,12,CCTTAACAAGATGCCCTCTT,0,5150699
yncEp,0.07692307692307693,12,12,CCCCCCCATGTCGTCACGAA,0,5154965
yncEp,0.07692307692307693,12,12,CCCATAGTTTGTTGGTGTCC,0,5154293
yncEp,0.07692307692307693,12,12,CCAGGCACCATGAATAAATA,0,5150185
yncEp,0.07692307692307693,12,12,CCAATCCCGTTTGCCAGCCT,0,5155238
yncEp,0.07692307692307693,12,12,CATTTCTGCGAGAGATATAG,0,5161134
yncEp,0.07692307692307693,12,12,CATTGTCACCTTTCTGAGGC,0,5159312
yncEp,0.07692307692307693,12,12,CATTACCTCCGCTTTAAATT,0,5148570
yncEp,0.07692307692307693,12,12,CATGGCACTAAAGCTGTACT,0,5147107
yncEp,0.07692307692307693,12,12,CAGGTAGAATGGTTCAACGG,0,5149189
yncEp,0.07692307692307693,12,12,CAGGCAACGGTCACAGGTAC,0,5159538
yncEp,0.07692307692307693,12,12,CAGCGAGGCCTAGATTCATA,0,5148271
yncEp,0.07692307692307693,12,12,CAGAGCCCTCCGGTTTCAAA,0,5149700
yncEp,0.07692307692307693,12,12,CACCTGAAATCAACCGACCT,0,5148628
yncEp,0.07692307692307693,12,12,CAAGAGCGGGCATGTGGATA,0,5150550
yncEp,0.07692307692307693,12,12,CAAGAACTATATGGGATCCC,0,5151353
yncEp,0.07692307692307693,12,12,CAACAGTCTAGCGGCGCCGG,0,5146666
yncEp,0.07692307692307693,12,12,ATTTAAGGTTGTGAGGCTGT,0,5158391
yncEp,0.07692307692307693,12,12,ATGAGCGGGTTTCTCCTGCT,0,5155712
yncEp,0.07692307692307693,12,12,ATGAACACTTGTTAGAGATA,0,5161259
yncEp,0.07692307692307693,12,12,ATCTTCCTAGCCCCAGGAAT,0,5146206
yncEp,0.07692307692307693,12,12,AGTCTTGGTTCCGCTCGGCA,0,5162027
yncEp,0.07692307692307693,12,12,AGGCGTAAACCAAGAGGTGG,0,5149451
yncEp,0.07692307692307693,12,12,AGCTCTGAAAAGTTTAAGCT,0,5158529
yncEp,0.07692307692307693,12,12,AGCTCGGTATTGGCATAGCA,0,5151700
yncEp,0.07692307692307693,12,12,AGACACGCTAAGTACAAAGA,0,5146390
yncEp,0.07692307692307693,12,12,ACTGAGCTGGTTTAATCAGC,0,5148524
yncEp,0.07692307692307693,12,12,ACGCTTACTGAGGATGCGAG,0,5148505
yncEp,0.07692307692307693,12,12,ACGCAGACTGAGTAAGTAAT,0,5150264
yncEp,0.07692307692307693,12,12,ACCCCGTAACTCATTGTTAG,0,5158289
yncEp,0.07692307692307693,12,12,AATGCCCAGATATCACAAGC,0,5147982
yncEp,0.07692307692307693,12,12,AATATGAAGCCTTGTTCAGG,0,5161242
yncEp,0.07692307692307693,12,12,AAGTGCGCTATCCTTTTTTT,0,5154979
yncEp,0.07692307692307693,12,12,AAGTAGCCACTAGGGCAAGT,0,5153215
yncEp,0.07692307692307693,12,12,AAGCCAGATTGATATGACCT,0,5158448
yncEp,0.07692307692307693,12,12,AACACGAAAGGGTTCGTTAC,0,5145759
yncEp,0.07692307692307693,12,12,AAAGTAGAAACGTGGGTGAC,0,5152176
yncEp,0.08333333333333333,11,11,TTTCTTGGTAGTGATTAGGG,0,5154027
yncEp,0.08333333333333333,11,11,TTTCTATGGGTGCTCTGTCC,0,5147328
yncEp,0.08333333333333333,11,11,TTTATACTAGAAGACTCATG,0,5151170
yncEp,0.08333333333333333,11,11,TTGGTCGTTACAGCGTTGTC,0,5157657
yncEp,0.08333333333333333,11,11,TTGGATGTATGAGGGTCGTT,0,5150332
yncEp,0.08333333333333333,11,11,TTGCCCTCTCAGGGTGTTGA,0,5147937
yncEp,0.08333333333333333,11,11,TTACATCTCACGGGACCTGT,0,5156585
yncEp,0.08333333333333333,11,11,TGTCAACAGCACCCCTAATG,0,5152910
yncEp,0.08333333333333333,11,11,TGGGTTGGGCCACGCTTCGA,0,5148984
yncEp,0.08333333333333333,11,11,TGGGTTGAGCAGTTGCATCA,0,5162482
yncEp,0.08333333333333333,11,11,TGGCGTTGGCCTCGCGTTTT,0,5157805
yncEp,0.08333333333333333,11,11,TGCTGCGTTTATCAATGCGC,0,5159273
yncEp,0.08333333333333333,11,11,TGCGGGGTGGTATTCAAGTA,0,5153076
yncEp,0.08333333333333333,11,11,TGCAGGTTACTGTCACAGCA,0,5146118
yncEp,0.08333333333333333,11,11,TGAGGCGGTTATTATGGAAT,0,5151697
yncEp,0.08333333333333333,11,11,TGAGATGCGGCTACGTTCAT,0,5154174
yncEp,0.08333333333333333,11,11,TCTTTTAACGAGACTGACTC,0,5149871
yncEp,0.08333333333333333,11,11,TCGCTTTACCTAGATACCGT,0,5151826
yncEp,0.08333333333333333,11,11,TCGAGGACTATAACAGGGTG,0,5153893
yncEp,0.08333333333333333,11,11,TCCGTGGGTTTGGGTGGCGA,0,5148134
yncEp,0.08333333333333333,11,11,TCCCCCGAGATGGGGCCAGT,0,5157090
yncEp,0.08333333333333333,11,11,TCATGGTCGCGAGGTTGGTT,0,5151601
yncEp,0.08333333333333333,11,11,TCATCATAATGAAGGAGCAA,0,5160670
yncEp,0.08333333333333333,11,11,TCAATATCGTGGCGTATACA,0,5157161
yncEp,0.08333333333333333,11,11,TCAACCTTTAATAGTGTGAC,0,5155125
yncEp,0.08333333333333333,11,11,TATCACAAGTAAACTGTCTA,0,5157718
yncEp,0.08333333333333333,11,11,TAGGGTCGTATGTTCATAGT,0,5161623
yncEp,0.08333333333333333,11,11,TACCCGTCCTCCTCGGCCTA,0,5146097
yncEp,0.08333333333333333,11,11,TAATTTTCATTAGACCGGCA,0,5158813
yncEp,0.08333333333333333,11,11,TAATAGCTGCGGTGCATCAT,0,5146183
yncEp,0.08333333333333333,11,11,GTGGACGCTGTGCATCTGAA,0,5148337
yncEp,0.08333333333333333,11,11,GTGATGTCGGACAATGAAGT,0,5155998
yncEp,0.08333333333333333,11,11,GTGAAAGAAGAACTGGCTCA,0,5156706
yncEp,0.08333333333333333,11,11,GTCTCACCAATAAATGTTGA,0,5155448
yncEp,0.08333333333333333,11,11,GTATTTGGATGCATAATTCA,0,5160435
yncEp,0.08333333333333333,11,11,GTAGTGGTCCATCGTGTTGT,0,5150900
yncEp,0.08333333333333333,11,11,GGTTTCAGGGGGGAATGTAT,0,5147958
yncEp,0.08333333333333333,11,11,GGTCGTTGGAACTATCTCCT,0,5151924
yncEp,0.08333333333333333,11,11,GGTATCAAGATAGACATTGC,0,5150741
yncEp,0.08333333333333333,11,11,GGGGGTAGGATCCATCGTGA,0,5161293
yncEp,0.08333333333333333,11,11,GGGGCAACGTTGTCGTAACA,0,5151357
yncEp,0.08333333333333333,11,11,GGCAAATCCTAATTGGCTAG,0,5152810
yncEp,0.08333333333333333,11,11,GGATCTCCTTCGCGGTGTCA,0,5157118
yncEp,0.08333333333333333,11,11,GGAGGCTTGGTTCGGCAGGT,0,5161345
yncEp,0.08333333333333333,11,11,GCTGGAGCCGCACAAGTCTT,0,5156783
yncEp,0.08333333333333333,11,11,GCTGCACCCCTACCGGTCAC,0,5150018
yncEp,0.08333333333333333,11,11,GCTAAACGTACATGCGGAAA,0,5157781
yncEp,0.08333333333333333,11,11,GCGTGTTTGGAGTGCAGGAA,0,5151054
yncEp,0.08333333333333333,11,11,GCGAAGTATTTCCGCAGAGT,0,5157820
yncEp,0.08333333333333333,11,11,GCCTGCCGCACCGGTTTTAG,0,5153189
yncEp,0.08333333333333333,11,11,GCCCTTCTACGTATTAAGGC,0,5149045
yncEp,0.08333333333333333,11,11,GATCCAACCTATTCTACTAC,0,5162053
yncEp,0.08333333333333333,11,11,GAGGGTTGGACCACACGATA,0,5161685
yncEp,0.08333333333333333,11,11,GAGGGTTCACTGGCTGTCTT,0,5150701
yncEp,0.08333333333333333,11,11,GAGGCGAAAACTCGATTGAA,0,5157648
yncEp,0.08333333333333333,11,11,GAAGGGGACATGAGTATCCA,0,5155697
yncEp,0.08333333333333333,11,11,GAACCGTGTGTTTGGCGATA,0,5160611
yncEp,0.08333333333333333,11,11,GAACACTGTCGTAGGAGCGA,0,5147433
yncEp,0.08333333333333333,11,11,GAAAGGGACGATTCATGGAC,0,5158284
yncEp,0.08333333333333333,11,11,CTTGCTGTTCTCGTTGATAG,0,5147975
yncEp,0.08333333333333333,11,11,CTTAAGTGGGCGTGCGCTCA,0,5146047
yncEp,0.08333333333333333,11,11,CTTAAGCGCCCCGGCTCAGA,0,5152680
yncEp,0.08333333333333333,11,11,CTGTTTGGTTTCCATTAGTA,0,5150715
yncEp,0.08333333333333333,11,11,CTGTGCCCAACGTGCTACGC,0,5153282
yncEp,0.08333333333333333,11,11,CTGGAGCCAGATCAAGGGCA,0,5160856
yncEp,0.08333333333333333,11,11,CTGACGAGAGTAGAGATCGT,0,5149094
yncEp,0.08333333333333333,11,11,CTGAAATAACTTGTGGGTCC,0,5154889
yncEp,0.08333333333333333,11,11,CTATGTTAGATCGCTTCGCT,0,5148480
yncEp,0.08333333333333333,11,11,CTATATGATCTAACGCGAAA,0,5156439
yncEp,0.08333333333333333,11,11,CGTTATATGTAGAGACGGTA,0,5147840
yncEp,0.08333333333333333,11,11,CGTTAATGTCTTATTAGCAT,0,5146007
yncEp,0.08333333333333333,11,11,CGTGCTAGAAGGATAGAAAG,0,5160794
yncEp,0.08333333333333333,11,11,CGTCTCCCCACCCACGTCAA,0,5153528
yncEp,0.08333333333333333,11,11,CGGGGGCCGCGTTGTCCGAA,0,5157443
yncEp,0.08333333333333333,11,11,CGCCGCATCCAGGAGTGCGT,0,5160091
yncEp,0.08333333333333333,11,11,CGAGGCCTCGTGACGTCTCG,0,5158533
yncEp,0.08333333333333333,11,11,CGAGCGTTAGAACAGACACT,0,5157050
yncEp,0.08333333333333333,11,11,CCTCATACTCGTAGACCGCT,0,5153168
yncEp,0.08333333333333333,11,11,CCTCAGATTGATAGACACTA,0,5153474
yncEp,0.08333333333333333,11,11,CCGTTATACTTACACGGAAG,0,5155999
yncEp,0.08333333333333333,11,11,CCGAATTCAGCATAGTGATC,0,5151272
yncEp,0.08333333333333333,11,11,CCCTCACTGAAACGTAATTC,0,5151599
yncEp,0.08333333333333333,11,11,CCAGGGCGGCCAGGGACTAC,0,5157685
yncEp,0.08333333333333333,11,11,CCAGGAAGTCACTATCTAGT,0,5152629
yncEp,0.08333333333333333,11,11,CCACGGGAACAACTTGTCCA,0,5154855
yncEp,0.08333333333333333,11,11,CCACCTATCTCATGGGTTTT,0,5149717
yncEp,0.08333333333333333,11,11,CATGATGACGTACTTCGTAA,0,5146754
yncEp,0.08333333333333333,11,11,CAGTAAACACAGGTTACTTC,0,5147608
yncEp,0.08333333333333333,11,11,CACTCGACCGCTTAGGTTTT,0,5158360
yncEp,0.08333333333333333,11,11,CAATTTGGTTCAGGGCTGCA,0,5147327
yncEp,0.08333333333333333,11,11,ATTTTGCATCCCTTGTAAGA,0,5156127
yncEp,0.08333333333333333,11,11,ATTGGGAAACGAGCTGTATG,0,5150971
yncEp,0.08333333333333333,11,11,ATTATTGGATTTCCGACGAT,0,5153460
yncEp,0.08333333333333333,11,11,ATGGGCTACTTCCAGCACCT,0,5149487
yncEp,0.08333333333333333,11,11,ATCTACCTCGGTGATCAGAT,0,5146813
yncEp,0.08333333333333333,11,11,ATCGTGGGAGACCAAGCAAC,0,5148527
yncEp,0.08333333333333333,11,11,AGTATAGACTCCCAAGTCCT,0,5162272
yncEp,0.08333333333333333,11,11,AGTAGCGCGCGTTAGGGACC,0,5148652
yncEp,0.08333333333333333,11,11,AGGTAGCAGGATTCCGACCC,0,5149482
yncEp,0.08333333333333333,11,11,AGGAGCTACAGGAGTACCTA,0,5158206
yncEp,0.08333333333333333,11,11,AGCGTGGGCCGCGCAATTCT,0,5158518
yncEp,0.08333333333333333,11,11,AGCGAGGATAATCGCATTCC,0,5146106
yncEp,0.08333333333333333,11,11,AGCAGGGCAGTAAGGCTCCA,0,5156891
yncEp,0.08333333333333333,11,11,AGAGAATGCCTACTTCGATC,0,5153380
yncEp,0.08333333333333333,11,11,AGAAGGCTTAGAGGAACAAG,0,5157598
yncEp,0.08333333333333333,11,11,ACTTGGGTACCCCAGGTGTG,0,5150389
yncEp,0.08333333333333333,11,11,ACTATATGGTTTGCCGGGAT,0,5149692
yncEp,0.08333333333333333,11,11,ACGGGAGCCAGTCTTAAGCA,0,5146730
yncEp,0.08333333333333333,11,11,ACCGGCTTCTTGATTCCATC,0,5153725
yncEp,0.08333333333333333,11,11,ACCGGAGCATCCACCTGGTT,0,5151470
yncEp,0.08333333333333333,11,11,ACACGATCCAATGCTCATAA,0,5147055
yncEp,0.08333333333333333,11,11,AATGATGGGATCCGGCCCAA,0,5151164
yncEp,0.08333333333333333,11,11,AACGGGCAATGTCAAACTAA,0,5158856
yncEp,0.08333333333333333,11,11,AACGCGCCTGCGACAGCACT,0,5149152
yncEp,0.08333333333333333,11,11,AACCAGTACAGTAGATCAAT,0,5154094
yncEp,0.08333333333333333,11,11,AAATTTGGTATCCCGCGGTA,0,5158703
yncEp,0.08333333333333333,11,11,AAAGCCGTATATCCGACACC,0,5147963
yncEp,0.08333333333333333,11,11,AAACGATTGGTAAGTATTTA,0,5147079
yncEp,0.09090909090909091,10,10,TTTTTTTCCCGGAGACCAAG,0,5149202
yncEp,0.09090909090909091,10,10,TTGGCGCAAAGGAGAAGATG,0,5160206
yncEp,0.09090909090909091,10,10,TTGCTACGGTACCGTGGCTG,0,5149110
yncEp,0.09090909090909091,10,10,TTGCGGTTACTTTGAGGCTG,0,5146832
yncEp,0.09090909090909091,10,10,TTGCCTTACCCAGTCCAATC,0,5148749
yncEp,0.09090909090909091,10,10,TTGCAGTAATAGATCCCACA,0,5161789
yncEp,0.09090909090909091,10,10,TTCTTAGCACAGTTAACCAT,0,5155318
yncEp,0.09090909090909091,10,10,TTCGGGCCGGAGTTCTGCAG,0,5152521
yncEp,0.09090909090909091,10,10,TTCGCACAAGAAGTACGGTG,0,5157069
yncEp,0.09090909090909091,10,10,TTATGAAACGGGTGCAAGAA,0,5156725
yncEp,0.09090909090909091,10,10,TTAACAGTACTAGCACTTTT,0,5154405
yncEp,0.09090909090909091,10,10,TGTATCGAGATACGGACATA,0,5156774
yncEp,0.09090909090909091,10,10,TGTATAGTCTCTACTCTCTA,0,5158660
yncEp,0.09090909090909091,10,10,TGCCTTCTACACTTGCACGT,0,5160708
yncEp,0.09090909090909091,10,10,TGCAAGTCGGTCTAAATTAG,0,5150942
yncEp,0.09090909090909091,10,10,TGATTGCGGGTTTGCCGGGA,0,5159270
yncEp,0.09090909090909091,10,10,TGATGGGTAGCTGGTCGGCG,0,5148089
yncEp,0.09090909090909091,10,10,TGATCGAAGCCGCAAATAGC,0,5151101
yncEp,0.09090909090909091,10,10,TGATACTCTGTCAGAGGCAG,0,5153773
yncEp,0.09090909090909091,10,10,TGAGTGTTTTGAGTGGTAAC,0,5151021
yncEp,0.09090909090909091,10,10,TGAATAATGAAACTTCGCCC,0,5155749
yncEp,0.09090909090909091,10,10,TGAAAGCGAGTGGCCATAGT,0,5159708
yncEp,0.09090909090909091,10,10,TCTGCGCTGTTAACAAGGGC,0,5159168
yncEp,0.09090909090909091,10,10,TCTCCTATGGCTCGAAGAAC,0,5148961
yncEp,0.09090909090909091,10,10,TCGCGCCAGGCGGTGTTCAC,0,5155379
yncEp,0.09090909090909091,10,10,TCGACCCACAGTAATAATCT,0,5156389
yncEp,0.09090909090909091,10,10,TCCCGCACGGAAAGATCGAC,0,5159359
yncEp,0.09090909090909091,10,10,TCCACAAAAACGATAAACGC,0,5148982
yncEp,0.09090909090909091,10,10,TCCAACCTCGATTGCAAGGT,0,5153848
yncEp,0.09090909090909091,10,10,TCATCGGGCTCCAAAAAATA,0,5147392
yncEp,0.09090909090909091,10,10,TCAGAGGATGAGTGGACGAT,0,5155056
yncEp,0.09090909090909091,10,10,TCACCTGGCAGAATGTCTTT,0,5146668
yncEp,0.09090909090909091,10,10,TCACCTCGTAAAGTAGATTA,0,5157634
yncEp,0.09090909090909091,10,10,TCACAACCAAGAATACTAAA,0,5154662
yncEp,0.09090909090909091,10,10,TCAAGTTAGTAACCACTCCA,0,5159379
yncEp,0.09090909090909091,10,10,TATACCGAGGCTCGTGGGTA,0,5148194
yncEp,0.09090909090909091,10,10,TAGGGATAGTTATGCGAGCT,0,5147558
yncEp,0.09090909090909091,10,10,TAGAGTAGGGTATACAACTC,0,5161291
yncEp,0.09090909090909091,10,10,TAGAGGATGCTCTCGCATTA,0,5156429
yncEp,0.09090909090909091,10,10,TACTTATACAGCATAAGCAG,0,5148141
yncEp,0.09090909090909091,10,10,TAATGACTGTTTCGATTTGC,0,5157047
yncEp,0.09090909090909091,10,10,TAAAGATGTGAAGTAGAACG,0,5155273
yncEp,0.09090909090909091,10,10,TAAAACCGGATTTAATCTAT,0,5159653
yncEp,0.09090909090909091,10,10,GTTTTACCGATTAACGCACG,0,5156124
yncEp,0.09090909090909091,10,10,GTTGATGTGGATTTAGGTAC,0,5154853
yncEp,0.09090909090909091,10,10,GTTCGGCGATGTAGTCCCGG,0,5146739
yncEp,0.09090909090909091,10,10,GTTCACTGGCCTTCAGATTT,0,5147487
yncEp,0.09090909090909091,10,10,GTGTACCAAGACACTCCGCC,0,5150939
yncEp,0.09090909090909091,10,10,GTGGGATAGATACTTCTCAT,0,5156805
yncEp,0.09090909090909091,10,10,GTGCTACAACGTGTGCTTAT,0,5148821
yncEp,0.09090909090909091,10,10,GTGAAGCCCCCTAAGGGTCG,0,5158567
yncEp,0.09090909090909091,10,10,GTGAACGTACTTCAACCATT,0,5151225
yncEp,0.09090909090909091,10,10,GGTGATCGAGACAAGCACAA,0,5161808
yncEp,0.09090909090909091,10,10,GGTAGCGGATACGTTATTCT,0,5159214
yncEp,0.09090909090909091,10,10,GGGTCGCGTCGCTGGTCTGC,0,5147816
yncEp,0.09090909090909091,10,10,GGGTACGGCATACATACGGT,0,5160737
yncEp,0.09090909090909091,10,10,GGGTAAAAGGGCGCCAGTAG,0,5147563
yncEp,0.09090909090909091,10,10,GGGGAATCAGTATGGATAGG,0,5152812
yncEp,0.09090909090909091,10,10,GGCCTAGGCTCCCGCTCTGG,0,5152989
yncEp,0.09090909090909091,10,10,GCTTTAGAACTATACCTGCA,0,5146598
yncEp,0.09090909090909091,10,10,GCGGGAATTCTATCGTCTGA,0,5153783
yncEp,0.09090909090909091,10,10,GCGAGCTCCCGGTTAAAGTA,0,5158297
yncEp,0.09090909090909091,10,10,GCCCGGGATGCACGGCCGGA,0,5155082
yncEp,0.09090909090909091,10,10,GCCCCAAGCTGGTTCTCGCA,0,5147757
yncEp,0.09090909090909091,10,10,GCCAACGGCATCTGTACGAG,0,5153818
yncEp,0.09090909090909091,10,10,GCCAACATATTTAGCGATCA,0,5151502
yncEp,0.09090909090909091,10,10,GCATCAATCTTTTGAAGTCA,0,5147251
yncEp,0.09090909090909091,10,10,GATGATTCGAAAAAGGATAT,0,5150847
yncEp,0.09090909090909091,10,10,GATGAGTGTTACTCTTTATA,0,5148494
yncEp,0.09090909090909091,10,10,GATATGTTACTAGCCAGAGA,0,5151201
yncEp,0.09090909090909091,10,10,GAGGTGAAGTGTCTCGAAAC,0,5145779
yncEp,0.09090909090909091,10,10,GACGTTCTTCTACAACTTCA,0,5157064
yncEp,0.09090909090909091,10,10,GACGCCCCGCAGGCTATTTC,0,5146120
yncEp,0.09090909090909091,10,10,GACCGGAACTATCCGGCAGA,0,5161239
yncEp,0.09090909090909091,10,10,GAATGCATCGTTATTTTACG,0,5156458
yncEp,0.09090909090909091,10,10,GAAAAGGGGTTTGTGTCGAT,0,5157338
yncEp,0.09090909090909091,10,10,CTTTTTCGGAGTTCCACTGT,0,5152790
yncEp,0.09090909090909091,10,10,CTTCTTGTATCACTACGATT,0,5150895
yncEp,0.09090909090909091,10,10,CTTCGTGCGGTGAGATTTGC,0,5152781
yncEp,0.09090909090909091,10,10,CTTCCCTGGCCACAGAGGGT,0,5159714
yncEp,0.09090909090909091,10,10,CTTATACCCTAAGACTCGAG,0,5149779
yncEp,0.09090909090909091,10,10,CTGTCAGCAGTGAAATGCTT,0,5152350
yncEp,0.09090909090909091,10,10,CTGGTGTTTTACACGCTCGT,0,5151722
yncEp,0.09090909090909091,10,10,CTGGCGGAGCCAGGGTTGAG,0,5152373
yncEp,0.09090909090909091,10,10,CTGCAGAGACCGTGGTTTGG,0,5161829
yncEp,0.09090909090909091,10,10,CTGAGATTCACTACATCGGC,0,5155758
yncEp,0.09090909090909091,10,10,CTCTAACATACCCCAGATTA,0,5153243
yncEp,0.09090909090909091,10,10,CTATTTTATGCTATAGGGCA,0,5161205
yncEp,0.09090909090909091,10,10,CTATCGAATTTAGCCTCCGT,0,5162141
yncEp,0.09090909090909091,10,10,CTACTGGCTACTACCGTATA,0,5148691
yncEp,0.09090909090909091,10,10,CGTTACCCGCACTACTCGCT,0,5155740
yncEp,0.09090909090909091,10,10,CGTGCATCGGAGTTGCAATT,0,5160775
yncEp,0.09090909090909091,10,10,CGTATCTTCTGATTTAGCCC,0,5149216
yncEp,0.09090909090909091,10,10,CGGGAGTCCCTTATTCGCCT,0,5146579
yncEp,0.09090909090909091,10,10,CGGCCGACGAGACGAAGAAG,0,5147994
yncEp,0.09090909090909091,10,10,CGGAATTTAAGTTATGAAAC,0,5154063
yncEp,0.09090909090909091,10,10,CGAGGTAGCTGCTATGTCTC,0,5152802
yncEp,0.09090909090909091,10,10,CCTCCTGCTTTCGTGGCAAG,0,5147919
yncEp,0.09090909090909091,10,10,CCGAGTAATTATATCGGATG,0,5152540
yncEp,0.09090909090909091,10,10,CCCGGCGGCCCGCACGAAGC,0,5152708
yncEp,0.09090909090909091,10,10,CCCGAGTGGTGCCGTCGTAC,0,5160694
yncEp,0.09090909090909091,10,10,CCCCGATGTCTCTGACGGCT,0,5155885
yncEp,0.09090909090909091,10,10,CCCATTCCATGGCCGATCGC,0,5161146
yncEp,0.09090909090909091,10,10,CCCATGCGGCCCAAACGAGT,0,5155599
yncEp,0.09090909090909091,10,10,CCATCACGCGGACTAGGCTC,0,5158238
yncEp,0.09090909090909091,10,10,CCAGGCTTTTGGGTAGTGTC,0,5160219
yncEp,0.09090909090909091,10,10,CATGGCGCCCGCGCCGCGCG,0,5151511
yncEp,0.09090909090909091,10,10,CATCTGCCGCGGCACTCCTG,0,5151005
yncEp,0.09090909090909091,10,10,CATCCGGCGCAGTTTCACCT,0,5159795
yncEp,0.09090909090909091,10,10,CATCACAATGAGTGAAAAAT,0,5156547
yncEp,0.09090909090909091,10,10,CAGTAGGGTCCGATTACTGT,0,5152334
yncEp,0.09090909090909091,10,10,CAGGAACTAGGGATGAGGGT,0,5161109
yncEp,0.09090909090909091,10,10,CACCGAGTGATTCGTACGGG,0,5147933
yncEp,0.09090909090909091,10,10,CACACCGTGTCGTCTACAAT,0,5158028
yncEp,0.09090909090909091,10,10,CAAAGCCGATCCTACTCAAT,0,5157682
yncEp,0.09090909090909091,10,10,ATTTATGAATCGCCATTTTA,0,5157044
yncEp,0.09090909090909091,10,10,ATTTAGAATATGTAGGTTAA,0,5154514
yncEp,0.09090909090909091,10,10,ATTCGGAAATGCTCAGGATC,0,5152623
yncEp,0.09090909090909091,10,10,ATGGTGCTTAACCCAGTGTC,0,5155072
yncEp,0.09090909090909091,10,10,ATGGATGACACGGCCGATGC,0,5161834
yncEp,0.09090909090909091,10,10,ATGCCCCCCGGGTCATCCTC,0,5147960
yncEp,0.09090909090909091,10,10,ATGCAGCAGGGGTAATTTGG,0,5152731
yncEp,0.09090909090909091,10,10,ATCGTTCATTTGCTCGAACA,0,5149684
yncEp,0.09090909090909091,10,10,ATCGGTATCTCGAAACCAAA,0,5156623
yncEp,0.09090909090909091,10,10,ATCGCGAGATACTGCATTCT,0,5156249
yncEp,0.09090909090909091,10,10,ATCGAGGTGGCGAACTGAGA,0,5149849
yncEp,0.09090909090909091,10,10,ATCCCAGCAGCGGGATCTCG,0,5157734
yncEp,0.09090909090909091,10,10,AGTTCTGTAAGACTGATGGT,0,5156787
yncEp,0.09090909090909091,10,10,AGTTCGTGAACCCAGGTGCG,0,5148788
yncEp,0.09090909090909091,10,10,AGTGATATGAGGGGGCAGCT,0,5148203
yncEp,0.09090909090909091,10,10,AGTCGCTGGCATTTCCGCGG,0,5153299
yncEp,0.09090909090909091,10,10,AGGTTGGAAATAGATGTTAT,0,5162387
yncEp,0.09090909090909091,10,10,AGGGTCTCCCCCGGACAAGA,0,5156632
yncEp,0.09090909090909091,10,10,AGGGGTATTTTAACATTATC,0,5147205
yncEp,0.09090909090909091,10,10,AGGCACAATGCGCGTTCAGT,0,5148473
yncEp,0.09090909090909091,10,10,AGGATCGGAGAGTACAGGTG,0,5149078
yncEp,0.09090909090909091,10,10,AGGATACGATTGAGTACCTT,0,5148947
yncEp,0.09090909090909091,10,10,AGCCTGGCATTGTAGGTGCA,0,5158815
yncEp,0.09090909090909091,10,10,AGCCCTGGAGTTATTATGGA,0,5152561
yncEp,0.09090909090909091,10,10,AGATAGACACGACCGAGAAT,0,5150134
yncEp,0.09090909090909091,10,10,ACTTTGGCGGCAAAGATTAC,0,5147513
yncEp,0.09090909090909091,10,10,ACTTAAGCGAGCCATAAGGC,0,5147456
yncEp,0.09090909090909091,10,10,ACTACTTCAAGCTAGTGCTA,0,5154744
yncEp,0.09090909090909091,10,10,ACGTTGTCTTAAGCTACGCA,0,5146357
yncEp,0.09090909090909091,10,10,ACGCTCACCCAGGGGAGCGC,0,5150218
yncEp,0.09090909090909091,10,10,ACGCCGGCGAGACTCTGAAC,0,5149950
yncEp,0.09090909090909091,10,10,ACCCTCAACGTCAAGAAGTA,0,5151510
yncEp,0.09090909090909091,10,10,ACAGTCGGGGCTCCCGGACG,0,5148009
yncEp,0.09090909090909091,10,10,ACACGCCCTTGTTGCCGTGG,0,5153561
yncEp,0.09090909090909091,10,10,ACAACCATGGCGGTCTAACA,0,5153062
yncEp,0.09090909090909091,10,10,AATTTGTACATTGCGAGAAA,0,5146048
yncEp,0.09090909090909091,10,10,AATGTTAGGATCCTACACAG,0,5153340
yncEp,0.09090909090909091,10,10,AATCGATAACGGGCAACAGG,0,5153364
yncEp,0.09090909090909091,10,10,AATATTCTGTCTTCATTATA,0,5156849
yncEp,0.09090909090909091,10,10,AACTAGATTATTCTTTTGTG,0,5154950
yncEp,0.09090909090909091,10,10,AACCAGCTTGGCGTTTGCAA,0,5150539
yncEp,0.09090909090909091,10,10,AAACACACCGGCTTGCTTCC,0,5149621
yncEp,0.09090909090909091,10,10,AAAAATTCGGGTCTACACTA,0,5156694
yncEp,0.1,9,9,TTTCTGCTGATCCGTGCGCA,0,5147248
yncEp,0.1,9,9,TTTCGTATACCGGAGTTTAA,0,5146580
yncEp,0.1,9,9,TTTATGCAGCACGTGTTTCT,0,5151579
yncEp,0.1,9,9,TTGCACGATGATGACGCCCG,0,5148413
yncEp,0.1,9,9,TTCCTGCCCTGGTACTGCGA,0,5156279
yncEp,0.1,9,9,TTCCGTACTCACGAATAAAT,0,5152096
yncEp,0.1,9,9,TTCCGCCGCGAGCTATTGAT,0,5147725
yncEp,0.1,9,9,TTCCCGCATTGGACCTAGCG,0,5145905
yncEp,0.1,9,9,TTACGTCAATCCTATCGGAC,0,5159554
yncEp,0.1,9,9,TTACAGCCGATGCTAGTCTA,0,5146811
yncEp,0.1,9,9,TGTGCGGAAGAATCGACGAA,0,5161711
yncEp,0.1,9,9,TGTAGCAGCCTATTCGGGAT,0,5157684
yncEp,0.1,9,9,TGTAAGACTATCTTAAATCT,0,5147671
yncEp,0.1,9,9,TGCTTTTAAGACAACTGTTC,0,5147314
yncEp,0.1,9,9,TGCTCCCAGCAATTTGCGCA,0,5159832
yncEp,0.1,9,9,TGCTAAAGCTGACCGAACGG,0,5158420
yncEp,0.1,9,9,TGCCTACTGGGGCACTAAAA,0,5151242
yncEp,0.1,9,9,TGCACACGAAGTATACTGTG,0,5150802
yncEp,0.1,9,9,TCTTAATTAAGCTCCATATA,0,5146827
yncEp,0.1,9,9,TCGTGAGTATACACGTCTGT,0,5152140
yncEp,0.1,9,9,TCGCGGTTAGGGCAGAACAG,0,5145956
yncEp,0.1,9,9,TCCTGGTGTATCGGGAATCG,0,5148981
yncEp,0.1,9,9,TCCATGTGTCCGCTGCTCAC,0,5154215
yncEp,0.1,9,9,TCATAGGATTATCGTTCAGG,0,5148708
yncEp,0.1,9,9,TCAGGGTGTACTGTACGTCC,0,5145951
yncEp,0.1,9,9,TCACTCACAACAGAGGAAAT,0,5159961
yncEp,0.1,9,9,TCACATACGATATACTATCA,0,5152045
yncEp,0.1,9,9,TCAAAGGCAGAATAAAGGAC,0,5157293
yncEp,0.1,9,9,TCAAACGTTCGACTGGAATT,0,5161176
yncEp,0.1,9,9,TATGCTGATCGAACGTCACA,0,5155280
yncEp,0.1,9,9,TAGGGCTAGCGAGGAGGCTT,0,5157579
yncEp,0.1,9,9,TAGGCGCTGTTGCTAGTCAG,0,5158723
yncEp,0.1,9,9,TAGCTTGCTATCTCAGACTC,0,5152837
yncEp,0.1,9,9,TAGAGAGAAATAGGTGTTGC,0,5152304
yncEp,0.1,9,9,TACTTACGCTTCCGCAGAAC,0,5148474
yncEp,0.1,9,9,TACTGGTCTGTTTAACTGAC,0,5154881
yncEp,0.1,9,9,TAAGTCGCCCGGGACTGAAC,0,5161818
yncEp,0.1,9,9,TAAGGAATTGTTCCCTGGCC,0,5158930
yncEp,0.1,9,9,TAAGCACACTTGATCGTAAC,0,5152853
yncEp,0.1,9,9,TAAGAGAGGACTTTCACCTC,0,5150558
yncEp,0.1,9,9,GTTTGAGTGTCGCCTTCCAT,0,5149996
yncEp,0.1,9,9,GTTAGCTCATCCCGTATTAG,0,5156856
yncEp,0.1,9,9,GTGGCCGTTGGATCCAAACC,0,5151260
yncEp,0.1,9,9,GTGCTTTTATCTGTTTGCTC,0,5160161
yncEp,0.1,9,9,GTGCTTTTAAGGTCCTAGTA,0,5160472
yncEp,0.1,9,9,GTCCTGAGGAGCAATAGCCT,0,5162377
yncEp,0.1,9,9,GTCATTTGAGGAGGCGCGAG,0,5162022
yncEp,0.1,9,9,GTATAATGCGCGACCCGCTC,0,5152587
yncEp,0.1,9,9,GTAATTTAAGGTTATCTAGC,0,5153863
yncEp,0.1,9,9,GTAATGGGGAGCAACAATTA,0,5159153
yncEp,0.1,9,9,GTAATATAATGCGCACTAAG,0,5150217
yncEp,0.1,9,9,GTAAACGGCGGTTGGTTTGC,0,5151992
yncEp,0.1,9,9,GGTGGCACAACCAATGCTCC,0,5147626
yncEp,0.1,9,9,GGTGAGGGTGGTTCATATTA,0,5156290
yncEp,0.1,9,9,GGTCGTAACCGTGTTTTAAA,0,5156896
yncEp,0.1,9,9,GGGCTAAGCCAATACCATGT,0,5148867
yncEp,0.1,9,9,GGGCGATATTTCGGATTGAA,0,5153001
yncEp,0.1,9,9,GGGAAATTCTTATAAACACA,0,5160740
yncEp,0.1,9,9,GGCTCAACGGGTACGCTAAT,0,5147924
yncEp,0.1,9,9,GGCGAATGTAGGACGTAGGT,0,5155262
yncEp,0.1,9,9,GGCCCTCAGGATGTAAATCA,0,5161729
yncEp,0.1,9,9,GGCAGATGCTTGTGTTTCCA,0,5153488
yncEp,0.1,9,9,GGATTAGCGCAAGACCGTAT,0,5153573
yncEp,0.1,9,9,GGATCTCCAGGCCAATCTGT,0,5148214
yncEp,0.1,9,9,GGAGACGTGGGGACAACAAG,0,5152694
yncEp,0.1,9,9,GGACCAGCGCAAGGACCGTG,0,5153772
yncEp,0.1,9,9,GGAATTGGCTGGGCCTGAAT,0,5158667
yncEp,0.1,9,9,GGAAGAGTCTGTGTAGTTTA,0,5148843
yncEp,0.1,9,9,GCTGCTCATTGGCGCCTCGA,0,5153907
yncEp,0.1,9,9,GCTAATTTACAGAAAGTCCT,0,5161073
yncEp,0.1,9,9,GCGTTTGGGGCGAGCATTGG,0,5152771
yncEp,0.1,9,9,GCGTTTACACAATGACACCT,0,5152797
yncEp,0.1,9,9,GCGAGGCGCTTAGACGGCTT,0,5147512
yncEp,0.1,9,9,GCCGTGGACCCTATGACCAA,0,5159572
yncEp,0.1,9,9,GCCCGATGATCAATGTGATT,0,5158489
yncEp,0.1,9,9,GCCCCAGTCTGCTAGCTTTT,0,5152468
yncEp,0.1,9,9,GCCACGTATTATGAGCGTGA,0,5147714
yncEp,0.1,9,9,GCCAAATTAATGACGGCCAC,0,5157004
yncEp,0.1,9,9,GCATAGGCCTCTCGTGTAAA,0,5155880
yncEp,0.1,9,9,GCAGGGGAACAACGACAATT,0,5157377
yncEp,0.1,9,9,GCACGTTTAACCAGCACGGC,0,5153078
yncEp,0.1,9,9,GCAACAATTACATTAAGTAC,0,5148196
yncEp,0.1,9,9,GATTGAGAGAGTCGCGGTTA,0,5162052
yncEp,0.1,9,9,GATGCTCTTGGCTATAGTTG,0,5155986
yncEp,0.1,9,9,GAGTGCACCCGGAGGTCTCT,0,5160169
yncEp,0.1,9,9,GAGGTGTTTGCGTCAAGCTA,0,5146756
yncEp,0.1,9,9,GAGGCCCGAGACGGACTCCT,0,5156259
yncEp,0.1,9,9,GAGCGGCCGCATTGGCGCGT,0,5148898
yncEp,0.1,9,9,GAGAGGCCCTTAGCCATGAC,0,5147983
yncEp,0.1,9,9,GAGACACTTGAAAATAGATG,0,5147296
yncEp,0.1,9,9,GACGAGTCGTGATGTTGTCT,0,5154354
yncEp,0.1,9,9,GACCCAATGCAATAACGACT,0,5151139
yncEp,0.1,9,9,GAATGCCCGGCTCATTGGTG,0,5150353
yncEp,0.1,9,9,GAAGGACGTGCTAGATTTGA,0,5150135
yncEp,0.1,9,9,CTTTTGAATGTTCCTCTTTC,0,5147378
yncEp,0.1,9,9,CTTCTTTGGTTCAGAATTAT,0,5155960
yncEp,0.1,9,9,CTTCCAAGCACTGTGCTGGT,0,5149336
yncEp,0.1,9,9,CTGATCTTCGGGATTCCGTC,0,5154258
yncEp,0.1,9,9,CTCTCCACGAGGCTTGCACT,0,5148834
yncEp,0.1,9,9,CTCGATTATCTTTGGTCAGC,0,5151051
yncEp,0.1,9,9,CTCGACTACGAAATTGAACT,0,5147354
yncEp,0.1,9,9,CTATAGTATTCATTATAAAG,0,5155502
yncEp,0.1,9,9,CTACTTGGACCCCGGGCTGA,0,5146088
yncEp,0.1,9,9,CTAATCTAACTGAGTGGATT,0,5148841
yncEp,0.1,9,9,CGTGGCACAAAGTGAGTTGT,0,5160516
yncEp,0.1,9,9,CGTGGACTACGTTCGGCCTC,0,5146700
yncEp,0.1,9,9,CGTCCCAGGGACCTAGTAGT,0,5152656
yncEp,0.1,9,9,CGGGGGCCCCTGAAAGGTTA,0,5153948
yncEp,0.1,9,9,CGGGCCTGACCACACGCTTA,0,5159672
yncEp,0.1,9,9,CGGCCCAGGAAAAGGATGTA,0,5151356
yncEp,0.1,9,9,CGGAGCCGTTCTACTCGGGG,0,5147654
yncEp,0.1,9,9,CGGACTCTGGAATATTCCCA,0,5148152
yncEp,0.1,9,9,CGCGAGTTATTGCTACTGGA,0,5151126
yncEp,0.1,9,9,CGAGAACTGCTGGGCGAAAA,0,5151240
yncEp,0.1,9,9,CCTCGTGCTGTAATTTGTCG,0,5157333
yncEp,0.1,9,9,CCTATGTCTCGGTACACGAA,0,5151922
yncEp,0.1,9,9,CCGTGCGCAAATGTTGTCAG,0,5151837
yncEp,0.1,9,9,CCGTAAGTACTAGCCAAACA,0,5153266
yncEp,0.1,9,9,CCGGTCGTAATGGTTGGTTA,0,5157436
yncEp,0.1,9,9,CCGGGCGAATGTGGATGCAA,0,5152462
yncEp,0.1,9,9,CCGGGATCTCATGGTCTGAA,0,5147534
yncEp,0.1,9,9,CCGCACCACGAGCTGTGGGT,0,5154831
yncEp,0.1,9,9,CCCTGATGGTGACTTATGCG,0,5148651
yncEp,0.1,9,9,CCCTCTTAGTAGTATCGCTG,0,5150468
yncEp,0.1,9,9,CCCTCCCATTAATGAATCCT,0,5149149
yncEp,0.1,9,9,CCCTATATTGGAGTTTTGCA,0,5153843
yncEp,0.1,9,9,CCCGGCTCTTACTAAATCGG,0,5156314
yncEp,0.1,9,9,CCCGACTGGTCCAGAACTAC,0,5146665
yncEp,0.1,9,9,CATGGGACTATGGGGGGATA,0,5150616
yncEp,0.1,9,9,CAGTTGTTGATACACTACAG,0,5151186
yncEp,0.1,9,9,CAGCGAATTGGTAGCGGTAT,0,5149643
yncEp,0.1,9,9,CAGACCTAGTGTGGGCCTAG,0,5146328
yncEp,0.1,9,9,CACGACCCCGGACACGCCAA,0,5147288
yncEp,0.1,9,9,CAAGGTAGGGCAGGGGTTAT,0,5149991
yncEp,0.1,9,9,CAAGGCAACTAAAAGAGGAG,0,5145995
yncEp,0.1,9,9,CAACGACTGGTGGTGTGGCG,0,5147323
yncEp,0.1,9,9,CAAAGCACCAATAAGGCCGT,0,5159605
yncEp,0.1,9,9,ATTTTGTCGGCGTTTAAGCA,0,5148585
yncEp,0.1,9,9,ATTGTGTGGCAAGGATAGAG,0,5155365
yncEp,0.1,9,9,ATTGCTTCCATCCGGCATAG,0,5158695
yncEp,0.1,9,9,ATTCGTTCGTGGGCTGATAT,0,5147899
yncEp,0.1,9,9,ATGTTACCCCCCCAGATCAC,0,5154565
yncEp,0.1,9,9,ATGTGTTCGTCTAGGTGGGA,0,5152649
yncEp,0.1,9,9,ATCTCCAATCACATAAATTA,0,5151071
yncEp,0.1,9,9,ATCGGCACTTGATTGACATA,0,5153970
yncEp,0.1,9,9,ATCGAGACCACCCGTCGAAA,0,5153320
yncEp,0.1,9,9,ATCGAGACACTTATTGCACT,0,5159193
yncEp,0.1,9,9,ATCCTGTGCTTCAAGGCAAG,0,5150178
yncEp,0.1,9,9,ATCCTCCCTAAATAGGGGTT,0,5157511
yncEp,0.1,9,9,ATCCGGCATGCGAAACGTCT,0,5150484
yncEp,0.1,9,9,ATCAGTCTTTGGTTCCCAGA,0,5161893
yncEp,0.1,9,9,ATATTCGTGCGGCCGACACA,0,5152081
yncEp,0.1,9,9,ATATATTGCAATATTGGAGG,0,5148478
yncEp,0.1,9,9,ATAGACTATCGCTTCAGCAG,0,5158798
yncEp,0.1,9,9,ATACGTATATCAAATGGGGT,0,5147533
yncEp,0.1,9,9,ATACGCGCGATTCCAGTTCA,0,5148195
yncEp,0.1,9,9,ATACAAAGTGTGCACAGCGC,0,5149522
yncEp,0.1,9,9,ATAAGTTCTTTAGGGAGGGG,0,5147081
yncEp,0.1,9,9,ATAAACGGTTGCATTCTGTA,0,5148336
yncEp,0.1,9,9,AGTTTGCGAGTCATTAAAGA,0,5152079
yncEp,0.1,9,9,AGTTAGCTTGGGGTGGTGAA,0,5156005
yncEp,0.1,9,9,AGTGGGGAGGCTAAGAGGCT,0,5155156
yncEp,0.1,9,9,AGTATTTGACGCAGAGATAT,0,5145766
yncEp,0.1,9,9,AGTATGGCGTGATATTGGCA,0,5156387
yncEp,0.1,9,9,AGGTCGAGCAAATACAAGGA,0,5149572
yncEp,0.1,9,9,AGGGGCTACTTGACACAGCA,0,5160357
yncEp,0.1,9,9,AGGCCGGGTATAATCATACT,0,5154286
yncEp,0.1,9,9,AGGCAGTCAAATGTGGAGTC,0,5160787
yncEp,0.1,9,9,AGGAGCTCATAACATTGGAA,0,5147133
yncEp,0.1,9,9,AGCTGCCATCCGGCGTGTGG,0,5148965
yncEp,0.1,9,9,AGCCCGGTTATTAGCACCAG,0,5147127
yncEp,0.1,9,9,AGCAGTATCACGATATTCAG,0,5154320
yncEp,0.1,9,9,ACTTTCCATTTTACTTAGAA,0,5151972
yncEp,0.1,9,9,ACTAGGTCAGAATGTGCCTG,0,5159640
yncEp,0.1,9,9,ACGGTACTGTCTGAACGACG,0,5155373
yncEp,0.1,9,9,ACGCTGCAATTACATAGCTA,0,5147207
yncEp,0.1,9,9,ACGCGTGCTTCGTAGGCGTC,0,5152560
yncEp,0.1,9,9,ACGAACACCACGAAGCTGAG,0,5150602
yncEp,0.1,9,9,ACCTTCAGGGTTACGGCCAC,0,5160596
yncEp,0.1,9,9,ACCCGGTCCTAGGTTCGTAT,0,5155480
yncEp,0.1,9,9,ACATGTTATTGGGCGTCTTT,0,5155192
yncEp,0.1,9,9,ACAGTTCTTCCGAGTTACAT,0,5157641
yncEp,0.1,9,9,ACAGCCTCTTTTACATGCTT,0,5159914
yncEp,0.1,9,9,ACACCAAACTGGTGACTCAA,0,5156218
yncEp,0.1,9,9,ACAAGGTCTATCAATAGGGT,0,5151540
yncEp,0.1,9,9,AATCCGTCTAGTGTAGGTGT,0,5155223
yncEp,0.1,9,9,AATCAAAGCACGTAACATCA,0,5155730
yncEp,0.1,9,9,AAGGCAGTGCTAAACCGGGA,0,5145955
yncEp,0.1,9,9,AAGCTCGGACGCGAGCGAGG,0,5154408
yncEp,0.1,9,9,AACGTTTAAGTGACAAGGCC,0,5159054
yncEp,0.1,9,9,AACGCTAATATTCGCTACTT,0,5159580
yncEp,0.1,9,9,AAATCACACGGGATCTGAGT,0,5160177
yncEp,0.1,9,9,AAAGTGAGCGTTATCAAGGT,0,5153844
yncEp,0.1111111111111111,8,8,TTGTACACAAGGGAAATGGC,0,5146476
yncEp,0.1111111111111111,8,8,TTGCACGGAAAAAAGTATAC,0,5160823
yncEp,0.1111111111111111,8,8,TTGCAAGGCTCCCCGCGAAT,0,5154420
yncEp,0.1111111111111111,8,8,TTCGCATCACCAAGTCCGAG,0,5149974
yncEp,0.1111111111111111,8,8,TTCCTTTTGATCGGCTCTAT,0,5152679
yncEp,0.1111111111111111,8,8,TTCCAGTACGTGGTAAGTGT,0,5151373
yncEp,0.1111111111111111,8,8,TTCATGTCTTCTGCAAGCCT,0,5160303
yncEp,0.1111111111111111,8,8,TTCAAAACGGATAATTGCTA,0,5149484
yncEp,0.1111111111111111,8,8,TTATTTTGCCTAGGCGCAAG,0,5158720
yncEp,0.1111111111111111,8,8,TTATGAGCACACCCAGGAGT,0,5154015
yncEp,0.1111111111111111,8,8,TTAATGTTTCCGCCAGTCGT,0,5153628
yncEp,0.1111111111111111,8,8,TGTGTAGGCTCTGGCGTTTG,0,5149913
yncEp,0.1111111111111111,8,8,TGTCCCGGACCATCAATATC,0,5149821
yncEp,0.1111111111111111,8,8,TGTAGCTAAGCGGAGTCCAA,0,5147607
yncEp,0.1111111111111111,8,8,TGTACAATGAGTCCTGCGGT,0,5147610
yncEp,0.1111111111111111,8,8,TGTAATGACTGAGAAAGAAT,0,5149047
yncEp,0.1111111111111111,8,8,TGGTCTGCAGACCCCAGGAC,0,5159889
yncEp,0.1111111111111111,8,8,TGGTCTGATAGTCCTACTTA,0,5155627
yncEp,0.1111111111111111,8,8,TGGCTCCACGAGGTTCGCGA,0,5158305
yncEp,0.1111111111111111,8,8,TGGAATCCATTCTGATCCGT,0,5158223
yncEp,0.1111111111111111,8,8,TGCGGTTCTTCGTGCCAGGC,0,5149349
yncEp,0.1111111111111111,8,8,TCTTTGAGTACGCGGATTCA,0,5146375
yncEp,0.1111111111111111,8,8,TCTTGCGTAGTGCTGGTACT,0,5149025
yncEp,0.1111111111111111,8,8,TCTGAGGCGCTGTGCGCTAT,0,5158115
yncEp,0.1111111111111111,8,8,TCGGGGGATTACACATTCAT,0,5148806
yncEp,0.1111111111111111,8,8,TCCTTGTAGGTCAATGATCC,0,5152284
yncEp,0.1111111111111111,8,8,TCCTAAGTAGCTCACCACGC,0,5156456
yncEp,0.1111111111111111,8,8,TCCGATGGATACATAATTTT,0,5153692
yncEp,0.1111111111111111,8,8,TCATGCCGGGTTAAAATTCT,0,5148678
yncEp,0.1111111111111111,8,8,TCATGAGGCGCGCTCTTGTT,0,5157183
yncEp,0.1111111111111111,8,8,TCAGGGTCAACGCCCTGGTT,0,5158912
yncEp,0.1111111111111111,8,8,TCACCCCTTGTGAGTGTAGC,0,5153343
yncEp,0.1111111111111111,8,8,TCAAGCGGTGCAATACTTAG,0,5159124
yncEp,0.1111111111111111,8,8,TCAACTCTGTTGGGTCGGAC,0,5156197
yncEp,0.1111111111111111,8,8,TATTATACGGGCCTATTCTA,0,5149778
yncEp,0.1111111111111111,8,8,TATGCGCCGTTTTGTATTTT,0,5150932
yncEp,0.1111111111111111,8,8,TAGGCGGTAGACTCCGTGTA,0,5156148
yncEp,0.1111111111111111,8,8,TAGAAACAGGAACGTTAGCC,0,5154664
yncEp,0.1111111111111111,8,8,TACTCGTTTCAAACGAAGGT,0,5147614
yncEp,0.1111111111111111,8,8,TAAGTTCGGCTTGTGACGGT,0,5147448
yncEp,0.1111111111111111,8,8,TAAGGGTCAACGGCACGTTG,0,5146199
yncEp,0.1111111111111111,8,8,TAACTTCCTAGACATGTGAA,0,5156900
yncEp,0.1111111111111111,8,8,TAACTCAGTGCGCTGTACTC,0,5160188
yncEp,0.1111111111111111,8,8,TAACGTTAACTATTAAACGC,0,5156502
yncEp,0.1111111111111111,8,8,TAACCGTAAACTCCAGCGAA,0,5159497
yncEp,0.1111111111111111,8,8,TAAACTTGTGCAAATAGGCG,0,5153945
yncEp,0.1111111111111111,8,8,TAAACGGTTCTAAATTCGTT,0,5147324
yncEp,0.1111111111111111,8,8,TAAACACGGACCTGTTTGGA,0,5156053
yncEp,0.1111111111111111,8,8,GTTTTCATGGGCGGAAAAGA,0,5149690
yncEp,0.1111111111111111,8,8,GTTGTCTTGCTGCATTGTAG,0,5150719
yncEp,0.1111111111111111,8,8,GTTCTCTGTGTCTGCAGTGT,0,5146400
yncEp,0.1111111111111111,8,8,GTGTGTACTTTGCTGCACTG,0,5152934
yncEp,0.1111111111111111,8,8,GTGGCCACCCCTGGCCCAAC,0,5160448
yncEp,0.1111111111111111,8,8,GTGCTAGGAATCCAAGAGGA,0,5153497
yncEp,0.1111111111111111,8,8,GTGCCGGCTACGTTGATATT,0,5154569
yncEp,0.1111111111111111,8,8,GTGAGGGGCTGATCGTACGT,0,5146058
yncEp,0.1111111111111111,8,8,GTCCTCAATATTTCGCGGTG,0,5154057
yncEp,0.1111111111111111,8,8,GTCCGCTGAAACGTCTTTTC,0,5156529
yncEp,0.1111111111111111,8,8,GTAAGTGCGCTACAAGCGTA,0,5160046
yncEp,0.1111111111111111,8,8,GTAAATCAGACGAGCTCCGA,0,5150250
yncEp,0.1111111111111111,8,8,GGTTTGACTTGCAACAATCG,0,5153921
yncEp,0.1111111111111111,8,8,GGTGCCAAATCCAGTCCATA,0,5146446
yncEp,0.1111111111111111,8,8,GGTGATCGGAATGCGCACCG,0,5147200
yncEp,0.1111111111111111,8,8,GGTAAGTGATAAGCTTCTTA,0,5157318
yncEp,0.1111111111111111,8,8,GGGGTGGAGGACGGTGGTGT,0,5158263
yncEp,0.1111111111111111,8,8,GGGGCTCCTCAAGCTAGCTT,0,5150306
yncEp,0.1111111111111111,8,8,GGGGCCGCAGTAAACGGAGC,0,5154856
yncEp,0.1111111111111111,8,8,GGGAGTCTTTGAATCAAGTC,0,5153366
yncEp,0.1111111111111111,8,8,GGGAGGCGTTCGTTCATGCA,0,5145949
yncEp,0.1111111111111111,8,8,GGCGTTACGGAAGGGTCAAC,0,5146304
yncEp,0.1111111111111111,8,8,GGCGGCGTCGGTCAGTGGAA,0,5155114
yncEp,0.1111111111111111,8,8,GGCCTGCGCTCAACATCAGT,0,5148727
yncEp,0.1111111111111111,8,8,GGCCTGAGATTTAGCTTAGC,0,5152151
yncEp,0.1111111111111111,8,8,GGCCAACGGGGCAGCGCATA,0,5157823
yncEp,0.1111111111111111,8,8,GGCAATCGCCCCCTGCGAAT,0,5148781
yncEp,0.1111111111111111,8,8,GGAGGCTGTCCGCATTTTTC,0,5148836
yncEp,0.1111111111111111,8,8,GGAATAGTATGCAGTCGGCA,0,5151145
yncEp,0.1111111111111111,8,8,GGAAGTCCCCTAGCTTAGTC,0,5155814
yncEp,0.1111111111111111,8,8,GCTTGGATTGGATGCAAAGA,0,5155353
yncEp,0.1111111111111111,8,8,GCTTCCCTATACAACCCCGA,0,5155571
yncEp,0.1111111111111111,8,8,GCTTAATCAGGTTTCTGACT,0,5146293
yncEp,0.1111111111111111,8,8,GCTGTTGTAACGTGGCGGGA,0,5155884
yncEp,0.1111111111111111,8,8,GCGTTAGTGACACACGGATC,0,5152799
yncEp,0.1111111111111111,8,8,GCGGACCAGCAAGGTTATCC,0,5148317
yncEp,0.1111111111111111,8,8,GCGCATCGCGGGGAATAACA,0,5146479
yncEp,0.1111111111111111,8,8,GCGATGGGAAAGTACGCATC,0,5146399
yncEp,0.1111111111111111,8,8,GCGACTTGTTTGTATAGGAT,0,5157886
yncEp,0.1111111111111111,8,8,GCCGCGGCATCGCTCTATCT,0,5147567
yncEp,0.1111111111111111,8,8,GCCCGGCCCCGTGCTGTTTA,0,5153597
yncEp,0.1111111111111111,8,8,GCCAAGCTACACCCCGCTAC,0,5152136
yncEp,0.1111111111111111,8,8,GCATATCATTTTAAAAATGC,0,5146233
yncEp,0.1111111111111111,8,8,GCATACCTCAGATCGGACCG,0,5146840
yncEp,0.1111111111111111,8,8,GATGAGACCGAGCCGCCTAG,0,5157613
yncEp,0.1111111111111111,8,8,GATACGGTATAGCAGCTTCT,0,5149858
yncEp,0.1111111111111111,8,8,GAGGTAGTAAAGACTGATTT,0,5149373
yncEp,0.1111111111111111,8,8,GAGGATTGGATCAAGGGTGT,0,5150499
yncEp,0.1111111111111111,8,8,GAGCACTTTCAACGGGCACG,0,5151698
yncEp,0.1111111111111111,8,8,GACTGGCTTGCCATATGATC,0,5146549
yncEp,0.1111111111111111,8,8,GACTAACGGTCCGCTTCCGC,0,5149231
yncEp,0.1111111111111111,8,8,GACGATGTCTGTCCTGTGTT,0,5146283
yncEp,0.1111111111111111,8,8,GAACCTATAAATCCCAGGGA,0,5152515
yncEp,0.1111111111111111,8,8,CTTTGATGCAAGGGGTCGTA,0,5152009
yncEp,0.1111111111111111,8,8,CTTGATGCATTGTTACTCCA,0,5151228
yncEp,0.1111111111111111,8,8,CTTCTGGTGTTAATACTTGC,0,5148314
yncEp,0.1111111111111111,8,8,CTGTTTATCTTATCATAAAT,0,5156766
yncEp,0.1111111111111111,8,8,CTGGGCTGATCGAAGCCCCA,0,5155937
yncEp,0.1111111111111111,8,8,CTGAGACAGACTAATTGGGG,0,5154367
yncEp,0.1111111111111111,8,8,CTCTATTAGAAGAAAAGGTC,0,5153689
yncEp,0.1111111111111111,8,8,CTCCTAATTTAAAAATAGGA,0,5152192
yncEp,0.1111111111111111,8,8,CTCCGAAACTTTCCTACTGC,0,5146143
yncEp,0.1111111111111111,8,8,CGTGTAAGGAAGGGGAATAC,0,5158114
yncEp,0.1111111111111111,8,8,CGTACAGTTTCCCGCCCGGA,0,5149002
yncEp,0.1111111111111111,8,8,CGGTCTACTCGGAGGCCGAG,0,5157615
yncEp,0.1111111111111111,8,8,CGGTCATCGGACTCACGGTT,0,5154876
yncEp,0.1111111111111111,8,8,CGGTATTGCTAGACCGAAAT,0,5151166
yncEp,0.1111111111111111,8,8,CGGTAGATTGTCATAGCCCG,0,5159675
yncEp,0.1111111111111111,8,8,CGGTAACATCTTCCCGCTCT,0,5150972
yncEp,0.1111111111111111,8,8,CGGGTTGCTGGTGCGCTACA,0,5153591
yncEp,0.1111111111111111,8,8,CGGGGACGGCTACCACAGAT,0,5157148
yncEp,0.1111111111111111,8,8,CGGGCTAAAAAACATGTCGC,0,5160854
yncEp,0.1111111111111111,8,8,CGGACGGGATTTGGGTCGTC,0,5150374
yncEp,0.1111111111111111,8,8,CGCATGTCCGGCGGGGCGTC,0,5158825
yncEp,0.1111111111111111,8,8,CGCATGACCAGACAAGTTGC,0,5154502
yncEp,0.1111111111111111,8,8,CGAGATCCTATTGGCGATAG,0,5156928
yncEp,0.1111111111111111,8,8,CGAGAATAGATCTGGCTATG,0,5161631
yncEp,0.1111111111111111,8,8,CGAGAAGCAGTTGGATGTAG,0,5155565
yncEp,0.1111111111111111,8,8,CGACCCTTCGCATAAGTATG,0,5155338
yncEp,0.1111111111111111,8,8,CGACCCTGGATCGGAACAGA,0,5149604
yncEp,0.1111111111111111,8,8,CGACACAAAGGATGTTCCGA,0,5153190
yncEp,0.1111111111111111,8,8,CGAACTGGACCACAACAGAG,0,5153268
yncEp,0.1111111111111111,8,8,CCTCGTGTACCAGGATCCCG,0,5145782
yncEp,0.1111111111111111,8,8,CCTATAGGCTTAAAGTCGAA,0,5148020
yncEp,0.1111111111111111,8,8,CCGGATCGATCCATGTTACT,0,5152069
yncEp,0.1111111111111111,8,8,CCGCCTCCTCGAGCTGCAAA,0,5157137
yncEp,0.1111111111111111,8,8,CCGCAGCGTTCCGGTGTTCG,0,5156447
yncEp,0.1111111111111111,8,8,CCGACTGCCTCGGGATGGGT,0,5160880
yncEp,0.1111111111111111,8,8,CCCTAACCCAAAAATCTCCA,0,5149982
yncEp,0.1111111111111111,8,8,CCCGCGCGCGGCCAACGGTG,0,5146574
yncEp,0.1111111111111111,8,8,CCCAAGAGGGTCCCTAAGGC,0,5154647
yncEp,0.1111111111111111,8,8,CCATTGGCAGGTTGAATTCA,0,5151226
yncEp,0.1111111111111111,8,8,CCATTATGGCGGAGCTTCGC,0,5151087
yncEp,0.1111111111111111,8,8,CCATCGAGTAACACATCTCC,0,5161689
yncEp,0.1111111111111111,8,8,CCACGAACGCGTTTGCGAAT,0,5147536
yncEp,0.1111111111111111,8,8,CATGTGTGCAGTCGGAATAA,0,5155031
yncEp,0.1111111111111111,8,8,CATGAATCTCGCCACGCAGT,0,5148685
yncEp,0.1111111111111111,8,8,CATCCAACAGACAAGGGACT,0,5153846
yncEp,0.1111111111111111,8,8,CATAGACCAAGGGGACACCC,0,5162215
yncEp,0.1111111111111111,8,8,CAGTTAGTAGAGAGGTACAC,0,5160154
yncEp,0.1111111111111111,8,8,CAGGTCGTTTGGCGTAATAA,0,5152033
yncEp,0.1111111111111111,8,8,CAGCGTGGCGAATTCGGTAA,0,5157259
yncEp,0.1111111111111111,8,8,CAGCCTGCATATAACCACGG,0,5151563
yncEp,0.1111111111111111,8,8,CAGCCATTCGTCAACGGAAA,0,5155482
yncEp,0.1111111111111111,8,8,CAGAGATCACCGCTGGCCCC,0,5160741
yncEp,0.1111111111111111,8,8,CAGAGAAAGGCTGCGCTTAG,0,5156151
yncEp,0.1111111111111111,8,8,CACTTTGACGGAGATGGACA,0,5148341
yncEp,0.1111111111111111,8,8,CACTGCCCTTATTTACGAAC,0,5150756
yncEp,0.1111111111111111,8,8,CACGCTAATTGAGTTGTGCT,0,5152683
yncEp,0.1111111111111111,8,8,CACCTTTCTAGAGGGTCTGG,0,5151528
yncEp,0.1111111111111111,8,8,CACCTGATAGCAGTTTGCAA,0,5156457
yncEp,0.1111111111111111,8,8,CAATGGCCATGCAGAGTAGA,0,5152156
yncEp,0.1111111111111111,8,8,CAATCGAGGTACCTTATCGG,0,5157434
yncEp,0.1111111111111111,8,8,CAAGTTGGTCGTAGCGGATA,0,5157640
yncEp,0.1111111111111111,8,8,CAACGCGTTAGGGGTACCTA,0,5154306
yncEp,0.1111111111111111,8,8,CAAATTGGCACGTTTGAGAG,0,5159367
yncEp,0.1111111111111111,8,8,ATTTTTGTATAGGGTATAGT,0,5152073
yncEp,0.1111111111111111,8,8,ATTTCTTGGATCTAATGACA,0,5154587
yncEp,0.1111111111111111,8,8,ATTTACATCAGTGATAAATT,0,5152264
yncEp,0.1111111111111111,8,8,ATTGAGTGATTTAAGTCCTT,0,5149877
yncEp,0.1111111111111111,8,8,ATTCAATGGTCTGGTGGGGA,0,5151751
yncEp,0.1111111111111111,8,8,ATTAAAGTCTACGTTGCCAA,0,5160395
yncEp,0.1111111111111111,8,8,ATCTGTGGCAGGTGGGCGGG,0,5156275
yncEp,0.1111111111111111,8,8,ATCCTCGCCACCTTGAAAAG,0,5161230
yncEp,0.1111111111111111,8,8,ATCCGTCATGTAGAGGGCCG,0,5161339
yncEp,0.1111111111111111,8,8,ATCATCAATATCCGGCACCA,0,5153738
yncEp,0.1111111111111111,8,8,ATCACCCCAAGACATCTCAT,0,5155155
yncEp,0.1111111111111111,8,8,ATAATATGAGTTAGAGCCCA,0,5151109
yncEp,0.1111111111111111,8,8,ATAACCTCGCGCCTCCTTAT,0,5156614
yncEp,0.1111111111111111,8,8,AGTTTACTCCCTCGCAGAAC,0,5147316
yncEp,0.1111111111111111,8,8,AGTTTACGATATTCCTGCAG,0,5146577
yncEp,0.1111111111111111,8,8,AGGTTGGGCAGTCTCGCACG,0,5148408
yncEp,0.1111111111111111,8,8,AGGTCTGGAAATTAAAGGGT,0,5153944
yncEp,0.1111111111111111,8,8,AGGTCATGTCAATGCGTCAT,0,5150246
yncEp,0.1111111111111111,8,8,AGGGTTTGCGGAAGCACGCT,0,5160119
yncEp,0.1111111111111111,8,8,AGGGGGTGTCCAGCTAAACG,0,5152931
yncEp,0.1111111111111111,8,8,AGGGAAACACATATGTAAAT,0,5147859
yncEp,0.1111111111111111,8,8,AGGCTTCGCGGCTTTGCATG,0,5159385
yncEp,0.1111111111111111,8,8,AGGCGGGTGTCGATGTGCGA,0,5154271
yncEp,0.1111111111111111,8,8,AGGAATAGTATGCTGCAAAT,0,5146742
yncEp,0.1111111111111111,8,8,AGCTGCTTATCGTGGCACTA,0,5161559
yncEp,0.1111111111111111,8,8,AGCTACTATGTTTGCTATTG,0,5148641
yncEp,0.1111111111111111,8,8,AGCGTGACTCACCCCACATG,0,5157254
yncEp,0.1111111111111111,8,8,AGATGGGTCTGCTTATAATA,0,5149669
yncEp,0.1111111111111111,8,8,AGAGTCATTCATCACGATGA,0,5161967
yncEp,0.1111111111111111,8,8,AGAGGGAAGGGGAAGAATCC,0,5148444
yncEp,0.1111111111111111,8,8,AGACGCGTGGAATAATAGGT,0,5154620
yncEp,0.1111111111111111,8,8,ACTTAGTCTAGTCAGATAAA,0,5153888
yncEp,0.1111111111111111,8,8,ACTGTGTATCGTAAGATGAC,0,5157040
yncEp,0.1111111111111111,8,8,ACTCCGGCCCCCACGATACC,0,5149538
yncEp,0.1111111111111111,8,8,ACTCCAGGACCGGTTGTCGC,0,5150660
yncEp,0.1111111111111111,8,8,ACTAACACGCGCTTTTTAGA,0,5155058
yncEp,0.1111111111111111,8,8,ACGGTACTTTCTTAGTGGTT,0,5149401
yncEp,0.1111111111111111,8,8,ACGGAATCACTGTAATTCAA,0,5151963
yncEp,0.1111111111111111,8,8,ACGCGGCCGGAGCAGTGCTC,0,5160372
yncEp,0.1111111111111111,8,8,ACGACGGGAATGCATCATAG,0,5155858
yncEp,0.1111111111111111,8,8,ACCTATATGGGCGCAAGAGT,0,5154686
yncEp,0.1111111111111111,8,8,ACCGTCCTCGGGTATCTACA,0,5147780
yncEp,0.1111111111111111,8,8,ACCGGCCGTCGGGGCCGCAG,0,5150004
yncEp,0.1111111111111111,8,8,ACCGCATAGGTCGTAATGAT,0,5146561
yncEp,0.1111111111111111,8,8,ACCCAGCATCTGTTCCAGAG,0,5146373
yncEp,0.1111111111111111,8,8,ACCAGCTCCTTGACTTGTAG,0,5150839
yncEp,0.1111111111111111,8,8,ACATGTACTCAAAGCATGAA,0,5146338
yncEp,0.1111111111111111,8,8,ACAGATTAACAGCCGTGTTG,0,5151945
yncEp,0.1111111111111111,8,8,ACACAGTGGGGCGACAACGT,0,5151658
yncEp,0.1111111111111111,8,8,ACAATCTTTCTCAGGCGCGC,0,5154108
yncEp,0.1111111111111111,8,8,ACAATAGTGAGCCTTAAATT,0,5158883
yncEp,0.1111111111111111,8,8,AATGCCGAGACGAAGCGGAC,0,5150666
yncEp,0.1111111111111111,8,8,AATACGCGTGCCCTTAGTAT,0,5154404
yncEp,0.1111111111111111,8,8,AAGTTCAAAATTAGCGGACC,0,5160404
yncEp,0.1111111111111111,8,8,AAGGTTATTGCCAGCCAGGT,0,5159344
yncEp,0.1111111111111111,8,8,AAGAGCGTCTGGTGGGCTTA,0,5156720
yncEp,0.1111111111111111,8,8,AAGAATTTGTCCGCAAGTAA,0,5148730
yncEp,0.1111111111111111,8,8,AACTGACCGTTAATTCTGGC,0,5156601
yncEp,0.1111111111111111,8,8,AACTAGAAGGTCCCAAACGA,0,5150783
yncEp,0.1111111111111111,8,8,AAATTGATGAGGTACTCGTA,0,5152340
yncEp,0.1111111111111111,8,8,AAATCCTTTTTAGAGCCTTC,0,5161260
yncEp,0.1111111111111111,8,8,AAAGGGGTAGCCTAAGTGAG,0,5152707
yncEp,0.1111111111111111,8,8,AAAGAAAATTACTGGGCGGT,0,5151483
yncEp,0.1111111111111111,8,8,AAAACGCGCCCGTTTGAATC,0,5154187
yncEp,0.125,7,7,TTTGGTCATTCTGGGAACGT,0,5150501
yncEp,0.125,7,7,TTTCGTCGCGAAGGGCGTGG,0,5160471
yncEp,0.125,7,7,TTCCCGGTCACTTATATCGA,0,5152448
yncEp,0.125,7,7,TTCACTCCATAGGACTACCC,0,5149554
yncEp,0.125,7,7,TTATCTGGTCGTGGGCGGCC,0,5157426
yncEp,0.125,7,7,TTATAGACCACCTGTGAACA,0,5159360
yncEp,0.125,7,7,TTAAGCATAGTACCAGCATC,0,5147560
yncEp,0.125,7,7,TGTTGGCGTAAGCCCGCGAC,0,5146553
yncEp,0.125,7,7,TGTCGGCCCTGGATATTGGT,0,5145948
yncEp,0.125,7,7,TGTCGAACCCTTTTGGTAGG,0,5147005
yncEp,0.125,7,7,TGGGAGAGATGTAACCGGGT,0,5161150
yncEp,0.125,7,7,TGGCAAACCAGTGCCTTGCG,0,5148263
yncEp,0.125,7,7,TGGAGCTTCCATCGAAAGCG,0,5160016
yncEp,0.125,7,7,TGCTTTGTAGGGTCATAAGC,0,5146417
yncEp,0.125,7,7,TGCTCATCTTAGAAGAGGTT,0,5151473
yncEp,0.125,7,7,TGCTATATTTGGGAAGTCTA,0,5152821
yncEp,0.125,7,7,TGCGCGGAGTATGAGCTTCC,0,5154259
yncEp,0.125,7,7,TGCCAATCCGTTTCGATGTA,0,5159095
yncEp,0.125,7,7,TGAGCTGTAAGGCACATGGA,0,5161077
yncEp,0.125,7,7,TCTTTCTCAGCGGCGTGACA,0,5159931
yncEp,0.125,7,7,TCTTCCGTCTATAAATTGAT,0,5148896
yncEp,0.125,7,7,TCTCGAGCCGAGGTCGCCTT,0,5156934
yncEp,0.125,7,7,TCTAAATGCGGTAAGGACAA,0,5151783
yncEp,0.125,7,7,TCGTGGGGTCAGAGGTCCGT,0,5161536
yncEp,0.125,7,7,TCGGGAGTATCGATTGGTCG,0,5147252
yncEp,0.125,7,7,TCGGCCGTATCCCATCCTTA,0,5156800
yncEp,0.125,7,7,TCGCTGCGACACTCAAATGT,0,5153749
yncEp,0.125,7,7,TCGCGCAGTCTGTTCAGAGG,0,5153680
yncEp,0.125,7,7,TCGATTACGGTACACTAAGG,0,5146809
yncEp,0.125,7,7,TCCTTGTCCCTTTTCAACTA,0,5151814
yncEp,0.125,7,7,TCCGGGCGCCAATAATGGCA,0,5156743
yncEp,0.125,7,7,TCATTCCTAGCATTTGGCGA,0,5150104
yncEp,0.125,7,7,TCAGTTGACAGCGCACATCA,0,5146734
yncEp,0.125,7,7,TCAGAGGCTTACCCAATCTG,0,5160461
yncEp,0.125,7,7,TCACTTTTTCGTAGCACGTA,0,5158752
yncEp,0.125,7,7,TCACGGTGCAGGGAGTTACA,0,5155335
yncEp,0.125,7,7,TATTCGGTCTGGCCGGCGAC,0,5146777
yncEp,0.125,7,7,TATATGGCCTTTCTCACAAC,0,5145950
yncEp,0.125,7,7,TAGGATTGGGGCAACCAGAT,0,5159198
yncEp,0.125,7,7,TAGCCACTGATTCCAGTAGT,0,5159175
yncEp,0.125,7,7,TAGCAACTCCTGACCACGTT,0,5153789
yncEp,0.125,7,7,TACCCCTACTAGGAGCCGAG,0,5148578
yncEp,0.125,7,7,TACACGTACACGATCAGACA,0,5160555
yncEp,0.125,7,7,TACAATTGCATGAGGTCGTA,0,5154451
yncEp,0.125,7,7,TAATCCGATAGGCGCATGAC,0,5161599
yncEp,0.125,7,7,TAAATAGCCCGACGACATAA,0,5162491
yncEp,0.125,7,7,TAAAAGCTCAGACTGACCAC,0,5147417
yncEp,0.125,7,7,GTTCTTTTGCACGTTTGTGG,0,5151577
yncEp,0.125,7,7,GTTACTATTGCCGCGATGGC,0,5148022
yncEp,0.125,7,7,GTGTTTTCTCAACAGTAGGT,0,5152399
yncEp,0.125,7,7,GTGTTCTGGTTCGGATATCT,0,5153022
yncEp,0.125,7,7,GTGGGTGCATTCCAGGATAC,0,5155961
yncEp,0.125,7,7,GTGGGTCCAAGGCCGCGAGA,0,5150069
yncEp,0.125,7,7,GTGGGAAGTACCCGCTTTTA,0,5146235
yncEp,0.125,7,7,GTGGCTCTCTACCCACTGTT,0,5148215
yncEp,0.125,7,7,GTGATTGGTTGCCACACAAT,0,5147867
yncEp,0.125,7,7,GTGATAAGGATCAAGCTCCT,0,5146740
yncEp,0.125,7,7,GTCTTATATAGAACGGACGA,0,5155908
yncEp,0.125,7,7,GTCATACGTGCACTCATTGC,0,5153957
yncEp,0.125,7,7,GTCAGTAGCAACTGTCTAGA,0,5146963
yncEp,0.125,7,7,GTCAAGGCTACAGGAAGCGC,0,5153707
yncEp,0.125,7,7,GTCAAATCGGGATTACAGTC,0,5150640
yncEp,0.125,7,7,GTATCGCACTCAGGAATAAC,0,5151707
yncEp,0.125,7,7,GTATAGCGGCGTTACATCAA,0,5151598
yncEp,0.125,7,7,GTATACTATGAAAAGACCAT,0,5152155
yncEp,0.125,7,7,GTAGCGATCCTAGATCTTAG,0,5160227
yncEp,0.125,7,7,GTAGAGGGGCCGAGACTCAG,0,5160549
yncEp,0.125,7,7,GTACAGGCATGCACGCTGAC,0,5147365
yncEp,0.125,7,7,GGTGTCAGAAGCAAGATCAG,0,5149266
yncEp,0.125,7,7,GGTCTCCGAGCCAACTTTTG,0,5161656
yncEp,0.125,7,7,GGTCCCTTTGTGCAACGAGC,0,5150749
yncEp,0.125,7,7,GGTCAGTAGAGTAGTTTTCA,0,5153851
yncEp,0.125,7,7,GGTATTAGTGAAACCCTTGG,0,5154706
yncEp,0.125,7,7,GGTAGTTGGAGTCTCTTTGG,0,5153750
yncEp,0.125,7,7,GGGTACATAAATTATTCGTC,0,5148045
yncEp,0.125,7,7,GGGGGCAAGTAATCGCGAGA,0,5148040
yncEp,0.125,7,7,GGGGATACCGCGTTGTCCCG,0,5151425
yncEp,0.125,7,7,GGCTGGCCCAGCCAGGTATA,0,5156280
yncEp,0.125,7,7,GGCTGCCAGGAGTCTGGCTC,0,5157956
yncEp,0.125,7,7,GGCTCACTTCCCGGCGCCAA,0,5147250
yncEp,0.125,7,7,GGCGTTGACGACCGGGGCGC,0,5156245
yncEp,0.125,7,7,GGCCGTCATAAGTTTGTGCA,0,5157736
yncEp,0.125,7,7,GGCCGAGCCGGGCACGCACC,0,5150464
yncEp,0.125,7,7,GGATTCGAGGATAGGCGCTA,0,5157802
yncEp,0.125,7,7,GGATTAGCTGCCAAGCGGGG,0,5159555
yncEp,0.125,7,7,GGAGGGTGGGTGTTTACACG,0,5151993
yncEp,0.125,7,7,GGACGTGAGCAGGGGGATAT,0,5149983
yncEp,0.125,7,7,GGACCCTTAAGCTTTTCCCT,0,5153349
yncEp,0.125,7,7,GGAATGTATTCAGATAGTGA,0,5154718
yncEp,0.125,7,7,GCTTGAATATTCAGCTCCCA,0,5156544
yncEp,0.125,7,7,GCTGTCAGCACCAACAACAA,0,5159143
yncEp,0.125,7,7,GCTGAGGCGCCGTCAAAGAG,0,5148525
yncEp,0.125,7,7,GCTAGTTAAGGCTAGGCCGG,0,5147605
yncEp,0.125,7,7,GCTAGGATTGACCCCATTGT,0,5155556
yncEp,0.125,7,7,GCGTTGCATATTAGGTTGCG,0,5146901
yncEp,0.125,7,7,GCGTATGACGGACAGCCTGC,0,5150014
yncEp,0.125,7,7,GCGCAACTCCGACAGTTGCA,0,5148272
yncEp,0.125,7,7,GCGATTATGCTATGGTTGGC,0,5161981
yncEp,0.125,7,7,GCGAGCATGGTTAGAACCGT,0,5150157
yncEp,0.125,7,7,GCCCTGAATAGTAGGGAGCC,0,5156995
yncEp,0.125,7,7,GCCCCCAGCAAATGGCAAGG,0,5151944
yncEp,0.125,7,7,GCCAATGCGAGCGGTAATCA,0,5158926
yncEp,0.125,7,7,GCCAACCTATAGGGACCCCA,0,5159205
yncEp,0.125,7,7,GCATTTGCCTATCCGAAGAG,0,5159758
yncEp,0.125,7,7,GCAGATTATCTGGACATCCT,0,5160410
yncEp,0.125,7,7,GCACCTAGTCCGGTTAGGAT,0,5146904
yncEp,0.125,7,7,GCAAGTGCTACGGCATCCAT,0,5147103
yncEp,0.125,7,7,GATTGTTTCTAGCTCTGGCC,0,5155327
yncEp,0.125,7,7,GATGGCCCTGGATCATAACT,0,5147419
yncEp,0.125,7,7,GATCCTCAATTATGGAGGTA,0,5150011
yncEp,0.125,7,7,GATCCCATCCTCAGCGGGAT,0,5155572
yncEp,0.125,7,7,GATCAAAAAGACGGGTTAAC,0,5161545
yncEp,0.125,7,7,GATATCTCATACTTTCTATT,0,5149108
yncEp,0.125,7,7,GATAATGGGGGTATAACCAT,0,5145770
yncEp,0.125,7,7,GATAACTGACGCTGTCATCT,0,5155694
yncEp,0.125,7,7,GAGTGTCTCTTCCGGGAGGA,0,5153965
yncEp,0.125,7,7,GAGTACTCGGGGGATCGTGT,0,5156807
yncEp,0.125,7,7,GAGTAACAGGCCGCAAATAT,0,5154075
yncEp,0.125,7,7,GAGCAGTCGGCCCCAGTGTA,0,5162130
yncEp,0.125,7,7,GACTTGCCTTTGGCCGTTCT,0,5152510
yncEp,0.125,7,7,GACTTCCTGTCAATTAGGAA,0,5154891
yncEp,0.125,7,7,GAATTACACATGCGTTGGCT,0,5149767
yncEp,0.125,7,7,GAATAAAGTTTGTGTTGCGA,0,5156991
yncEp,0.125,7,7,GAAATGTGGCCAGAGCTAAG,0,5160123
yncEp,0.125,7,7,CTTGGCTCGTGTCCTCATAA,0,5153817
yncEp,0.125,7,7,CTTCGACCATATGGTTGATA,0,5159074
yncEp,0.125,7,7,CTTCCATCTAGACCGCGGGT,0,5158802
yncEp,0.125,7,7,CTGGCATCCGGTCACACATG,0,5151871
yncEp,0.125,7,7,CTGCCTGCGCATACACGTCG,0,5154553
yncEp,0.125,7,7,CTGATCAGGTGGTGCACTAT,0,5152303
yncEp,0.125,7,7,CTGACAGTAAATTGGCACAC,0,5156982
yncEp,0.125,7,7,CTGAAACTCAATAGCGCTGA,0,5151921
yncEp,0.125,7,7,CTCCTGTGTCTTCGACTTCA,0,5161772
yncEp,0.125,7,7,CTCCCGGGTAGGGCAAGATA,0,5155215
yncEp,0.125,7,7,CTATCGTTTGATTGTGACCT,0,5151188
yncEp,0.125,7,7,CTAGGTTTTTTGGGGCACTT,0,5155253
yncEp,0.125,7,7,CTAGCACCGTCGCAGCCATA,0,5159942
yncEp,0.125,7,7,CTACGGACGTGCCCAAGCAG,0,5160955
yncEp,0.125,7,7,CGTTTTGCCTTTTTTGTTCG,0,5148252
yncEp,0.125,7,7,CGTAACGTAGCTGTATGAAC,0,5158847
yncEp,0.125,7,7,CGGTGACGTAGATCATCCAA,0,5158054
yncEp,0.125,7,7,CGGGAGTCTTACCGTTGAAG,0,5148633
yncEp,0.125,7,7,CGGGAATCATCGCGTGGTAT,0,5148718
yncEp,0.125,7,7,CGGAGGGCGTTTGGCGTGAT,0,5150568
yncEp,0.125,7,7,CGCTAACAAATCTTACACAA,0,5162284
yncEp,0.125,7,7,CGCGGCGGTGTTTGGCAGAT,0,5152215
yncEp,0.125,7,7,CGCCATTGATAACAAGAAAG,0,5147263
yncEp,0.125,7,7,CGATGTCTCAGTCCGTATCG,0,5150128
yncEp,0.125,7,7,CGAGGATCAGGTGGGCTTCG,0,5147009
yncEp,0.125,7,7,CGACTACAAATATTCCGAAA,0,5149090
yncEp,0.125,7,7,CGACCTCTCCATGTATTGAA,0,5155865
yncEp,0.125,7,7,CGAACAGGGGCCTGACTCCT,0,5152728
yncEp,0.125,7,7,CCTACGTAGGCAAATGTTTT,0,5147379
yncEp,0.125,7,7,CCGGTCCTAAAAAGCTCCCC,0,5147272
yncEp,0.125,7,7,CCGGGAAGGGCAAGCTCTTT,0,5148119
yncEp,0.125,7,7,CCGCGTGCAAAAGTTAGGTC,0,5160295
yncEp,0.125,7,7,CCGATATAGTTTAGATAATA,0,5147073
yncEp,0.125,7,7,CCCAATAGCGTGGTGGTGTT,0,5157523
yncEp,0.125,7,7,CCATTATTTTCGGCCCGGCC,0,5156482
yncEp,0.125,7,7,CCAACCGACTCATCAAGGGA,0,5158800
yncEp,0.125,7,7,CCAAACATGCACTACTCGAT,0,5157039
yncEp,0.125,7,7,CATTTCCCGGTGCCCGGGGA,0,5155535
yncEp,0.125,7,7,CATTTACGTAGTTCGAGCTG,0,5148620
yncEp,0.125,7,7,CATAGCGGAGTAATCTTAAA,0,5151125
yncEp,0.125,7,7,CATAAACCTATTCGTAACAC,0,5154720
yncEp,0.125,7,7,CAGTGTGGTAGATGAGGACA,0,5158688
yncEp,0.125,7,7,CAGGGCCTTCCGAATCTAAA,0,5148084
yncEp,0.125,7,7,CAGGGAAAAAATCATAAAAA,0,5160551
yncEp,0.125,7,7,CAGGACAAATGGATACTCTT,0,5151627
yncEp,0.125,7,7,CAGCCTGACTGTCACTTTTC,0,5146850
yncEp,0.125,7,7,CAGCCCCGGAAGCAGCGGAA,0,5157933
yncEp,0.125,7,7,CAGAATTCGTTCTGAGAGTA,0,5146096
yncEp,0.125,7,7,CAGAAGAAGCCGGTCCTTAA,0,5155723
yncEp,0.125,7,7,CACAGCACGATGAGTCAACA,0,5154142
yncEp,0.125,7,7,CAATTTGGAGGAACCGGACA,0,5154423
yncEp,0.125,7,7,CAATTTCTGGTGCGTCATTG,0,5146778
yncEp,0.125,7,7,CAAGGGGAAATTTAAAATGT,0,5151974
yncEp,0.125,7,7,CAAGAGGAGTATGACAGTTC,0,5153169
yncEp,0.125,7,7,CAAGAAGGAATCAAACACAC,0,5148610
yncEp,0.125,7,7,CAAAGATTCTTAGCACGGTC,0,5151073
yncEp,0.125,7,7,CAAAATCTCTCACGAGCCCA,0,5157755
yncEp,0.125,7,7,ATTTCCATCATGCCACTCGT,0,5157271
yncEp,0.125,7,7,ATGTAAGGGCTAGCAATTGG,0,5152217
yncEp,0.125,7,7,ATGGAATAACGTTTATGAAC,0,5149731
yncEp,0.125,7,7,ATGCAATTCTAATCCCAAGG,0,5156390
yncEp,0.125,7,7,ATGAGCGTAGACCTCCCATT,0,5160846
yncEp,0.125,7,7,ATGACGTCAACTAACATCCT,0,5155921
yncEp,0.125,7,7,ATGAAGCAGAACAATGCCCG,0,5146795
yncEp,0.125,7,7,ATATTGTCCCAATTCGAATT,0,5158311
yncEp,0.125,7,7,ATAGGCTCCTCCACAGCTAT,0,5161162
yncEp,0.125,7,7,ATAGGCGGTGAGTGCGACAG,0,5147772
yncEp,0.125,7,7,ATACGGTAACGTATTGAGTA,0,5158497
yncEp,0.125,7,7,ATACGCCGTCGATTTGTTTG,0,5157720
yncEp,0.125,7,7,ATAAACTCCGGTAGCATTTT,0,5150579
yncEp,0.125,7,7,AGTTTTACATTCGGCCCGTC,0,5151806
yncEp,0.125,7,7,AGTTGGTCCCTTCAATCAGA,0,5156737
yncEp,0.125,7,7,AGTTAGTCGTTTGGTTGCAT,0,5155268
yncEp,0.125,7,7,AGTCGATGAGTCTAGCCACT,0,5151503
yncEp,0.125,7,7,AGTCCGATGGCCTTCACCCG,0,5148319
yncEp,0.125,7,7,AGTCCCATGTGGGTATGTGC,0,5160176
yncEp,0.125,7,7,AGTAGCCCTCACAGAACCGC,0,5152179
yncEp,0.125,7,7,AGGTGTTAGCCGGGTTTGCA,0,5153939
yncEp,0.125,7,7,AGGTAGTTATGATCCAGAGA,0,5162308
yncEp,0.125,7,7,AGGGGTTAGGTGCTGCGTCC,0,5151514
yncEp,0.125,7,7,AGGCATACCATAACAAGGGT,0,5159528
yncEp,0.125,7,7,AGGAGGTCATATATTGATGC,0,5158818
yncEp,0.125,7,7,AGGAGGGCCATACTCCAAGT,0,5159252
yncEp,0.125,7,7,AGGACCCAACGCCCCTATTT,0,5162114
yncEp,0.125,7,7,AGCTGGCCGATTCCACCAAT,0,5153178
yncEp,0.125,7,7,AGCTGGCCCCTCCTCTGGTG,0,5154687
yncEp,0.125,7,7,AGCATGTAGGGTCGTGTCGC,0,5146224
yncEp,0.125,7,7,AGCACAAGCTAGCCTGTTCC,0,5159224
yncEp,0.125,7,7,AGACCTAGTTTCATTGTCTC,0,5156548
yncEp,0.125,7,7,AGACCAACCACGGGTAGGCA,0,5160124
yncEp,0.125,7,7,AGACAGGACCCGTGACCGTT,0,5162563
yncEp,0.125,7,7,AGAATCGTTGCTGCTCAGTC,0,5151820
yncEp,0.125,7,7,AGAACCAGGGGACCCGACGA,0,5161316
yncEp,0.125,7,7,ACTTGAGAGTCACAGGTGAT,0,5157509
yncEp,0.125,7,7,ACTCTTTTGCCGGCCTCTTC,0,5146828
yncEp,0.125,7,7,ACTACGTGAAACTGCTTCGA,0,5150084
yncEp,0.125,7,7,ACGTGCGATGTTGTGACAAA,0,5147981
yncEp,0.125,7,7,ACGTGAAGGTGAACTATGTC,0,5150938
yncEp,0.125,7,7,ACGTAATGGCGCACCTTACA,0,5157606
yncEp,0.125,7,7,ACGGGCTATTCTCTTGCTAT,0,5154513
yncEp,0.125,7,7,ACGCAACGCCGCGCGACCTG,0,5157087
yncEp,0.125,7,7,ACCTCCCGTGCGAACAACTT,0,5158960
yncEp,0.125,7,7,ACCCTCTCTAGTAACGAGGA,0,5152427
yncEp,0.125,7,7,ACCCCAGAGATGGAACAGAC,0,5159484
yncEp,0.125,7,7,ACCCAGTTGAATGAATGTGG,0,5146622
yncEp,0.125,7,7,ACACGTCTTATATAGTGCAT,0,5160710
yncEp,0.125,7,7,ACACGAAATTGGACAACTAA,0,5146098
yncEp,0.125,7,7,ACAAGGTACGCCAAAATAGG,0,5147435
yncEp,0.125,7,7,AATTCCTGCTCTGTGACTGA,0,5157945
yncEp,0.125,7,7,AATGGCTAGGTCGGGGCTTC,0,5153862
yncEp,0.125,7,7,AATGGAGCGGGCGCGTGCTG,0,5145855
yncEp,0.125,7,7,AAGGGTGTCACCGGGTGCAG,0,5150553
yncEp,0.125,7,7,AAGGGACGTCTGCTTCGAAA,0,5147938
yncEp,0.125,7,7,AAGCGCTTCCGATACTCCGA,0,5148335
yncEp,0.125,7,7,AAGAGCGCAATCGCTAGGCC,0,5152362
yncEp,0.125,7,7,AACGGCGCAAGTCCAGACAG,0,5156031
yncEp,0.125,7,7,AACCAAGACGGCGCAGATTG,0,5159940
yncEp,0.125,7,7,AACAGTAGATAGTTATTACT,0,5158854
yncEp,0.125,7,7,AAAGGTAACATCTAATTGCA,0,5155404
yncEp,0.125,7,7,AAAGCGAGACCAGTACTACA,0,5149463
yncEp,0.125,7,7,AAAGCAACGCTTCGTCTGCT,0,5146509
yncEp,0.14285714285714285,6,6,TTTTGATTGAGGTGCGGTTA,0,5146682
yncEp,0.14285714285714285,6,6,TTTGGCCCCGTAGTGTGGTT,0,5150379
yncEp,0.14285714285714285,6,6,TTTCGGCCTCCAGATATTTT,0,5150688
yncEp,0.14285714285714285,6,6,TTTCGCTTCTGTCATGCCTG,0,5149810
yncEp,0.14285714285714285,6,6,TTGTACGGTCAACACTTTCC,0,5155817
yncEp,0.14285714285714285,6,6,TTGCGTTGTCTGAATTATGG,0,5154512
yncEp,0.14285714285714285,6,6,TTGAAGCAGCTTCACTTGCT,0,5147395
yncEp,0.14285714285714285,6,6,TTCGCTGATGGAAACCAGAA,0,5150114
yncEp,0.14285714285714285,6,6,TTCGCTGAAATCCCCGCTGG,0,5158919
yncEp,0.14285714285714285,6,6,TTCCCCGTTAAAGCCGCCCA,0,5162374
yncEp,0.14285714285714285,6,6,TTCATAGTCCGGAGTCTCGC,0,5151714
yncEp,0.14285714285714285,6,6,TTATTAGTATTCTGCCTGCT,0,5150125
yncEp,0.14285714285714285,6,6,TTAGTGATGAGAGTATTAAC,0,5147057
yncEp,0.14285714285714285,6,6,TTAGATTGTACCGTTATTAA,0,5150265
yncEp,0.14285714285714285,6,6,TTACATTGTAGAGATAGTTC,0,5161439
yncEp,0.14285714285714285,6,6,TTAACATGTAATAAGCCGAA,0,5159001
yncEp,0.14285714285714285,6,6,TGTTCGATGGAGACCGAGGT,0,5149567
yncEp,0.14285714285714285,6,6,TGTATGAGGGCCAATAAGCG,0,5149589
yncEp,0.14285714285714285,6,6,TGTAGTAGTACCACTTGATT,0,5160819
yncEp,0.14285714285714285,6,6,TGGTTGCACTCCAGGGGCTC,0,5146247
yncEp,0.14285714285714285,6,6,TGGTTAGAACACATTTTTGG,0,5147401
yncEp,0.14285714285714285,6,6,TGGTGTATTCCTAAAGCTGA,0,5161131
yncEp,0.14285714285714285,6,6,TGGGATAGAGTTATCGGAGA,0,5150405
yncEp,0.14285714285714285,6,6,TGGCGCGATGCAGTTATAGG,0,5155546
yncEp,0.14285714285714285,6,6,TGGCAGCATTGGGGTTCTCC,0,5161783
yncEp,0.14285714285714285,6,6,TGGATCCACGGGTCACTGCA,0,5160848
yncEp,0.14285714285714285,6,6,TGGAGGGGCCTAGTACCCAT,0,5159121
yncEp,0.14285714285714285,6,6,TGGAGGGCTAAAGGTAGCCT,0,5158579
yncEp,0.14285714285714285,6,6,TGCTGAGACCTCAGTGTGAT,0,5153697
yncEp,0.14285714285714285,6,6,TGCTCCCGTTCATTCAGCAA,0,5158686
yncEp,0.14285714285714285,6,6,TGCCCGCACATTTAAAAGGT,0,5157101
yncEp,0.14285714285714285,6,6,TGCACGAGAGGGAATAACAG,0,5159515
yncEp,0.14285714285714285,6,6,TGATTACAGCGTGCGCCTGC,0,5149426
yncEp,0.14285714285714285,6,6,TGATGTAGTAAACAATCCCG,0,5151439
yncEp,0.14285714285714285,6,6,TGAGTCGCCTGCTTAATTCA,0,5154916
yncEp,0.14285714285714285,6,6,TGAGTCCCACACAGTCTACA,0,5151690
yncEp,0.14285714285714285,6,6,TGAGTATACGGCCTCGGCAA,0,5151649
yncEp,0.14285714285714285,6,6,TGAGAAGGAGGATTGCGTCA,0,5157714
yncEp,0.14285714285714285,6,6,TGACGGTCGGTCGCGCCGGA,0,5151394
yncEp,0.14285714285714285,6,6,TGAACCAGGAACTGCTAAAT,0,5146544
yncEp,0.14285714285714285,6,6,TCTTAAGGAGCTGTTTAATC,0,5150876
yncEp,0.14285714285714285,6,6,TCTGTTAGCAAGACTCGGCT,0,5152187
yncEp,0.14285714285714285,6,6,TCTGGCGAGGTCAGCAGACT,0,5156490
yncEp,0.14285714285714285,6,6,TCTGGCCGGCTGGGGAAGAT,0,5150515
yncEp,0.14285714285714285,6,6,TCTGGCAACTAGACAAGACT,0,5154896
yncEp,0.14285714285714285,6,6,TCTCGTACGGATGGCAGTAC,0,5155693
yncEp,0.14285714285714285,6,6,TCTCCCACCGTTACCGGATC,0,5155647
yncEp,0.14285714285714285,6,6,TCGTGCTCCCGCATGTGGAG,0,5152551
yncEp,0.14285714285714285,6,6,TCGTCCCGTAAAGCTCGGTC,0,5148225
yncEp,0.14285714285714285,6,6,TCGCGGTACAGCCCCAATCG,0,5159679
yncEp,0.14285714285714285,6,6,TCGAAGGACACCCTGTGCTA,0,5155169
yncEp,0.14285714285714285,6,6,TCCTCTTGTGAGAGATATCT,0,5157978
yncEp,0.14285714285714285,6,6,TCCTAATCTAGCCAAACTTG,0,5155771
yncEp,0.14285714285714285,6,6,TCCCGGTGGACTGTGGTGAG,0,5155654
yncEp,0.14285714285714285,6,6,TCATGAACTGCACTGTTATG,0,5158597
yncEp,0.14285714285714285,6,6,TATTCACGGGCTAGGATTTC,0,5151695
yncEp,0.14285714285714285,6,6,TATTATGTTTGGTATACTAC,0,5151891
yncEp,0.14285714285714285,6,6,TATATACAACTGGCCAATCA,0,5162123
yncEp,0.14285714285714285,6,6,TAGCACCTATCGTCGAGAGT,0,5161477
yncEp,0.14285714285714285,6,6,TAGATAGCCGAGCGTAAGTA,0,5156754
yncEp,0.14285714285714285,6,6,TACGGCGGGAATAGAAGCCT,0,5156425
yncEp,0.14285714285714285,6,6,TACATTGTGGGACGGGGTCT,0,5149116
yncEp,0.14285714285714285,6,6,TAATGGTAGTCAATGTTAAC,0,5156476
yncEp,0.14285714285714285,6,6,TAATGGAACGAGCAGAGAGT,0,5152275
yncEp,0.14285714285714285,6,6,TAACTTGGCCTGGTACAGCT,0,5155005
yncEp,0.14285714285714285,6,6,TAACTTGCGATAATTGGGGG,0,5149351
yncEp,0.14285714285714285,6,6,TAACGAGACGGTCTTCGCTA,0,5153929
yncEp,0.14285714285714285,6,6,TAACCGGCCGAATCTTGCGG,0,5159284
yncEp,0.14285714285714285,6,6,TAACACACATCTGCCTTTGG,0,5148783
yncEp,0.14285714285714285,6,6,GTTTGTGTAACTTAACTGTA,0,5156076
yncEp,0.14285714285714285,6,6,GTTTCATTGATTCCTAGACG,0,5151632
yncEp,0.14285714285714285,6,6,GTTTATACGATTTACTCCGA,0,5154191
yncEp,0.14285714285714285,6,6,GTTGCGCAAGATGGGTCTCA,0,5158310
yncEp,0.14285714285714285,6,6,GTTCACCTTGGGGAAGACGG,0,5152541
yncEp,0.14285714285714285,6,6,GTTAGCAAAATTAAATGGTT,0,5145846
yncEp,0.14285714285714285,6,6,GTTACCGAAGCTGATTCTTC,0,5148866
yncEp,0.14285714285714285,6,6,GTTACCACGATTTTTGTTTC,0,5150317
yncEp,0.14285714285714285,6,6,GTGTTCGGGCCTCTATTAAT,0,5147183
yncEp,0.14285714285714285,6,6,GTGTACCGCTGAGGTGGCAC,0,5149793
yncEp,0.14285714285714285,6,6,GTGGGCGGGAAAACTGTTAC,0,5154990
yncEp,0.14285714285714285,6,6,GTGGCTAAATCGGTTCGCGT,0,5157030
yncEp,0.14285714285714285,6,6,GTGCGGCGTGGCGAAAATTC,0,5150077
yncEp,0.14285714285714285,6,6,GTGCATGAGTCAACGAAACA,0,5151489
yncEp,0.14285714285714285,6,6,GTGAGCGACGGCGGCAAGAA,0,5158275
yncEp,0.14285714285714285,6,6,GTGAATATCGAACAAGGCCA,0,5160897
yncEp,0.14285714285714285,6,6,GTCGGTCGGGCGAGGAATCT,0,5162383
yncEp,0.14285714285714285,6,6,GTCCTCTACACTACCCAGAT,0,5153100
yncEp,0.14285714285714285,6,6,GTCCTATAAGCCTCCGGTCG,0,5155789
yncEp,0.14285714285714285,6,6,GTCAGCCGCGATTAACCAGT,0,5149343
yncEp,0.14285714285714285,6,6,GTCACTCCTGCTCGTTCTGT,0,5151345
yncEp,0.14285714285714285,6,6,GTAGTTGAAGTGACATCAGT,0,5151418
yncEp,0.14285714285714285,6,6,GTAGGTCTGCTTGTTCGCGA,0,5146701
yncEp,0.14285714285714285,6,6,GTAGACCTTTTTGTGATGCC,0,5152494
yncEp,0.14285714285714285,6,6,GTACACTCCGAATATACTGC,0,5152091
yncEp,0.14285714285714285,6,6,GTACACATTCTGACCACTCA,0,5156296
yncEp,0.14285714285714285,6,6,GTAATATACGTTGGACCCAT,0,5148163
yncEp,0.14285714285714285,6,6,GGTTGGATCCGCGAAATGGG,0,5159209
yncEp,0.14285714285714285,6,6,GGTCATGTAGACATATACTC,0,5151561
yncEp,0.14285714285714285,6,6,GGTAGGTTCCAGCCAGGGGA,0,5158073
yncEp,0.14285714285714285,6,6,GGGTGGATCCGTAAGGCTCC,0,5149520
yncEp,0.14285714285714285,6,6,GGGGGTGTGAGCCCAGCGGT,0,5149859
yncEp,0.14285714285714285,6,6,GGGGGAGGGATTTTACGAGG,0,5156131
yncEp,0.14285714285714285,6,6,GGGCGAACAGGCGTCCCGAC,0,5152385
yncEp,0.14285714285714285,6,6,GGGCCTCTTGCAAGTAGTAG,0,5151800
yncEp,0.14285714285714285,6,6,GGGAGGCTTCAAACGCGTTT,0,5154216
yncEp,0.14285714285714285,6,6,GGCTAATTCATATTAATGAG,0,5151230
yncEp,0.14285714285714285,6,6,GGCGCGCGTGTTACGCAGTG,0,5150482
yncEp,0.14285714285714285,6,6,GGAGGCTGTCTGTTACATTT,0,5159414
yncEp,0.14285714285714285,6,6,GCTTCGCAAACCCAGAACGC,0,5149976
yncEp,0.14285714285714285,6,6,GCTTCAGCGAAGAGTGTAAT,0,5155292
yncEp,0.14285714285714285,6,6,GCGACCAAACGCTCAGGGAC,0,5147140
yncEp,0.14285714285714285,6,6,GCCTCATTTGTGGGCCACCT,0,5153269
yncEp,0.14285714285714285,6,6,GCATGATGCCCGCGGGTATG,0,5147976
yncEp,0.14285714285714285,6,6,GCAGGCCTGTTAAAATGGGT,0,5150289
yncEp,0.14285714285714285,6,6,GCAGCTGAGCAAGAGGCGTT,0,5146488
yncEp,0.14285714285714285,6,6,GCAAGGACCGAAGGTGTCCT,0,5154821
yncEp,0.14285714285714285,6,6,GATTTGGGATGTAGAGCAAG,0,5154053
yncEp,0.14285714285714285,6,6,GATTTCACGTGCCATTGAGC,0,5153407
yncEp,0.14285714285714285,6,6,GATTCTTAGTAAGGCTCTGT,0,5160571
yncEp,0.14285714285714285,6,6,GATTCACGCGGTGTCATGCG,0,5147911
yncEp,0.14285714285714285,6,6,GATGGAGTATCAGCATAGGA,0,5151546
yncEp,0.14285714285714285,6,6,GATAATTCAAGGCGAAAGCA,0,5156363
yncEp,0.14285714285714285,6,6,GATAATGCGACCACTGTTGT,0,5148333
yncEp,0.14285714285714285,6,6,GATAATAGTCACTCATGGTA,0,5148757
yncEp,0.14285714285714285,6,6,GATAAGAGTGCGTTCACCAA,0,5156477
yncEp,0.14285714285714285,6,6,GAGTGGAAATGATAAAATGT,0,5153640
yncEp,0.14285714285714285,6,6,GAGGGAGGGTGTTAAAGCCT,0,5149416
yncEp,0.14285714285714285,6,6,GAGCGTGCGCTGGAGGTGCT,0,5147058
yncEp,0.14285714285714285,6,6,GAGCGACCTGGGATCTATAT,0,5146492
yncEp,0.14285714285714285,6,6,GAGCACGGTACGAGGTTTCC,0,5147689
yncEp,0.14285714285714285,6,6,GAGAGGGGCGGTCTTCGCGG,0,5156983
yncEp,0.14285714285714285,6,6,GACTTATTTGGGTTGCTTGA,0,5148345
yncEp,0.14285714285714285,6,6,GACTGGGCCTCGTGGGGAAC,0,5151834
yncEp,0.14285714285714285,6,6,GACTCCTCCTGCGCGCGTTA,0,5152681
yncEp,0.14285714285714285,6,6,GACTCCAACGAAATCGCTTC,0,5157162
yncEp,0.14285714285714285,6,6,GACGTAGAGAAGCAGGAACG,0,5147101
yncEp,0.14285714285714285,6,6,GACCCGAATCGCTTTAGTTA,0,5150679
yncEp,0.14285714285714285,6,6,GAATTAAGATTTGTAGCTCC,0,5149400
yncEp,0.14285714285714285,6,6,GAATAAAAAGCTATTACAGC,0,5156794
yncEp,0.14285714285714285,6,6,GAAGGTGATCTGAAGTCACG,0,5148703
yncEp,0.14285714285714285,6,6,GAACCAAAGAGATGGACGGC,0,5154708
yncEp,0.14285714285714285,6,6,GAAAGCGCTCAGAACCTGAG,0,5152017
yncEp,0.14285714285714285,6,6,CTTTTCGAGTGGTGGGCGTC,0,5152603
yncEp,0.14285714285714285,6,6,CTTTGGATTTCCCTTTCTTC,0,5149937
yncEp,0.14285714285714285,6,6,CTTTGGATTGGCAAATGCTG,0,5160292
yncEp,0.14285714285714285,6,6,CTTACGGTCTGTAGCTCGTG,0,5158699
yncEp,0.14285714285714285,6,6,CTGGTTGCGTCATGGCGCCG,0,5158248
yncEp,0.14285714285714285,6,6,CTGGCTGGCCCTCATTCTGC,0,5158292
yncEp,0.14285714285714285,6,6,CTCTCCCCATTATGCGAGGC,0,5156289
yncEp,0.14285714285714285,6,6,CTCGGGCAAGTTGGTGGAAA,0,5153003
yncEp,0.14285714285714285,6,6,CTCGCAGGTATACAAGCTGT,0,5150596
yncEp,0.14285714285714285,6,6,CTCCTGAGCAAAGACCTGTC,0,5146702
yncEp,0.14285714285714285,6,6,CTCAGACTCAGTCACGATAC,0,5146590
yncEp,0.14285714285714285,6,6,CTCACGTCCGGGCTACGCAG,0,5157392
yncEp,0.14285714285714285,6,6,CTAGCTTTCCAAACTCCTAA,0,5147232
yncEp,0.14285714285714285,6,6,CTACTGTTGCAGGTCTCGCA,0,5159169
yncEp,0.14285714285714285,6,6,CTACGAGCCTCAATCCCGCA,0,5150974
yncEp,0.14285714285714285,6,6,CTACCGACCGTTGTTCCCGT,0,5152387
yncEp,0.14285714285714285,6,6,CTACACGGTATAACATTAGT,0,5161779
yncEp,0.14285714285714285,6,6,CTAATGGCGACAGAACCAAT,0,5153044
yncEp,0.14285714285714285,6,6,CTAATAGCGCTGTGGTAATA,0,5146184
yncEp,0.14285714285714285,6,6,CTAAAAATGAAGGAGTTCGT,0,5161751
yncEp,0.14285714285714285,6,6,CGTTGTCACAAGCAGGTCGT,0,5148181
yncEp,0.14285714285714285,6,6,CGTGGCCCGCCTCTTGAGTA,0,5146163
yncEp,0.14285714285714285,6,6,CGTGGACGAGCGACACCTAA,0,5157868
yncEp,0.14285714285714285,6,6,CGTACGTCTCAAGAGTTTAA,0,5156744
yncEp,0.14285714285714285,6,6,CGTACATATGAACTCGCAAA,0,5156621
yncEp,0.14285714285714285,6,6,CGGCGACCGTCTGCTCTGGA,0,5147751
yncEp,0.14285714285714285,6,6,CGGCAGCCCTGCATGGGTAC,0,5154099
yncEp,0.14285714285714285,6,6,CGGAAGGGCCGTCTGTGTAG,0,5153514
yncEp,0.14285714285714285,6,6,CGCTGTGTTTAGACCGTATA,0,5159491
yncEp,0.14285714285714285,6,6,CGCCGTTGAATTGACTACGT,0,5156876
yncEp,0.14285714285714285,6,6,CGCCCGCTCTGTTCATCAAT,0,5154900
yncEp,0.14285714285714285,6,6,CGCAGTAGGCTAACCTCGAA,0,5152963
yncEp,0.14285714285714285,6,6,CGATTGCTGAGCAAATGAAG,0,5157313
yncEp,0.14285714285714285,6,6,CGAGTCATTTGTTTCAAGAT,0,5153766
yncEp,0.14285714285714285,6,6,CGAGTCACACGACACCGAAA,0,5154129
yncEp,0.14285714285714285,6,6,CGAGGAGGCTATACACGGTC,0,5150403
yncEp,0.14285714285714285,6,6,CGACACGGTTGTTGCGACAA,0,5150922
yncEp,0.14285714285714285,6,6,CGAAGGAGGTCAAGACTTGA,0,5160133
yncEp,0.14285714285714285,6,6,CCTTCCATGACTCTAGGATC,0,5147478
yncEp,0.14285714285714285,6,6,CCTGATTTTTTTTAAACTCG,0,5148634
yncEp,0.14285714285714285,6,6,CCTGAACTTTAGAAAATTAT,0,5162216
yncEp,0.14285714285714285,6,6,CCTGAACCCAGGCAACACAT,0,5147582
yncEp,0.14285714285714285,6,6,CCTCTTTGTCGTAATATGCA,0,5156935
yncEp,0.14285714285714285,6,6,CCTCCCTATGTGGCTTGTAT,0,5155824
yncEp,0.14285714285714285,6,6,CCTCCACGCGGATTTCGTGG,0,5159079
yncEp,0.14285714285714285,6,6,CCGGCACGGGGAAGAATAAT,0,5156416
yncEp,0.14285714285714285,6,6,CCGCTCGCCTTGCGAGTTGG,0,5161151
yncEp,0.14285714285714285,6,6,CCGCGTGAACTGACATCCAG,0,5147581
yncEp,0.14285714285714285,6,6,CCGCCCGTGAATGAGCAGAA,0,5161704
yncEp,0.14285714285714285,6,6,CCGATATAAGGCAATCCCGG,0,5151981
yncEp,0.14285714285714285,6,6,CCGACGAACCGTTCCTACAA,0,5148262
yncEp,0.14285714285714285,6,6,CCGAACTCCGGATTGAGATG,0,5151256
yncEp,0.14285714285714285,6,6,CCCTAGACTTTAAGAAGTCA,0,5151372
yncEp,0.14285714285714285,6,6,CCCCAGCCTTTAATTGACCT,0,5155488
yncEp,0.14285714285714285,6,6,CCCCAAAGGCACCTGTTCCT,0,5156298
yncEp,0.14285714285714285,6,6,CCAGTGGCTTGTCTACCCTC,0,5160006
yncEp,0.14285714285714285,6,6,CCAGAAGACACCCCGTGCGT,0,5161266
yncEp,0.14285714285714285,6,6,CATGAAGGGACCGGTAGTGG,0,5149886
yncEp,0.14285714285714285,6,6,CATAGGTCCCCGTTGTCAGC,0,5145946
yncEp,0.14285714285714285,6,6,CATAGATGTACGTATTGATC,0,5156576
yncEp,0.14285714285714285,6,6,CATACGTGTCAGTGCGTCGA,0,5160692
yncEp,0.14285714285714285,6,6,CAGTCGAGCATAATGCATGG,0,5156950
yncEp,0.14285714285714285,6,6,CAGGTCATAGCGCAATATGC,0,5159947
yncEp,0.14285714285714285,6,6,CAGCCGTGGTCCAGCATTAG,0,5155672
yncEp,0.14285714285714285,6,6,CAGACCATATGCGGCTGGCG,0,5150312
yncEp,0.14285714285714285,6,6,CACTGGTTGTAATTCCCGGA,0,5162105
yncEp,0.14285714285714285,6,6,CACCCGATTTAAGTTAGTGG,0,5160614
yncEp,0.14285714285714285,6,6,CACAGTGGAACCCGCGCAGA,0,5150257
yncEp,0.14285714285714285,6,6,CACAATCTCCAATGTAGTAT,0,5146363
yncEp,0.14285714285714285,6,6,CAATGGCTTTCAGGGGTGCT,0,5146022
yncEp,0.14285714285714285,6,6,CAAGAGCGACCCGCCACCAT,0,5162621
yncEp,0.14285714285714285,6,6,CAAGACTGCATGCAAAGATT,0,5157146
yncEp,0.14285714285714285,6,6,CAACTTTTTCGGGACTATCT,0,5154302
yncEp,0.14285714285714285,6,6,CAAATTATGTTTACAGCGAC,0,5150693
yncEp,0.14285714285714285,6,6,CAAATAATGTTATACCGGAC,0,5155527
yncEp,0.14285714285714285,6,6,ATTTTTTATGTCCAGAGTGA,0,5147674
yncEp,0.14285714285714285,6,6,ATTTGTGCATTGGGGGTAAG,0,5162204
yncEp,0.14285714285714285,6,6,ATTGCGTCGATTAGTCGGAT,0,5153777
yncEp,0.14285714285714285,6,6,ATTGAGAACAGGTTGCGAGC,0,5151833
yncEp,0.14285714285714285,6,6,ATTCCGAACTCGAACGCAGA,0,5154926
yncEp,0.14285714285714285,6,6,ATTAGCTGTGTCTGGACAAC,0,5159013
yncEp,0.14285714285714285,6,6,ATGTGCCTGCTTAGTTATCA,0,5146380
yncEp,0.14285714285714285,6,6,ATGTGATGCCTTTCGCGCAA,0,5160335
yncEp,0.14285714285714285,6,6,ATGTCATGAAGAAAGTCGCT,0,5148911
yncEp,0.14285714285714285,6,6,ATGTAGACTACACAGCCATG,0,5159472
yncEp,0.14285714285714285,6,6,ATGGTGGCCATAAGTAGAGT,0,5158678
yncEp,0.14285714285714285,6,6,ATCGTATGGGCAATCGCGGA,0,5149427
yncEp,0.14285714285714285,6,6,ATCGATCGATCCAGCCCAGC,0,5149133
yncEp,0.14285714285714285,6,6,ATCGAGAACGGGGGCCTCTA,0,5147322
yncEp,0.14285714285714285,6,6,ATCCTTAGTAGGAAAAGTAG,0,5161110
yncEp,0.14285714285714285,6,6,ATCAGATGTGTATCTATAGT,0,5150859
yncEp,0.14285714285714285,6,6,ATCACGACGCACGCAGCGGC,0,5160881
yncEp,0.14285714285714285,6,6,ATCACCACAACGTAACAGCT,0,5155701
yncEp,0.14285714285714285,6,6,ATATGTGTCAACTCGAGTGG,0,5155970
yncEp,0.14285714285714285,6,6,ATATCTATATGCATCGCGAC,0,5153002
yncEp,0.14285714285714285,6,6,ATACTCCGAGCGTGAATAGA,0,5146803
yncEp,0.14285714285714285,6,6,ATAATGATCGTGTGTCGAGT,0,5151749
yncEp,0.14285714285714285,6,6,ATAATCTTTTGTAATCTTCA,0,5147474
yncEp,0.14285714285714285,6,6,AGTTTTGGACTCCTGTTCAA,0,5150825
yncEp,0.14285714285714285,6,6,AGTTGCTTCACATGTTGGGA,0,5148659
yncEp,0.14285714285714285,6,6,AGTTCGTCTGTCGCAGGCCA,0,5160179
yncEp,0.14285714285714285,6,6,AGTGTTTGCTTTAACCAATA,0,5156671
yncEp,0.14285714285714285,6,6,AGTGAGCCAGAAAATCAGAC,0,5149462
yncEp,0.14285714285714285,6,6,AGTGAAGTCCGTCAGTTCAA,0,5155235
yncEp,0.14285714285714285,6,6,AGTAGGATGCAAAGCAAAGG,0,5148625
yncEp,0.14285714285714285,6,6,AGTACGTGTAGGGGGAACTC,0,5145815
yncEp,0.14285714285714285,6,6,AGGGGGGGGCAGAGATGAAT,0,5145964
yncEp,0.14285714285714285,6,6,AGGGGACCGGAGCTCACAGC,0,5145760
yncEp,0.14285714285714285,6,6,AGGGCTCGGTGTTAGATCAG,0,5149036
yncEp,0.14285714285714285,6,6,AGGCGGCATAACTCATCATA,0,5147453
yncEp,0.14285714285714285,6,6,AGGCCGGTCGGTAACGTACG,0,5152581
yncEp,0.14285714285714285,6,6,AGGAATGTATCAATGGAATA,0,5149167
yncEp,0.14285714285714285,6,6,AGCGTAGCCGCACATTAGTC,0,5160500
yncEp,0.14285714285714285,6,6,AGCGCGGGAGTTGTGGGGCG,0,5152046
yncEp,0.14285714285714285,6,6,AGCCAGTTAGCCCAGATTAG,0,5150874
yncEp,0.14285714285714285,6,6,AGCACGCGATCGCGCTTGAA,0,5157291
yncEp,0.14285714285714285,6,6,AGCACACCTACGTGAATCAG,0,5159197
yncEp,0.14285714285714285,6,6,AGATCGCGGTTAACTCAGTG,0,5161024
yncEp,0.14285714285714285,6,6,AGAGCTACAACAAGTCACGA,0,5146240
yncEp,0.14285714285714285,6,6,AGACGTGACCGTCACGCTAC,0,5160458
yncEp,0.14285714285714285,6,6,AGAAGTCCAGCCGGTCAATC,0,5157138
yncEp,0.14285714285714285,6,6,AGAACGCGTAAAACGCTACT,0,5160808
yncEp,0.14285714285714285,6,6,AGAAAGTTCGTGCCGGTTCG,0,5148435
yncEp,0.14285714285714285,6,6,AGAAACCTTCAGGATGGTAA,0,5155742
yncEp,0.14285714285714285,6,6,ACTTGTTACTCGCTATAGTA,0,5157510
yncEp,0.14285714285714285,6,6,ACTGGAAATTGAGCGGTCTT,0,5150833
yncEp,0.14285714285714285,6,6,ACTCTTGTGGCCAAATCGAC,0,5153870
yncEp,0.14285714285714285,6,6,ACTCAAAGCTCTCACTCGGG,0,5157429
yncEp,0.14285714285714285,6,6,ACTATGTCAGTATTCAGCGA,0,5156337
yncEp,0.14285714285714285,6,6,ACTACAGTTCTATTTCGCAG,0,5153456
yncEp,0.14285714285714285,6,6,ACGGGGGTAGCAGTTGTGCG,0,5159261
yncEp,0.14285714285714285,6,6,ACGGCGTGGTTAGCTGGACG,0,5148148
yncEp,0.14285714285714285,6,6,ACGCTTTCTCGGTGTTTTTT,0,5152095
yncEp,0.14285714285714285,6,6,ACGCGGACGCTTTACAGTGA,0,5156340
yncEp,0.14285714285714285,6,6,ACGCCGTGAACGCAGTCCGG,0,5162351
yncEp,0.14285714285714285,6,6,ACGATGGTATCACACTGCTG,0,5152610
yncEp,0.14285714285714285,6,6,ACGACGGCAGGTTCCTTAAT,0,5158701
yncEp,0.14285714285714285,6,6,ACCTCGTCTATAGGTTCTCT,0,5153575
yncEp,0.14285714285714285,6,6,ACCTCACTTAAAATCCCTGA,0,5162464
yncEp,0.14285714285714285,6,6,ACCTATTGGACGCCCCCGAT,0,5154123
yncEp,0.14285714285714285,6,6,ACCGGTCGGTTAATTAGTAA,0,5154468
yncEp,0.14285714285714285,6,6,ACCGGCATCGACTCGGAGGA,0,5159184
yncEp,0.14285714285714285,6,6,ACCGACATACGCCTTATAAT,0,5149297
yncEp,0.14285714285714285,6,6,ACCCGTGCGCGGCACGAGTC,0,5158434
yncEp,0.14285714285714285,6,6,ACAGCGGGCTCATGTATCTC,0,5152796
yncEp,0.14285714285714285,6,6,ACAACCCAATGGTCACGGCA,0,5148202
yncEp,0.14285714285714285,6,6,AATCTCCCCGGCTACGTCTC,0,5147132
yncEp,0.14285714285714285,6,6,AAGTTGACCGCCACATCAGG,0,5147050
yncEp,0.14285714285714285,6,6,AAGTGGGTCTTCACCATATT,0,5150254
yncEp,0.14285714285714285,6,6,AAGTACTGCTATCGCTGAGG,0,5161371
yncEp,0.14285714285714285,6,6,AAGCGCAGGCCACTGATCTA,0,5158494
yncEp,0.14285714285714285,6,6,AAGACCACGGAAAGCGTCTC,0,5156448
yncEp,0.14285714285714285,6,6,AAGAACACGGGAAACTGTCG,0,5161465
yncEp,0.14285714285714285,6,6,AACTGATTGTTCCCAGGTGC,0,5153657
yncEp,0.14285714285714285,6,6,AACTGACTATAACTAATCTC,0,5156772
yncEp,0.14285714285714285,6,6,AACTATCGTCGTATCCACCT,0,5150013
yncEp,0.14285714285714285,6,6,AACTACGTTCGGGCTATTGC,0,5149265
yncEp,0.14285714285714285,6,6,AACGGGGTGACACAAAGGAA,0,5160911
yncEp,0.14285714285714285,6,6,AACGCATCGTAGGAGCTTTC,0,5157508
yncEp,0.14285714285714285,6,6,AACCGCTTGGGTGTATGCTC,0,5159014
yncEp,0.14285714285714285,6,6,AACAGATCCTATCCTCCTGT,0,5160577
yncEp,0.14285714285714285,6,6,AAATCGGAGGGTGCTATTGC,0,5160536
yncEp,0.14285714285714285,6,6,AAAGCAGGAAGTAACTTCCG,0,5158113
yncEp,0.14285714285714285,6,6,AAAGCACGGGCCGCAAGTCA,0,5148595
yncEp,0.14285714285714285,6,6,AAACTGGCCGGAGTGTTACA,0,5156776
yncEp,0.14285714285714285,6,6,AAAAGTTATAAGACATAGTG,0,5149614
yncEp,0.14285714285714285,6,6,AAAAACAGCTTAGTAGGTAA,0,5147696
yncEp,0.16666666666666666,5,5,TTTCTGTTACAACGAAGACA,0,5162359
yncEp,0.16666666666666666,5,5,TTTCAACTTGATAAATTGAC,0,5162151
yncEp,0.16666666666666666,5,5,TTTACATGTGCCTTTGACCC,0,5148323
yncEp,0.16666666666666666,5,5,TTTAATCGGTAAAGGCACAT,0,5154918
yncEp,0.16666666666666666,5,5,TTGTAAGGAGGGAAAATTGA,0,5146281
yncEp,0.16666666666666666,5,5,TTGGTGCTGGGTGAAGCTAT,0,5156265
yncEp,0.16666666666666666,5,5,TTGCGGCTAATTTTGGACCA,0,5152050
yncEp,0.16666666666666666,5,5,TTGCCTCCCCAAGCCCGCAA,0,5154912
yncEp,0.16666666666666666,5,5,TTGAAGTGGAGGCCCATCCC,0,5148398
yncEp,0.16666666666666666,5,5,TTCGGACGGTCCAGGCCGTT,0,5154866
yncEp,0.16666666666666666,5,5,TTCGCACTCTCAGAGTCTGA,0,5148586
yncEp,0.16666666666666666,5,5,TTCGAAGCAGCGTGCAGCGA,0,5157276
yncEp,0.16666666666666666,5,5,TTCCCCCAAGGTTATGACGT,0,5151127
yncEp,0.16666666666666666,5,5,TTCAGTTCCAAACTTCCAAT,0,5155351
yncEp,0.16666666666666666,5,5,TTCAGCTCCAAAAGTACAGA,0,5148165
yncEp,0.16666666666666666,5,5,TTATGATACTCCGGGAACTA,0,5150959
yncEp,0.16666666666666666,5,5,TTATCATTGGCGAGCCGAGT,0,5159373
yncEp,0.16666666666666666,5,5,TTATAGGATGGTCTGGTGTC,0,5157704
yncEp,0.16666666666666666,5,5,TTAGTGCTGGATATGTGTAA,0,5146916
yncEp,0.16666666666666666,5,5,TTAGCCGCGAGGCCACATAA,0,5150095
yncEp,0.16666666666666666,5,5,TTAGAGGTGAAGTGATGATC,0,5161048
yncEp,0.16666666666666666,5,5,TTACCAGGCACCCGGGCCTA,0,5150856
yncEp,0.16666666666666666,5,5,TTACACATTTTGCAAAGGTT,0,5160700
yncEp,0.16666666666666666,5,5,TTAAGGATGCTCTGAGAACA,0,5147794
yncEp,0.16666666666666666,5,5,TTAAGCGGTCCCATACTTCA,0,5154183
yncEp,0.16666666666666666,5,5,TTAACATCTAGTTCGGCACT,0,5159505
yncEp,0.16666666666666666,5,5,TGTTTTAGGAGTTACACGCA,0,5151581
yncEp,0.16666666666666666,5,5,TGTTTGAACAGGCCGATTAC,0,5155583
yncEp,0.16666666666666666,5,5,TGTCTCTATCACGTCGGCCA,0,5157632
yncEp,0.16666666666666666,5,5,TGTCTCGTAGCGTTCCCTCC,0,5148338
yncEp,0.16666666666666666,5,5,TGTCGAGTCTTACATGCGAA,0,5160276
yncEp,0.16666666666666666,5,5,TGTCCCACCACAGGGGATCG,0,5156501
yncEp,0.16666666666666666,5,5,TGTACCTTCGGATGACGCAT,0,5160773
yncEp,0.16666666666666666,5,5,TGTAATTTTCCACGAATCAC,0,5157041
yncEp,0.16666666666666666,5,5,TGGTGCAAACTTAACGATAA,0,5161457
yncEp,0.16666666666666666,5,5,TGGGTAGTCATAACGTCTGC,0,5148222
yncEp,0.16666666666666666,5,5,TGGGGGCTTTAGCTTACGGA,0,5154597
yncEp,0.16666666666666666,5,5,TGGCGATAGCTTTATGTCAG,0,5153247
yncEp,0.16666666666666666,5,5,TGGAGGTCGGTCCCGATCCT,0,5151969
yncEp,0.16666666666666666,5,5,TGCGCAAACGATATGCAAGC,0,5157796
yncEp,0.16666666666666666,5,5,TGCCGGCCGACCGCTAGTAT,0,5155162
yncEp,0.16666666666666666,5,5,TGATTGACCAAACTGGCGCG,0,5149365
yncEp,0.16666666666666666,5,5,TGAGTCGCTCGTCGTCGGAT,0,5157439
yncEp,0.16666666666666666,5,5,TGACTTTGAGGGCCAAGGAG,0,5156494
yncEp,0.16666666666666666,5,5,TGACCGTCCTTGATAATCAA,0,5151512
yncEp,0.16666666666666666,5,5,TGACATCACAGCGGAATTCC,0,5153882
yncEp,0.16666666666666666,5,5,TGACAGGTGTAGCCTATAAC,0,5156273
yncEp,0.16666666666666666,5,5,TGACAATGAGTGCCCGAGCC,0,5158875
yncEp,0.16666666666666666,5,5,TGAATTGGTCACAGGTGTCA,0,5145836
yncEp,0.16666666666666666,5,5,TGAATACTCTGCGTTCGCGT,0,5157331
yncEp,0.16666666666666666,5,5,TGAAAGTATAGGTATTAGGG,0,5150131
yncEp,0.16666666666666666,5,5,TCTTGTACTTAACGAGATAA,0,5158516
yncEp,0.16666666666666666,5,5,TCTGTTTAAGGACGTCTCGC,0,5161894
yncEp,0.16666666666666666,5,5,TCTGTCCCTCTACTCGGTAC,0,5155182
yncEp,0.16666666666666666,5,5,TCTACGCGAATAAGCTTTCC,0,5147532
yncEp,0.16666666666666666,5,5,TCTACCGGGTAACATTGGGT,0,5161294
yncEp,0.16666666666666666,5,5,TCGTTAGAATCAAATCCTAT,0,5155577
yncEp,0.16666666666666666,5,5,TCGGTGGTCACATGCCCATC,0,5158515
yncEp,0.16666666666666666,5,5,TCGGGGTCACGCGAGCAACT,0,5151622
yncEp,0.16666666666666666,5,5,TCGGCGAGCCATCGGGTCGT,0,5151975
yncEp,0.16666666666666666,5,5,TCGCCATCCAACCGGACGAG,0,5147195
yncEp,0.16666666666666666,5,5,TCGATCACATTCAGTTACAC,0,5156096
yncEp,0.16666666666666666,5,5,TCGAGAACTGCCGCAAACCC,0,5153377
yncEp,0.16666666666666666,5,5,TCCTTGAGCTACAGGTAGTA,0,5156188
yncEp,0.16666666666666666,5,5,TCCTTCCTGAGGTAAATCCA,0,5147972
yncEp,0.16666666666666666,5,5,TCCGTGACCAAACTTGGATG,0,5154779
yncEp,0.16666666666666666,5,5,TCCGACCGTACCTGCGAAAG,0,5149729
yncEp,0.16666666666666666,5,5,TCCGAACCTAGACAAGCGGA,0,5148802
yncEp,0.16666666666666666,5,5,TCCCGAACGTAAGCCAGTCA,0,5146497
yncEp,0.16666666666666666,5,5,TCCCCACTGACGAGTTGCTG,0,5148814
yncEp,0.16666666666666666,5,5,TCCATCCATGGCGTCGTTAC,0,5152431
yncEp,0.16666666666666666,5,5,TCATCGTATTCCAGCCAGGC,0,5150572
yncEp,0.16666666666666666,5,5,TCATCCCGATCCAGAGGCTT,0,5159753
yncEp,0.16666666666666666,5,5,TCATATACATCCTACTGGCA,0,5158165
yncEp,0.16666666666666666,5,5,TCAGGATGTAAGCATTCAAG,0,5146599
yncEp,0.16666666666666666,5,5,TCACTCGTAGTCGTCGATAG,0,5157330
yncEp,0.16666666666666666,5,5,TCACGGTCGAAGTGCGCGCG,0,5158446
yncEp,0.16666666666666666,5,5,TCACGCGGTACGATTTTCAA,0,5150931
yncEp,0.16666666666666666,5,5,TATTTCTGAACCCACGCCCC,0,5151308
yncEp,0.16666666666666666,5,5,TATTGGGAGAGCGGTTGCGC,0,5156875
yncEp,0.16666666666666666,5,5,TAGGCAATTGGACTGGTATT,0,5160409
yncEp,0.16666666666666666,5,5,TAGCGTGCGCAGGCGCGCGG,0,5154231
yncEp,0.16666666666666666,5,5,TAGCAACCTTCGTAAATATG,0,5161415
yncEp,0.16666666666666666,5,5,TAGATCTATGTGTGTAGGAA,0,5156594
yncEp,0.16666666666666666,5,5,TAGACCGCGGTTTCTAAGAT,0,5156419
yncEp,0.16666666666666666,5,5,TACTGCCAACGGACCGATTG,0,5158062
yncEp,0.16666666666666666,5,5,TACGGGGAGAGCCCCAGTCA,0,5147437
yncEp,0.16666666666666666,5,5,TACCCGGGCACCTCCGTCAC,0,5149211
yncEp,0.16666666666666666,5,5,TACCCCCACCGGTATGGCTC,0,5149311
yncEp,0.16666666666666666,5,5,TACATTATAGGGTCTGCGCG,0,5148254
yncEp,0.16666666666666666,5,5,TAATCACATAGGGTAAAGAA,0,5154390
yncEp,0.16666666666666666,5,5,TAAGAGGATGGGACGAGCGT,0,5149494
yncEp,0.16666666666666666,5,5,TAACTAACAGGGCCTTTGTT,0,5155887
yncEp,0.16666666666666666,5,5,TAACATAAACACAAGGGGTA,0,5148670
yncEp,0.16666666666666666,5,5,TAACAGCCATGCAAATTTAT,0,5157397
yncEp,0.16666666666666666,5,5,TAAACAGCCTAATCACAGAT,0,5146185
yncEp,0.16666666666666666,5,5,GTTGTCTTTCGGCCGAAGCG,0,5155646
yncEp,0.16666666666666666,5,5,GTTAGAGTATAGCTGTCTAA,0,5152184
yncEp,0.16666666666666666,5,5,GTTAACGTCTTGTACTCTGC,0,5147029
yncEp,0.16666666666666666,5,5,GTGGTCTCACTCGGCGCGAT,0,5151197
yncEp,0.16666666666666666,5,5,GTGGGCCGGTCCGCGACCAT,0,5150725
yncEp,0.16666666666666666,5,5,GTGGGACTTGCTTGAACATA,0,5147246
yncEp,0.16666666666666666,5,5,GTGCTTCAGTATTCTGAGGC,0,5161713
yncEp,0.16666666666666666,5,5,GTCTGCCCTACTGGATAATT,0,5145932
yncEp,0.16666666666666666,5,5,GTCTAAAGTGAGTTTTCCAC,0,5151678
yncEp,0.16666666666666666,5,5,GTCGCGATGTTAACGCCCGA,0,5146009
yncEp,0.16666666666666666,5,5,GTCCTTTGCTTCCGTTCGTC,0,5161860
yncEp,0.16666666666666666,5,5,GTCCTATTACCAGTTTTCGA,0,5161797
yncEp,0.16666666666666666,5,5,GTCCGCGCGCGAATATTTTA,0,5147603
yncEp,0.16666666666666666,5,5,GTCCCGGATGCGGGTCATAA,0,5161560
yncEp,0.16666666666666666,5,5,GTCCCCTGGCGACCTGGCGT,0,5149461
yncEp,0.16666666666666666,5,5,GTCATCATGGGGTAAGGAGA,0,5148427
yncEp,0.16666666666666666,5,5,GTCACCACCCGGACGTTCGG,0,5160143
yncEp,0.16666666666666666,5,5,GTATCTCTAAGCATGTGTGT,0,5150476
yncEp,0.16666666666666666,5,5,GTATATGATACACCCTTCTT,0,5159053
yncEp,0.16666666666666666,5,5,GTATAGGGGGTTGCATTAAA,0,5160541
yncEp,0.16666666666666666,5,5,GTACGTATGGGCCACGAAGA,0,5160602
yncEp,0.16666666666666666,5,5,GTACCGGAGCCGTAAATACG,0,5161026
yncEp,0.16666666666666666,5,5,GTAAGGGCCGAAGATAGTAT,0,5157892
yncEp,0.16666666666666666,5,5,GTAAAAACTTTCATACAGAT,0,5153720
yncEp,0.16666666666666666,5,5,GGTTGAAATCATAAACTGTG,0,5148680
yncEp,0.16666666666666666,5,5,GGTTAGAGCTTTTGGCCTAG,0,5151902
yncEp,0.16666666666666666,5,5,GGTGTTCTCGCCTGAGGAAT,0,5152318
yncEp,0.16666666666666666,5,5,GGTGCTCCAACTGATGAGCT,0,5152882
yncEp,0.16666666666666666,5,5,GGTGATGGCGTCTAGGCCAG,0,5160900
yncEp,0.16666666666666666,5,5,GGTCAGGCCATGTAACAAGA,0,5157940
yncEp,0.16666666666666666,5,5,GGTCAGACGTTCCATGCCAG,0,5155805
yncEp,0.16666666666666666,5,5,GGTCAAGAAAAATTGCCGCT,0,5153883
yncEp,0.16666666666666666,5,5,GGGTGGTGTCTCTTGCAGTG,0,5150044
yncEp,0.16666666666666666,5,5,GGGTATGGGTGTTTTTAGCA,0,5158378
yncEp,0.16666666666666666,5,5,GGGGACTCCGACAACAGCTG,0,5162015
yncEp,0.16666666666666666,5,5,GGGCTCCGGCTCATGTACAA,0,5152516
yncEp,0.16666666666666666,5,5,GGGCGGAGTGAAGGTACGCC,0,5153867
yncEp,0.16666666666666666,5,5,GGGCGCAACGGGCGGACCAA,0,5156814
yncEp,0.16666666666666666,5,5,GGGCAGACGAGTCCTGCCTT,0,5161088
yncEp,0.16666666666666666,5,5,GGCTTAGAATGGATCAAGAG,0,5158475
yncEp,0.16666666666666666,5,5,GGCCACCACACGCCCCGCTA,0,5148543
yncEp,0.16666666666666666,5,5,GGCATTCATTACGGTTTGAT,0,5155650
yncEp,0.16666666666666666,5,5,GGATTGGTTCAGGGTCTGCT,0,5159101
yncEp,0.16666666666666666,5,5,GGAGGTTAGGGGGGTAAATA,0,5148878
yncEp,0.16666666666666666,5,5,GGAGACTGTCACACCTTAAG,0,5156446
yncEp,0.16666666666666666,5,5,GGACTTGATAGCGATTCGTA,0,5158980
yncEp,0.16666666666666666,5,5,GGAAAATCGGGAAGCTCTAA,0,5154026
yncEp,0.16666666666666666,5,5,GCTGATATCTCTAGGTGAAA,0,5151009
yncEp,0.16666666666666666,5,5,GCTGAATACGATACGAACGA,0,5157547
yncEp,0.16666666666666666,5,5,GCTCTTTGCTCGGAGTGATC,0,5153080
yncEp,0.16666666666666666,5,5,GCTACGCGCCGTGGGCGGTT,0,5156141
yncEp,0.16666666666666666,5,5,GCTACCGAGAACTGATCGAG,0,5162339
yncEp,0.16666666666666666,5,5,GCGTATCAGAGAGATCTCAG,0,5159624
yncEp,0.16666666666666666,5,5,GCGGTATCATCGTATATCCT,0,5160746
yncEp,0.16666666666666666,5,5,GCGACATACTTGAGTGCACA,0,5152363
yncEp,0.16666666666666666,5,5,GCCTACCCGTGCGTGTCGGT,0,5153586
yncEp,0.16666666666666666,5,5,GCCGGGGAAACGGCGTTACA,0,5153744
yncEp,0.16666666666666666,5,5,GCCCGTGCCCAAGAGCGATA,0,5148875
yncEp,0.16666666666666666,5,5,GCATTAATACCAGTCGGACG,0,5149863
yncEp,0.16666666666666666,5,5,GCAGGGTAGAGTCACACAGT,0,5151257
yncEp,0.16666666666666666,5,5,GCACCGCGCCCGGAAGCAAC,0,5149951
yncEp,0.16666666666666666,5,5,GCACAAATTGTGGAAACGGC,0,5155704
yncEp,0.16666666666666666,5,5,GCAAACAAGCTGAATGACAG,0,5153717
yncEp,0.16666666666666666,5,5,GATGAGTGATCGTGATTTGC,0,5151504
yncEp,0.16666666666666666,5,5,GATGAGCCGGCGAAGATCTT,0,5153000
yncEp,0.16666666666666666,5,5,GATCTGTTGGCGCGCAGCCG,0,5158922
yncEp,0.16666666666666666,5,5,GATCTCAACTGCGTGGGTAG,0,5147275
yncEp,0.16666666666666666,5,5,GATCCGCTTTACTCTTTGGT,0,5156203
yncEp,0.16666666666666666,5,5,GAGTCTAAAGCTTCCCGTGC,0,5156870
yncEp,0.16666666666666666,5,5,GAGTCGATTTTGCAAATGCC,0,5160504
yncEp,0.16666666666666666,5,5,GAGTATGGACTTGGGGCTAA,0,5156584
yncEp,0.16666666666666666,5,5,GAGTAGAGTATTGCGGAGGT,0,5159158
yncEp,0.16666666666666666,5,5,GAGGACAATATTTACAAGAT,0,5150034
yncEp,0.16666666666666666,5,5,GAGCGACGACAGTTACCTAG,0,5161372
yncEp,0.16666666666666666,5,5,GAGCATAGGTGACCCGCTGG,0,5145856
yncEp,0.16666666666666666,5,5,GAGATCCCGAGGCTTGAGGT,0,5158122
yncEp,0.16666666666666666,5,5,GAGAGCCAATGTCGTATCAA,0,5150920
yncEp,0.16666666666666666,5,5,GACGGGTAACTGGTTGATTG,0,5145903
yncEp,0.16666666666666666,5,5,GACGGCCCGCAGGAAGGACA,0,5153029
yncEp,0.16666666666666666,5,5,GAAGGTCGAGTACCGGATTC,0,5154152
yncEp,0.16666666666666666,5,5,GAACGAGTTGTCCCCAAGAG,0,5158270
yncEp,0.16666666666666666,5,5,GAACCTGGTTCCCGGCAAGG,0,5154833
yncEp,0.16666666666666666,5,5,GAACCCTAATAAAGACACAC,0,5152024
yncEp,0.16666666666666666,5,5,GAACCCCTTCTGAGAGATGG,0,5156942
yncEp,0.16666666666666666,5,5,GAACAGAATCACGGTTTGGC,0,5146788
yncEp,0.16666666666666666,5,5,GAAATGGATCGATTTGCATG,0,5160307
yncEp,0.16666666666666666,5,5,CTTTGTCTCGCCCGGCTATA,0,5156749
yncEp,0.16666666666666666,5,5,CTTTGCATCAGCTATCTCGT,0,5152013
yncEp,0.16666666666666666,5,5,CTTTACGCACGAACCCATCT,0,5149839
yncEp,0.16666666666666666,5,5,CTTGACGTTAAACCCCTGCA,0,5162199
yncEp,0.16666666666666666,5,5,CTTCCTGGGGCTATCTGTGG,0,5155922
yncEp,0.16666666666666666,5,5,CTTCCTGGACCTGCATTCCC,0,5156963
yncEp,0.16666666666666666,5,5,CTTACCATTTTAGAAATCTT,0,5148693
yncEp,0.16666666666666666,5,5,CTGTTTCGAAGACATTGGGG,0,5158976
yncEp,0.16666666666666666,5,5,CTGTTCGTAGCGGGACAGCG,0,5157985
yncEp,0.16666666666666666,5,5,CTGTGGTAAACCTCCGCTTG,0,5154780
yncEp,0.16666666666666666,5,5,CTGTGATATTTGCCGATATA,0,5151986
yncEp,0.16666666666666666,5,5,CTGCGAGCGACCAGTCCCAC,0,5149727
yncEp,0.16666666666666666,5,5,CTGATTGGGCACACGGATTG,0,5159676
yncEp,0.16666666666666666,5,5,CTCTTAGAGCTGATGTTTCT,0,5149726
yncEp,0.16666666666666666,5,5,CTCTCGGCCAATACTGGATA,0,5153715
yncEp,0.16666666666666666,5,5,CTCGTCCCTTCGTTCGATGC,0,5157873
yncEp,0.16666666666666666,5,5,CTCGTAGACGACTGGGCTAT,0,5162164
yncEp,0.16666666666666666,5,5,CTCGGGAATTATGTTCTCGG,0,5157708
yncEp,0.16666666666666666,5,5,CTCGCAAATGTATCCAGGAA,0,5161580
yncEp,0.16666666666666666,5,5,CTCCGCGTATGCAGCTTTTG,0,5146945
yncEp,0.16666666666666666,5,5,CTCAAGAAAATTCTGTCGCA,0,5147835
yncEp,0.16666666666666666,5,5,CTATTCGTCATGGGAACCTT,0,5149109
yncEp,0.16666666666666666,5,5,CTATGTGAAAATTACGGGCA,0,5152898
yncEp,0.16666666666666666,5,5,CTATGCGGGGATGTGTTGGG,0,5154527
yncEp,0.16666666666666666,5,5,CTAGGAGGCACGTCCTAACC,0,5145771
yncEp,0.16666666666666666,5,5,CTACGGTAGTTTAATCTAAG,0,5160587
yncEp,0.16666666666666666,5,5,CTACGGGTGCGCTGATAGCT,0,5149227
yncEp,0.16666666666666666,5,5,CTACAAAGCGAGATTTGTAC,0,5151979
yncEp,0.16666666666666666,5,5,CTAATTAGGGTCCCTCAGGA,0,5145878
yncEp,0.16666666666666666,5,5,CTAAGCTAAGGTAAAAACGG,0,5161167
yncEp,0.16666666666666666,5,5,CGTTGGACAGCCGATCATAA,0,5154421
yncEp,0.16666666666666666,5,5,CGTGTAATTTTACGAACGAA,0,5158027
yncEp,0.16666666666666666,5,5,CGTGGCGCGGACCATGAGAC,0,5154422
yncEp,0.16666666666666666,5,5,CGTCGCCATATACGTCTCAG,0,5153710
yncEp,0.16666666666666666,5,5,CGTATTATGGTGTAGGTAGG,0,5147343
yncEp,0.16666666666666666,5,5,CGTAGGCTGTTCCCGTAGTA,0,5150702
yncEp,0.16666666666666666,5,5,CGGTGCTCGGTGATTGATCT,0,5162457
yncEp,0.16666666666666666,5,5,CGGTAACCGCCCACCTCTCA,0,5148162
yncEp,0.16666666666666666,5,5,CGGGTCGGATTAAGTAGCTC,0,5149802
yncEp,0.16666666666666666,5,5,CGGGCGCTATTCTAAACACT,0,5161195
yncEp,0.16666666666666666,5,5,CGGGCCTCCGGATGGGTAGA,0,5156878
yncEp,0.16666666666666666,5,5,CGGCCTACCTGGTACCCTCA,0,5147745
yncEp,0.16666666666666666,5,5,CGGCAGTCCGTCAACGGCTT,0,5149521
yncEp,0.16666666666666666,5,5,CGGCAACGACGTAAAGAACT,0,5148622
yncEp,0.16666666666666666,5,5,CGGATCCTAGTCTTTCGTGT,0,5146779
yncEp,0.16666666666666666,5,5,CGGAGGGGCAGATCCCTCCA,0,5160463
yncEp,0.16666666666666666,5,5,CGCTTATATTATTTGGTCGC,0,5149251
yncEp,0.16666666666666666,5,5,CGCTTATACAGTCACTTATA,0,5150035
yncEp,0.16666666666666666,5,5,CGCTCACCGACAGCACAGAT,0,5149428
yncEp,0.16666666666666666,5,5,CGCTATGCATTTAAACTTCG,0,5152127
yncEp,0.16666666666666666,5,5,CGCCTTCGAATTACTTACTT,0,5153208
yncEp,0.16666666666666666,5,5,CGCCGCAGTTGCGCGCTACT,0,5149993
yncEp,0.16666666666666666,5,5,CGATGAGACCGCGTCATAGA,0,5156434
yncEp,0.16666666666666666,5,5,CGATGACCGTTCCAGCTGCA,0,5153429
yncEp,0.16666666666666666,5,5,CGATCCCCGAGACGTCAGAC,0,5145919
yncEp,0.16666666666666666,5,5,CGATACAACTCCCTAACAAG,0,5146877
yncEp,0.16666666666666666,5,5,CGAGGTATCGTCCGTCATTT,0,5151068
yncEp,0.16666666666666666,5,5,CGACTAGGCAGTTACGTTGA,0,5154845
yncEp,0.16666666666666666,5,5,CGACCCATCCTATGCAGTCC,0,5160660
yncEp,0.16666666666666666,5,5,CGAATAGAGTTTCGCCCTGG,0,5158882
yncEp,0.16666666666666666,5,5,CGAACACGGCGGTTTCCTAT,0,5154696
yncEp,0.16666666666666666,5,5,CGAAATTTTTAGGAACATCT,0,5159634
yncEp,0.16666666666666666,5,5,CGAAAGTGGGAGCAGAACCA,0,5157763
yncEp,0.16666666666666666,5,5,CCTTTCGAGTTCATTCCTTG,0,5149724
yncEp,0.16666666666666666,5,5,CCTGGGCCAGCCCTTAGTCT,0,5152300
yncEp,0.16666666666666666,5,5,CCTGGAAAGCTCGCCCAAGG,0,5146029
yncEp,0.16666666666666666,5,5,CCTGCTAAACCTTTTTGTGG,0,5149510
yncEp,0.16666666666666666,5,5,CCTGCATGCTTTACATCCGT,0,5151808
yncEp,0.16666666666666666,5,5,CCTGATAATGCGTTCGCTGA,0,5146500
yncEp,0.16666666666666666,5,5,CCTCCGTCACTGGCCGATAA,0,5151283
yncEp,0.16666666666666666,5,5,CCTAATTTACAGCATCTTAC,0,5148653
yncEp,0.16666666666666666,5,5,CCGTGTTTACACGCTTTAGG,0,5150311
yncEp,0.16666666666666666,5,5,CCGGCTTGCATGTCCCTCGA,0,5155696
yncEp,0.16666666666666666,5,5,CCGATCATGCTCCGGCAACT,0,5146606
yncEp,0.16666666666666666,5,5,CCGACCCCAGCTCGCTCGTT,0,5152826
yncEp,0.16666666666666666,5,5,CCGAAATAATTATCTTGGTA,0,5146150
yncEp,0.16666666666666666,5,5,CCCTCTCGATAGAACTTGTT,0,5153962
yncEp,0.16666666666666666,5,5,CCCTCACACCGCGAGCGCAT,0,5147186
yncEp,0.16666666666666666,5,5,CCCGTCCAGATCTCGCGTGT,0,5154947
yncEp,0.16666666666666666,5,5,CCCGGACTCGTCAGTTCCTG,0,5147245
yncEp,0.16666666666666666,5,5,CCCCCATAGGTTACCAGTAT,0,5150355
yncEp,0.16666666666666666,5,5,CCCAGGCCACGATCCCTGTT,0,5158849
yncEp,0.16666666666666666,5,5,CCCAACCAGCCTAACAAAGA,0,5150647
yncEp,0.16666666666666666,5,5,CCATTTGACCTATGGAGACT,0,5162445
yncEp,0.16666666666666666,5,5,CCACGCTTGAAGGGTCGCAA,0,5146458
yncEp,0.16666666666666666,5,5,CCAAGCGTACCTAATAGGTG,0,5153386
yncEp,0.16666666666666666,5,5,CCAACTGGGAGCCAGTATGC,0,5151176
yncEp,0.16666666666666666,5,5,CATTTCATCCGAAGCGAGAC,0,5147577
yncEp,0.16666666666666666,5,5,CATTTAGTAGATAAAATCAT,0,5147792
yncEp,0.16666666666666666,5,5,CATGTCTGTTCTGGCAAACT,0,5155929
yncEp,0.16666666666666666,5,5,CATGGGTGATAATGAGCTAT,0,5147959
yncEp,0.16666666666666666,5,5,CATGAGGTTGTCCGGTCCAT,0,5157105
yncEp,0.16666666666666666,5,5,CATCCCCGCAAGGCGACGTA,0,5158527
yncEp,0.16666666666666666,5,5,CATCAGCCGTACGAAAGACT,0,5147154
yncEp,0.16666666666666666,5,5,CATATCCGGTAAATTCATCC,0,5152991
yncEp,0.16666666666666666,5,5,CAGGTCGTGCTCTAGAACGA,0,5150212
yncEp,0.16666666666666666,5,5,CAGGGTATGGTTGTTCCGTA,0,5155541
yncEp,0.16666666666666666,5,5,CAGGAATCACTACTTTTCTT,0,5154823
yncEp,0.16666666666666666,5,5,CAGCGCAGGTGACCAGTTTG,0,5153991
yncEp,0.16666666666666666,5,5,CAGCGATTCCTACTGAGGGG,0,5160847
yncEp,0.16666666666666666,5,5,CAGAGCAAGCATGTCTGAGT,0,5155548
yncEp,0.16666666666666666,5,5,CAGACCGTGTGAGCTTTTGT,0,5154634
yncEp,0.16666666666666666,5,5,CACTGAGACCCGAACGAGAT,0,5147517
yncEp,0.16666666666666666,5,5,CACGTGTGCGGATAATGCCT,0,5147226
yncEp,0.16666666666666666,5,5,CACGTCATTACAGGAGCTAG,0,5147397
yncEp,0.16666666666666666,5,5,CACATTACCCTCCTGGCATT,0,5151026
yncEp,0.16666666666666666,5,5,CAATTAAGAGTTATAATTAA,0,5161870
yncEp,0.16666666666666666,5,5,CAATGGTGCGGATGAACTCA,0,5148348
yncEp,0.16666666666666666,5,5,CAATCGAGAATAAGCCAACA,0,5162602
yncEp,0.16666666666666666,5,5,CAAGGCGTCATCGATGATCT,0,5148044
yncEp,0.16666666666666666,5,5,CAACGCGCTTACGTTTTTGA,0,5150433
yncEp,0.16666666666666666,5,5,CAACAACCCGGGTGGGAACG,0,5151093
yncEp,0.16666666666666666,5,5,CAACAACCACCGAGTTCGGC,0,5154285
yncEp,0.16666666666666666,5,5,CAAAGTGAGCTATTCTTGGG,0,5148036
yncEp,0.16666666666666666,5,5,ATTTCGTCCATCCGATACTG,0,5158422
yncEp,0.16666666666666666,5,5,ATTGTATGTAATTCCTATGA,0,5159406
yncEp,0.16666666666666666,5,5,ATTACCGCAGGGTGAGGGTT,0,5145820
yncEp,0.16666666666666666,5,5,ATTAAGCGAGAATATGGCTG,0,5161655
yncEp,0.16666666666666666,5,5,ATGTCTCGAAAACGTCTTTT,0,5150404
yncEp,0.16666666666666666,5,5,ATGTAGAGGTTAAAGAAAAG,0,5156328
yncEp,0.16666666666666666,5,5,ATGGATTACGATACCATCGT,0,5159710
yncEp,0.16666666666666666,5,5,ATGACCGGCCGAACACGCGA,0,5154761
yncEp,0.16666666666666666,5,5,ATCGCAGTCAGGCTGTATAT,0,5147538
yncEp,0.16666666666666666,5,5,ATCCGGGGAGAATAGTTGGT,0,5153627
yncEp,0.16666666666666666,5,5,ATCATGTATTGAATAATCAC,0,5157955
yncEp,0.16666666666666666,5,5,ATCAGCCGTCGCGACAGACG,0,5160754
yncEp,0.16666666666666666,5,5,ATCAATGTGTGGGCCATACC,0,5150330
yncEp,0.16666666666666666,5,5,ATATCATAAACGAGGTACCT,0,5150049
yncEp,0.16666666666666666,5,5,ATAACTTCCAGGTGGGTCAA,0,5152769
yncEp,0.16666666666666666,5,5,ATAACCGATGTGACCCCGGT,0,5151027
yncEp,0.16666666666666666,5,5,ATAACCCGTCTATAAAAATG,0,5155306
yncEp,0.16666666666666666,5,5,ATAACAAAGGGCAATCCACT,0,5147523
yncEp,0.16666666666666666,5,5,ATAAAGTTTGGGCGCGGCGA,0,5151365
yncEp,0.16666666666666666,5,5,AGTGTGTAGTGCCTGTTGGG,0,5159993
yncEp,0.16666666666666666,5,5,AGTGCGTGACACCGTCTATT,0,5150103
yncEp,0.16666666666666666,5,5,AGTGATGGGCCAGGAACTTA,0,5156960
yncEp,0.16666666666666666,5,5,AGTGAGAATATGTTCCTGAC,0,5156597
yncEp,0.16666666666666666,5,5,AGTCATGATAGTCGCACTTG,0,5147886
yncEp,0.16666666666666666,5,5,AGTCATCAAGGAGTCATAAG,0,5157411
yncEp,0.16666666666666666,5,5,AGTAGCTCGACTTGAGTCTC,0,5157764
yncEp,0.16666666666666666,5,5,AGGTGTACAGCTGGATTAGA,0,5158522
yncEp,0.16666666666666666,5,5,AGGTGCTCGGCTCCCCCACT,0,5149600
yncEp,0.16666666666666666,5,5,AGGTCCTTGCAAGCCAATCA,0,5160300
yncEp,0.16666666666666666,5,5,AGGCATGAGCGCGCGAGAAA,0,5159078
yncEp,0.16666666666666666,5,5,AGGAGCGCCGTACCGATCAG,0,5158249
yncEp,0.16666666666666666,5,5,AGCTGAATGTGGCTCGATGG,0,5150529
yncEp,0.16666666666666666,5,5,AGCTAGTATAAGAACGGACA,0,5150858
yncEp,0.16666666666666666,5,5,AGCGTAATTTACGGTAGTCC,0,5148048
yncEp,0.16666666666666666,5,5,AGCCACATACTTCATGGGCG,0,5152959
yncEp,0.16666666666666666,5,5,AGCAATTGATCCCGAACGAT,0,5158285
yncEp,0.16666666666666666,5,5,AGCAATAGACATACTTAGCT,0,5155767
yncEp,0.16666666666666666,5,5,AGATAGCGGATAGGCCTGAT,0,5147276
yncEp,0.16666666666666666,5,5,AGAGCGCGCCTTGAGAGAGT,0,5151549
yncEp,0.16666666666666666,5,5,AGAGATTCCTTATTAGGACA,0,5152122
yncEp,0.16666666666666666,5,5,ACTTTTTGTCACCTCCCGAC,0,5160939
yncEp,0.16666666666666666,5,5,ACTTTAAGTATCGGCTGTGC,0,5155639
yncEp,0.16666666666666666,5,5,ACTTCTGTTTTCAGGTGTAA,0,5159179
yncEp,0.16666666666666666,5,5,ACTTCCGCACACTTTCCTAT,0,5156874
yncEp,0.16666666666666666,5,5,ACTTATGGAGCTAGCCACAT,0,5158331
yncEp,0.16666666666666666,5,5,ACTCGGGGATATACGAGTGT,0,5160319
yncEp,0.16666666666666666,5,5,ACTCCGGGTACCTATTGCCT,0,5149160
yncEp,0.16666666666666666,5,5,ACTCCACTCGGACGAGTGAC,0,5155196
yncEp,0.16666666666666666,5,5,ACTCAAGAGGACGACCAATG,0,5162238
yncEp,0.16666666666666666,5,5,ACTATCAGTTAGCTATTTCC,0,5148846
yncEp,0.16666666666666666,5,5,ACTAGAGTCAGACGGTTCCT,0,5159999
yncEp,0.16666666666666666,5,5,ACGTGTCTTAAGGTCTATTC,0,5157730
yncEp,0.16666666666666666,5,5,ACGTCGGACAAGAGGGAACG,0,5150195
yncEp,0.16666666666666666,5,5,ACGGGTATAGCTCATACAAA,0,5158394
yncEp,0.16666666666666666,5,5,ACGGCATGCTGCTTGACGAA,0,5156527
yncEp,0.16666666666666666,5,5,ACGCCGGGGAATACATGTAA,0,5151263
yncEp,0.16666666666666666,5,5,ACCTCACCTGGCATGCGTGG,0,5152072
yncEp,0.16666666666666666,5,5,ACCATATCAGCGACCCCTTA,0,5158272
yncEp,0.16666666666666666,5,5,ACCAGATTCTACGAGACAGT,0,5150860
yncEp,0.16666666666666666,5,5,ACCACTCGTTTATGATAGAA,0,5152226
yncEp,0.16666666666666666,5,5,ACAGGGCGACGTGTACAATC,0,5150030
yncEp,0.16666666666666666,5,5,ACAGCCGCATTTTGCGTGAA,0,5157929
yncEp,0.16666666666666666,5,5,ACAGAACTACCTTGACTGCA,0,5146723
yncEp,0.16666666666666666,5,5,ACAATCCTTAGTCTGTGCAG,0,5158689
yncEp,0.16666666666666666,5,5,AATTTTGGCCGCAAGTGGAA,0,5152659
yncEp,0.16666666666666666,5,5,AATGGTTTGAGATACGACGA,0,5157957
yncEp,0.16666666666666666,5,5,AATCATCTGACCAGTTTTTC,0,5148164
yncEp,0.16666666666666666,5,5,AATAGAGCGGGGCAGAGCTA,0,5150914
yncEp,0.16666666666666666,5,5,AAGTTAAGATCATAAGCTAC,0,5157818
yncEp,0.16666666666666666,5,5,AAGCTTCATAGCGGTAGTCA,0,5146610
yncEp,0.16666666666666666,5,5,AAGCCGTATATGGATCGTGC,0,5153791
yncEp,0.16666666666666666,5,5,AAGCCGCCTGTCATTTTGTT,0,5146721
yncEp,0.16666666666666666,5,5,AAGAGCCAGGGATGCGTCTA,0,5155492
yncEp,0.16666666666666666,5,5,AACTGAGCTGTTAAGTGGAT,0,5155055
yncEp,0.16666666666666666,5,5,AACCCTGAGTCAAGCTCTGG,0,5153301
yncEp,0.16666666666666666,5,5,AACCAGCCCACCTCGCTTGT,0,5146792
yncEp,0.16666666666666666,5,5,AACCACTCTAGGTTATGACT,0,5154747
yncEp,0.16666666666666666,5,5,AACAAGTAGTGATCTCAGGG,0,5148894
yncEp,0.16666666666666666,5,5,AACAACTATTACCTTCGTGC,0,5162455
yncEp,0.16666666666666666,5,5,AAACTATACACGACACTGAT,0,5150933
yncEp,0.16666666666666666,5,5,AAAATCTCTTTTTTCCTTGA,0,5155348
yncEp,0.16666666666666666,5,5,AAAAAACCTGAGGGGTCGCG,0,5152951
yncEp,0.2,4,4,TTTTTATGTCGGCGTTATTA,0,5155286
yncEp,0.2,4,4,TTTTGATTCAATTAGACTTT,0,5152580
yncEp,0.2,4,4,TTTTCTGGCTCCCAGCGGTT,0,5153403
yncEp,0.2,4,4,TTTGAGTTTTGTGCGGGGAG,0,5149466
yncEp,0.2,4,4,TTTCGGTCGTAAAGTCCCGA,0,5158368
yncEp,0.2,4,4,TTTCCGTTACTTGCGGCGCT,0,5152190
yncEp,0.2,4,4,TTTACTCAACACTTAGCTTA,0,5160254
yncEp,0.2,4,4,TTGTAAGCCGATATGACGCG,0,5146948
yncEp,0.2,4,4,TTGGTGCAGATGAGACCGGT,0,5145880
yncEp,0.2,4,4,TTGGTCTACTATTGATCGTA,0,5161927
yncEp,0.2,4,4,TTGGCTTGTTCAAAGGGAGT,0,5150136
yncEp,0.2,4,4,TTGGCAGTTTGAATGTATAT,0,5152025
yncEp,0.2,4,4,TTGCGCGGTCGTGAGGATAT,0,5155099
yncEp,0.2,4,4,TTGCGCGCCCCCCATTTTCC,0,5150538
yncEp,0.2,4,4,TTGATTCGCCGCAACTTTCA,0,5155946
yncEp,0.2,4,4,TTGATCAGCTGACGAACGAA,0,5146147
yncEp,0.2,4,4,TTGAATGTGGTAGCGAGCCT,0,5146831
yncEp,0.2,4,4,TTGAAGGAGGGCCGAGCGTG,0,5159444
yncEp,0.2,4,4,TTCTGGACGCTGCCCGTTAT,0,5160940
yncEp,0.2,4,4,TTCGGGATGGCCACGGATCT,0,5157339
yncEp,0.2,4,4,TTCACCTCCGACCTGATCGT,0,5159684
yncEp,0.2,4,4,TTCACAGGACTAGGCTATGT,0,5150148
yncEp,0.2,4,4,TTATGAATAATACCCTGTGC,0,5150002
yncEp,0.2,4,4,TTATAAGTAGGACCTGCTAC,0,5153084
yncEp,0.2,4,4,TTAGTGCGGAGGGCTGCAAT,0,5157337
yncEp,0.2,4,4,TTAGTCGCGCGTTGAGTGGA,0,5148709
yncEp,0.2,4,4,TTAGCTTTCCAATCATATAG,0,5146578
yncEp,0.2,4,4,TTAGACGCCGAATCCTTTCT,0,5161895
yncEp,0.2,4,4,TGTTTTTTCCTTGTGTGCTC,0,5151625
yncEp,0.2,4,4,TGTTGGGGTCAAAGCCCACG,0,5150054
yncEp,0.2,4,4,TGTTGATACTGTAAGGTAAC,0,5158186
yncEp,0.2,4,4,TGTTATAGTAGAGTTTAGAA,0,5153955
yncEp,0.2,4,4,TGTCTGTCAGCGAAAACTCA,0,5162559
yncEp,0.2,4,4,TGTCTAACCCAGGCTAGGTT,0,5153673
yncEp,0.2,4,4,TGTCCTCTTAACGGTCCTAT,0,5149954
yncEp,0.2,4,4,TGTATGTATGCTGTTGACGG,0,5158867
yncEp,0.2,4,4,TGGTGTGCAAGTATTCTAGA,0,5153318
yncEp,0.2,4,4,TGGTGTACTTGCAGGTTCCC,0,5153176
yncEp,0.2,4,4,TGGTCTTTGGTGCCATCAGG,0,5150198
yncEp,0.2,4,4,TGGGTGTTCATCGGGGACTC,0,5147104
yncEp,0.2,4,4,TGGGTAACCGAGAGTCCTTC,0,5150480
yncEp,0.2,4,4,TGGGGCGGGTTGCGGAATTG,0,5159033
yncEp,0.2,4,4,TGGGGACTAAGGCCAGTGGT,0,5148264
yncEp,0.2,4,4,TGGGATTGTTACGCCTTCTT,0,5152514
yncEp,0.2,4,4,TGGCTCGTTCGCGATTTTTG,0,5156705
yncEp,0.2,4,4,TGGCTCGGTGGCGGTGTCTT,0,5162549
yncEp,0.2,4,4,TGGCTCCTCGGCCCCCAAGT,0,5161897
yncEp,0.2,4,4,TGGCAGCGCGGCCCCTTGGA,0,5156590
yncEp,0.2,4,4,TGGAGATCAGACAACAGCAT,0,5158801
yncEp,0.2,4,4,TGGAACCGGTTGCGGGGATT,0,5162106
yncEp,0.2,4,4,TGGAAATATTAACTTAATAA,0,5149683
yncEp,0.2,4,4,TGCGTATAATTTACGCTAGT,0,5154787
yncEp,0.2,4,4,TGCGGGCTATGGGTTGTACC,0,5156973
yncEp,0.2,4,4,TGCGGATGTTAGTATACCGT,0,5148391
yncEp,0.2,4,4,TGCGCACATGTGGATTTTGA,0,5155888
yncEp,0.2,4,4,TGCCTCACGAATTAAAAGCA,0,5149701
yncEp,0.2,4,4,TGCACTGTCGGAGGCTCGGG,0,5157209
yncEp,0.2,4,4,TGATCATGCGGGTCACAATC,0,5147404
yncEp,0.2,4,4,TGAGCCACTTGCAGCAAAAG,0,5151173
yncEp,0.2,4,4,TGAGCACAATAAGTACGAGA,0,5156788
yncEp,0.2,4,4,TGACTTTAGATAGGCTCAAA,0,5146006
yncEp,0.2,4,4,TGACTATTATAGGTTTACCA,0,5155408
yncEp,0.2,4,4,TGAACGAAGGTGTCCCAGGG,0,5153770
yncEp,0.2,4,4,TGAACCGAGAGTAGCCACCT,0,5147936
yncEp,0.2,4,4,TCTTTACAGAATAGACTTAT,0,5147707
yncEp,0.2,4,4,TCTTAGCAAAGTAATACTAG,0,5147360
yncEp,0.2,4,4,TCTGCCTGATGCAAGGTGGC,0,5160180
yncEp,0.2,4,4,TCTGACCTCACTTATGGTAT,0,5152552
yncEp,0.2,4,4,TCTCATCACTACTCTGCCTT,0,5152229
yncEp,0.2,4,4,TCTACACCTGGATCATCAAC,0,5158712
yncEp,0.2,4,4,TCGCGTTGGCCAGAAAGCGT,0,5147747
yncEp,0.2,4,4,TCGCGTCGTTGCCCTACAAG,0,5148396
yncEp,0.2,4,4,TCGATTAACCGATCCTGAGC,0,5153592
yncEp,0.2,4,4,TCCTCTGCTGTATACTATAG,0,5146995
yncEp,0.2,4,4,TCCTAGCTTACTCCGATGGT,0,5151822
yncEp,0.2,4,4,TCCGTCAATTGTGCGGATTT,0,5161438
yncEp,0.2,4,4,TCCGAAACTGTTGAGGGCTT,0,5149800
yncEp,0.2,4,4,TCCCGGTACCGTCCTGTTAA,0,5158953
yncEp,0.2,4,4,TCCCCGCGCCGAAGACCACA,0,5146851
yncEp,0.2,4,4,TCCCACTTACTGCTTTGCGC,0,5147642
yncEp,0.2,4,4,TCATGAACTGGGTTTTAGCT,0,5150372
yncEp,0.2,4,4,TCATCGGTACAGCCGGTCGT,0,5155285
yncEp,0.2,4,4,TCATCACTCCGATGCTGTGA,0,5151776
yncEp,0.2,4,4,TCAGGGTAACATACTCCTTA,0,5158262
yncEp,0.2,4,4,TCACATCGGATCACTGAGGT,0,5149128
yncEp,0.2,4,4,TCAATTTATTGACAGCAGGT,0,5159929
yncEp,0.2,4,4,TCAAGTGTCCCCCTGTATAC,0,5159567
yncEp,0.2,4,4,TCAAGCACCTGATGGGTTAT,0,5147592
yncEp,0.2,4,4,TATTTCGTGCATAAATCACG,0,5149120
yncEp,0.2,4,4,TATTTAAATCTGTAACGATC,0,5154813
yncEp,0.2,4,4,TATTAGCGGCCGGACACTAC,0,5148066
yncEp,0.2,4,4,TATGGGTGGTTTGGCAGTCT,0,5157849
yncEp,0.2,4,4,TATCGGTTCCGCTTATGGGT,0,5149112
yncEp,0.2,4,4,TATCCCTCATGTGTTACGAA,0,5152654
yncEp,0.2,4,4,TATATGTTATCGTTCGTTTT,0,5147628
yncEp,0.2,4,4,TAGGGCGATACAGCGCTAAG,0,5160194
yncEp,0.2,4,4,TAGGCGTACTCTGGCGCTCG,0,5154101
yncEp,0.2,4,4,TAGGATATGGGTTCATGGCC,0,5147526
yncEp,0.2,4,4,TAGCTCTCGAGGCGGAGGAT,0,5161397
yncEp,0.2,4,4,TAGCGGCGCACTCACAACAG,0,5154087
yncEp,0.2,4,4,TAGACTCTCAAGCGGACCAT,0,5146888
yncEp,0.2,4,4,TACTCTACGTCTTCATAAAC,0,5162519
yncEp,0.2,4,4,TACTAACCTATCGGAGAAAG,0,5156424
yncEp,0.2,4,4,TACGTGAACGATCTCGCATC,0,5148479
yncEp,0.2,4,4,TACGGGACAAGGCAAGGGAT,0,5148650
yncEp,0.2,4,4,TACCTGGCAGTTAAGACATT,0,5161192
yncEp,0.2,4,4,TACCCGCGTTTCTGGGATGA,0,5162082
yncEp,0.2,4,4,TACCATGAAACAGGGGTTCG,0,5161437
yncEp,0.2,4,4,TACAATTATAACGATGATTT,0,5149464
yncEp,0.2,4,4,TAATCCTGTACGTTGAACAT,0,5152305
yncEp,0.2,4,4,TAATCACCGAGGTTATACAA,0,5150375
yncEp,0.2,4,4,TAAGTTGGGGAAATGCCATT,0,5146581
yncEp,0.2,4,4,TAACGCCTTTTCGAAACTCA,0,5155199
yncEp,0.2,4,4,TAACAGTCAGCTGTATGCTG,0,5150770
yncEp,0.2,4,4,TAAATATGACGCCAGGGGTA,0,5150409
yncEp,0.2,4,4,TAAACTTCGGGTATTGGTAC,0,5147631
yncEp,0.2,4,4,GTTTTCGGCGAACAGTTGAA,0,5146907
yncEp,0.2,4,4,GTTTCCTAGCGCCAAACGAT,0,5147233
yncEp,0.2,4,4,GTTGGCGTGTGATACATGTG,0,5157076
yncEp,0.2,4,4,GTTCGCTGCGGTGCGTCCCA,0,5155168
yncEp,0.2,4,4,GTTCAATACTCGCGAGGCCC,0,5147702
yncEp,0.2,4,4,GTTAGTTTCATGGGAGTCCA,0,5159256
yncEp,0.2,4,4,GTTAGGCTGGCATGTCGTAT,0,5160418
yncEp,0.2,4,4,GTGTCAAACCAGCGCCCAGT,0,5149515
yncEp,0.2,4,4,GTGTACATTAAAGAAAAAAG,0,5148884
yncEp,0.2,4,4,GTGGGTCCCCACGTGCGGAC,0,5146677
yncEp,0.2,4,4,GTGGACGTCATATGCCTATC,0,5158052
yncEp,0.2,4,4,GTGCATCTAAGGGCCGACTC,0,5145987
yncEp,0.2,4,4,GTGATTCGGGCGGTAGTTCA,0,5151090
yncEp,0.2,4,4,GTGAGCCAAGGGGGGGCGAG,0,5158410
yncEp,0.2,4,4,GTGAAGATGGGAGCTCTAAC,0,5156388
yncEp,0.2,4,4,GTCTGATTCCCTAGCTGTTG,0,5149841
yncEp,0.2,4,4,GTCGTGGTTACCAGTTAATT,0,5159045
yncEp,0.2,4,4,GTCGGGGCTAAGGGGGTTGC,0,5156822
yncEp,0.2,4,4,GTCGATTCCCGTCAGTTTGA,0,5149905
yncEp,0.2,4,4,GTCCGGCGTCCCTGTATGGG,0,5160766
yncEp,0.2,4,4,GTCATTATCGAGGTTCGAAG,0,5149762
yncEp,0.2,4,4,GTCAGGTCCGTGGTATGGAC,0,5150878
yncEp,0.2,4,4,GTCAATTCCGTACATCAGAA,0,5147698
yncEp,0.2,4,4,GTATTTCCTCCGACATCTCA,0,5158986
yncEp,0.2,4,4,GTAGTCGCCTAGGTTCGTTC,0,5151666
yncEp,0.2,4,4,GTAGCTAGGACTCGGCCCTT,0,5158067
yncEp,0.2,4,4,GTACCTTGGTGTGATTATAG,0,5157092
yncEp,0.2,4,4,GTAAGTGTGTGGATTGATGA,0,5148874
yncEp,0.2,4,4,GTAACCTGGTACGGATCCAA,0,5154678
yncEp,0.2,4,4,GTAACCCAAGAGTTCTACAC,0,5158956
yncEp,0.2,4,4,GTAAACGATTATTCGTCGCA,0,5146502
yncEp,0.2,4,4,GGTTTACGACGCGGCAGATT,0,5155052
yncEp,0.2,4,4,GGTTGCAGATATGCTTCGCA,0,5161964
yncEp,0.2,4,4,GGTTCTTTGTTTGATGTTTC,0,5158821
yncEp,0.2,4,4,GGTGCACGTAAGGGTCAAAT,0,5150779
yncEp,0.2,4,4,GGTGATTATTATCCTACGCG,0,5155226
yncEp,0.2,4,4,GGTCTCATTCGGGTAAGGCG,0,5151305
yncEp,0.2,4,4,GGTCGTATTTAGGCAGTGAT,0,5148441
yncEp,0.2,4,4,GGTCGGACTCAAAAAAGCCT,0,5149471
yncEp,0.2,4,4,GGTCGCTGGGGACCCCTGCC,0,5153915
yncEp,0.2,4,4,GGTCCTTTCCGCCACGATGG,0,5160228
yncEp,0.2,4,4,GGTAGGCATAATCGTCGAGT,0,5158279
yncEp,0.2,4,4,GGTAGCCAGCGCGATTGTGC,0,5147239
yncEp,0.2,4,4,GGTACTTGGCTACGCTCCCA,0,5150599
yncEp,0.2,4,4,GGTAAGGTCACTAACTTATA,0,5160758
yncEp,0.2,4,4,GGGTATAGCAGCCTCAACTC,0,5150924
yncEp,0.2,4,4,GGGTAGCCGTTTGCGTCCGT,0,5148502
yncEp,0.2,4,4,GGGGACAGCCTCATTATAGA,0,5155675
yncEp,0.2,4,4,GGGCTCGCAGGTTTCGACAT,0,5148732
yncEp,0.2,4,4,GGGCCCATTCTAGGGTTAAA,0,5148114
yncEp,0.2,4,4,GGGAGCATGACGGCTCCCGT,0,5150744
yncEp,0.2,4,4,GGGACTGGTCCGTGCATGAC,0,5153398
yncEp,0.2,4,4,GGGACCGTACCGTTTCGACG,0,5150495
yncEp,0.2,4,4,GGGAATGGCTGGTGGCCCTG,0,5149718
yncEp,0.2,4,4,GGGAAGACACGACTCTATAG,0,5160837
yncEp,0.2,4,4,GGCTTTCTTCGATAGGGCCC,0,5158050
yncEp,0.2,4,4,GGCTTGTAGAATTGACGCGA,0,5156921
yncEp,0.2,4,4,GGCTAACGCCCCAAAAGTTT,0,5155163
yncEp,0.2,4,4,GGCCTGTCTGAAGCGCACCT,0,5155686
yncEp,0.2,4,4,GGCCGATCACCTACCTTAAG,0,5149914
yncEp,0.2,4,4,GGCATACAGGAAATACATCT,0,5149661
yncEp,0.2,4,4,GGCAGTGAGACGGCAGAAAT,0,5160125
yncEp,0.2,4,4,GGCAGTCCAGTAATATTATG,0,5153363
yncEp,0.2,4,4,GGATAATAGCGTGGGCCATG,0,5156647
yncEp,0.2,4,4,GGAGGGGGTACCGGGGACTA,0,5146932
yncEp,0.2,4,4,GGAGGACGCAAGAAGACTGA,0,5160134
yncEp,0.2,4,4,GGAACAATCAGGTGGCTAGC,0,5158966
yncEp,0.2,4,4,GGAAAATCTAATCGAAAAAC,0,5146317
yncEp,0.2,4,4,GCTTGGAATTAAAATAGCGA,0,5156061
yncEp,0.2,4,4,GCTTGAAAGGTGCCGTATAT,0,5161508
yncEp,0.2,4,4,GCTTCTTCTCAGCGCGTTCC,0,5155425
yncEp,0.2,4,4,GCTTCCTTAATATTGGAACA,0,5146799
yncEp,0.2,4,4,GCTGCCCTCCAAACTTTTCC,0,5150762
yncEp,0.2,4,4,GCTCTTCGTATTCACACAAG,0,5157301
yncEp,0.2,4,4,GCTCTGGGACCCGAGGCAAC,0,5148531
yncEp,0.2,4,4,GCTCGTGTAAACCGCGAAAG,0,5148149
yncEp,0.2,4,4,GCTCGCGTTTAAAGGACTAT,0,5149828
yncEp,0.2,4,4,GCTCCTTTAACAAATAGGAT,0,5150033
yncEp,0.2,4,4,GCTAGGTCTGTCGCTCACAG,0,5154902
yncEp,0.2,4,4,GCTAGCACTGATGGCTGTGC,0,5162058
yncEp,0.2,4,4,GCGGGCATCCTAGTGAGCCC,0,5158397
yncEp,0.2,4,4,GCGGACTTATCTGGTTCGGA,0,5150155
yncEp,0.2,4,4,GCGAACGTTCGGCTTACGTC,0,5161730
yncEp,0.2,4,4,GCCTCCGGAAAAATTTTTCG,0,5161746
yncEp,0.2,4,4,GCCGTTAGTGTTGAACCTAC,0,5152030
yncEp,0.2,4,4,GCCGGGCTGCTAAGTCTCTT,0,5155190
yncEp,0.2,4,4,GCCGGGAGTAGTACACTAAA,0,5148050
yncEp,0.2,4,4,GCCGGCTCATGTGCTTCCGG,0,5147721
yncEp,0.2,4,4,GCCGAACCTCTTTCTACTAT,0,5149222
yncEp,0.2,4,4,GCCCCGTTCTTGACGTAGTT,0,5146658
yncEp,0.2,4,4,GCCAACCGGCCGGTGTAGAC,0,5146623
yncEp,0.2,4,4,GCATAACCTATCGCCTTACT,0,5157948
yncEp,0.2,4,4,GCACCTGAGATGCCGGACCG,0,5153045
yncEp,0.2,4,4,GCAAGATAGAAGGGTAATGC,0,5148657
yncEp,0.2,4,4,GCAAAACCTTGGATGACACA,0,5148977
yncEp,0.2,4,4,GATTTCAGCGGTATGAATTA,0,5162149
yncEp,0.2,4,4,GATTTAATCTCACGTAGACA,0,5152725
yncEp,0.2,4,4,GATTGGATAACCATTCGTGG,0,5161790
yncEp,0.2,4,4,GATTGAGTATACGTGAGTTT,0,5151169
yncEp,0.2,4,4,GATACTCACGCTCGACCAGC,0,5150454
yncEp,0.2,4,4,GAGTTACTTTAATACTAGAT,0,5155523
yncEp,0.2,4,4,GAGCGCGCCGAAAGGGATTT,0,5152766
yncEp,0.2,4,4,GAGATCATGGCTCCATCCCA,0,5156213
yncEp,0.2,4,4,GACTGTAAATTCGGTTAGTC,0,5160994
yncEp,0.2,4,4,GACGAAGTGGGCACCGTGTT,0,5151390
yncEp,0.2,4,4,GACCTGGAAGCCGTGTATGT,0,5154214
yncEp,0.2,4,4,GACATGGGAGTGTCATCCGC,0,5155733
yncEp,0.2,4,4,GAATGTTGGCCCGAGACCAT,0,5150391
yncEp,0.2,4,4,GAAGTCCAGAAGAAAGCAAG,0,5156223
yncEp,0.2,4,4,GAAGCGAATTTATACTTAGA,0,5155944
yncEp,0.2,4,4,GAAGAGCAGCCTAGGCCACT,0,5148000
yncEp,0.2,4,4,GAACTTATGTTCCATAAGTT,0,5158716
yncEp,0.2,4,4,GAACCCGAAAGAGCCGTAAA,0,5159307
yncEp,0.2,4,4,CTTGTAAGAGGCTGTTCATC,0,5156338
yncEp,0.2,4,4,CTTGCGGTGACCCACAGATG,0,5149332
yncEp,0.2,4,4,CTTCTCGCCGTGTGCCAAAT,0,5146783
yncEp,0.2,4,4,CTTATGCCGTATAAGCAGCC,0,5162226
yncEp,0.2,4,4,CTTATACGTCTGCGCGTTTG,0,5150628
yncEp,0.2,4,4,CTGGCATGTTGATCATGAGA,0,5146320
yncEp,0.2,4,4,CTGCGTCGTGGGTAAGTATC,0,5148667
yncEp,0.2,4,4,CTGCGTCGAATGTAAGTTCA,0,5155804
yncEp,0.2,4,4,CTGCCTACCTGCGCAACTGG,0,5151786
yncEp,0.2,4,4,CTGCCCAATTTACTCAATCT,0,5157715
yncEp,0.2,4,4,CTGCATTATAACGGATCTGT,0,5155870
yncEp,0.2,4,4,CTGATAGGCGCGGCTATTTC,0,5156054
yncEp,0.2,4,4,CTGAGGCTTTACTCGTCGTT,0,5154892
yncEp,0.2,4,4,CTCTTCCTCTTCATGTATCA,0,5146249
yncEp,0.2,4,4,CTCTACCACGTTGGCGTATT,0,5150338
yncEp,0.2,4,4,CTCGTGCGGCGCACATCCAT,0,5149506
yncEp,0.2,4,4,CTCGGCTCCAAGAGCAGTCA,0,5150346
yncEp,0.2,4,4,CTCGCGGTCTCTAATACTAG,0,5156622
yncEp,0.2,4,4,CTCGAAAGCGATCGTCTTCT,0,5157748
yncEp,0.2,4,4,CTCCTTGTCCCGGACATGGT,0,5155872
yncEp,0.2,4,4,CTCCGTAATAGCTCCGAAGT,0,5151721
yncEp,0.2,4,4,CTCAGTTCCTTCCGGATGTC,0,5156686
yncEp,0.2,4,4,CTCAACTTTAGTTGTTGTGA,0,5149971
yncEp,0.2,4,4,CTATAGGCGTGCACGATAGG,0,5149347
yncEp,0.2,4,4,CTAGCAGCTTCGTTCAATAA,0,5147897
yncEp,0.2,4,4,CTAGAGCATGGGGCACCCAG,0,5146149
yncEp,0.2,4,4,CTACTTCAAGCAAAGGGATT,0,5154521
yncEp,0.2,4,4,CTACGTTACACTGGGTCACT,0,5157252
yncEp,0.2,4,4,CTACGCGAGACCCGGATTCA,0,5146572
yncEp,0.2,4,4,CTACGATTGGTTTAAAAACT,0,5152887
yncEp,0.2,4,4,CGTTGCCCAACGTGCGTCTA,0,5152894
yncEp,0.2,4,4,CGTGGCAATACTCTTTTTCA,0,5155241
yncEp,0.2,4,4,CGTGCTTACTTCACAGACCG,0,5147054
yncEp,0.2,4,4,CGTGATTTCGACCACGCCCC,0,5156909
yncEp,0.2,4,4,CGTGAGTAATTTATTTCGTT,0,5147670
yncEp,0.2,4,4,CGTCGGCCTTCAACGGGTTA,0,5159412
yncEp,0.2,4,4,CGTAGTAGGGGTACGCTGTT,0,5157440
yncEp,0.2,4,4,CGTAGGTTGTACATCTGCCA,0,5157063
yncEp,0.2,4,4,CGTAGACATGACGCGATTTT,0,5148116
yncEp,0.2,4,4,CGGTAGGTATCCAGAAGTGG,0,5147386
yncEp,0.2,4,4,CGGGACCGTAAATCCACTAG,0,5148025
yncEp,0.2,4,4,CGGGAACACGTCTGTCCCTA,0,5161907
yncEp,0.2,4,4,CGGCTTTGGTTGGGGCTTTT,0,5152412
yncEp,0.2,4,4,CGGCCAATCTGTTGACCACG,0,5148769
yncEp,0.2,4,4,CGGATTCCCTCTCGCACCCT,0,5154153
yncEp,0.2,4,4,CGCTTAAGGTAATTTGTTAG,0,5153031
yncEp,0.2,4,4,CGCGTCGTCTTTCGCGATTG,0,5150203
yncEp,0.2,4,4,CGCCACAGCGGCGAGCGAAT,0,5157522
yncEp,0.2,4,4,CGCAGCCAATGTAGGGATCG,0,5162310
yncEp,0.2,4,4,CGCAAAAGCGCCCTCAGGGC,0,5154201
yncEp,0.2,4,4,CGACTGTTATGGGTATATCG,0,5153716
yncEp,0.2,4,4,CGACGTGCACATATAAAGAG,0,5150571
yncEp,0.2,4,4,CGACATCGTATAGCTATCCC,0,5155452
yncEp,0.2,4,4,CGACAGAACCGGAAAGAAAC,0,5155605
yncEp,0.2,4,4,CGACAATAGCTTAAGTGACA,0,5151801
yncEp,0.2,4,4,CGAAGGAGGGTGCCCCGTGA,0,5149015
yncEp,0.2,4,4,CCTTATACTAGCATGACTGA,0,5157536
yncEp,0.2,4,4,CCTTAACGCATTACGAAACT,0,5151370
yncEp,0.2,4,4,CCTCCCCCCATGAAATGTGT,0,5150290
yncEp,0.2,4,4,CCTCAGCTCAGCTCAGTATA,0,5158035
yncEp,0.2,4,4,CCGTTGGCTTGAAGGATATT,0,5158209
yncEp,0.2,4,4,CCGGGGAGCTGTTACTGATG,0,5152900
yncEp,0.2,4,4,CCGGCTACCCTTCGACACAA,0,5152632
yncEp,0.2,4,4,CCGATATGTACGATTTCCGT,0,5162382
yncEp,0.2,4,4,CCGACTAGGATACTGCGCGT,0,5154483
yncEp,0.2,4,4,CCCGGCACCCGAACAGGCTT,0,5157147
yncEp,0.2,4,4,CCCGCGGTTGTGAGTTAGAC,0,5156524
yncEp,0.2,4,4,CCCCTAATTGGGTGAGTTTT,0,5157884
yncEp,0.2,4,4,CCCCGAGCCTGAAGGCTCTT,0,5149556
yncEp,0.2,4,4,CCCCAGAAGGGGCGTTACGG,0,5158745
yncEp,0.2,4,4,CCAGCTCATAAAACATACAG,0,5160706
yncEp,0.2,4,4,CCACATGGAGTACTTCGTGT,0,5153499
yncEp,0.2,4,4,CCACAAAACCGCAGCTAGGT,0,5155225
yncEp,0.2,4,4,CATTCAAAACACGTTGTAAG,0,5155715
yncEp,0.2,4,4,CATTAAACAAGTAGTGACCA,0,5149505
yncEp,0.2,4,4,CATGTATCCATCTCGGCATA,0,5145907
yncEp,0.2,4,4,CATCTTCAGGCAAAGGTATT,0,5149460
yncEp,0.2,4,4,CATCGAAAGTCGGCTGGGCA,0,5149173
yncEp,0.2,4,4,CATCCGCGCGGACTCTCTCG,0,5161804
yncEp,0.2,4,4,CATAAAATAAGCATCATCGG,0,5156905
yncEp,0.2,4,4,CAGTGGGTTGAGCGGGGCCT,0,5155106
yncEp,0.2,4,4,CAGTACGTTAGGTAGTTTCG,0,5158083
yncEp,0.2,4,4,CAGGACTGGGAAAAGATGCC,0,5147857
yncEp,0.2,4,4,CAGCTGCCGTCTAGGGTCTC,0,5147473
yncEp,0.2,4,4,CAGCTATACAACTATGATTC,0,5160212
yncEp,0.2,4,4,CAGCAGTTGGAAATGCTCAT,0,5157512
yncEp,0.2,4,4,CAGCAAAGTCAACTTTTCCT,0,5155687
yncEp,0.2,4,4,CAGACAATCCCTACAACTCA,0,5153897
yncEp,0.2,4,4,CAGAAAAACATAAGTTGCGC,0,5149186
yncEp,0.2,4,4,CACTTCACATCTCATCTATT,0,5151391
yncEp,0.2,4,4,CACTATGAAGTAGCGTTACA,0,5156086
yncEp,0.2,4,4,CACGTTCTACACAGGCACGT,0,5155679
yncEp,0.2,4,4,CACCTAGCGGAGAGCTCCTC,0,5150743
yncEp,0.2,4,4,CACCGTACTCCCGCTATTAG,0,5159499
yncEp,0.2,4,4,CACCCGTGATTTGGCCTGCT,0,5148529
yncEp,0.2,4,4,CACCCCGAGACCGGGCAGTG,0,5150869
yncEp,0.2,4,4,CACATCTCCGCTTAGGACTG,0,5146108
yncEp,0.2,4,4,CACAGGCTTAGAGGCGAATA,0,5155501
yncEp,0.2,4,4,CACAACATGTGTCCACGTGG,0,5158713
yncEp,0.2,4,4,CACAAAGCGCAACGTACGGG,0,5147038
yncEp,0.2,4,4,CAATATGAGCACGGTAAATC,0,5159150
yncEp,0.2,4,4,CAATATACCGGGGGGATCGT,0,5146101
yncEp,0.2,4,4,CAAGGAGCTGTGGGTACAGT,0,5158765
yncEp,0.2,4,4,CAAGAGCCTTGCTTAACGTT,0,5148099
yncEp,0.2,4,4,CAAGACGTCCTCTCTACCAC,0,5145990
yncEp,0.2,4,4,CAACGTGCGGTAGAAATCGG,0,5150712
yncEp,0.2,4,4,CAACGAGAGGTAACCCGCTC,0,5158301
yncEp,0.2,4,4,CAACCACAGCATGTTACATA,0,5160973
yncEp,0.2,4,4,CAAAGGCAACACTTTCCAAC,0,5147758
yncEp,0.2,4,4,CAAAGAGAAGTACGGGGTAC,0,5151392
yncEp,0.2,4,4,ATTTCCACATTTAACAAGAC,0,5153385
yncEp,0.2,4,4,ATTCGGCAGGCATAGTGTGT,0,5159779
yncEp,0.2,4,4,ATTAGATATCTACACCAGTG,0,5156711
yncEp,0.2,4,4,ATTAGACATTGTGGCCCTGG,0,5149483
yncEp,0.2,4,4,ATTACTCGACCAAAGTCGAG,0,5158957
yncEp,0.2,4,4,ATTAACCAACGATCTGGGTG,0,5158253
yncEp,0.2,4,4,ATGTTGATACAGAATGTATG,0,5157460
yncEp,0.2,4,4,ATGTAGCCGGTACCAGATAA,0,5153083
yncEp,0.2,4,4,ATGGGGGGGTATCCGATATC,0,5154784
yncEp,0.2,4,4,ATGGGCTTTGCCGGTAGACC,0,5151962
yncEp,0.2,4,4,ATGGCTTACTGTACTTTTTT,0,5160342
yncEp,0.2,4,4,ATGGCGTGAGTAAGCGGGAC,0,5153352
yncEp,0.2,4,4,ATGGAGCGAGCAGAGGTCTA,0,5162496
yncEp,0.2,4,4,ATGCTGTACATCGATGACCG,0,5152137
yncEp,0.2,4,4,ATGCACGATGCGATGCCAAA,0,5152416
yncEp,0.2,4,4,ATGAATCCTGCCCTCATCTA,0,5157876
yncEp,0.2,4,4,ATCTTTGTGTATATATCTTG,0,5152049
yncEp,0.2,4,4,ATCTCCAAACGTTATCCCAG,0,5151248
yncEp,0.2,4,4,ATCCTACGGCAGTTGCTAGG,0,5152419
yncEp,0.2,4,4,ATATTCAGAGACGGCTTAGG,0,5148495
yncEp,0.2,4,4,ATATGACTGGACTAGAACAT,0,5148316
yncEp,0.2,4,4,ATATCCTTTTGACCCGTTCC,0,5158817
yncEp,0.2,4,4,ATATCAAGTTGTCTTCTAAG,0,5162011
yncEp,0.2,4,4,ATAGTGTGAAGACCGGGGCT,0,5146853
yncEp,0.2,4,4,ATAGCGCGACACGGCTTTCT,0,5156408
yncEp,0.2,4,4,ATAGAAGGCATGCCGTTTCA,0,5150199
yncEp,0.2,4,4,ATACCCGATGCGTTCATTCA,0,5151659
yncEp,0.2,4,4,AGTTTCGCGTGAATGACACA,0,5152332
yncEp,0.2,4,4,AGTTGAGAATTAGATATCGT,0,5152604
yncEp,0.2,4,4,AGTTAATGGCCAGGACATAC,0,5149932
yncEp,0.2,4,4,AGTGTTTGGCTAGAGTGCAT,0,5161799
yncEp,0.2,4,4,AGTGAAGAGAGCTGACGAAG,0,5158093
yncEp,0.2,4,4,AGTCAAGAGCCACCGATACG,0,5157904
yncEp,0.2,4,4,AGTAACCGGGAACTCGTAGT,0,5162264
yncEp,0.2,4,4,AGGTCCGTCGATACCTGGCT,0,5151376
yncEp,0.2,4,4,AGGTCACAGTCGGACAGTCT,0,5148974
yncEp,0.2,4,4,AGGTACAGAGTGGATACGTT,0,5157241
yncEp,0.2,4,4,AGGGTGATGCTCAAATCATG,0,5148594
yncEp,0.2,4,4,AGGGCAATTCGCCTAGTAAC,0,5146060
yncEp,0.2,4,4,AGGCTTTTTCCCTTCATCTT,0,5159694
yncEp,0.2,4,4,AGGATGATTCCATTCTCGAC,0,5145974
yncEp,0.2,4,4,AGGATCGGGCCAATAAACCA,0,5156267
yncEp,0.2,4,4,AGGAAACAAACAGGGAGGCA,0,5145867
yncEp,0.2,4,4,AGCTTTGGGGTAAAGCGTCT,0,5157710
yncEp,0.2,4,4,AGCTTAGAAAAACTAGCGAC,0,5149039
yncEp,0.2,4,4,AGCTATTGACCGGCGATCCT,0,5148672
yncEp,0.2,4,4,AGCTAGTTCCGAAGGCTCGG,0,5161932
yncEp,0.2,4,4,AGCGTCAGTCGGTGATAATG,0,5152655
yncEp,0.2,4,4,AGCGTATGGTACGGTTCAGG,0,5146402
yncEp,0.2,4,4,AGCGCCCTGAAACATCACTA,0,5149546
yncEp,0.2,4,4,AGCCTTTGGTGATTTTCGCT,0,5159888
yncEp,0.2,4,4,AGCCGAAACATATTGTTGCA,0,5160213
yncEp,0.2,4,4,AGCCCTGGGCCAATGTTATA,0,5162425
yncEp,0.2,4,4,AGCATGTCATGACTGAATAC,0,5157920
yncEp,0.2,4,4,AGCATACGAGAGTTATACTC,0,5151323
yncEp,0.2,4,4,AGCAGTCGCGAGTGCTCTAC,0,5159485
yncEp,0.2,4,4,AGATGTCTTCTTCCAGATTT,0,5158219
yncEp,0.2,4,4,AGAGTGCGGCCTCACGCGCG,0,5155462
yncEp,0.2,4,4,AGACAATATTATTAACAGTC,0,5153157
yncEp,0.2,4,4,AGAACATGTGTTATATAGGT,0,5158184
yncEp,0.2,4,4,AGAAAGTGACGGCCAGTCAC,0,5153501
yncEp,0.2,4,4,ACTTGGGAACTGCGGCAGTG,0,5153365
yncEp,0.2,4,4,ACTTATTAGCAAAATATAGA,0,5149280
yncEp,0.2,4,4,ACTGTACCGTAACTGGACCA,0,5157909
yncEp,0.2,4,4,ACTCGGTCTGACCGCATCTA,0,5155339
yncEp,0.2,4,4,ACTATGCCTGTAGTTCATTC,0,5151539
yncEp,0.2,4,4,ACTAATACAGCACCCCTCTG,0,5157647
yncEp,0.2,4,4,ACTAACCACCGGATTTACAT,0,5151110
yncEp,0.2,4,4,ACGTTGGGAATAAGGTCTTA,0,5151141
yncEp,0.2,4,4,ACGCGCACAACTTGTGCGGC,0,5153131
yncEp,0.2,4,4,ACGCCGCCCAGTTTAAGCAG,0,5157139
yncEp,0.2,4,4,ACGATTACGCTAGGTTGTGG,0,5161757
yncEp,0.2,4,4,ACGAGTTCTCTAAATAATCA,0,5157165
yncEp,0.2,4,4,ACGACGCCCACAATAGCCCA,0,5155059
yncEp,0.2,4,4,ACCTGTCGGAGGCTTTATTT,0,5150716
yncEp,0.2,4,4,ACCTACTCATACAAAATGCG,0,5155757
yncEp,0.2,4,4,ACCGTGAAATTCTGATACTT,0,5161149
yncEp,0.2,4,4,ACCCTACGTATTCGCAGCTT,0,5150793
yncEp,0.2,4,4,ACCCACCATAACGCAATACT,0,5159171
yncEp,0.2,4,4,ACCATTCTCATATAACTTTC,0,5155104
yncEp,0.2,4,4,ACACGTTATAAGATGCTTAC,0,5153909
yncEp,0.2,4,4,ACACGAGCAGCTTTATGGAT,0,5152489
yncEp,0.2,4,4,ACAAGTATCTTCGTGGGTTA,0,5157917
yncEp,0.2,4,4,ACAAAGGCAACTCTTTGCAA,0,5146999
yncEp,0.2,4,4,AATTTCCTCTGAAGGTGTCA,0,5153196
yncEp,0.2,4,4,AATTCACTGTTTTTACCGCA,0,5151135
yncEp,0.2,4,4,AATGTGGGTACATCGAGGGA,0,5156961
yncEp,0.2,4,4,AATCTCTAGCCACTACCTCG,0,5159117
yncEp,0.2,4,4,AATCCCGCGTCTCTCAGTAG,0,5161022
yncEp,0.2,4,4,AATAGCCGCGCAGACCGGTC,0,5147281
yncEp,0.2,4,4,AATAACGTTGATGACACGCA,0,5157938
yncEp,0.2,4,4,AAGTGATATGTATGATTAAT,0,5153014
yncEp,0.2,4,4,AAGTCCTTGGGACAAGGTAA,0,5159313
yncEp,0.2,4,4,AAGTCATTTCACACGTCTCC,0,5162140
yncEp,0.2,4,4,AAGTAGGATTTATTTTGTGC,0,5147037
yncEp,0.2,4,4,AAGCGTATTCGTCGATTAGG,0,5150654
yncEp,0.2,4,4,AAGCCTTATATTAAGCACAC,0,5152783
yncEp,0.2,4,4,AAGAGCTTACCAGAGCCAAG,0,5155175
yncEp,0.2,4,4,AAGACTACACGTTATGACAA,0,5148243
yncEp,0.2,4,4,AAGAACAGTCGCAGGTACAG,0,5158981
yncEp,0.2,4,4,AAGAAACACCTTGACGCGGT,0,5153661
yncEp,0.2,4,4,AACTTGTCGGCTAACTGCTT,0,5147609
yncEp,0.2,4,4,AACTGGGAAGATTCACGCCT,0,5153483
yncEp,0.2,4,4,AACTAGGAAACTTTCCCCAA,0,5151629
yncEp,0.2,4,4,AACCTCATGCCACCGGGACC,0,5146920
yncEp,0.2,4,4,AACCGTGACGTAGGGCGTCT,0,5159687
yncEp,0.2,4,4,AACATCCAGCATATGATTGA,0,5158451
yncEp,0.2,4,4,AACATATCCGCTGTTGAGCT,0,5160494
yncEp,0.2,4,4,AACAGCCGCCACTCTTAGGG,0,5160067
yncEp,0.2,4,4,AACACTTAACGTGTTTCCTC,0,5157819
yncEp,0.2,4,4,AACAAGTGGCCTCACGGTCA,0,5151172
yncEp,0.2,4,4,AAATCCCATCGGGGACGGCT,0,5156046
yncEp,0.2,4,4,AAAGTAGTCGGTAACACTTT,0,5145767
yncEp,0.2,4,4,AAACCGCGTTGGAGGCCTTA,0,5160381
yncEp,0.2,4,4,AAACACATTAAGTCAATGTC,0,5161645
yncEp,0.2,4,4,AAAATTTAGAGGGGTATCTC,0,5162021
yncEp,0.2,4,4,AAAAATCTAGGCCTGCCGTA,0,5158086
yncEp,0.25,3,3,TTTTTTAGTGGAAAAACCTG,0,5152519
yncEp,0.25,3,3,TTTTTGCACTGTTCATGCAT,0,5158022
yncEp,0.25,3,3,TTTTGTGGCCCCCGTTAATG,0,5146062
yncEp,0.25,3,3,TTTTCTTGTTAGGGGACAAC,0,5149257
yncEp,0.25,3,3,TTTTCCATGGCCCCTTATGT,0,5158445
yncEp,0.25,3,3,TTTTCATACGTACGGCAGGT,0,5160152
yncEp,0.25,3,3,TTTTCACAGCCCAGGGCTCT,0,5158726
yncEp,0.25,3,3,TTTTAGGGACTTTTCCTGCT,0,5158955
yncEp,0.25,3,3,TTTTACTCTACTGGGATACA,0,5155004
yncEp,0.25,3,3,TTTTACGTTTTCGATGAGGT,0,5150123
yncEp,0.25,3,3,TTTTACCTAGCAAAGCTCAA,0,5156571
yncEp,0.25,3,3,TTTTAATGCTATGTACAGGC,0,5159729
yncEp,0.25,3,3,TTTGTGTACTTACTACAGTA,0,5148799
yncEp,0.25,3,3,TTTGCAATATGGCAGTCCGT,0,5148302
yncEp,0.25,3,3,TTTCTCTAGTGCATCGATGG,0,5155437
yncEp,0.25,3,3,TTTCTCATGTGCGATTGCCA,0,5152695
yncEp,0.25,3,3,TTTCTAGCGCGTCCTATATC,0,5159697
yncEp,0.25,3,3,TTTCGCAGGGTCTTGGGCCA,0,5148452
yncEp,0.25,3,3,TTTCCGGGCCTGGGGGACCC,0,5158793
yncEp,0.25,3,3,TTTCATGGCCGTCTGGCTAA,0,5155464
yncEp,0.25,3,3,TTTAGAGCGTTTTTACATGG,0,5148784
yncEp,0.25,3,3,TTTACGGTCAATTAACTACA,0,5160146
yncEp,0.25,3,3,TTTACAATAGTGGGGCTGTT,0,5156268
yncEp,0.25,3,3,TTTAACTATTACGGCACTTG,0,5154111
yncEp,0.25,3,3,TTGTGATAAGCAGCGCTACA,0,5160997
yncEp,0.25,3,3,TTGTCTCCGTTTTTGCATTT,0,5146771
yncEp,0.25,3,3,TTGGTTCGAGGCCCACCTGA,0,5157604
yncEp,0.25,3,3,TTGGATCAGAAATTGCGGCG,0,5155103
yncEp,0.25,3,3,TTGCACTCGGACCCAGAGTA,0,5158711
yncEp,0.25,3,3,TTGCACGGATACTCCCGGTC,0,5156461
yncEp,0.25,3,3,TTGAGAAGGTCTAGCGTGAA,0,5153709
yncEp,0.25,3,3,TTGACACTACCTGTTCGTGG,0,5153530
yncEp,0.25,3,3,TTGAATCTGTGCGTCTGCGC,0,5146585
yncEp,0.25,3,3,TTCTTTGGACAAGGGCCGGT,0,5159677
yncEp,0.25,3,3,TTCTTGGTAAGCAAGTTATC,0,5148761
yncEp,0.25,3,3,TTCTTCTTGGCACGAGACAC,0,5159860
yncEp,0.25,3,3,TTCGTTACAGACGCAATGGG,0,5150713
yncEp,0.25,3,3,TTCGTGGACGGACTTAACAC,0,5148481
yncEp,0.25,3,3,TTCGCTAACTAGCCGGTTCA,0,5159851
yncEp,0.25,3,3,TTCGCCTAACCATGGTGGGT,0,5157345
yncEp,0.25,3,3,TTCGAGACCCATATCCGTCT,0,5161124
yncEp,0.25,3,3,TTCGAAATACCGGCGTGGTA,0,5157672
yncEp,0.25,3,3,TTCCTGTCGGATCCGTCGAA,0,5162554
yncEp,0.25,3,3,TTCCAAGTATTACGGTCCGT,0,5155667
yncEp,0.25,3,3,TTCAAACCAAGGCACGAATC,0,5156679
yncEp,0.25,3,3,TTATTACCGGGCCAGGCCTA,0,5153048
yncEp,0.25,3,3,TTATAAGCGGCGGGACTATG,0,5149814
yncEp,0.25,3,3,TTAGTGTTACGCGTAGGAGC,0,5149209
yncEp,0.25,3,3,TTAGACACTATTTACCCGTG,0,5159976
yncEp,0.25,3,3,TTACTCTTCTTAGCGATGAG,0,5159086
yncEp,0.25,3,3,TTACGAGCCTTCGCACGACA,0,5157599
yncEp,0.25,3,3,TTAATCCACGACTCGACGGT,0,5149605
yncEp,0.25,3,3,TTAATCACTCTATACGTACA,0,5155626
yncEp,0.25,3,3,TTAAGCCCCCATGTTTGGGT,0,5147273
yncEp,0.25,3,3,TTAAACACTACGCTCCTGAT,0,5147746
yncEp,0.25,3,3,TGTGGGTTTCCGGTACCCAT,0,5157114
yncEp,0.25,3,3,TGTGCCATTAGTAAGGTTGC,0,5152154
yncEp,0.25,3,3,TGTCAAAGCTAGACCAGTTG,0,5154233
yncEp,0.25,3,3,TGGTTTCCAGACCGCCCTAA,0,5160831
yncEp,0.25,3,3,TGGTTGATCCAGCCCTATCC,0,5149432
yncEp,0.25,3,3,TGGTTGATATGGGAGATCTG,0,5149949
yncEp,0.25,3,3,TGGTTAGAAAACACGCACTT,0,5157012
yncEp,0.25,3,3,TGGGGAGTAGTGAGCCATGC,0,5146732
yncEp,0.25,3,3,TGGGAATAGTCTAGTATACC,0,5146608
yncEp,0.25,3,3,TGGCTGTTCCGCTCCGAAAT,0,5156082
yncEp,0.25,3,3,TGGCGGAAAGATCATACTTT,0,5156521
yncEp,0.25,3,3,TGGCCCGCGGAGCAGCCGGC,0,5156032
yncEp,0.25,3,3,TGGCCCAGAAGAGACGCCCA,0,5149184
yncEp,0.25,3,3,TGGAGCCGCGACAGCCTATT,0,5152598
yncEp,0.25,3,3,TGCTTACTCAATTCATCTGG,0,5152138
yncEp,0.25,3,3,TGCTCTCAGTAATGCCCCGC,0,5152242
yncEp,0.25,3,3,TGCGACGATCTCGGATAAGG,0,5151290
yncEp,0.25,3,3,TGCATTGATCGGTTACGTTA,0,5153376
yncEp,0.25,3,3,TGCACAGCCAGGCCTTGACC,0,5153928
yncEp,0.25,3,3,TGATTGGATAATGTCTTTTA,0,5153771
yncEp,0.25,3,3,TGATGGAACGACATAGGAAG,0,5151793
yncEp,0.25,3,3,TGATATTAGTATTGAAATCA,0,5157207
yncEp,0.25,3,3,TGAGTGTTGTTTGTAAGGCC,0,5149201
yncEp,0.25,3,3,TGAGTAACGTGTGAGGTGGG,0,5149777
yncEp,0.25,3,3,TGAGAACCCGACCAAGGTCA,0,5156214
yncEp,0.25,3,3,TGACTTTGACGGTCGCGCAT,0,5146833
yncEp,0.25,3,3,TGACAACAATTTCGGTGACA,0,5148504
yncEp,0.25,3,3,TGAAGTTAGCACTGGTAAAC,0,5154961
yncEp,0.25,3,3,TGAAGCTAGCCTGATATGAA,0,5149004
yncEp,0.25,3,3,TGAAATGGGGCCTTCTCAAA,0,5155644
yncEp,0.25,3,3,TCTTCGTCGGTAGACAGCGC,0,5161281
yncEp,0.25,3,3,TCTTACCGTGGGAGGACAGT,0,5148556
yncEp,0.25,3,3,TCTGTTGTGTTCATGGAGGT,0,5149398
yncEp,0.25,3,3,TCTGTGTTATTGCATGAGGG,0,5159102
yncEp,0.25,3,3,TCTGGAACGGGGTAGGCAAT,0,5148807
yncEp,0.25,3,3,TCTGCAAGGTCATATGGACT,0,5150154
yncEp,0.25,3,3,TCTCGGGCAGCGCCCTACAT,0,5161221
yncEp,0.25,3,3,TCTCCGATGAGCGGGATCTT,0,5149720
yncEp,0.25,3,3,TCTACGTTCGCGCCTAAAGA,0,5153389
yncEp,0.25,3,3,TCTAAGGCGGAAATGGAATC,0,5146330
yncEp,0.25,3,3,TCGTCTTCCTGTGCTACTGA,0,5156808
yncEp,0.25,3,3,TCGTCCACCAAGATGCGTAA,0,5161672
yncEp,0.25,3,3,TCGGTAAACAGGAGCCGTGA,0,5155124
yncEp,0.25,3,3,TCGGAGGATATGCATAGTAA,0,5154705
yncEp,0.25,3,3,TCGCGTGACGAGACTTAATC,0,5160620
yncEp,0.25,3,3,TCGCGATATTACCGATGATT,0,5152195
yncEp,0.25,3,3,TCGCCAGTAGAAGCCGATCC,0,5150510
yncEp,0.25,3,3,TCGCCACTGAGGCTGACTAT,0,5161836
yncEp,0.25,3,3,TCGACGCATACATAGGGGGA,0,5149936
yncEp,0.25,3,3,TCGAAACGCGAACTGGAACA,0,5148251
yncEp,0.25,3,3,TCCTTGCAAGCCCAACGCGT,0,5161968
yncEp,0.25,3,3,TCCTAATAGGGACTTCACTC,0,5159316
yncEp,0.25,3,3,TCCCATATTGGAATGGTGTA,0,5157866
yncEp,0.25,3,3,TCCATCGGCATCTGCCACGT,0,5161658
yncEp,0.25,3,3,TCATGGGGCAAAGTGCACCA,0,5146638
yncEp,0.25,3,3,TCATCTCTTTCCATCGGTCT,0,5160933
yncEp,0.25,3,3,TCATCCACAACAAGTCACCT,0,5154844
yncEp,0.25,3,3,TCATAGTAAACGATACCAAC,0,5148108
yncEp,0.25,3,3,TCAGCCGAATTGAGATCGTA,0,5154328
yncEp,0.25,3,3,TCAGCCATGTCCTCTAGCTG,0,5157011
yncEp,0.25,3,3,TCAGATCATTCGGCACGGTA,0,5154054
yncEp,0.25,3,3,TCAGAAGGTGTAGCGGACAC,0,5162335
yncEp,0.25,3,3,TCAACCGTTGGGAAGCGTGT,0,5156669
yncEp,0.25,3,3,TCAACCACCGCGTTGCAAGG,0,5148201
yncEp,0.25,3,3,TCAAAACAATGGGTCATTAA,0,5149284
yncEp,0.25,3,3,TATTTGTTATGCTTATATAT,0,5151214
yncEp,0.25,3,3,TATTTACTTAGTACCTTGTA,0,5155597
yncEp,0.25,3,3,TATTCTAATCGCTGGTAGTC,0,5147604
yncEp,0.25,3,3,TATTCGGTCGGAGTCGCGGT,0,5155111
yncEp,0.25,3,3,TATTATACTGGCTCGGCAAA,0,5155414
yncEp,0.25,3,3,TATTATACGGGCCATTGGAA,0,5149781
yncEp,0.25,3,3,TATGGTATGGTTGACAGGTT,0,5151006
yncEp,0.25,3,3,TATGCGTCCACCCCCGAGGG,0,5146654
yncEp,0.25,3,3,TATGAATCTTCCAGCTCGAG,0,5148797
yncEp,0.25,3,3,TATGAACTGTATCTGTTGTG,0,5152892
yncEp,0.25,3,3,TATCGGTGGGGAGTAAGAAT,0,5152359
yncEp,0.25,3,3,TATCGACGCCTTAATCTTAA,0,5157633
yncEp,0.25,3,3,TATATGCATCCTAGGCCTTT,0,5158008
yncEp,0.25,3,3,TATACTTCAGATATGGGAAA,0,5149269
yncEp,0.25,3,3,TAGTTTGGGATCCTCTCGGA,0,5152688
yncEp,0.25,3,3,TAGGCCTTTCCAAGAGGACT,0,5146444
yncEp,0.25,3,3,TAGGACTGGAGATCGGGTAA,0,5148563
yncEp,0.25,3,3,TAGCCAATGCCTAAACACTT,0,5151830
yncEp,0.25,3,3,TAGAGCGCACCGTGGATCGA,0,5161058
yncEp,0.25,3,3,TAGAGCAAATTTATTGTTGT,0,5154532
yncEp,0.25,3,3,TAGAGATGGAGTATGAAGCT,0,5159516
yncEp,0.25,3,3,TAGAAGAAAGGTGCCAGGGG,0,5148133
yncEp,0.25,3,3,TACTTTAACGCCACGAAATA,0,5160402
yncEp,0.25,3,3,TACTGTTGCTCCTGATTGGT,0,5148694
yncEp,0.25,3,3,TACTGCAAGAGTTACATTGA,0,5157028
yncEp,0.25,3,3,TACGTTGAGAAGTAATGATT,0,5145857
yncEp,0.25,3,3,TACGGGTATGCAAAGCGTGA,0,5156406
yncEp,0.25,3,3,TACGAACGACCTGTATTGTG,0,5155963
yncEp,0.25,3,3,TACGAAACGTTCTGTGACAT,0,5147697
yncEp,0.25,3,3,TACCGTCTCTAACGACTCGT,0,5153033
yncEp,0.25,3,3,TACCGGAGTCTAGGACGATT,0,5152832
yncEp,0.25,3,3,TACCCTGGGAGCTTGCTGGT,0,5147842
yncEp,0.25,3,3,TACACTACGGTCTGATGCGT,0,5155580
yncEp,0.25,3,3,TAATGGCAAGTACTAATATA,0,5158972
yncEp,0.25,3,3,TAATGCGTCATAGCGAGCCA,0,5154246
yncEp,0.25,3,3,TAATCGGGCGATCACTGTCG,0,5151059
yncEp,0.25,3,3,TAAGGTTGCATATTCGATTT,0,5157398
yncEp,0.25,3,3,TAAGAGAGCCAGTGATTGCG,0,5148627
yncEp,0.25,3,3,TAACGGACCCGTCCGGACCA,0,5148909
yncEp,0.25,3,3,TAAATGGGCAAAGTGTAATC,0,5153450
yncEp,0.25,3,3,TAAATCCAGCCGACGTCATG,0,5146674
yncEp,0.25,3,3,TAAAGTAGAGACAACTCAAA,0,5146204
yncEp,0.25,3,3,TAAACTTCTAAGCCAGCCGC,0,5162270
yncEp,0.25,3,3,TAAACGGAGCGTAGGACGCG,0,5145774
yncEp,0.25,3,3,TAAACCCCATGTAACTGGAA,0,5159298
yncEp,0.25,3,3,GTTTTTCACGGACAATACGG,0,5153227
yncEp,0.25,3,3,GTTTTGCTGAATTTCTTATA,0,5158078
yncEp,0.25,3,3,GTTTGTTACCATTCTGATCT,0,5153132
yncEp,0.25,3,3,GTTTGTGAACAGAACTCGCT,0,5157462
yncEp,0.25,3,3,GTTGCCGGCCGCTTTAATGT,0,5157257
yncEp,0.25,3,3,GTTGACCTCATGTATCAGGC,0,5152625
yncEp,0.25,3,3,GTTCGCCAACTACTCGTTAA,0,5158935
yncEp,0.25,3,3,GTTATACCATAACCTACGAG,0,5146881
yncEp,0.25,3,3,GTTAGTATAGAAGGTCGGGG,0,5160088
yncEp,0.25,3,3,GTTAACAGCATACACCTATC,0,5152061
yncEp,0.25,3,3,GTGTTCGGAGCCCGTTAAAG,0,5146890
yncEp,0.25,3,3,GTGTCTCTTTATAGAGTGGC,0,5154425
yncEp,0.25,3,3,GTGTCTCCAGACGCGCACTT,0,5148425
yncEp,0.25,3,3,GTGGTAGATGATGGCCAGCA,0,5159157
yncEp,0.25,3,3,GTGGCGACACTACTCCCGCG,0,5150188
yncEp,0.25,3,3,GTGGAGAGCTTGACTACCGA,0,5153559
yncEp,0.25,3,3,GTGCGTTCAGTCCGGCTGTA,0,5152918
yncEp,0.25,3,3,GTGCGTCCGTAAGCAAATGC,0,5147779
yncEp,0.25,3,3,GTGCGGGTCATTTAATTTGG,0,5160090
yncEp,0.25,3,3,GTGCCCTATACTGTCAAAGC,0,5152277
yncEp,0.25,3,3,GTGCAGACGCTTCCTTTCAA,0,5160884
yncEp,0.25,3,3,GTGCAGAAGTGATCTTCTTC,0,5161396
yncEp,0.25,3,3,GTGCACATTTTGTACCATGT,0,5156827
yncEp,0.25,3,3,GTGAGGGGCGGTCGTTGAGG,0,5154568
yncEp,0.25,3,3,GTGAAGTGGTTTGCGTACAC,0,5149363
yncEp,0.25,3,3,GTCTCTGCAGGCAGGTACGT,0,5153226
yncEp,0.25,3,3,GTCTCATATGCTAGAGCGTT,0,5161152
yncEp,0.25,3,3,GTCGGTGTAAAGGTAAGAAG,0,5160968
yncEp,0.25,3,3,GTCCATGGAGGGCTAGGCGG,0,5147439
yncEp,0.25,3,3,GTCATATCTATGCCCGGGGT,0,5157853
yncEp,0.25,3,3,GTCATAGACTACAGACTAGC,0,5150511
yncEp,0.25,3,3,GTCACAGCGCCCGTGCTCAG,0,5147060
yncEp,0.25,3,3,GTATCCGGACCCAGTCGTTC,0,5158173
yncEp,0.25,3,3,GTATAACATAATTCGAGTAT,0,5156629
yncEp,0.25,3,3,GTACTTAGCGACCTAAGCAA,0,5155146
yncEp,0.25,3,3,GTACCGAGCACTGGCGGATC,0,5154303
yncEp,0.25,3,3,GTACACTGGCCTATGGCCAG,0,5159064
yncEp,0.25,3,3,GTAATTCGCGGTTCGCATGG,0,5158185
yncEp,0.25,3,3,GTAAGCGCGCATACCAGCTC,0,5155871
yncEp,0.25,3,3,GTAAGAGTAATTAGTCGCGT,0,5146027
yncEp,0.25,3,3,GTAACCGGCGGTTGGTTTGC,0,5152008
yncEp,0.25,3,3,GTAAACGTGGAACCACTCGT,0,5146550
yncEp,0.25,3,3,GGTTCTGGGTGTTATTCAGT,0,5153219
yncEp,0.25,3,3,GGTTAATTCGGTTATGCCAT,0,5146242
yncEp,0.25,3,3,GGTGTCCTCAGCACGCTTAT,0,5146042
yncEp,0.25,3,3,GGTGCCTCGAAATGAAAGCG,0,5146718
yncEp,0.25,3,3,GGTGAGGACCCTTCAGTGGG,0,5155920
yncEp,0.25,3,3,GGTCCTGTTTGCCGACATTC,0,5149236
yncEp,0.25,3,3,GGTCCGATGGGGCAATTTCA,0,5158307
yncEp,0.25,3,3,GGTATTTAGTTTGGCCAGGG,0,5147462
yncEp,0.25,3,3,GGTAGACAAGGGTGGTAGAA,0,5148561
yncEp,0.25,3,3,GGTAAGCGGTGTTGCAGATG,0,5156919
yncEp,0.25,3,3,GGGTTTATGGGTGACACGTG,0,5151098
yncEp,0.25,3,3,GGGTCTATAGAATCAGAATG,0,5156721
yncEp,0.25,3,3,GGGTCGCCTACGCAATTCAG,0,5159944
yncEp,0.25,3,3,GGGTCATCCCCCGTATCTTA,0,5153095
yncEp,0.25,3,3,GGGTACCGCTTTAATGGCTC,0,5146911
yncEp,0.25,3,3,GGGGTCTTTCCCTAGACAAT,0,5159418
yncEp,0.25,3,3,GGGGCAACAGGGGAGCCAGC,0,5152169
yncEp,0.25,3,3,GGGGAAATCGCCCCGTGGAT,0,5154893
yncEp,0.25,3,3,GGGCTCGGCGTCCAGTCCGC,0,5149318
yncEp,0.25,3,3,GGGCGTTCCGGCTGCCCTTT,0,5159725
yncEp,0.25,3,3,GGGCGGTGCGGTGAGAAGGC,0,5154022
yncEp,0.25,3,3,GGGCGGGAAGTAGGCAGGCA,0,5147034
yncEp,0.25,3,3,GGGCGCGTTCGGTCGGAGCA,0,5156468
yncEp,0.25,3,3,GGGCCAGGATAAATAGTCCC,0,5157558
yncEp,0.25,3,3,GGGCCAACCGTATCCTCAAT,0,5161521
yncEp,0.25,3,3,GGGCATCACCACGGGATGGT,0,5147261
yncEp,0.25,3,3,GGGCAACTTCGAGGCGCCAA,0,5158004
yncEp,0.25,3,3,GGGAATCCGACTTAGTAGGT,0,5150677
yncEp,0.25,3,3,GGGAATACGTATTGCTTTAG,0,5155232
yncEp,0.25,3,3,GGGAAGGCACCAGTTTCGCC,0,5153794
yncEp,0.25,3,3,GGCTTGAACACATCGTCAAC,0,5150387
yncEp,0.25,3,3,GGCTGAAACTGCTGACAGAT,0,5155355
yncEp,0.25,3,3,GGCGGGAGTTTCCGATGTCT,0,5162352
yncEp,0.25,3,3,GGCCTTGGTGAGGTGAAGTC,0,5159394
yncEp,0.25,3,3,GGCCTGTCACCGGGACACAC,0,5149574
yncEp,0.25,3,3,GGCCTCTCCTCCTCGGTTTA,0,5150768
yncEp,0.25,3,3,GGCCGGTACTGTGTCGCACA,0,5154455
yncEp,0.25,3,3,GGCCATTCCCAGGTTGGTGG,0,5151589
yncEp,0.25,3,3,GGCATGCCCAAGCACTGTCC,0,5161166
yncEp,0.25,3,3,GGCAGTCAAAAAAGGTTGTC,0,5152592
yncEp,0.25,3,3,GGCAAACGGGCGGAGCGCGG,0,5147227
yncEp,0.25,3,3,GGATGATTGAGCATTACCTA,0,5155781
yncEp,0.25,3,3,GGATACGCAATGACCCCTGG,0,5152254
yncEp,0.25,3,3,GGAGGATTATTATCAAACGG,0,5151953
yncEp,0.25,3,3,GGACCTGCCCCCGTATGCAT,0,5157524
yncEp,0.25,3,3,GGACATGAGTCGCAAGCGGC,0,5154724
yncEp,0.25,3,3,GGAAGAATGTCAAACAATTT,0,5155112
yncEp,0.25,3,3,GGAACTAATGGGGAGAACTG,0,5147367
yncEp,0.25,3,3,GGAAACGTGTAGCGAAGAGC,0,5151870
yncEp,0.25,3,3,GGAAACGTCACTCCTACACT,0,5161515
yncEp,0.25,3,3,GCTTGTATCGCGTTCCTAAT,0,5148855
yncEp,0.25,3,3,GCTTATAAGTTACAGTAGAG,0,5155310
yncEp,0.25,3,3,GCTGCTCAGGGTTCAAACAT,0,5151663
yncEp,0.25,3,3,GCTGCAGGCAGGGATTGCGT,0,5155526
yncEp,0.25,3,3,GCTGCAAATCTTTCGACCTT,0,5146733
yncEp,0.25,3,3,GCTGAGTCCTAAAACTCGCC,0,5153467
yncEp,0.25,3,3,GCTCTTGAGAGTTCGGGGGA,0,5153576
yncEp,0.25,3,3,GCTCGCCAAGACCTGGATAC,0,5151089
yncEp,0.25,3,3,GCTATCGGATCCGGCAAGTA,0,5158131
yncEp,0.25,3,3,GCGTGGGCTTATGTAATGGA,0,5157262
yncEp,0.25,3,3,GCGTCAACAGATAATGTCAC,0,5159073
yncEp,0.25,3,3,GCGGTGCTGATCGGGGCACC,0,5150530
yncEp,0.25,3,3,GCGGAGGTGCCGGGAAAGGG,0,5152320
yncEp,0.25,3,3,GCGCGGCTGGCGTCATGATG,0,5153531
yncEp,0.25,3,3,GCGCCGTAATTTAGCCTGCA,0,5156179
yncEp,0.25,3,3,GCGCCCCCGTTAGATTTGTA,0,5147030
yncEp,0.25,3,3,GCGAGTCCTTTACAGGTTGG,0,5152965
yncEp,0.25,3,3,GCGACTACTTTAACAGGTGT,0,5148953
yncEp,0.25,3,3,GCGACGAATAAGCTAAAAGG,0,5155698
yncEp,0.25,3,3,GCGAAGGCCGCCTTGCCCAA,0,5149823
yncEp,0.25,3,3,GCCGTACTCGGCCCGAATGA,0,5150955
yncEp,0.25,3,3,GCCGCCTATGTTAAAAATGT,0,5158877
yncEp,0.25,3,3,GCCGCACCGGGCTCGACAGT,0,5149746
yncEp,0.25,3,3,GCCGAAGACACTGGCATGCA,0,5160475
yncEp,0.25,3,3,GCCCGCTTTGCGCATCAGAG,0,5150985
yncEp,0.25,3,3,GCCAGCAACCATGGGAACGC,0,5153790
yncEp,0.25,3,3,GCCACTGTTGATATTGGCGT,0,5156217
yncEp,0.25,3,3,GCCACAGAATCTCAACATGC,0,5156473
yncEp,0.25,3,3,GCATTCATCTACTGCTCTTT,0,5154734
yncEp,0.25,3,3,GCATAGGATACCTTGAATAA,0,5152811
yncEp,0.25,3,3,GCACCGTTAACGGTTTACGA,0,5152319
yncEp,0.25,3,3,GCACACCAATCGGCGCCAAT,0,5158599
yncEp,0.25,3,3,GCAATCGTTAGGAACGTCGG,0,5159569
yncEp,0.25,3,3,GCAATAGTGACTGGGATTGG,0,5157977
yncEp,0.25,3,3,GCAAGCAGGACAGGGGTACG,0,5159030
yncEp,0.25,3,3,GCAAATTAGGCATCGACCTA,0,5153214
yncEp,0.25,3,3,GCAAAGTCTTGGGCGGGTAT,0,5148825
yncEp,0.25,3,3,GATTGAAGTGTACACGAGCT,0,5150351
yncEp,0.25,3,3,GATTATGCTTTCACAGCACA,0,5158330
yncEp,0.25,3,3,GATGCATATCATCCAGCTTC,0,5159517
yncEp,0.25,3,3,GATGCAGTCGCGGCACCCGC,0,5154890
yncEp,0.25,3,3,GATCAGGGAAACTTTTTGTT,0,5150266
yncEp,0.25,3,3,GATATTTAAGCTATATTCTA,0,5162221
yncEp,0.25,3,3,GATAGTGGGAGTAGGCAATC,0,5156813
yncEp,0.25,3,3,GATAGCTTGCATACACGTGT,0,5147733
yncEp,0.25,3,3,GAGTGGTAGACAATGATTCA,0,5150313
yncEp,0.25,3,3,GAGGGCCTAACGTACACATA,0,5152457
yncEp,0.25,3,3,GAGGCTAGCGTTCTCGCGCG,0,5152553
yncEp,0.25,3,3,GAGCGGTGTTGGGCAGACCA,0,5156530
yncEp,0.25,3,3,GAGCGCTAGGTCCGAGGAAT,0,5157459
yncEp,0.25,3,3,GAGCGCGGAGGCCGACGCCT,0,5157419
yncEp,0.25,3,3,GAGACCCCCAGTTGAGAATA,0,5159393
yncEp,0.25,3,3,GACTTCGAGACTGCACTTCT,0,5150432
yncEp,0.25,3,3,GACTTAGTCATCCAAGGTTG,0,5156412
yncEp,0.25,3,3,GACTAGATTTGACAATGCAG,0,5159828
yncEp,0.25,3,3,GACCGGACGGGAGAACCAGC,0,5160336
yncEp,0.25,3,3,GACATTAATGTTTTCGTTCC,0,5150534
yncEp,0.25,3,3,GACAGGGACAAAATTGGGAT,0,5159003
yncEp,0.25,3,3,GAATGTCTTTAGCGTGAGGC,0,5148355
yncEp,0.25,3,3,GAATAATGTGAACAGCTCAA,0,5155012
yncEp,0.25,3,3,GAAGTTGGGACGTGACTCGA,0,5154086
yncEp,0.25,3,3,GAAGGTGGTATCTCTTAGTA,0,5161253
yncEp,0.25,3,3,GAAGGTATACGACCCATACT,0,5154196
yncEp,0.25,3,3,GAAGGGATAGTGGTAAGTAC,0,5146272
yncEp,0.25,3,3,GAAGCGCCCCAAGTGTACCC,0,5157428
yncEp,0.25,3,3,GAAGAGGCCTCCTGCCTACA,0,5155634
yncEp,0.25,3,3,GAACTCATAGCCTCTTTTTA,0,5157416
yncEp,0.25,3,3,GAACTCAGATGTTTGTAATT,0,5158133
yncEp,0.25,3,3,GAAAGGGGTTAGGTATGGTG,0,5154377
yncEp,0.25,3,3,GAAACAACGGTTTAGCAACT,0,5161268
yncEp,0.25,3,3,CTTTTGTCGTGCGACAATGA,0,5148139
yncEp,0.25,3,3,CTTTTAGACTACGGAGCTTG,0,5156443
yncEp,0.25,3,3,CTTTATTGCTAGAAACCCTG,0,5159087
yncEp,0.25,3,3,CTTTATCAACGGTTAATTTA,0,5157687
yncEp,0.25,3,3,CTTGTTACTATGGGACTACA,0,5154689
yncEp,0.25,3,3,CTTGCTTGCTCTCGTGTGTA,0,5157322
yncEp,0.25,3,3,CTTCGGTGGTGAAAAGCTCA,0,5157576
yncEp,0.25,3,3,CTTCCAAGAGGGTATTGACC,0,5159459
yncEp,0.25,3,3,CTTCAGCAGGGTTGCCTTTC,0,5154515
yncEp,0.25,3,3,CTTATTCGAGGAGATACAGC,0,5147479
yncEp,0.25,3,3,CTTACATTCAGGGTTTTCGA,0,5154133
yncEp,0.25,3,3,CTGTTAACTTGATCTCTCAA,0,5151246
yncEp,0.25,3,3,CTGTGTTCCCCTTGAAGGGT,0,5155250
yncEp,0.25,3,3,CTGTGTGCCCTAGCGGAGTG,0,5159207
yncEp,0.25,3,3,CTGTCCGATCTAAATTGACG,0,5146153
yncEp,0.25,3,3,CTGGTCCGAACATTTCGGCC,0,5154978
yncEp,0.25,3,3,CTGGCTAGTAACTTTCTGTC,0,5161498
yncEp,0.25,3,3,CTGGCGGAGCCAGGGGTGAG,0,5152358
yncEp,0.25,3,3,CTGGAATGTATCATAAGAGA,0,5156066
yncEp,0.25,3,3,CTGCCCCACACTGGAATTTC,0,5155604
yncEp,0.25,3,3,CTGAGGAAAAAGGGAATATC,0,5155982
yncEp,0.25,3,3,CTGAGATTCGGCCAAGCCTC,0,5151607
yncEp,0.25,3,3,CTGACGACGTGTACAAAGTA,0,5157499
yncEp,0.25,3,3,CTGACCTAGCGGCACATGGT,0,5148015
yncEp,0.25,3,3,CTGAATATCGTTAGTGATTC,0,5157851
yncEp,0.25,3,3,CTCTTTACGTGGATGATTTA,0,5159923
yncEp,0.25,3,3,CTCGTAGAAACAAAAACTTT,0,5151980
yncEp,0.25,3,3,CTCGGTTTTAAAGAAACTAG,0,5151689
yncEp,0.25,3,3,CTCGCTAATTCTCCGTTCTG,0,5160138
yncEp,0.25,3,3,CTCCTTATGAGACAGTGGGT,0,5146528
yncEp,0.25,3,3,CTCCGGTAAACCTGGCCAAG,0,5158000
yncEp,0.25,3,3,CTCCACACATAACAGACCGG,0,5162531
yncEp,0.25,3,3,CTCCAATTTAATACATCTTT,0,5149122
yncEp,0.25,3,3,CTCACAGAAATGGAAGCGGT,0,5158613
yncEp,0.25,3,3,CTATTATACCCTGCTAATGC,0,5156557
yncEp,0.25,3,3,CTAGGTCTCGGGTCGGTCCC,0,5157042
yncEp,0.25,3,3,CTAGCCCAGACTCTCCTGGA,0,5159883
yncEp,0.25,3,3,CTAGCAGCTCAATGGAATAA,0,5155851
yncEp,0.25,3,3,CTACTCCCGAAGACCCTGTG,0,5158281
yncEp,0.25,3,3,CTACATCGTCCGGGCCAAAA,0,5155713
yncEp,0.25,3,3,CTAAGTGTCAAGAATTCGTA,0,5150235
yncEp,0.25,3,3,CTAAGGTAACTTACTAGCCT,0,5149658
yncEp,0.25,3,3,CTAACGTCATAAGTTAAGAA,0,5155901
yncEp,0.25,3,3,CTAACGGCCTAGGGAGACGG,0,5159953
yncEp,0.25,3,3,CGTGCTTCCCTCACGCAAAG,0,5145906
yncEp,0.25,3,3,CGTGCCACGAAACGAAGCGG,0,5157240
yncEp,0.25,3,3,CGTGAGGATCATCGGCACCA,0,5146358
yncEp,0.25,3,3,CGTCTGCGCGACAAATACTA,0,5149334
yncEp,0.25,3,3,CGTCTCTAGGGGCCTTCCAA,0,5160544
yncEp,0.25,3,3,CGTCGAGTGAACTGATAGGT,0,5158092
yncEp,0.25,3,3,CGTCCTGCACACGCCTTTGA,0,5150259
yncEp,0.25,3,3,CGTCAATAAATGTTGGACAT,0,5146387
yncEp,0.25,3,3,CGTACTTAGTTCAATATCGT,0,5161657
yncEp,0.25,3,3,CGTAACAAGGCTTTTATCCT,0,5162278
yncEp,0.25,3,3,CGGTGAATCCGTGCGGAAAT,0,5161584
yncEp,0.25,3,3,CGGGAGATACACGCTTGTTT,0,5147304
yncEp,0.25,3,3,CGGCTGGGCGCCTTTCCATC,0,5158237
yncEp,0.25,3,3,CGGCAAGTACGTGGTTACGT,0,5155445
yncEp,0.25,3,3,CGGAGAAGTCCCTCCAAAGA,0,5148010
yncEp,0.25,3,3,CGGAATATGCCATGGAGCCA,0,5156765
yncEp,0.25,3,3,CGCTTGGTGAGCTACCAGAT,0,5154752
yncEp,0.25,3,3,CGCTTCCGCTGCGTGCTTGT,0,5151424
yncEp,0.25,3,3,CGCTGGTACCGCGTGCCTCC,0,5148406
yncEp,0.25,3,3,CGCTGGGGTTAGGCGCCGTA,0,5157674
yncEp,0.25,3,3,CGCTCTTGCTTCGCACTGAA,0,5156342
yncEp,0.25,3,3,CGCTCCAATATCCGACTACC,0,5146315
yncEp,0.25,3,3,CGCTAGACCCTGCGCCACTC,0,5161405
yncEp,0.25,3,3,CGCGCTAATTTTCCGAGGCT,0,5146482
yncEp,0.25,3,3,CGCGCGTCCTTCACCTCGAG,0,5154879
yncEp,0.25,3,3,CGCGCGCACGTTACTAACGC,0,5147934
yncEp,0.25,3,3,CGCGACATAACAGAGGGCAT,0,5157891
yncEp,0.25,3,3,CGCCTGGGAGAATCTCTAAC,0,5157994
yncEp,0.25,3,3,CGCCCATGCGAGAGTTGGAA,0,5152776
yncEp,0.25,3,3,CGCCCATCAATGGTATTAGT,0,5149140
yncEp,0.25,3,3,CGATATATCGAACGATGTCG,0,5155360
yncEp,0.25,3,3,CGATACCAGGCCTGCGCGGG,0,5155093
yncEp,0.25,3,3,CGAGCGTGTAATTTCGGTCA,0,5146980
yncEp,0.25,3,3,CGACTCTGGAATTTCTCGGC,0,5151223
yncEp,0.25,3,3,CGACGTATATTTAGCAGAAT,0,5156297
yncEp,0.25,3,3,CGACGAAGACTCGGCATCTT,0,5149987
yncEp,0.25,3,3,CGACAACGACAGGAACCGGA,0,5149298
yncEp,0.25,3,3,CGAATGAAGGAGTATACCCG,0,5149835
yncEp,0.25,3,3,CGAAGTGATTTTAAATCCAG,0,5147416
yncEp,0.25,3,3,CGAACTCTATCTCAAAAATT,0,5154198
yncEp,0.25,3,3,CGAAACGGCTTCAACTATAT,0,5150080
yncEp,0.25,3,3,CCTTTGCCGCAGTACTTGAC,0,5146720
yncEp,0.25,3,3,CCTGTGCCTCGCAATAGGTT,0,5151864
yncEp,0.25,3,3,CCTGGTGCAGTAAAGCTAGA,0,5153477
yncEp,0.25,3,3,CCTGCTTAAGCGGCGGTTAC,0,5146292
yncEp,0.25,3,3,CCTGCAATAAGCTCCACCAC,0,5160903
yncEp,0.25,3,3,CCGTTCCAAACGATGAGGCG,0,5160312
yncEp,0.25,3,3,CCGTCCCCTGTGGACGCTGC,0,5158152
yncEp,0.25,3,3,CCGGCTTATGGGCACGGTCT,0,5157352
yncEp,0.25,3,3,CCGGCGTTGACATCCTTGGG,0,5159066
yncEp,0.25,3,3,CCGGACGCTGGCCTAGCGTC,0,5152971
yncEp,0.25,3,3,CCGCGGCACGGAACATATCA,0,5154579
yncEp,0.25,3,3,CCGCCTATAGGGGAGCAGTG,0,5154790
yncEp,0.25,3,3,CCGCCGACTAGCATTTGGTT,0,5146855
yncEp,0.25,3,3,CCGCCCTGCCTCTGGAGACT,0,5156722
yncEp,0.25,3,3,CCGCATCGAGCGCACTCTTG,0,5157302
yncEp,0.25,3,3,CCGATTGCGAGACATACTCG,0,5156278
yncEp,0.25,3,3,CCGAAACCGCGGCACAATTG,0,5162236
yncEp,0.25,3,3,CCCTGCCGTACAGCTCGTCA,0,5156821
yncEp,0.25,3,3,CCCTACTAGGTTTATAGACA,0,5146825
yncEp,0.25,3,3,CCCGCCGGCTGTGCCGTCGA,0,5149252
yncEp,0.25,3,3,CCCAGCATCACCATCTGACA,0,5150821
yncEp,0.25,3,3,CCCAACCAAAATTCTTTATC,0,5147643
yncEp,0.25,3,3,CCATTTTATCTCTAAGTCTG,0,5156371
yncEp,0.25,3,3,CCATTCGACTGTGTCTTCCA,0,5151560
yncEp,0.25,3,3,CCATGTCTGACATGCCGAAT,0,5147548
yncEp,0.25,3,3,CCATACCGATATAAGCCTAC,0,5156926
yncEp,0.25,3,3,CCAGCTACAAGGGGGGGGTA,0,5146012
yncEp,0.25,3,3,CCAGAACGCGAATATAATTT,0,5155167
yncEp,0.25,3,3,CCACTACGGGAATCGATCAT,0,5161351
yncEp,0.25,3,3,CCACGAGTTCTCCGAGCGCG,0,5148172
yncEp,0.25,3,3,CCACCCGGGCTGGTAGGGTT,0,5152778
yncEp,0.25,3,3,CCAATGATGGGGCGACCTTA,0,5153990
yncEp,0.25,3,3,CCAACGATGTCGGGCGGACA,0,5155402
yncEp,0.25,3,3,CATTTGGGACGCTACCTGTC,0,5155755
yncEp,0.25,3,3,CATGTATTAATACCGCAGTA,0,5156577
yncEp,0.25,3,3,CATGCAGAATTAGTCGTTTA,0,5150496
yncEp,0.25,3,3,CATCTGATAAGCTGCTTGGC,0,5146031
yncEp,0.25,3,3,CATCGCGTACAACCTCCACG,0,5161262
yncEp,0.25,3,3,CATCGAATGGTTGGCCGATT,0,5157701
yncEp,0.25,3,3,CATCCTGATCTAGCTTACGG,0,5149153
yncEp,0.25,3,3,CATAACCTATTGGCCATTGT,0,5161780
yncEp,0.25,3,3,CAGTGAGCTACAGGGGTAAT,0,5160281
yncEp,0.25,3,3,CAGTCAGGCGTCTGGTTTGT,0,5156030
yncEp,0.25,3,3,CAGTAATGGGCAAGAAGAGT,0,5158890
yncEp,0.25,3,3,CAGTAAAGGTCAACGGGGGC,0,5155926
yncEp,0.25,3,3,CAGCAACGGAGCTTTACGTA,0,5161240
yncEp,0.25,3,3,CAGAGCGTAGGTCTACAACG,0,5152976
yncEp,0.25,3,3,CAGACCCTGATTAATGTTAG,0,5153423
yncEp,0.25,3,3,CAGAATGCGCAGTGATTCTT,0,5154966
yncEp,0.25,3,3,CACTGGGCGCACAATCACTT,0,5154677
yncEp,0.25,3,3,CACGCTAATGTGATGTCCTA,0,5149938
yncEp,0.25,3,3,CACCACAAGTCAATTACAGG,0,5153182
yncEp,0.25,3,3,CACATAGGGCTAAGAGCCCA,0,5161917
yncEp,0.25,3,3,CACAATCGTTGTGTATGGGC,0,5146678
yncEp,0.25,3,3,CAATTTCTGGCGAAACTATC,0,5151616
yncEp,0.25,3,3,CAATGTAAGAGTGGTATCAG,0,5149915
yncEp,0.25,3,3,CAAGGGGTTGCAGTCGGACG,0,5150591
yncEp,0.25,3,3,CAAGCCAAGAGTCTGCAGGC,0,5148496
yncEp,0.25,3,3,CAAGACACGGCTTGTCGCGA,0,5154669
yncEp,0.25,3,3,CAACGTTTATGATGGCTCAT,0,5157545
yncEp,0.25,3,3,CAACCAAATTATTTAGAAGG,0,5159062
yncEp,0.25,3,3,CAACAGTACGTGTAGAACGC,0,5146741
yncEp,0.25,3,3,CAACACGGCGCGGTTTCCAG,0,5154663
yncEp,0.25,3,3,CAAATTTCATGGAGAAGAGT,0,5156271
yncEp,0.25,3,3,CAAATATTGGAAGCCATTGG,0,5153276
yncEp,0.25,3,3,CAAACCGAATAGGGCACCGT,0,5162092
yncEp,0.25,3,3,CAAACCCTATTCGCGGCAAG,0,5157959
yncEp,0.25,3,3,CAAACAGAGCCCCTCGATTT,0,5159731
yncEp,0.25,3,3,CAAACAAAGAATCAGCAATG,0,5159542
yncEp,0.25,3,3,CAAAAGATCCCGACGCGGCC,0,5150197
yncEp,0.25,3,3,ATTTCTCTTCGGTGACCCTA,0,5158604
yncEp,0.25,3,3,ATTTCCCCACAGCCGACCGT,0,5159272
yncEp,0.25,3,3,ATTGTTGGCCGACTTCATCA,0,5156866
yncEp,0.25,3,3,ATTGCGTATTTTCTGCATTA,0,5153602
yncEp,0.25,3,3,ATTGAAAAATTAAGAATGTA,0,5153121
yncEp,0.25,3,3,ATTCTCGTATAGGAACATAC,0,5151105
yncEp,0.25,3,3,ATTCAGACGGAACAAAGGAT,0,5157790
yncEp,0.25,3,3,ATTCAAAAGAATTTCTTCAC,0,5157958
yncEp,0.25,3,3,ATTAGGCGACGCACCGACTG,0,5152232
yncEp,0.25,3,3,ATTAGACTTATTGATTAATG,0,5156145
yncEp,0.25,3,3,ATTAAGGTCTTTCAAAGTTC,0,5154091
yncEp,0.25,3,3,ATTAACATATTTGGAAGTGC,0,5151002
yncEp,0.25,3,3,ATGGTGGCCGTTCGGTGAGT,0,5157484
yncEp,0.25,3,3,ATGGAGGCAGACTTCTTGTT,0,5156967
yncEp,0.25,3,3,ATGCTTGGTTTAAAGACTGA,0,5155377
yncEp,0.25,3,3,ATGCGGGGACCTGATTCATT,0,5154471
yncEp,0.25,3,3,ATGCAATCCATATGGAAAAA,0,5149453
yncEp,0.25,3,3,ATGCAAGGCGTAAGAATTCA,0,5147701
yncEp,0.25,3,3,ATGACTCGTAACCGTCTGGG,0,5148745
yncEp,0.25,3,3,ATGACGGTTCTCTTCGAGCT,0,5151717
yncEp,0.25,3,3,ATCTTCTTGTTTCATCACGT,0,5161819
yncEp,0.25,3,3,ATCTTATGAGGTACGATCGA,0,5157591
yncEp,0.25,3,3,ATCGATCTTCCTCAACAAAG,0,5154250
yncEp,0.25,3,3,ATCGACGGTTTCGTAAAAAC,0,5151961
yncEp,0.25,3,3,ATCCCCTGGACTCTAGGATG,0,5147659
yncEp,0.25,3,3,ATCCATCAGTATGTGCATGT,0,5159029
yncEp,0.25,3,3,ATCACGCGAATTTACTGTAC,0,5161626
yncEp,0.25,3,3,ATATTGCCTTATAGATGTCG,0,5154137
yncEp,0.25,3,3,ATAGTTACTAGGCGCACGAT,0,5162023
yncEp,0.25,3,3,ATAGCCACGGTAGTAATCAA,0,5160155
yncEp,0.25,3,3,ATACTGAACCTGGGGAATGC,0,5162421
yncEp,0.25,3,3,ATACCTAATATCCGTTCTTA,0,5150478
yncEp,0.25,3,3,ATAATGACTCATGCCATATG,0,5146360
yncEp,0.25,3,3,ATAATCATTTAGCGGCTTGT,0,5146961
yncEp,0.25,3,3,ATAAGTTCAGTCTTCGCGTC,0,5152852
yncEp,0.25,3,3,ATAAAGACTGGAAAGGCAGA,0,5157010
yncEp,0.25,3,3,AGTTGGGCTAGGTCACCCCT,0,5150348
yncEp,0.25,3,3,AGTTCAAAGGTGTAAGTGCA,0,5153788
yncEp,0.25,3,3,AGTGTATTCCGCAATGGTTA,0,5158945
yncEp,0.25,3,3,AGTGGTAGACAGAACCGCAA,0,5156846
yncEp,0.25,3,3,AGTGCCACGGTGGCCTTGGG,0,5157100
yncEp,0.25,3,3,AGTCGAGAGTCACCATAGTA,0,5155074
yncEp,0.25,3,3,AGTCCGCAGTTCATAAGCAA,0,5152916
yncEp,0.25,3,3,AGTCCAGTGTACATAACTAG,0,5152588
yncEp,0.25,3,3,AGTCATGATCGTGGCTTGAC,0,5150166
yncEp,0.25,3,3,AGTCATAGCTCTTCGCTATT,0,5158379
yncEp,0.25,3,3,AGTACCGACGGGCGAAGTTC,0,5159529
yncEp,0.25,3,3,AGGTGCTCATTATGAGACGT,0,5148731
yncEp,0.25,3,3,AGGTCCGGCCGTGAGAGTCA,0,5155550
yncEp,0.25,3,3,AGGGGTGTGTAGGCACGCCG,0,5145781
yncEp,0.25,3,3,AGGGCTGCGCCGTGCATTAT,0,5146282
yncEp,0.25,3,3,AGGGAGTGGGTTGTATCCCG,0,5155326
yncEp,0.25,3,3,AGGCTTGTTAGCGCGCTTTT,0,5146842
yncEp,0.25,3,3,AGGCTGTTAGAGCAGACGGC,0,5154260
yncEp,0.25,3,3,AGGCGTTGGAGGCTCCGCAT,0,5157221
yncEp,0.25,3,3,AGGCCCGACTTCTACGTGCA,0,5159833
yncEp,0.25,3,3,AGGCCAGCTGGTTCCTTCGG,0,5148140
yncEp,0.25,3,3,AGGATGGGACTTGCGCACTG,0,5160289
yncEp,0.25,3,3,AGGAATTAGCCAGGCTGGTC,0,5149029
yncEp,0.25,3,3,AGCTGTATTTCCGGGGAAAT,0,5159775
yncEp,0.25,3,3,AGCGAGGTGTGCCGGGTCGG,0,5151245
yncEp,0.25,3,3,AGCCTTGATTCCTGCTAGAA,0,5149861
yncEp,0.25,3,3,AGCCACAGCGACTGACTAGT,0,5147884
yncEp,0.25,3,3,AGCCAATGATCGTCGCTAGG,0,5148002
yncEp,0.25,3,3,AGCATTTGCCACGCGTAGTT,0,5160080
yncEp,0.25,3,3,AGCATAACGGTCGCGTACAC,0,5149549
yncEp,0.25,3,3,AGATGCTTTAGAAACTCAGT,0,5156668
yncEp,0.25,3,3,AGAGTTGGGCATCACCGACA,0,5146211
yncEp,0.25,3,3,AGAGGATTAAATCCTGGCCG,0,5153869
yncEp,0.25,3,3,AGAGACTCTCTATACAACCT,0,5152767
yncEp,0.25,3,3,AGACTTGGCCGGTGTATTAG,0,5151954
yncEp,0.25,3,3,AGACAAGCAAAAGCGGACCG,0,5146782
yncEp,0.25,3,3,AGAAGCGACTTTTGTATGGC,0,5155598
yncEp,0.25,3,3,AGAACGACTGCAGATTCACA,0,5162277
yncEp,0.25,3,3,ACTTTGGTACCGGTATAGAG,0,5152593
yncEp,0.25,3,3,ACTTTATTGATCGACTATCG,0,5147871
yncEp,0.25,3,3,ACTTGTGAGATCCCCAGGTG,0,5161007
yncEp,0.25,3,3,ACTGTTGGTATGGTACTGAC,0,5152244
yncEp,0.25,3,3,ACTGGGGCACTACTCTTCGT,0,5158298
yncEp,0.25,3,3,ACTCATACACAGTGCTCTAA,0,5156190
yncEp,0.25,3,3,ACTCACTACTATACCGGTCC,0,5149275
yncEp,0.25,3,3,ACTATGGGTGCTGGGTTGAA,0,5155612
yncEp,0.25,3,3,ACTAGCCAGCTGAGGATTTT,0,5159716
yncEp,0.25,3,3,ACTAGATCGATATGTACGGG,0,5157328
yncEp,0.25,3,3,ACGTGCGGGATGCGAATGCG,0,5157243
yncEp,0.25,3,3,ACGTCCCTGCTTCAATGTTA,0,5149439
yncEp,0.25,3,3,ACGTAATGTACAGAAGTAAA,0,5152792
yncEp,0.25,3,3,ACGTAAGACTTCGACCTTTG,0,5149815
yncEp,0.25,3,3,ACGGGGGATGGGTTAATCAT,0,5154825
yncEp,0.25,3,3,ACGGCAACTTAGTTCCCCGA,0,5158142
yncEp,0.25,3,3,ACGCTTCGAAAGCGTGACCT,0,5158587
yncEp,0.25,3,3,ACGCGTGACAGAACACCGTC,0,5160104
yncEp,0.25,3,3,ACGCCACGCCACCATTGTCG,0,5156333
yncEp,0.25,3,3,ACGATTTACAGGCTTTGCAT,0,5151159
yncEp,0.25,3,3,ACGAACGCGCACGCGCGTGG,0,5151472
yncEp,0.25,3,3,ACCTTTTCATCAGGGATGTA,0,5157009
yncEp,0.25,3,3,ACCTTCGATTCTTAGGCGGG,0,5149040
yncEp,0.25,3,3,ACCTGACGAGGGGGACGACA,0,5147875
yncEp,0.25,3,3,ACCTCAGCGCCCTATTGTCA,0,5148454
yncEp,0.25,3,3,ACCGTCCTTGTCGGCCGCGC,0,5148611
yncEp,0.25,3,3,ACCGGTCAAACAATGCCGGA,0,5149005
yncEp,0.25,3,3,ACCGGCCGATCACGCAGAGA,0,5148682
yncEp,0.25,3,3,ACCCGTTGGTGACCTTCCCG,0,5149592
yncEp,0.25,3,3,ACCCGGCGGACCGCATCATT,0,5151037
yncEp,0.25,3,3,ACCCATCATGTTGACTCGGT,0,5153696
yncEp,0.25,3,3,ACCCAACGCTTCTTAAATGG,0,5145893
yncEp,0.25,3,3,ACCATCCAGCGACAATTGAA,0,5157159
yncEp,0.25,3,3,ACCAAAATGATGTAAATGAC,0,5146398
yncEp,0.25,3,3,ACATGACGCCTGCGTTACTC,0,5149342
yncEp,0.25,3,3,ACACCCGCCTTCATGAAAAT,0,5155047
yncEp,0.25,3,3,ACAATCTTTATGGACAGAAT,0,5162561
yncEp,0.25,3,3,ACAAGATTTTAGGGAAGTGC,0,5154134
yncEp,0.25,3,3,ACAACGTTTTTATTGTTGGA,0,5155522
yncEp,0.25,3,3,ACAAACAGAACTCGACGATA,0,5162558
yncEp,0.25,3,3,ACAAAACATCCCGCATGCTT,0,5148566
yncEp,0.25,3,3,AATTTTAGGCGTAAGCAGCC,0,5153972
yncEp,0.25,3,3,AATTGCCACGGTACGCACTA,0,5161186
yncEp,0.25,3,3,AATTGATCGGGGCCTATTAC,0,5152917
yncEp,0.25,3,3,AATGCTTTCTGGTCACCAAC,0,5149986
yncEp,0.25,3,3,AATCTTGACAAACCGCTGGC,0,5158650
yncEp,0.25,3,3,AATCTGGATAGATCCAGGCT,0,5160979
yncEp,0.25,3,3,AATCTCTTGGGAGGTGATCT,0,5158158
yncEp,0.25,3,3,AATCTAAGAAACTGACATGA,0,5160786
yncEp,0.25,3,3,AATCGCTCGGAGGTGGGCCA,0,5160273
yncEp,0.25,3,3,AATCATGAATGATCTGACGT,0,5161246
yncEp,0.25,3,3,AATATGCGTCCGACGGGAGC,0,5159643
yncEp,0.25,3,3,AATATATAGACGCCCTGCGC,0,5155090
yncEp,0.25,3,3,AATACAGAGCATCCGTTCAC,0,5158363
yncEp,0.25,3,3,AAGTCTCGAACTAAAAAGGG,0,5156142
yncEp,0.25,3,3,AAGTCACCGGAAAGTGGGTC,0,5148919
yncEp,0.25,3,3,AAGGGTACTAACAAGTCAGT,0,5155013
yncEp,0.25,3,3,AAGGCGTTGTCTAGTCGCTG,0,5149254
yncEp,0.25,3,3,AAGCTACATGTGGAAATGTT,0,5146236
yncEp,0.25,3,3,AAGCCTATGTATGATAACTG,0,5157608
yncEp,0.25,3,3,AAGCCGCCACTGTACCCTTA,0,5148056
yncEp,0.25,3,3,AAGCAGGGTGGAAATATGGT,0,5155635
yncEp,0.25,3,3,AAGCACAGTGACCTCAGTGC,0,5156552
yncEp,0.25,3,3,AAGCAATGTTGGGCAGGAAT,0,5152167
yncEp,0.25,3,3,AAGAGTGCTTCGTTAGAAGG,0,5146051
yncEp,0.25,3,3,AAGACGAGCTGTGGTCAGTA,0,5147068
yncEp,0.25,3,3,AACGTGGTATGGGTCGCTTT,0,5152709
yncEp,0.25,3,3,AACGGGTTTACTTGACGCTT,0,5157295
yncEp,0.25,3,3,AACGGGACGTGAGACCCCCG,0,5156890
yncEp,0.25,3,3,AACGCTTCACACGCATGCCA,0,5147945
yncEp,0.25,3,3,AACCGTACCAAGGAGTATAT,0,5161467
yncEp,0.25,3,3,AACCGGAAGTTTGCTCTCAA,0,5154261
yncEp,0.25,3,3,AACAATTGAGGAGTTGATCG,0,5161781
yncEp,0.25,3,3,AAATGTGGTTTCAATCACAG,0,5157350
yncEp,0.25,3,3,AAATGGAAGCTCCACAGTTC,0,5158183
yncEp,0.25,3,3,AAATGCTGTGCAGACTTAAA,0,5146167
yncEp,0.25,3,3,AAATCAGGGCTGGAGAAACT,0,5157479
yncEp,0.25,3,3,AAATAAGTCCTCGGCCATCA,0,5148596
yncEp,0.25,3,3,AAACTCTAAGTGTGCCAATC,0,5156873
yncEp,0.25,3,3,AAACAATACAACTTAAGAAG,0,5150292
yncEp,0.25,3,3,AAAAGTCCTTGTTCTGGGAG,0,5158503
yncEp,0.25,3,3,AAAAGCGTAATGAACCACAT,0,5148598
yncEp,0.3333333333333333,2,2,TTTTTGTGGCTGGCAAAACC,0,5146181
yncEp,0.3333333333333333,2,2,TTTTGGGGAAGGGTCCTAAC,0,5151488
yncEp,0.3333333333333333,2,2,TTTTGAAGGGCGGGACCAAC,0,5161494
yncEp,0.3333333333333333,2,2,TTTTCTATGTGTGGGCTGTA,0,5157228
yncEp,0.3333333333333333,2,2,TTTTCGTGGGGTGGGGGCGC,0,5152402
yncEp,0.3333333333333333,2,2,TTTTCCCAGTGTAGATGAGG,0,5149225
yncEp,0.3333333333333333,2,2,TTTTATTATGGGGCTCGATA,0,5156545
yncEp,0.3333333333333333,2,2,TTTTATAACGCTAGGTTCAC,0,5148392
yncEp,0.3333333333333333,2,2,TTTGTTAGTGCGTGGCGCCA,0,5160505
yncEp,0.3333333333333333,2,2,TTTGGTATCTGTACTGATTC,0,5146087
yncEp,0.3333333333333333,2,2,TTTGACCGAGACCTCCAGGA,0,5157177
yncEp,0.3333333333333333,2,2,TTTGAATATCTCTGTACGTA,0,5153011
yncEp,0.3333333333333333,2,2,TTTCGACGGGCTGTGGGATT,0,5156285
yncEp,0.3333333333333333,2,2,TTTAGACGCTTGTTGAATTT,0,5148927
yncEp,0.3333333333333333,2,2,TTTACGTTCCTCCAGCCCAC,0,5154783
yncEp,0.3333333333333333,2,2,TTTAATAGGTAAATGCCCAG,0,5155608
yncEp,0.3333333333333333,2,2,TTGTGTCTGCCTAGATATAT,0,5147970
yncEp,0.3333333333333333,2,2,TTGTCGGAGGAATCCACCCC,0,5158549
yncEp,0.3333333333333333,2,2,TTGTAGCCTCACTGGCGTCG,0,5151883
yncEp,0.3333333333333333,2,2,TTGGGCAAGTTCCCATGCGG,0,5148279
yncEp,0.3333333333333333,2,2,TTGGCTCTGATATCTTTGCT,0,5155848
yncEp,0.3333333333333333,2,2,TTGCTGATATTATGCGAGGA,0,5155636
yncEp,0.3333333333333333,2,2,TTGCTCCAATCTTGTGCACA,0,5161295
yncEp,0.3333333333333333,2,2,TTGCGAAGTGTTAGCTCATT,0,5159845
yncEp,0.3333333333333333,2,2,TTGCCTCTTGGAAATTCTGC,0,5156159
yncEp,0.3333333333333333,2,2,TTGACCACGAATGTGATATT,0,5152010
yncEp,0.3333333333333333,2,2,TTCTACCGGGAACGGGCGTA,0,5149775
yncEp,0.3333333333333333,2,2,TTCTAAATGTTGATCATGGA,0,5153845
yncEp,0.3333333333333333,2,2,TTCGATAATTGAAGTTGTGT,0,5157807
yncEp,0.3333333333333333,2,2,TTCCACTAAGGACCACTACC,0,5161298
yncEp,0.3333333333333333,2,2,TTCCAAGACTATTGCGGAAT,0,5159069
yncEp,0.3333333333333333,2,2,TTCCAAAGTGAACTGCAGGT,0,5157309
yncEp,0.3333333333333333,2,2,TTCAATAATATCCCGATCTG,0,5156631
yncEp,0.3333333333333333,2,2,TTATTCCGGGGGGCTCGTGG,0,5156423
yncEp,0.3333333333333333,2,2,TTATCCCAAGACCGCCAGCT,0,5161828
yncEp,0.3333333333333333,2,2,TTAGGCTAAGTGTGCATGGT,0,5155256
yncEp,0.3333333333333333,2,2,TTAGCGATTTAGGTGCCATC,0,5154317
yncEp,0.3333333333333333,2,2,TTACCTTTCCTGGGTTACTT,0,5154151
yncEp,0.3333333333333333,2,2,TTACCTACTTACCATCGGTA,0,5160619
yncEp,0.3333333333333333,2,2,TTAATGCCCGCATGTAAGAC,0,5160858
yncEp,0.3333333333333333,2,2,TTAATCGCCGAGACAGAGTA,0,5148173
yncEp,0.3333333333333333,2,2,TTAAGTGAACCCAAGAACAT,0,5147838
yncEp,0.3333333333333333,2,2,TTAAGGCCTGCGTTTGAGCT,0,5159493
yncEp,0.3333333333333333,2,2,TTAAGGATCCAGCTGGTGCA,0,5148519
yncEp,0.3333333333333333,2,2,TGTTTGCTGCAATTTAGTGC,0,5155109
yncEp,0.3333333333333333,2,2,TGTTCTCGACCGTGAGCCTA,0,5158873
yncEp,0.3333333333333333,2,2,TGTTATCTAGGATGGTTCCT,0,5147197
yncEp,0.3333333333333333,2,2,TGTGGCTCTCTACCGCTGCG,0,5145965
yncEp,0.3333333333333333,2,2,TGTGCATAATACGAGAAGTC,0,5158106
yncEp,0.3333333333333333,2,2,TGTGACTAAATGTCTCTCAA,0,5151765
yncEp,0.3333333333333333,2,2,TGTCTCCTGAAAGATGCCAT,0,5147793
yncEp,0.3333333333333333,2,2,TGTATCAGATTTGGGTGAGT,0,5154433
yncEp,0.3333333333333333,2,2,TGTATAGATCCCGCAAGCAG,0,5147415
yncEp,0.3333333333333333,2,2,TGTAGTTTTCATAACTAACG,0,5157084
yncEp,0.3333333333333333,2,2,TGTAACCTACTAGAAGTGAG,0,5148277
yncEp,0.3333333333333333,2,2,TGTAAATGTTGCTTTAAACT,0,5149792
yncEp,0.3333333333333333,2,2,TGTAAAGATCTGCCTGGGAC,0,5148061
yncEp,0.3333333333333333,2,2,TGGTTGAACACCGACCGTAG,0,5157356
yncEp,0.3333333333333333,2,2,TGGTTCGCATAGACCAGGCC,0,5158934
yncEp,0.3333333333333333,2,2,TGGTGTAAACGGAGGACTGG,0,5156155
yncEp,0.3333333333333333,2,2,TGGTGGGAGATACTGGTTTA,0,5147999
yncEp,0.3333333333333333,2,2,TGGTCTGGGGCGACTTACAG,0,5149407
yncEp,0.3333333333333333,2,2,TGGTCATCGCTCCTAATCGG,0,5145999
yncEp,0.3333333333333333,2,2,TGGCGGGCAATGTTCCGGGT,0,5155554
yncEp,0.3333333333333333,2,2,TGGCGGATGTCATGTGCGGA,0,5152873
yncEp,0.3333333333333333,2,2,TGGCGCCATGAAGGATAATT,0,5150113
yncEp,0.3333333333333333,2,2,TGGCGATCTTTCCTTTAAAA,0,5155752
yncEp,0.3333333333333333,2,2,TGGAGAACCTGCGCTCCAGA,0,5148143
yncEp,0.3333333333333333,2,2,TGGAAAGCGATGTTTCACCG,0,5146044
yncEp,0.3333333333333333,2,2,TGCTCGTGCTTATTTAGCCC,0,5151131
yncEp,0.3333333333333333,2,2,TGCTATGTCCCTCGTCGCGA,0,5160492
yncEp,0.3333333333333333,2,2,TGCTATAAGATATGTATCGA,0,5158600
yncEp,0.3333333333333333,2,2,TGCTAGTGAAACGACCTTTT,0,5157421
yncEp,0.3333333333333333,2,2,TGCGTTATGCCTAGCTGTAC,0,5153432
yncEp,0.3333333333333333,2,2,TGCCTGCCGTATCGCTCGGT,0,5154786
yncEp,0.3333333333333333,2,2,TGCCGACGGCGGAACGAGGA,0,5160454
yncEp,0.3333333333333333,2,2,TGCCAGACACGGTCTCATCT,0,5153636
yncEp,0.3333333333333333,2,2,TGCATACGCAGTAAAGATTA,0,5149956
yncEp,0.3333333333333333,2,2,TGCACGCCCGATCGAATAAT,0,5157176
yncEp,0.3333333333333333,2,2,TGATTGAGGGGCATACGCGA,0,5153415
yncEp,0.3333333333333333,2,2,TGATGAGGTATGTGTTTCTA,0,5149477
yncEp,0.3333333333333333,2,2,TGATATCCTACAGGCTGGAA,0,5161680
yncEp,0.3333333333333333,2,2,TGATAACATTAGGCTGAGCC,0,5147329
yncEp,0.3333333333333333,2,2,TGAGCTCTTACATCACTAGA,0,5152949
yncEp,0.3333333333333333,2,2,TGACTTGACATTCTCAATGA,0,5148920
yncEp,0.3333333333333333,2,2,TGACGGCACAGTGACGAGGC,0,5157577
yncEp,0.3333333333333333,2,2,TGACCTCCCAGTACTCGCAA,0,5150081
yncEp,0.3333333333333333,2,2,TGACATCGGTCCGCGCTACC,0,5149740
yncEp,0.3333333333333333,2,2,TGACATAGTAGTACCTACGT,0,5147554
yncEp,0.3333333333333333,2,2,TGAATAGATGCATCCACTGA,0,5161976
yncEp,0.3333333333333333,2,2,TCTTTCGGCCAATATTAATT,0,5157984
yncEp,0.3333333333333333,2,2,TCTCGCAAGAGCGGGGATAT,0,5146203
yncEp,0.3333333333333333,2,2,TCTCGCAAAGCTTGTCCTGC,0,5157381
yncEp,0.3333333333333333,2,2,TCTAAGCTTTGAATTCCGCA,0,5150720
yncEp,0.3333333333333333,2,2,TCTAACCGACTTATTATGCT,0,5162025
yncEp,0.3333333333333333,2,2,TCGTCCGTTCCACCATGCGC,0,5158101
yncEp,0.3333333333333333,2,2,TCGGTTCACCGTCCCACTTT,0,5153323
yncEp,0.3333333333333333,2,2,TCGGTACGCGACCGGACCTT,0,5159348
yncEp,0.3333333333333333,2,2,TCGGTAAACATAGGACTCCA,0,5160891
yncEp,0.3333333333333333,2,2,TCGGCTGGTCATGCAGAGGC,0,5146713
yncEp,0.3333333333333333,2,2,TCGCTTACTGCGCTGTCAAT,0,5158468
yncEp,0.3333333333333333,2,2,TCGCGTCCGTTGAAGAAGTG,0,5150882
yncEp,0.3333333333333333,2,2,TCGATCTAGGTAAGCCGGTG,0,5152333
yncEp,0.3333333333333333,2,2,TCCTGGTCAGCGAGGCGTAT,0,5156682
yncEp,0.3333333333333333,2,2,TCCTCACGATTAGGCGTCCT,0,5150384
yncEp,0.3333333333333333,2,2,TCCGTTTTTATGCTGAAATA,0,5158438
yncEp,0.3333333333333333,2,2,TCCGGTACGATGCTCCTGGC,0,5146475
yncEp,0.3333333333333333,2,2,TCCGGGTAACAGCGGTCGAA,0,5162100
yncEp,0.3333333333333333,2,2,TCCGGGAGCAAAAGGGTAAG,0,5148630
yncEp,0.3333333333333333,2,2,TCCGCACATGAAGTAGTTTC,0,5156315
yncEp,0.3333333333333333,2,2,TCCCGCCGGTAGCCGGATGG,0,5153537
yncEp,0.3333333333333333,2,2,TCCCCGGTTCTTGTTCGCGC,0,5159437
yncEp,0.3333333333333333,2,2,TCCATCGCTATACAAACAGC,0,5154880
yncEp,0.3333333333333333,2,2,TCCAGTCTCCACGTAACTAC,0,5156953
yncEp,0.3333333333333333,2,2,TCCAGACGAGCGCGCTTATT,0,5158299
yncEp,0.3333333333333333,2,2,TCCAATCTTAAATGTCCACC,0,5149012
yncEp,0.3333333333333333,2,2,TCATTACGGAGTCCCACGGT,0,5147992
yncEp,0.3333333333333333,2,2,TCAGGTCCAGCGAATAAGAA,0,5151674
yncEp,0.3333333333333333,2,2,TCAGGAGAGTAGTTAGCATG,0,5146975
yncEp,0.3333333333333333,2,2,TCAGCTGGCAAAGAGGGTTG,0,5150267
yncEp,0.3333333333333333,2,2,TCACGTATACAGCCCGAACA,0,5146226
yncEp,0.3333333333333333,2,2,TCACCAAGGTGAGGCGCCAG,0,5146133
yncEp,0.3333333333333333,2,2,TCACAGCGGGGGTGTGCGAT,0,5157332
yncEp,0.3333333333333333,2,2,TCACACACTTGTAAGCCCTA,0,5157251
yncEp,0.3333333333333333,2,2,TCAACCTTCGACCGATGTCC,0,5162136
yncEp,0.3333333333333333,2,2,TATTATTCCCGTGATTGCGA,0,5151162
yncEp,0.3333333333333333,2,2,TATTAAAGAAGAGCGCGTCC,0,5147128
yncEp,0.3333333333333333,2,2,TATGGAACCGCTCCTGTGAA,0,5158788
yncEp,0.3333333333333333,2,2,TATGCTATTAGTGTGGGCAG,0,5157394
yncEp,0.3333333333333333,2,2,TATGCCTCATATCGCAATCG,0,5153674
yncEp,0.3333333333333333,2,2,TATCGTTCGTACTCCACAAG,0,5150808
yncEp,0.3333333333333333,2,2,TATCACTGCACACTGTGCTC,0,5150600
yncEp,0.3333333333333333,2,2,TATACAATAGAAAGCAGCAG,0,5149151
yncEp,0.3333333333333333,2,2,TAGGGTGTATGCCAACCCCA,0,5154803
yncEp,0.3333333333333333,2,2,TAGGCCATATTGACAGTGGA,0,5158269
yncEp,0.3333333333333333,2,2,TAGCTTCCGCCTTGGCAGCG,0,5156817
yncEp,0.3333333333333333,2,2,TAGCGCTAACGGCCTCGGGA,0,5157828
yncEp,0.3333333333333333,2,2,TAGACCCGTCAGTCTATTCT,0,5154794
yncEp,0.3333333333333333,2,2,TAGACATGATCTTAGCTGCT,0,5161740
yncEp,0.3333333333333333,2,2,TACGCTATAACCTGAGCACA,0,5162565
yncEp,0.3333333333333333,2,2,TACACGAAATTGAGGCTCTG,0,5148632
yncEp,0.3333333333333333,2,2,TAATTTGTCCTGCTTGTGAT,0,5152700
yncEp,0.3333333333333333,2,2,TAATGAGGTATGGGCGATAT,0,5154526
yncEp,0.3333333333333333,2,2,TAATCGGTATTGCCAAGAAT,0,5148588
yncEp,0.3333333333333333,2,2,TAATAGGGTGGCCCCAAGTC,0,5157928
yncEp,0.3333333333333333,2,2,TAAGTGTTGAAAGTTCTCTA,0,5146079
yncEp,0.3333333333333333,2,2,TAACGGCCGAAAACCGAGAC,0,5146672
yncEp,0.3333333333333333,2,2,TAACCCTATTTAGCCTAGTC,0,5159292
yncEp,0.3333333333333333,2,2,TAACCATGGACCGTTCAAGC,0,5147921
yncEp,0.3333333333333333,2,2,TAACAGGCCATCCTCGACGT,0,5152461
yncEp,0.3333333333333333,2,2,TAACACAAGCAGTGAGATAG,0,5149307
yncEp,0.3333333333333333,2,2,TAAAGGGAATGGACGCAGCT,0,5157306
yncEp,0.3333333333333333,2,2,TAAACCATAGAGGTTGCCTC,0,5159625
yncEp,0.3333333333333333,2,2,TAAACCAATCAAGTTCACCG,0,5161865
yncEp,0.3333333333333333,2,2,GTTTGTTAGCCGCTCCGAAA,0,5161958
yncEp,0.3333333333333333,2,2,GTTTGGACCCTATCGCGAAT,0,5159943
yncEp,0.3333333333333333,2,2,GTTTGCTATAAAGCCGTTGT,0,5152216
yncEp,0.3333333333333333,2,2,GTTTGCCCAACCTTGCCAAG,0,5155091
yncEp,0.3333333333333333,2,2,GTTTCTGGGGGTACTTCACC,0,5145889
yncEp,0.3333333333333333,2,2,GTTTCCGGAGGTCTTGGAAC,0,5148629
yncEp,0.3333333333333333,2,2,GTTGTCGGGCCGGACGCTTA,0,5162448
yncEp,0.3333333333333333,2,2,GTTGATCGCGTCCTATCAGC,0,5153574
yncEp,0.3333333333333333,2,2,GTTCGTGTGTCCACGAAACG,0,5158762
yncEp,0.3333333333333333,2,2,GTTCCGTCGTGGGACTGAAC,0,5151785
yncEp,0.3333333333333333,2,2,GTTCATTTCGAGCCTACCGT,0,5150880
yncEp,0.3333333333333333,2,2,GTTCAGCCGGTAGTTCAAAC,0,5146416
yncEp,0.3333333333333333,2,2,GTGTGGTAGAAGGTGTCTAA,0,5149920
yncEp,0.3333333333333333,2,2,GTGTCTAGTTTTAAGACTCT,0,5158647
yncEp,0.3333333333333333,2,2,GTGTAGAATCCTTCGGCGAG,0,5162190
yncEp,0.3333333333333333,2,2,GTGTACGTTGGTTACCTCAC,0,5147208
yncEp,0.3333333333333333,2,2,GTGGTCAATATAGTTTGGAA,0,5149719
yncEp,0.3333333333333333,2,2,GTGGTCAAATCCAGCAGTGC,0,5153114
yncEp,0.3333333333333333,2,2,GTGGTAGTCTCACCTGATAC,0,5147254
yncEp,0.3333333333333333,2,2,GTGGGCAACTATGAACGCTG,0,5153560
yncEp,0.3333333333333333,2,2,GTGGCCAACCCTCGGGAGCA,0,5159616
yncEp,0.3333333333333333,2,2,GTGGACTGGCACGGTTGGAA,0,5151910
yncEp,0.3333333333333333,2,2,GTGCTCCCATCTTACCACGC,0,5147196
yncEp,0.3333333333333333,2,2,GTGCTATTTCGGGTGTAGCT,0,5160478
yncEp,0.3333333333333333,2,2,GTGCGAAAGGAGGAGCCAAT,0,5155904
yncEp,0.3333333333333333,2,2,GTGCCAGTTTAGAAACGATC,0,5151229
yncEp,0.3333333333333333,2,2,GTGCCAGTTAGTGAGGCCGT,0,5147545
yncEp,0.3333333333333333,2,2,GTGCAGTCTAACGCGCCCGT,0,5150172
yncEp,0.3333333333333333,2,2,GTGCAATCCACACACGTCCG,0,5160566
yncEp,0.3333333333333333,2,2,GTGATTGAACTTCAGGTGCG,0,5156404
yncEp,0.3333333333333333,2,2,GTGATTATCCCCCTATAATC,0,5161708
yncEp,0.3333333333333333,2,2,GTGATGAACTAGGAGGTAGT,0,5159138
yncEp,0.3333333333333333,2,2,GTGAGGTTTTCGATGGAGAG,0,5155015
yncEp,0.3333333333333333,2,2,GTGAACGTACCCACGGATAA,0,5156144
yncEp,0.3333333333333333,2,2,GTCTTAACTGGGGGTTTTAC,0,5146138
yncEp,0.3333333333333333,2,2,GTCTCTCAGAACACGATGCT,0,5156361
yncEp,0.3333333333333333,2,2,GTCTCACGTGGGCAATTGCC,0,5158609
yncEp,0.3333333333333333,2,2,GTCTATAGTTTGTGCTCCCT,0,5151264
yncEp,0.3333333333333333,2,2,GTCGTGGGCCAGTGCGTCAC,0,5156083
yncEp,0.3333333333333333,2,2,GTCGTCCCCAACCCGGAGCT,0,5148777
yncEp,0.3333333333333333,2,2,GTCGGTAACTCAGTTCGCGA,0,5150662
yncEp,0.3333333333333333,2,2,GTCGATGTATAATTTTTATT,0,5150441
yncEp,0.3333333333333333,2,2,GTCCGAACTAAGTCAACACA,0,5146429
yncEp,0.3333333333333333,2,2,GTCCATGGCCCTTTGAGACT,0,5147004
yncEp,0.3333333333333333,2,2,GTCATCCTCATACATTCTGA,0,5154991
yncEp,0.3333333333333333,2,2,GTCACACCAGTTCTAGTAAA,0,5162157
yncEp,0.3333333333333333,2,2,GTATTGTTGATGTTTCTGGA,0,5161034
yncEp,0.3333333333333333,2,2,GTATGGGTCATGAGTACACT,0,5152249
yncEp,0.3333333333333333,2,2,GTATCTAAAAGCATCGTTGA,0,5147147
yncEp,0.3333333333333333,2,2,GTATATGCGTCGACTAGGGT,0,5156095
yncEp,0.3333333333333333,2,2,GTAGGTCAGCGACGCTACGC,0,5150015
yncEp,0.3333333333333333,2,2,GTAGGGAACCGTACATCCAG,0,5149634
yncEp,0.3333333333333333,2,2,GTAGATTAGACGGACGACGG,0,5160738
yncEp,0.3333333333333333,2,2,GTACCTTATGATTTGACGTG,0,5148540
yncEp,0.3333333333333333,2,2,GTAATATCTCTGGCATAAGC,0,5160857
yncEp,0.3333333333333333,2,2,GTAAGACATTAGTGTCCTTA,0,5156474
yncEp,0.3333333333333333,2,2,GTAAATTTGGTACTTGGTAA,0,5159319
yncEp,0.3333333333333333,2,2,GGTTTTGGTTTGAGCGATTC,0,5158596
yncEp,0.3333333333333333,2,2,GGTTTCTCCCAATCCCCCAG,0,5161803
yncEp,0.3333333333333333,2,2,GGTTGATATTAACAGTGTGA,0,5150470
yncEp,0.3333333333333333,2,2,GGTTGAGCGAACTGTAACTT,0,5153922
yncEp,0.3333333333333333,2,2,GGTTCCGATGCCCACTGGAG,0,5145972
yncEp,0.3333333333333333,2,2,GGTTAGGTACGGTTAAACGT,0,5160734
yncEp,0.3333333333333333,2,2,GGTTAGGCGCCTCTATAGTA,0,5162007
yncEp,0.3333333333333333,2,2,GGTTAGAATAAGTTTATGTT,0,5157785
yncEp,0.3333333333333333,2,2,GGTGTTCCCGAAGTATCAAC,0,5159034
yncEp,0.3333333333333333,2,2,GGTGGTTTTCAAAGGGTGCG,0,5152693
yncEp,0.3333333333333333,2,2,GGTGGTGGGCGTCAGACCTC,0,5161096
yncEp,0.3333333333333333,2,2,GGTCATAACCGGATATCAAC,0,5161329
yncEp,0.3333333333333333,2,2,GGTCACGGACAACGGTACCG,0,5150119
yncEp,0.3333333333333333,2,2,GGTATTCGAGCGTTATAAGA,0,5150664
yncEp,0.3333333333333333,2,2,GGTATGGCAATACAGAGCTA,0,5149878
yncEp,0.3333333333333333,2,2,GGTAACCTGCCTCTGGACCC,0,5147858
yncEp,0.3333333333333333,2,2,GGGTGGAACGTTCCCCTTAT,0,5149113
yncEp,0.3333333333333333,2,2,GGGTCTGACAACGCCAAGGA,0,5149172
yncEp,0.3333333333333333,2,2,GGGTCGCGTACGGAATCAGG,0,5151829
yncEp,0.3333333333333333,2,2,GGGGGTGGGCGGGAGTCTAT,0,5160480
yncEp,0.3333333333333333,2,2,GGGCGTCGAAGTTCATGCGG,0,5157242
yncEp,0.3333333333333333,2,2,GGGCCAACGGTGTGCGCGGC,0,5152386
yncEp,0.3333333333333333,2,2,GGGCACTTCTTGGCTGGATC,0,5149756
yncEp,0.3333333333333333,2,2,GGGATGCACGAATTAAAAGG,0,5154386
yncEp,0.3333333333333333,2,2,GGGATCACGGAATATTTCAG,0,5160579
yncEp,0.3333333333333333,2,2,GGCTTTTCCCCGTTTAATAC,0,5159523
yncEp,0.3333333333333333,2,2,GGCTCGATTTCATATTTAAT,0,5158058
yncEp,0.3333333333333333,2,2,GGCTAAATATGCACTAAGTT,0,5160426
yncEp,0.3333333333333333,2,2,GGCGGAGTTCTTTAAGCAGG,0,5156021
yncEp,0.3333333333333333,2,2,GGCGCTTCGTGAGGACATTG,0,5154852
yncEp,0.3333333333333333,2,2,GGCCTTAAAGTATCTGCACT,0,5147184
yncEp,0.3333333333333333,2,2,GGCCAGCCGCGATGGTGCAC,0,5154254
yncEp,0.3333333333333333,2,2,GGCAGCCGCGTTAGAGGTCT,0,5152946
yncEp,0.3333333333333333,2,2,GGCACCAGTGTCGCACACTA,0,5152028
yncEp,0.3333333333333333,2,2,GGCAATTGCCTAAACGTGTA,0,5155108
yncEp,0.3333333333333333,2,2,GGCAAAACTGGTGGATTACC,0,5150919
yncEp,0.3333333333333333,2,2,GGATTGTGTTTGCAGAACAC,0,5150462
yncEp,0.3333333333333333,2,2,GGATCCGAGGGGTCTTGTGC,0,5149322
yncEp,0.3333333333333333,2,2,GGATCATACGCCGTAGTGAC,0,5149124
yncEp,0.3333333333333333,2,2,GGATCACTCTGTTGGGTAAC,0,5146324
yncEp,0.3333333333333333,2,2,GGATCAAGGACCATAGACGG,0,5161456
yncEp,0.3333333333333333,2,2,GGATAGTTTCCAAGACTAAA,0,5150360
yncEp,0.3333333333333333,2,2,GGATAGATCAGATCCCTTTC,0,5146589
yncEp,0.3333333333333333,2,2,GGAGTGAGTAAGGACCTGCA,0,5151648
yncEp,0.3333333333333333,2,2,GGAGCTGGGGGAGCTCCAAA,0,5147472
yncEp,0.3333333333333333,2,2,GGAGCGCCCGCATGCTTTAT,0,5160369
yncEp,0.3333333333333333,2,2,GGACTGTGGCACTACCGGAT,0,5160522
yncEp,0.3333333333333333,2,2,GGACTCTGTCTAGACTACAG,0,5148242
yncEp,0.3333333333333333,2,2,GGACGCGTGAGGAGCTTGTG,0,5152880
yncEp,0.3333333333333333,2,2,GGACCCCCAACGTAGTTTGC,0,5153098
yncEp,0.3333333333333333,2,2,GGAAGGCGTCCAAATGGCAA,0,5160719
yncEp,0.3333333333333333,2,2,GGAAGCGTGCGGCGGAAAAC,0,5150508
yncEp,0.3333333333333333,2,2,GGAAAAAACCAGGATATGGG,0,5156206
yncEp,0.3333333333333333,2,2,GCTTTTGCGTCGTGAAGTCA,0,5146257
yncEp,0.3333333333333333,2,2,GCTTATGGTATCGAAGACGG,0,5149359
yncEp,0.3333333333333333,2,2,GCTTAAGCGATGATCCATGT,0,5161043
yncEp,0.3333333333333333,2,2,GCTGTCCAAGTTCCGGAAGA,0,5150269
yncEp,0.3333333333333333,2,2,GCTGTATAAGGACCTAGGGG,0,5147489
yncEp,0.3333333333333333,2,2,GCTGGTCGCCGCCTTGGGCT,0,5156773
yncEp,0.3333333333333333,2,2,GCTCTAACCGTTCCCTTTGA,0,5155939
yncEp,0.3333333333333333,2,2,GCTCGCGTACGCTGGGCTTT,0,5145927
yncEp,0.3333333333333333,2,2,GCTATGGCGAAGTGGGAGGA,0,5154538
yncEp,0.3333333333333333,2,2,GCTAAGGCCGGAGATGCTCT,0,5161400
yncEp,0.3333333333333333,2,2,GCGTTTAGGGAAATGGCATT,0,5149562
yncEp,0.3333333333333333,2,2,GCGGTCTGCACTGTGACTAT,0,5158353
yncEp,0.3333333333333333,2,2,GCGCTTCGCTTTTAGCGCGA,0,5154820
yncEp,0.3333333333333333,2,2,GCGCGCCTTGATCGACCAGC,0,5158519
yncEp,0.3333333333333333,2,2,GCGCAATCGGATCCCACACC,0,5156980
yncEp,0.3333333333333333,2,2,GCGAGGTGTATTCCCCCGTT,0,5160830
yncEp,0.3333333333333333,2,2,GCGAGATCAGGTAGAACTGA,0,5156861
yncEp,0.3333333333333333,2,2,GCGACGGCTAGACCTTCGAG,0,5158891
yncEp,0.3333333333333333,2,2,GCCGCGTTCGGCGTACAGGC,0,5159941
yncEp,0.3333333333333333,2,2,GCCGCGAGGGGGGCGAACTG,0,5152690
yncEp,0.3333333333333333,2,2,GCCCGGTAGGGATATCGTAC,0,5145851
yncEp,0.3333333333333333,2,2,GCCACAGAACATCGCGGTCT,0,5158753
yncEp,0.3333333333333333,2,2,GCATTATGGAGCCGCTTTGA,0,5146676
yncEp,0.3333333333333333,2,2,GCATCATACCCGGGGTCATG,0,5147159
yncEp,0.3333333333333333,2,2,GCAGGTTTTCGCAAGTGTTT,0,5149498
yncEp,0.3333333333333333,2,2,GCAGCCGGCTGGGTAGGTTG,0,5153847
yncEp,0.3333333333333333,2,2,GCACTACCGCGGAGGAATCC,0,5147951
yncEp,0.3333333333333333,2,2,GCACCCTGGAATTCGTTATG,0,5154627
yncEp,0.3333333333333333,2,2,GCACAGTGCGTAGCTTGGAA,0,5156764
yncEp,0.3333333333333333,2,2,GCAATTCCCCTATACAAACT,0,5151642
yncEp,0.3333333333333333,2,2,GCAATTAAATACTGGCAACC,0,5161201
yncEp,0.3333333333333333,2,2,GCAAATAGTGTTTTCGTACA,0,5155043
yncEp,0.3333333333333333,2,2,GCAAACGGGCCGCGTCACTC,0,5156504
yncEp,0.3333333333333333,2,2,GATTCTTTCCCAACCCTGGT,0,5145891
yncEp,0.3333333333333333,2,2,GATGTGCTAACGTTTCTGGA,0,5160236
yncEp,0.3333333333333333,2,2,GATGGTCAGCACAAGGCATA,0,5154914
yncEp,0.3333333333333333,2,2,GATGGGGTCTGCGTCGATCA,0,5153616
yncEp,0.3333333333333333,2,2,GATGCCTTATCCCACGGAAC,0,5151602
yncEp,0.3333333333333333,2,2,GATGCCGCCTATTATCTTGT,0,5149571
yncEp,0.3333333333333333,2,2,GATGCCAATATTATCGATTG,0,5155779
yncEp,0.3333333333333333,2,2,GATGCATTCGATATGATATA,0,5157182
yncEp,0.3333333333333333,2,2,GATCTCAAACTGCTTCCGGG,0,5161348
yncEp,0.3333333333333333,2,2,GATCCAAGTGGGCAGCAACC,0,5154894
yncEp,0.3333333333333333,2,2,GATAGGCTTGGGTTGGCAGA,0,5156128
yncEp,0.3333333333333333,2,2,GATACATCCCCGCATCACGG,0,5154194
yncEp,0.3333333333333333,2,2,GAGTGTAACGAGACTGGATT,0,5146043
yncEp,0.3333333333333333,2,2,GAGTCATGATCCCGCAAGCA,0,5151957
yncEp,0.3333333333333333,2,2,GAGTATGCTAGTCTACATTG,0,5149350
yncEp,0.3333333333333333,2,2,GAGTAGGACGGGGGCGTGTG,0,5148930
yncEp,0.3333333333333333,2,2,GAGGTACACCACCGTCAGAT,0,5153764
yncEp,0.3333333333333333,2,2,GAGGTAATATCTTTTTCACT,0,5151460
yncEp,0.3333333333333333,2,2,GAGGCCGTGCAATAACATAC,0,5147279
yncEp,0.3333333333333333,2,2,GAGGAACACCTAGTCGCCTC,0,5146113
yncEp,0.3333333333333333,2,2,GAGGAAAACTGGTTTCGTCT,0,5148752
yncEp,0.3333333333333333,2,2,GAGCGTATTGGGCCATGCCT,0,5151331
yncEp,0.3333333333333333,2,2,GAGCCTCACGGTCCACTATG,0,5149060
yncEp,0.3333333333333333,2,2,GAGCCGTCTTGGGTAAATAT,0,5152535
yncEp,0.3333333333333333,2,2,GAGCATCTGCTATTTAACGG,0,5147234
yncEp,0.3333333333333333,2,2,GAGACCCGGGGGTTTGGGCA,0,5154353
yncEp,0.3333333333333333,2,2,GAGAACGAGGTTCTGGGTGT,0,5146073
yncEp,0.3333333333333333,2,2,GACTTTACCGAAACTTCGTA,0,5160301
yncEp,0.3333333333333333,2,2,GACTTACGAGGGTCAAAGAA,0,5156850
yncEp,0.3333333333333333,2,2,GACTGGTATAGAAGGACACT,0,5160024
yncEp,0.3333333333333333,2,2,GACGCTCGCAAGATAGAAAC,0,5161830
yncEp,0.3333333333333333,2,2,GACGCTAGCCGACTACGAGT,0,5154110
yncEp,0.3333333333333333,2,2,GACCGGGAATGTGCAATAAA,0,5148804
yncEp,0.3333333333333333,2,2,GACCGCAAGAGGAAGAGTTC,0,5150295
yncEp,0.3333333333333333,2,2,GACATTTCGGTTTCTCCCTG,0,5161173
yncEp,0.3333333333333333,2,2,GACACTAGGTTCCGATCAGT,0,5155902
yncEp,0.3333333333333333,2,2,GACAATTCTAGTTGCCGCAC,0,5148013
yncEp,0.3333333333333333,2,2,GACAATTACATATATCAGGC,0,5155782
yncEp,0.3333333333333333,2,2,GACAATATATTCTTTGAGGT,0,5158617
yncEp,0.3333333333333333,2,2,GACAAGAATGCACATAGGCC,0,5154270
yncEp,0.3333333333333333,2,2,GACAAAACGGCTCATAGAGG,0,5160684
yncEp,0.3333333333333333,2,2,GAATGGGCACGTGAACACTT,0,5151603
yncEp,0.3333333333333333,2,2,GAATCCGTATTGTCACAGCG,0,5146986
yncEp,0.3333333333333333,2,2,GAATATCGTTTACGCCCTCC,0,5151828
yncEp,0.3333333333333333,2,2,GAAGGGGGAGAGTCTAGGGA,0,5155164
yncEp,0.3333333333333333,2,2,GAAGAGCAACGTTATTGATG,0,5158722
yncEp,0.3333333333333333,2,2,GAAGACCGTAGGACCCGCTA,0,5155132
yncEp,0.3333333333333333,2,2,GAACCTCTGGCTAAAAAGGA,0,5154822
yncEp,0.3333333333333333,2,2,GAACCAGTATGAGAGAGGAG,0,5149622
yncEp,0.3333333333333333,2,2,GAACACGTAGAGGGATGCAG,0,5155415
yncEp,0.3333333333333333,2,2,GAAATGGCTCAAGTTCGGTG,0,5154249
yncEp,0.3333333333333333,2,2,GAAACTGACGCTCAATTTTC,0,5157629
yncEp,0.3333333333333333,2,2,GAAAATGGAGGCCTACTCAG,0,5161490
yncEp,0.3333333333333333,2,2,GAAAACGAGTCTATACGAGA,0,5147130
yncEp,0.3333333333333333,2,2,CTTTGAACCTGGCTGCTCCA,0,5149260
yncEp,0.3333333333333333,2,2,CTTTCTCCAGAGGCCCGCGT,0,5151541
yncEp,0.3333333333333333,2,2,CTTGGTGATGATGCGCGTTA,0,5150582
yncEp,0.3333333333333333,2,2,CTTGCTCACGAATCTTGCGA,0,5159782
yncEp,0.3333333333333333,2,2,CTTGCTATGCGTATGGGAAT,0,5157825
yncEp,0.3333333333333333,2,2,CTTCTGTTTCGGTCAATGTA,0,5153355
yncEp,0.3333333333333333,2,2,CTTCGTGACACCGCAGGGTT,0,5149844
yncEp,0.3333333333333333,2,2,CTTCGTCGGCTAACTCTCTC,0,5160649
yncEp,0.3333333333333333,2,2,CTTAGGTCTTGGTCTTTCTC,0,5154759
yncEp,0.3333333333333333,2,2,CTGTTCTACAGCCGACACCA,0,5147561
yncEp,0.3333333333333333,2,2,CTGTGTCTTGAAGGATCCTT,0,5161592
yncEp,0.3333333333333333,2,2,CTGTGCGCAAAATCCGCTTC,0,5156097
yncEp,0.3333333333333333,2,2,CTGTCCACGTTGGTTTGTTC,0,5151255
yncEp,0.3333333333333333,2,2,CTGTATTCAGACCGCGATCT,0,5162570
yncEp,0.3333333333333333,2,2,CTGGTGCGTAATCCCGGCTA,0,5154435
yncEp,0.3333333333333333,2,2,CTGGTCAAGCCCACGCCGGT,0,5149071
yncEp,0.3333333333333333,2,2,CTGGCGCTATGCGCTAGATA,0,5159504
yncEp,0.3333333333333333,2,2,CTGCCCATGGGCGCTCAGTG,0,5156683
yncEp,0.3333333333333333,2,2,CTGCATTTCTGTCGGTTTTA,0,5162326
yncEp,0.3333333333333333,2,2,CTCGCGTTAAAAGAAGGAGT,0,5160959
yncEp,0.3333333333333333,2,2,CTCGCGGTAGGCGCCCCGGT,0,5152932
yncEp,0.3333333333333333,2,2,CTCGAGTTCCGTAACATTGA,0,5145883
yncEp,0.3333333333333333,2,2,CTCGACGGGAGTCGTGAGGT,0,5149294
yncEp,0.3333333333333333,2,2,CTCGACGCCTGAGGCAGTGC,0,5161778
yncEp,0.3333333333333333,2,2,CTCCTGTAATCAGAGACCGA,0,5150637
yncEp,0.3333333333333333,2,2,CTCCTCTGCCGTGTAGCTCA,0,5151079
yncEp,0.3333333333333333,2,2,CTCCCGCCCTTGACATGCGT,0,5147621
yncEp,0.3333333333333333,2,2,CTCCATTATCTGAAAGCACG,0,5147529
yncEp,0.3333333333333333,2,2,CTCATCCTGACGGCGATACT,0,5152281
yncEp,0.3333333333333333,2,2,CTCACAGAGGCGACATCATT,0,5146640
yncEp,0.3333333333333333,2,2,CTATTCCCTGCCCAGACTAT,0,5154126
yncEp,0.3333333333333333,2,2,CTATTAGTATTTGCGGATTC,0,5162553
yncEp,0.3333333333333333,2,2,CTATGAAAGGGTTAGATGGT,0,5161032
yncEp,0.3333333333333333,2,2,CTAGTGGTTCCCGGTGACTG,0,5150357
yncEp,0.3333333333333333,2,2,CTAGAACTTGTATTAGGGCA,0,5150251
yncEp,0.3333333333333333,2,2,CTACGGCGGCAACCAGGAAT,0,5147144
yncEp,0.3333333333333333,2,2,CTACAGACAGTGGCTGCCTG,0,5157769
yncEp,0.3333333333333333,2,2,CTACAAATGCGTCATTGATA,0,5151252
yncEp,0.3333333333333333,2,2,CTAATAATCAGTCTGATTAG,0,5151398
yncEp,0.3333333333333333,2,2,CTAAACGGCGAGGTGGCGGA,0,5148145
yncEp,0.3333333333333333,2,2,CGTTTTAAGCACCGTCGTTG,0,5153129
yncEp,0.3333333333333333,2,2,CGTTTCTTAGGTGTTGAGCG,0,5154494
yncEp,0.3333333333333333,2,2,CGTTTCGGATAGGTTAGTTT,0,5158755
yncEp,0.3333333333333333,2,2,CGTTTCCGAAAACAGGTCAG,0,5153125
yncEp,0.3333333333333333,2,2,CGTTCTAGGCCCACGTACTG,0,5153920
yncEp,0.3333333333333333,2,2,CGTGGTTTGGGCAGCGGATT,0,5153563
yncEp,0.3333333333333333,2,2,CGTCTTACGTCTGAGTCTTA,0,5154742
yncEp,0.3333333333333333,2,2,CGTCTGCCTCCTCGCGCAGA,0,5149930
yncEp,0.3333333333333333,2,2,CGTCACATCGGGGGAAAAGG,0,5159856
yncEp,0.3333333333333333,2,2,CGTATGCGAACAAACACTAA,0,5155721
yncEp,0.3333333333333333,2,2,CGTAGTTCAAAAAGAGTAAC,0,5160679
yncEp,0.3333333333333333,2,2,CGTACATGAGCCTGCCAAAA,0,5149540
yncEp,0.3333333333333333,2,2,CGTAAGGGCCGCATACAAAA,0,5148493
yncEp,0.3333333333333333,2,2,CGGTTCATCACCGGCTCCTT,0,5150175
yncEp,0.3333333333333333,2,2,CGGTGATGGTTCGTCATGAC,0,5158215
yncEp,0.3333333333333333,2,2,CGGGTTACTCTTCGTTGGCA,0,5152227
yncEp,0.3333333333333333,2,2,CGGGTGAGGCCGGCTTAGCC,0,5162062
yncEp,0.3333333333333333,2,2,CGGGTGAAAGTCAGCTTATG,0,5152512
yncEp,0.3333333333333333,2,2,CGGGTCAAAAATCCAGGCGA,0,5146669
yncEp,0.3333333333333333,2,2,CGGGGGTTGCATAAAGGCGT,0,5152243
yncEp,0.3333333333333333,2,2,CGGGGCGCCGGACGGAATGC,0,5160107
yncEp,0.3333333333333333,2,2,CGGGCTGTTCAGGGTAAGGT,0,5154125
yncEp,0.3333333333333333,2,2,CGGCAGGCGATGCGTTAGCT,0,5160839
yncEp,0.3333333333333333,2,2,CGGCACGGGTCAGGCTCTCT,0,5161679
yncEp,0.3333333333333333,2,2,CGGCACAAAGTTGCTGCCCG,0,5157155
yncEp,0.3333333333333333,2,2,CGGATTCAAGAAGGAATGCA,0,5150229
yncEp,0.3333333333333333,2,2,CGGATGCAGACAAAGAGGTG,0,5162474
yncEp,0.3333333333333333,2,2,CGGAGTTCATGCCAATTTAA,0,5147072
yncEp,0.3333333333333333,2,2,CGGACGGCCGAACCTTAAAG,0,5150502
yncEp,0.3333333333333333,2,2,CGCTGTTATAGAGTGTTGGT,0,5145823
yncEp,0.3333333333333333,2,2,CGCTCTGTACTGAGCGGGCA,0,5157256
yncEp,0.3333333333333333,2,2,CGCTCCTCCCTGGCAGCCAC,0,5149190
yncEp,0.3333333333333333,2,2,CGCTCACGTAAGCATCAAGG,0,5160724
yncEp,0.3333333333333333,2,2,CGCGGACCCACACAGACGAC,0,5146785
yncEp,0.3333333333333333,2,2,CGCGCGTGGCCGAAAATAAA,0,5148560
yncEp,0.3333333333333333,2,2,CGCGACCAAAATGAATATTA,0,5159911
yncEp,0.3333333333333333,2,2,CGCGAATCACGCTGGCCGAC,0,5148992
yncEp,0.3333333333333333,2,2,CGCCTCAGGTGTACGACTGG,0,5156018
yncEp,0.3333333333333333,2,2,CGCCGGCAAAGTCCGGTCCC,0,5147998
yncEp,0.3333333333333333,2,2,CGCCACACGTCTTAGTGTAA,0,5162285
yncEp,0.3333333333333333,2,2,CGCATCAGCTGGTAGCTAAT,0,5146469
yncEp,0.3333333333333333,2,2,CGCACGCGTTCATTCATGAG,0,5158314
yncEp,0.3333333333333333,2,2,CGATTTCCAGCCCAGACCAT,0,5151777
yncEp,0.3333333333333333,2,2,CGAGTGTACATCGAGTCTAC,0,5162397
yncEp,0.3333333333333333,2,2,CGAGTCCGCTGGCGATGTAA,0,5154793
yncEp,0.3333333333333333,2,2,CGAGGCGTGATACTGGCTAT,0,5150160
yncEp,0.3333333333333333,2,2,CGAGAAAAACCTCAGATGTA,0,5152205
yncEp,0.3333333333333333,2,2,CGACGCACTCGGGGGGGTGC,0,5152458
yncEp,0.3333333333333333,2,2,CGACCCGACACCCCAGACAT,0,5157156
yncEp,0.3333333333333333,2,2,CGAAGTACAGGCTCGGTGAT,0,5157319
yncEp,0.3333333333333333,2,2,CCTTGTGCATACTGCATCTG,0,5146294
yncEp,0.3333333333333333,2,2,CCTTATTCCCGTACACTCTA,0,5150915
yncEp,0.3333333333333333,2,2,CCTGTTAGCGATTGGACACG,0,5150435
yncEp,0.3333333333333333,2,2,CCTGTGTCTCGCAAAAACCT,0,5152936
yncEp,0.3333333333333333,2,2,CCTGCATGCGTTCTAGACCT,0,5147569
yncEp,0.3333333333333333,2,2,CCTGATGGGCTATCTCCTTC,0,5162306
yncEp,0.3333333333333333,2,2,CCTGAGTTCGAGTGCTCTGA,0,5156525
yncEp,0.3333333333333333,2,2,CCTCACAAGCTGTTGAATCT,0,5162336
yncEp,0.3333333333333333,2,2,CCTCAATCCCTAATGAAAGA,0,5161823
yncEp,0.3333333333333333,2,2,CCTAGGATACTAAGTCTGAC,0,5161217
yncEp,0.3333333333333333,2,2,CCGTTTGAGTGAAGCGTCCC,0,5146836
yncEp,0.3333333333333333,2,2,CCGTTGCACTCTACGTAGAA,0,5162113
yncEp,0.3333333333333333,2,2,CCGGGGAGGTATCCCATGCA,0,5151278
yncEp,0.3333333333333333,2,2,CCGCTTACGGGCTTGGCATC,0,5158758
yncEp,0.3333333333333333,2,2,CCGCGCATCAGGCGGCGTCC,0,5151653
yncEp,0.3333333333333333,2,2,CCGATTGACGGGAGAGGTGT,0,5146564
yncEp,0.3333333333333333,2,2,CCGACGCATATATAAAAGCA,0,5149531
yncEp,0.3333333333333333,2,2,CCGACAAATTGAGCTGGGCT,0,5161847
yncEp,0.3333333333333333,2,2,CCCTCCTGTTGTAGTGGAGG,0,5153527
yncEp,0.3333333333333333,2,2,CCCTAGCTGAAAGGAAGTGG,0,5151020
yncEp,0.3333333333333333,2,2,CCCGTTACGTGTATGAAACG,0,5148635
yncEp,0.3333333333333333,2,2,CCCGTAGCCGGTTATTGGTG,0,5146188
yncEp,0.3333333333333333,2,2,CCCGGCACCCTACATCGGAA,0,5150614
yncEp,0.3333333333333333,2,2,CCCCCATTCAGGGTAAGTGC,0,5153740
yncEp,0.3333333333333333,2,2,CCCACACTATGTCTAGACTA,0,5149070
yncEp,0.3333333333333333,2,2,CCATTCGTGACTCGGTAAAT,0,5159381
yncEp,0.3333333333333333,2,2,CCATGGCGAATGTCGAGAGT,0,5156563
yncEp,0.3333333333333333,2,2,CCATGCGCGGCAACCGGTAG,0,5147675
yncEp,0.3333333333333333,2,2,CCATGCAACCTGTCTAAGGT,0,5159488
yncEp,0.3333333333333333,2,2,CCATCAGCGATCCTGCCGAG,0,5161954
yncEp,0.3333333333333333,2,2,CCAGTTATCTTAGTTGGTTA,0,5159155
yncEp,0.3333333333333333,2,2,CCAGAGGCAAAAACACTCGG,0,5148318
yncEp,0.3333333333333333,2,2,CCACTTCGATTACAGTGTTG,0,5157273
yncEp,0.3333333333333333,2,2,CCACTGATAGTTTGAAGATG,0,5145819
yncEp,0.3333333333333333,2,2,CCACAGTAGAAGACTGGCTC,0,5150622
yncEp,0.3333333333333333,2,2,CCACACAATTATCGGTCCGA,0,5145998
yncEp,0.3333333333333333,2,2,CCAATTCCCGCCGTCCAGTG,0,5147695
yncEp,0.3333333333333333,2,2,CCAATATCTTGTTGCATCCA,0,5157767
yncEp,0.3333333333333333,2,2,CCAAGCGGCTCCCTCTTATG,0,5162604
yncEp,0.3333333333333333,2,2,CCAACAGCGGATACTTTCTA,0,5161346
yncEp,0.3333333333333333,2,2,CATTTTGGGGCAGCATCCGG,0,5159415
yncEp,0.3333333333333333,2,2,CATTTCAAGTATCAGCCCAA,0,5159613
yncEp,0.3333333333333333,2,2,CATTGACTGCTTTTTTCCGG,0,5161347
yncEp,0.3333333333333333,2,2,CATGTAATAAATCTCATAGG,0,5145817
yncEp,0.3333333333333333,2,2,CATGCGGCAAAGCCAAATGT,0,5162552
yncEp,0.3333333333333333,2,2,CATCTATGCATGAAAGCTCG,0,5154980
yncEp,0.3333333333333333,2,2,CATCGTTCTGTTCGTTATGT,0,5148255
yncEp,0.3333333333333333,2,2,CATCCTCTTCGGTACTGGAC,0,5158234
yncEp,0.3333333333333333,2,2,CATCATATCTTAGGGTCTGG,0,5149376
yncEp,0.3333333333333333,2,2,CATCAATCACCGGTCGTTAC,0,5148582
yncEp,0.3333333333333333,2,2,CATACTACCCGTCAAGCACA,0,5157062
yncEp,0.3333333333333333,2,2,CAGTTATACTGTATCGCCAG,0,5155736
yncEp,0.3333333333333333,2,2,CAGGTTCCCGTGCGTTAGAT,0,5153813
yncEp,0.3333333333333333,2,2,CAGGGGGCTATCGCCGCTCT,0,5158612
yncEp,0.3333333333333333,2,2,CAGGGCTTCTGAAGGGGGCT,0,5157991
yncEp,0.3333333333333333,2,2,CAGGCGGCAGGTACGCACTG,0,5159537
yncEp,0.3333333333333333,2,2,CAGCTTCTCTTTTTTACCGG,0,5150408
yncEp,0.3333333333333333,2,2,CAGCCTTAGGACGTTGTTCT,0,5158618
yncEp,0.3333333333333333,2,2,CAGCCTCATTGCAATCCCAA,0,5157795
yncEp,0.3333333333333333,2,2,CAGCCGTGTTGAGCTGTAAG,0,5156286
yncEp,0.3333333333333333,2,2,CAGCCCGTTTTAGGGACAGT,0,5155586
yncEp,0.3333333333333333,2,2,CAGCAGACATGCCAGACGTA,0,5150893
yncEp,0.3333333333333333,2,2,CAGATCGCAGGCTTAGTCGC,0,5155242
yncEp,0.3333333333333333,2,2,CAGAGTGGGGAGGTAAAGAG,0,5158252
yncEp,0.3333333333333333,2,2,CAGAGGTGAGTCTGTTATCA,0,5150213
yncEp,0.3333333333333333,2,2,CAGAGCGAACACCGTGCTGA,0,5146996
yncEp,0.3333333333333333,2,2,CACGTTTCACGACGGTCCAG,0,5146385
yncEp,0.3333333333333333,2,2,CACGTCCTGTTCCCGGCTGA,0,5156489
yncEp,0.3333333333333333,2,2,CACGCTACAAGTATTTTTGG,0,5148498
yncEp,0.3333333333333333,2,2,CACGAGCGGGTGGGCTCTCG,0,5159274
yncEp,0.3333333333333333,2,2,CACGACGTTGCGGTTTCTTA,0,5157097
yncEp,0.3333333333333333,2,2,CACCTGCACGGCGTTCGGAT,0,5148058
yncEp,0.3333333333333333,2,2,CACCGGATACGGTGTGGATA,0,5162512
yncEp,0.3333333333333333,2,2,CACCCCTGACTCGCATAAAG,0,5160388
yncEp,0.3333333333333333,2,2,CACCAAGCACATCACTGTGT,0,5153097
yncEp,0.3333333333333333,2,2,CACATTTTAATACATGACTT,0,5146205
yncEp,0.3333333333333333,2,2,CACATTTAGTAGGTGCCTAC,0,5148942
yncEp,0.3333333333333333,2,2,CACACACGAATTAGCGACCT,0,5153969
yncEp,0.3333333333333333,2,2,CACAAAGGAGCTGAACGGCT,0,5162373
yncEp,0.3333333333333333,2,2,CAATGATCGTCGATGTAATC,0,5157590
yncEp,0.3333333333333333,2,2,CAATCCCTCCACCAGTGACT,0,5152744
yncEp,0.3333333333333333,2,2,CAATATCTGACTATCGATTT,0,5160510
yncEp,0.3333333333333333,2,2,CAATAATAACATAGTGGTGT,0,5161081
yncEp,0.3333333333333333,2,2,CAAGTTACGCCCCAGGGGTT,0,5149559
yncEp,0.3333333333333333,2,2,CAAGTTACCTGGAGTATGAG,0,5147589
yncEp,0.3333333333333333,2,2,CAAGGTTAGGGTCACCGCTT,0,5159680
yncEp,0.3333333333333333,2,2,CAAGGCTCGGTAGGTGTCGC,0,5148209
yncEp,0.3333333333333333,2,2,CAAGGAACGCTGAAGAATGG,0,5161153
yncEp,0.3333333333333333,2,2,CAAGCTTATCCTGCTGGCTA,0,5156375
yncEp,0.3333333333333333,2,2,CAAGCATATACAACGGATTA,0,5160874
yncEp,0.3333333333333333,2,2,CAAGAGCGAGGGCCGGAACC,0,5153321
yncEp,0.3333333333333333,2,2,CAAGAACTCTAGGAATTCTA,0,5149455
yncEp,0.3333333333333333,2,2,CAACGACCACCGAGAGAGTG,0,5161481
yncEp,0.3333333333333333,2,2,CAAATCGAATTTGGGTAGAA,0,5157888
yncEp,0.3333333333333333,2,2,CAAATAGGGGTTCAACGAGT,0,5146540
yncEp,0.3333333333333333,2,2,CAAACCTTCCCCAATATATT,0,5149641
yncEp,0.3333333333333333,2,2,CAAAAGCCCCAGTGCGCCGT,0,5149155
yncEp,0.3333333333333333,2,2,CAAAACGGGGTGCATTTGTA,0,5147493
yncEp,0.3333333333333333,2,2,ATTTTCTTGTTCAGATATTC,0,5160066
yncEp,0.3333333333333333,2,2,ATTTCTGCCGAAATGTCCAG,0,5157783
yncEp,0.3333333333333333,2,2,ATTTCGTCCGATCGTTAGGT,0,5159783
yncEp,0.3333333333333333,2,2,ATTTCGTAGCATGTGTGACA,0,5161755
yncEp,0.3333333333333333,2,2,ATTTATCTACCCTGACCATC,0,5149596
yncEp,0.3333333333333333,2,2,ATTTAACTGCCCATGGAAGT,0,5148649
yncEp,0.3333333333333333,2,2,ATTGGGTCTTTAACATATAT,0,5158015
yncEp,0.3333333333333333,2,2,ATTGGCTTGTGCAATGCTGT,0,5158046
yncEp,0.3333333333333333,2,2,ATTGCGTAGTATAGGGTAGA,0,5159005
yncEp,0.3333333333333333,2,2,ATTCGCCAGCAAAGAGGGTG,0,5158836
yncEp,0.3333333333333333,2,2,ATTCCCCACTCAACCATTGA,0,5159633
yncEp,0.3333333333333333,2,2,ATTACTTCGAGAGCCTAATG,0,5148511
yncEp,0.3333333333333333,2,2,ATGTTTGATTGATAGTTTCC,0,5146280
yncEp,0.3333333333333333,2,2,ATGGGGGGGCGTTACAGAAT,0,5149864
yncEp,0.3333333333333333,2,2,ATGGCTGGGGGCGACTTATT,0,5147430
yncEp,0.3333333333333333,2,2,ATGCTCAGTCGCAACTGTGC,0,5154426
yncEp,0.3333333333333333,2,2,ATGCGACTGGATGTATAATA,0,5145829
yncEp,0.3333333333333333,2,2,ATGCACCTCTGTCGAGGGAA,0,5159618
yncEp,0.3333333333333333,2,2,ATGCACCTCGCTGCCCACAG,0,5155401
yncEp,0.3333333333333333,2,2,ATGCACAGCCCCGCGATGAG,0,5151461
yncEp,0.3333333333333333,2,2,ATGCACAAGCCCATCACCTA,0,5154205
yncEp,0.3333333333333333,2,2,ATGATCCCTCTGCGAAAACC,0,5150731
yncEp,0.3333333333333333,2,2,ATGAGTATGCAAGACCCGGC,0,5156172
yncEp,0.3333333333333333,2,2,ATGAGATTATACTAGGCCGG,0,5150230
yncEp,0.3333333333333333,2,2,ATGACACCAGCTTGTTCCAA,0,5160189
yncEp,0.3333333333333333,2,2,ATCTGTGGCCTGCTTTATGT,0,5155906
yncEp,0.3333333333333333,2,2,ATCTGCTACACATAAGAACT,0,5149331
yncEp,0.3333333333333333,2,2,ATCTCTCTATTATTCGGGAT,0,5159239
yncEp,0.3333333333333333,2,2,ATCGATTTGAGAGTTGGTGG,0,5154076
yncEp,0.3333333333333333,2,2,ATCGAGCAGTTTTGTTGCTC,0,5157732
yncEp,0.3333333333333333,2,2,ATCACTCTATTATCGGGGCT,0,5158770
yncEp,0.3333333333333333,2,2,ATCACGCATGCAATTAAAGG,0,5156792
yncEp,0.3333333333333333,2,2,ATATGCCCGCATTGTTCAAT,0,5149994
yncEp,0.3333333333333333,2,2,ATATCGCATGAAAAGTATTC,0,5147136
yncEp,0.3333333333333333,2,2,ATATCAGCCACTACGCATCA,0,5146681
yncEp,0.3333333333333333,2,2,ATAGTCCGGAAAATTCCCTA,0,5160609
yncEp,0.3333333333333333,2,2,ATAGGGGTCTCAAGTGTACT,0,5149825
yncEp,0.3333333333333333,2,2,ATAGCTCTAACTGCCTCATT,0,5147212
yncEp,0.3333333333333333,2,2,ATAGCGTGACCACACAGCGT,0,5162435
yncEp,0.3333333333333333,2,2,ATAGATTAAGCGAGAAGTTG,0,5157973
yncEp,0.3333333333333333,2,2,ATAGATGTCTTGAAGAAACC,0,5162449
yncEp,0.3333333333333333,2,2,ATACTGAACATCATCCTACA,0,5160765
yncEp,0.3333333333333333,2,2,ATACGGCGTCTGGTTTTAAT,0,5154046
yncEp,0.3333333333333333,2,2,ATACCACTTCATACGATACA,0,5147405
yncEp,0.3333333333333333,2,2,ATACAACGAGAGTCCGCACG,0,5152133
yncEp,0.3333333333333333,2,2,ATAATCGCGACCTGTAGCAT,0,5154272
yncEp,0.3333333333333333,2,2,ATAAGGATGTCAGTCATAAA,0,5151773
yncEp,0.3333333333333333,2,2,AGTTCTGGACTGCTCGACTG,0,5154952
yncEp,0.3333333333333333,2,2,AGTTCGCATAATAAAATCTC,0,5158381
yncEp,0.3333333333333333,2,2,AGTTCAGGGCAGTCCTGTAA,0,5156546
yncEp,0.3333333333333333,2,2,AGTTAGTAATTTATTGAGAT,0,5158586
yncEp,0.3333333333333333,2,2,AGTTAGGGAGGGTTCTCGGC,0,5151634
yncEp,0.3333333333333333,2,2,AGTTAGCGCCCGTCGGCTGT,0,5147836
yncEp,0.3333333333333333,2,2,AGTGTCATAACTTGGCATAA,0,5157589
yncEp,0.3333333333333333,2,2,AGTGCGTGCGTTAACGGGCA,0,5152258
yncEp,0.3333333333333333,2,2,AGTGAGCTTTTATTGGTCCA,0,5152955
yncEp,0.3333333333333333,2,2,AGTCTGCTCAGTAAAACTGA,0,5155799
yncEp,0.3333333333333333,2,2,AGTCTAGGATTTCGATTAGG,0,5161959
yncEp,0.3333333333333333,2,2,AGTCCTGCTCTTAGCAAGAA,0,5161801
yncEp,0.3333333333333333,2,2,AGTATGACTTGTAATGCCGA,0,5154528
yncEp,0.3333333333333333,2,2,AGTAGAATGAAGCCCCACTG,0,5146382
yncEp,0.3333333333333333,2,2,AGTAAGCTGATTTTACCCTT,0,5156962
yncEp,0.3333333333333333,2,2,AGGTTTGTAATATCTAACAA,0,5149413
yncEp,0.3333333333333333,2,2,AGGTTTATCTCTACCCAGTT,0,5156947
yncEp,0.3333333333333333,2,2,AGGTGTGCCACTAGCGTTCA,0,5158097
yncEp,0.3333333333333333,2,2,AGGTGCGCAACGTCCCGATG,0,5160763
yncEp,0.3333333333333333,2,2,AGGTGCAATGTCGTACGATA,0,5153595
yncEp,0.3333333333333333,2,2,AGGTGATCACTACAAGGAGC,0,5156587
yncEp,0.3333333333333333,2,2,AGGTCATTTTAATCCCTTCA,0,5152879
yncEp,0.3333333333333333,2,2,AGGGTGGCGTGTAGGAGGCT,0,5147648
yncEp,0.3333333333333333,2,2,AGGGGGGCAACGACGTCGCT,0,5157563
yncEp,0.3333333333333333,2,2,AGGGCCTCGCGAATAGTCGC,0,5146148
yncEp,0.3333333333333333,2,2,AGGCTTAAGGATGCAGAATA,0,5158837
yncEp,0.3333333333333333,2,2,AGGCTCGCTAGGTGGCGGTC,0,5162032
yncEp,0.3333333333333333,2,2,AGGCGTTACTCGCTTCATTG,0,5161509
yncEp,0.3333333333333333,2,2,AGGCGGGCGGATGCAGCTAT,0,5157038
yncEp,0.3333333333333333,2,2,AGGCGCTCCCATAGAATCAG,0,5146286
yncEp,0.3333333333333333,2,2,AGGACGAACAGGCTAGACAA,0,5160605
yncEp,0.3333333333333333,2,2,AGGAATCATGTTTACGACTA,0,5162129
yncEp,0.3333333333333333,2,2,AGCTTCCTGGCCACGCGTCA,0,5148420
yncEp,0.3333333333333333,2,2,AGCTAAGGTCCGATTCATGG,0,5157618
yncEp,0.3333333333333333,2,2,AGCGTTTGGAAGTCACACTC,0,5156966
yncEp,0.3333333333333333,2,2,AGCGTCCTGGCTATGCCAGT,0,5158287
yncEp,0.3333333333333333,2,2,AGCGGTCTTGCTTTGGGGTA,0,5147817
yncEp,0.3333333333333333,2,2,AGCGCCCCGCATGTGTAAAT,0,5159548
yncEp,0.3333333333333333,2,2,AGCCTGTCCGGTGCCACCCG,0,5154077
yncEp,0.3333333333333333,2,2,AGCCTAGCGGTATTGAGTTA,0,5156492
yncEp,0.3333333333333333,2,2,AGCCGGGACGTTGTCATAAA,0,5155987
yncEp,0.3333333333333333,2,2,AGCCCAGAGGCCCGAGGATA,0,5158176
yncEp,0.3333333333333333,2,2,AGCCAACGACTTGCCCAAGG,0,5156369
yncEp,0.3333333333333333,2,2,AGCATCTAGGGTTGGTATGA,0,5157175
yncEp,0.3333333333333333,2,2,AGCATAGTATGTGGGTCGTT,0,5150975
yncEp,0.3333333333333333,2,2,AGCACCAGGAAAGCGAGGTA,0,5151731
yncEp,0.3333333333333333,2,2,AGCAACTGGGACGCCGTACG,0,5158833
yncEp,0.3333333333333333,2,2,AGATCATGTATGGGTACCGG,0,5152645
yncEp,0.3333333333333333,2,2,AGATCAGACTACACTGGTGG,0,5148782
yncEp,0.3333333333333333,2,2,AGATATTGGGTGACGCCCGA,0,5155943
yncEp,0.3333333333333333,2,2,AGATATACGGACGCTGCGGA,0,5159405
yncEp,0.3333333333333333,2,2,AGATACTTGAGGATTATATA,0,5157149
yncEp,0.3333333333333333,2,2,AGATAAATTTGGACCAATCA,0,5147262
yncEp,0.3333333333333333,2,2,AGAGCATCGAGGTCGATAAC,0,5161224
yncEp,0.3333333333333333,2,2,AGAGAATTGTGTTGGCTATC,0,5149395
yncEp,0.3333333333333333,2,2,AGAATTCGGTTTATTCGAGT,0,5152756
yncEp,0.3333333333333333,2,2,AGAATGCAGGTACCAATTGA,0,5149283
yncEp,0.3333333333333333,2,2,AGAATCTGGCATCCCTAGGA,0,5157695
yncEp,0.3333333333333333,2,2,AGAAGTGACAGTAACCTACA,0,5156081
yncEp,0.3333333333333333,2,2,AGAACATGCAACGTGGGCCG,0,5147957
yncEp,0.3333333333333333,2,2,AGAACACCTAAAATCCGATG,0,5154986
yncEp,0.3333333333333333,2,2,ACTTTAAACATCCCGGCAGG,0,5158595
yncEp,0.3333333333333333,2,2,ACTGTTGGCAAGTCACTTGG,0,5148106
yncEp,0.3333333333333333,2,2,ACTGGCAGCGACTATGTGAG,0,5153212
yncEp,0.3333333333333333,2,2,ACTGCACCAAGTTAGTGTTC,0,5149771
yncEp,0.3333333333333333,2,2,ACTCGACCGACTCGACAGGC,0,5154665
yncEp,0.3333333333333333,2,2,ACTAAGACTAATGCGCAGTA,0,5151626
yncEp,0.3333333333333333,2,2,ACGTGCTCGAGCTTAGTAAA,0,5157412
yncEp,0.3333333333333333,2,2,ACGGGTAGCTAATGCAGGCA,0,5149590
yncEp,0.3333333333333333,2,2,ACGGGGGACCACCGTCAGTC,0,5161980
yncEp,0.3333333333333333,2,2,ACGGGCAGATCCGCTGTTGT,0,5162353
yncEp,0.3333333333333333,2,2,ACGGCAAATGGGGGGAGGGT,0,5154391
yncEp,0.3333333333333333,2,2,ACGGAATTATGCGTAGAAGA,0,5155705
yncEp,0.3333333333333333,2,2,ACGCTAATATGTGAATTAAG,0,5161430
yncEp,0.3333333333333333,2,2,ACGCGCTATTGGGTCATACA,0,5147468
yncEp,0.3333333333333333,2,2,ACGAGTGCCACTTAATTCGC,0,5160007
yncEp,0.3333333333333333,2,2,ACGAGCATCCAGCCTAACCA,0,5151680
yncEp,0.3333333333333333,2,2,ACGAATAGATACGACTGGCC,0,5161207
yncEp,0.3333333333333333,2,2,ACGAAAGGTCCTCACGAGAG,0,5145809
yncEp,0.3333333333333333,2,2,ACCTGGTCGTGTTTGGAAAG,0,5159668
yncEp,0.3333333333333333,2,2,ACCGGATCCCCAATCGTCAA,0,5149470
yncEp,0.3333333333333333,2,2,ACCGGAGGGAACGACTCGAG,0,5146903
yncEp,0.3333333333333333,2,2,ACCCAAGAGCGTCACACGTC,0,5149420
yncEp,0.3333333333333333,2,2,ACCATTCGCAGTAGCTTCAA,0,5148800
yncEp,0.3333333333333333,2,2,ACCATGTCACTTTTTTCTCA,0,5151732
yncEp,0.3333333333333333,2,2,ACCATAGGCAATTTATACAA,0,5151324
yncEp,0.3333333333333333,2,2,ACCAGGAGATAACTGGGTGG,0,5147904
yncEp,0.3333333333333333,2,2,ACCAGCTACAACGGGCCACT,0,5147210
yncEp,0.3333333333333333,2,2,ACATGTAGGTGTTATGGGTT,0,5155505
yncEp,0.3333333333333333,2,2,ACATGGTTCCTAGTAATGAA,0,5154069
yncEp,0.3333333333333333,2,2,ACATGATCTTAAATCGCCGT,0,5162416
yncEp,0.3333333333333333,2,2,ACATCATAAAGCAAGGCAAT,0,5156102
yncEp,0.3333333333333333,2,2,ACATCACTCGTCCTTCTGTT,0,5149250
yncEp,0.3333333333333333,2,2,ACAGAGCGATCTCCAAACTT,0,5147229
yncEp,0.3333333333333333,2,2,ACACGTTGTAAATTCGCCCC,0,5160534
yncEp,0.3333333333333333,2,2,ACACCTGAACAAAGCGAATT,0,5153207
yncEp,0.3333333333333333,2,2,ACACATTATCTAACAAAAAG,0,5156789
yncEp,0.3333333333333333,2,2,ACACAGGGGACGTCGCCATT,0,5150655
yncEp,0.3333333333333333,2,2,ACAATCACTTCCATGAGCGT,0,5149402
yncEp,0.3333333333333333,2,2,AATTGTGTCCACGCGCTGGA,0,5146450
yncEp,0.3333333333333333,2,2,AATTGCATTGCACGATGTTG,0,5157665
yncEp,0.3333333333333333,2,2,AATTGCAGGTCAAACAAATA,0,5154954
yncEp,0.3333333333333333,2,2,AATTCTCGGCGCGACTTCTT,0,5150661
yncEp,0.3333333333333333,2,2,AATGGCGGTAATGGGCCTGA,0,5153947
yncEp,0.3333333333333333,2,2,AATATAAAAAGGATCCTTAA,0,5160686
yncEp,0.3333333333333333,2,2,AATAGCGAGAGCGTCAACAA,0,5162230
yncEp,0.3333333333333333,2,2,AATACGGCGTCTAAGTGCTA,0,5158118
yncEp,0.3333333333333333,2,2,AATAAGGGGGTTATTGCGCT,0,5158992
yncEp,0.3333333333333333,2,2,AAGTTTACAAGCAATTGCTG,0,5155483
yncEp,0.3333333333333333,2,2,AAGTTGTAGAAGCATGCACC,0,5158465
yncEp,0.3333333333333333,2,2,AAGTTAAACGTACACCACAA,0,5159728
yncEp,0.3333333333333333,2,2,AAGTGGTTAATTGACTCAAC,0,5149411
yncEp,0.3333333333333333,2,2,AAGTGACCTCGTTAACCGAC,0,5154479
yncEp,0.3333333333333333,2,2,AAGGAAGGGAACACCGGATG,0,5154541
yncEp,0.3333333333333333,2,2,AAGCCGGTCAGCATTGGGGC,0,5159829
yncEp,0.3333333333333333,2,2,AAGAGACCCCATTGTACCTC,0,5161145
yncEp,0.3333333333333333,2,2,AAGACGGGATACGCAATTTC,0,5148770
yncEp,0.3333333333333333,2,2,AACTTTTTAGGACCGCTTAA,0,5145825
yncEp,0.3333333333333333,2,2,AACTGTACCTTATTGAACAT,0,5160232
yncEp,0.3333333333333333,2,2,AACTCTGTTCCCGGCAAATC,0,5152252
yncEp,0.3333333333333333,2,2,AACTAGAAATGGAATGGATA,0,5148592
yncEp,0.3333333333333333,2,2,AACTAACATACAGGGAAGGA,0,5162165
yncEp,0.3333333333333333,2,2,AACGTTCATGATGCGGACCA,0,5147085
yncEp,0.3333333333333333,2,2,AACGGAGGCCCGTCTGGGAT,0,5150193
yncEp,0.3333333333333333,2,2,AACGCTAGCGTTGTGCGTGG,0,5149285
yncEp,0.3333333333333333,2,2,AACGCACGCAGGGAGAAAAG,0,5151081
yncEp,0.3333333333333333,2,2,AACCGCAGCACATGCGTCCG,0,5149647
yncEp,0.3333333333333333,2,2,AACCCTTACTTGTTTTTTAT,0,5162458
yncEp,0.3333333333333333,2,2,AACCCCGTCCAGGGTCTTGA,0,5147502
yncEp,0.3333333333333333,2,2,AACCATGCTTTGTGCGACAC,0,5159460
yncEp,0.3333333333333333,2,2,AACATGGCAACCAACTGCCT,0,5146717
yncEp,0.3333333333333333,2,2,AACAGCCACAATGTACATTC,0,5160507
yncEp,0.3333333333333333,2,2,AACACGGTGGAGGGCCATGG,0,5160753
yncEp,0.3333333333333333,2,2,AACAACCACCTTCGGGCAAC,0,5155034
yncEp,0.3333333333333333,2,2,AAATCTTCGTTGCACAAAGA,0,5151882
yncEp,0.3333333333333333,2,2,AAATAGGAACGGATATCCAG,0,5154509
yncEp,0.3333333333333333,2,2,AAATAGAACACCCGAAGTTA,0,5151767
yncEp,0.3333333333333333,2,2,AAAGTACTGTCAACCCCATG,0,5146089
yncEp,0.3333333333333333,2,2,AAAGGGAGTATAGCTTGGAC,0,5152940
yncEp,0.3333333333333333,2,2,AAAGCTCGCTTGGAGTTAAC,0,5152711
yncEp,0.3333333333333333,2,2,AAAGCGTAATGAATAACCCA,0,5159257
yncEp,0.3333333333333333,2,2,AAAGATACAGCGACCCGCAT,0,5155135
yncEp,0.3333333333333333,2,2,AAACGGTAACGATGGTATCT,0,5157910
yncEp,0.3333333333333333,2,2,AAACGGTAAATTGCTTGATG,0,5157043
yncEp,0.3333333333333333,2,2,AAAATGAATACGGGGGCAGA,0,5154318
yncEp,0.3333333333333333,2,2,AAAAGGATTATTTCTTTAGG,0,5153708
yncEp,0.3333333333333333,2,2,AAAACTTCGGGCCTCCATTA,0,5152958
yncEp,0.3333333333333333,2,2,AAAACTGCATTCGCTCCCGT,0,5150643
yncEp,0.3333333333333333,2,2,AAAAAGCAATGAGGCAAAAT,0,5161525
yncEp,0.5,1,1,TTTTTATTTATCTCCTCATT,0,5159881
yncEp,0.5,1,1,TTTTCTGTCCGAAACTCGAT,0,5147914
yncEp,0.5,1,1,TTTGGAACGCTTAGCGACGA,0,5161165
yncEp,0.5,1,1,TTTGCTGATACGGATGCATT,0,5154882
yncEp,0.5,1,1,TTTGCCATGCGTTAACGTAA,0,5156689
yncEp,0.5,1,1,TTTGAAGCGGTCCTGGAAAC,0,5160729
yncEp,0.5,1,1,TTTCTTCTCGATACCCCGTC,0,5161821
yncEp,0.5,1,1,TTTCTGTACGTCGTCCACAC,0,5149889
yncEp,0.5,1,1,TTTCTGCATCTACGTTTTAG,0,5156997
yncEp,0.5,1,1,TTTCTAGAGCCACCGACCAG,0,5149947
yncEp,0.5,1,1,TTTCGTCCAAGGAATGTACG,0,5156532
yncEp,0.5,1,1,TTTCCTTCGCTATTCCGTCT,0,5155587
yncEp,0.5,1,1,TTTCAGTAGTGTGAAGGAAG,0,5147440
yncEp,0.5,1,1,TTTACTGTGCGATGCCCCAG,0,5159122
yncEp,0.5,1,1,TTTACGTAGTCTTCCCGTAA,0,5149940
yncEp,0.5,1,1,TTTAACCATAAGTGAGTTTC,0,5149652
yncEp,0.5,1,1,TTGTTAACGCGTTGAAAGAA,0,5158239
yncEp,0.5,1,1,TTGTGTGCCGGCTTACACGG,0,5160048
yncEp,0.5,1,1,TTGTGAGCTAACATGGCGAG,0,5150105
yncEp,0.5,1,1,TTGTCCGGACAGGTGACGCT,0,5147990
yncEp,0.5,1,1,TTGGTTGGCACGGATAGGGC,0,5146171
yncEp,0.5,1,1,TTGGTGGACATTACCATCAA,0,5152846
yncEp,0.5,1,1,TTGGTCCGTCAATGGTCGAT,0,5150547
yncEp,0.5,1,1,TTGGTAGACCCTCGCGATAT,0,5146704
yncEp,0.5,1,1,TTGGCACTGATATATAATTT,0,5155971
yncEp,0.5,1,1,TTGGATTCTCTATCTGGTGG,0,5158439
yncEp,0.5,1,1,TTGGAGGATCAACTTCGCTC,0,5149545
yncEp,0.5,1,1,TTGGAACATCGCCTACTGTG,0,5152015
yncEp,0.5,1,1,TTGCTGAAGAGATTCTTTTA,0,5160207
yncEp,0.5,1,1,TTGCGGTTTACGACCACACC,0,5152389
yncEp,0.5,1,1,TTGCGACCAGTGGGATGAGT,0,5150881
yncEp,0.5,1,1,TTGCCAACTATATGCATTAA,0,5158943
yncEp,0.5,1,1,TTGCATTTGCGGTTCAAAGT,0,5153934
yncEp,0.5,1,1,TTGATTAAATGAAGTTGTAG,0,5147066
yncEp,0.5,1,1,TTGATCACGGCTTCCATAAT,0,5152682
yncEp,0.5,1,1,TTGAGTCCAAATCTTTCATC,0,5148014
yncEp,0.5,1,1,TTGAGGGTCCGTCGGCGAAA,0,5154977
yncEp,0.5,1,1,TTGACGCCATTCCCGGGATT,0,5154061
yncEp,0.5,1,1,TTCTGGAATTACCAGCAAAT,0,5158034
yncEp,0.5,1,1,TTCTGACGATTAACTGCGTT,0,5160092
yncEp,0.5,1,1,TTCTAATTCGTTTCCAGGTC,0,5153087
yncEp,0.5,1,1,TTCGTACCGCCGGGTACCGT,0,5158531
yncEp,0.5,1,1,TTCGGTACAGGGTTGCAGGT,0,5156680
yncEp,0.5,1,1,TTCGGAGGGTCATTAGTTTG,0,5157370
yncEp,0.5,1,1,TTCGCTGCCATGCCGCCATT,0,5149021
yncEp,0.5,1,1,TTCCTGATAGACCGGTACTT,0,5146630
yncEp,0.5,1,1,TTCCATGGCACTTTGACTTG,0,5161633
yncEp,0.5,1,1,TTCATGCTGACCGAGTTTGA,0,5149984
yncEp,0.5,1,1,TTCAGGGAACAGCTGGAAAG,0,5154628
yncEp,0.5,1,1,TTCAAAAATCTCGTAATGGG,0,5147684
yncEp,0.5,1,1,TTATGCCAGGACGATATCGG,0,5158126
yncEp,0.5,1,1,TTATCGTTGATCATTCTAAC,0,5158583
yncEp,0.5,1,1,TTATCGCGCTATTTATGTTT,0,5159031
yncEp,0.5,1,1,TTATCAGTCGTAATCACCGA,0,5152733
yncEp,0.5,1,1,TTATATAGAATTGGAATCGA,0,5158823
yncEp,0.5,1,1,TTATAAGCGGGATTATTCGC,0,5155934
yncEp,0.5,1,1,TTAGGTTCGAATCTTGAATT,0,5153372
yncEp,0.5,1,1,TTAGGGCCAAATAAACTTGG,0,5156422
yncEp,0.5,1,1,TTAGGATGTAAACAGCCCCC,0,5159240
yncEp,0.5,1,1,TTAGCCGCGATTTTCTAGAT,0,5160898
yncEp,0.5,1,1,TTAGATACTAAACGTAGCCC,0,5161820
yncEp,0.5,1,1,TTAGACCCATTCCGTTGTGG,0,5158989
yncEp,0.5,1,1,TTACTAAGATAGCAAAGTTA,0,5147306
yncEp,0.5,1,1,TTACGGGTATACGTATGCTT,0,5161800
yncEp,0.5,1,1,TTAATTGTTTGCCGGATACA,0,5150174
yncEp,0.5,1,1,TGTTGAGGGTAGCAATGCTA,0,5146345
yncEp,0.5,1,1,TGTTCCTTTTTGACGATCTT,0,5156165
yncEp,0.5,1,1,TGTTCCGAGACTTGGTAACA,0,5149665
yncEp,0.5,1,1,TGTTCAGCATGGGTCGGATA,0,5160953
yncEp,0.5,1,1,TGTTCACTCGCGAGAGTGCT,0,5159614
yncEp,0.5,1,1,TGTGATGGAAAACGGGTCTC,0,5154463
yncEp,0.5,1,1,TGTGAGAGAGATAATTGCCT,0,5153868
yncEp,0.5,1,1,TGTCTCTATACTGCTTCATA,0,5147543
yncEp,0.5,1,1,TGTCCGTATGCCCCATTGCG,0,5154192
yncEp,0.5,1,1,TGTCCAACTTGTGACCAGAT,0,5155456
yncEp,0.5,1,1,TGTCATTTGCAGTTAGGCTT,0,5147843
yncEp,0.5,1,1,TGTCAGTGTCTAAGCCAAGG,0,5156602
yncEp,0.5,1,1,TGTCAGGAACTAATTTTTCC,0,5159371
yncEp,0.5,1,1,TGTCACTGATTAAGATGCGT,0,5148801
yncEp,0.5,1,1,TGTATTTAACTTTAAGAGTG,0,5158383
yncEp,0.5,1,1,TGTATTAGGTAGAACCTTGC,0,5148070
yncEp,0.5,1,1,TGTATCGTAGCAGTTGCGTT,0,5157658
yncEp,0.5,1,1,TGTACGTGGTAGGTCCCCGT,0,5150926
yncEp,0.5,1,1,TGTACAAGTAGTACCCTCTA,0,5161363
yncEp,0.5,1,1,TGGTTTGTCGTTCGCAAGTG,0,5151956
yncEp,0.5,1,1,TGGTTTCCTATGCCGCTGTA,0,5160218
yncEp,0.5,1,1,TGGTGTATTGTAGGATCTCG,0,5153634
yncEp,0.5,1,1,TGGTGAGATTCAAGACGCCC,0,5159287
yncEp,0.5,1,1,TGGTCGCCACCTGAGGATCG,0,5155868
yncEp,0.5,1,1,TGGTCATTACTTTCGGACTT,0,5151815
yncEp,0.5,1,1,TGGTATCTCGAACGCAGCTT,0,5158154
yncEp,0.5,1,1,TGGGTGACTTGGTGCACTAA,0,5148581
yncEp,0.5,1,1,TGGGTCCTAACAATAACAGG,0,5155340
yncEp,0.5,1,1,TGGGGTGGGACCAGATGGGG,0,5154407
yncEp,0.5,1,1,TGGCGTACGGGGTAGAGCTT,0,5157461
yncEp,0.5,1,1,TGGCGCCTGGGATCGTCTGC,0,5149481
yncEp,0.5,1,1,TGGATTTTGATGTTTGGTAG,0,5158030
yncEp,0.5,1,1,TGCTGTTCTCATTGCTTTGG,0,5155236
yncEp,0.5,1,1,TGCTCCCATGGTCTCATCCC,0,5156150
yncEp,0.5,1,1,TGCGTTTGGGGTCTCATTGT,0,5147069
yncEp,0.5,1,1,TGCCGAACAAAGAGCCTCGT,0,5147685
yncEp,0.5,1,1,TGCCCGCGGCTTCAGCGTTG,0,5152042
yncEp,0.5,1,1,TGCCCGAAACATTAGAGGTC,0,5160074
yncEp,0.5,1,1,TGCATATTTAGTGTCCGGAC,0,5151448
yncEp,0.5,1,1,TGATTGTGGTGCACCAAGGT,0,5157272
yncEp,0.5,1,1,TGATTGCGAAACATTCTGTC,0,5149139
yncEp,0.5,1,1,TGATTGAAAGTCCAAGGCTC,0,5147979
yncEp,0.5,1,1,TGAGGTCTTGTGAAACTCGG,0,5153059
yncEp,0.5,1,1,TGAGGGACCCTGTCTGCTCT,0,5161137
yncEp,0.5,1,1,TGAGGCGACCATGAAACTGA,0,5151067
yncEp,0.5,1,1,TGAGCTGGCATATCGACGTC,0,5154635
yncEp,0.5,1,1,TGACTTGGTTTTGATTGAGT,0,5149314
yncEp,0.5,1,1,TGACGGTCAGGGGATCATGT,0,5162048
yncEp,0.5,1,1,TGAACACGTGGATATACCCG,0,5159099
yncEp,0.5,1,1,TGAAAGTCTTAATTCAGGAG,0,5162085
yncEp,0.5,1,1,TGAAAGCCTTTACGAAACAC,0,5153136
yncEp,0.5,1,1,TGAAACCTAATTCAGTTATA,0,5147067
yncEp,0.5,1,1,TCTTCATGCGGAAAATACCT,0,5147785
yncEp,0.5,1,1,TCTTATAAGAGGCGCGTTTT,0,5148499
yncEp,0.5,1,1,TCTGGTCCTCTCGAAGGCGC,0,5161311
yncEp,0.5,1,1,TCTGCGGGAAGAGGTGAGTA,0,5158911
yncEp,0.5,1,1,TCTGACTCGCATCCGGATTG,0,5154283
yncEp,0.5,1,1,TCTCTGGATTTAGATGGACC,0,5155878
yncEp,0.5,1,1,TCTCCTGCTTGCGATCACTT,0,5157690
yncEp,0.5,1,1,TCTCCTGAAATCATGCCCAG,0,5151168
yncEp,0.5,1,1,TCTCCCAAAAATGTTCGGGA,0,5154457
yncEp,0.5,1,1,TCTCACAAACTAGAACCTGC,0,5161395
yncEp,0.5,1,1,TCTATACACGTTGGGGTACG,0,5160861
yncEp,0.5,1,1,TCTACACCGTGTTTAGGCTA,0,5152534
yncEp,0.5,1,1,TCTAAGTTGACGGTACCAGA,0,5160751
yncEp,0.5,1,1,TCTAACTCATCATTTTGTAC,0,5151760
yncEp,0.5,1,1,TCGTGTGTTCCGGCATTCAA,0,5153662
yncEp,0.5,1,1,TCGTGCTTAGGTAAAACATG,0,5157841
yncEp,0.5,1,1,TCGTGCATCGGGGTTAACGA,0,5159843
yncEp,0.5,1,1,TCGGTCTGTGGGCCATGAGA,0,5149066
yncEp,0.5,1,1,TCGGCTAAAGATCCTCCTCC,0,5156912
yncEp,0.5,1,1,TCGGCGCCTATTTTGGCTAT,0,5161229
yncEp,0.5,1,1,TCGGAATTCATCTGTCAGGC,0,5145877
yncEp,0.5,1,1,TCGCGCTGCGGAATGCGAGG,0,5148028
yncEp,0.5,1,1,TCGCGCCTACAGTACTCCGT,0,5159077
yncEp,0.5,1,1,TCGCGATCGGTCAGCAACGT,0,5153836
yncEp,0.5,1,1,TCGCCCTGGAGCAGGCCTCT,0,5161572
yncEp,0.5,1,1,TCGCAAATTGTGGCCGCTAA,0,5157312
yncEp,0.5,1,1,TCGAGGATCGAAGCGTAGGT,0,5148514
yncEp,0.5,1,1,TCGACGCCTGGTAATCCTGG,0,5146629
yncEp,0.5,1,1,TCGAAATTCGAAGTTGTTTG,0,5160804
yncEp,0.5,1,1,TCCTGGGGCAAAAACACGGT,0,5156250
yncEp,0.5,1,1,TCCTAGGAAGGTTGATGTAC,0,5156589
yncEp,0.5,1,1,TCCGGCCACCGGTAGGCGCA,0,5161440
yncEp,0.5,1,1,TCCGCATTGACCCTCATTTT,0,5153896
yncEp,0.5,1,1,TCCGCATCCATATCGGATCA,0,5146766
yncEp,0.5,1,1,TCCCCACCATCATTTGTGGC,0,5156517
yncEp,0.5,1,1,TCCCATCGCGTGGAACGAAT,0,5146930
yncEp,0.5,1,1,TCCATGTTCAATAAAGCAGA,0,5152497
yncEp,0.5,1,1,TCCATGCGAGGTCCGTAGTG,0,5159085
yncEp,0.5,1,1,TCCAGCGATCCTCATAATAT,0,5152609
yncEp,0.5,1,1,TCATTTGACTATGGGGAGCT,0,5147530
yncEp,0.5,1,1,TCATCTCCCATCCGCAACAC,0,5148467
yncEp,0.5,1,1,TCATCCCTATCGATCAGTTG,0,5148063
yncEp,0.5,1,1,TCAGTATACAAACGAGCATT,0,5151550
yncEp,0.5,1,1,TCAGGTACAGTGCCCGAAGA,0,5155193
yncEp,0.5,1,1,TCAGCTGGATCCAGAGACGC,0,5157363
yncEp,0.5,1,1,TCAGACGCTGACGTTTGTCG,0,5151096
yncEp,0.5,1,1,TCAGACCAGTGCGGTTTTGT,0,5155665
yncEp,0.5,1,1,TCACTAGGGTGGGAACACCT,0,5147660
yncEp,0.5,1,1,TCACAGGATTCGGGATACAG,0,5156445
yncEp,0.5,1,1,TCAAGTCACGCGGCCCTGCT,0,5161216
yncEp,0.5,1,1,TCAAACGGGAAGCGGAAGCT,0,5148567
yncEp,0.5,1,1,TATTTCCTACCCGTAGGTTG,0,5158517
yncEp,0.5,1,1,TATTGCCTGGATACGTGAAA,0,5160632
yncEp,0.5,1,1,TATTGCCGTTATCGACATCT,0,5149909
yncEp,0.5,1,1,TATTCTATGGTACATCAGTT,0,5145804
yncEp,0.5,1,1,TATTCAAACTCGTACTATCA,0,5159458
yncEp,0.5,1,1,TATTACGCAAGCTTGCAGGT,0,5160340
yncEp,0.5,1,1,TATTAATTTGTCAACAAAAG,0,5157250
yncEp,0.5,1,1,TATGGAGTTCAAAGCCTGTT,0,5151174
yncEp,0.5,1,1,TATGCCGTTAGAAATCTCAA,0,5152925
yncEp,0.5,1,1,TATGAGCACTGGGGCTACAT,0,5146366
yncEp,0.5,1,1,TATCTTGGGTCGCCTAACGG,0,5147348
yncEp,0.5,1,1,TATCCGGCATCTCCCAGGTC,0,5151399
yncEp,0.5,1,1,TATCAGAAACATTTGCACAT,0,5146886
yncEp,0.5,1,1,TATATTCAATCCGGATGCGG,0,5158987
yncEp,0.5,1,1,TATAGTGGGGAGCACGAGTG,0,5157889
yncEp,0.5,1,1,TATAGTACCCATTTAGTGGC,0,5158524
yncEp,0.5,1,1,TATAGACTTAGACTGGTTTG,0,5147872
yncEp,0.5,1,1,TAGTTGTCATCATGCCGAGT,0,5149585
yncEp,0.5,1,1,TAGGAAAGGTAAAACGGTCG,0,5150046
yncEp,0.5,1,1,TAGCTAACTCTAGTGTATCG,0,5151930
yncEp,0.5,1,1,TAGCGGCCCAGCGGAGCGTT,0,5151034
yncEp,0.5,1,1,TAGCGGAGCTAGGAGACGCA,0,5155588
yncEp,0.5,1,1,TAGATGTGGGTCTATGGAGA,0,5155524
yncEp,0.5,1,1,TAGATAGGCCGACGAGACCT,0,5153733
yncEp,0.5,1,1,TAGAGGGGTGCTAAGGTAAC,0,5153702
yncEp,0.5,1,1,TAGAGGAAGGGTGGAATCCA,0,5151082
yncEp,0.5,1,1,TACTACAGGCATTTCGTGGA,0,5154555
yncEp,0.5,1,1,TACGCACAGTCTCCTTATGG,0,5155131
yncEp,0.5,1,1,TACCTAGGAATCTCAGTCTT,0,5153075
yncEp,0.5,1,1,TACCGTCTCTTCGACAGTAT,0,5149952
yncEp,0.5,1,1,TACCGAGTCAATAGACCAAC,0,5156958
yncEp,0.5,1,1,TACCCGGTTTGTATGGCGGA,0,5151605
yncEp,0.5,1,1,TACCCAAAACCATTGCAGCG,0,5149258
yncEp,0.5,1,1,TACCAAGTGTCTTCGGGAGA,0,5148521
yncEp,0.5,1,1,TACCAAGAGGCGTGAGGGAT,0,5149636
yncEp,0.5,1,1,TACACTGCGTCATGTACAGG,0,5148995
yncEp,0.5,1,1,TAATGAACGGCCTGCGTTGC,0,5150807
yncEp,0.5,1,1,TAAGTAGTGTCATACTGGTG,0,5154443
yncEp,0.5,1,1,TAAGCGCATCCGATTCCCAG,0,5156657
yncEp,0.5,1,1,TAACTGCACGTGGTCCCGCT,0,5160196
yncEp,0.5,1,1,TAACGGCACGCCATGTTGCA,0,5157550
yncEp,0.5,1,1,TAACAGGGAAGCGAGGATCC,0,5160671
yncEp,0.5,1,1,TAAAGGGAATCGGCCCGGCT,0,5155287
yncEp,0.5,1,1,TAAACTTCCCAGTGGCCCTG,0,5156114
yncEp,0.5,1,1,GTTTGCGTCGTGTTGCAGGT,0,5151459
yncEp,0.5,1,1,GTTTCGATGCTCGGCTATAT,0,5157526
yncEp,0.5,1,1,GTTGTCGGTTTCGGAGAAAC,0,5159250
yncEp,0.5,1,1,GTTGGGTTTCGTCCCGGAAA,0,5158566
yncEp,0.5,1,1,GTTGCGGGTAGAGTTAACGG,0,5156334
yncEp,0.5,1,1,GTTGCGCGCTAACTGGTTGG,0,5157934
yncEp,0.5,1,1,GTTGACGTCACTAGCTTTCC,0,5151364
yncEp,0.5,1,1,GTTGAAGGTTAGAGTGGGGC,0,5150243
yncEp,0.5,1,1,GTTCTTAGGCGCATCCGCCA,0,5161953
yncEp,0.5,1,1,GTTCTCACCCGACGTTGGTC,0,5154714
yncEp,0.5,1,1,GTTCTCAAAGCAGTTGGACG,0,5145979
yncEp,0.5,1,1,GTTCGGAAGCAAGCATAACG,0,5151946
yncEp,0.5,1,1,GTTCGAAAATCAGAAAGGTA,0,5156712
yncEp,0.5,1,1,GTTATACGCCAGTTTGCTCT,0,5156281
yncEp,0.5,1,1,GTTACGACTATTATGTTGCT,0,5155835
yncEp,0.5,1,1,GTTAATGAACTTTTACACTG,0,5156464
yncEp,0.5,1,1,GTGTGGTCTTTCCTCCTGTT,0,5152330
yncEp,0.5,1,1,GTGTCCGGAGGTGCCAGTGC,0,5158672
yncEp,0.5,1,1,GTGTACCGGTAAGGATGGTC,0,5154915
yncEp,0.5,1,1,GTGTACAAGTTCAAACTTCT,0,5159425
yncEp,0.5,1,1,GTGGGTCACGACCGTTTTAT,0,5160178
yncEp,0.5,1,1,GTGGCGTCTTTTGCAAGACA,0,5156180
yncEp,0.5,1,1,GTGGCGTACTTCGTCCGCCG,0,5161301
yncEp,0.5,1,1,GTGGAGGGAGAGGAAGCCAT,0,5150605
yncEp,0.5,1,1,GTGAGATAAGCCCTGCCTGG,0,5162505
yncEp,0.5,1,1,GTGAGACGGCACCTTCTAAT,0,5155833
yncEp,0.5,1,1,GTGAGAAATCCCTGTCTACT,0,5162019
yncEp,0.5,1,1,GTGAAGCGCTCGTTAGTTTG,0,5150171
yncEp,0.5,1,1,GTGAAGAATGCCTCCTAAGC,0,5149089
yncEp,0.5,1,1,GTCTTTCTCGTGTAACATGT,0,5152471
yncEp,0.5,1,1,GTCTTGCGGTTCATCAGATT,0,5150296
yncEp,0.5,1,1,GTCTTGCATTAGCTAGGCGT,0,5154247
yncEp,0.5,1,1,GTCTTCAGTGTCGCTGGACA,0,5154311
yncEp,0.5,1,1,GTCTGCGCGTGGGCTCGTGA,0,5153077
yncEp,0.5,1,1,GTCTCGAAGGCACCAAGCCC,0,5147292
yncEp,0.5,1,1,GTCGTCATACTGACTCATCC,0,5158061
yncEp,0.5,1,1,GTCGGACTGCTTGTCGGCGT,0,5160667
yncEp,0.5,1,1,GTCGCGGTGCTATACCAAGG,0,5161777
yncEp,0.5,1,1,GTCGCCTGCCGCGTCATGCG,0,5158082
yncEp,0.5,1,1,GTCGAATGCAGCGATAGGGA,0,5155300
yncEp,0.5,1,1,GTCCCAAGGGGTGTGTCTAG,0,5151487
yncEp,0.5,1,1,GTCATGCCCCCGTCGCTCTG,0,5147325
yncEp,0.5,1,1,GTCAGGTCCGGGTCTCCATG,0,5158459
yncEp,0.5,1,1,GTCAGCATGCAAGAGTGATA,0,5153133
yncEp,0.5,1,1,GTCACGACAAGTCAAAACTC,0,5162088
yncEp,0.5,1,1,GTCACCCGTAGCGAGTATGC,0,5149702
yncEp,0.5,1,1,GTATTGCCTTTAAGCATGAT,0,5147694
yncEp,0.5,1,1,GTATTGAGGGTTGTGGTCCC,0,5161933
yncEp,0.5,1,1,GTATTCTGGATCGGAGACTT,0,5149267
yncEp,0.5,1,1,GTATTATAGACCACACGCCA,0,5150509
yncEp,0.5,1,1,GTATAGTGGGAGTACAGCGA,0,5145991
yncEp,0.5,1,1,GTAGCCGGAAATTTTGCAAC,0,5155754
yncEp,0.5,1,1,GTACTTTCTTCAGGCCTCAT,0,5148276
yncEp,0.5,1,1,GTACGTGAGGGTCGGAGTTT,0,5161313
yncEp,0.5,1,1,GTACGAACCTTTATGGTGGC,0,5157872
yncEp,0.5,1,1,GTACACGATACGCTAGCTAG,0,5162271
yncEp,0.5,1,1,GTAAGGCAACGTGCGGGTTA,0,5154589
yncEp,0.5,1,1,GTAAGCAGATGGATTCGACA,0,5151216
yncEp,0.5,1,1,GTAAGACTTTTACGAGATCC,0,5158921
yncEp,0.5,1,1,GTAACCGATTATTCGTCGCA,0,5146511
yncEp,0.5,1,1,GTAAAGGCGGGTGATGCCTC,0,5156100
yncEp,0.5,1,1,GTAAAGCGTGCAGCGTGCAT,0,5154200
yncEp,0.5,1,1,GGTTTGTAACCTAACCCAGA,0,5150830
yncEp,0.5,1,1,GGTTTAATACAGAGCAAGAA,0,5151516
yncEp,0.5,1,1,GGTTCACACTCTAGGGTAAC,0,5145763
yncEp,0.5,1,1,GGTTACAGCTTCGATGGCGG,0,5148975
yncEp,0.5,1,1,GGTTAAAACCCGATGGCCCC,0,5157353
yncEp,0.5,1,1,GGTGTCCGTTGAGGCAGTAT,0,5158003
yncEp,0.5,1,1,GGTGCCTAAAACCCTGGAAA,0,5162312
yncEp,0.5,1,1,GGTGAAACGTAGGTCGATTA,0,5151775
yncEp,0.5,1,1,GGTCTAAGTCTGTAGTAGGT,0,5156575
yncEp,0.5,1,1,GGTCGTACTTTTTGTAGCTA,0,5156427
yncEp,0.5,1,1,GGTCCCAAAGCGAAAGTTGT,0,5154300
yncEp,0.5,1,1,GGTCACACAACACATACGAA,0,5151683
yncEp,0.5,1,1,GGTATCAGGTCATCGCTCTA,0,5147700
yncEp,0.5,1,1,GGTACTCCAGCTATCTTCAT,0,5154785
yncEp,0.5,1,1,GGTACATGATGCCGCAAGCT,0,5160585
yncEp,0.5,1,1,GGTACAGAGTGTCGCCATTA,0,5161585
yncEp,0.5,1,1,GGTACAAGGATGTATCCTGC,0,5159211
yncEp,0.5,1,1,GGTAAACTCTGTTCCCGAGC,0,5160789
yncEp,0.5,1,1,GGGTAGTGGAATCACTAATT,0,5146576
yncEp,0.5,1,1,GGGTACCCCTCTCATATTAT,0,5154284
yncEp,0.5,1,1,GGGGACCCAAGCGGCGTGAA,0,5157423
yncEp,0.5,1,1,GGGGAACGTGGTCGAGTGTA,0,5153877
yncEp,0.5,1,1,GGGGAAAGTGTATTTCGCGC,0,5149308
yncEp,0.5,1,1,GGGCTTTAGAAAACAAGAAT,0,5159787
yncEp,0.5,1,1,GGGCGAGACCCGTAGCTTAC,0,5149141
yncEp,0.5,1,1,GGGCCGGTGCATTTACAGCC,0,5153958
yncEp,0.5,1,1,GGGCAACGCGAATCGCGAGG,0,5162447
yncEp,0.5,1,1,GGGATACCGTAACTTTCAAA,0,5151104
yncEp,0.5,1,1,GGCTTGTGGTAGTGATAGGG,0,5160589
yncEp,0.5,1,1,GGCTTCGAACGGATGAAAAA,0,5159879
yncEp,0.5,1,1,GGCTCCGATCCTACCAAGTG,0,5156806
yncEp,0.5,1,1,GGCTACAGCGGTGCCGGAGA,0,5150873
yncEp,0.5,1,1,GGCGTGCTAAAGCGATATCA,0,5151737
yncEp,0.5,1,1,GGCGTACTACCGGGCTTTCG,0,5159213
yncEp,0.5,1,1,GGCGGTTGACGAGCCCATAG,0,5159861
yncEp,0.5,1,1,GGCGGTAGTCCCGTCGGATT,0,5147344
yncEp,0.5,1,1,GGCGATGGAGTCTTTGAAAA,0,5152784
yncEp,0.5,1,1,GGCGACGGTCAAGATAAACT,0,5156734
yncEp,0.5,1,1,GGCGAATGGAGAACAGGAAC,0,5148695
yncEp,0.5,1,1,GGCCGAGCCCTTCCTTTGTG,0,5160938
yncEp,0.5,1,1,GGCCCGGCTAGGATGGCCTA,0,5155540
yncEp,0.5,1,1,GGCCAAATTAAGATCCGGGA,0,5152537
yncEp,0.5,1,1,GGCACACGGTCTACGTCTTT,0,5158031
yncEp,0.5,1,1,GGCAAGTGGCCTCATTTGAA,0,5160762
yncEp,0.5,1,1,GGATTGGCACAGTGTGCGTC,0,5161758
yncEp,0.5,1,1,GGATTCAATGCGACCACCCG,0,5159735
yncEp,0.5,1,1,GGATATTGCCCGAAGGCGAC,0,5151177
yncEp,0.5,1,1,GGATAGACATCTACGGGCAG,0,5153018
yncEp,0.5,1,1,GGAGTTGTACAAAATCTTCC,0,5147189
yncEp,0.5,1,1,GGAGATCTCTTTGAAGGCCC,0,5151662
yncEp,0.5,1,1,GGAGACTATAAAGAGTGCTC,0,5155568
yncEp,0.5,1,1,GGACTCTGCAATTGAAGCTA,0,5158280
yncEp,0.5,1,1,GGACGTTATTAGGAAGGGTC,0,5157247
yncEp,0.5,1,1,GGACGAGCATTGGTATTAGA,0,5156201
yncEp,0.5,1,1,GGACACTTTTTACTCGTGTG,0,5150420
yncEp,0.5,1,1,GGAAGGGCAACCCGTGATTT,0,5161095
yncEp,0.5,1,1,GGAACTACGGAAACCAGTAT,0,5155027
yncEp,0.5,1,1,GGAACGTTTCGTATGCACCT,0,5156910
yncEp,0.5,1,1,GGAAACCTCGCCCGAGCCAA,0,5156566
yncEp,0.5,1,1,GCTTGGTGATATGCCCTTAC,0,5160380
yncEp,0.5,1,1,GCTTCTTAAGTACGATTATT,0,5160925
yncEp,0.5,1,1,GCTTCGGGGGCGCAGGGCAA,0,5152637
yncEp,0.5,1,1,GCTTATGCGCGCGCTCTGAC,0,5148076
yncEp,0.5,1,1,GCTTATCTACAAGTGCTGGC,0,5150941
yncEp,0.5,1,1,GCTGTGTCTTTATCGCGGTA,0,5155836
yncEp,0.5,1,1,GCTGGTTTCTTGTGCGAGGA,0,5146454
yncEp,0.5,1,1,GCTGGGCCTAAGAATAGCAA,0,5159476
yncEp,0.5,1,1,GCTGATCTACGTCCTTCTCA,0,5152313
yncEp,0.5,1,1,GCTGAGACCGCTTATCTTTA,0,5153399
yncEp,0.5,1,1,GCTGAAGTTAAGCTAGGGAA,0,5153103
yncEp,0.5,1,1,GCTCTTGCCACATATTGTAA,0,5151395
yncEp,0.5,1,1,GCTCTTCTCTAGCTCGCATA,0,5155651
yncEp,0.5,1,1,GCTATGGCACGCAAAAGGTA,0,5150705
yncEp,0.5,1,1,GCTAGGTTCCACATAGGCGT,0,5151012
yncEp,0.5,1,1,GCTAGATCAAAGCCTAGGAA,0,5156648
yncEp,0.5,1,1,GCGTGTTGAGGGTACTCGTA,0,5160750
yncEp,0.5,1,1,GCGTATGTATGTCGCGTCAA,0,5157414
yncEp,0.5,1,1,GCGTACATGTATGGAACACA,0,5154409
yncEp,0.5,1,1,GCGTAAGCCGGGGTCGTGAC,0,5153522
yncEp,0.5,1,1,GCGGGCTAGGGCTATTTGCC,0,5155911
yncEp,0.5,1,1,GCGGGCACCTGCCCAGGTAC,0,5148047
yncEp,0.5,1,1,GCGGAGTGAACAATTCAAGC,0,5151209
yncEp,0.5,1,1,GCGCGTGCGATACTGCTCAT,0,5146758
yncEp,0.5,1,1,GCGCCAGGCTCCGGTTTCTT,0,5149752
yncEp,0.5,1,1,GCGCATGTCTCTGGGTTCGT,0,5152782
yncEp,0.5,1,1,GCGCATAGGGACGAACCTCG,0,5155486
yncEp,0.5,1,1,GCGCAGATTGACGGATTAAA,0,5158659
yncEp,0.5,1,1,GCGATGTTTTCAGTCCATTC,0,5148932
yncEp,0.5,1,1,GCGATCCGATCCGGTAATAT,0,5147070
yncEp,0.5,1,1,GCGAGCGTAATCGTGGAACG,0,5151152
yncEp,0.5,1,1,GCGAGAGTCTGCTTATAGCT,0,5156007
yncEp,0.5,1,1,GCCTTTCGCGCCGTAATCGC,0,5161646
yncEp,0.5,1,1,GCCTGGGTGCCCATAACGTT,0,5149237
yncEp,0.5,1,1,GCCTCGCCGTCCAGGATAGT,0,5153918
yncEp,0.5,1,1,GCCTATGTGCCTGCCTTGTA,0,5160883
yncEp,0.5,1,1,GCCGTTAGCTTGGATAATGC,0,5155053
yncEp,0.5,1,1,GCCGTGCAACCGATTGCTGT,0,5158168
yncEp,0.5,1,1,GCCGTATCTCTTGCGAGCTC,0,5161678
yncEp,0.5,1,1,GCCGCTGTATTTGGCTACTC,0,5158121
yncEp,0.5,1,1,GCCGACTCTCTACACCCAGC,0,5155682
yncEp,0.5,1,1,GCCCTTTCTATAGATTACGT,0,5159699
yncEp,0.5,1,1,GCCCCCACGAACGGGGCGCG,0,5148115
yncEp,0.5,1,1,GCCATGAGGCCACCACATTC,0,5146004
yncEp,0.5,1,1,GCCATATACAGGGAAACCGT,0,5151745
yncEp,0.5,1,1,GCCAGTTCTGACCCGACCAG,0,5146626
yncEp,0.5,1,1,GCCACTATCCGTCTTGAAGC,0,5157923
yncEp,0.5,1,1,GCATTGTTCAAACTTCCCAC,0,5150723
yncEp,0.5,1,1,GCATTGCTCGCGCATGTGCT,0,5159632
yncEp,0.5,1,1,GCATTCCTTCCCCCCGGCTA,0,5160076
yncEp,0.5,1,1,GCATGGGCTCGCCTAATTGG,0,5154692
yncEp,0.5,1,1,GCATCCGGTGCGTTACCCAT,0,5162545
yncEp,0.5,1,1,GCATATTGGGCTTCCTCGTG,0,5161591
yncEp,0.5,1,1,GCATATATAGTCTGGTGAAT,0,5159908
yncEp,0.5,1,1,GCAGGCCAGCTATGTGGATG,0,5151049
yncEp,0.5,1,1,GCAGCTAAATAAGGAAGATC,0,5148174
yncEp,0.5,1,1,GCAGAGATCCAGATATGGAT,0,5159275
yncEp,0.5,1,1,GCACTTGCTCGGCTTGGGTG,0,5158474
yncEp,0.5,1,1,GCACTTCCCTTCCGGACAAA,0,5151818
yncEp,0.5,1,1,GCACTGGTCCTATCGGAGCG,0,5158888
yncEp,0.5,1,1,GCACTCATTCGAATCACGCC,0,5161170
yncEp,0.5,1,1,GCACTCAAGAGCTGAGGTTA,0,5146689
yncEp,0.5,1,1,GCACGTTACGCTGAGCATTA,0,5152906
yncEp,0.5,1,1,GCACCAGCCTTCGCGTCGCA,0,5158194
yncEp,0.5,1,1,GCACACCGTCCTTCACGATC,0,5158643
yncEp,0.5,1,1,GCAATTTTATTGCAGTCTAC,0,5155118
yncEp,0.5,1,1,GCAATTGGATGGTGGCACAG,0,5151097
yncEp,0.5,1,1,GCAATAGGGTACCCGCGTAT,0,5159173
yncEp,0.5,1,1,GCAAGAGTTTAGGCTTCCCG,0,5158322
yncEp,0.5,1,1,GCAAGAGTTAAAGTTCAGGA,0,5156463
yncEp,0.5,1,1,GCAACCAACTAGCCCTTTGA,0,5148324
yncEp,0.5,1,1,GCAAATGGCGACGCATGATT,0,5150796
yncEp,0.5,1,1,GCAAAACCGTGTTACAATTT,0,5160440
yncEp,0.5,1,1,GATTTGAGATACCCCGAAAT,0,5154534
yncEp,0.5,1,1,GATTTCTCATACTTTCTATT,0,5149118
yncEp,0.5,1,1,GATTTCATGGTATGGTGGGG,0,5157110
yncEp,0.5,1,1,GATTGGCGACTAAGCGACAG,0,5161914
yncEp,0.5,1,1,GATTCTCCAGAATTAGTGTT,0,5151462
yncEp,0.5,1,1,GATTCCTGAGCCTTGGGGGG,0,5151762
yncEp,0.5,1,1,GATTCCACGTGCGTTTAACC,0,5153395
yncEp,0.5,1,1,GATGTTCACCGCGAGAGTGA,0,5147211
yncEp,0.5,1,1,GATGTGAATCTAACCCGCTA,0,5159456
yncEp,0.5,1,1,GATGTACTTTCACTTGTATG,0,5160992
yncEp,0.5,1,1,GATGGTTAGTCTTCCCCGAC,0,5153538
yncEp,0.5,1,1,GATGGTGAAGCACGCTCCAA,0,5155369
yncEp,0.5,1,1,GATGGCGCCTTGCGGCGTGA,0,5150659
yncEp,0.5,1,1,GATGGCCTCAATCGGGAGAT,0,5157932
yncEp,0.5,1,1,GATGGAGGGCCAAGAAGGAC,0,5161442
yncEp,0.5,1,1,GATGCACGGAATACGGTGAC,0,5151699
yncEp,0.5,1,1,GATCTTGCGAGGGAGCATCA,0,5160371
yncEp,0.5,1,1,GATCTGGTGATTCGTCAATC,0,5148409
yncEp,0.5,1,1,GATCGTACGAACATATAAAC,0,5150400
yncEp,0.5,1,1,GATATGTTACTAGCCAGAGT,0,5151213
yncEp,0.5,1,1,GATAGCATTTGGGATAATCC,0,5153968
yncEp,0.5,1,1,GATACCAGTCACGATATGAA,0,5161519
yncEp,0.5,1,1,GATAACCGCGGAGTCCCGGT,0,5148153
yncEp,0.5,1,1,GAGTTCCCGCGCGGTGGCCA,0,5149879
yncEp,0.5,1,1,GAGTCGGTACGAAGTGGGGT,0,5157765
yncEp,0.5,1,1,GAGTCCCGGGGGTTTGGGCA,0,5154365
yncEp,0.5,1,1,GAGTAGTGACAACTCTTGGA,0,5152474
yncEp,0.5,1,1,GAGGTTGACTAAACTAACCG,0,5160928
yncEp,0.5,1,1,GAGGTAGTACGCGGACAACC,0,5158109
yncEp,0.5,1,1,GAGGGTCCACCACGGGTGTC,0,5156169
yncEp,0.5,1,1,GAGGCCTTCCCACGCCGGAC,0,5154763
yncEp,0.5,1,1,GAGGCCTGAAGCATAGGTAG,0,5161744
yncEp,0.5,1,1,GAGCGGACAGTGTTTATGAA,0,5146870
yncEp,0.5,1,1,GAGCAGTCAATGGTAAGGCT,0,5152518
yncEp,0.5,1,1,GAGCAGCGAAGACGGCCGTT,0,5147131
yncEp,0.5,1,1,GAGCAAGGTGGGTACGGGTT,0,5161424
yncEp,0.5,1,1,GAGATTACAACCCATCCCAA,0,5162313
yncEp,0.5,1,1,GAGAGTCTGCTGTCAGCGTG,0,5147483
yncEp,0.5,1,1,GAGAGTCGTATTGGTAACAT,0,5158392
yncEp,0.5,1,1,GAGAGGAGTCAATAGAGGGA,0,5149301
yncEp,0.5,1,1,GAGAAGTACACCAACGCCCT,0,5149115
yncEp,0.5,1,1,GAGAAACAACGTACCTGTGG,0,5156578
yncEp,0.5,1,1,GACTTACGTTCAAAAAGATC,0,5146401
yncEp,0.5,1,1,GACTCTCTACACGAATCGAT,0,5149375
yncEp,0.5,1,1,GACTCCGTGCGTATCATTGT,0,5159514
yncEp,0.5,1,1,GACTACGAGCAATCCACAAT,0,5148346
yncEp,0.5,1,1,GACGTTACGACGTGTACGTG,0,5156470
yncEp,0.5,1,1,GACCTGTTAAGGCATCGCTC,0,5155661
yncEp,0.5,1,1,GACCCTTCTTGGTCTTACGT,0,5157686
yncEp,0.5,1,1,GACCCGCACGGCCCTCTTGA,0,5150742
yncEp,0.5,1,1,GACCATATTATGCAAGCAAC,0,5150512
yncEp,0.5,1,1,GACATTTGACTCTATTCGTA,0,5150370
yncEp,0.5,1,1,GACAGGTGCGGAACGCTGCA,0,5153718
yncEp,0.5,1,1,GACAGGGGTGCGCTTGACAC,0,5161624
yncEp,0.5,1,1,GACACGGAGAAGTGCGAATC,0,5149093
yncEp,0.5,1,1,GACACATAGAGACGAAATGG,0,5149639
yncEp,0.5,1,1,GACACAATTGTGCCTGCAAG,0,5161562
yncEp,0.5,1,1,GACAATGGGGGCTACACATG,0,5149496
yncEp,0.5,1,1,GAATGGTTTCAACAGGAAGT,0,5151375
yncEp,0.5,1,1,GAATATTGTCTGAGGTGTAC,0,5148067
yncEp,0.5,1,1,GAATAATATGCTCTTGAACT,0,5161625
yncEp,0.5,1,1,GAAGTTGCCTTTCGAACCCC,0,5146593
yncEp,0.5,1,1,GAAGTTAGTTTTGATATGTA,0,5147851
yncEp,0.5,1,1,GAAGTGGAGACTTTGTTTGT,0,5151360
yncEp,0.5,1,1,GAAGTCAATTTGTACAAGAA,0,5155780
yncEp,0.5,1,1,GAAGGGGTTCGCACATGAAC,0,5159305
yncEp,0.5,1,1,GAAGGACTAAGTAGCAACGT,0,5159342
yncEp,0.5,1,1,GAACAAGATTCACTGGGATT,0,5153453
yncEp,0.5,1,1,GAAACCTCCAGTGCTCAGTC,0,5151036
yncEp,0.5,1,1,CTTTGTGCCCCCCCTGACAG,0,5159046
yncEp,0.5,1,1,CTTTGTACATGGACCGGAGA,0,5155795
yncEp,0.5,1,1,CTTTCTGACACGGAACATAG,0,5145980
yncEp,0.5,1,1,CTTGTTAGCGTAGTTGAGGA,0,5162357
yncEp,0.5,1,1,CTTGTGCCACACTTATCAGG,0,5150565
yncEp,0.5,1,1,CTTGCTAAATAACACATGGG,0,5159441
yncEp,0.5,1,1,CTTCTATTCAAGTACAGTGT,0,5146011
yncEp,0.5,1,1,CTTCGTTCCGGCAAGAAAAC,0,5155509
yncEp,0.5,1,1,CTTCGCTTCAGTCAATGCTA,0,5156898
yncEp,0.5,1,1,CTTCCGTATGGCCAATATTA,0,5161392
yncEp,0.5,1,1,CTTCAGTCAGGGTAGTCTAA,0,5155337
yncEp,0.5,1,1,CTTAGGAGACTCGCCTGACT,0,5147036
yncEp,0.5,1,1,CTTAAGGTGATTCGATACCG,0,5160243
yncEp,0.5,1,1,CTTAAAGCTTTTTTCTTTGG,0,5150293
yncEp,0.5,1,1,CTTAAAATGGGCGGCACGTC,0,5157380
yncEp,0.5,1,1,CTGTTATTTTGCGCATCGAA,0,5156410
yncEp,0.5,1,1,CTGTGGTGCTGGCACCCATC,0,5148246
yncEp,0.5,1,1,CTGTGCCATAAAACGTGGTT,0,5146158
yncEp,0.5,1,1,CTGGTACCTCGGAGGGTAGT,0,5156796
yncEp,0.5,1,1,CTGGATTCGTAACCCTGAGT,0,5145921
yncEp,0.5,1,1,CTGCGTCAGGATGAACCGGC,0,5159388
yncEp,0.5,1,1,CTGCCTACGATAAGTTTGGG,0,5148081
yncEp,0.5,1,1,CTGCACGTCTATTTATGTAG,0,5148733
yncEp,0.5,1,1,CTGCAAATACACTGCACATG,0,5160149
yncEp,0.5,1,1,CTGATGTTTGTCCACCCGTA,0,5152204
yncEp,0.5,1,1,CTGAAATTTCAAATCCCATG,0,5161128
yncEp,0.5,1,1,CTCGCAAGCGATGGACCAGG,0,5154330
yncEp,0.5,1,1,CTCGATAACGAAGCCTGCGG,0,5152276
yncEp,0.5,1,1,CTCGAAGTTCAGCTCAGAAA,0,5154599
yncEp,0.5,1,1,CTCCTTCGCTAGCTAGCCAA,0,5146490
yncEp,0.5,1,1,CTCCGTTTCATTGTAACGGC,0,5161318
yncEp,0.5,1,1,CTCCCAGCATCGACATCTCA,0,5152470
yncEp,0.5,1,1,CTCCATACGTCTCGCTTTGG,0,5152301
yncEp,0.5,1,1,CTCATGCACCAGATGACAAT,0,5156709
yncEp,0.5,1,1,CTCATGAGGCGTCAGCACCG,0,5156042
yncEp,0.5,1,1,CTCATCTTATCCTGCGCCTG,0,5150406
yncEp,0.5,1,1,CTCACTTAAAAGAACCGCGG,0,5151363
yncEp,0.5,1,1,CTCACAGAGCCCGAGAAATC,0,5156343
yncEp,0.5,1,1,CTCAAGGGCAGGGTAGAGAG,0,5160100
yncEp,0.5,1,1,CTCAAAGGGACGCTTTAGGG,0,5149648
yncEp,0.5,1,1,CTATGCGGATACTATCATTA,0,5154760
yncEp,0.5,1,1,CTATACTCGCTATTTGTTTG,0,5152038
yncEp,0.5,1,1,CTATAACAGGGATGCTAAGC,0,5146494
yncEp,0.5,1,1,CTAGGCAGCTAGGACCTCAT,0,5158732
yncEp,0.5,1,1,CTAGCTATAAATTTGGATGG,0,5146464
yncEp,0.5,1,1,CTAGACAGCCGCTTATGATC,0,5152618
yncEp,0.5,1,1,CTACTTTTGCTGTCTGGTGT,0,5149671
yncEp,0.5,1,1,CTACTAGCTCGCATTCACCT,0,5158156
yncEp,0.5,1,1,CTACTAAGACTGTCCAAAAC,0,5156460
yncEp,0.5,1,1,CTACGCCCGATATGCTTAAG,0,5148768
yncEp,0.5,1,1,CTACCAATGCTGGCGACGGT,0,5146798
yncEp,0.5,1,1,CTAAGTACGGCCGGTCCCGG,0,5146077
yncEp,0.5,1,1,CTAAATATCGACGGGTCACG,0,5152148
yncEp,0.5,1,1,CGTTTTAGACGTGATCGAGC,0,5146404
yncEp,0.5,1,1,CGTTTCTTTATAAGGAATGG,0,5152870
yncEp,0.5,1,1,CGTTGTTTTGATACACCATC,0,5157212
yncEp,0.5,1,1,CGTTGGCTGTGAGTTGCGTT,0,5147566
yncEp,0.5,1,1,CGTTATCTTTGAGTGTTGGA,0,5161901
yncEp,0.5,1,1,CGTTAGGAGCCATTATGAAG,0,5158264
yncEp,0.5,1,1,CGTGTCAAGTCGTTCTTTGG,0,5155423
yncEp,0.5,1,1,CGTGGGCGGGCCCCGGACAG,0,5148873
yncEp,0.5,1,1,CGTGCAAGGCAGTTATGTGC,0,5160203
yncEp,0.5,1,1,CGTGATGGTGCATCAAGAAG,0,5153414
yncEp,0.5,1,1,CGTGACGAAATTCCAAGATG,0,5147525
yncEp,0.5,1,1,CGTCACTCGCGTACCTGTGC,0,5148091
yncEp,0.5,1,1,CGTCAAGAACGGGTCGGTAG,0,5152339
yncEp,0.5,1,1,CGTATTCTTCATGCTCAATG,0,5150686
yncEp,0.5,1,1,CGTATTACTATGGCTGATCG,0,5150003
yncEp,0.5,1,1,CGTATACTGAGTAGCCCGTG,0,5153393
yncEp,0.5,1,1,CGTAGGTGCCACCGGGAATT,0,5152345
yncEp,0.5,1,1,CGGTTGCCTTCACATGCAGT,0,5150373
yncEp,0.5,1,1,CGGTACGCTCGGACGATTGA,0,5151978
yncEp,0.5,1,1,CGGTACCCGTCTAATCGCGA,0,5162182
yncEp,0.5,1,1,CGGTAATCGCCAAAGGCGCT,0,5155176
yncEp,0.5,1,1,CGGGTTCATCCATACATTGT,0,5148399
yncEp,0.5,1,1,CGGGTGATCCCCAACCAAAT,0,5159097
yncEp,0.5,1,1,CGGGGGATTGGATGTGGTCA,0,5157404
yncEp,0.5,1,1,CGGGCCAAGGTCCTGAGTCC,0,5145802
yncEp,0.5,1,1,CGGGAGATCGTTAAGGTTAG,0,5151078
yncEp,0.5,1,1,CGGGACAGTACGTCCAGTGT,0,5150226
yncEp,0.5,1,1,CGGCTGGTAATTGTGCTCTC,0,5146969
yncEp,0.5,1,1,CGGCTCATTATAGTTTCAAT,0,5150899
yncEp,0.5,1,1,CGGCGGCCATGTGGCGACTT,0,5151371
yncEp,0.5,1,1,CGGCGCGGTTGTAGCACGTG,0,5162318
yncEp,0.5,1,1,CGGCGCCCGGCGTCGGATCA,0,5162489
yncEp,0.5,1,1,CGGCGATGGAAGGTGATTTG,0,5151423
yncEp,0.5,1,1,CGGCCGTCTTTACAGGCGAA,0,5154781
yncEp,0.5,1,1,CGGATACACTGATAAGGCAA,0,5149963
yncEp,0.5,1,1,CGGAGATTGGAGGTACTATC,0,5145862
yncEp,0.5,1,1,CGCTTAACGGCCATTGTTTG,0,5157800
yncEp,0.5,1,1,CGCTGACGACAAATCGGGAT,0,5151840
yncEp,0.5,1,1,CGCGTAACTATGGCGCCGTT,0,5146944
yncEp,0.5,1,1,CGCGGCGGCATATCAAATGT,0,5156767
yncEp,0.5,1,1,CGCGGCCTGTGACATTCCCC,0,5159112
yncEp,0.5,1,1,CGCGGATATCTCATTCTCGC,0,5147375
yncEp,0.5,1,1,CGCGGAGCGCTGCGACTATG,0,5160065
yncEp,0.5,1,1,CGCGCTTCACTTCGTGACAC,0,5147165
yncEp,0.5,1,1,CGCGCTATGTAGCAGGGTCG,0,5161091
yncEp,0.5,1,1,CGCGAGTATACTTTTCGGGT,0,5148790
yncEp,0.5,1,1,CGCCTTAGTGCCGACGGCCA,0,5145839
yncEp,0.5,1,1,CGCCGACCCAACGTTCCTTA,0,5154291
yncEp,0.5,1,1,CGCCCTATGACTTCTCAGTA,0,5159434
yncEp,0.5,1,1,CGCCCGCAGGCGTGGTAGTG,0,5158645
yncEp,0.5,1,1,CGCCCACAGTTCCCGCTTGC,0,5151108
yncEp,0.5,1,1,CGCATCGAGCTAAATATTGT,0,5149154
yncEp,0.5,1,1,CGCATAGTTAGAAGCCAAAG,0,5148122
yncEp,0.5,1,1,CGATTTGTCTTTATGGTCTC,0,5148016
yncEp,0.5,1,1,CGATTGGGTAGACCGGGCTA,0,5154440
yncEp,0.5,1,1,CGATGGCTTTTGGTTTCCTG,0,5150456
yncEp,0.5,1,1,CGATGCATCTATGATCACGG,0,5148278
yncEp,0.5,1,1,CGATGAAACGGAGTCCGATA,0,5151906
yncEp,0.5,1,1,CGATCGGGAGTTGGGCGCGT,0,5149248
yncEp,0.5,1,1,CGATCGCCCCGCGTGAAGCA,0,5161136
yncEp,0.5,1,1,CGATCCGGCTTATGTAACTT,0,5149842
yncEp,0.5,1,1,CGATCATACGCGCTAAACGC,0,5146613
yncEp,0.5,1,1,CGATAGGCATTTGATCGCTA,0,5155116
yncEp,0.5,1,1,CGATACGGTCCTCCACCGAA,0,5152805
yncEp,0.5,1,1,CGATACGAGCAGCGTAGAGC,0,5154969
yncEp,0.5,1,1,CGATACAGTGACTAATCATA,0,5150814
yncEp,0.5,1,1,CGATAAAACATCAAGCGGGG,0,5153895
yncEp,0.5,1,1,CGAGTCGGTGGCACACGGCT,0,5148288
yncEp,0.5,1,1,CGAGGCTAGTCTCCGCTTCA,0,5157418
yncEp,0.5,1,1,CGAGGCCCATAGTAATGGAC,0,5151047
yncEp,0.5,1,1,CGAGGACCAATTAACTCCCT,0,5159530
yncEp,0.5,1,1,CGAGCCCGGCATAGGAACGG,0,5152181
yncEp,0.5,1,1,CGAGACCGCTCCGCAATGCC,0,5150009
yncEp,0.5,1,1,CGAGAATGCCAAAAAATGTA,0,5150598
yncEp,0.5,1,1,CGACTTAAAAGTGCCGTGCG,0,5152206
yncEp,0.5,1,1,CGACTGTGCCATCCTGAAGG,0,5158794
yncEp,0.5,1,1,CGACTAAGAATAAGTTGTGC,0,5154572
yncEp,0.5,1,1,CGACGGGCATTCTTCGGCAA,0,5159098
yncEp,0.5,1,1,CGACACTGCTGAGTATCGTG,0,5155545
yncEp,0.5,1,1,CGAAGGTAGCTAGTTTCACG,0,5155450
yncEp,0.5,1,1,CGAAGGCCAAAAACTATAGG,0,5161445
yncEp,0.5,1,1,CGAAGCAGGCTGAGCTCTCC,0,5160538
yncEp,0.5,1,1,CGAAATGAATCTGCCGGTTA,0,5158933
yncEp,0.5,1,1,CCTTGTGTTCCCGGGGTCTT,0,5152032
yncEp,0.5,1,1,CCTTCGGATTAGGTACATTG,0,5156287
yncEp,0.5,1,1,CCTTAACAGTCTCGAACAGC,0,5159600
yncEp,0.5,1,1,CCTGTCGCCCTGGATGTATA,0,5157878
yncEp,0.5,1,1,CCTGAGTTAATTGAGGGTCA,0,5147783
yncEp,0.5,1,1,CCTCTCGTACTCTCAAGACC,0,5154056
yncEp,0.5,1,1,CCTATTAACATAAGTGACTA,0,5158666
yncEp,0.5,1,1,CCTACCATTGAAAAAAGTGG,0,5161547
yncEp,0.5,1,1,CCGTTACAAGTGACCACCCT,0,5149862
yncEp,0.5,1,1,CCGTCGGGGGAGCATGGGTA,0,5146065
yncEp,0.5,1,1,CCGTCCACGGGAGTTCTGCA,0,5151411
yncEp,0.5,1,1,CCGTACGCGCCGATCGGCCG,0,5154102
yncEp,0.5,1,1,CCGGTATGCATAAGTTAAGG,0,5147491
yncEp,0.5,1,1,CCGGGGCACTAGAAAAAATC,0,5148679
yncEp,0.5,1,1,CCGGGCAAGTCGTAATCTTT,0,5154982
yncEp,0.5,1,1,CCGGCGGATAGCTTTTCTAA,0,5156531
yncEp,0.5,1,1,CCGGAGGAGAAGACGTAGAA,0,5159002
yncEp,0.5,1,1,CCGGAAGCGAGAAGACAAGT,0,5161466
yncEp,0.5,1,1,CCGCCCCCGCAAGGACCAAT,0,5155923
yncEp,0.5,1,1,CCGCACTGTTGCGCCTTTTT,0,5155308
yncEp,0.5,1,1,CCGCACTCGATTCTAGAATA,0,5160502
yncEp,0.5,1,1,CCGATGTATTTAAAGATTTC,0,5147542
yncEp,0.5,1,1,CCCTTTCTTGCTAAGGAGCC,0,5157642
yncEp,0.5,1,1,CCCTCATTAAGTTCGTGGGA,0,5162047
yncEp,0.5,1,1,CCCTAATAAGACATTAATGT,0,5161700
yncEp,0.5,1,1,CCCGCGCGCAATTATCTGGG,0,5150060
yncEp,0.5,1,1,CCCCTATACTTACCTGATTA,0,5159428
yncEp,0.5,1,1,CCCCGGCCAGTAAGCACCCG,0,5162205
yncEp,0.5,1,1,CCCCACACCCAGTCCGTCTT,0,5153088
yncEp,0.5,1,1,CCCACGACCCCAGAACGCAC,0,5151613
yncEp,0.5,1,1,CCATTGGTCATAGGCCAGTG,0,5145873
yncEp,0.5,1,1,CCATTCCTTGAACGGATGGA,0,5150656
yncEp,0.5,1,1,CCATTATTTCCAGCGAAGAT,0,5156345
yncEp,0.5,1,1,CCATGTAGGAGGTATGGACA,0,5150734
yncEp,0.5,1,1,CCATCTCGGCAGCTACAACA,0,5146902
yncEp,0.5,1,1,CCATCGTATGGTACGCGTTT,0,5147657
yncEp,0.5,1,1,CCAGGGAGTGACTTATTGAA,0,5159846
yncEp,0.5,1,1,CCAGGCGAAAAGTGTGAATA,0,5152973
yncEp,0.5,1,1,CCAGCTGGTGTCAAGTCCAA,0,5158557
yncEp,0.5,1,1,CCACTCGTCTTCCCTCCTCC,0,5158327
yncEp,0.5,1,1,CCACTCGGTATGATCTCGCG,0,5148176
yncEp,0.5,1,1,CCACCGCGCTGAATAATCTG,0,5146319
yncEp,0.5,1,1,CCACCAGGCTCCATCCTCCC,0,5145793
yncEp,0.5,1,1,CCACCAATATCGTACGACAG,0,5161303
yncEp,0.5,1,1,CCAAGCGTCAGCACACTTAG,0,5161404
yncEp,0.5,1,1,CCAAAGGCGTAGGTAGTACT,0,5158544
yncEp,0.5,1,1,CCAAAGAAGCCAGAAGAGAT,0,5151920
yncEp,0.5,1,1,CATTTATTAATGGGAAGGAC,0,5160059
yncEp,0.5,1,1,CATTCCTTAAGGAGTAGTGT,0,5156377
yncEp,0.5,1,1,CATTAAAGCTCCAGCAGATT,0,5151327
yncEp,0.5,1,1,CATGTTGTTCGATTTGATCG,0,5152520
yncEp,0.5,1,1,CATGTTCAGTTGTGCTTCCT,0,5149560
yncEp,0.5,1,1,CATGTGGAATCATGGGGGTC,0,5155832
yncEp,0.5,1,1,CATGTCAGGAGGCTAGCAAA,0,5155025
yncEp,0.5,1,1,CATGGCTGTTATTCGTACTA,0,5161097
yncEp,0.5,1,1,CATGAGAAGTAATGCGCACT,0,5154721
yncEp,0.5,1,1,CATCTTTCCGGGGACTAGCT,0,5157870
yncEp,0.5,1,1,CATCGCTATCAGTCGCTCAC,0,5161159
yncEp,0.5,1,1,CATCGAGGTCGGGCCTGCCA,0,5148858
yncEp,0.5,1,1,CATCCTGCTCTGTTCGGGAA,0,5148933
yncEp,0.5,1,1,CATCCATCAAACACATTCCT,0,5149786
yncEp,0.5,1,1,CATATCGCTCCACGGTTAAC,0,5155882
yncEp,0.5,1,1,CATACCTGGTGCTTGGTTAT,0,5156652
yncEp,0.5,1,1,CAGTGGTACAAATGTAGGGA,0,5147309
yncEp,0.5,1,1,CAGTGGAGTCCAATCTGTAG,0,5147002
yncEp,0.5,1,1,CAGTGGAAGAATCTGAGGCC,0,5160926
yncEp,0.5,1,1,CAGTCCAGGGTTACATGCCA,0,5150256
yncEp,0.5,1,1,CAGTCATGCGGTGCTGCCTG,0,5157858
yncEp,0.5,1,1,CAGTACGTCGCGAAGGCCTA,0,5148138
yncEp,0.5,1,1,CAGGTCTTGTTCATGCAACG,0,5158754
yncEp,0.5,1,1,CAGGTAGTACCTCGATCTCC,0,5153956
yncEp,0.5,1,1,CAGGGTACTTTCCATTTGCA,0,5150639
yncEp,0.5,1,1,CAGGCGGGTCAAAAATTAAC,0,5146144
yncEp,0.5,1,1,CAGGCCGTTTCACTGTCAAG,0,5161816
yncEp,0.5,1,1,CAGGATAGGGGGCGTTACTG,0,5150376
yncEp,0.5,1,1,CAGGAATTATATCCGTCTCT,0,5150272
yncEp,0.5,1,1,CAGCTCATCTGTCTACCTAT,0,5153599
yncEp,0.5,1,1,CAGCTACTGCTATGCTAGCC,0,5161900
yncEp,0.5,1,1,CAGCTAATCCCCTGGCCGTG,0,5155935
yncEp,0.5,1,1,CAGCGCAAACGATGCGGGTA,0,5154395
yncEp,0.5,1,1,CAGCCACCCCGACTACGCTA,0,5153066
yncEp,0.5,1,1,CAGCAGCGTATGAAAACACC,0,5157296
yncEp,0.5,1,1,CAGCACAGTTAAGTGAAGGT,0,5158721
yncEp,0.5,1,1,CAGAGTCCAGGATACACTGA,0,5153344
yncEp,0.5,1,1,CAGACTGCGGAGTCGAACTG,0,5152867
yncEp,0.5,1,1,CAGACATACACACTTATATA,0,5161606
yncEp,0.5,1,1,CACTTTAGGAACCGTGCCCC,0,5160772
yncEp,0.5,1,1,CACTTCGAAGCACGTTACAC,0,5157189
yncEp,0.5,1,1,CACTTACTCATCTGCGGGTA,0,5151409
yncEp,0.5,1,1,CACTCTGTCCAGCGACCGAT,0,5159309
yncEp,0.5,1,1,CACGTAGCAACCCTAAGACT,0,5146659
yncEp,0.5,1,1,CACGGTACGCCAGCGGTCAG,0,5153986
yncEp,0.5,1,1,CACGGGTAATCGCTTGCTTC,0,5159334
yncEp,0.5,1,1,CACGGGGGGTCGTAAGTAAG,0,5148497
yncEp,0.5,1,1,CACGGGAGACTCGTGCATGC,0,5159713
yncEp,0.5,1,1,CACGCTGGGCCTCGAGTCCA,0,5158043
yncEp,0.5,1,1,CACGATGACGGGCGTCTCAT,0,5155974
yncEp,0.5,1,1,CACCTTGCATCTTTTCAATG,0,5152785
yncEp,0.5,1,1,CACCGGACGAGCCTTATGCG,0,5157355
yncEp,0.5,1,1,CACCGCGGCAAAATGATCAA,0,5150413
yncEp,0.5,1,1,CACCGCCCGCGATAGAACCT,0,5154301
yncEp,0.5,1,1,CACCCAAAAATGGAGGCTAC,0,5155342
yncEp,0.5,1,1,CACCATCTTACATGCATTAC,0,5155695
yncEp,0.5,1,1,CACATAATCCAAATACGAAT,0,5146074
yncEp,0.5,1,1,CACAGATAGTACCTGGATAA,0,5158433
yncEp,0.5,1,1,CAATGCCAACTCCATTGTCT,0,5159113
yncEp,0.5,1,1,CAATCTGCAGGCTCTTCGCT,0,5149629
yncEp,0.5,1,1,CAATCTCGCCATCCTTTCTG,0,5149221
yncEp,0.5,1,1,CAATCCCCCCAGTTTTGGGC,0,5158677
yncEp,0.5,1,1,CAAGGCGTCTCCATCCGGTA,0,5160806
yncEp,0.5,1,1,CAAGCGCCCTTCCTATTTAG,0,5157079
yncEp,0.5,1,1,CAAGATAAAACGCGGCGGGC,0,5159507
yncEp,0.5,1,1,CAACGGTGACCGGCCGGGAT,0,5149829
yncEp,0.5,1,1,CAACGGGAAGCGGCTGAGGT,0,5148562
yncEp,0.5,1,1,CAACCCTGTGAAGTGGGTTG,0,5146587
yncEp,0.5,1,1,CAACAGCGTGTACCTGTGTG,0,5153646
yncEp,0.5,1,1,CAAATCGTGTCCGTGAGGCC,0,5159719
yncEp,0.5,1,1,CAAACAAGATTGACGGGAAG,0,5155613
yncEp,0.5,1,1,ATTTTATACAGGGGTTGAGA,0,5148637
yncEp,0.5,1,1,ATTTTAGCAGTAGAGCCGGG,0,5156418
yncEp,0.5,1,1,ATTTTAACGCAACGCAATCA,0,5156913
yncEp,0.5,1,1,ATTTGGTGCTACTTGTTCAA,0,5152451
yncEp,0.5,1,1,ATTTGGTCGTCCTCAGATCC,0,5145806
yncEp,0.5,1,1,ATTTGGAAAATGGGGGATCG,0,5154096
yncEp,0.5,1,1,ATTTGCTTACGAGCCAGGGT,0,5150812
yncEp,0.5,1,1,ATTTCAGGTGCGTGTGCATG,0,5154430
yncEp,0.5,1,1,ATTTATCTGGTAGTGGTCCG,0,5153306
yncEp,0.5,1,1,ATTGTTCGGGTAACACCTTA,0,5158993
yncEp,0.5,1,1,ATTGCAGACAGGCTGCAGCA,0,5157130
yncEp,0.5,1,1,ATTGAGTCAAGTCCCTCAGG,0,5160946
yncEp,0.5,1,1,ATTGACTCTCTCAAACGCCT,0,5161084
yncEp,0.5,1,1,ATTCTGAGCAGCCGTTGGTG,0,5153466
yncEp,0.5,1,1,ATTCTATCACTTCAAGGGGA,0,5147150
yncEp,0.5,1,1,ATTCGCCACCGACGTACCAT,0,5152047
yncEp,0.5,1,1,ATTCGATAATGTCACCGCGG,0,5146716
yncEp,0.5,1,1,ATTCATGGTTGTACGGGTAA,0,5160205
yncEp,0.5,1,1,ATTATTGGTGTCGGGGGTAA,0,5154630
yncEp,0.5,1,1,ATTAGCCGGTCTGTGTAATC,0,5147321
yncEp,0.5,1,1,ATTAATCATTACCCTTCGGA,0,5160515
yncEp,0.5,1,1,ATTAAGCTAGGATCAATCCT,0,5159021
yncEp,0.5,1,1,ATTAAATTGAATCTTATTGT,0,5158868
yncEp,0.5,1,1,ATGTCCCTGGCCCTCTTAGG,0,5146164
yncEp,0.5,1,1,ATGGGTACACTGCTTGATCC,0,5149348
yncEp,0.5,1,1,ATGGGAAGTGACCGCGTGAA,0,5146552
yncEp,0.5,1,1,ATGGAGAATTGGCCATTTAA,0,5160282
yncEp,0.5,1,1,ATGCATACAAGATTCTTTCA,0,5145993
yncEp,0.5,1,1,ATGCAGCTGAGGGGCAGTTG,0,5156936
yncEp,0.5,1,1,ATGCAACAATCATCACAACT,0,5154230
yncEp,0.5,1,1,ATGATGCGCGCTAGTAGCCT,0,5154584
yncEp,0.5,1,1,ATGATCTACCAATGCTCAAA,0,5152566
yncEp,0.5,1,1,ATGAGTTAGGAGTCCCCTCA,0,5156698
yncEp,0.5,1,1,ATGAGTAGCGAGAACCTATT,0,5156732
yncEp,0.5,1,1,ATGAGGTTCATGCAATCAAT,0,5158358
yncEp,0.5,1,1,ATCTTCCAAAGCAAGCTCTT,0,5146408
yncEp,0.5,1,1,ATCTGTGCTACCGCGCGCAA,0,5146250
yncEp,0.5,1,1,ATCGTGGTATGGGCGAGCTT,0,5153458
yncEp,0.5,1,1,ATCGTGGAGATATTCTCTTA,0,5162033
yncEp,0.5,1,1,ATCGTGCATTGAGCAAGATC,0,5146252
yncEp,0.5,1,1,ATCGAGAGCAACCATACTAT,0,5157025
yncEp,0.5,1,1,ATCCTCCTTCCGGTGGAGGG,0,5146529
yncEp,0.5,1,1,ATCCAGGTGCGGACCCTCCT,0,5157600
yncEp,0.5,1,1,ATCATTATGACTGCTAGCAT,0,5151282
yncEp,0.5,1,1,ATCATCTGGTGCTTACTTAA,0,5157832
yncEp,0.5,1,1,ATCAGAGAAGCAACATTGTT,0,5162334
yncEp,0.5,1,1,ATCACCACCTCACGGCGCCC,0,5146384
yncEp,0.5,1,1,ATCAACCCCGGATTTGTCGC,0,5156815
yncEp,0.5,1,1,ATATTGGTAAAAGAGCCAGA,0,5159764
yncEp,0.5,1,1,ATATTAGTTCCCGCGTTATT,0,5147846
yncEp,0.5,1,1,ATATCAAGGCCGGAGTACGG,0,5150697
yncEp,0.5,1,1,ATAGTGAGGTGACGTAAGCC,0,5146000
yncEp,0.5,1,1,ATAGGATTGGAACCCGAACG,0,5154873
yncEp,0.5,1,1,ATAGCTCTCCGCTCACACAG,0,5152803
yncEp,0.5,1,1,ATAGACGGGGGTACTCAGAC,0,5149597
yncEp,0.5,1,1,ATACGCGACATATAGTGAAG,0,5152538
yncEp,0.5,1,1,ATACAGATCAGAGTCTGTGC,0,5148512
yncEp,0.5,1,1,ATAATTTCCGGGACAACAGA,0,5146541
yncEp,0.5,1,1,ATAATAGTGACGACCGCGGC,0,5153647
yncEp,0.5,1,1,ATAAGTGATAAGTTTCCACG,0,5153242
yncEp,0.5,1,1,ATAAGGACCAAAACATACAT,0,5160651
yncEp,0.5,1,1,ATAAATAATAAGTAGGACTA,0,5151685
yncEp,0.5,1,1,ATAAAGACCATCAATATTAC,0,5149573
yncEp,0.5,1,1,ATAAACGTTGTTTGTCGCGG,0,5151994
yncEp,0.5,1,1,AGTTTGATCCAGCTGTAAGT,0,5155177
yncEp,0.5,1,1,AGTTGATATAACTCCTGAAA,0,5146299
yncEp,0.5,1,1,AGTTGACAGCTTGAACATCG,0,5161978
yncEp,0.5,1,1,AGTTCCTGTCCAGCTGTCGC,0,5161315
yncEp,0.5,1,1,AGTTAGTACGCAGTCCGCAG,0,5160849
yncEp,0.5,1,1,AGTTAAGTTTTATTCGCTGT,0,5155311
yncEp,0.5,1,1,AGTGTTCCCAGCGGTTCAGA,0,5149312
yncEp,0.5,1,1,AGTGTAAAATGAATGCGTGA,0,5159786
yncEp,0.5,1,1,AGTCCTGTGTTGAAATAATT,0,5161649
yncEp,0.5,1,1,AGTCAGCTAACGTGTCAGCA,0,5159798
yncEp,0.5,1,1,AGTCAATAGCTCGTGACAGG,0,5156693
yncEp,0.5,1,1,AGTATTTCGAATGTTCATTA,0,5156917
yncEp,0.5,1,1,AGTATTCTGGCATATATAGA,0,5155973
yncEp,0.5,1,1,AGTATTATGGGCGAGATCCT,0,5154631
yncEp,0.5,1,1,AGTATGAGGGATATTACTGT,0,5157574
yncEp,0.5,1,1,AGTACCACCCTGCTAATTAC,0,5152406
yncEp,0.5,1,1,AGGTTTCAGAGTAGTGCTTT,0,5155828
yncEp,0.5,1,1,AGGTGTCCTGCAACCCATAC,0,5157578
yncEp,0.5,1,1,AGGTAGTGGACCATGCCAGA,0,5149532
yncEp,0.5,1,1,AGGTAAAATTAGTGGAGCGT,0,5146532
yncEp,0.5,1,1,AGGGTAACTCCGTGTCGTGT,0,5149873
yncEp,0.5,1,1,AGGGGTCATACGTGCGGCAT,0,5146152
yncEp,0.5,1,1,AGGGGGTATACCGGTAAGGC,0,5150689
yncEp,0.5,1,1,AGGGCGCACAGACAAGAGCG,0,5149534
yncEp,0.5,1,1,AGGGCCAAAGTCCTGGTATC,0,5161589
yncEp,0.5,1,1,AGGGCAAAGGGTCATGGGCT,0,5159558
yncEp,0.5,1,1,AGGGCAAAAGAATCCCGCAA,0,5153937
yncEp,0.5,1,1,AGGGACGACCTACGGGGCGA,0,5152896
yncEp,0.5,1,1,AGGGACCGCCCCGATCTACA,0,5154495
yncEp,0.5,1,1,AGGCTGGTCTTTAACAGACC,0,5161539
yncEp,0.5,1,1,AGGCTGACGGCCTACATATA,0,5146685
yncEp,0.5,1,1,AGGCGCGGAGTTGCGTATAG,0,5148899
yncEp,0.5,1,1,AGGCGCCTGTGACCTGTAAG,0,5149206
yncEp,0.5,1,1,AGGCGAATTGTTCAGGTATG,0,5160980
yncEp,0.5,1,1,AGGCCTTTTCCAGGCGAGTT,0,5160192
yncEp,0.5,1,1,AGGCATACCGTTCCTGGACC,0,5157702
yncEp,0.5,1,1,AGGCAGACAGACCGTGGATG,0,5146786
yncEp,0.5,1,1,AGGATTACCGGCTAGGGTAT,0,5154830
yncEp,0.5,1,1,AGGATGAACATGCAGTACGA,0,5155521
yncEp,0.5,1,1,AGGATAGGCAAAATTGTGCG,0,5151239
yncEp,0.5,1,1,AGGAGTGCATACCTTTATGG,0,5149366
yncEp,0.5,1,1,AGGAGCTTCGCTTGTCTCAT,0,5146693
yncEp,0.5,1,1,AGGAGCATTGAAAACCAATA,0,5149939
yncEp,0.5,1,1,AGGAAACTGCGATCGCTTGT,0,5152935
yncEp,0.5,1,1,AGCTTCAAGGAATGGGTCCT,0,5148395
yncEp,0.5,1,1,AGCTTATTGATGCGAGGAAA,0,5149611
yncEp,0.5,1,1,AGCTGTGACGTTCTATGCGT,0,5151894
yncEp,0.5,1,1,AGCGCTTAGACGGAGGGCTC,0,5145924
yncEp,0.5,1,1,AGCGACGAGCTACATACGCG,0,5156877
yncEp,0.5,1,1,AGCCATTCTGGCGGTATACT,0,5151656
yncEp,0.5,1,1,AGCCAGGGATAGTACTCGCA,0,5158578
yncEp,0.5,1,1,AGCCACGGCTGTGAAAATAA,0,5153832
yncEp,0.5,1,1,AGCCACCATCTGTAACGTAA,0,5158214
yncEp,0.5,1,1,AGCAGTGGTTGAGGTGAAGA,0,5151788
yncEp,0.5,1,1,AGCACGAATCTGTGCCCGTG,0,5156569
yncEp,0.5,1,1,AGCAATACAAATGGATATCC,0,5161017
yncEp,0.5,1,1,AGCAAAATGGGTAATACTGG,0,5155284
yncEp,0.5,1,1,AGATTTTTTGTGGTGTAACC,0,5151664
yncEp,0.5,1,1,AGATTTGGGCGGTTCCATCA,0,5154332
yncEp,0.5,1,1,AGATTGATGACACTTTCGCA,0,5154773
yncEp,0.5,1,1,AGATTCTGGGGGTGAGGCTT,0,5158107
yncEp,0.5,1,1,AGATCGGTGGGTTTAACTCC,0,5151194
yncEp,0.5,1,1,AGAGTGTACGCAAGCACCGG,0,5147750
yncEp,0.5,1,1,AGAGTGAGTGCCCCCATGCG,0,5147796
yncEp,0.5,1,1,AGAGTCTGGGTACTACCCCT,0,5150248
yncEp,0.5,1,1,AGAGACCGCATAGGTAACAA,0,5156483
yncEp,0.5,1,1,AGACTAACGGAGATGGCAGA,0,5158145
yncEp,0.5,1,1,AGACCTCACATTGACTACAC,0,5157998
yncEp,0.5,1,1,AGAATTGATTCTGCAGGGCA,0,5157942
yncEp,0.5,1,1,AGAATGTCGGCTCTTTTAAC,0,5155978
yncEp,0.5,1,1,AGAATCAGTCTCATCTTGCT,0,5151218
yncEp,0.5,1,1,AGAAGAGCGGGGTGTTATTT,0,5152477
yncEp,0.5,1,1,AGAACATTACTTAGTCGTAC,0,5149846
yncEp,0.5,1,1,ACTTGGGGAGTCTAATAGGC,0,5151277
yncEp,0.5,1,1,ACTTCCATTGTTTAAGGCGA,0,5158894
yncEp,0.5,1,1,ACTTACACATTTGGTCGGAA,0,5157129
yncEp,0.5,1,1,ACTTAATATCTGACAAGTAT,0,5146269
yncEp,0.5,1,1,ACTCTACGCTCTTGGTTCAT,0,5160105
yncEp,0.5,1,1,ACTCGCAATAATAACTCCTT,0,5158811
yncEp,0.5,1,1,ACTCCGTAGTGTATTCATAC,0,5152621
yncEp,0.5,1,1,ACTATTGATAGTCGTACCTA,0,5155585
yncEp,0.5,1,1,ACTAGCCGCAAGGTCAATTT,0,5153569
yncEp,0.5,1,1,ACTACGCTTTGACATCGGTC,0,5159780
yncEp,0.5,1,1,ACTAATGCCCGCACATCCAA,0,5151150
yncEp,0.5,1,1,ACTAAGGCACCTGGGACTTG,0,5155547
yncEp,0.5,1,1,ACTAAATTCGGTCCAGGGGG,0,5158764
yncEp,0.5,1,1,ACGTTTTGGACTCGGGGAAC,0,5147206
yncEp,0.5,1,1,ACGTTACGAATTACGTTCTT,0,5159526
yncEp,0.5,1,1,ACGTCCTCCCGTCTGACTCG,0,5152594
yncEp,0.5,1,1,ACGTCACGGCAGTATGCCGT,0,5154839
yncEp,0.5,1,1,ACGTCACCCACTTTGGCCTA,0,5157208
yncEp,0.5,1,1,ACGTATCCTAACGGCGCGTA,0,5147716
yncEp,0.5,1,1,ACGTACCGATGCTACCGACT,0,5159794
yncEp,0.5,1,1,ACGTACCCATCTGATAGCTG,0,5151348
yncEp,0.5,1,1,ACGGCTAATTCCTGTGACTG,0,5150097
yncEp,0.5,1,1,ACGGCGACCGAGTAATTGTT,0,5147984
yncEp,0.5,1,1,ACGCTTGTACATGTCCTATA,0,5152075
yncEp,0.5,1,1,ACGCTGGCAGACTGGAACAA,0,5161648
yncEp,0.5,1,1,ACGCACCACATTATACTAAG,0,5159327
yncEp,0.5,1,1,ACGAGTGGTACATAGTGAGA,0,5147580
yncEp,0.5,1,1,ACGACGGTTGTTAGTTGGGT,0,5155969
yncEp,0.5,1,1,ACCTCAACCCTGCCTGCTTG,0,5161682
yncEp,0.5,1,1,ACCTACATAGCTGTGGACGA,0,5161243
yncEp,0.5,1,1,ACCGTGGTGTGGAGAGTCGC,0,5151195
yncEp,0.5,1,1,ACCGTGGCTGTAAATCCGAA,0,5158462
yncEp,0.5,1,1,ACCGTCCGCTAATGAAAGTC,0,5153731
yncEp,0.5,1,1,ACCGTAATAGGCTTAGTCAC,0,5149324
yncEp,0.5,1,1,ACCGGCCCAGCTGAGCCGGG,0,5157782
yncEp,0.5,1,1,ACCGCTCCGCGGCGAATCGC,0,5157424
yncEp,0.5,1,1,ACCGCATTAGAAACCGAGAA,0,5147336
yncEp,0.5,1,1,ACCGCACGCGGAGAGTGATT,0,5149396
yncEp,0.5,1,1,ACCGATTTAAACGGTGCCGT,0,5153015
yncEp,0.5,1,1,ACCCTGGCTCCGGTTTCTTA,0,5156505
yncEp,0.5,1,1,ACCCCTTATCAGATGTTCAC,0,5155988
yncEp,0.5,1,1,ACCCCTGGCGGCTAGAATTC,0,5147436
yncEp,0.5,1,1,ACCACAGCCGACGTTGGTAT,0,5159850
yncEp,0.5,1,1,ACATTTATCGGGTGAATTCC,0,5145869
yncEp,0.5,1,1,ACATTCACAGCGAAGTTGCT,0,5148639
yncEp,0.5,1,1,ACATGCGGACATACGCTTGC,0,5154913
yncEp,0.5,1,1,ACATGCATTCGCCGTCCAGG,0,5153819
yncEp,0.5,1,1,ACATCGAGGGAGACGTCAAT,0,5162009
yncEp,0.5,1,1,ACAGGTCCGTCCATATCGCA,0,5153978
yncEp,0.5,1,1,ACAGAGAGCCCAGCGTTGAT,0,5153478
yncEp,0.5,1,1,ACAGAGAACTCAGCTCGTCC,0,5157197
yncEp,0.5,1,1,ACACTGTCACCAACTAAGCC,0,5151175
yncEp,0.5,1,1,ACACGTAGCTGGCATCTGTG,0,5150489
yncEp,0.5,1,1,ACACCTACTCGTAACGTCTA,0,5153175
yncEp,0.5,1,1,ACACCACCCGCTAAGAATCT,0,5146780
yncEp,0.5,1,1,ACACAGAGGGGTAACCTCTG,0,5162525
yncEp,0.5,1,1,ACAATTTGGGTAGGTGTGGG,0,5152311
yncEp,0.5,1,1,ACAAGTAGACACATCGAAAG,0,5161101
yncEp,0.5,1,1,ACAACGCCGGAGCCCCCTGT,0,5160517
yncEp,0.5,1,1,ACAACAAAAATTGATTTAAC,0,5154750
yncEp,0.5,1,1,ACAAAAATCATGGCAACACC,0,5151977
yncEp,0.5,1,1,AATTTTAACAGAAACATATT,0,5150625
yncEp,0.5,1,1,AATTTACTAACGTCCTATCC,0,5157559
yncEp,0.5,1,1,AATTGGTGCAAGCATATTGC,0,5155381
yncEp,0.5,1,1,AATTCTAGCGCTCGACTCTA,0,5158160
yncEp,0.5,1,1,AATTATGAGAAGACGGCATG,0,5152348
yncEp,0.5,1,1,AATGTTTGCGTGGAGGGATC,0,5145911
yncEp,0.5,1,1,AATGTACACTTTTGTTTATG,0,5147968
yncEp,0.5,1,1,AATGGGCTTGTTTGGACCGG,0,5145953
yncEp,0.5,1,1,AATGACCACAGTCTGTTTGA,0,5160665
yncEp,0.5,1,1,AATCTCCAACTGAACGGAGG,0,5159120
yncEp,0.5,1,1,AATCCATGGTTCAGATCTCT,0,5146231
yncEp,0.5,1,1,AATCCAGATTTATGCTTGTC,0,5150416
yncEp,0.5,1,1,AATCATCCACACGTGGCCCC,0,5152186
yncEp,0.5,1,1,AATCAGGGTAGGAGAATCGC,0,5147901
yncEp,0.5,1,1,AATAGTCCATAACGTCCCCT,0,5150252
yncEp,0.5,1,1,AATACGAATTACGACATTAT,0,5160118
yncEp,0.5,1,1,AAGTTCGACGATTCTTAGCA,0,5148123
yncEp,0.5,1,1,AAGTGTTCTTCAATGATTAT,0,5148461
yncEp,0.5,1,1,AAGGTTTAGGCTCAAACTTT,0,5151129
yncEp,0.5,1,1,AAGGTCTTGGTACCATGTAA,0,5153138
yncEp,0.5,1,1,AAGGGAGTCCACCGAAACGT,0,5154359
yncEp,0.5,1,1,AAGGATTCGCCTTTGACTTC,0,5154548
yncEp,0.5,1,1,AAGCTTCCAGGGTGAGGGAT,0,5162300
yncEp,0.5,1,1,AAGCTCTCACGCCGTGTCTG,0,5159752
yncEp,0.5,1,1,AAGCGCATGGAGCTAATCAC,0,5161788
yncEp,0.5,1,1,AAGCCTCGTGGCTTCCGTCA,0,5157492
yncEp,0.5,1,1,AAGCCCCCTTACACCGCCAT,0,5155317
yncEp,0.5,1,1,AAGCATCTCAACCGACACTT,0,5149132
yncEp,0.5,1,1,AAGAGTAAACGCTTCCCGCG,0,5146878
yncEp,0.5,1,1,AAGACGTTAAGGGCAGTACT,0,5156116
yncEp,0.5,1,1,AAGACGAGGCCGCTTATCTC,0,5162582
yncEp,0.5,1,1,AAGAACGATAGGAGAGTGCG,0,5156228
yncEp,0.5,1,1,AACTTACTGAGTCCGTAAGA,0,5153653
yncEp,0.5,1,1,AACTGTCGTCACAACCAAGG,0,5157656
yncEp,0.5,1,1,AACTCCCGCAAGATACTCTG,0,5155150
yncEp,0.5,1,1,AACTACACAGGAAGGCATGT,0,5154559
yncEp,0.5,1,1,AACGTCTGTTCATAGTTGAC,0,5154791
yncEp,0.5,1,1,AACGGCTCATCACGCAGAAT,0,5162056
yncEp,0.5,1,1,AACCCAGCCCTGGTGCACGG,0,5161743
yncEp,0.5,1,1,AACCATGCAGATGATCAGCT,0,5155747
yncEp,0.5,1,1,AACCACCTACTATCCAGAGC,0,5147825
yncEp,0.5,1,1,AACCAATTGTCACTATGAAC,0,5150548
yncEp,0.5,1,1,AACATGTGAACAGGGGCTGC,0,5160760
yncEp,0.5,1,1,AACATGCAAATTTTCTACCT,0,5148146
yncEp,0.5,1,1,AACATCGGCTTCCGACGAAC,0,5147228
yncEp,0.5,1,1,AACATAAAACTTATGGTCTA,0,5157487
yncEp,0.5,1,1,AACAGGATAAATATCCGCCA,0,5148579
yncEp,0.5,1,1,AACACGTCATGAACTACTTA,0,5159416
yncEp,0.5,1,1,AACAACGTAAGGGTAATTCT,0,5152259
yncEp,0.5,1,1,AAATGGCGTAGCGTTGTTCT,0,5146347
yncEp,0.5,1,1,AAATATCGTGGTTTCAGTAC,0,5157673
yncEp,0.5,1,1,AAATATAGAGCAAGTAATCA,0,5160246
yncEp,0.5,1,1,AAATATAAGGTCTTAGGAAG,0,5156733
yncEp,0.5,1,1,AAATACCCGTGTACTGGGGT,0,5150153
yncEp,0.5,1,1,AAAGCTTGTGCTCGGTCGGC,0,5160102
yncEp,0.5,1,1,AAAGAATCGTGCACGGTCTA,0,5159802
yncEp,0.5,1,1,AAACTGCACCCTGTGGCGGG,0,5158879
yncEp,0.5,1,1,AAACTCAGCATCTGAACAGT,0,5162557
yncEp,0.5,1,1,AAACGCAAACTCTGCAAATT,0,5157622
yncEp,0.5,1,1,AAACCGGGGCTCCTTGTAGC,0,5159831
yncEp,0.5,1,1,AAAAGTCTACTATAAGTTAC,0,5150214
yncEp,0.5,1,1,AAAAATTGGTCGTGGCTCCC,0,5147349
yncEp,0.5,1,1,AAAAACACGATAGTAGGGGA,0,5156407
yncEp,1940.0,1939,0,TTCTAGCTGGGGTAGATCTT,1939,5161977
yncEp,1027.0,1026,0,TTCCATGTTGCTCGTATCTG,1026,5156714
yncEp,946.0,945,0,TCGTGAGTGGGAAACTCTTA,945,5160047
yncEp,857.0,856,0,GGTCTTTGGCTGTAACTCCT,856,5160886
yncEp,819.0,818,0,CGCTCATGATTCTCGGTTCT,818,5151484
yncEp,811.0,810,0,GCGAAGGTTCATGGCGTGGC,810,5148332
yncEp,3.0,2,0,GGCTATGCGAAATTGGCAAA,2,5147759
yncEp,2.0,1,0,TGTGTTAAAAATCTGGGAGA,1,5162181
yncEp,2.0,1,0,TGATTGCATCCGTGTTTCGG,1,5147162
yncEp,2.0,1,0,TAATGGTCACCCGGTTCGGA,1,5149377
yncEp,2.0,1,0,GTTTGCTTCTTCAAGGGAGT,1,5161274
yncEp,2.0,1,0,GTTGGAGGCATCGTTCGTCT,1,5154041
yncEp,2.0,1,0,GTTCAAATGTAATCCCGCGA,1,5156685
yncEp,2.0,1,0,GTCTTCCTCTTCATGTATCA,1,5146260
yncEp,2.0,1,0,GTATTGAGGCGTGATATAGC,1,5155071
yncEp,2.0,1,0,GGTGGCCTTACCATGCGGTG,1,5149492
yncEp,2.0,1,0,GCTGCGATCTTCTGCAGAAA,1,5153378
yncEp,2.0,1,0,GCGTATCTCCTGCGCGCAAA,1,5149245
yncEp,2.0,1,0,GCGAAGCCCTTAAATGGATG,1,5157323
yncEp,2.0,1,0,GCCCACCTAGAAACCGGAGC,1,5158572
yncEp,2.0,1,0,CTGTAGGGTACGCCCCAGGT,1,5160635
yncEp,2.0,1,0,CTCTCGGATAATAAGTTATC,1,5155578
yncEp,2.0,1,0,CTCGGCCCTCGGGTCACTGG,1,5158492
yncEp,2.0,1,0,CGTAACACACGTAACAGCTA,1,5161915
yncEp,2.0,1,0,CGCTTGTGATTCAGCGCACT,1,5161284
yncEp,2.0,1,0,CGCTGGTAATAGATCCGACA,1,5160584
yncEp,2.0,1,0,CGACGGCCGCGGTACTTAAT,1,5159757
yncEp,2.0,1,0,CAATTGGAACTTCGAATGGA,1,5161858
yncEp,2.0,1,0,AGTGCGAGATTAGCCAGACT,1,5154556
yncEp,2.0,1,0,AGTCTCCGGTCAGTGGCCTC,1,5160702
yncEp,2.0,1,0,AGAGGCGCGTGGCAGACAAG,1,5158738
yncEp,2.0,1,0,AACTCAGGGGGTCTAGAACT,1,5151447
yncEp,2.0,1,0,AAAGCGTCCATGCGATTCAT,1,5147864
