name,relative_counts,ct,ct_0,barcode,ct_1,barcode_ind
ygeY_predicted,0.1774193548387097,144,123,CGCCTCAACCACGTTGTCGT,21,4798080
ygeY_predicted,0.6666666666666666,198,119,AACGGACAGCGGTTTCCCGT,79,4799031
ygeY_predicted,0.9827586206896551,228,115,CGGGCACCTACGGGCCTAAA,113,4798242
ygeY_predicted,1.7289719626168225,290,106,GAGTGATCTACATAAGGCTG,184,4795084
ygeY_predicted,0.8061224489795918,175,97,AGCGTGACACAATAGCGAAG,78,4794943
ygeY_predicted,0.625,154,95,ATCGATAAGCTCAAAGATAC,59,4797589
ygeY_predicted,0.5376344086021505,141,92,TGTCACCCTATGGTATTCAG,49,4795550
ygeY_predicted,0.8791208791208791,169,90,CTCTGCAGCGAATAAAATCA,79,4794907
ygeY_predicted,0.2375,97,79,GGGCTGCTCAGGCAATCTAG,18,4803601
ygeY_predicted,0.5641025641025641,120,77,AAGAGCCCGTCGTGGAGAAT,43,4796459
ygeY_predicted,0.3684210526315789,102,75,GGGGAGTTGGTCGATCTATA,27,4814602
ygeY_predicted,0.64,121,74,ACTTTCCCCAATCGATGAGT,47,4806987
ygeY_predicted,0.4666666666666667,108,74,ACGGGATGCGCCCCCTGACG,34,4795272
ygeY_predicted,0.32432432432432434,96,73,GGAAAAGTAATATTGTTTTA,23,4795908
ygeY_predicted,1.9857142857142858,207,69,CGAGCAGTTTGGGCCTCAAT,138,4795026
ygeY_predicted,0.8405797101449275,125,68,CATCTACTTGTCGAAGTTAG,57,4795291
ygeY_predicted,0.17647058823529413,78,67,GTAGTCTTCTGGTTGCTCTT,11,4814399
ygeY_predicted,1.7205882352941178,183,67,AGGCCGTCATCGGATATAAA,116,4802414
ygeY_predicted,0.3880597014925373,91,66,CGACAGAGACGTGTATCTAA,25,4795327
ygeY_predicted,1.0615384615384615,132,64,CTGGAGATCAATCGCACCTA,68,4796218
ygeY_predicted,1.546875,161,63,CTCCGGACAAAATTCGAAAG,98,4810192
ygeY_predicted,0.031746031746031744,63,62,TATTATGTCTACCAGGACTC,1,4795157
ygeY_predicted,0.031746031746031744,63,62,GAGATAGCTCAGATTAGATA,1,4801619
ygeY_predicted,0.5483870967741935,94,61,GATATGCGATCGAATAGTTG,33,4795179
ygeY_predicted,0.06451612903225806,64,61,AGGCATTGGGCACCCGTTAT,3,4809630
ygeY_predicted,0.6065573770491803,96,60,GGTTTGACAGGGAAACCAAC,36,4812965
ygeY_predicted,0.36065573770491804,81,60,GATTTGAATAGAATCTTGTT,21,4795668
ygeY_predicted,0.6229508196721312,97,60,CGTTGCACTCCGGACCTGAA,37,4795795
ygeY_predicted,0.7049180327868853,102,60,CGGCCGCGTTCGTACATCGT,42,4797737
ygeY_predicted,1.4406779661016949,142,58,TAAGGGTCGATATGAACAAG,84,4805485
ygeY_predicted,0.7457627118644068,101,58,GCGAGGCAATCGACGTCGGT,43,4803417
ygeY_predicted,0.2711864406779661,73,58,GAAGGAACGACAAGGTATCT,15,4797425
ygeY_predicted,0.9830508474576272,115,58,CATACTTTTGAAGGGGAAGT,57,4802950
ygeY_predicted,0.05172413793103448,59,57,CTGGCCCGCAGATTTAATCC,2,4803549
ygeY_predicted,1.0689655172413792,118,57,CGGGGATAACCTTCTAGTGA,61,4811192
ygeY_predicted,0.25862068965517243,71,57,CGCGTATCATACCTTCATGG,14,4798410
ygeY_predicted,0.7894736842105263,100,56,GAAGCGCGTGCCTAGCGGGA,44,4799337
ygeY_predicted,1.3859649122807018,134,56,CTTTATGAATGAGAGTCCCT,78,4808935
ygeY_predicted,0.9107142857142857,105,55,TGATGGGCGATGTGCAGCCT,50,4809817
ygeY_predicted,0.03636363636363636,55,54,TGAAAGCAGCCGGGACATCA,1,4800554
ygeY_predicted,1.0363636363636364,110,54,CTCGGAAGTTTTTCACTCGA,56,4798926
ygeY_predicted,1.0363636363636364,110,54,ACCGTTTCTGGGACATTCAT,56,4806507
ygeY_predicted,0.7272727272727273,93,54,AACTTCGGCCATGGCGAAAT,39,4795281
ygeY_predicted,0.05555555555555555,55,53,GTGGATTGGGAGGTATTAGG,2,4812790
ygeY_predicted,0.037037037037037035,54,53,GCCTGTCTATACCGGGCCTT,1,4798601
ygeY_predicted,1.9259259259259258,156,53,ACGTGGTAAACACAGCGCAT,103,4800390
ygeY_predicted,1.7358490566037736,143,52,TCTCTAGCAGGTTAACTTGC,91,4803935
ygeY_predicted,0.5660377358490566,81,52,TCGGCAATGGTGTAGCTATG,29,4795590
ygeY_predicted,0.3584905660377358,70,52,TACATATACACCCGGCTACA,18,4798938
ygeY_predicted,0.9433962264150944,101,52,GTGCCCTACGCATAACCTAA,49,4796503
ygeY_predicted,0.05660377358490566,54,52,CGAGATGGTCTTCACATCCA,2,4795005
ygeY_predicted,0.03773584905660377,53,52,AACGTACCTCCGAGATCAGT,1,4809841
ygeY_predicted,0.46153846153846156,74,51,TTGCAAAAGGTGCGGAGGGA,23,4795958
ygeY_predicted,0.057692307692307696,53,51,TTGAAGTGAGGCATGTCCTT,2,4795142
ygeY_predicted,0.19230769230769232,60,51,CAGTCCATGGGTTGGCGGAC,9,4805224
ygeY_predicted,0.34615384615384615,68,51,AAGCCCCAACAACTGTAGTT,17,4797273
ygeY_predicted,1.0196078431372548,101,50,TCACCGCGGGGAGCCTTGGT,51,4810857
ygeY_predicted,0.0392156862745098,51,50,CCTACTGATTGCGATGCGAA,1,4795434
ygeY_predicted,0.37254901960784315,68,50,AGAGGAGTCACATTTTAGAG,18,4796647
ygeY_predicted,0.1,53,49,CTATATAGTCTGGCGCTTTG,4,4796873
ygeY_predicted,1.06,101,49,ACTCAAACAAATTGCGCTAG,52,4800008
ygeY_predicted,0.54,75,49,AACAGGTGTCGCCCCCGTTT,26,4798995
ygeY_predicted,0.16326530612244897,55,48,TTTTCTAAAGTGTTGGCATG,7,4811332
ygeY_predicted,0.2857142857142857,61,48,TTTATCATTCCACATATTAA,13,4794921
ygeY_predicted,0.30612244897959184,62,48,TAAATCGTGAAGTTTTCAAT,14,4813855
ygeY_predicted,1.8979591836734695,140,48,GTACCTTAAGGGCTCCGGAG,92,4795241
ygeY_predicted,0.12244897959183673,53,48,GGGCCGGTCGAAGCCGTGGT,5,4803073
ygeY_predicted,0.5918367346938775,76,48,GCATGTTACCCATACGGTCT,28,4796474
ygeY_predicted,0.14285714285714285,54,48,CACGCGCCTTATAGGCCCGG,6,4795525
ygeY_predicted,1.3958333333333333,113,47,GAAACCCAAGGAGTATCAGT,66,4796801
ygeY_predicted,1.2291666666666667,105,47,AGTGCAACGGGTGTGTCTGT,58,4802217
ygeY_predicted,1.1063829787234043,97,46,TGCCTCTCAACTTCTGAAAC,51,4806075
ygeY_predicted,1.553191489361702,118,46,TACATGACCCATGCTCACAG,72,4805078
ygeY_predicted,0.10638297872340426,50,46,ATGCGTCGCTCAACCTATGC,4,4801914
ygeY_predicted,2.382978723404255,157,46,ACCTGTGGACTGCTTTCGTT,111,4806053
ygeY_predicted,0.2765957446808511,58,46,AACTTAAGACTCGCGCTCCA,12,4811656
ygeY_predicted,0.9148936170212766,88,46,AACACATGTCGTTCGGCCCT,42,4795199
ygeY_predicted,0.21739130434782608,54,45,TCGAAGCGTTGCCGGATCCT,9,4810320
ygeY_predicted,1.8478260869565217,129,45,TAAGAGTACCATCCTAGCAA,84,4795575
ygeY_predicted,0.043478260869565216,46,45,GAATTCTGTCGCTTAATGGA,1,4802404
ygeY_predicted,0.08695652173913043,48,45,CATTGCGCCAATTCCACCCA,3,4795363
ygeY_predicted,0.1956521739130435,53,45,AGCCGTGGTGGGTGTCCATG,8,4802231
ygeY_predicted,1.0869565217391304,94,45,AGCCGAGCCTTATAGATAGT,49,4795776
ygeY_predicted,0.5,67,45,AGACTACGCCGGGCTCGTCA,22,4803572
ygeY_predicted,1.0,90,45,AATAGATGCGCCCTTGGGCT,45,4805883
ygeY_predicted,0.21739130434782608,54,45,AAGTCGCGTAGACGTATTAA,9,4796025
ygeY_predicted,0.2608695652173913,56,45,AAAATTGGCGGATGTCTCCA,11,4804016
ygeY_predicted,0.2,52,44,TTCGTTTATCTGGGTTGCGC,8,4797306
ygeY_predicted,0.8222222222222222,80,44,GTTGTCAGTGGAGAATAGAG,36,4798591
ygeY_predicted,0.6666666666666666,73,44,AGCTGTGCTACCACGTATCT,29,4798023
ygeY_predicted,0.35555555555555557,59,44,ACCAGCAGAGAATTCATCGT,15,4797487
ygeY_predicted,0.2727272727272727,54,43,TTGTTTTGCGGGCATAAGAT,11,4795041
ygeY_predicted,0.9772727272727273,85,43,TGACTGTAACCAGTATAAGA,42,4795551
ygeY_predicted,1.4090909090909092,104,43,TATCACACAGTAAGTTGCGA,61,4797863
ygeY_predicted,1.4090909090909092,104,43,TAGCGATGATCTTACATTTG,61,4802783
ygeY_predicted,0.8863636363636364,81,43,GTGCCACACGCCAACAATAT,38,4811834
ygeY_predicted,2.5681818181818183,155,43,CGACGAACCCGATCAGGATG,112,4809044
ygeY_predicted,0.13636363636363635,48,43,CACCTGAGTCCACCTACGCT,5,4815597
ygeY_predicted,0.7727272727272727,76,43,AACACATCCGTCCATGCTCC,33,4797885
ygeY_predicted,0.27906976744186046,53,42,GGTCATGGAAGAGTAAGCTA,11,4799258
ygeY_predicted,0.046511627906976744,43,42,CTGAAACTCTTATTGTTTAA,1,4804374
ygeY_predicted,0.11627906976744186,46,42,ACGTGAACTGCCGGTGTGTT,4,4806736
ygeY_predicted,1.744186046511628,116,42,AAGTGGGCCTCCCACACCTC,74,4801287
ygeY_predicted,1.3488372093023255,99,42,AAAAGAGCGCCCGACTAGGG,57,4796306
ygeY_predicted,1.5952380952380953,107,41,TGCGCGTGTAGGCAAGATGA,66,4815699
ygeY_predicted,0.11904761904761904,45,41,TATTTTAGTGGCACAAGTAA,4,4795565
ygeY_predicted,1.3333333333333333,96,41,CGTTCCATTTCTAGTCCCCT,55,4797903
ygeY_predicted,0.2619047619047619,51,41,CGCGGTAAATGACTTTGGTA,10,4805777
ygeY_predicted,1.2380952380952381,92,41,AGTCATCAGTGCCTTAACCG,51,4808220
ygeY_predicted,0.9761904761904762,81,41,ACTGAGCACTAACGCTTTCA,40,4800921
ygeY_predicted,1.0975609756097562,84,40,TTGTCAACTGATTTATTCCA,44,4799766
ygeY_predicted,0.6097560975609756,64,40,GTGACACGCTCTCCATCAGG,24,4806044
ygeY_predicted,0.6097560975609756,64,40,GCACACGGTAGCTAATGGAT,24,4811133
ygeY_predicted,0.21951219512195122,48,40,CTGGGGAAGTCGCATAAGGA,8,4804123
ygeY_predicted,0.25,48,39,TGGCGCATTATCCCGTAGGA,9,4797345
ygeY_predicted,1.5,98,39,TCCCAAGGGTTTTAAACGCT,59,4795204
ygeY_predicted,1.05,80,39,GTCTTCGCACACAATGCTGT,41,4810424
ygeY_predicted,0.075,41,39,GGATGAATGGAAGAGCACCT,2,4815921
ygeY_predicted,0.05,40,39,GCTACGTTCTGCTCAGTGAT,1,4802023
ygeY_predicted,0.625,63,39,CTCTGCTATATATATCGTGA,24,4801670
ygeY_predicted,0.2,46,39,CTCATTCAATTCACGTGGCT,7,4804001
ygeY_predicted,0.1,42,39,CCCTGCTTGCACTTTCGCAG,3,4796703
ygeY_predicted,0.075,41,39,ATAAGAGGCCGGACCCGTGT,2,4804407
ygeY_predicted,1.325,91,39,AGTAAAAGGGACTGCTTCGA,52,4803122
ygeY_predicted,0.9230769230769231,73,38,TTGGTCGGAAATAGGTCCTG,35,4815773
ygeY_predicted,0.05128205128205128,39,38,TTGCGTCGGATAATGTGTAG,1,4810712
ygeY_predicted,0.1794871794871795,44,38,TGTAATGCGACAGGGAGAAG,6,4804277
ygeY_predicted,0.10256410256410256,41,38,TCCCTCAGGACAGGCCTCAT,3,4801755
ygeY_predicted,0.1794871794871795,44,38,TCCACCAAACGGTTTGGCAA,6,4809283
ygeY_predicted,0.358974358974359,51,38,GATGTCGGGAGCGGCTCTCC,13,4799536
ygeY_predicted,0.10256410256410256,41,38,CCCTAGCTGATCGCCAACTC,3,4804522
ygeY_predicted,0.5128205128205128,57,38,CATAGATGTTGAGGCTCCGT,19,4804549
ygeY_predicted,2.1025641025641026,119,38,AGACACAGCCCACAATTTAA,81,4795797
ygeY_predicted,0.8205128205128205,69,38,ACACGTTTCACTTTGCCCTA,31,4812176
ygeY_predicted,0.5128205128205128,57,38,AACGCCTGCGGGACGCGGTA,19,4797331
ygeY_predicted,1.368421052631579,88,37,TGCTCTGCTGGTACCCAGGG,51,4806759
ygeY_predicted,1.0,74,37,TGCAGCACGCCTCACACTCA,37,4796328
ygeY_predicted,0.6052631578947368,59,37,TCAGGCACACAAGGGGGCGC,22,4810884
ygeY_predicted,0.05263157894736842,38,37,TATTATGTTGAGAACCTTTG,1,4799382
ygeY_predicted,1.1578947368421053,80,37,TAACGGAACTGGACACCTAT,43,4809632
ygeY_predicted,0.47368421052631576,54,37,CGTTCACCGGTCATTAGTGT,17,4795598
ygeY_predicted,0.8947368421052632,70,37,CCGATCATTAACGCTACAAC,33,4802050
ygeY_predicted,0.07894736842105263,39,37,CCATATGCAAATTCGCTCGG,2,4796769
ygeY_predicted,1.631578947368421,98,37,CCAGCCGTCCTCCATAATAG,61,4815357
ygeY_predicted,0.6578947368421053,61,37,CAGATGACTAAGCGTCTCGT,24,4807252
ygeY_predicted,1.631578947368421,98,37,ACCCAGTCTATGATTCCGGT,61,4804486
ygeY_predicted,0.9459459459459459,70,36,TCGAACTGACAGATAGCATT,34,4803023
ygeY_predicted,0.05405405405405406,37,36,TACAACGACTGCCCCAACAT,1,4797091
ygeY_predicted,1.4864864864864864,90,36,GGAACAGCGACCCCGGAATG,54,4814690
ygeY_predicted,0.05405405405405406,37,36,GAGCATGGGTACCATTCAGT,1,4795337
ygeY_predicted,0.918918918918919,69,36,GACGGAATACGCGCATACTA,33,4807449
ygeY_predicted,0.7297297297297297,62,36,CACTATATCTGAAAGTCACT,26,4799713
ygeY_predicted,0.21621621621621623,43,36,ACGGGTACTCGTTCCGTCAA,7,4804300
ygeY_predicted,0.6388888888888888,57,35,TCCTGTCATAATTCTGACTT,22,4799932
ygeY_predicted,0.2222222222222222,42,35,TAATAAGGATCTGACAAGGA,7,4807348
ygeY_predicted,0.25,43,35,GGATTTTATCAAACCCTTGA,8,4800343
ygeY_predicted,0.7222222222222222,60,35,GCCAGGCATGGCACTGTCGT,25,4796950
ygeY_predicted,0.8611111111111112,65,35,CTTAGAGCCTTGGTTAGCAA,30,4816723
ygeY_predicted,0.3888888888888889,48,35,CTGGAGTTGCATCATTCTAC,13,4806126
ygeY_predicted,0.3611111111111111,47,35,CTCTTAAGGTCCCTATGGAG,12,4795507
ygeY_predicted,0.16666666666666666,40,35,CGCCGAATTCCCGTGTCCGT,5,4800219
ygeY_predicted,1.6388888888888888,93,35,CCGTTGATAGAGAACCGCAA,58,4798431
ygeY_predicted,0.3055555555555556,45,35,CAGATTGAGTTTAGACATAT,10,4805674
ygeY_predicted,0.05555555555555555,36,35,ACTTGTGAGCTTGCAGTCAC,1,4802672
ygeY_predicted,0.6,54,34,TGGGGACTACGCAATGGTTT,20,4799054
ygeY_predicted,0.37142857142857144,46,34,TGCGGACGCATCAGCTACAC,12,4798555
ygeY_predicted,0.14285714285714285,38,34,TCGAGGGACCAATGCTGCAA,4,4807039
ygeY_predicted,0.6571428571428571,56,34,GTACAGAGATCTTGGTAAAT,22,4797644
ygeY_predicted,0.08571428571428572,36,34,CTTCGGCTTATCGGAACTAA,2,4797437
ygeY_predicted,0.3142857142857143,44,34,CTTACGAATGCTAAGGACAA,10,4805402
ygeY_predicted,0.05714285714285714,35,34,CGTTGGTATACGTGCGCTTA,1,4801702
ygeY_predicted,0.4857142857142857,50,34,CCCCCGACGTTAATTGATGG,16,4795669
ygeY_predicted,1.7714285714285714,95,34,ATGCCAGAAAGGGATCAGTT,61,4799535
ygeY_predicted,1.2571428571428571,77,34,ATGACACGAGCGATCGCATT,43,4812728
ygeY_predicted,1.2058823529411764,73,33,TTCCATCATCTTCCGACCTA,40,4804104
ygeY_predicted,0.7352941176470589,57,33,TCCGGTCCTTGAAGCTATGT,24,4804781
ygeY_predicted,0.11764705882352941,36,33,TACTACTCCGAATCAGCTGT,3,4816198
ygeY_predicted,3.6470588235294117,156,33,GGCTCCTTATCTCGCACTAC,123,4810100
ygeY_predicted,1.5294117647058822,84,33,GATCAGCTGTGTCTCCCTTC,51,4796992
ygeY_predicted,0.058823529411764705,34,33,GAATCTTTTCGCTCCCTTGA,1,4799832
ygeY_predicted,0.058823529411764705,34,33,CTCGAACTTCGGAAATAAGA,1,4805365
ygeY_predicted,0.058823529411764705,34,33,CGTCCAACGTGCGGACGGAT,1,4795150
ygeY_predicted,0.058823529411764705,34,33,CGGTAGTTCAAACACGAGAT,1,4799435
ygeY_predicted,0.23529411764705882,40,33,CCTCCTCACCGAGAGGCATT,7,4806361
ygeY_predicted,0.4411764705882353,47,33,CAGATCTGAAGAGGTCATTC,14,4796216
ygeY_predicted,1.8823529411764706,96,33,CAATCGCTTTCATGGCATGT,63,4796662
ygeY_predicted,0.47058823529411764,48,33,ATATTGAGAGAAGTTATCCT,15,4816980
ygeY_predicted,0.2647058823529412,41,33,AGTAATGACGACCCACTCCA,8,4797658
ygeY_predicted,0.6176470588235294,53,33,AGCTAAAGACAGCCTCTTGT,20,4795353
ygeY_predicted,0.8529411764705882,61,33,AGCGGGAACCGGGCAGCAGA,28,4796666
ygeY_predicted,1.9705882352941178,99,33,AAAGGTCGGCTAGGACGGAA,66,4799008
ygeY_predicted,0.15151515151515152,36,32,TTACGCGCGAACTGGCGGTA,4,4815577
ygeY_predicted,0.06060606060606061,33,32,TGACTGAGGACTCTAGGCAT,1,4795809
ygeY_predicted,0.36363636363636365,43,32,TCTCAGCGTCTCAGTAGAAC,11,4795094
ygeY_predicted,0.5454545454545454,49,32,TCCTGGGATATTCTTGCGTA,17,4796430
ygeY_predicted,0.12121212121212122,35,32,TAGGGTTACGAATGTAGTAC,3,4797114
ygeY_predicted,0.42424242424242425,45,32,TACATCCGACGGGCCAGAAA,13,4809545
ygeY_predicted,0.06060606060606061,33,32,TAATTACCGTGGCAATCGAT,1,4797480
ygeY_predicted,1.4242424242424243,78,32,GGTTGCCGTTATATCTTGTG,46,4805455
ygeY_predicted,0.7575757575757576,56,32,GGTGACCTGCCTTCCTCGGT,24,4806204
ygeY_predicted,0.9090909090909091,61,32,GCGATGCCGAAAGTGGAAGT,29,4799007
ygeY_predicted,0.7575757575757576,56,32,GCCTTCACGTGTTATTGAAT,24,4798159
ygeY_predicted,0.6666666666666666,53,32,GATTATTATACGCCGTTCAT,21,4804335
ygeY_predicted,0.5454545454545454,49,32,GATAGTACCGCGCTAAGAAC,17,4806398
ygeY_predicted,0.45454545454545453,46,32,CTATTGTGGGGACACAGGTG,14,4798309
ygeY_predicted,0.09090909090909091,34,32,CGATTAAGTGGGCCGAAATG,2,4807799
ygeY_predicted,0.5151515151515151,48,32,CCCCCCTAACCGGCACTCCC,16,4805364
ygeY_predicted,1.7878787878787878,90,32,CATTCAGAGCCTAGTTTTAA,58,4805285
ygeY_predicted,1.121212121212121,68,32,ATTGGCTCAGAGTATCACCG,36,4796006
ygeY_predicted,0.42424242424242425,45,32,ATACACAAGTTACGGAACTC,13,4816931
ygeY_predicted,0.06060606060606061,33,32,ACACTGACCACGCTTAGATA,1,4801126
ygeY_predicted,0.24242424242424243,39,32,AAGTTATATGATCAATCTTC,7,4811687
ygeY_predicted,0.6875,52,31,TTTGTAACAAATAACGCATG,21,4805763
ygeY_predicted,1.0,62,31,TCACCCATAATACTCCTTTT,31,4798139
ygeY_predicted,0.09375,33,31,TAAACGGGCGGAGCTTTCAC,2,4797952
ygeY_predicted,1.59375,81,31,CGCTACCATCTGAATACGTG,50,4813767
ygeY_predicted,0.15625,35,31,ATCCGCGCCGACCGTTGTGC,4,4801609
ygeY_predicted,1.875,90,31,ATCAAGAGGGATCTAGTCTG,59,4798365
ygeY_predicted,0.25,38,31,AGTGATGGCGAGACATGGCC,7,4796023
ygeY_predicted,0.65625,51,31,AAATTAGCCCGCCTCGGCTA,20,4797757
ygeY_predicted,0.21875,37,31,AAAGCATCGACTCACAACGC,6,4799216
ygeY_predicted,2.2580645161290325,99,30,TTGTTGAGAGGGCCTGAAAG,69,4802022
ygeY_predicted,0.22580645161290322,36,30,TGTTGTCTGGGTAGCGTTTA,6,4798993
ygeY_predicted,2.0,91,30,TGAACGCAACTTGCAACTGT,61,4799278
ygeY_predicted,0.41935483870967744,42,30,TCGGATTCCACACGGAAAGA,12,4813817
ygeY_predicted,0.06451612903225806,31,30,GTGCAAGTTACTTGTGCTTG,1,4810955
ygeY_predicted,1.6451612903225807,80,30,GGTAGAGAGCAACAATATGT,50,4795328
ygeY_predicted,0.06451612903225806,31,30,GGGATGGAGGGTATGTGTTA,1,4798386
ygeY_predicted,0.3548387096774194,40,30,GCCTATGCTGCATTCCCTAG,10,4814368
ygeY_predicted,0.8387096774193549,55,30,GCATCATGCTCGTCCTGGGA,25,4797965
ygeY_predicted,1.2258064516129032,67,30,GCAGGACGCCACATAGGAAT,37,4813231
ygeY_predicted,1.2580645161290323,68,30,GAAATTGAGTATGTATACAT,38,4797214
ygeY_predicted,0.4838709677419355,44,30,CGGCAATGGGTTCGGTCTGT,14,4809486
ygeY_predicted,0.06451612903225806,31,30,CATTTTTTGTGGCTTCGTAG,1,4814541
ygeY_predicted,0.3548387096774194,40,30,CAACAACTTATGCTGGCCAG,10,4802001
ygeY_predicted,0.06451612903225806,31,30,ATTGGCCCGGAGGGGGTAGT,1,4804544
ygeY_predicted,1.096774193548387,63,30,ATGCGGCAGCGTCACACATA,33,4804622
ygeY_predicted,0.7096774193548387,51,30,AGGTATGAGCTACAGCTGAT,21,4806071
ygeY_predicted,1.7096774193548387,82,30,AGAGTTCCCTGAGGCCGACT,52,4799606
ygeY_predicted,0.12903225806451613,33,30,ACAGCGGCGAGTGACCAAAT,3,4810262
ygeY_predicted,0.3225806451612903,39,30,AAGTCTAAGCTCTGACTACA,9,4810650
ygeY_predicted,0.3548387096774194,40,30,AAAAACGCGTTCGACTGGGA,10,4802519
ygeY_predicted,0.6666666666666666,48,29,TGTTGAAGGCGAACCTTAGA,19,4810011
ygeY_predicted,0.9333333333333333,56,29,TCTATAGGCCAACCAGCTCG,27,4805983
ygeY_predicted,0.5666666666666667,45,29,TAAAGAAGGGACCATTTTGG,16,4800657
ygeY_predicted,1.1,61,29,GGGCTGGAGGTACATGAATC,32,4797382
ygeY_predicted,0.4666666666666667,42,29,GAGCGATCGGCATTGTCGCT,13,4797112
ygeY_predicted,0.9,55,29,CGTCAGGCGCGCTTGCGACT,26,4808957
ygeY_predicted,1.4666666666666666,72,29,CAGTAGTACTAATTCCTGGC,43,4803287
ygeY_predicted,0.4,40,29,CAATAATCCCGGAACCGAAG,11,4816867
ygeY_predicted,1.1,61,29,CAAGCACCGTTGTAACCAGT,32,4803400
ygeY_predicted,0.06666666666666667,30,29,ATATAAATGTGTCCCCTGGG,1,4806370
ygeY_predicted,0.5666666666666667,45,29,AGCGCGTGGAGGAAGCGGCT,16,4795164
ygeY_predicted,2.7,109,29,ACGACACGATAGGCATATCG,80,4796200
ygeY_predicted,1.7333333333333334,80,29,ACCGTCTACCCGTCCACAGT,51,4816077
ygeY_predicted,0.5172413793103449,42,28,TTGCTCTGGACGTTCAGTCA,14,4795451
ygeY_predicted,0.10344827586206896,30,28,TATGGAAAGATGTATTTGTC,2,4794963
ygeY_predicted,0.9310344827586207,54,28,TAATGTAGCGGTTGTGAACG,26,4805988
ygeY_predicted,1.6206896551724137,74,28,GATATGCGCATCTGTGTAGT,46,4806981
ygeY_predicted,0.5172413793103449,42,28,GAATTCGCCCTACAAATATG,14,4804174
ygeY_predicted,0.8620689655172413,52,28,GAACATCCGTAGTTTCTATA,24,4796473
ygeY_predicted,0.27586206896551724,35,28,CTATACCAAAAGCCACGTCG,7,4809964
ygeY_predicted,2.2413793103448274,92,28,CCTAGTGTTATCTCTTATTG,64,4810698
ygeY_predicted,1.793103448275862,79,28,CCCAATATTTGCACAGACGT,51,4802277
ygeY_predicted,0.3448275862068966,37,28,CATGTTATGCAACGACCGAT,9,4815436
ygeY_predicted,0.10344827586206896,30,28,CAAGTGATCCAACCTAAAAA,2,4810285
ygeY_predicted,0.13793103448275862,31,28,ATGTCGTTGCCTCCCGGTCG,3,4809004
ygeY_predicted,0.8275862068965517,51,28,AGGGGCAGAATAGGGCGCCG,23,4805953
ygeY_predicted,0.4827586206896552,41,28,AGCGTTGAAAAGCCTGCCGT,13,4814632
ygeY_predicted,0.13793103448275862,31,28,AGCGACGTGCTGCTACGCTT,3,4804336
ygeY_predicted,1.0,56,28,AACTTCGCTCTGAGACTGTC,28,4802160
ygeY_predicted,0.42857142857142855,38,27,TAATCATGGGGTTAGCGGGT,11,4797019
ygeY_predicted,1.8214285714285714,77,27,GTTAGAAAGTGGTCACAAGC,50,4795116
ygeY_predicted,0.32142857142857145,35,27,GTGACCATCCGGAAAGACAT,8,4808074
ygeY_predicted,3.857142857142857,134,27,GTAACTCCTGTGTATCTAAC,107,4812379
ygeY_predicted,1.1785714285714286,59,27,GGGCAATGCACCCATCCATA,32,4795640
ygeY_predicted,1.2142857142857142,60,27,GCCGGTCTTGGCGTGCCGTT,33,4808079
ygeY_predicted,0.25,33,27,GCAATGCAAGCCTAAGGGAT,6,4810377
ygeY_predicted,0.07142857142857142,28,27,GATTGATCGGACCCTGGTCA,1,4810180
ygeY_predicted,1.0714285714285714,56,27,GAGCCGGTAACTCCGCGCCT,29,4808524
ygeY_predicted,0.6428571428571429,44,27,GACGCCCAATGGAATTCTTT,17,4795396
ygeY_predicted,0.5714285714285714,42,27,CTTCGCAGCTTTTGTCCGGA,15,4816654
ygeY_predicted,1.5,68,27,CTCCAGGGTTCCATTGCATG,41,4801573
ygeY_predicted,1.0,54,27,CGATCAAAGCCGCCTAGTGG,27,4808592
ygeY_predicted,0.07142857142857142,28,27,CGATATTGACAACACACTCA,1,4802168
ygeY_predicted,0.07142857142857142,28,27,CGAGCCCTGTCAACGCCGAG,1,4810251
ygeY_predicted,0.7142857142857143,46,27,CGACAGCGTATAAGAACTAC,19,4807566
ygeY_predicted,0.5357142857142857,41,27,CCGTGCGTGCATTAGGATAT,14,4795975
ygeY_predicted,0.35714285714285715,36,27,CCGCTATTGCGGCAAACGCA,9,4799501
ygeY_predicted,0.07142857142857142,28,27,CCCATGGACGTCTGTACGGA,1,4800088
ygeY_predicted,1.6428571428571428,72,27,CAGATGCGGGCTCCCTGCGC,45,4797136
ygeY_predicted,0.5357142857142857,41,27,ATGGGGTTTTGAGGTTCTTC,14,4807760
ygeY_predicted,0.07142857142857142,28,27,AGGGCAGCTTCACCTGTTGC,1,4805482
ygeY_predicted,0.42857142857142855,38,27,AGCACCGCAGGTTATGGCCT,11,4816344
ygeY_predicted,0.25,33,27,ACCATCCACCACAAGGAATG,6,4806552
ygeY_predicted,0.75,47,27,AATTAGAGGCTCTGGAACGG,20,4795158
ygeY_predicted,0.07407407407407407,27,26,TTTGCTAGAAGCCTATAACT,1,4798643
ygeY_predicted,2.6666666666666665,97,26,TTGGTCCTAAAAACGCATTT,71,4812855
ygeY_predicted,0.8148148148148148,47,26,TGAGTAGAGGGCTTTGCGGT,21,4815265
ygeY_predicted,0.5555555555555556,40,26,TCGGGCCATGCCCTGCGATT,14,4797056
ygeY_predicted,0.7037037037037037,44,26,TAGGTAAGCACCCCTCTTGT,18,4800656
ygeY_predicted,0.6296296296296297,42,26,TAAGGCTTCCGGGCCGAGAC,16,4804723
ygeY_predicted,2.111111111111111,82,26,GTAGGACTTCGTTATAACGT,56,4801084
ygeY_predicted,0.37037037037037035,35,26,GGCTGAGATCCTAGCCAGGA,9,4805011
ygeY_predicted,1.1851851851851851,57,26,GGCCCCCGCACTGCTATCAT,31,4797373
ygeY_predicted,0.07407407407407407,27,26,GCCTATCGATGGATATTTAA,1,4802480
ygeY_predicted,0.48148148148148145,38,26,GCATTGTGTAGTAGCGGGTC,12,4811939
ygeY_predicted,0.18518518518518517,30,26,GAGAATGTAGCTACCTACGT,4,4811909
ygeY_predicted,0.2222222222222222,31,26,CTCGTAATAATCGTACATTG,5,4801511
ygeY_predicted,0.3333333333333333,34,26,CTAAACTACATTCTTCAGTA,8,4811115
ygeY_predicted,1.5555555555555556,67,26,CGCTGATTTCAGATATGGAG,41,4797062
ygeY_predicted,0.7407407407407407,45,26,CCTGGACAAGCCAGGCTCGT,19,4808031
ygeY_predicted,1.1851851851851851,57,26,CCTCCGTCAAGGTGTTCAGA,31,4796091
ygeY_predicted,0.7037037037037037,44,26,CCGTTCTGCGGACAGGCACA,18,4796548
ygeY_predicted,0.6666666666666666,43,26,CCACCTCGCGTTCTTGCGCC,17,4804489
ygeY_predicted,1.0,52,26,CATGAGGCGATCCCCCCCTA,26,4797401
ygeY_predicted,0.07407407407407407,27,26,ATCCTCTTCGGAACACTTAA,1,4804989
ygeY_predicted,1.5925925925925926,68,26,ACCATTCCGACCTTGTTCTT,42,4796882
ygeY_predicted,0.1111111111111111,28,26,AATCTCCAGACTGGTGAGTA,2,4804192
ygeY_predicted,0.2222222222222222,31,26,AATAGCGCACATCGTGGCTC,5,4797780
ygeY_predicted,0.9615384615384616,49,25,TTGTGCCTTGTTTACCAAGT,24,4810182
ygeY_predicted,0.7307692307692307,43,25,TGGGAAAAGGATTCAGCAGG,18,4799082
ygeY_predicted,1.6923076923076923,68,25,TCGGCCATACGAATCTCAGG,43,4795028
ygeY_predicted,1.4230769230769231,61,25,TCGATATCAACATAGTCGGT,36,4802694
ygeY_predicted,2.230769230769231,82,25,TAGATTAGGCCCTTAATGTG,57,4811206
ygeY_predicted,1.5,63,25,GTACGTGGGGTGATCGGGGT,38,4802609
ygeY_predicted,0.5769230769230769,39,25,GGACACCGTTCAGGCGTTCA,14,4798331
ygeY_predicted,0.6923076923076923,42,25,GCCTCGGCGTATGATAAGCT,17,4815608
ygeY_predicted,0.23076923076923078,30,25,GCAACACATTACAATGAATT,5,4815268
ygeY_predicted,0.46153846153846156,36,25,GAATGTGCATCCCGGTCCAG,11,4803862
ygeY_predicted,1.3846153846153846,60,25,CTTGTTCGGTAAAAAGACAT,35,4795951
ygeY_predicted,3.1538461538461537,106,25,CTGGCACCTGACGAGCCTAA,81,4810160
ygeY_predicted,0.9615384615384616,49,25,CTACTCCAGGGGCGCAACAG,24,4807617
ygeY_predicted,0.07692307692307693,26,25,CGGTGATAGGATGCCCGGTA,1,4798290
ygeY_predicted,1.5384615384615385,64,25,CGCAACGGGCGGTAACCCGA,39,4806166
ygeY_predicted,1.5,63,25,CCCAGTCTTTGCTTGGTAAC,38,4807040
ygeY_predicted,1.0384615384615385,51,25,CCAACGTCTTGTTCGAAAGT,26,4796024
ygeY_predicted,0.8461538461538461,46,25,CAATCACCCTGGCTCCAATG,21,4813373
ygeY_predicted,3.0,102,25,CAAGGGTCCGTTTGGTCAGT,77,4809636
ygeY_predicted,0.07692307692307693,26,25,CAAGGGGGCCAGCTCGTGTG,1,4799514
ygeY_predicted,0.34615384615384615,33,25,ATGTTCCTTGCAGGATTCTT,8,4803703
ygeY_predicted,0.07692307692307693,26,25,ATCTACCGTGCTTGTCTTTC,1,4806623
ygeY_predicted,1.3076923076923077,58,25,ATCCCTGCGTATGAACGGCC,33,4797929
ygeY_predicted,0.8461538461538461,46,25,ACTGTAGAAGTCGCACGGCC,21,4802555
ygeY_predicted,0.2692307692307692,31,25,ACAAGTGGCCCACCGTCAAC,6,4812455
ygeY_predicted,0.07692307692307693,26,25,AACCGGGCAACTATACGTTA,1,4806460
ygeY_predicted,0.24,29,24,TGTAGAGTTCCCACGATTCA,5,4799288
ygeY_predicted,0.32,31,24,TGGTCGCACCGGTTGTGGCG,7,4803774
ygeY_predicted,0.68,40,24,TGGGACGACTGGCGATCCTG,16,4800523
ygeY_predicted,0.8,43,24,TGATTAGACCATATGCTTTA,19,4806320
ygeY_predicted,0.08,25,24,TCGCGACACTGGTTGAAGAC,1,4813659
ygeY_predicted,3.2,103,24,TCATCTATCACATTATTCAG,79,4809535
ygeY_predicted,0.08,25,24,TAAGTCACTCCCGTCGCCTT,1,4799237
ygeY_predicted,0.24,29,24,GTTGAAAGTGAGTGGGGAAT,5,4813125
ygeY_predicted,0.32,31,24,GTACCATCCTATTAGGCCTA,7,4811354
ygeY_predicted,0.24,29,24,GGGCCGAAAAGCACGACGCA,5,4797690
ygeY_predicted,1.6,63,24,GGGAGCTAACGCGTTGTCCA,39,4795759
ygeY_predicted,0.08,25,24,GACGCCTGAATGGGAGACGT,1,4812261
ygeY_predicted,0.08,25,24,CTGGGATTGCTTCACTAGAC,1,4799017
ygeY_predicted,1.0,48,24,CTGCCTCGTCCATGATGGTG,24,4797495
ygeY_predicted,0.16,27,24,CGTTTCCATTTCGCCAGGGA,3,4812454
ygeY_predicted,0.68,40,24,CGTAGTTTGTACGGTAACCA,16,4795683
ygeY_predicted,0.4,33,24,CGGCAAGATGCCCAGAATTC,9,4810265
ygeY_predicted,0.52,36,24,CGAGGGAGTTGGAAGCTAGT,12,4796567
ygeY_predicted,0.6,38,24,CATTATCACGGCACAGTGCA,14,4805023
ygeY_predicted,0.88,45,24,ATTCAAATGGAGGGAGCCCG,21,4799880
ygeY_predicted,5.4,158,24,ATGTTATCAAAGCCTCCTAA,134,4801521
ygeY_predicted,0.08,25,24,ATGGTTCATTTCTCCTGGCC,1,4816766
ygeY_predicted,0.24,29,24,ATCCGTTTTATTTGCGCGAA,5,4807027
ygeY_predicted,1.72,66,24,AGGATATTTGCGATGGCGTT,42,4809254
ygeY_predicted,0.48,35,24,AGCAGGCTCGGAACCGTCCC,11,4796344
ygeY_predicted,0.52,36,24,ACTCGGGCCAGGTCGCTCAG,12,4813747
ygeY_predicted,0.4,33,24,ACCGCCTGGATAAAGGAACA,9,4804229
ygeY_predicted,0.56,37,24,ACCAAATTAGAGGGCCGCAG,13,4815253
ygeY_predicted,1.76,67,24,ACATAGGCGTATGTCGTCAT,43,4796205
ygeY_predicted,0.8,43,24,AACTCAGCGTCATCAAAGCA,19,4815129
ygeY_predicted,0.625,37,23,TTCTACTCGTCTGTTCCTTC,14,4805946
ygeY_predicted,0.4583333333333333,33,23,TCCGGCTGCACCAAAATGTA,10,4800922
ygeY_predicted,0.08333333333333333,24,23,TATAGGGTGCATGAGCGAAA,1,4814203
ygeY_predicted,1.5416666666666667,59,23,TAAGGCGGTCGATGATTCAC,36,4808245
ygeY_predicted,1.0416666666666667,47,23,TAACTGACTTCGCCTGACGT,24,4796130
ygeY_predicted,2.0,70,23,GTTTCCGTCCGATCCGGTAG,47,4800630
ygeY_predicted,1.1666666666666667,50,23,GTTGAGAAGTCCATCGCTGC,27,4810807
ygeY_predicted,0.75,40,23,GTTACGCACCCGCCACGAAG,17,4813119
ygeY_predicted,1.5833333333333333,60,23,GTGTCGGTGGAGTACGGTCA,37,4796685
ygeY_predicted,0.08333333333333333,24,23,GTCGGAGAATTCGGCGTCTT,1,4797477
ygeY_predicted,0.08333333333333333,24,23,GTAATGGTAAGCCACTTCGT,1,4813753
ygeY_predicted,0.16666666666666666,26,23,GGTCGTTGGAACTCCCTCAC,3,4795526
ygeY_predicted,0.4583333333333333,33,23,GCTATTCCGGTATATAAAGT,10,4802880
ygeY_predicted,0.25,28,23,GAGCGCGAGTGCAGTTATCG,5,4815662
ygeY_predicted,1.375,55,23,CTTCGTGGTGATAGTAATAA,32,4801348
ygeY_predicted,0.08333333333333333,24,23,CTTATAGTCTTCCAGATCAA,1,4812281
ygeY_predicted,0.75,40,23,CGCAGCAATATTAATGCAAA,17,4814574
ygeY_predicted,1.0416666666666667,47,23,CGAACGATGTTACCAGACTA,24,4805444
ygeY_predicted,0.9166666666666666,44,23,CCTGCCGCTTTATGTTTTTA,21,4816449
ygeY_predicted,0.75,40,23,CCGGATGGGCGCCATCTAGG,17,4813067
ygeY_predicted,2.1666666666666665,74,23,CCGCTGAATGCTCAGTTCAT,51,4807697
ygeY_predicted,2.125,73,23,CCAGCTATTTTCAAGGGATC,50,4804213
ygeY_predicted,0.75,40,23,ATGGATGTAGGACCGCCAAA,17,4801231
ygeY_predicted,0.625,37,23,ATCACGTTCCCGGAGCCCAA,14,4796865
ygeY_predicted,1.7083333333333333,63,23,ATCACAACGCGAACTTTGTA,40,4814669
ygeY_predicted,2.7916666666666665,89,23,AGTCTTCAGGTTGGCAGCGC,66,4796072
ygeY_predicted,1.7083333333333333,63,23,AGAGTGGACCTCGTCTATTA,40,4810764
ygeY_predicted,1.6666666666666667,62,23,ACTCGACGTATAAGACTAAT,39,4815411
ygeY_predicted,1.5,58,23,ACCTGCAAAGCCGGACCTTA,35,4796165
ygeY_predicted,0.4583333333333333,33,23,ACCCTTTACTCGTGCGCGAT,10,4801792
ygeY_predicted,2.375,79,23,ACATGATAGTATGAGTACCT,56,4813860
ygeY_predicted,1.3333333333333333,54,23,AACTCCTTTTCTTCGGCCTA,31,4799780
ygeY_predicted,0.08333333333333333,24,23,AAACAGTTCTGCAGCCAACG,1,4795446
ygeY_predicted,0.5652173913043478,34,22,TTAGCCTCGCAGTGCTAAAA,12,4798374
ygeY_predicted,1.7391304347826086,61,22,TGTTGTCAACGAGAAGGTGG,39,4813310
ygeY_predicted,1.0,44,22,TGTCACCGGCGGCACATGCG,22,4810501
ygeY_predicted,1.9130434782608696,65,22,TGATGGCGGTAGCAGCGCCC,43,4797493
ygeY_predicted,0.782608695652174,39,22,TCGGGCTTCTAAGTAGGGAG,17,4800240
ygeY_predicted,0.08695652173913043,23,22,TATTGGGTTCCCAACCAGCA,1,4803371
ygeY_predicted,0.21739130434782608,26,22,TACGATTAAAGGAAGACTCT,4,4810739
ygeY_predicted,0.08695652173913043,23,22,TAAAGCACTAAAAGATGTAC,1,4814109
ygeY_predicted,0.8260869565217391,40,22,GTGACTCGTCAATTCCGGGA,18,4794968
ygeY_predicted,0.6956521739130435,37,22,GTAATGTGTCTGGCTGATCT,15,4814128
ygeY_predicted,0.08695652173913043,23,22,GGTCACTGGGATACTTCTAA,1,4800392
ygeY_predicted,1.0869565217391304,46,22,GGGTAATCGGTCGGAGAAGT,24,4798292
ygeY_predicted,1.8695652173913044,64,22,GGCCCCTCCGGTGCCTAGCA,42,4808210
ygeY_predicted,0.4782608695652174,32,22,GGAACTGAAGCCTCCCCGGC,10,4797842
ygeY_predicted,1.2173913043478262,49,22,GCCAGATGCGATAGCTTATT,27,4807438
ygeY_predicted,0.8695652173913043,41,22,GATCTGTGTTCACTTTCGGA,19,4806188
ygeY_predicted,0.17391304347826086,25,22,CTCGTTTGACATTCCAGGGG,3,4803290
ygeY_predicted,0.13043478260869565,24,22,CTCGGCAAGGAGATCGCGAT,2,4798725
ygeY_predicted,4.260869565217392,119,22,CTATCTTTGTCATTGAACGT,97,4795717
ygeY_predicted,0.13043478260869565,24,22,CGGTGTTGCTACGATGACTA,2,4814350
ygeY_predicted,0.5652173913043478,34,22,CGGGGCGAACGCAATTCACC,12,4799879
ygeY_predicted,0.30434782608695654,28,22,CGCCTCGACGTGCGTTATAG,6,4799310
ygeY_predicted,0.21739130434782608,26,22,CCGTGACTTCTTACCACGCG,4,4812496
ygeY_predicted,0.08695652173913043,23,22,CATGAACGATGTTCTACGAA,1,4815347
ygeY_predicted,1.2608695652173914,50,22,CAACGCGAAGACGTAGTTCC,28,4812307
ygeY_predicted,0.6956521739130435,37,22,ATGCATCTGCGTCTCCGCTG,15,4801240
ygeY_predicted,0.2608695652173913,27,22,AGTCGTATTTATTCATTAAA,5,4802530
ygeY_predicted,2.1739130434782608,71,22,ACTATCCTTGTCATACAAAA,49,4803333
ygeY_predicted,0.34782608695652173,29,22,ACGTCAAACAGTGGCCGTGT,7,4801228
ygeY_predicted,0.9565217391304348,43,22,ACCCCTGTCTCCAGTAAGGT,21,4799392
ygeY_predicted,0.13043478260869565,24,22,AATGGCTTCCTGCGGTTACT,2,4797560
ygeY_predicted,0.21739130434782608,26,22,AAGGGTGGAAAGATCGGAAA,4,4801359
ygeY_predicted,1.3478260869565217,52,22,AAGCTCCACTGGAATCGTGA,30,4795222
ygeY_predicted,0.08695652173913043,23,22,AACTAGGGGCAGGTGTGCGG,1,4805127
ygeY_predicted,1.7272727272727273,58,21,TTTCGTCGGGCCGGTTTTTG,37,4814290
ygeY_predicted,0.09090909090909091,22,21,TTCGGTGCGTAAGTGGAGAT,1,4806781
ygeY_predicted,0.18181818181818182,24,21,TGGGTGGGGTGTATTATGGT,3,4803152
ygeY_predicted,0.18181818181818182,24,21,TGGCACGCTTGGGGGCAGAG,3,4810680
ygeY_predicted,2.0,64,21,TCGTTCAGGTATATGCTGTA,43,4801468
ygeY_predicted,0.6818181818181818,35,21,TCACATCCAACTTCGTCTAT,14,4808555
ygeY_predicted,0.09090909090909091,22,21,TATTCAGTTCAGACGTTGGG,1,4805029
ygeY_predicted,1.2727272727272727,48,21,TACTATACCCTTCGCGTCCT,27,4805025
ygeY_predicted,0.36363636363636365,28,21,TACCTCGATTCACTTGCTCG,7,4812459
ygeY_predicted,0.13636363636363635,23,21,TAATACTGGTTAAGCCCAAA,2,4813728
ygeY_predicted,0.18181818181818182,24,21,GTTGGGGGGCAAGTGACGGA,3,4808887
ygeY_predicted,1.0909090909090908,44,21,GTTCCAGTTGCTCAGTCGTA,23,4808800
ygeY_predicted,0.5,31,21,GTCTTGGGTTACAAGCGGGT,10,4805317
ygeY_predicted,0.18181818181818182,24,21,GTCTCATCCGACTCTGATTT,3,4796230
ygeY_predicted,0.5454545454545454,32,21,GTATATCCTTGACTTGACAC,11,4806408
ygeY_predicted,1.2272727272727273,47,21,GGGTCTCGCTCTCGCAAAGA,26,4815697
ygeY_predicted,1.1818181818181819,46,21,GCCAGCAAACAGGCAGTGTC,25,4804308
ygeY_predicted,1.0,42,21,GAGGCCTCCATAGGACGGTT,21,4812746
ygeY_predicted,1.9090909090909092,62,21,GACATTCGCTTGCTACCCGA,41,4811568
ygeY_predicted,0.45454545454545453,30,21,GACACGCGGGTGATCATGTT,9,4801009
ygeY_predicted,0.3181818181818182,27,21,GAACTGGGTACGGACGCTCC,6,4797300
ygeY_predicted,0.18181818181818182,24,21,CTCTGCCTAATTGGAGTGTT,3,4796615
ygeY_predicted,0.09090909090909091,22,21,CTCGTAATGCCGTAGGATCT,1,4806116
ygeY_predicted,2.6818181818181817,79,21,CGGCGCTTGAATGTCAGGAA,58,4809449
ygeY_predicted,1.3181818181818181,49,21,CGAGGGTTAACTAACTTTCG,28,4803363
ygeY_predicted,0.09090909090909091,22,21,CCAACCCCCTTCTGTACGTA,1,4803614
ygeY_predicted,0.4090909090909091,29,21,CATAGCGTCAACCCTTGCAA,8,4796046
ygeY_predicted,0.8181818181818182,38,21,CACAGGGTGGTTGGCACTGT,17,4806811
ygeY_predicted,0.22727272727272727,25,21,CAACGGATTAAAGCGGCCAT,4,4810921
ygeY_predicted,0.6363636363636364,34,21,ATGCGAAGAATTAAGAACGA,13,4803856
ygeY_predicted,3.9545454545454546,107,21,ATACAACCCATCGGATGTGA,86,4810989
ygeY_predicted,0.36363636363636365,28,21,AGTTCGGCTCAACGTCGGGA,7,4803189
ygeY_predicted,0.09090909090909091,22,21,AGCGGACGCCGTGCGTTATA,1,4803857
ygeY_predicted,2.8181818181818183,82,21,AGCAATATGGTTCGTAATTG,61,4797626
ygeY_predicted,2.0,64,21,ACTTATACCTCTCCAAGGTT,43,4815290
ygeY_predicted,0.09090909090909091,22,21,ACCCTTTACCTAAAATCATG,1,4816396
ygeY_predicted,2.090909090909091,66,21,AATTGTTCGCTACCACAGAG,45,4810930
ygeY_predicted,0.9090909090909091,40,21,AATTCTGCGTACCCTTGCGA,19,4799798
ygeY_predicted,1.3181818181818181,49,21,AATTCGGAGGTTATGCGAGT,28,4798886
ygeY_predicted,0.9545454545454546,41,21,AATGCAAAATACCTCTACAT,20,4795473
ygeY_predicted,0.45454545454545453,30,21,AACCGGTCCTGGGGGTTGAT,9,4802177
ygeY_predicted,0.23809523809523808,24,20,TTGTGAGTCCTCCATGCCAT,4,4808786
ygeY_predicted,0.19047619047619047,23,20,TTGCCATACCAGAAATAAGT,3,4802280
ygeY_predicted,0.09523809523809523,21,20,TGTTGCCCGAACGCAGGCCC,1,4799814
ygeY_predicted,0.5714285714285714,31,20,TGTAACGCTGGTTAATAAAT,11,4807416
ygeY_predicted,0.09523809523809523,21,20,TGGCACATTCCGCTCGGCAG,1,4802529
ygeY_predicted,2.1904761904761907,65,20,TCCGGCCCTTTCCACCTTCC,45,4800927
ygeY_predicted,0.42857142857142855,28,20,TAGAGCTCTGAGTTAGGTCA,8,4797795
ygeY_predicted,0.09523809523809523,21,20,TAATATGTGCGCGCACAGCT,1,4812551
ygeY_predicted,1.7142857142857142,55,20,GTCCGTCGTACCCGTATAAC,35,4800440
ygeY_predicted,0.2857142857142857,25,20,GTAGCCGGGCTTTCATAGTC,5,4806574
ygeY_predicted,1.5238095238095237,51,20,GCGGCCATCGGAATCCCTCA,31,4799917
ygeY_predicted,1.6666666666666667,54,20,GCAAGCAGCGAAGCCCGTAC,34,4807136
ygeY_predicted,1.2857142857142858,46,20,GATATTTCAACGAGTGACGT,26,4799201
ygeY_predicted,0.38095238095238093,27,20,GACGCTTGGAGCCTCTTGAA,7,4816710
ygeY_predicted,0.23809523809523808,24,20,CTGTGCGTCGTCAGGATCGG,4,4802879
ygeY_predicted,0.6190476190476191,32,20,CTGGCCCACCGATAGTGTCA,12,4803957
ygeY_predicted,2.0,61,20,CTCTGGCCTTGCTCGACTGC,41,4799169
ygeY_predicted,1.7619047619047619,56,20,CTCAACTCGTCCATATGAAC,36,4796151
ygeY_predicted,0.38095238095238093,27,20,CTAGGTCTTATTAAGTTGTG,7,4797919
ygeY_predicted,0.6666666666666666,33,20,CTACCCTAGACCCTGATACT,13,4809015
ygeY_predicted,0.09523809523809523,21,20,CCGTGCAGGATACCGCCAGG,1,4795146
ygeY_predicted,0.09523809523809523,21,20,CCACACGCCGTGATTGAACG,1,4805762
ygeY_predicted,0.09523809523809523,21,20,CATTCAGGGGTCAGGCTGAT,1,4808050
ygeY_predicted,0.09523809523809523,21,20,CACATATCCTCCGACCGTTC,1,4798793
ygeY_predicted,1.6666666666666667,54,20,CACAGGCAGTGAAGTAAATT,34,4809267
ygeY_predicted,0.8095238095238095,36,20,ACTATCGGATATTAGTCTTA,16,4802761
ygeY_predicted,0.09523809523809523,21,20,AATCATGAAGTACTACTGAT,1,4806760
ygeY_predicted,2.238095238095238,66,20,AAGAATTGACGCCGCTCGCC,46,4798353
ygeY_predicted,0.09523809523809523,21,20,AAACTGTTGACATAGCATAA,1,4795490
ygeY_predicted,0.3,24,19,TTTGTCGGGGTAAGGGTATG,5,4806073
ygeY_predicted,1.1,40,19,TTGCGTATCGTACCCTGTAC,21,4812065
ygeY_predicted,0.3,24,19,TGTGACGGTGTAACTAGTAA,5,4799975
ygeY_predicted,3.05,79,19,TGTCGCCACCTCACTAAATT,60,4799177
ygeY_predicted,0.1,20,19,TGGGGATAGACCTCTTCTCA,1,4794923
ygeY_predicted,0.25,23,19,TGGAAGCAGCCCCGGTACCG,4,4812730
ygeY_predicted,3.7,92,19,TGACCGCAATTATGATTGCA,73,4811497
ygeY_predicted,3.9,96,19,TCGTATCACCGACGTAAACA,77,4795719
ygeY_predicted,0.45,27,19,TAGGTATATCAACAATGCTG,8,4816585
ygeY_predicted,0.8,34,19,TAGAGGCGTTGGATCCTTGG,15,4800036
ygeY_predicted,0.65,31,19,TACGTATACCTCGCCCTTCG,12,4804569
ygeY_predicted,0.15,21,19,TACCCTACGGAACCCTAGTC,2,4814717
ygeY_predicted,0.3,24,19,GTATTGATCGGATTGCGTGC,5,4807549
ygeY_predicted,0.1,20,19,GGTGGCAGGAATCAAGACGG,1,4801924
ygeY_predicted,0.1,20,19,GGTGCTTCATGCACACAGGC,1,4811912
ygeY_predicted,0.55,29,19,GGGGTCGGCTTTCTAAAGAA,10,4801237
ygeY_predicted,0.1,20,19,GGGCCTTCTACCTCGGAGGT,1,4795940
ygeY_predicted,5.7,132,19,GCTATAAGGATCGTGAGAGG,113,4806352
ygeY_predicted,1.25,43,19,GCGTTCTGGGTTGTGACAAC,24,4796240
ygeY_predicted,1.15,41,19,GCCACTCCATAGAACTTTCT,22,4807817
ygeY_predicted,0.15,21,19,GAGGGGCATCGTGGGGGAAT,2,4801267
ygeY_predicted,1.65,51,19,GAATTAGCCACCCGGCAGGA,32,4795464
ygeY_predicted,0.1,20,19,GAACCGGACGTCACCCACAG,1,4811094
ygeY_predicted,0.1,20,19,CTTTGGCGGTCTGATTGATA,1,4798005
ygeY_predicted,0.1,20,19,CTGGAGTCGCCCTCACTGTA,1,4805376
ygeY_predicted,0.25,23,19,CTCAGATGCAAGCGGTGCAG,4,4798375
ygeY_predicted,4.55,109,19,CTATATGTACCCTTAACGGG,90,4803195
ygeY_predicted,1.95,57,19,CTACTCACAGGTTCGAGTGA,38,4795223
ygeY_predicted,2.55,69,19,CGTCTTAGGATTCGATGCTT,50,4810934
ygeY_predicted,0.3,24,19,CGGTTAAGGCACTTCGTGAA,5,4807880
ygeY_predicted,2.2,62,19,CGATCGCTCAAAACATGTCG,43,4808750
ygeY_predicted,1.75,53,19,CGATCCCGCGATCCGTTCTC,34,4801845
ygeY_predicted,1.0,38,19,CGAGGTGGAGCATTTGAGCA,19,4800415
ygeY_predicted,0.1,20,19,CGAGCCATGAGCATCCACGG,1,4804855
ygeY_predicted,0.1,20,19,CGACAATACCCCTGCCAAGT,1,4804788
ygeY_predicted,0.35,25,19,CCCTTCTTATCATGACGCCA,6,4803670
ygeY_predicted,0.3,24,19,CCCCGAGTACCTAGAAAGGT,5,4809417
ygeY_predicted,3.45,87,19,CCACGCACGCTTCGGATACA,68,4796428
ygeY_predicted,0.1,20,19,CAAGACGGAACAAGTATAGT,1,4799752
ygeY_predicted,0.15,21,19,ATTATTTTTTATCGGTATTC,2,4809102
ygeY_predicted,0.1,20,19,ATGTATGATAAAAAGAAAAA,1,4809143
ygeY_predicted,2.45,67,19,ATCCCACGTTCCCCATACAT,48,4802570
ygeY_predicted,0.3,24,19,AGTCGGGGAGTCCTCGGGCA,5,4801400
ygeY_predicted,2.85,75,19,ACCACGAATCTCGAGCGCTT,56,4810661
ygeY_predicted,0.1,20,19,ACATGCGGCAGTTCGGGTAG,1,4796050
ygeY_predicted,0.1,20,19,ACAGCATGTTTGCTTAGGTC,1,4801428
ygeY_predicted,0.25,23,19,AACCATGCAGGATAACCAAG,4,4797172
ygeY_predicted,0.5789473684210527,28,18,TTCAGGGAGTCTGGCCAAGT,10,4809010
ygeY_predicted,0.10526315789473684,19,18,TTATATCTGTGTTTAGGTCT,1,4804905
ygeY_predicted,0.10526315789473684,19,18,TGGAGGGCACATAACTACTG,1,4809189
ygeY_predicted,2.1052631578947367,57,18,TGGACGATGGTGACCGCACG,39,4799327
ygeY_predicted,0.7894736842105263,32,18,TCTACCAGTGCCTCCTTTAC,14,4814636
ygeY_predicted,1.2105263157894737,40,18,TCGTTGTCGCATTTGGCTCA,22,4806761
ygeY_predicted,2.736842105263158,69,18,TCCAATTCTGCGGATCTCCG,51,4796471
ygeY_predicted,1.736842105263158,50,18,TCACCCAGGGGTCGTCTCTT,32,4800869
ygeY_predicted,1.894736842105263,53,18,TAGAGTTTGCAGCAAACTTC,35,4798228
ygeY_predicted,0.10526315789473684,19,18,TACCTAGAGACTTTTTTATT,1,4801151
ygeY_predicted,0.10526315789473684,19,18,TACCATAACTGGCCCGATCG,1,4796044
ygeY_predicted,1.0526315789473684,37,18,TAAGAGCGAAGTATAGTGGT,19,4804535
ygeY_predicted,1.105263157894737,38,18,GTTGCTGTCGGTGGAGTCCA,20,4806105
ygeY_predicted,0.21052631578947367,21,18,GTGCTTCGTTTTCCTTTCTC,3,4809229
ygeY_predicted,0.21052631578947367,21,18,GTGCTTCGAGTCTCCCGAAA,3,4797046
ygeY_predicted,0.7368421052631579,31,18,GTGACCAGTATCAGTGGTGT,13,4796832
ygeY_predicted,1.105263157894737,38,18,GTCTAGGATATACCGTGCTT,20,4804340
ygeY_predicted,0.21052631578947367,21,18,GTCCGCTACACCGACTGAGG,3,4813115
ygeY_predicted,1.9473684210526316,54,18,GTCCCACCGGACAAATACGG,36,4795509
ygeY_predicted,0.2631578947368421,22,18,GGTTCCCTAATAATGAGTAC,4,4807310
ygeY_predicted,2.473684210526316,64,18,GGTAGAACGGTCCATTCAGA,46,4804423
ygeY_predicted,3.736842105263158,88,18,GGGGAGGTGTTTCAATTCGA,70,4815501
ygeY_predicted,0.21052631578947367,21,18,GGCTCGCAGACGAAAGGGCA,3,4803251
ygeY_predicted,2.526315789473684,65,18,GCGTTGTGGCTCAGCTGTGC,47,4814453
ygeY_predicted,0.42105263157894735,25,18,GAGGTCCACCCGACCATAGG,7,4809710
ygeY_predicted,0.631578947368421,29,18,GAGGACCCAATCGTTCAGTT,11,4799178
ygeY_predicted,0.8947368421052632,34,18,GACTTGTTATCATGGACCTC,16,4804817
ygeY_predicted,1.7894736842105263,51,18,GACGAGAGACGGTCCGCATA,33,4809379
ygeY_predicted,3.263157894736842,79,18,GACCGGGTCCGAAGCCAGTG,61,4801451
ygeY_predicted,2.789473684210526,70,18,CTTAACACCCAGTGTGGGAA,52,4803757
ygeY_predicted,0.42105263157894735,25,18,CTAAGTGGCTCCGCGGTATA,7,4802141
ygeY_predicted,0.10526315789473684,19,18,CCTGAGCTCGAATAGGGAAA,1,4809617
ygeY_predicted,0.631578947368421,29,18,CCGTATCTACTCAGCTCCCA,11,4807919
ygeY_predicted,3.0526315789473686,75,18,CCACAATTCCCTCGGTGCAA,57,4801098
ygeY_predicted,0.15789473684210525,20,18,CATTTGACTACAAGCGTATG,2,4810885
ygeY_predicted,0.15789473684210525,20,18,CACTGGGGATCGCCGAGATC,2,4799215
ygeY_predicted,2.8947368421052633,72,18,CAACCGCTATCACACGCGTT,54,4795153
ygeY_predicted,1.368421052631579,43,18,AGTCGATTACGAAGATGAGC,25,4796799
ygeY_predicted,0.10526315789473684,19,18,AGGTTAGGTAGCGCTTACGT,1,4800542
ygeY_predicted,1.631578947368421,48,18,AGGCAACACAGCGGCCGGAA,30,4796956
ygeY_predicted,0.10526315789473684,19,18,AGATGTAGCGATTAAGGTGT,1,4797388
ygeY_predicted,0.10526315789473684,19,18,AATTATGACGTCCGGTTAAA,1,4798046
ygeY_predicted,0.10526315789473684,19,18,AACTGATTGCTCTGGCTTAT,1,4802760
ygeY_predicted,1.8421052631578947,52,18,AAATATGTCAGCAACGCATA,34,4803192
ygeY_predicted,3.263157894736842,79,18,AAAGCACCTACAACCTGGAA,61,4799816
ygeY_predicted,0.7777777777777778,30,17,TTTACCACACAATTGAGTTG,13,4816290
ygeY_predicted,0.1111111111111111,18,17,TTCACGCGTTGCCATTTCTT,1,4795508
ygeY_predicted,1.1111111111111112,36,17,TGTCTAAGGGTACTTTACAT,19,4805565
ygeY_predicted,0.16666666666666666,19,17,TGATCGCCTAGTTTCAAGAA,2,4810322
ygeY_predicted,0.2222222222222222,20,17,TCCTGAAGGCAGCTCAGGGA,3,4806418
ygeY_predicted,1.1666666666666667,37,17,TCCGGGGGAGTTCCGTTTGT,20,4795656
ygeY_predicted,0.2222222222222222,20,17,TATGCTAGCTTGCCACGGCT,3,4798050
ygeY_predicted,0.1111111111111111,18,17,GTTTGAGATACCTTCTTTAG,1,4795718
ygeY_predicted,0.1111111111111111,18,17,GGTTTAATTCGCAAGAGTTA,1,4795042
ygeY_predicted,2.0555555555555554,53,17,GGGGGGAGGCTGAAAGGAGC,36,4806685
ygeY_predicted,1.0,34,17,GGCCTCAAAAACGCTATAGT,17,4816817
ygeY_predicted,0.7222222222222222,29,17,GGAGTGGCTAGGGAAAAACA,12,4795608
ygeY_predicted,0.2222222222222222,20,17,GCACGCGAGCCACCGGTCTC,3,4804506
ygeY_predicted,0.2777777777777778,21,17,GACGGGTAATACTCAAGGCC,4,4805621
ygeY_predicted,0.2222222222222222,20,17,GACAGTAAGCCAAGGGCGGT,3,4807720
ygeY_predicted,0.3888888888888889,23,17,CTTTACCTAGGTTTGCGCCA,6,4807187
ygeY_predicted,0.1111111111111111,18,17,CGTTATGTTCTCATAAGCCT,1,4799033
ygeY_predicted,0.3333333333333333,22,17,CGTCCTATTCCAGACCCCCA,5,4800682
ygeY_predicted,0.1111111111111111,18,17,CGTATTCTTCCATAGCTCAT,1,4808738
ygeY_predicted,0.3333333333333333,22,17,CGAATCAGTCAACGCGTACC,5,4795923
ygeY_predicted,0.5,25,17,CCTCTTGCTTTGATATTTCC,8,4798400
ygeY_predicted,2.0555555555555554,53,17,CCACGGTAACAATCCTCCAT,36,4800090
ygeY_predicted,0.6111111111111112,27,17,CATTAACCTCCCAACTCAAT,10,4810302
ygeY_predicted,0.5,25,17,CATGTCGCGTCGCGATGCTA,8,4797532
ygeY_predicted,0.1111111111111111,18,17,ATGTAACGTGTTTTTAGCAT,1,4810326
ygeY_predicted,0.1111111111111111,18,17,ATGCGGCGCCCCACTGTTAT,1,4806721
ygeY_predicted,2.2222222222222223,56,17,ATCGCCGCTAACGGTTCGTA,39,4800882
ygeY_predicted,0.6111111111111112,27,17,AGGTCATTCCGCAAGGCCCC,10,4796784
ygeY_predicted,0.1111111111111111,18,17,AGGGGTCGCTGTCAAAAGCT,1,4804782
ygeY_predicted,2.0,52,17,AGCGGTCGTAACGCACGGGT,35,4798615
ygeY_predicted,0.16666666666666666,19,17,AGCAATCCCATGCTATCCAG,2,4813920
ygeY_predicted,0.2222222222222222,20,17,ACTAGATCGAAATACCGCAA,3,4796809
ygeY_predicted,0.6666666666666666,28,17,ACCTGTCCAGGCCCGTGAAC,11,4809908
ygeY_predicted,2.2222222222222223,56,17,AAATTGGCTCGAGTGGCATT,39,4805687
ygeY_predicted,0.2777777777777778,21,17,AAACTGCCTGCCAGGGGAAA,4,4814939
ygeY_predicted,0.8235294117647058,29,16,TTGCCTCGCATTGTTACGGT,13,4794922
ygeY_predicted,0.11764705882352941,17,16,TGATAGAGCGAAGGCTACAA,1,4800360
ygeY_predicted,2.1176470588235294,51,16,TGACTCGCGACGCCGCCGGG,35,4799402
ygeY_predicted,2.588235294117647,59,16,TCGACCCTAGTTCCCACAAG,43,4801452
ygeY_predicted,0.4117647058823529,22,16,TATTCCTTTCAAAAATGGCA,6,4800357
ygeY_predicted,1.5294117647058822,41,16,TAGGGAGCGCAATTATCTCA,25,4806524
ygeY_predicted,0.4117647058823529,22,16,TAGCTACCACATCCTCATCC,6,4806505
ygeY_predicted,0.23529411764705882,19,16,TAATAGGTCTATCACTACTT,3,4802102
ygeY_predicted,1.7058823529411764,44,16,TAAAGAAAAGGTATGGAAAT,28,4808472
ygeY_predicted,0.11764705882352941,17,16,GTTGTTTGCGGTAGTAGCGC,1,4797943
ygeY_predicted,1.7647058823529411,45,16,GTTACGGAAATTCCTCATTA,29,4810599
ygeY_predicted,2.764705882352941,62,16,GTGTCTATAGCTGCATTCAT,46,4803007
ygeY_predicted,0.5882352941176471,25,16,GTCCAATCCCCGGACGTGGT,9,4813021
ygeY_predicted,0.23529411764705882,19,16,GGTTGAAATTCCGTCTTTCA,3,4811849
ygeY_predicted,1.1176470588235294,34,16,GGTATATTTGGCCCGTCACT,18,4801051
ygeY_predicted,0.47058823529411764,23,16,GGGTGATTGTGTCTTCCGGT,7,4799611
ygeY_predicted,0.6470588235294118,26,16,GGGGGGGAATCGGGACGCTT,10,4802537
ygeY_predicted,2.411764705882353,56,16,GGGCGCACTGATCGTAGTGA,40,4799040
ygeY_predicted,1.3529411764705883,38,16,GGGAGAGAACGCTCCCGTAC,22,4804031
ygeY_predicted,0.11764705882352941,17,16,GCCCACTTTTTCGAGCTCGT,1,4812339
ygeY_predicted,1.6470588235294117,43,16,GCCATGTACGATGGTGACGT,27,4806748
ygeY_predicted,0.23529411764705882,19,16,GCCACAAAAACTCTACGACA,3,4811501
ygeY_predicted,1.0,32,16,GCACCCTGCGATGAAACTAA,16,4798637
ygeY_predicted,5.764705882352941,113,16,GATGTGTCAGACCTGTTGGT,97,4808720
ygeY_predicted,1.1764705882352942,35,16,GAGTGACCCGACCCCTCAAT,19,4804552
ygeY_predicted,0.11764705882352941,17,16,CTTTGCAATCAGACGTGGCC,1,4801638
ygeY_predicted,0.8235294117647058,29,16,CTTGACACCATTCGGTTCCT,13,4813179
ygeY_predicted,0.7058823529411765,27,16,CTGGTGGTCGGGGACCGCAA,11,4795305
ygeY_predicted,3.411764705882353,73,16,CTGCTTTTTACGGAGCGGCA,57,4805483
ygeY_predicted,0.9411764705882353,31,16,CGTGCTCAGGCCTCCTGTGT,15,4813236
ygeY_predicted,2.5294117647058822,58,16,CGTATTACGCATCGCTGAAA,42,4805382
ygeY_predicted,0.11764705882352941,17,16,CGTATGACTAGCAGGTCGAG,1,4805421
ygeY_predicted,2.411764705882353,56,16,CCTTGTGTGGTGGCATAATG,40,4813509
ygeY_predicted,0.5294117647058824,24,16,CCCTCCGAAACAGGCTCTGA,8,4813857
ygeY_predicted,1.7058823529411764,44,16,CAGGGCATTTGCACATCTAT,28,4801361
ygeY_predicted,1.3529411764705883,38,16,CAAGAGACGTCCCGCGCTCA,22,4814678
ygeY_predicted,0.5882352941176471,25,16,ATTACCCGGCCACCGTGTCA,9,4804888
ygeY_predicted,1.0588235294117647,33,16,ATGGAACCTGCACTTAGAAC,17,4799597
ygeY_predicted,0.11764705882352941,17,16,ATGCGGAATCATCACCGAGG,1,4813076
ygeY_predicted,0.17647058823529413,18,16,ATCTATTTTATGTGACAACG,2,4812960
ygeY_predicted,0.7647058823529411,28,16,ATCGAATGCGGCCCGGTTCG,12,4800580
ygeY_predicted,3.0,66,16,AGTGAGTCGGACTTAGTGGA,50,4796559
ygeY_predicted,0.11764705882352941,17,16,AGTCGAGCTGCATATAACTC,1,4795911
ygeY_predicted,3.176470588235294,69,16,AGGAGCGGAATGCAGACCAA,53,4795279
ygeY_predicted,0.5882352941176471,25,16,AGCCGGAGTACAGGATTCCA,9,4804044
ygeY_predicted,0.11764705882352941,17,16,ACAAAATCTGCCCGAAGGCC,1,4802621
ygeY_predicted,2.0,49,16,AAGCCAAAGGCCCCCGCTCT,33,4812503
ygeY_predicted,0.23529411764705882,19,16,AAGAATCGGTCATGATGATG,3,4806553
ygeY_predicted,0.9411764705882353,31,16,AACGTTGGCATAGGTTATCA,15,4814285
ygeY_predicted,2.0588235294117645,50,16,AACCGTACTATGGTCTTCTT,34,4796135
ygeY_predicted,0.5882352941176471,25,16,AACATGCAATAGCCCCCGTA,9,4806632
ygeY_predicted,3.2941176470588234,71,16,AACATAGTGGCGCTCCGTAC,55,4799947
ygeY_predicted,0.1875,17,15,TTTCGGGTCTGATAGGTATA,2,4809215
ygeY_predicted,0.125,16,15,TTCGATAGGATCGGCACCCT,1,4800612
ygeY_predicted,0.4375,21,15,TTCCCGGCATCCTGCAAGTG,6,4813520
ygeY_predicted,1.75,42,15,TGTCTTAGGGTACGTTTGGT,27,4816426
ygeY_predicted,1.75,42,15,TGTCCCGCTAGCAGGAGATG,27,4807283
ygeY_predicted,1.4375,37,15,TGGTTCCTGAGTTAAGTAGA,22,4802569
ygeY_predicted,0.8125,27,15,TGCGTGCTGCCGTTTCATTG,12,4804171
ygeY_predicted,0.125,16,15,TGAGGCTGGTTCGATGTGCA,1,4804048
ygeY_predicted,1.3125,35,15,TCCGCGGTAATTTCTTCCGA,20,4797237
ygeY_predicted,0.4375,21,15,TATTTTGCATCAAAACGTCT,6,4801691
ygeY_predicted,0.75,26,15,TATCTGAGGGAGGAATCGTT,11,4802038
ygeY_predicted,4.1875,81,15,TACTAATAGCGAACACTAAA,66,4799720
ygeY_predicted,3.1875,65,15,TACCGTGGCTATTCTCGGTT,50,4811049
ygeY_predicted,0.625,24,15,TACAATTGTCCGTTAGTTCA,9,4800700
ygeY_predicted,0.125,16,15,TAAGTTCAAACAAGTTTGTA,1,4802363
ygeY_predicted,0.125,16,15,GTAGGATGCCGGGCTTGGGC,1,4808474
ygeY_predicted,0.125,16,15,GGTTTGGCATCTATATGGGT,1,4801692
ygeY_predicted,1.25,34,15,GGTGGATGGGCACTGTACTA,19,4802520
ygeY_predicted,1.375,36,15,GGCATCTATACTTTTGCATT,21,4797827
ygeY_predicted,2.5,54,15,GCGCTGCTTCAACAGTAATT,39,4804835
ygeY_predicted,3.125,64,15,GCAATGAGAGATGCGAAGTT,49,4806879
ygeY_predicted,0.1875,17,15,GATCGGGGGGTACAAATTAA,2,4797498
ygeY_predicted,0.125,16,15,GATAGAATGGGTCTAATCGA,1,4799299
ygeY_predicted,0.125,16,15,GAGGTCTTTGGCGTTCCGCA,1,4798485
ygeY_predicted,0.25,18,15,CTTATCCTATTATTAAGCAA,3,4796690
ygeY_predicted,1.125,32,15,CTATTTGGGTCGCTCAGAAG,17,4814352
ygeY_predicted,1.25,34,15,CTACGACTGACTATATCCGG,19,4796074
ygeY_predicted,0.125,16,15,CGCTGTGCTTTTGAACCTAT,1,4808791
ygeY_predicted,0.125,16,15,CGACCGCCTAAAGTCAGTGG,1,4800153
ygeY_predicted,0.9375,29,15,CCGGGTTTTCTTCCGGCGCG,14,4798739
ygeY_predicted,1.875,44,15,CCGGATTGCCGACCTCACCA,29,4803188
ygeY_predicted,0.5,22,15,CAGTGCAACGCCTTGAAAGT,7,4807282
ygeY_predicted,0.875,28,15,CAGGGCTTTATTCAAAGGGA,13,4810205
ygeY_predicted,2.5,54,15,CACTCCGTTGCGGGACCTAA,39,4816816
ygeY_predicted,3.4375,69,15,CACGGGACGCGTATGGGTCT,54,4802812
ygeY_predicted,2.125,48,15,CACCAGAAATACTCCCCGCA,33,4799704
ygeY_predicted,0.1875,17,15,CAACCACGCGTACACTGCGC,2,4807780
ygeY_predicted,2.875,60,15,ATTATAACTTTCCTCGCCCC,45,4809419
ygeY_predicted,3.5,70,15,ATGTATGATTTCGGGATAAA,55,4800561
ygeY_predicted,4.0625,79,15,ATCGATTAGATTAGTCACTC,64,4814942
ygeY_predicted,0.8125,27,15,ATCCTGAAACACCTAGCCCT,12,4800758
ygeY_predicted,0.3125,19,15,ATACGCGGCGCCACGGAAGA,4,4811507
ygeY_predicted,0.25,18,15,AGGTAGTGTTACTGTACCAT,3,4799901
ygeY_predicted,3.6875,73,15,AGGGTGGTGATCTCTAGGAC,58,4808244
ygeY_predicted,0.25,18,15,AGGCATAGATCGTGTCTTGA,3,4808457
ygeY_predicted,2.5625,55,15,AGATCCAGAGAAATCACTCA,40,4815933
ygeY_predicted,0.9375,29,15,AGATCAATACTCTGTAGGGC,14,4797476
ygeY_predicted,3.3125,67,15,ACTTTCCAACCTCACAGACA,52,4804695
ygeY_predicted,0.25,18,15,ACTACAGGCGCCGGACAGCG,3,4811706
ygeY_predicted,1.375,36,15,ACCTATGTCGCCTCCGTGCA,21,4803518
ygeY_predicted,0.6875,25,15,ACATCCGAAGTATAACGACT,10,4796996
ygeY_predicted,1.6875,41,15,ACAGGCACAATGAGTAGGCT,26,4803209
ygeY_predicted,2.0,46,15,AAGGACATCCTTCCTTAACC,31,4798481
ygeY_predicted,0.5625,23,15,AACGAAGCTGTGTCTTGAGC,8,4812931
ygeY_predicted,0.26666666666666666,17,14,TTGCGGAGAAGCTTACGTCG,3,4807684
ygeY_predicted,0.13333333333333333,15,14,TTGCCAAACAGGGATATCTA,1,4805856
ygeY_predicted,0.8666666666666667,26,14,TTATACTCAACAAGCGTTGA,12,4801416
ygeY_predicted,0.3333333333333333,18,14,TTACCAGTTTCTGCATACCC,4,4798609
ygeY_predicted,1.5333333333333334,36,14,TGTCGGTGCTCTTTGCTGGC,22,4804248
ygeY_predicted,2.533333333333333,51,14,TGCTGACTGCAGAACAAAAC,37,4800764
ygeY_predicted,1.2,31,14,TCTCCTGTGTCCACAGCGTC,17,4797257
ygeY_predicted,0.13333333333333333,15,14,TCGGAGATCCCGGTCCTGGT,1,4807753
ygeY_predicted,1.6666666666666667,38,14,TCGACGTTGGGGTTTTTCGT,24,4795561
ygeY_predicted,1.6666666666666667,38,14,TCCCACCTGGTTGAAACATA,24,4794948
ygeY_predicted,2.2666666666666666,47,14,TCATGCATCCAAAGGCGCAA,33,4799666
ygeY_predicted,2.933333333333333,57,14,TATATAGACCCCTGTATCCC,43,4811154
ygeY_predicted,0.8666666666666667,26,14,GTGGGGGGCGGGCTGGTCGG,12,4798435
ygeY_predicted,2.2666666666666666,47,14,GTCGGCCGGGGAAGGACAAC,33,4796470
ygeY_predicted,0.13333333333333333,15,14,GTAAGGCTATTAACACACGA,1,4811542
ygeY_predicted,0.4,19,14,GGTTCTTCGTATATTCACAG,5,4811498
ygeY_predicted,0.13333333333333333,15,14,GGTACGTCAGCTGTTGTAGT,1,4800165
ygeY_predicted,0.4666666666666667,20,14,GGCCCTCGGTGGAATTGGGT,6,4805884
ygeY_predicted,2.4,49,14,GGCCCGATGCGTAAAACGTC,35,4813825
ygeY_predicted,2.3333333333333335,48,14,GGCCATGTCGAAGGTGACTG,34,4795113
ygeY_predicted,2.6,52,14,GGCAATCGGGACACAGACGT,38,4803677
ygeY_predicted,1.4,34,14,GGAACTCATCGCGAGTGCTT,20,4802918
ygeY_predicted,2.066666666666667,44,14,GCTCTAGGCGCGTAAATGGT,30,4798463
ygeY_predicted,2.3333333333333335,48,14,GCACGACATTGTGTTTAACG,34,4798741
ygeY_predicted,0.9333333333333333,27,14,GAAGAGTGCATCAAGTATGT,13,4807174
ygeY_predicted,1.4666666666666666,35,14,GAACGATGTACTCCCCACAG,21,4797120
ygeY_predicted,2.8,55,14,CTTCTTGCTAGCAATGCCCC,41,4812927
ygeY_predicted,3.8666666666666667,71,14,CTGTGCTTAACCATCGGGTT,57,4796242
ygeY_predicted,0.8,25,14,CTCCTAACTCTTGAGTCCTC,11,4809418
ygeY_predicted,1.0666666666666667,29,14,CTCCGTCTGCCGAATTTTCA,15,4811867
ygeY_predicted,2.4,49,14,CTAGAGTGGGCGAGCGATTA,35,4804211
ygeY_predicted,2.2,46,14,CTACGAACTATCAAACGTGA,32,4812880
ygeY_predicted,0.4,19,14,CTACACCTGTTATAGGACTA,5,4797318
ygeY_predicted,0.13333333333333333,15,14,CGTCTAATAACGTTGCTATG,1,4815294
ygeY_predicted,0.6666666666666666,23,14,CGGGTTTTTGAATTCAAATT,9,4795796
ygeY_predicted,0.13333333333333333,15,14,CGGATATTGGGAGGAGCTGA,1,4809539
ygeY_predicted,0.26666666666666666,17,14,CGCGCTCTACATTTAGGGGG,3,4800662
ygeY_predicted,0.4666666666666667,20,14,CGACCGGCGTAATTTTTCGA,6,4796117
ygeY_predicted,1.3333333333333333,33,14,CCTCCCTGCCTCTCTCTGAG,19,4799010
ygeY_predicted,1.6,37,14,CCGTATTCGTAAGTATCCGA,23,4801655
ygeY_predicted,1.1333333333333333,30,14,CCCCGAAGTATAAGGAACAA,16,4805069
ygeY_predicted,1.7333333333333334,39,14,CACTACCGACAGTTCCCCGC,25,4809240
ygeY_predicted,2.8,55,14,ATGCTGAAATGCAACCCGAA,41,4803656
ygeY_predicted,0.4,19,14,ATCTGTATTTGATAAGTGTG,5,4805600
ygeY_predicted,0.5333333333333333,21,14,ATACACTGGGTACAGGGCGA,7,4800868
ygeY_predicted,1.6,37,14,AGGTGTAGACGCAAATGCTA,23,4807014
ygeY_predicted,0.2,16,14,AGCCGCCTAGAAGATATCCA,2,4816070
ygeY_predicted,2.466666666666667,50,14,AGATTTCATTAGGGGATTAT,36,4799304
ygeY_predicted,5.466666666666667,95,14,AGAGACGACTATGACAGCAT,81,4815927
ygeY_predicted,1.6,37,14,ACTCTAATCGAGGGCAGGAT,23,4811411
ygeY_predicted,1.7333333333333334,39,14,ACGTACTTTCTGTACGAAGG,25,4803931
ygeY_predicted,0.13333333333333333,15,14,AAGCCACTAGAATAATAGTA,1,4798664
ygeY_predicted,1.9333333333333333,42,14,AACTAACCTAAGGTGTCGAT,28,4800424
ygeY_predicted,2.066666666666667,44,14,AACGCGCAGGATGCTAGAAC,30,4800617
ygeY_predicted,0.13333333333333333,15,14,AACGACTTGTGGGCTTGAAA,1,4795970
ygeY_predicted,3.7333333333333334,69,14,AACCCGCACTATACACCATA,55,4799784
ygeY_predicted,0.13333333333333333,15,14,AACCATCGTCGATTACCGTA,1,4801570
ygeY_predicted,3.9285714285714284,67,13,TTTCCAGTGCAATTGCGAAG,54,4815440
ygeY_predicted,0.14285714285714285,14,13,TTGGTCGTGGATCCGGGGGT,1,4811263
ygeY_predicted,0.21428571428571427,15,13,TTGAGGTCACGTTAACTTGG,2,4804428
ygeY_predicted,2.9285714285714284,53,13,TTCTTGTGCCCTGTACGTCG,40,4795160
ygeY_predicted,1.8571428571428572,38,13,TTCTCACGTCCAAGGGTCAC,25,4807861
ygeY_predicted,0.14285714285714285,14,13,TTATTACTTGTTAGTCCGCA,1,4798560
ygeY_predicted,0.14285714285714285,14,13,TTATTAATTGCAGCCATTAC,1,4795114
ygeY_predicted,1.7857142857142858,37,13,TGTGTTTACAAAGGTTTACG,24,4801689
ygeY_predicted,0.14285714285714285,14,13,TGTGTACACTTAATTACGTG,1,4799886
ygeY_predicted,2.9285714285714284,53,13,TGATTAGCTGGTCCAACTTG,40,4796993
ygeY_predicted,0.14285714285714285,14,13,TGAAGAACCGCCTCATACAC,1,4799719
ygeY_predicted,1.5,33,13,TCGGGGGGGTCCCAGCTACT,20,4805009
ygeY_predicted,4.428571428571429,74,13,TCGCTGTGAGCCAGGCGTGG,61,4795202
ygeY_predicted,1.3571428571428572,31,13,TCCGGTAGCTAAATCATTCC,18,4799313
ygeY_predicted,2.5714285714285716,48,13,TAGCGCGATTTAGCGCTACG,35,4796622
ygeY_predicted,1.0,26,13,GTTTGTTTGTTCCTCTGTTT,13,4796941
ygeY_predicted,1.1428571428571428,28,13,GTGCGCGGAGGCATATATCA,15,4797489
ygeY_predicted,1.8571428571428572,38,13,GTCGTTGCCTGTTCACGGAC,25,4806106
ygeY_predicted,2.7857142857142856,51,13,GTCATGATTAGATACGGACA,38,4795977
ygeY_predicted,0.5,19,13,GTATAACTCGGAGGGCAGGG,6,4812514
ygeY_predicted,3.857142857142857,66,13,GTAAGGTTAGCTGGTGCGTC,53,4814750
ygeY_predicted,0.21428571428571427,15,13,GGGGGAATAGATAAAACACT,2,4795027
ygeY_predicted,1.2857142857142858,30,13,GGCTACACGCGATTTTCAGA,17,4804175
ygeY_predicted,0.21428571428571427,15,13,GGCCGTACCGCACCCAGCGA,2,4813763
ygeY_predicted,0.14285714285714285,14,13,GGAGAGAAGCGGCACTCGCA,1,4799105
ygeY_predicted,1.7142857142857142,36,13,GCTTTTCTCCGTGCCGGGCG,23,4799204
ygeY_predicted,1.0,26,13,GCCTGGTCCTCTCTGGTGTC,13,4808836
ygeY_predicted,0.5714285714285714,20,13,GATTGGCGGAGGCATCGGAA,7,4800996
ygeY_predicted,0.21428571428571427,15,13,GAGTGCAGAGTTGGGTACGC,2,4811910
ygeY_predicted,2.4285714285714284,46,13,GAGCGATCAAGGGAATCAAG,33,4813662
ygeY_predicted,1.5714285714285714,34,13,GACTCCCTTGCTAGGCATGT,21,4801005
ygeY_predicted,2.2857142857142856,44,13,GACGCGCGCGGGTATGTGGT,31,4796550
ygeY_predicted,0.14285714285714285,14,13,GAATCCACAGCAGGCTCACG,1,4802362
ygeY_predicted,1.4285714285714286,32,13,GAACATAGAATAATAGGTAT,19,4807847
ygeY_predicted,1.0,26,13,CTTCTATCTTTATCTTCATT,13,4802953
ygeY_predicted,2.642857142857143,49,13,CTGCGCTCGTGAGTGTGGAA,36,4814409
ygeY_predicted,3.357142857142857,59,13,CGTTGCGGTGGTGGCGTTTA,46,4804978
ygeY_predicted,0.7142857142857143,22,13,CGTGATGGCCTCCAATATCA,9,4804458
ygeY_predicted,0.7857142857142857,23,13,CGGGTTGGCGTTGTTTCTAG,10,4812768
ygeY_predicted,0.14285714285714285,14,13,CGCAAAACCATCATTAGAGG,1,4808736
ygeY_predicted,2.5714285714285716,48,13,CCTGGCACATGCTTGGAGCT,35,4809711
ygeY_predicted,0.5,19,13,CCCGGGTATCCGCTATTATT,6,4795470
ygeY_predicted,0.7142857142857143,22,13,CAGTACAGTCCATGAAAGAT,9,4814027
ygeY_predicted,0.2857142857142857,16,13,ATTTAAGTAGGGGGCCGAGC,3,4805293
ygeY_predicted,0.14285714285714285,14,13,ATTAGGTGGGACAATAGGCA,1,4802021
ygeY_predicted,1.7142857142857142,36,13,ATCCGCATTATCACTGTTAT,23,4795672
ygeY_predicted,0.42857142857142855,18,13,AGGGTCGGACGACCAGATGT,5,4803823
ygeY_predicted,3.2857142857142856,58,13,AGGGCGTAAACTTCCATTAG,45,4814681
ygeY_predicted,3.142857142857143,56,13,AGAACTATAGGTTCACATAA,43,4796319
ygeY_predicted,2.7857142857142856,51,13,ACTTTTTCGGTACTCGGGAC,38,4805487
ygeY_predicted,1.2142857142857142,29,13,ACTGTTGGTTCGAAGTTTCT,16,4806070
ygeY_predicted,2.857142857142857,52,13,ACTGTGTACTGCTGTACGGG,39,4808251
ygeY_predicted,1.8571428571428572,38,13,ACCTGGGAGGTGAAAGGCGG,25,4799176
ygeY_predicted,0.14285714285714285,14,13,ACCAAGCGGGGAGGTATATC,1,4802759
ygeY_predicted,0.6428571428571429,21,13,ACAGATGTGCAACTGCTTAT,8,4804193
ygeY_predicted,0.6428571428571429,21,13,AAGTTGCATAAATCCTTTCT,8,4808819
ygeY_predicted,1.5714285714285714,34,13,AAGGTACTTATCGGGGTAAG,21,4799641
ygeY_predicted,0.7142857142857143,22,13,AAGCCCCTATAGGTGCCTAG,9,4815313
ygeY_predicted,0.14285714285714285,14,13,AACTTCTCTGAACGAACGTT,1,4807755
ygeY_predicted,0.21428571428571427,15,13,AACTCAATACCCACCGTACT,2,4808685
ygeY_predicted,1.5384615384615385,31,12,TTGGGTCAAACGCATTTAAC,19,4804137
ygeY_predicted,0.15384615384615385,13,12,TGTTCGAGGCAACTTCTCTC,1,4806110
ygeY_predicted,3.4615384615384617,56,12,TGGTGACCAGCACCTATTAC,44,4796614
ygeY_predicted,0.15384615384615385,13,12,TGGCCGTTCCCCTGCGGTAC,1,4808049
ygeY_predicted,1.6923076923076923,33,12,TGCTGCGCCCTACATGCCTC,21,4810390
ygeY_predicted,0.8461538461538461,22,12,TGCCCAGACGCGACCCAGTA,10,4807700
ygeY_predicted,1.6153846153846154,32,12,TCTACGCGGCTGATTTACTC,20,4808749
ygeY_predicted,1.0,24,12,TAACAACGTGACTCTACCGC,12,4802842
ygeY_predicted,0.15384615384615385,13,12,GTACCGGCTGTTTAGCCTGG,1,4800759
ygeY_predicted,0.3076923076923077,15,12,GGTTGCAGTCACGCCAAGAG,3,4799594
ygeY_predicted,2.230769230769231,40,12,GGTGGTGGCACATAGGGAGC,28,4813868
ygeY_predicted,0.38461538461538464,16,12,GGTGATATCACCAACGACCA,4,4798345
ygeY_predicted,0.15384615384615385,13,12,GGTATTCGATTTGAGGCTAG,1,4816830
ygeY_predicted,2.0,37,12,GGGTGGACTCTTTACCTCTA,25,4799959
ygeY_predicted,3.3846153846153846,55,12,GGAGCGCACGCTCAATGACA,43,4807964
ygeY_predicted,2.1538461538461537,39,12,GCGTGTCTGACAAACACTAC,27,4808704
ygeY_predicted,0.15384615384615385,13,12,GCGTGAGGTAAGGAATAGCA,1,4812362
ygeY_predicted,1.4615384615384615,30,12,GCGAGGTACTTGTCTCTGAA,18,4807459
ygeY_predicted,0.15384615384615385,13,12,GCCAAGATATCGCGCACCGG,1,4803316
ygeY_predicted,0.46153846153846156,17,12,GCATTTTGCATCCGGTGGCC,5,4798642
ygeY_predicted,1.1538461538461537,26,12,GCACGCAGCGTTTCAATTAT,14,4806274
ygeY_predicted,0.8461538461538461,22,12,GAGCGTCGCACATTGCTCAG,10,4802568
ygeY_predicted,0.23076923076923078,14,12,CTTGTGGGATCACCTTGATA,2,4812035
ygeY_predicted,5.6923076923076925,85,12,CTCTGCACCCAGACGGAAGA,73,4801574
ygeY_predicted,0.15384615384615385,13,12,CTCATCGCGGTTAATAAGGA,1,4805721
ygeY_predicted,2.6923076923076925,46,12,CTAAACTAGCTTGTTTAGGT,34,4795123
ygeY_predicted,2.1538461538461537,39,12,CGTTGTAAGTATCGGTAACT,27,4802163
ygeY_predicted,0.23076923076923078,14,12,CGCGAATTGTGTAGCAACTG,2,4807551
ygeY_predicted,0.23076923076923078,14,12,CGATTAGGCTCACCCAGTTC,2,4800297
ygeY_predicted,0.5384615384615384,18,12,CGACCTAAGTCAAATATCAA,6,4808047
ygeY_predicted,0.15384615384615385,13,12,CGACCCGCAATCCCAGAAAA,1,4813075
ygeY_predicted,0.9230769230769231,23,12,CCTGTGGACTTTTAACAGAG,11,4801867
ygeY_predicted,0.3076923076923077,15,12,CCTGCTTCGTTTTTCCCTCA,3,4802674
ygeY_predicted,5.384615384615385,81,12,CCTGCGAGGAGTCCCAGCCA,69,4805064
ygeY_predicted,1.7692307692307692,34,12,CCTAGGTAGAAAGTAGTGGC,22,4811234
ygeY_predicted,1.6923076923076923,33,12,CCGAACGGCTGCCAGGGGCA,21,4802934
ygeY_predicted,0.15384615384615385,13,12,CCCTTGGGAACTAAGGAATG,1,4813521
ygeY_predicted,0.15384615384615385,13,12,CCCTAACCCTGTTTGTATAT,1,4814142
ygeY_predicted,0.3076923076923077,15,12,CCCGTCGGTACTAAACCCTT,3,4796912
ygeY_predicted,1.2307692307692308,27,12,CCCGCGAGCGGCTATTCCGG,15,4799662
ygeY_predicted,2.6923076923076925,46,12,CCCGAGTCCGCAATAGGTGC,34,4807343
ygeY_predicted,2.3076923076923075,41,12,CCCCGATGTATTTCAATCTT,29,4795491
ygeY_predicted,4.6923076923076925,72,12,CCAGGGACGCGGGTATGCGC,60,4802398
ygeY_predicted,1.6153846153846154,32,12,CCACGGGCAAATTTTTCCTA,20,4805658
ygeY_predicted,0.15384615384615385,13,12,CCACAACCTATAACTAAGTA,1,4811629
ygeY_predicted,1.6153846153846154,32,12,CATCGGTCATTTGCGAGCGC,20,4817012
ygeY_predicted,3.0,50,12,CATAAGCGCTCCTATTGTGC,38,4804737
ygeY_predicted,2.923076923076923,49,12,ATTTGTGTACGGGTCCTGCA,37,4796387
ygeY_predicted,3.6923076923076925,59,12,ATTTAGTAAGACCCATGCGC,47,4806230
ygeY_predicted,0.15384615384615385,13,12,ATGTGGGTTGCGTTTGCTGG,1,4808485
ygeY_predicted,0.15384615384615385,13,12,AGTTGGAATTCTACACATTC,1,4812156
ygeY_predicted,0.15384615384615385,13,12,AGTGACACCTTTACCATGAG,1,4796648
ygeY_predicted,1.4615384615384615,30,12,AGGTAATCTGGCGGTTACCT,18,4800135
ygeY_predicted,0.6923076923076923,20,12,AGCTGCTAGATGGGCAATAT,8,4806057
ygeY_predicted,0.38461538461538464,16,12,AGCATTATAGCGAATATGTC,4,4799289
ygeY_predicted,0.5384615384615384,18,12,ACGTGGGTAGGGCGATTCAG,6,4799691
ygeY_predicted,1.1538461538461537,26,12,ACGTAAAGTATCCGGAAGCG,14,4816732
ygeY_predicted,0.3076923076923077,15,12,ACGGGCGGTCAGATCAACCA,3,4800578
ygeY_predicted,3.0,50,12,ACGCGCCAAATTAGTGGAAC,38,4803300
ygeY_predicted,0.23076923076923078,14,12,ACGACCAGAAGTATTCGCGA,2,4798011
ygeY_predicted,0.15384615384615385,13,12,ACGAAAGTCAACGATCACTA,1,4810585
ygeY_predicted,1.8461538461538463,35,12,ACGAAACGCTGAGCGTTGAA,23,4804358
ygeY_predicted,0.15384615384615385,13,12,ACCCGGTTCGCGGTAGAAAC,1,4806302
ygeY_predicted,0.46153846153846156,17,12,ACACTTTCTTAATGGACGGT,5,4803882
ygeY_predicted,1.9230769230769231,36,12,AAGGAGTTTCCGGGCAATGC,24,4794885
ygeY_predicted,2.3846153846153846,42,12,AAGCCTATAGGGACAGCAAT,30,4797344
ygeY_predicted,0.3333333333333333,14,11,TTTCTAAGCAGGATGAGTAG,3,4799475
ygeY_predicted,1.5,28,11,TTTCGGTAGTCTGAGCACTA,17,4810028
ygeY_predicted,0.4166666666666667,15,11,TTTAGTCACAGCTAATGTAG,4,4808775
ygeY_predicted,3.4166666666666665,51,11,TTGCGAGTATTATCATGTTT,40,4813489
ygeY_predicted,0.8333333333333334,20,11,TTGCCCGGGTAAAATAGAAC,9,4803930
ygeY_predicted,0.16666666666666666,12,11,TTCCTCATTCTTGACTCACA,1,4796008
ygeY_predicted,0.6666666666666666,18,11,TGGGCATTGTAGAGTACGTC,7,4802874
ygeY_predicted,0.16666666666666666,12,11,TGCGGACATAAACAGGGTGG,1,4800117
ygeY_predicted,0.75,19,11,TGACGTCCGACCGCTTAGTT,8,4813805
ygeY_predicted,1.1666666666666667,24,11,TCTGCCAAGAAAGAACAGTG,13,4796228
ygeY_predicted,1.4166666666666667,27,11,TCTGCAGCCTTCTTCTGGGA,16,4797650
ygeY_predicted,0.25,13,11,TCTCTCCATTACAGTAGCCC,2,4804278
ygeY_predicted,0.25,13,11,TCTCGCCAATCCTTGATAGA,2,4813566
ygeY_predicted,3.3333333333333335,50,11,TCGTATTAAGCATTCCGGAA,39,4803575
ygeY_predicted,0.25,13,11,TCCGCAGACGTCAATCGCCC,2,4797371
ygeY_predicted,7.416666666666667,99,11,TCAGGGTGGGCTTTGTACCT,88,4808460
ygeY_predicted,0.16666666666666666,12,11,TCACAGTCTATGGCTTAAAA,1,4809197
ygeY_predicted,1.5,28,11,TATTTCCACGTCCAACTAGC,17,4796075
ygeY_predicted,1.75,31,11,TACGTTAGCTCTCTGTTAAG,20,4797419
ygeY_predicted,0.25,13,11,TAATTGACGGACAGTAGACG,2,4799689
ygeY_predicted,0.8333333333333334,20,11,TAAGCAGCATTGGTACGAAC,9,4799452
ygeY_predicted,1.75,31,11,TAAGAGGACCGAACGACCTC,20,4808470
ygeY_predicted,0.9166666666666666,21,11,GTTCGGTTTTCATAATTGAG,10,4800434
ygeY_predicted,0.8333333333333334,20,11,GTTAGGATAAATGCCCGAGA,9,4814580
ygeY_predicted,0.16666666666666666,12,11,GTGTTGTCATTAGCATCCCG,1,4806341
ygeY_predicted,0.75,19,11,GTCCTCCGTCTACTAGAGAA,8,4798781
ygeY_predicted,2.4166666666666665,39,11,GTCAGGCCACAATAGCGCTT,28,4795806
ygeY_predicted,0.16666666666666666,12,11,GGGCAGCGATCTTATTTAAA,1,4794965
ygeY_predicted,4.5,64,11,GGATCTTACTGGATTAGCAA,53,4799792
ygeY_predicted,4.166666666666667,60,11,GGAGCTTCGTCAAAGCAACA,49,4801610
ygeY_predicted,0.3333333333333333,14,11,GCTTCTATATGTACCGGGGA,3,4799166
ygeY_predicted,1.3333333333333333,26,11,GCTCCATCCCACACTGTAGG,15,4799477
ygeY_predicted,4.25,61,11,GCACGAACGACAATCTTGTT,50,4796450
ygeY_predicted,2.0,34,11,GCAAGTCGGAAGTGACCATA,23,4812165
ygeY_predicted,0.6666666666666666,18,11,GAGATCTCACGACAATCACT,7,4805686
ygeY_predicted,0.16666666666666666,12,11,GACTTACTGCAGTACGCAAC,1,4808183
ygeY_predicted,0.16666666666666666,12,11,GACACGATTGAACAGTCAGT,1,4810097
ygeY_predicted,4.083333333333333,59,11,GAAGCTGGTAACCCCTAGAA,48,4804655
ygeY_predicted,3.75,55,11,GAAACTTGGAGCGTGATAAT,44,4816965
ygeY_predicted,0.6666666666666666,18,11,CTTTTCCACACCGACGGTGT,7,4802507
ygeY_predicted,1.0833333333333333,23,11,CTCTTTCAGACGCCAGTCGC,12,4802012
ygeY_predicted,1.8333333333333333,32,11,CTATCAGCGATCCAATAGCG,21,4805420
ygeY_predicted,0.9166666666666666,21,11,CGTTTTCCTTTTGAGGCGTG,10,4803349
ygeY_predicted,0.6666666666666666,18,11,CGTCATAGGGACGGGTGGCA,7,4808971
ygeY_predicted,1.4166666666666667,27,11,CGCGCACACACGCTTGCCGG,16,4805419
ygeY_predicted,1.9166666666666667,33,11,CGCCCTGAATCATCGCCCTT,22,4797381
ygeY_predicted,0.16666666666666666,12,11,CCTCCTCAGGAGTTCCCCTC,1,4804912
ygeY_predicted,1.5,28,11,CCCGGGTTACATAAATCCCA,17,4799122
ygeY_predicted,0.4166666666666667,15,11,CCCCTGTACGAGCCGATAGG,4,4811060
ygeY_predicted,0.8333333333333334,20,11,CCCCCTCTTAGTGAGTCCGG,9,4808484
ygeY_predicted,6.0,82,11,CCCAATCGTCACATGAGTAG,71,4807987
ygeY_predicted,0.8333333333333334,20,11,CCATGTCCAACTGGATACTA,9,4803318
ygeY_predicted,1.75,31,11,CCATAGCTGCGCTGCACTCT,20,4809676
ygeY_predicted,2.3333333333333335,38,11,CATTCGGCTTTCGCTAACGG,27,4802286
ygeY_predicted,0.16666666666666666,12,11,CAGCGAAGCTTGAGTTCGAT,1,4812525
ygeY_predicted,0.75,19,11,CACCAGTGCATTATCAAACC,8,4811010
ygeY_predicted,0.6666666666666666,18,11,CAACTTTCGTACAGACTGTG,7,4797144
ygeY_predicted,0.8333333333333334,20,11,CAAATGTGGTGATTCCTATT,9,4805165
ygeY_predicted,1.5833333333333333,29,11,ATATAGGAAGCATGGGGGAC,18,4795060
ygeY_predicted,2.75,43,11,ATACAAAACACAACTGAAAC,32,4810852
ygeY_predicted,2.3333333333333335,38,11,ATAAGAAGCTTCTCTTGTGA,27,4815410
ygeY_predicted,2.0833333333333335,35,11,AGTGAAGGTAAGCGGATATC,24,4798671
ygeY_predicted,0.16666666666666666,12,11,AGTCGCTCAGCTCCGGGTGG,1,4805137
ygeY_predicted,2.8333333333333335,44,11,AGTCAACAGTCGGAAATCAA,33,4806199
ygeY_predicted,1.9166666666666667,33,11,AGGTTCTGAGCCTTTGTGGC,22,4795039
ygeY_predicted,2.75,43,11,AGCTTTAGCTCCGTCCTTTG,32,4805750
ygeY_predicted,6.583333333333333,89,11,AGCCCGATCCGAAAGATAGT,78,4806101
ygeY_predicted,1.0,22,11,AGCATGCGAAGCACATAGAG,11,4812416
ygeY_predicted,3.5833333333333335,53,11,AGATGGGGGCCAACGACTGG,42,4814496
ygeY_predicted,1.6666666666666667,30,11,ACTTCTCCTGTAGAGTTCAA,19,4798811
ygeY_predicted,0.5833333333333334,17,11,ACTCAACCCCACATTTTAGT,6,4796547
ygeY_predicted,1.8333333333333333,32,11,ACGTCTTTCTATTTTAACAA,21,4804295
ygeY_predicted,0.16666666666666666,12,11,ACGGCATCTCCCTAGCTACA,1,4803428
ygeY_predicted,0.16666666666666666,12,11,ACGAATGATTTAATAAGGAG,1,4797179
ygeY_predicted,0.25,13,11,ACCTATTTGCATGAACGGAT,2,4810597
ygeY_predicted,2.75,43,11,ACCGAGGGAATGTGGCTCTA,32,4804892
ygeY_predicted,0.16666666666666666,12,11,AAGTGCTGAAGATAAGCATA,1,4816200
ygeY_predicted,2.1666666666666665,36,11,AACTAGGGCGCAGGTTCATG,25,4807759
ygeY_predicted,0.8333333333333334,20,11,AACGGTGCGTCCCGCTGTTT,9,4798009
ygeY_predicted,0.16666666666666666,12,11,AAAGGTTAGCTGTGATCCTT,1,4816046
ygeY_predicted,0.4166666666666667,15,11,AAACAACCGTTAAGAGAGTA,4,4807522
ygeY_predicted,0.2727272727272727,12,10,TTTGTGACACATTAACTCCT,2,4804425
ygeY_predicted,0.18181818181818182,11,10,TTTATACGAAAGGATGCCGG,1,4815133
ygeY_predicted,0.36363636363636365,13,10,TTGTTGCTACCGAGGTTCCA,3,4799821
ygeY_predicted,0.18181818181818182,11,10,TTGGCGCTACTCCAACAATA,1,4812472
ygeY_predicted,2.090909090909091,32,10,TTCAGAGCAGACTGGTTCGT,22,4798723
ygeY_predicted,1.3636363636363635,24,10,TTAGCTACCGTCTGCGCACC,14,4798863
ygeY_predicted,4.2727272727272725,56,10,TTACCTTCTGACGCCTGCCT,46,4805531
ygeY_predicted,1.4545454545454546,25,10,TGTCCCATAAGCGTCCTATC,15,4801421
ygeY_predicted,0.18181818181818182,11,10,TGCTTAATACCGTAGTTTCG,1,4802400
ygeY_predicted,0.36363636363636365,13,10,TGCACCCATAGGCGCGCCCC,3,4813530
ygeY_predicted,6.090909090909091,76,10,TGAGGGGTCAGTTGAAACCC,66,4809521
ygeY_predicted,4.818181818181818,62,10,TCGGGCACTCTTACACAATG,52,4802224
ygeY_predicted,4.454545454545454,58,10,TCGGACATCGTCTATGTGAA,48,4806328
ygeY_predicted,0.18181818181818182,11,10,TCGACGGCGATCGAGACGCC,1,4800654
ygeY_predicted,0.18181818181818182,11,10,TCCTGGGTGATTTATTGCAT,1,4800449
ygeY_predicted,2.272727272727273,34,10,TCCCCGGCGTGCAGTGTTAA,24,4810098
ygeY_predicted,3.090909090909091,43,10,TCCCACCAGGTATTTCCCTT,33,4795527
ygeY_predicted,0.2727272727272727,12,10,TCCACGAAGGGCAACTTGAT,2,4807182
ygeY_predicted,0.18181818181818182,11,10,TCAAACTCCCGGTCGCGTCC,1,4798186
ygeY_predicted,0.6363636363636364,16,10,TAGGGTGGAAACACTCAGGA,6,4807038
ygeY_predicted,0.2727272727272727,12,10,TACGATAGCCGGCGGCCAGT,2,4799919
ygeY_predicted,1.7272727272727273,28,10,GTTGCGCTTGAGGTTACAGC,18,4800537
ygeY_predicted,1.0909090909090908,21,10,GTGGGATCTAAGGGGGCGCA,11,4808514
ygeY_predicted,2.4545454545454546,36,10,GTGCACCAAGCACCAGTCCT,26,4805277
ygeY_predicted,1.8181818181818181,29,10,GTATTCTTTTGTTAGGTCTT,19,4813465
ygeY_predicted,3.8181818181818183,51,10,GTAGAGTCTCTCGTCCCAAT,41,4808005
ygeY_predicted,0.5454545454545454,15,10,GTAATGATCACGGTTACAGT,5,4803010
ygeY_predicted,1.1818181818181819,22,10,GGTCAGGCCATAAGCGGCAA,12,4813790
ygeY_predicted,2.1818181818181817,33,10,GGGTTGCTCGTTGTTAAACG,23,4809339
ygeY_predicted,2.0,31,10,GGGCGCGCACGGAGCACTCT,21,4809523
ygeY_predicted,0.18181818181818182,11,10,GCGGGTATGCTCGATTGATG,1,4802382
ygeY_predicted,0.7272727272727273,17,10,GCGGCGGGAGATAGTTAAAA,7,4798219
ygeY_predicted,0.18181818181818182,11,10,GCGGAGGAGACTCTTATCTC,1,4816635
ygeY_predicted,0.2727272727272727,12,10,GCACGATCTGGCTCGCTCTG,2,4816010
ygeY_predicted,0.18181818181818182,11,10,GATTCAGCGAGGCGCCTCTG,1,4798943
ygeY_predicted,2.909090909090909,41,10,GATAAACGGCCCGCTGTTAG,31,4809269
ygeY_predicted,6.090909090909091,76,10,GAGGCTTCGTAAGGTAGAAT,66,4807966
ygeY_predicted,1.5454545454545454,26,10,GACGATTCCATCGGTCCGAG,16,4804521
ygeY_predicted,5.090909090909091,65,10,GACGATAGGGACAACAGCAT,55,4803155
ygeY_predicted,0.18181818181818182,11,10,GACCAGGATAGGCTCAGGTA,1,4803588
ygeY_predicted,1.7272727272727273,28,10,GAATATATATACTATGAGTA,18,4812336
ygeY_predicted,0.18181818181818182,11,10,GAAGCTATTGTTAGTGCACT,1,4813824
ygeY_predicted,0.18181818181818182,11,10,GAACTGCGTGTACACATACC,1,4798535
ygeY_predicted,0.6363636363636364,16,10,CTTGTCGGACCACCTGCGTC,6,4811419
ygeY_predicted,1.1818181818181819,22,10,CTGGCCGGTCGCTTGGAATT,12,4801318
ygeY_predicted,7.363636363636363,90,10,CTGAACTAGAGGCCCGAATT,80,4807891
ygeY_predicted,2.4545454545454546,36,10,CTCCAATGCTTGACGAGATG,26,4810412
ygeY_predicted,0.18181818181818182,11,10,CGTATTCTATGATAAAACCT,1,4799621
ygeY_predicted,1.3636363636363635,24,10,CGGTCAAAGGTGTAGTGAGG,14,4807948
ygeY_predicted,3.727272727272727,50,10,CGGTACACAAGTGATGGGCT,40,4801268
ygeY_predicted,0.7272727272727273,17,10,CGGGGGTTTTATGGAGTTGA,7,4800282
ygeY_predicted,2.272727272727273,34,10,CGGCGTCGCGAGTCAGTCTA,24,4816062
ygeY_predicted,2.272727272727273,34,10,CGATGGCGCTCCTGTACTAG,24,4802053
ygeY_predicted,1.0,20,10,CCTGCCCGAGCTGGTGTCCA,10,4799833
ygeY_predicted,1.9090909090909092,30,10,CATAGAACTTTGATTCAAAA,20,4805685
ygeY_predicted,2.3636363636363638,35,10,CAGATGTAGAACCAGCGCGT,25,4795247
ygeY_predicted,0.7272727272727273,17,10,CACGTAACAAACCGGGACTG,7,4802192
ygeY_predicted,2.5454545454545454,37,10,CACGACTTACCCTGATTATG,27,4803958
ygeY_predicted,1.0,20,10,CAAGCTAACGTTAGTTTAGT,10,4798657
ygeY_predicted,1.6363636363636365,27,10,ATTGAAGGGTTTGAGTATCG,17,4813963
ygeY_predicted,3.5454545454545454,48,10,ATGGGATCAGATGCCCCTAC,38,4810217
ygeY_predicted,3.8181818181818183,51,10,ATCAAATAGATAGAGGGGGT,41,4801790
ygeY_predicted,0.8181818181818182,18,10,ATAGGGGTAGCCACAGTCTA,8,4795650
ygeY_predicted,0.18181818181818182,11,10,AGGTCCGGTCGCACCGATAC,1,4816144
ygeY_predicted,0.9090909090909091,19,10,AGGAAGCTGGGGACACCGCA,9,4798588
ygeY_predicted,0.18181818181818182,11,10,AGCCGGGCGAGTTGCGCTAT,1,4811593
ygeY_predicted,0.8181818181818182,18,10,AGACGCGCACGGAAGGGGGC,8,4797911
ygeY_predicted,4.363636363636363,57,10,ACGCGCCTTATTGCTCGTTG,47,4811693
ygeY_predicted,0.5454545454545454,15,10,ACGAGAAATGGATTAAAAAG,5,4800268
ygeY_predicted,5.545454545454546,70,10,ACCTGTTCGGTTTGTAGGGG,60,4808885
ygeY_predicted,0.18181818181818182,11,10,ACCCAGAAAGTCAATGCTGT,1,4809677
ygeY_predicted,3.090909090909091,43,10,AAGTGATGCCGAGCGACGGT,33,4809275
ygeY_predicted,1.0,20,10,AAGATGGCACGCGCGTAGCA,10,4807143
ygeY_predicted,0.18181818181818182,11,10,AACCCATACTATCTGGTAAG,1,4809461
ygeY_predicted,0.2727272727272727,12,10,AAACGAGATAACGGTCGAGT,2,4798246
ygeY_predicted,2.8,36,9,TTTCTCAGGTATTTTACGGG,27,4803902
ygeY_predicted,2.9,37,9,TTGTCACCGATATTCGATGT,28,4797454
ygeY_predicted,4.2,50,9,TTGCCACCTGGATCTTTCGC,41,4810971
ygeY_predicted,2.0,28,9,TTCTTGGGTAACCTCTCCTA,19,4816048
ygeY_predicted,3.1,39,9,TTCAGAGGAATGTTCGTAAA,30,4796704
ygeY_predicted,5.1,59,9,TGCGACATTCAGAGGACCGT,50,4796508
ygeY_predicted,4.8,56,9,TGCCTTTCGTTAAGCCGTCT,47,4801921
ygeY_predicted,2.4,32,9,TGCATTAACAATGCATCTAG,23,4816216
ygeY_predicted,4.2,50,9,TCGTATACAATTCTCACTCT,41,4809137
ygeY_predicted,0.2,10,9,TCGGGGACTAATAGTCCCAT,1,4811160
ygeY_predicted,2.9,37,9,TCGCATTATAGGCCCTTTTA,28,4813505
ygeY_predicted,0.2,10,9,TCCGAACCCGCAACCCAAAC,1,4810069
ygeY_predicted,3.5,43,9,TCCAAGCTTCGTGCAGCTAC,34,4795086
ygeY_predicted,0.2,10,9,TCAGGCAGCACGGTTGCTAC,1,4801269
ygeY_predicted,4.2,50,9,TCAAGCAGATAGTCTACCAA,41,4804959
ygeY_predicted,1.4,22,9,TATCGGATTGCCATGGTGTT,13,4809083
ygeY_predicted,1.6,24,9,TAGTAGACTTAACAGGCTCT,15,4814345
ygeY_predicted,4.0,48,9,TAGGTGTGGAGTGCACGCAT,39,4795912
ygeY_predicted,0.2,10,9,TACTTAGCGCTCTGTTCTCG,1,4798233
ygeY_predicted,4.4,52,9,TACTGAAACCGTATTCGGTC,43,4804721
ygeY_predicted,2.0,28,9,TACGACGGAGGTGGGACTAT,19,4806472
ygeY_predicted,2.4,32,9,TACCTAATCACTCAGCGTTG,23,4803256
ygeY_predicted,4.1,49,9,TACAGCGCCAGGTCCTATGG,40,4798808
ygeY_predicted,0.2,10,9,TAAATTTGCTGCTGAAATCT,1,4801838
ygeY_predicted,3.2,40,9,GTGTCGAAAAGGCGTGACAT,31,4816045
ygeY_predicted,0.6,14,9,GTGTATTACATTTGATCATT,5,4805707
ygeY_predicted,1.2,20,9,GTCTTGTGTGCTTCCAGCTT,11,4806705
ygeY_predicted,2.8,36,9,GTATATCTGGCATGAAACGA,27,4795828
ygeY_predicted,0.2,10,9,GGTGTCAGTGGCACACTTGG,1,4803847
ygeY_predicted,1.2,20,9,GGTACATGCGCGCGCCTTGG,11,4808913
ygeY_predicted,1.0,18,9,GGGGACAGCCAATCCGGCTG,9,4801408
ygeY_predicted,0.2,10,9,GGGATCAAGGTCTTAACATT,1,4816052
ygeY_predicted,0.7,15,9,GGCGGGAAGTAAGGTTTTGA,6,4805815
ygeY_predicted,0.2,10,9,GGCGATTGCCAAGATAAGAT,1,4799037
ygeY_predicted,5.2,60,9,GGACGAACTCATCAAGTCAG,51,4803900
ygeY_predicted,3.3,41,9,GGAAGGTGCGTGACCTTTGT,32,4806630
ygeY_predicted,0.2,10,9,GCTTGGGCTCAAGTTCTGTC,1,4799538
ygeY_predicted,1.0,18,9,GCTTCGCTCTCAACCGGAGA,9,4797692
ygeY_predicted,1.5,23,9,GCGCGCAGGATTGCTCTCAA,14,4809585
ygeY_predicted,2.5,33,9,GCCGTTTCTACGGATGCCAC,24,4805144
ygeY_predicted,0.5,13,9,GCCGCTTTCAAGATACAGTA,4,4796293
ygeY_predicted,1.6,24,9,GCATACCCCATAAGACCCGC,15,4804670
ygeY_predicted,0.4,12,9,GCACATTGATAGGTGCATTT,3,4795330
ygeY_predicted,0.2,10,9,GCAAGGAACCTGAGGCCCAG,1,4798606
ygeY_predicted,0.6,14,9,GATAGTAATTCGGATCATAC,5,4801695
ygeY_predicted,0.9,17,9,CTGTCATGCGAAACGGGGTT,8,4808865
ygeY_predicted,0.2,10,9,CTGGGTATCGTGCTCCGTAT,1,4807475
ygeY_predicted,0.3,11,9,CTCGGCTTACGCGACGCGGA,2,4806780
ygeY_predicted,0.2,10,9,CTCAGTACTTTCCAGAACTT,1,4817003
ygeY_predicted,4.5,53,9,CTAGTGGAGCAGACTCATTT,44,4812091
ygeY_predicted,7.2,80,9,CGTTTTCTAACGGACCTACC,71,4808707
ygeY_predicted,0.2,10,9,CGGCTAAGCAGGTTCAAAGG,1,4806127
ygeY_predicted,5.3,61,9,CGGATCGGCCGCAAACCCCT,52,4796853
ygeY_predicted,5.4,62,9,CGCTCTATAACATTTACTTA,53,4813308
ygeY_predicted,2.1,29,9,CGCGTCACAGATGCTTCGAA,20,4808873
ygeY_predicted,0.2,10,9,CGCGAACGAATGAAAGTCTT,1,4801824
ygeY_predicted,0.8,16,9,CCTTCTATCTTTGGTTGTTT,7,4802284
ygeY_predicted,5.1,59,9,CCCAGCACTAAGGGCGACTA,50,4803420
ygeY_predicted,1.8,26,9,CCACTGGACATGGTGCCTTG,17,4805062
ygeY_predicted,0.2,10,9,CCACACCAAGCCGTGGCAAC,1,4808985
ygeY_predicted,0.2,10,9,CATCGAAGCAGATACGACGA,1,4802351
ygeY_predicted,1.1,19,9,CATAAGACGACCAAAGGACC,10,4812958
ygeY_predicted,0.3,11,9,CAGTGCGCTATAGGTTTATG,2,4801170
ygeY_predicted,0.2,10,9,CAGCACCGTTGTTCCACCGC,1,4809634
ygeY_predicted,0.8,16,9,ATGCCGGGTTAAGTATCGAA,7,4811399
ygeY_predicted,1.7,25,9,AGTTATATGTGCGGTCCCTA,16,4805101
ygeY_predicted,0.3,11,9,AGTGTGAACGATACAAGTGA,2,4807666
ygeY_predicted,1.1,19,9,AGTCCCGGGATGTCGCCCTA,10,4799537
ygeY_predicted,0.2,10,9,AGTCCATAAAGGAGAAAAGA,1,4807859
ygeY_predicted,3.4,42,9,AGGCTTAGCGGCTCAGTTAA,33,4802700
ygeY_predicted,1.3,21,9,AGGCCTAAACCGCCGGGAAA,12,4797889
ygeY_predicted,0.2,10,9,AGCCAGCAACTGTCGTCCTT,1,4815665
ygeY_predicted,0.9,17,9,ACGCGGACGTCCTAACGGGA,8,4805313
ygeY_predicted,1.8,26,9,ACCAACTAACAGGTAGGTAA,17,4802291
ygeY_predicted,1.4,22,9,AATTTGAAAACGACCTAACC,13,4812031
ygeY_predicted,0.8,16,9,AAGGGACATTGAGTGTACGT,7,4800444
ygeY_predicted,1.9,27,9,AACTGAATGCCCACCTCAAT,18,4807591
ygeY_predicted,2.6666666666666665,31,8,TTGGGATCGTTCTCCCTGAC,23,4803773
ygeY_predicted,0.5555555555555556,12,8,TTCCTACTCACGTAGCGCTA,4,4806072
ygeY_predicted,0.7777777777777778,14,8,TTATGGACTGATAAGACCCG,6,4795909
ygeY_predicted,2.888888888888889,33,8,TTATGCAAGTTGTCGTTACA,25,4798880
ygeY_predicted,0.3333333333333333,10,8,TTAGTTGCGACGGCAGTGAA,2,4814646
ygeY_predicted,1.4444444444444444,20,8,TTAGACATAAGCCTGCGGTT,12,4804160
ygeY_predicted,3.6666666666666665,40,8,TTAAAAGCTTCACGGCGGGA,32,4811843
ygeY_predicted,0.6666666666666666,13,8,TGTGGCACAGGTGTTTACTG,5,4800133
ygeY_predicted,1.6666666666666667,22,8,TGTCCACTGAGCCCGCATTC,14,4794927
ygeY_predicted,0.2222222222222222,9,8,TGGTCGGACCGGTGCCAACA,1,4795151
ygeY_predicted,1.5555555555555556,21,8,TGGCAACCGAAAGGGTCCCC,13,4798069
ygeY_predicted,0.7777777777777778,14,8,TGACCCGTCGCAACGTGTTC,6,4804647
ygeY_predicted,1.8888888888888888,24,8,TCACGGCCCACAATCGGTCT,16,4812284
ygeY_predicted,0.5555555555555556,12,8,TAGATGCTTTATGGGTGCCC,4,4810740
ygeY_predicted,0.2222222222222222,9,8,TACACATTAGTCCTCTCACT,1,4813111
ygeY_predicted,0.4444444444444444,11,8,GTTCTGCACCCACTCGGCAT,3,4810467
ygeY_predicted,0.2222222222222222,9,8,GTTACAGCGCGTGGCACGAG,1,4809150
ygeY_predicted,4.666666666666667,49,8,GTGTTAAGGGACAAGGGAGA,41,4795840
ygeY_predicted,0.4444444444444444,11,8,GTACATCGATTTCTTTGGTA,3,4810141
ygeY_predicted,1.6666666666666667,22,8,GGTTAATAGCATTGAAGGGT,14,4803815
ygeY_predicted,4.333333333333333,46,8,GGTGGGTCATTGCATACTAA,38,4816602
ygeY_predicted,1.3333333333333333,19,8,GGCCGGCAACTAAAGACTTT,11,4809142
ygeY_predicted,3.2222222222222223,36,8,GGACGGGGGCGCCGCTTGAA,28,4804834
ygeY_predicted,0.2222222222222222,9,8,GGACCCGTCGCTAATTCTAG,1,4800638
ygeY_predicted,0.2222222222222222,9,8,GCTCGGGCAACCACTAATCT,1,4806089
ygeY_predicted,0.2222222222222222,9,8,GCCTTAAGGTGATGTGTCAT,1,4806477
ygeY_predicted,0.3333333333333333,10,8,GCCACACCCAAGCAGAACCA,2,4797312
ygeY_predicted,0.2222222222222222,9,8,GATCGTACATACAAGAGGTC,1,4811780
ygeY_predicted,3.5555555555555554,39,8,GAATCGACTCTGATAGGTAA,31,4795591
ygeY_predicted,4.222222222222222,45,8,GAACTGTCTCGCCCAGACGG,37,4802703
ygeY_predicted,1.7777777777777777,23,8,CTTGCTACCCACCGGTAGCT,15,4809242
ygeY_predicted,0.2222222222222222,9,8,CTTCACCCGGATTTTGCCGA,1,4800313
ygeY_predicted,1.0,16,8,CTTAATCATCCGTTGTTGAC,8,4811707
ygeY_predicted,1.2222222222222223,18,8,CTGACCTCGGTTGAGGATGG,10,4796551
ygeY_predicted,0.6666666666666666,13,8,CTCTTATCGTGCGCCTTAAA,5,4805361
ygeY_predicted,0.6666666666666666,13,8,CTCGAATAAGCGGGCCTAGA,5,4809653
ygeY_predicted,17.11111111111111,161,8,CTCCAGCAGAATCGTACGTA,153,4803338
ygeY_predicted,2.4444444444444446,29,8,CTACGATCCAGTCCCGAAGA,21,4795945
ygeY_predicted,1.6666666666666667,22,8,CGGTATCGTCGCTGCAGATG,14,4804830
ygeY_predicted,2.7777777777777777,32,8,CGCTTCTTTTCCTTCGATGC,24,4814206
ygeY_predicted,2.7777777777777777,32,8,CGCGAGGTTCATAACCGGTT,24,4811567
ygeY_predicted,2.4444444444444446,29,8,CGACCGGAGTTTTCCGTAAT,21,4798663
ygeY_predicted,1.5555555555555556,21,8,CGAAAAAATGGCAGTCATTG,13,4803136
ygeY_predicted,4.444444444444445,47,8,CCTGGCTTGGTGATCGACAT,39,4812370
ygeY_predicted,0.2222222222222222,9,8,CCTATATTAAGCGTTTACAG,1,4812943
ygeY_predicted,1.0,16,8,CCGTTCCCGTTACTCCTTTC,8,4799453
ygeY_predicted,1.0,16,8,CCGGCCGGTGAGATGTTCGC,8,4812543
ygeY_predicted,1.0,16,8,CCGGACGTTGTTATCGCAGG,8,4813391
ygeY_predicted,1.6666666666666667,22,8,CCGATGGCGAGGAGAGATGA,14,4796176
ygeY_predicted,0.3333333333333333,10,8,CCGACTTCCTGTTATTTACA,2,4805663
ygeY_predicted,2.7777777777777777,32,8,CCGACGAGCAGCTGGGACGT,24,4799983
ygeY_predicted,0.2222222222222222,9,8,CCCCGCTACTTTATGTTTAC,1,4799463
ygeY_predicted,2.888888888888889,33,8,CCCAACCTCACTTTGCACTC,25,4804785
ygeY_predicted,0.2222222222222222,9,8,CATTAGGCTGTGACAGCCTC,1,4814235
ygeY_predicted,2.0,25,8,CATGTAGGCATCTTTTGTGA,17,4796234
ygeY_predicted,0.3333333333333333,10,8,CATCCTGGTGAAAGTAATTT,2,4809344
ygeY_predicted,3.888888888888889,42,8,CAGGTGCTTACATTACAAAA,34,4808465
ygeY_predicted,1.0,16,8,CAGGTGCGCCGGTAAAGCGC,8,4796861
ygeY_predicted,0.7777777777777778,14,8,CAGAGCCGAGTATTCTAGCA,6,4808804
ygeY_predicted,0.2222222222222222,9,8,CACTATACGTAGACCCTCCC,1,4798243
ygeY_predicted,0.2222222222222222,9,8,CAACATATGCAACTATATCA,1,4800715
ygeY_predicted,4.444444444444445,47,8,ATGGATTGCTCGGCTTTTCG,39,4810789
ygeY_predicted,4.111111111111111,44,8,ATCCGGGATCTCAGTAAAGA,36,4796689
ygeY_predicted,0.2222222222222222,9,8,ATCAGCCCCTTCACTCGTTC,1,4811093
ygeY_predicted,3.3333333333333335,37,8,ATCAATCTAAAGGCCGTTTA,29,4805111
ygeY_predicted,0.7777777777777778,14,8,ATAGTTACGGCTAGAGATTG,6,4808572
ygeY_predicted,2.3333333333333335,28,8,ATAAGCGGTGCTTGTCGTAA,20,4814176
ygeY_predicted,3.0,34,8,AGTGTCATCAGCTCTGCGGA,26,4812057
ygeY_predicted,0.8888888888888888,15,8,AGTGAGAGCAACTACGACCA,7,4807994
ygeY_predicted,0.5555555555555556,12,8,AGTGACCCATAATCAATCCA,4,4809126
ygeY_predicted,1.2222222222222223,18,8,AGGGGAAAAACGTAACGAGT,10,4812033
ygeY_predicted,1.8888888888888888,24,8,AGGGCTGGGCCGATATTCTT,16,4814131
ygeY_predicted,7.111111111111111,71,8,AGGATTGGTTGAAGGAAATA,63,4808321
ygeY_predicted,1.7777777777777777,23,8,AGAAGGGACATAGATATCCA,15,4811591
ygeY_predicted,8.444444444444445,83,8,ACTTGCGGTTCGTATAACGA,75,4798164
ygeY_predicted,1.6666666666666667,22,8,ACTGGCAATGGGCCTGACGT,14,4798525
ygeY_predicted,2.4444444444444446,29,8,ACGTTTAACTTTACGCGACA,21,4816252
ygeY_predicted,0.2222222222222222,9,8,ACAGATGAGAATTAGAAAGC,1,4812338
ygeY_predicted,2.7777777777777777,32,8,AACTCGATTCTGTTTAAGGC,24,4810732
ygeY_predicted,0.6666666666666666,13,8,AACTCCATCGCCTCAGGAGG,5,4809820
ygeY_predicted,0.25,8,7,TTGAAAAGGTATCATGGGCT,1,4807699
ygeY_predicted,1.125,15,7,TTCGTTACGGAATACACGTT,8,4802008
ygeY_predicted,0.375,9,7,TTATTGCATAATATTTACCT,2,4811599
ygeY_predicted,2.5,26,7,TTATCCGCCCAAGTGGGAGA,19,4804122
ygeY_predicted,8.25,72,7,TGTTTTATACGTCAGCATGT,65,4814505
ygeY_predicted,0.875,13,7,TGTGAGGCTCGATTTATCAT,6,4807834
ygeY_predicted,0.375,9,7,TGGACCATCGGTTTCTCTGG,2,4796657
ygeY_predicted,0.75,12,7,TGGAAAACCGGATTGAGTTC,5,4798673
ygeY_predicted,0.25,8,7,TCTGGAGAACCCATGGTCGT,1,4800936
ygeY_predicted,0.25,8,7,TCTCACATATAAAATCAGTA,1,4802031
ygeY_predicted,6.875,61,7,TCTATGTAAGTGCAGTTTTC,54,4806782
ygeY_predicted,10.25,88,7,TCGTGCGATTGGATTATACA,81,4804576
ygeY_predicted,5.125,47,7,TCGTAAAGCGCAAAGGTGTA,40,4799647
ygeY_predicted,0.375,9,7,TCCGCTGATATTAGTACCAC,2,4806266
ygeY_predicted,0.375,9,7,TCCAGCGTCCGTTTTTATAT,2,4798026
ygeY_predicted,0.25,8,7,TCCAAGGTTTTGTTTACCGA,1,4804275
ygeY_predicted,5.625,51,7,TCACCGTCCGCTTTCAAGGA,44,4809205
ygeY_predicted,0.625,11,7,TATCCCACCTTTTCGTCGTA,4,4813947
ygeY_predicted,1.75,20,7,TACGTAAGATCTACCATTTG,13,4800631
ygeY_predicted,4.75,44,7,TAATGGGACGTAGCACACAC,37,4801888
ygeY_predicted,1.125,15,7,TAACGTGGTGGCATAAGAAT,8,4796195
ygeY_predicted,3.0,30,7,GTTTGTTGCGGGGAAATCGA,23,4801662
ygeY_predicted,2.5,26,7,GTGCTGTTTGGGTGTAACCG,19,4815647
ygeY_predicted,0.25,8,7,GTCGTAAAAACTGAGTACGT,1,4799736
ygeY_predicted,3.25,32,7,GTCGGGTGCGATTTCAATTC,25,4802340
ygeY_predicted,1.875,21,7,GTCAGGCCCCGTCAAAGTGT,14,4798086
ygeY_predicted,4.875,45,7,GTACTTTCTTATATGGTAAG,38,4807094
ygeY_predicted,0.25,8,7,GGGCTCACGCTTAAGTGGAA,1,4801558
ygeY_predicted,0.5,10,7,GGCTTCCAGACGATCGAAGA,3,4806998
ygeY_predicted,5.375,49,7,GGCTAAGTATTCCCAACTGA,42,4797924
ygeY_predicted,0.25,8,7,GGCGTTTCCTGATTCTTGAA,1,4801742
ygeY_predicted,0.25,8,7,GGCCTACTTGAGGGCCTTAT,1,4800032
ygeY_predicted,0.25,8,7,GGCCATACTGATAAACTCCT,1,4803424
ygeY_predicted,0.375,9,7,GCATGTCCGGGCGCCGACCA,2,4799610
ygeY_predicted,0.25,8,7,GCATCGGTAGAACGGCCAAT,1,4801657
ygeY_predicted,1.375,17,7,GCATCCGCATGGAGGTAGCA,10,4796774
ygeY_predicted,3.0,30,7,GCATCACCACTATACTAATA,23,4814485
ygeY_predicted,0.75,12,7,GCATCACACCGTGCCGCTAT,5,4800393
ygeY_predicted,0.25,8,7,GCACAATCATCGCTATTTGT,1,4814428
ygeY_predicted,1.375,17,7,GCAAGAGGCTGAATCCGATG,10,4798221
ygeY_predicted,0.5,10,7,GACTTAGTGCTTCCTCAATG,3,4815284
ygeY_predicted,0.25,8,7,GACAGGACGTGTAAAACAGT,1,4804671
ygeY_predicted,0.5,10,7,GACAGGACATAGATACGTTT,3,4808701
ygeY_predicted,0.25,8,7,GAATCTAAGTAGTAGCCGAA,1,4808073
ygeY_predicted,1.5,18,7,GAACACGTCTACAGAGCATC,11,4801312
ygeY_predicted,0.875,13,7,CTTGGCAAAGGTTCTGGATA,6,4798421
ygeY_predicted,6.125,55,7,CTTCCTCGACACCAACGTGT,48,4811437
ygeY_predicted,0.25,8,7,CTGTATCAACACAATTGGCA,1,4800316
ygeY_predicted,1.0,14,7,CTGGCCGAGCTGAAAGATCC,7,4795827
ygeY_predicted,0.25,8,7,CTCGTGGAAACCCCCGTTTT,1,4798062
ygeY_predicted,4.875,45,7,CTCAGGTAATTCGCTGGCCT,38,4797836
ygeY_predicted,0.25,8,7,CTCACAATCTTTATAGCTAA,1,4809220
ygeY_predicted,1.75,20,7,CTATGAAGCTCTAGGTCGTC,13,4800420
ygeY_predicted,5.0,46,7,CGTACGTGGTTGACGTATTG,39,4816123
ygeY_predicted,0.25,8,7,CGGCGACTTACACTCTTATA,1,4811663
ygeY_predicted,2.25,24,7,CGATTAGGGGTGACACCGCG,17,4799768
ygeY_predicted,0.25,8,7,CGAGGGACACTGGGATATAC,1,4806189
ygeY_predicted,0.875,13,7,CGAAAGACGCAGGTGAGGTG,6,4808821
ygeY_predicted,10.0,86,7,CCTACGTGATCATAGTACCT,79,4794934
ygeY_predicted,0.25,8,7,CCGTGAGCTTACTAACCTAG,1,4812567
ygeY_predicted,6.375,57,7,CCGTCAACTTTGAAGGAACA,50,4813121
ygeY_predicted,5.625,51,7,CCGCAACATTGCATAGTGGA,44,4815775
ygeY_predicted,0.25,8,7,CCGAGAGTCCTAGGGCTAAT,1,4800613
ygeY_predicted,1.75,20,7,CCCGCGCGCTCCTGGCTGCA,13,4805228
ygeY_predicted,6.75,60,7,CCCCGTGACTCGCATGGAAT,53,4811372
ygeY_predicted,0.625,11,7,CCACCCGAACAGATACTACT,4,4805954
ygeY_predicted,0.25,8,7,CATCGGATAACCTTAAACAA,1,4794988
ygeY_predicted,3.5,34,7,CAGTCCCGACGATTGGTCAA,27,4799250
ygeY_predicted,0.25,8,7,CAGCTCTTGGTATGATTGCT,1,4804466
ygeY_predicted,0.375,9,7,CAGCATTGGATTGTCGTGAC,2,4802173
ygeY_predicted,0.375,9,7,CACTCTCTAACATGGTGCTT,2,4806375
ygeY_predicted,2.125,23,7,CAACCTCTTCATTTTTGGCG,16,4799020
ygeY_predicted,1.375,17,7,CAAAGCGTCATCGGTCAGGA,10,4813034
ygeY_predicted,0.375,9,7,ATTTCGATCATGATGCTGTT,2,4801773
ygeY_predicted,6.125,55,7,ATTGCGAGGGAACACCTCGG,48,4803140
ygeY_predicted,1.375,17,7,ATTCAAGGACTGAAACCCAT,10,4802419
ygeY_predicted,2.125,23,7,ATTATGGATCCAGCCGCCCG,16,4804560
ygeY_predicted,1.125,15,7,ATTAAAATGCGTCTCGAACA,8,4802794
ygeY_predicted,2.125,23,7,ATCTGTTATTTGACCCATGC,16,4813051
ygeY_predicted,1.375,17,7,ATCCTTAGTCCGCACATGTT,10,4801289
ygeY_predicted,3.125,31,7,ATCCGGGCTAGTAGATCAAG,24,4795207
ygeY_predicted,5.0,46,7,AGTTCGTTGAATAAGAAAGA,39,4807391
ygeY_predicted,1.875,21,7,AGTCATAGCGTACGGATTCG,14,4803889
ygeY_predicted,0.75,12,7,AGGTGTGGAGCACCGCCATT,5,4806530
ygeY_predicted,0.625,11,7,AGGGTTTATGACGCACGGTA,4,4800380
ygeY_predicted,4.625,43,7,AGATCCGAAACGATTCCGAC,36,4795201
ygeY_predicted,0.375,9,7,ACTGCGAAAGCAAACCTGCG,2,4808553
ygeY_predicted,0.25,8,7,ACTCACCGAGGCAACGTGAA,1,4795833
ygeY_predicted,1.375,17,7,ACGTCGTGCTCGGGCTACTA,10,4806464
ygeY_predicted,3.5,34,7,ACGGCTCCGTTTATGGGGGA,27,4804360
ygeY_predicted,0.75,12,7,ACGAGTTCCACATCTCAGGG,5,4812022
ygeY_predicted,2.75,28,7,ACACTGTCCCAAGTGCCATT,21,4795268
ygeY_predicted,2.25,24,7,AATGTTTGGTTGGTTCGGGT,17,4796178
ygeY_predicted,1.0,14,7,AAGGCGCACATTTTAGGATA,7,4803125
ygeY_predicted,0.25,8,7,AAGACAGTCTAGTCTTATTT,1,4796694
ygeY_predicted,0.25,8,7,AACATTGTACGTGGGCGCAT,1,4810303
ygeY_predicted,6.0,47,6,TTTTGGTACCGCCTTGGTAT,41,4805004
ygeY_predicted,3.7142857142857144,31,6,TTCCGTCCGGGGCCTCACAC,25,4806353
ygeY_predicted,4.0,33,6,TGTTTCGGACCTTGGCGTTC,27,4800530
ygeY_predicted,0.2857142857142857,7,6,TGTCGATACTTCAGTCCAAT,1,4810626
ygeY_predicted,0.2857142857142857,7,6,TGTAATAGTGAGGGCGGCGC,1,4810382
ygeY_predicted,2.5714285714285716,23,6,TGATCGTGTGGGGTAGCTCA,17,4809323
ygeY_predicted,4.285714285714286,35,6,TCTGGGGCCGGTAGTCGGGA,29,4810224
ygeY_predicted,2.0,19,6,TCTCCACGAAAAAACAGTGG,13,4812077
ygeY_predicted,1.2857142857142858,14,6,TCTAGCGCGAATGGTATCAA,8,4803779
ygeY_predicted,0.42857142857142855,8,6,TCCTCAGCATTATTTGCGCG,2,4802857
ygeY_predicted,1.8571428571428572,18,6,TCCAACGCAGAAGTGGGTGA,12,4815370
ygeY_predicted,3.2857142857142856,28,6,TCACGGCTCAAGTCGTCATT,22,4813036
ygeY_predicted,0.2857142857142857,7,6,TCAAGGCCGAAATACCCTGA,1,4797999
ygeY_predicted,0.2857142857142857,7,6,TATTGATGTTTGTGATATGC,1,4807573
ygeY_predicted,0.42857142857142855,8,6,TAGGGTCGCTTGCGGTATAA,2,4814823
ygeY_predicted,1.0,12,6,TACACGGTGCAGCCCGTCAA,6,4807971
ygeY_predicted,2.0,19,6,TAATGCGCGAGCCCAGACTT,13,4810850
ygeY_predicted,8.0,61,6,GTTGATTCTGGGATTTCGAT,55,4796581
ygeY_predicted,0.2857142857142857,7,6,GTTACACTCTTTGGTTCCAT,1,4795191
ygeY_predicted,0.2857142857142857,7,6,GTGTGTTTTTTGTGAGTATA,1,4807848
ygeY_predicted,0.2857142857142857,7,6,GTGTCGTCAACGACGTCTAT,1,4797865
ygeY_predicted,2.0,19,6,GTGTCGCGTTCACTGGAAAT,13,4800231
ygeY_predicted,3.142857142857143,27,6,GTCGTGTTGTAGTTCACGAG,21,4805370
ygeY_predicted,7.714285714285714,59,6,GTCGGTAAGTTCAATTGCAG,53,4811137
ygeY_predicted,8.714285714285714,66,6,GTATACCACACACGTCAAGT,60,4802180
ygeY_predicted,0.2857142857142857,7,6,GTAACCTGGAGAGAAGGCTC,1,4797654
ygeY_predicted,2.7142857142857144,24,6,GGTGTTGAAAAAGTTAGGAT,18,4813052
ygeY_predicted,7.714285714285714,59,6,GGTACTCACTCCCAACTCTC,53,4798487
ygeY_predicted,6.285714285714286,49,6,GGGGGGAAAGCCGCTTTGTA,43,4802877
ygeY_predicted,0.5714285714285714,9,6,GGCTCAGTATCAGCGTACAT,3,4805647
ygeY_predicted,0.7142857142857143,10,6,GGAGCATCTATGAGGTCTCG,4,4808649
ygeY_predicted,1.4285714285714286,15,6,GCGCGCTTCCCGTTTGGTAA,9,4814272
ygeY_predicted,0.2857142857142857,7,6,GCCTTTGATGGGACCTGTGC,1,4803577
ygeY_predicted,0.8571428571428571,11,6,GCCGAGGGCGAACCCCCCGT,5,4796595
ygeY_predicted,7.714285714285714,59,6,GCACCTCACCCTGTGTCCAA,53,4813199
ygeY_predicted,2.5714285714285716,23,6,GATGTCTGTTTAAGCACTAA,17,4800492
ygeY_predicted,8.0,61,6,GATGTCAAACACCCGACCCT,55,4796644
ygeY_predicted,1.4285714285714286,15,6,GATGCTGACGAAGGCCGTCG,9,4813438
ygeY_predicted,2.4285714285714284,22,6,GAGCTGGATCTTCTCTGTGA,16,4798101
ygeY_predicted,0.8571428571428571,11,6,GAGCCGGACAGCAAGCTACG,5,4808209
ygeY_predicted,4.0,33,6,GACTATGACTCGTCCTTACA,27,4806247
ygeY_predicted,0.2857142857142857,7,6,GAAGGAGGTCCGTGTGTATT,1,4813348
ygeY_predicted,0.2857142857142857,7,6,CTTTTGCCCTGTAAGAAAGC,1,4800739
ygeY_predicted,5.714285714285714,45,6,CTTGGCGCTGTGTTGATACA,39,4800035
ygeY_predicted,6.714285714285714,52,6,CTGGGAGCCAGCCACAAAAT,46,4807698
ygeY_predicted,3.4285714285714284,29,6,CTCGCTTCATCTATCCCTGC,23,4801536
ygeY_predicted,0.8571428571428571,11,6,CTCCCACTTAATTCAGTATT,5,4800888
ygeY_predicted,6.142857142857143,48,6,CTCCATTCTAGGGGGGGCCC,42,4797605
ygeY_predicted,4.0,33,6,CGTCCTAGTTTCGGTATGGG,27,4796936
ygeY_predicted,9.857142857142858,74,6,CGGTAGGTGAGTATATTTGT,68,4795760
ygeY_predicted,6.857142857142857,53,6,CGGAGCGAGTTCGCCGAAGG,47,4804495
ygeY_predicted,0.7142857142857143,10,6,CGAATCCGGCCTAGTTGAGT,4,4805143
ygeY_predicted,1.2857142857142858,14,6,CCTACTAGCTAGACGTGGTT,8,4799829
ygeY_predicted,0.2857142857142857,7,6,CCGGTCGCAGTCGCTATAAG,1,4799154
ygeY_predicted,2.2857142857142856,21,6,CCGCGAAGGACCGGTCGCTT,15,4814267
ygeY_predicted,3.0,26,6,CCGAAGGGTCCTGATTGTAA,20,4802571
ygeY_predicted,0.2857142857142857,7,6,CCCCTCGAGGCAGTCTACCA,1,4801704
ygeY_predicted,1.2857142857142858,14,6,CCAAGTGGATCTTCACAGGT,8,4809428
ygeY_predicted,0.42857142857142855,8,6,CAGTACACAGGTGTGAATCA,2,4808260
ygeY_predicted,0.42857142857142855,8,6,CAGCTGAGATCCTGTTCGCA,2,4807362
ygeY_predicted,1.5714285714285714,16,6,CACATTAGAACTAATCCCCC,10,4815678
ygeY_predicted,0.42857142857142855,8,6,CAACTGCTAGCCAACCGCAA,2,4807681
ygeY_predicted,2.5714285714285716,23,6,CAAACGATCGAATTTTAGTG,17,4816058
ygeY_predicted,1.0,12,6,ATTTCGCCGTGTATTGGCCC,6,4798021
ygeY_predicted,0.2857142857142857,7,6,ATTATAGGTGCTATTTGTAG,1,4802986
ygeY_predicted,0.7142857142857143,10,6,ATGCGCGACCAGACTTCCAC,4,4813918
ygeY_predicted,1.4285714285714286,15,6,ATCGCGATCGCGGTAAAAGG,9,4807300
ygeY_predicted,2.7142857142857144,24,6,ATATTCGAACATCCCACCGT,18,4796680
ygeY_predicted,2.5714285714285716,23,6,ATACCCTGAGCAGATGCCTA,17,4807068
ygeY_predicted,1.1428571428571428,13,6,AGTTCGCAGCGTCTTCTAAT,7,4805173
ygeY_predicted,1.2857142857142858,14,6,AGTAAGTGAATGAATGCATT,8,4815011
ygeY_predicted,2.2857142857142856,21,6,AGGCGTACCTTCCAAGAAAC,15,4803247
ygeY_predicted,3.4285714285714284,29,6,ACGTCCGTCTTGATGCTAAT,23,4809316
ygeY_predicted,3.142857142857143,27,6,ACGGAAGTAGACATGACCAG,21,4809326
ygeY_predicted,0.2857142857142857,7,6,ACGATTGGTCTGTAATTGTA,1,4806347
ygeY_predicted,0.2857142857142857,7,6,ACAGGCTTCCCGTTAGCGAG,1,4813970
ygeY_predicted,0.2857142857142857,7,6,ACAGATACCGATCGTGATGA,1,4807603
ygeY_predicted,0.42857142857142855,8,6,ACAAGTGATATACTCACGAC,2,4795872
ygeY_predicted,0.2857142857142857,7,6,AATTTCGTGTTTACATTGAT,1,4806350
ygeY_predicted,7.0,54,6,AACATGTTCATAGGAGCTCA,48,4803803
ygeY_predicted,0.2857142857142857,7,6,AAAGGGATACAATCGGGGCT,1,4805796
ygeY_predicted,2.5,19,5,TTGGTGGACGAAGAAAGCTA,14,4795419
ygeY_predicted,2.1666666666666665,17,5,TTCGAACGGGTCGATGCTAC,12,4805006
ygeY_predicted,7.0,46,5,TTCGAAAGGGCTTAGTCCTA,41,4802295
ygeY_predicted,0.5,7,5,TTCACATGACGTCATTCGCT,2,4800226
ygeY_predicted,3.8333333333333335,27,5,TTATACTACGGAGGATCGTA,22,4798691
ygeY_predicted,1.5,13,5,TTAGGAGGACGCAACGATTA,8,4804152
ygeY_predicted,1.3333333333333333,12,5,TTACCCTTTTCCGAGGTTTG,7,4797807
ygeY_predicted,7.833333333333333,51,5,TGTTCGGTCCATGATGGGAA,46,4800128
ygeY_predicted,2.6666666666666665,20,5,TGTGACAGTACTGGGCGACA,15,4809480
ygeY_predicted,9.166666666666666,59,5,TGGGCCGGGCGGCGAAAGCT,54,4806528
ygeY_predicted,0.3333333333333333,6,5,TGATCGTGTGTATTATATCT,1,4802405
ygeY_predicted,5.666666666666667,38,5,TGAGCGGATGCCCGTAACTG,33,4814001
ygeY_predicted,4.833333333333333,33,5,TGACGAGACAAGTATCCTTT,28,4806209
ygeY_predicted,3.6666666666666665,26,5,TCTCTACATGGCCGGGCGAT,21,4799314
ygeY_predicted,7.5,49,5,TCCTAAGTATTTACCGGTAC,44,4800183
ygeY_predicted,3.0,22,5,TCCGTCGTTCCCCTCATCGC,17,4803299
ygeY_predicted,6.166666666666667,41,5,TCCCCAAAACCGCTCAACAG,36,4805602
ygeY_predicted,0.3333333333333333,6,5,TCAAGTCAGGCTCTGCGGCA,1,4816809
ygeY_predicted,2.8333333333333335,21,5,TAGCGTGGTCAGACAATATA,16,4810226
ygeY_predicted,6.5,43,5,TACGTAAGCCCGCGGTCGTT,38,4800997
ygeY_predicted,1.0,10,5,TAATTATAGAAGCCTCTGCA,5,4811537
ygeY_predicted,2.1666666666666665,17,5,TAACGGACCTGGGAAGCACC,12,4806333
ygeY_predicted,5.166666666666667,35,5,GTTTTACGGGGCGTTGAAGA,30,4797917
ygeY_predicted,0.8333333333333334,9,5,GTATAGCATACGCGCCCATC,4,4806483
ygeY_predicted,0.6666666666666666,8,5,GTAGCATAGCGTAAGAGCCA,3,4812131
ygeY_predicted,0.3333333333333333,6,5,GTACCCCGCAACGCGTTAAA,1,4807935
ygeY_predicted,1.1666666666666667,11,5,GGTTCTATTTTGGGCAGCAT,6,4803824
ygeY_predicted,0.3333333333333333,6,5,GGTCGGACCCCGGTTAGCCA,1,4801076
ygeY_predicted,2.8333333333333335,21,5,GGGCGTACCTGAGGTTGCGG,16,4798042
ygeY_predicted,2.0,16,5,GGGAATGCACGTCATCACCT,11,4799495
ygeY_predicted,1.6666666666666667,14,5,GGCGATGCCGATTCTACTTC,9,4800873
ygeY_predicted,0.3333333333333333,6,5,GGCATGTCCGGGAGTGGCGG,1,4807072
ygeY_predicted,2.6666666666666665,20,5,GGATGTTAAGGTAGGCCGAG,15,4804774
ygeY_predicted,13.5,85,5,GGAGGGAAATAGCTGTGTAT,80,4804279
ygeY_predicted,0.6666666666666666,8,5,GCTGCCTCACGTTCTGCTGT,3,4810830
ygeY_predicted,6.666666666666667,44,5,GCGAGTTAGAGCTTCCCGTT,39,4801796
ygeY_predicted,5.0,34,5,GCGAAAGCAATGTATCCTAA,29,4803634
ygeY_predicted,1.3333333333333333,12,5,GCAACACGTCGTCCGCCCCT,7,4815319
ygeY_predicted,0.6666666666666666,8,5,GATGGCACTTTCAGCGCGTC,3,4812340
ygeY_predicted,4.666666666666667,32,5,GAGGGGAGTCTGGGGAGGTG,27,4795600
ygeY_predicted,2.3333333333333335,18,5,GACCGGTTACTTACCAGCTT,13,4814266
ygeY_predicted,0.5,7,5,GAATGTCACTAACAGAACCG,2,4806567
ygeY_predicted,0.3333333333333333,6,5,CTTTAATAGTTGATCCTGGG,1,4815056
ygeY_predicted,0.3333333333333333,6,5,CTTGTCTCGGTTTGCAATTG,1,4798268
ygeY_predicted,0.3333333333333333,6,5,CTTCACACGTTAGGTGTGTC,1,4813840
ygeY_predicted,2.5,19,5,CTGTCAGTTTAGGAGGTTCA,14,4801308
ygeY_predicted,1.0,10,5,CTGGAAGGAATATCCATATA,5,4795332
ygeY_predicted,3.5,25,5,CTCCCAATAGCCACGGGCAG,20,4800464
ygeY_predicted,3.5,25,5,CTCAGGACGATGTCCCCGGA,20,4807553
ygeY_predicted,2.3333333333333335,18,5,CTATCAATTCCTACTAGGGG,13,4800789
ygeY_predicted,0.3333333333333333,6,5,CTACTGTCTTAAGGTCAAGG,1,4805862
ygeY_predicted,6.333333333333333,42,5,CGTCGCTGTCATGGGGCGGA,37,4810110
ygeY_predicted,0.3333333333333333,6,5,CGTACCGATATATTTTGGGT,1,4795250
ygeY_predicted,0.3333333333333333,6,5,CGGGCGCGGCCACTGGGTTT,1,4802300
ygeY_predicted,3.3333333333333335,24,5,CGCCGTAGGCACGGGTATCG,19,4812882
ygeY_predicted,0.3333333333333333,6,5,CGCCAACAAGTAGGATCGGA,1,4816350
ygeY_predicted,0.3333333333333333,6,5,CGATATGACAATTCACCAGG,1,4804840
ygeY_predicted,0.3333333333333333,6,5,CGAGGAAATGACGGGACTAC,1,4797796
ygeY_predicted,1.3333333333333333,12,5,CGACGTCCGACGATCTCCTT,7,4797920
ygeY_predicted,2.8333333333333335,21,5,CCTCACGAAGAAGGCGGTAT,16,4796048
ygeY_predicted,2.3333333333333335,18,5,CCTAAACCAGGCAGTAGCTC,13,4807458
ygeY_predicted,3.8333333333333335,27,5,CCGACAATGTTGAACTAAGC,22,4812550
ygeY_predicted,1.3333333333333333,12,5,CCCGCAGGCAGCTATAATGG,7,4802898
ygeY_predicted,4.666666666666667,32,5,CCCCTAGCGGCCTTTAAGGA,27,4813749
ygeY_predicted,0.6666666666666666,8,5,CCCCAGCTAGATAGCCGACG,3,4799365
ygeY_predicted,0.8333333333333334,9,5,CCACGCCGACCATTGGAGAC,4,4808556
ygeY_predicted,1.1666666666666667,11,5,CATGTGTTCGTTCGATGTTC,6,4815696
ygeY_predicted,6.5,43,5,CATGGCTGGTAACGGGTGTT,38,4814150
ygeY_predicted,2.1666666666666665,17,5,CATGGCTCTCCATCTTCTAT,12,4797717
ygeY_predicted,5.0,34,5,CAGGCTCAATTAACAGAAAT,29,4795876
ygeY_predicted,8.5,55,5,CACACGTCAGGAGAAGAGCT,50,4810824
ygeY_predicted,0.5,7,5,ATTGTTAGGGGGGTTCCATG,2,4800933
ygeY_predicted,4.166666666666667,29,5,ATTGTACTTAGCTGGGGTAT,24,4803790
ygeY_predicted,1.0,10,5,ATGCCCAGACTGGTTTCTCG,5,4808741
ygeY_predicted,0.3333333333333333,6,5,ATGATGCTCTTAACACGCTA,1,4815663
ygeY_predicted,0.3333333333333333,6,5,ATCACAAGGACCGAACGCCA,1,4806494
ygeY_predicted,1.5,13,5,AGTCAAAGCGGCGACGGCAG,8,4796382
ygeY_predicted,1.5,13,5,AGCTATTACGCAACTCGCGC,8,4814240
ygeY_predicted,2.5,19,5,AGCGCGAACGTCATGCGCAA,14,4816770
ygeY_predicted,0.5,7,5,AGCGCCCCTACCGGTTCACA,2,4797684
ygeY_predicted,0.3333333333333333,6,5,AGCCTTACCCCATCTCCTCT,1,4804757
ygeY_predicted,2.1666666666666665,17,5,AGACATGAGAGGACACGGGA,12,4804550
ygeY_predicted,8.166666666666666,53,5,ACTTGTCGGTCAGTGGAGAA,48,4805150
ygeY_predicted,6.0,40,5,ACTCGCTAGCCAGTAACCCG,35,4815774
ygeY_predicted,3.5,25,5,ACCTGACAACATTTTGTCTA,20,4801672
ygeY_predicted,9.166666666666666,59,5,ACCAGATTAGGTCTTCAAGA,54,4794976
ygeY_predicted,3.5,25,5,AATCATTTGCGTGCGAGGTG,20,4796933
ygeY_predicted,0.5,7,5,AATACCGTGGAACATCCTAA,2,4815762
ygeY_predicted,3.0,22,5,AAGTCGGATGGGCCTTGCCG,17,4810345
ygeY_predicted,4.333333333333333,30,5,AAAGAAACCTCTGTAAAAGC,25,4810373
ygeY_predicted,1.2,9,4,TTTGCCCTCTAAGCGAGTGC,5,4797808
ygeY_predicted,5.0,28,4,TTGGTGCACCATCTGACCCT,24,4810398
ygeY_predicted,12.2,64,4,TTCGTGGAGCGAAACTCACT,60,4799616
ygeY_predicted,7.8,42,4,TGGGTTTAAATCCACCACTG,38,4803020
ygeY_predicted,8.0,43,4,TGGAGACCGGATGACCAGTA,39,4807266
ygeY_predicted,10.6,56,4,TCGTCTGAAGTACGGGCGAA,52,4813389
ygeY_predicted,0.4,5,4,TCGGGTTATATGTATCTCTG,1,4803176
ygeY_predicted,3.4,20,4,TAGGTGCGTAGGGATTGCGT,16,4804808
ygeY_predicted,7.8,42,4,TAGGTAATAGCGATTAGATG,38,4804578
ygeY_predicted,1.2,9,4,TAGCCAGGGGCAACTCTGTG,5,4797395
ygeY_predicted,12.8,67,4,TACCGAACATCGGCACGAAA,63,4812352
ygeY_predicted,1.2,9,4,TACACATCTGAGAAAGTGTC,5,4799938
ygeY_predicted,3.2,19,4,TAATCCGCATATACATCGAT,15,4807991
ygeY_predicted,2.4,15,4,GTTAAGCACCTGCCCGGCCA,11,4809588
ygeY_predicted,6.4,35,4,GTGAGGCGGCTCGACCTGAC,31,4799570
ygeY_predicted,11.0,58,4,GTCGTTGATCAGGTCTACTA,54,4806543
ygeY_predicted,0.6,6,4,GTCGGCACTGCGTATAGACT,2,4803559
ygeY_predicted,14.0,73,4,GTCCCGCTAGACGTCCACTT,69,4810368
ygeY_predicted,3.6,21,4,GGTGCGCAATTTAAGTGGAG,17,4799820
ygeY_predicted,2.4,15,4,GGGTTCTCACGACGCTACAT,11,4814846
ygeY_predicted,0.6,6,4,GGGCTAATGCGTCATATGAA,2,4801561
ygeY_predicted,4.0,23,4,GGCGACGGGGCTACGGAACC,19,4806275
ygeY_predicted,8.2,44,4,GGAGCCAAATCGGTCTCCTC,40,4795874
ygeY_predicted,0.4,5,4,GGAGATTTTGCGCAGACCCG,1,4795182
ygeY_predicted,4.4,25,4,GGACGGCAAAGTGGGGTGCG,21,4800810
ygeY_predicted,2.4,15,4,GGAACAAGGGCTCACGGTAC,11,4797609
ygeY_predicted,7.0,38,4,GGAAACGAAGCACGCGCCCT,34,4803953
ygeY_predicted,0.4,5,4,GCTTACTAATGAATACCCCA,1,4799699
ygeY_predicted,1.6,11,4,GCTAGGGACCCTTTGACTCA,7,4804000
ygeY_predicted,0.6,6,4,GCTAGGACTCCAACCGTCGG,2,4802913
ygeY_predicted,2.8,17,4,GCGCTCGCAGGTGTGTTAGT,13,4802059
ygeY_predicted,8.6,46,4,GCCTATCTTTAATCCTGGCC,42,4802092
ygeY_predicted,0.4,5,4,GAAGTCACTAATATCACCGT,1,4812240
ygeY_predicted,0.4,5,4,GAACCTACACCCGTAAGAAG,1,4801370
ygeY_predicted,0.4,5,4,CTTGCGCTTCATAAGGCCCA,1,4808326
ygeY_predicted,3.8,22,4,CTTCAGGTATTGCATGACAA,18,4801258
ygeY_predicted,0.4,5,4,CTGACTACATACGGTACGAC,1,4804231
ygeY_predicted,0.4,5,4,CTCAGGTAACTAGCGCCTGT,1,4800089
ygeY_predicted,0.4,5,4,CTATGGAGCTCTAGCGTTAT,1,4800535
ygeY_predicted,0.4,5,4,CGGTACGGTGTGCATTATAC,1,4799026
ygeY_predicted,3.2,19,4,CGACAATACTAAGGGTCTCG,15,4804836
ygeY_predicted,7.2,39,4,CCTTTTGTAAGGACTCCGTG,35,4811655
ygeY_predicted,0.4,5,4,CCTTTGCATAATCCTGAGCG,1,4796930
ygeY_predicted,0.4,5,4,CCTGAGCCGTTTGGCGAGAC,1,4803230
ygeY_predicted,0.4,5,4,CCTATGCCTTTACCTCATCA,1,4810514
ygeY_predicted,6.0,33,4,CCTAGTGGCGTAGTTAAGAT,29,4795610
ygeY_predicted,3.2,19,4,CCCATAATAGAAGAACTTTT,15,4816419
ygeY_predicted,6.4,35,4,CATCGTATATAAACCTAAGT,31,4805392
ygeY_predicted,1.0,8,4,CATACGGCGTCGGACCCTGC,4,4815626
ygeY_predicted,2.2,14,4,CAGGTCAAACACCTGCTTTT,10,4809887
ygeY_predicted,4.8,27,4,CACGGTACGATGGTCCAAGT,23,4799119
ygeY_predicted,1.6,11,4,CACGCATCAGACTTCGTACA,7,4814383
ygeY_predicted,3.6,21,4,CACCCACATGCTGTTTGGTG,17,4795295
ygeY_predicted,0.6,6,4,CACATGAAAAGGGCGGCCGT,2,4804073
ygeY_predicted,0.4,5,4,CACATCTGAGGCAAACTTGC,1,4805929
ygeY_predicted,9.8,52,4,CAATCTCCGGAACGGGTGCG,48,4796952
ygeY_predicted,2.6,16,4,CAAGTAGGATGCAATAGGTA,12,4800963
ygeY_predicted,5.2,29,4,ATTTTTAGTCGTTGGTAAGT,25,4808894
ygeY_predicted,1.2,9,4,ATTCGAGTTGGAGTCTCCTT,5,4799948
ygeY_predicted,2.0,13,4,ATGTGGTAAGATTCTTTGAG,9,4799159
ygeY_predicted,1.2,9,4,ATGTCCTTGACGACTTCAGA,5,4804398
ygeY_predicted,1.0,8,4,ATGTAGCGGTTGTTTGCCCT,4,4811292
ygeY_predicted,0.6,6,4,ATGTAACAAATATTCACGAG,2,4801367
ygeY_predicted,2.2,14,4,ATGATTTGAGGCTTTCACTG,10,4797199
ygeY_predicted,0.4,5,4,ATCGCATGCATACAGTACAG,1,4800712
ygeY_predicted,0.8,7,4,ATCAGGGTAAGGTTGTGAAC,3,4805715
ygeY_predicted,4.6,26,4,AGTCCCAGAGTCAGTCATAC,22,4795673
ygeY_predicted,0.4,5,4,AGGCTGTGCCTAAGCGCCAC,1,4803161
ygeY_predicted,1.4,10,4,ACTTCACCGCCTTAGCTATT,6,4796803
ygeY_predicted,1.6,11,4,ACGATTAGGTACACATACTC,7,4813061
ygeY_predicted,2.2,14,4,ACGAGTGTAAGAGGGAATAA,10,4816590
ygeY_predicted,1.4,10,4,ACCATCACCGCATTAGCGTC,6,4808509
ygeY_predicted,1.0,8,4,ACACTGGCCATTGTAATTTT,4,4797147
ygeY_predicted,0.4,5,4,AATTTCAAATGTATTATGGG,1,4798662
ygeY_predicted,11.2,59,4,AATGTCCGGGGACGCGTTGA,55,4795867
ygeY_predicted,1.6,11,4,AAGTGCAGTCGTGGCTCTTG,7,4813552
ygeY_predicted,12.4,65,4,AACAGTACTGCACACCAGCA,61,4798416
ygeY_predicted,5.4,30,4,AAATGGGCCTGAAACTAGTT,26,4811710
ygeY_predicted,8.6,46,4,AAAGTCTAGGAGTCGATCAG,42,4795073
ygeY_predicted,1.0,8,4,AAAGGTGCGATCAGTTTAAA,4,4805665
ygeY_predicted,4.75,21,3,TTTCATGATTGGCATTGTTT,18,4798131
ygeY_predicted,0.75,5,3,TTGGCTGAAGCCATGGGAGG,2,4804263
ygeY_predicted,2.5,12,3,TGTTGCCGCATTGTTCATCT,9,4801310
ygeY_predicted,1.25,7,3,TGTCAACCGGTCATCCGCGT,4,4807875
ygeY_predicted,2.5,12,3,TGTAGTAACAGAATGTGCCT,9,4813332
ygeY_predicted,6.0,26,3,TGGGCTAATCTCTTACAGTT,23,4813671
ygeY_predicted,14.75,61,3,TGGGAAAGGGGTCGGCGTCT,58,4795251
ygeY_predicted,12.0,50,3,TGGCCGTAACAATTGGTAGG,47,4795245
ygeY_predicted,8.0,34,3,TGGACAGTGGCCGCACCTAC,31,4814307
ygeY_predicted,0.5,4,3,TGATGCGTTCGTTAGATTAC,1,4807162
ygeY_predicted,1.0,6,3,TGAGTAAAATAATCATTTCT,3,4804050
ygeY_predicted,10.25,43,3,TCTTGGGGGCGTACGAACTG,40,4798403
ygeY_predicted,6.25,27,3,TCTCCTAATACGTTTTTGTT,24,4812387
ygeY_predicted,0.5,4,3,TCGGTTAAAACCTCCCGATA,1,4801244
ygeY_predicted,22.25,91,3,TCGCTATTCCATATTTCTCC,88,4803996
ygeY_predicted,10.5,44,3,TCGAATGCATGTGTTGGGAC,41,4798554
ygeY_predicted,1.0,6,3,TCCAGGCTTATTCCGGCCTA,3,4805332
ygeY_predicted,3.0,14,3,TCATGCCTCCAGACGGTTCG,11,4798898
ygeY_predicted,2.0,10,3,TCAGCACTCGCCTCAGCCAG,7,4807486
ygeY_predicted,8.0,34,3,TATGACCAATTGGTTTATAA,31,4809282
ygeY_predicted,0.5,4,3,TATCATGACCTAAATAATCT,1,4802679
ygeY_predicted,8.5,36,3,TATAGGCAATATACGGCGGC,33,4797703
ygeY_predicted,0.75,5,3,TATAAGAGAAGACGAGAACG,2,4800940
ygeY_predicted,1.0,6,3,TAGAGACGGGAACATACCTA,3,4803425
ygeY_predicted,0.5,4,3,TACGGCCCCCTGTCATACAT,1,4802353
ygeY_predicted,6.5,28,3,TACCTTCACCTTTAGACACC,25,4799847
ygeY_predicted,0.5,4,3,TACCGAGTCCAGTAACAGGA,1,4807822
ygeY_predicted,0.5,4,3,TAAAGAACAGTGACCTTTCT,1,4798332
ygeY_predicted,1.5,8,3,GTCTCATGCGCGAGGGACCT,5,4802720
ygeY_predicted,1.25,7,3,GTCGGCAACTAACTCGTCAT,4,4802080
ygeY_predicted,4.0,18,3,GTCATGGGAAGAACAGAATC,15,4812888
ygeY_predicted,1.75,9,3,GTCAAAACGTTAAGGTCATG,6,4807669
ygeY_predicted,1.25,7,3,GGTGATCGGAGCTCTACTGA,4,4798524
ygeY_predicted,1.5,8,3,GGTCCACCAAGGCGCATGCC,5,4794969
ygeY_predicted,0.75,5,3,GGTATTTGAGTCCAACTCGT,2,4811377
ygeY_predicted,12.0,50,3,GGTAAATAGGCAATTCAGCT,47,4798188
ygeY_predicted,11.25,47,3,GGCATTTTACTGAGAGAGTG,44,4802438
ygeY_predicted,0.5,4,3,GGAGTTCAACATGCAAGGGT,1,4801889
ygeY_predicted,1.75,9,3,GGAATTCACAGGCAGGAAGT,6,4815823
ygeY_predicted,5.0,22,3,GCTCCACGACAGGGTTGTCT,19,4804020
ygeY_predicted,10.0,42,3,GCGGTGTGTGCTCAGCGCGA,39,4801410
ygeY_predicted,4.75,21,3,GCCTTTATGGCACCAAATTA,18,4815867
ygeY_predicted,1.75,9,3,GCCTTACTTCTACCGCCCCC,6,4799245
ygeY_predicted,12.25,51,3,GCCATGCTGTCCTGTTACTT,48,4799667
ygeY_predicted,1.0,6,3,GCCAATCGAACTCAACTGTT,3,4803281
ygeY_predicted,0.5,4,3,GCATTCACACATCGCGGATC,1,4798140
ygeY_predicted,0.75,5,3,GCAGCCTATGGACTGGGAAA,2,4801183
ygeY_predicted,5.75,25,3,GACTAGATTGTTAGTTGACA,22,4801271
ygeY_predicted,0.5,4,3,CTTGAGGAATAACAAGCGAG,1,4800529
ygeY_predicted,6.25,27,3,CTTAAACCAGAACCCGACAC,24,4800558
ygeY_predicted,0.75,5,3,CTGTGCCTTACCGTAGTTCA,2,4808936
ygeY_predicted,6.25,27,3,CTGGACCGGGCGTAGCTTCA,24,4813140
ygeY_predicted,10.5,44,3,CTGAAGTATGAGAAGCGAAA,41,4809536
ygeY_predicted,0.5,4,3,CTCTGCATTGCATTGGCCAG,1,4800445
ygeY_predicted,5.5,24,3,CTCCTTCGATTGTTAGGTAA,21,4803761
ygeY_predicted,2.5,12,3,CTAGCTTTGCGGATGGGAGC,9,4801981
ygeY_predicted,13.5,56,3,CTACTCTTGAACAGAACTGC,53,4797622
ygeY_predicted,9.25,39,3,CTACATTTGTCATGTGCCTG,36,4798180
ygeY_predicted,0.5,4,3,CTAATCTTAGCGAGGGCTAC,1,4811900
ygeY_predicted,7.25,31,3,CGGTATAAGTCTCCCAACGT,28,4814645
ygeY_predicted,0.5,4,3,CGGGACATCGTTTTAAGACT,1,4803849
ygeY_predicted,2.25,11,3,CGCTGTGCTACAGTCACGTT,8,4813482
ygeY_predicted,0.5,4,3,CGCAATCTCTCAAGGAAGGC,1,4804839
ygeY_predicted,7.25,31,3,CGATGAACAGGTCCGCCAGA,28,4800433
ygeY_predicted,5.25,23,3,CCGGGAGACTCAATAGCCAG,20,4813782
ygeY_predicted,0.5,4,3,CCGCTGGTAACTTTGTCTGA,1,4815078
ygeY_predicted,0.5,4,3,CATGCCAATTTAAAAAAGTA,1,4802774
ygeY_predicted,6.25,27,3,CATCCACTAAGTTGTAGAGG,24,4803288
ygeY_predicted,1.0,6,3,CAGGCCCCGTACCAAAGCGA,3,4815181
ygeY_predicted,3.0,14,3,CACGAGAGGTCACTTTCTAC,11,4808249
ygeY_predicted,0.5,4,3,CACCCTTTCGGTTCAGCCAT,1,4812592
ygeY_predicted,3.25,15,3,CAAGGGGCCATCTAGAATTC,12,4810148
ygeY_predicted,15.0,62,3,CAAAATTGCAATGGGCCGGG,59,4803120
ygeY_predicted,6.75,29,3,ATTACCAACCTCACACAACA,26,4812772
ygeY_predicted,2.75,13,3,ATGTTCATTGCAATAGTATA,10,4806219
ygeY_predicted,0.5,4,3,ATCGCGCTAATCTCCAAACA,1,4801592
ygeY_predicted,0.5,4,3,ATCAGTGATTAGCTTAAAGA,1,4798694
ygeY_predicted,0.5,4,3,ATAATTAGAGGTTATCCGGT,1,4800653
ygeY_predicted,0.75,5,3,AGTGACACGCTCTCTAAGGC,2,4809559
ygeY_predicted,0.75,5,3,AGGTAACGCTTGGGCTCTAA,2,4814756
ygeY_predicted,0.5,4,3,AGGCTTAAGAACCATCAGAC,1,4797017
ygeY_predicted,0.5,4,3,AGGCATAAGGCGTTCAGATT,1,4798147
ygeY_predicted,0.5,4,3,AGGAACGCGAAATCGCGTCA,1,4812155
ygeY_predicted,0.5,4,3,AGATCATACGCATACTTGTA,1,4801197
ygeY_predicted,9.5,40,3,AGACCAGCCTATAAGCCGAA,37,4806114
ygeY_predicted,7.5,32,3,ACCTTGCCATGGAAATGGTC,29,4807600
ygeY_predicted,3.75,17,3,ACCTTCGAGAGGTAGTCAGC,14,4801378
ygeY_predicted,1.0,6,3,ACATGGAGTGTGTCGAGTCG,3,4801401
ygeY_predicted,2.25,11,3,ACATGACCTGTGCTCTTCGC,8,4814840
ygeY_predicted,3.75,17,3,ACAAACCAGGATACTCACCG,14,4802732
ygeY_predicted,5.0,22,3,AATGTGACGGGGACGTGCTG,19,4796182
ygeY_predicted,6.75,29,3,AATGTAGTATTTCGTTATAA,26,4797977
ygeY_predicted,2.75,13,3,AAGGTAAGAAGGTTTGTCCT,10,4816459
ygeY_predicted,0.5,4,3,AAGAGGTTTTCAGCCCCTTA,1,4799848
ygeY_predicted,0.5,4,3,AACCCAGATTTCCGTGTTAC,1,4809107
ygeY_predicted,14.25,59,3,AAAGTGAGAGTGTTATCGGT,56,4814090
ygeY_predicted,1.25,7,3,AAAAAGACAAATATTAACAC,4,4807717
ygeY_predicted,6.0,19,2,TTTTGATGCTTGATACCCTT,17,4812812
ygeY_predicted,2.3333333333333335,8,2,TTTATCCGATTCTGGTCAAA,6,4814223
ygeY_predicted,23.333333333333332,71,2,TTGTGATAGCCCAATGATAT,69,4807095
ygeY_predicted,2.6666666666666665,9,2,TTGGCAGAGGACCCGACCCC,7,4796705
ygeY_predicted,2.6666666666666665,9,2,TTCCTTCCATTCCCCTGTCC,7,4816677
ygeY_predicted,3.3333333333333335,11,2,TTATCGTGAGTCTTCACGTT,9,4807626
ygeY_predicted,5.666666666666667,18,2,TTAGGGACCCCCGCCATGCA,16,4806655
ygeY_predicted,14.0,43,2,TTACTAGGGACTCTTTTACA,41,4803517
ygeY_predicted,0.6666666666666666,3,2,TTAATCTTCTAGAACGCCAC,1,4798964
ygeY_predicted,9.666666666666666,30,2,TGTCCGATGGCTTATTCCGC,28,4797254
ygeY_predicted,5.333333333333333,17,2,TGTAGACGTGCTAGCTATTC,15,4808969
ygeY_predicted,1.0,4,2,TGGCAGGGATGTCACCCACC,2,4816416
ygeY_predicted,0.6666666666666666,3,2,TGGCACACGAGCAAGCGGTA,1,4812586
ygeY_predicted,10.666666666666666,33,2,TGGAAGAGTTGTTCCGTCAG,31,4803633
ygeY_predicted,1.0,4,2,TCTCTTCATGATTCCCTGAA,2,4809846
ygeY_predicted,1.3333333333333333,5,2,TCTCGAGCTAGAGTTTATTC,3,4815776
ygeY_predicted,10.666666666666666,33,2,TCGGCACATTAGTCCCCCTG,31,4811258
ygeY_predicted,20.666666666666668,63,2,TCAGGGATAGGGGGGTCGAA,61,4812908
ygeY_predicted,2.0,7,2,TCACAAGCGTGACCACCCGT,5,4800562
ygeY_predicted,4.333333333333333,14,2,TCAACCCCAATGCGGGTTGA,12,4808372
ygeY_predicted,0.6666666666666666,3,2,TATGGAAGTGATATATGAAA,1,4808308
ygeY_predicted,7.0,22,2,TATGATGCGGGACTATCCGT,20,4809845
ygeY_predicted,11.333333333333334,35,2,TAGCGCGGCTCCAGGGTTAT,33,4798282
ygeY_predicted,1.6666666666666667,6,2,TACTTCCAGTGTAAGTAACT,4,4814612
ygeY_predicted,2.0,7,2,TACTGTGTGCGAGCTCGTGA,5,4798315
ygeY_predicted,6.0,19,2,TACGATCATCGTGTATAAGG,17,4811972
ygeY_predicted,3.0,10,2,TAAGCGTTGGGTGTCGACAG,8,4804448
ygeY_predicted,0.6666666666666666,3,2,GTTCCCTGTGCAGCAGTCTC,1,4806438
ygeY_predicted,2.0,7,2,GTTCCCACTCCAGTGGGGGT,5,4795626
ygeY_predicted,15.0,46,2,GTGTGGTCGGGGAGATCAAG,44,4810920
ygeY_predicted,0.6666666666666666,3,2,GTGGGTGATGGCAGATGGAG,1,4797784
ygeY_predicted,11.333333333333334,35,2,GTGGGCATCTTAAATACTAC,33,4811811
ygeY_predicted,8.0,25,2,GTGGATACGATCGAGTCCTG,23,4801072
ygeY_predicted,4.0,13,2,GTGACCCATTTCCGTGTGAT,11,4808535
ygeY_predicted,2.6666666666666665,9,2,GTCGCATGTATAAGCCCCCT,7,4805388
ygeY_predicted,0.6666666666666666,3,2,GTCATGAATCCGAGTTTGTA,1,4800711
ygeY_predicted,15.666666666666666,48,2,GGTTGGTTCACACACGGCTA,46,4800084
ygeY_predicted,7.333333333333333,23,2,GGCGACCATGTATGAGTTGA,21,4804493
ygeY_predicted,8.333333333333334,26,2,GGCCTGATTATGTGCTGCAA,24,4797330
ygeY_predicted,6.0,19,2,GCTCACCGTACATGGTACCC,17,4808892
ygeY_predicted,0.6666666666666666,3,2,GCGCTCGGACTGTTGAGCCT,1,4806875
ygeY_predicted,1.6666666666666667,6,2,GCGACCGGGCCAAAAAGTAT,4,4801309
ygeY_predicted,7.0,22,2,GCCAGTAGGTTGAAGAGATG,20,4802299
ygeY_predicted,13.0,40,2,GCAGTTCTTACAAAAATATT,38,4802723
ygeY_predicted,1.0,4,2,GCAAAGGATTGGGGTTTCTT,2,4795145
ygeY_predicted,17.333333333333332,53,2,GATTCTATCTGGGGAGCCCT,51,4812756
ygeY_predicted,25.333333333333332,77,2,GATCCCCATTAATCGAACTC,75,4812694
ygeY_predicted,1.3333333333333333,5,2,GAGTCTTATTTCAGGTCGCA,3,4813499
ygeY_predicted,1.0,4,2,GAGGAACAGACATTGGTGAC,2,4812078
ygeY_predicted,5.0,16,2,GACTGCATGATTAATGCAGT,14,4808793
ygeY_predicted,10.666666666666666,33,2,GAATCGGTAAGTAGTACCCA,31,4804927
ygeY_predicted,2.3333333333333335,8,2,CTTATAACAGTTATTTTGCT,6,4801591
ygeY_predicted,3.0,10,2,CTGTACTGTAGAGAGGGAAC,8,4812007
ygeY_predicted,0.6666666666666666,3,2,CTGTAACGCTTCAGCATATA,1,4800069
ygeY_predicted,1.6666666666666667,6,2,CTGCTTCCTACCGACCTTAC,4,4797772
ygeY_predicted,8.666666666666666,27,2,CTGCGGCACCCACGACTGAT,25,4807722
ygeY_predicted,2.3333333333333335,8,2,CTCGAGCACGTCCCGATCAT,6,4816728
ygeY_predicted,0.6666666666666666,3,2,CTCACTCAATGACTAGCCAC,1,4808060
ygeY_predicted,4.333333333333333,14,2,CGTGGGGAGATCCTGAGCGC,12,4794977
ygeY_predicted,2.0,7,2,CGTGAAGGGATATGGAGCAA,5,4805260
ygeY_predicted,1.3333333333333333,5,2,CGGCGCGGATACTCACTCGA,3,4801121
ygeY_predicted,6.333333333333333,20,2,CGGCCTCCGGCTTAGATGGA,18,4812318
ygeY_predicted,12.666666666666666,39,2,CGCTCGTGGATGAACCAGGT,37,4801726
ygeY_predicted,17.0,52,2,CGCATCCCCCGACGTATGTC,50,4797297
ygeY_predicted,0.6666666666666666,3,2,CGAATTCCGGCTTCAACAAA,1,4805271
ygeY_predicted,7.333333333333333,23,2,CGAAGGCAAACGGGATCCAC,21,4805269
ygeY_predicted,15.666666666666666,48,2,CCGGTTTTTGAGCGAGTAAC,46,4804802
ygeY_predicted,21.0,64,2,CCGCTCACCCTTACGTAAAC,62,4798634
ygeY_predicted,0.6666666666666666,3,2,CCCGTTAGTTTGCGGGACCA,1,4798895
ygeY_predicted,3.6666666666666665,12,2,CCCGTTACTCTGAGTAAGGC,10,4800156
ygeY_predicted,8.333333333333334,26,2,CCCGTAGTCACTGGAATCCT,24,4795998
ygeY_predicted,2.3333333333333335,8,2,CCCCGAGCCTCGCCCGCAAT,6,4809188
ygeY_predicted,19.333333333333332,59,2,CCCATGTGCTTTCAAGTGCA,57,4799416
ygeY_predicted,0.6666666666666666,3,2,CCAGGTGAAAGATCCGTCTA,1,4802227
ygeY_predicted,0.6666666666666666,3,2,CAGTCGTGACTTCTTAGAGA,1,4800541
ygeY_predicted,10.333333333333334,32,2,ATTTCCGCTTCTAAGTTTAG,30,4808094
ygeY_predicted,3.0,10,2,ATTTCCCATCCCGATCCTAT,8,4796701
ygeY_predicted,21.0,64,2,ATTGGTAAATGACCACCTGT,62,4797886
ygeY_predicted,1.0,4,2,ATTCAAACTCAGCGCATCGA,2,4808019
ygeY_predicted,2.3333333333333335,8,2,ATTACAATTACCTCAGTGCC,6,4808452
ygeY_predicted,2.0,7,2,ATGTAAAAGATATTTGCTCC,5,4801594
ygeY_predicted,11.333333333333334,35,2,ATGGGTAACGTTGTCAGGAA,33,4803500
ygeY_predicted,4.0,13,2,ATGACACACTAGGCGTAACT,11,4804693
ygeY_predicted,0.6666666666666666,3,2,ATCCGCAACATGTCGGGTTA,1,4805176
ygeY_predicted,7.0,22,2,ATAAGAGCTTAGAGGAACAT,20,4814361
ygeY_predicted,1.6666666666666667,6,2,ATAAAATCCGAGTCTTACTG,4,4809922
ygeY_predicted,3.6666666666666665,12,2,AGTGTAAAAATCGGCGTTGC,10,4813691
ygeY_predicted,5.666666666666667,18,2,AGTCCTTGGTCCGGGAAACA,16,4797266
ygeY_predicted,0.6666666666666666,3,2,AGTAGTGTCCCGCGCTCAGG,1,4796292
ygeY_predicted,0.6666666666666666,3,2,AGGGTGTCCACCCCATCAAT,1,4809522
ygeY_predicted,19.0,58,2,AGGATCGGATTGAATGTACC,56,4808753
ygeY_predicted,1.0,4,2,AGCTCGAGAGGCCCGCCGAA,2,4801008
ygeY_predicted,10.0,31,2,AGCGCCCATCATAGCATCAA,29,4798497
ygeY_predicted,8.666666666666666,27,2,AGCAGCACTAGGCTGTCATT,25,4797747
ygeY_predicted,17.333333333333332,53,2,AGCAATTCCTGGCTTGGTGT,51,4803153
ygeY_predicted,4.333333333333333,14,2,AGCAATCGCGCCTAACCGGG,12,4807975
ygeY_predicted,0.6666666666666666,3,2,AGATCCGGCGCGGCAAGCCC,1,4813466
ygeY_predicted,0.6666666666666666,3,2,AGAGTTCTCGACGCGGGGCT,1,4805145
ygeY_predicted,1.0,4,2,AGAGTAATGCTGCATGTACA,2,4803522
ygeY_predicted,0.6666666666666666,3,2,AGAGTAACTCGGGTCCTTTC,1,4812624
ygeY_predicted,0.6666666666666666,3,2,ACCTTAGTGGGTGATATTAG,1,4802004
ygeY_predicted,0.6666666666666666,3,2,ACCGTAAATGGTTTGGTTTA,1,4796635
ygeY_predicted,6.0,19,2,ACCAAAAAGCGACAAACTTT,17,4798726
ygeY_predicted,6.666666666666667,21,2,ACAACTGACTTTGTGCTACT,19,4809045
ygeY_predicted,0.6666666666666666,3,2,AATGGGCCGTTCGGGCGCCA,1,4815709
ygeY_predicted,0.6666666666666666,3,2,AATGCGTACTAAAATACAGC,1,4807066
ygeY_predicted,1.0,4,2,AATCCGGGGGAACGGTTCTT,2,4816088
ygeY_predicted,5.666666666666667,18,2,AAGAAGTTTGCATCCCTGAC,16,4813354
ygeY_predicted,7.333333333333333,23,2,AACAGAAAGGGGGGCAAGTA,21,4812905
ygeY_predicted,1.0,4,2,AAACGACCGTTTAAGTAACA,2,4812191
ygeY_predicted,6.666666666666667,21,2,AAACATCTCTTTACGCCCCT,19,4816588
ygeY_predicted,6.5,13,1,TTTGACCCCCCTCGTTCGGC,12,4795177
ygeY_predicted,12.0,24,1,TTTCCTAATAGCGCCAGACG,23,4816420
ygeY_predicted,10.0,20,1,TTGTCCACCGCTCCCAGGGG,19,4815301
ygeY_predicted,11.0,22,1,TTGGGGCGGTCCTTTGAGAG,21,4804018
ygeY_predicted,7.0,14,1,TTGCTTTGAGTCGGGAAATA,13,4804729
ygeY_predicted,7.5,15,1,TTCGCTATAGACGTGATTTC,14,4811051
ygeY_predicted,14.0,28,1,TTAGTAAGTGTGTATGGCTG,27,4805527
ygeY_predicted,1.0,2,1,TTAGCCAGTGTGCCATTTGA,1,4795594
ygeY_predicted,1.5,3,1,TGGCCGTGTGGCCTCAGTAT,2,4816518
ygeY_predicted,15.0,30,1,TGATTTGGGAGGGCGATGCC,29,4801969
ygeY_predicted,2.5,5,1,TGATCTTGGCCGTTCGGTTT,4,4815247
ygeY_predicted,14.5,29,1,TGAGGTTCACGGGATATACA,28,4803097
ygeY_predicted,6.5,13,1,TGAGCTTAACACAGGCCCAG,12,4799051
ygeY_predicted,8.5,17,1,TGAACGTGAAACTCGGGTGT,16,4800477
ygeY_predicted,6.5,13,1,TCTGCCGCTATCTATCCGGT,12,4802283
ygeY_predicted,1.5,3,1,TCTACCTACCCATGCACCCC,2,4813313
ygeY_predicted,1.0,2,1,TCAGTATTACCTAAGGGCCG,1,4805900
ygeY_predicted,7.0,14,1,TATTCCATGTGACCATACAT,13,4802292
ygeY_predicted,12.0,24,1,TACGGTTACCACAGTTACCT,23,4797334
ygeY_predicted,11.0,22,1,GTTAAGTTCTAGGCATGTCA,21,4802088
ygeY_predicted,3.0,6,1,GTGTTATCTCAGGGTCGCCC,5,4798336
ygeY_predicted,9.0,18,1,GTACTACTTCTCCGCCTTTT,17,4816213
ygeY_predicted,6.5,13,1,GTACCGCATAATCGTTCTGG,12,4795826
ygeY_predicted,14.5,29,1,GGTTCCCCAGTTGTAGGGAT,28,4803541
ygeY_predicted,2.0,4,1,GGTCCCCTTGAAACGACTAT,3,4813210
ygeY_predicted,18.5,37,1,GGTAATCGAAGAAGTCAACG,36,4812118
ygeY_predicted,1.0,2,1,GGGCTTATGTTTGAGTGCAG,1,4796535
ygeY_predicted,7.0,14,1,GGGAGATAGACCGGAACCAA,13,4810171
ygeY_predicted,1.0,2,1,GGCATACGGTGGCTGACATA,1,4813462
ygeY_predicted,1.5,3,1,GGCACTAAGAGCTACTTTTA,2,4810403
ygeY_predicted,13.5,27,1,GGAAAGGCGTACTCGCGGAG,26,4815864
ygeY_predicted,5.0,10,1,GCTTGCGGGTGACCGTCCAA,9,4803263
ygeY_predicted,5.0,10,1,GCTAAGCGGACGGAGCTCGA,9,4807437
ygeY_predicted,1.0,2,1,GCGTGATGTCAAGTCACCAT,1,4812436
ygeY_predicted,5.0,10,1,GCGGTCCGTCCAGTGCCAAT,9,4807858
ygeY_predicted,17.5,35,1,GCGGATAGCGCGCTGGGTCC,34,4801246
ygeY_predicted,1.0,2,1,GCCGAGGAAGAATAGCTTTG,1,4805511
ygeY_predicted,1.0,2,1,GCATTTTTTAACCCGGGGGT,1,4799318
ygeY_predicted,6.0,12,1,GATCGGAAACGATCTTTGTA,11,4813255
ygeY_predicted,1.0,2,1,GAGCCTGCTTATCAACTAAT,1,4796155
ygeY_predicted,1.5,3,1,GACGGTCTCATTGCGGCCTT,2,4806131
ygeY_predicted,4.0,8,1,GAATACAGCACTCGTCCGGC,7,4809318
ygeY_predicted,1.0,2,1,GAATAATGAAGAGTGGATAC,1,4800950
ygeY_predicted,6.0,12,1,GAACCTTTTAGGTCAGTGTA,11,4798735
ygeY_predicted,2.5,5,1,CTTCAGAATAGATACACGAT,4,4808669
ygeY_predicted,1.5,3,1,CTGTCCAAGAGAGCGAGGGA,2,4802073
ygeY_predicted,32.0,64,1,CTGGGTCAACGAGATGGCCA,63,4811956
ygeY_predicted,1.5,3,1,CTGCTAGTCATTAACAGTAT,2,4810709
ygeY_predicted,8.0,16,1,CTCCTTGTACCGTTCTCGAA,15,4808118
ygeY_predicted,1.0,2,1,CTCCCTATTAGTAGGTCCCA,1,4798230
ygeY_predicted,10.5,21,1,CTCCCCAGACGGCTGTTCGG,20,4795978
ygeY_predicted,2.0,4,1,CTCCATCCCCTATGGTAGGT,3,4808855
ygeY_predicted,49.0,98,1,CTCATGTACACAGCCCCAGG,97,4805477
ygeY_predicted,1.5,3,1,CTATTACTATGTGACGGAAA,2,4812437
ygeY_predicted,3.0,6,1,CTATGGACATCGCATCCTAA,5,4806546
ygeY_predicted,6.5,13,1,CGTTCTGATAATCACTACCT,12,4803523
ygeY_predicted,1.0,2,1,CGTGCAAGGACGTTTTCTAC,1,4806490
ygeY_predicted,7.0,14,1,CGTATTGGACGTCCTGCTCA,13,4808945
ygeY_predicted,13.0,26,1,CGTATACGAATCAAATTTAA,25,4797018
ygeY_predicted,2.5,5,1,CGGGCGACGACTCGCGAACT,4,4799180
ygeY_predicted,16.5,33,1,CGGCATTTTAGGGCCAAGGC,32,4813599
ygeY_predicted,41.5,83,1,CGGACCGACGAAGTTTCCCC,82,4809814
ygeY_predicted,1.0,2,1,CGACACTCCTTCACCGGAAT,1,4799579
ygeY_predicted,7.5,15,1,CCGCTTTAATTCGAAGAGAC,14,4797601
ygeY_predicted,12.5,25,1,CCGAGACGCGCCTGGGCACT,24,4797849
ygeY_predicted,10.0,20,1,CCCTTCGACCCGTCCCAGAT,19,4806038
ygeY_predicted,1.0,2,1,CCAGCGCCGGAAGGGATCAT,1,4815547
ygeY_predicted,6.0,12,1,CCAATTATTAATACTTCCCT,11,4795660
ygeY_predicted,10.0,20,1,CATTTGTCGGGGAGACTTCT,19,4811350
ygeY_predicted,21.0,42,1,CATGGCCTGCCCTATTCGGC,41,4802803
ygeY_predicted,2.5,5,1,CAGTTCGATGATAAAGGTCA,4,4798161
ygeY_predicted,1.0,2,1,CACTGGCCACGATAGTGGAG,1,4816388
ygeY_predicted,6.5,13,1,CACGACGTTGGAATACCCGC,12,4799638
ygeY_predicted,1.0,2,1,CAAATTCGCCATGCGGTGCA,1,4795101
ygeY_predicted,25.0,50,1,ATTAGCATACGAATATCTTC,49,4802449
ygeY_predicted,1.0,2,1,ATCCAGAACAGCAAAACTGG,1,4801460
ygeY_predicted,6.0,12,1,ATAGGAAACCTTTAAGGGAG,11,4816166
ygeY_predicted,1.0,2,1,AGTCGCGTGCGACTATGTTA,1,4795181
ygeY_predicted,4.0,8,1,AGGGACCGGTGGAAATTATT,7,4797328
ygeY_predicted,23.0,46,1,AGGAGTGATTTACCCGATGC,45,4814597
ygeY_predicted,4.0,8,1,AGCTTAGGCAAAAACGAATA,7,4796785
ygeY_predicted,1.0,2,1,AGCTTAGGACGTGAGGACTT,1,4808779
ygeY_predicted,11.0,22,1,AGCTCGCTCCGCCTATTTCT,21,4801078
ygeY_predicted,1.0,2,1,AGCGGGGACATGCGCTGGTC,1,4803044
ygeY_predicted,16.0,32,1,AGAACACCAAAGAGTGTGTG,31,4801469
ygeY_predicted,2.0,4,1,ACTGAATTCGGCGAACATCG,3,4808369
ygeY_predicted,1.0,2,1,ACTATGCCGCAGGCTTCGAA,1,4801284
ygeY_predicted,7.5,15,1,ACGTGCATATCAACGGCGTC,14,4800447
ygeY_predicted,23.5,47,1,ACGAGGTAATCTCGGGCATT,46,4799649
ygeY_predicted,8.5,17,1,ACGAGAAATTGATCTCTGGG,16,4815772
ygeY_predicted,21.0,42,1,ACGAAATGCGAAGAACACAT,41,4813286
ygeY_predicted,21.5,43,1,ACCGCTAATACTTATGTAAT,42,4802924
ygeY_predicted,5.0,10,1,ACCCAATGCGTTAGGTTCGA,9,4797874
ygeY_predicted,1.0,2,1,ACACCTTGGCTGGTGCTTGG,1,4803337
ygeY_predicted,6.0,12,1,ACACAACGGCCAGTTTACTA,11,4805147
ygeY_predicted,3.5,7,1,AATGCGAGTAACCCGCAGGT,6,4805645
ygeY_predicted,17.0,34,1,AATCATACTTCAGGATTGGG,33,4814372
ygeY_predicted,20.0,40,1,AATAGCAACAACTTCATTTG,39,4801478
ygeY_predicted,4.0,8,1,AAGGTGGAGCATAAATCCGT,7,4813934
ygeY_predicted,0.011627906976744186,85,85,GGAAGGTACTCGAGAACAGC,0,4795995
ygeY_predicted,0.016666666666666666,59,59,CTTCGGCTACCTTACGTTTT,0,4798049
ygeY_predicted,0.017241379310344827,57,57,ATCGCCATCCTCCGCGGCTT,0,4808594
ygeY_predicted,0.018867924528301886,52,52,GAAAAAATGGTAGCCAAAAG,0,4808361
ygeY_predicted,0.018867924528301886,52,52,AGGAGCGTCGGATGGGAGGA,0,4813590
ygeY_predicted,0.019230769230769232,51,51,TGAGTGTGACTACCCACAAT,0,4798175
ygeY_predicted,0.0196078431372549,50,50,CAATTACATTAGGGCGCTGT,0,4810179
ygeY_predicted,0.02,49,49,GTTTTTTGGGACAGAGGCAA,0,4807582
ygeY_predicted,0.02,49,49,AGGAAACGGGGTTCGACATT,0,4801999
ygeY_predicted,0.02040816326530612,48,48,TTGCGCCCAATATTCACATT,0,4798061
ygeY_predicted,0.02040816326530612,48,48,AGCCCAGGTCGCCTGATCCC,0,4812083
ygeY_predicted,0.020833333333333332,47,47,TCGACCTTGGATCTGCAATG,0,4806104
ygeY_predicted,0.020833333333333332,47,47,TACGCAGGTCTCGATAGTTG,0,4803286
ygeY_predicted,0.020833333333333332,47,47,ACAGCACGGTCCCGTATGTG,0,4796951
ygeY_predicted,0.02127659574468085,46,46,TGGGCGCTGCGCATGCCAAA,0,4804288
ygeY_predicted,0.021739130434782608,45,45,GAGGTTTACAGTACACGAGG,0,4798635
ygeY_predicted,0.021739130434782608,45,45,AGCAGCCCTAGTTATCATCG,0,4807377
ygeY_predicted,0.022222222222222223,44,44,GGGTGTCAAGAGGAGTCGCT,0,4796290
ygeY_predicted,0.022222222222222223,44,44,GATCGTGTGGAGGTATGTAC,0,4809473
ygeY_predicted,0.022222222222222223,44,44,CTGGTGATAAGAGCCTCTTA,0,4796136
ygeY_predicted,0.022222222222222223,44,44,ACGGTAGGTCGGTTGCGCTA,0,4809737
ygeY_predicted,0.023255813953488372,42,42,CGTTGTCTGACTATATGGGG,0,4806565
ygeY_predicted,0.023809523809523808,41,41,TTCCTGCACCCAGTGTTAAC,0,4797964
ygeY_predicted,0.023809523809523808,41,41,TGGCCTGCTTCTGTTGGCGT,0,4804091
ygeY_predicted,0.023809523809523808,41,41,GGCACTTGATCTTCGCAGAT,0,4801639
ygeY_predicted,0.023809523809523808,41,41,GCACAGGTTCCCTAACTGCG,0,4795681
ygeY_predicted,0.025,39,39,AGGACGGTCATAACTGCAGC,0,4796480
ygeY_predicted,0.025,39,39,ACTTAGGAAATTTTGGTCTA,0,4806527
ygeY_predicted,0.02564102564102564,38,38,TCCCAGACTGTCAAAATGCG,0,4804962
ygeY_predicted,0.02564102564102564,38,38,ATGGTACATGGTATTAAGTA,0,4796110
ygeY_predicted,0.02631578947368421,37,37,TAGCATTCAGTTTTCAGGGA,0,4803444
ygeY_predicted,0.02631578947368421,37,37,GCATACGGATAAACGTTAGC,0,4796525
ygeY_predicted,0.02631578947368421,37,37,CGCAACGCAAGTTTCGACAT,0,4797517
ygeY_predicted,0.02631578947368421,37,37,ATCTTCGAAGCGCGCGTGGT,0,4810181
ygeY_predicted,0.02631578947368421,37,37,ACCAAAATGGACTGTATAGA,0,4803054
ygeY_predicted,0.02702702702702703,36,36,TCAGCACCAGTACCGGCGTA,0,4798033
ygeY_predicted,0.02702702702702703,36,36,TACGTGAGAGGGCGGAGGGA,0,4796683
ygeY_predicted,0.02702702702702703,36,36,GTGGTATCGTGGAGATTCTT,0,4812426
ygeY_predicted,0.02702702702702703,36,36,GGCCTGATATCTGGATCAAA,0,4797678
ygeY_predicted,0.02702702702702703,36,36,CTGAGCGTACCAGTCGGGAC,0,4805551
ygeY_predicted,0.02702702702702703,36,36,CCTTGGTGAGTCTGATTTCT,0,4809198
ygeY_predicted,0.02702702702702703,36,36,ATAGGAACTTTCAAGTGATT,0,4799428
ygeY_predicted,0.02702702702702703,36,36,AGCGCCCATTTTACAGGATG,0,4797424
ygeY_predicted,0.027777777777777776,35,35,TCGAAGTCCTAACCTTGCCA,0,4802742
ygeY_predicted,0.027777777777777776,35,35,GCAATTGGCCCGCACAGTGT,0,4815386
ygeY_predicted,0.027777777777777776,35,35,CTTGTTTAATTTGATTAGAC,0,4799944
ygeY_predicted,0.027777777777777776,35,35,CCGGTGTGTGAATGACCTAA,0,4805814
ygeY_predicted,0.027777777777777776,35,35,ACTAATAGCTAATCAAGATG,0,4797276
ygeY_predicted,0.02857142857142857,34,34,TTACAGCGTGCGGGTTATCC,0,4802856
ygeY_predicted,0.02857142857142857,34,34,TGTATGCTTTGGACCGGTGA,0,4796255
ygeY_predicted,0.02857142857142857,34,34,GGTATGACTGGTGTCAATAC,0,4795496
ygeY_predicted,0.02857142857142857,34,34,CTCCGCGCACGCCCCGGCTG,0,4795592
ygeY_predicted,0.02857142857142857,34,34,CCTTTGGCTCGCACAGCACT,0,4795180
ygeY_predicted,0.02857142857142857,34,34,AGGTCGCCCAACCCAGGGCT,0,4798927
ygeY_predicted,0.029411764705882353,33,33,GTCCAGTGCCGGATAGATCA,0,4799218
ygeY_predicted,0.029411764705882353,33,33,GAACAACAGATGCCACCACT,0,4798010
ygeY_predicted,0.029411764705882353,33,33,CGAGGATTGTGCGCGGCAAG,0,4798464
ygeY_predicted,0.029411764705882353,33,33,CATGCGGCAGGCCAAGCGAC,0,4799066
ygeY_predicted,0.030303030303030304,32,32,GGGACTTGAAGTCGTGCTAT,0,4795720
ygeY_predicted,0.030303030303030304,32,32,GATTAACAACATATTGGCTA,0,4800115
ygeY_predicted,0.030303030303030304,32,32,CTTAATCACTTATTAAGCTC,0,4799680
ygeY_predicted,0.030303030303030304,32,32,CGCCAACGGGGCTATTCCCG,0,4810479
ygeY_predicted,0.030303030303030304,32,32,AGCACTTTAGGAGAAAGAGT,0,4795489
ygeY_predicted,0.03125,31,31,TTACTCTCCCTCGAGCGAAA,0,4803579
ygeY_predicted,0.03125,31,31,TGTGCTACTCCAGCGTCCAA,0,4810445
ygeY_predicted,0.03125,31,31,TGCGCGATCTTCAAGAGAGG,0,4811946
ygeY_predicted,0.03125,31,31,GGTCAGTATCATTGCACAGC,0,4797198
ygeY_predicted,0.03125,31,31,ATTCCCGACCGTTTTCAATA,0,4796100
ygeY_predicted,0.03125,31,31,AGAATAATGCCCCCAATTCG,0,4797060
ygeY_predicted,0.03125,31,31,ACACGACGGGAACGGAATGG,0,4799698
ygeY_predicted,0.03125,31,31,AAGTATCATGGCATAAGTTA,0,4795812
ygeY_predicted,0.03125,31,31,AAAACTTGAATTGACCGGTG,0,4806137
ygeY_predicted,0.03225806451612903,30,30,TACACTGTATAAGACACGTC,0,4795997
ygeY_predicted,0.03225806451612903,30,30,TAATCGCATCTCCCAAAGCA,0,4799900
ygeY_predicted,0.03225806451612903,30,30,TAAGTGCTTGGTCTGCCAAC,0,4798834
ygeY_predicted,0.03225806451612903,30,30,GTTCATCGGTTGATGCTAAG,0,4796327
ygeY_predicted,0.03225806451612903,30,30,GCTCCAACGTCCACTACTGA,0,4798810
ygeY_predicted,0.03225806451612903,30,30,CTAGTATGACGTCTAAATTA,0,4811212
ygeY_predicted,0.03225806451612903,30,30,CGGTCACATATTTTGAAGAA,0,4795394
ygeY_predicted,0.03225806451612903,30,30,CGATTTAGATACGATTAAGA,0,4796947
ygeY_predicted,0.03225806451612903,30,30,CCGGTAGCATTTTGGTTTTG,0,4796020
ygeY_predicted,0.03225806451612903,30,30,ATCGGTCGTCCGGTCCGCCT,0,4795624
ygeY_predicted,0.03225806451612903,30,30,AAGCGAGCCCGATGGCGGAG,0,4796446
ygeY_predicted,0.03333333333333333,29,29,TTCAACTCGCGCCAGGCATC,0,4797826
ygeY_predicted,0.03333333333333333,29,29,TATGGGTAATTTACATTCAT,0,4799555
ygeY_predicted,0.03333333333333333,29,29,GCTCGCTGCTAATGAAGTAC,0,4799421
ygeY_predicted,0.03333333333333333,29,29,CCTGCGAAATTTGTCTTTAG,0,4809196
ygeY_predicted,0.03333333333333333,29,29,CATAAAGTGCGCCTTATATT,0,4811486
ygeY_predicted,0.03333333333333333,29,29,ATATGTTAATCGCGGCAATC,0,4809124
ygeY_predicted,0.03333333333333333,29,29,AATCATGAAGGAAGGAGACT,0,4799290
ygeY_predicted,0.034482758620689655,28,28,TCAGATAGGACAGACACAGT,0,4801060
ygeY_predicted,0.034482758620689655,28,28,TCACACTGGAGCTAGAGAAT,0,4814875
ygeY_predicted,0.034482758620689655,28,28,GAGACTCGCTTGCGATTCAA,0,4802471
ygeY_predicted,0.034482758620689655,28,28,CTCCGTAACTCGCTCTGGAA,0,4804120
ygeY_predicted,0.034482758620689655,28,28,CGGCACCTCGACAAATTAAT,0,4811918
ygeY_predicted,0.034482758620689655,28,28,CGCTTATGGATTACCAGTAG,0,4803171
ygeY_predicted,0.034482758620689655,28,28,CCGATACTTCGTTTTGCTAG,0,4800057
ygeY_predicted,0.034482758620689655,28,28,CCGACTCCACCAACCGCATT,0,4810521
ygeY_predicted,0.034482758620689655,28,28,CCCTCCAATTCATTGAATCA,0,4798240
ygeY_predicted,0.034482758620689655,28,28,ATTCCCGCTATCTCCGATAG,0,4809268
ygeY_predicted,0.034482758620689655,28,28,AGAGGATCTCAGTCAACGGT,0,4800579
ygeY_predicted,0.03571428571428571,27,27,TTCCCTGTAAGTCTAAAAAT,0,4796324
ygeY_predicted,0.03571428571428571,27,27,TTCCCGCCCGTAGCAAAAGT,0,4797930
ygeY_predicted,0.03571428571428571,27,27,TTCCATGCGTTTGTTATTGA,0,4812690
ygeY_predicted,0.03571428571428571,27,27,TAATTGTCTAGCCCCCTTAG,0,4813043
ygeY_predicted,0.03571428571428571,27,27,GTTATGTGAGTCCTTAGGAC,0,4807656
ygeY_predicted,0.03571428571428571,27,27,GTGCTCACGTGCACTCGCCA,0,4801719
ygeY_predicted,0.03571428571428571,27,27,GGTAAAGGTGCTATTCTTCT,0,4800491
ygeY_predicted,0.03571428571428571,27,27,GAACGCTAGCCAGGGCGGTG,0,4810305
ygeY_predicted,0.03571428571428571,27,27,CTGTGTGAATAAGTCAGACG,0,4796613
ygeY_predicted,0.03571428571428571,27,27,CTAGACCTCCGCGCCAGACA,0,4801973
ygeY_predicted,0.03571428571428571,27,27,CCGATGCGCGCGCTGCTCGT,0,4805274
ygeY_predicted,0.03571428571428571,27,27,CCCAAAAGAAGGCGGTAAAA,0,4801173
ygeY_predicted,0.03571428571428571,27,27,CAATCGGTGATGGCAATTTA,0,4812591
ygeY_predicted,0.03571428571428571,27,27,AGATCTCATACCTTTATCAC,0,4815454
ygeY_predicted,0.03571428571428571,27,27,ACCTGACCGAGTAACGGTAT,0,4812140
ygeY_predicted,0.037037037037037035,26,26,TTCATGCCTTGTGTTGTCAT,0,4801196
ygeY_predicted,0.037037037037037035,26,26,TGACGTTGAAACACAAGTGT,0,4798328
ygeY_predicted,0.037037037037037035,26,26,GTCACTCCTTAAAGCAGCGG,0,4809562
ygeY_predicted,0.037037037037037035,26,26,GAGAAGTAAGATCCTACTCT,0,4806826
ygeY_predicted,0.037037037037037035,26,26,CTGAGATACGCCTTGGTCAT,0,4805491
ygeY_predicted,0.037037037037037035,26,26,CTGACAGCGACCACCACTAT,0,4815686
ygeY_predicted,0.037037037037037035,26,26,CTAACACAGACCAAATGCTT,0,4798931
ygeY_predicted,0.037037037037037035,26,26,CGATTAAATCGTATAAATTT,0,4808683
ygeY_predicted,0.037037037037037035,26,26,CCCACAGCTTAGGATCTCCT,0,4811851
ygeY_predicted,0.037037037037037035,26,26,CCAGGCGGGCTCTGGTTAGG,0,4802629
ygeY_predicted,0.037037037037037035,26,26,CAGAGACGAAGGGCCGTCAC,0,4808817
ygeY_predicted,0.037037037037037035,26,26,ATTCACGGGCTAGCCGTAAG,0,4816847
ygeY_predicted,0.037037037037037035,26,26,ACGTGTGGCAGACTCGACAA,0,4811816
ygeY_predicted,0.037037037037037035,26,26,AAGATCCTTCGTACAGCCAT,0,4796368
ygeY_predicted,0.038461538461538464,25,25,TTGCACAGGCTGACTCGGCT,0,4800176
ygeY_predicted,0.038461538461538464,25,25,TTCAACCGTGAAAACTATTG,0,4796209
ygeY_predicted,0.038461538461538464,25,25,TGGATGGCTTGCTCTGTGGA,0,4807519
ygeY_predicted,0.038461538461538464,25,25,TGACCATCCTCACACTATGA,0,4814905
ygeY_predicted,0.038461538461538464,25,25,TCTAGTCGTGGTACAGGCTA,0,4816742
ygeY_predicted,0.038461538461538464,25,25,TCCCCGTTGCGGGCGAATCC,0,4809319
ygeY_predicted,0.038461538461538464,25,25,TATTTTCTCCATGCTCGGTT,0,4813005
ygeY_predicted,0.038461538461538464,25,25,GTAGCATTAATGAATGACGA,0,4802779
ygeY_predicted,0.038461538461538464,25,25,GTACGAACCCAAGTTTCGAA,0,4801952
ygeY_predicted,0.038461538461538464,25,25,GAGTCACCTGTGGTTAACCA,0,4809745
ygeY_predicted,0.038461538461538464,25,25,GAGGAGCCTTCCTTCGAAAC,0,4795220
ygeY_predicted,0.038461538461538464,25,25,CTGATGAAACCCAGCCACTG,0,4805490
ygeY_predicted,0.038461538461538464,25,25,CGCCGCTCATATTGGCATGA,0,4812005
ygeY_predicted,0.038461538461538464,25,25,CGACTATCTCTTGTCCCCCA,0,4796570
ygeY_predicted,0.038461538461538464,25,25,CGACGAGCCTGGGTACACAG,0,4795922
ygeY_predicted,0.038461538461538464,25,25,CCTTTCAGTGATACATGAGT,0,4815224
ygeY_predicted,0.038461538461538464,25,25,CCTGTAATGTTCTGCGCGCG,0,4804801
ygeY_predicted,0.038461538461538464,25,25,CCGTCTAGTGGATATAGGAA,0,4804854
ygeY_predicted,0.038461538461538464,25,25,CCAAGCCTCAGGCGCAACCA,0,4798792
ygeY_predicted,0.038461538461538464,25,25,CAGTTTAGAGACGCTGCTAA,0,4812727
ygeY_predicted,0.038461538461538464,25,25,AAGCGGTATTCAACAGGTTA,0,4808027
ygeY_predicted,0.038461538461538464,25,25,AACTGCGCGTACAGGTGCGT,0,4816330
ygeY_predicted,0.04,24,24,TTTTCTGCGCGACCCTACAG,0,4805396
ygeY_predicted,0.04,24,24,TTTGAGCCATACTTTTAAAG,0,4808365
ygeY_predicted,0.04,24,24,TTCATTTGTTCCCGAAGGAC,0,4813713
ygeY_predicted,0.04,24,24,TGTGTAACACTAGCAAGCTG,0,4816395
ygeY_predicted,0.04,24,24,TGGGCTTTATCAGCACTCAT,0,4796060
ygeY_predicted,0.04,24,24,TGGATGCAGTCACTGGAAGT,0,4809812
ygeY_predicted,0.04,24,24,TGAGTTCCGCCCACGGCGAT,0,4798940
ygeY_predicted,0.04,24,24,TCGCCTGGTCTGTGTAGCTA,0,4806825
ygeY_predicted,0.04,24,24,TCCTAGGGTCCGCTGGCGTG,0,4799447
ygeY_predicted,0.04,24,24,TCACTGTGAGTCGTGGCTTG,0,4804974
ygeY_predicted,0.04,24,24,TAAGCGTACGCGATCTTGTC,0,4798850
ygeY_predicted,0.04,24,24,TAAATGTACGGTCTTTACCA,0,4813463
ygeY_predicted,0.04,24,24,GTTCCGCCCGGGCGCAGGCC,0,4797398
ygeY_predicted,0.04,24,24,GGTCGTGGGAGTCTGAATCA,0,4809047
ygeY_predicted,0.04,24,24,GCGTAATGGGAATGTCACTT,0,4805636
ygeY_predicted,0.04,24,24,GCGGTGCTTGCGTTTGAAGA,0,4802612
ygeY_predicted,0.04,24,24,GCCAGGAGTATGGCCATAAA,0,4809427
ygeY_predicted,0.04,24,24,CGGGTTTGAAGAAACGGCAG,0,4813232
ygeY_predicted,0.04,24,24,CGCTTAACGTTGGATTGCTT,0,4813564
ygeY_predicted,0.04,24,24,CGCTAAATCGCCGGAAAAAC,0,4815741
ygeY_predicted,0.04,24,24,CGCCAGTCCTACCAGAAGAC,0,4796963
ygeY_predicted,0.04,24,24,CCTGGTCAGTTTGTATCCAA,0,4814063
ygeY_predicted,0.04,24,24,CCGTTGCTTCCTGGAAGGCA,0,4809584
ygeY_predicted,0.04,24,24,CATGGAATGCGAGGATACCG,0,4803668
ygeY_predicted,0.04,24,24,CACACGTGTTTCGGAGAATG,0,4795948
ygeY_predicted,0.04,24,24,AGTAACAATCCCGTTGCCGG,0,4805325
ygeY_predicted,0.04,24,24,AGATTTCCGGCAGACAACAG,0,4810418
ygeY_predicted,0.04,24,24,ACCTGAGCCGGATCAAAATA,0,4803173
ygeY_predicted,0.04,24,24,ACCGGACGAGAAGTTCACTT,0,4797296
ygeY_predicted,0.04,24,24,ACAAGTTTGAGCGAGGATTA,0,4806416
ygeY_predicted,0.04,24,24,ACAAGTACAAAACACTGTAA,0,4795417
ygeY_predicted,0.04,24,24,AACTGTGATTTGCGTCAGGC,0,4803050
ygeY_predicted,0.041666666666666664,23,23,TGTTACTTTCATAAGAACGT,0,4796900
ygeY_predicted,0.041666666666666664,23,23,TGCCTAAGTTCCGATTTGGC,0,4805918
ygeY_predicted,0.041666666666666664,23,23,TGCCATTGCGTCAAGGTGCG,0,4795303
ygeY_predicted,0.041666666666666664,23,23,TCTGTCGTTGCTCGAAATCA,0,4802575
ygeY_predicted,0.041666666666666664,23,23,TAACTATGATCCGGTTCCAA,0,4801187
ygeY_predicted,0.041666666666666664,23,23,GTGCATGTTGCTGGTTCTCG,0,4797469
ygeY_predicted,0.041666666666666664,23,23,GGCGTTCGACTTTATAAATA,0,4799041
ygeY_predicted,0.041666666666666664,23,23,GCTGCAGGGTACAGCACCTG,0,4799448
ygeY_predicted,0.041666666666666664,23,23,GCGAGGCGTGGAGGACGTCA,0,4810516
ygeY_predicted,0.041666666666666664,23,23,GCCGGTTCGTCCACAAAGAT,0,4799142
ygeY_predicted,0.041666666666666664,23,23,CTAAGCGGGTGCAAGTAATG,0,4797699
ygeY_predicted,0.041666666666666664,23,23,CGGGTTCAGAAGATGCTGGC,0,4811172
ygeY_predicted,0.041666666666666664,23,23,CCGCGTTCCCTAAGCGTATT,0,4809907
ygeY_predicted,0.041666666666666664,23,23,CCAGCGCGCACCATGACGGA,0,4811274
ygeY_predicted,0.041666666666666664,23,23,CACCAGGGGAGAGGCAAAAA,0,4805100
ygeY_predicted,0.041666666666666664,23,23,ACTGGCAAAGGAGGATGCAA,0,4801450
ygeY_predicted,0.041666666666666664,23,23,ACGGTGTACGGTTTTTAACC,0,4811714
ygeY_predicted,0.041666666666666664,23,23,ACAGTATTATAGGTGAGGTG,0,4800990
ygeY_predicted,0.041666666666666664,23,23,AAGCCAATGGTTAACCCTAG,0,4806889
ygeY_predicted,0.043478260869565216,22,22,TTCTCACAGAGGATCGTTAG,0,4807312
ygeY_predicted,0.043478260869565216,22,22,TGGGTCAGCAGCCAGTTCAT,0,4803976
ygeY_predicted,0.043478260869565216,22,22,TAATCTGCACGACGAGTACT,0,4814484
ygeY_predicted,0.043478260869565216,22,22,GTTATGCGGTACTGGAGAAT,0,4803465
ygeY_predicted,0.043478260869565216,22,22,GTATCTCGTGAGATTCCACA,0,4797913
ygeY_predicted,0.043478260869565216,22,22,GCAAATATCGACAGCGACTC,0,4795233
ygeY_predicted,0.043478260869565216,22,22,GAGCAAATCGAACCGAGTAG,0,4800681
ygeY_predicted,0.043478260869565216,22,22,GACATTGGCCGGACTAAAGT,0,4813761
ygeY_predicted,0.043478260869565216,22,22,GAATACGGGCAGTGTACCCC,0,4799398
ygeY_predicted,0.043478260869565216,22,22,CGCCGATGTAGGTCGAACCA,0,4804322
ygeY_predicted,0.043478260869565216,22,22,CGAGACCACGATGAATCAGT,0,4800436
ygeY_predicted,0.043478260869565216,22,22,CGACACCATGCCTTGCAGAA,0,4802584
ygeY_predicted,0.043478260869565216,22,22,CCTCGCCGTGAGCACAGGAG,0,4796211
ygeY_predicted,0.043478260869565216,22,22,CCCCGTCTTTCGGGGTTGCA,0,4797163
ygeY_predicted,0.043478260869565216,22,22,CATTTGTGCGTGAAGAACGT,0,4816210
ygeY_predicted,0.043478260869565216,22,22,CATATTGTACTAGTACACTT,0,4804750
ygeY_predicted,0.043478260869565216,22,22,AGTACATTGCCGCGCAGCGG,0,4801044
ygeY_predicted,0.043478260869565216,22,22,AGGAGACTAGAATTGAACTA,0,4803207
ygeY_predicted,0.043478260869565216,22,22,ACTATGCCTATGAGAGACTG,0,4815568
ygeY_predicted,0.043478260869565216,22,22,ACGTCGTCCGGCTAGCTTAG,0,4809256
ygeY_predicted,0.043478260869565216,22,22,AACACAGCAGTCTGGGACTT,0,4803063
ygeY_predicted,0.045454545454545456,21,21,TTTCACCCCGAGGTAATTGA,0,4801293
ygeY_predicted,0.045454545454545456,21,21,TTGTGAATATCGCGCATCTT,0,4814923
ygeY_predicted,0.045454545454545456,21,21,TTATGTTTACGTTGGCCCAT,0,4802745
ygeY_predicted,0.045454545454545456,21,21,TCTCTCAAGACTTGCAAAGG,0,4805196
ygeY_predicted,0.045454545454545456,21,21,TCGAGCCACTAGACAGGGAC,0,4815415
ygeY_predicted,0.045454545454545456,21,21,TCCGAGATAGCTACATGTCT,0,4813897
ygeY_predicted,0.045454545454545456,21,21,TCAATGCTAACTTAACAATA,0,4797535
ygeY_predicted,0.045454545454545456,21,21,TACCGCTCCTAGCCTCAGGG,0,4796527
ygeY_predicted,0.045454545454545456,21,21,GTGGGATGTTAAGGCGTCAT,0,4796131
ygeY_predicted,0.045454545454545456,21,21,GTACAGGTGAAATGAATGCT,0,4806538
ygeY_predicted,0.045454545454545456,21,21,GTAAGAGCGGGCTTGCCTCG,0,4814144
ygeY_predicted,0.045454545454545456,21,21,GGTTGTCAAAAGGGTTGTTA,0,4807735
ygeY_predicted,0.045454545454545456,21,21,GGTTGACCCGGAACATAGGC,0,4801652
ygeY_predicted,0.045454545454545456,21,21,GGTCCATACGCCTGGCGCGT,0,4803744
ygeY_predicted,0.045454545454545456,21,21,GAGGGCAACGTTTCAGAGCA,0,4796699
ygeY_predicted,0.045454545454545456,21,21,GACGTGTCCGCGCTAGCCAA,0,4807876
ygeY_predicted,0.045454545454545456,21,21,GACGTAGGTCCAGTGAGCGG,0,4807009
ygeY_predicted,0.045454545454545456,21,21,CGTGCGACTTTAGTCCTGGA,0,4805795
ygeY_predicted,0.045454545454545456,21,21,CGTCCACGGAGACTACCATA,0,4805632
ygeY_predicted,0.045454545454545456,21,21,CGGTTAGATTGACGCCCCTG,0,4812864
ygeY_predicted,0.045454545454545456,21,21,CGGATTTCTGACCGGGATCA,0,4802028
ygeY_predicted,0.045454545454545456,21,21,CGCGCACTAGGAGATTAAAG,0,4801937
ygeY_predicted,0.045454545454545456,21,21,CGCAATTGAGATCAGCGGAC,0,4801250
ygeY_predicted,0.045454545454545456,21,21,CGATGGCCTCGCAAGTCTAA,0,4797399
ygeY_predicted,0.045454545454545456,21,21,CGATAGATGCAATTCCTTTG,0,4810035
ygeY_predicted,0.045454545454545456,21,21,CCAGGCCTACGACCAGCTGT,0,4808127
ygeY_predicted,0.045454545454545456,21,21,CCACCTCTAGCCACACAGGA,0,4802595
ygeY_predicted,0.045454545454545456,21,21,CATATTCTCCATCGGCACAG,0,4796851
ygeY_predicted,0.045454545454545456,21,21,CAAGGTTTAACGTGCTATCA,0,4797533
ygeY_predicted,0.045454545454545456,21,21,ATTTGACTTCAGATCTTCCA,0,4808835
ygeY_predicted,0.045454545454545456,21,21,ATTATAAGTCGCGAATCGGA,0,4808866
ygeY_predicted,0.045454545454545456,21,21,ATGCTCCCGGATTCACTTCT,0,4807090
ygeY_predicted,0.045454545454545456,21,21,ATAGATTACAGCAGGCAACT,0,4798665
ygeY_predicted,0.045454545454545456,21,21,ATACCAGGGCGCACGGAGTA,0,4798534
ygeY_predicted,0.045454545454545456,21,21,AGGCCTTTTTGCGTTCAAGG,0,4798611
ygeY_predicted,0.045454545454545456,21,21,ACTTCAAAGCGCGGTTAACG,0,4805133
ygeY_predicted,0.047619047619047616,20,20,TTGCTAAAGATGACGGGTGA,0,4815920
ygeY_predicted,0.047619047619047616,20,20,TTGACATATCCGCTGGTACC,0,4798868
ygeY_predicted,0.047619047619047616,20,20,TTCCTATTGGCCATAGAGCT,0,4809582
ygeY_predicted,0.047619047619047616,20,20,TGGATTGCATGGGGATAGCT,0,4800358
ygeY_predicted,0.047619047619047616,20,20,TGAAAGACTATGACAGAGTT,0,4813539
ygeY_predicted,0.047619047619047616,20,20,TAATTGCGGGGCTCGTGGCG,0,4795873
ygeY_predicted,0.047619047619047616,20,20,TAATTATGGTCCGATCTTTC,0,4808776
ygeY_predicted,0.047619047619047616,20,20,GTCTAGCTAATACGGGCAGT,0,4804485
ygeY_predicted,0.047619047619047616,20,20,GTCGAGCAGATCGGCGTGTT,0,4800796
ygeY_predicted,0.047619047619047616,20,20,GGGTAGCCGGAGCAAATACG,0,4795907
ygeY_predicted,0.047619047619047616,20,20,GATGCTGTGCTACAATCGAG,0,4812104
ygeY_predicted,0.047619047619047616,20,20,GAGGATCCTTCACACAAAAG,0,4815989
ygeY_predicted,0.047619047619047616,20,20,GACACTACGCTTCTTGTACT,0,4801781
ygeY_predicted,0.047619047619047616,20,20,CTTTACGGATTTTCTACATG,0,4802642
ygeY_predicted,0.047619047619047616,20,20,CTAACGCGACGTCTAGAATT,0,4814424
ygeY_predicted,0.047619047619047616,20,20,CTAACGAGTCGCTCCGCTAT,0,4813636
ygeY_predicted,0.047619047619047616,20,20,CGTTTGAGGGAATTTTTTCG,0,4803791
ygeY_predicted,0.047619047619047616,20,20,CGTCCGGTAACTTTATGTGG,0,4811413
ygeY_predicted,0.047619047619047616,20,20,CGAGTTATATTGGTTCACTC,0,4796932
ygeY_predicted,0.047619047619047616,20,20,CGAAGAAAGCAGCCTTGCAA,0,4815471
ygeY_predicted,0.047619047619047616,20,20,CCGAAGTGCACGCCGACATT,0,4797351
ygeY_predicted,0.047619047619047616,20,20,CCCCGGGGCGTGCTGCATTT,0,4800323
ygeY_predicted,0.047619047619047616,20,20,CCATCGCGAGGGTTCCGGTT,0,4809983
ygeY_predicted,0.047619047619047616,20,20,CCAGGTGGATACCCAAGATA,0,4801429
ygeY_predicted,0.047619047619047616,20,20,CAGCAACGGTCCATTGGGTC,0,4795143
ygeY_predicted,0.047619047619047616,20,20,CACAATCAATCCTAGTCAGT,0,4796580
ygeY_predicted,0.047619047619047616,20,20,ATGTGTGGCCTGGAGCACAA,0,4804301
ygeY_predicted,0.047619047619047616,20,20,ATCGCCCGCACAGCGTCCGG,0,4801972
ygeY_predicted,0.047619047619047616,20,20,AGCATTTGTCAAGTTCTAGC,0,4811180
ygeY_predicted,0.047619047619047616,20,20,ACGGTACCGTCCTATACTGC,0,4796019
ygeY_predicted,0.047619047619047616,20,20,ACATGCTATTACCGACTTAT,0,4806087
ygeY_predicted,0.047619047619047616,20,20,AATAAACCATCCACCAGTAA,0,4796294
ygeY_predicted,0.047619047619047616,20,20,AACAATGGATTTACATTTGC,0,4796839
ygeY_predicted,0.047619047619047616,20,20,AAACTTGAAACTGGTAATAT,0,4808216
ygeY_predicted,0.05,19,19,TTGTTGGTCGAATAGCGGAT,0,4800521
ygeY_predicted,0.05,19,19,TGTGCGTATAATTTTTTCAT,0,4796386
ygeY_predicted,0.05,19,19,TGGTCAGCGAGGTGATCGTG,0,4802641
ygeY_predicted,0.05,19,19,TGATTGGCTGATACATACGT,0,4806872
ygeY_predicted,0.05,19,19,TGACGATCGAAAGGGTGCCC,0,4809986
ygeY_predicted,0.05,19,19,TCGTCTTATAAGTATAACTG,0,4796226
ygeY_predicted,0.05,19,19,TATGCATCTACAAGGCGCGT,0,4798630
ygeY_predicted,0.05,19,19,TATCTCTCATCCCAATTCAG,0,4809593
ygeY_predicted,0.05,19,19,TATAACACCACTCAAGGACC,0,4812910
ygeY_predicted,0.05,19,19,TAGGGGCAGATTCCAGGTTA,0,4812820
ygeY_predicted,0.05,19,19,TACCGTCACTCGGGCTGAAA,0,4812052
ygeY_predicted,0.05,19,19,GTCGCATGTAAGATGGGCGG,0,4805012
ygeY_predicted,0.05,19,19,GGTTAACTACTTTATATAGG,0,4809842
ygeY_predicted,0.05,19,19,GGACCGTTGTCTAGTTTCGT,0,4804589
ygeY_predicted,0.05,19,19,GCGGTAGTTGTACAAAAAGA,0,4799064
ygeY_predicted,0.05,19,19,GCCTGGACTTGGGGAGCAGC,0,4809151
ygeY_predicted,0.05,19,19,GAAGCATTATGCAAAACGAT,0,4807663
ygeY_predicted,0.05,19,19,CTTTCAATAGGGGTCATGCC,0,4806668
ygeY_predicted,0.05,19,19,CTGGGGATGTGGGTAAACTT,0,4798229
ygeY_predicted,0.05,19,19,CTGCATTTATGAAGAACGTA,0,4796059
ygeY_predicted,0.05,19,19,CTAATCTGCGCATTCAGGTA,0,4815431
ygeY_predicted,0.05,19,19,CGCCATCGGAACGGGTAGTG,0,4798000
ygeY_predicted,0.05,19,19,CGCACCACAACGCAGGTATT,0,4796472
ygeY_predicted,0.05,19,19,CCTGTTCGGCTTCCTGACAG,0,4802583
ygeY_predicted,0.05,19,19,CCTACCGGAATAGGCCTGCA,0,4813223
ygeY_predicted,0.05,19,19,CCGAGTGCCCTGCCATTAAG,0,4804920
ygeY_predicted,0.05,19,19,CCACGGTATCGTTCGCGCCA,0,4813616
ygeY_predicted,0.05,19,19,CAGCTCTCTGTGGTCATTAT,0,4806488
ygeY_predicted,0.05,19,19,CACCTCCCCGGTTTTGTACA,0,4803800
ygeY_predicted,0.05,19,19,ATCGCAGTTATCTGACCTGG,0,4811101
ygeY_predicted,0.05,19,19,ATCCCAGACGGTGCAGTTAA,0,4801239
ygeY_predicted,0.05,19,19,ATAAACGGGAACCCAGATGA,0,4807345
ygeY_predicted,0.05,19,19,AGTCGTAGTTCACTTGCTCA,0,4808687
ygeY_predicted,0.05,19,19,AGTCATCGTTCATAGCCCTG,0,4795938
ygeY_predicted,0.05,19,19,AGAGGGAGCAATTGGGCGAA,0,4795539
ygeY_predicted,0.05,19,19,AGAAGTTGGCCTATGTAATG,0,4796261
ygeY_predicted,0.05,19,19,ACTTCAATGTCACGGTGAAG,0,4810242
ygeY_predicted,0.05,19,19,ACTCGTAGCTAGATAACCAT,0,4810446
ygeY_predicted,0.05,19,19,ACTCGAACGAGGGTTAACTG,0,4815738
ygeY_predicted,0.05,19,19,ACGCTTAGTCCTCCCGGCGT,0,4815687
ygeY_predicted,0.05,19,19,ACCTAGAATTTCAGACCCGT,0,4804919
ygeY_predicted,0.05,19,19,ACCCCTAGTACACGTCCCCA,0,4807854
ygeY_predicted,0.05,19,19,ACAAGAGCCTTCCACTAGAC,0,4799712
ygeY_predicted,0.05,19,19,AATCGCTCTCTGTTTTCGGC,0,4802797
ygeY_predicted,0.05,19,19,AATACCTTTAGTACATTAGA,0,4812394
ygeY_predicted,0.05,19,19,AAGGCTCTGATCAAACGTAG,0,4811003
ygeY_predicted,0.05,19,19,AACCTAACGGTACTAATCCA,0,4812669
ygeY_predicted,0.05,19,19,AAATACTGCACGAGTAGATA,0,4812909
ygeY_predicted,0.05263157894736842,18,18,TTTATTATTGAGAGAGTGGA,0,4803102
ygeY_predicted,0.05263157894736842,18,18,TTCGTGCGAACACGAATAAG,0,4803655
ygeY_predicted,0.05263157894736842,18,18,TTCGCGCACGGGGTCAAGAG,0,4810279
ygeY_predicted,0.05263157894736842,18,18,TGTGTTCGTAAAAGAACATT,0,4810554
ygeY_predicted,0.05263157894736842,18,18,TGCTGGTGTCTCTTAGGATG,0,4812775
ygeY_predicted,0.05263157894736842,18,18,TGCCTGAGTAGCGGGCGTAC,0,4797496
ygeY_predicted,0.05263157894736842,18,18,TCCCTCGTGCTAGATTCGCA,0,4799968
ygeY_predicted,0.05263157894736842,18,18,TCATCGGCATGTAACCGAAG,0,4798853
ygeY_predicted,0.05263157894736842,18,18,TATACAGGCGCTAGATGAAT,0,4811514
ygeY_predicted,0.05263157894736842,18,18,TAGCACGTGCCTCCTGTCCC,0,4804172
ygeY_predicted,0.05263157894736842,18,18,TACGAACGCCGGCGAAAGAT,0,4798141
ygeY_predicted,0.05263157894736842,18,18,TAAGGGGCTCGGTGGCTAGA,0,4799746
ygeY_predicted,0.05263157894736842,18,18,TAACCATCACGCACCAGTTT,0,4815801
ygeY_predicted,0.05263157894736842,18,18,GTTAGCGTATTCATAAACCA,0,4800511
ygeY_predicted,0.05263157894736842,18,18,GTGTGGACACGCAGAAGTTA,0,4810132
ygeY_predicted,0.05263157894736842,18,18,GTCAGTGGTGCGGCTTGCGG,0,4799087
ygeY_predicted,0.05263157894736842,18,18,GTACCTGAAATGCTTGACAA,0,4810458
ygeY_predicted,0.05263157894736842,18,18,GGTTCTGAAGGGCTTGGGAC,0,4797052
ygeY_predicted,0.05263157894736842,18,18,GGCGCTGTTTGCAGATGGTG,0,4797307
ygeY_predicted,0.05263157894736842,18,18,GGATGATCCCAACGCAGGAC,0,4806573
ygeY_predicted,0.05263157894736842,18,18,GGACCGCCAGAATTTTCGTG,0,4801190
ygeY_predicted,0.05263157894736842,18,18,GGAACGCGCCCATCAAGTTT,0,4797954
ygeY_predicted,0.05263157894736842,18,18,GCTGCTTTTGCCGCCCGGCA,0,4815854
ygeY_predicted,0.05263157894736842,18,18,GCATGCAGCATTGCCAGTCG,0,4802233
ygeY_predicted,0.05263157894736842,18,18,GATTAGTTTGTTGTTAGCTG,0,4815072
ygeY_predicted,0.05263157894736842,18,18,GAGAAGGAACTTGTGGACTC,0,4811952
ygeY_predicted,0.05263157894736842,18,18,GACAGACTTTTTGACTGGGA,0,4814579
ygeY_predicted,0.05263157894736842,18,18,GAACTTTTTGCCCATCGGTT,0,4798984
ygeY_predicted,0.05263157894736842,18,18,GAACGTACCCGAGACTCCGT,0,4795657
ygeY_predicted,0.05263157894736842,18,18,GAACGCGCAGGCTCCACCAT,0,4802805
ygeY_predicted,0.05263157894736842,18,18,CTTTGGCTAATCCTGTAGAC,0,4799181
ygeY_predicted,0.05263157894736842,18,18,CTGTCACCATGGGGTATCCA,0,4815310
ygeY_predicted,0.05263157894736842,18,18,CTGGCTTTTCCCTGCACTTG,0,4797464
ygeY_predicted,0.05263157894736842,18,18,CTGCAGTCTTCGGCAGAGCA,0,4799032
ygeY_predicted,0.05263157894736842,18,18,CTCCGGCTGCACCGGGCTGC,0,4809501
ygeY_predicted,0.05263157894736842,18,18,CTATGCCTAATCATTGATAG,0,4796502
ygeY_predicted,0.05263157894736842,18,18,CTAAATGAACTCCGAGCACT,0,4815807
ygeY_predicted,0.05263157894736842,18,18,CGTTTTGGAGTCATAAAATT,0,4800137
ygeY_predicted,0.05263157894736842,18,18,CGGCAGGCTACAGGTACGGA,0,4809776
ygeY_predicted,0.05263157894736842,18,18,CGGCACTCGGTAACTCTCGC,0,4796080
ygeY_predicted,0.05263157894736842,18,18,CCTGGAAATGTCGAATAGGA,0,4798483
ygeY_predicted,0.05263157894736842,18,18,CCGCCGCTATACTCGTGAGT,0,4814187
ygeY_predicted,0.05263157894736842,18,18,CATCTAATATTCATTGGACT,0,4805209
ygeY_predicted,0.05263157894736842,18,18,CATATTAGAGATGGCGTGAG,0,4814804
ygeY_predicted,0.05263157894736842,18,18,CACGACGCCAATCCATTACG,0,4802859
ygeY_predicted,0.05263157894736842,18,18,CAAGGTGTGGGGAAGTGCTC,0,4814497
ygeY_predicted,0.05263157894736842,18,18,CAACCGCAACGGGTGTGGGA,0,4811348
ygeY_predicted,0.05263157894736842,18,18,ATAAGCAGAAAGTTTAGCTA,0,4811699
ygeY_predicted,0.05263157894736842,18,18,AGTACTCGAAGACTGTTACT,0,4807837
ygeY_predicted,0.05263157894736842,18,18,AGTAACAGATTCGTCTATGT,0,4800351
ygeY_predicted,0.05263157894736842,18,18,AGGGCTTACGAACGTTGTAG,0,4797590
ygeY_predicted,0.05263157894736842,18,18,AGGGACATACAGATCGGTGA,0,4798346
ygeY_predicted,0.05263157894736842,18,18,AGCGTCTGGCGTCAATGGTT,0,4815837
ygeY_predicted,0.05263157894736842,18,18,ACTTAATGGACCTCGGTCTT,0,4800618
ygeY_predicted,0.05263157894736842,18,18,ACGTAAATGTAAAGGGATCG,0,4799179
ygeY_predicted,0.05263157894736842,18,18,ACATTTGGGACCTAGATTTT,0,4803584
ygeY_predicted,0.05263157894736842,18,18,AACGAGGTGCCAGAAATAAT,0,4805584
ygeY_predicted,0.05555555555555555,17,17,TTTGACTTGGAGCAACCCAC,0,4795298
ygeY_predicted,0.05555555555555555,17,17,TTTAATGTGCACGCGACCCA,0,4798675
ygeY_predicted,0.05555555555555555,17,17,TTTAACTAGCTCGTTGCTTC,0,4810465
ygeY_predicted,0.05555555555555555,17,17,TTATATTCGACTAACAAGTC,0,4800632
ygeY_predicted,0.05555555555555555,17,17,TGTCCCAGAACCCATAAGAG,0,4809084
ygeY_predicted,0.05555555555555555,17,17,TGGAGCAGAGAGGCGTCGGT,0,4814680
ygeY_predicted,0.05555555555555555,17,17,TGATCCTCAGCCGCACTACT,0,4796528
ygeY_predicted,0.05555555555555555,17,17,TCTTGATCTAGGAGCCAAGA,0,4798313
ygeY_predicted,0.05555555555555555,17,17,TCGCCCACTGGCTAATCTAG,0,4813603
ygeY_predicted,0.05555555555555555,17,17,TCCCGTCCTATATTCCCGTG,0,4801481
ygeY_predicted,0.05555555555555555,17,17,TCACAGTTAATTGGGCGATT,0,4800884
ygeY_predicted,0.05555555555555555,17,17,TATATGAGTTTTGTCTCGAC,0,4814724
ygeY_predicted,0.05555555555555555,17,17,TAGGTTCAACGTAAGCTCGT,0,4807893
ygeY_predicted,0.05555555555555555,17,17,TACAGCGTGGCGCACGCAAT,0,4815618
ygeY_predicted,0.05555555555555555,17,17,TAAAAGAGTTCGCGCGATAT,0,4807190
ygeY_predicted,0.05555555555555555,17,17,GTTGAATCGCCCGATAACCC,0,4813008
ygeY_predicted,0.05555555555555555,17,17,GTAGACGCAGGAGTTAGCGA,0,4797049
ygeY_predicted,0.05555555555555555,17,17,GGTTTTCCAGTGCAGCAGAC,0,4807785
ygeY_predicted,0.05555555555555555,17,17,GGTTTCCGACAGATGACATA,0,4807671
ygeY_predicted,0.05555555555555555,17,17,GGTAGTGAACCGTAGGGAAT,0,4797953
ygeY_predicted,0.05555555555555555,17,17,GGGTTGTCTGGTGCCGTATG,0,4795440
ygeY_predicted,0.05555555555555555,17,17,GGGTTATCGCGGAGGTTACT,0,4795492
ygeY_predicted,0.05555555555555555,17,17,GGCGCTAGGATAAATCCGTT,0,4810787
ygeY_predicted,0.05555555555555555,17,17,GCTGCCTGCGCCAACCGGGA,0,4800635
ygeY_predicted,0.05555555555555555,17,17,GCGTCAGGTAGATTGGCGTC,0,4801503
ygeY_predicted,0.05555555555555555,17,17,GCATCCAGCGTCTTCCGTCT,0,4809666
ygeY_predicted,0.05555555555555555,17,17,GCACGTAGAAAGAATCTCGA,0,4804724
ygeY_predicted,0.05555555555555555,17,17,GATGGTCATCCAGGAATTAG,0,4795166
ygeY_predicted,0.05555555555555555,17,17,GATCCTTAGAATGTTTCAAG,0,4799403
ygeY_predicted,0.05555555555555555,17,17,GAGTTAAATAATAGTCTGAT,0,4806683
ygeY_predicted,0.05555555555555555,17,17,GAGACCAAGCGGAGATACCT,0,4816711
ygeY_predicted,0.05555555555555555,17,17,CTTACGTCGGCCCAGAGTCA,0,4805858
ygeY_predicted,0.05555555555555555,17,17,CTGTTCCGAATGTAGGATTA,0,4814457
ygeY_predicted,0.05555555555555555,17,17,CTGGGTGTGCCGAGATTAGC,0,4804932
ygeY_predicted,0.05555555555555555,17,17,CTAGACATCACATCTGGGTG,0,4805105
ygeY_predicted,0.05555555555555555,17,17,CGTGGCAGCCGGAGTCTTGT,0,4802486
ygeY_predicted,0.05555555555555555,17,17,CGCCCCACGCGAGTGACGGA,0,4806203
ygeY_predicted,0.05555555555555555,17,17,CGCCAGCCGCCTCTCGGGGC,0,4807065
ygeY_predicted,0.05555555555555555,17,17,CGAATGGGGTGGGGTTATTA,0,4803104
ygeY_predicted,0.05555555555555555,17,17,CCGGGAGGACATGTCGGTAG,0,4798310
ygeY_predicted,0.05555555555555555,17,17,CCGACGTTGACGGTCATAAT,0,4803259
ygeY_predicted,0.05555555555555555,17,17,CCCCTATGTTGATTACCAAA,0,4802384
ygeY_predicted,0.05555555555555555,17,17,CCACCCGAGGGACCACAGCA,0,4801010
ygeY_predicted,0.05555555555555555,17,17,CCAACGTCTTGATATCATGT,0,4798751
ygeY_predicted,0.05555555555555555,17,17,CAGAAATCTGTCGCGACAAG,0,4798848
ygeY_predicted,0.05555555555555555,17,17,CACCATTGGCTCATGAGGTT,0,4809029
ygeY_predicted,0.05555555555555555,17,17,CAATTCGCTGCGACAGTTAG,0,4816011
ygeY_predicted,0.05555555555555555,17,17,CAACGGTTCCCTCATGTTTC,0,4808839
ygeY_predicted,0.05555555555555555,17,17,ATGTCAGCCTACTATTCGGC,0,4804452
ygeY_predicted,0.05555555555555555,17,17,ATGGGAGGGGAATCGCGGCC,0,4799902
ygeY_predicted,0.05555555555555555,17,17,ATCGACATGGTGTATGAACT,0,4811443
ygeY_predicted,0.05555555555555555,17,17,ATCAGTAAGTCGTTTGTCAT,0,4807823
ygeY_predicted,0.05555555555555555,17,17,ATACACGATACATGAAAAAG,0,4806691
ygeY_predicted,0.05555555555555555,17,17,AGGTTTTAGCGCCCCAAATA,0,4807053
ygeY_predicted,0.05555555555555555,17,17,AGGCAAACAACAGGCGGTCA,0,4801767
ygeY_predicted,0.05555555555555555,17,17,AGCTCCTGCTGCCTTAGGGC,0,4802159
ygeY_predicted,0.05555555555555555,17,17,AGCGCGTACTCACGTTCACG,0,4801864
ygeY_predicted,0.05555555555555555,17,17,AGAAACTTACCACACCAGTT,0,4800959
ygeY_predicted,0.05555555555555555,17,17,ACTTTAGCCGCTAATTATGT,0,4810428
ygeY_predicted,0.05555555555555555,17,17,ACTGTTTGGGACAACATTAC,0,4803441
ygeY_predicted,0.05555555555555555,17,17,ACTGTGATCGTCAGCATGGG,0,4812247
ygeY_predicted,0.05555555555555555,17,17,ACTGTCGTGTTGGTGAAACA,0,4809709
ygeY_predicted,0.05555555555555555,17,17,AAGCTTAGCCGTCCTGGATC,0,4808508
ygeY_predicted,0.05555555555555555,17,17,AACCGTCAATACATTTCGTC,0,4796073
ygeY_predicted,0.05555555555555555,17,17,AAATGCATGAAGCATGACGA,0,4815641
ygeY_predicted,0.05555555555555555,17,17,AAACAGACATATTAGCACAG,0,4801376
ygeY_predicted,0.058823529411764705,16,16,TTTTGGCACATGTATATGTA,0,4811442
ygeY_predicted,0.058823529411764705,16,16,TTTGTATGGTATTCACGTTC,0,4802432
ygeY_predicted,0.058823529411764705,16,16,TTTGGGAGAGCTATAGCTAT,0,4797118
ygeY_predicted,0.058823529411764705,16,16,TTTGATTACGCCCCGTACAT,0,4807214
ygeY_predicted,0.058823529411764705,16,16,TTTCTATCGTGACAGCAATT,0,4797541
ygeY_predicted,0.058823529411764705,16,16,TTGAAATTGACAGGGGACAA,0,4806590
ygeY_predicted,0.058823529411764705,16,16,TTCATGGAGCGCCGGCCGCG,0,4795869
ygeY_predicted,0.058823529411764705,16,16,TTATGTATCGGTTGTAGACG,0,4804871
ygeY_predicted,0.058823529411764705,16,16,TTAGGAGATGGCGACCTCAC,0,4804032
ygeY_predicted,0.058823529411764705,16,16,TTAATAGCATGACCCAGCTG,0,4795397
ygeY_predicted,0.058823529411764705,16,16,TGTCGTATGCACGCTACAAG,0,4813369
ygeY_predicted,0.058823529411764705,16,16,TGGGACCAGAATAGAATCAT,0,4802237
ygeY_predicted,0.058823529411764705,16,16,TGGCCTAAAGGAATCGCCAT,0,4806345
ygeY_predicted,0.058823529411764705,16,16,TGATAAAATGCAAACTCTTT,0,4810866
ygeY_predicted,0.058823529411764705,16,16,TCTGATTGGGGACATCCGGG,0,4797066
ygeY_predicted,0.058823529411764705,16,16,TAGCTTCTATTACCGCGAAA,0,4812036
ygeY_predicted,0.058823529411764705,16,16,TAGCGAACTCGTAGTCTCGA,0,4813112
ygeY_predicted,0.058823529411764705,16,16,TACCTGCGATGGTCGTGTTT,0,4814539
ygeY_predicted,0.058823529411764705,16,16,TAAGGCAGTATGGGATCCAA,0,4814813
ygeY_predicted,0.058823529411764705,16,16,TAAAGGCACCTATGTACTGC,0,4806589
ygeY_predicted,0.058823529411764705,16,16,GTTCCAATAGCACATTTCTA,0,4807042
ygeY_predicted,0.058823529411764705,16,16,GTGATGGTGAATTGAACACA,0,4804652
ygeY_predicted,0.058823529411764705,16,16,GTCTTATCTGGGGTACGGAC,0,4799364
ygeY_predicted,0.058823529411764705,16,16,GTCTGCTGGTTAAGGAGCAA,0,4814641
ygeY_predicted,0.058823529411764705,16,16,GTCGATCTCACCATACTCTT,0,4801087
ygeY_predicted,0.058823529411764705,16,16,GTATGACTGAGGTGGAAAGC,0,4804945
ygeY_predicted,0.058823529411764705,16,16,GTACTTCGCGAGTGGCTGTC,0,4808686
ygeY_predicted,0.058823529411764705,16,16,GGATTTACAATCGTCCAGTC,0,4803639
ygeY_predicted,0.058823529411764705,16,16,GCGCAGTGCCTACCAAATTC,0,4799312
ygeY_predicted,0.058823529411764705,16,16,GCCTCGTATGGCACTGACGT,0,4816687
ygeY_predicted,0.058823529411764705,16,16,GCCCTTATGACTGAATGTTC,0,4806859
ygeY_predicted,0.058823529411764705,16,16,GCCCAGTTTAGTCACCAGGA,0,4808548
ygeY_predicted,0.058823529411764705,16,16,GCACCATGGCCATTAACCAC,0,4797718
ygeY_predicted,0.058823529411764705,16,16,GAGTGGCGCAGTACTGCTGG,0,4807806
ygeY_predicted,0.058823529411764705,16,16,GACAAGTGCTTAGTGCGTAC,0,4798300
ygeY_predicted,0.058823529411764705,16,16,GAATACAGATCGCACTTAGA,0,4808906
ygeY_predicted,0.058823529411764705,16,16,GAAATGAGCACTTCGGCCAA,0,4806058
ygeY_predicted,0.058823529411764705,16,16,GAAACATCAAAAGTTAAGAA,0,4802240
ygeY_predicted,0.058823529411764705,16,16,CTGCGGCGCTTGTGTTGGTG,0,4795596
ygeY_predicted,0.058823529411764705,16,16,CTCAAGCGCAGACATCCGGG,0,4811013
ygeY_predicted,0.058823529411764705,16,16,CTAGAGCCCCGGTTTGACAC,0,4816361
ygeY_predicted,0.058823529411764705,16,16,CGTTCACGCTAGATAATCAT,0,4796262
ygeY_predicted,0.058823529411764705,16,16,CGTGTTGTGATCCAATTTTT,0,4809450
ygeY_predicted,0.058823529411764705,16,16,CGGTCATACATCCTTGGTAC,0,4811865
ygeY_predicted,0.058823529411764705,16,16,CGGTATGACAGCAGCTTCTC,0,4805292
ygeY_predicted,0.058823529411764705,16,16,CGCCAACCGTACACTCACGT,0,4814546
ygeY_predicted,0.058823529411764705,16,16,CCTTCGCTTCCGCCTTCGGG,0,4810533
ygeY_predicted,0.058823529411764705,16,16,CCTCTCCCAGAGTAACTCAG,0,4802835
ygeY_predicted,0.058823529411764705,16,16,CCTAACGTTTATTTGCACAT,0,4796823
ygeY_predicted,0.058823529411764705,16,16,CCGGTGCTTATGGGTTAAAC,0,4802128
ygeY_predicted,0.058823529411764705,16,16,CCGGCCGCGCAGTTCCTTGT,0,4800607
ygeY_predicted,0.058823529411764705,16,16,CCCCGACGCCCCGGGGGGTT,0,4805999
ygeY_predicted,0.058823529411764705,16,16,CCAAAGGTGGATAGTATATC,0,4809375
ygeY_predicted,0.058823529411764705,16,16,CATTTGGGCGTTACAACAGA,0,4808994
ygeY_predicted,0.058823529411764705,16,16,CAGGCTCGCGAAACACTAAC,0,4799279
ygeY_predicted,0.058823529411764705,16,16,CAGCAACATATATGTTCCAT,0,4811075
ygeY_predicted,0.058823529411764705,16,16,CAAACCCACTCCAAAAACAC,0,4805550
ygeY_predicted,0.058823529411764705,16,16,CAAAATCGAGTGTCCTTCCA,0,4808964
ygeY_predicted,0.058823529411764705,16,16,ATTCAGTCATGGAGCTCTTA,0,4809848
ygeY_predicted,0.058823529411764705,16,16,ATGTTCACCACGAATGCTTC,0,4810393
ygeY_predicted,0.058823529411764705,16,16,AGTGGATATTTAATACTATT,0,4806300
ygeY_predicted,0.058823529411764705,16,16,AGTCCCTCCTGCCTTAGGTC,0,4815640
ygeY_predicted,0.058823529411764705,16,16,AGTAGGACTCAGCCGAGCTG,0,4815413
ygeY_predicted,0.058823529411764705,16,16,AGGGCGCGGGGCGACTGGAC,0,4795552
ygeY_predicted,0.058823529411764705,16,16,AGACCCCCGGCCTTGGTCTC,0,4815766
ygeY_predicted,0.058823529411764705,16,16,ACTTGGATGGACCGGGACTA,0,4807863
ygeY_predicted,0.058823529411764705,16,16,ACTGATGACTTTTTCATCTT,0,4805384
ygeY_predicted,0.058823529411764705,16,16,ACTCAGTTGTACGAGAGGGT,0,4807894
ygeY_predicted,0.058823529411764705,16,16,ACAGGTAGACGTACCCTAGG,0,4811041
ygeY_predicted,0.058823529411764705,16,16,ACAATTTCTGTCTACCCGAT,0,4807909
ygeY_predicted,0.058823529411764705,16,16,ACAATGTTTTCTGATAGCCA,0,4800054
ygeY_predicted,0.058823529411764705,16,16,ACAAGGGGAACTTGCTCCGA,0,4813139
ygeY_predicted,0.058823529411764705,16,16,AAGTACGTTTTTATGCTTCA,0,4805834
ygeY_predicted,0.058823529411764705,16,16,AAGGACTTTTTACAAACGAA,0,4803895
ygeY_predicted,0.058823529411764705,16,16,AAGAACCGTGAGCACTTTTG,0,4799838
ygeY_predicted,0.058823529411764705,16,16,AAAGGCCGCGATGTCTGACA,0,4815566
ygeY_predicted,0.058823529411764705,16,16,AAAATTAGAGCTAGCCCTAT,0,4797025
ygeY_predicted,0.0625,15,15,TTTCACGCTCAGAAGCTTCT,0,4796665
ygeY_predicted,0.0625,15,15,TTGGGGTGAATCCGCAGTTT,0,4805343
ygeY_predicted,0.0625,15,15,TTCCAGGGCTGGACATATAA,0,4797681
ygeY_predicted,0.0625,15,15,TTCAGGTTCCGCGACTCCAA,0,4795477
ygeY_predicted,0.0625,15,15,TGTTAGCGGGCAGTCACAAA,0,4815420
ygeY_predicted,0.0625,15,15,TGCACAGGTAGGGCAACACG,0,4799367
ygeY_predicted,0.0625,15,15,TCGCGTCCTGATAGCCCACA,0,4804151
ygeY_predicted,0.0625,15,15,TCGCATGAAGTAGGAGCAGT,0,4802523
ygeY_predicted,0.0625,15,15,TCATCCTTAGAGTGAGCGCT,0,4798004
ygeY_predicted,0.0625,15,15,TATTGTGCCGTTATTGCGTT,0,4796263
ygeY_predicted,0.0625,15,15,TATATAGGCCACGCCTGGGA,0,4815223
ygeY_predicted,0.0625,15,15,TATAAGAGTCACTTTTAATT,0,4808920
ygeY_predicted,0.0625,15,15,TAGCCGTGATCCAGAAATGC,0,4797700
ygeY_predicted,0.0625,15,15,TAGATTACCTGTATTCCTAA,0,4799430
ygeY_predicted,0.0625,15,15,TACGGTGGAATTAGCCCGAA,0,4808026
ygeY_predicted,0.0625,15,15,TAAGGGTAGGTTTGATGAGA,0,4799358
ygeY_predicted,0.0625,15,15,TAAGCGACGGCGTCATTCCC,0,4804880
ygeY_predicted,0.0625,15,15,TAAGAACTGATACACTGTCC,0,4801829
ygeY_predicted,0.0625,15,15,TAACATAACGGCAGCCGGTC,0,4803086
ygeY_predicted,0.0625,15,15,TAAAAAAGACCCTGGAGACT,0,4800160
ygeY_predicted,0.0625,15,15,GTTATGTACTACAAGCAGAT,0,4813660
ygeY_predicted,0.0625,15,15,GTCTATAGTGATTCTAATGA,0,4815869
ygeY_predicted,0.0625,15,15,GTCGGACGACTTAGTTCGTG,0,4812684
ygeY_predicted,0.0625,15,15,GTAGGCTTCATTGAAGATTG,0,4795513
ygeY_predicted,0.0625,15,15,GGGGAATCGAGAATGTACGG,0,4801174
ygeY_predicted,0.0625,15,15,GGGCCATAAGGCTGCTCTTC,0,4804418
ygeY_predicted,0.0625,15,15,GGATGTAGCATGGTGTCTGC,0,4808525
ygeY_predicted,0.0625,15,15,GGATAAGATACAGCGATGAC,0,4796700
ygeY_predicted,0.0625,15,15,GGACATACCTTTGTGGGCCA,0,4796775
ygeY_predicted,0.0625,15,15,GGAATGTCTGACCTCCGCGT,0,4802125
ygeY_predicted,0.0625,15,15,GCTATCGGGGTTCCGTATAG,0,4802111
ygeY_predicted,0.0625,15,15,GCTAGGATATACTTGAAACA,0,4812070
ygeY_predicted,0.0625,15,15,GCGGTAATCGAAGCCCTCCT,0,4799671
ygeY_predicted,0.0625,15,15,GCCACCGAACTTGATGCATA,0,4811606
ygeY_predicted,0.0625,15,15,GCAGCAGCGTAATAAATCTG,0,4797606
ygeY_predicted,0.0625,15,15,GCACCAGCACGTAAACGAAC,0,4812875
ygeY_predicted,0.0625,15,15,GCAATGGTGAGGGGGGAAAA,0,4803589
ygeY_predicted,0.0625,15,15,GATTAAATTGGGTATTCGAC,0,4812335
ygeY_predicted,0.0625,15,15,GATGTTCTCACCTCTCGGCG,0,4805495
ygeY_predicted,0.0625,15,15,GATGCGGGAAAGGTGGGATA,0,4795312
ygeY_predicted,0.0625,15,15,GATAATTCTCGTTGAAATAG,0,4798897
ygeY_predicted,0.0625,15,15,GACGGTGACAGTTCAGCTTG,0,4808145
ygeY_predicted,0.0625,15,15,GACGCGATACGTGAGCGGGG,0,4806846
ygeY_predicted,0.0625,15,15,GACATCGCAAGCACAGGCGT,0,4803319
ygeY_predicted,0.0625,15,15,GAACACCGGGTCCCGGGACA,0,4807604
ygeY_predicted,0.0625,15,15,CTTCGCTGGCTTCTCCATAC,0,4806880
ygeY_predicted,0.0625,15,15,CTGGCGGAGAAAGAAGTAGT,0,4796291
ygeY_predicted,0.0625,15,15,CTATTGCGTTAGAGACTCAC,0,4798215
ygeY_predicted,0.0625,15,15,CGAGACGACCCGTAACGCCT,0,4813386
ygeY_predicted,0.0625,15,15,CGAAAGGTCAGCATTACCCA,0,4802381
ygeY_predicted,0.0625,15,15,CCTCATATGTAAACGCTACA,0,4809672
ygeY_predicted,0.0625,15,15,CCTACCCCGTCCCAGCTCTA,0,4799035
ygeY_predicted,0.0625,15,15,CCGGTCCGTATTCAATTTCA,0,4796749
ygeY_predicted,0.0625,15,15,CCCGTCTCAGATCAACCGTA,0,4804135
ygeY_predicted,0.0625,15,15,CCCGGTGCTTTAGGGCACTA,0,4813900
ygeY_predicted,0.0625,15,15,CCCATTCTGTCAGAACCTTA,0,4815132
ygeY_predicted,0.0625,15,15,CATTTGTCTATTGACCCACT,0,4802756
ygeY_predicted,0.0625,15,15,CATATGTAGTCCAGAAACGC,0,4796982
ygeY_predicted,0.0625,15,15,CAGCGCTGAACCAGTCGCCA,0,4804382
ygeY_predicted,0.0625,15,15,CAGACTTGGGTATAAATATG,0,4813486
ygeY_predicted,0.0625,15,15,CACCTGGCTTTCTAGTGAAG,0,4797001
ygeY_predicted,0.0625,15,15,CAACATAATCGATCTCTCAC,0,4796649
ygeY_predicted,0.0625,15,15,ATTCGTGCAGCAGGTCGTTA,0,4814472
ygeY_predicted,0.0625,15,15,ATTAATAACCAAAACGGCCA,0,4797640
ygeY_predicted,0.0625,15,15,ATGTTTTGATTACTCGCCTC,0,4801612
ygeY_predicted,0.0625,15,15,ATGTATACCACAGGAACAAT,0,4806522
ygeY_predicted,0.0625,15,15,ATGAACACGAGCGGCACGGG,0,4811777
ygeY_predicted,0.0625,15,15,ATCTGGTTCGAAAAATGATT,0,4807124
ygeY_predicted,0.0625,15,15,ATATATGCAGTAAAGGATGA,0,4812510
ygeY_predicted,0.0625,15,15,AGTAGCCTTCCGCGGCAATA,0,4815962
ygeY_predicted,0.0625,15,15,AGGGGGAGGCCAGGATTCGT,0,4809362
ygeY_predicted,0.0625,15,15,AGGCTACGCATGCCAAGTTT,0,4798025
ygeY_predicted,0.0625,15,15,AGCGGCTGGCTAGCAGGAGT,0,4805923
ygeY_predicted,0.0625,15,15,ACGTGTAATACACACGCAGT,0,4814548
ygeY_predicted,0.0625,15,15,ACGGATTGTGCGTGAAAGTT,0,4797073
ygeY_predicted,0.0625,15,15,ACAGCGGTCTCGGCTATCGA,0,4809255
ygeY_predicted,0.0625,15,15,AATTTATTCCGGGCAACGTA,0,4815358
ygeY_predicted,0.0625,15,15,AATATTTAATGTACGGTCCG,0,4807513
ygeY_predicted,0.0625,15,15,AAGGTAAACGCTTGTCGGCA,0,4815532
ygeY_predicted,0.0625,15,15,AAGGCCCTTGAAATCCTCTA,0,4801229
ygeY_predicted,0.0625,15,15,AAGCCCACACATCAGGAACA,0,4798720
ygeY_predicted,0.06666666666666667,14,14,TTTGTCTGGAACAAACCCTA,0,4800881
ygeY_predicted,0.06666666666666667,14,14,TTTCGACGTGCCGGGATACA,0,4813406
ygeY_predicted,0.06666666666666667,14,14,TTTAGGGGGCACCAGGCCGA,0,4814795
ygeY_predicted,0.06666666666666667,14,14,TTGGGACATTGATTTTACGA,0,4795703
ygeY_predicted,0.06666666666666667,14,14,TTCTGTGCGGTCACGGAATT,0,4795597
ygeY_predicted,0.06666666666666667,14,14,TTCGCCTCCATGGAGGAGGG,0,4804178
ygeY_predicted,0.06666666666666667,14,14,TGTGATTTGCCCGCATCTGT,0,4817059
ygeY_predicted,0.06666666666666667,14,14,TGTAGATGTACCAACCGGTA,0,4798885
ygeY_predicted,0.06666666666666667,14,14,TGGTTTCGGTTCTTCATCAT,0,4812528
ygeY_predicted,0.06666666666666667,14,14,TGGATTGTTTGTCCGTGGTA,0,4800046
ygeY_predicted,0.06666666666666667,14,14,TGCGTGAATCGAAGGCGAAA,0,4797224
ygeY_predicted,0.06666666666666667,14,14,TGCGTATCTGTAAAGTTACA,0,4806307
ygeY_predicted,0.06666666666666667,14,14,TGCGGCCTTCTTAGCCAGTG,0,4800320
ygeY_predicted,0.06666666666666667,14,14,TGCACTCACTAAGCAAATAG,0,4805087
ygeY_predicted,0.06666666666666667,14,14,TACAGGTATACGAAGAAACA,0,4799663
ygeY_predicted,0.06666666666666667,14,14,TAAGGACGTCGTCAATCGGG,0,4798466
ygeY_predicted,0.06666666666666667,14,14,TAAGAGAAGGTAAAAGGACT,0,4811728
ygeY_predicted,0.06666666666666667,14,14,TAACTTTCTCGGAATCCGGA,0,4814503
ygeY_predicted,0.06666666666666667,14,14,GTTCAGCGTTTAGTATGTGT,0,4805509
ygeY_predicted,0.06666666666666667,14,14,GTGGTACTAAATATGGATTA,0,4799155
ygeY_predicted,0.06666666666666667,14,14,GGTAGTAGGACGGTGCGGCG,0,4796260
ygeY_predicted,0.06666666666666667,14,14,GGTAAATGGTAAGAGCCATC,0,4798118
ygeY_predicted,0.06666666666666667,14,14,GGGCATCTCTCTAGGGCGAC,0,4797918
ygeY_predicted,0.06666666666666667,14,14,GGCTAGATGAACTATTAATG,0,4804790
ygeY_predicted,0.06666666666666667,14,14,GCTCCTATCAAATTTCTAAT,0,4807995
ygeY_predicted,0.06666666666666667,14,14,GCGTCTGGAAGAGCCTTAGC,0,4803705
ygeY_predicted,0.06666666666666667,14,14,GCGTATCACGAGTCTTTCGT,0,4796007
ygeY_predicted,0.06666666666666667,14,14,GCGGGTAACTTGTTGGCACG,0,4801201
ygeY_predicted,0.06666666666666667,14,14,GCGGCCTCTTTGTACTGGAT,0,4806509
ygeY_predicted,0.06666666666666667,14,14,GCGCTTGCTCACGTAACGTG,0,4815598
ygeY_predicted,0.06666666666666667,14,14,GCCTACACATATTAAGGGTA,0,4797739
ygeY_predicted,0.06666666666666667,14,14,GCCCGTTATGTGGACTCGTC,0,4798154
ygeY_predicted,0.06666666666666667,14,14,GCCCGCTGATTGACCGTCTA,0,4806052
ygeY_predicted,0.06666666666666667,14,14,GCATCGAGATGACCACATGC,0,4807329
ygeY_predicted,0.06666666666666667,14,14,GCAGCTTTGTCCCGTGGTGT,0,4809104
ygeY_predicted,0.06666666666666667,14,14,GCACGTCAGGAATCTGTTGC,0,4800419
ygeY_predicted,0.06666666666666667,14,14,GCAAGCGCTGCTGCTCTCTA,0,4807011
ygeY_predicted,0.06666666666666667,14,14,GATCTAACACCATTGTGGTA,0,4808827
ygeY_predicted,0.06666666666666667,14,14,GATACCCCGAAGGTAGAAGA,0,4806409
ygeY_predicted,0.06666666666666667,14,14,GAGTACCTTCTAAATCGGTG,0,4805634
ygeY_predicted,0.06666666666666667,14,14,GAGACACTCTCACAGCGGAA,0,4797552
ygeY_predicted,0.06666666666666667,14,14,GACTAGGAATCCACTGTCAA,0,4808593
ygeY_predicted,0.06666666666666667,14,14,GACCGAACAACGGTGCCAGT,0,4798432
ygeY_predicted,0.06666666666666667,14,14,CTTTGTTTAAACCAGGCCTA,0,4798231
ygeY_predicted,0.06666666666666667,14,14,CTGGGGATAGCTGAGAAGAC,0,4798462
ygeY_predicted,0.06666666666666667,14,14,CTGACGTAGGTTGCCGGGGA,0,4811605
ygeY_predicted,0.06666666666666667,14,14,CTCAGCCGAGACTGTACGCT,0,4807471
ygeY_predicted,0.06666666666666667,14,14,CGCTGCGCTACTAGCGGAGT,0,4805776
ygeY_predicted,0.06666666666666667,14,14,CGCGGGTGCCTTTAGACCAT,0,4802669
ygeY_predicted,0.06666666666666667,14,14,CGCGGCCCATTTTCTTCGCT,0,4799946
ygeY_predicted,0.06666666666666667,14,14,CGAGAATGTTAGAGAACTCT,0,4813049
ygeY_predicted,0.06666666666666667,14,14,CGAACACGAGATGGAGTCAA,0,4800946
ygeY_predicted,0.06666666666666667,14,14,CGAAACGTACCACTAAGTAC,0,4797278
ygeY_predicted,0.06666666666666667,14,14,CCTTACGTAGGGAATTCAGG,0,4801597
ygeY_predicted,0.06666666666666667,14,14,CCACAATAAACGGACAGCCA,0,4795555
ygeY_predicted,0.06666666666666667,14,14,CATAGATCTTTTTCCCAGGA,0,4801938
ygeY_predicted,0.06666666666666667,14,14,CATAAAATAAAGCTGCAGTC,0,4800786
ygeY_predicted,0.06666666666666667,14,14,CAATATGCTATGAATTGGGA,0,4811654
ygeY_predicted,0.06666666666666667,14,14,CAACGGATTTATTCTCACTA,0,4802630
ygeY_predicted,0.06666666666666667,14,14,ATTGCGGCCTAGCAGACGGG,0,4803253
ygeY_predicted,0.06666666666666667,14,14,ATTCCAAAGTTAACGTTGAG,0,4802838
ygeY_predicted,0.06666666666666667,14,14,ATGTGGTCGGTGCTGGGACT,0,4798992
ygeY_predicted,0.06666666666666667,14,14,ATGCTGGCGCAACGTTGGGA,0,4798599
ygeY_predicted,0.06666666666666667,14,14,ATCTAAAAACGAATTTGCGT,0,4809663
ygeY_predicted,0.06666666666666667,14,14,ATAGGCGTACCATAGGCCTC,0,4812054
ygeY_predicted,0.06666666666666667,14,14,ATAACGTTGCCTGTAAACCA,0,4801007
ygeY_predicted,0.06666666666666667,14,14,AGTCAAGGGCATTTCACTTT,0,4801668
ygeY_predicted,0.06666666666666667,14,14,AGTAGGGGTATTCAGTACGT,0,4810532
ygeY_predicted,0.06666666666666667,14,14,AGTACGATGTCTGTGGGTGG,0,4809106
ygeY_predicted,0.06666666666666667,14,14,AGCTCCACCTGGAAAGTGCA,0,4813123
ygeY_predicted,0.06666666666666667,14,14,AGCGGGTTGCGCGGGGGTAG,0,4812640
ygeY_predicted,0.06666666666666667,14,14,AGCAGATCAATAGCCAAACT,0,4810282
ygeY_predicted,0.06666666666666667,14,14,ACTTATTACAATATTTAAAA,0,4806672
ygeY_predicted,0.06666666666666667,14,14,ACTTACAGTTGGTGCGCGTA,0,4806394
ygeY_predicted,0.06666666666666667,14,14,ACGCTCGGGGTTGTTGCTTC,0,4814319
ygeY_predicted,0.06666666666666667,14,14,ACGCCACTGTTATTTGTATT,0,4800938
ygeY_predicted,0.06666666666666667,14,14,ACCTGGCCTCGCAACTTTAC,0,4806308
ygeY_predicted,0.06666666666666667,14,14,ACATCCAGTCACACAGAGAA,0,4813949
ygeY_predicted,0.06666666666666667,14,14,ACACAGATCTGAATCCTGAA,0,4808667
ygeY_predicted,0.06666666666666667,14,14,AAGAAGAAGTCTGTCCTGAG,0,4809558
ygeY_predicted,0.07142857142857142,13,13,TTTTGTCAACGAGTTTGATG,0,4800249
ygeY_predicted,0.07142857142857142,13,13,TTTTATGGCCTCCACACATT,0,4797753
ygeY_predicted,0.07142857142857142,13,13,TTTGCCGAGCGGCATCAGAA,0,4801861
ygeY_predicted,0.07142857142857142,13,13,TTTAACCGACTGCGGTTTAC,0,4799637
ygeY_predicted,0.07142857142857142,13,13,TTGACGCAACCAGACTTCTA,0,4816495
ygeY_predicted,0.07142857142857142,13,13,TTGACAGAAACCGAACGCTG,0,4803353
ygeY_predicted,0.07142857142857142,13,13,TTGAACGGGTGTGCTATGCT,0,4798852
ygeY_predicted,0.07142857142857142,13,13,TTCTGCAGACGTCTCCGCCA,0,4802666
ygeY_predicted,0.07142857142857142,13,13,TTAGCCCGGTGAACGGAAAG,0,4803421
ygeY_predicted,0.07142857142857142,13,13,TGTTAACAGGGTATTGGTAC,0,4811254
ygeY_predicted,0.07142857142857142,13,13,TGTATCTCAATTGCGGCGTA,0,4807652
ygeY_predicted,0.07142857142857142,13,13,TGTAGATTATAGGAACATTA,0,4799476
ygeY_predicted,0.07142857142857142,13,13,TGATCGTTGGGATTGTGAGG,0,4816140
ygeY_predicted,0.07142857142857142,13,13,TCTTAAATAGTACCATAAAG,0,4809990
ygeY_predicted,0.07142857142857142,13,13,TCTGTTACAAGGATGGGATA,0,4812139
ygeY_predicted,0.07142857142857142,13,13,TCTAATCAGTCCAATATCTT,0,4816839
ygeY_predicted,0.07142857142857142,13,13,TCCTGACTCGAAATAGGAGT,0,4806319
ygeY_predicted,0.07142857142857142,13,13,TCCGGCTTTCTCTATCCGTT,0,4809110
ygeY_predicted,0.07142857142857142,13,13,TCATCAGTATCAAACCCGTG,0,4795306
ygeY_predicted,0.07142857142857142,13,13,TCACGGATGGCGCTAACCGT,0,4805985
ygeY_predicted,0.07142857142857142,13,13,TATCGGCATGCGGGGATGGG,0,4795714
ygeY_predicted,0.07142857142857142,13,13,TATCGCCATGATATGTTCGA,0,4812046
ygeY_predicted,0.07142857142857142,13,13,TAGGCGCTTATCCAGACAAG,0,4807246
ygeY_predicted,0.07142857142857142,13,13,TACTCCAGGATTGGCGGGAT,0,4803918
ygeY_predicted,0.07142857142857142,13,13,TAACAGATGTTTTGACGCTT,0,4811472
ygeY_predicted,0.07142857142857142,13,13,TAAACTAAGGGGGTAGGGCT,0,4797643
ygeY_predicted,0.07142857142857142,13,13,GTGCGCTTTTTCGTATTGAT,0,4798650
ygeY_predicted,0.07142857142857142,13,13,GTCTTAGATTCGGAAGGTAG,0,4812837
ygeY_predicted,0.07142857142857142,13,13,GTAACCTTTTATGAGCGATA,0,4795144
ygeY_predicted,0.07142857142857142,13,13,GGTATCTTAAGCACTCCTTT,0,4810868
ygeY_predicted,0.07142857142857142,13,13,GGCGTCTGATGTCATTCCCA,0,4802795
ygeY_predicted,0.07142857142857142,13,13,GGAGGTCGGGTCTATCATTT,0,4811819
ygeY_predicted,0.07142857142857142,13,13,GGAGGAGCGGGTGGGGTACT,0,4799459
ygeY_predicted,0.07142857142857142,13,13,GCTTATGGTCAATAAGCTTC,0,4794890
ygeY_predicted,0.07142857142857142,13,13,GCTGGATGAACACTCTAGAT,0,4800816
ygeY_predicted,0.07142857142857142,13,13,GCTCCAACATACTCTGGTTG,0,4803686
ygeY_predicted,0.07142857142857142,13,13,GCTACTTCCAATTTTGAATC,0,4809177
ygeY_predicted,0.07142857142857142,13,13,GCGTGCATACGGGATGACTC,0,4806498
ygeY_predicted,0.07142857142857142,13,13,GCGTAGGTCGAATTAATAGG,0,4799839
ygeY_predicted,0.07142857142857142,13,13,GCGGGGGTCACTCGTGTTTT,0,4797976
ygeY_predicted,0.07142857142857142,13,13,GCCTGACAGTCAAGCCATGA,0,4810116
ygeY_predicted,0.07142857142857142,13,13,GATGTCCAGCTGGGTCACAT,0,4814017
ygeY_predicted,0.07142857142857142,13,13,GATGAGATGACCGTAGCGTT,0,4816406
ygeY_predicted,0.07142857142857142,13,13,GAGTAGATTGTGTGTTTAGG,0,4796596
ygeY_predicted,0.07142857142857142,13,13,GAGCCAGCAATCAGAACTAT,0,4799070
ygeY_predicted,0.07142857142857142,13,13,GAGCAGAGCAATATCAAAAC,0,4799858
ygeY_predicted,0.07142857142857142,13,13,GACTGCATAGTTTCTCAGAG,0,4803860
ygeY_predicted,0.07142857142857142,13,13,GACCGTACCAGTTCACCTAG,0,4802094
ygeY_predicted,0.07142857142857142,13,13,GAAAGCGTCTTGCGTCAATA,0,4806463
ygeY_predicted,0.07142857142857142,13,13,CTTGTTAAAACGACTGGAGA,0,4808331
ygeY_predicted,0.07142857142857142,13,13,CTTGGTGGCTTTCCTACGAA,0,4801210
ygeY_predicted,0.07142857142857142,13,13,CTCGCTATGTCTGCTCTGAA,0,4798055
ygeY_predicted,0.07142857142857142,13,13,CTAATCAGTTCGTCATTTTG,0,4813217
ygeY_predicted,0.07142857142857142,13,13,CTAAGTCGTCTTAGCACTAG,0,4809551
ygeY_predicted,0.07142857142857142,13,13,CGTAGCCGGCACGTGACATA,0,4798083
ygeY_predicted,0.07142857142857142,13,13,CGCGGCTAGTAGCACTTCAA,0,4801155
ygeY_predicted,0.07142857142857142,13,13,CGAGAGGGGAGGACGTGAAT,0,4797074
ygeY_predicted,0.07142857142857142,13,13,CCTCACCATGAGCCGCGGTA,0,4806723
ygeY_predicted,0.07142857142857142,13,13,CCCTGTCTAGATTGTTGGAA,0,4798750
ygeY_predicted,0.07142857142857142,13,13,CCCGTTCGAGCGTGGATCAG,0,4805182
ygeY_predicted,0.07142857142857142,13,13,CCCAAAGTTTCAGATCATAA,0,4812163
ygeY_predicted,0.07142857142857142,13,13,CCATAGCCCAGACACACACT,0,4801191
ygeY_predicted,0.07142857142857142,13,13,CCAGTCCCCGTACTGCCAGT,0,4802499
ygeY_predicted,0.07142857142857142,13,13,CCAGACGTTGCGCGGGTTGA,0,4809560
ygeY_predicted,0.07142857142857142,13,13,CCAAGGTTTCGCATTAGTGT,0,4808288
ygeY_predicted,0.07142857142857142,13,13,CCAAGCGTGCTGCATTAGGC,0,4809180
ygeY_predicted,0.07142857142857142,13,13,CCAAATAAACGGACTCGCAA,0,4807683
ygeY_predicted,0.07142857142857142,13,13,CAGGATTACAGGTTGCATAA,0,4809944
ygeY_predicted,0.07142857142857142,13,13,CAGCTTTTACGTTGAGCGTT,0,4812487
ygeY_predicted,0.07142857142857142,13,13,CAGACAGGTAGAGAAACTTG,0,4797392
ygeY_predicted,0.07142857142857142,13,13,CAGAAGTGCGAGCGTCAAGG,0,4799608
ygeY_predicted,0.07142857142857142,13,13,CAAGGCTGCCTCTACAGATG,0,4795053
ygeY_predicted,0.07142857142857142,13,13,CAAAAATGTTCGGGTTGACT,0,4810200
ygeY_predicted,0.07142857142857142,13,13,ATTGCAGCTTTCAGTACAAG,0,4806909
ygeY_predicted,0.07142857142857142,13,13,ATTATTAACCCTTAATGGGC,0,4801108
ygeY_predicted,0.07142857142857142,13,13,ATGTCGGGAGCATGCTAAAG,0,4810409
ygeY_predicted,0.07142857142857142,13,13,ATGTAACCTAGCAATAACCA,0,4800227
ygeY_predicted,0.07142857142857142,13,13,ATGAACTTTCCCAACCACTC,0,4804467
ygeY_predicted,0.07142857142857142,13,13,ATCTAGTGCCGGGTGCACGG,0,4795066
ygeY_predicted,0.07142857142857142,13,13,ATAGGTCTGAGTGATTCACT,0,4801700
ygeY_predicted,0.07142857142857142,13,13,ATAAACTGAAGGAGTATACC,0,4800556
ygeY_predicted,0.07142857142857142,13,13,AGTGAAAAAGAACACTTAGC,0,4802108
ygeY_predicted,0.07142857142857142,13,13,AGTCTCGGTTACAGCGGTTA,0,4814927
ygeY_predicted,0.07142857142857142,13,13,AGTAACCTGTCTCGTCTGTG,0,4806237
ygeY_predicted,0.07142857142857142,13,13,AGGTATAGGACGGGTACAAA,0,4805604
ygeY_predicted,0.07142857142857142,13,13,AGCTTTCATCCCAAGATTGT,0,4805559
ygeY_predicted,0.07142857142857142,13,13,AGCGGGTTAGGTTAGCATAA,0,4815152
ygeY_predicted,0.07142857142857142,13,13,AGCAATTTATGCACTGGGCA,0,4796229
ygeY_predicted,0.07142857142857142,13,13,AGAAATGAAACTCTTAGATT,0,4802178
ygeY_predicted,0.07142857142857142,13,13,ACTGCGTTCGTCTACCGTCA,0,4797468
ygeY_predicted,0.07142857142857142,13,13,ACTACTGAGCGTGATGGTCG,0,4799664
ygeY_predicted,0.07142857142857142,13,13,ACGCCCGGCCCAACGGTTTC,0,4816000
ygeY_predicted,0.07142857142857142,13,13,ACGAAAGACATATCACGTTT,0,4812037
ygeY_predicted,0.07142857142857142,13,13,ACCGTGCATGGCTCGACAAA,0,4806603
ygeY_predicted,0.07142857142857142,13,13,ACCGCATGTACGGGTAAGGT,0,4801891
ygeY_predicted,0.07142857142857142,13,13,ACCAGCACGAAAACGCTGTG,0,4805425
ygeY_predicted,0.07142857142857142,13,13,ACAACTGTGTTATTATCAAC,0,4799351
ygeY_predicted,0.07142857142857142,13,13,AATTACCAGATGCTTCGGTG,0,4802938
ygeY_predicted,0.07142857142857142,13,13,AAGCTTATTGTAGGAACCAC,0,4800969
ygeY_predicted,0.07142857142857142,13,13,AAGCAACCCCACTTGACCTG,0,4807651
ygeY_predicted,0.07142857142857142,13,13,AACGAGATCCGCCGCGGCGT,0,4812897
ygeY_predicted,0.07142857142857142,13,13,AACAGTGATGCCCGCACGTT,0,4798279
ygeY_predicted,0.07142857142857142,13,13,AACAGCCCGGGAGTAAGACT,0,4816217
ygeY_predicted,0.07142857142857142,13,13,AACAAGCCCTCAGCGAATGA,0,4813692
ygeY_predicted,0.07142857142857142,13,13,AAACGCAGCAAAATGCTCAT,0,4812797
ygeY_predicted,0.07692307692307693,12,12,TTTCCGTTCAAACACCAGGA,0,4798465
ygeY_predicted,0.07692307692307693,12,12,TTTCAGTTTTCCAGGGAAAT,0,4796651
ygeY_predicted,0.07692307692307693,12,12,TTTAATAGTATGGTCATGAT,0,4802585
ygeY_predicted,0.07692307692307693,12,12,TTGCCCAGCTCTAGATGTTT,0,4801830
ygeY_predicted,0.07692307692307693,12,12,TTCCTGATAAGTAGTAGTAT,0,4803479
ygeY_predicted,0.07692307692307693,12,12,TTCCGAACAAATTCTCCATC,0,4806682
ygeY_predicted,0.07692307692307693,12,12,TTCATTATGACTTCGCATAA,0,4801954
ygeY_predicted,0.07692307692307693,12,12,TGTAGCGCGTCTCACACATT,0,4796716
ygeY_predicted,0.07692307692307693,12,12,TGGCGAAGATCGAATTGAAG,0,4804910
ygeY_predicted,0.07692307692307693,12,12,TGGACCCCTAGGATCGCAGG,0,4811281
ygeY_predicted,0.07692307692307693,12,12,TGCTTTGGCAGTGCTTTCTC,0,4816032
ygeY_predicted,0.07692307692307693,12,12,TGCGGACGATTATTTCCATT,0,4803604
ygeY_predicted,0.07692307692307693,12,12,TGCCGCTTGTTGTTACGGTT,0,4815148
ygeY_predicted,0.07692307692307693,12,12,TGATGTGTCCGAATGCCTAT,0,4810159
ygeY_predicted,0.07692307692307693,12,12,TGAGGGGGCAACTCAGTTGG,0,4796602
ygeY_predicted,0.07692307692307693,12,12,TCTCCTACTTTCAGGTATAT,0,4797754
ygeY_predicted,0.07692307692307693,12,12,TCTAAATTGTGGTTAGGGAA,0,4796776
ygeY_predicted,0.07692307692307693,12,12,TCGTGCCTATTCCTGCTCCA,0,4798220
ygeY_predicted,0.07692307692307693,12,12,TCGGTCATAGGCGGCACGTC,0,4800493
ygeY_predicted,0.07692307692307693,12,12,TCGGGAGTCCTCGCTGGATC,0,4806746
ygeY_predicted,0.07692307692307693,12,12,TCGCGTGGCGCTAGTGACAT,0,4802505
ygeY_predicted,0.07692307692307693,12,12,TCAGGTACCTGTATGCTTAA,0,4797627
ygeY_predicted,0.07692307692307693,12,12,TCAGGCTAATAACGAAGAAT,0,4809965
ygeY_predicted,0.07692307692307693,12,12,TCAAGTTGTCTGAGTCTCTC,0,4811748
ygeY_predicted,0.07692307692307693,12,12,TATTTTCCAGCATCGTACAA,0,4809725
ygeY_predicted,0.07692307692307693,12,12,TATCGATGCTTCTAATTTCC,0,4797110
ygeY_predicted,0.07692307692307693,12,12,TATCACGCGCCAACCCTCCT,0,4810552
ygeY_predicted,0.07692307692307693,12,12,TATAGTAGGTTAAAGGACCT,0,4800717
ygeY_predicted,0.07692307692307693,12,12,TAGGGTGATCCCTATCCGCT,0,4809982
ygeY_predicted,0.07692307692307693,12,12,TAGCCCACCGAACGCGGTAT,0,4811349
ygeY_predicted,0.07692307692307693,12,12,GTTACCTTGATGAAAGTGAT,0,4813392
ygeY_predicted,0.07692307692307693,12,12,GTGAACATGTACGCTTCCAG,0,4802315
ygeY_predicted,0.07692307692307693,12,12,GTAGGGGGCACTTTCGGGAT,0,4802399
ygeY_predicted,0.07692307692307693,12,12,GTACGGCACGACTGAGACCG,0,4810280
ygeY_predicted,0.07692307692307693,12,12,GGTTAAGACACCATACTTAG,0,4800073
ygeY_predicted,0.07692307692307693,12,12,GGGGTGTAATAGTTTTCGTA,0,4799617
ygeY_predicted,0.07692307692307693,12,12,GGGGACCAGAAAATTGGGGC,0,4813937
ygeY_predicted,0.07692307692307693,12,12,GGGAATCGCGTGAACTCGGC,0,4795242
ygeY_predicted,0.07692307692307693,12,12,GGGAAACAGGCGACTTGGTC,0,4804130
ygeY_predicted,0.07692307692307693,12,12,GGCAGTCCTTCCGTATGTCG,0,4795984
ygeY_predicted,0.07692307692307693,12,12,GGCAAACGGCGAGCCTTGCG,0,4798361
ygeY_predicted,0.07692307692307693,12,12,GGAGGAACGGGAGATGCAGT,0,4807421
ygeY_predicted,0.07692307692307693,12,12,GCTTGGGGATAATCTCTGCA,0,4816185
ygeY_predicted,0.07692307692307693,12,12,GCTTATACAGGCTGCTGGTT,0,4812608
ygeY_predicted,0.07692307692307693,12,12,GCGGGTAAACGTTTATTAAT,0,4804963
ygeY_predicted,0.07692307692307693,12,12,GCGCAATATTGGCTACGGCC,0,4798805
ygeY_predicted,0.07692307692307693,12,12,GCCGTAATTGGCAGCTAATA,0,4802708
ygeY_predicted,0.07692307692307693,12,12,GCATGATCTAATTGACAATA,0,4810765
ygeY_predicted,0.07692307692307693,12,12,GCACATGTGCGCGAAACGGA,0,4798584
ygeY_predicted,0.07692307692307693,12,12,GCAATCTATCGCTACCGTCT,0,4803186
ygeY_predicted,0.07692307692307693,12,12,GCAACGTACGATTGACCACT,0,4798144
ygeY_predicted,0.07692307692307693,12,12,GATCGGTACAGATTCGGAAG,0,4807216
ygeY_predicted,0.07692307692307693,12,12,GAGCAGGTTACCATGGACAG,0,4812763
ygeY_predicted,0.07692307692307693,12,12,GAGAGTGCGACTTCGTACTC,0,4813397
ygeY_predicted,0.07692307692307693,12,12,GAGAGGAATTACTAAGATAG,0,4804853
ygeY_predicted,0.07692307692307693,12,12,GACTTCTTCCGACACGATAT,0,4808901
ygeY_predicted,0.07692307692307693,12,12,GAAGCGTAAGGTACCTGTAA,0,4803988
ygeY_predicted,0.07692307692307693,12,12,GAACCGAGACGCCGTACGTT,0,4802988
ygeY_predicted,0.07692307692307693,12,12,GAACCATGGCGAGTACAGGA,0,4816377
ygeY_predicted,0.07692307692307693,12,12,GAAACAGCAATAAACTAATA,0,4811064
ygeY_predicted,0.07692307692307693,12,12,CTTTACCGCTGCGTTTCAGG,0,4804907
ygeY_predicted,0.07692307692307693,12,12,CTTGGCGGTCTGAACCCTTG,0,4799292
ygeY_predicted,0.07692307692307693,12,12,CTTGCCGGCGACTGTTATGG,0,4807361
ygeY_predicted,0.07692307692307693,12,12,CTGTGTAATTATGCGTCGCG,0,4805646
ygeY_predicted,0.07692307692307693,12,12,CTGGTTGAAGAATGGGGGGT,0,4802321
ygeY_predicted,0.07692307692307693,12,12,CTGCAAGCGAACTGAAACCT,0,4799653
ygeY_predicted,0.07692307692307693,12,12,CTATTAAGCCCTCGTGATGG,0,4802106
ygeY_predicted,0.07692307692307693,12,12,CTATGACTGATCATTTGCTG,0,4816795
ygeY_predicted,0.07692307692307693,12,12,CTACGAGAGGCACTCATCTG,0,4796334
ygeY_predicted,0.07692307692307693,12,12,CGTGGGTGGCATGTCGCGGG,0,4798740
ygeY_predicted,0.07692307692307693,12,12,CGGGATCGTCAGAGCATTGG,0,4805463
ygeY_predicted,0.07692307692307693,12,12,CGGGAAAGGGGTGCCGAGCC,0,4802921
ygeY_predicted,0.07692307692307693,12,12,CGGCCGGTTCGCCGACCACG,0,4815922
ygeY_predicted,0.07692307692307693,12,12,CGCGCCATCAAAAAAGTAAT,0,4811696
ygeY_predicted,0.07692307692307693,12,12,CGCCTGTTAATTGCTACCGC,0,4808362
ygeY_predicted,0.07692307692307693,12,12,CGCCCGCGCGAAGTTCGGCA,0,4802689
ygeY_predicted,0.07692307692307693,12,12,CGCATTTTGTATTCTGCATC,0,4813953
ygeY_predicted,0.07692307692307693,12,12,CGATGACGGGTTGGTCCCAT,0,4810926
ygeY_predicted,0.07692307692307693,12,12,CGAGTCTACGCGGCGTTATA,0,4800248
ygeY_predicted,0.07692307692307693,12,12,CCTCTACGGTCGGCAATGCT,0,4804614
ygeY_predicted,0.07692307692307693,12,12,CCTCCGTTCTCCGGCTAGCA,0,4813628
ygeY_predicted,0.07692307692307693,12,12,CCGCATACTTTGACATCTGG,0,4798085
ygeY_predicted,0.07692307692307693,12,12,CCCTAAGCATGAGTGAGTGG,0,4798484
ygeY_predicted,0.07692307692307693,12,12,CCCGGGAGTTAAGTCAGTGA,0,4802072
ygeY_predicted,0.07692307692307693,12,12,CCCCGATTTCCCACTTGGCA,0,4800495
ygeY_predicted,0.07692307692307693,12,12,CCCAGGCTGGCAACTGTTCA,0,4799460
ygeY_predicted,0.07692307692307693,12,12,CCAGTACGAAAGACGCGTAG,0,4809777
ygeY_predicted,0.07692307692307693,12,12,CATTTTCAATTCACGGAATA,0,4806570
ygeY_predicted,0.07692307692307693,12,12,CATGCTTGTATCGGAGAGTG,0,4805247
ygeY_predicted,0.07692307692307693,12,12,CAGTATGTAAACTCTATCAA,0,4804196
ygeY_predicted,0.07692307692307693,12,12,CAGGCCACCTGTACCGCGAG,0,4802036
ygeY_predicted,0.07692307692307693,12,12,CACACGGGCGACGTTTGACG,0,4801150
ygeY_predicted,0.07692307692307693,12,12,CACACCAGGTCTCACTCGTG,0,4799866
ygeY_predicted,0.07692307692307693,12,12,CAACTCCTTACTCCTCTCTA,0,4808991
ygeY_predicted,0.07692307692307693,12,12,ATTGTAAAGATCGCATGGTA,0,4804906
ygeY_predicted,0.07692307692307693,12,12,ATTCCTTAGTGCACACTAGG,0,4796911
ygeY_predicted,0.07692307692307693,12,12,ATGTATTTAAGTAAGTCGCC,0,4797683
ygeY_predicted,0.07692307692307693,12,12,ATGGTCGGCGCAAACCGCAG,0,4806450
ygeY_predicted,0.07692307692307693,12,12,ATCTGTGGAGGGGCCATATT,0,4815187
ygeY_predicted,0.07692307692307693,12,12,ATCTGATTTGGACGAGGACG,0,4797252
ygeY_predicted,0.07692307692307693,12,12,ATATCCCTCGTCACGAACGC,0,4801620
ygeY_predicted,0.07692307692307693,12,12,ATATACCCGTTAGACCGGCT,0,4809463
ygeY_predicted,0.07692307692307693,12,12,ATACACCCGTTCTGCCATCG,0,4801520
ygeY_predicted,0.07692307692307693,12,12,ATAAGGTCTCCCGTGAAATA,0,4806789
ygeY_predicted,0.07692307692307693,12,12,AGTGGCAGGACCCCCTTGCA,0,4812539
ygeY_predicted,0.07692307692307693,12,12,AGTCTAGGAGCAGGTTGGAG,0,4811639
ygeY_predicted,0.07692307692307693,12,12,AGGTACAGGAACTGATGTCG,0,4795818
ygeY_predicted,0.07692307692307693,12,12,AGCGTCTGCCAAGGGGTTTG,0,4814560
ygeY_predicted,0.07692307692307693,12,12,AGCGAATATACCAAAGAGCA,0,4803641
ygeY_predicted,0.07692307692307693,12,12,AGACCACCTCCGTAGGCCAT,0,4800828
ygeY_predicted,0.07692307692307693,12,12,ACTATGGCTAGCTCAGCTGG,0,4813053
ygeY_predicted,0.07692307692307693,12,12,ACAGGCATTCGGGGAAAGGA,0,4802294
ygeY_predicted,0.07692307692307693,12,12,ACAGGAAACGCCATTAGCCA,0,4814323
ygeY_predicted,0.07692307692307693,12,12,ACACCCTGGCTTAGTACCAC,0,4796316
ygeY_predicted,0.07692307692307693,12,12,AATTGTGTGGCGGGGTATCC,0,4806169
ygeY_predicted,0.07692307692307693,12,12,AATCTCGCTCCTATTGGATG,0,4808124
ygeY_predicted,0.07692307692307693,12,12,AATCCGCACACCAATCATCC,0,4801128
ygeY_predicted,0.07692307692307693,12,12,AATAAGCTCGTCGGATAGCG,0,4815210
ygeY_predicted,0.07692307692307693,12,12,AAGTCTGTTAAGGGACAGAT,0,4800923
ygeY_predicted,0.07692307692307693,12,12,AAGATCGTGTGCTACACTTC,0,4805369
ygeY_predicted,0.08333333333333333,11,11,TTTGACGTCACTGAAGTGAT,0,4800332
ygeY_predicted,0.08333333333333333,11,11,TTCTGTTAGTAAGAAAGAGC,0,4810143
ygeY_predicted,0.08333333333333333,11,11,TTCCTTCCAGACAATCTGTG,0,4804085
ygeY_predicted,0.08333333333333333,11,11,TTCCAATAGTGTGTTCCGCA,0,4814508
ygeY_predicted,0.08333333333333333,11,11,TTCATCACAGCTTGATCGTT,0,4808825
ygeY_predicted,0.08333333333333333,11,11,TTACGTCATCACCTCCGTTC,0,4809030
ygeY_predicted,0.08333333333333333,11,11,TGTGGTCGTACGGGCACCGC,0,4804787
ygeY_predicted,0.08333333333333333,11,11,TGTCTTGAATGTTTCACGTA,0,4795658
ygeY_predicted,0.08333333333333333,11,11,TGGTAAACCAAAACTCAATC,0,4806317
ygeY_predicted,0.08333333333333333,11,11,TGGACTCAAGGAACTTCGTA,0,4804574
ygeY_predicted,0.08333333333333333,11,11,TGCCGTAAGCCCGTGTGAGA,0,4801518
ygeY_predicted,0.08333333333333333,11,11,TGCCCGCCAAGGTGTAAAAT,0,4809046
ygeY_predicted,0.08333333333333333,11,11,TGATCGCTGCAGGTTTATCT,0,4795087
ygeY_predicted,0.08333333333333333,11,11,TGACAGTCTTCTATACGGCC,0,4812239
ygeY_predicted,0.08333333333333333,11,11,TCTTAGAGCGGCCGGCCGGC,0,4805758
ygeY_predicted,0.08333333333333333,11,11,TCTGGCTGAGCCTCGCGGCG,0,4809793
ygeY_predicted,0.08333333333333333,11,11,TCTCTTCAAACTGCATATCT,0,4801840
ygeY_predicted,0.08333333333333333,11,11,TCTCGCTTCCCTTAGCATGG,0,4797512
ygeY_predicted,0.08333333333333333,11,11,TCTCAGGCTGGGCGTCCTCG,0,4805349
ygeY_predicted,0.08333333333333333,11,11,TCTACCAAGTGGATGAACTT,0,4806554
ygeY_predicted,0.08333333333333333,11,11,TCTACATGCAGAGGGACCCG,0,4804975
ygeY_predicted,0.08333333333333333,11,11,TCGTCGGGGCGAAGAGAATT,0,4803712
ygeY_predicted,0.08333333333333333,11,11,TCCTCACTCTTCAGGCGGTT,0,4798935
ygeY_predicted,0.08333333333333333,11,11,TCCCCCCTGTACTATAATAG,0,4810612
ygeY_predicted,0.08333333333333333,11,11,TCCATCATATCAATCAGTGT,0,4811271
ygeY_predicted,0.08333333333333333,11,11,TCAAACGGCGCCGAGCGTCG,0,4802993
ygeY_predicted,0.08333333333333333,11,11,TATTTGTTCGCCTGGGGCAT,0,4805226
ygeY_predicted,0.08333333333333333,11,11,TATGGACCTTCATAACATGA,0,4798622
ygeY_predicted,0.08333333333333333,11,11,TAGCACGGGAGAGCGAAGAA,0,4799593
ygeY_predicted,0.08333333333333333,11,11,TACCCCCCCAGAACAGCAAC,0,4798422
ygeY_predicted,0.08333333333333333,11,11,TACCAGGAAAAGCTAAGCCC,0,4810865
ygeY_predicted,0.08333333333333333,11,11,TAAGGGTAGAAGACGAATCA,0,4803794
ygeY_predicted,0.08333333333333333,11,11,GTCTACCGGCGGGCCACTTA,0,4802994
ygeY_predicted,0.08333333333333333,11,11,GTCGCAAAGATTGATCCTGA,0,4803323
ygeY_predicted,0.08333333333333333,11,11,GTCGAATCTCGATACATTTA,0,4796849
ygeY_predicted,0.08333333333333333,11,11,GTCCTGTACGGATATGCGTT,0,4801425
ygeY_predicted,0.08333333333333333,11,11,GTCCCGGTTGACACGGGCAT,0,4802013
ygeY_predicted,0.08333333333333333,11,11,GTCCACAACAAATTTCCCGA,0,4805159
ygeY_predicted,0.08333333333333333,11,11,GTCACGCCCCTTATATAAAT,0,4811077
ygeY_predicted,0.08333333333333333,11,11,GTATGTGCAAGATTGCCCTG,0,4799785
ygeY_predicted,0.08333333333333333,11,11,GTAAGTGGTTTACATTTCGA,0,4795441
ygeY_predicted,0.08333333333333333,11,11,GGTGGGTGCTGCTTTTTGGG,0,4808526
ygeY_predicted,0.08333333333333333,11,11,GGGACTGCAGATAAGGCTGT,0,4804904
ygeY_predicted,0.08333333333333333,11,11,GGCTGTTACAAATGTAGTAC,0,4801665
ygeY_predicted,0.08333333333333333,11,11,GGCTAAATCCAGGCGCAGAT,0,4813122
ygeY_predicted,0.08333333333333333,11,11,GGCCCTAACGTGCCGTAATG,0,4815144
ygeY_predicted,0.08333333333333333,11,11,GGCACTAGCTAGATCGCTTG,0,4813784
ygeY_predicted,0.08333333333333333,11,11,GGCAATCTCCATGGATTTAG,0,4800181
ygeY_predicted,0.08333333333333333,11,11,GGCAATCGCGATATTGGCAT,0,4803042
ygeY_predicted,0.08333333333333333,11,11,GGCAAGTTTTACGGTCTTAA,0,4802691
ygeY_predicted,0.08333333333333333,11,11,GCTTGCGACAAGACCGGAGC,0,4802390
ygeY_predicted,0.08333333333333333,11,11,GCTACTGTGGACCAGTTCGA,0,4796974
ygeY_predicted,0.08333333333333333,11,11,GCGTTCACAAGTAGTTGATT,0,4814205
ygeY_predicted,0.08333333333333333,11,11,GCGTACTGGATAATATTCCG,0,4809896
ygeY_predicted,0.08333333333333333,11,11,GCGAGTCCCATATATTCGAT,0,4807773
ygeY_predicted,0.08333333333333333,11,11,GCCGGTATTCTTGGTTATGG,0,4797861
ygeY_predicted,0.08333333333333333,11,11,GCCCGGCCTACTTTGCCTAT,0,4806783
ygeY_predicted,0.08333333333333333,11,11,GCACGGGGGGCAAATGAGGG,0,4803692
ygeY_predicted,0.08333333333333333,11,11,GCAAGGTAACGCCCGGGAGA,0,4810943
ygeY_predicted,0.08333333333333333,11,11,GCAAATGGGTGCCTGGCGTT,0,4798500
ygeY_predicted,0.08333333333333333,11,11,GATTTCGTGGCGGGGCCAAG,0,4801238
ygeY_predicted,0.08333333333333333,11,11,GATTCCTGTATGGAAGTAGA,0,4811651
ygeY_predicted,0.08333333333333333,11,11,GATACATATTAGATCTACCG,0,4797000
ygeY_predicted,0.08333333333333333,11,11,GATAACCTCTAGAGACTACA,0,4811598
ygeY_predicted,0.08333333333333333,11,11,GAGGTTATTGATGTGAGGTC,0,4816698
ygeY_predicted,0.08333333333333333,11,11,GAGGGCCTCAACTTCTGTGG,0,4812194
ygeY_predicted,0.08333333333333333,11,11,GAGGAGTTCGCTGAGAATAT,0,4809061
ygeY_predicted,0.08333333333333333,11,11,GAACGCGTGCTTGAGCAGTT,0,4801837
ygeY_predicted,0.08333333333333333,11,11,GAAAATCACGTCAGCGGGGC,0,4811574
ygeY_predicted,0.08333333333333333,11,11,CTTCACGCTACGTCAAATGT,0,4799727
ygeY_predicted,0.08333333333333333,11,11,CTGTGGCACCCACCGATCTT,0,4810483
ygeY_predicted,0.08333333333333333,11,11,CTGCTGGAGGTGTTGCAGTT,0,4813626
ygeY_predicted,0.08333333333333333,11,11,CTGAACTACTGGCGGGATCT,0,4813596
ygeY_predicted,0.08333333333333333,11,11,CTCCTACCGGTGGGAACTTA,0,4809552
ygeY_predicted,0.08333333333333333,11,11,CTCCGCCTGTTCACTACAAA,0,4816147
ygeY_predicted,0.08333333333333333,11,11,CTCCATGGATCTTTAGGTTT,0,4811666
ygeY_predicted,0.08333333333333333,11,11,CGTTCAGCTGTGGCTAGACA,0,4797173
ygeY_predicted,0.08333333333333333,11,11,CGCCTATCGTCCTCGCTAAC,0,4804819
ygeY_predicted,0.08333333333333333,11,11,CGCCGGTGCGTATGCCTAGC,0,4806287
ygeY_predicted,0.08333333333333333,11,11,CGCAACCTTGGATATGATTG,0,4799344
ygeY_predicted,0.08333333333333333,11,11,CGATAGGTCTCGTGCGGTTA,0,4806593
ygeY_predicted,0.08333333333333333,11,11,CGAATGATCAAAGTTGGTTC,0,4796018
ygeY_predicted,0.08333333333333333,11,11,CCTCTTCCGAATTCTACCCG,0,4806575
ygeY_predicted,0.08333333333333333,11,11,CCGGCCGGTTCGGAATGTTG,0,4812311
ygeY_predicted,0.08333333333333333,11,11,CCGGCCCGCCTAGGTGGTCG,0,4804108
ygeY_predicted,0.08333333333333333,11,11,CCATCTTGGTCTGGCAGAGT,0,4795333
ygeY_predicted,0.08333333333333333,11,11,CCAGGCACGTCACGCCATAG,0,4805201
ygeY_predicted,0.08333333333333333,11,11,CCAATTCGTTTGAGGCTTGT,0,4812043
ygeY_predicted,0.08333333333333333,11,11,CATTTCAGTGGCACCATACG,0,4804292
ygeY_predicted,0.08333333333333333,11,11,CATGAATAGCTCGAGCCAGT,0,4796142
ygeY_predicted,0.08333333333333333,11,11,CATCGGTAAAGAAAGGACAA,0,4795292
ygeY_predicted,0.08333333333333333,11,11,CAGTTCGACCTAGTAGGCTA,0,4805174
ygeY_predicted,0.08333333333333333,11,11,CAGCTGATCAATCTACCTAA,0,4800211
ygeY_predicted,0.08333333333333333,11,11,CAGCGATGGTTGAGAGGCTA,0,4795641
ygeY_predicted,0.08333333333333333,11,11,CAGCCGTGTAAGCGGACGAA,0,4806440
ygeY_predicted,0.08333333333333333,11,11,CACGGTTGGACTATCGCTCT,0,4797516
ygeY_predicted,0.08333333333333333,11,11,CACATTTCTGGGCAGGGCCA,0,4798368
ygeY_predicted,0.08333333333333333,11,11,CAATAGCGATCGACTTTAGT,0,4810014
ygeY_predicted,0.08333333333333333,11,11,ATTGCACCTCTAGTGCGACT,0,4798065
ygeY_predicted,0.08333333333333333,11,11,ATTCTTTCTAGAGGCATTCA,0,4813635
ygeY_predicted,0.08333333333333333,11,11,ATGTTAAACAATCCCCATGT,0,4804161
ygeY_predicted,0.08333333333333333,11,11,ATGTAACACTAAACGTCCTT,0,4802497
ygeY_predicted,0.08333333333333333,11,11,ATGCCTGAGATATTGAGTTC,0,4810244
ygeY_predicted,0.08333333333333333,11,11,ATCGATTGTAGCAATTGTTA,0,4806479
ygeY_predicted,0.08333333333333333,11,11,ATCGATAATGCAATATCTTA,0,4807140
ygeY_predicted,0.08333333333333333,11,11,ATAACTCAATAGGTACAACC,0,4810605
ygeY_predicted,0.08333333333333333,11,11,AGGGCCATACGGAATGAAAT,0,4799161
ygeY_predicted,0.08333333333333333,11,11,AGGGAGCTCGGTGGCTGCTG,0,4803191
ygeY_predicted,0.08333333333333333,11,11,AGGCAGTTGTGGAGCCACTT,0,4807281
ygeY_predicted,0.08333333333333333,11,11,AGGCAGCCAAGGGGTCAATA,0,4814494
ygeY_predicted,0.08333333333333333,11,11,AGGAATAACAACGATGAATT,0,4795875
ygeY_predicted,0.08333333333333333,11,11,AGGAAGGGACGAGATCGATC,0,4796664
ygeY_predicted,0.08333333333333333,11,11,AGCTTTACCTGTAACGGCTG,0,4808363
ygeY_predicted,0.08333333333333333,11,11,AGCTAGGCAGTGCGTACCAT,0,4799207
ygeY_predicted,0.08333333333333333,11,11,AGCGTCTACTATGCCCCGAT,0,4805737
ygeY_predicted,0.08333333333333333,11,11,AGCCCTGTAATTATTTGAAG,0,4802815
ygeY_predicted,0.08333333333333333,11,11,AGCAGGAATGCCTTCACTAT,0,4800143
ygeY_predicted,0.08333333333333333,11,11,AGAGACCAATGGAGCGGGGT,0,4806722
ygeY_predicted,0.08333333333333333,11,11,ACGGAATAGAGTGCATCTGA,0,4812400
ygeY_predicted,0.08333333333333333,11,11,ACGCACCCTTCGGACGAGAA,0,4800755
ygeY_predicted,0.08333333333333333,11,11,ACGAGTAGGGCTGGCTTGTA,0,4801944
ygeY_predicted,0.08333333333333333,11,11,ACCGGCGATTCAGGTGCCCC,0,4801045
ygeY_predicted,0.08333333333333333,11,11,ACCCTTAATATACGGGCGAC,0,4799645
ygeY_predicted,0.08333333333333333,11,11,ACATCGGGAATGAGACGGTT,0,4812081
ygeY_predicted,0.08333333333333333,11,11,ACAGCCCCAGGCTGTTGCTT,0,4803101
ygeY_predicted,0.08333333333333333,11,11,AATCCTCAGGTACCGGAACC,0,4805185
ygeY_predicted,0.08333333333333333,11,11,AATAAACATACTGATTCCCA,0,4807508
ygeY_predicted,0.08333333333333333,11,11,AAGTTGCCCAACAGTCCCAT,0,4798942
ygeY_predicted,0.08333333333333333,11,11,AAGTTACACACGGGAATTAC,0,4802631
ygeY_predicted,0.08333333333333333,11,11,AAGGTCCTACCGGATTCAAT,0,4808043
ygeY_predicted,0.08333333333333333,11,11,AAGGACCGTCATATGTGGAG,0,4808937
ygeY_predicted,0.08333333333333333,11,11,AACCGTGTTCCTAGTCCGAC,0,4801111
ygeY_predicted,0.08333333333333333,11,11,AAACCCGCTGACGCTAGATA,0,4803447
ygeY_predicted,0.08333333333333333,11,11,AAAAGGACGTGCGCACACTC,0,4808366
ygeY_predicted,0.08333333333333333,11,11,AAAAAGTATCCGTTAACACA,0,4805726
ygeY_predicted,0.09090909090909091,10,10,TTGTAGCAGAAGTATTGTCA,0,4803804
ygeY_predicted,0.09090909090909091,10,10,TTGGTAAAGAGTCCATCAGC,0,4809101
ygeY_predicted,0.09090909090909091,10,10,TTGAGCTTTGCAAACTGGAC,0,4808069
ygeY_predicted,0.09090909090909091,10,10,TTCGGACCTATGGCGGTGCA,0,4808246
ygeY_predicted,0.09090909090909091,10,10,TTCGCTGGCCATTCGACGGC,0,4800866
ygeY_predicted,0.09090909090909091,10,10,TTCCTCAGCGTCAATGCGCA,0,4807723
ygeY_predicted,0.09090909090909091,10,10,TTAATTATTACTAACAACCA,0,4805017
ygeY_predicted,0.09090909090909091,10,10,TGTGCCGCAAGCGCAATATG,0,4815565
ygeY_predicted,0.09090909090909091,10,10,TGTCTAGGTAAGCTATTTTG,0,4806901
ygeY_predicted,0.09090909090909091,10,10,TGTCAATCCTCCTGACAGAG,0,4801761
ygeY_predicted,0.09090909090909091,10,10,TGTACTTGGCCCAAATGCGA,0,4803708
ygeY_predicted,0.09090909090909091,10,10,TGCTTCTTTTAAACAGGTTC,0,4813748
ygeY_predicted,0.09090909090909091,10,10,TGCTCCACCTCTCGAGGACA,0,4801666
ygeY_predicted,0.09090909090909091,10,10,TGCGCTAGGGGTTAAAGAGA,0,4807373
ygeY_predicted,0.09090909090909091,10,10,TGCCACATGAAATTGGGTCG,0,4802095
ygeY_predicted,0.09090909090909091,10,10,TGCATTCTGGTATCTTGAAG,0,4809094
ygeY_predicted,0.09090909090909091,10,10,TGCACCTAGAAATAGGTCAG,0,4800591
ygeY_predicted,0.09090909090909091,10,10,TGATTAATCGGATACCACAA,0,4805328
ygeY_predicted,0.09090909090909091,10,10,TGATGTTGGACTAGATGACA,0,4798063
ygeY_predicted,0.09090909090909091,10,10,TCTTTGACTTCCACGACTCA,0,4798249
ygeY_predicted,0.09090909090909091,10,10,TCTCTTCATGTATTTCGAGG,0,4794970
ygeY_predicted,0.09090909090909091,10,10,TCGGTCAGTATTGCTAAATG,0,4808529
ygeY_predicted,0.09090909090909091,10,10,TCGCTCGCCATTATTTTGAG,0,4804503
ygeY_predicted,0.09090909090909091,10,10,TCCCTTACACGCGTGCTTAT,0,4801750
ygeY_predicted,0.09090909090909091,10,10,TCAGTCTGTTTGTGTAAGGG,0,4797558
ygeY_predicted,0.09090909090909091,10,10,TCACTGGATGGGGGGGCCAA,0,4806876
ygeY_predicted,0.09090909090909091,10,10,TAGCGGGTAGGGGAACACGT,0,4809429
ygeY_predicted,0.09090909090909091,10,10,TACTTGGATGATCAAATGCT,0,4809447
ygeY_predicted,0.09090909090909091,10,10,TACTGCGGCATAGAGCCCAT,0,4796868
ygeY_predicted,0.09090909090909091,10,10,TACGTCGAGTACGAGTATCT,0,4805583
ygeY_predicted,0.09090909090909091,10,10,TAAGTCGAACGACGCATATT,0,4796896
ygeY_predicted,0.09090909090909091,10,10,TAACCATTTTTCCCCTGGGG,0,4812327
ygeY_predicted,0.09090909090909091,10,10,TAAACGTTCGATGAAAAAAA,0,4800995
ygeY_predicted,0.09090909090909091,10,10,GTTCCTAGACCGCGCCACTG,0,4809298
ygeY_predicted,0.09090909090909091,10,10,GTTATCGGGGTTGTCATAGT,0,4797442
ygeY_predicted,0.09090909090909091,10,10,GTTAGATATGTGTACATGAT,0,4812263
ygeY_predicted,0.09090909090909091,10,10,GTGTGGATTTCGTCGCCGTT,0,4811158
ygeY_predicted,0.09090909090909091,10,10,GTGTGGAGTGTGGTTCAGCA,0,4797611
ygeY_predicted,0.09090909090909091,10,10,GTCTTAAGGAACTTGCCCCT,0,4812681
ygeY_predicted,0.09090909090909091,10,10,GTCGATCATTCAAGTGCGCC,0,4804003
ygeY_predicted,0.09090909090909091,10,10,GTAGTGGATCGGGCGGGCAG,0,4798641
ygeY_predicted,0.09090909090909091,10,10,GTAGACTACGCATTCGTATT,0,4804230
ygeY_predicted,0.09090909090909091,10,10,GTACAAACATAGCCGACTGG,0,4805624
ygeY_predicted,0.09090909090909091,10,10,GGTCTCCTTACACCCCATAT,0,4806179
ygeY_predicted,0.09090909090909091,10,10,GGTATAGGTCGGACTATTAT,0,4810887
ygeY_predicted,0.09090909090909091,10,10,GGGTGCACCTGTCCAATTAT,0,4814734
ygeY_predicted,0.09090909090909091,10,10,GGGTAAAGCTCCTCCCGATT,0,4798621
ygeY_predicted,0.09090909090909091,10,10,GGGGTATGGTTCGGTTAGGT,0,4809058
ygeY_predicted,0.09090909090909091,10,10,GGGGGCGGGAACTAATACGT,0,4801125
ygeY_predicted,0.09090909090909091,10,10,GGGGCCGTCGGTAAGTTAGT,0,4809173
ygeY_predicted,0.09090909090909091,10,10,GGGGATCGGGCAGAATGGGG,0,4813183
ygeY_predicted,0.09090909090909091,10,10,GGGCGTTGGGCACGTATCCA,0,4802900
ygeY_predicted,0.09090909090909091,10,10,GGCAAGGTAGGAAAAACCTC,0,4809324
ygeY_predicted,0.09090909090909091,10,10,GGCAAAAGGACGGGCAAGGC,0,4801564
ygeY_predicted,0.09090909090909091,10,10,GGAGACAAATCCTGATAAGC,0,4813563
ygeY_predicted,0.09090909090909091,10,10,GGAAACTTTGGCCCATTCTA,0,4801209
ygeY_predicted,0.09090909090909091,10,10,GGAAAAGCGACTTGGGGGGA,0,4797875
ygeY_predicted,0.09090909090909091,10,10,GCTGCGGACGATGTACCTGG,0,4814585
ygeY_predicted,0.09090909090909091,10,10,GCTATCATCAGAGACTCACA,0,4797600
ygeY_predicted,0.09090909090909091,10,10,GCGTCTGTAGGTGGATATCA,0,4808132
ygeY_predicted,0.09090909090909091,10,10,GCCCGCGCAAGGGCTAAAAT,0,4801046
ygeY_predicted,0.09090909090909091,10,10,GCATCTGTGTCCGGTACCCT,0,4806684
ygeY_predicted,0.09090909090909091,10,10,GCATCGACCATAGGCTCAAG,0,4815521
ygeY_predicted,0.09090909090909091,10,10,GCAGAGAGGTGCAAGTGCAA,0,4796560
ygeY_predicted,0.09090909090909091,10,10,GAATTTCACTTAACACGCAG,0,4807947
ygeY_predicted,0.09090909090909091,10,10,GAATTGGAGGCGGCAGCCAT,0,4796552
ygeY_predicted,0.09090909090909091,10,10,GAATCTTAATTTACCTGCGG,0,4797740
ygeY_predicted,0.09090909090909091,10,10,GAAATCGGTAGACTGTCTAC,0,4804762
ygeY_predicted,0.09090909090909091,10,10,CTTTGGTGGTCCATCCGGGA,0,4800748
ygeY_predicted,0.09090909090909091,10,10,CTTTGGTACCGTCGGCACGT,0,4810101
ygeY_predicted,0.09090909090909091,10,10,CTTCTCTAACTGAGACCATG,0,4811807
ygeY_predicted,0.09090909090909091,10,10,CTTCTCAGCGGCAAATCGAA,0,4810287
ygeY_predicted,0.09090909090909091,10,10,CTTCGATTACGATGGACGTT,0,4803519
ygeY_predicted,0.09090909090909091,10,10,CTTCGAACGAAGGTGTGTGG,0,4796114
ygeY_predicted,0.09090909090909091,10,10,CTGTGTTCTATGGTCCCGTC,0,4813650
ygeY_predicted,0.09090909090909091,10,10,CTCTGCCCTTCCAGGGGAAA,0,4807008
ygeY_predicted,0.09090909090909091,10,10,CTCAGTGCATCACGAGCATT,0,4797592
ygeY_predicted,0.09090909090909091,10,10,CTCAGTGAGAGCGGTCTAAC,0,4795807
ygeY_predicted,0.09090909090909091,10,10,CTCAAGGCCGACTTTGACGG,0,4806360
ygeY_predicted,0.09090909090909091,10,10,CTAATGGACACTACGGGGTG,0,4809146
ygeY_predicted,0.09090909090909091,10,10,CGTTGGCAGTTCAGTTAATC,0,4812134
ygeY_predicted,0.09090909090909091,10,10,CGTTATCTTAAGTAGTCTTC,0,4802415
ygeY_predicted,0.09090909090909091,10,10,CGTCAGGCACACCCCTCCTA,0,4806802
ygeY_predicted,0.09090909090909091,10,10,CGTACAGTTAACATTCACTT,0,4799797
ygeY_predicted,0.09090909090909091,10,10,CGGTATGGATTCCGGCTCGT,0,4814296
ygeY_predicted,0.09090909090909091,10,10,CGGGCAGTGTCTTGGGGGTC,0,4808869
ygeY_predicted,0.09090909090909091,10,10,CGGACAATCTACTAAACCAA,0,4815714
ygeY_predicted,0.09090909090909091,10,10,CGCTTAAAAGTTGTCCGGAG,0,4808219
ygeY_predicted,0.09090909090909091,10,10,CGCTCGACATGTCTGTTTCG,0,4795571
ygeY_predicted,0.09090909090909091,10,10,CGCGTCGTCAACTATAAGGT,0,4805091
ygeY_predicted,0.09090909090909091,10,10,CGCCATGATTAGCCCGGCTA,0,4796488
ygeY_predicted,0.09090909090909091,10,10,CGATTACCGTTTTTACCATC,0,4796800
ygeY_predicted,0.09090909090909091,10,10,CGATGCAAGGGAGATTACGA,0,4794898
ygeY_predicted,0.09090909090909091,10,10,CGAGCGGATGCGTATTAGAA,0,4797353
ygeY_predicted,0.09090909090909091,10,10,CGAATGAGTGACTGCTTCGT,0,4808688
ygeY_predicted,0.09090909090909091,10,10,CCTAAAAAAGGGAACAATTT,0,4800106
ygeY_predicted,0.09090909090909091,10,10,CCGGAAAGCCTTCTTATTAG,0,4806815
ygeY_predicted,0.09090909090909091,10,10,CCGCTGGGTAGTTCCAGGCG,0,4796557
ygeY_predicted,0.09090909090909091,10,10,CCGACGCCAATCGCTTTTCA,0,4798666
ygeY_predicted,0.09090909090909091,10,10,CCCTGACCCGGGTAACGAAT,0,4806397
ygeY_predicted,0.09090909090909091,10,10,CCCTAATGCAGAGGACTAAT,0,4801537
ygeY_predicted,0.09090909090909091,10,10,CCCATAAAATTGTATGTGCG,0,4807629
ygeY_predicted,0.09090909090909091,10,10,CCCAGGTCAGCAAGCGTAGT,0,4816389
ygeY_predicted,0.09090909090909091,10,10,CCCACGATAGCTACCCTCAC,0,4801932
ygeY_predicted,0.09090909090909091,10,10,CCAACGAAACTACCGGGCAT,0,4807772
ygeY_predicted,0.09090909090909091,10,10,CATGTTCATCCATGTATGGG,0,4814282
ygeY_predicted,0.09090909090909091,10,10,CATGCATTAGCCTTGGTACT,0,4807886
ygeY_predicted,0.09090909090909091,10,10,CAGTGTGGTCACAGGGATAC,0,4809305
ygeY_predicted,0.09090909090909091,10,10,CAGTCGTGGCGGTCAATTGC,0,4799686
ygeY_predicted,0.09090909090909091,10,10,CAGGTACGTCGCCCCTAGGA,0,4813846
ygeY_predicted,0.09090909090909091,10,10,CAGCGCACACATAGGTCACC,0,4806412
ygeY_predicted,0.09090909090909091,10,10,CAGCCTGAAAGTCTGCTAGC,0,4811752
ygeY_predicted,0.09090909090909091,10,10,CAACCAGACATTGTATGCGG,0,4810041
ygeY_predicted,0.09090909090909091,10,10,ATTACCCATTTTTTTGGGTA,0,4814862
ygeY_predicted,0.09090909090909091,10,10,ATGTCCTTTGTACTATGTTA,0,4811286
ygeY_predicted,0.09090909090909091,10,10,ATGTAGGCTTTAGTCTACTA,0,4816631
ygeY_predicted,0.09090909090909091,10,10,ATGGTCACCTTTTGTTGGTT,0,4812071
ygeY_predicted,0.09090909090909091,10,10,ATGCGCTCCCAGCCAGAGCT,0,4811565
ygeY_predicted,0.09090909090909091,10,10,ATGCCGACATCTTAAGAGTC,0,4804877
ygeY_predicted,0.09090909090909091,10,10,ATGAGGTGATGCCAGACGCA,0,4802733
ygeY_predicted,0.09090909090909091,10,10,ATCGTTATGTGAATATCCTT,0,4806096
ygeY_predicted,0.09090909090909091,10,10,ATCGATGAAACGTAGAAGTA,0,4796447
ygeY_predicted,0.09090909090909091,10,10,ATCCGTAAAGCCAGGCCAGC,0,4800312
ygeY_predicted,0.09090909090909091,10,10,ATCATTACATTTGGGATGTG,0,4813942
ygeY_predicted,0.09090909090909091,10,10,ATATGGCTAGTGGTAGGTGA,0,4811344
ygeY_predicted,0.09090909090909091,10,10,ATACCTCCGCCTAAGCACGT,0,4804227
ygeY_predicted,0.09090909090909091,10,10,ATACCCATCGCAAATATGCA,0,4802278
ygeY_predicted,0.09090909090909091,10,10,ATACATGGTTTTAACAACCC,0,4807086
ygeY_predicted,0.09090909090909091,10,10,AGTTGGCCATTAGAAATGGA,0,4798977
ygeY_predicted,0.09090909090909091,10,10,AGTGTACTTGGTAAGCACCC,0,4815038
ygeY_predicted,0.09090909090909091,10,10,AGTCGGAACCTGAGCTCCGT,0,4799623
ygeY_predicted,0.09090909090909091,10,10,AGTATTAAATTTGCAGTAGT,0,4805162
ygeY_predicted,0.09090909090909091,10,10,AGGGCCAAGGCAGAGAGTCA,0,4807517
ygeY_predicted,0.09090909090909091,10,10,AGGGACATTCTGGGGTCGTA,0,4808172
ygeY_predicted,0.09090909090909091,10,10,AGGCCAAGCGTAACGACTGT,0,4810512
ygeY_predicted,0.09090909090909091,10,10,AGGATCTTGCAATCCTGCAT,0,4802611
ygeY_predicted,0.09090909090909091,10,10,AGGAACTCGCAAAGAGTACC,0,4804702
ygeY_predicted,0.09090909090909091,10,10,AGCGTGTACCTGCGCACCTA,0,4799239
ygeY_predicted,0.09090909090909091,10,10,AGCCACTCCGGATCGTACCT,0,4800013
ygeY_predicted,0.09090909090909091,10,10,AGATAGCCTGGTTCTCCACA,0,4794926
ygeY_predicted,0.09090909090909091,10,10,AGATACGAACAGATAGGAGT,0,4812032
ygeY_predicted,0.09090909090909091,10,10,AGACGTCGCTCTTGGTCGCT,0,4811671
ygeY_predicted,0.09090909090909091,10,10,AGACGCGGAGCTAAGGGTCT,0,4800011
ygeY_predicted,0.09090909090909091,10,10,AGAAGCCTACACTCAGACAG,0,4815124
ygeY_predicted,0.09090909090909091,10,10,ACTGGACCGCTCGGGTTAAT,0,4814864
ygeY_predicted,0.09090909090909091,10,10,ACTCTTGATATAAGTCAGGA,0,4814032
ygeY_predicted,0.09090909090909091,10,10,ACTAGAGTTGAGGGGGCGTG,0,4806591
ygeY_predicted,0.09090909090909091,10,10,ACGCGCGGGATTCCACAGGA,0,4802813
ygeY_predicted,0.09090909090909091,10,10,ACGCCATGGCATCGGCCGTT,0,4805245
ygeY_predicted,0.09090909090909091,10,10,ACCATCAGAGATAACACTTG,0,4812786
ygeY_predicted,0.09090909090909091,10,10,ACACTGACCGCCGAAAGTAA,0,4801978
ygeY_predicted,0.09090909090909091,10,10,ACACCTACATCAAGGCTCAC,0,4799754
ygeY_predicted,0.09090909090909091,10,10,ACACACCCAAATGACCGGAA,0,4808596
ygeY_predicted,0.09090909090909091,10,10,ACAACTGTCCACCGTCCTTG,0,4810966
ygeY_predicted,0.09090909090909091,10,10,AATTCGGGAGGCGGCAATCC,0,4816423
ygeY_predicted,0.09090909090909091,10,10,AATGTTAAGCTAAGTCAAGC,0,4812220
ygeY_predicted,0.09090909090909091,10,10,AATGTCATCGCTGGCAAGCA,0,4810754
ygeY_predicted,0.09090909090909091,10,10,AATCGTTCGTTAACGCGGTC,0,4805276
ygeY_predicted,0.09090909090909091,10,10,AATATCACGGTTATATCTGG,0,4813549
ygeY_predicted,0.09090909090909091,10,10,AATAATTCAGTAGGGTTATG,0,4807559
ygeY_predicted,0.09090909090909091,10,10,AAGTTAAACGAAGTATCCGA,0,4805568
ygeY_predicted,0.09090909090909091,10,10,AAGGGGCTTAATATGTGCTC,0,4794944
ygeY_predicted,0.09090909090909091,10,10,AAGGATGTTTGATGTGCGGG,0,4811703
ygeY_predicted,0.09090909090909091,10,10,AAGATGACCTCGTTTTGCTT,0,4809892
ygeY_predicted,0.09090909090909091,10,10,AACCTTATCGGGTAACAACG,0,4798267
ygeY_predicted,0.09090909090909091,10,10,AAAGGAAGGTCCCCCCTTGA,0,4801653
ygeY_predicted,0.09090909090909091,10,10,AAAAGTCTAGGTTATGAATT,0,4807499
ygeY_predicted,0.1,9,9,TTTGGTGGATGTTGGATTAG,0,4803623
ygeY_predicted,0.1,9,9,TTTGGATCTTGCGCTCCAGT,0,4805323
ygeY_predicted,0.1,9,9,TTTGCCATGGTCCAACTGAC,0,4815719
ygeY_predicted,0.1,9,9,TTTAATTCTGGAGTCAAGTC,0,4803014
ygeY_predicted,0.1,9,9,TTGTTACACATGAACAAAAC,0,4813978
ygeY_predicted,0.1,9,9,TTGTATGCTTCTCATAGCAG,0,4809474
ygeY_predicted,0.1,9,9,TTCTTGATACCTGGCAGTCC,0,4806388
ygeY_predicted,0.1,9,9,TTCTCAGGATAATCCATAAG,0,4814151
ygeY_predicted,0.1,9,9,TTCTAGTGGGCTGGCGCTGG,0,4805458
ygeY_predicted,0.1,9,9,TTCCGGGCAGCACCATGGGA,0,4812395
ygeY_predicted,0.1,9,9,TTCAGGGGCGTAGCCGTTAT,0,4799999
ygeY_predicted,0.1,9,9,TTATTTGTGCAGTGTATACT,0,4802494
ygeY_predicted,0.1,9,9,TTAGGTGACAGTGAGACCAA,0,4805532
ygeY_predicted,0.1,9,9,TTACAAGGGCTGAACCTAGG,0,4803799
ygeY_predicted,0.1,9,9,TTAAAGCACAGCGTATGTCA,0,4800972
ygeY_predicted,0.1,9,9,TGTATTATGATTGAAGCTCC,0,4807015
ygeY_predicted,0.1,9,9,TGGGAGCCGACATTTAAATT,0,4806622
ygeY_predicted,0.1,9,9,TGGCTCGGTAAATGGCGGGT,0,4806323
ygeY_predicted,0.1,9,9,TGGACCGCGATCTCGCCCCA,0,4807616
ygeY_predicted,0.1,9,9,TGGAAATCGTGCACCTGCAG,0,4799630
ygeY_predicted,0.1,9,9,TGCTCACGGGTGGGGGGAAA,0,4803184
ygeY_predicted,0.1,9,9,TGCGCGAGCGAGGCATAGCC,0,4796589
ygeY_predicted,0.1,9,9,TGCCGAATAGGATATGCATG,0,4812374
ygeY_predicted,0.1,9,9,TGCCAGAGATTTCACCCTGG,0,4796297
ygeY_predicted,0.1,9,9,TGCACAGTTGTAGGCGCGGC,0,4801082
ygeY_predicted,0.1,9,9,TGACACAACCTTTAGGACGT,0,4801517
ygeY_predicted,0.1,9,9,TGAATATTTAGGGTCCGACA,0,4805719
ygeY_predicted,0.1,9,9,TCTTTATGAAGTAATACAGA,0,4816682
ygeY_predicted,0.1,9,9,TCTGGGTGATGGGTTTTGAA,0,4803258
ygeY_predicted,0.1,9,9,TCTGGAATGACATAATACCC,0,4796505
ygeY_predicted,0.1,9,9,TCTGCACCGGCTCTCCCAAA,0,4810283
ygeY_predicted,0.1,9,9,TCTCCGAACGAGCCACCCGG,0,4802343
ygeY_predicted,0.1,9,9,TCGTTAGCGACTGAGACTTC,0,4794924
ygeY_predicted,0.1,9,9,TCGTAAACGGACTTGGTCCT,0,4797406
ygeY_predicted,0.1,9,9,TCGGTCATACCTGCCCCGAT,0,4806083
ygeY_predicted,0.1,9,9,TCGCGTTTCGTGCCGTTCTC,0,4801923
ygeY_predicted,0.1,9,9,TCGAGAACTCCCGGGGTTCC,0,4796866
ygeY_predicted,0.1,9,9,TCCTATGTATCAGCGATTAG,0,4802124
ygeY_predicted,0.1,9,9,TCCCTCCGAGTAAAGCAAAG,0,4811536
ygeY_predicted,0.1,9,9,TCCCGACCTCAGCCCTTTAT,0,4805669
ygeY_predicted,0.1,9,9,TCAGATACTGGTACAATGTA,0,4795012
ygeY_predicted,0.1,9,9,TCACATCTGGAGTCTCCGGT,0,4813330
ygeY_predicted,0.1,9,9,TATTACTGGCTGAAGACGGA,0,4794925
ygeY_predicted,0.1,9,9,TATGCACCCGCGTTAGAAAG,0,4795338
ygeY_predicted,0.1,9,9,TAGAAAGCGGCAATGGATAT,0,4806844
ygeY_predicted,0.1,9,9,TACCGTATCTGAAGTACGTT,0,4804413
ygeY_predicted,0.1,9,9,TAATGAGATGACATGAAGGA,0,4813260
ygeY_predicted,0.1,9,9,TAATCTTCGACTAGATTGGT,0,4796759
ygeY_predicted,0.1,9,9,TAAGACCTCAAGGGTTCCTT,0,4807719
ygeY_predicted,0.1,9,9,TAACCGAGTTAGATGGTAAG,0,4802667
ygeY_predicted,0.1,9,9,GTTTAGGGTGCCACGGCATT,0,4808777
ygeY_predicted,0.1,9,9,GTTAGGAGTTATTCGAAGAT,0,4798142
ygeY_predicted,0.1,9,9,GTGTTCCTTCTATAGATGAT,0,4798553
ygeY_predicted,0.1,9,9,GTGTATGGTCCCTGTCGCTC,0,4810184
ygeY_predicted,0.1,9,9,GTGGGTGATAAATATGGAGT,0,4815060
ygeY_predicted,0.1,9,9,GTGGCAGGATGGAAATCCTG,0,4802834
ygeY_predicted,0.1,9,9,GTCGCACCACCCCACAGCCT,0,4797760
ygeY_predicted,0.1,9,9,GTCCCGCGTGTCCTTAACTA,0,4807536
ygeY_predicted,0.1,9,9,GTCACCATGATACGGGTCGG,0,4804618
ygeY_predicted,0.1,9,9,GTATCCGTACAAGGTTCTAT,0,4800404
ygeY_predicted,0.1,9,9,GTACAAATGGTGCAGGTAAA,0,4798012
ygeY_predicted,0.1,9,9,GTAAAGTCAGACCGAATCGC,0,4803709
ygeY_predicted,0.1,9,9,GGTTAGCTACACATGGATAT,0,4803128
ygeY_predicted,0.1,9,9,GGTGTATATTATTGTATCTT,0,4796374
ygeY_predicted,0.1,9,9,GGTGAGGCCTCTAGGCACAA,0,4808377
ygeY_predicted,0.1,9,9,GGTGAAATCGACATAAATGG,0,4815252
ygeY_predicted,0.1,9,9,GGTAAGATTAGCTATGAGAA,0,4795221
ygeY_predicted,0.1,9,9,GGGTGAGACGTTGCTCGTTC,0,4812739
ygeY_predicted,0.1,9,9,GGGGTCCAATGTGAATAATG,0,4803227
ygeY_predicted,0.1,9,9,GGGGCGTGGACTTAACCAAT,0,4813366
ygeY_predicted,0.1,9,9,GGGCCTCAATGCCTCGTTCA,0,4810710
ygeY_predicted,0.1,9,9,GGCTTACGCGGACACATCTG,0,4816307
ygeY_predicted,0.1,9,9,GGCGTTTCGTGCTATTGTGC,0,4799882
ygeY_predicted,0.1,9,9,GGCGACTCAATTTGGGAACT,0,4805684
ygeY_predicted,0.1,9,9,GGCCGGGCAGTTCAGCAAAA,0,4797295
ygeY_predicted,0.1,9,9,GGCCCAATTCCTGGTAAGCT,0,4800939
ygeY_predicted,0.1,9,9,GGCCAACATGGTCTACTGTC,0,4803005
ygeY_predicted,0.1,9,9,GGCATGGGTATAATAGGGAA,0,4800331
ygeY_predicted,0.1,9,9,GGCACTCTTACCAACTGCGT,0,4812251
ygeY_predicted,0.1,9,9,GGACTGCGGCGGCGAAATGT,0,4800056
ygeY_predicted,0.1,9,9,GGACGCAAGTCACTTTGCTA,0,4815582
ygeY_predicted,0.1,9,9,GCTTACCTGCTGGAGTGAGG,0,4808784
ygeY_predicted,0.1,9,9,GCTCGTCGAGGCTATTCACC,0,4805489
ygeY_predicted,0.1,9,9,GCTCCCTGAGATAGGTGGGA,0,4805139
ygeY_predicted,0.1,9,9,GCTCAATGGGAGCGGTGAAA,0,4802881
ygeY_predicted,0.1,9,9,GCGTTTCAATACCAAGCTGT,0,4805891
ygeY_predicted,0.1,9,9,GCGGGATAACTGAAGCGGAA,0,4816308
ygeY_predicted,0.1,9,9,GCGCGTTGGTCCTAGTACCA,0,4795273
ygeY_predicted,0.1,9,9,GCCCTATGGGGCGCAAGACT,0,4812517
ygeY_predicted,0.1,9,9,GCACTACCAGTCTTCCCGCA,0,4797096
ygeY_predicted,0.1,9,9,GATGCACCATACAGATGACA,0,4807805
ygeY_predicted,0.1,9,9,GATGCAATTAAATACATGAA,0,4805652
ygeY_predicted,0.1,9,9,GATCATGATGACCATATCAA,0,4806205
ygeY_predicted,0.1,9,9,GAGTATTAGCGCATCAGCTA,0,4800201
ygeY_predicted,0.1,9,9,GAGAAGGGGGAGTCCACAAA,0,4805622
ygeY_predicted,0.1,9,9,GACCCTCGGTAGTCATGCGC,0,4806555
ygeY_predicted,0.1,9,9,GACAGAGTCGAGGGGCCTTG,0,4806800
ygeY_predicted,0.1,9,9,GACAGAACGTTAGCTGAAGG,0,4809171
ygeY_predicted,0.1,9,9,GAATCAGTCGGCTTTGATCG,0,4808185
ygeY_predicted,0.1,9,9,GAAGATCCTGGGTGATTCTT,0,4806465
ygeY_predicted,0.1,9,9,GAAGATAGGGAACCCCGCCC,0,4801241
ygeY_predicted,0.1,9,9,GAACTTCCACTGAACAACGA,0,4804885
ygeY_predicted,0.1,9,9,GAACGACCATATGGGCGCTT,0,4809237
ygeY_predicted,0.1,9,9,GAACCTGACATGCGTCTATA,0,4812047
ygeY_predicted,0.1,9,9,GAAAAGTGGTGTACGATAGA,0,4810643
ygeY_predicted,0.1,9,9,CTTTAATGTATCACCGACAT,0,4810556
ygeY_predicted,0.1,9,9,CTTGGGTTAAGTGAGTAGCG,0,4798528
ygeY_predicted,0.1,9,9,CTTAGAATCAGAGTAAACTG,0,4815987
ygeY_predicted,0.1,9,9,CTGTGAGTTGACTGTACGTA,0,4806372
ygeY_predicted,0.1,9,9,CTCCGTACGCCGGTAAACCA,0,4803374
ygeY_predicted,0.1,9,9,CTAGGTGAGGAGCTATGCTG,0,4804738
ygeY_predicted,0.1,9,9,CGTGAAAGTCGGATTTGCTC,0,4805223
ygeY_predicted,0.1,9,9,CGGTTTCAGATCAAATTTTA,0,4811099
ygeY_predicted,0.1,9,9,CGGTCTTTTACAACGGCCCA,0,4813969
ygeY_predicted,0.1,9,9,CGGCGCGCGGATATAAACTA,0,4809002
ygeY_predicted,0.1,9,9,CGGAGGGCTAATTGAGTTGA,0,4796946
ygeY_predicted,0.1,9,9,CGCCAACATGTCGTAACGCG,0,4809367
ygeY_predicted,0.1,9,9,CGATTAGGTACAGTAAAGTT,0,4815141
ygeY_predicted,0.1,9,9,CGATGCTGGTGGCAACCCTG,0,4808921
ygeY_predicted,0.1,9,9,CGAACATAAGTAAACGCCCA,0,4815435
ygeY_predicted,0.1,9,9,CCTGGCGCCTCTTTCCCCGG,0,4802746
ygeY_predicted,0.1,9,9,CCTATTCGCCTTTATGTCTC,0,4804688
ygeY_predicted,0.1,9,9,CCGGGAAACTTACAATGCGT,0,4815055
ygeY_predicted,0.1,9,9,CCGAGCTGGCACGGCTTGAA,0,4813567
ygeY_predicted,0.1,9,9,CCCTCCGGATGGCGACTTGC,0,4801004
ygeY_predicted,0.1,9,9,CCCGTTAGCATGATTTGACT,0,4814269
ygeY_predicted,0.1,9,9,CCATTTAAGCATGAGTCAGT,0,4808511
ygeY_predicted,0.1,9,9,CCAGGTCAAAGCGTCGGGTG,0,4810662
ygeY_predicted,0.1,9,9,CCACCGATAGCTGTGCCATA,0,4810066
ygeY_predicted,0.1,9,9,CCACAAGGTGAGATTGGCCC,0,4804680
ygeY_predicted,0.1,9,9,CCAACCTAGATTCGAAGCGG,0,4810068
ygeY_predicted,0.1,9,9,CATCTTTAACTGGGTCGTCG,0,4795866
ygeY_predicted,0.1,9,9,CAGTCGCGAGCTGATGTTAT,0,4807256
ygeY_predicted,0.1,9,9,CAGGCTTGTATGGTCTTTTA,0,4801794
ygeY_predicted,0.1,9,9,CAGGCGGAAAACTACTTCGG,0,4803055
ygeY_predicted,0.1,9,9,CAGGCACGTAGCAACAACAG,0,4813797
ygeY_predicted,0.1,9,9,CAGCTGGACCCCGACGACAA,0,4809241
ygeY_predicted,0.1,9,9,CAGCTCCTACCCTTGTAGAT,0,4798966
ygeY_predicted,0.1,9,9,CAGCCCTAATCCGTCGCCCC,0,4806914
ygeY_predicted,0.1,9,9,CAGCAATCGCGATAGAGGGT,0,4814635
ygeY_predicted,0.1,9,9,CACGTGGTTAAGAACTGGTA,0,4798586
ygeY_predicted,0.1,9,9,CACACTAGAAGGGTACCTGA,0,4815063
ygeY_predicted,0.1,9,9,CAATTCCGCCGGGCGGTATA,0,4809941
ygeY_predicted,0.1,9,9,CAAGTCCAGTGGTCTATTCA,0,4802897
ygeY_predicted,0.1,9,9,CAAATACGAGTTTTGAGCAA,0,4805079
ygeY_predicted,0.1,9,9,ATTTCGCAATCCGCGTAGCC,0,4807073
ygeY_predicted,0.1,9,9,ATTCTTAGCGAGGCCTCCGA,0,4795613
ygeY_predicted,0.1,9,9,ATTCAGTAAAGGTAACTTGT,0,4801977
ygeY_predicted,0.1,9,9,ATTCAGCCCCGCCTCAGCCC,0,4804806
ygeY_predicted,0.1,9,9,ATTAGAAGCGGGGGTCCGCA,0,4803801
ygeY_predicted,0.1,9,9,ATTACAGGGTATATTCTTGT,0,4803880
ygeY_predicted,0.1,9,9,ATGGTAGGATTTTTCTTCTA,0,4805406
ygeY_predicted,0.1,9,9,ATGGGTGATCTCAACAGGGT,0,4809726
ygeY_predicted,0.1,9,9,ATGGATCTGATGTGGGTGGA,0,4800378
ygeY_predicted,0.1,9,9,ATGCAAGTGACGGCTAGGGT,0,4800586
ygeY_predicted,0.1,9,9,ATCTGCTTGAAGTCTAACAG,0,4803719
ygeY_predicted,0.1,9,9,ATCCTCGCTATTTATCCTGG,0,4816597
ygeY_predicted,0.1,9,9,ATAGTTGGTTAATGGTGCTG,0,4808339
ygeY_predicted,0.1,9,9,ATAGGGCGTGCATTTGCATT,0,4813540
ygeY_predicted,0.1,9,9,ATACAATGGCGTGCTACATG,0,4802219
ygeY_predicted,0.1,9,9,AGTTCCGGTGGCGTTTCACT,0,4815575
ygeY_predicted,0.1,9,9,AGTGGTAGTAGGTCCTGCCG,0,4798688
ygeY_predicted,0.1,9,9,AGTGGGTCGCAGCTGAGCCA,0,4804408
ygeY_predicted,0.1,9,9,AGGTGACTTCGATCACTACT,0,4810133
ygeY_predicted,0.1,9,9,AGGTCAGGTCTACAGGATCC,0,4802836
ygeY_predicted,0.1,9,9,AGGTATGACCAGAATTCGTA,0,4804760
ygeY_predicted,0.1,9,9,AGGTATAAGGAAACGCTCTA,0,4795881
ygeY_predicted,0.1,9,9,AGGAGCTGGCGTGCGTTTAG,0,4795589
ygeY_predicted,0.1,9,9,AGCGCAGTTAACAACGTAAG,0,4797971
ygeY_predicted,0.1,9,9,AGCACAGCGTGCATACTGCA,0,4796667
ygeY_predicted,0.1,9,9,AGAGAATGACCGACATACAG,0,4808231
ygeY_predicted,0.1,9,9,AGAAGTTGGTTCTAGGATTT,0,4810811
ygeY_predicted,0.1,9,9,ACTTCGTGGACCAACTCCTC,0,4804903
ygeY_predicted,0.1,9,9,ACTGTGAGGGATGATGAAGC,0,4800045
ygeY_predicted,0.1,9,9,ACTGGCTGTCCCGGGAGCTG,0,4801635
ygeY_predicted,0.1,9,9,ACTGGAGTCGGAGCTGTCAT,0,4799027
ygeY_predicted,0.1,9,9,ACTAGGGAGCTCTGGTTGCT,0,4810346
ygeY_predicted,0.1,9,9,ACGGATATCAGGAGTGGCTA,0,4813160
ygeY_predicted,0.1,9,9,ACGCAATGCCTTAGGACTAA,0,4811932
ygeY_predicted,0.1,9,9,ACGACTCAGCAGAGCTCGAG,0,4811135
ygeY_predicted,0.1,9,9,ACCGGACCATATGTCGAGGG,0,4813066
ygeY_predicted,0.1,9,9,ACCGATAGGGGTTATGAGTT,0,4810779
ygeY_predicted,0.1,9,9,ACATCTGTCCCTCTTATATG,0,4815615
ygeY_predicted,0.1,9,9,ACATACTTGGCGAGACCATA,0,4814024
ygeY_predicted,0.1,9,9,ACAAGGCCCAATGGAGGGGA,0,4807404
ygeY_predicted,0.1,9,9,ACAAATCGGGCAACCCCAAC,0,4795364
ygeY_predicted,0.1,9,9,AATTGTTTAGCGTCCAAATA,0,4811820
ygeY_predicted,0.1,9,9,AATGCGCCAGGCCTTTACTG,0,4797229
ygeY_predicted,0.1,9,9,AATGACAGACGAGCCATGGT,0,4803238
ygeY_predicted,0.1,9,9,AATCGAACGGGTATGATGTA,0,4815964
ygeY_predicted,0.1,9,9,AATATACCGAACATGTGAGC,0,4797979
ygeY_predicted,0.1,9,9,AAGTGGGATCTTAATACTTC,0,4814652
ygeY_predicted,0.1,9,9,AAGTCGTTCGAGGTACATCC,0,4801512
ygeY_predicted,0.1,9,9,AAGGGCAGGGGCACGGAGAA,0,4797508
ygeY_predicted,0.1,9,9,AAGGCAGTCAGTCCCTGTAC,0,4795947
ygeY_predicted,0.1,9,9,AAGCTCTAGCGTCAAGAACA,0,4801274
ygeY_predicted,0.1,9,9,AAGAGAATAGAAGCCTTTGG,0,4798636
ygeY_predicted,0.1,9,9,AACGTGAATCCAGCTTCAAG,0,4795802
ygeY_predicted,0.1,9,9,AACGGTTATGCAGCCAGGCT,0,4800196
ygeY_predicted,0.1,9,9,AACGGTCAGTCGCTTACAAA,0,4795436
ygeY_predicted,0.1,9,9,AACGCACAGGCTACTGCCCC,0,4802437
ygeY_predicted,0.1,9,9,AACCTTTGTAAGAGATCTGT,0,4811922
ygeY_predicted,0.1,9,9,AACCCGGAGGCACGATCTAA,0,4801941
ygeY_predicted,0.1,9,9,AACAGGCCCGTCTAGTTGTT,0,4797115
ygeY_predicted,0.1,9,9,AAACGCAGTCTTAGTACTGA,0,4806155
ygeY_predicted,0.1,9,9,AAAAGGGGCCGGTGGTGCAT,0,4801172
ygeY_predicted,0.1111111111111111,8,8,TTTTGATGACTATCGGTGCT,0,4802804
ygeY_predicted,0.1111111111111111,8,8,TTTTCTAGACCACCTCGAGA,0,4806617
ygeY_predicted,0.1111111111111111,8,8,TTTCGTAGAGACTTGGTGGT,0,4810655
ygeY_predicted,0.1111111111111111,8,8,TTTCAGGCAGTGTAAAAACC,0,4801791
ygeY_predicted,0.1111111111111111,8,8,TTTCAGGCACTTCCTAGACG,0,4795744
ygeY_predicted,0.1111111111111111,8,8,TTTACCTCAAGACTTACCAG,0,4808191
ygeY_predicted,0.1111111111111111,8,8,TTTAATCGCCACTCGACTGC,0,4799648
ygeY_predicted,0.1111111111111111,8,8,TTGGAAACTGCGCACACCTG,0,4809327
ygeY_predicted,0.1111111111111111,8,8,TTCCTCAGAATTGTCTAAGT,0,4809566
ygeY_predicted,0.1111111111111111,8,8,TTCAGGAGTAATTCCGGGCT,0,4810848
ygeY_predicted,0.1111111111111111,8,8,TTAGTTAGATGGCGAGATAC,0,4816239
ygeY_predicted,0.1111111111111111,8,8,TTAATGCTAAACCCAAGAAG,0,4805553
ygeY_predicted,0.1111111111111111,8,8,TTAACATGACTACCGGCAGG,0,4811331
ygeY_predicted,0.1111111111111111,8,8,TGTTGTAAAGCCCATAAACT,0,4812625
ygeY_predicted,0.1111111111111111,8,8,TGTGCGTCGGAGGACACGGA,0,4797758
ygeY_predicted,0.1111111111111111,8,8,TGGTCAGCACGCAGATGTCT,0,4801360
ygeY_predicted,0.1111111111111111,8,8,TGGATGTCGCTTTTATTAGA,0,4806807
ygeY_predicted,0.1111111111111111,8,8,TGCTAAGGTACCGGCCGTTG,0,4798537
ygeY_predicted,0.1111111111111111,8,8,TGCCGTTTCCCCTGATCACA,0,4801077
ygeY_predicted,0.1111111111111111,8,8,TGCCCATCCGTAACTAATAG,0,4798556
ygeY_predicted,0.1111111111111111,8,8,TGCACGTTTGACCGGTTAGT,0,4808797
ygeY_predicted,0.1111111111111111,8,8,TGATCATCCTGAGACAGTGA,0,4795444
ygeY_predicted,0.1111111111111111,8,8,TGAGATGTATGCTGTAATAA,0,4804700
ygeY_predicted,0.1111111111111111,8,8,TGACGGCAGACCGATCTTAC,0,4804990
ygeY_predicted,0.1111111111111111,8,8,TCTTTTACATGTAGGACCAG,0,4815900
ygeY_predicted,0.1111111111111111,8,8,TCTCGGGCTGCAGCGGCGGT,0,4811726
ygeY_predicted,0.1111111111111111,8,8,TCTCGACGTCAACCTCAGTT,0,4804911
ygeY_predicted,0.1111111111111111,8,8,TCTAATCCATGCCGGTTCTT,0,4802673
ygeY_predicted,0.1111111111111111,8,8,TCGTGGCACGATGTGTACCA,0,4805964
ygeY_predicted,0.1111111111111111,8,8,TCGTGAAACTCTTTCATTCT,0,4795511
ygeY_predicted,0.1111111111111111,8,8,TCGTAAATATCCATGAGTGT,0,4799036
ygeY_predicted,0.1111111111111111,8,8,TCGCTGCCTGTCCATTCCCC,0,4813515
ygeY_predicted,0.1111111111111111,8,8,TCGCCAGAGTAAACTGTTCA,0,4795595
ygeY_predicted,0.1111111111111111,8,8,TCCTTCTCAATCTCCATTAG,0,4804617
ygeY_predicted,0.1111111111111111,8,8,TCCTGTGCCCTCTTTATCAG,0,4815465
ygeY_predicted,0.1111111111111111,8,8,TCAGGTCCGGTCTCACTGTA,0,4805229
ygeY_predicted,0.1111111111111111,8,8,TCACGCATCAGGATTAGCTA,0,4814470
ygeY_predicted,0.1111111111111111,8,8,TCAACCTCTCTAAGGTTCAG,0,4815548
ygeY_predicted,0.1111111111111111,8,8,TATGGGTTGTACACGAAGAG,0,4797957
ygeY_predicted,0.1111111111111111,8,8,TATGAGGCCAGATCGGCTAT,0,4804538
ygeY_predicted,0.1111111111111111,8,8,TATATACGGCCCCAACAACC,0,4811369
ygeY_predicted,0.1111111111111111,8,8,TAGGCTTAAGGGATGGGCTT,0,4803765
ygeY_predicted,0.1111111111111111,8,8,TAGCGAAGGGAGATGAGTGT,0,4796516
ygeY_predicted,0.1111111111111111,8,8,TACGTGGCTACGGTGGCATT,0,4804996
ygeY_predicted,0.1111111111111111,8,8,TACCGATCGCTCCCGCCTGA,0,4807682
ygeY_predicted,0.1111111111111111,8,8,TACATGCATGCGTGGCTGTC,0,4811184
ygeY_predicted,0.1111111111111111,8,8,TAATCCGCGTGTCCAGCGCT,0,4795230
ygeY_predicted,0.1111111111111111,8,8,TAAGGACAGCGTGTCAGCTT,0,4805782
ygeY_predicted,0.1111111111111111,8,8,TAAGCTTGCCATGGCGGGCA,0,4812972
ygeY_predicted,0.1111111111111111,8,8,TAAGACATACAAAACATTTG,0,4808602
ygeY_predicted,0.1111111111111111,8,8,TAAAGCGACGTTGATTATTG,0,4808136
ygeY_predicted,0.1111111111111111,8,8,TAAAGATTGCACTCACAGTA,0,4798982
ygeY_predicted,0.1111111111111111,8,8,TAAACGCTGGTATGCTTGCC,0,4799681
ygeY_predicted,0.1111111111111111,8,8,GTTTTTAACGATACCTCATA,0,4815942
ygeY_predicted,0.1111111111111111,8,8,GTTGAGAACGTTCCTGCCTT,0,4811330
ygeY_predicted,0.1111111111111111,8,8,GTTCAAGTGGAAGCAATTGC,0,4803858
ygeY_predicted,0.1111111111111111,8,8,GTTCAAAGAGACCTACAGCG,0,4803352
ygeY_predicted,0.1111111111111111,8,8,GTGTTTATGTGGCGCCCTCG,0,4804054
ygeY_predicted,0.1111111111111111,8,8,GTCTGCAAGAGCCGGAAGAA,0,4813823
ygeY_predicted,0.1111111111111111,8,8,GTCGTAATTAGCCCCCGTGC,0,4803331
ygeY_predicted,0.1111111111111111,8,8,GTCGAAGTGGTTCGCTCTAA,0,4804659
ygeY_predicted,0.1111111111111111,8,8,GTCCAAGGGATGACTGTGTA,0,4808515
ygeY_predicted,0.1111111111111111,8,8,GTACAGATGCGAATTAAGCA,0,4794931
ygeY_predicted,0.1111111111111111,8,8,GTACAAATGGAGGAGGCATG,0,4808544
ygeY_predicted,0.1111111111111111,8,8,GGTTTTTTACGTATAAACGG,0,4798348
ygeY_predicted,0.1111111111111111,8,8,GGGTTGAACCTTATGACCGT,0,4811426
ygeY_predicted,0.1111111111111111,8,8,GGGGTTTGAGACGTAGTTAA,0,4815244
ygeY_predicted,0.1111111111111111,8,8,GGGGTGCCGCTAGCGAGGCA,0,4800885
ygeY_predicted,0.1111111111111111,8,8,GGGGTATAAAATTTTTGAAT,0,4801430
ygeY_predicted,0.1111111111111111,8,8,GGGGATCCATATCACAATTA,0,4803962
ygeY_predicted,0.1111111111111111,8,8,GGGCATCTCCTGTTGGAATG,0,4816807
ygeY_predicted,0.1111111111111111,8,8,GGGCAGCCTAGTGACGTTGA,0,4798600
ygeY_predicted,0.1111111111111111,8,8,GGGATTTTTTGATTCGATTA,0,4795787
ygeY_predicted,0.1111111111111111,8,8,GGCGTTACGGTGCATGGATA,0,4795804
ygeY_predicted,0.1111111111111111,8,8,GGCAATCCATAGCATACCTG,0,4809503
ygeY_predicted,0.1111111111111111,8,8,GGATCAGGGTTTCCGAAAAT,0,4812944
ygeY_predicted,0.1111111111111111,8,8,GGAGGTGACTGTCATCCGCG,0,4797607
ygeY_predicted,0.1111111111111111,8,8,GGAGGGGACTTTTGTGGAGG,0,4816493
ygeY_predicted,0.1111111111111111,8,8,GGAGAAGGGAGTCCTTAAGT,0,4813413
ygeY_predicted,0.1111111111111111,8,8,GGACGAAGCACCACCCACAC,0,4799056
ygeY_predicted,0.1111111111111111,8,8,GGAATAGTGTGAGGCGTGTA,0,4814260
ygeY_predicted,0.1111111111111111,8,8,GCTGTACTGGCTCTTGGCTA,0,4816402
ygeY_predicted,0.1111111111111111,8,8,GCTGCTTGCGGGGGACGATT,0,4799952
ygeY_predicted,0.1111111111111111,8,8,GCTCGCACGGACGGCTCCAG,0,4816266
ygeY_predicted,0.1111111111111111,8,8,GCTAATGGACATCTGAACTG,0,4807031
ygeY_predicted,0.1111111111111111,8,8,GCGGCTTCATGGAAGGTCTA,0,4798378
ygeY_predicted,0.1111111111111111,8,8,GCGGAGACCTGAGAACTTGA,0,4797174
ygeY_predicted,0.1111111111111111,8,8,GCGCTCTGAGCGCAGGACCT,0,4803364
ygeY_predicted,0.1111111111111111,8,8,GCCCAACCAGCATTGCTCTG,0,4809856
ygeY_predicted,0.1111111111111111,8,8,GCACCAGGATTCCTTTCCTT,0,4795758
ygeY_predicted,0.1111111111111111,8,8,GCACAGCTCGGAGACTTGCT,0,4798928
ygeY_predicted,0.1111111111111111,8,8,GCAATCCAGGGGCATACACT,0,4811250
ygeY_predicted,0.1111111111111111,8,8,GCAAAAGACGCGACCCCTGC,0,4812218
ygeY_predicted,0.1111111111111111,8,8,GATTTCTGTAAACCGTCTGA,0,4806542
ygeY_predicted,0.1111111111111111,8,8,GATTTATGTTGGGTGATATG,0,4816643
ygeY_predicted,0.1111111111111111,8,8,GATGCGTCTTAAGGCGAATA,0,4796672
ygeY_predicted,0.1111111111111111,8,8,GATCGGATCACACTTATAAG,0,4802589
ygeY_predicted,0.1111111111111111,8,8,GATACTAATGAACGCACAAT,0,4803072
ygeY_predicted,0.1111111111111111,8,8,GAGTTTATGTCGTTTCATTT,0,4799259
ygeY_predicted,0.1111111111111111,8,8,GAGTCCCATTTAGAGCATCT,0,4799022
ygeY_predicted,0.1111111111111111,8,8,GAGCATGTTCTGGCAGGCTT,0,4801637
ygeY_predicted,0.1111111111111111,8,8,GAGAGCTAACTGCGCTCTAT,0,4806342
ygeY_predicted,0.1111111111111111,8,8,GACTTATAGACGAGCAGATC,0,4796022
ygeY_predicted,0.1111111111111111,8,8,GACCGCCTCCAATACGTTCA,0,4803265
ygeY_predicted,0.1111111111111111,8,8,GACAGGCGCATGAGCGTTAA,0,4804502
ygeY_predicted,0.1111111111111111,8,8,GAATCCGTGGCTTTCGGTGT,0,4798779
ygeY_predicted,0.1111111111111111,8,8,GAATCAAACTAGGCCTAACC,0,4810699
ygeY_predicted,0.1111111111111111,8,8,GAAGGAATTACACAATTCGG,0,4802962
ygeY_predicted,0.1111111111111111,8,8,GAAGCCCTGGCGTTTGGATG,0,4813245
ygeY_predicted,0.1111111111111111,8,8,GAACCGGGGGCCTTAGGGTA,0,4805383
ygeY_predicted,0.1111111111111111,8,8,GAAATGCAAAGCTATGACAT,0,4794942
ygeY_predicted,0.1111111111111111,8,8,GAAAGGGTGGAGCTCAGCGA,0,4811272
ygeY_predicted,0.1111111111111111,8,8,CTTGGCGTTAAACTGCACCA,0,4796030
ygeY_predicted,0.1111111111111111,8,8,CTGGTTACAGTCATCAATCT,0,4798163
ygeY_predicted,0.1111111111111111,8,8,CTGCGTGCTATGCAGTATCA,0,4802033
ygeY_predicted,0.1111111111111111,8,8,CTGAGACATAGGTGCGTTCG,0,4815414
ygeY_predicted,0.1111111111111111,8,8,CTCTTATGCGCGGCCCAAAA,0,4811188
ygeY_predicted,0.1111111111111111,8,8,CTCAGGATTGACCATCTGCC,0,4798878
ygeY_predicted,0.1111111111111111,8,8,CTCAGAGCAACTCTCAACTA,0,4796739
ygeY_predicted,0.1111111111111111,8,8,CTATTCACTAGGGCTTACAG,0,4814748
ygeY_predicted,0.1111111111111111,8,8,CTACAGCGTCGGACTAGCTT,0,4813898
ygeY_predicted,0.1111111111111111,8,8,CGTTGGTGACAGATCCGCGT,0,4805138
ygeY_predicted,0.1111111111111111,8,8,CGTCCCGGGTTAGGACACTC,0,4816376
ygeY_predicted,0.1111111111111111,8,8,CGTACATTGACCGTTCTAGT,0,4814741
ygeY_predicted,0.1111111111111111,8,8,CGGCTAGATTCCAAAGCATG,0,4811673
ygeY_predicted,0.1111111111111111,8,8,CGGAGGTGCGAAGCCAGGTT,0,4799728
ygeY_predicted,0.1111111111111111,8,8,CGCGACTTTACCATGCCTCT,0,4810210
ygeY_predicted,0.1111111111111111,8,8,CGCCCAGCGATACTGCGGCT,0,4806633
ygeY_predicted,0.1111111111111111,8,8,CGCCAAGTGTCGGATAGTTG,0,4800947
ygeY_predicted,0.1111111111111111,8,8,CGATCCACACTCAACGTCGG,0,4804761
ygeY_predicted,0.1111111111111111,8,8,CGATAGGTGTCCAGATGAAA,0,4803473
ygeY_predicted,0.1111111111111111,8,8,CGACTTGTCCTATCCACTCC,0,4806568
ygeY_predicted,0.1111111111111111,8,8,CGACTCCGCACCAAGCTTCC,0,4814665
ygeY_predicted,0.1111111111111111,8,8,CGACACTTGCAGCAGCGACC,0,4795574
ygeY_predicted,0.1111111111111111,8,8,CCTTAGTTAATGGGTATATT,0,4811451
ygeY_predicted,0.1111111111111111,8,8,CCTGGTATATTAAATCCAAG,0,4801178
ygeY_predicted,0.1111111111111111,8,8,CCTCCATTTACACATGAACA,0,4814259
ygeY_predicted,0.1111111111111111,8,8,CCTCCACGTTATACATACGA,0,4800874
ygeY_predicted,0.1111111111111111,8,8,CCTCAAGAAGGGATGATGGG,0,4795655
ygeY_predicted,0.1111111111111111,8,8,CCTAAACAGCTGACTATATG,0,4802084
ygeY_predicted,0.1111111111111111,8,8,CCTAAAAAATTACAAGTGGA,0,4808499
ygeY_predicted,0.1111111111111111,8,8,CCGTGAAAAGTTCTCATGCA,0,4814028
ygeY_predicted,0.1111111111111111,8,8,CCGGGTAACATTTGTGCATC,0,4795097
ygeY_predicted,0.1111111111111111,8,8,CCGCAGCAAACTTTGATACG,0,4813431
ygeY_predicted,0.1111111111111111,8,8,CCGAGGTGCGCTGGTGTATC,0,4798901
ygeY_predicted,0.1111111111111111,8,8,CCGACCGAATCCCTCCAGTA,0,4810784
ygeY_predicted,0.1111111111111111,8,8,CCCAGGACTAGGTCAGCGGA,0,4800740
ygeY_predicted,0.1111111111111111,8,8,CCCAGCTGCCCCTGCACAAA,0,4796674
ygeY_predicted,0.1111111111111111,8,8,CCCACAGCGTAAAACAGCCG,0,4799291
ygeY_predicted,0.1111111111111111,8,8,CCAACTATGCCGATTCTAAC,0,4795554
ygeY_predicted,0.1111111111111111,8,8,CATAGTATTTTTACCTTTCA,0,4800506
ygeY_predicted,0.1111111111111111,8,8,CAGTTTAAGCGGCGCTCAGC,0,4803419
ygeY_predicted,0.1111111111111111,8,8,CAGCGCTGGTTATTGTATCA,0,4795315
ygeY_predicted,0.1111111111111111,8,8,CAGCAATTCCTTTTAAGACA,0,4801431
ygeY_predicted,0.1111111111111111,8,8,CAGACCCTGGTGGTAGATTA,0,4809028
ygeY_predicted,0.1111111111111111,8,8,CAGACACCGAGAGGTCAGAA,0,4812605
ygeY_predicted,0.1111111111111111,8,8,CACTTCGACTAGGCACTTTA,0,4806289
ygeY_predicted,0.1111111111111111,8,8,CACGAGTGAATTCATGCCCA,0,4814242
ygeY_predicted,0.1111111111111111,8,8,CAAGGAAAAGACCGCTCGGT,0,4808248
ygeY_predicted,0.1111111111111111,8,8,ATTGTTAGCGCATTTGATAT,0,4807914
ygeY_predicted,0.1111111111111111,8,8,ATTATTATCACGGCCACAAT,0,4795562
ygeY_predicted,0.1111111111111111,8,8,ATTATAAATACACGGGGTTA,0,4796687
ygeY_predicted,0.1111111111111111,8,8,ATTAACCGTATATGGCTCCA,0,4795966
ygeY_predicted,0.1111111111111111,8,8,ATGTTTCCTATAAAACGGCA,0,4800870
ygeY_predicted,0.1111111111111111,8,8,ATGGGAAGGGTTGTGGCATA,0,4810609
ygeY_predicted,0.1111111111111111,8,8,ATGCGTGGTCATAAAATGTG,0,4815375
ygeY_predicted,0.1111111111111111,8,8,ATGATGGGTGAATGAGCACA,0,4811767
ygeY_predicted,0.1111111111111111,8,8,ATGAGTTGCGTCAATTCCGG,0,4800694
ygeY_predicted,0.1111111111111111,8,8,ATCTCCACTGGAGATACTGC,0,4803211
ygeY_predicted,0.1111111111111111,8,8,ATCCTAGGGCCTAGGCGACG,0,4800663
ygeY_predicted,0.1111111111111111,8,8,ATCAGCTGGGGTCCCGAGAC,0,4810481
ygeY_predicted,0.1111111111111111,8,8,ATCAAGTTTCAATCTCGAGC,0,4797407
ygeY_predicted,0.1111111111111111,8,8,ATAGGCGAGAGCATCTGCAA,0,4815233
ygeY_predicted,0.1111111111111111,8,8,ATAGACAGAACCAGCCCTCG,0,4800871
ygeY_predicted,0.1111111111111111,8,8,AGTTCCCTTGAGGAACCCCT,0,4798526
ygeY_predicted,0.1111111111111111,8,8,AGTCATTCCTTTCCCGGATT,0,4809109
ygeY_predicted,0.1111111111111111,8,8,AGTAAGGTTCTGTCTCCGTT,0,4810099
ygeY_predicted,0.1111111111111111,8,8,AGGCATCCCGTTCAAAATTA,0,4803615
ygeY_predicted,0.1111111111111111,8,8,AGGATTGCCGCCGCGACATG,0,4808324
ygeY_predicted,0.1111111111111111,8,8,AGCTCAGCTAAGTAAGAATC,0,4795302
ygeY_predicted,0.1111111111111111,8,8,AGCGTGCGTCTATCCAGAGA,0,4797095
ygeY_predicted,0.1111111111111111,8,8,AGCGGAAATAGGCAGCAACA,0,4813681
ygeY_predicted,0.1111111111111111,8,8,AGCCTGACTAGCCCTTTTTC,0,4811809
ygeY_predicted,0.1111111111111111,8,8,AGCCTCGTGAAGGGGTCTCT,0,4806688
ygeY_predicted,0.1111111111111111,8,8,AGAGTGTGGCGCGAGAGCGC,0,4802522
ygeY_predicted,0.1111111111111111,8,8,AGAGTGCTGGCGTTTGATTG,0,4799963
ygeY_predicted,0.1111111111111111,8,8,ACTTGTGTATCGAATGCATG,0,4807958
ygeY_predicted,0.1111111111111111,8,8,ACTTCAGGGCCTTGGTCGCG,0,4810277
ygeY_predicted,0.1111111111111111,8,8,ACTGAGGATTCTTGCCCCCC,0,4799369
ygeY_predicted,0.1111111111111111,8,8,ACTCATACTTCAGTGCTATA,0,4795893
ygeY_predicted,0.1111111111111111,8,8,ACGTCCAACAGGTACACGAA,0,4811174
ygeY_predicted,0.1111111111111111,8,8,ACGGTCGGGTCGTTGATAAT,0,4796366
ygeY_predicted,0.1111111111111111,8,8,ACGGCAACTTGTCATAGTTA,0,4803132
ygeY_predicted,0.1111111111111111,8,8,ACGGAGTGATTAATCCTCAG,0,4807842
ygeY_predicted,0.1111111111111111,8,8,ACGCGCTGGCGGGCCTAGCT,0,4806107
ygeY_predicted,0.1111111111111111,8,8,ACGCGACTGTTCTCAGTAGA,0,4813399
ygeY_predicted,0.1111111111111111,8,8,ACGAGAATGCAAAACAATCG,0,4798492
ygeY_predicted,0.1111111111111111,8,8,ACCTCTGTAATGTTTAAGTC,0,4804504
ygeY_predicted,0.1111111111111111,8,8,ACCCACACGGCCTAACCAGT,0,4816787
ygeY_predicted,0.1111111111111111,8,8,ACAGGTATGTTTTGTAACAC,0,4817058
ygeY_predicted,0.1111111111111111,8,8,AATTTTATAATTTCTCTTGT,0,4806860
ygeY_predicted,0.1111111111111111,8,8,AATTAGCGTGTTTTTTAACG,0,4801432
ygeY_predicted,0.1111111111111111,8,8,AATGCTGGGTCCAGGCCGTA,0,4804306
ygeY_predicted,0.1111111111111111,8,8,AATGAACCGCACTAGGGACA,0,4808446
ygeY_predicted,0.1111111111111111,8,8,AATCTTCCGGCTGGGCTGAT,0,4810990
ygeY_predicted,0.1111111111111111,8,8,AATACGGCCTAGGCAACGTC,0,4801624
ygeY_predicted,0.1111111111111111,8,8,AAGTTTTTTGCACCTAGCGA,0,4808871
ygeY_predicted,0.1111111111111111,8,8,AAGATACGAGCACATCTAAC,0,4807758
ygeY_predicted,0.1111111111111111,8,8,AACTGTATGTGGGATTTACA,0,4806363
ygeY_predicted,0.1111111111111111,8,8,AACCGATCTATTTCAATCTT,0,4808702
ygeY_predicted,0.1111111111111111,8,8,AACACAACTCGGCTCTATCA,0,4796212
ygeY_predicted,0.1111111111111111,8,8,AAATTGGCAAATGCTCAAAA,0,4809586
ygeY_predicted,0.1111111111111111,8,8,AAATTCTCATTCTGAAGAGA,0,4800466
ygeY_predicted,0.1111111111111111,8,8,AAATTATTTCGACAAGGCTG,0,4809276
ygeY_predicted,0.1111111111111111,8,8,AAATAATACAGAAATTGTAC,0,4810447
ygeY_predicted,0.1111111111111111,8,8,AAAGGACACCCGATACTTAG,0,4811012
ygeY_predicted,0.1111111111111111,8,8,AAAGCTAGTACAGGCGCTTA,0,4800760
ygeY_predicted,0.125,7,7,TTTTTTGTCCGCGCGAGGAA,0,4813849
ygeY_predicted,0.125,7,7,TTTTTAATGACTGTCGGCTG,0,4801338
ygeY_predicted,0.125,7,7,TTTCTCAGAATGCAACCCCA,0,4801705
ygeY_predicted,0.125,7,7,TTTACGGAAATTAATATTGA,0,4799837
ygeY_predicted,0.125,7,7,TTGTGGGGGGTTATTTTGGT,0,4810378
ygeY_predicted,0.125,7,7,TTGGTTTCTTGTTAAGTCGG,0,4799907
ygeY_predicted,0.125,7,7,TTGGAGCAACCAGATCGCAT,0,4814677
ygeY_predicted,0.125,7,7,TTGACTCTTTAGCCTGCCGG,0,4798390
ygeY_predicted,0.125,7,7,TTCGGAAAAGCAACTTCAAG,0,4799971
ygeY_predicted,0.125,7,7,TTCCCAGCGTCTGATTAAGG,0,4796994
ygeY_predicted,0.125,7,7,TTCCAACCAGCCACGATCTC,0,4799387
ygeY_predicted,0.125,7,7,TTCAATAGACGACCCGTCAG,0,4813081
ygeY_predicted,0.125,7,7,TTAGTCCGCTCCAGTTCATA,0,4809373
ygeY_predicted,0.125,7,7,TTAGGGGGATCTGCCATTGC,0,4802119
ygeY_predicted,0.125,7,7,TTAGACGGACGGACCGGCAA,0,4798401
ygeY_predicted,0.125,7,7,TTAATTGGCAAATACCGAGA,0,4805417
ygeY_predicted,0.125,7,7,TTAATAATTAGGCCCTAATA,0,4814369
ygeY_predicted,0.125,7,7,TTAACTTGAGCAGATACTAC,0,4812003
ygeY_predicted,0.125,7,7,TGTTCCGGGCGTCCCCCGCC,0,4797002
ygeY_predicted,0.125,7,7,TGTGTTAAACCTGCCCGGGT,0,4797944
ygeY_predicted,0.125,7,7,TGTGTGTCGGTCTATACCAA,0,4802303
ygeY_predicted,0.125,7,7,TGTGTCAGGCTATCAAGTAA,0,4814029
ygeY_predicted,0.125,7,7,TGTAGCATTGTTTGTCCATC,0,4799123
ygeY_predicted,0.125,7,7,TGTAGAGCGCACCTTAGTTC,0,4809271
ygeY_predicted,0.125,7,7,TGTACTTCCTACATTCAAGC,0,4800368
ygeY_predicted,0.125,7,7,TGGTTGATTGAGATCATAGA,0,4802997
ygeY_predicted,0.125,7,7,TGGTTCTCAGGTATCTCGTT,0,4806597
ygeY_predicted,0.125,7,7,TGGGGAGAGTTGCCCAGCGT,0,4813605
ygeY_predicted,0.125,7,7,TGGGATGAGCGGGACATTCG,0,4813826
ygeY_predicted,0.125,7,7,TGGCGCATAGGCGTGAGCAA,0,4810749
ygeY_predicted,0.125,7,7,TGGCAGCTAGAGGTATAATC,0,4815343
ygeY_predicted,0.125,7,7,TGGCAGCGAAAGAGACGTGA,0,4806858
ygeY_predicted,0.125,7,7,TGGACAGATACCCATAATTA,0,4807479
ygeY_predicted,0.125,7,7,TGCGTCAGCTAAGGGGAGAA,0,4803129
ygeY_predicted,0.125,7,7,TGCGGTTGTGTGTAGACGTA,0,4795456
ygeY_predicted,0.125,7,7,TGCCAGACGTCATCACTACT,0,4804127
ygeY_predicted,0.125,7,7,TGCACAAGGTTGCCAAACGT,0,4814738
ygeY_predicted,0.125,7,7,TGATGGCGTCTGACGGCGCT,0,4803903
ygeY_predicted,0.125,7,7,TGAGGTGACTTTTTGTGGGT,0,4810502
ygeY_predicted,0.125,7,7,TGAGGTACGTCTTGGCGATG,0,4806357
ygeY_predicted,0.125,7,7,TGAGATCGCCTACGCAGTGG,0,4801383
ygeY_predicted,0.125,7,7,TGACTCTGAGGAATTGATGG,0,4809819
ygeY_predicted,0.125,7,7,TGAAAGTTTACAAGTCCACA,0,4808652
ygeY_predicted,0.125,7,7,TCTGGACTGTAGGGATAATT,0,4814207
ygeY_predicted,0.125,7,7,TCGGACTGTCCCGGAGCCTT,0,4796184
ygeY_predicted,0.125,7,7,TCGCCGCAAGGCACCGACAG,0,4796274
ygeY_predicted,0.125,7,7,TCGAATGGTGAGTAAAGCGG,0,4803257
ygeY_predicted,0.125,7,7,TCCCAGAGTGTTGCCACTGC,0,4815983
ygeY_predicted,0.125,7,7,TCATCTTGATCTTGTTCTTG,0,4799481
ygeY_predicted,0.125,7,7,TCATCTGCGTAAAACATGTA,0,4802929
ygeY_predicted,0.125,7,7,TCAGTCTCCGTCTGATCGGA,0,4796863
ygeY_predicted,0.125,7,7,TCACTATCAAATAATCCTCC,0,4804841
ygeY_predicted,0.125,7,7,TCACAAGTACTGTCTCCCAC,0,4800955
ygeY_predicted,0.125,7,7,TCAAGAGTCCGGAACGCTTG,0,4799781
ygeY_predicted,0.125,7,7,TCAACGCATTCTCCGATCAG,0,4814148
ygeY_predicted,0.125,7,7,TATGCATGTATCATGGTGTA,0,4815021
ygeY_predicted,0.125,7,7,TATAGGCGTTGCCGCATAGG,0,4795067
ygeY_predicted,0.125,7,7,TAGGCTTAGACTCTATTAGC,0,4811423
ygeY_predicted,0.125,7,7,TAGGCGGCAGCGGAGCCAGG,0,4802822
ygeY_predicted,0.125,7,7,TAGCATGATAAGTATCATTG,0,4814053
ygeY_predicted,0.125,7,7,TACTGTCGGATGGCTTAAGA,0,4801947
ygeY_predicted,0.125,7,7,TACGTATGTGGCGCGACGAA,0,4796099
ygeY_predicted,0.125,7,7,TACGTATCGGACGTCGCACC,0,4803780
ygeY_predicted,0.125,7,7,TACCCACATTTCGCAGTGAC,0,4813242
ygeY_predicted,0.125,7,7,TAATCATCGGAAGAGCAGTT,0,4799528
ygeY_predicted,0.125,7,7,TAAGACCAGGTCTCGTCAGG,0,4804092
ygeY_predicted,0.125,7,7,TAACGTGTGGATAAAATGGA,0,4812434
ygeY_predicted,0.125,7,7,GTTCCCCACTCGGTCTTATG,0,4805253
ygeY_predicted,0.125,7,7,GTGTGCTAAAGCTGTACCTA,0,4813675
ygeY_predicted,0.125,7,7,GTGCGGCCCGGCACTATGCG,0,4812146
ygeY_predicted,0.125,7,7,GTGACCCGGTTGTGTCAGAA,0,4801465
ygeY_predicted,0.125,7,7,GTCACTTCAGGGTGGGGAAC,0,4800812
ygeY_predicted,0.125,7,7,GTCAATAGGGTGTGAGCAAT,0,4802915
ygeY_predicted,0.125,7,7,GTCAAAGAGCCCAGCACGAT,0,4796233
ygeY_predicted,0.125,7,7,GTATTTTTGTGCATTTAGGC,0,4808996
ygeY_predicted,0.125,7,7,GTATGGGCTCGGTGTTCTGG,0,4795011
ygeY_predicted,0.125,7,7,GTACTCATACCGAAGTTTAG,0,4808999
ygeY_predicted,0.125,7,7,GGTGTGTATGGAAACCGGAC,0,4806097
ygeY_predicted,0.125,7,7,GGTGGGGAACAGTTTACAGA,0,4808162
ygeY_predicted,0.125,7,7,GGTCAAGCACGGGCCTAGAA,0,4815655
ygeY_predicted,0.125,7,7,GGTACTGAAGGTGTTGGAGA,0,4801680
ygeY_predicted,0.125,7,7,GGGTGCTTAGGGTTAATGTT,0,4812161
ygeY_predicted,0.125,7,7,GGGACTTAACATGCGGAAAT,0,4812957
ygeY_predicted,0.125,7,7,GGGACCGGGTAGTCCAGAGT,0,4806019
ygeY_predicted,0.125,7,7,GGGACACAGCATTCTGGGAT,0,4811296
ygeY_predicted,0.125,7,7,GGGAACGCAGATTATGCGGA,0,4795119
ygeY_predicted,0.125,7,7,GGCGGGAAGCAGTCATCTGT,0,4807707
ygeY_predicted,0.125,7,7,GGCGGAACACACGAATAGCA,0,4808141
ygeY_predicted,0.125,7,7,GGCCTTGACTTCTAGCCTAC,0,4801567
ygeY_predicted,0.125,7,7,GGCCTACTGGAACTATGTTA,0,4804847
ygeY_predicted,0.125,7,7,GGATTCATGTAAGCATAGCG,0,4813617
ygeY_predicted,0.125,7,7,GGAGGGACTCTTACAACTCC,0,4802401
ygeY_predicted,0.125,7,7,GGAACTTATTAACCGACAAA,0,4799520
ygeY_predicted,0.125,7,7,GGAAAGTCTAAGCTTCTGAC,0,4798347
ygeY_predicted,0.125,7,7,GCTTATTTGATACCCACATG,0,4804496
ygeY_predicted,0.125,7,7,GCTTAAGAGCTACTTGCGTC,0,4816232
ygeY_predicted,0.125,7,7,GCTCTTTCGACTCCAGCTGA,0,4805024
ygeY_predicted,0.125,7,7,GCTCAATTCTCATTTCCTAC,0,4795196
ygeY_predicted,0.125,7,7,GCTAATAGATAGCTTCTAGG,0,4809880
ygeY_predicted,0.125,7,7,GCGTTTAACTACTCCCCTGT,0,4802780
ygeY_predicted,0.125,7,7,GCGGTGCTAGAAACTGTTCC,0,4798185
ygeY_predicted,0.125,7,7,GCGCTCACATAGGATATTAT,0,4803082
ygeY_predicted,0.125,7,7,GCGATCGATGGTCACACTTC,0,4801129
ygeY_predicted,0.125,7,7,GCCTATGTACGATCATCCTG,0,4809067
ygeY_predicted,0.125,7,7,GCCTACGCCCGGTACTTTAC,0,4800182
ygeY_predicted,0.125,7,7,GCCGGAGGCCTGACCGTTAG,0,4797647
ygeY_predicted,0.125,7,7,GCCCTGCGTTTTACGTTCTA,0,4797783
ygeY_predicted,0.125,7,7,GCATCTATAGACCCGATAGC,0,4808551
ygeY_predicted,0.125,7,7,GCACATCCGGTTCCCCAGCA,0,4801757
ygeY_predicted,0.125,7,7,GCAACTAGATATCAACTGCA,0,4802140
ygeY_predicted,0.125,7,7,GCAACCTCCTTAATCACCAA,0,4806702
ygeY_predicted,0.125,7,7,GCAAATCCAGTCTCTGTTGC,0,4816119
ygeY_predicted,0.125,7,7,GATTCGAGTCAAGTTCCACA,0,4797349
ygeY_predicted,0.125,7,7,GAGTCTTTGAGGCCCGGGGC,0,4815178
ygeY_predicted,0.125,7,7,GAGGCGTGGTGATGCCCCCT,0,4797207
ygeY_predicted,0.125,7,7,GACCTCCGAACGGGGAAAAT,0,4816793
ygeY_predicted,0.125,7,7,GACCTATGATGTATCCTATG,0,4809258
ygeY_predicted,0.125,7,7,GACCCGCCCTGAGGTGTAGA,0,4813548
ygeY_predicted,0.125,7,7,GAATCGCGTATGGTAGCTGC,0,4797488
ygeY_predicted,0.125,7,7,GAATAATTGTCCCCGCAGAT,0,4802990
ygeY_predicted,0.125,7,7,GAACCGGGCCTGAGAGTAAT,0,4795161
ygeY_predicted,0.125,7,7,GAAAGCAGAGTTTTAGGGAG,0,4814108
ygeY_predicted,0.125,7,7,GAAACGTCTCATCACTTGCA,0,4810350
ygeY_predicted,0.125,7,7,CTTTCGCATGCGGACACAAA,0,4810854
ygeY_predicted,0.125,7,7,CTTAACCGGGTGTTAAGAAT,0,4812159
ygeY_predicted,0.125,7,7,CTGTTAGTAAGGGATTTAAG,0,4811463
ygeY_predicted,0.125,7,7,CTGGCCAAGGGTTGGGCGGC,0,4804361
ygeY_predicted,0.125,7,7,CTGCTCTATGTGGGCAGGTG,0,4797372
ygeY_predicted,0.125,7,7,CTGATGCCGCCGCCGGCGTA,0,4804422
ygeY_predicted,0.125,7,7,CTCCCGCTGATTCTGCAATG,0,4810849
ygeY_predicted,0.125,7,7,CTCCAGCCCCGATCTGCGCA,0,4811042
ygeY_predicted,0.125,7,7,CTATGTTTGTCACCGTAACA,0,4804320
ygeY_predicted,0.125,7,7,CTATGATGATCGAATTAAAG,0,4813214
ygeY_predicted,0.125,7,7,CTAGTCCAGCTGATTGGGGA,0,4815041
ygeY_predicted,0.125,7,7,CTAGGCTTCCATGATCGTGC,0,4797021
ygeY_predicted,0.125,7,7,CTAGCAGTTGGGCCGCGCAG,0,4795631
ygeY_predicted,0.125,7,7,CTACCGTGATATGGCTCAAG,0,4814937
ygeY_predicted,0.125,7,7,CTACACGCTAAGCGCTCCTA,0,4796061
ygeY_predicted,0.125,7,7,CTAATTCACACTAATGCCCC,0,4797565
ygeY_predicted,0.125,7,7,CGTTTTCAGATGAAACAACT,0,4798821
ygeY_predicted,0.125,7,7,CGTCGTGCAGCGGCTCAATA,0,4812372
ygeY_predicted,0.125,7,7,CGTATACTTTAGAACGGGGA,0,4795006
ygeY_predicted,0.125,7,7,CGTAGTCGTTAGCACCATTC,0,4806804
ygeY_predicted,0.125,7,7,CGGTAAACGTACGAGATATA,0,4805044
ygeY_predicted,0.125,7,7,CGGGGCCGTCGAGTGTAAGT,0,4808838
ygeY_predicted,0.125,7,7,CGGCTCAGATAAACCCAGCT,0,4809286
ygeY_predicted,0.125,7,7,CGCTCGACAAAGTCAACAAA,0,4800611
ygeY_predicted,0.125,7,7,CGCGCTCGGATTGGCTTAGA,0,4796524
ygeY_predicted,0.125,7,7,CGCCGGGGGTTTGTCCGGCC,0,4811117
ygeY_predicted,0.125,7,7,CGATCATATGGTATCGGTGG,0,4812148
ygeY_predicted,0.125,7,7,CGATAAGTTTTATTCTAAAA,0,4798645
ygeY_predicted,0.125,7,7,CGACTACGCATCGACTTCAG,0,4798985
ygeY_predicted,0.125,7,7,CGACATTAGTCAGGCTCAGG,0,4813945
ygeY_predicted,0.125,7,7,CGAATATTATTTATGCAGCG,0,4807838
ygeY_predicted,0.125,7,7,CGAACCTACGGGCCGTATGA,0,4798960
ygeY_predicted,0.125,7,7,CGAACACTGCATGTTGTATG,0,4806738
ygeY_predicted,0.125,7,7,CCTTAGACCAAGCGCTCGAT,0,4800223
ygeY_predicted,0.125,7,7,CCTGTGTCCAAACGGTCCTC,0,4800937
ygeY_predicted,0.125,7,7,CCTCAGCGGGTACCCAAGTT,0,4797540
ygeY_predicted,0.125,7,7,CCTAAGGACGGAAAGACAGT,0,4799186
ygeY_predicted,0.125,7,7,CCTAACGACCCCATGAGAGA,0,4797367
ygeY_predicted,0.125,7,7,CCGGGCCCCAAGAGCTCGCT,0,4805806
ygeY_predicted,0.125,7,7,CCGGAGACCCAGCTGTTTCA,0,4811689
ygeY_predicted,0.125,7,7,CCGGACGTGATTTTTTCGCG,0,4809815
ygeY_predicted,0.125,7,7,CCGCTACAGGTTGGGGTTAG,0,4800684
ygeY_predicted,0.125,7,7,CCGCAGGGGTCGTGTCCCTT,0,4801636
ygeY_predicted,0.125,7,7,CCGAGGGCCTGTAGGGTCAC,0,4804045
ygeY_predicted,0.125,7,7,CCCTCTCGCTGCGAGGCGTT,0,4800528
ygeY_predicted,0.125,7,7,CCCTATGGCTCGACGGCACA,0,4808487
ygeY_predicted,0.125,7,7,CCCGCGGCGAGCCACATCAA,0,4795603
ygeY_predicted,0.125,7,7,CCCACGACCAGATTGGGCCT,0,4800582
ygeY_predicted,0.125,7,7,CCCAACACAGCCTCTCCGTA,0,4810666
ygeY_predicted,0.125,7,7,CCATGAGGTCAAGCTGTCAC,0,4804679
ygeY_predicted,0.125,7,7,CCAGTCAGGGGTATTTACGC,0,4797613
ygeY_predicted,0.125,7,7,CATTGAGTTATTAAACCTTC,0,4806186
ygeY_predicted,0.125,7,7,CATGTCGCCCTCATTCAGGT,0,4796478
ygeY_predicted,0.125,7,7,CATGCATGTGACCCGAACGA,0,4804457
ygeY_predicted,0.125,7,7,CATGAGAGGCTCTCTCAGGT,0,4806704
ygeY_predicted,0.125,7,7,CAGTCAGATTACGGGGTAGA,0,4812055
ygeY_predicted,0.125,7,7,CAGGCTTTACCTTTGTAAGG,0,4797384
ygeY_predicted,0.125,7,7,CAGGACTCTCGCCGAGATTG,0,4800144
ygeY_predicted,0.125,7,7,CAGCTGGCCTTCCTAGATAA,0,4816110
ygeY_predicted,0.125,7,7,CAGATCACGAATCGGGAAAG,0,4803848
ygeY_predicted,0.125,7,7,CAGATACGCCTTCGAAGCTG,0,4799934
ygeY_predicted,0.125,7,7,CAGAGTTTGGATCCTCGTTT,0,4807963
ygeY_predicted,0.125,7,7,CAGACTACCCTCGCGGCAAG,0,4796154
ygeY_predicted,0.125,7,7,CACTATTTATTGGACACGCA,0,4806368
ygeY_predicted,0.125,7,7,CACGATGAGAATTGTCCGTC,0,4799991
ygeY_predicted,0.125,7,7,CACGAGGTTGCGAATCCCGG,0,4803469
ygeY_predicted,0.125,7,7,CACCCGGATCCAGTCGCGGT,0,4803380
ygeY_predicted,0.125,7,7,CACACATATGATGTTCTCAG,0,4811449
ygeY_predicted,0.125,7,7,CAATGTAGGACCCGTATTTT,0,4809165
ygeY_predicted,0.125,7,7,CAATAGAGCATCCGTCTCGT,0,4798994
ygeY_predicted,0.125,7,7,CAAGTCAATTGAGCTACCCA,0,4806015
ygeY_predicted,0.125,7,7,CAAGCTTCCGTGCCACTGCA,0,4804283
ygeY_predicted,0.125,7,7,CAACTTACCCTACGGGATAT,0,4816424
ygeY_predicted,0.125,7,7,CAAATCCACGAGAGGACGTA,0,4813604
ygeY_predicted,0.125,7,7,CAAAATATGAGTAATATGAA,0,4795435
ygeY_predicted,0.125,7,7,ATTACTTGCTAGATCGTGTG,0,4808723
ygeY_predicted,0.125,7,7,ATGTTTTATTAAGGGAGTCA,0,4807589
ygeY_predicted,0.125,7,7,ATGTGATTGTCCACCCGAAG,0,4812843
ygeY_predicted,0.125,7,7,ATGTATAAAGTTGGGACTTC,0,4794984
ygeY_predicted,0.125,7,7,ATGGTTCCAAGGCGATAGCC,0,4815292
ygeY_predicted,0.125,7,7,ATGGGTAAGTGCTCTAGTAT,0,4805701
ygeY_predicted,0.125,7,7,ATGGACGGCCACTCCCCCCC,0,4796141
ygeY_predicted,0.125,7,7,ATGCTTCCATACATCGGTAG,0,4800610
ygeY_predicted,0.125,7,7,ATGATGGCGCATTCTTTGCC,0,4811429
ygeY_predicted,0.125,7,7,ATCTGTTAGCCATCCGTCTT,0,4816835
ygeY_predicted,0.125,7,7,ATCGTGAACGTATACAAGGT,0,4804427
ygeY_predicted,0.125,7,7,ATCCGGCGATATATCGGGGT,0,4807936
ygeY_predicted,0.125,7,7,ATCACTCGAGGGGGCGGCTC,0,4810389
ygeY_predicted,0.125,7,7,ATATCAGCTAAGATTATAGA,0,4795500
ygeY_predicted,0.125,7,7,ATAGGGATCCGCGTCCAGGA,0,4811899
ygeY_predicted,0.125,7,7,ATACGGCCTGTACTGGTTCA,0,4805066
ygeY_predicted,0.125,7,7,ATAATTCTGAGGCGAAACGG,0,4816162
ygeY_predicted,0.125,7,7,ATAATAATGTGGCTAATCGG,0,4796529
ygeY_predicted,0.125,7,7,ATAAGGCGCGAATGGCGTGA,0,4809924
ygeY_predicted,0.125,7,7,AGTTACCGCTCACTGCGCTA,0,4813483
ygeY_predicted,0.125,7,7,AGTTAATTAAAGGTAGGATT,0,4804933
ygeY_predicted,0.125,7,7,AGGTCATTCCCTATTACGAA,0,4807650
ygeY_predicted,0.125,7,7,AGGGTTGTCCGTTATATGAA,0,4807808
ygeY_predicted,0.125,7,7,AGGGGAGCGCGCTGAGCGAA,0,4801217
ygeY_predicted,0.125,7,7,AGGGAGCATTTATGCTCTTG,0,4807132
ygeY_predicted,0.125,7,7,AGGCGAGAAGGACCCGCGGA,0,4810632
ygeY_predicted,0.125,7,7,AGGAACATTTAAGGAGCGGC,0,4799615
ygeY_predicted,0.125,7,7,AGCTAGTGGCCTTAAATTAC,0,4799850
ygeY_predicted,0.125,7,7,AGCGCCTATGTCCTGTCTAT,0,4797721
ygeY_predicted,0.125,7,7,AGCCGAATCTGTTAATGCAG,0,4802944
ygeY_predicted,0.125,7,7,AGCATGCTTGCCACCCACGT,0,4804997
ygeY_predicted,0.125,7,7,AGCAACCGGTAGAGCTCAAC,0,4810238
ygeY_predicted,0.125,7,7,AGATTATTCGTAATCACAAT,0,4811371
ygeY_predicted,0.125,7,7,ACTCGGCATACATCTGCGTA,0,4815322
ygeY_predicted,0.125,7,7,ACTCATTTGTCGCTGAGGCT,0,4796111
ygeY_predicted,0.125,7,7,ACTCATGGAGTCTGTTATAG,0,4804677
ygeY_predicted,0.125,7,7,ACTAAGCCATTAATTCAGAT,0,4813090
ygeY_predicted,0.125,7,7,ACGGTTCGCGGCCTCTGGCT,0,4805528
ygeY_predicted,0.125,7,7,ACGATGATAAAGAGAGATTC,0,4810892
ygeY_predicted,0.125,7,7,ACCGATTGGCTAGCTACATA,0,4805847
ygeY_predicted,0.125,7,7,ACCCATGCGGGGGTGCTTAC,0,4800787
ygeY_predicted,0.125,7,7,ACCATCCTCTCAAACAGGTT,0,4811387
ygeY_predicted,0.125,7,7,ACCATAATAACACATGCGCA,0,4797492
ygeY_predicted,0.125,7,7,ACCAGCACTCTACCGGTTAG,0,4808809
ygeY_predicted,0.125,7,7,ACAGGAGTACGGTGGACATC,0,4809307
ygeY_predicted,0.125,7,7,ACAGATTTAGGGTGTTGCCA,0,4806895
ygeY_predicted,0.125,7,7,ACACTAGGCGATGGTTAAGG,0,4799156
ygeY_predicted,0.125,7,7,ACACGATAAGAAGCTGAGGT,0,4806439
ygeY_predicted,0.125,7,7,ACACCCTCTTATATTTTGTC,0,4799255
ygeY_predicted,0.125,7,7,ACAACGCTGAAGTAGGCCCT,0,4804183
ygeY_predicted,0.125,7,7,AATTAAATTTTGCATCGCCG,0,4801777
ygeY_predicted,0.125,7,7,AAGGCTCGGGGTCCCCTTGC,0,4795275
ygeY_predicted,0.125,7,7,AAGCCATATGCTAGCGTTAC,0,4811156
ygeY_predicted,0.125,7,7,AAGCAGATGATAAGAACAAA,0,4806840
ygeY_predicted,0.125,7,7,AAGATGACATTAATAGCGCA,0,4815742
ygeY_predicted,0.125,7,7,AAGATAGGCGTATTGGGACA,0,4812894
ygeY_predicted,0.125,7,7,AACTTCTTGGGGCCGTAGAA,0,4811877
ygeY_predicted,0.125,7,7,AACAAAAGGTGCCTGCTGAC,0,4798196
ygeY_predicted,0.125,7,7,AAATTTTAGCCGGGACGATA,0,4806982
ygeY_predicted,0.125,7,7,AAATGACAATCATCTGTGAA,0,4808212
ygeY_predicted,0.125,7,7,AAAGTTGCTGCCCAACGCCA,0,4803578
ygeY_predicted,0.125,7,7,AAAGGATACTCAGAAGCAGG,0,4800689
ygeY_predicted,0.125,7,7,AAAATCGGCCTCGTTGCTAT,0,4804689
ygeY_predicted,0.14285714285714285,6,6,TTTTGTATACAACCTTCATG,0,4801993
ygeY_predicted,0.14285714285714285,6,6,TTTTGCCACTAGATGACTGT,0,4812015
ygeY_predicted,0.14285714285714285,6,6,TTTTAAACGCGACTGTTTTG,0,4812232
ygeY_predicted,0.14285714285714285,6,6,TTTGACTTAGCACATGTAAG,0,4801251
ygeY_predicted,0.14285714285714285,6,6,TTGTGATTGTGTAGCCCTAA,0,4804314
ygeY_predicted,0.14285714285714285,6,6,TTGTACTTATAGGGGTAATT,0,4802698
ygeY_predicted,0.14285714285714285,6,6,TTGGTTTTCGGGAGCCGGTA,0,4799830
ygeY_predicted,0.14285714285714285,6,6,TTGGCATACAGGGTCTAACA,0,4810631
ygeY_predicted,0.14285714285714285,6,6,TTGGACGATCTCTTCATGTC,0,4806387
ygeY_predicted,0.14285714285714285,6,6,TTCTAGAGAACCCCGCAGAT,0,4798318
ygeY_predicted,0.14285714285714285,6,6,TTCAGGAAATTATTAGACGT,0,4803426
ygeY_predicted,0.14285714285714285,6,6,TTCACTAATTCGGGGGCCTT,0,4798106
ygeY_predicted,0.14285714285714285,6,6,TTCAATTCTGAGTGGTCCGA,0,4813730
ygeY_predicted,0.14285714285714285,6,6,TTAGTTATTCCATACTGTTG,0,4798041
ygeY_predicted,0.14285714285714285,6,6,TTACGATCACCATATTCGCA,0,4795625
ygeY_predicted,0.14285714285714285,6,6,TTACCATCAAGGCGCTCGCC,0,4794972
ygeY_predicted,0.14285714285714285,6,6,TTACCAAGCAGGCAAGGAAC,0,4806407
ygeY_predicted,0.14285714285714285,6,6,TTACATGTGGGTCGGCGCTT,0,4813522
ygeY_predicted,0.14285714285714285,6,6,TGTTTCCTTATGGTGCGGCG,0,4801458
ygeY_predicted,0.14285714285714285,6,6,TGTTAGTGACGCTTCAGTCA,0,4803749
ygeY_predicted,0.14285714285714285,6,6,TGTTAGATCGCGAAGCTACG,0,4808730
ygeY_predicted,0.14285714285714285,6,6,TGTCTGCTCTCAGACCGCAG,0,4800075
ygeY_predicted,0.14285714285714285,6,6,TGTAAGGGGCGTGCGTGAGT,0,4795015
ygeY_predicted,0.14285714285714285,6,6,TGGTTGCAACTGGATGGGAT,0,4808028
ygeY_predicted,0.14285714285714285,6,6,TGGGACCAAGGAGTACTTCT,0,4805345
ygeY_predicted,0.14285714285714285,6,6,TGGCTATATCGTTTTGTTGA,0,4799057
ygeY_predicted,0.14285714285714285,6,6,TGGCAAGTCGTGGAGTAAAG,0,4803466
ygeY_predicted,0.14285714285714285,6,6,TGGACTTGACCGTTCGTACG,0,4797798
ygeY_predicted,0.14285714285714285,6,6,TGCTCTCAAGGTTCGAGGAT,0,4812862
ygeY_predicted,0.14285714285714285,6,6,TGCGTCGGCGTGTTCAGTTT,0,4805358
ygeY_predicted,0.14285714285714285,6,6,TGCGGCCACACCTGGCAAAC,0,4816947
ygeY_predicted,0.14285714285714285,6,6,TGCGCCACTTATAGATCCAT,0,4808744
ygeY_predicted,0.14285714285714285,6,6,TGCGCAACTTTGCTTACATC,0,4795693
ygeY_predicted,0.14285714285714285,6,6,TGCGAGCGACGAATATATGA,0,4813126
ygeY_predicted,0.14285714285714285,6,6,TGCCAACGATCAATAAGGCG,0,4800625
ygeY_predicted,0.14285714285714285,6,6,TGCCAACCAAACATAGGGCT,0,4814822
ygeY_predicted,0.14285714285714285,6,6,TGCACCTTGAGCAGGTAGAA,0,4811594
ygeY_predicted,0.14285714285714285,6,6,TGCAAGCCCGAGGTCTCAGC,0,4800555
ygeY_predicted,0.14285714285714285,6,6,TGATGCGCCTGAAGTCCCAA,0,4799182
ygeY_predicted,0.14285714285714285,6,6,TGAAGGTTTTGTTCCAACGG,0,4794961
ygeY_predicted,0.14285714285714285,6,6,TGAACATATCCGAACACTCT,0,4795426
ygeY_predicted,0.14285714285714285,6,6,TCTTCCGTACTCAAGACTAT,0,4795729
ygeY_predicted,0.14285714285714285,6,6,TCGTTTTAGCGAGTGCTAAG,0,4812073
ygeY_predicted,0.14285714285714285,6,6,TCGTTAATTAAAGGGCTCCT,0,4815967
ygeY_predicted,0.14285714285714285,6,6,TCGGTCTTCCGATGCCGGAG,0,4802188
ygeY_predicted,0.14285714285714285,6,6,TCGGTAACGAGACGGTGCCC,0,4816264
ygeY_predicted,0.14285714285714285,6,6,TCGGACTATCGCTTTATGAA,0,4802596
ygeY_predicted,0.14285714285714285,6,6,TCGGAATCTTGTGTAAACGT,0,4798207
ygeY_predicted,0.14285714285714285,6,6,TCGCTCATGGAGTACAGCAT,0,4806260
ygeY_predicted,0.14285714285714285,6,6,TCGCCGAGCACGGGCTTGGG,0,4812297
ygeY_predicted,0.14285714285714285,6,6,TCGATGCAGTGGGGCAACGC,0,4807695
ygeY_predicted,0.14285714285714285,6,6,TCGAAGTCTGTCATCTTGTA,0,4797569
ygeY_predicted,0.14285714285714285,6,6,TCCTAAACTTAGGGAATAAA,0,4814672
ygeY_predicted,0.14285714285714285,6,6,TCCCCCGATGTTCACACCTT,0,4798941
ygeY_predicted,0.14285714285714285,6,6,TCCCCCAACATGAGAAGAAG,0,4803972
ygeY_predicted,0.14285714285714285,6,6,TCCAGGCCTTCTACGACATG,0,4805107
ygeY_predicted,0.14285714285714285,6,6,TCATCCGGCACCCCCAGGGA,0,4801363
ygeY_predicted,0.14285714285714285,6,6,TCACGTTGAGAGGCTTGTCC,0,4803917
ygeY_predicted,0.14285714285714285,6,6,TATTGCAACGGTGTCCCATC,0,4810353
ygeY_predicted,0.14285714285714285,6,6,TATTATTGCGCCTCGGGGTG,0,4802560
ygeY_predicted,0.14285714285714285,6,6,TATTACTGTAACATCTGGGA,0,4795880
ygeY_predicted,0.14285714285714285,6,6,TATGTCTGCTTCTCGGGGCT,0,4813383
ygeY_predicted,0.14285714285714285,6,6,TATGCAGCTCGTCTATAGGA,0,4812271
ygeY_predicted,0.14285714285714285,6,6,TATGCACATGCTGAGAATAA,0,4798976
ygeY_predicted,0.14285714285714285,6,6,TATGAGACGGCCAAAGACTC,0,4815005
ygeY_predicted,0.14285714285714285,6,6,TATCGGGGATATGGAGCACT,0,4814441
ygeY_predicted,0.14285714285714285,6,6,TATAAAATCACGGCACTGGA,0,4795939
ygeY_predicted,0.14285714285714285,6,6,TAGTCATCATTTAAACCAGC,0,4811544
ygeY_predicted,0.14285714285714285,6,6,TAGGGAAGTGTATCTACGCA,0,4801535
ygeY_predicted,0.14285714285714285,6,6,TAGCCGCTGACCGGCATCCC,0,4810973
ygeY_predicted,0.14285714285714285,6,6,TAGACCCCACGTGCGCGAGG,0,4802991
ygeY_predicted,0.14285714285714285,6,6,TACTTGGCCGTATTTGCGAT,0,4808386
ygeY_predicted,0.14285714285714285,6,6,TACTCCTAGATTCAGTTCTC,0,4812788
ygeY_predicted,0.14285714285714285,6,6,TACTAATCGTTGGGCATCAG,0,4795768
ygeY_predicted,0.14285714285714285,6,6,TACGCATAAAATAGGTAGCC,0,4805673
ygeY_predicted,0.14285714285714285,6,6,TACGCAAACTAGGTGGCCGA,0,4803109
ygeY_predicted,0.14285714285714285,6,6,TACCTCTTTCTTTCATAAAG,0,4801259
ygeY_predicted,0.14285714285714285,6,6,TACACTAGGAGGGCTAATTT,0,4812153
ygeY_predicted,0.14285714285714285,6,6,TACACGGCACTGTGTTAGCG,0,4799905
ygeY_predicted,0.14285714285714285,6,6,TAAGGGGACGCCTAACCCAG,0,4801735
ygeY_predicted,0.14285714285714285,6,6,TAAGCGCGCGAATACCGGCG,0,4805470
ygeY_predicted,0.14285714285714285,6,6,TAACGTGGAGAACCACTCAT,0,4800265
ygeY_predicted,0.14285714285714285,6,6,TAACCAGTATCTCTGACAGC,0,4816221
ygeY_predicted,0.14285714285714285,6,6,TAAACGCACGTAGTGGCCCA,0,4801912
ygeY_predicted,0.14285714285714285,6,6,TAAACATGGAGAATCGCCTT,0,4804411
ygeY_predicted,0.14285714285714285,6,6,TAAAATGCGACGGAGAGTTT,0,4798446
ygeY_predicted,0.14285714285714285,6,6,GTTTTTCTCCATTCAAGCTA,0,4810082
ygeY_predicted,0.14285714285714285,6,6,GTTTAAAGGTTATGAGCACA,0,4812522
ygeY_predicted,0.14285714285714285,6,6,GTTCGAGGGGCCTAGACCCT,0,4809446
ygeY_predicted,0.14285714285714285,6,6,GTTACTAAGGGAGAGAACCC,0,4805662
ygeY_predicted,0.14285714285714285,6,6,GTGTGTTCTCACCTGCGGGG,0,4809786
ygeY_predicted,0.14285714285714285,6,6,GTGGGCTACCCCCAGAATCT,0,4812473
ygeY_predicted,0.14285714285714285,6,6,GTGGCTAAACGGTTGTGCCT,0,4797484
ygeY_predicted,0.14285714285714285,6,6,GTGGAGACGATTCAACTGAG,0,4799116
ygeY_predicted,0.14285714285714285,6,6,GTGCAATTGGGCTTTATGTC,0,4795573
ygeY_predicted,0.14285714285714285,6,6,GTGACATCGGGGGTCCCTCA,0,4800037
ygeY_predicted,0.14285714285714285,6,6,GTCTTTCCGAATATGTAAAT,0,4798295
ygeY_predicted,0.14285714285714285,6,6,GTCTTGGTACGAGAAGAGCA,0,4809515
ygeY_predicted,0.14285714285714285,6,6,GTCGTGTGCCAGTACGTCTG,0,4797618
ygeY_predicted,0.14285714285714285,6,6,GTCCTATGGGCGTTAGATTG,0,4805757
ygeY_predicted,0.14285714285714285,6,6,GTCCCGCGACGTGCTGGTCA,0,4796325
ygeY_predicted,0.14285714285714285,6,6,GTAGTAGCAGATGTTACGAT,0,4812719
ygeY_predicted,0.14285714285714285,6,6,GTAGTACGGCCGCAAACTAT,0,4809005
ygeY_predicted,0.14285714285714285,6,6,GTACGCTCTCCACAATGGCG,0,4813861
ygeY_predicted,0.14285714285714285,6,6,GTACCCTTACGAAAGCGTAA,0,4808820
ygeY_predicted,0.14285714285714285,6,6,GTACCAGGTGACCGTATAGT,0,4808407
ygeY_predicted,0.14285714285714285,6,6,GGTTCGTGCTGAAACTATTC,0,4799433
ygeY_predicted,0.14285714285714285,6,6,GGTGTAGGGAAGGGCCTGTG,0,4811026
ygeY_predicted,0.14285714285714285,6,6,GGTGCGATAAAGGAACAGGT,0,4806874
ygeY_predicted,0.14285714285714285,6,6,GGTGACGTGCGGGGCAAAAC,0,4809371
ygeY_predicted,0.14285714285714285,6,6,GGTGAATGACGTTCCAAAGC,0,4814824
ygeY_predicted,0.14285714285714285,6,6,GGTCTTAGCCCTGTGCCCCA,0,4796027
ygeY_predicted,0.14285714285714285,6,6,GGTCGCAATCGTCTGAGGTC,0,4814444
ygeY_predicted,0.14285714285714285,6,6,GGGTTTGTGTTCAAGTCGTT,0,4814683
ygeY_predicted,0.14285714285714285,6,6,GGGTTGAGAACATAGCGGGT,0,4806163
ygeY_predicted,0.14285714285714285,6,6,GGGTACTGATGATGTGAGAT,0,4806138
ygeY_predicted,0.14285714285714285,6,6,GGGGGAGCACTGGCGTGCCA,0,4814167
ygeY_predicted,0.14285714285714285,6,6,GGGGCATCTAGCGTGACCTC,0,4810528
ygeY_predicted,0.14285714285714285,6,6,GGCTCCGCTAACACGAGATC,0,4803669
ygeY_predicted,0.14285714285714285,6,6,GGCTACTAAGTTACTACGAG,0,4811298
ygeY_predicted,0.14285714285714285,6,6,GGCGGCATCATAACTTGACA,0,4798442
ygeY_predicted,0.14285714285714285,6,6,GGCGCTGGTGGATTATAATC,0,4796745
ygeY_predicted,0.14285714285714285,6,6,GGCCTGCCCGTGTATTCAGA,0,4813624
ygeY_predicted,0.14285714285714285,6,6,GGCAGTTCGGCTTAATCCGC,0,4810836
ygeY_predicted,0.14285714285714285,6,6,GGCACTACTTCAGCTCGATC,0,4810908
ygeY_predicted,0.14285714285714285,6,6,GGCACCCGCCCTATCCATTC,0,4816826
ygeY_predicted,0.14285714285714285,6,6,GGCAATGCATATAACATAGA,0,4797509
ygeY_predicted,0.14285714285714285,6,6,GGATAACCTACGGTGGGTGT,0,4796684
ygeY_predicted,0.14285714285714285,6,6,GGAGTAAAGACATCGGGTGC,0,4805457
ygeY_predicted,0.14285714285714285,6,6,GGAGCTCATTCTTCTAATAT,0,4801863
ygeY_predicted,0.14285714285714285,6,6,GCTTGAAAGTGCACTGAATT,0,4800437
ygeY_predicted,0.14285714285714285,6,6,GCTTCGAACAGGACCGGTTT,0,4807639
ygeY_predicted,0.14285714285714285,6,6,GCTCAGTAACGGTATAAGTT,0,4807269
ygeY_predicted,0.14285714285714285,6,6,GCGTGCGTACGTCCAATTCA,0,4804380
ygeY_predicted,0.14285714285714285,6,6,GCGTCTAATAGGCTGGTGTT,0,4804155
ygeY_predicted,0.14285714285714285,6,6,GCGTCAGCACTTCCCACTCA,0,4810087
ygeY_predicted,0.14285714285714285,6,6,GCGCCCGGTACTACGTTATG,0,4800557
ygeY_predicted,0.14285714285714285,6,6,GCGATTTGTGGGCTCTCAAC,0,4801099
ygeY_predicted,0.14285714285714285,6,6,GCGATGATAAGAACCGTAGT,0,4814057
ygeY_predicted,0.14285714285714285,6,6,GCGACCTGAGGGCGCGAGAA,0,4798690
ygeY_predicted,0.14285714285714285,6,6,GCCTTACTGCCTTCCGTATA,0,4814723
ygeY_predicted,0.14285714285714285,6,6,GCCTCGGTATCTTTTGCATG,0,4799366
ygeY_predicted,0.14285714285714285,6,6,GCCTAATTCCCACCGGGGGT,0,4814210
ygeY_predicted,0.14285714285714285,6,6,GCCGCCTATTTGACTTCGCA,0,4803809
ygeY_predicted,0.14285714285714285,6,6,GCCCTGCGGATAACTGCTCC,0,4808554
ygeY_predicted,0.14285714285714285,6,6,GCCCGTCTACCGACTACTAC,0,4812023
ygeY_predicted,0.14285714285714285,6,6,GCCCATACCTGTACAATGGG,0,4802051
ygeY_predicted,0.14285714285714285,6,6,GCACGCGTTTCCCTGATTGC,0,4803088
ygeY_predicted,0.14285714285714285,6,6,GCACCAAACAAGGGAACCTC,0,4811065
ygeY_predicted,0.14285714285714285,6,6,GCAAAATCACCGACGACAAG,0,4812219
ygeY_predicted,0.14285714285714285,6,6,GATGTCAGGCGTTGCCACTG,0,4816375
ygeY_predicted,0.14285714285714285,6,6,GATGCGGACCCTTGTATACT,0,4809415
ygeY_predicted,0.14285714285714285,6,6,GAGTTATGTAGAATGTTATT,0,4798546
ygeY_predicted,0.14285714285714285,6,6,GAGTAGAAATGCTAACGAAG,0,4798983
ygeY_predicted,0.14285714285714285,6,6,GAGCGCTCACTGATTGTCAG,0,4802968
ygeY_predicted,0.14285714285714285,6,6,GAGCAGGGTTTCATTCCCTG,0,4806536
ygeY_predicted,0.14285714285714285,6,6,GAGATTTGCATATATACTGC,0,4811741
ygeY_predicted,0.14285714285714285,6,6,GAGACTGCGTTAGATTCACC,0,4816935
ygeY_predicted,0.14285714285714285,6,6,GAGACCTTGTGATAAACGGA,0,4799302
ygeY_predicted,0.14285714285714285,6,6,GACTTGTTGCGTTTGCCCTC,0,4805878
ygeY_predicted,0.14285714285714285,6,6,GACTTCATTTATCCGGCTCT,0,4806144
ygeY_predicted,0.14285714285714285,6,6,GACGTGACGGTAGCACAAAG,0,4807730
ygeY_predicted,0.14285714285714285,6,6,GACCTCGAACGACGGGTTCC,0,4806432
ygeY_predicted,0.14285714285714285,6,6,GACACGACGCCCAAGGTACC,0,4801961
ygeY_predicted,0.14285714285714285,6,6,GAATGTTACTACTTTAATAT,0,4805454
ygeY_predicted,0.14285714285714285,6,6,GAACGACGCTAACTTATATT,0,4796449
ygeY_predicted,0.14285714285714285,6,6,GAAATTGCAGCACCGCAGAG,0,4795841
ygeY_predicted,0.14285714285714285,6,6,GAAACACCAGAGTCTCACTA,0,4802365
ygeY_predicted,0.14285714285714285,6,6,CTTTATAAGGCGCAATAATT,0,4802798
ygeY_predicted,0.14285714285714285,6,6,CTTGAGGGGTGTAAGCTCGG,0,4815312
ygeY_predicted,0.14285714285714285,6,6,CTTCTCCGATTACACGATTC,0,4800767
ygeY_predicted,0.14285714285714285,6,6,CTTCGCAACACTCGCGTAAT,0,4803986
ygeY_predicted,0.14285714285714285,6,6,CTGCCCTTCTTGCTCGAGCA,0,4816102
ygeY_predicted,0.14285714285714285,6,6,CTGAGTGTGGTGCCCGCGGA,0,4799844
ygeY_predicted,0.14285714285714285,6,6,CTGACGTTGCTCTCTGCGCG,0,4814873
ygeY_predicted,0.14285714285714285,6,6,CTGAACATTTGAAATCGTCT,0,4807332
ygeY_predicted,0.14285714285714285,6,6,CTCTACTAGAGGTTCAGACG,0,4800180
ygeY_predicted,0.14285714285714285,6,6,CTCTACGTACCATATATATT,0,4801107
ygeY_predicted,0.14285714285714285,6,6,CTCCGGGCATCAACGCCCAA,0,4801731
ygeY_predicted,0.14285714285714285,6,6,CTCCAGGGGCTGTGATGAGA,0,4810616
ygeY_predicted,0.14285714285714285,6,6,CTCCAAAGCGTGCGATGAAA,0,4799519
ygeY_predicted,0.14285714285714285,6,6,CTCAGAAATAGTATTAACTG,0,4816343
ygeY_predicted,0.14285714285714285,6,6,CTCAACCCCGGGTTGCGTCA,0,4809865
ygeY_predicted,0.14285714285714285,6,6,CTATGTTTGCTGGGGTATAT,0,4808536
ygeY_predicted,0.14285714285714285,6,6,CTATGTACGGACTACTCCAA,0,4807270
ygeY_predicted,0.14285714285714285,6,6,CTATCGCTGGTTCCGGCCTG,0,4802551
ygeY_predicted,0.14285714285714285,6,6,CTAGGGAGCCACACGGGATA,0,4796937
ygeY_predicted,0.14285714285714285,6,6,CTAGCGAGACTGGACTAGAA,0,4802533
ygeY_predicted,0.14285714285714285,6,6,CTACTCCTGCCTTGTATTAT,0,4800467
ygeY_predicted,0.14285714285714285,6,6,CTACATTGTAATTGCATTAC,0,4806076
ygeY_predicted,0.14285714285714285,6,6,CGTTCGCGCGCTAGGAACTC,0,4813529
ygeY_predicted,0.14285714285714285,6,6,CGTTATATGCGCCTAAGGTA,0,4800512
ygeY_predicted,0.14285714285714285,6,6,CGTGGGTCGTACGAATTTAA,0,4809065
ygeY_predicted,0.14285714285714285,6,6,CGTGCAATTGCCACCTGGTA,0,4805574
ygeY_predicted,0.14285714285714285,6,6,CGTCGTCTCCCCCCAATTGA,0,4795843
ygeY_predicted,0.14285714285714285,6,6,CGTCCGCACTTCGCACATTA,0,4804036
ygeY_predicted,0.14285714285714285,6,6,CGTATACTCGTGACCCGGTT,0,4810484
ygeY_predicted,0.14285714285714285,6,6,CGTACCTAACTATATCGACG,0,4815269
ygeY_predicted,0.14285714285714285,6,6,CGGTTACACTCTTGCCACAG,0,4811658
ygeY_predicted,0.14285714285714285,6,6,CGGCCATCTAGCCGATTGGG,0,4809603
ygeY_predicted,0.14285714285714285,6,6,CGCTCGCGAGTCAGTGGGGT,0,4809301
ygeY_predicted,0.14285714285714285,6,6,CGCGCATATTGGTTTATATA,0,4799921
ygeY_predicted,0.14285714285714285,6,6,CGCGCACGACACCCGCCGAA,0,4803160
ygeY_predicted,0.14285714285714285,6,6,CGCCGTGCAGCCTGGATTCC,0,4815878
ygeY_predicted,0.14285714285714285,6,6,CGCCCAGCCCTGAGTGGAGG,0,4802722
ygeY_predicted,0.14285714285714285,6,6,CGCCCACCTCAGCTACCCTC,0,4816300
ygeY_predicted,0.14285714285714285,6,6,CGCATGCTGTCCGAACCTCT,0,4809668
ygeY_predicted,0.14285714285714285,6,6,CGATGGTTCCGGGTTGGGGA,0,4797178
ygeY_predicted,0.14285714285714285,6,6,CGATACATCGCTCCGGCCTC,0,4798417
ygeY_predicted,0.14285714285714285,6,6,CGATAACGAGAAGCTGGCCA,0,4802418
ygeY_predicted,0.14285714285714285,6,6,CGAGCGTGTCATGTCGAATA,0,4812610
ygeY_predicted,0.14285714285714285,6,6,CGAGATCCTAACATTATGTG,0,4801945
ygeY_predicted,0.14285714285714285,6,6,CGAGACCCTGCGTAGTCATC,0,4800508
ygeY_predicted,0.14285714285714285,6,6,CGAACTTCTCGGAGCAGGTC,0,4800544
ygeY_predicted,0.14285714285714285,6,6,CCTTTTATATCACTAACCGA,0,4800163
ygeY_predicted,0.14285714285714285,6,6,CCTGCGAGTCGGTGAAAAAG,0,4802436
ygeY_predicted,0.14285714285714285,6,6,CCTCACCGAGTACACTCTCG,0,4811521
ygeY_predicted,0.14285714285714285,6,6,CCGTACTGTGGTGTATTGTA,0,4801800
ygeY_predicted,0.14285714285714285,6,6,CCGGATTCCACTGCTGAAAT,0,4800637
ygeY_predicted,0.14285714285714285,6,6,CCGGATTAGACTGTTGAAGG,0,4810343
ygeY_predicted,0.14285714285714285,6,6,CCGGAAAGAGTGTCATACGA,0,4814382
ygeY_predicted,0.14285714285714285,6,6,CCGACCGAGGTGTGACAGGC,0,4803733
ygeY_predicted,0.14285714285714285,6,6,CCGAACAGTACCTAGCAATC,0,4802802
ygeY_predicted,0.14285714285714285,6,6,CCCGGCTCATCGCATGCCGT,0,4803416
ygeY_predicted,0.14285714285714285,6,6,CCCGCTGCCTAGTTTCAGAG,0,4810478
ygeY_predicted,0.14285714285714285,6,6,CCCGCAGAGGAATCTCGACC,0,4807425
ygeY_predicted,0.14285714285714285,6,6,CCCGAGAGACAACGAGGGTG,0,4800971
ygeY_predicted,0.14285714285714285,6,6,CCCACCACCGAACTGTATGC,0,4801085
ygeY_predicted,0.14285714285714285,6,6,CCCACATCGATTGAAGGAAA,0,4814040
ygeY_predicted,0.14285714285714285,6,6,CCATTCCCCTATAACTTCGC,0,4812114
ygeY_predicted,0.14285714285714285,6,6,CCATCAACCTCGAAAAGACT,0,4805335
ygeY_predicted,0.14285714285714285,6,6,CCAAGGCGCTATAAGCCATT,0,4802007
ygeY_predicted,0.14285714285714285,6,6,CATTCGGGATCGAAGCAGAG,0,4803289
ygeY_predicted,0.14285714285714285,6,6,CATGTTGTTTCTCGTAATTC,0,4813592
ygeY_predicted,0.14285714285714285,6,6,CATCGCTGATAGATTATTGA,0,4803185
ygeY_predicted,0.14285714285714285,6,6,CATAATTCCCCACCCAGCCA,0,4814591
ygeY_predicted,0.14285714285714285,6,6,CATAAGCACTTGTATGTATT,0,4809003
ygeY_predicted,0.14285714285714285,6,6,CAGGAAGCTGGGGGCTAGTT,0,4811232
ygeY_predicted,0.14285714285714285,6,6,CAGATTTTCGAAATATGGTT,0,4803142
ygeY_predicted,0.14285714285714285,6,6,CACTTTATTGACTATTGTTC,0,4807178
ygeY_predicted,0.14285714285714285,6,6,CACTCAAAACCCACGTCCGT,0,4803183
ygeY_predicted,0.14285714285714285,6,6,CACTAATTCGTTCGAAGATG,0,4803085
ygeY_predicted,0.14285714285714285,6,6,CACGTTTGCGATTGGTCTCG,0,4803474
ygeY_predicted,0.14285714285714285,6,6,CACCGCCCAAGCCGGGCTTG,0,4799786
ygeY_predicted,0.14285714285714285,6,6,CAATGTCAATCAGGGGGCAG,0,4801892
ygeY_predicted,0.14285714285714285,6,6,CAATGCTAGCCTTTCCTGGA,0,4810177
ygeY_predicted,0.14285714285714285,6,6,CAAAGCATCTCTTTGTTTCC,0,4816346
ygeY_predicted,0.14285714285714285,6,6,CAAAATCGGGTCCTCTGCTT,0,4808681
ygeY_predicted,0.14285714285714285,6,6,ATTTTTCCTTATGTACGGAT,0,4814894
ygeY_predicted,0.14285714285714285,6,6,ATTTCTCCTTCGGTTTAAAC,0,4804562
ygeY_predicted,0.14285714285714285,6,6,ATTTACGTTGGGCCAGATGG,0,4809492
ygeY_predicted,0.14285714285714285,6,6,ATGTTGTCGAACGTGCCACG,0,4799592
ygeY_predicted,0.14285714285714285,6,6,ATGGTCAGTTGACCACAAAA,0,4812178
ygeY_predicted,0.14285714285714285,6,6,ATGGGGGGGGTACTGCTTAC,0,4812100
ygeY_predicted,0.14285714285714285,6,6,ATGATGCACTGATAACTGGC,0,4802287
ygeY_predicted,0.14285714285714285,6,6,ATCTTGGGCTCACATGCCTT,0,4806696
ygeY_predicted,0.14285714285714285,6,6,ATCTCTCGGGAAGGTGTCAC,0,4796152
ygeY_predicted,0.14285714285714285,6,6,ATCTAAGGACGCATTACATT,0,4803520
ygeY_predicted,0.14285714285714285,6,6,ATCGGAATTTACTAACCGTG,0,4796203
ygeY_predicted,0.14285714285714285,6,6,ATCGCATTCCCCCTCTCGCG,0,4800413
ygeY_predicted,0.14285714285714285,6,6,ATCCTGATGGGCAACACCGG,0,4815841
ygeY_predicted,0.14285714285714285,6,6,ATATGGGAATCCGCGGTGAA,0,4795533
ygeY_predicted,0.14285714285714285,6,6,ATACGCGGTCGCATTAAGGG,0,4799589
ygeY_predicted,0.14285714285714285,6,6,ATAATATACCTCAAAAGCGA,0,4800599
ygeY_predicted,0.14285714285714285,6,6,ATAAGCATAGTTCATGAATT,0,4795494
ygeY_predicted,0.14285714285714285,6,6,AGTTGATAATTTGTTTATTT,0,4808432
ygeY_predicted,0.14285714285714285,6,6,AGTTAATCCGTAAGGCTCGA,0,4806984
ygeY_predicted,0.14285714285714285,6,6,AGTCAAATCCTGATGTTTAC,0,4805048
ygeY_predicted,0.14285714285714285,6,6,AGTATAACCTGGGGACCTGA,0,4794909
ygeY_predicted,0.14285714285714285,6,6,AGTAGTCATAAAGAGTACCA,0,4799881
ygeY_predicted,0.14285714285714285,6,6,AGTAAAGCCACACAACTTGT,0,4805836
ygeY_predicted,0.14285714285714285,6,6,AGGTTTTCCCGATAGTGTGG,0,4798745
ygeY_predicted,0.14285714285714285,6,6,AGGTTTAGTTTACTACGCTA,0,4802472
ygeY_predicted,0.14285714285714285,6,6,AGGTTATCGCCTGGCCGCTT,0,4808388
ygeY_predicted,0.14285714285714285,6,6,AGGTGGGGAGTAGAAATATG,0,4801820
ygeY_predicted,0.14285714285714285,6,6,AGGTCATGTTTTACGAAGTG,0,4795680
ygeY_predicted,0.14285714285714285,6,6,AGGGAACACTTGAGGTTCCT,0,4815130
ygeY_predicted,0.14285714285714285,6,6,AGGCATTAGCAGCGGTCCGA,0,4810790
ygeY_predicted,0.14285714285714285,6,6,AGGAGAAATCAAGCGCTTAA,0,4815295
ygeY_predicted,0.14285714285714285,6,6,AGGAAAAAACCGCGTAGCCA,0,4811157
ygeY_predicted,0.14285714285714285,6,6,AGCTGTTTGATTCCGAATTA,0,4800193
ygeY_predicted,0.14285714285714285,6,6,AGCTGAGGTCTGCGAAGAAC,0,4807455
ygeY_predicted,0.14285714285714285,6,6,AGATGTGGGGGCTGAGAGCA,0,4809091
ygeY_predicted,0.14285714285714285,6,6,AGATGTAACTCAGGTTACAC,0,4814515
ygeY_predicted,0.14285714285714285,6,6,AGAGTCTATGGAGGTCTCTC,0,4814718
ygeY_predicted,0.14285714285714285,6,6,AGAGGACGCGCACACAAGTT,0,4813670
ygeY_predicted,0.14285714285714285,6,6,AGACACGCTCTAATTCCCTG,0,4798355
ygeY_predicted,0.14285714285714285,6,6,AGACAAAGTTCGCAAGTTAT,0,4816192
ygeY_predicted,0.14285714285714285,6,6,AGAATGCCAAGGCGAGTTAG,0,4801235
ygeY_predicted,0.14285714285714285,6,6,ACTTGGCCCTTCTGGACTTA,0,4799002
ygeY_predicted,0.14285714285714285,6,6,ACTGGTGGGTCTTTTTATGT,0,4814644
ygeY_predicted,0.14285714285714285,6,6,ACTGCACCATAGAATTCGAA,0,4813806
ygeY_predicted,0.14285714285714285,6,6,ACTAGAATCGCTCGATTTTC,0,4798973
ygeY_predicted,0.14285714285714285,6,6,ACTAAGCATTCTCCCAAGAT,0,4795980
ygeY_predicted,0.14285714285714285,6,6,ACGTGAGTACGTCCTTGAGT,0,4796395
ygeY_predicted,0.14285714285714285,6,6,ACGGGCGGTATTTTTCGAAA,0,4803064
ygeY_predicted,0.14285714285714285,6,6,ACGCGTCGGTACCCGGTCGC,0,4806845
ygeY_predicted,0.14285714285714285,6,6,ACGCGTAATTGACATTACCG,0,4796812
ygeY_predicted,0.14285714285714285,6,6,ACCTGCACCCAAAGGTGAAG,0,4805492
ygeY_predicted,0.14285714285714285,6,6,ACCGCGCAACCGAGAGGCTT,0,4800339
ygeY_predicted,0.14285714285714285,6,6,ACCCTCAGCCTCTCGGCTTC,0,4799394
ygeY_predicted,0.14285714285714285,6,6,ACCCGGCCAGTGACCCAATG,0,4802952
ygeY_predicted,0.14285714285714285,6,6,ACCCCCTACGTCGCCATCAG,0,4807797
ygeY_predicted,0.14285714285714285,6,6,ACATGTGTGGCCGGGAGTCC,0,4810138
ygeY_predicted,0.14285714285714285,6,6,ACATCTTAATGGTGTTTAGT,0,4802316
ygeY_predicted,0.14285714285714285,6,6,ACACGCCCTTGAATCGCAGT,0,4812193
ygeY_predicted,0.14285714285714285,6,6,ACAAGCTGCGGTAAAAGCCA,0,4798794
ygeY_predicted,0.14285714285714285,6,6,AATTTCTAATGACACAACAT,0,4796337
ygeY_predicted,0.14285714285714285,6,6,AATTTAAAAAGGATGAACCC,0,4812260
ygeY_predicted,0.14285714285714285,6,6,AATTAAGGACTTACACCGAT,0,4805350
ygeY_predicted,0.14285714285714285,6,6,AAGTAACCAGCACAGTCCGA,0,4808054
ygeY_predicted,0.14285714285714285,6,6,AAGGTACGTCCTCCCGTAAA,0,4812381
ygeY_predicted,0.14285714285714285,6,6,AAGCGGGGCGAAACGCGGGA,0,4811141
ygeY_predicted,0.14285714285714285,6,6,AAGCCAGAGCGGAGCGACGC,0,4807146
ygeY_predicted,0.14285714285714285,6,6,AAGCATCGCATAGTATGGTT,0,4805840
ygeY_predicted,0.14285714285714285,6,6,AAGATAAAAAGTGGAATTGT,0,4814504
ygeY_predicted,0.14285714285714285,6,6,AAGACCGTGCGAATACGTCA,0,4799338
ygeY_predicted,0.14285714285714285,6,6,AAGAATTACGTGACAGCTAG,0,4813390
ygeY_predicted,0.14285714285714285,6,6,AACGATGGAACGCCTTAGGT,0,4811700
ygeY_predicted,0.14285714285714285,6,6,AACCTGTGCTAGGACGACCA,0,4815600
ygeY_predicted,0.14285714285714285,6,6,AAATGGTTCTGAGAGAAGAG,0,4810426
ygeY_predicted,0.14285714285714285,6,6,AAATGATCTGCGAGCTGTCG,0,4816218
ygeY_predicted,0.14285714285714285,6,6,AAAGTGGAAAGGGGATCTGA,0,4809943
ygeY_predicted,0.14285714285714285,6,6,AAAGTCGATTCCATACTTTC,0,4804957
ygeY_predicted,0.14285714285714285,6,6,AAAGTATACCGCAGGCGGTT,0,4807153
ygeY_predicted,0.14285714285714285,6,6,AAACCCTGTTGGCGGCCCTT,0,4810112
ygeY_predicted,0.14285714285714285,6,6,AAAATTGCTCGCCGTGGCCC,0,4805567
ygeY_predicted,0.14285714285714285,6,6,AAAATAGTCGATGTAGAGAT,0,4815607
ygeY_predicted,0.14285714285714285,6,6,AAAAAAATCAATATTGAACA,0,4805548
ygeY_predicted,0.16666666666666666,5,5,TTTTAATAGGCTCTCCTGTA,0,4808611
ygeY_predicted,0.16666666666666666,5,5,TTTGGGGCCGCATCGCGTTG,0,4795147
ygeY_predicted,0.16666666666666666,5,5,TTTGGCTACCCTGCGTATCG,0,4811609
ygeY_predicted,0.16666666666666666,5,5,TTTCTGCAAAGGTTCCCGTG,0,4810401
ygeY_predicted,0.16666666666666666,5,5,TTTCGAGGTCTGGGAGCGAC,0,4798199
ygeY_predicted,0.16666666666666666,5,5,TTTCAGTTAGACCATTTTAT,0,4815818
ygeY_predicted,0.16666666666666666,5,5,TTTAGTCCAAGGGGATGCGA,0,4795808
ygeY_predicted,0.16666666666666666,5,5,TTTAAGTACCAATTGGCTGC,0,4802719
ygeY_predicted,0.16666666666666666,5,5,TTGTTTTTATTAATGCGGCC,0,4805102
ygeY_predicted,0.16666666666666666,5,5,TTGTTTAACCCTCCTAACGT,0,4813158
ygeY_predicted,0.16666666666666666,5,5,TTGGTCGTGGCAGCTTGTGA,0,4810245
ygeY_predicted,0.16666666666666666,5,5,TTGGTCCGGGGACTGAGCAG,0,4802889
ygeY_predicted,0.16666666666666666,5,5,TTGCGACGAATCGGGCCGAC,0,4816135
ygeY_predicted,0.16666666666666666,5,5,TTGCCACTTTTCAAACAACG,0,4795467
ygeY_predicted,0.16666666666666666,5,5,TTGATTAGTCCCCAGTGAAC,0,4797253
ygeY_predicted,0.16666666666666666,5,5,TTCTACGTTCTTGGACTCGT,0,4807988
ygeY_predicted,0.16666666666666666,5,5,TTCCACAGGAATTTACGCAG,0,4802420
ygeY_predicted,0.16666666666666666,5,5,TTCAGGTCAACCACCTTAGG,0,4815445
ygeY_predicted,0.16666666666666666,5,5,TTCAGAAAAAGCAGCCTAAC,0,4798113
ygeY_predicted,0.16666666666666666,5,5,TTATTTTAGCCTGAGGTGGC,0,4810459
ygeY_predicted,0.16666666666666666,5,5,TTAGGTTGCTTACCTGGGAA,0,4808001
ygeY_predicted,0.16666666666666666,5,5,TTACTGGTTTTGTGAATAAA,0,4805418
ygeY_predicted,0.16666666666666666,5,5,TTACTATTAACCCCTATGTT,0,4798604
ygeY_predicted,0.16666666666666666,5,5,TTAAGTGTGGTTAGGGGTCG,0,4811905
ygeY_predicted,0.16666666666666666,5,5,TGTGGGGGACTGCGCAGAAA,0,4806208
ygeY_predicted,0.16666666666666666,5,5,TGTGGAGTTAGGGTCGGTGT,0,4805516
ygeY_predicted,0.16666666666666666,5,5,TGTGAGGACAGTCAACCAAA,0,4795244
ygeY_predicted,0.16666666666666666,5,5,TGTCGTTTGGTCACTTGCGG,0,4816525
ygeY_predicted,0.16666666666666666,5,5,TGTACAGAGGCGACCTGATC,0,4814613
ygeY_predicted,0.16666666666666666,5,5,TGGTTGTTTTGTGGGACAAA,0,4795934
ygeY_predicted,0.16666666666666666,5,5,TGGTGTGGTCCCGGAAGGAC,0,4799692
ygeY_predicted,0.16666666666666666,5,5,TGGTCGTGGCCGTTCATAAA,0,4798697
ygeY_predicted,0.16666666666666666,5,5,TGGGTTGCAAGAAGCACACA,0,4805920
ygeY_predicted,0.16666666666666666,5,5,TGGGAGGGAGCTCTGAGTCT,0,4806034
ygeY_predicted,0.16666666666666666,5,5,TGGGACAATTCGCCTCTTGA,0,4805416
ygeY_predicted,0.16666666666666666,5,5,TGGCGGACCAGTTTCGCGAG,0,4806172
ygeY_predicted,0.16666666666666666,5,5,TGGATTGCCGACCACTGACG,0,4806431
ygeY_predicted,0.16666666666666666,5,5,TGCTTGTGACGAACAGGAAC,0,4802477
ygeY_predicted,0.16666666666666666,5,5,TGCGTTTTGCGCCGCTGTTG,0,4804218
ygeY_predicted,0.16666666666666666,5,5,TGCGGTCTCTAAGGGAATAA,0,4802318
ygeY_predicted,0.16666666666666666,5,5,TGCGGCCGCAGCTACTATAA,0,4813870
ygeY_predicted,0.16666666666666666,5,5,TGCAACTCGAAATTGTAGTC,0,4799878
ygeY_predicted,0.16666666666666666,5,5,TGATCCATCTTGACATTAAG,0,4808133
ygeY_predicted,0.16666666666666666,5,5,TGACATTGCCAAAACGGGGG,0,4803027
ygeY_predicted,0.16666666666666666,5,5,TGACACAGCAACTACAAATA,0,4808304
ygeY_predicted,0.16666666666666666,5,5,TGAAGGGTTCACCTTAGCTC,0,4801272
ygeY_predicted,0.16666666666666666,5,5,TGAACCCCCCTTACATGTGA,0,4801372
ygeY_predicted,0.16666666666666666,5,5,TCTTGGCTAGATAAGGTCCG,0,4809053
ygeY_predicted,0.16666666666666666,5,5,TCTCTGCATACAGTTATCTA,0,4802301
ygeY_predicted,0.16666666666666666,5,5,TCGTTCTAATTGCTCCCAGG,0,4800456
ygeY_predicted,0.16666666666666666,5,5,TCGTGTGGGCTGAGGTGGGT,0,4812376
ygeY_predicted,0.16666666666666666,5,5,TCGGAACGATTGTTAGGCAA,0,4800472
ygeY_predicted,0.16666666666666666,5,5,TCCGTATTTTGTCATCTGGC,0,4812396
ygeY_predicted,0.16666666666666666,5,5,TCCAGGACCGTATACAGCCT,0,4798084
ygeY_predicted,0.16666666666666666,5,5,TCCACGTGCCGGGGCGATAT,0,4810102
ygeY_predicted,0.16666666666666666,5,5,TCCACGAGATACATCAGCGA,0,4803397
ygeY_predicted,0.16666666666666666,5,5,TCATTATCACTCGTGGGACT,0,4806223
ygeY_predicted,0.16666666666666666,5,5,TCATATACGTTGTAAACTCA,0,4814101
ygeY_predicted,0.16666666666666666,5,5,TCAGGCCCCCTACACCAGTG,0,4807505
ygeY_predicted,0.16666666666666666,5,5,TCAACCCTCACTCACGCTAG,0,4799542
ygeY_predicted,0.16666666666666666,5,5,TATGATCGTGTAATAAGAGG,0,4812802
ygeY_predicted,0.16666666666666666,5,5,TATACAAAACTCTGTATATA,0,4805071
ygeY_predicted,0.16666666666666666,5,5,TAGCTACGGTAGTTTTCGTA,0,4796625
ygeY_predicted,0.16666666666666666,5,5,TAGCCCCCGCTGGAACTCGT,0,4805128
ygeY_predicted,0.16666666666666666,5,5,TAGAATCACTGAATCTTCAA,0,4816975
ygeY_predicted,0.16666666666666666,5,5,TACTTTTTAAGTATCTCACC,0,4798491
ygeY_predicted,0.16666666666666666,5,5,TACTGCGTATTTCGATAGCG,0,4802169
ygeY_predicted,0.16666666666666666,5,5,TACTATACCCGGTGCGTGAT,0,4799710
ygeY_predicted,0.16666666666666666,5,5,TACCCACTCAACGTTGCAAA,0,4813001
ygeY_predicted,0.16666666666666666,5,5,TACATACCGGGGAATCGTGC,0,4809128
ygeY_predicted,0.16666666666666666,5,5,TAATAGCATGACTGGTGATC,0,4796371
ygeY_predicted,0.16666666666666666,5,5,TAAGCTCCTATCGCCCACGG,0,4805607
ygeY_predicted,0.16666666666666666,5,5,TAACAGTGAAACGGGGCTCT,0,4794947
ygeY_predicted,0.16666666666666666,5,5,TAAAGGTGGTGGTTAGTTCA,0,4800925
ygeY_predicted,0.16666666666666666,5,5,GTTTTTACATAGACTCTCAA,0,4800300
ygeY_predicted,0.16666666666666666,5,5,GTTTCTCACTTTATCCAAAG,0,4812348
ygeY_predicted,0.16666666666666666,5,5,GTTTCGACGGGATTTCCTGT,0,4809736
ygeY_predicted,0.16666666666666666,5,5,GTTTATTACGTGTGCGGTCG,0,4806406
ygeY_predicted,0.16666666666666666,5,5,GTTGCGTATTAGCACTACCA,0,4807308
ygeY_predicted,0.16666666666666666,5,5,GTTCCTGATGGTCACTGCCG,0,4816676
ygeY_predicted,0.16666666666666666,5,5,GTTATAGCCCGCGCCCTAGG,0,4795395
ygeY_predicted,0.16666666666666666,5,5,GTTACTTGCCTCATACTGAT,0,4799295
ygeY_predicted,0.16666666666666666,5,5,GTGTTGACCGGTCAAAACTT,0,4798424
ygeY_predicted,0.16666666666666666,5,5,GTGTTACTTAAAACGCATGT,0,4796220
ygeY_predicted,0.16666666666666666,5,5,GTGGCTGAACAACCAGCGGC,0,4808397
ygeY_predicted,0.16666666666666666,5,5,GTGCTCTGAACCAACGTTTG,0,4810627
ygeY_predicted,0.16666666666666666,5,5,GTGAGGTATAAGTGTTAGTG,0,4794908
ygeY_predicted,0.16666666666666666,5,5,GTCTGGCTGCATATTAGTTT,0,4805605
ygeY_predicted,0.16666666666666666,5,5,GTCTGCAGCAGGGCCTGGGT,0,4803398
ygeY_predicted,0.16666666666666666,5,5,GTCTAGGGAGTGACACCGCT,0,4804078
ygeY_predicted,0.16666666666666666,5,5,GTCGAGTTGCGCGCTCCAAT,0,4808987
ygeY_predicted,0.16666666666666666,5,5,GTCCACGCCCGTCCGGCGCA,0,4799862
ygeY_predicted,0.16666666666666666,5,5,GTCACGTGCCACCATCCTAG,0,4801753
ygeY_predicted,0.16666666666666666,5,5,GTCACGTACAAATCTCTTAT,0,4810360
ygeY_predicted,0.16666666666666666,5,5,GTATGGGAGGGCATATTCAT,0,4809325
ygeY_predicted,0.16666666666666666,5,5,GTAGTCACTCGCTTATACCA,0,4810527
ygeY_predicted,0.16666666666666666,5,5,GTAGGGACAAAAGCGTATTT,0,4808973
ygeY_predicted,0.16666666666666666,5,5,GTAGCGTGGCGCCGCCTCCT,0,4812451
ygeY_predicted,0.16666666666666666,5,5,GTACTTCATCCATTAAAGGA,0,4809578
ygeY_predicted,0.16666666666666666,5,5,GTAATTGGGGGTACCTGGCC,0,4799930
ygeY_predicted,0.16666666666666666,5,5,GTAATCTGATCCCCTTTCCG,0,4797528
ygeY_predicted,0.16666666666666666,5,5,GGTTTAGATTTAGGTCAGAA,0,4797887
ygeY_predicted,0.16666666666666666,5,5,GGTGTGTTTTACGGGCCCCT,0,4796132
ygeY_predicted,0.16666666666666666,5,5,GGTGGGTACGTCAATTCGGT,0,4811388
ygeY_predicted,0.16666666666666666,5,5,GGTCGGGAGGGATGTGGGGC,0,4809487
ygeY_predicted,0.16666666666666666,5,5,GGTCCACCCCACGTGATCGG,0,4805217
ygeY_predicted,0.16666666666666666,5,5,GGTCATGTCTACTGGGAACT,0,4805540
ygeY_predicted,0.16666666666666666,5,5,GGTATGGGACAACAGTTAAC,0,4814442
ygeY_predicted,0.16666666666666666,5,5,GGTATCCGGGATGCGCAGGG,0,4815422
ygeY_predicted,0.16666666666666666,5,5,GGTAGAATGGCCAAAACGAA,0,4799253
ygeY_predicted,0.16666666666666666,5,5,GGTACCGACCGCGAGGCCGC,0,4800509
ygeY_predicted,0.16666666666666666,5,5,GGGCCGACCATTAGTCTTTA,0,4794887
ygeY_predicted,0.16666666666666666,5,5,GGGCATTCAACTCCCTGCAG,0,4795686
ygeY_predicted,0.16666666666666666,5,5,GGGATTGTATTCTGGAGACA,0,4797974
ygeY_predicted,0.16666666666666666,5,5,GGGATAGATAGGGCGGGTGG,0,4808814
ygeY_predicted,0.16666666666666666,5,5,GGGAATAATTGGAATATGGA,0,4807456
ygeY_predicted,0.16666666666666666,5,5,GGCTTGTCCTGGAAGCGACT,0,4802710
ygeY_predicted,0.16666666666666666,5,5,GGCTTGTCAGAAATCCACGG,0,4794973
ygeY_predicted,0.16666666666666666,5,5,GGCTGGAGACCCCCTCTTAG,0,4804722
ygeY_predicted,0.16666666666666666,5,5,GGCCTTGGGGTACAGTTACA,0,4795914
ygeY_predicted,0.16666666666666666,5,5,GGCCGAGTTCCGCGGGTAGT,0,4806744
ygeY_predicted,0.16666666666666666,5,5,GGCCCTCTTTCCGGCAACTA,0,4796804
ygeY_predicted,0.16666666666666666,5,5,GGCCCGGAATATGCGTTTTC,0,4811488
ygeY_predicted,0.16666666666666666,5,5,GGCATTATCTCCAGGTTCAC,0,4809732
ygeY_predicted,0.16666666666666666,5,5,GGCATCGACTGGATGGCATG,0,4809105
ygeY_predicted,0.16666666666666666,5,5,GGCACATATCAAGAGTAACG,0,4798190
ygeY_predicted,0.16666666666666666,5,5,GGAGGGTGTGCACACTAGGT,0,4795691
ygeY_predicted,0.16666666666666666,5,5,GGAGGCAATAGGGATAGGTT,0,4798744
ygeY_predicted,0.16666666666666666,5,5,GGAGAGTATGGCGGGCGTTC,0,4811415
ygeY_predicted,0.16666666666666666,5,5,GGAAGGCTGATTCGCAATCA,0,4797409
ygeY_predicted,0.16666666666666666,5,5,GCTGGATTACCTGGAAAAAG,0,4802557
ygeY_predicted,0.16666666666666666,5,5,GCGTTGGCCCGGCACGAAGA,0,4803175
ygeY_predicted,0.16666666666666666,5,5,GCGTGTCACCCCCTGTGGTT,0,4804450
ygeY_predicted,0.16666666666666666,5,5,GCGCCGTCTGCCTATGAGCA,0,4809273
ygeY_predicted,0.16666666666666666,5,5,GCGACAGTTACCGTCCCGCG,0,4811930
ygeY_predicted,0.16666666666666666,5,5,GCCTGGCCCTTTCATCTTCA,0,4810065
ygeY_predicted,0.16666666666666666,5,5,GCCTCTGTACCTTAAGGCAG,0,4814037
ygeY_predicted,0.16666666666666666,5,5,GCCGTATCTTGTGGCCGGAG,0,4797685
ygeY_predicted,0.16666666666666666,5,5,GCCGGACCGGGCACAACCCT,0,4812105
ygeY_predicted,0.16666666666666666,5,5,GCCGCTCGCTGACCACGTAA,0,4812583
ygeY_predicted,0.16666666666666666,5,5,GCCATCTGCTATATGCTGCT,0,4796118
ygeY_predicted,0.16666666666666666,5,5,GCCAATTCGTCCGAGGGAAG,0,4798742
ygeY_predicted,0.16666666666666666,5,5,GCATGGGCCGATACCATCCT,0,4804323
ygeY_predicted,0.16666666666666666,5,5,GCATGCTGAAAGACTGGGGT,0,4803825
ygeY_predicted,0.16666666666666666,5,5,GCATATATGTGGACATTACA,0,4810982
ygeY_predicted,0.16666666666666666,5,5,GCATAACTTAAAGTTCGGAT,0,4801926
ygeY_predicted,0.16666666666666666,5,5,GCAAGATCTACCCTCCAGCG,0,4812696
ygeY_predicted,0.16666666666666666,5,5,GATTGTTTGTAGCATTAGCA,0,4798592
ygeY_predicted,0.16666666666666666,5,5,GATTGTTTACACGCGGAACT,0,4807447
ygeY_predicted,0.16666666666666666,5,5,GATTGTACTTGCTGGGCCGG,0,4803383
ygeY_predicted,0.16666666666666666,5,5,GATGGGGTATAACTTGCATA,0,4806081
ygeY_predicted,0.16666666666666666,5,5,GATCTTCGGCGGTGCGTCTC,0,4804063
ygeY_predicted,0.16666666666666666,5,5,GATCCTTCCCATACGTGCTT,0,4807503
ygeY_predicted,0.16666666666666666,5,5,GATCCTCACACAAGAAAGGT,0,4813047
ygeY_predicted,0.16666666666666666,5,5,GATAAGCTCCATTTTTCTCG,0,4806823
ygeY_predicted,0.16666666666666666,5,5,GAGTTGGACAGTACCTAAAC,0,4804289
ygeY_predicted,0.16666666666666666,5,5,GAGTCAAGAGACCCCGGCTT,0,4801100
ygeY_predicted,0.16666666666666666,5,5,GAGGTCGGGGCTGTTCAAAC,0,4797573
ygeY_predicted,0.16666666666666666,5,5,GAGCGTTAGTAGCGGAAGCC,0,4805653
ygeY_predicted,0.16666666666666666,5,5,GAGCCGGACTACGTTCTCAT,0,4801801
ygeY_predicted,0.16666666666666666,5,5,GAGCCCACCACCGGTTATGC,0,4798778
ygeY_predicted,0.16666666666666666,5,5,GAGCAGTCCAGACCCCCGAT,0,4801586
ygeY_predicted,0.16666666666666666,5,5,GACTCGATCGTCGGTCTAGC,0,4804766
ygeY_predicted,0.16666666666666666,5,5,GACGGAGCTCGTTGGAAAGG,0,4806873
ygeY_predicted,0.16666666666666666,5,5,GACACGGGAATCACGTGACA,0,4795203
ygeY_predicted,0.16666666666666666,5,5,GAATGGATACATCTGGTGAC,0,4803631
ygeY_predicted,0.16666666666666666,5,5,GAATAATGCTTGCCGACAAA,0,4816940
ygeY_predicted,0.16666666666666666,5,5,GAACTCAAGTGAGAATGTGT,0,4812190
ygeY_predicted,0.16666666666666666,5,5,GAACTATAGACATGGTATGG,0,4813621
ygeY_predicted,0.16666666666666666,5,5,GAAACCTTAAGGCGCCTTCG,0,4812044
ygeY_predicted,0.16666666666666666,5,5,GAAAATTGTGGACGAGTTAT,0,4814213
ygeY_predicted,0.16666666666666666,5,5,CTTGGGCGGCCAAAGGCACG,0,4809690
ygeY_predicted,0.16666666666666666,5,5,CTTAGTATGGTCATAAGTCC,0,4811153
ygeY_predicted,0.16666666666666666,5,5,CTGTTATTTCGTTGGAACGG,0,4801047
ygeY_predicted,0.16666666666666666,5,5,CTGTGGCGGGCACTCTGGCA,0,4798998
ygeY_predicted,0.16666666666666666,5,5,CTGTCAGCACCTAACGGACT,0,4798503
ygeY_predicted,0.16666666666666666,5,5,CTGCCTCGCTGGTCAATCCA,0,4812970
ygeY_predicted,0.16666666666666666,5,5,CTGCAATCGAAGGTTTTGCT,0,4807003
ygeY_predicted,0.16666666666666666,5,5,CTGATTAGAAGAGGCAATAT,0,4796562
ygeY_predicted,0.16666666666666666,5,5,CTCTGACCCGCTGGACGGAC,0,4806716
ygeY_predicted,0.16666666666666666,5,5,CTCTCCTCGGACCGTAAACT,0,4806980
ygeY_predicted,0.16666666666666666,5,5,CTCGATAGGCGCCAATGTTC,0,4802840
ygeY_predicted,0.16666666666666666,5,5,CTCCTCTTCATGCTACGTCG,0,4799167
ygeY_predicted,0.16666666666666666,5,5,CTCCCTAGTCTCTTTACCTT,0,4804946
ygeY_predicted,0.16666666666666666,5,5,CTCCCGAAATTTCGAGTACT,0,4813537
ygeY_predicted,0.16666666666666666,5,5,CTCACTGGCCCTCATTCTGT,0,4802946
ygeY_predicted,0.16666666666666666,5,5,CTACGATGTGTCACTTGGGA,0,4809302
ygeY_predicted,0.16666666666666666,5,5,CTAAATAGGCACCTCATCGC,0,4801640
ygeY_predicted,0.16666666666666666,5,5,CGTTGGTATTCCCACGCGCC,0,4805363
ygeY_predicted,0.16666666666666666,5,5,CGTGTTAACTTCGTGCGACA,0,4811742
ygeY_predicted,0.16666666666666666,5,5,CGTGCGAAATAGAAGACGAC,0,4812086
ygeY_predicted,0.16666666666666666,5,5,CGTCTCGCCGTTATGAGCCC,0,4808695
ygeY_predicted,0.16666666666666666,5,5,CGTCGCCCCAGCGTGAGTAG,0,4799906
ygeY_predicted,0.16666666666666666,5,5,CGTCAAGGCCGACCTGCATG,0,4808803
ygeY_predicted,0.16666666666666666,5,5,CGGTTACTGACTACTGTGTT,0,4816533
ygeY_predicted,0.16666666666666666,5,5,CGGGGATGCTCATTATATTT,0,4807624
ygeY_predicted,0.16666666666666666,5,5,CGGCGTTGGGGCGGTTGGTT,0,4799747
ygeY_predicted,0.16666666666666666,5,5,CGGCGGTGGAGAGCAGATCA,0,4795424
ygeY_predicted,0.16666666666666666,5,5,CGGCGCGCAAATTAGGTACA,0,4797987
ygeY_predicted,0.16666666666666666,5,5,CGGCACCGCTGGCTCCCAAG,0,4804973
ygeY_predicted,0.16666666666666666,5,5,CGGATGACTGGCGCTTTGGT,0,4803602
ygeY_predicted,0.16666666666666666,5,5,CGCTGGCATTGTGACTCCTT,0,4803566
ygeY_predicted,0.16666666666666666,5,5,CGCTGATGTAGTTATGCCAA,0,4807133
ygeY_predicted,0.16666666666666666,5,5,CGAGGTGTCGGACATAATCT,0,4798074
ygeY_predicted,0.16666666666666666,5,5,CGAGGTGGGGGGGTAAGGTA,0,4808306
ygeY_predicted,0.16666666666666666,5,5,CGAGATCTGACCAAACCGTT,0,4812593
ygeY_predicted,0.16666666666666666,5,5,CCGGGTTTCGTAAAAATAGT,0,4806994
ygeY_predicted,0.16666666666666666,5,5,CCGCTTCTCACTTAATACGG,0,4809500
ygeY_predicted,0.16666666666666666,5,5,CCGCAGTGAACTTGCGGTGA,0,4803103
ygeY_predicted,0.16666666666666666,5,5,CCGACCCGACCCCTTGATCA,0,4811739
ygeY_predicted,0.16666666666666666,5,5,CCCTGGTTTGAAGGCAAGAG,0,4810644
ygeY_predicted,0.16666666666666666,5,5,CCCGTTACACTCCAGGAAGG,0,4804873
ygeY_predicted,0.16666666666666666,5,5,CCCCGATGGTGCCTTTCCAT,0,4802222
ygeY_predicted,0.16666666666666666,5,5,CCCCCCCTCATAGAAAATGG,0,4810227
ygeY_predicted,0.16666666666666666,5,5,CCCCAGACTGGAGCTATGCT,0,4801667
ygeY_predicted,0.16666666666666666,5,5,CCCATCACTCTGGCAACGGC,0,4808144
ygeY_predicted,0.16666666666666666,5,5,CCCACGGTCCTCGTATAATT,0,4811287
ygeY_predicted,0.16666666666666666,5,5,CCACGTAGGAGTATCTAAAT,0,4807661
ygeY_predicted,0.16666666666666666,5,5,CCACGGCGCATGCACGTCAA,0,4804375
ygeY_predicted,0.16666666666666666,5,5,CCACCTGGTACCCAGTAAAT,0,4808160
ygeY_predicted,0.16666666666666666,5,5,CCAACATACCAGGTGTTAAA,0,4800092
ygeY_predicted,0.16666666666666666,5,5,CATGGATCCTAGGGAGTAAC,0,4816491
ygeY_predicted,0.16666666666666666,5,5,CATGCTCCATGTAGCGGCAC,0,4802893
ygeY_predicted,0.16666666666666666,5,5,CATGCTCACAATACTGATGC,0,4802247
ygeY_predicted,0.16666666666666666,5,5,CATCTTTCTTCGAGAAACTA,0,4816475
ygeY_predicted,0.16666666666666666,5,5,CATCAGCATCAAAATGCTAT,0,4801706
ygeY_predicted,0.16666666666666666,5,5,CATCAGATAATGTCATATCG,0,4798566
ygeY_predicted,0.16666666666666666,5,5,CATAGGGCAGGTCCCTCGCC,0,4809498
ygeY_predicted,0.16666666666666666,5,5,CAGTTGTCAATAATTCCGAG,0,4797219
ygeY_predicted,0.16666666666666666,5,5,CAGTGTCAGATGCGGTGCCC,0,4801699
ygeY_predicted,0.16666666666666666,5,5,CAGTATTGGACTCCTGAACC,0,4811460
ygeY_predicted,0.16666666666666666,5,5,CAGTACTGAACGAGACGCGA,0,4805603
ygeY_predicted,0.16666666666666666,5,5,CAGGGAGGGGACAAGAGAGG,0,4805442
ygeY_predicted,0.16666666666666666,5,5,CAGCTACCGTGTCTAGGAGA,0,4801195
ygeY_predicted,0.16666666666666666,5,5,CAGCGTTCACCGTATTCTAT,0,4803098
ygeY_predicted,0.16666666666666666,5,5,CAGATCTTCGTCCTGCGCTC,0,4806836
ygeY_predicted,0.16666666666666666,5,5,CACTCTATGTGAACATTTAT,0,4799650
ygeY_predicted,0.16666666666666666,5,5,CACCGCATAAACGCATCAAT,0,4810545
ygeY_predicted,0.16666666666666666,5,5,CAATTTCGAACTCCACGTAG,0,4805576
ygeY_predicted,0.16666666666666666,5,5,CAATAGGATTATATGATCGG,0,4797274
ygeY_predicted,0.16666666666666666,5,5,CAAGGCCCTCGCGCGAAGCG,0,4801553
ygeY_predicted,0.16666666666666666,5,5,CAACGGCGCTTCACCCAGGG,0,4804204
ygeY_predicted,0.16666666666666666,5,5,CAAATCTTTTCTGCATAGAA,0,4817054
ygeY_predicted,0.16666666666666666,5,5,CAAATCGAGGTATTAAATTG,0,4815899
ygeY_predicted,0.16666666666666666,5,5,CAAATCCCTCCAAGACACCG,0,4802538
ygeY_predicted,0.16666666666666666,5,5,CAAACTGACCGTACCTCCAA,0,4797562
ygeY_predicted,0.16666666666666666,5,5,ATTGTCACACACATTTACAA,0,4805994
ygeY_predicted,0.16666666666666666,5,5,ATTGAGTATGAGATACTCTT,0,4805857
ygeY_predicted,0.16666666666666666,5,5,ATTCCCGGTGAGAGACATTA,0,4799464
ygeY_predicted,0.16666666666666666,5,5,ATTAGCGATCCACTGGTTTG,0,4803476
ygeY_predicted,0.16666666666666666,5,5,ATGGCACAGCTTTTTTAATA,0,4799346
ygeY_predicted,0.16666666666666666,5,5,ATGGATCCCTGGCAACTACC,0,4805212
ygeY_predicted,0.16666666666666666,5,5,ATGAGCGCAAAATCGATGTA,0,4815325
ygeY_predicted,0.16666666666666666,5,5,ATCTATTGCCAGAACACTGG,0,4795243
ygeY_predicted,0.16666666666666666,5,5,ATCGGGTTACACTATCATCA,0,4810257
ygeY_predicted,0.16666666666666666,5,5,ATCGGCGTTGCCCGAACGCA,0,4798933
ygeY_predicted,0.16666666666666666,5,5,ATCGCCGCGTAGAGGTAGAT,0,4798965
ygeY_predicted,0.16666666666666666,5,5,ATCAGGATTCTTTGGGCAGG,0,4800916
ygeY_predicted,0.16666666666666666,5,5,ATCAGCTTCAGCATACGGGA,0,4798036
ygeY_predicted,0.16666666666666666,5,5,ATCAAGCTAGGATCACGCAG,0,4806467
ygeY_predicted,0.16666666666666666,5,5,ATATTACCACTGCCGCATCA,0,4796045
ygeY_predicted,0.16666666666666666,5,5,ATAGTCCCGCTAGGAACTAT,0,4802935
ygeY_predicted,0.16666666666666666,5,5,ATAGGGCATAACTGGTTTTC,0,4817005
ygeY_predicted,0.16666666666666666,5,5,ATAAATTAGGTGGCGTAGAC,0,4812900
ygeY_predicted,0.16666666666666666,5,5,ATAAATCAGATCTCCCGGAT,0,4798900
ygeY_predicted,0.16666666666666666,5,5,AGTGTGCCGGGTTATAAGTC,0,4802279
ygeY_predicted,0.16666666666666666,5,5,AGTGTGCCAGGCCCTATGTG,0,4807581
ygeY_predicted,0.16666666666666666,5,5,AGTGGCCATGACCTCGCATA,0,4809334
ygeY_predicted,0.16666666666666666,5,5,AGTGGATTGTCAATTGAAAC,0,4812867
ygeY_predicted,0.16666666666666666,5,5,AGTGACGGTTCATTGTCTAG,0,4811080
ygeY_predicted,0.16666666666666666,5,5,AGTCTGGTACACTGTCCAGT,0,4806816
ygeY_predicted,0.16666666666666666,5,5,AGTCGTATCTGTGTCCACAC,0,4813359
ygeY_predicted,0.16666666666666666,5,5,AGTCGTACTCCTCGAATGAA,0,4798545
ygeY_predicted,0.16666666666666666,5,5,AGGTGTCCTCTAGTCACGCA,0,4815349
ygeY_predicted,0.16666666666666666,5,5,AGGGTTTACCCCCCGCGAAG,0,4814815
ygeY_predicted,0.16666666666666666,5,5,AGGGAACAGTAAATGCGAGT,0,4811872
ygeY_predicted,0.16666666666666666,5,5,AGGCCCCTAGGTAAACTCGC,0,4806250
ygeY_predicted,0.16666666666666666,5,5,AGGAATGGAATAAAATTGAC,0,4809940
ygeY_predicted,0.16666666666666666,5,5,AGCTCTTAGCCTATTACGGT,0,4815399
ygeY_predicted,0.16666666666666666,5,5,AGCTATAGAAATTGTAGTCC,0,4797220
ygeY_predicted,0.16666666666666666,5,5,AGCGTTCTATGGATCATTAA,0,4804047
ygeY_predicted,0.16666666666666666,5,5,AGCGGAACCCCTCCACCTTG,0,4812099
ygeY_predicted,0.16666666666666666,5,5,AGCGCTGATGCCTCGTTGCC,0,4812337
ygeY_predicted,0.16666666666666666,5,5,AGCGAGTCGGCATCGTGGAA,0,4812940
ygeY_predicted,0.16666666666666666,5,5,AGCCTAAGGGTGCTCGGATA,0,4807025
ygeY_predicted,0.16666666666666666,5,5,AGCCCATCGGCCCTTTAATC,0,4797250
ygeY_predicted,0.16666666666666666,5,5,AGCACTCGGCATCATCCGTA,0,4815019
ygeY_predicted,0.16666666666666666,5,5,AGATCTGCTCCTAATATTAA,0,4799297
ygeY_predicted,0.16666666666666666,5,5,AGAGTTCGACGCAAGGTCCC,0,4797138
ygeY_predicted,0.16666666666666666,5,5,AGAGCTATTGGGAACTGGTC,0,4801374
ygeY_predicted,0.16666666666666666,5,5,AGACTTTTGAAATGAATTAA,0,4796092
ygeY_predicted,0.16666666666666666,5,5,AGACGTTATGACAGCACAAT,0,4804862
ygeY_predicted,0.16666666666666666,5,5,AGACATCTGGCTTATCGGTA,0,4802440
ygeY_predicted,0.16666666666666666,5,5,AGACAGACTCGGTTCGCGGG,0,4807207
ygeY_predicted,0.16666666666666666,5,5,AGAAATGCTTCCATACCTTC,0,4806002
ygeY_predicted,0.16666666666666666,5,5,ACTTTAACCCGCAGCTCTTG,0,4806496
ygeY_predicted,0.16666666666666666,5,5,ACTTGAAGCCACAACATGAG,0,4799753
ygeY_predicted,0.16666666666666666,5,5,ACTGTTGCCCAGTTTCAGTT,0,4811289
ygeY_predicted,0.16666666666666666,5,5,ACTCCAAGGGCAGTTTTGCT,0,4807386
ygeY_predicted,0.16666666666666666,5,5,ACTCAAAGTCAATCATTGTT,0,4795738
ygeY_predicted,0.16666666666666666,5,5,ACTACTCCCCATTGCTATGA,0,4798819
ygeY_predicted,0.16666666666666666,5,5,ACTACCGTCCGGGCTGCTTG,0,4805134
ygeY_predicted,0.16666666666666666,5,5,ACGTACCCTTAGAATACCGA,0,4809795
ygeY_predicted,0.16666666666666666,5,5,ACGGTACTTCTTATTGTCTC,0,4799385
ygeY_predicted,0.16666666666666666,5,5,ACGGGATAGGTAGGAAACAC,0,4798433
ygeY_predicted,0.16666666666666666,5,5,ACGGACTCAAGTAGACTCTA,0,4795926
ygeY_predicted,0.16666666666666666,5,5,ACGGACCATGGAGGTACCGA,0,4805515
ygeY_predicted,0.16666666666666666,5,5,ACGCATTTCACAGGGACTCT,0,4805513
ygeY_predicted,0.16666666666666666,5,5,ACGATACGGATATCTAAACG,0,4813048
ygeY_predicted,0.16666666666666666,5,5,ACCGGCGCACAACGCCTGAA,0,4806819
ygeY_predicted,0.16666666666666666,5,5,ACCGCGGTGTATAAAAATGC,0,4796975
ygeY_predicted,0.16666666666666666,5,5,ACCGCGCCGAACCCAAGAAT,0,4815708
ygeY_predicted,0.16666666666666666,5,5,ACCCCGAGAGTCAAAACGGG,0,4800468
ygeY_predicted,0.16666666666666666,5,5,ACCCAGGGAATCCGCGCTCC,0,4806264
ygeY_predicted,0.16666666666666666,5,5,ACCCAACAAGAAAGTCCCTA,0,4802961
ygeY_predicted,0.16666666666666666,5,5,ACCCAAAGCACGTGATTCTT,0,4802791
ygeY_predicted,0.16666666666666666,5,5,ACATTCCTCGCAATGAGGTA,0,4808531
ygeY_predicted,0.16666666666666666,5,5,ACAGGCCAGCTTGGATGACT,0,4807262
ygeY_predicted,0.16666666666666666,5,5,ACAGCGTCTGAATAGGGGAC,0,4796577
ygeY_predicted,0.16666666666666666,5,5,ACAACTGATTATCCATGCTA,0,4795115
ygeY_predicted,0.16666666666666666,5,5,AATTTCGGTTGAGCGATGTG,0,4801722
ygeY_predicted,0.16666666666666666,5,5,AATTAGAAGAGGAATCATTC,0,4814686
ygeY_predicted,0.16666666666666666,5,5,AATGTTGCCAAAGACGGACG,0,4810625
ygeY_predicted,0.16666666666666666,5,5,AATGTCATGCAAAAAAACTC,0,4805692
ygeY_predicted,0.16666666666666666,5,5,AATCATTAGCGAGCGCTGAA,0,4810436
ygeY_predicted,0.16666666666666666,5,5,AATACTCGTTCGTTCTCCAA,0,4803022
ygeY_predicted,0.16666666666666666,5,5,AATAACTTTAGCTATTGCTC,0,4808955
ygeY_predicted,0.16666666666666666,5,5,AAGTTTTAGAGGTATTGCTT,0,4815273
ygeY_predicted,0.16666666666666666,5,5,AAGTTGAGAAGGATGCAAAC,0,4797309
ygeY_predicted,0.16666666666666666,5,5,AAGTAGCTCGGGCATAAATC,0,4801347
ygeY_predicted,0.16666666666666666,5,5,AAGGGCCCAGGCTGCGCCGG,0,4807280
ygeY_predicted,0.16666666666666666,5,5,AAGCGGCCAACGCCCTTTAT,0,4798865
ygeY_predicted,0.16666666666666666,5,5,AAGATAACCTTCTTTGGAAG,0,4812985
ygeY_predicted,0.16666666666666666,5,5,AACTTTGGTCTTTACGACAT,0,4799461
ygeY_predicted,0.16666666666666666,5,5,AACTACGTATGCTTTCCAGT,0,4806539
ygeY_predicted,0.16666666666666666,5,5,AACAATCGTATATGGTTCCA,0,4807866
ygeY_predicted,0.16666666666666666,5,5,AACAACTGTAAAGTCCACTA,0,4801426
ygeY_predicted,0.16666666666666666,5,5,AAATGCCCGCCTTGTTAGAA,0,4814650
ygeY_predicted,0.16666666666666666,5,5,AAATAGATGAGTGCTTCACA,0,4812833
ygeY_predicted,0.16666666666666666,5,5,AAATACCCAAGAGTTGGCGT,0,4798833
ygeY_predicted,0.16666666666666666,5,5,AAAGGGATCCAATCACTTTT,0,4806158
ygeY_predicted,0.16666666666666666,5,5,AAAGCGGTTAGTCAGCAGCC,0,4817030
ygeY_predicted,0.16666666666666666,5,5,AAACCTCTTCATTGTCGCGA,0,4796476
ygeY_predicted,0.16666666666666666,5,5,AAACAATGCTCGTCTAATGT,0,4808807
ygeY_predicted,0.2,4,4,TTTTAACAATAGGATATGCA,0,4815533
ygeY_predicted,0.2,4,4,TTTGGCCTTATGCCGCGTGG,0,4805961
ygeY_predicted,0.2,4,4,TTTGAGGCTTGGGTTGGCCG,0,4801439
ygeY_predicted,0.2,4,4,TTTCAGCCACGGAGTTCACA,0,4810620
ygeY_predicted,0.2,4,4,TTTCACGGAGTGCATGGTCA,0,4803124
ygeY_predicted,0.2,4,4,TTTAGGATGGTAACGGGGGC,0,4802936
ygeY_predicted,0.2,4,4,TTGGTTTACCGTGAACCCGT,0,4812502
ygeY_predicted,0.2,4,4,TTGGCGGGTTGATTCAATCT,0,4809458
ygeY_predicted,0.2,4,4,TTGCTTCTTTGGAAGGCCTC,0,4805924
ygeY_predicted,0.2,4,4,TTGCTCACTAAGCCCAGCAA,0,4807779
ygeY_predicted,0.2,4,4,TTGCGTGTCACAAGGCTACA,0,4815616
ygeY_predicted,0.2,4,4,TTGCGCGTTCGCTACACTAT,0,4800412
ygeY_predicted,0.2,4,4,TTGCCTTTCGGCATCGACTT,0,4796829
ygeY_predicted,0.2,4,4,TTCTTTTTATGGGCGCCGAG,0,4797584
ygeY_predicted,0.2,4,4,TTCTACTGCGATCACGAACG,0,4808177
ygeY_predicted,0.2,4,4,TTCTACTATAAGTCAAATCA,0,4797831
ygeY_predicted,0.2,4,4,TTCGAACCGATATTCTGAGG,0,4807135
ygeY_predicted,0.2,4,4,TTCATCGAGCGTCACACAAG,0,4802617
ygeY_predicted,0.2,4,4,TTACTTTATCCAGATACTAG,0,4799849
ygeY_predicted,0.2,4,4,TTAACGCCGGATCTGGTATG,0,4795099
ygeY_predicted,0.2,4,4,TGTGGGTCATACAAGTTACG,0,4802042
ygeY_predicted,0.2,4,4,TGTCATGTTCCTCACCTTTA,0,4809635
ygeY_predicted,0.2,4,4,TGTATGCTCGCCTGAGAAAC,0,4811981
ygeY_predicted,0.2,4,4,TGTAGAAAGTTCCAACGAAA,0,4804726
ygeY_predicted,0.2,4,4,TGGTATTCACGGGATAGGAC,0,4809988
ygeY_predicted,0.2,4,4,TGGGTGACATGGTCTTCGCG,0,4814757
ygeY_predicted,0.2,4,4,TGGGGGAAGTCTCCACCAAG,0,4795558
ygeY_predicted,0.2,4,4,TGGGCACGGCGGAACTCGGA,0,4807833
ygeY_predicted,0.2,4,4,TGGCTGGGTGCCTCAACACA,0,4805860
ygeY_predicted,0.2,4,4,TGGATGTAATGCACTATTAG,0,4801915
ygeY_predicted,0.2,4,4,TGCTGGAGATATCAGGCTGG,0,4807052
ygeY_predicted,0.2,4,4,TGCTAGAAGACTTTGCATCG,0,4807118
ygeY_predicted,0.2,4,4,TGCCGATACGCATAATTGAG,0,4814948
ygeY_predicted,0.2,4,4,TGCCCTGATAGCCCCAATCG,0,4798669
ygeY_predicted,0.2,4,4,TGCCCAATGTAGATGAATTT,0,4797348
ygeY_predicted,0.2,4,4,TGATACGTACCAAGCGGACT,0,4810431
ygeY_predicted,0.2,4,4,TGACTGACCGCGACATCCCT,0,4802778
ygeY_predicted,0.2,4,4,TGACGCCACGTGTTCAGGCA,0,4803899
ygeY_predicted,0.2,4,4,TGACATATAATTCACACGGG,0,4807172
ygeY_predicted,0.2,4,4,TCTTTCACCCAGGCGCGCAA,0,4804246
ygeY_predicted,0.2,4,4,TCTTCTCAAATGGTAGCCTA,0,4799735
ygeY_predicted,0.2,4,4,TCTTAATTCCGCACCAGCGT,0,4795127
ygeY_predicted,0.2,4,4,TCTCCGGACACCGCCGCGTA,0,4816708
ygeY_predicted,0.2,4,4,TCTCCAGTTATTGGAATGGA,0,4797216
ygeY_predicted,0.2,4,4,TCGTCGTGGCGTGCGGTTCC,0,4795512
ygeY_predicted,0.2,4,4,TCGTCCACTCCCCGGAGATG,0,4802753
ygeY_predicted,0.2,4,4,TCGTATCGTCCCCTGAGACT,0,4813454
ygeY_predicted,0.2,4,4,TCGCCTATCGTTTTCACCGA,0,4815764
ygeY_predicted,0.2,4,4,TCCGTAGCACGTTCTTTTTA,0,4803133
ygeY_predicted,0.2,4,4,TCCGCAAGCATAACTGACAA,0,4803688
ygeY_predicted,0.2,4,4,TCAGTAGTCCGCAACGTCAT,0,4815079
ygeY_predicted,0.2,4,4,TCAGACCCCGGCCCTGGAGA,0,4808698
ygeY_predicted,0.2,4,4,TCACCTGTTTATGCGTGGGT,0,4806835
ygeY_predicted,0.2,4,4,TCAATTGGGTCTACCAGAAG,0,4812946
ygeY_predicted,0.2,4,4,TCAAGCGGCCATTTAGTCGT,0,4795020
ygeY_predicted,0.2,4,4,TATTTTACTGCTTCTCCCCC,0,4811719
ygeY_predicted,0.2,4,4,TATGTTGAAATGACTAGAAA,0,4798244
ygeY_predicted,0.2,4,4,TATGGGTCTAGCTCTTGAAT,0,4816227
ygeY_predicted,0.2,4,4,TATGGCGCAGGAGGCACCTT,0,4806877
ygeY_predicted,0.2,4,4,TATCTGGCCGCGACGGCGGC,0,4808856
ygeY_predicted,0.2,4,4,TAGGAACGCGATATCCGCGC,0,4807257
ygeY_predicted,0.2,4,4,TAGGAAACGAAGGACTCCGA,0,4805630
ygeY_predicted,0.2,4,4,TAGATATTACTCCAATGTCG,0,4806720
ygeY_predicted,0.2,4,4,TAATTAAGGGAGGTGCGGCT,0,4810743
ygeY_predicted,0.2,4,4,TAATGACTTTGCAGAGTATT,0,4807294
ygeY_predicted,0.2,4,4,TAAGTACTGTCGCTACATCA,0,4797366
ygeY_predicted,0.2,4,4,TAAGGTATTTCATAAGGCCC,0,4810517
ygeY_predicted,0.2,4,4,TAACGGAGTTGATAGACTCC,0,4811646
ygeY_predicted,0.2,4,4,TAAACAGTCTATGAGGGGTC,0,4804769
ygeY_predicted,0.2,4,4,GTTTTTTTGAAGGCACCGGT,0,4804441
ygeY_predicted,0.2,4,4,GTTTTAGTATGGGAAGCCTA,0,4807804
ygeY_predicted,0.2,4,4,GTTTTAACCCATTCGTTGGT,0,4805981
ygeY_predicted,0.2,4,4,GTTTGCGCGTGCCACCCAAG,0,4807913
ygeY_predicted,0.2,4,4,GTTTCCGTGCAAGAGGCACG,0,4811998
ygeY_predicted,0.2,4,4,GTTGTGTGGCTTCCCCGTAT,0,4809697
ygeY_predicted,0.2,4,4,GTTGGACAGAATAAGACAGT,0,4809836
ygeY_predicted,0.2,4,4,GTTGAACGTATGGATGTTTC,0,4797251
ygeY_predicted,0.2,4,4,GTTCCAGCCCGTACGATTGG,0,4804157
ygeY_predicted,0.2,4,4,GTTAAGTCACATTCCAAGGG,0,4801556
ygeY_predicted,0.2,4,4,GTGTGATGTATGTGGTGACT,0,4795059
ygeY_predicted,0.2,4,4,GTGGGTACACATGCATCTTA,0,4804179
ygeY_predicted,0.2,4,4,GTGAGTGCGCCTAGTCGCTG,0,4801369
ygeY_predicted,0.2,4,4,GTGAGGGGGAATACATGATT,0,4797563
ygeY_predicted,0.2,4,4,GTCGAAGGCTCCGTATAGTT,0,4806020
ygeY_predicted,0.2,4,4,GTCAGGTACTGCAATTTGTT,0,4800281
ygeY_predicted,0.2,4,4,GTCAGGCCTAGCGGGGAGAT,0,4807204
ygeY_predicted,0.2,4,4,GTCACCTTGGCGTGAAAATA,0,4797797
ygeY_predicted,0.2,4,4,GTCACCAAATCGATAGGTCA,0,4800527
ygeY_predicted,0.2,4,4,GTCAAAAGACTTACAATCTG,0,4807816
ygeY_predicted,0.2,4,4,GTAGCAATTGTTCGTTTGTT,0,4798379
ygeY_predicted,0.2,4,4,GTACTTTTACGCCGTTATAC,0,4811672
ygeY_predicted,0.2,4,4,GTACGTCACGGGTAGGTAGG,0,4799266
ygeY_predicted,0.2,4,4,GTACGATGGTTGCCGTTTAT,0,4797895
ygeY_predicted,0.2,4,4,GTAACGACCACAGTGATGCT,0,4802461
ygeY_predicted,0.2,4,4,GTAAAGAGCAATGTATTTGT,0,4816408
ygeY_predicted,0.2,4,4,GTAAAAAGGGTATTAAATTG,0,4814858
ygeY_predicted,0.2,4,4,GGTTTGCTTCAACATTAGGG,0,4802561
ygeY_predicted,0.2,4,4,GGTTGACATTCCCTAGATCA,0,4798835
ygeY_predicted,0.2,4,4,GGTTCTACATGGTTAGCCCT,0,4812527
ygeY_predicted,0.2,4,4,GGTGTCCGCCGTATGCACAC,0,4797478
ygeY_predicted,0.2,4,4,GGTCATTGAACCTCTTAGCA,0,4810090
ygeY_predicted,0.2,4,4,GGTAGATACCGCAGGTTGAG,0,4810108
ygeY_predicted,0.2,4,4,GGTACAGAGACTATACATAG,0,4813180
ygeY_predicted,0.2,4,4,GGTAACCCTTGGTCGCATGC,0,4798997
ygeY_predicted,0.2,4,4,GGGTTGCCTTAGACGTTTCT,0,4799063
ygeY_predicted,0.2,4,4,GGGTAGATGTGGCTTGATAC,0,4813349
ygeY_predicted,0.2,4,4,GGGGTGGCACGTGGCCAGGA,0,4815670
ygeY_predicted,0.2,4,4,GGGGTCGTAGTGGTCCAGTG,0,4808680
ygeY_predicted,0.2,4,4,GGGGTAATGGTATCAACCGA,0,4806907
ygeY_predicted,0.2,4,4,GGGGCAGACCTCTAAAACAG,0,4802781
ygeY_predicted,0.2,4,4,GGGCTTTTGCCCTTGGGGAT,0,4811934
ygeY_predicted,0.2,4,4,GGGCACTTTATTGAAAAACA,0,4808671
ygeY_predicted,0.2,4,4,GGGAACCTACACAGCCCTCT,0,4803366
ygeY_predicted,0.2,4,4,GGCTTTAGGATGCCGAACTC,0,4813146
ygeY_predicted,0.2,4,4,GGCTGAGGGGCGGGATCTGT,0,4796079
ygeY_predicted,0.2,4,4,GGCTAATTCGCTACGGACCT,0,4807737
ygeY_predicted,0.2,4,4,GGCCCACTAATGCCGAGTCT,0,4811913
ygeY_predicted,0.2,4,4,GGCAGGGATGCCTTTCGGTG,0,4804285
ygeY_predicted,0.2,4,4,GGCAGCTATAACCTCCTGGA,0,4807878
ygeY_predicted,0.2,4,4,GGCAAGGTTGAGGAGCTCCG,0,4803470
ygeY_predicted,0.2,4,4,GGATGAGTTCAGTTCACCTC,0,4816808
ygeY_predicted,0.2,4,4,GGAGCTGGAGAAACTAACGG,0,4807879
ygeY_predicted,0.2,4,4,GGACTCGCGCCTCGCAGCGG,0,4799518
ygeY_predicted,0.2,4,4,GGAAGAGTAATACCACCTTT,0,4806177
ygeY_predicted,0.2,4,4,GCTTTACACCCATACAAAAA,0,4804638
ygeY_predicted,0.2,4,4,GCTGCCTAACTACCGTTTAA,0,4816884
ygeY_predicted,0.2,4,4,GCTCTGTAACGTCGCCTCAA,0,4798299
ygeY_predicted,0.2,4,4,GCTCGCGGTCCAGGTCCCGT,0,4807786
ygeY_predicted,0.2,4,4,GCTCGAGCGATTGCGCTGAT,0,4812167
ygeY_predicted,0.2,4,4,GCTCAACTTTCGAAGCGGTT,0,4806952
ygeY_predicted,0.2,4,4,GCGTCTTCACACAATCTCAC,0,4809913
ygeY_predicted,0.2,4,4,GCGTCACGTGCGTCGTTCGC,0,4811440
ygeY_predicted,0.2,4,4,GCGGCAACGTAAACCTAACC,0,4813498
ygeY_predicted,0.2,4,4,GCGGAACACGAGCCAAATCA,0,4811959
ygeY_predicted,0.2,4,4,GCGCTACCGATAACGAGAAG,0,4797788
ygeY_predicted,0.2,4,4,GCGACTTCATCCCTTCATGA,0,4805639
ygeY_predicted,0.2,4,4,GCGACTCATAGTTAGGCGAC,0,4801855
ygeY_predicted,0.2,4,4,GCCTTACATTCACCTCGTGA,0,4814926
ygeY_predicted,0.2,4,4,GCCTGGTGGAATGGCAAGGC,0,4803408
ygeY_predicted,0.2,4,4,GCCGGTTTAAGCGCCAGTAG,0,4807729
ygeY_predicted,0.2,4,4,GCCAGGGCCGCATCGTCTGA,0,4814685
ygeY_predicted,0.2,4,4,GCAGTTATAGTTCATGGTCT,0,4801813
ygeY_predicted,0.2,4,4,GCAAGGCTAAACGGTCTGAC,0,4810992
ygeY_predicted,0.2,4,4,GATTTTGGGAGCGCCGACTT,0,4794910
ygeY_predicted,0.2,4,4,GATTCACTTTGATCTCGATC,0,4816036
ygeY_predicted,0.2,4,4,GATTAGGACACTCGCGCTCA,0,4811205
ygeY_predicted,0.2,4,4,GATGTAACGACAGCTCCGTG,0,4803884
ygeY_predicted,0.2,4,4,GATGGCCGTTTATGTGTATT,0,4798320
ygeY_predicted,0.2,4,4,GATGCGCTTGTTTCCTGAAC,0,4803544
ygeY_predicted,0.2,4,4,GATGACTTAAAGGGATGAGC,0,4806801
ygeY_predicted,0.2,4,4,GATCTCAGGGCGCGAAATCC,0,4803212
ygeY_predicted,0.2,4,4,GATCCTTTCGGACTTTCGAT,0,4810558
ygeY_predicted,0.2,4,4,GATATACTCGAGGCATTTGG,0,4798589
ygeY_predicted,0.2,4,4,GAGTCGGGCTATATCGGACG,0,4814729
ygeY_predicted,0.2,4,4,GAGGTCGATGATCGATGATG,0,4812662
ygeY_predicted,0.2,4,4,GAGGTCGAATCATTAGCCTG,0,4811410
ygeY_predicted,0.2,4,4,GAGGCCCACGAGCCGGATTT,0,4801056
ygeY_predicted,0.2,4,4,GAGCGGTTCGTTAATCCGAC,0,4815488
ygeY_predicted,0.2,4,4,GAGATATAGCGTGTAATCGT,0,4797222
ygeY_predicted,0.2,4,4,GAGAGTAGGCCCAAAGGATA,0,4814558
ygeY_predicted,0.2,4,4,GAGAGCTGAGGGATATGATG,0,4811262
ygeY_predicted,0.2,4,4,GAGAAGACTTCCAGCCTATA,0,4805067
ygeY_predicted,0.2,4,4,GACCGGTCTTTGGTTCGTTC,0,4814387
ygeY_predicted,0.2,4,4,GACATGCACACCGCCATCGT,0,4807134
ygeY_predicted,0.2,4,4,GACAGCGTGCCAGATATTGT,0,4804338
ygeY_predicted,0.2,4,4,GAATGGAAGGTTTCGACTTC,0,4801712
ygeY_predicted,0.2,4,4,GAAGTCATCGAGGAAGTCGC,0,4795696
ygeY_predicted,0.2,4,4,GAAGTAGTGGAGGACGTCTC,0,4802027
ygeY_predicted,0.2,4,4,GAACTTGAGTGGACCCTAGG,0,4812206
ygeY_predicted,0.2,4,4,GAACCGCTCAGATGAGATTA,0,4816904
ygeY_predicted,0.2,4,4,GAAAGTGAGAGTGGGCTGGA,0,4797227
ygeY_predicted,0.2,4,4,CTTTATACAGCCCGTATGAA,0,4803062
ygeY_predicted,0.2,4,4,CTTGTGCTTGGCTCACCATT,0,4813916
ygeY_predicted,0.2,4,4,CTTCTGAAAAAGGGAACGTT,0,4797899
ygeY_predicted,0.2,4,4,CTTCGTAGGGCTCAATGCCT,0,4806525
ygeY_predicted,0.2,4,4,CTTCCCTGAGCCAATTACCC,0,4796495
ygeY_predicted,0.2,4,4,CTTCACCGTACATACGTTTG,0,4797403
ygeY_predicted,0.2,4,4,CTTATTTTCCCTTCCCTGGT,0,4797335
ygeY_predicted,0.2,4,4,CTGTTTGACTGTAGGGTTCA,0,4811947
ygeY_predicted,0.2,4,4,CTGTCTCTGGTGCGATCAGC,0,4796244
ygeY_predicted,0.2,4,4,CTGGGTCGGGGCACTGCTGG,0,4812248
ygeY_predicted,0.2,4,4,CTGGCGTGGTGTGCTCACTA,0,4812936
ygeY_predicted,0.2,4,4,CTGGCCGTTTCCAAGTTAAA,0,4810827
ygeY_predicted,0.2,4,4,CTGGACGCCAGCCTCTACGT,0,4807606
ygeY_predicted,0.2,4,4,CTGCTTAGACGTCCAGTGTA,0,4795963
ygeY_predicted,0.2,4,4,CTGCTGCCGGTGGAACAACA,0,4797181
ygeY_predicted,0.2,4,4,CTGCGCTGCTCCCTCTGGTC,0,4798883
ygeY_predicted,0.2,4,4,CTGAGGGGTCGCGGGCACCA,0,4804262
ygeY_predicted,0.2,4,4,CTGAGAAGTGAGACAGGATG,0,4798275
ygeY_predicted,0.2,4,4,CTGAATAATGTCGCTTTTCT,0,4814852
ygeY_predicted,0.2,4,4,CTGAAGTTGGGGAGTAGTCA,0,4801528
ygeY_predicted,0.2,4,4,CTCCGTCTTGTGCGTAACGC,0,4812084
ygeY_predicted,0.2,4,4,CTATAACTAAGTACGTCAAA,0,4803084
ygeY_predicted,0.2,4,4,CTAGGTAACCACTGGGTGGG,0,4796346
ygeY_predicted,0.2,4,4,CTACTGTCCTAGGATGTTAC,0,4801899
ygeY_predicted,0.2,4,4,CTACTCTTAGAATGGTACGA,0,4813981
ygeY_predicted,0.2,4,4,CTACGGAGACGTGAACACCT,0,4812542
ygeY_predicted,0.2,4,4,CTACCCAGTTACTGGAAGCT,0,4805874
ygeY_predicted,0.2,4,4,CTACATGCCTGCGGATATTT,0,4815127
ygeY_predicted,0.2,4,4,CTAAGGCAAGATGTGCCACT,0,4797614
ygeY_predicted,0.2,4,4,CGTTATAATAGTAACGCTGG,0,4807321
ygeY_predicted,0.2,4,4,CGTTAGGCACCCATACTCGC,0,4809260
ygeY_predicted,0.2,4,4,CGTGTGCCAATCCATCGATA,0,4806537
ygeY_predicted,0.2,4,4,CGTCGTCGGCAAAATTCCGA,0,4805962
ygeY_predicted,0.2,4,4,CGTCGTCCGGTCGTATTTTT,0,4803906
ygeY_predicted,0.2,4,4,CGTCAACAACGCCCGTGTGA,0,4806364
ygeY_predicted,0.2,4,4,CGTATAATTAAGATCATAAA,0,4795367
ygeY_predicted,0.2,4,4,CGTAAACCCCGCTCAATAGT,0,4804056
ygeY_predicted,0.2,4,4,CGGTGCAGGGTTAATCTAGA,0,4810663
ygeY_predicted,0.2,4,4,CGGGTAATCGAGAGGTTCCA,0,4801748
ygeY_predicted,0.2,4,4,CGGGGACCTTTCCAGGAACA,0,4809998
ygeY_predicted,0.2,4,4,CGGGATCGGCAATCTTCCAC,0,4797741
ygeY_predicted,0.2,4,4,CGGAGTAGTCAGGGATTATG,0,4797738
ygeY_predicted,0.2,4,4,CGGACCTGCTTGTACTCTTG,0,4810088
ygeY_predicted,0.2,4,4,CGCTTCTGAGACAGCAGAGG,0,4812724
ygeY_predicted,0.2,4,4,CGCTCTCTCTTGCGTTAGTT,0,4804531
ygeY_predicted,0.2,4,4,CGCTAATGGCGGGATAATTA,0,4803298
ygeY_predicted,0.2,4,4,CGCTAAATCGCACCCTCAGT,0,4807500
ygeY_predicted,0.2,4,4,CGCACTGTGCCCGTCTGGAC,0,4811881
ygeY_predicted,0.2,4,4,CGCAACAAATTAAGGCGTGC,0,4816532
ygeY_predicted,0.2,4,4,CGATCTTTGCACAATATTTG,0,4796317
ygeY_predicted,0.2,4,4,CGATAATTCTGGACAGGGCT,0,4809181
ygeY_predicted,0.2,4,4,CGAGTTTTCGCGCGGTGAGG,0,4814752
ygeY_predicted,0.2,4,4,CGAGGTCGAGTGAGGACACT,0,4801836
ygeY_predicted,0.2,4,4,CGAGATGTGGGTGGGAGTGA,0,4816505
ygeY_predicted,0.2,4,4,CGACCGAACCCGTGTCTGAA,0,4802536
ygeY_predicted,0.2,4,4,CGACCCAACAAGCCATAACT,0,4810876
ygeY_predicted,0.2,4,4,CGAAGGGTATACCGGCAGGG,0,4797691
ygeY_predicted,0.2,4,4,CGAACTGCGCAAAGTCCTCA,0,4816840
ygeY_predicted,0.2,4,4,CCTGGTTAGGAGCGCAGTTT,0,4804313
ygeY_predicted,0.2,4,4,CCTGCGCATCCACATGGCAG,0,4796948
ygeY_predicted,0.2,4,4,CCTGAGCGTAGAAAACGGAT,0,4811050
ygeY_predicted,0.2,4,4,CCTGAATACAAACGGGAGCA,0,4805778
ygeY_predicted,0.2,4,4,CCTCCTTTCCGGTTATTCCC,0,4799422
ygeY_predicted,0.2,4,4,CCTCCATCTCAAAGCGGCAG,0,4802556
ygeY_predicted,0.2,4,4,CCTAGTAGATGTCAAGTGAA,0,4803452
ygeY_predicted,0.2,4,4,CCTACTTAGCTAGCGTAGAC,0,4809615
ygeY_predicted,0.2,4,4,CCGTTGGCGATCTTGGACCC,0,4813254
ygeY_predicted,0.2,4,4,CCGCGCCGGTCCTAGGCAGC,0,4804153
ygeY_predicted,0.2,4,4,CCGCGCATTACTAGGCCCGT,0,4809243
ygeY_predicted,0.2,4,4,CCGCATTTAGTTACCACCAG,0,4798006
ygeY_predicted,0.2,4,4,CCGCAGTCTATATGTCCTGA,0,4801142
ygeY_predicted,0.2,4,4,CCGATGCACTCTCGCCCCTG,0,4810079
ygeY_predicted,0.2,4,4,CCGAGGGCAGGAGTAAGCCA,0,4798668
ygeY_predicted,0.2,4,4,CCCTGTAAGGAATATGTTGT,0,4814129
ygeY_predicted,0.2,4,4,CCCGGGTGTATTGCATTGCA,0,4802744
ygeY_predicted,0.2,4,4,CCCGACCATTACAGCGGCCC,0,4798108
ygeY_predicted,0.2,4,4,CCCCTATAGGCACAAGTTAT,0,4807414
ygeY_predicted,0.2,4,4,CCCCGCTCCGATTTTAGGAA,0,4812984
ygeY_predicted,0.2,4,4,CCCACGACCGGAAGAGGATG,0,4807126
ygeY_predicted,0.2,4,4,CCCAAATGTAAGGCCGAAGC,0,4815174
ygeY_predicted,0.2,4,4,CCATCATCTGGACCCGGTGT,0,4816827
ygeY_predicted,0.2,4,4,CCATAGCCTCACTTGGTTGG,0,4809476
ygeY_predicted,0.2,4,4,CCATAGAGCAGGAGAGACCG,0,4805330
ygeY_predicted,0.2,4,4,CCATACAAAGAAAGGGATTG,0,4811577
ygeY_predicted,0.2,4,4,CCAGTCAGGACCTCAGAATG,0,4808171
ygeY_predicted,0.2,4,4,CCACTTCAACTCATACACCG,0,4816644
ygeY_predicted,0.2,4,4,CCAAATCGACCAGGGCTTCG,0,4797094
ygeY_predicted,0.2,4,4,CCAAAGCGATCAAGGGCTCA,0,4794913
ygeY_predicted,0.2,4,4,CATGCGGGCGGGCTTAATGA,0,4800825
ygeY_predicted,0.2,4,4,CATCGGTACCGATAGAGTGG,0,4816484
ygeY_predicted,0.2,4,4,CATCGGGTCACGTAATGCCA,0,4802459
ygeY_predicted,0.2,4,4,CATATATTTGAGTCCGTGAA,0,4802939
ygeY_predicted,0.2,4,4,CATAGTTTGAGTCTTTGTGG,0,4796193
ygeY_predicted,0.2,4,4,CAGTTCGGCGTGTTTTGTTC,0,4805177
ygeY_predicted,0.2,4,4,CAGCTCATGGGTAGCACACA,0,4812342
ygeY_predicted,0.2,4,4,CAGCTAATAACGTAGTTAAG,0,4810999
ygeY_predicted,0.2,4,4,CACTGGAATCACGTCACAGC,0,4799104
ygeY_predicted,0.2,4,4,CACCAAGAGGCTCTCGATCC,0,4804857
ygeY_predicted,0.2,4,4,CAATCTTCCACAGGCATATG,0,4799738
ygeY_predicted,0.2,4,4,CAATACCTGGGTGCTAGAGT,0,4814753
ygeY_predicted,0.2,4,4,CAAGATCCAGGTAGTATGGT,0,4800344
ygeY_predicted,0.2,4,4,CAACGCCCAAAGGGAAGCTG,0,4811430
ygeY_predicted,0.2,4,4,CAAAGTGGACCATAAGCCCG,0,4816733
ygeY_predicted,0.2,4,4,CAAAGGGTTCTCTAAGGCTA,0,4814844
ygeY_predicted,0.2,4,4,CAAAAAGCCACCATTTGAAT,0,4806001
ygeY_predicted,0.2,4,4,ATTTTCATCAGGTGGACAAA,0,4807331
ygeY_predicted,0.2,4,4,ATTTTATTGCTTATTCTTTG,0,4807791
ygeY_predicted,0.2,4,4,ATTTTAGCGCGAGGATCGAC,0,4813080
ygeY_predicted,0.2,4,4,ATTTATTCTATGTATGTTTT,0,4801683
ygeY_predicted,0.2,4,4,ATTTAGTGGATATAATCACT,0,4810923
ygeY_predicted,0.2,4,4,ATTGTTCGTGTCGCTTAACT,0,4810503
ygeY_predicted,0.2,4,4,ATTGTGGGGGCAGCCTCTAG,0,4803613
ygeY_predicted,0.2,4,4,ATTGAAAAGGCGGAACCCAG,0,4810614
ygeY_predicted,0.2,4,4,ATTCGCAGGTAGGACCTCAC,0,4812748
ygeY_predicted,0.2,4,4,ATTCCACCGAGAGTGTGCCC,0,4806080
ygeY_predicted,0.2,4,4,ATTATGGAGGTGGGAGTCCA,0,4797075
ygeY_predicted,0.2,4,4,ATTAAACAATATATGCACAA,0,4813253
ygeY_predicted,0.2,4,4,ATGTCGGGCGGTTGTCAGTT,0,4813275
ygeY_predicted,0.2,4,4,ATGTAACGTGCTAGAGCCAA,0,4800499
ygeY_predicted,0.2,4,4,ATGGCGATATACAATTCAAG,0,4805129
ygeY_predicted,0.2,4,4,ATGCTTTCTAAATGCCTGGA,0,4805958
ygeY_predicted,0.2,4,4,ATGATTTACTGCTTATAAGG,0,4799632
ygeY_predicted,0.2,4,4,ATGATGTTCCGACAACATTG,0,4802312
ygeY_predicted,0.2,4,4,ATGATCCGTAAGTTAGGAAT,0,4796762
ygeY_predicted,0.2,4,4,ATGATCCGGGGCATATGATG,0,4800593
ygeY_predicted,0.2,4,4,ATGAGTTGCTCCCATGTCTG,0,4794914
ygeY_predicted,0.2,4,4,ATGACGTTAAGGGGTGTGTA,0,4811705
ygeY_predicted,0.2,4,4,ATGACCTGGGACTTTGGCTT,0,4809145
ygeY_predicted,0.2,4,4,ATGACCACGACCCGCAGCAA,0,4802332
ygeY_predicted,0.2,4,4,ATGACAACGCTACAATCTGT,0,4811164
ygeY_predicted,0.2,4,4,ATCTCCCTCCAAGGTCGTGT,0,4815540
ygeY_predicted,0.2,4,4,ATCTATACTGGAAGCGTACG,0,4809729
ygeY_predicted,0.2,4,4,ATATCGTGTACCTTTATACC,0,4809424
ygeY_predicted,0.2,4,4,ATATCAAATCGTTTGACGGC,0,4805240
ygeY_predicted,0.2,4,4,ATAGGCTTCCTGGCATCCGG,0,4802680
ygeY_predicted,0.2,4,4,ATAGGCAGCGTTGACGCAAG,0,4804755
ygeY_predicted,0.2,4,4,ATAGCATTCCGTCGCTGTTA,0,4799726
ygeY_predicted,0.2,4,4,ATAGCAGGGAACCGTCTCGA,0,4804317
ygeY_predicted,0.2,4,4,ATACGGCGCTCGAGCGATCT,0,4807137
ygeY_predicted,0.2,4,4,ATACCTCGAGTGAAAGGCGT,0,4795724
ygeY_predicted,0.2,4,4,ATACCGAGCTAAAGTCGTAT,0,4810994
ygeY_predicted,0.2,4,4,ATAATCGTGGGGTTAGCAAT,0,4798124
ygeY_predicted,0.2,4,4,ATAAGGAATGATATTTTATA,0,4801759
ygeY_predicted,0.2,4,4,ATAAGCATGTTAACTTCCGG,0,4803702
ygeY_predicted,0.2,4,4,ATAACGTGTAGTATCATTTA,0,4799165
ygeY_predicted,0.2,4,4,ATAACCGCTCGTTCGCAGTT,0,4795195
ygeY_predicted,0.2,4,4,ATAAATTATAGTGGGTATTG,0,4806837
ygeY_predicted,0.2,4,4,AGTGTTCGATTAAACCGAGT,0,4810763
ygeY_predicted,0.2,4,4,AGTGGCGCCCGCTGCAGGGA,0,4815367
ygeY_predicted,0.2,4,4,AGTGCCGGCGAGTCTCGCCG,0,4813309
ygeY_predicted,0.2,4,4,AGTCAACACTTCCGGATAGT,0,4807818
ygeY_predicted,0.2,4,4,AGTAATCGCCGAGAGGGAAG,0,4802799
ygeY_predicted,0.2,4,4,AGGTTGCCGCGCTGTGATGT,0,4815915
ygeY_predicted,0.2,4,4,AGGTGTGTTTTCGCGAAAGG,0,4810991
ygeY_predicted,0.2,4,4,AGGTGAGGCATGACAACCCT,0,4804222
ygeY_predicted,0.2,4,4,AGGCTGATTGGAAGTGATAG,0,4799800
ygeY_predicted,0.2,4,4,AGGCTCAGTGTGGGGCTACA,0,4796618
ygeY_predicted,0.2,4,4,AGGATCAGTCTTGATGTCTC,0,4806899
ygeY_predicted,0.2,4,4,AGGAGAAATGAACAAGTTAA,0,4807202
ygeY_predicted,0.2,4,4,AGGACGTTGGTGTTTAGAAG,0,4814502
ygeY_predicted,0.2,4,4,AGGAATGGAGAGCTATCGCA,0,4812673
ygeY_predicted,0.2,4,4,AGCTTAGCGCACCGAGGCCC,0,4807304
ygeY_predicted,0.2,4,4,AGCTGTGCCTCGATTTATAG,0,4806032
ygeY_predicted,0.2,4,4,AGCTAGTCTACCGCTTGATA,0,4804134
ygeY_predicted,0.2,4,4,AGCTACTTGCACAATCTCAG,0,4796264
ygeY_predicted,0.2,4,4,AGCTACCGTGCCCAAAACTA,0,4810901
ygeY_predicted,0.2,4,4,AGCGATGTAGAGGGGCCACA,0,4800359
ygeY_predicted,0.2,4,4,AGCATTAGACAAAAAGGACG,0,4806865
ygeY_predicted,0.2,4,4,AGCAGTGGCACAGCATGAGT,0,4806666
ygeY_predicted,0.2,4,4,AGATTCGAATCGACTCTCGA,0,4804758
ygeY_predicted,0.2,4,4,AGAGTGCCCGGGTACCTACC,0,4798930
ygeY_predicted,0.2,4,4,AGAGCATTAGCTTAAAAGAA,0,4812069
ygeY_predicted,0.2,4,4,AGAATGTGGCACATCGGCCC,0,4812184
ygeY_predicted,0.2,4,4,AGAAGTCACTTATCGTTAGG,0,4813679
ygeY_predicted,0.2,4,4,AGAAGATAAAGTTGGATAGT,0,4813249
ygeY_predicted,0.2,4,4,ACTTTGCAAACCGCGAAACT,0,4808582
ygeY_predicted,0.2,4,4,ACTTCACAACCCGTGCATTA,0,4806469
ygeY_predicted,0.2,4,4,ACTTCAACGGCGACCGATAT,0,4804049
ygeY_predicted,0.2,4,4,ACTGTCAGTTCGATTTCTCA,0,4802637
ygeY_predicted,0.2,4,4,ACTGCATTTCCTCCGGTTCA,0,4800314
ygeY_predicted,0.2,4,4,ACTGACCGTGTGATTGGCGG,0,4800820
ygeY_predicted,0.2,4,4,ACTCAGCCGGGGGGGATAGT,0,4811439
ygeY_predicted,0.2,4,4,ACGGTAGCGCGGGTGTCATC,0,4804505
ygeY_predicted,0.2,4,4,ACGGGATGGGTTCTTTCGTG,0,4815797
ygeY_predicted,0.2,4,4,ACGGCCATGCCTATACTCCC,0,4814311
ygeY_predicted,0.2,4,4,ACGCGGTTCGACAATTGTGG,0,4809789
ygeY_predicted,0.2,4,4,ACGAGTATTCAACAAACGAC,0,4806006
ygeY_predicted,0.2,4,4,ACGAGGGAGTTACACGACGC,0,4799293
ygeY_predicted,0.2,4,4,ACCTTATATCGTAGGGGTTC,0,4807516
ygeY_predicted,0.2,4,4,ACCGTCTGCAGCCGCGTCTT,0,4803580
ygeY_predicted,0.2,4,4,ACCGGGGGGAGTCTTTGCCT,0,4798480
ygeY_predicted,0.2,4,4,ACCGCGAAAATTCTAAGGAG,0,4799714
ygeY_predicted,0.2,4,4,ACCAGGAATCAGGCAGCCCT,0,4798418
ygeY_predicted,0.2,4,4,ACATTGCATGCGTTTTAGTA,0,4809827
ygeY_predicted,0.2,4,4,ACATACTGGAACTTGAGCCC,0,4805934
ygeY_predicted,0.2,4,4,ACATAAGTCGTTAGACCGGC,0,4806596
ygeY_predicted,0.2,4,4,ACAGTACTGAGTCTCCATGA,0,4801253
ygeY_predicted,0.2,4,4,ACAGCTCGGTTAGTCACACC,0,4795816
ygeY_predicted,0.2,4,4,ACAGAGATTACGTTACTTGG,0,4802969
ygeY_predicted,0.2,4,4,ACACGGAGATTCGTAGTTAC,0,4795989
ygeY_predicted,0.2,4,4,ACACCCGCAATCGTTCTTAC,0,4816400
ygeY_predicted,0.2,4,4,ACACAGATGTGGGAGAGCCT,0,4806890
ygeY_predicted,0.2,4,4,ACAAACGATGCCAATCTCCT,0,4797128
ygeY_predicted,0.2,4,4,AATTTTGGAACATGCAAAGA,0,4801049
ygeY_predicted,0.2,4,4,AATTTGCGAGTGTCCTGTAT,0,4796627
ygeY_predicted,0.2,4,4,AATTCATCGCTAGGCCGAGT,0,4808490
ygeY_predicted,0.2,4,4,AATTCAGCCGACTTATTAAT,0,4811270
ygeY_predicted,0.2,4,4,AATGGATTTAACCAGTTCCA,0,4808395
ygeY_predicted,0.2,4,4,AATGACTTGCCGTTTGCACG,0,4812576
ygeY_predicted,0.2,4,4,AATCTGAAAAGCCAATGTGC,0,4811414
ygeY_predicted,0.2,4,4,AATCTCTCCGGCAGACTAGC,0,4807091
ygeY_predicted,0.2,4,4,AATCGCCAGTAGACCCTGAA,0,4803368
ygeY_predicted,0.2,4,4,AATCGAAAGCAACTTTCCAA,0,4803232
ygeY_predicted,0.2,4,4,AATCCTCCGCGATCACGAAC,0,4810348
ygeY_predicted,0.2,4,4,AATCAGCGCCACGGAACTAT,0,4798486
ygeY_predicted,0.2,4,4,AATATTAGTTGCCGCGCACA,0,4815071
ygeY_predicted,0.2,4,4,AATAAGCTGACTTGACGGAT,0,4803468
ygeY_predicted,0.2,4,4,AAGTTAGTCCATTAGATAAA,0,4803306
ygeY_predicted,0.2,4,4,AAGTTACGCTTCTTCGGGCG,0,4799929
ygeY_predicted,0.2,4,4,AAGTATTACACGGTAAGGGT,0,4798625
ygeY_predicted,0.2,4,4,AAGGTTTTGCAAAGATACTT,0,4795697
ygeY_predicted,0.2,4,4,AAGGTGCCATAGCCGAGCTC,0,4806423
ygeY_predicted,0.2,4,4,AAGCTCATCCATGGCCCAGC,0,4813877
ygeY_predicted,0.2,4,4,AAGCCTCGCCGCGCTGAGCG,0,4811815
ygeY_predicted,0.2,4,4,AAGATCACCGTATCCAGGAT,0,4798490
ygeY_predicted,0.2,4,4,AAGAGTCCGGCCCTGGGGAT,0,4802297
ygeY_predicted,0.2,4,4,AAGACACGCGCGCGTTATAT,0,4806040
ygeY_predicted,0.2,4,4,AACTCGAATGCGCTGTCCTC,0,4796772
ygeY_predicted,0.2,4,4,AACTCAAATAGTCAAACGCC,0,4800667
ygeY_predicted,0.2,4,4,AACGTACCCAAAGACGGAAT,0,4805237
ygeY_predicted,0.2,4,4,AACGGTGTTTGTTGAGCTGA,0,4799000
ygeY_predicted,0.2,4,4,AACGGCCATTACTCGAGTAC,0,4808870
ygeY_predicted,0.2,4,4,AACGAAACTGTATATTGGCA,0,4807355
ygeY_predicted,0.2,4,4,AACCCTAGTCAATTTCGGTC,0,4799950
ygeY_predicted,0.2,4,4,AACATTGGCTTTCAGCATGC,0,4796763
ygeY_predicted,0.2,4,4,AACAGCCTTACTCGATCTAG,0,4801086
ygeY_predicted,0.2,4,4,AAATGGAGTCAATTATGTAG,0,4812941
ygeY_predicted,0.2,4,4,AAAGATAGCGACTGCGACTA,0,4814222
ygeY_predicted,0.2,4,4,AAACTCATCTATGTGGCTTA,0,4798376
ygeY_predicted,0.2,4,4,AAACTCACATATTTTGTAGG,0,4810778
ygeY_predicted,0.2,4,4,AAACGAGTTCAGGAGCATCT,0,4803845
ygeY_predicted,0.2,4,4,AAACATTTTATGACGGTTCC,0,4797439
ygeY_predicted,0.2,4,4,AAAATTCACGTATAGTGAAC,0,4799660
ygeY_predicted,0.2,4,4,AAAATAGCGCCCAAGGTAGG,0,4795447
ygeY_predicted,0.2,4,4,AAAAGGCGTTTTGGTCTCGA,0,4798121
ygeY_predicted,0.2,4,4,AAAAGCTCCGTCAATACTTC,0,4801857
ygeY_predicted,0.2,4,4,AAAAATCATAGACCACGTCA,0,4804784
ygeY_predicted,0.25,3,3,TTTTGGTAAACGTTATAGAG,0,4816926
ygeY_predicted,0.25,3,3,TTTTGAATGGATACGAACTG,0,4795437
ygeY_predicted,0.25,3,3,TTTTGAACACGCGCACCTGC,0,4795790
ygeY_predicted,0.25,3,3,TTTTACAATTGTCGGGGCAT,0,4806433
ygeY_predicted,0.25,3,3,TTTTACAACATTTTAGCTTG,0,4796594
ygeY_predicted,0.25,3,3,TTTGATTCAGTTAGAAAGAA,0,4798884
ygeY_predicted,0.25,3,3,TTTAGTGGCGCTTGCGCTCG,0,4809364
ygeY_predicted,0.25,3,3,TTTAGTACTGCTGTCGCACA,0,4808818
ygeY_predicted,0.25,3,3,TTTAGCGGGGAAGAAATTCA,0,4798156
ygeY_predicted,0.25,3,3,TTTACTATTCTTATTCTGCT,0,4804034
ygeY_predicted,0.25,3,3,TTGTTCACGAATCAAGGTAA,0,4812041
ygeY_predicted,0.25,3,3,TTGTGTAAGAAGTCTCGGGA,0,4805518
ygeY_predicted,0.25,3,3,TTGTCGTAGAGTGTGTTACA,0,4805922
ygeY_predicted,0.25,3,3,TTGTAATTTTAATTTACCAA,0,4798145
ygeY_predicted,0.25,3,3,TTGGTCGTACGCTCTGAAGT,0,4797702
ygeY_predicted,0.25,3,3,TTGGATACTCCGATCAACCC,0,4805754
ygeY_predicted,0.25,3,3,TTGATCGTCCTGGAAGGGCC,0,4801886
ygeY_predicted,0.25,3,3,TTCGGGCATACTTGAACCAA,0,4795960
ygeY_predicted,0.25,3,3,TTCGGCCACGCGCGCGACAG,0,4812570
ygeY_predicted,0.25,3,3,TTCGACGTTCTCAAGATGCC,0,4814981
ygeY_predicted,0.25,3,3,TTCCTGGTCATGACTCCCAT,0,4795068
ygeY_predicted,0.25,3,3,TTCCCGGTTCCAATAATTCG,0,4814726
ygeY_predicted,0.25,3,3,TTCCACGAGCTCTCATCTAT,0,4812827
ygeY_predicted,0.25,3,3,TTCATCCAGGAGGATGGTGC,0,4800396
ygeY_predicted,0.25,3,3,TTCAGCATCGTGGTCTTCTA,0,4811823
ygeY_predicted,0.25,3,3,TTCACGGCGTTCATTGGTCT,0,4808315
ygeY_predicted,0.25,3,3,TTATTCTTCAATTAGACGGC,0,4802725
ygeY_predicted,0.25,3,3,TTATGTGGGTTACGCGGCTC,0,4804701
ygeY_predicted,0.25,3,3,TTACTCAGTGTTTCATACGT,0,4813913
ygeY_predicted,0.25,3,3,TTACAAGGGCACCCCTTCCT,0,4810746
ygeY_predicted,0.25,3,3,TTAACGGATTAGAGCATGTC,0,4805440
ygeY_predicted,0.25,3,3,TGTGTCCTAGCTCTGTGTTT,0,4814089
ygeY_predicted,0.25,3,3,TGTGTATCTTGTAATATCAA,0,4809684
ygeY_predicted,0.25,3,3,TGTCTGCCAGCGTCTGGATT,0,4811766
ygeY_predicted,0.25,3,3,TGTCATAAGGGCCTTAGCAG,0,4798151
ygeY_predicted,0.25,3,3,TGTATTGAAACCGTTCGCAT,0,4812582
ygeY_predicted,0.25,3,3,TGTATATCGTTGATTCCTGC,0,4804214
ygeY_predicted,0.25,3,3,TGGTGTCCTTCCTGCGTCAT,0,4807359
ygeY_predicted,0.25,3,3,TGGTGGCATAATATGTCCGT,0,4802971
ygeY_predicted,0.25,3,3,TGGTCATAGCTGGCAGTCGT,0,4800749
ygeY_predicted,0.25,3,3,TGGTAAAAATGTTCTATAGG,0,4811622
ygeY_predicted,0.25,3,3,TGGGCTCGCTTTTTTTTACA,0,4801749
ygeY_predicted,0.25,3,3,TGGCAATTGGGCCGAATCAC,0,4806481
ygeY_predicted,0.25,3,3,TGGAGCTGCACAACAGTTCT,0,4801569
ygeY_predicted,0.25,3,3,TGCTGGGACATCGGCTTATA,0,4800205
ygeY_predicted,0.25,3,3,TGCTGAATTAATTTACCCGA,0,4808095
ygeY_predicted,0.25,3,3,TGCTAGATTCAGGCGAGACA,0,4796913
ygeY_predicted,0.25,3,3,TGCGTTTTAGGGGTCTTGCT,0,4815081
ygeY_predicted,0.25,3,3,TGCGTCCAGATGTCTTCTGT,0,4797347
ygeY_predicted,0.25,3,3,TGCCGAGGTTGGGATTCGAC,0,4814930
ygeY_predicted,0.25,3,3,TGCCGACGACTTTAACGGCA,0,4816105
ygeY_predicted,0.25,3,3,TGCCATTGCAAGGAGGAATG,0,4814450
ygeY_predicted,0.25,3,3,TGCCACCGTGCTCCGCCCCT,0,4806374
ygeY_predicted,0.25,3,3,TGCATGTACCAAGGTGTCAC,0,4797576
ygeY_predicted,0.25,3,3,TGCACCCACCCCCAACCCCA,0,4815543
ygeY_predicted,0.25,3,3,TGCAACTTTGTTTTGCACAC,0,4807762
ygeY_predicted,0.25,3,3,TGATTCAGCACATGGTCATC,0,4801455
ygeY_predicted,0.25,3,3,TGATGCTAGGCCCTTTAAAT,0,4810878
ygeY_predicted,0.25,3,3,TGAGTGCGTTACCTTGTAGG,0,4803635
ygeY_predicted,0.25,3,3,TGACTGGTTAGTCTGGTGCA,0,4795999
ygeY_predicted,0.25,3,3,TGACCACGCTCTAGGGCGGA,0,4801607
ygeY_predicted,0.25,3,3,TGAATCTGCAAGGACTGATG,0,4800902
ygeY_predicted,0.25,3,3,TGAAGGTTGGTGCCACACGA,0,4803836
ygeY_predicted,0.25,3,3,TGAAGCACGCCAAGTCCACC,0,4798079
ygeY_predicted,0.25,3,3,TGAACAGAGTGCCTACCGGT,0,4801131
ygeY_predicted,0.25,3,3,TCTTTCAAGCATTTGTGGGT,0,4802636
ygeY_predicted,0.25,3,3,TCTGGGAATCTGCAATGTAA,0,4797249
ygeY_predicted,0.25,3,3,TCTGGCCGCCTATGTCGTTC,0,4802068
ygeY_predicted,0.25,3,3,TCTGCCTAGTGACCTGTCTC,0,4815931
ygeY_predicted,0.25,3,3,TCTGACGCATGGTCTATGTA,0,4799009
ygeY_predicted,0.25,3,3,TCTACATCCGTGTGGACTCC,0,4806618
ygeY_predicted,0.25,3,3,TCTAAGTGAATTATTGGATA,0,4797124
ygeY_predicted,0.25,3,3,TCGTTGATTGCCTAACAAGC,0,4814859
ygeY_predicted,0.25,3,3,TCGTGCCGGACGGGATGACG,0,4809596
ygeY_predicted,0.25,3,3,TCGGTGCGGACGTGTCATTG,0,4814845
ygeY_predicted,0.25,3,3,TCGGGTTGGCGCCATTGATC,0,4802087
ygeY_predicted,0.25,3,3,TCGGGTTATGTCCTCGAGCA,0,4800619
ygeY_predicted,0.25,3,3,TCGGCCGAGTGCAATACCTT,0,4796352
ygeY_predicted,0.25,3,3,TCGGATTCGAAATGGTCGTG,0,4797299
ygeY_predicted,0.25,3,3,TCGCTACTTACCGTTTGTGT,0,4810029
ygeY_predicted,0.25,3,3,TCGCGGGGTGGCTCTCTATC,0,4808475
ygeY_predicted,0.25,3,3,TCGCAAAGTCGTGGCCACCA,0,4797593
ygeY_predicted,0.25,3,3,TCGATGCTTAAGTGTCCCCT,0,4812813
ygeY_predicted,0.25,3,3,TCGAGGCCTGAAGGGAACAA,0,4796348
ygeY_predicted,0.25,3,3,TCGAATACGGCCCCATACCA,0,4796000
ygeY_predicted,0.25,3,3,TCCTGTCATATACGCGTTAG,0,4804426
ygeY_predicted,0.25,3,3,TCCGTCACCGACAAAATAAA,0,4796113
ygeY_predicted,0.25,3,3,TCCCGGTTGCCGCTCGGTCC,0,4804293
ygeY_predicted,0.25,3,3,TCCATTGGCCATTCATATCA,0,4816637
ygeY_predicted,0.25,3,3,TCCATAAGTGCAGGTGAGGT,0,4799679
ygeY_predicted,0.25,3,3,TCCATAAGCAAGATGCTCTC,0,4809608
ygeY_predicted,0.25,3,3,TCCAAAGGCCGGAAGTACGC,0,4802307
ygeY_predicted,0.25,3,3,TCATTCGTTGGAGGGCGGTC,0,4800394
ygeY_predicted,0.25,3,3,TCATGTTTAATGGGCAAGTT,0,4813833
ygeY_predicted,0.25,3,3,TCAGCGCGGAGGACAAACTC,0,4813745
ygeY_predicted,0.25,3,3,TCAGATGATTTGTTCTACGT,0,4808281
ygeY_predicted,0.25,3,3,TCACGTGCGGTGACGTAACA,0,4799160
ygeY_predicted,0.25,3,3,TCACGTGCCTTAACAAAGCA,0,4808909
ygeY_predicted,0.25,3,3,TCACGGCTTTGTTTAGAGAT,0,4798248
ygeY_predicted,0.25,3,3,TCACCTAAACAGCGTACTTT,0,4795029
ygeY_predicted,0.25,3,3,TCAAAAAATAACACGTGAAT,0,4805275
ygeY_predicted,0.25,3,3,TATTTTGTAGCGGGCGCTCT,0,4812461
ygeY_predicted,0.25,3,3,TATTTCAAGTTATGGAATCA,0,4799651
ygeY_predicted,0.25,3,3,TATTTAGTTTGTACTATTGT,0,4798482
ygeY_predicted,0.25,3,3,TATTAAACGTTCCGACGCTG,0,4803657
ygeY_predicted,0.25,3,3,TATGTATAAAGCTGTAATGT,0,4802435
ygeY_predicted,0.25,3,3,TATGGGTTTGTTGCGGTAGG,0,4805055
ygeY_predicted,0.25,3,3,TATGGATAAAACGTGGGTAT,0,4802653
ygeY_predicted,0.25,3,3,TATGCTAGGAGCGGCGTACA,0,4814071
ygeY_predicted,0.25,3,3,TATGAACGAGCGAATGTGTC,0,4815142
ygeY_predicted,0.25,3,3,TATCTTGATGCGCCACGGCT,0,4804191
ygeY_predicted,0.25,3,3,TATATCCGAATCACTCGCGG,0,4808631
ygeY_predicted,0.25,3,3,TATAGTATCTCTAGTAATTC,0,4810525
ygeY_predicted,0.25,3,3,TAGGTGCTGTAAGCTCTCAA,0,4801555
ygeY_predicted,0.25,3,3,TAGCCGCGTTTGGATGTTTC,0,4813998
ygeY_predicted,0.25,3,3,TAGATAGAAATCAAATAGAA,0,4811339
ygeY_predicted,0.25,3,3,TAGACCAACCTAACAATAAA,0,4798623
ygeY_predicted,0.25,3,3,TACTTGGCCGAATGCGAATA,0,4813910
ygeY_predicted,0.25,3,3,TACTCCGGATCCAGGAACGG,0,4801236
ygeY_predicted,0.25,3,3,TACGTTAAAATATAGCGCCA,0,4802478
ygeY_predicted,0.25,3,3,TACGTCAGGGCAAAGTTTAA,0,4803905
ygeY_predicted,0.25,3,3,TACGGCTCGGACCGTGGTAG,0,4803376
ygeY_predicted,0.25,3,3,TACGCCCGGAAAAGGTGTTC,0,4808794
ygeY_predicted,0.25,3,3,TACCCCGGATATACTTGGTT,0,4801193
ygeY_predicted,0.25,3,3,TACACAACGCATCGTTCCGT,0,4809604
ygeY_predicted,0.25,3,3,TACAAACCTATCCGAAAGAG,0,4807839
ygeY_predicted,0.25,3,3,TAATTAATAGACCACGATAA,0,4811269
ygeY_predicted,0.25,3,3,TAATGCTCACCGTATGCCAG,0,4800494
ygeY_predicted,0.25,3,3,TAATGCTACTTACCTACGGC,0,4799588
ygeY_predicted,0.25,3,3,TAAGCTCATTGAAACGACCT,0,4804454
ygeY_predicted,0.25,3,3,GTTTAATGTTAGGGACTCAA,0,4811143
ygeY_predicted,0.25,3,3,GTTGATCGGCCAGGTGGCGG,0,4801081
ygeY_predicted,0.25,3,3,GTTATCTCGCCTCGTGAAGT,0,4809520
ygeY_predicted,0.25,3,3,GTTAGCATGTGCAGGAAGTA,0,4812385
ygeY_predicted,0.25,3,3,GTTACCTGCAGAAGCGCCCA,0,4813170
ygeY_predicted,0.25,3,3,GTTAATCAAGGACCGTGTAA,0,4796670
ygeY_predicted,0.25,3,3,GTGTTAATAGTCATCACGCT,0,4805534
ygeY_predicted,0.25,3,3,GTGTGACGGGCTTCTTACGG,0,4803326
ygeY_predicted,0.25,3,3,GTGGCCGGTAATCCATATCA,0,4809753
ygeY_predicted,0.25,3,3,GTGGAAGTTACCTTTTCGGC,0,4807342
ygeY_predicted,0.25,3,3,GTGCTAGTGCGGCAGTTTTA,0,4809281
ygeY_predicted,0.25,3,3,GTGATCATCCCCAATGAACG,0,4808429
ygeY_predicted,0.25,3,3,GTGATACCGAGGCAACTTTT,0,4815720
ygeY_predicted,0.25,3,3,GTCTCGGTCGTCTAAACGGT,0,4798002
ygeY_predicted,0.25,3,3,GTCTACTAGGGGTATGTATT,0,4815654
ygeY_predicted,0.25,3,3,GTCGGGTCCAGAAAAGCAAG,0,4798839
ygeY_predicted,0.25,3,3,GTCGCGCTGCTCTGATCCAA,0,4795277
ygeY_predicted,0.25,3,3,GTCGAATCTAGGGAGCACTC,0,4816465
ygeY_predicted,0.25,3,3,GTCCTCTCGGTGGATGGGGT,0,4812919
ygeY_predicted,0.25,3,3,GTCAGGTACGCCTCACTATC,0,4808138
ygeY_predicted,0.25,3,3,GTCACAGTTCAGGATTCGCG,0,4803051
ygeY_predicted,0.25,3,3,GTCAATCCAGCTAGGTATCT,0,4802045
ygeY_predicted,0.25,3,3,GTATCAATCATCTTACATCT,0,4798536
ygeY_predicted,0.25,3,3,GTAGCGCAAGTTTTTAGAGA,0,4795406
ygeY_predicted,0.25,3,3,GTACGTAGAATCAACTCCTG,0,4804536
ygeY_predicted,0.25,3,3,GTACAAAGGGTCCCCATGCA,0,4808046
ygeY_predicted,0.25,3,3,GTAATGCGAGGGATCCAGTG,0,4815724
ygeY_predicted,0.25,3,3,GGTTTGTCGAGTACAGCAAC,0,4805530
ygeY_predicted,0.25,3,3,GGTTTCTCAGGCGAGGAGTG,0,4796985
ygeY_predicted,0.25,3,3,GGTTCTATATGTAAAGTGCC,0,4802112
ygeY_predicted,0.25,3,3,GGTTAGATTGAACTAAGTCC,0,4811178
ygeY_predicted,0.25,3,3,GGTGTCTTTGTAAGGGTTTC,0,4816295
ygeY_predicted,0.25,3,3,GGTGGGATTGGTGTGGCCTC,0,4809049
ygeY_predicted,0.25,3,3,GGTGGAGTAAATTCTAGGGT,0,4799791
ygeY_predicted,0.25,3,3,GGTGATATACATATCACTAG,0,4807293
ygeY_predicted,0.25,3,3,GGTGAGCTATCTTGGGCTGC,0,4800550
ygeY_predicted,0.25,3,3,GGTGAACGTGTCCTGAGTAA,0,4807177
ygeY_predicted,0.25,3,3,GGTCTGATAAGCGCATGATA,0,4815614
ygeY_predicted,0.25,3,3,GGTCCTGTTGATTCTAGCGC,0,4803488
ygeY_predicted,0.25,3,3,GGTCCGCCCATGGTATCGAG,0,4812431
ygeY_predicted,0.25,3,3,GGTATCGCCAGGTGTTAATC,0,4815905
ygeY_predicted,0.25,3,3,GGTAGATCTCCTACTTTGTG,0,4814474
ygeY_predicted,0.25,3,3,GGTAGAGTTTTGTCCTATCT,0,4799381
ygeY_predicted,0.25,3,3,GGTAGAATGCGGAGACCCTC,0,4810327
ygeY_predicted,0.25,3,3,GGTACAGTAGTTAAAGACGG,0,4806478
ygeY_predicted,0.25,3,3,GGTAAGGTTTATAGTACGTA,0,4803694
ygeY_predicted,0.25,3,3,GGGTTATAACACCGAGGGCT,0,4808150
ygeY_predicted,0.25,3,3,GGGGTTGGTACTACAAGGAT,0,4803587
ygeY_predicted,0.25,3,3,GGGGGGAACGGTCACCGGAC,0,4794932
ygeY_predicted,0.25,3,3,GGCTGCTCTACCGCCGACCC,0,4808112
ygeY_predicted,0.25,3,3,GGCTATAGTGCCTTAGTTAG,0,4813358
ygeY_predicted,0.25,3,3,GGCGGCTAGTTAGGAGGGGA,0,4811412
ygeY_predicted,0.25,3,3,GGCGCCCTCCCGAAACCTGA,0,4807149
ygeY_predicted,0.25,3,3,GGCGATCGACACGTTAGTGG,0,4811207
ygeY_predicted,0.25,3,3,GGCGAAGCACCTTTGCGGCA,0,4813655
ygeY_predicted,0.25,3,3,GGCCCGAACCAGCTATCAAG,0,4800047
ygeY_predicted,0.25,3,3,GGCCAATTACTTAGGAGTAA,0,4816782
ygeY_predicted,0.25,3,3,GGCACAAGTGACCCCTGACG,0,4806035
ygeY_predicted,0.25,3,3,GGCAATTGACGAATAGGGCT,0,4803821
ygeY_predicted,0.25,3,3,GGCAATGTATTCACTGTGAG,0,4796556
ygeY_predicted,0.25,3,3,GGATGCGGTGTTCTTGGTGT,0,4813700
ygeY_predicted,0.25,3,3,GGAGCTAAATCTTCGGGTTT,0,4806039
ygeY_predicted,0.25,3,3,GGACTCCATGTAATCGCATT,0,4808559
ygeY_predicted,0.25,3,3,GGACGCGACATCTTGACATT,0,4803637
ygeY_predicted,0.25,3,3,GGAACAAGTTGAGTTGTAAA,0,4813319
ygeY_predicted,0.25,3,3,GGAAATTCTAAAGGGTCTAA,0,4799502
ygeY_predicted,0.25,3,3,GGAAAAGCGACTTGGGGGTA,0,4797862
ygeY_predicted,0.25,3,3,GCTTCCTCCAATAATGCCAG,0,4798693
ygeY_predicted,0.25,3,3,GCTGTTGTAGGTCGCTAGTG,0,4795961
ygeY_predicted,0.25,3,3,GCTCTAGAGGACGCTTGGCA,0,4804186
ygeY_predicted,0.25,3,3,GCTCCGGAAATGATCTAGTC,0,4801940
ygeY_predicted,0.25,3,3,GCTCCCTTCCTTCTGCAAGG,0,4798289
ygeY_predicted,0.25,3,3,GCTCACAGGAGCCTTGGACC,0,4802638
ygeY_predicted,0.25,3,3,GCTAACGTCTGCGAACTCTT,0,4798001
ygeY_predicted,0.25,3,3,GCGTGGCTGGCGTTCACTGG,0,4796122
ygeY_predicted,0.25,3,3,GCGTGATGCACGTGCTGAAC,0,4801290
ygeY_predicted,0.25,3,3,GCGGTCACTAAGTGGTTATA,0,4803612
ygeY_predicted,0.25,3,3,GCGGGTCTTTTAAGGTTTTG,0,4809592
ygeY_predicted,0.25,3,3,GCGGGCAATGTTAAGCCGAT,0,4815747
ygeY_predicted,0.25,3,3,GCGGATTCCTTGAAGGCCAT,0,4807884
ygeY_predicted,0.25,3,3,GCGGAGACCGCAAGACCTAA,0,4811854
ygeY_predicted,0.25,3,3,GCGGACGTGGTCACGCGCAG,0,4798962
ygeY_predicted,0.25,3,3,GCGCGTGTCTTCAAGATACG,0,4813077
ygeY_predicted,0.25,3,3,GCGCGACTATGTAGGTATTT,0,4816291
ygeY_predicted,0.25,3,3,GCGCAGATGAGTCAGGCTCT,0,4812119
ygeY_predicted,0.25,3,3,GCGATAAACTAGGCAAGCAT,0,4816094
ygeY_predicted,0.25,3,3,GCCTAAGTGTTTTTACCACC,0,4811688
ygeY_predicted,0.25,3,3,GCCGGGAATCGTTCCGAAAC,0,4815387
ygeY_predicted,0.25,3,3,GCCGCAAGAACCAACGGCCG,0,4813426
ygeY_predicted,0.25,3,3,GCCGATGATGGTGGGGCATT,0,4800400
ygeY_predicted,0.25,3,3,GCCGATAAGAGGGACGGGCG,0,4813270
ygeY_predicted,0.25,3,3,GCCCTTACGCGGTTATGTGT,0,4802387
ygeY_predicted,0.25,3,3,GCCCTGCGGGGGATGACGGA,0,4801614
ygeY_predicted,0.25,3,3,GCCAGGTTAACGAGGTATAT,0,4800136
ygeY_predicted,0.25,3,3,GCCACTTCCATCGCGACGGT,0,4802502
ygeY_predicted,0.25,3,3,GCATCAAATACTGGTAGCTA,0,4797538
ygeY_predicted,0.25,3,3,GCAGGAGCGATCACCTTCGA,0,4797679
ygeY_predicted,0.25,3,3,GCACTTGTATGCAAATACTG,0,4798961
ygeY_predicted,0.25,3,3,GATTTCGGGAGAAAAGTTGC,0,4805164
ygeY_predicted,0.25,3,3,GATTCCGTAGGCTGAACCGC,0,4800525
ygeY_predicted,0.25,3,3,GATTAGACGTACCAGTGGGT,0,4803187
ygeY_predicted,0.25,3,3,GATGTCCAAGACTGTATGTT,0,4795173
ygeY_predicted,0.25,3,3,GATCCGTCTACAGACACTTA,0,4803963
ygeY_predicted,0.25,3,3,GATCCGATCCGCACATCGTT,0,4816501
ygeY_predicted,0.25,3,3,GATACCTCATGCCAACCTAT,0,4801092
ygeY_predicted,0.25,3,3,GAGTAAGGGGCCATCTCTGT,0,4801524
ygeY_predicted,0.25,3,3,GAGGTTTTACACTAAGGAAT,0,4806390
ygeY_predicted,0.25,3,3,GAGGCCGCAGCTTGGAATGT,0,4799620
ygeY_predicted,0.25,3,3,GAGGCCCTGTGAGCATATGT,0,4801540
ygeY_predicted,0.25,3,3,GAGGCCAGCGGATGCATTAC,0,4812506
ygeY_predicted,0.25,3,3,GAGGCATGCTTTGAGCTTAT,0,4815999
ygeY_predicted,0.25,3,3,GAGCGGGGTAACCCGAGACT,0,4806309
ygeY_predicted,0.25,3,3,GAGCGCTCGCGAAGCTACGT,0,4811941
ygeY_predicted,0.25,3,3,GAGCGAGTACTGAGTCTACC,0,4808193
ygeY_predicted,0.25,3,3,GAGCCGGCAAGGTTCAGAAT,0,4806428
ygeY_predicted,0.25,3,3,GAGCAGGCGACCGACAGCCC,0,4801895
ygeY_predicted,0.25,3,3,GAGATAACTGCTATTAGTAG,0,4806231
ygeY_predicted,0.25,3,3,GAGAGCCGTATTGAATGGAT,0,4803069
ygeY_predicted,0.25,3,3,GACTTGTGTGACACCAAAAC,0,4801052
ygeY_predicted,0.25,3,3,GACTTGTCTTCCATCGAGTC,0,4816082
ygeY_predicted,0.25,3,3,GACTGGCGAAGCGTTTTGGA,0,4795679
ygeY_predicted,0.25,3,3,GACTCGTGAAGCGGGGCGAT,0,4810216
ygeY_predicted,0.25,3,3,GACTCACGTCTTGGGCAAGG,0,4799614
ygeY_predicted,0.25,3,3,GACGATAATTTACAGTAAGG,0,4803091
ygeY_predicted,0.25,3,3,GACCTTGTATTCAAATAGCG,0,4802104
ygeY_predicted,0.25,3,3,GACCTTCAAGGTCTTACCTT,0,4814181
ygeY_predicted,0.25,3,3,GACATCAGCTCTTGCCGTCA,0,4797491
ygeY_predicted,0.25,3,3,GAATTCATTGAAGGGGCCTC,0,4811966
ygeY_predicted,0.25,3,3,GAATTCAACATATTAGGATA,0,4801515
ygeY_predicted,0.25,3,3,GAAGCCACCTAAGTATGACG,0,4798820
ygeY_predicted,0.25,3,3,GAACGGCGTAGGGGGCGAGA,0,4797080
ygeY_predicted,0.25,3,3,GAAATCCGGGAGGGTCTAGT,0,4798838
ygeY_predicted,0.25,3,3,CTTTAGAAGCGATGGGTGAT,0,4812442
ygeY_predicted,0.25,3,3,CTTCTGTAATAGAGATAAGA,0,4808247
ygeY_predicted,0.25,3,3,CTTATGTGGGACCACCTGTT,0,4799384
ygeY_predicted,0.25,3,3,CTTAAGAACAGAGCCCCTGG,0,4800629
ygeY_predicted,0.25,3,3,CTGTCCTTATGCGGTTGACT,0,4811729
ygeY_predicted,0.25,3,3,CTGTAGCGGACTTATCCCAG,0,4810695
ygeY_predicted,0.25,3,3,CTGTACTGTTCATTTGATGC,0,4809497
ygeY_predicted,0.25,3,3,CTGGTGGCACACTCGGCCCT,0,4799573
ygeY_predicted,0.25,3,3,CTGCGTTGTATCAATGAGGG,0,4805186
ygeY_predicted,0.25,3,3,CTGCGTCTAAGTGGTTACTC,0,4806556
ygeY_predicted,0.25,3,3,CTGCCGCGACGACATACGAT,0,4796549
ygeY_predicted,0.25,3,3,CTGACTTTATCATATTAATG,0,4800079
ygeY_predicted,0.25,3,3,CTCTCCGCAAGAATCTCAGG,0,4808893
ygeY_predicted,0.25,3,3,CTCGTGAAGGCGCTCTATCT,0,4814313
ygeY_predicted,0.25,3,3,CTCGGCAGGTTTGAACTGGA,0,4815053
ygeY_predicted,0.25,3,3,CTCGAGGACATCCAAGTGAT,0,4796315
ygeY_predicted,0.25,3,3,CTCCTGCCGACCGCTGTAGT,0,4807156
ygeY_predicted,0.25,3,3,CTCACCGCCCACAAGTAGTC,0,4807142
ygeY_predicted,0.25,3,3,CTATTGGCAGGCTTAATTAT,0,4807405
ygeY_predicted,0.25,3,3,CTATTATCTCACACATGGCA,0,4807732
ygeY_predicted,0.25,3,3,CTAGCGCCTTCTCTAGAAAC,0,4814451
ygeY_predicted,0.25,3,3,CTACTAGGCCTAACGCGTAC,0,4807705
ygeY_predicted,0.25,3,3,CTACGTGCTGCGATGTAAAT,0,4806322
ygeY_predicted,0.25,3,3,CTACAATATGGATTGGTGAT,0,4800845
ygeY_predicted,0.25,3,3,CGTTTGCGCCCCAAGTGGTA,0,4810071
ygeY_predicted,0.25,3,3,CGTTTCTGGGATCCACGTTC,0,4806122
ygeY_predicted,0.25,3,3,CGTGTCAGATTAGTTGCCGG,0,4797846
ygeY_predicted,0.25,3,3,CGTGGGGCGTATATATACGC,0,4800522
ygeY_predicted,0.25,3,3,CGTGCAGTCAACGGCGTTCC,0,4815649
ygeY_predicted,0.25,3,3,CGTCTTCTCTTTTGATAAAA,0,4806675
ygeY_predicted,0.25,3,3,CGTCTGATTAGTTGTTTTCC,0,4805498
ygeY_predicted,0.25,3,3,CGTCAAAACTTACTTAGTTC,0,4816451
ygeY_predicted,0.25,3,3,CGTATTGTAGAGGCAGGATG,0,4800087
ygeY_predicted,0.25,3,3,CGTAGCTAGCCCGCCCCAGC,0,4798397
ygeY_predicted,0.25,3,3,CGTAAGGCCGTTATGTCCAT,0,4795536
ygeY_predicted,0.25,3,3,CGTAACAATGTGGATCACAG,0,4797497
ygeY_predicted,0.25,3,3,CGGTTCAAGCTCGGGGCCGT,0,4813709
ygeY_predicted,0.25,3,3,CGGTGTAAGCCAATCTTATA,0,4799047
ygeY_predicted,0.25,3,3,CGGTGGATTATTGTCTATCC,0,4809579
ygeY_predicted,0.25,3,3,CGGTATTTCGTATCTCTTGA,0,4800096
ygeY_predicted,0.25,3,3,CGGGTCGCGGTTGCATGGGT,0,4811293
ygeY_predicted,0.25,3,3,CGGGGGCGCCTAGCTACGTA,0,4815988
ygeY_predicted,0.25,3,3,CGGCTCAGCTTCTCACAAAG,0,4796143
ygeY_predicted,0.25,3,3,CGGCGCCTGATGCTCAAAAA,0,4807920
ygeY_predicted,0.25,3,3,CGGCCTTTTTGGAGGAACGG,0,4813742
ygeY_predicted,0.25,3,3,CGGATGTTCAATAAACACGA,0,4813666
ygeY_predicted,0.25,3,3,CGGAGAAACATAAAAGCCGG,0,4797998
ygeY_predicted,0.25,3,3,CGGAATTGCTCGCGCAGCTA,0,4809452
ygeY_predicted,0.25,3,3,CGGAAAGGTGTCCGGGTGGG,0,4796359
ygeY_predicted,0.25,3,3,CGCTTGGACAGCGTCAAGGC,0,4800710
ygeY_predicted,0.25,3,3,CGCTGGGTTGGGGCACCGCC,0,4813105
ygeY_predicted,0.25,3,3,CGCCTCCACTTCCTACTATA,0,4809149
ygeY_predicted,0.25,3,3,CGCAGGCACGGAATAAACAT,0,4815168
ygeY_predicted,0.25,3,3,CGCAAGCGTACGCGTGGATC,0,4809738
ygeY_predicted,0.25,3,3,CGCAACCATGGCTTAAAGGG,0,4808919
ygeY_predicted,0.25,3,3,CGATTTAGGCGTAGTATGCT,0,4795469
ygeY_predicted,0.25,3,3,CGATTATTCCGGCAGTATCA,0,4795049
ygeY_predicted,0.25,3,3,CGATCACTCCAGCTCGTCCA,0,4802142
ygeY_predicted,0.25,3,3,CGAGTGGTCTGTTGACTTAT,0,4808672
ygeY_predicted,0.25,3,3,CGAGTCCGGCATCCTTGCGG,0,4805688
ygeY_predicted,0.25,3,3,CGAGTAAGGCGTTAGGTTCT,0,4798167
ygeY_predicted,0.25,3,3,CGACGTTTCCTTTAAAGTTG,0,4798089
ygeY_predicted,0.25,3,3,CGACGGCACTAAAACAAACA,0,4811628
ygeY_predicted,0.25,3,3,CGACCAATACCTGACGTGTA,0,4803464
ygeY_predicted,0.25,3,3,CGAAAAACTGCGATCCTGAG,0,4799230
ygeY_predicted,0.25,3,3,CCTTTATGGCATTGCAGGCA,0,4816509
ygeY_predicted,0.25,3,3,CCTGTTTCAAAACCAGCCCC,0,4801437
ygeY_predicted,0.25,3,3,CCTGTGGCCACCTCCTCCTA,0,4815958
ygeY_predicted,0.25,3,3,CCTGGCATTTTGACAATGTT,0,4806707
ygeY_predicted,0.25,3,3,CCTCAGTTCAATATCTAGAA,0,4811220
ygeY_predicted,0.25,3,3,CCTCAGGGTGGTAGTATGCT,0,4814530
ygeY_predicted,0.25,3,3,CCTCACCCTCACATCTAAGT,0,4815070
ygeY_predicted,0.25,3,3,CCTACCACGGTAATTAAACG,0,4810767
ygeY_predicted,0.25,3,3,CCGTTTCGAGGCATATCGAG,0,4810124
ygeY_predicted,0.25,3,3,CCGTTGGGACCCCATCGGTC,0,4812482
ygeY_predicted,0.25,3,3,CCGGTTGTCTGACTCCCGAA,0,4796112
ygeY_predicted,0.25,3,3,CCGGCCGATAAACTGAAGGC,0,4798846
ygeY_predicted,0.25,3,3,CCGCGTCCCCTATTCCTAGT,0,4812486
ygeY_predicted,0.25,3,3,CCGCCTCTGATTACGGGAGG,0,4816814
ygeY_predicted,0.25,3,3,CCGCATTGGCTTGTAATGCA,0,4815095
ygeY_predicted,0.25,3,3,CCGATGCAGCGAACATGATG,0,4809981
ygeY_predicted,0.25,3,3,CCGAGAAAATCTACAGGCTG,0,4803208
ygeY_predicted,0.25,3,3,CCGAGAAAAGATACATGCAT,0,4802539
ygeY_predicted,0.25,3,3,CCGAAGCGGCACAGATTAGC,0,4803649
ygeY_predicted,0.25,3,3,CCGAACTGGATCGGCGCCTA,0,4806343
ygeY_predicted,0.25,3,3,CCGAACACGTGATCGGGAGT,0,4815175
ygeY_predicted,0.25,3,3,CCCTCCTAATGAGAATTTCA,0,4811541
ygeY_predicted,0.25,3,3,CCCGCGGGTTATAATTTGTT,0,4804988
ygeY_predicted,0.25,3,3,CCCCGATCGGGTTGAGCTTA,0,4805537
ygeY_predicted,0.25,3,3,CCCAGAGTCAGAAAGAATGC,0,4801141
ygeY_predicted,0.25,3,3,CCATCCGTAGCATCGTGAGA,0,4806739
ygeY_predicted,0.25,3,3,CCAGTAGCCATTATTTACCT,0,4802527
ygeY_predicted,0.25,3,3,CCACTCCCGCTCATCGTGGG,0,4802615
ygeY_predicted,0.25,3,3,CCACCGTGCATATAATTCAT,0,4813030
ygeY_predicted,0.25,3,3,CCACACCTTCAGGTACCACA,0,4813106
ygeY_predicted,0.25,3,3,CCAATCGCCTAAGATTAATC,0,4801542
ygeY_predicted,0.25,3,3,CCAAAGACGCCACCATGCCG,0,4800254
ygeY_predicted,0.25,3,3,CATTTCTACTATCAACCCTG,0,4798950
ygeY_predicted,0.25,3,3,CATTATATTCCAATGGGAAC,0,4814990
ygeY_predicted,0.25,3,3,CATTACGGTGAATAGTGTAT,0,4812866
ygeY_predicted,0.25,3,3,CATGGATCAGCACAAGCCGA,0,4798937
ygeY_predicted,0.25,3,3,CATCTTGGGTTTAAAGTCAG,0,4806248
ygeY_predicted,0.25,3,3,CAGGTAGGCCTACGTGGGTT,0,4795378
ygeY_predicted,0.25,3,3,CAGGCCAGCTTTTGAAACCC,0,4802613
ygeY_predicted,0.25,3,3,CAGGAGAGGAGAAACTCTTC,0,4809794
ygeY_predicted,0.25,3,3,CAGCCTGACTCTACCTGTTC,0,4798753
ygeY_predicted,0.25,3,3,CAGCATAGCCAGGGGTGCTG,0,4806686
ygeY_predicted,0.25,3,3,CAGAACTAGACATAACTGAT,0,4814332
ygeY_predicted,0.25,3,3,CACTACGTGTCACGCAGTAG,0,4816341
ygeY_predicted,0.25,3,3,CACGGGGGCTTCGAATAGTT,0,4804424
ygeY_predicted,0.25,3,3,CACGGGCTACAGACCCCTAA,0,4809054
ygeY_predicted,0.25,3,3,CACGAGCTACCCGCAATTCC,0,4801332
ygeY_predicted,0.25,3,3,CACAATCGTCGTTCGAGCGT,0,4807489
ygeY_predicted,0.25,3,3,CAATCATAACGTTGTCTTAC,0,4796641
ygeY_predicted,0.25,3,3,CAAAATAGATACAATTTCTA,0,4810693
ygeY_predicted,0.25,3,3,ATTTTTCGATGTTTAGGTAG,0,4795370
ygeY_predicted,0.25,3,3,ATTTTATCGCTACGGCTTGC,0,4794967
ygeY_predicted,0.25,3,3,ATTTCACAATCTAGAGACGA,0,4796367
ygeY_predicted,0.25,3,3,ATTTATTGAAGGGACCAGGA,0,4807411
ygeY_predicted,0.25,3,3,ATTGCAATTGTCGGATAACA,0,4795384
ygeY_predicted,0.25,3,3,ATTCGGGGTGTCCGAACCTG,0,4813710
ygeY_predicted,0.25,3,3,ATTCCCGATCGCCGATGTTC,0,4799859
ygeY_predicted,0.25,3,3,ATTCAGCCAATTGTATGAGA,0,4816848
ygeY_predicted,0.25,3,3,ATTATCGTCAGTGCGCGCCA,0,4804429
ygeY_predicted,0.25,3,3,ATTACAGGTTGAACGTCCGA,0,4816638
ygeY_predicted,0.25,3,3,ATTAATGTGCGATGCACACT,0,4811146
ygeY_predicted,0.25,3,3,ATGTTTTTAAGACGTAATCA,0,4803497
ygeY_predicted,0.25,3,3,ATGTTGGTTCCATAATATAG,0,4798809
ygeY_predicted,0.25,3,3,ATGGTTAATCTCTTCCGCAT,0,4796822
ygeY_predicted,0.25,3,3,ATGGTGGTCATTCATCCCGT,0,4805027
ygeY_predicted,0.25,3,3,ATGGGTGAGGGCGATGAATG,0,4796894
ygeY_predicted,0.25,3,3,ATGGCGTCTTAAACAAGGGA,0,4796572
ygeY_predicted,0.25,3,3,ATGCTGGTCGCACTTACATA,0,4802273
ygeY_predicted,0.25,3,3,ATGCTGAAACTCGGTCCGCG,0,4797782
ygeY_predicted,0.25,3,3,ATGCCGTATCGTGGAGCCAA,0,4808926
ygeY_predicted,0.25,3,3,ATGCCGACCACAAGTGCTTG,0,4815260
ygeY_predicted,0.25,3,3,ATGCAGCCCCCGAATGACAA,0,4809076
ygeY_predicted,0.25,3,3,ATGATTTTGATCTTCAATCC,0,4811940
ygeY_predicted,0.25,3,3,ATCGTGTATTTCGATTAGAA,0,4805700
ygeY_predicted,0.25,3,3,ATCGTACGAGGCGGGGTGGT,0,4804284
ygeY_predicted,0.25,3,3,ATCGTAAAAATGCCGCGTGT,0,4813839
ygeY_predicted,0.25,3,3,ATCGGGACGTAAGTGTCGCG,0,4806900
ygeY_predicted,0.25,3,3,ATCCCTATGGATAATTCATT,0,4795687
ygeY_predicted,0.25,3,3,ATCAGTGCCGTCGTATCCGA,0,4802671
ygeY_predicted,0.25,3,3,ATCACGCTGTAGCTGCGCCA,0,4800274
ygeY_predicted,0.25,3,3,ATCACGACGGGTATAGGCGG,0,4812963
ygeY_predicted,0.25,3,3,ATCACGAATCGACAAAAGGA,0,4810270
ygeY_predicted,0.25,3,3,ATATCGTAGCCATATCAGGG,0,4806743
ygeY_predicted,0.25,3,3,ATAGGTCCACTTTTATAAGC,0,4812533
ygeY_predicted,0.25,3,3,ATAGAGGGGCAGCCATGCGT,0,4797839
ygeY_predicted,0.25,3,3,ATAATGGGGTACTACCATCG,0,4812042
ygeY_predicted,0.25,3,3,ATAATCATCTTTTGATCACA,0,4811425
ygeY_predicted,0.25,3,3,AGTTTCGGGCCTAGTACTCA,0,4795371
ygeY_predicted,0.25,3,3,AGTTGGCATTTCTCAAGAAT,0,4801234
ygeY_predicted,0.25,3,3,AGTTCGTGCGTCCAGAGTAA,0,4795159
ygeY_predicted,0.25,3,3,AGTTCAGATGGATTTAAGGC,0,4813178
ygeY_predicted,0.25,3,3,AGTTAGAGCATGGTAAATAG,0,4799478
ygeY_predicted,0.25,3,3,AGTGTCTTTCATAGCGGAAC,0,4800633
ygeY_predicted,0.25,3,3,AGTCGGCAACAGGTGGTTAT,0,4800379
ygeY_predicted,0.25,3,3,AGTCAGTCCTAAGTATCGTC,0,4801097
ygeY_predicted,0.25,3,3,AGTCAGGTCTGTCTCATGTT,0,4813518
ygeY_predicted,0.25,3,3,AGTCAGGATCTCTTGGATCG,0,4808828
ygeY_predicted,0.25,3,3,AGTCACAGCAAACGGAGCGC,0,4804017
ygeY_predicted,0.25,3,3,AGTAGTGCGTGGGTCGCCGC,0,4805879
ygeY_predicted,0.25,3,3,AGTAGGGCGACTACAAGTGA,0,4796714
ygeY_predicted,0.25,3,3,AGGTTCACTCTCCTCGGGCG,0,4797404
ygeY_predicted,0.25,3,3,AGGTGCCGACAGGCCATAGA,0,4813841
ygeY_predicted,0.25,3,3,AGGTGAGGCCCACGGGGCGA,0,4806215
ygeY_predicted,0.25,3,3,AGGTCAGGGACATGCGAGAA,0,4804584
ygeY_predicted,0.25,3,3,AGGTCACAGATTTAGACGAC,0,4801998
ygeY_predicted,0.25,3,3,AGGTACCGTCGGAATGGACA,0,4809068
ygeY_predicted,0.25,3,3,AGGGTGGTTTATTCTCTAAA,0,4813491
ygeY_predicted,0.25,3,3,AGGCGGAGAGCTGTTGATTT,0,4801409
ygeY_predicted,0.25,3,3,AGGAGAACCGCAAGAATAGA,0,4805393
ygeY_predicted,0.25,3,3,AGGACAGTGACGAAAGGAAA,0,4804527
ygeY_predicted,0.25,3,3,AGGAAGGCTAATTGCGAGCG,0,4813694
ygeY_predicted,0.25,3,3,AGCCTTCAGGCTTTGCCGTT,0,4797116
ygeY_predicted,0.25,3,3,AGCCTGCGAGCGTTGAGGAA,0,4815040
ygeY_predicted,0.25,3,3,AGCATCCTAGACCCAGCTTC,0,4809378
ygeY_predicted,0.25,3,3,AGATGCTTCGGCCATATTAG,0,4810043
ygeY_predicted,0.25,3,3,AGATGCAGCTCACACATAGA,0,4814237
ygeY_predicted,0.25,3,3,AGAGCAGGCCTTCTTTTGAC,0,4794971
ygeY_predicted,0.25,3,3,AGAGAACTGGGCGAGTGGGT,0,4801918
ygeY_predicted,0.25,3,3,AGACTCAGATGGCCCTATCT,0,4796884
ygeY_predicted,0.25,3,3,AGACCGTAAGTGCCGGGGAA,0,4807542
ygeY_predicted,0.25,3,3,AGAATTTCAGCGAGCAACAA,0,4799276
ygeY_predicted,0.25,3,3,AGAAGGATAAGTGGTTTGGT,0,4806822
ygeY_predicted,0.25,3,3,AGAACACTGTATTACCCGGC,0,4798864
ygeY_predicted,0.25,3,3,AGAAAAATGACCGAAATGAG,0,4797267
ygeY_predicted,0.25,3,3,ACTTTTAAACATGTGTGCAC,0,4810005
ygeY_predicted,0.25,3,3,ACTTGGGGTGTCTGGGTTCG,0,4807064
ygeY_predicted,0.25,3,3,ACTTCTTCTCGCTACAGTCA,0,4807273
ygeY_predicted,0.25,3,3,ACTTCCGAGCGCGGGGAGTT,0,4797500
ygeY_predicted,0.25,3,3,ACTTCACTACAACAGCCGGG,0,4795737
ygeY_predicted,0.25,3,3,ACTGTTACTCGACTTTTCCC,0,4798743
ygeY_predicted,0.25,3,3,ACTCGTGTGCGACCGGCAGA,0,4804244
ygeY_predicted,0.25,3,3,ACTCACCGAAGGCACTACTT,0,4805103
ygeY_predicted,0.25,3,3,ACGTTCTTGGCGTAAGCCGA,0,4801875
ygeY_predicted,0.25,3,3,ACGTGTGTATTTGAAGTTGA,0,4807989
ygeY_predicted,0.25,3,3,ACGCGCGGCGCTTTGCCCTA,0,4801793
ygeY_predicted,0.25,3,3,ACGCGCACGGCCTTCGCGAG,0,4811604
ygeY_predicted,0.25,3,3,ACGCCCCAGCGCACTGAGTG,0,4800349
ygeY_predicted,0.25,3,3,ACGCAACGAGCCTAGTTCTT,0,4807766
ygeY_predicted,0.25,3,3,ACGAGAGTTTTTGGTGGGCG,0,4795418
ygeY_predicted,0.25,3,3,ACGAGACTTTGTACGGTCCA,0,4803910
ygeY_predicted,0.25,3,3,ACCGGAACTTGCGCACCACG,0,4809638
ygeY_predicted,0.25,3,3,ACCGCGAGCGATCCCGCACG,0,4799561
ygeY_predicted,0.25,3,3,ACCCTTCCTAAAATGCCGAA,0,4814335
ygeY_predicted,0.25,3,3,ACCCTTAGGAGCACAGAAAC,0,4807976
ygeY_predicted,0.25,3,3,ACCCTGTCATATTGGATTGT,0,4813072
ygeY_predicted,0.25,3,3,ACCCTATGTTACAAAATCCA,0,4801133
ygeY_predicted,0.25,3,3,ACCCCCATTCTAGGCTCCCC,0,4800091
ygeY_predicted,0.25,3,3,ACCCCCACGTATTAACATGT,0,4800161
ygeY_predicted,0.25,3,3,ACCCCACGGGCTTTCACCCT,0,4797834
ygeY_predicted,0.25,3,3,ACCCACTCACCAGTACCATC,0,4794893
ygeY_predicted,0.25,3,3,ACCATTGTCCAGTCAAAGAA,0,4811236
ygeY_predicted,0.25,3,3,ACCATATTTGTCTTTTCTCG,0,4812373
ygeY_predicted,0.25,3,3,ACCATATCAATCCTCAAGAT,0,4813062
ygeY_predicted,0.25,3,3,ACCAGTATCTGAGCTAGTTG,0,4799238
ygeY_predicted,0.25,3,3,ACCACTGGCTGCGATAGGCC,0,4796850
ygeY_predicted,0.25,3,3,ACCAAATGCACAAAGGTAAC,0,4799605
ygeY_predicted,0.25,3,3,ACAGGACCACCCGACGTCGA,0,4802195
ygeY_predicted,0.25,3,3,AATTCGCAAAACGACCCCAT,0,4801917
ygeY_predicted,0.25,3,3,AATTCGATGACTGCCCACAA,0,4807778
ygeY_predicted,0.25,3,3,AATTAAGAGGCTTCGGTTTA,0,4800908
ygeY_predicted,0.25,3,3,AATGCATGTACCTCCGGCAT,0,4798708
ygeY_predicted,0.25,3,3,AATGATTCACTCTAGCGTGT,0,4815099
ygeY_predicted,0.25,3,3,AATCTTGATCAGGACATAAA,0,4812211
ygeY_predicted,0.25,3,3,AATCTGTCAATATGATAAGT,0,4795532
ygeY_predicted,0.25,3,3,AATCGCAGGCTTAAGCCCGT,0,4797024
ygeY_predicted,0.25,3,3,AATCGAGTAGTTATACTTCA,0,4805311
ygeY_predicted,0.25,3,3,AATATTACGTTGACGGAAGT,0,4794952
ygeY_predicted,0.25,3,3,AATACCGGCTCGTCTCTTGG,0,4799140
ygeY_predicted,0.25,3,3,AATAACCTCCTCCACCCGTA,0,4799770
ygeY_predicted,0.25,3,3,AATAAAGAATCAAACAGTCC,0,4795622
ygeY_predicted,0.25,3,3,AAGTTCGTCAGACAGGTAAT,0,4808560
ygeY_predicted,0.25,3,3,AAGTGTCAGTTTTTTATGAT,0,4807694
ygeY_predicted,0.25,3,3,AAGTCACAAACTACGAGAGT,0,4797217
ygeY_predicted,0.25,3,3,AAGGTGACAGTGGCCTTTGG,0,4795777
ygeY_predicted,0.25,3,3,AAGGCTGCACAAGGGCCAAT,0,4802090
ygeY_predicted,0.25,3,3,AAGGCGGGTTTGAGAGTTAT,0,4807803
ygeY_predicted,0.25,3,3,AAGGCAGCAATTCCGGTGAG,0,4815392
ygeY_predicted,0.25,3,3,AAGGACCCCAAAACTTTGTC,0,4814100
ygeY_predicted,0.25,3,3,AAGCCCAGGGTCCAATCAGC,0,4808016
ygeY_predicted,0.25,3,3,AAGATAGTGCGTCAGTTGCG,0,4796568
ygeY_predicted,0.25,3,3,AAGAGCTTGCAAGGCCGCAT,0,4814038
ygeY_predicted,0.25,3,3,AAGAGCTCGAGGGATTGGCA,0,4798179
ygeY_predicted,0.25,3,3,AAGACAGCTGCGCCTCCTGT,0,4810560
ygeY_predicted,0.25,3,3,AACTGTCTCGTCACCGAATA,0,4804751
ygeY_predicted,0.25,3,3,AACTAGGCCGCCGCGCTTCT,0,4814962
ygeY_predicted,0.25,3,3,AACGGGGCCTCCAGCTTGTC,0,4813683
ygeY_predicted,0.25,3,3,AACGATGGTGGATGTCAGAA,0,4815270
ygeY_predicted,0.25,3,3,AACGAGGTAAGTAACTTTAC,0,4801483
ygeY_predicted,0.25,3,3,AACCGCTACCATAATGCTGA,0,4800198
ygeY_predicted,0.25,3,3,AACATGTTACATATCGTAAT,0,4803113
ygeY_predicted,0.25,3,3,AACATATGTGACCAGACTGG,0,4812250
ygeY_predicted,0.25,3,3,AACATACAATGGACAACTTT,0,4805683
ygeY_predicted,0.25,3,3,AACAGGACGTAACCCATATT,0,4800066
ygeY_predicted,0.25,3,3,AACACTAGGAAGGATGACTC,0,4798412
ygeY_predicted,0.25,3,3,AAATTCAGCAGACGCAATAG,0,4803810
ygeY_predicted,0.25,3,3,AAATGTGGCCTTTGCCGCTG,0,4810473
ygeY_predicted,0.25,3,3,AAATCTGCGGGGGCCGAGGC,0,4810385
ygeY_predicted,0.25,3,3,AAAGAGATTTCTCCGTCAGA,0,4804080
ygeY_predicted,0.25,3,3,AAACTCGTGGAAGGCCCTAA,0,4810220
ygeY_predicted,0.25,3,3,AAACGTTTCTAATGTATGAG,0,4799711
ygeY_predicted,0.25,3,3,AAAATAGTTTTAAGGCACGT,0,4809073
ygeY_predicted,0.25,3,3,AAAAGAACCAGTATGCACGT,0,4802518
ygeY_predicted,0.25,3,3,AAAAAGTCCCAGAACCAAAA,0,4798222
ygeY_predicted,0.25,3,3,AAAAAATCATGCAGTCGCGA,0,4806894
ygeY_predicted,0.3333333333333333,2,2,TTTTTGAGGACAGTCCCGTG,0,4802267
ygeY_predicted,0.3333333333333333,2,2,TTTTCGTGGTGAATCTTCAC,0,4811582
ygeY_predicted,0.3333333333333333,2,2,TTTTACACGGCGGCCATCGA,0,4812282
ygeY_predicted,0.3333333333333333,2,2,TTTGTTTCTCACTGGGATCT,0,4813088
ygeY_predicted,0.3333333333333333,2,2,TTTGCGTTCCTTTCACACGG,0,4803172
ygeY_predicted,0.3333333333333333,2,2,TTTGCCTATGGCAGGGTGTC,0,4795682
ygeY_predicted,0.3333333333333333,2,2,TTTCTAGCCAGACAAGTACA,0,4798007
ygeY_predicted,0.3333333333333333,2,2,TTTCCTTCGACTCCCGGATC,0,4795949
ygeY_predicted,0.3333333333333333,2,2,TTTATTACCTAAGTAGCAGA,0,4814779
ygeY_predicted,0.3333333333333333,2,2,TTTATAAAGGAAGGATTGCT,0,4805563
ygeY_predicted,0.3333333333333333,2,2,TTTAGGGTTCGAACTACCCA,0,4813161
ygeY_predicted,0.3333333333333333,2,2,TTGTGGTTCAAGCCAAGTGT,0,4807673
ygeY_predicted,0.3333333333333333,2,2,TTGTATTTGGATAAAAATCA,0,4807248
ygeY_predicted,0.3333333333333333,2,2,TTGGTAGCGATTTTTGGCTC,0,4809799
ygeY_predicted,0.3333333333333333,2,2,TTGCTGGGCTCGCCAAAGTC,0,4809919
ygeY_predicted,0.3333333333333333,2,2,TTGCTGGCCCGGCGAAGTCA,0,4810808
ygeY_predicted,0.3333333333333333,2,2,TTGAGTCCGTGGGCGTTTCA,0,4800598
ygeY_predicted,0.3333333333333333,2,2,TTGAAAGAGGCACATGCGCG,0,4807311
ygeY_predicted,0.3333333333333333,2,2,TTCTTGGCTTAGGGCTTTAA,0,4795439
ygeY_predicted,0.3333333333333333,2,2,TTCTGTCCCCAAACTATGCT,0,4801758
ygeY_predicted,0.3333333333333333,2,2,TTCTGGGATGTAGCCTTCGG,0,4812507
ygeY_predicted,0.3333333333333333,2,2,TTCTGCATCTTGGGGTTTGT,0,4801337
ygeY_predicted,0.3333333333333333,2,2,TTCTCCACTGCATTGGATGT,0,4811519
ygeY_predicted,0.3333333333333333,2,2,TTCTAATCGAGTTTCCTAAG,0,4798822
ygeY_predicted,0.3333333333333333,2,2,TTCGTCACATAAAATACACG,0,4801675
ygeY_predicted,0.3333333333333333,2,2,TTCGGGTGACCTCAGGAGCA,0,4803379
ygeY_predicted,0.3333333333333333,2,2,TTCGGCACGGAGGGCTTAAG,0,4816418
ygeY_predicted,0.3333333333333333,2,2,TTCGATCCAGTTGTTTCGGG,0,4813370
ygeY_predicted,0.3333333333333333,2,2,TTCACTCCTCTTAAGTTGTA,0,4813640
ygeY_predicted,0.3333333333333333,2,2,TTATTATGTTCCGCACGTAC,0,4816822
ygeY_predicted,0.3333333333333333,2,2,TTATGCTAAGTTACCTATCC,0,4803898
ygeY_predicted,0.3333333333333333,2,2,TTAGGTCTAGCAAGGGACCC,0,4796057
ygeY_predicted,0.3333333333333333,2,2,TTAGGGCAACAGAGCTAGTT,0,4810288
ygeY_predicted,0.3333333333333333,2,2,TTAGCGGACGCTTGGTCTCC,0,4799298
ygeY_predicted,0.3333333333333333,2,2,TTAGAGAGGTGTTGGCGCGG,0,4800788
ygeY_predicted,0.3333333333333333,2,2,TTACGGGTCCTGCCAGTCCT,0,4812741
ygeY_predicted,0.3333333333333333,2,2,TTAATGGAATTTTATGTGGA,0,4799931
ygeY_predicted,0.3333333333333333,2,2,TTAACTGGCTGATATCTTGC,0,4808232
ygeY_predicted,0.3333333333333333,2,2,TGTTTGCTACTTACCAAGCA,0,4806194
ygeY_predicted,0.3333333333333333,2,2,TGTTGGCTTATCGAGATACC,0,4816440
ygeY_predicted,0.3333333333333333,2,2,TGTTGCGCAATGTAGAACCC,0,4806434
ygeY_predicted,0.3333333333333333,2,2,TGTTCGCAAGCACAGCTGTC,0,4805638
ygeY_predicted,0.3333333333333333,2,2,TGTTCATGTTTACGTGTGCA,0,4812008
ygeY_predicted,0.3333333333333333,2,2,TGTGTTGTTAACCATCGTAA,0,4798981
ygeY_predicted,0.3333333333333333,2,2,TGTGTCGGAGTAAAAATGGT,0,4797111
ygeY_predicted,0.3333333333333333,2,2,TGTGTACGTTTTAGAAAAAT,0,4813884
ygeY_predicted,0.3333333333333333,2,2,TGTGGGTTAGCACCTGGGCA,0,4805080
ygeY_predicted,0.3333333333333333,2,2,TGTGGCTAGGACTTGTGTGC,0,4797714
ygeY_predicted,0.3333333333333333,2,2,TGTCGGCCAGTGCATCGTGC,0,4808751
ygeY_predicted,0.3333333333333333,2,2,TGTACGACCCGACGGATCAG,0,4813262
ygeY_predicted,0.3333333333333333,2,2,TGGTTGTCAGTTCCTTTGGG,0,4811166
ygeY_predicted,0.3333333333333333,2,2,TGGTGTCCACTGATCATCCC,0,4803105
ygeY_predicted,0.3333333333333333,2,2,TGGGTTCTTATCTCGGGCGC,0,4812762
ygeY_predicted,0.3333333333333333,2,2,TGGGAAGTGGGAACGCTGCA,0,4814224
ygeY_predicted,0.3333333333333333,2,2,TGGCTGAATGGGCGCGAGTA,0,4797313
ygeY_predicted,0.3333333333333333,2,2,TGGCGGAAGCGTACGAGACT,0,4804114
ygeY_predicted,0.3333333333333333,2,2,TGGCCTGCTCGAGTAGCTCT,0,4799626
ygeY_predicted,0.3333333333333333,2,2,TGGATAACCACACTATTGTT,0,4811954
ygeY_predicted,0.3333333333333333,2,2,TGGACATCTGTAATTACATC,0,4808881
ygeY_predicted,0.3333333333333333,2,2,TGCTTGATGGAGTGGATCGT,0,4815677
ygeY_predicted,0.3333333333333333,2,2,TGCTTATACGGGCGTTTCTT,0,4813425
ygeY_predicted,0.3333333333333333,2,2,TGCTCTGGCAGGGCATCTGA,0,4798363
ygeY_predicted,0.3333333333333333,2,2,TGCGTATTCACGGCGTTCCC,0,4797591
ygeY_predicted,0.3333333333333333,2,2,TGCGATGGTATACAGGATAA,0,4809228
ygeY_predicted,0.3333333333333333,2,2,TGCGATCTTATAGGGTGACG,0,4805797
ygeY_predicted,0.3333333333333333,2,2,TGATCGTCCCGGCAGATAGA,0,4795454
ygeY_predicted,0.3333333333333333,2,2,TGATAATAAAAGCTTCCCTG,0,4798469
ygeY_predicted,0.3333333333333333,2,2,TGAGTGCGTTAGCCCCCCGG,0,4807274
ygeY_predicted,0.3333333333333333,2,2,TGAGTAGTCTATTCATTTTT,0,4800660
ygeY_predicted,0.3333333333333333,2,2,TGAGTACACCGGCTAAGACT,0,4808250
ygeY_predicted,0.3333333333333333,2,2,TGAGAGTCCGGGGGGAGCAC,0,4803853
ygeY_predicted,0.3333333333333333,2,2,TGACGTGACGAGCGGATGTA,0,4800949
ygeY_predicted,0.3333333333333333,2,2,TGACGAGCCCTACGTTGTTC,0,4800145
ygeY_predicted,0.3333333333333333,2,2,TCTTTAGGCCGGTACTGCCG,0,4808575
ygeY_predicted,0.3333333333333333,2,2,TCTTTACTTCCATTGACTTT,0,4811949
ygeY_predicted,0.3333333333333333,2,2,TCTTCTTTAACAGTAGAGAT,0,4794950
ygeY_predicted,0.3333333333333333,2,2,TCTGAGTGCCCGATCTATGA,0,4814913
ygeY_predicted,0.3333333333333333,2,2,TCTCTCGGTACGTTTAGCGG,0,4813506
ygeY_predicted,0.3333333333333333,2,2,TCTCAGTACAGGCACAGATG,0,4813827
ygeY_predicted,0.3333333333333333,2,2,TCTAGTGTGGCGACCATGGA,0,4815089
ygeY_predicted,0.3333333333333333,2,2,TCTACGCGGTCCACGCCAGC,0,4816784
ygeY_predicted,0.3333333333333333,2,2,TCGTCGCACTCCCATGCAAA,0,4805243
ygeY_predicted,0.3333333333333333,2,2,TCGTCAGGCGACCTGCTTGC,0,4805720
ygeY_predicted,0.3333333333333333,2,2,TCGGTGTGTGTTCCGCACCT,0,4795735
ygeY_predicted,0.3333333333333333,2,2,TCGGGGTTGATCAGCGCTGA,0,4813163
ygeY_predicted,0.3333333333333333,2,2,TCGGCGCTACAAGACAGGAG,0,4795936
ygeY_predicted,0.3333333333333333,2,2,TCGGCGCCCAGAAACTACGT,0,4812405
ygeY_predicted,0.3333333333333333,2,2,TCGGAAAAGGCCAGCGCACG,0,4803885
ygeY_predicted,0.3333333333333333,2,2,TCGCGCCGTAGAGTGGGATG,0,4808740
ygeY_predicted,0.3333333333333333,2,2,TCGCGATGGCCAGGGCACCA,0,4795822
ygeY_predicted,0.3333333333333333,2,2,TCGCCTAATGCACGATGTGC,0,4809247
ygeY_predicted,0.3333333333333333,2,2,TCGCCAACTCCGCAGCACCA,0,4806351
ygeY_predicted,0.3333333333333333,2,2,TCGCAAGCGGGTCCCAGAGG,0,4800763
ygeY_predicted,0.3333333333333333,2,2,TCGATATAGTTGAAAACCAT,0,4803597
ygeY_predicted,0.3333333333333333,2,2,TCGAGGTACATCGAAAGCAG,0,4808184
ygeY_predicted,0.3333333333333333,2,2,TCGACTTCGTGGACACGCAT,0,4810490
ygeY_predicted,0.3333333333333333,2,2,TCCTTCATTTATTTGAAGGT,0,4812683
ygeY_predicted,0.3333333333333333,2,2,TCCTGTTCCTACTTGTTGAA,0,4809166
ygeY_predicted,0.3333333333333333,2,2,TCCTCTCGCATAAAGTTCTC,0,4796955
ygeY_predicted,0.3333333333333333,2,2,TCCTCACCGGAGCGCCTTTC,0,4809537
ygeY_predicted,0.3333333333333333,2,2,TCCGGGCAACACTTCGCAGA,0,4811308
ygeY_predicted,0.3333333333333333,2,2,TCCGCCTGAGCACCGAGCAG,0,4804793
ygeY_predicted,0.3333333333333333,2,2,TCCCTTGCATATCATTCTGT,0,4801854
ygeY_predicted,0.3333333333333333,2,2,TCCCGGGGGAACTCCAACTA,0,4796530
ygeY_predicted,0.3333333333333333,2,2,TCCATCATTACATAGTGCCG,0,4802601
ygeY_predicted,0.3333333333333333,2,2,TCCACTCCCTCGTGCATGAG,0,4806974
ygeY_predicted,0.3333333333333333,2,2,TCCAATTTACGTCCGGGTGT,0,4801992
ygeY_predicted,0.3333333333333333,2,2,TCAGTGATGCTCATATGACG,0,4800290
ygeY_predicted,0.3333333333333333,2,2,TCAGGGGGGGATAATCCGTG,0,4812223
ygeY_predicted,0.3333333333333333,2,2,TCACGTCCAGAATACACTGG,0,4813909
ygeY_predicted,0.3333333333333333,2,2,TCACCCAGTGAATAGGTCTA,0,4803956
ygeY_predicted,0.3333333333333333,2,2,TCACAATTGACTAGCCGTCT,0,4814552
ygeY_predicted,0.3333333333333333,2,2,TCAAGGCTTGCCTAAGTGGT,0,4797801
ygeY_predicted,0.3333333333333333,2,2,TATTTTCAAAACGCAGAAAC,0,4814865
ygeY_predicted,0.3333333333333333,2,2,TATTGACTCGTCTTGAGTTT,0,4811977
ygeY_predicted,0.3333333333333333,2,2,TATTATCAAGATGACCAGCC,0,4801175
ygeY_predicted,0.3333333333333333,2,2,TATGGGCACACGTTACAGAG,0,4812270
ygeY_predicted,0.3333333333333333,2,2,TATGATGTATCCAAATGGTT,0,4800098
ygeY_predicted,0.3333333333333333,2,2,TATCGTGGGAATAGGTTCAA,0,4802814
ygeY_predicted,0.3333333333333333,2,2,TATCCAGGATATCCAGAAGT,0,4795345
ygeY_predicted,0.3333333333333333,2,2,TATCACAAAAGGCCGGCAAT,0,4814246
ygeY_predicted,0.3333333333333333,2,2,TATACACGAAGTGGAATCAG,0,4799815
ygeY_predicted,0.3333333333333333,2,2,TAGGTTAACATGTCTGCGTG,0,4816619
ygeY_predicted,0.3333333333333333,2,2,TAGGGGTACATGGTCAATGA,0,4803901
ygeY_predicted,0.3333333333333333,2,2,TAGGAATCGGAGGGATCCGC,0,4808853
ygeY_predicted,0.3333333333333333,2,2,TAGCGTTAGGCAATAAGTGT,0,4801510
ygeY_predicted,0.3333333333333333,2,2,TAGCGTCGAAGGCTAAGAGG,0,4807754
ygeY_predicted,0.3333333333333333,2,2,TAGCGTCCCCGTCGACGGAA,0,4804954
ygeY_predicted,0.3333333333333333,2,2,TAGCGGTCATGGTCTTCTAG,0,4815926
ygeY_predicted,0.3333333333333333,2,2,TAGCATGCGCTTCCTCAGGT,0,4809525
ygeY_predicted,0.3333333333333333,2,2,TAGACTGTCGGCTACCTCGA,0,4809478
ygeY_predicted,0.3333333333333333,2,2,TAGACACTAGATATAGGTCT,0,4814225
ygeY_predicted,0.3333333333333333,2,2,TACTTCCCTAAAGTCGGCGT,0,4800639
ygeY_predicted,0.3333333333333333,2,2,TACTGCCTTGAGCCCAGTCA,0,4797845
ygeY_predicted,0.3333333333333333,2,2,TACTGATTGTATCCAGAGCC,0,4798776
ygeY_predicted,0.3333333333333333,2,2,TACGTGATCTCAACCTCTAC,0,4807050
ygeY_predicted,0.3333333333333333,2,2,TACGGTAGCTGGAGTTTCCC,0,4801149
ygeY_predicted,0.3333333333333333,2,2,TACGCCAAACATCTTAAGGC,0,4808924
ygeY_predicted,0.3333333333333333,2,2,TACCTTATTCAGTCGGTGGA,0,4803275
ygeY_predicted,0.3333333333333333,2,2,TACCGTCCAACCCGTGGTTC,0,4807636
ygeY_predicted,0.3333333333333333,2,2,TACCGCGATGATGGTCATGT,0,4810748
ygeY_predicted,0.3333333333333333,2,2,TACCCCTGGCAAATAGATCA,0,4807892
ygeY_predicted,0.3333333333333333,2,2,TAATTTCAGAAGTCGCAATT,0,4798914
ygeY_predicted,0.3333333333333333,2,2,TAATGGGCCGGGATGCTGTA,0,4797568
ygeY_predicted,0.3333333333333333,2,2,TAATCAATAGGGACCTATCT,0,4799612
ygeY_predicted,0.3333333333333333,2,2,TAATACGCGGCCCGATCTAC,0,4814227
ygeY_predicted,0.3333333333333333,2,2,TAAGTTGCAAGTCATACGGC,0,4810788
ygeY_predicted,0.3333333333333333,2,2,TAAGCGTTACCGGCTAGAGA,0,4796485
ygeY_predicted,0.3333333333333333,2,2,TAACTGAGCCAAATCTAGCA,0,4797284
ygeY_predicted,0.3333333333333333,2,2,TAACTCTCGTAATCACACTC,0,4798034
ygeY_predicted,0.3333333333333333,2,2,TAACCGACCTTTGCTCAGAT,0,4797182
ygeY_predicted,0.3333333333333333,2,2,TAACATTCGTATGCAGCTTC,0,4809462
ygeY_predicted,0.3333333333333333,2,2,TAACACCTTCCCCACTTTCC,0,4803351
ygeY_predicted,0.3333333333333333,2,2,TAAATACTTACGCCTCGCGC,0,4813450
ygeY_predicted,0.3333333333333333,2,2,TAAATAACTCGAATTGGGTT,0,4798095
ygeY_predicted,0.3333333333333333,2,2,GTTTGGCTCTGTTCGCGTTG,0,4811283
ygeY_predicted,0.3333333333333333,2,2,GTTTACGGAGGTAAAGTGAT,0,4807139
ygeY_predicted,0.3333333333333333,2,2,GTTGGATCTATTTACCTGTG,0,4815186
ygeY_predicted,0.3333333333333333,2,2,GTTGAAAAAACGTACCAATT,0,4804960
ygeY_predicted,0.3333333333333333,2,2,GTTAGTTCGGTCGATCTCGG,0,4811036
ygeY_predicted,0.3333333333333333,2,2,GTTAGCGGCGCAAAGAATAC,0,4807933
ygeY_predicted,0.3333333333333333,2,2,GTTAGAGAAATGTTTTTGGG,0,4812210
ygeY_predicted,0.3333333333333333,2,2,GTTACAGGAGGATCGGCGTA,0,4804675
ygeY_predicted,0.3333333333333333,2,2,GTTAACGGATGAGTATCGCA,0,4797333
ygeY_predicted,0.3333333333333333,2,2,GTGTTACCATTTAGACCTGA,0,4798272
ygeY_predicted,0.3333333333333333,2,2,GTGTCACGTCACCGACACAC,0,4796795
ygeY_predicted,0.3333333333333333,2,2,GTGGGAGAGGGCCGCAGTCA,0,4804728
ygeY_predicted,0.3333333333333333,2,2,GTGCTGGCAATGCTTCAGGA,0,4800114
ygeY_predicted,0.3333333333333333,2,2,GTGATAAAGGTAAAATCATT,0,4806154
ygeY_predicted,0.3333333333333333,2,2,GTGAACTATGTATTCGCAGT,0,4814931
ygeY_predicted,0.3333333333333333,2,2,GTCTTTTGTTATGTAGTGAT,0,4814642
ygeY_predicted,0.3333333333333333,2,2,GTCTTGCCCCAACTTTTCCG,0,4796755
ygeY_predicted,0.3333333333333333,2,2,GTCTCGCCTCCCTAGTGTCA,0,4807916
ygeY_predicted,0.3333333333333333,2,2,GTCGACCTTGTTGCTCAAGT,0,4813760
ygeY_predicted,0.3333333333333333,2,2,GTCCGCAGCGAGACTCCGAA,0,4807196
ygeY_predicted,0.3333333333333333,2,2,GTCCAAAGTCTAGATAAGCG,0,4810463
ygeY_predicted,0.3333333333333333,2,2,GTCATGTGTCAGTGGCCGTT,0,4796479
ygeY_predicted,0.3333333333333333,2,2,GTCATCTTACGCGTAAGGAC,0,4806340
ygeY_predicted,0.3333333333333333,2,2,GTCATCTCCCTCAGACAGAT,0,4807173
ygeY_predicted,0.3333333333333333,2,2,GTCATAGCAACTCGTCGCCT,0,4807625
ygeY_predicted,0.3333333333333333,2,2,GTCAGTTGCTGTTAATTGGT,0,4807440
ygeY_predicted,0.3333333333333333,2,2,GTCAATCGGGTTGTGCAGTG,0,4799011
ygeY_predicted,0.3333333333333333,2,2,GTCAACCGGCACAATGTTCA,0,4814490
ygeY_predicted,0.3333333333333333,2,2,GTATCCCGGAGCTGCTTTAG,0,4802956
ygeY_predicted,0.3333333333333333,2,2,GTAGTATCTTTTGCTGAGCC,0,4811140
ygeY_predicted,0.3333333333333333,2,2,GTAGGTATCCAGCGTTTGTA,0,4812548
ygeY_predicted,0.3333333333333333,2,2,GTAGGCCGAGTAGAGTTTGT,0,4807051
ygeY_predicted,0.3333333333333333,2,2,GTAGGATTTGGTGGGCAATA,0,4801776
ygeY_predicted,0.3333333333333333,2,2,GTAGACGGGGGGCGCATTTC,0,4805045
ygeY_predicted,0.3333333333333333,2,2,GTACTCTCATACTGGCGTAC,0,4815923
ygeY_predicted,0.3333333333333333,2,2,GTACCACTTTTAATCTGAGC,0,4805940
ygeY_predicted,0.3333333333333333,2,2,GTACATAAAAGATCCACACA,0,4798202
ygeY_predicted,0.3333333333333333,2,2,GTACAAAAATTGCGAATAAC,0,4801642
ygeY_predicted,0.3333333333333333,2,2,GTAATACGTTATATAAAAAA,0,4808837
ygeY_predicted,0.3333333333333333,2,2,GTAAGTGAATACAAGTTAGG,0,4810386
ygeY_predicted,0.3333333333333333,2,2,GTAAGCCGTGCGCTAGTACG,0,4814023
ygeY_predicted,0.3333333333333333,2,2,GTAAAGCGGGAATGTAAGGC,0,4802562
ygeY_predicted,0.3333333333333333,2,2,GGTTTTCTCTCTTCTCATGG,0,4796881
ygeY_predicted,0.3333333333333333,2,2,GGTTTGAGAGTCACGGCGAT,0,4808605
ygeY_predicted,0.3333333333333333,2,2,GGTTCGTGAAGGGGGGACAA,0,4795557
ygeY_predicted,0.3333333333333333,2,2,GGTTCGCGCCGGCCTTAGGG,0,4807593
ygeY_predicted,0.3333333333333333,2,2,GGTTCAGATCCACGCTGAAG,0,4796119
ygeY_predicted,0.3333333333333333,2,2,GGTTATGAGAATAACAGACC,0,4799539
ygeY_predicted,0.3333333333333333,2,2,GGTGGCTGCGGTAATCAAGA,0,4804918
ygeY_predicted,0.3333333333333333,2,2,GGTGCTTTGTTCGTACTCGC,0,4808939
ygeY_predicted,0.3333333333333333,2,2,GGTGCCAATAGCGGGAGACA,0,4808108
ygeY_predicted,0.3333333333333333,2,2,GGTCCCAATAATCCGCACTG,0,4800741
ygeY_predicted,0.3333333333333333,2,2,GGTACGTGTATTAAAGTACT,0,4796807
ygeY_predicted,0.3333333333333333,2,2,GGGTTTTCAGGGAGTTACAG,0,4797431
ygeY_predicted,0.3333333333333333,2,2,GGGTTGGTATTGAGTTGTCG,0,4797185
ygeY_predicted,0.3333333333333333,2,2,GGGTAGTGCACTCACTCGGA,0,4799347
ygeY_predicted,0.3333333333333333,2,2,GGGGTGTTGAACTTATGCTT,0,4811597
ygeY_predicted,0.3333333333333333,2,2,GGGGTACAACATTCTAGGGT,0,4797986
ygeY_predicted,0.3333333333333333,2,2,GGGGGTCTGACCATAAGTTA,0,4806979
ygeY_predicted,0.3333333333333333,2,2,GGGGGGCATCTGCTAAAGCA,0,4802079
ygeY_predicted,0.3333333333333333,2,2,GGGGCTACACAGCGACCCGG,0,4811071
ygeY_predicted,0.3333333333333333,2,2,GGGGCATCACGCCACTCCCA,0,4801991
ygeY_predicted,0.3333333333333333,2,2,GGGGAACACCGTTTCAGGAG,0,4807472
ygeY_predicted,0.3333333333333333,2,2,GGGCGCGTGCACGACCAGAC,0,4805344
ygeY_predicted,0.3333333333333333,2,2,GGGCGCATCATAGATAACTA,0,4814707
ygeY_predicted,0.3333333333333333,2,2,GGGCCTCAGTTGAGCCGGGT,0,4814363
ygeY_predicted,0.3333333333333333,2,2,GGGCACGGGGCATTCCAGGA,0,4797047
ygeY_predicted,0.3333333333333333,2,2,GGGCAATTAGATCCATGCCG,0,4805819
ygeY_predicted,0.3333333333333333,2,2,GGGAGCCGTGCGAGGAATAG,0,4795599
ygeY_predicted,0.3333333333333333,2,2,GGGACTTTTATGACCCAATA,0,4816691
ygeY_predicted,0.3333333333333333,2,2,GGGACGTCCTGGCACTTCAC,0,4802158
ygeY_predicted,0.3333333333333333,2,2,GGGACGCGTCCTCGAACAGA,0,4814166
ygeY_predicted,0.3333333333333333,2,2,GGGACAGCTCTCCTGTAGAG,0,4800446
ygeY_predicted,0.3333333333333333,2,2,GGCTGTATAACAGCCTCTCG,0,4806401
ygeY_predicted,0.3333333333333333,2,2,GGCTGGTACCCAGAATTAAT,0,4808261
ygeY_predicted,0.3333333333333333,2,2,GGCTCTGCATCTAAGCAACT,0,4800243
ygeY_predicted,0.3333333333333333,2,2,GGCTCGATATCAGAGAATGA,0,4813544
ygeY_predicted,0.3333333333333333,2,2,GGCTATGTCCACATACAGTG,0,4812914
ygeY_predicted,0.3333333333333333,2,2,GGCTACTTAAAGGAGGATTC,0,4806246
ygeY_predicted,0.3333333333333333,2,2,GGCGGTGCATATCACATTGA,0,4797387
ygeY_predicted,0.3333333333333333,2,2,GGCCGAACGTGGTTCGCTTT,0,4814654
ygeY_predicted,0.3333333333333333,2,2,GGCATAGATGATATAGAATT,0,4812092
ygeY_predicted,0.3333333333333333,2,2,GGCACCTTGGCTCAAAGGTC,0,4803174
ygeY_predicted,0.3333333333333333,2,2,GGCAAGAACAGCCGGGGATG,0,4815851
ygeY_predicted,0.3333333333333333,2,2,GGATGCCGACTACCGCCCAA,0,4798947
ygeY_predicted,0.3333333333333333,2,2,GGATCGCGGCGATCAGTAAG,0,4814039
ygeY_predicted,0.3333333333333333,2,2,GGAGTTCATCAGGCCTGTGA,0,4811825
ygeY_predicted,0.3333333333333333,2,2,GGAGCGAACTCGTGCCTAGT,0,4813743
ygeY_predicted,0.3333333333333333,2,2,GGACGAGGCACAGAGTCTTA,0,4798684
ygeY_predicted,0.3333333333333333,2,2,GGACCAATCCGAATGTTGAG,0,4811911
ygeY_predicted,0.3333333333333333,2,2,GGACAGGTATGGAACATAAT,0,4814351
ygeY_predicted,0.3333333333333333,2,2,GGACACCGTTTTACTTTTAC,0,4797467
ygeY_predicted,0.3333333333333333,2,2,GGAAAAAACGTATGTCGCGT,0,4800335
ygeY_predicted,0.3333333333333333,2,2,GCTTTCATACAATCACGGAG,0,4805324
ygeY_predicted,0.3333333333333333,2,2,GCTTGGACGTCCAATAAACC,0,4811756
ygeY_predicted,0.3333333333333333,2,2,GCTTCTGCCTGTCAAGGCGG,0,4809945
ygeY_predicted,0.3333333333333333,2,2,GCTGTGTCTTCTAGCAGCGC,0,4815789
ygeY_predicted,0.3333333333333333,2,2,GCTCGTATTTAATACTAACC,0,4811224
ygeY_predicted,0.3333333333333333,2,2,GCTAGTCTGAGTGGCTGACT,0,4811235
ygeY_predicted,0.3333333333333333,2,2,GCGTGCTCTTATTCGGAAGA,0,4799516
ygeY_predicted,0.3333333333333333,2,2,GCGTCGAATGGAGCCTCGTC,0,4800155
ygeY_predicted,0.3333333333333333,2,2,GCGTCCTAATGATGCATGCA,0,4812217
ygeY_predicted,0.3333333333333333,2,2,GCGGTGATCGTCTGAGACAG,0,4796650
ygeY_predicted,0.3333333333333333,2,2,GCGGGGGTCACGATGCCGTT,0,4800515
ygeY_predicted,0.3333333333333333,2,2,GCGGCGCCCTGCCTAATTGC,0,4804449
ygeY_predicted,0.3333333333333333,2,2,GCGGATGTCAGCAACAGCTT,0,4806143
ygeY_predicted,0.3333333333333333,2,2,GCGGAGGTACTTTCAAACAA,0,4795688
ygeY_predicted,0.3333333333333333,2,2,GCGGACAATCCGGTGTAACA,0,4813954
ygeY_predicted,0.3333333333333333,2,2,GCGGAAGGTTGTACCGTTTC,0,4806963
ygeY_predicted,0.3333333333333333,2,2,GCGCCTGTGAAGTTTGTTAG,0,4812854
ygeY_predicted,0.3333333333333333,2,2,GCGCCGGGGCCTAATATTGT,0,4801015
ygeY_predicted,0.3333333333333333,2,2,GCGAATACTGAGGGAACATA,0,4803264
ygeY_predicted,0.3333333333333333,2,2,GCCTGCCCTTGGAGCGTGGT,0,4809644
ygeY_predicted,0.3333333333333333,2,2,GCCGGTGGTTGTATTCTGTC,0,4796273
ygeY_predicted,0.3333333333333333,2,2,GCCGGAACTAGGGCACAAAG,0,4808787
ygeY_predicted,0.3333333333333333,2,2,GCCCGGTAACCATGCACACT,0,4814406
ygeY_predicted,0.3333333333333333,2,2,GCCCCGCGGTAGATACTTCG,0,4796138
ygeY_predicted,0.3333333333333333,2,2,GCCCAAATGGGGTCTCTGCT,0,4797430
ygeY_predicted,0.3333333333333333,2,2,GCCATGTCCGCCTAGATGAA,0,4802493
ygeY_predicted,0.3333333333333333,2,2,GCCAGCTCTGATAGTGTAGC,0,4813380
ygeY_predicted,0.3333333333333333,2,2,GCCACTACTGGATTTTACAC,0,4802290
ygeY_predicted,0.3333333333333333,2,2,GCATTAAGTGGAGGGGAGTA,0,4816163
ygeY_predicted,0.3333333333333333,2,2,GCATTAACTGGGATGATTTC,0,4798899
ygeY_predicted,0.3333333333333333,2,2,GCATATCCCATCCATACAAG,0,4805258
ygeY_predicted,0.3333333333333333,2,2,GCATAGGCAATCCTGAGTTG,0,4798393
ygeY_predicted,0.3333333333333333,2,2,GCAGGCGATGCGCGCACAAG,0,4814178
ygeY_predicted,0.3333333333333333,2,2,GCAGAGGCCGATCATGGTTG,0,4800833
ygeY_predicted,0.3333333333333333,2,2,GCAGACTGACCATCCTCAAC,0,4796934
ygeY_predicted,0.3333333333333333,2,2,GCACTTCAAGGTCGCTGGGT,0,4795728
ygeY_predicted,0.3333333333333333,2,2,GCACTCTTGCTATGGGGGGT,0,4816522
ygeY_predicted,0.3333333333333333,2,2,GCACGGTTGCAACCAAGGAG,0,4814020
ygeY_predicted,0.3333333333333333,2,2,GCACCTGTATACATGCTCAT,0,4804765
ygeY_predicted,0.3333333333333333,2,2,GCACCCCACACCTCAAGTGG,0,4798527
ygeY_predicted,0.3333333333333333,2,2,GCACACGAAGACTCGACAGA,0,4800305
ygeY_predicted,0.3333333333333333,2,2,GATTTAGAGGTGAGTATAGA,0,4808334
ygeY_predicted,0.3333333333333333,2,2,GATTGAACCGGGGGGGGTAT,0,4806634
ygeY_predicted,0.3333333333333333,2,2,GATGGCACTCTAGAGGGGAT,0,4811931
ygeY_predicted,0.3333333333333333,2,2,GATCCCGGAAGTGGGTTCTT,0,4797230
ygeY_predicted,0.3333333333333333,2,2,GATCAACACGTGTCATGTGC,0,4809216
ygeY_predicted,0.3333333333333333,2,2,GATATCCGTTTAAAGGAGGG,0,4807514
ygeY_predicted,0.3333333333333333,2,2,GATACGGTCTCGATAAATGT,0,4797302
ygeY_predicted,0.3333333333333333,2,2,GAGGTCTGGGCCTGTGCAGT,0,4796507
ygeY_predicted,0.3333333333333333,2,2,GAGGTAGGACGCAATCAATT,0,4813704
ygeY_predicted,0.3333333333333333,2,2,GAGGGTAATCTGGGCCATTG,0,4801433
ygeY_predicted,0.3333333333333333,2,2,GAGGCGCATAGCAGTGATGT,0,4810163
ygeY_predicted,0.3333333333333333,2,2,GAGCTAGGCTACACCGGCCT,0,4798273
ygeY_predicted,0.3333333333333333,2,2,GAGCCATGTGGTCACCAGCC,0,4808402
ygeY_predicted,0.3333333333333333,2,2,GAGATAATGCTGGCTCGATC,0,4800093
ygeY_predicted,0.3333333333333333,2,2,GAGACCATACCGGATAACTT,0,4816083
ygeY_predicted,0.3333333333333333,2,2,GAGACACGAGACGATGAGAT,0,4811360
ygeY_predicted,0.3333333333333333,2,2,GACTCTGCCGATGACGGTTA,0,4800780
ygeY_predicted,0.3333333333333333,2,2,GACGGGCGCCAAGGCCGTCA,0,4813283
ygeY_predicted,0.3333333333333333,2,2,GACGCGAATGTATCCAAGGC,0,4807365
ygeY_predicted,0.3333333333333333,2,2,GACGCACAACCCCAAGCTAT,0,4810891
ygeY_predicted,0.3333333333333333,2,2,GACCTATTACACCTTATCCA,0,4809870
ygeY_predicted,0.3333333333333333,2,2,GACCCGCGGAATGTGCACGA,0,4796241
ygeY_predicted,0.3333333333333333,2,2,GACCCCGAGTGGGAGCAGAA,0,4808359
ygeY_predicted,0.3333333333333333,2,2,GACCCAGGAACCACACAATC,0,4800964
ygeY_predicted,0.3333333333333333,2,2,GACCATCGGCGATCACTTGG,0,4807540
ygeY_predicted,0.3333333333333333,2,2,GACATTCACGAGCCTAAACA,0,4796370
ygeY_predicted,0.3333333333333333,2,2,GACATTATTCATGTATGAGA,0,4812094
ygeY_predicted,0.3333333333333333,2,2,GACAGCAGCCTCGCCCGGGT,0,4804342
ygeY_predicted,0.3333333333333333,2,2,GACACAGTGAGAATATTAAT,0,4808801
ygeY_predicted,0.3333333333333333,2,2,GAATCGGCGATAAATCGCGG,0,4806453
ygeY_predicted,0.3333333333333333,2,2,GAAGACGGACAAGAATACAT,0,4809872
ygeY_predicted,0.3333333333333333,2,2,GAAGACAGCCCAGGATCCGG,0,4809567
ygeY_predicted,0.3333333333333333,2,2,GAACCAAGGTTAATAAGTGG,0,4797900
ygeY_predicted,0.3333333333333333,2,2,GAACCAACCTCGTACGTGGA,0,4816319
ygeY_predicted,0.3333333333333333,2,2,GAAATCATGCGGTGTTACCC,0,4815843
ygeY_predicted,0.3333333333333333,2,2,GAAAGCTTCGATGTGTGGAA,0,4805786
ygeY_predicted,0.3333333333333333,2,2,GAAACTCTCTGTTGTCGTCA,0,4807527
ygeY_predicted,0.3333333333333333,2,2,GAAAACCAGCTTCAGCGCGC,0,4799972
ygeY_predicted,0.3333333333333333,2,2,CTTTTGCCCGTTTGAGTAAC,0,4804280
ygeY_predicted,0.3333333333333333,2,2,CTTTTACTCGTCTCTTTAGC,0,4807498
ygeY_predicted,0.3333333333333333,2,2,CTTTCTTCGTATGGATTAAG,0,4802058
ygeY_predicted,0.3333333333333333,2,2,CTTTCTACAGGAACCACTTA,0,4811309
ygeY_predicted,0.3333333333333333,2,2,CTTTAATTGTTAGATTAAGA,0,4803066
ygeY_predicted,0.3333333333333333,2,2,CTTGGCCTTGCTCCACATCT,0,4811857
ygeY_predicted,0.3333333333333333,2,2,CTTGCCCCCGCGGTGACCAC,0,4803806
ygeY_predicted,0.3333333333333333,2,2,CTTCGTACACTGACCAAATG,0,4801770
ygeY_predicted,0.3333333333333333,2,2,CTGTACTTCCATCGTGTATA,0,4816034
ygeY_predicted,0.3333333333333333,2,2,CTGTAATCAATTAACGAGTC,0,4807481
ygeY_predicted,0.3333333333333333,2,2,CTGGTGGGACCATACTTCCC,0,4810223
ygeY_predicted,0.3333333333333333,2,2,CTGGTCGTCTATCGGTATGT,0,4811066
ygeY_predicted,0.3333333333333333,2,2,CTGGGGATGTCGCAACGACC,0,4814386
ygeY_predicted,0.3333333333333333,2,2,CTGGGAGCAGAGAGTGCAGC,0,4799173
ygeY_predicted,0.3333333333333333,2,2,CTGGATTCGGCGTGACGTGA,0,4798467
ygeY_predicted,0.3333333333333333,2,2,CTGGATATCGGGCCTTAGGG,0,4799322
ygeY_predicted,0.3333333333333333,2,2,CTGCTCTGTCAGGTTAGGCC,0,4811715
ygeY_predicted,0.3333333333333333,2,2,CTGCCTAACGTACGAAGGTA,0,4814226
ygeY_predicted,0.3333333333333333,2,2,CTGATGTCCGAGTGTATGCT,0,4798603
ygeY_predicted,0.3333333333333333,2,2,CTGAATGGTGGGCACTAACT,0,4816287
ygeY_predicted,0.3333333333333333,2,2,CTCTCGTAAGATACATGGGG,0,4812913
ygeY_predicted,0.3333333333333333,2,2,CTCTCAGCACTCGTGCCAGG,0,4796388
ygeY_predicted,0.3333333333333333,2,2,CTCCTGGACTCGTTGCGAGC,0,4802288
ygeY_predicted,0.3333333333333333,2,2,CTCCGACAGCGAGCCGCTTA,0,4797932
ygeY_predicted,0.3333333333333333,2,2,CTCATTCATATGGTAGTCCG,0,4811338
ygeY_predicted,0.3333333333333333,2,2,CTCAGCAATGGGCGGAATTC,0,4804059
ygeY_predicted,0.3333333333333333,2,2,CTATTGAGTAAAAGAGATCA,0,4815496
ygeY_predicted,0.3333333333333333,2,2,CTATGATTCTGGTTGTATCC,0,4803789
ygeY_predicted,0.3333333333333333,2,2,CTATGAGATTGGCACGCTAT,0,4808126
ygeY_predicted,0.3333333333333333,2,2,CTATCGGTCCCTAGGTCGGT,0,4814096
ygeY_predicted,0.3333333333333333,2,2,CTATCATGTACGAACAAAGT,0,4803874
ygeY_predicted,0.3333333333333333,2,2,CTATCACATCAGCTCGTCGG,0,4802389
ygeY_predicted,0.3333333333333333,2,2,CTAGTGTTCTACAGATATCT,0,4806637
ygeY_predicted,0.3333333333333333,2,2,CTAGGCGCTGGACCTTCGCG,0,4808163
ygeY_predicted,0.3333333333333333,2,2,CTAGCTATACAGTAAGTGTA,0,4796840
ygeY_predicted,0.3333333333333333,2,2,CTACGATGGCAAATGTGGCA,0,4811248
ygeY_predicted,0.3333333333333333,2,2,CTAATCGGAAAGGCTGGATC,0,4796918
ygeY_predicted,0.3333333333333333,2,2,CTAATACCTTCCGTAGCGTG,0,4815904
ygeY_predicted,0.3333333333333333,2,2,CTAAGAGATACTTGATCCGT,0,4808933
ygeY_predicted,0.3333333333333333,2,2,CTAACGGGATCACGGAGAAC,0,4815695
ygeY_predicted,0.3333333333333333,2,2,CTAACATTGACAAGACGACC,0,4816749
ygeY_predicted,0.3333333333333333,2,2,CTAAAGGGAAAGTGGCTCAA,0,4811033
ygeY_predicted,0.3333333333333333,2,2,CGTTTTCTACCGGCTGTGTA,0,4803740
ygeY_predicted,0.3333333333333333,2,2,CGTTTGCGCGCGTATTACTT,0,4810319
ygeY_predicted,0.3333333333333333,2,2,CGTTATAGCATTGAGGATAG,0,4802057
ygeY_predicted,0.3333333333333333,2,2,CGTTAGAGGTAGCTCCAAAA,0,4797429
ygeY_predicted,0.3333333333333333,2,2,CGTTACGGATCAGTCTCACT,0,4813141
ygeY_predicted,0.3333333333333333,2,2,CGTGGGTCCATGAACGTAGT,0,4805736
ygeY_predicted,0.3333333333333333,2,2,CGTCTTTTCTTCTGTTTCGT,0,4810689
ygeY_predicted,0.3333333333333333,2,2,CGTCGTGACGCCTTCGCTAT,0,4815336
ygeY_predicted,0.3333333333333333,2,2,CGTCCTCGTTCGATGTCCGT,0,4804169
ygeY_predicted,0.3333333333333333,2,2,CGTCACGAAGAGCTACACGC,0,4815406
ygeY_predicted,0.3333333333333333,2,2,CGTACCTTTGTTCCTATCGT,0,4815169
ygeY_predicted,0.3333333333333333,2,2,CGTAATTCTCTATTACTCTC,0,4800774
ygeY_predicted,0.3333333333333333,2,2,CGTAAGCCTGCGAAATTCAA,0,4816967
ygeY_predicted,0.3333333333333333,2,2,CGGTTGCGCCACTTGGCTCG,0,4803090
ygeY_predicted,0.3333333333333333,2,2,CGGTTGCGAAAATGGACGTC,0,4803158
ygeY_predicted,0.3333333333333333,2,2,CGGTTGCCCCCTATTGAGAG,0,4802963
ygeY_predicted,0.3333333333333333,2,2,CGGTCCGAACGACTACGAAT,0,4801737
ygeY_predicted,0.3333333333333333,2,2,CGGTATGGAATGCCTGAGAA,0,4811481
ygeY_predicted,0.3333333333333333,2,2,CGGTACAGGGCTCGAAACAA,0,4807618
ygeY_predicted,0.3333333333333333,2,2,CGGTAATGCTGCAGGTTGGT,0,4809764
ygeY_predicted,0.3333333333333333,2,2,CGGGCGGGTGGTAGTGTGTA,0,4808226
ygeY_predicted,0.3333333333333333,2,2,CGGGATCTAACCCAATTGGA,0,4816863
ygeY_predicted,0.3333333333333333,2,2,CGGCGTTTTTCAAAAGAATG,0,4814483
ygeY_predicted,0.3333333333333333,2,2,CGGCGATGTTCGGCTAGTCC,0,4807802
ygeY_predicted,0.3333333333333333,2,2,CGGCCCCCTGCGCGAGCGCG,0,4795723
ygeY_predicted,0.3333333333333333,2,2,CGGCCCAAAGCCACCACTCA,0,4814975
ygeY_predicted,0.3333333333333333,2,2,CGGACGAGATCACCATACTT,0,4800401
ygeY_predicted,0.3333333333333333,2,2,CGCTGTATAACGGCCGTTCC,0,4798082
ygeY_predicted,0.3333333333333333,2,2,CGCGTTGACCGGCCCGTTAT,0,4808146
ygeY_predicted,0.3333333333333333,2,2,CGCGACTGGCGAACTCTCGA,0,4803117
ygeY_predicted,0.3333333333333333,2,2,CGCCTAAACCATAGTCAACT,0,4812665
ygeY_predicted,0.3333333333333333,2,2,CGCCGCCTGAGGCGATGGGC,0,4801157
ygeY_predicted,0.3333333333333333,2,2,CGCCCATTGGCGGATTTCTG,0,4811195
ygeY_predicted,0.3333333333333333,2,2,CGCCATAGAAAGGCACGGTG,0,4811709
ygeY_predicted,0.3333333333333333,2,2,CGCACGCCGTATGGGGCTAC,0,4809951
ygeY_predicted,0.3333333333333333,2,2,CGCAAGGATCCAGCTCAAAG,0,4803645
ygeY_predicted,0.3333333333333333,2,2,CGCAAAGCGGAGCCTGGGTA,0,4807965
ygeY_predicted,0.3333333333333333,2,2,CGCAAAACCGCACTCGGAGG,0,4809233
ygeY_predicted,0.3333333333333333,2,2,CGATTAACCAGCTTTTCATG,0,4808782
ygeY_predicted,0.3333333333333333,2,2,CGATGACTCTTGCCACTGCG,0,4795095
ygeY_predicted,0.3333333333333333,2,2,CGAGGCTATAGCTTTAACTT,0,4798314
ygeY_predicted,0.3333333333333333,2,2,CGAGGATAAACGGCCAAGAC,0,4796770
ygeY_predicted,0.3333333333333333,2,2,CGAGACCTCAGGGGGAGTTT,0,4812326
ygeY_predicted,0.3333333333333333,2,2,CGACTACGCACGGTGCCCCA,0,4803475
ygeY_predicted,0.3333333333333333,2,2,CGACGTTTACTCATCGTTTA,0,4816107
ygeY_predicted,0.3333333333333333,2,2,CGACGGTGTCGTATGTGCCT,0,4813874
ygeY_predicted,0.3333333333333333,2,2,CGAAGGTCCTCGGAAAGGTA,0,4812113
ygeY_predicted,0.3333333333333333,2,2,CCTTGCATGCAACCTGGACT,0,4812899
ygeY_predicted,0.3333333333333333,2,2,CCTGTTAAAATGGCTAGTGG,0,4795627
ygeY_predicted,0.3333333333333333,2,2,CCTGATAGAACCAGTGATTA,0,4796307
ygeY_predicted,0.3333333333333333,2,2,CCTCCATGGAAGGAGAGATT,0,4814570
ygeY_predicted,0.3333333333333333,2,2,CCTCATAGGCAAGTGCGTTT,0,4800012
ygeY_predicted,0.3333333333333333,2,2,CCTCAGGTAATACGTGTGAA,0,4797833
ygeY_predicted,0.3333333333333333,2,2,CCTACGCAAGGTGCCCTAAA,0,4815487
ygeY_predicted,0.3333333333333333,2,2,CCTAAGATCTGCGTCTAGCG,0,4814310
ygeY_predicted,0.3333333333333333,2,2,CCGTTGTAAACGGATCCAGT,0,4797922
ygeY_predicted,0.3333333333333333,2,2,CCGTGAGTGCACAGCCAATC,0,4813565
ygeY_predicted,0.3333333333333333,2,2,CCGTGAAGTAAGCGGAACCC,0,4808405
ygeY_predicted,0.3333333333333333,2,2,CCGTGAAAGCGCACCTTTAA,0,4813727
ygeY_predicted,0.3333333333333333,2,2,CCGTCCGTACTGCCTTGTGA,0,4802055
ygeY_predicted,0.3333333333333333,2,2,CCGGGGGGCTGGGGGGACGG,0,4806141
ygeY_predicted,0.3333333333333333,2,2,CCGGGCAGTTTAAACACTAT,0,4816093
ygeY_predicted,0.3333333333333333,2,2,CCGGCAACTACACGTGCATG,0,4815151
ygeY_predicted,0.3333333333333333,2,2,CCGGATTTACGAAACCAGAT,0,4814528
ygeY_predicted,0.3333333333333333,2,2,CCGCTCGTAACTTCAAGTCC,0,4799163
ygeY_predicted,0.3333333333333333,2,2,CCGCGCCGGTCTAGGTCGTA,0,4811711
ygeY_predicted,0.3333333333333333,2,2,CCGCGATACGTGTCTTCCGG,0,4811641
ygeY_predicted,0.3333333333333333,2,2,CCGCACCCCAGGATGGGTGG,0,4816685
ygeY_predicted,0.3333333333333333,2,2,CCGATACAATGGTTGCTTGC,0,4804886
ygeY_predicted,0.3333333333333333,2,2,CCGACTAGAACGCCCGACAA,0,4806191
ygeY_predicted,0.3333333333333333,2,2,CCGACGTTGATACATAACAG,0,4799700
ygeY_predicted,0.3333333333333333,2,2,CCGACCCAAAGAGCCGGATA,0,4801156
ygeY_predicted,0.3333333333333333,2,2,CCCTTGGCCCCGGCAAACCA,0,4813883
ygeY_predicted,0.3333333333333333,2,2,CCCTGGGTTTAGAATAAGCC,0,4797215
ygeY_predicted,0.3333333333333333,2,2,CCCTGATCATATCTCAGCCC,0,4809493
ygeY_predicted,0.3333333333333333,2,2,CCCGGAATAGTTCCTACACG,0,4812192
ygeY_predicted,0.3333333333333333,2,2,CCCCGAGGCATAATTTGGCG,0,4809330
ygeY_predicted,0.3333333333333333,2,2,CCCCAAGTATGCAGTTTGGT,0,4804585
ygeY_predicted,0.3333333333333333,2,2,CCCATATCCACAGCTTACCA,0,4801725
ygeY_predicted,0.3333333333333333,2,2,CCCAGCATAAGAAATGCAAT,0,4815135
ygeY_predicted,0.3333333333333333,2,2,CCCAACGTAGATCGCCGGTG,0,4812440
ygeY_predicted,0.3333333333333333,2,2,CCATCGATATAGGGCCGTGC,0,4796910
ygeY_predicted,0.3333333333333333,2,2,CCAGGTTCCCAGAGACTGCG,0,4816345
ygeY_predicted,0.3333333333333333,2,2,CCAGCCAGGAAAGAAGAGGT,0,4799219
ygeY_predicted,0.3333333333333333,2,2,CCAGAAAGTTACGGGCGCGA,0,4815968
ygeY_predicted,0.3333333333333333,2,2,CCACAATAGTTGGTAAAGGT,0,4798757
ygeY_predicted,0.3333333333333333,2,2,CCAATGATCGCACCACCCAA,0,4812988
ygeY_predicted,0.3333333333333333,2,2,CCAAGTAGGGTGGTTCTTAT,0,4805366
ygeY_predicted,0.3333333333333333,2,2,CCAAAGCTCCTGCTCGAGAA,0,4815877
ygeY_predicted,0.3333333333333333,2,2,CCAAACGAGTTTATAAACGT,0,4808708
ygeY_predicted,0.3333333333333333,2,2,CATTTAGGCCAAGTCTTATT,0,4811592
ygeY_predicted,0.3333333333333333,2,2,CATTCGATTTCCCGGTCGAA,0,4806427
ygeY_predicted,0.3333333333333333,2,2,CATGGCCAACAAGTATTTGG,0,4800954
ygeY_predicted,0.3333333333333333,2,2,CATGCGGCTTTATTTGGGTA,0,4810937
ygeY_predicted,0.3333333333333333,2,2,CATCGTCTAAACGTGCGTCA,0,4803936
ygeY_predicted,0.3333333333333333,2,2,CATCACCCTGACCCACGACT,0,4806373
ygeY_predicted,0.3333333333333333,2,2,CATAGGTTAGCTCACGGTAA,0,4806399
ygeY_predicted,0.3333333333333333,2,2,CATAAGTTAGCCATTTGGTT,0,4802029
ygeY_predicted,0.3333333333333333,2,2,CATAAACCAGACTTGCCTTT,0,4799285
ygeY_predicted,0.3333333333333333,2,2,CAGTCCGAGCAGCACAACCC,0,4814991
ygeY_predicted,0.3333333333333333,2,2,CAGTATATTAAGTTCGAATT,0,4795307
ygeY_predicted,0.3333333333333333,2,2,CAGGCGAATTATAGCTTTTC,0,4804580
ygeY_predicted,0.3333333333333333,2,2,CAGCCGTTGACTTATCTAAC,0,4814157
ygeY_predicted,0.3333333333333333,2,2,CAGCCCGAAGTTAACGAGCA,0,4812603
ygeY_predicted,0.3333333333333333,2,2,CAGCATAAGCCCCGGGTTGT,0,4797781
ygeY_predicted,0.3333333333333333,2,2,CAGCAATCGAGGGACCCTGG,0,4810606
ygeY_predicted,0.3333333333333333,2,2,CAGATCTCAGTCCATTTCAA,0,4810783
ygeY_predicted,0.3333333333333333,2,2,CAGAGGGCGGGATGTGCGCC,0,4803378
ygeY_predicted,0.3333333333333333,2,2,CAGAAGACCAGGCCGCACTT,0,4800134
ygeY_predicted,0.3333333333333333,2,2,CAGAAACGCTGGTGATAGTA,0,4804325
ygeY_predicted,0.3333333333333333,2,2,CACTCCCCTGGTAGTCCAAG,0,4798489
ygeY_predicted,0.3333333333333333,2,2,CACTCAGACGCTAAATATTG,0,4796786
ygeY_predicted,0.3333333333333333,2,2,CACTAAATTCGGTGGGGCGG,0,4799935
ygeY_predicted,0.3333333333333333,2,2,CACGTTGGTTTAACCGGGCA,0,4802171
ygeY_predicted,0.3333333333333333,2,2,CACGTGAAGCCTTTAACATA,0,4805875
ygeY_predicted,0.3333333333333333,2,2,CACGGGCCTGGTGATCGATC,0,4803913
ygeY_predicted,0.3333333333333333,2,2,CACGATATTGCTCTTCAAAC,0,4812285
ygeY_predicted,0.3333333333333333,2,2,CACGACGGCGTTTTTTGTTT,0,4809546
ygeY_predicted,0.3333333333333333,2,2,CACGAAGAGACCCAGAGGGG,0,4795174
ygeY_predicted,0.3333333333333333,2,2,CACATTTTAGCGAGACACGC,0,4806864
ygeY_predicted,0.3333333333333333,2,2,CACATGACGCCCTGGCCCGT,0,4797449
ygeY_predicted,0.3333333333333333,2,2,CACATCTCGACAGGCTTGAT,0,4809245
ygeY_predicted,0.3333333333333333,2,2,CACAGGTTAACACTCTGTGT,0,4810970
ygeY_predicted,0.3333333333333333,2,2,CACAGCGGCAAAATTCTCGA,0,4804861
ygeY_predicted,0.3333333333333333,2,2,CAATTAATATACTTCGGTTT,0,4806312
ygeY_predicted,0.3333333333333333,2,2,CAATGCATCTTGTTACCATT,0,4805208
ygeY_predicted,0.3333333333333333,2,2,CAATCTGACCCTCTATAGCC,0,4815305
ygeY_predicted,0.3333333333333333,2,2,CAAGACTGCCGGTGACCTGC,0,4807653
ygeY_predicted,0.3333333333333333,2,2,CAACTGTCAGTGCAAAGGTT,0,4799987
ygeY_predicted,0.3333333333333333,2,2,CAAAGTATCTCAGTATAAAT,0,4796571
ygeY_predicted,0.3333333333333333,2,2,CAAACCCCGAGACACTGGTT,0,4808009
ygeY_predicted,0.3333333333333333,2,2,CAAACCAACCCCGGTGGACA,0,4808905
ygeY_predicted,0.3333333333333333,2,2,CAAAATAAAAGCGCGTTAAG,0,4799498
ygeY_predicted,0.3333333333333333,2,2,CAAAACTAAAATGTTATACA,0,4815887
ygeY_predicted,0.3333333333333333,2,2,ATTGTTGAGCGAGCACTGCG,0,4808104
ygeY_predicted,0.3333333333333333,2,2,ATTGTATTAGCTGGTCGAGA,0,4803919
ygeY_predicted,0.3333333333333333,2,2,ATTGGGCCAGACGAGCGCAC,0,4809613
ygeY_predicted,0.3333333333333333,2,2,ATTGGGCAAGCATGCCGAGG,0,4796696
ygeY_predicted,0.3333333333333333,2,2,ATTGATTTGGAGGAGCTAGG,0,4804507
ygeY_predicted,0.3333333333333333,2,2,ATTGATCATTTACTGGCATT,0,4806908
ygeY_predicted,0.3333333333333333,2,2,ATTGAGGTAGAAGAGCTAAC,0,4809103
ygeY_predicted,0.3333333333333333,2,2,ATTCACAAAAACCGTCGTTC,0,4800652
ygeY_predicted,0.3333333333333333,2,2,ATGTGTTCCCGTCGGATAAG,0,4798237
ygeY_predicted,0.3333333333333333,2,2,ATGTAAATTGGGCCAAGAAC,0,4794996
ygeY_predicted,0.3333333333333333,2,2,ATGGTCCAGGTGGGTATAGA,0,4797610
ygeY_predicted,0.3333333333333333,2,2,ATGGCAAGCCAAGGTTCGAG,0,4810653
ygeY_predicted,0.3333333333333333,2,2,ATGCCAATAGCGGTCCCAAG,0,4813602
ygeY_predicted,0.3333333333333333,2,2,ATGCAATGTGAATGAATCCC,0,4816916
ygeY_predicted,0.3333333333333333,2,2,ATGATCTCCCTAGGGTCTTT,0,4807186
ygeY_predicted,0.3333333333333333,2,2,ATGAACTTTTTACACCTCAG,0,4803365
ygeY_predicted,0.3333333333333333,2,2,ATGAAATTAGTAGATCGAAA,0,4797408
ygeY_predicted,0.3333333333333333,2,2,ATCTTCGCCTGTGCATGAAC,0,4795528
ygeY_predicted,0.3333333333333333,2,2,ATCTAGGCCAAACTCGGTGG,0,4801066
ygeY_predicted,0.3333333333333333,2,2,ATCGGGATATCCTTCGACAG,0,4796713
ygeY_predicted,0.3333333333333333,2,2,ATCGAACTCGGCTACTTTCA,0,4806601
ygeY_predicted,0.3333333333333333,2,2,ATCCTCGGTATATGTGGCGC,0,4811531
ygeY_predicted,0.3333333333333333,2,2,ATCATGGCGGAACATAAAAT,0,4811037
ygeY_predicted,0.3333333333333333,2,2,ATCAGTCGTAGATGTGCTCC,0,4796629
ygeY_predicted,0.3333333333333333,2,2,ATCAGCGCTACCAAACCTAA,0,4804326
ygeY_predicted,0.3333333333333333,2,2,ATATGTACTGTGGCCCACAG,0,4810091
ygeY_predicted,0.3333333333333333,2,2,ATATGCGCGCCTCAGGAGCT,0,4796533
ygeY_predicted,0.3333333333333333,2,2,ATATGCAGATGAGCGGTTAG,0,4815972
ygeY_predicted,0.3333333333333333,2,2,ATATGACACGCGAATGTCCC,0,4800432
ygeY_predicted,0.3333333333333333,2,2,ATATCTTTGACAGTCTGCAA,0,4797067
ygeY_predicted,0.3333333333333333,2,2,ATATCTCATTGGAGCGGACG,0,4813258
ygeY_predicted,0.3333333333333333,2,2,ATATCGCGGAGCTTGATGGC,0,4795765
ygeY_predicted,0.3333333333333333,2,2,ATATAGATGCTCGTGGCCGA,0,4816717
ygeY_predicted,0.3333333333333333,2,2,ATAGTTCCGCCCCGCACCGT,0,4795069
ygeY_predicted,0.3333333333333333,2,2,ATAGTATGGTCTCCAGGTGC,0,4810839
ygeY_predicted,0.3333333333333333,2,2,ATAGCTAGAATGTATTGATC,0,4813120
ygeY_predicted,0.3333333333333333,2,2,ATAGCAGTGGAAATATCACT,0,4802832
ygeY_predicted,0.3333333333333333,2,2,ATACTTCGGCCATAGAGACT,0,4805995
ygeY_predicted,0.3333333333333333,2,2,ATAACTCGGCTCCCTCCGTC,0,4810835
ygeY_predicted,0.3333333333333333,2,2,ATAACGCTGGTTATCGTACG,0,4806295
ygeY_predicted,0.3333333333333333,2,2,ATAACCTGCGGGAGTATGGG,0,4795466
ygeY_predicted,0.3333333333333333,2,2,ATAACAGATTTCGTCCCCCA,0,4804818
ygeY_predicted,0.3333333333333333,2,2,ATAAAGGCTAGCCCTGCTTG,0,4808506
ygeY_predicted,0.3333333333333333,2,2,ATAAACTTATAGGACAAGGG,0,4800132
ygeY_predicted,0.3333333333333333,2,2,AGTGGGTTAGTCGTGAACTA,0,4795402
ygeY_predicted,0.3333333333333333,2,2,AGTGCGTAGTAGGAATGGCT,0,4810391
ygeY_predicted,0.3333333333333333,2,2,AGTGCATCCTTTTTAGTCCT,0,4795266
ygeY_predicted,0.3333333333333333,2,2,AGTCGTGTGGGGAGTCATAT,0,4807862
ygeY_predicted,0.3333333333333333,2,2,AGTATAGAGACGCATTGTTA,0,4808864
ygeY_predicted,0.3333333333333333,2,2,AGTACAGGATGTGGCTTCCA,0,4802103
ygeY_predicted,0.3333333333333333,2,2,AGGTTAAGGTATGGGGAGGT,0,4803095
ygeY_predicted,0.3333333333333333,2,2,AGGTGGCCCATTAGACACTG,0,4799607
ygeY_predicted,0.3333333333333333,2,2,AGGTGAATTTGTATTACTTA,0,4807845
ygeY_predicted,0.3333333333333333,2,2,AGGTGAACATGATTTTTAGT,0,4804822
ygeY_predicted,0.3333333333333333,2,2,AGGTCAGAGAAAACCTATCT,0,4808115
ygeY_predicted,0.3333333333333333,2,2,AGGTAACCGGCTCTGATGTA,0,4797317
ygeY_predicted,0.3333333333333333,2,2,AGGGTCCGGTAATATGCAGT,0,4804471
ygeY_predicted,0.3333333333333333,2,2,AGGGGGAATCGGAGGAGTCG,0,4797545
ygeY_predicted,0.3333333333333333,2,2,AGGCGTTTGGAAGCATATTA,0,4809734
ygeY_predicted,0.3333333333333333,2,2,AGGATATAACTATCTCAAGC,0,4811738
ygeY_predicted,0.3333333333333333,2,2,AGGAACCCACCGGATATCTG,0,4797494
ygeY_predicted,0.3333333333333333,2,2,AGCTTATGGGCGATGCCGGG,0,4809471
ygeY_predicted,0.3333333333333333,2,2,AGCGTTCGCAGAATACATGA,0,4801104
ygeY_predicted,0.3333333333333333,2,2,AGCGCGCGGCCACAACTCTC,0,4815015
ygeY_predicted,0.3333333333333333,2,2,AGCGCCTCTACCAATCGGGA,0,4804269
ygeY_predicted,0.3333333333333333,2,2,AGCCGGATATATCGGGACAT,0,4802693
ygeY_predicted,0.3333333333333333,2,2,AGCCATGCCGTAAGCCGCCC,0,4815376
ygeY_predicted,0.3333333333333333,2,2,AGCATAGTGCAACTGCAGCC,0,4799748
ygeY_predicted,0.3333333333333333,2,2,AGATATCCTGTGAAACGAGG,0,4807787
ygeY_predicted,0.3333333333333333,2,2,AGACTGTATTCACGCGCAAA,0,4805678
ygeY_predicted,0.3333333333333333,2,2,AGAATCGGTAAAAACCAGTG,0,4803687
ygeY_predicted,0.3333333333333333,2,2,AGAATAACTACTGACGTCGC,0,4795651
ygeY_predicted,0.3333333333333333,2,2,AGAAGTTAGCGTTTGGGAAT,0,4805493
ygeY_predicted,0.3333333333333333,2,2,AGAAAGATAATACGCGGTAT,0,4812375
ygeY_predicted,0.3333333333333333,2,2,ACTTAAAGGAGCAAGTCGGG,0,4812236
ygeY_predicted,0.3333333333333333,2,2,ACTGGCAAAGTCGATCTGGA,0,4796856
ygeY_predicted,0.3333333333333333,2,2,ACTCGGATACCGGGTTATTA,0,4806745
ygeY_predicted,0.3333333333333333,2,2,ACTCATACACGTTTTGGAGC,0,4804261
ygeY_predicted,0.3333333333333333,2,2,ACTCACGTTATGCCGCAGCG,0,4812695
ygeY_predicted,0.3333333333333333,2,2,ACTAGGATTGGCAGGGGCCA,0,4811456
ygeY_predicted,0.3333333333333333,2,2,ACTAGCACGGGTTCTTGATT,0,4805047
ygeY_predicted,0.3333333333333333,2,2,ACGTTTTCTGAGCTCGGTGT,0,4814154
ygeY_predicted,0.3333333333333333,2,2,ACGTCAGTGCCAACAGGTGG,0,4798978
ygeY_predicted,0.3333333333333333,2,2,ACGTACGGTTCCCTTAGCAT,0,4800975
ygeY_predicted,0.3333333333333333,2,2,ACGTACACCAACTAGGCAAT,0,4795713
ygeY_predicted,0.3333333333333333,2,2,ACGGTTACTCACCGAAAACC,0,4805549
ygeY_predicted,0.3333333333333333,2,2,ACGGGATCTAGAATCCACGA,0,4800094
ygeY_predicted,0.3333333333333333,2,2,ACGGCTGTGCTGCGAATTAA,0,4812642
ygeY_predicted,0.3333333333333333,2,2,ACGGATTGTTGTATGGTGGT,0,4797870
ygeY_predicted,0.3333333333333333,2,2,ACGAGTAGGAGGTCCGTGAG,0,4803004
ygeY_predicted,0.3333333333333333,2,2,ACGAGGTTGCTACCGCGAAT,0,4810593
ygeY_predicted,0.3333333333333333,2,2,ACGAAGGTCGCCTTCCCATT,0,4796397
ygeY_predicted,0.3333333333333333,2,2,ACCTGGGCAACAGCGTAGTT,0,4803450
ygeY_predicted,0.3333333333333333,2,2,ACCGGATTTCGGCATCCGAT,0,4809116
ygeY_predicted,0.3333333333333333,2,2,ACCGCCTATGATGCGGAATA,0,4801625
ygeY_predicted,0.3333333333333333,2,2,ACCCGACCAGCTATCGTCCA,0,4809120
ygeY_predicted,0.3333333333333333,2,2,ACCCCGTATCGTCGTGGTAG,0,4806667
ygeY_predicted,0.3333333333333333,2,2,ACCATTTCACGAACGATTTG,0,4796429
ygeY_predicted,0.3333333333333333,2,2,ACCATTATCTCCGGTAGACT,0,4805941
ygeY_predicted,0.3333333333333333,2,2,ACCAATCCTCACAGGGATAA,0,4815638
ygeY_predicted,0.3333333333333333,2,2,ACCAAGGTTATAAACGTACG,0,4810306
ygeY_predicted,0.3333333333333333,2,2,ACATTCCCACTCTGGATGAT,0,4814749
ygeY_predicted,0.3333333333333333,2,2,ACATGTAGTACGCCATACTG,0,4812785
ygeY_predicted,0.3333333333333333,2,2,ACATCCACACTGACGTAGGA,0,4803894
ygeY_predicted,0.3333333333333333,2,2,ACATACAGCAGTATCAAGAC,0,4802000
ygeY_predicted,0.3333333333333333,2,2,ACAGCCCCACATGACGACGT,0,4794981
ygeY_predicted,0.3333333333333333,2,2,ACAGACCAGGTCGTTCTCAC,0,4808154
ygeY_predicted,0.3333333333333333,2,2,ACACTAAGAGATATAAGCGT,0,4799904
ygeY_predicted,0.3333333333333333,2,2,ACAATGGGTCCAGGCACGGG,0,4799545
ygeY_predicted,0.3333333333333333,2,2,ACAATGACAAGCATCTCCCA,0,4804124
ygeY_predicted,0.3333333333333333,2,2,ACAATCTCTATAGCGTCAGG,0,4795811
ygeY_predicted,0.3333333333333333,2,2,ACAAAAAACAAGGCAGCAGG,0,4797698
ygeY_predicted,0.3333333333333333,2,2,AATTGGCTTATATTATTTTC,0,4795208
ygeY_predicted,0.3333333333333333,2,2,AATGTTATTACGAGGTAGTA,0,4805963
ygeY_predicted,0.3333333333333333,2,2,AATGGCGACTCGAGCTGTTG,0,4810812
ygeY_predicted,0.3333333333333333,2,2,AATGCCAAAATAAAGGACTA,0,4811294
ygeY_predicted,0.3333333333333333,2,2,AATGACCTTTGTAACGTCCA,0,4808277
ygeY_predicted,0.3333333333333333,2,2,AATCGTTTACGCGAACTAAA,0,4817027
ygeY_predicted,0.3333333333333333,2,2,AATCCGACCCTGAAGTGTAA,0,4810522
ygeY_predicted,0.3333333333333333,2,2,AATCATAGCGCCCCCGCCAT,0,4803698
ygeY_predicted,0.3333333333333333,2,2,AATATAAGGTTTGAGCACCA,0,4812682
ygeY_predicted,0.3333333333333333,2,2,AAGTTCATAATCCCGACCAG,0,4805993
ygeY_predicted,0.3333333333333333,2,2,AAGTGTTCAATGCTCATCTT,0,4797255
ygeY_predicted,0.3333333333333333,2,2,AAGGGTCTCCTCAATGGGTC,0,4814952
ygeY_predicted,0.3333333333333333,2,2,AAGGGCCACGAACGGGCTAA,0,4801352
ygeY_predicted,0.3333333333333333,2,2,AAGCAAATAAGTTATGTAGG,0,4815018
ygeY_predicted,0.3333333333333333,2,2,AAGATATGGAATCTGTGCTG,0,4813495
ygeY_predicted,0.3333333333333333,2,2,AAGAGCGTGCTTTTCCTGCA,0,4814495
ygeY_predicted,0.3333333333333333,2,2,AAGAACAAAGGGCGGGAATG,0,4796052
ygeY_predicted,0.3333333333333333,2,2,AACTTGGCAGTTCCACTGGA,0,4807044
ygeY_predicted,0.3333333333333333,2,2,AACTCAAAGGTAGGGTCCAG,0,4806821
ygeY_predicted,0.3333333333333333,2,2,AACGGTCCAGAGCTAGCGTG,0,4802891
ygeY_predicted,0.3333333333333333,2,2,AACGCCCGTAGCGGAAAATA,0,4802959
ygeY_predicted,0.3333333333333333,2,2,AACGATTCGCCAATTTTCCT,0,4804166
ygeY_predicted,0.3333333333333333,2,2,AACGAAAGATGCTCTCGCTA,0,4808223
ygeY_predicted,0.3333333333333333,2,2,AACCTACGGGCGGCCCTATG,0,4795369
ygeY_predicted,0.3333333333333333,2,2,AACCGTAGCACCGAATAAAC,0,4813912
ygeY_predicted,0.3333333333333333,2,2,AACCCCGACGCGTTAGTATC,0,4811858
ygeY_predicted,0.3333333333333333,2,2,AACATGGTTTCTTGGCCATT,0,4797819
ygeY_predicted,0.3333333333333333,2,2,AACAGGCAGGGACGCACCGA,0,4798105
ygeY_predicted,0.3333333333333333,2,2,AAATTTGTACGCTGGAGTGT,0,4807286
ygeY_predicted,0.3333333333333333,2,2,AAATTTGGACAGAATTTGCA,0,4796693
ygeY_predicted,0.3333333333333333,2,2,AAATTTAGATATCAGATCAC,0,4800744
ygeY_predicted,0.3333333333333333,2,2,AAATGGGTGGCGTAGTAGTC,0,4807702
ygeY_predicted,0.3333333333333333,2,2,AAATCTATCCGCTGGTGAGA,0,4807647
ygeY_predicted,0.3333333333333333,2,2,AAAGCACATGCGTCTACAAA,0,4813356
ygeY_predicted,0.3333333333333333,2,2,AAACGCATGTTCGGTTGAAA,0,4810751
ygeY_predicted,0.3333333333333333,2,2,AAACCTGGTTCTCATCTGTG,0,4798056
ygeY_predicted,0.3333333333333333,2,2,AAACAGGTACGTCTATGCCT,0,4802413
ygeY_predicted,0.3333333333333333,2,2,AAAATCTGTTGCGGATTCCA,0,4803735
ygeY_predicted,0.5,1,1,TTTTTATTACCTGGTTACAC,0,4804982
ygeY_predicted,0.5,1,1,TTTTGGTATTGTGAGAAGTA,0,4803040
ygeY_predicted,0.5,1,1,TTTTCAGGTCTCAGATGAGG,0,4805882
ygeY_predicted,0.5,1,1,TTTTAAAAATACGGCGAAGC,0,4816460
ygeY_predicted,0.5,1,1,TTTGTTTTAAATTATAAGAC,0,4804510
ygeY_predicted,0.5,1,1,TTTGTCCTACGCTGTTCCGG,0,4797383
ygeY_predicted,0.5,1,1,TTTGCAACCCTGACATTAGT,0,4807721
ygeY_predicted,0.5,1,1,TTTGATCTTGGGAGCTATTC,0,4814744
ygeY_predicted,0.5,1,1,TTTCGGGAATCAAGCCTGGC,0,4798713
ygeY_predicted,0.5,1,1,TTTCCGGGGAATGGCGGACA,0,4798667
ygeY_predicted,0.5,1,1,TTTCCCTATGACTAAATGAG,0,4809172
ygeY_predicted,0.5,1,1,TTTCATGGGGTGCAGCTAGA,0,4802487
ygeY_predicted,0.5,1,1,TTTATATGGGAAGTGTCTCA,0,4805003
ygeY_predicted,0.5,1,1,TTTAGGATGTTTACTGTTTC,0,4798366
ygeY_predicted,0.5,1,1,TTTACCAAGATGTGTCGTTA,0,4814475
ygeY_predicted,0.5,1,1,TTTAAGCTAAATTGGATGAT,0,4802416
ygeY_predicted,0.5,1,1,TTTAACGACTCGTAGGGAGG,0,4808077
ygeY_predicted,0.5,1,1,TTGTTATCACAAATGGAATG,0,4811052
ygeY_predicted,0.5,1,1,TTGTGCCTTGTGGGACCAGC,0,4807423
ygeY_predicted,0.5,1,1,TTGTGCCCCACGCTGCGAAT,0,4798879
ygeY_predicted,0.5,1,1,TTGTGATACCCTGAAGAATT,0,4798538
ygeY_predicted,0.5,1,1,TTGTGAGCGTACTTACCCAA,0,4812876
ygeY_predicted,0.5,1,1,TTGTCTTCCGTAGGTCTCTC,0,4805765
ygeY_predicted,0.5,1,1,TTGGTAAACAAGTGAGAGAG,0,4815542
ygeY_predicted,0.5,1,1,TTGGATTCAGGGAATGCTCT,0,4804743
ygeY_predicted,0.5,1,1,TTGCTCGTATCAGCACAAAC,0,4807743
ygeY_predicted,0.5,1,1,TTGCGGTCTGACCACTTTAG,0,4809893
ygeY_predicted,0.5,1,1,TTGCGGGTATATCCCACGCC,0,4795304
ygeY_predicted,0.5,1,1,TTGCCCGCAATAAGGTTATG,0,4804879
ygeY_predicted,0.5,1,1,TTGATACGATCTTCTGCCAT,0,4813623
ygeY_predicted,0.5,1,1,TTCTGGAAGGAAAACGCTAA,0,4811808
ygeY_predicted,0.5,1,1,TTCTGCCGTTGGCTAGCCGT,0,4805249
ygeY_predicted,0.5,1,1,TTCTATTTTAGAACTAATTG,0,4795260
ygeY_predicted,0.5,1,1,TTCTAAAACGTGCCAGGTCT,0,4794886
ygeY_predicted,0.5,1,1,TTCGGTCGCAGATGCGATGT,0,4806265
ygeY_predicted,0.5,1,1,TTCGATGACCCGTCACATCT,0,4795486
ygeY_predicted,0.5,1,1,TTCCCTATCTGAGAAGAGGC,0,4802955
ygeY_predicted,0.5,1,1,TTCCCCGGCGCGTGGTAACC,0,4799006
ygeY_predicted,0.5,1,1,TTCCATGTTTATAGATAAGA,0,4811045
ygeY_predicted,0.5,1,1,TTCATGTAAATTTAGTATAA,0,4796033
ygeY_predicted,0.5,1,1,TTCAGTTAGTCCTAAAGTAA,0,4797055
ygeY_predicted,0.5,1,1,TTCAGCGAATCTCAACCTGA,0,4809660
ygeY_predicted,0.5,1,1,TTCACTAGCGGTCGGCCAAC,0,4799976
ygeY_predicted,0.5,1,1,TTCACTAAGGGCCATTACCG,0,4806996
ygeY_predicted,0.5,1,1,TTCAATTGTTTGGACACAGG,0,4807228
ygeY_predicted,0.5,1,1,TTATTCGTGGCGTAGGAGGT,0,4809599
ygeY_predicted,0.5,1,1,TTATGTAAAAGTAGCCTTAA,0,4807002
ygeY_predicted,0.5,1,1,TTATGGGATTATGTACATAT,0,4795959
ygeY_predicted,0.5,1,1,TTAGATTATGCCTGCGCGGC,0,4810051
ygeY_predicted,0.5,1,1,TTACTCGCAGGGAGTAGCAT,0,4812208
ygeY_predicted,0.5,1,1,TTACGTGGTTAATTCATACG,0,4805510
ygeY_predicted,0.5,1,1,TTACCGAGCTCATCTGTTGG,0,4805441
ygeY_predicted,0.5,1,1,TTACCAATGATTGGCATGCT,0,4815740
ygeY_predicted,0.5,1,1,TTACACCCGGGCAGATCGCT,0,4807554
ygeY_predicted,0.5,1,1,TTACACAGCATAAGCGACGT,0,4795935
ygeY_predicted,0.5,1,1,TTACAAACAAGACTACGGGA,0,4806436
ygeY_predicted,0.5,1,1,TTAATCGGGCCATCCCACAT,0,4808393
ygeY_predicted,0.5,1,1,TTAATCGGATGAACCGTGTG,0,4808187
ygeY_predicted,0.5,1,1,TTAAAATGACATCCCCGATA,0,4806766
ygeY_predicted,0.5,1,1,TGTTTCCACTGACCTTCCTT,0,4816656
ygeY_predicted,0.5,1,1,TGTGTTTCATTAGGGTGTCA,0,4806007
ygeY_predicted,0.5,1,1,TGTGTTTCACGTCCTTGCTA,0,4811667
ygeY_predicted,0.5,1,1,TGTGTGGAAGCGCATGGCCC,0,4805403
ygeY_predicted,0.5,1,1,TGTGTCTATGGGGGGCGGAA,0,4801707
ygeY_predicted,0.5,1,1,TGTGTCGATCTGGCACTATA,0,4796959
ygeY_predicted,0.5,1,1,TGTGTACCTGCTGTTTGGGT,0,4812531
ygeY_predicted,0.5,1,1,TGTGGTTAAGTGGACTGGTA,0,4799125
ygeY_predicted,0.5,1,1,TGTGCCAAGTGGCAAGATGG,0,4811136
ygeY_predicted,0.5,1,1,TGTCGTAACTTCCGCTTCTG,0,4802572
ygeY_predicted,0.5,1,1,TGTATGGGGTAATTTTTGAC,0,4811006
ygeY_predicted,0.5,1,1,TGTAGTTGCACGACCCTGAC,0,4795162
ygeY_predicted,0.5,1,1,TGGTCATACGCGCAGGGGGA,0,4810491
ygeY_predicted,0.5,1,1,TGGGCATCGCAGCACGGGTT,0,4802434
ygeY_predicted,0.5,1,1,TGGGATCGCGTACCCGTGGT,0,4810218
ygeY_predicted,0.5,1,1,TGGGAGCGGAAACGGCGTTC,0,4803721
ygeY_predicted,0.5,1,1,TGGGACGACCGCTTCCAAGT,0,4796977
ygeY_predicted,0.5,1,1,TGGGACCAGTTAAAGTTGCA,0,4805742
ygeY_predicted,0.5,1,1,TGGCTGCTAGAGCCCCCGTG,0,4808437
ygeY_predicted,0.5,1,1,TGGCGTAAATGTGCGTATAC,0,4795887
ygeY_predicted,0.5,1,1,TGGCCTTACCGGTGTTATCA,0,4797394
ygeY_predicted,0.5,1,1,TGGCCTAGGGTGATTATGCC,0,4809987
ygeY_predicted,0.5,1,1,TGGCAGCTAGGAAACATTCT,0,4802309
ygeY_predicted,0.5,1,1,TGGATGTGCTGCGTGTTTGT,0,4806491
ygeY_predicted,0.5,1,1,TGGATAGGTAGCAACGCTTG,0,4801192
ygeY_predicted,0.5,1,1,TGGAATATTGGACAAGTAAT,0,4815439
ygeY_predicted,0.5,1,1,TGCTTATTCACCATACGTCG,0,4801404
ygeY_predicted,0.5,1,1,TGCTGCATATCGCGTATGCT,0,4816614
ygeY_predicted,0.5,1,1,TGCTCCGTTGAACAGCATTC,0,4814448
ygeY_predicted,0.5,1,1,TGCGCTTGGTAAACTGCAAA,0,4798439
ygeY_predicted,0.5,1,1,TGCGAGGAGGTATTCGGGGT,0,4795579
ygeY_predicted,0.5,1,1,TGCGAGCCACGTAATGTAGC,0,4812745
ygeY_predicted,0.5,1,1,TGCGACGCGTTCACCACGCT,0,4809955
ygeY_predicted,0.5,1,1,TGCCTAATCGATAGGGTTAT,0,4804343
ygeY_predicted,0.5,1,1,TGCATCCAAGGAGTGTGTGC,0,4816256
ygeY_predicted,0.5,1,1,TGCACGGGTTACGTTCATCT,0,4799320
ygeY_predicted,0.5,1,1,TGCAAAATCGGGCAACGAGA,0,4807709
ygeY_predicted,0.5,1,1,TGATTTAAATATGTCCCAGT,0,4808578
ygeY_predicted,0.5,1,1,TGATTGTTTTGATATACCAT,0,4815817
ygeY_predicted,0.5,1,1,TGATCATGTGCCAACTATAT,0,4801453
ygeY_predicted,0.5,1,1,TGAGGGGGGTGACTGATCGG,0,4801294
ygeY_predicted,0.5,1,1,TGACTAGCAATGACCCATTC,0,4815401
ygeY_predicted,0.5,1,1,TGACGACGGAGGACCTTAAT,0,4815584
ygeY_predicted,0.5,1,1,TGAAGTAAAGGAATCAGCGG,0,4805906
ygeY_predicted,0.5,1,1,TGAAGAGGTGATCCGCTATC,0,4812292
ygeY_predicted,0.5,1,1,TGAAACCCAACTCTCTCGGG,0,4802854
ygeY_predicted,0.5,1,1,TCTTCTTCGGAATCCGAAGT,0,4808392
ygeY_predicted,0.5,1,1,TCTGAGCCGAAACTGCTGGT,0,4802796
ygeY_predicted,0.5,1,1,TCTCGCGACTTACTGAACGA,0,4800354
ygeY_predicted,0.5,1,1,TCTCCGGGAGAGTACAGTTA,0,4807157
ygeY_predicted,0.5,1,1,TCGTTAACACGGTTGAGCTT,0,4809153
ygeY_predicted,0.5,1,1,TCGTGGATTCGCACCGTAGA,0,4805631
ygeY_predicted,0.5,1,1,TCGTCCGGCCTTGCTCATAT,0,4816957
ygeY_predicted,0.5,1,1,TCGTACCGCGGACGGCTTTA,0,4803711
ygeY_predicted,0.5,1,1,TCGTAACGGACCGGGTAGCC,0,4804823
ygeY_predicted,0.5,1,1,TCGGTACACGACCCGGTTGC,0,4796558
ygeY_predicted,0.5,1,1,TCGGGTTTAAACGATATCGT,0,4804474
ygeY_predicted,0.5,1,1,TCGGGTTCCCATGGAGACTG,0,4814364
ygeY_predicted,0.5,1,1,TCGGGTCTACTAAAACAGGA,0,4802442
ygeY_predicted,0.5,1,1,TCGGCCCGTCCAAAGCGCGT,0,4797513
ygeY_predicted,0.5,1,1,TCGGCCAGTTACGACAGTTA,0,4808006
ygeY_predicted,0.5,1,1,TCGGAACACCGGGTGCATTA,0,4804995
ygeY_predicted,0.5,1,1,TCGCTGAAGAAGTCTAAAAA,0,4811870
ygeY_predicted,0.5,1,1,TCGCCGTAAAGCGGCGAGCG,0,4813834
ygeY_predicted,0.5,1,1,TCGCCAAAACACATCCCATG,0,4807254
ygeY_predicted,0.5,1,1,TCGATGGGTCATCCATTAGG,0,4805644
ygeY_predicted,0.5,1,1,TCGACCATAACTCGCCACCA,0,4800435
ygeY_predicted,0.5,1,1,TCGACAGTAGAAACTGGTCC,0,4799286
ygeY_predicted,0.5,1,1,TCCTTAGAGTTCTTGATAAG,0,4812316
ygeY_predicted,0.5,1,1,TCCTGGTCAGGAACGGGCTT,0,4814498
ygeY_predicted,0.5,1,1,TCCTACAAGGGACTGGTAGG,0,4807452
ygeY_predicted,0.5,1,1,TCCGGGCTTGACCCGGGAGG,0,4796003
ygeY_predicted,0.5,1,1,TCCGGACGTAACGAGGATAA,0,4796490
ygeY_predicted,0.5,1,1,TCCCCCATTATGTCGTTTAA,0,4812166
ygeY_predicted,0.5,1,1,TCCAGAGCTGAGGGGTTGTT,0,4804396
ygeY_predicted,0.5,1,1,TCATTTGGTTCATTGACTGG,0,4809966
ygeY_predicted,0.5,1,1,TCATTTCGGAGATTCCAGTG,0,4815531
ygeY_predicted,0.5,1,1,TCATTTAACCTGTCCTGCGT,0,4815027
ygeY_predicted,0.5,1,1,TCATTACCTTTTTTCAAAGA,0,4805930
ygeY_predicted,0.5,1,1,TCATAGACCGTGCACCACGC,0,4795400
ygeY_predicted,0.5,1,1,TCAGGTGTCTACTTTCTCAA,0,4809092
ygeY_predicted,0.5,1,1,TCAGGTGACAAGGCAGGAGG,0,4799548
ygeY_predicted,0.5,1,1,TCAGCGTGAGTAAGTAGCCC,0,4813135
ygeY_predicted,0.5,1,1,TCAGCACTTCCTTCGAATAA,0,4809750
ygeY_predicted,0.5,1,1,TCACTTCACGTCAGATCAGT,0,4802083
ygeY_predicted,0.5,1,1,TCAATCAGACCGATTTATGA,0,4813831
ygeY_predicted,0.5,1,1,TCAAGCGGCGGTGCGGGTTG,0,4807465
ygeY_predicted,0.5,1,1,TATTTGGCCCAGAACGATGT,0,4803196
ygeY_predicted,0.5,1,1,TATTTGGACCCTCGGAACCC,0,4795310
ygeY_predicted,0.5,1,1,TATTGTGACCGGTGAGACTT,0,4809661
ygeY_predicted,0.5,1,1,TATGGGTGTACTCATGGCTC,0,4796499
ygeY_predicted,0.5,1,1,TATGGACTCGAACTATGTGA,0,4815529
ygeY_predicted,0.5,1,1,TATGGACGCTCCCCCGGGGG,0,4815335
ygeY_predicted,0.5,1,1,TATGGACCCATAAAAGTTTG,0,4815362
ygeY_predicted,0.5,1,1,TATGATGGCATGTTATAGCT,0,4800583
ygeY_predicted,0.5,1,1,TATGACTTAGGCGTTGGCGA,0,4799706
ygeY_predicted,0.5,1,1,TATGACAGGCGATACCGGTG,0,4808451
ygeY_predicted,0.5,1,1,TATCGCAAAACCGGCCACTA,0,4816858
ygeY_predicted,0.5,1,1,TATCCTTGGGCTATGCACGT,0,4807712
ygeY_predicted,0.5,1,1,TATCAACTGTGTTTGAGTAT,0,4808053
ygeY_predicted,0.5,1,1,TATAGAACGCTTAATATAGT,0,4811681
ygeY_predicted,0.5,1,1,TATAAGGCATAAAAACAGTA,0,4798100
ygeY_predicted,0.5,1,1,TAGGTTGTAACCTAGAACAG,0,4811978
ygeY_predicted,0.5,1,1,TAGGTATTAGCCGTCCGACG,0,4810321
ygeY_predicted,0.5,1,1,TAGGGCAGGGATAACCTAGG,0,4809402
ygeY_predicted,0.5,1,1,TAGCGAAGTATCATTGCTTC,0,4801106
ygeY_predicted,0.5,1,1,TAGACTTAGCTCACACAATA,0,4810816
ygeY_predicted,0.5,1,1,TAGACACGACATCCTCCGGT,0,4803146
ygeY_predicted,0.5,1,1,TAGAATCGGTCGATAGGTTC,0,4798876
ygeY_predicted,0.5,1,1,TAGAAGGGAGAAGGGATCAC,0,4807147
ygeY_predicted,0.5,1,1,TACTTAAATGAAATGGTTCT,0,4796836
ygeY_predicted,0.5,1,1,TACTGAGTGTACATCAGGAC,0,4799557
ygeY_predicted,0.5,1,1,TACTCTGTATTTTCCGAACT,0,4797804
ygeY_predicted,0.5,1,1,TACTATACCCAGCGCGTCCC,0,4806808
ygeY_predicted,0.5,1,1,TACTAGCTGATAGGCGGGCG,0,4809688
ygeY_predicted,0.5,1,1,TACGTGGGCTTGCAAAACTA,0,4806417
ygeY_predicted,0.5,1,1,TACGGGCGTTGGTTGCGGTC,0,4815297
ygeY_predicted,0.5,1,1,TACGCGCTATTGGCCCGAAC,0,4815517
ygeY_predicted,0.5,1,1,TACGCAAGGATGCGAGACCT,0,4798939
ygeY_predicted,0.5,1,1,TACGCAACTCTGGCCAAACC,0,4809464
ygeY_predicted,0.5,1,1,TACGATAGGTCTAAAGGACT,0,4810906
ygeY_predicted,0.5,1,1,TACGACTTCGCTAATTGATC,0,4813740
ygeY_predicted,0.5,1,1,TACCTCCTCTGAACTCATTC,0,4804273
ygeY_predicted,0.5,1,1,TACCGCGTCTCGGGGGGATA,0,4810988
ygeY_predicted,0.5,1,1,TACAGGCGATTAGGTTCGTG,0,4807474
ygeY_predicted,0.5,1,1,TACACGGCGTAACGTACTTG,0,4803301
ygeY_predicted,0.5,1,1,TACAAGGATATCCTTACCCT,0,4797005
ygeY_predicted,0.5,1,1,TAATTCGGATCATGACTAAC,0,4797707
ygeY_predicted,0.5,1,1,TAATCGACACTCGCATACTG,0,4807379
ygeY_predicted,0.5,1,1,TAATATGCGCATAGTTGCAA,0,4805386
ygeY_predicted,0.5,1,1,TAAGCTGCCTTGACTACGAA,0,4816186
ygeY_predicted,0.5,1,1,TAACCCTGACCGCCACCTCA,0,4803296
ygeY_predicted,0.5,1,1,TAACATGAATCTGACAGGAG,0,4813317
ygeY_predicted,0.5,1,1,TAAAGCTTCCGATTAGGTTT,0,4808279
ygeY_predicted,0.5,1,1,TAAACCATCCGCACATGATC,0,4815681
ygeY_predicted,0.5,1,1,GTTTTACGCCTCAACACGGG,0,4813407
ygeY_predicted,0.5,1,1,GTTTTAAGTCAATTGAGGTG,0,4811640
ygeY_predicted,0.5,1,1,GTTTACTTGAGAATCGAAGG,0,4798134
ygeY_predicted,0.5,1,1,GTTGTGACAACTGTTTGCCA,0,4809594
ygeY_predicted,0.5,1,1,GTTCTGTAGGGTTGCCATTC,0,4810900
ygeY_predicted,0.5,1,1,GTTCGGCAGGTCGGGCTTAC,0,4803999
ygeY_predicted,0.5,1,1,GTTCCCGTATCCACGAAATC,0,4803068
ygeY_predicted,0.5,1,1,GTTCATGAGGGACCCCGCAA,0,4813352
ygeY_predicted,0.5,1,1,GTTCACCAGCTTTATGCACT,0,4805668
ygeY_predicted,0.5,1,1,GTTAGTTGAGCAGGTGTCGC,0,4805910
ygeY_predicted,0.5,1,1,GTTAATCGGAAAGCTGGTGG,0,4811181
ygeY_predicted,0.5,1,1,GTTAACAGATACTGGAGCCA,0,4804107
ygeY_predicted,0.5,1,1,GTGTTGCTCTTGCTCCCAAA,0,4813707
ygeY_predicted,0.5,1,1,GTGTCTTTGTGTGACATTAC,0,4803396
ygeY_predicted,0.5,1,1,GTGGTTGTCCGACTTTAGAC,0,4799068
ygeY_predicted,0.5,1,1,GTGGTCGTATAGTCCGACCT,0,4798674
ygeY_predicted,0.5,1,1,GTGGGCCGCAAGTGTATTAC,0,4809345
ygeY_predicted,0.5,1,1,GTGGCTTCTAGGGGTGAGTT,0,4815007
ygeY_predicted,0.5,1,1,GTGGCAAAGTTGGTCGGTAT,0,4802883
ygeY_predicted,0.5,1,1,GTGCTTTCCCGCAAGGAAAT,0,4797871
ygeY_predicted,0.5,1,1,GTGCTAGGGCTGCCAAGGAT,0,4796034
ygeY_predicted,0.5,1,1,GTGCCTCACGTCCAAGGTGA,0,4801459
ygeY_predicted,0.5,1,1,GTGCATCTTATGTGAATAAC,0,4802282
ygeY_predicted,0.5,1,1,GTGAGTATAAAGCGAAAATG,0,4807811
ygeY_predicted,0.5,1,1,GTCTTCTGGGGATACGAACA,0,4798323
ygeY_predicted,0.5,1,1,GTCTTCTCATAAAAGTGGAG,0,4814308
ygeY_predicted,0.5,1,1,GTCGTTGATTTGTGTGCCCG,0,4813219
ygeY_predicted,0.5,1,1,GTCGTCCTATTCGCGCCTAC,0,4795035
ygeY_predicted,0.5,1,1,GTCGTATCCCTCGACTGAAA,0,4811603
ygeY_predicted,0.5,1,1,GTCGGGCCTATGTTGAAGCT,0,4795944
ygeY_predicted,0.5,1,1,GTCGCTAGGGCTGAACCCAG,0,4809164
ygeY_predicted,0.5,1,1,GTCGCGACCGACGGTACACA,0,4813673
ygeY_predicted,0.5,1,1,GTCGATATGGAAGATACAAG,0,4804165
ygeY_predicted,0.5,1,1,GTCCTGTGGCTAGCTGTCGA,0,4810475
ygeY_predicted,0.5,1,1,GTCCTGCACACGTAACGTCC,0,4804254
ygeY_predicted,0.5,1,1,GTCCCGGGATGAGCCAGAGT,0,4801351
ygeY_predicted,0.5,1,1,GTCCCCGGTCTGCTATGGGC,0,4807344
ygeY_predicted,0.5,1,1,GTCCAACATATGAACGTCAA,0,4813256
ygeY_predicted,0.5,1,1,GTCATAAGCATTGCTTGCGG,0,4812717
ygeY_predicted,0.5,1,1,GTCAGCCAAGGAGTGGAACG,0,4815009
ygeY_predicted,0.5,1,1,GTCAAGCGGACCGTTAGTTC,0,4805704
ygeY_predicted,0.5,1,1,GTATGCTTGGTTGCACCATC,0,4803321
ygeY_predicted,0.5,1,1,GTAGGGCGGTGCATATATGG,0,4801137
ygeY_predicted,0.5,1,1,GTACTTCCCCCGCGGCTGGC,0,4796526
ygeY_predicted,0.5,1,1,GTACGCCGACTCAAGGCCGT,0,4806559
ygeY_predicted,0.5,1,1,GTACATAGTTCGCCTTCGGA,0,4814629
ygeY_predicted,0.5,1,1,GTACAGGCTTCAATAGAGTT,0,4811347
ygeY_predicted,0.5,1,1,GTAATTGATTGGTGCGAGTG,0,4814427
ygeY_predicted,0.5,1,1,GTAATTGAAGCGGCTAGTTC,0,4815555
ygeY_predicted,0.5,1,1,GTAACTTACCTTAGTAATTG,0,4809432
ygeY_predicted,0.5,1,1,GTAACGGCTATAGGTGTCTG,0,4797061
ygeY_predicted,0.5,1,1,GGTTGTTATCATATTTCATC,0,4801484
ygeY_predicted,0.5,1,1,GGTGGGTAATACGAGTACCC,0,4799817
ygeY_predicted,0.5,1,1,GGTGCAAGAGGAGCACCTGC,0,4816219
ygeY_predicted,0.5,1,1,GGTCATCCAGTCCCCAGGCA,0,4805481
ygeY_predicted,0.5,1,1,GGTCAAAAGTCAATCCGTAC,0,4814463
ygeY_predicted,0.5,1,1,GGTATCTCGGACCGGCCCGA,0,4806971
ygeY_predicted,0.5,1,1,GGTACTACAGACAGAATGGC,0,4810468
ygeY_predicted,0.5,1,1,GGGTCGATGGGGAAACAACG,0,4798399
ygeY_predicted,0.5,1,1,GGGTCATCGTTCCATACTGT,0,4809565
ygeY_predicted,0.5,1,1,GGGTATCGATTAGGTTCATT,0,4807761
ygeY_predicted,0.5,1,1,GGGGTATGGAAGGTAAGATT,0,4803759
ygeY_predicted,0.5,1,1,GGGGGAGTCAGATTACACGT,0,4806648
ygeY_predicted,0.5,1,1,GGGGACGTATTCAAATGGTT,0,4809354
ygeY_predicted,0.5,1,1,GGGCTACTGGCTCCCGTAAG,0,4809605
ygeY_predicted,0.5,1,1,GGGCGTCAGGGTTAAGTCCA,0,4813381
ygeY_predicted,0.5,1,1,GGGCCAGTACGAGCACACAG,0,4811152
ygeY_predicted,0.5,1,1,GGGCAGGCCACTGGTTACTA,0,4814059
ygeY_predicted,0.5,1,1,GGCTTGATATTTTCTCTAAG,0,4813035
ygeY_predicted,0.5,1,1,GGCTGCGCGAGCCAAGTCCA,0,4816482
ygeY_predicted,0.5,1,1,GGCTCATGCATGTTAGCCAC,0,4798877
ygeY_predicted,0.5,1,1,GGCATGCGCCGGTCTGCCAG,0,4807247
ygeY_predicted,0.5,1,1,GGCATCCGAAGGCCCGGCTT,0,4803891
ygeY_predicted,0.5,1,1,GGCAGCGTGCTGGTTAGGTA,0,4812928
ygeY_predicted,0.5,1,1,GGCACGCCTGGTGCACGGAC,0,4801514
ygeY_predicted,0.5,1,1,GGCACGAACTTTAAGGCCGT,0,4799411
ygeY_predicted,0.5,1,1,GGATACTGGATACCGCGAAC,0,4798453
ygeY_predicted,0.5,1,1,GGATACATCCGTGTCTATAT,0,4815378
ygeY_predicted,0.5,1,1,GGAGTCCTCTCTAGACCGTT,0,4795040
ygeY_predicted,0.5,1,1,GGAGGCCAAAGGAACCCCTT,0,4797176
ygeY_predicted,0.5,1,1,GGAGAAAGTCCAGGCCTTAC,0,4808059
ygeY_predicted,0.5,1,1,GGACTGTAAATGCGCTCCAT,0,4798037
ygeY_predicted,0.5,1,1,GGACGTTATCCCGTAAGAGT,0,4802578
ygeY_predicted,0.5,1,1,GGACGCCGGAGGGGAGGCCG,0,4807525
ygeY_predicted,0.5,1,1,GGACCGGCGCATGAAAGGGG,0,4810766
ygeY_predicted,0.5,1,1,GCTTTGTACGGCCTCATCTC,0,4804804
ygeY_predicted,0.5,1,1,GCTTTCATTTCGAAATTGGT,0,4809290
ygeY_predicted,0.5,1,1,GCTTCCCTCGCTTCAGCTCA,0,4806719
ygeY_predicted,0.5,1,1,GCTGTGCGGGGGACATTTTC,0,4805443
ygeY_predicted,0.5,1,1,GCTGGGACTAAAGGGTGTGG,0,4798747
ygeY_predicted,0.5,1,1,GCTGCCGCGAGAGGTCACTG,0,4795920
ygeY_predicted,0.5,1,1,GCTGCAGGGTGTCCCAATAT,0,4796597
ygeY_predicted,0.5,1,1,GCTCTGACTTTGGTATCTGG,0,4807982
ygeY_predicted,0.5,1,1,GCTCCGTCTCGGAAGCAGCT,0,4806173
ygeY_predicted,0.5,1,1,GCTCATCCTCCCGGCTAATT,0,4807267
ygeY_predicted,0.5,1,1,GCTCAAGTATCCCATCTTAG,0,4813903
ygeY_predicted,0.5,1,1,GCTCAAAAAATCCGCGTTAT,0,4805799
ygeY_predicted,0.5,1,1,GCTATTAACCTGACAGACTC,0,4797221
ygeY_predicted,0.5,1,1,GCTACACCCGTGAGATACGT,0,4812581
ygeY_predicted,0.5,1,1,GCTAACAATCGAGTAAGATG,0,4802896
ygeY_predicted,0.5,1,1,GCGTGGTAGCGAGATGTAGA,0,4803367
ygeY_predicted,0.5,1,1,GCGTCCTTGTCCGTATAGAA,0,4816349
ygeY_predicted,0.5,1,1,GCGTATCGTGGGCTATAGGT,0,4801276
ygeY_predicted,0.5,1,1,GCGGTGACCCGTGGGAAGTA,0,4808709
ygeY_predicted,0.5,1,1,GCGGTCAGTTCACCCGCCTA,0,4804318
ygeY_predicted,0.5,1,1,GCGGGCAGCTAAGGGAACCG,0,4803237
ygeY_predicted,0.5,1,1,GCGGCAGCATCGCCAGGCAA,0,4812474
ygeY_predicted,0.5,1,1,GCGGAGTAGTCTCTCTGACT,0,4811772
ygeY_predicted,0.5,1,1,GCGGAACGATCCCCGCGGGC,0,4810956
ygeY_predicted,0.5,1,1,GCGCTCGTCGAATGCACGAT,0,4814397
ygeY_predicted,0.5,1,1,GCGCAACCGAAGTTGGACGG,0,4812414
ygeY_predicted,0.5,1,1,GCGATCGACCGTAATCGCCA,0,4816855
ygeY_predicted,0.5,1,1,GCGACCAGGGAAACTTCGGA,0,4803154
ygeY_predicted,0.5,1,1,GCGAAGTTCGCTTGGCCTAA,0,4797693
ygeY_predicted,0.5,1,1,GCCTGTGGGGTGGTCAGCCT,0,4798291
ygeY_predicted,0.5,1,1,GCCTGGCCGACGACTCGAGG,0,4800668
ygeY_predicted,0.5,1,1,GCCTAACTGGACGGTCCTGT,0,4803147
ygeY_predicted,0.5,1,1,GCCGCTCGAAGAGCCAGTAC,0,4812534
ygeY_predicted,0.5,1,1,GCCGCACTCGGCATGCTCCC,0,4800713
ygeY_predicted,0.5,1,1,GCCGACAAACATCTTCTGCA,0,4816758
ygeY_predicted,0.5,1,1,GCCCATCTATACGAGACGCT,0,4804639
ygeY_predicted,0.5,1,1,GCCCAACTGAGTCCCTAAGC,0,4813705
ygeY_predicted,0.5,1,1,GCCAGATTGGGGGGGATCGC,0,4815177
ygeY_predicted,0.5,1,1,GCCACACTCGAGAAAATGCC,0,4798746
ygeY_predicted,0.5,1,1,GCATTTATCTCTTTGCCCTT,0,4807788
ygeY_predicted,0.5,1,1,GCATTGAGTCCTTAACGATC,0,4803045
ygeY_predicted,0.5,1,1,GCATGGAACGTAACCGTAGT,0,4813229
ygeY_predicted,0.5,1,1,GCAGTGATTTGGAGGTCAAA,0,4813261
ygeY_predicted,0.5,1,1,GCAGTATGACCGGTTGTGGG,0,4796642
ygeY_predicted,0.5,1,1,GCAGGGCACAAAGCTCGAGA,0,4812117
ygeY_predicted,0.5,1,1,GCACTTTCGGTTGGAGCAGG,0,4803422
ygeY_predicted,0.5,1,1,GCACTTCAGTAATTTAAGAG,0,4807330
ygeY_predicted,0.5,1,1,GCACTGGATACCTTGTGCTG,0,4807550
ygeY_predicted,0.5,1,1,GCACGGTTCTACCCGCGTGT,0,4797923
ygeY_predicted,0.5,1,1,GCACGCCAAGAATCCTCAGA,0,4799806
ygeY_predicted,0.5,1,1,GCAATGAGTTCGAGGTTGCG,0,4809136
ygeY_predicted,0.5,1,1,GCAAAGATTCGGAAACATCC,0,4801862
ygeY_predicted,0.5,1,1,GATTTTTCACTCTTCCAAAC,0,4813050
ygeY_predicted,0.5,1,1,GATTTGAAGCCCGGAGAGGT,0,4814809
ygeY_predicted,0.5,1,1,GATTGGGACAACGATTACTA,0,4806206
ygeY_predicted,0.5,1,1,GATTGACCGTTATCTTAAAG,0,4800683
ygeY_predicted,0.5,1,1,GATTCTTCGACAATGTGCCT,0,4796805
ygeY_predicted,0.5,1,1,GATTCAATACATGCAATCTG,0,4802086
ygeY_predicted,0.5,1,1,GATGTTCAGAGAGGGTAAAA,0,4800813
ygeY_predicted,0.5,1,1,GATGGTCGTGTACTCATGAG,0,4801194
ygeY_predicted,0.5,1,1,GATGGCGGGGGAAACTTCTT,0,4808802
ygeY_predicted,0.5,1,1,GATGGCACTCAAAGTAGCCC,0,4806674
ygeY_predicted,0.5,1,1,GATGCCGATCAAACCCGATA,0,4810944
ygeY_predicted,0.5,1,1,GATCCCCGCGGCGTGCAAGA,0,4809434
ygeY_predicted,0.5,1,1,GATATATGGGGAAGTTTAAG,0,4813663
ygeY_predicted,0.5,1,1,GATACTACGCTCTGGTAGCC,0,4812462
ygeY_predicted,0.5,1,1,GAGTTAGTGGTTACCCAAGT,0,4805839
ygeY_predicted,0.5,1,1,GAGGTATGATCAATCTTCGG,0,4802665
ygeY_predicted,0.5,1,1,GAGGGTGCTACATGTCGAAT,0,4805155
ygeY_predicted,0.5,1,1,GAGGGTCGTTTCACCACACA,0,4807407
ygeY_predicted,0.5,1,1,GAGGGACTACGTATACTCCG,0,4799506
ygeY_predicted,0.5,1,1,GAGGCGACCCCACGGGCCTA,0,4815293
ygeY_predicted,0.5,1,1,GAGGCCCGAAAAAGCTTAAA,0,4794991
ygeY_predicted,0.5,1,1,GAGCTCCCATTTCAATCCGT,0,4799840
ygeY_predicted,0.5,1,1,GAGCGTTCCACCGAGCCTCA,0,4812595
ygeY_predicted,0.5,1,1,GAGCCTTAGAATGCACTTGC,0,4800346
ygeY_predicted,0.5,1,1,GAGCACACACCTACATCGAA,0,4807476
ygeY_predicted,0.5,1,1,GAGCACAACGGCTTGCAGGC,0,4814408
ygeY_predicted,0.5,1,1,GAGCACAAAAGGTATTGCTA,0,4798559
ygeY_predicted,0.5,1,1,GAGATGAAAGGTTATGTGGA,0,4803850
ygeY_predicted,0.5,1,1,GACTTTCCACGGATGTGCAG,0,4795870
ygeY_predicted,0.5,1,1,GACTGCTAGCAAGTTAGTCT,0,4803760
ygeY_predicted,0.5,1,1,GACTAGGACTCGTCTTACAT,0,4813935
ygeY_predicted,0.5,1,1,GACGGTGGTTCGTATCTGCA,0,4797537
ygeY_predicted,0.5,1,1,GACGCGGTAACATTGTCGAT,0,4813016
ygeY_predicted,0.5,1,1,GACGATAAAAATGAAATACC,0,4807454
ygeY_predicted,0.5,1,1,GACCGTGGACTCCGGATCAA,0,4814994
ygeY_predicted,0.5,1,1,GACCCGAGATCTTCTGGGGC,0,4807430
ygeY_predicted,0.5,1,1,GACACCGTCTGCAACGTTTT,0,4801143
ygeY_predicted,0.5,1,1,GACACAGTTTTCCCGCGGGA,0,4812686
ygeY_predicted,0.5,1,1,GACAAGTCAACAGCGGGTGC,0,4808692
ygeY_predicted,0.5,1,1,GACAAGTAGGCCTGGTTTAT,0,4802457
ygeY_predicted,0.5,1,1,GACAAATCAGGCCAAACGCC,0,4801188
ygeY_predicted,0.5,1,1,GAATTCGATGTCTTTGAGGT,0,4814270
ygeY_predicted,0.5,1,1,GAATGAATCTCGTGGAAACC,0,4811868
ygeY_predicted,0.5,1,1,GAATCGCTACTCTGGTGAAT,0,4805110
ygeY_predicted,0.5,1,1,GAATATGTATCCATGGGTGT,0,4804897
ygeY_predicted,0.5,1,1,GAAGTAATCGGTTTCGCATC,0,4796093
ygeY_predicted,0.5,1,1,GAAGGGGGTACTTACTGTAA,0,4801322
ygeY_predicted,0.5,1,1,GAAGCTTATACCGCTCGCTG,0,4813350
ygeY_predicted,0.5,1,1,GAAGCGGACGGACGCTTACG,0,4810915
ygeY_predicted,0.5,1,1,GAAGCCGATTGGCAAGTTCT,0,4814356
ygeY_predicted,0.5,1,1,GAAGAAAGTTAAATACCACT,0,4810423
ygeY_predicted,0.5,1,1,GAACATCGGCCAGGGACTGT,0,4800289
ygeY_predicted,0.5,1,1,GAACATACATATGTTCCTGC,0,4815447
ygeY_predicted,0.5,1,1,GAACAGGATGAATGGAATTT,0,4812013
ygeY_predicted,0.5,1,1,GAAATTCCACCCCGTCGGAG,0,4799707
ygeY_predicted,0.5,1,1,GAAATCGGCCAGTTTCGGGA,0,4815795
ygeY_predicted,0.5,1,1,GAAATATTTTCCCGATAAAT,0,4803180
ygeY_predicted,0.5,1,1,GAAACGGCCGTGGGCGTGTA,0,4798602
ygeY_predicted,0.5,1,1,CTTTGGATACATTTTGACTC,0,4800956
ygeY_predicted,0.5,1,1,CTTTGGAGTTCTTATGGAGG,0,4813919
ygeY_predicted,0.5,1,1,CTTTCCTCATTCTGCGGACA,0,4801566
ygeY_predicted,0.5,1,1,CTTTCCGGAGGTGTGTGCAT,0,4795455
ygeY_predicted,0.5,1,1,CTTGTAACAGTTGGCCCTGA,0,4800414
ygeY_predicted,0.5,1,1,CTTGAATGGTAGCCCTGCCG,0,4798849
ygeY_predicted,0.5,1,1,CTTCTTACAGGACATAGCTG,0,4795121
ygeY_predicted,0.5,1,1,CTTCCTCTAATGTTATCTTA,0,4813799
ygeY_predicted,0.5,1,1,CTTCCGTTGCCGTTATATGA,0,4810646
ygeY_predicted,0.5,1,1,CTTCCCGACAATTCCGCCAC,0,4810677
ygeY_predicted,0.5,1,1,CTTCACACCCGGAATTGTCT,0,4813770
ygeY_predicted,0.5,1,1,CTTAGGGAAACCTTGACCGG,0,4805585
ygeY_predicted,0.5,1,1,CTTAAGCCATTGTGGTCGAG,0,4812364
ygeY_predicted,0.5,1,1,CTTAACGTTGACACGGTCCA,0,4807688
ygeY_predicted,0.5,1,1,CTTAAACCACAGAATCATCA,0,4816888
ygeY_predicted,0.5,1,1,CTGTTGCACCGGAGGCTACT,0,4807151
ygeY_predicted,0.5,1,1,CTGTGCATTTAGGATAATAT,0,4797079
ygeY_predicted,0.5,1,1,CTGTAAGGAAAGCGCTTTTT,0,4816223
ygeY_predicted,0.5,1,1,CTGGCCTGGGCCATCGGTGT,0,4807532
ygeY_predicted,0.5,1,1,CTGCTAGATTCAGAAATAAA,0,4804740
ygeY_predicted,0.5,1,1,CTGCCTTCAGATTCAAAGCA,0,4800019
ygeY_predicted,0.5,1,1,CTGAGGCGAGCGAGGTATTC,0,4801522
ygeY_predicted,0.5,1,1,CTGACCCCCACTGATGCCGG,0,4816494
ygeY_predicted,0.5,1,1,CTGACAAGAAGCTCGTATCT,0,4805211
ygeY_predicted,0.5,1,1,CTCTTCTGTGGAAGGAGTAT,0,4808742
ygeY_predicted,0.5,1,1,CTCTGCACGAACTCAGGTGG,0,4803013
ygeY_predicted,0.5,1,1,CTCTCTAACGTCACCACTGT,0,4808875
ygeY_predicted,0.5,1,1,CTCTATCCCTCCGACTGCGG,0,4807110
ygeY_predicted,0.5,1,1,CTCGTGTAAACTCCTAATAG,0,4800910
ygeY_predicted,0.5,1,1,CTCGTCTTTCGGAGGTCAAG,0,4807258
ygeY_predicted,0.5,1,1,CTCGAGGGTCGGGCGCTACG,0,4812325
ygeY_predicted,0.5,1,1,CTCCTTTCCTTTAATTATTA,0,4806147
ygeY_predicted,0.5,1,1,CTCAGATCGATTCCTATTTC,0,4811173
ygeY_predicted,0.5,1,1,CTCACCGGTTATAGCTCTAG,0,4804948
ygeY_predicted,0.5,1,1,CTCAACAGCGTTCACCTGGC,0,4808694
ygeY_predicted,0.5,1,1,CTAGCGGATGCGGATCGGAC,0,4798003
ygeY_predicted,0.5,1,1,CTACTTCAGCTTAGAATAGG,0,4802366
ygeY_predicted,0.5,1,1,CTACTGTTATATGAGCGCCG,0,4809050
ygeY_predicted,0.5,1,1,CTACTGCGTTCAGACTTGTA,0,4809828
ygeY_predicted,0.5,1,1,CTACATGCATGCCGGCGTTG,0,4810080
ygeY_predicted,0.5,1,1,CTACAAGCAATTCATGTGCA,0,4813901
ygeY_predicted,0.5,1,1,CTAAGCTCAGAGCGAAGTTC,0,4802600
ygeY_predicted,0.5,1,1,CGTTTTGATTCCTAGAATGT,0,4813733
ygeY_predicted,0.5,1,1,CGTGTTGATTCAACTAATAG,0,4804337
ygeY_predicted,0.5,1,1,CGTGGGAAGAGGACATATAT,0,4814043
ygeY_predicted,0.5,1,1,CGTGCTTAACGTGAAGTAAT,0,4811859
ygeY_predicted,0.5,1,1,CGTGCAAGTTCTGGCAAACA,0,4797657
ygeY_predicted,0.5,1,1,CGTGACGAGTCCGGTGGCGT,0,4806751
ygeY_predicted,0.5,1,1,CGTCTGCAGCAGCAGGCGGA,0,4795311
ygeY_predicted,0.5,1,1,CGTCGCAAGGATACTGTGAT,0,4800766
ygeY_predicted,0.5,1,1,CGTCGAGGTGCGTCTTCCAA,0,4798281
ygeY_predicted,0.5,1,1,CGTCCTTGGCGTTAAGTCCA,0,4811249
ygeY_predicted,0.5,1,1,CGTCCGCGACGGCTGCTGGA,0,4816739
ygeY_predicted,0.5,1,1,CGTATGAGCAAGTAGTGTTT,0,4815309
ygeY_predicted,0.5,1,1,CGTAGCCGGCTCAGATGTGG,0,4813627
ygeY_predicted,0.5,1,1,CGTACTTGCACTGATGACAC,0,4806023
ygeY_predicted,0.5,1,1,CGTACGGTACGCAAACTGCC,0,4808044
ygeY_predicted,0.5,1,1,CGTACCATAGACGTGGACGG,0,4796434
ygeY_predicted,0.5,1,1,CGGTTACTGGCATCCTCTCA,0,4797438
ygeY_predicted,0.5,1,1,CGGTGTGGGTAACTCAATAC,0,4799261
ygeY_predicted,0.5,1,1,CGGTACTTAGAGCGAGTATC,0,4809140
ygeY_predicted,0.5,1,1,CGGCTTAATTCACGCTTTAT,0,4798798
ygeY_predicted,0.5,1,1,CGGCTGTTTTAGTAGCTTGC,0,4800010
ygeY_predicted,0.5,1,1,CGGCTCTTGTTGCGGTCCTG,0,4816936
ygeY_predicted,0.5,1,1,CGGCTCCTATCAGTGAGATA,0,4798775
ygeY_predicted,0.5,1,1,CGGCGGAGTGGTCATTGGGG,0,4815886
ygeY_predicted,0.5,1,1,CGGATTGTAGTGGAGTGCAG,0,4796973
ygeY_predicted,0.5,1,1,CGGATGAGGCGGCCTTAACG,0,4797362
ygeY_predicted,0.5,1,1,CGGATCTTGCCGCCCGGGCC,0,4809833
ygeY_predicted,0.5,1,1,CGGAGACCGGAAAAATACAG,0,4814422
ygeY_predicted,0.5,1,1,CGGACCGGACTCATCCTCCT,0,4809279
ygeY_predicted,0.5,1,1,CGCTGGTGGACGAAGGGATA,0,4804199
ygeY_predicted,0.5,1,1,CGCTCTGGCCTTTTGCTCTT,0,4802357
ygeY_predicted,0.5,1,1,CGCTCGTAGGAGATGGCTTT,0,4797470
ygeY_predicted,0.5,1,1,CGCTCGGTAAAAAATTGGAT,0,4800168
ygeY_predicted,0.5,1,1,CGCTCGCATAGGAGTATAGA,0,4812594
ygeY_predicted,0.5,1,1,CGCTATCTCATTTTGTAATT,0,4804421
ygeY_predicted,0.5,1,1,CGCTAGGATGTAATGCATGA,0,4798765
ygeY_predicted,0.5,1,1,CGCTAGAGACCCTGGCCCAA,0,4804138
ygeY_predicted,0.5,1,1,CGCTACGTGATACTAGGACC,0,4811380
ygeY_predicted,0.5,1,1,CGCGCCCATTTCACGATAGT,0,4798979
ygeY_predicted,0.5,1,1,CGCGATTTAGAGGGTAGTAC,0,4805278
ygeY_predicted,0.5,1,1,CGCGAGTGCAATGACCGATG,0,4797023
ygeY_predicted,0.5,1,1,CGCCGACGGATGAGGAGTTT,0,4812955
ygeY_predicted,0.5,1,1,CGCCGAAGCTTACGTGTTAT,0,4800252
ygeY_predicted,0.5,1,1,CGCCAAATCTGTGTTCGTAC,0,4800147
ygeY_predicted,0.5,1,1,CGCATTTGCACGCCGCAAGA,0,4802626
ygeY_predicted,0.5,1,1,CGCACTGAACCAGGCTGTTG,0,4816540
ygeY_predicted,0.5,1,1,CGCAATGTACCAGGGGTAGT,0,4808858
ygeY_predicted,0.5,1,1,CGCAATCCTAGCGTACGTAA,0,4800080
ygeY_predicted,0.5,1,1,CGCAAACTTCGGAACGGAAT,0,4812700
ygeY_predicted,0.5,1,1,CGATCAGAGCTTGTACTATG,0,4804333
ygeY_predicted,0.5,1,1,CGATAGCGTATAGTGGCACA,0,4803031
ygeY_predicted,0.5,1,1,CGAGTACACCCTAGGAGCTT,0,4802866
ygeY_predicted,0.5,1,1,CGAGGTCGTTCGCATTGTGT,0,4815061
ygeY_predicted,0.5,1,1,CGAGCGGGTTGAATACCTTT,0,4807747
ygeY_predicted,0.5,1,1,CGAGAGTGGCTATTAAATTA,0,4810311
ygeY_predicted,0.5,1,1,CGACTTTCTCGACGGCAAGC,0,4796345
ygeY_predicted,0.5,1,1,CGACCCGTGGGTCAGACATG,0,4797992
ygeY_predicted,0.5,1,1,CGACAGCTATGATGTTGCAT,0,4802388
ygeY_predicted,0.5,1,1,CGACACCTAAGCTTTGGTCA,0,4809479
ygeY_predicted,0.5,1,1,CGAAGGATTTCGCCTAACAT,0,4801568
ygeY_predicted,0.5,1,1,CGAAAGGTGAACCAGATCGG,0,4816592
ygeY_predicted,0.5,1,1,CGAAAACATGCTTGCATTCA,0,4813526
ygeY_predicted,0.5,1,1,CCTTTGAGCGTAACGTCCGG,0,4804780
ygeY_predicted,0.5,1,1,CCTTTATAATTGACGAGCGG,0,4796555
ygeY_predicted,0.5,1,1,CCTTGCGCGTAAAGACCATG,0,4811765
ygeY_predicted,0.5,1,1,CCTTATCTTGGCGTTGTACC,0,4809448
ygeY_predicted,0.5,1,1,CCTTAGGGCTGTGTAGCAGA,0,4802122
ygeY_predicted,0.5,1,1,CCTTACCCATTGTATTGGGT,0,4803755
ygeY_predicted,0.5,1,1,CCTGGTGCGGAAAGAACTAG,0,4796318
ygeY_predicted,0.5,1,1,CCTGAGCACCGATAGAACGA,0,4797543
ygeY_predicted,0.5,1,1,CCTCTCAATTCCCGCTGGTG,0,4802455
ygeY_predicted,0.5,1,1,CCTCGAAAACTTTGGAAGAG,0,4807155
ygeY_predicted,0.5,1,1,CCTCCGGACTAGACCAACAC,0,4814193
ygeY_predicted,0.5,1,1,CCTCATTCGTCTTGCTATTC,0,4813536
ygeY_predicted,0.5,1,1,CCTACCCTCTACTGCACGAT,0,4804976
ygeY_predicted,0.5,1,1,CCGTGGTTTAGTAGCTTTTT,0,4806712
ygeY_predicted,0.5,1,1,CCGGCCAGGAACGATAGTCA,0,4800524
ygeY_predicted,0.5,1,1,CCGCAACGGAAGCGCTCTAG,0,4804105
ygeY_predicted,0.5,1,1,CCGATTACAATTGATGACCT,0,4813688
ygeY_predicted,0.5,1,1,CCGATACGCGAGGAGTTTAG,0,4799256
ygeY_predicted,0.5,1,1,CCGATAACCGCGGTATTAGG,0,4802274
ygeY_predicted,0.5,1,1,CCCTTTGCCGAGCGTAGAGA,0,4798544
ygeY_predicted,0.5,1,1,CCCTTTCCTCGCCACTAGAT,0,4800113
ygeY_predicted,0.5,1,1,CCCTCCCTCTATTTCAGCCT,0,4808295
ygeY_predicted,0.5,1,1,CCCTATACCCTCCGTATGTT,0,4797915
ygeY_predicted,0.5,1,1,CCCGTGGGATCCGCAGCCTA,0,4797304
ygeY_predicted,0.5,1,1,CCCGTAGCCCACAGCGTCGC,0,4795801
ygeY_predicted,0.5,1,1,CCCGCTTCGCGCATATCATT,0,4805561
ygeY_predicted,0.5,1,1,CCCGCCCTTGCTACCTACGA,0,4799023
ygeY_predicted,0.5,1,1,CCCGAGACGAGTCTGTAGGA,0,4805170
ygeY_predicted,0.5,1,1,CCCGACCTCCATCGAAGAGG,0,4816502
ygeY_predicted,0.5,1,1,CCCCGGAACTCACAAGGGTC,0,4812643
ygeY_predicted,0.5,1,1,CCCCGATACCCTCTGGATTG,0,4813151
ygeY_predicted,0.5,1,1,CCCCCGATCCAGCTTTGGGA,0,4802973
ygeY_predicted,0.5,1,1,CCCAGAGAAGTGACTTCATT,0,4798711
ygeY_predicted,0.5,1,1,CCATTAGTTCGGCAAAGCTC,0,4810958
ygeY_predicted,0.5,1,1,CCATTAAAAGCTTCATTGAT,0,4798040
ygeY_predicted,0.5,1,1,CCATGTTACAACCCAAGCTT,0,4804926
ygeY_predicted,0.5,1,1,CCATCGGGTACGCCCAGTTC,0,4811428
ygeY_predicted,0.5,1,1,CCAGTAAAATACTTATCGCT,0,4813457
ygeY_predicted,0.5,1,1,CCAGGGTGACCCAAACCACG,0,4799551
ygeY_predicted,0.5,1,1,CCAGGAGGCTCCAAGCAATT,0,4805533
ygeY_predicted,0.5,1,1,CCAGCGGGCGTAGCGTTAGG,0,4795871
ygeY_predicted,0.5,1,1,CCAGATAGCACGGAAGGGTC,0,4800303
ygeY_predicted,0.5,1,1,CCACCCATGCGTTATCATGA,0,4794938
ygeY_predicted,0.5,1,1,CCAATCCGATCTTGTTACTC,0,4815432
ygeY_predicted,0.5,1,1,CCAATAGCAGCACCGTTGCA,0,4810402
ygeY_predicted,0.5,1,1,CCAAGGGTAAACTATGCATG,0,4813714
ygeY_predicted,0.5,1,1,CCAACGAGCGCCTAAGTACT,0,4806701
ygeY_predicted,0.5,1,1,CATTTTCTTGATGTTTAAGA,0,4812707
ygeY_predicted,0.5,1,1,CATTAATGTTCCTCTGCGCC,0,4812265
ygeY_predicted,0.5,1,1,CATGTGTCCCAGTAATATTG,0,4808433
ygeY_predicted,0.5,1,1,CATGCCCCGGAGTAATGTGC,0,4813209
ygeY_predicted,0.5,1,1,CATGCATATTCGAAGGCAAT,0,4795112
ygeY_predicted,0.5,1,1,CATGATGTCACAGTCGTGAG,0,4816545
ygeY_predicted,0.5,1,1,CATCAACCATTTGATCAGAG,0,4797967
ygeY_predicted,0.5,1,1,CATACCATATAGTCTCTTCT,0,4813155
ygeY_predicted,0.5,1,1,CAGTTGTATCTAAGCTGTGG,0,4812829
ygeY_predicted,0.5,1,1,CAGTGTTCGGGCGCTTAAGC,0,4807668
ygeY_predicted,0.5,1,1,CAGGTTATTAGGAATTGGTC,0,4806885
ygeY_predicted,0.5,1,1,CAGGTCGCCATGCGGTAATC,0,4813298
ygeY_predicted,0.5,1,1,CAGGGTGCGAACATACTGAC,0,4795184
ygeY_predicted,0.5,1,1,CAGGGGAAAATACGTGGTGG,0,4814286
ygeY_predicted,0.5,1,1,CAGGCGGCACTTTGTGGTGC,0,4815587
ygeY_predicted,0.5,1,1,CAGCTGGTACACGGAGTAGT,0,4803018
ygeY_predicted,0.5,1,1,CAGCTGGAACGGTATCGGAG,0,4803934
ygeY_predicted,0.5,1,1,CAGACCCGTAATGCTGTATG,0,4802450
ygeY_predicted,0.5,1,1,CACTCTAGGGGGATCGTCAT,0,4797314
ygeY_predicted,0.5,1,1,CACTACGAGGAGTTTGTAGC,0,4798217
ygeY_predicted,0.5,1,1,CACGTAGCCTCCCATCAACT,0,4811381
ygeY_predicted,0.5,1,1,CACGGAAGACGTCGCTCGCT,0,4809475
ygeY_predicted,0.5,1,1,CACGATCTTGAGCCCTGCAG,0,4815511
ygeY_predicted,0.5,1,1,CACGACGCGGTTGAACGATG,0,4796939
ygeY_predicted,0.5,1,1,CACCTGGCCAAGTGCCCACC,0,4806348
ygeY_predicted,0.5,1,1,CACCTCTAAGGTCTTTTCTG,0,4812485
ygeY_predicted,0.5,1,1,CACCCTTGTCGGTGAATGTT,0,4803121
ygeY_predicted,0.5,1,1,CACATCGGATTGACTCGCTG,0,4807099
ygeY_predicted,0.5,1,1,CAATGCCTCGAGCATAAGAC,0,4814073
ygeY_predicted,0.5,1,1,CAATCTTCTGTAGTATCCTC,0,4809768
ygeY_predicted,0.5,1,1,CAATAGCCCACCCCCATAAG,0,4813726
ygeY_predicted,0.5,1,1,CAAGTTCTAACTATACTGGG,0,4800195
ygeY_predicted,0.5,1,1,CAAGTGGTAACTGCAAATTC,0,4801955
ygeY_predicted,0.5,1,1,CAAGGCCGTGAATTCTCATT,0,4807395
ygeY_predicted,0.5,1,1,CAACGGTGTACAACGCGTCA,0,4797268
ygeY_predicted,0.5,1,1,CAACATTATCGTCGAGCACG,0,4797329
ygeY_predicted,0.5,1,1,CAACACGGACTTAGTAACTA,0,4805907
ygeY_predicted,0.5,1,1,CAAACTCAGCCACGTGAGCG,0,4812460
ygeY_predicted,0.5,1,1,CAAACAACGCCATTTATGAT,0,4812770
ygeY_predicted,0.5,1,1,ATTTTCTCTGTAACTATAGC,0,4806762
ygeY_predicted,0.5,1,1,ATTTGGGGGATGATAGTGAA,0,4808032
ygeY_predicted,0.5,1,1,ATTTCGGAATCTACTGGATC,0,4800001
ygeY_predicted,0.5,1,1,ATTTAATGGGGGCTGCTAGC,0,4812574
ygeY_predicted,0.5,1,1,ATTGTTCCGAACAGCTCTGG,0,4809952
ygeY_predicted,0.5,1,1,ATTGTGTGTCGGCCAGCGAG,0,4805450
ygeY_predicted,0.5,1,1,ATTGTATCCGACCCGGGGTA,0,4797239
ygeY_predicted,0.5,1,1,ATTCGTGGAGGCGGATCTGC,0,4803471
ygeY_predicted,0.5,1,1,ATTCCCCTAACACTATACTT,0,4801780
ygeY_predicted,0.5,1,1,ATTCCCACACCCCGACACCA,0,4815283
ygeY_predicted,0.5,1,1,ATTCCAAGTAATGCTGGAGA,0,4801109
ygeY_predicted,0.5,1,1,ATTCAAATGATCGACGTTAG,0,4803041
ygeY_predicted,0.5,1,1,ATTAGGACGGCCGGATATGG,0,4810922
ygeY_predicted,0.5,1,1,ATTAGCCCCACGGTAGACCC,0,4799062
ygeY_predicted,0.5,1,1,ATTACGAACCTCTGGCGCGC,0,4808571
ygeY_predicted,0.5,1,1,ATGTTCGACTGAGGTGAGCG,0,4802817
ygeY_predicted,0.5,1,1,ATGTTCCTTCCTAGCAGCAT,0,4796686
ygeY_predicted,0.5,1,1,ATGTTAACACATCGACGTCA,0,4801500
ygeY_predicted,0.5,1,1,ATGTATATCACGCTGTCCAC,0,4803998
ygeY_predicted,0.5,1,1,ATGTACCGGGGAAAGGGCGA,0,4803065
ygeY_predicted,0.5,1,1,ATGTACAGGGAATTAACGCG,0,4805746
ygeY_predicted,0.5,1,1,ATGGCGCAGGTTTGCGGCTG,0,4809085
ygeY_predicted,0.5,1,1,ATGCTCTCTGGTATCGAAAA,0,4805015
ygeY_predicted,0.5,1,1,ATGCGCTGTTAAAGGCAGGA,0,4808902
ygeY_predicted,0.5,1,1,ATGCAGGCGTGAAGGGTCAA,0,4814534
ygeY_predicted,0.5,1,1,ATGCAACGGGGTCGCTAGGC,0,4802116
ygeY_predicted,0.5,1,1,ATGCAAACTAAACTGTGACC,0,4816121
ygeY_predicted,0.5,1,1,ATGAGGCTCCATTCGATGGT,0,4802464
ygeY_predicted,0.5,1,1,ATGAGCATGGTGCCACCCTT,0,4796497
ygeY_predicted,0.5,1,1,ATGAAGGGGTCTACGCCAGA,0,4808458
ygeY_predicted,0.5,1,1,ATCGCCAGGCCCCCACAGTA,0,4806903
ygeY_predicted,0.5,1,1,ATCCAATTGCTTCAATCTAG,0,4801738
ygeY_predicted,0.5,1,1,ATCCAATGGGGCCGCGCCGT,0,4809127
ygeY_predicted,0.5,1,1,ATCATCGGCCGGCTGATATG,0,4800566
ygeY_predicted,0.5,1,1,ATCAGGACTCTTTATCCCAA,0,4803131
ygeY_predicted,0.5,1,1,ATATTTCCGAGTGCGTGGCG,0,4809069
ygeY_predicted,0.5,1,1,ATATTGTACGATCAATAAAC,0,4810433
ygeY_predicted,0.5,1,1,ATATGATGGTCGGGAGATAA,0,4813347
ygeY_predicted,0.5,1,1,ATATAAGATGCCGGACCCAG,0,4813720
ygeY_predicted,0.5,1,1,ATATAAATGCACCAGAAAAC,0,4816630
ygeY_predicted,0.5,1,1,ATAGTTATTAAGTGACCCTA,0,4811875
ygeY_predicted,0.5,1,1,ATAGTAATAGGTCTATTTTA,0,4800883
ygeY_predicted,0.5,1,1,ATAGGGTTTCCTAGCTTCAC,0,4803802
ygeY_predicted,0.5,1,1,ATAGACCCGGTGGTCCGGGT,0,4806288
ygeY_predicted,0.5,1,1,ATACTCAGAATCCTTCTAAG,0,4795780
ygeY_predicted,0.5,1,1,ATACCGATGCTGTAAGTTTA,0,4795910
ygeY_predicted,0.5,1,1,ATACACCAGACTTTGCACAC,0,4816998
ygeY_predicted,0.5,1,1,AGTTTGAGACCTGCGGAACG,0,4799554
ygeY_predicted,0.5,1,1,AGTTGCCGCGCTGACGGCTA,0,4800687
ygeY_predicted,0.5,1,1,AGTTAGCCTTCGCTTAACGA,0,4805496
ygeY_predicted,0.5,1,1,AGTTAACGTGGTCAGTTATA,0,4803467
ygeY_predicted,0.5,1,1,AGTGCATATTTGAGTTTCGT,0,4803221
ygeY_predicted,0.5,1,1,AGTGATCGACAAAGAGTAAA,0,4808752
ygeY_predicted,0.5,1,1,AGTGAGCAGACCTGTTATTC,0,4798828
ygeY_predicted,0.5,1,1,AGTCTTTAATCAGGCAATAC,0,4815518
ygeY_predicted,0.5,1,1,AGTCGTTTTCTGAGTGGGGA,0,4813878
ygeY_predicted,0.5,1,1,AGTCGTGGACATTTCGCGAA,0,4816852
ygeY_predicted,0.5,1,1,AGTCGGGCGATCGTCGGGGA,0,4808117
ygeY_predicted,0.5,1,1,AGTCGAGTCGTGTTTCAATA,0,4809300
ygeY_predicted,0.5,1,1,AGTCCACACGCTAAGCTGGA,0,4805562
ygeY_predicted,0.5,1,1,AGTAGGCAATGTCCTCTATC,0,4810140
ygeY_predicted,0.5,1,1,AGTAATGTGTGATGTACACC,0,4798999
ygeY_predicted,0.5,1,1,AGGTCCCCAGGTATCGGTCA,0,4807056
ygeY_predicted,0.5,1,1,AGGTATGGTTCCTGATCTTT,0,4804541
ygeY_predicted,0.5,1,1,AGGGTTATAGCAGTAGCTAA,0,4805347
ygeY_predicted,0.5,1,1,AGGGTTAAGCCTTCGGCGTT,0,4808147
ygeY_predicted,0.5,1,1,AGGGCTCGACCCGAAACTCA,0,4801273
ygeY_predicted,0.5,1,1,AGGGCATCAATGCCCGGCTC,0,4803394
ygeY_predicted,0.5,1,1,AGGGAGTCTGGTGACCCACA,0,4801057
ygeY_predicted,0.5,1,1,AGGGAATTGTCTATTCAGGC,0,4802386
ygeY_predicted,0.5,1,1,AGGCGTCTTCGTCCTAGGTA,0,4800559
ygeY_predicted,0.5,1,1,AGGCGTCGGCACATAGCCTC,0,4805423
ygeY_predicted,0.5,1,1,AGGCGTATTCGCGTTTGTGT,0,4797959
ygeY_predicted,0.5,1,1,AGGCCATGGCCACCGTGTTT,0,4801583
ygeY_predicted,0.5,1,1,AGGAGTACTTGTCCAAGACA,0,4802311
ygeY_predicted,0.5,1,1,AGGACCCCGATAACAGGGGA,0,4811963
ygeY_predicted,0.5,1,1,AGCTGTCGCTCTCTTCCGGA,0,4795501
ygeY_predicted,0.5,1,1,AGCTGATCACTGGAACGCGA,0,4809294
ygeY_predicted,0.5,1,1,AGCTGATATAGTTTGTGGCA,0,4815617
ygeY_predicted,0.5,1,1,AGCTCATAGTAACGGGACAA,0,4801554
ygeY_predicted,0.5,1,1,AGCTCACCCGTTAGCCTTTC,0,4814395
ygeY_predicted,0.5,1,1,AGCGTCCGGTATTAGGAATT,0,4802639
ygeY_predicted,0.5,1,1,AGCGTCAGATTCATGCTTTC,0,4799479
ygeY_predicted,0.5,1,1,AGCGGCCATTACGGGGGCGC,0,4803844
ygeY_predicted,0.5,1,1,AGCGGATCAACAGAGGGTTA,0,4807085
ygeY_predicted,0.5,1,1,AGCCTATCTTCAGGGGTCGC,0,4800783
ygeY_predicted,0.5,1,1,AGCCTACTTTGTTTCCGTCT,0,4807887
ygeY_predicted,0.5,1,1,AGCCGCGTTGTTTGGGGATT,0,4816292
ygeY_predicted,0.5,1,1,AGCCCTCCTCAGGAACGTGC,0,4803009
ygeY_predicted,0.5,1,1,AGCCCATAGCGTACTTAGCA,0,4806082
ygeY_predicted,0.5,1,1,AGCCCAGTGTATCCTGCAAT,0,4808342
ygeY_predicted,0.5,1,1,AGCCACGTCGTTATTTTACA,0,4808344
ygeY_predicted,0.5,1,1,AGCATTCTGTGCTTGTAAGT,0,4809933
ygeY_predicted,0.5,1,1,AGCAGGACTCAGTGTCCCTG,0,4813973
ygeY_predicted,0.5,1,1,AGATTTCTGAGCTCCGAGAG,0,4806017
ygeY_predicted,0.5,1,1,AGATTCTGAAGGTTGTACGG,0,4803937
ygeY_predicted,0.5,1,1,AGATCGTGATTAGAATCGTA,0,4797843
ygeY_predicted,0.5,1,1,AGAGGACCTTAAGCACCACT,0,4795046
ygeY_predicted,0.5,1,1,AGAGCACATTCGCTAATATC,0,4804656
ygeY_predicted,0.5,1,1,AGAGACGTTTCTGAGTGATC,0,4795623
ygeY_predicted,0.5,1,1,AGACAGTATTAACGAGGTAG,0,4798054
ygeY_predicted,0.5,1,1,AGAATGACTTTGCACGGGCT,0,4802632
ygeY_predicted,0.5,1,1,AGAAGTGTTAGTTCCATTGC,0,4806084
ygeY_predicted,0.5,1,1,AGAAGGTCGATTGAACGCTA,0,4804852
ygeY_predicted,0.5,1,1,AGAAAGAAGGTCTGTTATTA,0,4796889
ygeY_predicted,0.5,1,1,ACTTCCTGTATAGTGGGTCA,0,4799043
ygeY_predicted,0.5,1,1,ACTGTAAGTCTAAAGAGTAT,0,4808878
ygeY_predicted,0.5,1,1,ACTGGTATGATTATTCCCGA,0,4799378
ygeY_predicted,0.5,1,1,ACTGGTATGACTTCACATCA,0,4805803
ygeY_predicted,0.5,1,1,ACTGGGGGGCGTATTCATTC,0,4806813
ygeY_predicted,0.5,1,1,ACTGATTCTCTCTCTGCATA,0,4807093
ygeY_predicted,0.5,1,1,ACTCCAGCAGTAACAAGTCA,0,4805919
ygeY_predicted,0.5,1,1,ACTAGGGGCCGCCTTGTTAC,0,4798193
ygeY_predicted,0.5,1,1,ACGTGATCCCATATGGCCCT,0,4804316
ygeY_predicted,0.5,1,1,ACGTCCACGGCATACGATTT,0,4814445
ygeY_predicted,0.5,1,1,ACGTCCAATTCTGTGGGTTT,0,4807783
ygeY_predicted,0.5,1,1,ACGGTGACAACGAAGTTGTC,0,4812315
ygeY_predicted,0.5,1,1,ACGGACCGAACAGTAAGTAC,0,4808080
ygeY_predicted,0.5,1,1,ACGCTTTCAAATTACGGTGG,0,4802987
ygeY_predicted,0.5,1,1,ACGCTCCCCATTTTTGGATT,0,4812811
ygeY_predicted,0.5,1,1,ACGCGTTTTTCACATGGGCC,0,4795154
ygeY_predicted,0.5,1,1,ACGCGAATCCCACGCGAGCG,0,4796448
ygeY_predicted,0.5,1,1,ACGCAAAGCACAACCCCTTA,0,4811303
ygeY_predicted,0.5,1,1,ACGATGGAGGTATATCCTTC,0,4803081
ygeY_predicted,0.5,1,1,ACGACCCCCGTTGATGGTCT,0,4805299
ygeY_predicted,0.5,1,1,ACGAATATCATAGTGTACGA,0,4814192
ygeY_predicted,0.5,1,1,ACCTGGCCAAGATCCCAGCA,0,4810204
ygeY_predicted,0.5,1,1,ACCTCTTACGGTGCTTACTA,0,4811665
ygeY_predicted,0.5,1,1,ACCTCCGCGCGTGTCAGAGG,0,4800655
ygeY_predicted,0.5,1,1,ACCTCCAGACTACCATATGC,0,4815656
ygeY_predicted,0.5,1,1,ACCTATGAATGGTTTAGACA,0,4806176
ygeY_predicted,0.5,1,1,ACCTAAGGGGGTTCCGCAGT,0,4801743
ygeY_predicted,0.5,1,1,ACCGTCTTTACGGCAAGTCA,0,4801618
ygeY_predicted,0.5,1,1,ACCGGCGGATGCTGACCGGG,0,4796740
ygeY_predicted,0.5,1,1,ACCGATCTGTGTAAATTGTC,0,4799059
ygeY_predicted,0.5,1,1,ACCCGGTCGAAAGCCCATCA,0,4816526
ygeY_predicted,0.5,1,1,ACCCGAGGTTGCCGGGTTGT,0,4798681
ygeY_predicted,0.5,1,1,ACCCCGTTAAAAGCGTCAGG,0,4799355
ygeY_predicted,0.5,1,1,ACCCCGACAAAATTCTGTGT,0,4805090
ygeY_predicted,0.5,1,1,ACCATTTCATTTCATGCGCG,0,4796553
ygeY_predicted,0.5,1,1,ACCAGGGAGCGCCACGTTCG,0,4797092
ygeY_predicted,0.5,1,1,ACCAGCCTAGCACTTGCTTA,0,4800905
ygeY_predicted,0.5,1,1,ACCACAGGTCTTGGTATGGC,0,4805032
ygeY_predicted,0.5,1,1,ACATCGTTGTGCTTCACTTC,0,4812915
ygeY_predicted,0.5,1,1,ACAGTGCCGGTACACAAGTT,0,4800595
ygeY_predicted,0.5,1,1,ACAGGTGGCCTGCCGTGAAG,0,4811873
ygeY_predicted,0.5,1,1,ACAGATTGGGAACCTGTCAA,0,4810651
ygeY_predicted,0.5,1,1,ACACCTACCTGTTATGATCT,0,4798064
ygeY_predicted,0.5,1,1,ACACCACACGGGCGAGTGGT,0,4804220
ygeY_predicted,0.5,1,1,ACACACCTGACACAGACGGA,0,4799893
ygeY_predicted,0.5,1,1,ACACAATCACGCCGCGCCAC,0,4813535
ygeY_predicted,0.5,1,1,ACACAAAACATCTAGGTTTC,0,4795553
ygeY_predicted,0.5,1,1,ACAATGACCGTCACCGGACA,0,4797988
ygeY_predicted,0.5,1,1,ACAATATTGGTGCTTTCCGG,0,4795354
ygeY_predicted,0.5,1,1,ACAAAGACAACTCTCGTCCA,0,4816025
ygeY_predicted,0.5,1,1,AATTTGCCGTTCGCGTGCTT,0,4796531
ygeY_predicted,0.5,1,1,AATTGGTCCCTGGGATATCT,0,4799677
ygeY_predicted,0.5,1,1,AATTCTTGGCCACGCGCGAA,0,4806771
ygeY_predicted,0.5,1,1,AATTCATTAGACATTGACGC,0,4811245
ygeY_predicted,0.5,1,1,AATTAAAATGATGGATTTTC,0,4803053
ygeY_predicted,0.5,1,1,AATGCTGCCTTCAGAAGCCA,0,4798276
ygeY_predicted,0.5,1,1,AATGCGGGACCCACGTTGCA,0,4810281
ygeY_predicted,0.5,1,1,AATGATGAGGGCCGTAGCTA,0,4811732
ygeY_predicted,0.5,1,1,AATCTGGCGCCCAACGCGCC,0,4817056
ygeY_predicted,0.5,1,1,AATCGAACATGTTCGATGAA,0,4802010
ygeY_predicted,0.5,1,1,AATCCCGCCTGGTATCGAAT,0,4800714
ygeY_predicted,0.5,1,1,AATATGTTAACCAGTTAGGT,0,4816086
ygeY_predicted,0.5,1,1,AATATCGAAGGCTACTACCT,0,4801643
ygeY_predicted,0.5,1,1,AATATAGGGCAGACGGATAT,0,4802692
ygeY_predicted,0.5,1,1,AATAATTCCGCAGCGCAAGA,0,4807910
ygeY_predicted,0.5,1,1,AATAACTTTGATTGGATGCT,0,4806834
ygeY_predicted,0.5,1,1,AAGTTGAAAGGTACTCAAGT,0,4809366
ygeY_predicted,0.5,1,1,AAGTCTGACGGGGCCGTTGT,0,4796266
ygeY_predicted,0.5,1,1,AAGTAGCCAGTAAGAGGCTC,0,4816417
ygeY_predicted,0.5,1,1,AAGGGATCTAGTCGGAGTAG,0,4815344
ygeY_predicted,0.5,1,1,AAGGCATGATATACGTTGGA,0,4810202
ygeY_predicted,0.5,1,1,AAGGAGTCGAGTGGCGAGCC,0,4807028
ygeY_predicted,0.5,1,1,AAGCTTCCTGCTGGCCGGAC,0,4795340
ygeY_predicted,0.5,1,1,AAGCGGGCCAGTGGCACTCG,0,4804451
ygeY_predicted,0.5,1,1,AAGCGGCGTCGGGCACGCAA,0,4809431
ygeY_predicted,0.5,1,1,AAGCGGCCTTACGATTAAAC,0,4813452
ygeY_predicted,0.5,1,1,AAGCCTGGCCCTAAGCCGGC,0,4815509
ygeY_predicted,0.5,1,1,AAGCCCCCGCGAGGTCCATG,0,4811718
ygeY_predicted,0.5,1,1,AAGCCACCTAGAACATAACT,0,4807897
ygeY_predicted,0.5,1,1,AAGAGGTTATCGTTCAAACG,0,4796363
ygeY_predicted,0.5,1,1,AAGAGCTACGCGAAGTAGCA,0,4814772
ygeY_predicted,0.5,1,1,AAGAAATGGGGACCTAGATG,0,4801048
ygeY_predicted,0.5,1,1,AACTTGCGTGCGGACGTTCC,0,4799257
ygeY_predicted,0.5,1,1,AACGGTCTAGGCAGATTTAC,0,4809499
ygeY_predicted,0.5,1,1,AACGGCGCTCATCAACCCAG,0,4809612
ygeY_predicted,0.5,1,1,AACGGCAACGAGTGCCCGCA,0,4805942
ygeY_predicted,0.5,1,1,AACGGAGGCTGTCGGGCACG,0,4804075
ygeY_predicted,0.5,1,1,AACGCCAACACGGGGAGGGT,0,4812498
ygeY_predicted,0.5,1,1,AACGAACATTCACCGTGTGT,0,4803805
ygeY_predicted,0.5,1,1,AACCGGCTTTAACGTCGAGC,0,4810961
ygeY_predicted,0.5,1,1,AACCGCCTGTTTAGTAGATG,0,4799745
ygeY_predicted,0.5,1,1,AACATCGAGATAACCTCTCG,0,4795725
ygeY_predicted,0.5,1,1,AACATATCCCGAGCGTTAAC,0,4810089
ygeY_predicted,0.5,1,1,AACACTTCATCCTGCCTAAA,0,4795484
ygeY_predicted,0.5,1,1,AAATTTCTATTCGTACTATA,0,4804985
ygeY_predicted,0.5,1,1,AAATTCGGAGATAGACATCA,0,4806229
ygeY_predicted,0.5,1,1,AAATGTGCAGCTGGATACAC,0,4800172
ygeY_predicted,0.5,1,1,AAATGGCTGGAAGTGCGGGT,0,4805888
ygeY_predicted,0.5,1,1,AAATGACGGGTTATCTTCTA,0,4816351
ygeY_predicted,0.5,1,1,AAATAGCAGAGCCCTCCACG,0,4815871
ygeY_predicted,0.5,1,1,AAACTCTGGACGCCGTTCAC,0,4807574
ygeY_predicted,0.5,1,1,AAACTAGAGCGTGGTCTCGT,0,4808552
ygeY_predicted,0.5,1,1,AAACGCGTGTCACTATACAC,0,4815849
ygeY_predicted,0.5,1,1,AAAATGTAAGTGCCGGCCCA,0,4803651
ygeY_predicted,0.5,1,1,AAAATACATTTTATGGCTTC,0,4810134
ygeY_predicted,0.5,1,1,AAAATAATATGCTCGAAGAA,0,4806330
ygeY_predicted,0.5,1,1,AAAAAATCTCGGGGCGCCTA,0,4814719
ygeY_predicted,60.0,59,0,GAGCCCCGGAAATTGGCATG,59,4807123
ygeY_predicted,51.0,50,0,TAGAGCAGGATTCCACTGGG,50,4795684
ygeY_predicted,45.0,44,0,CAAAAACTGGCTGAGACGCT,44,4799522
ygeY_predicted,44.0,43,0,ATAAGTACCGGATCGCGTAA,43,4814976
ygeY_predicted,42.0,41,0,GTGTAAAGCCGTTCGCGTCA,41,4810203
ygeY_predicted,42.0,41,0,CATATATGCGTAACGACCAT,41,4811945
ygeY_predicted,41.0,40,0,TCACGCAAGACTACACGCGA,40,4798173
ygeY_predicted,41.0,40,0,CATCAGCAGGATGGGAGAAG,40,4797759
ygeY_predicted,39.0,38,0,GCTCATCAGGTCTTGTCAGT,38,4804055
ygeY_predicted,38.0,37,0,ATAGTTCAGCCCGGTCCGTA,37,4810969
ygeY_predicted,38.0,37,0,AAGAACCAGCTTTATTGACA,37,4812585
ygeY_predicted,37.0,36,0,CTAAGCGTATACTAGGCAGA,36,4807749
ygeY_predicted,36.0,35,0,GCTCGCCTCGATAATCCAGA,35,4812082
ygeY_predicted,36.0,35,0,CAAAATGCGAAATCAAAATT,35,4812345
ygeY_predicted,35.0,34,0,TATAGCAGAACTATGACTCG,34,4813960
ygeY_predicted,35.0,34,0,GTGTCCTATGATCGTGATAT,34,4812408
ygeY_predicted,35.0,34,0,CTGACTACGAATACGAAGGC,34,4802892
ygeY_predicted,34.0,33,0,TTGTACGCCATGCCGGCAAT,33,4812074
ygeY_predicted,33.0,32,0,GACGCTAGTGGTGGAACCCC,32,4807292
ygeY_predicted,33.0,32,0,CTTACACTGTAGTGAGGGTT,32,4811914
ygeY_predicted,33.0,32,0,CGGATAGGGTCTCTGGCAGA,32,4808140
ygeY_predicted,32.0,31,0,CAAGTAAACTCCCTGTTGTT,31,4806829
ygeY_predicted,32.0,31,0,ACGCCAGGCGGTAACGGTTC,31,4795892
ygeY_predicted,31.0,30,0,GGTAAACTCATTTTAGTCGT,30,4808157
ygeY_predicted,30.0,29,0,TTCGCCTTCTGAACCACGGT,29,4802495
ygeY_predicted,29.0,28,0,GCGTACCACTGTCAGTGGGT,28,4795742
ygeY_predicted,29.0,28,0,GAACAGAGAGTTTTTTTCCT,28,4805753
ygeY_predicted,29.0,28,0,ACTATGTATTCGACCCCTGG,28,4804087
ygeY_predicted,29.0,28,0,ACTAATTCTCGAGTTGCCAG,28,4795722
ygeY_predicted,27.0,26,0,CACGTCTGGTGGGTTAGAAG,26,4808292
ygeY_predicted,27.0,26,0,CAATGCCATGCACCGCGGGT,26,4805956
ygeY_predicted,24.0,23,0,ATATGCCCAGGTAGGAGGAT,23,4814567
ygeY_predicted,23.0,22,0,TGACCGACAACCCGGGACTC,22,4806827
ygeY_predicted,23.0,22,0,CTGTGGGTCCGATGCTTCAA,22,4815975
ygeY_predicted,23.0,22,0,CCAAGAGTAACGATGACCCC,22,4809620
ygeY_predicted,22.0,21,0,CATATCTATCAAAGTCACAG,21,4805290
ygeY_predicted,20.0,19,0,GCTCCCCTGAAATCCTCCGG,19,4815225
ygeY_predicted,20.0,19,0,GCAAAGTATCACAGTGGTCA,19,4814908
ygeY_predicted,20.0,19,0,ACGACATGAAAGCAACTTTG,19,4805476
ygeY_predicted,20.0,19,0,ACCGATCCTGCGCACTCTGA,19,4804388
ygeY_predicted,19.0,18,0,CCGTATAGAGCTGTACGGTT,18,4796887
ygeY_predicted,17.0,16,0,TCATCGGCTTTTCTAGATGG,16,4813783
ygeY_predicted,17.0,16,0,TAAACTCTTATCTTGATATT,16,4798187
ygeY_predicted,17.0,16,0,GTCCGGCGACTACAATTCGG,16,4808399
ygeY_predicted,17.0,16,0,AGCTTTGGAAGGTGATGCTA,16,4795676
ygeY_predicted,16.0,15,0,GTGGCCGATGACGGACAAAA,15,4796461
ygeY_predicted,16.0,15,0,GCTCCAGTTCCGAGGCCCAA,15,4813680
ygeY_predicted,15.0,14,0,CCTGTTGTTATAAGAGAACT,14,4814682
ygeY_predicted,15.0,14,0,CCCAAAACGAATGATTGTCT,14,4809074
ygeY_predicted,14.0,13,0,TTATGTGAGCTTGGTGGCGC,13,4804156
ygeY_predicted,14.0,13,0,TCTTAACTCCATCTAACTAT,13,4802330
ygeY_predicted,14.0,13,0,AGGCACCCACGGGATCTGTA,13,4815783
ygeY_predicted,13.0,12,0,TTCCGTCGGCATACGAGAAC,12,4795443
ygeY_predicted,13.0,12,0,GTCGCAAGACAAGATGGAGG,12,4797048
ygeY_predicted,13.0,12,0,GCGCCAGTGCCGCAAGGTCT,12,4812231
ygeY_predicted,13.0,12,0,CTTGGATAGATGGCGATTCG,12,4813333
ygeY_predicted,13.0,12,0,AATGGCGCCTTCTGGAACCC,12,4813033
ygeY_predicted,12.0,11,0,CCGAAGTGGGGTCCGCGGTA,11,4806100
ygeY_predicted,12.0,11,0,CAGAGCTTCATCGCTCCCCA,11,4798607
ygeY_predicted,12.0,11,0,AAAGCTACGGACGAATGGCG,11,4800692
ygeY_predicted,11.0,10,0,TTACATAACCAACCAATTAG,10,4815965
ygeY_predicted,11.0,10,0,GTGGACACGCCGGACATTTC,10,4797567
ygeY_predicted,11.0,10,0,AGACTACCCGCTAATACTCA,10,4796940
ygeY_predicted,10.0,9,0,TTGCGAGAAGTATGAAGGTC,9,4804615
ygeY_predicted,10.0,9,0,TACAAAGTAATTATAAGTAT,9,4809020
ygeY_predicted,10.0,9,0,ATTATAGTGCCACAAAGGAA,9,4801671
ygeY_predicted,9.0,8,0,TGGGCTATTGCGCACTCATG,8,4813583
ygeY_predicted,9.0,8,0,GATTTGGTATAGACCACCCT,8,4797281
ygeY_predicted,9.0,8,0,CGACGTCTGGACTGCGGCAA,8,4808910
ygeY_predicted,9.0,8,0,CCAGTTTGGTTCGCCTCATA,8,4810711
ygeY_predicted,8.0,7,0,AATTCTCACAGCCTGTTTTT,7,4802620
ygeY_predicted,7.0,6,0,GGTTATGGGTTCGATTGCTT,6,4799247
ygeY_predicted,7.0,6,0,GATTCAGAGTGAAGAGTATG,6,4805984
ygeY_predicted,7.0,6,0,GAAATATTGATACGTGATAC,6,4816895
ygeY_predicted,7.0,6,0,CTGTTAGTTATGCCATATTC,6,4813933
ygeY_predicted,6.0,5,0,TACATCATAGCCACCGGTCA,5,4803480
ygeY_predicted,6.0,5,0,GTGGGGCTTGACTTGAGGGG,5,4810460
ygeY_predicted,6.0,5,0,GGCCCGTGCAGTGCACGTCT,5,4813011
ygeY_predicted,6.0,5,0,CCTGTTGGATGTAAAAGGCG,5,4811511
ygeY_predicted,6.0,5,0,CATGGTCGCGGAAGGGTTCA,5,4807981
ygeY_predicted,6.0,5,0,AACTTGTCTACGAGACTGAT,5,4796506
ygeY_predicted,5.0,4,0,TGGTTTATAGTCACCATGAC,4,4795704
ygeY_predicted,5.0,4,0,ATGGGGGAGATCGTAGACCT,4,4798860
ygeY_predicted,5.0,4,0,AGAACGGGCGGAAGAATGGC,4,4806346
ygeY_predicted,4.0,3,0,GTTGGATGCACGATTTCGGC,3,4800194
ygeY_predicted,4.0,3,0,GATGCTCGTACCAGGGGGCG,3,4812857
ygeY_predicted,4.0,3,0,AGCTCTTTGCTGGTTGCTGT,3,4814469
ygeY_predicted,3.0,2,0,TGAGGTTGACAGTATTGCCC,2,4816169
ygeY_predicted,3.0,2,0,TCCACGGTGCTTGTCTGCGT,2,4812757
ygeY_predicted,3.0,2,0,CATGGTTAGACAAGTCGAAT,2,4813715
ygeY_predicted,3.0,2,0,CAAAGACTGAAGCAGTTCAT,2,4808310
ygeY_predicted,3.0,2,0,ATGGGCTGAACAAGCACCTA,2,4804993
ygeY_predicted,3.0,2,0,ATGAGAACCCACGAATGGGG,2,4807295
ygeY_predicted,2.0,1,0,TTTGACGGCAAGAGAGCTAC,1,4797456
ygeY_predicted,2.0,1,0,TTAGGGCGTACAATGAGTGT,1,4812269
ygeY_predicted,2.0,1,0,TTAGCTCCACCAGGGAGCGG,1,4816593
ygeY_predicted,2.0,1,0,TCACGCCTTGCCACCCAGGG,1,4796282
ygeY_predicted,2.0,1,0,GTTATGGCCTTATGATGAAT,1,4809601
ygeY_predicted,2.0,1,0,GTGAAAACTGCGAACTCATT,1,4809879
ygeY_predicted,2.0,1,0,GTCTGAGGCAGGTGATCCGC,1,4806767
ygeY_predicted,2.0,1,0,GTCGCACTTGCACTAAGGTG,1,4801593
ygeY_predicted,2.0,1,0,GTCCGGTTGCCCGGAAACGC,1,4814056
ygeY_predicted,2.0,1,0,GCTTGGCCACAAGCCCCGAT,1,4808886
ygeY_predicted,2.0,1,0,GCTATCTGCATGGCCCCGTA,1,4812661
ygeY_predicted,2.0,1,0,GCAATCTTCATAGCGCCTTC,1,4806466
ygeY_predicted,2.0,1,0,CTAATGTCAGTTGTAAAGTC,1,4799311
ygeY_predicted,2.0,1,0,CGGGGAAGGGGTAGGGGCGC,1,4814438
ygeY_predicted,2.0,1,0,CGGCCGGTCTCTCCAATTCT,1,4808922
ygeY_predicted,2.0,1,0,CGCCAATGATGCCGCCCACG,1,4804525
ygeY_predicted,2.0,1,0,CCTTCTCCTGTTTTTCTTGT,1,4810074
ygeY_predicted,2.0,1,0,CCCGCGTCGCCATAGCGATG,1,4808178
ygeY_predicted,2.0,1,0,CCAAGCAGAGTAGTTGATAT,1,4800348
ygeY_predicted,2.0,1,0,ATGTAAAAGAAGCGAATGTC,1,4807687
ygeY_predicted,2.0,1,0,ATGCCCGAGGGATATAATCA,1,4802771
ygeY_predicted,2.0,1,0,ATCCCCCATGTTGTCGAGTC,1,4816701
ygeY_predicted,2.0,1,0,AGTGTTGGCCCCTGCGCGTG,1,4801847
ygeY_predicted,2.0,1,0,AGCGGGGCACTAACGCGGCC,1,4808175
ygeY_predicted,2.0,1,0,AATACCGCCGATCAGCATCT,1,4795149
ygeY_predicted,2.0,1,0,AATAAACTAGAATCCCACAG,1,4805780
ygeY_predicted,2.0,1,0,AACAGGTTGCCTGAGACACA,1,4801054
