name,relative_counts,ct,ct_0,barcode,ct_1,barcode_ind
relBp,0.5127388535031847,1898,1255,TAGCCAGAGCGGGAACTATG,643,3260843
relBp,0.5748031496062992,198,126,TGTCAATGAGCTATGCGCCG,72,3272777
relBp,0.9083333333333333,227,119,ATCGGATTCTAACTTGGAGA,108,3267743
relBp,0.3119266055045872,141,108,AGTTGGATTTTTTCTACTCC,33,3287214
relBp,0.028846153846153848,105,103,AAGCCCGCATCCTGGATGCT,2,3290407
relBp,1.2323232323232323,219,98,GATGATATGTGTGAGTTTCG,121,3259524
relBp,1.2947368421052632,216,94,ACCATACTCTTATCAGGGTA,122,3257422
relBp,0.7526881720430108,161,92,CTCGTGGTGGGTGATATACT,69,3257264
relBp,0.6555555555555556,147,89,TTCGATGGGTCTATACTTGC,58,3256218
relBp,1.1123595505617978,186,88,TGTTGTGGCTGGTACCATTC,98,3267128
relBp,1.6363636363636365,230,87,CGATCCCGAGATAATGCGAT,143,3286358
relBp,1.1395348837209303,182,85,ACCCTGGTAGGCCAGCAATA,97,3284143
relBp,0.6,134,84,GGTACACGACGAACAAATGT,50,3257420
relBp,0.9367088607594937,151,78,ACTGGCTTCAATGAAGCGAG,73,3256411
relBp,0.3924050632911392,108,78,ACATTTCCTTGGGGCCGCTT,30,3266879
relBp,1.2727272727272727,173,76,TGGGGCGAACGGCTCATGTT,97,3297570
relBp,0.6986301369863014,122,72,TTAAGAGCAGTTTTAGTCTT,50,3256880
relBp,0.3698630136986301,98,72,AAGAAAGCGAGGATGCCCCA,26,3260773
relBp,1.125,151,71,TGGGTCAATGTATCAAAGGC,80,3271302
relBp,1.704225352112676,190,70,TCGAGCTCGTGGGAAGCGTC,120,3267186
relBp,0.5915492957746479,111,70,CCTGCCTTTCGTCTGGACGG,41,3290866
relBp,0.4142857142857143,97,69,TTCGACCGCAGAGGATTTGT,28,3287157
relBp,0.6285714285714286,112,69,GTATTTCCACGTTCAACCCG,43,3287564
relBp,0.028985507246376812,69,68,TTTTACCCTGTAGGGGAGAT,1,3257040
relBp,0.9130434782608695,130,68,TGTTTATGGAAACACGGGCT,62,3280974
relBp,0.3333333333333333,90,68,CTAATTTCAGGCGGTACGAG,22,3266438
relBp,0.6521739130434783,112,68,ATCACGGTCCGTGGTTATAT,44,3296840
relBp,0.4492753623188406,98,68,ACACTAAAAGCGTATTCGAG,30,3269401
relBp,0.7681159420289855,120,68,AATATTGAGTCTTCGGGTGT,52,3278637
relBp,0.029411764705882353,68,67,CAGTCCACCCCCTTTAGAGA,1,3303045
relBp,0.9558823529411765,131,67,AATATATCGGTATCGATATT,64,3269754
relBp,1.835820895522388,188,66,TTGGCAGTGGGGATCATGGA,122,3283461
relBp,1.7462686567164178,182,66,TCATCGGCGTTGTGCTACGT,116,3267697
relBp,0.6818181818181818,109,65,GCACCACGGGTACTTGGGGT,44,3296217
relBp,6.393939393939394,486,65,GCAACAGGGGCAGCAGTACT,421,3279180
relBp,0.7575757575757576,114,65,GACAATTATAGACTCAACCC,49,3262912
relBp,0.8615384615384616,119,64,TATACGCTGCGGTGCCCTCT,55,3264885
relBp,0.5538461538461539,99,64,GCTGATCCAGGCAGAGGCGA,35,3262515
relBp,1.609375,165,63,TGATGATGCCAGCATGACTG,102,3276581
relBp,7.453125,539,63,TGAAATCACTTAGCTAGCGG,476,3307393
relBp,0.59375,100,63,GGAAAAGGGCAAATGAGGAT,37,3256780
relBp,0.09523809523809523,67,62,GACGGTTGGTCGAAGGAGAT,5,3293961
relBp,1.0317460317460319,126,62,CAACAAGTATTTGGTACATA,64,3295846
relBp,0.3968253968253968,86,62,ACAGCGCGATTCTGGAGTAA,24,3258200
relBp,0.12903225806451613,68,61,AGTGCGGCTCTTAGTCGCTT,7,3288986
relBp,0.6229508196721312,97,60,GTTATTCAAGGGCATGCGTT,37,3274857
relBp,1.2950819672131149,138,60,ATTTCAGAGTCGCAGTAAGT,78,3273308
relBp,0.09836065573770492,65,60,AGACCTCGCTGATGGACGTA,5,3260978
relBp,0.9,112,59,TTCCCGATAAGTTTTTTGTG,53,3257074
relBp,0.31666666666666665,77,59,ACGCGCATATGTTAAGAAAG,18,3276078
relBp,0.4406779661016949,83,58,CTTCCAAATGGTATTCTTGC,25,3293142
relBp,1.0169491525423728,117,58,AGCGAACTTAGCATATTCCT,59,3304684
relBp,0.603448275862069,91,57,GGAATTTATCCCGGGCGCAA,34,3302268
relBp,2.7413793103448274,215,57,CGGGAGAACCATGGGCTTCG,158,3286316
relBp,1.0517241379310345,117,57,CCTCGGTCACCCAAGACTGT,60,3288996
relBp,0.10344827586206896,62,57,CACAACAGCAGTGCACCGTT,5,3277512
relBp,0.3793103448275862,78,57,AATGAGGGGCTCAACATCCT,21,3261469
relBp,0.2982456140350877,72,56,GGCGTCGTGTATTGCGCGTT,16,3262557
relBp,2.1403508771929824,177,56,GATTGCGTCTGACTACATAC,121,3256884
relBp,1.8596491228070176,161,56,CTAGCCGTGAGAGCCGGGGT,105,3293222
relBp,0.5614035087719298,87,56,ACAGTCGCTTTCCGGAGTTG,31,3262749
relBp,0.5178571428571429,83,55,TTTTGAACATTCGTTCATAA,28,3274967
relBp,0.5892857142857143,87,55,TTCCTTTTTAGACATCTGAC,32,3256261
relBp,0.10714285714285714,60,55,TATATAACTTGTCAAAACGA,5,3298443
relBp,1.3392857142857142,129,55,GAAATGCCCTGATTACCCCA,74,3272864
relBp,0.48214285714285715,81,55,CGGGTCAGCCAACAGGCATA,26,3274793
relBp,0.5,82,55,CGGAAATTGTATGGTCGTCC,27,3264305
relBp,0.7321428571428571,95,55,CATGCATCTGCTTTTATTAA,40,3256906
relBp,0.2857142857142857,70,55,ATCCTTGGGACGGGTATCCT,15,3258017
relBp,1.0714285714285714,114,55,AAATTTAATATCTATCTGCT,59,3307357
relBp,0.5454545454545454,83,54,GCGTCACGGCTTTGCCACCT,29,3295669
relBp,0.12727272727272726,60,54,CTTCTACAACCGTGCCCAAG,6,3288367
relBp,0.10909090909090909,59,54,CGATCTTCAGGGATGCGAAG,5,3300181
relBp,0.5636363636363636,84,54,CCGGGGGTAGGGGGCCAATG,30,3259734
relBp,0.037037037037037035,54,53,TTTTGAGACCTCAGCTCGCA,1,3277846
relBp,0.7962962962962963,95,53,GTGGTAATGACCTATTCTCA,42,3291480
relBp,0.6296296296296297,86,53,GGGAATGTTCTGGTGTGACG,33,3280355
relBp,2.5555555555555554,190,53,GCCGACCGGGTGGGGGACTA,137,3263782
relBp,0.8888888888888888,100,53,GATCACAGGCGCCGTTAGTG,47,3265143
relBp,1.037037037037037,108,53,GAGTGGAGGTTGATAGTCGT,55,3283594
relBp,0.48148148148148145,78,53,CTTGGCGAGTCGCCACCCTT,25,3257894
relBp,0.2222222222222222,64,53,ACTTAGGGTTTGCTATCAGG,11,3273347
relBp,6.62962962962963,410,53,AAATGTCCTCCTGCCTGGGA,357,3260398
relBp,1.4339622641509433,127,52,TGCATGGGGTGCGTCCGCGA,75,3284857
relBp,0.9245283018867925,100,52,GGAGGATCAGGCACGTACAA,48,3259321
relBp,0.41509433962264153,73,52,GCGGCGTGAAGTATCATGTC,21,3260214
relBp,0.6226415094339622,84,52,CACTTACGGAGGTCGTGCCA,32,3267045
relBp,0.5192307692307693,77,51,TTATGTCGTCTGGTGTAACA,26,3275789
relBp,0.07692307692307693,54,51,TGGCTGGCGGGCAGACCCTC,3,3263854
relBp,0.038461538461538464,52,51,TGACAACGCAGACTTCTCTG,1,3270641
relBp,0.15384615384615385,58,51,CTGTAATCTCCGCCCGGGAG,7,3294482
relBp,5.538461538461538,338,51,CTAATGAGTTGTCAAAAAAT,287,3295457
relBp,0.4423076923076923,73,51,CGGGACTATTCCCTAGCAGC,22,3264593
relBp,0.9615384615384616,100,51,CGGACGCATAGGTCATAAGA,49,3271023
relBp,4.038461538461538,260,51,CCGGTAAGAAGGCGGGTTTT,209,3256945
relBp,0.07692307692307693,54,51,AGCCAGCTCTCCGAATTTTG,3,3304660
relBp,1.6153846153846154,134,51,AACCTGACCACACATGGTAC,83,3265567
relBp,0.058823529411764705,52,50,GCACCATAGTACCACGTGTT,2,3280938
relBp,1.4509803921568627,123,50,GAATGATGCTGATCGAGCTA,73,3269943
relBp,4.882352941176471,298,50,CGTGCCCCAATGTGGATCAA,248,3260918
relBp,1.0196078431372548,101,50,CCTTGAAACTTCTAGGCGCG,51,3262356
relBp,1.3137254901960784,116,50,ATTGAGATCACGAGCGTCAT,66,3294752
relBp,1.0980392156862746,105,50,AACGGCAACAGGGCTCATCA,55,3259652
relBp,1.42,119,49,TGTACCGAGGTTGTTCCATG,70,3278011
relBp,3.4,218,49,GCACTGTATCGGTGACACCG,169,3302780
relBp,0.62,79,49,CTAGCTTCACGCAATTGTAC,30,3274445
relBp,0.98,97,49,CGGCAAGGTACCGAAGTTAA,48,3257663
relBp,0.58,77,49,AATCCCGGAGATGACGCGTT,28,3275479
relBp,1.2653061224489797,109,48,GTCATCGTGGCTGTACTCAG,61,3296058
relBp,0.40816326530612246,67,48,GGTCTGGCGTACGTGGCGGC,19,3284073
relBp,0.04081632653061224,49,48,GCTGATACCCGACAGAATTT,1,3266378
relBp,0.9583333333333334,92,47,TTCAGACGATGGGAGCCGAG,45,3289320
relBp,0.4166666666666667,66,47,TCTCGCTCCTGGCAAGTAAT,19,3267321
relBp,0.6666666666666666,78,47,GCACAATCTGCGGGAGACGT,31,3271305
relBp,0.6041666666666666,75,47,GCAAGCGATGAACGGCTAAT,28,3257892
relBp,0.3333333333333333,62,47,CCTGGACAGCTCTCACTGAT,15,3303594
relBp,1.1458333333333333,101,47,CCGCCTCACGAAACGGCTAA,54,3272327
relBp,0.375,64,47,AAGCCTTGTCTGTAGGCAAC,17,3264880
relBp,2.4680851063829787,161,46,GGTGCGTTGGAATTGAACTT,115,3278217
relBp,0.3191489361702128,60,46,GATAACCTGCATCTGCGCAT,14,3263494
relBp,1.2765957446808511,105,46,CGCTCGGATTGGACTTGTTG,59,3272895
relBp,0.574468085106383,72,46,CCGGAGGCAGAAGGCTCGAT,26,3276434
relBp,1.3404255319148937,108,46,CCATATGATTCAAAGATTTA,62,3303934
relBp,0.0851063829787234,49,46,ATGTTGGGGCTTCTGATCTC,3,3272783
relBp,1.872340425531915,133,46,AGGGTATCAGTTTTGTGGTT,87,3292515
relBp,0.723404255319149,79,46,AAACTCCAATTAAAATTTCG,33,3291937
relBp,0.19148936170212766,54,46,AAAATGCCCACTTTAGTGAG,8,3272906
relBp,0.043478260869565216,46,45,TTTTCTGCGACGCGTAGGTA,1,3256775
relBp,0.2608695652173913,56,45,TGTCCGTGGAGTGGGTTAGA,11,3279324
relBp,2.4782608695652173,158,45,TGGGGCTAAGAAAGAGTGCA,113,3308274
relBp,0.5869565217391305,71,45,TGATGGTCAAAGTGAACGTT,26,3281317
relBp,1.0,90,45,TCAGAAATTCAGTTGTTCGT,45,3269303
relBp,0.2608695652173913,56,45,TAATATTTAATCCAGGCTGA,11,3286773
relBp,0.6304347826086957,73,45,GGTTACCCTCTGCAGCCACG,28,3266809
relBp,0.3695652173913043,61,45,GGCCCAGCCATCGGTACTAT,16,3269133
relBp,0.08695652173913043,48,45,CTCCCCCTTGGGGGGATTGT,3,3296900
relBp,0.6739130434782609,75,45,CTCCAATGGTTAAGTGGTGC,30,3271543
relBp,2.8260869565217392,174,45,CAATGGTGCCGTACACATTA,129,3277315
relBp,0.4782608695652174,66,45,ATTGAGTTCCACTCTGTTCA,21,3271110
relBp,1.9130434782608696,132,45,ATGGTATGGTAGTAATGAAG,87,3257812
relBp,0.08695652173913043,48,45,ATCGTGCGGCGCGAAACGCT,3,3269911
relBp,0.6304347826086957,73,45,AGTGTTCGTTCAAAGTTCTT,28,3259815
relBp,0.2222222222222222,53,44,TTTACCAGGGCTCTCTTGGA,9,3271310
relBp,1.3555555555555556,104,44,TTCACATCTGGCCGAAAGAG,60,3282606
relBp,0.044444444444444446,45,44,TGGCGGAAGTACGGTGATAG,1,3266512
relBp,0.8666666666666667,82,44,TACCATTATTGCAGCATTAT,38,3268828
relBp,1.4444444444444444,108,44,GTAGGACAATTTACATGTAC,64,3287866
relBp,0.3333333333333333,58,44,GGACTATAAACGTCCCGATC,14,3257276
relBp,2.0444444444444443,135,44,CTTCAACACATTTTGAGTAC,91,3267228
relBp,1.711111111111111,120,44,CCTTAGGATCTTCAGGCTCC,76,3279611
relBp,0.35555555555555557,59,44,AACGGAGTACCCACACGAAA,15,3260162
relBp,0.044444444444444446,45,44,AACAATCGAGGTATGAAGGA,1,3269873
relBp,0.09090909090909091,46,43,TACCACAGCCAACTTTTATT,3,3257961
relBp,0.2727272727272727,54,43,GGTATGACATTGGAAATTTT,11,3305048
relBp,0.8181818181818182,78,43,CGATGCCGCATTGAGCTGTT,35,3269368
relBp,0.9772727272727273,85,43,CCAAGGCGTGAAGCTCGGGT,42,3270154
relBp,0.75,75,43,CAATTCAACAGCCCGAGGAA,32,3277891
relBp,0.22727272727272727,52,43,ATGGCAGGGGTAACATGCAA,9,3270938
relBp,0.5227272727272727,65,43,ACGGGTACCGCGGTCAATAT,22,3275876
relBp,0.5,64,43,ACACGCCACTATTGTATACA,21,3293148
relBp,0.4418604651162791,60,42,TGAGTGCTGGGTTGATTTGT,18,3289033
relBp,3.372093023255814,186,42,GTTTCCAGTCTGAACAACTA,144,3300418
relBp,0.5813953488372093,66,42,GTCGGTTGGGGCTGGAACAA,24,3289717
relBp,1.2325581395348837,94,42,GGTTTGGATAGGTCCGGCGA,52,3264192
relBp,1.1627906976744187,91,42,GGGGCGAATCGCGGAGGATG,49,3258187
relBp,0.09302325581395349,45,42,GCTAGGGTTCACCCCCTCAC,3,3299810
relBp,0.5581395348837209,65,42,GCAGGGGTAGTCCTTAAAGC,23,3258097
relBp,0.2558139534883721,52,42,GCAGGCCGCTTTAGTTTCAA,10,3284550
relBp,1.0,84,42,GAACGCGGGCCGGTCAAAGA,42,3276120
relBp,2.3488372093023258,142,42,CTCGCGAGGAAATCAGGATA,100,3260567
relBp,0.7906976744186046,75,42,CGTGATCATTCATCTAAACA,33,3283308
relBp,2.186046511627907,135,42,CGTCCGATTGAAATCGATCG,93,3280852
relBp,0.20930232558139536,50,42,CCGTGGTTGTTTGAAAGAGA,8,3277523
relBp,0.046511627906976744,43,42,CCATTCGAACATCCGGGGTG,1,3296270
relBp,0.09302325581395349,45,42,ATCTCATTAAGCGATACGTG,3,3258360
relBp,0.5348837209302325,64,42,AGGCGGACCCCATGCCAGTG,22,3307020
relBp,0.23255813953488372,51,42,AGCAGTTCCTGCGTGGACCG,9,3296421
relBp,0.27906976744186046,53,42,ACGTTGGGTGTCATGGATTT,11,3257959
relBp,0.627906976744186,68,42,AAGGCTTGTAACACTTAGTG,26,3301346
relBp,2.5952380952380953,149,41,TTCGTACTGAAATATCTTTA,108,3266817
relBp,0.3333333333333333,54,41,TCCGGTACTTTTTGCTCGCA,13,3289920
relBp,1.2857142857142858,94,41,TACGAGTTCACCGGTTGCAT,53,3272989
relBp,0.4523809523809524,59,41,TACAAAGGTGGGTATGAAGA,18,3283563
relBp,2.0476190476190474,126,41,TAAACGAACTACTTTCGTTA,85,3282827
relBp,0.047619047619047616,42,41,GGCTTGCTTCCGAGGATATG,1,3262601
relBp,1.1904761904761905,90,41,GCAACGGCGAGCAATAGAGG,49,3265620
relBp,21.761904761904763,954,41,GAGGTGGACGCAATCGGGTT,913,3287951
relBp,0.38095238095238093,56,41,CTCAAGCTCGTACGTTAAGA,15,3284975
relBp,1.6666666666666667,110,41,CGTCGGCACTCGCTTGTAGT,69,3308659
relBp,0.2619047619047619,51,41,CGATCGGCCCGGCTAAAGAG,10,3272501
relBp,0.2619047619047619,51,41,CATGTATTGATCTACTGTAA,10,3299997
relBp,3.119047619047619,171,41,CAGAACGAAGTCACAACTTG,130,3294382
relBp,0.047619047619047616,42,41,ATCTCTCTCTCATTTGGTAA,1,3256783
relBp,0.047619047619047616,42,41,ATCCGACTGGCGACATTAAA,1,3286145
relBp,0.19047619047619047,48,41,AGCCTTGTTCTGACTACAGC,7,3260484
relBp,1.3333333333333333,96,41,AATTGGGACTCGCTCCTATT,55,3288899
relBp,0.4146341463414634,56,40,TTGGCCGGGACACCGGGTGC,16,3271109
relBp,1.0,80,40,TGCTGGCGGAGCTCCGATTC,40,3259983
relBp,2.097560975609756,125,40,TGCTCAAGTTATCTGGTAAT,85,3265214
relBp,0.7804878048780488,71,40,TCTAGCAGACCGCTAAGGCC,31,3276500
relBp,0.0975609756097561,43,40,GGATCGGTGCCATACCTTAT,3,3302367
relBp,1.6829268292682926,108,40,CTGATGATAGAGATTTGTCT,68,3303668
relBp,1.1219512195121952,85,40,CGCTAATGGCAGGTAGTTGA,45,3256413
relBp,1.7560975609756098,111,40,CCCCCCGAAGAGGATTATGT,71,3302464
relBp,0.3902439024390244,55,40,CCAGTCCGGGAGATTTACAG,15,3283373
relBp,2.1219512195121952,126,40,CAGATGTAGACACATTCAGA,86,3291469
relBp,1.0975609756097562,84,40,ACTGTATGTAAACTTCTCTA,44,3268868
relBp,0.25,48,39,TTTTTTGCTTAAAATAGGTA,9,3265090
relBp,3.05,160,39,TGAGATGTGGTTGCAAACGA,121,3266523
relBp,1.15,84,39,TACTTTAAGGTATGTCCCGG,45,3302334
relBp,0.05,40,39,TACGTCCCCGTTGGCCCCCA,1,3272597
relBp,1.025,79,39,GTTTAGTGACGTTGGTCTCT,40,3294393
relBp,2.675,145,39,GGCGGCAATATCCTAAATTG,106,3279013
relBp,0.225,47,39,GCGAATTGTAAAACTTGCCG,8,3257307
relBp,0.975,77,39,GCCAGGATTCATAAATATAT,38,3284097
relBp,0.575,61,39,GAGGTTCCTCTGCGCCAAAA,22,3280626
relBp,2.825,151,39,GAGCCTCCGCAGCGGGCTTG,112,3273640
relBp,0.925,75,39,GAGCATTTTGTATAACACGA,36,3279517
relBp,0.05,40,39,CTTCCTATTTGAAGTGCTAG,1,3258985
relBp,1.15,84,39,CGGCGTAAATTCTGCACTAA,45,3299789
relBp,0.05,40,39,CGGCAGATCATCAACTGGGA,1,3267503
relBp,0.825,71,39,CGCTATTGCGATGCGTTGGA,32,3274885
relBp,0.825,71,39,CGACGTGAATCGGCACACCA,32,3280117
relBp,0.55,60,39,CCGCTTCAGCGACGAACATA,21,3263387
relBp,0.8,70,39,CCGACGTACTGTGGGTAAAG,31,3274369
relBp,2.975,157,39,CCCTTTGCAACGATACGGGA,118,3281267
relBp,3.375,173,39,CCATGTCACCAACCGCGTCA,134,3257924
relBp,3.025,159,39,ATCTTCTCCACTCATGCATG,120,3296400
relBp,0.075,41,39,ATCACCCTTAATAGGAGGCT,2,3277696
relBp,1.35,92,39,AGTTCAGCGGTTAACTATGA,53,3268682
relBp,0.95,76,39,AGGCAGCTAGCCTTCTCCTG,37,3273395
relBp,0.65,64,39,AAGCTTGCTTGGACCTAATG,25,3272586
relBp,0.15,44,39,AAACCGATCCTAGCCTGACA,5,3273830
relBp,3.2051282051282053,162,38,TGTGCTTCACTGCCCTGAAC,124,3271888
relBp,0.41025641025641024,53,38,TCTCAGTATTTCAAAAGGGG,15,3265007
relBp,0.07692307692307693,40,38,TCGCTCGGGTTAAGCTCTGA,2,3281021
relBp,0.717948717948718,65,38,TAATACCCTTTTTGATGCTT,27,3288333
relBp,2.7948717948717947,146,38,GTCACTATATCCCACGAAAA,108,3300424
relBp,1.6153846153846154,100,38,GCGCGCCACCGCATGAGAGG,62,3281269
relBp,0.05128205128205128,39,38,GCATAGTGCGGAGTGGCTGT,1,3282101
relBp,0.6410256410256411,62,38,CAGACTTTACATGAATCTCC,24,3278588
relBp,0.9743589743589743,75,38,ACATGGCAAGGCCCGGGGTT,37,3298114
relBp,0.5263157894736842,56,37,TTAGCAGCAAAGGTACCAAG,19,3282403
relBp,0.9736842105263158,73,37,TGTGTCTAGACTCTTAGCGT,36,3295181
relBp,0.07894736842105263,39,37,TAGACCAATAACGCAAGGTA,2,3268386
relBp,0.18421052631578946,43,37,TAGAAGCGCGTCCGTGTTCT,6,3286074
relBp,0.7368421052631579,64,37,TACCGATTCAGGTTTTTAGG,27,3282624
relBp,0.05263157894736842,38,37,TAACGGGAGCACAGAAGGCT,1,3259664
relBp,0.47368421052631576,54,37,TAACGAATGGGGGAGCGTCT,17,3275854
relBp,0.4473684210526316,53,37,GTCACGGCTCCTAGTGCGAT,16,3272761
relBp,0.5,55,37,GGAACGCCGCCGGCCTATCT,18,3265142
relBp,1.0789473684210527,77,37,GCGACGGACATTTGCAGGTA,40,3288178
relBp,7.5,321,37,GCCGTATCTGTTATGGTAAA,284,3276654
relBp,2.5526315789473686,133,37,GCCCCATCGGATGATGACCA,96,3306636
relBp,0.6578947368421053,61,37,GATACCCACTCCACACATGT,24,3259410
relBp,0.2894736842105263,47,37,GACACTCTGGATGGTCCGTA,10,3269356
relBp,0.3157894736842105,48,37,CTTGCAGTGTCAGCGTATCA,11,3264616
relBp,1.4473684210526316,91,37,CGTGAAACCTAAGAGTCGCG,54,3285492
relBp,0.3684210526315789,50,37,CCTTGCCCGTAGTGGTGGCG,13,3279876
relBp,1.4210526315789473,90,37,CATCGTCTTTTGGTTTCTAA,53,3279962
relBp,0.05263157894736842,38,37,ATTTAGGTACAGAATCCCTA,1,3260778
relBp,0.4473684210526316,53,37,ATCGAACAACGTATAGCACA,16,3299002
relBp,0.05263157894736842,38,37,ATACAGGATTCGACACAAAA,1,3275516
relBp,0.8157894736842105,67,37,AGCCATACCTAACCTGGCGG,30,3286048
relBp,0.05263157894736842,38,37,ACCGATAACCGGATAGACGG,1,3261781
relBp,0.23684210526315788,45,37,ACATAGTGTGAAGTTATTCA,8,3298238
relBp,0.7105263157894737,63,37,AATTATTCACTAACAGTCGC,26,3275134
relBp,3.27027027027027,156,36,TTCGGGAACGCCTCGGTACG,120,3262317
relBp,0.05405405405405406,37,36,TTATAGGGTCGCCTTGCCCA,1,3261855
relBp,1.945945945945946,107,36,GTAGTGGAGAATGAGCGCGT,71,3266788
relBp,1.1081081081081081,76,36,GTAGCCGATTCAATGGTCGT,40,3302048
relBp,0.08108108108108109,38,36,GCTACAAAAGCATCCGTTTC,2,3279541
relBp,0.6486486486486487,59,36,GCATGGTTTGTGAGCAATTT,23,3257075
relBp,2.189189189189189,116,36,GACCATCGCTGAGCAACGAA,80,3260047
relBp,1.7297297297297298,99,36,CTTCAAAATGTTAAATAATA,63,3303737
relBp,2.6486486486486487,133,36,CGTCCAACAATTAGCTGAGA,97,3266237
relBp,0.35135135135135137,48,36,CGGTAGGATTTCGCTAGCGG,12,3260074
relBp,0.13513513513513514,40,36,CGCAGATCTCCGTCGTCATA,4,3294906
relBp,1.135135135135135,77,36,CCTGGCTCCCCGTACCTCCG,41,3292564
relBp,2.1621621621621623,115,36,CCATGCAGAGTGCAGGAATA,79,3258015
relBp,0.5135135135135135,54,36,CCACCCAACTTCGTCCTGAG,18,3268070
relBp,2.6486486486486487,133,36,ATCCACTTTAGGTTCTCGAA,97,3277953
relBp,0.05405405405405406,37,36,ATACTGGTTCATATAAGGCT,1,3256431
relBp,4.72972972972973,210,36,ACGGGGGCATGGACAGCTAG,174,3263595
relBp,0.7777777777777778,62,35,TTGTCGAATCTATATGAGAT,27,3270312
relBp,0.5555555555555556,54,35,TTCCTCGAAGCAACTTAATT,19,3265464
relBp,0.7222222222222222,60,35,TCGGATTGGCGCGATGCTTG,25,3302638
relBp,0.05555555555555555,36,35,TCATCCTCATGTGCGTTAAT,1,3267982
relBp,0.05555555555555555,36,35,TCAGGTTTCGGCCGTGGGCT,1,3301750
relBp,3.638888888888889,165,35,TCAAGGACACTGGTCCATAA,130,3292473
relBp,0.9166666666666666,67,35,TACCGTATTTGGTCAAACTG,32,3280730
relBp,1.5,88,35,TAAAGTATAAGTCGCTTCCA,53,3282626
relBp,0.6111111111111112,56,35,GGTGCGCTAACTTAATGGTA,21,3294908
relBp,2.0833333333333335,109,35,GGTCACCAAGATTTGACCCA,74,3278529
relBp,9.083333333333334,361,35,GGCAATCGGATTATGGTGGT,326,3303730
relBp,0.4722222222222222,51,35,GGAGAGTTTCGGCCGCCTAA,16,3303776
relBp,0.7777777777777778,62,35,GCGTTGACTTTGCGATCAGT,27,3266595
relBp,1.5,88,35,GCCGGAATCCACGAGTATCG,53,3279101
relBp,0.8055555555555556,63,35,GACAGCGGGGACGCTCGACT,28,3263370
relBp,0.05555555555555555,36,35,CTGGACCATAGACGAGACAA,1,3268221
relBp,0.5555555555555556,54,35,CGTGAATTCGGCTTTTAGTC,19,3266049
relBp,0.9444444444444444,68,35,CGTCGAGGCACTAGGCGCGG,33,3271583
relBp,0.25,43,35,CCCTTGGCATGGTATTAAGA,8,3284299
relBp,0.1388888888888889,39,35,CCCCTGGGCATCCGGACAGC,4,3291754
relBp,3.25,151,35,CATTCACTGCAAGTGTTTCG,116,3297193
relBp,1.4444444444444444,86,35,CAGGCCTGGTAACCGATCAA,51,3259842
relBp,0.5555555555555556,54,35,ATAAGCTACATGGGCAGCCT,19,3281346
relBp,0.5555555555555556,54,35,ACTGAGTACGAGAGAACCCA,19,3260486
relBp,1.0,70,35,ACAGGTCCGTCCAGGTGGTA,35,3281206
relBp,0.1111111111111111,38,35,AATTGGCACAGACAGAGTTA,3,3294102
relBp,0.05555555555555555,36,35,AAGCCATTAGAATTTTACGT,1,3260775
relBp,0.6111111111111112,56,35,AAATTGGTAACTTGTGCATC,21,3258530
relBp,0.05714285714285714,35,34,TGTCGCTCAGGCTGGCGCTT,1,3291643
relBp,3.1714285714285713,144,34,TGCACATGTTTCATCTAAAC,110,3263612
relBp,1.6857142857142857,92,34,TCGAGAGATGGTATTTACCA,58,3256543
relBp,0.5142857142857142,51,34,GTGCGGATATTGAGGGCGTT,17,3278947
relBp,1.3714285714285714,81,34,GTGCCGGTAAACGCCAACTT,47,3272583
relBp,7.285714285714286,288,34,GTGCACTCGTAAGTAACATG,254,3273894
relBp,0.9428571428571428,66,34,GTGATGAACACTCGAACTTT,32,3269503
relBp,0.37142857142857144,46,34,GGACATCGATGAACCGTGAT,12,3286011
relBp,2.057142857142857,105,34,GCGCGTGAAGGTCTGGGACT,71,3262540
relBp,0.42857142857142855,48,34,GCATTGCGCAGACCGACCTA,14,3276767
relBp,0.05714285714285714,35,34,GAGTTAGCTTACTCTGAAGG,1,3296429
relBp,2.3142857142857145,114,34,GAAACTTAAGGGCACTTCAA,80,3266560
relBp,0.37142857142857144,46,34,CTGCATTACTCGCACTTGCA,12,3268215
relBp,2.2857142857142856,113,34,CTGAATGCGGACGGCATATT,79,3256985
relBp,0.22857142857142856,41,34,CTCTGTGGGGAGTCACGTGG,7,3279648
relBp,0.7714285714285715,60,34,CCCTAGCGGGCCGAATTATA,26,3302438
relBp,2.2285714285714286,111,34,CCCCATGGTCTTACCCACTG,77,3270181
relBp,0.4857142857142857,50,34,AGAGCTGTTCTCGAGAATAT,16,3256660
relBp,0.6285714285714286,55,34,AGAGAGCTCTGGACTGATGC,21,3280573
relBp,0.17647058823529413,38,33,TTTGTCCCTATGTTATTGCA,5,3299816
relBp,0.08823529411764706,35,33,TGGCGAACCGTTGGTGTTTC,2,3266518
relBp,0.35294117647058826,44,33,TATGTGCGTTATAGATTACA,11,3268568
relBp,0.08823529411764706,35,33,GTCAGTGCGCTCCCGGCTCA,2,3263236
relBp,2.2941176470588234,110,33,GTATCTTCAAGCCACTTGGT,77,3270994
relBp,0.23529411764705882,40,33,GTATAGGCTGGATTGTAAAG,7,3273722
relBp,0.23529411764705882,40,33,GTACCTGGGCCGACTTCAGG,7,3262845
relBp,1.6176470588235294,87,33,GTAACAGTCACAATCGGGCC,54,3276457
relBp,1.1176470588235294,70,33,GGGTGTGCCAAAGTGTTAAG,37,3302377
relBp,0.17647058823529413,38,33,GGCTTAAGATGCGGGCATTT,5,3280290
relBp,2.911764705882353,131,33,GGAGGTATCGATATTTGTAC,98,3272111
relBp,1.8529411764705883,95,33,GCTGGTTATTTGGAGGGACA,62,3289025
relBp,1.4411764705882353,81,33,GCTCTGTCATAGGGAGGTCA,48,3283596
relBp,0.058823529411764705,34,33,GCTATCTATGATTGGCAGTG,1,3271778
relBp,9.382352941176471,351,33,GCGTCCTCACCGGGGTTTTA,318,3276946
relBp,0.47058823529411764,48,33,GCGATTCTTACTATCTTACA,15,3294711
relBp,0.20588235294117646,39,33,GACAGGGATTCCCCGTTCGA,6,3283269
relBp,1.411764705882353,80,33,CTTAGCCTCACTCGGATTAT,47,3258227
relBp,0.058823529411764705,34,33,CTGCTCGACGCCGCGGCATA,1,3263126
relBp,0.5294117647058824,50,33,CTCTGCTCGTCTGGTAGACT,17,3264677
relBp,1.0588235294117647,68,33,CTCTCCAAGTAAGGGGGCGT,35,3286111
relBp,0.4117647058823529,46,33,CTCGGGCCAACCTTCACAAA,13,3287507
relBp,0.08823529411764706,35,33,CTCCGGCGGATATTAAAACG,2,3268613
relBp,0.8235294117647058,60,33,CGCTTGTAGGTGGAGAAGGT,27,3258798
relBp,1.088235294117647,69,33,CGCGAGGCCCCTCGTAAAGT,36,3263677
relBp,1.7941176470588236,93,33,CAGACGCATGAGGTGGTACG,60,3261319
relBp,3.8823529411764706,164,33,CACTTGGTGTGAGTTTTGAT,131,3284365
relBp,2.6176470588235294,121,33,CACGCAATGGGTGGATGCTA,88,3306462
relBp,1.1764705882352942,72,33,CAATAGGAGTCAGCGACTTC,39,3264392
relBp,0.23529411764705882,40,33,CAAGGCTCGCGTCTGGCCAG,7,3260488
relBp,0.11764705882352941,36,33,CAACACAGTCCTCCGCAGAT,3,3260566
relBp,1.3235294117647058,77,33,ATATCGTCCAAACAGCGCGT,44,3267229
relBp,2.9705882352941178,133,33,AGGGACGGACCCTTTGTTTA,100,3289410
relBp,2.0,100,33,ACGCTTTCCTGTTATCACCT,67,3288095
relBp,1.3529411764705883,78,33,ACGATTGTGGTCTTCAGTAG,45,3280908
relBp,0.058823529411764705,34,33,AATTCGTATATGTCACTGAG,1,3298927
relBp,0.5757575757575758,50,32,TTTTTTGGGGGCAGACCGCA,18,3265332
relBp,1.606060606060606,84,32,TTCGCCGATTCGAGACACCA,52,3279594
relBp,0.06060606060606061,33,32,TGCATGTAGAATGGATAGTA,1,3276729
relBp,1.2121212121212122,71,32,TGATGCCGTAGGCTAGGTAG,39,3283699
relBp,0.2727272727272727,40,32,TGAAAGTTGTAAGTACCTCG,8,3301417
relBp,0.2727272727272727,40,32,TACGCTGGTCGGAGCATAAA,8,3291559
relBp,2.090909090909091,100,32,TAATCGTGCCGACCTAGCTC,68,3265141
relBp,0.5454545454545454,49,32,GGGAACCTGTGTGTGAGTTA,17,3285085
relBp,1.0606060606060606,66,32,GGCATCCTGGGATAGCAAGC,34,3301785
relBp,0.3939393939393939,44,32,GCTTTGCTTGCGGCAACCAC,12,3278259
relBp,2.0606060606060606,99,32,GAGAAGGCCAATATGGATAT,67,3289709
relBp,1.8181818181818181,91,32,CTTTAATCGAGACTGGACTC,59,3282406
relBp,0.09090909090909091,34,32,CTGATCTCACGAACGCTACG,2,3289040
relBp,1.2424242424242424,72,32,CGGTTCAGAATAGCCTCGTC,40,3285503
relBp,0.12121212121212122,35,32,CGGGGCGAGACCCGATGATA,3,3300500
relBp,2.878787878787879,126,32,CGAGGGCCACCTCTTCAGAG,94,3284918
relBp,0.7272727272727273,55,32,CGAGCAAACGGGGTAGACTA,23,3283330
relBp,0.24242424242424243,39,32,CGACTAAGCCCGATCTAGCT,7,3278820
relBp,0.45454545454545453,46,32,CCTGTTGGTCACGTTGCGTG,14,3308361
relBp,2.606060606060606,117,32,CACCTAGAGCCCGAAAACAA,85,3269064
relBp,0.18181818181818182,37,32,CACCCCTCAAGTGTTCATGT,5,3280628
relBp,0.06060606060606061,33,32,CAACTCAGGATTGTCTAGAA,1,3302844
relBp,0.7878787878787878,57,32,ATTTCGGTTTCGTCCCGAGT,25,3289703
relBp,6.2727272727272725,238,32,ATTATAAAGTCTGCTGTTCT,206,3271813
relBp,4.454545454545454,178,32,ATGAATTGCCCGTATGCGGT,146,3306755
relBp,1.2424242424242424,72,32,AGTTCGAATCGGACTACCAC,40,3283228
relBp,0.6363636363636364,52,32,AGGCTTTGGACATCGACGAA,20,3275521
relBp,0.8181818181818182,58,32,AGATACATTCTTTTGACGGG,26,3275581
relBp,2.4545454545454546,112,32,AATGACACTAGCCTCTTACA,80,3262022
relBp,1.7878787878787878,90,32,AAGCGAAAATGCGGTTCCAC,58,3265543
relBp,2.1515151515151514,102,32,AACCTATCAGCGGGGGGTGT,70,3300959
relBp,0.875,58,31,TTATTTTGCTTAGGTTCGTT,27,3281800
relBp,1.75,86,31,TCTAGACACGGCCCATTGAT,55,3261234
relBp,4.0625,160,31,TCCAGGTCGGTCTCTGGGCT,129,3305152
relBp,2.21875,101,31,TATCCATAGGGCCAGGCGGA,70,3308197
relBp,0.0625,32,31,TAAGCATGACTTTGGTCTAT,1,3293325
relBp,3.28125,135,31,GTTAGACCTGGCATCGATAT,104,3285826
relBp,0.1875,36,31,GGGGTTTCCGTCATGAATAG,5,3281716
relBp,0.0625,32,31,GGGGCTACAATTGTGTCCCT,1,3298079
relBp,0.90625,59,31,GGATGGAATTTATGGAATCT,28,3271601
relBp,1.1875,68,31,GGAAAATGAATTAAACTAGA,37,3268504
relBp,2.34375,105,31,GCCTTACGTCTAGCACATTG,74,3265546
relBp,0.78125,55,31,GCCCATGGTTATGGTTTAAG,24,3269466
relBp,2.15625,99,31,GCCATGGCAGGTTAAATTTA,68,3288049
relBp,1.59375,81,31,GATACAGCCACCATCTGATG,50,3258405
relBp,1.8125,88,31,GAGGTGCCATGAAGTAAGTC,57,3268753
relBp,1.0,62,31,GACGCCCATAGTCACTAGCA,31,3257421
relBp,0.125,34,31,CTCGAGTCGATGTTCCGCCG,3,3302096
relBp,0.40625,43,31,CGTTAGGTGCGCACTAGCTT,12,3291853
relBp,0.625,50,31,CAATGGTACCAGGGATTATT,19,3282100
relBp,0.78125,55,31,ATACACGTTGAACGCTAAGG,24,3274200
relBp,1.4375,76,31,AGGTAACGTTCATATCTTTT,45,3272448
relBp,0.375,42,31,AGCCCATACTAAGAGTCTCT,11,3274926
relBp,0.625,50,31,ACGTTGGTTGCGTGGAGGAC,19,3270278
relBp,0.6875,52,31,AATCATCCCGTACTATAGTA,21,3290503
relBp,1.15625,67,31,AAGCCATGGTAGGCCACAAA,36,3281429
relBp,0.3225806451612903,39,30,TTGTCACGGTCTTTATACAT,9,3279368
relBp,1.032258064516129,61,30,TTAAATCTAGGTAAACGAAT,31,3261545
relBp,1.1935483870967742,66,30,TGTATCTGCACAGAGCGCGT,36,3267561
relBp,6.0,215,30,TGGTCCGGGTAGCCGGGGAT,185,3304167
relBp,1.903225806451613,88,30,TGGCATTACTAGAATCAGCG,58,3297665
relBp,0.6774193548387096,50,30,TGGACGCTAAAGCCGGTTGA,20,3274389
relBp,0.8709677419354839,56,30,TGATAGGGTACATTTTTCAT,26,3271610
relBp,0.1935483870967742,35,30,TCTTTTCCCAGCGGCGTCTT,5,3267529
relBp,8.935483870967742,306,30,TCTATTAGGGTCTACGTGCT,276,3291990
relBp,1.6774193548387097,81,30,TCGAGGTCTTAAAGCAATAC,51,3276297
relBp,1.3870967741935485,72,30,TCACAAAGCGACAGACCCTC,42,3263575
relBp,0.06451612903225806,31,30,TCAATCCTATTTGACCAAAG,1,3280999
relBp,0.5161290322580645,45,30,TATGGGAGAGGAACAGATGG,15,3300668
relBp,0.6774193548387096,50,30,TATCGCACCTGAGGCGCAAA,20,3290378
relBp,2.967741935483871,121,30,TAGGTGGTAAAATGCGCGCG,91,3293220
relBp,0.9032258064516129,57,30,TAGATACGGGACCATCGAGG,27,3275885
relBp,0.12903225806451613,33,30,GTCCCTTCTAGATGTGAGGC,3,3302264
relBp,0.6451612903225806,49,30,GTAGAGGTAGGTGCTACGCT,19,3271168
relBp,1.8709677419354838,87,30,GGGCCGTACGTGCCAACGCT,57,3270801
relBp,0.25806451612903225,37,30,GCTGCCGCTGTCTGATAGTT,7,3288486
relBp,0.0967741935483871,32,30,GCGTGTACTGGAGCACGGTC,2,3260213
relBp,0.0967741935483871,32,30,GCGCCGTCGGTATGAGATGA,2,3271546
relBp,0.25806451612903225,37,30,GACGGGCTTGTGACGCCAAT,7,3279367
relBp,1.032258064516129,61,30,CGGGTAAGGCAATGGGCACC,31,3307660
relBp,3.6774193548387095,143,30,CGCTTATCCTAAGCCCGGAC,113,3266758
relBp,1.1935483870967742,66,30,CGCGGGGCTTAACGGACTCT,36,3300483
relBp,0.5161290322580645,45,30,CCTTGCGTGAGTCAGTATTA,15,3273076
relBp,0.6129032258064516,48,30,CCTGGATCTCACCTATCGGG,18,3259606
relBp,7.354838709677419,257,30,CATCTAGGTGATGGGAAGTA,227,3261698
relBp,0.06451612903225806,31,30,ATGGCCACACTTCAAACTCG,1,3263526
relBp,0.0967741935483871,32,30,ATCTAACGACAAGCATAAGG,2,3274899
relBp,0.16129032258064516,34,30,ATACCTAACCTAATGATCTC,4,3270121
relBp,2.225806451612903,98,30,AGTTGTCCAACTGGACTCAT,68,3258308
relBp,0.06451612903225806,31,30,AGTGCAGCCGAAGAGCTTAG,1,3269173
relBp,0.06451612903225806,31,30,AGGTTCCGTCGAGTCTGGTA,1,3282638
relBp,0.967741935483871,59,30,AGCCGATCATTGCGTCATTT,29,3295726
relBp,0.06451612903225806,31,30,AGATTAAGAGTGAATTGCGG,1,3274458
relBp,0.6451612903225806,49,30,AGAGTTCCCTGTACAGTGTC,19,3291329
relBp,1.0,60,30,ACTCGTTTAACCGAGCAAGA,30,3291080
relBp,0.41935483870967744,42,30,AATGCGGCTCCTACGAAGAG,12,3279481
relBp,0.2903225806451613,38,30,AACGTTATTTCAAGCGTTGG,8,3263043
relBp,0.7419354838709677,52,30,AACATACAGGAGAAGGCGGT,22,3275151
relBp,0.06451612903225806,31,30,AAATTCTGAAACCGTCTTCA,1,3259562
relBp,2.7,109,29,TTTCAGTTCGGAAAGCGTCA,80,3276879
relBp,0.23333333333333334,35,29,TTGGTTAAATTTTGTGTGCA,6,3281552
relBp,0.23333333333333334,35,29,TTGGCCGTGCACAGTATTCA,6,3299592
relBp,0.9333333333333333,56,29,TTGAATTTAAGGTGAAGTGG,27,3295593
relBp,0.7333333333333333,50,29,TTCCGACTAATTTCAGCCAT,21,3272004
relBp,0.9666666666666667,57,29,TTATGTATACCTTTTAGCCC,28,3272584
relBp,1.6333333333333333,77,29,TTACGCGCCCTGTAGGTTGG,48,3263528
relBp,2.1666666666666665,93,29,TGTTGCAAGCAATGGGACCA,64,3295485
relBp,0.8,52,29,TGTTCGCGCAGCGCGCGGTA,23,3276697
relBp,0.06666666666666667,30,29,TGGGTAATCGTAATCGGAGC,1,3258434
relBp,0.5666666666666667,45,29,TGATTCTCCAACTGTAATTC,16,3268576
relBp,0.6,46,29,TGAGGGGCAACAGTTCGCTA,17,3267984
relBp,2.466666666666667,102,29,TCGTGGCTCTGAGCGTTACC,73,3276804
relBp,0.5666666666666667,45,29,TCAGCCGTGGGAAGGACCAA,16,3271148
relBp,0.13333333333333333,32,29,TCAACCTAGTACGCGCGAAT,3,3267650
relBp,2.7666666666666666,111,29,TAATTCGATAACGATTTGTT,82,3275263
relBp,1.0333333333333334,59,29,GTGTTGAAAGAGCGGAACCA,30,3269175
relBp,0.5333333333333333,44,29,GTGCTGACCTGGGTCGCGCC,15,3270196
relBp,0.9666666666666667,57,29,GTATAGCTGCAGACATAAAC,28,3288861
relBp,0.26666666666666666,36,29,GGGCTGTGGAAATTACTGAA,7,3307090
relBp,0.13333333333333333,32,29,GGGATCGGAAGGCACGCCCT,3,3280314
relBp,0.9,55,29,GGAAGGGCGCTTTTAGCGAT,26,3259927
relBp,0.1,31,29,GCGACTAACTCAACATATTG,2,3295675
relBp,0.9666666666666667,57,29,GCAGTTCTTTCAGCCGAATA,28,3260014
relBp,0.36666666666666664,39,29,GATTTGAGACGAAATTCAAT,10,3263527
relBp,3.033333333333333,119,29,GATATCACGGACCCTGCAGT,90,3286076
relBp,0.7333333333333333,50,29,CTTGCGGATAAGGGAGTGTG,21,3296099
relBp,0.7,49,29,CTTCCATAATTCACCAGTAT,20,3301237
relBp,0.06666666666666667,30,29,CTTATGCTGCATCGCACGCA,1,3259979
relBp,1.4333333333333333,71,29,CTGGCAGTTAAAGTCTCGGT,42,3267699
relBp,1.8,82,29,CTCTGCCTTTCCGGCTTGAA,53,3275004
relBp,0.13333333333333333,32,29,CTACTAAAAACTTGGATTTT,3,3264623
relBp,5.633333333333334,197,29,CGTTTTTATCGCGGCAATGC,168,3281266
relBp,2.066666666666667,90,29,CGTCTGGTATGAATTCAAGT,61,3257014
relBp,1.7333333333333334,80,29,CGGGCTTTCCTTGCCTCGCC,51,3271852
relBp,1.7666666666666666,81,29,CCTTGCGTGACTCACTTATT,52,3269073
relBp,1.7666666666666666,81,29,CCTGCGTTAAGAGTGGCCGC,52,3302306
relBp,1.4666666666666666,72,29,CCGTCGGCGTCAGAACCTAT,43,3284016
relBp,0.5,43,29,CCGCCAGCGCTGAGCAATAT,14,3272797
relBp,2.4,100,29,CCGATCTCTTTTGGCGTATT,71,3282850
relBp,1.0666666666666667,60,29,CCGAATATATTAGCAATTAG,31,3274381
relBp,0.06666666666666667,30,29,CCCCCGCAATCCGACACATT,1,3301021
relBp,0.3,37,29,ATTCTCCTACTCAGCGGGAT,8,3268624
relBp,0.5333333333333333,44,29,ATGGAACCAAACCGACTACT,15,3288536
relBp,1.7333333333333334,80,29,AGCGTTTTATGCGACCGCCA,51,3264923
relBp,0.1,31,29,ACTGACCAAATATTATGCAA,2,3272048
relBp,0.9333333333333333,56,29,ACGCCTCTAAACCGGCTATT,27,3288707
relBp,5.066666666666666,180,29,ACAGTTAACCACTTAGATTA,151,3281668
relBp,1.1,61,29,AAGGAACGGCTCCACCTGCA,32,3280673
relBp,1.4482758620689655,69,28,TTTCGCTTGCCAAAATTGAT,41,3296959
relBp,2.5517241379310347,101,28,TTTACCAACCGGAGGCTCGG,73,3276432
relBp,2.0689655172413794,87,28,TTGCACATGAATTCCGGAAG,59,3296399
relBp,1.5517241379310345,72,28,TTAGCATACTCGGTACGAAT,44,3305676
relBp,0.20689655172413793,33,28,TGGATGAGTTTGATCCGTTC,5,3269969
relBp,0.6551724137931034,46,28,TGCTAACGCAATACCACGTT,18,3259054
relBp,2.896551724137931,111,28,TCCTCACAGCGACTTGACCA,83,3289271
relBp,1.3793103448275863,67,28,TCAGTAGGTTGGGTTAACGG,39,3268681
relBp,0.6206896551724138,45,28,GGTAGGACTAATTTATTGGT,17,3284095
relBp,1.6206896551724137,74,28,GCTATATGTCGTGACCCGTC,46,3267310
relBp,6.655172413793103,220,28,GCACCAGGGTCGCTGAGCTA,192,3273069
relBp,1.1379310344827587,60,28,GATGCCTCAGCCCCTGGCTA,32,3259086
relBp,1.8275862068965518,80,28,GAATAGTACAGATCCGAAGG,52,3271843
relBp,0.41379310344827586,39,28,CTGTTACGTGATCCAAGGGA,11,3301074
relBp,1.3448275862068966,66,28,CTGCGATGACGTTTCTCATA,38,3298391
relBp,0.5862068965517241,44,28,CTCACGTACAGGAAACAATT,16,3257923
relBp,5.379310344827586,183,28,CTCAACCAGACATAGCATGG,155,3281316
relBp,0.7586206896551724,49,28,CGTGACCTAGTGACAGTTGT,21,3299106
relBp,8.206896551724139,265,28,CGGTCGGAGACTGATGCTCA,237,3258412
relBp,0.4482758620689655,40,28,CGGCGAGGAACGGCATAGGA,12,3275193
relBp,1.1724137931034482,61,28,CGCCATCACAAAGATAACAA,33,3291413
relBp,1.0344827586206897,57,28,CGATCGCAAGATGTTAGAGA,29,3285185
relBp,2.0,85,28,CGAGTGTATTGCTGAAAGAA,57,3265608
relBp,0.896551724137931,53,28,CGACGTAAGCCTCAAGGGAA,25,3277499
relBp,0.06896551724137931,29,28,CAGGCGCTGTATGCAGCCTT,1,3268066
relBp,0.7931034482758621,50,28,CAGCCAAGGCCATGACAGAA,22,3277391
relBp,1.4482758620689655,69,28,ATGTAGCATCCCCTCTCGAA,41,3299304
relBp,1.793103448275862,79,28,AGTGCGCTCGGACGTGTGGT,51,3288410
relBp,0.06896551724137931,29,28,AGGGCGTATCATGATGCATC,1,3266808
relBp,1.4137931034482758,68,28,AGGGCCTCGTGTCTCGCCGT,40,3256130
relBp,0.10344827586206896,30,28,AGAATAGAATATCTAAGCGA,2,3279310
relBp,4.0344827586206895,144,28,ACGATAACGCAAAGTCTCGG,116,3270521
relBp,0.8275862068965517,51,28,ACCTTTAGGTCCTTCTCCTC,23,3284701
relBp,0.20689655172413793,33,28,ACCAGGTAGGCGACAACGTT,5,3270575
relBp,2.206896551724138,91,28,ACCAAGACGTCTGTTGAGGT,63,3260487
relBp,1.3793103448275863,67,28,AAGTGTTCAATTTTCTGGTA,39,3269942
relBp,0.5172413793103449,42,28,AAGGGCTTCTTCGACGGTAC,14,3294380
relBp,0.10344827586206896,30,28,AAGCACCTATCTCTACACTA,2,3257308
relBp,4.620689655172414,161,28,AACCTCCTTCTTTTCGCAAA,133,3295155
relBp,0.06896551724137931,29,28,AACATCGCTATAGGGAGCGA,1,3303916
relBp,0.06896551724137931,29,28,AAACTCGTAGTCGGGAACGA,1,3286948
relBp,0.8928571428571429,51,27,TTTAACCCCACAGCTTCGTA,24,3281465
relBp,1.3571428571428572,64,27,TTGTGAGTGGACCGGCGATC,37,3306415
relBp,2.75,103,27,TTCCTGCCTCCTTGAAATTA,76,3267531
relBp,1.6785714285714286,73,27,TTATCGTCCACTGAGTGGCA,46,3282402
relBp,0.10714285714285714,29,27,TTAATACCAGGGCAGAATTT,2,3303300
relBp,1.8571428571428572,78,27,TTAACCTGTGGGTTCGACGA,51,3281717
relBp,1.9285714285714286,80,27,TGTCTTCCTTACCGTTCTTA,53,3286010
relBp,1.5714285714285714,70,27,TGGAAACCTGGTTTACCGTG,43,3263747
relBp,0.07142857142857142,28,27,TCTGCATAATCTGAGGGAAA,1,3295567
relBp,0.6428571428571429,44,27,TCATACGCTTGCATTATTCC,17,3270688
relBp,0.10714285714285714,29,27,TATAGAGGAACCCAGCCGTT,2,3286415
relBp,0.8928571428571429,51,27,TAGAGCCCCTTTCTTCCTAG,24,3289704
relBp,1.1785714285714286,59,27,TAGAATTATCATGTGTGTCC,32,3273653
relBp,2.4285714285714284,94,27,TACCTACGCATGCGTGCCTA,67,3295070
relBp,0.32142857142857145,35,27,TAAACTTCAACATGTATCTC,8,3295323
relBp,2.1785714285714284,87,27,GTTTAGCTGAGTCATCAGTT,60,3274571
relBp,0.2857142857142857,34,27,GTTGAGCGGCCGTTTAAACA,7,3303953
relBp,2.4642857142857144,95,27,GTTAATTGGCCAGATATGCC,68,3276877
relBp,0.07142857142857142,28,27,GTCAAGGTACCTTCTCGGCT,1,3272666
relBp,1.0,54,27,GGTTTGCTGTGCGGTCAACA,27,3280729
relBp,2.5,96,27,GGTTTCTCCGCATCCAAGAC,69,3287653
relBp,1.4285714285714286,66,27,GGTTCAACCAGGGGAAGCGC,39,3296698
relBp,1.75,75,27,GGTCTATGCACAATTTTGAA,48,3274718
relBp,1.25,61,27,GGTAGTTTTTATCTCCCATT,34,3260531
relBp,0.32142857142857145,35,27,GGGGCAGAGGGACTACATTT,8,3291056
relBp,6.857142857142857,218,27,GGGAGTTTGCTAGTTGCGGT,191,3285738
relBp,0.5,40,27,GGCCATGAGGGTAATCGCAT,13,3305766
relBp,1.0714285714285714,56,27,GGACCCCTAACATGTGAAAA,29,3261183
relBp,0.14285714285714285,30,27,GGACATTATTACTTTATGAC,3,3295929
relBp,1.0714285714285714,56,27,GGAAGGGGGCCTAGCAGCTG,29,3257208
relBp,0.8214285714285714,49,27,GCGCTCTCCTTCCGTGCGAA,22,3268565
relBp,2.857142857142857,106,27,GCCAGATTAGCATTTTTCGT,79,3264800
relBp,0.4642857142857143,39,27,GATTTTTATAAAGGTACCTC,12,3270482
relBp,2.392857142857143,93,27,GATATGACAAAAGAGTAGTG,66,3274089
relBp,1.2142857142857142,60,27,GACGAGCAGGTTCGCGGCTG,33,3283766
relBp,0.07142857142857142,28,27,GACATGGAATGATGACTGTG,1,3284053
relBp,0.07142857142857142,28,27,CTTGGATAACCGAGGCCTTT,1,3297916
relBp,1.5,68,27,CGGAAGTTGCCTTGCTGGGA,41,3259074
relBp,0.6071428571428571,43,27,CGCCCGGGCACCCGGCTGTG,16,3286596
relBp,0.25,33,27,CCATTCAAATACGAGGGGGT,6,3267557
relBp,0.25,33,27,CACTTTGACTCCGGCAAAAT,6,3262222
relBp,0.4642857142857143,39,27,CACGATTCATCGGTCTATAA,12,3292577
relBp,0.7857142857142857,48,27,CACACGACGAGCGTCAGAAA,21,3283155
relBp,0.5357142857142857,41,27,CAAGGTACTTGGCTGAACAT,14,3306123
relBp,0.14285714285714285,30,27,ATTCATGACATTTACAACAT,3,3299771
relBp,0.8928571428571429,51,27,ATGATATATGGCTTGCATTG,24,3273099
relBp,1.3928571428571428,65,27,AGGGTAATTATCGAGCGCAT,38,3267512
relBp,1.9285714285714286,80,27,AGAGTGTACAAGTACGGAGT,53,3279870
relBp,0.10714285714285714,29,27,ACGGAGGAGATCACGTGAAG,2,3256908
relBp,0.6071428571428571,43,27,ACCGGCTTTTATTTAGTGGA,16,3268382
relBp,1.6071428571428572,71,27,AATAGTCGGCCCGCCACTAC,44,3289853
relBp,0.14285714285714285,30,27,AATACGTTTTTTTTGATTAA,3,3258135
relBp,4.185185185185185,138,26,TTTTATCACGGACCCGGAAA,112,3290036
relBp,1.8888888888888888,76,26,TTGGTCCCACGGTATGGGAT,50,3270501
relBp,1.6296296296296295,69,26,TTGCGGAGAATGCCTAGATT,43,3274057
relBp,0.5555555555555556,40,26,TTCTTTATTCTTAAGGAAAT,14,3283765
relBp,0.4074074074074074,36,26,TTCCTCACTGACCTCTTAAG,10,3262116
relBp,0.5185185185185185,39,26,TTCACTTACATGCGGGCAGG,13,3288733
relBp,3.185185185185185,111,26,TGTTAGCTTGTAGGGTACGC,85,3275009
relBp,2.2222222222222223,85,26,TGCTGGCCTGAGCTTTTGAA,59,3275335
relBp,0.07407407407407407,27,26,TGACCTGGGTAGGCACTACA,1,3291422
relBp,0.48148148148148145,38,26,TCGGGCATTCTCCTTTTCTC,12,3256239
relBp,2.5925925925925926,95,26,TCGGGATACGGTTATGAGGT,69,3304402
relBp,2.3333333333333335,88,26,TCCGCAAGGTGTGGACTCCG,62,3283535
relBp,0.6666666666666666,43,26,TATTGAGCCTAGGGACCGTC,17,3298945
relBp,0.5925925925925926,41,26,TATTATTGTTTATCATTTGA,15,3259750
relBp,0.2222222222222222,31,26,TACATCCTTAAGCCGGCGGG,5,3261765
relBp,5.0,160,26,TAATTTAACACGATACCCCT,134,3279302
relBp,0.5555555555555556,40,26,TAAAATTATATTGCAAGCCA,14,3268749
relBp,2.2222222222222223,85,26,GTTTGTTGATGACCCCGACA,59,3257967
relBp,0.4074074074074074,36,26,GTGTAAGCTTGTCGTACGGC,10,3273564
relBp,1.5925925925925926,68,26,GTAACCGGCACTGAGCTGGG,42,3278955
relBp,0.18518518518518517,30,26,GGTTCACCGACGGCCTCCGA,4,3301481
relBp,0.07407407407407407,27,26,GGTGGACCCAAACGCATACA,1,3264481
relBp,0.3333333333333333,34,26,GGTACATAATTTGAGTGTTA,8,3304575
relBp,1.3333333333333333,61,26,GGGTTCAGCACAAAACTGAA,35,3303168
relBp,1.7407407407407407,72,26,GGGATGTGCCACTCCTCGCA,46,3302080
relBp,0.4444444444444444,37,26,GGCTCTACCGGTAAATCGGT,11,3300793
relBp,0.7777777777777778,46,26,GCTAGCGTTGTCTCGCCTAA,20,3272811
relBp,6.851851851851852,210,26,GCACATTATAGCGTGAACTG,184,3299514
relBp,0.8148148148148148,47,26,GATCCCGACACGAGCTGCGC,21,3298976
relBp,1.8888888888888888,76,26,GAGGGGTAAAATGTGTACGT,50,3286638
relBp,0.7037037037037037,44,26,GACCCGGCGCAGAGAGGATA,18,3281112
relBp,1.7777777777777777,73,26,GACATAATAACCGTTCCGAT,47,3283102
relBp,1.7407407407407407,72,26,GAATTCGGTGATTGTCCGCC,46,3287088
relBp,11.666666666666666,340,26,GAACGGTGCCAACGGCATAT,314,3290542
relBp,0.4074074074074074,36,26,CTTAAGCACATATAGAGATG,10,3263151
relBp,1.1851851851851851,57,26,CTGCTTCCCTATTGAACCAG,31,3284716
relBp,0.07407407407407407,27,26,CGTCACAGTGGAGTAGACGT,1,3258497
relBp,3.740740740740741,126,26,CGGGAAGGAATAAAGTCTAT,100,3303407
relBp,0.18518518518518517,30,26,CGATCTTATGATAGCTCGGA,4,3300513
relBp,1.1851851851851851,57,26,CCTGAAACTGCTGTCCGTAT,31,3273482
relBp,0.1111111111111111,28,26,CCTCGGGGGCGGATGAGGGC,2,3258447
relBp,0.07407407407407407,27,26,CCTAATTCCCAATGAAGGAG,1,3265861
relBp,1.2222222222222223,58,26,CCGGCCTAGTAGGTTCAAGC,32,3263393
relBp,0.48148148148148145,38,26,CCGAGTCGCACGTCCACTCA,12,3262632
relBp,1.1851851851851851,57,26,CAGAGAGGATGACGTCTGTA,31,3269845
relBp,0.8148148148148148,47,26,CAATATATGCGGGTGTTAGT,21,3277735
relBp,1.3333333333333333,61,26,ATTTCTCCGTGAAACCCAGG,35,3285332
relBp,2.4074074074074074,90,26,ATTACAGCCACTGAGGAAGC,64,3269721
relBp,0.4444444444444444,37,26,ATTAATGATAACACACCTGT,11,3301681
relBp,1.2592592592592593,59,26,ATATCGTGTGGGGGTTTTCA,33,3293613
relBp,0.5185185185185185,39,26,ATAGGTTGAGCCCCGCCAAA,13,3274722
relBp,0.2222222222222222,31,26,ATACTTAACAGATTAATTAT,5,3271858
relBp,0.07407407407407407,27,26,AGCCATCCGGTGTGGAACAC,1,3265533
relBp,0.3333333333333333,34,26,ACTGACGTGTTGTTTAAATA,8,3287767
relBp,0.7037037037037037,44,26,ACGTGGAGGGCAGGGGATGA,18,3257018
relBp,1.5925925925925926,68,26,ACGTCATCAAGCCGTTCGAA,42,3257978
relBp,0.07407407407407407,27,26,ACCATCTTTCAAGACCAGTG,1,3258056
relBp,3.074074074074074,108,26,ACACAGTCTACTGGTAAGTT,82,3275295
relBp,0.8148148148148148,47,26,AATCTGCAGCACCATATGTA,21,3282099
relBp,3.814814814814815,128,26,AATCGGTCCTCAAAGCGTGT,102,3266143
relBp,1.1481481481481481,56,26,AACGCTAATTCTATGCGGTC,30,3270771
relBp,1.3846153846153846,60,25,TTGTCAGAGGTGAAAAGCGT,35,3263939
relBp,0.9615384615384616,49,25,TTGCGTTTATAACACAGACA,24,3299072
relBp,0.34615384615384615,33,25,TTGCAGTATGCTTACAGGTG,8,3271160
relBp,2.5384615384615383,90,25,TTGCACACCCCGAGCCGGAC,65,3271952
relBp,5.961538461538462,179,25,TTATGGTGTTTCGGGAGTCC,154,3266725
relBp,2.8076923076923075,97,25,TGGGGCGTCTGTGTATATTT,72,3270343
relBp,0.6923076923076923,42,25,TGGCTGGACGATGGGCTAAG,17,3281349
relBp,1.2692307692307692,57,25,TGACAACTTCTATTTGGAAT,32,3286950
relBp,0.07692307692307693,26,25,TCTATACCCGAGCAACCTAA,1,3304574
relBp,2.1153846153846154,79,25,TATGCCTCGACCCGCCTCAG,54,3271996
relBp,2.3461538461538463,85,25,TAGGGGAGGACAGTGCTCCA,60,3264624
relBp,3.576923076923077,117,25,TAACATAGTAGGGTCCGCCA,92,3265745
relBp,1.0384615384615385,51,25,GTGATACACGCTGATAGTAT,26,3299281
relBp,0.07692307692307693,26,25,GTCTACAAGATAAGCCTCTA,1,3271090
relBp,0.5384615384615384,38,25,GTAGACGCGTCTACGGGTTA,13,3264131
relBp,0.38461538461538464,34,25,GGTTGGCACTTAGACAGTAA,9,3262790
relBp,0.9615384615384616,49,25,GGTGATTTGGTTGTAGTTTT,24,3279995
relBp,0.6153846153846154,40,25,GGTACTGGGCCGATCCTCCT,15,3285331
relBp,0.6153846153846154,40,25,GGGCTAGACGTATGGCGTTG,15,3285579
relBp,5.230769230769231,160,25,GGGCCGTGGATTACGACTAG,135,3267885
relBp,0.3076923076923077,32,25,GGGCAGTCTGGCAAAGGTTG,7,3267753
relBp,3.576923076923077,117,25,GGCGTTAGGGCGTTTTAGCA,92,3257454
relBp,2.1923076923076925,81,25,GGAGCCCTCAAGGCCTAATC,56,3290933
relBp,0.8076923076923077,45,25,GGACCGACAGCGACAAATGT,20,3282628
relBp,11.23076923076923,316,25,GCTGACGTATGGATTTAGAT,291,3302642
relBp,0.6153846153846154,40,25,GCCTTCGCTTTAGACCTTGA,15,3257864
relBp,0.5769230769230769,39,25,GCCCTTGAATACATATAGGG,14,3269304
relBp,1.0384615384615385,51,25,GCCATCGGGATTGCTGGGGT,26,3279140
relBp,49.15384615384615,1302,25,CTTCTCAAAGAACATCGTGT,1277,3305420
relBp,0.6153846153846154,40,25,CTTACATATTAAGGATGCCA,15,3268693
relBp,4.0,128,25,CTGCGTAGGGAAAGGAAACC,103,3294803
relBp,2.8846153846153846,99,25,CTCAACGCTAGACATGACTA,74,3301727
relBp,0.19230769230769232,29,25,CTATAGACAATATGTACAAT,4,3272757
relBp,2.6923076923076925,94,25,CTACCCTACTATCTCCCGCT,69,3293839
relBp,1.4615384615384615,62,25,CGGTTTATGCGCTGCGTTCA,37,3284816
relBp,3.1153846153846154,105,25,CGGTTCTGGTTTACGCGCAT,80,3296266
relBp,1.6153846153846154,66,25,CGCGTTCAGCTCGACCAGCA,41,3292328
relBp,0.07692307692307693,26,25,CGAGGTGCCCAAGGATTACC,1,3257611
relBp,2.769230769230769,96,25,CGAGCATGGGTCAAATTGTA,71,3277362
relBp,1.6923076923076923,68,25,CGACTAAGCCCCTGACTATT,43,3301420
relBp,4.153846153846154,132,25,CGAAGCGTTGATATCAGTAA,107,3263308
relBp,0.5,37,25,CCTTCCTATGACTGGTTAAA,12,3259118
relBp,1.3076923076923077,58,25,CCTTATACTTTACATCCATG,33,3264847
relBp,1.1923076923076923,55,25,CCTACCTCCAACTGAACGAA,30,3274533
relBp,0.9230769230769231,48,25,CCGGCGCTTCTATATGGGGT,23,3305333
relBp,2.8076923076923075,97,25,CCGCTAATAGGCGCCAGAGG,72,3289027
relBp,0.15384615384615385,28,25,CCGAAGGGCTAATTCGAGTA,3,3278821
relBp,2.4615384615384617,88,25,CATCAAGGACGGTACAAGCA,63,3276927
relBp,0.2692307692307692,31,25,CATAGAGAGGTGTATACAAA,6,3281714
relBp,1.8846153846153846,73,25,CAGTATAGGATCATGCTCTA,48,3297078
relBp,0.2692307692307692,31,25,CACATGTGCGCTACGAACAG,6,3265009
relBp,0.7307692307692307,43,25,CAACCAGCTATCGGTGCCAA,18,3281117
relBp,0.5769230769230769,39,25,ATTCCAGAGTAAATCGGGTT,14,3299468
relBp,1.2307692307692308,56,25,ATCAATTCACCGAGGGTACT,31,3274685
relBp,0.15384615384615385,28,25,ATATGAGCTTCATGGAGCCA,3,3296000
relBp,0.5,37,25,ATAGCTTGGGACGGGTCTTT,12,3289350
relBp,2.8076923076923075,97,25,AGTGCCCGGGAAGAGTCGCA,72,3290029
relBp,0.15384615384615385,28,25,AGGTAAGCGATTCTTACATA,3,3261374
relBp,1.9615384615384615,75,25,AGGCCCACCTGGGCAGCGTC,50,3301231
relBp,2.0384615384615383,77,25,AGATCGTGGGATGTAGGGAG,52,3277238
relBp,0.07692307692307693,26,25,ACTGTAAGCAATTGTGGGAT,1,3272591
relBp,2.730769230769231,95,25,ACTCAAGAGGCGTATATTTA,70,3260385
relBp,0.07692307692307693,26,25,ACTAACTTCGATCAGGTAGA,1,3264068
relBp,2.423076923076923,87,25,ACGAGTAGACAAGATGAAGT,62,3275957
relBp,0.9230769230769231,48,25,AACGGAGAGAGATGCGGTTG,23,3258538
relBp,0.5,37,25,AAATCTCGCTTGATGATCGA,12,3263816
relBp,0.12,26,24,TTTTCTTTTCTGGTGCCCAA,2,3264511
relBp,0.08,25,24,TTTCACGAAGTAGACGTCTT,1,3268500
relBp,0.88,45,24,TTGGAGCCTGGGTGCCCTGG,21,3278539
relBp,0.28,30,24,TTCTTCATTCTGCTATTCAA,6,3281040
relBp,1.92,71,24,TTCGGGCATTCATTCCAAGT,47,3300525
relBp,0.08,25,24,TTCAGAGGTTCACTATGTTA,1,3271652
relBp,2.56,87,24,TGCCTGGGGGAGTTTAATCC,63,3280235
relBp,0.64,39,24,TCAATGGAGATATTGACCAT,15,3269589
relBp,0.48,35,24,TATACGTTGCGCGGTTGCGA,11,3274456
relBp,0.2,28,24,TACGCTACCCCAGCAGTACG,4,3301413
relBp,0.88,45,24,GTTAATCGCTAGCTGCACCA,21,3267016
relBp,2.12,76,24,GTCTGGCGCTCTTGGAATTG,52,3262298
relBp,0.44,34,24,GTCAGCGAAAAACTACGCTA,10,3263601
relBp,2.84,94,24,GGTAAGACGTATGGCGTCTC,70,3256627
relBp,0.08,25,24,GGGTGTTAGGATTACGTTTA,1,3259252
relBp,0.96,47,24,GGGATGGACACTTTTCTCGT,23,3273971
relBp,0.44,34,24,GGGAGTGGAGGCATTTCCAA,10,3295506
relBp,1.2,53,24,GGCGTAGCTGGGCAAAGGGA,29,3276057
relBp,1.32,56,24,GGAGACAGTCTTATCGGGAC,32,3278785
relBp,0.2,28,24,GGAACCTATACCTCAAGGAA,4,3277568
relBp,0.08,25,24,GCGGCTACTAAATGGATGTA,1,3279192
relBp,3.52,111,24,GCGAGAAAGACTGCATGCCG,87,3286936
relBp,0.56,37,24,GATCGCGGACACCTGCCTTA,13,3260645
relBp,0.96,47,24,GAGGTCTCGCTAGGCTCTGT,23,3261660
relBp,2.16,77,24,GAATGTTCGTTAATGGTTTG,53,3263750
relBp,0.32,31,24,CTTAGTTTCACCGCTATTCA,7,3260924
relBp,2.2,78,24,CTGGTAGAAGTGCTTACTGA,54,3265979
relBp,1.52,61,24,CTGCGGACGGAATACTACCT,37,3305958
relBp,1.32,56,24,CTGCAAGTATTGTACCGAGA,32,3292365
relBp,0.24,29,24,CTCATGCATTATTGACACTT,5,3259773
relBp,0.08,25,24,CTAGGGTTCAGGACGTTCGT,1,3296553
relBp,0.28,30,24,CTAGGCGGGATATTCCGAAG,6,3303219
relBp,1.84,69,24,CGAGAGTCACCTACCGCAGG,45,3262629
relBp,0.08,25,24,CGAGAGTATTGCAGATTTGC,1,3256297
relBp,1.48,60,24,CGAGAATGACTGTCTTGGTA,36,3292071
relBp,1.32,56,24,CGACGACTGAAAACCCGAAA,32,3256591
relBp,26.52,686,24,CCTGTTGTGGTCTTGGAACA,662,3265991
relBp,0.52,36,24,CCGTCGAGTACAGCGCTAAC,12,3264806
relBp,0.08,25,24,CCCTGAATGCGTTCTCGAGA,1,3256316
relBp,1.76,67,24,CCAGCTCTGCTTACGGACTT,43,3283344
relBp,0.16,27,24,CATTGCGGCCACACGAAGCG,3,3260877
relBp,3.12,101,24,CATGCCCCGTGCAGCCGTAT,77,3270719
relBp,0.28,30,24,CATGCAGTTAATCGTCGGTT,6,3260445
relBp,0.24,29,24,ATTGCAATACATTTGCCCCG,5,3277239
relBp,0.44,34,24,ATGACTGAGGCCTAGTCGGT,10,3270421
relBp,0.16,27,24,ATCTCCGAAGGTGGTTTTGA,3,3292721
relBp,3.2,103,24,ATAACAAGGCCTGAGCATAT,79,3274499
relBp,0.96,47,24,AGCGACGGGATATTTCCTGC,23,3272782
relBp,0.12,26,24,AGACTGGAATAATTGGTCTT,2,3283293
relBp,0.6,38,24,AGACCTGCCCGCCACCGGAG,14,3293705
relBp,3.2,103,24,ACTTGAGTAACATCGAGAGT,79,3278374
relBp,1.12,51,24,ACTCACGGGATCCATTAGTA,27,3270574
relBp,2.48,85,24,ACTATTGAAGCGAAGATTTG,61,3296149
relBp,0.36,32,24,ACCCTGGCTGTCACACGCTT,8,3275810
relBp,0.48,35,24,AATTCTTAGGCACAAACTGA,11,3285460
relBp,4.16,127,24,AACGGCTTTAACTTAGGGCT,103,3277191
relBp,0.125,25,23,TTTTACGGCTCTACTGTAAG,2,3258069
relBp,0.3333333333333333,30,23,TTTAGTGGGATGACCTCGCA,7,3256711
relBp,1.7916666666666667,65,23,TTGGTGCTGCGCGCTATCTC,42,3257870
relBp,2.375,79,23,TTGCTGGACCGGCGGAGGGT,56,3271938
relBp,2.2916666666666665,77,23,TTGAAATTAGCGTGTCGTGG,54,3300750
relBp,0.08333333333333333,24,23,TTCCCTCCCGAACCCTACGT,1,3263562
relBp,7.125,193,23,TGTGTGGGGGACAGGGGCTG,170,3291674
relBp,0.4583333333333333,33,23,TGGTAGCAAAGCTGCGTGGT,10,3265985
relBp,0.16666666666666666,26,23,TGGGCACGACATTCGTAATA,3,3262676
relBp,1.9166666666666667,68,23,TGAGGAGCTTGCAATACAGC,45,3278919
relBp,2.8333333333333335,90,23,TGACCTTGGATCCATCGCGG,67,3299069
relBp,1.4166666666666667,56,23,TCTATTGCTGCTCACTCCAT,33,3288729
relBp,2.125,73,23,TCCTTCCGAATTCGGTGGTT,50,3270519
relBp,0.9583333333333334,45,23,TCAGGGTTGGCCGATTGATC,22,3296267
relBp,3.125,97,23,TAGGGCAGCATTTCGCGAAG,74,3284951
relBp,0.16666666666666666,26,23,TAAAAGAGCGTGCCGGTAGT,3,3288240
relBp,0.7083333333333334,39,23,GTCTCGTCGCGGATGCTTAG,16,3275724
relBp,0.20833333333333334,27,23,GTCTCCCTCGCACGCGGGCG,4,3299265
relBp,2.1666666666666665,74,23,GTCGTTGGTGAGCTGTGCTG,51,3293611
relBp,0.5833333333333334,36,23,GTCCTTGAATACCTCCTTTC,13,3302821
relBp,0.9583333333333334,45,23,GTCATAGTAAACTCCTGCAG,22,3283382
relBp,1.0833333333333333,48,23,GTAGCTTGGTATCCAGAACG,25,3274516
relBp,0.8333333333333334,42,23,GTACCTGAATTATCTCTTCA,19,3303662
relBp,2.5,82,23,GGCTCATTGGGCTAAGTAAG,59,3273554
relBp,3.2916666666666665,101,23,GGACTGCTCGCGTCTGACGG,78,3258890
relBp,0.9583333333333334,45,23,GGACAACATTATAGGGTGAT,22,3291300
relBp,13.458333333333334,345,23,GCATGGATGGAACAGGAAGA,322,3305162
relBp,0.16666666666666666,26,23,GCATGGAGTTAGCAGAGCAG,3,3256416
relBp,3.0833333333333335,96,23,GCAAGATACACACTAGGTAT,73,3257629
relBp,0.20833333333333334,27,23,GCAACTGGTCACCTGGCGAT,4,3287847
relBp,0.125,25,23,GATTTTTGGAAGGTCTGAGG,2,3270815
relBp,6.0,166,23,GATTTTGTGTTTCAATGGGA,143,3288190
relBp,0.625,37,23,GATGCCCTAGCGCTCCGGAA,14,3277132
relBp,1.5,58,23,GAGGTACGCTGCAAGCTGAA,35,3277901
relBp,0.08333333333333333,24,23,GAGAGAGTGTTGAAGCGCTG,1,3274712
relBp,1.2916666666666667,53,23,GACTTCAATGTGTACTAACG,30,3257716
relBp,0.5833333333333334,36,23,GAAGTTGATGTATCGCTCGG,13,3281592
relBp,1.8333333333333333,66,23,GAAACAAAGCTACGTGCAAA,43,3267086
relBp,0.16666666666666666,26,23,CTGAGGTCTCGCCGACTGAT,3,3268567
relBp,0.875,43,23,CTGACTATACCCAGTTACGT,20,3270010
relBp,7.0,190,23,CTAGCCCCCAAGCGTTCGAA,167,3279412
relBp,0.6666666666666666,38,23,CTAAATGCGGATGGACACGG,15,3297618
relBp,1.5833333333333333,60,23,CGTTTCTAAGATTCGATGCT,37,3266762
relBp,1.7083333333333333,63,23,CGGTCGGAACACAGTGGATG,40,3304289
relBp,0.9583333333333334,45,23,CGCCGTGGGGGAATGAACTA,22,3266596
relBp,1.4166666666666667,56,23,CGATACGGGTTCGGGGATAT,33,3293092
relBp,1.2916666666666667,53,23,CGACGTGCGTTAACGGTTTT,30,3269410
relBp,0.2916666666666667,29,23,CCTTCACCGGTCGGTTGGCG,6,3269783
relBp,1.4166666666666667,56,23,CCCCCATGGCATGGGACCCA,33,3301800
relBp,1.2916666666666667,53,23,CCCCATAAACTCCAGCGTAC,30,3262171
relBp,0.25,28,23,CCATTCCGAAAACGAGAACG,5,3285946
relBp,0.08333333333333333,24,23,CCACTGGGCACGGCGGGAAA,1,3289862
relBp,1.5416666666666667,59,23,CAGTCGTTCTCTAACATACA,36,3273095
relBp,0.08333333333333333,24,23,CACGAGCTTCGTTCACAACT,1,3279361
relBp,1.0,46,23,CAACACTGTAAGCGCCTCTC,23,3261180
relBp,3.5416666666666665,107,23,CAACAACAGTGTCCAAGGTC,84,3305427
relBp,1.75,64,23,ATTAGCGAGCAGATTAAACT,41,3293663
relBp,0.08333333333333333,24,23,ATTAGCATACAGGTCGTCCT,1,3267461
relBp,0.08333333333333333,24,23,AGTTCTACGCAGTCCCTATG,1,3256923
relBp,0.7916666666666666,41,23,AGTTAACTTAGGGGGCATCT,18,3267276
relBp,0.3333333333333333,30,23,AGGTTAGTGTCAGCTTTGAT,7,3296273
relBp,1.75,64,23,AGGTGCAACCGCTATTGGCA,41,3257429
relBp,0.2916666666666667,29,23,AGGATGACTCGAGACTTGGG,6,3303657
relBp,1.5,58,23,AGGAAAGCGAATATTCTCCT,35,3257271
relBp,0.4166666666666667,32,23,AGCCGCCGTGGAAAGCTCAA,9,3308186
relBp,0.875,43,23,AGCAAGACCGAAGGGGAGTC,20,3290538
relBp,4.083333333333333,120,23,AGACGACAGAGGCTATGGAG,97,3266726
relBp,0.2916666666666667,29,23,ACACGAGCCCTACCACGAGC,6,3282833
relBp,0.25,28,23,AAATGCTAGGGAGGACCTTT,5,3295266
relBp,0.2608695652173913,27,22,TTGCAAGGCTTCACGGGCTC,5,3275877
relBp,2.652173913043478,82,22,TTGATGAGTCCAATATAGGG,60,3299730
relBp,1.2173913043478262,49,22,TTCGGGTGGGCACGGCAGTC,27,3266074
relBp,3.4347826086956523,100,22,TTACTTAGAGCTCATAGCAG,78,3292524
relBp,1.0869565217391304,46,22,TTACGCTGGCCTTCTGTACG,24,3301045
relBp,0.08695652173913043,23,22,TTACGCCATATAGACCGTTC,1,3261172
relBp,0.08695652173913043,23,22,TGGGCGGACTAACGCTTTGG,1,3271368
relBp,0.08695652173913043,23,22,TGCGGGTTAGGCAGCAAGTT,1,3285385
relBp,34.34782608695652,811,22,TGAGGCCCTGGCCTTTTCCT,789,3297787
relBp,0.391304347826087,30,22,TCTAGAGTGGGGACGTGGAC,8,3264617
relBp,0.4782608695652174,32,22,TCCTCAGTGGTTCCCTTTTG,10,3262028
relBp,1.7826086956521738,62,22,TCCGTGCAAGCACTCCCATA,40,3288321
relBp,3.739130434782609,107,22,TCCGCTGTCGGCAAGACGCA,85,3268127
relBp,1.2608695652173914,50,22,TCAGTATTTTGGATGGGGTG,28,3275848
relBp,3.782608695652174,108,22,TCACAAAATTTTCATAAATG,86,3269061
relBp,0.7391304347826086,38,22,TATTGACTACAAACTACAGA,16,3264763
relBp,2.4782608695652173,78,22,TACGTTTGAATGAACAGGAC,56,3293447
relBp,0.2608695652173913,27,22,TAAAGCACGGCCCCTAGCAA,5,3275385
relBp,0.2608695652173913,27,22,GTGGATACTAACGCAGTTCG,5,3266000
relBp,21.652173913043477,519,22,GTGGAGTTTTGATTTCGCTA,497,3294977
relBp,0.9130434782608695,42,22,GTGCATTATCATCTACATCC,20,3257494
relBp,0.30434782608695654,28,22,GTCGAGGGGGCTGCAGTGGC,6,3295117
relBp,4.869565217391305,133,22,GGATGAACCGACGTGCAATC,111,3292322
relBp,3.9130434782608696,111,22,GGACCAAGTGGCGCGTAACA,89,3260926
relBp,1.391304347826087,53,22,GCTTGTACTATAATTAGGTA,31,3282058
relBp,0.08695652173913043,23,22,GCTACGCTTATTTCGGCGAG,1,3268421
relBp,0.6521739130434783,36,22,GCGCTCATGGCCCCGACGCA,14,3303980
relBp,0.391304347826087,30,22,GCGCGTTACAAAGACTGTAA,8,3259946
relBp,1.2608695652173914,50,22,GCAGGGATGACATATGAATT,28,3294945
relBp,0.17391304347826086,25,22,GCAGATTCGCTAACGGCGCT,3,3258592
relBp,3.3043478260869565,97,22,GATGACCACTGCTTTTCGAC,75,3281713
relBp,1.2173913043478262,49,22,GATCAGTAATGTGAAGCACA,27,3263049
relBp,1.0434782608695652,45,22,GAGTGTGCCGAGGACACGCT,23,3301276
relBp,0.391304347826087,30,22,GAGAAGCACGATGACTTGCT,8,3302365
relBp,1.5217391304347827,56,22,GACACTGGGGGCAAGGAATG,34,3276888
relBp,1.6956521739130435,60,22,GAAACGGGCACAGTTGTACA,38,3260128
relBp,0.08695652173913043,23,22,CTTTCACGCATTCCATGGGT,1,3276631
relBp,2.217391304347826,72,22,CTGTCTAGAGCACTCATCTG,50,3264855
relBp,0.7391304347826086,38,22,CTCTCCACTTACGGCCTTTT,16,3265152
relBp,1.2608695652173914,50,22,CTCGCGGGTCTCTGGGACGG,28,3270270
relBp,0.21739130434782608,26,22,CTATCTCGGGCGTTATGTGA,4,3280660
relBp,2.260869565217391,73,22,CTAAAGTGCGTATCGACGAC,51,3286252
relBp,0.8695652173913043,41,22,CGTCGCCTCCGGTCCTACCT,19,3298449
relBp,2.0434782608695654,68,22,CGTCGAGAGCGACTCAGTAT,46,3300274
relBp,0.17391304347826086,25,22,CGGTTCCTGCCCCGTTTAAC,3,3299067
relBp,1.608695652173913,58,22,CCGGGTTAAGTGCACTAGGC,36,3281856
relBp,1.5217391304347827,56,22,CCCGGGGCTCGTTTATTAGT,34,3272179
relBp,3.260869565217391,96,22,CAGGGGACTCAGCTCGAAGG,74,3285737
relBp,3.5217391304347827,102,22,CAGGCAACTAAGTTGGGGCG,80,3282003
relBp,0.08695652173913043,23,22,CAGCCAGACTACCTGAGTCC,1,3263655
relBp,0.9130434782608695,42,22,CAGAGTGTGTATTTTTCTCG,20,3270352
relBp,2.0869565217391304,69,22,CAAAACCACTGCAAAATGGT,47,3257041
relBp,0.391304347826087,30,22,ATTCGGAAACCAGAGGGTTT,8,3286495
relBp,1.391304347826087,53,22,ATTAGGGGAGTAGATGGGTC,31,3298864
relBp,1.434782608695652,54,22,ATGTGATGCAAGGGCCAAAA,32,3269661
relBp,1.173913043478261,48,22,ATGTCGCTTAAGTTGAACCC,26,3271516
relBp,4.130434782608695,116,22,ATGGTCTTGGAAAAGACGAA,94,3280205
relBp,0.391304347826087,30,22,ATGCTTTGCCATGAATCGGT,8,3287580
relBp,1.2173913043478262,49,22,ATGCCCCCCCCCAGGGAGTT,27,3288043
relBp,0.08695652173913043,23,22,ATCGACTTCGGTGTATTAGC,1,3295049
relBp,0.2608695652173913,27,22,ATACATTTTCGTGTTCAGTA,5,3291580
relBp,0.13043478260869565,24,22,AGGTTTACGTATAGTTGCTC,2,3257139
relBp,0.9565217391304348,43,22,AGGTTCGAGGTGGTCGTAAC,21,3282542
relBp,0.6086956521739131,35,22,AGGAATGTATCGTAACGATC,13,3276156
relBp,0.782608695652174,39,22,AGGAAAACCTTTAGGGCATG,17,3262706
relBp,1.3478260869565217,52,22,AGCGTATTAGTAAACTAGAT,30,3273855
relBp,2.391304347826087,76,22,AGCATAGCTCTGCTAGTCAA,54,3282266
relBp,3.739130434782609,107,22,AGCAACCTCCTAGCGTTGCA,85,3258688
relBp,0.13043478260869565,24,22,AGACGCGCCGTTGAGATCAA,2,3294560
relBp,0.8260869565217391,40,22,ACTAATCTCTAGATCCACGT,18,3304147
relBp,1.3043478260869565,51,22,ACGGCGGCTGGGCGTATTAC,29,3266221
relBp,0.4782608695652174,32,22,ACGGCGACCGTAACGAGTGG,10,3266855
relBp,0.5652173913043478,34,22,ACGCTAGAAACTGTTGTATT,12,3303742
relBp,0.13043478260869565,24,22,ACATAATCGGCGGTTAAGTT,2,3281264
relBp,1.0869565217391304,46,22,ACAGGTTGCAGTCATATGGC,24,3275651
relBp,1.0,44,22,AAAGGGACGCGGGGTCTCCT,22,3273145
relBp,0.8636363636363636,39,21,TTTTTAGCATGTAAATGGCA,18,3281332
relBp,0.6363636363636364,34,21,TTGCAGGACTCAGAGCCGCT,13,3284635
relBp,0.09090909090909091,22,21,TTGAGAAGAACGTGGGTCCT,1,3268033
relBp,0.09090909090909091,22,21,TTCCAGTCAGAAACAGCATC,1,3294462
relBp,1.9090909090909092,62,21,TGTTCAGGGCGACCCCCTGC,41,3259065
relBp,3.227272727272727,91,21,TGCTTTTTGACAGGTCTCAG,70,3263565
relBp,0.5909090909090909,33,21,TGATCCAGCGAACATACATT,12,3277797
relBp,1.0454545454545454,43,21,TCGTTCGGGCTGATTGAAGT,22,3304816
relBp,1.8636363636363635,61,21,TCGGATTATCACAGTTCCCC,40,3277501
relBp,0.5,31,21,TCGACATACAGTAGAGCCTT,10,3256833
relBp,1.1818181818181819,46,21,TCCTCCGGGACACCCCATGT,25,3307118
relBp,0.8636363636363636,39,21,TCAGCGATCTCGACTGGTTT,18,3284459
relBp,4.590909090909091,121,21,GTTCCAGGTCCAGTGGTATG,100,3282743
relBp,1.3181818181818181,49,21,GTGCTGGTAGGACGAGAGGT,28,3300195
relBp,12.681818181818182,299,21,GTGCCGGGGGTGTGAGACCA,278,3267676
relBp,0.09090909090909091,22,21,GTAAATGAGATCTACCCTGG,1,3295040
relBp,0.22727272727272727,25,21,GGTTCAGGTTTATCGCACGT,4,3277344
relBp,0.5454545454545454,32,21,GGTCTAGCATGTTAGGTAGT,11,3283068
relBp,0.09090909090909091,22,21,GGTATTGCAAACGGGCTCGA,1,3285013
relBp,0.09090909090909091,22,21,GGGCTTGTCTTGTATCGTAT,1,3302767
relBp,4.2727272727272725,114,21,GGCTGCGTTGGTCAGGGGAT,93,3273528
relBp,2.6818181818181817,79,21,GGAACCGTTGAGCTGGCATA,58,3288039
relBp,0.2727272727272727,26,21,GCCCCTTCCTACAATGAGTA,5,3258775
relBp,0.6363636363636364,34,21,GCCAGTATAGTCCCAACCTG,13,3276862
relBp,0.09090909090909091,22,21,GCCAAGATCGTTCAGGCATG,1,3286362
relBp,1.6363636363636365,56,21,GCAGTCTTGATGGATCGTTA,35,3262069
relBp,3.1363636363636362,89,21,GAAGAAATTCGAAGAGTATT,68,3300968
relBp,0.09090909090909091,22,21,CTTTGGCGGACCATAGTCCA,1,3280120
relBp,1.6818181818181819,57,21,CTTGACGGAGGCATCCCTAT,36,3284222
relBp,8.272727272727273,202,21,CTGCACTATGTGGACTGTAT,181,3257813
relBp,1.8181818181818181,60,21,CTGATCCGGTAGAATTTGTT,39,3258356
relBp,0.09090909090909091,22,21,CTCTGAGACCACGCGGCAGT,1,3289869
relBp,1.0,42,21,CTCTAAGTAAGAAGACACAA,21,3270162
relBp,1.5,53,21,CTCGGTCTCGGAGTGAAAAG,32,3283299
relBp,1.4545454545454546,52,21,CTCATTCCTCAGGTTCCACT,31,3273507
relBp,1.1818181818181819,46,21,CGTTTGCCTCTGACAGTCCT,25,3262944
relBp,1.3636363636363635,50,21,CGTGTTCAAAAAGGGACGAC,29,3289188
relBp,0.7272727272727273,36,21,CGTCTATTCGGTTGGAGGGT,15,3296972
relBp,0.18181818181818182,24,21,CGGGACACCCCTTCTGCCAG,3,3263637
relBp,3.1363636363636362,89,21,CGCAAGTCAATCGGCTGTAA,68,3279938
relBp,1.8636363636363635,61,21,CGAGTACAGTTAGACTAATG,40,3282102
relBp,20.227272727272727,465,21,CCTGTTACGCTTCCTTGTAA,444,3304640
relBp,1.1818181818181819,46,21,CCTATTTGATAGGCATCTTC,25,3266194
relBp,1.3181818181818181,49,21,CCGCGTTTAGGATGAAGTGC,28,3294454
relBp,0.5,31,21,CCGCAGGCGCCATTAGCAGT,10,3282603
relBp,0.09090909090909091,22,21,CCGCAGCTGAGAATTAGTGT,1,3289340
relBp,2.227272727272727,69,21,CCCATATGAAGGTCTCCTGT,48,3258596
relBp,3.227272727272727,91,21,CCCAACATTCCCTCTGGTTG,70,3280569
relBp,1.4090909090909092,51,21,CCACCGCCCGAATACAATGG,30,3257369
relBp,0.13636363636363635,23,21,CAAGAAAGACAGGTAACCGC,2,3273962
relBp,1.0,42,21,ATTCGGACGGATGACTGATT,21,3272671
relBp,0.13636363636363635,23,21,ATCTTGGCATGGACCTGGAA,2,3257460
relBp,0.09090909090909091,22,21,ATCTTCAGACGGCGTGAGGA,1,3273020
relBp,3.4545454545454546,96,21,ATCCTGGATCAAGCGGGCTT,75,3301849
relBp,9.727272727272727,234,21,ATATCGCTTCGCTACCTTTC,213,3279945
relBp,0.13636363636363635,23,21,ATACGGCCGGTACAGCGGTC,2,3289108
relBp,1.2727272727272727,48,21,ATAATAAGCGTTCACGTAAA,27,3260799
relBp,4.954545454545454,129,21,AGTGCAACTTGGTTGACCAA,108,3296651
relBp,1.0454545454545454,43,21,AGTCGCGGTTATGGTGGCTT,22,3276253
relBp,0.5,31,21,AGGCGATATCTTCGCGTCGG,10,3278622
relBp,0.9545454545454546,41,21,AGGAAAAAGTGAGAATTGAC,20,3273147
relBp,1.8636363636363635,61,21,AGCCGGGGTAACTATCCTAA,40,3278245
relBp,0.13636363636363635,23,21,ACTAGCAACGTCTATAGGTT,2,3259534
relBp,1.9090909090909092,62,21,ACGCGAAGTCATCGGGTTAT,41,3276190
relBp,0.09090909090909091,22,21,ACCACTAATAAAAACCGGAA,1,3307529
relBp,0.5,31,21,ACATAGTAGCAGGGCTCAGG,10,3256461
relBp,0.9090909090909091,40,21,AATGGAACCCGATTGTCTAT,19,3283067
relBp,0.13636363636363635,23,21,AATGCCCTTACGGGTTGGCC,2,3306999
relBp,0.6363636363636364,34,21,AATGCAAGAACTAATAGCGT,13,3259820
relBp,0.45454545454545453,30,21,AATGACTCTATCAACCCGTT,9,3287760
relBp,0.45454545454545453,30,21,AATACCTTCCACAATGTCGT,9,3303758
relBp,7.954545454545454,195,21,AATAAGCGCCCCAGCCTCGT,174,3294704
relBp,1.5454545454545454,54,21,AAGTCGGCAAACGATCTGAT,33,3282512
relBp,0.09090909090909091,22,21,AAGTCCGCTTTTCAAATATA,1,3276849
relBp,0.7272727272727273,36,21,AACTGGGAGGATCAAAGGGT,15,3290622
relBp,0.09090909090909091,22,21,AAACAGGATTTCTGGTTCGT,1,3257778
relBp,2.0,61,20,TTGGGGTGCTGTGACGGCGG,41,3258704
relBp,2.238095238095238,66,20,TTCGTTGAAATCGGCAGATC,46,3280905
relBp,2.619047619047619,74,20,TTAGAGCTCTGCCATAATAG,54,3258896
relBp,0.6190476190476191,32,20,TTACGAGAGAAGGCGTTTGC,12,3263766
relBp,3.1904761904761907,86,20,TGTTAGCCATCTATGTAATA,66,3305157
relBp,1.1904761904761905,44,20,TGTGAGTATTATCTATTTGT,24,3290527
relBp,15.047619047619047,335,20,TGGGTCTGGTCACTACGACA,315,3290546
relBp,3.2857142857142856,88,20,TGGCTCTGACGGATGTCATA,68,3304871
relBp,3.0476190476190474,83,20,TCGCCATGGGCATGTCTTTG,63,3276807
relBp,1.8095238095238095,57,20,TCGCCACCGTCTAAGCCACC,37,3290607
relBp,0.8095238095238095,36,20,TCCTCGCAGTTTCTTATCTA,16,3271815
relBp,0.09523809523809523,21,20,TCATAGGTGTCCCCAGCCGT,1,3299393
relBp,3.5238095238095237,93,20,TCACCTTCATGGGTTTATTC,73,3295670
relBp,1.5714285714285714,52,20,TATGTTCGCTTGCGGCAAAC,32,3293619
relBp,1.7142857142857142,55,20,TATGTAGATAGATCAGGGAA,35,3303653
relBp,0.47619047619047616,29,20,TATATCACTTTCGCGTCGAT,9,3277105
relBp,0.9047619047619048,38,20,TAGTACAGTTGCGGAGATGA,18,3267080
relBp,0.09523809523809523,21,20,TACGGCCCGAGAAGCACATT,1,3282562
relBp,0.42857142857142855,28,20,TACATCCTCTCTTATTTTTG,8,3256476
relBp,1.619047619047619,53,20,TACACCAGGGTCTGCGTTGT,33,3279998
relBp,0.14285714285714285,22,20,TAATTGTCCGGCGGGACTCA,2,3261879
relBp,0.9523809523809523,39,20,TAAAGCAGTTTACGGGGCGA,19,3261500
relBp,0.7142857142857143,34,20,TAAAGACTATGTGCGAGTTG,14,3279060
relBp,0.09523809523809523,21,20,GTCCTTTAGAATTCCCGCAA,1,3275020
relBp,2.3333333333333335,68,20,GTATTCTCGCAGAATGAACT,48,3280734
relBp,0.14285714285714285,22,20,GGTTCAAGACGCAATTAGCA,2,3288710
relBp,0.7142857142857143,34,20,GGTCTCTGAGGACGTCCTGA,14,3305638
relBp,1.380952380952381,48,20,GGCTTGCTCTCAGAGGGTCA,28,3306594
relBp,0.3333333333333333,26,20,GGATTCCCGCTTGAGGTCCA,6,3290497
relBp,1.0476190476190477,41,20,GGATGCTCGTTTGCCTGGGC,21,3286538
relBp,0.9523809523809523,39,20,GGACAACGAACCAAGTTATT,19,3299757
relBp,0.14285714285714285,22,20,GGAATGATGCAGGTCCTGAA,2,3286296
relBp,0.09523809523809523,21,20,GCTGACAAGTCCGAGTCTAT,1,3302499
relBp,0.6190476190476191,32,20,GCGCAGACCGAATTATTTGG,12,3287147
relBp,2.0,61,20,GCATCTTAGCCATTTGCGAA,41,3269493
relBp,7.619047619047619,179,20,GCATCCGTGGGGGGTTTAAG,159,3260215
relBp,0.47619047619047616,29,20,GCACAGCAAATGTGGTCTAT,9,3308406
relBp,0.3333333333333333,26,20,GCAAGTTTCGACTGAGCTAA,6,3269781
relBp,0.09523809523809523,21,20,GATGAAGTGCGGCCCATGAG,1,3283059
relBp,0.09523809523809523,21,20,GATCCAGATGCGAAGCCGGG,1,3305401
relBp,0.09523809523809523,21,20,GAGTATGGTAGGATTGATGA,1,3293181
relBp,0.7619047619047619,35,20,GAGATAAAAGCTTTTCCGGC,15,3274754
relBp,1.3333333333333333,47,20,GACAGGGGGGAACCCTCCCA,27,3305218
relBp,1.7619047619047619,56,20,GACACTGGGCGCCCACGCCT,36,3296482
relBp,3.0,82,20,GAATGAGTAAGTTGGAAGGC,62,3257690
relBp,0.6190476190476191,32,20,CTTCTCTGGTCTTCAGTAAT,12,3290717
relBp,1.619047619047619,53,20,CTTACCCGACTTATAGGCAG,33,3258329
relBp,5.571428571428571,136,20,CTGAATAGCCAGGGCAGGAA,116,3275264
relBp,1.7142857142857142,55,20,CTCGACTAGCAAGCTCAATC,35,3277631
relBp,0.09523809523809523,21,20,CTAGTAGTCCGGTAAGGAAC,1,3259939
relBp,1.3333333333333333,47,20,CTAGGCCCGAAGTATGTAAT,27,3303846
relBp,0.09523809523809523,21,20,CGTCTGAAAGGGGTCAGCTC,1,3265474
relBp,0.09523809523809523,21,20,CGTAGGTCGAGTAGTAAATT,1,3256973
relBp,1.619047619047619,53,20,CGGGGTAACCTATAGGCTAA,33,3302497
relBp,0.42857142857142855,28,20,CGGGCTAGGACGACTATCTT,8,3268282
relBp,1.3333333333333333,47,20,CGGCACGTGATCGCGAGTAC,27,3256782
relBp,2.0,61,20,CGCGTCACTCTTTGGTCACA,41,3264088
relBp,1.619047619047619,53,20,CGCGGTCTGAAGTTGTTCGT,33,3301590
relBp,0.09523809523809523,21,20,CGACACGGGCAATGGGGGCT,1,3261632
relBp,1.1904761904761905,44,20,CCTAGATCTGACAGAACGCT,24,3288678
relBp,2.0,61,20,CCGGGATGTGCCGCGAGGCG,41,3294909
relBp,1.1428571428571428,43,20,CCGGCTACGTTTTGGAAAAG,23,3266307
relBp,4.238095238095238,108,20,CCCGAGCCGTGGGTAAGACT,88,3298276
relBp,7.619047619047619,179,20,CCAGGTCACGAGGTAAAAGT,159,3264519
relBp,4.285714285714286,109,20,CCAAAGACCAATTGCCGGTT,89,3262847
relBp,0.09523809523809523,21,20,CACGCTGAGAGATAACAGTG,1,3280344
relBp,1.7142857142857142,55,20,CACAAGCACTGTTCCGAATC,35,3261761
relBp,0.5238095238095238,30,20,CAATACCAACGAGCTGCGGT,10,3269623
relBp,1.7142857142857142,55,20,CAATAACTTTGTTTCGCTTA,35,3295501
relBp,0.8095238095238095,36,20,ATTTGGCTCTCATGTGGCGA,16,3278330
relBp,2.761904761904762,77,20,ATGGATCACGGGAATTACGT,57,3308013
relBp,1.4285714285714286,49,20,ATCTAGTTCCTATAGGCAGC,29,3263740
relBp,2.5714285714285716,73,20,ATAGGCAGTATCGGGCTGGT,53,3297609
relBp,0.19047619047619047,23,20,AGTTTGGGACTCGCTAGCAA,3,3291370
relBp,1.380952380952381,48,20,AGGGCGGTCGGTTTGGACAT,28,3267990
relBp,2.5238095238095237,72,20,AGGGATACCCCGACTACCTG,52,3262184
relBp,0.7619047619047619,35,20,AGGAAGGGGGATCTCCTTGT,15,3275496
relBp,0.09523809523809523,21,20,AGGAACAATGTTTCGCGTGT,1,3286500
relBp,0.14285714285714285,22,20,ACTTGGGACCGCATGAAGAT,2,3287868
relBp,0.42857142857142855,28,20,ACGGAAGGTATCCAACGCAT,8,3273266
relBp,0.09523809523809523,21,20,ACCCTAGATATATCCGAAAC,1,3279080
relBp,1.7142857142857142,55,20,ACATAGGCCTCAGACAACAA,35,3279872
relBp,2.238095238095238,66,20,ACACCTCGCTGTTCGGTAGA,46,3300730
relBp,0.2857142857142857,25,20,AATTTGACCGAGTCGGACAA,5,3284180
relBp,2.1904761904761907,65,20,AATAGGATCACCGAGTAATA,45,3303368
relBp,0.09523809523809523,21,20,AAGGTCTATTCAGTCTTTTA,1,3299670
relBp,0.7142857142857143,34,20,AAGGCGCCATTGAAGATGTA,14,3285560
relBp,0.14285714285714285,22,20,AAGCTGCCGGTGTGGGTCAT,2,3307218
relBp,0.8095238095238095,36,20,AAATCGTTTGTATTTCGGCA,16,3262475
relBp,18.714285714285715,412,20,AAAGTACTTGAGAATGGCCT,392,3297756
relBp,0.8095238095238095,36,20,AAAGAATGCGTGGTGGACGA,16,3302128
relBp,3.857142857142857,100,20,AAACGCATCGGCATTGCATT,80,3268219
relBp,0.15,21,19,TTTACCGATGCGATTACGAA,2,3260304
relBp,1.3,44,19,TTGTTATGTCATTCACAGCG,25,3305884
relBp,0.15,21,19,TTGATTTGGGTGTGCACTGA,2,3284435
relBp,1.15,41,19,TTCCGCGGGGTAAACAGCTC,22,3287886
relBp,6.5,148,19,TGTCGGCGAGTATTCGGGGT,129,3278219
relBp,0.7,32,19,TGGTTCGGGTATCACTTCGA,13,3266889
relBp,0.65,31,19,TGGGAAGATTCTAGTGAGGT,12,3272207
relBp,0.65,31,19,TGGCGGTGATGCAGGGGTTC,12,3282701
relBp,3.75,93,19,TGCTACCCAGTCCGTAATGA,74,3276145
relBp,5.2,122,19,TCTTCTATCTGGAAGTTGTG,103,3298000
relBp,4.3,104,19,TCTTAATGTCCAGTGTGGAA,85,3261181
relBp,0.3,24,19,TCGGCATAACATGGGCGGGT,5,3285608
relBp,2.15,61,19,TCGCGAAAAAGGTGGGATTA,42,3267647
relBp,0.65,31,19,TCGACAAGATTGTGGCTCGT,12,3288366
relBp,0.6,30,19,TATTGACTCCGTTGAGTACA,11,3269251
relBp,1.6,50,19,TATGGCAGCCCAAGGGTGAG,31,3277952
relBp,1.1,40,19,TAGCTTAAGTTGAACCGATT,21,3278610
relBp,0.1,20,19,TACGTTCAATTGGTAGGCGG,1,3273521
relBp,2.6,70,19,TACCTAGCCCGTAGCGGCTA,51,3287963
relBp,3.25,83,19,GTTAACGGATTATTCTTCTG,64,3296463
relBp,1.3,44,19,GTGGAAAATCAGCGACTCTC,25,3268983
relBp,1.1,40,19,GTCTGAGCAGCTAAGGCCGA,21,3265166
relBp,1.9,56,19,GTCTCCCCCCGCGAATCGGT,37,3270900
relBp,0.6,30,19,GTACGCGCTGTTACCTGCCT,11,3256536
relBp,0.1,20,19,GGTGTTGTGATGGTATTCTG,1,3294967
relBp,2.25,63,19,GGTGACGCGGCGACCGGGCT,44,3296203
relBp,1.2,42,19,GGGTTACCTGGAAACAACCG,23,3256182
relBp,0.1,20,19,GGGTGTCCAAGCAATGAGTG,1,3270820
relBp,1.2,42,19,GGGTAGTGGCAATTAAAAGA,23,3258101
relBp,0.9,36,19,GGGGAGCCAGATCAACCCTT,17,3284499
relBp,0.1,20,19,GGGCTTGACTGCTCATAGCT,1,3291362
relBp,2.25,63,19,GGCTCGCCTAGACCTTCCGC,44,3269779
relBp,1.95,57,19,GGCTACCATAAGGATAGTTG,38,3273246
relBp,3.05,79,19,GGAGGTGGCAAGTAGTAAAA,60,3279514
relBp,0.15,21,19,GGAGAGCGAACAATTTGGAA,2,3273762
relBp,2.15,61,19,GCTTACTCCCCTCCGAGTAA,42,3305051
relBp,2.7,72,19,GCTGTATGAAATGTATAGTA,53,3288365
relBp,0.4,26,19,GCTATACCTGACGTCTTCTC,7,3270866
relBp,0.5,28,19,GCGTCCGGAGGTCCGCCTGG,9,3259846
relBp,3.95,97,19,GCGGATTGGACCACTAGGCA,78,3299680
relBp,0.55,29,19,GCCCGGGTTCATTTTCACTC,10,3276612
relBp,0.1,20,19,GCACCTGGGGTTAGCGAATG,1,3268647
relBp,1.5,48,19,GCAATTCGAACATTAGAGCA,29,3280930
relBp,3.6,90,19,GCAAGATAGGTTGGGCTGTC,71,3290406
relBp,3.75,93,19,GATCGACTAAAGATGGGTAC,74,3266189
relBp,1.4,46,19,GATAAGGTAAGCGCACTGCG,27,3274269
relBp,4.8,114,19,GAGAGATAGGCTGGACGGCA,95,3303019
relBp,1.15,41,19,CTTCGGTTTTCTATAATGCC,22,3271892
relBp,0.9,36,19,CTGTCGTTCTGTTTCGAAAG,17,3278218
relBp,1.3,44,19,CTGGCGTATTTAAAGAATGA,25,3272003
relBp,2.1,60,19,CTCTCCAGGTGCGCAGTCAG,41,3277101
relBp,0.1,20,19,CTCACTACAACACTTCCGGT,1,3274564
relBp,0.1,20,19,CTATGCTCTTAATGATATTG,1,3293401
relBp,0.5,28,19,CGTGTAACATCGCCGTACTA,9,3259709
relBp,0.1,20,19,CGGTTTCATGATTCGTAAAC,1,3287647
relBp,0.95,37,19,CGGTATGTCTCTGGCCGTCG,18,3271188
relBp,1.4,46,19,CGGGTCCTTCATTTCACGGG,27,3283435
relBp,0.1,20,19,CGCTGAGCGTCGGTCCGCTG,1,3279776
relBp,0.4,26,19,CGCGGTTGCTCATTCGGCTA,7,3290868
relBp,0.45,27,19,CGATACAAATGGAAAGTAAT,8,3274694
relBp,0.1,20,19,CGACGGCCCCGTCGCGGAGC,1,3291608
relBp,2.4,66,19,CCCCTGGACTCCCATGGGTC,47,3261540
relBp,0.6,30,19,CCATTTAACAAGCACATCTT,11,3265251
relBp,1.6,50,19,CCAGATTCCGTCAAGTTCGT,31,3305806
relBp,0.85,35,19,CCACTCTTACTAAAAATAAC,16,3262941
relBp,7.5,168,19,CCACCGGTGAATCGTCCTAC,149,3279670
relBp,0.35,25,19,CATTTTCTTACGGTAATTTC,6,3291820
relBp,1.05,39,19,CATTATAGCCGACACTTGCC,20,3271149
relBp,2.0,58,19,CAGCAGTTTGGCATGCCCGA,39,3269222
relBp,0.65,31,19,CAGCAGCAACAGCTCGACGT,12,3294082
relBp,2.0,58,19,CACTCAGGGGCTATTGCTGC,39,3259735
relBp,4.65,111,19,CACATATAGCCTGACAATGA,92,3266731
relBp,5.95,137,19,ATTGAGAGCTCTCACCAGAA,118,3291346
relBp,0.6,30,19,ATTCCGGTCTACACTTCAGT,11,3303175
relBp,1.85,55,19,ATGGAGAGTACCAGGCACGT,36,3269060
relBp,0.9,36,19,ATGCGACTGCTTTATCTGTA,17,3261752
relBp,1.55,49,19,ATGATGTACAAATGAGTGCG,30,3296097
relBp,0.55,29,19,ATATTTGGTGCGTGTTTCCA,10,3301311
relBp,0.3,24,19,ATATTGGCAGACACGTCATT,5,3265386
relBp,0.15,21,19,ATAGTGTGGGCAACGGGTCC,2,3286298
relBp,0.3,24,19,ATAGTCATGTCGCAAGAAAG,5,3292805
relBp,1.0,38,19,AGTACTTGGGGCTTAACGAA,19,3299352
relBp,1.2,42,19,AGCACCAATATCCAGACTCT,23,3284418
relBp,0.3,24,19,AGACCTCGACGCCATTCGTG,5,3266445
relBp,1.05,39,19,ACTATGTGCCCGTTTACCCT,20,3301349
relBp,1.85,55,19,ACGGACGTCATACAGGTCTT,36,3295839
relBp,0.3,24,19,ACGAATGATCCACTGCACCT,5,3267225
relBp,0.15,21,19,ACCACGGTCGTTATCCTGTA,2,3277608
relBp,3.0,78,19,ACATTCGCCACCCAGCTCCG,59,3273189
relBp,0.1,20,19,AATTGATGTTTGCACCGAGA,1,3289441
relBp,0.1,20,19,AATTATCAAATCGATGAATC,1,3273533
relBp,27.9,576,19,AATGCTCAACCTCGTGCGGT,557,3305540
relBp,4.5,108,19,AATCAAGCATATCTTTACAG,89,3286665
relBp,1.8,54,19,AAGTTATTCTGGCGAGTTCA,35,3257992
relBp,6.7,152,19,AAAAATATTCAGGAGCAAAG,133,3306485
relBp,4.368421052631579,100,18,TTTGGGGACAGTACCCGAGA,82,3269174
relBp,0.7894736842105263,32,18,TTTCTCCAACAATTGCGTGT,14,3299209
relBp,0.3157894736842105,23,18,TTGTTTCATTGAGAGGCTAT,5,3291562
relBp,0.21052631578947367,21,18,TTCCTAACCACTCATGGCTG,3,3274599
relBp,9.894736842105264,205,18,TTCCCAAATTGTGGAAAGGG,187,3285470
relBp,0.631578947368421,29,18,TTCCACGCTTGTTGTCAGAA,11,3303290
relBp,0.2631578947368421,22,18,TTATTCGGATGCTATTTCAT,4,3304018
relBp,3.8947368421052633,91,18,TTACGTGGTGACCAAGCTGG,73,3290750
relBp,2.0526315789473686,56,18,TGGCTTGTCAAGGAGCGAGA,38,3288606
relBp,4.947368421052632,111,18,TGGACCTCGCTTTGTGTAAA,93,3283763
relBp,0.15789473684210525,20,18,TGCCCTTCAATGCTCGATTA,2,3280663
relBp,1.5789473684210527,47,18,TGAGCTTGAGGAAACAGAAC,29,3266333
relBp,3.473684210526316,83,18,TCGTGGCGAGGTTTTGAACG,65,3296476
relBp,1.5263157894736843,46,18,TCGTCGAAGTCCTGCGGTTT,28,3299492
relBp,3.6842105263157894,87,18,TCGGCTGGGTTAGGAGCGAT,69,3281596
relBp,0.10526315789473684,19,18,TCGGCATGAGACTTTTTCCG,1,3279474
relBp,0.5789473684210527,28,18,TCCCTGTGGGGTACTCGTCA,10,3274774
relBp,0.15789473684210525,20,18,TCACCGGCAGCTCCGAGCAA,2,3279626
relBp,0.5263157894736842,27,18,TATGATTTGCCCGGTGGGTA,9,3261327
relBp,2.6315789473684212,67,18,TAGGGGTGTCCGTATCATCA,49,3265010
relBp,2.4210526315789473,63,18,TAGAGATGCGTACAGCCCTA,45,3301579
relBp,0.10526315789473684,19,18,TAGACCCTGGAATGTGGATT,1,3292763
relBp,0.5263157894736842,27,18,TACTTAGTAACGTTTATGAA,9,3259261
relBp,0.7368421052631579,31,18,TACCTGTACTAGCAATGATT,13,3274560
relBp,4.631578947368421,105,18,TAACACGCCAACTTTGGCGT,87,3301043
relBp,0.7894736842105263,32,18,GTTCGTGTCTATTCGTTCTC,14,3292831
relBp,3.5789473684210527,85,18,GTTCACCACCTGATTTCGCT,67,3261637
relBp,0.2631578947368421,22,18,GTGTAAGAATCGGGGCCTAC,4,3283534
relBp,0.21052631578947367,21,18,GTCGCTCCATTCTGATCGCA,3,3266288
relBp,0.5263157894736842,27,18,GTCCTTTCAGCCATCTGAAG,9,3256974
relBp,0.21052631578947367,21,18,GGTCCAAACTCCGCACCAGT,3,3287945
relBp,0.15789473684210525,20,18,GGTAATAGGCAAGTATGCGC,2,3300813
relBp,1.0,36,18,GGTAAAAGTTTGTCTGGATT,18,3284715
relBp,1.631578947368421,48,18,GGGTATGGGAACGAAAGTTT,30,3294427
relBp,1.105263157894737,38,18,GGGATCTGTTCTACCCCCGC,20,3263447
relBp,3.8947368421052633,91,18,GGAGTAGTCTGTAGTTCGCT,73,3260920
relBp,2.5789473684210527,66,18,GGAGTAGCAGTTTCACAGGA,48,3304964
relBp,0.3157894736842105,23,18,GCTTGAAGAAGGGATCTAAG,5,3272507
relBp,2.6315789473684212,67,18,GCTCTAATTTCCCGAAGGCT,49,3258712
relBp,1.4736842105263157,45,18,GCGTATCCCTCCAAGACGTC,27,3295351
relBp,0.2631578947368421,22,18,GCGATTCCCACTTACTTTGG,4,3260242
relBp,2.8421052631578947,71,18,GCCGGGGTGTAGAGTTGTCT,53,3302040
relBp,3.8947368421052633,91,18,GCCAAGATTAGAATGTCTCC,73,3306693
relBp,1.7894736842105263,51,18,GATTGCGGTACATTTCACAT,33,3284467
relBp,4.578947368421052,104,18,GATGGACGGTGCTACGACCA,86,3275392
relBp,1.7894736842105263,51,18,GATGCGCGACAGCGCGCACA,33,3274901
relBp,1.263157894736842,41,18,GATGATCCGGTCTGATACTT,23,3298149
relBp,3.9473684210526314,92,18,GAGTGTAAATACTCCTAGGG,74,3267074
relBp,0.15789473684210525,20,18,GAGTAGCAAGAGCTAGGGCT,2,3290681
relBp,8.0,169,18,GACGGTCAGCTACTGGTCTC,151,3275268
relBp,0.21052631578947367,21,18,GACGCGCGGTTACGCACGTT,3,3285134
relBp,0.8421052631578947,33,18,GAACGCTTTTTGGACCTGAA,15,3265298
relBp,4.947368421052632,111,18,CTTGCTGTGTGGTGCAATTT,93,3268866
relBp,5.105263157894737,114,18,CTTACTTAACGTTATGCGCC,96,3260632
relBp,0.7894736842105263,32,18,CTGGTCGCAGAGTGATGCTG,14,3302217
relBp,1.5789473684210527,47,18,CTGATCAGGGTCGGTCCGAG,29,3296955
relBp,0.9473684210526315,35,18,CTATACCTGGGTGACGAAAC,17,3285307
relBp,9.789473684210526,203,18,CTAGCAGTACGTTGATGCAC,185,3290959
relBp,7.947368421052632,168,18,CTAGAGGGAACGCGGAGGTT,150,3305653
relBp,1.2105263157894737,40,18,CGTTCAATCTCCCGAATTAA,22,3284805
relBp,1.5789473684210527,47,18,CGTTATGCCCGCCAGCCTAA,29,3303795
relBp,1.263157894736842,41,18,CGTCGGAGACGAAGCAACTA,23,3292253
relBp,1.263157894736842,41,18,CGTCGCCTTACCGCACCGAT,23,3283488
relBp,0.3684210526315789,24,18,CGAGGTATTAAGGGGTTTAA,6,3303733
relBp,0.10526315789473684,19,18,CGAACAGTCAATGTGTACGA,1,3305319
relBp,0.47368421052631576,26,18,CGAACAACAGGTACAACTTA,8,3267367
relBp,1.6842105263157894,49,18,CCTTTTCGCGTGTATTTATT,31,3302307
relBp,1.263157894736842,41,18,CCTCGGGATCTCACATGGGG,23,3282999
relBp,0.5789473684210527,28,18,CCTATTACTAACTGCGGAAG,10,3301526
relBp,6.578947368421052,142,18,CCTAATCGAGACATCTATCC,124,3266367
relBp,0.8421052631578947,33,18,CCTAACGTCTATGTGTTCCG,15,3300664
relBp,1.894736842105263,53,18,CCTAACGGCAATGGGTAATG,35,3256743
relBp,3.8947368421052633,91,18,CCGCGAATACGTGACAATTA,73,3265437
relBp,0.9473684210526315,35,18,CCCTAGTCTGCAAGGCAGCA,17,3271735
relBp,11.157894736842104,229,18,CCCGATAATCAGCACTAATA,211,3269505
relBp,0.15789473684210525,20,18,CCAGGGTTAGTCACATTGTA,2,3276695
relBp,0.15789473684210525,20,18,CCAAGGGAATTCTTAGTCAT,2,3287158
relBp,2.263157894736842,60,18,CCAAATGTTGTTATGAACTG,42,3261090
relBp,0.10526315789473684,19,18,CAGTTATCGACGCGGCTCTG,1,3282541
relBp,0.2631578947368421,22,18,CACTGGTACGCTTTTCGTGG,4,3279717
relBp,1.263157894736842,41,18,CACATCTAAGGGCAGTGTCA,23,3277899
relBp,0.10526315789473684,19,18,CAACCAGGTTTGTAATTATT,1,3281949
relBp,2.6842105263157894,68,18,CAACATTCTCTTGGAATGAT,50,3268353
relBp,1.0526315789473684,37,18,CAAAAAAGGTGAAGTCACCG,19,3300049
relBp,1.5263157894736843,46,18,ATACCTAACGTCCAAAAGCT,28,3273835
relBp,0.631578947368421,29,18,ATAATCTTCATATTCTTTTG,11,3282490
relBp,0.3157894736842105,23,18,AGCTTATCTGGAGGTGCTAG,5,3264626
relBp,6.526315789473684,141,18,AGCACAGTCCATCCAACGTG,123,3291679
relBp,0.3157894736842105,23,18,ACTGCAACAGTATAGGTGCC,5,3290178
relBp,2.6842105263157894,68,18,ACTAGAGAGAGCTCGACGAA,50,3285749
relBp,1.3157894736842106,42,18,ACGTAAAGGCTTGTGCCTGA,24,3295352
relBp,0.2631578947368421,22,18,ACCGTAGGCGTATCCGAGCT,4,3277469
relBp,0.10526315789473684,19,18,ACATCTTACAAGTGTGATTC,1,3300544
relBp,0.7894736842105263,32,18,ACAGGGATCCTATAGGTTCT,14,3301894
relBp,2.789473684210526,70,18,ACACTGGTTGTTTTTAGCTG,52,3298749
relBp,0.21052631578947367,21,18,ACAAGTAGTTCGGGGACGCT,3,3260094
relBp,0.15789473684210525,20,18,AATGTTCCCTCCTAGGCCTC,2,3272547
relBp,0.5263157894736842,27,18,AACTAAGTTGCGATTACTCG,9,3300587
relBp,0.15789473684210525,20,18,AACCGTGTGTGGTCTACATA,2,3300062
relBp,0.10526315789473684,19,18,AACCCCGGTCAACATTCGAG,1,3284456
relBp,1.631578947368421,48,18,AACCCAGGCTTAGTGTCAAA,30,3304609
relBp,0.5555555555555556,26,17,TTTGTTGTCCGCAGACTCAC,9,3296313
relBp,0.9444444444444444,33,17,TTTGGCAGAAGTGTGGAGAC,16,3287196
relBp,1.9444444444444444,51,17,TTTGCCGACAAGCACTAATT,34,3307052
relBp,0.1111111111111111,18,17,TTGCCAGTTGATCGGGGCTT,1,3276004
relBp,0.6666666666666666,28,17,TTATAAGAGCAATTTTGAAC,11,3289036
relBp,0.6666666666666666,28,17,TTAGGGCAATTACTAGAGTC,11,3281906
relBp,1.6111111111111112,45,17,TTAAAAGAGATGCGCATTGT,28,3274015
relBp,0.4444444444444444,24,17,TGTACTCCTTAGAGTGTGGA,7,3289859
relBp,1.3333333333333333,40,17,TGGTAGCTATAAAAGCGTGA,23,3290713
relBp,4.944444444444445,105,17,TGGCAAGGCCCGATACCTTC,88,3260781
relBp,0.8888888888888888,32,17,TGCTTCAATAGCCTAATTTT,15,3273452
relBp,4.0,88,17,TGAGGTATTGGACTGTGAGA,71,3266339
relBp,0.5,25,17,TGACGATGACGTCTCTCAAG,8,3271111
relBp,0.1111111111111111,18,17,TGACCGTCAAACTCTCGGGT,1,3275021
relBp,1.5,43,17,TGAAGCTTCCCTTATACCAG,26,3287213
relBp,1.2222222222222223,38,17,TCTTTGGTAGGGTACGGACT,21,3261223
relBp,2.7222222222222223,65,17,TCTTCGAGTGGAAATCAGCA,48,3260937
relBp,0.6111111111111112,27,17,TCGGGGTGCGCGTAGATATA,10,3301662
relBp,3.4444444444444446,78,17,TCCCTTACTGGGCCGCACGT,61,3279725
relBp,0.5,25,17,TCATTGGAGAACCAATCTTT,8,3276441
relBp,2.5,61,17,TCATGTTAGCTACCGAGCCT,44,3297340
relBp,0.16666666666666666,19,17,TCATAATCGAGTCACATGTA,2,3293531
relBp,3.8333333333333335,85,17,TCAGATAAGGCCCACATCTG,68,3257628
relBp,1.0,34,17,TATTGTCTGGTTGTCGTCCC,17,3271865
relBp,3.2777777777777777,75,17,TATAGGCTGTCTGACTAACA,58,3288949
relBp,1.2222222222222223,38,17,TAGGCGAGGCTGCCACTATG,21,3279303
relBp,0.16666666666666666,19,17,TACACGTAGGGAAAGACTTC,2,3280637
relBp,1.5,43,17,TACACCCAAATACAACCGCT,26,3279106
relBp,2.5,61,17,GTTACATTGTCCTCTACACT,44,3288900
relBp,4.111111111111111,90,17,GTTAACATCATAACTATCTC,73,3307784
relBp,0.5555555555555556,26,17,GTCGCATTAGGACTCGCCAC,9,3270047
relBp,3.9444444444444446,87,17,GTCCAGGGCCTGGTCGCTGA,70,3275204
relBp,0.3333333333333333,22,17,GTACTCCGATTTACTACAAG,5,3277468
relBp,1.5555555555555556,44,17,GGGGACCACCCAGTTTATGG,27,3266108
relBp,1.1111111111111112,36,17,GGGCTGTGACATTTTAATCA,19,3273693
relBp,0.7777777777777778,30,17,GGGACGTGGCTCGAAGAGGA,13,3277392
relBp,1.6111111111111112,45,17,GGCGCACCTCGATTTCTTGT,28,3275100
relBp,0.7777777777777778,30,17,GGCAACTGTATAAACTATTC,13,3296901
relBp,2.6666666666666665,64,17,GGATCGTACAGTATTTTCTG,47,3302033
relBp,1.6666666666666667,46,17,GGAGCTTCGCTTCACATCTA,29,3300763
relBp,0.3333333333333333,22,17,GGACCGTGCATATAGGCCAT,5,3302155
relBp,6.111111111111111,126,17,GCTGACACGTCCTTCATGAA,109,3272115
relBp,0.8333333333333334,31,17,GCGTTTGCGCAAGCTGACTC,14,3297754
relBp,4.222222222222222,92,17,GCGGGAACATGGGACATAGG,75,3289849
relBp,0.5,25,17,GCCCTGTCATGAGTGGGGCT,8,3287376
relBp,1.5,43,17,GCCCCACAGGCGAAGATCCA,26,3266699
relBp,0.8333333333333334,31,17,GCATGTCTCTGATTTATTGT,14,3303174
relBp,0.6111111111111112,27,17,GATTCATTAGGCGAATTAAA,10,3267986
relBp,0.16666666666666666,19,17,GATGGTCAGGCCTCCCAGCT,2,3303390
relBp,0.1111111111111111,18,17,GATCAAGCAGTAACTACCTG,1,3273144
relBp,0.1111111111111111,18,17,GAGTGGTAGTATTTGCGATG,1,3266201
relBp,1.3888888888888888,41,17,GAGGTATCTGAGTAAAACGA,24,3305364
relBp,0.16666666666666666,19,17,GAGGCAAATCTGAAAACTCC,2,3257457
relBp,0.4444444444444444,24,17,GAGCCCGGATCTAAAGGCGT,7,3281729
relBp,1.3333333333333333,40,17,GAGCAGTGGGATCATCGAGC,23,3297191
relBp,1.6111111111111112,45,17,GACGGCGCTAGTGCAAAGGG,28,3287491
relBp,0.7777777777777778,30,17,GAAACTTGCGTTCTGCCGCA,13,3276915
relBp,0.1111111111111111,18,17,CTGGATGAGCGTTAGTCGTT,1,3260163
relBp,0.1111111111111111,18,17,CTCGTCGCATATACCGACAA,1,3286701
relBp,0.6111111111111112,27,17,CTACTTCTTTTCTTGGTATG,10,3266064
relBp,0.9444444444444444,33,17,CGTTACGGTTCCTAGCACGG,16,3268996
relBp,0.2777777777777778,21,17,CGTGCAAACCCCTCAGCCAA,4,3294252
relBp,0.1111111111111111,18,17,CGTAGATCCCGAGGCAGGCA,1,3286367
relBp,0.6666666666666666,28,17,CGCTCGCAGCGGTTTGCACG,11,3284817
relBp,3.7777777777777777,84,17,CGCGTTGTTAGACTGAACAA,67,3284767
relBp,2.2777777777777777,57,17,CGAAGATACAACCGTTTGAA,40,3274160
relBp,2.0,52,17,CCTTTAACGCAAACTGGTCG,35,3299719
relBp,0.9444444444444444,33,17,CCTCACGAATCGCTTTCCGA,16,3265159
relBp,0.2222222222222222,20,17,CCTACACCTCCATTCGGACT,3,3301447
relBp,0.16666666666666666,19,17,CCGCAGGTTGCAGAAGGACA,2,3289988
relBp,3.2777777777777777,75,17,CCCTTCGGTTTGTCACATTC,58,3276633
relBp,3.9444444444444446,87,17,CCCTAGGGGGTAAAGGATCT,70,3290185
relBp,0.1111111111111111,18,17,CCCCTCCCGTTCTCGAAGCG,1,3270968
relBp,2.0,52,17,CCCAGTCTTAATCTGCATAC,35,3260420
relBp,1.7777777777777777,48,17,CCCACGGGGATCAGATTGGA,31,3279711
relBp,1.5,43,17,CCAGTGGCCTTCGAGGGACT,26,3289618
relBp,2.611111111111111,63,17,CATTTCCGACCTATCTGATT,46,3265285
relBp,0.9444444444444444,33,17,CATTTAAGCCTGTCTATAGA,16,3277443
relBp,1.3333333333333333,40,17,CATCTGTCCGCATTAGCGGT,23,3272417
relBp,1.0555555555555556,35,17,CATCTCCAATGTCAAAAGTT,18,3294159
relBp,3.1666666666666665,73,17,CATAGAGATCACGTGTGGTG,56,3280680
relBp,0.16666666666666666,19,17,CAGGCTGTGCCTGAGCCGGC,2,3275529
relBp,0.2777777777777778,21,17,CACATGATCCCAGTCTTAAC,4,3303256
relBp,2.388888888888889,59,17,CACATACACAGTCGGTTGAT,42,3300468
relBp,1.2222222222222223,38,17,CAAGTAGCCTTGGATCAGGG,21,3283258
relBp,1.2222222222222223,38,17,CAAGGGTAACGAGCACAAGT,21,3266481
relBp,4.666666666666667,100,17,CAAACAGTTAGGTTCACTAC,83,3283939
relBp,0.1111111111111111,18,17,ATTGGGGTGGGTTCTTGTCA,1,3268680
relBp,0.2222222222222222,20,17,ATTGGGCATGTACCTTGAGT,3,3287330
relBp,2.2222222222222223,56,17,ATGCCTCTCTAAGGGAATAT,39,3307496
relBp,1.2222222222222223,38,17,ATCGCTCTTTTGGAAACTGT,21,3287255
relBp,3.0555555555555554,71,17,ATCCCTACGAGGCACAATGA,54,3268384
relBp,1.2222222222222223,38,17,ATCATCAAACATGCGATGCA,21,3259245
relBp,1.8888888888888888,50,17,ATAGGAGCGTTTGGAATGCA,33,3306124
relBp,1.1666666666666667,37,17,ATAAGGATGTGGTAGAAATG,20,3287694
relBp,0.2777777777777778,21,17,AGTTGTTCAACAACTCAATC,4,3266524
relBp,0.4444444444444444,24,17,AGTTGAGTAGCGGGATTATT,7,3299129
relBp,0.16666666666666666,19,17,AGGTTTGCCTTGTAAAAGAC,2,3287893
relBp,1.3888888888888888,41,17,AGGGCGTTGGGACCTGTCTG,24,3286133
relBp,0.9444444444444444,33,17,AGGGATGGAAACTGTAGGAT,16,3279371
relBp,2.111111111111111,54,17,AGGAGGCACATCCAGTTTGA,37,3280789
relBp,2.6666666666666665,64,17,AGCAATGCGCCCATAGCGCA,47,3295876
relBp,0.5555555555555556,26,17,AGATGGTTTTTTAATCAGAC,9,3278959
relBp,1.3333333333333333,40,17,ACTGCGGGCGCACCCGCTCC,23,3260772
relBp,6.666666666666667,136,17,ACTCCCTTACGACAAATAAT,119,3273854
relBp,0.6111111111111112,27,17,ACGCTTATGCGAGGGCGCGG,10,3293713
relBp,1.6111111111111112,45,17,ACCTTAAAAGAGTCCTACTC,28,3269944
relBp,3.5,79,17,ACCTGAGTTCGACGCGGTCG,62,3285799
relBp,0.6111111111111112,27,17,ACCTCGCAACAAAGTTCGTC,10,3279600
relBp,0.6666666666666666,28,17,ACCTAGTCCCTGGCCGTAAG,11,3268689
relBp,4.555555555555555,98,17,ACCGAAGTACCGTCACACAA,81,3279183
relBp,0.2777777777777778,21,17,AATACAATAACCCTTTCTGA,4,3305311
relBp,2.4444444444444446,60,17,AAGTGTGCGGGGGCAAGCGG,43,3287774
relBp,1.8333333333333333,49,17,AAGCTGATTCTGGGGCGGTG,32,3258170
relBp,0.2222222222222222,20,17,AACTTAAGCGAGCGCACCAC,3,3280787
relBp,2.5,61,17,AAATATCGCCCTTTCATTGA,44,3299588
relBp,0.4444444444444444,24,17,AAACATATCCCATTTACCGA,7,3271998
relBp,3.4705882352941178,74,16,TTGTCCAACTAATGCCTTTG,58,3304703
relBp,1.7058823529411764,44,16,TTGGGAGGTTTGGGCACGCC,28,3298679
relBp,1.2352941176470589,36,16,TTGCGTTACTGCGAAGTTTT,20,3291463
relBp,0.11764705882352941,17,16,TTGCATAATTTTCATTTTGT,1,3296987
relBp,0.5294117647058824,24,16,TTCTTGATCTGCGGCGCTTT,8,3301798
relBp,0.17647058823529413,18,16,TTCTGCATATGGAACCCTCA,2,3259432
relBp,1.9411764705882353,48,16,TTCGCCGAATACGATGATAG,32,3305424
relBp,3.6470588235294117,77,16,TTAGCGATAGTTCGAACCAT,61,3283647
relBp,0.35294117647058826,21,16,TTAGAGGGGCTTTATTAAGA,5,3278951
relBp,1.7058823529411764,44,16,TTAATAGAGCCCATCCCTCA,28,3301372
relBp,0.11764705882352941,17,16,TGTTGTATTCAGGTCAGGAT,1,3293599
relBp,0.17647058823529413,18,16,TGTTGTACAACACTTCCGAT,2,3258627
relBp,1.411764705882353,39,16,TGTTCCCGACGGACACGCAT,23,3266115
relBp,0.8823529411764706,30,16,TGTATAGGTCGGCGGAAATC,14,3302003
relBp,1.1176470588235294,34,16,TGGTTATCCGTCCGTGTGGT,18,3305988
relBp,0.5882352941176471,25,16,TGCTCCGCTGGATTATCTTA,9,3303478
relBp,1.0,32,16,TGAGAGATTAAACTCACCTT,16,3263097
relBp,6.176470588235294,120,16,TGAAGGAGGGCTAGCCGTCA,104,3259059
relBp,0.11764705882352941,17,16,TCTTGTACAGATTTGCTTAG,1,3298895
relBp,2.823529411764706,63,16,TCGGGGATTATGAAAGGGAG,47,3267408
relBp,1.8823529411764706,47,16,TCGCACGTCGCGGACCTGTA,31,3302584
relBp,2.1176470588235294,51,16,TCCTATAACCATCCGCCTCC,35,3297548
relBp,0.9411764705882353,31,16,TCCCCTTTCTATCTGTCCCA,15,3280236
relBp,3.1176470588235294,68,16,TCCCAGTGAAACTGCCAGAA,52,3289346
relBp,0.11764705882352941,17,16,TCCATTAGGGGAGGGAGTTC,1,3283713
relBp,2.4705882352941178,57,16,TCATCGTGAATCGCTCAGGT,41,3282273
relBp,1.5294117647058822,41,16,TATTACCAGATTTGCTCGCG,25,3260515
relBp,12.647058823529411,230,16,TAGCTATTAGCTCTCGCACT,214,3289000
relBp,0.6470588235294118,26,16,TACTTATCGAGCATGTGGCA,10,3283468
relBp,1.588235294117647,42,16,TACGCGTGCAACCCGGGATC,26,3299469
relBp,1.3529411764705883,38,16,TACCTTGCGTTATTTCTTGC,22,3300033
relBp,2.6470588235294117,60,16,TACATGCTCCCACTTCCTAC,44,3291989
relBp,0.11764705882352941,17,16,TACACGTGTATTCGTGTTTA,1,3265439
relBp,0.9411764705882353,31,16,TAAGTTCCGGTCCTGAGCCT,15,3258837
relBp,0.7647058823529411,28,16,TAAGAAACCTCGTATGGCTT,12,3262707
relBp,0.11764705882352941,17,16,TAACAAACTCGATCGGGGTA,1,3303320
relBp,2.8823529411764706,64,16,GTTGCCAGTGACAGCTGGCT,48,3272780
relBp,0.11764705882352941,17,16,GTTCTGCAAATTACTAAGTT,1,3292782
relBp,0.8235294117647058,29,16,GTGTGTAGCTTATGGTGCTC,13,3267683
relBp,2.4705882352941178,57,16,GTGGTGCGGCTGTGCCTCTA,41,3291723
relBp,1.411764705882353,39,16,GTCTGATTGATTGTCCGAAA,23,3267101
relBp,2.0,49,16,GTATGCGGAAAGGTCTTACA,33,3277633
relBp,0.11764705882352941,17,16,GTAGCGCGGGCTAATGCAAT,1,3279137
relBp,0.17647058823529413,18,16,GGTGTATTACTTACAAAATG,2,3302094
relBp,0.11764705882352941,17,16,GGGTTTATTCTGTCGTTTAG,1,3307379
relBp,1.2352941176470589,36,16,GGGCTTAACACCAAGGTACA,20,3268837
relBp,3.9411764705882355,82,16,GGGCATTATCAGGTCATAAT,66,3272346
relBp,0.11764705882352941,17,16,GGGCATACAAGACTGCCAGG,1,3273782
relBp,0.11764705882352941,17,16,GGATCATGTAATTCCCGCTA,1,3261086
relBp,0.4117647058823529,22,16,GGAGCGTTTGGATATGGAGT,6,3285187
relBp,0.5882352941176471,25,16,GGACCCTACTCCACAGTACT,9,3303022
relBp,0.7058823529411765,27,16,GGAACATTGCGGGTATTCAG,11,3282681
relBp,0.29411764705882354,20,16,GCTTTGCCTCCCTATTGGGG,4,3289031
relBp,1.5294117647058822,41,16,GCTTTGCCGGCATTTAACAA,25,3273796
relBp,3.9411764705882355,82,16,GCTCGCACCGGCAAACCTTG,66,3301945
relBp,0.35294117647058826,21,16,GCTAGAATCGAATGCTTGCA,5,3274013
relBp,0.8235294117647058,29,16,GCGAAAGGACGAAACAGGTC,13,3285814
relBp,0.23529411764705882,19,16,GCCTTAAAGCACTAGCGTCG,3,3272467
relBp,1.1176470588235294,34,16,GCAGGCCACTTAGTCTTGAG,18,3290096
relBp,1.8823529411764706,47,16,GCAGCGTGAGGACGTGGAAC,31,3264278
relBp,0.17647058823529413,18,16,GATGCTCCACGCTCAATTCC,2,3290108
relBp,2.9411764705882355,65,16,GATATGCGGGATAAGACTGA,49,3273783
relBp,3.4705882352941178,74,16,GATATCATATTCTGCCATTA,58,3258710
relBp,0.6470588235294118,26,16,GAGTGTAGGCAAAGATTTGT,10,3287318
relBp,0.29411764705882354,20,16,GAGCTGTTTCGACGCTCGAA,4,3267677
relBp,2.6470588235294117,60,16,GAGACGCATTGGCTTTTAAA,44,3273714
relBp,0.23529411764705882,19,16,GAGAAATATGAGTCCCTCGT,3,3290524
relBp,0.17647058823529413,18,16,GACCGCAGCATGGCATCCAC,2,3294074
relBp,1.588235294117647,42,16,GAAATAGGCCTTCGCCCTCA,26,3269965
relBp,0.35294117647058826,21,16,GAAACACTTATCGCCAATGA,5,3287706
relBp,0.11764705882352941,17,16,CTTAAATAGTCCCGAAACCG,1,3267788
relBp,1.2352941176470589,36,16,CTGTCAGGGACCATGTATTA,20,3275575
relBp,2.2941176470588234,54,16,CTGTACTTCGAACGGCGAGT,38,3267300
relBp,3.0,66,16,CTCTCTCGCCCTGATTTTCT,50,3283348
relBp,0.47058823529411764,23,16,CTCGTCACTCCCTAGTACTT,7,3301588
relBp,0.5294117647058824,24,16,CTCGCGGCTCCAATTCAGGA,8,3297269
relBp,0.35294117647058826,21,16,CTACTTATGAATCGTGCAAT,5,3259062
relBp,0.7647058823529411,28,16,CTACGCTTCAGAGATGAATA,12,3289604
relBp,1.7647058823529411,45,16,CTAAGGCTTAACGCTGCACG,29,3302747
relBp,0.11764705882352941,17,16,CGTCCGTGGCCTACCTATCA,1,3294923
relBp,1.7647058823529411,45,16,CGTAAATGCACTAATCTGAT,29,3258373
relBp,1.1764705882352942,35,16,CGGCGCCAATCTGCCGATGA,19,3302156
relBp,0.8235294117647058,29,16,CGCGGGGACGCCTAACGACT,13,3277172
relBp,3.0,66,16,CGCACCTCATCAAAAGACTT,50,3258891
relBp,3.5294117647058822,75,16,CGCACAAGATCTATAAACCA,59,3288157
relBp,0.11764705882352941,17,16,CGAGGTGCGGTATGCAGTCC,1,3263513
relBp,0.29411764705882354,20,16,CGAGGAGAGTGGTAAGAGGA,4,3257893
relBp,0.11764705882352941,17,16,CCTCTGCAACTGAGTGCAGT,1,3287734
relBp,0.11764705882352941,17,16,CCGTGCGCTCATGGATGTCT,1,3280584
relBp,9.470588235294118,176,16,CCCGCCGGGGCGTTCTGTTC,160,3287029
relBp,8.705882352941176,163,16,CCCCGTTCAGTGCGTCTCGC,147,3300748
relBp,0.11764705882352941,17,16,CCAGTTTGTGGCCTCCTGAT,1,3273148
relBp,0.29411764705882354,20,16,CCAGAGGCCAAATACTAAAA,4,3286075
relBp,3.0,66,16,CCACTGTGGTCGTAGTCGGG,50,3258213
relBp,0.11764705882352941,17,16,CCAACCCTAGAAGACGATCT,1,3302600
relBp,0.11764705882352941,17,16,CAGCCCTCCTCGTAATCCCC,1,3277737
relBp,2.823529411764706,63,16,CACGAGGTCGTATCTGCTAA,47,3264694
relBp,1.0588235294117647,33,16,CAACAGTTACTGGTCTCTGT,17,3257149
relBp,6.176470588235294,120,16,ATTCCCTGAACGTCGCGCTG,104,3262674
relBp,0.35294117647058826,21,16,ATTATTTCGACTCGTACGCT,5,3276146
relBp,1.411764705882353,39,16,ATTACTGTGAGTTCTGTTTT,23,3274371
relBp,0.29411764705882354,20,16,ATGTTGTCAAAAGCAGACGT,4,3260076
relBp,0.11764705882352941,17,16,ATGTTGGACGAGATCTACGA,1,3297307
relBp,1.8235294117647058,46,16,ATGTTGAGAAGGATATCCCA,30,3280146
relBp,1.1176470588235294,34,16,ATGTCGCTAGAGGGCTCAAC,18,3299443
relBp,1.2352941176470589,36,16,ATGTATCCCAGAATGGAAAC,20,3280818
relBp,2.3529411764705883,55,16,ATGTAATGCCCTGCGCGTCG,39,3258824
relBp,1.1764705882352942,35,16,ATGCCGATAGCAGATATTGT,19,3305432
relBp,0.6470588235294118,26,16,ATCGAGAAAAGCATGGTAAT,10,3295689
relBp,0.29411764705882354,20,16,ATCCGACAGAGTTTGCAGAT,4,3283037
relBp,2.764705882352941,62,16,ATCAGGCCGGCCTGCTTCGA,46,3292160
relBp,0.11764705882352941,17,16,ATAGCAATCGGACCAGGTGG,1,3278255
relBp,0.23529411764705882,19,16,AGTCGGTAGGCGCGTGCCGA,3,3272138
relBp,7.823529411764706,148,16,AGGTGAATGTGCGGAGGAAA,132,3296550
relBp,0.29411764705882354,20,16,AGGAAGAGGGATTGGGGATG,4,3285192
relBp,34.470588235294116,601,16,AGCTTTACTGAGCCTTTGGG,585,3294993
relBp,1.2941176470588236,37,16,AGCGACTCCTGAAGGCTGAC,21,3267746
relBp,1.8235294117647058,46,16,AGACGAGCGTAGAATCCGAA,30,3259491
relBp,1.411764705882353,39,16,ACTTTGATCCTCAGGCTATA,23,3285862
relBp,0.17647058823529413,18,16,ACTGGTCTGCGCACCCCGGT,2,3289799
relBp,2.176470588235294,52,16,ACTGGATTTAGTCGTCATCG,36,3306467
relBp,0.29411764705882354,20,16,ACGGTACGTCAGAAGAATTG,4,3286755
relBp,0.23529411764705882,19,16,ACCGCCCGTAGTTCAGACGA,3,3297390
relBp,0.11764705882352941,17,16,ACAGTAGGCCCTGCCTAGAT,1,3304853
relBp,2.1176470588235294,51,16,ACAGCAAATACATACCATTT,35,3259869
relBp,0.17647058823529413,18,16,ACAACCAAGGGTGCAAACGT,2,3276615
relBp,1.2941176470588236,37,16,AATGCTTAGCTAATCCCCAA,21,3286009
relBp,0.11764705882352941,17,16,AATCCTGCTGACCCCCCTCA,1,3264995
relBp,0.6470588235294118,26,16,AAGTCTGGTTGTTTAAGCGT,10,3267392
relBp,1.2941176470588236,37,16,AAGGGTACGTCCCCCACGAG,21,3270160
relBp,0.17647058823529413,18,16,AACGTTGCTGCCTTTATAAT,2,3271936
relBp,9.823529411764707,182,16,AACCTTTGGAGTAAAGGAAC,166,3260421
relBp,0.11764705882352941,17,16,AACCGTAACGGGGCGTGCAT,1,3277817
relBp,0.17647058823529413,18,16,AACCACTTGTAAGGAATAAC,2,3268978
relBp,0.11764705882352941,17,16,AAATTCAGGGGGTATTCGCA,1,3290409
relBp,0.5294117647058824,24,16,AAAGGTGAAGGTTATATGGT,8,3282837
relBp,0.7058823529411765,27,16,AAAATGGTATAGATTTCCGA,11,3275851
relBp,0.6875,25,15,TTTCGGAACGAGGAAATCTG,10,3260888
relBp,0.875,28,15,TTTCATAGCAAAACAGGTGG,13,3294954
relBp,4.0,78,15,TTGTCACGACCAGATAGCGG,63,3285084
relBp,2.625,56,15,TTCCGCATCTACCGTCCTCA,41,3300241
relBp,3.5,70,15,TGTTATTTCCAATACTTAGT,55,3286873
relBp,17.875,300,15,TGGGTATCGTGCCCTCCGGA,285,3291887
relBp,0.5,22,15,TGGACCTCCCGATACTGTTC,7,3282711
relBp,1.0,30,15,TGCTCAATTTTTTGTCCCGT,15,3260077
relBp,0.125,16,15,TGCGTCATCTTGTATAGGCT,1,3268155
relBp,0.1875,17,15,TGCGCCCTATTCAGTCTTGT,2,3276072
relBp,2.25,50,15,TGAGGTAACCTCAATTCCTA,35,3278719
relBp,0.8125,27,15,TGAGAGAGTGTTCGGCTCAA,12,3301512
relBp,1.5625,39,15,TCTTTGGGTAGGCAATCTTA,24,3306463
relBp,0.125,16,15,TCTGTTAAGATCGCCACTCC,1,3292469
relBp,0.125,16,15,TCTACGAGTACCCACCGCGT,1,3293337
relBp,1.8125,43,15,TCTAACAGTTGAGGCCTACA,28,3301824
relBp,0.375,20,15,TCGTTTACAAAAAGTTCACA,5,3301599
relBp,2.1875,49,15,TCGTGTCCCGCACCGCTCCG,34,3259532
relBp,15.5,262,15,TCGACTTCTGAAGTCTAGCA,247,3283938
relBp,0.125,16,15,TCGACTGTACCCTAGATTAC,1,3266259
relBp,4.9375,93,15,TCCCGGAGGAGAATTTCCAT,78,3275218
relBp,0.75,26,15,TCCATGCCATGGTGTAACTT,11,3274931
relBp,2.0625,47,15,TCCAACGACTTAGTTCTTAT,32,3281289
relBp,0.875,28,15,TCAGTTATCTCCGCTGCGTT,13,3287073
relBp,2.3125,51,15,TCAGCCCGTATAGGGCCGTT,36,3262223
relBp,1.75,42,15,TATTTAAGTGAGTTCTCGAT,27,3258888
relBp,0.1875,17,15,TATATGAGCTCGTCACAATA,2,3284286
relBp,1.0625,31,15,TAGGGCAGACCTGAAAATAG,16,3267710
relBp,1.0625,31,15,TAGCGAGTATCTACAATCTG,16,3272870
relBp,0.125,16,15,TACGGTTGTGCAGAAGAGCA,1,3280095
relBp,5.625,104,15,TACATGGCCAAAGACGACAC,89,3284601
relBp,0.125,16,15,TAAGCGTAAAAAACAATAAC,1,3259162
relBp,0.125,16,15,TAAAGGTACCCTCGCGACGC,1,3286933
relBp,2.625,56,15,GTTTGTCGTCGCCTATCGGT,41,3259788
relBp,0.75,26,15,GTTACGATGCAGACGTTCAT,11,3305717
relBp,2.875,60,15,GTGTCCTAGAGACAGAAGAA,45,3285667
relBp,0.25,18,15,GTGCTACAACAAAAGACCTC,3,3257114
relBp,3.125,64,15,GTCCGGCCCGAGATGTGGAA,49,3270803
relBp,1.25,34,15,GGTGGAAATTTCGGTCCGAA,19,3263495
relBp,0.375,20,15,GGGTTAGATGGGACGACACG,5,3259605
relBp,2.1875,49,15,GGGTGAGTAATCGAGTTACA,34,3290558
relBp,0.125,16,15,GGGGATGATGAAGTGGGATT,1,3262801
relBp,1.75,42,15,GGGATCATTTATACTTTGTA,27,3265540
relBp,7.25,130,15,GGCAGGACTCGAGTGGTAGT,115,3256691
relBp,0.25,18,15,GGACGTAGTGAGTAATAAGC,3,3300327
relBp,1.75,42,15,GGACACGTGTTCTAGCGGAA,27,3304914
relBp,1.25,34,15,GGAAATCTTTTCCCAAGGTC,19,3274388
relBp,0.125,16,15,GCTCGGGGATTTACGCGTGT,1,3290984
relBp,2.5,54,15,GCGCACGCTTCACTTTGGAT,39,3295813
relBp,5.5,102,15,GCGATAGAGTTAGCTATTTT,87,3305043
relBp,13.6875,233,15,GCCGACGTGCTGCCGTGACC,218,3288862
relBp,2.4375,53,15,GCCCGGTGATTGACTACCCA,38,3306638
relBp,1.5625,39,15,GCCCAGAGCGCACTCTATCA,24,3285009
relBp,0.625,24,15,GCAGCATGCCCCGAGAGCAT,9,3288137
relBp,1.0625,31,15,GATTGTGTGGAACGACAACG,16,3266519
relBp,7.3125,131,15,GATCCGAGCTGACCGTAACA,116,3291692
relBp,1.4375,37,15,GATACCGTGTTCTGTTTCAG,22,3285117
relBp,0.125,16,15,GAGACTCAACCCTATCAAGA,1,3264001
relBp,0.125,16,15,GAATATACGTCATAAGGGGT,1,3257718
relBp,0.125,16,15,GAAGAAGAGTGTCGGACTGT,1,3275819
relBp,0.125,16,15,GAAATCCTATGAGTTTGCGA,1,3276741
relBp,1.8125,43,15,CTTTACATTTCCTTCCGGGG,28,3287766
relBp,0.5,22,15,CTTGCCCTAAGACCTGGTAA,7,3304797
relBp,1.8125,43,15,CTTGATGCCGCTCTCTCGAA,28,3258717
relBp,22.3125,371,15,CTTCGTTGAGATGAAGGCGT,356,3308252
relBp,0.1875,17,15,CTGGTTCTGCAGAACGGCAT,2,3262595
relBp,1.6875,41,15,CTGGCCGTATGACCGGGTGC,26,3258278
relBp,0.5625,23,15,CTGCGGCGGCTAGCGGAATT,8,3274566
relBp,0.75,26,15,CTCGACTCCGATGGGTACGC,11,3264556
relBp,0.1875,17,15,CTAGTAGGGCTGCGCATATT,2,3289078
relBp,0.6875,25,15,CTACGGTCAGAGAGGTCCGT,10,3285412
relBp,2.125,48,15,CTACGCCTTTATGGGACCAC,33,3292162
relBp,0.8125,27,15,CTAACGTGTGCTATCCGACT,12,3271330
relBp,2.3125,51,15,CGTGGACCTCCCCGGGGCAA,36,3296042
relBp,0.125,16,15,CGTGCGGTGACATTAGCCCG,1,3280981
relBp,3.375,68,15,CGGCCTACACGGCTACCGCT,53,3275593
relBp,0.4375,21,15,CGCTGCAGAGTTTACAGTAA,6,3282360
relBp,2.4375,53,15,CGCGGTCCAATAATCCGAGC,38,3261617
relBp,18.6875,313,15,CGCAGGAACGGGCGGTACGT,298,3307609
relBp,2.5,54,15,CGATTTAAGTCCGAGGATTG,39,3276054
relBp,2.0,46,15,CGAGAGAGAGAACTTCAACC,31,3264423
relBp,0.125,16,15,CGAAACAACAGGATAGGGGG,1,3291753
relBp,0.5,22,15,CCTGCCGAGTTCGTTTCCGC,7,3275048
relBp,0.875,28,15,CCGGGCGCACCTAGATGGGG,13,3262065
relBp,5.0625,95,15,CCGGAGAAACCAGCCCCTGA,80,3265609
relBp,3.3125,67,15,CCGCACAGGGGCATAGTGTT,52,3276984
relBp,1.375,36,15,CCCGTGCATCTGTCACAATC,21,3292754
relBp,0.4375,21,15,CCCCTATAAAAGAGGTGGGA,6,3264182
relBp,0.875,28,15,CCCCCCAGGTAAGAGGGTGA,13,3297232
relBp,4.0625,79,15,CCCACGGACAATTCGGATTG,64,3261325
relBp,1.6875,41,15,CCATTCTTAGATAGGGCAAT,26,3263707
relBp,1.1875,33,15,CCATGGGGCGAAAGAAGGCT,18,3271328
relBp,0.375,20,15,CCAGGTTTCCGACTTCTTCG,5,3278641
relBp,0.6875,25,15,CCACTAACCTACGGATATTG,10,3257120
relBp,8.25,146,15,CCAACGTGAGGGTGGGGAGC,131,3300004
relBp,0.5625,23,15,CCAAACATGACCGGAGGATA,8,3280345
relBp,0.125,16,15,CATATACAGGCAGTGCAAAG,1,3263390
relBp,0.9375,29,15,CATAGCATATGGCTCCTCGT,14,3296410
relBp,1.125,32,15,CAGGTCCAGTACATAACCCT,17,3266888
relBp,3.125,64,15,CAGGCTTGTGAGCCCCTTAC,49,3273691
relBp,2.25,50,15,CAGATGATAACGGGCACGCA,35,3264627
relBp,1.5,38,15,CACCGGTGTTTAGCGCCATA,23,3288629
relBp,0.1875,17,15,CAACGGGGTTCGGTATAGAA,2,3308050
relBp,1.9375,45,15,CAAATCGCGGGTTAGTAATA,30,3300913
relBp,0.125,16,15,CAAACGGGTCAGCGACTTGT,1,3266107
relBp,3.375,68,15,CAAAATCTCTTACGTTATTT,53,3289624
relBp,0.125,16,15,ATTTGGCCAACGTTTTAAGA,1,3283277
relBp,0.625,24,15,ATTGTTTCTGTGAAGTCCAC,9,3257216
relBp,0.75,26,15,ATTGCCATTCCGAGAGATTC,11,3272015
relBp,5.625,104,15,ATTCCACTATAGGCGACCCC,89,3276503
relBp,2.1875,49,15,ATGTATTCAAGTAAGTGGCA,34,3302190
relBp,2.8125,59,15,ATGCAACCAACATTTGGGAA,44,3278293
relBp,0.6875,25,15,ATCACAAGATCGTAGTCGAT,10,3298277
relBp,1.625,40,15,ATATACTGATTGCTGGGCAT,25,3260908
relBp,3.25,66,15,ATACCCCACAATGCAAGAAA,51,3256881
relBp,1.9375,45,15,ATAATCACTTAGCCTAGCTG,30,3282168
relBp,0.25,18,15,ATAACCGTCGGAACTACGAA,3,3264064
relBp,0.125,16,15,AGTGCGTCCGCGATATTTGT,1,3301145
relBp,0.1875,17,15,AGTCCTCGTCCCCTGCTGTA,2,3277286
relBp,1.5,38,15,AGGTTAGGCTGTGATGCCGT,23,3302035
relBp,9.875,172,15,AGGTGTCGGGAAAATATTCG,157,3281756
relBp,1.875,44,15,AGGGCGGGCATTGACTAAAA,29,3281492
relBp,0.125,16,15,AGGATTTAAACAGGTTACTT,1,3260406
relBp,0.375,20,15,AGGACAACGGTATCGCTGAA,5,3284325
relBp,2.75,58,15,AGCTTGGCTCGATGGCTCTG,43,3261931
relBp,3.8125,75,15,AGCTTACTTTCCCCAAGGAT,60,3267445
relBp,26.0,430,15,AGCGTCTAAGCAGCCGGCAT,415,3305263
relBp,13.0,222,15,AGCGGGGTGTTATTGACATG,207,3287113
relBp,1.1875,33,15,AGCACACAAACTACAAAAGT,18,3268685
relBp,0.1875,17,15,AGAGCGAGTTGCTCTCTGTT,2,3258436
relBp,2.625,56,15,ACTCGGCGATTCCGGGGTTC,41,3272147
relBp,0.125,16,15,ACTCAGGAGCTTGTGCGCGT,1,3298595
relBp,0.8125,27,15,ACGTCTCATACCTGCGCAAG,12,3301099
relBp,0.1875,17,15,ACGAAAGTCCGATACTCTAT,2,3298343
relBp,0.1875,17,15,ACCTTTAAAAACGATAACCT,2,3267603
relBp,0.375,20,15,ACCTATAGCTATTGCTAAAG,5,3275167
relBp,2.125,48,15,AATCGGATTTGTGAGACCGC,33,3278376
relBp,0.4375,21,15,AATCGCGCGTCATGGTAGTA,6,3282445
relBp,3.875,76,15,AATCCTATAACGTGCTTGTC,61,3257025
relBp,0.125,16,15,AATCAGGTAGTGAAATGTGG,1,3287392
relBp,2.875,60,15,AAGTTGCATTTTCCCTGGAC,45,3261823
relBp,0.5,22,15,AAGTGCTAGCAGTCACTTTA,7,3276274
relBp,1.0625,31,15,AAGACCTTGCAATCCCTATT,16,3268176
relBp,0.1875,17,15,AACGGCACGGCTGATTCGGT,2,3281372
relBp,10.125,176,15,AAACAAGATATCAAGCATAT,161,3288941
relBp,1.2,31,14,TTTTACGAGGACTGCCGTGC,17,3285875
relBp,2.066666666666667,44,14,TTTGATAAGTCGCTCGCTGT,30,3288181
relBp,10.933333333333334,177,14,TTGCTGGATAGGTACGTAAC,163,3285496
relBp,0.6666666666666666,23,14,TTCTCCATGTGCATACACAT,9,3281256
relBp,0.4,19,14,TTCGCGTCTATTGATTGATT,5,3303978
relBp,1.9333333333333333,42,14,TTCGAAGGCGAAAACTCGTA,28,3292251
relBp,0.2,16,14,TTCATTATCGCGCCCAGCTA,2,3289480
relBp,1.0666666666666667,29,14,TTCAGGCTGGGACTGTTGAA,15,3274801
relBp,0.13333333333333333,15,14,TTAGGAATCGGCAGCGGGAC,1,3300084
relBp,1.2,31,14,TGTTTAATACGTGATACTAT,17,3290642
relBp,0.6,22,14,TGTGCGCGGTCTCTCCGGAG,8,3305308
relBp,0.13333333333333333,15,14,TGTCTTTTAACTTTCGTGGG,1,3260298
relBp,0.2,16,14,TGTCAGTGCGTGGCGGCACA,2,3299818
relBp,2.2666666666666666,47,14,TGTAACTAACGGTTTTTCTG,33,3256317
relBp,5.0,88,14,TGGTGCACTCGCTGGGACAC,74,3282875
relBp,0.7333333333333333,24,14,TGGTCGGTCGTGGAAATGGG,10,3294801
relBp,4.266666666666667,77,14,TGGTCCCGTCCTGAGTCTAA,63,3257118
relBp,1.2666666666666666,32,14,TGGTACCCGGCTTTAAGTGC,18,3290501
relBp,0.2,16,14,TGGTAAAAGCAAGCACTCTT,2,3302317
relBp,1.8666666666666667,41,14,TGGCTCACCGGATGTATCGT,27,3279190
relBp,0.26666666666666666,17,14,TGCGGTCTACACAGCACGCA,3,3295591
relBp,0.4666666666666667,20,14,TGCCGGACTGGAAGAGCGTG,6,3264863
relBp,0.8,25,14,TGCATCAAGCAACGATCTGC,11,3280854
relBp,0.3333333333333333,18,14,TGATTTGTGATCTGTGAAAC,4,3264721
relBp,0.5333333333333333,21,14,TGAGTGTAGACACGGGAGGG,7,3302267
relBp,3.2,61,14,TGAGCAGCAATTCAAAAAAA,47,3267379
relBp,2.4,49,14,TGAAAGAAGAACAAATTGAA,35,3270308
relBp,3.533333333333333,66,14,TCTGCTTATAGGCGAATGGG,52,3261922
relBp,1.6666666666666667,38,14,TCTCGGGGCTCAGCGTTCGT,24,3307871
relBp,13.8,220,14,TCTCGAGTCCCTAATATTAG,206,3283862
relBp,0.4,19,14,TCTAGCGTCTAGGCGTCTGT,5,3266650
relBp,0.2,16,14,TCTAGAGAAGAATAATAGCA,2,3276435
relBp,7.533333333333333,126,14,TCGTTCGATTATCGTATCGC,112,3297198
relBp,0.13333333333333333,15,14,TCGTTAATCGGTTTAGCATA,1,3304877
relBp,0.5333333333333333,21,14,TCGGGCGGTCTACGTTGACA,7,3297106
relBp,0.4,19,14,TCGGCACCTGATTCGTAACG,5,3299821
relBp,2.8,55,14,TCGACCGGAGGTTGAAACCG,41,3286524
relBp,0.7333333333333333,24,14,TCCTACGGGGGCCGAACGAA,10,3257359
relBp,0.3333333333333333,18,14,TCCGTTCTCGGCACCTTCTC,4,3257712
relBp,0.26666666666666666,17,14,TCCGAGCAGTGGACACCAAG,3,3271968
relBp,3.7333333333333334,69,14,TCCCTGCAAACGAATAATAA,55,3306378
relBp,4.466666666666667,80,14,TCCCGTTGGTTCGCAATAGA,66,3273553
relBp,1.4666666666666666,35,14,TCACCAGAATAAGGGAGGAC,21,3260024
relBp,1.4666666666666666,35,14,TCAATGGGCACTATTTGGAT,21,3307677
relBp,3.066666666666667,59,14,TAGGCCTTTGAACATCAAGT,45,3297430
relBp,0.2,16,14,TACGGCAGAAAGACTTGGAT,2,3290543
relBp,1.6,37,14,TACCTCCGCTTGGTCCATCC,23,3266912
relBp,2.933333333333333,57,14,TACAAAAAAGGGAGAGCGCG,43,3281351
relBp,2.066666666666667,44,14,TAAGGTATGAGGCAGTGAAG,30,3277164
relBp,4.466666666666667,80,14,GTTACCCGAGGGTGGATGGT,66,3281551
relBp,5.933333333333334,102,14,GTGTGGAAGGAGTACCCATC,88,3293115
relBp,1.2,31,14,GTGGTTCGCCTACGTATCAA,17,3256549
relBp,3.2666666666666666,62,14,GTGGTACCCTCGGTAGTATT,48,3267942
relBp,0.13333333333333333,15,14,GTGGGGATTCTACTTCGGAA,1,3289443
relBp,3.6666666666666665,68,14,GTGGAATGAGTTTCAGTAGA,54,3279413
relBp,0.13333333333333333,15,14,GTGACGATATATGGCATCCC,1,3278162
relBp,2.533333333333333,51,14,GTCTCGGCGTACCTTAGCTT,37,3293664
relBp,2.8666666666666667,56,14,GTCGGCACTCTCACACAAGA,42,3270989
relBp,0.13333333333333333,15,14,GTCGATCACCACCATCAAGC,1,3280441
relBp,0.9333333333333333,27,14,GTCAGATGCATATCGGGAAC,13,3297671
relBp,2.0,43,14,GTCACCCCCGGGAGATCGCA,29,3282205
relBp,29.0,448,14,GTATTGCGGAGGGGCAAAGA,434,3279276
relBp,2.0,43,14,GGTTAGTGGCATAGAGTCTT,29,3271696
relBp,31.4,484,14,GGTCTGTCAGAGATATCCTC,470,3282170
relBp,4.333333333333333,78,14,GGTCGCCAGAACGTGCCTGA,64,3287655
relBp,0.2,16,14,GGGGCAGGTTCCAAGGCATT,2,3261281
relBp,2.2666666666666666,47,14,GGGCGATAGGGTAAGTGCTG,33,3299459
relBp,1.3333333333333333,33,14,GGGCAGGTCGGTTTACGGCA,19,3261184
relBp,4.866666666666666,86,14,GGGCACGCACTACCAGAGAG,72,3265610
relBp,0.3333333333333333,18,14,GGCTTCCCATGAAAATACAA,4,3287226
relBp,0.2,16,14,GGCTGTGCACAGAGCCCGCA,2,3263949
relBp,1.9333333333333333,42,14,GGCCCCAGTACGGTATCGGT,28,3258164
relBp,4.066666666666666,74,14,GGACTTTACGCAACTCTTAA,60,3280234
relBp,1.6,37,14,GCTTTTATCTCACATGGAAC,23,3278260
relBp,0.7333333333333333,24,14,GCTGCTTTGAGATGAGAAAA,10,3260401
relBp,3.2666666666666666,62,14,GCTGACCCAGGGCGCATGTA,48,3263135
relBp,0.13333333333333333,15,14,GCTATATCTGCTCCGAGGCT,1,3270368
relBp,1.6,37,14,GCGTGTGAGCGCAGAATGAG,23,3290465
relBp,3.066666666666667,59,14,GCGGGGGGTTAGATCCGTCA,45,3305171
relBp,5.133333333333334,90,14,GCGGATGCGCCTGTGCTAAA,76,3295357
relBp,2.7333333333333334,54,14,GCGATTAAACCGGTCGATAT,40,3268619
relBp,2.3333333333333335,48,14,GCGACCCGAACGCATGTGGT,34,3258309
relBp,0.26666666666666666,17,14,GCCTTTCTTTAAAAGGAGAT,3,3291861
relBp,3.4,64,14,GCCGCTCAATGATATGCAAC,50,3288277
relBp,8.466666666666667,140,14,GCAGGTGCGGGGGCGGTTAG,126,3288742
relBp,0.6,22,14,GCACGCTGGCAAGATCTCGG,8,3277182
relBp,0.8666666666666667,26,14,GCAACCCCTGTTGTGGTTAA,12,3283897
relBp,1.9333333333333333,42,14,GAGTCGTTGCAGGGTAGCAG,28,3281900
relBp,3.2,61,14,GAGAGTTCTAGATATCAAGC,47,3272109
relBp,1.4666666666666666,35,14,GACGCGTGCTCCAGCCCAAA,21,3301592
relBp,0.9333333333333333,27,14,GAAAGATAGTCGCAGGTTGA,13,3256912
relBp,1.4666666666666666,35,14,CTTTTCGATTTTGAGAGCTT,21,3284713
relBp,0.2,16,14,CTTTTCCGGTCACCGCGCGA,2,3284526
relBp,2.3333333333333335,48,14,CTTGCAAGCTCATGCTAACA,34,3307778
relBp,2.4,49,14,CTGTCCCACTTGGTAACGAC,35,3256694
relBp,0.2,16,14,CTGCCCGCCAGCGGAATGAA,2,3282112
relBp,1.9333333333333333,42,14,CTATCACTAGGGGTCTGCAA,28,3288877
relBp,0.8666666666666667,26,14,CTAATATATTCTGGAATGGT,12,3273694
relBp,1.5333333333333334,36,14,CGTTAACAGGTCTTGGGGGA,22,3258157
relBp,0.13333333333333333,15,14,CGTGCGCTAATGCGCAAGTT,1,3277103
relBp,0.26666666666666666,17,14,CGTCTGGGTGGGTGCGAATT,3,3292508
relBp,0.13333333333333333,15,14,CGTCGTTATGGGAGGGTTAG,1,3261142
relBp,2.1333333333333333,45,14,CGTCCAGATCGAACTCGATG,31,3294066
relBp,0.8666666666666667,26,14,CGTATCGATCGGCTTACAAC,12,3259497
relBp,1.8,40,14,CGGTTGCCAACCTTGCTATA,26,3306681
relBp,0.13333333333333333,15,14,CGGTATATATAGTTGAGAGG,1,3262364
relBp,1.0666666666666667,29,14,CGGTAGTAGTCCAGGAGTAT,15,3297881
relBp,1.3333333333333333,33,14,CGCTGGGAGACAAACATCGT,19,3305705
relBp,0.13333333333333333,15,14,CGCTAACAGCTGGAGGAATC,1,3267234
relBp,7.733333333333333,129,14,CGCATGCGAGCGCAGCCTTA,115,3301726
relBp,4.933333333333334,87,14,CCTAAGGCATAAAGCTGAAT,73,3301972
relBp,0.13333333333333333,15,14,CCGGTGATCAGAATTCGGAT,1,3280796
relBp,2.2666666666666666,47,14,CCGGGATCAACGCAGGAGTA,33,3275097
relBp,2.0,43,14,CCCTGGTCGTGATAGAAGAA,29,3292801
relBp,2.3333333333333335,48,14,CCCAAGCGTCACAAAACCGT,34,3273199
relBp,0.2,16,14,CCAGGTCTGGTCCACCCGAA,2,3300407
relBp,0.6666666666666666,23,14,CATGCTATTTAGAGGACTAT,9,3295781
relBp,1.2666666666666666,32,14,CATAGCTCCAAAGTCCGGCT,18,3294104
relBp,0.5333333333333333,21,14,CACTTATTAGCTCCAGGGTA,7,3287697
relBp,1.4666666666666666,35,14,CACATTATCGGAGTGGTAGC,21,3294654
relBp,0.13333333333333333,15,14,CACAGGCCCTTATCTTCCTT,1,3256786
relBp,0.4666666666666667,20,14,CAAGTGGGCAAGAGGCCTGG,6,3301100
relBp,0.13333333333333333,15,14,CAAGATCTTATCGGATGGTC,1,3291563
relBp,2.533333333333333,51,14,CAAAGTGCGGTAAAACGACT,37,3275786
relBp,0.3333333333333333,18,14,CAAACCGCGGAATGAGTCAC,4,3299924
relBp,1.7333333333333334,39,14,ATTTTCGCTGTCCGCGAACA,25,3287701
relBp,2.0,43,14,ATTCGTCAAGGTGATCGTAC,29,3273834
relBp,0.2,16,14,ATTCGGTCGAGTCAAGGCCA,2,3300088
relBp,4.933333333333334,87,14,ATGTCAGCGAGACAAGCTTT,73,3261810
relBp,4.4,79,14,ATGGCTGCTCTGATTACGCT,65,3265427
relBp,1.6,37,14,ATGGCTATTCTAGTCAGGGG,23,3304480
relBp,1.6,37,14,ATGGCAGCGGTACTTGATTA,23,3279111
relBp,2.7333333333333334,54,14,ATGCAGGACGGGCGCAGAGA,40,3299796
relBp,1.6,37,14,ATCGGAAGGATCTGGTATGA,23,3260243
relBp,1.6,37,14,ATCCCTCCCCCACCAGGCAA,23,3274141
relBp,3.6,67,14,ATCAGGATATGGTTTACGTA,53,3300420
relBp,1.2666666666666666,32,14,ATCACTATGATGCTTACTGC,18,3302113
relBp,3.3333333333333335,63,14,ATATTACGTCCCAAGTAGCT,49,3288418
relBp,0.7333333333333333,24,14,ATAAGGCCTCAGGGGCTCAG,10,3269573
relBp,0.6666666666666666,23,14,AGTTCGGCGGTAAGTCGTTC,9,3263104
relBp,2.466666666666667,50,14,AGTGTCCGCCCTGAACACGG,36,3297811
relBp,0.6,22,14,AGTGGCAGGGAATTGCGTAT,8,3304868
relBp,1.0,28,14,AGTAAGTGGGTTTCTATCGT,14,3290544
relBp,6.533333333333333,111,14,AGTAACCATTATGCACCCAT,97,3302742
relBp,2.066666666666667,44,14,AGGCAATATGGTAAAACGTC,30,3289237
relBp,0.9333333333333333,27,14,AGGAGGGCCACAGAGGTGCT,13,3306528
relBp,5.6,97,14,AGCTCTGGCTGGGTGCTAAA,83,3290873
relBp,0.4666666666666667,20,14,AGCGGTCCTTGTAATAAAAT,6,3276075
relBp,1.0,28,14,AGACTATTAGAATGTAATAC,14,3282893
relBp,3.066666666666667,59,14,AGACCTTGGACAGGCGCATT,45,3288927
relBp,8.733333333333333,144,14,AGACAGTGCCGAGCGTGTGA,130,3264086
relBp,1.1333333333333333,30,14,AGAAATCAGGGGTTCGCCGT,16,3270649
relBp,6.133333333333334,105,14,ACTCAGGACATCAGAAAGCC,91,3278409
relBp,0.13333333333333333,15,14,ACGGTTCTTATATTCTTTGG,1,3277467
relBp,3.6666666666666665,68,14,ACGGCCGAAGCGTGTAATGG,54,3308716
relBp,0.2,16,14,ACGCAATGACTCAATACTTA,2,3272553
relBp,4.6,82,14,ACCTCTCTCTTTAGGGGCAT,68,3270945
relBp,0.3333333333333333,18,14,ACCTCAGGGAGTGTCGGCAG,4,3275518
relBp,0.13333333333333333,15,14,ACCATACTGGGATTGGGCTC,1,3297769
relBp,0.7333333333333333,24,14,ACACGTTGGGTGGTGCGTGA,10,3299135
relBp,3.066666666666667,59,14,ACAAAATGAAGTGTGTGGTC,45,3256690
relBp,1.2,31,14,AATCAATTATAACTTCAGGT,17,3295448
relBp,2.3333333333333335,48,14,AAGACCTGCCGTCCCGGCCT,34,3298978
relBp,1.0666666666666667,29,14,AAGAAGTATCGAATCAAGAC,15,3287326
relBp,2.466666666666667,50,14,AAAAAACTTGTAACTGGCTG,36,3284406
relBp,0.7142857142857143,22,13,TTTCGTGATCCTGTTGAAAC,9,3282077
relBp,2.7857142857142856,51,13,TTTATTAATGTGACATGCTA,38,3286684
relBp,0.42857142857142855,18,13,TTTAGCTGAGGCGCTTTGGT,5,3274576
relBp,0.14285714285714285,14,13,TTGTGCAGCAATCATGCTCA,1,3296759
relBp,0.5,19,13,TTGGAAACGGGGGTGGGGCA,6,3278915
relBp,0.5714285714285714,20,13,TTGCGGTTTGCTGATCTGTG,7,3289852
relBp,0.14285714285714285,14,13,TTCGTTGTACGTGGTTTAGC,1,3278442
relBp,0.35714285714285715,17,13,TTCGCAGTGTCGTCCGCTAC,4,3264169
relBp,2.0,40,13,TTCGCACCGCGTCTCGGCGT,27,3297629
relBp,0.21428571428571427,15,13,TGTGGCAACTCTGAGGGTGC,2,3289792
relBp,5.214285714285714,85,13,TGTCTCATCGGGCCTTTCGG,72,3267802
relBp,1.2857142857142858,30,13,TGTCAACGTAGGTTTGAACT,17,3303675
relBp,2.7142857142857144,50,13,TGGTTCGTGTTCGGCGACAC,37,3260754
relBp,0.9285714285714286,25,13,TGGGTGATCGAAGGGTCAAT,12,3284764
relBp,1.0714285714285714,27,13,TGGATATTGGAACGCAGCGA,14,3301658
relBp,3.0,54,13,TGGACGAGGGTCAGGGGTAG,41,3264132
relBp,14.5,215,13,TGCCTGCCTCCCTCAAAGGT,202,3272110
relBp,10.357142857142858,157,13,TGCCAAAGCGTTTGAAACCT,144,3302504
relBp,1.2857142857142858,30,13,TGAGGCCGGACAAGAACCTA,17,3306380
relBp,0.14285714285714285,14,13,TGAGCTGTGGTAGGGCTGCT,1,3283290
relBp,2.357142857142857,45,13,TCTTAGATAGGTAGTCTTCC,32,3307998
relBp,1.9285714285714286,39,13,TCGTCTGTTTACGAGTAGGC,26,3270953
relBp,2.5714285714285716,48,13,TCGCCTGGACCGCAGACGCC,35,3292832
relBp,0.8571428571428571,24,13,TCGCCAGGGCCATGCGGCCC,11,3271377
relBp,2.857142857142857,52,13,TCGATTTATAGAGGCATTTG,39,3280200
relBp,2.357142857142857,45,13,TCGAATAAGGGAGAGACACA,32,3294795
relBp,0.14285714285714285,14,13,TCCATGATCCTGGTTTTCTT,1,3266187
relBp,0.14285714285714285,14,13,TCCAGCAAACCATCTCTAGG,1,3270378
relBp,0.2857142857142857,16,13,TCAGGGTCGCCGTGGGTTAT,3,3296100
relBp,0.6428571428571429,21,13,TCAATCCACCAATGCAGAAA,8,3287481
relBp,0.5714285714285714,20,13,TATTAAAACAGAACCGGCCC,7,3288322
relBp,0.7857142857142857,23,13,TATGCCGAGGTTTCTCGGGA,10,3275818
relBp,0.5,19,13,TATGATAGGATGAGGATGGA,6,3275809
relBp,1.7857142857142858,37,13,TATGATAACATGCCCCTATA,24,3260674
relBp,0.35714285714285715,17,13,TATAGCTGCTCGTTTTTTAT,4,3300749
relBp,1.0,26,13,TACCAGTTTTCTATGCCCCG,13,3289191
relBp,1.5,33,13,TAATGTGCACGGAGTTGTGA,20,3291824
relBp,1.8571428571428572,38,13,TAACGGCTACTGTGTGACTG,25,3270019
relBp,0.5714285714285714,20,13,TAAAATTGGGTGGGAGCAAC,7,3302091
relBp,2.2142857142857144,43,13,GTTGTCACGAGGCCCCATGA,30,3289813
relBp,0.14285714285714285,14,13,GTTGCGGATGCGGGGATTAT,1,3279650
relBp,1.0,26,13,GTTCTAGCTCGATAAATAAT,13,3297059
relBp,2.0,40,13,GTTAGCTTGCCCTAGTAAAG,27,3265570
relBp,1.3571428571428572,31,13,GTTACTGGGACCTGTGTGAT,18,3266027
relBp,0.7142857142857143,22,13,GTGTGGACCCCTGTCCTCCA,9,3261940
relBp,4.0,68,13,GTGGTTCGTGTCTAGTTCGA,55,3284710
relBp,11.285714285714286,170,13,GTCCCGGTGGCAAACATCGA,157,3266330
relBp,2.7857142857142856,51,13,GGTTTCGCAACAGCGGTCCC,38,3277642
relBp,0.8571428571428571,24,13,GGTGTCCCCGAACTCCTGTT,11,3294036
relBp,2.2142857142857144,43,13,GGTGTCCACTCAACACACAT,30,3285327
relBp,2.2857142857142856,44,13,GGTAATTGGTTGTTGAGCTA,31,3298457
relBp,13.357142857142858,199,13,GGGTTGGGCGAAGGACGGTA,186,3257426
relBp,1.0,26,13,GGGTAGCTTGGTTTATAGCC,13,3290144
relBp,0.9285714285714286,25,13,GGGGGGACGTAATCTGCCGA,12,3280740
relBp,0.21428571428571427,15,13,GGGCTGCGCTTATCTTGTTG,2,3287683
relBp,1.4285714285714286,32,13,GGGCGGCAACCGAGAAAACC,19,3301941
relBp,2.9285714285714284,53,13,GGGCCTAGCCACACCTTGAA,40,3301595
relBp,2.5714285714285716,48,13,GGGAGGTCGACCTGGTTCCG,35,3269683
relBp,0.5714285714285714,20,13,GGCGCTCCACCGTCTGAAGT,7,3299991
relBp,5.571428571428571,90,13,GGCGCCCGATTAAAATTCCA,77,3267196
relBp,0.35714285714285715,17,13,GGCACTACTCTGTACGGCCA,4,3307875
relBp,3.357142857142857,59,13,GGATTTAAACTCTTGACAAG,46,3288692
relBp,2.7142857142857144,50,13,GGATCATAGCCGTCCAAGGT,37,3279716
relBp,0.21428571428571427,15,13,GGAGCGAGCATTAGCCCTCC,2,3280572
relBp,1.2857142857142858,30,13,GGAGATAGTATGTACACAAT,17,3283768
relBp,0.42857142857142855,18,13,GGAATACCGCGCGGCGCTAA,5,3265148
relBp,4.5,75,13,GGAAGTGGAGTTTTGCATAT,62,3278389
relBp,3.5714285714285716,62,13,GCTTCGATAGCCCTCTGCTA,49,3287494
relBp,2.5,47,13,GCTGGAAAGCTTCGATACAA,34,3280689
relBp,2.2142857142857144,43,13,GCTATCCTTGAACCGAGGTA,30,3289110
relBp,0.5,19,13,GCTACTCTAACGGACGCGTC,6,3260938
relBp,3.642857142857143,63,13,GCTAAATCCCTAGTCCCATT,50,3291308
relBp,0.7142857142857143,22,13,GCGTCAAAGGACATGACAGA,9,3276582
relBp,1.9285714285714286,39,13,GCGGACTATGATCTCAAGCC,26,3262587
relBp,2.5,47,13,GCGATCATCCTACTCCCTTT,34,3294740
relBp,1.5714285714285714,34,13,GCACCTGACGGCTCCGGTAT,21,3270690
relBp,0.8571428571428571,24,13,GATTCGATTACGCACCAATG,11,3284596
relBp,3.142857142857143,56,13,GATGGGCATTAAACGGCAAA,43,3263274
relBp,0.7142857142857143,22,13,GAGTGGCTCAGCATCACAAT,9,3264142
relBp,1.6428571428571428,35,13,GAGGCAGGATCACATGATAG,22,3263875
relBp,1.0,26,13,GAGGATTCACAAGGTCGGAC,13,3272232
relBp,5.571428571428571,90,13,GAGCTCAGGGGCAGCCGGTA,77,3273789
relBp,1.5,33,13,GACTTCCGATATCTCTTGGG,20,3267449
relBp,1.3571428571428572,31,13,GACTCGCTAGGATTTCGAAA,18,3290238
relBp,0.14285714285714285,14,13,GACTAGAAGATATGATATTG,1,3289825
relBp,1.2142857142857142,29,13,GACGCAAGGGTAAAGGGTTC,16,3287572
relBp,6.285714285714286,100,13,GACGACTGTTGCGATATTGA,87,3279414
relBp,0.14285714285714285,14,13,GACCGTGGTCACCAAACCCG,1,3295010
relBp,3.642857142857143,63,13,GACAAAGAGGGCTTTTAAGG,50,3293530
relBp,0.5,19,13,GAAGTGGACTCCTGGCGTTC,6,3278662
relBp,1.2857142857142858,30,13,CTTGAACTCACTGAGTTCGT,17,3272608
relBp,2.9285714285714284,53,13,CTTAAGCCCTAGCTACATAA,40,3300092
relBp,2.9285714285714284,53,13,CTGGTTACTCTAGAAAATAG,40,3283001
relBp,0.21428571428571427,15,13,CTGGGTCAGATGCCGCAAAT,2,3292574
relBp,2.5,47,13,CTGAACAAACTTCGTACCAT,34,3291955
relBp,16.285714285714285,240,13,CTCGGTACCAAGGTCACGAA,227,3306679
relBp,0.14285714285714285,14,13,CTCCTACACCACTACACCAC,1,3288991
relBp,0.21428571428571427,15,13,CTATTCTGCAATACAGTAGG,2,3279012
relBp,3.5,61,13,CTATGTTTACTCCGTTTGAT,48,3296102
relBp,3.0,54,13,CTAGAGCACACTCGAAAGGA,41,3270475
relBp,5.357142857142857,87,13,CTACATCCGGGATTAGTAGC,74,3280619
relBp,0.35714285714285715,17,13,CTACACGGGGTACAGTTCTT,4,3277399
relBp,1.5,33,13,CTACACCCCTGAATGTAGGC,20,3271905
relBp,1.5714285714285714,34,13,CGTTCGAGGCCATAGACTTA,21,3271364
relBp,0.35714285714285715,17,13,CGGTAACATTGGACTTTAGA,4,3297235
relBp,3.142857142857143,56,13,CGGGGACCTGCTGGTTCTCT,43,3272548
relBp,2.9285714285714284,53,13,CGGCCATAGCCAGCGATGGA,40,3308810
relBp,15.571428571428571,230,13,CGGACGATAAATGAGTTGTA,217,3306198
relBp,0.35714285714285715,17,13,CGGACACAAGTATCATGCGG,4,3256540
relBp,0.5,19,13,CGGAATTAGATCTATAAAAA,6,3272845
relBp,2.2857142857142856,44,13,CGCTTTAACGGCCTATAATC,31,3303253
relBp,2.7857142857142856,51,13,CGCTGAAGGCGTTCGCACTG,38,3269892
relBp,1.2857142857142858,30,13,CGCCCTCCGGGGACTAATTA,17,3260216
relBp,6.0,96,13,CGATTGCACTCCCCCCTCGA,83,3298186
relBp,0.21428571428571427,15,13,CGATCACCGTGGAAGTTCCT,2,3284886
relBp,1.6428571428571428,35,13,CGAATAACTAAGGGGCAAGG,22,3271911
relBp,3.142857142857143,56,13,CCTTGGGGTAAGTGGGTGTT,43,3300561
relBp,0.21428571428571427,15,13,CCTTCGGTCAGCGGACCTTG,2,3277913
relBp,1.7857142857142858,37,13,CCTTAGTTTAGAGGCATTCG,24,3286572
relBp,1.3571428571428572,31,13,CCGGTATTGCGTCTCTGCTA,18,3277951
relBp,1.4285714285714286,32,13,CCCTTGCGCGCCATGCTTGG,19,3280268
relBp,0.9285714285714286,25,13,CCCAGATCTTACCGCAATAC,12,3266295
relBp,0.14285714285714285,14,13,CCACTAACCGAGTGGCGCTA,1,3287805
relBp,0.14285714285714285,14,13,CCAAGGTTGCTAGTATCAAT,1,3282559
relBp,2.142857142857143,42,13,CATTGCTTGCTGCACAGGTA,29,3264312
relBp,1.2857142857142858,30,13,CATTCCCGGGACTCTCTATG,17,3259818
relBp,5.285714285714286,86,13,CATAGCTCGTGAGGAGACTG,73,3284735
relBp,3.0714285714285716,55,13,CAGCTCGTCTGTAGACTTGA,42,3271605
relBp,3.9285714285714284,67,13,CAGATGTCCTGGTTATCCCT,54,3257695
relBp,1.0714285714285714,27,13,CAGAAGGTGTGACGCCGGAG,14,3281489
relBp,2.857142857142857,52,13,CACGGTAGGGCTCAGGCAAT,39,3277386
relBp,4.214285714285714,71,13,CACCTAGGGGCCACTGTCTT,58,3292317
relBp,0.14285714285714285,14,13,CACAGTAATCAAAGAGTAAC,1,3260012
relBp,1.0714285714285714,27,13,CAAGCATAGAACCGAGGAAT,14,3273525
relBp,3.0,54,13,CAAAGTACGTACTACACTGG,41,3306913
relBp,0.6428571428571429,21,13,ATTATGTATTCGTGAGTGAC,8,3275667
relBp,0.2857142857142857,16,13,ATGGCAGCTTGAGAGGACTA,3,3278605
relBp,7.071428571428571,111,13,ATGAATTTTATATCTTTGCC,98,3306256
relBp,0.14285714285714285,14,13,ATCAAAGAAACCGGATGTCA,1,3303734
relBp,0.14285714285714285,14,13,ATACACGTGTTAAAAGCGCT,1,3270024
relBp,0.14285714285714285,14,13,ATAAGCGGGTACCTGACCCA,1,3287222
relBp,1.2857142857142858,30,13,ATAAAGAGAAAAGTAGTCGG,17,3292608
relBp,2.5,47,13,AGTCCGCATCGATCGAAGCA,34,3284738
relBp,0.2857142857142857,16,13,AGTACGATTCCTAGTAGTTC,3,3275291
relBp,3.5,61,13,AGTAAGTCAAAAGCGCGCTA,48,3260400
relBp,0.42857142857142855,18,13,AGGTGCCCCCGAAATGGATT,5,3284017
relBp,0.5714285714285714,20,13,AGGGTACGGTGTATAGCTCC,7,3261983
relBp,4.5,75,13,AGGGGTGACAGCGCCCCTAT,62,3294930
relBp,0.14285714285714285,14,13,AGGCGTGGGGGGGCGACAGT,1,3299914
relBp,0.42857142857142855,18,13,AGGCGTACCGTCCGTTTTTT,5,3275956
relBp,3.2142857142857144,57,13,AGCGAACTGTGCAATTAGTA,44,3271333
relBp,0.14285714285714285,14,13,AGCCGGACTTGTTCTTCTGC,1,3258720
relBp,0.2857142857142857,16,13,AGCACATTTACGGCAGGGAA,3,3298537
relBp,1.8571428571428572,38,13,AGACACCTGAGACCGTCTCA,25,3256955
relBp,3.2142857142857144,57,13,AGAAAGGCATGGGGTGGCAT,44,3263287
relBp,0.21428571428571427,15,13,ACTGTTAGGTTGGGACAGAC,2,3266600
relBp,0.14285714285714285,14,13,ACTGAAGCGGCTAGTATGAT,1,3258062
relBp,1.5714285714285714,34,13,ACGGCGCTAGCCACTGTAAT,21,3275694
relBp,1.0,26,13,ACGCCTACGCACAGACTTTT,13,3288341
relBp,0.6428571428571429,21,13,ACCCGAGGATTAGATATTTG,8,3292725
relBp,0.14285714285714285,14,13,ACCCCCTTTACCATGGGGAT,1,3289984
relBp,0.5714285714285714,20,13,ACCCCCGTGTATTGGCGATT,7,3294101
relBp,1.5714285714285714,34,13,ACCAGGTAGTTTAAGAAGGC,21,3285303
relBp,5.214285714285714,85,13,ACCAGACTCAGCTGTGGAGC,72,3276273
relBp,1.2857142857142858,30,13,ACAGAGATTTCTGGAATCAA,17,3275700
relBp,1.8571428571428572,38,13,ACAATTACAGCGATTTTGAT,25,3295322
relBp,1.6428571428571428,35,13,AATGGACCCGTCTATTTAAA,22,3299105
relBp,0.14285714285714285,14,13,AATCTACGTTTATGGCGATC,1,3265811
relBp,2.2857142857142856,44,13,AATAGGGGGCTTCCGCTGTA,31,3303383
relBp,2.142857142857143,42,13,AATACTGCTCTTTTATCTTT,29,3282373
relBp,0.14285714285714285,14,13,AAGGGCCGCAGACGTTAAAC,1,3290220
relBp,2.357142857142857,45,13,AAGGCCTTCGGTGAGTAACT,32,3273442
relBp,1.0714285714285714,27,13,AAGCGTTATAGTAGTCGCGT,14,3263789
relBp,0.14285714285714285,14,13,AAGCACAGTTCAGGTATGTC,1,3260173
relBp,0.7857142857142857,23,13,AACGCTGTAGGAGCTAACGT,10,3272720
relBp,1.5714285714285714,34,13,AACCCAATACCCGTCATGTG,21,3299614
relBp,5.857142857142857,94,13,AAATCGCGCAAGATAGAGCA,81,3263605
relBp,0.21428571428571427,15,13,AAACCCTCTGCACCGTTATA,2,3264039
relBp,0.5384615384615384,18,12,TTTTTCCCGCCTCGATAGAG,6,3294332
relBp,0.23076923076923078,14,12,TTTTCGTAAACTTCGCATAG,2,3258587
relBp,2.4615384615384617,43,12,TTTTCGGCCCGCGTCTAAAG,31,3283662
relBp,1.2307692307692308,27,12,TTTAGTTTAGCACTCCTCGA,15,3271646
relBp,4.0,63,12,TTGGCCCTGATTGTTGTGAT,51,3295052
relBp,1.7692307692307692,34,12,TTATTCGCGGTTAACACAAG,22,3277857
relBp,3.6153846153846154,58,12,TGTTGTGTGGGCGAATGCTG,46,3270397
relBp,3.0,50,12,TGGGCATGTCCTCCTTGGCA,38,3258103
relBp,1.6153846153846154,32,12,TGGCTCAATGGGCCATTGGT,20,3292021
relBp,0.5384615384615384,18,12,TGCGGACACGCGTGGCAAGT,6,3280343
relBp,0.15384615384615385,13,12,TGATCATAGTCAGGTGCCCG,1,3270905
relBp,5.384615384615385,81,12,TGAGCTATGAAAGATTAGGT,69,3308474
relBp,0.9230769230769231,23,12,TGACAGCCTTCCTACGCGGT,11,3264041
relBp,1.8461538461538463,35,12,TGAAATTAATAAAAGAGTTG,23,3287605
relBp,4.6923076923076925,72,12,TCTGCTGAAGTACCGTTTCT,60,3305208
relBp,0.38461538461538464,16,12,TCTACTTAAACTGTTAGAAC,4,3256842
relBp,4.846153846153846,74,12,TCGGGACTCCGGTTATTAGT,62,3276247
relBp,2.3076923076923075,41,12,TCGATGCGGAACTGTGCAAA,29,3278148
relBp,31.153846153846153,416,12,TCGATATACCCAGGGTACTG,404,3270545
relBp,1.5384615384615385,31,12,TCCACCCCTCCGGAACCTCA,19,3275327
relBp,0.3076923076923077,15,12,TCATTCATGAAGGCCATGGT,3,3283796
relBp,2.1538461538461537,39,12,TCATATCACGGTAGCTACTT,27,3270808
relBp,0.23076923076923078,14,12,TCACTTGAGCAATTGGTTTC,2,3279103
relBp,2.4615384615384617,43,12,TATTTGTAACACTGCTAGCA,31,3264134
relBp,1.7692307692307692,34,12,TATTGTATTTTATCCATGTA,22,3265343
relBp,3.4615384615384617,56,12,TATGCTTAAACGAAGAATGG,44,3306306
relBp,1.0769230769230769,25,12,TATGAAGCGTGATGTGCCCT,13,3265486
relBp,0.15384615384615385,13,12,TATCCAAGCGATGGTGCACA,1,3259843
relBp,0.6153846153846154,19,12,TATATTGGCTCGCCCGAGAG,7,3269844
relBp,2.3846153846153846,42,12,TAGGCAGCTCCCGATCAACA,30,3258203
relBp,0.5384615384615384,18,12,TAGCCCGCACGAAGTTACAC,6,3264930
relBp,4.3076923076923075,67,12,TACGTAGTACAATTCGCAGG,55,3275120
relBp,1.2307692307692308,27,12,TACGCGGTCAGACCGACTAG,15,3274924
relBp,4.461538461538462,69,12,TAAGTGGAAAAACGAATTCA,57,3262754
relBp,0.46153846153846156,17,12,GTTCGCGTCTGCTCCTCACA,5,3307934
relBp,3.4615384615384617,56,12,GTGCCAGAAATCACCCAAGC,44,3291601
relBp,0.46153846153846156,17,12,GTGCATGACATGGCTATCTC,5,3283867
relBp,0.9230769230769231,23,12,GTGATTACACCACACTCGAT,11,3270580
relBp,0.46153846153846156,17,12,GTGAATTCACGCCTGGTTGT,5,3299274
relBp,34.0,453,12,GTCTTTGCGTGCTCGATACG,441,3300572
relBp,0.38461538461538464,16,12,GTCTTCCTACATTGAACCCA,4,3257999
relBp,2.3846153846153846,42,12,GTCCGGTATTACCGTCTTGC,30,3274114
relBp,0.6153846153846154,19,12,GTATTAAATCTTCGCCCTAT,7,3288695
relBp,1.0,24,12,GTACGGAGTTAATTGGGGTA,12,3270271
relBp,0.6153846153846154,19,12,GGTTAACATTCGGATGGTTA,7,3257691
relBp,0.15384615384615385,13,12,GGTTAAATTGTCTGACTTTC,1,3287360
relBp,4.769230769230769,73,12,GGTCCGGAAAGCTCTGCTAC,61,3272450
relBp,0.15384615384615385,13,12,GGTATCTCAGTGACATGGAT,1,3307539
relBp,11.538461538461538,161,12,GGTAGTCTTGTCCTTCTATT,149,3287948
relBp,2.1538461538461537,39,12,GGGTACTTGGTCACGGATGC,27,3275358
relBp,0.9230769230769231,23,12,GGGGCGGCTGGGGTGAGCAA,11,3265039
relBp,19.846153846153847,269,12,GGGAAAAAGACAGGAGGTGG,257,3277313
relBp,1.4615384615384615,30,12,GGCTGTGGATCTCAAGCAAG,18,3274498
relBp,2.230769230769231,40,12,GGCGCGCATAGGGCATCGAT,28,3301888
relBp,3.3076923076923075,54,12,GGCATTCCTTGCAGCGTGAT,42,3271665
relBp,2.076923076923077,38,12,GGCATCTCTAGTGCTCTTTC,26,3267316
relBp,0.6153846153846154,19,12,GGCAGTGGGTCATATAGACT,7,3280091
relBp,0.15384615384615385,13,12,GCTCTGTATTGTACTTCCCA,1,3290379
relBp,1.6153846153846154,32,12,GCTCGCTTTTCAGTGGTTGT,20,3301784
relBp,0.38461538461538464,16,12,GCTCGCGGATCCCCTATGCA,4,3288945
relBp,0.46153846153846156,17,12,GCTATACTGATGAAATCTTG,5,3294397
relBp,4.846153846153846,74,12,GCGGTCATTATAACCCCCCA,62,3283354
relBp,2.4615384615384617,43,12,GCGGAAATCGCCAGCCACAC,31,3288409
relBp,6.615384615384615,97,12,GCGCTACGACGGTTTTCGAA,85,3263087
relBp,4.923076923076923,75,12,GCGATGACTGCATTGTTCGG,63,3263359
relBp,3.0,50,12,GCCTCCCAGTAGCTTATGCT,38,3294061
relBp,12.692307692307692,176,12,GCCGGATCGTATTCAACTCG,164,3292796
relBp,3.3076923076923075,54,12,GCCGCTATTCGTTTATATAA,42,3298626
relBp,2.0,37,12,GCCAACAGGTATATACCGGC,25,3257329
relBp,1.9230769230769231,36,12,GCATAAGATTTAGGACATGA,24,3281632
relBp,1.0,24,12,GATTGTGTTCTGCACTACAC,12,3307631
relBp,0.23076923076923078,14,12,GATTAGCTCCGAAAACGCGT,2,3267235
relBp,4.3076923076923075,67,12,GATGGCTAGTGATTGTCCGA,55,3265395
relBp,3.6923076923076925,59,12,GAGCGTAACAGCAACTTTTT,47,3275014
relBp,1.0,24,12,GAGCAGTACTCATCAGGCAG,12,3272235
relBp,1.6153846153846154,32,12,GACTGTGTTGATGGTTTACT,20,3280090
relBp,3.230769230769231,53,12,GACTACGTTAAATGTGTTGC,41,3296403
relBp,2.923076923076923,49,12,GAAGGGAAAATGAGCGAACT,37,3278527
relBp,0.6153846153846154,19,12,GAAATTATGATTTAACAGGT,7,3274409
relBp,4.3076923076923075,67,12,CTTTTGGTGGAATCTTCTGG,55,3302467
relBp,3.6153846153846154,58,12,CTTCTATTTGATAGTCTGGC,46,3304004
relBp,0.15384615384615385,13,12,CTTCCGTGAAAAGACCAATG,1,3296371
relBp,1.0,24,12,CTTATTTGATGACATATCGT,12,3271142
relBp,1.9230769230769231,36,12,CTTAAAATAACCCGCTTAAA,24,3257925
relBp,4.153846153846154,65,12,CTGTTCTAAATAGGGAGCGT,53,3287396
relBp,1.0,24,12,CTGTCGATCCTAATTCTGGT,12,3277363
relBp,1.3076923076923077,28,12,CTCTCGGACGTAGCGGGATT,16,3305677
relBp,0.23076923076923078,14,12,CTCGCAATCTGTGTCCTCGG,2,3303400
relBp,0.46153846153846156,17,12,CTCGAAGAGAGATCTTGGCA,5,3285998
relBp,2.769230769230769,47,12,CTAGACGGGACGCGGTTTTA,35,3305467
relBp,2.0,37,12,CGTAAACGACCGAACATCCT,25,3284332
relBp,1.2307692307692308,27,12,CGGGGCGCGCCAACTAATGA,15,3258715
relBp,0.23076923076923078,14,12,CGCGGAGTTTCATGTGCATC,2,3261539
relBp,0.38461538461538464,16,12,CGCGCCACTGACCGGCGGAC,4,3276228
relBp,2.5384615384615383,44,12,CGAATCATGACCACTAACGG,32,3305033
relBp,2.3076923076923075,41,12,CCTTTCTTCAACATATCAGA,29,3261547
relBp,2.1538461538461537,39,12,CCTTCCAGGTGCGCCACAAT,27,3292308
relBp,2.0,37,12,CCTTATTGGCCTCCGGTTTC,25,3297365
relBp,1.1538461538461537,26,12,CCTCTCGATACGCGATAAGT,14,3265815
relBp,1.9230769230769231,36,12,CCTCCGAATTGGTAAGTCAT,24,3278911
relBp,3.076923076923077,51,12,CCTCAATCATTGACTAATCT,39,3266597
relBp,0.6153846153846154,19,12,CCGGCTTATGCGGTAGCGTG,7,3259025
relBp,1.9230769230769231,36,12,CCGCCGAAGCCGATCCACGT,24,3283655
relBp,4.615384615384615,71,12,CCGATAGCGCGGCTTGGTGC,59,3280119
relBp,2.6923076923076925,46,12,CCCTCTGGTCGAGTGTAGCA,34,3290672
relBp,2.076923076923077,38,12,CCCGGTCAAGTAGGAATTCA,26,3307988
relBp,2.0,37,12,CCAACTCCTACGACTTTTTA,25,3271551
relBp,1.3846153846153846,29,12,CAGATGATTTGTGGTGCGGT,17,3306244
relBp,1.5384615384615385,31,12,CAGAGTTCTCGGCCATGGAC,19,3304807
relBp,0.6153846153846154,19,12,CAATTTCGTCACTACGTCAG,7,3293513
relBp,1.3076923076923077,28,12,CAATTGTGGGTTAAGCGGTG,16,3284156
relBp,0.15384615384615385,13,12,CAATTGCTTATCCCGTAAGA,1,3295685
relBp,0.6923076923076923,20,12,CAAGTGCGGGATAGAAGGTC,8,3288487
relBp,2.0,37,12,ATTGCTCTTTATGTCTCATA,25,3269639
relBp,3.5384615384615383,57,12,ATTCTACCTAGGACGAGCAG,45,3288438
relBp,1.8461538461538463,35,12,ATGCTTCGTCGTGACGCACA,23,3294937
relBp,5.538461538461538,83,12,ATGCATAAGCGATTCGGCAT,71,3299629
relBp,8.846153846153847,126,12,ATCAGTTCATTAAGTCTATG,114,3257699
relBp,3.3076923076923075,54,12,ATATGGCATTGTACGAGTTA,42,3278405
relBp,0.15384615384615385,13,12,ATAGGCAGTATAAGTAGGGT,1,3259844
relBp,0.15384615384615385,13,12,ATAATCTGAGTACCCCAGGC,1,3259655
relBp,2.1538461538461537,39,12,AGGGCCAGTCGTTCCAGACA,27,3303932
relBp,0.15384615384615385,13,12,AGGAGTCCCCAGCCAACAAG,1,3273254
relBp,3.076923076923077,51,12,AGCGATTTTTGTCCCGGGCA,39,3306261
relBp,0.15384615384615385,13,12,AGCATTCAATTGAGGCCAAG,1,3285461
relBp,15.153846153846153,208,12,ACTTTGGTGGACGGCTTACT,196,3267913
relBp,0.38461538461538464,16,12,ACTGCAAGAGTAAGTACTCA,4,3262440
relBp,2.3846153846153846,42,12,ACTGAGGCACAGCTATCGAA,30,3294037
relBp,0.8461538461538461,22,12,ACGTTTTTTAAGATGACTGT,10,3295903
relBp,0.8461538461538461,22,12,ACGTTAGCAGCGCGTGGCCC,10,3286339
relBp,2.4615384615384617,43,12,ACGCCACACAGTACCTTATC,31,3258609
relBp,1.2307692307692308,27,12,ACCGGGTCGGGTTGTGCGTT,15,3288080
relBp,1.5384615384615385,31,12,ACCGACAGTTGCATCTGTTT,19,3264781
relBp,7.846153846153846,113,12,ACCCCTGGCGGCACAATCGC,101,3280782
relBp,1.2307692307692308,27,12,ACCCATATCTTCAAACGGGC,15,3256311
relBp,0.15384615384615385,13,12,ACCCACCTACTAAGCCGTAC,1,3276118
relBp,0.23076923076923078,14,12,ACATGTCGGTGATCCTATGG,2,3271205
relBp,6.615384615384615,97,12,ACACTCAGCTTGATCGGCGT,85,3302153
relBp,0.38461538461538464,16,12,AATTTCACCCGGCCTAGCGA,4,3257272
relBp,0.23076923076923078,14,12,AATTGAGACATTATTGGTAT,2,3262075
relBp,0.23076923076923078,14,12,AAGTTGCCCCTCCTCGCTTT,2,3258158
relBp,3.076923076923077,51,12,AAGGTTGTCGCTGCCAAGCA,39,3292048
relBp,0.3076923076923077,15,12,AAGCCTCCTAGGAACGCTAA,3,3275092
relBp,0.15384615384615385,13,12,AACTCGGGTCATGTGCTGCT,1,3256514
relBp,0.15384615384615385,13,12,AAAGTTGGATCCTGGGACAC,1,3299208
relBp,3.076923076923077,51,12,AAAGTCCGATGTGTAGATCG,39,3302886
relBp,2.6666666666666665,42,11,TTTCGGACTTCGGTGAACCC,31,3287765
relBp,2.3333333333333335,38,11,TTTCCCGTGAGTCCTCGACC,27,3260224
relBp,0.25,13,11,TTTCATTAAACTTTGGGTTA,2,3280832
relBp,0.3333333333333333,14,11,TTGGGTCGCTGCCAAGAAGA,3,3293403
relBp,0.9166666666666666,21,11,TTGCATGTGGTGATGCGGGT,10,3294904
relBp,3.8333333333333335,56,11,TTGATTTAGCTCATCGGTTC,45,3289353
relBp,0.3333333333333333,14,11,TTGACTTATATGCCTCCAGT,3,3267166
relBp,0.5833333333333334,17,11,TTGACAGCTATCTAGCTTCC,6,3298448
relBp,0.25,13,11,TTCTGGTACGCAGTAATACA,2,3275360
relBp,2.0833333333333335,35,11,TTCATTGTTAAGCAATCGGC,24,3280123
relBp,2.8333333333333335,44,11,TTCATGTAAAATGAAAAGTA,33,3284403
relBp,3.5,52,11,TTAGGATTCGGTTTGCATCG,41,3300001
relBp,1.1666666666666667,24,11,TTACTCAACTACCGCTGAGG,13,3278913
relBp,1.5833333333333333,29,11,TTAACAGCCCTAAGATCGTC,18,3296995
relBp,0.16666666666666666,12,11,TGGTTACACGGGAATATAAT,1,3275528
relBp,2.0,34,11,TGGGGGTGCTTCGCCACGCC,23,3286681
relBp,2.1666666666666665,36,11,TGGCGACCTTCGGAGGGATA,25,3295160
relBp,0.25,13,11,TGCTCGGGCTGTGGCCGTTT,2,3292169
relBp,3.75,55,11,TGCTCAGTATAAAGACCTGT,44,3262589
relBp,0.16666666666666666,12,11,TGCAATAAATTCCGCTGAGA,1,3259984
relBp,0.16666666666666666,12,11,TGATGTTGCGCGCCTATTTC,1,3273318
relBp,0.9166666666666666,21,11,TGACCCAATCCCTGGTCAGG,10,3279999
relBp,5.833333333333333,80,11,TGAACGTCTTTCTGTAACAG,69,3289262
relBp,2.5833333333333335,41,11,TGAACCGTTTGCTAGCGGGA,30,3292237
relBp,3.6666666666666665,54,11,TCTGCTGCGCGTTATTCACT,43,3264969
relBp,3.1666666666666665,48,11,TCTAACGTACGCTCTGTCAG,37,3276189
relBp,6.833333333333333,92,11,TCGTAGGGTAAGAGCGCAAG,81,3287132
relBp,5.25,73,11,TCGTAACTGTCGCCGTGAGT,62,3275878
relBp,0.5833333333333334,17,11,TCCTGGAAGCGGAGTTTCGC,6,3274508
relBp,0.16666666666666666,12,11,TCATGGTCAAATGGAGACAT,1,3256542
relBp,1.4166666666666667,27,11,TCAGGCATCTTGCTCAGCTC,16,3265744
relBp,2.8333333333333335,44,11,TCAGATCCCTTATTCATAAG,33,3294464
relBp,0.25,13,11,TCACTAGAATCAGCTCCCTG,2,3295651
relBp,0.16666666666666666,12,11,TCACACTTCTTAGTTTCACA,1,3274367
relBp,1.75,31,11,TCAATATCCGAGTCTTCTTG,20,3256953
relBp,0.16666666666666666,12,11,TCAACGGATTAGTATGGTCA,1,3280317
relBp,11.5,148,11,TATGCCTGTCGCTACACCAC,137,3297662
relBp,0.25,13,11,TATCCCGAGCACGCGCGGGT,2,3285872
relBp,1.3333333333333333,26,11,TAGGACTACGACTTCTCCAA,15,3277131
relBp,0.5,16,11,TAGCGTCATTTCGGAATTTA,5,3261857
relBp,56.833333333333336,692,11,TAGCGTCAGCTCCTTGAGTC,681,3288774
relBp,1.5,28,11,TAGCAAAAGAACGTCAAATG,17,3273333
relBp,1.1666666666666667,24,11,TACTTAGGCCCCAAGAGCCA,13,3258754
relBp,0.16666666666666666,12,11,TACCAGTTATGTAACAGTTG,1,3278049
relBp,2.0833333333333335,35,11,TAACCAGCCACACCTTCGAA,24,3275867
relBp,4.333333333333333,62,11,TAAATTGTGCCGCCTTGATT,51,3302036
relBp,0.5833333333333334,17,11,TAAACGAATGCACCGACTCT,6,3287624
relBp,0.6666666666666666,18,11,GTTTGGGCGAATACCTCACG,7,3290985
relBp,0.16666666666666666,12,11,GTTTAGCATTTATCTGCATA,1,3275622
relBp,0.5833333333333334,17,11,GTTATAGAGACAAAGATACA,6,3303451
relBp,1.5,28,11,GTTACTCTTGTAAATCTCCT,17,3276343
relBp,1.0833333333333333,23,11,GTGCTTCATTGCACTTAGTC,12,3264269
relBp,5.666666666666667,78,11,GTGAAGACTTTCGTCTAACA,67,3271192
relBp,0.3333333333333333,14,11,GTCTCCGCCGGGTTGGTAGG,3,3278635
relBp,0.4166666666666667,15,11,GTCGGCTGCAAAATGGTTTG,4,3295096
relBp,2.75,43,11,GTCCTTACACAGCAACAATT,32,3291388
relBp,1.25,25,11,GTCCGAGCTATAGATAGTAT,14,3277401
relBp,1.1666666666666667,24,11,GTCATGGACGTTTATTGCGG,13,3275958
relBp,3.5,52,11,GTCAGGTTGACTGCTGTTGT,41,3301524
relBp,0.16666666666666666,12,11,GTATAACGAATCATACCTTC,1,3274756
relBp,1.75,31,11,GGTGAATATTACCCTGATCT,20,3276071
relBp,0.16666666666666666,12,11,GGTACATGGCTGGCCTTAAC,1,3269510
relBp,0.6666666666666666,18,11,GGGTGCATGTAGTGGGTTCA,7,3258406
relBp,9.0,118,11,GGGCACTGCTCTAAATAATT,107,3292330
relBp,1.6666666666666667,30,11,GGGAAAAGCTCGGGGATTGG,19,3271275
relBp,1.4166666666666667,27,11,GGCTCGTGTGATCGCTGAAT,16,3285763
relBp,0.16666666666666666,12,11,GGCTCCAAGACTACCCTATT,1,3268979
relBp,0.3333333333333333,14,11,GGCACGACGCCCTTTTGTCT,3,3268218
relBp,2.5833333333333335,41,11,GGAGGTCTGGGTCGGGTCAA,30,3272491
relBp,3.6666666666666665,54,11,GGAGATTGCGGTCATCCAAA,43,3274326
relBp,1.1666666666666667,24,11,GGAGAGTAACCAGGCACGTG,13,3284338
relBp,5.916666666666667,81,11,GCTCCTAGAAGCCTCGCGTG,70,3289255
relBp,0.16666666666666666,12,11,GCTAGGATTCCCAAACCCAA,1,3284230
relBp,0.5833333333333334,17,11,GCGTGGAGAGTCGGGCTCGA,6,3302671
relBp,1.9166666666666667,33,11,GCGTAGGAGGCAGCCCCGGA,22,3258611
relBp,3.25,49,11,GCGGTTTGCGGTGTGGATAA,38,3292736
relBp,7.0,94,11,GCGAGGGCGAAGGGTACTAT,83,3286980
relBp,2.75,43,11,GCCTTGTATGTTCATTCGGA,32,3278228
relBp,1.9166666666666667,33,11,GCCTCCGTATAGCACTTTCA,22,3287030
relBp,5.916666666666667,81,11,GCAACCCCTGCTGGCAGCGC,70,3297507
relBp,0.16666666666666666,12,11,GATTTGCAAACCGAAATCAG,1,3263018
relBp,6.333333333333333,86,11,GATCTAGCACTAGAACTGCC,75,3281806
relBp,1.4166666666666667,27,11,GATCCACAGGCTATTACTGT,16,3286263
relBp,1.1666666666666667,24,11,GAGTGTGACAGGACCGGGTG,13,3272510
relBp,0.16666666666666666,12,11,GAGCGGGAAATTCTTCAAAG,1,3256628
relBp,0.8333333333333334,20,11,GAGAATACGTGATTAACCAC,9,3303429
relBp,2.75,43,11,GAGAACCAGTACACACTCTG,32,3268214
relBp,12.5,160,11,GACTCTGGCTCTCGTAGTGA,149,3266787
relBp,1.1666666666666667,24,11,GACGCAGAGTGCAAATATAC,13,3302765
relBp,2.8333333333333335,44,11,GACCGATGACGTACATGAGA,33,3285864
relBp,1.1666666666666667,24,11,GAATGGACGTCAACGGCCGC,13,3272341
relBp,1.5833333333333333,29,11,GAAGGAATCACTATTACACA,18,3258600
relBp,3.25,49,11,GAAATACGGGCTGCGTGACA,38,3293741
relBp,0.4166666666666667,15,11,GAAACGCGTGTCACGTATAT,4,3280264
relBp,2.4166666666666665,39,11,CTTTGTATAGTTCGCGAGGG,28,3286928
relBp,0.6666666666666666,18,11,CTTTGTAGGATTCATGTATG,7,3257015
relBp,0.5833333333333334,17,11,CTTCGTAGAACTCTAGGGAT,6,3286176
relBp,3.25,49,11,CTGTAACAGCCAATGTTGGA,38,3293575
relBp,1.6666666666666667,30,11,CTGGATGCAGCTATCAAAGT,19,3268249
relBp,0.75,19,11,CTCAGCCCCAAGCACCTAGT,8,3285462
relBp,3.5,52,11,CTATCTGCCGGCACAGACGA,41,3263185
relBp,6.083333333333333,83,11,CTAGTGGCTGCGGCTGGGGT,72,3292811
relBp,1.6666666666666667,30,11,CTACGGTTTGTCCTAGCGGA,19,3297509
relBp,2.9166666666666665,45,11,CTACAACTGACCGCTTATGA,34,3267308
relBp,3.5,52,11,CGTTTAGTGTACTACCATGA,41,3298564
relBp,3.3333333333333335,50,11,CGTTTAGCAAGTCTTCTTCT,39,3307391
relBp,0.16666666666666666,12,11,CGTCAAACTAACTTTGCCTA,1,3280484
relBp,2.25,37,11,CGTCAAAAGTATTTCGGCCA,26,3283973
relBp,5.666666666666667,78,11,CGTAGAACGTGCATCCCAAC,67,3271478
relBp,3.8333333333333335,56,11,CGGTCCTAGACGCTACTATA,45,3298659
relBp,2.1666666666666665,36,11,CGGGTCTTGGGCGATGGATG,25,3283064
relBp,2.3333333333333335,38,11,CGGGACTGCCCAACAAATGT,27,3266414
relBp,1.25,25,11,CGGAAAAGCAATACCCATGA,14,3304791
relBp,0.6666666666666666,18,11,CGCGATGAACCTTTACGAGA,7,3287108
relBp,0.5,16,11,CGAGGGAGATTCTTTCAATA,5,3258540
relBp,5.75,79,11,CGAATTCACCTATGATGCTC,68,3273926
relBp,0.4166666666666667,15,11,CGAATGTTCTCGGGTGTAGT,4,3278085
relBp,0.16666666666666666,12,11,CCTAGAACAGTCTACGCGCG,1,3304293
relBp,1.4166666666666667,27,11,CCTAACCTAGGAGTCCATAC,16,3298764
relBp,0.5833333333333334,17,11,CCGGGCACTCTTAATCAAAC,6,3273071
relBp,0.16666666666666666,12,11,CCGAGGATGACTAGGGGCCT,1,3278536
relBp,1.75,31,11,CCGACCGTAGCGACCACTGA,20,3294656
relBp,0.5833333333333334,17,11,CCGACACACCTTCAACAGGT,6,3271666
relBp,0.16666666666666666,12,11,CCGAAGTATCATCCGAACGA,1,3263012
relBp,2.0,34,11,CCCTAATTATATACGAGTTC,23,3289775
relBp,3.1666666666666665,48,11,CCCGGGCCTGGGCTTCTGTT,37,3289447
relBp,1.6666666666666667,30,11,CCCAATATGGGAGTTTTTCA,19,3292613
relBp,2.0,34,11,CCATGATGTTTACACTCCAT,23,3302508
relBp,0.25,13,11,CCAGTTATTGAATCCGGTTG,2,3302440
relBp,15.25,193,11,CCAAGCCGCTGTCGTCATTA,182,3264802
relBp,3.0833333333333335,47,11,CATTCATCAGATCGGCGGTT,36,3297519
relBp,0.5833333333333334,17,11,CATATTTGAGTTTATATTAT,6,3299409
relBp,0.6666666666666666,18,11,CAGTGGATGAGCTTTTTAGG,7,3278042
relBp,2.0833333333333335,35,11,CAGGGTAACCGTTAAAAAGA,24,3286671
relBp,2.6666666666666665,42,11,CAGGGACCAAATCGGAGCCC,31,3273100
relBp,0.4166666666666667,15,11,CAGCAAGCTAAGCGGGGTAG,4,3261941
relBp,7.5,100,11,CACTGAGCGCAACGTATACT,89,3257044
relBp,6.666666666666667,90,11,CACCTGAGCTCCAGCGTCAA,79,3283421
relBp,1.9166666666666667,33,11,CACCGATAAATCATGTTCTT,22,3283156
relBp,0.16666666666666666,12,11,CAACTTAGAAGCTCCGGTTT,1,3260777
relBp,0.5,16,11,ATTTATCTTCCCTCCCGGAC,5,3297644
relBp,2.4166666666666665,39,11,ATTTAGGTCGTGGAGTCGAT,28,3283695
relBp,2.4166666666666665,39,11,ATTGTGCAGAGAAGTGCTCC,28,3276333
relBp,3.75,55,11,ATTGCGAGGTTCACCACACT,44,3290645
relBp,0.16666666666666666,12,11,ATTCCAATCGGGGATCGGTG,1,3287466
relBp,0.3333333333333333,14,11,ATTATTACTGTGCCTCGCAA,3,3280786
relBp,2.0833333333333335,35,11,ATTAAGCGTCTGTGAGATCC,24,3294725
relBp,1.6666666666666667,30,11,ATGCCTCGCTGGGCGGTTTC,19,3289476
relBp,0.25,13,11,ATGAACTACCAGCTCCGTTT,2,3259246
relBp,0.16666666666666666,12,11,ATCCCGGCCGTCGCGTGTCT,1,3268441
relBp,0.4166666666666667,15,11,ATCAGTAGGTTCTCATTACA,4,3275382
relBp,0.3333333333333333,14,11,ATACGCCATTATCAGTACAC,3,3278753
relBp,1.5,28,11,ATAAGGCCTTACCCTGGATC,17,3269487
relBp,7.916666666666667,105,11,AGTGTAGGGCGGGAACGAGC,94,3281659
relBp,1.75,31,11,AGTGTAGACTTATTCAGGAC,20,3266894
relBp,1.3333333333333333,26,11,AGGTGGAGAACGTAACCATT,15,3256849
relBp,11.083333333333334,143,11,AGGTCCAGATGGTTCCCAAA,132,3259262
relBp,2.5,40,11,AGGCTATTAACTGAGTAATG,29,3275457
relBp,6.083333333333333,83,11,AGGCGTGATCAGCACACGAG,72,3281950
relBp,10.166666666666666,132,11,AGGCGCTCACGCGGTCGAAC,121,3298157
relBp,1.25,25,11,AGGACCGGTGTTGATTTTAC,14,3272902
relBp,0.16666666666666666,12,11,AGCGGAAACCTTTCACAACA,1,3286982
relBp,4.0,58,11,AGCCTCTCCTCCAAGTAGCA,47,3287769
relBp,1.5,28,11,AGCCGTTCTCCTGTGGTGGT,17,3260358
relBp,2.1666666666666665,36,11,AGCACTTATCGTGCCGGTAA,25,3272153
relBp,2.8333333333333335,44,11,AGATATATAGCCACCAGCGA,33,3271246
relBp,8.083333333333334,107,11,AGACCTTGGGTCGGTTGCTT,96,3262913
relBp,0.25,13,11,ACTGATGACCAGGTGGCATA,2,3271611
relBp,2.6666666666666665,42,11,ACTGAGGCCTTGAGACTCTG,31,3281672
relBp,2.25,37,11,ACTCACATTCACATAATCCC,26,3296626
relBp,4.25,61,11,ACTCAACCCGAATGCACTAG,50,3306532
relBp,3.0833333333333335,47,11,ACTACAAAGCATAGAAGGCT,36,3289819
relBp,3.75,55,11,ACGTGGTGCGGGAGGTAATC,44,3276060
relBp,0.25,13,11,ACGTGCACGGATGATAGCGC,2,3258184
relBp,3.9166666666666665,57,11,ACCTTTAAAAGTTACAGCGT,46,3287608
relBp,2.6666666666666665,42,11,ACCGGAAACATATCGCCTAA,31,3285308
relBp,2.1666666666666665,36,11,ACCGATCAGCCAGTGTCTTC,25,3269615
relBp,0.4166666666666667,15,11,ACCCACTTTCTGTTCTGATG,4,3284599
relBp,3.25,49,11,ACCAGATGTGCACTACTATA,38,3281043
relBp,0.75,19,11,ACATGGAGTAAATAGTCTTT,8,3289348
relBp,0.75,19,11,ACATAATGGTGTCGCTAGAT,8,3277473
relBp,0.3333333333333333,14,11,ACAGTGTTCTCCGTGACGAG,3,3277778
relBp,3.0,46,11,ACAGGTGAGGGTCCTTTGTT,35,3277955
relBp,0.5833333333333334,17,11,ACAGGACTGGGCCGCTATGA,6,3278304
relBp,0.16666666666666666,12,11,ACAGCAAAAATAGTAAGACG,1,3290992
relBp,1.9166666666666667,33,11,ACAACCGTATATCGGGGGAT,22,3302561
relBp,1.6666666666666667,30,11,AATTCGGAAGTTAACCGATA,19,3271896
relBp,2.3333333333333335,38,11,AAGCATAGTTCACTAGAGGG,27,3279108
relBp,2.6666666666666665,42,11,AAGAGCTTGTAGGCCAATTC,31,3283701
relBp,2.3333333333333335,38,11,AAGACTGTTTTTAAGTCACC,27,3280147
relBp,1.25,25,11,AACTCCGATGGCCTTGGCTT,14,3261094
relBp,4.25,61,11,AACTAAGGCCTCTGGTTCCT,50,3274540
relBp,4.333333333333333,62,11,AACGCAAACATGAGTTAAAC,51,3300605
relBp,2.6666666666666665,42,11,AACCACTAGCTGAGATACGC,31,3307331
relBp,2.75,43,11,AACAGGGAGGTACCATTTAA,32,3306158
relBp,0.25,13,11,AAATTCTCGCGAGTGTTTAC,2,3259736
relBp,0.16666666666666666,12,11,AAACGGATCCTAGAACTGAA,1,3266663
relBp,4.166666666666667,60,11,AAACAGAGAGCAACGCAGAG,49,3265478
relBp,0.45454545454545453,14,10,TTTTTGGTTAAGCCTCAAGA,4,3300753
relBp,0.18181818181818182,11,10,TTTTACTTCGGGTATACGAT,1,3290864
relBp,2.272727272727273,34,10,TTTGCTGAAGACAGAATCAT,24,3302947
relBp,1.0909090909090908,21,10,TTTCTCGTTGGACCTCTTCT,11,3274207
relBp,1.5454545454545454,26,10,TTTCGACACGATGTTTGTGG,16,3292522
relBp,0.36363636363636365,13,10,TTTCAGTCAGAATCGTCTGT,3,3296961
relBp,1.9090909090909092,30,10,TTTATAGCAATTATACGAAT,20,3256742
relBp,0.18181818181818182,11,10,TTTATAAAGGATGAGGTATA,1,3272328
relBp,1.7272727272727273,28,10,TTTAGACCCTAGAGTAGACC,18,3294763
relBp,0.18181818181818182,11,10,TTGGGGATTGCGGTAAAGTA,1,3296019
relBp,3.3636363636363638,46,10,TTGCTATTATGGGAAGAGCT,36,3268125
relBp,1.5454545454545454,26,10,TTCTAATGTGTATCAACGTC,16,3261238
relBp,2.272727272727273,34,10,TTCCGTGATACAGAAGACTA,24,3304043
relBp,3.6363636363636362,49,10,TTCCGAGGATTCTGTCACAC,39,3297666
relBp,5.7272727272727275,72,10,TTCAGCGGCCGAGGCTGCAA,62,3304906
relBp,0.6363636363636364,16,10,TTCACCAGGCCTTAGGACAA,6,3267458
relBp,2.090909090909091,32,10,TTATAAGGTTCGTACCTTGG,22,3280449
relBp,0.9090909090909091,19,10,TGTCTAGCGTACTCCAAAAT,9,3269310
relBp,0.5454545454545454,15,10,TGTATTTAGATGAAGGCTTT,5,3258438
relBp,1.4545454545454546,25,10,TGGATTAGTCAAAAGATCAA,15,3263563
relBp,2.3636363636363638,35,10,TGGAACACGTGAATTGGAAC,25,3284707
relBp,1.2727272727272727,23,10,TGCTACTCCAGGTGGCCCGG,13,3276016
relBp,5.2727272727272725,67,10,TGCTACTACGGTCTTCGAGA,57,3302250
relBp,0.8181818181818182,18,10,TGAGATGCGTACCGTCGCAT,8,3281123
relBp,4.909090909090909,63,10,TGAGATACGAGGTCCACAGG,53,3298712
relBp,0.2727272727272727,12,10,TGAAAATTCCCTACTCCAAT,2,3262479
relBp,1.8181818181818181,29,10,TCTCTCGGCGACTGACTTGT,19,3283819
relBp,4.545454545454546,59,10,TCTCATTAGGCACCTTTAAG,49,3298081
relBp,5.090909090909091,65,10,TCGAAGACATTCGCGTGGCG,55,3302083
relBp,1.3636363636363635,24,10,TCCTAGGGAATTTTAGGCAA,14,3258313
relBp,1.4545454545454546,25,10,TCCCTATTAGTCTGAGAGGC,15,3296648
relBp,0.36363636363636365,13,10,TCAGTCGTCTAAGCATAACA,3,3256948
relBp,0.18181818181818182,11,10,TCACTGTCAGTACCCTACTT,1,3262469
relBp,0.5454545454545454,15,10,TCAACGTCAGTAGTGTATAA,5,3282992
relBp,2.3636363636363638,35,10,TATGATCTTCACCTTCTGAT,25,3302585
relBp,0.6363636363636364,16,10,TATCACGGTGAGCTCTACCC,6,3262026
relBp,0.2727272727272727,12,10,TAGGTTAGAAGAACGCTCAG,2,3265869
relBp,2.272727272727273,34,10,TACGTTGTGCTTTAATGACG,24,3267095
relBp,0.7272727272727273,17,10,TACCTTATCTGATCCCTCAC,7,3296785
relBp,1.6363636363636365,27,10,TACCGGGATGAACCTATGTG,17,3297919
relBp,0.45454545454545453,14,10,TACAGTAGCCCCCCTTCGTC,4,3261682
relBp,2.727272727272727,39,10,TACACGAGAATCATGTGCGG,29,3295325
relBp,1.9090909090909092,30,10,TACACACGTCTTAAAAGTAT,20,3274895
relBp,2.0,31,10,TAATTGGTCCAGAGAGTAGC,21,3295844
relBp,6.7272727272727275,83,10,TAATGCACAGTAAACAGCGA,73,3270687
relBp,1.8181818181818181,29,10,TAATCCGCTGCTGTGTAGGT,19,3272640
relBp,1.4545454545454546,25,10,TAACTGATTCTCGGAGCAAT,15,3297889
relBp,0.45454545454545453,14,10,TAACCCCAGGCCAGCCGGGT,4,3267236
relBp,18.363636363636363,211,10,TAAATTCACAGGGCTTAAGG,201,3288815
relBp,1.3636363636363635,24,10,TAAATGCTCATTCAACTAAT,14,3280941
relBp,0.8181818181818182,18,10,GTTGTGAATCCTCGCGAGTT,8,3296276
relBp,4.636363636363637,60,10,GTGGTCTATCGGGTAACTGA,50,3307085
relBp,1.3636363636363635,24,10,GTGGAAAGGCGTGACACGTA,14,3272719
relBp,2.272727272727273,34,10,GTCTTCCTCCTGACTCAATA,24,3264979
relBp,0.9090909090909091,19,10,GTCGTGACAGCCATTGGTTA,9,3299232
relBp,0.2727272727272727,12,10,GTCGGCCAAAACACCGCTAC,2,3278290
relBp,0.18181818181818182,11,10,GTCCGACATGGACAGACACG,1,3276530
relBp,2.3636363636363638,35,10,GTATCTCTCCATGTGTTTTC,25,3257131
relBp,7.909090909090909,96,10,GTATAAGATGATTAGTTTAG,86,3275514
relBp,2.3636363636363638,35,10,GTACCCGAAGTCTTGAGTTT,25,3271613
relBp,2.8181818181818183,40,10,GTACAGTGTCGCGACGTCAT,30,3278750
relBp,0.2727272727272727,12,10,GTAATCAAAAACCGATGCAG,2,3289254
relBp,0.18181818181818182,11,10,GTAACATTTGGAAGTCAGGT,1,3269138
relBp,1.0,20,10,GGTGTTTCCGCCGTGGAGAA,10,3263738
relBp,3.5454545454545454,48,10,GGTGCCTACCATGGAGTCTG,38,3256547
relBp,1.1818181818181819,22,10,GGTCGGTTTTGAACTGGTTA,12,3265328
relBp,2.6363636363636362,38,10,GGTCAATGGCGTACTTGAGT,28,3275586
relBp,1.7272727272727273,28,10,GGTACACGGCGGGATTTATG,18,3304705
relBp,6.818181818181818,84,10,GGGTCACATATCCTCCTTAG,74,3265385
relBp,0.36363636363636365,13,10,GGGGACAAAGAGCGCTTGGC,3,3299840
relBp,0.18181818181818182,11,10,GGGCCAGCGCTCCACGAATA,1,3305053
relBp,3.8181818181818183,51,10,GGGATACGGGGGAGCAGTGA,41,3261139
relBp,0.2727272727272727,12,10,GGGACATGTCTTATGCGCTC,2,3290504
relBp,1.5454545454545454,26,10,GGCTTCGGCCAATGCCTATA,16,3261258
relBp,0.18181818181818182,11,10,GGCTCTCTTGAAAGTGAGGA,1,3301056
relBp,22.545454545454547,257,10,GGCCCTCTGAGCGAAGGGTT,247,3267293
relBp,8.909090909090908,107,10,GGACACACCTTGAGAGTTGA,97,3288772
relBp,8.090909090909092,98,10,GGACAACTTTGTCCGCTATG,88,3283946
relBp,3.909090909090909,52,10,GCTTTTCTGGCCTGACGGCA,42,3265538
relBp,1.4545454545454546,25,10,GCTTTCGACACGCGTCCGCA,15,3269527
relBp,4.818181818181818,62,10,GCTATGGTCATCATTGTTGT,52,3270915
relBp,13.272727272727273,155,10,GCTACGAAAGCGGTCATCCC,145,3303760
relBp,2.727272727272727,39,10,GCGTTTCGCTTTTAAGCGGC,29,3275570
relBp,0.18181818181818182,11,10,GCGGTGGCACTGGTAAACGT,1,3272116
relBp,2.090909090909091,32,10,GCGGTGCAATCCGCCATAAG,22,3274155
relBp,0.5454545454545454,15,10,GCGGTATAAAATACTCTTAC,5,3285903
relBp,0.36363636363636365,13,10,GCGGGCGCGGCCAGTTATTT,3,3307792
relBp,1.0909090909090908,21,10,GCCTTTGAATCTGGTTCTCT,11,3266197
relBp,1.7272727272727273,28,10,GCCTATGCGGGACCTCTAGG,18,3267223
relBp,2.8181818181818183,40,10,GCCGTACGACCATCCGTCGC,30,3279142
relBp,1.3636363636363635,24,10,GCCGGAACTTAAGTCTGTCT,14,3290034
relBp,3.272727272727273,45,10,GCCGCCCTGGTGGGACGCAA,35,3261085
relBp,1.1818181818181819,22,10,GCCAGGAATATGTTGATCGC,12,3278819
relBp,0.18181818181818182,11,10,GATTTGGCCCTTGAGTAAAA,1,3257326
relBp,0.36363636363636365,13,10,GATGGGGGTTCTGATCTTGA,3,3298836
relBp,5.363636363636363,68,10,GATGGGCCAACGCCTCACAC,58,3302785
relBp,2.3636363636363638,35,10,GATAGAATTGGTCTCCCCAT,25,3303573
relBp,9.090909090909092,109,10,GAGCGCACCACCATTATTTT,99,3289728
relBp,3.090909090909091,43,10,GAGAGCTCACCATATTCCAT,33,3269884
relBp,2.6363636363636362,38,10,GAGAATGCATTTTAGGACCT,28,3294458
relBp,2.090909090909091,32,10,GACTTACGACGGTAGAGACG,22,3300000
relBp,1.5454545454545454,26,10,GACGGATTGTGAAAACAAAT,16,3266738
relBp,3.090909090909091,43,10,GACAGATAAGCCGTGGCTAT,33,3259165
relBp,0.36363636363636365,13,10,GAATCCATGGACTTATACGT,3,3295279
relBp,5.2727272727272725,67,10,GAATAACTCCTCGCTGATCC,57,3260947
relBp,0.18181818181818182,11,10,GAAGTACGTTCGTCCCAAGC,1,3267027
relBp,1.0909090909090908,21,10,GAAGGGCTATTCATACGGAA,11,3293053
relBp,3.272727272727273,45,10,GAAGATCCTTCGCGAAAAAT,35,3261134
relBp,1.0909090909090908,21,10,CTTGAACGTAGATCAGCTAA,11,3290895
relBp,2.727272727272727,39,10,CTTCGTTCTCGGGATTAGGC,29,3260881
relBp,1.1818181818181819,22,10,CTTCATTGTCAGGGGTCCTC,12,3284858
relBp,0.2727272727272727,12,10,CTTAGCCTCGTGGTTCCGTC,2,3271606
relBp,2.4545454545454546,36,10,CTGGTTGCTCACGCACAATG,26,3278926
relBp,1.4545454545454546,25,10,CTGCAAGTGGAGTCTGCTAA,15,3308214
relBp,3.272727272727273,45,10,CTGCAAAGAGCCTGACCTAT,35,3267663
relBp,3.272727272727273,45,10,CTCAGCTCTTTTGGTATGGC,35,3269574
relBp,4.636363636363637,60,10,CTCAGATATTCACATATGCC,50,3303685
relBp,1.6363636363636365,27,10,CTCAGAGTCTTGCGAGTTTG,17,3281630
relBp,0.8181818181818182,18,10,CTCACGCAGAAGTAGTAAAA,8,3260403
relBp,4.7272727272727275,61,10,CTAGGCCGCCGGAAAGGCCA,51,3265254
relBp,1.6363636363636365,27,10,CGTGGTGCCCCTCGGGCGGC,17,3294221
relBp,0.18181818181818182,11,10,CGTGGTGAAGCAAGTCCTGA,1,3277166
relBp,13.818181818181818,161,10,CGTGCTAGGAATCCATTCTC,151,3260489
relBp,0.7272727272727273,17,10,CGTCTCCGGCCTAACCGTGA,7,3287838
relBp,0.45454545454545453,14,10,CGTCCTCTGATGCATTGGAC,4,3276521
relBp,23.363636363636363,266,10,CGTAGGGCCAGCTTGCATTA,256,3298416
relBp,4.818181818181818,62,10,CGTAGAACTCACTGGCCGTC,52,3268304
relBp,4.545454545454546,59,10,CGTAATTAAATGCGAGGAAC,49,3281494
relBp,5.0,64,10,CGGTGCCTCTTCGCGGCATT,54,3268117
relBp,1.6363636363636365,27,10,CGGGGGTAAGGAGCATGTTA,17,3286014
relBp,1.0,20,10,CGGCTATGGCCTATAAAATC,10,3291477
relBp,0.18181818181818182,11,10,CGGCCTGGCGATGGTGCCAT,1,3295027
relBp,4.2727272727272725,56,10,CGGACTAGGGGTCTGGGTAC,46,3302749
relBp,12.545454545454545,147,10,CGGAAAAAAGTCACGCGTGT,137,3259976
relBp,0.45454545454545453,14,10,CGCGTCCATTGGGACCGATT,4,3285499
relBp,3.5454545454545454,48,10,CGATCTAACAAGTCCCCCGG,38,3261346
relBp,0.2727272727272727,12,10,CGATAAGCTTGTTCCGTAAA,2,3273618
relBp,7.818181818181818,95,10,CGAGCAAGTGCCCTCACTAC,85,3285057
relBp,0.18181818181818182,11,10,CGAATGTGACACTGGGAAAG,1,3271954
relBp,2.0,31,10,CCTTTGGGGGGGTGGCTCAT,21,3286217
relBp,0.18181818181818182,11,10,CCTTGCTTAGCGTGACATTA,1,3287034
relBp,0.2727272727272727,12,10,CCTGGTAGAGGAGACTGGGT,2,3277837
relBp,1.2727272727272727,23,10,CCTGGAAGTACCGGCAGAGT,13,3269914
relBp,0.18181818181818182,11,10,CCTCACTCTGAGTTTTATTC,1,3294741
relBp,0.9090909090909091,19,10,CCTAGTAAGCCGGAGATGAG,9,3274546
relBp,2.3636363636363638,35,10,CCGTCATTAGTGGATAAAAC,25,3279764
relBp,0.2727272727272727,12,10,CCGGTGGACAAAGGCTCAGA,2,3265584
relBp,3.8181818181818183,51,10,CCGGGTCCCTTTGGCATCGA,41,3259426
relBp,0.2727272727272727,12,10,CCGCGCTCCTGTCATCAGGT,2,3282895
relBp,5.0,64,10,CCGAGCGAAGCGGGGGGCAT,54,3306572
relBp,1.2727272727272727,23,10,CCGACGAGCTGCGTCACTCA,13,3285701
relBp,12.727272727272727,149,10,CCCTTACCGAGGCGCATCGG,139,3275269
relBp,2.1818181818181817,33,10,CCATTCGGATTAACCTGTTT,23,3280482
relBp,1.8181818181818181,29,10,CCATAAGAGGTGTGGGAATA,19,3307242
relBp,1.0,20,10,CCAACCCAAACCGACTTTTC,10,3281352
relBp,2.0,31,10,CATCTAAATACTCGTGACTA,21,3279939
relBp,3.1818181818181817,44,10,CAGGAAGGTGCCTTCAGTAT,34,3296760
relBp,5.636363636363637,71,10,CAGGAAGATCTGCATGATGA,61,3296211
relBp,2.3636363636363638,35,10,CAGCTCCCGCTTTATATGTC,25,3262071
relBp,0.18181818181818182,11,10,CAGCCTGTTTAGGTTTACCT,1,3289708
relBp,9.636363636363637,115,10,CAGATAACGGTACGGGACTC,105,3298110
relBp,2.8181818181818183,40,10,CACTCCACCCTATGTTGGAC,30,3287401
relBp,1.1818181818181819,22,10,CACGAACACACTACATATTG,12,3288087
relBp,2.4545454545454546,36,10,CACATCCCTCGACTCCGTGG,26,3263921
relBp,0.18181818181818182,11,10,CACACCGGCCAAGCGCTAAA,1,3275615
relBp,1.0,20,10,CAATACCGGAAGGAGTTTCT,10,3289041
relBp,1.2727272727272727,23,10,CAAGTTATGGTTGCACTAAG,13,3286589
relBp,0.5454545454545454,15,10,CAAGTATTTGATCATAGCTT,5,3301375
relBp,2.1818181818181817,33,10,CAAGGGTGGACCAGCGTTGA,23,3266794
relBp,0.6363636363636364,16,10,CAAGATGCCTTCTAAATAGT,6,3301134
relBp,0.8181818181818182,18,10,CAAGATAAGCTTGATAGTTG,8,3295881
relBp,5.7272727272727275,72,10,ATTTAAGCTGGCCGTCAGGC,62,3287260
relBp,0.18181818181818182,11,10,ATTGCCCTGGGACGCAGCAA,1,3261302
relBp,2.3636363636363638,35,10,ATTGCAGGAGACCCTTATGT,25,3269103
relBp,2.3636363636363638,35,10,ATTCGCGTTTTCGCACCATG,25,3303564
relBp,0.18181818181818182,11,10,ATGTCATGCTGCAATTGATC,1,3293956
relBp,0.18181818181818182,11,10,ATGGGCTAATGCGGGTGAGT,1,3297831
relBp,1.3636363636363635,24,10,ATGCCGACGTAATGCCTAAT,14,3265588
relBp,3.090909090909091,43,10,ATGAGCTATAAGCAACATAT,33,3257940
relBp,2.1818181818181817,33,10,ATGAAGCATCGACCACCTGG,23,3295407
relBp,2.8181818181818183,40,10,ATCGATCCGCCCAAAAGTTC,30,3283599
relBp,0.18181818181818182,11,10,ATCCCTCGTCTTCCTTAGCT,1,3280349
relBp,6.2727272727272725,78,10,ATATTCTCAAGTACCGTGCT,68,3274220
relBp,0.8181818181818182,18,10,ATAGGTTAAAAGAAGCGCCT,8,3280153
relBp,2.272727272727273,34,10,AGTGTAAACAGTTGTACCTA,24,3272633
relBp,18.90909090909091,217,10,AGTCGGTAGTATCTAGCTCT,207,3303731
relBp,3.3636363636363638,46,10,AGTCAGAAATTGTCTGGGGG,36,3307960
relBp,0.18181818181818182,11,10,AGGTCAATCTGCGGGCTCTG,1,3262839
relBp,4.090909090909091,54,10,AGGTAAATTTATCAGCGATA,44,3306366
relBp,0.2727272727272727,12,10,AGGGTGACAGTCCTAGGAGG,2,3287276
relBp,0.7272727272727273,17,10,AGGGCAGCGGTCCACTTATA,7,3272042
relBp,1.3636363636363635,24,10,AGGCTAATTCATTCTGTGTT,14,3283690
relBp,1.5454545454545454,26,10,AGGCCTTGAGCCATCGTGAT,16,3259915
relBp,1.4545454545454546,25,10,AGGAGTTAGATTACTCTTGA,15,3296625
relBp,0.2727272727272727,12,10,AGCGGCGATCAGATTGAAGA,2,3264460
relBp,1.8181818181818181,29,10,AGATCCGATGCACGGGGTCC,19,3307992
relBp,0.18181818181818182,11,10,AGAGTTCGGGGAGGAGAACT,1,3260307
relBp,0.18181818181818182,11,10,AGACCGAGTTCATGGCCTCT,1,3284634
relBp,2.727272727272727,39,10,AGACAGACTCGAGGACATTC,29,3262310
relBp,0.18181818181818182,11,10,AGACAAGCGGTCCCGCGGTT,1,3282854
relBp,1.5454545454545454,26,10,AGAAGGGTCTGCATTCTGGT,16,3282361
relBp,5.0,64,10,ACTCCTCGGCCCCCATGAGA,54,3267222
relBp,3.090909090909091,43,10,ACTAATCGGTGCAAGACTTG,33,3273646
relBp,4.454545454545454,58,10,ACGTCCACCAATTCCACACT,48,3269507
relBp,4.909090909090909,63,10,ACGCTTGTAGGCACAGAGTA,53,3290303
relBp,0.18181818181818182,11,10,ACGCGCGCTCAAAACCAAGC,1,3277570
relBp,0.18181818181818182,11,10,ACGCAATTTGGGTAGATTGT,1,3286021
relBp,0.18181818181818182,11,10,ACGCAATACCGGAACAGTCC,1,3258976
relBp,6.2727272727272725,78,10,ACGAGGCGAGTTAGTATCTA,68,3277892
relBp,0.18181818181818182,11,10,ACGACAGTAGTCAATTAAGA,1,3293233
relBp,1.9090909090909092,30,10,ACCTTTGTTTCAACCGGGCT,20,3272329
relBp,0.18181818181818182,11,10,ACCTGAAAGTACCGCCTTCC,1,3303968
relBp,3.0,42,10,ACCCGCAGCTCGACATTCTT,32,3308787
relBp,0.45454545454545453,14,10,ACACATTGGTGGAAATGGCC,4,3277502
relBp,2.4545454545454546,36,10,ACAAGTTCCGTTTGGCACTA,26,3275125
relBp,1.0,20,10,AATTATGATCCTACGTGGAT,10,3305466
relBp,4.0,53,10,AATGTGGAACCACACTTTAC,43,3291933
relBp,2.6363636363636362,38,10,AATGTGAGGTTGTGGCCACT,28,3301751
relBp,0.18181818181818182,11,10,AATCCCCGTACAGACTAATA,1,3287696
relBp,4.545454545454546,59,10,AATATGGCCGTGAAGGGGTT,49,3284702
relBp,1.0,20,10,AATAATCGGCGTTTGTGATC,10,3268251
relBp,1.6363636363636365,27,10,AAGTGTCTCAAGTCCGGGAC,17,3267359
relBp,0.45454545454545453,14,10,AAGGTTTGGCTTCATACGAT,4,3270156
relBp,4.7272727272727275,61,10,AAGCTCTCGTCCGTACTGAC,51,3302575
relBp,3.909090909090909,52,10,AAGCTCATCTTGCGCGTTAA,42,3258952
relBp,2.6363636363636362,38,10,AAGCGTGCCGCGCGTAGGTT,28,3273933
relBp,1.1818181818181819,22,10,AAGCCAACTTCGGGTTTTGC,12,3256882
relBp,0.5454545454545454,15,10,AAGATTCAGTAGGTCTATAA,5,3299674
relBp,0.36363636363636365,13,10,AACGGTGGTTCGTAAACGCT,3,3302097
relBp,0.18181818181818182,11,10,AACGCATGTCCACCTATGCT,1,3256475
relBp,0.45454545454545453,14,10,AAAGGTTTAGTTCACTTAAT,4,3264303
relBp,0.7272727272727273,17,10,AAAAGTTTTGTAGCTTATAG,7,3286525
relBp,0.2727272727272727,12,10,AAAAAACCGCCCATGTGAAT,2,3282332
relBp,3.0,38,9,TTTTGGTAGTTACGAGGCAA,29,3300422
relBp,1.1,19,9,TTTGGACAACGCCTACTTCA,10,3290094
relBp,0.2,10,9,TTTCGTCCGGTTCACTTGGT,1,3262712
relBp,0.2,10,9,TTTCGAAAGCCTGTAGCAGC,1,3257682
relBp,2.3,31,9,TTTCATTTTCCATTTACAAT,22,3287150
relBp,1.8,26,9,TTTCAGTTCACCCTTCAGAA,17,3262430
relBp,2.5,33,9,TTGTCGAGGCGTGGAATCGA,24,3276929
relBp,6.7,75,9,TTGGTTCACGCGGGAGGGTT,66,3268745
relBp,2.1,29,9,TTGATCAGGTAGAGTTGTTT,20,3279438
relBp,12.0,128,9,TTCTGATTCTATACTTCCCG,119,3256658
relBp,0.7,15,9,TTCTGATTACGGACAAACGT,6,3272754
relBp,3.9,47,9,TTCGCCTTGGAAAAGTATTG,38,3292307
relBp,2.6,34,9,TTCATCCTATTGAATCCGAC,25,3281792
relBp,2.0,28,9,TGTTTAGCTACTGCCATCTC,19,3280277
relBp,2.7,35,9,TGTGTCAGTGCCCCCCGACA,26,3257980
relBp,1.7,25,9,TGTCCGAATGGTTCCTCTGG,16,3274610
relBp,2.4,32,9,TGTCCCGTCTCCACACCAAC,23,3291081
relBp,0.6,14,9,TGTCAAGGGCTAGGCGCCAC,5,3290191
relBp,8.6,94,9,TGGTTAGAGTCGGCGTAGAT,85,3265662
relBp,3.7,45,9,TGGGTAGCGGCAGTGTTATA,36,3273941
relBp,0.3,11,9,TGGGTAAGATTCGTCGCATG,2,3290004
relBp,0.7,15,9,TGGGAGGCCGCTGGATGGTT,6,3286473
relBp,0.3,11,9,TGGCTTCAAAGTAGAACATG,2,3265898
relBp,4.6,54,9,TGGCCCGTCTGGAGTCCGAT,45,3282901
relBp,2.8,36,9,TGCTCGATTGTAGAAACAGA,27,3271645
relBp,0.2,10,9,TGCTAGCCTTCGTTCGGATT,1,3265706
relBp,0.7,15,9,TGCGTCTTTTTGCATACTTC,6,3261590
relBp,1.7,25,9,TGATGTTAATAGCATGACTA,16,3289135
relBp,3.3,41,9,TGATAACTTGCCTCTTACCA,32,3301034
relBp,0.2,10,9,TGACTATAGGAGTGATTTGA,1,3286540
relBp,5.1,59,9,TGACCGGTCTCAAATGGATT,50,3267528
relBp,3.3,41,9,TCTTTGACTGTGAGGGTATA,32,3260016
relBp,3.0,38,9,TCTTTATTCCTTTCAACTCA,29,3300081
relBp,3.2,40,9,TCTTTAAAATTTACCGGACT,31,3308082
relBp,4.9,57,9,TCTGGTGATACAGCTGCCCA,48,3303040
relBp,4.4,52,9,TCTGGTCTTGCATACCATAA,43,3262242
relBp,0.5,13,9,TCGGTGTGGGCAATACCTTA,4,3296489
relBp,4.3,51,9,TCGGCAATTTAAGATTATGT,42,3298425
relBp,0.2,10,9,TCGCTCGCCCTGTACATGTC,1,3262649
relBp,1.3,21,9,TCCTCGGAATTTGTGAACCA,12,3271426
relBp,0.3,11,9,TCCGCAACCAAAATGGAGGA,2,3287290
relBp,0.7,15,9,TCCCGTGAAAGATGGCCAAG,6,3276656
relBp,1.6,24,9,TCCCCTAATGTGGGTATCAA,15,3299759
relBp,9.1,99,9,TCCCAAGTGGAGGCGAAGGA,90,3302639
relBp,3.5,43,9,TCCAGCCTATAGAACAGATT,34,3268921
relBp,9.8,106,9,TCATTTTCGGTGTAGCCCAT,97,3287944
relBp,1.3,21,9,TCAACTAAGGGTTGCACCTG,12,3270496
relBp,3.5,43,9,TATGTTTATTAAGGGTAGAA,34,3272133
relBp,2.0,28,9,TATGGTAAGCACACAATGAT,19,3276192
relBp,0.7,15,9,TATGAGCAGCCTTAAACAGG,6,3283692
relBp,0.4,12,9,TATCTAGAGCGTAGCCACAC,3,3264150
relBp,4.5,53,9,TATCCTCTACTCTGTCCACG,44,3263878
relBp,0.2,10,9,TAGGTGCAGCGTGCACTTCG,1,3258763
relBp,0.5,13,9,TAGGCCTACAAATCAATACG,4,3292703
relBp,0.6,14,9,TAGATTTTAAAAGGTATTTT,5,3294463
relBp,1.9,27,9,TAGAGCCTGTCCCCTTGGTT,18,3274095
relBp,0.2,10,9,TAACCATAGATAAGTTACAA,1,3258209
relBp,0.6,14,9,TAAAATGTAGGGGACGATCA,5,3267878
relBp,4.2,50,9,GTTTGTGGGACTCCATATGC,41,3282005
relBp,1.1,19,9,GTTTCCGTACACCTGATGAA,10,3273408
relBp,25.5,263,9,GTTGTGAGCAGATTATGCGG,254,3298113
relBp,4.8,56,9,GTTCCGGATACGATGCCGTA,47,3298794
relBp,3.4,42,9,GTTAGCTCCATCGAGGCACA,33,3294793
relBp,4.7,55,9,GTTACTTGGGCATGGCCAAT,46,3284052
relBp,0.2,10,9,GTGTCTCTATACGTCTGCTT,1,3288858
relBp,1.0,18,9,GTGTCGGACTTCGGGTGATG,9,3289482
relBp,0.8,16,9,GTGTAATGCATTTGCTCGGA,7,3260946
relBp,0.5,13,9,GTGGGTATACTGGGGTTTTC,4,3268864
relBp,3.7,45,9,GTCGTCCTTGCTAGTGACTC,36,3293151
relBp,2.7,35,9,GTCGGGCGCGCGCGGCGGTT,26,3268826
relBp,2.9,37,9,GTCCGGCCCTTGGTTGTAGT,28,3297163
relBp,1.8,26,9,GTCCATCGGCAAGGTACGAT,17,3272695
relBp,1.0,18,9,GTAGTACCCTAATATGCACT,9,3275614
relBp,0.2,10,9,GTAACACGTTCGCGAAGGAT,1,3307685
relBp,4.5,53,9,GGTGTTCGCAGACAGGTGGT,44,3296467
relBp,0.2,10,9,GGTGGCTGCGCTTCCCTGAT,1,3304319
relBp,2.3,31,9,GGGTCGGAACTATGCTGGTA,22,3274376
relBp,0.2,10,9,GGGGTCGCGGATGGCCCCAC,1,3303667
relBp,0.4,12,9,GGGCGCCACCATAGCCAACG,3,3257497
relBp,0.2,10,9,GGGAGGGCCTCAGGAAGAGT,1,3260880
relBp,0.2,10,9,GGCTAAAAACTTTGTTACGA,1,3303147
relBp,3.2,40,9,GGCGGCTACAACCGACCGGG,31,3299819
relBp,0.3,11,9,GGCGAACTACCACCTTGTTT,2,3306657
relBp,2.1,29,9,GGCCTCACGGCCGAACGGCG,20,3294969
relBp,0.8,16,9,GGCATAGCTCGTTGGGGCCT,7,3276731
relBp,5.1,59,9,GGACCATGGTTAAACTCAGC,50,3270021
relBp,0.3,11,9,GGACATTATTAGGTTAGTGT,2,3275949
relBp,0.3,11,9,GGAAGGTTCGTTAGTACCAA,2,3294131
relBp,2.1,29,9,GGAAAGAAGGTCGGAAAAGC,20,3289261
relBp,0.7,15,9,GCTTTCACGGTGCTCTACTA,6,3299306
relBp,7.1,79,9,GCTTCCAGCGCGGCCGTATG,70,3296815
relBp,0.3,11,9,GCTGCCGATATGTACGAGGA,2,3303952
relBp,1.3,21,9,GCTGACCGGGTGTATACATT,12,3268923
relBp,3.2,40,9,GCTAGGACTCCCCTAGGTCG,31,3293550
relBp,0.9,17,9,GCTAGAGGTGTCGTTCCGTC,8,3272669
relBp,2.4,32,9,GCGTTTGTTGGCTCGGACCA,23,3281078
relBp,1.2,20,9,GCGGCCGATCCTGCCATAAG,11,3277815
relBp,2.2,30,9,GCGAGAAGGGCAGAATTCAT,21,3280160
relBp,0.2,10,9,GCCGGCAGCAGCGGCGATGT,1,3270706
relBp,6.0,68,9,GCCGCTAGTGGCCACATTGG,59,3284375
relBp,1.5,23,9,GCCCATGTTAACTAAAAGGT,14,3270554
relBp,0.2,10,9,GCAGAAATCGCACAGCCTTA,1,3260046
relBp,2.2,30,9,GCAAGGCCGAGCGGTAGATA,21,3259973
relBp,3.5,43,9,GATTGATTTTACTGCTTGAA,34,3296536
relBp,1.2,20,9,GATGTCTTTTTACTAACCCT,11,3288446
relBp,5.3,61,9,GATGGTGTCCTGCGTCATAT,52,3281978
relBp,2.7,35,9,GATGCGATTCCGTACACAAA,26,3281623
relBp,7.0,78,9,GATCACAGGCAGGAACCCCT,69,3267474
relBp,6.1,69,9,GAGTTTCGGTCGTACGAGTT,60,3307876
relBp,5.5,63,9,GAGTGACCGAAGGTTCTACG,54,3304393
relBp,1.8,26,9,GAGAATCATGGATTCACTCT,17,3281475
relBp,0.3,11,9,GACGTGCCAGAAATAGTCTT,2,3259251
relBp,1.9,27,9,GACCGAAAGGTACAGGCATC,18,3277230
relBp,3.0,38,9,GACAGTACATCAGCTATCTA,29,3257215
relBp,5.0,58,9,GAATTTAGAGATTCTCGTTC,49,3280199
relBp,0.3,11,9,GAATGGATGCGAGACCGGAT,2,3275234
relBp,3.5,43,9,GAAGTTACCTCCATATGATC,34,3262285
relBp,0.4,12,9,CTTTGAAGTACGGGGACGTC,3,3296123
relBp,3.1,39,9,CTTGGTGTTAACCCAGCTTT,30,3263706
relBp,1.1,19,9,CTTGGACGCTTTAGCGGGAC,10,3288017
relBp,3.7,45,9,CTTCGGGGTAGGCTTATTCT,36,3271154
relBp,2.9,37,9,CTTCAGTTACGGTGAATGGA,28,3275103
relBp,0.2,10,9,CTTCACACATAGAATCATAG,1,3258799
relBp,0.7,15,9,CTTCAATTAACCTTGCGTAT,6,3302543
relBp,4.2,50,9,CTTAGCGCCAAAAGTTTTTC,41,3298116
relBp,0.9,17,9,CTTACTCGTGCTTCTTACTG,8,3270315
relBp,1.0,18,9,CTGTGTTGTATCAGGGTCTA,9,3263597
relBp,0.2,10,9,CTGTCAGCTCTTGCCTAATT,1,3304809
relBp,0.2,10,9,CTGGCCTGAGTGACGGTGGT,1,3266528
relBp,0.3,11,9,CTGGATTAGCGTGGTGTTGA,2,3275309
relBp,4.2,50,9,CTGCAATTGAGAAATAGGCT,41,3263344
relBp,4.6,54,9,CTGACACTGAAGTATCTGAC,45,3261939
relBp,0.4,12,9,CTGAAATTGGAGTGGTACCA,3,3266893
relBp,4.4,52,9,CTCAAGACCGGATCGCGCGG,43,3275205
relBp,2.2,30,9,CTATATTTACCATGAACGCT,21,3285409
relBp,0.5,13,9,CTATAATGTATGAATGGAAT,4,3257988
relBp,4.0,48,9,CGTTAGCAGACATACGCACA,39,3275034
relBp,0.2,10,9,CGTCGGCATGCTGCCTATCG,1,3298634
relBp,0.6,14,9,CGGTGCTTGACGGCCGTGGA,5,3297715
relBp,0.4,12,9,CGGGGTAGATGAACAAAAGT,3,3299813
relBp,0.3,11,9,CGGCTTCGCGCTATATGCGT,2,3307429
relBp,1.1,19,9,CGGCAACGCTTTACCCACCT,10,3263861
relBp,0.5,13,9,CGGAATCGGCAACTTGATGG,4,3308295
relBp,0.9,17,9,CGGAAGGTCGGTAGAAATTG,8,3284366
relBp,0.2,10,9,CGCGAGGTACTCGATTCAAT,1,3263360
relBp,2.6,34,9,CGCCCGCCAAAGGTCACCAG,25,3265847
relBp,0.6,14,9,CGATGAGGTCTCTTGGTAAA,5,3265383
relBp,3.1,39,9,CGATCGCCATTCCGTAATGC,30,3275064
relBp,0.2,10,9,CGATCCTGCGTACATAATTG,1,3261997
relBp,4.4,52,9,CGATACGTCCATGCTGCCAA,43,3265859
relBp,2.7,35,9,CGATAACGTATGAATACTTC,26,3290464
relBp,1.0,18,9,CGAGTGCGCGTGTGCACGAG,9,3267485
relBp,0.5,13,9,CGAGGGCTAGTAGAGTGTCA,4,3263571
relBp,7.6,84,9,CGACCGTAAAGGACCTGACT,75,3261619
relBp,0.6,14,9,CGAACCTTGAAGGAATACCC,5,3281740
relBp,2.2,30,9,CCTTTCGGAAGAGTCAGCTG,21,3264900
relBp,8.6,94,9,CCTTGTGTGGTGGAATGGAA,85,3287307
relBp,0.7,15,9,CCTTCGAGTCATTCTCCTCG,6,3298751
relBp,13.2,140,9,CCTGTTTTGCTCAATAACAA,131,3304657
relBp,0.2,10,9,CCTGTTCCCGTGCGCTACCC,1,3298279
relBp,6.3,71,9,CCTGGATACTTCCCAGTCTA,62,3269513
relBp,1.7,25,9,CCTAAGATGCGACCTTCTAG,16,3265906
relBp,0.2,10,9,CCGTGCCTTTTCTTGGCCTG,1,3303301
relBp,0.8,16,9,CCGGGTATTAAGCAGTATTC,7,3275013
relBp,1.4,22,9,CCGCCAATCCGTGGTCTAAT,13,3288440
relBp,2.9,37,9,CCGATGGTAGCTTCTGCAGA,28,3274333
relBp,2.5,33,9,CCGAGGACAAGCACTGTAGA,24,3274923
relBp,2.9,37,9,CCCACGAAAAGCTTAGGTGA,28,3291317
relBp,0.7,15,9,CCATGAGCAGTCATTCCACG,6,3305096
relBp,4.4,52,9,CCATATGTGCACCCCATAAA,43,3281624
relBp,2.8,36,9,CCAGTATAAGTCTAAATGGC,27,3305245
relBp,2.2,30,9,CCAGGTGCTGCCCAAAGGCC,21,3275691
relBp,1.1,19,9,CCACTGCGGAGATTCGGGGA,10,3305566
relBp,0.2,10,9,CCACGCCTCAATCAGGCGTC,1,3279732
relBp,2.7,35,9,CCACATGTGTCATCTGGCTG,26,3294799
relBp,0.7,15,9,CCACACTTAGCAGCGAATTA,6,3300083
relBp,1.5,23,9,CCAATGTGACCTCGGACTCG,14,3283972
relBp,3.5,43,9,CATCGTTGCGCTCAGTCAGG,34,3283148
relBp,1.1,19,9,CATAGGAGCCATAAGAACAT,10,3267065
relBp,2.6,34,9,CATACGTGTGGTCGTTCTTT,25,3269895
relBp,0.5,13,9,CAGGATATTGGTTTGCGGGG,4,3299354
relBp,10.2,110,9,CAGCCGAGATCTGCAGTGGT,101,3307088
relBp,1.1,19,9,CACTTTCCCGTGATGCGGCA,10,3269887
relBp,1.6,24,9,CACGCGCCCAAGTCTCGCAA,15,3296280
relBp,0.3,11,9,CAATTCAGACAGCGCCAAAC,2,3256071
relBp,0.2,10,9,CAACTCGCTCATCACAGGTA,1,3300930
relBp,0.5,13,9,CAAACGACACGGCGCACCCT,4,3286370
relBp,1.8,26,9,CAAACAGCTCAAGTTAATGT,17,3271609
relBp,2.4,32,9,ATTTTTTCATTTCCGTTAAT,23,3302599
relBp,5.4,62,9,ATTGTCGCACACTTAGCGTT,53,3279684
relBp,5.2,60,9,ATTGCCTGTCACTACAAGTA,51,3260535
relBp,1.5,23,9,ATTCACGAATGTTTTGACGT,14,3270609
relBp,1.0,18,9,ATTAATGTGAGGCTGCACCA,9,3275061
relBp,0.2,10,9,ATTAAATTAAGGGATTACTC,1,3297045
relBp,1.9,27,9,ATGTTGGGACTACGCCCGTA,18,3294256
relBp,2.6,34,9,ATGTGGCGTCCACCATGACT,25,3266371
relBp,1.0,18,9,ATGTGGCCTGTCTAGCTATG,9,3291415
relBp,0.2,10,9,ATGGTACGCAACAATCGAGA,1,3274724
relBp,0.7,15,9,ATGCTATCTGTCAATGATTA,6,3296003
relBp,0.5,13,9,ATCTGGCTGTATTCGTCGAA,4,3300291
relBp,0.7,15,9,ATCTCCATGTTAGCATCAAC,6,3268085
relBp,3.1,39,9,ATCTACCCAGAGATGCCCGC,30,3272677
relBp,0.2,10,9,ATCCGGAGCCACCGATCCGC,1,3281007
relBp,0.2,10,9,ATCAGTCTTCCTGTTAGGTG,1,3293399
relBp,1.7,25,9,ATCACCGTCGGTCCCTATTT,16,3281521
relBp,0.6,14,9,ATATCGCAGTGATAATTTCG,5,3274329
relBp,4.1,49,9,AGTACCCCTGTGACTAATGC,40,3299130
relBp,23.2,240,9,AGTACAACAACATGGGGTTG,231,3298148
relBp,1.1,19,9,AGGTGGGATTATTGGTACCT,10,3303128
relBp,3.8,46,9,AGGGGTCAATCCTTCATCAT,37,3302782
relBp,3.9,47,9,AGGCTTTACGTTCACTGACT,38,3288574
relBp,0.2,10,9,AGGCTGGTTCCCCCATTCGC,1,3270647
relBp,5.5,63,9,AGGATAGGTCAAACGAGCGT,54,3305879
relBp,2.6,34,9,AGGACATGTTAGGCTTTTAT,25,3287215
relBp,0.4,12,9,AGCTGCACGGGGGTGAATCA,3,3268920
relBp,0.2,10,9,AGCGTCTTGCCGCCTCACGG,1,3303028
relBp,0.8,16,9,AGCGGTTAAAATCTATCATT,7,3256784
relBp,3.2,40,9,AGCGCTTATAGCTTGACAAC,31,3280608
relBp,0.7,15,9,AGCGCTAAAATCGAACGTCC,6,3303496
relBp,0.5,13,9,AGCCCTCGTGGTATTCCGCC,4,3276235
relBp,0.9,17,9,AGCCATTCTCACACTTGGGA,8,3266649
relBp,1.2,20,9,AGCCAGGACACAGATATGTA,11,3296402
relBp,5.9,67,9,AGCAGGGTAGCTAGCCACAA,58,3289057
relBp,0.7,15,9,AGCACCCTGTCAGTGAGCCC,6,3282254
relBp,1.7,25,9,AGACTTTGCAACATTAGGAG,16,3283546
relBp,1.6,24,9,ACTTCCCGAGTTATGAACTA,15,3303975
relBp,2.9,37,9,ACTCTGAACACAATGCACGA,28,3265089
relBp,0.7,15,9,ACTCTCCGCAATTGTTTACG,6,3276781
relBp,0.2,10,9,ACGTTGCCCAGAGGTATCCG,1,3287771
relBp,1.2,20,9,ACGTGTATCCAATGGGCAGC,11,3257902
relBp,1.3,21,9,ACGTGCTAGGTTACGATGAC,12,3307597
relBp,4.6,54,9,ACGTCTTCGGCGTGTGGCCG,45,3265851
relBp,7.1,79,9,ACGGCTTATGCTTCTCCGCC,70,3286689
relBp,3.1,39,9,ACGCTGCCCGTTGGCGAAAG,30,3266789
relBp,10.5,113,9,ACCCGCAATGTCCCCGTAAA,104,3294968
relBp,0.4,12,9,ACATTCGTCGTCACGTTGAG,3,3265734
relBp,0.3,11,9,ACATTCGTCAGTGGTAGGTC,2,3257148
relBp,2.5,33,9,ACATGACTTAGAGGGACTCA,24,3306180
relBp,4.2,50,9,ACAAATCAAGCTTATGCTTC,41,3302098
relBp,1.1,19,9,AATGTAACTATATATTAAGA,10,3284455
relBp,1.7,25,9,AATGGGGGCGTCTAGGCGAA,16,3259048
relBp,12.3,131,9,AATCCTAACGCACTTCCAAA,122,3306506
relBp,0.2,10,9,AATCCCCCCCTAGGGGAGAG,1,3256196
relBp,1.0,18,9,AAGGGTTATGCCACTTGCAA,9,3295089
relBp,1.7,25,9,AAGGGTGCGTGCCTGAATCC,16,3267206
relBp,5.1,59,9,AAGCTGTTTGGTGCGATTCT,50,3285798
relBp,0.5,13,9,AAGCTGGTCTTCTGGCTATG,4,3283847
relBp,0.6,14,9,AAGCGTTTTATTGAAATAAC,5,3287075
relBp,2.2,30,9,AAGCGTTGTTTTATCATGTG,21,3299736
relBp,0.4,12,9,AAGCCCCGGATGAATCGGAT,3,3294222
relBp,1.0,18,9,AAGCAGGAATAGCAGATTGG,9,3278300
relBp,0.8,16,9,AAGATGGTAGAGATCGTTAC,7,3290081
relBp,2.7,35,9,AACTTGTGCCGTAGGAAGAT,26,3261927
relBp,9.1,99,9,AACGTTCTGTCTCATGTTTA,90,3261845
relBp,0.5,13,9,AACGTCTCTAAGCCGGTACC,4,3267787
relBp,1.9,27,9,AACGTCAGAGAAATTTCGGA,18,3272966
relBp,2.6,34,9,AACCGAAGAGCCCAGCTCTG,25,3268580
relBp,0.3,11,9,AACAATCTGAAGTCCGAGTT,2,3301078
relBp,1.6,24,9,AAATTTCAACATGTCCCAAG,15,3270137
relBp,1.2,20,9,AAATCTACAGCGAGAGGGGG,11,3305500
relBp,1.5,23,9,AAAGACAATTGCCATTATCT,14,3256299
relBp,0.9,17,9,AAAATCAGAGTGATGCCCCG,8,3275365
relBp,1.2,20,9,AAAACGAGTCCCTCGTCGAT,11,3299554
relBp,2.888888888888889,33,8,TTTTCAGGTCCGGGAGCACT,25,3272963
relBp,2.7777777777777777,32,8,TTTAGTATGCAATCCGGCTC,24,3258804
relBp,0.4444444444444444,11,8,TTTACGTTGGGGGGGGTCAT,3,3263195
relBp,0.7777777777777778,14,8,TTGTTCCGCGGTACCGAACG,6,3297265
relBp,0.6666666666666666,13,8,TTGTGGTTTATCAAACAGGT,5,3280404
relBp,0.3333333333333333,10,8,TTGTGCGAAGCTACCAAACG,2,3279377
relBp,2.6666666666666665,31,8,TTGTGAGATGTGAGAAGTGT,23,3270455
relBp,0.2222222222222222,9,8,TTGTATCTGTAGTGCCACCT,1,3304468
relBp,2.111111111111111,26,8,TTGTAGCCTCATCCCGTTGT,18,3299631
relBp,6.555555555555555,66,8,TTGTAACAGTACTTCTTGCA,58,3306073
relBp,2.2222222222222223,27,8,TTGCTCGCGTTGTTGAATCT,19,3290624
relBp,0.3333333333333333,10,8,TTGATTCCATGCGAATGATC,2,3276148
relBp,0.8888888888888888,15,8,TTGAGCTTACCAGGTTTCCG,7,3281901
relBp,17.333333333333332,163,8,TTCTTCTACGTTGTGTTGCG,155,3300247
relBp,0.2222222222222222,9,8,TTCTGAGGGCGTTATAGTAG,1,3276933
relBp,8.333333333333334,82,8,TTCCTGTGTATTTGTATAGT,74,3308253
relBp,1.6666666666666667,22,8,TTCCATGAATAGCGGCTTAA,14,3303418
relBp,0.8888888888888888,15,8,TTATTGAAAAGTTCCTTACT,7,3279499
relBp,5.555555555555555,57,8,TTAACACGCTGACTGAACAC,49,3273177
relBp,0.2222222222222222,9,8,TTAAACTGCCATGTACAGAG,1,3301899
relBp,2.4444444444444446,29,8,TGTAACCCATCGGTGTGAGG,21,3289343
relBp,2.888888888888889,33,8,TGGTTGAGGAAGAACGGTCG,25,3305270
relBp,1.4444444444444444,20,8,TGGGGAGAAACCGACCGTTC,12,3281813
relBp,0.5555555555555556,12,8,TGGGAGCCCATTCCTCAGTC,4,3265380
relBp,1.6666666666666667,22,8,TGCAATCATAGCCCCTTGAT,14,3259328
relBp,4.0,43,8,TGAGCGACGTCTGGACCTCC,35,3273445
relBp,2.888888888888889,33,8,TGACTTCGCCATGAAGAGAC,25,3297119
relBp,0.3333333333333333,10,8,TGAAAAGCCCGGTATTCGGC,2,3279890
relBp,0.2222222222222222,9,8,TCTTACGTCAAAGCATACAG,1,3280699
relBp,1.2222222222222223,18,8,TCTGCTGTTTGCGCATAGGT,10,3298683
relBp,10.333333333333334,100,8,TCTGACGTAGTTACAGGACT,92,3271143
relBp,5.111111111111111,53,8,TCGGTAAAGGTTTCCTGCAG,45,3307954
relBp,6.0,61,8,TCGAGCGTGAGCTACGCCCT,53,3277635
relBp,0.2222222222222222,9,8,TCCTCTCACCTGGTGACACT,1,3281674
relBp,2.3333333333333335,28,8,TCCCCGGCCGGGAATTAGTT,20,3272968
relBp,17.77777777777778,167,8,TCATTTAAATAGGAATGGTC,159,3303904
relBp,0.8888888888888888,15,8,TCATAAGCACAGCGTTATGC,7,3285383
relBp,18.333333333333332,172,8,TCACGTGCCTTAGAGGGAGA,164,3262709
relBp,1.1111111111111112,17,8,TATTAAGATTTTCCTAGAGT,9,3299642
relBp,5.222222222222222,54,8,TATGTTACGTTGCATTCACA,46,3272786
relBp,4.111111111111111,44,8,TATCTGTACTATCCTTTTAT,36,3266081
relBp,0.4444444444444444,11,8,TAGGGAGGCAATACCCTATA,3,3272973
relBp,0.3333333333333333,10,8,TAGGAGTACAACACTTACCT,2,3256777
relBp,0.2222222222222222,9,8,TAGGAGCCACCAATAGGCGG,1,3276268
relBp,2.5555555555555554,30,8,TAGCGCCGTCTGTCGTAGTA,22,3305530
relBp,0.8888888888888888,15,8,TAGCGAGGGAAAACTAGCGG,7,3261923
relBp,0.2222222222222222,9,8,TAGAAGATGTGGTCTAGCAT,1,3273492
relBp,0.2222222222222222,9,8,TACTGATGTAAACGGCAGGA,1,3303342
relBp,3.7777777777777777,41,8,TACTATGGGTTGCAATCTAC,33,3274233
relBp,2.2222222222222223,27,8,TACCTGCTCGGATGTTAAGT,19,3305014
relBp,0.2222222222222222,9,8,TACCCACTCGCTAGCGTCTT,1,3284876
relBp,3.111111111111111,35,8,TAATTTGCGCTGAGCTGTCA,27,3274833
relBp,1.1111111111111112,17,8,TAATGGTCAGTCACTCGGGT,9,3289411
relBp,1.4444444444444444,20,8,TAATCACGTGGAGCGGGGCA,12,3292858
relBp,0.2222222222222222,9,8,TAACGGCAAGAGACCGTAGG,1,3266763
relBp,3.5555555555555554,39,8,TAAATGCGGGAATAGGCCCT,31,3291826
relBp,11.555555555555555,111,8,GTTTTTGTGTATTTGAACCT,103,3281487
relBp,1.4444444444444444,20,8,GTTTACCTCCCGAGGCTGAG,12,3279996
relBp,4.0,43,8,GTTGGATGGTTAGTATGTTG,35,3299264
relBp,1.0,16,8,GTTGAAGATTGAGAGCTCTC,8,3294564
relBp,3.0,34,8,GTTCGTTCTTTTTAGAACGT,26,3286468
relBp,0.2222222222222222,9,8,GTTACGGTCTTCTCTGCTTC,1,3271331
relBp,3.888888888888889,42,8,GTTACCCTTGGGCGAATTGT,34,3260351
relBp,0.2222222222222222,9,8,GTGGTTTATAAGGAGAGGGG,1,3262135
relBp,3.111111111111111,35,8,GTGCTTAAACCAACGACACA,27,3288901
relBp,4.777777777777778,50,8,GTGCTGGGACAGAAGTGGGT,42,3262424
relBp,35.111111111111114,323,8,GTGCTAGGCTTTGAGAATTA,315,3291213
relBp,0.4444444444444444,11,8,GTGCTAAAGGTGGGGTTTAA,3,3268061
relBp,0.5555555555555556,12,8,GTGAAAAGAGGGCTCACCTT,4,3266925
relBp,3.6666666666666665,40,8,GTCTGTGACCTGGCGGCGGT,32,3270081
relBp,1.4444444444444444,20,8,GTCGTTGTGCATAAGTACCC,12,3285215
relBp,4.333333333333333,46,8,GTCGTTCGGGAATATGCGAA,38,3301626
relBp,7.333333333333333,73,8,GTCGCGAATTTTAGAATCTT,65,3279326
relBp,4.333333333333333,46,8,GTCAGGACCTCATATTGCGA,38,3275882
relBp,3.4444444444444446,38,8,GTCACTCCAATAGCTTATAA,30,3257692
relBp,1.1111111111111112,17,8,GTCAATTTCTGGTTGGACTC,9,3292168
relBp,3.6666666666666665,40,8,GTATTAATCACGCTGGCCGG,32,3256266
relBp,4.444444444444445,47,8,GTATGAACCTCGTCCTGGGG,39,3258628
relBp,5.777777777777778,59,8,GTAGGGGCGCTTCTGGAACC,51,3265426
relBp,2.888888888888889,33,8,GTAAATAGGGAATAATAGAG,25,3308603
relBp,0.2222222222222222,9,8,GGTTAGGATCAGTACGCCTT,1,3268881
relBp,1.6666666666666667,22,8,GGTGGGCATTAATTTGTCAA,14,3264702
relBp,8.444444444444445,83,8,GGTGCTGCTAGTATTTAAGG,75,3281586
relBp,2.111111111111111,26,8,GGTCCGTTCTTAGTAGGACC,18,3308200
relBp,0.7777777777777778,14,8,GGGATTCGCGAGGATCCCAT,6,3286633
relBp,8.222222222222221,81,8,GGGATGCCCTTCACCCCCCA,73,3282366
relBp,1.7777777777777777,23,8,GGGACTCCCTCAGGAGTAAC,15,3288748
relBp,3.888888888888889,42,8,GGGAAAGCGGGGAACCTGTC,34,3278533
relBp,4.222222222222222,45,8,GGCGGGAGTCTCAACGAATC,37,3263088
relBp,0.8888888888888888,15,8,GGCCCTTTGATGTTATAATT,7,3285977
relBp,3.888888888888889,42,8,GGCCCCATACGATGCGTACT,34,3293423
relBp,8.444444444444445,83,8,GGCAGAAAACCACCTTCAAT,75,3305266
relBp,0.7777777777777778,14,8,GGCACCAGTCCAGCAAGTGA,6,3261048
relBp,2.0,25,8,GGATTCCTGACGATGGTAAA,17,3281618
relBp,0.6666666666666666,13,8,GGACTGTCGAGTGGATATGC,5,3276811
relBp,117.22222222222223,1062,8,GGACCAGCCAAATGTATGTA,1054,3292313
relBp,5.0,52,8,GGAAGTAGAGTATGGCTTGG,44,3289253
relBp,1.8888888888888888,24,8,GGAAGGCAATGGCTCGTTCT,16,3296372
relBp,0.2222222222222222,9,8,GCTTGCAAGTTTGGTGGTCA,1,3276404
relBp,12.11111111111111,116,8,GCTGGGTACGGCCTAGGCGC,108,3296645
relBp,2.5555555555555554,30,8,GCTCGTACCTGTTAAGATCA,22,3286059
relBp,4.0,43,8,GCTCAGCATGACAACGGGAT,35,3303251
relBp,0.5555555555555556,12,8,GCGTCTTCTCCTTCTGGACT,4,3287355
relBp,3.0,34,8,GCGTCGAGTTTTCAACTCCA,26,3302736
relBp,2.3333333333333335,28,8,GCGTACTCCCCTTGCTCAGA,20,3269720
relBp,1.2222222222222223,18,8,GCGGCGCATTTATGGTTCTG,10,3294253
relBp,1.6666666666666667,22,8,GCGGATCGTGCTTCCGAGCG,14,3290410
relBp,6.111111111111111,62,8,GCCTACTCTTTATGGGGTGA,54,3293883
relBp,0.2222222222222222,9,8,GCATGTTCAGGTTAGGGTTA,1,3287220
relBp,3.0,34,8,GCAGCAGAAGGATTGTACAC,26,3288282
relBp,3.0,34,8,GCAGAACCAGAACGCCTAAC,26,3293881
relBp,2.888888888888889,33,8,GCACAGTACATAGGTTTCCC,25,3305894
relBp,3.2222222222222223,36,8,GCAAGTGGGTAGGCCCGGCA,28,3292523
relBp,5.333333333333333,55,8,GCAAGGCGCTAAATTAAATC,47,3272406
relBp,3.2222222222222223,36,8,GCAACGACCACTCCAGTATT,28,3301339
relBp,0.4444444444444444,11,8,GATGTGATTTGTACTAGGAT,3,3262696
relBp,0.2222222222222222,9,8,GATGATCCCAGCCGGCGCCT,1,3290384
relBp,0.4444444444444444,11,8,GATGAATAATGTGGCGTAAA,3,3286297
relBp,11.333333333333334,109,8,GATCGAGCGAGTCTCGGGTA,101,3308575
relBp,1.8888888888888888,24,8,GAGCTCACCTGGCACACAGT,16,3264940
relBp,2.0,25,8,GAGATAGGGTGGGCTCGTGC,17,3263388
relBp,4.666666666666667,49,8,GACGGCGTTGTACGTCCTAG,41,3257631
relBp,3.2222222222222223,36,8,GACCGGTGTGCAAACGCGCA,28,3301279
relBp,4.333333333333333,46,8,GACAATGTGTGTACTTTAAC,38,3294822
relBp,0.7777777777777778,14,8,CTTGTTTCAAGCCTCCAAGC,6,3274477
relBp,1.0,16,8,CTTGTCTAAATGAGGTCTTG,8,3302079
relBp,0.7777777777777778,14,8,CTTATTTGTGATACCTCTTT,6,3291784
relBp,6.777777777777778,68,8,CTTAGTTCCGAGCCCGATAA,60,3294430
relBp,8.777777777777779,86,8,CTGTAAGGGGCATCACAGCT,78,3286629
relBp,1.1111111111111112,17,8,CTGATCCAACTAAGTAAGTG,9,3261221
relBp,0.2222222222222222,9,8,CTGATACGGTAGTGGGTAGT,1,3281268
relBp,1.5555555555555556,21,8,CTGAGTTTTTACGGCATTTC,13,3277895
relBp,2.7777777777777777,32,8,CTCGGAGGCGGAGATGTTCG,24,3305742
relBp,2.0,25,8,CTCACAAGCTGGACCACCAA,17,3265469
relBp,4.111111111111111,44,8,CTATTCGGTGGGGTCCAAAG,36,3276284
relBp,1.3333333333333333,19,8,CTATTCACTCTTCGTGATAC,11,3266881
relBp,0.6666666666666666,13,8,CTATACAACCGGTTTCAGCA,5,3304497
relBp,1.1111111111111112,17,8,CTAGGCGGTGGAGACCCGGA,9,3271732
relBp,1.2222222222222223,18,8,CTAGCCTGTTACACGGCCGT,10,3286042
relBp,0.2222222222222222,9,8,CTAGCACCCAACAGGGTTCA,1,3269875
relBp,2.111111111111111,26,8,CTAGAGCCGCGTCCAATCAA,18,3301352
relBp,6.111111111111111,62,8,CTAACGAGCCTTGGCGTCGT,54,3260066
relBp,1.7777777777777777,23,8,CGTTCTCCAGGCGGTTCAAA,15,3297817
relBp,0.5555555555555556,12,8,CGTCTAGAAAATTTACCTAG,4,3270520
relBp,2.111111111111111,26,8,CGTCCTTGCTTCCGACTAAA,18,3260917
relBp,0.3333333333333333,10,8,CGTCCATTGACGCCGTTTCC,2,3292722
relBp,8.0,79,8,CGGTAGGGCGTATCGGGTTA,71,3286679
relBp,0.2222222222222222,9,8,CGGTACAATAATTCAGCGTG,1,3277160
relBp,5.0,52,8,CGGCTACAATTAATTTATGG,44,3268844
relBp,1.7777777777777777,23,8,CGGCGTCTTCACTCTCAACC,15,3283813
relBp,2.6666666666666665,31,8,CGGCGTACCGTGGCTATCTT,23,3295048
relBp,1.4444444444444444,20,8,CGGAATATACTAGCTATATA,12,3267989
relBp,2.5555555555555554,30,8,CGCTTCGGATTCAGCAGGGA,22,3262039
relBp,4.444444444444445,47,8,CGCTGTATTATCATATCAGC,39,3277954
relBp,6.111111111111111,62,8,CGCTCGACCGGATCTGGACG,54,3285866
relBp,1.4444444444444444,20,8,CGCGGTGGTCCAAATGGAGG,12,3272184
relBp,1.7777777777777777,23,8,CGCGATGCCAGGCCGGATTC,15,3271379
relBp,0.4444444444444444,11,8,CGCCTGGGGCCAGTGTCTAC,3,3268691
relBp,5.444444444444445,56,8,CGCAAGGTTACAGATGGCGT,48,3256918
relBp,3.3333333333333335,37,8,CGATGAAACCATATGCGAGA,29,3276409
relBp,3.888888888888889,42,8,CGATACATGTGTAATACGGT,34,3266444
relBp,0.2222222222222222,9,8,CGAGTAGTTCCAGCACCCTA,1,3259216
relBp,6.111111111111111,62,8,CGACATACCAACCTGACGAC,54,3289954
relBp,0.2222222222222222,9,8,CGAACCGGGTTCGGAGAGCT,1,3275301
relBp,0.2222222222222222,9,8,CGAAACGAAATTGCATAAAT,1,3283943
relBp,5.333333333333333,55,8,CGAAAAATTGAGCCCTCGCA,47,3306992
relBp,1.7777777777777777,23,8,CCTTGACTCATGGGCGAAGA,15,3266552
relBp,2.2222222222222223,27,8,CCTTAGTTGTATCGTCGATT,19,3258820
relBp,5.555555555555555,57,8,CCTGACTTTAAGCGTGTATT,49,3258021
relBp,1.6666666666666667,22,8,CCTCGTCCGGAGCCGTCCTT,14,3307701
relBp,1.0,16,8,CCTAAGAAGATGATTCGAAG,8,3298202
relBp,0.2222222222222222,9,8,CCTAACGGGAGTCTCGATCA,1,3276808
relBp,0.2222222222222222,9,8,CCGGGAACAAGCTCAGATGT,1,3296552
relBp,0.3333333333333333,10,8,CCGCAAGTACAATCTAGCTG,2,3272676
relBp,13.777777777777779,131,8,CCGACGGTTCAGGACCAGGA,123,3272722
relBp,4.444444444444445,47,8,CCCTGTCGCGCCCTCCCGGT,39,3301791
relBp,0.2222222222222222,9,8,CCCTCTAAGCGGCGTTTTTG,1,3283167
relBp,30.88888888888889,285,8,CCCGATTGGCGGTGGTCATT,277,3288776
relBp,2.3333333333333335,28,8,CCCCGTTACTAATTAACGGT,20,3261136
relBp,2.0,25,8,CCCAGTTTATCTGTTTTTGC,17,3256383
relBp,2.3333333333333335,28,8,CCACGTGGAATTTATTCAAC,20,3302413
relBp,2.888888888888889,33,8,CCACAGAGCTTGCGAACTGG,25,3261132
relBp,0.7777777777777778,14,8,CCAACGAGTAGTAGCCATGC,6,3305965
relBp,2.888888888888889,33,8,CCAACCTTACATAAGGTCTG,25,3308364
relBp,1.0,16,8,CATTTAGGCATCTTGTCCCG,8,3298128
relBp,0.2222222222222222,9,8,CATTCCCGCGAATGCTACGG,1,3303920
relBp,0.2222222222222222,9,8,CATTATCCGTCCCGATTTAG,1,3259323
relBp,2.888888888888889,33,8,CAGTCTCAGGAGCACCCACT,25,3267159
relBp,0.3333333333333333,10,8,CAGGACGTGTCCGGCGCACG,2,3298398
relBp,3.5555555555555554,39,8,CAGGACGTCCTAATTCGGTA,31,3304247
relBp,3.2222222222222223,36,8,CAGCTGTTCGAGGTAAAATA,28,3276601
relBp,13.666666666666666,130,8,CAGCGACGCAAATCGGGCTT,122,3256270
relBp,0.2222222222222222,9,8,CAGCCTGTGTATGCGACCAC,1,3287173
relBp,2.2222222222222223,27,8,CACTCGGGAAACTCTAGCGT,19,3299497
relBp,3.888888888888889,42,8,CACGTGTTCGATTAATTCAG,34,3306182
relBp,3.2222222222222223,36,8,CACCATACGGGGTTGACTAT,28,3256651
relBp,7.666666666666667,76,8,CACCAGAGGTGAGTAGGGAT,68,3258300
relBp,2.5555555555555554,30,8,CACCACTGATAGAGCACAAG,22,3269780
relBp,16.77777777777778,158,8,CACAGAATCGTCTGTTTGAT,150,3283425
relBp,0.2222222222222222,9,8,CAATTCTTAGACATAATATC,1,3279058
relBp,8.0,79,8,CAATCGGTTGGTAGAGAGGA,71,3257115
relBp,5.444444444444445,56,8,CAAGTTTCGCCGATATCTCC,48,3273143
relBp,5.444444444444445,56,8,CAAGCACCCAGTGTGGTATC,48,3300046
relBp,5.333333333333333,55,8,CAAAAAATGGAGGCTAAAGT,47,3264652
relBp,0.6666666666666666,13,8,ATTTGCGGCCATGCGCTTGT,5,3303791
relBp,4.666666666666667,49,8,ATTTAGTTTAACCTTTGGCA,41,3307996
relBp,0.2222222222222222,9,8,ATTGTAGAGCACCGTCTGGA,1,3272509
relBp,2.3333333333333335,28,8,ATTGGATAGCGGGCGTGGTG,20,3299542
relBp,3.2222222222222223,36,8,ATTGCAAGTAAAATTCAGTT,28,3279099
relBp,7.555555555555555,75,8,ATGTTTGCCGCCGCGAGGTC,67,3302743
relBp,1.4444444444444444,20,8,ATGTGAGTTCCGAGAGGTTG,12,3276889
relBp,0.6666666666666666,13,8,ATGCTGGGTTCCGGTGAACC,5,3301893
relBp,0.3333333333333333,10,8,ATCTATTTTTTGATCGAGAT,2,3283533
relBp,3.888888888888889,42,8,ATCGCTTCCATCAAATAGCA,34,3276955
relBp,3.888888888888889,42,8,ATCGCTGGGTGGTCCCCCGT,34,3288615
relBp,5.333333333333333,55,8,ATCGATGCACACAGTCAGTG,47,3266331
relBp,1.2222222222222223,18,8,ATCCTATACATCGGAGGTGG,10,3259710
relBp,3.111111111111111,35,8,ATACCGTATTTAATGCGACG,27,3264283
relBp,0.2222222222222222,9,8,ATACATCTACCGTCATGGGC,1,3257119
relBp,0.3333333333333333,10,8,ATAATTTGATATAATGATAC,2,3276131
relBp,0.2222222222222222,9,8,ATAATCCAAGACGGTCTTCT,1,3256564
relBp,0.4444444444444444,11,8,AGTGCGTTTCGCGGCTGTGA,3,3274731
relBp,3.5555555555555554,39,8,AGTCTGGCAATCTTTACGAA,31,3286730
relBp,0.7777777777777778,14,8,AGTCCTCCTTTGCTGATGCA,6,3292084
relBp,3.111111111111111,35,8,AGTAGCACGATGACCACTGC,27,3283861
relBp,0.7777777777777778,14,8,AGTACGGCGTCCAAGACTGG,6,3303215
relBp,5.444444444444445,56,8,AGGGGTGGTACAACTTTCTA,48,3285892
relBp,1.2222222222222223,18,8,AGGGCAGGAGTTACTACAAA,10,3263559
relBp,2.6666666666666665,31,8,AGGATTTCCGGAATAGACGT,23,3283540
relBp,12.777777777777779,122,8,AGGATTAGGGACCTCTAATA,114,3259160
relBp,1.2222222222222223,18,8,AGGATACTGGATCCCGCTCT,10,3266655
relBp,0.6666666666666666,13,8,AGGAAGGAAGGTTCACAAAG,5,3257503
relBp,1.6666666666666667,22,8,AGGAACTGTCGAGCCGTGTA,14,3268902
relBp,0.2222222222222222,9,8,AGCTAGTCAGCGAAGCGCTT,1,3266686
relBp,9.11111111111111,89,8,AGCGACGTGAGCTTAATGTG,81,3259317
relBp,3.6666666666666665,40,8,AGACCGGGTCTTCCTTGTGG,32,3298589
relBp,0.3333333333333333,10,8,AGACATGTTGACCGTGTCCT,2,3303023
relBp,0.2222222222222222,9,8,ACTGTCGGTGTGAGCACACA,1,3260638
relBp,17.22222222222222,162,8,ACTGGTTCACACGTGATTAC,154,3270157
relBp,0.2222222222222222,9,8,ACTGGCATATGACGACGATT,1,3259708
relBp,10.222222222222221,99,8,ACTCCCAATCAGATGTAAGC,91,3284254
relBp,2.111111111111111,26,8,ACTAGGTAGACACACGACAC,18,3303260
relBp,0.6666666666666666,13,8,ACTAGAATTGTACACCGGGA,5,3304962
relBp,0.4444444444444444,11,8,ACGTCGTTTAACTTTAACAT,3,3282203
relBp,2.3333333333333335,28,8,ACGTATTTATCGACCCAGAT,20,3306872
relBp,2.5555555555555554,30,8,ACGTACGGCCTAAATGCAGA,22,3306404
relBp,1.5555555555555556,21,8,ACCTTGCCACTGGTTGGGGT,13,3257319
relBp,4.333333333333333,46,8,ACCGGGATCTTTAGTGAAGT,38,3303018
relBp,0.2222222222222222,9,8,ACCGCCTAAAGCAGCCAGCT,1,3307010
relBp,1.7777777777777777,23,8,ACCCTCGTGTTCAAGAGTAC,15,3290668
relBp,4.222222222222222,45,8,ACCCGTTTACATATCTACGC,37,3260273
relBp,4.555555555555555,48,8,ACCCGGTCTTCTCAAGTATG,40,3260485
relBp,1.3333333333333333,19,8,ACCATGATTAAATCAGAGGC,11,3265854
relBp,1.7777777777777777,23,8,ACAGTGAAAAAGGAGTCGTC,15,3264302
relBp,0.3333333333333333,10,8,ACAGGTCGGCTGCTCTTGGC,2,3295204
relBp,1.4444444444444444,20,8,ACAGATGCCGGGCGGATATT,12,3301533
relBp,0.2222222222222222,9,8,ACAATACGTTGAGTAAGCCC,1,3260228
relBp,2.111111111111111,26,8,ACAAAGTCCTTACTGCAATA,18,3277326
relBp,4.444444444444445,47,8,ACAAAAGGCTGGCGACCATA,39,3286715
relBp,2.888888888888889,33,8,AATTTTGACACCGTAGGTAT,25,3290540
relBp,1.0,16,8,AATGATTTCTCATTTAATAA,8,3294545
relBp,3.5555555555555554,39,8,AATCTGCTCTCTGTGTAGGG,31,3291196
relBp,0.4444444444444444,11,8,AATCATTTCATGTTCACCTC,3,3289574
relBp,1.4444444444444444,20,8,AATATTGTGTTCTCATCTAA,12,3266490
relBp,1.1111111111111112,17,8,AATATCCCATTTCGATCCAA,9,3269079
relBp,1.4444444444444444,20,8,AATATATGTTCCCTATATAG,12,3298330
relBp,10.11111111111111,98,8,AATAGGCTGTCTTAGGCAGA,90,3303674
relBp,0.3333333333333333,10,8,AAGTCGGGATTACCGCCGTT,2,3273356
relBp,1.1111111111111112,17,8,AAGGCATTGCATCCAACACT,9,3263460
relBp,2.6666666666666665,31,8,AAGAGTTTACGTCATAGCTT,23,3281866
relBp,0.4444444444444444,11,8,AACTGCGATTCTGCAGGAAG,3,3260161
relBp,2.4444444444444446,29,8,AACGTGTGCGAACTGCCGGT,21,3307573
relBp,5.777777777777778,59,8,AACGGAACAATACATAAAGC,51,3271898
relBp,0.2222222222222222,9,8,AACGATAACGTCATCCGGAT,1,3293709
relBp,17.444444444444443,164,8,AACCGGTAGGGTTTTCGAAG,156,3269134
relBp,0.5555555555555556,12,8,AACACGTTTGCTCGCGTTAA,4,3267405
relBp,5.444444444444445,56,8,AACAAGTTCTAGGTTTCCTT,48,3268953
relBp,1.4444444444444444,20,8,AAAGTGCTAGCATTATTTCT,12,3284906
relBp,6.222222222222222,63,8,AAAGGAAATAGGCGCATAAC,55,3307633
relBp,3.888888888888889,42,8,AAACTAATTCTGGGGCGAGA,34,3279714
relBp,8.0,70,7,TTTGCTACTGACCCGCCCTA,63,3290636
relBp,2.125,23,7,TTTGACGTAGCGACAGTCTA,16,3260960
relBp,6.0,54,7,TTTCCACTTTTCACGCGGAC,47,3268354
relBp,1.875,21,7,TTGTTTTTGTGCCGTGCTCG,14,3257206
relBp,3.875,37,7,TTGTGTGAGTCAGGCAGCGA,30,3269432
relBp,0.25,8,7,TTGGGACCAGGAACCTCGAT,1,3270425
relBp,4.125,39,7,TTGCTGAAATATCGGATGAT,32,3281725
relBp,0.5,10,7,TTGCAAATCCGCTGATTCAA,3,3299247
relBp,1.25,16,7,TTGACCACTCTTAATCTGGT,9,3291267
relBp,2.125,23,7,TTCACCCGGTGCAATCGTGT,16,3266729
relBp,0.5,10,7,TTAGCTCGTCTACAGCTGTA,3,3301632
relBp,6.375,57,7,TTAGCGTTATCACTGCCAGG,50,3270180
relBp,1.375,17,7,TGTTCTTGAAAGCGGTGGAT,10,3258016
relBp,1.375,17,7,TGTTCGGTATAGACCACGTG,10,3302919
relBp,3.0,30,7,TGTGCTAGTTTAACAATTGT,23,3287121
relBp,24.5,202,7,TGTCGGCTAACGGGTCCATG,195,3283396
relBp,0.375,9,7,TGTCACGGGTATCGTAAATG,2,3260387
relBp,4.0,38,7,TGGTTCCCAAAGTTCTCTCA,31,3281588
relBp,0.25,8,7,TGGTTAACTTGTGCTGAACG,1,3308175
relBp,3.375,33,7,TGGTGGCGGCCCTTAACTTT,26,3278636
relBp,3.375,33,7,TGGGTTTGACATAAGATGCC,26,3263094
relBp,7.75,68,7,TGGGGAGCGCTACATCTTTA,61,3275522
relBp,0.25,8,7,TGGGATTACAGAGAAAATCC,1,3303686
relBp,0.375,9,7,TGGATATTCATGCCGTAAAC,2,3284217
relBp,0.625,11,7,TGGAGGCGGACGGCCATCCC,4,3293915
relBp,4.875,45,7,TGGAATGCACGTACTTGGAA,38,3305261
relBp,0.25,8,7,TGCTGGAGATGTGAGGACGT,1,3301792
relBp,23.25,192,7,TGCTAGTCATCACATGTAGT,185,3256696
relBp,1.875,21,7,TGCCGAGCCAAGGCGGAGGC,14,3290343
relBp,0.25,8,7,TGAAGGTACCCGCGGTCTTA,1,3281060
relBp,0.25,8,7,TGAAAAGAGCCAATGTCAAT,1,3266916
relBp,2.875,29,7,TCTTGAGCACCGTAAGATTT,22,3264532
relBp,0.375,9,7,TCTTACACATCGCCGGCTAG,2,3259980
relBp,3.75,36,7,TCTGTGCAGCGGAGCCCCTA,29,3296336
relBp,3.375,33,7,TCTGGCTCCAACCCGCAGTC,26,3260053
relBp,1.875,21,7,TCTCGCGAACTTTTCTAAGG,14,3295209
relBp,0.25,8,7,TCTCCGTCACTCGCAGCATT,1,3289836
relBp,0.375,9,7,TCTCAGCTTAAGACTTTCGT,2,3273181
relBp,0.25,8,7,TCGTCAATCGGTGCCGCTAG,1,3302109
relBp,34.5,282,7,TCGTAAACGTAGCCAACCTG,275,3307156
relBp,0.75,12,7,TCGGTATTCAACCGTGTTTA,5,3287810
relBp,1.0,14,7,TCGGGTAGCCACCCGGAGTT,7,3276537
relBp,2.5,26,7,TCGCGTGTGAACCATGGTCC,19,3277853
relBp,7.125,63,7,TCCGTATGAACCTGAAGTTT,56,3264394
relBp,1.25,16,7,TCCGCTGCTCACACGTTGTG,9,3278413
relBp,0.875,13,7,TCCCAGTTTACCACCATGTG,6,3282855
relBp,1.0,14,7,TCATTGTGTAGAATCAAGAG,7,3263014
relBp,10.25,88,7,TCATCATTATGCATGCTGTG,81,3306361
relBp,2.625,27,7,TCAGTGGCTCTCAGCGATCT,20,3298181
relBp,6.625,59,7,TCAGCTCGTAAGGAGGCAGT,52,3306875
relBp,4.5,42,7,TCACTCTATGAACGCTAGCT,35,3295316
relBp,1.0,14,7,TCACCTGATCCTACACCAAT,7,3296412
relBp,6.875,61,7,TCACCGATCTTAATGCAAAG,54,3279307
relBp,2.75,28,7,TCAAGCCCCCAGCGGGGTTA,21,3303186
relBp,4.375,41,7,TATGCGGGTGAGCTCTAGGC,34,3287512
relBp,0.875,13,7,TATAATGACAACCTTAAATG,6,3287515
relBp,2.0,22,7,TAGGTTCCGATTCGGTGTGT,15,3261993
relBp,1.75,20,7,TAGCGTGCCGGAGGTCGGCA,13,3297620
relBp,3.375,33,7,TAGACTACTTCACCGTGCGC,26,3268220
relBp,4.875,45,7,TACATCCTGTGAGGAAGCCT,38,3263397
relBp,0.375,9,7,TACATAGTCAGAAAGCGCTC,2,3267584
relBp,5.875,53,7,TACAGCCGTCGCGTACGTCC,46,3267888
relBp,3.125,31,7,TAATTATATAGCTCGAACAA,24,3278496
relBp,4.25,40,7,TAAGCCCAATGCGGAGCGGC,33,3268566
relBp,1.0,14,7,TAAGAAGAGAACCTCGGTTC,7,3287946
relBp,0.25,8,7,TAACGATCCTAGGCGTACTC,1,3305182
relBp,0.25,8,7,TAAATACACCTCACTGGCGG,1,3293722
relBp,5.125,47,7,TAAAGGCTGGGTGTCGCGTA,40,3267627
relBp,6.5,58,7,TAAAGGCGCGGAAAATAGTA,51,3262423
relBp,2.125,23,7,GTTCGGCCCTAGGGGTCATC,16,3280674
relBp,0.25,8,7,GTTCCAGCCGCGCCGTATAA,1,3307119
relBp,2.125,23,7,GTGTTACAATCGTTATGACT,16,3290951
relBp,0.375,9,7,GTGTGTGTGTACAAAGTCTC,2,3299916
relBp,2.875,29,7,GTGCGTAGTATGTTTCGCGT,22,3287930
relBp,5.875,53,7,GTGATCATCTTGTCATCCTA,46,3291315
relBp,5.5,50,7,GTGAAATTTCTCGTCAGCAG,43,3304176
relBp,6.25,56,7,GTCTAAGTAGGAGCCGTGGA,49,3302967
relBp,4.625,43,7,GTCGAATTGATCATAGTGCC,36,3269588
relBp,2.25,24,7,GTCCTTACCCGGTACGTATT,17,3269557
relBp,1.0,14,7,GTACGCGTATTGACCATGAA,7,3284736
relBp,6.25,56,7,GTAAGCATTACGAGTCTGAG,49,3291010
relBp,1.375,17,7,GTAAAGACACCTCCATAACT,10,3268512
relBp,0.25,8,7,GGTCACTATTGTTCCTTCAT,1,3291641
relBp,8.75,76,7,GGTCAAGGAGGGCGACATGT,69,3285045
relBp,3.375,33,7,GGTAGTAGAAGGTCCCAGAC,26,3257218
relBp,8.125,71,7,GGTAATTCGCTTACTTCACC,64,3271007
relBp,11.625,99,7,GGGTTCATGCAGGTTCCCTA,92,3275884
relBp,0.5,10,7,GGGTTCAGAGCCGCAAGGCC,3,3277100
relBp,6.25,56,7,GGGTCTGGAATTAGCAGGTT,49,3272150
relBp,1.125,15,7,GGCTCTTTCATGCGCCTTGG,8,3302860
relBp,1.75,20,7,GGCGAACAGGGTCTGCGTGT,13,3257205
relBp,4.5,42,7,GGCACAAACTTAATACGTAT,35,3295843
relBp,0.25,8,7,GGCAAAGCTTTTATAAAAAT,1,3262642
relBp,0.25,8,7,GGATATCACGCGGGTCTTCG,1,3307105
relBp,1.625,19,7,GGATAATTAGATAGGAGTCA,12,3294031
relBp,4.25,40,7,GGAAAGTGGTTCAGCTAACA,33,3262170
relBp,5.0,46,7,GCTTATGCCCCTGTGGATGA,39,3291259
relBp,0.25,8,7,GCTGTAGAGTTTCCTATTTA,1,3284631
relBp,0.5,10,7,GCTCTTATGGTATGGTGGAC,3,3287569
relBp,2.25,24,7,GCTAAGTGGGCAACTGACGC,17,3294097
relBp,0.875,13,7,GCGTCTACGATTCTTTGCGA,6,3297542
relBp,0.25,8,7,GCGCATGCATACCGCACGCA,1,3267059
relBp,1.875,21,7,GCGAGAAGGTTTACTGGTCG,14,3305953
relBp,3.75,36,7,GCCGGTGCGCACCCGAGCTG,29,3260656
relBp,4.0,38,7,GCCGGACACGGATCGGAGAG,31,3258757
relBp,6.375,57,7,GCCCTATGACTCGGATACGC,50,3256367
relBp,1.75,20,7,GCCCATTGTCGAATCGCGGT,13,3269733
relBp,0.375,9,7,GCCACGTAGTTAGTAAGAAT,2,3261324
relBp,6.125,55,7,GCATGGATAAGTGTGACGAA,48,3294511
relBp,1.5,18,7,GCATAAATAGTATTTGTTAC,11,3284671
relBp,0.375,9,7,GATTGACCATGAAGTAGATC,2,3275371
relBp,2.625,27,7,GATCATGGACGGAAGTGGAG,20,3259968
relBp,2.375,25,7,GAGGCTCCGCTGACGCACGT,18,3300361
relBp,4.375,41,7,GAGCGGACCCGAGAGTTGGG,34,3277508
relBp,2.75,28,7,GAGAGAAGTATGCAGTTTAA,21,3281550
relBp,3.25,32,7,GAGACACGTGAGAGGGCGTC,25,3261328
relBp,0.25,8,7,GACTGGCATAGGACTGCGTC,1,3283112
relBp,0.25,8,7,GACTAGGGTCGTTTAGCTCA,1,3279167
relBp,4.375,41,7,GACGTTAAATATTCATTTTG,34,3286507
relBp,1.625,19,7,GACGGGAGAGAAGCTGTTAC,12,3280704
relBp,2.125,23,7,GACCTAATCGATGTTACATG,16,3283489
relBp,2.0,22,7,GACCCGTTGCCCCAGGATGA,15,3261663
relBp,3.5,34,7,GACACAGCAGGGGGTCCGTG,27,3272863
relBp,4.375,41,7,GAATTAACTGAAATTAGTAT,34,3286420
relBp,1.75,20,7,GAATGCATATAATTTTTGCG,13,3263187
relBp,2.375,25,7,GAATCGGCTACTAAAACAGA,18,3275487
relBp,1.25,16,7,GAACGGGGATGGTTACCTCG,9,3284155
relBp,1.5,18,7,GAACATCAAGCAAATACCTC,11,3279050
relBp,11.125,95,7,GAAACGCGAACAGAAACATA,88,3285564
relBp,2.0,22,7,CTTTTGGTGCATAGCTCAGA,15,3271689
relBp,0.25,8,7,CTTTTCCTGGACTACATAGC,1,3290087
relBp,6.25,56,7,CTTTCATTAGACGTTACTCC,49,3299611
relBp,1.75,20,7,CTTGTGGTAAATCCACAACT,13,3256916
relBp,0.25,8,7,CTTCATATAGTACATCGCAT,1,3304285
relBp,2.25,24,7,CTTCACATTGCCAAAACAGA,17,3275493
relBp,0.5,10,7,CTTAGGATAGGGTTTAACTT,3,3262523
relBp,6.5,58,7,CTTAATACTTGCTAAGTACT,51,3264539
relBp,5.75,52,7,CTGGCATATCCTGCTCCTTA,45,3289621
relBp,2.25,24,7,CTGGAGAGGTATTCTTCGCA,17,3293517
relBp,0.875,13,7,CTGCCGGTCACTCACCGACT,6,3296973
relBp,0.25,8,7,CTGAAATGGAGAGTTCCACT,1,3268270
relBp,6.125,55,7,CTCTGGGTGCGGGTAGGACA,48,3267453
relBp,0.5,10,7,CTCTGATTTACTAAGCCGGG,3,3288024
relBp,0.25,8,7,CTCTAGTTGAGGTAGAACGG,1,3260416
relBp,1.25,16,7,CTCCTTGTGTGCCCAGGGCT,9,3271741
relBp,0.75,12,7,CTCCTGCAGTTGGCTGCGTG,5,3272151
relBp,1.375,17,7,CTCCGGTGTTGTGAGTTATT,10,3258534
relBp,3.625,35,7,CTCATTTCGTGCTTGTTTAA,28,3302077
relBp,0.625,11,7,CTCATATTTACAACCTGTAT,4,3292464
relBp,19.75,164,7,CTCACAATACACATGTCGTT,157,3256710
relBp,3.125,31,7,CTATCAGTTGGTAAAATATG,24,3267077
relBp,7.375,65,7,CTAGTTGGACCAAGTAATAC,58,3270700
relBp,3.5,34,7,CTAGTTGCCTCCAAGATGTT,27,3280700
relBp,3.125,31,7,CTAGGTGACCCCTCCCCGGA,24,3305150
relBp,3.875,37,7,CTAACAAGCGGTCCGCCCGA,30,3302966
relBp,2.125,23,7,CTAAATGGAGAAACGCGTAT,16,3308811
relBp,0.75,12,7,CGTTTTTGGTGGTTCCATGC,5,3290311
relBp,1.5,18,7,CGTCCTAGTTAACACACAGG,11,3277143
relBp,2.25,24,7,CGTCAGCTGTTATGCATAAT,17,3280927
relBp,2.125,23,7,CGGTTAGCAATAACTCCTTG,16,3265977
relBp,3.5,34,7,CGGTGTGAGTGCTACCTAAG,27,3290007
relBp,4.0,38,7,CGGTGACATCCTGGGATATT,31,3267494
relBp,0.625,11,7,CGGTACTATACGTTCTTATG,4,3306972
relBp,4.5,42,7,CGGTAACTGCGTACCCGGAG,35,3264198
relBp,0.375,9,7,CGCTGTTGAGCATGGATGTA,2,3276773
relBp,6.125,55,7,CGCTCTCCATGTTGTACAGC,48,3260255
relBp,2.375,25,7,CGCCGCTAACCTAGCCATGT,18,3262021
relBp,3.0,30,7,CGCCCCGCGTAATGGGTGAC,23,3270311
relBp,0.25,8,7,CGCAATATTAGTCGTACGTC,1,3266029
relBp,0.5,10,7,CGATATGTAATTTGAGTCCT,3,3272788
relBp,0.875,13,7,CGACCCCGGTGCGGTCCACT,6,3300013
relBp,5.75,52,7,CGAAGGAGACCGTGGAGTGC,45,3293052
relBp,0.25,8,7,CCTGGGACGTACGCCGGAAT,1,3275571
relBp,4.0,38,7,CCTGGAGGACACGAGTGGGT,31,3278952
relBp,5.25,48,7,CCTGCTAATTTTCACGGGCG,41,3259249
relBp,6.25,56,7,CCTGACAGATCCACACCCTT,49,3288634
relBp,12.0,102,7,CCGGTCAGGCGATCTGGACT,95,3264816
relBp,3.25,32,7,CCGGGCCAATGCTTGTACAC,25,3273526
relBp,2.5,26,7,CCGCTTTCCCGTTTACTGCG,19,3269724
relBp,5.625,51,7,CCGCGTGTAACGCACGCTTT,44,3306326
relBp,0.75,12,7,CCGCCCGCGAGGTAGTATTT,5,3259013
relBp,2.75,28,7,CCGCAGGAGCGACCTGGTAT,21,3272688
relBp,2.375,25,7,CCGATAGGCCAGTACTCGTA,18,3278038
relBp,4.125,39,7,CCGAGCTTATGCTGTCTGCA,32,3259331
relBp,0.625,11,7,CCGACTCCTTGCGAACTAGG,4,3259418
relBp,6.25,56,7,CCCTTGATACCACCACGTCG,49,3304848
relBp,3.875,37,7,CCCGCTTTTACATAGGGAGA,30,3307813
relBp,6.25,56,7,CCCATAGAATAGGTTATCCT,49,3284730
relBp,0.75,12,7,CCCAACAGTGTGTTAGTAAA,5,3288721
relBp,1.75,20,7,CCATTTTCCGGTAAGCACTT,13,3300526
relBp,1.625,19,7,CCATTCACTTATACGTCAAG,12,3287379
relBp,5.75,52,7,CCATCGAGAACTACAGGAAA,45,3291201
relBp,0.375,9,7,CCATAATGCAATCAGCAGCT,2,3275893
relBp,0.25,8,7,CCACTTAGGCGGTGCACTTA,1,3300942
relBp,0.25,8,7,CCAATCACCTAGGGATGGAC,1,3270939
relBp,4.25,40,7,CCAAGCAGTGATCAGAGATT,33,3304764
relBp,3.25,32,7,CATTGGCAGATGTTTAAGAA,25,3293708
relBp,0.25,8,7,CATGGTTAGGAGAGTGTCAA,1,3303192
relBp,2.0,22,7,CATGGGGGTGATACGTGGAC,15,3285559
relBp,1.75,20,7,CATGCAATCGTAGGCTGTAG,13,3279822
relBp,2.25,24,7,CATGATACACACGTGTAATG,17,3269436
relBp,4.75,44,7,CATCCTGATATGGCATCGCT,37,3261800
relBp,0.5,10,7,CATCCGGACAAAAAAAGGAT,3,3279120
relBp,4.125,39,7,CATATGTTCCTCAGTGTAAC,32,3293360
relBp,1.375,17,7,CATAGTTCTCTAGCGGTAGA,10,3296254
relBp,2.125,23,7,CAGTACTATACTCGTTTAAG,16,3270911
relBp,8.0,70,7,CAGGCCGTCCTGTGATAGGC,63,3283369
relBp,17.5,146,7,CAGCGGTTAGTATGCGGAGG,139,3260922
relBp,0.25,8,7,CAGATCGTGGGTCTAACTAA,1,3279334
relBp,2.0,22,7,CAGAGTCTGCTGGCCAAATT,15,3291504
relBp,0.375,9,7,CAGACACGAAAATGACAGTT,2,3275484
relBp,0.25,8,7,CAATCTTCATAGGCTTTAGG,1,3307273
relBp,3.0,30,7,CAATATGCCCTGGGGTCATT,23,3275696
relBp,7.0,62,7,CAAGGCTGGGGCCTCGCCCG,55,3284146
relBp,0.5,10,7,CAAGGATGGGCAATCGATAA,3,3258283
relBp,2.25,24,7,CAACCTCCCATAAATTACCT,17,3305151
relBp,5.875,53,7,CAAAAGCTCTTCTCAGCTGT,46,3298713
relBp,1.375,17,7,ATTTCAACCCATAAACGTGT,10,3272057
relBp,5.875,53,7,ATTGTAGAGATCCCCATGTA,46,3306152
relBp,9.625,83,7,ATTGCGACGGTCAGGTTGCG,76,3272112
relBp,0.25,8,7,ATTGAATAAATCTGGAAGCT,1,3292369
relBp,2.625,27,7,ATTATCTTGGTTTTGGTGCC,20,3268177
relBp,3.75,36,7,ATTACAAATGCCGGTTCAGG,29,3301498
relBp,3.625,35,7,ATTAATGAGGTCCCGGACTG,28,3302969
relBp,3.875,37,7,ATGTTGCGGTGCGTCGTCGT,30,3270194
relBp,5.0,46,7,ATGTCACTTAGCTGGGTGCA,39,3296294
relBp,7.125,63,7,ATGGTGCTCTTATATGAGTC,56,3259604
relBp,0.875,13,7,ATGCTTTTTGGAGAACTATT,6,3274208
relBp,1.0,14,7,ATGCTTCCCAAGCTAGAGGG,7,3279758
relBp,3.0,30,7,ATGCTCCCGCCCAACATAGA,23,3268990
relBp,6.875,61,7,ATCTGGGCAGGCCGGTGTTG,54,3308562
relBp,6.5,58,7,ATCTGCACTTACTTATTTTA,51,3289260
relBp,4.0,38,7,ATCTCAGTCACATATACAAG,31,3269430
relBp,3.125,31,7,ATCGGTACAGTCTAGATTTT,24,3262077
relBp,0.5,10,7,ATCGATGGCTCTTGCGAGCC,3,3281042
relBp,0.25,8,7,ATCCTTTGGTCGGACTGGCA,1,3256220
relBp,4.375,41,7,ATCCTCGGATAATTTAAATG,34,3262287
relBp,0.25,8,7,ATCCGTGGTAGGCAGCAAAC,1,3285413
relBp,0.25,8,7,ATCCGGCGTGGTTGCGAACA,1,3296329
relBp,0.25,8,7,ATCCCAAGGAAGAAGTGCAA,1,3281760
relBp,2.625,27,7,ATCATTACTCGGCCGCAGAT,20,3256535
relBp,0.375,9,7,ATCATGCTGGCGGCCCGGCA,2,3275073
relBp,1.125,15,7,ATCAGGATACCAGGGGATAC,8,3256219
relBp,0.75,12,7,ATCAACAGAGGTGAGGTAAG,5,3286359
relBp,1.125,15,7,ATAGTTCTCATATAGATGCG,8,3298837
relBp,3.125,31,7,ATACCATAAAACTCAACCTT,24,3264476
relBp,2.875,29,7,ATACAGGGCTTTCCTCTTGA,22,3295515
relBp,1.375,17,7,ATAACAGAGCGCCTCGCCAA,10,3257472
relBp,0.25,8,7,AGTTTGTCTGTCGGTATTGC,1,3289762
relBp,1.0,14,7,AGTTCCGTTTCCCATCCACT,7,3270826
relBp,5.75,52,7,AGTTATATGTTGTTGCGGAT,45,3296707
relBp,14.875,125,7,AGTGGGTTGAATGGCTAACA,118,3269101
relBp,0.375,9,7,AGTGATCCGGCCAGGTAGCT,2,3282784
relBp,4.125,39,7,AGTCTAACCCTGGTGCAGTG,32,3274849
relBp,1.0,14,7,AGTCGAAGCCGGATAACGTC,7,3273943
relBp,0.25,8,7,AGTCCTTTTGGTCCGCTCCG,1,3263904
relBp,9.25,80,7,AGTATTATGGAGTCTGAAAT,73,3295629
relBp,1.75,20,7,AGTAGGTCCTCCTCTTAATA,13,3281484
relBp,2.75,28,7,AGTAGATTAGCACTCCCATC,21,3261625
relBp,0.375,9,7,AGGGTATTAAGAGTTCCGTG,2,3289444
relBp,4.875,45,7,AGGGGTAGTTACTCGGTTCT,38,3259190
relBp,2.25,24,7,AGGGAGGCACTCGAATGAAC,17,3271126
relBp,3.125,31,7,AGGCTGAAAACGACCGATGG,24,3269853
relBp,2.625,27,7,AGGAGGTTGCCGTTTCCCCT,20,3277627
relBp,1.75,20,7,AGCGATTCCAGCCGGCCATA,13,3301486
relBp,2.0,22,7,AGCAGGCAAAGACTAAAACA,15,3261544
relBp,4.5,42,7,AGAGTATGGGACAGGAAAAC,35,3292023
relBp,0.875,13,7,AGAGGTCGATCCTCTTGATC,6,3303824
relBp,2.0,22,7,AGAGCCGTATGAAGTTAGCA,15,3304880
relBp,10.5,90,7,ACTTAGCCCGAAGGCAGACT,83,3306779
relBp,2.0,22,7,ACTGAACGCTGAATTTTGGA,15,3273282
relBp,2.625,27,7,ACTCCTGGTTTGTGGCCCTA,20,3292724
relBp,0.625,11,7,ACGTGAGCACGCATTCCGGG,4,3279240
relBp,7.625,67,7,ACGTCTTGCTCGGGCGTACA,60,3287287
relBp,18.0,150,7,ACGTCAAATGGAAGCCCATA,143,3306389
relBp,5.625,51,7,ACGCTCACGTTTGGTCTGCA,44,3290829
relBp,3.875,37,7,ACGCTACAGAGTATAGCTCA,30,3272148
relBp,2.75,28,7,ACGCCGAGGCGTTCAGCTTT,21,3288666
relBp,6.625,59,7,ACGACTCTCGTATATTCTGA,52,3273652
relBp,2.125,23,7,ACCATACTTTTTTGACCTTT,16,3272229
relBp,5.5,50,7,ACCACGCAGGTGAACGGAAT,43,3278020
relBp,4.625,43,7,ACCAATTCACGGGCTTCTAC,36,3306984
relBp,6.25,56,7,ACATTCCACCGTGAGAATAT,49,3273721
relBp,9.125,79,7,ACACTTAGTCTTATCTTATA,72,3298003
relBp,0.75,12,7,ACACAAAGTGTAGTCAGCCG,5,3282370
relBp,15.625,131,7,ACAAGTGGCACTCAGCTTTT,124,3275206
relBp,0.25,8,7,AATTATCTGTGGCCGACTAA,1,3285051
relBp,0.625,11,7,AATTACTAGGTACATAAGTA,4,3264411
relBp,0.75,12,7,AATGGGCACCCAGACTCACA,5,3278356
relBp,0.25,8,7,AATCGCGAGCGGTTTTGGGA,1,3298201
relBp,2.375,25,7,AAGTGCCGCCGCGCCGGGTG,18,3288539
relBp,3.625,35,7,AAGTCACGAGTCCATAATAT,28,3291359
relBp,7.75,68,7,AAGGTCCGCCGGCATGAGAA,61,3307747
relBp,1.25,16,7,AAGAACGTCTTTATCGTCTT,9,3276372
relBp,2.125,23,7,AACGTATACACTCCCGACCA,16,3286061
relBp,3.375,33,7,AACGGTTGGGCAGTTAAATG,26,3295910
relBp,8.625,75,7,AACCCCGTAATCGATCCAGC,68,3292284
relBp,0.25,8,7,AAATTGGAGGTTCCACTTAG,1,3258476
relBp,0.25,8,7,AAATGCAGCTGTTCGCTCAT,1,3273105
relBp,4.0,38,7,AAATCGTTCTGATTCGAGTA,31,3280320
relBp,2.75,28,7,AAAGTTGTGAAGGTCGGTCC,21,3261473
relBp,2.875,29,7,AAACTTGTGTAAGTCGATCT,22,3292468
relBp,1.7142857142857142,17,6,TTTTAGTAAGACCATCTCAC,11,3260278
relBp,0.2857142857142857,7,6,TTTGTGCACTTGTTAACAGT,1,3275024
relBp,33.857142857142854,242,6,TTTAGGCCTCTCGAGGGGCA,236,3282138
relBp,2.5714285714285716,23,6,TTTAGGATAGTGGGAGCATA,17,3283271
relBp,1.0,12,6,TTTAATCACGCCAACCTAAC,6,3269460
relBp,0.2857142857142857,7,6,TTTAAGCCATGCCGTTGAAG,1,3258022
relBp,1.5714285714285714,16,6,TTGGGGCAATCCGCATCTGA,10,3308642
relBp,0.2857142857142857,7,6,TTGGAATCGCTAGGGAGGAC,1,3296393
relBp,3.5714285714285716,30,6,TTGAATATATCTTAGTGGGG,24,3271147
relBp,4.428571428571429,36,6,TTCTGCCACCGTTCCTACGA,30,3305667
relBp,0.5714285714285714,9,6,TTCGTATGGCAGTTGCTTCG,3,3283654
relBp,5.714285714285714,45,6,TTCCGCCAATAGTTAACGCT,39,3260992
relBp,1.8571428571428572,18,6,TTCCAATCCACGGCGAAGAA,12,3307124
relBp,2.142857142857143,20,6,TTCCAAGAAGCGGTTGCGTG,14,3281902
relBp,3.7142857142857144,31,6,TTAGCGAGTTCCGTCTATGA,25,3277661
relBp,4.428571428571429,36,6,TTAACTATTACCGTAACTCG,30,3271695
relBp,5.428571428571429,43,6,TTAACATGACTCGCGGTGAA,37,3276852
relBp,2.0,19,6,TGTTGGCTCAGTGTTAATAA,13,3296762
relBp,0.2857142857142857,7,6,TGTGCCGACTTCGGAAATAC,1,3290758
relBp,1.7142857142857142,17,6,TGTCTAAATTGACACCGAGA,11,3299624
relBp,3.2857142857142856,28,6,TGTCCCGTGTCCAGGTAGAA,22,3278354
relBp,3.0,26,6,TGTAGAGAACCGAATGGCGA,20,3278716
relBp,8.857142857142858,67,6,TGTAAAACGCTCCTTAGAGA,61,3285086
relBp,3.5714285714285716,30,6,TGGTGTCTCTAGGGGTAGAT,24,3288005
relBp,3.0,26,6,TGGTGCCGGCCCGACTCCTG,20,3299714
relBp,5.285714285714286,42,6,TGGGATTGGTTATTCAGAGC,36,3300408
relBp,5.0,40,6,TGGCTTGGCAGACTTAAGCA,34,3262121
relBp,17.285714285714285,126,6,TGGCTAGATCATAAGTTGGT,120,3303627
relBp,2.0,19,6,TGGCCGTAATCCCGCCGTGG,13,3308511
relBp,0.42857142857142855,8,6,TGGCATTCATCAGTAAAACA,2,3284429
relBp,3.2857142857142856,28,6,TGGCAGATATTCTCAGGATA,22,3273478
relBp,0.42857142857142855,8,6,TGGAATTCTTCTTTATATCC,2,3272555
relBp,0.7142857142857143,10,6,TGCCGCTAGTCGGTACGCCC,4,3306610
relBp,0.2857142857142857,7,6,TGCCGCCCCACTTTGTGCTT,1,3308016
relBp,1.4285714285714286,15,6,TGATGTTTTTCATCATGAAT,9,3275072
relBp,10.428571428571429,78,6,TGAGTGGGTAGTAATTCTAT,72,3283999
relBp,1.0,12,6,TGAGGGTCGCGCGACGTTGA,6,3301418
relBp,23.285714285714285,168,6,TGAGGCAGCCGATCTTCGGA,162,3277319
relBp,0.7142857142857143,10,6,TGACGCGCTTGATATTCATT,4,3304744
relBp,8.142857142857142,62,6,TGAAGGATTGACAATTCCTG,56,3273462
relBp,1.8571428571428572,18,6,TCTTTTGGCACGCTGTCTCC,12,3271191
relBp,4.571428571428571,37,6,TCTTAACGCTACGAAGTGAA,31,3304325
relBp,2.2857142857142856,21,6,TCTGCTTCATATGGCTCACT,15,3285464
relBp,5.0,40,6,TCTCTTTTTGATGGCAATGT,34,3281525
relBp,2.4285714285714284,22,6,TCTCGCGACTTCCGCCCTGG,16,3277282
relBp,4.428571428571429,36,6,TCTAAGTGAGGCTCACATTG,30,3307215
relBp,0.2857142857142857,7,6,TCGTGCAAGCTGTTCATTTT,1,3265740
relBp,18.857142857142858,137,6,TCGGCAGGTGCACGCAGTTT,131,3260927
relBp,1.7142857142857142,17,6,TCGCGCCAAGTAGCGGTTGT,11,3264140
relBp,0.42857142857142855,8,6,TCGCGCACGCCTTCAAACAT,2,3280466
relBp,5.571428571428571,44,6,TCGCAGGCAATAACCTCGAC,38,3291003
relBp,7.142857142857143,55,6,TCGAGCAGCACCGGGACACA,49,3268358
relBp,0.2857142857142857,7,6,TCCTTTGTACTCCTGCACTT,1,3284327
relBp,7.0,54,6,TCCTGGTTTTTGGCTTTAAT,48,3304213
relBp,4.0,33,6,TCCTAGCAGGAGATTTAAAC,27,3300626
relBp,0.8571428571428571,11,6,TCCCAATATGAATCCCCTGG,5,3260525
relBp,0.42857142857142855,8,6,TCCAGGATTTGGTCCCCTCT,2,3275513
relBp,2.4285714285714284,22,6,TCCAGAGGCTAAGCCGACGG,16,3273613
relBp,0.5714285714285714,9,6,TCATTAGCGATTTGTTGGTC,3,3268381
relBp,2.4285714285714284,22,6,TCATACTAATCTCTTTAACA,16,3262425
relBp,11.142857142857142,83,6,TCAGTTCAGATTAGGTGATG,77,3290063
relBp,1.0,12,6,TCAATCGTACCAACGTCGAA,6,3288985
relBp,6.571428571428571,51,6,TATGTCGGGGCCGGTGAAAC,45,3287514
relBp,1.1428571428571428,13,6,TATAGTTTCGTGATTTGAAC,7,3304168
relBp,1.2857142857142858,14,6,TAGGAGATCACACTTGCAAG,8,3273359
relBp,11.857142857142858,88,6,TAGACTGGTAGAAGGCGAAC,82,3277850
relBp,3.857142857142857,32,6,TACGGTAGGCCGGAGTTCGG,26,3297152
relBp,0.2857142857142857,7,6,TACGCCCATACGTCGATCAT,1,3307378
relBp,1.1428571428571428,13,6,TACAACCATTATATATTTGC,7,3293179
relBp,0.2857142857142857,7,6,TAAGTTCTCGTATAGTGCCT,1,3279146
relBp,0.2857142857142857,7,6,TAAGTCAACTTGCCTCGTAC,1,3291230
relBp,3.4285714285714284,29,6,TAAGAGAGTTATTGTTAGAG,23,3269787
relBp,1.5714285714285714,16,6,TAAATGAGAACAGGTTCCTG,10,3263681
relBp,6.857142857142857,53,6,TAAACGTCCCCGGGTCCAGT,47,3265435
relBp,3.4285714285714284,29,6,TAAACGCCTGTTCGGGAAAC,23,3294988
relBp,0.8571428571428571,11,6,TAAACAAACCCGACTCTTAC,5,3283885
relBp,0.2857142857142857,7,6,TAAAAATGACAATCGCTCAG,1,3289330
relBp,4.0,33,6,GTTTTTCTCGATTGATATAG,27,3275816
relBp,16.142857142857142,118,6,GTTTGATTGGCATCGCTACC,112,3267078
relBp,2.4285714285714284,22,6,GTTTCGTGATGGTTTACAAT,16,3294184
relBp,0.2857142857142857,7,6,GTTTAAATATTTACGCTGGA,1,3273298
relBp,1.0,12,6,GTTCTCTTAATGACCTCCGT,6,3289496
relBp,11.0,82,6,GTTCAGTAGACGATGATAGA,76,3289049
relBp,4.0,33,6,GTGGTCGTATCATGAAACGA,27,3293090
relBp,0.42857142857142855,8,6,GTGGCTATAGCTCTTGCTGT,2,3294453
relBp,0.2857142857142857,7,6,GTGGCACAACTGGTCACACG,1,3287652
relBp,4.714285714285714,38,6,GTGCGCTTACACGAATAATC,32,3257348
relBp,0.8571428571428571,11,6,GTGAGGTACCGCGTTACCTT,5,3290566
relBp,4.428571428571429,36,6,GTCGGTTGAAGTTACCGGTA,30,3284055
relBp,3.4285714285714284,29,6,GTCCTGTGCCGCAATTTATA,23,3256949
relBp,2.7142857142857144,24,6,GTCCGGGGCTACGGGCTTTT,18,3300984
relBp,8.428571428571429,64,6,GTCCGCGGGGTGGCCGTTAT,58,3261043
relBp,6.714285714285714,52,6,GTCCCGGGAAGGGCCGGTTT,46,3298178
relBp,4.571428571428571,37,6,GTCATGTTATGAAAGGCAAG,31,3278664
relBp,6.285714285714286,49,6,GTCAAGCATTGAAATAAAGT,43,3300448
relBp,0.42857142857142855,8,6,GTATTACAACACGGTCCAGT,2,3294178
relBp,4.714285714285714,38,6,GTATGGTACAGTCTGAGTTT,32,3265273
relBp,0.8571428571428571,11,6,GTATCTCCACAGAACCTTAT,5,3304931
relBp,0.5714285714285714,9,6,GTATAAGCCTCCACCGGAAT,3,3295150
relBp,0.7142857142857143,10,6,GTAAGCGCGGGTATAAAACC,4,3271647
relBp,4.285714285714286,35,6,GTAACTGGGTTAACCATTAG,29,3275340
relBp,0.2857142857142857,7,6,GTAACGTCTCCTTCTTTGAG,1,3295962
relBp,0.8571428571428571,11,6,GGTTTCGGGACACCATACCT,5,3271883
relBp,4.142857142857143,34,6,GGTGTTGAAGTGTCGGAATG,28,3278230
relBp,10.0,75,6,GGTGTACCGATTAACGCGTT,69,3288616
relBp,0.2857142857142857,7,6,GGTCGTGTACACCACGGCTT,1,3289675
relBp,0.7142857142857143,10,6,GGTCACATTTCCGAGCCTAA,4,3293871
relBp,3.0,26,6,GGTATGAAAGTATGGCTGGC,20,3278929
relBp,0.8571428571428571,11,6,GGTAGGTGAAAACGGTGACA,5,3300368
relBp,6.285714285714286,49,6,GGTAATAGCGTGGTAATCGG,43,3279784
relBp,0.42857142857142855,8,6,GGGGGAAAAGCAGGTACCAC,2,3305239
relBp,5.714285714285714,45,6,GGGGACAAATTCTTGGACAT,39,3302843
relBp,3.4285714285714284,29,6,GGGCCGGATTCCGCCGGGGG,23,3291459
relBp,0.2857142857142857,7,6,GGGAGCGCTTTTACACACGA,1,3292212
relBp,0.5714285714285714,9,6,GGGACAAGGTGGGGATGCTC,3,3265677
relBp,2.0,19,6,GGCGTCTAGGTGAAAATACG,13,3286008
relBp,7.285714285714286,56,6,GGCCTGGATAATTGGTACAT,50,3294228
relBp,14.428571428571429,106,6,GGCCACCTAAATTCAGGGGT,100,3304396
relBp,3.2857142857142856,28,6,GGCAGAGCACTTGGGAGCGT,22,3258930
relBp,1.4285714285714286,15,6,GGATTGTGTGCAGCTTGTTT,9,3303240
relBp,0.2857142857142857,7,6,GGATTGATGGGGATAGTTAA,1,3258459
relBp,0.2857142857142857,7,6,GGATTAGGACGTAGTTTAAT,1,3264155
relBp,0.42857142857142855,8,6,GGATACCCACGCCGTGATCT,2,3300831
relBp,1.8571428571428572,18,6,GGACCTCGCTCGTGTCGCGT,12,3271407
relBp,58.142857142857146,412,6,GGAAGCTCGTAAGTTATTTG,406,3270993
relBp,12.714285714285714,94,6,GCTTGCCTCGAACTGCGCTC,88,3265014
relBp,0.2857142857142857,7,6,GCTCTCCAGCTGGCGGTTGA,1,3289150
relBp,3.4285714285714284,29,6,GCTCCAACTGTGCTCCTCGT,23,3259495
relBp,8.285714285714286,63,6,GCTATAAAGCACACATCAAT,57,3281344
relBp,3.142857142857143,27,6,GCGTTACCGACGGTATATGC,21,3275880
relBp,19.714285714285715,143,6,GCGTCTCTAGAGCGAAGCTT,137,3306762
relBp,4.428571428571429,36,6,GCGTCCTTGGCACATCGCGA,30,3261428
relBp,0.7142857142857143,10,6,GCGGTTTTCCCATTATGTAC,4,3295321
relBp,1.7142857142857142,17,6,GCGGGCTCCATTCTATAAAA,11,3286894
relBp,0.2857142857142857,7,6,GCGGAGAACACTAATTCATC,1,3289918
relBp,2.7142857142857144,24,6,GCGCTACATGATGATCTGGT,18,3284192
relBp,0.5714285714285714,9,6,GCGCAGACCCCACTTCGTTG,3,3257431
relBp,1.1428571428571428,13,6,GCGACTGCATAAAAAATGCG,7,3269125
relBp,44.285714285714285,315,6,GCCTCCTGGTACTAGCGTGC,309,3294940
relBp,2.4285714285714284,22,6,GCCCGTTTCTCTCCTACCTA,16,3292488
relBp,1.1428571428571428,13,6,GCCCCAAATCATTTTATAGT,7,3304487
relBp,1.0,12,6,GCCCATATGAAGGTGAACAC,6,3304936
relBp,2.857142857142857,25,6,GCATTTGTCTATATCTACTC,19,3298474
relBp,1.7142857142857142,17,6,GCAGGGTACCAGTTTGTTGC,11,3275346
relBp,2.142857142857143,20,6,GCACCTACGTCCGTCGTCTG,14,3299749
relBp,10.857142857142858,81,6,GCACAGGTTTCAACTCCGCT,75,3303085
relBp,0.2857142857142857,7,6,GATGATGATCTTACGTGTTA,1,3271456
relBp,0.2857142857142857,7,6,GAGGGCGTCCCTTAAGCCAA,1,3289667
relBp,0.42857142857142855,8,6,GAGCCAAGACATCGATGGAA,2,3301981
relBp,4.857142857142857,39,6,GAGAGTGGACAGATCAAATA,33,3275028
relBp,5.857142857142857,46,6,GACTCTGACTGCAGTAAACG,40,3263191
relBp,2.142857142857143,20,6,GAATTTTGCTCACCCAGGCG,14,3301889
relBp,0.7142857142857143,10,6,GAATATGCCATTTGCCCCTC,4,3264427
relBp,3.2857142857142856,28,6,GAATAGTCGCAAGGACGGGA,22,3273696
relBp,0.2857142857142857,7,6,GAAAATGCTGCGCTGATGGC,1,3257672
relBp,0.7142857142857143,10,6,CTTGCGAATGGGTCTACGGC,4,3303596
relBp,0.2857142857142857,7,6,CTTCGACAATTATTCTTCAT,1,3257496
relBp,6.142857142857143,48,6,CTTCATGTGGGGGTTTCGTA,42,3276153
relBp,0.2857142857142857,7,6,CTTAGTTAGTTGAAGGGGGA,1,3307790
relBp,1.5714285714285714,16,6,CTTAATCTGGGATCACGGCG,10,3285821
relBp,1.0,12,6,CTGTGATCACGGCTGAGGGA,6,3289977
relBp,0.8571428571428571,11,6,CTGGGGACACTATCAGCGCA,5,3256947
relBp,4.285714285714286,35,6,CTGGATAGTCTCTGTCGTAA,29,3308480
relBp,2.4285714285714284,22,6,CTGGAGACAACTACAGTAAC,16,3265336
relBp,0.5714285714285714,9,6,CTGATTAGATTCGGCCACAA,3,3277643
relBp,1.0,12,6,CTCTGATACCCCCGTAAGTC,6,3305395
relBp,9.714285714285714,73,6,CTCCGGGTATCTTGTGTAGA,67,3280829
relBp,0.8571428571428571,11,6,CTCCACCTTAAAATGGGGGG,5,3280300
relBp,0.2857142857142857,7,6,CTCAGGCGGAGTTGCACGGA,1,3282345
relBp,0.5714285714285714,9,6,CTCAGAGTGTCACCTAGAAA,3,3267678
relBp,0.42857142857142855,8,6,CTAGGTTAATAATGGACAGA,2,3269790
relBp,4.428571428571429,36,6,CTACCATACCGTACCAAGAA,30,3293025
relBp,1.7142857142857142,17,6,CTAATAACCGTCGAGCGTAC,11,3289666
relBp,0.2857142857142857,7,6,CTAACTGCTGTGAGAGGTAA,1,3277009
relBp,0.5714285714285714,9,6,CTAACCCAGCTCGAGCAAGC,3,3288535
relBp,4.857142857142857,39,6,CTAAAGCCCTAAGTTGGTGT,33,3304336
relBp,6.0,47,6,CGTGTTGGGCGGGCCATGTG,41,3294785
relBp,0.2857142857142857,7,6,CGTGCTGCTTAAGGCAAAAA,1,3286806
relBp,3.0,26,6,CGTCATGCGCCGGTCTAATC,20,3285054
relBp,4.142857142857143,34,6,CGTATCAGCAGAGACGAACA,28,3299644
relBp,0.8571428571428571,11,6,CGTACTGACTCATGTATAAA,5,3302932
relBp,1.8571428571428572,18,6,CGGTAGTGTGACCGGTTATG,12,3293877
relBp,0.42857142857142855,8,6,CGGGTTTTCATCTTTAACCC,2,3271793
relBp,0.2857142857142857,7,6,CGGGGCTCAAGTTCAAACGG,1,3294157
relBp,6.571428571428571,51,6,CGGGACGTGGCGGAGAACCA,45,3299622
relBp,2.4285714285714284,22,6,CGGCTAAGGCCTTGCAGATC,16,3296623
relBp,2.0,19,6,CGGCGCACGCCGATGTCGGG,13,3305155
relBp,0.2857142857142857,7,6,CGGCCAGTTAGACTTTCCAC,1,3267380
relBp,19.0,138,6,CGGCATTCAGACTCGACGTA,132,3302272
relBp,1.4285714285714286,15,6,CGGAGTCCTGCAATTAAGGG,9,3278487
relBp,2.7142857142857144,24,6,CGCGGTCCTGCTCTATGTAT,18,3273545
relBp,1.0,12,6,CGCGGCTCGGATAGGCTACG,6,3270253
relBp,0.42857142857142855,8,6,CGCGGATGACATATCGGTGG,2,3269187
relBp,1.0,12,6,CGCGGACGAAGCTCGCTTGT,6,3278506
relBp,1.4285714285714286,15,6,CGATGAACAGCTCGACCTAC,9,3282307
relBp,5.428571428571429,43,6,CGATACCCTTCAGTGACGGC,37,3259902
relBp,2.2857142857142856,21,6,CGAGTCTAGACAAGGGTCAC,15,3300002
relBp,1.1428571428571428,13,6,CGACTTCGTGCAGCACATCG,7,3268158
relBp,3.7142857142857144,31,6,CGACAGGAGGTATGGCGGCC,25,3276365
relBp,0.8571428571428571,11,6,CCTGTGAGGGGGGCATTTCT,5,3289735
relBp,0.42857142857142855,8,6,CCTGTCGCTTTTTTTATCAT,2,3290125
relBp,3.142857142857143,27,6,CCTCAGGTTAACAACGATGA,21,3261896
relBp,7.142857142857143,55,6,CCTATAGGCCGACTCCTCCC,49,3277658
relBp,2.4285714285714284,22,6,CCTACAGGTCCGCGTCCGCA,16,3307482
relBp,2.0,19,6,CCGACTGAATGAAGGGTTGT,13,3305791
relBp,0.2857142857142857,7,6,CCCTTAATTAGATACCTGTC,1,3260675
relBp,8.714285714285714,66,6,CCCTGGTTAAGATTACGTGG,60,3306835
relBp,1.4285714285714286,15,6,CCCTAGGGTCCTGTACCATC,9,3287940
relBp,4.714285714285714,38,6,CCCGAATATAGACCCCGCGA,32,3299911
relBp,0.42857142857142855,8,6,CCATTAATTACTGGCAGCTC,2,3303309
relBp,2.0,19,6,CCATCCTTGTACCGCTACTC,13,3289949
relBp,2.142857142857143,20,6,CCATCCAGCGGCGACCTCGT,14,3280358
relBp,4.0,33,6,CCAGCCTTATGCGAACGCTC,27,3268480
relBp,4.0,33,6,CCACTTGACTTGCATACGCT,27,3272168
relBp,0.42857142857142855,8,6,CCACAATCGCCATGATAAGT,2,3266185
relBp,5.857142857142857,46,6,CATTGGCATTGCACTTACCA,40,3288338
relBp,0.2857142857142857,7,6,CATGATCGGACACTACAGAT,1,3267381
relBp,4.0,33,6,CAGTTAAGTGTCTCGTAGGT,27,3260089
relBp,11.714285714285714,87,6,CAGGTTGAGCACGCGTAATT,81,3293093
relBp,8.285714285714286,63,6,CAGCGGAGATATCTGTGATT,57,3269434
relBp,2.2857142857142856,21,6,CAGATATATTGTTTTGACCC,15,3263610
relBp,1.1428571428571428,13,6,CAGATAACTATAGTTCAATC,7,3283624
relBp,3.7142857142857144,31,6,CAGAGTACCTGGAAGTGTAC,25,3305291
relBp,3.5714285714285716,30,6,CACTTCGACCGTGTATGTAT,24,3296168
relBp,4.0,33,6,CACGGCCTCCCACTGGCTGT,27,3283705
relBp,1.8571428571428572,18,6,CACGGAATTCACCAGGTTTT,12,3282852
relBp,10.571428571428571,79,6,CAAGGGCGCGATCGGAGTTT,73,3303658
relBp,7.571428571428571,58,6,CAAGCAACCGCACGCGAATG,52,3289888
relBp,4.142857142857143,34,6,CAACGCAATTCTCATATTCT,28,3262576
relBp,10.285714285714286,77,6,CAACAGCTTGACTTCCAAAT,71,3269025
relBp,1.1428571428571428,13,6,CAAACGAGCATCGGCTAACT,7,3261813
relBp,3.857142857142857,32,6,ATTTGAAGTCAGTACTTCTC,26,3305126
relBp,0.5714285714285714,9,6,ATTGGTCGCCACTCTGCCGG,3,3302606
relBp,0.42857142857142855,8,6,ATTCTGGCATCATTCGACGT,2,3292584
relBp,1.1428571428571428,13,6,ATTACCGTAAGTAACTATAT,7,3305068
relBp,3.4285714285714284,29,6,ATGTGTTTAGCTGCGAAGCT,23,3305840
relBp,0.7142857142857143,10,6,ATGTGGACGTATATATTTAC,4,3258626
relBp,3.2857142857142856,28,6,ATGGGACTAAAAAATCGTAC,22,3276689
relBp,4.571428571428571,37,6,ATCTTTGCACTCGACATGAT,31,3264733
relBp,2.7142857142857144,24,6,ATCGGTAATGATGATTACCA,18,3291417
relBp,2.142857142857143,20,6,ATCATATGCGGCTATAATTG,14,3258320
relBp,19.428571428571427,141,6,ATCAGGGTATGCGGGTGGGG,135,3275062
relBp,3.857142857142857,32,6,ATCACCTGCGCATGGGACCT,26,3277288
relBp,3.7142857142857144,31,6,ATATAGCTAGCTGTTGTACT,25,3272867
relBp,1.7142857142857142,17,6,ATACTCCAGTTCGACGAATT,11,3286256
relBp,3.5714285714285716,30,6,ATACGTGGGAATAGTCTTAA,24,3300219
relBp,1.4285714285714286,15,6,ATACCACTCTCCTAAGAGGT,9,3257473
relBp,0.2857142857142857,7,6,AGTTAACAAGAAACTCGTGA,1,3279516
relBp,1.8571428571428572,18,6,AGTGGCCATCTAATGGTGAT,12,3259871
relBp,3.4285714285714284,29,6,AGTGGAAGGTTTGGTCATGT,23,3288323
relBp,0.2857142857142857,7,6,AGTGCGTTTGAGACACTATA,1,3267661
relBp,15.428571428571429,113,6,AGTCTGGGTCCGGGATTAAC,107,3303527
relBp,1.8571428571428572,18,6,AGTCGATTGAACTAATGCAT,12,3301869
relBp,1.8571428571428572,18,6,AGTAGTTTAGCTCCGTAAGG,12,3293369
relBp,5.0,40,6,AGTAGTAACGAAGTCTTATC,34,3275576
relBp,3.7142857142857144,31,6,AGGGCTCAGCGCGACTGGCG,25,3280599
relBp,2.142857142857143,20,6,AGGGAACGGTAGAAGAAAGT,14,3283013
relBp,0.2857142857142857,7,6,AGGCTTGAGCCCACCGCAGG,1,3295911
relBp,1.5714285714285714,16,6,AGGATAGGAGCGGGGGGCTA,10,3295654
relBp,5.428571428571429,43,6,AGGAGAGGGTGAGTACGTCT,37,3283945
relBp,0.42857142857142855,8,6,AGGACCTTTTTTCAGAGGCT,2,3277905
relBp,2.7142857142857144,24,6,AGCTCTAGGTTGGCGTTGCA,18,3262853
relBp,3.4285714285714284,29,6,AGCTCACGTGTAATAGAGCC,23,3269578
relBp,5.857142857142857,46,6,AGCGCTTCCGCCATTAAGCA,40,3275400
relBp,3.0,26,6,AGCCGGTTAGCACACAACTA,20,3261470
relBp,8.857142857142858,67,6,AGCATGCTCGTTTGAGTAGC,61,3281553
relBp,1.0,12,6,AGCATAGATTTGGAGTTCGT,6,3265428
relBp,0.42857142857142855,8,6,AGCAATGCAGTACTGCCTTA,2,3278418
relBp,1.2857142857142858,14,6,AGCAAACAAATGCTTGTGTG,8,3297810
relBp,5.571428571428571,44,6,AGATTTATGTTGGAACCTCC,38,3261337
relBp,5.714285714285714,45,6,AGATTAACGTAGCGTTGACT,39,3279683
relBp,1.5714285714285714,16,6,AGATAGGCGGTGACTGTCGG,10,3295069
relBp,0.2857142857142857,7,6,AGACACGGGACAGACGGTTA,1,3267311
relBp,4.857142857142857,39,6,AGAAGGCAGATTTGCTTTTA,33,3257130
relBp,3.2857142857142856,28,6,AGAAGAGAGAGCTTGTGGGT,22,3266487
relBp,3.2857142857142856,28,6,ACTTGCTCGATTTCGCCATG,22,3288019
relBp,0.5714285714285714,9,6,ACTTAATCATATCCCAGCCT,3,3261728
relBp,7.571428571428571,58,6,ACTGCTGTCAACTTGCCACT,52,3293004
relBp,2.0,19,6,ACTGCCCTTCCCTCACATTG,13,3286645
relBp,8.285714285714286,63,6,ACGTGAGTGTTGGGAGGCCA,57,3308742
relBp,2.142857142857143,20,6,ACGTACATCCTGGTTACGCT,14,3283005
relBp,0.7142857142857143,10,6,ACGGGTAAAGCAATCTCCGA,4,3304493
relBp,0.2857142857142857,7,6,ACGGATCTTTAGCTATCCCA,1,3288475
relBp,0.42857142857142855,8,6,ACGGAGACCTAACGATTCGT,2,3257664
relBp,1.0,12,6,ACGCCTGAATACCGTCATCT,6,3276950
relBp,6.857142857142857,53,6,ACGCACGTAGAATTGCTCAT,47,3270951
relBp,0.2857142857142857,7,6,ACGAGTTACCAGCCGCACTT,1,3300323
relBp,0.42857142857142855,8,6,ACGAGATCGTTCGTTGTGCT,2,3272194
relBp,0.42857142857142855,8,6,ACCTGGGGTAACGACTCGGC,2,3261427
relBp,4.714285714285714,38,6,ACCTGAGTGAACTTTCCGCA,32,3281053
relBp,4.714285714285714,38,6,ACCTCCTGCCAGTCATTGGC,32,3272093
relBp,1.0,12,6,ACCCGTTTAGATTCATCATA,6,3280240
relBp,0.2857142857142857,7,6,ACCCGGGATATGACAAAGGT,1,3307150
relBp,4.571428571428571,37,6,ACCAGCTACTGCGAACCCTC,31,3276163
relBp,2.2857142857142856,21,6,ACCACCGAACTTTCGCACCG,15,3285418
relBp,7.428571428571429,57,6,ACCAAACATCTAATCAGCGT,51,3306166
relBp,2.857142857142857,25,6,ACATGTTCGACTCTGTCCCC,19,3288370
relBp,0.42857142857142855,8,6,ACAGATGCGGAGCGATGAAA,2,3288814
relBp,5.0,40,6,ACACGGTGGTTAGGGCGAAG,34,3286460
relBp,0.7142857142857143,10,6,ACACCCATCATAAGCTAGGA,4,3261629
relBp,0.8571428571428571,11,6,AATTTGTGGGAACTTGGACA,5,3302278
relBp,5.285714285714286,42,6,AATTTGGGTCGAATCTCGCT,36,3291246
relBp,3.142857142857143,27,6,AATTTAGGAGAATATGGCAT,21,3298541
relBp,2.7142857142857144,24,6,AATTGCGCCCTGAAGTCCAT,18,3297513
relBp,1.8571428571428572,18,6,AATTATCATTCGGGGCAATT,12,3277602
relBp,9.428571428571429,71,6,AATCTTTGAGCCCGCGAGTC,65,3305536
relBp,27.142857142857142,195,6,AAGTAGCGCCCTGTTTGAAT,189,3297385
relBp,3.7142857142857144,31,6,AAGGTTTTGTCCCATAAATC,25,3302503
relBp,9.857142857142858,74,6,AAGGGTAAATTCGGATGGTA,68,3287993
relBp,2.142857142857143,20,6,AAGCTTGGAGTTGTCTAAGT,14,3262072
relBp,6.714285714285714,52,6,AAGCTAAGATGATGTCGCTG,46,3303014
relBp,1.7142857142857142,17,6,AACGGGTTAAGGTTTCACTG,11,3291034
relBp,0.2857142857142857,7,6,AACGCAATTCGTGCCCTGAC,1,3268166
relBp,2.5714285714285716,23,6,AACCTACGCAAGTGATGAGG,17,3282923
relBp,0.2857142857142857,7,6,AACATTCGTGGGAGCTTTGA,1,3265290
relBp,0.2857142857142857,7,6,AACACTGGACACTTCTCGAG,1,3267014
relBp,3.857142857142857,32,6,AAATTATGAAGGAAGGCCCC,26,3261439
relBp,4.0,33,6,AAAGGCACCAGAGATCTCGC,27,3281883
relBp,2.857142857142857,25,6,AAACGGGACAACTAACTCTC,19,3267523
relBp,31.857142857142858,228,6,AAAAGCGTTACGGAATAGCG,222,3305675
relBp,12.833333333333334,81,5,TTGTTCATTCGTTTCCCGGA,76,3300442
relBp,8.166666666666666,53,5,TTGTTAATCAAGTAGAGATG,48,3261236
relBp,0.5,7,5,TTGTCTTGTCCTTCGATTGG,2,3299600
relBp,0.3333333333333333,6,5,TTGTCCACCGTGTCCATACA,1,3269682
relBp,1.1666666666666667,11,5,TTGTAAAACTGCCCAGCTAG,6,3256225
relBp,4.666666666666667,32,5,TTGCTTGGGGATATTCCTCT,27,3263796
relBp,2.1666666666666665,17,5,TTGCAAACATACGTGAACCT,12,3272996
relBp,0.3333333333333333,6,5,TTGATTTTGTTAGGCACGAG,1,3301572
relBp,9.5,61,5,TTGATACTAGCTGCAAGGTT,56,3265434
relBp,5.0,34,5,TTGACTCCATCTCTCATGAA,29,3305486
relBp,11.666666666666666,74,5,TTGAAAGACCGTTGTAAACA,69,3279384
relBp,4.666666666666667,32,5,TTCTGGGGGAGCGCGCGCAA,27,3276136
relBp,1.1666666666666667,11,5,TTCTGCGGTGTTATCACCGC,6,3267747
relBp,0.3333333333333333,6,5,TTCGCCTTCCGGGGTGGCCA,1,3300024
relBp,3.5,25,5,TTCGAACGGCTATTTCAGAG,20,3266547
relBp,1.8333333333333333,15,5,TTCAAGTTGGATGAAGCGAA,10,3265661
relBp,4.5,31,5,TTAGTCTTCGTGGAGCCGCA,26,3282934
relBp,0.3333333333333333,6,5,TTAGGGATACTCTGATGAAA,1,3300511
relBp,8.166666666666666,53,5,TTACTTGTAGCAGGAATGCC,48,3292311
relBp,3.0,22,5,TTACTGCAATGCTCGCGTAT,17,3261710
relBp,0.3333333333333333,6,5,TGTTAGGAGACGCTTCGTGA,1,3266086
relBp,1.5,13,5,TGGTTGGGACTACATACGAC,8,3262154
relBp,1.0,10,5,TGGTTAGAGCCGGCGATGTT,5,3283898
relBp,2.8333333333333335,21,5,TGGTCGTTGGATGCGATATA,16,3261930
relBp,0.6666666666666666,8,5,TGGTACAACGAACAGCGTCA,3,3291611
relBp,4.333333333333333,30,5,TGGGGCGCAATTTCAAGGGT,25,3275812
relBp,2.1666666666666665,17,5,TGGCGACGTACAACAATAGC,12,3296921
relBp,1.6666666666666667,14,5,TGGACGAGCTATCTCTCGTG,9,3287184
relBp,0.5,7,5,TGGAAGTCAGCCTATGCTTA,2,3260552
relBp,2.1666666666666665,17,5,TGGAAAATAGACCGTCGAAG,12,3270529
relBp,1.3333333333333333,12,5,TGCTTCAGTCATGAGCGACT,7,3284343
relBp,1.8333333333333333,15,5,TGCTCGTGCGGGGGGTATCC,10,3266338
relBp,0.8333333333333334,9,5,TGCGCGCTAAGTAGATGACG,4,3269035
relBp,8.833333333333334,57,5,TGCATTATAACATGTATTAC,52,3256975
relBp,3.0,22,5,TGATTCAGGGCACAGGGATA,17,3307190
relBp,0.3333333333333333,6,5,TGATGGTCTACACGTATTTA,1,3275065
relBp,2.0,16,5,TGAGTACGGGATCTGTCTAG,11,3261047
relBp,12.333333333333334,78,5,TGAGCAGAGGCTAGCCCGCT,73,3256302
relBp,6.5,43,5,TCTTTGCTGTACGTTCGTTT,38,3308602
relBp,3.6666666666666665,26,5,TCTGATACCTTTCTCCCGTC,21,3263383
relBp,9.0,58,5,TCTCAATGAATTCAGAAACG,53,3288196
relBp,0.3333333333333333,6,5,TCTATCATGGGTGCGCGGAT,1,3291193
relBp,0.3333333333333333,6,5,TCTAGTGGCGAAACATGAGG,1,3288586
relBp,3.1666666666666665,23,5,TCTAACTCCGGGCTAATTAG,18,3304879
relBp,3.0,22,5,TCGTATAAGTGTTCTGCCTC,17,3263285
relBp,3.0,22,5,TCGGCTCACGATTAACATTG,17,3266186
relBp,4.666666666666667,32,5,TCCTGTTCATTTTCGAGAGG,27,3269098
relBp,0.5,7,5,TCCGGATCTTGGGAATATAT,2,3305399
relBp,6.666666666666667,44,5,TCCACTCCGGCACGGAAACG,39,3288281
relBp,3.1666666666666665,23,5,TCATCCGCGATCGTCAGTTC,18,3296357
relBp,10.5,67,5,TCAGTTTGCCCGCTGGGCGC,62,3299954
relBp,18.666666666666668,116,5,TCAGCTACCGTCGAAATTGT,111,3279185
relBp,8.0,52,5,TCACTGGAAGCGCAGTGGAT,47,3300547
relBp,1.1666666666666667,11,5,TCACGTGCACCATCAGCCAT,6,3286644
relBp,1.1666666666666667,11,5,TCAAAGGGCACAGGGACATA,6,3302746
relBp,8.833333333333334,57,5,TATGATTCTATTAGAGCGAA,52,3284954
relBp,1.1666666666666667,11,5,TATCGCTTCCAGGGAGATAG,6,3257546
relBp,0.8333333333333334,9,5,TATCAACTCGCCACCTCTCT,4,3277834
relBp,1.0,10,5,TAGGGAAAGATTCGGAAGAA,5,3270183
relBp,3.1666666666666665,23,5,TAGCATAGGGGTCTCCGCCG,18,3277327
relBp,0.5,7,5,TAGATTGCCGGCTCAGCGAC,2,3288896
relBp,1.1666666666666667,11,5,TAGACTCCCATATTCTAAGG,6,3281594
relBp,1.8333333333333333,15,5,TACTCTAATCGCTCACGGCG,10,3280201
relBp,6.833333333333333,45,5,TACTACGAGGGAGTCGAGTG,40,3256774
relBp,6.166666666666667,41,5,TACCGTCGGCAAGTGAAATA,36,3278381
relBp,2.3333333333333335,18,5,TACCCGTAAATCACAGCATA,13,3277638
relBp,7.0,46,5,TACCATGTGCCAAATTGGTA,41,3257171
relBp,12.0,76,5,TACACGAATTGCAAAGCTCC,71,3275192
relBp,0.3333333333333333,6,5,TAATTTGAGCCAATTGAGCA,1,3270791
relBp,7.333333333333333,48,5,TAATCGGACAGACTGTCGAT,43,3260404
relBp,21.166666666666668,131,5,TAACAAGACCTAGGCGGTAT,126,3306302
relBp,4.333333333333333,30,5,GTTTTTGATGTTAGGGGGTG,25,3274518
relBp,0.3333333333333333,6,5,GTTGGGGTAAATAAAGGGAA,1,3277789
relBp,5.833333333333333,39,5,GTTATCATTAAGACAGAGTC,34,3258533
relBp,0.3333333333333333,6,5,GTTAATATACGTGGCTACAG,1,3276380
relBp,1.8333333333333333,15,5,GTGTTAGTTCTTCGAATCCC,10,3287736
relBp,0.6666666666666666,8,5,GTGTTACAGGCTCCCGCCAC,3,3303056
relBp,0.3333333333333333,6,5,GTGTATCGTTGACTCAGCAA,1,3287217
relBp,6.833333333333333,45,5,GTGGCCCTATGCTCTCACGC,40,3263202
relBp,1.1666666666666667,11,5,GTGCCACCAATTTTCCTCTT,6,3264972
relBp,4.166666666666667,29,5,GTGCATACATGCAGAGGGTA,24,3268697
relBp,0.3333333333333333,6,5,GTGAGCGTTCTGGGACATCG,1,3302008
relBp,5.5,37,5,GTCTCTTCATGTATTTGCGG,32,3264766
relBp,4.666666666666667,32,5,GTCTAGTCGCCTTGGGAGGA,27,3260959
relBp,2.8333333333333335,21,5,GTCCGCGAACCTGGCATGTT,16,3291320
relBp,4.0,28,5,GTCCCGTGGCACTGGGGGTT,23,3304241
relBp,3.5,25,5,GTATGAACCTGACCTTGACT,20,3294062
relBp,8.0,52,5,GTATCGAATCAACCCCATTC,47,3289021
relBp,4.5,31,5,GTAGGCTGATCAAAAGTCGG,26,3301124
relBp,0.3333333333333333,6,5,GTAGCCTTAGTGCATTCACC,1,3258622
relBp,3.5,25,5,GTAGCATGGGTTAAATCAAA,20,3262644
relBp,6.166666666666667,41,5,GTAACCGGTTAGTTGGGCAT,36,3258113
relBp,5.833333333333333,39,5,GTAAACGTAGTGTTGGGCGC,34,3270990
relBp,15.333333333333334,96,5,GGTTTACTGTCTTCAGGCCA,91,3295841
relBp,1.1666666666666667,11,5,GGTTAATTGGGATGGACAAA,6,3288129
relBp,0.5,7,5,GGTGTGTCAAGCGCTCGATA,2,3260597
relBp,0.6666666666666666,8,5,GGTCCTCGGATTATGCGCTC,3,3261348
relBp,1.5,13,5,GGTCCCGGTATTAGTGGTGG,8,3305504
relBp,0.3333333333333333,6,5,GGTCATGATCTTATACGAAT,1,3308561
relBp,3.1666666666666665,23,5,GGTCAACAGGACACGCTCTA,18,3286951
relBp,6.5,43,5,GGTAGAGGGCCGTTGGCAAA,38,3291994
relBp,4.0,28,5,GGGTCGTCAACGTTAGCATC,23,3272000
relBp,1.0,10,5,GGGGTTCATGGCATGTTATC,5,3276934
relBp,7.333333333333333,48,5,GGGATTGTATCTAGGTAGGA,43,3274584
relBp,20.666666666666668,128,5,GGGACGCCCCCTGCACAATC,123,3257436
relBp,0.3333333333333333,6,5,GGGAACTCTTACAACGCGCA,1,3270762
relBp,0.8333333333333334,9,5,GGCTGCGGGACCACGTTCAG,4,3259411
relBp,0.6666666666666666,8,5,GGCGTAAGGCGCACGCCGGA,3,3260221
relBp,5.166666666666667,35,5,GGCGCAAAGTCAACTTGTCG,30,3279675
relBp,4.0,28,5,GGCCTAAATCTCGATGCTAG,23,3267336
relBp,1.1666666666666667,11,5,GGCAAACGTGGGCTACTTTT,6,3300982
relBp,3.6666666666666665,26,5,GGATGCAATCGGAATTCCGT,21,3274769
relBp,3.8333333333333335,27,5,GGACTCCGGCTGTTATGCCT,22,3282932
relBp,11.166666666666666,71,5,GGACGAGAGGTTGCTTTTTA,66,3257134
relBp,2.1666666666666665,17,5,GGAATCCCACAAAAATGGCA,12,3289042
relBp,0.5,7,5,GGAACGCTCGTTTTACACGG,2,3267239
relBp,1.1666666666666667,11,5,GCTGGTCATACAGGAGCAAG,6,3306367
relBp,1.6666666666666667,14,5,GCTGCGTCGGGATAGAGGAC,9,3280239
relBp,6.666666666666667,44,5,GCTATCAACTGGGATCTAAA,39,3307158
relBp,5.833333333333333,39,5,GCGTGTGTGGGTAGCATAGT,34,3269726
relBp,0.3333333333333333,6,5,GCGTGAGGGTTAAGGAAATA,1,3291907
relBp,11.166666666666666,71,5,GCGGAACGAGCGTATAGATT,66,3283375
relBp,1.6666666666666667,14,5,GCGCTTTCATGATACCGGAT,9,3297768
relBp,1.8333333333333333,15,5,GCGCAAATGCGACTGGTATC,10,3292526
relBp,2.3333333333333335,18,5,GCCGTTTGTAAAAATGTTCC,13,3286212
relBp,14.5,91,5,GCCACAGTCCGGGCTCGGGA,86,3299935
relBp,0.3333333333333333,6,5,GCCACACGCCGTGGGATAAC,1,3281887
relBp,6.0,40,5,GCCAAGAGACTACTGTGGGA,35,3269512
relBp,0.6666666666666666,8,5,GCAGATCGGCCGGATTGCAA,3,3262788
relBp,5.5,37,5,GCACCGAGTGATAAGGAGGA,32,3308665
relBp,4.166666666666667,29,5,GCAAAACGAAACATCAAGCC,24,3272960
relBp,1.3333333333333333,12,5,GATTGTACAGGTGGGTAGTC,7,3259217
relBp,5.5,37,5,GATGGATGTAGGTAACAGCA,32,3256199
relBp,2.3333333333333335,18,5,GATACAGTGCATGGATTAGC,13,3284027
relBp,24.333333333333332,150,5,GATAAAGGCGGTTGAGGCTT,145,3300747
relBp,3.8333333333333335,27,5,GAGGCACTCTTCCCAAAGGT,22,3285916
relBp,1.6666666666666667,14,5,GAGGATTGTCCAGATTCATA,9,3264901
relBp,5.666666666666667,38,5,GAGGAATAGTCCACGCCGGG,33,3258604
relBp,4.0,28,5,GAGCTGGTGCGTCCTGCGCC,23,3295481
relBp,0.5,7,5,GAGATGCATCATGCGTCCGA,2,3303424
relBp,4.0,28,5,GAGAGGTATGCCCGTAGCCT,23,3296947
relBp,10.833333333333334,69,5,GAGACAGGGATCCAATCTTC,64,3294470
relBp,0.3333333333333333,6,5,GACTCACATGGAAGCATCGA,1,3279930
relBp,6.333333333333333,42,5,GACAAATGGAGGACAGCGCT,37,3262322
relBp,3.6666666666666665,26,5,GAAGTCTTCCCTTGTGATGT,21,3285581
relBp,3.0,22,5,GAAGAGCCCGTACAAATTGA,17,3299868
relBp,26.666666666666668,164,5,GAACCGCGGACGACCGACCC,159,3299628
relBp,0.5,7,5,CTTTCGGCATCACTTGTTTC,2,3293616
relBp,1.5,13,5,CTTTAAGGTCCAGGGTGGGC,8,3302617
relBp,2.0,16,5,CTTATTACCCAACGAGAAGA,11,3290434
relBp,2.5,19,5,CTGGTGAGTGCTATTAACCT,14,3268046
relBp,0.8333333333333334,9,5,CTGGCCACCCCCAGGGAGCA,4,3297723
relBp,0.3333333333333333,6,5,CTGCTGGTCGACCTTGGAGA,1,3273527
relBp,9.166666666666666,59,5,CTGCGTTACGGTTTTAGCTT,54,3271459
relBp,0.3333333333333333,6,5,CTGAGTCTACGACAGATAGA,1,3299561
relBp,0.3333333333333333,6,5,CTCTAACGTCGTAGCTTCCC,1,3258709
relBp,5.166666666666667,35,5,CTCGCTCCATCAGAGGAGAC,30,3302344
relBp,2.5,19,5,CTCATAGATATGGGCCAAAT,14,3307271
relBp,0.3333333333333333,6,5,CTCAAGGGGAGAAGCTCCAT,1,3277435
relBp,7.666666666666667,50,5,CTATCTTTATAAACCGCCCG,45,3282369
relBp,1.5,13,5,CTAGTCTCCATAAGAGGTGC,8,3260879
relBp,2.5,19,5,CTACCCGGATGGCCTAACGA,14,3293577
relBp,0.3333333333333333,6,5,CGTTAGGCAGTAGCACGCGA,1,3280525
relBp,5.833333333333333,39,5,CGTGGACGCGGGTGGGTCAG,34,3298071
relBp,4.333333333333333,30,5,CGTGAATCATCCAGGGAAGG,25,3257495
relBp,1.0,10,5,CGTCTCGATATTTACTTGAT,5,3292306
relBp,1.5,13,5,CGTCGATTTAATTGCGGCTA,8,3268035
relBp,4.833333333333333,33,5,CGTCGAGTCACGGGAGGACC,28,3284584
relBp,5.5,37,5,CGTCCATACATCTTGAATAC,32,3291223
relBp,7.333333333333333,48,5,CGTACGTCAAATTAAATCTC,43,3306966
relBp,2.1666666666666665,17,5,CGTAAGATCCTCGACACTTG,12,3268309
relBp,0.5,7,5,CGGTGCTGTACGGGAGTCAT,2,3290375
relBp,0.3333333333333333,6,5,CGGTGAGTGTTTTACTTAGG,1,3293808
relBp,1.3333333333333333,12,5,CGGGGGAGGCTCCAAATTGT,7,3267950
relBp,9.0,58,5,CGGATTTGCATTTAAATATC,53,3306646
relBp,1.5,13,5,CGGATTGAGTACTTGTGGTC,8,3302714
relBp,2.5,19,5,CGGATACTCGCCACCTAACT,14,3257700
relBp,0.3333333333333333,6,5,CGGAAGGGGACGAGGAATTA,1,3303323
relBp,0.8333333333333334,9,5,CGCTAGGGGACCTATGTTGG,4,3303722
relBp,9.833333333333334,63,5,CGCGATGTTCGGCACCACCA,58,3265623
relBp,2.3333333333333335,18,5,CGCGATATAGACCATCGTCC,13,3294246
relBp,1.6666666666666667,14,5,CGCATGTAAGAGAGCAGCCA,9,3273798
relBp,5.0,34,5,CGCAGACGGGCTTTTTTCAT,29,3258456
relBp,12.0,76,5,CGACTGCCGCGTTCAAGGCT,71,3298115
relBp,4.166666666666667,29,5,CGAAGTCTGCTTAGATCAAA,24,3299191
relBp,7.5,49,5,CCTGGCGCATACGCTTAGCA,44,3294804
relBp,0.3333333333333333,6,5,CCTACGATGGCTCTGCCAAT,1,3299366
relBp,10.5,67,5,CCGTTTCTCATTGTCCGACA,62,3297244
relBp,3.0,22,5,CCGTGGAGCGCCTTCTGACT,17,3291158
relBp,2.1666666666666665,17,5,CCGTGCTAAGGCAAAGCACT,12,3279486
relBp,0.8333333333333334,9,5,CCCTTCTGAGGCTACGAATA,4,3271690
relBp,0.3333333333333333,6,5,CCCTCACCCTGCTTTAACAA,1,3280690
relBp,3.1666666666666665,23,5,CCCGCGTCGAGAAAGTCCGC,18,3302730
relBp,0.6666666666666666,8,5,CCCGCGGCTACAGGTGCGCC,3,3271295
relBp,3.6666666666666665,26,5,CCCCCGTAACTCGGAGTTGT,21,3291785
relBp,1.1666666666666667,11,5,CCCCCCTCGTTGTATAGTTG,6,3305357
relBp,0.3333333333333333,6,5,CCAGGTCGCGATTTACATTT,1,3268167
relBp,1.8333333333333333,15,5,CCAGCCGTCCGGAATTCAAG,10,3271365
relBp,4.5,31,5,CCACTTGGGGTGCGATTCGC,26,3281093
relBp,1.3333333333333333,12,5,CCACCCAACAGAGGAAACGT,7,3285052
relBp,0.3333333333333333,6,5,CATTTGTCGTGCAGTGATGG,1,3289329
relBp,5.0,34,5,CATTACCTTACTTCATCGGT,29,3261485
relBp,6.666666666666667,44,5,CATGTTAAACTACAAGCTTT,39,3276661
relBp,4.0,28,5,CATAGTTATTTCGCCAACCA,23,3282441
relBp,1.3333333333333333,12,5,CATACCTGTGAGCGTTCTCT,7,3292171
relBp,1.6666666666666667,14,5,CAGGGTACTCCGTATTGCAA,9,3275074
relBp,2.5,19,5,CAGGACGATACTGACTGCTA,14,3289123
relBp,3.1666666666666665,23,5,CAGCAAAATGTCCTCCATCT,18,3298455
relBp,2.6666666666666665,20,5,CAGAGCTTGGATTGTGTTCT,15,3263453
relBp,0.3333333333333333,6,5,CAGACGCCTCCTCGGAACCT,1,3304358
relBp,0.5,7,5,CAGAAGCTACAGTATACTTT,2,3306204
relBp,10.833333333333334,69,5,CACAGGTCTGTAGTGGCGTT,64,3302856
relBp,1.3333333333333333,12,5,CACACGTTCTTTCGCAAATT,7,3265681
relBp,2.8333333333333335,21,5,CAATGGAATCGTGAACGTCC,16,3294233
relBp,4.666666666666667,32,5,CAATGCTGAGCGGCGTAGGG,27,3302823
relBp,3.0,22,5,CAAAATCGCACGTCAAACAA,17,3270728
relBp,4.0,28,5,ATTTGCAGTACTGGGGCGAC,23,3308528
relBp,3.5,25,5,ATTTCCGATGCGAGGCGCCA,20,3287700
relBp,0.3333333333333333,6,5,ATTTCCGAAGACGGACTCTA,1,3276087
relBp,0.3333333333333333,6,5,ATTGTGGCTAAAGAATGACC,1,3286871
relBp,3.3333333333333335,24,5,ATTGGTCTCGGGAAGTTCGG,19,3300812
relBp,97.66666666666667,590,5,ATTGGAATATTTGAGGTAGC,585,3270618
relBp,37.166666666666664,227,5,ATTAACCCGTCTGCGGCCGG,222,3260407
relBp,2.1666666666666665,17,5,ATGCCTCGTGACACGCAGCC,12,3270449
relBp,3.1666666666666665,23,5,ATGCAGGCCGGACGTAGCAA,18,3283462
relBp,0.8333333333333334,9,5,ATGCAAGAGTAGGCGCTATT,4,3270167
relBp,7.333333333333333,48,5,ATGATTTGGCGCTTTCGTTA,43,3273242
relBp,5.5,37,5,ATGAAATCTACAATGTAATC,32,3285878
relBp,0.8333333333333334,9,5,ATCTGACATTCAGCTTGGAC,4,3290403
relBp,0.8333333333333334,9,5,ATCGCCCTGAGAGCCCCGGA,4,3272452
relBp,0.3333333333333333,6,5,ATCCCTCAATTGCGGAAAAT,1,3306039
relBp,9.333333333333334,60,5,ATCCCCCGACGCTGACTTAT,55,3306502
relBp,1.8333333333333333,15,5,ATCAGCCAACAGTATGAAGT,10,3298438
relBp,2.6666666666666665,20,5,ATATTGAAGCACGGGCTGAT,15,3277181
relBp,1.3333333333333333,12,5,ATAGCGCTACGATCTGTCGG,7,3282566
relBp,1.5,13,5,ATACGTCTCTGTCAATAACA,8,3291564
relBp,6.333333333333333,42,5,ATACATTAACGTCACGACAG,37,3287474
relBp,4.666666666666667,32,5,ATACATCGATATAACTCAGA,27,3267100
relBp,6.833333333333333,45,5,ATAACGTAATGAACTATTGT,40,3300752
relBp,0.3333333333333333,6,5,ATAACGAGTCGTTGCGAAAG,1,3280705
relBp,3.0,22,5,AGTTCTTCGCGACTGCGTAT,17,3278832
relBp,1.8333333333333333,15,5,AGTGCATTGTCTGTCATCAA,10,3300272
relBp,10.833333333333334,69,5,AGTACAAACGCGTAGGATTA,64,3292958
relBp,0.3333333333333333,6,5,AGGTCCCTAGATAAGAGGGT,1,3276533
relBp,0.6666666666666666,8,5,AGGTCAAGACATCCAGCGAC,3,3257315
relBp,2.0,16,5,AGGGGATGGACAATTCTCAC,11,3264240
relBp,6.0,40,5,AGGGGAGAAAGGCACTCACA,35,3267004
relBp,13.666666666666666,86,5,AGCTGTGCAGGTACAGGAGG,81,3295818
relBp,2.6666666666666665,20,5,AGCTCTGATAGTTATGGAGG,15,3302086
relBp,6.5,43,5,AGCGGAGAGTCAAGCGTAAG,38,3286874
relBp,34.333333333333336,210,5,AGCAAGCTGGGAGAACCTTC,205,3297506
relBp,5.333333333333333,36,5,AGCAAGCGGATCACGGTCTA,31,3278192
relBp,1.5,13,5,AGATCACATCACTGTGAGGC,8,3260384
relBp,0.3333333333333333,6,5,AGAGGGCACCAGTTAGTGGG,1,3277840
relBp,4.166666666666667,29,5,AGAGATTGAATTTTGCCCAT,24,3276655
relBp,3.5,25,5,AGAATCCCGGGGGCCCTTGC,20,3295154
relBp,2.6666666666666665,20,5,ACTTTATTCTTTTGAATAAG,15,3308388
relBp,1.1666666666666667,11,5,ACTGTGCCGTAGTAGTCTAC,6,3259703
relBp,3.8333333333333335,27,5,ACTGTAACAATTCAGTACAG,22,3273355
relBp,3.0,22,5,ACTGAATGCACTCTATATTT,17,3265429
relBp,4.666666666666667,32,5,ACTCTACGTGGGCGGCCTCT,27,3258953
relBp,2.3333333333333335,18,5,ACTCGTAAAAACCAACAGGA,13,3285713
relBp,2.8333333333333335,21,5,ACTCGGATAGGAATCGTCCA,16,3290530
relBp,0.5,7,5,ACGTGCACTTTATCGTAGCT,2,3303886
relBp,2.1666666666666665,17,5,ACGTCTACGGGAGATCGCAT,12,3275482
relBp,7.0,46,5,ACGGACCCGTTGCCGTAAAA,41,3270577
relBp,1.6666666666666667,14,5,ACGCTACATACGTTACATAC,9,3286738
relBp,1.0,10,5,ACGCACACACGCGGAACTGT,5,3299262
relBp,0.3333333333333333,6,5,ACGAGGGGGGCGTTTATCGA,1,3274836
relBp,1.5,13,5,ACCTCCTCTCATGGGCCTTT,8,3277439
relBp,2.1666666666666665,17,5,ACCTCCGAACCTTAGTGAAG,12,3290623
relBp,0.3333333333333333,6,5,ACCGTGATAATAGGAGGGCT,1,3284147
relBp,4.333333333333333,30,5,ACCGTGAAATATGTTGTCCT,25,3269126
relBp,0.3333333333333333,6,5,ACCCGTTTGTTTTCAAATAA,1,3272283
relBp,6.666666666666667,44,5,ACCCGAATTCGGCCTTTTTT,39,3294249
relBp,2.8333333333333335,21,5,ACCAGCTCCCTCAATCTTTG,16,3279427
relBp,12.666666666666666,80,5,ACCAGCTACACAGCGGTGCA,75,3258323
relBp,0.5,7,5,ACCAGACAGGTCGGATCGGC,2,3269169
relBp,0.3333333333333333,6,5,ACCAAGGCCATTCATATTTA,1,3303384
relBp,4.0,28,5,ACATCTTTCGAATTCGCTAA,23,3303751
relBp,0.6666666666666666,8,5,ACATAGCCCGGTGGTCGGGC,3,3288394
relBp,3.1666666666666665,23,5,AATTTTTCGCGAGTACAATA,18,3263892
relBp,0.3333333333333333,6,5,AATTATAGCCTGAATCTGTA,1,3260542
relBp,0.5,7,5,AATCTATTGCCCAGGAGGAA,2,3302218
relBp,7.0,46,5,AATACCAGCAGTCTGATTAT,41,3281054
relBp,3.6666666666666665,26,5,AATAATCCAGGAAGTCGAGT,21,3269188
relBp,0.5,7,5,AAGTGCGGACTGCACGTGAG,2,3278528
relBp,1.8333333333333333,15,5,AAGGTGTAAAAGAACTCGTG,10,3257185
relBp,0.3333333333333333,6,5,AAGGTCATGGCGTGGATTTA,1,3298588
relBp,0.3333333333333333,6,5,AAGGAGTAGCGGATCATGTT,1,3303103
relBp,17.333333333333332,108,5,AACCCCGAGGCGTAGGGTAA,103,3291306
relBp,12.0,76,5,AAATTGCGATCAGGAAACCT,71,3303560
relBp,5.5,37,5,AAATTGCATAAGCTGATCCG,32,3289285
relBp,12.166666666666666,77,5,AAATTCCCGAATGACGCTGC,72,3282753
relBp,0.3333333333333333,6,5,AAATGCTTTTGCTAGAAGGG,1,3287516
relBp,3.0,22,5,AAATATGATGCGAGCAAAGG,17,3294347
relBp,8.0,52,5,AAATAGAGCTTCCTGGAGCA,47,3275960
relBp,34.333333333333336,210,5,AAAATTGCCAAAGCTAAGTG,205,3268114
relBp,1.5,13,5,AAAATGATGGAGCATGGGTT,8,3291335
relBp,5.166666666666667,35,5,AAAAGACCAACGATACACCC,30,3290627
relBp,8.0,52,5,AAAACTTGTTGAATTGTGAA,47,3275972
relBp,1.0,10,5,AAAACACTGCTGGTTGTCTT,5,3305128
relBp,5.5,37,5,AAAACAACGTTGAGGCCCAA,32,3273107
relBp,8.2,44,4,TTTTCGACGCCGGACGGTAA,40,3280365
relBp,3.4,20,4,TTTGTTGGACGTTGTGAGCA,16,3290059
relBp,1.4,10,4,TTTGGGTTCTGTGTTGCATT,6,3260361
relBp,7.8,42,4,TTTGGCTGGTACCAGTAATC,38,3305484
relBp,1.0,8,4,TTTCCGGGCGGGACTGGGTA,4,3306173
relBp,1.2,9,4,TTTCACTTCTGTATTTAACC,5,3289326
relBp,4.0,23,4,TTTATCGAAAAGCCCGATCC,19,3291892
relBp,3.0,18,4,TTTACATTGTGGCGTCATGG,14,3288619
relBp,13.4,70,4,TTGTCAGTGGACGGCACAAG,66,3261787
relBp,3.8,22,4,TTGGTTTCGCAAGCAATTAT,18,3286678
relBp,24.0,123,4,TTGGCATTGGGTCTGTGACA,119,3267079
relBp,1.0,8,4,TTGGAGTGTGTGGGATTTAA,4,3295630
relBp,1.2,9,4,TTGCCAAAATACGAGTAGCT,5,3288342
relBp,3.2,19,4,TTCTTTGTGACTGGGGCAGC,15,3288775
relBp,3.6,21,4,TTCTTGGTAGACCCAAACCA,17,3297939
relBp,1.2,9,4,TTCTGGTGTAAAGTGCAGGG,5,3264196
relBp,3.8,22,4,TTCTATAGCAGAATCAAAGA,18,3265367
relBp,0.8,7,4,TTCCTTCGAGGTTCTACTCA,3,3306847
relBp,0.8,7,4,TTATTTTGTCATCCCTAATA,3,3285368
relBp,1.8,12,4,TTATTCGGTAGCAACACACA,8,3263817
relBp,0.6,6,4,TTAGGTGCCCGCCCAAGGTT,2,3284636
relBp,7.4,40,4,TTACCAACGCTAGAGCCCTC,36,3302004
relBp,6.2,34,4,TTAATCAAAGCGGGCGATAC,30,3262426
relBp,5.2,29,4,TGTTTAGGAATGCCTTTTTA,25,3272838
relBp,4.2,24,4,TGTTAGCATTCAGACAGCAA,20,3268618
relBp,2.0,13,4,TGTACGCTACCCATCTTCAA,9,3277721
relBp,1.8,12,4,TGTACATAACACCTGTTGCG,8,3272787
relBp,10.0,53,4,TGGTCTGGAAGCAGTAGAAC,49,3282972
relBp,0.4,5,4,TGGTCACATCATACAATTGG,1,3270069
relBp,1.4,10,4,TGGGTGCCGAAATTCGTAGA,6,3268115
relBp,3.2,19,4,TGGGGGGTTGTTAACACTAG,15,3269475
relBp,2.4,15,4,TGGGCAACTGCTGTCGAGAT,11,3269136
relBp,14.8,77,4,TGGGAGAGCGAGCGGAACCA,73,3303625
relBp,6.2,34,4,TGGATGGTGCCTCTATTAAT,30,3267127
relBp,0.8,7,4,TGCTTCGGTTGGACGATCTC,3,3297363
relBp,0.4,5,4,TGCTCCGTCTTGATGGTAAC,1,3266608
relBp,1.0,8,4,TGCAAATAGTTCGCAAGTGA,4,3302043
relBp,3.4,20,4,TGATACACGTGTGATTCTCT,16,3289265
relBp,3.2,19,4,TGAGGTCGTATGACATCTTC,15,3277703
relBp,2.2,14,4,TGACCTTCCGGGTTTATGTT,10,3287336
relBp,6.0,33,4,TGACCGTTCATTACTTCTTC,29,3284457
relBp,8.4,45,4,TGACACATTCCTCATAAGAC,41,3284873
relBp,10.6,56,4,TGACAAAGCTAAGATTAGCT,52,3284023
relBp,0.4,5,4,TGAAACCGGCGTTAGTGGGT,1,3283372
relBp,3.6,21,4,TCTTTCCGCTTCTTATTCTT,17,3276390
relBp,2.2,14,4,TCTCTTTCGGAGCGGATTCT,10,3265291
relBp,4.6,26,4,TCTCGGCCTCAGCTTCGGTT,22,3297396
relBp,1.0,8,4,TCTCAATCGGTTTTACATAT,4,3305608
relBp,3.0,18,4,TCGGGTATAGGGACAGCCGA,14,3308371
relBp,0.4,5,4,TCGGCCTCGACTGATTGCTC,1,3299774
relBp,4.6,26,4,TCGGAGCGGGGTGGGAGCCA,22,3269580
relBp,5.4,30,4,TCGCTCGGATAGCGTAGCGT,26,3287840
relBp,6.6,36,4,TCGCGGCGTGTCTTTTATGA,32,3307787
relBp,3.0,18,4,TCGCCGCTGTCCGCCCATAA,14,3297090
relBp,1.2,9,4,TCCTTTTTCAAAATTACCCT,5,3307721
relBp,3.6,21,4,TCCCGCTGCGGGGGGGGACA,17,3267201
relBp,2.8,17,4,TCCCAGACCACGTTCTATAT,13,3264682
relBp,0.4,5,4,TCCACAATGGCTTGAATTTA,1,3260410
relBp,17.4,90,4,TCACTACCTATTTTACCTTG,86,3295423
relBp,0.6,6,4,TCAATAATTTCTTAAAAATT,2,3288773
relBp,7.2,39,4,TCAAGTGTACGGAGCCATCT,35,3274090
relBp,3.6,21,4,TCAAGGATTAACAGATTTGC,17,3291583
relBp,4.2,24,4,TATTGGCCTTGATACGGTCA,20,3297516
relBp,1.8,12,4,TATTCTAACGTTTTACAAAC,8,3292968
relBp,1.2,9,4,TATCGTTGCAGGCGGTGAGA,5,3302412
relBp,1.2,9,4,TATCCCGGGAATCTACTCAT,5,3298344
relBp,8.2,44,4,TATCACCCTCCAATGCCTGC,40,3303372
relBp,11.2,59,4,TATATGGGCCTCGCGTCCCA,55,3305888
relBp,0.4,5,4,TATAGTTAGGCGCTTCAGGC,1,3296818
relBp,1.2,9,4,TATACTTACGTAGTTGCCGG,5,3303061
relBp,1.6,11,4,TAGGTTCCACACGGCAGGAT,7,3265761
relBp,26.0,133,4,TAGCCGACCTGGCCGTCGAA,129,3298160
relBp,15.0,78,4,TAGCATTCAGTGCTGGGTTG,74,3301684
relBp,0.4,5,4,TAGATACCTATTTGCGATTG,1,3256558
relBp,1.4,10,4,TACTGATATTGGTCGAAAAT,6,3256705
relBp,9.6,51,4,TACGATCTCTTAGTGGCCGA,47,3276294
relBp,4.2,24,4,TACCAAGATTCGTTCGTTTT,20,3274746
relBp,3.8,22,4,TAATTCTAGGTTGTCTGCGA,18,3307827
relBp,1.0,8,4,TAATAAATATTACGGCCGAA,4,3306464
relBp,3.2,19,4,TAAGGTTCGTCGAGGAATAT,15,3269186
relBp,0.4,5,4,TAACCGGGTGAATGTAAGTG,1,3263473
relBp,0.8,7,4,TAAACTACCTCCTATCGGAT,3,3278275
relBp,15.6,81,4,TAAACATCGCCCCCCTTTAT,77,3280909
relBp,0.4,5,4,GTTTGTTAGAGGCCTCACAG,1,3263635
relBp,1.4,10,4,GTTTGGATTAGGATCGAGAC,6,3261051
relBp,1.4,10,4,GTTGCGAGACCGACACTGAC,6,3260854
relBp,7.2,39,4,GTTGCGACAGGCATCGACTT,35,3297759
relBp,0.6,6,4,GTTCGTAACTCGGCTCTAGC,2,3298627
relBp,1.2,9,4,GTTCATTCTATTGTGTCCAA,5,3278729
relBp,6.0,33,4,GTGGTGGAGGCACGTTGGCC,29,3266182
relBp,5.4,30,4,GTGCGATTAGAAATTGGTGT,26,3285056
relBp,0.4,5,4,GTGATTCCAGAAGTTTCGAA,1,3265910
relBp,0.4,5,4,GTGACGCAGCTACCGGAAAT,1,3292309
relBp,2.2,14,4,GTGAACTTGAGACCCTTTGT,10,3257078
relBp,3.2,19,4,GTCGGTCCCGGGTGATGCTG,15,3306131
relBp,0.4,5,4,GTCCGGAGGGACCAGACCTA,1,3286606
relBp,0.4,5,4,GTCCGACATGGTTGTGTTTT,1,3275258
relBp,7.0,38,4,GTATGTCTCTCTATTCCTAG,34,3304286
relBp,0.6,6,4,GTATGACTCAACTCTATCGG,2,3257567
relBp,4.8,27,4,GTAGTTGATGTATAGTATAC,23,3286595
relBp,5.2,29,4,GTAGCGCCTACACGGGTTGT,25,3265174
relBp,7.4,40,4,GTAGAATTCAACGCTAAAGG,36,3256545
relBp,2.8,17,4,GTACTTGCTCGGAGATTGCA,13,3303623
relBp,2.0,13,4,GTACCCCTTGTGTGATCGTA,9,3282308
relBp,6.8,37,4,GTAACGTGTATCGTGTCCTT,33,3306438
relBp,7.8,42,4,GGTCTGCCACCTTGTGCGGG,38,3305381
relBp,0.8,7,4,GGTCGGGCACCGTGCTTAAT,3,3270836
relBp,3.0,18,4,GGTAGTGGTTTAACTGCATG,14,3288225
relBp,12.0,63,4,GGTAGTCGTCTTCGGGGCAA,59,3283360
relBp,8.8,47,4,GGTACCTCGGGGCACATTCG,43,3307979
relBp,5.2,29,4,GGTAATGAGCCGTCTGGTGC,25,3305769
relBp,22.2,114,4,GGGGGCGGGTGCCAGGACTA,110,3288784
relBp,3.2,19,4,GGGCCGGGCCAGGGTCTATC,15,3290870
relBp,1.8,12,4,GGGATTTAGATTTGTAACCT,8,3270610
relBp,0.4,5,4,GGGAAAACAACAGTGGAATG,1,3269438
relBp,1.6,11,4,GGCGGGATCTCTGCTACGTC,7,3286585
relBp,3.8,22,4,GGCGCTCCGCCCGTTCGCAT,18,3286255
relBp,0.6,6,4,GGCGAACGTTTGGTGGAACT,2,3268783
relBp,1.2,9,4,GGCCGCAAAGCGCGGCCGGC,5,3304397
relBp,4.2,24,4,GGCACTGCGAGGGGAATAGA,20,3281185
relBp,10.0,53,4,GGCAATTCATCGGTATGGAA,49,3262699
relBp,3.8,22,4,GGATATCGTCCAATATTATA,18,3267648
relBp,6.2,34,4,GGACGTATAGACTAGCGAAC,30,3272869
relBp,7.4,40,4,GGACCCCGTTGTTAAGGACT,36,3296535
relBp,1.0,8,4,GCTATTAAATTGTTATTTGT,4,3264178
relBp,4.0,23,4,GCTAGGTACCCCGCGAGGCA,19,3307732
relBp,4.6,26,4,GCGTGTGAGTTTAGAGTGAG,22,3270232
relBp,0.4,5,4,GCGTGCTATTGTGTGGAAAT,1,3299312
relBp,0.4,5,4,GCGTAGCTGGTATTTGATAT,1,3289633
relBp,4.8,27,4,GCGCGTGTCCAGTCTTATCG,23,3286880
relBp,1.0,8,4,GCGCATAGAGTTAAGGTCTC,4,3295324
relBp,26.0,133,4,GCGAGTCGTCTCCCCACTCT,129,3302763
relBp,9.4,50,4,GCCGTGTTTCACTTTAGAGA,46,3256363
relBp,4.6,26,4,GCCGCGTCGAAAGCGGGGGG,22,3267099
relBp,1.2,9,4,GCCATTATTCCCGTCACAAT,5,3287764
relBp,5.4,30,4,GCCAGACTAGGTGGTGCCTT,26,3285031
relBp,10.4,55,4,GCCACAACCCTGAGTTCAGA,51,3264513
relBp,2.8,17,4,GCATTCCCGTCACCAGTCCT,13,3305212
relBp,10.4,55,4,GCATCAACACGGAATCCAGA,51,3267824
relBp,1.8,12,4,GCATACCGAAGTTAGCCGGT,8,3296112
relBp,3.8,22,4,GCAGGCGTATCTATGGTGCT,18,3289270
relBp,1.2,9,4,GCACCACATTAACCAGTTCA,5,3294555
relBp,3.4,20,4,GATGTCTCATAGCGAGTCTG,16,3281084
relBp,3.0,18,4,GATCGGGTTGTAGGCTTGAA,14,3258230
relBp,4.4,25,4,GATACAGGCTCCGGCCGCAT,21,3305468
relBp,6.8,37,4,GATAACGGCGCCTGTTGCTG,33,3301858
relBp,2.8,17,4,GAGGTTTTTACCCCGGATTA,13,3300760
relBp,6.4,35,4,GAGGACCTAGTCTGGTTGCA,31,3271906
relBp,4.2,24,4,GAGCTTTGGTATGCTGGTGT,20,3286465
relBp,2.2,14,4,GAGCGTTATTCTTGACTACG,10,3306573
relBp,6.0,33,4,GAGCATGTGCTGGCCATTGG,29,3303474
relBp,1.4,10,4,GAGCAAAAGGGTCATCTAAG,6,3257930
relBp,4.6,26,4,GAGATATGCGTCGAACACGT,22,3275068
relBp,1.0,8,4,GACTCACTGTAACACCGTGT,4,3277607
relBp,3.4,20,4,GACCTACATGCAGTCGAAAA,16,3303017
relBp,2.8,17,4,GACCAGTTCGGAGTTGGTAA,13,3300421
relBp,2.8,17,4,GACACAATGGATCAGATCCT,13,3307943
relBp,6.2,34,4,GAAGGGCGTCCCGCATACAC,30,3300334
relBp,41.0,208,4,GAAGGATGCAAATACAATGG,204,3304865
relBp,4.2,24,4,CTTGCTAATTAAAACCGAGC,20,3259278
relBp,0.4,5,4,CTTGATCAGTAAGTTCTCCC,1,3271854
relBp,1.8,12,4,CTTCTGAACCTCATCAGTAC,8,3275794
relBp,12.2,64,4,CTTCGGTCATCCAGACATAT,60,3297532
relBp,27.4,140,4,CTTATATCCAGCAATCGTTA,136,3306602
relBp,10.4,55,4,CTTACTTCGGGCACGAGAGT,51,3308218
relBp,0.4,5,4,CTTACCACTGCTTTCGGGTT,1,3261097
relBp,8.6,46,4,CTTAATCGGTATGTGTGGGG,42,3297617
relBp,9.6,51,4,CTGTTCCTATAACGTCCGGG,47,3262309
relBp,0.4,5,4,CTGTGGTCCGGGTTGGTCGA,1,3286489
relBp,7.0,38,4,CTGTGGCGAAAACATTGTCA,34,3296752
relBp,1.2,9,4,CTGTATTGGGGCTGCCCAAG,5,3282315
relBp,0.8,7,4,CTGTATCCTCCGGTCGTGAA,3,3304449
relBp,3.2,19,4,CTGGTATCCCGCTTCGAGTG,15,3303794
relBp,0.6,6,4,CTGGCCTGTCATCAGCTCAA,2,3260859
relBp,3.6,21,4,CTGGCCGTACTAGATCGGTT,17,3283981
relBp,1.6,11,4,CTGGCAGCTAGCTTTGTGAA,7,3260511
relBp,5.8,32,4,CTGCTGGTCGATCTTGGGTA,28,3273524
relBp,1.4,10,4,CTGAGTGGTTAAGTCAAAGC,6,3285805
relBp,8.0,43,4,CTGAAGAACCACTGCATTAA,39,3289712
relBp,10.2,54,4,CTCTCACTGGGCGCCACATA,50,3256101
relBp,4.0,23,4,CTCCACTACCTCGACCCCGG,19,3293283
relBp,2.2,14,4,CTCCACGTCGCTAAGTGGTT,10,3297949
relBp,5.0,28,4,CTCCAAGGAAGAGAATGATG,24,3287537
relBp,3.0,18,4,CTCATGTATCTTCGGGCAGG,14,3260734
relBp,10.2,54,4,CTCACGGGAAGCGGGCCACC,50,3288369
relBp,1.4,10,4,CTATTTGAGAATCAGCAGCT,6,3258201
relBp,11.8,62,4,CTACTAGGGCGGACGTGAGG,58,3304170
relBp,3.8,22,4,CTAAGCGGAACAGCTTTCTA,18,3287865
relBp,8.0,43,4,CTAAGATAAGCATACTATCT,39,3299136
relBp,3.0,18,4,CGTGGTAAGACCGCCGCACA,14,3273727
relBp,1.0,8,4,CGTGAATATTCTCCACCTCG,4,3301654
relBp,5.6,31,4,CGTCCTTCGCGCCCACAGTG,27,3259254
relBp,4.0,23,4,CGTCCTCCGCGTGAGATTAC,19,3275111
relBp,9.2,49,4,CGTAGTACCCAGGGAAATAA,45,3273603
relBp,4.2,24,4,CGGTTCAAACGCCCTTTTAA,20,3296867
relBp,10.2,54,4,CGGTCACCGGCTACCATACT,50,3292321
relBp,4.2,24,4,CGGTCAAGAATGCTGAACTG,20,3305423
relBp,8.6,46,4,CGGGCTCAATTTATCTTATT,42,3297773
relBp,6.2,34,4,CGGCGCCGAATGAAGTTGGG,30,3308512
relBp,1.4,10,4,CGGCCCCTCACACGTCGTGT,6,3298488
relBp,0.4,5,4,CGCTGTCTCTCTCGACTGAG,1,3270894
relBp,1.0,8,4,CGCTATCGGCACTGTCTGTT,4,3275931
relBp,12.8,67,4,CGCGGGGAGCTTAGCCCTTC,63,3284069
relBp,3.4,20,4,CGCGCTTTGACGATAGGGCA,16,3285809
relBp,17.0,88,4,CGCCTGGGATCAGAGTATGT,84,3260538
relBp,6.2,34,4,CGCCGCCTGGTCAGGAAGGG,30,3288331
relBp,9.8,52,4,CGCCATGTATCTGTTGTCCG,48,3256594
relBp,0.8,7,4,CGCAACTAAATGTCGGGGCT,3,3258098
relBp,0.8,7,4,CGAGGTCCGGAACTTGGATT,3,3308054
relBp,0.8,7,4,CGAGACCCAGTGAGTAAAAG,3,3292433
relBp,0.4,5,4,CGACCACATATGGTTAGTCC,1,3272231
relBp,3.0,18,4,CCTTTCTAGGTATCCAGGAC,14,3257960
relBp,1.2,9,4,CCTTCTGGCCCAACTTCGCA,5,3282150
relBp,6.4,35,4,CCTCATTTATAGCATGATGG,31,3279279
relBp,8.0,43,4,CCTCATGTGGCATGACCTAG,39,3301141
relBp,5.6,31,4,CCTAGAGAGTTCAGACCCCT,27,3261133
relBp,6.8,37,4,CCGTGGATTTTGGGTTTCTG,33,3305202
relBp,9.2,49,4,CCGGCTGACGCTGCCGATCA,45,3264852
relBp,4.8,27,4,CCGCTCGCCTTCACTTGGTA,23,3280544
relBp,13.2,69,4,CCGAATGCTATCTACGAACA,65,3299627
relBp,5.2,29,4,CCCTCTTCTAGAGAACTCGT,25,3294750
relBp,10.6,56,4,CCCTCGACATACGCCTTAAG,52,3275524
relBp,1.6,11,4,CCCTATAGGCCGTTTTAGGG,7,3268360
relBp,0.4,5,4,CCCTAGGGAACATCGTCACC,1,3259665
relBp,0.4,5,4,CCCATTTTTACGACAAGATG,1,3259911
relBp,1.4,10,4,CCCAACGCCTCGGACTTCCC,6,3297470
relBp,3.8,22,4,CCATGGATAGCCGTCTAACG,18,3304527
relBp,6.4,35,4,CCATGCCTCGGGTGTAGGAG,31,3294477
relBp,7.2,39,4,CCATCTTCATCCGGACGTTT,35,3272211
relBp,0.6,6,4,CCATCTCTCGTGCCCGGCCA,2,3307634
relBp,2.0,13,4,CCACTGGCCCAGAACAGTAT,9,3261336
relBp,2.4,15,4,CCACTCGGTATTTGCGAGGC,11,3293051
relBp,0.4,5,4,CCACTCCTCATTGAAAATAA,1,3266605
relBp,1.0,8,4,CCACCGAGAATATTCAGTGC,4,3291179
relBp,0.6,6,4,CCAACGGCTTCAACAAGATT,2,3298371
relBp,5.2,29,4,CATTCCGTGAATCCAATTTC,25,3296398
relBp,11.4,60,4,CATTAGTTACGCGCCACTAG,56,3263603
relBp,1.0,8,4,CATTAATCACAGTAGCTAAG,4,3306072
relBp,0.4,5,4,CATGCGAGTCTGGGAGTGCT,1,3279041
relBp,0.8,7,4,CATGATTTGCTGTTTTCCAG,3,3275017
relBp,4.4,25,4,CATAGGAACAAAAAGTTTTT,21,3289784
relBp,5.0,28,4,CAGTTAAGTGTGCTGTCAGA,24,3284908
relBp,0.8,7,4,CAGTCTCCATGTTCCATCAG,3,3303661
relBp,0.6,6,4,CAGATCTTCTTCCCTGAGGG,2,3308453
relBp,1.0,8,4,CAGAGGTTGTACGGTGTCTA,4,3284837
relBp,4.0,23,4,CACTTAGTTAACTGGGTGGT,19,3278265
relBp,1.4,10,4,CAATTCGATCGCACGTACTT,6,3261893
relBp,3.2,19,4,CAATATAGACAGGAGAGGTT,15,3280319
relBp,0.4,5,4,CAAGGCATGCAGTATGAATT,1,3293333
relBp,9.2,49,4,CAAGGATGTATCGGATGGAC,45,3281034
relBp,4.2,24,4,CAACTAAACAGTTATTGGTA,20,3280446
relBp,5.4,30,4,CAACGTGTCGCTGGGTTCCT,26,3305417
relBp,12.8,67,4,CAACGGGACGAATTAGTCCA,63,3298549
relBp,3.2,19,4,CAAAGTCTTCACACAACCAA,15,3283782
relBp,9.2,49,4,CAAAGGATCAATCCGGTAAA,45,3262560
relBp,1.2,9,4,ATTTATCCCCAAATTTGCAT,5,3302369
relBp,12.0,63,4,ATTGCTGCGGCTCCGGATCC,59,3300366
relBp,4.0,23,4,ATTAGCTTTTTTATCCCTCT,19,3264883
relBp,15.8,82,4,ATGGGCGCGAATCCTCTCGC,78,3304552
relBp,9.2,49,4,ATGGGAGCTATAGGGGCTCA,45,3278492
relBp,0.4,5,4,ATGCCCACCTAATAACCCTT,1,3294189
relBp,3.6,21,4,ATGCACCAGAACGTGACTGT,17,3259884
relBp,4.4,25,4,ATGAGGACACCTCCCACTGG,21,3275757
relBp,2.0,13,4,ATGACCTGCCTAATCCCGAT,9,3274067
relBp,0.8,7,4,ATGAAAGTAGACCGAATGGT,3,3285123
relBp,5.2,29,4,ATCTTGTGGTCGCCGGGAGG,25,3306058
relBp,17.0,88,4,ATCGGGTTATGGCCTTAATA,84,3304444
relBp,3.2,19,4,ATCGCCTCTGTCCTGGAATG,15,3259891
relBp,7.2,39,4,ATCGAAGAGGGGATGAGTAT,35,3276321
relBp,8.4,45,4,ATCCGGTACAGGTTCTGGGG,41,3292804
relBp,2.4,15,4,ATCAGGCGCAAGACCCGAAC,11,3282831
relBp,1.2,9,4,ATATCATGGAGCCAGCTGGA,5,3280860
relBp,1.0,8,4,ATAGGTCCACAACCGTAGGG,4,3290555
relBp,7.0,38,4,ATAGATCAAGTGGAGAGTTC,34,3304455
relBp,12.4,65,4,ATACTTCCAGTGGCGCCACT,61,3273912
relBp,1.0,8,4,ATACAGTGTCGGTGAGGTAG,4,3290445
relBp,2.2,14,4,ATAAATATGTGATGTACTGG,10,3298990
relBp,3.8,22,4,AGTTAGGAGTATGTCTAAAC,18,3261987
relBp,0.6,6,4,AGTGGCTGGGGTTAATACTT,2,3288501
relBp,5.6,31,4,AGTGGCAACATGGGTATCCC,27,3265553
relBp,3.6,21,4,AGTGACATCCTTTCAACCCG,17,3303255
relBp,4.0,23,4,AGGCGCCCACAGGGGAGCGC,19,3261991
relBp,5.0,28,4,AGGCGCAAGTCCATAGTGTT,24,3281615
relBp,6.4,35,4,AGGATTCATAAGGATAACAG,31,3290502
relBp,4.2,24,4,AGCTCACATCTCTTCCGCAA,20,3268136
relBp,7.8,42,4,AGCCTGCAAAGAGGTGTTTA,38,3268863
relBp,1.0,8,4,AGCCTCGCCAAACAGATGTA,4,3287259
relBp,0.4,5,4,AGCATTCCACGCGCGTAGCA,1,3305893
relBp,0.4,5,4,AGAGTCCTGTAAAATGGGAA,1,3299700
relBp,0.8,7,4,AGAGGTGGTCCTCCAGAGGT,3,3261583
relBp,0.4,5,4,AGAGGAGTGAAGGATGTTAG,1,3305264
relBp,0.4,5,4,AGACATAACTTCTCAGTCTA,1,3301319
relBp,6.2,34,4,ACTTATTAAAATGCTTTTAC,30,3301830
relBp,5.6,31,4,ACTGCCCAAGTGCCGTGAGC,27,3286557
relBp,3.4,20,4,ACTCTTCATAGATGCAGTAT,16,3258588
relBp,3.6,21,4,ACTCGCATCAACGTCGGTCT,17,3306934
relBp,55.6,281,4,ACTAAAGAGGCGGCACCAGT,277,3299626
relBp,4.8,27,4,ACGTCTGCAGAAGCAGGCAA,23,3265901
relBp,0.4,5,4,ACGGCTTGGTGTGCGGCTCC,1,3275124
relBp,2.4,15,4,ACGCTGGTTTATATGTGTTG,11,3274604
relBp,15.6,81,4,ACGAGTATTAGACCTTGCTT,77,3305556
relBp,3.8,22,4,ACGAGACTTTTAGCGACGAT,18,3265205
relBp,6.2,34,4,ACCTTCTTCCACATGTACAC,30,3256343
relBp,2.2,14,4,ACCTGTTTTGGGGTATCGAT,10,3256116
relBp,4.4,25,4,ACCTGGGGAAAATCAACATC,21,3271701
relBp,6.0,33,4,ACCTATTTCCTTAAAGGTTA,29,3295365
relBp,0.8,7,4,ACCGGGGAACCGGTGACGGT,3,3257189
relBp,1.6,11,4,ACCGATACAACCGTCAACGA,7,3257990
relBp,1.6,11,4,ACCCATGCGTATGTAATTAG,7,3295296
relBp,13.6,71,4,ACCAGTCAACCATCTGGTTC,67,3266886
relBp,4.4,25,4,ACCAGGTCCAGACGGTGTGT,21,3281427
relBp,5.6,31,4,ACAGCCTGAGGGGTGTCTTG,27,3262599
relBp,1.4,10,4,ACACTCCTGATCGTAACTAA,6,3307632
relBp,0.8,7,4,ACAACGTGCTCCCTTTTGTT,3,3271881
relBp,9.8,52,4,ACAACAGGGGCCTAAAGGAA,48,3284753
relBp,3.6,21,4,ACAAATATGTAGGGAGAGTA,17,3259455
relBp,12.8,67,4,AATGGTTTCCTCCATGTAGC,63,3306381
relBp,2.8,17,4,AATGGGACTTCAGTAGCTCT,13,3276768
relBp,4.8,27,4,AATAGAACGGGCAATATCTG,23,3308712
relBp,2.6,16,4,AATAAGAGGTTACACTCCGA,12,3287738
relBp,2.4,15,4,AAGTATGCGCCGCCCCTATC,11,3268649
relBp,50.2,254,4,AAGTAGCGCCACGGCTTTAT,250,3306286
relBp,1.4,10,4,AAGGATGATCTAAGCGCCAG,6,3285712
relBp,0.4,5,4,AAGGAGTGTGGGTGTTAGAT,1,3276360
relBp,4.6,26,4,AAGATGGCACCGTGTAAAGG,22,3304471
relBp,2.4,15,4,AAGACTTAAGCACTTCAACT,11,3297370
relBp,5.6,31,4,AAGAAGATCTCAAACGTAGA,27,3264504
relBp,1.0,8,4,AACTTGATCCGCCCCTGTGT,4,3267446
relBp,8.2,44,4,AACTCATATAGTGTTCGAAC,40,3270062
relBp,9.0,48,4,AACGGCGATTGCTTCTGGTA,44,3295221
relBp,2.8,17,4,AACGCTTAATACAGGGCGCG,13,3267051
relBp,6.4,35,4,AACGCGTTCCTAGACGAACC,31,3290039
relBp,2.6,16,4,AACCTCCGCTCATCAAATTA,12,3303486
relBp,8.6,46,4,AACCCACAATGGCCTATCTC,42,3295909
relBp,1.8,12,4,AAATATTCCTGATTAGCTAC,8,3303829
relBp,3.6,21,4,AAATAGATTCCGGTTAGCCG,17,3308370
relBp,8.6,46,4,AAAGAGACGACTAATCTTTC,42,3299470
relBp,3.6,21,4,AAACGGCTGGTTGGCCTCCG,17,3272065
relBp,0.6,6,4,AAAACTTCAGAAAGTATAGG,2,3278709
relBp,0.75,5,3,TTTTCCCGGGCTGTACTGAT,2,3285479
relBp,1.5,8,3,TTGTTGCTCCAACATGTTTA,5,3273856
relBp,7.25,31,3,TTGTGTAGTCTTGAGTCAAC,28,3301448
relBp,1.0,6,3,TTGTCGTGTTAACTCCTTCG,3,3267835
relBp,6.25,27,3,TTGTATAAATTTCGTACAAT,24,3277514
relBp,6.25,27,3,TTGTACCCCAACGGGAGACA,24,3264447
relBp,0.5,4,3,TTGGGTGGCCGGTGCTAGGC,1,3277274
relBp,0.75,5,3,TTGGCGGGCAAATAGCCGTT,2,3293761
relBp,10.0,42,3,TTGAATTGGTTTCGGGATCA,39,3293227
relBp,2.75,13,3,TTCTTGCCTAAGCTCCTTCT,10,3306293
relBp,1.25,7,3,TTCGGTATAGCGGTGTGACC,4,3307398
relBp,21.25,87,3,TTCGCGATGGGCGCGCATGA,84,3265683
relBp,5.0,22,3,TTCGATAGAAGGTAATAGAT,19,3271816
relBp,13.0,54,3,TTCCAGCCGTTCTGACTTGG,51,3294046
relBp,1.0,6,3,TTCAGGCCATTAGCCCACGT,3,3257434
relBp,1.75,9,3,TTCAGCTGCCAACAGAAGGG,6,3301322
relBp,0.5,4,3,TTACTGTCGGTCCATCTTGA,1,3276928
relBp,7.0,30,3,TGTCGGTCCAATCTCGTAGC,27,3304256
relBp,7.75,33,3,TGTAGTACATCTGCAGGACG,30,3306045
relBp,2.0,10,3,TGGTGTTCACGGATTTTACA,7,3257337
relBp,0.5,4,3,TGGTGGTGGTGACTTCGACA,1,3270377
relBp,0.5,4,3,TGGTCCCGTTGCAGAGCCTT,1,3273033
relBp,0.5,4,3,TGGTACTGAGGCCTTGAAGA,1,3282783
relBp,10.25,43,3,TGGGTCCGTCACGGGGAAAG,40,3278339
relBp,3.25,15,3,TGGGATTCTGATGGGGGGAA,12,3291008
relBp,5.25,23,3,TGGCAGAGCGGCGGCAACGT,20,3260633
relBp,0.5,4,3,TGGAGTTCAGAATATACGGT,1,3282333
relBp,5.75,25,3,TGCACTCCCCCGATAACCCA,22,3299583
relBp,5.25,23,3,TGATGGCGGACAATGATACG,20,3258584
relBp,5.25,23,3,TGAGGTACAGCCCACTATGA,20,3306289
relBp,1.5,8,3,TGACCTAAGATAAAGGATCG,5,3258636
relBp,5.75,25,3,TCTTATAAACGACCCTCGGC,22,3272451
relBp,4.75,21,3,TCTGGTTGCAGCGCCGTTCC,18,3281723
relBp,0.5,4,3,TCTGCCACAGTATTGTTGTT,1,3299973
relBp,0.5,4,3,TCTCTGCCTTCTGGACTGCA,1,3266834
relBp,1.0,6,3,TCTCCCCGTTGTTAGTAGCA,3,3264204
relBp,3.25,15,3,TCTATTTCGTACTCGCTACA,12,3265978
relBp,4.75,21,3,TCTAATAAAAAGGTCTTACT,18,3280187
relBp,1.0,6,3,TCGCCCTTGTGGTTGATCGA,3,3307260
relBp,0.5,4,3,TCGCCCGGTAGCTCACTGTC,1,3281142
relBp,13.75,57,3,TCGATACGCACGACCGCGGG,54,3304859
relBp,2.25,11,3,TCGACTGGGAGAGATAAGGG,8,3269586
relBp,9.0,38,3,TCGAAACGCAAGGTCTTAAT,35,3298632
relBp,1.5,8,3,TCCTAGCAGTGCTAAGAGAG,5,3289452
relBp,18.75,77,3,TCCCGCCAGTTCTGCTCTTC,74,3273892
relBp,0.75,5,3,TCCAGGGGTCATTTCAGTAA,2,3260792
relBp,7.25,31,3,TCACCCGGCAAGGCCGTTAA,28,3274554
relBp,4.25,19,3,TCACCCAGTATCTTATCCAA,16,3266692
relBp,0.5,4,3,TCAAACGGAGATGCGGCCTC,1,3261758
relBp,8.5,36,3,TATTGGGGATGTCGATGGTA,33,3258753
relBp,4.75,21,3,TATCTCCATGGGATACATCC,18,3282420
relBp,11.5,48,3,TATAAGTAGCAACTCAGGAG,45,3306307
relBp,0.5,4,3,TATAAGCTCGGTCAATCAAA,1,3270319
relBp,0.75,5,3,TAGGATTCGCTAAGCAAGCG,2,3271440
relBp,0.5,4,3,TACTTGGTGGATATTCAGCT,1,3279774
relBp,0.5,4,3,TACTCTCCATTCGTTCCGCA,1,3285049
relBp,0.75,5,3,TACGTGAGTCCCCTTAGTTA,2,3272119
relBp,11.5,48,3,TACGCGTCTAAGTCGTGCGT,45,3272964
relBp,8.0,34,3,TAATGTTAAGTGCGTCGTAC,31,3308222
relBp,6.25,27,3,TAATCATGATATGTAAAAGT,24,3267880
relBp,0.5,4,3,TAAGGAGGTGTGGGACTTGG,1,3269572
relBp,5.25,23,3,TAAGATGCCGCAGGCTTGAA,20,3304977
relBp,1.25,7,3,TAAACGGCTCTAGGAACACA,4,3268646
relBp,10.5,44,3,GTTGAGGCTCGCGAATGTCC,41,3276270
relBp,9.75,41,3,GTTCTCTACTTGGGTACGGA,38,3297991
relBp,0.75,5,3,GTTCCGAAATGCTCGGCGTG,2,3267895
relBp,6.75,29,3,GTTCCATTATCCCCCAAGGT,26,3308543
relBp,5.5,24,3,GTGTACTTGTTCTAATCTCC,21,3287191
relBp,5.0,22,3,GTGGTAATTCTGGTCATAGT,19,3259614
relBp,0.5,4,3,GTGGTAATGGCGGAGTCGGC,1,3296236
relBp,4.25,19,3,GTGCATGACCGGGTTTGATC,16,3268450
relBp,7.25,31,3,GTGATGTCGTTCTGCTGGCA,28,3300423
relBp,2.75,13,3,GTGAGTTCAGTGGTCACCCA,10,3262555
relBp,9.0,38,3,GTGACTGTCGGGTACGGCTG,35,3276785
relBp,5.0,22,3,GTCGTTTTATATATAGCCAC,19,3307447
relBp,0.5,4,3,GTCGTGCAATAAACCCTCCA,1,3272901
relBp,10.75,45,3,GTCGTCAAATGAATGGTAAG,42,3267231
relBp,8.0,34,3,GTCGAGAAGCATACGGATAG,31,3305841
relBp,9.5,40,3,GTCCGGCCTCACGCTTTTCC,37,3280773
relBp,6.25,27,3,GTCCAATGCACTTACAGCCA,24,3262061
relBp,6.25,27,3,GTCATATGGAGTCTCATAGG,24,3261543
relBp,1.25,7,3,GTCAGACCGAAGGACCTCTA,4,3267412
relBp,9.25,39,3,GTCAAGAGTGTGAAGTCACG,36,3285565
relBp,2.0,10,3,GTATGGACGGAAATATTGAT,7,3304175
relBp,2.0,10,3,GTAGTTTTGGCGTCCCTCTA,7,3259543
relBp,4.25,19,3,GTAGTGCAATATGTTCTATT,16,3281928
relBp,10.75,45,3,GTAGCCGTCATTTCGATTAA,42,3260786
relBp,2.25,11,3,GTACTTTCATCCAAGAGCAA,8,3303736
relBp,8.0,34,3,GTACCCCATACCAACACTTG,31,3292940
relBp,13.25,55,3,GTACAATTACGGGGACTCGG,52,3305387
relBp,41.0,166,3,GGTTTGAGTCAGCTGCGTAT,163,3308457
relBp,0.5,4,3,GGTTGCCTCCACACATCCAA,1,3272479
relBp,3.5,16,3,GGTTCCGCACCCTTCAGGAC,13,3259627
relBp,2.0,10,3,GGTTCCAAACTGAGATATTT,7,3256765
relBp,0.5,4,3,GGTTACACCACACTACCCCC,1,3288999
relBp,22.0,90,3,GGTCCGATAACCCAGGAGCA,87,3303909
relBp,1.5,8,3,GGTCCAACATCGGATGACAG,5,3276998
relBp,9.25,39,3,GGTATTATGATACTGCGCAG,36,3258418
relBp,1.0,6,3,GGTATCGGACTATAGCTGTC,3,3284029
relBp,6.5,28,3,GGTAGAGCTTTGGACCAAAC,25,3303888
relBp,4.25,19,3,GGGTGTCATAGGGGACGGGT,16,3289507
relBp,7.25,31,3,GGGTACTACCCGGGGACCGA,28,3257080
relBp,1.0,6,3,GGGCTTTCTAACTTCCTAGT,3,3264393
relBp,5.0,22,3,GGGCGGCCAACCCAGCACAA,19,3303654
relBp,2.5,12,3,GGGAGGCCCGCACATACCTT,9,3267354
relBp,0.75,5,3,GGCTGGCGGAGCCTATCGAC,2,3299401
relBp,6.0,26,3,GGCGCGCATGACTCCACCCT,23,3264882
relBp,9.0,38,3,GGCGCCTATGGCCCTAGTAT,35,3288135
relBp,1.0,6,3,GGCCATGTCCTCTCCTGTAA,3,3298775
relBp,5.0,22,3,GGCACGGATCGAGGAGCGCC,19,3285877
relBp,9.0,38,3,GGCAATACGTCGTGGGCCTC,35,3263627
relBp,2.5,12,3,GGATGATAAATAGACAATAT,9,3298009
relBp,15.5,64,3,GGAGCCACTATGAAAGACCT,61,3272667
relBp,8.75,37,3,GGAGAAGTTCTCCGATTTCA,34,3286247
relBp,2.25,11,3,GGACTTCCGCCTGTGATGAG,8,3305000
relBp,3.5,16,3,GGAATGTAACCCTTCATTAT,13,3258940
relBp,9.25,39,3,GCTTCTACATAACAATTTCT,36,3284844
relBp,0.5,4,3,GCTGTATCAGCTGGTTGCTA,1,3296919
relBp,15.75,65,3,GCTGGCATCGTTAAAGGGGT,62,3299621
relBp,3.75,17,3,GCTGCCAAGACCCACACAAT,14,3276312
relBp,8.5,36,3,GCTAGTCGTTTTACTCGACA,33,3279952
relBp,0.5,4,3,GCGGCGCTAGGCTCCCGACC,1,3282139
relBp,6.5,28,3,GCCGGTGGTAGAGCATGTTC,25,3290759
relBp,0.5,4,3,GCCGCTGCTCTTGCCCCATA,1,3292645
relBp,8.5,36,3,GCCGAGTATATAGGGTTTGC,33,3286660
relBp,9.0,38,3,GCCCTCATTGTGCCAATTAA,35,3294796
relBp,6.25,27,3,GCCCTACGATGTATAAGTTA,24,3279069
relBp,10.25,43,3,GCCCGAACAGCTAGCGCTCA,40,3288603
relBp,4.25,19,3,GCCCCCTGAACTATTTTACT,16,3303754
relBp,1.5,8,3,GCCACGCGGCCGGCCATACT,5,3296907
relBp,4.75,21,3,GCATTGTGACCAAAGTCCAT,18,3293756
relBp,14.0,58,3,GCAGCCTCGGTCTTGACTGG,55,3293071
relBp,12.75,53,3,GATTATGGTTAGAGCTTGTA,50,3301241
relBp,2.5,12,3,GATGTCAAGCCCGGATTTGC,9,3262486
relBp,1.75,9,3,GATATTGGGCCTTTGATCTT,6,3275229
relBp,7.0,30,3,GATACATGTGTATCTTCTTG,27,3300329
relBp,0.5,4,3,GAGTTTGTGGGAGCTGACAT,1,3278147
relBp,19.5,80,3,GAGGTGGACCTTCGTGAACA,77,3270542
relBp,5.75,25,3,GAGGTATCAACTATCCTGGA,22,3301382
relBp,0.5,4,3,GAGAGTAAGTCTGGTGCCCC,1,3264895
relBp,6.75,29,3,GACTTGTCCCTAGGACTCGA,26,3284372
relBp,0.75,5,3,GACTAGAATGAGTTCCGGGA,2,3265040
relBp,0.75,5,3,GACTAATAGAAGGGTCGTCG,2,3301610
relBp,0.5,4,3,GACGCAAATGTAGGCATCGG,1,3267985
relBp,0.5,4,3,GACAGAGTTCAGCCCCGCGG,1,3281669
relBp,6.25,27,3,GAATATCTCAAATAATTGAC,24,3308100
relBp,1.75,9,3,GAAGTCCCTTACTCTATCAA,6,3269951
relBp,5.75,25,3,GAAGCGGAAAGCATTCCAAG,22,3283263
relBp,0.5,4,3,GAACGGCCTCATTGGCCTTT,1,3260132
relBp,0.75,5,3,GAACGCATGTGACTGTCGGT,2,3264640
relBp,34.25,139,3,GAAATTCCACCAAGGACCGG,136,3281619
relBp,6.0,26,3,GAAACGATGTACACGGCCAA,23,3269636
relBp,0.75,5,3,CTTTGGGTAGACGGGGACTA,2,3264722
relBp,10.75,45,3,CTTTCCCGAAGATGAAGGCA,42,3306481
relBp,0.75,5,3,CTTGATTGATTACGGGCATT,2,3280575
relBp,2.25,11,3,CTTCTCCGTCTATGGGTCGT,8,3289287
relBp,2.25,11,3,CTTAGTACCTCTTGTGAGGT,8,3263764
relBp,3.5,16,3,CTGTTCGTAGGCCTCAAATG,13,3303324
relBp,0.5,4,3,CTGTGCAGACAGCTGGTACT,1,3258948
relBp,4.0,18,3,CTGTCTGTGTAGCTAAGTTG,15,3277014
relBp,6.5,28,3,CTGGTTAAGGTCGTCTCTAG,25,3264908
relBp,15.0,62,3,CTGGTCCAGCTAATCCCAGA,59,3283773
relBp,13.0,54,3,CTGGGGAGGCACTGTCCAGG,51,3306157
relBp,9.5,40,3,CTGACATCCAGCCTTGAGGA,37,3262869
relBp,10.25,43,3,CTCGAGCGCGATGTATTAGG,40,3281695
relBp,5.75,25,3,CTCCTACGCTATAGGAACTC,22,3284054
relBp,10.25,43,3,CTCAGCGCCTGGTCATTCAT,40,3285889
relBp,0.5,4,3,CTCACGGCTTCGTTAAAAAA,1,3272723
relBp,11.0,46,3,CTATTTTTCCTCAAGGTACG,43,3271238
relBp,0.5,4,3,CTAGGCGTTAATGGATGAGT,1,3264512
relBp,1.75,9,3,CTACGTCAACCATGTCGATC,6,3301290
relBp,3.5,16,3,CTACAACGGCGTAGGACTCA,13,3262547
relBp,0.5,4,3,CTAATTTTTATTGGGCCTAT,1,3261452
relBp,22.0,90,3,CTAATGTAGCCGCGCGGCGC,87,3274717
relBp,2.0,10,3,CTAAGACAGGGCATACCGGG,7,3271172
relBp,2.0,10,3,CGTTCCCTTTGGCTTCCCCA,7,3280238
relBp,0.5,4,3,CGTGTCCAGAACCAGAAGGA,1,3260732
relBp,5.75,25,3,CGTGGGCGGACCGCCAGGGG,22,3293024
relBp,2.5,12,3,CGTCTCCATCATTCTCGCCC,9,3271447
relBp,12.25,51,3,CGTCGATCTATCAATTTCTA,48,3295452
relBp,0.5,4,3,CGTCCTCCAACGGCTGAGCT,1,3276682
relBp,9.75,41,3,CGTATTGAGATGGCGGCGGT,38,3265707
relBp,3.0,14,3,CGGTAAAGTGGGAAGCTCGG,11,3269482
relBp,1.25,7,3,CGGGTAGTGGCAAAGTTATA,4,3300132
relBp,0.5,4,3,CGGGCTAAGAAACCCAGCTG,1,3267905
relBp,0.5,4,3,CGGGAACATGCGCTAACGCG,1,3303055
relBp,0.5,4,3,CGGCGCGCATTTCGTGCCAC,1,3288997
relBp,4.25,19,3,CGGATAGCAATGTCCCACAG,16,3268077
relBp,26.0,106,3,CGGACTCGGTAGCATACCCT,103,3298633
relBp,2.0,10,3,CGGAATTCTCATCTGAGGCA,7,3274086
relBp,0.5,4,3,CGGAATAATCGCTATCAGAT,1,3298615
relBp,2.25,11,3,CGGAAGATGAGGTGCCTGGC,8,3258168
relBp,1.0,6,3,CGCGTAAGTGACTTACAGGT,3,3288390
relBp,0.75,5,3,CGCGGTCTCGGCGGGGTACC,2,3297960
relBp,4.5,20,3,CGCAAAGAATACAAATTTCA,17,3268422
relBp,0.75,5,3,CGATTCTACCCAAAGCCCTG,2,3261670
relBp,10.75,45,3,CGATGGATTCGCACACCCGA,42,3293799
relBp,3.0,14,3,CGATGATATTCCGGGATGTC,11,3273751
relBp,0.5,4,3,CGACCTGATTGGGCCTCCCA,1,3264841
relBp,0.5,4,3,CGAATGGTCTAAGTGCGTTG,1,3305961
relBp,6.5,28,3,CGAAAACATGTTGTCACAAG,25,3302414
relBp,6.25,27,3,CCTCCGCCTTAATGAGACTC,24,3261416
relBp,1.5,8,3,CCTCCACGCGGAAGCCTTCG,5,3288907
relBp,6.5,28,3,CCTCACCCATTCTTATAATG,25,3294805
relBp,3.5,16,3,CCTACAACTCCTTATCGATC,13,3275294
relBp,8.25,35,3,CCTAATTTGTAAGGACGATC,32,3256361
relBp,9.75,41,3,CCGTTATTTAGCGCGGTCGT,38,3306702
relBp,27.75,113,3,CCGTGTGAAATAAGTACTAA,110,3279908
relBp,1.0,6,3,CCGTGCTGGTGTGCCGGCCC,3,3266654
relBp,3.75,17,3,CCGTCGGTTTAAGACCTATA,14,3293041
relBp,5.5,24,3,CCGTAAAATGGGCCGGTTTG,21,3275660
relBp,0.75,5,3,CCGGGTCCTTTCCAGACCAG,2,3282145
relBp,2.5,12,3,CCGGGGCGTAAAGTGTCACC,9,3300149
relBp,0.5,4,3,CCGGCAGACCAAAAACCGCT,1,3268719
relBp,16.5,68,3,CCGAGACTACAGGGCGCAGG,65,3284819
relBp,0.5,4,3,CCGACTTCTATGATCATATG,1,3262697
relBp,0.5,4,3,CCGAATGGGTTAGCCCTCAG,1,3304116
relBp,0.5,4,3,CCGAAGGGCAGCAAGGCTCT,1,3270358
relBp,1.0,6,3,CCCTTAGATCTTTAAGATCG,3,3293095
relBp,6.5,28,3,CCCGGAGGGAACGTGGTGCC,25,3293954
relBp,1.25,7,3,CCCGAGACTATCATCGCGGT,4,3287785
relBp,3.25,15,3,CCCATTTGCGCAAGCTTCGT,12,3300820
relBp,1.75,9,3,CCCAGATTGGCGGGAGTAAC,6,3303741
relBp,1.25,7,3,CCCAGAGCAATCTGACCTTT,4,3306493
relBp,1.5,8,3,CCCACCGGTCCAGGAACACT,5,3276086
relBp,26.0,106,3,CCATTCCGAACCATGGATTT,103,3265573
relBp,1.0,6,3,CCAGCCTGACAAGGGTACGG,3,3288656
relBp,3.5,16,3,CCAGAATATAACTTGCGGCC,13,3291408
relBp,0.75,5,3,CCACACGTTTACGGCCCGCT,2,3292798
relBp,0.5,4,3,CCAATGGGTGGGTACCAGCT,1,3293725
relBp,0.75,5,3,CATGGTGGTACCTCTATATT,2,3296932
relBp,0.5,4,3,CATGCCATTGACGCGAGCGC,1,3289864
relBp,14.25,59,3,CATCTTGAGTAGTGGCGGTC,56,3264243
relBp,2.75,13,3,CAGTTTTACGCCTTTTCGCA,10,3303771
relBp,8.5,36,3,CAGTTATCGGAATGCACGTA,33,3279362
relBp,1.5,8,3,CAGTACGGCGGTACTCCTTG,5,3292799
relBp,50.5,204,3,CAGGACGGGTACTGCGCTGT,201,3269153
relBp,10.0,42,3,CAGCGACTTCCCGAGCTTTG,39,3304387
relBp,2.75,13,3,CAGATGTCGGTCTAACGCGT,10,3291875
relBp,0.5,4,3,CAGAGTCTGATGAGTAATTA,1,3300556
relBp,6.25,27,3,CAGACGGAGGACCATAAGGA,24,3293034
relBp,6.5,28,3,CAGACGCAATCAGCATCGTC,25,3295594
relBp,1.75,9,3,CACGATTCCCGGGACCAATG,6,3260688
relBp,7.25,31,3,CACCGGGGGCAAGCCGGTTG,28,3302883
relBp,1.25,7,3,CACATGCATGGCCTTAACAT,4,3286472
relBp,8.75,37,3,CAATACTGGCCACAGGGGTC,34,3264931
relBp,11.0,46,3,CAAGCAGTGATTGATTGTTG,43,3288752
relBp,5.75,25,3,CAAGATTTGCTCTCTGCCCG,22,3301774
relBp,5.25,23,3,CAACTCCGGGGCTACAACGG,20,3294789
relBp,0.5,4,3,CAACACGGACCCTACAGACC,1,3258657
relBp,0.5,4,3,CAAAACTCACCAGTCGAACA,1,3292962
relBp,5.0,22,3,ATTTGCCTAAACAATGACCT,19,3261192
relBp,22.75,93,3,ATTCGTCTCGGTGTCTAAAT,90,3303746
relBp,0.75,5,3,ATTCGGTGGTCTACTACCCT,2,3268119
relBp,8.0,34,3,ATTACAAAGTGAGGTGATAA,31,3256132
relBp,0.5,4,3,ATTAATTATTCCGGACTCCA,1,3281829
relBp,6.75,29,3,ATTAACATCCCCTTGGGATG,26,3266337
relBp,0.75,5,3,ATGTTGGTTGAATCGTAAGA,2,3288071
relBp,6.5,28,3,ATGTAGTTACCTAGATAGCC,25,3303142
relBp,5.0,22,3,ATGACTTGACGGTGTTTGGG,19,3292478
relBp,0.5,4,3,ATCTTGAGTCTCGGGTCAGT,1,3281047
relBp,0.5,4,3,ATCTCAGGACGTAACATCAC,1,3273013
relBp,3.0,14,3,ATCGTTACTTGGGTCCGGGT,11,3282513
relBp,2.0,10,3,ATCGGTATTTCCTCCTCGAG,7,3290357
relBp,3.25,15,3,ATCCGAGGGATCACTTTTAG,12,3267224
relBp,2.5,12,3,ATCACTAAATGACCCACCAT,9,3296922
relBp,4.0,18,3,ATCAATGCTCTGATAAACAT,15,3261343
relBp,0.5,4,3,ATCAAGCATTACGGTGACAC,1,3261658
relBp,7.25,31,3,ATCAAGCATCGCCCCTTCAG,28,3265158
relBp,3.25,15,3,ATATGTGACCATTAGCCGAT,12,3295450
relBp,0.5,4,3,ATATCGCGATTGTATGGTGT,1,3280286
relBp,3.0,14,3,ATAGGTTGGCGTGCCTCTGA,11,3275754
relBp,5.75,25,3,ATAGGCATCCCTTTGGGCCG,22,3273489
relBp,7.75,33,3,ATAAGTGGGTGAGCAATCAT,30,3288194
relBp,7.25,31,3,ATAACCATTACTAGGCTACA,28,3302971
relBp,1.5,8,3,AGTGCGCGGAACGCCTTAAA,5,3263557
relBp,0.5,4,3,AGTCAACGAAAGCATCCAGT,1,3269269
relBp,7.25,31,3,AGTAGCGAATCGTCAATACA,28,3292220
relBp,13.75,57,3,AGTACCGTGATGGCTTTCTT,54,3300417
relBp,7.5,32,3,AGTAATGCCATGAATCAACC,29,3283947
relBp,5.25,23,3,AGGTCGTTTAGCTCTTTTTC,20,3295486
relBp,6.75,29,3,AGGTCCGGATAGGTGAAAGT,26,3298377
relBp,1.0,6,3,AGGGCTGATAGCGAGAAGTA,3,3260316
relBp,6.75,29,3,AGGCTTAGATGTGAAGTGTA,26,3277957
relBp,8.75,37,3,AGGACGGTAATTGTCAGCCT,34,3299539
relBp,4.0,18,3,AGCTGGCGTTGGGCCGAAAT,15,3303297
relBp,6.0,26,3,AGCGGGTCCTGTCCGTCGAT,23,3262076
relBp,1.25,7,3,AGCCTCTATCCTGGTTCTCT,4,3277751
relBp,12.5,52,3,AGATCAAAAGTTCCGGGGGG,49,3293118
relBp,0.75,5,3,AGAGTCCGGACACTCGACGT,2,3287346
relBp,0.5,4,3,AGAGGGGGCCAGAGTTCGAT,1,3297086
relBp,0.75,5,3,AGAGCACGCGCAATTAGGAT,2,3284111
relBp,0.5,4,3,AGAGATATCGGCCACCGCCG,1,3277569
relBp,0.5,4,3,AGACTTTGTTCCCGGGTTTA,1,3256193
relBp,1.75,9,3,AGACGAAGAATCAGAGTCGG,6,3264889
relBp,0.5,4,3,AGAATGTCGCGGTTCTATCA,1,3280310
relBp,0.5,4,3,AGAAAGGTTTTCCCATCTCG,1,3273903
relBp,7.75,33,3,ACTTCCCGGAACTGTAGCAA,30,3286993
relBp,3.5,16,3,ACTGGGCCTATCTGGAACAA,13,3263106
relBp,10.75,45,3,ACTCCCCCTGCTCGCGGGTC,42,3283597
relBp,0.75,5,3,ACGTTCTCGCTGGGGGAGGA,2,3294460
relBp,5.5,24,3,ACGGTAGGCAACAGACGGGG,21,3293329
relBp,6.75,29,3,ACGGGTGTCGCCGCTCGTGA,26,3298491
relBp,7.0,30,3,ACGGATCATATTCCATCAGG,27,3294250
relBp,5.0,22,3,ACGCTGAATGCCTACCGACC,19,3289942
relBp,4.25,19,3,ACGAGACGTAAGATAAGCCC,16,3266510
relBp,0.75,5,3,ACCCTGAGGAAGCGGCATGA,2,3265551
relBp,7.75,33,3,ACCATATGGTACCTTCTCTA,30,3307640
relBp,28.75,117,3,ACATTCGGAACCCTACCCGT,114,3304442
relBp,20.25,83,3,ACATAGACCAAACAGACGGG,80,3302050
relBp,4.0,18,3,ACAGCGGGATGTTACTGCCT,15,3266769
relBp,9.75,41,3,ACACTGTAATCCTCACTGTT,38,3280122
relBp,7.75,33,3,ACACTAAAGCACCAACGTCA,30,3257318
relBp,0.5,4,3,ACACGCCGCGCCATTTGGAT,1,3285365
relBp,3.75,17,3,ACACGAGAGAACGACGGAGC,14,3270079
relBp,1.0,6,3,ACAATATGATCGTCCAATGT,3,3281945
relBp,4.25,19,3,AATTGTGTCAATACGTAGTA,16,3287591
relBp,0.5,4,3,AATTCGGGTACTTGGCGGCT,1,3298947
relBp,2.0,10,3,AATTAGTCATGCTTTCCCAT,7,3259660
relBp,1.75,9,3,AATGTCGAGTACGGTCGGCA,6,3299324
relBp,2.25,11,3,AATGTAGTTGGTGTCCTCCT,8,3290259
relBp,17.75,73,3,AATGCGGGAAACCGCGAGCA,70,3299721
relBp,1.5,8,3,AATAGTGCTGATGAAGTTAT,5,3308763
relBp,6.75,29,3,AAGGTCACAAAACAAGTTTC,26,3273443
relBp,10.0,42,3,AAGCTCGGTTAATTAAACCC,39,3300816
relBp,0.5,4,3,AAGCGCTAGTACATTAAATG,1,3262564
relBp,19.5,80,3,AACGCCTTTGCATCAGAAAT,77,3274807
relBp,17.5,72,3,AACAGTAGTATGCCGTTACA,69,3264832
relBp,3.0,14,3,AACAAGCGCTTCAAATGCTG,11,3269092
relBp,4.5,20,3,AAAGTACTTCAATGTATTAG,17,3299500
relBp,0.75,5,3,AAAGGTGCGGTGCAATTTAC,2,3264583
relBp,0.5,4,3,AAAGGGGCATGAACGCAAAC,1,3295622
relBp,3.5,16,3,AAAGCATGGAACCGGGGCTT,13,3304912
relBp,3.75,17,3,AAAACAACCCTTTAAGTCTT,14,3293121
relBp,1.75,9,3,AAAAAATCCATTTTTGCCCA,6,3270433
relBp,7.0,22,2,TTTTGTTCTTGATCTCACAT,20,3285592
relBp,7.0,22,2,TTTTCTTCTATGCGGGCCAT,20,3296185
relBp,13.333333333333334,41,2,TTTTCCTTCCCGCATGCACT,39,3256664
relBp,54.0,163,2,TTTGGCCTTGTAAACATCTG,161,3275579
relBp,3.3333333333333335,11,2,TTTCTCGTATGATTGGACGT,9,3307419
relBp,10.0,31,2,TTTAGCCCATGGATCGAGTA,29,3279668
relBp,3.0,10,2,TTGTTTCGTCGAATACGGGG,8,3300140
relBp,0.6666666666666666,3,2,TTGTCTTGCATTTTGCTACG,1,3306607
relBp,4.0,13,2,TTGTCGAACACACAGCAGGT,11,3272005
relBp,6.333333333333333,20,2,TTGTCACTGGAGCAAGGCTC,18,3297257
relBp,3.3333333333333335,11,2,TTGGGCGTGCGCGTCGGCTG,9,3267538
relBp,20.333333333333332,62,2,TTGATCCGTTTCGACTATTA,60,3261171
relBp,10.0,31,2,TTCTTTGGCAGTAGCAGATC,29,3302972
relBp,11.333333333333334,35,2,TTCATGTCAAGGTTCGGGCG,33,3280024
relBp,18.666666666666668,57,2,TTATATTCGATGATGCATTA,55,3283058
relBp,4.0,13,2,TTATACGTCGTTTAATGGGA,11,3258463
relBp,3.0,10,2,TTATACCAGCTCACCTATGC,8,3300358
relBp,43.333333333333336,131,2,TTAGTGAGCATAGTCATGCG,129,3262695
relBp,6.666666666666667,21,2,TTACCTGACCCTAAGGTGTT,19,3293055
relBp,9.0,28,2,TTAAGCCTGCCGACTTTGAG,26,3267684
relBp,21.666666666666668,66,2,TTAAGCCAAGGGTGTAAACC,64,3292483
relBp,3.3333333333333335,11,2,TGTTCCACGTCGAGGGATTC,9,3276770
relBp,0.6666666666666666,3,2,TGTGGTTTTCCTGCCCGGGT,1,3284711
relBp,11.666666666666666,36,2,TGTCGTGAGCGGTCATTCCG,34,3287922
relBp,78.66666666666667,237,2,TGTCAACATATAGACGCAAG,235,3292248
relBp,1.0,4,2,TGTATATTCCTTTTCGCGGG,2,3264547
relBp,0.6666666666666666,3,2,TGTAGGTACTGTGGCCGTGT,1,3303897
relBp,20.333333333333332,62,2,TGGTCATGGGTCAAATCGTA,60,3297794
relBp,12.0,37,2,TGGGTGGTGGGGGAACAGCC,35,3285387
relBp,0.6666666666666666,3,2,TGGGCTTCGAAGCCTTGAAC,1,3277316
relBp,6.0,19,2,TGGACTGATGAAAGGTAGGG,17,3258171
relBp,17.333333333333332,53,2,TGGAAAGTGTCGCCTTACGT,51,3305345
relBp,12.666666666666666,39,2,TGCTTAAGGTACCCAGAGGT,37,3269982
relBp,0.6666666666666666,3,2,TGCTGTAGGTGGCGCTTTGC,1,3274890
relBp,1.0,4,2,TGCTCCGTGGGTGAATTGAG,2,3273570
relBp,2.6666666666666665,9,2,TGCGTTTATGGACCATCCTC,7,3261671
relBp,6.333333333333333,20,2,TGCGCCCTTCATGCTTCCAT,18,3293560
relBp,0.6666666666666666,3,2,TGCCAGCTGATTGACATGAG,1,3295466
relBp,1.3333333333333333,5,2,TGCCAAGCTATGCGGACAGG,3,3301111
relBp,6.333333333333333,20,2,TGCATTAGTTTGATTTCAGT,18,3277122
relBp,7.666666666666667,24,2,TGATTCATAGTTGGAGCTTT,22,3269292
relBp,11.666666666666666,36,2,TGATGGCCGGCATTGTGAAA,34,3284172
relBp,11.0,34,2,TGATAAGGGGACTGAATTGG,32,3288053
relBp,0.6666666666666666,3,2,TGAGGATAGCCCTTACCTTG,1,3269511
relBp,0.6666666666666666,3,2,TGACAGTCAAGGATTCCAGG,1,3284884
relBp,0.6666666666666666,3,2,TGAAGTGCTCACGTGTAAGT,1,3294716
relBp,2.6666666666666665,9,2,TCTTCAGGTTCGATGTCGTT,7,3306262
relBp,3.0,10,2,TCTGCCGGTGGTCTAGCGAT,8,3256866
relBp,2.3333333333333335,8,2,TCTGCAAGTTGGTAAGGCTT,6,3301142
relBp,0.6666666666666666,3,2,TCTCGACGGGGGGTGGGAAT,1,3266813
relBp,22.0,67,2,TCTCCGGCGGCTGCCATGTC,65,3285744
relBp,3.3333333333333335,11,2,TCTAGTCACGAGTTACGCTG,9,3275967
relBp,2.3333333333333335,8,2,TCGTGCACTACGTATCCAGC,6,3262398
relBp,8.0,25,2,TCGTCTTCTTAATTGCAGAT,23,3265903
relBp,8.666666666666666,27,2,TCGTCGTTCGAAATAAAACA,25,3285048
relBp,2.0,7,2,TCGGGCCGGTTACTTGCGCC,5,3301937
relBp,3.0,10,2,TCGGGCAATATCATCCGGGA,8,3279744
relBp,9.333333333333334,29,2,TCGGGATTTTTAGAGTCGTA,27,3290365
relBp,12.333333333333334,38,2,TCGATTTGGGGGGTAAGACT,36,3283433
relBp,10.0,31,2,TCGAGTTCCTGGTAGCATCG,29,3305075
relBp,5.666666666666667,18,2,TCCGGTCTTAGAAGCTGGAT,16,3306067
relBp,6.0,19,2,TCCCTTATTGGGTATGGCAT,17,3273909
relBp,3.0,10,2,TCCATCTCGTGTATACGCCA,8,3256277
relBp,1.0,4,2,TCAACCAGTTCCATCCCCAC,2,3262651
relBp,4.666666666666667,15,2,TATCTGACCTGTACTGATCT,13,3294506
relBp,0.6666666666666666,3,2,TAGTCATGAAGCAAACAGTA,1,3283477
relBp,1.0,4,2,TAGGTCGGGCAGCTTCCCTC,2,3298896
relBp,10.666666666666666,33,2,TAGCTCAGTATTAGTCTCAG,31,3271216
relBp,0.6666666666666666,3,2,TAGACGGAGGCGTACTCGTG,1,3293625
relBp,0.6666666666666666,3,2,TAGACGCGCGTCAGAAACGG,1,3257504
relBp,4.0,13,2,TACGTCCGCGACGAGCTTCG,11,3263197
relBp,3.6666666666666665,12,2,TACGCCCTCCTAATACTAAG,10,3295848
relBp,15.666666666666666,48,2,TACCTTTAGTCAGCCCTTTG,46,3273987
relBp,9.0,28,2,TACCGGTCCGAGCCTTTATC,26,3299230
relBp,2.3333333333333335,8,2,TAAGTGTATCGTGGAATGGT,6,3272717
relBp,10.333333333333334,32,2,TAACTGGTTCAAAGAGACAG,30,3275937
relBp,14.0,43,2,TAACTCCTGGCACAAATATA,41,3294117
relBp,15.666666666666666,48,2,TAACGCCAATATACCAGTTT,46,3267411
relBp,2.3333333333333335,8,2,TAAATTAATGATGCGCATTA,6,3272876
relBp,3.6666666666666665,12,2,TAAAGTGATCTTGGGATCTA,10,3306181
relBp,19.666666666666668,60,2,GTTTTACACGCTCAGCCGAT,58,3295840
relBp,11.666666666666666,36,2,GTTTTACAAGATCACTGGGT,34,3293001
relBp,1.3333333333333333,5,2,GTTGTGGCCATACCTCCTTG,3,3288224
relBp,0.6666666666666666,3,2,GTTGGGTGTTTACCCAAATT,1,3307855
relBp,12.0,37,2,GTTGCTTTTGGTTATTATGG,35,3258032
relBp,3.0,10,2,GTTAAGTCTTATCGGATGGT,8,3277615
relBp,1.0,4,2,GTGTGTGCTAGGGCGCAATC,2,3275891
relBp,3.0,10,2,GTGTGGTTGGGGGACTCCAG,8,3304520
relBp,5.666666666666667,18,2,GTGCGTCTCATACGGAATAA,16,3282223
relBp,6.666666666666667,21,2,GTGAGTCTGATACAGTACCC,19,3287250
relBp,2.0,7,2,GTCGATCGGGAAAATATCGA,5,3303420
relBp,15.666666666666666,48,2,GTCCGCGTGAATCCAAAGGG,46,3296763
relBp,3.0,10,2,GTCCCACTGTTTGGCGGAAC,8,3297386
relBp,18.666666666666668,57,2,GTCACCACTTCCGCCAATTC,55,3272011
relBp,9.0,28,2,GTCACACTCTTTAGTATGTA,26,3291792
relBp,5.666666666666667,18,2,GTATCTACAACGAGGATCTT,16,3299953
relBp,1.6666666666666667,6,2,GTATCGGTGGTCTAAGGTCA,4,3289945
relBp,7.333333333333333,23,2,GTATCCCTCGCGGCCTGCAA,21,3288484
relBp,0.6666666666666666,3,2,GTAGCATCACGCGATATCTG,1,3261382
relBp,0.6666666666666666,3,2,GTACTGTTTCGCCGTGCCTC,1,3306757
relBp,0.6666666666666666,3,2,GTACCTTTATCAACTGCAGT,1,3293367
relBp,16.0,49,2,GTACCGGGCAGAGCCAGGTG,47,3265579
relBp,0.6666666666666666,3,2,GTACAGCCTGTGCGATTCAT,1,3292209
relBp,1.6666666666666667,6,2,GGTTTTAGCCCGGCGTCCGA,4,3306597
relBp,3.6666666666666665,12,2,GGTTGCCAGCGTGACCCGGG,10,3256264
relBp,8.0,25,2,GGTTCCTAAATCCCGGAGTG,23,3295447
relBp,26.333333333333332,80,2,GGTCGCGTCAATGACAATAT,78,3268063
relBp,0.6666666666666666,3,2,GGTCAGCTCGGGTAAATGGT,1,3259887
relBp,3.0,10,2,GGGTGCAGCGAGGTGAGCTA,8,3285567
relBp,2.3333333333333335,8,2,GGGATTACTTCAGACGTCTA,6,3287127
relBp,0.6666666666666666,3,2,GGGATATTGAATTAGTGCTA,1,3263368
relBp,5.666666666666667,18,2,GGGAGCACGGGAATCCGGTC,16,3303387
relBp,2.3333333333333335,8,2,GGGACTTTGCGTAGTCGCCT,6,3295719
relBp,9.0,28,2,GGCTCGTAACGACCTAACGG,26,3278002
relBp,23.0,70,2,GGCGAGGTGTACAGTTAGTG,68,3285253
relBp,28.666666666666668,87,2,GGCCACTGAAGCCGACACAC,85,3265451
relBp,5.0,16,2,GGCAAGTCCTATTTATCGTC,14,3280685
relBp,2.3333333333333335,8,2,GGATTTTCATGGGAAATTGT,6,3262722
relBp,0.6666666666666666,3,2,GGATTTGCTAAGAAGCTATG,1,3263254
relBp,0.6666666666666666,3,2,GGATACCAGAACAGGGTTTG,1,3290489
relBp,3.6666666666666665,12,2,GGAGTTATCCCCGCTCGTAG,10,3283772
relBp,10.0,31,2,GGAGGTTGCTTCAACAGCCG,29,3257375
relBp,12.333333333333334,38,2,GGAGGTTATCGATATCGCGG,36,3306673
relBp,6.0,19,2,GGAGCATGGGTAAAGCGCAG,17,3260930
relBp,31.666666666666668,96,2,GGACGGGCGTTTTGAAGCCT,94,3277518
relBp,7.333333333333333,23,2,GGACCGTAAGTGGAGTTCTC,21,3277458
relBp,4.0,13,2,GGACCAGGCATACCGCGGTG,11,3299361
relBp,22.0,67,2,GGAATCAACGGAAACACCGT,65,3307356
relBp,3.0,10,2,GCTTGAATCCTGGTAATGAT,8,3301724
relBp,10.0,31,2,GCTTCTAACGTCTTGAAACA,29,3285871
relBp,12.333333333333334,38,2,GCTGCGCACCTGGTGCTGGA,36,3259357
relBp,18.666666666666668,57,2,GCTAAGTGGGACCTATGCTC,55,3274339
relBp,1.0,4,2,GCGTCGCGAGCGGAAAAAAA,2,3298207
relBp,2.3333333333333335,8,2,GCGTCCGTACAGTGGCCTTA,6,3305429
relBp,12.333333333333334,38,2,GCGTATGCCGGAATGACCCC,36,3258713
relBp,8.333333333333334,26,2,GCGGCGGGGACCGTCTCTTA,24,3281766
relBp,3.0,10,2,GCGGAGAGTGTGCGCACGAA,8,3288490
relBp,19.333333333333332,59,2,GCGGACGTCGAAGGGGACCA,57,3275075
relBp,0.6666666666666666,3,2,GCGCTTTAATAGCGCTGCAG,1,3306969
relBp,34.0,103,2,GCGCGAGTGTATCCCTACAG,101,3298536
relBp,1.3333333333333333,5,2,GCGCCTTAAGATCGCGGCGA,3,3290212
relBp,1.0,4,2,GCGAAGTAAATGACTTCTGA,2,3283240
relBp,4.333333333333333,14,2,GCGAAACCGGAAGAAGGGTA,12,3267047
relBp,0.6666666666666666,3,2,GCCGCGGAGCCGGTGACGGA,1,3293778
relBp,3.0,10,2,GCCCTGGAAGGTGAACTTCT,8,3261886
relBp,3.3333333333333335,11,2,GCCATACAAGCGCCTGGCTC,9,3306592
relBp,1.3333333333333333,5,2,GCCATAATGTCGGTGATAAA,3,3297021
relBp,1.6666666666666667,6,2,GCATTTATGTTCATGGGATA,4,3276003
relBp,10.333333333333334,32,2,GCAGGGCCATGGGCAATGGT,30,3281399
relBp,0.6666666666666666,3,2,GCAGATTTCTCTGGAATCAA,1,3266334
relBp,13.0,40,2,GCAGAGTGGGCGGCATTGAA,38,3278612
relBp,1.3333333333333333,5,2,GCACTCCGTGCTACGCTGTT,3,3292681
relBp,5.666666666666667,18,2,GATTACTAAATTGCAAGGGG,16,3291751
relBp,0.6666666666666666,3,2,GATGCACAGCACTCGTTTCA,1,3263704
relBp,3.6666666666666665,12,2,GAGTCCCAGCATGCGCGTGT,10,3287361
relBp,16.333333333333332,50,2,GAGGTTCTCCGCGCCTCTCC,48,3291005
relBp,0.6666666666666666,3,2,GAGGTAGGGAATCGTAGCAT,1,3272556
relBp,1.0,4,2,GAGGCTCCGGGGGAGAGCCA,2,3284240
relBp,14.0,43,2,GAGGCGTAAATCTGATAGGG,41,3267463
relBp,4.0,13,2,GAGCCCCGGTCTCGGTGTTG,11,3298394
relBp,18.666666666666668,57,2,GACTTCAAAGGGCCGGTCAT,55,3264826
relBp,1.0,4,2,GACTGGACTGAAATGCTTGC,2,3280352
relBp,9.666666666666666,30,2,GACGCAGCCGCCGTAGACCA,28,3284777
relBp,4.333333333333333,14,2,GAAGCACATTCTATCCTGCC,12,3279757
relBp,3.0,10,2,GAAGACTTGCCCCGATCACT,8,3286345
relBp,8.0,25,2,GAACGCGATCGTCAAAGGCT,23,3285064
relBp,3.6666666666666665,12,2,GAAAGCAGCACGTTTAGGTC,10,3300301
relBp,2.0,7,2,CTTGTACCAAGGTCTCAGGG,5,3295075
relBp,15.0,46,2,CTTGGACGGGGTGGTTTTAT,44,3297624
relBp,9.333333333333334,29,2,CTTCCGCTCTTACACGTCAA,27,3292963
relBp,18.333333333333332,56,2,CTTCACTCTGGCATCTATAT,54,3264812
relBp,8.666666666666666,27,2,CTTCACGGTTGGATGAACCA,25,3297345
relBp,9.333333333333334,29,2,CTGGTTATGGTACTCGGTTA,27,3308095
relBp,16.666666666666668,51,2,CTGGGACGGCGGACAGACTG,49,3285177
relBp,5.666666666666667,18,2,CTGCGGAGGTTTTTAGCGGT,16,3273904
relBp,4.666666666666667,15,2,CTGCCTGAGATCCATACCAG,13,3260349
relBp,10.666666666666666,33,2,CTGATTCTTGAAGTAGGCTA,31,3307680
relBp,10.333333333333334,32,2,CTCTGGCTCCTCTTAGTATT,30,3303512
relBp,7.333333333333333,23,2,CTCTATTGGAACGTAAGCTG,21,3267733
relBp,0.6666666666666666,3,2,CTCCGCTCGCAAGCAGGAAA,1,3290987
relBp,5.333333333333333,17,2,CTCCCTGGGAAAACGAGCTA,15,3286070
relBp,1.6666666666666667,6,2,CTCCCAGCGTCGAGAGAAAG,4,3257339
relBp,3.0,10,2,CTCCACATTCTCCGCGGTAA,8,3286065
relBp,7.333333333333333,23,2,CTATTGCAGTATCTAAGCTA,21,3271003
relBp,3.3333333333333335,11,2,CTATAGTGCAAGACTGTGGA,9,3260936
relBp,0.6666666666666666,3,2,CTAGCCCTATCATGCAGGTC,1,3296950
relBp,22.0,67,2,CTAGACTACTCACTAAACCT,65,3286253
relBp,5.0,16,2,CTACTCTCTAGACGACGGTT,14,3261146
relBp,2.0,7,2,CTACCTTGTTGTTATGTGAA,5,3288940
relBp,1.0,4,2,CGTTACGGTGAACGCAGTGG,2,3293825
relBp,7.666666666666667,24,2,CGTTAAGCCGGCATAAACTG,22,3287841
relBp,0.6666666666666666,3,2,CGTGTGCGAGGCATACCATT,1,3290721
relBp,1.0,4,2,CGTGTGATTGCCAAGCATCA,2,3268200
relBp,3.6666666666666665,12,2,CGTGTCAGCGTTCATTAGTC,10,3279799
relBp,25.0,76,2,CGTGGTAACGTTTCAGCAAC,74,3306524
relBp,1.0,4,2,CGTGCTTGTGGTTCAAACCT,2,3303941
relBp,10.333333333333334,32,2,CGTGCAGGCGTTCAGTGGAG,30,3285305
relBp,0.6666666666666666,3,2,CGTCTGGTAGACCTTTCTAT,1,3300043
relBp,12.333333333333334,38,2,CGTCCGTTCCGCCGATTGTA,36,3282372
relBp,10.666666666666666,33,2,CGTCATGACGGGGTTACTCA,31,3264096
relBp,2.0,7,2,CGTAAAGATATTTGATTGCT,5,3260021
relBp,59.666666666666664,180,2,CGGTTAGTGGTGCGCAGGGA,178,3257373
relBp,1.3333333333333333,5,2,CGGTAAGCTAGAGCTTCCGA,3,3274226
relBp,6.333333333333333,20,2,CGGGTATAGTTTCGGAGGAG,18,3272298
relBp,1.6666666666666667,6,2,CGGGGAGCCGAGGAATTACG,4,3292533
relBp,25.333333333333332,77,2,CGGCAATATTAACTCTCAAA,75,3286953
relBp,9.0,28,2,CGGATACTCCGTCTAATGAG,26,3259845
relBp,4.0,13,2,CGGAGGAAAACCGGGGGATG,11,3261821
relBp,1.6666666666666667,6,2,CGGAAGCTGAGCTAATCCCG,4,3287770
relBp,3.0,10,2,CGCGCTGCATGACTCGTACG,8,3277900
relBp,16.0,49,2,CGCGCGTAGTACGAAATGTA,47,3268216
relBp,1.0,4,2,CGCGCGAAAGGAGTTGCAAA,2,3297091
relBp,2.3333333333333335,8,2,CGCGATTGAATGGTTCTTTA,6,3262234
relBp,4.666666666666667,15,2,CGCACCGGTATCAAAGGGAA,13,3295803
relBp,0.6666666666666666,3,2,CGATTTATGTTGCTTTTCTG,1,3293406
relBp,5.666666666666667,18,2,CGATGTGTTAAGAATACGGC,16,3307051
relBp,0.6666666666666666,3,2,CGATCCACTGCAGTCTGGGA,1,3265339
relBp,10.333333333333334,32,2,CGAGGTACTATGCGTCAGTC,30,3276161
relBp,1.0,4,2,CGAATGACTAGAAGACCTAT,2,3302379
relBp,73.66666666666667,222,2,CGAAAACTGTTCGAATCTAT,220,3306066
relBp,13.333333333333334,41,2,CCTTTAAATTATGGGGGTGG,39,3297510
relBp,23.333333333333332,71,2,CCTGTTGCAATGCTTACGTG,69,3302439
relBp,1.3333333333333333,5,2,CCTATCGTTTGTGTTCGACG,3,3283370
relBp,7.333333333333333,23,2,CCTAGTGCCTAATACGCATC,21,3299463
relBp,2.6666666666666665,9,2,CCTAACTAGACATCAAACAT,7,3257928
relBp,1.0,4,2,CCGGTGTCTAGACCCTCGCA,2,3306275
relBp,38.0,115,2,CCGGTGGCTGTGATTGTATG,113,3302180
relBp,4.666666666666667,15,2,CCGCAGTGTTGCTCCTTCGA,13,3288881
relBp,1.3333333333333333,5,2,CCGCACGCCATCTTGAAGTC,3,3277605
relBp,1.6666666666666667,6,2,CCGAAGGCGGTAACCAGCTA,4,3301027
relBp,9.0,28,2,CCGAACGTCTGTTCAGCACG,26,3271941
relBp,0.6666666666666666,3,2,CCCGCCAAAAAGACGGGAAA,1,3292648
relBp,24.666666666666668,75,2,CCCCTTCCTTTATGCACTGC,73,3270692
relBp,27.0,82,2,CCCAGACCTTCATGGCTGCT,80,3279260
relBp,5.666666666666667,18,2,CCATTAAACTTCGGTGGCCA,16,3282211
relBp,9.333333333333334,29,2,CCATGGCCTAAGCCAACGTC,27,3256976
relBp,3.0,10,2,CCATCTCTCTCTATCCATAT,8,3295750
relBp,4.333333333333333,14,2,CCAGGCGAGCCACGGTATAT,12,3297426
relBp,2.6666666666666665,9,2,CCACGAAGACGCATGCGGTA,7,3261901
relBp,7.333333333333333,23,2,CCAAATAAAACTCTTGTCCT,21,3284986
relBp,16.333333333333332,50,2,CATTGACGTCATAAGATAGA,48,3294353
relBp,47.0,142,2,CATTATAGGGGCATCCGAGT,140,3301236
relBp,5.666666666666667,18,2,CATGGGCCAACAAGCTCGGA,16,3283602
relBp,8.333333333333334,26,2,CATCTACCATAGACTGCGTG,24,3297700
relBp,25.333333333333332,77,2,CATCACGACTCGGCAGAAGA,75,3269063
relBp,4.666666666666667,15,2,CATAACCAACTTCTCCCGCT,13,3282496
relBp,3.0,10,2,CAGTTCTGCGAAAACTTTAA,8,3283305
relBp,1.6666666666666667,6,2,CAGTTCAGTCCGGTCAAGGA,4,3262942
relBp,0.6666666666666666,3,2,CAGGTGTAATTAGACAACCC,1,3284474
relBp,17.666666666666668,54,2,CAGGGGAGCCCCGCCATATC,52,3271823
relBp,1.0,4,2,CAGGCCCACCGACGCTGAAA,2,3261534
relBp,14.0,43,2,CAGAGTAGGTCTGCCACGAA,41,3271909
relBp,11.666666666666666,36,2,CAGAGCTCCAGCTTCTTGGC,34,3298719
relBp,0.6666666666666666,3,2,CAGAGATATGTAGTACCGCT,1,3260496
relBp,1.0,4,2,CACTGTGGGCTTAGAGCGCG,2,3281197
relBp,10.0,31,2,CACTGATGAGGTTGTTTGTA,29,3284060
relBp,10.333333333333334,32,2,CACTACCCACGTCACCCCCA,30,3262949
relBp,18.333333333333332,56,2,CACGTGGCCCAACGTATTTA,54,3278429
relBp,15.0,46,2,CACGGACGGTTTGTAGCACG,44,3288176
relBp,12.666666666666666,39,2,CACCGGACGGATGCTCTGGG,37,3271891
relBp,18.0,55,2,CACCATAGTCGCTGCAATCC,53,3281920
relBp,3.0,10,2,CACATGATAGAGTGGTCTGT,8,3272050
relBp,9.666666666666666,30,2,CACACTGTGTCTGGCACGAT,28,3265613
relBp,0.6666666666666666,3,2,CAATTTCAATACAGCACGTC,1,3271140
relBp,0.6666666666666666,3,2,CAATTCACCATGTTCTTGCA,1,3307253
relBp,27.0,82,2,CAACACACAGTCCACGAAAA,80,3284877
relBp,4.333333333333333,14,2,CAAACTTCGCGGTTTACTTG,12,3305451
relBp,2.3333333333333335,8,2,ATTTCGCCTGAGACGACTGT,6,3306773
relBp,0.6666666666666666,3,2,ATTTAGACTCCACGGATACT,1,3256318
relBp,1.0,4,2,ATTGGGTTGGAGCCGGTATT,2,3275339
relBp,0.6666666666666666,3,2,ATTGCGAGACGATTATCGGA,1,3285014
relBp,11.0,34,2,ATTGAGGATTTGTGAACGTT,32,3301979
relBp,2.3333333333333335,8,2,ATTAGTGCGAGTTACTTTCA,6,3297724
relBp,12.0,37,2,ATTAATGTTTCAGCGGTTCC,35,3258099
relBp,16.0,49,2,ATGTCCTGAGCCTAGAGTAC,47,3278334
relBp,21.333333333333332,65,2,ATGTCATGAGTTGATAAGCT,63,3297241
relBp,15.666666666666666,48,2,ATGGGTGACAGTCGGACGAT,46,3298681
relBp,0.6666666666666666,3,2,ATGGAGGATATTCTGCTACG,1,3258721
relBp,11.333333333333334,35,2,ATGCTGCAACGGTCCGAGTT,33,3288625
relBp,12.333333333333334,38,2,ATGCGTGCCAGCGGAGTGCA,36,3298951
relBp,19.666666666666668,60,2,ATGCGTAACATGTACAACTA,58,3295151
relBp,0.6666666666666666,3,2,ATGCCGTATTTTGCGCGCTA,1,3263446
relBp,37.0,112,2,ATGCCACCCATCGCCGGATA,110,3299637
relBp,3.6666666666666665,12,2,ATGCCAATGAACTTGCGAAA,10,3285624
relBp,0.6666666666666666,3,2,ATGATGGCTTGTCCGGGCTC,1,3269816
relBp,2.3333333333333335,8,2,ATCTTTTGCCCTATCGTTCT,6,3289549
relBp,12.0,37,2,ATCTGGAGCCCAGTAACATT,35,3292265
relBp,1.0,4,2,ATCTCAGCAGGCTGGTGTGG,2,3296025
relBp,0.6666666666666666,3,2,ATCTAAGGCTATGTCAATTG,1,3292232
relBp,0.6666666666666666,3,2,ATCGGAGAACCTGCGGTGAT,1,3288198
relBp,1.0,4,2,ATCACGGACTACATGCAGCA,2,3256463
relBp,2.6666666666666665,9,2,ATATTGACACTTTGGGGATT,7,3307309
relBp,9.666666666666666,30,2,ATATGGATACAACTCAGCGA,28,3290571
relBp,0.6666666666666666,3,2,ATATCTGAGCTAGCGTGGAC,1,3289228
relBp,6.0,19,2,ATAGTCGAAAACGACAATCA,17,3266063
relBp,15.333333333333334,47,2,AGTTGTGCTCAGTGTGGTAT,45,3307199
relBp,1.0,4,2,AGTTGTGAGGTGTCGCAGTG,2,3307911
relBp,5.0,16,2,AGTTGCACTCTAGCTATCCA,14,3284533
relBp,3.0,10,2,AGTTCTAAAAGGTTTCCAGG,8,3262593
relBp,2.0,7,2,AGTTCAACAAGCGATATTAG,5,3306778
relBp,5.666666666666667,18,2,AGTGTTCAGGTACGACCACC,16,3296407
relBp,5.0,16,2,AGTGGGTTCTCTGCTGGTAA,14,3291685
relBp,36.333333333333336,110,2,AGTGACTAAGCTCAGGTAAC,108,3265350
relBp,0.6666666666666666,3,2,AGTCTTATGGCTCCTCTCTC,1,3262786
relBp,1.3333333333333333,5,2,AGTCTCCTCTCGTATCTTGT,3,3264341
relBp,26.0,79,2,AGTCACTGGGTCCTTAGTAA,77,3306851
relBp,10.0,31,2,AGGTTAAAACGCTAGTGGCT,29,3278154
relBp,4.666666666666667,15,2,AGGTCAGGGTGGGCTTTCAC,13,3306494
relBp,2.0,7,2,AGGTACGCTCGCGTTGTCCT,5,3266498
relBp,3.3333333333333335,11,2,AGGTACGATCAAGGACCGAT,9,3260928
relBp,3.6666666666666665,12,2,AGGGTCATTTGAGAACACGG,10,3262174
relBp,1.3333333333333333,5,2,AGGGCGAGAGTCCCGGTTAC,3,3289509
relBp,6.666666666666667,21,2,AGGGCCGTGTGCCCTCGGCC,19,3304439
relBp,14.0,43,2,AGGGAAAGCTGAAGGTTTGG,41,3267187
relBp,1.0,4,2,AGGCTAACTTCTTAAGGAGG,2,3285625
relBp,10.666666666666666,33,2,AGGCCGGACAAAGAGACAAG,31,3268152
relBp,21.666666666666668,66,2,AGGATGCATGCCAGTAGGGG,64,3291682
relBp,1.6666666666666667,6,2,AGGAGCAAAACAAACCACTC,4,3276242
relBp,0.6666666666666666,3,2,AGCGCCCAGGGACTTAATTT,1,3288813
relBp,14.333333333333334,44,2,AGCGAATGGAGTGCTATCAC,42,3308671
relBp,9.0,28,2,AGCCCGGGGTGTATCGACGC,26,3268509
relBp,0.6666666666666666,3,2,AGCACAAATTCCCTTCGAGC,1,3300279
relBp,8.333333333333334,26,2,AGATTTCAGTCGCCCAAGAA,24,3266255
relBp,7.666666666666667,24,2,AGATACTGTCATCATTCGGT,22,3304228
relBp,12.0,37,2,AGAATGTTGCGCCTAGTCAT,35,3286387
relBp,1.3333333333333333,5,2,ACTTTCTCAAGTGAAGCCCC,3,3272610
relBp,10.666666666666666,33,2,ACTTGCTTCCTTTACACAGC,31,3281666
relBp,4.333333333333333,14,2,ACTCTTGAAGGTCGCGGATG,12,3265341
relBp,13.666666666666666,42,2,ACTCATGTAGCGCTACGACG,40,3292727
relBp,4.666666666666667,15,2,ACTCAGGTGGGAGCGGATAT,13,3275515
relBp,1.0,4,2,ACTACTAAGCATGGTCTCTC,2,3269048
relBp,16.333333333333332,50,2,ACGTGCAAGAGTTTCACGTG,48,3301640
relBp,13.333333333333334,41,2,ACGTCAGCTTTTCTATGCAG,39,3294786
relBp,3.3333333333333335,11,2,ACGTAGGTCAGCGACAGTCC,9,3285740
relBp,0.6666666666666666,3,2,ACGTAGGACCCACGAGAAAT,1,3289827
relBp,27.0,82,2,ACGGCCAGGCAACAATTGTT,80,3304728
relBp,0.6666666666666666,3,2,ACGGCAAGACTTAGGTCTTT,1,3268543
relBp,1.6666666666666667,6,2,ACGCTCCTACAGCTAGGGAA,4,3269848
relBp,1.0,4,2,ACGCCTGGACATGTCATGCC,2,3264568
relBp,6.0,19,2,ACCGGTTAAAGTTCTTAATC,17,3267199
relBp,7.666666666666667,24,2,ACCCATGCCGAAATCCAGGC,22,3281805
relBp,1.3333333333333333,5,2,ACCAGCGGTAGGATGCGCGT,3,3257995
relBp,9.0,28,2,ACATAAGTGCTAATGTCTAG,26,3295111
relBp,8.0,25,2,ACAGGAAGATGTTCTTTCAA,23,3265994
relBp,5.666666666666667,18,2,ACAGCTCATTGCCGCCGGAT,16,3304882
relBp,6.666666666666667,21,2,ACAAGTTTGCCTCATTCAAT,19,3282010
relBp,0.6666666666666666,3,2,AATTTTGATCTCAACGGCGG,1,3259602
relBp,5.333333333333333,17,2,AATTTGGGGCGGTTTGTCGT,15,3271590
relBp,1.3333333333333333,5,2,AATGTGATTATAGCAACTTA,3,3290346
relBp,3.6666666666666665,12,2,AATGGTTGTACATCTTGTAA,10,3296869
relBp,8.333333333333334,26,2,AATGACTGCGCCCTGAGATA,24,3275604
relBp,1.3333333333333333,5,2,AATGACCTAAGTTTAAAGGT,3,3256701
relBp,0.6666666666666666,3,2,AATCCCTGCAATCCGGTCGT,1,3273645
relBp,1.0,4,2,AATAATCCTCATGTGGGGCG,2,3277544
relBp,49.666666666666664,150,2,AAGGGGATTTATGAAGCGCA,148,3268120
relBp,1.6666666666666667,6,2,AAGCCATGACCGAAGAAGCT,4,3268790
relBp,9.666666666666666,30,2,AAGATCAATAGGCATGGCCA,28,3307780
relBp,3.0,10,2,AAGAAGTGGATTCAAGTAGG,8,3258499
relBp,3.0,10,2,AACTCCCCGTTGGGGACCTA,8,3291478
relBp,0.6666666666666666,3,2,AACCTGACATAAGCTCTCAG,1,3270462
relBp,21.0,64,2,AACCTCTTTACGGCGATGGC,62,3297573
relBp,12.333333333333334,38,2,AACCACAGTGAGTTCATCAT,36,3302853
relBp,3.6666666666666665,12,2,AAATCGAAGTAGCCTACGTA,10,3273712
relBp,3.6666666666666665,12,2,AAACGCGAGAGCAAGCGTAC,10,3301780
relBp,23.333333333333332,71,2,AAACATGAACGGTTTGTGCA,69,3285746
relBp,11.0,34,2,AAAATGACCTGGTATACAGA,32,3258277
relBp,6.0,19,2,AAAAGCTGGAGGTCGGTGTG,17,3304388
relBp,7.666666666666667,24,2,AAAAATTACTAAATCATCTA,22,3295706
relBp,1.0,2,1,TTTTGGTAGGCTTAGGCCAG,1,3266658
relBp,10.5,21,1,TTTTGGGGCAGACAACGATT,20,3294698
relBp,1.5,3,1,TTTTAAATTAACTATTTTGC,2,3273609
relBp,1.5,3,1,TTTGCCCACCGCACCATCTC,2,3289660
relBp,14.0,28,1,TTTCCACAAGCGCGTGGGCT,27,3259061
relBp,4.0,8,1,TTTAGTGGGCTTCTCCTACC,7,3295539
relBp,5.5,11,1,TTGTGTGGCAGCGGGTTGAT,10,3301614
relBp,10.5,21,1,TTGTGGACGACAGTCCCTGG,20,3283157
relBp,4.0,8,1,TTGTATCGTCATCTAACTCT,7,3267884
relBp,9.5,19,1,TTGGATGCGGAACGCGGACC,18,3271270
relBp,3.0,6,1,TTGCAGGGAAGGTAACCATG,5,3307445
relBp,1.0,2,1,TTCTGTTGTTGAATAAAGAG,1,3262318
relBp,74.0,148,1,TTCTATCGAGCATCACGTGA,147,3297536
relBp,1.5,3,1,TTCGGTTCGACCGGACGGCG,2,3261818
relBp,2.0,4,1,TTCGGCCCGCTATTAGCGAA,3,3299138
relBp,10.5,21,1,TTCCTACTTAACCGGGGGAG,20,3273205
relBp,13.0,26,1,TTCCGAGCTCGCTGAAGTTA,25,3284981
relBp,2.0,4,1,TTCCCACCTTATCGTGTCCT,3,3293063
relBp,2.5,5,1,TTCCATTTAACAAGCGCAGA,4,3256659
relBp,1.5,3,1,TTCAATCCCTGGCGCATAGA,2,3271009
relBp,5.0,10,1,TTCAAGCGTTACACTTGACT,9,3277614
relBp,1.0,2,1,TTCAAAACTGACTTGCCGAG,1,3267916
relBp,19.0,38,1,TTATGGATTAAAGTCCCGAT,37,3297357
relBp,3.5,7,1,TTAGAGGCTTGATTGGGAGA,6,3301242
relBp,13.0,26,1,TTACGCTTACCTCTCAGTAG,25,3293610
relBp,2.5,5,1,TGTATACTATCTGTGCTCTT,4,3303994
relBp,1.0,2,1,TGGTTCATACACATGCGGGT,1,3263991
relBp,3.5,7,1,TGGTCATGGGGCGCTTTACG,6,3290741
relBp,1.0,2,1,TGGGTGACTTCAATACATTG,1,3291791
relBp,11.0,22,1,TGGGTCTAGGAAACGTGCCC,21,3273458
relBp,1.0,2,1,TGGGCCATGACCATCTTCGA,1,3258677
relBp,3.0,6,1,TGGCCTCCGTTAGTTTGATT,5,3286699
relBp,26.5,53,1,TGGAGGCGAATTATTGTACT,52,3286085
relBp,13.0,26,1,TGGAATCGTTATTGCCACTG,25,3267657
relBp,11.0,22,1,TGCGTGTGGCCCTCGAGTCA,21,3300411
relBp,10.5,21,1,TGCGCCGGCTAGTCAGGTAT,20,3298790
relBp,4.0,8,1,TGCGCAAGAAGTGAAACCTT,7,3297087
relBp,55.0,110,1,TGCGAATACTCCATTCAACT,109,3293814
relBp,19.0,38,1,TGCCCAGGATCTATCTGGGA,37,3272785
relBp,1.0,2,1,TGCAGGCTCCCTAGTTTGCG,1,3263634
relBp,18.0,36,1,TGCACGAGAGCCATCCGTCC,35,3298185
relBp,14.5,29,1,TGATGTCCGTTCTTCATCTG,28,3297472
relBp,1.0,2,1,TGATGTAGCCTCAAATTGCA,1,3273624
relBp,1.0,2,1,TGAGTTGATCGTTTCACCTC,1,3307962
relBp,14.5,29,1,TGACTGATATGAGGCCAATC,28,3273697
relBp,3.5,7,1,TGACGATTCAAACAAGCATT,6,3275814
relBp,20.5,41,1,TGACCTCGACCGTGGGGGGA,40,3308532
relBp,2.0,4,1,TGACACGCTGTTCATCCAAA,3,3307681
relBp,1.5,3,1,TGAACTTTACACAACTCCCT,2,3277056
relBp,2.0,4,1,TGAACCAAGCTGCCTACGGC,3,3281934
relBp,2.0,4,1,TCTTGAATTAGCCATTTTAG,3,3299697
relBp,13.0,26,1,TCGTTATCCGTGATCGGTAC,25,3294640
relBp,7.5,15,1,TCGTGAAACACGAAAGTCAG,14,3267189
relBp,23.5,47,1,TCGTCCTTGCTTATCACTGG,46,3298587
relBp,12.0,24,1,TCGTATTCCTTCAATTTGCA,23,3270697
relBp,22.5,45,1,TCGGGCATCTGACTCTGTAG,44,3267898
relBp,6.5,13,1,TCGGAGTCTAGTCATAACAG,12,3269433
relBp,1.5,3,1,TCGCTATGTCCCACCCAAGA,2,3293138
relBp,16.0,32,1,TCGCTATGGGGATAGTCATG,31,3291328
relBp,18.5,37,1,TCGCAGGGTCATTCAAGTCC,36,3305687
relBp,42.0,84,1,TCCTTGTCTGATGTCATCCT,83,3298415
relBp,7.0,14,1,TCCGTAGTTGAGTTGCTTTC,13,3259974
relBp,16.0,32,1,TCCGGCTCGCAATCGTCTGG,31,3293516
relBp,1.0,2,1,TCCCCATCTAGCAGTAGGCT,1,3264487
relBp,1.0,2,1,TCCCACAGGCCTGTCTTGTG,1,3305251
relBp,6.5,13,1,TCCAGGCTAGGCGTATTTGT,12,3270998
relBp,3.5,7,1,TCATGAGGGAGAATCCTGCT,6,3305240
relBp,1.0,2,1,TCATACTTCTCTACATTGAT,1,3303343
relBp,25.0,50,1,TCAGTAACGTGTGGAGTCAT,49,3272117
relBp,2.5,5,1,TATGCGTCGTCTTTTGGGAC,4,3284992
relBp,4.0,8,1,TATGATGTAACTAGCCTCGT,7,3262976
relBp,5.0,10,1,TAGTTCATAGTGTAATTGTC,9,3303918
relBp,1.5,3,1,TAGTGCTTATCGGAATTTCC,2,3278043
relBp,1.0,2,1,TAGGTATTGTGCGGTCTAAC,1,3277233
relBp,10.0,20,1,TAGGGAAAACCTCGTAACAA,19,3272642
relBp,5.5,11,1,TAGGCCGGGGGCAATCAACA,10,3308428
relBp,1.0,2,1,TAGCGGATTGGATGCACATG,1,3263950
relBp,16.5,33,1,TAGAAGCTCCACCTCCAGGT,32,3261429
relBp,16.0,32,1,TACTCGGTTGGTGCTCTCGA,31,3264644
relBp,15.0,30,1,TACCGGATTCCCGGGACCGA,29,3259549
relBp,11.0,22,1,TACCCCGGGATAGGGCACCA,21,3263128
relBp,14.0,28,1,TACCACGACGCCGTTCAGCT,27,3262438
relBp,1.0,2,1,TAATTCATAAGTTTCGTCTG,1,3295631
relBp,1.0,2,1,TAATTCAGGGCTAATTGGGC,1,3262023
relBp,11.5,23,1,TAACTGCGAGCAGGTCGCTG,22,3291004
relBp,10.0,20,1,TAACGTAACAGCGCATAGAT,19,3287117
relBp,6.0,12,1,TAAAACGTCAGGTGACGGGC,11,3288495
relBp,1.0,2,1,GTTTGGCAAGGACTACGCCT,1,3276102
relBp,11.0,22,1,GTTGCTGGGGTGCCAAAATT,21,3277330
relBp,16.0,32,1,GTTCACGCGGCCGATGGTCT,31,3306062
relBp,9.5,19,1,GTTATGTGGAACTTCACCCC,18,3276232
relBp,18.0,36,1,GTTACCAAACGATTTTGGCA,35,3271953
relBp,66.0,132,1,GTTAATGTAGATTCTGCGCA,131,3308025
relBp,2.5,5,1,GTGTTATCGCGATTATTCGG,4,3269116
relBp,16.0,32,1,GTGGCCTACTAATGGAATGC,31,3286783
relBp,1.0,2,1,GTGGAAAAAAGCCATATTTT,1,3293962
relBp,16.0,32,1,GTGCACCACTCTGGCTCGCC,31,3258059
relBp,1.0,2,1,GTGATGCATAGTGGTGTAAG,1,3261676
relBp,7.5,15,1,GTGAATTGGACTCCTGGGTC,14,3265741
relBp,8.0,16,1,GTGAACACATAAAGGATTAG,15,3278724
relBp,11.5,23,1,GTCTTTCCGATGTGACCTGT,22,3288620
relBp,5.5,11,1,GTCTGGGACCTAAGCTGTCG,10,3300053
relBp,30.0,60,1,GTCCTCGTCGGGCCCAGGAT,59,3295815
relBp,1.0,2,1,GTCCGCACAGGATGACAGCA,1,3257356
relBp,18.0,36,1,GTCATGCTCACATGTGAAGT,35,3288812
relBp,2.0,4,1,GTCAGTCGCGTCCAGCGAGC,3,3286714
relBp,4.5,9,1,GTAGTCCATGAAGAACCCGC,8,3277785
relBp,1.0,2,1,GTACTTTCGGACGTCGTGAT,1,3304961
relBp,1.0,2,1,GTACTACTCCGTATGCTACA,1,3274702
relBp,2.5,5,1,GTACGATTCCTCGCCGAGGG,4,3282261
relBp,4.0,8,1,GTAAGACGGCGTAATAGGAC,7,3272837
relBp,6.5,13,1,GTAAATTGTACAAGGGCTGG,12,3307192
relBp,1.0,2,1,GGTTTAGATTAAGGGTTACC,1,3270080
relBp,26.5,53,1,GGTTGTTAACAGCCCTGGAC,52,3257963
relBp,4.5,9,1,GGTGTAATAGGATCACTGGA,8,3300449
relBp,15.0,30,1,GGTGGGCGAGCACCTGTGAG,29,3308221
relBp,1.5,3,1,GGTCCGGCAAGAACACCGAT,2,3301263
relBp,12.0,24,1,GGTCATTCTCCTATCACTTA,23,3275661
relBp,27.0,54,1,GGTATCAAGTTTTCAAGACG,53,3292501
relBp,1.0,2,1,GGGGTAACGTCGGTGTTGTC,1,3282851
relBp,1.0,2,1,GGGCAGCGTGAAGAAATACA,1,3281671
relBp,18.0,36,1,GGGATGCCCAGTATTGGGCT,35,3302177
relBp,10.0,20,1,GGGACATCGGGTTCGTAGAA,19,3274928
relBp,11.5,23,1,GGCTAAAGTGGTTTTTGGGT,22,3285512
relBp,6.5,13,1,GGCCACCGTTGATTGGGGAT,12,3304532
relBp,15.5,31,1,GGATTTAAAGGCCCACACAG,30,3282460
relBp,1.0,2,1,GGAGGGCACAAGACGGGAAC,1,3293294
relBp,1.0,2,1,GGACTATGGTGGTGGAGCCT,1,3295468
relBp,7.5,15,1,GGACGCACTGTATTGTTGTG,14,3298104
relBp,12.0,24,1,GGAATCTGCTTGGTCATGAT,23,3292342
relBp,32.0,64,1,GCTTAGAGCAGGAGGTTATT,63,3305425
relBp,1.0,2,1,GCTCGTGGAAGAGTCTACTT,1,3283804
relBp,4.5,9,1,GCTCGACGCAAACGTGATCA,8,3285612
relBp,8.5,17,1,GCTCAAGCGGCTTGGCTGCG,16,3307120
relBp,1.0,2,1,GCTAGAGAGAGGTGTGGGTA,1,3270435
relBp,19.5,39,1,GCGTTTACAGGCCTGTCAAG,38,3274729
relBp,3.0,6,1,GCGGTATACTCCGTTATACT,5,3303718
relBp,1.5,3,1,GCGCTGTCTACTAGGTTCAA,2,3292525
relBp,15.5,31,1,GCGCGAATCCAACACCGTTA,30,3282188
relBp,1.0,2,1,GCGCATACTGTCGGCTGCAT,1,3299603
relBp,28.0,56,1,GCGATCGCCGGGATCGAAAA,55,3307094
relBp,3.5,7,1,GCGAACCAGGTCCTCCACTT,6,3279801
relBp,1.0,2,1,GCCTGTCCTTCAACTTGCCA,1,3305903
relBp,2.0,4,1,GCCTCGTAACTGAAATTGTC,3,3286743
relBp,14.5,29,1,GCCCCTAGTAAATCCCACCT,28,3275270
relBp,2.5,5,1,GCATGCGATTACAGTTCGTT,4,3279502
relBp,2.5,5,1,GCATATGGGGAAACCTATTG,4,3260973
relBp,5.0,10,1,GCACCTTGGCGACTGGCGTT,9,3283244
relBp,10.0,20,1,GCACCGGGGGGGTTGCGAGC,19,3284558
relBp,8.0,16,1,GATTCGAGTCCAAACGATCC,15,3285493
relBp,2.0,4,1,GATGTCAGGGAGGCGTAAGG,3,3262385
relBp,1.0,2,1,GATAAATCGTGAATGTAAGG,1,3286427
relBp,29.5,59,1,GAGTTACCAGCAGGATGTTA,58,3274798
relBp,15.5,31,1,GAGGGCCATTAAGGCAGGGG,30,3292504
relBp,18.5,37,1,GACTTGCGTTCACAGGTGTG,36,3300859
relBp,4.5,9,1,GACTTCAAGGGAGTCCATGT,8,3265338
relBp,4.5,9,1,GACTCCTCCTGATCTGACGC,8,3284056
relBp,20.5,41,1,GACGGAACCCCGACTCTACT,40,3278190
relBp,11.5,23,1,GACCTATGTGGATTAGTCGT,22,3281909
relBp,7.0,14,1,GACATGTCCAAACCACCGTT,13,3283997
relBp,1.5,3,1,GAATTCTAGAATAGGCGCGA,2,3303938
relBp,5.5,11,1,GAAGTACCGGGCATTTAGAC,10,3298614
relBp,17.5,35,1,GAAGGGGCGCGGCGAGATAT,34,3305674
relBp,24.0,48,1,GAAGCGGGTTCCCCTAAATT,47,3284535
relBp,1.0,2,1,GAACGGACGATTATTGGGTA,1,3284551
relBp,5.5,11,1,CTTTTGATTTGCACGTAGTT,10,3280659
relBp,7.5,15,1,CTTCCTGACCCGCCCAACGG,14,3302940
relBp,19.5,39,1,CTTAGCTTGTGACCAACCAA,38,3285574
relBp,9.5,19,1,CTGTGATGGGTGTACCTTTG,18,3276029
relBp,1.5,3,1,CTGGATTCCCTTTCATTGGA,2,3268365
relBp,19.0,38,1,CTGAGGTACGGTTATTGCGT,37,3288077
relBp,109.0,218,1,CTGAATGGGGGAACATAGCT,217,3294928
relBp,9.5,19,1,CTCTGATACCGACAACGGAC,18,3306496
relBp,1.0,2,1,CTCGCTCTTAAAAGCGTCTT,1,3270166
relBp,1.5,3,1,CTCCTATCATCTGAAATCCT,2,3269646
relBp,7.5,15,1,CTCCGGCAGGTTCCATTCAC,14,3278092
relBp,3.0,6,1,CTCAGGTCATAGCGGTGTGA,5,3268982
relBp,14.0,28,1,CTCAGGAGAGTTGGAGAGAT,27,3284481
relBp,1.0,2,1,CTCAAAAGCTGTCTTCTAAT,1,3273823
relBp,2.5,5,1,CTATTATTATGACTGTGGTA,4,3307834
relBp,7.5,15,1,CTAATTCGGTATTCATTCCT,14,3287832
relBp,1.0,2,1,CGTTCTCGCTACGATGCGTT,1,3282750
relBp,7.0,14,1,CGTTCCATATCGCGCCAGTC,13,3279286
relBp,24.5,49,1,CGTGAACGTTAGGAGGGGCG,48,3303356
relBp,25.0,50,1,CGTCGTGCCTGGTAAGGTGT,49,3303702
relBp,45.0,90,1,CGTCAGAACAGCCCGTTCCA,89,3301259
relBp,1.0,2,1,CGGTTGTTTAACCCAGGAAT,1,3274668
relBp,17.0,34,1,CGGCTACGGTTACAAAGAGG,33,3283165
relBp,1.0,2,1,CGGATAGCGCATATCTCGGT,1,3286879
relBp,1.0,2,1,CGGAGATCCCGGGTCTTGAA,1,3306601
relBp,3.5,7,1,CGGACGCCGATGTTAGGAAA,6,3284345
relBp,6.0,12,1,CGCTTACCTTAGCTCTCGGG,11,3293221
relBp,2.5,5,1,CGCTGGTGGGCGGTTTCACT,4,3262679
relBp,1.0,2,1,CGCTGCCCGGTACCAAGGGT,1,3256662
relBp,11.0,22,1,CGCGGTTCCCAAGGCACTCT,21,3300490
relBp,15.5,31,1,CGCGGCTTTTGTGCTCGACG,30,3267160
relBp,2.0,4,1,CGCCGAGGTGTCCATCCAGT,3,3256886
relBp,14.0,28,1,CGCCCCAAGCGCTCAGTGTT,27,3307310
relBp,20.0,40,1,CGCCAAGGCGGAGACTCGCC,39,3261190
relBp,3.0,6,1,CGCATAACTTTCTTTCTGCT,5,3304525
relBp,1.0,2,1,CGAGGTTTAGCTCTCATAAT,1,3279777
relBp,29.0,58,1,CGAGACTAAGGTTGGGAGAC,57,3306259
relBp,1.0,2,1,CGACTTCATGACCACAGCAC,1,3293187
relBp,5.0,10,1,CGACTATGTCAAACGGCCGT,9,3263680
relBp,41.5,83,1,CGACGGTCACTTCCGTCACC,82,3263558
relBp,30.0,60,1,CGACGGGGTTTCCGGGTTAA,59,3285510
relBp,17.0,34,1,CGACCCTCTTTAAGTAATGG,33,3306959
relBp,14.0,28,1,CGACAAGAAATTGGACGCAA,27,3266622
relBp,1.0,2,1,CGAATAGGTTGGAGCCGCGC,1,3292900
relBp,21.0,42,1,CGAATACCTTGGTATTAATG,41,3280313
relBp,17.0,34,1,CGAACCACGTCGTTTTTCTG,33,3281568
relBp,6.5,13,1,CCTTTTTAGCTCGCCGGGGC,12,3307170
relBp,7.5,15,1,CCTGGGAAACTCGTCCCCCC,14,3290405
relBp,36.5,73,1,CCTGCAGACCGGCGGTCATC,72,3285711
relBp,2.5,5,1,CCTCGCAGCCAGGTACGTTA,4,3263282
relBp,1.0,2,1,CCTCAAGGGATACACCGTTG,1,3275961
relBp,7.0,14,1,CCTATTAACACGACTGATGT,13,3259322
relBp,17.0,34,1,CCGTGATGCCTGTTAAGATC,33,3275939
relBp,23.0,46,1,CCGTCGTGACCTAAAGTACA,45,3256362
relBp,35.5,71,1,CCGCGTTGTTAGCCAACGAT,70,3294581
relBp,14.0,28,1,CCGCGAAACTGCACTATATT,27,3292319
relBp,34.0,68,1,CCGATCTGGTTCTCCATCGC,67,3298400
relBp,7.0,14,1,CCGAGGAATTGCGATCCCAG,13,3304311
relBp,1.0,2,1,CCCGATGGGCCGTGTAGATT,1,3265206
relBp,5.0,10,1,CCCCGTGAGCGTATGGGGTT,9,3292133
relBp,3.5,7,1,CCCAGCTCGTGGAGGCCTGC,6,3258655
relBp,15.5,31,1,CCCACGGTTGATGGGTTGGT,30,3284126
relBp,14.5,29,1,CCCAACTGCTGCCTGGTAAT,28,3306754
relBp,2.0,4,1,CCATGCTTTAGGTGTCACGC,3,3266417
relBp,5.5,11,1,CCAGACAAACCTTGTCCCCA,10,3281798
relBp,6.5,13,1,CCACATGATGCTGCAGCAAT,12,3285669
relBp,3.5,7,1,CCAAACAGTATCGATGATAG,6,3261865
relBp,1.0,2,1,CATTTATATGGCGCGCGGAA,1,3299797
relBp,9.0,18,1,CATTGTACAGACCAAAAACG,17,3300385
relBp,44.0,88,1,CATGCTGGGTGTTCAATGCG,87,3291672
relBp,16.0,32,1,CATGAGAGCCTCCCCCATAT,31,3294441
relBp,1.0,2,1,CATCTGAGGTATTGTAATAT,1,3295886
relBp,32.0,64,1,CATCCATGTGGAAGCGATCA,63,3287332
relBp,10.5,21,1,CATACTCTCTCCGGGTGCGG,20,3282405
relBp,30.0,60,1,CAGGGTGACACTCTAATCTA,59,3295261
relBp,13.0,26,1,CAGGGTCTCTCCTGTTTGGA,25,3272164
relBp,1.5,3,1,CAGATAGGCGACCCCAGAAG,2,3294455
relBp,16.5,33,1,CAGATACGTCCTGCCCAAAC,32,3266453
relBp,2.0,4,1,CAGACGCATTACACGAATGG,3,3283466
relBp,5.0,10,1,CACTCCAGGGTCTGGAGAGT,9,3285968
relBp,1.0,2,1,CACGTCCGATATGACCCTTG,1,3303697
relBp,4.5,9,1,CACGCGGAACTGCCGCGTTT,8,3302983
relBp,17.0,34,1,CACGAGTCCACGCGCCGGCT,33,3297851
relBp,1.5,3,1,CACCGAGTACGGCTCTGACA,2,3279360
relBp,8.0,16,1,CACACAGTAGAACTGGTATG,15,3288204
relBp,7.5,15,1,CAATGCTAAACAGTATATGA,14,3275879
relBp,1.0,2,1,CAATCTTACGTGACGGATGT,1,3305320
relBp,1.5,3,1,CAAGCGAACTTGACAGTCTT,2,3270895
relBp,6.5,13,1,CAACAGGAGAGTCGCATCAG,12,3276179
relBp,1.0,2,1,ATTTCGCCACGGGCAAGCAG,1,3281885
relBp,5.0,10,1,ATTTCACGCGGTCATAAGTG,9,3289718
relBp,1.0,2,1,ATTTAACGCAATTCCCCTAA,1,3268898
relBp,8.5,17,1,ATTGGTACCCCAGGCTTATA,16,3291793
relBp,1.0,2,1,ATTCGGAGTTGTGTTGGAGC,1,3295504
relBp,10.0,20,1,ATTCGCGCCTACAGGATGTC,19,3287284
relBp,23.0,46,1,ATTCGACGCCGTTAGTTTCC,45,3297212
relBp,9.0,18,1,ATTCCTTTTACCCTGATGTT,17,3290869
relBp,6.5,13,1,ATTACCCGAGAAGTTGCGAA,12,3268144
relBp,4.5,9,1,ATTACATGATTTAGCATGTT,8,3308092
relBp,1.0,2,1,ATGTCGTGATGATTGTTAGA,1,3270465
relBp,1.0,2,1,ATGTAAGGCTCCGTGCGTCA,1,3300756
relBp,1.0,2,1,ATGGTTCTAAGGGACACCTA,1,3272841
relBp,5.5,11,1,ATGGGCCAAAGCGTGCGAAT,10,3277110
relBp,15.5,31,1,ATGCTTCCGGGGTCTGAACC,30,3272449
relBp,1.0,2,1,ATGCTCCTTGGGGGGAGTCG,1,3277609
relBp,1.0,2,1,ATGATGACCGATTTGTGGAT,1,3304086
relBp,21.0,42,1,ATCTTAGGCCTGCTTAGAGG,41,3294724
relBp,8.0,16,1,ATCTGGCGTCCCGAGCAGGC,15,3290549
relBp,1.5,3,1,ATCTAAGATAAGTAGTATAC,2,3272631
relBp,2.5,5,1,ATCTAAATTACCTCCTTCAA,4,3263922
relBp,21.0,42,1,ATCGAAGTTTAACTCGGGCA,41,3265750
relBp,1.0,2,1,ATCCCCCCGCCATGAATTGG,1,3268483
relBp,1.0,2,1,ATCAATTCAGGCTCTCCACC,1,3265568
relBp,6.5,13,1,ATAGACTACCTTGCACGTGT,12,3295784
relBp,1.0,2,1,ATACGTGCCGGGATTGGTGT,1,3301345
relBp,1.0,2,1,ATAAGCGCATCGGGGAAGGG,1,3279673
relBp,11.0,22,1,AGTTGCATAACTGGTTATGA,21,3298688
relBp,17.0,34,1,AGTGTTACCCATAGCCTTGT,33,3278095
relBp,12.0,24,1,AGTGTTACATGTGTCCCCGT,23,3302833
relBp,8.5,17,1,AGTATCCTAACCTATCTGCT,16,3266231
relBp,5.0,10,1,AGTAATGGCTTCCGGCTACT,9,3261587
relBp,1.0,2,1,AGGTCAAACGGGCCGTTCAA,1,3284920
relBp,11.0,22,1,AGGGCCTCAGCACCCTGACT,21,3298334
relBp,15.0,30,1,AGGGAGTCATATTGTGGTAT,29,3295234
relBp,9.5,19,1,AGGGAGTAGGCTGCCTCCCA,18,3270155
relBp,2.0,4,1,AGGCTAACTTCGCTCGACCG,3,3290565
relBp,10.5,21,1,AGGCGGATATTGAGCGGGAA,20,3261179
relBp,5.5,11,1,AGCTTACCAGATCAGTCTTT,10,3259442
relBp,3.0,6,1,AGCCGGGAGTTAAAGGAGAT,5,3281982
relBp,1.0,2,1,AGCCGGAGCTGTACCCACCG,1,3289438
relBp,9.0,18,1,AGCCAAAGTTTAATGAGATG,17,3292532
relBp,16.0,32,1,AGCACTCGCTTCTGTAGTAA,31,3266345
relBp,3.5,7,1,AGATTGCCAACGCCTTCCCG,6,3290408
relBp,3.0,6,1,AGATAGGGTCGCACTTCCAA,5,3261037
relBp,1.0,2,1,AGAGGGATTAGCGGGACTAG,1,3302557
relBp,1.5,3,1,AGACGTGGGCTGAAGCTACT,2,3305421
relBp,20.0,40,1,AGACAGGCACCATGAGTGAT,39,3270800
relBp,20.5,41,1,AGACACCGGGACTTATAGCT,40,3276814
relBp,1.0,2,1,AGAATCCAGTCTTCTCTCTC,1,3268911
relBp,7.0,14,1,ACTTTGCTTTTGAAGAATTT,13,3283779
relBp,13.5,27,1,ACTTCCGCGTGGGTCCGCCA,26,3308333
relBp,1.0,2,1,ACGTCTCGCGCGGCAGCGTT,1,3257121
relBp,10.5,21,1,ACGTACTGTTAGCATACGGC,20,3272701
relBp,1.0,2,1,ACGGTAGGTGCACGTGGTAA,1,3304269
relBp,26.0,52,1,ACGGGTCGCGTTTACAGGGG,51,3275067
relBp,9.0,18,1,ACGGCGCACCAGCGTCAAAG,17,3306837
relBp,9.0,18,1,ACGGCAAGATACCCGATCGG,17,3303172
relBp,5.5,11,1,ACGGACGAAGTACATCATGC,10,3299311
relBp,8.0,16,1,ACGGAAACGGTGAATGTCCT,15,3276083
relBp,1.0,2,1,ACGCTCAGACCATGCATATC,1,3269012
relBp,1.5,3,1,ACGCCCAGTACCGACATAGC,2,3283402
relBp,29.5,59,1,ACGCCAACACTGGAAGGTCA,58,3308631
relBp,3.5,7,1,ACGCATTGATCCCACACTCT,6,3274414
relBp,1.0,2,1,ACGACGATTAAGCCATAGCC,1,3295624
relBp,1.0,2,1,ACGACCTGGCTAGTGCTGTG,1,3259250
relBp,11.5,23,1,ACGACCCATAGATGAAGACC,22,3297990
relBp,1.5,3,1,ACCTGCCCGACCATCTAAGG,2,3297382
relBp,3.0,6,1,ACCGTACTGCCCCCAGGGGG,5,3303884
relBp,1.0,2,1,ACCGCGCCACCAGGGTCTTG,1,3307779
relBp,60.0,120,1,ACCGAGGTTCCAGTTGTCTT,119,3298212
relBp,11.5,23,1,ACCGAGCTCCGGGCATATCA,22,3281234
relBp,15.0,30,1,ACCCTTGGTCTTCCTTGATC,29,3307862
relBp,1.0,2,1,ACCCGTTCCTTACTTATACA,1,3286876
relBp,37.0,74,1,ACCCCGTTAGTGCGATTGGG,73,3305816
relBp,1.0,2,1,ACCCCACACCTCAATGAACA,1,3287660
relBp,13.0,26,1,ACCCCAACCCATATTGATAG,25,3271559
relBp,9.0,18,1,ACCCAGCATTCGCACCCACA,17,3293253
relBp,7.0,14,1,ACATCGGCGCAAGAGTACCC,13,3275266
relBp,82.0,164,1,ACATACTTGGCAGTCAAAAG,163,3284340
relBp,4.5,9,1,ACACTACGGTCCCATGCGCT,8,3276282
relBp,2.5,5,1,ACACGCGGGTGGGTCGAGTT,4,3297347
relBp,8.0,16,1,ACAATAGGCTGCCTAATATG,15,3269882
relBp,1.0,2,1,ACAAATTTTAAAATTATTGT,1,3293344
relBp,2.5,5,1,AATTCGCGTGTAGTATGAAT,4,3295619
relBp,1.0,2,1,AATGCATGAGCCACCGGTGG,1,3266374
relBp,13.5,27,1,AATCGAAGCACCGCCAGATG,26,3291755
relBp,10.5,21,1,AATAAACGTCAATTCGGCTA,20,3262038
relBp,2.0,4,1,AAGTTTTCCTTTCAAGTTGG,3,3288816
relBp,2.0,4,1,AAGTATAGTTCGTACTCGGA,3,3295661
relBp,9.0,18,1,AAGTACGAGCCCATGTTATT,17,3273180
relBp,12.5,25,1,AAGTAAGTTAAGAGGACTAT,24,3299566
relBp,1.0,2,1,AACTCGACGGCGTATGACTT,1,3297668
relBp,4.0,8,1,AACGTACATCGGGACCTATG,7,3265536
relBp,4.5,9,1,AACGAACGCATGGACTTCAA,8,3293446
relBp,1.5,3,1,AACCTTCCCATCGATTAGCT,2,3290401
relBp,2.0,4,1,AACCTCGTCTTACGTTACCC,3,3265688
relBp,1.0,2,1,AACATGTCATTGCAACTTAA,1,3279277
relBp,1.0,2,1,AACACCTTCTATTGTCTGCC,1,3269171
relBp,8.0,16,1,AACAAATGTGCAACCAGTTG,15,3275897
relBp,1.0,2,1,AAATGTAATACGACTACGGG,1,3284021
relBp,4.0,8,1,AAAGTTGCGCTTACATGGTC,7,3261323
relBp,6.0,12,1,AAACACAGCAGATAAGGACT,11,3290918
relBp,12.0,24,1,AAAAATACTTCCTATGTGTC,23,3281490
relBp,0.014492753623188406,68,68,CAGACGCGCGCGTGGGATAA,0,3265808
relBp,0.015151515151515152,65,65,ATTTATTTGTCTCGATCGTA,0,3257860
relBp,0.016129032258064516,61,61,TTCGGTAAAGTCGCCAGTTA,0,3266406
relBp,0.017241379310344827,57,57,CTTCCACGAAATCTGAGGAT,0,3257597
relBp,0.017857142857142856,55,55,TTGTATCCCGTATGGATTAC,0,3301373
relBp,0.017857142857142856,55,55,AAATTCTTCGCTCAGCGCAG,0,3256107
relBp,0.01818181818181818,54,54,TCAGACATGGCTCATTGAAG,0,3259925
relBp,0.018867924528301886,52,52,AGTTAAACGTCGATGGCACG,0,3262622
relBp,0.018867924528301886,52,52,ACTGGTTTCGGGCTCGATAT,0,3283115
relBp,0.019230769230769232,51,51,GGAACCACATAGCTCCCAGC,0,3260672
relBp,0.0196078431372549,50,50,GTGAAGTGACAATTGGTGCA,0,3283002
relBp,0.02,49,49,CAACATCGGGGATTACAACG,0,3280785
relBp,0.02040816326530612,48,48,TTGGGCTTGAAGAGCGTCGT,0,3268150
relBp,0.02040816326530612,48,48,ATAGGGAAATGAACATTAGA,0,3264231
relBp,0.020833333333333332,47,47,TTGCTTATTGAACTGTCTTA,0,3281422
relBp,0.020833333333333332,47,47,ATCAGGATATGTCTAATCGC,0,3285249
relBp,0.02127659574468085,46,46,TATTTTAGGGTCCGGGTGCA,0,3282204
relBp,0.02127659574468085,46,46,CGCGGTGAATATCCCTGGGA,0,3270207
relBp,0.02127659574468085,46,46,AGGAGTTACCGCGCCGACAT,0,3259184
relBp,0.021739130434782608,45,45,TACTGGGTGTCGCGGTATTA,0,3280045
relBp,0.021739130434782608,45,45,TACTAGCTCTGCCATAAGGA,0,3270944
relBp,0.021739130434782608,45,45,TAAAGAGGTGTGGGAGATTT,0,3264970
relBp,0.021739130434782608,45,45,CACTGTCGGACCCATGTGAT,0,3259119
relBp,0.022222222222222223,44,44,CTTAACGCATTGGTACCAAT,0,3304661
relBp,0.022727272727272728,43,43,GAATCTCTGTCCGAGCTCCA,0,3280066
relBp,0.022727272727272728,43,43,CACTTATCAGTGAAAGTGTA,0,3271782
relBp,0.023255813953488372,42,42,TTAGTCTGCTACATCTAATG,0,3301670
relBp,0.023255813953488372,42,42,TCACTGTAGGCACTTGGTAT,0,3260118
relBp,0.023255813953488372,42,42,CCTCGTTTCGGACCGGATCA,0,3272778
relBp,0.023255813953488372,42,42,CCAGGTATGCTATAGAAACT,0,3289576
relBp,0.023809523809523808,41,41,TTGCATTCCTACTTCACATG,0,3276191
relBp,0.023809523809523808,41,41,TGCCTTAGAGGGGTCTGTGC,0,3305991
relBp,0.023809523809523808,41,41,TCCAGTCACATGTCGTCTCA,0,3260673
relBp,0.023809523809523808,41,41,TATCTAGACTAACTTGGCTT,0,3276157
relBp,0.023809523809523808,41,41,GGCACCTGATTCGACATCCT,0,3268017
relBp,0.023809523809523808,41,41,GCCAAATTCTGCGCTTGAGC,0,3263593
relBp,0.024390243902439025,40,40,TTATCAAGTTTTAAGCTACA,0,3273102
relBp,0.024390243902439025,40,40,GTCCGACAGACTTAATGACA,0,3259924
relBp,0.024390243902439025,40,40,AGCTTCCTCCGGGGCATTTA,0,3265331
relBp,0.024390243902439025,40,40,ACGAATTAGTTTTGATGTAT,0,3274330
relBp,0.024390243902439025,40,40,ACAGCAAGACTAGGTCGGCG,0,3264091
relBp,0.025,39,39,TGGGGTCGTGGCTTACACGT,0,3278032
relBp,0.025,39,39,TCTGACACGACTCATTAGAT,0,3256501
relBp,0.025,39,39,TACCTACCCCGACATAGAGC,0,3262844
relBp,0.025,39,39,GGAATTACAGCCCATCAGTG,0,3295620
relBp,0.025,39,39,GAGAGATATGGCCTAAACCT,0,3296284
relBp,0.025,39,39,ATACTTCTTCCGTCAGTCAT,0,3260383
relBp,0.02564102564102564,38,38,TCGAAGCGGGCGGAAGTTAA,0,3277046
relBp,0.02564102564102564,38,38,GTCGCGGACACTGCCCGTTA,0,3298948
relBp,0.02564102564102564,38,38,GTAGCTGCCGCCTACATAAA,0,3303844
relBp,0.02564102564102564,38,38,GGATACATGACCAGTGACTT,0,3263941
relBp,0.02564102564102564,38,38,CGTGAGGGATCGCTATACCT,0,3271327
relBp,0.02564102564102564,38,38,CGATCATTTGTCTTGAGTTG,0,3299024
relBp,0.02564102564102564,38,38,CAAAAATCAGGTTTTCTGTT,0,3273970
relBp,0.02564102564102564,38,38,ACTGAGACGTGTGATCTAAG,0,3274290
relBp,0.02631578947368421,37,37,TTGGCGTAGCACTCGGGGTG,0,3280437
relBp,0.02631578947368421,37,37,TGGGGCTGATGCCGTTAATG,0,3276839
relBp,0.02631578947368421,37,37,GGCGCTGATCACCACTGCCA,0,3276495
relBp,0.02631578947368421,37,37,CCTTCTGGAAAAGTGCGTTT,0,3286012
relBp,0.02631578947368421,37,37,ATCGCTGCAGGCAGAACGAG,0,3272454
relBp,0.02631578947368421,37,37,ATCCTTTTTTTATTCTTCTT,0,3258751
relBp,0.02631578947368421,37,37,ACGCCAGCACCCTGTGGGGA,0,3286521
relBp,0.02702702702702703,36,36,TTACTGGAAAACATACCGTT,0,3259320
relBp,0.02702702702702703,36,36,TGCTCCACCACGAACTCAAA,0,3264335
relBp,0.02702702702702703,36,36,TCAACATCACAGGAAGTCCC,0,3287879
relBp,0.02702702702702703,36,36,GTCAGGGATGAATAGTGGTT,0,3284397
relBp,0.02702702702702703,36,36,CCTTAGTCTATCAGCGCTAA,0,3261578
relBp,0.02702702702702703,36,36,CAGTAAGGCTGCGAAAGGGT,0,3271115
relBp,0.02702702702702703,36,36,ATATTTCGGGCAGCAACGTG,0,3300192
relBp,0.02702702702702703,36,36,ACGGAATTCGTTAGGGTGTT,0,3256516
relBp,0.027777777777777776,35,35,TGCCAAACCAGGACCGAAGT,0,3266368
relBp,0.027777777777777776,35,35,GTAGGGGCATAATAGCTCTC,0,3267151
relBp,0.027777777777777776,35,35,CATAAAATCTGACGATTTCA,0,3259021
relBp,0.027777777777777776,35,35,ATGGTGTATTTCGGGGCCTT,0,3256092
relBp,0.027777777777777776,35,35,ATAGCTTTGAAAGGCACTAT,0,3281006
relBp,0.02857142857142857,34,34,TTTTTTCTACAACTGCTTGC,0,3259188
relBp,0.02857142857142857,34,34,TGTTTTCTCCATCACCTTGT,0,3261397
relBp,0.02857142857142857,34,34,TATCGGTGGCGTACTGCTTG,0,3266488
relBp,0.02857142857142857,34,34,GGATCTGGCAAGTTCCCTGG,0,3277207
relBp,0.02857142857142857,34,34,CCGATTAACTCGATTGGGTA,0,3277802
relBp,0.02857142857142857,34,34,CCAGGCGTGACCTCCTTTTA,0,3266418
relBp,0.02857142857142857,34,34,CCAGATTACGCGTAGCATAT,0,3276202
relBp,0.02857142857142857,34,34,CATCCTAGCGCGAACCCACA,0,3277704
relBp,0.02857142857142857,34,34,ATGCATTCGGCCCTCTGCGA,0,3284603
relBp,0.02857142857142857,34,34,AATACGTGTGTGTTGAGCTC,0,3262220
relBp,0.029411764705882353,33,33,TGGCCGCCAGTTCCTTCAGG,0,3285333
relBp,0.029411764705882353,33,33,TATTTTTTAACCTATTAGGT,0,3258560
relBp,0.029411764705882353,33,33,TAGAGTAGTATATGATTGTA,0,3271235
relBp,0.029411764705882353,33,33,TAATGAAGCTTTCTCAATAA,0,3286254
relBp,0.029411764705882353,33,33,GTTCGCGACCGCAAGTACCT,0,3270959
relBp,0.029411764705882353,33,33,GTGTGATACCGCTTATTAGT,0,3272273
relBp,0.029411764705882353,33,33,GGGGCCCCCTGAGACTTCCA,0,3264352
relBp,0.029411764705882353,33,33,GCACGCGAGCCAAAAGTAAC,0,3267315
relBp,0.029411764705882353,33,33,CTATAGTGCAGACTACATTA,0,3272324
relBp,0.029411764705882353,33,33,CGGTATCTTGGCCTACGGGT,0,3278444
relBp,0.029411764705882353,33,33,CCACCCGTCCGTTCTCGTTT,0,3258355
relBp,0.029411764705882353,33,33,CACGCAACAGGAGCCCGGTG,0,3296492
relBp,0.029411764705882353,33,33,ATCGATCTTACTAACGTTCT,0,3276151
relBp,0.029411764705882353,33,33,AGTCCCTAAGGAGCCCACAG,0,3263942
relBp,0.029411764705882353,33,33,ACAAAAGACGGTATGGCTAA,0,3283012
relBp,0.029411764705882353,33,33,AAGGGATAGTGTAGGAGTGA,0,3284885
relBp,0.030303030303030304,32,32,TTCGATCGAATTTGGCTAAA,0,3262257
relBp,0.030303030303030304,32,32,TTACGGTCTGAATTTCCTGC,0,3265316
relBp,0.030303030303030304,32,32,TCAAGTCTCCTTGTGCGTGA,0,3304490
relBp,0.030303030303030304,32,32,TATTTGCTAGCTATAAACTT,0,3296071
relBp,0.030303030303030304,32,32,TAAGCCTCCGCGGGGTAGAC,0,3285354
relBp,0.030303030303030304,32,32,GTGGCACCCTGGGACAGTAT,0,3258483
relBp,0.030303030303030304,32,32,GGCGGAAGAATTCCCACGGA,0,3270893
relBp,0.030303030303030304,32,32,GACTATCGCCATGTCCCATT,0,3300586
relBp,0.030303030303030304,32,32,CTCGCCATGCCCCCTGACGA,0,3302591
relBp,0.030303030303030304,32,32,CGTTCTAGGCTTATAGACTG,0,3287100
relBp,0.030303030303030304,32,32,CCCGCAGGACCTCTTTTATA,0,3285118
relBp,0.030303030303030304,32,32,CAGGTCAACGAGACTTTAAT,0,3272545
relBp,0.030303030303030304,32,32,AGGTGATATGCTATCCGGGA,0,3275476
relBp,0.030303030303030304,32,32,ACGTAATTTCACGATGGTAT,0,3257891
relBp,0.030303030303030304,32,32,AAGCTCCCGGCGGGCCGCTT,0,3267537
relBp,0.030303030303030304,32,32,AACTTAAACGCGCAAAGTGT,0,3283292
relBp,0.03125,31,31,TGAGTAATTTGCGACTGTGT,0,3257861
relBp,0.03125,31,31,TCTAGGAACAGCTGGGTGGA,0,3260233
relBp,0.03125,31,31,GTTGGCATTCAGGGTGCTCG,0,3294248
relBp,0.03125,31,31,GGTAGAGTATGGTTACTGTA,0,3288503
relBp,0.03125,31,31,CCTGGTGCATGGTGAACTTA,0,3290739
relBp,0.03125,31,31,CACTCGTTGACCGGTACAGT,0,3258928
relBp,0.03125,31,31,ATACGGAGTTAGATAACTTG,0,3273017
relBp,0.03125,31,31,AAAGGTCGCATCTTCGGGCA,0,3257204
relBp,0.03125,31,31,AAAAAACCGGTGCTCAATTT,0,3272549
relBp,0.03225806451612903,30,30,TTTATCAAGATGTACTAAGT,0,3263735
relBp,0.03225806451612903,30,30,TGCGCACGGCAGTATTTGGC,0,3304034
relBp,0.03225806451612903,30,30,TGATAGTATTGGATACGCCA,0,3288582
relBp,0.03225806451612903,30,30,TATTAGTGCTACACTACTAG,0,3286551
relBp,0.03225806451612903,30,30,GTGTCTAGAGGTGGATTCTA,0,3278948
relBp,0.03225806451612903,30,30,GGAATATAATGGTGGAATTA,0,3261926
relBp,0.03225806451612903,30,30,GAGTTTTGCCAACCGTTCAT,0,3268564
relBp,0.03225806451612903,30,30,CGGTTGTCTGTCACAATCGA,0,3270823
relBp,0.03225806451612903,30,30,CGGATCGAGATCGCTGTCTG,0,3281860
relBp,0.03225806451612903,30,30,CCGGTGATTATCTTGCTGTG,0,3262514
relBp,0.03225806451612903,30,30,CCGGATTTTATAACCAAAGA,0,3274888
relBp,0.03225806451612903,30,30,CATGGGTCCAATGGATAGCT,0,3262943
relBp,0.03225806451612903,30,30,CAGCATCCCGATGAGTGAAT,0,3291414
relBp,0.03225806451612903,30,30,ATTCTCCAGCAATGAATAAG,0,3286817
relBp,0.03225806451612903,30,30,AGTACTGGGTATGCAGATGA,0,3280627
relBp,0.03225806451612903,30,30,AGGTCACATGTGTGCGGATC,0,3289477
relBp,0.03225806451612903,30,30,AGGACTACGGCGCCGCTGCA,0,3282787
relBp,0.03225806451612903,30,30,AGCTCTCCCCCGGGTATACT,0,3286159
relBp,0.03225806451612903,30,30,ACTGCCTTGGGTGTGGGGCT,0,3294103
relBp,0.03225806451612903,30,30,ACGCTAGGGAGTTGTGAGTG,0,3262640
relBp,0.03225806451612903,30,30,AACACGTAGAGTCCAAACTA,0,3294894
relBp,0.03333333333333333,29,29,TGTTGAGGCTGGCACTACGT,0,3258452
relBp,0.03333333333333333,29,29,TGCCGTAAATACCGTTCTTA,0,3295184
relBp,0.03333333333333333,29,29,TACTGGAGAGTAGACCGGAC,0,3263556
relBp,0.03333333333333333,29,29,GTGCTGGCAAGGTCAACTCG,0,3268503
relBp,0.03333333333333333,29,29,GTCCATCCTTTATTCGTAGG,0,3299668
relBp,0.03333333333333333,29,29,GATAACCGTGGTCTCTATAC,0,3257116
relBp,0.03333333333333333,29,29,GACACTTAACCTTGCAAATA,0,3293408
relBp,0.03333333333333333,29,29,CGTCGTGAGTCATTCGGCCC,0,3266484
relBp,0.03333333333333333,29,29,ATCTTGAATCCCCTGTACAT,0,3270982
relBp,0.03333333333333333,29,29,ATCTGCCTACCCGTAATTGT,0,3287762
relBp,0.03333333333333333,29,29,AGTAGACATACGCGCGCCAA,0,3258797
relBp,0.03333333333333333,29,29,AGCCACGTACTTTCCGCCTC,0,3279138
relBp,0.03333333333333333,29,29,ACTCTTGGGAAGCCGTCTTT,0,3260380
relBp,0.03333333333333333,29,29,AACGTGTGTTGACGCGTAGC,0,3291363
relBp,0.034482758620689655,28,28,TTTTTAGGAAAACGTACGCA,0,3273258
relBp,0.034482758620689655,28,28,TGCCCTACCTTACCACCAGT,0,3287370
relBp,0.034482758620689655,28,28,TATAGCGACGTCCCAAGGCC,0,3270667
relBp,0.034482758620689655,28,28,TAGCATACGAGCGAACAGCC,0,3262945
relBp,0.034482758620689655,28,28,TACTCAAAGTATGCGTCTGC,0,3278817
relBp,0.034482758620689655,28,28,TACGATTATCGGGACCGTCT,0,3265279
relBp,0.034482758620689655,28,28,GTTTCCGCGGAGTCATCCTC,0,3276850
relBp,0.034482758620689655,28,28,GTATGAGGCGCCTCCGTCAT,0,3303082
relBp,0.034482758620689655,28,28,GTAGTCGCCCGCGAAAAAAG,0,3300169
relBp,0.034482758620689655,28,28,GGGATCGGGACCAGGTAGAG,0,3271699
relBp,0.034482758620689655,28,28,GGAGATGCTTATTTTCCACG,0,3271708
relBp,0.034482758620689655,28,28,GCGTGATTAAACGTTAATCG,0,3277430
relBp,0.034482758620689655,28,28,GCCGCACGTTCTCGAAGACA,0,3286139
relBp,0.034482758620689655,28,28,GCCAGTTGGTTAGGGGGGCA,0,3285194
relBp,0.034482758620689655,28,28,GATGATTAGGTCCGATACAT,0,3263640
relBp,0.034482758620689655,28,28,CTTTGGAGGTCACGGTTAGA,0,3266995
relBp,0.034482758620689655,28,28,CGTCTTAATCGATCTTGCTA,0,3270284
relBp,0.034482758620689655,28,28,CCAGTGCTTGCCTATGTATT,0,3274472
relBp,0.034482758620689655,28,28,CCAGCCCGCGCAGCCAGAAC,0,3256070
relBp,0.034482758620689655,28,28,CCACCCGAACACCAAAGGCT,0,3304014
relBp,0.034482758620689655,28,28,ATTTTCCTATCCTACAGTGT,0,3265939
relBp,0.034482758620689655,28,28,AATGCCAGAATAACTGGGCG,0,3263656
relBp,0.03571428571428571,27,27,TTGTACGCCTGCTTATACAG,0,3274154
relBp,0.03571428571428571,27,27,TAATCCTGATTCGACCCGAT,0,3305003
relBp,0.03571428571428571,27,27,GTTCGAGTCCTCATTTATGC,0,3294000
relBp,0.03571428571428571,27,27,GGGAATCGATGGTTAGCCCG,0,3256300
relBp,0.03571428571428571,27,27,GGAGTTGGGAAAAGCGGGGA,0,3265849
relBp,0.03571428571428571,27,27,GCACACTCGGGTAGCAGTGG,0,3256075
relBp,0.03571428571428571,27,27,GAATACGAACGTGCTTATTT,0,3290239
relBp,0.03571428571428571,27,27,CTCTGATTCGAGCCGGAATT,0,3281409
relBp,0.03571428571428571,27,27,CGTCAGGCGAATGCCCCCCA,0,3268025
relBp,0.03571428571428571,27,27,CCGCGACCCCTGCACGTGGT,0,3261472
relBp,0.03571428571428571,27,27,CCGAGAGGTTACTTATGTCA,0,3279105
relBp,0.03571428571428571,27,27,CAGGGGCAGGCTTCGAGATA,0,3297104
relBp,0.03571428571428571,27,27,ATAGGTATACAATCCAGGTC,0,3282747
relBp,0.03571428571428571,27,27,AGAAGTCCCGGCCCCCGGTA,0,3282103
relBp,0.03571428571428571,27,27,AATATAGCGGAGAGAAAACG,0,3264700
relBp,0.03571428571428571,27,27,AAGGTACCGGTATTCGGTAT,0,3266601
relBp,0.037037037037037035,26,26,TGTTCAGAAACTTAGGGTGA,0,3302798
relBp,0.037037037037037035,26,26,TGCTAAACATAGCATGTTGG,0,3258541
relBp,0.037037037037037035,26,26,TGACCTCCGTATGCATTGTA,0,3266296
relBp,0.037037037037037035,26,26,TCGAAGAGGAGATCCCCTGA,0,3279874
relBp,0.037037037037037035,26,26,TCCTTGGGGTTATCTTAATA,0,3271706
relBp,0.037037037037037035,26,26,TAATCAGGCTTAGACTTTCC,0,3273852
relBp,0.037037037037037035,26,26,GTGTATGGCTTTCGCCGTGA,0,3284022
relBp,0.037037037037037035,26,26,GTAGCAGGTAGGCCAAAAGT,0,3270316
relBp,0.037037037037037035,26,26,GGGAAAATATACACATGGGT,0,3305198
relBp,0.037037037037037035,26,26,GCGTCTGTCAAAATACCTAA,0,3280872
relBp,0.037037037037037035,26,26,GCGCAGCGTCCCTATGTTCA,0,3257540
relBp,0.037037037037037035,26,26,GCAGGCTCTTAGGTCTTTAT,0,3291536
relBp,0.037037037037037035,26,26,GAATTGAGTTAGATCGCTTA,0,3307024
relBp,0.037037037037037035,26,26,CTGCCCGGAACGAGCCGACG,0,3275788
relBp,0.037037037037037035,26,26,CGGATTGAGCCCGGGAGGTG,0,3268385
relBp,0.037037037037037035,26,26,CCTCATGTCCAAAGAACCTA,0,3257535
relBp,0.037037037037037035,26,26,CCCTGCGAACGGAAAATGCA,0,3288411
relBp,0.037037037037037035,26,26,CCCATCCTGTCGAGCTCAGT,0,3308007
relBp,0.037037037037037035,26,26,ATCATTCACGGTAATAGAGA,0,3259127
relBp,0.037037037037037035,26,26,AGGAGACGACATTCATGTAA,0,3272593
relBp,0.037037037037037035,26,26,AGACCGGCGCTGGATCGAAG,0,3258486
relBp,0.037037037037037035,26,26,ACTCCTTTGTTATCGTCCCT,0,3291155
relBp,0.037037037037037035,26,26,ACAGTTGCTGTAGATTGGCC,0,3282705
relBp,0.037037037037037035,26,26,AATACTTGCCCCGGCCTCTA,0,3292762
relBp,0.037037037037037035,26,26,AAGGTCAGTCCGAATGCCTG,0,3259319
relBp,0.038461538461538464,25,25,TTTTAACGAACGCACTTTGT,0,3263947
relBp,0.038461538461538464,25,25,TTTCGTTGCTTAATGGTGTT,0,3258481
relBp,0.038461538461538464,25,25,TTGTCGGATAGACGAGCGCG,0,3263125
relBp,0.038461538461538464,25,25,TTCTGTGGGCTATCGCCCAA,0,3280083
relBp,0.038461538461538464,25,25,TTAGAAATGCCACGTACCTG,0,3276645
relBp,0.038461538461538464,25,25,TCTGCCGCAGAGTTAAAAGT,0,3301522
relBp,0.038461538461538464,25,25,TCTGATTAGTCATAACTGGG,0,3296109
relBp,0.038461538461538464,25,25,TCGACCTCTTGGGTCCTGCA,0,3271039
relBp,0.038461538461538464,25,25,TAAGTTCGCCGGAATTCGTT,0,3264899
relBp,0.038461538461538464,25,25,TAAGGACTTTTGTCTGGTTC,0,3272585
relBp,0.038461538461538464,25,25,GTTGTAGCTATGGCATAGGA,0,3264350
relBp,0.038461538461538464,25,25,GTCTACTAGCGCCTCTATAG,0,3276531
relBp,0.038461538461538464,25,25,GTAACTCCCGCCTCGGATTC,0,3282440
relBp,0.038461538461538464,25,25,GGCGCCTCCCACGTGGTAAG,0,3256756
relBp,0.038461538461538464,25,25,GACCGGGTCGAGCCCTTACA,0,3282623
relBp,0.038461538461538464,25,25,CTCTATAATCATTTCATAAG,0,3288691
relBp,0.038461538461538464,25,25,CTACGGCGAGTCGCTGAATA,0,3299392
relBp,0.038461538461538464,25,25,CGTCAATGATAAAGATAGTG,0,3287227
relBp,0.038461538461538464,25,25,CGTAGGTATGCACCTTACTT,0,3273724
relBp,0.038461538461538464,25,25,CGGGGTATCCTCCGATGGTG,0,3263512
relBp,0.038461538461538464,25,25,CGATCTCAATCGGAAGGGTC,0,3269768
relBp,0.038461538461538464,25,25,CGAGCGGAATAACTTAGCCT,0,3272506
relBp,0.038461538461538464,25,25,CCTGTCGGGGGTGCCACACG,0,3263044
relBp,0.038461538461538464,25,25,CCGTCGGCCATCCTCCGGAA,0,3294755
relBp,0.038461538461538464,25,25,CCGGTAAACGAGCAGCTACG,0,3275420
relBp,0.038461538461538464,25,25,CCAGGTCGGGCTTACTCAGC,0,3260737
relBp,0.038461538461538464,25,25,CAGAAGCTGCAGACTTAAGT,0,3256992
relBp,0.038461538461538464,25,25,CACCATGCACCCAGTCGAAT,0,3286887
relBp,0.038461538461538464,25,25,ATGTGAATGATGCAGTAATA,0,3276456
relBp,0.038461538461538464,25,25,AGTGAACAAAGCTAGAAGAA,0,3269256
relBp,0.038461538461538464,25,25,ACTAACACAACGACGGTCCG,0,3258207
relBp,0.038461538461538464,25,25,ACCAAGGGCTCTAGTGGGAA,0,3284092
relBp,0.038461538461538464,25,25,ACACATTCCCCATAGCGTGA,0,3277500
relBp,0.038461538461538464,25,25,AATCATTACTTCAACGCGGA,0,3257534
relBp,0.038461538461538464,25,25,AACTCCGGGTCTCTATTCCG,0,3274337
relBp,0.038461538461538464,25,25,AACGCCCAGGTGTGCATCAA,0,3260130
relBp,0.038461538461538464,25,25,AACAAACTATGACAACAGCA,0,3272159
relBp,0.04,24,24,TTTGAGGTTGGTGTCGGCTA,0,3287347
relBp,0.04,24,24,TTTACGGGTGGTTGCGACAC,0,3266509
relBp,0.04,24,24,TTGGCGTATGCAGTAACTCT,0,3268621
relBp,0.04,24,24,TTAGGTAAGCCACCGACATC,0,3266289
relBp,0.04,24,24,TGCTGGCATAACTTCGCGCC,0,3287804
relBp,0.04,24,24,TCTTGTCAGTGCCAGTATAG,0,3276730
relBp,0.04,24,24,TCATGTTTCCCTCAAAGAAA,0,3279148
relBp,0.04,24,24,TCAGTTAGTAGGTCTCCTTG,0,3265185
relBp,0.04,24,24,TATCACTGTTGTAGGCGAGT,0,3279325
relBp,0.04,24,24,GTGGCACAGACGTACGGCGT,0,3262350
relBp,0.04,24,24,GGTTCGGTAGCTAAGACAAG,0,3260246
relBp,0.04,24,24,GGCTCCCAGGACGTATCCCA,0,3296481
relBp,0.04,24,24,GGATCATTCCGGTCTAAATA,0,3262883
relBp,0.04,24,24,GGACCTAATAGGACACTACA,0,3262313
relBp,0.04,24,24,GCGCCCGAGGCAAGTGCTGA,0,3260212
relBp,0.04,24,24,GCCGGTTACACATGCGTCAC,0,3291492
relBp,0.04,24,24,GAGAATCGCCTTGTGTCATA,0,3296179
relBp,0.04,24,24,CTTAAGCAGATGCTCGAGCT,0,3263742
relBp,0.04,24,24,CTACCGGATGTCAGAATTCT,0,3274165
relBp,0.04,24,24,CTAAGGGCACGTATCAAGGC,0,3282298
relBp,0.04,24,24,CGGTCTAATGCCTCCATAGC,0,3273794
relBp,0.04,24,24,CGGGTGTTGTCACGCTTAGG,0,3269569
relBp,0.04,24,24,CGGCAGGGGGCGAACTCCCA,0,3303528
relBp,0.04,24,24,CGATTCTTGCACCTATGGAA,0,3279885
relBp,0.04,24,24,CCTGGGGTCGCTTTATAGAT,0,3259505
relBp,0.04,24,24,CCATAGAGGCGGTAGCGCCA,0,3256263
relBp,0.04,24,24,CATAGTCAGTCCTACCCATT,0,3266038
relBp,0.04,24,24,CAGCTCAATTAGACTTCAGA,0,3265895
relBp,0.04,24,24,CACGGTTGACGCGGTTTCTA,0,3267744
relBp,0.04,24,24,ATTTGAATGGAAATTTGATA,0,3296819
relBp,0.04,24,24,AGTAAGAAACTGCTTAAAAT,0,3300722
relBp,0.04,24,24,AATCCGATATTGGCTTTTAT,0,3277545
relBp,0.04,24,24,AACCGTAGATTTCCTTGCAA,0,3260448
relBp,0.041666666666666664,23,23,TTGGGTAGTAAAATTTTGAA,0,3260842
relBp,0.041666666666666664,23,23,TTCTTGACTATTCTGTCGGT,0,3286323
relBp,0.041666666666666664,23,23,TGGAGGTTAACAAGGAAGAT,0,3262850
relBp,0.041666666666666664,23,23,TGAGCCCATCCGGGGAAACG,0,3279830
relBp,0.041666666666666664,23,23,TCTTTAACCACGCTCAGTCA,0,3277127
relBp,0.041666666666666664,23,23,TCCAGGAACCACATCGAGAA,0,3280085
relBp,0.041666666666666664,23,23,TACGCGAGGTTGCCGTGTTA,0,3294731
relBp,0.041666666666666664,23,23,TAAAGTAAATTTGCGCCAGG,0,3263920
relBp,0.041666666666666664,23,23,GTGTGTTTGTAACACGGGAT,0,3272810
relBp,0.041666666666666664,23,23,GTAGTCTATCGCATGTTCCT,0,3287855
relBp,0.041666666666666664,23,23,GGCGTTCCGGATATGTGTAA,0,3302741
relBp,0.041666666666666664,23,23,GGCCGGGACGCCCGAATTTG,0,3260075
relBp,0.041666666666666664,23,23,GGATTGGTGTGGCGTACTTT,0,3272874
relBp,0.041666666666666664,23,23,GGAGTTCGCACATGGTGAAC,0,3267325
relBp,0.041666666666666664,23,23,GGAGGAAAATCGGGCGCGGA,0,3292428
relBp,0.041666666666666664,23,23,GGACTGTTTGGTCCTCAAAC,0,3293909
relBp,0.041666666666666664,23,23,GCTATCTTGGGTTACATTTG,0,3278992
relBp,0.041666666666666664,23,23,GCGTTTAGGAACGTCGCTAG,0,3274563
relBp,0.041666666666666664,23,23,GATTAGCGAGCATGGTCATT,0,3279051
relBp,0.041666666666666664,23,23,GATAGTAGGTGGGTGACTAT,0,3294762
relBp,0.041666666666666664,23,23,GACGCACACCTGTAGCCGAT,0,3270656
relBp,0.041666666666666664,23,23,CTGAGGAGAGTCGTAGACCC,0,3287463
relBp,0.041666666666666664,23,23,CTACCGTCGCGTAAACAATT,0,3266968
relBp,0.041666666666666664,23,23,CGTCGCACGAGTACGGACGA,0,3290884
relBp,0.041666666666666664,23,23,CGTATAAACCTATGTTAAGA,0,3283204
relBp,0.041666666666666664,23,23,CGGAAGCGTGCCAGTTAACC,0,3267006
relBp,0.041666666666666664,23,23,CGAAATAGGTAGGGCCAACC,0,3259055
relBp,0.041666666666666664,23,23,CCTCAGGCCCGATTAGGTAA,0,3275478
relBp,0.041666666666666664,23,23,CAGCCGGACATTACACGTAA,0,3304342
relBp,0.041666666666666664,23,23,CAAGTGTTTGGTGACTACGA,0,3276164
relBp,0.041666666666666664,23,23,ATTCAGGTGCTACGAGGAAA,0,3276436
relBp,0.041666666666666664,23,23,AGTATACCCACTCCGAAGCT,0,3277208
relBp,0.041666666666666664,23,23,AGCTTGTCAGCATTAGCTTT,0,3301180
relBp,0.041666666666666664,23,23,AGCCGCAGAAGTACAGATAG,0,3258210
relBp,0.041666666666666664,23,23,ACGTACATCGTATTGCCATA,0,3268505
relBp,0.041666666666666664,23,23,ACGCATCTTGGATTGGGATC,0,3272361
relBp,0.041666666666666664,23,23,ACGCATCGAGACATCCTCTA,0,3260302
relBp,0.041666666666666664,23,23,ACGACGAACAGCTGCTGGGT,0,3304208
relBp,0.041666666666666664,23,23,ACCAGGTTCATTCTACTGCT,0,3261929
relBp,0.041666666666666664,23,23,ACAACATGGTGGTTTCAAGG,0,3297034
relBp,0.041666666666666664,23,23,AACTCGTACCGCATTCACGA,0,3269232
relBp,0.041666666666666664,23,23,AAACGCTTCGTATCATGTAG,0,3261220
relBp,0.043478260869565216,22,22,TTTCAAGACTGCTGGAAATG,0,3293861
relBp,0.043478260869565216,22,22,TTCGGCTGAACTGCCCAACA,0,3298316
relBp,0.043478260869565216,22,22,TGGGGGAGTCGGCGGCGCAA,0,3289579
relBp,0.043478260869565216,22,22,TCTAAACCGGTTCCAGAGAT,0,3288903
relBp,0.043478260869565216,22,22,TCCGAAAAATAGGCCCCTGA,0,3258462
relBp,0.043478260869565216,22,22,TCCCCTGACAGGGATTGATT,0,3262517
relBp,0.043478260869565216,22,22,TCAGGCATGAGATCGACTAA,0,3277321
relBp,0.043478260869565216,22,22,TCAAATGCCAAGAAAGCCTA,0,3280485
relBp,0.043478260869565216,22,22,TATTATCTAGCCCAAAAGTA,0,3302847
relBp,0.043478260869565216,22,22,TAAACACTGAGGGCTAAAAG,0,3261971
relBp,0.043478260869565216,22,22,TAAAAGCGGAATCTCGGCGA,0,3283000
relBp,0.043478260869565216,22,22,GTTCGTTAATACAACCACGT,0,3275982
relBp,0.043478260869565216,22,22,GTGGTCCCCTATGCTAAACT,0,3256907
relBp,0.043478260869565216,22,22,GTGGTACCGGGTTCTTTAAT,0,3271740
relBp,0.043478260869565216,22,22,GTGACCCCTCCAAAACTGGA,0,3266450
relBp,0.043478260869565216,22,22,GTCAAGATTACATCTCTAGT,0,3302649
relBp,0.043478260869565216,22,22,GGTCAGGCGAATTGGACACT,0,3284100
relBp,0.043478260869565216,22,22,GGCTTAGGGTCTCCGTCATC,0,3304761
relBp,0.043478260869565216,22,22,GCTACTTAAATTTGGTCTCA,0,3260529
relBp,0.043478260869565216,22,22,GCGTGTATCCTCTAATGAAT,0,3291476
relBp,0.043478260869565216,22,22,GCGTAGAGAATTACGGTGTC,0,3272839
relBp,0.043478260869565216,22,22,GCGGTCTGCACGGTTCGGAC,0,3284580
relBp,0.043478260869565216,22,22,GATATCGGTGTAGAAGGGAA,0,3271190
relBp,0.043478260869565216,22,22,GACGGTAGATTGAGGCCCTT,0,3274977
relBp,0.043478260869565216,22,22,CTTGGAGCCACATTCCGGGG,0,3301427
relBp,0.043478260869565216,22,22,CTCGGTGCGACACTGGAGTC,0,3268865
relBp,0.043478260869565216,22,22,CTATCCACCCCGTGTCAGTT,0,3289829
relBp,0.043478260869565216,22,22,CGGTTACCTTGCAGTAAGGC,0,3305174
relBp,0.043478260869565216,22,22,CGGGCAGCCCAAGGTCAGAA,0,3285312
relBp,0.043478260869565216,22,22,CGCCTACTCGTCGTCGCGGT,0,3298789
relBp,0.043478260869565216,22,22,CGACTTTTGTGAATGTAGAG,0,3278912
relBp,0.043478260869565216,22,22,CCTCACTTGGTGCTTTTTCG,0,3283266
relBp,0.043478260869565216,22,22,CCGGGCACACGCGAAGTTGA,0,3301308
relBp,0.043478260869565216,22,22,CCGGAAAATGGTCCTTCTGA,0,3257458
relBp,0.043478260869565216,22,22,CCGCTGCCTGATTTTACCGA,0,3280347
relBp,0.043478260869565216,22,22,CAGACCGGTACCTGAATTCA,0,3276664
relBp,0.043478260869565216,22,22,ATTTAAAGTTATTCTGATTG,0,3260381
relBp,0.043478260869565216,22,22,ATTAAGACGGGCCTGCACAA,0,3262982
relBp,0.043478260869565216,22,22,ATGCTCTGATCAGTCGTACA,0,3257849
relBp,0.043478260869565216,22,22,ATACTCCGTTCATAGATTTC,0,3266023
relBp,0.043478260869565216,22,22,AGTCCTACCACCGTCTTTAA,0,3274272
relBp,0.043478260869565216,22,22,AGGTTGCTGCGGTCTTTTAT,0,3262518
relBp,0.043478260869565216,22,22,AGGGTAGCATGCCGACAGCT,0,3263502
relBp,0.043478260869565216,22,22,ACTTGTTTTAATAATGTGGT,0,3294259
relBp,0.043478260869565216,22,22,ACTCTGTCTGCTTGTACCTC,0,3270276
relBp,0.043478260869565216,22,22,ACACAACAAGAAGGAGCCTG,0,3299396
relBp,0.043478260869565216,22,22,AATGTCAGATTGAAGCCGTA,0,3284828
relBp,0.043478260869565216,22,22,AAGGGCGTCAACAACAACAT,0,3266254
relBp,0.043478260869565216,22,22,AAGCCCGCTGATATCCACGT,0,3281121
relBp,0.043478260869565216,22,22,AAGAAACTTCACAGTCGGCA,0,3275728
relBp,0.045454545454545456,21,21,TTTCATGAATTCTGCAGCAT,0,3281348
relBp,0.045454545454545456,21,21,TTTACCCGTAGGGCTTCCCG,0,3258887
relBp,0.045454545454545456,21,21,TTGGCGGTGGCTACACGGAT,0,3303855
relBp,0.045454545454545456,21,21,TTAGTGCATGGTTTAAATTG,0,3303401
relBp,0.045454545454545456,21,21,TTAATCGTTCGAGGGTTGGG,0,3259459
relBp,0.045454545454545456,21,21,TTAACTCGGGGGATAACCAT,0,3276058
relBp,0.045454545454545456,21,21,TGTGTGAGTACACGGCAGTT,0,3302309
relBp,0.045454545454545456,21,21,TGTGTGAAAAGGCTCTAATC,0,3294876
relBp,0.045454545454545456,21,21,TGGTAAGTCACTAAGACCTT,0,3264477
relBp,0.045454545454545456,21,21,TGGGATATCAACAAAATTTG,0,3264720
relBp,0.045454545454545456,21,21,TGCCGCTATCCTACGCAGTT,0,3258364
relBp,0.045454545454545456,21,21,TGACATCGGTCGGCACACCA,0,3261880
relBp,0.045454545454545456,21,21,TCTTGTAGGCCATGCGGGAC,0,3289481
relBp,0.045454545454545456,21,21,TCTGCGGACCGACTGCACCG,0,3297719
relBp,0.045454545454545456,21,21,TCGGGGAGTCCCTGAATGTA,0,3289763
relBp,0.045454545454545456,21,21,TATCGGTGCGTATGGCTTAT,0,3280951
relBp,0.045454545454545456,21,21,TATAAGAACCAGAGGGAAGT,0,3266037
relBp,0.045454545454545456,21,21,TAGGCAACGGCTCCGTTCCT,0,3268622
relBp,0.045454545454545456,21,21,TACGATCTCATGGCCCACGC,0,3257544
relBp,0.045454545454545456,21,21,TAAGTCCCGCGACCTTGATA,0,3286949
relBp,0.045454545454545456,21,21,GTTCTTCCTAACTAATGCAA,0,3292625
relBp,0.045454545454545456,21,21,GTTACAAGTTCGTCACACGA,0,3278034
relBp,0.045454545454545456,21,21,GTGCGGGAACGTGGCATAGC,0,3263045
relBp,0.045454545454545456,21,21,GTCTTAACCGTGGAGTTCGC,0,3300862
relBp,0.045454545454545456,21,21,GTAAGGACGACGACAGTAAG,0,3297294
relBp,0.045454545454545456,21,21,GTAAGAGATCACTACCCGGT,0,3305099
relBp,0.045454545454545456,21,21,GGGAGAACGTATGCATAGTA,0,3282343
relBp,0.045454545454545456,21,21,GGCTCATTCGCCCACTCCAT,0,3291419
relBp,0.045454545454545456,21,21,GCTGTTTATGGTCTGCGAGA,0,3295281
relBp,0.045454545454545456,21,21,GCTAGTATACTGCTTGGCAT,0,3293969
relBp,0.045454545454545456,21,21,GCGGGCTGGGGTGAATTTAA,0,3261276
relBp,0.045454545454545456,21,21,GCCCAAGAATGGTAGCCATG,0,3292568
relBp,0.045454545454545456,21,21,GCACGAAAGAAGCATCCCCA,0,3281590
relBp,0.045454545454545456,21,21,GATTCAGAGATGCGATGCAA,0,3263966
relBp,0.045454545454545456,21,21,GAGTTTGCATCCGCACCTAC,0,3273008
relBp,0.045454545454545456,21,21,GAGCAACCTCGGGGAGCGGT,0,3290872
relBp,0.045454545454545456,21,21,CTGTGAAGCGGTACTAACGT,0,3290437
relBp,0.045454545454545456,21,21,CTCAAAAGTCCTGAAGTACT,0,3264449
relBp,0.045454545454545456,21,21,CCGCATCAAGACCACCCAGA,0,3293764
relBp,0.045454545454545456,21,21,CCACCGGGGACACTCAGTTG,0,3260991
relBp,0.045454545454545456,21,21,CATTTACGAATGGTGTGCGC,0,3257727
relBp,0.045454545454545456,21,21,CAGGTCAATAGAAAGTATCG,0,3276842
relBp,0.045454545454545456,21,21,CACAGTTGCCCGACTGTTCG,0,3299074
relBp,0.045454545454545456,21,21,CACACGGACGGATAAAGGAA,0,3270942
relBp,0.045454545454545456,21,21,CAAGTGCGCCAATTGATAGG,0,3291952
relBp,0.045454545454545456,21,21,ATCTGTTGACTGGCGACTTC,0,3274465
relBp,0.045454545454545456,21,21,ATCGCAACAGGTCTGACGGT,0,3262474
relBp,0.045454545454545456,21,21,AGGTAGTATTGGCGTTGGCC,0,3278963
relBp,0.045454545454545456,21,21,AGCTGCTTTTGTTGAATGCA,0,3267009
relBp,0.045454545454545456,21,21,AGCTCCCGCGCGAAAGAGGA,0,3293136
relBp,0.045454545454545456,21,21,AGCTAAGGTAGAAATAGCTG,0,3278868
relBp,0.045454545454545456,21,21,AGCCAGGCCCTTCCTAAATT,0,3273176
relBp,0.045454545454545456,21,21,AGATTTTGATGTAATGCATG,0,3261041
relBp,0.045454545454545456,21,21,AGATACATCGTGCGGGTATA,0,3266245
relBp,0.045454545454545456,21,21,ACTGAATGGAGCAGTGTATG,0,3290911
relBp,0.045454545454545456,21,21,ACTCAGGTTGTCAACGGCTT,0,3271026
relBp,0.045454545454545456,21,21,AATTTTGTATAAGGGTCTTA,0,3260441
relBp,0.045454545454545456,21,21,AATGTATATCAAACGACAGA,0,3276939
relBp,0.045454545454545456,21,21,AACCCGGGGATGATGCTGAA,0,3262325
relBp,0.045454545454545456,21,21,AAACAAATTAGAACGCTACG,0,3272516
relBp,0.047619047619047616,20,20,TTTTCAAGACTACTGTTTTC,0,3287884
relBp,0.047619047619047616,20,20,TTTCTAGTGTCGGATATAGT,0,3283486
relBp,0.047619047619047616,20,20,TTTCGCGTAGGGGAGATGGA,0,3263131
relBp,0.047619047619047616,20,20,TTTACGGCATATCACGGCGA,0,3273999
relBp,0.047619047619047616,20,20,TGGGTTTGCAATATCCACAC,0,3282411
relBp,0.047619047619047616,20,20,TGGCGAAGGGAGTCGTAAGT,0,3294507
relBp,0.047619047619047616,20,20,TGCTATAAAGAAATAGAGCA,0,3269582
relBp,0.047619047619047616,20,20,TGCTAGGACCGCGCGGCCAA,0,3294526
relBp,0.047619047619047616,20,20,TGCGGCACACTGTACCGGAT,0,3259266
relBp,0.047619047619047616,20,20,TGCAACCGAGGGCCTATCGA,0,3269095
relBp,0.047619047619047616,20,20,TGATATGCCCGGCTCTGTGA,0,3267836
relBp,0.047619047619047616,20,20,TGACGTTCCCCGTTAAGAAG,0,3270033
relBp,0.047619047619047616,20,20,TCGCCTTATTCCACATAAAG,0,3274688
relBp,0.047619047619047616,20,20,TCCTTGATGGTATCGGGCTC,0,3292765
relBp,0.047619047619047616,20,20,TCAGTACGGCCAGACTTGTG,0,3279278
relBp,0.047619047619047616,20,20,TCAAAGAGTATCCGCGATTC,0,3287110
relBp,0.047619047619047616,20,20,TAGCAAAAGTGGGAATTACT,0,3293989
relBp,0.047619047619047616,20,20,TACAGGCTCACCTAACACGT,0,3284475
relBp,0.047619047619047616,20,20,TACAGGCTACGGCCCTGCGA,0,3269301
relBp,0.047619047619047616,20,20,GTTGATTTATCACCACATTA,0,3299549
relBp,0.047619047619047616,20,20,GGCGGGGATGTGAGATAATG,0,3277736
relBp,0.047619047619047616,20,20,GGACCGTCATCGTAAGAATT,0,3283542
relBp,0.047619047619047616,20,20,GCGCTCCACGGTATTCCCGT,0,3286825
relBp,0.047619047619047616,20,20,GCGCAGTATCTGATGAGGGG,0,3262541
relBp,0.047619047619047616,20,20,GCAATTGACGGGGGTATTGC,0,3271558
relBp,0.047619047619047616,20,20,GAGATAAAGGTCAGCGACGG,0,3268991
relBp,0.047619047619047616,20,20,GAATTTGTCAAAAGGTTCAT,0,3276921
relBp,0.047619047619047616,20,20,GAAGCAGGTTGTGTGCTAGG,0,3282264
relBp,0.047619047619047616,20,20,GAAAGGGAACAATAGCCAAA,0,3286735
relBp,0.047619047619047616,20,20,CTTCATGTAGTGCCCGCGCT,0,3305135
relBp,0.047619047619047616,20,20,CTTATCAAGGGGTTTTAAGT,0,3262544
relBp,0.047619047619047616,20,20,CTGGGGTACAAGCACCAGTG,0,3285679
relBp,0.047619047619047616,20,20,CTGGGGTAAGGGTACGTAGG,0,3265900
relBp,0.047619047619047616,20,20,CTGGAGATCTTACCTATAGT,0,3286527
relBp,0.047619047619047616,20,20,CTCGTAACCGTTCGACTGCC,0,3295275
relBp,0.047619047619047616,20,20,CTAGCAGTAACTTTAGACTC,0,3261091
relBp,0.047619047619047616,20,20,CGGGTGTCGGCGTAGCCAGA,0,3290123
relBp,0.047619047619047616,20,20,CGCGAGAGATAGCTTTAATG,0,3269968
relBp,0.047619047619047616,20,20,CGCCCAGATGGGTTGTTTTT,0,3286685
relBp,0.047619047619047616,20,20,CGCCACTTGGCTGAGGGGTG,0,3276686
relBp,0.047619047619047616,20,20,CCGGCACCGTGGCTACCAGA,0,3299307
relBp,0.047619047619047616,20,20,CCCGCTTGAACTTGGCCGGT,0,3308119
relBp,0.047619047619047616,20,20,CATAATGCAGATGAAGTAAG,0,3302266
relBp,0.047619047619047616,20,20,CAGGCGCATTCAGCTAAGAT,0,3271784
relBp,0.047619047619047616,20,20,CACCATTGGAGTGAGGCGAA,0,3287699
relBp,0.047619047619047616,20,20,ATGTTGGGCACCGGGGATTT,0,3257217
relBp,0.047619047619047616,20,20,ATGGAAAGGAGAAATGCAAT,0,3268679
relBp,0.047619047619047616,20,20,ATCTCCGATGCATCTCAGCT,0,3265813
relBp,0.047619047619047616,20,20,ATCTATACGGGCTGATGGAA,0,3291501
relBp,0.047619047619047616,20,20,ATCCTGACATTTCCGAAATG,0,3269198
relBp,0.047619047619047616,20,20,AGGTGGATGCGGGTAAAAGT,0,3284856
relBp,0.047619047619047616,20,20,AGGGCACGAGGATCGGGCAT,0,3297285
relBp,0.047619047619047616,20,20,AGAGCGATCCTGGGCATTTG,0,3266685
relBp,0.047619047619047616,20,20,AGAACCGAGCTTCTGGCCGA,0,3264339
relBp,0.047619047619047616,20,20,ACTGGGCTAGTGGATAGGAA,0,3276728
relBp,0.047619047619047616,20,20,AATAGCGAATACTTGTGGGT,0,3264479
relBp,0.047619047619047616,20,20,AACCATCTCAGCTAGGTGGA,0,3281522
relBp,0.05,19,19,TTTTTTAGATGCCAGCTGCC,0,3297053
relBp,0.05,19,19,TTGGGTTGAGCGGTGGAAGA,0,3270453
relBp,0.05,19,19,TTGGGGGACATAAATCGACT,0,3270419
relBp,0.05,19,19,TTCCAACCCCGATGGTCCAA,0,3306931
relBp,0.05,19,19,TTATAAAATATTATTCCGGA,0,3276578
relBp,0.05,19,19,TTACTCGAGGAGTACGCTAC,0,3270741
relBp,0.05,19,19,TGTCTTTTTGATGTCGATGT,0,3261280
relBp,0.05,19,19,TGGGATAACGGGAAGTCGAG,0,3293269
relBp,0.05,19,19,TGCAGGTGGACTTTGAGAAT,0,3305331
relBp,0.05,19,19,TGATAGTGACTAGACGCAGC,0,3305339
relBp,0.05,19,19,TCTGTTTAACTAGCGAAATT,0,3301160
relBp,0.05,19,19,TCTGGATATATGGGCAACAT,0,3276116
relBp,0.05,19,19,TCTGGAACTCCTGGGTTTCA,0,3274286
relBp,0.05,19,19,TCTCCTTGGACTTCAACGTT,0,3275033
relBp,0.05,19,19,TATGGGGGGGCGCCTGTCGT,0,3286823
relBp,0.05,19,19,TACGCTGCACGAATTGTCTA,0,3269840
relBp,0.05,19,19,TACATTAATGCATTGCATCC,0,3284144
relBp,0.05,19,19,TAATCCCGTGTTAATGTAAT,0,3300168
relBp,0.05,19,19,TAAGGCGCCAGTAATACACA,0,3298748
relBp,0.05,19,19,TAACTCTGATCATTAACCTA,0,3300080
relBp,0.05,19,19,GTCGTACTATTATCTAGGAC,0,3288989
relBp,0.05,19,19,GTCCATCTGGTGTGCACCCT,0,3291644
relBp,0.05,19,19,GGTGCAAGCGGTGTCGGGTT,0,3278937
relBp,0.05,19,19,GGTAGATGGCCTGCGGTATT,0,3304353
relBp,0.05,19,19,GGGTCGAACACTCATCCGTA,0,3261058
relBp,0.05,19,19,GGCGTATTGCTCATTCCGCC,0,3291178
relBp,0.05,19,19,GGCAGAGCACATGGAGGCTC,0,3281272
relBp,0.05,19,19,GGACGTACCCTAAGAATGTG,0,3280483
relBp,0.05,19,19,GCTAAAGGCTCGTCTAAGAG,0,3301669
relBp,0.05,19,19,GCGCGCTAGAAAGGTACACG,0,3277821
relBp,0.05,19,19,GCGATTCGTCGTTGGATGCC,0,3299922
relBp,0.05,19,19,GCGACCGCCAACCAAGTACC,0,3296139
relBp,0.05,19,19,GCCGTTTTGGTTAGACCGCA,0,3292368
relBp,0.05,19,19,GATTATGTCCTAGTTATTGT,0,3293443
relBp,0.05,19,19,GATGTGTTCCGTGTGAGTCA,0,3286740
relBp,0.05,19,19,GATGGGGTAGGATTATTCAC,0,3297268
relBp,0.05,19,19,GAGCTGTTGTATTAACGGTA,0,3276150
relBp,0.05,19,19,GACATCTGCTTATACTAATG,0,3267960
relBp,0.05,19,19,GAACACTGGTGTGTTAGGCT,0,3269026
relBp,0.05,19,19,CTTAAGGGAGCGCGGACACA,0,3274831
relBp,0.05,19,19,CTCGGCAACGACCCAGGGTG,0,3268569
relBp,0.05,19,19,CTCCCAGGGGTTGGGCAGTA,0,3263248
relBp,0.05,19,19,CTCAGTAACTGTTGTCACAC,0,3295510
relBp,0.05,19,19,CTAGGCGCCACGGCGGGCTT,0,3270307
relBp,0.05,19,19,CTAGCGCGCTGAGACTCTAC,0,3278710
relBp,0.05,19,19,CTACCCGAGCGACCCACTTA,0,3299756
relBp,0.05,19,19,CGTTTCTGTAGCAGTCCCGT,0,3270361
relBp,0.05,19,19,CGGGCAAGCTGCTTCGCGTC,0,3272508
relBp,0.05,19,19,CGGCGCCACGACTGGCCATA,0,3299056
relBp,0.05,19,19,CGCGCTATGGGAAGATATCC,0,3274930
relBp,0.05,19,19,CGCGCATGCTGAAGATATAC,0,3273725
relBp,0.05,19,19,CGACTGACACAGGGCCGAGA,0,3281175
relBp,0.05,19,19,CCTGGAGGTCGCAAGGCACC,0,3275759
relBp,0.05,19,19,CCTGCGAAAGAAGGGGACAC,0,3298905
relBp,0.05,19,19,CCCGTAACTCAGCCCGGATA,0,3302845
relBp,0.05,19,19,CATCAGGCAGGGTTTGGAAA,0,3270504
relBp,0.05,19,19,CAGTCTACACTAAGTAAGCA,0,3256787
relBp,0.05,19,19,CAACTAATGCAGAAGGTATG,0,3280378
relBp,0.05,19,19,ATGGTAGAGACGCAAGTCGG,0,3286431
relBp,0.05,19,19,ATGGATTCCAGTTGCATGTA,0,3298447
relBp,0.05,19,19,ATAGTAAATGCTAAAATCTG,0,3257368
relBp,0.05,19,19,ATAATGGGTAAGACCCCTAC,0,3272337
relBp,0.05,19,19,ATAATATTTGCGTGCGGTAG,0,3284549
relBp,0.05,19,19,AGTCAATTTGAAGGGAAAAT,0,3262381
relBp,0.05,19,19,AGATCCGCGTTAGGGAGCTA,0,3294635
relBp,0.05,19,19,AGAGGTTGTGCTTGGTTATT,0,3265018
relBp,0.05,19,19,ACTTACAACGGTATGTCCGA,0,3258287
relBp,0.05,19,19,ACTGTGCATCTCGGCACGTT,0,3267155
relBp,0.05,19,19,ACTAGATTGCCCTTCGGCCT,0,3269178
relBp,0.05,19,19,ACGGGGGGCAGCTAGGGTGA,0,3263659
relBp,0.05,19,19,ACGCCTCAGTCGGAGTGCCT,0,3261376
relBp,0.05,19,19,ACCGCGTCCAGAGGGGAAAT,0,3287878
relBp,0.05,19,19,ACAGCACAATGCAACGGGGG,0,3283564
relBp,0.05,19,19,ACAACGCGACTAAGACCAGA,0,3257728
relBp,0.05,19,19,AATGCGTCAATCAAGGCGTG,0,3259425
relBp,0.05,19,19,AATATAGACTGAGTCTTTAC,0,3294474
relBp,0.05,19,19,AAGTTATTCGAATAGCGTTC,0,3293527
relBp,0.05,19,19,AAGGTCACCCCGGGACACGT,0,3257538
relBp,0.05,19,19,AAGGCACAACTGCTCAGCTA,0,3271753
relBp,0.05,19,19,AACGCACAGACGTCTCAAGG,0,3269678
relBp,0.05,19,19,AACCGAAGAAACTGAAACGT,0,3275616
relBp,0.05,19,19,AAAGCAGGTTGGGTAATCTA,0,3306990
relBp,0.05,19,19,AAACAGGGAAGACTATCACT,0,3304568
relBp,0.05263157894736842,18,18,TTTGTAGCAGGTTAATAACT,0,3265896
relBp,0.05263157894736842,18,18,TTGTTTAGTACGAGTTTTGA,0,3290119
relBp,0.05263157894736842,18,18,TTGAGAAATTGGGACATTCG,0,3268002
relBp,0.05263157894736842,18,18,TTCCGGACCAAACTTTCGCA,0,3299672
relBp,0.05263157894736842,18,18,TGTCGGCGGCTACGTTCGGG,0,3262591
relBp,0.05263157894736842,18,18,TGTCAAGTCAGTAAACACCT,0,3300531
relBp,0.05263157894736842,18,18,TGGTTTCTGGCCCGCTGGAT,0,3277927
relBp,0.05263157894736842,18,18,TGGTCCCTTAGATGCGTAGA,0,3279961
relBp,0.05263157894736842,18,18,TGGGACAGTTTCGTGAGCTG,0,3286824
relBp,0.05263157894736842,18,18,TGCTACACATTTCGAAAGGA,0,3303090
relBp,0.05263157894736842,18,18,TGCGGCAGGTAAGTGAGAGG,0,3260882
relBp,0.05263157894736842,18,18,TGAAAGAGAATTAGATATGC,0,3265809
relBp,0.05263157894736842,18,18,TCTGTTCATTACACACCAGG,0,3271024
relBp,0.05263157894736842,18,18,TCTAACGATCTCGGAACGTT,0,3264864
relBp,0.05263157894736842,18,18,TCGGGCTCCAGCTATCGGAA,0,3294383
relBp,0.05263157894736842,18,18,TCCGAATTCCGGTAAGCTGT,0,3291851
relBp,0.05263157894736842,18,18,TCACGGTGTAGGCACTATCG,0,3294265
relBp,0.05263157894736842,18,18,TCAATGCTCGAGACCCGGAA,0,3297293
relBp,0.05263157894736842,18,18,TATGTTTCTTAGAATGAGTT,0,3284732
relBp,0.05263157894736842,18,18,TAGAGTCGAACTACTCCTTA,0,3285472
relBp,0.05263157894736842,18,18,TACGAGAACGTCTGGATTCC,0,3257719
relBp,0.05263157894736842,18,18,TACCGGGTCTTATAAAACGA,0,3295999
relBp,0.05263157894736842,18,18,TAAGGATCGCTGTTAGCGCT,0,3301341
relBp,0.05263157894736842,18,18,TAACTTGCACCCTCTTGGTG,0,3274152
relBp,0.05263157894736842,18,18,TAACCGCGGGACGTGAGACC,0,3291342
relBp,0.05263157894736842,18,18,GTTTGCCAAGTTAGGGATTG,0,3265287
relBp,0.05263157894736842,18,18,GTTCGGATCGATTCAGGTAC,0,3268257
relBp,0.05263157894736842,18,18,GTCTGGGTCGTACTGCCTAT,0,3271612
relBp,0.05263157894736842,18,18,GTATTATCGGGACTAACCGT,0,3293195
relBp,0.05263157894736842,18,18,GTATATAGTAGTAGTGTTCT,0,3294757
relBp,0.05263157894736842,18,18,GTACTGGGCATTAACTTGCT,0,3258237
relBp,0.05263157894736842,18,18,GTACAGTCTCCAATACCCTT,0,3266184
relBp,0.05263157894736842,18,18,GGTCGGTTATGCGACTTACT,0,3305215
relBp,0.05263157894736842,18,18,GGTCATGGACATAGTCTACG,0,3260390
relBp,0.05263157894736842,18,18,GGGTAAGTCGCATCAGTGGA,0,3284543
relBp,0.05263157894736842,18,18,GGGGCCACGAAGCACCCCAG,0,3263271
relBp,0.05263157894736842,18,18,GGGCGTATGAACCAGCTAAC,0,3267136
relBp,0.05263157894736842,18,18,GGGATGACATAAATTATCGG,0,3275129
relBp,0.05263157894736842,18,18,GGAAGGTCATGGAGTCCTAG,0,3280376
relBp,0.05263157894736842,18,18,GGAAAACGGCCATGTCGATG,0,3264853
relBp,0.05263157894736842,18,18,GCTGGGTGTGCTTGTGATTA,0,3289306
relBp,0.05263157894736842,18,18,GCTGGAATACGGGAAAAGTG,0,3258585
relBp,0.05263157894736842,18,18,GCTATGCATCATGAGGGTAC,0,3281941
relBp,0.05263157894736842,18,18,GCGGCAGGGGTACAGCATAA,0,3262630
relBp,0.05263157894736842,18,18,GCGCTTGGGCAAATGGTATG,0,3283345
relBp,0.05263157894736842,18,18,GCGAGACCTATGCGATGCAA,0,3270819
relBp,0.05263157894736842,18,18,GCCGGATCAGGAGGGGAAGC,0,3256751
relBp,0.05263157894736842,18,18,GCCCGTGACCGTTTGCCCGA,0,3280755
relBp,0.05263157894736842,18,18,GCCCGCACCGTGAGCGACTC,0,3282518
relBp,0.05263157894736842,18,18,GCCCATCTGGCATGTTCCTT,0,3262443
relBp,0.05263157894736842,18,18,GCCCAACTACCTAAGGCCCA,0,3274430
relBp,0.05263157894736842,18,18,GCCATGCTCTAAGTCGCCAA,0,3291032
relBp,0.05263157894736842,18,18,GCCAACTCCCCAACGCGCCA,0,3281146
relBp,0.05263157894736842,18,18,GATTTACCCACAGTGCATAG,0,3278391
relBp,0.05263157894736842,18,18,GACAAAGTGAGGACGTATGT,0,3263137
relBp,0.05263157894736842,18,18,GAATTTGCTGTTAGTATCGT,0,3297153
relBp,0.05263157894736842,18,18,CTTCGGTTCGGTTCCGCCAA,0,3295180
relBp,0.05263157894736842,18,18,CTGGAGCTTGGCATGCCAAT,0,3274551
relBp,0.05263157894736842,18,18,CTGACTAGAGCCAAGTCAAG,0,3265968
relBp,0.05263157894736842,18,18,CTCGCGCTCTTAAAGAAAAA,0,3285132
relBp,0.05263157894736842,18,18,CTATCGTGTTTTGATGATAT,0,3279237
relBp,0.05263157894736842,18,18,CTAAGACGTTGTTGGTTTTA,0,3264577
relBp,0.05263157894736842,18,18,CGTTGTCGCCAAAAATATTT,0,3266761
relBp,0.05263157894736842,18,18,CGTCAGACCTTCACCGTTCT,0,3274860
relBp,0.05263157894736842,18,18,CGTAGACTGCGCCGGTGAGT,0,3298834
relBp,0.05263157894736842,18,18,CGGCCCATTCGAGGTCCGAC,0,3280975
relBp,0.05263157894736842,18,18,CGCCGTCGGCAATCAACTCC,0,3265564
relBp,0.05263157894736842,18,18,CGAACGGCTAAGTCTTTGCA,0,3266144
relBp,0.05263157894736842,18,18,CCTTTGCGTTCAGAATCGTG,0,3277525
relBp,0.05263157894736842,18,18,CCGGTGTAAGATAGAATATA,0,3303087
relBp,0.05263157894736842,18,18,CCGGAAGTCTTTTAGGTCTA,0,3307029
relBp,0.05263157894736842,18,18,CCCCTAAGCAAAGGGAGACA,0,3274968
relBp,0.05263157894736842,18,18,CCCAATGGGTGTGCCACGCG,0,3287298
relBp,0.05263157894736842,18,18,CCACGGTCGGTTGAAAGATG,0,3294053
relBp,0.05263157894736842,18,18,CCAACCAGACGCCGTCATTA,0,3276986
relBp,0.05263157894736842,18,18,CATTAGTTCAGCCGCTATCA,0,3265470
relBp,0.05263157894736842,18,18,CAGTGACGTACTGGACTACG,0,3265196
relBp,0.05263157894736842,18,18,CAGGTCATTTCGAACGACTC,0,3276442
relBp,0.05263157894736842,18,18,CACTAATTTCTATCCGGCAA,0,3266848
relBp,0.05263157894736842,18,18,CACGGTTCTCGTTCTTGAGA,0,3297196
relBp,0.05263157894736842,18,18,CACAACGTAGCAGGGGATCT,0,3292966
relBp,0.05263157894736842,18,18,ATTCGTTGCTAACCATGATT,0,3301073
relBp,0.05263157894736842,18,18,ATTAAGGAGGGACAGACCGA,0,3287807
relBp,0.05263157894736842,18,18,ATCTGCGTATAGGCCCTACG,0,3270020
relBp,0.05263157894736842,18,18,ATCATTGAGCCCGCCGGTGT,0,3267759
relBp,0.05263157894736842,18,18,ATATGACTAGGTCTGAGTTG,0,3272447
relBp,0.05263157894736842,18,18,AGTCGCGCCTGCTTAATGAT,0,3290251
relBp,0.05263157894736842,18,18,AGGGTTAAAGGAAAGCTGAA,0,3265894
relBp,0.05263157894736842,18,18,AGGACAGCGGCGCGACTGCA,0,3299842
relBp,0.05263157894736842,18,18,AGATCCTTAGTGCAGCGGGT,0,3257537
relBp,0.05263157894736842,18,18,ACTGTGTACGAGCATATCTG,0,3257599
relBp,0.05263157894736842,18,18,ACTCCCTACCCACCCTAGAA,0,3265172
relBp,0.05263157894736842,18,18,ACGTGCGACGAGGGGCTAAG,0,3260837
relBp,0.05263157894736842,18,18,ACGGTGCGTTCGTGCCGGTC,0,3282120
relBp,0.05263157894736842,18,18,ACGCCCCTGGTAAGCATGGG,0,3258482
relBp,0.05263157894736842,18,18,ACCGAGTCGAGTGCGACGAC,0,3308078
relBp,0.05263157894736842,18,18,ACAGGGACTAAGGCACGGAA,0,3298906
relBp,0.05263157894736842,18,18,ACAGATCTTGGAGCCAGGGA,0,3270809
relBp,0.05263157894736842,18,18,AATGTTGTTGGCAGTCTGAC,0,3256298
relBp,0.05263157894736842,18,18,AATACCATTAGGACTACGGT,0,3276737
relBp,0.05263157894736842,18,18,AACAGAGGCGCATATATCCA,0,3279788
relBp,0.05263157894736842,18,18,AACAACCCATCGCGTCACCA,0,3286016
relBp,0.05263157894736842,18,18,AAATATATCTCGAACTTGGG,0,3272280
relBp,0.05555555555555555,17,17,TTGTTGATAAACGTAGGACG,0,3288075
relBp,0.05555555555555555,17,17,TTGTGCATAACTAAGAGGCA,0,3300918
relBp,0.05555555555555555,17,17,TGGACGCTCGTTGTGTGCTC,0,3300510
relBp,0.05555555555555555,17,17,TGCCCCGGAACGCTTCTCAA,0,3271089
relBp,0.05555555555555555,17,17,TGATAGACCCACAATGAGGT,0,3281143
relBp,0.05555555555555555,17,17,TCTGTGGACAGAGTATAGGA,0,3262677
relBp,0.05555555555555555,17,17,TCTCTTAATCAAAGTATCTA,0,3280914
relBp,0.05555555555555555,17,17,TCCGGGGCCTGGAACAGCTA,0,3307719
relBp,0.05555555555555555,17,17,TCAGGACCATGATGGAGATC,0,3275099
relBp,0.05555555555555555,17,17,TCACGCAGCGTTAGGCGGTT,0,3286416
relBp,0.05555555555555555,17,17,TACAACGTCTGAGGTTTGAA,0,3304292
relBp,0.05555555555555555,17,17,TAATCGAGCTGAAATCCCTT,0,3279751
relBp,0.05555555555555555,17,17,GTTCATCACGCTACAACATA,0,3268458
relBp,0.05555555555555555,17,17,GTTAAGTATCGATCCGGGAT,0,3302466
relBp,0.05555555555555555,17,17,GTCGCCCCGCAGCCGGAAAT,0,3273819
relBp,0.05555555555555555,17,17,GTCCTTGGGGATGAACGGCC,0,3274874
relBp,0.05555555555555555,17,17,GTCCTAGCGGTAGAGACCAT,0,3288447
relBp,0.05555555555555555,17,17,GTACCCCGCTCATCAACCAA,0,3259185
relBp,0.05555555555555555,17,17,GGTTCCTATGGGCTCCGCGA,0,3285386
relBp,0.05555555555555555,17,17,GGTATGTATCCGAGTAATTG,0,3282978
relBp,0.05555555555555555,17,17,GGGCCTCGCTCTTCAGGTGT,0,3263564
relBp,0.05555555555555555,17,17,GGGCAAGCGCCGCTCTGAAT,0,3273290
relBp,0.05555555555555555,17,17,GGGAGGTTGAAAAGTGTAAG,0,3271926
relBp,0.05555555555555555,17,17,GGAGTACGTGTGCGGTTTAG,0,3257291
relBp,0.05555555555555555,17,17,GCTCTGTGCAACGCACCGCA,0,3284870
relBp,0.05555555555555555,17,17,GCTCGGGCTATACACCAGGC,0,3269469
relBp,0.05555555555555555,17,17,GCGCAAAAAACATTGACGCG,0,3280237
relBp,0.05555555555555555,17,17,GCACCGTTGGATTGTCAAAA,0,3275739
relBp,0.05555555555555555,17,17,GAGTCGATTCTAATCGGAAG,0,3293702
relBp,0.05555555555555555,17,17,GAGAACTCTCAAGCAAGACA,0,3296138
relBp,0.05555555555555555,17,17,GACTGTGGACTGGCTTGAAA,0,3304260
relBp,0.05555555555555555,17,17,GACGGTGAACCAGGTGACCT,0,3285328
relBp,0.05555555555555555,17,17,GACCCGAGTAGTATTTCCCA,0,3278057
relBp,0.05555555555555555,17,17,GACAGCGAACACGAAGCTCA,0,3305738
relBp,0.05555555555555555,17,17,GAATCATACAGGGTTTTCGT,0,3293547
relBp,0.05555555555555555,17,17,GAAACCAGTTGCCCAATACA,0,3266897
relBp,0.05555555555555555,17,17,CTTGAATAGCTCTTACGTAT,0,3284567
relBp,0.05555555555555555,17,17,CTTCATCACTTTGTAGTATC,0,3259764
relBp,0.05555555555555555,17,17,CTGGTGCGAATTACTCAAGT,0,3289791
relBp,0.05555555555555555,17,17,CTGCGATTTTTTACGGCATG,0,3262029
relBp,0.05555555555555555,17,17,CTCCTTAGAGCGTTGCATGC,0,3261675
relBp,0.05555555555555555,17,17,CTATGACCTGTGACCTATGA,0,3264587
relBp,0.05555555555555555,17,17,CTACTTGTACTTATCAGCGA,0,3287607
relBp,0.05555555555555555,17,17,CTACGGGCGATGGAGAGAGA,0,3264199
relBp,0.05555555555555555,17,17,CGTGGATGACCCGACATGAT,0,3267755
relBp,0.05555555555555555,17,17,CGGTTGTAGGTCTTCCCCAC,0,3292741
relBp,0.05555555555555555,17,17,CGGGTCTTCATTTATTTCAA,0,3291537
relBp,0.05555555555555555,17,17,CGGCTGCTTGCCCAGACAAC,0,3280665
relBp,0.05555555555555555,17,17,CGGCGATCTGAAGCAGGAAT,0,3283196
relBp,0.05555555555555555,17,17,CGGAAATGTACATGAACAAA,0,3261339
relBp,0.05555555555555555,17,17,CGCTCACGCCTAATTTGAGT,0,3286224
relBp,0.05555555555555555,17,17,CGCGTTCACGGAGTGATAGC,0,3266641
relBp,0.05555555555555555,17,17,CGCGCACCTCGACAATCAAC,0,3301435
relBp,0.05555555555555555,17,17,CCTCCATACTACCCATAGCA,0,3264589
relBp,0.05555555555555555,17,17,CCTCAAGGCGATCCTTTCTT,0,3290190
relBp,0.05555555555555555,17,17,CCTAATGCGGTGACATACGT,0,3260345
relBp,0.05555555555555555,17,17,CCCTCTTGCTGGCCGAACGA,0,3289917
relBp,0.05555555555555555,17,17,CCAAGCGGGTGAACTGCGTG,0,3296195
relBp,0.05555555555555555,17,17,CATATGTATACATAGTAGAA,0,3299270
relBp,0.05555555555555555,17,17,CAGTGAATATATGCAAACTC,0,3297725
relBp,0.05555555555555555,17,17,ATTCACAGGTGTATCATGGG,0,3278801
relBp,0.05555555555555555,17,17,ATGGTGCGCTTGGGTACTGT,0,3288427
relBp,0.05555555555555555,17,17,ATGGTGAAAGTGATTCTAGT,0,3289174
relBp,0.05555555555555555,17,17,ATCTGGTTTTTAGTACAATA,0,3271084
relBp,0.05555555555555555,17,17,ATCTGGTACGCCCGTTTGAG,0,3287261
relBp,0.05555555555555555,17,17,ATCGGCTATGTTTTATACCA,0,3268351
relBp,0.05555555555555555,17,17,ATCGCTCAGGGTTTACCATA,0,3260045
relBp,0.05555555555555555,17,17,ATCGCAGGCATAGCGAAGCC,0,3272791
relBp,0.05555555555555555,17,17,AGTGTTTCCCCTGCAGAACC,0,3284953
relBp,0.05555555555555555,17,17,AGTCACATGCCCAATTCGGT,0,3267499
relBp,0.05555555555555555,17,17,AGGTTGGAGAATATGGTGTT,0,3287881
relBp,0.05555555555555555,17,17,AGGTGTATGCTTATGATAAA,0,3307595
relBp,0.05555555555555555,17,17,AGGGGGGAGACTCACTCGCA,0,3270950
relBp,0.05555555555555555,17,17,AGGGCACGGCAAACGAAGCA,0,3273021
relBp,0.05555555555555555,17,17,AGGCGTATTCAGGTCTAAAA,0,3272959
relBp,0.05555555555555555,17,17,AGGCCCACCCACCGCTCTTG,0,3283537
relBp,0.05555555555555555,17,17,AGCGATAAGGAAGGATCAAG,0,3284118
relBp,0.05555555555555555,17,17,AGATTCACAGCGGATAAATT,0,3257082
relBp,0.05555555555555555,17,17,AGATGGGTTACGGCTTTATA,0,3269241
relBp,0.05555555555555555,17,17,ACTTCGTTTCTTCAAATATT,0,3266588
relBp,0.05555555555555555,17,17,ACGCTCACCTCGGTTTTTCT,0,3262254
relBp,0.05555555555555555,17,17,ACCTTTCCGAAGACACGGGG,0,3259661
relBp,0.05555555555555555,17,17,ACCTTCTGGATACGAATCAA,0,3261656
relBp,0.05555555555555555,17,17,ACCTAACCAAGTACTTGCAG,0,3270337
relBp,0.05555555555555555,17,17,ACCGGGTTGTGCTTAGCATA,0,3278749
relBp,0.05555555555555555,17,17,ACATCTCGTTTCAACTTGCT,0,3291078
relBp,0.05555555555555555,17,17,AAGCTCTCCAGCCGGTCTAG,0,3274671
relBp,0.05555555555555555,17,17,AAGCGACCAATTGGCATGGA,0,3286632
relBp,0.05555555555555555,17,17,AACTCCGCCCCGTGCCTCCT,0,3295560
relBp,0.05555555555555555,17,17,AACCGATCCGGTACAATCCT,0,3304248
relBp,0.05555555555555555,17,17,AACCACTACGGCTAATGGCA,0,3277982
relBp,0.05555555555555555,17,17,AACAGGATCGGTGGCTCACG,0,3290673
relBp,0.05555555555555555,17,17,AAACTTTCCACGACGTCGGA,0,3257466
relBp,0.05555555555555555,17,17,AAACTAACGCTGCCTAAATT,0,3291604
relBp,0.05555555555555555,17,17,AAAACTGCGGTGTCGATTCG,0,3278755
relBp,0.058823529411764705,16,16,TTTTAGAATTGAGCAAGGGC,0,3283827
relBp,0.058823529411764705,16,16,TTGCGAGACTTCGACCGTAC,0,3294524
relBp,0.058823529411764705,16,16,TTCCAAGAAGTGTCAGCATC,0,3263238
relBp,0.058823529411764705,16,16,TTCATACCACTACGACTCTG,0,3263020
relBp,0.058823529411764705,16,16,TTAACGTGGGCGCCATTCAC,0,3265877
relBp,0.058823529411764705,16,16,TTAAACCAATGTTTTTGTTA,0,3287761
relBp,0.058823529411764705,16,16,TGTGTCTAGAAGGACACCAT,0,3269684
relBp,0.058823529411764705,16,16,TGTCCGAAACTACAGTGGAT,0,3293107
relBp,0.058823529411764705,16,16,TGGTGTTAGGACCGCATTAA,0,3295989
relBp,0.058823529411764705,16,16,TGGTCAAACATGACACCGCT,0,3279838
relBp,0.058823529411764705,16,16,TGGGTCCAGACTTAAGATAG,0,3290292
relBp,0.058823529411764705,16,16,TGATAGAATTAATCGCCCAA,0,3283034
relBp,0.058823529411764705,16,16,TGAGTAACCCTCAGCATCGT,0,3303956
relBp,0.058823529411764705,16,16,TGAAGAGGCAGTCACATCAG,0,3284125
relBp,0.058823529411764705,16,16,TCGCGTTCAGTAAGTTCGTG,0,3291812
relBp,0.058823529411764705,16,16,TCCGTCGATCTTAGCTTGTT,0,3272922
relBp,0.058823529411764705,16,16,TCCGCCATTGTTGTTAGCTG,0,3281108
relBp,0.058823529411764705,16,16,TCCATTAGAATTCGTCTCAC,0,3288236
relBp,0.058823529411764705,16,16,TCATGCATACAACCGTGAGC,0,3306665
relBp,0.058823529411764705,16,16,TCATGCACAACTCACGCTTA,0,3279100
relBp,0.058823529411764705,16,16,TCATCGCTTCAGGCGAGCGC,0,3277896
relBp,0.058823529411764705,16,16,TATTAATTCTCGGCGCGGTC,0,3270685
relBp,0.058823529411764705,16,16,TATGTGCCACGTACGGTAAT,0,3279144
relBp,0.058823529411764705,16,16,TATAGTTTCGCCGCCAGATC,0,3303624
relBp,0.058823529411764705,16,16,TATAAGAGACGGAAATGGCT,0,3282268
relBp,0.058823529411764705,16,16,TACTGTTTTTATTATGCTTC,0,3276621
relBp,0.058823529411764705,16,16,TAATCGAATTGTTACGCTAG,0,3272240
relBp,0.058823529411764705,16,16,TAACTGAATAACTGTGTGTT,0,3274663
relBp,0.058823529411764705,16,16,GTTTTACATCAAAGGAGTGC,0,3282604
relBp,0.058823529411764705,16,16,GTGTCTCAACCAATATCGGA,0,3265250
relBp,0.058823529411764705,16,16,GTGTCCTGTGCTCCAGTGAT,0,3298970
relBp,0.058823529411764705,16,16,GTGGGGTACGAAACATATGG,0,3271515
relBp,0.058823529411764705,16,16,GTGCATATCCGGCTTCTTCC,0,3304762
relBp,0.058823529411764705,16,16,GTCTTTTTCTGGGCGTCTAA,0,3264484
relBp,0.058823529411764705,16,16,GTCTAAATCGGCAATTCAAC,0,3281188
relBp,0.058823529411764705,16,16,GTCAGAATGCGATTGGTTCA,0,3284718
relBp,0.058823529411764705,16,16,GTAGGGTAGATTCCGAGGTT,0,3259782
relBp,0.058823529411764705,16,16,GGTGGAACCACAGGTCGGGC,0,3291062
relBp,0.058823529411764705,16,16,GGTCCTTACAGCAAACTACA,0,3301001
relBp,0.058823529411764705,16,16,GGGTGGGGAGTCAAGACCTC,0,3260594
relBp,0.058823529411764705,16,16,GGGGTAACGGTGTTACGCCA,0,3273313
relBp,0.058823529411764705,16,16,GGGCCGGAAAATGGACACAG,0,3287149
relBp,0.058823529411764705,16,16,GGGAGTTTGGTGCGCAGACG,0,3287936
relBp,0.058823529411764705,16,16,GGGAGAACTTCCACCTGCAT,0,3289065
relBp,0.058823529411764705,16,16,GGCTTTCCTCATCGCTAGAT,0,3265914
relBp,0.058823529411764705,16,16,GGCTATACGTGATCGCACCA,0,3291934
relBp,0.058823529411764705,16,16,GGCGCTATGGCTTAGGGCAA,0,3291758
relBp,0.058823529411764705,16,16,GGATATGCAAGGTATAGGTG,0,3289324
relBp,0.058823529411764705,16,16,GCTCGCCTCTGCGAGATCCC,0,3289186
relBp,0.058823529411764705,16,16,GCGTCCAGGCCATGGTACTC,0,3256791
relBp,0.058823529411764705,16,16,GCGGGCGACCGAGTAATTCG,0,3307899
relBp,0.058823529411764705,16,16,GCCCTTAGCTTACCTCACAT,0,3278890
relBp,0.058823529411764705,16,16,GCATTCCGAGCTATCATATA,0,3285971
relBp,0.058823529411764705,16,16,GCACGCCGAGGGGCATAATT,0,3288496
relBp,0.058823529411764705,16,16,GCACATGTGCATTGGATGTT,0,3285670
relBp,0.058823529411764705,16,16,GCAATCGGGTAGCAACTGGG,0,3258807
relBp,0.058823529411764705,16,16,GCAATCCTCTGACCCAGCGC,0,3270645
relBp,0.058823529411764705,16,16,GCAACTCAACAGTAACGGGA,0,3292567
relBp,0.058823529411764705,16,16,GATACTGGATAGGAGGGTGC,0,3286213
relBp,0.058823529411764705,16,16,GATAAGTACTAATGGTTCAC,0,3300844
relBp,0.058823529411764705,16,16,GATAAAGAGTAACAATTGTA,0,3280668
relBp,0.058823529411764705,16,16,GAGCAAGCTAACTTGCAATA,0,3279309
relBp,0.058823529411764705,16,16,GAGAAGTCTCAGGGGTATCC,0,3291560
relBp,0.058823529411764705,16,16,GACCGGCCCGAGTTCCTCCA,0,3279018
relBp,0.058823529411764705,16,16,GAAACTCGCGTTACGTTCAT,0,3274144
relBp,0.058823529411764705,16,16,GAAACGCTCGCGGGGCAAAT,0,3288588
relBp,0.058823529411764705,16,16,CTTTACCAAATGCGTCGGCT,0,3262308
relBp,0.058823529411764705,16,16,CTTGGTACGGGTTTTGTATA,0,3290931
relBp,0.058823529411764705,16,16,CTTGAGAGTTGCGCCGGTCG,0,3273735
relBp,0.058823529411764705,16,16,CTTCTTCGGATAATACGGAA,0,3279029
relBp,0.058823529411764705,16,16,CTTCGATAGTGCCGGTTCCC,0,3298663
relBp,0.058823529411764705,16,16,CTTATAGGAAAGCGGTCGGA,0,3265013
relBp,0.058823529411764705,16,16,CTTACCAAATCAACGACCCA,0,3294173
relBp,0.058823529411764705,16,16,CTCCTAGCCTCTGTTTAGTG,0,3305312
relBp,0.058823529411764705,16,16,CTATGGCGGGTGAAGTTTCG,0,3277922
relBp,0.058823529411764705,16,16,CTACGGCGGCGAGACGGGGG,0,3258708
relBp,0.058823529411764705,16,16,CTAAATCACCGATAGACGTT,0,3273602
relBp,0.058823529411764705,16,16,CGGGGTAGCGAACCATAAGA,0,3277385
relBp,0.058823529411764705,16,16,CGCATTCCGCTAAGCTGGTA,0,3266684
relBp,0.058823529411764705,16,16,CGATTAGGCTTAGTTGATCA,0,3282465
relBp,0.058823529411764705,16,16,CGATATCGTGTTTCCGGGTC,0,3262138
relBp,0.058823529411764705,16,16,CGAGTCGTCGATCAATATCC,0,3274786
relBp,0.058823529411764705,16,16,CGACCTTTTGATCTAGTAGT,0,3261925
relBp,0.058823529411764705,16,16,CGAATACACTTTTAGTTTGG,0,3292079
relBp,0.058823529411764705,16,16,CCCTTTTGGCTCTTCCAGGG,0,3277240
relBp,0.058823529411764705,16,16,CCCCCCTCTAGCCATTCCGT,0,3273797
relBp,0.058823529411764705,16,16,CCAGGTCGGTGCGACAAGAA,0,3269182
relBp,0.058823529411764705,16,16,CCAATTTCTGGTCGCTCGAA,0,3281174
relBp,0.058823529411764705,16,16,CATTATCTGCCAGTTAGGTT,0,3257332
relBp,0.058823529411764705,16,16,CATCTTCAAGTGAGACTCTA,0,3286781
relBp,0.058823529411764705,16,16,CATAATCAACTGGGTGACAA,0,3300983
relBp,0.058823529411764705,16,16,CAGCCTCCAGGCCTCCAGGT,0,3298997
relBp,0.058823529411764705,16,16,CAAGGGCGGCGTGAGGCGGT,0,3301752
relBp,0.058823529411764705,16,16,CAACCGCCACAAGGAGGCCT,0,3303961
relBp,0.058823529411764705,16,16,ATTATTACAACATCATCGCA,0,3290132
relBp,0.058823529411764705,16,16,ATTAGTTGTAGATCGACGCT,0,3277404
relBp,0.058823529411764705,16,16,ATGTTGATGACCTCGGATCG,0,3273867
relBp,0.058823529411764705,16,16,ATATACAAATGCCCGCGTAC,0,3263192
relBp,0.058823529411764705,16,16,AGTTTATAAACGCGTCAGCT,0,3273644
relBp,0.058823529411764705,16,16,AGGGTGCGGGAAGGAATCCG,0,3282364
relBp,0.058823529411764705,16,16,AGGGGCGCAGGGAAGCACGT,0,3275849
relBp,0.058823529411764705,16,16,AGGCTTCACAGGACCAAAAG,0,3284916
relBp,0.058823529411764705,16,16,AGCTTGCTTAGGGATCCGGT,0,3298292
relBp,0.058823529411764705,16,16,AGCTGGCGTCGGAGATAATG,0,3282141
relBp,0.058823529411764705,16,16,AGCGGGGGCAAAACGGCCAA,0,3306422
relBp,0.058823529411764705,16,16,AGATCAGAGGATTACCTGCT,0,3258280
relBp,0.058823529411764705,16,16,AGACCAATGCGGCATTCGTT,0,3266253
relBp,0.058823529411764705,16,16,ACTGAGGGGACAGTATCCTA,0,3296010
relBp,0.058823529411764705,16,16,ACTCGGTAAGCTACAGTTTC,0,3271439
relBp,0.058823529411764705,16,16,ACGTTGCCGGGGTCTGACAA,0,3303037
relBp,0.058823529411764705,16,16,ACCTGCAGATGGAGTGCCTT,0,3257099
relBp,0.058823529411764705,16,16,ACCTATTCTTTACGGGCCAC,0,3296864
relBp,0.058823529411764705,16,16,ACATACTAGATTGGAACAGT,0,3282115
relBp,0.058823529411764705,16,16,AAGTTCTTAGAAGACGATGA,0,3304033
relBp,0.058823529411764705,16,16,AAGGCAGCGGCTCGCTGGAT,0,3264653
relBp,0.058823529411764705,16,16,AAGCCGAGTGGTTGAAGGAT,0,3279771
relBp,0.058823529411764705,16,16,AACCGGCGGGGAAACTCAAA,0,3305289
relBp,0.0625,15,15,TTTAGGAGTAACCATTTAAT,0,3303027
relBp,0.0625,15,15,TTGAGGATGTTATTCTAAAA,0,3280861
relBp,0.0625,15,15,TTCTGAAGCAACGTAGCGAA,0,3277807
relBp,0.0625,15,15,TTCCGGGAAGAGCACGAACG,0,3293274
relBp,0.0625,15,15,TTCCCGGTTGAAGGTTGCCC,0,3286302
relBp,0.0625,15,15,TTATACCACAACCACTTGTT,0,3294722
relBp,0.0625,15,15,TTAATCCTGAAGCCATCACA,0,3295532
relBp,0.0625,15,15,TGTGCTCGCAGTGTTCTTGT,0,3287385
relBp,0.0625,15,15,TGCGTTATTGGTTACTTTAA,0,3270015
relBp,0.0625,15,15,TGCGGATGACACATAAGTTC,0,3292622
relBp,0.0625,15,15,TGATTGCCGGGCCACGGCTC,0,3266319
relBp,0.0625,15,15,TGAGTCGTACAAAGATGAAT,0,3268363
relBp,0.0625,15,15,TCTATGGCGTGCACCACGCA,0,3292119
relBp,0.0625,15,15,TCGGCTCTAACTGGGCATGT,0,3271150
relBp,0.0625,15,15,TCGCATAAGAAAAGGTAGTA,0,3269622
relBp,0.0625,15,15,TCGACCTCTTGGGCCAGTAG,0,3271025
relBp,0.0625,15,15,TCCTGCTCCGTCATGGAAGT,0,3262575
relBp,0.0625,15,15,TCCAGCACCGAGTGCGTAAT,0,3293676
relBp,0.0625,15,15,TCACTTAGCTTCTCAACCGA,0,3305097
relBp,0.0625,15,15,TATGAATGTGTAAGTAGGAT,0,3285346
relBp,0.0625,15,15,TATCGATGTTCCCTTGATGC,0,3280912
relBp,0.0625,15,15,TACATCTCGCTAAATCTTCG,0,3267328
relBp,0.0625,15,15,TAAGGATTGGCTTATGACTA,0,3264574
relBp,0.0625,15,15,GTGTGGGTAGTGTCACCGTC,0,3275927
relBp,0.0625,15,15,GTGCGCTTCGGCCATGGCAG,0,3279363
relBp,0.0625,15,15,GTGCAAGCAATGAAGGCCGA,0,3296378
relBp,0.0625,15,15,GTCTTTGTTAAAATGCCGGA,0,3259568
relBp,0.0625,15,15,GTATTTGCGATACCGGATTT,0,3271484
relBp,0.0625,15,15,GTAGACATACATCTGTGGCA,0,3267827
relBp,0.0625,15,15,GGTTTCAGGTTTATGTCCTA,0,3293496
relBp,0.0625,15,15,GGTAACCTCCGACCTTAGCG,0,3274012
relBp,0.0625,15,15,GGGTCCGCTATTTATCAAAA,0,3274223
relBp,0.0625,15,15,GGGTCAAAAGGCCCGCCTTA,0,3274745
relBp,0.0625,15,15,GGGGTATATCCGCGACATTT,0,3286368
relBp,0.0625,15,15,GGGGCGGTCCAGTTCCTGTT,0,3297366
relBp,0.0625,15,15,GGCAGGAAGTGGGTTTGGCA,0,3288051
relBp,0.0625,15,15,GGCACATTATCACGTCTAGG,0,3256458
relBp,0.0625,15,15,GGAGACGCCACAATTGTATT,0,3259873
relBp,0.0625,15,15,GCTTTTCATGTGACTGAGGG,0,3274281
relBp,0.0625,15,15,GCTTTCGATGGGTATTGCGT,0,3278425
relBp,0.0625,15,15,GCTTCAGTCTCAGGGCGGAA,0,3268357
relBp,0.0625,15,15,GCTGGCGTGGCCCTGGTGCT,0,3285673
relBp,0.0625,15,15,GCTCGTGCGTCGTTGGCACA,0,3280486
relBp,0.0625,15,15,GCGTCTAGGTTACCTGTGGT,0,3304268
relBp,0.0625,15,15,GCGGGAAGGTGAAAATGTGG,0,3257459
relBp,0.0625,15,15,GCGCCAATACACGAGAAGCG,0,3262666
relBp,0.0625,15,15,GCGATGATGTCCCTCGGAAA,0,3262079
relBp,0.0625,15,15,GCGAAGTTACGCTGGCGATC,0,3294867
relBp,0.0625,15,15,GCCTTACATGAGCGGAGCGC,0,3274230
relBp,0.0625,15,15,GCCATTCTGAGGAAGCAGAG,0,3289380
relBp,0.0625,15,15,GCCATGGCCCCAGGTTGAAG,0,3264773
relBp,0.0625,15,15,GCATAGTAGCTCTACTCATG,0,3289968
relBp,0.0625,15,15,GCAGCATCTCGGGTTAGTTT,0,3295755
relBp,0.0625,15,15,GCACGAAGATGGATCGTAGG,0,3305950
relBp,0.0625,15,15,GATTCTTTCGGATACCCCGG,0,3287511
relBp,0.0625,15,15,GATCGGCATCAACCTACCCA,0,3290204
relBp,0.0625,15,15,GATAGATGTGTGGTTGGTGG,0,3294122
relBp,0.0625,15,15,GATAGACATACGCGAAGATG,0,3289068
relBp,0.0625,15,15,GAGTGCATGGGCTGAAGTGG,0,3261750
relBp,0.0625,15,15,GACTGGTGGATCGGTGAGTA,0,3274173
relBp,0.0625,15,15,GACTCTTTTCCGTGGCGCCA,0,3280439
relBp,0.0625,15,15,GACTCAGAGTATCCTATACC,0,3305241
relBp,0.0625,15,15,GACCCTTTTCGATTGGAGAC,0,3280168
relBp,0.0625,15,15,GAATCCGGAGTCCCTTACAT,0,3302956
relBp,0.0625,15,15,GAAGTCCGGAGCCCGGCGTG,0,3257009
relBp,0.0625,15,15,GAAGGGAAATGCAGCTTAAG,0,3291069
relBp,0.0625,15,15,CTTTTTTGTACGGTCACGCA,0,3288101
relBp,0.0625,15,15,CTTTCTCCCGTAGATGCTTA,0,3283576
relBp,0.0625,15,15,CTTGCGTTGTTGAGTATGAC,0,3293822
relBp,0.0625,15,15,CTTCTCCCAGTACAGGTGCA,0,3277818
relBp,0.0625,15,15,CTTAGATTCAGTAATTTCAA,0,3275145
relBp,0.0625,15,15,CTGGAAGCGTACGCACCCGG,0,3265659
relBp,0.0625,15,15,CTCGGCCCAAAAAGTAACGG,0,3286208
relBp,0.0625,15,15,CTCCACAGTAGATGTAAAAC,0,3265363
relBp,0.0625,15,15,CTATAGGAGGCGGACCCAAA,0,3290805
relBp,0.0625,15,15,CTACTCCATGAAGTAGCGCA,0,3274730
relBp,0.0625,15,15,CGTTTTCCTTTACTTGACTT,0,3264724
relBp,0.0625,15,15,CGTACATTTCCATCACCAAG,0,3307339
relBp,0.0625,15,15,CGGCTTCCGCCTCCGACCCA,0,3299118
relBp,0.0625,15,15,CGCCACACAGGAGATCGATA,0,3273097
relBp,0.0625,15,15,CGCATAGCGTACGTCAATTT,0,3262324
relBp,0.0625,15,15,CGACACGGTTACAGGAAGTA,0,3280037
relBp,0.0625,15,15,CGAATATTATTACCACCCTG,0,3285335
relBp,0.0625,15,15,CGAACCTCTGGTGCATGAGA,0,3268165
relBp,0.0625,15,15,CCTAGGAGTTTAAATCCGGC,0,3279833
relBp,0.0625,15,15,CCGTGCCCGCCCTCCGAATG,0,3298058
relBp,0.0625,15,15,CCGCCGACCCTGGGAATCTT,0,3270189
relBp,0.0625,15,15,CCCAGAGGTGCAGATTGCTT,0,3292371
relBp,0.0625,15,15,CCATAGCCGCTCAAAGCGTG,0,3273720
relBp,0.0625,15,15,CCAGCCTGTCCTACGATGTC,0,3288402
relBp,0.0625,15,15,CATTAAGGAACGTGTAGCTA,0,3281360
relBp,0.0625,15,15,CATCCGTCACAACCTACATT,0,3261996
relBp,0.0625,15,15,CAGTAGGCGTTATCCGTAGT,0,3279416
relBp,0.0625,15,15,CAGATTTCTGGACGGAACCT,0,3295998
relBp,0.0625,15,15,CAGATTCCTTAAGGAATACA,0,3283899
relBp,0.0625,15,15,CACCTTTGAAAGGGCTGTAT,0,3279119
relBp,0.0625,15,15,CAACTAGCTTCTACATTGGG,0,3272001
relBp,0.0625,15,15,CAACGCTAGCGTTATCCTAG,0,3279282
relBp,0.0625,15,15,ATTCGAAGGTAAGAAAGGGG,0,3274275
relBp,0.0625,15,15,ATGGGCGGTAAAGGGCTTGG,0,3264575
relBp,0.0625,15,15,ATGAGTCAAGCTTGCATGGG,0,3299475
relBp,0.0625,15,15,ATCCTTTATAGATAGGTTCG,0,3279959
relBp,0.0625,15,15,ATCCATGCGGGTCTACCTCA,0,3270653
relBp,0.0625,15,15,ATCATGCGGCACGATGAAGC,0,3264276
relBp,0.0625,15,15,ATATCATAGCGCCCGGAGAA,0,3271366
relBp,0.0625,15,15,ATACGTAGCTCCGCACGACA,0,3265810
relBp,0.0625,15,15,AGTGCTACCGACATATGTAC,0,3300369
relBp,0.0625,15,15,AGTGCAGCTCCACCATGACC,0,3261655
relBp,0.0625,15,15,AGTCTAGCCAAGGCTACCAA,0,3264336
relBp,0.0625,15,15,AGTAACGCATTAAAAGGTTA,0,3305569
relBp,0.0625,15,15,AGGAGGTTATGGGAGCACAG,0,3273187
relBp,0.0625,15,15,AGGAAATCCACCCGTGCCCA,0,3298076
relBp,0.0625,15,15,AGCGTGTGGACGCGTGATAT,0,3293930
relBp,0.0625,15,15,AGCAACACTGCTGCGGTCAT,0,3269679
relBp,0.0625,15,15,AGACTCTTCCCGGTATATTT,0,3299435
relBp,0.0625,15,15,AGAAATCCATCAGACCACTA,0,3268306
relBp,0.0625,15,15,ACTCGATTTATGCAATTGGG,0,3270355
relBp,0.0625,15,15,ACTATCATGGCATCTTTTGA,0,3273790
relBp,0.0625,15,15,ACGTGTATCGGAAAGATAGC,0,3295954
relBp,0.0625,15,15,ACGGATACGTGGATATGCAA,0,3284612
relBp,0.0625,15,15,ACCTAGGGGACATCTTGACA,0,3260592
relBp,0.0625,15,15,ACCCTGGTGGGCTTCTCGTT,0,3281041
relBp,0.0625,15,15,ACAGCCGATACGTTACTGGG,0,3296619
relBp,0.0625,15,15,ACAATGTCTTCCGGATGAAC,0,3282656
relBp,0.0625,15,15,ACAAGTTGGTAGGTAATTAA,0,3260492
relBp,0.0625,15,15,AATTATATATCTAACCGTGT,0,3290398
relBp,0.0625,15,15,AATAGGTAGCACCCTGCAAT,0,3288328
relBp,0.0625,15,15,AAGTTTGGATCGCGTTCTAT,0,3283560
relBp,0.0625,15,15,AAGCAATTCGCTGCTTTTCC,0,3266883
relBp,0.0625,15,15,AAACCACCCGCTCGTCTGGA,0,3285230
relBp,0.0625,15,15,AAAAAAATATCCCGCAATTA,0,3281374
relBp,0.06666666666666667,14,14,TTTGACGTATTCCATTAAAA,0,3302384
relBp,0.06666666666666667,14,14,TTGTTGGGTCACATGGGTTC,0,3262525
relBp,0.06666666666666667,14,14,TTGTCTAAAGGTAAAATTTG,0,3272461
relBp,0.06666666666666667,14,14,TTGGGGACTAACGCACTAAC,0,3299788
relBp,0.06666666666666667,14,14,TTGGAGCTCGAGGATATACT,0,3261275
relBp,0.06666666666666667,14,14,TTGCGCAACATATACTCACC,0,3304833
relBp,0.06666666666666667,14,14,TTGAAGGCTTCATCACACGA,0,3266203
relBp,0.06666666666666667,14,14,TTCTGACCCGAAGGTGCTCT,0,3272632
relBp,0.06666666666666667,14,14,TTCTCATGCTCGGTATTCCT,0,3296256
relBp,0.06666666666666667,14,14,TTCGGCGAGTCTACCGAGCG,0,3257016
relBp,0.06666666666666667,14,14,TTCGGCCTGAGTTCAATGAT,0,3304814
relBp,0.06666666666666667,14,14,TTCATGGTGAAGCTGGACTG,0,3285828
relBp,0.06666666666666667,14,14,TTCAATGCGGAGGTTCGTAG,0,3269874
relBp,0.06666666666666667,14,14,TTAGAGCCCTCCCACGTAAA,0,3285907
relBp,0.06666666666666667,14,14,TGCCTCTAGCAAAGAGTCCA,0,3260085
relBp,0.06666666666666667,14,14,TGCCGCTTCAGACTTTGCTC,0,3305040
relBp,0.06666666666666667,14,14,TGCAAAGTTTAACTGCAGAT,0,3290488
relBp,0.06666666666666667,14,14,TGAGGCGGCTATCGTAGCCA,0,3265821
relBp,0.06666666666666667,14,14,TGAGACGGGTTGCCGTCCCA,0,3263275
relBp,0.06666666666666667,14,14,TGACTAATACTCACACCATC,0,3276147
relBp,0.06666666666666667,14,14,TGACAGAGTGCGTCTTTTTC,0,3279602
relBp,0.06666666666666667,14,14,TGACAGAGCGGCGAGCGTAC,0,3301550
relBp,0.06666666666666667,14,14,TCTTTAATTCAGCACTAGTA,0,3264107
relBp,0.06666666666666667,14,14,TCTTCTACTGTTCGGGCGAA,0,3285270
relBp,0.06666666666666667,14,14,TCTCTTCCTCAAGTTATGGT,0,3273444
relBp,0.06666666666666667,14,14,TCTCAGCCTGATCGCACATA,0,3284905
relBp,0.06666666666666667,14,14,TCTATGAAGTGGTAAAGAGA,0,3299550
relBp,0.06666666666666667,14,14,TCGTAGTTCTTTATAATACA,0,3280795
relBp,0.06666666666666667,14,14,TCGGATGAAAGTATTATGGG,0,3280744
relBp,0.06666666666666667,14,14,TCGATAATTGTCCCTGTCGC,0,3272332
relBp,0.06666666666666667,14,14,TCGAGGCTTGCGGCAGAGGG,0,3282790
relBp,0.06666666666666667,14,14,TCCTTCGATCGGAATAGGTT,0,3285423
relBp,0.06666666666666667,14,14,TCACGGTTCCAGTTACGATG,0,3308677
relBp,0.06666666666666667,14,14,TATTGTGGTGTCAATAATGG,0,3256472
relBp,0.06666666666666667,14,14,TACTGCGTAATAAGTTAAGT,0,3299580
relBp,0.06666666666666667,14,14,TACGCGCAAGCCAAAGCGTT,0,3286047
relBp,0.06666666666666667,14,14,TACAACTCGACAAGAACGAC,0,3289166
relBp,0.06666666666666667,14,14,TAAGTCTAGTAGTCCTAGGT,0,3300392
relBp,0.06666666666666667,14,14,TAACAGTCGCACTGCGAAAT,0,3271727
relBp,0.06666666666666667,14,14,TAAATTCAAGAACAACTCAA,0,3274189
relBp,0.06666666666666667,14,14,GTTCCGAATCGTGCTTGTTA,0,3259193
relBp,0.06666666666666667,14,14,GTTATTTTGGCGCCCCCTTG,0,3274782
relBp,0.06666666666666667,14,14,GTGCTGTGAACCTCAAGCCA,0,3274467
relBp,0.06666666666666667,14,14,GTGAGAGCCACTGTTTACAC,0,3302994
relBp,0.06666666666666667,14,14,GTGAGACATCGCGACGCGAT,0,3266963
relBp,0.06666666666666667,14,14,GTGAATCCCCGGCTGAACCT,0,3277049
relBp,0.06666666666666667,14,14,GTCCGTTCTCCTGTCGCCAT,0,3261909
relBp,0.06666666666666667,14,14,GTCCGTCTTCAGAACCTCCT,0,3299248
relBp,0.06666666666666667,14,14,GTAGGGCAGGAGACCAGCCC,0,3270665
relBp,0.06666666666666667,14,14,GTAACGATTACATTTTTCTG,0,3301083
relBp,0.06666666666666667,14,14,GTAACATTCACATACATCTC,0,3262358
relBp,0.06666666666666667,14,14,GGTTTTACTCATTGAATACG,0,3275959
relBp,0.06666666666666667,14,14,GGTTATATTTCCGTGTGTGT,0,3274919
relBp,0.06666666666666667,14,14,GGTCGAGTGCCACAGAGGAA,0,3300634
relBp,0.06666666666666667,14,14,GGGAGGGTAGGGGGCAGACG,0,3287151
relBp,0.06666666666666667,14,14,GGCTTCCTGGATTATTAGCA,0,3295231
relBp,0.06666666666666667,14,14,GGCTTAGGGGGCGGGGCGCG,0,3305940
relBp,0.06666666666666667,14,14,GGCGATGTTGGAGTTATAGG,0,3262758
relBp,0.06666666666666667,14,14,GGCAAGCTGCTTGGTCAAGT,0,3257985
relBp,0.06666666666666667,14,14,GGAGGTCTACAATCTAAGAT,0,3291426
relBp,0.06666666666666667,14,14,GGAGGCCAGCATGTAACAGA,0,3265682
relBp,0.06666666666666667,14,14,GGACCAGCTGGTGTATCTTA,0,3288766
relBp,0.06666666666666667,14,14,GGAAGAACCACCCTGGGTCA,0,3275428
relBp,0.06666666666666667,14,14,GGAACAGTTCTGCACTATGT,0,3282466
relBp,0.06666666666666667,14,14,GCTTCATTGACAGCCGTATA,0,3275491
relBp,0.06666666666666667,14,14,GCTCGGGCGATGAGAGTTTA,0,3301476
relBp,0.06666666666666667,14,14,GCTAAGTGAATGATTACCAA,0,3281354
relBp,0.06666666666666667,14,14,GCGTACGGAAAACGATAATA,0,3279963
relBp,0.06666666666666667,14,14,GCGCGTATTCACGAAACCCA,0,3268746
relBp,0.06666666666666667,14,14,GCCGGGAGGGAAGTGTCATA,0,3287216
relBp,0.06666666666666667,14,14,GCCAGTCCGAGTGTAAGATA,0,3294395
relBp,0.06666666666666667,14,14,GCCAATGTATTAAAAGGGAT,0,3286932
relBp,0.06666666666666667,14,14,GCCAAGCAGGAGACTAGCTG,0,3259241
relBp,0.06666666666666667,14,14,GCATCGAGCTACAAGGTTTG,0,3281099
relBp,0.06666666666666667,14,14,GCAGTTCGGGCCATGCAATG,0,3272795
relBp,0.06666666666666667,14,14,GCAGTGGCAGTTGCCAGTTG,0,3278450
relBp,0.06666666666666667,14,14,GATCCATGGCAGACGGAAAT,0,3290671
relBp,0.06666666666666667,14,14,GATATAGGGGCGCAGGCGTT,0,3271586
relBp,0.06666666666666667,14,14,GAGTGTGGGTCCACTGCGTG,0,3273212
relBp,0.06666666666666667,14,14,GAGGACCACTTCTGGTATGG,0,3258108
relBp,0.06666666666666667,14,14,GAGCATGGGATGCTCAGTTG,0,3278499
relBp,0.06666666666666667,14,14,GAGCATAGACCACATGTTCC,0,3298582
relBp,0.06666666666666667,14,14,GACTCGGGACTACGTCCTAA,0,3292776
relBp,0.06666666666666667,14,14,GACATAAGAAGTGCGCGTAC,0,3305878
relBp,0.06666666666666667,14,14,GAATTGTGACCAAATAGACG,0,3258813
relBp,0.06666666666666667,14,14,GAAGCACACTGTTAACTCAT,0,3307523
relBp,0.06666666666666667,14,14,GAACCATAAGTCTTCCTGGA,0,3258176
relBp,0.06666666666666667,14,14,CTTTGTGGGGACATTTATAA,0,3289955
relBp,0.06666666666666667,14,14,CTTTGGGTTGCGGGGGGAAC,0,3303694
relBp,0.06666666666666667,14,14,CTTTGGGATACGGTGAGCAA,0,3289773
relBp,0.06666666666666667,14,14,CTTGCAATCTTCGTACGCGG,0,3290277
relBp,0.06666666666666667,14,14,CTTATACGCGCCCGAATCTA,0,3265666
relBp,0.06666666666666667,14,14,CTTAAAAGAATTATGGTAAG,0,3264438
relBp,0.06666666666666667,14,14,CTGTCTGGTATCAGCGATTA,0,3270897
relBp,0.06666666666666667,14,14,CTGTCGTGCGCCGCAATCGA,0,3291215
relBp,0.06666666666666667,14,14,CTGTCCTGTCCTTGATTCTC,0,3266104
relBp,0.06666666666666667,14,14,CTGGCTAGGCAATATGTGGT,0,3266159
relBp,0.06666666666666667,14,14,CTGGCGTGGATTAAAGAGGA,0,3285404
relBp,0.06666666666666667,14,14,CTGCCGGACGCTTTTCGGTC,0,3257753
relBp,0.06666666666666667,14,14,CTCCGTAAGCCGGCTCAGAC,0,3280780
relBp,0.06666666666666667,14,14,CTCAGGCGTCCCGCGTCTGT,0,3274065
relBp,0.06666666666666667,14,14,CTAGACCGCCTATAGCGTTC,0,3296271
relBp,0.06666666666666667,14,14,CGTGGCCAACGCGTCCAACT,0,3288082
relBp,0.06666666666666667,14,14,CGTAGCCCTTAATACGTTTT,0,3277507
relBp,0.06666666666666667,14,14,CGGTTATCGGGCCTAACTGT,0,3259186
relBp,0.06666666666666667,14,14,CGGTACGCTGGTTATTCGAA,0,3258365
relBp,0.06666666666666667,14,14,CGGGCACCTATATAGCCCTG,0,3303831
relBp,0.06666666666666667,14,14,CGGAAGATATTAATGGGGTG,0,3268431
relBp,0.06666666666666667,14,14,CGCAGCCTTGATCAAACTCG,0,3302364
relBp,0.06666666666666667,14,14,CGACTTTGACTGACTGGAAT,0,3283436
relBp,0.06666666666666667,14,14,CGACAGCCGGATCCCTCTAC,0,3302937
relBp,0.06666666666666667,14,14,CGAATTAGAACATTAACGTT,0,3301628
relBp,0.06666666666666667,14,14,CCTCGATTTAACCCCAGCGG,0,3259542
relBp,0.06666666666666667,14,14,CCGTAAGTCATGTGGAGACC,0,3280758
relBp,0.06666666666666667,14,14,CCCAGGGGCCAGAGGCAGAG,0,3270353
relBp,0.06666666666666667,14,14,CCCACTTCGCGGTTATCGCT,0,3277738
relBp,0.06666666666666667,14,14,CCACGCCACTGTCATCAGGG,0,3290400
relBp,0.06666666666666667,14,14,CATAACTTATTCCTTGATAT,0,3272762
relBp,0.06666666666666667,14,14,CAGTAATTTCAGTATCGTTG,0,3279742
relBp,0.06666666666666667,14,14,CAGTAATCATACTAAAATAT,0,3300528
relBp,0.06666666666666667,14,14,CAGCTAGCGTGAAAGCGCTA,0,3288554
relBp,0.06666666666666667,14,14,CAGACTGAGAAGTCAGCTGG,0,3258700
relBp,0.06666666666666667,14,14,CAGACCTTACGTTAATTTTT,0,3284415
relBp,0.06666666666666667,14,14,CAGACCCCCGGTTGTCAGTA,0,3263898
relBp,0.06666666666666667,14,14,CACCCAGATCGTTCAGCTTC,0,3281778
relBp,0.06666666666666667,14,14,CAATGGTGTGAAGCGAAGTA,0,3306197
relBp,0.06666666666666667,14,14,ATTTTGCCGCCCGATTGCCT,0,3259658
relBp,0.06666666666666667,14,14,ATTTGTAGGACGAGACACAC,0,3302366
relBp,0.06666666666666667,14,14,ATGGCCCCCGGGAGTTCGCT,0,3287399
relBp,0.06666666666666667,14,14,ATGGACCTGGTACTGCAACT,0,3278967
relBp,0.06666666666666667,14,14,ATCTATATGCGTCCCTGTCG,0,3300287
relBp,0.06666666666666667,14,14,ATCTAACGTAATTAAACTAC,0,3277139
relBp,0.06666666666666667,14,14,ATCGGCGCTAATGCTCAACT,0,3303136
relBp,0.06666666666666667,14,14,ATCCTGAGACCCAATTAGTT,0,3291247
relBp,0.06666666666666667,14,14,ATCCCATTTGGACATATGAT,0,3284186
relBp,0.06666666666666667,14,14,ATATGTCTGCGGTTCCAGAC,0,3256379
relBp,0.06666666666666667,14,14,ATATGTCCTAAATAGGGAGG,0,3269567
relBp,0.06666666666666667,14,14,ATACCGCCAAGTTTTTCGCA,0,3283802
relBp,0.06666666666666667,14,14,AGTTTTGCTAGCTAGGTACG,0,3272113
relBp,0.06666666666666667,14,14,AGTCTGACATAAACCGCTTG,0,3273357
relBp,0.06666666666666667,14,14,AGTACCTATTGTTTAGATTT,0,3269905
relBp,0.06666666666666667,14,14,AGGAAGACTTGGGTGTTCGC,0,3283403
relBp,0.06666666666666667,14,14,AGCTCTCTAGAATGACGGAG,0,3275041
relBp,0.06666666666666667,14,14,AGCTCACGAGAGTGCTTGTA,0,3286114
relBp,0.06666666666666667,14,14,AGCCGGGTAAAGAGCTAGGT,0,3286895
relBp,0.06666666666666667,14,14,AGCACACCGTACTGATGCAA,0,3282755
relBp,0.06666666666666667,14,14,AGATCGCTGCTCAGGAACAT,0,3256511
relBp,0.06666666666666667,14,14,AGATCCCAGACATCGCTAGA,0,3294154
relBp,0.06666666666666667,14,14,AGAGCTACGCGGGTGCAGCT,0,3264888
relBp,0.06666666666666667,14,14,AGACCAGTCGGAAAGGCTGT,0,3299272
relBp,0.06666666666666667,14,14,ACTTTGATGAACGGTTCGCA,0,3297684
relBp,0.06666666666666667,14,14,ACGCTGTAAAGCGGCAACTT,0,3273361
relBp,0.06666666666666667,14,14,ACGCCTGAGCCTGTATGCGC,0,3302022
relBp,0.06666666666666667,14,14,ACCTCTGGGAACCTATGGCG,0,3256794
relBp,0.06666666666666667,14,14,ACCATTCGGGGGTTTATCCA,0,3264006
relBp,0.06666666666666667,14,14,ACATAAGGTCGCGATGGAAA,0,3289390
relBp,0.06666666666666667,14,14,ACAGGGGCTACAGACGCCAA,0,3286424
relBp,0.06666666666666667,14,14,ACAGACTCCCGCTGAAGACT,0,3304467
relBp,0.06666666666666667,14,14,ACACCTGAACCGAGGTAGAC,0,3273394
relBp,0.06666666666666667,14,14,AATTGAAAACTTTCCCGCCT,0,3286875
relBp,0.06666666666666667,14,14,AATACGCTGGTACTTACACT,0,3280916
relBp,0.06666666666666667,14,14,AAGTCATAACTTCACAGGTA,0,3282853
relBp,0.06666666666666667,14,14,AAGTACTGCACTGAGTGATT,0,3294916
relBp,0.06666666666666667,14,14,AAGGCGACGTATCAACGGCT,0,3267762
relBp,0.06666666666666667,14,14,AAGGAATGCTGATGTTATGG,0,3307346
relBp,0.06666666666666667,14,14,AAGAGGGCCGCTGCAATCAT,0,3300651
relBp,0.06666666666666667,14,14,AACGGCCTCGCCGCATATGC,0,3278256
relBp,0.06666666666666667,14,14,AACCAACTTCAAGATGCTTA,0,3282464
relBp,0.06666666666666667,14,14,AAACTACATGGCGCTGTTTC,0,3274866
relBp,0.06666666666666667,14,14,AAACCCCTCGTACCCTCAAT,0,3282207
relBp,0.07142857142857142,13,13,TTTGGAGGGATTGTTCTCGC,0,3281394
relBp,0.07142857142857142,13,13,TTTGCCATGCCTGGGTATTT,0,3293185
relBp,0.07142857142857142,13,13,TTGTTCTGTTTCTCCGACTG,0,3276267
relBp,0.07142857142857142,13,13,TTGCGCCCCCCTCGGACAGG,0,3260689
relBp,0.07142857142857142,13,13,TTGAGGCAAGGCGGCAGCTG,0,3256793
relBp,0.07142857142857142,13,13,TTGACATGTTACTGGGGGTT,0,3280574
relBp,0.07142857142857142,13,13,TTGAACATGGCACCGAATCA,0,3260030
relBp,0.07142857142857142,13,13,TTCAGTAGTGAAGTCAGCAT,0,3277138
relBp,0.07142857142857142,13,13,TTCAAAAGTGGCTGCGAGTC,0,3286794
relBp,0.07142857142857142,13,13,TTATCAGAGGTAACCTCCGA,0,3304261
relBp,0.07142857142857142,13,13,TTACTTTGGATTGGGCCAAT,0,3300731
relBp,0.07142857142857142,13,13,TGTTCGTGTTGACTGTGAAA,0,3279366
relBp,0.07142857142857142,13,13,TGTGTGCATACTAAGGGGCA,0,3286786
relBp,0.07142857142857142,13,13,TGTGAGGCGTAATACTCTTG,0,3259870
relBp,0.07142857142857142,13,13,TGGTTAGCGCCGATCTACAA,0,3288622
relBp,0.07142857142857142,13,13,TGGAACCCAATACGCTTGTC,0,3290495
relBp,0.07142857142857142,13,13,TGCTTCGTCTGACGGATAGT,0,3271335
relBp,0.07142857142857142,13,13,TGCTTAAAGTAATCCTGCAG,0,3292366
relBp,0.07142857142857142,13,13,TGCGGAGATAGGGGAGAGGG,0,3266208
relBp,0.07142857142857142,13,13,TGCCTCCCGGCCTTAAGTCC,0,3257328
relBp,0.07142857142857142,13,13,TGCCCCCTTACCTGGGGTAT,0,3274139
relBp,0.07142857142857142,13,13,TGCCCAGGACATCTCCTCCG,0,3277603
relBp,0.07142857142857142,13,13,TGACGCTGTGGGTCAGTTAC,0,3284285
relBp,0.07142857142857142,13,13,TGACCAGGATCGAGTGGCTT,0,3300137
relBp,0.07142857142857142,13,13,TGAATAGAGGTAGCGGTACT,0,3259738
relBp,0.07142857142857142,13,13,TCTTTTGATATGGGTCTGGG,0,3277772
relBp,0.07142857142857142,13,13,TCTTGACAATCGCAGCGCTA,0,3270774
relBp,0.07142857142857142,13,13,TCTGGCAGGCCCCCGTGTCT,0,3301671
relBp,0.07142857142857142,13,13,TCTCATCTAGTTTCAGGCGA,0,3287603
relBp,0.07142857142857142,13,13,TCGGGGTCACACCAACTAAA,0,3289189
relBp,0.07142857142857142,13,13,TCGATAGATAAGCGCTGTGG,0,3272351
relBp,0.07142857142857142,13,13,TATGTATAGCGCGCGCCTGC,0,3259934
relBp,0.07142857142857142,13,13,TATCGCCCTGGATGTAGGAA,0,3277246
relBp,0.07142857142857142,13,13,TAGGAGTGAAAGGCCGATAT,0,3297328
relBp,0.07142857142857142,13,13,TAGCAATGTCTTTACCCCGG,0,3273186
relBp,0.07142857142857142,13,13,TAAGATGCCAAACGTTTTGA,0,3303520
relBp,0.07142857142857142,13,13,TAAAACCGGGTATGCGTGCT,0,3286136
relBp,0.07142857142857142,13,13,GTTTATCGATAGGGTGAGGT,0,3267831
relBp,0.07142857142857142,13,13,GTTGGACATGGTTTGTACCA,0,3267456
relBp,0.07142857142857142,13,13,GTTCTCATGAATCGTTGCGT,0,3307171
relBp,0.07142857142857142,13,13,GTGGTTCCCCGGAAGGCGCT,0,3272897
relBp,0.07142857142857142,13,13,GTGGGGTTGTCGTTGAGGCT,0,3305607
relBp,0.07142857142857142,13,13,GTGATGTGGCCATCAGTCTT,0,3286821
relBp,0.07142857142857142,13,13,GTCGGTAACTAACACACTAC,0,3267407
relBp,0.07142857142857142,13,13,GTCGGCTTGCTATAACTAGA,0,3268684
relBp,0.07142857142857142,13,13,GGTTTGCAATACACTACGCA,0,3301291
relBp,0.07142857142857142,13,13,GGTTCATGTTTTACAGGTAC,0,3286440
relBp,0.07142857142857142,13,13,GGTCAGGCCACGATGCCGGG,0,3282799
relBp,0.07142857142857142,13,13,GGGGTGAGTTAGTCTTGACT,0,3266609
relBp,0.07142857142857142,13,13,GGGGGTCACTATTCATCAGT,0,3287618
relBp,0.07142857142857142,13,13,GGGGCCTCTATCGTAAAGAT,0,3294384
relBp,0.07142857142857142,13,13,GGGGAAATTCCGGCCACGGG,0,3261403
relBp,0.07142857142857142,13,13,GGGCCTGGACAGCAGCATAC,0,3280636
relBp,0.07142857142857142,13,13,GGGATAATTTTAAGCAGTGA,0,3264629
relBp,0.07142857142857142,13,13,GGCCAGGCTACGCAGCTGGA,0,3292051
relBp,0.07142857142857142,13,13,GGAGCGATTCCCAGGCTTAA,0,3268217
relBp,0.07142857142857142,13,13,GGAACACTTCGTGTTCCACG,0,3256466
relBp,0.07142857142857142,13,13,GCTTGCTTGACATCATTGAT,0,3263054
relBp,0.07142857142857142,13,13,GCTACGTTCATGAAAAAATG,0,3256796
relBp,0.07142857142857142,13,13,GCGGGTGTCTTTGGCCGTGG,0,3304464
relBp,0.07142857142857142,13,13,GCGATTTGCTCAGTTGTTAT,0,3306040
relBp,0.07142857142857142,13,13,GCCTTTACACTGCCCGCAAC,0,3291318
relBp,0.07142857142857142,13,13,GCCTTCCACTACCACCTTCT,0,3296594
relBp,0.07142857142857142,13,13,GCCTCTGAGCACCAGATAAT,0,3266945
relBp,0.07142857142857142,13,13,GCCCCCCACGAGATCTAGCT,0,3302010
relBp,0.07142857142857142,13,13,GCCACAGCGCGTACATAGAG,0,3267152
relBp,0.07142857142857142,13,13,GCCAAGAGCAACATGCGGAA,0,3285349
relBp,0.07142857142857142,13,13,GATGTCACGTAAACTTTTGT,0,3281715
relBp,0.07142857142857142,13,13,GATCGCGCCGAGGGCAGCGT,0,3302901
relBp,0.07142857142857142,13,13,GATCGATCTAGACGACGGTC,0,3293139
relBp,0.07142857142857142,13,13,GATAGCGAGTACACACGCTC,0,3290608
relBp,0.07142857142857142,13,13,GAGTTGGTCACGAAAAGAAT,0,3286207
relBp,0.07142857142857142,13,13,GAGAAGTGTCACCGGCTGGG,0,3298454
relBp,0.07142857142857142,13,13,GACTGGCTAATCAACGTCAT,0,3272697
relBp,0.07142857142857142,13,13,GACGTCAGGGGATACTACGT,0,3281479
relBp,0.07142857142857142,13,13,GACGAGGATAAGGTTCCGCC,0,3273648
relBp,0.07142857142857142,13,13,GAATGGGAACAATGACGGTG,0,3298038
relBp,0.07142857142857142,13,13,GAATCCTTCGGTTCACAATA,0,3271780
relBp,0.07142857142857142,13,13,GAATAGCCCTCGTTGGTTGT,0,3281502
relBp,0.07142857142857142,13,13,GAAGCTAGCCCAAGAGGGCG,0,3297246
relBp,0.07142857142857142,13,13,GAAGAGCTTGTAGCCGGCGC,0,3265830
relBp,0.07142857142857142,13,13,CTGTAAGGTCCCCCGGTGTT,0,3279965
relBp,0.07142857142857142,13,13,CTGGTTCTCATAAGTCAGGA,0,3279772
relBp,0.07142857142857142,13,13,CTGGGATCTCTGGTTGATAT,0,3304130
relBp,0.07142857142857142,13,13,CTGCCCGGACTCCAGGGACT,0,3266853
relBp,0.07142857142857142,13,13,CTGATCTCTTATTAAGCCGA,0,3280180
relBp,0.07142857142857142,13,13,CTGACAGCCCCAAGTTAGGT,0,3284521
relBp,0.07142857142857142,13,13,CTGAAAGTTGTGCCCTCAAT,0,3301891
relBp,0.07142857142857142,13,13,CTCTTACTACCTACAGCAAT,0,3291113
relBp,0.07142857142857142,13,13,CTCTGTGTTATCAACCCGGT,0,3263579
relBp,0.07142857142857142,13,13,CTCGCCATTCCTACAGCCTT,0,3277278
relBp,0.07142857142857142,13,13,CTCGAAGCCCCCCGTTGTTT,0,3280267
relBp,0.07142857142857142,13,13,CTCCCGTACGAGGGTTGGAT,0,3291484
relBp,0.07142857142857142,13,13,CTCCCAAGGATGGCAAAGCT,0,3296061
relBp,0.07142857142857142,13,13,CTATGTGGGGGTGCGTATTT,0,3292937
relBp,0.07142857142857142,13,13,CTAGCATCGGCAGAGTCGCT,0,3265893
relBp,0.07142857142857142,13,13,CGTTCTATGGAATCCGGCAG,0,3277273
relBp,0.07142857142857142,13,13,CGTGTGGTTTCTCTTAACAC,0,3265303
relBp,0.07142857142857142,13,13,CGTCAATCTGAAAAAGAGCC,0,3273110
relBp,0.07142857142857142,13,13,CGTATTGAGTGCTGTATGAA,0,3290240
relBp,0.07142857142857142,13,13,CGTAGCAAATCTACATAGCA,0,3301630
relBp,0.07142857142857142,13,13,CGGTGTGTGTACTGTATATT,0,3300324
relBp,0.07142857142857142,13,13,CGGTGGAACGCCGATCAACA,0,3280450
relBp,0.07142857142857142,13,13,CGGGAGCGTTTAACAAACCT,0,3297046
relBp,0.07142857142857142,13,13,CGGATACGGGGGGAAGGACT,0,3296037
relBp,0.07142857142857142,13,13,CGCGGGCTAGGTTCTGGTCG,0,3257669
relBp,0.07142857142857142,13,13,CGCGAGGGTTGGCTAGAATA,0,3273484
relBp,0.07142857142857142,13,13,CGCATACGTTTCTGGAGATG,0,3269358
relBp,0.07142857142857142,13,13,CGACTAATCAGCATTTCCAG,0,3271156
relBp,0.07142857142857142,13,13,CCTCATCTGCCGGCATGGTT,0,3292121
relBp,0.07142857142857142,13,13,CCTATCAACGTGGTGCAGCA,0,3307251
relBp,0.07142857142857142,13,13,CCTAGTGGCCACGCGAACAT,0,3261092
relBp,0.07142857142857142,13,13,CCGATTACTTAGATCGGCAA,0,3304611
relBp,0.07142857142857142,13,13,CCCGTGCGGGGAGCTCTAGA,0,3282897
relBp,0.07142857142857142,13,13,CCCGCGGGTGGTCAGCTTCC,0,3264344
relBp,0.07142857142857142,13,13,CCCCCTTCGTCGTCGTGGAG,0,3256847
relBp,0.07142857142857142,13,13,CCCCCCGTTAGGACATGGCT,0,3288556
relBp,0.07142857142857142,13,13,CCATGTGCCGCAGGTTTTCG,0,3273800
relBp,0.07142857142857142,13,13,CCATCTCATAGTCCATTTAC,0,3284802
relBp,0.07142857142857142,13,13,CCATCAAACACAGCAGATGA,0,3274245
relBp,0.07142857142857142,13,13,CCACCAATCCATGGGTTGCG,0,3289587
relBp,0.07142857142857142,13,13,CCAACGCATTGGGTTGGGAA,0,3301478
relBp,0.07142857142857142,13,13,CATGTTGGATACGCGGCTCC,0,3265700
relBp,0.07142857142857142,13,13,CATCCTAGAGGTGGCACCAT,0,3273352
relBp,0.07142857142857142,13,13,CATCCCGTCGGGACAACGTG,0,3270759
relBp,0.07142857142857142,13,13,CAGGGGTGGAGGCTCCGAGG,0,3262543
relBp,0.07142857142857142,13,13,CAGCCAGGTGAAGACGGGCA,0,3269268
relBp,0.07142857142857142,13,13,CAGAGCAACAACAAGTGTCA,0,3257077
relBp,0.07142857142857142,13,13,CACGTATGCCGGCTTAAGAA,0,3256915
relBp,0.07142857142857142,13,13,CAATAGGTCCCAGTAGACCA,0,3284630
relBp,0.07142857142857142,13,13,CAAGTAGAGACTAATGACCA,0,3274372
relBp,0.07142857142857142,13,13,ATTTTGATCTAATGGCATGT,0,3275864
relBp,0.07142857142857142,13,13,ATTAGCATCGGTCAGTTCCA,0,3301131
relBp,0.07142857142857142,13,13,ATGAGAGATTGCTCCATATA,0,3293097
relBp,0.07142857142857142,13,13,ATGAACGTTGCTTAGGTGTT,0,3268393
relBp,0.07142857142857142,13,13,ATCTCGTGTGGGAGTACATG,0,3263511
relBp,0.07142857142857142,13,13,ATCTAGGGGCACAAACTGCT,0,3273560
relBp,0.07142857142857142,13,13,ATATAGTCTGCGAACCCCAA,0,3288038
relBp,0.07142857142857142,13,13,AGTTGTTGACGATGGCAGTA,0,3264486
relBp,0.07142857142857142,13,13,AGTTGGTCGGCTTAGACTAA,0,3289940
relBp,0.07142857142857142,13,13,AGTGTAGCACACGGGAATCC,0,3274886
relBp,0.07142857142857142,13,13,AGTGCCATAATGTCAGTTGG,0,3281720
relBp,0.07142857142857142,13,13,AGTACGCGTGCAGCCATCTA,0,3293707
relBp,0.07142857142857142,13,13,AGTAAAGGGGGTGCGTCCCT,0,3295553
relBp,0.07142857142857142,13,13,AGGGTTAAGGCGCGGACACT,0,3265253
relBp,0.07142857142857142,13,13,AGGGGAACGTTGCGGGGGTT,0,3292100
relBp,0.07142857142857142,13,13,AGGCTGCGCACTTCAGTCCA,0,3299584
relBp,0.07142857142857142,13,13,AGGCTAGAGCTCGCGCGGCG,0,3291842
relBp,0.07142857142857142,13,13,AGGCGGCCTTGACTGCCTTT,0,3303617
relBp,0.07142857142857142,13,13,AGGATCAACTCCGAGCTTAG,0,3280644
relBp,0.07142857142857142,13,13,AGCGCCCAGGCGGAACTCTG,0,3278680
relBp,0.07142857142857142,13,13,AGCGCCACTCGGTGTCTTGA,0,3260847
relBp,0.07142857142857142,13,13,AGCCGGCAGGTATGACTTAT,0,3295483
relBp,0.07142857142857142,13,13,AGCCCTCAGAAGTGTGGCTC,0,3285908
relBp,0.07142857142857142,13,13,AGATTATGTAGTTCTACAGC,0,3259603
relBp,0.07142857142857142,13,13,AGATCCAAAGCTCACCCAAT,0,3259344
relBp,0.07142857142857142,13,13,AGAGCCCCGGATCGGCAGAT,0,3282029
relBp,0.07142857142857142,13,13,AGAGACGATTGCTCATGTTT,0,3302918
relBp,0.07142857142857142,13,13,AGAGAACGGGGGCTAGTGTC,0,3289657
relBp,0.07142857142857142,13,13,AGACGTAGGGGTTGACAATG,0,3294098
relBp,0.07142857142857142,13,13,AGACCAGGAGGCTAAATCCA,0,3281251
relBp,0.07142857142857142,13,13,ACTAGGTTGTAAACTCCAGG,0,3287527
relBp,0.07142857142857142,13,13,ACTACTGGTGCGGCACAAGT,0,3264099
relBp,0.07142857142857142,13,13,ACGTCATATGGGCTGGCTGG,0,3294153
relBp,0.07142857142857142,13,13,ACGGTTTGGCCGAAACGCCC,0,3306416
relBp,0.07142857142857142,13,13,ACGGTTTCAGCTGGGGAAGC,0,3272868
relBp,0.07142857142857142,13,13,ACGCCGGGCGTACTGCCTCA,0,3277820
relBp,0.07142857142857142,13,13,ACCTCCATCACCATAGAATG,0,3280042
relBp,0.07142857142857142,13,13,ACCCGGTGTCTGGGTTCTAG,0,3296483
relBp,0.07142857142857142,13,13,ACATACTCGGCACTATTCCA,0,3273723
relBp,0.07142857142857142,13,13,ACAGGATCTCTCTGGCGGGA,0,3259434
relBp,0.07142857142857142,13,13,ACAGCTGATGTGCATTCTTG,0,3260998
relBp,0.07142857142857142,13,13,ACAGCTACTTGCTTGTAAGG,0,3274867
relBp,0.07142857142857142,13,13,AATTTCCATGCGTTCTGATA,0,3300878
relBp,0.07142857142857142,13,13,AATTGCGATCACCGGCCAGA,0,3297947
relBp,0.07142857142857142,13,13,AATGCACTTTAGTAGCCCGC,0,3278117
relBp,0.07142857142857142,13,13,AATAGGAGTTCGTATAGCAT,0,3298655
relBp,0.07142857142857142,13,13,AATAAGCTGGGACCACGGGG,0,3305521
relBp,0.07142857142857142,13,13,AAGTTTCAGTCAGCTTGCTC,0,3264913
relBp,0.07142857142857142,13,13,AAGTAGAGATCGTTTAGCTG,0,3262243
relBp,0.07142857142857142,13,13,AAATCCAAGAGTTCCATGGC,0,3271087
relBp,0.07142857142857142,13,13,AAAGGAAGTCTAAGCCGGTC,0,3258993
relBp,0.07692307692307693,12,12,TTTGTCAGCTACAGTCACTA,0,3291935
relBp,0.07692307692307693,12,12,TTTCGGGGTTGCGCTTGCCC,0,3276362
relBp,0.07692307692307693,12,12,TTGTTAATTTTATTCTCGTT,0,3289144
relBp,0.07692307692307693,12,12,TTGTGCTCATTTTGAAAAGT,0,3281126
relBp,0.07692307692307693,12,12,TTGTAGCCGAAGATATGCAA,0,3271709
relBp,0.07692307692307693,12,12,TTGGTATCGCCACAAGTATG,0,3271584
relBp,0.07692307692307693,12,12,TTGGGACTACCCCCGTTCAA,0,3274603
relBp,0.07692307692307693,12,12,TTGGAGCGACTACTCGGAAG,0,3272083
relBp,0.07692307692307693,12,12,TTGCCCCCAACGTCTCAAAC,0,3291822
relBp,0.07692307692307693,12,12,TTGCCAACCCCGATCAACAT,0,3261775
relBp,0.07692307692307693,12,12,TTGAACAAGGACTAATTTCA,0,3258413
relBp,0.07692307692307693,12,12,TTCCGAAAAGTGAACCGCAA,0,3276401
relBp,0.07692307692307693,12,12,TTCACAAGGGGCAGGGTGTT,0,3274557
relBp,0.07692307692307693,12,12,TTAGGGGGCTCTTGACTCTT,0,3275007
relBp,0.07692307692307693,12,12,TTACCGATTAGAGTGGGTGT,0,3268980
relBp,0.07692307692307693,12,12,TTAACGTCTCGGTGTTCAAA,0,3294346
relBp,0.07692307692307693,12,12,TGTTTCATCCGTACTGGGCT,0,3265219
relBp,0.07692307692307693,12,12,TGTTAAACGCCGTTTGACAA,0,3261749
relBp,0.07692307692307693,12,12,TGTGTAGCTGGATCGGACCG,0,3300607
relBp,0.07692307692307693,12,12,TGTGGGAACCTATGATTTGG,0,3271789
relBp,0.07692307692307693,12,12,TGTCCCCCGCACTCGTTAGT,0,3271999
relBp,0.07692307692307693,12,12,TGTCAGGGGGGATATATGTA,0,3267145
relBp,0.07692307692307693,12,12,TGTCAACTCGGGACATTCAT,0,3270659
relBp,0.07692307692307693,12,12,TGGTGAATTTCACTCGTCTC,0,3258487
relBp,0.07692307692307693,12,12,TGCTTGTCAGTTGCGACAAA,0,3290743
relBp,0.07692307692307693,12,12,TGCTGCTAGTCACGCATTCT,0,3298312
relBp,0.07692307692307693,12,12,TGCGTTCTCTACCTGTTCTA,0,3273049
relBp,0.07692307692307693,12,12,TGCGCGTTTGCGACCCCTTG,0,3259089
relBp,0.07692307692307693,12,12,TGATACTCGAGGGCGAATGT,0,3266106
relBp,0.07692307692307693,12,12,TGAGGATGAACAGCTTCAGC,0,3272389
relBp,0.07692307692307693,12,12,TGAGCTGGTATCGTTTGGGT,0,3300438
relBp,0.07692307692307693,12,12,TGACCGCGGCTAACTACCCA,0,3287677
relBp,0.07692307692307693,12,12,TGAACTCGGAATCCCCGGAC,0,3298303
relBp,0.07692307692307693,12,12,TCTTGTAAATGTTTTCAACC,0,3296792
relBp,0.07692307692307693,12,12,TCTATAACGGGTGGGATCAG,0,3276276
relBp,0.07692307692307693,12,12,TCGTGCCGCTGGGCAAACTC,0,3276123
relBp,0.07692307692307693,12,12,TCGTGAGAATGGAGGTATTA,0,3276431
relBp,0.07692307692307693,12,12,TCGGTTGGTGGCGCATTCGC,0,3272898
relBp,0.07692307692307693,12,12,TCGGTATATTATTGAGAAAA,0,3273752
relBp,0.07692307692307693,12,12,TCGGGACGATGGCACTCATC,0,3265436
relBp,0.07692307692307693,12,12,TCGCTTTGTTGGATGTATTG,0,3262590
relBp,0.07692307692307693,12,12,TCGCGGCACAGGCTAACGAC,0,3297245
relBp,0.07692307692307693,12,12,TCCTTTCGTTTGCTGCTAGA,0,3305173
relBp,0.07692307692307693,12,12,TCCGAGATCTGCTCAATCAG,0,3286532
relBp,0.07692307692307693,12,12,TCAGCGACCTAGGAGAGGTG,0,3278579
relBp,0.07692307692307693,12,12,TCACGATAGTCATGGCGCGC,0,3273185
relBp,0.07692307692307693,12,12,TATGGTACGTTTAGCCGTAC,0,3305104
relBp,0.07692307692307693,12,12,TATCAGAGAGGTGCCTTTCT,0,3271618
relBp,0.07692307692307693,12,12,TATAATGTAGCTCAAACCGT,0,3296154
relBp,0.07692307692307693,12,12,TACTGCTGAAGGATCATTCG,0,3287350
relBp,0.07692307692307693,12,12,TACGGTTTATGGGGTACAAC,0,3289860
relBp,0.07692307692307693,12,12,TACGCCTTGAGTTCCCCGTG,0,3279370
relBp,0.07692307692307693,12,12,TACCCAACCAACTTCAGAGT,0,3266914
relBp,0.07692307692307693,12,12,TACATAAGCTAACACGTTCA,0,3279832
relBp,0.07692307692307693,12,12,TAATCCGATTAGACAATCCA,0,3291470
relBp,0.07692307692307693,12,12,TAATATGCATAGCAGGCCAA,0,3263639
relBp,0.07692307692307693,12,12,TAACGCTGGTGCATAGCAGA,0,3258136
relBp,0.07692307692307693,12,12,TAAATATTGTCGAGAGTTCT,0,3273311
relBp,0.07692307692307693,12,12,TAAAGTTCTGTCACACAGAA,0,3308717
relBp,0.07692307692307693,12,12,GTTGTAACAGGGGGAACCTA,0,3266816
relBp,0.07692307692307693,12,12,GTTGGGTGTGCACAGGGCTA,0,3274375
relBp,0.07692307692307693,12,12,GTTGCTTATCGCCGTCTTAG,0,3265940
relBp,0.07692307692307693,12,12,GTTCGCAGACCTGTTGAATG,0,3267958
relBp,0.07692307692307693,12,12,GTTCAGAGAACTAAACAATC,0,3283538
relBp,0.07692307692307693,12,12,GTGTCTCTCATTTAGTGGTG,0,3260683
relBp,0.07692307692307693,12,12,GTGGCCCCCGGCAGGCAGCA,0,3256911
relBp,0.07692307692307693,12,12,GTGCGCCCAACCTTTTTGAT,0,3264032
relBp,0.07692307692307693,12,12,GTGCCGGTCACTGGATTATG,0,3270267
relBp,0.07692307692307693,12,12,GTATGAGAAATGGCCGCGCC,0,3259464
relBp,0.07692307692307693,12,12,GTATACGCTCCCGGGGTCAA,0,3296756
relBp,0.07692307692307693,12,12,GTACGGCTTGTACAACTTCA,0,3278490
relBp,0.07692307692307693,12,12,GTACAGTTCGAGAGAATTCT,0,3270908
relBp,0.07692307692307693,12,12,GTAATTCCATCCGCGACGAG,0,3281555
relBp,0.07692307692307693,12,12,GGTTCTCATAGCGTAGCTAG,0,3268068
relBp,0.07692307692307693,12,12,GGTGATAAGGAAGTGGCGGG,0,3272078
relBp,0.07692307692307693,12,12,GGTAATGCTCTACACCGGCG,0,3273522
relBp,0.07692307692307693,12,12,GGGTCTGCGGTCGCAGACGA,0,3292891
relBp,0.07692307692307693,12,12,GGGAGCTTTCATTTAGTAAA,0,3267941
relBp,0.07692307692307693,12,12,GGCTCGTACCAGTTTCATGC,0,3275551
relBp,0.07692307692307693,12,12,GGCCGCACAGGTGCCGAACC,0,3268311
relBp,0.07692307692307693,12,12,GGCCAATGATGCAGGGCCTA,0,3265145
relBp,0.07692307692307693,12,12,GGCAGTGCTGAGATAGAACG,0,3300811
relBp,0.07692307692307693,12,12,GCTTCGCAATCAAACGACGA,0,3270532
relBp,0.07692307692307693,12,12,GCTCTAACGAGAGGGAAGTG,0,3259986
relBp,0.07692307692307693,12,12,GCTCGACGCCATTGTCCCGA,0,3295355
relBp,0.07692307692307693,12,12,GCTAGTAACTTCGGCGAACT,0,3265269
relBp,0.07692307692307693,12,12,GCTAGATTCATAGCATCCGA,0,3270400
relBp,0.07692307692307693,12,12,GCTAATTACTAGGAAAGCAT,0,3261984
relBp,0.07692307692307693,12,12,GCTAAAGGATCCGAGGGATA,0,3270571
relBp,0.07692307692307693,12,12,GCGAATCTAGTCCTGAGAGT,0,3278497
relBp,0.07692307692307693,12,12,GCCGTGTCTTTATAATTAAT,0,3267630
relBp,0.07692307692307693,12,12,GCCCTCAGGACGTCGACGGC,0,3273178
relBp,0.07692307692307693,12,12,GCCCGGGCTGCCTCAATCTT,0,3269827
relBp,0.07692307692307693,12,12,GCCCGCCTAATTCGTACTTC,0,3289445
relBp,0.07692307692307693,12,12,GCCAAGGCCTATTGGGCTAA,0,3295820
relBp,0.07692307692307693,12,12,GCACGATTGAACCGTATCCT,0,3291592
relBp,0.07692307692307693,12,12,GATTTCCCGCTAACAGCTCG,0,3258942
relBp,0.07692307692307693,12,12,GATTCGTCCACTGTGGGACT,0,3288528
relBp,0.07692307692307693,12,12,GATTCCCGGGCTCCGTTAAT,0,3269789
relBp,0.07692307692307693,12,12,GAGGTTGGTTCACTTGGCAG,0,3299776
relBp,0.07692307692307693,12,12,GAGCTTTGACCGCTAGGAAC,0,3261860
relBp,0.07692307692307693,12,12,GACTGTATGACGGCATGGAC,0,3300079
relBp,0.07692307692307693,12,12,GACTCGACAGTTTTTACGAA,0,3260536
relBp,0.07692307692307693,12,12,GACTATTAGGTATTCCGGGT,0,3276259
relBp,0.07692307692307693,12,12,GACGCTTCATGGCCCAAGGA,0,3282031
relBp,0.07692307692307693,12,12,GACCTCCAGCCCATCGTTCC,0,3263751
relBp,0.07692307692307693,12,12,GACCGCGCCTGACTTCCCAG,0,3260794
relBp,0.07692307692307693,12,12,GACATTCGATAGGGATATCT,0,3259194
relBp,0.07692307692307693,12,12,GAACTTGGGGAGCAGTGTAT,0,3271489
relBp,0.07692307692307693,12,12,GAACATCTTGCGGGTGTTAT,0,3292152
relBp,0.07692307692307693,12,12,GAAACCCTTAGTAAACCAGC,0,3256629
relBp,0.07692307692307693,12,12,CTTGATCACTCCCGGCTCTT,0,3303267
relBp,0.07692307692307693,12,12,CTTCCGCCGTTCTCTAGCGG,0,3267803
relBp,0.07692307692307693,12,12,CTTATGATTATCTTGAGGAG,0,3290633
relBp,0.07692307692307693,12,12,CTGGCTCAATCAATCACGAA,0,3291002
relBp,0.07692307692307693,12,12,CTGCTATCTGCAGATTGTGA,0,3279487
relBp,0.07692307692307693,12,12,CTGCGTACGGACAGATAGGC,0,3257689
relBp,0.07692307692307693,12,12,CTGCACATTCCCACATCCTC,0,3305498
relBp,0.07692307692307693,12,12,CTCACATCGCGGGACTATGA,0,3273868
relBp,0.07692307692307693,12,12,CTATGCCATTATGTGATCCA,0,3299390
relBp,0.07692307692307693,12,12,CTATCACGTCATGTTTTGAA,0,3268477
relBp,0.07692307692307693,12,12,CTAGTCAGGACTTACTCTCA,0,3279056
relBp,0.07692307692307693,12,12,CTACTGAGGAATCGGCCCCC,0,3277070
relBp,0.07692307692307693,12,12,CTACCCCTATTAGTTGAACG,0,3303691
relBp,0.07692307692307693,12,12,CGTTCCACGGTATATAAACT,0,3266765
relBp,0.07692307692307693,12,12,CGTGGTCCGCTCGACTTGCA,0,3296525
relBp,0.07692307692307693,12,12,CGTCGGGCAGCCACAGGTCG,0,3260803
relBp,0.07692307692307693,12,12,CGTACTACCAGCAATGCAAA,0,3286134
relBp,0.07692307692307693,12,12,CGGTCTTTGCCGAACTGTCA,0,3283346
relBp,0.07692307692307693,12,12,CGCTGTATCAATTCGCTACT,0,3280953
relBp,0.07692307692307693,12,12,CGCGTGCCAATTCGCGACGT,0,3261331
relBp,0.07692307692307693,12,12,CGCGTATGGCACTCACAGGT,0,3284879
relBp,0.07692307692307693,12,12,CGCCGGTTGCTAGTATCACA,0,3262182
relBp,0.07692307692307693,12,12,CGCCAGGACTCCACGCGGTT,0,3259166
relBp,0.07692307692307693,12,12,CGCCAAAATGAGGGTTAGGG,0,3296527
relBp,0.07692307692307693,12,12,CGCAGGGACGCAGTATCCAT,0,3302410
relBp,0.07692307692307693,12,12,CGATACCCCCGGAAGACCAA,0,3278485
relBp,0.07692307692307693,12,12,CGACCTGTTTAGAGAATAAT,0,3282613
relBp,0.07692307692307693,12,12,CGAAACACATGCCGGGCTAG,0,3282349
relBp,0.07692307692307693,12,12,CCTGATGAAAGTCGGCGGCT,0,3260840
relBp,0.07692307692307693,12,12,CCTCCTACGTCCACGTTCCC,0,3305597
relBp,0.07692307692307693,12,12,CCGTAGACGGCACTTGCGGC,0,3282632
relBp,0.07692307692307693,12,12,CCGCTATCCTTTCGTCCCGC,0,3258814
relBp,0.07692307692307693,12,12,CCGACAACAGCGCGTGGTTA,0,3276993
relBp,0.07692307692307693,12,12,CCGAATGGCCAAATTATGCC,0,3257456
relBp,0.07692307692307693,12,12,CCCTTCATTGAAACTTTTTT,0,3274297
relBp,0.07692307692307693,12,12,CCAGTTCGTGCAAAGTAAAG,0,3271890
relBp,0.07692307692307693,12,12,CCACGAGAGCCCGTATAGTG,0,3273963
relBp,0.07692307692307693,12,12,CCACCCCGCCATTCTAGCGT,0,3287883
relBp,0.07692307692307693,12,12,CAGTTTGAGGCCCCCGCAGG,0,3288864
relBp,0.07692307692307693,12,12,CAGTCCAAGTGCAGCCTGTG,0,3267541
relBp,0.07692307692307693,12,12,CAGCGGAGGCCTGGCTTACA,0,3270776
relBp,0.07692307692307693,12,12,CACTGTATAACTGCCCTCTC,0,3263433
relBp,0.07692307692307693,12,12,CACGTAAGGACGGGTCAGCA,0,3268424
relBp,0.07692307692307693,12,12,CACATTAGTGCTCCACCTTA,0,3287843
relBp,0.07692307692307693,12,12,CAATGACATTCGACAAGTCT,0,3259121
relBp,0.07692307692307693,12,12,ATTTTAGACCCTCCTAGACA,0,3294457
relBp,0.07692307692307693,12,12,ATTTATTGGGATGGTAAGAC,0,3278964
relBp,0.07692307692307693,12,12,ATTGAGTGCGATACACACGC,0,3285428
relBp,0.07692307692307693,12,12,ATGTGATTGTAGCGTTATTT,0,3272344
relBp,0.07692307692307693,12,12,ATGGATCCCGGAGTGCGGAA,0,3292050
relBp,0.07692307692307693,12,12,ATGGACTCGCCGCTGTAAAA,0,3282081
relBp,0.07692307692307693,12,12,ATGCTCATCTCCTCCAGAGT,0,3287324
relBp,0.07692307692307693,12,12,ATCGCAGTTGAGGCCCTGTT,0,3272514
relBp,0.07692307692307693,12,12,ATCCGGGTCCATTAAAGAAG,0,3301822
relBp,0.07692307692307693,12,12,ATAGGACGTACGATCAAGAC,0,3294588
relBp,0.07692307692307693,12,12,ATAAACGATACAAGAGGGTT,0,3276765
relBp,0.07692307692307693,12,12,AGTTTATCTTTAAAGAACTC,0,3277466
relBp,0.07692307692307693,12,12,AGTGCCTAGGCTGCACTAAC,0,3296122
relBp,0.07692307692307693,12,12,AGTACATCCTACGGGTCTGA,0,3278606
relBp,0.07692307692307693,12,12,AGGTTGGTCCACGAAAGCGA,0,3265425
relBp,0.07692307692307693,12,12,AGGTTAGTGTCTCTGGTTGA,0,3257181
relBp,0.07692307692307693,12,12,AGGTTAACTTGTAATTGGAG,0,3260919
relBp,0.07692307692307693,12,12,AGGTGTTACTATAGAAGTGT,0,3271326
relBp,0.07692307692307693,12,12,AGGTGCGAGAACTGTCGGAG,0,3270077
relBp,0.07692307692307693,12,12,AGGTCTTATCTGTTGACGCA,0,3264152
relBp,0.07692307692307693,12,12,AGGGGGCCTCATTGCTCTGT,0,3264010
relBp,0.07692307692307693,12,12,AGGGCGATTGCGGGGTACGC,0,3270268
relBp,0.07692307692307693,12,12,AGGATGGGACATGGAAATAG,0,3285008
relBp,0.07692307692307693,12,12,AGGACTGAAATATGAATGTC,0,3299696
relBp,0.07692307692307693,12,12,AGCGGGATAGAACGGAAGGT,0,3295616
relBp,0.07692307692307693,12,12,AGCCTACGGCTCCTGGGTCC,0,3299927
relBp,0.07692307692307693,12,12,AGCCGCTGCCGCGTGAACCT,0,3289067
relBp,0.07692307692307693,12,12,AGCCCCTTCGCACCAATAGG,0,3282967
relBp,0.07692307692307693,12,12,AGATGTATACACCGCGACTA,0,3266700
relBp,0.07692307692307693,12,12,AGACAAAAAGACCAATAATG,0,3272274
relBp,0.07692307692307693,12,12,AGAATTAGACATTTAAGACG,0,3292367
relBp,0.07692307692307693,12,12,AGAAGTTGAACGAGCCCATT,0,3271889
relBp,0.07692307692307693,12,12,ACTTATTGAGGTCACTCAAG,0,3293777
relBp,0.07692307692307693,12,12,ACTTAACTGCCCTTCCTTCT,0,3296557
relBp,0.07692307692307693,12,12,ACTGTTATGTAACACCAGTC,0,3286141
relBp,0.07692307692307693,12,12,ACTGCAAGTCTCATCCTTGG,0,3259342
relBp,0.07692307692307693,12,12,ACTCCGAATGCATTGGTGAT,0,3278587
relBp,0.07692307692307693,12,12,ACTAATTGCGAACGCATAGT,0,3278660
relBp,0.07692307692307693,12,12,ACGGATATGATGAACAACAC,0,3282036
relBp,0.07692307692307693,12,12,ACGCGAACTTGCCTTCCAAT,0,3260568
relBp,0.07692307692307693,12,12,ACGACCCAGACAATATGTTG,0,3296828
relBp,0.07692307692307693,12,12,ACCGGCCGGGCATCCACACA,0,3290499
relBp,0.07692307692307693,12,12,ACCCGGTTTCGGTGCTGCGG,0,3273369
relBp,0.07692307692307693,12,12,ACATTTAACTAAGGCATCAA,0,3301017
relBp,0.07692307692307693,12,12,ACATGACCGAAGTCTGAACG,0,3291877
relBp,0.07692307692307693,12,12,ACAGCTCAAGACCGCTACAC,0,3306644
relBp,0.07692307692307693,12,12,ACAGACGACAAGGGCTTGTA,0,3282699
relBp,0.07692307692307693,12,12,ACACCCTTGACGTCTTACGT,0,3266252
relBp,0.07692307692307693,12,12,AATTGACACCAAGAGGTTAC,0,3272403
relBp,0.07692307692307693,12,12,AATTCGGGGTTAAGAACGCA,0,3287517
relBp,0.07692307692307693,12,12,AATCTTTCGAAGGCGGACTT,0,3280405
relBp,0.07692307692307693,12,12,AATAGTGGACTGGATTGGCC,0,3296486
relBp,0.07692307692307693,12,12,AAGTCATAGGCCTTGGAAGT,0,3284977
relBp,0.07692307692307693,12,12,AAGGGAACATTAAAGACGCA,0,3269752
relBp,0.07692307692307693,12,12,AAGGCTTAGGTACTAAATTC,0,3289761
relBp,0.07692307692307693,12,12,AAGCGGTCGTTTAACATGGA,0,3274374
relBp,0.07692307692307693,12,12,AAGACAGTGACCCTAAAGGG,0,3308291
relBp,0.07692307692307693,12,12,AACGCGCGAGGGCTCGAAGT,0,3298569
relBp,0.07692307692307693,12,12,AACGCACCGGCGCAGAATCT,0,3260604
relBp,0.07692307692307693,12,12,AACGATACGGTGTAGCGGGT,0,3280068
relBp,0.07692307692307693,12,12,AAATGCACATGGGTGGGGTG,0,3291552
relBp,0.07692307692307693,12,12,AAATCCCACTCCGGTCTCAC,0,3261692
relBp,0.07692307692307693,12,12,AAAGAACCCATTCAATCGCC,0,3262367
relBp,0.07692307692307693,12,12,AAACCATCCCCGCGTTCAAA,0,3306736
relBp,0.07692307692307693,12,12,AAAAGTCAAGAGAGTTGGTA,0,3294917
relBp,0.08333333333333333,11,11,TTTTTGTATCTGCGCGGTGT,0,3303054
relBp,0.08333333333333333,11,11,TTTTCATCAGCAGGATTTCG,0,3286804
relBp,0.08333333333333333,11,11,TTTGACCTCTCCTGCTCATC,0,3276874
relBp,0.08333333333333333,11,11,TTTCCATTACGTTTGCTTAC,0,3298075
relBp,0.08333333333333333,11,11,TTTAACTGGCTACACATATT,0,3291249
relBp,0.08333333333333333,11,11,TTGTTAACTGCATGGTGTTT,0,3293870
relBp,0.08333333333333333,11,11,TTGGGAAATGTCGTTTAACA,0,3306266
relBp,0.08333333333333333,11,11,TTGGATTCGCTTTGCAAGTC,0,3301164
relBp,0.08333333333333333,11,11,TTGCCCCGACAAGTATGTAG,0,3271411
relBp,0.08333333333333333,11,11,TTGCATGCGACCATTTGATT,0,3293690
relBp,0.08333333333333333,11,11,TTGCATAGATCCGCGCGGTT,0,3271445
relBp,0.08333333333333333,11,11,TTGAAGGAATCTGCTATCTA,0,3297505
relBp,0.08333333333333333,11,11,TTCTGCACGTCCTCGGCCCA,0,3272196
relBp,0.08333333333333333,11,11,TTCCTATGGACGGGGTCCCA,0,3267639
relBp,0.08333333333333333,11,11,TTATTGAGAGCTTAGGGGGT,0,3286815
relBp,0.08333333333333333,11,11,TTAGGCAATCAGAGTCCCCA,0,3284708
relBp,0.08333333333333333,11,11,TTAGAAATCAGTCAGCACCT,0,3264241
relBp,0.08333333333333333,11,11,TGTTGGGACCCATGTCGTCG,0,3274394
relBp,0.08333333333333333,11,11,TGTTATCTCTCACAAGCAAA,0,3300588
relBp,0.08333333333333333,11,11,TGTCTCCCCTAGCCGCTATT,0,3281718
relBp,0.08333333333333333,11,11,TGTCTCACCGCAACTTTCTA,0,3276847
relBp,0.08333333333333333,11,11,TGTATGTTGATTCTAGTAAA,0,3267007
relBp,0.08333333333333333,11,11,TGTATCTCGTGGTGGGCTCA,0,3277701
relBp,0.08333333333333333,11,11,TGTAGTGACGGGTGGTTCTT,0,3279738
relBp,0.08333333333333333,11,11,TGGTTGAACTAGGTAACAAG,0,3290317
relBp,0.08333333333333333,11,11,TGGGCGCAAGGGTCTGGCCC,0,3302648
relBp,0.08333333333333333,11,11,TGGCCTAGGGTCTTTTGGCC,0,3290281
relBp,0.08333333333333333,11,11,TGGCAACTATGGTTTGCCAT,0,3273317
relBp,0.08333333333333333,11,11,TGCCAGCTCACCAGATAGAT,0,3286234
relBp,0.08333333333333333,11,11,TGCACGAGTCCTTGAAGCTT,0,3303288
relBp,0.08333333333333333,11,11,TGATCCGCCGATATGACAAC,0,3289943
relBp,0.08333333333333333,11,11,TGATCAGTGCGCAACGACGT,0,3288489
relBp,0.08333333333333333,11,11,TGACGAGCACACGTGCTATA,0,3281326
relBp,0.08333333333333333,11,11,TGAATACCCGACTTACTGTA,0,3295540
relBp,0.08333333333333333,11,11,TCTTCTAGGATTGCATGTAC,0,3276327
relBp,0.08333333333333333,11,11,TCTACCCTAAGCGGGTCAAG,0,3265263
relBp,0.08333333333333333,11,11,TCGTTTCGGCCATCTTTTTT,0,3300527
relBp,0.08333333333333333,11,11,TCCTAGGCCCACCGACGTGT,0,3305614
relBp,0.08333333333333333,11,11,TCCCCCTTGCGGAAGATGCC,0,3304978
relBp,0.08333333333333333,11,11,TCCAATGAAATCTTATGTGA,0,3262516
relBp,0.08333333333333333,11,11,TCAGTTCGACGGATAAACTG,0,3264590
relBp,0.08333333333333333,11,11,TCAGTGCAAAGGAGCAGTCC,0,3282033
relBp,0.08333333333333333,11,11,TCAAGTTCCGGAAGCCAACG,0,3276460
relBp,0.08333333333333333,11,11,TATTGTGAGGCTATCGGCTA,0,3278044
relBp,0.08333333333333333,11,11,TATTCGAATTTATCCTTATT,0,3291852
relBp,0.08333333333333333,11,11,TATGGTAGAGCCACGAGGGT,0,3307531
relBp,0.08333333333333333,11,11,TATCACTGTTGGGCCGAGTT,0,3284163
relBp,0.08333333333333333,11,11,TAGCGGGACCAATTCGGCTT,0,3269247
relBp,0.08333333333333333,11,11,TAGCAGCCCAAGGCGCACGA,0,3274387
relBp,0.08333333333333333,11,11,TAGATGTTGGGAACTTTTTA,0,3262387
relBp,0.08333333333333333,11,11,TAGATCCGCATAATCTCTCG,0,3304800
relBp,0.08333333333333333,11,11,TAGAGACACAGCGCTTATTT,0,3284682
relBp,0.08333333333333333,11,11,TAGAAAGCAGGCTTAACCAT,0,3305224
relBp,0.08333333333333333,11,11,TACTCGTGCATGATGTAGGT,0,3281589
relBp,0.08333333333333333,11,11,TACGGAGGAAGCGTCGGTGC,0,3304324
relBp,0.08333333333333333,11,11,TACATTCATTCGGGCGCGGC,0,3272349
relBp,0.08333333333333333,11,11,TAACATTAAAATCTGCCAGT,0,3258102
relBp,0.08333333333333333,11,11,TAACACGGCGCTTATGTGTG,0,3272334
relBp,0.08333333333333333,11,11,TAACAACCTGGGATGTAGAG,0,3288981
relBp,0.08333333333333333,11,11,TAAAGTGTAGTCAGGTTCCA,0,3263321
relBp,0.08333333333333333,11,11,TAAAAATTTGCCTGCATCAA,0,3256108
relBp,0.08333333333333333,11,11,GTTTCGGTTGTGTTGTAGGG,0,3264234
relBp,0.08333333333333333,11,11,GTTGGGACGTGAATACCGCT,0,3293784
relBp,0.08333333333333333,11,11,GTTCCGCACAAACCTTGGTT,0,3278781
relBp,0.08333333333333333,11,11,GTTATCCGCGCGGCTCATCT,0,3273400
relBp,0.08333333333333333,11,11,GTGGGTGTTAGCAAAGGAGT,0,3296918
relBp,0.08333333333333333,11,11,GTGGGTCTCAAGTAGTTGGC,0,3279204
relBp,0.08333333333333333,11,11,GTCTTTCCGGAAGCCATCCC,0,3285411
relBp,0.08333333333333333,11,11,GTCTACAGAGAGGTCGAGAA,0,3279306
relBp,0.08333333333333333,11,11,GTCGTATAATGTAAATATGC,0,3259972
relBp,0.08333333333333333,11,11,GTCGTACAATATAGAAATAC,0,3261938
relBp,0.08333333333333333,11,11,GTCGGTAATCGAATCTCCTC,0,3294742
relBp,0.08333333333333333,11,11,GTCGCGGCAAGATTTCTTGT,0,3288843
relBp,0.08333333333333333,11,11,GTCATGATGTAAGGACGCGA,0,3268712
relBp,0.08333333333333333,11,11,GTATTGTGTTCGGGTGTTGT,0,3261864
relBp,0.08333333333333333,11,11,GTAGGTTCAGCGTTCTACAC,0,3258310
relBp,0.08333333333333333,11,11,GTAGCTGCAAAAAGGTCGAT,0,3277270
relBp,0.08333333333333333,11,11,GGTGTGGACTCAGACCTTTT,0,3286084
relBp,0.08333333333333333,11,11,GGTGGCTATCGCCTGATCGA,0,3293957
relBp,0.08333333333333333,11,11,GGTAGAGGCGCAGGAACACT,0,3259790
relBp,0.08333333333333333,11,11,GGTAAGCAGTTTATGCACGC,0,3296601
relBp,0.08333333333333333,11,11,GGGTGCCAAAGTGTGGATAC,0,3278012
relBp,0.08333333333333333,11,11,GGGTAGCCTGATGGTTTGAT,0,3278495
relBp,0.08333333333333333,11,11,GGGTACGGCTCTAACCACGA,0,3258632
relBp,0.08333333333333333,11,11,GGGTACCACTAAATCCCATG,0,3263794
relBp,0.08333333333333333,11,11,GGGGAGCGGCTACGGTAGGG,0,3258169
relBp,0.08333333333333333,11,11,GGGCATTCTCTGCAACGAGG,0,3296960
relBp,0.08333333333333333,11,11,GGCTCTAACGATTTGGGGCG,0,3288417
relBp,0.08333333333333333,11,11,GGCGTTGTATTTGGACCATA,0,3259564
relBp,0.08333333333333333,11,11,GGCCTTATGCTCCCTACACA,0,3272587
relBp,0.08333333333333333,11,11,GGCAGGAGTGATAAGTGCCA,0,3272114
relBp,0.08333333333333333,11,11,GGCAACGCGCACACAGTAAC,0,3269252
relBp,0.08333333333333333,11,11,GGAGAAAACGGGAAAATATA,0,3294224
relBp,0.08333333333333333,11,11,GGACCGCTGCGAGGGGTGCA,0,3272261
relBp,0.08333333333333333,11,11,GGAAGGGAGGTCACCCGGCT,0,3271591
relBp,0.08333333333333333,11,11,GGAAAGTGAACAGTGGATCA,0,3275986
relBp,0.08333333333333333,11,11,GCTTTGGTTGTAATTGATAT,0,3282830
relBp,0.08333333333333333,11,11,GCTTTCTCAACTTCAGCTAG,0,3275342
relBp,0.08333333333333333,11,11,GCTTATTAATCCTCGGGATT,0,3274402
relBp,0.08333333333333333,11,11,GCTTAAAAATGCTGCATTTA,0,3294736
relBp,0.08333333333333333,11,11,GCTACAACATTAATCTATAA,0,3284553
relBp,0.08333333333333333,11,11,GCGTTGGCGCATGACAAACT,0,3297392
relBp,0.08333333333333333,11,11,GCGTCGTAAACCTGGTGTTG,0,3264030
relBp,0.08333333333333333,11,11,GCGTATCGTAGTGAATGGCG,0,3265283
relBp,0.08333333333333333,11,11,GCGGCTTGATACTCGTAATC,0,3278608
relBp,0.08333333333333333,11,11,GCGCGGAGCGCAGCATAAGA,0,3271197
relBp,0.08333333333333333,11,11,GCGCCTGAATAAGGTTACGC,0,3307808
relBp,0.08333333333333333,11,11,GCGCACTGAGGCCGCCTTTT,0,3286627
relBp,0.08333333333333333,11,11,GCCTTTGTGTGGATATAAAA,0,3283648
relBp,0.08333333333333333,11,11,GCCTTACCGAGTTCCTTGAG,0,3285083
relBp,0.08333333333333333,11,11,GCCCGGGAGGGTGGAATGTG,0,3268153
relBp,0.08333333333333333,11,11,GCCATAAGCTCGGTCGCTGT,0,3261035
relBp,0.08333333333333333,11,11,GCATTTTGTGTCTTCAGACT,0,3289308
relBp,0.08333333333333333,11,11,GCAGGTAATTCCATTCGCGT,0,3256801
relBp,0.08333333333333333,11,11,GATTATCGCATCGATTGTCT,0,3260180
relBp,0.08333333333333333,11,11,GATCGTATGGAACAGTTCCC,0,3278331
relBp,0.08333333333333333,11,11,GATCCGAACATACGGTGATG,0,3260911
relBp,0.08333333333333333,11,11,GATCCAAGTTCACCTATTCA,0,3289536
relBp,0.08333333333333333,11,11,GAGTTATTATAGTGTTTCGC,0,3300695
relBp,0.08333333333333333,11,11,GAGGTGTAGTAGGCCAGATA,0,3281318
relBp,0.08333333333333333,11,11,GAGGGTCCTATGTAGACATG,0,3295546
relBp,0.08333333333333333,11,11,GAGGGCTTAGGAATTATCGT,0,3268171
relBp,0.08333333333333333,11,11,GAGGCTAGAACTAATTAAGG,0,3307422
relBp,0.08333333333333333,11,11,GAGCTCTTTTCGATAACGGA,0,3288647
relBp,0.08333333333333333,11,11,GACGTCTATATCCTCGAAGC,0,3284216
relBp,0.08333333333333333,11,11,GACCCGACGTTGGGTCAGAT,0,3291416
relBp,0.08333333333333333,11,11,GACCAGTCTTCTGTGAATTT,0,3258035
relBp,0.08333333333333333,11,11,GACAGAGTCAGATCAAAGGC,0,3285410
relBp,0.08333333333333333,11,11,GAATCGCCAACACCGTGTCT,0,3282027
relBp,0.08333333333333333,11,11,GAATCATCAGTATTCGAGCA,0,3288892
relBp,0.08333333333333333,11,11,GAATAGGTGATCATTCTGAG,0,3280596
relBp,0.08333333333333333,11,11,GAAGAGGATCTGGAGGCTAC,0,3280817
relBp,0.08333333333333333,11,11,GAACTATAAGGTGGCTACCA,0,3260841
relBp,0.08333333333333333,11,11,CTTGTCCGTTTGTGTACCAG,0,3281170
relBp,0.08333333333333333,11,11,CTTCGACCAGCTTGATCATC,0,3302613
relBp,0.08333333333333333,11,11,CTGGAGCGAATGATGTATGC,0,3277058
relBp,0.08333333333333333,11,11,CTGCCGGTAGACGTTCAGCG,0,3284498
relBp,0.08333333333333333,11,11,CTGCCCCTAGGAAGGCATTC,0,3278870
relBp,0.08333333333333333,11,11,CTGAGAGCTAGGATTCCTAT,0,3285816
relBp,0.08333333333333333,11,11,CTGACCGGAGTACTGGCTCA,0,3294797
relBp,0.08333333333333333,11,11,CTCGCTTTAATTCTCAGAGG,0,3269263
relBp,0.08333333333333333,11,11,CTCCCCCGTGGCCGATTATA,0,3297543
relBp,0.08333333333333333,11,11,CTCATCGTAGTGGCATGGTT,0,3265100
relBp,0.08333333333333333,11,11,CTCATAAGACTCCGTGGACG,0,3306728
relBp,0.08333333333333333,11,11,CTATCGTGAGATGGGTGGGT,0,3282703
relBp,0.08333333333333333,11,11,CTAAGACTTTCTAGAGAGGT,0,3302313
relBp,0.08333333333333333,11,11,CGTGGGGAGTGGTTATACTT,0,3284273
relBp,0.08333333333333333,11,11,CGTCTGTCAAGTCCGGCGAT,0,3307491
relBp,0.08333333333333333,11,11,CGGGTGTACTCCTTGACCCA,0,3258536
relBp,0.08333333333333333,11,11,CGGCGCTAATGGCGATCAAC,0,3261093
relBp,0.08333333333333333,11,11,CGGCACCGGTCTCAATGTTG,0,3280853
relBp,0.08333333333333333,11,11,CGGACAGTAGAGGCTCGCAT,0,3259187
relBp,0.08333333333333333,11,11,CGCGCACACATAATGGGGAC,0,3288183
relBp,0.08333333333333333,11,11,CGCGATGTAATATCGATTGT,0,3300860
relBp,0.08333333333333333,11,11,CGCCAGGTGTAGATCATTTA,0,3293958
relBp,0.08333333333333333,11,11,CGCATGAATCTCACAAGATG,0,3269966
relBp,0.08333333333333333,11,11,CGCATCCGCTCGCATGATGG,0,3268361
relBp,0.08333333333333333,11,11,CGAGTGTGGCCCTAAGGGCT,0,3268191
relBp,0.08333333333333333,11,11,CGAGCTGAGTACGCTATGAA,0,3285504
relBp,0.08333333333333333,11,11,CGACGCTGGCTGGCCCGTGA,0,3297798
relBp,0.08333333333333333,11,11,CGAAGAATAGAGCACCTTTC,0,3271660
relBp,0.08333333333333333,11,11,CGAACAATGGCGGATCAAGA,0,3301110
relBp,0.08333333333333333,11,11,CCTGGCAACAAATGGCTGAC,0,3286110
relBp,0.08333333333333333,11,11,CCTGATGTGCAAACAATCCT,0,3301890
relBp,0.08333333333333333,11,11,CCTAGTATGATAGATGGGGA,0,3260297
relBp,0.08333333333333333,11,11,CCGTGGAAGCCGGTTTCTTC,0,3270896
relBp,0.08333333333333333,11,11,CCGTGCATCTGCTGAAAGGT,0,3295536
relBp,0.08333333333333333,11,11,CCGAGGCTTACGGGTACGTG,0,3286528
relBp,0.08333333333333333,11,11,CCCTTGTGATGGGGAGAGAG,0,3283605
relBp,0.08333333333333333,11,11,CCCTCCAGATCGTTCCAAGC,0,3290085
relBp,0.08333333333333333,11,11,CCCGTCTGCAGCGTACGAAC,0,3266482
relBp,0.08333333333333333,11,11,CCCGACTAGAGGGTGGCTCT,0,3284638
relBp,0.08333333333333333,11,11,CCCCGCTCTTTTGACTTGCT,0,3271417
relBp,0.08333333333333333,11,11,CCCCCGATCATGCGCAGATC,0,3257998
relBp,0.08333333333333333,11,11,CCCATATTAGGCCCGTCAAC,0,3279155
relBp,0.08333333333333333,11,11,CCCACTGTTAAGCGTCTTGG,0,3269364
relBp,0.08333333333333333,11,11,CCAGTGACATTACGAGTCCA,0,3290498
relBp,0.08333333333333333,11,11,CCACGCGGGGCTAGGGCACG,0,3285923
relBp,0.08333333333333333,11,11,CCACCCGACCTATGACTAAC,0,3271155
relBp,0.08333333333333333,11,11,CCAATTTAGGTATGGGTGAG,0,3260211
relBp,0.08333333333333333,11,11,CCAAATCGATTAGCAAGGTC,0,3281350
relBp,0.08333333333333333,11,11,CATGCCTGCGGACAAGCTCA,0,3261712
relBp,0.08333333333333333,11,11,CATCGACTTCAGGCGGCCCC,0,3300097
relBp,0.08333333333333333,11,11,CATATCATTGGACATTACCT,0,3270579
relBp,0.08333333333333333,11,11,CAGTTCCATCTTGGTAATTT,0,3280356
relBp,0.08333333333333333,11,11,CAGTGTCACTCGGAGTATCC,0,3288076
relBp,0.08333333333333333,11,11,CAGTAATTAAGGAATACAGT,0,3257897
relBp,0.08333333333333333,11,11,CAGGCTGGGCGCCTTCCATA,0,3278200
relBp,0.08333333333333333,11,11,CAGGCATGTATTGCAGCATG,0,3259971
relBp,0.08333333333333333,11,11,CAGCCTAGAGATATGGCAGC,0,3278651
relBp,0.08333333333333333,11,11,CAGCCGCCGAGGGTGGGATC,0,3290807
relBp,0.08333333333333333,11,11,CACGGCTCCTGCTTTGGCAT,0,3284431
relBp,0.08333333333333333,11,11,CACGCAGACAAGGCGGAATA,0,3283254
relBp,0.08333333333333333,11,11,CAATTTCAAGATATCTTGAC,0,3285681
relBp,0.08333333333333333,11,11,CAAGTCCTGATCTTTTTGGG,0,3259222
relBp,0.08333333333333333,11,11,CAAGGGATAATAGCCCGATT,0,3262349
relBp,0.08333333333333333,11,11,CAACTACCGTCTTGAATTAA,0,3270017
relBp,0.08333333333333333,11,11,CAACAAGTCAGTTACGCGAG,0,3270640
relBp,0.08333333333333333,11,11,CAAAACAAGACAACACCTAT,0,3275196
relBp,0.08333333333333333,11,11,ATTTGGGAATTTTTTTGCGT,0,3280661
relBp,0.08333333333333333,11,11,ATGTGGCAGATGCACACGAC,0,3282543
relBp,0.08333333333333333,11,11,ATGTCGTCTGTATAGCCTGC,0,3292565
relBp,0.08333333333333333,11,11,ATGTCCCCGTTCTACAACCC,0,3264031
relBp,0.08333333333333333,11,11,ATGCCGTAAAGTGTTATTAC,0,3293421
relBp,0.08333333333333333,11,11,ATGCCGAGTCTGTACGTGAT,0,3278058
relBp,0.08333333333333333,11,11,ATGCCCTAGCGTCCGTCGAG,0,3257755
relBp,0.08333333333333333,11,11,ATGCCCCTAAGGCAGCCTGG,0,3273984
relBp,0.08333333333333333,11,11,ATGATGTTGTTGACCCCCCC,0,3257312
relBp,0.08333333333333333,11,11,ATGAGGGTGTCACCTCTTTG,0,3307714
relBp,0.08333333333333333,11,11,ATGAATGAGCGCCCTTGTAT,0,3307830
relBp,0.08333333333333333,11,11,ATCTTAAGAGGAACAGGCGC,0,3270698
relBp,0.08333333333333333,11,11,ATCGTTGCTATGAGTATGTG,0,3269305
relBp,0.08333333333333333,11,11,ATCGCAATCCAAGTCACCTA,0,3262256
relBp,0.08333333333333333,11,11,ATCAACAGTAATCCGAAGTT,0,3271693
relBp,0.08333333333333333,11,11,ATATTTTCGTGTGAGAATAG,0,3268397
relBp,0.08333333333333333,11,11,ATATGCGAGTGGGGTGATTT,0,3276699
relBp,0.08333333333333333,11,11,ATAGTGAAGACTCCGGGTAT,0,3273202
relBp,0.08333333333333333,11,11,ATAGCTGACTTCTGATCTCA,0,3304551
relBp,0.08333333333333333,11,11,ATAGCCAAAAGCCAATTAGA,0,3259499
relBp,0.08333333333333333,11,11,ATACGTATACAGGTCAACGT,0,3268639
relBp,0.08333333333333333,11,11,ATAAGCTCCGCTTGACAAAA,0,3290585
relBp,0.08333333333333333,11,11,ATAAACCCATAGATGTAACC,0,3287067
relBp,0.08333333333333333,11,11,AGTGTCAGACCTGGAATGAC,0,3291471
relBp,0.08333333333333333,11,11,AGTATCGGTCCCCACGCATT,0,3297350
relBp,0.08333333333333333,11,11,AGTATAAAATAACTCCAGTA,0,3277135
relBp,0.08333333333333333,11,11,AGGTTGTCCTCAAAATTCGA,0,3292421
relBp,0.08333333333333333,11,11,AGGTTAGTTCTATTTTTAGG,0,3282920
relBp,0.08333333333333333,11,11,AGGGGCCTAATGGCTGGAAT,0,3270500
relBp,0.08333333333333333,11,11,AGGGCGCCATCACAGGGTAC,0,3303825
relBp,0.08333333333333333,11,11,AGGCAACCGCAGCGAGGTAT,0,3266766
relBp,0.08333333333333333,11,11,AGGATAGGATATCGAGTCTC,0,3278665
relBp,0.08333333333333333,11,11,AGCTGATACTCGCGACGGGA,0,3279187
relBp,0.08333333333333333,11,11,AGCTCCACCGTGCGCGTTAC,0,3264936
relBp,0.08333333333333333,11,11,AGCGTTCTAAAAGACAAAGT,0,3284812
relBp,0.08333333333333333,11,11,AGCGATGCCATATACGTTCT,0,3302130
relBp,0.08333333333333333,11,11,AGCACTCATGCCAACGGACT,0,3298534
relBp,0.08333333333333333,11,11,AGCAATGAAACGGGGTTCAA,0,3297189
relBp,0.08333333333333333,11,11,AGATCTGGCAACAAATAGCA,0,3256136
relBp,0.08333333333333333,11,11,AGATCCCTGCGTCTCAATAA,0,3273768
relBp,0.08333333333333333,11,11,AGAGTGCCATTTCTCTTTTT,0,3265280
relBp,0.08333333333333333,11,11,AGAGGGATCTAGCACAAGCC,0,3284218
relBp,0.08333333333333333,11,11,AGACTGACGGTGGATGAAGA,0,3268928
relBp,0.08333333333333333,11,11,AGAATGGGATACGGACCCCA,0,3274009
relBp,0.08333333333333333,11,11,AGAAAGCCACGTCTTGGTCT,0,3260078
relBp,0.08333333333333333,11,11,ACTTCGTACCGAAACGAGTG,0,3261859
relBp,0.08333333333333333,11,11,ACTTCAGATCGCGCCGCGTG,0,3258761
relBp,0.08333333333333333,11,11,ACTTAAGTTACGTGCTAGCA,0,3274140
relBp,0.08333333333333333,11,11,ACTGGCCTGGTTCACGCCCG,0,3295124
relBp,0.08333333333333333,11,11,ACTCAAAGCGGATCCTTCAG,0,3302571
relBp,0.08333333333333333,11,11,ACTATTCATTAGGGATGGTC,0,3291626
relBp,0.08333333333333333,11,11,ACTAAGGGGTTCCCCACCAA,0,3263919
relBp,0.08333333333333333,11,11,ACTAACCGCTTGTTCTGACT,0,3260618
relBp,0.08333333333333333,11,11,ACGTTAAATAGAGTTTAATC,0,3256744
relBp,0.08333333333333333,11,11,ACGGTCGCGATTAGCGATGT,0,3278375
relBp,0.08333333333333333,11,11,ACGGTATTCGCATCTAATTC,0,3257666
relBp,0.08333333333333333,11,11,ACGGGGGTATAGGCTTACAG,0,3301530
relBp,0.08333333333333333,11,11,ACGCGCAAAGGCGCGTAGGG,0,3295017
relBp,0.08333333333333333,11,11,ACCGCTTAAGGACTCCTAGG,0,3286812
relBp,0.08333333333333333,11,11,ACCGAAAAGGCCGAAGGTTC,0,3295269
relBp,0.08333333333333333,11,11,ACCAGCGCGCTGTGACGATG,0,3304234
relBp,0.08333333333333333,11,11,ACCACGTTCTCCTGCGTATA,0,3270646
relBp,0.08333333333333333,11,11,ACAGGCCCTCGATCGCGCTC,0,3272670
relBp,0.08333333333333333,11,11,AATTGGGGGTAGACTACGGA,0,3291173
relBp,0.08333333333333333,11,11,AATGAGGCCCGAATCGATCC,0,3279574
relBp,0.08333333333333333,11,11,AATCGTAAGCATGGTCTAGC,0,3260256
relBp,0.08333333333333333,11,11,AATATGAACAAAGCGTGTAG,0,3298971
relBp,0.08333333333333333,11,11,AAGTGGACTCGGTCTCTAAC,0,3260386
relBp,0.08333333333333333,11,11,AAGTCATAGTTTTAAAACAT,0,3304835
relBp,0.08333333333333333,11,11,AAGCACATGACTTCTTTGCG,0,3288920
relBp,0.08333333333333333,11,11,AAGACAATGGGTAGTCTACC,0,3267829
relBp,0.08333333333333333,11,11,AACTGGATGGTCCTGTTCGA,0,3267173
relBp,0.08333333333333333,11,11,AACTACAAGTACCGGTTTCC,0,3262118
relBp,0.08333333333333333,11,11,AAATTAATTATTCCTTGATC,0,3267313
relBp,0.08333333333333333,11,11,AAATGTGTTGTGATTATTTC,0,3304887
relBp,0.09090909090909091,10,10,TTTTTCCAATATTTCAATTT,0,3301098
relBp,0.09090909090909091,10,10,TTTTATCGGGTAGTTACCCG,0,3299161
relBp,0.09090909090909091,10,10,TTTTAAAGACTAGCATAATT,0,3289451
relBp,0.09090909090909091,10,10,TTTGGGTCCAACCATCGTGT,0,3256322
relBp,0.09090909090909091,10,10,TTTAGAGCTCAGAGTGTCCG,0,3267564
relBp,0.09090909090909091,10,10,TTTAGAGAGTGCATCGCTAA,0,3276745
relBp,0.09090909090909091,10,10,TTGGACATTAGCGACTTGCG,0,3291913
relBp,0.09090909090909091,10,10,TTGGACAGGAGCACATCACG,0,3298853
relBp,0.09090909090909091,10,10,TTGCTGCGGCTTGGCATGAG,0,3274762
relBp,0.09090909090909091,10,10,TTGCCAGAGAATCACGCGGA,0,3283993
relBp,0.09090909090909091,10,10,TTGCCAAATCACCGGTTTGG,0,3285304
relBp,0.09090909090909091,10,10,TTGATAAGCGAGTTAGTACA,0,3260137
relBp,0.09090909090909091,10,10,TTGAGGGAAGATGCCGCCTA,0,3273429
relBp,0.09090909090909091,10,10,TTCTTTCTAGTCAGGATTAG,0,3290187
relBp,0.09090909090909091,10,10,TTCATCCTTACCGGGTTCCA,0,3263736
relBp,0.09090909090909091,10,10,TTAGGACTCTATTGAAAGTA,0,3299439
relBp,0.09090909090909091,10,10,TTACTTCAGCCCGGCATGAT,0,3260276
relBp,0.09090909090909091,10,10,TTACAACAAGAGTTATTATG,0,3286784
relBp,0.09090909090909091,10,10,TTAAGATTATTTCCGGCCAG,0,3285511
relBp,0.09090909090909091,10,10,TGTTTCGGGCAGGAGACTCA,0,3269818
relBp,0.09090909090909091,10,10,TGTTCTGCTGAAGTAATGCT,0,3294424
relBp,0.09090909090909091,10,10,TGTGCTGGGCACTGAGCATT,0,3256864
relBp,0.09090909090909091,10,10,TGGTACCCAGGTTCGTGACG,0,3299275
relBp,0.09090909090909091,10,10,TGGGGTTAATTTATTCCAGC,0,3289289
relBp,0.09090909090909091,10,10,TGGGCTTATAGTGAGGCGAG,0,3289079
relBp,0.09090909090909091,10,10,TGGGACATTGAAATGCCGAA,0,3280489
relBp,0.09090909090909091,10,10,TGGACCCGACCTGGGTCAAG,0,3261884
relBp,0.09090909090909091,10,10,TGCGAAACCTATGCACAGAG,0,3290241
relBp,0.09090909090909091,10,10,TGCCGTATACAGCACCCTAT,0,3273496
relBp,0.09090909090909091,10,10,TGCCGAAGGGTGAACTGTAG,0,3288382
relBp,0.09090909090909091,10,10,TGCCAGATTTGAATGGAGAC,0,3276328
relBp,0.09090909090909091,10,10,TGAGACAGCATGGCTCTCAA,0,3273423
relBp,0.09090909090909091,10,10,TGACGAAATCCTGACAAGAG,0,3256653
relBp,0.09090909090909091,10,10,TGACATCCACTGGAGAAGCC,0,3301132
relBp,0.09090909090909091,10,10,TGAATTTGGTAGCGACAATA,0,3299677
relBp,0.09090909090909091,10,10,TGAAGATCCATTTTCGTCGG,0,3304039
relBp,0.09090909090909091,10,10,TGAAGAAAGATGGTGGACGG,0,3289146
relBp,0.09090909090909091,10,10,TGAAAATTGAGCAGCGGTGA,0,3275015
relBp,0.09090909090909091,10,10,TCTTTGCAACGGGGCCAGGT,0,3264426
relBp,0.09090909090909091,10,10,TCTTATGAGATGCTCATGGA,0,3297876
relBp,0.09090909090909091,10,10,TCTTATAGGTAATAAAATTG,0,3294075
relBp,0.09090909090909091,10,10,TCTATCATCGATAAGTTAAT,0,3275787
relBp,0.09090909090909091,10,10,TCTACAGCGTTAACTTGGCT,0,3298121
relBp,0.09090909090909091,10,10,TCGTTCGTGCCTGTCACGGT,0,3264630
relBp,0.09090909090909091,10,10,TCGTGAGTTCAGATAAGCTC,0,3258843
relBp,0.09090909090909091,10,10,TCGTCCGGGCAAGCCGATCT,0,3295317
relBp,0.09090909090909091,10,10,TCGTCATAGGGTCCTATGTC,0,3275832
relBp,0.09090909090909091,10,10,TCGTCACTCTAGCTCCTAAT,0,3269189
relBp,0.09090909090909091,10,10,TCGTATTCTCATCAGTAATA,0,3256336
relBp,0.09090909090909091,10,10,TCGGTTCAGAATCTTGTCGT,0,3296158
relBp,0.09090909090909091,10,10,TCGGGAGATATCGTGTCCGT,0,3300096
relBp,0.09090909090909091,10,10,TCGGATATACGCTCAGAAGA,0,3275307
relBp,0.09090909090909091,10,10,TCGGAACCTGGGCGGATCAT,0,3258389
relBp,0.09090909090909091,10,10,TCCTTTCTTAGCTAACGAGT,0,3297351
relBp,0.09090909090909091,10,10,TCCTACAGCTCTTTCTTAAT,0,3262848
relBp,0.09090909090909091,10,10,TCCGTAATCGCCGTTAGACA,0,3271520
relBp,0.09090909090909091,10,10,TCCGGGCGAATTCCACCAAG,0,3257285
relBp,0.09090909090909091,10,10,TCCCTCCCACTTATGGTCAT,0,3297047
relBp,0.09090909090909091,10,10,TCCCATATTAAGTACGTCAT,0,3301446
relBp,0.09090909090909091,10,10,TCCATATTCACCTCCCTGAA,0,3303559
relBp,0.09090909090909091,10,10,TCATTCGACCCGGTGTCATT,0,3270625
relBp,0.09090909090909091,10,10,TCATGTAATCAGCGTCCTGG,0,3265735
relBp,0.09090909090909091,10,10,TCATGGTTGGCGTCGATAGT,0,3287961
relBp,0.09090909090909091,10,10,TCAGTTCTGGAAAAATGAAG,0,3288626
relBp,0.09090909090909091,10,10,TCAGCCAGGCCACCCATTTC,0,3279653
relBp,0.09090909090909091,10,10,TCAATCATCAGCTCGGCGAT,0,3286203
relBp,0.09090909090909091,10,10,TCAAGCCCGATCCCAATCTG,0,3258802
relBp,0.09090909090909091,10,10,TCAAAGATTAGTGCGTGCCA,0,3267394
relBp,0.09090909090909091,10,10,TATCTAGCAGGAGAAGTTAT,0,3284845
relBp,0.09090909090909091,10,10,TATCAATGTTTCCATTGAAA,0,3287506
relBp,0.09090909090909091,10,10,TATATGAGTCTGAAGACTAG,0,3294251
relBp,0.09090909090909091,10,10,TATATATTCTCTTGATTCAT,0,3279473
relBp,0.09090909090909091,10,10,TATAGATCTGCTGGAGCACT,0,3266859
relBp,0.09090909090909091,10,10,TAGGGTGTGCGCGACCGGTC,0,3276236
relBp,0.09090909090909091,10,10,TAGACTTTTGGACCTATGGC,0,3282041
relBp,0.09090909090909091,10,10,TACGCACTCACGGTATTTTG,0,3290329
relBp,0.09090909090909091,10,10,TACCGAGCAAAAACCGGTGT,0,3267740
relBp,0.09090909090909091,10,10,TACAGTGGACGCGTTCATCA,0,3288235
relBp,0.09090909090909091,10,10,TAAGTAATGATAGTCCGAGT,0,3277154
relBp,0.09090909090909091,10,10,TAAAGAGTCTTGAGAAGCCT,0,3301480
relBp,0.09090909090909091,10,10,GTTTTTATCAGACTTGTGGC,0,3272601
relBp,0.09090909090909091,10,10,GTTGGACCATGAAGTAATCA,0,3289198
relBp,0.09090909090909091,10,10,GTTCGGGCCTAAGCAACCGT,0,3274601
relBp,0.09090909090909091,10,10,GTTCGACTCCTTATCGTCTT,0,3300723
relBp,0.09090909090909091,10,10,GTTCAGTCACTCGGCCGTGT,0,3285427
relBp,0.09090909090909091,10,10,GTTATTTCGTCGCGTCGCCA,0,3300598
relBp,0.09090909090909091,10,10,GTGTGGGCAGTAAACCCGAC,0,3270524
relBp,0.09090909090909091,10,10,GTGGGGAGCACGGAAGGAAT,0,3284801
relBp,0.09090909090909091,10,10,GTGGCTGCGGTGAACTGTAG,0,3293476
relBp,0.09090909090909091,10,10,GTGCACGGGAGAATGCCGAC,0,3285881
relBp,0.09090909090909091,10,10,GTCTCGGGCATCTTGGCGGA,0,3294174
relBp,0.09090909090909091,10,10,GTCTACCCTATCTCGAAACA,0,3286066
relBp,0.09090909090909091,10,10,GTCCGGATGAGGATGAAGCT,0,3296430
relBp,0.09090909090909091,10,10,GTCCGCCGCGGTCGGGGCCT,0,3278223
relBp,0.09090909090909091,10,10,GTCACGGGTCGGTACCTGAC,0,3270327
relBp,0.09090909090909091,10,10,GTATGGGGGCTAACAAACGT,0,3278978
relBp,0.09090909090909091,10,10,GTATAAGCACATTCGCAGCA,0,3291716
relBp,0.09090909090909091,10,10,GTAGATAAGGGTGAACTTGG,0,3301348
relBp,0.09090909090909091,10,10,GTAGACTTCAGGCTTTCCAT,0,3303728
relBp,0.09090909090909091,10,10,GTAGACTCGGAATTTAGCGG,0,3289339
relBp,0.09090909090909091,10,10,GTAAGTGTTCCGGGATAGGC,0,3273690
relBp,0.09090909090909091,10,10,GTAAACACCAGATAAAGTAA,0,3284649
relBp,0.09090909090909091,10,10,GGTTTGGCAGCCAGATCGTC,0,3286173
relBp,0.09090909090909091,10,10,GGTCTCTAGCGGCTATAGAT,0,3263569
relBp,0.09090909090909091,10,10,GGTATCAACACGGTAATAGA,0,3256990
relBp,0.09090909090909091,10,10,GGGTGGACAGCTCTGTATAC,0,3273398
relBp,0.09090909090909091,10,10,GGGTGCAGAGGGTCGCACAT,0,3256805
relBp,0.09090909090909091,10,10,GGGTGAAAGGCGGGCACCAT,0,3304616
relBp,0.09090909090909091,10,10,GGGGTAGGGTTCTATAAAGA,0,3269442
relBp,0.09090909090909091,10,10,GGGCGAGTCCCCCTCCGCAA,0,3296454
relBp,0.09090909090909091,10,10,GGCTCAAATAGCCCTACGTT,0,3286925
relBp,0.09090909090909091,10,10,GGCCGGGGCTTCCCAAGTCA,0,3279558
relBp,0.09090909090909091,10,10,GGCCAATCCGTCCCATTCCG,0,3307025
relBp,0.09090909090909091,10,10,GGCATAAGAGTCATGTCAGA,0,3266262
relBp,0.09090909090909091,10,10,GGCAGTCTGCGACGCTTCAC,0,3284460
relBp,0.09090909090909091,10,10,GGCAACATACGGTTCATAGA,0,3268048
relBp,0.09090909090909091,10,10,GGATTTCACGTAGTGATTAC,0,3275383
relBp,0.09090909090909091,10,10,GGATTACTGGCCGCTCTGTA,0,3295997
relBp,0.09090909090909091,10,10,GGATGGTCGATAGGTCATAG,0,3273666
relBp,0.09090909090909091,10,10,GGATAGAATGGAGTACGAGG,0,3301186
relBp,0.09090909090909091,10,10,GGACGGGTGGTTCACTCAGA,0,3274161
relBp,0.09090909090909091,10,10,GGAATTCAGCCTCACGGCCC,0,3285561
relBp,0.09090909090909091,10,10,GGAATCTAGTTAGGATTCAG,0,3256978
relBp,0.09090909090909091,10,10,GGAATAAGTCGAAAGAGTAT,0,3257962
relBp,0.09090909090909091,10,10,GCTTCTTGGAACGGTGATAT,0,3258063
relBp,0.09090909090909091,10,10,GCTGGTTAGTAATCAATTCG,0,3295267
relBp,0.09090909090909091,10,10,GCGGTAAGCAATCATTTGAA,0,3273566
relBp,0.09090909090909091,10,10,GCGGCAACCATGCGAAACAT,0,3289726
relBp,0.09090909090909091,10,10,GCGGAAGCGATGGAGGGAGC,0,3305916
relBp,0.09090909090909091,10,10,GCGCTCGGTCAGCGACCTGA,0,3265016
relBp,0.09090909090909091,10,10,GCGCGGCTAGCGGCAATATG,0,3296255
relBp,0.09090909090909091,10,10,GCGCAGCGCAACGGGATCAC,0,3256470
relBp,0.09090909090909091,10,10,GCCTCAGGGCCTCCGTAATC,0,3290299
relBp,0.09090909090909091,10,10,GCCTAGTAGTTGTTGACTGA,0,3289551
relBp,0.09090909090909091,10,10,GCCGTCGTTTCCATTACCCT,0,3306010
relBp,0.09090909090909091,10,10,GCCGCCTAGCACAGTTGGAA,0,3298752
relBp,0.09090909090909091,10,10,GCCGATGTGCACCGTAGATG,0,3284157
relBp,0.09090909090909091,10,10,GCATTCCCAGTGGCATGGTA,0,3290989
relBp,0.09090909090909091,10,10,GCAGGGGGTTCGGTCGCGAT,0,3271028
relBp,0.09090909090909091,10,10,GCACTGTAGTGGCAAAGACG,0,3256891
relBp,0.09090909090909091,10,10,GCACTCTAAAAGTCCTAGGA,0,3271944
relBp,0.09090909090909091,10,10,GCACCGAATTACCTAACTTA,0,3297456
relBp,0.09090909090909091,10,10,GCACAGTCCTGCACTGCAAC,0,3264651
relBp,0.09090909090909091,10,10,GCAACCGGGCAGTCGCCATT,0,3293475
relBp,0.09090909090909091,10,10,GCAACAGGCCTATTCTTGAT,0,3286262
relBp,0.09090909090909091,10,10,GATTTAAAGTGAGATCCAGA,0,3268051
relBp,0.09090909090909091,10,10,GATGTCCACTCCCGTGCTCG,0,3272398
relBp,0.09090909090909091,10,10,GATCGTATCAATCAAATCGG,0,3303687
relBp,0.09090909090909091,10,10,GATACTGAACATGGACCGGT,0,3292643
relBp,0.09090909090909091,10,10,GAGTAAACATTCCAGCCTAT,0,3267602
relBp,0.09090909090909091,10,10,GAGGACGCGGTGGGCAGGTT,0,3269650
relBp,0.09090909090909091,10,10,GAGCGGGATGATCACATCAT,0,3293873
relBp,0.09090909090909091,10,10,GAGCGACGGTGGGATCCCCA,0,3292898
relBp,0.09090909090909091,10,10,GAGCCTGATAGTGCATGGAA,0,3260346
relBp,0.09090909090909091,10,10,GACTGTAAGATGTGGCGACT,0,3289970
relBp,0.09090909090909091,10,10,GACTGGGGTTTAAGAATAAG,0,3286342
relBp,0.09090909090909091,10,10,GACTCTTGGGGTGTCTGGCT,0,3263301
relBp,0.09090909090909091,10,10,GACGTATAACCAACAAGGAT,0,3270766
relBp,0.09090909090909091,10,10,GACGCGCACCTCCTGCTAGG,0,3286462
relBp,0.09090909090909091,10,10,GACGCCGGGGGCATCTCACG,0,3286312
relBp,0.09090909090909091,10,10,GACCACCAGCGGTTATAACC,0,3280086
relBp,0.09090909090909091,10,10,GACAATCGTTAACGTAAGGA,0,3285818
relBp,0.09090909090909091,10,10,GACAACCTAGAAACCTCTCG,0,3260455
relBp,0.09090909090909091,10,10,GAAGAATATGAAGAGATCGC,0,3305994
relBp,0.09090909090909091,10,10,CTTTAGCGTCTCGATCTAGC,0,3303669
relBp,0.09090909090909091,10,10,CTTGTATTCTGTTGGATCGC,0,3285339
relBp,0.09090909090909091,10,10,CTTGGCGCGCGTTAGCTTGC,0,3291602
relBp,0.09090909090909091,10,10,CTTGCTAGCCTTAGGGAACA,0,3260138
relBp,0.09090909090909091,10,10,CTTGACATCACATCAAGCTG,0,3296636
relBp,0.09090909090909091,10,10,CTTCCAGGGGCGTTGCATGT,0,3284336
relBp,0.09090909090909091,10,10,CTTAGACTTACGCGCGAGTT,0,3292726
relBp,0.09090909090909091,10,10,CTGTGACATATTGTGGAAGA,0,3279627
relBp,0.09090909090909091,10,10,CTGGTGCATGGTCACGGCAT,0,3288684
relBp,0.09090909090909091,10,10,CTGATTGTCCAGCACACTGA,0,3298925
relBp,0.09090909090909091,10,10,CTGAACTCTCGGTGGGAAGT,0,3286564
relBp,0.09090909090909091,10,10,CTCTTCTATACTTGTTCGTT,0,3305993
relBp,0.09090909090909091,10,10,CTCGTAAGGAAGTTGATCAC,0,3293473
relBp,0.09090909090909091,10,10,CTCCTTGCGGACTCTTGTCG,0,3277791
relBp,0.09090909090909091,10,10,CTCCGGCCATTCAAAATTGC,0,3269377
relBp,0.09090909090909091,10,10,CTCATTTCAGGTACTTGTAT,0,3282662
relBp,0.09090909090909091,10,10,CTCATGCGCCCTGTTGGATA,0,3283570
relBp,0.09090909090909091,10,10,CTCATAACAGATAGCCCTTT,0,3299181
relBp,0.09090909090909091,10,10,CTCAGAAGAATCCACAGTGA,0,3261227
relBp,0.09090909090909091,10,10,CTCAAGCACGCGATGCCGCA,0,3256618
relBp,0.09090909090909091,10,10,CTATTAGAATGTTGCAAGTT,0,3281935
relBp,0.09090909090909091,10,10,CTAGCTATATTGTGGAGTAA,0,3288934
relBp,0.09090909090909091,10,10,CTACCATATATATGTGTCAT,0,3261438
relBp,0.09090909090909091,10,10,CGTTACCGAGGTTCCTACCA,0,3271453
relBp,0.09090909090909091,10,10,CGTGGACAGTCTGCCGTGTG,0,3290763
relBp,0.09090909090909091,10,10,CGTCTATGAACGCCCAAGTT,0,3296728
relBp,0.09090909090909091,10,10,CGTAGTCTCCCCGATCGAGT,0,3257138
relBp,0.09090909090909091,10,10,CGTAGCGCAACCATATCGGG,0,3273034
relBp,0.09090909090909091,10,10,CGTAATCTCCCGTATCTCCT,0,3258826
relBp,0.09090909090909091,10,10,CGGTCTTACCACCGAACAGA,0,3262524
relBp,0.09090909090909091,10,10,CGGTATTGGCCATTGGAACA,0,3308116
relBp,0.09090909090909091,10,10,CGGCTATGGGACGTAAGCTA,0,3290612
relBp,0.09090909090909091,10,10,CGGAGAGCACCCTGCCTGTA,0,3273028
relBp,0.09090909090909091,10,10,CGCTCGATGAGAATGACGGT,0,3260780
relBp,0.09090909090909091,10,10,CGCGGGCGGCAAGAGTTCCT,0,3266290
relBp,0.09090909090909091,10,10,CGCGGACACGAGATCAGCTG,0,3292744
relBp,0.09090909090909091,10,10,CGCGCTGATGCCTAAAATCA,0,3276505
relBp,0.09090909090909091,10,10,CGCGACCAGCACCCCGCCAC,0,3280820
relBp,0.09090909090909091,10,10,CGCCGAGTATTCCAGCTCGA,0,3306509
relBp,0.09090909090909091,10,10,CGCCAAGATTACATCGTGTG,0,3258927
relBp,0.09090909090909091,10,10,CGCATGCGCGCCTATGGAAT,0,3291125
relBp,0.09090909090909091,10,10,CGATCTAAAATGAGTAAGAT,0,3278449
relBp,0.09090909090909091,10,10,CGATCGATCGTAACCATAAC,0,3305221
relBp,0.09090909090909091,10,10,CGAGAGTGCCTGGCGAACAA,0,3290581
relBp,0.09090909090909091,10,10,CGAGAGGGCATGTCGTAACC,0,3270313
relBp,0.09090909090909091,10,10,CGAGAAGCCACAATGGCGGA,0,3293941
relBp,0.09090909090909091,10,10,CGAAAAACCGACTTAATATC,0,3274738
relBp,0.09090909090909091,10,10,CCTGATCTCCACTATGTGTC,0,3282964
relBp,0.09090909090909091,10,10,CCTCGGTAATTACATAAGAA,0,3307999
relBp,0.09090909090909091,10,10,CCTATTGGCAATCGGCTGAT,0,3256360
relBp,0.09090909090909091,10,10,CCTACAGGAGTCGGAACATA,0,3295915
relBp,0.09090909090909091,10,10,CCGTTACAGTGCACGTCATA,0,3274832
relBp,0.09090909090909091,10,10,CCGTCCTTATCCAGGGTGAT,0,3291614
relBp,0.09090909090909091,10,10,CCGTAGTCGGCCGCACGCGG,0,3300384
relBp,0.09090909090909091,10,10,CCGCTCACGAGCTAAGGAGC,0,3268305
relBp,0.09090909090909091,10,10,CCCTTGCAATCCCTGTACAC,0,3305736
relBp,0.09090909090909091,10,10,CCCCTTATTGGAGCCTGCAT,0,3279715
relBp,0.09090909090909091,10,10,CCCCGGGAGGCTCCTTGTGT,0,3286636
relBp,0.09090909090909091,10,10,CCATGTTTCCCACCGCATTT,0,3288851
relBp,0.09090909090909091,10,10,CCATCTTTTCCGCCGGTCGA,0,3294644
relBp,0.09090909090909091,10,10,CCAGTTCGTGGATCGGCCGG,0,3282147
relBp,0.09090909090909091,10,10,CCAGCTGTCGGAACACGACT,0,3269521
relBp,0.09090909090909091,10,10,CCAGCCATTGATATTGTCGG,0,3275938
relBp,0.09090909090909091,10,10,CCACGTGGTCAGTTAGGCTG,0,3294595
relBp,0.09090909090909091,10,10,CCACCGTCGGTCAGTGGCTA,0,3292378
relBp,0.09090909090909091,10,10,CATCTCCATGTATTTTTGCT,0,3304263
relBp,0.09090909090909091,10,10,CATCGGACGTGTCGGAGGCC,0,3299211
relBp,0.09090909090909091,10,10,CATCATATCTGGGATGTACA,0,3263329
relBp,0.09090909090909091,10,10,CAGGGTTCGCACAGACTGAG,0,3257173
relBp,0.09090909090909091,10,10,CAGGCTAGGCCTTTACTCTT,0,3294510
relBp,0.09090909090909091,10,10,CAGGCCTCTTCCGGGTAGCG,0,3271395
relBp,0.09090909090909091,10,10,CAGCTATTGGAACGAATGAA,0,3269504
relBp,0.09090909090909091,10,10,CAGCGTCCTGTTGGTGAACA,0,3291645
relBp,0.09090909090909091,10,10,CAGATTAAATGCGTTCAAAC,0,3286683
relBp,0.09090909090909091,10,10,CAGAATGCTCGGATATGGGA,0,3277576
relBp,0.09090909090909091,10,10,CAGAAGTGATTGAGGATTAT,0,3265144
relBp,0.09090909090909091,10,10,CACGCTATCTGTCCATCGTG,0,3271386
relBp,0.09090909090909091,10,10,CACCAAGCCACAAATACTTA,0,3276412
relBp,0.09090909090909091,10,10,CACATGCAGCGCCTGATATA,0,3271367
relBp,0.09090909090909091,10,10,CAAGGCCAGTATAACGGGTC,0,3305512
relBp,0.09090909090909091,10,10,CAAGGCACCGACGTAAGGAT,0,3276496
relBp,0.09090909090909091,10,10,CAAACTCTCGGTACTCCGGA,0,3262421
relBp,0.09090909090909091,10,10,ATTCGTCACTTTCACGTAAT,0,3268355
relBp,0.09090909090909091,10,10,ATTCGGGTCCCTCACAATCA,0,3263965
relBp,0.09090909090909091,10,10,ATTATTAGTACCTAGCTGGA,0,3273358
relBp,0.09090909090909091,10,10,ATTAAGCTCATGTTCTCGCC,0,3287800
relBp,0.09090909090909091,10,10,ATTAAATGCGCCCGCACGTA,0,3285210
relBp,0.09090909090909091,10,10,ATGGCCACGACCTGAATTCC,0,3264825
relBp,0.09090909090909091,10,10,ATGGACCAAATCTTGTTGCG,0,3285674
relBp,0.09090909090909091,10,10,ATGCCAAGCCCCATCCATCT,0,3274022
relBp,0.09090909090909091,10,10,ATGAAGTTAACACAGGAGGA,0,3279311
relBp,0.09090909090909091,10,10,ATCTACGATCTGTGGCTACC,0,3262100
relBp,0.09090909090909091,10,10,ATCTAAGCTGGGTTAGCGCT,0,3281209
relBp,0.09090909090909091,10,10,ATCGGGGATCTGCTCGGGTT,0,3288426
relBp,0.09090909090909091,10,10,ATCGATCCCCACACTTAATA,0,3299578
relBp,0.09090909090909091,10,10,ATATCTGTCCGCAGTTTCCA,0,3278404
relBp,0.09090909090909091,10,10,ATAGGACTGAGGGCTGGAAC,0,3292333
relBp,0.09090909090909091,10,10,ATAGAGAACTATTGCGAGGC,0,3261138
relBp,0.09090909090909091,10,10,ATACCTCGAATTTAGAGGTA,0,3304874
relBp,0.09090909090909091,10,10,ATAATCGGGGTCGTCTGACG,0,3281361
relBp,0.09090909090909091,10,10,AGTTTCTCCATGTGTATAGT,0,3282515
relBp,0.09090909090909091,10,10,AGTTGAGGAATCACAGCGGC,0,3273950
relBp,0.09090909090909091,10,10,AGTTCGAACAGTTTACGCTT,0,3285474
relBp,0.09090909090909091,10,10,AGTGAGAGCCAACACCTTTT,0,3298862
relBp,0.09090909090909091,10,10,AGTAGGGTAATACGATGAAG,0,3301935
relBp,0.09090909090909091,10,10,AGTACACGCGGGGCGGTTCG,0,3261225
relBp,0.09090909090909091,10,10,AGGTCTTACAGATGTAGTGT,0,3292530
relBp,0.09090909090909091,10,10,AGGGGTTCCGCATTTCAGGC,0,3280504
relBp,0.09090909090909091,10,10,AGGGAACATTTACGTACGCA,0,3308001
relBp,0.09090909090909091,10,10,AGCTGTACGGTTGGCAAACG,0,3283906
relBp,0.09090909090909091,10,10,AGCTCGAATAAGTACATGGA,0,3269253
relBp,0.09090909090909091,10,10,AGCGTGCTTGCTGCTGGGCT,0,3269959
relBp,0.09090909090909091,10,10,AGCGCAGGGCTAAAGTTTCG,0,3269861
relBp,0.09090909090909091,10,10,AGCCACGGGTGTCGGCGTGC,0,3296549
relBp,0.09090909090909091,10,10,AGAGGTATAATGTCTACCCC,0,3268506
relBp,0.09090909090909091,10,10,AGAGGGGTTCTTAATAGGTC,0,3274922
relBp,0.09090909090909091,10,10,AGAGATGTTCTTGTTGGCGA,0,3307280
relBp,0.09090909090909091,10,10,AGAAGACCTAAGAAGCGTGG,0,3258986
relBp,0.09090909090909091,10,10,ACTTGCCCCCGCATCATGAA,0,3267949
relBp,0.09090909090909091,10,10,ACTGCAGGATAAGAACACAA,0,3305159
relBp,0.09090909090909091,10,10,ACTCAGCTTGCGGGTAATAT,0,3275697
relBp,0.09090909090909091,10,10,ACTACGGGGACGGTGCCATT,0,3263127
relBp,0.09090909090909091,10,10,ACGTTCGAATCTTGACGCCG,0,3261640
relBp,0.09090909090909091,10,10,ACGTCTGAATACGCATGAAT,0,3288505
relBp,0.09090909090909091,10,10,ACGTCACCTCCCCCGGTCTG,0,3260382
relBp,0.09090909090909091,10,10,ACGCGTCCAAATGAGGTCAC,0,3294874
relBp,0.09090909090909091,10,10,ACGATGTACAGTGGGAGAGC,0,3274331
relBp,0.09090909090909091,10,10,ACGAGGGATTCCATCCATGA,0,3271373
relBp,0.09090909090909091,10,10,ACCGGCCAACCGGTTAGCGC,0,3267309
relBp,0.09090909090909091,10,10,ACCGCAAAATATTGGCACTG,0,3256236
relBp,0.09090909090909091,10,10,ACCCGCGAGGGCTGCCTTCA,0,3301967
relBp,0.09090909090909091,10,10,ACCCCAGTTATAGGTCAACC,0,3292670
relBp,0.09090909090909091,10,10,ACCAGTAGGGGATAAAGTGC,0,3274976
relBp,0.09090909090909091,10,10,ACACCTGCTCGGAGCGATCG,0,3269309
relBp,0.09090909090909091,10,10,ACAAGACCTCAGAATAAGTG,0,3281532
relBp,0.09090909090909091,10,10,AATTCTTAGGCTTGACCACA,0,3277086
relBp,0.09090909090909091,10,10,AATCTTGTAATAAGAGGGCA,0,3285275
relBp,0.09090909090909091,10,10,AATCGGTTCTGCTATCCAAG,0,3284115
relBp,0.09090909090909091,10,10,AATAGGCACGTTTTGTGGGT,0,3294107
relBp,0.09090909090909091,10,10,AAGTTCAACAGCGCCGTCAT,0,3271725
relBp,0.09090909090909091,10,10,AAGTGGACACATTCCAAGAA,0,3275123
relBp,0.09090909090909091,10,10,AAGTATTATAGCATCCTTGA,0,3267789
relBp,0.09090909090909091,10,10,AAGGCTTTCAACTGAAACAG,0,3286178
relBp,0.09090909090909091,10,10,AAGGCCGGCGGACCAGACGG,0,3276931
relBp,0.09090909090909091,10,10,AAGAAAATGATAGGGTACAA,0,3262193
relBp,0.09090909090909091,10,10,AACTGTTTAGCTCTTGTAGG,0,3262290
relBp,0.09090909090909091,10,10,AACCGCTAGAGTAATCCTGG,0,3290264
relBp,0.09090909090909091,10,10,AACAATTCTGGGGAATGAAT,0,3285432
relBp,0.09090909090909091,10,10,AAATCGTGAGTAACTCCGGA,0,3259407
relBp,0.09090909090909091,10,10,AAATAACGGCCTGTTTAGTT,0,3301024
relBp,0.09090909090909091,10,10,AAAGGCACCGTTTATTGTAT,0,3263085
relBp,0.09090909090909091,10,10,AAAGGAACTTAAGTGGGATT,0,3272594
relBp,0.09090909090909091,10,10,AAACGTTATAAATCCACTAA,0,3306414
relBp,0.09090909090909091,10,10,AAAAACTCTAAACGGCGGGG,0,3272018
relBp,0.1,9,9,TTTTCATAACGACCAGTGTT,0,3293552
relBp,0.1,9,9,TTTTATAGACGATATTTTGA,0,3267592
relBp,0.1,9,9,TTTTAGCCCCATGAAGTTGA,0,3294864
relBp,0.1,9,9,TTTGCGTTATGGGTCAGTTT,0,3259571
relBp,0.1,9,9,TTTGCCGACGTGGGAGGTAA,0,3258850
relBp,0.1,9,9,TTTGATGGACCTCGCACGTA,0,3306421
relBp,0.1,9,9,TTGCGTAGGATGCAGGTACC,0,3286732
relBp,0.1,9,9,TTGAAGGATTACAGATTCGT,0,3256415
relBp,0.1,9,9,TTCGGAGCACAGATACGAGG,0,3305522
relBp,0.1,9,9,TTCCCACGGAAGGGGCGTAA,0,3297107
relBp,0.1,9,9,TTCATCGGGGGGGCAATGGC,0,3279853
relBp,0.1,9,9,TTATGATCCCGAGGGTCCCT,0,3285611
relBp,0.1,9,9,TTAGGGCAGGGTTGACCAGT,0,3308473
relBp,0.1,9,9,TGTTCGGGTATATCACCGTT,0,3275945
relBp,0.1,9,9,TGTGCTCCGACAAAGCAGCA,0,3275304
relBp,0.1,9,9,TGTATTCTAATCCTGTTCGA,0,3301629
relBp,0.1,9,9,TGTAAATTCTGTAATTGTGT,0,3292249
relBp,0.1,9,9,TGGTTGCCAGAGGTTCGCTA,0,3284821
relBp,0.1,9,9,TGGTTGACAACTGAGTCTTT,0,3265651
relBp,0.1,9,9,TGGTGCCGTACCTGCGGAAC,0,3267341
relBp,0.1,9,9,TGGTCTCAATGTCCGAATGG,0,3261432
relBp,0.1,9,9,TGGGTTGAATTTGTGAGAAG,0,3300692
relBp,0.1,9,9,TGGGCGGACTGGCGCTGGCA,0,3272219
relBp,0.1,9,9,TGGCGTCCGTCTTGGCAGCC,0,3284582
relBp,0.1,9,9,TGGACTTGGTTCGGCTAGCG,0,3265146
relBp,0.1,9,9,TGCGCTACGAGGATGAGTCT,0,3265155
relBp,0.1,9,9,TGCGCACTGACCTACTGCGG,0,3289609
relBp,0.1,9,9,TGCGCAATTCCGGTGAGCAA,0,3268283
relBp,0.1,9,9,TGCGACCCGCGGGAGTCCTG,0,3266993
relBp,0.1,9,9,TGCCGTTCCGCAATGGCGAG,0,3260528
relBp,0.1,9,9,TGCCAGCGCGTACGAGAACG,0,3266405
relBp,0.1,9,9,TGCAGACTTTCAAGTGTATA,0,3273781
relBp,0.1,9,9,TGCACCTGATTCCGGGCGCG,0,3282495
relBp,0.1,9,9,TGATTTTCGGCCTACTATCG,0,3261475
relBp,0.1,9,9,TGAGTTACATGTTCGCCGAG,0,3277917
relBp,0.1,9,9,TCTTGTTTACCGTATTTCGT,0,3271402
relBp,0.1,9,9,TCTCTTAATTAGTTTGGGGC,0,3286169
relBp,0.1,9,9,TCTAGGGCAGGATCCAATCT,0,3259970
relBp,0.1,9,9,TCGTCTGCCGTCAGCCGCGC,0,3262561
relBp,0.1,9,9,TCGCTGAGAACTAGCTGTGC,0,3267533
relBp,0.1,9,9,TCGAGTGGGGAACAAGCCCC,0,3260595
relBp,0.1,9,9,TCGAAAACAAATCAATCAGA,0,3257330
relBp,0.1,9,9,TCCTCATCCCGCTGGTGAGC,0,3273295
relBp,0.1,9,9,TCCCGATAAGGAGCCACGCT,0,3286777
relBp,0.1,9,9,TCCATCGAGCTAACCCCGAC,0,3256341
relBp,0.1,9,9,TCACCTTGATATCCGCCATC,0,3272170
relBp,0.1,9,9,TCACCGGGCTACGATTTGCA,0,3261504
relBp,0.1,9,9,TCAATTATCTTTTAAAGGGT,0,3278097
relBp,0.1,9,9,TCAAGGCTACCCCTATTCAA,0,3292345
relBp,0.1,9,9,TCAACTCCGATACAAGAGTC,0,3284583
relBp,0.1,9,9,TCAACCCCTACTGTGGAACC,0,3256596
relBp,0.1,9,9,TATTTATTCGTGGTGGAGGT,0,3268511
relBp,0.1,9,9,TATTGGGGATCCTTTTTGTT,0,3279882
relBp,0.1,9,9,TATGGTTCTGATCCCACGTC,0,3280172
relBp,0.1,9,9,TATGGTATAGAGGTTCGCTA,0,3270829
relBp,0.1,9,9,TATGCGATTGTTTTGTCGTT,0,3275236
relBp,0.1,9,9,TATAGTAAAACATGGGGAGG,0,3288740
relBp,0.1,9,9,TATAATTGTGTTCTTGATTT,0,3298335
relBp,0.1,9,9,TAGGTAATGAACCAGCGTCT,0,3267502
relBp,0.1,9,9,TAGCCTCGTCGGACGGGAAA,0,3289130
relBp,0.1,9,9,TACGCTAGGATATACCTAAT,0,3262503
relBp,0.1,9,9,TACCTAGGAGTCCCCAAACC,0,3264036
relBp,0.1,9,9,TACCAGCGTAAGCGGCGATT,0,3280683
relBp,0.1,9,9,TAATGAAGTTTGCCAATGTG,0,3293964
relBp,0.1,9,9,TAACGAAACGTCAGCTCAAA,0,3298056
relBp,0.1,9,9,TAAATCCCGGGTTGTGCATT,0,3267154
relBp,0.1,9,9,TAAAGAGTCGGAACGCTTAC,0,3257268
relBp,0.1,9,9,TAAACGTTGTGTTCTGTTGG,0,3268993
relBp,0.1,9,9,TAAACGGGAACGGTACATCG,0,3271533
relBp,0.1,9,9,TAAAACGCCAGGATCGATTT,0,3284170
relBp,0.1,9,9,GTTCTTGCTTTTCCGTCGGT,0,3282078
relBp,0.1,9,9,GTTCTCCCGCCATATACGTG,0,3280248
relBp,0.1,9,9,GTTCGCTTTCCAATCCGTGT,0,3307423
relBp,0.1,9,9,GTTCGCGGGTGCGCGGGGTG,0,3276801
relBp,0.1,9,9,GTGTCAGACCATCCCATTAA,0,3307468
relBp,0.1,9,9,GTGGTCTAGGGAATCCCACG,0,3262380
relBp,0.1,9,9,GTGGCAATGTTGTAGGACAT,0,3262393
relBp,0.1,9,9,GTGCCGTACCTAGGAGAGTA,0,3291430
relBp,0.1,9,9,GTGCCAATTCCACTCAAAGG,0,3291983
relBp,0.1,9,9,GTGCAGCAGAACCTTCTGCG,0,3262878
relBp,0.1,9,9,GTGATTGCACAGTAGAAAAT,0,3278746
relBp,0.1,9,9,GTGACAAGACACGTATACAA,0,3291962
relBp,0.1,9,9,GTCTTGACTAGCGCATAAAA,0,3279417
relBp,0.1,9,9,GTCTTAACAGAAACGGATGT,0,3268040
relBp,0.1,9,9,GTCTGCGGCTACAGTTCAAG,0,3260621
relBp,0.1,9,9,GTCGGGTCCGATCGCGGTCC,0,3267496
relBp,0.1,9,9,GTCGAGCACGGCAGAAATCA,0,3283837
relBp,0.1,9,9,GTCAGTGTTTCTAATCGCGT,0,3307505
relBp,0.1,9,9,GTCAGGATGACTTACTACGA,0,3300467
relBp,0.1,9,9,GTCACTCGGAGGCGTCGCAA,0,3264667
relBp,0.1,9,9,GTATGATTAATGTCCGCAAT,0,3267255
relBp,0.1,9,9,GTAGGGATGGTACCTGGAGT,0,3267002
relBp,0.1,9,9,GTAGCATGCCACATCACTTA,0,3308739
relBp,0.1,9,9,GTACGACACTAGGTTCCCAA,0,3301473
relBp,0.1,9,9,GTACCTCTTAGACGGCGGTA,0,3276845
relBp,0.1,9,9,GGTTTCTCCGCGTCTCAAGA,0,3296839
relBp,0.1,9,9,GGTTAGTCCTGGGTCTGTTT,0,3266936
relBp,0.1,9,9,GGTTACTGTACTCCATTCGA,0,3276463
relBp,0.1,9,9,GGTGTTATCTTTAGGCCTTA,0,3279347
relBp,0.1,9,9,GGTGCTTGAGTAGCCCCTCA,0,3265835
relBp,0.1,9,9,GGTCGGCGACACAGCATGAA,0,3257602
relBp,0.1,9,9,GGTCCTCAGTACTTACCTTT,0,3267129
relBp,0.1,9,9,GGTACCGGTCTTACAAAAAG,0,3268778
relBp,0.1,9,9,GGTACAAGTGGCCGTACCGA,0,3260299
relBp,0.1,9,9,GGGTTCGTAGGACGAGGGGA,0,3292370
relBp,0.1,9,9,GGGTGCGCCCGGCGATGTTT,0,3306666
relBp,0.1,9,9,GGGTGAAGTAATTATCTGAG,0,3282038
relBp,0.1,9,9,GGGTCGTCAGCCCCGTGCAA,0,3279175
relBp,0.1,9,9,GGGTCGGGCCTCATTCAATT,0,3270005
relBp,0.1,9,9,GGGTCCTTGTTGTCTGGAAC,0,3296793
relBp,0.1,9,9,GGGTAGATGGGCACCTCAGT,0,3281173
relBp,0.1,9,9,GGGGCATATCAGATGGTCGT,0,3264448
relBp,0.1,9,9,GGGACGCCATACCATGTGGT,0,3259242
relBp,0.1,9,9,GGGAATCCGTGAGTCAAGTC,0,3272277
relBp,0.1,9,9,GGGAAAAGGACCGGATATTT,0,3258919
relBp,0.1,9,9,GGCGCTTGGATCATCCGCAA,0,3268575
relBp,0.1,9,9,GGCGATTAAACTATGTCGGG,0,3273940
relBp,0.1,9,9,GGCCGCTGACTCCATGCGTA,0,3268423
relBp,0.1,9,9,GGCAATACCGGGACCTAATC,0,3268352
relBp,0.1,9,9,GGAGGTCTCGCGCAAACGCA,0,3272336
relBp,0.1,9,9,GGAGGATCTGTCACAGTTAG,0,3277301
relBp,0.1,9,9,GGACCCTCTGCCCCACGGAT,0,3271562
relBp,0.1,9,9,GGAAAAAACTGACAGAAAGG,0,3259436
relBp,0.1,9,9,GCTTGGTTCGATCCCCCCCA,0,3282525
relBp,0.1,9,9,GCTTGGTACGTCAGGGGTCC,0,3285498
relBp,0.1,9,9,GCTTGGCACTAATATCACGT,0,3272400
relBp,0.1,9,9,GCTTCTGCGTGAGGGGTTGT,0,3290313
relBp,0.1,9,9,GCTTCCAACCTCTATGTCAC,0,3305207
relBp,0.1,9,9,GCTTAATATCGTCATGTCAC,0,3290582
relBp,0.1,9,9,GCTTAAGTAGCCGCGGGGGG,0,3286026
relBp,0.1,9,9,GCTGCGGTAATAGGTTCTGC,0,3256244
relBp,0.1,9,9,GCTGAGGCAAAAGGACGTGG,0,3288329
relBp,0.1,9,9,GCTGAGCTCCCGGCTGGGCA,0,3297081
relBp,0.1,9,9,GCTCTACTATTTTTGCTCAG,0,3275857
relBp,0.1,9,9,GCTCCCGCATAGCCAGCCCA,0,3262107
relBp,0.1,9,9,GCGACTGCGTTCTGAGAGGA,0,3267951
relBp,0.1,9,9,GCCTCGGATCCTTAAGACAA,0,3292132
relBp,0.1,9,9,GCCTAACAACAATCGGACGC,0,3264520
relBp,0.1,9,9,GCCGGCTCGGCTCTGTGATA,0,3264982
relBp,0.1,9,9,GCCGCCACTCCCATCTAGGC,0,3267414
relBp,0.1,9,9,GCCGAGCGACCGTTTTGGAT,0,3290740
relBp,0.1,9,9,GCCAGTTTAGCCAATACGGT,0,3257667
relBp,0.1,9,9,GCCAGTCCGTAACTGTTAGC,0,3275550
relBp,0.1,9,9,GCATGGTGTCTCGAGTAAAC,0,3281660
relBp,0.1,9,9,GCAGCCCGCTTTGCCGGTTC,0,3275845
relBp,0.1,9,9,GCACTATATTTGATAGAGTT,0,3304172
relBp,0.1,9,9,GCACCGGATTCCAGTCCAGG,0,3281057
relBp,0.1,9,9,GCAATTTGATGTAGTCGGGG,0,3261111
relBp,0.1,9,9,GATTTGAATACATCATTTTT,0,3293662
relBp,0.1,9,9,GATTGGTACCCATTCAGCGT,0,3297673
relBp,0.1,9,9,GATGCATTTCGGAATAGACT,0,3264600
relBp,0.1,9,9,GATCTCCTCTGGGAAACGCA,0,3297063
relBp,0.1,9,9,GATCGGCGACTCGATGGTTT,0,3296431
relBp,0.1,9,9,GATCGCCTACCCGACACCGG,0,3292425
relBp,0.1,9,9,GATATTTCTCGCGGCGAGTT,0,3290494
relBp,0.1,9,9,GATATTCTATTCGTGGACTG,0,3300111
relBp,0.1,9,9,GATATCTGCAGTTTGTTCTA,0,3264094
relBp,0.1,9,9,GAGTTGACAACCTCACTGGT,0,3280737
relBp,0.1,9,9,GAGATGGGGCAATTCTTATA,0,3277483
relBp,0.1,9,9,GACGTGTAAGCACCTGACGA,0,3275025
relBp,0.1,9,9,GACGTCTTAGTATGGTCACG,0,3274727
relBp,0.1,9,9,GACCCGCTGTATCCGAAAAT,0,3298376
relBp,0.1,9,9,GAATGCTTTTGCTGACGTGT,0,3268255
relBp,0.1,9,9,GAAGGACTCGTCTACGCACG,0,3280664
relBp,0.1,9,9,GAACTTACCATGTCTACGTT,0,3259199
relBp,0.1,9,9,GAACTAATGTATCATAGACG,0,3285671
relBp,0.1,9,9,GAAAGCTGCCGTCTTCCGCT,0,3285835
relBp,0.1,9,9,CTTTGTACAATATTACAAGT,0,3300389
relBp,0.1,9,9,CTTTGTAAACACTTGCACGA,0,3256265
relBp,0.1,9,9,CTTTGCGTACTCATAATAAC,0,3256788
relBp,0.1,9,9,CTTGGAGCAAAGCAAGGCGT,0,3280309
relBp,0.1,9,9,CTTCACTTCAATGAGTGTAT,0,3308202
relBp,0.1,9,9,CTTATATAGTGCATACTAAG,0,3280131
relBp,0.1,9,9,CTGTAAGAAATCATGCTATG,0,3268831
relBp,0.1,9,9,CTGCCGTGGTCATGCCCCTA,0,3256307
relBp,0.1,9,9,CTGCCATAGGCGATCTCAGG,0,3271960
relBp,0.1,9,9,CTGAGGGGCCTTCTACCTGA,0,3266511
relBp,0.1,9,9,CTCTCAGTTTTCAGCCGTGA,0,3292126
relBp,0.1,9,9,CTCCGACGAACTGAAGTGGC,0,3283099
relBp,0.1,9,9,CTCCACGGCCACGGGGACAA,0,3277560
relBp,0.1,9,9,CTCCAAAGCCGCTTGGTATG,0,3291217
relBp,0.1,9,9,CTATTCGGTGTGGGCTACCT,0,3301103
relBp,0.1,9,9,CTATATAGCTTCGGGTGGCA,0,3274327
relBp,0.1,9,9,CTATACACCCCGAGCACGGC,0,3285382
relBp,0.1,9,9,CTAGCTGCACAACCGCACTC,0,3284032
relBp,0.1,9,9,CTAGATGGAGTCCGTTACGA,0,3283658
relBp,0.1,9,9,CTACGGACACAATGGAAATG,0,3278922
relBp,0.1,9,9,CTACAGGCTACGTTACCATG,0,3261096
relBp,0.1,9,9,CTACACCAGACTGCTTGCCC,0,3261095
relBp,0.1,9,9,CTAATACGTAGTGTTAAAGT,0,3282961
relBp,0.1,9,9,CTAAGCTACGTTTAGCTCTC,0,3282554
relBp,0.1,9,9,CTAACTGTACATCTGCCCCT,0,3305222
relBp,0.1,9,9,CGTTTTTCGGGCCAACTGAC,0,3302850
relBp,0.1,9,9,CGTTGCATCTCGCCCCGCAT,0,3271260
relBp,0.1,9,9,CGTTAGCAGCTATGCCAAAG,0,3281012
relBp,0.1,9,9,CGTGAGTGTATCCGCGCGCT,0,3262484
relBp,0.1,9,9,CGTATGGGGGCTAACCAGTT,0,3295721
relBp,0.1,9,9,CGTACAGGTCTCATAACCAT,0,3307287
relBp,0.1,9,9,CGGTCGGGGAGGCGATTGCA,0,3295783
relBp,0.1,9,9,CGGACGTCGGTTCTGCACGT,0,3303566
relBp,0.1,9,9,CGCGATGTTTTTTGAACGTA,0,3302310
relBp,0.1,9,9,CGCCTTAAATCGTGCCACCC,0,3296789
relBp,0.1,9,9,CGCAGGCTTAGCATGTGCAC,0,3266924
relBp,0.1,9,9,CGCAGATCTTTTTTGATACG,0,3265983
relBp,0.1,9,9,CGCAGACGCAAATTAGTTAA,0,3297295
relBp,0.1,9,9,CGATATTGTTATACACATGG,0,3256834
relBp,0.1,9,9,CGATAAAAATAGGACCTCTC,0,3293484
relBp,0.1,9,9,CGAGTGTAGGAAAGTCCGAA,0,3273831
relBp,0.1,9,9,CGACGACGTCTACCGACGGT,0,3293407
relBp,0.1,9,9,CGAAAAGGCTATGGTTGATC,0,3290710
relBp,0.1,9,9,CCTTGTGCTTGGAGCATGAG,0,3270607
relBp,0.1,9,9,CCTGGTGTCGCCACGATACT,0,3266563
relBp,0.1,9,9,CCTGAATCACGGCTGGGGAC,0,3276673
relBp,0.1,9,9,CCTCTTCGCGATTCAGAGAT,0,3277872
relBp,0.1,9,9,CCTCCCGTACCCCTATAGTT,0,3267711
relBp,0.1,9,9,CCTAGTTTCTTATTCGGATG,0,3302592
relBp,0.1,9,9,CCTAGCATTAGCTCTCTAGT,0,3283536
relBp,0.1,9,9,CCGTTCCATCCGGTGCAACG,0,3284758
relBp,0.1,9,9,CCGTCTTGTTCAGTGGTTGC,0,3301634
relBp,0.1,9,9,CCGTATATGGTGGGACGGTA,0,3303847
relBp,0.1,9,9,CCGTAGGGTCTCGGGATGGT,0,3298347
relBp,0.1,9,9,CCGGCCTATCGCCGGGATGG,0,3284771
relBp,0.1,9,9,CCCTATCTTTAAGTGCTCAG,0,3278568
relBp,0.1,9,9,CCCGAGTTGCCTTCCCTAGT,0,3286202
relBp,0.1,9,9,CCCGAGATAATAAAGGTCAT,0,3259358
relBp,0.1,9,9,CCCCTGGTGCTTTGCCCCGG,0,3303693
relBp,0.1,9,9,CCCCCCGATTGCTGGGAGAT,0,3280184
relBp,0.1,9,9,CCCATTTAATACGTGGTACA,0,3293997
relBp,0.1,9,9,CCCATCTACCTTTCATACAG,0,3299172
relBp,0.1,9,9,CCATCCCAAATAGCGAAGAT,0,3273703
relBp,0.1,9,9,CCATATCTTACGTCTGCATA,0,3265356
relBp,0.1,9,9,CCATATCCCGAGAGGTTTGG,0,3258214
relBp,0.1,9,9,CCAGCTACGCAACTGGCGGT,0,3273656
relBp,0.1,9,9,CCAACGCTCGCTAGGTCCCG,0,3299246
relBp,0.1,9,9,CCAACATGCATACGACACGA,0,3272237
relBp,0.1,9,9,CCAACAGGCATTCACAACCG,0,3289383
relBp,0.1,9,9,CATCCTTCGATGCTATTTCG,0,3271966
relBp,0.1,9,9,CATATCTTCAGTAGAAGTAT,0,3279669
relBp,0.1,9,9,CATATACCGGGACGAAGGCT,0,3266847
relBp,0.1,9,9,CAGTGATTCAGTCGCGTCCC,0,3264707
relBp,0.1,9,9,CAGTCGATAGGTTATTACAG,0,3272043
relBp,0.1,9,9,CAGGCTTCGGGTGGTACAGA,0,3281693
relBp,0.1,9,9,CAGCGGTAACGTTCAGGGGG,0,3261791
relBp,0.1,9,9,CAGCGGCAGGCCGATCCTGA,0,3271085
relBp,0.1,9,9,CAGCATATGATATGACAATC,0,3267312
relBp,0.1,9,9,CAGCAGGAGCTTACGGTATG,0,3258962
relBp,0.1,9,9,CAGCAACAGTTTTACCTTCT,0,3293143
relBp,0.1,9,9,CAGATGTTCTAAAGGAGGAG,0,3256654
relBp,0.1,9,9,CAGATGGAAAGTTGAGAAAA,0,3287602
relBp,0.1,9,9,CACTTCTGGCGCCAAACTGC,0,3290441
relBp,0.1,9,9,CACTGCCCGGTTCGTACGGC,0,3275850
relBp,0.1,9,9,CACTCCTGCTGGCAAGTATG,0,3258764
relBp,0.1,9,9,CACGATACCATTTAGCCGTT,0,3290878
relBp,0.1,9,9,CACCTCGATTCAAGGCCGGC,0,3281265
relBp,0.1,9,9,CACCCGATGGCCCCCGAAGT,0,3263334
relBp,0.1,9,9,CACAGGGCTCACAAGGGTAC,0,3258831
relBp,0.1,9,9,CACACCGATGCCCTTGGGTA,0,3271868
relBp,0.1,9,9,CAAGCTCGAAGTTTTATGTG,0,3276356
relBp,0.1,9,9,CAAGAAAAATTAGTTTTCAC,0,3270882
relBp,0.1,9,9,CAAATACGTAAGCGCGGTCT,0,3301003
relBp,0.1,9,9,ATTTTGGTCTTATGCGAGTT,0,3285910
relBp,0.1,9,9,ATTTCGTCTAGTTTAGTGGA,0,3270399
relBp,0.1,9,9,ATTGTTACTACCCCTCAGTC,0,3268523
relBp,0.1,9,9,ATTGGTTGTCCACTCACGGA,0,3269472
relBp,0.1,9,9,ATTGGCGGTTGGGAGCACGT,0,3276458
relBp,0.1,9,9,ATTGGCAATGCCCTCTGTCT,0,3261856
relBp,0.1,9,9,ATTCGTCAGCCTTGGAGGAT,0,3271977
relBp,0.1,9,9,ATTCCCGCCGGAATGATGGG,0,3273280
relBp,0.1,9,9,ATTACCAAGATGTACGCACA,0,3258147
relBp,0.1,9,9,ATTAAGGGAGACCGCGTCGC,0,3260073
relBp,0.1,9,9,ATGTTGTCTTTGCGTTTTCA,0,3296183
relBp,0.1,9,9,ATGTAAGGGAAAGTGGTTTA,0,3292331
relBp,0.1,9,9,ATGGAGAGCTACTCCTGCCA,0,3268429
relBp,0.1,9,9,ATGCTTGAGCTCCGTTCTCT,0,3257428
relBp,0.1,9,9,ATGATTCCAGTATCAGCGAA,0,3260890
relBp,0.1,9,9,ATCTATGTATATGGGTTTGG,0,3259438
relBp,0.1,9,9,ATCGTGTAATTTTAGCAGAA,0,3263923
relBp,0.1,9,9,ATCGGAGCGTTCTTTCTGTC,0,3266309
relBp,0.1,9,9,ATCGCCTCGTGCCATGTATG,0,3293968
relBp,0.1,9,9,ATCCCTCATTGTTAGTGAGG,0,3281938
relBp,0.1,9,9,ATCCAGGTATAGCTTTGCCA,0,3259315
relBp,0.1,9,9,ATCCACGCGACTCGGATAGA,0,3268986
relBp,0.1,9,9,ATCATGCAGACAACGTGTTG,0,3258252
relBp,0.1,9,9,ATAGCGTGAGTCCCTCGCTA,0,3260306
relBp,0.1,9,9,ATAGAAAAGGGGTCCGTATG,0,3292658
relBp,0.1,9,9,ATAACCAACGTAAAGTGACG,0,3263943
relBp,0.1,9,9,ATAAATCGCGCCGGGTTGGC,0,3280377
relBp,0.1,9,9,AGTTTAGTACAAAAGGTAGT,0,3274505
relBp,0.1,9,9,AGTTGCTCTCTGAAGGGGAA,0,3294758
relBp,0.1,9,9,AGTGGAATAGAACGTAGCGT,0,3295917
relBp,0.1,9,9,AGTCGTGCGAGGTCTCCCGT,0,3257316
relBp,0.1,9,9,AGTATCCTATATGGTTTACT,0,3299841
relBp,0.1,9,9,AGTAGGTTAAATAGATTTTC,0,3265093
relBp,0.1,9,9,AGGTTATGGATTGTTACCTA,0,3276330
relBp,0.1,9,9,AGGTTAGTTCATGTCGGCGT,0,3273223
relBp,0.1,9,9,AGGTGCAGCGAGAGGCCCAC,0,3265147
relBp,0.1,9,9,AGGGGCGTTGATGTCCTCCA,0,3301529
relBp,0.1,9,9,AGGGCGTAAGACCACCTTGT,0,3276810
relBp,0.1,9,9,AGGGCAAATCCACAACCATG,0,3277632
relBp,0.1,9,9,AGGCTTCGACAGAACTACAG,0,3301664
relBp,0.1,9,9,AGGCTGCGGGGGAAGGACAA,0,3291182
relBp,0.1,9,9,AGGCGTTGGCGAGTTTCGTA,0,3285148
relBp,0.1,9,9,AGGCGAGGCGTCGCTTGAGT,0,3275027
relBp,0.1,9,9,AGGCCTTACACGCATAAGGA,0,3266631
relBp,0.1,9,9,AGGATGTGCGGAAACTGTTC,0,3268154
relBp,0.1,9,9,AGGATGACACGTTGCGTTCG,0,3283019
relBp,0.1,9,9,AGGATAGCTCGGCGCATCCG,0,3284239
relBp,0.1,9,9,AGCTTTTGACCGCTTTTTAG,0,3269541
relBp,0.1,9,9,AGCGTCCCCGGGCTGGAGAT,0,3275183
relBp,0.1,9,9,AGATCGACTCGGCAGTGAAA,0,3266946
relBp,0.1,9,9,AGATCCCTGTGTGAGTGCCA,0,3296946
relBp,0.1,9,9,AGATCATGCCGAGCTAATAT,0,3298051
relBp,0.1,9,9,AGAGGTGTTGCCGAGCAGTG,0,3263174
relBp,0.1,9,9,AGAGAGGTGCGTCGTGTGAA,0,3257281
relBp,0.1,9,9,AGAACTTGGGCCAGGCCGGT,0,3282878
relBp,0.1,9,9,AGAACCAAAAACAAACATTT,0,3300405
relBp,0.1,9,9,ACTTTGGGGGCAATTATCGT,0,3272934
relBp,0.1,9,9,ACTTGGCGATGGATATGGTC,0,3269167
relBp,0.1,9,9,ACTTGCATTGTCGCTCCCGG,0,3304259
relBp,0.1,9,9,ACTCCGCACGGCCGAATCTC,0,3273420
relBp,0.1,9,9,ACGTCTGATTTACGAATGGA,0,3289921
relBp,0.1,9,9,ACGTCTAAAACATTCGGACA,0,3260344
relBp,0.1,9,9,ACGTAGGCGTTTTTGAGTTG,0,3276580
relBp,0.1,9,9,ACGGGGTCTCCCGCCAGGCT,0,3271505
relBp,0.1,9,9,ACGGACCCTTGGAACGCCCC,0,3268075
relBp,0.1,9,9,ACGATCGACTGTCACGACGC,0,3299722
relBp,0.1,9,9,ACGAGTGGCGGCCGTTATGT,0,3272589
relBp,0.1,9,9,ACCTTCGCCCCTATGTTCTA,0,3266530
relBp,0.1,9,9,ACCTTATGATGCGCACCCAT,0,3277241
relBp,0.1,9,9,ACCTGGGACTCCTTACGTGT,0,3275005
relBp,0.1,9,9,ACCTCCGAAGATGGTAATAA,0,3301485
relBp,0.1,9,9,ACCGCTTCAAGAGGTCTCTA,0,3295179
relBp,0.1,9,9,ACCGAAGACTAGACAGGATG,0,3277091
relBp,0.1,9,9,ACCCTGTTGCTATACTATTC,0,3283807
relBp,0.1,9,9,ACCCGCAGTCTTCTAAGGTT,0,3291379
relBp,0.1,9,9,ACCCACAGGACTACGGGAAG,0,3256330
relBp,0.1,9,9,ACCATATTATAGGAACACCA,0,3266598
relBp,0.1,9,9,ACCATAATCTCTAACTGTGC,0,3281529
relBp,0.1,9,9,ACCACAACTACCGCTCTGCC,0,3304844
relBp,0.1,9,9,ACATTAAATACTCCGGGCAA,0,3305985
relBp,0.1,9,9,ACATCCTCAATGACCTCCAT,0,3283262
relBp,0.1,9,9,ACATATTCAGTTAATCCAGG,0,3277613
relBp,0.1,9,9,ACATAACGAGTTCGGGCTAG,0,3266513
relBp,0.1,9,9,ACAGGACCAGATACTACGTT,0,3263391
relBp,0.1,9,9,ACAGCGTCCTTCCCCATGGA,0,3278570
relBp,0.1,9,9,ACAGCCCGTCCGGTTGGACA,0,3283595
relBp,0.1,9,9,ACAGCATACGCTGATATCTT,0,3304741
relBp,0.1,9,9,ACAGAGCCAGCTATATACTA,0,3267370
relBp,0.1,9,9,AATTCGAAGGGAGGGATCCA,0,3307241
relBp,0.1,9,9,AATTATGATTTGATTTCGAC,0,3294108
relBp,0.1,9,9,AATTAGGGGCGCCCCCTTCC,0,3271167
relBp,0.1,9,9,AATGTTTGTTGGCCACGCTT,0,3260721
relBp,0.1,9,9,AATGGCGTTGACTAGGAGCC,0,3301347
relBp,0.1,9,9,AATCATGTAAGTCCTTAGAG,0,3276545
relBp,0.1,9,9,AATACGTACTTGGGTTGCCG,0,3262123
relBp,0.1,9,9,AATAAATTACTCAGCTTGCT,0,3283653
relBp,0.1,9,9,AAGTTTCTTTGATATAATGC,0,3271401
relBp,0.1,9,9,AAGGTGGCACGTTAGGTAGC,0,3265191
relBp,0.1,9,9,AAGGGACGCTCGACCAATAC,0,3285314
relBp,0.1,9,9,AAGCGGATCCAAGCGCTCAT,0,3270266
relBp,0.1,9,9,AAGACGGTCTCAAAAAACGC,0,3267406
relBp,0.1,9,9,AAGACCACACAGAAAAATCT,0,3293952
relBp,0.1,9,9,AACTGCAATGTGGGGCAGTA,0,3267275
relBp,0.1,9,9,AACTCCCAACGGAGTGCGCA,0,3267052
relBp,0.1,9,9,AACTACCGGTCTGCTATTGT,0,3285616
relBp,0.1,9,9,AACGAGGGCGACGTCCGTTC,0,3270082
relBp,0.1,9,9,AACCTTTGAAGAAAGGAGCG,0,3290141
relBp,0.1,9,9,AACCGTCCAATGCGCGGCCG,0,3281391
relBp,0.1,9,9,AACCCGGTTCATTGCCTTAA,0,3264817
relBp,0.1,9,9,AACCCGGGTGGATAGATTTC,0,3280676
relBp,0.1,9,9,AACAGTGGTTTTATCCTCTC,0,3263276
relBp,0.1,9,9,AACAGCTCACGCGTTTAAAG,0,3307405
relBp,0.1,9,9,AACACTGCTGATTTGCCGTG,0,3291917
relBp,0.1,9,9,AAATTTAAGGACTCCCGCGA,0,3295356
relBp,0.1,9,9,AAATTGTCCTAGTACACGAA,0,3278089
relBp,0.1,9,9,AAATTCAATTCTGCGCTAGT,0,3281939
relBp,0.1,9,9,AAATGAGTTGTTCTAACATC,0,3280143
relBp,0.1,9,9,AAATATAGAGTTATTATGGT,0,3281919
relBp,0.1,9,9,AAAGTAACAATCGAGACTGA,0,3268263
relBp,0.1,9,9,AAAGCCCTCGTCGAGCGACA,0,3272086
relBp,0.1,9,9,AAAGCCATGTTATTTCGGCA,0,3303870
relBp,0.1,9,9,AAAGCCAAAAGGGTAGACCC,0,3284976
relBp,0.1,9,9,AAAAGTCAGGTGACATCGAG,0,3288166
relBp,0.1,9,9,AAAAATAGTAAGTAATCCAT,0,3295228
relBp,0.1111111111111111,8,8,TTTTTTTGGTGGAACACTCT,0,3299866
relBp,0.1111111111111111,8,8,TTTTTATATCAGGTGGGATC,0,3305499
relBp,0.1111111111111111,8,8,TTTTCACAACCGGCAAAGGA,0,3293852
relBp,0.1111111111111111,8,8,TTTGTCCCCACCTGAACATG,0,3289583
relBp,0.1111111111111111,8,8,TTTGGGGTCTCCCGGTCAAT,0,3259067
relBp,0.1111111111111111,8,8,TTTCTGCGCCCTCCTGGGAC,0,3269785
relBp,0.1111111111111111,8,8,TTTCGGTTGCACTTGTCGAA,0,3260452
relBp,0.1111111111111111,8,8,TTTCGCGCAATGAACAAGCA,0,3268185
relBp,0.1111111111111111,8,8,TTTCCAGTCCCGCAGATCCG,0,3285874
relBp,0.1111111111111111,8,8,TTTATATTAATCAATGCGTT,0,3295053
relBp,0.1111111111111111,8,8,TTGTCGTACTTGCTAACAGA,0,3274766
relBp,0.1111111111111111,8,8,TTGTATAATTGTCCCCAGTT,0,3296234
relBp,0.1111111111111111,8,8,TTGTAAAGCCTAGAGTCGCT,0,3261759
relBp,0.1111111111111111,8,8,TTGGGGCCGGCGGAGACAAA,0,3305844
relBp,0.1111111111111111,8,8,TTGGGGAAGTCCTAGAAAGG,0,3296670
relBp,0.1111111111111111,8,8,TTGCTGCTACGTTGCCGGCA,0,3276062
relBp,0.1111111111111111,8,8,TTGCTAGGAGTCACCGCAAG,0,3305562
relBp,0.1111111111111111,8,8,TTGCGTTGAGCCTGTCCATG,0,3290616
relBp,0.1111111111111111,8,8,TTGCGGAATCTGAATGCCTA,0,3307551
relBp,0.1111111111111111,8,8,TTGCGAGCTACAAGGCGAAT,0,3264801
relBp,0.1111111111111111,8,8,TTGCGAGCCCTGTAGCTACA,0,3299784
relBp,0.1111111111111111,8,8,TTGCCTGGAAAGCGAGACCA,0,3270122
relBp,0.1111111111111111,8,8,TTGCATACGGGATTCAAAAT,0,3257802
relBp,0.1111111111111111,8,8,TTGAGCGGCGGCCTAATTCA,0,3277968
relBp,0.1111111111111111,8,8,TTGACGACGGTGGGGTAACG,0,3273538
relBp,0.1111111111111111,8,8,TTGAAGTTGAAGTTTGTTAA,0,3300839
relBp,0.1111111111111111,8,8,TTCTTTGTCCGGGTGTGACT,0,3294499
relBp,0.1111111111111111,8,8,TTCTGGCCACGCGATTGATG,0,3264607
relBp,0.1111111111111111,8,8,TTCTAGTTTCATCGCCAGCG,0,3282954
relBp,0.1111111111111111,8,8,TTCGCAAGTGCATTTCACCC,0,3275094
relBp,0.1111111111111111,8,8,TTCCGGGGCGGACAAGACGA,0,3260259
relBp,0.1111111111111111,8,8,TTCCATATTGAGAGCGGTCA,0,3275016
relBp,0.1111111111111111,8,8,TTCAGCAACAACGACAATTA,0,3258451
relBp,0.1111111111111111,8,8,TTCAGAGCTCAACCGTTGAG,0,3295047
relBp,0.1111111111111111,8,8,TTAGAGGGCGCAGTCGCGTG,0,3274228
relBp,0.1111111111111111,8,8,TTAGAACACGCTCCATGGCG,0,3276522
relBp,0.1111111111111111,8,8,TTACGTTCGAAAAGCCAGTA,0,3282843
relBp,0.1111111111111111,8,8,TTACGGGACCGAGATGAAGT,0,3261999
relBp,0.1111111111111111,8,8,TTAATCATGTGTATATGACA,0,3292647
relBp,0.1111111111111111,8,8,TTAAGCGATCGAACTGGCAA,0,3271450
relBp,0.1111111111111111,8,8,TTAACTGTAAAAGTCGAAAC,0,3275324
relBp,0.1111111111111111,8,8,TGTTCTATGCCACGAGTGGG,0,3270025
relBp,0.1111111111111111,8,8,TGTTCGTTCACCGGTTATAA,0,3271553
relBp,0.1111111111111111,8,8,TGTTATATGCTCAGCAATTT,0,3287258
relBp,0.1111111111111111,8,8,TGTTAACACAATAGATCTAA,0,3281855
relBp,0.1111111111111111,8,8,TGTGCTTAGACTCAATCGAG,0,3300281
relBp,0.1111111111111111,8,8,TGTGCCCGAATGCGTGGAAA,0,3307527
relBp,0.1111111111111111,8,8,TGGTTGGCATAGGATCGGGT,0,3291581
relBp,0.1111111111111111,8,8,TGGTCGTACTACGAGGTACT,0,3295072
relBp,0.1111111111111111,8,8,TGGGGGTGGGCGCATTCAGG,0,3282630
relBp,0.1111111111111111,8,8,TGGGGGCAACTGTTCTGCCG,0,3285868
relBp,0.1111111111111111,8,8,TGGGCTCCCCTATATCATAA,0,3262567
relBp,0.1111111111111111,8,8,TGGGATCGCAGTCTGGAGTT,0,3256648
relBp,0.1111111111111111,8,8,TGGCTAAGAATAAATTTTGG,0,3269725
relBp,0.1111111111111111,8,8,TGGCCCACTTTCTTACTCAA,0,3257519
relBp,0.1111111111111111,8,8,TGGATATCCGTAAGAGCTTG,0,3289199
relBp,0.1111111111111111,8,8,TGGATACGCCTTACGCCTTG,0,3256790
relBp,0.1111111111111111,8,8,TGGACGGAATTTGTGCGTAA,0,3305131
relBp,0.1111111111111111,8,8,TGGAACAATTGTTATGCCCT,0,3299598
relBp,0.1111111111111111,8,8,TGCTCATCAATTTCGTGTGT,0,3260172
relBp,0.1111111111111111,8,8,TGCATTCCCCGTGTACCCTG,0,3282607
relBp,0.1111111111111111,8,8,TGCATCTCTCGGCCCCCTCC,0,3276943
relBp,0.1111111111111111,8,8,TGCACCTTGAGCCTGACTGT,0,3297634
relBp,0.1111111111111111,8,8,TGATCATTAACGTATCGGCG,0,3264635
relBp,0.1111111111111111,8,8,TGAGTATTCCGACAGAATAT,0,3295543
relBp,0.1111111111111111,8,8,TGAGAGGCTGCGCGCTAAAC,0,3292616
relBp,0.1111111111111111,8,8,TGAGAAGCCAGCCATCGGTG,0,3280888
relBp,0.1111111111111111,8,8,TGACTTTTGCAGATAACACA,0,3285876
relBp,0.1111111111111111,8,8,TGACTTTATTTGAATCTTCT,0,3259314
relBp,0.1111111111111111,8,8,TGAAGTGGGGATTGTTTAGT,0,3272961
relBp,0.1111111111111111,8,8,TCTTGCTGAGTTATAGCATA,0,3271707
relBp,0.1111111111111111,8,8,TCTGAGAAATTAGGCACTGG,0,3307039
relBp,0.1111111111111111,8,8,TCTCAGATTCCACCCCGAAT,0,3299917
relBp,0.1111111111111111,8,8,TCTAACGCTCCGGGCTTCAA,0,3297292
relBp,0.1111111111111111,8,8,TCGGTGCTCCAACTCTTCAC,0,3262172
relBp,0.1111111111111111,8,8,TCGGTCTATTATCCGTCATC,0,3290305
relBp,0.1111111111111111,8,8,TCGGCGGAGGGACACCGTAG,0,3287211
relBp,0.1111111111111111,8,8,TCGCGATCAGCTTAGGGGAG,0,3289233
relBp,0.1111111111111111,8,8,TCGAGTCCCTGCTTCGTATT,0,3305983
relBp,0.1111111111111111,8,8,TCGAAGTATCCGTCGGACTG,0,3288990
relBp,0.1111111111111111,8,8,TCCTGTTGATCTACGCAATT,0,3280851
relBp,0.1111111111111111,8,8,TCCTGGGGTAGCAGCATATA,0,3277463
relBp,0.1111111111111111,8,8,TCCTCCGGTGACTCTAGCCA,0,3263758
relBp,0.1111111111111111,8,8,TCCGTATGCTAAAAAAGTTA,0,3306919
relBp,0.1111111111111111,8,8,TCCGGCTAGCCGACATGCCC,0,3272161
relBp,0.1111111111111111,8,8,TCCGAAGGCGTCAGACAAAG,0,3268731
relBp,0.1111111111111111,8,8,TCCCTATACAACGGGCTTCA,0,3277999
relBp,0.1111111111111111,8,8,TCCCCCAGGAGACAAGGGAA,0,3259741
relBp,0.1111111111111111,8,8,TCCAGCCGTGTTAGCCAAGC,0,3283070
relBp,0.1111111111111111,8,8,TCATTCCTTATTGAGGGTAA,0,3257975
relBp,0.1111111111111111,8,8,TCATCCTTTCCTGCTTAGGG,0,3303917
relBp,0.1111111111111111,8,8,TCATAGGTAGAACCATCCCC,0,3273104
relBp,0.1111111111111111,8,8,TCAGGTGTGCCCGGTTTTTA,0,3270413
relBp,0.1111111111111111,8,8,TCAGCAAGTTTGGCAGCAAC,0,3293737
relBp,0.1111111111111111,8,8,TCACCATTGATATATTAAGG,0,3284227
relBp,0.1111111111111111,8,8,TCAAGTTTTCATGTATTTTA,0,3285613
relBp,0.1111111111111111,8,8,TCAAGGAAGTTCGCCCAAGC,0,3276226
relBp,0.1111111111111111,8,8,TCAAGCTGGGGGACTCTAAC,0,3289315
relBp,0.1111111111111111,8,8,TATTGCAGGAGCTGGTCAAT,0,3272076
relBp,0.1111111111111111,8,8,TATGTGATCTCTGTAGCTTT,0,3264000
relBp,0.1111111111111111,8,8,TATGTCTAACTGCGGCATGC,0,3264881
relBp,0.1111111111111111,8,8,TATGGTGGCTGGTAGTTTTC,0,3256133
relBp,0.1111111111111111,8,8,TATCGACGTGGCTTATTTCT,0,3291252
relBp,0.1111111111111111,8,8,TATATTTCAAAAGGGGGTGT,0,3274344
relBp,0.1111111111111111,8,8,TATAGAGCTGTATAGTTCGA,0,3285338
relBp,0.1111111111111111,8,8,TATACCATTTGCTAGTATTC,0,3299404
relBp,0.1111111111111111,8,8,TAGGTTCGACTCCAGTGGCC,0,3280062
relBp,0.1111111111111111,8,8,TAGGGGTTAAAGGGGTAGTA,0,3258490
relBp,0.1111111111111111,8,8,TAGCACTAAGGCGTGAGTAA,0,3300853
relBp,0.1111111111111111,8,8,TAGAGGTGAGATGCGCACGG,0,3278874
relBp,0.1111111111111111,8,8,TACTGGCAGTACGATGCATT,0,3280252
relBp,0.1111111111111111,8,8,TACTCTAGGTCCCTAACTGA,0,3297555
relBp,0.1111111111111111,8,8,TACTATGCGGCAAGGTGAAA,0,3282263
relBp,0.1111111111111111,8,8,TACTATACGATTCCGATACC,0,3300988
relBp,0.1111111111111111,8,8,TACGTAATGTGTGCAGTCGC,0,3278747
relBp,0.1111111111111111,8,8,TACCTGGGGTGCTGCGGCTT,0,3268507
relBp,0.1111111111111111,8,8,TACAATCAACAGGTTTTGAT,0,3301898
relBp,0.1111111111111111,8,8,TAATGGGTAATCTTCCGTTC,0,3270094
relBp,0.1111111111111111,8,8,TAATACTACGTCAGTCGCGG,0,3305606
relBp,0.1111111111111111,8,8,TAACTAGGGAGGCAGTAAGG,0,3294607
relBp,0.1111111111111111,8,8,TAACAGAGCATCAAGCGGAA,0,3256595
relBp,0.1111111111111111,8,8,GTTTTGTTATGTGTATTATC,0,3295326
relBp,0.1111111111111111,8,8,GTTGTGGTATCGGAAGCAAG,0,3282605
relBp,0.1111111111111111,8,8,GTTGTATCAACCGGAGTACG,0,3297682
relBp,0.1111111111111111,8,8,GTTGGTACGACAGAACCTGC,0,3305927
relBp,0.1111111111111111,8,8,GTTCAAAGGCAAGTCCTAGC,0,3264291
relBp,0.1111111111111111,8,8,GTTATGATTAATTAAGCACC,0,3260579
relBp,0.1111111111111111,8,8,GTTAAATAAAGCCCCGTTAC,0,3293879
relBp,0.1111111111111111,8,8,GTGTCGCCATTAATACAATT,0,3294431
relBp,0.1111111111111111,8,8,GTGTAGCGGGGGCAAGGTCG,0,3256430
relBp,0.1111111111111111,8,8,GTGGTGAGGGATGTAAGGAC,0,3278661
relBp,0.1111111111111111,8,8,GTGCTGAGCATCGTGAGGCC,0,3291757
relBp,0.1111111111111111,8,8,GTGCTATTGACCACGGGAGG,0,3280716
relBp,0.1111111111111111,8,8,GTGCGTTGTTAACCCGTGTT,0,3272445
relBp,0.1111111111111111,8,8,GTGCCGTCAATTATGGCGCT,0,3263497
relBp,0.1111111111111111,8,8,GTGCCGCAGGGTATCTATAG,0,3287566
relBp,0.1111111111111111,8,8,GTGAATGTACGGCTGACACG,0,3257726
relBp,0.1111111111111111,8,8,GTCTGCCCGGAGCCTCTTCA,0,3273261
relBp,0.1111111111111111,8,8,GTCTCAAAGTGACTCAAGCG,0,3300394
relBp,0.1111111111111111,8,8,GTCTACGTGCAATCGGGGGA,0,3269471
relBp,0.1111111111111111,8,8,GTCTAATTGTTCGCATCTCC,0,3292467
relBp,0.1111111111111111,8,8,GTCGTGGTCATCGCGCGCTC,0,3287532
relBp,0.1111111111111111,8,8,GTCAGATTCGAGAGACTGGT,0,3304266
relBp,0.1111111111111111,8,8,GTCACGCACTTGACTATAAG,0,3266602
relBp,0.1111111111111111,8,8,GTATCGTATCTTCGTGGGTG,0,3275188
relBp,0.1111111111111111,8,8,GTATAGCCGAGACAATGTAA,0,3299875
relBp,0.1111111111111111,8,8,GTAGGAGACAAGCAATCGGT,0,3276292
relBp,0.1111111111111111,8,8,GTAGCATGTGAGGCGCGTGC,0,3298765
relBp,0.1111111111111111,8,8,GTACTACCATGTGCTCGTAA,0,3287897
relBp,0.1111111111111111,8,8,GTACGGATATGACTGGTGGA,0,3304540
relBp,0.1111111111111111,8,8,GTACGCGGATGATTCACTAA,0,3296202
relBp,0.1111111111111111,8,8,GTACGAGCCTATAGCCGAGT,0,3275936
relBp,0.1111111111111111,8,8,GTAACTTCTTGGTAGGGGAA,0,3290631
relBp,0.1111111111111111,8,8,GGTTTTCGTGGAGTTCGTGC,0,3276930
relBp,0.1111111111111111,8,8,GGTTTGCCAAATAAGGTACG,0,3297582
relBp,0.1111111111111111,8,8,GGTTGGGCTCAAGAGAATAG,0,3266305
relBp,0.1111111111111111,8,8,GGTTATGGCGACCCGTGAAC,0,3278083
relBp,0.1111111111111111,8,8,GGTGTGTCGCACAGGATAGA,0,3263102
relBp,0.1111111111111111,8,8,GGTGATCGCTATCTGAGCGT,0,3259125
relBp,0.1111111111111111,8,8,GGTCGAACATCTAGGAAACA,0,3300156
relBp,0.1111111111111111,8,8,GGTCCCATCTCTCGGACATT,0,3266521
relBp,0.1111111111111111,8,8,GGTCAGCGGCGAACTCGGCG,0,3304275
relBp,0.1111111111111111,8,8,GGTATCGTAAGCGAAAAAGC,0,3265641
relBp,0.1111111111111111,8,8,GGGTAGGGCGAGTAAGCTAT,0,3278486
relBp,0.1111111111111111,8,8,GGGTAAAAAGTTAAAGCATA,0,3275922
relBp,0.1111111111111111,8,8,GGGGGTTAGCATCGCTGTTT,0,3284369
relBp,0.1111111111111111,8,8,GGGGCGCCGAGTAATGCTGT,0,3299033
relBp,0.1111111111111111,8,8,GGGCGTTGGAGAAGTTCTCC,0,3285393
relBp,0.1111111111111111,8,8,GGGCGGAGACCCCCGTACTG,0,3273487
relBp,0.1111111111111111,8,8,GGCTTAGCATATGGAACGTA,0,3264319
relBp,0.1111111111111111,8,8,GGCGCGTCTACAAGTTTGCG,0,3292277
relBp,0.1111111111111111,8,8,GGCGAGGTTATGGTGAAATA,0,3271723
relBp,0.1111111111111111,8,8,GGCCGGCGAAGGTTATCGTT,0,3271325
relBp,0.1111111111111111,8,8,GGCCGCAATATACTGCCTCT,0,3280394
relBp,0.1111111111111111,8,8,GGCAGAGACACTTTGTGTCT,0,3259582
relBp,0.1111111111111111,8,8,GGCAAATGACGTGCGAAGTT,0,3284641
relBp,0.1111111111111111,8,8,GGCAAAACATAGCGGCGGCA,0,3258539
relBp,0.1111111111111111,8,8,GGATTTACGAGGCGCTGGAG,0,3291199
relBp,0.1111111111111111,8,8,GGATTGGTGTGAAGGGTGTC,0,3290150
relBp,0.1111111111111111,8,8,GGAGTACTTACTAGGGCCGC,0,3290812
relBp,0.1111111111111111,8,8,GGAGCGTATAATTAAGTTCA,0,3296726
relBp,0.1111111111111111,8,8,GGACTCGAGTGCTTGAGACG,0,3271728
relBp,0.1111111111111111,8,8,GGACCTCCGCCTATGAAGCC,0,3279364
relBp,0.1111111111111111,8,8,GGAAACTCGAATACTATTAC,0,3289973
relBp,0.1111111111111111,8,8,GCTGAGGCGTAGGCGGCGCC,0,3263194
relBp,0.1111111111111111,8,8,GCTCCCATGACTCTTCTAAG,0,3282371
relBp,0.1111111111111111,8,8,GCTAGCCCGGCTGGCCGATA,0,3278452
relBp,0.1111111111111111,8,8,GCTACTCTGTGTCAAAGGTA,0,3275480
relBp,0.1111111111111111,8,8,GCTACGGGGACCGCGTAAGT,0,3305310
relBp,0.1111111111111111,8,8,GCTAAACCGGGGGGAAGAGA,0,3294057
relBp,0.1111111111111111,8,8,GCGTTAGTCGGATGAGACGG,0,3301278
relBp,0.1111111111111111,8,8,GCGGATTCGCTCAATCGGCT,0,3279375
relBp,0.1111111111111111,8,8,GCGCGTCAGTAGTGGTGTAG,0,3276694
relBp,0.1111111111111111,8,8,GCGACTGGCAGGGTACTGAA,0,3266653
relBp,0.1111111111111111,8,8,GCCTTGGTCACCCCAGTTTT,0,3292052
relBp,0.1111111111111111,8,8,GCCTTGGTAACGCAATACGA,0,3267008
relBp,0.1111111111111111,8,8,GCCTCCTCCCACTCAGTTGT,0,3274143
relBp,0.1111111111111111,8,8,GCCGCAAAGACATTCCATCC,0,3257754
relBp,0.1111111111111111,8,8,GCCGATAGTGTCACAATAAA,0,3280158
relBp,0.1111111111111111,8,8,GCCCGGATCTGATCAACTCT,0,3260279
relBp,0.1111111111111111,8,8,GCATTGTGTCTTGCTGAAGG,0,3292877
relBp,0.1111111111111111,8,8,GCATGATGGTAGATATAGGT,0,3286750
relBp,0.1111111111111111,8,8,GCAGTTCGCCATCCATTGCG,0,3278157
relBp,0.1111111111111111,8,8,GCACGATCCTATCACTGCAT,0,3257498
relBp,0.1111111111111111,8,8,GCACCTGGGGTCTGCGTGGT,0,3260088
relBp,0.1111111111111111,8,8,GCAATGGACATGTCGGTCAT,0,3279775
relBp,0.1111111111111111,8,8,GCAAGTCTTATTGGTAGCAT,0,3258177
relBp,0.1111111111111111,8,8,GATTTCGTTTGGTCGGACTC,0,3256755
relBp,0.1111111111111111,8,8,GATTCCGAGGGCCAGGCATT,0,3288327
relBp,0.1111111111111111,8,8,GATCAGGAATAGGTGAACAT,0,3306575
relBp,0.1111111111111111,8,8,GATATAGGATTGCAGGGCAG,0,3268526
relBp,0.1111111111111111,8,8,GATACTCGGTGTACTAAGGA,0,3273089
relBp,0.1111111111111111,8,8,GATACCAGGCCGTTCATTCT,0,3302545
relBp,0.1111111111111111,8,8,GAGTTCTAGTAGATTAAATA,0,3278150
relBp,0.1111111111111111,8,8,GAGTCGGATGCAGCTAGTCC,0,3277700
relBp,0.1111111111111111,8,8,GAGGGCATATAGTTTCATCT,0,3305992
relBp,0.1111111111111111,8,8,GAGCGACTATCGTCGCTTAA,0,3270901
relBp,0.1111111111111111,8,8,GAGCATTGCATCTACGTGGA,0,3267260
relBp,0.1111111111111111,8,8,GACTACCAATAGAAACGTCT,0,3280879
relBp,0.1111111111111111,8,8,GACTAAAGTGGATAGGGGGG,0,3279608
relBp,0.1111111111111111,8,8,GACGTGGAAGCTATCATCCC,0,3258994
relBp,0.1111111111111111,8,8,GACGGATGCCCGGCGCGCAT,0,3257347
relBp,0.1111111111111111,8,8,GACCGAATCCAATGCACATA,0,3306933
relBp,0.1111111111111111,8,8,GACCGAAGAACCCATTTGCG,0,3270937
relBp,0.1111111111111111,8,8,GACCATACGCTAAAGACCGG,0,3298469
relBp,0.1111111111111111,8,8,GACATTAGGATGGGTTGCTC,0,3295043
relBp,0.1111111111111111,8,8,GACATAGGAGGGTGCGCCGT,0,3293523
relBp,0.1111111111111111,8,8,GAATGGTGATGATGGGTCGG,0,3307195
relBp,0.1111111111111111,8,8,GAATATATGCAGTGCCAGAA,0,3296620
relBp,0.1111111111111111,8,8,GAAGTGCGAGCGTCGGCTGC,0,3278222
relBp,0.1111111111111111,8,8,GAAGGTTGGATGAACGGTCC,0,3271572
relBp,0.1111111111111111,8,8,GAAGGGTAGATTTCAACCGG,0,3273453
relBp,0.1111111111111111,8,8,GAAGCACCTGTTCCAAGGTT,0,3290300
relBp,0.1111111111111111,8,8,GAACGAAAGCGTCAGTGTTA,0,3298944
relBp,0.1111111111111111,8,8,GAAATCCCTCGGGAGCAGAT,0,3276535
relBp,0.1111111111111111,8,8,GAAATACCGCTCGCTGCCTT,0,3259848
relBp,0.1111111111111111,8,8,GAAAAGCAAGCAAAGGGTGG,0,3258134
relBp,0.1111111111111111,8,8,GAAAAGAGCGTTGTTGTATA,0,3279581
relBp,0.1111111111111111,8,8,CTTTTTTCTCTCACACTTGG,0,3264618
relBp,0.1111111111111111,8,8,CTTTAGGTTCTGCCGACGCC,0,3286983
relBp,0.1111111111111111,8,8,CTTTACGAACGTTTCGAAGC,0,3260788
relBp,0.1111111111111111,8,8,CTTGGTAGCGGCGGGAGCCG,0,3297940
relBp,0.1111111111111111,8,8,CTTCTTGTTCTGCTAGGCCG,0,3300093
relBp,0.1111111111111111,8,8,CTTCGGGGAACTCACTGTGA,0,3293840
relBp,0.1111111111111111,8,8,CTTCGGCGCTCGACAGACCC,0,3260064
relBp,0.1111111111111111,8,8,CTTCGCGTAAATCGCTGTGG,0,3266181
relBp,0.1111111111111111,8,8,CTTAGGACGAATTTAGGTGG,0,3258889
relBp,0.1111111111111111,8,8,CTTACGCGAGAAGATGATCA,0,3274005
relBp,0.1111111111111111,8,8,CTTACATGATAACGGTGACA,0,3273473
relBp,0.1111111111111111,8,8,CTGTTGCGTCAACTCACGGA,0,3277581
relBp,0.1111111111111111,8,8,CTGTTGCCGAGTCTTCAGCT,0,3307420
relBp,0.1111111111111111,8,8,CTGGCAAGATTCACCACATA,0,3257565
relBp,0.1111111111111111,8,8,CTGCCGTAGAGAACTGTGGT,0,3289919
relBp,0.1111111111111111,8,8,CTGCATGCCCGGTGACGGCG,0,3277276
relBp,0.1111111111111111,8,8,CTGAGAATTTGCGCTGCACG,0,3296657
relBp,0.1111111111111111,8,8,CTGAATGTATAATCCAAAGT,0,3259948
relBp,0.1111111111111111,8,8,CTGAATGCCACGTTATTCAT,0,3264400
relBp,0.1111111111111111,8,8,CTCTCGGAAAACGGTAAATG,0,3290744
relBp,0.1111111111111111,8,8,CTCGTTAAGGGCACTTTGGA,0,3281017
relBp,0.1111111111111111,8,8,CTCGTGTAGGTGAGACCGAC,0,3269689
relBp,0.1111111111111111,8,8,CTCGTGCTTCCGGGCACGCC,0,3265151
relBp,0.1111111111111111,8,8,CTCCACTTTCGGCTGACATG,0,3256853
relBp,0.1111111111111111,8,8,CTCACTTAGCTACAGATCTT,0,3272052
relBp,0.1111111111111111,8,8,CTATGGACTTGGTTGGTTTT,0,3297367
relBp,0.1111111111111111,8,8,CTATCTTGTCCTGCCACAGT,0,3275497
relBp,0.1111111111111111,8,8,CTATACGGACTCAGGCTCTG,0,3291542
relBp,0.1111111111111111,8,8,CTATACCCGGGGGGCTAAAT,0,3259816
relBp,0.1111111111111111,8,8,CTAGTCTTAACCACATAGAA,0,3296495
relBp,0.1111111111111111,8,8,CTAGAGGGTATATTCATAGC,0,3298625
relBp,0.1111111111111111,8,8,CTACGGGGATTACGATACAA,0,3300221
relBp,0.1111111111111111,8,8,CTACAGAACCTAGTGGAGAT,0,3278484
relBp,0.1111111111111111,8,8,CTAAGCTTGAATTTCGATGA,0,3279960
relBp,0.1111111111111111,8,8,CGTTTGCTGGACGTTATGGC,0,3258939
relBp,0.1111111111111111,8,8,CGTTTAGGCACCCATTGGCC,0,3289115
relBp,0.1111111111111111,8,8,CGTTGACGTTGGCACGTGTC,0,3289159
relBp,0.1111111111111111,8,8,CGTGTACTCCGTCATCTCGG,0,3269596
relBp,0.1111111111111111,8,8,CGTCTTAGTTGGGTGCCGAG,0,3270339
relBp,0.1111111111111111,8,8,CGTCGGGGTCACTCTTGTAA,0,3285329
relBp,0.1111111111111111,8,8,CGTAGACCAAGGGGCACAGC,0,3260868
relBp,0.1111111111111111,8,8,CGGTGGCGGATCCTGAATGC,0,3286258
relBp,0.1111111111111111,8,8,CGGTCTAACCTCCCATGGCC,0,3271777
relBp,0.1111111111111111,8,8,CGGTCGTTCGACGGTTGCAT,0,3271363
relBp,0.1111111111111111,8,8,CGGTCCGTCATGTTAAGAAA,0,3293847
relBp,0.1111111111111111,8,8,CGGTAAGTGACTTACGTGAT,0,3292466
relBp,0.1111111111111111,8,8,CGGCCACCGCGTCCGCCTCA,0,3277819
relBp,0.1111111111111111,8,8,CGGATCGGCTGTCTCAACTA,0,3277214
relBp,0.1111111111111111,8,8,CGGATATGACCGGCTCAAGC,0,3256677
relBp,0.1111111111111111,8,8,CGGAGGTGCCGCGAGTCTAC,0,3271658
relBp,0.1111111111111111,8,8,CGCTGTTAGCCTGGAAAACT,0,3287263
relBp,0.1111111111111111,8,8,CGCTATTATGTGCTCCTTCG,0,3268307
relBp,0.1111111111111111,8,8,CGCCGCTACTCATCTACTTC,0,3280072
relBp,0.1111111111111111,8,8,CGCCAATCGAGGAGGTAACT,0,3261425
relBp,0.1111111111111111,8,8,CGCATACTAGGGATGCACAA,0,3294040
relBp,0.1111111111111111,8,8,CGATTTAAGCGGCGCGTATA,0,3267965
relBp,0.1111111111111111,8,8,CGATGTTGCACTGGGTGTAG,0,3274227
relBp,0.1111111111111111,8,8,CGATGCGGGTATCCGGCGCG,0,3271864
relBp,0.1111111111111111,8,8,CGATCCGAACATCAGAGGGA,0,3271734
relBp,0.1111111111111111,8,8,CGAGTGCGTCGTCCAATACC,0,3286030
relBp,0.1111111111111111,8,8,CGAGTGATTATGCTCGAAAA,0,3268049
relBp,0.1111111111111111,8,8,CGAGAAGCGGAACATGGTGC,0,3273288
relBp,0.1111111111111111,8,8,CGACTTAAATCCGTCACCTC,0,3300256
relBp,0.1111111111111111,8,8,CCTTGGGGATCGGTAATGGG,0,3297854
relBp,0.1111111111111111,8,8,CCTTCTTCGGCGGTTTGATG,0,3276665
relBp,0.1111111111111111,8,8,CCTTCGACAAGAGTAGGGCA,0,3274691
relBp,0.1111111111111111,8,8,CCTGGGGAGCGGGGTTTAGG,0,3296162
relBp,0.1111111111111111,8,8,CCTCGCCTAGTACGGCAAGT,0,3297948
relBp,0.1111111111111111,8,8,CCTCGACCTTGAGCGCCCTG,0,3285211
relBp,0.1111111111111111,8,8,CCTAGTGGGCACTCATTATA,0,3265112
relBp,0.1111111111111111,8,8,CCTACGTTAACCCGGGGACT,0,3290242
relBp,0.1111111111111111,8,8,CCGTCCCACGACGAAGGTAC,0,3260495
relBp,0.1111111111111111,8,8,CCGTCCAACGCGTGCGAGCC,0,3263650
relBp,0.1111111111111111,8,8,CCGGAAGTGCATTTTAATCA,0,3273179
relBp,0.1111111111111111,8,8,CCGCTTCTACTTGGGTCTTT,0,3267257
relBp,0.1111111111111111,8,8,CCGCTGATTCAACCGTGATA,0,3287912
relBp,0.1111111111111111,8,8,CCGCTACTGGGCAGTACTTC,0,3272503
relBp,0.1111111111111111,8,8,CCGACCACGCGTCACCCTAT,0,3300669
relBp,0.1111111111111111,8,8,CCGACAAGGGGGCGCGAAGA,0,3287027
relBp,0.1111111111111111,8,8,CCGAAGCGTGGAATCGGAGC,0,3273769
relBp,0.1111111111111111,8,8,CCCTGAAACAGTCGATTAAT,0,3284361
relBp,0.1111111111111111,8,8,CCCGCCCAACACTAACTAAG,0,3278675
relBp,0.1111111111111111,8,8,CCCCCTGGTGTGTACACCAT,0,3286744
relBp,0.1111111111111111,8,8,CCCATTTTCTGTACATGCTA,0,3260779
relBp,0.1111111111111111,8,8,CCATTAGTCCAATCACGGTG,0,3258758
relBp,0.1111111111111111,8,8,CCATGAGTTTCTAGGTCTGG,0,3275765
relBp,0.1111111111111111,8,8,CCATCTGGACATTGCTAGGC,0,3279158
relBp,0.1111111111111111,8,8,CCAGGGACGTACATCTGGTT,0,3288558
relBp,0.1111111111111111,8,8,CCACCAGCTCGCCCTTTGAA,0,3289857
relBp,0.1111111111111111,8,8,CCACAAGGTGGATCTCGATA,0,3294728
relBp,0.1111111111111111,8,8,CCAAACTGATTTTATATGTT,0,3299976
relBp,0.1111111111111111,8,8,CCAAAAGATAGAGTAGGCAT,0,3292285
relBp,0.1111111111111111,8,8,CATTTTCTGCTCCACAAGGG,0,3280977
relBp,0.1111111111111111,8,8,CATTGTAGTCATAAAAAGAG,0,3307906
relBp,0.1111111111111111,8,8,CATGCTGGCTTGTCTGTATC,0,3297458
relBp,0.1111111111111111,8,8,CATCGGTACGCCTTCTTGCT,0,3281331
relBp,0.1111111111111111,8,8,CATCACCACACAGAAATCGA,0,3282698
relBp,0.1111111111111111,8,8,CAGTTGCACTCGGAAGAGGG,0,3266250
relBp,0.1111111111111111,8,8,CAGGTTTGGTCTAAGCTTTT,0,3269697
relBp,0.1111111111111111,8,8,CAGGGCTAACCGGGAACTTG,0,3293996
relBp,0.1111111111111111,8,8,CAGGGAGGCATCGCATCTGG,0,3266109
relBp,0.1111111111111111,8,8,CAGGATAAGCCCAGTCGTGA,0,3277541
relBp,0.1111111111111111,8,8,CAGCGTGACATACAGATATT,0,3298106
relBp,0.1111111111111111,8,8,CAGATTTAAGGACAGTCAAG,0,3271043
relBp,0.1111111111111111,8,8,CAGACTGGGCCGGTATGGCA,0,3281801
relBp,0.1111111111111111,8,8,CAGAAGTAGAAAGGTAAGAA,0,3268692
relBp,0.1111111111111111,8,8,CACTATATAGGTGCTACGAA,0,3287194
relBp,0.1111111111111111,8,8,CACTAATGATCAGTGAGATG,0,3260534
relBp,0.1111111111111111,8,8,CACGTATTAGCGCTTCATAT,0,3263520
relBp,0.1111111111111111,8,8,CACGCGCTCTCCCTGGGATA,0,3287417
relBp,0.1111111111111111,8,8,CACCGGGTTGGGTATTTTCA,0,3285823
relBp,0.1111111111111111,8,8,CACACAAGGGTTGGGCCTGG,0,3276790
relBp,0.1111111111111111,8,8,CACAATCTACGCTGGCGTTG,0,3284064
relBp,0.1111111111111111,8,8,CAATGTTATTTTTCCCTTAT,0,3267500
relBp,0.1111111111111111,8,8,CAATGCAGCCCCGTCGTGGT,0,3304254
relBp,0.1111111111111111,8,8,CAATCCACTTGGGCGATTAG,0,3287924
relBp,0.1111111111111111,8,8,CAAGTCTTCTCGTGCAAGAA,0,3305509
relBp,0.1111111111111111,8,8,CAAGTATGCGGACCCCCCCA,0,3269105
relBp,0.1111111111111111,8,8,CAAAGAATTACGGAAAACTC,0,3260059
relBp,0.1111111111111111,8,8,CAAACGTAAAAATTGAATTT,0,3262227
relBp,0.1111111111111111,8,8,ATTTTTCCTCGATGCGAATA,0,3268034
relBp,0.1111111111111111,8,8,ATTTTGGGTAGGATTTGGTT,0,3291507
relBp,0.1111111111111111,8,8,ATTGTCCGATGAAGTGTATG,0,3261620
relBp,0.1111111111111111,8,8,ATTGCATAGTGAATTATGTG,0,3263291
relBp,0.1111111111111111,8,8,ATTGAAATACGACCAACCAA,0,3266620
relBp,0.1111111111111111,8,8,ATTCTCAAGGGGCATCAATA,0,3266935
relBp,0.1111111111111111,8,8,ATTCATCGCAAGCGACCCTG,0,3275780
relBp,0.1111111111111111,8,8,ATTAGAAACCTTTCCTAAAA,0,3282841
relBp,0.1111111111111111,8,8,ATTAACGTAGGTTTTCCGAC,0,3272325
relBp,0.1111111111111111,8,8,ATGTGTGCCTCTCATTATAA,0,3281386
relBp,0.1111111111111111,8,8,ATGTCCACGTTTTGGAAGAT,0,3276556
relBp,0.1111111111111111,8,8,ATGGACTTTGTTACAAAGAG,0,3278033
relBp,0.1111111111111111,8,8,ATGGAACACGTATCAGTTTA,0,3258931
relBp,0.1111111111111111,8,8,ATGCTTTCAGGCGTGTTGCT,0,3276592
relBp,0.1111111111111111,8,8,ATGCCTGTCGGGAGACTATC,0,3289816
relBp,0.1111111111111111,8,8,ATGATCAGTCACTAGATGGG,0,3283801
relBp,0.1111111111111111,8,8,ATGACGATCGGTATTCTCCG,0,3257467
relBp,0.1111111111111111,8,8,ATGAAGCGCCCAGGGGCGAC,0,3270187
relBp,0.1111111111111111,8,8,ATGAAACCCCTGGAAGAGCA,0,3285160
relBp,0.1111111111111111,8,8,ATCTGGTCATCGGAAGTCCT,0,3257798
relBp,0.1111111111111111,8,8,ATCTGGCTGTCTCGAGCAGG,0,3302888
relBp,0.1111111111111111,8,8,ATCTGAGGAACGCGTACAGT,0,3288356
relBp,0.1111111111111111,8,8,ATCTCTCCTGAAGCCGACAT,0,3262752
relBp,0.1111111111111111,8,8,ATCTCCTACTGTATCGTGAT,0,3290932
relBp,0.1111111111111111,8,8,ATCTCCACTCTCTAAATCTG,0,3264260
relBp,0.1111111111111111,8,8,ATCGTTCCCGGCCCCGGTCT,0,3271762
relBp,0.1111111111111111,8,8,ATCGGAGAGTAGATGAGGAA,0,3286981
relBp,0.1111111111111111,8,8,ATCACCTGTGAGTCAGCGTC,0,3292880
relBp,0.1111111111111111,8,8,ATCACCCAGGTGTACTGAAG,0,3273348
relBp,0.1111111111111111,8,8,ATATGCACTCACCCCATTAT,0,3271547
relBp,0.1111111111111111,8,8,ATATACGACGTGAGATTGAT,0,3267083
relBp,0.1111111111111111,8,8,ATAGCCCAGGTCTCCAACGA,0,3303521
relBp,0.1111111111111111,8,8,ATAGAACTGTATCTTAGGAC,0,3270018
relBp,0.1111111111111111,8,8,ATACGTCGTGGGTGGTACGT,0,3273155
relBp,0.1111111111111111,8,8,ATACGGCGCTCGGCAGCTAG,0,3295018
relBp,0.1111111111111111,8,8,AGTTCGTGAGGATTAAGCAA,0,3273561
relBp,0.1111111111111111,8,8,AGTTAGCCCTCACTCGGCAT,0,3275105
relBp,0.1111111111111111,8,8,AGTGGACTGATTTTCGCGGA,0,3281281
relBp,0.1111111111111111,8,8,AGTGCGAATTTGAACCGTCT,0,3264586
relBp,0.1111111111111111,8,8,AGTGCCGCCTAAGCGTATGG,0,3274396
relBp,0.1111111111111111,8,8,AGTCGCTTAGAACAAGTGGG,0,3263744
relBp,0.1111111111111111,8,8,AGTCAAGGTAACCGCGACGC,0,3304368
relBp,0.1111111111111111,8,8,AGGTCAGCGTCTGACAAGCG,0,3264323
relBp,0.1111111111111111,8,8,AGGGGCACATACTGCACCTC,0,3284464
relBp,0.1111111111111111,8,8,AGGGCATCGTTTTTCTGTCG,0,3265679
relBp,0.1111111111111111,8,8,AGGGATGCACATGTTTGGCA,0,3262568
relBp,0.1111111111111111,8,8,AGGAGTGTCATTACGCTTGC,0,3276632
relBp,0.1111111111111111,8,8,AGCGGGTGCCCGATATTATG,0,3296117
relBp,0.1111111111111111,8,8,AGCGGAAAGAGTCAAGGCCC,0,3279651
relBp,0.1111111111111111,8,8,AGCGAAGGCTATCCGTTGAT,0,3301133
relBp,0.1111111111111111,8,8,AGCCGTGCTCGCTGGATGGT,0,3294522
relBp,0.1111111111111111,8,8,AGCCAAAGTGCGTGTTTACA,0,3291281
relBp,0.1111111111111111,8,8,AGCATGCCGATTACAAGGTG,0,3291172
relBp,0.1111111111111111,8,8,AGCAAATCGTGAAGAGCTAT,0,3285476
relBp,0.1111111111111111,8,8,AGATCGCACCAATTCTGCTT,0,3268631
relBp,0.1111111111111111,8,8,AGATCAGCTCATGTGGATAT,0,3284597
relBp,0.1111111111111111,8,8,AGATAGGACCAGGTGCATCG,0,3279639
relBp,0.1111111111111111,8,8,AGATAGATGTCACTCAGGTT,0,3293075
relBp,0.1111111111111111,8,8,AGAGCGTGAGCCGGCAAGGC,0,3300386
relBp,0.1111111111111111,8,8,AGACGAGAACCTGCACTTAT,0,3265827
relBp,0.1111111111111111,8,8,AGACCGCCTACTCCGTGGCT,0,3273287
relBp,0.1111111111111111,8,8,AGACCCGAGTGTAAAAGCCA,0,3261379
relBp,0.1111111111111111,8,8,AGACCAAGAAGCGGTGTGGA,0,3300912
relBp,0.1111111111111111,8,8,AGAAGAAAAAACTCGTCTAC,0,3284993
relBp,0.1111111111111111,8,8,ACTTGAAACATTATTGCGGT,0,3300305
relBp,0.1111111111111111,8,8,ACTGTCGTTAACCAACTCCT,0,3270014
relBp,0.1111111111111111,8,8,ACTGGTCACACGTGAGCGTT,0,3302232
relBp,0.1111111111111111,8,8,ACTCCGAGATCAGGCTGTTC,0,3268461
relBp,0.1111111111111111,8,8,ACTCACCTCAGCTACACGCA,0,3277206
relBp,0.1111111111111111,8,8,ACTATCGTACGCAATTTACG,0,3298323
relBp,0.1111111111111111,8,8,ACGTTGAAGACCATAGAGTT,0,3271159
relBp,0.1111111111111111,8,8,ACGTTCACTGAGGGATAGGT,0,3284476
relBp,0.1111111111111111,8,8,ACGTGGCCCGACCGTCAGTT,0,3260544
relBp,0.1111111111111111,8,8,ACGGAGCAAACCTTGTCTTG,0,3268760
relBp,0.1111111111111111,8,8,ACGCGAGTGCCAAAATCTTT,0,3289584
relBp,0.1111111111111111,8,8,ACGCATGTTGGGGACTGGAC,0,3264057
relBp,0.1111111111111111,8,8,ACCTGGGCAAGAACATCGTA,0,3286739
relBp,0.1111111111111111,8,8,ACCTCCCCCTAGTAATAATC,0,3295315
relBp,0.1111111111111111,8,8,ACCTAGCGTTGGTAAGGAAT,0,3292489
relBp,0.1111111111111111,8,8,ACCGTAATTCACCTGCAAAG,0,3262025
relBp,0.1111111111111111,8,8,ACCCATCGAGTGGGTTACTC,0,3276509
relBp,0.1111111111111111,8,8,ACATTTCCTCAGAGGGTGAT,0,3287219
relBp,0.1111111111111111,8,8,ACATAGAGCGTTTGTGACCA,0,3268164
relBp,0.1111111111111111,8,8,ACACTGCAACCCTGAGCATA,0,3283567
relBp,0.1111111111111111,8,8,ACAATCCAGATTAGTGCATT,0,3261687
relBp,0.1111111111111111,8,8,ACAATACGAATATCGGGTAC,0,3305298
relBp,0.1111111111111111,8,8,ACAACGGCTGGGTTCAATCT,0,3295489
relBp,0.1111111111111111,8,8,ACAAAAATGCGCTGATATAA,0,3294516
relBp,0.1111111111111111,8,8,AATTTGTTAATTGTTCCCAA,0,3269308
relBp,0.1111111111111111,8,8,AATTTGATAAATTTGATGGC,0,3283371
relBp,0.1111111111111111,8,8,AATTCGTATATATGTAGCGA,0,3264523
relBp,0.1111111111111111,8,8,AATTCCCTAATCTCTTGTAA,0,3258656
relBp,0.1111111111111111,8,8,AATGTGGCACCGTAAAGGCA,0,3303242
relBp,0.1111111111111111,8,8,AATGGCGCGCGTATGCTATT,0,3307579
relBp,0.1111111111111111,8,8,AATGGCGACCTTCAGGATGA,0,3296863
relBp,0.1111111111111111,8,8,AATCTGGAAGGGGGTCGCCA,0,3269210
relBp,0.1111111111111111,8,8,AATCGCGCTAGTGCGGGTGG,0,3259533
relBp,0.1111111111111111,8,8,AATCGCACTGTTGATATTTG,0,3282702
relBp,0.1111111111111111,8,8,AATCATTCCAACGGGAGACT,0,3264413
relBp,0.1111111111111111,8,8,AATCAAACGGTGAGGAGCTT,0,3274060
relBp,0.1111111111111111,8,8,AATAGTGGAATCGTGCTTGC,0,3261551
relBp,0.1111111111111111,8,8,AATAGGACGCATGGCAACGT,0,3283719
relBp,0.1111111111111111,8,8,AATAATTTCCACGGCGGCTG,0,3298863
relBp,0.1111111111111111,8,8,AAGTTGATCGTATTTATTGG,0,3271899
relBp,0.1111111111111111,8,8,AAGTTCCAGTTGCACCTACG,0,3279971
relBp,0.1111111111111111,8,8,AAGTGCCACGCCACTTGGGG,0,3281664
relBp,0.1111111111111111,8,8,AAGGTAACTCTGTGGTTCGG,0,3276668
relBp,0.1111111111111111,8,8,AAGGGGGATTTGTTTGGACA,0,3300012
relBp,0.1111111111111111,8,8,AAGGGCGCAACGGTCTCTCA,0,3265261
relBp,0.1111111111111111,8,8,AAGCGTGGAGGCTTGCCCGC,0,3301081
relBp,0.1111111111111111,8,8,AAGCATGTTCGTGGCCATGG,0,3270251
relBp,0.1111111111111111,8,8,AAGCAGATCGGAACGGTTCA,0,3278627
relBp,0.1111111111111111,8,8,AAGAGGATTAGAAGTAGGAT,0,3260887
relBp,0.1111111111111111,8,8,AAGACGTTAGAAAACAGAGT,0,3292429
relBp,0.1111111111111111,8,8,AACATCTCGATAGAACACGT,0,3256187
relBp,0.1111111111111111,8,8,AACAATATGGTAGTATCCAC,0,3294114
relBp,0.1111111111111111,8,8,AAATGGGTTTTTCAATTCAC,0,3272903
relBp,0.1111111111111111,8,8,AAAGAGCTGTCCCTGCCCCG,0,3261367
relBp,0.1111111111111111,8,8,AAACCCACTCCGCCAGAATT,0,3299387
relBp,0.1111111111111111,8,8,AAACAGAGTTCTTGGGCCAC,0,3298993
relBp,0.1111111111111111,8,8,AAAATAACGTGCCGTATCTG,0,3307902
relBp,0.1111111111111111,8,8,AAAACGATTGACTTTCGGTG,0,3292788
relBp,0.125,7,7,TTTTTTGCGCACAATAGACC,0,3306246
relBp,0.125,7,7,TTTTTCGAGCAGCCTTCAGT,0,3270837
relBp,0.125,7,7,TTTTAATCCCAACGTCCGAG,0,3274509
relBp,0.125,7,7,TTTGTATACCTATCACTCTT,0,3262030
relBp,0.125,7,7,TTTGGCCTCGGGGCTCACGG,0,3262710
relBp,0.125,7,7,TTTGCGCCTATGCACGACTA,0,3298216
relBp,0.125,7,7,TTTGACTGAAGTGCATGTCC,0,3273572
relBp,0.125,7,7,TTTGACGCTTTTCACCCGGT,0,3262041
relBp,0.125,7,7,TTTCGGTATAGGTACACCAC,0,3291160
relBp,0.125,7,7,TTTACCGTCCTATACTGCTT,0,3308176
relBp,0.125,7,7,TTGTCCCGCCGATGCATTTC,0,3269633
relBp,0.125,7,7,TTGGGATCATCCAGTTACTT,0,3268447
relBp,0.125,7,7,TTGCTTAGCCACCCCACATT,0,3282306
relBp,0.125,7,7,TTGCTCTAGAACGATAGTAC,0,3292020
relBp,0.125,7,7,TTGATCCAGAGGGAGATCAC,0,3277051
relBp,0.125,7,7,TTGAGGTTGATTAGCTTGTT,0,3287372
relBp,0.125,7,7,TTGAGCACGGGAGGCCTTGA,0,3257871
relBp,0.125,7,7,TTGAATGGCCCTAGTCTCTG,0,3274163
relBp,0.125,7,7,TTGAAAGCTGGTACAATGGT,0,3268264
relBp,0.125,7,7,TTCTTCATTCTATTGTAAAT,0,3268272
relBp,0.125,7,7,TTCTTCAGAGGCAGCCGGAA,0,3277590
relBp,0.125,7,7,TTCTTAGTGTACACATGCGG,0,3276838
relBp,0.125,7,7,TTCTCCGTCAGAGAAGCTAA,0,3293045
relBp,0.125,7,7,TTCGTGAAGATTCGCGGTTG,0,3269753
relBp,0.125,7,7,TTCGTCACTGCTGCACTACT,0,3261443
relBp,0.125,7,7,TTCGAAGGAAAACATCAATA,0,3272245
relBp,0.125,7,7,TTCCTCTAATAATGCCCGCA,0,3273006
relBp,0.125,7,7,TTCCTCGCAATATTATGTGA,0,3279315
relBp,0.125,7,7,TTCCGCTGAGCAAAGCAGCG,0,3302804
relBp,0.125,7,7,TTCCAGTTTCTATTATCATG,0,3288023
relBp,0.125,7,7,TTCATTCATATCTGGCACCT,0,3286545
relBp,0.125,7,7,TTCATGTTCAGGTTTCTATT,0,3286113
relBp,0.125,7,7,TTCAGGCTTGCCAATGGTAT,0,3273792
relBp,0.125,7,7,TTCAGGACGGAAGGGGCGAG,0,3287837
relBp,0.125,7,7,TTCACTTTCCTCAAGACTTT,0,3265094
relBp,0.125,7,7,TTCACCCGCAAGCTCATCTG,0,3288585
relBp,0.125,7,7,TTATCTTATCCTTTTGTCAC,0,3283868
relBp,0.125,7,7,TTATCACAATTTCCTGCTGT,0,3297111
relBp,0.125,7,7,TTAGGCCCGGGCTTTCAGGT,0,3291657
relBp,0.125,7,7,TTAGGACCATAAGCATTCGA,0,3287522
relBp,0.125,7,7,TTAGCTCTGATCTTGGGGTG,0,3274925
relBp,0.125,7,7,TTAGCGACGTTCTCACCTGC,0,3307066
relBp,0.125,7,7,TTAGACGTGTTACATAAAGT,0,3297270
relBp,0.125,7,7,TTACAGACCCTAGACGGTCC,0,3285120
relBp,0.125,7,7,TTAATTAGAGAAATCGTCTG,0,3296059
relBp,0.125,7,7,TGTTGTGCTATAATTATAAT,0,3268027
relBp,0.125,7,7,TGTTGGTGTTAGGACTGCAT,0,3305010
relBp,0.125,7,7,TGTTCCAGCAGCGAATCCAC,0,3275695
relBp,0.125,7,7,TGTGCATACATTCGGCATAA,0,3267992
relBp,0.125,7,7,TGTGCAAGGAAGTCACGCTC,0,3282304
relBp,0.125,7,7,TGTCCAATATCGTCCTTAAT,0,3287225
relBp,0.125,7,7,TGTCAGGATCGTCCAGCGTA,0,3298768
relBp,0.125,7,7,TGTCAAAGTCCCAACTTAAT,0,3281975
relBp,0.125,7,7,TGTATATGGGGTCAACGTAA,0,3262067
relBp,0.125,7,7,TGGTTGGGAATCACGCGGAT,0,3271549
relBp,0.125,7,7,TGGGTTGTTACATCCGAAAA,0,3277756
relBp,0.125,7,7,TGGGTACGTTCCGGAATGGT,0,3283357
relBp,0.125,7,7,TGGGGTGTCTTATATGCCTC,0,3302857
relBp,0.125,7,7,TGGGGTCGCTGGACCTGAGA,0,3294659
relBp,0.125,7,7,TGGGGAGATGAATTTGCACC,0,3265340
relBp,0.125,7,7,TGGGACAAGTGCCAAGCAGT,0,3290970
relBp,0.125,7,7,TGGCTTAATTAGATTCCGGA,0,3265812
relBp,0.125,7,7,TGGAGGGGCACTGTATGCCT,0,3258031
relBp,0.125,7,7,TGGAGGCATTTTTCGCAGCC,0,3296714
relBp,0.125,7,7,TGGACTCGCCTCCCATCCAC,0,3265856
relBp,0.125,7,7,TGGACTATCAATCGTCGATC,0,3288577
relBp,0.125,7,7,TGCTAACCACACTCGGCCCG,0,3269826
relBp,0.125,7,7,TGCGTACGGTCAAAGGTATG,0,3296639
relBp,0.125,7,7,TGCGCTACCGAGCTCGTGAT,0,3276865
relBp,0.125,7,7,TGCCCCCGTGTCGTCTCGAG,0,3270643
relBp,0.125,7,7,TGCCCAGCGACTGACACCGA,0,3294641
relBp,0.125,7,7,TGCCCAATGGCGAGTACATG,0,3298450
relBp,0.125,7,7,TGCCACGAGATCCCACTTTA,0,3299930
relBp,0.125,7,7,TGCAGGTTGACTGTTGGAGT,0,3287419
relBp,0.125,7,7,TGATGAATATGGTTACGAGT,0,3289085
relBp,0.125,7,7,TGAGTCGGGGAATTCATAGT,0,3270812
relBp,0.125,7,7,TGAGGTCACGTTGTCTATCG,0,3274280
relBp,0.125,7,7,TGAGGGTGGAACCCTACTTT,0,3293410
relBp,0.125,7,7,TGACGGCTTCTTGTTACCAA,0,3291337
relBp,0.125,7,7,TGAATATTCTCCGTGCGATC,0,3273310
relBp,0.125,7,7,TGAATATCCTTTCCACTGGG,0,3275673
relBp,0.125,7,7,TGAAGCAGCCTCGTTGTACA,0,3266297
relBp,0.125,7,7,TGAAAGTGAATTTCGTGTAG,0,3282210
relBp,0.125,7,7,TCTGGGGCGAGGAATTTCCG,0,3306663
relBp,0.125,7,7,TCTCGCGGAAACTTGATAAG,0,3266815
relBp,0.125,7,7,TCTCATTGCGTACCCGAAAC,0,3289035
relBp,0.125,7,7,TCGTTTGGCTCATGCGGACA,0,3266384
relBp,0.125,7,7,TCGTTTACTATGTTAAACAA,0,3285209
relBp,0.125,7,7,TCGTTCATCTGTCGTAAGCA,0,3262382
relBp,0.125,7,7,TCGTTAATTGCGTTTGAACG,0,3297266
relBp,0.125,7,7,TCGTAAGACTATGGTCCTAA,0,3297915
relBp,0.125,7,7,TCGGTGACATTTGGTCAACA,0,3301245
relBp,0.125,7,7,TCGGGTGGGGGGATGTTGGT,0,3300179
relBp,0.125,7,7,TCGCTCGCTATGACTTGTTC,0,3260899
relBp,0.125,7,7,TCGCTCGATTTTCAAAATTT,0,3272241
relBp,0.125,7,7,TCGCTCCTCGTGGGGGCCTA,0,3289309
relBp,0.125,7,7,TCGCCAAGCCCGTTTGTTAT,0,3281118
relBp,0.125,7,7,TCGATAGAGATTAAATCTTG,0,3305341
relBp,0.125,7,7,TCGAGCGGCGTCCGAAAGGA,0,3299418
relBp,0.125,7,7,TCGAATCACCAGTCGAGGCT,0,3305127
relBp,0.125,7,7,TCCTCCAGGTGACCGGAGTA,0,3288737
relBp,0.125,7,7,TCCGGGGAACGACCGCGCTA,0,3288657
relBp,0.125,7,7,TCCGGCACGATGACAGATAC,0,3287133
relBp,0.125,7,7,TCCCTTGAGGACACGATGGA,0,3297826
relBp,0.125,7,7,TCCCCGGCTTTTTCAGGGAA,0,3277878
relBp,0.125,7,7,TCCAGCTGCCGCCGTGTGAA,0,3263394
relBp,0.125,7,7,TCCACATAGCGTCCACTCCA,0,3303148
relBp,0.125,7,7,TCCAACTTCTCAGAATCCGA,0,3302335
relBp,0.125,7,7,TCATGTCATGGCAGCGTCTT,0,3306043
relBp,0.125,7,7,TCATCGGTTCGACCCCGAGG,0,3291432
relBp,0.125,7,7,TCATATTTCCTATGGACCAA,0,3284505
relBp,0.125,7,7,TCAGTCGCAGCTTGTGGTTA,0,3266851
relBp,0.125,7,7,TCAGCGAAACGTTTGTGTTT,0,3304013
relBp,0.125,7,7,TCAGATCGAACCAAGAGCGA,0,3273388
relBp,0.125,7,7,TCACGGGCATGGTTTTTTCG,0,3265271
relBp,0.125,7,7,TCACCGGACGAAAGTGTCCT,0,3258061
relBp,0.125,7,7,TCACATGCAAAGGATAACGT,0,3260411
relBp,0.125,7,7,TCAATTTGTTAGGGAGCGTG,0,3274862
relBp,0.125,7,7,TCAATGGGGGGGCCAGACCA,0,3267591
relBp,0.125,7,7,TCAACTAAGCGAGCAAGGGT,0,3290955
relBp,0.125,7,7,TCAACGGGCGACGGCTACAA,0,3279057
relBp,0.125,7,7,TCAAAGATCGATTCAGCATG,0,3283573
relBp,0.125,7,7,TATTAGCATTCGTTAGTCTT,0,3271733
relBp,0.125,7,7,TATGGTCACGGACAGTCTTT,0,3293907
relBp,0.125,7,7,TATGGGCCGAGAATGCCTTA,0,3269435
relBp,0.125,7,7,TATGCAGTGAGCGGCGCGGA,0,3290477
relBp,0.125,7,7,TATGATTGTCTCGAAGTCAG,0,3270056
relBp,0.125,7,7,TATCTGGCAAGGAGCGAAGC,0,3276637
relBp,0.125,7,7,TATCCGGCTACGTGTCACGA,0,3294067
relBp,0.125,7,7,TATCACAATCATGCATGCAT,0,3298994
relBp,0.125,7,7,TATAGTTTAGTTAGACGGCA,0,3303214
relBp,0.125,7,7,TATAGATCAGGCAGGGCGCT,0,3294753
relBp,0.125,7,7,TATACATCTCGACGAGAAGG,0,3262513
relBp,0.125,7,7,TAGGTTCCCAAGCGAAACAA,0,3278956
relBp,0.125,7,7,TAGGCAAGCACTTAGGAAAC,0,3288946
relBp,0.125,7,7,TAGGATGGTGCTTGAACTTG,0,3308137
relBp,0.125,7,7,TAGGAGGCCTTCACTTGAAA,0,3258893
relBp,0.125,7,7,TAGCCCAGTAAGCTCAGTAA,0,3269456
relBp,0.125,7,7,TAGATGGCCGCAGCTAAGTT,0,3293668
relBp,0.125,7,7,TAGACCTTTGCGTTAACAAC,0,3304810
relBp,0.125,7,7,TACGTGTCGGTAAATTCAGA,0,3268013
relBp,0.125,7,7,TACGACAGAGCGACATAGGA,0,3270057
relBp,0.125,7,7,TACCTAGTCTAGGTGCGTGT,0,3302954
relBp,0.125,7,7,TACATTTGTACCGTTCAGCT,0,3261667
relBp,0.125,7,7,TACATTCACGGGATGTCGCG,0,3299799
relBp,0.125,7,7,TACATTATAAGTAAACAACA,0,3306874
relBp,0.125,7,7,TACACGTACCATGTTCTATG,0,3275732
relBp,0.125,7,7,TAAGGACATATTGGCTCCCG,0,3300613
relBp,0.125,7,7,TAAGCTTTAACTCCTGGCGA,0,3262237
relBp,0.125,7,7,GTTTGCTGGCACTAAGTATT,0,3302777
relBp,0.125,7,7,GTTGTCCGGTAGCCGCATGA,0,3267751
relBp,0.125,7,7,GTTCTCAGAAAATCAGTGGT,0,3264446
relBp,0.125,7,7,GTTCGGCCGGTAAGGGACAT,0,3262362
relBp,0.125,7,7,GTTCGAAAATAGCCTCGGGA,0,3299551
relBp,0.125,7,7,GTTAGCTCGTAAAATGAATT,0,3272967
relBp,0.125,7,7,GTTAGCCTATTCTCCGTGGG,0,3301940
relBp,0.125,7,7,GTTACGTCGCGGAACATGAA,0,3279482
relBp,0.125,7,7,GTTAACTCGAAGGTCGGAAG,0,3269662
relBp,0.125,7,7,GTGTCATTCTGCGTAGCGGT,0,3273641
relBp,0.125,7,7,GTGTCAATGGAATCAAACTT,0,3276990
relBp,0.125,7,7,GTGGGCAACGAGGGCATTTG,0,3260655
relBp,0.125,7,7,GTGGCTCATTGGAACGTCCC,0,3258897
relBp,0.125,7,7,GTGCTCCATCAACACACGGA,0,3271151
relBp,0.125,7,7,GTGAGTAGTTATCCCACTGA,0,3300728
relBp,0.125,7,7,GTGACCCGGTAGACCGAGGG,0,3276653
relBp,0.125,7,7,GTCTTTAGGGGAATATATGT,0,3265268
relBp,0.125,7,7,GTCTTGTCATCTTGCGATAG,0,3292542
relBp,0.125,7,7,GTCTTGGTGCGCCCGCGATC,0,3302964
relBp,0.125,7,7,GTCTGTAGCCCCTTGTCTGA,0,3297893
relBp,0.125,7,7,GTCTGCGTCCGGTTGGTGTC,0,3303526
relBp,0.125,7,7,GTCTCCGTTGGCTCTGGCGA,0,3296957
relBp,0.125,7,7,GTCCCACCAAGTAAAAGTGT,0,3289389
relBp,0.125,7,7,GTCAAAATCTATAGCTGTCA,0,3307101
relBp,0.125,7,7,GTATTCCCTGGTGTACTATG,0,3301753
relBp,0.125,7,7,GTATACCGGCCGTCAAGTAG,0,3261329
relBp,0.125,7,7,GTATAAGCACCCTAAATCTT,0,3303923
relBp,0.125,7,7,GTAGCGGCTCTGCTTCCCTG,0,3274307
relBp,0.125,7,7,GTAAAGCATCACATGGGGGC,0,3256491
relBp,0.125,7,7,GGTTTACAGGGCATCAGTGT,0,3293966
relBp,0.125,7,7,GGTTGCGTAATGATCCGTTA,0,3270662
relBp,0.125,7,7,GGTTGAGGTAAGACTATGAT,0,3294181
relBp,0.125,7,7,GGTGTTGTCCTTTTGTGAAT,0,3300700
relBp,0.125,7,7,GGTGGACAATACAATTAAGA,0,3256096
relBp,0.125,7,7,GGTGGAACACATCGTGACAC,0,3258805
relBp,0.125,7,7,GGTGACCAGCTTGAGACCTC,0,3292594
relBp,0.125,7,7,GGTGAAAGCAGGACTTATCA,0,3302900
relBp,0.125,7,7,GGTCGCTTGAAATTGAGCGT,0,3261381
relBp,0.125,7,7,GGTATACAACCTGCGTTGGA,0,3276459
relBp,0.125,7,7,GGTACTAAAAACGAAAAGGC,0,3305649
relBp,0.125,7,7,GGTACCGCGACTGATATCAC,0,3263945
relBp,0.125,7,7,GGTAATGCTCGTTCCGCTCC,0,3266751
relBp,0.125,7,7,GGGTCCCGTCCCTGGAAAGG,0,3287152
relBp,0.125,7,7,GGGTATCCGAGGACTACACT,0,3291742
relBp,0.125,7,7,GGGTACTAGAAAGACACCTA,0,3260635
relBp,0.125,7,7,GGGGTAAGTATCTCAAGCCC,0,3277522
relBp,0.125,7,7,GGGGAGGAAGAGTCTCGCCT,0,3263047
relBp,0.125,7,7,GGGCCAGTTGGAAAGTGGAG,0,3273529
relBp,0.125,7,7,GGGCATAAGTGGCTTCCAGG,0,3279305
relBp,0.125,7,7,GGGATCGGTTCGCATAAATT,0,3286414
relBp,0.125,7,7,GGGAGTTACCCATGGCTGTA,0,3305012
relBp,0.125,7,7,GGGAATGGGTGCTCGGATAT,0,3302342
relBp,0.125,7,7,GGCTTGTGAGCGACTTCCAT,0,3300737
relBp,0.125,7,7,GGCTCTTCTTTTTGCAGCAA,0,3285430
relBp,0.125,7,7,GGCTCTCCGATCACATTTTG,0,3298893
relBp,0.125,7,7,GGCTATTCCGGCCCACCGAT,0,3288516
relBp,0.125,7,7,GGCGTTTAGACGAAACCGTT,0,3279875
relBp,0.125,7,7,GGCGGATTCCCGATAGAGCT,0,3286437
relBp,0.125,7,7,GGCGAGCCTGTATTTTAGCT,0,3266527
relBp,0.125,7,7,GGCGAACGGGCCGGACTCTA,0,3285122
relBp,0.125,7,7,GGCCTGTGGGCACGCAGGAT,0,3283698
relBp,0.125,7,7,GGCAATCTCGGAATATTGTT,0,3281685
relBp,0.125,7,7,GGCAACTCCGCCGACATGCC,0,3275350
relBp,0.125,7,7,GGATGACCCCAGGGAATCAT,0,3288573
relBp,0.125,7,7,GGATAGTCGTCTCACCGCGG,0,3302677
relBp,0.125,7,7,GGATAGTATGGGGGGTATTT,0,3296072
relBp,0.125,7,7,GGAGTGGTTATGCTCTCCGT,0,3307536
relBp,0.125,7,7,GGAGGCGTTGCTAATCCATT,0,3284401
relBp,0.125,7,7,GGAGCTCCCGTGTTAAGACA,0,3290109
relBp,0.125,7,7,GGAGCGGTTCTGCAATGTCT,0,3289044
relBp,0.125,7,7,GGAGACTATTACTTCTAAAA,0,3286530
relBp,0.125,7,7,GGAGAAATTTACACAGGAGT,0,3286523
relBp,0.125,7,7,GGACCATACCCCGCCAGGTA,0,3262175
relBp,0.125,7,7,GGACATTTAAGTCTGGCTCC,0,3265042
relBp,0.125,7,7,GGACATCTATTGTGGCTCCC,0,3278775
relBp,0.125,7,7,GGAAGTTATTATTCGATGCA,0,3278867
relBp,0.125,7,7,GCTTCGGGTAAAAACTCCGG,0,3271545
relBp,0.125,7,7,GCTTATGTGTATTGTTCGAT,0,3286829
relBp,0.125,7,7,GCTGGCACGCGCCAATACGG,0,3272808
relBp,0.125,7,7,GCTGCACACAAGCTGATGTA,0,3264698
relBp,0.125,7,7,GCTGATGCGCTTACCGCTAG,0,3262623
relBp,0.125,7,7,GCTGACGCTGTGCGCGTGAT,0,3282686
relBp,0.125,7,7,GCTCACGCCTAAATCCAGCA,0,3305697
relBp,0.125,7,7,GCTAATGCTGGAGAGGCTGA,0,3293494
relBp,0.125,7,7,GCGTTCCGGCCTCGCCCACC,0,3266105
relBp,0.125,7,7,GCGTGAAGTTAATTCATAGC,0,3264769
relBp,0.125,7,7,GCGGGGCATGTTAGACAGGC,0,3280530
relBp,0.125,7,7,GCGCTGCGCTCGTACGTGTC,0,3267087
relBp,0.125,7,7,GCGCCACCCGAACTTGTAGT,0,3264914
relBp,0.125,7,7,GCGCACCCGACTCTATCTTA,0,3283469
relBp,0.125,7,7,GCGACCGATCTGTAGCCTGA,0,3286964
relBp,0.125,7,7,GCCTGAGTGGGTGGCCTCGG,0,3264135
relBp,0.125,7,7,GCCTGAGATCGTACAATTTC,0,3304878
relBp,0.125,7,7,GCCTCTTCTAACGTCCATCA,0,3301906
relBp,0.125,7,7,GCCTCGAGCCCACTATCGGT,0,3273953
relBp,0.125,7,7,GCCTATTCTTGCTGGTGGCA,0,3305280
relBp,0.125,7,7,GCCGCTAGACCCATCGAAGC,0,3263319
relBp,0.125,7,7,GCCGAGGTGAAGAACGCAAT,0,3293700
relBp,0.125,7,7,GCCCGTATAGAATAAGAGGA,0,3263052
relBp,0.125,7,7,GCCCCCGGGGTGTCAATCCC,0,3275984
relBp,0.125,7,7,GCCATCTACGCAGCTTAATA,0,3256432
relBp,0.125,7,7,GCCAGGCGTTCTACTAATAT,0,3265676
relBp,0.125,7,7,GCCACTTAAGGTATTCGGAT,0,3298792
relBp,0.125,7,7,GCCACATTGATCCTGTTCTT,0,3304227
relBp,0.125,7,7,GCCAACTGGTACGTACTACG,0,3272999
relBp,0.125,7,7,GCATTTGGCGACGGCTCGAC,0,3296208
relBp,0.125,7,7,GCATGCGGAGCGCGCTTACT,0,3277130
relBp,0.125,7,7,GCATCAGCCCCGCCGCCATA,0,3269927
relBp,0.125,7,7,GCATACTGAGTGGTACGCCC,0,3304585
relBp,0.125,7,7,GCAGAGATGACCACAAAGAC,0,3260988
relBp,0.125,7,7,GCACACAATTCGCCGAGGCC,0,3283767
relBp,0.125,7,7,GCAAGTAGGCGACTGGCTGA,0,3264989
relBp,0.125,7,7,GCAAGCAACGTAATTGTAAT,0,3299987
relBp,0.125,7,7,GATGTCAACCCAGAAACGAT,0,3284807
relBp,0.125,7,7,GATACCGGTCGATGGCCGGT,0,3273811
relBp,0.125,7,7,GATAACGTTTTGCGTCTGGG,0,3303391
relBp,0.125,7,7,GAGTCATCGGTTTGCAGGCG,0,3282156
relBp,0.125,7,7,GAGTACATACATGACGGACT,0,3283679
relBp,0.125,7,7,GAGCGGGTATGCAATAGGAC,0,3281001
relBp,0.125,7,7,GACTTATCATGAGTACAGAA,0,3281061
relBp,0.125,7,7,GACTTACCAATGTGATGGCT,0,3301108
relBp,0.125,7,7,GACTTACAGTATATGTTCAG,0,3285272
relBp,0.125,7,7,GACGTCACGACGCGGTTCAG,0,3280348
relBp,0.125,7,7,GACGCGTCTCCACACACGCT,0,3278590
relBp,0.125,7,7,GACCCTTTCCTTTGAGCCTT,0,3295958
relBp,0.125,7,7,GACCATTTAGTCCAGTGGTT,0,3261726
relBp,0.125,7,7,GACCAATTTATTGTATCCGT,0,3280642
relBp,0.125,7,7,GAAGCAAAGTCATCTCAAGT,0,3305426
relBp,0.125,7,7,GAACGTGATGTATTTGCTGG,0,3280522
relBp,0.125,7,7,GAACCCGAGTTGTGGGTATC,0,3259780
relBp,0.125,7,7,GAAAATGGCGTTTCGTTTAC,0,3304670
relBp,0.125,7,7,GAAAAGTCTTCAATGGTCCT,0,3279182
relBp,0.125,7,7,CTTTACCGATGGTGGCACAC,0,3266439
relBp,0.125,7,7,CTTGGTCGGTGTGCGACAAA,0,3284184
relBp,0.125,7,7,CTTGCCCTTCGCGGCCTGCA,0,3269653
relBp,0.125,7,7,CTTCGTACATCCAAGAATTA,0,3273750
relBp,0.125,7,7,CTTCGGTCTAAGGACCACGA,0,3267859
relBp,0.125,7,7,CTTAGGTACTGGCATTTACT,0,3293042
relBp,0.125,7,7,CTGTTTGTCCTACTTCAGGA,0,3294636
relBp,0.125,7,7,CTGTTTCCGATTCTTGGCCA,0,3277317
relBp,0.125,7,7,CTGTTGAAGAATTTTCGTAT,0,3263404
relBp,0.125,7,7,CTGTTCGCTAATAGTGAGCG,0,3281802
relBp,0.125,7,7,CTGTCTCGGAGCGGCTTGAT,0,3260708
relBp,0.125,7,7,CTGTCATAGAGCCAGTATCG,0,3295934
relBp,0.125,7,7,CTGGTAGTCGTCAAGCTTAA,0,3294115
relBp,0.125,7,7,CTGGGGTCAACCTTGTCATG,0,3277411
relBp,0.125,7,7,CTGGGATTTAATCGCGCGAT,0,3263783
relBp,0.125,7,7,CTGGCTGTACAGTATCGCGG,0,3287045
relBp,0.125,7,7,CTGCATCTATTTACTCCAGC,0,3267505
relBp,0.125,7,7,CTGACTATGTAGGACCTTTT,0,3287871
relBp,0.125,7,7,CTGACCGTAGACAGAGTGGC,0,3305211
relBp,0.125,7,7,CTGACCGGCCATTGGTGTCA,0,3281752
relBp,0.125,7,7,CTGAATGGGCGATGTAAGCG,0,3280165
relBp,0.125,7,7,CTCTGCCTGCAAAGGCGCTT,0,3296278
relBp,0.125,7,7,CTCTAACCCAGCCCTCAGAA,0,3287964
relBp,0.125,7,7,CTCCGCCAATCCTGGATGTA,0,3259578
relBp,0.125,7,7,CTCCGCACTTGCTCTAGGGA,0,3267530
relBp,0.125,7,7,CTCCAGGCAGCGTTTTGCTT,0,3287441
relBp,0.125,7,7,CTCAGCTACTCGGCTGGCCA,0,3270356
relBp,0.125,7,7,CTATGCACACGCGAGCGTGT,0,3303431
relBp,0.125,7,7,CTAGTACCACTCATGACGGC,0,3303306
relBp,0.125,7,7,CTACGTATCCGGACTCTGTT,0,3294504
relBp,0.125,7,7,CTACGCGACGCACAGAAGGG,0,3259746
relBp,0.125,7,7,CTACCTGTCGTCTCGTGTGT,0,3263361
relBp,0.125,7,7,CTAATCGTTCAATTACTTGA,0,3271236
relBp,0.125,7,7,CTAACAATCGGAATGGTGCA,0,3259704
relBp,0.125,7,7,CGTTTTCCATCCAATACGAA,0,3262770
relBp,0.125,7,7,CGTTGTAGTCCTGCGCTTAT,0,3279077
relBp,0.125,7,7,CGTTCCAGTGATGGGGGTTT,0,3261562
relBp,0.125,7,7,CGTTATACGTTGCGCTTTGA,0,3304825
relBp,0.125,7,7,CGTGCGTACTATGTATCCAG,0,3303613
relBp,0.125,7,7,CGTGAGGGCCATCCATCTGT,0,3279531
relBp,0.125,7,7,CGTGAACGCAACCCTAGGCA,0,3306951
relBp,0.125,7,7,CGTCGCGAGCGTCACTTGAG,0,3299104
relBp,0.125,7,7,CGTCGCCTTAACCTCGGGGG,0,3293666
relBp,0.125,7,7,CGTATGTAACGAATACGAGA,0,3290708
relBp,0.125,7,7,CGTATAAAGTCTTCTCCATG,0,3270810
relBp,0.125,7,7,CGTAAACGTGATCGTTGGTA,0,3282677
relBp,0.125,7,7,CGGTTGTACGCCCTGGTCAG,0,3301421
relBp,0.125,7,7,CGGGCCACACCTCGAACGGT,0,3262119
relBp,0.125,7,7,CGGATAGCCACAGCGTTAAC,0,3274858
relBp,0.125,7,7,CGGACCGGGGATCCACCAGC,0,3258532
relBp,0.125,7,7,CGGAACGTTTCGTCTCACTA,0,3283907
relBp,0.125,7,7,CGCTTGCGCCGACTGGCCGC,0,3271994
relBp,0.125,7,7,CGCGTCAGAGTATGACCGCA,0,3268635
relBp,0.125,7,7,CGCGGTGCGCTCGGACGCGA,0,3266340
relBp,0.125,7,7,CGCGAGATAGGTATCATGTA,0,3288738
relBp,0.125,7,7,CGCCCCTCGCATGGTCGCTC,0,3264699
relBp,0.125,7,7,CGCCAACGATCGAGGTAGCT,0,3265264
relBp,0.125,7,7,CGCATACTGACCTCTCCGTA,0,3291119
relBp,0.125,7,7,CGCAGCTTCTCAGCTATAAC,0,3299355
relBp,0.125,7,7,CGCACCTTGATTCGCAGGGG,0,3288081
relBp,0.125,7,7,CGATCCCCACGCAATATGAA,0,3257835
relBp,0.125,7,7,CGATATAGGGAGGGGCTTCT,0,3289494
relBp,0.125,7,7,CGAGAACGGTAGCTCCTGTA,0,3291088
relBp,0.125,7,7,CGACGAGGCTAGCATGAATT,0,3258823
relBp,0.125,7,7,CGAAACATCCTATCGTTCTC,0,3276073
relBp,0.125,7,7,CCTTTTAAACACCGACCAGA,0,3259798
relBp,0.125,7,7,CCTTTATAGGACATACAGGT,0,3284528
relBp,0.125,7,7,CCTTTACTCAGAGCTGAGAA,0,3267830
relBp,0.125,7,7,CCTTCTGCACATTCGGTCAC,0,3303948
relBp,0.125,7,7,CCTGAGAGACCGCCGACCGG,0,3282171
relBp,0.125,7,7,CCTGACGAGTAAGGATGGCT,0,3259429
relBp,0.125,7,7,CCTCGGCGGCGGGGAACCAA,0,3296799
relBp,0.125,7,7,CCTCGGAAATTACGGGTACT,0,3258285
relBp,0.125,7,7,CCTCCCAAGCGGAACGATAA,0,3291963
relBp,0.125,7,7,CCTACCACGCCCAGAGGCGG,0,3297661
relBp,0.125,7,7,CCTAACGATGCATTATCCTA,0,3299350
relBp,0.125,7,7,CCTAAATTAAGGAGACCAAT,0,3283798
relBp,0.125,7,7,CCGTGCTCTATCTTCGCATG,0,3276720
relBp,0.125,7,7,CCGTGAGTTAGCCCCAAATA,0,3267511
relBp,0.125,7,7,CCGGTTTCGCGGATCGAATA,0,3262034
relBp,0.125,7,7,CCGGTCACGCACCTGTTATA,0,3296326
relBp,0.125,7,7,CCGGGTTTCGCTGATAAGCG,0,3302215
relBp,0.125,7,7,CCGGGCTACGGGTGACAAGG,0,3266564
relBp,0.125,7,7,CCGGCTCTGGTAGCTGCATA,0,3299027
relBp,0.125,7,7,CCGCGATGTCCGGTGTTATT,0,3270365
relBp,0.125,7,7,CCGCAAACAGTTGTTCACCA,0,3260438
relBp,0.125,7,7,CCGAGGTTCCTTAGAACCGA,0,3297068
relBp,0.125,7,7,CCCTTCTTAGTGTCACTTAG,0,3307550
relBp,0.125,7,7,CCCTTAACGCAATCCGACCT,0,3296741
relBp,0.125,7,7,CCCTATTCCTTTACCGGCTA,0,3266606
relBp,0.125,7,7,CCCGAATGCAAGCTTCAGAG,0,3288982
relBp,0.125,7,7,CCCCTCAGTGCAAGCGTTCG,0,3272456
relBp,0.125,7,7,CCCCCGAAGGCACCACACCA,0,3287431
relBp,0.125,7,7,CCCAGTATGGCACGATGCCG,0,3267320
relBp,0.125,7,7,CCCAGAAACTGGTGCAATGC,0,3274242
relBp,0.125,7,7,CCCAAAAAGAAATATATCTG,0,3262634
relBp,0.125,7,7,CCATCAATGGGCTATCTATA,0,3258228
relBp,0.125,7,7,CCATACCAGGCATACCGGAA,0,3259164
relBp,0.125,7,7,CCAGTGAAAACAAAGGCCCT,0,3270587
relBp,0.125,7,7,CCAGGGTACTTTGTTATGGT,0,3300852
relBp,0.125,7,7,CCAGGGCCGGTGTGGGACCT,0,3265863
relBp,0.125,7,7,CCAGGGACCACCAGCTAGCT,0,3292735
relBp,0.125,7,7,CCAGAGGCTGGCTGTGTTAT,0,3266380
relBp,0.125,7,7,CCACTGGTCCATAACGACAG,0,3299716
relBp,0.125,7,7,CCAACGGACGACCTAGATTA,0,3288477
relBp,0.125,7,7,CCAAATCACTTCTTTCTGTC,0,3282338
relBp,0.125,7,7,CCAAAAGACCAGGCTCCTCA,0,3268797
relBp,0.125,7,7,CCAAAAACCCGATGGTGTAA,0,3287565
relBp,0.125,7,7,CATTGGTCCGAGAAAGTGTG,0,3306596
relBp,0.125,7,7,CATTACTCAAACATCGGCCT,0,3264681
relBp,0.125,7,7,CATGCACGTGCCACATAATG,0,3268829
relBp,0.125,7,7,CATCTTGTGGTGCTCCGTAG,0,3305287
relBp,0.125,7,7,CATCGTGGATCGTAGGAATC,0,3275926
relBp,0.125,7,7,CATCGTCTATACAGATCAAG,0,3257486
relBp,0.125,7,7,CATCCACCGGCCCGTGTGAA,0,3283908
relBp,0.125,7,7,CATAGCAGATATACCGTCTA,0,3288202
relBp,0.125,7,7,CAGTTTCAGTTGAATCCACA,0,3298251
relBp,0.125,7,7,CAGTGCAATGAGAACTCAGC,0,3292125
relBp,0.125,7,7,CAGGGGTCATGGGGCGCTAA,0,3282230
relBp,0.125,7,7,CAGGCTGACAACCTGGCTGT,0,3266703
relBp,0.125,7,7,CAGGAGGCATAGTTTCCGAT,0,3305458
relBp,0.125,7,7,CAGCGTTACCGGACTACTCA,0,3286418
relBp,0.125,7,7,CAGCCGTCAATGTGTCGTGC,0,3260310
relBp,0.125,7,7,CAGCATGTACCACTCCGCGT,0,3278534
relBp,0.125,7,7,CAGAATGAAACGGAGCAAAT,0,3283514
relBp,0.125,7,7,CACTTTTACGGGTAGTTACA,0,3266407
relBp,0.125,7,7,CACTTCATGGACAAGGATAA,0,3283405
relBp,0.125,7,7,CACTTAGTTGTCGGACGACA,0,3274763
relBp,0.125,7,7,CACGGCTGTGGTATGATTGT,0,3256449
relBp,0.125,7,7,CACGGAATAGACTTGCTAGG,0,3260208
relBp,0.125,7,7,CACGCGCCCTGTGGATCGTG,0,3265337
relBp,0.125,7,7,CACCTCACTCTTGATTACTC,0,3258966
relBp,0.125,7,7,CACCGAGGGGGCCACACGTG,0,3284669
relBp,0.125,7,7,CACATGTGCCAAGTCTGATC,0,3279188
relBp,0.125,7,7,CACACTACACATTGCTGAGG,0,3272756
relBp,0.125,7,7,CACACAAAAACCTAGGGATT,0,3295456
relBp,0.125,7,7,CACAATTATGCGCATACTGG,0,3259588
relBp,0.125,7,7,CAATGTTGACCGTATTTAAC,0,3267768
relBp,0.125,7,7,CAATCCGCTCAGAGGTGCTT,0,3290236
relBp,0.125,7,7,CAAGTCAAAAGTTTACCCAC,0,3307558
relBp,0.125,7,7,CAAGGGATGCTCAGAATACA,0,3282611
relBp,0.125,7,7,CAAGCATCGCATATTATTTG,0,3300702
relBp,0.125,7,7,ATTTTCCATTCTGGTTATGT,0,3302808
relBp,0.125,7,7,ATTTGCCAACCTCAGGGCCG,0,3278447
relBp,0.125,7,7,ATTTCTGTCTGGTTTCAGGC,0,3272278
relBp,0.125,7,7,ATTTCTGAGTGAACCGCTGA,0,3275714
relBp,0.125,7,7,ATTTCCCCCTGATGCGGATA,0,3291642
relBp,0.125,7,7,ATTTATGACGACTGAATTGC,0,3268026
relBp,0.125,7,7,ATTTACCTTTGGTAGGAGTT,0,3289998
relBp,0.125,7,7,ATTTAAGCCACAATTGACTC,0,3290411
relBp,0.125,7,7,ATTCGGGACACCGTGAACCA,0,3272085
relBp,0.125,7,7,ATTCGAAAGCAGCATAAACT,0,3286343
relBp,0.125,7,7,ATTCAACAGGGGCGAGCTAC,0,3264641
relBp,0.125,7,7,ATTAGAGGGGGCAACCTTCT,0,3256598
relBp,0.125,7,7,ATTACCACAGTCTAATCTAA,0,3286086
relBp,0.125,7,7,ATTAAGGGGTGAACAGTTTA,0,3258935
relBp,0.125,7,7,ATGTGTGTTAACCGCCGATG,0,3276002
relBp,0.125,7,7,ATGTGGTTGGTACACACGTT,0,3261486
relBp,0.125,7,7,ATGTCATTCATATACGGCGG,0,3272790
relBp,0.125,7,7,ATGTATTCCAGCTACGGGTT,0,3264619
relBp,0.125,7,7,ATGGGAATTCAAGGGCATCT,0,3293865
relBp,0.125,7,7,ATGCTGGGTTATTCGAAAAG,0,3299974
relBp,0.125,7,7,ATGCGTGGATATGGGTGGCT,0,3266764
relBp,0.125,7,7,ATGCAAGGCTTCACGGGCGA,0,3259822
relBp,0.125,7,7,ATCGGATGAGTTGAAGTGGG,0,3289460
relBp,0.125,7,7,ATCGCTCCCTCTGCATCTTA,0,3277211
relBp,0.125,7,7,ATCGCAGGGGATATCAGATC,0,3292286
relBp,0.125,7,7,ATCCTAGTCGCGTCAGAAAT,0,3262359
relBp,0.125,7,7,ATCCATCGTGTAACCCCTAT,0,3281051
relBp,0.125,7,7,ATCATCAGATCACCGCGCTA,0,3269798
relBp,0.125,7,7,ATATGGCTTGAATGGAGTCA,0,3286728
relBp,0.125,7,7,ATATATCGTATGTCAGACTG,0,3288494
relBp,0.125,7,7,ATATAGAAACGAATGGGACA,0,3278332
relBp,0.125,7,7,ATATAATCGTATAACGTGGG,0,3269038
relBp,0.125,7,7,ATAGTCCGGCCGTGTCGGGG,0,3264576
relBp,0.125,7,7,ATAGATTTCTGAATGTCCTG,0,3282965
relBp,0.125,7,7,ATACCGGTATCGTGATGGCC,0,3276662
relBp,0.125,7,7,ATAAAATTAGGGAGGCCTCG,0,3263636
relBp,0.125,7,7,AGTTTTGTGCGGGTGATCCT,0,3281587
relBp,0.125,7,7,AGTTGTGTATCAAAGTAGTG,0,3293482
relBp,0.125,7,7,AGTTCTAACTTGTGTTTCTT,0,3304530
relBp,0.125,7,7,AGTGTCACGTTGAGACAGTC,0,3285584
relBp,0.125,7,7,AGTGTATCCAACTTAAGGAC,0,3257854
relBp,0.125,7,7,AGTGAAGAGTTCTTAATAAC,0,3300584
relBp,0.125,7,7,AGTCAGGTTCCCGATCTACT,0,3267475
relBp,0.125,7,7,AGGTCCCGGGGAAGAAGTTG,0,3285873
relBp,0.125,7,7,AGGGTCGATGACTCTCTACA,0,3265381
relBp,0.125,7,7,AGGGTATTCGCATTGAGGGT,0,3301622
relBp,0.125,7,7,AGGCCTTTTGCGGACGAATG,0,3268161
relBp,0.125,7,7,AGGATTATACATGTTGGTAC,0,3271730
relBp,0.125,7,7,AGGAGGCATATTTTTTATTA,0,3268245
relBp,0.125,7,7,AGGACGCTAATATGATATTC,0,3304963
relBp,0.125,7,7,AGGACGCGGTAGACACGCCG,0,3289971
relBp,0.125,7,7,AGGAACACACTAGCGCCGGG,0,3289354
relBp,0.125,7,7,AGGAAAGTGTCATTGACGAG,0,3290835
relBp,0.125,7,7,AGCTGCTTCGAGTTAAACAC,0,3292250
relBp,0.125,7,7,AGCTGAGTCCACAGGGACTT,0,3290030
relBp,0.125,7,7,AGCTCCTGCTTTGACTTGAT,0,3263234
relBp,0.125,7,7,AGCTCCAGGGACCAAACATG,0,3283935
relBp,0.125,7,7,AGCGGTTCGGTGTAAGTCTA,0,3271495
relBp,0.125,7,7,AGCGCTTTTGGGACTCATGA,0,3268265
relBp,0.125,7,7,AGCGAGCATAGGTTTAGGAC,0,3261233
relBp,0.125,7,7,AGCCGATGGGGATCCCCGCT,0,3305223
relBp,0.125,7,7,AGCCCCCGAATAAGGATCGA,0,3257310
relBp,0.125,7,7,AGATTCCTAGATCTTCGGTG,0,3291256
relBp,0.125,7,7,AGAGTCAGAGTAGCATTCTA,0,3274628
relBp,0.125,7,7,AGAGCCTATGCAAGCCCTTC,0,3297952
relBp,0.125,7,7,AGAGCCGTGAGCTACTCCAC,0,3271193
relBp,0.125,7,7,AGAGACCGGCTTAGGCTTTG,0,3305170
relBp,0.125,7,7,AGACGTTTAACGCCGTACGT,0,3283291
relBp,0.125,7,7,AGACCCATAATCGGCTGTTA,0,3302114
relBp,0.125,7,7,ACTTTCACGTATTTGTCCTG,0,3271656
relBp,0.125,7,7,ACTTCGACTGAACATTGATC,0,3301374
relBp,0.125,7,7,ACTTAAGAGAGTGTGGTTAA,0,3290124
relBp,0.125,7,7,ACTACCTTTCAGTGCCAAGG,0,3269179
relBp,0.125,7,7,ACGTCCGACTCTGATGGTTT,0,3269757
relBp,0.125,7,7,ACGGCAACCGTTTTGAGCCC,0,3262003
relBp,0.125,7,7,ACGCTGGTCCACGTAGGCCA,0,3263902
relBp,0.125,7,7,ACGCTCCACAAGAGTTAATG,0,3271581
relBp,0.125,7,7,ACGCAGACCGTTGGTCCCAG,0,3258485
relBp,0.125,7,7,ACGACTATCGGTTATCGTCT,0,3305949
relBp,0.125,7,7,ACGAACGTTATCGAGGAGAG,0,3295109
relBp,0.125,7,7,ACCTTTTCTATGGCCAGTGA,0,3283316
relBp,0.125,7,7,ACCTGCTGGCCACGTGACCA,0,3305042
relBp,0.125,7,7,ACCTCAGGGTTGCCCAGCAG,0,3271086
relBp,0.125,7,7,ACCGCATTATGGCGATTGGG,0,3296339
relBp,0.125,7,7,ACCAGTGAAACTAGAATGTT,0,3306456
relBp,0.125,7,7,ACATGGCACTACTAGCCGTA,0,3269429
relBp,0.125,7,7,ACAATAGTCTTGATCATCAA,0,3283212
relBp,0.125,7,7,ACAACTTGACGACCCATCCG,0,3299070
relBp,0.125,7,7,ACAACATCTCTCATGAAGAT,0,3263198
relBp,0.125,7,7,ACAAAAGTAACCTTTGATCA,0,3264200
relBp,0.125,7,7,AATTTCAGAAATCTTGTGTC,0,3299839
relBp,0.125,7,7,AATTCTCAATAACACGATAG,0,3290268
relBp,0.125,7,7,AATTCGATGTGAAAACTGAA,0,3262813
relBp,0.125,7,7,AATGTTAGCAGATGGACGTT,0,3263389
relBp,0.125,7,7,AATCGCATGAGATCTCAGGC,0,3275303
relBp,0.125,7,7,AATCATGGTATCGAAATCTG,0,3271637
relBp,0.125,7,7,AATCAAGTTACTCCAGATCT,0,3299214
relBp,0.125,7,7,AATATCGCCCCCTTGAGAAC,0,3295566
relBp,0.125,7,7,AATAGCTTGAGCCCACATGG,0,3296366
relBp,0.125,7,7,AATACGGGACGCTATTCGTT,0,3256982
relBp,0.125,7,7,AAGTTCCGGTTCGTGCCGTC,0,3269024
relBp,0.125,7,7,AAGGGGGTATTAAAATCGTA,0,3259066
relBp,0.125,7,7,AAGGCTGACCCGGCACGTTA,0,3272387
relBp,0.125,7,7,AAGGCATCCGCCAGGCACCA,0,3266604
relBp,0.125,7,7,AAGCATGTGGAATAGCAAGT,0,3270229
relBp,0.125,7,7,AAGCACGCGCGATTTTCCCA,0,3296297
relBp,0.125,7,7,AAGAGCTGGGCTTGGCGTAG,0,3260662
relBp,0.125,7,7,AAGAGCGACTCATAGTTACA,0,3260921
relBp,0.125,7,7,AACTCGTCCAAGTGTGCTGT,0,3275184
relBp,0.125,7,7,AACTAATACCTCCCTAGCGG,0,3259032
relBp,0.125,7,7,AACGGCCAGTAAGCCTTCGA,0,3264396
relBp,0.125,7,7,AACGAGGCATCGAAGCCGGA,0,3305469
relBp,0.125,7,7,AACGACTAAGATCGGAGTGC,0,3261754
relBp,0.125,7,7,AACCTTTCTGCATGGTTTAT,0,3283764
relBp,0.125,7,7,AACCTTCTCTGCGCAGTTTG,0,3285834
relBp,0.125,7,7,AACCAGATTTATGTGTAGTT,0,3288325
relBp,0.125,7,7,AACATCGGTGGGTAAGGAAA,0,3289145
relBp,0.125,7,7,AACATCATGCCCTCCTTCCT,0,3290823
relBp,0.125,7,7,AACATACGTCGGCTAGGGAA,0,3299481
relBp,0.125,7,7,AAATTTCACTAACGTTTGCC,0,3303171
relBp,0.125,7,7,AAATTGCTTCCGGGGGGATT,0,3279922
relBp,0.125,7,7,AAATCCTATAAGGAGGCGTT,0,3282673
relBp,0.125,7,7,AAATAGTCTTCATCGAGCCA,0,3287708
relBp,0.125,7,7,AAAGAATGAGGATGAGGCTT,0,3285695
relBp,0.125,7,7,AAACATTCGAGTCAACCTGA,0,3283487
relBp,0.125,7,7,AAACACTACTTGACTGTTCT,0,3271011
relBp,0.125,7,7,AAACACAGAAGAGGGTAAAA,0,3290246
relBp,0.14285714285714285,6,6,TTTTCAACACGCAGTTACGT,0,3269344
relBp,0.14285714285714285,6,6,TTTGTGTTGCGTAGTACGTA,0,3274565
relBp,0.14285714285714285,6,6,TTTGGCGGGATTTTTGCAGT,0,3289032
relBp,0.14285714285714285,6,6,TTTGAGGGGCGGGAGAAGGG,0,3278805
relBp,0.14285714285714285,6,6,TTTGACCGAGTTACGGATAG,0,3290674
relBp,0.14285714285714285,6,6,TTTCTGTCCTTCAGGGCATT,0,3276144
relBp,0.14285714285714285,6,6,TTTCTGGTGTTGAATCGCCA,0,3277113
relBp,0.14285714285714285,6,6,TTTCGGGTTGCATCTTTGAT,0,3276301
relBp,0.14285714285714285,6,6,TTTCGATAGGCGGCAGGTTC,0,3271244
relBp,0.14285714285714285,6,6,TTTCCTATGGAGCGTTAGGT,0,3257374
relBp,0.14285714285714285,6,6,TTTCCCCCCGGGATATGTGG,0,3302242
relBp,0.14285714285714285,6,6,TTTATCGCTAGTCCAAGAAT,0,3271779
relBp,0.14285714285714285,6,6,TTTAGAGATGCGGGCGAGGC,0,3274578
relBp,0.14285714285714285,6,6,TTGTTTACACCGATAGCGTG,0,3307822
relBp,0.14285714285714285,6,6,TTGTCCGACGCATGATTTAT,0,3297772
relBp,0.14285714285714285,6,6,TTGTACGTAAGGCCGCCACC,0,3297298
relBp,0.14285714285714285,6,6,TTGGTTTTTGTTGGTCTAAT,0,3270996
relBp,0.14285714285714285,6,6,TTGGGCTCATCTACTCTTCA,0,3283491
relBp,0.14285714285714285,6,6,TTGGCTTCGTGTTTGGACTC,0,3287079
relBp,0.14285714285714285,6,6,TTGGCATGGGCTGAGATATA,0,3296145
relBp,0.14285714285714285,6,6,TTGCGTTGTAAAACAAGGAT,0,3274605
relBp,0.14285714285714285,6,6,TTGCCCGGTGCGAGGATCAT,0,3265249
relBp,0.14285714285714285,6,6,TTCTTGGGGATGGTCATTTG,0,3286956
relBp,0.14285714285714285,6,6,TTCTGCCGGGTGCGCGAGCC,0,3291351
relBp,0.14285714285714285,6,6,TTCTATCATAGGCGCGCAGT,0,3261399
relBp,0.14285714285714285,6,6,TTCTAGGGACTCTTACCGAT,0,3270510
relBp,0.14285714285714285,6,6,TTCTAACGTGATGAATAGTT,0,3299422
relBp,0.14285714285714285,6,6,TTCGGTGTTTCGACAATGCT,0,3285628
relBp,0.14285714285714285,6,6,TTCGCACGGGAGGAGCAGCG,0,3299329
relBp,0.14285714285714285,6,6,TTCGACTTCAGGCTCGTAAG,0,3266094
relBp,0.14285714285714285,6,6,TTCCTTTTCATTGCCGTAGT,0,3276588
relBp,0.14285714285714285,6,6,TTCCTTGCTCTAGAGAATCG,0,3258266
relBp,0.14285714285714285,6,6,TTCCGGGCGATTACGTGGTC,0,3260790
relBp,0.14285714285714285,6,6,TTCCGGGAATGCAATTCGCT,0,3303922
relBp,0.14285714285714285,6,6,TTCCCCTCTACCTGAAGTCG,0,3272794
relBp,0.14285714285714285,6,6,TTCCCAGGGGGACTAAATGT,0,3257539
relBp,0.14285714285714285,6,6,TTCAGGCTGGATGCATTGTT,0,3295445
relBp,0.14285714285714285,6,6,TTCAAGGTTGCTCGGCCGAG,0,3273942
relBp,0.14285714285714285,6,6,TTATGTTGTATTGTGTGACC,0,3292081
relBp,0.14285714285714285,6,6,TTATCCTCTTTGTCCACCCG,0,3271897
relBp,0.14285714285714285,6,6,TTATCAACGATCACCCCGGA,0,3279447
relBp,0.14285714285714285,6,6,TTATATCTTACAGTGGGGCT,0,3304852
relBp,0.14285714285714285,6,6,TTATACTGAGAACGTATACC,0,3276386
relBp,0.14285714285714285,6,6,TTATACGCGAATAGTTTCTA,0,3284160
relBp,0.14285714285714285,6,6,TTAGGCGGATGCCACAGCAA,0,3281134
relBp,0.14285714285714285,6,6,TTAGCGTCTTGCTAAAACTG,0,3267760
relBp,0.14285714285714285,6,6,TGTTTGGGTATGCGTATCTC,0,3269313
relBp,0.14285714285714285,6,6,TGTTCTACAGTTCAAACGTG,0,3263928
relBp,0.14285714285714285,6,6,TGTTAAGATGGCACATCCTT,0,3280265
relBp,0.14285714285714285,6,6,TGTGGGGGATCGCGATCGTG,0,3268620
relBp,0.14285714285714285,6,6,TGTGGCCGGTCGCTGTAAAT,0,3280418
relBp,0.14285714285714285,6,6,TGTGCCCACTCATCTCCGCA,0,3281456
relBp,0.14285714285714285,6,6,TGTGACTGCTCCTTGTCTTA,0,3288515
relBp,0.14285714285714285,6,6,TGTCTTGAGGTCGTGACACG,0,3291277
relBp,0.14285714285714285,6,6,TGTCGGGGTGTTGGACGAGA,0,3277265
relBp,0.14285714285714285,6,6,TGTCATCTAGATATTATCAG,0,3283158
relBp,0.14285714285714285,6,6,TGTAGCGGACCCCTGTATCC,0,3276983
relBp,0.14285714285714285,6,6,TGTAGCGCGTGATCTAGCGG,0,3290257
relBp,0.14285714285714285,6,6,TGTAGAGACAATGCGGGCTG,0,3269267
relBp,0.14285714285714285,6,6,TGGTGAGTCTTACGTTGTAT,0,3269597
relBp,0.14285714285714285,6,6,TGGTACCTGTCAAAAGCAAT,0,3278295
relBp,0.14285714285714285,6,6,TGGGTTCTCGCCTAGCCTGA,0,3305889
relBp,0.14285714285714285,6,6,TGGGAATGTTTCAAAAAGTT,0,3283197
relBp,0.14285714285714285,6,6,TGGCGAGACTCCCTCGGGCG,0,3281210
relBp,0.14285714285714285,6,6,TGGATTTGCACACGCCGATG,0,3289016
relBp,0.14285714285714285,6,6,TGGAATCCCTTCCGTACATT,0,3296101
relBp,0.14285714285714285,6,6,TGCTTTACACCGAAGCCAGC,0,3258233
relBp,0.14285714285714285,6,6,TGCTGGTCTAGGAAGTCTTG,0,3263743
relBp,0.14285714285714285,6,6,TGCTGATGGGTCCGTACTGT,0,3281557
relBp,0.14285714285714285,6,6,TGCATGGTCGAAGATAACGT,0,3256073
relBp,0.14285714285714285,6,6,TGCAGAGTGGGGACTCGGGA,0,3258028
relBp,0.14285714285714285,6,6,TGCACCATAGTACGTGTTGT,0,3290106
relBp,0.14285714285714285,6,6,TGCAAGTCAGGTCCCATGGT,0,3283109
relBp,0.14285714285714285,6,6,TGATTGAGGAATTCGCATGC,0,3273166
relBp,0.14285714285714285,6,6,TGATTCCTTTGATCCAAGGT,0,3304463
relBp,0.14285714285714285,6,6,TGATAGAGTCAGTGGGCGAG,0,3259203
relBp,0.14285714285714285,6,6,TGATAAACCAAGTCAGGTGA,0,3283206
relBp,0.14285714285714285,6,6,TGACGGTGGGGGCTTACTCC,0,3271749
relBp,0.14285714285714285,6,6,TGACATGCGAGGTCTGGATG,0,3259936
relBp,0.14285714285714285,6,6,TGAAAAATCACCGCTCGTAT,0,3300920
relBp,0.14285714285714285,6,6,TCTTTCGGACCGGACCAGTT,0,3289342
relBp,0.14285714285714285,6,6,TCTTGGACTTATCCAACATA,0,3281663
relBp,0.14285714285714285,6,6,TCTGTTTGTCCGCTCCTGAT,0,3289322
relBp,0.14285714285714285,6,6,TCTGGTCGGAGCACTTGCGC,0,3274775
relBp,0.14285714285714285,6,6,TCTGACGGTTTTGGAGACGC,0,3273985
relBp,0.14285714285714285,6,6,TCTCTACGTGCTTGGCAGAA,0,3267532
relBp,0.14285714285714285,6,6,TCTCGGGTGTATTGGACCTG,0,3302090
relBp,0.14285714285714285,6,6,TCTATCGGTTGAGGCCAGTA,0,3264403
relBp,0.14285714285714285,6,6,TCTAGGACTGCCCGAAGTTG,0,3273349
relBp,0.14285714285714285,6,6,TCGTGAGCGTGGGGGTACCG,0,3277890
relBp,0.14285714285714285,6,6,TCGTCCGCTCCACGAGTAAC,0,3278188
relBp,0.14285714285714285,6,6,TCGGTAATGAGCGACTCAGT,0,3285855
relBp,0.14285714285714285,6,6,TCGGCCCCACCTAATGCTGA,0,3278193
relBp,0.14285714285714285,6,6,TCGCATATGGAGCGGCCATG,0,3256154
relBp,0.14285714285714285,6,6,TCGACCTCCTGCACGGACAT,0,3262082
relBp,0.14285714285714285,6,6,TCGACAGGCTCTAGCCGTGT,0,3266379
relBp,0.14285714285714285,6,6,TCCGGTGCAAGTACAACGAT,0,3284685
relBp,0.14285714285714285,6,6,TCCGAGTTAACGGAAGGTAT,0,3293029
relBp,0.14285714285714285,6,6,TCCCTGATGTCTTCCGATTG,0,3270089
relBp,0.14285714285714285,6,6,TCCCGCAGAAGACAGGCAGT,0,3277893
relBp,0.14285714285714285,6,6,TCCCCTCATTCAGGCGACCG,0,3267781
relBp,0.14285714285714285,6,6,TCCCCCCTTCAAGCAGCTAT,0,3295015
relBp,0.14285714285714285,6,6,TCCAGATGCCACCCTGGGAA,0,3306759
relBp,0.14285714285714285,6,6,TCATGTTCAGTCTCGGCGGA,0,3272354
relBp,0.14285714285714285,6,6,TCAGCTTAAATATATAGGGT,0,3256986
relBp,0.14285714285714285,6,6,TCAGATCAGGCTCCCCGGAG,0,3290711
relBp,0.14285714285714285,6,6,TCAGATATATGGGACCAGGA,0,3296920
relBp,0.14285714285714285,6,6,TCAGATACCAAGGCCTGACC,0,3299325
relBp,0.14285714285714285,6,6,TCAGACCTCCCCAGGGAGTC,0,3261561
relBp,0.14285714285714285,6,6,TCACGGTGTTATGCGCCTAG,0,3282561
relBp,0.14285714285714285,6,6,TCACGCAGGCCCGCTAGGCG,0,3265099
relBp,0.14285714285714285,6,6,TCAATAGCCCCCCCGATTTT,0,3261933
relBp,0.14285714285714285,6,6,TATTTCCAATCTACAGTCAG,0,3268938
relBp,0.14285714285714285,6,6,TATTACGGTTTTTTATTTAG,0,3256301
relBp,0.14285714285714285,6,6,TATGTGTCGTCTGGTGTTAT,0,3277472
relBp,0.14285714285714285,6,6,TATGGGCAAGTGGTGAGAGT,0,3307989
relBp,0.14285714285714285,6,6,TATGCATTTCGAAGTTTGAC,0,3279551
relBp,0.14285714285714285,6,6,TATGACAGGGACGTTCCTCA,0,3287521
relBp,0.14285714285714285,6,6,TATCTCGCTATAAGTAGTCC,0,3256129
relBp,0.14285714285714285,6,6,TATAGCAGAGTCATGATTAA,0,3272288
relBp,0.14285714285714285,6,6,TATAAATCTAGAAAAAGTGT,0,3304117
relBp,0.14285714285714285,6,6,TATAAACGGAGGTATAAGTG,0,3298461
relBp,0.14285714285714285,6,6,TAGGTTCTCTTTCGCGCAAT,0,3286872
relBp,0.14285714285714285,6,6,TAGGGATGGCTGGCAAGGAC,0,3259991
relBp,0.14285714285714285,6,6,TAGGAAAATTAATCTGTTAA,0,3262669
relBp,0.14285714285714285,6,6,TAGCGGGCCTGGATGAGCTA,0,3279304
relBp,0.14285714285714285,6,6,TAGCATCGCGACATCATCAA,0,3271775
relBp,0.14285714285714285,6,6,TAGCACGACAGCCGCAGTAG,0,3261863
relBp,0.14285714285714285,6,6,TAGAAACGGCCACGACGTCA,0,3288293
relBp,0.14285714285714285,6,6,TACTTGTGACATAGCGAAGT,0,3300599
relBp,0.14285714285714285,6,6,TACTCACCGCTAATGTAACG,0,3259161
relBp,0.14285714285714285,6,6,TACTATCAGCGCTGTTCGGC,0,3284458
relBp,0.14285714285714285,6,6,TACCGAGAGGTAGACCCAAG,0,3267696
relBp,0.14285714285714285,6,6,TACCATATGCGTGCATTACG,0,3283492
relBp,0.14285714285714285,6,6,TACCACAAAGTTTCGCGGTT,0,3282221
relBp,0.14285714285714285,6,6,TACACGTGGACGAGTGTGGG,0,3302820
relBp,0.14285714285714285,6,6,TACAAGGAGGGGGTAGCAGT,0,3281977
relBp,0.14285714285714285,6,6,TAATTATCACCTGTATTATG,0,3295757
relBp,0.14285714285714285,6,6,TAATGGTATCTATCACCTCA,0,3279607
relBp,0.14285714285714285,6,6,TAAGGTACCCCTCGCACGCC,0,3269300
relBp,0.14285714285714285,6,6,TAACGGCCTACATCTAGCGT,0,3263147
relBp,0.14285714285714285,6,6,TAACGCATGCCAGTGAATTT,0,3286313
relBp,0.14285714285714285,6,6,TAACGCAAAGCAAGCGGGTG,0,3303798
relBp,0.14285714285714285,6,6,TAACATAATTCTATGGGGAT,0,3292086
relBp,0.14285714285714285,6,6,TAAATAGATTTCTGTCAGTG,0,3267135
relBp,0.14285714285714285,6,6,TAAACGTCGCTAACCTGTAG,0,3281799
relBp,0.14285714285714285,6,6,TAAACGTCGCACCCACGGCG,0,3265149
relBp,0.14285714285714285,6,6,GTTTTTTCAGGGCGAGCTCA,0,3288420
relBp,0.14285714285714285,6,6,GTTTTTCGCCCGTTCGACGT,0,3284423
relBp,0.14285714285714285,6,6,GTTTTCGACGCCTCAGTGGC,0,3281730
relBp,0.14285714285714285,6,6,GTTTCAGGTGCTTAAGCGAA,0,3297910
relBp,0.14285714285714285,6,6,GTTTCAATCTGTAATTATGG,0,3257207
relBp,0.14285714285714285,6,6,GTTTAAGAAAGCACAAGTCC,0,3280360
relBp,0.14285714285714285,6,6,GTTGTCCAGCAGGTTGGCTA,0,3298193
relBp,0.14285714285714285,6,6,GTTGTATAAGACGGTCCCGT,0,3292174
relBp,0.14285714285714285,6,6,GTTGGGTTGAGACAGTGTTC,0,3283351
relBp,0.14285714285714285,6,6,GTTGCACCAAGTCGGAGTTC,0,3286181
relBp,0.14285714285714285,6,6,GTTCTAACGCGCGGTTGTGA,0,3258140
relBp,0.14285714285714285,6,6,GTTATGTTCCGGTAGCATAT,0,3274020
relBp,0.14285714285714285,6,6,GTTAGTGGCTATGTTGCCAA,0,3258868
relBp,0.14285714285714285,6,6,GTTAACTTTGGAATGTCCCT,0,3301076
relBp,0.14285714285714285,6,6,GTTAAACACAGATGGAGTCT,0,3284303
relBp,0.14285714285714285,6,6,GTGTTAACCGGGCGGCAAAT,0,3299538
relBp,0.14285714285714285,6,6,GTGTCTCGACTAGGTTTCCA,0,3305707
relBp,0.14285714285714285,6,6,GTGGGCGGATTCGTGCACGA,0,3281249
relBp,0.14285714285714285,6,6,GTGGGCAGTCCTCTTTTTCC,0,3268910
relBp,0.14285714285714285,6,6,GTGATTTGATTTCTCTCAAA,0,3278463
relBp,0.14285714285714285,6,6,GTGATCTATTTTGAGAGCGC,0,3287656
relBp,0.14285714285714285,6,6,GTGAAACACTCTCATGCCAT,0,3283501
relBp,0.14285714285714285,6,6,GTCTGTAAATTCTGGCTCAA,0,3278924
relBp,0.14285714285714285,6,6,GTCTCTTTTTTAATATCGGT,0,3258514
relBp,0.14285714285714285,6,6,GTCGAAGGGGCTCGAGGACA,0,3260057
relBp,0.14285714285714285,6,6,GTCCTTGGAGACTAAATAAA,0,3304876
relBp,0.14285714285714285,6,6,GTCCTGTCTCTGATGTATTT,0,3265936
relBp,0.14285714285714285,6,6,GTCCCTCAGGCGAGGGCAAG,0,3262637
relBp,0.14285714285714285,6,6,GTCCATAGGTATGTGTTTCA,0,3287703
relBp,0.14285714285714285,6,6,GTCATCGTGAACAATGCCTA,0,3264515
relBp,0.14285714285714285,6,6,GTCAAATACTCTCCCAAAAA,0,3304118
relBp,0.14285714285714285,6,6,GTATCTCCCGTTAGGAATTT,0,3307641
relBp,0.14285714285714285,6,6,GTATATTGCCCGAATGAGGA,0,3259221
relBp,0.14285714285714285,6,6,GTATAGGTTAACGCTCTATG,0,3270596
relBp,0.14285714285714285,6,6,GTATAATGGATTTGAGCCAC,0,3299026
relBp,0.14285714285714285,6,6,GTAGGTTCCATCCACTGGAA,0,3295293
relBp,0.14285714285714285,6,6,GTAGCGCTATTTATAACTTG,0,3266811
relBp,0.14285714285714285,6,6,GTACTAGTCAATACGTAATA,0,3278297
relBp,0.14285714285714285,6,6,GTACGATATAGAGTAGGCCT,0,3267724
relBp,0.14285714285714285,6,6,GTACCTTACCAAGAAAGCAA,0,3299769
relBp,0.14285714285714285,6,6,GTAATATATACACAGCATCA,0,3297436
relBp,0.14285714285714285,6,6,GTAAGGCCCGTCCGGACTGC,0,3289307
relBp,0.14285714285714285,6,6,GGTTTCAAACCCTCCGTGCT,0,3299508
relBp,0.14285714285714285,6,6,GGTTTAAAGGCTGGGGTATA,0,3300091
relBp,0.14285714285714285,6,6,GGTTCTGGCTGAATGACCAA,0,3260556
relBp,0.14285714285714285,6,6,GGTTCGTGCATCCACGTAAG,0,3263233
relBp,0.14285714285714285,6,6,GGTTATCCCCGCTGATCCGT,0,3303551
relBp,0.14285714285714285,6,6,GGTTAGAAGAAGAGTCTCGT,0,3259613
relBp,0.14285714285714285,6,6,GGTCTGCCGACTCTCGGCTG,0,3285688
relBp,0.14285714285714285,6,6,GGTCTACTGTCGCCTCAGTA,0,3285743
relBp,0.14285714285714285,6,6,GGTCAAGAGTGACATATGGA,0,3265575
relBp,0.14285714285714285,6,6,GGGTGTGCCTTAGGCGATTG,0,3296633
relBp,0.14285714285714285,6,6,GGGTAGCGGAACAGTGATCT,0,3307591
relBp,0.14285714285714285,6,6,GGGGTTCCAACTGAGGAGGT,0,3288898
relBp,0.14285714285714285,6,6,GGGGTGTTGATATATTTGGA,0,3266136
relBp,0.14285714285714285,6,6,GGGGGGGTGACAAGTAACCT,0,3261935
relBp,0.14285714285714285,6,6,GGGGGGGTCTAGACCGTCAT,0,3283980
relBp,0.14285714285714285,6,6,GGGGCAGGAGTACATAACGC,0,3263820
relBp,0.14285714285714285,6,6,GGGGATCGTTTCGAGCGCAT,0,3295223
relBp,0.14285714285714285,6,6,GGGCTTGCTTGGTCTGTGTC,0,3274177
relBp,0.14285714285714285,6,6,GGGCTTCGTCTAACTCGAAA,0,3286445
relBp,0.14285714285714285,6,6,GGGCTACATTTCAAAAGATG,0,3268563
relBp,0.14285714285714285,6,6,GGGCGCGACGAATCCATAAG,0,3288842
relBp,0.14285714285714285,6,6,GGGCACTGGGTCGATAAGCG,0,3257103
relBp,0.14285714285714285,6,6,GGGCACGAGCGGAATGGCCC,0,3299687
relBp,0.14285714285714285,6,6,GGGATTACTCGTCCAGGTTT,0,3258315
relBp,0.14285714285714285,6,6,GGGATGTAACAGCTTTCATG,0,3278189
relBp,0.14285714285714285,6,6,GGGATCATACACGGGCTCGT,0,3278385
relBp,0.14285714285714285,6,6,GGGAGTATGACGCACCCGAG,0,3272326
relBp,0.14285714285714285,6,6,GGGACAAGGTGAAATGCCAA,0,3306936
relBp,0.14285714285714285,6,6,GGCTTTTGAAATGATATGGT,0,3291720
relBp,0.14285714285714285,6,6,GGCTCCCACTTTTTGTCAAG,0,3286492
relBp,0.14285714285714285,6,6,GGCTACAAGGGCGCTTCGCT,0,3271554
relBp,0.14285714285714285,6,6,GGCGGCTGCAACTTATATCC,0,3265535
relBp,0.14285714285714285,6,6,GGCGGAGATGATTCGTTTTG,0,3289946
relBp,0.14285714285714285,6,6,GGCGAACCGTATAGGATTAG,0,3281169
relBp,0.14285714285714285,6,6,GGCCTGATAAGCAGTAGCGC,0,3305374
relBp,0.14285714285714285,6,6,GGCCCCGTCGTCGCATAGGA,0,3296842
relBp,0.14285714285714285,6,6,GGCATGTGCCTCAGAACTAA,0,3272504
relBp,0.14285714285714285,6,6,GGCATCACCGCGCAGTAGAC,0,3262046
relBp,0.14285714285714285,6,6,GGCACGGGAAGAGTATCTTT,0,3285250
relBp,0.14285714285714285,6,6,GGCACATGTACCCGGTCACG,0,3277128
relBp,0.14285714285714285,6,6,GGCAAACAAAGGTGGCGAGA,0,3265076
relBp,0.14285714285714285,6,6,GGATTTAGCTGCTTGCCAGC,0,3264971
relBp,0.14285714285714285,6,6,GGAGGAAATGCCTGAGTTGA,0,3262267
relBp,0.14285714285714285,6,6,GGAGCTTCACGCGTTGCGAT,0,3280774
relBp,0.14285714285714285,6,6,GGAGACCCGTGTTAATAGCT,0,3263343
relBp,0.14285714285714285,6,6,GGACCGTGTAATGCATTACT,0,3261853
relBp,0.14285714285714285,6,6,GGACCCGACAGCAAACTACG,0,3264074
relBp,0.14285714285714285,6,6,GGAATTGGTTTCGCGGCACT,0,3286978
relBp,0.14285714285714285,6,6,GCTGGCTCAAACGGTGCCGA,0,3265400
relBp,0.14285714285714285,6,6,GCTGGAGACAATTTCTCAAC,0,3257048
relBp,0.14285714285714285,6,6,GCTCCATAGAAGAAGTAGTC,0,3269441
relBp,0.14285714285714285,6,6,GCTATTATGCGCGGGTCTCT,0,3278010
relBp,0.14285714285714285,6,6,GCTAGCATTTAGCGCGTCAC,0,3271604
relBp,0.14285714285714285,6,6,GCGTGAATGGACTTGTAATT,0,3287654
relBp,0.14285714285714285,6,6,GCGGTCGTAAATAGCCGTTC,0,3290466
relBp,0.14285714285714285,6,6,GCGGTAGATATTTCGACAAT,0,3259889
relBp,0.14285714285714285,6,6,GCGCGAGTTAGTTTCTCGCT,0,3300185
relBp,0.14285714285714285,6,6,GCGAAGATTTTGAAAGCATG,0,3290213
relBp,0.14285714285714285,6,6,GCCTGGTCGGCTGCATCATG,0,3266942
relBp,0.14285714285714285,6,6,GCCTCTCCTCCGGGTTGGGA,0,3304495
relBp,0.14285714285714285,6,6,GCCGCAACTCGTCAGGGTAG,0,3301660
relBp,0.14285714285714285,6,6,GCCCTTTGTCATTTGCGTTT,0,3294385
relBp,0.14285714285714285,6,6,GCCCCTCTGTTCCTCCCACA,0,3280883
relBp,0.14285714285714285,6,6,GCCATCAAAGACTATCAAGT,0,3305890
relBp,0.14285714285714285,6,6,GCCAGAGTTAAGTCGTCACA,0,3285629
relBp,0.14285714285714285,6,6,GCCACCCGGAGAGCTGCATA,0,3286320
relBp,0.14285714285714285,6,6,GCATGCGGGCGGTCACTGAC,0,3291331
relBp,0.14285714285714285,6,6,GCATACATACCATCAAATAC,0,3305615
relBp,0.14285714285714285,6,6,GCAGTGAGTTTCCAACGGTG,0,3289384
relBp,0.14285714285714285,6,6,GCAGGAGAAGTATCGGAACG,0,3296952
relBp,0.14285714285714285,6,6,GCACTCCCCCATTTAAATTA,0,3274142
relBp,0.14285714285714285,6,6,GCACGGTGGTGAACTCTCTT,0,3296241
relBp,0.14285714285714285,6,6,GCACAGGTGCATACGGTCAA,0,3262218
relBp,0.14285714285714285,6,6,GCAATACTGTACGTGGAGGC,0,3258279
relBp,0.14285714285714285,6,6,GCAAAGGTTGCAGCGGAGAG,0,3266370
relBp,0.14285714285714285,6,6,GATTTCTTGTTGTTATTGCT,0,3259786
relBp,0.14285714285714285,6,6,GATTGTCGCAGGGGGACCTA,0,3290179
relBp,0.14285714285714285,6,6,GATTCTTGATAGACATCTGG,0,3263951
relBp,0.14285714285714285,6,6,GATTCGAAGGAGTGGTCATG,0,3278273
relBp,0.14285714285714285,6,6,GATGCCCACTTTTGTCGGCC,0,3265097
relBp,0.14285714285714285,6,6,GATCGTAAGACAGATCCTAT,0,3290738
relBp,0.14285714285714285,6,6,GATCGAGTGCCGGTCAGTGA,0,3275265
relBp,0.14285714285714285,6,6,GATCCATACCCTGCCCGTCC,0,3294172
relBp,0.14285714285714285,6,6,GATCCAGGAAAACCGGATGT,0,3259120
relBp,0.14285714285714285,6,6,GATATAAAGCCATGGGCACA,0,3259056
relBp,0.14285714285714285,6,6,GAGTTGAGTACGTCACAGAA,0,3302950
relBp,0.14285714285714285,6,6,GAGTGACAGATCAGAAAGGT,0,3278473
relBp,0.14285714285714285,6,6,GAGGCGCCTCCCATGAGCGA,0,3287782
relBp,0.14285714285714285,6,6,GAGGAGCTAAAGAAGTGTAA,0,3300309
relBp,0.14285714285714285,6,6,GAGGAATTAGCACGGTCAAA,0,3299712
relBp,0.14285714285714285,6,6,GAGCACAGTGGCCCTGAACG,0,3284590
relBp,0.14285714285714285,6,6,GAGAGGACATACGGTTGGTT,0,3257053
relBp,0.14285714285714285,6,6,GAGACGGGGTCTGGGGACAG,0,3298298
relBp,0.14285714285714285,6,6,GAGACCTGCGTGGTATCGCG,0,3265612
relBp,0.14285714285714285,6,6,GACCTGATAGGCGACAGGGT,0,3301537
relBp,0.14285714285714285,6,6,GACCTATGGGAACCCTGATA,0,3269168
relBp,0.14285714285714285,6,6,GACCTAACTATTACCTAACA,0,3291378
relBp,0.14285714285714285,6,6,GACCGATAAGGGGCCGTTAT,0,3271912
relBp,0.14285714285714285,6,6,GACATCATAAGCCTCTTGAA,0,3278250
relBp,0.14285714285714285,6,6,GACAGTATGCCAGCGGGCCA,0,3256803
relBp,0.14285714285714285,6,6,GACACATTCATCTGGCCGTT,0,3264994
relBp,0.14285714285714285,6,6,GACAAAGGCTCATGGGCAAC,0,3291854
relBp,0.14285714285714285,6,6,GAATGGGTTGACAGCAACAA,0,3271923
relBp,0.14285714285714285,6,6,GAATGGGTTACCCCGAATGC,0,3262323
relBp,0.14285714285714285,6,6,GAAGCAAGATGTTAGTGCAT,0,3292120
relBp,0.14285714285714285,6,6,GAACATGGGAATTCACTCAA,0,3291828
relBp,0.14285714285714285,6,6,GAACAGTTTGGCCCTCCTGT,0,3271634
relBp,0.14285714285714285,6,6,GAAAGTCGGGGGGATGGCGG,0,3263364
relBp,0.14285714285714285,6,6,CTTTGTAAACGAGGGCCACC,0,3301209
relBp,0.14285714285714285,6,6,CTTTCCTCACTCGAATAGCA,0,3266599
relBp,0.14285714285714285,6,6,CTTGTCTTTGAGATAATTAG,0,3304932
relBp,0.14285714285714285,6,6,CTTGTACAGGGAAAGACACA,0,3288008
relBp,0.14285714285714285,6,6,CTTGGTTCCGCGGCTCTTAG,0,3292912
relBp,0.14285714285714285,6,6,CTTGGCTAGCCATAACGGAG,0,3270948
relBp,0.14285714285714285,6,6,CTTGGATCGCGGAAGTGCCT,0,3286112
relBp,0.14285714285714285,6,6,CTTGAGGCAGAGAGTGGATC,0,3273786
relBp,0.14285714285714285,6,6,CTTCTTGTTGGTCACAGGAA,0,3304068
relBp,0.14285714285714285,6,6,CTTCTCTCACGCGAGAGATC,0,3286598
relBp,0.14285714285714285,6,6,CTTCAGACTGGTAGGGATGC,0,3297547
relBp,0.14285714285714285,6,6,CTTCAACGGGACACGGGCTC,0,3281037
relBp,0.14285714285714285,6,6,CTTATTTTCTCCAATAAAGG,0,3259653
relBp,0.14285714285714285,6,6,CTTATACGGTAAGTCGTTCC,0,3283604
relBp,0.14285714285714285,6,6,CTTAAGCGGGTTCAAGGGTT,0,3269685
relBp,0.14285714285714285,6,6,CTGTTCACCGAGGCTGATGC,0,3291823
relBp,0.14285714285714285,6,6,CTGTTATGACGCTATAGCTG,0,3267284
relBp,0.14285714285714285,6,6,CTGTGGAACCCGGAAGCGCT,0,3292935
relBp,0.14285714285714285,6,6,CTGTCTAAAAGTTGAAGGTT,0,3282429
relBp,0.14285714285714285,6,6,CTGTCACCCTGGGAGATCCC,0,3256418
relBp,0.14285714285714285,6,6,CTGTAAACTGGACGGGCAGT,0,3278875
relBp,0.14285714285714285,6,6,CTGGTTATTATAAGAAAAAG,0,3290481
relBp,0.14285714285714285,6,6,CTGCTTGGCAGTCCGGGTGA,0,3262859
relBp,0.14285714285714285,6,6,CTGCTCAGCGTACCGGTCGC,0,3297968
relBp,0.14285714285714285,6,6,CTGATTAAGCAGGTGGGAGT,0,3299681
relBp,0.14285714285714285,6,6,CTCTGTTGTGGCGCTGAGCT,0,3272678
relBp,0.14285714285714285,6,6,CTCTATACCGTTCGGATCTA,0,3286363
relBp,0.14285714285714285,6,6,CTCGGGGCCGCCCCCGATGG,0,3264665
relBp,0.14285714285714285,6,6,CTCGCGTCGCATCGCGCAAG,0,3294614
relBp,0.14285714285714285,6,6,CTCGACACGAATACCGGTAC,0,3280634
relBp,0.14285714285714285,6,6,CTCCTGGGAGTATACTTTTA,0,3264371
relBp,0.14285714285714285,6,6,CTCAGTTATCGCAAAATCGG,0,3268916
relBp,0.14285714285714285,6,6,CTATCTTTACACTTCCGCTC,0,3270125
relBp,0.14285714285714285,6,6,CTATCCTTCACGGGACTGCC,0,3301612
relBp,0.14285714285714285,6,6,CTAGCTTTAGCGTGTTGCGC,0,3286081
relBp,0.14285714285714285,6,6,CTAGCTATGGACCATCAAAT,0,3276912
relBp,0.14285714285714285,6,6,CTAGCATGTGAATGGGCGTC,0,3269700
relBp,0.14285714285714285,6,6,CTACTGTCGGCGGGACTCTC,0,3267516
relBp,0.14285714285714285,6,6,CTACTAGGCCACACCACGTC,0,3303089
relBp,0.14285714285714285,6,6,CTACGGAGTCAATGTGGCGC,0,3261036
relBp,0.14285714285714285,6,6,CTACAACCCGGTTTACGTAA,0,3277985
relBp,0.14285714285714285,6,6,CTAAGCCGGTATTCTATAAC,0,3284153
relBp,0.14285714285714285,6,6,CGTTTGCATGATCCGCGGAC,0,3293923
relBp,0.14285714285714285,6,6,CGTTTCCCAGTTGCGGCCAT,0,3296269
relBp,0.14285714285714285,6,6,CGTTCAGGGAAGGGGCTAGT,0,3273650
relBp,0.14285714285714285,6,6,CGTGACTTAGACCATTCGAT,0,3259774
relBp,0.14285714285714285,6,6,CGTCCTCCGATTTCAACGTA,0,3289360
relBp,0.14285714285714285,6,6,CGTATGGCTCACGCGTCAGT,0,3269275
relBp,0.14285714285714285,6,6,CGGTTGCAGATGGGAGGTCA,0,3293926
relBp,0.14285714285714285,6,6,CGGTTAAGAGTCCGCGTTTC,0,3262024
relBp,0.14285714285714285,6,6,CGGTGCCTCGTAGCTCGTAT,0,3269027
relBp,0.14285714285714285,6,6,CGGTATCTTTAGGGCTACAC,0,3261989
relBp,0.14285714285714285,6,6,CGGTACGGAAGTAGAGGCCA,0,3303010
relBp,0.14285714285714285,6,6,CGGGTCTGTGCGCCAGTCTA,0,3286520
relBp,0.14285714285714285,6,6,CGGGGTACCCGCTTGGGAAC,0,3273146
relBp,0.14285714285714285,6,6,CGGGGGGTGATAATACCTTT,0,3290421
relBp,0.14285714285714285,6,6,CGGGGGAAGGAAAGGTTCAC,0,3280881
relBp,0.14285714285714285,6,6,CGGGGATTATAAGTGCAGTA,0,3268284
relBp,0.14285714285714285,6,6,CGGGCTGTGTTTTATCGTAG,0,3291992
relBp,0.14285714285714285,6,6,CGGGCGATTTAATAGCAGTT,0,3281357
relBp,0.14285714285714285,6,6,CGGGAGAAGAAGGGGTCACA,0,3257034
relBp,0.14285714285714285,6,6,CGGGACGTCGAATCGGAATC,0,3263818
relBp,0.14285714285714285,6,6,CGGCTCATAATAGAATAAGT,0,3292652
relBp,0.14285714285714285,6,6,CGGCGTCTAGGTACCCACCA,0,3266103
relBp,0.14285714285714285,6,6,CGGACTTTCCGGACAATCTA,0,3264220
relBp,0.14285714285714285,6,6,CGGACGGGGGTGTAGGGACT,0,3261623
relBp,0.14285714285714285,6,6,CGGACGATTGTGTCTATGGT,0,3303832
relBp,0.14285714285714285,6,6,CGGACATGGGGCTCGTAGAT,0,3284266
relBp,0.14285714285714285,6,6,CGCTTTATGCTGACGATTTC,0,3280447
relBp,0.14285714285714285,6,6,CGCTCTCACTAACCAAAGAA,0,3270582
relBp,0.14285714285714285,6,6,CGCTCGGTCGTCGCGGGATC,0,3264095
relBp,0.14285714285714285,6,6,CGCTACTCAGCTCAAGAGTT,0,3298532
relBp,0.14285714285714285,6,6,CGCGTGGGGATAATACATAC,0,3286080
relBp,0.14285714285714285,6,6,CGCGGTCCGGATCGAGGCTA,0,3284912
relBp,0.14285714285714285,6,6,CGCCTTCGCATTTAACAGAC,0,3287231
relBp,0.14285714285714285,6,6,CGCCCAGACCGTTATGGGAG,0,3300624
relBp,0.14285714285714285,6,6,CGCAGCAACTTAAAAGTGAG,0,3290291
relBp,0.14285714285714285,6,6,CGATAGTTCGGGCTATCCTC,0,3263644
relBp,0.14285714285714285,6,6,CGAGTGGGACCTGACGAATA,0,3258934
relBp,0.14285714285714285,6,6,CGAGTGAAACGAATGGAGAC,0,3283694
relBp,0.14285714285714285,6,6,CGAGCTTGCCGCAGATGATA,0,3289798
relBp,0.14285714285714285,6,6,CGAGAGAGGCCGAAGGATGC,0,3266220
relBp,0.14285714285714285,6,6,CGACTGATATACAGTGCTCA,0,3272198
relBp,0.14285714285714285,6,6,CGACGTTTAGCATATCAAAC,0,3256621
relBp,0.14285714285714285,6,6,CGACGGGTGGAAAAGCATCG,0,3284810
relBp,0.14285714285714285,6,6,CGACGGAATGTAGTCAAAGC,0,3279234
relBp,0.14285714285714285,6,6,CGACGCTCTCAACGTACAAA,0,3293231
relBp,0.14285714285714285,6,6,CGAAGGTCGAACGTAGGCAG,0,3263278
relBp,0.14285714285714285,6,6,CGAAGCGTATTGCGCTCCTT,0,3260680
relBp,0.14285714285714285,6,6,CCTTCGCGTTCGTATAACAT,0,3304567
relBp,0.14285714285714285,6,6,CCTGTTAAATGTCCCTTCTC,0,3296189
relBp,0.14285714285714285,6,6,CCTGGTAAGGCGTGGCAATG,0,3264034
relBp,0.14285714285714285,6,6,CCTGCACTCACATGAGGATG,0,3260217
relBp,0.14285714285714285,6,6,CCTCATCAAAGAAGGACTTT,0,3256809
relBp,0.14285714285714285,6,6,CCTATCACGCGATACGGGTC,0,3303845
relBp,0.14285714285714285,6,6,CCGGTTGTCTTAGACATGTA,0,3261052
relBp,0.14285714285714285,6,6,CCGGGTCTGATGGACCGCGT,0,3300795
relBp,0.14285714285714285,6,6,CCGGGACAGGTGCCTATCCT,0,3307957
relBp,0.14285714285714285,6,6,CCGGACCACACTTTTGTCAG,0,3267756
relBp,0.14285714285714285,6,6,CCGCTATGTGGCGATCGGAG,0,3305951
relBp,0.14285714285714285,6,6,CCGCCCTTGCGCGGCCGACT,0,3287112
relBp,0.14285714285714285,6,6,CCGCCACCGGAGCAGGCCCA,0,3257915
relBp,0.14285714285714285,6,6,CCGCATCATCGTCAGAGATA,0,3282684
relBp,0.14285714285714285,6,6,CCGAAACGGTTAGAAGATCG,0,3308609
relBp,0.14285714285714285,6,6,CCCTTAACACAGCCGGAAAA,0,3278204
relBp,0.14285714285714285,6,6,CCCTGGAATATTGGAGTGAG,0,3287349
relBp,0.14285714285714285,6,6,CCCGTCGGCGCACTGTTCCA,0,3268915
relBp,0.14285714285714285,6,6,CCCGGTTGTCACATCTGATA,0,3297717
relBp,0.14285714285714285,6,6,CCCGGTTACTCATCGTGTCT,0,3274370
relBp,0.14285714285714285,6,6,CCCGGGATCCCAGGGACATT,0,3294182
relBp,0.14285714285714285,6,6,CCCCCCCGCGCTCATAGGAC,0,3282499
relBp,0.14285714285714285,6,6,CCCCACGCGTAATACCATAT,0,3284059
relBp,0.14285714285714285,6,6,CCCCAAATCCGTAGTTAGTT,0,3301793
relBp,0.14285714285714285,6,6,CCCAGTATGATCGAGAATCG,0,3298813
relBp,0.14285714285714285,6,6,CCATAGCGCTAGTGTTCTGT,0,3282917
relBp,0.14285714285714285,6,6,CCAGAGTCGGCACGTTACGA,0,3264402
relBp,0.14285714285714285,6,6,CCACGCGGTGATTGTAAAGG,0,3303614
relBp,0.14285714285714285,6,6,CCACCGACCGCAGATGTATT,0,3271502
relBp,0.14285714285714285,6,6,CCACCGACACCGCTCCCGAG,0,3277657
relBp,0.14285714285714285,6,6,CCACCGAATTGCGGCCTGCG,0,3264016
relBp,0.14285714285714285,6,6,CCACCACATTTCGAGTCTAT,0,3258827
relBp,0.14285714285714285,6,6,CCAAAGGCCAGGATAATTGT,0,3268823
relBp,0.14285714285714285,6,6,CCAAACGGTCGATATAGCTC,0,3301032
relBp,0.14285714285714285,6,6,CATTCTGCTTTGATTCTGGG,0,3277060
relBp,0.14285714285714285,6,6,CATTCATAGATGTGATTAGT,0,3269991
relBp,0.14285714285714285,6,6,CATTAATGGTCTTGCGCTGG,0,3266852
relBp,0.14285714285714285,6,6,CATGGAGAATCATGGCCTTT,0,3288600
relBp,0.14285714285714285,6,6,CATGCTTACAACTATTGAGA,0,3269318
relBp,0.14285714285714285,6,6,CATGCGTCTTAATTCCTCTC,0,3303739
relBp,0.14285714285714285,6,6,CATGCCGTCCAGGTGCTATC,0,3260870
relBp,0.14285714285714285,6,6,CATGATGAATTGCGAGTCGG,0,3259026
relBp,0.14285714285714285,6,6,CATCGCGTTCCACGAATACG,0,3268252
relBp,0.14285714285714285,6,6,CATAGCGGATGTGACGTGAC,0,3291148
relBp,0.14285714285714285,6,6,CAGTTACGTATCCGTTGGGT,0,3278931
relBp,0.14285714285714285,6,6,CAGTGTAATTCCCTTATTAG,0,3289461
relBp,0.14285714285714285,6,6,CAGTGATCTATTCGAGCGTG,0,3279275
relBp,0.14285714285714285,6,6,CAGTCTATTCCCCATAAGCG,0,3260977
relBp,0.14285714285714285,6,6,CAGTACGTTATAGATTGTTC,0,3261480
relBp,0.14285714285714285,6,6,CAGGGCTTCAATTGATTTAT,0,3298734
relBp,0.14285714285714285,6,6,CAGGGATGACTACCCCTTGG,0,3276020
relBp,0.14285714285714285,6,6,CAGCTGGGAGAAATCTAGGC,0,3284670
relBp,0.14285714285714285,6,6,CAGCTAGATAGTGCGTGATG,0,3256892
relBp,0.14285714285714285,6,6,CAGCCAAGCTCACGACCAGG,0,3269841
relBp,0.14285714285714285,6,6,CAGCAAAACTCGGGCGACAA,0,3291936
relBp,0.14285714285714285,6,6,CAGATATAAACATTGTCAGG,0,3287904
relBp,0.14285714285714285,6,6,CAGACCGGTACGGAAGTCCT,0,3293450
relBp,0.14285714285714285,6,6,CAGACATTGCTTGAAGCTTA,0,3272390
relBp,0.14285714285714285,6,6,CAGAATAAGTCTTGAATTGT,0,3280253
relBp,0.14285714285714285,6,6,CACTATTGATGGTACGTGCT,0,3300661
relBp,0.14285714285714285,6,6,CACGGCCAATTGTGTATCAA,0,3276517
relBp,0.14285714285714285,6,6,CACGGACAAGGACATGATTA,0,3256138
relBp,0.14285714285714285,6,6,CACCTGCGGTTACACGAGGT,0,3272282
relBp,0.14285714285714285,6,6,CACCGTCTATCGTTTGGTGC,0,3265184
relBp,0.14285714285714285,6,6,CACCGCTTGCAGGTCCTCTC,0,3288534
relBp,0.14285714285714285,6,6,CACCCTCACAGTAGCTGGAG,0,3299080
relBp,0.14285714285714285,6,6,CACATGGGGTCTTACAGAAA,0,3292579
relBp,0.14285714285714285,6,6,CACATCCGCAGCATATTGGC,0,3300817
relBp,0.14285714285714285,6,6,CACAACTGAGATAATCGTAA,0,3295314
relBp,0.14285714285714285,6,6,CACAAATTAACCTGGGATAA,0,3278925
relBp,0.14285714285714285,6,6,CAATTGCCAACCTGACGAGG,0,3271943
relBp,0.14285714285714285,6,6,CAATTCGAAACAACTATAAA,0,3285212
relBp,0.14285714285714285,6,6,CAATGCCAGGTATATGAAAT,0,3262628
relBp,0.14285714285714285,6,6,CAAGGAACTTGCTTTCGAGA,0,3282660
relBp,0.14285714285714285,6,6,CAAGATGCCCTGTGGGGCGT,0,3258726
relBp,0.14285714285714285,6,6,CAACCGTGAACAGAACTGCT,0,3285254
relBp,0.14285714285714285,6,6,CAACCGTCCAACAAGTAAGA,0,3277916
relBp,0.14285714285714285,6,6,CAACAATATTCCTTTGAGGG,0,3263231
relBp,0.14285714285714285,6,6,CAAATGCGGACAAGCGACCT,0,3278187
relBp,0.14285714285714285,6,6,CAAATAACATGTCTCCAACG,0,3295940
relBp,0.14285714285714285,6,6,ATTTTGGGCTCACGACTTTA,0,3264252
relBp,0.14285714285714285,6,6,ATTTCGTCCGCTGAAAGACA,0,3277660
relBp,0.14285714285714285,6,6,ATTTCCACCCTGAATGCCAC,0,3295297
relBp,0.14285714285714285,6,6,ATTTATAGCATTAGGAAAGG,0,3288377
relBp,0.14285714285714285,6,6,ATTGCCGTATTGAAGGGAGC,0,3294554
relBp,0.14285714285714285,6,6,ATTGATCCATCCAACGCTCA,0,3276536
relBp,0.14285714285714285,6,6,ATTCTCCATTTCAGTATGCT,0,3304012
relBp,0.14285714285714285,6,6,ATTCCGTCGATCGCGTTAGA,0,3265488
relBp,0.14285714285714285,6,6,ATTCCGAGTAAAGGGCCGTG,0,3290471
relBp,0.14285714285714285,6,6,ATTCCACACAAGTAATTCGG,0,3296143
relBp,0.14285714285714285,6,6,ATTCAATTTGAACGTGCCCA,0,3297318
relBp,0.14285714285714285,6,6,ATTATGGTGTCTAACTATCT,0,3305762
relBp,0.14285714285714285,6,6,ATTATGCTCAAATTATGACC,0,3294043
relBp,0.14285714285714285,6,6,ATTAGCGATTGCAACTTCGT,0,3285752
relBp,0.14285714285714285,6,6,ATTAATGTGACGCATCCATG,0,3291157
relBp,0.14285714285714285,6,6,ATTAAGTCTTCAAATCAGCT,0,3284705
relBp,0.14285714285714285,6,6,ATGTACTGTCCATCAAACGT,0,3288499
relBp,0.14285714285714285,6,6,ATGTAATGTTTTTTAGCTGT,0,3260986
relBp,0.14285714285714285,6,6,ATGGGTGATGCTCGTCTTTT,0,3285317
relBp,0.14285714285714285,6,6,ATGGCGGGGGTCAGGACGCA,0,3271203
relBp,0.14285714285714285,6,6,ATGGAGTTAGCAAAGATAAA,0,3303272
relBp,0.14285714285714285,6,6,ATGGAAGCCTAATGGTATAT,0,3274320
relBp,0.14285714285714285,6,6,ATGATGAGCGGAAACGTTCA,0,3301938
relBp,0.14285714285714285,6,6,ATGATCCTGTCCCTAGTGGT,0,3294553
relBp,0.14285714285714285,6,6,ATGAGCGTAAAATGGCGTAA,0,3305625
relBp,0.14285714285714285,6,6,ATGAAGTTGTAGGTTCCTAA,0,3283565
relBp,0.14285714285714285,6,6,ATGAAGAGGGAATGACACCT,0,3259079
relBp,0.14285714285714285,6,6,ATCTAATACTGCGAATGACG,0,3273236
relBp,0.14285714285714285,6,6,ATCGGTTCAAGCATTATGCT,0,3269217
relBp,0.14285714285714285,6,6,ATCGGGGCGCATGTTCTAGG,0,3290580
relBp,0.14285714285714285,6,6,ATCGCGAGTGTATCGCGACG,0,3288491
relBp,0.14285714285714285,6,6,ATCGCAGTAAGTCCATGGTT,0,3272304
relBp,0.14285714285714285,6,6,ATCGCAGGTGGTCAAACGGC,0,3279490
relBp,0.14285714285714285,6,6,ATCCGGGTTTATGAGCACTA,0,3270450
relBp,0.14285714285714285,6,6,ATCCCAATGCCCGTGCTGCT,0,3289105
relBp,0.14285714285714285,6,6,ATCCAGTTGCGCGGGGGAAA,0,3269467
relBp,0.14285714285714285,6,6,ATCATTCGGGCACAGATCGG,0,3276648
relBp,0.14285714285714285,6,6,ATCACTCCAGGCTGGTAGGT,0,3296597
relBp,0.14285714285714285,6,6,ATATGGTTTAGGAGCGTCCA,0,3295698
relBp,0.14285714285714285,6,6,ATATGCATCCGCGTATCGAC,0,3277616
relBp,0.14285714285714285,6,6,ATATACTAAGTGAGCATAAC,0,3295408
relBp,0.14285714285714285,6,6,ATAGTTTCCATGTCTAAATT,0,3261798
relBp,0.14285714285714285,6,6,ATAGTGGGTCGAGGGGTGTA,0,3266455
relBp,0.14285714285714285,6,6,ATAGGTGCCCATATTATAGG,0,3271625
relBp,0.14285714285714285,6,6,ATAGCTCTCGACCCGAAATC,0,3263468
relBp,0.14285714285714285,6,6,ATAGCAAGTTAGACTAAAAA,0,3298831
relBp,0.14285714285714285,6,6,ATAGATGTCTCTTGTAGCAA,0,3284502
relBp,0.14285714285714285,6,6,ATACGCTCTAAGGGGGCGAC,0,3276055
relBp,0.14285714285714285,6,6,ATACCTGATATACTTTGGCC,0,3301855
relBp,0.14285714285714285,6,6,ATACAGATAGTTACAGGCTC,0,3287148
relBp,0.14285714285714285,6,6,ATACACAGGATATAAATCGG,0,3289898
relBp,0.14285714285714285,6,6,AGTTTTCTAGTGTAAGAGAG,0,3303430
relBp,0.14285714285714285,6,6,AGTTCTGTAACCACCCGAGT,0,3282555
relBp,0.14285714285714285,6,6,AGTTCTCGGGGGACCTTTCT,0,3263646
relBp,0.14285714285714285,6,6,AGTTATATAGTGGGATGACC,0,3282043
relBp,0.14285714285714285,6,6,AGTTAAGCATTGCGATTTAA,0,3267192
relBp,0.14285714285714285,6,6,AGTGGATGATCATAAATCCA,0,3262371
relBp,0.14285714285714285,6,6,AGTGCTACAATGTCCCCCTT,0,3282511
relBp,0.14285714285714285,6,6,AGTGCGGACGGTTTGGGCTG,0,3306873
relBp,0.14285714285714285,6,6,AGTGAAGGGGCTAAGGCTGC,0,3302938
relBp,0.14285714285714285,6,6,AGTCTGATCAAATGCAAAAG,0,3257427
relBp,0.14285714285714285,6,6,AGTCGCTACTTTTTGTTATG,0,3258055
relBp,0.14285714285714285,6,6,AGTCCTTCAACTACCTTGCA,0,3262375
relBp,0.14285714285714285,6,6,AGTCCCCAATATATCCCAAA,0,3290920
relBp,0.14285714285714285,6,6,AGTATGCTTTAGCCCGTAGA,0,3283915
relBp,0.14285714285714285,6,6,AGTATGAACTGAACTGCTTA,0,3269375
relBp,0.14285714285714285,6,6,AGTAGTCCCGAGGTTCTATG,0,3285619
relBp,0.14285714285714285,6,6,AGTAGAATTGGAGGTATATG,0,3261101
relBp,0.14285714285714285,6,6,AGTAAGCCCTGTTCTGATAT,0,3283539
relBp,0.14285714285714285,6,6,AGGTGTGAAAGTCAATCGTG,0,3259496
relBp,0.14285714285714285,6,6,AGGGTGGCACGCCGCTCATT,0,3261003
relBp,0.14285714285714285,6,6,AGGGCTTTAAAATCTTTAAA,0,3278041
relBp,0.14285714285714285,6,6,AGGGCTAATCAGTAATCCTC,0,3305342
relBp,0.14285714285714285,6,6,AGGGCATCACGTTTCTTGGC,0,3278377
relBp,0.14285714285714285,6,6,AGGGACTGTACATATGGCTG,0,3272103
relBp,0.14285714285714285,6,6,AGGGACGTCAGAAAGATCAA,0,3305209
relBp,0.14285714285714285,6,6,AGGCTTTATGGACCCTGGTA,0,3288009
relBp,0.14285714285714285,6,6,AGGCTAAGGTCTAACCGGGG,0,3282687
relBp,0.14285714285714285,6,6,AGGCCTGGGTACGGAGCACC,0,3278257
relBp,0.14285714285714285,6,6,AGGCCGTTCCGGAAGTGAAT,0,3262545
relBp,0.14285714285714285,6,6,AGGATACGGGCAGGACATTT,0,3275577
relBp,0.14285714285714285,6,6,AGGAGTCATTGTGGGTCCTA,0,3274568
relBp,0.14285714285714285,6,6,AGGAGATCTTCTGTCAATAA,0,3260532
relBp,0.14285714285714285,6,6,AGCTCGATATGGAAACATCT,0,3291906
relBp,0.14285714285714285,6,6,AGCTCCCCGCTACCTCGTGT,0,3292819
relBp,0.14285714285714285,6,6,AGCTACTTGAGTGAGAACTA,0,3288188
relBp,0.14285714285714285,6,6,AGCGGTACCTCACCAGTCGC,0,3267567
relBp,0.14285714285714285,6,6,AGCGGCATTTTACGCTTCTC,0,3293425
relBp,0.14285714285714285,6,6,AGCGCGATTATGGGCTGTTA,0,3258064
relBp,0.14285714285714285,6,6,AGCCTGGGCTTTTTGTTTAC,0,3259415
relBp,0.14285714285714285,6,6,AGCCTAAACGTTCGATGGAG,0,3265475
relBp,0.14285714285714285,6,6,AGCCCATCCCCGATTCGACA,0,3269402
relBp,0.14285714285714285,6,6,AGCCAATATTGTCTTGCCAG,0,3277572
relBp,0.14285714285714285,6,6,AGCATCCGTGCTCACCATTA,0,3293511
relBp,0.14285714285714285,6,6,AGCATAATGCGTGATGGCAA,0,3279563
relBp,0.14285714285714285,6,6,AGCAATGAGAATTGTCACGT,0,3288296
relBp,0.14285714285714285,6,6,AGATTTAGGCAGCAGATCCA,0,3293368
relBp,0.14285714285714285,6,6,AGATTCACGCAGGACTATCT,0,3291316
relBp,0.14285714285714285,6,6,AGATGACACTGCATAACGGC,0,3295758
relBp,0.14285714285714285,6,6,AGATCCGCGCAGACGTCGCC,0,3278229
relBp,0.14285714285714285,6,6,AGATATACAGCTCCCAGGTA,0,3285223
relBp,0.14285714285714285,6,6,AGAGTTCGGACAACGGACAT,0,3266827
relBp,0.14285714285714285,6,6,AGAGTCCTCTCACATTATCT,0,3294110
relBp,0.14285714285714285,6,6,AGACTTTGGTTCAGTGTTGG,0,3304044
relBp,0.14285714285714285,6,6,AGACGTCAAATTGATGTCTC,0,3290651
relBp,0.14285714285714285,6,6,AGAAATGGGGTCAACTGTCG,0,3282802
relBp,0.14285714285714285,6,6,AGAAATCATCCTAGTGGTTA,0,3307440
relBp,0.14285714285714285,6,6,AGAAAACCTAACGCCAGGCA,0,3283490
relBp,0.14285714285714285,6,6,ACTTTGAAGGCCCCCTCCGT,0,3290745
relBp,0.14285714285714285,6,6,ACTTTCCTACGTAAATCGCA,0,3284202
relBp,0.14285714285714285,6,6,ACTTTAGCCCAAACAGGTCC,0,3303216
relBp,0.14285714285714285,6,6,ACTTGTATTCACTTATGGAG,0,3283918
relBp,0.14285714285714285,6,6,ACTTGGTGTGGATCACATCT,0,3278988
relBp,0.14285714285714285,6,6,ACTTGGAGTGCCAAAGCTTA,0,3304767
relBp,0.14285714285714285,6,6,ACTTGCTCCATCTAGCCCCT,0,3266885
relBp,0.14285714285714285,6,6,ACTTGAAGGGCCGAACTTTT,0,3291573
relBp,0.14285714285714285,6,6,ACTTCGGGGGACCTAGTCAC,0,3286736
relBp,0.14285714285714285,6,6,ACTTAATAGAGCGGGCCTTT,0,3266814
relBp,0.14285714285714285,6,6,ACTTAACCGGACAATTGCGA,0,3270055
relBp,0.14285714285714285,6,6,ACTCTAAACACTACGGGGAT,0,3294557
relBp,0.14285714285714285,6,6,ACTAGATTGCTGTTCGTGCG,0,3283932
relBp,0.14285714285714285,6,6,ACTACGTGAGAGGGGGTTAC,0,3274310
relBp,0.14285714285714285,6,6,ACTACCTCCACATGTATAAA,0,3267809
relBp,0.14285714285714285,6,6,ACGTTGGTACGCCAGTACTT,0,3290005
relBp,0.14285714285714285,6,6,ACGTGTTCACAAAGCTGTAA,0,3296207
relBp,0.14285714285714285,6,6,ACGTGGTCCCAGGCAGCAGA,0,3298272
relBp,0.14285714285714285,6,6,ACGTCAGACCTGTGTGTTGT,0,3262926
relBp,0.14285714285714285,6,6,ACGGTTTTTTCCGGATCAGG,0,3268174
relBp,0.14285714285714285,6,6,ACGGTGTAGGGTATGAGCGC,0,3282404
relBp,0.14285714285714285,6,6,ACGGCATGCTGCGCGCACTT,0,3292660
relBp,0.14285714285714285,6,6,ACGGAGAGCGTCTACAGGTA,0,3286501
relBp,0.14285714285714285,6,6,ACGCTTTGGCGATCTGGGAC,0,3307572
relBp,0.14285714285714285,6,6,ACGCACGCGATTATGTTACA,0,3278289
relBp,0.14285714285714285,6,6,ACGAGCCGTAGCCAAGGCAG,0,3297416
relBp,0.14285714285714285,6,6,ACGAGCACGGGTGTGACCTT,0,3290069
relBp,0.14285714285714285,6,6,ACGAATCGTAAGGGATCCAT,0,3288345
relBp,0.14285714285714285,6,6,ACCTTTCAAACCTCATCTCG,0,3287971
relBp,0.14285714285714285,6,6,ACCGTGGCTCGATTGCCGGT,0,3300815
relBp,0.14285714285714285,6,6,ACCGGTCGTAACCGCCACCA,0,3268256
relBp,0.14285714285714285,6,6,ACCGGAACGTAGAGGACATG,0,3267324
relBp,0.14285714285714285,6,6,ACCGCAGCCCATAATATACG,0,3278155
relBp,0.14285714285714285,6,6,ACCGATTTCTACACTTTGGT,0,3303376
relBp,0.14285714285714285,6,6,ACCGAGCGCGGGCGAGGTCC,0,3300726
relBp,0.14285714285714285,6,6,ACCGACTTGTGCTGCCATCA,0,3273664
relBp,0.14285714285714285,6,6,ACCGACGCCCTTGGCGGGGC,0,3288944
relBp,0.14285714285714285,6,6,ACCGACCTAGAGGCCAGTCG,0,3295952
relBp,0.14285714285714285,6,6,ACCCTATCCGTAGCAGTGGG,0,3259277
relBp,0.14285714285714285,6,6,ACCATTTTGGGAACATTTAT,0,3305936
relBp,0.14285714285714285,6,6,ACCATCTGGTCAGGCGAGTA,0,3279625
relBp,0.14285714285714285,6,6,ACCAGTTTATGGGACTCGAA,0,3301760
relBp,0.14285714285714285,6,6,ACCAGAAGAAACTGGTTTCT,0,3257896
relBp,0.14285714285714285,6,6,ACCACCACTTACCTCGTTCA,0,3286417
relBp,0.14285714285714285,6,6,ACCAATCTCGCAACCTCCAT,0,3277718
relBp,0.14285714285714285,6,6,ACCAACCTCAGCATTTTAAT,0,3281667
relBp,0.14285714285714285,6,6,ACAGTATAGGGTAAGAATAG,0,3283460
relBp,0.14285714285714285,6,6,ACAGTATAAGACCCTCCACT,0,3275187
relBp,0.14285714285714285,6,6,ACAGGTGCCTGCCCGTGCTT,0,3265257
relBp,0.14285714285714285,6,6,ACAGCGCCTTATCCCGAGCA,0,3289357
relBp,0.14285714285714285,6,6,ACAGCCTTCTCTCGGCAGAG,0,3282022
relBp,0.14285714285714285,6,6,ACACTGAACGCGGCCACCTT,0,3283164
relBp,0.14285714285714285,6,6,ACACCCGCTGAAGGTGAATG,0,3261245
relBp,0.14285714285714285,6,6,ACAACTGATTGGTACGAGAT,0,3290017
relBp,0.14285714285714285,6,6,ACAACAGAAATATCCCGTGA,0,3264620
relBp,0.14285714285714285,6,6,AATTGTAACATTTTGGCCGT,0,3256240
relBp,0.14285714285714285,6,6,AATTCCCCGTTTAAGTATGC,0,3285256
relBp,0.14285714285714285,6,6,AATGGTGTGCGTGCTGTTGT,0,3303326
relBp,0.14285714285714285,6,6,AATGCGGCACGGATTGGTAA,0,3280805
relBp,0.14285714285714285,6,6,AATGACGATTTTCAAGATTT,0,3261751
relBp,0.14285714285714285,6,6,AATCGTTGTTGCCGGCTCTA,0,3270060
relBp,0.14285714285714285,6,6,AATCGGGACATGCCAGAGTG,0,3293571
relBp,0.14285714285714285,6,6,AATACGAAGGACGGCTCTAC,0,3280625
relBp,0.14285714285714285,6,6,AAGTTCAATTTAAGACCGGT,0,3292587
relBp,0.14285714285714285,6,6,AAGGTATGCATACCCGTGGG,0,3285258
relBp,0.14285714285714285,6,6,AAGGACGCGAGCTCGGACTT,0,3293906
relBp,0.14285714285714285,6,6,AAGGAAAATCTCAGCTGGAG,0,3297917
relBp,0.14285714285714285,6,6,AAGCTAATAAGAGCTCCGCC,0,3259546
relBp,0.14285714285714285,6,6,AAGCGAAGTTCGACGTTCGG,0,3296485
relBp,0.14285714285714285,6,6,AAGCATCGGGGCAATTAGTA,0,3304089
relBp,0.14285714285714285,6,6,AAGCAGGCTCCATCGGGCGT,0,3305823
relBp,0.14285714285714285,6,6,AAGCAACGGTATCATGGGAT,0,3263146
relBp,0.14285714285714285,6,6,AAGATGGAGAAATCGCGGTT,0,3260883
relBp,0.14285714285714285,6,6,AACTTTGGGTGATGTGTCTC,0,3274277
relBp,0.14285714285714285,6,6,AACTGTCAAAGTGCCCTTGA,0,3272611
relBp,0.14285714285714285,6,6,AACTCACTCGAAAACAATAC,0,3290000
relBp,0.14285714285714285,6,6,AACGTACATGCGGTCGTCTA,0,3269755
relBp,0.14285714285714285,6,6,AACGCTTCCATCATCACTAT,0,3275981
relBp,0.14285714285714285,6,6,AACGCTGGTCCTCGTAGGTT,0,3277780
relBp,0.14285714285714285,6,6,AACGAGACAAGCTCTCATCG,0,3271399
relBp,0.14285714285714285,6,6,AACCGTTGGAACCGATACAA,0,3286353
relBp,0.14285714285714285,6,6,AACATTGTCAAGAAGTTACA,0,3261265
relBp,0.14285714285714285,6,6,AACAAAGGAAGGCGGTCTCA,0,3292857
relBp,0.14285714285714285,6,6,AAATTGCCGATGTATCGCCA,0,3286013
relBp,0.14285714285714285,6,6,AAATGGAAGGCGCGTTGTGA,0,3299402
relBp,0.14285714285714285,6,6,AAAGTATGGGCGAGACTGTT,0,3299678
relBp,0.14285714285714285,6,6,AAACTGGCCGAAACCCATTT,0,3260540
relBp,0.14285714285714285,6,6,AAACTGCATCAAACATAAAC,0,3260839
relBp,0.14285714285714285,6,6,AAACTAGATCTTACAGACAG,0,3294895
relBp,0.14285714285714285,6,6,AAACGGGGGGGTACCGAAAT,0,3307320
relBp,0.14285714285714285,6,6,AAACGGCACGTCATGCGTGC,0,3286670
relBp,0.14285714285714285,6,6,AAACGCGCTAAGATAAAGAG,0,3278889
relBp,0.14285714285714285,6,6,AAAATGACACTAAATTTTTG,0,3308573
relBp,0.14285714285714285,6,6,AAAACGTTTAAGAACCGAAA,0,3282792
relBp,0.14285714285714285,6,6,AAAAATGTCCAGCAGGGTGC,0,3289776
relBp,0.16666666666666666,5,5,TTTTCCTTACACTAACCCAG,0,3265113
relBp,0.16666666666666666,5,5,TTTCTCGTGGAACTTCCCTA,0,3308286
relBp,0.16666666666666666,5,5,TTTCGCTATTTGGGTGAAGG,0,3270418
relBp,0.16666666666666666,5,5,TTTCCGCAGCATCGATGTTG,0,3261924
relBp,0.16666666666666666,5,5,TTTCACAACGACAGGACCCG,0,3289765
relBp,0.16666666666666666,5,5,TTTATTTAAAGTTCTCGTGT,0,3302636
relBp,0.16666666666666666,5,5,TTGTTTGAGGAACCCTGCAG,0,3303839
relBp,0.16666666666666666,5,5,TTGTTACATAAAAAGCGTGG,0,3263050
relBp,0.16666666666666666,5,5,TTGTATGAGACTTGGCGTCC,0,3282567
relBp,0.16666666666666666,5,5,TTGGCCGCGTAGCGCCGCTA,0,3292054
relBp,0.16666666666666666,5,5,TTGGAAGGAGTACTTTCTGT,0,3264280
relBp,0.16666666666666666,5,5,TTGCGTGATATTCCCAACAG,0,3290316
relBp,0.16666666666666666,5,5,TTGCGTCAGCGCCCCTTATC,0,3279123
relBp,0.16666666666666666,5,5,TTGAATGACAGGCCTGCAGC,0,3271157
relBp,0.16666666666666666,5,5,TTCTAGTGGTGCGTGGGAAG,0,3288929
relBp,0.16666666666666666,5,5,TTCGGCAGCACCTGTCTAAG,0,3281466
relBp,0.16666666666666666,5,5,TTCGCGACAGTGAGGTATTT,0,3262558
relBp,0.16666666666666666,5,5,TTCCTTCTATCTGATGATGG,0,3293863
relBp,0.16666666666666666,5,5,TTCCTGAGGTGCTCCCCCAC,0,3271776
relBp,0.16666666666666666,5,5,TTCAGTGGCCGTTCACAAGA,0,3292376
relBp,0.16666666666666666,5,5,TTCACCACACGGTTCTCAGG,0,3283561
relBp,0.16666666666666666,5,5,TTATCATGCCAAATAGAAGC,0,3296434
relBp,0.16666666666666666,5,5,TTATCAGTTTATTCACGAGC,0,3292424
relBp,0.16666666666666666,5,5,TTATATATCTGCCGGACGTT,0,3289490
relBp,0.16666666666666666,5,5,TTAGCACGCGCGAAAGATCA,0,3307121
relBp,0.16666666666666666,5,5,TTAGATAGCTACATACTTAG,0,3288231
relBp,0.16666666666666666,5,5,TTAGACTATCTTTGCCCCAT,0,3265913
relBp,0.16666666666666666,5,5,TTACGGCACCCACAGCGGTA,0,3295788
relBp,0.16666666666666666,5,5,TTACCTAATCGCAACGTAAG,0,3257223
relBp,0.16666666666666666,5,5,TTACCGAGTTACCTATTAAG,0,3281474
relBp,0.16666666666666666,5,5,TTAATGTTATACGGACTCAC,0,3290590
relBp,0.16666666666666666,5,5,TTAATCGAATGCTGGTTACG,0,3272007
relBp,0.16666666666666666,5,5,TTAAGTTGACCGCAAATGCA,0,3272458
relBp,0.16666666666666666,5,5,TTAAGCCGTTCTGTATTTAG,0,3291996
relBp,0.16666666666666666,5,5,TTAACAGTGCCCTGGTGAAA,0,3306379
relBp,0.16666666666666666,5,5,TTAAACGGCCCAGCCCACGT,0,3292157
relBp,0.16666666666666666,5,5,TGTTTTGTTGCGTCCCCAAA,0,3294591
relBp,0.16666666666666666,5,5,TGTTCCCAGGCCTGATGTAA,0,3267064
relBp,0.16666666666666666,5,5,TGTGTTGCCTGTAGTTTAGA,0,3269397
relBp,0.16666666666666666,5,5,TGTGGTGATCACTGTGATCA,0,3295609
relBp,0.16666666666666666,5,5,TGTGGAGACGGAAAGGGATC,0,3308503
relBp,0.16666666666666666,5,5,TGTGACAGTGAGGGATTACA,0,3282839
relBp,0.16666666666666666,5,5,TGTCTTTCTAGATTCTTTAT,0,3298046
relBp,0.16666666666666666,5,5,TGTATTTCATAGCATCAATG,0,3261564
relBp,0.16666666666666666,5,5,TGTACCCCCATTGTACGGGT,0,3297237
relBp,0.16666666666666666,5,5,TGTACCATAGAACGTGCGCA,0,3272623
relBp,0.16666666666666666,5,5,TGTAAACCACCACCACCGCA,0,3273677
relBp,0.16666666666666666,5,5,TGGTTTTCACATAAGCTATG,0,3285342
relBp,0.16666666666666666,5,5,TGGTTACTACGGAAACTCAA,0,3271194
relBp,0.16666666666666666,5,5,TGGTGGCACAACAAGCATAC,0,3281424
relBp,0.16666666666666666,5,5,TGGGGGAAGCACCCTCCTGT,0,3273479
relBp,0.16666666666666666,5,5,TGGGCACCCCACATCGCAGA,0,3259872
relBp,0.16666666666666666,5,5,TGGCAACTTATAGCTCGCAG,0,3276134
relBp,0.16666666666666666,5,5,TGGATAGGTAGATCCGCAAT,0,3264012
relBp,0.16666666666666666,5,5,TGGAGCACCCGTCGAACCCC,0,3292024
relBp,0.16666666666666666,5,5,TGGAAGTGCCGCCCGTCGGC,0,3291197
relBp,0.16666666666666666,5,5,TGCTTGACAAGTTCATTTGA,0,3278876
relBp,0.16666666666666666,5,5,TGCTTAGGCCTCAGTAGTCG,0,3291978
relBp,0.16666666666666666,5,5,TGCTACAGGAGCGACTCGAT,0,3298872
relBp,0.16666666666666666,5,5,TGCGTATCGTGGGGTTCTGA,0,3280910
relBp,0.16666666666666666,5,5,TGCGGCCATTTCTGATAAGG,0,3304238
relBp,0.16666666666666666,5,5,TGCGAGAGCGGTGATTGTTC,0,3299889
relBp,0.16666666666666666,5,5,TGCCTTCGGGGAGAAGCGAG,0,3259075
relBp,0.16666666666666666,5,5,TGCCTCTCGGACTAGGCGGA,0,3297454
relBp,0.16666666666666666,5,5,TGCCACCCGGGAACATCGGG,0,3269822
relBp,0.16666666666666666,5,5,TGCAGGCTCTATAACGCGGC,0,3276200
relBp,0.16666666666666666,5,5,TGCAGCCCCCGGTACCAACT,0,3266483
relBp,0.16666666666666666,5,5,TGCACATTAGCTCGTTGATG,0,3286078
relBp,0.16666666666666666,5,5,TGCACACAGCGCCACATGAG,0,3290003
relBp,0.16666666666666666,5,5,TGATTACGTAACACGCTGCT,0,3260303
relBp,0.16666666666666666,5,5,TGATATGCTAACGACTTGGT,0,3258448
relBp,0.16666666666666666,5,5,TGATAGGTATCGGTAACGTG,0,3272071
relBp,0.16666666666666666,5,5,TGATAGACCACAGCATTGTC,0,3298832
relBp,0.16666666666666666,5,5,TGATACGCACCAGAAGTAAG,0,3296212
relBp,0.16666666666666666,5,5,TGATAAGGGTGTCTGGTGAC,0,3287183
relBp,0.16666666666666666,5,5,TGAGCCAGGAGTCACCATCA,0,3281903
relBp,0.16666666666666666,5,5,TGACTTAATGGATCTATCTT,0,3280721
relBp,0.16666666666666666,5,5,TGAATTCACCGAGGAGTAGG,0,3282212
relBp,0.16666666666666666,5,5,TGAAACTCGCAGGCGCATGT,0,3259085
relBp,0.16666666666666666,5,5,TCTTTTTAGTTTGGCCCTAG,0,3262260
relBp,0.16666666666666666,5,5,TCTTTGGGCGGACGGATTCT,0,3276914
relBp,0.16666666666666666,5,5,TCTTCCAGGCGTACACAACT,0,3305797
relBp,0.16666666666666666,5,5,TCTGGACACGATTCCAGGTA,0,3292742
relBp,0.16666666666666666,5,5,TCTGCCACGATGAGCAGGCG,0,3289577
relBp,0.16666666666666666,5,5,TCTGATAACAGCTCAGTGTT,0,3271974
relBp,0.16666666666666666,5,5,TCTCCGAGATAAACGCAGGT,0,3282286
relBp,0.16666666666666666,5,5,TCTCACTAATAGTGGCTTTC,0,3298597
relBp,0.16666666666666666,5,5,TCTATATCGACTGTATTTGA,0,3281362
relBp,0.16666666666666666,5,5,TCTATAAAATATGCATTTCC,0,3307679
relBp,0.16666666666666666,5,5,TCGTTGGAGCCAATGTACAA,0,3281363
relBp,0.16666666666666666,5,5,TCGTGGATGGTGTGGCAAAA,0,3274542
relBp,0.16666666666666666,5,5,TCGTCGCGATTCGTGACCGT,0,3285220
relBp,0.16666666666666666,5,5,TCGTCAAAACCTATCCGGCT,0,3280781
relBp,0.16666666666666666,5,5,TCGTAGTAGTACTCTGCGCA,0,3287308
relBp,0.16666666666666666,5,5,TCGGTATTGTCTCCGGTCTA,0,3290790
relBp,0.16666666666666666,5,5,TCGGCGAGGTTGTTATCTAA,0,3258801
relBp,0.16666666666666666,5,5,TCGGCAGCCGAATGTTTGAA,0,3301917
relBp,0.16666666666666666,5,5,TCGGATGTATTCCTTCAGTA,0,3265095
relBp,0.16666666666666666,5,5,TCGATGTGGTTAATTCACTA,0,3298618
relBp,0.16666666666666666,5,5,TCGATCAGCAGCAGTTCTTC,0,3279762
relBp,0.16666666666666666,5,5,TCGACTTATTTCTTCACACG,0,3284581
relBp,0.16666666666666666,5,5,TCCTAAAAGCTTCGTGCGAC,0,3275486
relBp,0.16666666666666666,5,5,TCCGTCCTCGAGGTGCCAGA,0,3275008
relBp,0.16666666666666666,5,5,TCCGATACAGGGAAAAAGGG,0,3302602
relBp,0.16666666666666666,5,5,TCCCCGTATCCGGAATTTGT,0,3288544
relBp,0.16666666666666666,5,5,TCCATTGAGGAAAACTGTGG,0,3270483
relBp,0.16666666666666666,5,5,TCCAAAATTTGGGACTGCGC,0,3302854
relBp,0.16666666666666666,5,5,TCATTGCAGTCAATGTATTA,0,3285124
relBp,0.16666666666666666,5,5,TCAGGGGGAGGTACATATAG,0,3267681
relBp,0.16666666666666666,5,5,TCAGGGCTGGCATTTTGCAC,0,3284729
relBp,0.16666666666666666,5,5,TCAGGCATGTTGAATTCTGG,0,3264765
relBp,0.16666666666666666,5,5,TCAGCAGAAGGGCATAACCT,0,3257856
relBp,0.16666666666666666,5,5,TCACGCGCACTGAACTCGTC,0,3302463
relBp,0.16666666666666666,5,5,TCACGATAAGCCTCAGGAAT,0,3256699
relBp,0.16666666666666666,5,5,TCACCTGTTGATGAATTTCC,0,3300620
relBp,0.16666666666666666,5,5,TCACCATGTATGGAGAGGTC,0,3288040
relBp,0.16666666666666666,5,5,TCACACATGGGCTCGTGCCC,0,3286988
relBp,0.16666666666666666,5,5,TCAAGTAATGCGGTATACGT,0,3256781
relBp,0.16666666666666666,5,5,TCAACATTCCCCTTCCCAGT,0,3286205
relBp,0.16666666666666666,5,5,TCAAACCTGTTCAAATTTAC,0,3265103
relBp,0.16666666666666666,5,5,TATTTGGTCTCGGAACAAAC,0,3271945
relBp,0.16666666666666666,5,5,TATTTACGGTTACCACCGGT,0,3266734
relBp,0.16666666666666666,5,5,TATGTCCGATTTGGGTAGAT,0,3267846
relBp,0.16666666666666666,5,5,TATGTCATTGATGGGCCACA,0,3290865
relBp,0.16666666666666666,5,5,TATGTAGAAATTGTCCTTTG,0,3304115
relBp,0.16666666666666666,5,5,TATGGTGTGGTTATAGTTCA,0,3278685
relBp,0.16666666666666666,5,5,TATGCTGGGGAGTTGCCGGG,0,3278308
relBp,0.16666666666666666,5,5,TATGAGCCTATAGTCATCAG,0,3265218
relBp,0.16666666666666666,5,5,TATCTGTTCGTTTAGCTAGA,0,3289072
relBp,0.16666666666666666,5,5,TATCTAATGCGCTACCTTAT,0,3305938
relBp,0.16666666666666666,5,5,TATCGTGTAGTGCGACAGGC,0,3269967
relBp,0.16666666666666666,5,5,TATCGGAAGGGATGCGTGTA,0,3256888
relBp,0.16666666666666666,5,5,TATATCAGCGGAAATGGATC,0,3285664
relBp,0.16666666666666666,5,5,TATACTACCCTGGGGGAACC,0,3304579
relBp,0.16666666666666666,5,5,TAGGGGTAGGCCTAGGCTTT,0,3273993
relBp,0.16666666666666666,5,5,TAGGCATTTCCCTTCAAAAC,0,3306727
relBp,0.16666666666666666,5,5,TAGCTGGCTCGGGCAACCGA,0,3282365
relBp,0.16666666666666666,5,5,TAGCCATCACTCGTTTCTTA,0,3301823
relBp,0.16666666666666666,5,5,TAGCCAAGCTATAAGCAGAA,0,3304612
relBp,0.16666666666666666,5,5,TAGAGTGACGTCCGTTTCAC,0,3305217
relBp,0.16666666666666666,5,5,TAGAGCTGCTCGTTAGCGAG,0,3305080
relBp,0.16666666666666666,5,5,TAGAGCAAACGTTCCTAAGA,0,3300733
relBp,0.16666666666666666,5,5,TAGACTTATGCTCGAAATCG,0,3286140
relBp,0.16666666666666666,5,5,TAGAAATTTTTGCATGGTAC,0,3283359
relBp,0.16666666666666666,5,5,TAGAAAGCCCTTCGCTTGAA,0,3293448
relBp,0.16666666666666666,5,5,TACTTGGGGTAGAATTACGT,0,3302305
relBp,0.16666666666666666,5,5,TACTTAGTTTCCATACCCAG,0,3295318
relBp,0.16666666666666666,5,5,TACTGTGTCACAGAGAGACG,0,3263529
relBp,0.16666666666666666,5,5,TACTGAGATGGGGCCAGATA,0,3305862
relBp,0.16666666666666666,5,5,TACTCTACTCGGTCGTATCA,0,3295379
relBp,0.16666666666666666,5,5,TACTCCTCCAGTGCGTTTCG,0,3303269
relBp,0.16666666666666666,5,5,TACGAGGCTCAGAAGTAACA,0,3298234
relBp,0.16666666666666666,5,5,TACGACAGGATCCGTTACAA,0,3276565
relBp,0.16666666666666666,5,5,TACCCATTGGTACAATGTGT,0,3263320
relBp,0.16666666666666666,5,5,TACCCAGATCACGGTCCAGC,0,3280682
relBp,0.16666666666666666,5,5,TACCAGATTCTGGGGTTCGT,0,3274108
relBp,0.16666666666666666,5,5,TACAGCAAATTACATGACGC,0,3257815
relBp,0.16666666666666666,5,5,TACAGACTAAACGCCTCCGT,0,3288481
relBp,0.16666666666666666,5,5,TACACTTATGCGGGGATCGT,0,3298902
relBp,0.16666666666666666,5,5,TAATGAGGCCGGTGAGGAGG,0,3285384
relBp,0.16666666666666666,5,5,TAAGTTACTCCGTCTTTTTA,0,3282919
relBp,0.16666666666666666,5,5,TAAGGTCGGGGCGCTCACTA,0,3276692
relBp,0.16666666666666666,5,5,TAAGGGATATTGTTGTCTGC,0,3259573
relBp,0.16666666666666666,5,5,TAACTCCTCTCCGTTCCCAT,0,3289203
relBp,0.16666666666666666,5,5,TAACGTCGATCACGCATGTA,0,3277894
relBp,0.16666666666666666,5,5,TAACGGCACGTACTGCATAA,0,3275384
relBp,0.16666666666666666,5,5,TAAATTATACAACCAAGGGG,0,3287195
relBp,0.16666666666666666,5,5,TAAATTAGCGAAGATTGGTC,0,3299374
relBp,0.16666666666666666,5,5,TAAAAATTATCACACAACTG,0,3272990
relBp,0.16666666666666666,5,5,GTTTGCGACTTGACGTATCA,0,3260747
relBp,0.16666666666666666,5,5,GTTTCCAGATCTTCTGCTAC,0,3257598
relBp,0.16666666666666666,5,5,GTTTATGTTCAAGCAGACAT,0,3257128
relBp,0.16666666666666666,5,5,GTTTAGCACATCTCCCGAGT,0,3280874
relBp,0.16666666666666666,5,5,GTTGTACTAAGCAGATTATC,0,3265150
relBp,0.16666666666666666,5,5,GTTGGTAACTACGTATGGTA,0,3302498
relBp,0.16666666666666666,5,5,GTTGGACCCTTGTCAAAGTA,0,3261593
relBp,0.16666666666666666,5,5,GTTGCCCGACGGCAGCACAG,0,3294068
relBp,0.16666666666666666,5,5,GTTGAGATAGTTGATCTGTT,0,3266180
relBp,0.16666666666666666,5,5,GTTCTTCGTATCAGAGGTTG,0,3279631
relBp,0.16666666666666666,5,5,GTTCATAATCGGACACATGG,0,3284275
relBp,0.16666666666666666,5,5,GTTATGCGAATGCTGTATCA,0,3274027
relBp,0.16666666666666666,5,5,GTGTGTCCGAGCATCATTTA,0,3280263
relBp,0.16666666666666666,5,5,GTGTAACCTCCTGTTGTATT,0,3283317
relBp,0.16666666666666666,5,5,GTGGTCACGAGGACCCGATA,0,3264731
relBp,0.16666666666666666,5,5,GTGGCATAGTTTCTTCAGCA,0,3294898
relBp,0.16666666666666666,5,5,GTGGCAGTTCCCAGGAGTAA,0,3273116
relBp,0.16666666666666666,5,5,GTGGATACAGAACCCGCAGT,0,3281761
relBp,0.16666666666666666,5,5,GTGGAGGAGAACGCTCCCGC,0,3298481
relBp,0.16666666666666666,5,5,GTGCGCTCTAAACTAAACAA,0,3269226
relBp,0.16666666666666666,5,5,GTGCATGCATTGGGGATGTC,0,3260558
relBp,0.16666666666666666,5,5,GTGCAGCTCATGACACGAGC,0,3267368
relBp,0.16666666666666666,5,5,GTGCACCGGGAGGCGAGAGT,0,3290667
relBp,0.16666666666666666,5,5,GTGCACACTGGGGACTCATT,0,3306642
relBp,0.16666666666666666,5,5,GTGAGTAACGCGTGGCGTAA,0,3281627
relBp,0.16666666666666666,5,5,GTCTTGCCTACCAAAGACAT,0,3275585
relBp,0.16666666666666666,5,5,GTCTGCTGCGCTTTTCAAAA,0,3292134
relBp,0.16666666666666666,5,5,GTCTCATGCGACAGAGTAAC,0,3300887
relBp,0.16666666666666666,5,5,GTCGGATTGATTCAGACAAT,0,3304881
relBp,0.16666666666666666,5,5,GTCCGCAATTTTCACTCGAA,0,3285538
relBp,0.16666666666666666,5,5,GTCATCGTGCCGCCATTCAG,0,3288090
relBp,0.16666666666666666,5,5,GTCATATCTATCACAACCTT,0,3268641
relBp,0.16666666666666666,5,5,GTCAAGAATATGTGTCCTCA,0,3257505
relBp,0.16666666666666666,5,5,GTATTTTCTGCGCTGATTCA,0,3296194
relBp,0.16666666666666666,5,5,GTATGGTTGCCGGTGGCTAC,0,3286281
relBp,0.16666666666666666,5,5,GTATCGCGGCACATGGACTG,0,3276053
relBp,0.16666666666666666,5,5,GTAGTCATTTTTCTAGGGTT,0,3276069
relBp,0.16666666666666666,5,5,GTAAGGTAGCGTGAAGACTC,0,3274686
relBp,0.16666666666666666,5,5,GTAAGCGCCCCTGACCCCAA,0,3304796
relBp,0.16666666666666666,5,5,GTAACGGTTGGCTCTTTTTC,0,3275664
relBp,0.16666666666666666,5,5,GTAACCGCGAGGCGTACGCA,0,3285699
relBp,0.16666666666666666,5,5,GTAAAACGGTACAAAGTGAG,0,3287796
relBp,0.16666666666666666,5,5,GGTTTGATTTAGCGTACTTT,0,3291402
relBp,0.16666666666666666,5,5,GGTTTAAAAAAATGCCGTAA,0,3300193
relBp,0.16666666666666666,5,5,GGTTAAGAACCGCGGTAAAT,0,3281278
relBp,0.16666666666666666,5,5,GGTGAAGCCACGAAAACGCA,0,3268984
relBp,0.16666666666666666,5,5,GGTCTTGGGTACTTCCAAAC,0,3299395
relBp,0.16666666666666666,5,5,GGTCTCCCGACGACCCAGCT,0,3271208
relBp,0.16666666666666666,5,5,GGTCGCCTCAGACGATCGAG,0,3292049
relBp,0.16666666666666666,5,5,GGTCATTATAGTAGAACCCC,0,3290824
relBp,0.16666666666666666,5,5,GGTCAAATACCGACGTATCG,0,3284587
relBp,0.16666666666666666,5,5,GGTATTAGGGTTTTGGGGAA,0,3294520
relBp,0.16666666666666666,5,5,GGTAGCTACTGGCAGTACGA,0,3300921
relBp,0.16666666666666666,5,5,GGTACCAATTGAGATATTAA,0,3258115
relBp,0.16666666666666666,5,5,GGGTTCGGTTCTACGAAAAC,0,3279255
relBp,0.16666666666666666,5,5,GGGTCTCAAGGTGGGTTTTT,0,3286927
relBp,0.16666666666666666,5,5,GGGTAACGTTCTCGTCAAAC,0,3301788
relBp,0.16666666666666666,5,5,GGGGTATTGCCAGCGCGAGA,0,3300928
relBp,0.16666666666666666,5,5,GGGGAAGGACGGAACATGTC,0,3294394
relBp,0.16666666666666666,5,5,GGGCTCCCGACAGCACCTAC,0,3256183
relBp,0.16666666666666666,5,5,GGGCGCTCAGCTTTTGGACA,0,3290814
relBp,0.16666666666666666,5,5,GGGCCTAACACGCCGTTCTG,0,3267513
relBp,0.16666666666666666,5,5,GGGCACCGGAGTTTTAGGCA,0,3257085
relBp,0.16666666666666666,5,5,GGGATAGCTGGTTAAAACAA,0,3264311
relBp,0.16666666666666666,5,5,GGGAGTGATACAGTACTGGA,0,3289928
relBp,0.16666666666666666,5,5,GGGAAGCATATTGTATCCAT,0,3294398
relBp,0.16666666666666666,5,5,GGGAAGCAGGCGGACTACCT,0,3304229
relBp,0.16666666666666666,5,5,GGCTCACTTCTTTAGGTCTT,0,3269571
relBp,0.16666666666666666,5,5,GGCGTTGTTGCTCCTGTACA,0,3295166
relBp,0.16666666666666666,5,5,GGCGTACTCCTGTGTTTTGC,0,3282444
relBp,0.16666666666666666,5,5,GGCGCGTATGTTTGGGGCGT,0,3299403
relBp,0.16666666666666666,5,5,GGCGCGGTTCCTCAGAGGCG,0,3272538
relBp,0.16666666666666666,5,5,GGCGCACCGGATTTCTCGTG,0,3296886
relBp,0.16666666666666666,5,5,GGCGACGCAAAGTACACCGT,0,3264404
relBp,0.16666666666666666,5,5,GGCCGATAGAGTAAGATCCG,0,3297262
relBp,0.16666666666666666,5,5,GGCCATGGTAGCAGACGCTT,0,3303723
relBp,0.16666666666666666,5,5,GGCCAGCGGTCTGCAGCGGA,0,3256980
relBp,0.16666666666666666,5,5,GGCCAAGTCCTTAACGGATA,0,3277217
relBp,0.16666666666666666,5,5,GGCATTAGCCTTGAATTTAC,0,3285089
relBp,0.16666666666666666,5,5,GGCACTCGAACGTGAGCTAC,0,3284102
relBp,0.16666666666666666,5,5,GGATTAGTACGGCTAGTACC,0,3294714
relBp,0.16666666666666666,5,5,GGATCCGGTGTCGGGTCATC,0,3286600
relBp,0.16666666666666666,5,5,GGAGTATACGAAAATTAGAA,0,3304494
relBp,0.16666666666666666,5,5,GGAGTACTACCTCCAGGGTT,0,3290080
relBp,0.16666666666666666,5,5,GGAGTACGTTGCTACCCCAG,0,3305570
relBp,0.16666666666666666,5,5,GGAGACTTTAGCCAGGAGAA,0,3275128
relBp,0.16666666666666666,5,5,GGACTATGTCGCCCCTCGGC,0,3272941
relBp,0.16666666666666666,5,5,GGACTATGCTCTCCACGGAC,0,3298560
relBp,0.16666666666666666,5,5,GGACGATATCTCCACGCTTA,0,3262195
relBp,0.16666666666666666,5,5,GGACCGTAGATGGGATGTGT,0,3301029
relBp,0.16666666666666666,5,5,GGACCCTATATAAAAGTGGA,0,3282977
relBp,0.16666666666666666,5,5,GGACCCGTCCTCTCGTGACC,0,3275932
relBp,0.16666666666666666,5,5,GGACAATAATTTCCGAAAGC,0,3291361
relBp,0.16666666666666666,5,5,GGAATACCAAACTTCGCCCC,0,3304144
relBp,0.16666666666666666,5,5,GCTTAAGTTCTCCGCTTTCA,0,3303505
relBp,0.16666666666666666,5,5,GCTGTGGATTCTAATGGAGG,0,3302898
relBp,0.16666666666666666,5,5,GCTGGTTATAAACAACATTA,0,3302507
relBp,0.16666666666666666,5,5,GCTCTACTGACCACGACGCA,0,3299740
relBp,0.16666666666666666,5,5,GCTCCCGTGTACATTCCTGT,0,3261050
relBp,0.16666666666666666,5,5,GCTCAGTTAAATAAGCATTG,0,3284956
relBp,0.16666666666666666,5,5,GCTAGGTAGTATCAATCAAG,0,3256459
relBp,0.16666666666666666,5,5,GCTAGAGTGGTAACTTTCGT,0,3258678
relBp,0.16666666666666666,5,5,GCTACTTAGCGGGGGTCTGT,0,3262471
relBp,0.16666666666666666,5,5,GCGTCTTGTGTTTTCATCTG,0,3295354
relBp,0.16666666666666666,5,5,GCGTATCAAGTCCATGTGAA,0,3306026
relBp,0.16666666666666666,5,5,GCGTACTTGGCGCATGACTC,0,3275483
relBp,0.16666666666666666,5,5,GCGGACTGGTAAGTATCTAA,0,3292380
relBp,0.16666666666666666,5,5,GCGCCTGGGAGCCAGATCTT,0,3265294
relBp,0.16666666666666666,5,5,GCGCCGTGGCGAACGTTCAA,0,3302514
relBp,0.16666666666666666,5,5,GCGATGTGCCCCCACCGCGC,0,3289317
relBp,0.16666666666666666,5,5,GCGACAGTCTCAGCCATTGT,0,3263399
relBp,0.16666666666666666,5,5,GCCTTTTAGTCCAACCAAGA,0,3271228
relBp,0.16666666666666666,5,5,GCCTTAGCCATAATTATGAT,0,3275635
relBp,0.16666666666666666,5,5,GCCTGAGCCGCAGAGGCGAT,0,3277285
relBp,0.16666666666666666,5,5,GCCTAAGTTCCAGCATGCGC,0,3269389
relBp,0.16666666666666666,5,5,GCCGTTAACCTTCCTATCTG,0,3300628
relBp,0.16666666666666666,5,5,GCCGGTGATCCAATCTGATA,0,3272391
relBp,0.16666666666666666,5,5,GCCGGGGTCTTAATTACCAG,0,3287168
relBp,0.16666666666666666,5,5,GCCGCTATGCGCTCGGTTAA,0,3293974
relBp,0.16666666666666666,5,5,GCCGCGCTCAGGCATCGATA,0,3296953
relBp,0.16666666666666666,5,5,GCCCTCAGGGAAGAGAACTG,0,3304678
relBp,0.16666666666666666,5,5,GCCCGGACGGGGGGTCTCGG,0,3274014
relBp,0.16666666666666666,5,5,GCCAGCCTGCTCAGCCGTCG,0,3293137
relBp,0.16666666666666666,5,5,GCCACTCTAGTTATCATTTT,0,3269763
relBp,0.16666666666666666,5,5,GCCACTCCCTTGGGCTGTGG,0,3265704
relBp,0.16666666666666666,5,5,GCAGTTCTCACTCGGAGATG,0,3304933
relBp,0.16666666666666666,5,5,GCAGTGCCTAGGAACACATT,0,3287325
relBp,0.16666666666666666,5,5,GCACGATAGTTGCAGACAGG,0,3297681
relBp,0.16666666666666666,5,5,GCAATCGAGGACTGTGCTCT,0,3269058
relBp,0.16666666666666666,5,5,GCAATAGTTTAGACGTGTTA,0,3281523
relBp,0.16666666666666666,5,5,GCAAGAAGGGGTAGGCGGGA,0,3284560
relBp,0.16666666666666666,5,5,GCAAAGATGTTACCGACCCC,0,3272205
relBp,0.16666666666666666,5,5,GATTTGATCATGGCATGGCT,0,3276423
relBp,0.16666666666666666,5,5,GATTTGAGCGTTTTTGTCGG,0,3307669
relBp,0.16666666666666666,5,5,GATTTCCCGATTGTTCTACA,0,3299490
relBp,0.16666666666666666,5,5,GATTGTTCGTTACGTCCGGA,0,3299694
relBp,0.16666666666666666,5,5,GATTGTGGCAGTGCTGTTGC,0,3280099
relBp,0.16666666666666666,5,5,GATTGATGACTAGACCGCCT,0,3282694
relBp,0.16666666666666666,5,5,GATTGAGTCTAGTTGGGGAA,0,3299479
relBp,0.16666666666666666,5,5,GATTCTAGGGAGTTGGAGGC,0,3269065
relBp,0.16666666666666666,5,5,GATTCCATATAAGATTTTAC,0,3263938
relBp,0.16666666666666666,5,5,GATTAATTCTAACAGGGTCA,0,3269359
relBp,0.16666666666666666,5,5,GATGTGACAAAGCGTACTGG,0,3299391
relBp,0.16666666666666666,5,5,GATGGCCACACTCATTGGCA,0,3278715
relBp,0.16666666666666666,5,5,GATGATTATCCTCGACCCTG,0,3280299
relBp,0.16666666666666666,5,5,GATCCTTCAGAGAAACCCGT,0,3259615
relBp,0.16666666666666666,5,5,GATATTACCCTTTTTGTGGA,0,3268243
relBp,0.16666666666666666,5,5,GATATCGCAACTGTGCACAT,0,3305382
relBp,0.16666666666666666,5,5,GAGTCCCCACACTTGCCTTA,0,3281560
relBp,0.16666666666666666,5,5,GAGTAGGTACCGCAACTTGC,0,3265028
relBp,0.16666666666666666,5,5,GAGGTGCTATCTTGTAAGAG,0,3276579
relBp,0.16666666666666666,5,5,GAGGGTCACATGGACCAAGT,0,3263232
relBp,0.16666666666666666,5,5,GAGGGGGCTAGGTATTCGAC,0,3265711
relBp,0.16666666666666666,5,5,GAGGGCAGAGACATCCGGTC,0,3276358
relBp,0.16666666666666666,5,5,GAGGAAGGCTAGCCAAGGCA,0,3288303
relBp,0.16666666666666666,5,5,GAGCCGCTCCTCGTATGAAG,0,3258811
relBp,0.16666666666666666,5,5,GAGCCAAGAGGGCTCTGTGC,0,3279066
relBp,0.16666666666666666,5,5,GAGATGACGACGCCCTGAGG,0,3300019
relBp,0.16666666666666666,5,5,GAGATATGTGACTAATCATA,0,3300280
relBp,0.16666666666666666,5,5,GAGAGCGCCTCTGCATGTCT,0,3293921
relBp,0.16666666666666666,5,5,GAGACATAGCGCACAAGGGG,0,3256421
relBp,0.16666666666666666,5,5,GAGAAATACTGTTTGACAGT,0,3260265
relBp,0.16666666666666666,5,5,GACTTATTCAAACTGAGTCC,0,3274962
relBp,0.16666666666666666,5,5,GACTGTTCATGCATCACGTT,0,3257541
relBp,0.16666666666666666,5,5,GACTGGAAGCGCAGGCCTCT,0,3296731
relBp,0.16666666666666666,5,5,GACTGCTGGATCACGCTTGA,0,3262986
relBp,0.16666666666666666,5,5,GACTCGCATCGAGTTAACCT,0,3265037
relBp,0.16666666666666666,5,5,GACTACAGTAATCCCCCTTA,0,3301730
relBp,0.16666666666666666,5,5,GACGTGACAGGATATGGTTA,0,3271962
relBp,0.16666666666666666,5,5,GACGCTATGGTCGCGTCGGT,0,3293683
relBp,0.16666666666666666,5,5,GACCCACTTTGGGTAGTCTG,0,3303291
relBp,0.16666666666666666,5,5,GACCAGCTAGGGATTGCGAG,0,3305133
relBp,0.16666666666666666,5,5,GACAGAGTCATCACTGGATC,0,3291368
relBp,0.16666666666666666,5,5,GACACGGATGTCAATGTACC,0,3305770
relBp,0.16666666666666666,5,5,GACACCGTAGCACTGACTGT,0,3262701
relBp,0.16666666666666666,5,5,GACAAACATGTAAATACCAG,0,3303800
relBp,0.16666666666666666,5,5,GAATTGCGGAGGAATCAGCA,0,3277104
relBp,0.16666666666666666,5,5,GAATGGGAAAACGAGCGAAT,0,3280073
relBp,0.16666666666666666,5,5,GAATGGCTAGTGGACTGGCT,0,3262314
relBp,0.16666666666666666,5,5,GAATGCAACTGTTAACCGCC,0,3259122
relBp,0.16666666666666666,5,5,GAATCGAGGGCAAATCAGTC,0,3256757
relBp,0.16666666666666666,5,5,GAAGGGAGGACGGTAAGACT,0,3287740
relBp,0.16666666666666666,5,5,GAAGAGGCTACGCAAGATTT,0,3268038
relBp,0.16666666666666666,5,5,GAACTCGCGCTAGAACACCT,0,3283720
relBp,0.16666666666666666,5,5,GAACGCAGCAGCAGCGACCA,0,3274148
relBp,0.16666666666666666,5,5,GAAATGCGGTCCTGTCCTCG,0,3256271
relBp,0.16666666666666666,5,5,GAAAGGATGTGATAGTGCTC,0,3283063
relBp,0.16666666666666666,5,5,GAAAATACCTATTTGTCCTC,0,3289351
relBp,0.16666666666666666,5,5,GAAAACGGTCTCGGAGCTCA,0,3294730
relBp,0.16666666666666666,5,5,CTTTTTCGCAACCATGGTTC,0,3281940
relBp,0.16666666666666666,5,5,CTTTTAGGCCAGACCGCTGA,0,3304357
relBp,0.16666666666666666,5,5,CTTTCTTCGACCCTTCACTA,0,3272073
relBp,0.16666666666666666,5,5,CTTTCGTTCGGGAGGATGGC,0,3305379
relBp,0.16666666666666666,5,5,CTTGTTCCATACCTGGTTTA,0,3298981
relBp,0.16666666666666666,5,5,CTTGTCAAAATTTTAAGCGC,0,3279972
relBp,0.16666666666666666,5,5,CTTGGTCCGGGTAACCTAGA,0,3302611
relBp,0.16666666666666666,5,5,CTTCCGGAGGCCCGATCTGA,0,3274733
relBp,0.16666666666666666,5,5,CTTCATTGGCCGGGCAAGGA,0,3271764
relBp,0.16666666666666666,5,5,CTTCAAACGGAGCCTGTTTA,0,3274970
relBp,0.16666666666666666,5,5,CTTATCGTTCCTCACGAACC,0,3272453
relBp,0.16666666666666666,5,5,CTTATAAAGCCGGCATGACA,0,3296911
relBp,0.16666666666666666,5,5,CTTACAGATGTAGGACAGAT,0,3259659
relBp,0.16666666666666666,5,5,CTTAATGCCTGGTCCCCATA,0,3284820
relBp,0.16666666666666666,5,5,CTTAAAAGTAAGCTACTAAT,0,3269642
relBp,0.16666666666666666,5,5,CTGGATGCTCAAAGGCGTTC,0,3263324
relBp,0.16666666666666666,5,5,CTGGAAAATGGTTGGTACGG,0,3270767
relBp,0.16666666666666666,5,5,CTGCAGTAGTCGTAATTAGA,0,3261885
relBp,0.16666666666666666,5,5,CTGAGAGCGCATCGCGTGAC,0,3286337
relBp,0.16666666666666666,5,5,CTGACGTCTGTGTCCGTGCA,0,3287473
relBp,0.16666666666666666,5,5,CTGACCGATCAAGGGAAGGG,0,3282032
relBp,0.16666666666666666,5,5,CTGACAAAGAGGAAGGAGCA,0,3260696
relBp,0.16666666666666666,5,5,CTCTTTGCTGAAGATCCGCT,0,3288583
relBp,0.16666666666666666,5,5,CTCTTGCGCACTCTTGTTGT,0,3258574
relBp,0.16666666666666666,5,5,CTCGTCCTTCGATGTTCAAA,0,3275343
relBp,0.16666666666666666,5,5,CTCGTCCCTGGCAATGGATA,0,3266452
relBp,0.16666666666666666,5,5,CTCGGACCTATCATTAAAAT,0,3304663
relBp,0.16666666666666666,5,5,CTCCTCAGTAGAAATCCCAC,0,3256226
relBp,0.16666666666666666,5,5,CTCCGCATGGCCTCTTATGA,0,3281208
relBp,0.16666666666666666,5,5,CTCATCTTGCATGGTAAATG,0,3300657
relBp,0.16666666666666666,5,5,CTATCCGGGAACGAAATATC,0,3305113
relBp,0.16666666666666666,5,5,CTATAAGAATTTTGTTCATA,0,3296367
relBp,0.16666666666666666,5,5,CTAGGCTGCCAGTAGAGAGT,0,3275790
relBp,0.16666666666666666,5,5,CTAGCCACCCAGGCTCACGC,0,3286774
relBp,0.16666666666666666,5,5,CTAGCATTAAATTTCACGGG,0,3276342
relBp,0.16666666666666666,5,5,CTAGCAATAGTCCGCACGAC,0,3266299
relBp,0.16666666666666666,5,5,CTAGATAGCATCAGATCAGG,0,3283800
relBp,0.16666666666666666,5,5,CTAGAAGGGTACAAATACTA,0,3297065
relBp,0.16666666666666666,5,5,CTACTTAATCAGAACGGTCA,0,3287702
relBp,0.16666666666666666,5,5,CTACACCACTGAGTTGCCGC,0,3267555
relBp,0.16666666666666666,5,5,CTAAATGCGATGCCCCTTCG,0,3266694
relBp,0.16666666666666666,5,5,CTAAACGTAGGCCAATGACT,0,3299436
relBp,0.16666666666666666,5,5,CGTGTACGGACCGGTGTGGT,0,3280973
relBp,0.16666666666666666,5,5,CGTGGCATGCACCCTTGCCG,0,3284466
relBp,0.16666666666666666,5,5,CGTCTTCAATCCTAGATTAC,0,3276233
relBp,0.16666666666666666,5,5,CGTCTGGAAGTCGTCAGAGT,0,3274572
relBp,0.16666666666666666,5,5,CGTCCATCTTTGTATCTGGT,0,3302614
relBp,0.16666666666666666,5,5,CGTAGGTAAAAAGAAAATGG,0,3271375
relBp,0.16666666666666666,5,5,CGTACATGTTTCATCGTCTT,0,3280635
relBp,0.16666666666666666,5,5,CGTAATAATGCTGTATTTAT,0,3307424
relBp,0.16666666666666666,5,5,CGGTTTCGACGACAATCCTA,0,3287816
relBp,0.16666666666666666,5,5,CGGTGCTTATGAAACTATGA,0,3285093
relBp,0.16666666666666666,5,5,CGGTGAGGAAACTCAATGCT,0,3286811
relBp,0.16666666666666666,5,5,CGGTGAGCTTCGCAGGCGAA,0,3302358
relBp,0.16666666666666666,5,5,CGGTCTGGGAATCTCGAAAA,0,3302275
relBp,0.16666666666666666,5,5,CGGTCGGTGTGCGCTGATTT,0,3258492
relBp,0.16666666666666666,5,5,CGGTACTGTGCAGGAGGAAA,0,3295019
relBp,0.16666666666666666,5,5,CGGTACGGTGCTCATTTGTA,0,3284154
relBp,0.16666666666666666,5,5,CGGCGCCACTGGTAGCTTTT,0,3293116
relBp,0.16666666666666666,5,5,CGGCAGCTACTTCCCCAAAG,0,3305814
relBp,0.16666666666666666,5,5,CGGAAGTGTAGGAGGGCGCA,0,3298979
relBp,0.16666666666666666,5,5,CGCTTTGCAGGCATTTGGAT,0,3260244
relBp,0.16666666666666666,5,5,CGCTGGGGATGTGAATTTGA,0,3277455
relBp,0.16666666666666666,5,5,CGCTCAGCGGTAGTATTATA,0,3281534
relBp,0.16666666666666666,5,5,CGCTAGAACCTCTAGCCTCT,0,3270941
relBp,0.16666666666666666,5,5,CGCGGTGCTGTTCCGACCCG,0,3288736
relBp,0.16666666666666666,5,5,CGCGCTATTTTGTGACTCCC,0,3263196
relBp,0.16666666666666666,5,5,CGCGAGGCAGCTGCCTTTTA,0,3278748
relBp,0.16666666666666666,5,5,CGCGACAGAGGTAGGTGAGA,0,3271469
relBp,0.16666666666666666,5,5,CGCCTAGTGTGCTAATAAAT,0,3262109
relBp,0.16666666666666666,5,5,CGCATAAAGTAGACAATGAA,0,3285925
relBp,0.16666666666666666,5,5,CGCAGGCTGAAACGTGTTAT,0,3308231
relBp,0.16666666666666666,5,5,CGCAGGCTAATCACACGGCA,0,3290247
relBp,0.16666666666666666,5,5,CGCAGCGTTTGGATACGCCA,0,3299159
relBp,0.16666666666666666,5,5,CGCACCGGAGGCTACCCACC,0,3294187
relBp,0.16666666666666666,5,5,CGCACCCTCGCTGGTGGTCG,0,3307783
relBp,0.16666666666666666,5,5,CGCAATTATTATGCTGGTGA,0,3305026
relBp,0.16666666666666666,5,5,CGATTTTCTTTAGGAAAGAA,0,3298288
relBp,0.16666666666666666,5,5,CGATGGCCTAGTGAAGCAAG,0,3283703
relBp,0.16666666666666666,5,5,CGATCTGTTGTTACACCGGG,0,3281358
relBp,0.16666666666666666,5,5,CGAGTTGAATAGTTCTCGCT,0,3274900
relBp,0.16666666666666666,5,5,CGAGTGGCTCGGATAACGAG,0,3273749
relBp,0.16666666666666666,5,5,CGAGTCGAGTCATACAGGAT,0,3298894
relBp,0.16666666666666666,5,5,CGAGGGCGTGGCGGTTAATT,0,3274659
relBp,0.16666666666666666,5,5,CGAGATTTACCCTGAAGCCA,0,3257284
relBp,0.16666666666666666,5,5,CGACGTATTTGTGCTACAAG,0,3307368
relBp,0.16666666666666666,5,5,CGACACTTTAGATCAGTCTG,0,3305610
relBp,0.16666666666666666,5,5,CGAACGGTGGCAAGTAATTA,0,3257717
relBp,0.16666666666666666,5,5,CGAACAACTGCTTATTATTT,0,3265360
relBp,0.16666666666666666,5,5,CGAAATATGAGTTTGATTTC,0,3268113
relBp,0.16666666666666666,5,5,CCTTTGGTTTTAGATTACGA,0,3305785
relBp,0.16666666666666666,5,5,CCTGTTAACGCTTGTCCTGT,0,3276589
relBp,0.16666666666666666,5,5,CCTGGCTGAGACCTTAGAAC,0,3283066
relBp,0.16666666666666666,5,5,CCTGGCAGTACACTTATTTT,0,3276922
relBp,0.16666666666666666,5,5,CCTGACGCGCTACTGCCAAT,0,3285751
relBp,0.16666666666666666,5,5,CCTGAATCTTTATGGGCTAT,0,3266875
relBp,0.16666666666666666,5,5,CCTCTCACGATCAACTTTTT,0,3278491
relBp,0.16666666666666666,5,5,CCTCGTAGTATGGCCTATAA,0,3297930
relBp,0.16666666666666666,5,5,CCTATTGTCTAGGCGCGCGG,0,3270323
relBp,0.16666666666666666,5,5,CCGTGACTATACAGGGGCCA,0,3266785
relBp,0.16666666666666666,5,5,CCGTCCTGGGCGGCAAAATG,0,3286189
relBp,0.16666666666666666,5,5,CCGTCATGCGCAGAGTCTCC,0,3260607
relBp,0.16666666666666666,5,5,CCGGCTGTTGCGAGAGAAAA,0,3292834
relBp,0.16666666666666666,5,5,CCGCAAAAGGACCTCAGTTG,0,3275618
relBp,0.16666666666666666,5,5,CCGATCACTTATAACTTCCA,0,3278779
relBp,0.16666666666666666,5,5,CCGAGGTTGTCTATACAAGG,0,3264285
relBp,0.16666666666666666,5,5,CCGAGGGTACACCCATCGTT,0,3275652
relBp,0.16666666666666666,5,5,CCGAAAATGGGCAAGTCATA,0,3283137
relBp,0.16666666666666666,5,5,CCCTTCCCACCTCGTTCCCG,0,3260159
relBp,0.16666666666666666,5,5,CCCTGGGGGATCGTGGAAAC,0,3268346
relBp,0.16666666666666666,5,5,CCCTGCGCCCTCAGCCGTGA,0,3296409
relBp,0.16666666666666666,5,5,CCCTCTCAATTAGCTGTCAC,0,3276426
relBp,0.16666666666666666,5,5,CCCGTGGCGCTCACCACGAA,0,3261088
relBp,0.16666666666666666,5,5,CCCGACAGTGAAGAGTGACT,0,3288337
relBp,0.16666666666666666,5,5,CCCGAATCCCGCGATTTGTT,0,3285571
relBp,0.16666666666666666,5,5,CCCCTCCGATTCGATTTTTC,0,3305616
relBp,0.16666666666666666,5,5,CCCCCCAGAAGTATCGGATC,0,3260227
relBp,0.16666666666666666,5,5,CCCCCACGTTTACGGCGGGT,0,3258676
relBp,0.16666666666666666,5,5,CCCAGGGTACACATCAAGTC,0,3295668
relBp,0.16666666666666666,5,5,CCCACAGTAGTAATCCACTG,0,3269722
relBp,0.16666666666666666,5,5,CCCAATTTTGTTCACGTTTG,0,3258034
relBp,0.16666666666666666,5,5,CCATTTGGGGGATCGAACTA,0,3270214
relBp,0.16666666666666666,5,5,CCATTGACATCAGCGGTGCT,0,3277045
relBp,0.16666666666666666,5,5,CCATGTTCTGGTGTGAGCGC,0,3277639
relBp,0.16666666666666666,5,5,CCATGGTCGAAGGCTTCGGG,0,3263955
relBp,0.16666666666666666,5,5,CCATCTGGTGAAACGGAGTT,0,3275091
relBp,0.16666666666666666,5,5,CCAGTGGGGATAATTGAGAG,0,3294615
relBp,0.16666666666666666,5,5,CCAGGTCCTAGGTGGCTGGG,0,3265035
relBp,0.16666666666666666,5,5,CCAGGATTCGTAAACCTTAT,0,3273692
relBp,0.16666666666666666,5,5,CCAGCTAGAGAATGCCTCCA,0,3291749
relBp,0.16666666666666666,5,5,CCAGCGCTTGAAGAAGCTTG,0,3264028
relBp,0.16666666666666666,5,5,CCACTTACCGCTCTCTTCCC,0,3302744
relBp,0.16666666666666666,5,5,CCACTGGTTACTTGCATTAA,0,3294515
relBp,0.16666666666666666,5,5,CCACGTTAAACGCCAATCAA,0,3275553
relBp,0.16666666666666666,5,5,CCACGAGGCTCTGAAGAAAC,0,3293787
relBp,0.16666666666666666,5,5,CCACGACATAGACAACGTAC,0,3288263
relBp,0.16666666666666666,5,5,CCACCACGTTTGATACATCG,0,3262512
relBp,0.16666666666666666,5,5,CCAAGTGGGGCCTGTGAACT,0,3299032
relBp,0.16666666666666666,5,5,CCAAGTCGGCCGTACCATAG,0,3256800
relBp,0.16666666666666666,5,5,CCAACATCGCGGGTTGATTG,0,3295991
relBp,0.16666666666666666,5,5,CCAAAACTCATGATTCACTC,0,3287185
relBp,0.16666666666666666,5,5,CATTTTAACTTGTTTCAACA,0,3259749
relBp,0.16666666666666666,5,5,CATTGTCTTCCGCTTATTGA,0,3264919
relBp,0.16666666666666666,5,5,CATTGGTGAGAAGGGCAGAG,0,3297022
relBp,0.16666666666666666,5,5,CATTCCAACGTATTTTGAAA,0,3305955
relBp,0.16666666666666666,5,5,CATTACATTTAGCATAGTAT,0,3301912
relBp,0.16666666666666666,5,5,CATGTTTCTAACAGGCAGTT,0,3266298
relBp,0.16666666666666666,5,5,CATGTCGTGGGTGTCACTCG,0,3307581
relBp,0.16666666666666666,5,5,CATCATTGCCAGAGGGTTTT,0,3275314
relBp,0.16666666666666666,5,5,CATCATTACTTCAAAACTCG,0,3280855
relBp,0.16666666666666666,5,5,CATCATCCAACAGACTGTCT,0,3264338
relBp,0.16666666666666666,5,5,CATCACAATTCTACCACGTG,0,3299977
relBp,0.16666666666666666,5,5,CAGTCTAAGAGACTCGAGAC,0,3298318
relBp,0.16666666666666666,5,5,CAGTATTCAGACATGATTGG,0,3278991
relBp,0.16666666666666666,5,5,CAGGTTTATACTTGCCCGAG,0,3277334
relBp,0.16666666666666666,5,5,CAGGTGAAGTTCCCGAAAAT,0,3289623
relBp,0.16666666666666666,5,5,CAGGAAAACGTGTCCCTGCA,0,3286710
relBp,0.16666666666666666,5,5,CAGAGGTTCGGAGATTTATG,0,3265629
relBp,0.16666666666666666,5,5,CAGACTCCGGCGATGCAGCC,0,3300611
relBp,0.16666666666666666,5,5,CAGAACCTCTGCCGATACAT,0,3288252
relBp,0.16666666666666666,5,5,CACGTGAAGCGCTAGGCTAC,0,3292991
relBp,0.16666666666666666,5,5,CACCTGCAGTGATTGTGCAA,0,3263046
relBp,0.16666666666666666,5,5,CACCCTGACCGTGCATAAGC,0,3292088
relBp,0.16666666666666666,5,5,CACATGAAATGGATCGATCA,0,3264340
relBp,0.16666666666666666,5,5,CACATATGGAAAGCTATAGT,0,3276658
relBp,0.16666666666666666,5,5,CACAAGCACGTATTCATGTG,0,3268903
relBp,0.16666666666666666,5,5,CACAACAGGATCACTCGGAT,0,3284987
relBp,0.16666666666666666,5,5,CACAAATCTGCTTTCGGATA,0,3283697
relBp,0.16666666666666666,5,5,CACAAAAGGTCGTCGGGGAT,0,3272405
relBp,0.16666666666666666,5,5,CAATTCAAGGAGCATCGGTA,0,3292118
relBp,0.16666666666666666,5,5,CAATTACAGCCCGTTATATG,0,3297998
relBp,0.16666666666666666,5,5,CAATTAAGAGCCCAGTCCCC,0,3282829
relBp,0.16666666666666666,5,5,CAATATTAGTACGACATTCG,0,3285340
relBp,0.16666666666666666,5,5,CAATAGGTATATCTCTCAAC,0,3292644
relBp,0.16666666666666666,5,5,CAAGGGGAAGACCACGCGCT,0,3263325
relBp,0.16666666666666666,5,5,CAACTTCAGAATGTAAGATA,0,3282322
relBp,0.16666666666666666,5,5,CAACTGTGCCATGATCGCCC,0,3286639
relBp,0.16666666666666666,5,5,CAACTCCAGGGGAAGAACAG,0,3263408
relBp,0.16666666666666666,5,5,CAACGTCATGCTCTATGGGT,0,3272566
relBp,0.16666666666666666,5,5,CAACGAATTGGACTTTAGAT,0,3270805
relBp,0.16666666666666666,5,5,CAACCTGGCCCCGCACCATC,0,3271713
relBp,0.16666666666666666,5,5,CAACCGCGTTGGGAAATTTT,0,3261944
relBp,0.16666666666666666,5,5,CAACCACATAGGGGCAACGC,0,3266651
relBp,0.16666666666666666,5,5,CAACATAATCATTCTCCCGG,0,3294580
relBp,0.16666666666666666,5,5,CAAACTTGGGCCAAACCTCG,0,3270053
relBp,0.16666666666666666,5,5,ATTTTCATTGTTGGCAGTAG,0,3256478
relBp,0.16666666666666666,5,5,ATTTTAGGCCTTCTAATTTC,0,3280745
relBp,0.16666666666666666,5,5,ATTTTAGACAAGCTCGTTAT,0,3292078
relBp,0.16666666666666666,5,5,ATTGTGGATAACTCATCTCG,0,3266515
relBp,0.16666666666666666,5,5,ATTGTGACGTGATGTGGCCT,0,3264709
relBp,0.16666666666666666,5,5,ATTGGCCTACAACCAGTGCA,0,3260760
relBp,0.16666666666666666,5,5,ATTCTCGTTAGTCGCGCGGA,0,3285471
relBp,0.16666666666666666,5,5,ATTCCACGATGGAAAGGGTG,0,3285381
relBp,0.16666666666666666,5,5,ATTCATTAAAGGCTCCTAAG,0,3306661
relBp,0.16666666666666666,5,5,ATTATTGTGTTCTTCTTTAA,0,3292737
relBp,0.16666666666666666,5,5,ATTAATGAATTGAGAGATTG,0,3307444
relBp,0.16666666666666666,5,5,ATTAAGTGCCGCTGAGCGTT,0,3289456
relBp,0.16666666666666666,5,5,ATTAAAGGTCACGCACCGGA,0,3257235
relBp,0.16666666666666666,5,5,ATGTAGTTTCCGTCCCCTGT,0,3263431
relBp,0.16666666666666666,5,5,ATGTAGTCTATGAGTCTCAC,0,3295680
relBp,0.16666666666666666,5,5,ATGTAAAATGGGGTTGGTTA,0,3284779
relBp,0.16666666666666666,5,5,ATGGTGTAGAGTTATGATTA,0,3279247
relBp,0.16666666666666666,5,5,ATGGTCTGGTAAACCCCGGG,0,3296441
relBp,0.16666666666666666,5,5,ATGGATCCATGCAAGGACTT,0,3275232
relBp,0.16666666666666666,5,5,ATGGACACCGGAAACTCACG,0,3303229
relBp,0.16666666666666666,5,5,ATGCTGTCGTACCGAGGATT,0,3293917
relBp,0.16666666666666666,5,5,ATGCTAAACGCGTTCCGAGT,0,3265213
relBp,0.16666666666666666,5,5,ATGCCTGGGCACGCTGTCGG,0,3289214
relBp,0.16666666666666666,5,5,ATGCATCTAGGCAGTTAGCA,0,3260593
relBp,0.16666666666666666,5,5,ATGCACTCTCGCATGTGTTT,0,3288951
relBp,0.16666666666666666,5,5,ATGAGGACGGGGACTTATTC,0,3258900
relBp,0.16666666666666666,5,5,ATCTTGGCCCGACACGCCCC,0,3259721
relBp,0.16666666666666666,5,5,ATCTTATAGAGATTATTTTC,0,3295966
relBp,0.16666666666666666,5,5,ATCTGAATCTGTGTCTAAAT,0,3272239
relBp,0.16666666666666666,5,5,ATCTAGTTTAGGTGGATCAA,0,3299257
relBp,0.16666666666666666,5,5,ATCGTAATGATTGCGATTGA,0,3283774
relBp,0.16666666666666666,5,5,ATCGGTCTGAAGTTTTCGTT,0,3278380
relBp,0.16666666666666666,5,5,ATCGCGGATATTTCCCGCGA,0,3284529
relBp,0.16666666666666666,5,5,ATCCGTTTCATGCTTCGTCT,0,3299543
relBp,0.16666666666666666,5,5,ATCCGGGGCAAACGATGCGC,0,3258394
relBp,0.16666666666666666,5,5,ATCCGGACGTGACTCACCGT,0,3265732
relBp,0.16666666666666666,5,5,ATCATTCTAACGATTACCGC,0,3264085
relBp,0.16666666666666666,5,5,ATCATTAGTTCACATCTAGA,0,3260641
relBp,0.16666666666666666,5,5,ATCAGGGGCTGTCTAATGAA,0,3275240
relBp,0.16666666666666666,5,5,ATCAGCAATAACTCTGGATT,0,3266082
relBp,0.16666666666666666,5,5,ATATCTGGGATGGAGTTCCG,0,3268006
relBp,0.16666666666666666,5,5,ATAGATTGGCAATCATCGGT,0,3297459
relBp,0.16666666666666666,5,5,ATAGAAAATTAGTGTGTCAG,0,3272408
relBp,0.16666666666666666,5,5,ATACGGCCCTGTGTATCTTT,0,3283320
relBp,0.16666666666666666,5,5,ATACGGATGTTGCATCGGGG,0,3279267
relBp,0.16666666666666666,5,5,ATACGCATCTGAACTAGGTA,0,3268827
relBp,0.16666666666666666,5,5,ATACAGTATACTTTGAATAA,0,3257775
relBp,0.16666666666666666,5,5,ATAAGGACGTGGGACTGGTC,0,3264822
relBp,0.16666666666666666,5,5,ATAAATTGGGTTCCGGCGAA,0,3285932
relBp,0.16666666666666666,5,5,AGTTTTTCTGTAGGGGGTGG,0,3261573
relBp,0.16666666666666666,5,5,AGTTGCAGAGCGCTAAAGAT,0,3303531
relBp,0.16666666666666666,5,5,AGTGGTAGTTCGGTCACGCG,0,3276733
relBp,0.16666666666666666,5,5,AGTGGCGCTCTTCAGTTGCA,0,3304572
relBp,0.16666666666666666,5,5,AGTGGCCCATCAAATACAGT,0,3261887
relBp,0.16666666666666666,5,5,AGTGATAGATATCAGCGATT,0,3263647
relBp,0.16666666666666666,5,5,AGTCGGTCATAATAACGTTG,0,3279957
relBp,0.16666666666666666,5,5,AGTCAACGGGTACATCCCAC,0,3259257
relBp,0.16666666666666666,5,5,AGTATAACGGAGGTTTATGG,0,3300714
relBp,0.16666666666666666,5,5,AGTAGTGTTCTGTTCGTAAC,0,3295487
relBp,0.16666666666666666,5,5,AGTAGGAATGTCGAACTTTC,0,3262490
relBp,0.16666666666666666,5,5,AGTAGACACTCAAACCATGC,0,3271112
relBp,0.16666666666666666,5,5,AGGTTGTACACAAACTCTTG,0,3266249
relBp,0.16666666666666666,5,5,AGGTGTGTCGGTAGAAAAGA,0,3299367
relBp,0.16666666666666666,5,5,AGGTGCTTGCCTGTCCCTGT,0,3289734
relBp,0.16666666666666666,5,5,AGGTGATCTTCAGGCACTAA,0,3298019
relBp,0.16666666666666666,5,5,AGGTCTAGTGCATAAATTCA,0,3274767
relBp,0.16666666666666666,5,5,AGGTAACCTTCAGACATCGG,0,3298062
relBp,0.16666666666666666,5,5,AGGGGACTAGCGTACGCGGT,0,3308319
relBp,0.16666666666666666,5,5,AGGGCCGCGGCCCCTTTACG,0,3300908
relBp,0.16666666666666666,5,5,AGGGCCAGCGTTTTTGTGTG,0,3281074
relBp,0.16666666666666666,5,5,AGGGCCAAGACCCCTCACCC,0,3272928
relBp,0.16666666666666666,5,5,AGGCTTGCCAGTCGGCACGG,0,3294877
relBp,0.16666666666666666,5,5,AGGCTCCGCACTGAGATTTG,0,3276719
relBp,0.16666666666666666,5,5,AGGCGCTATTCACGTTTATG,0,3277823
relBp,0.16666666666666666,5,5,AGGCGCGTGGCCTATTTAAC,0,3273175
relBp,0.16666666666666666,5,5,AGGCCTAATATTAGTGACAA,0,3288372
relBp,0.16666666666666666,5,5,AGGCCCGACGGTCCCGCCAG,0,3273208
relBp,0.16666666666666666,5,5,AGGACTCGGAAACTACGCCA,0,3271498
relBp,0.16666666666666666,5,5,AGGACTAGGACCCTGCTTGA,0,3288238
relBp,0.16666666666666666,5,5,AGGAATCGTCAGTTAATATG,0,3256913
relBp,0.16666666666666666,5,5,AGGAACCGAGTTACTTACGC,0,3294137
relBp,0.16666666666666666,5,5,AGCTTCTGCACATCGTAGGT,0,3307524
relBp,0.16666666666666666,5,5,AGCTGGCCGTACTAGTTGAG,0,3293284
relBp,0.16666666666666666,5,5,AGCGTATCGGCAGTACATAC,0,3297108
relBp,0.16666666666666666,5,5,AGCGGTTGTGGTGCCTTCGA,0,3306345
relBp,0.16666666666666666,5,5,AGCGGGTTAGTTATTTTATG,0,3284530
relBp,0.16666666666666666,5,5,AGCGGCGCAGCCGGATGGCA,0,3273379
relBp,0.16666666666666666,5,5,AGCGACGTTTATGGCCTGAG,0,3270269
relBp,0.16666666666666666,5,5,AGCCATCAAGCCGAGCACCC,0,3260636
relBp,0.16666666666666666,5,5,AGCATTGCGCGTTAGACTGC,0,3283781
relBp,0.16666666666666666,5,5,AGCACCTGAACGCGAATTCC,0,3272550
relBp,0.16666666666666666,5,5,AGATTTCCTCTGAACCCCAG,0,3273788
relBp,0.16666666666666666,5,5,AGATAGCACGCTTAGGTACT,0,3270952
relBp,0.16666666666666666,5,5,AGAGTCAGGCTGTTTTGGGT,0,3297403
relBp,0.16666666666666666,5,5,AGAGGGCCGTTTCTATAAGG,0,3273991
relBp,0.16666666666666666,5,5,AGAGACTCGGTACTCACTGC,0,3293277
relBp,0.16666666666666666,5,5,AGACGGTTATTATATACGGT,0,3276188
relBp,0.16666666666666666,5,5,AGACGAATGCGGCTGGAGAC,0,3279515
relBp,0.16666666666666666,5,5,AGACCCTTACATTGCCGGAA,0,3277711
relBp,0.16666666666666666,5,5,ACTTTTAGTGAAGAAACGAC,0,3266603
relBp,0.16666666666666666,5,5,ACTTGTGGTAAAAAGCTTCC,0,3282468
relBp,0.16666666666666666,5,5,ACTTACCATCACCGTTGATA,0,3293162
relBp,0.16666666666666666,5,5,ACTGTAGCTGCCTGCGCTAC,0,3307247
relBp,0.16666666666666666,5,5,ACTGTAGCACTAGGTTGGGG,0,3288012
relBp,0.16666666666666666,5,5,ACTGTACTGCCTCCTGCACG,0,3289363
relBp,0.16666666666666666,5,5,ACTGGGTTATACTATCTATT,0,3268508
relBp,0.16666666666666666,5,5,ACTCTACCCTTCCCACCAGG,0,3289082
relBp,0.16666666666666666,5,5,ACTCGATGCGACTTATACGA,0,3277855
relBp,0.16666666666666666,5,5,ACTCCTCCATTAGCTATACA,0,3286818
relBp,0.16666666666666666,5,5,ACTAGAAGACAGTCCGTCCG,0,3285568
relBp,0.16666666666666666,5,5,ACTACGATTTTCGAACTTCA,0,3260582
relBp,0.16666666666666666,5,5,ACTAATCGGATAATCGCGGA,0,3293140
relBp,0.16666666666666666,5,5,ACTAAAGACTTTCAATATAG,0,3274679
relBp,0.16666666666666666,5,5,ACGTTCAGAGTTTGCATGGG,0,3289545
relBp,0.16666666666666666,5,5,ACGTTAATTGACTAACCCGT,0,3298835
relBp,0.16666666666666666,5,5,ACGTGTGTTGCAGGTCGATG,0,3306129
relBp,0.16666666666666666,5,5,ACGTGCCGTGCTGGAATTGG,0,3288926
relBp,0.16666666666666666,5,5,ACGGGCGAGGACCCATTCTT,0,3293483
relBp,0.16666666666666666,5,5,ACGGCTGACAGCGTGGTAAC,0,3307137
relBp,0.16666666666666666,5,5,ACGGCGTTCGTTTACTAATC,0,3279491
relBp,0.16666666666666666,5,5,ACGGCATTTACGAGTTCGAC,0,3298656
relBp,0.16666666666666666,5,5,ACGCAGCAGGAACTTCTCGA,0,3273019
relBp,0.16666666666666666,5,5,ACGCACATTTGATGGAGCTC,0,3306097
relBp,0.16666666666666666,5,5,ACGAGCGGGGAATACCTGTG,0,3269428
relBp,0.16666666666666666,5,5,ACGAGCCTAATTAGGGACGG,0,3272554
relBp,0.16666666666666666,5,5,ACGAGCAAGACCACCAACGG,0,3267055
relBp,0.16666666666666666,5,5,ACGACTCGTGACCGTTTAGG,0,3265816
relBp,0.16666666666666666,5,5,ACCTCGGGGGCGCGCAACTA,0,3271420
relBp,0.16666666666666666,5,5,ACCTCCTAGCTCCGGATGAC,0,3271096
relBp,0.16666666666666666,5,5,ACCGCATGCCAGTGGTAAAC,0,3298838
relBp,0.16666666666666666,5,5,ACCGAAGGACGGGAACCCAA,0,3295110
relBp,0.16666666666666666,5,5,ACCCGCTCATAGTCCCAAAA,0,3259609
relBp,0.16666666666666666,5,5,ACCCGATCGCACTGAAAAGA,0,3296555
relBp,0.16666666666666666,5,5,ACCCGACCTCGCCAAGGCGA,0,3274429
relBp,0.16666666666666666,5,5,ACCCAGTGGGAGTTTCTATG,0,3287844
relBp,0.16666666666666666,5,5,ACCATGTAAGCAAATAGAGT,0,3281983
relBp,0.16666666666666666,5,5,ACCATATAGGCTACTTTTAC,0,3294697
relBp,0.16666666666666666,5,5,ACCAGGACCGAAGAGAAAGA,0,3302470
relBp,0.16666666666666666,5,5,ACCACTTTACATACCCGAGG,0,3259348
relBp,0.16666666666666666,5,5,ACCACGTGGTCACTATGGCT,0,3277542
relBp,0.16666666666666666,5,5,ACCAATATGATGTACCCTCA,0,3274162
relBp,0.16666666666666666,5,5,ACATGAGTTCCCCCGCAGTG,0,3283126
relBp,0.16666666666666666,5,5,ACATCTTAGCAAAATCATCC,0,3285957
relBp,0.16666666666666666,5,5,ACATACGTGATCGTACAGGC,0,3257895
relBp,0.16666666666666666,5,5,ACAGGAACTGCGTTTCTTGG,0,3307135
relBp,0.16666666666666666,5,5,ACAGCCATTTAATAAGCTGT,0,3301472
relBp,0.16666666666666666,5,5,ACACTTCATATCACACTTCT,0,3259598
relBp,0.16666666666666666,5,5,ACACTGCTTGCCTATCGGGA,0,3275223
relBp,0.16666666666666666,5,5,ACACCATTTGGCTGGCACTG,0,3307428
relBp,0.16666666666666666,5,5,ACAAGGCTGTCACATGACTT,0,3264990
relBp,0.16666666666666666,5,5,AATTTGGAGGGGGAAAACCA,0,3283656
relBp,0.16666666666666666,5,5,AATTTATTGTCGCAAAGCCG,0,3267805
relBp,0.16666666666666666,5,5,AATTTAGGACACTAAACAGA,0,3304338
relBp,0.16666666666666666,5,5,AATTAACGCATACGATCTCC,0,3262760
relBp,0.16666666666666666,5,5,AATGCTTCTACAGCCGGCTG,0,3294134
relBp,0.16666666666666666,5,5,AATATAGGAATATGCGAACA,0,3290470
relBp,0.16666666666666666,5,5,AAGTATCCATAGCCGCTAAC,0,3282582
relBp,0.16666666666666666,5,5,AAGGTACCGCTCTAATTACA,0,3280624
relBp,0.16666666666666666,5,5,AAGCCAGCGTACATTCGCCT,0,3280274
relBp,0.16666666666666666,5,5,AAGCCACCATTGGAAGAATA,0,3257927
relBp,0.16666666666666666,5,5,AAGCAATGAGACTGGGCCAG,0,3279064
relBp,0.16666666666666666,5,5,AAGATCTGATGGTGCTTGGA,0,3267054
relBp,0.16666666666666666,5,5,AAGAGCAAATACTCTGCATT,0,3292462
relBp,0.16666666666666666,5,5,AAGACTCGCACGAACGTTTA,0,3273220
relBp,0.16666666666666666,5,5,AAGAAGCCGCCATTGTGCCC,0,3283017
relBp,0.16666666666666666,5,5,AAGAACCGGATGCTCAGAAT,0,3263969
relBp,0.16666666666666666,5,5,AACTTTAGGAGAACGTTAAT,0,3283575
relBp,0.16666666666666666,5,5,AACTTTAGAGAAGATTGAGG,0,3285870
relBp,0.16666666666666666,5,5,AACTCTCTACGCTCCCAACG,0,3261811
relBp,0.16666666666666666,5,5,AACTCTCCACCCACGCATGT,0,3292444
relBp,0.16666666666666666,5,5,AACGGGCGTTTTCACGCTAA,0,3300690
relBp,0.16666666666666666,5,5,AACGGATGGGGGGAGGAGAT,0,3273113
relBp,0.16666666666666666,5,5,AACGCATCCGGCGAAAAAGT,0,3283200
relBp,0.16666666666666666,5,5,AACCGGGACGTCTATATACG,0,3282126
relBp,0.16666666666666666,5,5,AACAGTTCTGATCTTCCTCC,0,3274244
relBp,0.16666666666666666,5,5,AACACACCGGAGCTGGTCGC,0,3284479
relBp,0.16666666666666666,5,5,AAATTCCTACGAAGTAGCAG,0,3296018
relBp,0.16666666666666666,5,5,AAATGTTTAGGGGCTTCCCG,0,3282969
relBp,0.16666666666666666,5,5,AAATGCTGAAGCCACCATTG,0,3294974
relBp,0.16666666666666666,5,5,AAATCCCTCAAGTGTTTCGG,0,3268482
relBp,0.16666666666666666,5,5,AAACTGCGGGAGCCTAGTTT,0,3291612
relBp,0.16666666666666666,5,5,AAACCCAATGGTCGATTTAA,0,3278906
relBp,0.16666666666666666,5,5,AAAATGGAAATCTTGTCCGC,0,3305984
relBp,0.16666666666666666,5,5,AAAAGTTGTTCCGAGCCGGC,0,3261725
relBp,0.2,4,4,TTTTTTCAGTCGTCCTGGTA,0,3287528
relBp,0.2,4,4,TTTTTGAACGCTACTTTTAA,0,3270362
relBp,0.2,4,4,TTTTCTCTCTAATTCCTTCT,0,3290746
relBp,0.2,4,4,TTTGTCCGTGATGACGGTGA,0,3277709
relBp,0.2,4,4,TTTGGCCTCTTGAAATGGTA,0,3263537
relBp,0.2,4,4,TTTGCTAGGGAATCGCTGGG,0,3262890
relBp,0.2,4,4,TTTGCCGCCCATGTGGGGAG,0,3292490
relBp,0.2,4,4,TTTGAACTAGCCGCTAGCGG,0,3294518
relBp,0.2,4,4,TTTCTAGACCGTTGCGGTGT,0,3299586
relBp,0.2,4,4,TTTATCTGCCGAGGAGCTAC,0,3306065
relBp,0.2,4,4,TTGTTACACTGTGTGCATGG,0,3267157
relBp,0.2,4,4,TTGTCACGTGTGCAATGTGC,0,3299079
relBp,0.2,4,4,TTGTAGTACGACGTGCTGTG,0,3262871
relBp,0.2,4,4,TTGGTTACGGCACGTCACCA,0,3296787
relBp,0.2,4,4,TTGCTACCGCAGACTACGAT,0,3274346
relBp,0.2,4,4,TTGCGCGCGTGAGTTACCAC,0,3281993
relBp,0.2,4,4,TTGCGCATGGCAGTAGAGTC,0,3267881
relBp,0.2,4,4,TTGCAGGATGCAGCAGGTGC,0,3261899
relBp,0.2,4,4,TTGCAGCGTCACAGTAGGAA,0,3265396
relBp,0.2,4,4,TTGAGCTATGGATTCGCTTA,0,3302619
relBp,0.2,4,4,TTGAATCATAGGCAGCTTGT,0,3283778
relBp,0.2,4,4,TTCTTTTGATTAGTATATGC,0,3272345
relBp,0.2,4,4,TTCTGTACGCGACTCCTGTG,0,3287428
relBp,0.2,4,4,TTCTGGCAACCGGCTGTTAT,0,3277111
relBp,0.2,4,4,TTCTCTTGTGCACCTATAGA,0,3262901
relBp,0.2,4,4,TTCTCTAAGCGGCTACATCC,0,3280944
relBp,0.2,4,4,TTCTACACGACCAATAGGTT,0,3264764
relBp,0.2,4,4,TTCGGTTGCACCATTAAAGG,0,3293254
relBp,0.2,4,4,TTCGCGAACTGCCCACTGTT,0,3258361
relBp,0.2,4,4,TTCCGCGGGACGCCATCGAT,0,3264429
relBp,0.2,4,4,TTCCATCAGCCCCCCTCTAT,0,3291745
relBp,0.2,4,4,TTCCACGCCAACAACAGTCA,0,3265281
relBp,0.2,4,4,TTCATGTCGGGGCGAACGGC,0,3274408
relBp,0.2,4,4,TTCACCATGTCAACCTTCTA,0,3306363
relBp,0.2,4,4,TTCAAATACGCACACCTTGC,0,3288182
relBp,0.2,4,4,TTCAAACTCTGGTCAGTTCC,0,3300967
relBp,0.2,4,4,TTATTATTCCAGGCACATAA,0,3266913
relBp,0.2,4,4,TTATCTGACACATATTCGTT,0,3266272
relBp,0.2,4,4,TTAGTGGATAGTATGGGATA,0,3301433
relBp,0.2,4,4,TTAGGTTATGCTTCACAGCG,0,3297461
relBp,0.2,4,4,TTAGGGGCATGAAATCGCGG,0,3284098
relBp,0.2,4,4,TTAGGGGAGGGAAGAACTCG,0,3261952
relBp,0.2,4,4,TTAGCTCTCATAAGGAGAAG,0,3283649
relBp,0.2,4,4,TTAGCAGGGTTTGGCAACGT,0,3272397
relBp,0.2,4,4,TTAGAGTCTCATTAGAGAGT,0,3264788
relBp,0.2,4,4,TTAGAGCACAAGTAGTTGCA,0,3298674
relBp,0.2,4,4,TTAGAGAGATCGAAAGCATA,0,3272074
relBp,0.2,4,4,TTACTCACAGCGAATCTAGT,0,3287170
relBp,0.2,4,4,TTACCGTCGAGTTCGATGCC,0,3286430
relBp,0.2,4,4,TTACCAGTTAGCCAGACAAA,0,3273649
relBp,0.2,4,4,TTACCAAGATTTGAACTTGA,0,3270191
relBp,0.2,4,4,TTAAGTGCTACCAGTTATAA,0,3266235
relBp,0.2,4,4,TTAAGCTGCCATCAGCGGTG,0,3278296
relBp,0.2,4,4,TTAACTCACTCGGTCCCCAT,0,3295334
relBp,0.2,4,4,TTAACCTCAGGTCCGCCCCA,0,3256754
relBp,0.2,4,4,TGTTTACCTGACGGTTAGTA,0,3279521
relBp,0.2,4,4,TGTTAAACCCATCCCTCACA,0,3273793
relBp,0.2,4,4,TGTGTTAGCGTTAACAACGC,0,3303732
relBp,0.2,4,4,TGTGGATTAGGGCCAAACAC,0,3297734
relBp,0.2,4,4,TGTGCTCACTGGGCGGCCTA,0,3307050
relBp,0.2,4,4,TGTGCATGGATGACTGTCAC,0,3285622
relBp,0.2,4,4,TGTGACTAGAGCCGGAACTA,0,3301770
relBp,0.2,4,4,TGTCTTAGTAGTCTTGTTTG,0,3274532
relBp,0.2,4,4,TGTCTCAGTTATCTCGACAA,0,3282835
relBp,0.2,4,4,TGTCGCTACGGGTCCCACAC,0,3297387
relBp,0.2,4,4,TGTCACGGGACCCCGATACT,0,3274203
relBp,0.2,4,4,TGTAGTTTTTTAACAGGACT,0,3287799
relBp,0.2,4,4,TGTAACCACGCGCAGCTTTA,0,3275894
relBp,0.2,4,4,TGGTGCGTCCTTCTGCACAC,0,3288587
relBp,0.2,4,4,TGGTGACTAGGGGAGGCGGT,0,3303016
relBp,0.2,4,4,TGGTCTTGACCCATTAAATC,0,3289966
relBp,0.2,4,4,TGGGTGGCAATTTAGCTCAT,0,3286493
relBp,0.2,4,4,TGGGTGCACCTAAAACACAT,0,3273007
relBp,0.2,4,4,TGGGTACTGCAGGGATGATT,0,3272674
relBp,0.2,4,4,TGGGTAACGACGGCCGGTAT,0,3268184
relBp,0.2,4,4,TGGGGCGATGATCTTCATGG,0,3284264
relBp,0.2,4,4,TGGGGAACGTGACTTGCTTT,0,3285945
relBp,0.2,4,4,TGGGCGTGTATCTGGTACGC,0,3277108
relBp,0.2,4,4,TGGGCACTGCTGAGCTATGT,0,3275220
relBp,0.2,4,4,TGGGAATGGGGGACGACCAA,0,3272051
relBp,0.2,4,4,TGGGAAAATGCATGGCTTGG,0,3279387
relBp,0.2,4,4,TGGCTTTGGAAAGATCGATG,0,3300609
relBp,0.2,4,4,TGGCCTTCTGGTTTCTGCAG,0,3295194
relBp,0.2,4,4,TGGATCGATTTCCTGCCCGT,0,3256221
relBp,0.2,4,4,TGGAGGTTCCGGTTAGAAGA,0,3282647
relBp,0.2,4,4,TGGACGGTCCTCTTCCGTAG,0,3294030
relBp,0.2,4,4,TGGACCCAATTCATTTAGTG,0,3285024
relBp,0.2,4,4,TGCTGTTCTAGACGATTGTG,0,3298179
relBp,0.2,4,4,TGCTGTGGTTGCTCATATCA,0,3296979
relBp,0.2,4,4,TGCTCAGTCCGCTAATTATT,0,3289586
relBp,0.2,4,4,TGCTAGGGGGAATCGTCGAG,0,3258531
relBp,0.2,4,4,TGCTAGCTTTGGGCACTAGA,0,3259675
relBp,0.2,4,4,TGCTAAGTAATTTCCACATT,0,3258231
relBp,0.2,4,4,TGCGTGCCCGACCCTACAAC,0,3304079
relBp,0.2,4,4,TGCGGGCTTTAAAGGCTTAG,0,3266456
relBp,0.2,4,4,TGCGGCGGCAGCACAACCAA,0,3300328
relBp,0.2,4,4,TGCGCGGTCGAATTGGATAG,0,3271254
relBp,0.2,4,4,TGCGCGATAGGTTTTACATT,0,3273156
relBp,0.2,4,4,TGCGCCCTTCCAGAGCAATA,0,3286032
relBp,0.2,4,4,TGCCCTACCGAAAAATGTGT,0,3296011
relBp,0.2,4,4,TGCATCTAGGTTACTCCGCT,0,3263702
relBp,0.2,4,4,TGCAGTCCCGGGGACCAGCT,0,3292493
relBp,0.2,4,4,TGCACTATAGGATCCTGGCT,0,3302653
relBp,0.2,4,4,TGCAACTTGGGACTCCGTAG,0,3260456
relBp,0.2,4,4,TGCAACAGGTGGCGTAAAGG,0,3288249
relBp,0.2,4,4,TGATTGCGATACGACACGAA,0,3263608
relBp,0.2,4,4,TGATTCGGCTTTTTCGCCCG,0,3302832
relBp,0.2,4,4,TGATCGTATATGCTATGTGC,0,3287232
relBp,0.2,4,4,TGATCAAACAGGTCCTACGG,0,3272755
relBp,0.2,4,4,TGATAAGCTTAATTCGTGTG,0,3276735
relBp,0.2,4,4,TGATAAGAAACGGTCTATGT,0,3258589
relBp,0.2,4,4,TGAGTAAACTGTTTATGTGA,0,3280750
relBp,0.2,4,4,TGAGGCCGCAAAAATCTACA,0,3274673
relBp,0.2,4,4,TGACTGCGAAGGTCCGCGAT,0,3284719
relBp,0.2,4,4,TGACCGTTTGAGCAGTAAAA,0,3280084
relBp,0.2,4,4,TGACAGGGGCATACTGCGGA,0,3284911
relBp,0.2,4,4,TGAAACCGATCGAAATGGAC,0,3304022
relBp,0.2,4,4,TGAAAACCGAACCACCATAG,0,3282627
relBp,0.2,4,4,TCTTCGAATCGTCCGGTGGC,0,3292729
relBp,0.2,4,4,TCTTACGAACACTGCGTGGT,0,3276840
relBp,0.2,4,4,TCTGTGACGTCATGGCCAAT,0,3304384
relBp,0.2,4,4,TCTGGATATTTGAATCGAGT,0,3304047
relBp,0.2,4,4,TCTGAGTGCCCGTTAGCTAT,0,3287434
relBp,0.2,4,4,TCTCTTACCGCGTTTTTGCT,0,3271664
relBp,0.2,4,4,TCTCATTGTAGAAAGGAATG,0,3296725
relBp,0.2,4,4,TCTATTATCAAGATCCGTGG,0,3293145
relBp,0.2,4,4,TCTAAAATTTGTGCAGAGAA,0,3291447
relBp,0.2,4,4,TCGTTTGATTGTACGTCTGC,0,3293576
relBp,0.2,4,4,TCGTTAGGAGGCATTACAGT,0,3276657
relBp,0.2,4,4,TCGTGCGGTATCTGGTCTAT,0,3293217
relBp,0.2,4,4,TCGTATTTGAACGGAGTTTT,0,3297020
relBp,0.2,4,4,TCGTATGCGCCGATTGTAGC,0,3260129
relBp,0.2,4,4,TCGGTAGCCATGGCGAGGTC,0,3274631
relBp,0.2,4,4,TCGCTGAGAAGAGACGCACA,0,3270870
relBp,0.2,4,4,TCGCCGTGTTCAGTAGAAGA,0,3267126
relBp,0.2,4,4,TCGCCGATCGGCCAAAAGAC,0,3262066
relBp,0.2,4,4,TCGCAGTACGGGCAGAGTTG,0,3272530
relBp,0.2,4,4,TCGCAGCCCCGTGCTTTTTA,0,3283976
relBp,0.2,4,4,TCGATCGTACCGTGGCAACA,0,3272896
relBp,0.2,4,4,TCCTTAAAGTTCAGGCCTTC,0,3291428
relBp,0.2,4,4,TCCTGTAAGAGCCCGAGTGT,0,3266612
relBp,0.2,4,4,TCCTAGCAAGTAAATGATCT,0,3298810
relBp,0.2,4,4,TCCGTCAAGTGACTGCCATG,0,3295332
relBp,0.2,4,4,TCCGCGCGATAGGCTGGCAA,0,3292396
relBp,0.2,4,4,TCCGCCATCTTCAACGTCCA,0,3285330
relBp,0.2,4,4,TCCCACTCTACTGCCTGGGT,0,3282617
relBp,0.2,4,4,TCCCACAAGGTGAAATAGCG,0,3296595
relBp,0.2,4,4,TCCAGAGTGGCATCTGGGCT,0,3305776
relBp,0.2,4,4,TCATCCGGGAATCAAGAGAT,0,3277651
relBp,0.2,4,4,TCATCACGATCAGGAACCGT,0,3303606
relBp,0.2,4,4,TCATCAATTTAAGTTGACAA,0,3272340
relBp,0.2,4,4,TCAGGCTGTCACGAGGTAGA,0,3295677
relBp,0.2,4,4,TCAGGAAGCCCGTCTTCCTG,0,3297812
relBp,0.2,4,4,TCAGCTCTCGCCGGCTCGGT,0,3286306
relBp,0.2,4,4,TCAGAACCCTCCATGAGGCC,0,3268024
relBp,0.2,4,4,TCACCCTATGAGGCATGCAG,0,3264949
relBp,0.2,4,4,TCAAGTGAATCAAGTGTTGA,0,3270654
relBp,0.2,4,4,TCAAGTCCGCGTCGGTGTGT,0,3289154
relBp,0.2,4,4,TATTGGACCCGGCTGTAATG,0,3260017
relBp,0.2,4,4,TATTGCGGAGAGAATTGGTT,0,3297913
relBp,0.2,4,4,TATTGACGGAGGTCTCTCGA,0,3299388
relBp,0.2,4,4,TATTATACTATGGTTATGGT,0,3285358
relBp,0.2,4,4,TATTAGAGTAAGCATGACAA,0,3264808
relBp,0.2,4,4,TATGCTCCGTTTACACAGGA,0,3279910
relBp,0.2,4,4,TATCTGATCCGAGGAGACAT,0,3279914
relBp,0.2,4,4,TATCTATTCAACGGTTGCCC,0,3275613
relBp,0.2,4,4,TATCGGTCAAAAGTCTCTAC,0,3277779
relBp,0.2,4,4,TATCGGGAAGCCGGTATAAA,0,3287496
relBp,0.2,4,4,TATCGGAGTGAATACTTCGT,0,3296002
relBp,0.2,4,4,TATCGGAGAATCATAATTGA,0,3300958
relBp,0.2,4,4,TATCCTAAAGTGTTATTATG,0,3259712
relBp,0.2,4,4,TATATTTGTAAACCGGTCTA,0,3265555
relBp,0.2,4,4,TATAGACAGCCACGGTTGGA,0,3282153
relBp,0.2,4,4,TATACCCGCTATATTTGCTC,0,3292217
relBp,0.2,4,4,TATAAGCCCGGAAGCGGTAT,0,3276364
relBp,0.2,4,4,TAGGTCACAGCGTATGTTCA,0,3288011
relBp,0.2,4,4,TAGGCTAGCTCTCGAGATCA,0,3276076
relBp,0.2,4,4,TAGGACTAGCCCGGGGCATT,0,3277275
relBp,0.2,4,4,TAGGACCCGTACCCCGCTTT,0,3256151
relBp,0.2,4,4,TAGCCGTCTTGTTCTTGGGT,0,3289930
relBp,0.2,4,4,TAGCATAAGGAACAGATTGT,0,3283496
relBp,0.2,4,4,TAGAGTCGGATTGTAAAGTA,0,3301210
relBp,0.2,4,4,TAGAGATCACTGAATGAGCA,0,3286117
relBp,0.2,4,4,TAGACTCCAGAGGAGTGGGG,0,3272428
relBp,0.2,4,4,TAGAATACCTTACTAAAACC,0,3286536
relBp,0.2,4,4,TAGAACTTCTCACCCATTAA,0,3301416
relBp,0.2,4,4,TACTGACTTAGTCGAGCTCG,0,3272088
relBp,0.2,4,4,TACTATTGAGGAAAGAGGGT,0,3307881
relBp,0.2,4,4,TACGTTGGTTTGCCATCGGT,0,3282529
relBp,0.2,4,4,TACGTGTGTTAAATGACTTT,0,3274991
relBp,0.2,4,4,TACGTGCTGGAGGGACTGAT,0,3298762
relBp,0.2,4,4,TACGGGTTCGATATGTACCA,0,3287190
relBp,0.2,4,4,TACGGGTCGATTACAACTCT,0,3277322
relBp,0.2,4,4,TACGGCGGTCTGAATAGCAT,0,3290035
relBp,0.2,4,4,TACGGCCATGCACTCCTAAC,0,3283086
relBp,0.2,4,4,TACGGACAGTCGTCGGGTGT,0,3266372
relBp,0.2,4,4,TACCTGTAGACCTCGGTGAC,0,3257983
relBp,0.2,4,4,TACCGAACCTGGCGCAAGTC,0,3290922
relBp,0.2,4,4,TACCCTATGGGCAAAGGATC,0,3286241
relBp,0.2,4,4,TACCAGTCGGAACCCGCCTA,0,3268779
relBp,0.2,4,4,TACCACTAGATAGGATAGGG,0,3292612
relBp,0.2,4,4,TACAGTTGCAACTGCAAGGT,0,3284287
relBp,0.2,4,4,TACAATGTTACGGAGGGGAT,0,3299491
relBp,0.2,4,4,TAATTGGCTGTGAGGAAGGA,0,3272134
relBp,0.2,4,4,TAATTGCCTGATTGGGGTAA,0,3291455
relBp,0.2,4,4,TAATGACTCTGTGAGCTTAT,0,3291794
relBp,0.2,4,4,TAATCGCCCGGCATATCTAC,0,3280792
relBp,0.2,4,4,TAAGTCTCCATGTGGCTGAG,0,3273757
relBp,0.2,4,4,TAAGTCAGCATTGGCACTAG,0,3273378
relBp,0.2,4,4,TAAGGGACGCTAACAACCTA,0,3284562
relBp,0.2,4,4,TAAGCGCAGACGATATTGTA,0,3260348
relBp,0.2,4,4,TAAGAGGTTCGATAGTATCT,0,3282772
relBp,0.2,4,4,TAACCCAGATGATCCAGACC,0,3306674
relBp,0.2,4,4,TAAAGTACCGCTTCCCTATA,0,3263284
relBp,0.2,4,4,TAAAGCTCTCGTGCTCCGTA,0,3257549
relBp,0.2,4,4,TAAAGAGCTTGCGGTGTCTA,0,3304521
relBp,0.2,4,4,TAAACGGTAAAGCATTTAGG,0,3284441
relBp,0.2,4,4,TAAAAGGAATGGGTTTGGCG,0,3294180
relBp,0.2,4,4,GTTTTTAGCAAGAGTACTCT,0,3296362
relBp,0.2,4,4,GTTTGGTGTTCAAAAGGTCC,0,3282152
relBp,0.2,4,4,GTTTGCAAGGAAGATCACTA,0,3291600
relBp,0.2,4,4,GTTTCCGACTATCATACTTG,0,3299682
relBp,0.2,4,4,GTTTACAACACACCTCAGTG,0,3298943
relBp,0.2,4,4,GTTGTGGAGTTCAATTTGTT,0,3278261
relBp,0.2,4,4,GTTCTTGTAAAACCCGCTGA,0,3287508
relBp,0.2,4,4,GTTCTACCATATTTACTCCT,0,3274932
relBp,0.2,4,4,GTTAGCCGTACATGAACAGT,0,3299795
relBp,0.2,4,4,GTTACTGCAAAAGAGGTTTA,0,3259479
relBp,0.2,4,4,GTTAATCACGCAGGGCAGCC,0,3273082
relBp,0.2,4,4,GTTAAAATCATATCGATTAC,0,3263856
relBp,0.2,4,4,GTGTGCCGATGAGGAGATTC,0,3272926
relBp,0.2,4,4,GTGTGCAAAGTCTGCAAAAT,0,3266409
relBp,0.2,4,4,GTGTCAGTCGAATCTACTGA,0,3306692
relBp,0.2,4,4,GTGTACGTGGTAACTTCCGG,0,3257662
relBp,0.2,4,4,GTGGGTACGCGACTTCACCA,0,3286746
relBp,0.2,4,4,GTGGCTGTCTCAAGAAAATC,0,3263186
relBp,0.2,4,4,GTGGATCGACCGTCTCTATC,0,3305956
relBp,0.2,4,4,GTGGAGTTTAGGTGTACCAC,0,3287119
relBp,0.2,4,4,GTGGACAATGCGAGAGGGAG,0,3299219
relBp,0.2,4,4,GTGATGACAGGAGTTAATTG,0,3291561
relBp,0.2,4,4,GTGAGACGTAACAAGCGTTC,0,3283069
relBp,0.2,4,4,GTGACTGCGACGGAAGTTGA,0,3296982
relBp,0.2,4,4,GTCTTTATTCTATGCGCGTC,0,3267369
relBp,0.2,4,4,GTCTGGTAATTCCATATCAG,0,3300344
relBp,0.2,4,4,GTCTGGGCACATTGACGGGT,0,3268479
relBp,0.2,4,4,GTCTGGAACTCACCAGCGGG,0,3274328
relBp,0.2,4,4,GTCTCTCTGTTGAGATTGGG,0,3267285
relBp,0.2,4,4,GTCGTGTGCGCAGACTGAGT,0,3288658
relBp,0.2,4,4,GTCCTACATGGGAACTTAAA,0,3290282
relBp,0.2,4,4,GTCCGCACTCACGTAATGTC,0,3266701
relBp,0.2,4,4,GTCCGAGCGTTTGATTCTGC,0,3291479
relBp,0.2,4,4,GTCCCAGTGAGCTCCAGATG,0,3287824
relBp,0.2,4,4,GTCCACGACGCACGACCCCG,0,3274156
relBp,0.2,4,4,GTCATTGCCGCATCTTATGT,0,3279425
relBp,0.2,4,4,GTCAGGCTATCATGCGTTTG,0,3292257
relBp,0.2,4,4,GTCAGGCATTCATTGCCCTG,0,3274062
relBp,0.2,4,4,GTCACACGGTTCGTAAGAAA,0,3263664
relBp,0.2,4,4,GTCAATCACATTTACGGCGG,0,3285646
relBp,0.2,4,4,GTCAAGTCACCGTCTTTCAA,0,3292675
relBp,0.2,4,4,GTATTTGTTTGTTAGCCTAC,0,3262886
relBp,0.2,4,4,GTATTCAGCATGACAACGCT,0,3275163
relBp,0.2,4,4,GTAGTAATGGTAGTACCCAG,0,3307296
relBp,0.2,4,4,GTACTCATTCGCCGTTCGCA,0,3271969
relBp,0.2,4,4,GTACCGGCTGCGGTAGGCCA,0,3279780
relBp,0.2,4,4,GTACCAGCTCCGCACTGGTC,0,3260353
relBp,0.2,4,4,GTAACAGAACTAACGGCTGC,0,3283184
relBp,0.2,4,4,GTAAATCGCCGTATTACACC,0,3261113
relBp,0.2,4,4,GTAAAAAAGATGTACACGTA,0,3303239
relBp,0.2,4,4,GGTTGTAGGAGCTCGTTTAC,0,3288722
relBp,0.2,4,4,GGTTGGCAGGGCATAGCCTT,0,3305285
relBp,0.2,4,4,GGTTCGGGCAGGTGAACCCT,0,3295957
relBp,0.2,4,4,GGTGTTGCTGGCCCTGAACA,0,3261537
relBp,0.2,4,4,GGTGTACGTTAATTACCGCT,0,3291859
relBp,0.2,4,4,GGTGCGATTCGTCACAGAAA,0,3308077
relBp,0.2,4,4,GGTCTTGTCTTTATAAATGA,0,3274149
relBp,0.2,4,4,GGTCTATAAGGGAATACGGA,0,3289855
relBp,0.2,4,4,GGTCGGTAAATTATTTTCAT,0,3266668
relBp,0.2,4,4,GGTCCCAGCCTAGTGGCGTG,0,3289029
relBp,0.2,4,4,GGTCCAAGATCGCACGCTAC,0,3260168
relBp,0.2,4,4,GGTCACCGGGACATTAGACT,0,3276987
relBp,0.2,4,4,GGTATGTGATAGGATGGTAC,0,3280041
relBp,0.2,4,4,GGTAGTTGACATGTCCAGAA,0,3287943
relBp,0.2,4,4,GGTAAGTTCGAGATAGGAAT,0,3286886
relBp,0.2,4,4,GGGTGAGAAGGCAAAAAAGT,0,3265365
relBp,0.2,4,4,GGGTCCTCCCCACACACCCG,0,3279331
relBp,0.2,4,4,GGGTATCACGCGCCACTTGA,0,3274543
relBp,0.2,4,4,GGGGTTCGCCATCTATACCA,0,3260740
relBp,0.2,4,4,GGGGTTAGAGTCATAGCGCA,0,3279308
relBp,0.2,4,4,GGGGTCGGCTCAGGGAAATT,0,3268266
relBp,0.2,4,4,GGGGGGATTTTTGTGACGCC,0,3279239
relBp,0.2,4,4,GGGGACACCTTTCTGGCGAG,0,3267572
relBp,0.2,4,4,GGGCGTATTGAGTCTGCGGA,0,3292167
relBp,0.2,4,4,GGGCGAACAAATTCTCAAGT,0,3268782
relBp,0.2,4,4,GGGCATCCAGTGATTGTGGA,0,3307593
relBp,0.2,4,4,GGGCAGAGAGTTATCCACGT,0,3275887
relBp,0.2,4,4,GGGCAATCTGCCATTTCGGT,0,3306322
relBp,0.2,4,4,GGGATTACAGGGCTTCCCCA,0,3294608
relBp,0.2,4,4,GGGAGTGAAAGTTCACAGGC,0,3294754
relBp,0.2,4,4,GGGAGGTAACATATAAAAAG,0,3291874
relBp,0.2,4,4,GGGAGACGATCTGACGGAAC,0,3276050
relBp,0.2,4,4,GGGACAATGCCCCGGGTCTG,0,3294552
relBp,0.2,4,4,GGGAAGACTTCAGTCGCCAA,0,3302866
relBp,0.2,4,4,GGCTTGGGGCCAAGTCGGTA,0,3289190
relBp,0.2,4,4,GGCTTGCATTAGCAGGTTTG,0,3297849
relBp,0.2,4,4,GGCTTCCTCTTGGGGTACGT,0,3267808
relBp,0.2,4,4,GGCTCAAGCAGCAAAGGCGT,0,3304636
relBp,0.2,4,4,GGCTATGTCCTTGACATGGT,0,3289972
relBp,0.2,4,4,GGCGGGATGTCCGCCCTCCG,0,3285188
relBp,0.2,4,4,GGCGAGAGAGGCCCCAACTC,0,3280217
relBp,0.2,4,4,GGCCGTTGGGTCTAGTTCAA,0,3277148
relBp,0.2,4,4,GGCCGCGCTCCGGATCGTAA,0,3279063
relBp,0.2,4,4,GGCCCGGGTAGTACCGTTCT,0,3258036
relBp,0.2,4,4,GGCCCCTGTGCATGTTGAGC,0,3264660
relBp,0.2,4,4,GGCCCCTATGTAATCAAGGA,0,3289962
relBp,0.2,4,4,GGCCATAAACAGATCTGCCA,0,3286966
relBp,0.2,4,4,GGCCAGTATACTTCAGATTG,0,3271178
relBp,0.2,4,4,GGCCACGTGGGTAGACTTGA,0,3262482
relBp,0.2,4,4,GGCCACACCTATGCCACGGG,0,3281088
relBp,0.2,4,4,GGCATAGTAGCCCTGGATCA,0,3286351
relBp,0.2,4,4,GGCACGCGGATGTGCCCCTC,0,3257866
relBp,0.2,4,4,GGATTATGTACATCTGCAGG,0,3288295
relBp,0.2,4,4,GGATCCTAAGGTGCGACCCA,0,3295765
relBp,0.2,4,4,GGATCAAGAAAGTCGGGCAA,0,3263109
relBp,0.2,4,4,GGAGTCCCGAGGTATTCAAT,0,3272802
relBp,0.2,4,4,GGAGGATGGGTAAAGTAAGG,0,3272291
relBp,0.2,4,4,GGAGAACGGTACACACCGAT,0,3264932
relBp,0.2,4,4,GGAGAAATCCAGCCTTGCTG,0,3285665
relBp,0.2,4,4,GGACTTTCTTGTGAGTATCA,0,3281485
relBp,0.2,4,4,GGACGCCGTTACGTCACACT,0,3298620
relBp,0.2,4,4,GGACCTCCCTTTGCAGCAGC,0,3306205
relBp,0.2,4,4,GGAATGGATCATGGGTCTAA,0,3296600
relBp,0.2,4,4,GGAACACCCGAATAGCGATA,0,3281002
relBp,0.2,4,4,GCTTTTTTCCGCGTGAATTA,0,3286849
relBp,0.2,4,4,GCTTCCTTGTGTTAGATTAT,0,3264803
relBp,0.2,4,4,GCTTAGTGTCACATGATTAC,0,3264723
relBp,0.2,4,4,GCTGGTGTCTCGAACCCAGC,0,3302462
relBp,0.2,4,4,GCTGCAAGCGCAATCTACAG,0,3269004
relBp,0.2,4,4,GCTCTGATGCGTATAGCGGA,0,3269447
relBp,0.2,4,4,GCTCGAGCCGAGCAGGGTCA,0,3274234
relBp,0.2,4,4,GCTCAGAATGACAAGCGGTG,0,3298562
relBp,0.2,4,4,GCTATTTAGATAGGAATTAG,0,3295534
relBp,0.2,4,4,GCTACAGGAAGGGAATTGTT,0,3291367
relBp,0.2,4,4,GCTAATTATTATTCCACCAC,0,3301602
relBp,0.2,4,4,GCGTTTTCAATAACTAAGGC,0,3274171
relBp,0.2,4,4,GCGTTGTTTCGCGAGCTGGC,0,3294175
relBp,0.2,4,4,GCGTTGGCGAACAAAACATG,0,3281450
relBp,0.2,4,4,GCGTATATCAAACCGGCAAA,0,3292031
relBp,0.2,4,4,GCGTAGGGCAGCTGCTTTGA,0,3285580
relBp,0.2,4,4,GCGGTTAGCAAACTCTAGCC,0,3266947
relBp,0.2,4,4,GCGGGGATGTATGGATGACC,0,3273256
relBp,0.2,4,4,GCGCTGCCACATATACAAGA,0,3272638
relBp,0.2,4,4,GCGCCAGGGATATCTGAGCC,0,3276195
relBp,0.2,4,4,GCGCACTCACACGCGTCACA,0,3299824
relBp,0.2,4,4,GCGCAATAACGTTAAACGAC,0,3278221
relBp,0.2,4,4,GCGATCGCATAGTACGACGA,0,3303756
relBp,0.2,4,4,GCGAGCAGGGCCTGGCTGAG,0,3263406
relBp,0.2,4,4,GCCTTCTCCACTCCTCGGCC,0,3266050
relBp,0.2,4,4,GCCTTCGGCAACCGGCCCTT,0,3293953
relBp,0.2,4,4,GCCTGGGTAGGGATCGATGC,0,3297310
relBp,0.2,4,4,GCCTGCAGCTTTGGGATCGC,0,3260784
relBp,0.2,4,4,GCCTCCAATGGTGGGGGAGC,0,3274241
relBp,0.2,4,4,GCCTATTCCCAATTGTTGCA,0,3260759
relBp,0.2,4,4,GCCGTTTCGGCCAGGCCGCA,0,3285334
relBp,0.2,4,4,GCCGTGGACCAGGGCTCGAT,0,3300822
relBp,0.2,4,4,GCCGCTGCCAGTGATTGGAA,0,3301509
relBp,0.2,4,4,GCCGATGATCAACCTTAGGT,0,3270452
relBp,0.2,4,4,GCCCTTCCGGAACTTTTGTC,0,3276403
relBp,0.2,4,4,GCCCAGCCAGAGTGCAAACC,0,3299610
relBp,0.2,4,4,GCCATATATTGCGGAAACTA,0,3292911
relBp,0.2,4,4,GCCAGTGTGTGCTCAAGGTA,0,3300390
relBp,0.2,4,4,GCCAGGTCGGGTGTTCGCAA,0,3285929
relBp,0.2,4,4,GCCAATGATAATTGATAATC,0,3279916
relBp,0.2,4,4,GCCAATAACGGCTTTTGACC,0,3290762
relBp,0.2,4,4,GCCAAACAGCCTAATCACCT,0,3282733
relBp,0.2,4,4,GCATACGGGAATTACCTGAC,0,3279975
relBp,0.2,4,4,GCATACCAAATGGGGCATTC,0,3301674
relBp,0.2,4,4,GCATAACAGTTTTCCATGTC,0,3285767
relBp,0.2,4,4,GCAGTTATTCGGCCTTTACA,0,3256246
relBp,0.2,4,4,GCAGGGATAGAGCATTCCAG,0,3267467
relBp,0.2,4,4,GCAGCAGAACGCAGGTCTGA,0,3278630
relBp,0.2,4,4,GCAGAAGGGGGGAACTCGGG,0,3304349
relBp,0.2,4,4,GCACTGTCCCACCTCACGGC,0,3274390
relBp,0.2,4,4,GCACTCGAGGGGTCCATAAC,0,3264991
relBp,0.2,4,4,GCACGTACTCGCGCCTACGT,0,3276740
relBp,0.2,4,4,GCACGGACAATAGTGATCTA,0,3263200
relBp,0.2,4,4,GCACCTTTGAAACTTTGTCT,0,3271872
relBp,0.2,4,4,GCACAGATATCCTGGAATCA,0,3297920
relBp,0.2,4,4,GCAATACGGTTCAATAGGAT,0,3269600
relBp,0.2,4,4,GCAAGTGGGTAAAGGCCGAT,0,3300585
relBp,0.2,4,4,GCAACGTGGTTATTACGTGC,0,3304395
relBp,0.2,4,4,GCAACCCCCTGGGGAGGTGG,0,3289721
relBp,0.2,4,4,GCAAATCATTACTTCGGCCG,0,3267226
relBp,0.2,4,4,GATTTACGGCTAGTATGTCA,0,3282956
relBp,0.2,4,4,GATTCTTGACAAGTCATTAT,0,3293771
relBp,0.2,4,4,GATTCTGCTCCCGGATTCTA,0,3269023
relBp,0.2,4,4,GATTCTGCTAACCTCTTTCA,0,3300562
relBp,0.2,4,4,GATTCCTATACAAAATTTAT,0,3277096
relBp,0.2,4,4,GATGTGGTGACAGCAAGCTT,0,3260220
relBp,0.2,4,4,GATGTCCTTGTTAGGGCACG,0,3287622
relBp,0.2,4,4,GATGGCCCTGTCGGGCTCGT,0,3266079
relBp,0.2,4,4,GATGCGCCCATCATTCTATA,0,3289192
relBp,0.2,4,4,GATGCCTAATATCGCGCCAA,0,3302065
relBp,0.2,4,4,GATGCATTTCGGCACTCGCA,0,3268754
relBp,0.2,4,4,GATCGTCCGATGTGTATCAT,0,3269717
relBp,0.2,4,4,GATCACTAACGGCTAGTCTG,0,3304523
relBp,0.2,4,4,GATAGATCAGAGTCTTGTCT,0,3303083
relBp,0.2,4,4,GATAGAGTCATGCTCGCTGT,0,3257176
relBp,0.2,4,4,GATAAAATCGATGGTTGGAC,0,3261844
relBp,0.2,4,4,GAGTTATGTCCAGAAGCGAC,0,3277710
relBp,0.2,4,4,GAGTGTCGGCGTTGAATCTG,0,3286833
relBp,0.2,4,4,GAGTGGCATTCGTTCACTAT,0,3265335
relBp,0.2,4,4,GAGTGCTGGTGACCAAACAC,0,3268791
relBp,0.2,4,4,GAGTCGTACCCATTCGCGAG,0,3303965
relBp,0.2,4,4,GAGTCAACCGGCGGGGGTGA,0,3266312
relBp,0.2,4,4,GAGGTTTAATGTATCCTCGG,0,3256604
relBp,0.2,4,4,GAGGTAGGTGGGGTTTTTTT,0,3275974
relBp,0.2,4,4,GAGGAGAGAGAAGTCCGATT,0,3275883
relBp,0.2,4,4,GAGCTCTAGGACAATCCAAC,0,3272411
relBp,0.2,4,4,GAGCGCAATGGTGTAAAAAA,0,3294760
relBp,0.2,4,4,GAGCCCCTTGTTTTTCTAGG,0,3274869
relBp,0.2,4,4,GAGAGTACGCGTAGCCGCTT,0,3299931
relBp,0.2,4,4,GAGAGATCGTCATCCGGTAT,0,3267607
relBp,0.2,4,4,GACTTTCATGTGATCGTATG,0,3268644
relBp,0.2,4,4,GACTTGGCCCTAAGAGCTAT,0,3288618
relBp,0.2,4,4,GACTTAAATCGGGGGCGGGT,0,3284164
relBp,0.2,4,4,GACTGCAGGGTTATACTGAA,0,3295375
relBp,0.2,4,4,GACTGACCTCCTGTTCGTGT,0,3300779
relBp,0.2,4,4,GACTCAGGATTCCATGAACA,0,3270988
relBp,0.2,4,4,GACTAGGTGGTCTTGGTCCA,0,3290650
relBp,0.2,4,4,GACGTGTCTGCAGAATTTCA,0,3308099
relBp,0.2,4,4,GACCTTCTGACACCCTTGCT,0,3270985
relBp,0.2,4,4,GACCGGCAGATCATGAAGAT,0,3291570
relBp,0.2,4,4,GACCATCCTTTGTATTCCGC,0,3271189
relBp,0.2,4,4,GACCAGCGAAACGTCTTCGC,0,3300089
relBp,0.2,4,4,GACATTCGTATAGTTGGTGG,0,3289185
relBp,0.2,4,4,GACAGCTAAAGGTTGAAGAG,0,3264123
relBp,0.2,4,4,GACAGACAGTATCCAGGGGT,0,3286646
relBp,0.2,4,4,GACACCCAGGGCTTTGAGGG,0,3285668
relBp,0.2,4,4,GACACAGCCATCAATCTGCG,0,3286586
relBp,0.2,4,4,GACAACACTATGGGACATCC,0,3283350
relBp,0.2,4,4,GAATGTTGGGGTGACACTGG,0,3300325
relBp,0.2,4,4,GAATGCGCGCGCGACCGGAT,0,3269641
relBp,0.2,4,4,GAATCGTATGGGGTCCACGA,0,3289901
relBp,0.2,4,4,GAAGTAGCGTTCCCACATCA,0,3301102
relBp,0.2,4,4,GAAGGAGGGCTAAAAGCGGT,0,3256555
relBp,0.2,4,4,GAAGCCGGCTTTCAGCTCGA,0,3290439
relBp,0.2,4,4,GAACCAGACAAAGAAGCCTC,0,3270367
relBp,0.2,4,4,GAACATAGTCGAACACCGAG,0,3275692
relBp,0.2,4,4,GAAAGTGCTAATTACGTAGG,0,3293760
relBp,0.2,4,4,GAAAGGTGTGGACCAAAAAC,0,3270773
relBp,0.2,4,4,GAAAGGTGAACGCTGTTTGT,0,3264799
relBp,0.2,4,4,CTTTCTGTGTGTTGCGAAAT,0,3262759
relBp,0.2,4,4,CTTTAGGTTTTAAGCTCGGT,0,3274938
relBp,0.2,4,4,CTTGCGGTCATGGGCTTGGT,0,3279724
relBp,0.2,4,4,CTTGAATAAGTACTTATGAT,0,3304929
relBp,0.2,4,4,CTTCGCTAATACGTATTATC,0,3293759
relBp,0.2,4,4,CTTCGATGTTAGCGTCCTGC,0,3287693
relBp,0.2,4,4,CTTCCTCCCACAACTAGGTC,0,3303510
relBp,0.2,4,4,CTTATGAGGCTAATGACCTC,0,3285951
relBp,0.2,4,4,CTTAGATCCTCGAGCTCTCT,0,3295505
relBp,0.2,4,4,CTTAGAGGCCCTGTAGCCAC,0,3261820
relBp,0.2,4,4,CTTAATTCCAGGGTTGCACT,0,3300406
relBp,0.2,4,4,CTGTTCGGATAGTCGAGTCC,0,3297550
relBp,0.2,4,4,CTGTGAAATACATTTATATT,0,3304030
relBp,0.2,4,4,CTGTCAAACGCGCGTATCCT,0,3294486
relBp,0.2,4,4,CTGTAGGCACGTCGTGGGCA,0,3297296
relBp,0.2,4,4,CTGTACGAGGACTAAGCGCC,0,3292235
relBp,0.2,4,4,CTGTAATTTGGCGTACCTTC,0,3271939
relBp,0.2,4,4,CTGGCCGATGAACTAAGGGT,0,3304265
relBp,0.2,4,4,CTGCTGTTTACGCTTCCCTT,0,3259044
relBp,0.2,4,4,CTGCCGCAGTCCTTCACAGT,0,3286270
relBp,0.2,4,4,CTGCCGCAACAACACGTTCA,0,3261535
relBp,0.2,4,4,CTGCCCATGCAGGCGTGGGG,0,3294492
relBp,0.2,4,4,CTGCCCATCCCCGTAGTCAC,0,3297578
relBp,0.2,4,4,CTGCCCAAAGATCCCGCCAT,0,3258558
relBp,0.2,4,4,CTGAGCGCCAGTATTGCGAG,0,3269302
relBp,0.2,4,4,CTGACTTAGAGAATTCTGCC,0,3291543
relBp,0.2,4,4,CTGACTCGCGGAGGTTACAT,0,3273072
relBp,0.2,4,4,CTGACGGTTCTCCATTTATT,0,3284376
relBp,0.2,4,4,CTGACGGCGGCCTTGTTCCA,0,3261175
relBp,0.2,4,4,CTGAAGAGTACGTTAGTGGA,0,3282552
relBp,0.2,4,4,CTCTTGAAGCGGGACGTGCC,0,3278939
relBp,0.2,4,4,CTCGTTGATTATCACGAGCA,0,3302980
relBp,0.2,4,4,CTCGGTTGGTAGTGGCCCGT,0,3260815
relBp,0.2,4,4,CTCGGAACATCGGTATGTAG,0,3300696
relBp,0.2,4,4,CTCGAGCCGGGCGGAGTTTA,0,3292649
relBp,0.2,4,4,CTCCGCATGGTTACGACCAT,0,3308658
relBp,0.2,4,4,CTCCCCCAGCGGAAGTCATG,0,3282553
relBp,0.2,4,4,CTCCATAGCCATCCGTATTA,0,3281109
relBp,0.2,4,4,CTCCAAGGGGATATTGACCT,0,3264622
relBp,0.2,4,4,CTCACAGTGGTGTTCGGGAG,0,3300965
relBp,0.2,4,4,CTCAAAGCGTGAGCATGGGT,0,3256333
relBp,0.2,4,4,CTATGGGGAAGTCCCATGGT,0,3279353
relBp,0.2,4,4,CTATGCACTGCTACACTTCA,0,3294790
relBp,0.2,4,4,CTATAGATTTTACGTGGTAA,0,3300187
relBp,0.2,4,4,CTAGTTATTACTCGTCCGAC,0,3262255
relBp,0.2,4,4,CTAGTGTATTTCCTCGCCGC,0,3256424
relBp,0.2,4,4,CTAGGTGCGACTGCCTATTC,0,3275520
relBp,0.2,4,4,CTAGGTCTCCTCTTCTTCAA,0,3271446
relBp,0.2,4,4,CTAGGCGGCGCAGATAGCTA,0,3291233
relBp,0.2,4,4,CTAGGACAGTGTCCGGTGCT,0,3268030
relBp,0.2,4,4,CTAGATACGGTTTTCCAAAC,0,3257529
relBp,0.2,4,4,CTACGTAATGCCGCTTGCAT,0,3262070
relBp,0.2,4,4,CTAATGCATCGACAATCAAG,0,3286986
relBp,0.2,4,4,CTAATACGAGGTTGACGACC,0,3304858
relBp,0.2,4,4,CTAAGCCACGACCACCCGAG,0,3291497
relBp,0.2,4,4,CTAAAGTGGGAAGGCAAAGC,0,3269975
relBp,0.2,4,4,CGTTCCCTAAACAGACTTGC,0,3302814
relBp,0.2,4,4,CGTTATTAAGTGGAATTAAC,0,3299765
relBp,0.2,4,4,CGTGTACTCTCCTGGATCAG,0,3299873
relBp,0.2,4,4,CGTGCGCGACGTCCATCCAA,0,3308683
relBp,0.2,4,4,CGTGATCGGCCTCAGGTCCC,0,3304736
relBp,0.2,4,4,CGTGAGGATGGGTAACCGGG,0,3299238
relBp,0.2,4,4,CGTGACGATATACTTCCTCT,0,3289313
relBp,0.2,4,4,CGTCGTACTTGCGCGTAGGG,0,3271585
relBp,0.2,4,4,CGTCCCCTCATTTGCGTAAC,0,3267947
relBp,0.2,4,4,CGTCACCAAACCAGGACAAG,0,3278274
relBp,0.2,4,4,CGTATTTAGTGTGCCCGGGG,0,3268740
relBp,0.2,4,4,CGTATCGTGAGCCGCGGACG,0,3290182
relBp,0.2,4,4,CGTACGCGTGACGGGGCAAT,0,3289187
relBp,0.2,4,4,CGTACAGTGAAAGCGTGTAC,0,3282700
relBp,0.2,4,4,CGTACACAGAGGTGTTACGG,0,3261877
relBp,0.2,4,4,CGTAAAGATCGAGGACGACC,0,3299213
relBp,0.2,4,4,CGGTTAGGGTGCGGACTATC,0,3296021
relBp,0.2,4,4,CGGTGGCTCAAGTATAGATT,0,3298442
relBp,0.2,4,4,CGGTCCACTTACATGTTAAC,0,3285136
relBp,0.2,4,4,CGGTATATACCACATCGGGC,0,3267044
relBp,0.2,4,4,CGGGTCAGCCTATGGATCAT,0,3283808
relBp,0.2,4,4,CGGGGGGTGGCATGTAAATT,0,3300286
relBp,0.2,4,4,CGGGGAGAAAAGTGCACGTC,0,3296968
relBp,0.2,4,4,CGGGGACATCCACAGCTTGG,0,3265678
relBp,0.2,4,4,CGGGCTGATTGGACAGTTGT,0,3267483
relBp,0.2,4,4,CGGGCGGGGTGAAGACTCTA,0,3260663
relBp,0.2,4,4,CGGCGCTGAGCTTTATACGC,0,3275923
relBp,0.2,4,4,CGGCGAGAATTCCCGGCTTT,0,3278465
relBp,0.2,4,4,CGGCGAACGCGCTCTGGCCA,0,3276736
relBp,0.2,4,4,CGGCCTAGGCTGAGCCACGA,0,3294642
relBp,0.2,4,4,CGGCATCTCTACGTTTATAT,0,3273465
relBp,0.2,4,4,CGGCACACTTTAAATAAGGG,0,3271245
relBp,0.2,4,4,CGGCAACCGGGGTTTAGGAG,0,3257563
relBp,0.2,4,4,CGGATGTAGGACCTAGTTTC,0,3290245
relBp,0.2,4,4,CGGATGCGGCGACGGTCCCT,0,3290380
relBp,0.2,4,4,CGGAGGTTACGGGGCCGCGC,0,3300388
relBp,0.2,4,4,CGGACTAGATCCAGCCACAC,0,3282235
relBp,0.2,4,4,CGCTTCAGCAATAAATTTGG,0,3258383
relBp,0.2,4,4,CGCTCCTAGCGGTACCATCT,0,3284432
relBp,0.2,4,4,CGCTCCGCCTTGTGGACTTC,0,3304649
relBp,0.2,4,4,CGCTCAGTGCTGACGGACTC,0,3271046
relBp,0.2,4,4,CGCTCAGCACAGGCCTGCAA,0,3291610
relBp,0.2,4,4,CGCGTCTGCTATGCCCGGAC,0,3265853
relBp,0.2,4,4,CGCGTCCGCCGTGACCGGCG,0,3276499
relBp,0.2,4,4,CGCGGCACGCCAGGACTGCG,0,3266996
relBp,0.2,4,4,CGCGGACTTCATAAGGCTCT,0,3278018
relBp,0.2,4,4,CGCGCTGTTCCCATGGAGCA,0,3302290
relBp,0.2,4,4,CGCCGGCGACCAGATTTTTT,0,3256541
relBp,0.2,4,4,CGCAGTGAGCGAGTCCCGGT,0,3289822
relBp,0.2,4,4,CGCAACCTTCCCCCCGATTG,0,3305009
relBp,0.2,4,4,CGCAAACAGTTTCAAGTTAA,0,3300632
relBp,0.2,4,4,CGATGTTCGAAAGGAGAAAA,0,3284600
relBp,0.2,4,4,CGATCTAAGGAGAATTGTGA,0,3282758
relBp,0.2,4,4,CGATCCTGCAGTGTAGTAAA,0,3300623
relBp,0.2,4,4,CGAGTAACATCGTCACGGCC,0,3269948
relBp,0.2,4,4,CGAGGTCCGGGCCGACAGGG,0,3285463
relBp,0.2,4,4,CGAGGGTACGGGGGGGATTT,0,3299464
relBp,0.2,4,4,CGAGGCTTGGTGTGCAAATT,0,3266369
relBp,0.2,4,4,CGAGCTTGTGGCGCCCCACC,0,3271108
relBp,0.2,4,4,CGAGCTCTACTATGCATGGC,0,3272993
relBp,0.2,4,4,CGACGTACCGTCATACTGTG,0,3291706
relBp,0.2,4,4,CGACGATCTTCTCCCCAGTT,0,3292745
relBp,0.2,4,4,CGACCCTTGCAATAGAAAAA,0,3262825
relBp,0.2,4,4,CGACCATATGACATTGTAGT,0,3286597
relBp,0.2,4,4,CGAAGTATGAGCCTGGTAGA,0,3273412
relBp,0.2,4,4,CGAACTGAACGCCTCTTCTA,0,3288654
relBp,0.2,4,4,CGAACTACCGAACGGAAGTT,0,3257002
relBp,0.2,4,4,CGAAACGTGGTTATTCCCGA,0,3263289
relBp,0.2,4,4,CGAAAAGGCCGTTGCCGCTC,0,3262597
relBp,0.2,4,4,CCTTTTGAACCCATGTGTAT,0,3308184
relBp,0.2,4,4,CCTTGGAAGTGTTCCGGGTA,0,3307338
relBp,0.2,4,4,CCTTGACTACCCAATCTAAG,0,3275555
relBp,0.2,4,4,CCTTACGGCAGGCGGCCGCT,0,3303330
relBp,0.2,4,4,CCTTAATTGACTCCTAATGA,0,3287931
relBp,0.2,4,4,CCTGTGGGTTAGAAAGCCGC,0,3275762
relBp,0.2,4,4,CCTGGGGGCCGGCTCTTAAA,0,3292728
relBp,0.2,4,4,CCTGGCTCTATGGGGTCAAC,0,3264851
relBp,0.2,4,4,CCTGGCAAAGGCGACGACGG,0,3298446
relBp,0.2,4,4,CCTGCAGAGCGTATTCAATA,0,3287482
relBp,0.2,4,4,CCTGAATGTGAGACCCGGGC,0,3294084
relBp,0.2,4,4,CCTGAACCCTCACCGAAGCG,0,3267842
relBp,0.2,4,4,CCTGAACATCTGATTCCCAA,0,3266759
relBp,0.2,4,4,CCTCAGTGTGTTCATTAGCC,0,3265211
relBp,0.2,4,4,CCTACAATTAACTGGGAGAC,0,3272637
relBp,0.2,4,4,CCTAAGGCGATCATCGTACG,0,3280971
relBp,0.2,4,4,CCGTTACTTGATTGTTATCA,0,3270572
relBp,0.2,4,4,CCGTTACCGGGTGTTCGTGT,0,3256958
relBp,0.2,4,4,CCGTGCCTCTGCTCGCGCTT,0,3272520
relBp,0.2,4,4,CCGTCGCCAAGAGCGATGCG,0,3305031
relBp,0.2,4,4,CCGTCAGTGTTTTATTACAC,0,3297161
relBp,0.2,4,4,CCGGCGCGTAGCTTACCCAA,0,3296664
relBp,0.2,4,4,CCGGCCTTTCCCGCGAACTC,0,3292465
relBp,0.2,4,4,CCGGAGCCGTGCTAGGCAAT,0,3300141
relBp,0.2,4,4,CCGCGTAGATATTGAGGCTA,0,3274157
relBp,0.2,4,4,CCGATCAGGAGGGAATACAA,0,3271648
relBp,0.2,4,4,CCGAGTTCAGGAGTCGCCAG,0,3274664
relBp,0.2,4,4,CCGAGGTAGGCTCGTAAGTT,0,3299086
relBp,0.2,4,4,CCGAGCAGGAGCACAGTCAA,0,3270127
relBp,0.2,4,4,CCGAACAATGGCATCGATCT,0,3290320
relBp,0.2,4,4,CCGAAATTCTGCCGCCATAG,0,3261783
relBp,0.2,4,4,CCCTGTTTTTAGGTAAGCTA,0,3286091
relBp,0.2,4,4,CCCTGTACTGCTGCATTCAT,0,3301834
relBp,0.2,4,4,CCCTGTAACTTAAGTCAGGC,0,3268787
relBp,0.2,4,4,CCCTGGCTACGGAGATCTCC,0,3296605
relBp,0.2,4,4,CCCGGTCCGTAATACATGTT,0,3278846
relBp,0.2,4,4,CCCGGTACTATCCTTCCGTG,0,3284770
relBp,0.2,4,4,CCCGGAGGCGCCTATGGGGA,0,3302164
relBp,0.2,4,4,CCCGCCGCGTTTGACAACAT,0,3294690
relBp,0.2,4,4,CCCCTCAGGCAGCGTTATTG,0,3299013
relBp,0.2,4,4,CCCCGTCATCGGCCAGAGCA,0,3299996
relBp,0.2,4,4,CCCATCATCAGTCCGCGTCA,0,3286734
relBp,0.2,4,4,CCCAGCGGGTCGTAACACAC,0,3274229
relBp,0.2,4,4,CCATTTCCAGTGAAGTTTTC,0,3304332
relBp,0.2,4,4,CCATTAGGAAGCCTGGACGC,0,3270052
relBp,0.2,4,4,CCATTAAGTTCATACTGGTA,0,3256537
relBp,0.2,4,4,CCATGGCGTGGGGTAATACA,0,3286502
relBp,0.2,4,4,CCATCCGGAGTATTCTGTAC,0,3256612
relBp,0.2,4,4,CCATAGGCGATTTGCGCGCA,0,3291482
relBp,0.2,4,4,CCATACGTTTAACTGCATCG,0,3277503
relBp,0.2,4,4,CCAGTCCGGATCGCATTCTA,0,3271659
relBp,0.2,4,4,CCAGTAATCGACCGAAATTG,0,3266884
relBp,0.2,4,4,CCACGCCCATCTGACTCTGA,0,3275623
relBp,0.2,4,4,CCACCTTCCGGTAATACTGA,0,3270923
relBp,0.2,4,4,CCACCCGGCGACTTTAAGCA,0,3263657
relBp,0.2,4,4,CCAAGTAATGTTACTATCTA,0,3283881
relBp,0.2,4,4,CCAACGTGGCAGGGCGACGA,0,3300924
relBp,0.2,4,4,CCAACAAAAAGTTCGTCAGT,0,3303029
relBp,0.2,4,4,CATTTGTGGGACGTCCGGCT,0,3262360
relBp,0.2,4,4,CATTTATGTCACCCGATCAT,0,3296521
relBp,0.2,4,4,CATTGACCCCATCTCTGCTA,0,3279550
relBp,0.2,4,4,CATTACCCGCGAACACTAGC,0,3299761
relBp,0.2,4,4,CATGTTAGCTCGGTTGCTTG,0,3268747
relBp,0.2,4,4,CATGTATATGCTAATTACGT,0,3275503
relBp,0.2,4,4,CATGCATGCGTAACAGTAAT,0,3297585
relBp,0.2,4,4,CATCTCAAGTCAGGTGGAGC,0,3287802
relBp,0.2,4,4,CATCGCGGGACACCCTTCTC,0,3290896
relBp,0.2,4,4,CATCCCTCCTTGGCAAGGAC,0,3275302
relBp,0.2,4,4,CATATACTTCAGTATGCACG,0,3269626
relBp,0.2,4,4,CATATACACGGGGCTGTCCC,0,3301380
relBp,0.2,4,4,CATAGTTTTATCCACCTTCC,0,3276848
relBp,0.2,4,4,CATAGGTAAGAACGCTGTAT,0,3281259
relBp,0.2,4,4,CATACACTTTTGTCCGAGGA,0,3301569
relBp,0.2,4,4,CATAAGGTACATCGCCCTGT,0,3258991
relBp,0.2,4,4,CATAAAATATAACTGAGTAG,0,3300172
relBp,0.2,4,4,CAGTTTTAACCGGCCGGGAT,0,3279485
relBp,0.2,4,4,CAGTGTGTTCGTGGTGCGAC,0,3285480
relBp,0.2,4,4,CAGTATTTTTGAGTGTATAA,0,3263860
relBp,0.2,4,4,CAGGTCGTGCTTGCGATCAT,0,3299025
relBp,0.2,4,4,CAGGATACCTGGTCGTAGGA,0,3291475
relBp,0.2,4,4,CAGCTTGGTTATCGTTGCGC,0,3304937
relBp,0.2,4,4,CAGCGCTCGGTGCATATCAC,0,3281215
relBp,0.2,4,4,CAGCCTTACGCTCTTAGCTC,0,3271649
relBp,0.2,4,4,CAGCCCCACTTATCGAATAT,0,3307993
relBp,0.2,4,4,CAGCCAGGAGCGTGTAACCA,0,3289923
relBp,0.2,4,4,CAGCCACACGCGCGGGTACT,0,3265167
relBp,0.2,4,4,CAGACGTTCCCTGGCGTCGT,0,3276805
relBp,0.2,4,4,CAGAACGGCCGTGAACATTT,0,3265000
relBp,0.2,4,4,CACTTGATGTCGTATCCTGG,0,3277571
relBp,0.2,4,4,CACGGCATGCACTGATGTCA,0,3288332
relBp,0.2,4,4,CACGATCCCTATGGCTTCCA,0,3307981
relBp,0.2,4,4,CACATTCAGCAACACGCGCA,0,3257389
relBp,0.2,4,4,CACACAAGGCCGTCGATTCA,0,3269388
relBp,0.2,4,4,CAATTTAATGTTGTTTACGC,0,3289218
relBp,0.2,4,4,CAATTAAAGAGGAACTCGGT,0,3257187
relBp,0.2,4,4,CAATCCGTGCCCTTAGAGAG,0,3270035
relBp,0.2,4,4,CAAGTGTGCATGCGAGGGTG,0,3274300
relBp,0.2,4,4,CAACTAGTGACGGTAGCAGG,0,3302520
relBp,0.2,4,4,CAACGTATGTCGTTAGGCTG,0,3273225
relBp,0.2,4,4,CAACATGCTCGGCATTCTAC,0,3279792
relBp,0.2,4,4,CAACAGGGTGGTGGGTACGA,0,3296523
relBp,0.2,4,4,ATTTTATTCGGAGCCATTCA,0,3297243
relBp,0.2,4,4,ATTTGCGCGTTGGTGTAAGT,0,3292663
relBp,0.2,4,4,ATTTCAGGGCTGGCATAGGG,0,3258149
relBp,0.2,4,4,ATTGCTTACATCAGGCCACC,0,3259566
relBp,0.2,4,4,ATTGACAATAAAATGCCGGT,0,3304355
relBp,0.2,4,4,ATTCTTTTATGTCGTCCAGA,0,3277831
relBp,0.2,4,4,ATTCGCATGAGGTTATACTC,0,3296816
relBp,0.2,4,4,ATTCCAGACGCGGGAGAAAC,0,3290149
relBp,0.2,4,4,ATTATGGCGTACTGCTTCGG,0,3280924
relBp,0.2,4,4,ATTATCTCAAGATAATTTAG,0,3297346
relBp,0.2,4,4,ATTAGTTCTGATAGCTGAAA,0,3298508
relBp,0.2,4,4,ATTAGGGGTAAACTAGCGCG,0,3296392
relBp,0.2,4,4,ATTAACGAATGCAGGTTAGC,0,3265665
relBp,0.2,4,4,ATGTCGTAATCGCCCCCGAC,0,3288688
relBp,0.2,4,4,ATGGTTGGATGAAGGGCATG,0,3300431
relBp,0.2,4,4,ATGGGGAATGACGTACAGTA,0,3275905
relBp,0.2,4,4,ATGGGCAGTACGCGAGGTAA,0,3259058
relBp,0.2,4,4,ATGGAGGGAAAGCGCAGAAA,0,3269637
relBp,0.2,4,4,ATGGAGAAGGGACGCTTCGC,0,3274159
relBp,0.2,4,4,ATGCCAGAGACCCATGCCGT,0,3265690
relBp,0.2,4,4,ATGCAGGCTAAGGTCCTGCA,0,3274401
relBp,0.2,4,4,ATGCAAGTTTACAATGTATT,0,3288840
relBp,0.2,4,4,ATGATCCGTTTCTGCGACTC,0,3275330
relBp,0.2,4,4,ATGAGTATGGTACGTAAGGT,0,3283116
relBp,0.2,4,4,ATGACGGGTATCAGCCTAGA,0,3285018
relBp,0.2,4,4,ATGAATCTCAAGTTCGGTAC,0,3266416
relBp,0.2,4,4,ATCTTGGGCAGTAGGTGAGC,0,3299472
relBp,0.2,4,4,ATCTTAAGTATAGGTATAAA,0,3305672
relBp,0.2,4,4,ATCGTCGGATCCGTTATCTG,0,3268162
relBp,0.2,4,4,ATCGGAAGTGCGACTAGTAG,0,3260131
relBp,0.2,4,4,ATCGCTTTGTATGGCTCGGG,0,3262332
relBp,0.2,4,4,ATCGAGGGTCCACCACTCCC,0,3267922
relBp,0.2,4,4,ATCCTTGTGTGACTCTACAG,0,3281638
relBp,0.2,4,4,ATCCGGCCGGCGACCCAGGG,0,3302474
relBp,0.2,4,4,ATCCCACAGACCTAGCAGTC,0,3273982
relBp,0.2,4,4,ATCCAGACTACTGCGATGTC,0,3287439
relBp,0.2,4,4,ATCCAATTCAGTTCGGTCGT,0,3261814
relBp,0.2,4,4,ATCATTGATCTGAGCGTCCA,0,3278417
relBp,0.2,4,4,ATCATTGACCACGGTGTGCA,0,3268999
relBp,0.2,4,4,ATCATTGACAAGTGGTTGTT,0,3302147
relBp,0.2,4,4,ATCATAAGGCTGATGACCCG,0,3292710
relBp,0.2,4,4,ATATTCAGTTCGTTTGACGA,0,3289803
relBp,0.2,4,4,ATATTACCTCAAGGCTTGCT,0,3289337
relBp,0.2,4,4,ATATGGCATCGTCTGAAACA,0,3262098
relBp,0.2,4,4,ATATGAGCACAATGAGGTCC,0,3279982
relBp,0.2,4,4,ATAGGTTGATCGGTTGCTCG,0,3273754
relBp,0.2,4,4,ATAGGTGACACGAGGACCTT,0,3290773
relBp,0.2,4,4,ATAGCGATATGACACCGGCC,0,3290602
relBp,0.2,4,4,ATAGCACGGACTCATAGCAT,0,3262305
relBp,0.2,4,4,ATAGAGAGACAGTGAGAAGA,0,3277012
relBp,0.2,4,4,ATAGAATCGGTTTGCAGAGG,0,3263888
relBp,0.2,4,4,ATACGTTAAAGTAGTGCTTT,0,3277775
relBp,0.2,4,4,ATACGCCGTGCCAGATGCGA,0,3306660
relBp,0.2,4,4,ATACGATTGGCAAATACGTT,0,3262277
relBp,0.2,4,4,ATACGAATTCTGTATGTTAA,0,3284676
relBp,0.2,4,4,ATACCCTCGGCGCCCGGGCG,0,3281426
relBp,0.2,4,4,ATACATGTCGGGTTCGCATT,0,3262978
relBp,0.2,4,4,ATACAACTGGATGCTGGGTC,0,3259098
relBp,0.2,4,4,ATAAAGTGCTGAATTGCAAT,0,3264435
relBp,0.2,4,4,ATAAAGAGCCCCCTATGAAG,0,3290342
relBp,0.2,4,4,ATAAAATCCTGACTCCATTG,0,3276619
relBp,0.2,4,4,ATAAAAGGGGATAGTGTGGT,0,3277224
relBp,0.2,4,4,AGTTTTAACTAAATTGGTGT,0,3284872
relBp,0.2,4,4,AGTTTAGTAAAGTCATTTTC,0,3267833
relBp,0.2,4,4,AGTTATTAGTCGCGAAACTG,0,3279856
relBp,0.2,4,4,AGTTATGGTAGCCTGATGTG,0,3303757
relBp,0.2,4,4,AGTGGTGAACGATCTTACTG,0,3287265
relBp,0.2,4,4,AGTGGGTTTACCCAAAACAT,0,3280771
relBp,0.2,4,4,AGTGGCGTGAATAGCCGGTT,0,3268426
relBp,0.2,4,4,AGTGGATAGTCGGCTCCCCC,0,3281857
relBp,0.2,4,4,AGTGCTCCAGCTCCCGGCGA,0,3289077
relBp,0.2,4,4,AGTGCGGCCGCGAGACTAGC,0,3267409
relBp,0.2,4,4,AGTCACTGGTATAAATCGAA,0,3290414
relBp,0.2,4,4,AGTATGATCCGAATCGTAGC,0,3268871
relBp,0.2,4,4,AGTAGCGCGTACCTTCGTCG,0,3263392
relBp,0.2,4,4,AGGTTAACTTGGCCAAGGAT,0,3289352
relBp,0.2,4,4,AGGTGATTCTTATCTTGTCA,0,3278234
relBp,0.2,4,4,AGGTACTCAATACCCCACCT,0,3293353
relBp,0.2,4,4,AGGGTTATGTAGCTAGGGGA,0,3280096
relBp,0.2,4,4,AGGGTGACAAGTAGAGGTTG,0,3262081
relBp,0.2,4,4,AGGGTAGCCTTCGAGCGTAA,0,3267245
relBp,0.2,4,4,AGGGGTTCCCATGGTACAGT,0,3283495
relBp,0.2,4,4,AGGGGTAGGGCCATCTGAGT,0,3264375
relBp,0.2,4,4,AGGGCTCACATGACATTCTG,0,3263964
relBp,0.2,4,4,AGGGACCGCAGGCCTAGCCT,0,3259849
relBp,0.2,4,4,AGGCTTCCATGCACGGATTA,0,3289197
relBp,0.2,4,4,AGGCTCACGTGTGTAAGTGC,0,3288412
relBp,0.2,4,4,AGGCGTGCAGAGGCTTTAAC,0,3261621
relBp,0.2,4,4,AGGCGATCATGATGGAGAGG,0,3289619
relBp,0.2,4,4,AGGACAGGTTTCCCGGATCC,0,3280312
relBp,0.2,4,4,AGCTTGGCAGGGTATCGCGG,0,3274382
relBp,0.2,4,4,AGCTTGGAGCGACGCAGGCT,0,3295884
relBp,0.2,4,4,AGCTTACTCTGTACGTAATT,0,3269403
relBp,0.2,4,4,AGCGTTGAGTCATAAGTTAA,0,3281782
relBp,0.2,4,4,AGCGGATCACGCCTAGAACT,0,3271530
relBp,0.2,4,4,AGCGGAGGGCCAGATAACCC,0,3282516
relBp,0.2,4,4,AGCGCTCAAGTGTCATGTCG,0,3306818
relBp,0.2,4,4,AGCGCTAATCTGATCTTGCC,0,3258598
relBp,0.2,4,4,AGCGAAGTATCATCAGGTCA,0,3268074
relBp,0.2,4,4,AGCCTGTCGAATATCAACAC,0,3269519
relBp,0.2,4,4,AGCCTAATTCATGAATAGTA,0,3275655
relBp,0.2,4,4,AGCCGGTTGGGCTCAGTATC,0,3281067
relBp,0.2,4,4,AGCCGCAGCTCAGCGGGTGC,0,3288371
relBp,0.2,4,4,AGCATCTGATGACTGTTGTT,0,3308254
relBp,0.2,4,4,AGCAATAAGCCTTCGTGGCA,0,3260848
relBp,0.2,4,4,AGCAACACAGCTCACCTTTG,0,3269692
relBp,0.2,4,4,AGATGTCGCACATCAGCTTG,0,3274391
relBp,0.2,4,4,AGATGTCCAGGCACCGGTAT,0,3266804
relBp,0.2,4,4,AGATGGTTGTGGCAGAGGAA,0,3272393
relBp,0.2,4,4,AGATGCCCGCCTGGGACCTC,0,3284974
relBp,0.2,4,4,AGATGCATTCTTCCATACAC,0,3264315
relBp,0.2,4,4,AGATCGGCCAACTTCCGGGT,0,3256872
relBp,0.2,4,4,AGAGGATCGACACCTCGGTG,0,3288230
relBp,0.2,4,4,AGAGCAAGCACCCACTCACC,0,3306988
relBp,0.2,4,4,AGACTTTTCTTCAGGCGGGT,0,3271654
relBp,0.2,4,4,AGACTGCACGCCTGCCATCT,0,3282056
relBp,0.2,4,4,AGACTCGGCTACCTCCAGGC,0,3273399
relBp,0.2,4,4,AGACTCCCAGGACTCCAGCA,0,3258125
relBp,0.2,4,4,AGACTCATAAGCGACAATTA,0,3303720
relBp,0.2,4,4,AGACCAAGTGCTGAGGGCAG,0,3274795
relBp,0.2,4,4,AGAATTTGTGTGTGGCAAGC,0,3269193
relBp,0.2,4,4,AGAATCTTGCTAGGGTGAGC,0,3276504
relBp,0.2,4,4,AGAATCCGAATTAACGAACT,0,3273481
relBp,0.2,4,4,AGAAACGGTCACGTTACTTT,0,3276635
relBp,0.2,4,4,ACTTTAGCGTGAGGGCATTT,0,3296455
relBp,0.2,4,4,ACTTGGTCTTTACAGCACAG,0,3303915
relBp,0.2,4,4,ACTTATATCGCTCAACAGTT,0,3306186
relBp,0.2,4,4,ACTGTCTCCCTTCCCTGAGT,0,3263411
relBp,0.2,4,4,ACTGGTGTACGTGCAACCTT,0,3284018
relBp,0.2,4,4,ACTGGTGCCAATGGGCAGTA,0,3257081
relBp,0.2,4,4,ACTGGGAGCATTGCGTCGGG,0,3303936
relBp,0.2,4,4,ACTGATGGGATCAGAGTGAT,0,3292784
relBp,0.2,4,4,ACTGAGAAAGAGTGCGGAAT,0,3301543
relBp,0.2,4,4,ACTGACAAACTCGCTCGACG,0,3303440
relBp,0.2,4,4,ACTCTTAGGTGATCGTTGAC,0,3297384
relBp,0.2,4,4,ACTCTCGTCAGGTCTGGGAG,0,3299245
relBp,0.2,4,4,ACTCGCGGTCCGACCCCAGT,0,3294064
relBp,0.2,4,4,ACTATGCGATAGATCCGGTT,0,3274861
relBp,0.2,4,4,ACGTTCGGCCACTCTCTAGA,0,3294047
relBp,0.2,4,4,ACGTGGGCTGGACGTGAGAT,0,3267968
relBp,0.2,4,4,ACGTGAGTACCGAATTCTAC,0,3256303
relBp,0.2,4,4,ACGGTGCGAAACGTCATGGA,0,3266061
relBp,0.2,4,4,ACGGGTAAATGTAAGTTTTC,0,3266970
relBp,0.2,4,4,ACGGGGATCCCTTCCTTCTA,0,3276094
relBp,0.2,4,4,ACGGCGTCGATCACGATTAG,0,3266652
relBp,0.2,4,4,ACGGCGGGTCTAGCGGGGCT,0,3265684
relBp,0.2,4,4,ACGGCCTTTATAAGTCCGGA,0,3283121
relBp,0.2,4,4,ACGGCCTCTTACGAGGGACC,0,3286711
relBp,0.2,4,4,ACGCGCGCGCAGAGTTCCCT,0,3294448
relBp,0.2,4,4,ACGCGCGAACAGTAAGAGTT,0,3268199
relBp,0.2,4,4,ACGCGCCGCCAATGTGGCCA,0,3270216
relBp,0.2,4,4,ACGCCACAAGGTGGCTAAAA,0,3278088
relBp,0.2,4,4,ACGCAAGGCTTTCACGCGTT,0,3299337
relBp,0.2,4,4,ACGATACGAGCAGGGAGGAG,0,3280142
relBp,0.2,4,4,ACGACGTCCGACAGTTACGC,0,3296480
relBp,0.2,4,4,ACGAAGGCGGTGTCCAATAC,0,3292698
relBp,0.2,4,4,ACGAAATTTAGCAGCCCGCT,0,3258818
relBp,0.2,4,4,ACCTCGCAGACAGCAAGGGT,0,3281862
relBp,0.2,4,4,ACCTAGCTCCACCGTGATCC,0,3297969
relBp,0.2,4,4,ACCTAAACTCTTGGGCACTT,0,3272049
relBp,0.2,4,4,ACCGTTAAGGGCACAAGTCA,0,3258299
relBp,0.2,4,4,ACCGAACTAAGACCAATTCA,0,3292506
relBp,0.2,4,4,ACCCTCAGCTACACTCCATA,0,3299417
relBp,0.2,4,4,ACCCATTTGAGAATTTAGTA,0,3296368
relBp,0.2,4,4,ACCCAGCCACCTATCCTGTG,0,3263007
relBp,0.2,4,4,ACCAGGGTGGTTAACAGAAG,0,3274224
relBp,0.2,4,4,ACCACGAGGCGTCCTTGTGC,0,3306320
relBp,0.2,4,4,ACCACAGGGGCAGTGTGGTG,0,3259998
relBp,0.2,4,4,ACCAAGTGTCACCTATTAGC,0,3259572
relBp,0.2,4,4,ACATTTGACTTTGAATGTAA,0,3292855
relBp,0.2,4,4,ACATCTCACAGGATACTTTG,0,3268694
relBp,0.2,4,4,ACATAAGGCTCCTGCCCACT,0,3269630
relBp,0.2,4,4,ACAGGAAGCAGTTTAGGTAT,0,3288860
relBp,0.2,4,4,ACAGCAGACGGTGCCCCCTT,0,3269595
relBp,0.2,4,4,ACACTTCAGTACTCGAACAA,0,3299805
relBp,0.2,4,4,ACACGTCCCGGGGGTACCAG,0,3277249
relBp,0.2,4,4,ACACCATTTCAAATTATGCA,0,3272685
relBp,0.2,4,4,ACAAGTCCGACCGGAGGACA,0,3304087
relBp,0.2,4,4,ACAACGGATCTCACCGCAGG,0,3274466
relBp,0.2,4,4,AATTTGTAGTATACTTTTCA,0,3283818
relBp,0.2,4,4,AATTTCTATGCGCGTTGCGC,0,3268308
relBp,0.2,4,4,AATTTCGTCGTGGTGCATAA,0,3304580
relBp,0.2,4,4,AATTTAGGAGCACAGTATTT,0,3302013
relBp,0.2,4,4,AATTGGGAGCCGAGGAATTC,0,3290307
relBp,0.2,4,4,AATTCCACCCGAATCCGTGA,0,3298395
relBp,0.2,4,4,AATGTGAGTCCGCGATATGA,0,3266992
relBp,0.2,4,4,AATGAAACTTATTGTAACTC,0,3282227
relBp,0.2,4,4,AATCGCTTCAGAACACGTTA,0,3297835
relBp,0.2,4,4,AATCCTGGTTTTCTATAATA,0,3292618
relBp,0.2,4,4,AATCCAGGAGACTTTAATGA,0,3279032
relBp,0.2,4,4,AATCAGTTTGAATAAGCGTG,0,3302220
relBp,0.2,4,4,AATATTTAGCCCGGCAGGGT,0,3278638
relBp,0.2,4,4,AATATGTGCAGCTGTTACAT,0,3284804
relBp,0.2,4,4,AATATCGCGATATCGAAATG,0,3262432
relBp,0.2,4,4,AATACTTAAGATTGGTAGAC,0,3257269
relBp,0.2,4,4,AAGTTGTGGTGGCTAGTTGC,0,3261967
relBp,0.2,4,4,AAGTTAACTACGCATACCCC,0,3270029
relBp,0.2,4,4,AAGTATATCTAGGCGTCCGA,0,3298703
relBp,0.2,4,4,AAGTAGGAGAGGCCTCTTTT,0,3297714
relBp,0.2,4,4,AAGGTGTAGAGCCTGTGACT,0,3263048
relBp,0.2,4,4,AAGGGCACAGAATCGCCGAC,0,3277225
relBp,0.2,4,4,AAGGCTCCTTGCTTTCGATC,0,3260982
relBp,0.2,4,4,AAGGCGCGTCGGCGGGGATC,0,3286522
relBp,0.2,4,4,AAGGCACTCGCACGGTCCTG,0,3296992
relBp,0.2,4,4,AAGGAGATGCTTAGCTAGAT,0,3268764
relBp,0.2,4,4,AAGCTATCATTAAAGGCATG,0,3295242
relBp,0.2,4,4,AAGCACGGTTAGTGCACATG,0,3271099
relBp,0.2,4,4,AAGCACCCCGTAAGAGGAAC,0,3279647
relBp,0.2,4,4,AAGATTGCGTTTTCGTACAC,0,3279444
relBp,0.2,4,4,AAGATTCGCGGTTATCCATA,0,3302343
relBp,0.2,4,4,AAGACCAACGACGGTGGTCA,0,3262384
relBp,0.2,4,4,AAGAATGGAGAGACTGGGAA,0,3286411
relBp,0.2,4,4,AACTGGGTCAAGTTGGCTGA,0,3307436
relBp,0.2,4,4,AACTGCAACTCACAGAAGAC,0,3272836
relBp,0.2,4,4,AACTCTCTCGCATTCGTGTT,0,3289506
relBp,0.2,4,4,AACTCCGTGGGCGTAGGATT,0,3264639
relBp,0.2,4,4,AACTCCATGACTCACGTTAC,0,3292997
relBp,0.2,4,4,AACTATCCAAGGCATAGCGA,0,3259453
relBp,0.2,4,4,AACTACGGGGCGCCAACTAA,0,3261705
relBp,0.2,4,4,AACGTGGTGTGATCACAACG,0,3283668
relBp,0.2,4,4,AACGCGCTCCTACTTATAGG,0,3303987
relBp,0.2,4,4,AACGCATATTCGGCAGATGC,0,3273190
relBp,0.2,4,4,AACGAAAAGAGCAGGGCGGA,0,3266448
relBp,0.2,4,4,AACATAAATGCCTTGCGCCA,0,3290413
relBp,0.2,4,4,AACACATTGCCGGCCCACAC,0,3260783
relBp,0.2,4,4,AAATGGGCTCCGGTTTTTCG,0,3269373
relBp,0.2,4,4,AAAGTGCTATAAGTCTCTGG,0,3295446
relBp,0.2,4,4,AAAGGGATCCCGGATTGTGT,0,3297686
relBp,0.2,4,4,AAAGACATTGAGTGACGTTT,0,3286338
relBp,0.2,4,4,AAACTTTAGTTCCTGGATTG,0,3272951
relBp,0.2,4,4,AAACTCGTAGTAATTAAAAG,0,3273832
relBp,0.2,4,4,AAACGCATAAGGAAGACAGT,0,3278885
relBp,0.2,4,4,AAACATGGCAGCGACTTTCT,0,3286934
relBp,0.2,4,4,AAACACTACCTGGCTATACG,0,3305329
relBp,0.2,4,4,AAACACGGTCACAAGGGCCG,0,3308195
relBp,0.2,4,4,AAAATTCGCTGGCGAATGGA,0,3296655
relBp,0.2,4,4,AAAATAGAGGTACAGAGGAG,0,3288984
relBp,0.2,4,4,AAAAGTGACTAGATAACTTG,0,3258595
relBp,0.2,4,4,AAAAAATTGGCCCACCAGCG,0,3305471
relBp,0.25,3,3,TTTTGTATCGGGGGTCATAT,0,3292329
relBp,0.25,3,3,TTTTGCTGGTGTTCAGGCGG,0,3302978
relBp,0.25,3,3,TTTTGAAGGAATACGTTTAG,0,3278772
relBp,0.25,3,3,TTTTCTGCGCATCGATCGAT,0,3270581
relBp,0.25,3,3,TTTTCGAAAGAATAGACCAA,0,3297972
relBp,0.25,3,3,TTTTCCGCGCCCTAGCCATT,0,3274506
relBp,0.25,3,3,TTTTATCCCTCCAACACTGT,0,3273885
relBp,0.25,3,3,TTTTACTCTTGCTCATACAA,0,3259854
relBp,0.25,3,3,TTTTAACGTCGAAAGTCGTG,0,3281036
relBp,0.25,3,3,TTTGTGTTCCGGAACAGGCC,0,3302825
relBp,0.25,3,3,TTTGTAAGCCAGACAGCGTT,0,3299723
relBp,0.25,3,3,TTTGACAATCAATGGAAAAA,0,3270274
relBp,0.25,3,3,TTTCTTTTCGTGAGTCTCTG,0,3293474
relBp,0.25,3,3,TTTCTTATTATGCGCGGTAG,0,3294709
relBp,0.25,3,3,TTTCGCGGGAATTGTTCTGG,0,3262563
relBp,0.25,3,3,TTTCCTGATCGTGTTTGTGC,0,3303443
relBp,0.25,3,3,TTTCCGTACGCCTTATGAAA,0,3259172
relBp,0.25,3,3,TTTCATGGCTGACGCAATAG,0,3270576
relBp,0.25,3,3,TTTCACACTGGGATCGAGTA,0,3264066
relBp,0.25,3,3,TTTAGTCGTTGATTTTATAT,0,3292934
relBp,0.25,3,3,TTTAACTACAAAAGGCCTGA,0,3272200
relBp,0.25,3,3,TTGTTTTCTAACTAATTGCG,0,3288074
relBp,0.25,3,3,TTGTTAGCCGCTCAAATTCC,0,3298380
relBp,0.25,3,3,TTGTGTGGGTTCGTCACAAG,0,3273785
relBp,0.25,3,3,TTGTATTACCTTGACACGGA,0,3286700
relBp,0.25,3,3,TTGTACACCCACATAGCTTG,0,3262683
relBp,0.25,3,3,TTGGTTTAGCGTGTTATTCA,0,3258131
relBp,0.25,3,3,TTGGTATGCTTTGGCATGCG,0,3277825
relBp,0.25,3,3,TTGGATCGTGGAAAAATAAC,0,3268793
relBp,0.25,3,3,TTGGAACCTTTCATGGATCT,0,3278340
relBp,0.25,3,3,TTGCTAGCTAGATTGCTTGG,0,3293546
relBp,0.25,3,3,TTGCGTATTTTATCAACACA,0,3296841
relBp,0.25,3,3,TTGCGTAATGTGATTGTTTA,0,3259140
relBp,0.25,3,3,TTGCGAGGGAGGCACGATCA,0,3288047
relBp,0.25,3,3,TTGCAATTATGTCGTAAGTT,0,3299853
relBp,0.25,3,3,TTGAGTTCTTCCGTCGAACC,0,3280033
relBp,0.25,3,3,TTGAGTGATCCGAGGTGATG,0,3279597
relBp,0.25,3,3,TTGACTTTTAGGTTATGCTC,0,3264308
relBp,0.25,3,3,TTGACAGAGATCGTCCTGCC,0,3296114
relBp,0.25,3,3,TTGAAGAAGCTAGCATCAAG,0,3271240
relBp,0.25,3,3,TTCTTCCCGGATAAAGCGGA,0,3303584
relBp,0.25,3,3,TTCTGCATCATCTACTTTCA,0,3307605
relBp,0.25,3,3,TTCTAGGTGAAAGCTAAATC,0,3294582
relBp,0.25,3,3,TTCGGCTTGTGATATCCGCA,0,3270940
relBp,0.25,3,3,TTCGGAATATACTGTGGCAG,0,3257827
relBp,0.25,3,3,TTCCGAAGAAGACGTATTCA,0,3285445
relBp,0.25,3,3,TTCCCGATTGGCTCGTAGAA,0,3287839
relBp,0.25,3,3,TTCCCGACGACGGGCTTTAG,0,3273871
relBp,0.25,3,3,TTCACGACCAGGGACAACTT,0,3297878
relBp,0.25,3,3,TTCAACAACGACCGCGATCA,0,3300506
relBp,0.25,3,3,TTATTTCCGTGGGGGAATGC,0,3303752
relBp,0.25,3,3,TTATGGAACGACAGGGCCGC,0,3258370
relBp,0.25,3,3,TTATCTGCAAACTAGGCCCC,0,3277792
relBp,0.25,3,3,TTATCAGTTGAGCAACACTG,0,3293317
relBp,0.25,3,3,TTATCAGTGAGCGCCCGGAT,0,3269880
relBp,0.25,3,3,TTATAGTCCAGTTACGTAGG,0,3301163
relBp,0.25,3,3,TTATACACTACTGACTCGCA,0,3271337
relBp,0.25,3,3,TTAGTGGCGGCGATAGGCAA,0,3301591
relBp,0.25,3,3,TTAGGTCATGATCTGAACAA,0,3269034
relBp,0.25,3,3,TTAGATAAATGAACCGTTAA,0,3268617
relBp,0.25,3,3,TTACTGCGTCAATGGGTGGG,0,3280923
relBp,0.25,3,3,TTACGTGTCCCTTAAACGGA,0,3261493
relBp,0.25,3,3,TTACGCGCAACTGCTGTGTC,0,3269404
relBp,0.25,3,3,TTACCGCGATCCGTTAGCGG,0,3297463
relBp,0.25,3,3,TTACCCCGGGCAAAAGGACT,0,3276544
relBp,0.25,3,3,TTACCAAAGGACTGTAAGGC,0,3265576
relBp,0.25,3,3,TTAAGTCTCTTGAGCACTAA,0,3291112
relBp,0.25,3,3,TTAAGGCGTAGAAGACGGAA,0,3267517
relBp,0.25,3,3,TTAAAGCTAGCGATGGCCCG,0,3281137
relBp,0.25,3,3,TTAAACGTCTATGCAGCCAA,0,3266644
relBp,0.25,3,3,TGTTTGTTAATTTAGCAGTC,0,3276809
relBp,0.25,3,3,TGTTCGATGGTAACCGCGCG,0,3266616
relBp,0.25,3,3,TGTTCAGTAGGGATTAGCTT,0,3271827
relBp,0.25,3,3,TGTTCAAATATCAGTTTTAT,0,3307503
relBp,0.25,3,3,TGTGTTATCCCTCCAACAGG,0,3266113
relBp,0.25,3,3,TGTGGGATCTCTGCAGCTTG,0,3297043
relBp,0.25,3,3,TGTGATCTGGTAGAAACTCG,0,3297891
relBp,0.25,3,3,TGTGAGGGATCATAATACAC,0,3306525
relBp,0.25,3,3,TGTCTACTGTTTCTTAAGTA,0,3261108
relBp,0.25,3,3,TGTCGGTGCGTCTCAGGTGT,0,3274810
relBp,0.25,3,3,TGTCCTATATCAGACCGAGA,0,3284076
relBp,0.25,3,3,TGTCCACGTCGGATACTGAC,0,3269227
relBp,0.25,3,3,TGTCATGTATCTGATAAGGG,0,3256084
relBp,0.25,3,3,TGTCATATCTATATGTAGCA,0,3256243
relBp,0.25,3,3,TGTAGCTGAGCTTCAATTGG,0,3277102
relBp,0.25,3,3,TGTAAGATAGACGGAACCAT,0,3284152
relBp,0.25,3,3,TGGTTTCCAGAATTTCGTTA,0,3273103
relBp,0.25,3,3,TGGTTTACTGTCCAAAAAAG,0,3289683
relBp,0.25,3,3,TGGTTCCGTCCAAGTTCGGC,0,3268438
relBp,0.25,3,3,TGGTTCAGGCCGGCACACTT,0,3267130
relBp,0.25,3,3,TGGTGGAAGGCCTGAGGGCA,0,3294837
relBp,0.25,3,3,TGGTGCGGTTGATAGTGCCT,0,3274239
relBp,0.25,3,3,TGGTGATATGTTCCACCGGT,0,3287604
relBp,0.25,3,3,TGGGTGTCTATTTTGTGTGC,0,3293789
relBp,0.25,3,3,TGGGTGGGGGAACAATGACA,0,3303328
relBp,0.25,3,3,TGGGGGGTTGATCGGTCTCG,0,3273291
relBp,0.25,3,3,TGGGGATATGGACCGCACTT,0,3302192
relBp,0.25,3,3,TGGGACCCTCTGTAGTAGTC,0,3274251
relBp,0.25,3,3,TGGCTTGATTAGTTGGTCCG,0,3267322
relBp,0.25,3,3,TGGCCTGGAACATTAGTAGC,0,3272281
relBp,0.25,3,3,TGGCCTCTTTATGGGTCGTA,0,3276659
relBp,0.25,3,3,TGGCAGTAATAAATGCACCC,0,3277280
relBp,0.25,3,3,TGGCAGAATAACCACAAGCA,0,3298258
relBp,0.25,3,3,TGGATCCATTGGTTCATTAG,0,3265499
relBp,0.25,3,3,TGGAGCCATTTCGTGCGGCT,0,3303067
relBp,0.25,3,3,TGGACTTCACGCCAGTGGAG,0,3288457
relBp,0.25,3,3,TGGAATCCTTATCGGGCTCA,0,3306349
relBp,0.25,3,3,TGGAAGGGTACAGGACGCGT,0,3277163
relBp,0.25,3,3,TGGAAAGCAGTAACTATTGT,0,3262522
relBp,0.25,3,3,TGCTTTATATGTGGGACCCC,0,3259624
relBp,0.25,3,3,TGCTGCGGCGACATCTCGAG,0,3289521
relBp,0.25,3,3,TGCTGAAATACGATGTGCCA,0,3297983
relBp,0.25,3,3,TGCTCGAGAACGCGCGGGTA,0,3285356
relBp,0.25,3,3,TGCTCACACCTCGGTCATGG,0,3263583
relBp,0.25,3,3,TGCGGTAAATATGCCGTATA,0,3266569
relBp,0.25,3,3,TGCGGGGGGGCGCCGATCTC,0,3266931
relBp,0.25,3,3,TGCGGAACAGTCGTATCTCA,0,3290771
relBp,0.25,3,3,TGCGCCTGGCCCCGACCTTG,0,3259858
relBp,0.25,3,3,TGCGATTTACGGCAGCCTCA,0,3285637
relBp,0.25,3,3,TGCCGGTGATGAGCTCTCTA,0,3277177
relBp,0.25,3,3,TGCCGCGACATTACGGGACC,0,3260949
relBp,0.25,3,3,TGCCCCTCGTTTTTATGAAT,0,3293838
relBp,0.25,3,3,TGCACGTCGGCGCCATATGC,0,3295368
relBp,0.25,3,3,TGCACCTTAAGGAGCGAGCC,0,3258987
relBp,0.25,3,3,TGCAATGGGTCCCTGTATCT,0,3276795
relBp,0.25,3,3,TGATTATCCTGAGGCCGGAT,0,3305788
relBp,0.25,3,3,TGATTAGGACTTCACAGAGT,0,3282377
relBp,0.25,3,3,TGATGTCCGATTGAGGAAGC,0,3258474
relBp,0.25,3,3,TGATGCCTATTACCTGAAGC,0,3290427
relBp,0.25,3,3,TGATATACATAGAGCGAGGT,0,3290827
relBp,0.25,3,3,TGAGTGGGTATCTTCGTCTC,0,3261345
relBp,0.25,3,3,TGAGTGCTTCGAAACAAGGG,0,3257042
relBp,0.25,3,3,TGAGTATTCCGCTCGATGGT,0,3269423
relBp,0.25,3,3,TGAGGTTGGCAGCATGACGC,0,3283571
relBp,0.25,3,3,TGAGGATCGCGCATGGGCCG,0,3278784
relBp,0.25,3,3,TGAGCTGCAGATTGAATCGT,0,3301077
relBp,0.25,3,3,TGACTGCACAGGTTGTGCGC,0,3290145
relBp,0.25,3,3,TGACTACAGAGTCTCAGCGA,0,3289548
relBp,0.25,3,3,TGACGCATGCCGCTATCCTA,0,3259570
relBp,0.25,3,3,TGACGATGTCGCCAGTCTGA,0,3290953
relBp,0.25,3,3,TGACCGGAAAGGTAAGCGCA,0,3276591
relBp,0.25,3,3,TGACAAGGTCGCACGCCAAT,0,3288048
relBp,0.25,3,3,TGACAAACCTGCAGCTCTAT,0,3294505
relBp,0.25,3,3,TGAATCATGGAACAAGCGGA,0,3277218
relBp,0.25,3,3,TGAAACCTAGCGCGCCCAAC,0,3270660
relBp,0.25,3,3,TCTTCCGAAGCTTGACTGGC,0,3262670
relBp,0.25,3,3,TCTGTAAAGAAGCGCGTTAT,0,3273424
relBp,0.25,3,3,TCTGCGGTACTCTTCAGCTG,0,3302122
relBp,0.25,3,3,TCTGACTCCCGCAACAGCTG,0,3271351
relBp,0.25,3,3,TCTCCGGCAAGAGAGGGTCA,0,3280984
relBp,0.25,3,3,TCTATGTAAATACACTTGGC,0,3275119
relBp,0.25,3,3,TCTACTCTTCAACTACAGAA,0,3260405
relBp,0.25,3,3,TCTACGGAGATTTGCCGCAA,0,3278004
relBp,0.25,3,3,TCTAAATAGGTAGTACAAGC,0,3277440
relBp,0.25,3,3,TCGTTCCTACCGGGTTAGAC,0,3260818
relBp,0.25,3,3,TCGTCGGTGAAGTGGCTGAG,0,3301139
relBp,0.25,3,3,TCGTATTCGGTCGGACCCCA,0,3298561
relBp,0.25,3,3,TCGGGTTTCATTGAAGCAGT,0,3307990
relBp,0.25,3,3,TCGGGTGGACATACTGAATG,0,3298466
relBp,0.25,3,3,TCGGGTACCACGTAGGTTCA,0,3257720
relBp,0.25,3,3,TCGGGGTTTCACGCCACAAG,0,3289450
relBp,0.25,3,3,TCGGGGTAATAGAAGGCAAC,0,3301320
relBp,0.25,3,3,TCGGGCAGGTTCTGTCATAG,0,3292863
relBp,0.25,3,3,TCGGGAGATTCCAGGGCCAC,0,3305877
relBp,0.25,3,3,TCGGCATCTAACGTATGATG,0,3299609
relBp,0.25,3,3,TCGGCAACATGTGATCACAT,0,3290013
relBp,0.25,3,3,TCGCTGTCCCAGATCCGCGT,0,3305503
relBp,0.25,3,3,TCGCTGCTTAGTAACTGCTC,0,3295071
relBp,0.25,3,3,TCGCTCTTATGATAATTCGT,0,3283020
relBp,0.25,3,3,TCGCGGTGTTCGGTGGCTAA,0,3271034
relBp,0.25,3,3,TCGCGCACTGGTGATTCCTG,0,3256909
relBp,0.25,3,3,TCGCAACTATGATATTAGTT,0,3264735
relBp,0.25,3,3,TCGATTGGTGTATGGGATTT,0,3300667
relBp,0.25,3,3,TCGAGCGCAAGCGGGTAGCA,0,3297151
relBp,0.25,3,3,TCGACGTAAAACCGTTATGA,0,3263795
relBp,0.25,3,3,TCCTTCAAGACGGAGATTGC,0,3265826
relBp,0.25,3,3,TCCTTAAGGACTATGGGCAA,0,3304257
relBp,0.25,3,3,TCCTGATGGAATTCGTTAAG,0,3269846
relBp,0.25,3,3,TCCTATCGGGCTCACGTGTG,0,3290914
relBp,0.25,3,3,TCCTACGGTTCCGTCCGGGG,0,3266454
relBp,0.25,3,3,TCCGTTAACATGCTACTAAA,0,3268573
relBp,0.25,3,3,TCCGTCGATGGCCGTATGTC,0,3285815
relBp,0.25,3,3,TCCGGGGTGAACCCTTCAGG,0,3302372
relBp,0.25,3,3,TCCGGCGATTGGGTCTTGGC,0,3304968
relBp,0.25,3,3,TCCCTTCAGATGGCAACCGA,0,3290506
relBp,0.25,3,3,TCCCTTATAACAACGGCATT,0,3261066
relBp,0.25,3,3,TCCCCTTGCGCAGGGGGGAT,0,3294400
relBp,0.25,3,3,TCCCATAGGTATGCGATGTC,0,3306593
relBp,0.25,3,3,TCCAGCTGTGGTTGTCACAG,0,3304617
relBp,0.25,3,3,TCCACTTTTGTATTCGCTCA,0,3282828
relBp,0.25,3,3,TCCACATTCCAGCAAGATAT,0,3276707
relBp,0.25,3,3,TCATTTTATGCGGATAGAGC,0,3292619
relBp,0.25,3,3,TCATTGGGGACGGGGGATAG,0,3256460
relBp,0.25,3,3,TCATTCTTTCATAACCGGAA,0,3290844
relBp,0.25,3,3,TCATGGCTAAGCTCCGCATA,0,3283500
relBp,0.25,3,3,TCATCAACGTGCAGTTTGCG,0,3276769
relBp,0.25,3,3,TCAGTGTCCCTTCGTTGGAT,0,3290958
relBp,0.25,3,3,TCAGTCTGCCGGTGTCGAGC,0,3291375
relBp,0.25,3,3,TCAGTCGTAAAGTGATCGAC,0,3298803
relBp,0.25,3,3,TCAGCCGGCTCGTTCTATAT,0,3263889
relBp,0.25,3,3,TCACTGGGAAGGTGGCGACA,0,3288546
relBp,0.25,3,3,TCACTCTTTGATATTAGGGA,0,3288497
relBp,0.25,3,3,TCACTCTGACGCAACAATAT,0,3278585
relBp,0.25,3,3,TCACAGGGTATCGGCCTGGC,0,3279637
relBp,0.25,3,3,TCAAGGTGTTGCCGCCCAAT,0,3268004
relBp,0.25,3,3,TCAAGATGCACACCGGAATG,0,3297635
relBp,0.25,3,3,TCAAATTCTCCTCTTGAAGA,0,3292916
relBp,0.25,3,3,TCAAACGTAATCCATGAACT,0,3276212
relBp,0.25,3,3,TCAAACACGCGGCGCTCGCC,0,3284782
relBp,0.25,3,3,TATTGGCCATACGGACAATG,0,3306081
relBp,0.25,3,3,TATTCTGTAGAAGCTCATCA,0,3307045
relBp,0.25,3,3,TATTATACCTAGAAAAACGA,0,3269147
relBp,0.25,3,3,TATGCACCAAAACTTAATAT,0,3262875
relBp,0.25,3,3,TATCTTTCGACCCAACGTAC,0,3256550
relBp,0.25,3,3,TATCTTCCGCACAGCAATTT,0,3275875
relBp,0.25,3,3,TATCTCCCCGCACGCGGACA,0,3256110
relBp,0.25,3,3,TATATTGAGTCTGCCGAAGT,0,3266024
relBp,0.25,3,3,TATATTCACACCTACTCACA,0,3294585
relBp,0.25,3,3,TATAGCTGAACGACCCAGAT,0,3277546
relBp,0.25,3,3,TAGGGGTTTCGTACGTGGTT,0,3289468
relBp,0.25,3,3,TAGGGGAAGGGACGCTTGCA,0,3284750
relBp,0.25,3,3,TAGGCTCTTGCAGTTATAGG,0,3288159
relBp,0.25,3,3,TAGGAGGGCCGATATTACTG,0,3302605
relBp,0.25,3,3,TAGGAGGCATAATATAATAC,0,3270485
relBp,0.25,3,3,TAGCTAGATGTGTCAGATTG,0,3267640
relBp,0.25,3,3,TAGCACGGTTTTTACGTTGC,0,3268981
relBp,0.25,3,3,TAGCACAGCGTCTACCGTTC,0,3276462
relBp,0.25,3,3,TAGATGAACGTATGGCGGTG,0,3293163
relBp,0.25,3,3,TAGATCAGTTCGAACCGACC,0,3291360
relBp,0.25,3,3,TACTGCTGTGCTAAGGAAAC,0,3305803
relBp,0.25,3,3,TACGTCCATTTGGGTCAACA,0,3287763
relBp,0.25,3,3,TACGGGAAAGAGAGAAAATA,0,3260776
relBp,0.25,3,3,TACGGAGTGGCTGGTTAAAC,0,3291129
relBp,0.25,3,3,TACGCACTTGAGAGGCAAGC,0,3259327
relBp,0.25,3,3,TACGCAATGAGGGGTTCCGA,0,3260056
relBp,0.25,3,3,TACCCGGTGATACGCTAAGC,0,3260885
relBp,0.25,3,3,TACCCGCAAGCATCCGTAGG,0,3295583
relBp,0.25,3,3,TACACACCCAGATTTTTGGC,0,3307781
relBp,0.25,3,3,TACAATCCTGGAGGTCCGGA,0,3280416
relBp,0.25,3,3,TAATTCAGGCATACTTACAC,0,3290615
relBp,0.25,3,3,TAATCTTTTCCATCAGTCAG,0,3305643
relBp,0.25,3,3,TAAGCCTAGAACTCGGGCTA,0,3305129
relBp,0.25,3,3,TAACTTCATTGCCGTAGGTG,0,3265992
relBp,0.25,3,3,TAACTAGGGAACATAATGGT,0,3288553
relBp,0.25,3,3,TAACTACAGCTGGGATCAGA,0,3308314
relBp,0.25,3,3,TAAAGTCGAGGGACCCCTCC,0,3272592
relBp,0.25,3,3,TAAAATTCTTTTTGGATTGT,0,3289413
relBp,0.25,3,3,TAAAACTTTATCCAAAGGCG,0,3266822
relBp,0.25,3,3,GTTTTCAGGTTACTGTCTCG,0,3268225
relBp,0.25,3,3,GTTTCAGCAGACTCATTACA,0,3292057
relBp,0.25,3,3,GTTTATGGACTGGCAGATTA,0,3300866
relBp,0.25,3,3,GTTGGGTAGTTACCTCGAAC,0,3272813
relBp,0.25,3,3,GTTGGCGTGGTGCCCCGGAT,0,3284684
relBp,0.25,3,3,GTTGGCGTCTGATAACCAAG,0,3291566
relBp,0.25,3,3,GTTGCTTACAGCCCAGGACT,0,3278974
relBp,0.25,3,3,GTTGCATCGAAACCGACTAC,0,3279967
relBp,0.25,3,3,GTTGAGCCGTCGGCCTGTAC,0,3270407
relBp,0.25,3,3,GTTGAGCACTTGCTGAAAAC,0,3266927
relBp,0.25,3,3,GTTCGATCTAGATCGCACAA,0,3263885
relBp,0.25,3,3,GTTCCATATATTCAGAATCA,0,3285201
relBp,0.25,3,3,GTTCACATACTGGGACCCGC,0,3296356
relBp,0.25,3,3,GTTCAAGGCCTCGCTTTGGA,0,3264003
relBp,0.25,3,3,GTTAGGTAACTGAAAGTCCA,0,3268187
relBp,0.25,3,3,GTTAGGCCCTCAAATCGGGT,0,3260092
relBp,0.25,3,3,GTGTTTCAGGTGCAGGTACT,0,3274502
relBp,0.25,3,3,GTGTTACTTCGTAGGCGACG,0,3256837
relBp,0.25,3,3,GTGTGACTGAAGATTTTGGG,0,3259541
relBp,0.25,3,3,GTGTATTTCTTAAGACAGAC,0,3265207
relBp,0.25,3,3,GTGTACAGCATTTCCCTCAC,0,3308120
relBp,0.25,3,3,GTGGTTGCACCACACGCTTG,0,3304017
relBp,0.25,3,3,GTGGGGATAAAATCTTCGAA,0,3299114
relBp,0.25,3,3,GTGGCGGAAAAGAGGCCTTG,0,3285896
relBp,0.25,3,3,GTGGAGCGACTGCCTCTCCC,0,3259739
relBp,0.25,3,3,GTGCCTGAGCTTATAAAGGC,0,3257441
relBp,0.25,3,3,GTGCCGTTCCGTATAGCCGG,0,3256914
relBp,0.25,3,3,GTGCCCAATCATGTCTCGTT,0,3270360
relBp,0.25,3,3,GTGCCAGGGTCTTACAAGTA,0,3260741
relBp,0.25,3,3,GTGCAACATTATGGACAATT,0,3292427
relBp,0.25,3,3,GTGCAAAGAATATTGGTTGT,0,3281825
relBp,0.25,3,3,GTGAGTTTGGGTATGGATCT,0,3266863
relBp,0.25,3,3,GTGAGTTGGTTCATCTTCGA,0,3294069
relBp,0.25,3,3,GTCTTGCGACACCGTTTGCC,0,3271940
relBp,0.25,3,3,GTCTGATGTAGTGAGTATCC,0,3277509
relBp,0.25,3,3,GTCTCGAGGGTTGAGTGGAT,0,3295791
relBp,0.25,3,3,GTCTCAGTATCTCTATGGGA,0,3279674
relBp,0.25,3,3,GTCGAGGAGCGGACCATACA,0,3259642
relBp,0.25,3,3,GTCATTCTACTGGCCTCTCA,0,3278459
relBp,0.25,3,3,GTCATCTGTCACAACTCTAA,0,3265433
relBp,0.25,3,3,GTCATAGCCGACAGATGAGA,0,3278127
relBp,0.25,3,3,GTCATAATAGGCTCTTCTAA,0,3273934
relBp,0.25,3,3,GTCAGGTGAATTTAACCCCC,0,3281437
relBp,0.25,3,3,GTCACCGACGTTGTACGCCT,0,3256088
relBp,0.25,3,3,GTCACCCACAGACGGTTTGG,0,3290811
relBp,0.25,3,3,GTCAAGAAGAGCGCTGTCTA,0,3298750
relBp,0.25,3,3,GTCAAACGCGACGGCGCAAT,0,3278686
relBp,0.25,3,3,GTATTTCTCGACGGGCGGCA,0,3282569
relBp,0.25,3,3,GTATGTGGGAAAAGATAGTA,0,3287651
relBp,0.25,3,3,GTAGTTTGTCCGACCTAACA,0,3276320
relBp,0.25,3,3,GTAGGCTCATGATTTTCCGC,0,3257904
relBp,0.25,3,3,GTAGGAACATTCATAAAGCA,0,3292093
relBp,0.25,3,3,GTACGTGCTCGCTACGCGAG,0,3262353
relBp,0.25,3,3,GTACCGATGGCGACTAATGC,0,3279634
relBp,0.25,3,3,GTACCCTACTTTATGGCGTA,0,3277981
relBp,0.25,3,3,GTACCACATCTAGGCCCGGG,0,3286814
relBp,0.25,3,3,GTACATGACTTAAGTACAGC,0,3261928
relBp,0.25,3,3,GTACAAGTGGTTCATTCTAC,0,3264342
relBp,0.25,3,3,GGTTTTGCACAAGACTAGGC,0,3261753
relBp,0.25,3,3,GGTTCTTGTAAATGGCGCTC,0,3297623
relBp,0.25,3,3,GGTTCGTTATGCCGGAGGAA,0,3264717
relBp,0.25,3,3,GGTTATCCTTGAACTGGCAT,0,3262294
relBp,0.25,3,3,GGTTACAGCGTCCCCAGGAG,0,3290888
relBp,0.25,3,3,GGTGTGAGGTCGAAGATCGA,0,3306777
relBp,0.25,3,3,GGTGGTTTTTTGCGGATGAG,0,3295916
relBp,0.25,3,3,GGTGCACCGCATTCACAGAA,0,3302612
relBp,0.25,3,3,GGTGATCACCAAAGCTTTAC,0,3268882
relBp,0.25,3,3,GGTGATAGTCAGCGGAATCA,0,3268846
relBp,0.25,3,3,GGTGAGGTTCGATGTATCAC,0,3308595
relBp,0.25,3,3,GGTCTGTGCCCGAGGGGGAC,0,3279477
relBp,0.25,3,3,GGTCTGGAATAAAATGTTGT,0,3264038
relBp,0.25,3,3,GGTCTACTTCCGAAGCATCG,0,3301232
relBp,0.25,3,3,GGTCGCTATATGATAGATAA,0,3279027
relBp,0.25,3,3,GGTCATATTTGTCTTTTTTC,0,3267097
relBp,0.25,3,3,GGTCACGAGATTCTCATTGA,0,3257908
relBp,0.25,3,3,GGTCAACCCGGGACCCGGGA,0,3288374
relBp,0.25,3,3,GGTATTGTGAAGACTTTTTA,0,3280968
relBp,0.25,3,3,GGTACGGCCAAGTTCGTTAC,0,3264322
relBp,0.25,3,3,GGTAATAAGGTGTTAATTAA,0,3266117
relBp,0.25,3,3,GGTAATAACTACGTCTCCAG,0,3269030
relBp,0.25,3,3,GGTAACGCACTGCATTCTAC,0,3260165
relBp,0.25,3,3,GGGTTTCTCTTAATTCAGCA,0,3278119
relBp,0.25,3,3,GGGTTCCCGCAGCTCTTATT,0,3258472
relBp,0.25,3,3,GGGTCATCTCTTTTTACATT,0,3280399
relBp,0.25,3,3,GGGTCAGTCCTGTCAGTTGT,0,3272628
relBp,0.25,3,3,GGGTACCCGTAAGGCTTATC,0,3256366
relBp,0.25,3,3,GGGGTTAGTAGTCGTTAATT,0,3308666
relBp,0.25,3,3,GGGGTCTTCACCCTAAGCGT,0,3259989
relBp,0.25,3,3,GGGGGGCCAAGTGACAATTC,0,3290345
relBp,0.25,3,3,GGGGGCGTGTACAGTGTACG,0,3289114
relBp,0.25,3,3,GGGGGATTCACGCTACGGGG,0,3294918
relBp,0.25,3,3,GGGGCCTACAAATATTGTGG,0,3306971
relBp,0.25,3,3,GGGGCCTAAGAAGACCCCCC,0,3283241
relBp,0.25,3,3,GGGCTCTCACGTATAATTTA,0,3263787
relBp,0.25,3,3,GGGCTATTCTGGCTCATTTA,0,3264807
relBp,0.25,3,3,GGGCGTCCTTAATTTTGCTT,0,3271220
relBp,0.25,3,3,GGGCGCTCCATTGTGCAGGG,0,3300191
relBp,0.25,3,3,GGGCGAGTATCTAGAAAAGG,0,3283901
relBp,0.25,3,3,GGGCACGCGAGATGGGCTGA,0,3303158
relBp,0.25,3,3,GGGATGGATTACTGTGCTCA,0,3288381
relBp,0.25,3,3,GGGATCGAGGGCAACATCTC,0,3306420
relBp,0.25,3,3,GGGAGCGAATTGCGTAATAA,0,3258312
relBp,0.25,3,3,GGGACCCGAGATGCAAGACC,0,3287465
relBp,0.25,3,3,GGGAAGGAGACGTAGGAGGC,0,3304672
relBp,0.25,3,3,GGCTTGAAGCCCCATTCTTA,0,3280669
relBp,0.25,3,3,GGCTGCGTAATTGAAATAGG,0,3267447
relBp,0.25,3,3,GGCTGATCAGACCTGCCCCG,0,3291835
relBp,0.25,3,3,GGCTGACCACTCTTGGTGAC,0,3266219
relBp,0.25,3,3,GGCGCCCGACGCCCGGTGTT,0,3262470
relBp,0.25,3,3,GGCCGGGTGCGTAACAGCTC,0,3296790
relBp,0.25,3,3,GGCCGGCATACCGAAATAAC,0,3300278
relBp,0.25,3,3,GGCCGCGACTTTAAGGTCGG,0,3294508
relBp,0.25,3,3,GGCCGATCGCTGTTCCGGGG,0,3263739
relBp,0.25,3,3,GGCATGAATTCCCTCGCCCT,0,3277165
relBp,0.25,3,3,GGCATATACGCGGCGCAACC,0,3269839
relBp,0.25,3,3,GGCAGTGCGGACATATCATG,0,3269070
relBp,0.25,3,3,GGCAGCAACAATATCGCGGC,0,3287950
relBp,0.25,3,3,GGCAACCGGACTCGCTCCCC,0,3264399
relBp,0.25,3,3,GGATGGTTGATTCGAAATAA,0,3286539
relBp,0.25,3,3,GGATCTATCATAACTTATTT,0,3278036
relBp,0.25,3,3,GGATCGGAGGCCGTGTGTAT,0,3298814
relBp,0.25,3,3,GGAGGCACGAAAGGTACCTC,0,3267003
relBp,0.25,3,3,GGAGGATGGGTAATCGAGAG,0,3301212
relBp,0.25,3,3,GGAGGAGGCTGGGGGCACTC,0,3266617
relBp,0.25,3,3,GGAGCGGACGTCGATATTAG,0,3290620
relBp,0.25,3,3,GGAGCATTATGCCCGGGACT,0,3305754
relBp,0.25,3,3,GGAGCAATCGACGAGGGGAA,0,3304320
relBp,0.25,3,3,GGACCGTCGTCTTCTGGGTG,0,3298664
relBp,0.25,3,3,GGACATGACACTTGGGCATT,0,3269032
relBp,0.25,3,3,GGACAGTCCAGCGGATGCGT,0,3280304
relBp,0.25,3,3,GGAATAGCGACGGAGATCGA,0,3299766
relBp,0.25,3,3,GGAAGCCTGTTTAGCATTAT,0,3302803
relBp,0.25,3,3,GGAACCTTATGGTTTGGACT,0,3279197
relBp,0.25,3,3,GGAACAACAATCTACCTCCC,0,3302903
relBp,0.25,3,3,GCTTTTGGGGCATGCCCTAG,0,3270588
relBp,0.25,3,3,GCTTGCCACAACCCGAAACA,0,3281438
relBp,0.25,3,3,GCTGGTAATCGGTTAGATCT,0,3256314
relBp,0.25,3,3,GCTGCACGAAGCTTAGAGAT,0,3288220
relBp,0.25,3,3,GCTGACCTCTTTCGGTTCTG,0,3281441
relBp,0.25,3,3,GCTCTGAGTAGCACATCACG,0,3256428
relBp,0.25,3,3,GCTCACACGAATTCGTCGGT,0,3263869
relBp,0.25,3,3,GCTCAATAGGCACGGTCGTT,0,3296127
relBp,0.25,3,3,GCTACTTCACGAATATCAGG,0,3291538
relBp,0.25,3,3,GCTAATGTTCCCTCCAGTCA,0,3286405
relBp,0.25,3,3,GCGTTCGCTGCAGTTGCGGG,0,3265052
relBp,0.25,3,3,GCGTTCGATTGGGCACGAAC,0,3287551
relBp,0.25,3,3,GCGTCCACGTGCGGGTATAA,0,3261546
relBp,0.25,3,3,GCGTCAATTTCCCGTTTGTC,0,3307548
relBp,0.25,3,3,GCGTAGGCACCGGAAGCACC,0,3296567
relBp,0.25,3,3,GCGTACGCGTCAACGGCCGC,0,3263931
relBp,0.25,3,3,GCGGTTTCTCAAGTGTTTAT,0,3276688
relBp,0.25,3,3,GCGGTATTTAACTTTGTTTT,0,3291007
relBp,0.25,3,3,GCGGGGGTCCGGCTTAACTG,0,3283147
relBp,0.25,3,3,GCGGGCATAGACGCGGCGAT,0,3277574
relBp,0.25,3,3,GCGGGAGGACCGGGGCTAAC,0,3283175
relBp,0.25,3,3,GCGGATTCTATTAGACGGCA,0,3292657
relBp,0.25,3,3,GCGGACTGTAAAGATGGAAA,0,3258453
relBp,0.25,3,3,GCGCTTTAAAGGTCACCTAC,0,3289944
relBp,0.25,3,3,GCGCTCGTGGCAGGGGGTCA,0,3278663
relBp,0.25,3,3,GCGCGTCGCGTGCGCCCTTT,0,3292247
relBp,0.25,3,3,GCGCCTAGTATTATCAATGA,0,3291756
relBp,0.25,3,3,GCGCCAGGACTTTATTTTTG,0,3272292
relBp,0.25,3,3,GCGCATTTGTGTAACAGCCA,0,3298657
relBp,0.25,3,3,GCGAGGAGGCAAGGGCAGAG,0,3257283
relBp,0.25,3,3,GCGACTTTTATCTACAAAGG,0,3266202
relBp,0.25,3,3,GCGACTTCTGGCGGGGCTCG,0,3256602
relBp,0.25,3,3,GCGAACCCGCCCGCACAGGC,0,3277621
relBp,0.25,3,3,GCCTTCTTTATTCTAATTTA,0,3279248
relBp,0.25,3,3,GCCTTATTTCGCGTCAAGTA,0,3270768
relBp,0.25,3,3,GCCTGGACTCCCAAAACGGT,0,3290079
relBp,0.25,3,3,GCCTCATCTCTAAGAACCCA,0,3282545
relBp,0.25,3,3,GCCTATTAGCTTGTCAGTGT,0,3257193
relBp,0.25,3,3,GCCTACTGTACTGTCACACT,0,3307056
relBp,0.25,3,3,GCCGTGACCCAGTTGCTTAC,0,3288151
relBp,0.25,3,3,GCCGGCAACGTGGTACCAGT,0,3257331
relBp,0.25,3,3,GCCGACGAGCTGGTGGGGCG,0,3278105
relBp,0.25,3,3,GCCCTAAGATTAAATTACTA,0,3260861
relBp,0.25,3,3,GCCCCTAGCGTCTCGCCTGG,0,3274779
relBp,0.25,3,3,GCCCATGTTTCTGGAACAGC,0,3267005
relBp,0.25,3,3,GCCCACGTTGTTGTAGCCGG,0,3297761
relBp,0.25,3,3,GCAGTAGGATCCGAGTCCAT,0,3303690
relBp,0.25,3,3,GCAGGTATTCGTCTAGGTAG,0,3276696
relBp,0.25,3,3,GCAGGTACCGTCGGCTAGGG,0,3292901
relBp,0.25,3,3,GCACTCAGGCAGAAAATCTA,0,3286402
relBp,0.25,3,3,GCACGATGATCTGTTATTCA,0,3273611
relBp,0.25,3,3,GCACCGTAGGTGATCAACAA,0,3302110
relBp,0.25,3,3,GCACCCGTAGTATACGATAT,0,3288906
relBp,0.25,3,3,GCAATTTCACAGTTGGATTA,0,3284847
relBp,0.25,3,3,GCAATGTACGTACAGTGCGT,0,3288518
relBp,0.25,3,3,GCAAGTCAGGTGCTGCATGC,0,3287949
relBp,0.25,3,3,GATTTGGAGTAAATTCCGTG,0,3276806
relBp,0.25,3,3,GATTTGAGGGATCACATTCG,0,3276363
relBp,0.25,3,3,GATTTGACGTCCGGTTTACA,0,3303509
relBp,0.25,3,3,GATTTCGCACAGTAGTTACA,0,3263211
relBp,0.25,3,3,GATTTCATTAATCAGATCAG,0,3286433
relBp,0.25,3,3,GATTGAGATCCTTGAGTGAG,0,3258206
relBp,0.25,3,3,GATTCGGCATCACGGATTTT,0,3292867
relBp,0.25,3,3,GATGGAGACATATGGTGTGA,0,3271788
relBp,0.25,3,3,GATGAGGTAAGGTCGAAATT,0,3270797
relBp,0.25,3,3,GATCGCGGACGGCATAAACA,0,3270608
relBp,0.25,3,3,GATCGCGATTCGCAGGACAT,0,3270831
relBp,0.25,3,3,GATCCGTGGTTTCATACGGA,0,3262947
relBp,0.25,3,3,GATCAAGCTTGGTGACCTAT,0,3293862
relBp,0.25,3,3,GATCAAAGGCACTCCTGATT,0,3303581
relBp,0.25,3,3,GATATTAATGTTTCTGAAAC,0,3293098
relBp,0.25,3,3,GATATGTCCTGCTCTCGGGC,0,3292699
relBp,0.25,3,3,GATATCATGGCAGATGTGCA,0,3287573
relBp,0.25,3,3,GATAGCGATAGGATAAAGTA,0,3258730
relBp,0.25,3,3,GATAGAGAGATGTGACGATT,0,3262521
relBp,0.25,3,3,GATACGTTCTGTGCCTGGTC,0,3287393
relBp,0.25,3,3,GATACCACTTAGGCGATCGC,0,3260929
relBp,0.25,3,3,GATAACTTCCCTCCCCTTAT,0,3260942
relBp,0.25,3,3,GATAACGCGTCGAATACTTC,0,3264767
relBp,0.25,3,3,GAGTTGGTGACTTTGGTATG,0,3293586
relBp,0.25,3,3,GAGTTGCTTGATATCGGGCA,0,3301377
relBp,0.25,3,3,GAGTTAAATTTTTTTCTATA,0,3289663
relBp,0.25,3,3,GAGTGAGATTGAGGTCAAAT,0,3263448
relBp,0.25,3,3,GAGTCTTGCCTCACCACGCA,0,3259800
relBp,0.25,3,3,GAGTCGTACAGTAGATTCCG,0,3268229
relBp,0.25,3,3,GAGGTGAATGGCTGTGGGGC,0,3259467
relBp,0.25,3,3,GAGGTCACTAGGTCCACTAG,0,3291856
relBp,0.25,3,3,GAGGCCCCATGTGAGTGTCT,0,3301676
relBp,0.25,3,3,GAGCTAAGGTCTGAGTCCGT,0,3275625
relBp,0.25,3,3,GAGCGATATCAGGTACGGGG,0,3287575
relBp,0.25,3,3,GAGCCGGATCGAGGATGCGG,0,3268698
relBp,0.25,3,3,GAGCCACGGATTTTGTTTCT,0,3266500
relBp,0.25,3,3,GAGCAATTTTGGCGTTTTTA,0,3281010
relBp,0.25,3,3,GAGATGTCGCACCTGGATTT,0,3264097
relBp,0.25,3,3,GAGAGTACTTGTTCATCGAC,0,3261259
relBp,0.25,3,3,GAGACTCGGGAAAATGATTG,0,3264538
relBp,0.25,3,3,GAGAAAAAAGGTCAGCTCTG,0,3273849
relBp,0.25,3,3,GACTATCTCCTTCGGTTCAG,0,3290687
relBp,0.25,3,3,GACTATCGGCAATTCGCGCA,0,3294774
relBp,0.25,3,3,GACGGGCAGCCATTATTGGC,0,3298117
relBp,0.25,3,3,GACGATTGGCTGTAAATGGG,0,3293326
relBp,0.25,3,3,GACATCCATCGAACAACCCC,0,3267769
relBp,0.25,3,3,GAATTTAACGTTCTACTAAA,0,3263323
relBp,0.25,3,3,GAATGAAAGTTATTATTTTA,0,3273025
relBp,0.25,3,3,GAAGGTCCTCCAATCACGGC,0,3289897
relBp,0.25,3,3,GAAGCGAGTTGACATATTTT,0,3305326
relBp,0.25,3,3,GAAGCCTCGTCACTCACACC,0,3256072
relBp,0.25,3,3,GAAGCCATAAGCAGGGTACC,0,3260731
relBp,0.25,3,3,GAACTTGCTATATAATGGGT,0,3291819
relBp,0.25,3,3,GAACGCAGTTTACGGCTCAT,0,3283590
relBp,0.25,3,3,GAACCGCCCAAGCCCCTACT,0,3297102
relBp,0.25,3,3,GAACACTTCCTGGCTGATCA,0,3299029
relBp,0.25,3,3,GAACAACATGAGATAATTTA,0,3288910
relBp,0.25,3,3,GAAACTTTTGTGTCTCTGGC,0,3299587
relBp,0.25,3,3,CTTTTTCCGAAATAGAAATA,0,3288383
relBp,0.25,3,3,CTTTGTGATTGGCCTCATTG,0,3279654
relBp,0.25,3,3,CTTTGATATCGCTCTGTGGA,0,3291283
relBp,0.25,3,3,CTTTCTCAGTACTCACCAGA,0,3273035
relBp,0.25,3,3,CTTTCAGGCGTAAAAATATT,0,3294129
relBp,0.25,3,3,CTTTACCGCGATGTCGTCCC,0,3267974
relBp,0.25,3,3,CTTGGAGATAGTTAGAACGG,0,3259083
relBp,0.25,3,3,CTTCGGATAGTACCCCACCA,0,3281135
relBp,0.25,3,3,CTTCGCTGCATAGAAGATAT,0,3279053
relBp,0.25,3,3,CTTCGATGGTGGTCGCGATA,0,3281004
relBp,0.25,3,3,CTTCATGGTAGGGGCGAAGA,0,3257791
relBp,0.25,3,3,CTTATTTACAATTAGGGCGT,0,3256267
relBp,0.25,3,3,CTTAGTTTAGGTGTATGCAA,0,3305714
relBp,0.25,3,3,CTTAGGCACTGAGGTGTGCG,0,3300472
relBp,0.25,3,3,CTTAGAAGTAATGGGGGGAT,0,3270241
relBp,0.25,3,3,CTTACCGCATAATCGGCCAA,0,3283208
relBp,0.25,3,3,CTTAAACTCCTTAGTCTTTG,0,3264947
relBp,0.25,3,3,CTGTTCAAAGTTCAATCTTA,0,3286286
relBp,0.25,3,3,CTGGGCTCATAGCAACATTT,0,3284554
relBp,0.25,3,3,CTGGCCTGTGATTACCCCGA,0,3301318
relBp,0.25,3,3,CTGGCCACCGCACTTTTCGT,0,3267832
relBp,0.25,3,3,CTGGAGTGCGCGATACAGAG,0,3277432
relBp,0.25,3,3,CTGGACAGATATTGGACAGT,0,3305380
relBp,0.25,3,3,CTGGAAAGGTGATGCCAGGT,0,3257862
relBp,0.25,3,3,CTGCTCCGGAGGGTAACTTC,0,3290261
relBp,0.25,3,3,CTGCTAGGTTAAGAACACGT,0,3292516
relBp,0.25,3,3,CTGCTAAGCATCGTTTCCTT,0,3302669
relBp,0.25,3,3,CTGCGTGTTATGCGTATGAG,0,3270672
relBp,0.25,3,3,CTGCCTTTCATCGTTAGGTA,0,3297777
relBp,0.25,3,3,CTGCCAACAATGATTTTGGT,0,3267020
relBp,0.25,3,3,CTGATTAACGTGCTGTCCAT,0,3295584
relBp,0.25,3,3,CTGATGTTCTTGGCGAAATC,0,3291332
relBp,0.25,3,3,CTGACTGAATCACCTGTGTG,0,3276077
relBp,0.25,3,3,CTGAAGCCTGGTAAGCACTT,0,3260860
relBp,0.25,3,3,CTGAAACCCCTACAGATGGG,0,3272293
relBp,0.25,3,3,CTCTTGAATTCTATCGGGGG,0,3258272
relBp,0.25,3,3,CTCTTCACATGCGCCGCTAA,0,3282704
relBp,0.25,3,3,CTCTGAGCTAGCTGTAGAAC,0,3279721
relBp,0.25,3,3,CTCTGACCTTTCAGATCTAA,0,3308267
relBp,0.25,3,3,CTCTATGGGAGAAGAATCAT,0,3260446
relBp,0.25,3,3,CTCGTTTCGGCGAGCTTGTT,0,3304251
relBp,0.25,3,3,CTCGTCTGTCTGACCGCAAG,0,3272236
relBp,0.25,3,3,CTCGGCTAAAAGACTGACTC,0,3258590
relBp,0.25,3,3,CTCGGCATACTATAAGACCT,0,3260357
relBp,0.25,3,3,CTCGGAACAAGTCGGTAAGA,0,3293706
relBp,0.25,3,3,CTCGCAGTCAGACACGACGC,0,3257514
relBp,0.25,3,3,CTCGATCCAGTTTTGGCCGT,0,3259115
relBp,0.25,3,3,CTCGAGACGAGCCCACTCAT,0,3274435
relBp,0.25,3,3,CTCCGGTTAAAATTACCTTG,0,3292175
relBp,0.25,3,3,CTCCGGAGCTCCCCGCTTGC,0,3302107
relBp,0.25,3,3,CTCCATACCGACCCATTCCC,0,3287366
relBp,0.25,3,3,CTCCAATCTGAAAAGATCAC,0,3286696
relBp,0.25,3,3,CTCATTTGTATACCGAGCGA,0,3303986
relBp,0.25,3,3,CTCATGGGAAAGATCCACGT,0,3272965
relBp,0.25,3,3,CTCATGAAGCAGAGGTGACA,0,3266150
relBp,0.25,3,3,CTCAGTAGCGCTAGGATGAC,0,3274655
relBp,0.25,3,3,CTCAACGCCTGTATCCATTA,0,3303064
relBp,0.25,3,3,CTCAAACTATCGTTTGCAAA,0,3256313
relBp,0.25,3,3,CTATGCAGGTAGTTGGGGCT,0,3290818
relBp,0.25,3,3,CTATAGGAGGTCGCGCGTCC,0,3285525
relBp,0.25,3,3,CTATAATCCCGTAAATACCA,0,3299162
relBp,0.25,3,3,CTAGTTTCATCATTACTAAG,0,3267334
relBp,0.25,3,3,CTAGTGCATGGCCACATGGT,0,3290026
relBp,0.25,3,3,CTAGGGATCTAAGAGCTAGA,0,3295384
relBp,0.25,3,3,CTAGCATAAGAAAGAAGCGT,0,3292566
relBp,0.25,3,3,CTAGAGGCTTAGGATTACAA,0,3280788
relBp,0.25,3,3,CTAGAGAAAAGGAGGATCTA,0,3289674
relBp,0.25,3,3,CTACTGTAAAGATTCAACCA,0,3279979
relBp,0.25,3,3,CTACGTAGGCCGCTAGCTCT,0,3291092
relBp,0.25,3,3,CTACCAGACTGTGACCTATC,0,3273018
relBp,0.25,3,3,CTACCACATCACACTTCGAC,0,3271264
relBp,0.25,3,3,CTACATGACCCACTGTTTAG,0,3271496
relBp,0.25,3,3,CTACAGAACCGTTGGATCTT,0,3304496
relBp,0.25,3,3,CTAATGGATGAAAAAGTCAC,0,3271297
relBp,0.25,3,3,CTAAAGTGAACTCGTCTGGA,0,3264058
relBp,0.25,3,3,CTAAACGTTGTTGCGATCGT,0,3264141
relBp,0.25,3,3,CGTTTTCGGCCTAACTCGAT,0,3305047
relBp,0.25,3,3,CGTTTGAGACAATCTACTTT,0,3293515
relBp,0.25,3,3,CGTTTCAGATGGATAATGCA,0,3302596
relBp,0.25,3,3,CGTTTCAGACCCCGGGGTGC,0,3275148
relBp,0.25,3,3,CGTTTACCCGAAGTGCTATA,0,3262858
relBp,0.25,3,3,CGTTCTCTCTCGGGGCGGAT,0,3273540
relBp,0.25,3,3,CGTTCTACATGGTATACGTG,0,3264591
relBp,0.25,3,3,CGTGTGACCTCAAGGCATGA,0,3308761
relBp,0.25,3,3,CGTGTACGCGCCTTGAAGTT,0,3268780
relBp,0.25,3,3,CGTGAGGGTGTCGGAGTGAA,0,3277786
relBp,0.25,3,3,CGTGAGCACGTCCGGGCGGC,0,3298691
relBp,0.25,3,3,CGTCTCCCGGGGTCGTTGCA,0,3305798
relBp,0.25,3,3,CGTCCATTCACATTTTCTTG,0,3258830
relBp,0.25,3,3,CGTACTATCAACTTCTGTAG,0,3290725
relBp,0.25,3,3,CGTACGCGGTGGTATCCCCA,0,3299879
relBp,0.25,3,3,CGTAACATAACTCGCGCTGT,0,3294761
relBp,0.25,3,3,CGGTACTTATGGCACTGCGG,0,3260144
relBp,0.25,3,3,CGGTACAGAGCTGCTGCCTA,0,3280864
relBp,0.25,3,3,CGGTAACAATTCGACCTAAT,0,3277556
relBp,0.25,3,3,CGGGTCCAAGGGAGGCCATG,0,3266901
relBp,0.25,3,3,CGGGTCAGGCTGTTCTTAGT,0,3256087
relBp,0.25,3,3,CGGGGAGCCCCCTGCTTTCC,0,3274454
relBp,0.25,3,3,CGGGATGTTGTACAACTCGT,0,3296309
relBp,0.25,3,3,CGGGAGCTCACCTGAGATGA,0,3280056
relBp,0.25,3,3,CGGGACGTGCTCACATCTCA,0,3298053
relBp,0.25,3,3,CGGGAAATCTACGTGTCCCG,0,3286499
relBp,0.25,3,3,CGGCTCGGCAGAAGTAGAAC,0,3269209
relBp,0.25,3,3,CGGCTCGAAGGGATGCAAAA,0,3307014
relBp,0.25,3,3,CGGCTATGGTTTGAGAGTAA,0,3273480
relBp,0.25,3,3,CGGCGTCGCAGCGCTGCGAT,0,3297579
relBp,0.25,3,3,CGGCGCTCACGAATTATGAA,0,3300311
relBp,0.25,3,3,CGGCGAGTTATATACGCGTT,0,3301697
relBp,0.25,3,3,CGGCGAAATCTTATCAGGCT,0,3283032
relBp,0.25,3,3,CGGCCCACTTTTTCGGGAAG,0,3291945
relBp,0.25,3,3,CGGCATCAGGTAGACGTGCA,0,3290749
relBp,0.25,3,3,CGGCAAAGTCTCTCTGACGA,0,3300946
relBp,0.25,3,3,CGGATTACTGCCCCAACATA,0,3281968
relBp,0.25,3,3,CGGATCGAAATCATTTGGAC,0,3295744
relBp,0.25,3,3,CGGAGCCACGGTACTCTCAA,0,3285514
relBp,0.25,3,3,CGGAATCGCTTCGCCTCGCC,0,3283566
relBp,0.25,3,3,CGCTGACCGTGCTTATCAAA,0,3269323
relBp,0.25,3,3,CGCTCACTGACAACGTTTGA,0,3257851
relBp,0.25,3,3,CGCTATAGTCTCCAAACCGA,0,3259672
relBp,0.25,3,3,CGCTAATTCCCGGTCGTGCG,0,3270147
relBp,0.25,3,3,CGCGCTGTATTTCCGATAAT,0,3299545
relBp,0.25,3,3,CGCGCGGTTCCATGTGGCGC,0,3289028
relBp,0.25,3,3,CGCCGTTCAGCATGTCGCAC,0,3289760
relBp,0.25,3,3,CGCCGGTGGGGAAGTGATCG,0,3269270
relBp,0.25,3,3,CGCCCTCCGGGTATTAATCA,0,3257342
relBp,0.25,3,3,CGCCCGCTACTCAGCTTGGT,0,3283619
relBp,0.25,3,3,CGCCACAAACGTGCATGAGT,0,3277459
relBp,0.25,3,3,CGCACTTCGAACGACCCCAA,0,3295879
relBp,0.25,3,3,CGCACCTACGAGGAGAAATC,0,3274436
relBp,0.25,3,3,CGCAACTTTATGGTATTAGT,0,3267620
relBp,0.25,3,3,CGATTTTTGTGTATGGTGCT,0,3260497
relBp,0.25,3,3,CGATTTTAACGACGGGAGAC,0,3266732
relBp,0.25,3,3,CGATTTGCGCTCTAAGTCAT,0,3298675
relBp,0.25,3,3,CGATCGTTGGCTAAAGTAGA,0,3282614
relBp,0.25,3,3,CGATACTATGTGTATACCCC,0,3270648
relBp,0.25,3,3,CGATAAGGTCTGTGCTGTGA,0,3293491
relBp,0.25,3,3,CGAGTAGAATTGCCCGGCCT,0,3277965
relBp,0.25,3,3,CGAGAAGTCCCTAATTTCGG,0,3260499
relBp,0.25,3,3,CGACTCTTGAGGTACATAGG,0,3303032
relBp,0.25,3,3,CGACTCCGGTTGTCGGCTAC,0,3288845
relBp,0.25,3,3,CGACGTGCAATATACCACTG,0,3261666
relBp,0.25,3,3,CGACGGGTTGACCTAGACCG,0,3268900
relBp,0.25,3,3,CGACCGGCACCACTCCCGTC,0,3297577
relBp,0.25,3,3,CGACCCTTCCTGGTCTCCCA,0,3279837
relBp,0.25,3,3,CGACATTACTAGGCTCGTCC,0,3306613
relBp,0.25,3,3,CGAAGAGCGGCAACTCCGTC,0,3301836
relBp,0.25,3,3,CGAACCTGGCCCCGGATAGC,0,3306799
relBp,0.25,3,3,CGAAACTGGCACAGCGTCTG,0,3291995
relBp,0.25,3,3,CCTTGAAAGTGCTTAAGTTG,0,3280438
relBp,0.25,3,3,CCTTCCCTATTCAGTGAGCA,0,3277221
relBp,0.25,3,3,CCTGTCCCGGTTGCTTTCGG,0,3296196
relBp,0.25,3,3,CCTCGGGTTGCATCCTGCTT,0,3256444
relBp,0.25,3,3,CCTCGCTGTAATTGATAGAA,0,3262186
relBp,0.25,3,3,CCTATCAAGGCCATAAGGCT,0,3257320
relBp,0.25,3,3,CCTAGGGCGACCGACGAAGC,0,3286249
relBp,0.25,3,3,CCTACTTCCGATTCGCGTTT,0,3298050
relBp,0.25,3,3,CCGTTGGCATGGAACGACGT,0,3258234
relBp,0.25,3,3,CCGTGTATTGGTACAAGCGA,0,3258167
relBp,0.25,3,3,CCGTGTATGTAAGTCACTCA,0,3299175
relBp,0.25,3,3,CCGTGCGAGATGTGCTTATA,0,3273115
relBp,0.25,3,3,CCGTCTCCCAGGCGTACCCA,0,3303318
relBp,0.25,3,3,CCGGTTACGGTAGTCACCGA,0,3295066
relBp,0.25,3,3,CCGGTATTGACATGCCTCGA,0,3287986
relBp,0.25,3,3,CCGGTAGGGCGACACTAGGA,0,3268160
relBp,0.25,3,3,CCGGGGAGTCCGCGAGCAAA,0,3265105
relBp,0.25,3,3,CCGGCGCGATTCGCTTAGGT,0,3287947
relBp,0.25,3,3,CCGGATCTGTTCGTTGCAAT,0,3285128
relBp,0.25,3,3,CCGGAGGTTTTCCGGCGCCC,0,3276290
relBp,0.25,3,3,CCGCTGCTCTTTACCGCGTA,0,3294961
relBp,0.25,3,3,CCGCTCCGATCCGTATTGTC,0,3282608
relBp,0.25,3,3,CCGCCGGCAAACGTCCACCT,0,3277277
relBp,0.25,3,3,CCGACCGAAGGTTTGAGATA,0,3274379
relBp,0.25,3,3,CCGACCCGAACCAATGTTTG,0,3269686
relBp,0.25,3,3,CCGAAGCATTCGTATGTGCA,0,3305657
relBp,0.25,3,3,CCCTATAGCTTGTTTTTTTG,0,3293841
relBp,0.25,3,3,CCCTAAGGCACAGTTACAAG,0,3267174
relBp,0.25,3,3,CCCGTCTGATTATATGAGTC,0,3304578
relBp,0.25,3,3,CCCGTAGGTACTCCCTCATA,0,3291518
relBp,0.25,3,3,CCCGGTGATACGGGTATGGG,0,3258861
relBp,0.25,3,3,CCCGCTATCTACGCAATCAG,0,3285982
relBp,0.25,3,3,CCCGCTATCGACTGGGAGTG,0,3263678
relBp,0.25,3,3,CCCCTATGTTTCTTCCTAAT,0,3299389
relBp,0.25,3,3,CCCCGCAGCTAGTTTCCCGA,0,3269104
relBp,0.25,3,3,CCCACGGAAGCAATGGGCCA,0,3287254
relBp,0.25,3,3,CCATTTGCTAACACATTTCA,0,3287410
relBp,0.25,3,3,CCATTGACTAGATGCACGAA,0,3273250
relBp,0.25,3,3,CCATTCTGCTGGTCTGATAG,0,3301734
relBp,0.25,3,3,CCATGTGGGGGTCGATCGAA,0,3292451
relBp,0.25,3,3,CCATGTAATAAAGACACCTT,0,3291483
relBp,0.25,3,3,CCATGGTGCGACTTCAGAGT,0,3269180
relBp,0.25,3,3,CCATGGAGAAATGTTTTAGG,0,3259368
relBp,0.25,3,3,CCATCGATGTGCGCCAGGAT,0,3266568
relBp,0.25,3,3,CCATCAGTAGTTATCTTGCT,0,3306176
relBp,0.25,3,3,CCAGGATCCGTTGGCTTAGT,0,3288605
relBp,0.25,3,3,CCAGCGTCTAACTGACACTT,0,3285626
relBp,0.25,3,3,CCAGAGCTGGTACCGTGAGG,0,3277254
relBp,0.25,3,3,CCAGAGCCCAATAGACAGTA,0,3272037
relBp,0.25,3,3,CCACTTGTAAAAATCCTATT,0,3265170
relBp,0.25,3,3,CCACTATACCCCTGCGCCTC,0,3266386
relBp,0.25,3,3,CCACGTCAATCAATTTAGGA,0,3299097
relBp,0.25,3,3,CCAATGTGTCCTGCCCCATA,0,3293190
relBp,0.25,3,3,CCAATGAGAACCTGACAGGT,0,3273215
relBp,0.25,3,3,CCAATAACAAAGATGAATTC,0,3284377
relBp,0.25,3,3,CCAAGCGAAGCCGAGATCAT,0,3272645
relBp,0.25,3,3,CCAAGATATCGGACGCAGTT,0,3261812
relBp,0.25,3,3,CCAACATTATAACCACCCGT,0,3283974
relBp,0.25,3,3,CATTTCCGTAGGTTATCCTA,0,3260897
relBp,0.25,3,3,CATTGGCTACCGCGGAGATG,0,3306000
relBp,0.25,3,3,CATTGGAAGATGTACGAGCC,0,3273438
relBp,0.25,3,3,CATTCAACCAGTGGTCATAA,0,3266944
relBp,0.25,3,3,CATTATAGTAATAAACGACA,0,3288102
relBp,0.25,3,3,CATGTTTAGGATTTTAAGGG,0,3285425
relBp,0.25,3,3,CATGGATTCGCGTCCCGACG,0,3301693
relBp,0.25,3,3,CATGCGTTGGGTTCTGTCAA,0,3296680
relBp,0.25,3,3,CATGAAGGCCGATATGGCAT,0,3287875
relBp,0.25,3,3,CATCGGCCCCAGCGATTATG,0,3298493
relBp,0.25,3,3,CATATCATAGCTATGTACGT,0,3289817
relBp,0.25,3,3,CATACGGCCGCATCTTGACA,0,3272840
relBp,0.25,3,3,CATACCTACTATATCTTTCC,0,3267519
relBp,0.25,3,3,CATAACCTACACGCTGCAAT,0,3261503
relBp,0.25,3,3,CAGTTGGAAGGCCGATGAAG,0,3275736
relBp,0.25,3,3,CAGTTATTACACCATCGGAG,0,3305403
relBp,0.25,3,3,CAGTCCCTGTTCGTATATGT,0,3292580
relBp,0.25,3,3,CAGGTAAAGCGCTATATCGC,0,3288700
relBp,0.25,3,3,CAGGGAGGTACTCAGTTGGG,0,3290090
relBp,0.25,3,3,CAGGACATCGAGATGTTTCG,0,3285518
relBp,0.25,3,3,CAGCTCGACCTTATTACGGA,0,3270310
relBp,0.25,3,3,CAGCGCTGATAAATCGTGCA,0,3266791
relBp,0.25,3,3,CAGCCGCAGGTGGTTAGGAT,0,3273992
relBp,0.25,3,3,CAGAATTGGGCTAATAGAGG,0,3276326
relBp,0.25,3,3,CAGAAATCAAGGTGAGTGGT,0,3306103
relBp,0.25,3,3,CACTGGTATAGAGTATTATG,0,3283950
relBp,0.25,3,3,CACTCGTATGATCGGGTCGC,0,3270128
relBp,0.25,3,3,CACTCCTTCCCAAGAAAGAC,0,3273182
relBp,0.25,3,3,CACTCATCCAGGAGTAGATA,0,3265944
relBp,0.25,3,3,CACTAATACAGCAGCGAGCG,0,3273255
relBp,0.25,3,3,CACGCCACAATGTCGTGATT,0,3259343
relBp,0.25,3,3,CACGATGACTTATATGAATT,0,3269901
relBp,0.25,3,3,CACCGACTGTTACTTTAGAA,0,3273837
relBp,0.25,3,3,CACCCCAGGTAACAAGTGGG,0,3283916
relBp,0.25,3,3,CACCATTGCACTGGTTGGCC,0,3293905
relBp,0.25,3,3,CACCATCGGGCATACCCTCT,0,3294723
relBp,0.25,3,3,CACATATGTGCAATTACCTG,0,3284194
relBp,0.25,3,3,CACACTGTTTTCCCTCTTTC,0,3304594
relBp,0.25,3,3,CACACTAACTAGACTCGTTA,0,3303974
relBp,0.25,3,3,CACACAAGGTCTTCGATCAT,0,3279944
relBp,0.25,3,3,CACAAGCGCTGGCCGGTTCT,0,3281937
relBp,0.25,3,3,CAATTTGGAGTCAGCCGTCA,0,3266566
relBp,0.25,3,3,CAATGTGGTTGGTCCGGCTA,0,3262916
relBp,0.25,3,3,CAATGGACTTCCCAGACAGC,0,3298557
relBp,0.25,3,3,CAATGCGTACGAGAGAGGAC,0,3299838
relBp,0.25,3,3,CAATCTATGCGTTGCCGGGG,0,3272047
relBp,0.25,3,3,CAATATCCGTTAAGACGGAT,0,3292431
relBp,0.25,3,3,CAAGTTGTCCTCTTAATCCT,0,3261957
relBp,0.25,3,3,CAAGTTCCTGAGGAAGAAGC,0,3294227
relBp,0.25,3,3,CAAGTGGGTACAACCCCTCC,0,3264850
relBp,0.25,3,3,CAAGGTCAAGCCTTTACTTA,0,3269016
relBp,0.25,3,3,CAAGGGTTAACATACGAACC,0,3288694
relBp,0.25,3,3,CAAGGCATGCTAATCCTACC,0,3271518
relBp,0.25,3,3,CAAGACCCGAAAATCGATTT,0,3263771
relBp,0.25,3,3,CAACTGTATACTGTCCAAGC,0,3269644
relBp,0.25,3,3,CAACCGTTAGAACAAGACTA,0,3256861
relBp,0.25,3,3,CAACCAGCTTGCTTACCTCC,0,3276303
relBp,0.25,3,3,CAACAACAAATTGTCTTGAT,0,3306437
relBp,0.25,3,3,CAAACTGTGGAATAGCGCGA,0,3285953
relBp,0.25,3,3,CAAACACGAGAGTGTTGTTG,0,3292275
relBp,0.25,3,3,CAAAAGAAGCGCCTCACATA,0,3295013
relBp,0.25,3,3,ATTTTGGTTCGTTAGGTTCT,0,3308019
relBp,0.25,3,3,ATTTGTGGCTTTCCCTGTCC,0,3261963
relBp,0.25,3,3,ATTTGCTGGGTCGTTCGAGC,0,3278118
relBp,0.25,3,3,ATTTCTGAATTTACATCGTT,0,3264975
relBp,0.25,3,3,ATTTCAATACCGTTCCAATG,0,3292800
relBp,0.25,3,3,ATTGCACTGGCGAATGCGGA,0,3260898
relBp,0.25,3,3,ATTGCAAAATTCGCCGTAAT,0,3270182
relBp,0.25,3,3,ATTGAAACGAAAGGAGTGTT,0,3291953
relBp,0.25,3,3,ATTCTAGTGGACAGTGATGT,0,3276775
relBp,0.25,3,3,ATTCGGTTGCAGTTGCATAT,0,3263882
relBp,0.25,3,3,ATTCCCACGCAACTGCTCAG,0,3281003
relBp,0.25,3,3,ATTCAACGCTCCACGGGATA,0,3303945
relBp,0.25,3,3,ATTCAACCATACTCACAGTG,0,3301523
relBp,0.25,3,3,ATTCAAAGCCGTCATTGATC,0,3301721
relBp,0.25,3,3,ATTATCCTTCCCCTAATCGT,0,3308477
relBp,0.25,3,3,ATTAAGTGAATACCGAATAC,0,3269981
relBp,0.25,3,3,ATTAACTCCCTCAATTTGTC,0,3258664
relBp,0.25,3,3,ATTAACGAGAAAAGTCTTTT,0,3293365
relBp,0.25,3,3,ATTAACAGTTTGGGGCGGGC,0,3302314
relBp,0.25,3,3,ATGTTTCGGAGCCTCTACGT,0,3265917
relBp,0.25,3,3,ATGTTCTCCGTGGTGAGAAG,0,3265026
relBp,0.25,3,3,ATGTGGTGACTGGTGCCTGT,0,3260048
relBp,0.25,3,3,ATGTGGTCTATCAGTTGTAT,0,3289194
relBp,0.25,3,3,ATGTGAGTGCCCCGTCATCT,0,3279022
relBp,0.25,3,3,ATGTATAGAGGAAAGTCCGT,0,3282213
relBp,0.25,3,3,ATGGGTGGACAGCGCTTATC,0,3294858
relBp,0.25,3,3,ATGGCCGGTCGTTCACTGAA,0,3295076
relBp,0.25,3,3,ATGGCCAAGTGCGTTACGGA,0,3257513
relBp,0.25,3,3,ATGGCACCTGTGTTTTCGCG,0,3271267
relBp,0.25,3,3,ATGGCAAACCCGACTTTAAT,0,3291798
relBp,0.25,3,3,ATGGACTTGAGTTGTATGCG,0,3268558
relBp,0.25,3,3,ATGCTTATGGCCGTCGAAGT,0,3289408
relBp,0.25,3,3,ATGCTCGATGCCATGCTACT,0,3266960
relBp,0.25,3,3,ATGCCGTTTCGTTAATCAGC,0,3258367
relBp,0.25,3,3,ATGCCACCACTAGGAATCCT,0,3278343
relBp,0.25,3,3,ATGCAACTTATTTTTACCAA,0,3286828
relBp,0.25,3,3,ATGATCAAGTGGTTTTCTGC,0,3264209
relBp,0.25,3,3,ATGAGTCCTTGCGCCAGGGC,0,3291760
relBp,0.25,3,3,ATGAGGCGATTCCTGGGATA,0,3285388
relBp,0.25,3,3,ATGACGACTCCCTTGCGATA,0,3280308
relBp,0.25,3,3,ATGACCGGATTTATTGGTAT,0,3304774
relBp,0.25,3,3,ATGAAGTCCAACAACTAAGC,0,3278382
relBp,0.25,3,3,ATGAACGTCTAGGCGGCCAG,0,3259522
relBp,0.25,3,3,ATGAACGTCTAACCGACCAC,0,3301667
relBp,0.25,3,3,ATCTTATCTAAGCCTCCACG,0,3262872
relBp,0.25,3,3,ATCGTCGCGAGGGGAAAGAG,0,3303963
relBp,0.25,3,3,ATCGTCACATGGTGATTTGG,0,3274091
relBp,0.25,3,3,ATCGTATAAAAGACGAGTCC,0,3301072
relBp,0.25,3,3,ATCGGAGTTGTTCACGGAAG,0,3300601
relBp,0.25,3,3,ATCGCTATCATGGAGCGTAG,0,3302754
relBp,0.25,3,3,ATCGCCGGGTGGGAAAAGGA,0,3297575
relBp,0.25,3,3,ATCGCCCCAGTTCCCCAATG,0,3288492
relBp,0.25,3,3,ATCGACTGCAGCTACAGCCT,0,3280039
relBp,0.25,3,3,ATCCTGATCACTATATGGTG,0,3277956
relBp,0.25,3,3,ATCCGATTTACCTGAGTTCC,0,3281549
relBp,0.25,3,3,ATCCATTGTCACGGCGGCGC,0,3260352
relBp,0.25,3,3,ATCATGGAAAGTACCGGACT,0,3290463
relBp,0.25,3,3,ATCACTCGATATCCTTCGTG,0,3299068
relBp,0.25,3,3,ATCAATGGGGACGTGTGTCA,0,3261905
relBp,0.25,3,3,ATCAACCTCTTCCTCGGACT,0,3277833
relBp,0.25,3,3,ATCAAAGATTTAGTCAGTAG,0,3279380
relBp,0.25,3,3,ATATGAGCCAATCGGTAGGT,0,3271548
relBp,0.25,3,3,ATATGACCTCGAGCAGCCCT,0,3278345
relBp,0.25,3,3,ATATCATTGCATGATCGTTT,0,3278008
relBp,0.25,3,3,ATATCAGCTGTATCTAATGC,0,3273598
relBp,0.25,3,3,ATATAGCGCCAGTGTTATTT,0,3281877
relBp,0.25,3,3,ATAGTCTTTGAGAAACTTGC,0,3288416
relBp,0.25,3,3,ATAGTAGCCATTTAGATTGA,0,3295621
relBp,0.25,3,3,ATAGACCATAGAAGCGAAAA,0,3263306
relBp,0.25,3,3,ATAGACAAGGATAACCTACC,0,3284955
relBp,0.25,3,3,ATACTCGATTCCCCTGATTC,0,3259191
relBp,0.25,3,3,ATACGCGTGCGTCCAAGATT,0,3279382
relBp,0.25,3,3,ATACCAGACCTCTGGTTTTT,0,3296810
relBp,0.25,3,3,ATACAGTCCTGAAGTTCAAT,0,3265209
relBp,0.25,3,3,ATAATCCCGGCGTTAAGTAA,0,3296877
relBp,0.25,3,3,ATAAGCCCACGCCCCTGTAC,0,3275811
relBp,0.25,3,3,ATAACACGGTATGAAATGGG,0,3271739
relBp,0.25,3,3,ATAAAGATACGTGCATAAAT,0,3300633
relBp,0.25,3,3,AGTTTTACCTCCGCTATAAG,0,3307903
relBp,0.25,3,3,AGTTTGCCAGGAGCCCCATA,0,3267578
relBp,0.25,3,3,AGTTCAGTATGGTCTTGTGG,0,3299217
relBp,0.25,3,3,AGTTAAAGAGAGTCCGCTAG,0,3290461
relBp,0.25,3,3,AGTGTAAATTCTTCGAACTC,0,3264663
relBp,0.25,3,3,AGTGCATATGATGTTCTTGT,0,3262917
relBp,0.25,3,3,AGTGACTGGATAATGAAGAC,0,3295904
relBp,0.25,3,3,AGTGAACGATTCCCTTATCG,0,3284522
relBp,0.25,3,3,AGTCTATATTCGTCCCAGAA,0,3290347
relBp,0.25,3,3,AGTCGTTTAATCTAGATTGC,0,3271374
relBp,0.25,3,3,AGTCGGTTGTGAGGTACGTA,0,3265393
relBp,0.25,3,3,AGTCATTCGAGACATGTCTC,0,3277212
relBp,0.25,3,3,AGTCATTATATGGACCCGTG,0,3265226
relBp,0.25,3,3,AGTCACTCAGGTGGATACCG,0,3294503
relBp,0.25,3,3,AGTAGGAGACATACGCTGAA,0,3300285
relBp,0.25,3,3,AGTACGGTTTGATTCAATAA,0,3259878
relBp,0.25,3,3,AGGTTTCGGTAATTTGAGAA,0,3306801
relBp,0.25,3,3,AGGTCTGATTAGGCTTTGCT,0,3264904
relBp,0.25,3,3,AGGTCCACTTGTATTTTCGC,0,3260442
relBp,0.25,3,3,AGGTCAGAATTCGGCCGCAT,0,3302757
relBp,0.25,3,3,AGGTATACTGGATCCCGTTA,0,3283024
relBp,0.25,3,3,AGGGGGGTAGAACATTTTGA,0,3269710
relBp,0.25,3,3,AGGGCGGGCCTAGATGCGAC,0,3285754
relBp,0.25,3,3,AGGGAACAAAGGCCCGACGC,0,3270416
relBp,0.25,3,3,AGGCCCAGAGCTATCTAATG,0,3262852
relBp,0.25,3,3,AGGCCAGTCGAATATGGAGA,0,3290278
relBp,0.25,3,3,AGGCATGAGGAAACAAATAA,0,3261471
relBp,0.25,3,3,AGGCATAGGCCACTGGGGAA,0,3304665
relBp,0.25,3,3,AGGATGCTTTCCACTGGCCT,0,3279179
relBp,0.25,3,3,AGGACTTATGGACCGCCCGT,0,3296414
relBp,0.25,3,3,AGGAATCATTTGCCTAACTT,0,3282143
relBp,0.25,3,3,AGCTGTAGATCTGTACAATG,0,3292707
relBp,0.25,3,3,AGCTGGTAGAAGCGTAATTC,0,3287612
relBp,0.25,3,3,AGCTGCCTGACACTTGCACT,0,3258855
relBp,0.25,3,3,AGCTGATCGGTATGCAAAGG,0,3280297
relBp,0.25,3,3,AGCTCTTAACGGAGAAGCAT,0,3263136
relBp,0.25,3,3,AGCTCTGGACCAGTTACGGT,0,3262893
relBp,0.25,3,3,AGCGCTGCTGAATTACTTAC,0,3278758
relBp,0.25,3,3,AGCGCCGCTTGATATAGACG,0,3265862
relBp,0.25,3,3,AGCGATTTAAATATGACCGT,0,3296949
relBp,0.25,3,3,AGCGACCTGGGATCAAATGG,0,3261269
relBp,0.25,3,3,AGCGACATGGGGCGACGACT,0,3303218
relBp,0.25,3,3,AGCGAACCCCGACCCATATC,0,3279641
relBp,0.25,3,3,AGCCTTCGGGTGATACGCTT,0,3282062
relBp,0.25,3,3,AGCCGGCGTAACTGTCTTAC,0,3298135
relBp,0.25,3,3,AGCCCGTTTACATGAGTTGA,0,3276014
relBp,0.25,3,3,AGCATCACCGATCTTTCCAT,0,3290033
relBp,0.25,3,3,AGCAATGGAAACGCCGTGTA,0,3266586
relBp,0.25,3,3,AGATGGCGGAGCGCAAATGC,0,3269231
relBp,0.25,3,3,AGATCTTCTCATCGGGGGGT,0,3307134
relBp,0.25,3,3,AGATCTGTAACCGAAAACTT,0,3307501
relBp,0.25,3,3,AGATAGACACACTTGAAGGC,0,3278900
relBp,0.25,3,3,AGAGTGACTGTAACGATGGT,0,3295108
relBp,0.25,3,3,AGAGTATCGTATTGGGTCAG,0,3293123
relBp,0.25,3,3,AGAGTATACTGGGGCAATAG,0,3286335
relBp,0.25,3,3,AGAGGTCTCCGAGCTGGGAT,0,3259174
relBp,0.25,3,3,AGAGCGCCAATCGCAGACGG,0,3260736
relBp,0.25,3,3,AGAGCCTGAGGGTCTCGACG,0,3293801
relBp,0.25,3,3,AGAGCCCTCCAAAGTAATCG,0,3278090
relBp,0.25,3,3,AGACGTAGCCCACGTTCGCA,0,3269628
relBp,0.25,3,3,AGACGCAAAACTCTTATACA,0,3290526
relBp,0.25,3,3,AGACCCATCCCTTGAGGCAG,0,3260164
relBp,0.25,3,3,AGAAGGTTTCTCCAGAGTAT,0,3307223
relBp,0.25,3,3,AGAAGGCAAGGCAAGCACGC,0,3274658
relBp,0.25,3,3,AGAACTATAGAATTGAATGT,0,3283296
relBp,0.25,3,3,ACTTTTTTACAAACAGGGGA,0,3297462
relBp,0.25,3,3,ACTTGGCGCGCCGGGTAATG,0,3279593
relBp,0.25,3,3,ACTTGAAGGCGGGGAGATCA,0,3297846
relBp,0.25,3,3,ACTTCTAAATGCGAGCGTCC,0,3290747
relBp,0.25,3,3,ACTGGTACTCCCTCTAGCTA,0,3269470
relBp,0.25,3,3,ACTGGCCATTACGTCCTGCG,0,3256229
relBp,0.25,3,3,ACTGGCATGTGCAAAAGTCC,0,3264638
relBp,0.25,3,3,ACTGGCAGTGGCGCATCAGT,0,3261516
relBp,0.25,3,3,ACTGCTTTGCCAAACATATC,0,3263604
relBp,0.25,3,3,ACTCTTATAGAAGCATTATC,0,3306998
relBp,0.25,3,3,ACTCTACGTGGGCGGCCTCA,0,3258933
relBp,0.25,3,3,ACTCGCACTTGTAGGTGGTG,0,3267021
relBp,0.25,3,3,ACTCAGGAGATTCTATGTGT,0,3304370
relBp,0.25,3,3,ACTCACCGTGGGATGCCTTT,0,3263582
relBp,0.25,3,3,ACTAGATACAATTGCCCAGC,0,3301725
relBp,0.25,3,3,ACGTTACCGGAGATCGTTTA,0,3283008
relBp,0.25,3,3,ACGTCATTCTGGAAAACGGA,0,3265617
relBp,0.25,3,3,ACGTATCCGCGGAATCTGGC,0,3285952
relBp,0.25,3,3,ACGGTGCTACCATGGTTAAA,0,3283272
relBp,0.25,3,3,ACGGTATGCTTCAACCATAT,0,3290369
relBp,0.25,3,3,ACGGGTAATGGCGTTGCCAT,0,3305153
relBp,0.25,3,3,ACGGGCGGACTGGCGCGATG,0,3290819
relBp,0.25,3,3,ACGCTGCGTGGTTTATGTTC,0,3263157
relBp,0.25,3,3,ACGCGGTCTGTGATGGGCTC,0,3301002
relBp,0.25,3,3,ACGCGGCTGAGTCTGGTGTG,0,3285617
relBp,0.25,3,3,ACGATTACGTGAATACTCAA,0,3287567
relBp,0.25,3,3,ACGATGCTACAGTCTACATT,0,3269956
relBp,0.25,3,3,ACGAGTGTCGGCATCGGGGC,0,3256078
relBp,0.25,3,3,ACGAGTGCTACGCTCGGCCG,0,3279575
relBp,0.25,3,3,ACGACGGCGGATAGTGAGAT,0,3284952
relBp,0.25,3,3,ACGACGAATGTTATTCCCGT,0,3266967
relBp,0.25,3,3,ACGAATTTTCTGTATCCGAA,0,3259244
relBp,0.25,3,3,ACGAACAGCGTAACGAAGCA,0,3299884
relBp,0.25,3,3,ACCTGATACCAAATCTACTA,0,3297272
relBp,0.25,3,3,ACCTAGTCTCCTCTGCCCAT,0,3269912
relBp,0.25,3,3,ACCGGGCGGCTGGTTTCGCC,0,3261576
relBp,0.25,3,3,ACCGCTAGGTTAATGTAGAA,0,3288127
relBp,0.25,3,3,ACCGCGTACACGACAGCTAT,0,3297411
relBp,0.25,3,3,ACCGCACGGTCTATGTGGAG,0,3279736
relBp,0.25,3,3,ACCGACCTAGTGAGACAAAA,0,3257379
relBp,0.25,3,3,ACCCTCTCGCTGTTCTTAGA,0,3305027
relBp,0.25,3,3,ACCCTCGGGTATTGTTACCA,0,3274725
relBp,0.25,3,3,ACCCTCACCGGGCATAGATA,0,3292666
relBp,0.25,3,3,ACCCGTGAGAGAGTGTCAGG,0,3299576
relBp,0.25,3,3,ACCCGTAACACGAGATGGAA,0,3286425
relBp,0.25,3,3,ACCCAGAGCGAAACGGAAGA,0,3299489
relBp,0.25,3,3,ACCATGTAAGTGGTGTAGAT,0,3303074
relBp,0.25,3,3,ACCATCCTCATAAGGGACTT,0,3275160
relBp,0.25,3,3,ACCAGCCCGACCCACTGAGC,0,3277306
relBp,0.25,3,3,ACCAATTAGGATTGCATGAG,0,3270605
relBp,0.25,3,3,ACCAAGAAGCAGTCATTGTC,0,3297680
relBp,0.25,3,3,ACATGTGACGACTGCCGTAG,0,3298570
relBp,0.25,3,3,ACATCTTCGAATACCTGCAG,0,3302196
relBp,0.25,3,3,ACAGTCAGATACAGAGGCTT,0,3293400
relBp,0.25,3,3,ACAGTAGGTTCCTTTTAAAC,0,3296606
relBp,0.25,3,3,ACAGCGCTTCTTGGGTCTAA,0,3270188
relBp,0.25,3,3,ACAGCACTCATATGGGGGAC,0,3299918
relBp,0.25,3,3,ACACGCTAGAGCTATCACCA,0,3279211
relBp,0.25,3,3,ACACCACGCACATCCAAACT,0,3286692
relBp,0.25,3,3,ACACACAGAGGTATTGACAT,0,3293635
relBp,0.25,3,3,ACAAGTGCACGTCTTAAGGC,0,3297785
relBp,0.25,3,3,ACAAGAGGGAGTATGGGGGA,0,3286119
relBp,0.25,3,3,ACAAATGTCTCGCGGTGCGG,0,3268247
relBp,0.25,3,3,ACAAACGATCATCTCGTTTC,0,3276187
relBp,0.25,3,3,AATTTTCAGCAATCGGCATT,0,3266849
relBp,0.25,3,3,AATTGGGTTTCTCTCCGGCG,0,3296966
relBp,0.25,3,3,AATTGGCGCGAACCCAGGTA,0,3286836
relBp,0.25,3,3,AATTGCGCAATGGCTGCCCT,0,3276884
relBp,0.25,3,3,AATTCCGTCCGTGCAGCCAT,0,3283622
relBp,0.25,3,3,AATTCATTGCCTGGAACCGG,0,3270979
relBp,0.25,3,3,AATTATGCGCCTAATATGCA,0,3277146
relBp,0.25,3,3,AATTAGAAAGCTCTCAGCTC,0,3258714
relBp,0.25,3,3,AATTAAGGAGGGCACGATTT,0,3280970
relBp,0.25,3,3,AATGTCATTCTCTAGCGTTG,0,3288428
relBp,0.25,3,3,AATGTATGATTATGTGCTTG,0,3308411
relBp,0.25,3,3,AATGGGTAGTGAGGAAACCT,0,3301682
relBp,0.25,3,3,AATGGCTCGCTTTTGAGTGG,0,3276478
relBp,0.25,3,3,AATGCTATGGCTGTAGTAGC,0,3288233
relBp,0.25,3,3,AATGCGCAATTCAATTTAAA,0,3288983
relBp,0.25,3,3,AATGCAATAACGGTGAAGTG,0,3287817
relBp,0.25,3,3,AATGCAACTTTCCCGCCCAG,0,3275824
relBp,0.25,3,3,AATGACGTGAGAAACTCCCG,0,3307965
relBp,0.25,3,3,AATCTCGCGCGGTGCTGGCA,0,3262672
relBp,0.25,3,3,AATCGGCACATGGCCGCTGC,0,3299871
relBp,0.25,3,3,AATCAGGTGTTAATTTCATG,0,3280784
relBp,0.25,3,3,AATCAAAGAGTCTCGACTTT,0,3297342
relBp,0.25,3,3,AATATTGATGACCCGGTATA,0,3289129
relBp,0.25,3,3,AATACTATAGCGCCACGGAG,0,3280346
relBp,0.25,3,3,AAGTTTTCCTTAAACAGCAA,0,3264017
relBp,0.25,3,3,AAGTTGTCGCCGGCTTACAT,0,3299488
relBp,0.25,3,3,AAGTTCTAGGCAACGCTTTG,0,3268607
relBp,0.25,3,3,AAGTGCCGAAAGGTACCAGC,0,3256764
relBp,0.25,3,3,AAGTGATACAACTGTAACTT,0,3270514
relBp,0.25,3,3,AAGTCTTTCCTCGGAACCCT,0,3299158
relBp,0.25,3,3,AAGTATGTGTTCACCGCTTC,0,3266565
relBp,0.25,3,3,AAGTATATATGTTGTAAATC,0,3258945
relBp,0.25,3,3,AAGGTTGATTCGCCCCCTAG,0,3298538
relBp,0.25,3,3,AAGGGTCAGTGATGGTACCC,0,3257550
relBp,0.25,3,3,AAGGGGGTTTCCGGGGCACT,0,3264133
relBp,0.25,3,3,AAGGGGGCGTTGTAGCATCA,0,3289659
relBp,0.25,3,3,AAGGCCGCTGACAGCTTGTT,0,3259789
relBp,0.25,3,3,AAGGCCCGCTCGTCGCTACC,0,3284189
relBp,0.25,3,3,AAGGCATTGACGAGCGTGGC,0,3289364
relBp,0.25,3,3,AAGGCAGCTATTCTATGTCT,0,3264337
relBp,0.25,3,3,AAGGATCCATAATTTGCTTA,0,3268076
relBp,0.25,3,3,AAGCTTTGCCTACGAACGGT,0,3284000
relBp,0.25,3,3,AAGCTAGAGAGACATCTTTA,0,3277743
relBp,0.25,3,3,AACTTTTACGATTTCAGAGT,0,3290351
relBp,0.25,3,3,AACTTCTCACGCCGGTGTTC,0,3288128
relBp,0.25,3,3,AACTGAGGGTTCCGAAGACA,0,3281612
relBp,0.25,3,3,AACTCTCATTCAAAATCTGT,0,3290887
relBp,0.25,3,3,AACTCCTTTGTCCATGCTTT,0,3262092
relBp,0.25,3,3,AACTATGTGAGACAAATGGT,0,3304970
relBp,0.25,3,3,AACTACGGTAAAGACCCCGC,0,3294354
relBp,0.25,3,3,AACGTGAAAGATCAAACTGT,0,3285992
relBp,0.25,3,3,AACGTCTTGTCGGCGCTCTT,0,3265737
relBp,0.25,3,3,AACGGAGGTTATCGGTGTCC,0,3273671
relBp,0.25,3,3,AACGCGTGGTTCACCAATGG,0,3288007
relBp,0.25,3,3,AACGCGGCTGGTCGCAAACC,0,3277799
relBp,0.25,3,3,AACCACCTCAATCTGCTTAC,0,3284367
relBp,0.25,3,3,AACATTTCTGCAATCAACCT,0,3272500
relBp,0.25,3,3,AACATGTGTCTGGCTGATCA,0,3273257
relBp,0.25,3,3,AACATCAAATGGAGACACGG,0,3294955
relBp,0.25,3,3,AACAGAATGCTCACCGGACC,0,3279760
relBp,0.25,3,3,AACACACGAGTTGGAGTGGC,0,3299854
relBp,0.25,3,3,AACAATCGGTAGTTGAACGA,0,3301728
relBp,0.25,3,3,AACAAATTTCTTCTAGGCTT,0,3289730
relBp,0.25,3,3,AAATTTCTTTTTAAGGGTCT,0,3308288
relBp,0.25,3,3,AAATTGTGCGACCCGAGTCT,0,3265242
relBp,0.25,3,3,AAATGCGCCCGAGGCAGGGA,0,3259435
relBp,0.25,3,3,AAATCGGAGTCTAGCTCGGT,0,3296821
relBp,0.25,3,3,AAATAAGGCGAGGGATCAAG,0,3258728
relBp,0.25,3,3,AAAGGTTTAATTGGATCTTA,0,3286228
relBp,0.25,3,3,AAAGGCTGGTAGGCCTCCTT,0,3273665
relBp,0.25,3,3,AAAGGATCGAGCTTCGTCCT,0,3261514
relBp,0.25,3,3,AAAGATTCAGACGTGGGAGG,0,3286115
relBp,0.25,3,3,AAACTTTTGGCGCGTTAAGA,0,3307145
relBp,0.25,3,3,AAACTATACTTTGAGGTGTT,0,3256704
relBp,0.25,3,3,AAACCTGGGATCGTCACCCA,0,3300501
relBp,0.25,3,3,AAACATGCAGCTGTTGTGTC,0,3276881
relBp,0.25,3,3,AAAATTCTGGGTATGGACGG,0,3272718
relBp,0.25,3,3,AAAATCGCTCATCTCGACAT,0,3268534
relBp,0.3333333333333333,2,2,TTTTTTCCAAGCTTTGCGGC,0,3277519
relBp,0.3333333333333333,2,2,TTTTTTCAGGACGGGGACAT,0,3291795
relBp,0.3333333333333333,2,2,TTTTGTTCACGATTCTAAAG,0,3296945
relBp,0.3333333333333333,2,2,TTTTGTGGTGGTGGGCCGAC,0,3290381
relBp,0.3333333333333333,2,2,TTTTGGTCGTGTTTAAGCTG,0,3261018
relBp,0.3333333333333333,2,2,TTTTGGACACTTATGCGCGT,0,3289932
relBp,0.3333333333333333,2,2,TTTTACGGAGGGCTAATTGC,0,3283113
relBp,0.3333333333333333,2,2,TTTTACCGAAAACGACGAGT,0,3303935
relBp,0.3333333333333333,2,2,TTTTACCCACTGAGAGAAAT,0,3276776
relBp,0.3333333333333333,2,2,TTTGTTAGCTTTGAACTCAG,0,3283593
relBp,0.3333333333333333,2,2,TTTGGCCTCAAAACTTGAAT,0,3303597
relBp,0.3333333333333333,2,2,TTTGGCCCTGCTATGATTTT,0,3261240
relBp,0.3333333333333333,2,2,TTTGGCATCATATACAATTA,0,3292700
relBp,0.3333333333333333,2,2,TTTGAGAGGATGGCCTCTCG,0,3292971
relBp,0.3333333333333333,2,2,TTTGACTCCTCGGAGGATTC,0,3261099
relBp,0.3333333333333333,2,2,TTTCGTAAAGCGGCTATGGC,0,3263896
relBp,0.3333333333333333,2,2,TTTCGCCGCACGTACGTTAA,0,3278336
relBp,0.3333333333333333,2,2,TTTCAGGCTGGTTTCTATCC,0,3262478
relBp,0.3333333333333333,2,2,TTTCAAAGATAGGGTAGTCT,0,3305739
relBp,0.3333333333333333,2,2,TTTATTACGTGTGTCCTCGT,0,3259154
relBp,0.3333333333333333,2,2,TTTATGTCCTCTATCATCAC,0,3268875
relBp,0.3333333333333333,2,2,TTTATGCCCAAGCCTGTGAA,0,3268867
relBp,0.3333333333333333,2,2,TTTAGCTTAATTACAAAGGC,0,3288841
relBp,0.3333333333333333,2,2,TTTAGATTTGTTGGGAAAGG,0,3273777
relBp,0.3333333333333333,2,2,TTTACGCGCACTCTCCGTAG,0,3261921
relBp,0.3333333333333333,2,2,TTTACCTGCCGTTTCAGGCC,0,3281179
relBp,0.3333333333333333,2,2,TTTACAAAAGTAACGATGAA,0,3296608
relBp,0.3333333333333333,2,2,TTTAACCACGTGACGCCTAA,0,3292777
relBp,0.3333333333333333,2,2,TTTAAACGTCAGCAGTGTCC,0,3292687
relBp,0.3333333333333333,2,2,TTGTTGCGGAGTGGATAACC,0,3276104
relBp,0.3333333333333333,2,2,TTGTCTGGCCCCGGCCCGTC,0,3259748
relBp,0.3333333333333333,2,2,TTGTCGTCTTGTCATCCGGG,0,3262721
relBp,0.3333333333333333,2,2,TTGTAGTGGTGGTCCGGTTT,0,3272087
relBp,0.3333333333333333,2,2,TTGTAGGTGGTTTCGGCCCC,0,3294005
relBp,0.3333333333333333,2,2,TTGGTGAAGCCGGGGGAAGG,0,3305041
relBp,0.3333333333333333,2,2,TTGGGTGGACATAGGCTTTC,0,3278677
relBp,0.3333333333333333,2,2,TTGGGGATAACAACTGAATG,0,3275174
relBp,0.3333333333333333,2,2,TTGGGAAACGCAACCCAAAT,0,3265307
relBp,0.3333333333333333,2,2,TTGGATCGCAGTAATAAAGC,0,3256981
relBp,0.3333333333333333,2,2,TTGGAAAGCGCATCGGGAGG,0,3299596
relBp,0.3333333333333333,2,2,TTGCTGCCGAAGGAAGCAAA,0,3267188
relBp,0.3333333333333333,2,2,TTGCTATGCGTCGGGGTCCT,0,3297918
relBp,0.3333333333333333,2,2,TTGCTATGACATACACCGTC,0,3269142
relBp,0.3333333333333333,2,2,TTGCGAGATGACTCTTGCTT,0,3283770
relBp,0.3333333333333333,2,2,TTGCGACTAAGTGCAGGCTT,0,3267776
relBp,0.3333333333333333,2,2,TTGCCAGTGGGATGTTGGAG,0,3264232
relBp,0.3333333333333333,2,2,TTGATGTGCTTAATCTTAAT,0,3280666
relBp,0.3333333333333333,2,2,TTGACTGTAACCCATAACGA,0,3265342
relBp,0.3333333333333333,2,2,TTGAAAATCCCATTTGAGTC,0,3259316
relBp,0.3333333333333333,2,2,TTCTTTGGGAATTGGCAGCT,0,3271781
relBp,0.3333333333333333,2,2,TTCTATACCGCTCGGCAGAC,0,3258317
relBp,0.3333333333333333,2,2,TTCTAGCATACGGCCTCTAC,0,3294405
relBp,0.3333333333333333,2,2,TTCTAATGTTGATTTGTGTT,0,3306227
relBp,0.3333333333333333,2,2,TTCGTACGCTCACCAGCTCT,0,3257064
relBp,0.3333333333333333,2,2,TTCGGTCTGCGAAAGATATT,0,3264621
relBp,0.3333333333333333,2,2,TTCGCCTACAGGATCCTCGG,0,3256439
relBp,0.3333333333333333,2,2,TTCGCCATCCACTCGCGACA,0,3290319
relBp,0.3333333333333333,2,2,TTCGACGGCCGCTCCTCGTC,0,3300326
relBp,0.3333333333333333,2,2,TTCGACGCTGGACTCATCAT,0,3294831
relBp,0.3333333333333333,2,2,TTCGACGAAGCTGGCCCGAC,0,3272493
relBp,0.3333333333333333,2,2,TTCCCTGACGACCCGTTAAA,0,3295996
relBp,0.3333333333333333,2,2,TTCCCGTGTGGGCAGTGCTT,0,3256750
relBp,0.3333333333333333,2,2,TTCCCCCCAAATATCTGTAA,0,3297008
relBp,0.3333333333333333,2,2,TTCCATTCCGGGAAGGGGGG,0,3293911
relBp,0.3333333333333333,2,2,TTCCACCCTCAAAGCTGTCG,0,3268614
relBp,0.3333333333333333,2,2,TTCATGTCTCCGTCAAGATA,0,3291429
relBp,0.3333333333333333,2,2,TTCATATGGGACGATGCGGG,0,3265472
relBp,0.3333333333333333,2,2,TTCAGCTTACACCAGGCGTC,0,3287485
relBp,0.3333333333333333,2,2,TTCACTCATTTCTACTCCAT,0,3291855
relBp,0.3333333333333333,2,2,TTATTATTGCTACATAGTGT,0,3281662
relBp,0.3333333333333333,2,2,TTAGGGCTCTACCCTGCTAC,0,3280917
relBp,0.3333333333333333,2,2,TTAGGGAAGGTATGACGCAG,0,3272844
relBp,0.3333333333333333,2,2,TTAGCGTTGCCATGTGACAA,0,3270799
relBp,0.3333333333333333,2,2,TTACTTAATGTGTCTAAGTC,0,3260453
relBp,0.3333333333333333,2,2,TTACTCGATCCCGCATTCGC,0,3258965
relBp,0.3333333333333333,2,2,TTACTATTAAAGTGAAGTAG,0,3305178
relBp,0.3333333333333333,2,2,TTACGTTCGGCGTAGAGTGT,0,3265480
relBp,0.3333333333333333,2,2,TTACGAGATGACCCACATTA,0,3296558
relBp,0.3333333333333333,2,2,TTACCTGGGCTCATCATTGC,0,3279527
relBp,0.3333333333333333,2,2,TTACCATGGTTTTCACGAGT,0,3259290
relBp,0.3333333333333333,2,2,TTAATGTACCAGCCGGCAAG,0,3280005
relBp,0.3333333333333333,2,2,TTAATGCTTAGTGCGGGGCA,0,3264736
relBp,0.3333333333333333,2,2,TTAAGTATAATAGCCCCCAT,0,3269625
relBp,0.3333333333333333,2,2,TTAACCCACGTGGGTGTCTT,0,3308262
relBp,0.3333333333333333,2,2,TTAAAAAACCTTTTTCGCGC,0,3299836
relBp,0.3333333333333333,2,2,TGTTTTGACGTTGGTTGTTG,0,3295628
relBp,0.3333333333333333,2,2,TGTTTCAATGGGATCGGGGC,0,3267983
relBp,0.3333333333333333,2,2,TGTTGACGGTACCAGGTTTA,0,3289598
relBp,0.3333333333333333,2,2,TGTTCTATTACAGGTACCTC,0,3264884
relBp,0.3333333333333333,2,2,TGTTCCTAGACCTCTTAGGC,0,3295320
relBp,0.3333333333333333,2,2,TGTTCCAGCCGGGAGAGTCT,0,3263828
relBp,0.3333333333333333,2,2,TGTTATACTCTTATCAGCCA,0,3280124
relBp,0.3333333333333333,2,2,TGTTAGTACATGAGACAATC,0,3264856
relBp,0.3333333333333333,2,2,TGTTAACAGGCATTAGTAGA,0,3296652
relBp,0.3333333333333333,2,2,TGTGTCCTCCCCTGTGACTG,0,3263405
relBp,0.3333333333333333,2,2,TGTGGGGGAGGGCGTATCAC,0,3299267
relBp,0.3333333333333333,2,2,TGTGCTTCAACTAGAGGGGA,0,3298962
relBp,0.3333333333333333,2,2,TGTGCCGTTAGTAGATCTCA,0,3300509
relBp,0.3333333333333333,2,2,TGTGATGTTGATAGTCGCAA,0,3303179
relBp,0.3333333333333333,2,2,TGTGATAGATGAAACCCGAT,0,3295676
relBp,0.3333333333333333,2,2,TGTCTGCTTGCTGAGGGGAC,0,3277438
relBp,0.3333333333333333,2,2,TGTCCGGGTGGCAGCTTCCG,0,3302006
relBp,0.3333333333333333,2,2,TGTCACTCAAGGGGATGAAC,0,3288871
relBp,0.3333333333333333,2,2,TGTATCATCATTTTGCCATT,0,3280632
relBp,0.3333333333333333,2,2,TGTATCAGCCAACCGGCCCA,0,3302332
relBp,0.3333333333333333,2,2,TGTATAGCATGCCGAACATG,0,3262035
relBp,0.3333333333333333,2,2,TGTACTAGAAGTCTAGATGC,0,3292786
relBp,0.3333333333333333,2,2,TGTACCAATATCCCTCTGAA,0,3259462
relBp,0.3333333333333333,2,2,TGTAAACCGTACAAAAGAAG,0,3282615
relBp,0.3333333333333333,2,2,TGGTTAGAGGATGCCGGTTG,0,3295492
relBp,0.3333333333333333,2,2,TGGTGTGATTGGACCCTCTC,0,3305719
relBp,0.3333333333333333,2,2,TGGTGCGACCCAAATCTCCT,0,3266908
relBp,0.3333333333333333,2,2,TGGTCTGTGGTGTGCTGTGA,0,3281122
relBp,0.3333333333333333,2,2,TGGTCTGCCGCAGACCACAC,0,3289149
relBp,0.3333333333333333,2,2,TGGTCCCATGGGTACCAGGA,0,3283911
relBp,0.3333333333333333,2,2,TGGTATCGCTACGCCGTAAT,0,3282234
relBp,0.3333333333333333,2,2,TGGTATATGCTTTCAGTTGG,0,3288041
relBp,0.3333333333333333,2,2,TGGTAGAATGCATACCGCAT,0,3299133
relBp,0.3333333333333333,2,2,TGGGTCCGTGCAGCGTACGT,0,3292382
relBp,0.3333333333333333,2,2,TGGGTCAGCGATCTTTGGAA,0,3302216
relBp,0.3333333333333333,2,2,TGGGGTTTAAATTTCCAGGA,0,3298042
relBp,0.3333333333333333,2,2,TGGGGTCTCTATTCTCCACT,0,3301756
relBp,0.3333333333333333,2,2,TGGGCCGTACATCTAGCCCA,0,3293774
relBp,0.3333333333333333,2,2,TGGGAAATGATACATCCCGT,0,3260166
relBp,0.3333333333333333,2,2,TGGCTGAGGACTTCCTGGCT,0,3263810
relBp,0.3333333333333333,2,2,TGGACTTCCCATGGGTACGG,0,3271047
relBp,0.3333333333333333,2,2,TGGACTTAAGGTTAATCGGT,0,3299790
relBp,0.3333333333333333,2,2,TGGACTCCCGGTTAGGCCGT,0,3287872
relBp,0.3333333333333333,2,2,TGGACACTACGTGTCTATGA,0,3305370
relBp,0.3333333333333333,2,2,TGCTCCTCGACTCAGCCACG,0,3287518
relBp,0.3333333333333333,2,2,TGCTAGCCGTTGGCGTGGAA,0,3258496
relBp,0.3333333333333333,2,2,TGCTACAGATTTTTCGAATC,0,3282716
relBp,0.3333333333333333,2,2,TGCGTGCCCGGTCCTGAAAG,0,3294186
relBp,0.3333333333333333,2,2,TGCGTAAGTTCGCGGAAAGA,0,3295239
relBp,0.3333333333333333,2,2,TGCGGATCCCCTTGAGCTAG,0,3271738
relBp,0.3333333333333333,2,2,TGCGCAGCAGCATCTCCGGA,0,3271592
relBp,0.3333333333333333,2,2,TGCCGCACCTCAGTGGCTTA,0,3301104
relBp,0.3333333333333333,2,2,TGCCCCTCCTTCCTAAGAGC,0,3259718
relBp,0.3333333333333333,2,2,TGCCAGTATGGGACAAACGG,0,3303141
relBp,0.3333333333333333,2,2,TGCATGGTGGGTCATCCAAA,0,3260851
relBp,0.3333333333333333,2,2,TGCATCTTTTCGTTTTTGGG,0,3300689
relBp,0.3333333333333333,2,2,TGCATCGCTATAGGACTCTG,0,3270142
relBp,0.3333333333333333,2,2,TGCATCGCGCACCGCAGGCT,0,3287262
relBp,0.3333333333333333,2,2,TGCAGTAGAGTATCACGGAT,0,3260889
relBp,0.3333333333333333,2,2,TGCAATCGTCGAATCCCGTT,0,3295077
relBp,0.3333333333333333,2,2,TGATTTGTAAGGGTGAAGAG,0,3299541
relBp,0.3333333333333333,2,2,TGATGGATCGCACCGGGGGC,0,3279968
relBp,0.3333333333333333,2,2,TGATGATAGTCTGCACCACG,0,3281069
relBp,0.3333333333333333,2,2,TGATCTGGTTCGAGGTAACG,0,3271428
relBp,0.3333333333333333,2,2,TGATCTGATACGCCAGGAGT,0,3257385
relBp,0.3333333333333333,2,2,TGATCACTTCTACATAATAT,0,3276483
relBp,0.3333333333333333,2,2,TGATATGGCATTGGGCAAGA,0,3287430
relBp,0.3333333333333333,2,2,TGATACCCTTATGGAAGACA,0,3256441
relBp,0.3333333333333333,2,2,TGAGGCCATACACTAACACA,0,3271503
relBp,0.3333333333333333,2,2,TGAGCAGGTCGCCCATAGAG,0,3266408
relBp,0.3333333333333333,2,2,TGAGAGGAGTCAGGGAGCCG,0,3285880
relBp,0.3333333333333333,2,2,TGACTTTACGTTTGTGGGGA,0,3308017
relBp,0.3333333333333333,2,2,TGACTAGACCCACGCTAGAT,0,3303823
relBp,0.3333333333333333,2,2,TGACGGGACTCAGTATGTTT,0,3270943
relBp,0.3333333333333333,2,2,TGAAGAATTTGTTGCGTTGG,0,3289210
relBp,0.3333333333333333,2,2,TGAACTAGGTATTGTAGATA,0,3305272
relBp,0.3333333333333333,2,2,TGAACGCGTGGCTATCACCT,0,3258033
relBp,0.3333333333333333,2,2,TGAAATGCGTGGGCAACCCT,0,3266880
relBp,0.3333333333333333,2,2,TCTTTTAGAAATCGTGACTA,0,3299907
relBp,0.3333333333333333,2,2,TCTTTGCGCCGGCCCGCATA,0,3265022
relBp,0.3333333333333333,2,2,TCTTTATATTCGCAGGTTAC,0,3263667
relBp,0.3333333333333333,2,2,TCTTGTCTAAAGGTCCGCTT,0,3257292
relBp,0.3333333333333333,2,2,TCTTGTCATCTCACGGGCTG,0,3300147
relBp,0.3333333333333333,2,2,TCTTGATGAGACTGCGGGGC,0,3301306
relBp,0.3333333333333333,2,2,TCTTCTCCAAGCCCTGTGTG,0,3294018
relBp,0.3333333333333333,2,2,TCTTCCTAAAATCGTGGATC,0,3295627
relBp,0.3333333333333333,2,2,TCTTCCCCGCCCAGTAAGTT,0,3264207
relBp,0.3333333333333333,2,2,TCTTCAGAGGCCACTGCGGA,0,3302802
relBp,0.3333333333333333,2,2,TCTTATACTCCAGTACCTTA,0,3293216
relBp,0.3333333333333333,2,2,TCTTAAGCTTGGTTGTTGTA,0,3297778
relBp,0.3333333333333333,2,2,TCTGTCTTCTACCCGATCGT,0,3271209
relBp,0.3333333333333333,2,2,TCTGGCGGTCGTTGATAGAC,0,3281804
relBp,0.3333333333333333,2,2,TCTGATCTCTTCTTAGACCA,0,3299031
relBp,0.3333333333333333,2,2,TCTGACCAGAGGGTCCCATT,0,3286839
relBp,0.3333333333333333,2,2,TCTGAATTTGCAGGGGACCA,0,3278120
relBp,0.3333333333333333,2,2,TCTCTGTCATGTTGCATTTA,0,3295814
relBp,0.3333333333333333,2,2,TCTCTCTACTGGGAATTGAA,0,3307991
relBp,0.3333333333333333,2,2,TCTCGTCATCATGGCCGTAG,0,3258691
relBp,0.3333333333333333,2,2,TCTCGGCACCATGATATGTT,0,3269357
relBp,0.3333333333333333,2,2,TCTCCTTATGCATTTAAGGC,0,3297383
relBp,0.3333333333333333,2,2,TCTCCTCCGACGTCTATGAT,0,3278578
relBp,0.3333333333333333,2,2,TCTATCCTGTATATCAACTT,0,3270190
relBp,0.3333333333333333,2,2,TCTATAATTGAATGTCGTAG,0,3294543
relBp,0.3333333333333333,2,2,TCTAATGTAATGGAAGTGTT,0,3284674
relBp,0.3333333333333333,2,2,TCTAAGTACAGGCTGGTAGT,0,3294639
relBp,0.3333333333333333,2,2,TCGTTTTCCAAGTCAAGTTA,0,3274581
relBp,0.3333333333333333,2,2,TCGTTCAGCTAAAGGACGAG,0,3292835
relBp,0.3333333333333333,2,2,TCGTGGGAAAGGCAATGGCT,0,3265727
relBp,0.3333333333333333,2,2,TCGTATGTATAACAGAACAA,0,3277573
relBp,0.3333333333333333,2,2,TCGTAGTGTGCAGCCCCTTT,0,3296870
relBp,0.3333333333333333,2,2,TCGGTTACAACGCTACATGT,0,3268096
relBp,0.3333333333333333,2,2,TCGGGAAGTGGGCCCTCCTA,0,3256412
relBp,0.3333333333333333,2,2,TCGGCGTCCATTTGTCGAAG,0,3308506
relBp,0.3333333333333333,2,2,TCGGCCCAGTGTCTAAGTGT,0,3270354
relBp,0.3333333333333333,2,2,TCGCTCACAGCTAATCTAAT,0,3290907
relBp,0.3333333333333333,2,2,TCGCGGGTCTTTGCGACACA,0,3280428
relBp,0.3333333333333333,2,2,TCGCCTATAACTGTACAGCT,0,3288254
relBp,0.3333333333333333,2,2,TCGCCGCGGGGAACACCGCG,0,3265954
relBp,0.3333333333333333,2,2,TCGCAGGTGACATGAGCGCA,0,3307451
relBp,0.3333333333333333,2,2,TCGAGTCACCTTCAGGGGTC,0,3259778
relBp,0.3333333333333333,2,2,TCGAGTATGAATCTTCAACA,0,3260782
relBp,0.3333333333333333,2,2,TCGAGAATTACCTTGGCTGT,0,3268091
relBp,0.3333333333333333,2,2,TCGACGCTAACGACGTAAAT,0,3256374
relBp,0.3333333333333333,2,2,TCGAAAGCCAGGGCATAGAT,0,3294586
relBp,0.3333333333333333,2,2,TCCTGCTCCGTGGGACAGCA,0,3273766
relBp,0.3333333333333333,2,2,TCCTCGGCTTCGGAAATTGG,0,3289385
relBp,0.3333333333333333,2,2,TCCTATGACTCCTTGGCGTT,0,3301519
relBp,0.3333333333333333,2,2,TCCGTGCCACGACGGAACTG,0,3290796
relBp,0.3333333333333333,2,2,TCCGGTAATCGATCTAGATT,0,3294932
relBp,0.3333333333333333,2,2,TCCGGCCGCTTGGTGGCGAT,0,3292592
relBp,0.3333333333333333,2,2,TCCGGATATGCAGTAGGGGC,0,3289848
relBp,0.3333333333333333,2,2,TCCGATCTGGAATCTCTACC,0,3257309
relBp,0.3333333333333333,2,2,TCCCGTTGAAGGTGTCCCGG,0,3281274
relBp,0.3333333333333333,2,2,TCCCGGGGGATTTAAGCAAG,0,3285174
relBp,0.3333333333333333,2,2,TCCCGGCAGCGAACACGTCA,0,3294010
relBp,0.3333333333333333,2,2,TCCCGCCGAAAAGGTGCGCG,0,3300725
relBp,0.3333333333333333,2,2,TCCCCTTTATATCAGCTCAT,0,3271859
relBp,0.3333333333333333,2,2,TCCCCCTCAAGGACAGGAAT,0,3266850
relBp,0.3333333333333333,2,2,TCCCAGGAGATCCACGAGAG,0,3264045
relBp,0.3333333333333333,2,2,TCCCAGAGCTTTATAAATCT,0,3305792
relBp,0.3333333333333333,2,2,TCCATCCAGTAGTCTGGTTG,0,3291991
relBp,0.3333333333333333,2,2,TCCATACTAGGGTGAAACTT,0,3260615
relBp,0.3333333333333333,2,2,TCCAGGGGTGGTTATTGTCT,0,3284169
relBp,0.3333333333333333,2,2,TCCAGGCCGCGGGTGTCATA,0,3290052
relBp,0.3333333333333333,2,2,TCCAGCTGCCCCAGCAATAA,0,3260700
relBp,0.3333333333333333,2,2,TCCAGCTGCCATTGGCTCGT,0,3264334
relBp,0.3333333333333333,2,2,TCCAAGGTACAAATTTGATC,0,3304804
relBp,0.3333333333333333,2,2,TCCAAATATAAGGGGTGACT,0,3300387
relBp,0.3333333333333333,2,2,TCATTTAGTGGGGAATCCGC,0,3262229
relBp,0.3333333333333333,2,2,TCATTCACTGCCAGGAGGAC,0,3275227
relBp,0.3333333333333333,2,2,TCATTAGTCCGCCCACGCAT,0,3299224
relBp,0.3333333333333333,2,2,TCATGCTGATAGATCATAGC,0,3276822
relBp,0.3333333333333333,2,2,TCATGCGAGCGTGGGGTGTG,0,3264465
relBp,0.3333333333333333,2,2,TCATATATGTCGAGTTAGTA,0,3289501
relBp,0.3333333333333333,2,2,TCATAGTGTCGCGGAGGCTA,0,3269885
relBp,0.3333333333333333,2,2,TCAGGGGCGTTTACCCGATT,0,3307807
relBp,0.3333333333333333,2,2,TCAGCGTAATGCATGTCGGT,0,3285831
relBp,0.3333333333333333,2,2,TCAGCAGCTTATCGGCACAT,0,3274262
relBp,0.3333333333333333,2,2,TCAGAGGGATGGGGAAACGC,0,3299827
relBp,0.3333333333333333,2,2,TCACTTTGGAGCCCCGGTTC,0,3291424
relBp,0.3333333333333333,2,2,TCACTGCTGCTCCGAATCTG,0,3263946
relBp,0.3333333333333333,2,2,TCACGTCTTTATGGAACTCA,0,3295851
relBp,0.3333333333333333,2,2,TCACGGTCATACCTCGAGTC,0,3260789
relBp,0.3333333333333333,2,2,TCACGGAGGCTGAATACGCC,0,3269066
relBp,0.3333333333333333,2,2,TCACGCTGAGGACACGATAG,0,3263042
relBp,0.3333333333333333,2,2,TCACGCCTTCGTTCTATCCT,0,3300524
relBp,0.3333333333333333,2,2,TCAAGTGACGAATAATCGCC,0,3301901
relBp,0.3333333333333333,2,2,TCAAGTCTTGCATCGAGGTG,0,3284101
relBp,0.3333333333333333,2,2,TCAAGGCACCTCGGGAAGTG,0,3272287
relBp,0.3333333333333333,2,2,TCAAGAAAACGTCGTGGGCT,0,3298505
relBp,0.3333333333333333,2,2,TCAACTTATCACACCAAAGA,0,3278613
relBp,0.3333333333333333,2,2,TATTTACTGCTCACCCCGTC,0,3260766
relBp,0.3333333333333333,2,2,TATTGTAGCATTAGCAGTTT,0,3280856
relBp,0.3333333333333333,2,2,TATTGGGAGACTCGTAGCTC,0,3292077
relBp,0.3333333333333333,2,2,TATTCGATCAAGAACGTACC,0,3262671
relBp,0.3333333333333333,2,2,TATTAAGCAACGCTTGGTTA,0,3300505
relBp,0.3333333333333333,2,2,TATTAACTTCGGACATCGGG,0,3303298
relBp,0.3333333333333333,2,2,TATGTGTGGTTTATTCACAC,0,3281035
relBp,0.3333333333333333,2,2,TATGGCCGGCGAACATCGTT,0,3278003
relBp,0.3333333333333333,2,2,TATGCTTAGATGAGGCTTTA,0,3257736
relBp,0.3333333333333333,2,2,TATGCGAGTGTCCTAGGTGA,0,3277134
relBp,0.3333333333333333,2,2,TATGACCGTAAGAGTCCAGC,0,3307332
relBp,0.3333333333333333,2,2,TATGACAAGTGGCCAAGCAC,0,3282794
relBp,0.3333333333333333,2,2,TATGAAATTGATATTCACAC,0,3291744
relBp,0.3333333333333333,2,2,TATCTTTCGAACACACTAAA,0,3281220
relBp,0.3333333333333333,2,2,TATCGTATGAAGTGTCTGAT,0,3283021
relBp,0.3333333333333333,2,2,TATCGGGGTACTGACTTACG,0,3292234
relBp,0.3333333333333333,2,2,TATCGCTTTTCACCTAGCGT,0,3261680
relBp,0.3333333333333333,2,2,TATCCTCCGTCACATGCAAT,0,3285119
relBp,0.3333333333333333,2,2,TATCCGGCCGTCGGAGGGTA,0,3301642
relBp,0.3333333333333333,2,2,TATCCGCGGGCTCCTCCAGA,0,3291922
relBp,0.3333333333333333,2,2,TATCACAAGGTAAGGGAGTT,0,3308220
relBp,0.3333333333333333,2,2,TATATGGTTTTCGATGGTAT,0,3267777
relBp,0.3333333333333333,2,2,TATAGCAGATTAAGGTCGTA,0,3272588
relBp,0.3333333333333333,2,2,TATAAATTTGTATGCTCGAC,0,3273607
relBp,0.3333333333333333,2,2,TAGGTTTATGATAGAATCGC,0,3276227
relBp,0.3333333333333333,2,2,TAGGTGCCGTGGTTTGTGTG,0,3302479
relBp,0.3333333333333333,2,2,TAGGTATTTTTGGCGCTTGT,0,3291743
relBp,0.3333333333333333,2,2,TAGGGTCATTGCCGGGGATT,0,3274202
relBp,0.3333333333333333,2,2,TAGGCTCCAGTCCGTCCTAA,0,3263976
relBp,0.3333333333333333,2,2,TAGGAGTAGGGCTAGGTGAG,0,3305631
relBp,0.3333333333333333,2,2,TAGCGTGGGATGCGGGGCGG,0,3274515
relBp,0.3333333333333333,2,2,TAGCCTTTAGTCGAAGCTGG,0,3284613
relBp,0.3333333333333333,2,2,TAGCCCCGTAGGTCGATTAA,0,3272343
relBp,0.3333333333333333,2,2,TAGCCACTGTCGTCTGTGTA,0,3299400
relBp,0.3333333333333333,2,2,TAGACCCAATCAGATCACGT,0,3258247
relBp,0.3333333333333333,2,2,TAGAATCAGTTGTTTGGTAA,0,3262636
relBp,0.3333333333333333,2,2,TAGAAGGCCGCAGCGAGAGG,0,3256489
relBp,0.3333333333333333,2,2,TAGAAGAGTGCTATATTCTA,0,3267534
relBp,0.3333333333333333,2,2,TACTTGGCCAGACCACCTCT,0,3274567
relBp,0.3333333333333333,2,2,TACTGGCCACACGGTAGACT,0,3275725
relBp,0.3333333333333333,2,2,TACTGGCACGTATACTCTGC,0,3293267
relBp,0.3333333333333333,2,2,TACTGCTGGAGGAACTGAGT,0,3300208
relBp,0.3333333333333333,2,2,TACTGCTCAGTTGAATGTGG,0,3267890
relBp,0.3333333333333333,2,2,TACTCTTTGGCGTTCTGCTA,0,3306469
relBp,0.3333333333333333,2,2,TACTATGATCTTGTGCCGGG,0,3275713
relBp,0.3333333333333333,2,2,TACGTACAGGTCTAGGCTGG,0,3298770
relBp,0.3333333333333333,2,2,TACGGTGACTTCATTTATCG,0,3289446
relBp,0.3333333333333333,2,2,TACGGTGAAACTACGTAAGG,0,3292314
relBp,0.3333333333333333,2,2,TACGGACGACCCGACACACA,0,3300682
relBp,0.3333333333333333,2,2,TACGCTAATGCCGACGACCT,0,3258892
relBp,0.3333333333333333,2,2,TACCCGATTTTGATAGGAAA,0,3300734
relBp,0.3333333333333333,2,2,TACCCCTGCCTAAATCCGAC,0,3302016
relBp,0.3333333333333333,2,2,TACAGGTGTCCATCGACAGA,0,3267957
relBp,0.3333333333333333,2,2,TACACATGACCCATGATTGA,0,3289800
relBp,0.3333333333333333,2,2,TACAAGTGCGATTTACGTAG,0,3276566
relBp,0.3333333333333333,2,2,TAATTCTCCTGGTTACAAGG,0,3304466
relBp,0.3333333333333333,2,2,TAATGACGTGAAACAGGAAT,0,3258543
relBp,0.3333333333333333,2,2,TAATGAAACGTCGGCTTTAC,0,3299249
relBp,0.3333333333333333,2,2,TAATCCTAGCTTCTAGCTAT,0,3298811
relBp,0.3333333333333333,2,2,TAATAGCGCGAAATGAGTTT,0,3303605
relBp,0.3333333333333333,2,2,TAATACTTAAGCGACCGTTG,0,3303849
relBp,0.3333333333333333,2,2,TAAGTTGACTTCTGCCATGT,0,3267337
relBp,0.3333333333333333,2,2,TAAGTCGGTGGGGCTATTCT,0,3295419
relBp,0.3333333333333333,2,2,TAAGGGTCTTATATGAGAAG,0,3269361
relBp,0.3333333333333333,2,2,TAAGGGCTAGAGATTCTCAG,0,3267017
relBp,0.3333333333333333,2,2,TAAGCGGATAAACGGCGGCT,0,3275299
relBp,0.3333333333333333,2,2,TAAGCGATCTATGCTTAGCC,0,3257912
relBp,0.3333333333333333,2,2,TAAGCAGATGGGAGCTATTA,0,3307833
relBp,0.3333333333333333,2,2,TAAGATCGCTAAGTCGTTTC,0,3287038
relBp,0.3333333333333333,2,2,TAAGATCAATGTGTTATTAC,0,3292474
relBp,0.3333333333333333,2,2,TAAGAACTAAAGTGCATTCA,0,3259112
relBp,0.3333333333333333,2,2,TAACTCTGGATTCGCATACC,0,3282955
relBp,0.3333333333333333,2,2,TAACTATACGCCTACCACTG,0,3261729
relBp,0.3333333333333333,2,2,TAACGGGCGGTGTGTATTCA,0,3288533
relBp,0.3333333333333333,2,2,TAACGGGCAAGATGCGCTGG,0,3265171
relBp,0.3333333333333333,2,2,TAACGAGCTTATGCCTATGG,0,3257076
relBp,0.3333333333333333,2,2,TAACCTAGTGATTTGGAGAC,0,3302885
relBp,0.3333333333333333,2,2,TAACACGATGCAGCAATAGT,0,3293805
relBp,0.3333333333333333,2,2,TAAAGTGCAACTCTTAGACC,0,3272914
relBp,0.3333333333333333,2,2,TAAACGAGTCACAACGCTGG,0,3273659
relBp,0.3333333333333333,2,2,TAAACCTCAATCCTTTTACA,0,3295061
relBp,0.3333333333333333,2,2,TAAACACAAGAAGATCAGAA,0,3279583
relBp,0.3333333333333333,2,2,GTTTTTCAACGGAGCGCCCC,0,3266582
relBp,0.3333333333333333,2,2,GTTTTTATGTTCGACCGAAG,0,3259023
relBp,0.3333333333333333,2,2,GTTTTTAATAATTGCATTGC,0,3266375
relBp,0.3333333333333333,2,2,GTTTGGGGTGTGGAGACCAG,0,3283859
relBp,0.3333333333333333,2,2,GTTTGGACAAAATCCATCAT,0,3299937
relBp,0.3333333333333333,2,2,GTTTAGCGGATTTTGTCTGC,0,3307149
relBp,0.3333333333333333,2,2,GTTGTAGATGGATTAATTAC,0,3260049
relBp,0.3333333333333333,2,2,GTTGGGATCGCGTTGTAACT,0,3259130
relBp,0.3333333333333333,2,2,GTTGGCCAGGTTTTGATACT,0,3282323
relBp,0.3333333333333333,2,2,GTTGCGGGAAAAGAACATAG,0,3296835
relBp,0.3333333333333333,2,2,GTTGCCCCGTGAATTGGAGG,0,3282462
relBp,0.3333333333333333,2,2,GTTGAGGTCAAAGGCGGAGT,0,3285060
relBp,0.3333333333333333,2,2,GTTGAACTACTTTGGTCCAC,0,3262303
relBp,0.3333333333333333,2,2,GTTCTTTACTGTCCATTATA,0,3275131
relBp,0.3333333333333333,2,2,GTTCTGTGTGTCCCTCTAGT,0,3272094
relBp,0.3333333333333333,2,2,GTTCTCCCTGCGGAATCACA,0,3278489
relBp,0.3333333333333333,2,2,GTTCGACCCAATACTATTAG,0,3295637
relBp,0.3333333333333333,2,2,GTTCCGTCCACATGGCAGGA,0,3268260
relBp,0.3333333333333333,2,2,GTTCAGTTTAGTCGATGAGG,0,3275140
relBp,0.3333333333333333,2,2,GTTCACACCAGGCCCCTCGA,0,3292055
relBp,0.3333333333333333,2,2,GTTATTTAACTGTATATTTA,0,3295371
relBp,0.3333333333333333,2,2,GTTAGTTAGCGCCATGGGAT,0,3302645
relBp,0.3333333333333333,2,2,GTTAGAAGTACGTAAGCGGA,0,3262604
relBp,0.3333333333333333,2,2,GTTACATGAGAGTAGTCAGA,0,3268833
relBp,0.3333333333333333,2,2,GTTACAGATCTGGAACTGGA,0,3277109
relBp,0.3333333333333333,2,2,GTTACAAGGCCCCGACAACC,0,3260791
relBp,0.3333333333333333,2,2,GTTAAATGTTGGCTCACAGG,0,3298934
relBp,0.3333333333333333,2,2,GTTAAACCTAGTGCGTCTTT,0,3292349
relBp,0.3333333333333333,2,2,GTGTCATTCTTGTTTATGCC,0,3294148
relBp,0.3333333333333333,2,2,GTGTCAGGAGCACAGAGGCT,0,3307894
relBp,0.3333333333333333,2,2,GTGGTGCTTCGAACCGTCGG,0,3267560
relBp,0.3333333333333333,2,2,GTGGGGATTCCGGTGATCTA,0,3259669
relBp,0.3333333333333333,2,2,GTGGGCCTTAGGGATCTGTG,0,3267749
relBp,0.3333333333333333,2,2,GTGGAAACGTGCCCCCCCAG,0,3293927
relBp,0.3333333333333333,2,2,GTGCGGCGAGACGGTTATAA,0,3307618
relBp,0.3333333333333333,2,2,GTGCCGGGAGTAAGTCCTTC,0,3301900
relBp,0.3333333333333333,2,2,GTGATTGGAGGTCGCAATCA,0,3294381
relBp,0.3333333333333333,2,2,GTCTTAATTTACCGGGTTCT,0,3275096
relBp,0.3333333333333333,2,2,GTCTGTTTGTGTGTTCTTCT,0,3259329
relBp,0.3333333333333333,2,2,GTCTGTCAATATCACTCCTA,0,3264754
relBp,0.3333333333333333,2,2,GTCTGATATCGTGGCTGCGT,0,3265256
relBp,0.3333333333333333,2,2,GTCTCGTCACATCGAGTTCC,0,3289325
relBp,0.3333333333333333,2,2,GTCGCTTAAGTACTTGGGCT,0,3281511
relBp,0.3333333333333333,2,2,GTCGCGCGAAGATCTTGTAA,0,3264924
relBp,0.3333333333333333,2,2,GTCCTTTGTATACCGTGTCC,0,3302590
relBp,0.3333333333333333,2,2,GTCCTGGAACCGAATGGATT,0,3274231
relBp,0.3333333333333333,2,2,GTCCTAAGTGAGTTGCAAAT,0,3262553
relBp,0.3333333333333333,2,2,GTCCGTCGTTAACTTTTTAA,0,3277062
relBp,0.3333333333333333,2,2,GTCCGCGATGTGCGATTATA,0,3300121
relBp,0.3333333333333333,2,2,GTCCCCCACATTGACGAGGA,0,3285186
relBp,0.3333333333333333,2,2,GTCCCAAGACAAGAGAACCA,0,3292011
relBp,0.3333333333333333,2,2,GTCCAACAGAACTTACAATC,0,3291790
relBp,0.3333333333333333,2,2,GTCATTTGGTTCGTCCCGGT,0,3288572
relBp,0.3333333333333333,2,2,GTCATAGCTTTGTTAAGGAG,0,3301999
relBp,0.3333333333333333,2,2,GTCAGTGAGAGAAAGAGGCG,0,3272122
relBp,0.3333333333333333,2,2,GTCAGTACAGTAAACTCGCG,0,3296697
relBp,0.3333333333333333,2,2,GTCAATTGCTCAAACGTGCT,0,3292326
relBp,0.3333333333333333,2,2,GTCAAAATATAATGAAGGCA,0,3301799
relBp,0.3333333333333333,2,2,GTATTGGCATCAAAATGTAC,0,3306980
relBp,0.3333333333333333,2,2,GTATCTGCGTCGGTGGCGGC,0,3284850
relBp,0.3333333333333333,2,2,GTATCTGCGACTAGCGCAGG,0,3302668
relBp,0.3333333333333333,2,2,GTATACATATCTGTCTCGTG,0,3257372
relBp,0.3333333333333333,2,2,GTATAACCCAGAAACAAACT,0,3280126
relBp,0.3333333333333333,2,2,GTAGTTCGCGCACATAGCGG,0,3301474
relBp,0.3333333333333333,2,2,GTACGCCTTAATAGTACGAT,0,3270991
relBp,0.3333333333333333,2,2,GTACCGACGAGTTTGGCATC,0,3280710
relBp,0.3333333333333333,2,2,GTACCCTTCGCAATCACGTC,0,3272605
relBp,0.3333333333333333,2,2,GTACCCCAGCATTGAATAGG,0,3267435
relBp,0.3333333333333333,2,2,GTACCCAGATCACAGAAGAG,0,3272544
relBp,0.3333333333333333,2,2,GTACCATACGCGAAAGTCTC,0,3261817
relBp,0.3333333333333333,2,2,GTACATTACATCCGTCACAT,0,3279943
relBp,0.3333333333333333,2,2,GTAATGAGTGTGGGTTAGAT,0,3272244
relBp,0.3333333333333333,2,2,GTAAGATCCATGCCATACAA,0,3257852
relBp,0.3333333333333333,2,2,GTAACCTCGGTACCAACATA,0,3295073
relBp,0.3333333333333333,2,2,GTAAATTTATAGATCATCCA,0,3297541
relBp,0.3333333333333333,2,2,GTAAATAAGTCGTATCCTCT,0,3276982
relBp,0.3333333333333333,2,2,GTAAAGGATGGTCGCCACTT,0,3275055
relBp,0.3333333333333333,2,2,GTAAAAGAGCGCGTTGAACA,0,3304174
relBp,0.3333333333333333,2,2,GGTTGGGAAACGGAAGGAAT,0,3267991
relBp,0.3333333333333333,2,2,GGTTGGCTTAATTAGCCCGT,0,3303409
relBp,0.3333333333333333,2,2,GGTTCCAAGCACAATGGCTT,0,3262888
relBp,0.3333333333333333,2,2,GGTTAGGGTATCGGGTTGGG,0,3258290
relBp,0.3333333333333333,2,2,GGTTAGCTTAGACGGCGCGT,0,3303097
relBp,0.3333333333333333,2,2,GGTTACGGAAGAGTCCGAAT,0,3269590
relBp,0.3333333333333333,2,2,GGTTAAGAATGGGTCTCTTA,0,3284556
relBp,0.3333333333333333,2,2,GGTGCCGGGCCTAGATCGCC,0,3262122
relBp,0.3333333333333333,2,2,GGTGCCATCTGACAGCTCTG,0,3258774
relBp,0.3333333333333333,2,2,GGTGCAGCTCTTCGACCTTC,0,3258363
relBp,0.3333333333333333,2,2,GGTCTTGTCTCCTCGGCACC,0,3267459
relBp,0.3333333333333333,2,2,GGTCCGGTAAAGGTAGATAC,0,3265850
relBp,0.3333333333333333,2,2,GGTCCGCTGATCGAATACTG,0,3283494
relBp,0.3333333333333333,2,2,GGTCCCATGATAGTCCGCCT,0,3280210
relBp,0.3333333333333333,2,2,GGTCCAGTCGTCATCACGGC,0,3308451
relBp,0.3333333333333333,2,2,GGTCATAGACCCGATCCGCG,0,3260682
relBp,0.3333333333333333,2,2,GGTATCCTAATTCTGCCTTT,0,3285415
relBp,0.3333333333333333,2,2,GGTAGTAGAGCGGGAGATTA,0,3297687
relBp,0.3333333333333333,2,2,GGTACTCTGCTCGTAGGACC,0,3263954
relBp,0.3333333333333333,2,2,GGTACATTCAGTCTCAAATA,0,3266581
relBp,0.3333333333333333,2,2,GGTAAGAGGCCCACTAATCC,0,3279193
relBp,0.3333333333333333,2,2,GGTAAGACATCTGGGTGGGT,0,3256141
relBp,0.3333333333333333,2,2,GGTAAAAATCCAACACCGGA,0,3303084
relBp,0.3333333333333333,2,2,GGGTTGGTATCCTTTATGGA,0,3292151
relBp,0.3333333333333333,2,2,GGGTTCAAGAGTCAATTCTT,0,3290780
relBp,0.3333333333333333,2,2,GGGTTATCATACGTATATTC,0,3272014
relBp,0.3333333333333333,2,2,GGGTGGGTCATAATGATCTA,0,3293749
relBp,0.3333333333333333,2,2,GGGTCGTGCTATACCAGTTC,0,3278407
relBp,0.3333333333333333,2,2,GGGTCCGATAGGGTTGGTCT,0,3294985
relBp,0.3333333333333333,2,2,GGGTCAGGTAGCAATCTATG,0,3300429
relBp,0.3333333333333333,2,2,GGGTACAGGCTTACGACCTC,0,3267091
relBp,0.3333333333333333,2,2,GGGGTTAACGCGGGAAGCGC,0,3273029
relBp,0.3333333333333333,2,2,GGGGTATGCCATGAACCAAC,0,3287658
relBp,0.3333333333333333,2,2,GGGGGTCGCCAATGGAATGT,0,3300243
relBp,0.3333333333333333,2,2,GGGGGTACCTTGCACTTGTA,0,3304570
relBp,0.3333333333333333,2,2,GGGGGCTAGCTGTCATGCGA,0,3297755
relBp,0.3333333333333333,2,2,GGGGGATTTAGGCCGGCCAT,0,3286386
relBp,0.3333333333333333,2,2,GGGGCTCGGTAGATGGCTTC,0,3282359
relBp,0.3333333333333333,2,2,GGGGCGGAACGCATGTTGGA,0,3277290
relBp,0.3333333333333333,2,2,GGGGCCAGCTAGGAGGAATC,0,3275338
relBp,0.3333333333333333,2,2,GGGGATCTACCTTCTGTATA,0,3300069
relBp,0.3333333333333333,2,2,GGGGAAAATATTAGAAGCCA,0,3295533
relBp,0.3333333333333333,2,2,GGGCTTGGACGCCTAGGTAA,0,3292841
relBp,0.3333333333333333,2,2,GGGCAAAGTGACGTGTTAGA,0,3274092
relBp,0.3333333333333333,2,2,GGGAATTCAACCTTTTAGGA,0,3283111
relBp,0.3333333333333333,2,2,GGGAACGTCGCAATCCTTCC,0,3286742
relBp,0.3333333333333333,2,2,GGGAAAAGACCGGGCGAGAA,0,3303471
relBp,0.3333333333333333,2,2,GGCTTTCGTTGGTTCGTGTT,0,3265935
relBp,0.3333333333333333,2,2,GGCTCGCCGGGATTGGGCGC,0,3297120
relBp,0.3333333333333333,2,2,GGCTCGCAACGTCCGACAAA,0,3270285
relBp,0.3333333333333333,2,2,GGCTCCGATGCCCTCGCCGA,0,3300232
relBp,0.3333333333333333,2,2,GGCTCCCTTTTGGGAGGATA,0,3288434
relBp,0.3333333333333333,2,2,GGCTAAGGGTTCGCGATCTG,0,3289538
relBp,0.3333333333333333,2,2,GGCGTGCTGGTAGGACCGGG,0,3304869
relBp,0.3333333333333333,2,2,GGCGGGCGGCCTCCTTTAGG,0,3261285
relBp,0.3333333333333333,2,2,GGCGCGTGTAATAGTTTAGA,0,3307059
relBp,0.3333333333333333,2,2,GGCCGGAGACTGCTGACGGT,0,3288624
relBp,0.3333333333333333,2,2,GGCCGCCTAGAGTTGTAACT,0,3276624
relBp,0.3333333333333333,2,2,GGCCCCTAGCGTTTTTCTAT,0,3291870
relBp,0.3333333333333333,2,2,GGCCAGGTCGTAGGGACGGG,0,3279402
relBp,0.3333333333333333,2,2,GGCCAAAACCACTGCCTTGG,0,3273841
relBp,0.3333333333333333,2,2,GGCATATGGCTACTATCTAA,0,3260617
relBp,0.3333333333333333,2,2,GGCAGTGACGGGAGCAGTAG,0,3303002
relBp,0.3333333333333333,2,2,GGCAGGGGGCGGCTGCTGTC,0,3266522
relBp,0.3333333333333333,2,2,GGCACTGGAGTTTGTAAAGT,0,3271557
relBp,0.3333333333333333,2,2,GGATGAGGCTTTACCCCCAG,0,3271524
relBp,0.3333333333333333,2,2,GGATCATTTAGTATTGGACA,0,3266110
relBp,0.3333333333333333,2,2,GGATAAATTGGCGTCTACGT,0,3306008
relBp,0.3333333333333333,2,2,GGAGCGAGTGGAAACCTTGT,0,3301665
relBp,0.3333333333333333,2,2,GGAGCCTCAAACCTGAGGCG,0,3256622
relBp,0.3333333333333333,2,2,GGACGTTGCAGCACGCACCC,0,3269598
relBp,0.3333333333333333,2,2,GGACGTGCGAAGAGCCAGCC,0,3261350
relBp,0.3333333333333333,2,2,GGACGGCACCCGGCTACAGC,0,3273709
relBp,0.3333333333333333,2,2,GGACCGTTCTAGCAGTTAGT,0,3278791
relBp,0.3333333333333333,2,2,GGACATACTAATTCAGGGGG,0,3298585
relBp,0.3333333333333333,2,2,GGACACCCCGGGATTAATTA,0,3261478
relBp,0.3333333333333333,2,2,GGAATACTGAATAGGGACAA,0,3265941
relBp,0.3333333333333333,2,2,GGAACTCCGATGACCAAGTT,0,3283975
relBp,0.3333333333333333,2,2,GGAACGCAGTACTGGCAGTA,0,3293532
relBp,0.3333333333333333,2,2,GCTTTGGCGCTCGTTATTGA,0,3256315
relBp,0.3333333333333333,2,2,GCTTGCAGCCGCGGGTACCA,0,3289379
relBp,0.3333333333333333,2,2,GCTTGACATTACTAGCGGAG,0,3291435
relBp,0.3333333333333333,2,2,GCTTCTCCGCATGCAGCCCT,0,3276818
relBp,0.3333333333333333,2,2,GCTTCGAATTCAGAAATGGG,0,3295745
relBp,0.3333333333333333,2,2,GCTTCCACAGTCGGTTTGTG,0,3282597
relBp,0.3333333333333333,2,2,GCTGGGGAACTGATAAATGC,0,3281319
relBp,0.3333333333333333,2,2,GCTGGCCTGTCCAGATTGTT,0,3260983
relBp,0.3333333333333333,2,2,GCTGCTTGATTGGGTGTCGT,0,3268577
relBp,0.3333333333333333,2,2,GCTGCTACGAATCTTCCTAA,0,3295116
relBp,0.3333333333333333,2,2,GCTGCGGGATGTGCTGAGGC,0,3307826
relBp,0.3333333333333333,2,2,GCTGCGCTTCCATCACCTAG,0,3291862
relBp,0.3333333333333333,2,2,GCTGAGCTCCTGCCTATAGT,0,3264279
relBp,0.3333333333333333,2,2,GCTGAGCATCACTATTCGGA,0,3273446
relBp,0.3333333333333333,2,2,GCTCCTGGGTCGGTGGAGAT,0,3282419
relBp,0.3333333333333333,2,2,GCTCCGGCTAACTTCGGACC,0,3305192
relBp,0.3333333333333333,2,2,GCTCAAATGACAACGGACGA,0,3304354
relBp,0.3333333333333333,2,2,GCGTTTCGCGTGCATTGCGA,0,3286669
relBp,0.3333333333333333,2,2,GCGTGTAACGCAGGTGGATA,0,3262519
relBp,0.3333333333333333,2,2,GCGTGGAAAAACAATGTTAA,0,3293419
relBp,0.3333333333333333,2,2,GCGTGATGGTGGTTGGGATT,0,3303504
relBp,0.3333333333333333,2,2,GCGTCTGCGCCCCCGAATAG,0,3290900
relBp,0.3333333333333333,2,2,GCGTCTACCCAACGGCACCA,0,3262494
relBp,0.3333333333333333,2,2,GCGTCCGTTTAACCAGACGT,0,3280400
relBp,0.3333333333333333,2,2,GCGTATGGGACTACGGTGCA,0,3266280
relBp,0.3333333333333333,2,2,GCGGTGAGTCAAGGGAACCC,0,3275531
relBp,0.3333333333333333,2,2,GCGGCTGGGGAAACGATCGT,0,3256637
relBp,0.3333333333333333,2,2,GCGGCTGAAAGGTACATAAG,0,3266443
relBp,0.3333333333333333,2,2,GCGCTGTGGGGTGTCTTGAC,0,3288918
relBp,0.3333333333333333,2,2,GCGCTCCGCTCCTAACTAAA,0,3285501
relBp,0.3333333333333333,2,2,GCGCTAGGGCTAAATAGCCC,0,3293373
relBp,0.3333333333333333,2,2,GCGCACGATTGTGTCGGAGC,0,3284632
relBp,0.3333333333333333,2,2,GCGCACCGGTTAACATTGGT,0,3276918
relBp,0.3333333333333333,2,2,GCGATGTGAGGAAGATATGA,0,3268326
relBp,0.3333333333333333,2,2,GCGATCTCTTATTCTGACGC,0,3302965
relBp,0.3333333333333333,2,2,GCGATATACGCAACAGCTTC,0,3282921
relBp,0.3333333333333333,2,2,GCGAGTGGAGGTGTGTGTGG,0,3297895
relBp,0.3333333333333333,2,2,GCGAGATGACTATAGTCTAT,0,3272997
relBp,0.3333333333333333,2,2,GCGAAGTTTCACATACTATA,0,3272828
relBp,0.3333333333333333,2,2,GCGAAGCCTCGAGCCGTCTA,0,3275199
relBp,0.3333333333333333,2,2,GCCTTAAACCCACTACGAGA,0,3302211
relBp,0.3333333333333333,2,2,GCCTGAGGCGCAAATTGATC,0,3271410
relBp,0.3333333333333333,2,2,GCCTAGTAAACCATGAACGA,0,3268872
relBp,0.3333333333333333,2,2,GCCGTAAATAAAACTCGAAC,0,3296330
relBp,0.3333333333333333,2,2,GCCGGTTCACTTATCTTTCA,0,3278676
relBp,0.3333333333333333,2,2,GCCGGATAGGTGCTACATGA,0,3282272
relBp,0.3333333333333333,2,2,GCCGCCCACCCTTCGTACTC,0,3258020
relBp,0.3333333333333333,2,2,GCCGAGCCAGGTATCTCGGG,0,3258904
relBp,0.3333333333333333,2,2,GCCGAGACCAGTGGCATGAT,0,3304733
relBp,0.3333333333333333,2,2,GCCGACGGTACTTCTAAAGA,0,3260013
relBp,0.3333333333333333,2,2,GCCCTTTCGGCCAGTGTACA,0,3307243
relBp,0.3333333333333333,2,2,GCCCTTACTTAAGACGTGCC,0,3307776
relBp,0.3333333333333333,2,2,GCCCGGCGCATAGTGGATTT,0,3261321
relBp,0.3333333333333333,2,2,GCCCAATAAGAATATCTGGG,0,3285091
relBp,0.3333333333333333,2,2,GCCATATGTGGGCAGCATAA,0,3259228
relBp,0.3333333333333333,2,2,GCCAGTAAGGATCGGATGAC,0,3302921
relBp,0.3333333333333333,2,2,GCCAGCTGTGGGAGATAAAG,0,3280328
relBp,0.3333333333333333,2,2,GCCACTATTCTGTGAATGCA,0,3266905
relBp,0.3333333333333333,2,2,GCCAATTACCGATATGCGCC,0,3267132
relBp,0.3333333333333333,2,2,GCCAATAAAATTGGAATTTA,0,3268899
relBp,0.3333333333333333,2,2,GCCAAATGGGCGAATTAGAT,0,3281779
relBp,0.3333333333333333,2,2,GCATGGGAGTTTGTTAATAG,0,3289001
relBp,0.3333333333333333,2,2,GCATGCCGTTTCGAGGAGAT,0,3261239
relBp,0.3333333333333333,2,2,GCATAGGCTACAACGCACTA,0,3275502
relBp,0.3333333333333333,2,2,GCAGTGTGGATGAACTGTGA,0,3301431
relBp,0.3333333333333333,2,2,GCAGCCCCTCTGATGACGTC,0,3257771
relBp,0.3333333333333333,2,2,GCAGCCAGTTCGCAACACTT,0,3266383
relBp,0.3333333333333333,2,2,GCACGAGGACTGGATCCTTT,0,3301437
relBp,0.3333333333333333,2,2,GCACCGAAGTTCGCGCCACG,0,3264506
relBp,0.3333333333333333,2,2,GCACAGTGAAGCATAGGAAC,0,3294071
relBp,0.3333333333333333,2,2,GCAACTTCAAGGGTTCCACA,0,3293174
relBp,0.3333333333333333,2,2,GCAACGGGAGAGCCAGTCCC,0,3258832
relBp,0.3333333333333333,2,2,GCAACCGAACCACTAGAAGA,0,3296661
relBp,0.3333333333333333,2,2,GATTTGTAGAGGGAATTAGT,0,3300484
relBp,0.3333333333333333,2,2,GATTTCTATGGGAGATAAGA,0,3307371
relBp,0.3333333333333333,2,2,GATTTAGCGACGTGTTTAAT,0,3305107
relBp,0.3333333333333333,2,2,GATTTAGCCGTCCTATATAC,0,3270947
relBp,0.3333333333333333,2,2,GATTGAGGCCCCTAGGAAAG,0,3268592
relBp,0.3333333333333333,2,2,GATTATCGATCGCAGTGGGG,0,3288764
relBp,0.3333333333333333,2,2,GATTAATTTGTTTCTAGCAG,0,3262337
relBp,0.3333333333333333,2,2,GATTAATACGTCAGCAAGCG,0,3290505
relBp,0.3333333333333333,2,2,GATTAAATGCGTGCGGCTCA,0,3295162
relBp,0.3333333333333333,2,2,GATGTGTCCAAGAGTCGGTT,0,3303475
relBp,0.3333333333333333,2,2,GATGTCAAGGTTCCTCCAGT,0,3296607
relBp,0.3333333333333333,2,2,GATGTAGCACAGTGCTTTAG,0,3259492
relBp,0.3333333333333333,2,2,GATGATATTTGCGTTTGGAG,0,3295953
relBp,0.3333333333333333,2,2,GATCGCTTCAAACCTCAGCT,0,3265663
relBp,0.3333333333333333,2,2,GATCAATTGGGATTGAGACT,0,3264927
relBp,0.3333333333333333,2,2,GATCAAGCCCTTCCAATTCT,0,3287613
relBp,0.3333333333333333,2,2,GATATGTACTATTATGCCGG,0,3304847
relBp,0.3333333333333333,2,2,GATATGCTCGTCCAAGCGAG,0,3283834
relBp,0.3333333333333333,2,2,GATACTTTGTAATGTGGCCG,0,3293350
relBp,0.3333333333333333,2,2,GATACGCATGTGTCAGGATG,0,3270233
relBp,0.3333333333333333,2,2,GATAAATCATTACTGGCGAA,0,3286260
relBp,0.3333333333333333,2,2,GAGTAATCCGAACGACCGCT,0,3259926
relBp,0.3333333333333333,2,2,GAGGTAACAACCATACAAAC,0,3304129
relBp,0.3333333333333333,2,2,GAGGGCGTTCCATTGTCCCT,0,3276336
relBp,0.3333333333333333,2,2,GAGGCGTAAACGGCTGGGTA,0,3280640
relBp,0.3333333333333333,2,2,GAGCCGTTTCAATGTGCGCA,0,3264090
relBp,0.3333333333333333,2,2,GAGCCCGGCCACACACGCTA,0,3282242
relBp,0.3333333333333333,2,2,GAGCATTAAGTGAACCTCAT,0,3292767
relBp,0.3333333333333333,2,2,GAGATCCATGCCCGTTATTC,0,3263574
relBp,0.3333333333333333,2,2,GAGAGTATGCAGGCCCGATG,0,3281033
relBp,0.3333333333333333,2,2,GAGACGTTCAACTCACGTAG,0,3269878
relBp,0.3333333333333333,2,2,GAGAACAGGATAAGGATATT,0,3290500
relBp,0.3333333333333333,2,2,GACTTGATTCATAAGCAGTT,0,3273997
relBp,0.3333333333333333,2,2,GACTTCTCCTTGGCGTTGGC,0,3270417
relBp,0.3333333333333333,2,2,GACTTACTTAGTAGGAATAT,0,3289034
relBp,0.3333333333333333,2,2,GACTAGAAGGATGCAGCATT,0,3297195
relBp,0.3333333333333333,2,2,GACGTAATAGGGGTGAAGTT,0,3300758
relBp,0.3333333333333333,2,2,GACGGCGACCAATTGAATAC,0,3268696
relBp,0.3333333333333333,2,2,GACCTTCGAAAAGGGGACCC,0,3281044
relBp,0.3333333333333333,2,2,GACCGGTACACTCACAAGAT,0,3289722
relBp,0.3333333333333333,2,2,GACCCGTATTCCGTAGCTTG,0,3262612
relBp,0.3333333333333333,2,2,GACCAAGCTTGACAAGAGGG,0,3271277
relBp,0.3333333333333333,2,2,GACATTGGCACTTTAGAGTG,0,3284486
relBp,0.3333333333333333,2,2,GACAATCGGTCAATTGATGC,0,3306250
relBp,0.3333333333333333,2,2,GACAATATCGGTCGTGTCGT,0,3263336
relBp,0.3333333333333333,2,2,GAATTGAGGTGTCCAGCCCA,0,3265635
relBp,0.3333333333333333,2,2,GAATTAGTTGAACCACGCTA,0,3294449
relBp,0.3333333333333333,2,2,GAATGGAGAACTAAACTACT,0,3273301
relBp,0.3333333333333333,2,2,GAATGCGATCGATGGACGAG,0,3295213
relBp,0.3333333333333333,2,2,GAATGAGACTCTGCGCTGGG,0,3279372
relBp,0.3333333333333333,2,2,GAATCTTACCCACCTTGGCC,0,3289311
relBp,0.3333333333333333,2,2,GAATCGTCTCATGTTCGCCG,0,3290215
relBp,0.3333333333333333,2,2,GAATCGGGTACTAGAACAAC,0,3296404
relBp,0.3333333333333333,2,2,GAATCACTCGGGGATAGTAA,0,3265036
relBp,0.3333333333333333,2,2,GAATACTATACATCAGCTCG,0,3282769
relBp,0.3333333333333333,2,2,GAATAAGTAAGCCACCATCG,0,3280257
relBp,0.3333333333333333,2,2,GAAGCTGTTGCCATAAGGCC,0,3270987
relBp,0.3333333333333333,2,2,GAAGCGGCTAGACTACACAA,0,3305330
relBp,0.3333333333333333,2,2,GAAGCGAGATACAATAGCCT,0,3261020
relBp,0.3333333333333333,2,2,GAAGCGACATCCGATCAGTA,0,3296904
relBp,0.3333333333333333,2,2,GAAGAGGTCCGATGGTTTTC,0,3257311
relBp,0.3333333333333333,2,2,GAACGTCGAAACGAGGACAT,0,3303296
relBp,0.3333333333333333,2,2,GAACCGACCAAATCGGTTAT,0,3292770
relBp,0.3333333333333333,2,2,GAACCCACGGCATACCTTCT,0,3278186
relBp,0.3333333333333333,2,2,GAAATAAGATTATCAATGCT,0,3259687
relBp,0.3333333333333333,2,2,CTTTTTTGTTCTAAACTGTG,0,3276088
relBp,0.3333333333333333,2,2,CTTTTGCCCGGTGGCACGCC,0,3273556
relBp,0.3333333333333333,2,2,CTTTTCTGAATAAATCAGAG,0,3301051
relBp,0.3333333333333333,2,2,CTTTGGTGTCGCAACCTGTT,0,3280809
relBp,0.3333333333333333,2,2,CTTTCTCGTGTGTACGACAT,0,3303293
relBp,0.3333333333333333,2,2,CTTTACGTACGAAGTAGCAG,0,3303277
relBp,0.3333333333333333,2,2,CTTGTCACATTAGGGTCTCA,0,3296031
relBp,0.3333333333333333,2,2,CTTGTAATACTGTTAAGCCA,0,3265169
relBp,0.3333333333333333,2,2,CTTGCGCGTTTGGCTTTAAA,0,3287673
relBp,0.3333333333333333,2,2,CTTGCACTTGCGGGACGGCG,0,3261442
relBp,0.3333333333333333,2,2,CTTGACAAGTAGTTTGTTAT,0,3270275
relBp,0.3333333333333333,2,2,CTTCTCAGTAACTATTCCAA,0,3294202
relBp,0.3333333333333333,2,2,CTTCGCCCACAGAAGACATG,0,3273158
relBp,0.3333333333333333,2,2,CTTCAATCTCGGTCATCTAG,0,3302519
relBp,0.3333333333333333,2,2,CTTACTTACCTTGGGACACC,0,3279966
relBp,0.3333333333333333,2,2,CTTAATTTTGTTGGTAAATG,0,3306667
relBp,0.3333333333333333,2,2,CTGTTTACTGTGGCATATCG,0,3273001
relBp,0.3333333333333333,2,2,CTGTTCGCCGGCTCACCATC,0,3261049
relBp,0.3333333333333333,2,2,CTGTTAGGCGGTAATATTAG,0,3295051
relBp,0.3333333333333333,2,2,CTGTCGAGTGACCCAGTTGG,0,3292480
relBp,0.3333333333333333,2,2,CTGTCGAACTTATCGTTAGC,0,3260677
relBp,0.3333333333333333,2,2,CTGGGTCGCAAAACGTGTCC,0,3300441
relBp,0.3333333333333333,2,2,CTGGGCAACCGGGCTCCAGG,0,3280159
relBp,0.3333333333333333,2,2,CTGGGAGGCTGATTACCGGT,0,3263281
relBp,0.3333333333333333,2,2,CTGGCCTACCCCAGAAGTTT,0,3262889
relBp,0.3333333333333333,2,2,CTGGCACTTTGACAGCGGCA,0,3304815
relBp,0.3333333333333333,2,2,CTGGCAATCCCACACCGTGT,0,3285653
relBp,0.3333333333333333,2,2,CTGCTCAGAAAGCCATCGAA,0,3283282
relBp,0.3333333333333333,2,2,CTGCTACGTGTAGTTGAAGC,0,3278379
relBp,0.3333333333333333,2,2,CTGCGCGTCGCCGAAGTAGC,0,3289664
relBp,0.3333333333333333,2,2,CTGCGACGCACCGTGCCCAT,0,3259779
relBp,0.3333333333333333,2,2,CTGCCCTGGCGAACTTCCCG,0,3262354
relBp,0.3333333333333333,2,2,CTGCCCAGCCGGGGGTGGCT,0,3283125
relBp,0.3333333333333333,2,2,CTGCACCTCGGTTTATCGAT,0,3286984
relBp,0.3333333333333333,2,2,CTGAGGCGTGCCTAGACTGG,0,3260670
relBp,0.3333333333333333,2,2,CTGACCGGCTATGCAGAGCC,0,3274966
relBp,0.3333333333333333,2,2,CTGACCAGTCAAAATCAGTA,0,3293867
relBp,0.3333333333333333,2,2,CTGACATTTTATGCCGCACC,0,3299548
relBp,0.3333333333333333,2,2,CTGACAAGTTGCGGCTCGGG,0,3294530
relBp,0.3333333333333333,2,2,CTCTTCTCAGGACAGACTCA,0,3277320
relBp,0.3333333333333333,2,2,CTCTGGTTTCGTGCGCGTCG,0,3262529
relBp,0.3333333333333333,2,2,CTCTGGTTGGCTATAGTGTG,0,3290510
relBp,0.3333333333333333,2,2,CTCTGGCATGTAAAGTTTCC,0,3258512
relBp,0.3333333333333333,2,2,CTCTGCGACGAGTAATCTAT,0,3307359
relBp,0.3333333333333333,2,2,CTCTATTTTTGGCAGCAAAG,0,3268615
relBp,0.3333333333333333,2,2,CTCTATCGTGTTCCCACATA,0,3264040
relBp,0.3333333333333333,2,2,CTCGGGCGGGCGGTGGTTGA,0,3259528
relBp,0.3333333333333333,2,2,CTCGGGACCTTTATCGAGCG,0,3305954
relBp,0.3333333333333333,2,2,CTCGCGGCCATGCGCTGGGT,0,3286702
relBp,0.3333333333333333,2,2,CTCCTCTTGAAGGGAGTTTT,0,3263498
relBp,0.3333333333333333,2,2,CTCCTCACACGGACTCGACG,0,3279899
relBp,0.3333333333333333,2,2,CTCCGTATCTTGGGTCGATT,0,3258013
relBp,0.3333333333333333,2,2,CTCCGCTTCGATTTCGCGCA,0,3296171
relBp,0.3333333333333333,2,2,CTCCGAACTCCTAATAGTCC,0,3290186
relBp,0.3333333333333333,2,2,CTCCCGGAACAACGCGTCAC,0,3296338
relBp,0.3333333333333333,2,2,CTCCAGTGCTCACATCCTCA,0,3294720
relBp,0.3333333333333333,2,2,CTCCAGTGATTATGGAAACT,0,3264849
relBp,0.3333333333333333,2,2,CTCCAAATGCTGACTGGGGT,0,3277553
relBp,0.3333333333333333,2,2,CTCATTCGGCAGTTAAAGAC,0,3278892
relBp,0.3333333333333333,2,2,CTCATCAGGAAAGCGATCTA,0,3301140
relBp,0.3333333333333333,2,2,CTCATACTTATGAAATTGAC,0,3297160
relBp,0.3333333333333333,2,2,CTCAGTCGTGGTTGCTTCGA,0,3281692
relBp,0.3333333333333333,2,2,CTCAGTACCGTAGCCGACCG,0,3268370
relBp,0.3333333333333333,2,2,CTCAGGAGACAAGTCTACCC,0,3307659
relBp,0.3333333333333333,2,2,CTCACCTTTGCAACCCAATG,0,3301902
relBp,0.3333333333333333,2,2,CTATTTACAGGAAACGGCGG,0,3266632
relBp,0.3333333333333333,2,2,CTATTGCTTTAGTAAGTCAT,0,3260065
relBp,0.3333333333333333,2,2,CTATTCCAAGTGGTGATTTA,0,3270892
relBp,0.3333333333333333,2,2,CTATGTGAGCAAAATTTAGA,0,3281129
relBp,0.3333333333333333,2,2,CTATCACAGCAGTATATGTG,0,3264173
relBp,0.3333333333333333,2,2,CTAGTACTGAATCGGCCCAA,0,3266226
relBp,0.3333333333333333,2,2,CTAGCCACATGCGCAGTTCT,0,3298314
relBp,0.3333333333333333,2,2,CTAGAGGGGGGCTGTTCCGT,0,3286796
relBp,0.3333333333333333,2,2,CTAGAGCTACTTTCTATTCA,0,3262428
relBp,0.3333333333333333,2,2,CTAGAGCCATAGCGATGCGG,0,3308390
relBp,0.3333333333333333,2,2,CTACTAACTAATTGTGTGTG,0,3280115
relBp,0.3333333333333333,2,2,CTACGCTGTAATGGGGCGCC,0,3290662
relBp,0.3333333333333333,2,2,CTACGCAGAGCAAGGTATGA,0,3264508
relBp,0.3333333333333333,2,2,CTACATGTGCGCCTTGGCCG,0,3291468
relBp,0.3333333333333333,2,2,CTACACCGGTAAACCAGCAT,0,3299975
relBp,0.3333333333333333,2,2,CTAACTCATTCAGGTTAAAA,0,3280886
relBp,0.3333333333333333,2,2,CTAACGGATTTGCGTTCCTA,0,3278214
relBp,0.3333333333333333,2,2,CTAACACAGTCACTCTAGCA,0,3281018
relBp,0.3333333333333333,2,2,CTAAATCCGCTGCACGTTCA,0,3297880
relBp,0.3333333333333333,2,2,CGTTTCTGCTCAAAGCATCA,0,3275779
relBp,0.3333333333333333,2,2,CGTTTATCATTGCGTTTGAC,0,3258660
relBp,0.3333333333333333,2,2,CGTTGTCGCATTCTTAGACT,0,3269043
relBp,0.3333333333333333,2,2,CGTTATAATGTCACGGCTTA,0,3281279
relBp,0.3333333333333333,2,2,CGTTAGGGACCAGGTTCGCC,0,3292436
relBp,0.3333333333333333,2,2,CGTGGTACGATGGTCCCCGG,0,3308109
relBp,0.3333333333333333,2,2,CGTGGGTAGAGGTGGGGCAA,0,3290019
relBp,0.3333333333333333,2,2,CGTGGGACCCAGGGATCAGA,0,3273655
relBp,0.3333333333333333,2,2,CGTGCCTAGCCTGTATCTAC,0,3290140
relBp,0.3333333333333333,2,2,CGTGAGTACGTCGGGGACAG,0,3298475
relBp,0.3333333333333333,2,2,CGTGAGTACCTGACAGTGGT,0,3283273
relBp,0.3333333333333333,2,2,CGTGAGCTAACATCGTGATG,0,3302576
relBp,0.3333333333333333,2,2,CGTCTTCATCACATCTGATA,0,3262402
relBp,0.3333333333333333,2,2,CGTCTGATCGACAAGGTAAC,0,3268501
relBp,0.3333333333333333,2,2,CGTCTACTGCACCCAAGAAG,0,3305286
relBp,0.3333333333333333,2,2,CGTCGGCTCGACGGTGTATG,0,3307473
relBp,0.3333333333333333,2,2,CGTCCTCCGCGTGAGATAAA,0,3275118
relBp,0.3333333333333333,2,2,CGTCCTATGTTTGGCTGAAT,0,3263057
relBp,0.3333333333333333,2,2,CGTCCACCAATGGTGGACTC,0,3273109
relBp,0.3333333333333333,2,2,CGTCAAGCAAGGTTGGTGGA,0,3263881
relBp,0.3333333333333333,2,2,CGTATTATTGACTAACGCTA,0,3282470
relBp,0.3333333333333333,2,2,CGTATTAGGATATTGGAGTG,0,3298126
relBp,0.3333333333333333,2,2,CGTATAGACCCTGGCGCCCC,0,3269154
relBp,0.3333333333333333,2,2,CGTACAATAATATGCACGTT,0,3269758
relBp,0.3333333333333333,2,2,CGTAAGGACGGCGGGACGCC,0,3258756
relBp,0.3333333333333333,2,2,CGGTTTATTTAATGACTCAA,0,3292194
relBp,0.3333333333333333,2,2,CGGTTGGACGTATAGTTCGT,0,3279327
relBp,0.3333333333333333,2,2,CGGTTGAACCAAGCGTCCAC,0,3261356
relBp,0.3333333333333333,2,2,CGGTCATCGACTGAGCCTTA,0,3302376
relBp,0.3333333333333333,2,2,CGGTCAGTAGAACGGGGCTT,0,3298567
relBp,0.3333333333333333,2,2,CGGTCAATCGTCTTATTGCG,0,3262488
relBp,0.3333333333333333,2,2,CGGTATTGTACGCCAACGCC,0,3271123
relBp,0.3333333333333333,2,2,CGGGTTGAGCCTGTCCATAC,0,3298787
relBp,0.3333333333333333,2,2,CGGGTCATAGTCCTAGGATG,0,3293454
relBp,0.3333333333333333,2,2,CGGGTACTTTTTCTGGTCTA,0,3282310
relBp,0.3333333333333333,2,2,CGGGGCCGCACGTAGACCGC,0,3266158
relBp,0.3333333333333333,2,2,CGGGGAACATGCAGAATTTC,0,3262657
relBp,0.3333333333333333,2,2,CGGGCTATCTATTTTCGCGA,0,3256504
relBp,0.3333333333333333,2,2,CGGGCGCTACCTAACTAAAC,0,3308409
relBp,0.3333333333333333,2,2,CGGGCCATGTGAAGTCGCAT,0,3284380
relBp,0.3333333333333333,2,2,CGGGAGTGACGTTTATATGT,0,3289422
relBp,0.3333333333333333,2,2,CGGGAGTAAGATTTTCATTT,0,3301589
relBp,0.3333333333333333,2,2,CGGGACAACGATAAACGAAA,0,3295299
relBp,0.3333333333333333,2,2,CGGCGTGACCCTGAGCTCGC,0,3297279
relBp,0.3333333333333333,2,2,CGGCATACGTTCATCATGAC,0,3268699
relBp,0.3333333333333333,2,2,CGGATGTGCGAAGGGCTTGT,0,3259297
relBp,0.3333333333333333,2,2,CGGACATGTACATGTAGAAG,0,3271441
relBp,0.3333333333333333,2,2,CGGACAGTAGCGCGGATAGA,0,3258026
relBp,0.3333333333333333,2,2,CGGAAGCGAGCCAAATCTAG,0,3277684
relBp,0.3333333333333333,2,2,CGGAACGGAAAACGCGTTGA,0,3259705
relBp,0.3333333333333333,2,2,CGGAAACATCTTACTTTGAC,0,3262794
relBp,0.3333333333333333,2,2,CGCTTTCGCCGTTAGGAGGG,0,3279451
relBp,0.3333333333333333,2,2,CGCTTGTTCTTGATTCAATC,0,3260925
relBp,0.3333333333333333,2,2,CGCTTCTGAAACGAGCACCT,0,3293766
relBp,0.3333333333333333,2,2,CGCTTCTCTCCTCATGCACA,0,3264454
relBp,0.3333333333333333,2,2,CGCTGATAACAATGTGGATC,0,3285745
relBp,0.3333333333333333,2,2,CGCTGAGGTCCAGGGCGGGC,0,3287116
relBp,0.3333333333333333,2,2,CGCTCAATTCCACCATGACG,0,3277506
relBp,0.3333333333333333,2,2,CGCTACGCTGGGCAATGCCC,0,3257492
relBp,0.3333333333333333,2,2,CGCTAAAGCATGACCGAATG,0,3277387
relBp,0.3333333333333333,2,2,CGCGTAGTCGCAATGACATT,0,3302887
relBp,0.3333333333333333,2,2,CGCGGCGGCTTGCTAAAACA,0,3278633
relBp,0.3333333333333333,2,2,CGCGAGCGTTCCCAGCGGAA,0,3291013
relBp,0.3333333333333333,2,2,CGCGAAGTGTTCCCTCCGAC,0,3295277
relBp,0.3333333333333333,2,2,CGCCATACTCAGTTTGTATA,0,3304675
relBp,0.3333333333333333,2,2,CGCATTTAACTACACTTTGA,0,3268520
relBp,0.3333333333333333,2,2,CGCATCGTACCCGCTTATAA,0,3278541
relBp,0.3333333333333333,2,2,CGCATCCGGAAGTATTAAAA,0,3274061
relBp,0.3333333333333333,2,2,CGCATCATCTGACGCCGGAG,0,3294857
relBp,0.3333333333333333,2,2,CGCAGGATTTCGGGTAAGTG,0,3264144
relBp,0.3333333333333333,2,2,CGCACACGCCCCCCCTGTCG,0,3290716
relBp,0.3333333333333333,2,2,CGCAATCACTATTTGACGGT,0,3286365
relBp,0.3333333333333333,2,2,CGCAAAACTTTCGGCTCTGT,0,3292475
relBp,0.3333333333333333,2,2,CGATTTTCCTACACGCAGGC,0,3294692
relBp,0.3333333333333333,2,2,CGATTGGGTACTGTGGTAGG,0,3277974
relBp,0.3333333333333333,2,2,CGATTCTGCGGGCGGGACAG,0,3270846
relBp,0.3333333333333333,2,2,CGATTACTCGTTCTTCGTCT,0,3276625
relBp,0.3333333333333333,2,2,CGATCTATGTACGACCGAAT,0,3281241
relBp,0.3333333333333333,2,2,CGAGGGATATAGGGCAGCAA,0,3297399
relBp,0.3333333333333333,2,2,CGAGCGGGTCTGATAGTCTA,0,3281367
relBp,0.3333333333333333,2,2,CGAGCCGGATCTCTGGTGTA,0,3256614
relBp,0.3333333333333333,2,2,CGAGACATATTCCCCGCTTT,0,3262979
relBp,0.3333333333333333,2,2,CGACTGGATTACAAGATTTG,0,3290118
relBp,0.3333333333333333,2,2,CGACGAGTACTGGCCTAGGA,0,3270451
relBp,0.3333333333333333,2,2,CGACCCAACGGGCCGTTTGG,0,3290952
relBp,0.3333333333333333,2,2,CGACATTTCTACGTATCGGT,0,3278488
relBp,0.3333333333333333,2,2,CGACATTAGACGTTCATATA,0,3256186
relBp,0.3333333333333333,2,2,CGAATAACTAAGAAATGAGA,0,3272743
relBp,0.3333333333333333,2,2,CGAAGGGCTCGAGGGTGAAC,0,3305166
relBp,0.3333333333333333,2,2,CGAAGGCGCAATGTTGGGGG,0,3304846
relBp,0.3333333333333333,2,2,CGAAGGACTTCTGAGATCGG,0,3285578
relBp,0.3333333333333333,2,2,CGAACTGGCTGATTGTCCTA,0,3300994
relBp,0.3333333333333333,2,2,CGAACTAAGCCAAGCACCTA,0,3300202
relBp,0.3333333333333333,2,2,CGAAATGCCCGAATCCTTGA,0,3266447
relBp,0.3333333333333333,2,2,CGAAAATCAGACTTCCCTTT,0,3282299
relBp,0.3333333333333333,2,2,CCTTTACACCTTTTTATTGC,0,3304789
relBp,0.3333333333333333,2,2,CCTTGTGCGGGCACTATGTG,0,3281643
relBp,0.3333333333333333,2,2,CCTTGGGTTTTTCTCGTATC,0,3279270
relBp,0.3333333333333333,2,2,CCTTCGCAAATTAGAATCGG,0,3293027
relBp,0.3333333333333333,2,2,CCTTCAAGATAACGGTTGGT,0,3297992
relBp,0.3333333333333333,2,2,CCTGTGTGTATCACACCAGT,0,3300937
relBp,0.3333333333333333,2,2,CCTGGGTTTTGTGACCTCAT,0,3283810
relBp,0.3333333333333333,2,2,CCTGGAGTTTTCAGGAGTCC,0,3305067
relBp,0.3333333333333333,2,2,CCTGCTTACTTCGTATAACC,0,3281753
relBp,0.3333333333333333,2,2,CCTCTCTAGCTGGCCCTTCA,0,3271163
relBp,0.3333333333333333,2,2,CCTCAAGGAAATATTCTTAT,0,3260610
relBp,0.3333333333333333,2,2,CCTCAACTAGGGGTGAACAC,0,3288859
relBp,0.3333333333333333,2,2,CCTATTACTCCTAAATTGAT,0,3294339
relBp,0.3333333333333333,2,2,CCTAGTATTCATCACGAACT,0,3303408
relBp,0.3333333333333333,2,2,CCTAGAGACATGCGACTAGG,0,3260218
relBp,0.3333333333333333,2,2,CCGTGTACAACCCTCTATAA,0,3267384
relBp,0.3333333333333333,2,2,CCGGGTCTGACGTCCGTTTG,0,3261021
relBp,0.3333333333333333,2,2,CCGGGCTCCATTCGCGCGTA,0,3266690
relBp,0.3333333333333333,2,2,CCGGCCGGCATCTATTATTC,0,3274575
relBp,0.3333333333333333,2,2,CCGGATGAGGGCTTACAGAT,0,3289277
relBp,0.3333333333333333,2,2,CCGGAGTACCACTAATGCGA,0,3288232
relBp,0.3333333333333333,2,2,CCGGAAAGTTTGCGTGGTTT,0,3288388
relBp,0.3333333333333333,2,2,CCGCGTGGTCTAAAACATCA,0,3280733
relBp,0.3333333333333333,2,2,CCGCGTCTCAATATATCCTG,0,3263855
relBp,0.3333333333333333,2,2,CCGAGGGCATGTCGGAACTA,0,3301776
relBp,0.3333333333333333,2,2,CCGAGAATTCATTTGGCGCA,0,3307001
relBp,0.3333333333333333,2,2,CCGACTTAGGAAGAAATCGA,0,3297248
relBp,0.3333333333333333,2,2,CCGACAGGTTCGAGCGGGTA,0,3297026
relBp,0.3333333333333333,2,2,CCGAATCATAAGCGTCGATT,0,3299486
relBp,0.3333333333333333,2,2,CCCTTGGGTTGCACCAAAAA,0,3275902
relBp,0.3333333333333333,2,2,CCCTTCTCATTTCAACAATG,0,3295988
relBp,0.3333333333333333,2,2,CCCTTCCTTGATGCCCCCTC,0,3267232
relBp,0.3333333333333333,2,2,CCCTTAGCTTCGGACCTAAG,0,3285861
relBp,0.3333333333333333,2,2,CCCTGCTTCGATCGTTATTC,0,3260625
relBp,0.3333333333333333,2,2,CCCTGAAGAGGCTCTCATGA,0,3304837
relBp,0.3333333333333333,2,2,CCCTCGGGAAATATATAGGA,0,3275966
relBp,0.3333333333333333,2,2,CCCGTACGTGCGGGATCTAA,0,3271247
relBp,0.3333333333333333,2,2,CCCGGTAACGCCCCTACAAA,0,3268443
relBp,0.3333333333333333,2,2,CCCCCCCCCATTGCTCTCCG,0,3276680
relBp,0.3333333333333333,2,2,CCCATGTGAACATCGCCTAG,0,3282114
relBp,0.3333333333333333,2,2,CCCATGGCACAGAGGGTGCT,0,3297398
relBp,0.3333333333333333,2,2,CCCATCTGGATTGATTTAGG,0,3296360
relBp,0.3333333333333333,2,2,CCCATAGAGCAGCGGGTCTG,0,3257024
relBp,0.3333333333333333,2,2,CCCAGTTCTCTCTGTACCTC,0,3274889
relBp,0.3333333333333333,2,2,CCCACTGAATTAAATAGTCG,0,3292155
relBp,0.3333333333333333,2,2,CCCACCATTTTTTATTGTCA,0,3299594
relBp,0.3333333333333333,2,2,CCATTTTGTGTAAAATTGTT,0,3284785
relBp,0.3333333333333333,2,2,CCATTGAATCCGGTCTAAAC,0,3277773
relBp,0.3333333333333333,2,2,CCATCTACAATCGCTCCAGA,0,3283562
relBp,0.3333333333333333,2,2,CCATCGGAGGGTAACTATGC,0,3265956
relBp,0.3333333333333333,2,2,CCATAGAATACCCAGGGTCC,0,3286548
relBp,0.3333333333333333,2,2,CCATAAGATACATTTTCGGT,0,3297827
relBp,0.3333333333333333,2,2,CCAGTTTGCTTCAAAGGACT,0,3292206
relBp,0.3333333333333333,2,2,CCAGCTACTACGCACGCCTA,0,3257125
relBp,0.3333333333333333,2,2,CCAGAAAAAACCGTGAGGAT,0,3280132
relBp,0.3333333333333333,2,2,CCACTTAGGCGACAGAAGCC,0,3304323
relBp,0.3333333333333333,2,2,CCACTCGTCCGTCAGCGCGT,0,3279903
relBp,0.3333333333333333,2,2,CCACGTCCCGCTCCCGGAAC,0,3269680
relBp,0.3333333333333333,2,2,CCACCACTCGCTACGAATCT,0,3300532
relBp,0.3333333333333333,2,2,CCACCAACCTCCCTCTAGCA,0,3268172
relBp,0.3333333333333333,2,2,CCAACGCCACCCACTGGGGC,0,3295080
relBp,0.3333333333333333,2,2,CCAACAGTCCATTTGAATTT,0,3264109
relBp,0.3333333333333333,2,2,CCAAATGCCGCTACTTGTGA,0,3287142
relBp,0.3333333333333333,2,2,CCAAATGAAACTGTTCGTCG,0,3300144
relBp,0.3333333333333333,2,2,CCAAAGGATCCAAATTTGAG,0,3282014
relBp,0.3333333333333333,2,2,CATTGAACCACGTCTATGTT,0,3297850
relBp,0.3333333333333333,2,2,CATGTTGCCTTGGTATCCGT,0,3299466
relBp,0.3333333333333333,2,2,CATGTTGAATGACACCTTGA,0,3303176
relBp,0.3333333333333333,2,2,CATGTGTATGAGTGTTTTAC,0,3258599
relBp,0.3333333333333333,2,2,CATGTCGTAGCAATGGGCGG,0,3279781
relBp,0.3333333333333333,2,2,CATCTTCTATTATCGCCATT,0,3257787
relBp,0.3333333333333333,2,2,CATCTAACTTTTTGTGCACA,0,3306725
relBp,0.3333333333333333,2,2,CATCGTGGGTTAGGTACCAA,0,3274411
relBp,0.3333333333333333,2,2,CATCGCATGGGGATATCTGT,0,3293944
relBp,0.3333333333333333,2,2,CATCACAATAGTCACTAAAC,0,3304076
relBp,0.3333333333333333,2,2,CATCAATTAAATGGTCCTGC,0,3265852
relBp,0.3333333333333333,2,2,CATCAATATCTTGCAGATCT,0,3276527
relBp,0.3333333333333333,2,2,CATATTAGCGGGCAACACCA,0,3289985
relBp,0.3333333333333333,2,2,CATATGACTCCACAGCAGAT,0,3282348
relBp,0.3333333333333333,2,2,CATAGTAAACGGAGTTCTAG,0,3304610
relBp,0.3333333333333333,2,2,CATAGGAAACAATGCGATTA,0,3276791
relBp,0.3333333333333333,2,2,CATACTTGCCCTATCTACGC,0,3303473
relBp,0.3333333333333333,2,2,CATACGAGGCTATCTTGCGA,0,3283702
relBp,0.3333333333333333,2,2,CATAAAACAAATCACCTGAT,0,3259810
relBp,0.3333333333333333,2,2,CAGTGTTAGATGCCGGATTA,0,3297147
relBp,0.3333333333333333,2,2,CAGTCTACAATGACCTGCCT,0,3285015
relBp,0.3333333333333333,2,2,CAGTATGACCCGTCCCTTCA,0,3261786
relBp,0.3333333333333333,2,2,CAGTACCCCCCGCAGTCGCT,0,3289698
relBp,0.3333333333333333,2,2,CAGGTTGTTCCGTTGTTCAC,0,3263514
relBp,0.3333333333333333,2,2,CAGGGATATAAGTTTTCAAC,0,3300145
relBp,0.3333333333333333,2,2,CAGGGACTGTGGCTACACTG,0,3271965
relBp,0.3333333333333333,2,2,CAGGCCGCCCGTTGTCATAC,0,3274459
relBp,0.3333333333333333,2,2,CAGGCAACCCCTGTGCCAAC,0,3291212
relBp,0.3333333333333333,2,2,CAGGATAAGTCTGTAGTTAG,0,3269067
relBp,0.3333333333333333,2,2,CAGCTTTAAAGCATGCTCCC,0,3265539
relBp,0.3333333333333333,2,2,CAGCTGGGGCACATTGCGTT,0,3265312
relBp,0.3333333333333333,2,2,CAGCCCGAACGCACACTTGA,0,3276634
relBp,0.3333333333333333,2,2,CAGCACTTCAATCCATGTGC,0,3273937
relBp,0.3333333333333333,2,2,CAGCAATAGGTCTGTTTAGT,0,3264986
relBp,0.3333333333333333,2,2,CAGCAAACACGGTGCCACGC,0,3278512
relBp,0.3333333333333333,2,2,CAGCAAAATAAGTAGCATCA,0,3302593
relBp,0.3333333333333333,2,2,CAGACAGATTCTCTCAATCT,0,3265768
relBp,0.3333333333333333,2,2,CAGAATTAATCTTTACGCTT,0,3259885
relBp,0.3333333333333333,2,2,CAGAAAATGTCAACGTTGAC,0,3279538
relBp,0.3333333333333333,2,2,CACTGATTCACGAAATTGCG,0,3269996
relBp,0.3333333333333333,2,2,CACTCTAATGTACGAGCGAG,0,3257803
relBp,0.3333333333333333,2,2,CACTATATTCCTATCATGAA,0,3306782
relBp,0.3333333333333333,2,2,CACGTCCGCGCGTTCTTCGC,0,3271501
relBp,0.3333333333333333,2,2,CACGGTCCAAGGATCTAGCA,0,3267752
relBp,0.3333333333333333,2,2,CACGCCAGAATTTTAATCGA,0,3302060
relBp,0.3333333333333333,2,2,CACGCACGTAGGGCGAAACC,0,3280031
relBp,0.3333333333333333,2,2,CACGAGGTTCTTCACTCCTG,0,3260264
relBp,0.3333333333333333,2,2,CACGAAAGAAAGGAGTTGAA,0,3276859
relBp,0.3333333333333333,2,2,CACCGGTAATAGCTATGGGA,0,3263179
relBp,0.3333333333333333,2,2,CACCGGCCGTCAGGAGGAAC,0,3260984
relBp,0.3333333333333333,2,2,CACCCTCAGCCAGAATCTAC,0,3289806
relBp,0.3333333333333333,2,2,CACCCCTGGTGCTCGATGAG,0,3260797
relBp,0.3333333333333333,2,2,CACCCCGAAACAACACAATG,0,3299559
relBp,0.3333333333333333,2,2,CACATACGCTGTCCTTCACA,0,3274586
relBp,0.3333333333333333,2,2,CACAGCAGGAGTATACCGGG,0,3256262
relBp,0.3333333333333333,2,2,CACACGATGTAAACTGCAAG,0,3285179
relBp,0.3333333333333333,2,2,CACAACTCCGGACGTTCAAT,0,3302936
relBp,0.3333333333333333,2,2,CAATTCAACATCTATAGCCA,0,3262668
relBp,0.3333333333333333,2,2,CAATGCGAGATAATCACGTC,0,3286657
relBp,0.3333333333333333,2,2,CAATACACTTTTCAGAGAGG,0,3299458
relBp,0.3333333333333333,2,2,CAAGTGTTCGATGTTGGCTA,0,3283303
relBp,0.3333333333333333,2,2,CAAGTGAACAAAATGCCGAT,0,3292236
relBp,0.3333333333333333,2,2,CAAGCCAGGATCGTATCAGA,0,3263280
relBp,0.3333333333333333,2,2,CAACTCAAAGGTATGCGTTG,0,3264497
relBp,0.3333333333333333,2,2,CAACGTATAGCAACGATCTA,0,3256946
relBp,0.3333333333333333,2,2,CAACCTGTGAGCAACTCGAA,0,3305290
relBp,0.3333333333333333,2,2,CAACCGTAACCCCTGAACTG,0,3262542
relBp,0.3333333333333333,2,2,CAACATCAGCCAAATTTAAA,0,3278388
relBp,0.3333333333333333,2,2,CAACACGCGTCGCTTTCGAT,0,3294680
relBp,0.3333333333333333,2,2,CAACAACGGACTGCGTCTCT,0,3269506
relBp,0.3333333333333333,2,2,CAAAGATTTTGTTACCTGAA,0,3269964
relBp,0.3333333333333333,2,2,CAAACTGCTACCTTAGGGTG,0,3275941
relBp,0.3333333333333333,2,2,ATTTTTTTGGAGGCTAGAGA,0,3265981
relBp,0.3333333333333333,2,2,ATTTGCACTCGACCATTCTA,0,3304930
relBp,0.3333333333333333,2,2,ATTTCGCCTCCTGATCTAGG,0,3273309
relBp,0.3333333333333333,2,2,ATTTCCCGGACTATCTAGAA,0,3259507
relBp,0.3333333333333333,2,2,ATTTCACGGTATCTTCACTC,0,3288485
relBp,0.3333333333333333,2,2,ATTTAGGTGCATAGGGCGGG,0,3271774
relBp,0.3333333333333333,2,2,ATTTAAACGCGTAGAGCAAT,0,3286182
relBp,0.3333333333333333,2,2,ATTGTGGACTCGCTGTCCGA,0,3303170
relBp,0.3333333333333333,2,2,ATTGGCCCGGTCTGTATAAC,0,3295674
relBp,0.3333333333333333,2,2,ATTGCTATGCCACGTGTAGT,0,3262860
relBp,0.3333333333333333,2,2,ATTGCTATCAGCAAGCTCTA,0,3282636
relBp,0.3333333333333333,2,2,ATTCTCGATAAGGTATTCCT,0,3264309
relBp,0.3333333333333333,2,2,ATTCCCTTGCCTCTATAATT,0,3264902
relBp,0.3333333333333333,2,2,ATTCCCTGAATTGCATGTCT,0,3304966
relBp,0.3333333333333333,2,2,ATTCCAAGCCATGTGCGGAC,0,3294480
relBp,0.3333333333333333,2,2,ATTCATGGGGGTGACTTTAT,0,3256074
relBp,0.3333333333333333,2,2,ATTAGAGAAGCTTGGGCTAG,0,3301019
relBp,0.3333333333333333,2,2,ATTACTTATATCATTGTATC,0,3278823
relBp,0.3333333333333333,2,2,ATTACGAAATCCATAGTAAC,0,3274347
relBp,0.3333333333333333,2,2,ATTAAGACAACCAACTTGCT,0,3308076
relBp,0.3333333333333333,2,2,ATGTTTGGCAAACTCATATC,0,3263819
relBp,0.3333333333333333,2,2,ATGTTCACCGTCACGCAAAA,0,3265947
relBp,0.3333333333333333,2,2,ATGTTACAATGGGCCAATAG,0,3278884
relBp,0.3333333333333333,2,2,ATGTCGATTGGGACAGAGAT,0,3287486
relBp,0.3333333333333333,2,2,ATGTAAGTCAATCCCGGACG,0,3272505
relBp,0.3333333333333333,2,2,ATGTAACGAAGTGGTCCTAT,0,3262641
relBp,0.3333333333333333,2,2,ATGGTAGTCAAGCTATCTAG,0,3285400
relBp,0.3333333333333333,2,2,ATGGGTGGTTAGGAGGTTAA,0,3303930
relBp,0.3333333333333333,2,2,ATGGGGCAGGGGCATTCGAA,0,3296281
relBp,0.3333333333333333,2,2,ATGGGAAAACCCAATTCAAG,0,3285827
relBp,0.3333333333333333,2,2,ATGGCGAGGTGACAGCAAGT,0,3269110
relBp,0.3333333333333333,2,2,ATGGCCTCCTTGATACGATA,0,3258346
relBp,0.3333333333333333,2,2,ATGGAGTTTGTCCCCTACAT,0,3272172
relBp,0.3333333333333333,2,2,ATGGAGCAAAAATGCCTATT,0,3307467
relBp,0.3333333333333333,2,2,ATGCCGGCATACGCATCAGT,0,3286392
relBp,0.3333333333333333,2,2,ATGCATGTACTCACGAGTAT,0,3259243
relBp,0.3333333333333333,2,2,ATGCATGAGAAAGGGGACGA,0,3261114
relBp,0.3333333333333333,2,2,ATGCAACGGATTCGCGGCGA,0,3295273
relBp,0.3333333333333333,2,2,ATGATACAAATTTCTTAAGT,0,3295878
relBp,0.3333333333333333,2,2,ATGAGTCACAGCCACCCACT,0,3272511
relBp,0.3333333333333333,2,2,ATGAGACAGCTCGGCCAGGG,0,3285960
relBp,0.3333333333333333,2,2,ATGACTTAGCGAGATACGTG,0,3303604
relBp,0.3333333333333333,2,2,ATGACCACGCGGCCTTGCAT,0,3283202
relBp,0.3333333333333333,2,2,ATGACAACAAATAAGAAAAT,0,3273030
relBp,0.3333333333333333,2,2,ATGAATCGTGCCCGCCACAC,0,3280368
relBp,0.3333333333333333,2,2,ATGAAGGTACGTACGTTGGG,0,3307226
relBp,0.3333333333333333,2,2,ATCTGTCCGACCATTATGAA,0,3259513
relBp,0.3333333333333333,2,2,ATCTGAATTTGATGACTGTT,0,3261375
relBp,0.3333333333333333,2,2,ATCTCGAGACAGTTTTGGAC,0,3306640
relBp,0.3333333333333333,2,2,ATCTCACGACAACTGATAGC,0,3263944
relBp,0.3333333333333333,2,2,ATCTCAAGCAGGGATCCAAA,0,3298865
relBp,0.3333333333333333,2,2,ATCTAGGCGCGCTTGGGGAC,0,3272285
relBp,0.3333333333333333,2,2,ATCTAAGATATAATATGGTT,0,3296772
relBp,0.3333333333333333,2,2,ATCGTTTTAGAGGGTGATAA,0,3290928
relBp,0.3333333333333333,2,2,ATCGGTATCTTTTTAGACTA,0,3259525
relBp,0.3333333333333333,2,2,ATCGGGGCATAGTCCGGACA,0,3276464
relBp,0.3333333333333333,2,2,ATCGGCATCCTCATTTCTAG,0,3305227
relBp,0.3333333333333333,2,2,ATCGGAGTCTGGTTCTCATT,0,3294220
relBp,0.3333333333333333,2,2,ATCGGACAAGCCTCCCTAGT,0,3295247
relBp,0.3333333333333333,2,2,ATCGCGGTTTAAATACGGTA,0,3294638
relBp,0.3333333333333333,2,2,ATCGCAGACAACATTGTAAT,0,3286154
relBp,0.3333333333333333,2,2,ATCGACATCCTCGAAGGTGC,0,3281157
relBp,0.3333333333333333,2,2,ATCCGAAGTTTAAGCGATTT,0,3301594
relBp,0.3333333333333333,2,2,ATCCCGCGTTGATGCCTGAG,0,3263827
relBp,0.3333333333333333,2,2,ATCCCCGCTTGGTAACTGAG,0,3259347
relBp,0.3333333333333333,2,2,ATCATTTCCCATGTGCACAC,0,3308199
relBp,0.3333333333333333,2,2,ATCATGTATTTGTCTTGAAA,0,3302441
relBp,0.3333333333333333,2,2,ATCATATCGGATTCAGCCCT,0,3298107
relBp,0.3333333333333333,2,2,ATCAGCATCCATGGCGGGCT,0,3265664
relBp,0.3333333333333333,2,2,ATCACAATGGGGTCACGTTG,0,3284363
relBp,0.3333333333333333,2,2,ATATTCTAGCAAGGTCTTAT,0,3258335
relBp,0.3333333333333333,2,2,ATATTACCCCCCACGACGTT,0,3284509
relBp,0.3333333333333333,2,2,ATATCGTACCCGGTGATCAG,0,3284263
relBp,0.3333333333333333,2,2,ATATATTGCGTCTTTTCCTC,0,3302020
relBp,0.3333333333333333,2,2,ATATACGAAGTATAATCAGT,0,3287480
relBp,0.3333333333333333,2,2,ATATACCCACTCGCGGTGTG,0,3266941
relBp,0.3333333333333333,2,2,ATATACCCACTCACAATGTA,0,3263863
relBp,0.3333333333333333,2,2,ATAGTCCGGGATCCACGTGT,0,3271029
relBp,0.3333333333333333,2,2,ATAGGTCCCGTATATCCAAT,0,3271293
relBp,0.3333333333333333,2,2,ATAGGGTTCAGTACCTAGCA,0,3298468
relBp,0.3333333333333333,2,2,ATAGGCCACACGCTATGAAG,0,3293191
relBp,0.3333333333333333,2,2,ATAGCAATATACTTCGGGCA,0,3293882
relBp,0.3333333333333333,2,2,ATAGAGAACTGCACAGAACT,0,3268253
relBp,0.3333333333333333,2,2,ATACTTAGACCGAGGCACCA,0,3289916
relBp,0.3333333333333333,2,2,ATACTCGCCCCAGCGCGTTC,0,3291628
relBp,0.3333333333333333,2,2,ATACGCTTTACTAACGGGCA,0,3279528
relBp,0.3333333333333333,2,2,ATACGCCCACAACTAGGTGT,0,3294525
relBp,0.3333333333333333,2,2,ATACCATACGATACACGGCT,0,3308579
relBp,0.3333333333333333,2,2,ATACACTCGTGCATATCGAC,0,3277048
relBp,0.3333333333333333,2,2,ATACAAATTTACCCGGAGCA,0,3285467
relBp,0.3333333333333333,2,2,ATAAGACCAAGCGAACAAAG,0,3280871
relBp,0.3333333333333333,2,2,ATAACTACTTCTAATCAGTT,0,3275438
relBp,0.3333333333333333,2,2,AGTTTGTAGGGCGTCTCGTA,0,3285244
relBp,0.3333333333333333,2,2,AGTTGACGTTAGCACCCGTG,0,3305578
relBp,0.3333333333333333,2,2,AGTTGAAGAGGGTTTCATCG,0,3258450
relBp,0.3333333333333333,2,2,AGTGTTTGACGTCTTTTTTG,0,3302710
relBp,0.3333333333333333,2,2,AGTGTTCGGAATAGTAACCC,0,3258484
relBp,0.3333333333333333,2,2,AGTGTGTGCCACCGGTCAGC,0,3272647
relBp,0.3333333333333333,2,2,AGTGTGCTAGTACATCCTCA,0,3269235
relBp,0.3333333333333333,2,2,AGTGGAGATCCCAGGTTCAT,0,3273328
relBp,0.3333333333333333,2,2,AGTCTTATTTGCGAGCTAGT,0,3278307
relBp,0.3333333333333333,2,2,AGTCGCCCCCTAGCTCAAAT,0,3290031
relBp,0.3333333333333333,2,2,AGTCGCATCATAAAATACAC,0,3292609
relBp,0.3333333333333333,2,2,AGTCAAATGACAGGTTGCAG,0,3292484
relBp,0.3333333333333333,2,2,AGTATTCGAAGGACCTCACA,0,3277699
relBp,0.3333333333333333,2,2,AGTATGGTTTGTCTTGCCCC,0,3257552
relBp,0.3333333333333333,2,2,AGTATCTCCGAGTGACTTGT,0,3282521
relBp,0.3333333333333333,2,2,AGTATATTCGACATATAGGT,0,3277133
relBp,0.3333333333333333,2,2,AGTACCCTTGAAACACTTGT,0,3286428
relBp,0.3333333333333333,2,2,AGTAAATATGACTGATCAGT,0,3281187
relBp,0.3333333333333333,2,2,AGGTTTTCGGTGGCTATAAC,0,3306277
relBp,0.3333333333333333,2,2,AGGTGGACCCGACTCGAGGG,0,3286015
relBp,0.3333333333333333,2,2,AGGTGACGACGCACGCGGGG,0,3288018
relBp,0.3333333333333333,2,2,AGGTATCGCCATTGCCGTCA,0,3264907
relBp,0.3333333333333333,2,2,AGGTAGTCTTCTGCTGTTAC,0,3268832
relBp,0.3333333333333333,2,2,AGGTAGACGTAAACAGTCTA,0,3284645
relBp,0.3333333333333333,2,2,AGGTACGAGATTAATTCGAC,0,3297937
relBp,0.3333333333333333,2,2,AGGTACATACTTTGGGCGAG,0,3263679
relBp,0.3333333333333333,2,2,AGGTAAGAAGCTCATAATTT,0,3287806
relBp,0.3333333333333333,2,2,AGGGTTCTTTGGCGTGTGCA,0,3265484
relBp,0.3333333333333333,2,2,AGGGTGTAAATGACCGGAGG,0,3302486
relBp,0.3333333333333333,2,2,AGGGTAGCACGCGAGTAGCT,0,3279256
relBp,0.3333333333333333,2,2,AGGGTACGCACCCACGCGGT,0,3297339
relBp,0.3333333333333333,2,2,AGGGGTGATTCTTGCGTCTT,0,3275423
relBp,0.3333333333333333,2,2,AGGGGCATGCCGCTATAAAT,0,3289850
relBp,0.3333333333333333,2,2,AGGGGATGCGTCTGAATATT,0,3290016
relBp,0.3333333333333333,2,2,AGGGCTGCTTACGCATAGAC,0,3256575
relBp,0.3333333333333333,2,2,AGGGCGGAAGTTCCGCGTGT,0,3295592
relBp,0.3333333333333333,2,2,AGGGCGACCGATAATGGTTA,0,3292503
relBp,0.3333333333333333,2,2,AGGGAAATATCGTTGTGTTA,0,3258179
relBp,0.3333333333333333,2,2,AGGCGTAGCGCTATCTGCAG,0,3302039
relBp,0.3333333333333333,2,2,AGGCGCCCTACCACGAGCCA,0,3275445
relBp,0.3333333333333333,2,2,AGGCGCATAACTATAGAACA,0,3268178
relBp,0.3333333333333333,2,2,AGGCAAGTTATGACCCTTTC,0,3291836
relBp,0.3333333333333333,2,2,AGGAGATATGGTTTACAAAC,0,3284326
relBp,0.3333333333333333,2,2,AGGACCAGTCCGGCTTTTTG,0,3258989
relBp,0.3333333333333333,2,2,AGGAAGGCGCGCCGTCACGT,0,3298616
relBp,0.3333333333333333,2,2,AGGAAGCAAAGCTGTCCCTT,0,3299116
relBp,0.3333333333333333,2,2,AGGAAATACTGAGTATGGCA,0,3283035
relBp,0.3333333333333333,2,2,AGGAAAATCACGTCAGCGTC,0,3270342
relBp,0.3333333333333333,2,2,AGCTGTAATTCCAGACAAGA,0,3304166
relBp,0.3333333333333333,2,2,AGCTGGACGGGAGTGCTCTA,0,3287283
relBp,0.3333333333333333,2,2,AGCTCCGAGCGCTGCTACTG,0,3305247
relBp,0.3333333333333333,2,2,AGCTAACGGGGCGGACCCCA,0,3294225
relBp,0.3333333333333333,2,2,AGCGGTTGTGTAGGGTTACA,0,3256668
relBp,0.3333333333333333,2,2,AGCGGACGTTTAAGCACAAC,0,3285255
relBp,0.3333333333333333,2,2,AGCGGAATCTGCTATCGCAT,0,3278176
relBp,0.3333333333333333,2,2,AGCGCTTGCTGTGACTGTAC,0,3257784
relBp,0.3333333333333333,2,2,AGCGATGCGATACGTCTTTG,0,3303015
relBp,0.3333333333333333,2,2,AGCCTTGTTAAGTGGGGGCG,0,3302807
relBp,0.3333333333333333,2,2,AGCCGTCCTGCAAGGGCTCC,0,3305065
relBp,0.3333333333333333,2,2,AGCCCGACACTTGAGGGAGT,0,3274624
relBp,0.3333333333333333,2,2,AGCCACTCAAAACACATGTC,0,3285947
relBp,0.3333333333333333,2,2,AGCCAAGCTTGACGCGCGAC,0,3280161
relBp,0.3333333333333333,2,2,AGCACCACAGGTGAGTAGAT,0,3273024
relBp,0.3333333333333333,2,2,AGATTTCAACAGCGAACGTG,0,3301905
relBp,0.3333333333333333,2,2,AGATGTGGAACTTTCATGTT,0,3297797
relBp,0.3333333333333333,2,2,AGATCCTTCTCGTCACACTT,0,3282754
relBp,0.3333333333333333,2,2,AGATCACAGACAGTTTTGGA,0,3283080
relBp,0.3333333333333333,2,2,AGATAAGACGTTTCATTGGG,0,3301238
relBp,0.3333333333333333,2,2,AGAGTCATATCACTATCCTT,0,3304569
relBp,0.3333333333333333,2,2,AGAGCCCGACAAGGAACAAA,0,3300895
relBp,0.3333333333333333,2,2,AGAGCATATATGGTAGTACT,0,3267771
relBp,0.3333333333333333,2,2,AGAGCAGAAGGATGAAACGC,0,3266294
relBp,0.3333333333333333,2,2,AGAGAGGCAAACGTACGCCT,0,3304390
relBp,0.3333333333333333,2,2,AGAGACAGGGGGCGAAGTTT,0,3265108
relBp,0.3333333333333333,2,2,AGAGAACTCCCCAGTATGCT,0,3308605
relBp,0.3333333333333333,2,2,AGACGACGCCATTACAGGTG,0,3280321
relBp,0.3333333333333333,2,2,AGACAGGCATGGACGGCGCT,0,3298928
relBp,0.3333333333333333,2,2,AGACACCGCAGAATATTACT,0,3286206
relBp,0.3333333333333333,2,2,AGACAAGTCCTTTGAAGTAG,0,3276416
relBp,0.3333333333333333,2,2,AGAAGTGATTGACAACAAAT,0,3299979
relBp,0.3333333333333333,2,2,AGAAGTGAGATTTCCTGTAA,0,3300704
relBp,0.3333333333333333,2,2,AGAAGGCGCAAAAGTACACA,0,3266401
relBp,0.3333333333333333,2,2,AGAAGCTGTGTGTTTCCTTT,0,3281726
relBp,0.3333333333333333,2,2,AGAACTGTTTTATCCTCTGG,0,3285478
relBp,0.3333333333333333,2,2,AGAACGGGGATCTTGATTTT,0,3308281
relBp,0.3333333333333333,2,2,AGAACGCACAGGCCACCCGA,0,3272199
relBp,0.3333333333333333,2,2,ACTTGGTGTCCGCCCGGCTG,0,3303827
relBp,0.3333333333333333,2,2,ACTTGGCGTATGCTGCCATG,0,3276534
relBp,0.3333333333333333,2,2,ACTTGATTAGTTTTGTTTCT,0,3268159
relBp,0.3333333333333333,2,2,ACTTATATCAGCCTAGCCTC,0,3269326
relBp,0.3333333333333333,2,2,ACTTAACGCACTCGAGACTT,0,3262948
relBp,0.3333333333333333,2,2,ACTGTAGTACGAGGAAATAA,0,3295276
relBp,0.3333333333333333,2,2,ACTGGCTCGAGACTCATGCG,0,3291616
relBp,0.3333333333333333,2,2,ACTGCGGTACACCAGTGGGG,0,3265534
relBp,0.3333333333333333,2,2,ACTCTGTAGAGACGGATCAC,0,3304677
relBp,0.3333333333333333,2,2,ACTCGTTATATGCTTTGCAG,0,3305288
relBp,0.3333333333333333,2,2,ACTCGTAGCTACTCCCGTGC,0,3265391
relBp,0.3333333333333333,2,2,ACTCCCCCGCGCGCCTGGCA,0,3298463
relBp,0.3333333333333333,2,2,ACTCCAAGTTACAGACTCCG,0,3258458
relBp,0.3333333333333333,2,2,ACTATTGGTATTCTGACTCT,0,3286184
relBp,0.3333333333333333,2,2,ACTATCTTGGAAGTGCGCTA,0,3262040
relBp,0.3333333333333333,2,2,ACTAGGGGTCCAGCACCAGT,0,3294408
relBp,0.3333333333333333,2,2,ACTAGCGTTAGGTGTAAACT,0,3288136
relBp,0.3333333333333333,2,2,ACTACGGACTAAGGTTGGAC,0,3304069
relBp,0.3333333333333333,2,2,ACTACGCTTACCGGTGGAAT,0,3258262
relBp,0.3333333333333333,2,2,ACTAACGTACGCAAGGATCA,0,3266348
relBp,0.3333333333333333,2,2,ACTAACCTGTTTGACGCGAT,0,3278346
relBp,0.3333333333333333,2,2,ACTAACCCTCCCGGGGGAGG,0,3290255
relBp,0.3333333333333333,2,2,ACGTGCAGCGACAGCAGGGA,0,3258606
relBp,0.3333333333333333,2,2,ACGTCGTAAAATCCTGTTTT,0,3293328
relBp,0.3333333333333333,2,2,ACGTCAGACGCTACCAGCTG,0,3291200
relBp,0.3333333333333333,2,2,ACGTCAAGGAGATCTCATTT,0,3262609
relBp,0.3333333333333333,2,2,ACGTACCTTTCGGGGATGTC,0,3267125
relBp,0.3333333333333333,2,2,ACGGTGCTTGTAGGAATGCG,0,3264743
relBp,0.3333333333333333,2,2,ACGGGTACGGGTGGCGCGAC,0,3275564
relBp,0.3333333333333333,2,2,ACGGGGTTGGCAAAGACGCT,0,3264537
relBp,0.3333333333333333,2,2,ACGGGCGTAGGTTTTAACCT,0,3280141
relBp,0.3333333333333333,2,2,ACGGCGGCTGGATGGTTGGC,0,3285087
relBp,0.3333333333333333,2,2,ACGGCACAACGGGGCGTCAT,0,3285633
relBp,0.3333333333333333,2,2,ACGGATCGGCGGCGCGATTA,0,3258817
relBp,0.3333333333333333,2,2,ACGGACTTTGTGATGAATCT,0,3283311
relBp,0.3333333333333333,2,2,ACGCTGGTGATGCCTTCTGA,0,3256785
relBp,0.3333333333333333,2,2,ACGCTCGTCGATTGAGGTAT,0,3289066
relBp,0.3333333333333333,2,2,ACGCTCGCCTATCCCATTAG,0,3293379
relBp,0.3333333333333333,2,2,ACGCGTTGGCGGCAAGACAC,0,3265235
relBp,0.3333333333333333,2,2,ACGCGGCGGGAGATAGAACG,0,3263685
relBp,0.3333333333333333,2,2,ACGCGGAAGGCCGGGTAAAT,0,3303891
relBp,0.3333333333333333,2,2,ACGCCTGTCGCTGTAATGTG,0,3297659
relBp,0.3333333333333333,2,2,ACGCCTGCTGTGCTACTAAT,0,3280570
relBp,0.3333333333333333,2,2,ACGCAGAGACCACTCCTCCC,0,3273428
relBp,0.3333333333333333,2,2,ACGATTCCCTAATCGATTGC,0,3278765
relBp,0.3333333333333333,2,2,ACGAGGGAAACCGGATGGTT,0,3285233
relBp,0.3333333333333333,2,2,ACGACCGCACAACACTACGT,0,3271001
relBp,0.3333333333333333,2,2,ACGACATGTATCGGACGGCT,0,3267723
relBp,0.3333333333333333,2,2,ACGAACGTCCGATTGTATCG,0,3285776
relBp,0.3333333333333333,2,2,ACGAACGTCAACTCCGGTAC,0,3303777
relBp,0.3333333333333333,2,2,ACGAAATCAAGGTATAGAAT,0,3306973
relBp,0.3333333333333333,2,2,ACCTTTCGGATGCCTCTCGA,0,3256237
relBp,0.3333333333333333,2,2,ACCTTCTCTTCGTCACGCAA,0,3299499
relBp,0.3333333333333333,2,2,ACCTGTACTTGGCACAGTTG,0,3269549
relBp,0.3333333333333333,2,2,ACCTGAGTTCGTATAACTAT,0,3256233
relBp,0.3333333333333333,2,2,ACCTCGCCATGCGCTAAGGT,0,3272418
relBp,0.3333333333333333,2,2,ACCTCGCAGATTCATGCATT,0,3276821
relBp,0.3333333333333333,2,2,ACCTCAGTAAAGAACTGTGT,0,3285203
relBp,0.3333333333333333,2,2,ACCTAGAAAAGCATGGTGAG,0,3264321
relBp,0.3333333333333333,2,2,ACCGTCGAGCACTGCTCTCG,0,3262126
relBp,0.3333333333333333,2,2,ACCGTCCAAAGGCCATCGAC,0,3283044
relBp,0.3333333333333333,2,2,ACCGGGTATATAGACAAGTT,0,3258706
relBp,0.3333333333333333,2,2,ACCGGACGTTCCCTATCCGT,0,3277634
relBp,0.3333333333333333,2,2,ACCGCCTAATGAATCGGTAC,0,3284982
relBp,0.3333333333333333,2,2,ACCGATACTATTGTACCTTA,0,3271130
relBp,0.3333333333333333,2,2,ACCGAATTGAATAACGAACT,0,3269221
relBp,0.3333333333333333,2,2,ACCCTTCGTGTACTGCTTCG,0,3257702
relBp,0.3333333333333333,2,2,ACCCTTCGCGAACCCCAGTA,0,3257945
relBp,0.3333333333333333,2,2,ACCCGTGGGGGTTCAAATTT,0,3299279
relBp,0.3333333333333333,2,2,ACCCGAACTTTGCAAATTAT,0,3308750
relBp,0.3333333333333333,2,2,ACCCCTCCCGATCGCCAGAA,0,3301020
relBp,0.3333333333333333,2,2,ACCCCCACTCAGAGATTTTT,0,3298512
relBp,0.3333333333333333,2,2,ACCCCATGCAACACGAAGCC,0,3285683
relBp,0.3333333333333333,2,2,ACCCCACGCGGCGGTAATCT,0,3282060
relBp,0.3333333333333333,2,2,ACCCAATATGCTGACGGATC,0,3282255
relBp,0.3333333333333333,2,2,ACCAGTATAGTGATCCCAGG,0,3272958
relBp,0.3333333333333333,2,2,ACCAGTAGTGGCGAAACATT,0,3298137
relBp,0.3333333333333333,2,2,ACCACTTGGTCTAAAATGGT,0,3291655
relBp,0.3333333333333333,2,2,ACCACCGGGTCTTCTGTCGT,0,3308093
relBp,0.3333333333333333,2,2,ACCAATTGTTTTTGTGCATG,0,3264443
relBp,0.3333333333333333,2,2,ACCAATCAAATTGCTAGATC,0,3292407
relBp,0.3333333333333333,2,2,ACCAATACCATCGATAGGAT,0,3258546
relBp,0.3333333333333333,2,2,ACCAACCCGGAGAGGGATTA,0,3275699
relBp,0.3333333333333333,2,2,ACATTCGACTAGCCGAGACA,0,3271431
relBp,0.3333333333333333,2,2,ACATCTGTTCGGGATAGGGG,0,3281758
relBp,0.3333333333333333,2,2,ACAGTCCAGCAACGGTCAGT,0,3265403
relBp,0.3333333333333333,2,2,ACAGGGCTTTCTCTTCTGTG,0,3262145
relBp,0.3333333333333333,2,2,ACAGGACCACTGCCGTGCTT,0,3289112
relBp,0.3333333333333333,2,2,ACAGCCCATAGTGAGACTTC,0,3270011
relBp,0.3333333333333333,2,2,ACAGATACAGCGGTAAGTAA,0,3272286
relBp,0.3333333333333333,2,2,ACAGACGAACTAGCAGAGTC,0,3283030
relBp,0.3333333333333333,2,2,ACACTGGACTTAAGTTAAGG,0,3261137
relBp,0.3333333333333333,2,2,ACACTCCGGTGGTTACCAGG,0,3297845
relBp,0.3333333333333333,2,2,ACACTATAATGCGATTCGTA,0,3296491
relBp,0.3333333333333333,2,2,ACACGTGTGCTACTTTCGTA,0,3286543
relBp,0.3333333333333333,2,2,ACACGTCTAAACAATGTTTA,0,3272255
relBp,0.3333333333333333,2,2,ACACATGACTACTTCCCGGA,0,3293608
relBp,0.3333333333333333,2,2,ACACAACATAAAAGTCTAGA,0,3299410
relBp,0.3333333333333333,2,2,ACAACGCCAACCTATCTCCA,0,3267237
relBp,0.3333333333333333,2,2,ACAACGCAAGAGGCTACGCA,0,3284110
relBp,0.3333333333333333,2,2,ACAAATGGATGCCGGGGGTT,0,3278403
relBp,0.3333333333333333,2,2,ACAAAGTCCTGGTGTCCGGG,0,3275654
relBp,0.3333333333333333,2,2,ACAAACCATGGAGGATAGGA,0,3277745
relBp,0.3333333333333333,2,2,AATTTGGAACGGGTTGCCCC,0,3291405
relBp,0.3333333333333333,2,2,AATTTAGGGAGCTCTCGACT,0,3275676
relBp,0.3333333333333333,2,2,AATTGGTAACTCATAGAAAA,0,3262136
relBp,0.3333333333333333,2,2,AATTGCGCATATATCCGGTC,0,3260451
relBp,0.3333333333333333,2,2,AATTGATGTAAGGCCAAAAG,0,3283994
relBp,0.3333333333333333,2,2,AATTGATACGTCCCCACTAT,0,3265043
relBp,0.3333333333333333,2,2,AATTGACACTCCCCTGCCTT,0,3257314
relBp,0.3333333333333333,2,2,AATTCGTCGGGTAGTCTATA,0,3281917
relBp,0.3333333333333333,2,2,AATTCGCAGTTTCAGGTTTT,0,3297267
relBp,0.3333333333333333,2,2,AATTCCGTTCCTATACGTTC,0,3305305
relBp,0.3333333333333333,2,2,AATTATGATGGTGCAAGGTG,0,3284364
relBp,0.3333333333333333,2,2,AATGTCAAGATGGCCTAGTA,0,3306153
relBp,0.3333333333333333,2,2,AATGGGTCTATGGCATCACG,0,3293932
relBp,0.3333333333333333,2,2,AATGGGGATCCTCTCCGGAT,0,3293872
relBp,0.3333333333333333,2,2,AATGGCCGGGGCGCTTTACA,0,3298452
relBp,0.3333333333333333,2,2,AATGGATACTCCTTCATTTG,0,3257542
relBp,0.3333333333333333,2,2,AATGCTACGGCCACTTATCT,0,3295208
relBp,0.3333333333333333,2,2,AATGCAGGGAATCCACTTAA,0,3273192
relBp,0.3333333333333333,2,2,AATGCAATGAGGTAAAGAGT,0,3256921
relBp,0.3333333333333333,2,2,AATGATGAGTCCGTTGTATG,0,3276817
relBp,0.3333333333333333,2,2,AATCGTAACTATCGTGTGGT,0,3294929
relBp,0.3333333333333333,2,2,AATCGGGGATTTGTCTTGTT,0,3270065
relBp,0.3333333333333333,2,2,AATCCTCTGGCTGTATACGC,0,3269170
relBp,0.3333333333333333,2,2,AATCCCCTATTGAAGGGTCC,0,3267826
relBp,0.3333333333333333,2,2,AATCCAGCCTGCGAGACTCC,0,3301385
relBp,0.3333333333333333,2,2,AATCACCTAACTCAGCAACT,0,3297943
relBp,0.3333333333333333,2,2,AATAGTTGGGTTCATTTCCC,0,3282096
relBp,0.3333333333333333,2,2,AATAGGTATTGTATCCCATT,0,3281970
relBp,0.3333333333333333,2,2,AAGTTTGGCGGCGATAGACG,0,3282771
relBp,0.3333333333333333,2,2,AAGTTTGCATCGGGCGACGG,0,3303595
relBp,0.3333333333333333,2,2,AAGTTGTACTCCGGCTCAAT,0,3270578
relBp,0.3333333333333333,2,2,AAGTTCTCTCAACGTCACTT,0,3259189
relBp,0.3333333333333333,2,2,AAGTGGGGTCCCCTGACTAA,0,3261661
relBp,0.3333333333333333,2,2,AAGTGATGGTACGGGTCCAA,0,3269335
relBp,0.3333333333333333,2,2,AAGTGATGAGTACAGTGAAT,0,3299437
relBp,0.3333333333333333,2,2,AAGTGATCTTCTTAGCGTGA,0,3286073
relBp,0.3333333333333333,2,2,AAGTAGTCGTAAGCTCTAAT,0,3277252
relBp,0.3333333333333333,2,2,AAGTAAGTGGAACAGCGTCC,0,3276230
relBp,0.3333333333333333,2,2,AAGGGTTCTCTTGGGACTTT,0,3287252
relBp,0.3333333333333333,2,2,AAGGGTGCAAAGACACGGGA,0,3303889
relBp,0.3333333333333333,2,2,AAGGCCCAAGTGTGGTACAC,0,3291086
relBp,0.3333333333333333,2,2,AAGGAGGCTTGGCCAATCTC,0,3260507
relBp,0.3333333333333333,2,2,AAGGAATAGTTTGGGTACAA,0,3266346
relBp,0.3333333333333333,2,2,AAGCTGGAGTCGTGGGCACA,0,3295604
relBp,0.3333333333333333,2,2,AAGCCAGGTAGCAACAAGTC,0,3284703
relBp,0.3333333333333333,2,2,AAGAGGGTTCATGTAAGAGG,0,3271694
relBp,0.3333333333333333,2,2,AAGAGCTGACAAGAAGGCAA,0,3285651
relBp,0.3333333333333333,2,2,AAGACGTAGGGAGGGTGTCT,0,3272463
relBp,0.3333333333333333,2,2,AAGAAGTTGTTGCTCCGCGT,0,3300660
relBp,0.3333333333333333,2,2,AACTTTCCACGGGGTACCGG,0,3262975
relBp,0.3333333333333333,2,2,AACTTAGCGTCCCTTGGAGA,0,3292087
relBp,0.3333333333333333,2,2,AACTCTCATGGTTTACACGG,0,3269794
relBp,0.3333333333333333,2,2,AACTCGGGACCACAAATAAA,0,3267329
relBp,0.3333333333333333,2,2,AACTATTCCTGATCTGGGTC,0,3274340
relBp,0.3333333333333333,2,2,AACGTCCTCCACCCGAGCCT,0,3257744
relBp,0.3333333333333333,2,2,AACGTAGCAGAAACTTGATT,0,3291385
relBp,0.3333333333333333,2,2,AACGGATAGCTTCTATAGTC,0,3289818
relBp,0.3333333333333333,2,2,AACGCGATCCCAAGCATAGC,0,3303220
relBp,0.3333333333333333,2,2,AACGCCGGGGGAGCGCTTGT,0,3262615
relBp,0.3333333333333333,2,2,AACGCAGCGTTAAGTAAGGG,0,3273898
relBp,0.3333333333333333,2,2,AACGATAACAACAACTCTAA,0,3259424
relBp,0.3333333333333333,2,2,AACCTTTTTACTCATGAGTC,0,3272041
relBp,0.3333333333333333,2,2,AACCCTCACCTTAAGAATGC,0,3269923
relBp,0.3333333333333333,2,2,AACCAGGCCGCTTGCGACCT,0,3265794
relBp,0.3333333333333333,2,2,AACCAGGACGGATATCGTGT,0,3285465
relBp,0.3333333333333333,2,2,AACCAGACTTATCGGCCACT,0,3286877
relBp,0.3333333333333333,2,2,AACATTGTCAATCAATAGCG,0,3265517
relBp,0.3333333333333333,2,2,AACAGGACTCCCTGTAAACA,0,3266120
relBp,0.3333333333333333,2,2,AACAGCCCCAATGCGGCTAA,0,3270398
relBp,0.3333333333333333,2,2,AACAGAGCTCCCTTTATATG,0,3285163
relBp,0.3333333333333333,2,2,AACACTATTTAGCCATACTC,0,3302684
relBp,0.3333333333333333,2,2,AACACGCGACAATTCAAAGC,0,3287230
relBp,0.3333333333333333,2,2,AACAAGGCGCCTGGGCACTC,0,3284721
relBp,0.3333333333333333,2,2,AACAAAACCAAACAGGTAGG,0,3299303
relBp,0.3333333333333333,2,2,AAATTTGACCGAACCGTTTA,0,3264301
relBp,0.3333333333333333,2,2,AAATTCATTTTTATTTATTT,0,3306588
relBp,0.3333333333333333,2,2,AAATCGTATGGTCCGTCTTA,0,3306956
relBp,0.3333333333333333,2,2,AAATAGCCATTTGTCAGTGG,0,3263822
relBp,0.3333333333333333,2,2,AAATAAGTGACGAGTGTGAC,0,3303063
relBp,0.3333333333333333,2,2,AAAGTTTGTCCAACTTAGCT,0,3256977
relBp,0.3333333333333333,2,2,AAAGTGGAGTCTCTTATCCA,0,3272522
relBp,0.3333333333333333,2,2,AAAGGTCTCCGGAGGAGTCA,0,3259076
relBp,0.3333333333333333,2,2,AAAGGCGACCATAGACAGTT,0,3276433
relBp,0.3333333333333333,2,2,AAAGGCCCCAGACGTAAGGC,0,3274096
relBp,0.3333333333333333,2,2,AAAGCGGGTTTAGGATCAGA,0,3293775
relBp,0.3333333333333333,2,2,AAAGAGCCTCCTGTTAGCCC,0,3293971
relBp,0.3333333333333333,2,2,AAACCAACTCGGTTTTGTAT,0,3257463
relBp,0.3333333333333333,2,2,AAACATAGGTTGCGAGGTAG,0,3304536
relBp,0.3333333333333333,2,2,AAAATGTTTGGGACTACGGA,0,3276370
relBp,0.3333333333333333,2,2,AAAATGTTCCTCCCTTGTCA,0,3275352
relBp,0.3333333333333333,2,2,AAAATGGTTCCACGCAAGCT,0,3289811
relBp,0.3333333333333333,2,2,AAAATCTGGAGCAGACTGTT,0,3281544
relBp,0.3333333333333333,2,2,AAAATAAAACCGACTGCCCG,0,3290957
relBp,0.3333333333333333,2,2,AAAACCCCTATCACGGACAT,0,3294407
relBp,0.3333333333333333,2,2,AAAACAATTTAGTTCATCAT,0,3308710
relBp,0.3333333333333333,2,2,AAAAATCGACAAGGAGTACC,0,3260985
relBp,0.3333333333333333,2,2,AAAAATACTCCACGGCGGTT,0,3265001
relBp,0.3333333333333333,2,2,AAAAACTTGTATTGTAGCTT,0,3262954
relBp,0.3333333333333333,2,2,AAAAACGGTAACCTCTGCCT,0,3295353
relBp,0.3333333333333333,2,2,AAAAAAGTCGTGCATCAATC,0,3299040
relBp,0.3333333333333333,2,2,AAAAAAAGCCACGAGGTACT,0,3273978
relBp,0.5,1,1,TTTTTTGGTACTTGTCCCAT,0,3301376
relBp,0.5,1,1,TTTTTGATGAGGCTGAGTGA,0,3291369
relBp,0.5,1,1,TTTTTCCTTGTCATAGGAAA,0,3275628
relBp,0.5,1,1,TTTTTAAATACAAGGTTTAA,0,3298351
relBp,0.5,1,1,TTTTGGTTGATGCAGGAGCA,0,3305039
relBp,0.5,1,1,TTTTGGTAGGCGAAGTCTCA,0,3300703
relBp,0.5,1,1,TTTTATTTACTATTGGTAAA,0,3292435
relBp,0.5,1,1,TTTTATGACTCCGTAGTAAA,0,3279049
relBp,0.5,1,1,TTTTAGGTGGAGTTTTGGCC,0,3269225
relBp,0.5,1,1,TTTTAGCTCATACACGAGCC,0,3261087
relBp,0.5,1,1,TTTTACTCAGGTTCTGCGCA,0,3275006
relBp,0.5,1,1,TTTTACCGAGAGGGCTAATT,0,3262320
relBp,0.5,1,1,TTTTAAATTTAGGGTGGCCC,0,3290534
relBp,0.5,1,1,TTTGTTGGGACCATGTTATT,0,3288078
relBp,0.5,1,1,TTTGGGTAAGTCATGTGTAG,0,3265542
relBp,0.5,1,1,TTTGGGATAATGTCCCAGGT,0,3286990
relBp,0.5,1,1,TTTGGCGAGGGGGTCAAGGC,0,3260989
relBp,0.5,1,1,TTTGGCAACATCACTGAAGC,0,3283145
relBp,0.5,1,1,TTTGCTTTTCCCTGACTCGC,0,3256944
relBp,0.5,1,1,TTTGCTCCATAAATAGTAAA,0,3264239
relBp,0.5,1,1,TTTGCTATTTAGACCTCACA,0,3270712
relBp,0.5,1,1,TTTGCGTCGGCATCCTTAAG,0,3282664
relBp,0.5,1,1,TTTGCCAACCCTAGGCAATT,0,3268785
relBp,0.5,1,1,TTTCTTTTGCGTCAACAGCA,0,3297660
relBp,0.5,1,1,TTTCTTCGCGAGGTGTCGCA,0,3283577
relBp,0.5,1,1,TTTCTCTCTTGAAGCCCGTA,0,3257241
relBp,0.5,1,1,TTTCGATCTTTCAACCCGGT,0,3301531
relBp,0.5,1,1,TTTCGAGTTTAAGAGGCGAA,0,3259688
relBp,0.5,1,1,TTTCCGCGAGCTCTACTTTC,0,3296735
relBp,0.5,1,1,TTTCCATCTTGTGCAAAGGT,0,3280677
relBp,0.5,1,1,TTTCCAACGAAAGTTTGGTC,0,3269921
relBp,0.5,1,1,TTTCAGAGAGGTCCCCCATA,0,3266671
relBp,0.5,1,1,TTTCAACGGATACAGAGGAT,0,3301911
relBp,0.5,1,1,TTTATTAGGATTCCTCGTAG,0,3284488
relBp,0.5,1,1,TTTAGTTTAGAAGGGCCGCC,0,3304581
relBp,0.5,1,1,TTTAGCTATGGTTGACAGTT,0,3291673
relBp,0.5,1,1,TTTAGCCGTATTTGGTTTGA,0,3264974
relBp,0.5,1,1,TTTAATGCCTGTTCGTTGGA,0,3297297
relBp,0.5,1,1,TTTAATCGTGGTTGTTGGGA,0,3268246
relBp,0.5,1,1,TTTAAATTTTCCTTTAAGAC,0,3304577
relBp,0.5,1,1,TTTAAAATAAGAATCAAGGA,0,3266048
relBp,0.5,1,1,TTGTTCTTCGGCAGAAGGCC,0,3268909
relBp,0.5,1,1,TTGTGTAGATACAGCACTGC,0,3306068
relBp,0.5,1,1,TTGTGGGATCGTAATTCACC,0,3258467
relBp,0.5,1,1,TTGTGATTGGTCACGGAACG,0,3260844
relBp,0.5,1,1,TTGTGAGCGGTCCTACCTCA,0,3270249
relBp,0.5,1,1,TTGTCTTCTATATCGGTTCA,0,3263342
relBp,0.5,1,1,TTGTCACGTCTAGTAGTACT,0,3307270
relBp,0.5,1,1,TTGGTTAGCAGCTTACTTAC,0,3261400
relBp,0.5,1,1,TTGGTCGTCTCGTGTCCTTA,0,3275380
relBp,0.5,1,1,TTGGTAAATCACTTTATAAT,0,3286952
relBp,0.5,1,1,TTGGGACGCTTCGCGGAGGG,0,3301966
relBp,0.5,1,1,TTGGCTACAAAGGCTCAGTT,0,3305704
relBp,0.5,1,1,TTGGACCTTTAACCACTCAT,0,3284105
relBp,0.5,1,1,TTGCTGCGGAACCAGATTTT,0,3301116
relBp,0.5,1,1,TTGCGGTTTAAGAGCGTCAA,0,3271531
relBp,0.5,1,1,TTGCGCTCCGGTAGCTGCCT,0,3298542
relBp,0.5,1,1,TTGCCCTACCAAGTGAAGCG,0,3274988
relBp,0.5,1,1,TTGCATCACATTTTGTGTAT,0,3297664
relBp,0.5,1,1,TTGCACAGCACTCATCTGAT,0,3259937
relBp,0.5,1,1,TTGCAAGGAAATCCCCATCA,0,3268369
relBp,0.5,1,1,TTGATGTTGTTGAATGCGGG,0,3296802
relBp,0.5,1,1,TTGATCTAGCTCATAGAGAT,0,3276878
relBp,0.5,1,1,TTGAGGAGCGCTAGCCCCGG,0,3272077
relBp,0.5,1,1,TTGACTGCTTAGAGAAGAAT,0,3299702
relBp,0.5,1,1,TTGACGGTGAAGTTCATTGT,0,3268917
relBp,0.5,1,1,TTGAAGGGTTAGGCCTGCGA,0,3294899
relBp,0.5,1,1,TTGAAGGCTCCTGAAAAAAA,0,3295641
relBp,0.5,1,1,TTGAAGGAAATTGACTACAA,0,3289208
relBp,0.5,1,1,TTGAAATTTTTTGTATGTTT,0,3264488
relBp,0.5,1,1,TTCTTGCGTTTCGAAAGTGC,0,3292279
relBp,0.5,1,1,TTCTTCAATATCCGCACATA,0,3263242
relBp,0.5,1,1,TTCTATTCTAAGGTTAACTG,0,3269181
relBp,0.5,1,1,TTCGTTCGTGTTTCGCTATC,0,3268886
relBp,0.5,1,1,TTCGTGGTCGCAACTACACC,0,3296508
relBp,0.5,1,1,TTCGTAGTAAAGGATTTGTT,0,3265407
relBp,0.5,1,1,TTCGGTGTAAGGGACAGGGT,0,3291344
relBp,0.5,1,1,TTCGGTCGGCAAGTAGACCA,0,3284443
relBp,0.5,1,1,TTCGGGATTGAAGTTAATAT,0,3297525
relBp,0.5,1,1,TTCGGCTCCAGCGCAAAAGA,0,3302316
relBp,0.5,1,1,TTCCTTTGAGGCCAAAAGTG,0,3289711
relBp,0.5,1,1,TTCCTCCACTATCACATGCT,0,3272918
relBp,0.5,1,1,TTCCACTGAGAAGGTTTAGC,0,3265890
relBp,0.5,1,1,TTCATCTGCGCCACGGACAA,0,3274428
relBp,0.5,1,1,TTCAGAGTTGTCTCCGTCAG,0,3262101
relBp,0.5,1,1,TTCACCCGGTCTGTCTGATG,0,3301528
relBp,0.5,1,1,TTATTTAAAGATGTGTTAGC,0,3270280
relBp,0.5,1,1,TTATTGGCTATTTCCTCTTG,0,3278500
relBp,0.5,1,1,TTATTGAAAAAGAACTAGCA,0,3286563
relBp,0.5,1,1,TTATTCTAGCTGTTGTTAAA,0,3293237
relBp,0.5,1,1,TTATGACTGTGCTCCGATAA,0,3300082
relBp,0.5,1,1,TTATCAAAGTCCCCGGCCTC,0,3302882
relBp,0.5,1,1,TTATAACTGTAGCGGTCCAA,0,3276935
relBp,0.5,1,1,TTATAAATTTAGATTATGTA,0,3293553
relBp,0.5,1,1,TTATAAATCGGTCGAGGAGT,0,3269319
relBp,0.5,1,1,TTATAAAGTTGAACTGTATT,0,3280408
relBp,0.5,1,1,TTAGGTAGTGCTTGTACCAG,0,3300871
relBp,0.5,1,1,TTAGGACTGAGAGAACGCCA,0,3277297
relBp,0.5,1,1,TTAGCTCCGTATACCGACGG,0,3296148
relBp,0.5,1,1,TTACTGTCCGACGGACTGAC,0,3280204
relBp,0.5,1,1,TTACGTATGCTCGAAGCTCA,0,3263536
relBp,0.5,1,1,TTACGTACGTCAACCAGTGA,0,3298319
relBp,0.5,1,1,TTACGATGCGAAGTCGTCGG,0,3292073
relBp,0.5,1,1,TTACCTCCTACCGCACTCCA,0,3306346
relBp,0.5,1,1,TTACCGCTTTACAATCAGGA,0,3274589
relBp,0.5,1,1,TTACATTCTATATTGCACAG,0,3289368
relBp,0.5,1,1,TTAATACGATGTGCTAAAGA,0,3269688
relBp,0.5,1,1,TTAAGTGGGGTAGTTATTGG,0,3266826
relBp,0.5,1,1,TTAAGAGTACGCGGGGTTAT,0,3269776
relBp,0.5,1,1,TTAAATGTAATCCACTGTTC,0,3260269
relBp,0.5,1,1,TTAAATATCCATTCCAGATT,0,3271369
relBp,0.5,1,1,TTAAAAATGCAAGGATCTAT,0,3267246
relBp,0.5,1,1,TGTTTGTACACGCCAGTACA,0,3282565
relBp,0.5,1,1,TGTTCACTGATAACCTATCG,0,3280351
relBp,0.5,1,1,TGTGTTTAGGGAAGTGAGCC,0,3265008
relBp,0.5,1,1,TGTGGACGCTTGATATGTAT,0,3302587
relBp,0.5,1,1,TGTCTAGTCACGCGGTCTGG,0,3277232
relBp,0.5,1,1,TGTCCGATGCGCAATACTTC,0,3301357
relBp,0.5,1,1,TGTCCCACATGGGTGAAATA,0,3273706
relBp,0.5,1,1,TGTCAGTAGTACCACCAAGA,0,3265537
relBp,0.5,1,1,TGTCAGCCTTCTGAGTAACT,0,3267559
relBp,0.5,1,1,TGTATTTTCACGGACTTCAT,0,3296568
relBp,0.5,1,1,TGTATTCAACTTGGCGTTAG,0,3302038
relBp,0.5,1,1,TGTATCTGCAAGTTCTATAC,0,3289046
relBp,0.5,1,1,TGTATATGGCACATTCAAAG,0,3268179
relBp,0.5,1,1,TGTATATACTGACAACCTGT,0,3267350
relBp,0.5,1,1,TGTAGCTCTTCATGGGGTCC,0,3260419
relBp,0.5,1,1,TGTAGCCCTCCACCAGAAGG,0,3266228
relBp,0.5,1,1,TGTACGCGTCCCAGCTCGCC,0,3279633
relBp,0.5,1,1,TGTACAGATCGAATCGGAAC,0,3274461
relBp,0.5,1,1,TGTACAGAGCCTCATGGGGC,0,3301895
relBp,0.5,1,1,TGTAATTGATAGTGTGAAGA,0,3286394
relBp,0.5,1,1,TGGTTGGGCTTGGTTAAACA,0,3291623
relBp,0.5,1,1,TGGTGAGTGTGGAGACTAAT,0,3267134
relBp,0.5,1,1,TGGTCGGCCTAGAAAGTTAG,0,3285191
relBp,0.5,1,1,TGGTCGAAGCCTTTCGGGAG,0,3260083
relBp,0.5,1,1,TGGTCAGCCTAACTATTGGT,0,3302286
relBp,0.5,1,1,TGGTATGAACGGGAATCTTA,0,3294151
relBp,0.5,1,1,TGGTACTATTAGCAGACTGC,0,3288432
relBp,0.5,1,1,TGGTACGACACATGGTCTTA,0,3275738
relBp,0.5,1,1,TGGTACCCCGGGAGTAGGTA,0,3258314
relBp,0.5,1,1,TGGGTTAGAGCAATCGGTGC,0,3290093
relBp,0.5,1,1,TGGGGAACTATTGGTACAGG,0,3258682
relBp,0.5,1,1,TGGGCGCTAGCAAGACCTCA,0,3261168
relBp,0.5,1,1,TGGGCCTGGCACTTTCTGCT,0,3260250
relBp,0.5,1,1,TGGCTTTGTGCTTCGTTGCA,0,3286210
relBp,0.5,1,1,TGGCTGCAGATCAATACTGC,0,3265405
relBp,0.5,1,1,TGGCTAGGTTGAATCAATAT,0,3259579
relBp,0.5,1,1,TGGCATCTGACGTACAAGTT,0,3280982
relBp,0.5,1,1,TGGCAGTCCGGATGCATCGA,0,3308331
relBp,0.5,1,1,TGGCACGGGGTACACACAAT,0,3280305
relBp,0.5,1,1,TGGATTCTGGCTACCAACTA,0,3283676
relBp,0.5,1,1,TGGATGTATTAAGAGCAGTA,0,3307717
relBp,0.5,1,1,TGGATCCTATACATCCCCCC,0,3279004
relBp,0.5,1,1,TGGAGGGTGCGATTAGGTAT,0,3264306
relBp,0.5,1,1,TGGAGAGTCGCGGTTTTTCT,0,3303947
relBp,0.5,1,1,TGGACGCCTTCAGTCTTCAT,0,3278224
relBp,0.5,1,1,TGGACAAGGGATTGAAGTCT,0,3283120
relBp,0.5,1,1,TGGAATAGGGACTTACCTGA,0,3284878
relBp,0.5,1,1,TGGAAGTCCGTATGACGATC,0,3289737
relBp,0.5,1,1,TGCTTTCAAGAGAGCGCCAA,0,3280128
relBp,0.5,1,1,TGCTTCCCGCGTGCATTGGA,0,3294033
relBp,0.5,1,1,TGCTGACGATTTTGCATGCT,0,3295890
relBp,0.5,1,1,TGCTGAAGACCCACACAACT,0,3279906
relBp,0.5,1,1,TGCTCGAACATTATCACCGA,0,3279386
relBp,0.5,1,1,TGCTACCAGCAGAGACTGGG,0,3294014
relBp,0.5,1,1,TGCGTTCGCATTTGACGTAA,0,3289143
relBp,0.5,1,1,TGCGTACCAAGCCTGGCCCA,0,3290724
relBp,0.5,1,1,TGCGTAACATACCCGGTAGG,0,3298898
relBp,0.5,1,1,TGCGGTCGGGCCATTTGGGT,0,3292387
relBp,0.5,1,1,TGCGCCGTAGCGGGGTACAT,0,3295974
relBp,0.5,1,1,TGCGCAGCGGTAAGCCCCGG,0,3276966
relBp,0.5,1,1,TGCGATCATTCGTAACTACG,0,3282551
relBp,0.5,1,1,TGCGACACAGATTCCTGCAT,0,3287041
relBp,0.5,1,1,TGCCTTGCCGGTGTCCTACA,0,3258215
relBp,0.5,1,1,TGCCGCGTGAACGGGTGTGA,0,3299084
relBp,0.5,1,1,TGCCGAAAGAGGCGCAGCTA,0,3305891
relBp,0.5,1,1,TGCCCTCGGAAGGGCCGTCA,0,3266502
relBp,0.5,1,1,TGCCATAAGGAGTCCACTAA,0,3260993
relBp,0.5,1,1,TGCCAATCCCGTAGGCGTAC,0,3285231
relBp,0.5,1,1,TGCATATCCGCATAAGGGCG,0,3287377
relBp,0.5,1,1,TGCAGATGGGGCATAAACCT,0,3297721
relBp,0.5,1,1,TGCAAGAGGAGGGATACTGT,0,3290349
relBp,0.5,1,1,TGCAAATGGATAATCAGAGA,0,3263660
relBp,0.5,1,1,TGCAAAGGTATGTCTCAAAA,0,3259775
relBp,0.5,1,1,TGATTTATAGGATAAAATCC,0,3296427
relBp,0.5,1,1,TGATTGAGTTACCGGCGTTT,0,3278583
relBp,0.5,1,1,TGATTCAGTTCGTGACCCAG,0,3257934
relBp,0.5,1,1,TGATATGCCGAAGCCCGGTT,0,3282943
relBp,0.5,1,1,TGATAGTTACAACCGAACCG,0,3300283
relBp,0.5,1,1,TGATAGGGCTGTAGTGGCCT,0,3300197
relBp,0.5,1,1,TGATACGAGGGGGCCATGGG,0,3300774
relBp,0.5,1,1,TGAGTGATCATTAATTGAGT,0,3261889
relBp,0.5,1,1,TGAGGTGGTCGCCCGAATCT,0,3306151
relBp,0.5,1,1,TGAGGTGGGATTGCGTGGTC,0,3298246
relBp,0.5,1,1,TGAGGAATTCGAATACCGCC,0,3284096
relBp,0.5,1,1,TGAGCAGCTGGCACTCCACA,0,3287920
relBp,0.5,1,1,TGACGAATTAACGGTAGTAT,0,3259608
relBp,0.5,1,1,TGACCTCTTTGGTGGAGTCT,0,3284324
relBp,0.5,1,1,TGACCGTTCGACGCTACCCG,0,3305941
relBp,0.5,1,1,TGACAGCGACAGCGCTGTGA,0,3304171
relBp,0.5,1,1,TGACACTGGCGCCTCTTACT,0,3270739
relBp,0.5,1,1,TGAATGAAATAGGCCCCCCG,0,3280858
relBp,0.5,1,1,TGAATACAAATTAGTTTGAA,0,3298049
relBp,0.5,1,1,TGAAGAAGCCAGGATCTTTT,0,3275940
relBp,0.5,1,1,TGAACCATGGGGCCTCAGTG,0,3269362
relBp,0.5,1,1,TGAAACGTCCGGCGCCCCGG,0,3308112
relBp,0.5,1,1,TGAAAAAAATTTACCGTCGT,0,3278504
relBp,0.5,1,1,TCTTCGAGTTAGTACTATCC,0,3281270
relBp,0.5,1,1,TCTTACTTGAAACCTACCTA,0,3295625
relBp,0.5,1,1,TCTTACTCGTATCAGGGAGT,0,3295413
relBp,0.5,1,1,TCTTACCCTATCGGCTTCTC,0,3302054
relBp,0.5,1,1,TCTTAAGCTACCTCGCCGCG,0,3305590
relBp,0.5,1,1,TCTGTTGGACGTCCTGAAGG,0,3257558
relBp,0.5,1,1,TCTGTTCCCAGTATCAGTAA,0,3300863
relBp,0.5,1,1,TCTGTGATGCTTCAAAGCCT,0,3283085
relBp,0.5,1,1,TCTGAGTTGAAACTCCGCTT,0,3266740
relBp,0.5,1,1,TCTCTTGCCCATTACATTAC,0,3278383
relBp,0.5,1,1,TCTCTCGTTAGCTCGAGGCC,0,3265164
relBp,0.5,1,1,TCTCTAATGAATTCAGGTTA,0,3274434
relBp,0.5,1,1,TCTCGCTTAAAATCAGAAAT,0,3306252
relBp,0.5,1,1,TCTCGCCGGCCCCAGTGACA,0,3278987
relBp,0.5,1,1,TCTCCGCTAAATGTACGTAA,0,3304205
relBp,0.5,1,1,TCTCCATGCACATGTCTCGA,0,3297741
relBp,0.5,1,1,TCTCAGCACCTTCGAACTTG,0,3305317
relBp,0.5,1,1,TCTCAGAACCAGGAGGGGTC,0,3264405
relBp,0.5,1,1,TCTCACGCAACGAATAGACC,0,3258318
relBp,0.5,1,1,TCTCAAGGAGTCCATGTCTT,0,3295907
relBp,0.5,1,1,TCTATTATCGGAAAAAGTCT,0,3265544
relBp,0.5,1,1,TCTATCAGTCTGACAGTGGC,0,3289979
relBp,0.5,1,1,TCTAAGGTTGGTAAATGTGC,0,3307394
relBp,0.5,1,1,TCTAACCTGGCACGAGCCAA,0,3271345
relBp,0.5,1,1,TCGTTTTTGGTAAGTTGATA,0,3266937
relBp,0.5,1,1,TCGTTTAACATGATAGGCTC,0,3290874
relBp,0.5,1,1,TCGTTGCCCCGATCGGTACA,0,3262259
relBp,0.5,1,1,TCGTGTTACCAAAATGGCCT,0,3269576
relBp,0.5,1,1,TCGTGTTAACGGGCTCTCCT,0,3305122
relBp,0.5,1,1,TCGTGGACAGCGTGTTGGTT,0,3286069
relBp,0.5,1,1,TCGTGCTGACGGATGGTTCG,0,3282144
relBp,0.5,1,1,TCGTGAACGTGGGTTGCATG,0,3307016
relBp,0.5,1,1,TCGTCCAATACGTTCAATTG,0,3256752
relBp,0.5,1,1,TCGGTTTCATGCAGGCACGT,0,3273547
relBp,0.5,1,1,TCGGTTGACAGACCACTTTC,0,3286083
relBp,0.5,1,1,TCGGTGGCGTAGGGCGGCCT,0,3292774
relBp,0.5,1,1,TCGGTCTTAATGGACACCCC,0,3299212
relBp,0.5,1,1,TCGGTCCCTGTCGGAGACTG,0,3271349
relBp,0.5,1,1,TCGGTCAGGGTCGGACCATT,0,3264433
relBp,0.5,1,1,TCGGGTCAGGTCACGAGATA,0,3273002
relBp,0.5,1,1,TCGGGGCAAGGGACATCCTA,0,3295503
relBp,0.5,1,1,TCGGCTTGTAATAAGTGGGG,0,3308701
relBp,0.5,1,1,TCGGACTCTGAGAAACGCTC,0,3297156
relBp,0.5,1,1,TCGGACCTAGGGCGTGGTAA,0,3269074
relBp,0.5,1,1,TCGCTTTGGGGGGAGGCGGT,0,3268963
relBp,0.5,1,1,TCGCTCTGCACAGATATAAA,0,3269643
relBp,0.5,1,1,TCGCGCCTCCGATATCGTAT,0,3288162
relBp,0.5,1,1,TCGCGCATCAGCTTTTTTAT,0,3280523
relBp,0.5,1,1,TCGCGATTGGCGTGGCCACA,0,3287814
relBp,0.5,1,1,TCGCGAGCGCGTGGACGAGG,0,3271946
relBp,0.5,1,1,TCGCGAGCACCGCGATTCAT,0,3300945
relBp,0.5,1,1,TCGCCTCTGGGCAGATCATA,0,3269501
relBp,0.5,1,1,TCGCCGCGACTACAAGCCCA,0,3298236
relBp,0.5,1,1,TCGCCCAACACAATGCGTAC,0,3291954
relBp,0.5,1,1,TCGCATATTCTTGACGTTAG,0,3284910
relBp,0.5,1,1,TCGATGCTAGGGTCGCAAGT,0,3264935
relBp,0.5,1,1,TCGAGGGGGGCGATGTTCTA,0,3282945
relBp,0.5,1,1,TCGACTGATTCGTATGTGAC,0,3287478
relBp,0.5,1,1,TCGAATCACTGACCAGCTTT,0,3286245
relBp,0.5,1,1,TCGAAAGAGGAGCACACTAT,0,3299906
relBp,0.5,1,1,TCCTTGCTTGTTGCGGCACG,0,3271241
relBp,0.5,1,1,TCCTTGACACCTATTCGTGC,0,3298758
relBp,0.5,1,1,TCCTTAAAGTCTTTCACGTG,0,3262321
relBp,0.5,1,1,TCCTGGGCTTCGCAACCGGG,0,3264077
relBp,0.5,1,1,TCCTGACGGTATATGGCCCA,0,3279909
relBp,0.5,1,1,TCCTGAAATGGGTACCCCTC,0,3307705
relBp,0.5,1,1,TCCTCCTCAAGTGGTTAAAG,0,3277183
relBp,0.5,1,1,TCCGTTGTTATATTGCTCGA,0,3294461
relBp,0.5,1,1,TCCGTAGAGCTACCGACCAT,0,3262266
relBp,0.5,1,1,TCCGTACATCGTTTGAGGGT,0,3281359
relBp,0.5,1,1,TCCGGCAGCTGAGTACTACG,0,3283465
relBp,0.5,1,1,TCCGAACAATACTTGAAGGA,0,3294529
relBp,0.5,1,1,TCCCTCGCCGCACTTCACTT,0,3281827
relBp,0.5,1,1,TCCCAGTCCTGACAGGGGGC,0,3274504
relBp,0.5,1,1,TCCCAGGAGCTTCATTAAAG,0,3286753
relBp,0.5,1,1,TCCATGGTTTAAGCGACCGC,0,3282501
relBp,0.5,1,1,TCCATGCGTGGGTGCAAGAT,0,3287957
relBp,0.5,1,1,TCCATACGTTCCATTGTCGG,0,3273320
relBp,0.5,1,1,TCCAGTACATGCTAGCGGTA,0,3283300
relBp,0.5,1,1,TCCAGGTGGAACATCTCACA,0,3258635
relBp,0.5,1,1,TCCAGCAAGTTGATTCTACG,0,3296804
relBp,0.5,1,1,TCCACCCGTATAGTCAAGGG,0,3295401
relBp,0.5,1,1,TCCAAGAAGACCTGCGCTGG,0,3283139
relBp,0.5,1,1,TCCAAAACGATTTCGGAGAG,0,3270590
relBp,0.5,1,1,TCATTTTGAACATGCGGACC,0,3278687
relBp,0.5,1,1,TCATTACGTCACCCCCCATA,0,3301004
relBp,0.5,1,1,TCATGTGCTCTGGCGCGTTA,0,3294893
relBp,0.5,1,1,TCATGGCCCGGTCTCTGTTA,0,3258202
relBp,0.5,1,1,TCATCGGAGTTAAATTCTAG,0,3282709
relBp,0.5,1,1,TCATACCAGGCCAGGCTCGT,0,3282215
relBp,0.5,1,1,TCAGTGTATCGCCGGGCGTC,0,3293765
relBp,0.5,1,1,TCAGTCGGAAGCATAGCTTA,0,3296446
relBp,0.5,1,1,TCAGTATTGTTGCGTTTCTG,0,3288096
relBp,0.5,1,1,TCAGGCTATGCGTATCTGCT,0,3293763
relBp,0.5,1,1,TCAGGCATGGATAGCGTCCT,0,3272253
relBp,0.5,1,1,TCAGATGGGCGTTGGCGGGG,0,3297816
relBp,0.5,1,1,TCACGTGAGATACTAAGAGC,0,3285380
relBp,0.5,1,1,TCACGTACAGCTCGTGGGAT,0,3261790
relBp,0.5,1,1,TCACGGGTCACTGATTTGAA,0,3305622
relBp,0.5,1,1,TCACGCCGCCGGCAGAACCC,0,3286466
relBp,0.5,1,1,TCACCCGATCCCACTGCGTG,0,3286156
relBp,0.5,1,1,TCACATCAAGCCGTGTGAGC,0,3270198
relBp,0.5,1,1,TCACATAATGGTTCAAGTTG,0,3289956
relBp,0.5,1,1,TCACACCTAGATTGTCTGAC,0,3271691
relBp,0.5,1,1,TCACAATGATGTAGGTCAGT,0,3294746
relBp,0.5,1,1,TCAATATTAGGCCACGCGAT,0,3281322
relBp,0.5,1,1,TCAAGAAATCGGTTTTTTCG,0,3303802
relBp,0.5,1,1,TCAACGCAAAAGGCCGGACC,0,3290170
relBp,0.5,1,1,TCAACATCCACATTTTTCCA,0,3281320
relBp,0.5,1,1,TCAAATGTCAGTTATCCGGG,0,3276793
relBp,0.5,1,1,TCAAAGTTGGTAGTCTAAAG,0,3271035
relBp,0.5,1,1,TCAAAGCGAGCGACGCGCCC,0,3271550
relBp,0.5,1,1,TCAAAGCACGAGGGGTGAGC,0,3285819
relBp,0.5,1,1,TATTTTGCCCCACGGTGGGA,0,3261388
relBp,0.5,1,1,TATTTTATCGGGCACTCGTG,0,3267013
relBp,0.5,1,1,TATTGTGCTATATCGTAGTG,0,3293955
relBp,0.5,1,1,TATTCATGTTGTGGCGCACA,0,3266442
relBp,0.5,1,1,TATTCACTTAATTTGGAATG,0,3303213
relBp,0.5,1,1,TATTAGGATCAGCATCTTGC,0,3289514
relBp,0.5,1,1,TATGTTTTTCCTTTCAGGTG,0,3299738
relBp,0.5,1,1,TATGGATCTTTCCAGTGTAA,0,3270498
relBp,0.5,1,1,TATGCCGATACCTATTGTGT,0,3291653
relBp,0.5,1,1,TATGCACGGTGCCCGGAGCG,0,3304891
relBp,0.5,1,1,TATGATGAATGAATCTATGA,0,3302044
relBp,0.5,1,1,TATCTCATGGTGCTACTTGG,0,3258489
relBp,0.5,1,1,TATCTATCAGGTTGTTAATG,0,3267883
relBp,0.5,1,1,TATCAAAGGCACTATATTCA,0,3273477
relBp,0.5,1,1,TATATGGCCCAGGGGTCATT,0,3271937
relBp,0.5,1,1,TATATCTCGCCAGTATGACT,0,3260678
relBp,0.5,1,1,TATATATGACGGTTTCACAT,0,3264886
relBp,0.5,1,1,TATAGTTGTCTGATTGTGTA,0,3289244
relBp,0.5,1,1,TATACGAAGTCCGCCAAGGA,0,3280074
relBp,0.5,1,1,TATACCGGGGATAGCGGGTT,0,3287524
relBp,0.5,1,1,TATACACGCTTTCTGAAATG,0,3306967
relBp,0.5,1,1,TATAAGCGATGCAGCTCTTG,0,3283550
relBp,0.5,1,1,TATAAATCATGTCTATCTTT,0,3290830
relBp,0.5,1,1,TAGGTGTCCCCGCGGAGTCA,0,3265021
relBp,0.5,1,1,TAGGTACAAATAACGGGGCG,0,3305161
relBp,0.5,1,1,TAGGGATGGTACCCGCTCGA,0,3264632
relBp,0.5,1,1,TAGGCTGAACGGCCGGGTAT,0,3261508
relBp,0.5,1,1,TAGGCCATATGTCCTCTTTT,0,3278337
relBp,0.5,1,1,TAGGAGGTTTCTACGTAGCC,0,3276059
relBp,0.5,1,1,TAGCTAGGAAGTCTAAGTTT,0,3296238
relBp,0.5,1,1,TAGCGTAACGCTCCGTGAGC,0,3293324
relBp,0.5,1,1,TAGCCAGAGGGGGCGATGAA,0,3307858
relBp,0.5,1,1,TAGCACCTTATGATTCATGA,0,3302601
relBp,0.5,1,1,TAGATCAAGCCATCCATGGG,0,3261538
relBp,0.5,1,1,TAGAGTGACTGTAAAAAGTG,0,3298248
relBp,0.5,1,1,TAGAGTAGGCAGATGTGTAA,0,3288400
relBp,0.5,1,1,TAGACTGGTTGTTGCGTCCT,0,3300635
relBp,0.5,1,1,TAGAATCCGCTAAACCGATA,0,3268822
relBp,0.5,1,1,TAGAACCTGATTGTCGGAGT,0,3273851
relBp,0.5,1,1,TACTTCGCGCCCTGTAATAG,0,3294105
relBp,0.5,1,1,TACTTCGCGAAACGGGGCAC,0,3293614
relBp,0.5,1,1,TACTTCAGGATCAACCTCTA,0,3291941
relBp,0.5,1,1,TACTGTTGTGTCTCAGGGAC,0,3258605
relBp,0.5,1,1,TACTGTCTCACGGTAACTGA,0,3308816
relBp,0.5,1,1,TACTGTAGTCGTCTAGACGA,0,3288258
relBp,0.5,1,1,TACTGGTGTTACCGTACAAA,0,3276272
relBp,0.5,1,1,TACTCTTATTGGCGGTCCAG,0,3263858
relBp,0.5,1,1,TACTCGGCCAAACGCGTAAG,0,3307968
relBp,0.5,1,1,TACTAAAACTGGCTCCAGGT,0,3270405
relBp,0.5,1,1,TACGTTATGCAGCCATGGTA,0,3257440
relBp,0.5,1,1,TACGTGGTCCAAAGCAATAC,0,3259527
relBp,0.5,1,1,TACGTGATCGCACTCCTGGC,0,3271657
relBp,0.5,1,1,TACGTACACAACCTGTACTC,0,3284995
relBp,0.5,1,1,TACGGTTTGAAGAACCTCAT,0,3279836
relBp,0.5,1,1,TACGGCTACTCATGGAAGCT,0,3270865
relBp,0.5,1,1,TACGCTACCCGACGGGGAGC,0,3305102
relBp,0.5,1,1,TACGCGCGCCGGTATTAACC,0,3308596
relBp,0.5,1,1,TACGCCCGCGCGTCGCGGGA,0,3285439
relBp,0.5,1,1,TACGATGCGGTTACGACCGA,0,3260649
relBp,0.5,1,1,TACGATCACTCCAGTCCGGC,0,3302569
relBp,0.5,1,1,TACGAGGCCAATTCCGGGGA,0,3258074
relBp,0.5,1,1,TACGACGTGATCCGGTAAAT,0,3299251
relBp,0.5,1,1,TACCTTGCTTTTATCGGGGT,0,3305678
relBp,0.5,1,1,TACCTGCTCAATCTAGTAAG,0,3273857
relBp,0.5,1,1,TACCTGCAAACCTTCGATGG,0,3278158
relBp,0.5,1,1,TACCTGAGACCCCGGGTTCG,0,3292420
relBp,0.5,1,1,TACCTCCGCGGGCGCAGATT,0,3275031
relBp,0.5,1,1,TACCGGGCGAGGGACCGACA,0,3287071
relBp,0.5,1,1,TACCCGCACAGTGCTTGGGC,0,3288324
relBp,0.5,1,1,TACCCGAAATGGCGCTAGTG,0,3288058
relBp,0.5,1,1,TACCAGGCGTTGAAGAGCAC,0,3261618
relBp,0.5,1,1,TACATCTCCAGTGTCACGCA,0,3280546
relBp,0.5,1,1,TACATCAGGCTGCTTTTATT,0,3289409
relBp,0.5,1,1,TACAGCATCTGTCCCGCTAA,0,3262633
relBp,0.5,1,1,TACACTGTCCGGTACACGCA,0,3256592
relBp,0.5,1,1,TACACCATGTAATCATTTCA,0,3278640
relBp,0.5,1,1,TACACAACTCTACGGCACAT,0,3261241
relBp,0.5,1,1,TAATTTTTTTTTGTAGGAAA,0,3258175
relBp,0.5,1,1,TAATTGTTGGGCCAAAAGAT,0,3259714
relBp,0.5,1,1,TAATGTGTTCGACGTCGAAG,0,3281681
relBp,0.5,1,1,TAATGAAAAGCATAGCAGTA,0,3301152
relBp,0.5,1,1,TAATCGATAGTGCGATCCGT,0,3286930
relBp,0.5,1,1,TAATCCTCGAGCAGAAAGGG,0,3308079
relBp,0.5,1,1,TAATCCGGACTAAGAAACAA,0,3261962
relBp,0.5,1,1,TAATAAGACCTGGCTGGTAC,0,3295137
relBp,0.5,1,1,TAAGGGAAAGAGGATGTGAC,0,3268521
relBp,0.5,1,1,TAAGGCCTCTTGCGTGCATT,0,3265571
relBp,0.5,1,1,TAAGGCCTACATACCATCGG,0,3258629
relBp,0.5,1,1,TAAGGCACGGTAATATGGGG,0,3259123
relBp,0.5,1,1,TAAGAGCATCCCTTGCGGGT,0,3285904
relBp,0.5,1,1,TAACTGTGCCTTGTCCACTT,0,3260808
relBp,0.5,1,1,TAACTACGGACGCACCGTGT,0,3256630
relBp,0.5,1,1,TAACAAGGTTTATAGCGTGG,0,3275831
relBp,0.5,1,1,TAAATGCCACCCTTTCGAGG,0,3293465
relBp,0.5,1,1,TAAATCAACCGAACGTCTAC,0,3295636
relBp,0.5,1,1,TAAAGCTCCTTGGGGCTGTT,0,3289458
relBp,0.5,1,1,TAAACGTTCTCCATATTATA,0,3281905
relBp,0.5,1,1,GTTTTTTTTCACGTCATCTC,0,3302536
relBp,0.5,1,1,GTTTTTGTAGGAAATTCCCA,0,3287440
relBp,0.5,1,1,GTTTTGCGTCAGGTTCCAAA,0,3305702
relBp,0.5,1,1,GTTTTGAGGTAACGTTTTGC,0,3285948
relBp,0.5,1,1,GTTTGTTTAAGATTGCCGCG,0,3275612
relBp,0.5,1,1,GTTTGGTTACCATGTGTACG,0,3304772
relBp,0.5,1,1,GTTTGGGCCGTGTCTGCAGT,0,3298763
relBp,0.5,1,1,GTTTGGGAATGCTTCTGAAT,0,3258161
relBp,0.5,1,1,GTTTGGCTACTAATGAATTC,0,3282269
relBp,0.5,1,1,GTTTGGCGTAGGTTCCCAAA,0,3281228
relBp,0.5,1,1,GTTTGGAATCCTGGACATTC,0,3296634
relBp,0.5,1,1,GTTTATAATTAGCTAGGTTT,0,3290719
relBp,0.5,1,1,GTTTACGTAGGTTTCTCCCA,0,3267331
relBp,0.5,1,1,GTTGTTTTTCGTAATGCTCA,0,3262647
relBp,0.5,1,1,GTTGGTCCTCGTAGAGCCTA,0,3290133
relBp,0.5,1,1,GTTGGGGGCGCACTTTCTCC,0,3303982
relBp,0.5,1,1,GTTGCTCTTATGGGCCGACG,0,3281428
relBp,0.5,1,1,GTTGCACTAGGAGCTGGCGG,0,3300960
relBp,0.5,1,1,GTTGAAGAGCGTGTAAAGTG,0,3270139
relBp,0.5,1,1,GTTCTGGATATTACTAGGGA,0,3298999
relBp,0.5,1,1,GTTCTACCACAAAACCTTGA,0,3266496
relBp,0.5,1,1,GTTCTAAGCGTGAAACTAGC,0,3266188
relBp,0.5,1,1,GTTCGCCCTAGTTACTCACG,0,3294413
relBp,0.5,1,1,GTTCGACTTACGGTACGGAG,0,3259000
relBp,0.5,1,1,GTTCCTTGCTCTCATCAGTG,0,3257977
relBp,0.5,1,1,GTTCATGGTGCTACCCTCTC,0,3307516
relBp,0.5,1,1,GTTCAGGTCACTAGCAACGG,0,3299929
relBp,0.5,1,1,GTTATTATAACTTCGATCCA,0,3280058
relBp,0.5,1,1,GTTATGTAAAGATTCCGAAC,0,3269068
relBp,0.5,1,1,GTTATATTTTCCTATTGACT,0,3274676
relBp,0.5,1,1,GTTATACTTCTCTAAAATTC,0,3299263
relBp,0.5,1,1,GTTAGGGGGCTGCTAGGATG,0,3297638
relBp,0.5,1,1,GTTACTGGCTACGGGCTCAC,0,3290871
relBp,0.5,1,1,GTTACGGGAGGCAGACCCCT,0,3256481
relBp,0.5,1,1,GTGTTCGTATGTGAGTCGAA,0,3290712
relBp,0.5,1,1,GTGTGCGGGAGCGTCTCAAC,0,3302640
relBp,0.5,1,1,GTGTCCTTGACCCGAGACTC,0,3295695
relBp,0.5,1,1,GTGTCCTAGAACTCGCCCCA,0,3270068
relBp,0.5,1,1,GTGTAGGGCGTAGCTATCCT,0,3292572
relBp,0.5,1,1,GTGTAGCGCCAGTTAAGAAT,0,3287746
relBp,0.5,1,1,GTGTACTCCGGGTAAAGTGA,0,3269979
relBp,0.5,1,1,GTGGTGCAGTCTGTCATCCA,0,3287375
relBp,0.5,1,1,GTGGTCGTACAATCGAATTG,0,3301326
relBp,0.5,1,1,GTGGGTTGAATCATCCGGGA,0,3258851
relBp,0.5,1,1,GTGGGGTGGTAGCGGTGAAT,0,3286537
relBp,0.5,1,1,GTGGGGTCACCCAAGTAAAG,0,3306989
relBp,0.5,1,1,GTGGGGCTCCACCTGGTGCG,0,3265897
relBp,0.5,1,1,GTGGCGTTCCAGGGGAGATG,0,3290579
relBp,0.5,1,1,GTGGCGTGGGACCGTGCGGT,0,3272204
relBp,0.5,1,1,GTGGACGACCCGGACCCCTC,0,3272424
relBp,0.5,1,1,GTGCTGGCCTCTACCAATGT,0,3273771
relBp,0.5,1,1,GTGCTGCTGTGGACTATTAA,0,3282480
relBp,0.5,1,1,GTGCTAGTCGAGGTCGTACC,0,3258464
relBp,0.5,1,1,GTGCTAGCTAGCTTGTTTAG,0,3280711
relBp,0.5,1,1,GTGCGGCTTTCCCTACTCCG,0,3288992
relBp,0.5,1,1,GTGCCGGCGTCGATTTGGAG,0,3278878
relBp,0.5,1,1,GTGATTAAGGGAGCATCTGC,0,3263089
relBp,0.5,1,1,GTGATGTCGCGCTAAAGCCT,0,3288305
relBp,0.5,1,1,GTGATGGAGTGAAACTATAA,0,3308141
relBp,0.5,1,1,GTGATCCCGAGGCAAGCTCT,0,3264542
relBp,0.5,1,1,GTGAGTACTCATTAGATGAA,0,3301754
relBp,0.5,1,1,GTGAGATTTCCAATGAGGAT,0,3272167
relBp,0.5,1,1,GTGACATCCCGGTATAGGCA,0,3272210
relBp,0.5,1,1,GTGAATGATCATACGTACCC,0,3277826
relBp,0.5,1,1,GTGAAGGATAGCCGTGGATG,0,3290626
relBp,0.5,1,1,GTGAAAGCGCGAACAGAACC,0,3303708
relBp,0.5,1,1,GTCTTTTCCCGGAGACATGC,0,3274510
relBp,0.5,1,1,GTCTGTATCCTCGGTGATAT,0,3294096
relBp,0.5,1,1,GTCTGCTGGAATAATATATG,0,3261484
relBp,0.5,1,1,GTCTCATTAGGTACATATTT,0,3257801
relBp,0.5,1,1,GTCTAATTTGTCCAGTAGCA,0,3280863
relBp,0.5,1,1,GTCTAACAGCTTCAATCGGT,0,3295119
relBp,0.5,1,1,GTCTAAAAATCACAGGTCGT,0,3273621
relBp,0.5,1,1,GTCGTATGCCATTGTAACAA,0,3291254
relBp,0.5,1,1,GTCGGGTGAACCAATGCCCC,0,3291568
relBp,0.5,1,1,GTCGCACGTGGAACCTAGCG,0,3288915
relBp,0.5,1,1,GTCGAGACGACCGCCTCCAA,0,3304040
relBp,0.5,1,1,GTCGAAGATGCCAAGGTATC,0,3285895
relBp,0.5,1,1,GTCCCTCAGGGATGACGTAA,0,3280667
relBp,0.5,1,1,GTCATTCGGGAGGCACAGGG,0,3273562
relBp,0.5,1,1,GTCATGCTCATCCATTCGGA,0,3264434
relBp,0.5,1,1,GTCAGGGGAAGGTCAAAGTA,0,3256139
relBp,0.5,1,1,GTCACTTTCATCGTCATTGT,0,3296624
relBp,0.5,1,1,GTCAATCAGCGGCCTCAGAG,0,3292297
relBp,0.5,1,1,GTCAACTTTCCTATACCCGT,0,3283007
relBp,0.5,1,1,GTCAAACGGGTTTTGTTAAC,0,3269029
relBp,0.5,1,1,GTATAAATATGGGTGATCAA,0,3267425
relBp,0.5,1,1,GTAGGGTGAGGTCGAATCCT,0,3267701
relBp,0.5,1,1,GTAGGGACCTGTCGGATTGA,0,3306968
relBp,0.5,1,1,GTAGCCGGCGCGCCAGTACT,0,3261440
relBp,0.5,1,1,GTACCTGCGGTGTCGGCATT,0,3302877
relBp,0.5,1,1,GTACCTCATCGCACGAGCCA,0,3281470
relBp,0.5,1,1,GTACCTAGCTCAGGCAGGCA,0,3264857
relBp,0.5,1,1,GTACACCGTAGGCCTATAGT,0,3278609
relBp,0.5,1,1,GTAATCACAGGGCGAACGAA,0,3291489
relBp,0.5,1,1,GTAATAGGCGACTGCGGGTA,0,3273106
relBp,0.5,1,1,GTAAGGGCACTTACCTCAAG,0,3268366
relBp,0.5,1,1,GTAAGGCAGGTACATGGACG,0,3266469
relBp,0.5,1,1,GTAAGCCATCGGAGTGAAAG,0,3273284
relBp,0.5,1,1,GTAACGACAACACCAGCCTC,0,3275836
relBp,0.5,1,1,GTAAATGCATCAGACGCAAG,0,3285164
relBp,0.5,1,1,GTAAAGTGATCGGGACACTT,0,3278123
relBp,0.5,1,1,GTAAAGCTCCTAGGCGTCAG,0,3258769
relBp,0.5,1,1,GTAAACCCGACCGAGCCCTA,0,3258601
relBp,0.5,1,1,GGTTTCAGGTGCTATCCGTA,0,3272102
relBp,0.5,1,1,GGTTTACATTAACGACAATG,0,3294004
relBp,0.5,1,1,GGTTGTGTATGGGAGAACGA,0,3278850
relBp,0.5,1,1,GGTTGGTGTGCGTTTTCAAT,0,3296658
relBp,0.5,1,1,GGTTGGGAGAGAATATAGTG,0,3300288
relBp,0.5,1,1,GGTTGCGCGATGCAGCGTAG,0,3300675
relBp,0.5,1,1,GGTTGCGCCTAGGTCGTAAG,0,3295011
relBp,0.5,1,1,GGTTCGCGAACCGTTTCTTT,0,3281591
relBp,0.5,1,1,GGTTCCTCACTTGCTATTTA,0,3290237
relBp,0.5,1,1,GGTTAGGCCTGAAGAGCTTT,0,3294665
relBp,0.5,1,1,GGTGTGGACGCGGCTAATCA,0,3271978
relBp,0.5,1,1,GGTGATGAGTCTAACGTACA,0,3298598
relBp,0.5,1,1,GGTCCGCACGGGATCTATAG,0,3301287
relBp,0.5,1,1,GGTCCCCTGTGAGAACCCGA,0,3299077
relBp,0.5,1,1,GGTCACATTGAAGAGTACAT,0,3296447
relBp,0.5,1,1,GGTCAAACCGGTGTTTCTAC,0,3303062
relBp,0.5,1,1,GGTATCCGATGTTCGAATAA,0,3265384
relBp,0.5,1,1,GGTATAGATAAAGGGCGTTG,0,3277666
relBp,0.5,1,1,GGTAGGCGTATTGCCGAGAG,0,3289542
relBp,0.5,1,1,GGTAGACCCGCGCCGGGCGC,0,3264973
relBp,0.5,1,1,GGTACCACAGGTATTGAGAG,0,3271067
relBp,0.5,1,1,GGTACACACCTGCGTCCTCC,0,3267921
relBp,0.5,1,1,GGTAAACCCGGTACTAAGGG,0,3305577
relBp,0.5,1,1,GGGTTTGTGGGGCGGTCCTC,0,3288731
relBp,0.5,1,1,GGGTTTAGTTTGTATTTGAA,0,3294765
relBp,0.5,1,1,GGGTGGCGCACATGCCATCT,0,3296519
relBp,0.5,1,1,GGGTGACCTCAGACACTTTA,0,3280670
relBp,0.5,1,1,GGGTCGGTGCTGCTATTCCG,0,3263348
relBp,0.5,1,1,GGGTCAGGTAGCCGTGTCTA,0,3287552
relBp,0.5,1,1,GGGTCAGAACGGCTGGGCGT,0,3265069
relBp,0.5,1,1,GGGTCACCACGGTATGTGTA,0,3304048
relBp,0.5,1,1,GGGTACGGAAGATGCACTAC,0,3265738
relBp,0.5,1,1,GGGTACGCAAAAATAGACTG,0,3305812
relBp,0.5,1,1,GGGGTCGAGTCAGGGCAAGC,0,3303543
relBp,0.5,1,1,GGGGTCCAAGCCAGGAGCGT,0,3277655
relBp,0.5,1,1,GGGGGGATTAGACCAATGCC,0,3283903
relBp,0.5,1,1,GGGGGAGAGCCGGGTAATTT,0,3303133
relBp,0.5,1,1,GGGGGACTGCTGTTGGCGTA,0,3300099
relBp,0.5,1,1,GGGGCCGAAATGGGAAAGAC,0,3275442
relBp,0.5,1,1,GGGGAGGCGGAACCTGTTGG,0,3305378
relBp,0.5,1,1,GGGGACACCGTGTGCGGAAT,0,3276334
relBp,0.5,1,1,GGGGAAAAGGCCGGCGGTAC,0,3264490
relBp,0.5,1,1,GGGCTGACGCGGTATATGCA,0,3256576
relBp,0.5,1,1,GGGCGGCTCTACTCGGTTCG,0,3282288
relBp,0.5,1,1,GGGCGGAAAGGTGGTGGTCA,0,3273949
relBp,0.5,1,1,GGGCGCTGGCGAACTAAACA,0,3284368
relBp,0.5,1,1,GGGCGACCCGCTATCGCAAT,0,3277782
relBp,0.5,1,1,GGGCCGGTCCCCTGGAAGCC,0,3297158
relBp,0.5,1,1,GGGCCGGGCCATCATATGGC,0,3284470
relBp,0.5,1,1,GGGCCGAAGCATCGATTAGC,0,3270917
relBp,0.5,1,1,GGGCATACATCCTTGTATTA,0,3262863
relBp,0.5,1,1,GGGCAGAGGATGGGGTTAGT,0,3269223
relBp,0.5,1,1,GGGCAACTCCACGATCTATA,0,3272040
relBp,0.5,1,1,GGGATGTCTGAATGGCCGGT,0,3288379
relBp,0.5,1,1,GGGATGTACGGTGCGCCGGT,0,3288251
relBp,0.5,1,1,GGGATCTCTCTAAGGCACAA,0,3306300
relBp,0.5,1,1,GGGATAGCATTCGCCCGTTG,0,3303804
relBp,0.5,1,1,GGGACTTCGATTTTGCCAGG,0,3295720
relBp,0.5,1,1,GGGACTAGCTTACCCAAAGC,0,3257117
relBp,0.5,1,1,GGGACCTGGTTCTTTTCTGT,0,3273269
relBp,0.5,1,1,GGGACCTATACTCATTGCGC,0,3306393
relBp,0.5,1,1,GGGAATCACTACCTCGTAGC,0,3260585
relBp,0.5,1,1,GGGAAGCTGATCAAGACAGC,0,3296717
relBp,0.5,1,1,GGGAACTCCAACCATGTGCT,0,3295762
relBp,0.5,1,1,GGGAACATTCTACAAATACC,0,3278035
relBp,0.5,1,1,GGCTTTATTTGTTGGCTATC,0,3272913
relBp,0.5,1,1,GGCTGTGTGAGGACAAATAA,0,3262621
relBp,0.5,1,1,GGCTGCGTCCGCAACTGACC,0,3256988
relBp,0.5,1,1,GGCTCCTCCTCGACATCTTA,0,3304708
relBp,0.5,1,1,GGCTCCTCACCTCCTCATTG,0,3289679
relBp,0.5,1,1,GGCTATTTGTCTTGGCTATG,0,3296592
relBp,0.5,1,1,GGCGTCTGTCGAAGACTGCT,0,3284769
relBp,0.5,1,1,GGCGGCTCTGTTTGCTACTG,0,3264116
relBp,0.5,1,1,GGCGGCTCGTGGCTTTAAGA,0,3285906
relBp,0.5,1,1,GGCGCGTTGAATCAACCGAC,0,3287321
relBp,0.5,1,1,GGCCCGCTACCAGCAAGTGG,0,3280262
relBp,0.5,1,1,GGCCAGTGAAGAACATGTCC,0,3277283
relBp,0.5,1,1,GGCCAGGCAAGTGCATAATA,0,3261000
relBp,0.5,1,1,GGCCAGGAAGTAGCCTCCCT,0,3304438
relBp,0.5,1,1,GGCCAAGTTTATTGCTGGCT,0,3297924
relBp,0.5,1,1,GGCATTTGGACATCGACAAA,0,3306930
relBp,0.5,1,1,GGCAGTATCTAAATGTAATG,0,3275190
relBp,0.5,1,1,GGCAGGGGTAGCTGATGGAA,0,3295990
relBp,0.5,1,1,GGCAGGACTCGACCTCAGCG,0,3257939
relBp,0.5,1,1,GGATTGTTAAAAGGGGCCAT,0,3258651
relBp,0.5,1,1,GGATTAAGGACTCGGTAGGA,0,3306635
relBp,0.5,1,1,GGATGAACGACAACCCCGTC,0,3304083
relBp,0.5,1,1,GGATCGATCTATTAACGAAA,0,3273695
relBp,0.5,1,1,GGAGTGCCCTGAATCGACGT,0,3263542
relBp,0.5,1,1,GGAGTAACACTTAGGTGATT,0,3297535
relBp,0.5,1,1,GGAGGTTCCAGTTCGTTTAG,0,3260694
relBp,0.5,1,1,GGAGGGTCAAGGCCTTCATT,0,3259206
relBp,0.5,1,1,GGAGGCACGCCGTGGTCTCA,0,3264818
relBp,0.5,1,1,GGAGGAAAGCAGGTCACCGA,0,3262918
relBp,0.5,1,1,GGAGCTGTTGGCAACTAGGC,0,3301825
relBp,0.5,1,1,GGAGCCTGTAGCACGAGCTT,0,3291248
relBp,0.5,1,1,GGAGCATTGCTTAGCACTTA,0,3302157
relBp,0.5,1,1,GGAGATCCAGATAATCCATA,0,3282797
relBp,0.5,1,1,GGACGTAAGGGCTAGACCGT,0,3303507
relBp,0.5,1,1,GGACCTCGACCAGGACATTC,0,3268897
relBp,0.5,1,1,GGACCGCCACGCGGCCACCA,0,3271196
relBp,0.5,1,1,GGACAGGACTTGGTTGCAGG,0,3284294
relBp,0.5,1,1,GGACAATTAACCCGCTAACA,0,3299552
relBp,0.5,1,1,GGAATCCGGTCATCAAAGAG,0,3297105
relBp,0.5,1,1,GGAATCATTGCGAGACCGGG,0,3265334
relBp,0.5,1,1,GGAATCAGAGGTCTGTCGAT,0,3300610
relBp,0.5,1,1,GGAATAGGACTGGATCAACT,0,3261788
relBp,0.5,1,1,GGAAGTCGGGCTTACGATTC,0,3268707
relBp,0.5,1,1,GGAAGTAAGCATGAAGGCCG,0,3271997
relBp,0.5,1,1,GGAAGGTCCGTTACGTCGCA,0,3286027
relBp,0.5,1,1,GGAAGATACGGTACTGTAAT,0,3265223
relBp,0.5,1,1,GGAAGAGTTGTCGTGAAGAA,0,3277659
relBp,0.5,1,1,GGAACGTAAATGACTGGTGA,0,3264014
relBp,0.5,1,1,GGAACATACGAATTGAGTAG,0,3271350
relBp,0.5,1,1,GGAAAGTCTCGCGGCTCTAG,0,3275619
relBp,0.5,1,1,GGAAAGAGTTACGGCAAAGC,0,3295333
relBp,0.5,1,1,GGAAACATACCTACCTATAT,0,3283011
relBp,0.5,1,1,GGAAAACCTGTGCACCTGGA,0,3273853
relBp,0.5,1,1,GCTTTGGAGCTATATTATAA,0,3275517
relBp,0.5,1,1,GCTTTACAGCTAATTGGGCA,0,3280379
relBp,0.5,1,1,GCTTGTAGCTGAATTCGGTG,0,3275733
relBp,0.5,1,1,GCTTGGGTAACTCGAGAACA,0,3290082
relBp,0.5,1,1,GCTTGCCGTGTTTAGCATGG,0,3288054
relBp,0.5,1,1,GCTTCAGGGTGTAGTTCTAT,0,3267849
relBp,0.5,1,1,GCTTAGAAATCTAAGTAGCC,0,3270487
relBp,0.5,1,1,GCTTACTATCGGAATTCAAA,0,3279017
relBp,0.5,1,1,GCTGTCGGACGCATACTGAT,0,3303159
relBp,0.5,1,1,GCTGGCCAGATCCAGCTGTC,0,3257734
relBp,0.5,1,1,GCTGCTGATACACCGGGTGC,0,3296462
relBp,0.5,1,1,GCTGCGAGTACCGTCGGTAA,0,3261351
relBp,0.5,1,1,GCTGCAGGGAAATTAGGGGT,0,3286476
relBp,0.5,1,1,GCTGCACGCATACTAACATA,0,3271670
relBp,0.5,1,1,GCTGATTGGAGTAGCTCCGA,0,3272641
relBp,0.5,1,1,GCTGAGCCTAAACGAGTTTA,0,3279139
relBp,0.5,1,1,GCTGAAGACTTACACGTCAA,0,3259802
relBp,0.5,1,1,GCTCTCACTCGTGACCCGCC,0,3278571
relBp,0.5,1,1,GCTCGTGGCTTTCCGGTCTC,0,3288980
relBp,0.5,1,1,GCTCGTAACAGCACCGTACG,0,3260253
relBp,0.5,1,1,GCTCGGCCCCTGAAGTGGGA,0,3302308
relBp,0.5,1,1,GCTCGCGTTAAACCAGCTCA,0,3277866
relBp,0.5,1,1,GCTCGCACCGAGGTTTCCGC,0,3256080
relBp,0.5,1,1,GCTCGAGCTCGACTCTTTAC,0,3301106
relBp,0.5,1,1,GCTCCTTCCTTTGGCGACGT,0,3297095
relBp,0.5,1,1,GCTCCGCGTCCGTGAGTGTT,0,3304873
relBp,0.5,1,1,GCTCCATCGAGTGGCAAAGA,0,3272781
relBp,0.5,1,1,GCTCAGAGCTGCGTCCCTTA,0,3301646
relBp,0.5,1,1,GCTCAAGTAAAGCCAACAAC,0,3302755
relBp,0.5,1,1,GCTATCGGACGTCCAGTCCA,0,3304023
relBp,0.5,1,1,GCTATCGATCGTGCAGAAAG,0,3291386
relBp,0.5,1,1,GCTATACCTCGGCGAGACAA,0,3308315
relBp,0.5,1,1,GCTAGGCAGCAGTCCTTACA,0,3305024
relBp,0.5,1,1,GCTACCTATTTGGTCTGCTT,0,3284790
relBp,0.5,1,1,GCTAATGAGCTAAACATTAG,0,3267933
relBp,0.5,1,1,GCTAATAGAGTGATATGTAG,0,3265431
relBp,0.5,1,1,GCGTTTGCAGAATCCGTGAC,0,3297576
relBp,0.5,1,1,GCGTTCTCATATATCTTTTA,0,3306022
relBp,0.5,1,1,GCGTGGGGATCCAAAGAAGG,0,3280092
relBp,0.5,1,1,GCGTCTTCATGGGGCGAGTA,0,3297349
relBp,0.5,1,1,GCGTCCTGACACACCTCTAT,0,3301866
relBp,0.5,1,1,GCGGTAGGGTGGCCTGGGTA,0,3298047
relBp,0.5,1,1,GCGGGAAATGGATGTGTTAA,0,3283076
relBp,0.5,1,1,GCGGCCGGGCTAGGAACAAC,0,3258762
relBp,0.5,1,1,GCGGAACTGATTAGCAGGAC,0,3280557
relBp,0.5,1,1,GCGCTGTGTGCGGTACGGGG,0,3279718
relBp,0.5,1,1,GCGCGTGCTATCACAGCCCT,0,3305136
relBp,0.5,1,1,GCGCCCTCAATCAATACTAC,0,3273184
relBp,0.5,1,1,GCGCAGTACACGCTGTCAGT,0,3289136
relBp,0.5,1,1,GCGCACAGGAGTCGATCGTA,0,3293334
relBp,0.5,1,1,GCGCAAACTCAGCGCATAGG,0,3272801
relBp,0.5,1,1,GCGATCTTCGAGGAAACTGT,0,3263814
relBp,0.5,1,1,GCGAGGGTATATTCTCAAAA,0,3301174
relBp,0.5,1,1,GCGAGCCGCAATGGTCAGGA,0,3270591
relBp,0.5,1,1,GCGACCCCCTCATACCACGG,0,3300939
relBp,0.5,1,1,GCGAACTTTAGATTCGTGAA,0,3278015
relBp,0.5,1,1,GCGAACGAGGCCAATGACCG,0,3273403
relBp,0.5,1,1,GCCTTGTTCGAAGCACTCTC,0,3299801
relBp,0.5,1,1,GCCTTGACTGACCCTCTTTG,0,3266520
relBp,0.5,1,1,GCCTTCAGGCAAAATTCTCC,0,3268545
relBp,0.5,1,1,GCCTAGACGCTTAAGTTCAG,0,3302287
relBp,0.5,1,1,GCCTAAGTCTGCCCGGCTTC,0,3258979
relBp,0.5,1,1,GCCGCCCTAAACCCCTACGA,0,3266770
relBp,0.5,1,1,GCCGCCATGCGGTGCCACCA,0,3280245
relBp,0.5,1,1,GCCGCAACTACGCAACGCCA,0,3263998
relBp,0.5,1,1,GCCCTAGGTCCCGGGTTTAT,0,3274606
relBp,0.5,1,1,GCCCGGTAGGCCGTCGAGCC,0,3267193
relBp,0.5,1,1,GCCCGCGGGCGGCTTAAAAG,0,3264227
relBp,0.5,1,1,GCCCGCCCCAGGACCCCCCT,0,3303598
relBp,0.5,1,1,GCCCGAAGGTCGCGTGATAC,0,3305599
relBp,0.5,1,1,GCCCCTTTCATCCCCTCGCG,0,3303134
relBp,0.5,1,1,GCCCCTGCTCGCGAGGCCGA,0,3268927
relBp,0.5,1,1,GCCCCAGTTATCAAACCACG,0,3292695
relBp,0.5,1,1,GCCCCACAGGATATAGAGAT,0,3284983
relBp,0.5,1,1,GCCCAATAGACCTAGTTCCA,0,3258345
relBp,0.5,1,1,GCCATAGGCTTAGTTGTGCG,0,3281116
relBp,0.5,1,1,GCCAGTGAGGGGCTTTCGTA,0,3303453
relBp,0.5,1,1,GCCAGTAGGTGTCACGTGAA,0,3305474
relBp,0.5,1,1,GCCAGCAGTTACCAGATTCA,0,3266213
relBp,0.5,1,1,GCCACTCCGGCTAGCTAGGC,0,3279475
relBp,0.5,1,1,GCCACAATGCGGGCTTCTTC,0,3281699
relBp,0.5,1,1,GCCAAATGTAATCTTTTCTC,0,3271504
relBp,0.5,1,1,GCCAAAGTATGTCATTGCGG,0,3274520
relBp,0.5,1,1,GCATTCTATTAAAGTTGTAC,0,3279839
relBp,0.5,1,1,GCATAGGGAGGCGCATATTT,0,3295050
relBp,0.5,1,1,GCATACGTGGGCTTGGAGCT,0,3303786
relBp,0.5,1,1,GCATACCGGTCGGCCAATCC,0,3278393
relBp,0.5,1,1,GCAGTGTCATGTAACGCGTT,0,3292276
relBp,0.5,1,1,GCAGACCGCGCACTACGCAT,0,3280424
relBp,0.5,1,1,GCACTTCCCGGGTCTACGGT,0,3274783
relBp,0.5,1,1,GCACTGTTCTCCGCATGTAC,0,3284176
relBp,0.5,1,1,GCACTCTAGGTGAGAACCTC,0,3287005
relBp,0.5,1,1,GCACCTTGACGCACCGTGGT,0,3279428
relBp,0.5,1,1,GCACCTCCTTCTGTGTACGC,0,3298396
relBp,0.5,1,1,GCACCCTAAGGGACGTCCGC,0,3269019
relBp,0.5,1,1,GCACCAGAGCGGGGAGACTT,0,3266278
relBp,0.5,1,1,GCAAGTTAATTCGCGTTGTA,0,3308321
relBp,0.5,1,1,GCAAGATGAGCTTTGCTCTA,0,3264659
relBp,0.5,1,1,GCAACGACTCTTGATTAAAT,0,3306004
relBp,0.5,1,1,GCAAATGGTGTCGCTAATGT,0,3281140
relBp,0.5,1,1,GCAAATCTGACGGTGTTTGT,0,3291719
relBp,0.5,1,1,GATTTGTTGTTAAGGAGTGC,0,3267608
relBp,0.5,1,1,GATTACTGTCGTGTGGGGTA,0,3271251
relBp,0.5,1,1,GATGTCAGTGTGGAGGGCGT,0,3273214
relBp,0.5,1,1,GATGGTCGTTCAGATGGATA,0,3275756
relBp,0.5,1,1,GATGGCAGTGCAGAGTTAAA,0,3279539
relBp,0.5,1,1,GATGCTCTAATTACGGGTGA,0,3280678
relBp,0.5,1,1,GATGCGTCTCGGCATTAATG,0,3304472
relBp,0.5,1,1,GATGCGAGCTCTCTAGTTGG,0,3300804
relBp,0.5,1,1,GATGCATTGTAACTGTTTTG,0,3293272
relBp,0.5,1,1,GATGAACACATTTGGGAACC,0,3306580
relBp,0.5,1,1,GATCTGGCCATGCATAAGGT,0,3270806
relBp,0.5,1,1,GATCTATGACTGTTCCTTCC,0,3293452
relBp,0.5,1,1,GATCGGAGGTGTTTAGGGCT,0,3293096
relBp,0.5,1,1,GATCGGAAGAGTCGGCGTAA,0,3256959
relBp,0.5,1,1,GATCCGTGTTGCCACGTTCC,0,3278824
relBp,0.5,1,1,GATCATCTCCATGCAACCTC,0,3293687
relBp,0.5,1,1,GATCAGAGCCGTATAGTATA,0,3282514
relBp,0.5,1,1,GATCACCCCCCGCTTTTCTT,0,3295921
relBp,0.5,1,1,GATATGTTGATATTATTGCC,0,3278271
relBp,0.5,1,1,GATATCTACAATTTTAAGGA,0,3282408
relBp,0.5,1,1,GATATCCTGTTTAACCGGTC,0,3282697
relBp,0.5,1,1,GATATAAATCTCACATGGTC,0,3268037
relBp,0.5,1,1,GATAGGGGTTTAGACATGAA,0,3281562
relBp,0.5,1,1,GATAGGGCCTATCCAGTCAA,0,3298558
relBp,0.5,1,1,GATAGAGCGGAGCAGGACAA,0,3300593
relBp,0.5,1,1,GATAGAAAAGTATGATAAGC,0,3275216
relBp,0.5,1,1,GATACTATTTCTACTTGTGT,0,3273022
relBp,0.5,1,1,GATACCTTATCGCGTAACGC,0,3290459
relBp,0.5,1,1,GATAAGTACGATTCCGCGGG,0,3258024
relBp,0.5,1,1,GATAAACATTCGCGCACCGT,0,3295673
relBp,0.5,1,1,GAGTTGTGGATGGTTTTCCA,0,3287329
relBp,0.5,1,1,GAGTGGGACTTTATTAAACA,0,3282710
relBp,0.5,1,1,GAGTGGATGCGAAAGGCTCT,0,3308115
relBp,0.5,1,1,GAGTGCACAAGCTGCACGGT,0,3304270
relBp,0.5,1,1,GAGTCAAGGGCCGTCTACCG,0,3290990
relBp,0.5,1,1,GAGTAGAGGTGGCAGGGATA,0,3291763
relBp,0.5,1,1,GAGGTTCATTACTTTGACAT,0,3273377
relBp,0.5,1,1,GAGGTGAAATTAATCCTAGG,0,3256721
relBp,0.5,1,1,GAGGTCCTTATCGACGAGTG,0,3290798
relBp,0.5,1,1,GAGGTCCACTGTCCCGCGAC,0,3302291
relBp,0.5,1,1,GAGGTAGAATCGGAAAACTA,0,3296444
relBp,0.5,1,1,GAGGGTCAGGTCTTACTCTT,0,3298840
relBp,0.5,1,1,GAGGGCTCCTGATTACAAAC,0,3295538
relBp,0.5,1,1,GAGGGCGTGGGGAGGAGCCG,0,3299255
relBp,0.5,1,1,GAGGCTAGAGCCGCATGGAT,0,3263835
relBp,0.5,1,1,GAGGAAGTCTATCTCCTCAG,0,3274365
relBp,0.5,1,1,GAGCTTTGACCGTCTAGTGA,0,3268281
relBp,0.5,1,1,GAGCTCGCCCGCCAGCAAAA,0,3270949
relBp,0.5,1,1,GAGCTACGTGCACCAAACCT,0,3269607
relBp,0.5,1,1,GAGCGCATTCATTACCCTTA,0,3290596
relBp,0.5,1,1,GAGCGATAGGGGAGACTGGA,0,3260229
relBp,0.5,1,1,GAGCCACTCACGGTTCGCGA,0,3293714
relBp,0.5,1,1,GAGCATGAGAGAAGAGCTGG,0,3293972
relBp,0.5,1,1,GAGCATAATGTTTAGTCAGT,0,3259057
relBp,0.5,1,1,GAGCAAAGAAAGGCGGGGGG,0,3258537
relBp,0.5,1,1,GAGATTGGGAACGCGTAATG,0,3279564
relBp,0.5,1,1,GAGATTACCGTTGAGAGTGC,0,3290032
relBp,0.5,1,1,GAGATAAGGAATTAGCTATG,0,3281765
relBp,0.5,1,1,GAGAGAATGCACGTTACAAT,0,3292028
relBp,0.5,1,1,GAGAATACGATTTTTATTAT,0,3261370
relBp,0.5,1,1,GACTTGTGCGCAGGATTTAG,0,3290402
relBp,0.5,1,1,GACTTCGCAGTCATGTTCCA,0,3265465
relBp,0.5,1,1,GACTTCAGGGGGCCGGGTAT,0,3289781
relBp,0.5,1,1,GACTGGCCCCAAAGTTATCG,0,3291058
relBp,0.5,1,1,GACTGCAGTAAACGCTTCTA,0,3269954
relBp,0.5,1,1,GACTCTGACGGTAAGAGGAG,0,3292447
relBp,0.5,1,1,GACTCGACAAAGGTGATACT,0,3304206
relBp,0.5,1,1,GACGTGTGGTGTAACTCACT,0,3272072
relBp,0.5,1,1,GACGTGTGCAATTAGAATCC,0,3259493
relBp,0.5,1,1,GACGTAGGACGCCCTCAATG,0,3287078
relBp,0.5,1,1,GACGTAAGATGCTAAGGTTA,0,3305561
relBp,0.5,1,1,GACGCAGTTACAAATCATAG,0,3261784
relBp,0.5,1,1,GACCTTTAATAGGGTAGCAC,0,3280739
relBp,0.5,1,1,GACCTATCTTCTCCGACCGC,0,3293301
relBp,0.5,1,1,GACCGGGACTTTATAAACTC,0,3305658
relBp,0.5,1,1,GACCGCTGCGATCTGAACTC,0,3259742
relBp,0.5,1,1,GACCCGCGCATATCGCATAA,0,3282083
relBp,0.5,1,1,GACCCCTGACCTGTGTCATT,0,3282260
relBp,0.5,1,1,GACCCCACGAAGCGCTCAGC,0,3259168
relBp,0.5,1,1,GACCCATCCGGGGATCCCGG,0,3266719
relBp,0.5,1,1,GACCAGGTTTGGATTCTTCG,0,3262137
relBp,0.5,1,1,GACATTGGTCGTGGTTCTTA,0,3302589
relBp,0.5,1,1,GACATGGGAGGCGAAAAGCT,0,3269585
relBp,0.5,1,1,GACATATACCATCGCACCGT,0,3258431
relBp,0.5,1,1,GACATACTTCAACTGGAAAA,0,3279365
relBp,0.5,1,1,GACAGCGGAGGTAAAATTAA,0,3269756
relBp,0.5,1,1,GACAGCACAAAGCCTCTGGT,0,3289705
relBp,0.5,1,1,GACAGACACTGATGGGCGAA,0,3306247
relBp,0.5,1,1,GACACGAGGCCTAACTTCAC,0,3266998
relBp,0.5,1,1,GAATTCCCTGTAAATCCCCA,0,3273247
relBp,0.5,1,1,GAATTCACGTCCGTCACATT,0,3277577
relBp,0.5,1,1,GAATTAAGATTCGACGTTTT,0,3284527
relBp,0.5,1,1,GAATGAAAGGAAGGGATCAA,0,3270907
relBp,0.5,1,1,GAAGGCAGCGAAAGTCCCCA,0,3260643
relBp,0.5,1,1,GAAGGACCCTTTATTAGATG,0,3280743
relBp,0.5,1,1,GAAGCCCAGTGGGCGCGGAC,0,3289656
relBp,0.5,1,1,GAAGCACGCGGAAACGCCCC,0,3262631
relBp,0.5,1,1,GAAGACACAAATGGCCGAGT,0,3290861
relBp,0.5,1,1,GAACGCAGGCATCATTAGGC,0,3271372
relBp,0.5,1,1,GAACCTTCCTGAGGCAGGAA,0,3283458
relBp,0.5,1,1,GAACCTGGTGCCCAGAAAGC,0,3275662
relBp,0.5,1,1,GAACCGGCTCCCGTAATGCC,0,3295244
relBp,0.5,1,1,GAACCAAGCTCCATTGGCGT,0,3298034
relBp,0.5,1,1,GAACAGTTCGGTGAATCTTG,0,3297764
relBp,0.5,1,1,GAACACACGGTTAGGGTTAG,0,3299591
relBp,0.5,1,1,GAAATGGCCGCTATACGGGA,0,3284996
relBp,0.5,1,1,GAAATGCCTTCATTACGCAA,0,3285572
relBp,0.5,1,1,GAAATGAACAACTAACGTAG,0,3269031
relBp,0.5,1,1,GAAATACATTGTGGGGTGCA,0,3292773
relBp,0.5,1,1,GAAATAATGTTAATGGGACA,0,3265672
relBp,0.5,1,1,GAAAGCGTCTAGCCCCTAGA,0,3275147
relBp,0.5,1,1,GAAAGCCCGCGCACGGGGCA,0,3283978
relBp,0.5,1,1,GAAAACATGAAGATGAAGAT,0,3303544
relBp,0.5,1,1,CTTTTTACCGGTTGGCTAGA,0,3262933
relBp,0.5,1,1,CTTTGTAGATCGCCCATGAC,0,3274600
relBp,0.5,1,1,CTTTAGACTTCTCCTGGCTG,0,3262646
relBp,0.5,1,1,CTTTACAGGTCCGTACAGCA,0,3276687
relBp,0.5,1,1,CTTTAAACTATCTAGTCAAC,0,3278457
relBp,0.5,1,1,CTTGTTAGGCTTAGCTCGCA,0,3294032
relBp,0.5,1,1,CTTGTATTCGCCTGAGCGAA,0,3298932
relBp,0.5,1,1,CTTGGGTCTACTGTGGTCCC,0,3277585
relBp,0.5,1,1,CTTGGCATGGGCAACAGTAC,0,3298016
relBp,0.5,1,1,CTTGGACATATGGACTATGA,0,3303105
relBp,0.5,1,1,CTTGCTTGAGCCATACAAAT,0,3305362
relBp,0.5,1,1,CTTGCTATCTCACTCTCTCT,0,3262205
relBp,0.5,1,1,CTTGAGCGCAAGTTAATCGC,0,3275388
relBp,0.5,1,1,CTTCGCTCCGGGAGCCCAAG,0,3260099
relBp,0.5,1,1,CTTCGCGTGTATTTCAGGCT,0,3295497
relBp,0.5,1,1,CTTCCCAGTCGGAGCGTTCA,0,3274973
relBp,0.5,1,1,CTTCAGGTCGGGTCATTCTA,0,3282721
relBp,0.5,1,1,CTTATGCGTGACGACTAAGT,0,3260282
relBp,0.5,1,1,CTTAGCGACGTGACGCCTAG,0,3259890
relBp,0.5,1,1,CTTACTTCCTAACAAAGCCG,0,3298747
relBp,0.5,1,1,CTTACGGTGAGCAGGACAGA,0,3256789
relBp,0.5,1,1,CTTACCTCCAGTTTAATGGA,0,3291916
relBp,0.5,1,1,CTTAATATCTCGTACGCAAC,0,3285158
relBp,0.5,1,1,CTTAAGTGGCATTCGTGATG,0,3267948
relBp,0.5,1,1,CTTAAATGTGCTCGAACACA,0,3299852
relBp,0.5,1,1,CTGTTTTACGAGCCACTGCG,0,3297885
relBp,0.5,1,1,CTGTGCAAAGACGGTGGGTG,0,3308106
relBp,0.5,1,1,CTGTCGTCGCGCGGGCTGAA,0,3298899
relBp,0.5,1,1,CTGGTAACCGATGGCAGATG,0,3296598
relBp,0.5,1,1,CTGGGATCGATGCCCTCTTT,0,3259907
relBp,0.5,1,1,CTGGCACTGTTAGGGAACTT,0,3263683
relBp,0.5,1,1,CTGCTGAAAGTCGCTAAGGA,0,3288275
relBp,0.5,1,1,CTGCTATGAGGCCGACCTGG,0,3305564
relBp,0.5,1,1,CTGCGCAGGGTGCCGCCACT,0,3303842
relBp,0.5,1,1,CTGCATTAATAGTTTTTCAA,0,3285623
relBp,0.5,1,1,CTGCATCATGTTGGAAGTGT,0,3272937
relBp,0.5,1,1,CTGCAGAGAGTTAGTAACTC,0,3283198
relBp,0.5,1,1,CTGATTCAACCGGTTCCGTA,0,3276022
relBp,0.5,1,1,CTGATTACTGCACTTCAGCT,0,3299725
relBp,0.5,1,1,CTGATGCGGGCTCCGGTAGT,0,3261566
relBp,0.5,1,1,CTGATCCGAAGAGCCGGCCT,0,3268636
relBp,0.5,1,1,CTGAGGCCATGCTAGGCGGA,0,3277421
relBp,0.5,1,1,CTGAGACACCTTAAATGAGG,0,3305103
relBp,0.5,1,1,CTGAACCAAATATTTTGCGC,0,3265216
relBp,0.5,1,1,CTGAAAACCGTATCTAAAAC,0,3268468
relBp,0.5,1,1,CTCTTCCCCTACGCCTGGTG,0,3264105
relBp,0.5,1,1,CTCTTATGATTGATCGTTTT,0,3259289
relBp,0.5,1,1,CTCTGTGGGTATTCAAATCA,0,3290974
relBp,0.5,1,1,CTCTCAGAGTTTGGGGTGAT,0,3272012
relBp,0.5,1,1,CTCTCAGACATAAGGTCGAT,0,3269203
relBp,0.5,1,1,CTCTAAAGCCAGATCCCCGA,0,3259636
relBp,0.5,1,1,CTCGTGAAGGATATTGCATG,0,3261990
relBp,0.5,1,1,CTCGGTATCGAATGGTAGAT,0,3297483
relBp,0.5,1,1,CTCGGCCAGGTCAGCTAACT,0,3299763
relBp,0.5,1,1,CTCGGATATTCCTAGATAGT,0,3257879
relBp,0.5,1,1,CTCGCATGGGTTAGTAAAAC,0,3294223
relBp,0.5,1,1,CTCGACGGGGGCGCTAAGTA,0,3294149
relBp,0.5,1,1,CTCCTAGAAATTTTACACTT,0,3282028
relBp,0.5,1,1,CTCCCTTCACAGGTGGACAC,0,3273204
relBp,0.5,1,1,CTCCCCGCGCTTGTCCACAG,0,3290723
relBp,0.5,1,1,CTCCCAGGAGAGTAGCACGC,0,3287040
relBp,0.5,1,1,CTCCACCATCCTAGGATTAG,0,3301267
relBp,0.5,1,1,CTCCAAGATATATAACTATC,0,3256137
relBp,0.5,1,1,CTCATAGCAGTAGATAATGG,0,3293695
relBp,0.5,1,1,CTCAGTTTATCCCGATGAGA,0,3268317
relBp,0.5,1,1,CTCAGGGAATTAAAATTAGT,0,3262932
relBp,0.5,1,1,CTCAGAATATCGGTCCGCGT,0,3272045
relBp,0.5,1,1,CTCAAGTGTAATGCTAAGTC,0,3291522
relBp,0.5,1,1,CTATGGTCAGAGATCGGTTC,0,3298776
relBp,0.5,1,1,CTATGCGCGATTTACGGATA,0,3262407
relBp,0.5,1,1,CTATCACGACGAGAGGAGCC,0,3305683
relBp,0.5,1,1,CTATATCCATGGAATGTGTA,0,3258809
relBp,0.5,1,1,CTAGTGAACCCAAACAAGTG,0,3257470
relBp,0.5,1,1,CTAGTCTGTAAGCGTTGATA,0,3306590
relBp,0.5,1,1,CTAGGTTGCACTCCTAGCAA,0,3297955
relBp,0.5,1,1,CTAGAGTCCAATGTCGCCTT,0,3297048
relBp,0.5,1,1,CTAGAGATTGGAGTAGAATT,0,3263436
relBp,0.5,1,1,CTAGACAGCACCGGGCATAA,0,3267915
relBp,0.5,1,1,CTAGAATATTGTGCCTAAGT,0,3268254
relBp,0.5,1,1,CTACTTTCAGGGCTACGGCT,0,3265301
relBp,0.5,1,1,CTACTCGCCGCACTACGTTA,0,3276590
relBp,0.5,1,1,CTACCCTAGCGGGTCTGTCA,0,3291255
relBp,0.5,1,1,CTACCCGCGTGGCCAAATCA,0,3274626
relBp,0.5,1,1,CTACCCAATGGGACTCTCGT,0,3297101
relBp,0.5,1,1,CTACAAGGGCTCTACACAAC,0,3301787
relBp,0.5,1,1,CTAATTCCCGTACTCAGCCA,0,3272909
relBp,0.5,1,1,CTAAGGCACAATCCTTTAGC,0,3278399
relBp,0.5,1,1,CTAAATAGTGGACAGGGAGA,0,3262751
relBp,0.5,1,1,CGTTTTTCAATGCATACGCA,0,3281497
relBp,0.5,1,1,CGTTTTCGCTGTGTCAGTGT,0,3293628
relBp,0.5,1,1,CGTTTTCATCTGTCGAGAAT,0,3290344
relBp,0.5,1,1,CGTTTGTTTATTGAGCACTA,0,3307369
relBp,0.5,1,1,CGTTTCATCAGCGGGTATCT,0,3288702
relBp,0.5,1,1,CGTTGGGAAGTATCTTGTCT,0,3296235
relBp,0.5,1,1,CGTTGAAGTATGGTGTAAAT,0,3291350
relBp,0.5,1,1,CGTTCGAGTGTAATAGGGTG,0,3269777
relBp,0.5,1,1,CGTTCCTCCGGGAGCCGGTA,0,3304330
relBp,0.5,1,1,CGTTCCACACGATGCACGAC,0,3273305
relBp,0.5,1,1,CGTTCATAGCTTGCCATTCA,0,3298952
relBp,0.5,1,1,CGTTATAGCGCGTTCGGAAC,0,3293109
relBp,0.5,1,1,CGTGTCCTGCAGAGCCTGCA,0,3289537
relBp,0.5,1,1,CGTGTATGTGGGGGTCGAGT,0,3296560
relBp,0.5,1,1,CGTGGATCGGGGCGCGTTCC,0,3293008
relBp,0.5,1,1,CGTGCGGACGGTTAGTAAAT,0,3272227
relBp,0.5,1,1,CGTGATCCCAGTGGCCGTCA,0,3265092
relBp,0.5,1,1,CGTCTCACGACGTATGTAAT,0,3297890
relBp,0.5,1,1,CGTCGGAACCCCGTGTCAAC,0,3288916
relBp,0.5,1,1,CGTCGAGACATGTTTCTTAA,0,3286630
relBp,0.5,1,1,CGTCCGTTTCGGACTGTCGC,0,3256234
relBp,0.5,1,1,CGTCCCTGTATCAAACTAAT,0,3295753
relBp,0.5,1,1,CGTCACCTCTCGGGCTTTGT,0,3295761
relBp,0.5,1,1,CGTAGTACTATCCTACAGAT,0,3264514
relBp,0.5,1,1,CGTAGCTGCCCCAGGCTTTA,0,3269099
relBp,0.5,1,1,CGTAGCCCCCGTCTGCTGCA,0,3293335
relBp,0.5,1,1,CGTAACCTGATTGTTGCGTC,0,3259737
relBp,0.5,1,1,CGGTGCACTTGCATGTATCA,0,3285715
relBp,0.5,1,1,CGGTATCTACTCAACGTTTT,0,3288511
relBp,0.5,1,1,CGGTAGTAAGGCTAGTCATG,0,3262624
relBp,0.5,1,1,CGGGTGAGTTCCGAACTAGC,0,3275596
relBp,0.5,1,1,CGGGTAGCCATGTATTATTA,0,3263566
relBp,0.5,1,1,CGGGGGATAATCGGCTGGCA,0,3288143
relBp,0.5,1,1,CGGGCTGGAGCTCCGAGCTC,0,3275416
relBp,0.5,1,1,CGGGCTCAGATTAGGCACTA,0,3266015
relBp,0.5,1,1,CGGGCGCGCGTCACTGGGAA,0,3285299
relBp,0.5,1,1,CGGGATTCTATAAGTAAAAT,0,3267180
relBp,0.5,1,1,CGGGACGCAATGCACACCGG,0,3259701
relBp,0.5,1,1,CGGCTTCAACTGTATCCGAA,0,3288269
relBp,0.5,1,1,CGGCTGTCCGACACGTCGCG,0,3286687
relBp,0.5,1,1,CGGCTCATTCACGGGGGATG,0,3294649
relBp,0.5,1,1,CGGCGGATGTCGCTTTACCA,0,3289947
relBp,0.5,1,1,CGGCGAGACCGCCCACGTTA,0,3268403
relBp,0.5,1,1,CGGCCTAGACGAGGGGCAGA,0,3285155
relBp,0.5,1,1,CGGCCGCATTTGCTACGGTC,0,3259286
relBp,0.5,1,1,CGGCCGCAGATGTGCTTGGC,0,3265574
relBp,0.5,1,1,CGGCATGTTCCCGGCTGCCT,0,3278342
relBp,0.5,1,1,CGGCAGTGCCGGCCGTGCTA,0,3269321
relBp,0.5,1,1,CGGATGATAGACCTTTCACT,0,3297177
relBp,0.5,1,1,CGGATGAGGGGAGTATACGT,0,3298857
relBp,0.5,1,1,CGGATCGTGGTCATCGGCCT,0,3305383
relBp,0.5,1,1,CGGATCGACTGTTATCCAGG,0,3303289
relBp,0.5,1,1,CGGAGTCTCCTGTACCCCGG,0,3285666
relBp,0.5,1,1,CGGAGGAATTTGGTCAGTGA,0,3300827
relBp,0.5,1,1,CGGACTCTGTCAATCTTGCC,0,3292576
relBp,0.5,1,1,CGGACTCGGTGAGGGAGATG,0,3265687
relBp,0.5,1,1,CGGACAGGGTGTCTTCTCGA,0,3298345
relBp,0.5,1,1,CGGACACGATAGTGTAACCG,0,3301048
relBp,0.5,1,1,CGGAAGACGCTCAACGGCAG,0,3292362
relBp,0.5,1,1,CGGAAAATATGATTCAACCA,0,3300941
relBp,0.5,1,1,CGCTTTATCAAAGGGATCTC,0,3257899
relBp,0.5,1,1,CGCTTGCGAATGATGCATGA,0,3295118
relBp,0.5,1,1,CGCTTCTATCCGGGAAGGTC,0,3259883
relBp,0.5,1,1,CGCTTCCGGGACAGTGGTGG,0,3276168
relBp,0.5,1,1,CGCTTATGGGTTTGTTTCTC,0,3275446
relBp,0.5,1,1,CGCTTAATGGGATAAGTAGT,0,3263974
relBp,0.5,1,1,CGCTGGTGTCGGAAGTGTAG,0,3282748
relBp,0.5,1,1,CGCTCCGTTAGTTCGATGCG,0,3274501
relBp,0.5,1,1,CGCTCCCACTATCTTGCGTC,0,3261431
relBp,0.5,1,1,CGCTATGGACACTCGAAATG,0,3293703
relBp,0.5,1,1,CGCTACCCTTACCGCAGCAT,0,3298462
relBp,0.5,1,1,CGCTAACTCAGAATCAAGTT,0,3277414
relBp,0.5,1,1,CGCGTCTTAGCGCGGTAGTC,0,3298938
relBp,0.5,1,1,CGCGTATTTTGTAAGTGGCT,0,3290854
relBp,0.5,1,1,CGCGGTCAGTGACACTGTAA,0,3264430
relBp,0.5,1,1,CGCGGGCATAGTTCCTCGCA,0,3295541
relBp,0.5,1,1,CGCGGCTTAGAGGCCAAGAG,0,3265186
relBp,0.5,1,1,CGCGGCACTCGCTAGGGGGT,0,3299942
relBp,0.5,1,1,CGCGAACCCGGGCGAATAGG,0,3265911
relBp,0.5,1,1,CGCCTTGTTGTTAAACAGAG,0,3272046
relBp,0.5,1,1,CGCCTAACCTATCGTAGGAT,0,3298194
relBp,0.5,1,1,CGCCGGTGAGCACAAAACGA,0,3272835
relBp,0.5,1,1,CGCCGCATAGGAGTAAAGGT,0,3257210
relBp,0.5,1,1,CGCCCTTAGGGTCATAGTTC,0,3292807
relBp,0.5,1,1,CGCATGTCGAAAGCGGCCGA,0,3283229
relBp,0.5,1,1,CGCATGCAAGCCCGGGTTGA,0,3289967
relBp,0.5,1,1,CGCATGAACGGGACCGTGTG,0,3268223
relBp,0.5,1,1,CGCAGCCAACGTAGTACATA,0,3268321
relBp,0.5,1,1,CGCACGTCTCCGCGCCCTGG,0,3302394
relBp,0.5,1,1,CGCAATATATACAGGTCTAA,0,3290468
relBp,0.5,1,1,CGCAAACATTGTGCATCATG,0,3262188
relBp,0.5,1,1,CGATTTAGTTAAACTTTTCT,0,3288652
relBp,0.5,1,1,CGATTGCGCCAGACTGCGAC,0,3270143
relBp,0.5,1,1,CGATGGTTCGATCCGCCGCT,0,3290810
relBp,0.5,1,1,CGATCTTGAGATTTATGTGA,0,3273081
relBp,0.5,1,1,CGATCGCGTAATTCCTCTCC,0,3263333
relBp,0.5,1,1,CGATCCCTGAATGCAAGCAG,0,3306167
relBp,0.5,1,1,CGAGTTGTAAACGGATATCC,0,3280540
relBp,0.5,1,1,CGAGTTACGCCAAGGTTATA,0,3275133
relBp,0.5,1,1,CGAGTCTGGTACATCCAGAT,0,3260018
relBp,0.5,1,1,CGAGGTACTCCGTTACCGCA,0,3286299
relBp,0.5,1,1,CGAGGCCTATAGACGTGGCT,0,3273416
relBp,0.5,1,1,CGAGGATTCCACTGCTATTT,0,3282325
relBp,0.5,1,1,CGAGGAGTTTTATATCCACG,0,3306149
relBp,0.5,1,1,CGAGGACCCCAGGATCGGGT,0,3259445
relBp,0.5,1,1,CGAGGACAATGTTCAAAACA,0,3271088
relBp,0.5,1,1,CGAGCTGGATCCATCTACTA,0,3281858
relBp,0.5,1,1,CGAGCCGTGGCGTATCGCCA,0,3256142
relBp,0.5,1,1,CGACTTACTTCGTGGCCATG,0,3301289
relBp,0.5,1,1,CGACTGAGGATAGAGAAAGT,0,3297722
relBp,0.5,1,1,CGACGGACCAAGCGCAACAC,0,3282905
relBp,0.5,1,1,CGACGAGGCATCAACACAAC,0,3278335
relBp,0.5,1,1,CGACCGGGTTGTGGTGCTCC,0,3272396
relBp,0.5,1,1,CGACCGCTCAACCCGGTCCC,0,3280390
relBp,0.5,1,1,CGACCCGTGCCTTTAAGGTA,0,3293770
relBp,0.5,1,1,CGACATTCACGCAGGCAGAA,0,3297765
relBp,0.5,1,1,CGACAGCTCCATCGACCTTT,0,3287115
relBp,0.5,1,1,CGAATTTCGATAAACGGGTA,0,3264343
relBp,0.5,1,1,CGAACCCTGATCAGTATTGG,0,3295211
relBp,0.5,1,1,CCTTTGTAGTCACTATTCCC,0,3272125
relBp,0.5,1,1,CCTTGGATCCGTCATACATT,0,3258366
relBp,0.5,1,1,CCTTGACCCACGGCGGCTCC,0,3305652
relBp,0.5,1,1,CCTTCCCAGAAGGACCTACG,0,3296991
relBp,0.5,1,1,CCTTAGGGAACGTGCAAAGT,0,3276843
relBp,0.5,1,1,CCTGTTTATAGTCTTCGTGG,0,3257759
relBp,0.5,1,1,CCTGTTGCGTTGGACCATGA,0,3295113
relBp,0.5,1,1,CCTGGTTTAAGGGATACGTT,0,3269577
relBp,0.5,1,1,CCTGGGCAGAGCTCACCCAT,0,3293278
relBp,0.5,1,1,CCTGGATGGACAAGCTAGTT,0,3278424
relBp,0.5,1,1,CCTGGAACTCATGGAACATA,0,3295044
relBp,0.5,1,1,CCTGCTAATTATCCGCGGCC,0,3305511
relBp,0.5,1,1,CCTGCAACCGTAATATTTGC,0,3266493
relBp,0.5,1,1,CCTGATACGGCCAGGGAACA,0,3268988
relBp,0.5,1,1,CCTCTGCCAGAACATGAAGT,0,3305201
relBp,0.5,1,1,CCTCTATACGGCGACAAGAT,0,3298539
relBp,0.5,1,1,CCTCGGTCCATTTTATTGAT,0,3267659
relBp,0.5,1,1,CCTCGGATGAGCGGTTCCCC,0,3262467
relBp,0.5,1,1,CCTCCGTATCAAGACTCCTT,0,3260795
relBp,0.5,1,1,CCTCAATTCGTATTGGTAGT,0,3283587
relBp,0.5,1,1,CCTATTCACTTAGCGTTCGG,0,3283616
relBp,0.5,1,1,CCTATCTTATGATATGTAAT,0,3307299
relBp,0.5,1,1,CCTATCTAATGAGCCGGACC,0,3260934
relBp,0.5,1,1,CCTAGGGGTCCTAAAGGTGT,0,3270013
relBp,0.5,1,1,CCTAGGACCCGAAGCTCCAC,0,3283814
relBp,0.5,1,1,CCTACAATCACTCCATTTTC,0,3307667
relBp,0.5,1,1,CCGTGTGCAGAAGAGTCCGT,0,3289153
relBp,0.5,1,1,CCGTGGCGTCAGATGAAATA,0,3300649
relBp,0.5,1,1,CCGTCTAAAGGGCCTAGAGA,0,3266965
relBp,0.5,1,1,CCGTCGTAATACGGCCCTTT,0,3294902
relBp,0.5,1,1,CCGTCGGCATTTAGCGCGCT,0,3303222
relBp,0.5,1,1,CCGTCCTGGTTGTTGGGCTA,0,3273990
relBp,0.5,1,1,CCGTAACATTGCCTCTCTGT,0,3274896
relBp,0.5,1,1,CCGGGATTTATTCAAGGAGA,0,3290833
relBp,0.5,1,1,CCGGCGTAGGTAATAGTAGA,0,3286218
relBp,0.5,1,1,CCGGCCTATTGGGGAATAGT,0,3280720
relBp,0.5,1,1,CCGGATTGCGCACCCCCACG,0,3259856
relBp,0.5,1,1,CCGGATCCTCTATGAACTTT,0,3307245
relBp,0.5,1,1,CCGCTCGGCCCTGAGCCTGT,0,3277013
relBp,0.5,1,1,CCGCCCTGAGCCGGCCTTAA,0,3260457
relBp,0.5,1,1,CCGCATTCCCATACCGAGGG,0,3261801
relBp,0.5,1,1,CCGCATGTTGCAGCATGACA,0,3270586
relBp,0.5,1,1,CCGCAGGCCACGTTCCCGAA,0,3303538
relBp,0.5,1,1,CCGCAGCTTCTAATGCGTAC,0,3267698
relBp,0.5,1,1,CCGCACGCCCTATCGCTTGT,0,3284148
relBp,0.5,1,1,CCGCAAAGCCTCAATTCGTC,0,3263246
relBp,0.5,1,1,CCGATGTGATAGGTAATGTT,0,3289075
relBp,0.5,1,1,CCGATGCCGTCTCTGATTGT,0,3265224
relBp,0.5,1,1,CCGATCGATACGGTCACTGT,0,3273647
relBp,0.5,1,1,CCGATCACACGCTGCATCGA,0,3267455
relBp,0.5,1,1,CCGAGGGTGAATGTATTTCG,0,3261436
relBp,0.5,1,1,CCGACTATATATCGGGATTG,0,3286031
relBp,0.5,1,1,CCGAATACTCGAGGGCATCT,0,3307560
relBp,0.5,1,1,CCCTTGGCGTCACCTGCTTA,0,3281605
relBp,0.5,1,1,CCCTTATATCAAACACAAGC,0,3296974
relBp,0.5,1,1,CCCTGGGGATGCTTGGGACA,0,3268525
relBp,0.5,1,1,CCCTCCGCTTGATTTCCGGA,0,3256999
relBp,0.5,1,1,CCCGTTGCGGCTAGTATGTC,0,3293860
relBp,0.5,1,1,CCCGTAGCACGAAGTGGTCC,0,3303422
relBp,0.5,1,1,CCCGGGAGGGGATTCCAGCC,0,3294011
relBp,0.5,1,1,CCCGGCGAGATCGAACTGCT,0,3261757
relBp,0.5,1,1,CCCGCTTGTACCGTGTCATC,0,3258803
relBp,0.5,1,1,CCCGCCGTTCATGCTAAAAG,0,3284293
relBp,0.5,1,1,CCCGCATGGACGTTAAAGAC,0,3279933
relBp,0.5,1,1,CCCCGGCGTCCCAGGGTATT,0,3292353
relBp,0.5,1,1,CCCCGATTCATGGCTTGGAA,0,3280646
relBp,0.5,1,1,CCCCACTTCTAAAGCACAGC,0,3259875
relBp,0.5,1,1,CCCATTTGTGGCTGCCCCGA,0,3278199
relBp,0.5,1,1,CCCAGTAGCACCGTCCCAAC,0,3257175
relBp,0.5,1,1,CCCACTTTGGATTAATCATC,0,3261913
relBp,0.5,1,1,CCCACTTCTCGCACAGGTGT,0,3258791
relBp,0.5,1,1,CCCACATCACCTTTTTTAAT,0,3274753
relBp,0.5,1,1,CCCAATAGGGGTCAGGTTCA,0,3280266
relBp,0.5,1,1,CCCAAGCTCGCCTTGGACAC,0,3308341
relBp,0.5,1,1,CCCAACACATACACGGGAGC,0,3271443
relBp,0.5,1,1,CCATTTCCCTGTCTTATCCA,0,3289882
relBp,0.5,1,1,CCATTCACAAGCCTCATGCA,0,3306384
relBp,0.5,1,1,CCATTACGGACCTCTCTTAG,0,3287585
relBp,0.5,1,1,CCATTACAAAATGTCGGTAA,0,3256465
relBp,0.5,1,1,CCATGGCCAATGATAATGTC,0,3276552
relBp,0.5,1,1,CCATGATCCACGGCTGGAGC,0,3290424
relBp,0.5,1,1,CCATGAGCCTACGTTGCAGG,0,3287154
relBp,0.5,1,1,CCATCTGAAGATCGCATTTA,0,3263737
relBp,0.5,1,1,CCATAAGTATTCATCATCGT,0,3265524
relBp,0.5,1,1,CCAGTTAGTGTTCTAGGCGG,0,3287536
relBp,0.5,1,1,CCAGTGTATGGGGCAAGCCT,0,3283921
relBp,0.5,1,1,CCAGTGGTCTATGGTCGGAA,0,3303812
relBp,0.5,1,1,CCAGTAGGGGTATTCGTTCA,0,3307795
relBp,0.5,1,1,CCAGGTTACCACTGTACATT,0,3292254
relBp,0.5,1,1,CCAGGGTAGCGCGTAACTCT,0,3271027
relBp,0.5,1,1,CCAGCGGCCGGCGGTTGTTA,0,3258834
relBp,0.5,1,1,CCAGCAGGTTACAACATTAA,0,3284219
relBp,0.5,1,1,CCAGCAATTAGGCGTCGGGC,0,3287189
relBp,0.5,1,1,CCAGATAACTTATTATTATC,0,3260634
relBp,0.5,1,1,CCAGAAGTAGGAGTTCAAAC,0,3296380
relBp,0.5,1,1,CCAGAAGGGGAAGCCAGGTA,0,3291293
relBp,0.5,1,1,CCACTGTTGGGCAGCCAGAC,0,3286682
relBp,0.5,1,1,CCACTCAACCCCATGCACGG,0,3278453
relBp,0.5,1,1,CCACGTGAATACCCTTCTAA,0,3275793
relBp,0.5,1,1,CCACGGTCTCTGCGAAGCTA,0,3257903
relBp,0.5,1,1,CCACGATACCCGCGACAAGT,0,3274980
relBp,0.5,1,1,CCACCTTTTTCAAAGCTCGG,0,3282966
relBp,0.5,1,1,CCACCGAGCGGTGCCAGGCA,0,3259777
relBp,0.5,1,1,CCACAACCTGATGAGGCTGT,0,3290120
relBp,0.5,1,1,CCAATAATAGGACGGGTCCA,0,3284808
relBp,0.5,1,1,CCAAGCCGCTACTATGCCAG,0,3299920
relBp,0.5,1,1,CCAAGACTTTGTCGTGTTCA,0,3286174
relBp,0.5,1,1,CCAACTTCGCTCAGAATAAT,0,3277706
relBp,0.5,1,1,CCAACGCCAGCATACCCGAA,0,3295751
relBp,0.5,1,1,CCAACCCGCGGCGCGTATCC,0,3280188
relBp,0.5,1,1,CCAACAACTGGGGAGAACAC,0,3282764
relBp,0.5,1,1,CCAAACCGTTGTTGGTCTTC,0,3288953
relBp,0.5,1,1,CATTTTCTCGAAGGTTTCGT,0,3291061
relBp,0.5,1,1,CATTTGCTACATCCAGCAGC,0,3275709
relBp,0.5,1,1,CATTCGAATCTGATGCTTTT,0,3276813
relBp,0.5,1,1,CATTATGTTTGATTCCTTGC,0,3281171
relBp,0.5,1,1,CATGTTATAGTAGCTTAAGT,0,3266053
relBp,0.5,1,1,CATGTGCCAAGGATTGTACG,0,3303371
relBp,0.5,1,1,CATGTGAGCGTTCGGCACAG,0,3281526
relBp,0.5,1,1,CATGTAGTACATGGCCAAAA,0,3299643
relBp,0.5,1,1,CATGGGTACCCGCCCCCAAT,0,3284067
relBp,0.5,1,1,CATGGCCGCGTTACTGGATT,0,3298515
relBp,0.5,1,1,CATGCTTTCGAGGCTGGGAA,0,3271785
relBp,0.5,1,1,CATGCCGGCGGGGCATAATT,0,3258374
relBp,0.5,1,1,CATGATCTGGACCATGTTTC,0,3284966
relBp,0.5,1,1,CATGAGCAAGGGCTGTGATC,0,3294696
relBp,0.5,1,1,CATGAACGTCTTGCGCATCA,0,3258465
relBp,0.5,1,1,CATCGTCTCGACATGAGGAA,0,3274809
relBp,0.5,1,1,CATCCGGAAGGGTTCTATTC,0,3291444
relBp,0.5,1,1,CATCCCACTCAATACGGTTG,0,3285972
relBp,0.5,1,1,CATCATTTTTACCGCATTCT,0,3273404
relBp,0.5,1,1,CATCATTTACCCAATTTATA,0,3281464
relBp,0.5,1,1,CATCAGCTGTCATACTTGGT,0,3276824
relBp,0.5,1,1,CATATTGAGTTCGCTAGTGA,0,3279082
relBp,0.5,1,1,CATATGTCATTAGGCCCAAC,0,3284020
relBp,0.5,1,1,CATATCGTGCCAGCATGGGG,0,3298501
relBp,0.5,1,1,CATATCGCTTAAGGCTCCCA,0,3260305
relBp,0.5,1,1,CATAGCATACTGTTTATGTC,0,3299606
relBp,0.5,1,1,CAGTTCGGTGGGGAAGGATA,0,3281988
relBp,0.5,1,1,CAGTGCTAGCGAAACGCAGG,0,3301568
relBp,0.5,1,1,CAGTCAGCAGGGTCTTTTTG,0,3270101
relBp,0.5,1,1,CAGTATGACCTCGACATAGG,0,3298754
relBp,0.5,1,1,CAGTAATTGCGTAAGTCAAC,0,3297480
relBp,0.5,1,1,CAGGTTAAGGACATTGTTCA,0,3257021
relBp,0.5,1,1,CAGGTAAAGGAGGCGACACT,0,3279850
relBp,0.5,1,1,CAGGGGCTGTTCGCCAGGAC,0,3294334
relBp,0.5,1,1,CAGGGCGTTTTTCGGCCGGG,0,3274865
relBp,0.5,1,1,CAGGGCAGTCAGCTTTGGCA,0,3285833
relBp,0.5,1,1,CAGGGATTGCTAAATGCAGG,0,3308832
relBp,0.5,1,1,CAGGCCATAGTAATTCGTGT,0,3290885
relBp,0.5,1,1,CAGGAGCTCACAATGTAATT,0,3258003
relBp,0.5,1,1,CAGGACCTATTGCCTACGCG,0,3268124
relBp,0.5,1,1,CAGCGGGCCTGGGATTGGAG,0,3256131
relBp,0.5,1,1,CAGCGGCTACCCCTACGTAC,0,3275871
relBp,0.5,1,1,CAGCGCGGGAAGTTGTGTTT,0,3295469
relBp,0.5,1,1,CAGCCACTCAAGTCCACCTC,0,3281514
relBp,0.5,1,1,CAGCATTCTGTAAGGATTCT,0,3265833
relBp,0.5,1,1,CAGCATTAGAAGCCTGTTTG,0,3276942
relBp,0.5,1,1,CAGCAGGGGGAATCTCGGCT,0,3263129
relBp,0.5,1,1,CAGCAGGCGGTGCGACTAGG,0,3272384
relBp,0.5,1,1,CAGATTTCACGGTCGATATA,0,3302713
relBp,0.5,1,1,CAGATTGCTGATGTCGCTGA,0,3283828
relBp,0.5,1,1,CAGAGGCCCTAGGTACCGTA,0,3258683
relBp,0.5,1,1,CAGAGGATTTCACCAGACAT,0,3285867
relBp,0.5,1,1,CAGAGCTGTACATCTTCCGC,0,3270955
relBp,0.5,1,1,CAGAGCGGTTTTTTCTTGAT,0,3286891
relBp,0.5,1,1,CAGACCGATGGGGCCGCGTC,0,3258154
relBp,0.5,1,1,CAGACCACAGAATTCTAAAC,0,3257135
relBp,0.5,1,1,CAGAAGGCTTGTATCCCAAG,0,3262073
relBp,0.5,1,1,CAGAACAGAAAGCAGGGATT,0,3257929
relBp,0.5,1,1,CAGAAATCATGCCAGCGCAT,0,3292892
relBp,0.5,1,1,CACTTCCTGTACTCAATGTT,0,3256772
relBp,0.5,1,1,CACTTCCCAACCTGTCTCCG,0,3260994
relBp,0.5,1,1,CACTGTTGACTAGCTGAGTT,0,3308651
relBp,0.5,1,1,CACTGCTGTCCATGATGCCA,0,3259136
relBp,0.5,1,1,CACTGCGTTGTTATTGTATG,0,3288031
relBp,0.5,1,1,CACTCCGAAGCGGAACTGGT,0,3260087
relBp,0.5,1,1,CACTAGCGGCACTTAACCTC,0,3271761
relBp,0.5,1,1,CACGTTCGAACGGTATACGA,0,3291647
relBp,0.5,1,1,CACGTCCGACCAGTGCGAGA,0,3301295
relBp,0.5,1,1,CACGTCAGCTCGCTGGGCCT,0,3281527
relBp,0.5,1,1,CACGTAACCCCTAACTGTAG,0,3290086
relBp,0.5,1,1,CACGGCCCTGTGGGAACGGC,0,3288928
relBp,0.5,1,1,CACGCGCACAACTCGGCAGC,0,3266125
relBp,0.5,1,1,CACGCGATCACAGGACAATC,0,3272803
relBp,0.5,1,1,CACGCCTGATGTTATCTGTA,0,3266410
relBp,0.5,1,1,CACGCCGGTGGGTTCGTACC,0,3264238
relBp,0.5,1,1,CACGAGTCGTGCGGAAATTA,0,3287066
relBp,0.5,1,1,CACGACCTCATCAGAACACT,0,3307044
relBp,0.5,1,1,CACGAACCGACGTTAATTGC,0,3297082
relBp,0.5,1,1,CACCTTCCCGTGTCAATGTT,0,3294810
relBp,0.5,1,1,CACCTGGCAGCTATTTCATT,0,3284772
relBp,0.5,1,1,CACCGGTTTGATGACATTCG,0,3303541
relBp,0.5,1,1,CACCGGCTCGCTTTCACTCA,0,3303432
relBp,0.5,1,1,CACCGAGGGAGGACTGCGAA,0,3262219
relBp,0.5,1,1,CACCCTAGATCAAGTCCAGG,0,3290628
relBp,0.5,1,1,CACCCTAAATTCCAGGTTTG,0,3282549
relBp,0.5,1,1,CACCCGGTTCGCAATCAAGT,0,3287590
relBp,0.5,1,1,CACCCGAAACTGCAGTACGC,0,3305049
relBp,0.5,1,1,CACAGTGGGGGCTTGTAGGT,0,3295319
relBp,0.5,1,1,CACAGGGCGAACACCGGGAG,0,3266621
relBp,0.5,1,1,CACAGCCACTGCAATAGCTG,0,3262240
relBp,0.5,1,1,CACACTAGCTCTGACGAGTG,0,3261129
relBp,0.5,1,1,CACACGGATCGGCGGTGACC,0,3291467
relBp,0.5,1,1,CACAATCAGGCAGCGGAGAG,0,3278412
relBp,0.5,1,1,CACAAGTTGCAGAAGAGACC,0,3259928
relBp,0.5,1,1,CACAAAGCGCTCCTCTCAGA,0,3266389
relBp,0.5,1,1,CAATTAGACAGATGGTAAGG,0,3273026
relBp,0.5,1,1,CAATGATACCCATCGACGAA,0,3280186
relBp,0.5,1,1,CAATCGGCACGCCATACATA,0,3293264
relBp,0.5,1,1,CAATCCATATTCTGACTTTG,0,3299770
relBp,0.5,1,1,CAATATCTGGAACTCCAGGA,0,3265034
relBp,0.5,1,1,CAATATATCCATGTTGCTTC,0,3257327
relBp,0.5,1,1,CAATAGGCCTTTGCGTCCAT,0,3306061
relBp,0.5,1,1,CAATACTTAACTGATCGCAT,0,3277431
relBp,0.5,1,1,CAATACTACCAGCTCCTCAC,0,3299363
relBp,0.5,1,1,CAAGTTGTGCGACAGGTTTG,0,3261582
relBp,0.5,1,1,CAAGGTTTCCAAACAGAAAT,0,3264356
relBp,0.5,1,1,CAAGGGTTCCGAACCGGAAT,0,3262180
relBp,0.5,1,1,CAAGATTGGCTATCGGAGAT,0,3266377
relBp,0.5,1,1,CAAGAATGTGCTTACTGACT,0,3267593
relBp,0.5,1,1,CAACGTGGTTCTTAGCGCCA,0,3263823
relBp,0.5,1,1,CAACGACGGGGCGCGATCGA,0,3280800
relBp,0.5,1,1,CAACCCGGGGGTAAAGTGCG,0,3308537
relBp,0.5,1,1,CAACCAAGTGCGGCTACAAA,0,3277162
relBp,0.5,1,1,CAAATGTAGCGGGGCACGGC,0,3257636
relBp,0.5,1,1,CAAATGCCCTTTAGTCTGAC,0,3291123
relBp,0.5,1,1,CAAAGCCGTGCTCCCCGTCT,0,3274125
relBp,0.5,1,1,CAAACTGCCGAAACGCGATG,0,3258542
relBp,0.5,1,1,CAAAATCCTACTACCTTGGG,0,3260289
relBp,0.5,1,1,CAAAATATTTGGCATCGGAC,0,3272060
relBp,0.5,1,1,CAAAAAGTTACGCCACGCGA,0,3306652
relBp,0.5,1,1,ATTTTTCATATACGTCAAAC,0,3285632
relBp,0.5,1,1,ATTTTGAAACCGATGTAGGT,0,3284187
relBp,0.5,1,1,ATTTGGTCCGGGCAGCACGC,0,3295731
relBp,0.5,1,1,ATTTGGGGTACGAATGATTC,0,3291782
relBp,0.5,1,1,ATTTGGGCAGTAGCTATCAC,0,3257043
relBp,0.5,1,1,ATTTCCGTTTGAGGGAAATC,0,3283287
relBp,0.5,1,1,ATTTAGCGCTTCGAAGCGTA,0,3301090
relBp,0.5,1,1,ATTTAATGCCGATGCCAACA,0,3285232
relBp,0.5,1,1,ATTTAAGTACCAAACAGTTT,0,3263295
relBp,0.5,1,1,ATTGTTTACTATGTAACAAT,0,3262291
relBp,0.5,1,1,ATTGCTCCATCAAAGGGAAT,0,3270615
relBp,0.5,1,1,ATTGCGTACGGATCGGGTAA,0,3307478
relBp,0.5,1,1,ATTGAGGTTTGCACGGCGGG,0,3272899
relBp,0.5,1,1,ATTGAGGGAGTACTCACTCA,0,3259258
relBp,0.5,1,1,ATTGAACTTTTAACTCGTGG,0,3271697
relBp,0.5,1,1,ATTGAAACACGAGCGTGGCC,0,3259874
relBp,0.5,1,1,ATTCTAGTATGGCTAGTAAG,0,3307646
relBp,0.5,1,1,ATTCTACGATGAAATTATTA,0,3265786
relBp,0.5,1,1,ATTCGTCTAACACGTCGGAC,0,3268325
relBp,0.5,1,1,ATTCGGCAGGTAGACACCAA,0,3285921
relBp,0.5,1,1,ATTCGCGAGACTCACCGAAT,0,3273396
relBp,0.5,1,1,ATTCCACTTTCTATTCGAAA,0,3288375
relBp,0.5,1,1,ATTCCAATTAAGGCCTACTT,0,3302672
relBp,0.5,1,1,ATTCATTTGCGTCTGCGGAT,0,3290680
relBp,0.5,1,1,ATTCAATAGACACATCAATG,0,3306591
relBp,0.5,1,1,ATTATTACCAGATCACAAAG,0,3291502
relBp,0.5,1,1,ATTAGTATCTGATCGCGGCT,0,3308793
relBp,0.5,1,1,ATTAGGCGGCCGTCTTCGTA,0,3269949
relBp,0.5,1,1,ATTACAGACCTAAATAATGA,0,3264075
relBp,0.5,1,1,ATTAAACATGGTCCTTGATA,0,3275356
relBp,0.5,1,1,ATGTTTTGTCTGTTTTCAAG,0,3284150
relBp,0.5,1,1,ATGTGGTGGCATTTTTAATG,0,3278718
relBp,0.5,1,1,ATGTGATGGGAAGGCAAGGA,0,3270158
relBp,0.5,1,1,ATGTCCGTGTGAATTGATTC,0,3279924
relBp,0.5,1,1,ATGTATGAAGAAGTTTTAGA,0,3264482
relBp,0.5,1,1,ATGTATCTCGCCGCCCACAC,0,3296522
relBp,0.5,1,1,ATGGTTAAGCGCCCCAGGAG,0,3292967
relBp,0.5,1,1,ATGGGCGGCGCGCTACATCC,0,3264581
relBp,0.5,1,1,ATGGCCGTATCATCAACCTA,0,3303852
relBp,0.5,1,1,ATGGATAATCAGCCGGTAGT,0,3281103
relBp,0.5,1,1,ATGGAGGCAGAAAACCGATT,0,3275605
relBp,0.5,1,1,ATGGACGGGATTTTTTGTGT,0,3277396
relBp,0.5,1,1,ATGCTGTTTCGTGATTACTC,0,3287965
relBp,0.5,1,1,ATGCGTCCAATCGGTCACCA,0,3261674
relBp,0.5,1,1,ATGCCAGCGTGGAATTGCAG,0,3259752
relBp,0.5,1,1,ATGCCAGAACAGACTTCGTT,0,3257432
relBp,0.5,1,1,ATGAGCCGGGCGGGCCGTCT,0,3273806
relBp,0.5,1,1,ATGACCTCTCGGAACCGAAA,0,3260980
relBp,0.5,1,1,ATGAAGTTTTGCGGGAAACG,0,3270103
relBp,0.5,1,1,ATGAACCCGGTTATCGCTAG,0,3300015
relBp,0.5,1,1,ATCTTGCAGTGTTAGCGTAC,0,3277702
relBp,0.5,1,1,ATCTTGAGGGCTTACCCTCT,0,3271614
relBp,0.5,1,1,ATCTTAGGTTATCCCCAGGT,0,3260181
relBp,0.5,1,1,ATCTTAACATTGGATTACGA,0,3296105
relBp,0.5,1,1,ATCTCATTAAAACGTAGATC,0,3273642
relBp,0.5,1,1,ATCTATACTATCGCGTTAGC,0,3257516
relBp,0.5,1,1,ATCTAGACGTTCTAACGCGA,0,3257993
relBp,0.5,1,1,ATCTACAGACGGAGGCTACG,0,3293850
relBp,0.5,1,1,ATCTAATTATTGTCTAACTT,0,3275829
relBp,0.5,1,1,ATCGTGTTACAGGCCATGTT,0,3291079
relBp,0.5,1,1,ATCGTGTAGGCTCTTGCTCA,0,3260470
relBp,0.5,1,1,ATCGGATGGCTCTTGGTCAA,0,3260472
relBp,0.5,1,1,ATCGGACTGCGCCATTGGGC,0,3307100
relBp,0.5,1,1,ATCGATAGGTAGGGCTTGAC,0,3276031
relBp,0.5,1,1,ATCGAGGGGAGCCCCGACAC,0,3260598
relBp,0.5,1,1,ATCGAGCCTCACTAACTGTG,0,3289402
relBp,0.5,1,1,ATCGACTAATCTTGCGACAT,0,3259369
relBp,0.5,1,1,ATCCTACCAGATCAGAGTCA,0,3306200
relBp,0.5,1,1,ATCCGTGGCGTTATGACAGC,0,3262762
relBp,0.5,1,1,ATCCGTAAGCGTGAAGAAAT,0,3256105
relBp,0.5,1,1,ATCCCTGTTATTGGTCAATG,0,3266142
relBp,0.5,1,1,ATCCCGCCAACGTTAAGTGA,0,3261244
relBp,0.5,1,1,ATCCCATCGCCATGCTATGA,0,3285429
relBp,0.5,1,1,ATCCCAGCCTTCTGAGGGTT,0,3297656
relBp,0.5,1,1,ATCCATACGGTCCTGTATAA,0,3286188
relBp,0.5,1,1,ATCCAGAGTAGATGACACTT,0,3263008
relBp,0.5,1,1,ATCATTTTGGTCACAATGAC,0,3303545
relBp,0.5,1,1,ATCATGGGACTATTCTCTCT,0,3271381
relBp,0.5,1,1,ATCAGCAGTGCAGCCCTCTA,0,3258878
relBp,0.5,1,1,ATCAATTGAAGTAAGCATTA,0,3279743
relBp,0.5,1,1,ATATTCACGCGCAGAAAAAA,0,3278828
relBp,0.5,1,1,ATATGGTTGTGGCATCCCTA,0,3257846
relBp,0.5,1,1,ATATGGCTCTAAAAATCTCC,0,3280445
relBp,0.5,1,1,ATATCTCTTGCGAGGACTAT,0,3279024
relBp,0.5,1,1,ATATCCAAAGGTATACGCAG,0,3291122
relBp,0.5,1,1,ATATAAAAACTCGAATCATC,0,3260412
relBp,0.5,1,1,ATAGGTAAATTCCTCAATTA,0,3292694
relBp,0.5,1,1,ATAGCTGGCATCCTGCACAC,0,3285609
relBp,0.5,1,1,ATAGAGGGGATTAACGGATG,0,3279880
relBp,0.5,1,1,ATAGACCGAACCATGGATAT,0,3305334
relBp,0.5,1,1,ATACTCGCGCTTGATGAGTT,0,3260687
relBp,0.5,1,1,ATACTAACATCCAAAATGGC,0,3286819
relBp,0.5,1,1,ATACGGAGTGTGGTCTCGCT,0,3264033
relBp,0.5,1,1,ATACGCACCAGCTTATTCTA,0,3306495
relBp,0.5,1,1,ATACGATTCAGGGTCAACAG,0,3264436
relBp,0.5,1,1,ATACCCGGCCGGGCAATTAT,0,3296713
relBp,0.5,1,1,ATACAGTGAAATCTCCACTC,0,3289415
relBp,0.5,1,1,ATACAATACCGTAATAGCAA,0,3289435
relBp,0.5,1,1,ATAATGCCTCATTAGGAGGT,0,3265168
relBp,0.5,1,1,ATAAGCCGGCAGGAATGTGC,0,3272557
relBp,0.5,1,1,ATAAGCAGGGAGTCTCAGGA,0,3271602
relBp,0.5,1,1,ATAAGACGCTTGACAGCTAT,0,3302651
relBp,0.5,1,1,ATAACCCCGGCTAGTCACTC,0,3262635
relBp,0.5,1,1,ATAAAGGTCATTGACCACTC,0,3304179
relBp,0.5,1,1,ATAAAGCAGCAACGGCGTTG,0,3282676
relBp,0.5,1,1,AGTTTCTTTTCAGAGCACAC,0,3302339
relBp,0.5,1,1,AGTTTCGATGCAGTAGAAAC,0,3270027
relBp,0.5,1,1,AGTTTCAACAGAGCAGTCCT,0,3288186
relBp,0.5,1,1,AGTTCTGGGCTTTACAGCAT,0,3274611
relBp,0.5,1,1,AGTTCCTCACTCCACAAGCA,0,3306426
relBp,0.5,1,1,AGTTCCCAACTTTCTTAGGT,0,3271200
relBp,0.5,1,1,AGTTATTCATGAAAGCGTTG,0,3306041
relBp,0.5,1,1,AGTTATCAGCTAATTCAGCT,0,3290890
relBp,0.5,1,1,AGTTAGGTAGAAACTTCTGT,0,3280176
relBp,0.5,1,1,AGTTAGCAATAAGGTACGCT,0,3294459
relBp,0.5,1,1,AGTTACAAGCCCATATACAG,0,3266579
relBp,0.5,1,1,AGTTAAAAGCGGAGTCGTTA,0,3262673
relBp,0.5,1,1,AGTGTACTTAGGCGAAAGCA,0,3291421
relBp,0.5,1,1,AGTGGGGCTAGCAGCTCTGG,0,3293710
relBp,0.5,1,1,AGTGGGCAATCCACGTCAAG,0,3289394
relBp,0.5,1,1,AGTGGGAAGGGGACCACCTG,0,3288993
relBp,0.5,1,1,AGTGGCGAATTTACCACGTT,0,3262885
relBp,0.5,1,1,AGTGCTCTGAGCGGGTCAAG,0,3293551
relBp,0.5,1,1,AGTGCCTGTAGGGTACTGCA,0,3261387
relBp,0.5,1,1,AGTGCCGAAAAAGGGATACA,0,3279002
relBp,0.5,1,1,AGTGAAGGCACGAGGGATCC,0,3279055
relBp,0.5,1,1,AGTGAACTTTACATACTCTG,0,3305621
relBp,0.5,1,1,AGTCTCTGCCTACACGAGTA,0,3300410
relBp,0.5,1,1,AGTCGTAGCAATTAATAGTA,0,3297813
relBp,0.5,1,1,AGTCGCAATCTTGTAGGGAC,0,3268950
relBp,0.5,1,1,AGTCCCCAACGGGCAAACAG,0,3278430
relBp,0.5,1,1,AGTCATGCTTCCTAAAGAAT,0,3292310
relBp,0.5,1,1,AGTCAGTGGCTTTCTTAAAT,0,3308784
relBp,0.5,1,1,AGTATGTGTCAGTAACAGCC,0,3278634
relBp,0.5,1,1,AGTATAGTGGTACCTCACGG,0,3273972
relBp,0.5,1,1,AGTAGACGCATAAACGACGC,0,3289316
relBp,0.5,1,1,AGGTTGCTCCATGTCTAGGC,0,3299268
relBp,0.5,1,1,AGGTTCGGGTCAGGTAAGGC,0,3295992
relBp,0.5,1,1,AGGTGATAGGACCCCGGGAC,0,3268851
relBp,0.5,1,1,AGGTCTCTAGCAGTGTGTTC,0,3297726
relBp,0.5,1,1,AGGTCGATTCCATCCCGGCA,0,3304392
relBp,0.5,1,1,AGGTCCGCACATCTAACCAC,0,3294693
relBp,0.5,1,1,AGGTATTAGCTAAATGCTAT,0,3297236
relBp,0.5,1,1,AGGTATCGGCACCGCGCATC,0,3268322
relBp,0.5,1,1,AGGTACCGGGCCAATGGAAA,0,3282039
relBp,0.5,1,1,AGGTAACCCTACTAAGCACT,0,3264775
relBp,0.5,1,1,AGGGTGTTCGTATGGAACGG,0,3294116
relBp,0.5,1,1,AGGGTATCTCCGCCCCATGC,0,3290686
relBp,0.5,1,1,AGGGTAGTGTCACGGGGAGT,0,3273512
relBp,0.5,1,1,AGGGGTCGGCTGTTTAGAGG,0,3287397
relBp,0.5,1,1,AGGGGGGACAGTAACCTGGC,0,3306910
relBp,0.5,1,1,AGGGGCAACGCGTGATCGCT,0,3292476
relBp,0.5,1,1,AGGGCTTAGGGTGGTATTAT,0,3261222
relBp,0.5,1,1,AGGGCCGCCCAACTTCACTA,0,3287076
relBp,0.5,1,1,AGGGATCCGATGATCCCGTT,0,3298822
relBp,0.5,1,1,AGGGACAATCCCAAAGGTAA,0,3303232
relBp,0.5,1,1,AGGGAACTTCTATAACGCGC,0,3274820
relBp,0.5,1,1,AGGCTTCGCGATGTCTCGTA,0,3272002
relBp,0.5,1,1,AGGCTTCCCACGCCGTTCTT,0,3268537
relBp,0.5,1,1,AGGCTGTGTGGCCTAAGGGG,0,3268609
relBp,0.5,1,1,AGGCGCGCTGTGCCCCCGCT,0,3304084
relBp,0.5,1,1,AGGCGCATGTAAGCACTCGA,0,3285610
relBp,0.5,1,1,AGGCGAGATGCGAACAGTAC,0,3270614
relBp,0.5,1,1,AGGCCAAAGTCTCAGGGCCT,0,3280318
relBp,0.5,1,1,AGGCACTAGATCACAGGGAG,0,3263160
relBp,0.5,1,1,AGGATTTTTGCAAAGCGTTA,0,3275219
relBp,0.5,1,1,AGGATTAATGGACATATAGG,0,3270243
relBp,0.5,1,1,AGGATATCATCGATCGCTCA,0,3302327
relBp,0.5,1,1,AGGATAGACGTATGAATCGA,0,3289488
relBp,0.5,1,1,AGGATAATGAGAGGGTCGGG,0,3295825
relBp,0.5,1,1,AGGAGTTCAGACACGTCGTA,0,3267966
relBp,0.5,1,1,AGGACGGGCTGATTATTTTG,0,3293275
relBp,0.5,1,1,AGGACATGAGAAAGAGCCAA,0,3262089
relBp,0.5,1,1,AGGAATAGCAGAAATTCGCC,0,3281045
relBp,0.5,1,1,AGGAAGTTTCCATACGTCAT,0,3273003
relBp,0.5,1,1,AGGAAGGGCTATTGGAGACG,0,3293192
relBp,0.5,1,1,AGGAAAAAATCGGATGTCGC,0,3291373
relBp,0.5,1,1,AGCTGGTAATTGGTGCGACA,0,3302488
relBp,0.5,1,1,AGCTCTTTTTGCGGACATAT,0,3259781
relBp,0.5,1,1,AGCTCGGGCACAACTGGTTT,0,3297852
relBp,0.5,1,1,AGCTCGGAAGGGTAGAGCTT,0,3300764
relBp,0.5,1,1,AGCTCAAGCAACCAGCTCAT,0,3288787
relBp,0.5,1,1,AGCTAGCATGTTATTTTTTT,0,3307575
relBp,0.5,1,1,AGCTACTTTTCAACGCGACC,0,3259702
relBp,0.5,1,1,AGCTACAGTACTGGTGATCT,0,3304734
relBp,0.5,1,1,AGCGTGCAGTCTTAGAGTCA,0,3289974
relBp,0.5,1,1,AGCGTCGTGACTAAGTTGAC,0,3298240
relBp,0.5,1,1,AGCGTACTGACGGTTGGGCA,0,3300252
relBp,0.5,1,1,AGCGAGTAGTACAACAGACC,0,3282930
relBp,0.5,1,1,AGCGAAAAACCGTCGGAACC,0,3260622
relBp,0.5,1,1,AGCCTTAGTATTAGTAGAGA,0,3256238
relBp,0.5,1,1,AGCCTGTCCGTTGAAGTTAG,0,3270338
relBp,0.5,1,1,AGCCTCAGCTTGCTATGATC,0,3278782
relBp,0.5,1,1,AGCCAAGTCCATCCTCAATG,0,3299078
relBp,0.5,1,1,AGCCAAAGAAAGATTCCCTT,0,3261945
relBp,0.5,1,1,AGCATATCCAATGCACCTAT,0,3306738
relBp,0.5,1,1,AGCAGCAATACTACCTCTCT,0,3256539
relBp,0.5,1,1,AGCACATTGTCTGAAGACAA,0,3304101
relBp,0.5,1,1,AGCAACGGATGCCCTCGTCG,0,3297989
relBp,0.5,1,1,AGCAACCATCCGGATGTATC,0,3302089
relBp,0.5,1,1,AGCAAAATCACTACATAAAA,0,3297449
relBp,0.5,1,1,AGATTCAATACGCCCGTTGA,0,3266422
relBp,0.5,1,1,AGATGCGTGAAGGTACAGCC,0,3272994
relBp,0.5,1,1,AGATGATCTTCCCTAGCAGC,0,3293320
relBp,0.5,1,1,AGATCGACTGGAAAGTTAGT,0,3289319
relBp,0.5,1,1,AGATCAGTGCGAGGGAGGCG,0,3295901
relBp,0.5,1,1,AGATATCCTAGTGTCATAGG,0,3302209
relBp,0.5,1,1,AGAGTGCCCGGTCCTAGGCA,0,3289453
relBp,0.5,1,1,AGAGTCCGCTATTAGCCCAG,0,3277050
relBp,0.5,1,1,AGAGTCCATTGCCGGCTACT,0,3303778
relBp,0.5,1,1,AGAGGTTACCAGTAAATCCT,0,3274995
relBp,0.5,1,1,AGAGGTAGTACAAGGGTCTA,0,3295012
relBp,0.5,1,1,AGAGGCACGGAGAGACTGCT,0,3272090
relBp,0.5,1,1,AGAGGAATCACCACCGGTGC,0,3267553
relBp,0.5,1,1,AGAGCAGAGATTATCGTCCC,0,3268901
relBp,0.5,1,1,AGAGACATTGGGTAACATTC,0,3271300
relBp,0.5,1,1,AGACGGCTCCGGTTTGTTTA,0,3306918
relBp,0.5,1,1,AGACCGGTTTTCTAGCCAAG,0,3266003
relBp,0.5,1,1,AGACCGAGAGTCCTGCAAGG,0,3299993
relBp,0.5,1,1,AGACCATGTGGCAACGGAAG,0,3272784
relBp,0.5,1,1,AGAATGAAGCTGGAAACCAT,0,3302187
relBp,0.5,1,1,AGAAGTACCCCGGGGTCTAT,0,3265496
relBp,0.5,1,1,AGAACGCGGCGGAATTAGAC,0,3288522
relBp,0.5,1,1,AGAACCGCGCCTATTCTGGC,0,3266419
relBp,0.5,1,1,AGAAACCGTATCAAGGAAGA,0,3265942
relBp,0.5,1,1,AGAAAAAAAAGCCGACCGCT,0,3261251
relBp,0.5,1,1,ACTTTACATGGGGATAGCGG,0,3282816
relBp,0.5,1,1,ACTTGTGAAACGGGGCGAAA,0,3306523
relBp,0.5,1,1,ACTGTGTACCCGCAAGCTTC,0,3302056
relBp,0.5,1,1,ACTGCGTCAAGGATTAGTCC,0,3295107
relBp,0.5,1,1,ACTGCAAGTCGCTCAACCTG,0,3291064
relBp,0.5,1,1,ACTCTCTTTACTGCCGTCAT,0,3299397
relBp,0.5,1,1,ACTCGTTCCAGTCTTCTTTC,0,3287400
relBp,0.5,1,1,ACTCGCCAGAGCAATAAGTA,0,3267945
relBp,0.5,1,1,ACTCATGGGCTACTTTAAGC,0,3282744
relBp,0.5,1,1,ACTATTCGGAAAATTCGAGT,0,3256552
relBp,0.5,1,1,ACTATGGGTCGCAGGTTACT,0,3274961
relBp,0.5,1,1,ACTAGGCAATCATATCCTAT,0,3273839
relBp,0.5,1,1,ACTAGAGTTTCCGGTCGTCA,0,3308368
relBp,0.5,1,1,ACTAAACATTGAGCCGCGAC,0,3288425
relBp,0.5,1,1,ACGTGCGTATCCTCGAGTCT,0,3296214
relBp,0.5,1,1,ACGTGCGGTTAATATAAGCA,0,3292764
relBp,0.5,1,1,ACGTGCACGACTAATGATAC,0,3299570
relBp,0.5,1,1,ACGTGACCTTGCAAATAGGT,0,3291464
relBp,0.5,1,1,ACGGGTTCATTACGTAAGGT,0,3271608
relBp,0.5,1,1,ACGGGTGTTAGGCGCACGTG,0,3291905
relBp,0.5,1,1,ACGGGTAACCCAGCGAGCGT,0,3263363
relBp,0.5,1,1,ACGGCATTAGAGTACCCCAT,0,3261282
relBp,0.5,1,1,ACGGAGTCTAATTATCGGGA,0,3304793
relBp,0.5,1,1,ACGGAATTCGTGCACTCGAA,0,3299894
relBp,0.5,1,1,ACGCTTAAGTCGCGAGGCTC,0,3299679
relBp,0.5,1,1,ACGCTGGTGCGCGTGCTACT,0,3285273
relBp,0.5,1,1,ACGCTGGGATGTATCGTGCC,0,3279562
relBp,0.5,1,1,ACGCGTGCGTGTGTCCGGAC,0,3302675
relBp,0.5,1,1,ACGCGGTAGAGTAGACCGGC,0,3285900
relBp,0.5,1,1,ACGCCATCATTTTATTCACC,0,3287534
relBp,0.5,1,1,ACGCACTTCGGGACCGGGCT,0,3282861
relBp,0.5,1,1,ACGACGACTGAAGTTCTAGA,0,3302042
relBp,0.5,1,1,ACGACCCTCGCACTTTATCT,0,3257723
relBp,0.5,1,1,ACGAATGTCTCCTATCACAA,0,3303523
relBp,0.5,1,1,ACGAAGTACGACTAACGACA,0,3307364
relBp,0.5,1,1,ACGAAGATCATGCGGGGACG,0,3289375
relBp,0.5,1,1,ACGAACACATGACCCTTATT,0,3259823
relBp,0.5,1,1,ACGAAATATGTAGTCAGTGT,0,3292440
relBp,0.5,1,1,ACCTTGCCTTTGCCCATGTG,0,3274547
relBp,0.5,1,1,ACCTATATGGTGGTAGAAGT,0,3296310
relBp,0.5,1,1,ACCTAAAGGGCCACTACTAT,0,3279596
relBp,0.5,1,1,ACCGTGACTATTATTTCTCG,0,3263165
relBp,0.5,1,1,ACCGTCGGCCAATCGGACAA,0,3265817
relBp,0.5,1,1,ACCGTAGTGAGCAATACACT,0,3263607
relBp,0.5,1,1,ACCGTAGCATTATTACGTTT,0,3287429
relBp,0.5,1,1,ACCGGGCTAGGCTAGGTCGG,0,3268090
relBp,0.5,1,1,ACCGATAAGAGGAATACTCC,0,3256693
relBp,0.5,1,1,ACCGAGATCGCTGTTCGGAG,0,3301477
relBp,0.5,1,1,ACCGACCCGGTAGTAAAAGT,0,3297448
relBp,0.5,1,1,ACCGAAGGTACCTTACATAA,0,3296142
relBp,0.5,1,1,ACCCGGCTACGTACTAGGCT,0,3286549
relBp,0.5,1,1,ACCCGAAGGGACGGTTGAGC,0,3263645
relBp,0.5,1,1,ACCCATTCGGAAGATGCCTC,0,3299768
relBp,0.5,1,1,ACCATTAATTCGGATAGGTA,0,3300488
relBp,0.5,1,1,ACCATACGCCGATGCGCCGT,0,3301611
relBp,0.5,1,1,ACCAGCGCATACCGGCGTTT,0,3265050
relBp,0.5,1,1,ACCACTCATCCATTGCCATG,0,3296361
relBp,0.5,1,1,ACCACGGGTGTGTAGTGCGA,0,3299030
relBp,0.5,1,1,ACCACGAAGCCAGCAATTTC,0,3295812
relBp,0.5,1,1,ACCACACAGCTCGTGCTCGC,0,3308369
relBp,0.5,1,1,ACCAATTCGAACGCGGTGCA,0,3288069
relBp,0.5,1,1,ACCAACACATGTGGACTGCT,0,3262141
relBp,0.5,1,1,ACCAAACGTCTCCCGCATCT,0,3280181
relBp,0.5,1,1,ACATTGAATGATCTCCGCTC,0,3299713
relBp,0.5,1,1,ACATTCATCTCTCGATTTCC,0,3285958
relBp,0.5,1,1,ACATTATCGATTGGAGAGTA,0,3300254
relBp,0.5,1,1,ACATGTTTGTACCTTTGTGT,0,3285448
relBp,0.5,1,1,ACATGAAGCCCAGTAGTGCT,0,3284471
relBp,0.5,1,1,ACATCGCGTGGAGCTGTCCC,0,3266032
relBp,0.5,1,1,ACATCCTTAATGGACGGGTC,0,3271752
relBp,0.5,1,1,ACATCAAACTGAGCGATACG,0,3287985
relBp,0.5,1,1,ACATATCTTTTTGTTGCTGT,0,3264690
relBp,0.5,1,1,ACATAATACCTCAGGCAAGA,0,3307141
relBp,0.5,1,1,ACAGTTGTGGAGCCACTTTC,0,3306479
relBp,0.5,1,1,ACAGTTGAAACTAAAACCAG,0,3267301
relBp,0.5,1,1,ACAGTGAACTTTCGAGCCCG,0,3307739
relBp,0.5,1,1,ACAGTCTCCTGGCCACACCC,0,3271119
relBp,0.5,1,1,ACAGGTCTCAGTATTGGGGG,0,3261998
relBp,0.5,1,1,ACAGGGACCCTGCGAGGGTT,0,3302996
relBp,0.5,1,1,ACAGGCCTGGTGGAGTTTGA,0,3266412
relBp,0.5,1,1,ACAGAGGCGCACACAGTGAG,0,3299613
relBp,0.5,1,1,ACAGACGAATAACTACCCAA,0,3266997
relBp,0.5,1,1,ACAGAAACTTGGTCGGTTGA,0,3283568
relBp,0.5,1,1,ACACTGACATTCCGCCGTCA,0,3268582
relBp,0.5,1,1,ACACGTCTTTGGTGATGCGA,0,3262823
relBp,0.5,1,1,ACACGTCAGTGGAAGGGTCA,0,3265993
relBp,0.5,1,1,ACACCGGATGCAGCGCTCAT,0,3293125
relBp,0.5,1,1,ACACCAAGATGTGTAGGCGG,0,3296237
relBp,0.5,1,1,ACACATATGCATCGGCCCCA,0,3277976
relBp,0.5,1,1,ACACAGTAGGGAATCCGACT,0,3293558
relBp,0.5,1,1,ACACAACTTCGCGGGAATCT,0,3271101
relBp,0.5,1,1,ACAATGCTCGGTCGCGAATG,0,3291752
relBp,0.5,1,1,ACAATCTTCGTCTATCATCC,0,3258362
relBp,0.5,1,1,ACAATCCCCGGTTAGCAGAA,0,3260152
relBp,0.5,1,1,ACAAGTTTACTCGGTGCATT,0,3284094
relBp,0.5,1,1,ACAAGCGGCATGTGGATAGT,0,3285023
relBp,0.5,1,1,ACAAACGGTGTTGAAAAGAC,0,3292894
relBp,0.5,1,1,ACAAACACAAGCTTATAGAT,0,3297595
relBp,0.5,1,1,ACAAAAAGTGTTCCAACACA,0,3266911
relBp,0.5,1,1,AATTTACCTTCGCGATTCTT,0,3258707
relBp,0.5,1,1,AATTGTGGAGCTGAGACTGC,0,3269823
relBp,0.5,1,1,AATTGTGCGTTCCAAAAAAT,0,3263531
relBp,0.5,1,1,AATTGTAGGTTTCCACAGCA,0,3258399
relBp,0.5,1,1,AATTGCCCCAATGTTTCTTT,0,3266207
relBp,0.5,1,1,AATTCAACTGGCTATTTGCC,0,3283423
relBp,0.5,1,1,AATGGCAAGCACGGTGGGAG,0,3293485
relBp,0.5,1,1,AATGACCGGGTACTAGGATG,0,3270525
relBp,0.5,1,1,AATGAATTCACGGGGCTAGC,0,3270046
relBp,0.5,1,1,AATCTGTCTAATGATAATGT,0,3305332
relBp,0.5,1,1,AATCTGGGAGAGTAGGATTC,0,3291011
relBp,0.5,1,1,AATCTGGCCCCCCGAGCGAT,0,3275968
relBp,0.5,1,1,AATCTGGATGTACAGTACCT,0,3268261
relBp,0.5,1,1,AATCGTTAGGCCGAGTCTAC,0,3305789
relBp,0.5,1,1,AATCGTGCGCGATGTGACGA,0,3274278
relBp,0.5,1,1,AATCGTCACCCAGTGAGGCC,0,3272386
relBp,0.5,1,1,AATCGAACCAATTGAGCAAG,0,3264580
relBp,0.5,1,1,AATCCCAGGAGGTCCGGATT,0,3278007
relBp,0.5,1,1,AATCCATATGTACTCCAATG,0,3260821
relBp,0.5,1,1,AATCAGGTAGTGTCTACTGC,0,3263594
relBp,0.5,1,1,AATCAGAACGGGATTCCGAA,0,3262496
relBp,0.5,1,1,AATCAATCGGTCCCTCACGT,0,3303038
relBp,0.5,1,1,AATATCTAGACCGATGGTAT,0,3257661
relBp,0.5,1,1,AATAGGACACGTCTGTGGGA,0,3297024
relBp,0.5,1,1,AATACATAATGGAATGGTCA,0,3280169
relBp,0.5,1,1,AATACAAACTCCGAAACCTT,0,3279841
relBp,0.5,1,1,AATAATACCCCTGTCTCCAG,0,3273096
relBp,0.5,1,1,AATAAAGAGGTGAACACTTA,0,3261380
relBp,0.5,1,1,AAGTTTACAACAATTCTATG,0,3275003
relBp,0.5,1,1,AAGTGACGCCGACGTCCGGG,0,3269062
relBp,0.5,1,1,AAGTCTTTCCAACCACTTCA,0,3276508
relBp,0.5,1,1,AAGTCTCGACGATGCCCGCC,0,3269805
relBp,0.5,1,1,AAGTCTCCAGGTGCTCTTAA,0,3290825
relBp,0.5,1,1,AAGTCGTGTTTCACGAGCTT,0,3308018
relBp,0.5,1,1,AAGTCGTCCATTAATGCTTC,0,3280610
relBp,0.5,1,1,AAGTCGGCTTGTTTCTCCTA,0,3263060
relBp,0.5,1,1,AAGTCCCCCTCCGTCAACGA,0,3274544
relBp,0.5,1,1,AAGTATATTTTTGCAATCCA,0,3260933
relBp,0.5,1,1,AAGTAATTTGGACCAGTTGT,0,3308113
relBp,0.5,1,1,AAGGTTCATCGGCTGAGCTT,0,3300466
relBp,0.5,1,1,AAGGGGTGGTATTCCGTTCT,0,3262176
relBp,0.5,1,1,AAGGGCCGGACATATTAGAT,0,3273249
relBp,0.5,1,1,AAGGGAATGCCGTCTGGCAT,0,3285416
relBp,0.5,1,1,AAGGAGGAACTGAGACTGTC,0,3272559
relBp,0.5,1,1,AAGGACCACTCCTTCTCCGA,0,3305995
relBp,0.5,1,1,AAGCTTAGTTACGGATCATA,0,3258083
relBp,0.5,1,1,AAGCGTGTGGATGACCCGAT,0,3272465
relBp,0.5,1,1,AAGCCAGGGGTAAACGTTAG,0,3266611
relBp,0.5,1,1,AAGCATAGAAGTCCGCTCGG,0,3301852
relBp,0.5,1,1,AAGCACTGACCCAGTATCAA,0,3269829
relBp,0.5,1,1,AAGATGGCGCGACCGTACAT,0,3288550
relBp,0.5,1,1,AAGATGCCATACGTTACCGG,0,3270408
relBp,0.5,1,1,AAGATCAGCGTCCAGTCCTG,0,3292905
relBp,0.5,1,1,AAGAGTGCACTTGACTTACG,0,3274283
relBp,0.5,1,1,AAGAGGTGGTTTGCCGGCTG,0,3284665
relBp,0.5,1,1,AAGAGGATACAAAGGACGAA,0,3284607
relBp,0.5,1,1,AAGAGCGATCCGTGACCTGG,0,3281803
relBp,0.5,1,1,AAGACTCTCTCAAGAGTGCC,0,3280412
relBp,0.5,1,1,AAGACTCATATGTTATCTCT,0,3269283
relBp,0.5,1,1,AAGACCTGCCGCCCATATGT,0,3307577
relBp,0.5,1,1,AAGAACTGCAGGAGTGACCA,0,3307344
relBp,0.5,1,1,AACTTTTGGTTATTTCATGT,0,3299203
relBp,0.5,1,1,AACTTTATGAGGAGCCAAAT,0,3256368
relBp,0.5,1,1,AACTTGTGTTCCACCCTGCC,0,3300245
relBp,0.5,1,1,AACTTCTTAAGGTCTAATTC,0,3299887
relBp,0.5,1,1,AACTTATAGGTTGATGGCTG,0,3260281
relBp,0.5,1,1,AACTGTCGTGTGTAGCTCTA,0,3263328
relBp,0.5,1,1,AACTGGTGAGATTTTAGGCT,0,3304440
relBp,0.5,1,1,AACTGGAAATGCATTACGGT,0,3271095
relBp,0.5,1,1,AACTCGTAGCGCCCGGGACC,0,3261384
relBp,0.5,1,1,AACTCGCCGACTACGCTTAA,0,3287055
relBp,0.5,1,1,AACTCCTTTTTGTGAACCCG,0,3291761
relBp,0.5,1,1,AACGTGACGCAAGACCTTCA,0,3273153
relBp,0.5,1,1,AACGTGAAAACTAGGCTATG,0,3302404
relBp,0.5,1,1,AACGTACATCCGGATCAGGC,0,3257557
relBp,0.5,1,1,AACGGTCCTGTGATAAGCAG,0,3259760
relBp,0.5,1,1,AACGGCGGGTCCTCGTCCAA,0,3273123
relBp,0.5,1,1,AACGCTGGAACTTTCGGTAA,0,3281597
relBp,0.5,1,1,AACGCTGCGAGTTGGATTCC,0,3289820
relBp,0.5,1,1,AACGCGCTGGGATACACGTC,0,3298497
relBp,0.5,1,1,AACGCAGTCAAGAACTCTCC,0,3271314
relBp,0.5,1,1,AACGCACTTCTCTACCGAAG,0,3297802
relBp,0.5,1,1,AACGATCTTAGTTACACCCT,0,3264805
relBp,0.5,1,1,AACGATATCCGATCACGGTG,0,3275899
relBp,0.5,1,1,AACGAAAATAGCGTGCGGGA,0,3298704
relBp,0.5,1,1,AACCTTGGTGAAGATTTGCA,0,3263132
relBp,0.5,1,1,AACCTGGCAGTCAGGCTAAC,0,3282894
relBp,0.5,1,1,AACCTCTTTTGCTATCACTG,0,3280366
relBp,0.5,1,1,AACCGGGCTAATGTAGCTAC,0,3296401
relBp,0.5,1,1,AACCGGAGCTCCTACTTGGA,0,3290475
relBp,0.5,1,1,AACCGCCACGAAGAGCAAAT,0,3297049
relBp,0.5,1,1,AACCGCACTCTTATTTTGTG,0,3284848
relBp,0.5,1,1,AACCCAGCAATTGGTCAGAA,0,3287568
relBp,0.5,1,1,AACCATTGTGGCTCAGTAGA,0,3291829
relBp,0.5,1,1,AACAGCGAGTCCCGGATGGT,0,3276937
relBp,0.5,1,1,AACACCGTAGGCGCGTGTAG,0,3282832
relBp,0.5,1,1,AAATTTTGAAACAGTGGGAC,0,3275723
relBp,0.5,1,1,AAATTTCTCCCTAGGGGCTA,0,3269764
relBp,0.5,1,1,AAATTGAGAGTTTCTACAAA,0,3268513
relBp,0.5,1,1,AAATTAGCGATCGTAACACT,0,3280712
relBp,0.5,1,1,AAATGTTGACTGCAACTTGT,0,3263500
relBp,0.5,1,1,AAATGTCACACGTACCGATG,0,3258895
relBp,0.5,1,1,AAATGGCTTCTGCTATTAGG,0,3267464
relBp,0.5,1,1,AAATGCTTGTGCCAATCCTC,0,3281370
relBp,0.5,1,1,AAATCGAGAGTCAAGGATGT,0,3304394
relBp,0.5,1,1,AAATATCACCCGACTAGAAG,0,3275127
relBp,0.5,1,1,AAAGTTTTGTAGTTATTGAC,0,3268067
relBp,0.5,1,1,AAAGTGCCTAGTATACCTCC,0,3284798
relBp,0.5,1,1,AAAGGACCTGCGCGCACGGC,0,3260620
relBp,0.5,1,1,AAAGCGCACGTCTCAGAATT,0,3280679
relBp,0.5,1,1,AAAGCAAAACTGGTCATTAT,0,3299165
relBp,0.5,1,1,AAAGAACAACATAGGCACGA,0,3306914
relBp,0.5,1,1,AAACTCAAAGTCTTATATCC,0,3273122
relBp,0.5,1,1,AAACTAGCTGATCAGTTTTA,0,3277580
relBp,0.5,1,1,AAACGGTATTTTAGTAAGGA,0,3285401
relBp,0.5,1,1,AAACGGGGGTAATCGAGCGG,0,3268688
relBp,0.5,1,1,AAACGGGCAGTGAATGTTTT,0,3290921
relBp,0.5,1,1,AAACGAGTGTTCTTCGTAAT,0,3304940
relBp,0.5,1,1,AAACGACACTGCGACTTATA,0,3265642
relBp,0.5,1,1,AAACCGTTCACGCTAACCTT,0,3257051
relBp,0.5,1,1,AAACCCCTGGGATGTGGTAG,0,3284004
relBp,0.5,1,1,AAACCACCGGCATCGTTGTC,0,3264968
relBp,0.5,1,1,AAACATGTTTTGGCTGGGCT,0,3278324
relBp,0.5,1,1,AAACAATTATCCGCCCGAAT,0,3280383
relBp,0.5,1,1,AAAAGCCGACTCACGATTTC,0,3271296
relBp,0.5,1,1,AAAACGAAATTCCACTCGAC,0,3272679
relBp,0.5,1,1,AAAACAATGGCCTTAGGTAT,0,3259072
relBp,0.5,1,1,AAAAACGATGATCTCTTGAC,0,3284766
relBp,167.0,166,0,GACTTAACGCTGGATTATGG,166,3308782
relBp,156.0,155,0,GGGTTCTTAACGATTTGCTT,155,3294817
relBp,139.0,138,0,GACCCCGCTCTTTCCCCAAA,138,3281621
relBp,134.0,133,0,GTACCCGGTTCCAAAAAAAT,133,3301863
relBp,118.0,117,0,GATTAGCATGATCGGGACTG,117,3308159
relBp,105.0,104,0,TTCACAAGGAGGCAGGTTAT,104,3306162
relBp,95.0,94,0,ATTTGGCTATTGCAGTACCC,94,3292629
relBp,95.0,94,0,AGGAAACAATGCGGTTGCTT,94,3298636
relBp,86.0,85,0,TTTCCTGGGAAACAATCAGG,85,3307092
relBp,86.0,85,0,CTCCATCGATAAGCAAAGGG,85,3306174
relBp,78.0,77,0,CTTTGTTGAGGCGGATGAGA,77,3298623
relBp,77.0,76,0,ATTGTAGGTACTCTGCGATT,76,3289676
relBp,74.0,73,0,TGAGGCTACTAGGGTTACGT,73,3275066
relBp,72.0,71,0,GCTCAACACCACGGGGTTGA,71,3294255
relBp,71.0,70,0,AGCGTTAAGGATACTTTGGT,70,3272203
relBp,65.0,64,0,GTTTGCCGGAGAACATTGTT,64,3293800
relBp,64.0,63,0,CGCCGATCCACAGGCGTAAA,63,3283510
relBp,64.0,63,0,ACAACCTTGGTACAACTCCT,63,3295880
relBp,62.0,61,0,GGAGGAGAAGCTGGTCTACA,61,3276006
relBp,62.0,61,0,AACGATACGCGTCTCCTTTG,61,3297204
relBp,60.0,59,0,AGGTTCCATGCTTTCGTCAT,59,3265545
relBp,59.0,58,0,TTTAGTTCTAGGCCGTCGAG,58,3286731
relBp,59.0,58,0,TCGCCTTGAACGTCCTCGTT,58,3279429
relBp,58.0,57,0,TGGGACGCTTGGTTCTTGTG,57,3281625
relBp,58.0,57,0,GAACCGGATAACCACGGACA,57,3301683
relBp,52.0,51,0,ATCTCTCAAGTCTGTTATTT,51,3264172
relBp,50.0,49,0,TGGATTATGGGTTTATCTCC,49,3293235
relBp,50.0,49,0,CCAATGGCCGGGGGGATCTA,49,3264678
relBp,49.0,48,0,TCAGGCTATCTGTTTAGGGG,48,3274201
relBp,48.0,47,0,CGCATCCCGTTGGGTCATTT,47,3263098
relBp,48.0,47,0,CCGTGATGTTCTACGAGGTA,47,3262927
relBp,47.0,46,0,ACCCGAGGCCCCCCTGGTAC,46,3275488
relBp,46.0,45,0,GGCGAGTTGGGCCGCGGGTC,45,3261156
relBp,44.0,43,0,GGACTAGGTATACTTGAGCT,43,3266792
relBp,44.0,43,0,CAAGCATAATAACGCTGAGC,43,3277716
relBp,43.0,42,0,AGAGAGCCGCGCCGACTACG,42,3265752
relBp,42.0,41,0,TTTCAGATGCCAGGGTAGTC,41,3302862
relBp,42.0,41,0,CTTGACGCTTGTCCTCATCA,41,3265444
relBp,42.0,41,0,CACCGTTGTAGAGCTAGGGA,41,3306294
relBp,41.0,40,0,TCGTATACCCATGTTTACGC,40,3301936
relBp,41.0,40,0,GAAAGCGCAGGCTATGCTAA,40,3288086
relBp,41.0,40,0,CTAGAAACGAGTGGAGCCGT,40,3256919
relBp,41.0,40,0,ATCCTGGGTACGGCACCTGT,40,3291519
relBp,40.0,39,0,TCTTGAAGCACCGTCAAACC,39,3256841
relBp,40.0,39,0,CCAACGCTCTGTGTGTTCAC,39,3296786
relBp,39.0,38,0,TTGGACCATTTACAGGCGAC,38,3288777
relBp,39.0,38,0,TCCAAGTAACCCAGGTGAGA,38,3276963
relBp,39.0,38,0,GCGCGCGCGCTACCAACCGT,38,3304522
relBp,39.0,38,0,GCAGGAGGCACGCAAATCGG,38,3283825
relBp,38.0,37,0,GGTAGGATCTCCATTGGTGC,37,3306958
relBp,38.0,37,0,ATATGTGCGTTAGCGTGCAC,37,3293266
relBp,37.0,36,0,GCATGGTTTTACTCTACTTA,36,3304639
relBp,37.0,36,0,GAGCGAGCGAACCTATCATA,36,3269141
relBp,37.0,36,0,CGCATGGTGTTAATGTTCCG,36,3301737
relBp,36.0,35,0,CGAGTTGACTTATCCCGCTG,35,3304918
relBp,36.0,35,0,ATTTTTGAGCTTGGTTGTTA,35,3308287
relBp,36.0,35,0,ATCACTCACGTCTAGTGGTA,35,3264254
relBp,36.0,35,0,AGCGTAGGCCTTGCGAGAGT,35,3277990
relBp,35.0,34,0,TCGGGCGCTCTATACGAACG,34,3274622
relBp,35.0,34,0,CTCGGATTATCTGCCTAGAC,34,3273976
relBp,35.0,34,0,CGGACCACCTGCTGTTACCC,34,3270186
relBp,35.0,34,0,CGAAGTCCTTGCGACCTCTA,34,3289256
relBp,35.0,34,0,CAACGTGAGGGAACTCCCCG,34,3289596
relBp,35.0,34,0,ATGATTGAAACTGCAATGGC,34,3269917
relBp,35.0,34,0,AGGGAATTATGAGTTATCAT,34,3263561
relBp,35.0,34,0,ACCCAGGTGGTCTGATTGTG,34,3270617
relBp,34.0,33,0,TCGCACGGTGGCCTCTACCG,33,3307744
relBp,34.0,33,0,GTGAATGTAACGTCCGTCAA,33,3286063
relBp,34.0,33,0,GTCCCAGAATTAAGATTAGC,33,3274887
relBp,34.0,33,0,CGGAGGCACTTAGATCCCTG,33,3273111
relBp,34.0,33,0,CCTCTTCGATAGGAGTTGGG,33,3299336
relBp,34.0,33,0,CAAGTCGCTGTTTGCGAGGC,33,3287634
relBp,34.0,33,0,ACGAGCAAGGAGACACAGGT,33,3270995
relBp,33.0,32,0,GTTTCGGAGTGTTACTTGCC,32,3295451
relBp,33.0,32,0,GTCGAAGGCCGACAGATGGT,32,3303885
relBp,33.0,32,0,GCTCGAGTAAAACAAAACTA,32,3288969
relBp,33.0,32,0,GACTGACGAGGTTGCACCAT,32,3289091
relBp,33.0,32,0,AAATGAGCTTTTTTGCACAG,32,3289727
relBp,32.0,31,0,TTTCCAACTGGGTTCCGACC,31,3275602
relBp,32.0,31,0,TCAACCCTTGGTCGAGACAG,31,3282708
relBp,32.0,31,0,GTATGATGGACGGGGTGTCT,31,3305440
relBp,32.0,31,0,GGAGGCATAATCGAGGGTGC,31,3259563
relBp,32.0,31,0,GAGCACTCGGTTCGATTCGT,31,3306171
relBp,31.0,30,0,TAATGTTGACACCTCGATGT,30,3292280
relBp,30.0,29,0,TTATGCGTGATATATGAGCT,29,3261194
relBp,30.0,29,0,CGTTTTAATTAGACCGAGAT,29,3300560
relBp,30.0,29,0,AACTCCTAACTAATACCACC,29,3262768
relBp,29.0,28,0,TCGTTGAGCTGTGCAGGGTC,28,3308298
relBp,29.0,28,0,GCTGGCTATTAGGCACAGTC,28,3307856
relBp,29.0,28,0,CAGAGGCTGATCTATACCAA,28,3299735
relBp,29.0,28,0,AAAAGTGGACGGGTTGATCG,28,3298399
relBp,28.0,27,0,TTTACGTGCAGTGCTTGAGT,27,3275394
relBp,28.0,27,0,TCTAGCAATATTAGAAGGGA,27,3263123
relBp,28.0,27,0,TCAGTTATTGTAAGCACGGA,27,3292528
relBp,28.0,27,0,TCAGATCCAGAGTAGCCACG,27,3303518
relBp,28.0,27,0,GAAGGAGGTGCTGGATGGAC,27,3306500
relBp,28.0,27,0,AGGCTATCGGCCGTGCCGCC,27,3288130
relBp,28.0,27,0,ACGGTTCGGAAAAGACGAAA,27,3276130
relBp,27.0,26,0,TTATGCTCATGCGCGTGATT,26,3298404
relBp,27.0,26,0,TCGGTAAGGGAATAGATCGT,26,3279940
relBp,27.0,26,0,TACCCGAGCTAAGCAGGACT,26,3285092
relBp,27.0,26,0,GTGATGACCGTGCCACAATG,26,3298777
relBp,27.0,26,0,GCGGTAAATTTCTTTCCAGT,26,3303618
relBp,27.0,26,0,ACCGTGGGGTGTAACATCGC,26,3268442
relBp,27.0,26,0,ACCGTAAACAACGGTACTCT,26,3297202
relBp,27.0,26,0,AATGAGCGGGTGGCCTCGAA,26,3286272
relBp,26.0,25,0,TCGGTGAAAGCGTGTAGCCA,25,3289259
relBp,26.0,25,0,TAGGAACATAGTATGGACAA,25,3264837
relBp,26.0,25,0,GCCGCGTTGGGGGGGCTTTT,25,3288661
relBp,26.0,25,0,GCCAGGTTCTATTCGTGTTC,25,3283329
relBp,26.0,25,0,GAAGGTCCGAGGTCAAGTAG,25,3307269
relBp,26.0,25,0,CGACCGAATGCATGCGGCTC,25,3292388
relBp,26.0,25,0,CCCCGTGATCAGATTTATAT,25,3274696
relBp,26.0,25,0,AGTCGGGTCATTCGGAGTCG,25,3266463
relBp,26.0,25,0,AGAAGGTTTGATACATTGCC,25,3262598
relBp,26.0,25,0,AAAGGAGATATGGGAATCGC,25,3308359
relBp,25.0,24,0,TTGTCGATAACTAGATTTCG,24,3272684
relBp,25.0,24,0,GATCTGAAGGGAACGCTCCT,24,3298714
relBp,25.0,24,0,GAGCGGAGAACACCAGAGGC,24,3273905
relBp,25.0,24,0,ATACAGCGTGTAAGGGGCCT,24,3265023
relBp,25.0,24,0,AGGGTCCTCCTGCACTAGCC,24,3256652
relBp,24.0,23,0,TACGGAGCGGTACAGAATAA,23,3284063
relBp,24.0,23,0,GTAGCCAGGACTCCTACGAT,23,3288142
relBp,24.0,23,0,GACTGGTACGGGGAATCCCA,23,3258946
relBp,24.0,23,0,GAAACCCCGTCCAGATGCGA,23,3287097
relBp,24.0,23,0,CTTGCCGTTATGTTAGCGCA,23,3297839
relBp,24.0,23,0,CGATTGCCGAATCATTTGGC,23,3276598
relBp,24.0,23,0,CCAGTATATCGGTACACTTT,23,3294813
relBp,24.0,23,0,ACCATAGCGGACCATTCCAC,23,3263709
relBp,24.0,23,0,AACAGGCACTAATTATGCGT,23,3260143
relBp,23.0,22,0,TGAATAGTTGTAGCATGGCT,22,3275347
relBp,23.0,22,0,GGGACCTTACCGCCAGATCC,22,3295931
relBp,23.0,22,0,CTTAAGCACTCGTCCTAACT,22,3279786
relBp,23.0,22,0,CAACAATGCGGTGAAGCTAT,22,3285934
relBp,23.0,22,0,ATTCTTGGGCGGGCAGATCT,22,3285257
relBp,23.0,22,0,ATAGGCCTAGAGTTGCTTAT,22,3303008
relBp,22.0,21,0,GTCGGCTAGTATCCCTTCTT,21,3304431
relBp,22.0,21,0,GCGTTTAGGACACCTAATCT,21,3279902
relBp,22.0,21,0,GCACACGCCACTAAATTCAA,21,3292315
relBp,22.0,21,0,CGGGATACTGAGGCAGTTCA,21,3265902
relBp,22.0,21,0,CGGCGCGTGCCAGCAAGATT,21,3264625
relBp,22.0,21,0,CGACCTACACGGAACGCGGA,21,3261273
relBp,22.0,21,0,CCCTCGCGCGCTGCGCGAGT,21,3264203
relBp,22.0,21,0,CACAAGAAGGCTTGGTGCCT,21,3270296
relBp,22.0,21,0,AGCGCATTTCCGCATCAATA,21,3284107
relBp,21.0,20,0,TGTCATGAGCGATAGCGAAA,20,3306539
relBp,21.0,20,0,TAACTACCTAATGTGTTATT,20,3268132
relBp,21.0,20,0,GTGGGAATCGAGACCAACAG,20,3280403
relBp,21.0,20,0,GAGATGACCTCGGCCGAAAG,20,3301736
relBp,21.0,20,0,ATTCGATGTACAGCACGTAC,20,3305418
relBp,21.0,20,0,ATGTCATGGTTAGCACCACA,20,3307901
relBp,21.0,20,0,ACAGTTACATTATGCCTACC,20,3265210
relBp,20.0,19,0,TTTTATATGTAACACGCCCC,19,3289267
relBp,20.0,19,0,TTACATCTTTCTCAGGAGTG,19,3256748
relBp,20.0,19,0,GGTACTTATGAAGGCGTGCT,19,3308149
relBp,20.0,19,0,GCTTCAAGAGCAGAACAGAC,19,3294008
relBp,20.0,19,0,CTAGATTAATAACCTTCCTC,19,3291238
relBp,20.0,19,0,CGGCCAGCAAGCTTGAAACG,19,3301520
relBp,20.0,19,0,CCTTTCCGAAACCCACAGTT,19,3304688
relBp,20.0,19,0,CCGGGCTAATGTCATACCTT,19,3280216
relBp,20.0,19,0,AATACCACGAAAGCGCAAGA,19,3256718
relBp,19.0,18,0,GCTTATCTGACGCATCGCGA,18,3274273
relBp,19.0,18,0,GACTTGGAAGCTTTTCGTGG,18,3304596
relBp,19.0,18,0,CGTAAAATGGCCAAGTTGTA,18,3271825
relBp,19.0,18,0,CCCTGTAAAGGCCAACGCCC,18,3262177
relBp,19.0,18,0,AGTGCGGAGTATATACGTTC,18,3307290
relBp,19.0,18,0,AGATAGCCTATACCGTAGCT,18,3282174
relBp,18.0,17,0,TTACCTCGTAGCGTTCGACA,17,3292215
relBp,18.0,17,0,TACGCTGCGGTACTATTGTC,17,3260219
relBp,18.0,17,0,GTGGCCAAGTTGAGTGGTTT,17,3286733
relBp,18.0,17,0,ATGCATTCGCAAAAACCCCC,17,3280587
relBp,18.0,17,0,AGAGCACGTTCCTTAGGGAA,17,3305632
relBp,18.0,17,0,ACTCCCTGATTCGACTGCAT,17,3303766
relBp,17.0,16,0,GTTATTGCTCGGATATGTTG,16,3281757
relBp,17.0,16,0,GGGTGGCTATTTGTGGCTAA,16,3303557
relBp,17.0,16,0,CGTTCATGAACAGTTGAACC,16,3267292
relBp,17.0,16,0,CCGTAGGTGGAAAGCAAGAA,16,3304711
relBp,17.0,16,0,AGAACTATACTCAAGCATGA,16,3270843
relBp,16.0,15,0,GGACTGCGTGCGCAGTTTGT,15,3281000
relBp,16.0,15,0,CGAGGTCTCTATGATAAGAA,15,3265128
relBp,16.0,15,0,CCGAATGAAGATCACTCCCG,15,3291194
relBp,16.0,15,0,CCCTTTGAGGGTCGAACCGA,15,3289637
relBp,16.0,15,0,AGAAGCAGAGTCCCCACGTA,15,3299940
relBp,16.0,15,0,AGAAACGTCATTAGTACAGT,15,3286910
relBp,15.0,14,0,TTAGTTTCTAGGTTGGCCGG,14,3299001
relBp,15.0,14,0,TGTCCATAGTGCGCACCCTC,14,3257213
relBp,15.0,14,0,TGTACCCCGATCTCTTTAGG,14,3295060
relBp,15.0,14,0,TGAGAAGTTAGGTGTAATTA,14,3287218
relBp,15.0,14,0,TCGGCGACAAAGTTCTATAT,14,3268139
relBp,15.0,14,0,TAATCAACGGAAATTACGCG,14,3302333
relBp,15.0,14,0,GGTCGTGCCCCCACCGTTTT,14,3293061
relBp,15.0,14,0,GGATAATTGCCCAGGTTGCA,14,3295792
relBp,15.0,14,0,CTCATCGAACTATTCATGTG,14,3306857
relBp,15.0,14,0,CTATGAGATTGGCCTGTGAA,14,3297693
relBp,15.0,14,0,CGTACGAACCGCAAGAATCG,14,3308740
relBp,15.0,14,0,ATAGGCGAGCTTTAAAGGAG,14,3306907
relBp,15.0,14,0,AGGGGAAGAAGCGTCTACTG,14,3275276
relBp,15.0,14,0,ACGCGATATAGCGTTGAGCA,14,3304909
relBp,14.0,13,0,TGGGTCCTCCTGCCCCGTTC,13,3282220
relBp,14.0,13,0,TCGTGAAACTGCCTCACAGC,13,3281114
relBp,14.0,13,0,GTTTAGTGGCAACAAGGTCG,13,3304562
relBp,14.0,13,0,GTTTAATGGAAGACCACGGG,13,3297847
relBp,14.0,13,0,GGTGAGGGAAAGTTTGATGT,13,3265438
relBp,14.0,13,0,GGCGGACACGTGCAAATGTA,13,3278151
relBp,14.0,13,0,CTTAAATGTTCAATCGCTGA,13,3306334
relBp,14.0,13,0,CTGTGTGTGCGAGAATGGGT,13,3276883
relBp,14.0,13,0,CTCTAATCGTTGTCAATGTA,13,3300101
relBp,14.0,13,0,CCTATCCTCATTAACACTCA,13,3288942
relBp,14.0,13,0,CCTACCTATAGTTTGAGTTA,13,3306477
relBp,14.0,13,0,CCGAATGAAACCCCCCAGGC,13,3289442
relBp,14.0,13,0,CCCTCTGAGAACTTAGAGGC,13,3283361
relBp,14.0,13,0,CATATTAGTATATAATCAAT,13,3261878
relBp,14.0,13,0,ATCTTTACCGTGCTCCGAAG,13,3272156
relBp,14.0,13,0,AGTACAAAGTTTTACTGTCG,13,3278847
relBp,14.0,13,0,AGCAAAAAGTTTTCGGAGTT,13,3275272
relBp,14.0,13,0,ACTCCGAGAAGTGCGGGTTG,13,3264774
relBp,14.0,13,0,ACCGGCATGAAACGGCCATG,13,3257376
relBp,13.0,12,0,TGGTACACGAACTCGGGATT,12,3289209
relBp,13.0,12,0,GTGGAGGTCTTTCTGATGGG,12,3292117
relBp,13.0,12,0,GTAAAATTTCCGTAATACCT,12,3292252
relBp,13.0,12,0,GGCTTATACCCTTCAAGGGC,12,3300770
relBp,13.0,12,0,GCCAGCGTCATTTGGGCCGG,12,3281912
relBp,13.0,12,0,GACGGCTAAGGTTCGAGAGG,12,3282167
relBp,13.0,12,0,CTTACTCTGTAATTATCCGA,12,3276084
relBp,13.0,12,0,CTGAGCGATGGATCAATACC,12,3258284
relBp,13.0,12,0,CGGGTTCTGGGGGGTTTTTT,12,3282177
relBp,13.0,12,0,CGATCAACCTGGCCTACAGT,12,3257212
relBp,13.0,12,0,CAATCTTTTGTGTGATTAGG,12,3268407
relBp,13.0,12,0,ATAATGATTTCCACTTACCG,12,3274213
relBp,12.0,11,0,TTGGAGTGACCATGCGTTCA,11,3304027
relBp,12.0,11,0,TGGCGATGTGCCGTCGCAAA,11,3306813
relBp,12.0,11,0,TCCTGTGGCATACGAGTTAA,11,3263491
relBp,12.0,11,0,GTATTAGAATGCGGTCACAA,11,3296653
relBp,12.0,11,0,GTATAGCAGCCTTTGGGCAG,11,3299651
relBp,12.0,11,0,GCCGAACATGTGCAAACTGA,11,3260619
relBp,12.0,11,0,CCTCCCATGGCCTCGAGACG,11,3298617
relBp,12.0,11,0,CCCTCGAATCTCAAACGACG,11,3306955
relBp,12.0,11,0,ATGCATAGACTGGCCCCTAT,11,3307410
relBp,12.0,11,0,ATGCAGAACAAATCGGGTTA,11,3305428
relBp,11.0,10,0,TTCGGAATACAGAGTTAGCA,10,3279281
relBp,11.0,10,0,TGGTCTTGTTCCCACACTTT,10,3292585
relBp,11.0,10,0,TGGGTAAGAATGTGTACCTG,10,3276549
relBp,11.0,10,0,TGGGACCGGATAATCGAATG,10,3281145
relBp,11.0,10,0,TCAGCTGCGGACAATCAAAA,10,3288739
relBp,11.0,10,0,TATCAGTAAGCTAGTGGCAG,10,3260571
relBp,11.0,10,0,GGTCTGTAAGTGCGCCCTAT,10,3261731
relBp,11.0,10,0,GAACTCAAGTCGGGCGCCAA,10,3294912
relBp,11.0,10,0,ATGCACGTCGATTTAAGAGT,10,3275801
relBp,11.0,10,0,ATCGGCTTCATTCCGGACTG,10,3308258
relBp,11.0,10,0,ATCAATCGCGCATTCGGTAC,10,3275364
relBp,11.0,10,0,AGATGGTGTTTGAAACTGTA,10,3307891
relBp,11.0,10,0,AATTAGGTTTCTTCCCGGGC,10,3286494
relBp,10.0,9,0,TCGAGGGTGTCCAGGGACAG,9,3302161
relBp,10.0,9,0,GGGATATTTCCGGCGTCACT,9,3285113
relBp,10.0,9,0,GATAAGGGTTGTTCATCTCA,9,3262134
relBp,10.0,9,0,GAAAAACATGCGTGGGGGTG,9,3288493
relBp,10.0,9,0,CTGGCTGTAATAGGGCGATC,9,3288795
relBp,10.0,9,0,CGCAGGTTCGCCGCGGCTCT,9,3288963
relBp,10.0,9,0,CAATCTCGACCGTATACGGT,9,3268792
relBp,10.0,9,0,ATAAATCAACGCGAGTGAGG,9,3275262
relBp,10.0,9,0,AGGTGCCTGGCTGCGAAATC,9,3258455
relBp,10.0,9,0,AGACGTTATCGAAGTGAACT,9,3297669
relBp,10.0,9,0,AATTTATACTGCTACTCTTT,9,3300568
relBp,9.0,8,0,TTGATCCGGTCAATGTATCT,8,3281936
relBp,9.0,8,0,TGTTTTGGTCCTGTAGTTTA,8,3284204
relBp,9.0,8,0,TGTTCTTTAGGAAATGCTTC,8,3261143
relBp,9.0,8,0,TAGGCGCGGAACCTGCGATG,8,3268433
relBp,9.0,8,0,TAAGGGCATCCGATGCGGTC,8,3289958
relBp,9.0,8,0,TAAACACTCCCATGTTCGAC,8,3291156
relBp,9.0,8,0,GTTTGATTTGTCAGTTTGAG,8,3306848
relBp,9.0,8,0,GCACCGAATACTGATACGTA,8,3303346
relBp,9.0,8,0,CCCACAGGATACAGTCAACG,8,3263689
relBp,9.0,8,0,CCAAACTGATACATGAGGAT,8,3291658
relBp,9.0,8,0,CAGCTTCCTCACAATCATTC,8,3267665
relBp,9.0,8,0,CAACGTCGTCAAGGGGACGG,8,3271814
relBp,9.0,8,0,ATTGCTAGGACCAGATATTA,8,3276275
relBp,9.0,8,0,ATTACGTCATTTTCCAAGTT,8,3257141
relBp,9.0,8,0,ATGCTACTTCTTTCACACCT,8,3291191
relBp,9.0,8,0,AGTTTGTGTCCCGTCACCGC,8,3271783
relBp,9.0,8,0,AGTAGGATTAACAATAAGGG,8,3280009
relBp,9.0,8,0,AGTACTTGCATCATTTCGAC,8,3303763
relBp,9.0,8,0,AGCGACCTGGGGTACTTAGC,8,3275952
relBp,9.0,8,0,ACTCGTCATAGGATCGCCCC,8,3270341
relBp,9.0,8,0,ACGAGCGGTCTGCACCACAA,8,3271624
relBp,9.0,8,0,ACGAAAGCGAACGATACCAC,8,3274721
relBp,9.0,8,0,AAGAGGCGAGTAGTTTTGGT,8,3284426
relBp,8.0,7,0,TAAAAGCTATACAGGGTGGC,7,3270050
relBp,8.0,7,0,GTTAGTAAGGCAGCGCGGGC,7,3271091
relBp,8.0,7,0,GGTGCGGAGGTTACTTGGTC,7,3288749
relBp,8.0,7,0,GGAGACCATTACTCCGACAA,7,3304195
relBp,8.0,7,0,GCTCACGGTTGTGTGCGCGT,7,3281224
relBp,8.0,7,0,GCTCAAGGCTACGAATCACT,7,3278712
relBp,8.0,7,0,CCACTCCCCGGGCACGGTAG,7,3292260
relBp,8.0,7,0,CAGCAGCCTATAAGTTAAAC,7,3267075
relBp,8.0,7,0,AGTCTCTTTGTATTCCCCTA,7,3279436
relBp,8.0,7,0,AGCAACATCGATAGACGTCC,7,3274373
relBp,8.0,7,0,ACTGAGCTAAGAGTAACGAT,7,3295404
relBp,8.0,7,0,ACCGAGGATGGTGGTAATGT,7,3256208
relBp,7.0,6,0,TTTCTTCGGCTGTGCGACCA,6,3303425
relBp,7.0,6,0,TTCTAAAAAAGGTGCGGGAA,6,3303379
relBp,7.0,6,0,TGAAAGAGGAACGCTTAGAA,6,3305845
relBp,7.0,6,0,TCTCACATATTGGTCGTAGG,6,3262328
relBp,7.0,6,0,GTCTACAAGAGGTTTACCTT,6,3277168
relBp,7.0,6,0,GTCAGGCTTCAGGTTCGCTT,6,3287768
relBp,7.0,6,0,GGTCACTCAATCTTGCTAAT,6,3279831
relBp,7.0,6,0,GCTGTGAAACCATCATAGAA,6,3258624
relBp,7.0,6,0,GCGGACCTGGCGCTGATAGG,6,3301307
relBp,7.0,6,0,CTTAGACCACAGAATCGCCC,6,3268873
relBp,7.0,6,0,ATTTTGACCCTATCAATCGA,6,3293411
relBp,7.0,6,0,ATCCCTGGTCAATGGTAAGC,6,3280003
relBp,7.0,6,0,AGATAGATAACCGGTACACG,6,3282479
relBp,6.0,5,0,TTGCTCCCCTGGGTGGTATC,5,3264310
relBp,6.0,5,0,TGGATCGGGTTGACCTACGC,5,3268118
relBp,6.0,5,0,TCGTAATTTCAGCCCGTGCA,5,3280533
relBp,6.0,5,0,TATGATGGCAGGGGTGACGA,5,3308450
relBp,6.0,5,0,TACGTTCTCTTTTTCAGTCC,5,3282864
relBp,6.0,5,0,TAAGGCCCCCGAACGTTATT,5,3301861
relBp,6.0,5,0,GTTACTTATGACCCAGGATT,5,3265550
relBp,6.0,5,0,GGTGGTGGAAACCACAGGGA,5,3282749
relBp,6.0,5,0,GCGTAGTTGGAGGTTTGGTT,5,3301422
relBp,6.0,5,0,GCAGCTGTGGCTTTTTGGTC,5,3275962
relBp,6.0,5,0,GACAACTCTATCCATTATGT,5,3277325
relBp,6.0,5,0,CGCATCATCCAAATAGAGGT,5,3259427
relBp,6.0,5,0,CGAAGTTCCCACCAGATTGT,5,3286922
relBp,6.0,5,0,CAAACGTTCTGAAACTTACT,5,3278329
relBp,6.0,5,0,ATTGCAACGTTGTCTTCGGT,5,3277504
relBp,6.0,5,0,ATAAGGAATAGGTTGGACCC,5,3300751
relBp,6.0,5,0,AGGCGGCAAGTACCATCGAC,5,3287960
relBp,6.0,5,0,AGGCGCTTCAACGGAAGAAC,5,3295897
relBp,6.0,5,0,AGACTCGTGCTTGAGTGTGA,5,3306209
relBp,5.0,4,0,TGGTGCCTTTATTGGGGCAG,4,3269836
relBp,5.0,4,0,TGGTAGTCGATAACCAGGAC,4,3292025
relBp,5.0,4,0,TGCGCGCTTGAGGCCCCGCG,4,3265592
relBp,5.0,4,0,TCTCGTTGCTACAAAGCAAT,4,3263992
relBp,5.0,4,0,TACAACCTGGCTAGCAAGCA,4,3301875
relBp,5.0,4,0,GGCACCTGGTCCTACAATGT,4,3282756
relBp,5.0,4,0,GCTAACCCTCATGAAAAAAC,4,3257630
relBp,5.0,4,0,GCGTCCAAGAGAGGGCCTGA,4,3282522
relBp,5.0,4,0,GCGATAAGTCGCAAATCGGG,4,3291938
relBp,5.0,4,0,GAACATACACATTGCCGAAA,4,3264876
relBp,5.0,4,0,CGGTGCCTCGGATACCTGAT,4,3297206
relBp,5.0,4,0,CGCTGATCCAAATGATGACT,4,3289983
relBp,5.0,4,0,CCCATGCCATTCCGGACTAT,4,3279941
relBp,5.0,4,0,ATTCCGCACTCGTTCGCCGT,4,3278272
relBp,5.0,4,0,ATCGGTCTGGTGCGCTCGAA,4,3263092
relBp,5.0,4,0,AAGGGAAATTCGAGCTCGCA,4,3297997
relBp,5.0,4,0,AAACGGAGGAGCCTGCCTGG,4,3274338
relBp,4.0,3,0,TTCATAGCATTTCTATGGGG,3,3306279
relBp,4.0,3,0,TGTCTGGTTTAACACTTACT,3,3304866
relBp,4.0,3,0,TGTCGATTTTCGTGACGTCT,3,3295816
relBp,4.0,3,0,TCTAAGTTAGCTACAAACTC,3,3285797
relBp,4.0,3,0,TACCAACATTAGGCGGACAG,3,3290354
relBp,4.0,3,0,GTGGCATACAATAACGAGGG,3,3289900
relBp,4.0,3,0,GTCGTCATCAGTAAGTATTT,3,3308015
relBp,4.0,3,0,GTCGTATGCAATTATGCGCG,3,3278726
relBp,4.0,3,0,GTCGAGACTTATCTCAATCA,3,3286491
relBp,4.0,3,0,GTATAATATACAGTCCTGAA,3,3307777
relBp,4.0,3,0,GTAAGTCCAAGGCCGGTACA,3,3294975
relBp,4.0,3,0,GGAATTTGAATTATGCGCGG,3,3287773
relBp,4.0,3,0,GCGGTTGTACCATGCATAAT,3,3298517
relBp,4.0,3,0,GACCTACGCAGGTGATACAA,3,3256235
relBp,4.0,3,0,GACCGTTAGTATGCGAAATG,3,3284776
relBp,4.0,3,0,CTCGTCGCACGGTTTGTTTA,3,3266771
relBp,4.0,3,0,CGCGCTGTATTTGCGCTTTG,3,3304329
relBp,4.0,3,0,CGCCCCGGGGTCGTATCAGG,3,3260245
relBp,4.0,3,0,CGACTGACGCTTCTGATCTA,3,3294941
relBp,4.0,3,0,CATGGCTCTGATCGCGATCG,3,3291765
relBp,4.0,3,0,CACTTTGACATGTATGCTTG,3,3266396
relBp,4.0,3,0,CACCTGCTAGTCGTTAACTA,3,3274285
relBp,4.0,3,0,CAACCGATCGGCTTCATTCT,3,3257092
relBp,4.0,3,0,ATGTGTGTCACTCTGCGGTT,3,3279557
relBp,4.0,3,0,ATGTCCGATTTATCACACGC,3,3265313
relBp,4.0,3,0,ATGCTATGCGGGTATGCCAT,3,3278369
relBp,4.0,3,0,ATGCCCCCCCCCCAGGGAGT,3,3288073
relBp,4.0,3,0,AGACCTACTTGCTTGTGGAA,3,3307636
relBp,4.0,3,0,AGAACTTGGGTAAGGGGTAC,3,3265284
relBp,4.0,3,0,ACTGGAAAAGTAACACTATT,3,3289632
relBp,4.0,3,0,ACGCTCCTTCTATTCACCCT,3,3284057
relBp,4.0,3,0,AACCAGTAAGCGCGGATATT,3,3293418
relBp,4.0,3,0,AAAGAGTCACATGCTGCCCC,3,3304776
relBp,3.0,2,0,TTGGTATGGGGTCAATGGCA,2,3284321
relBp,3.0,2,0,TGGTAATTCGCGCATTTGGG,2,3280939
relBp,3.0,2,0,TCTAACAGCCTGGTCACAAT,2,3289681
relBp,3.0,2,0,TCCTCTGGGATTAAGCAGGA,2,3263017
relBp,3.0,2,0,TCCGTACCTCATGAGGACGC,2,3302126
relBp,3.0,2,0,TCCAGTGGGCAATAAGCTAC,2,3306234
relBp,3.0,2,0,TACAGGCGACCCGACATCAG,2,3274206
relBp,3.0,2,0,GTTGATGTTTCGCACTCACT,2,3297945
relBp,3.0,2,0,GTAAATCGCACGCAGAAATA,2,3281980
relBp,3.0,2,0,GGTCAAGATCGGTTCATAGA,2,3304666
relBp,3.0,2,0,GGAGATTAACGGGCCTGCGC,2,3268722
relBp,3.0,2,0,GCGGGGGCGGTGGTGGATCC,2,3287014
relBp,3.0,2,0,GATTTATGCTAATCTTTGCC,2,3296452
relBp,3.0,2,0,GATGATCACCAGCAGTGAAC,2,3274927
relBp,3.0,2,0,GAGTAGACGTTAGCCGTCGG,2,3272558
relBp,3.0,2,0,CGCCGACAGCCGTTTGACCG,2,3283430
relBp,3.0,2,0,CGAGGTATATAGTATTGGCT,2,3290419
relBp,3.0,2,0,CCCTCGATCGGGGGACTACA,2,3288719
relBp,3.0,2,0,CCAAAAGCGAACTGGACTTG,2,3271097
relBp,3.0,2,0,CATGATCTTCCTAAGCCCGG,2,3303197
relBp,3.0,2,0,CAATGGAGTGTCGTGTCAAC,2,3281722
relBp,3.0,2,0,ATAAAGGCATCATCTAAATA,2,3306760
relBp,3.0,2,0,AGTGAGAGCGAGTTTACATG,2,3265980
relBp,3.0,2,0,AGCTATATCACCATCGCGAC,2,3300436
relBp,3.0,2,0,AGAACTGAGGCGCATCTCGT,2,3272160
relBp,3.0,2,0,ACTTAAGGCTCACCGCGAAG,2,3274531
relBp,3.0,2,0,ACACGATCCAACCTGCAACT,2,3257380
relBp,3.0,2,0,AATCCGGCAGGGATTAGGTA,2,3294550
relBp,3.0,2,0,AAGTGTCTTCCCTCCTATAT,2,3257847
relBp,3.0,2,0,AACCATCTTTGAAAGTAGCA,2,3293000
relBp,3.0,2,0,AAAGCTCTTTCTCACCTGAT,2,3300640
relBp,3.0,2,0,AAACCCTCATGCCGGCAACT,2,3307454
relBp,2.0,1,0,TTTGCATGACTCTGCGGGAT,1,3269439
relBp,2.0,1,0,TTGGCCGTCGGGTGCGCCGT,1,3300552
relBp,2.0,1,0,TTGATACCCGCTTCTCCCGT,1,3295502
relBp,2.0,1,0,TTCGTAGGCCGCAGTCGGGT,1,3257243
relBp,2.0,1,0,TTCCTGGTAGATGGGGTTAG,1,3283852
relBp,2.0,1,0,TTCATGACTTCTGCCTGTAA,1,3306608
relBp,2.0,1,0,TTACCAAGAGTGTTGTTCCA,1,3293518
relBp,2.0,1,0,TGTCAGTGAGACCTAGCGGT,1,3296506
relBp,2.0,1,0,TCTTGTGACGGTCAGATTGG,1,3256423
relBp,2.0,1,0,TCTTCTTGTCTGATTGGCCT,1,3308131
relBp,2.0,1,0,TCTTACACCTCAGACCATCA,1,3263545
relBp,2.0,1,0,TCTGGTCTGGATCTGTCTAA,1,3298073
relBp,2.0,1,0,TCGGAAGACGGCTACTCGTG,1,3267757
relBp,2.0,1,0,TCCGCGGAGTCAATAAAGAA,1,3260686
relBp,2.0,1,0,TCCCGCTTATGACTATGAGC,1,3257779
relBp,2.0,1,0,TCAGGTTGGCTAAGTGAAAA,1,3279969
relBp,2.0,1,0,TCACTCGTGTCGCATGGGTC,1,3282179
relBp,2.0,1,0,TCACGGCTTAGTAAAACACT,1,3285742
relBp,2.0,1,0,TATGTTTTTTGCAAAGAACT,1,3292570
relBp,2.0,1,0,TATCGTCAAGGACTCTCACT,1,3269705
relBp,2.0,1,0,TATATTGTCAGATGCGAGTA,1,3278538
relBp,2.0,1,0,GTTTTTGCAAGTGGGCATGT,1,3308349
relBp,2.0,1,0,GTTCGATTGGTGTCTCAGAC,1,3289710
relBp,2.0,1,0,GTGTAGAGGTCGAGCGGAAT,1,3265919
relBp,2.0,1,0,GTGCGTCGGGCTGATCATGA,1,3297676
relBp,2.0,1,0,GTGAGCGACAATGATACATA,1,3287728
relBp,2.0,1,0,GTCTTATCCTCAAGTTATGG,1,3274689
relBp,2.0,1,0,GTCTAGGCTGGAAGTACATC,1,3274296
relBp,2.0,1,0,GTCTAAGACCTCTATCAGCG,1,3281258
relBp,2.0,1,0,GTATGCCACGATCCCACCGG,1,3302806
relBp,2.0,1,0,GGTGTTGTTCTCCGTTAGGA,1,3297012
relBp,2.0,1,0,GGTGTTGCGAGCATTCCCCT,1,3279421
relBp,2.0,1,0,GGCCTGGATTATCGACTGGA,1,3291787
relBp,2.0,1,0,GCTCATTGATTAACCGGGGT,1,3307448
relBp,2.0,1,0,GCTACGCTAGCGAAACCGTC,1,3289355
relBp,2.0,1,0,GCGCCCGGCAGCATACCCTC,1,3286694
relBp,2.0,1,0,GCCACTGGTAACTGGCATAT,1,3263988
relBp,2.0,1,0,GCACATCTACTACCGGAACC,1,3280824
relBp,2.0,1,0,GATGTGTGAGCGGACCTTGC,1,3286191
relBp,2.0,1,0,GATAGAATATTAATACACAA,1,3293622
relBp,2.0,1,0,GAGAGTAATATGACTTGTGT,1,3261186
relBp,2.0,1,0,GACAGCTCGCTGTTCGGGCA,1,3284654
relBp,2.0,1,0,CTTGACTCGCACTCGCTCGA,1,3279778
relBp,2.0,1,0,CTGGTGTTACACGTTCGGTA,1,3287129
relBp,2.0,1,0,CTGCCCCCTAAATGGGAAGT,1,3273483
relBp,2.0,1,0,CTCGGAGTGAGACATGCTCT,1,3267398
relBp,2.0,1,0,CTCGCGCGTGTCTCCTGAGG,1,3285121
relBp,2.0,1,0,CTATTAGAATGGAGGTTACA,1,3292259
relBp,2.0,1,0,CTAATTGCGTGCGGTCTATT,1,3269003
relBp,2.0,1,0,CGTGTATTGGTTACCTCCTG,1,3295623
relBp,2.0,1,0,CGTAAGCCCTGTACATACCT,1,3288276
relBp,2.0,1,0,CGGGGGTTAACCTGCATTAG,1,3263937
relBp,2.0,1,0,CGGGCTATAAAGTTGGCACC,1,3262627
relBp,2.0,1,0,CGGCGGGAGGACGGGATTAC,1,3295430
relBp,2.0,1,0,CGATTGAATTAGGAGTATCT,1,3305887
relBp,2.0,1,0,CCTCATGCCCTCGATATAAG,1,3260490
relBp,2.0,1,0,CCTCAGACCATTTGATTTCG,1,3302084
relBp,2.0,1,0,CCGGCTCCACTAAACAATGG,1,3295785
relBp,2.0,1,0,CCGAACGTGACGACCCTCCC,1,3276812
relBp,2.0,1,0,CCCCGTGCATATATGCGATA,1,3269261
relBp,2.0,1,0,CCAGGTAATGGCTAGCGATA,1,3297720
relBp,2.0,1,0,CCAGGGTGGGATTGATACGA,1,3274743
relBp,2.0,1,0,CATGGCACCACGTCGGAAGC,1,3307125
relBp,2.0,1,0,CAGGCACTTCGCAAAGTGCA,1,3283404
relBp,2.0,1,0,CACATTACTCATTGAACCTG,1,3298285
relBp,2.0,1,0,CAAGATACTCTCTAAGGAGA,1,3290621
relBp,2.0,1,0,CAACTTAACGATCCTACTGT,1,3299199
relBp,2.0,1,0,ATTTAAGATTCGCCGACGTG,1,3273217
relBp,2.0,1,0,ATTCATTCCCCACCTACGCG,1,3287416
relBp,2.0,1,0,ATGCACGGTCAGGAATTATT,1,3291327
relBp,2.0,1,0,ATCTACGATCTCCCGGTCAA,1,3302144
relBp,2.0,1,0,ATCCGAACCCATGCTCAGAA,1,3273421
relBp,2.0,1,0,ATAGTTATAACAGCTCCTCC,1,3298250
relBp,2.0,1,0,ATAAGCGCGGCTAGTGCGTG,1,3275275
relBp,2.0,1,0,ATAACATCTAGATGAAATGT,1,3277117
relBp,2.0,1,0,AGTTCTTTTCGGTTATCCAT,1,3266706
relBp,2.0,1,0,AGTTACATTAGATTTCGCTG,1,3258162
relBp,2.0,1,0,AGGAAAGTACAGGACTGGTA,1,3292730
relBp,2.0,1,0,AGCGCAGATAGCGCGGCCGG,1,3273702
relBp,2.0,1,0,AGCATGAATTCGTCTGTGTA,1,3285137
relBp,2.0,1,0,AGAGAAGAACACGCCAAACT,1,3275104
relBp,2.0,1,0,ACGGCTAAATAGGGAGTTAA,1,3287775
relBp,2.0,1,0,ACGCATTCATAGGCACGGCC,1,3290967
relBp,2.0,1,0,ACAGAAGGTGCCGGGCGAGA,1,3266728
relBp,2.0,1,0,AATTTAGATACGGTTACTCT,1,3307914
relBp,2.0,1,0,AAGTCCAGTGTTTGAAGGTA,1,3292002
relBp,2.0,1,0,AAGGGCACTGGGGTCATGCA,1,3265618
relBp,2.0,1,0,AAGGAAACCTGGTTCCATAA,1,3281218
relBp,2.0,1,0,AACGGAGTCATGTCATGACC,1,3303630
relBp,2.0,1,0,AAATGCCATTTCTATAGTTC,1,3292207
relBp,2.0,1,0,AAATACTTTCAAGCGGTGTC,1,3304074
relBp,2.0,1,0,AAAGGGATGTTAGCTAGCCT,1,3294128
relBp,2.0,1,0,AAACCAATACGTCATGAAAA,1,3278310
relBp,2.0,1,0,AAAATCGCGGGGGTTCAAAA,1,3306846
