name,relative_counts,ct,ct_0,barcode,ct_1,barcode_ind
araCp,0.36161137440758295,2871,2109,GCGGAAGGGTTTAGCTTAGA,762,530140
araCp,0.5434083601286174,478,310,CTTTCAGGAAGTTCACCATC,168,550983
araCp,0.7763157894736842,268,151,AGCCCCTCTATAAGTTGTTT,117,526736
araCp,3.2753623188405796,588,137,TGTCTCCCGGATTCTTTTCA,451,526653
araCp,0.672566371681416,187,112,CCGGACGAGCAGGCGGCGGT,75,526025
araCp,2.763440860215054,348,92,AGCTGGCTTTAAGAGGGGCA,256,526005
araCp,1.0340909090909092,177,87,GACCCTCGTAGCTGATTACA,90,540938
araCp,0.28735632183908044,110,86,CGGAGCGGGGTTCCTCACCA,24,559663
araCp,1.1647058823529413,182,84,TAACTGAATGGTAACAGGTA,98,526441
araCp,0.20238095238095238,99,83,CGTACATTCCGTTGGGCCAG,16,549470
araCp,0.7023809523809523,141,83,AGCCAGTGGAATAAGCCCAT,58,572801
araCp,0.5853658536585366,128,81,GCTACCGAGCGTTCTGTGGT,47,526180
araCp,0.32051282051282054,101,77,GACAGGCTTTAGGGTTTAGA,24,529740
araCp,3.9615384615384617,385,77,AGACTACCACTGTAAATAGT,308,545178
araCp,1.3733333333333333,176,74,TGAGGGGTAGACACCGGTGG,102,527096
araCp,0.76,130,74,CTGCATAACCGTCTCCTGTC,56,540888
araCp,0.5466666666666666,114,74,CCTGTTTTTTCAGTTTGAAT,40,527194
araCp,1.0675675675675675,151,73,TCCTAGTCGAGCCGTCTCTA,78,568939
araCp,0.3698630136986301,98,72,GCTTAGTGGCCATTCTCGCA,26,570284
araCp,0.06944444444444445,75,71,CGGGGCGTGCGGCGGTCAGG,4,592586
araCp,0.7323943661971831,121,70,TCTACACACGCTGTTGCGGT,51,533607
araCp,0.6615384615384615,106,64,AGGAGGACTCAAAGAAGAGT,42,568629
araCp,1.046875,129,63,AACAAGGTCAGCCGCCAGAT,66,540463
araCp,1.3387096774193548,143,61,CCAGGATATGGACCGTCGAA,82,538242
araCp,0.6721311475409836,100,60,TTCTAACGGCGCTTGGGCCA,40,533455
araCp,0.9180327868852459,115,60,ATTCATGCCTGAGTCAGCGA,55,559802
araCp,2.3,196,59,TTATCCATTTCCTGCAATTT,137,525667
araCp,0.43333333333333335,84,59,CTCTGGATCATTTATTGACT,25,587221
araCp,0.23333333333333334,72,59,CGGGGTGTAGTACCAGTCTT,13,570389
araCp,2.0,175,58,TTGGATATACCAACACCAAG,117,571619
araCp,0.5423728813559322,89,58,TCTGGTACGATGCCCTCTTT,31,526390
araCp,0.711864406779661,99,58,GTGGCGTACCTGTCCCATGT,41,526924
araCp,0.3389830508474576,77,58,GACATGATACGGCGCGTGGA,19,526366
araCp,0.559322033898305,90,58,CTTCGAAGCAACTTGTCAGT,32,554400
araCp,0.3050847457627119,75,58,AATAGGGTGGCAGTGATCGA,17,583567
araCp,1.3793103448275863,136,57,TGAAGGGCAATTAACTTGTG,79,533095
araCp,1.0172413793103448,115,57,AGAGTCACCGAATGTGAGTT,58,539024
araCp,1.0,112,56,CGCTCCACCGTGGACGCGGT,56,552357
araCp,0.6964285714285714,93,55,TACGGGGGAAGTAGGCTAAT,38,560977
araCp,0.14285714285714285,62,55,AAAGCAACACGTTAAACGAA,7,525529
araCp,0.7818181818181819,96,54,TGCTATATTCATAACGTTCT,42,533166
araCp,2.690909090909091,201,54,CGTTCATGGAACAGGTCACA,147,576465
araCp,0.7090909090909091,92,54,CACACAAGTAGGCCGAATTG,38,540165
araCp,0.21818181818181817,65,54,ATACTTATCGACAATATCTG,11,563708
araCp,1.8888888888888888,154,53,GTAGGTGCGGGCGGAAATAC,101,526316
araCp,0.2037037037037037,63,53,GAGTCTGAGCGTGTCATTTA,10,561992
araCp,0.12962962962962962,59,53,CGGAAAGTATAATTGCTCTA,6,554468
araCp,0.3333333333333333,70,53,CAGAGTTCAGTTTCTGCTGA,17,525882
araCp,0.13725490196078433,56,50,TCTGTGGTCGTGGTTGAGGT,6,542260
araCp,1.0,100,50,GGTAACTCTTTTGCTTTCTC,50,587924
araCp,2.6862745098039214,186,50,CCTGTGAGTCAGGCATGAGA,136,541304
araCp,0.1568627450980392,57,50,CCGACTGTATACCGGGTACG,7,536067
araCp,0.43137254901960786,71,50,ACGGCATCCCCTGGTGCAAC,21,544697
araCp,0.38,67,49,CTTCAGTTACACTTTTACCA,18,584891
araCp,0.16326530612244897,55,48,TAGAGCGGTCTCGAGGGGCA,7,577929
araCp,0.32653061224489793,63,48,GCAAGGGATGGAGGGCTGTG,15,553198
araCp,0.8571428571428571,89,48,CACGTGGCCGGTTGGGCTAC,41,583678
araCp,0.6326530612244898,78,48,ACGGCGTAGGGTTAGAATGA,30,576658
araCp,0.7083333333333334,80,47,TGCATGGTGCGGAATCGATA,33,545308
araCp,1.9583333333333333,140,47,TGCATATTGCGCTGTTGTCT,93,546051
araCp,0.75,82,47,GACCTCATTTTTCTAATTAA,35,554712
araCp,0.4791666666666667,69,47,CTACGGGACCGGCATCCAAG,22,571212
araCp,0.20833333333333334,56,47,CGTCCAATTCCGCGAAGGAA,9,581501
araCp,0.3541666666666667,63,47,CGGCGGATTTAAATACCCTT,16,538897
araCp,0.7708333333333334,83,47,AAGGGACATAGCTTCAGAAA,36,565658
araCp,1.3617021276595744,109,46,GTCTGGATGATTTTCGTACA,63,568066
araCp,1.0425531914893618,94,46,GCACCGATAATGATTATCTT,48,526596
araCp,0.48936170212765956,68,46,CCAAGCATCAAGTCTCATCT,22,548163
araCp,0.5652173913043478,70,45,TTGCCTCTGTTTAGGAAGTT,25,584037
araCp,0.5652173913043478,70,45,GCTGTGTTAAGGAATTTCGA,25,592532
araCp,1.1304347826086956,96,45,GCCGGGATCTTTCTCACAAG,51,575633
araCp,0.34782608695652173,60,45,GAACATGGAGAAGCTCTCCT,15,527224
araCp,0.34782608695652173,60,45,CTATAGCTTCAAGGAATATA,15,527603
araCp,0.8913043478260869,85,45,CCGTGTCAGTGCACGACGCT,40,589994
araCp,1.5217391304347827,114,45,CCCCTGGCGTGTTCCGCCTT,69,560618
araCp,0.782608695652174,80,45,CAGACCACATCCTGGAACAT,35,577394
araCp,0.9777777777777777,87,44,TGTCGCGGCCCCAAAATGAT,43,556728
araCp,0.08888888888888889,47,44,TACTAGGCCACCTGGAGTCA,3,589745
araCp,1.488888888888889,110,44,GAGGCCAGGGACGCAGGTGG,66,536322
araCp,0.4888888888888889,65,44,CAGTTCGTGGGATCAGGAAA,21,536317
araCp,0.5909090909090909,68,43,TTACTGCCCCATAGAGCAAT,25,528212
araCp,0.25,53,43,TGGACGAGCCTAAATGTTCG,10,552240
araCp,0.9772727272727273,85,43,TCTAGCGTAATTACGAAAAA,42,568678
araCp,0.8863636363636364,81,43,TCCCGTTGTTCCACGGCGGT,38,550486
araCp,1.2272727272727273,96,43,TCAGCCTTCGATCCCGCTGC,53,538207
araCp,0.8863636363636364,81,43,TACCCACGGGGACGCTTCGT,38,597349
araCp,0.20454545454545456,51,43,GGTTGAATACCACAGCTTCC,8,578314
araCp,1.9545454545454546,128,43,CTGTTGGGTGTAAGCGGGGT,85,545803
araCp,0.18181818181818182,50,43,CGCGTTGAGATTGTCTGGTG,7,591706
araCp,1.6046511627906976,110,42,GTACCTCCCGGACCTTATGT,68,526317
araCp,0.7209302325581395,72,42,GCGTTGTCGAGCCAAAAGCC,30,526319
araCp,0.3953488372093023,58,42,GATAACATCCTTAGTTTCCT,16,572418
araCp,0.9069767441860465,80,42,CTATGAGAGCGAGAATCCTA,38,596869
araCp,0.4883720930232558,62,42,CTAGTTTTTCGTTGTGGTTG,20,534287
araCp,0.37209302325581395,57,42,CGTGTCGCGAACTCGATTTG,15,546257
araCp,0.627906976744186,68,42,ATCAGACTAATCTACTAGAA,26,568357
araCp,1.186046511627907,92,42,ACGGATATGCCAGGTGGCAT,50,557411
araCp,2.0952380952380953,128,41,TGTGCCACTTAGTTACAGCT,87,537676
araCp,1.6666666666666667,110,41,TGATGAGGCTATTCCAAGTG,69,588658
araCp,0.5476190476190477,63,41,GCTACTTACTCCGGATAAAC,22,558616
araCp,0.5952380952380952,65,41,GAAGATTCGTTAATCGTCGC,24,577927
araCp,1.6428571428571428,109,41,CCCCTCGATTTTTATTTAAG,68,532544
araCp,0.7142857142857143,70,41,CCCCTCAGAACGAGCTACAG,29,570078
araCp,0.5,61,41,CCCCAGTTCCGAAACAGGGA,20,548686
araCp,0.40476190476190477,57,41,CAAGATGATACGTCATCAAA,16,577104
araCp,0.7857142857142857,73,41,ATTGCATGGTAGATGAGGAA,32,556260
araCp,0.9523809523809523,80,41,ATGACTTTCAATATTTACGA,39,540466
araCp,0.5952380952380952,65,41,AGACATTGCTCCTAGCATGT,24,593711
araCp,0.6829268292682927,67,40,TTTGTATTCGCTGAATCCAC,27,531543
araCp,0.07317073170731707,42,40,TGCCCCCGTTAGCTGTGGGT,2,575739
araCp,0.9024390243902439,76,40,TGAACGAAGTATTGGCGCTT,36,570970
araCp,2.731707317073171,151,40,TCGCGGGCCACTGCCCTAAG,111,557120
araCp,0.17073170731707318,46,40,GTTGGCTATTGCGCATTCGA,6,563712
araCp,0.2682926829268293,50,40,GTCTATAAATTGTCTCGTCT,10,584969
araCp,0.7804878048780488,71,40,GTATCTTCCCCGCGGGCGTG,31,547086
araCp,0.926829268292683,77,40,GTAGCGTACTGATGGGTTTA,37,568529
araCp,0.7317073170731707,69,40,GCAAATACAGTCCTCCACTT,29,572849
araCp,0.2926829268292683,51,40,CTTGTAAGTCGTGGAGTGCG,11,557427
araCp,0.8048780487804879,72,40,CTGCGTAGTCGATGGTGCTG,32,538425
araCp,0.8292682926829268,73,40,CGCTAGCATTTCTCGGGGAT,33,572727
araCp,0.2926829268292683,51,40,AGGAGTACACACACAGGGAG,11,542492
araCp,1.175,85,39,TTTCAGTCATGCTTCTGGCG,46,529715
araCp,1.625,103,39,TAGCCTGCCAATTGGGGAAA,64,529317
araCp,0.8,70,39,GGCTGGTCGAACGGTTCACT,31,535619
araCp,1.525,99,39,GCGGTCTTACCGACATCTTT,60,561249
araCp,0.6,62,39,GCATCAAGGCCGTGGGCGAA,23,592483
araCp,0.375,53,39,GCAATCTGCCCCTATGGCGC,14,579631
araCp,1.0,78,39,CTCGGGCGTTTTTGTAATCT,39,530826
araCp,0.725,67,39,CGGCATATGCCTGGCGGATA,28,532287
araCp,1.325,91,39,CACCTTACCCTGTGCACATT,52,544204
araCp,0.4,54,39,AGTCTGAGCGTAGTTTGTAA,15,535614
araCp,3.0256410256410255,155,38,TTTCGGGCTAAGATTCATAT,117,541935
araCp,0.9487179487179487,74,38,TTACGACCAACCACAGGGTA,36,589457
araCp,0.9230769230769231,73,38,TGCCTTCGAACCAGGTTCAT,35,542584
araCp,0.6410256410256411,62,38,TGATGACAGCGAGCGGTTAC,24,599008
araCp,0.8461538461538461,70,38,TCCAATCCCCTGGGTCAAAT,32,542899
araCp,0.358974358974359,51,38,GGGCAGCAGCGCTCTTATAG,13,538324
araCp,0.5897435897435898,60,38,GATCCGTGGACAGCCGGTAC,22,548348
araCp,0.9487179487179487,74,38,AGGTCCAGGCTACGGTGGCT,36,537704
araCp,0.18421052631578946,43,37,TTGACCGTCGTCAAGACTTT,6,543448
araCp,0.631578947368421,60,37,TTCAATATGATTCAATTTTG,23,527015
araCp,0.2894736842105263,47,37,TGTTTAATATGGTCCTCGAG,10,592624
araCp,0.3684210526315789,50,37,TCTGAGTAATACGAAACATG,13,528319
araCp,0.6578947368421053,61,37,TCAATACTTCTAGACGATAA,24,543109
araCp,0.3157894736842105,48,37,GGGCGAGGAACGCGAGTCGT,11,572730
araCp,0.5263157894736842,56,37,GAACCCCCAGACCCAGTAGA,19,567228
araCp,0.7105263157894737,63,37,CGGTTTTATGTCCCAAGCCT,26,576939
araCp,0.9736842105263158,73,37,CGCTTGCGTGCGAGCATGAT,36,530874
araCp,0.9473684210526315,72,37,CCCGTAGGAGCCGAAACTGT,35,600668
araCp,0.8421052631578947,68,37,CAGTAAGAGACAAAACTCAT,31,570500
araCp,2.263157894736842,122,37,AGCCAGGATAGTAGGGCTAG,85,558745
araCp,1.9189189189189189,106,36,TTCGCTTCCCTAAGGCGCTC,70,528654
araCp,1.1891891891891893,79,36,TGGTCCAACGTATCGCTTCT,43,554053
araCp,0.8378378378378378,66,36,TCAGACAGCCATCATCTAGA,30,531232
araCp,0.4864864864864865,53,36,TATGAGAGCGCCAGCGCTTT,17,569337
araCp,0.5675675675675675,56,36,GTCCCCAAGCTATAAGAGGT,20,571304
araCp,1.162162162162162,78,36,GCTCCCGGAATAGAGGGTGT,42,578940
araCp,0.5675675675675675,56,36,GCGGTCACCACGCAAAACCA,20,539443
araCp,0.40540540540540543,50,36,CTAAAAGAGTTAGATTTGAA,14,549349
araCp,1.135135135135135,77,36,CCATGCTGGTGGCGGATACT,41,548578
araCp,0.5945945945945946,57,36,CAGACTCATGAGCCCAAGCA,21,565656
araCp,0.5675675675675675,56,36,ATTTAACTCGCAACGCACAG,20,583179
araCp,0.2972972972972973,46,36,ATTGTACTCGAGGCACCCGT,10,528161
araCp,0.5405405405405406,55,36,ATCCAAAGTGACAGGGCGCT,19,561678
araCp,1.162162162162162,78,36,ACGCGAATGGGCCTGCTTTA,42,544444
araCp,0.6388888888888888,57,35,TTGCTTGGGAGCTGCGTATC,22,528207
araCp,0.19444444444444445,41,35,TTAAATCAAGTGCATTGACG,6,541716
araCp,0.5833333333333334,55,35,TGCGATATGAGGCTATTTCG,20,580574
araCp,0.7777777777777778,62,35,TCGGAGATTGATTCTCTCGT,27,531035
araCp,0.7222222222222222,60,35,TCACTGTTGGGCGGGAATAT,25,541337
araCp,0.4444444444444444,50,35,TCAAAGGCGGAAACTTAAGA,15,550106
araCp,0.5555555555555556,54,35,TACTCTATAGGCATACTGAA,19,529968
araCp,0.1388888888888889,39,35,GTTTGGGCACGTTGCGAGAA,4,555137
araCp,0.9722222222222222,69,35,GTTCTACCCCCGGTCCTTTA,34,541096
araCp,4.555555555555555,198,35,CTTAAATGCGACGGAAGGAG,163,546841
araCp,0.8888888888888888,66,35,CTGGGAATGGTTCTGTACTC,31,602186
araCp,0.6388888888888888,57,35,CTGCAGATGAGGCGTACGTG,22,588959
araCp,0.8055555555555556,63,35,CGTTCGCATGCCCTCCGAAG,28,574493
araCp,0.5555555555555556,54,35,CGCAGCCTGTGGCGCCGCTA,19,529492
araCp,1.6944444444444444,95,35,CCACGAGTACTGGACAAGAA,60,525954
araCp,0.6666666666666666,58,35,ATGCCAGCTCCCTTTCCAAT,23,540481
araCp,0.4166666666666667,49,35,ATACACGCGTGGATGTCTCT,14,595051
araCp,0.3611111111111111,47,35,ACGGCTAAAGTAGTTCCGGA,12,546384
araCp,0.4166666666666667,49,35,ACAAGCGAACAGCATGGAAA,14,588255
araCp,1.4,82,34,TTTTGAGCAATATCCACGCA,48,551853
araCp,1.3428571428571427,80,34,TTCGCTCCAAGAGGATGCGA,46,565107
araCp,1.2,75,34,TCACGATTTCATGATCGCGA,41,576518
araCp,1.9428571428571428,101,34,TATCGAGGACGCTTGCATTA,67,548652
araCp,0.9714285714285714,67,34,TACTTATTGACTACGATCAG,33,531071
araCp,0.8,61,34,GCTATCGAGGTGTTGCCGCT,27,529143
araCp,0.4,47,34,GCACGGATGGGTCAAGTTTT,13,537705
araCp,1.8857142857142857,99,34,CTCAGGATCTTACTGCCCGT,65,546784
araCp,0.4,47,34,CGGGAATTTCTCCGAAAACA,13,557917
araCp,0.34285714285714286,45,34,CATGCATAAGGTCTTGGGTA,11,533340
araCp,1.1428571428571428,73,34,ATGCATAGGCCTGGACATCG,39,540943
araCp,0.42857142857142855,48,34,AGAGAACCAGAGCTGGGAAA,14,558174
araCp,1.542857142857143,87,34,ACTCGCCCTCCAATTTCAGC,53,568480
araCp,1.1142857142857143,72,34,ACCTTCAACGTGAGGTAGAA,38,588133
araCp,0.4,47,34,AACCAGGGGGTCCTACCCTA,13,558919
araCp,0.14285714285714285,38,34,AAACACTACACCTATACTTA,4,527043
araCp,0.3235294117647059,43,33,TGGTAGGAGGGTATTGCGTA,10,537022
araCp,1.0294117647058822,67,33,TGCGCGACCTTATAGGGTTA,34,552108
araCp,0.6764705882352942,55,33,TGACGGGGGTTTCCCGACAT,22,550374
araCp,0.11764705882352941,36,33,TCCAGCAAAGTTCCCTGGCT,3,552396
araCp,1.6470588235294117,88,33,TACTTCTATTCAGTCTTGAA,55,597534
araCp,0.7352941176470589,57,33,GTTTCCGTACCGATGGGTAC,24,600308
araCp,0.058823529411764705,34,33,GGGTTCCGGGAAGGGCGCAG,1,545307
araCp,0.6176470588235294,53,33,GACTTGATACCCTGGATCAC,20,526857
araCp,0.7941176470588235,59,33,CGTGAATGAGCGTACGGGCT,26,598923
araCp,4.4411764705882355,183,33,CGTATGCCATCAGTTTATGA,150,572532
araCp,1.088235294117647,69,33,CGGCGCTACACGGCTTGGGA,36,535454
araCp,0.29411764705882354,42,33,CGACCCTGAAGAGTCAACCT,9,535939
araCp,3.3529411764705883,146,33,CCTTCAATGATGCAATTGCT,113,528926
araCp,0.5,49,33,CCGTATGGATCCGTTACCCG,16,570573
araCp,0.35294117647058826,44,33,CCACAGCTTTGATAAACAAA,11,525737
araCp,3.1176470588235294,138,33,CAGCGCGATCACGTTCACGT,105,543960
araCp,1.9411764705882353,98,33,CACCCGACTAGAAAAGAACT,65,600388
araCp,0.058823529411764705,34,33,CAATGCGGCCGCCGGGGAAC,1,527010
araCp,0.8235294117647058,60,33,ATGTGGACAGAGATTCTCCA,27,526864
araCp,0.35294117647058826,44,33,ATGTACTGCTCGTTCTAACT,11,527288
araCp,24.470588235294116,864,33,ATGCTTATCATCATGAGCTG,831,534606
araCp,3.4411764705882355,149,33,ATGAAGATAGACAGTATCTT,116,538130
araCp,1.0,66,33,ATCTACTAATGCGATCTGGC,33,543144
araCp,0.5588235294117647,51,33,AGCTCTGCTGTTCTAGAGTG,18,531127
araCp,0.7647058823529411,58,33,AGATGTCTTACAGAAGGACT,25,539649
araCp,0.35294117647058826,44,33,AGATCCGGTTAGATGCAGCG,11,554938
araCp,2.0,100,33,ACCATTTGTGATTACACACA,67,525566
araCp,1.7575757575757576,89,32,TTTCGCTCCTCCGAGGCCGT,57,529721
araCp,0.7878787878787878,57,32,TTCTCCGCTAACCGCTTAGA,25,588584
araCp,0.8181818181818182,58,32,TTATGCATGCAGAGGACATT,26,558690
araCp,1.4242424242424243,78,32,TATGAGGCATCCAGGATGCT,46,571252
araCp,0.5757575757575758,50,32,TAACTAAAGCTTTTGGGCGT,18,599363
araCp,0.7575757575757576,56,32,GTTGAGCCGGACCGAGTAGA,24,549532
araCp,0.8181818181818182,58,32,GCTCCGGCCGTGGGACGTAT,26,599105
araCp,0.8484848484848485,59,32,GCTCATTCGGTCTGGTAAGC,27,540105
araCp,0.3939393939393939,44,32,GACTCCGGCGGAGAATGAAT,12,530875
araCp,0.3333333333333333,42,32,CTGCATCAGCGCGCTGTAGG,10,538079
araCp,1.303030303030303,74,32,CCCGCGTGTTGCCGCAATTA,42,578657
araCp,2.6666666666666665,119,32,CATCTGGTATCCCACAGAAT,87,570740
araCp,0.5151515151515151,48,32,CAGCGACACACACGACCCAT,16,578789
araCp,1.1818181818181819,70,32,CAGCCCGCTATATTGAAGGT,38,530503
araCp,0.7272727272727273,55,32,CAGCCACATTCGCAACTCGC,23,532604
araCp,0.8484848484848485,59,32,CAAAGGTCTGCAGTCATTAG,27,544947
araCp,0.42424242424242425,45,32,ATGAGGAGCTAAAGTGGACA,13,576659
araCp,0.48484848484848486,47,32,AGTTTCAAGGGGGAATCGGC,15,566265
araCp,0.42424242424242425,45,32,ACATTTGCGGTGGCTTGCCT,13,584083
araCp,0.9393939393939394,62,32,ACAGTATGCGGCCTCAGGTG,30,573067
araCp,0.5454545454545454,49,32,ACACATTGGGTATCATAGAT,17,575437
araCp,0.7272727272727273,55,32,AACATCCTGCAGACACAGAT,23,549395
araCp,0.5,46,31,TTTAACCCGCTGGGGGGACA,15,538641
araCp,0.5,46,31,TCGAGCGGAGCTGATCGGTT,15,569115
araCp,1.21875,69,31,TCATAGAACCGGAGAGATGG,38,530445
araCp,0.09375,33,31,TCACAATGCAATCGATCTAT,2,569679
araCp,0.0625,32,31,TATAGGCTTAGCCATTTCTG,1,556937
araCp,0.6875,52,31,TATAAAGGATTACGGGTCTA,21,587053
araCp,0.4375,44,31,TACGTGTGGTGTGAGTTAGA,13,567749
araCp,0.6875,52,31,TACCCTGATTGTTTTGTTGT,21,542439
araCp,0.1875,36,31,GTGTACGTGCGCCACAAGTT,5,584830
araCp,1.5625,80,31,GGGTAAGTGGACTACCCAAA,49,569494
araCp,0.5625,48,31,GGCTGTTTCGCACCTATGAC,17,537547
araCp,0.875,58,31,GGCGGTGTGGGCATCCGTAT,27,574324
araCp,0.21875,37,31,GGCCGTCATTTTTTGCACGC,6,559107
araCp,0.75,54,31,GGCCCCGCGTGTGAGAGCGT,23,552608
araCp,0.9375,60,31,GCCTCACGATGAAGTCTAAT,29,598530
araCp,1.0,62,31,GCCCCGCGCCGCATTGCGGA,31,529012
araCp,0.59375,49,31,GCAGCGAGCGAGTGCTGTAT,18,570387
araCp,0.5625,48,31,GATGGGACATTCAATTGTGA,17,596868
araCp,0.40625,43,31,GACCACCGGTTTCGGCCAAC,12,566215
araCp,2.09375,97,31,CTTAAGTGTGGGGGCAACGA,66,565497
araCp,4.3125,168,31,CGTGAATTGGTACATGTAAA,137,546840
araCp,1.21875,69,31,CGTATGTGTGCCTAGCCCGT,38,549768
araCp,0.3125,40,31,CGAATCGTTGCGCTGCGAGA,9,540335
araCp,1.59375,81,31,CCTGCGACGTCACTTCGGGA,50,573432
araCp,0.25,38,31,CCCGTGTCTTTTGGGTATAA,7,560326
araCp,0.5625,48,31,CAGACCCGTACCCGCCGGGT,17,545395
araCp,6.71875,245,31,CAAGTAAAGGAAGGCACTCA,214,562384
araCp,4.375,170,31,ATTGAGTTTGCACCTCCAGA,139,580143
araCp,0.53125,47,31,ATGTAATACCGGGCTCTAGA,16,544699
araCp,0.84375,57,31,ATCTCCGTAAATCCGGTTAG,26,532854
araCp,0.21875,37,31,AGTCCAGACACCCCTGGGCA,6,531962
araCp,3.25,134,31,ACTGATTCCCGTCGTCGCCA,103,530671
araCp,0.625,50,31,ACTAAAGCAATCCCTTATTG,19,542357
araCp,0.4375,44,31,ACGGCACAGACCACACGCAG,13,538478
araCp,0.625,50,31,AATGCACATACATCTGGGAT,19,562725
araCp,0.59375,49,31,AAGGTCGGCGCACGGTTTGT,18,596829
araCp,0.3548387096774194,40,30,TGGCCGGGCTACTTGTCGGT,10,578788
araCp,1.0,60,30,TCGATAACCCTAAACGTTGA,30,528125
araCp,1.096774193548387,63,30,TCCGAGGCTCTCGTCCCGGA,33,555883
araCp,0.967741935483871,59,30,TCCAGTGAGATCCCGCTGTG,29,531865
araCp,4.838709677419355,179,30,TCAGAGCCATCGTCGCACAT,149,579159
araCp,0.12903225806451613,33,30,TCAAGTACCATCTGTTAAAG,3,565332
araCp,0.6774193548387096,50,30,TATTGAGTCCCCAGCGAGGA,20,569835
araCp,0.3870967741935484,41,30,TATCGAGGTCGCACCGTTGT,11,587304
araCp,0.7419354838709677,52,30,TAGGAGACCAGTTTCTCGTA,22,579697
araCp,1.1935483870967742,66,30,GTATCGTTCGGATGGAGAGC,36,588408
araCp,0.8064516129032258,54,30,GGGCTATTCGCTCTACACCA,24,554089
araCp,0.9032258064516129,57,30,GGCCGGGATGATAACCCCGT,27,573483
araCp,0.16129032258064516,34,30,GGACCGGCGCTTGTAGAAGT,4,600420
araCp,1.096774193548387,63,30,GCTTATGAAGCGCCCTGTAC,33,532423
araCp,0.6451612903225806,49,30,GACGTCGGGAGGCATCCAAC,19,526988
araCp,0.6451612903225806,49,30,CTTATTTCACTCAACCCAAT,19,582959
araCp,0.5806451612903226,47,30,CTGCCCCGTGGATAATGAAG,17,581048
araCp,1.4516129032258065,74,30,CTATTCAGTGTGCAACTATA,44,574931
araCp,0.8709677419354839,56,30,CGCCGAGCTGAGTAACGATG,26,568761
araCp,0.5806451612903226,47,30,CGAGTCACGTATACTGTGTT,17,532798
araCp,2.4838709677419355,106,30,CCTGTTGGCTCGCAGTTTTA,76,557805
araCp,3.0,122,30,CCTGGACGTTCGATTGAAAA,92,552815
araCp,0.4838709677419355,44,30,CCGGAGACTAGGAGCAAGTG,14,563907
araCp,1.2903225806451613,69,30,CCGAGGCCATACGGACGTCG,39,555884
araCp,0.3548387096774194,40,30,CATGATGCAATAGAACGGCT,10,534542
araCp,6.935483870967742,244,30,CAGACTGATGACCGAAGTCA,214,539874
araCp,0.5161290322580645,45,30,CAACGATAATGTGGTTGGAT,15,545889
araCp,0.5806451612903226,47,30,ATGTGATTGGGGACTTTATC,17,564531
araCp,2.7096774193548385,113,30,ATCTCTTGAGGCAAGCTGTA,83,541479
araCp,0.6129032258064516,48,30,ATCGGCCTCTCTACATTTAG,18,538797
araCp,4.387096774193548,165,30,ATAAGAGAGTACCACCTCAT,135,584621
araCp,1.6129032258064515,79,30,AGACATCGGGCCATCAGGCG,49,586041
araCp,0.41935483870967744,42,30,ACGGTCCGTGGGTACTGGAA,12,531482
araCp,0.06451612903225806,31,30,AACTGGGAACATGGGCGATA,1,554711
araCp,0.7419354838709677,52,30,AAATCAATATACATACACGG,22,533927
araCp,0.12903225806451613,33,30,AAAGCACTGTCCTTTTTGTA,3,554676
araCp,0.23333333333333334,35,29,TTGTTGTCTGTCACAGTTGT,6,537325
araCp,1.9666666666666666,87,29,TTGCTCGCTCGTCAATAGAT,58,560332
araCp,1.4666666666666666,72,29,TTCGAAATCAATGCATACGC,43,591301
araCp,0.9,55,29,TGTAGGTTCATACGTTCAGT,26,598675
araCp,0.5333333333333333,44,29,TCGTTTTTATACGTAGGCGG,15,555700
araCp,1.3666666666666667,69,29,TCGTGAAATCAACTCAGGCT,40,546949
araCp,0.26666666666666666,36,29,TCCCTTTGTGAACTCGGACT,7,548289
araCp,0.4666666666666667,42,29,TCATGCCGCTTATTGTCCCG,13,546717
araCp,0.7666666666666667,51,29,TATTCCCCGGTATATGACCA,22,552515
araCp,0.8333333333333334,53,29,TACCGATGTCTCGAGAGTCA,24,527014
araCp,0.16666666666666666,33,29,TACAGTGCACAATTTGCCGT,4,556220
araCp,0.4,40,29,GTCAGGGAGTGAAGCGGTCT,11,551243
araCp,2.3333333333333335,98,29,GGTCGGACCCACATCATAAG,69,580933
araCp,0.6333333333333333,47,29,GGGTAAGATTCCTTGTTAGT,18,545440
araCp,0.26666666666666666,36,29,GGGCAGGACTCCCGGTCGAT,7,560131
araCp,4.833333333333333,173,29,GGCGTCGCGGGACAGCTTTA,144,547366
araCp,0.3333333333333333,38,29,GCATTACGTGTTTTTCAGTA,9,543449
araCp,0.8333333333333334,53,29,GCACCAGGGTGAAGACTTTA,24,581572
araCp,1.3,67,29,GATCACCGCTCTCCCCGCAG,38,533632
araCp,0.9,55,29,GAGCACACGAGTGCGTTGGA,26,582437
araCp,2.1333333333333333,92,29,GACTAGATCAGGGAGTGCGG,63,583087
araCp,4.466666666666667,162,29,CTTTATGTTGATGATCAAAT,133,534605
araCp,0.06666666666666667,30,29,CTGAATTGCGTGCCGCGCTG,1,600136
araCp,1.0666666666666667,60,29,CTATCACTTTGGAGATCAGA,31,552810
araCp,0.8,52,29,CGTTATGTTATCGCACCGCG,23,599937
araCp,0.36666666666666664,39,29,CGTGTTAGGGCTCTGTCAAT,10,535779
araCp,0.26666666666666666,36,29,CAGTTCTCGTCCACTCAACG,7,543205
araCp,0.9,55,29,CAACGGCATTCGATAAAAGG,26,580571
araCp,1.0666666666666667,60,29,ATGTCGAAGTTCGGAATTGA,31,530666
araCp,0.6666666666666666,48,29,AGGTTTATTTGCGATCTCAC,19,599234
araCp,0.4666666666666667,42,29,AGGAACCCCTATTACTGCCA,13,528281
araCp,3.033333333333333,119,29,AGCCTTCAGCAAAGCGCGGA,90,541532
araCp,0.8666666666666667,54,29,ACTTCCGGTCCTCCTATCAC,25,577591
araCp,3.533333333333333,134,29,ACCTCCTATCCATGAGCCTT,105,593108
araCp,0.3333333333333333,38,29,AACCATAGGGGAATGTCAGG,9,545091
araCp,0.5172413793103449,42,28,TTTGGCTGAGGCGTCGGGCA,14,543979
araCp,0.9655172413793104,55,28,TTGGTGCGAGTTCTTCGGGT,27,587861
araCp,0.4482758620689655,40,28,TTGCGGATCTTCGGGCCTTT,12,540855
araCp,0.06896551724137931,29,28,TTAATGACGAGGCCAAAGTT,1,542946
araCp,1.1379310344827587,60,28,TGCGGCATCAGAATTTAAAA,32,555674
araCp,0.7931034482758621,50,28,TGATTATTTCGAGCAACAGT,22,582162
araCp,1.4827586206896552,70,28,TCGTCCGTATACCATTGTCA,42,597373
araCp,1.5517241379310345,72,28,TCCCATATCCTACCCACATC,44,564816
araCp,1.3793103448275863,67,28,TCAAGTGCTCTGTGACTACA,39,539873
araCp,0.41379310344827586,39,28,TATAGCCGCATCATTAATCG,11,594137
araCp,0.3448275862068966,37,28,GTTATATTTCCGAGGAGCGA,9,572534
araCp,0.06896551724137931,29,28,GTTAGCCGCTGGCAGTTATG,1,526852
araCp,0.5862068965517241,44,28,GTGGATTGGGAAGTCGGTCT,16,547087
araCp,0.6896551724137931,47,28,GGTACGAGGCGCCGTTAAGT,19,591688
araCp,1.206896551724138,62,28,GGGTCAAGTTGGCCCAAAGC,34,526401
araCp,0.20689655172413793,33,28,GCGTCCATGTGGCAAGAAAT,5,578136
araCp,0.5517241379310345,43,28,GCGGTCCCATGTGAGCCCCT,15,570582
araCp,0.41379310344827586,39,28,GCAGGTGAGTATGTTGTTCA,11,590621
araCp,1.5517241379310345,72,28,GCAATAGGCCATCACTTGTA,44,586983
araCp,0.5862068965517241,44,28,GCAAAAACCAGGTCTTCCCT,16,591049
araCp,2.0,85,28,GATTGCTCCTGAGGAGTGCC,57,600354
araCp,0.06896551724137931,29,28,GAGCGCCTTGTGTGACACAA,1,534079
araCp,1.7241379310344827,77,28,GAGCCTCGATCCGCGCAGTA,49,577742
araCp,0.7241379310344828,48,28,GACGCACGGCCCGCCGTGGG,20,544155
araCp,1.2413793103448276,63,28,CTTGACATACTGGTTGAACG,35,533881
araCp,3.1379310344827585,118,28,CCTCCGCACCGTGTAGATTA,90,531869
araCp,0.7586206896551724,49,28,CCGTTGGTTAATAACAAATG,21,553348
araCp,0.2413793103448276,34,28,CCACTTAGCGGCCCGATCCA,6,546908
araCp,0.4482758620689655,40,28,CATCATAGTGGTCAGTTAAA,12,528285
araCp,5.103448275862069,175,28,CATACCTCATGGTGTGCGTA,147,561545
araCp,6.206896551724138,207,28,ATTGCGGTGAATCACTTATT,179,594616
araCp,0.5862068965517241,44,28,ATTACCTTGGGCATCCAAAG,16,544897
araCp,0.13793103448275862,31,28,ATGCGCAGGGACTCTCGGGT,3,542830
araCp,1.2413793103448276,63,28,AGTCCATTTCCGCATGAATA,35,564884
araCp,1.4137931034482758,68,28,AGTAGGACTACTGATCGCAA,40,528955
araCp,0.3103448275862069,36,28,ACTGGTGCAAATCATCAGTA,8,546678
araCp,0.7586206896551724,49,28,ACGGAGAACGTGAATTTCTT,21,540654
araCp,0.6551724137931034,46,28,ACCTCATTACGCTGCCCTAA,18,526849
araCp,0.4482758620689655,40,28,ACCCCAGTGATGGATGTATG,12,570585
araCp,11.758620689655173,368,28,ACCCACTGGCATAAGGCAAG,340,560665
araCp,0.8620689655172413,52,28,ACCATTCTTACACGGAAATT,24,587380
araCp,0.4827586206896552,41,28,ACCACATAGATTTTAATCGC,13,552411
araCp,2.1379310344827585,89,28,AACTGGGAGTCATAGGCGGA,61,594334
araCp,0.6785714285714286,45,27,TTGTGCCGGCATATACCGCG,18,569375
araCp,0.07142857142857142,28,27,TTGTATTGGTTTAGCAGGCT,1,552654
araCp,2.0714285714285716,84,27,TTCAAGCAAATTTCATGGAT,57,530104
araCp,0.7857142857142857,48,27,TTAATTAACTCCCAGTCTAT,21,571219
araCp,0.4642857142857143,39,27,TGCTTCAAGTCCCACTACAA,12,595286
araCp,1.0714285714285714,56,27,TGCATGAACCTTCTAATTAG,29,576457
araCp,0.07142857142857142,28,27,TCATTTTCTAAAGTCACGTG,1,587490
araCp,0.7857142857142857,48,27,TCACGCAGTCAAAGGAGATG,21,602525
araCp,0.35714285714285715,36,27,TATGTAGAAGTGTGCTTACT,9,548287
araCp,0.5714285714285714,42,27,TAGGCACGTAGCTGGGGTAC,15,574934
araCp,0.25,33,27,GTTAGCTACATCAGCAGACC,6,537151
araCp,1.3214285714285714,63,27,GTGGTCCTATCCTTTATAAA,36,530506
araCp,0.4642857142857143,39,27,GTGATGCCGTCAAATAATGG,12,544158
araCp,2.7142857142857144,102,27,GTCTGCAACTCTTCCCCGGA,75,545135
araCp,0.8928571428571429,51,27,GTCCTTGTGCAGAGGTTCTA,24,561838
araCp,0.4642857142857143,39,27,GTATAACTCTCTCCATTTGT,12,583132
araCp,1.8928571428571428,79,27,GCGCTCGAACAACGCTTCAC,52,528485
araCp,1.7142857142857142,74,27,GCCATCTGTACCCCTTCTCA,47,543650
araCp,0.9285714285714286,52,27,GCAGGCACAGTGGGCGATCG,25,576931
araCp,3.2857142857142856,118,27,GCAGCATCCGCCTCTCCTGT,91,537665
araCp,0.17857142857142858,31,27,GATAACATTAGGCCCTCACT,4,597136
araCp,0.42857142857142855,38,27,GAAAATTAAACGAAGCCGAT,11,529686
araCp,0.75,47,27,CTTATAAAAACGTGGTAAGT,20,531610
araCp,0.5714285714285714,42,27,CTGTTAGCCCCATTCACCTT,15,560511
araCp,0.5357142857142857,41,27,CTGTCCGATGGACTGATGAC,14,546621
araCp,0.39285714285714285,37,27,CTGCACCGGAAGGTCTTCTC,10,586138
araCp,0.5357142857142857,41,27,CTCGTGCCGTACAGGGGAGT,14,579561
araCp,0.8214285714285714,49,27,CTCGAATGGGATTAACGACA,22,569112
araCp,0.7857142857142857,48,27,CTACTCCGAAGCCTCGCATT,21,567942
araCp,0.35714285714285715,36,27,CTACGTAACAAGTCAAGTGA,9,559393
araCp,0.8571428571428571,50,27,CGTCTTGTGGGAATAAATGT,23,554325
araCp,1.0,54,27,CCGTAACCAAAACTATAACT,27,569792
araCp,1.3928571428571428,65,27,CCGATTACGTTATAGCTTTG,38,591536
araCp,0.7142857142857143,46,27,CCGAACCCTCCTATGATAAT,19,577106
araCp,0.4642857142857143,39,27,CCAGTTTGAACAACAGGCAG,12,536371
araCp,0.2857142857142857,34,27,CCAACGTGCCCGTTCAATGT,7,577695
araCp,0.2857142857142857,34,27,CATAATGAGCCCTATAGGCT,7,542397
araCp,0.5357142857142857,41,27,CAGGTGCCTATATTCCACGC,14,599982
araCp,0.32142857142857145,35,27,CAAACGACGCCTGCAACGAC,8,592812
araCp,0.4642857142857143,39,27,ATTTAATGCGCGAAGTCATT,12,540687
araCp,0.07142857142857142,28,27,ATATCCTAGGCGCAAGGTGA,1,541958
araCp,1.6071428571428572,71,27,AGGGTAGGCCAAATCCATGC,44,583779
araCp,0.42857142857142855,38,27,AGGGTACTCAAGATTTATTT,11,539145
araCp,0.32142857142857145,35,27,AGGACGCTCCCGTCAGGGAT,8,538195
araCp,1.3928571428571428,65,27,AGCAGGACACGAGCTTGACG,38,532499
araCp,0.07142857142857142,28,27,ACGTAGATTATGTACTCTCT,1,562362
araCp,4.678571428571429,157,27,ACGGCATAGGGTAAGGGTGT,130,563904
araCp,0.9642857142857143,53,27,AAACCGGAAGACACTCCGTT,26,585380
araCp,0.6071428571428571,43,27,AAACAAGTTTTCTCAATCAG,16,567253
araCp,1.2962962962962963,60,26,TTGGGACGGTTCCGGGGCGG,34,544205
araCp,0.7407407407407407,45,26,TTATGAAGAGCTGAAGGTCC,19,550558
araCp,1.8148148148148149,74,26,TGGCAAGGGATACTCATGAC,48,558621
araCp,1.0,52,26,TCACTACTCAAGTCTGCGAT,26,538690
araCp,0.8148148148148148,47,26,TATGACGCAAGCATAGAAAT,21,582267
araCp,0.9259259259259259,50,26,TACAAGAGATATGTAGGCTA,24,560481
araCp,3.3703703703703702,116,26,GTGTTTCTGACTTGTGCGTA,90,553185
araCp,0.9629629629629629,51,26,GTGTGTGCGAAGGAGTTTAC,25,552876
araCp,1.9259259259259258,77,26,GTACTGGCTCTTTTTTCCAT,51,576795
araCp,1.3333333333333333,61,26,GGGTTTCCATATATGACGGT,35,539288
araCp,0.9259259259259259,50,26,GGCTTTCTCGCTAATGTCAG,24,601471
araCp,1.5925925925925926,68,26,GGCGGCCCTAGGCAGACCCG,42,550492
araCp,0.48148148148148145,38,26,GGCCAAGAACATAGCCCGTG,12,602371
araCp,0.8148148148148148,47,26,GGACCATAGCGTCGGATTAA,21,562328
araCp,0.2962962962962963,33,26,GCTTTTCCTACGCTACTTAA,7,558527
araCp,1.7037037037037037,71,26,GCTAGAGCGTAGAAGGTTCA,45,572566
araCp,0.1111111111111111,28,26,GCGTGCGACCGGCAAGGCCC,2,547591
araCp,0.7407407407407407,45,26,GCGCAGGTGGCTTGACCCGT,19,572164
araCp,1.4074074074074074,63,26,GCGACTAAAAAGACTGAGTT,37,577020
araCp,2.4074074074074074,90,26,GATCCACGTTAATCGGTTGC,64,576464
araCp,0.37037037037037035,35,26,GAGGGGGAATCGTCTATACG,9,551816
araCp,1.4074074074074074,63,26,GAGACGGCAAAGCCTCGCTG,37,567939
araCp,0.5555555555555556,40,26,GAACTACCGCTGGTCCAAAT,14,536004
araCp,1.1851851851851851,57,26,CTGGTACCTTTGTGTCTCGC,31,559381
araCp,6.777777777777778,208,26,CTGAGGCTCCGAATAGAACG,182,552553
araCp,0.6666666666666666,43,26,CTCTATCTGAAGTAGTTCCA,17,598940
araCp,0.8148148148148148,47,26,CGCGTTGAAGTGACAGCGAC,21,558903
araCp,4.62962962962963,150,26,CGCGACGGTTGCGAAAACTC,124,585528
araCp,1.3703703703703705,62,26,CGCACTGTTCCCGAGCGACA,36,542613
araCp,0.5185185185185185,39,26,CGATACGGATCTTTGTCGGC,13,575941
araCp,1.2222222222222223,58,26,CATTTTGCAAGTAGCATGTT,32,545975
araCp,0.7777777777777778,46,26,CATGGGAACCCTCGTACTAT,20,574901
araCp,1.4814814814814814,65,26,CAGTCTGTGGGATTGACTCA,39,563910
araCp,0.3333333333333333,34,26,CAGGTACGTACTTGCTTCGT,8,555498
araCp,0.6296296296296297,42,26,CACCCTGGCTTTAGAGGGGT,16,535453
araCp,0.8888888888888888,49,26,CACACCTATCGCTGTCCTCA,23,548080
araCp,0.8888888888888888,49,26,CAATGAACGAGTATTCGAGT,23,553391
araCp,5.703703703703703,179,26,CAAGAAGCGACAGTTACAGA,153,573523
araCp,0.4074074074074074,36,26,ATTGAGGGAGCCAATATAAA,10,529832
araCp,1.4814814814814814,65,26,ATTACCGTGCCCTGCTCGAA,39,541334
araCp,0.7777777777777778,46,26,ATCGCATAAGGGCGCGCTAA,20,551517
araCp,0.48148148148148145,38,26,AGCAAGTGGTAGGTGGGATA,12,557807
araCp,0.5185185185185185,39,26,AGACGAAAAAGCTTCGTATA,13,556855
araCp,1.2222222222222223,58,26,AGACCGGCACCAATGGAAAA,32,595597
araCp,1.6296296296296295,69,26,ACGCCATGTCGGCCGGTCTA,43,537041
araCp,6.37037037037037,197,26,ACGACCGGAGCTCCGGTGAT,171,531324
araCp,7.148148148148148,218,26,ACCTGCGACACGGCTTGTAT,192,579910
araCp,5.888888888888889,184,26,ACCGAGTGTTGACTCAGGAT,158,529177
araCp,0.8518518518518519,48,26,ACCACATGAGTCAGATCGTG,22,557341
araCp,1.1851851851851851,57,26,ACACTGAGGAGGCGAGTCTC,31,554410
araCp,0.4444444444444444,37,26,AATTGGTTGTGTGGTATTTA,11,572758
araCp,1.1111111111111112,55,26,AATGTTCGCACATCTGGATA,29,549231
araCp,0.7692307692307693,44,25,TTCCCTGACTTCACGCCCTC,19,559953
araCp,0.5384615384615384,38,25,TTATGAGTCAATTGAGGGTT,13,549174
araCp,0.11538461538461539,27,25,TGTACTTATACCTACAGACC,2,587901
araCp,1.0769230769230769,52,25,TGCGGCCCCACTTATGAAGA,27,562522
araCp,1.1153846153846154,53,25,TGCCGTTACGCCTTGCCCGA,28,537488
araCp,0.5384615384615384,38,25,TGCACCCCAGTTACGTTACT,13,540793
araCp,0.5384615384615384,38,25,TCGATTATTACATGCCCAGT,13,603234
araCp,0.7692307692307693,44,25,TATTAAGCCATGTGATACTT,19,535140
araCp,0.3076923076923077,32,25,TATGTAGTATTGGAAGTGGT,7,593706
araCp,4.346153846153846,137,25,TAGACAAAAAGCAGCGATCT,112,555348
araCp,1.5,63,25,TACGGATAGACCACCTCATT,38,528280
araCp,0.5,37,25,GTGTATCTTGGATGTGGTAT,12,536964
araCp,0.6538461538461539,41,25,GTGGTGTCCTTTTTGACTGA,16,535941
araCp,0.07692307692307693,26,25,GTGGGAGTGAAACATCGGTC,1,538691
araCp,1.1923076923076923,55,25,GTGGCGGACTTTTGGTCCCT,30,573959
araCp,0.8076923076923077,45,25,GGTGCTATATGCCCCTTTAA,20,557422
araCp,0.8076923076923077,45,25,GGTCGTTTCCAGGGGGATTA,20,539103
araCp,0.8076923076923077,45,25,GGCTCTGCATGCCCTGAGAA,20,536409
araCp,1.5769230769230769,65,25,GGAAGGTTTCGAGGTGTATG,40,586651
araCp,0.9230769230769231,48,25,GGAACTCGTGAACACTCTAG,23,572424
araCp,0.9230769230769231,48,25,GCGCATAAGCTTGGCATAAT,23,593954
araCp,0.7307692307692307,43,25,GCCCAGAAGCCACCTTAACA,18,584967
araCp,0.8076923076923077,45,25,GCAGACTTCAGCGCCCCTAA,20,564193
araCp,1.1923076923076923,55,25,GATTTACCAATTACGTAATT,30,564343
araCp,0.9230769230769231,48,25,GAGGTGCCCCTCGGGTCATC,23,577273
araCp,0.07692307692307693,26,25,CTGGGCATCGCAGGGAGCAT,1,567558
araCp,2.0,76,25,CTGGAGGCTCGGGACGAAAG,51,595253
araCp,2.9615384615384617,101,25,CTACCGTCAGTACCGGTCTT,76,582659
araCp,0.8846153846153846,47,25,CGTTTTTTAAATGTAATCCA,22,565177
araCp,0.4230769230769231,35,25,CGTTCTCCTCACTTGACGCC,10,580674
araCp,0.5384615384615384,38,25,CGTGGAAACTCATATAAAAG,13,573167
araCp,0.07692307692307693,26,25,CGTGAGGAATCTAGGAGCTG,1,579884
araCp,0.2692307692307692,31,25,CGTCCTACTTAGAAACATCT,6,543321
araCp,0.46153846153846156,36,25,CGGGGATACACATTCTGCGT,11,597839
araCp,2.5384615384615383,90,25,CGCTGGCCCTACTAAGCGTG,65,530108
araCp,1.8461538461538463,72,25,CGCTAGGGTAGCTTCAGGTT,47,584402
araCp,0.5,37,25,CGCGGGAACAGTTCGATCCT,12,595842
araCp,0.8076923076923077,45,25,CGAGTACTCAGGTCACGTCA,20,582303
araCp,0.15384615384615385,28,25,CCATCCTCGGATACTCAGCT,3,551126
araCp,1.0384615384615385,51,25,CAGAATCCATGATTTGGTAT,26,553984
araCp,0.3076923076923077,32,25,CACAGTTCCGTCCTCATCAG,7,530231
araCp,1.7692307692307692,70,25,ATCTCGACCCTGCAAAGTCA,45,533165
araCp,0.6153846153846154,40,25,ATCCGCAAAGAGGCTGAACA,15,529490
araCp,3.5384615384615383,116,25,AGAATAGAGTTTCCCCTTTT,91,545508
araCp,0.5,37,25,ACTTGAGACCAGCTGGCAGT,12,574698
araCp,0.9615384615384616,49,25,ACCTTCAAAGACTAACCACA,24,561923
araCp,0.2692307692307692,31,25,ACCGCAATATCTAACCTTAA,6,534005
araCp,1.2692307692307692,57,25,ACATACATCACCTGATTGAA,32,570472
araCp,1.1923076923076923,55,25,AAGGTCGCCTAACATGGATT,30,531867
araCp,2.269230769230769,83,25,AAACGGGGCACCGCAGACGT,58,569293
araCp,0.52,36,24,TTTGGTGATCGATCGGTAAT,12,550028
araCp,0.56,37,24,TTTAATCTGTGACGTCTTTA,13,548229
araCp,2.08,75,24,TTGGTGGCTACTCGGAAAGA,51,583724
araCp,0.64,39,24,TTCTCTCCTGTACACTGGAA,15,544551
araCp,0.56,37,24,TTATTGGTATTGGTCATTCC,13,543200
araCp,0.4,33,24,TTAATCTCTGACCCCAACTT,9,566880
araCp,0.6,38,24,TGTAGGTGTCTCACACGGTA,14,568462
araCp,0.92,46,24,TGCTCGTGGACTAGGATAAC,22,532468
araCp,0.48,35,24,TGCCTCTCCCGGTGCTAGTT,11,597667
araCp,1.72,66,24,TCTCTCGTCTCCGATCGTGT,42,576474
araCp,0.96,47,24,TCGCGCCGTTCACCTTGTTA,23,603398
araCp,2.2,78,24,TCGACCGATGGACACGTCCT,54,589684
araCp,0.64,39,24,TCAGGGATGAGAGAAGCTCA,15,559622
araCp,1.4,58,24,TACCAGTGTCAGTGGGTTTA,34,541996
araCp,0.4,33,24,TAACCTAGCCGTGAGCCACT,9,532118
araCp,0.4,33,24,GTTGGCGAATATCCCCAGTA,9,526496
araCp,1.12,51,24,GTCGTCTTCAGTGGTCCCAT,27,591605
araCp,16.12,426,24,GGTCACTGCAGGTCCAGCGA,402,596831
araCp,0.8,43,24,GGGTAACTAACTGTATCGGT,19,541197
araCp,0.56,37,24,GGGATGAGGCACGGTCGTAT,13,546185
araCp,0.8,43,24,GGGAAGTATGCAGCGTACCC,19,532119
araCp,2.8,93,24,GGCGTGGGACGTAGATAACA,69,558824
araCp,1.92,71,24,GGCCCCGTACTCGGCCTGTA,47,584312
araCp,0.84,44,24,GGCAACGCGTGCAAACATGA,20,543204
araCp,1.2,53,24,GGACGGCATCAGAGCAATTT,29,541789
araCp,12.88,345,24,CTGCCGTTTAATGGGTTAAC,321,561748
araCp,1.16,52,24,CTACTGTCGAGGAAACCAGT,28,548700
araCp,0.2,28,24,CGTGGAGTTAGATAGGACTG,4,603195
araCp,0.2,28,24,CGTGAGAGAACTGTTATGAA,4,574399
araCp,2.24,79,24,CGTCACCCCGCGTCCAGACA,55,584482
araCp,0.48,35,24,CGGATGCTGGGTCGAATATA,11,574935
araCp,1.32,56,24,CGAAATGCGCGCGCGAAAAT,32,542716
araCp,6.08,175,24,CCCGGGTAAGAGATGGATTG,151,569242
araCp,0.76,42,24,CCAGGATTTAGAGCCAGCCA,18,526445
araCp,2.8,93,24,CATTGACTGATTAGTTCCGT,69,543885
araCp,0.52,36,24,CATATACACGATCAGGAGTA,12,560666
araCp,0.6,38,24,CATAACCCTCGTACATTTGT,14,556939
araCp,0.6,38,24,CAGTGAGCGATGCAGGCCCC,14,536253
araCp,0.12,26,24,CAGTAACACCATGTGGCAAT,2,551189
araCp,1.16,52,24,CAGGGGGGTAGGTCGGCCAG,28,599081
araCp,1.08,50,24,CAGGGAATGTATCCTACGGC,26,595480
araCp,0.72,41,24,CAAGATGCTTAGTTCACCTG,17,542192
araCp,0.16,27,24,ATTTACCAGATACCTCACGA,3,538330
araCp,0.52,36,24,ATAGTCTGCAGCTACCGAGT,12,554401
araCp,2.56,87,24,AGTTGCCTACCATTATCTCT,63,532606
araCp,1.6,63,24,AGCGGTGATCTGGCGAGCGA,39,588839
araCp,1.76,67,24,AGCCTTCGTGCGGCCTCTTA,43,587422
araCp,0.64,39,24,ACGCTGCGTTACGGTTTCGT,15,589597
araCp,4.0,123,24,ACCATTGTCGTCCTGGCGCG,99,557991
araCp,0.44,34,24,ACATCCGACAAAACCTTTGA,10,562932
araCp,0.32,31,24,ACATATTTTGGAACATTGGA,7,557628
araCp,0.875,43,23,TTGTTAAGAGCGACCCGACG,20,595289
araCp,0.5,34,23,TTCCCAATGACTGACCCACC,11,563392
araCp,2.4166666666666665,80,23,TGCGCCGCTGAGCTAGGCTG,57,566362
araCp,0.08333333333333333,24,23,TGCCGTGCCAGAAGCGTGGA,1,583889
araCp,1.4583333333333333,57,23,TCTGTGGTTAGTGCCTGATA,34,572705
araCp,2.0416666666666665,71,23,TCTAGATAACAGTAAGTCTA,48,556257
araCp,0.75,40,23,TCGTGACGAGGCGCAAGCGA,17,557468
araCp,0.4583333333333333,33,23,TCGACTCCCCGGTTCGACAG,10,575627
araCp,1.1666666666666667,50,23,TCCATCACCTAAAAGAGGAA,27,601577
araCp,0.08333333333333333,24,23,TCCACTGCTTGCTAATAGGA,1,591309
araCp,0.7083333333333334,39,23,TATCGGTTAGCGCCAAGGTC,16,573226
araCp,1.1666666666666667,50,23,TAAATAAATTCATACAGCCT,27,536830
araCp,0.7083333333333334,39,23,GTGTTGTAAGGTCATCCTGC,16,531837
araCp,0.5833333333333334,36,23,GTGGTGTCACGGGCCACAGA,13,551233
araCp,1.7083333333333333,63,23,GTGATGCGACTTGCCAGATA,40,578942
araCp,0.7083333333333334,39,23,GTCGAGGCAACGTTCGGTGT,16,535456
araCp,0.75,40,23,GTCAGGAATGGTCCTAGCAT,17,542434
araCp,0.4583333333333333,33,23,GTACCTGCAAGATCTCCTAT,10,580797
araCp,0.4583333333333333,33,23,GGGTGTGTGCGTGATACCAC,10,530943
araCp,0.8333333333333334,42,23,GGGGTTGTACAGATTTGGAT,19,566704
araCp,1.0416666666666667,47,23,GGGCCGACGCAGCACGTGCC,24,526740
araCp,1.6666666666666667,62,23,GGATATCAGGTGCTCAACAA,39,594194
araCp,2.625,85,23,GCTGGTGGTTCTCAGGGGGC,62,551722
araCp,0.25,28,23,GCTCACGTCCCTATACCGAT,5,565931
araCp,0.875,43,23,GCGTGGCTGTCTGGTGTGGG,20,554209
araCp,0.75,40,23,GCGCGACCCTATGCGGATTG,17,549345
araCp,0.5833333333333334,36,23,GCCGAAATCGCTGGGACTCC,13,547613
araCp,0.16666666666666666,26,23,GCATTTTCTAGCGTAGGTTT,3,549656
araCp,0.5416666666666666,35,23,GCAACCGAGGCTTGTCTTAC,12,549181
araCp,0.75,40,23,GAGTTCCGTCAATATTGATA,17,551208
araCp,1.0833333333333333,48,23,GAGAGCGCTAACTATTTGCA,25,575750
araCp,0.5416666666666666,35,23,GACTATTAGACAGCTTTAGA,12,543044
araCp,1.1666666666666667,50,23,GACGACAGGTAGATCTTAAT,27,587908
araCp,1.2083333333333333,51,23,GAATCTGTTACGTAAGTGCT,28,585381
araCp,3.4166666666666665,104,23,CTTGGACAGAGTTCCCGTTT,81,532391
araCp,0.625,37,23,CTTCAGGTGACTGATTCGGT,14,534825
araCp,1.375,55,23,CTGGTGAACCGGTATGATTC,32,536959
araCp,0.25,28,23,CTGGCAGGAAGATAATAGAT,5,530793
araCp,0.5833333333333334,36,23,CGGTAGCTGGCCCCTCCACG,13,543725
araCp,0.4166666666666667,32,23,CGCGTCGTGGGACACACACA,9,547343
araCp,0.375,31,23,CGATAGATTCGAGTCGCCTG,8,549596
araCp,0.2916666666666667,29,23,CGACTGCGCTGCAACGATCG,6,603048
araCp,2.0,70,23,CCTCGAAGTGAATAAGGACT,47,547348
araCp,0.7916666666666666,41,23,CCGGTCAAAAACCGTGCTGT,18,540939
araCp,0.9166666666666666,44,23,CCGCGGGGCCGACCGTCTGT,21,540218
araCp,1.2916666666666667,53,23,CCGCAATGAGGACATCAGAG,30,543364
araCp,0.3333333333333333,30,23,CCAGTTTCTTAGTACGTTTC,7,586543
araCp,0.08333333333333333,24,23,CCAATTGAGCTTTACTAACA,1,539741
araCp,0.75,40,23,CATTATCTGTCCCGAACTCG,17,556727
araCp,0.875,43,23,CATGTCTCGTTGAAGCCCCT,20,591946
araCp,0.08333333333333333,24,23,ATTGCGTGATAACCGTGCCT,1,554733
araCp,0.5833333333333334,36,23,ATGCATCTCCTGCGAGGGAC,13,578687
araCp,0.4583333333333333,33,23,ATCTATGGTAGCCGACTGCG,10,575116
araCp,1.2083333333333333,51,23,ATACACGGTCAGGTAAGGTT,28,599839
araCp,0.16666666666666666,26,23,AGCGGGATCGCGCATACCCT,3,535082
araCp,0.2916666666666667,29,23,ACTGGAGCGGGGAGAATTGA,6,556951
araCp,0.3333333333333333,30,23,ACGCGAGGACGGGTTTTGTG,7,588715
araCp,1.5416666666666667,59,23,ACGATACGCGCGTGAAGGAC,36,579404
araCp,0.08333333333333333,24,23,AATATAGTACCGGTACATGT,1,573116
araCp,0.08333333333333333,24,23,AAATCGGGTTGTCACATCCA,1,550640
araCp,0.6666666666666666,38,23,AAAGCCTCAGGATTGAGGAT,15,542849
araCp,0.9130434782608695,42,22,TTTTAGGAGAGGGACATCTG,20,554515
araCp,0.43478260869565216,31,22,TTTCAGCCTGTCATCTCGCT,9,572137
araCp,0.17391304347826086,25,22,TTGGCCTGACCGACGGTGTG,3,585499
araCp,1.9130434782608696,65,22,TTGCCATGAACTATGGAATA,43,562714
araCp,0.9130434782608695,42,22,TTAGGGCCTTTTCTGAATTG,20,581424
araCp,1.0869565217391304,46,22,TTAACCTGCAGCAAAGGACA,24,581500
araCp,0.9565217391304348,43,22,TGTCTTCATCGAGCCTCGGT,21,603435
araCp,0.5652173913043478,34,22,TGGGTGATTTCAATAACAGA,12,549010
araCp,0.7391304347826086,38,22,TGGCTGCTAGTATCGTGTCT,16,559596
araCp,0.30434782608695654,28,22,TGAGAGACTTCTATGTTTCT,6,545137
araCp,1.7826086956521738,62,22,TGAGACATTAAGGCTCTGCG,40,600510
araCp,0.34782608695652173,29,22,TCTTCTCTTAACATTACCGA,7,590602
araCp,1.608695652173913,58,22,TCTGTCGCACTCTTGACTCA,36,544747
araCp,0.6086956521739131,35,22,TCGTTCAAATAACAGGGCCA,13,591751
araCp,1.0434782608695652,45,22,TCGATGCCGCCCTTGGGGTG,23,559656
araCp,1.2608695652173914,50,22,TCATGTTGATTTATCCTCAT,28,548407
araCp,2.608695652173913,81,22,TCAATTGATCGCTTAATCAT,59,596595
araCp,1.0,44,22,TAGCGGTCCAAGCTCGGAAG,22,567444
araCp,3.4347826086956523,100,22,GTTGTCGATTCAAGCTGACA,78,592435
araCp,1.391304347826087,53,22,GTTGATAGGCCGTACGGACA,31,539244
araCp,0.6086956521739131,35,22,GTTAGGTCCCAACAGTTCTC,13,536972
araCp,1.1304347826086956,47,22,GTGTCTGGCGTGTGTTATGA,25,566734
araCp,1.9130434782608696,65,22,GTGCTCCGGCAGCATCACGT,43,528941
araCp,0.6956521739130435,37,22,GTGCGTTTGGTTGTTAATAA,15,557225
araCp,7.695652173913044,198,22,GTACAGCCATATTCATCGCA,176,562389
araCp,1.8695652173913044,64,22,GGGGCATCCTCAAGACGGCG,42,592058
araCp,0.2608695652173913,27,22,GGGAGCAGCGGTTTTGCTCC,5,553478
araCp,1.565217391304348,57,22,GGCTTACTCTCAGACGGCGT,35,575320
araCp,0.08695652173913043,23,22,GGCGCGACGGATATCCGTCC,1,542587
araCp,0.08695652173913043,23,22,GGCCCAGGTTGCCTCCTTGT,1,540533
araCp,1.0,44,22,GGCACCACCCTTTCCACGCA,22,535805
araCp,0.8260869565217391,40,22,GGAAATAGCAAATTGTCGTT,18,555534
araCp,0.5217391304347826,33,22,GCGAGCGAGGAAAACGTGGA,11,537432
araCp,0.9130434782608695,42,22,GCCCGGGTAATCCGGGATAA,20,565842
araCp,1.826086956521739,63,22,GCCCACCATTTTTAGCAGAC,41,537765
araCp,0.4782608695652174,32,22,GCAGTTGGGTAGTTGACAAA,10,580926
araCp,1.0,44,22,GCACCGGAAGCTAGGGATAG,22,529318
araCp,0.43478260869565216,31,22,GAGTCTTTTGGTCTTCAAAG,9,586944
araCp,0.6956521739130435,37,22,GAGGGCACTCTGTTCTGGTC,15,569297
araCp,1.2173913043478262,49,22,GAAGGTTAGTCGGTGGGCAA,27,565175
araCp,0.6956521739130435,37,22,GAAGGCCGTACTATCACTTT,15,549708
araCp,0.2608695652173913,27,22,CTTCTGTATAGGAATGACGT,5,535401
araCp,0.13043478260869565,24,22,CTTCCACTTCGGTTCCAGCT,2,578147
araCp,2.217391304347826,72,22,CTGAGGTTTCGCACGGGTCT,50,557149
araCp,0.43478260869565216,31,22,CTCTTGCTTTAGAAGACGCG,9,597869
araCp,0.08695652173913043,23,22,CTCGTGGCCGACCATTCATG,1,573735
araCp,0.6086956521739131,35,22,CTATGCCTAAGTCCCAGATA,13,555314
araCp,0.8695652173913043,41,22,CTAGCGATCGGCAGGAAAAT,19,548619
araCp,0.4782608695652174,32,22,CTAGCCTAACAGGTACGCCA,10,530147
araCp,1.5217391304347827,56,22,CGTCACGAGTCGTTCCTGGT,34,526495
araCp,1.565217391304348,57,22,CGTAACCGGGAAAATCCCAG,35,552046
araCp,1.173913043478261,48,22,CGGTGGCACTTATAGCGCTC,26,590080
araCp,0.08695652173913043,23,22,CGGATGAATGAACCCTGTAC,1,557034
araCp,1.1304347826086956,47,22,CGGACTTCCGAATCCGATGA,25,586602
araCp,2.260869565217391,73,22,CGGAACAGGTCAGACACTTT,51,582516
araCp,2.260869565217391,73,22,CGCTCGTAAGGATAGAACTA,51,541938
araCp,0.4782608695652174,32,22,CGCCGGCTGCGAAATGACAA,10,537666
araCp,1.2173913043478262,49,22,CCTATGCTTTAAATTTCCGC,27,555993
araCp,0.6521739130434783,36,22,CCTAGGTGCCATTCAGGTTG,14,551647
araCp,1.3478260869565217,52,22,CCCTGTCAGGCTACGCCAAA,30,589199
araCp,0.4782608695652174,32,22,CCCGCGCCGTGTGAACGCAA,10,541784
araCp,0.8695652173913043,41,22,CCCCCAGAAGACGGTCGGAT,19,554588
araCp,0.6956521739130435,37,22,CCAGGCTAGCTTTTTCTGCC,15,585486
araCp,1.0869565217391304,46,22,CATTACCGCCCGTCGGGGAT,24,575632
araCp,1.0434782608695652,45,22,CATGATTGTTAAAATGCTGT,23,588331
araCp,0.9130434782608695,42,22,CAGATTGGGACATCCTTTGT,20,601274
araCp,0.4782608695652174,32,22,CAATCCGCTCAGGGAATGTA,10,547795
araCp,0.7391304347826086,38,22,ATTCCGTATAGTCTGATTCT,16,558349
araCp,0.5652173913043478,34,22,ATGACCCCGGAAGAATCCTG,12,579501
araCp,0.8260869565217391,40,22,ATCACAAATAGATCAACTTT,18,553349
araCp,0.5217391304347826,33,22,ATATACTTGGCTCACAGGTA,11,570761
araCp,1.391304347826087,53,22,ATAGTCCAGCGCCACGGTCT,31,561432
araCp,0.6521739130434783,36,22,AGTTATTTCCTCGTGTGGTA,14,575146
araCp,1.6956521739130435,60,22,AGATCACAACGGTCGGTGTA,38,551620
araCp,0.6521739130434783,36,22,AGACGAGGTGTGGTCGAACA,14,551188
araCp,12.08695652173913,299,22,ACTAGGGTGATTCTTCGACC,277,588806
araCp,1.0434782608695652,45,22,ACACAAAAGGCGTCCGGCAA,23,529850
araCp,1.173913043478261,48,22,AATTGTTCACTCCCGATACA,26,565058
araCp,0.8695652173913043,41,22,AATCCCCACTACGGATAGGT,19,534791
araCp,1.2608695652173914,50,22,AATATCTCAGGAGTGCGTAG,28,535083
araCp,2.130434782608696,70,22,AAGGAGGCAATTGTCAACCT,48,561743
araCp,0.30434782608695654,28,22,AACGTTCCGGGAGGCAGTTA,6,570817
araCp,1.6956521739130435,60,22,AACCGCGCTGGTGTCACGTA,38,536775
araCp,4.608695652173913,127,22,AAATGGGGAATCTTTCGGCA,105,558750
araCp,11.608695652173912,288,22,AAATAGCATGGACCTATAAT,266,555346
araCp,1.0,44,22,AAACCAGCTGCGACGCTTGT,22,541097
araCp,0.5,31,21,TTTGAGGATCGACAACGAAC,10,558615
araCp,0.3181818181818182,27,21,TTTCTTAACGCTTACCCAAG,6,575414
araCp,0.5,31,21,TTGGTACATAGGTGGAGTGT,10,558155
araCp,0.7272727272727273,36,21,TTATGTTACGCGAGGGACAG,15,563397
araCp,0.5909090909090909,33,21,TTACTCGCAAACTAATAAAG,12,598020
araCp,1.0909090909090908,44,21,TGCCGTAGAAGGACGCAATG,23,542949
araCp,0.5,31,21,TGACGCGTGTTCCAGATCCC,10,538898
araCp,1.5909090909090908,55,21,TGACCACGTTGGCCGGTTGT,34,528533
araCp,0.5454545454545454,32,21,TGAATGCCCTTATAATGAAT,11,558720
araCp,0.5,31,21,TCTTTAGGGACCCAGCTCAG,10,588714
araCp,1.6818181818181819,57,21,TCTCGCCAAGGTAAGTCGTA,36,553877
araCp,0.5454545454545454,32,21,TCGCCCTTCGGCACGATCCC,11,561606
araCp,1.9545454545454546,63,21,TCCCCCGACAAGCACATTTT,42,564259
araCp,0.6818181818181818,35,21,TCAACGGCAGGGACTGTAGA,14,577043
araCp,1.2727272727272727,48,21,TATTCCGTGGGTTTTGCGCA,27,576519
araCp,1.0454545454545454,43,21,TAGATTTTTGGAGTTGCAAA,22,526394
araCp,0.9545454545454546,41,21,TACCGATAGCCGGGCAAGTA,20,541979
araCp,1.7272727272727273,58,21,TACACAACTTGCCACGTGTG,37,566365
araCp,1.7727272727272727,59,21,TAATGGTCCTGGCTGTCAGT,38,553591
araCp,2.272727272727273,70,21,TAATGCATCTCAATCGCCCG,49,532545
araCp,0.5909090909090909,33,21,GTTTTTCATACGTAAGAACT,12,543064
araCp,0.2727272727272727,26,21,GTTGGGCAACTAAGGGTTTA,5,581282
araCp,1.1363636363636365,45,21,GTCTTTGCCAGGACCACGCT,24,527863
araCp,0.45454545454545453,30,21,GTCTTTACGGTAACATTACT,9,574683
araCp,2.3181818181818183,71,21,GTCTCTTATGCAGCTCCGAA,50,562930
araCp,1.1818181818181819,46,21,GGTTTAGAATGCTACATGAT,25,545251
araCp,0.5454545454545454,32,21,GGTTCATACTGCTAATAACG,11,577942
araCp,0.6363636363636364,34,21,GGTTATCCAGAGTTGGCCTC,13,561181
araCp,1.9545454545454546,63,21,GGGTCGGCAGACTGCGAGCC,42,525562
araCp,0.6363636363636364,34,21,GGGTCGATCTCCAGCGTGAT,13,535561
araCp,1.4545454545454546,52,21,GGGGCCTGGGTCTTGCAACA,31,543450
araCp,1.9090909090909092,62,21,GGGGCAAGTACCTCACACTC,41,595006
araCp,1.4545454545454546,52,21,GGCCTCTTATGCCTTAGAGA,31,544093
araCp,0.3181818181818182,27,21,GGAGCCTCATCCATGGGAGA,6,577593
araCp,0.9090909090909091,40,21,GGACCCCCGGTATGCCGGCA,19,526443
araCp,0.7272727272727273,36,21,GGACAGGACGGTCCTTTTAT,15,533176
araCp,1.6818181818181819,57,21,GGAAGCTCACAAACGTCACT,36,602624
araCp,0.36363636363636365,28,21,GGAAAGCGGCACATCGCGGA,7,549653
araCp,0.3181818181818182,27,21,GCTTTAACGCCTTGCCCGAG,6,537333
araCp,2.772727272727273,81,21,GCTGACAGACGGCGAAGGTC,60,574230
araCp,1.0,42,21,GCTCTCAGTATCTAGATCAC,21,535258
araCp,0.7727272727272727,37,21,GCGGTATGCGTTGAGGCAAA,16,542943
araCp,0.5454545454545454,32,21,GCGGGGTGGGATACATTCGC,11,533662
araCp,1.2727272727272727,48,21,GCCTACATGAAAGTAAGCCT,27,530395
araCp,0.9545454545454546,41,21,GCACATTATAGGCAACTCGC,20,581376
araCp,0.5909090909090909,33,21,GCACAATCAGGTGTAATGGG,12,539992
araCp,0.9545454545454546,41,21,GCAAAGCCGGAAGTGAACGG,20,564003
araCp,0.9090909090909091,40,21,GATTTCCGCCGCATACCGGC,19,574036
araCp,3.0454545454545454,87,21,GATCCTTGAGTTATTAAAAG,66,560509
araCp,1.1363636363636365,45,21,GACTTTTGTGTACACACGCC,24,535984
araCp,0.2727272727272727,26,21,GACCTCACCAGTATCTCTTC,5,595602
araCp,1.1363636363636365,45,21,GAATTTCCCAGGGCGCCTAT,24,588240
araCp,1.0909090909090908,44,21,GAAATCCAAGAGGGTTTGAG,23,588596
araCp,0.13636363636363635,23,21,GAAACAGCATCGCTAGCACA,2,594342
araCp,0.45454545454545453,30,21,CTTCGGCACAAAAATTGGAA,9,576757
araCp,0.8636363636363636,39,21,CTTAGTTATACGCTCCATTC,18,560575
araCp,0.7272727272727273,36,21,CTCCATGTTCTTCGTGGTCT,15,563542
araCp,1.2272727272727273,47,21,CTCAGGCAAGGTCGATTCGA,26,572117
araCp,0.45454545454545453,30,21,CTCAGCGTCCGTGACGGTCT,9,582888
araCp,1.8181818181818181,60,21,CTAGGACGGAACAGGTAACA,39,555292
araCp,1.9545454545454546,63,21,CTAAAAACGAGAAATATCTG,42,568139
araCp,0.7272727272727273,36,21,CGTCTAGGCGCGATGTGTAT,15,587653
araCp,0.5454545454545454,32,21,CGTCGTCATCGTTATGACTG,11,582561
araCp,0.6818181818181818,35,21,CGTCCTCAGCGCACCGGGTT,14,580572
araCp,2.1818181818181817,68,21,CGGTTAGGCTAATGCGCCCA,47,565176
araCp,0.5909090909090909,33,21,CGGTCCTCCATCACCGTGAT,12,574455
araCp,0.5909090909090909,33,21,CGCACTAAAGTCCGTAGCGT,12,534006
araCp,0.18181818181818182,24,21,CGCACCCACTGAACAGTAGG,3,561007
araCp,0.36363636363636365,28,21,CGACTGAAAGAGGAATAATT,7,583013
araCp,0.9090909090909091,40,21,CCGTGAAGACAGAGCGTTAA,19,564080
araCp,3.727272727272727,102,21,CCCCCTCCCCACACCGCGTT,81,558765
araCp,0.6363636363636364,34,21,CCAACTATCCCGCGTCCGAG,13,588289
araCp,61.95454545454545,1383,21,CATGGCGCGCGAGATTAAAT,1362,526708
araCp,0.7727272727272727,37,21,CATGAAGCGCCAGTCCCTGA,16,565804
araCp,0.5454545454545454,32,21,CATCTTCGTGTAAGGTGAAG,11,584764
araCp,0.18181818181818182,24,21,CAGAATACAAAAACAATAAT,3,556471
araCp,0.5909090909090909,33,21,CACGGGACGTGGCCGGGATG,12,564621
araCp,14.636363636363637,342,21,CACAGGTGGCCCACTATGTG,321,534839
araCp,1.5909090909090908,55,21,CAAAACGTAAGTACCATCGT,34,574682
araCp,1.1818181818181819,46,21,ATTAGAGACAATTGCCCCTA,25,581168
araCp,2.1818181818181817,68,21,ATTACGAGATAGCGCGGTGT,47,579905
araCp,0.8636363636363636,39,21,ATGTGCGTGACAACGCACCA,18,541887
araCp,1.0454545454545454,43,21,ATGGCATTGGACGGTTTTCA,22,528443
araCp,1.5454545454545454,54,21,ATGCCCGACCGTGCGCCTAA,33,539294
araCp,0.2727272727272727,26,21,AGTCAACCGATGTAAGACTA,5,540639
araCp,1.0909090909090908,44,21,AGTCAAAGCAAATCTTACCA,23,539032
araCp,0.22727272727272727,25,21,AGTAACTTGTCTGCCAAGAT,4,591238
araCp,7.7272727272727275,190,21,AGGGTAGCCCATTGTTGTAT,169,526470
araCp,1.0909090909090908,44,21,AGGGCATGACTCCGATCATG,23,569440
araCp,0.5454545454545454,32,21,AGCAGCATAACGTTATGGAG,11,540106
araCp,0.45454545454545453,30,21,ACTTTTAAAAAGTCAACCTT,9,578018
araCp,2.5,75,21,ACAAATGATTGCTAGAGGAA,54,575061
araCp,0.09090909090909091,22,21,AAGTATCGGCTCAAGCAACT,1,562046
araCp,1.1818181818181819,46,21,AAAGCTTGTATGTGAGGGCA,25,528299
araCp,0.23809523809523808,24,20,TTTTGTGAGGGGGCTGCCGG,4,579354
araCp,2.1904761904761907,65,20,TTGTTGGTTGCGTCTTTAAT,45,530380
araCp,1.1904761904761905,44,20,TTCTATCGAGTGAGTCTAAT,24,583058
araCp,0.09523809523809523,21,20,TTCAGGCTAGATATACGCAT,1,554360
araCp,0.8095238095238095,36,20,TTAATCGCACTCGGCTCTTG,16,564102
araCp,1.1428571428571428,43,20,TGTGCCATGTTGTTTGATAT,23,548495
araCp,2.0,61,20,TGGTGCCAGTGTGCTTGGCT,41,570991
araCp,0.23809523809523808,24,20,TGGGTGAACAGCGGAGCTTT,4,558926
araCp,3.1904761904761907,86,20,TGGGGCACAAATAAGGAGTT,66,541371
araCp,0.8095238095238095,36,20,TGGCGTTTATCAGGGATCAG,16,585137
araCp,0.2857142857142857,25,20,TGCACAAGGAGGCCGCTGGT,5,563201
araCp,0.8571428571428571,37,20,TGAGGCTGTCCCGCGCTCCT,17,565808
araCp,0.42857142857142855,28,20,TGAATGATATTGCGATACCG,8,551971
araCp,0.5238095238095238,30,20,TGAATCGATGTTAGAATTGT,10,579867
araCp,0.09523809523809523,21,20,TCTAATCGCCTCGTGTTTTA,1,532290
araCp,1.7142857142857142,55,20,TCGTTCTAAAAAAGAGTAGG,35,537020
araCp,6.809523809523809,162,20,TCGGACTTTGCACAAACGGT,142,572436
araCp,1.4285714285714286,49,20,TCATGTCTACTAAGGTCGCG,29,544997
araCp,0.8095238095238095,36,20,TCAAGGGGATTCGACAGTTC,16,585495
araCp,0.9523809523809523,39,20,TCAAAGAAGTGTCGCGGTCT,19,556472
araCp,0.14285714285714285,22,20,TCAAAAAGAACTAGGGCAGC,2,592685
araCp,1.0,40,20,TAGATGAGCTAACACGGCCC,20,583012
araCp,0.9047619047619048,38,20,TAAATAAGCCTCCCACGTGC,18,531238
araCp,0.5238095238095238,30,20,TAAAATGAATGCCGGATACG,10,546952
araCp,0.19047619047619047,23,20,GTTGCAGCTCCCGATGCACG,3,595657
araCp,0.3333333333333333,26,20,GTTAAATTTGGGTCCTACCC,6,599551
araCp,1.2857142857142858,46,20,GTGTGAATGGTGGGCGAGGC,26,560583
araCp,1.0952380952380953,42,20,GTGGGCCGATTCCAGAACAG,22,532496
araCp,0.7142857142857143,34,20,GTCTTACAGCTGAAGAACCG,14,594155
araCp,3.0476190476190474,83,20,GTCAAATGCTTCCATCAAGA,63,576710
araCp,0.8571428571428571,37,20,GTAATCGCATGGGCTAATAC,17,529678
araCp,0.5238095238095238,30,20,GGTCCGGGGAGGGTGGTGCT,10,540862
araCp,0.38095238095238093,27,20,GGCTACTGTGGCTTGGTCAC,7,589799
araCp,0.09523809523809523,21,20,GCGTACTTTGAAATATCGAT,1,568671
araCp,0.47619047619047616,29,20,GCCGGCCGACCAGGAATCTA,9,543164
araCp,1.4285714285714286,49,20,GCCATATAGTTCGCCTTATT,29,541480
araCp,2.3333333333333335,68,20,GCACAGGTAGAGCGCGAGTC,48,537479
araCp,0.8571428571428571,37,20,GCAAGTCGAGTTTATACGAA,17,588349
araCp,3.238095238095238,87,20,GCAAAACAAAGCGGACGATT,67,530887
araCp,0.5714285714285714,31,20,GATTTTCTGCTGAAAATCTC,11,554098
araCp,1.1904761904761905,44,20,GATATACGGTGCTGGTATGT,24,567684
araCp,0.23809523809523808,24,20,GAGTTTGCTTGCGATTAGTC,4,558696
araCp,1.1428571428571428,43,20,GAGTGACGTTGCGCACCTTG,23,540695
araCp,5.0476190476190474,125,20,GACAGGGGATAACGTTCAGA,105,597467
araCp,0.9523809523809523,39,20,GAAGGAACTGGCGCACAGTG,19,543013
araCp,0.09523809523809523,21,20,GAAGATCAGGTCATCCCAAC,1,600546
araCp,0.8571428571428571,37,20,CTGGTTGATTACAGGGATAT,17,565822
araCp,0.42857142857142855,28,20,CTGGATGTGCAGACGCTGTA,8,597509
araCp,1.619047619047619,53,20,CTGCTCGGCAATGAGCTTTA,33,572121
araCp,0.09523809523809523,21,20,CTCTTAGGCTTTCGATGCGA,1,562455
araCp,1.4285714285714286,49,20,CTCTTAGACCGGGCGCGATT,29,546181
araCp,1.5238095238095237,51,20,CTCTCATGTTGCTTGTCGCA,31,551689
araCp,4.0476190476190474,104,20,CTATTCTGAGTCCCGTTTAG,84,527149
araCp,5.9523809523809526,144,20,CTACGGATGTTCGAGCTGAG,124,530052
araCp,3.0476190476190474,83,20,CGGTGCCGGTGTAGGCCGGG,63,545786
araCp,2.3333333333333335,68,20,CGGGGCTGCTCCCGACGACT,48,541785
araCp,1.0,40,20,CGCGATTCGCCCAGGGATAT,20,559169
araCp,3.3333333333333335,89,20,CGCCCTTTAAGAAGACCAGT,69,539142
araCp,1.3333333333333333,47,20,CCTGCAGACTGTTTCAGGCA,27,601678
araCp,1.380952380952381,48,20,CCGTGATTCAGAGTTTTTAG,28,536206
araCp,0.8571428571428571,37,20,CCGGTTCCTGTGAAGGATTC,17,530142
araCp,1.7619047619047619,56,20,CCGGTGGATTCTTCATGGGA,36,577974
araCp,0.6190476190476191,32,20,CCGAGGTGCGTCAGGGGCAT,12,575528
araCp,0.9047619047619048,38,20,CCCCTTTGTGAGCTCGTACA,18,591018
araCp,1.8571428571428572,58,20,CCCCCCAATAATGTGTGCTT,38,578539
araCp,0.38095238095238093,27,20,CCCATCCGGCAATTGCTTAA,7,555794
araCp,1.0952380952380953,42,20,CCACCCTTTATACCAAACAT,22,541673
araCp,1.8095238095238095,57,20,CATTCAAAAATCATGACAAA,37,544898
araCp,0.47619047619047616,29,20,CATGGGCTAGGTTCGGCGGC,9,569966
araCp,0.6190476190476191,32,20,CATAGGGACTCGTGTGGTCA,12,576301
araCp,0.3333333333333333,26,20,CAGCAGGAAGTTCTTGGCCG,6,559647
araCp,0.38095238095238093,27,20,CAGAACCCATTTTCAGAGGT,7,598377
araCp,1.0476190476190477,41,20,ATTTGTCGGTGCTCTTCGTC,21,585892
araCp,1.1428571428571428,43,20,ATGAGCGTCCAAGCCTGCCT,23,530501
araCp,1.6666666666666667,54,20,ATCCTCGTGTGAACGTCAGT,34,574233
araCp,0.8095238095238095,36,20,ATCAGGCATTCGTGTCTAGA,16,577107
araCp,0.9523809523809523,39,20,ATCAAGGGTGAGCATGGGAC,19,539950
araCp,0.8571428571428571,37,20,ATATTCATGAGCTATCCACC,17,543159
araCp,0.47619047619047616,29,20,ATATATTGGTAGAAAATTTG,9,578651
araCp,0.09523809523809523,21,20,ATATAGGCCCCGATTCATGA,1,562185
araCp,1.0476190476190477,41,20,ATACACAGAGATATCGGTGT,21,548480
araCp,1.0476190476190477,41,20,AGGGTCCAGTTACCACGGCT,21,580577
araCp,0.14285714285714285,22,20,AGGATCTAGTACTATTCTGT,2,553354
araCp,0.8095238095238095,36,20,AGCCAGAAGTTAGCCATTTG,16,526601
araCp,0.2857142857142857,25,20,AGAGGGTAGGGTACGGGCTA,5,573642
araCp,0.8571428571428571,37,20,AGAGCGGTTCGGGTTACAAG,17,572423
araCp,0.6666666666666666,33,20,AGAAATAATAGCAATCAAGT,13,580859
araCp,0.09523809523809523,21,20,ACGTCGGGGCTTCACAAAGA,1,577982
araCp,3.4761904761904763,92,20,ACCGAGTAAGTAACCAGTCT,72,574791
araCp,1.2380952380952381,45,20,AATAGGTTTACCGATTCATA,25,597465
araCp,0.8095238095238095,36,20,AAGTGAGTGACCATGGACAC,16,547013
araCp,1.380952380952381,48,20,AAGCAGCGTCGCGGATGTTC,28,574626
araCp,0.9523809523809523,39,20,AAGAACGAACGTACGACCGT,19,574330
araCp,0.42857142857142855,28,20,AACTCGGCTACAGTGCGGTA,8,536461
araCp,1.2380952380952381,45,20,AACCTGCAAGGCTGTATTGA,25,579301
araCp,1.0,40,20,AACATAACCTCTGTCTCGTC,20,550682
araCp,0.8095238095238095,36,20,AAATAAAAGTAGATCCCGCA,16,583773
araCp,2.15,61,19,TTTAGCGCTGACGCATTAGA,42,545602
araCp,0.35,25,19,TTGGGCAGTAGGTTTCGGAT,6,557704
araCp,3.05,79,19,TTCTTGTAAGAAATCCTAGA,60,559311
araCp,0.4,26,19,TTCTTCAGTCAAATTGGGTA,7,568141
araCp,1.0,38,19,TTCTGTGAGGATCTCTAAGT,19,555962
araCp,0.6,30,19,TTCGTATAATCGTATAAGGT,11,540694
araCp,1.15,41,19,TTCGAGCGTTACAATTAAGT,22,545902
araCp,0.95,37,19,TTCCACAAGTTTCTACTTAG,18,589044
araCp,0.35,25,19,TTATTCTGCTCCTCGACGGT,6,570591
araCp,4.65,111,19,TGTCAGTTTATATGGTAAGT,92,551728
araCp,0.65,31,19,TGTAGAAGAAATACTGTCAT,12,574244
araCp,0.1,20,19,TGCGTACAAGCAAAGTAGAT,1,557452
araCp,1.3,44,19,TGCCTCCAAACTGCACGGTT,25,528492
araCp,1.75,53,19,TGATGCGTTTCCTCCCTTCA,34,528056
araCp,0.4,26,19,TGAATCCCTGACAGCACACA,7,573084
araCp,0.65,31,19,TCTGTTAGTGCATGGCCAAC,12,577264
araCp,1.1,40,19,TCTCGTCGTTAGAGTGTTTG,21,542339
araCp,7.65,171,19,TCGTTTAAAGTGCCGGAGAA,152,589203
araCp,0.6,30,19,TCGGAATGTAGGGCGATACG,11,529999
araCp,0.7,32,19,TCAGGGGTATGTCTGAACAC,13,578970
araCp,1.6,50,19,TCAGAGCAAAATCACGCATA,31,548222
araCp,0.75,33,19,TAGCGGGTCCGATTAGAGGC,14,537024
araCp,0.5,28,19,TAATGTCAGCTCGGGACGGT,9,556165
araCp,2.1,60,19,TAAGTCTGGGTATTGCCTCA,41,545719
araCp,0.85,35,19,TAAAGCGCTGGGTCTCTTTT,16,586544
araCp,0.5,28,19,GTTGTAGTTGTGCGGTGGCA,9,540589
araCp,1.5,48,19,GTGTGTAGGAGCTACGTGTA,29,593342
araCp,1.1,40,19,GTCTGTAGGTCCGCACTAAG,21,564716
araCp,1.0,38,19,GTCTAAAGTAAGCGAACTAT,19,535660
araCp,2.75,73,19,GTCGTACCTCTGTCAAATGC,54,539182
araCp,1.1,40,19,GTCGCACTGTCTCCGCTAAG,21,537762
araCp,0.55,29,19,GTCCGGCCCTCTGTTGGACT,10,532855
araCp,1.75,53,19,GTCCATCGGCTTATGCAAAT,34,526186
araCp,0.7,32,19,GTCAGTAAGGAGCCGGAATG,13,576243
araCp,0.1,20,19,GTATTGCGTGGACCTGTGAT,1,541124
araCp,0.5,28,19,GTAGGCTATGATAGAGTATT,9,548237
araCp,0.95,37,19,GTAAAGCGTAACGGTCATTG,18,541386
araCp,0.85,35,19,GTAAACAATGACCACAAATT,16,543256
araCp,0.1,20,19,GGTTGGCCTGTGATGATCAC,1,558521
araCp,1.3,44,19,GGGTCACGTTGGGTTTTTCT,25,566962
araCp,0.7,32,19,GGCTTTAATCAGGGCGAGGA,13,583793
araCp,0.55,29,19,GGCAGCTACCGGGCGAGGGT,10,548754
araCp,0.3,24,19,GGACCAGACGATCTTTCTAG,5,547904
araCp,1.8,54,19,GCTTTAGGTTGAAGTTTGAC,35,527025
araCp,0.8,34,19,GCTGCGTCAGCGCGGTCAAA,15,561513
araCp,0.7,32,19,GCTGATTCGAAATCTCGGGA,13,601495
araCp,0.55,29,19,GCGGGAGAACCCATCTTGAT,10,545897
araCp,0.65,31,19,GCCCTTCCCCCTGAGGCCCA,12,580794
araCp,0.7,32,19,GCAGAGGAATCTGACGGTGG,13,547727
araCp,0.1,20,19,GATGAGGCCCATACTGCAAG,1,561071
araCp,0.8,34,19,GATACGAGTCGTTTCGGGTA,15,568991
araCp,0.9,36,19,GAGTCCTCTGTCAACCGTTG,17,588592
araCp,0.85,35,19,GAATCCGAAAGTCAACAATC,16,530569
araCp,0.85,35,19,GAATAGGCTGTGAGTCGGGG,16,564895
araCp,17.7,372,19,GAACTTCCTGGAGCCCCTGT,353,541427
araCp,0.1,20,19,CTTCGGATTTAATAGACCCA,1,565564
araCp,0.95,37,19,CTTCCAGTCCATATTACTTG,18,551681
araCp,0.7,32,19,CTTATATGTGGCCTAAGAAA,13,578082
araCp,0.1,20,19,CTGCAATACGAACGAACCGA,1,531802
araCp,0.1,20,19,CTCGTTCAGCGAAGATTTAC,1,551589
araCp,0.7,32,19,CTAGGGGATCTGCGCCTCAG,13,535985
araCp,0.35,25,19,CTAATCCCTGGGGGTTTGCA,6,569111
araCp,4.0,98,19,CGTCTCAGTCAGATGGCGAA,79,570336
araCp,0.9,36,19,CGAACCATCGGCATAAAGTC,17,560568
araCp,0.6,30,19,CCTGCATGAAAATTAAAGCA,11,566486
araCp,0.45,27,19,CCGAAGTGCTCCACCTCCTC,8,562500
araCp,0.25,23,19,CCCAAGCCTCATATCACTTC,4,583184
araCp,1.1,40,19,CCACAAACCAGCCTTGAGTT,21,545645
araCp,1.4,46,19,CCAACACGGGCTGATCGTAT,27,526322
araCp,0.6,30,19,CCAAATTCCAGGCGCTGGTG,11,533443
araCp,0.1,20,19,CATGGGGCTACGCCCGACTG,1,531369
araCp,2.25,63,19,CATAGGTGCGTTGCACCGCG,44,531344
araCp,1.05,39,19,CACTTAACTTGAGAGGGAGA,20,570385
araCp,1.0,38,19,CACCACATGAGGAGAGGTTG,19,547794
araCp,0.85,35,19,CACATTAGGTCGCAGGGCCT,16,595626
araCp,0.6,30,19,CAAGGGTTCGGAGTGTAGAG,11,561910
araCp,1.35,45,19,ATTGGAGTCCCGATTGCCGT,26,530893
araCp,12.85,275,19,ATGTCAAAACTCTGCAATGG,256,537787
araCp,1.95,57,19,ATGATTAGACAGTATACCGT,38,559650
araCp,1.1,40,19,ATCTAGAATAAGCGAGTCCA,21,568211
araCp,1.9,56,19,ATCGAGGGTACTTGTAAGGT,37,590061
araCp,2.8,74,19,ATCAGGTAGGTGACAACTGA,55,536481
araCp,0.55,29,19,ATAACATGAGTGGTATTTCT,10,539383
araCp,0.1,20,19,AGTCGATGGGGTACACAGTA,1,544220
araCp,1.4,46,19,AGTCATATCTCTGATACCCA,27,593782
araCp,0.15,21,19,AGTAAAGCCCTTCAGGCCAA,2,550685
araCp,2.4,66,19,AGGTCGGGGGCAGGCATATC,47,539022
araCp,1.8,54,19,AGGCGCAGCACATACACGCT,35,541884
araCp,2.0,58,19,AGCTCGGAACTATTCTTTAA,39,527021
araCp,1.05,39,19,AGCCGGAGACGTAGGTGTGA,20,570639
araCp,0.8,34,19,AGCCAAATTAGAATGCACAA,15,581731
araCp,0.3,24,19,AGCACTATTAGAGGCCTCCT,5,600426
araCp,0.1,20,19,AGATTCGTCTTAGACTCAGA,1,545892
araCp,0.75,33,19,AGATGCGGGGGGGAATGCTT,14,583534
araCp,0.5,28,19,AGACGGGCGTATCAAACCCT,9,563811
araCp,0.3,24,19,AGAACTACTGACCAACTCGG,5,575980
araCp,1.85,55,19,ACTCGGGGTGTCAGCAGTGT,36,552035
araCp,3.55,89,19,ACTCAATCTCAGATACCTCA,70,548450
araCp,0.2,22,19,ACCCTCTAACTCCTTTGAAT,3,595455
araCp,6.75,153,19,ACCATCAACGCTGCTGGGCA,134,558759
araCp,0.7,32,19,ACCAACCCCCAAGTCTTTTA,13,601480
araCp,0.8,34,19,ACAAGTACGTCGTAGGTGTC,15,537633
araCp,1.4,46,19,AATGCACGGTCGCGCCAGTT,27,532964
araCp,0.85,35,19,AAGCGGTGTGTGGGCATCGA,16,527887
araCp,0.7,32,19,AAGATTGTGCTGGAGGTCCG,13,581320
araCp,0.25,23,19,AACTCTACATGGTGGTGATC,4,560983
araCp,1.3,44,19,AACGGCCTCATGCCAGTCTA,25,596536
araCp,0.35,25,19,AACGACAAAAGGTGGATCTT,6,536568
araCp,0.65,31,19,AACCTGGGACTTGAGGAAGA,12,581386
araCp,0.1,20,19,AACAGGGTGGTATGAATCAT,1,582305
araCp,0.7368421052631579,31,18,TTTGTGTCCACATTAGATAA,13,598567
araCp,1.105263157894737,38,18,TTTATCGAAGGGTCTGAGTG,20,553281
araCp,0.631578947368421,29,18,TTTACCCAAATAAGGATATG,11,596873
araCp,0.9473684210526315,35,18,TTGTGCCTATATAGCTTACT,17,562784
araCp,1.263157894736842,41,18,TTGTCTGCACGGACTTGGAC,23,576244
araCp,0.47368421052631576,26,18,TTGTATCCGCCCGGTGGGTG,8,587978
araCp,0.3684210526315789,24,18,TTGAATTTCTAAGCCGCTTA,6,546868
araCp,0.631578947368421,29,18,TTAGATGGGCAGGTCCTAAG,11,555144
araCp,0.6842105263157895,30,18,TTAGACACGGGTGCAGAAAT,12,525539
araCp,0.15789473684210525,20,18,TTAGAACTCCGCGTACGCGT,2,550408
araCp,0.7894736842105263,32,18,TTAATGGAGGGCGTGCACTC,14,571567
araCp,0.5263157894736842,27,18,TGGACTGCGGCCTAAGCGGT,9,543203
araCp,0.8947368421052632,34,18,TGCAGGCTACGGCGACCGTA,16,528136
araCp,34.89473684210526,680,18,TGCAGATATTAGAATCGATC,662,580163
araCp,1.0526315789473684,37,18,TGCAATAACGGACCGCGTCA,19,567331
araCp,0.6842105263157895,30,18,TGAGTCAGTGTATCCTCGGT,12,552626
araCp,0.631578947368421,29,18,TGAGATTAATTTTGGAACGT,11,551588
araCp,1.736842105263158,50,18,TGAATCGTACGCCAGTACTC,32,539432
araCp,0.8947368421052632,34,18,TCTATGTTTTTTCTGATTCA,16,599667
araCp,0.8421052631578947,33,18,TCTAGATTGACCATACTTCA,15,574418
araCp,1.5789473684210527,47,18,TCGGTTCTGCACACTGAACA,29,596302
araCp,0.7894736842105263,32,18,TCGGGACCCGCCAAAAGTAT,14,569493
araCp,0.9473684210526315,35,18,TCGGAGGGTGACTAACGGAT,17,577201
araCp,1.631578947368421,48,18,TCGCGACGGTCTGTACACGT,30,590971
araCp,0.42105263157894735,25,18,TCCAGGAAGAAATCTTCGGG,7,583674
araCp,0.21052631578947367,21,18,TCAGGCTTTCTCTTACGCAT,3,538728
araCp,1.263157894736842,41,18,TATTGTATTTCGTACGGTTT,23,598766
araCp,0.7368421052631579,31,18,TATCGCCGTAGTAACGGACA,13,569198
araCp,0.3684210526315789,24,18,TAGGGAAACCCCACTCCTAA,6,560807
araCp,0.631578947368421,29,18,TAGGCTTTTAATCGAGTTAC,11,569878
araCp,0.7894736842105263,32,18,TAGGCCGCGGGTGTTCGTTA,14,554911
araCp,1.5789473684210527,47,18,TAGGCATGTATGACATTAGT,29,555038
araCp,1.5789473684210527,47,18,TAGAGGTCCGTTCGTCTACG,29,579515
araCp,7.0,150,18,TACTGCAAGGTCCGCGTTGT,132,577597
araCp,0.42105263157894735,25,18,TACGCAGGGTTCCAAGAGTT,7,528298
araCp,0.7894736842105263,32,18,TACACATTTCAACTGGGCGT,14,531021
araCp,5.421052631578948,120,18,TAATTCGGCGCGGTCGTTTA,102,531348
araCp,0.7894736842105263,32,18,TAAGCCCATCGCATAGTCCC,14,556112
araCp,1.631578947368421,48,18,GTTGTTCTCATATACGATCC,30,546064
araCp,1.263157894736842,41,18,GTTGAGCCGACTTCTATAAT,23,560563
araCp,1.4736842105263157,45,18,GTGGTCTCAGGAGGATTCGA,27,553411
araCp,0.6842105263157895,30,18,GTGATCCATCTGATTCCATA,12,540536
araCp,0.7894736842105263,32,18,GTCGCGAGGGTGTCAAGAGA,14,546627
araCp,0.631578947368421,29,18,GTCGAAATCCCACTCTCATG,11,529897
araCp,1.263157894736842,41,18,GTATTCGATATGAAGGACTT,23,538125
araCp,0.47368421052631576,26,18,GTATGAGCACACTTGCTTCT,8,532725
araCp,3.4210526315789473,82,18,GTATATGTACGTCCCTGCGA,64,536482
araCp,3.3684210526315788,81,18,GTACTAGCCTCTACCCCGCT,63,555350
araCp,0.3684210526315789,24,18,GTAACAAATTGCTGCCAATG,6,540856
araCp,0.8421052631578947,33,18,GGTCAGCAGAAAAGCAAATA,15,547614
araCp,2.0,55,18,GGGCCACAGCTATACATGAG,37,586680
araCp,0.21052631578947367,21,18,GGCGGCACACTAACCTAAAT,3,539250
araCp,0.8947368421052632,34,18,GGCGCCTCAACCGCAAATTT,16,568210
araCp,1.736842105263158,50,18,GGATTCTTAGGGAACGTTAG,32,599818
araCp,1.0526315789473684,37,18,GGATGTAGATTATTCGCTCT,19,569713
araCp,0.47368421052631576,26,18,GGATAGATAGACATGCGTTA,8,585768
araCp,0.631578947368421,29,18,GCTCTTAATCATCGAGGAGA,11,597401
araCp,0.631578947368421,29,18,GCCCCGCTGCTCAGCTCCGG,11,595001
araCp,1.7894736842105263,51,18,GCAGTCCTGGGGTGCGCATT,33,541571
araCp,0.5263157894736842,27,18,GCACTCAGATAAGAACATCA,9,573113
araCp,1.0,36,18,GCACCATGAATCCATATATG,18,559323
araCp,1.0526315789473684,37,18,GCAAGGATCCATACTCTCCG,19,534286
araCp,1.7894736842105263,51,18,GAGGCTTGACCCAATCTCAC,33,577806
araCp,0.8421052631578947,33,18,GAGAACTCCACATAATTGCA,15,526741
araCp,0.10526315789473684,19,18,GACTTGCGGGGTAGGTCGGC,1,579175
araCp,1.1578947368421053,39,18,GACGGCAAAAAGCTTATAGT,21,573817
araCp,1.105263157894737,38,18,GACCTCGACACTGATGATTA,20,595333
araCp,1.3157894736842106,42,18,GACACTATTACGTCCGTCTC,24,594627
araCp,0.47368421052631576,26,18,GAATTCGCCTATAAAAGGGC,8,587726
araCp,0.6842105263157895,30,18,GAATTAGTTGTGCGGAGAGG,12,554535
araCp,1.736842105263158,50,18,GAATAGTCCGTGTCGATTTG,32,566634
araCp,0.2631578947368421,22,18,GAAATGTCTTTGGTTAGTTA,4,587842
araCp,1.105263157894737,38,18,CTTGGAGCGATGAATGAAGC,20,529627
araCp,0.47368421052631576,26,18,CTGTGAGTATAGGGAGTGCA,8,533951
araCp,0.6842105263157895,30,18,CTGGACGTTCGCGTAACGAT,12,537331
araCp,4.631578947368421,105,18,CTGCGGTAATGGTGATTGCG,87,526655
araCp,1.1578947368421053,39,18,CTGACAGGTTCTGGGGATAG,21,534060
araCp,0.631578947368421,29,18,CTCTGTTAGGCTGGTTGTGT,11,598076
araCp,0.15789473684210525,20,18,CTCCTTTTAAGGTTTGTACG,2,553520
araCp,1.9473684210526316,54,18,CTCACCGGTCTCAAGAGATA,36,568670
araCp,3.8421052631578947,90,18,CTATACCCTTGTGAAATGTA,72,583768
araCp,1.736842105263158,50,18,CTAGTGGGCTCATCGCGGAG,32,580105
araCp,3.736842105263158,88,18,CTACGCCACCACTCTAGACA,70,537761
araCp,0.5789473684210527,28,18,CTAACCAATATTCGATTGCG,10,527511
araCp,1.368421052631579,43,18,CGTGAGTGTTTCGTCATATT,25,568227
araCp,0.10526315789473684,19,18,CGTCTAGGGTTGTGAATCGT,1,572931
araCp,1.4210526315789473,44,18,CGGTTATCAAGCGATCCACT,26,546910
araCp,1.1578947368421053,39,18,CGGGTTCGCACAAGATGCAT,21,551812
araCp,7.684210526315789,163,18,CGGATATCCACGGCTTTGAG,145,529178
araCp,0.10526315789473684,19,18,CCGTAATCCTCATCCATGTT,1,564316
araCp,3.473684210526316,83,18,CCCCTTTAATTTATGCGTAC,65,544753
araCp,0.8947368421052632,34,18,CCAACGGCCGTGTCCTACCT,16,552986
araCp,3.0,74,18,CATGGCCCACGGGCATGAGC,56,577080
araCp,0.9473684210526315,35,18,CAGGTTTCTCCAATTGGATG,17,533524
araCp,2.210526315789474,59,18,CAGGCTGGTGTGTGTGGAGT,41,556648
araCp,1.9473684210526316,54,18,CAGCGTTCAGGGCAAACACT,36,597033
araCp,0.10526315789473684,19,18,CAGCGGCCTGCGTGCGCCCT,1,530611
araCp,0.7368421052631579,31,18,CACTCAATATGGTTACGAAT,13,555570
araCp,0.47368421052631576,26,18,CACGTCAAGCCATATAGTTA,8,562837
araCp,3.1052631578947367,76,18,CACCACCGTCTCAGGGAACT,58,582956
araCp,0.9473684210526315,35,18,CACATCATCAATCTCGGGCA,17,586451
araCp,1.0526315789473684,37,18,CAAGTTCCAAAGTCCTAGCG,19,568056
araCp,0.42105263157894735,25,18,ATTTAGTTATGGTAGGTGCA,7,571310
araCp,0.631578947368421,29,18,ATTGGTGTGCTTATTATAGA,11,595334
araCp,0.8421052631578947,33,18,ATTCGCGAAACGCGGTCGCA,15,579963
araCp,0.10526315789473684,19,18,ATTAGTTTAATGGCGATACA,1,552233
araCp,0.5789473684210527,28,18,ATGCTCATCCTATGCGAGAC,10,541668
araCp,3.0526315789473686,75,18,ATGCGCTTCGGTCCGCTAGT,57,566077
araCp,0.7368421052631579,31,18,ATGCAGTACAAGGACTACAC,13,585012
araCp,0.2631578947368421,22,18,ATCCAAAGGGACCGCCCTCG,4,589891
araCp,1.4736842105263157,45,18,ATATCTGTCACTCCGAAAAG,27,557703
araCp,0.5789473684210527,28,18,AGTGAGTTGCGACAGCAAAG,10,531484
araCp,3.3684210526315788,81,18,AGCTTCCCACAATGCGTGTA,63,575742
araCp,1.9473684210526316,54,18,AGCCCTTGCTGATTGAAAGT,36,536324
araCp,1.9473684210526316,54,18,AGCATCGTAGGGTTTGGCGA,36,595294
araCp,1.0,36,18,AGATTCTTGTCATGGCGTGG,18,535027
araCp,1.6842105263157894,49,18,AGAGTCTGATGTCATACTGT,31,525883
araCp,0.10526315789473684,19,18,ACTCCCCAACGGGGTTGTCA,1,534908
araCp,2.1578947368421053,58,18,ACGTGATTTTGTGTCGGTAA,40,529150
araCp,1.368421052631579,43,18,ACGGAGGGCTGGTAACCTGT,25,583236
araCp,2.4210526315789473,63,18,ACGATTGTATCCAGGAATAT,45,558227
araCp,0.15789473684210525,20,18,ACGATTCTCCTCGGCCAGTC,2,575869
araCp,0.5263157894736842,27,18,ACAGTGCGTCTACAGGCCCG,9,543834
araCp,6.315789473684211,137,18,ACAACGATTGACCTCGGGCA,119,529372
araCp,0.8421052631578947,33,18,AATTCGGCGCAGCCGGGCAA,15,592150
araCp,0.6842105263157895,30,18,AATCGTTGGACGCATAAGGT,12,540940
araCp,1.5263157894736843,46,18,AATCCTCACTGCGCCCCATC,28,566312
araCp,1.0526315789473684,37,18,AATCACGCCTGCCAGACTCA,19,538243
araCp,0.6842105263157895,30,18,AAGCTCAGGCTTGAAGCAAA,12,555197
araCp,0.8421052631578947,33,18,AAGCGTATTTGTCATAGAAG,15,585531
araCp,0.6842105263157895,30,18,AAGCGCCCGCGTCCTATGAT,12,584940
araCp,2.789473684210526,70,18,AAGCATTTGTCTTACACTAT,52,561729
araCp,1.105263157894737,38,18,AACGTCGGCAGTATTTGCTT,20,567355
araCp,0.47368421052631576,26,18,AACGGCAGGTAATGATCCCG,8,600437
araCp,0.7368421052631579,31,18,AAAGCGCTTGCGCTGGATGC,13,584139
araCp,0.2222222222222222,20,17,TTTTCCGCGACGTGAAGGCC,3,586397
araCp,0.2222222222222222,20,17,TTTTAGTTGCTAGTGCAGAG,3,538576
araCp,0.8888888888888888,32,17,TTTGACAGCTATTCCAATGC,15,527959
araCp,1.6666666666666667,46,17,TTTCCAGGTTCCAGGTCGGG,29,555470
araCp,1.3888888888888888,41,17,TTTAAGCAGGCTGCTATTGT,24,576679
araCp,2.611111111111111,63,17,TTGTTACAGCAATATAGTCT,46,575109
araCp,0.5,25,17,TTGTGGTTTTAGGCCCTTTC,8,589260
araCp,0.6666666666666666,28,17,TTGTAACAATGAATCAACAG,11,582606
araCp,0.3333333333333333,22,17,TTGGTCTGGCAGGGGAGACA,5,528282
araCp,0.5555555555555556,26,17,TTCTCTGCGAGCCTGAGACG,9,583676
araCp,1.1666666666666667,37,17,TTCGACGGGGCCGAGGTCAG,20,578024
araCp,0.5,25,17,TTCATCTGTTTAACTGTATA,8,533104
araCp,0.7777777777777778,30,17,TTATCTCTTGATGCTGCGAT,13,554709
araCp,0.3888888888888889,23,17,TTATCGAATCGAAGCCACGC,6,548657
araCp,0.1111111111111111,18,17,TTAGGGTGCTGTATGAACTA,1,599750
araCp,0.3333333333333333,22,17,TTAGGGGCTTATGTTCGTGT,5,548954
araCp,0.7222222222222222,29,17,TTAGGACGCGTCGAGCATTG,12,569376
araCp,0.6666666666666666,28,17,TTACCGTGTTGAAAGTTCTA,11,571197
araCp,1.9444444444444444,51,17,TGTGAGACGGCGAATCGGAA,34,601268
araCp,0.4444444444444444,24,17,TGTGAAGGTTAAGGGACAAT,7,543966
araCp,1.0555555555555556,35,17,TGTCCTAGTATGCGGGATAA,18,589556
araCp,0.8333333333333334,31,17,TGTAACGTGCTGGCGAAGGC,14,539965
araCp,2.2222222222222223,56,17,TGGTGCGCGTAAGACCCATA,39,528425
araCp,1.2222222222222223,38,17,TGGCTACAGCCAATTTGCGT,21,533269
araCp,5.611111111111111,117,17,TGGCGAAGAGCAGCCTTTCA,100,592856
araCp,2.2777777777777777,57,17,TGGAGCCGCCTTTTCGGTCC,40,567508
araCp,0.4444444444444444,24,17,TGGAAGTTTATCAAGTCTAA,7,584730
araCp,0.6111111111111112,27,17,TGCTTTTACCTAAAGACCAT,10,575977
araCp,1.0,34,17,TGCTGCCTCTTAAGCGCCAA,17,568536
araCp,0.1111111111111111,18,17,TGCGCTTCCCGCGCAACGGT,1,530232
araCp,0.8888888888888888,32,17,TGCGACTTTGAAATGGCAGT,15,547227
araCp,1.8888888888888888,50,17,TGACGAACGTTTGTGAGGGA,33,590079
araCp,1.2777777777777777,39,17,TGAACGTAGAGTGTGTTAAG,22,574537
araCp,0.8888888888888888,32,17,TCTCTTGGCCGAAGCAGCTT,15,598132
araCp,1.4444444444444444,42,17,TCTATTCTAATCCAATCCCA,25,584143
araCp,1.1111111111111112,36,17,TCTATCGGGGATGATAGGGT,19,587243
araCp,0.9444444444444444,33,17,TCGTCCTTTCCGAAATCCTA,16,596487
araCp,0.8333333333333334,31,17,TCGCGAGCTCGGACTAGGGG,14,598015
araCp,2.2222222222222223,56,17,TCGCACGTCCATTAGGGGAT,39,575527
araCp,1.3333333333333333,40,17,TCGAAGCAAGGTTCACGCAT,23,531613
araCp,0.3333333333333333,22,17,TCCGAAGGGGGTTTCCGTCA,5,555438
araCp,1.0,34,17,TCCAATTAGTTCAACTACCT,17,525680
araCp,4.388888888888889,95,17,TCACTCGGGCAATTCCCGAT,78,533342
araCp,0.2777777777777778,21,17,TCAACTCGATGTATCATCTC,4,560296
araCp,1.4444444444444444,42,17,TATCAGCCCCTGCCCACGAA,25,533698
araCp,0.1111111111111111,18,17,TAGATTACAATGAGGAAGGT,1,571248
araCp,0.9444444444444444,33,17,TAGAGGGGCAAATTTCGTCA,16,592201
araCp,1.6666666666666667,46,17,TACATGCCCAAACCTCCCGG,29,552519
araCp,1.2222222222222223,38,17,TACAGGTGGTTTTGTTCCTG,21,539190
araCp,2.5,61,17,TAACAATGTCCGAACGTGCT,44,538577
araCp,0.16666666666666666,19,17,GTTTCCGGTGCTTTGCGTCT,2,600061
araCp,0.7777777777777778,30,17,GTTTCCAATCGTCTCCAATC,13,562661
araCp,0.1111111111111111,18,17,GTTGTACGAGATACTTGGTG,1,555546
araCp,0.4444444444444444,24,17,GTTCCGGGTCCCAACACTCA,7,525755
araCp,0.5,25,17,GTTCAGGCACTGGTTTGAAA,8,537332
araCp,0.2777777777777778,21,17,GTGTACGCGATTCATGTTAC,4,559750
araCp,1.5,43,17,GTGGTGTTACGCGTTTATTA,26,526764
araCp,0.7777777777777778,30,17,GTGGCGATGGTTCAGGGTTG,13,533658
araCp,1.1111111111111112,36,17,GTCGAAGCTTCTATGATCGT,19,567005
araCp,0.16666666666666666,19,17,GTATCCAGTGGTGTACTTCA,2,561881
araCp,2.5555555555555554,62,17,GGTGAGAAGTTCGTATTCTG,45,591345
araCp,1.6666666666666667,46,17,GGTGACTTGGGTACATCCTT,29,602369
araCp,0.2777777777777778,21,17,GGTCTGATCGATTTGACCAC,4,559319
araCp,1.6666666666666667,46,17,GGGTGCTTATTAGGAGCACT,29,528358
araCp,12.5,241,17,GGGTAGCCTATCCGCTGCGG,224,598481
araCp,1.2777777777777777,39,17,GGGAGTTCTCCTGTTTGTTA,22,566899
araCp,1.8888888888888888,50,17,GGCTGTTTCCTTTGGTTGGT,33,546126
araCp,1.1666666666666667,37,17,GGCTGTATCAGTCACCAGGT,20,578228
araCp,0.5,25,17,GGCCTTGGAAACGATCATTT,8,539260
araCp,0.6666666666666666,28,17,GGAGGTTTGATGTAGCTCGC,11,566435
araCp,0.5555555555555556,26,17,GGACTTCGAAACGGCGAGTC,9,530792
araCp,0.8888888888888888,32,17,GGACCCCTCTAACGCATGTT,15,550410
araCp,1.3888888888888888,41,17,GCTTGCTATACGCGGTCATA,24,582040
araCp,1.5,43,17,GCTTGAAACTTAACTTTATC,26,574471
araCp,0.5555555555555556,26,17,GCTATCTTTGCGCTATGACT,9,570525
araCp,1.5555555555555556,44,17,GCGTTATGTACGAGGCACTA,27,541804
araCp,0.7222222222222222,29,17,GCGTAAGTAGTTTGTCTGGT,12,543400
araCp,1.0,34,17,GCGGGCATTGCCTATCTGTC,17,529361
araCp,1.4444444444444444,42,17,GCGCGTACCGACGGTCTCTA,25,531286
araCp,0.1111111111111111,18,17,GACTCCCGGGGCCGAACTTC,1,589255
araCp,0.2222222222222222,20,17,GACTCACCATATGCCCTGAG,3,576711
araCp,0.1111111111111111,18,17,GACGTCGTATCAAGGCGAAT,1,546491
araCp,1.0555555555555556,35,17,GACGACAGCCGTTTCGTGGT,18,546328
araCp,2.2222222222222223,56,17,GAACTGGCCCCTCCCTGTAA,39,542363
araCp,0.6111111111111112,27,17,GAACTCGGAAGCTAACGAAT,10,530729
araCp,0.6666666666666666,28,17,GAAATTACGCTAAGCAAGGA,11,555791
araCp,0.7222222222222222,29,17,CTTTAGGTCGCGGATACTTT,12,543816
araCp,2.7777777777777777,66,17,CTTAACCAGAACAAACTCTA,49,565420
araCp,0.3333333333333333,22,17,CTGCCGTGGTCAGCCTACGT,5,584049
araCp,0.6111111111111112,27,17,CTCGTTCCTATCCACTTTAA,10,598680
araCp,0.7222222222222222,29,17,CTCCCGGTGGCGCTAAATAG,12,542183
araCp,0.1111111111111111,18,17,CTCATTTCGTGAAAAAATGA,1,595771
araCp,0.6111111111111112,27,17,CTATACCAAGCTTAGAAGTA,10,550730
araCp,0.5,25,17,CTAAAATGGCCATAATGCAG,8,560979
araCp,0.7222222222222222,29,17,CGTAGGCCGAGCCGAATTTA,12,579402
araCp,1.6111111111111112,45,17,CGGTTGAAAGGAACTGTTAT,28,549714
araCp,0.7777777777777778,30,17,CGGGCTCTAAGAGGCGTTCT,13,565637
araCp,0.3888888888888889,23,17,CGGAGTTGCACCCGTCCCGG,6,571166
araCp,1.8888888888888888,50,17,CGCTCTCCTCGCAATCGTTT,33,572740
araCp,0.5555555555555556,26,17,CGCAAATCCCGGCCCACATG,9,558093
araCp,0.5,25,17,CGATTCGTGGTGAGACAGAT,8,581673
araCp,0.5,25,17,CGATCCCATCATTCGGGAGT,8,601494
araCp,7.111111111111111,144,17,CGAGCCTCAGACAATTTCAT,127,576862
araCp,0.6666666666666666,28,17,CGAGCAGCATTAGTATTTGT,11,548552
araCp,1.5555555555555556,44,17,CGAATCACGTGTACCGATTT,27,541932
araCp,1.5,43,17,CCTTTGTATTGTTTAAATGA,26,530948
araCp,1.6666666666666667,46,17,CCTGACGCAAGGTCCAGGCT,29,526384
araCp,1.0,34,17,CCGTGGGGACAGTAGTTCCA,17,567621
araCp,0.1111111111111111,18,17,CCCGTTCGGAAACAAAAGGT,1,530270
araCp,0.6111111111111112,27,17,CCCGAAGGCTGTTCCCAAAA,10,592636
araCp,1.8888888888888888,50,17,CCACTAGCATAAAACGGGAA,33,537216
araCp,0.5555555555555556,26,17,CATGGCTTGGTTCACGCATT,9,563278
araCp,0.7222222222222222,29,17,CAGTGTTCGTCCAGGTCGTA,12,532685
araCp,0.3333333333333333,22,17,CAGGTCACAGTGGAGGACTA,5,547841
araCp,0.3333333333333333,22,17,CAGGTATCAAGCCCGTGTTG,5,573402
araCp,0.8888888888888888,32,17,CAGGGTGTGTTTATCTTTAT,15,595851
araCp,0.8333333333333334,31,17,CAGGCAACCATGGCTGCTGA,14,588862
araCp,0.3333333333333333,22,17,CACGTACCGTCCGCGGGATA,5,598161
araCp,0.4444444444444444,24,17,CAAGGCGTTCCTGCAAAAGC,7,536096
araCp,0.9444444444444444,33,17,ATTTTTTGAGTGCCGCAGGA,16,574459
araCp,1.1666666666666667,37,17,ATTACGTAGTGCCATCGCTT,20,568137
araCp,1.4444444444444444,42,17,ATGTGCAAGCGACTTAGCAT,25,573567
araCp,0.2777777777777778,21,17,ATGATCGCCATTGGCCACGA,4,588950
araCp,1.2222222222222223,38,17,ATCTAATGGGCACGGTAGCT,21,529459
araCp,1.1111111111111112,36,17,ATCATCGGAACCTGACGTAG,19,552559
araCp,1.2777777777777777,39,17,ATCAGGGGTGTCTCGTCTAG,22,569239
araCp,0.7222222222222222,29,17,ATCAGCCCGAGATGAGGGTT,12,538259
araCp,0.16666666666666666,19,17,ATCAGATAAGTCCATTTGAG,2,541718
araCp,0.9444444444444444,33,17,AGTGCTTCCCTAGGTATTAT,16,586588
araCp,0.7222222222222222,29,17,AGGATCTCAAACAACAGGTT,12,575979
araCp,2.5555555555555554,62,17,AGGATAAATGAACGGTATGG,45,561275
araCp,1.7777777777777777,48,17,AGGAAGAACTGTTTGATGAG,31,560569
araCp,0.7222222222222222,29,17,AGCCCCGGGGTCCTGATCAT,12,590705
araCp,0.8333333333333334,31,17,AGATCGTCCAGGTGAACCTA,14,583183
araCp,0.5,25,17,ACGTTGGTTGTCCCCCACTC,8,587667
araCp,0.6111111111111112,27,17,ACGGTACAAGTATGAAAGTA,10,572284
araCp,0.5,25,17,ACGCCGCCCATGGGCGTTTA,8,541210
araCp,0.8888888888888888,32,17,ACCGTTCCTTACCATACGGT,15,569216
araCp,9.222222222222221,182,17,ACCAGTAAGAACGGGTGGTA,165,544765
araCp,2.0555555555555554,53,17,ACAGCTTCTTCCCCGTAACA,36,592392
araCp,0.8333333333333334,31,17,AATTGAAGCAGAGAGCTCTA,14,583231
araCp,1.2777777777777777,39,17,AAGTTGCTGACTTAAGGGAA,22,559748
araCp,0.9444444444444444,33,17,AAGTCTGGCAAGGGCGAGGA,16,574273
araCp,0.1111111111111111,18,17,AAGTATGGGGTGAGCAGTCT,1,576252
araCp,0.7222222222222222,29,17,AAGCGGGATTCCAGACTCGT,12,579164
araCp,0.3333333333333333,22,17,AAGCGAGTTGCTGGGCATGT,5,542106
araCp,0.5,25,17,AACTGTCGGGTAGCTAAAAT,8,538986
araCp,1.0,34,17,AACCGTGCACGTGGGCCGAC,17,553037
araCp,0.6111111111111112,27,17,AAATATACCAAGCATGTAAT,10,560324
araCp,1.2777777777777777,39,17,AAAAGAAAAACAGGTTGTTA,22,534384
araCp,4.117647058823529,85,16,TTTGTTGTCATCAGAATCGA,69,530942
araCp,1.8235294117647058,46,16,TTTGGCTCCTTACTGTCGGA,30,561183
araCp,1.0588235294117647,33,16,TTTAGGTTTTGGATTACCCT,17,597672
araCp,0.7647058823529411,28,16,TTGGCCTATGCTTTATTTAT,12,561598
araCp,0.7647058823529411,28,16,TTCTCTTACACTGTAGGGTA,12,602160
araCp,0.35294117647058826,21,16,TTCGGCCAGGCGGAACGCGG,5,577522
araCp,1.2352941176470589,36,16,TTATACTTCGGGGTTCTACA,20,540325
araCp,0.7647058823529411,28,16,TTACGCCCTGTCCTCTCACA,12,538843
araCp,0.5294117647058824,24,16,TTACCCACTAAAAGAGATTG,8,560443
araCp,1.3529411764705883,38,16,TTAATGGTTCGTAATACATG,22,551250
araCp,1.2352941176470589,36,16,TTAAGTATCTAAGCAATTTA,20,592819
araCp,20.470588235294116,363,16,TGTTTTTGGGGGGACACAAA,347,532672
araCp,0.29411764705882354,20,16,TGTCCGCAGTCAGTTCCTCT,4,594794
araCp,0.29411764705882354,20,16,TGTCAACAGCTGGGTTCCGA,4,568492
araCp,0.7058823529411765,27,16,TGTACCAGGTCAGCTGTGGT,11,552097
araCp,1.411764705882353,39,16,TGGTAATGGAAACCAAAAGC,23,561336
araCp,1.0588235294117647,33,16,TCTCTACCGCCAGCGGCACA,17,580384
araCp,0.8235294117647058,29,16,TCTCGGCGCATGTCACGTTT,13,577782
araCp,0.6470588235294118,26,16,TCTCGCAGGAATGTTAGATG,10,546680
araCp,2.9411764705882355,65,16,TCTATTAACAAATGTCACTA,49,562951
araCp,2.588235294117647,59,16,TCGGCTGGGGATATACTCTC,43,590047
araCp,0.47058823529411764,23,16,TCCTTATGACTCTCTTACGA,7,554776
araCp,0.7058823529411765,27,16,TCCAGGCTCTATCAGATCAA,11,559101
araCp,0.7058823529411765,27,16,TCAAACTACAGCTGAGATCA,11,599088
araCp,1.8235294117647058,46,16,TATGGCCGGTAGGTGGCAGT,30,599116
araCp,0.7058823529411765,27,16,TATGGATTGCTAATCTTAAT,11,580858
araCp,0.7647058823529411,28,16,TAGCTATTGCTCGGCGGCAA,12,528708
araCp,1.6470588235294117,43,16,TAGCAATCATTGGAAAGTTT,27,601741
araCp,0.17647058823529413,18,16,TAGAAACCAGTTAACAGCGT,2,580725
araCp,0.47058823529411764,23,16,TACTGTCTTGTCCTCCGAAG,7,572798
araCp,0.8823529411764706,30,16,TACTGGCACTTATCCAAGCT,14,593651
araCp,1.588235294117647,42,16,TAATTCTTTGTATTACTTTT,26,579435
araCp,0.9411764705882353,31,16,TAATGTAGTTATGGCCCCAG,15,593284
araCp,0.7058823529411765,27,16,TAACAACTCCTTCAAGTAGA,11,545843
araCp,0.7058823529411765,27,16,GTTTAGGTTTATCATTCTAC,11,576664
araCp,1.1176470588235294,34,16,GTTGGCGGTCCGTAAGCCGC,18,568699
araCp,0.7647058823529411,28,16,GTTACTGTAACGGCGCGCAT,12,559753
araCp,0.11764705882352941,17,16,GTGTGTTTTGTGACCTATAG,1,527202
araCp,0.7058823529411765,27,16,GTGTGCGTCTATCAGAGTAT,11,557761
araCp,0.8235294117647058,29,16,GTCCTACGGTCGGACACAGA,13,547652
araCp,0.47058823529411764,23,16,GTATGCGCGGAGTACGGCAA,7,592998
araCp,1.6470588235294117,43,16,GTATCGCATGGCCGGACGGC,27,550344
araCp,2.588235294117647,59,16,GTAGCGACCTCCTAAAACGC,43,586961
araCp,2.411764705882353,56,16,GTACAGTTATGCGGCTCTCT,40,598440
araCp,1.1764705882352942,35,16,GTAACCAAATCTAAGGGGGT,19,575110
araCp,3.6470588235294117,77,16,GGTTGCAAGCCCGAAAGGAT,61,592371
araCp,0.47058823529411764,23,16,GGTGTATCCTGTTTAAACCA,7,563915
araCp,1.1764705882352942,35,16,GGTCGATACAGAAGTTAGGT,19,570329
araCp,0.8823529411764706,30,16,GGTCCGCTAGCGAGACAGTA,14,566979
araCp,1.1176470588235294,34,16,GGGTCGGTTGGGGGATAGGA,18,538099
araCp,4.764705882352941,96,16,GGGTAGCACAGATTCACATA,80,581736
araCp,0.6470588235294118,26,16,GGGTACTGCTCTGACGCACA,10,539137
araCp,0.8235294117647058,29,16,GGGGACGGTTTTGTTTGGGA,13,545725
araCp,0.7647058823529411,28,16,GGGCGTGCAGGCGTTTGTTC,12,590964
araCp,1.0,32,16,GGCTTTAGATCATGAGCTCA,16,560969
araCp,0.5294117647058824,24,16,GGCGTGGTTGCCGCTCCGTA,8,538725
araCp,0.8235294117647058,29,16,GGCATGGTACCTCAAATTGG,13,580226
araCp,1.3529411764705883,38,16,GGATGACGAAAGCGCCACGT,22,571856
araCp,1.6470588235294117,43,16,GGACCCTGCATCCGACGGAC,27,592913
araCp,1.0588235294117647,33,16,GGACACAGGTATCGATTAAG,17,595841
araCp,0.47058823529411764,23,16,GGAATAATTCGCCGTGTATA,7,572593
araCp,0.5882352941176471,25,16,GCTGTCAGTTCCATACACTT,9,592538
araCp,1.1176470588235294,34,16,GCTCTATCGAGAACTCAGAT,18,560352
araCp,3.8823529411764706,81,16,GCTCACTCTCTGTTCAATGG,65,543664
araCp,1.1176470588235294,34,16,GCGTTAAGATCCGCTGGCTG,18,593395
araCp,1.5294117647058822,41,16,GCGACCCGAAGTTCCTCTAG,25,588907
araCp,0.29411764705882354,20,16,GCCGGCAGTAACGCTAACGC,4,552610
araCp,1.5294117647058822,41,16,GCAGTGCTGGGCTATGATGT,25,555811
araCp,0.4117647058823529,22,16,GCAGATTGCGTGACACTGAA,6,533661
araCp,1.1176470588235294,34,16,GCACTTCGCACGACGAAGCT,18,535780
araCp,1.0,32,16,GCACACGCATCCCGTCTCCC,16,533742
araCp,0.8235294117647058,29,16,GATCTTTATACATTTCGCTT,13,573655
araCp,2.235294117647059,53,16,GATCAGTGTCTTAGCGTTTC,37,562942
araCp,1.1764705882352942,35,16,GAGGCTGACATGGCGGTACA,19,567827
araCp,1.0588235294117647,33,16,GAGCAGATGGCCAGGCGTTG,17,550016
araCp,1.6470588235294117,43,16,GAGATAGGCCATGACCGTAG,27,553210
araCp,1.0,32,16,GAGAAACGGGTGCACTTCTG,16,535571
araCp,1.8823529411764706,47,16,GACTAAAGAAAAGTAAACCT,31,573232
araCp,0.47058823529411764,23,16,GACACGGACACGGTCACTAT,7,602000
araCp,1.0,32,16,GAACAGGGTCTCTAATTCCT,16,562215
araCp,1.2941176470588236,37,16,CTTTCCCCTGGGTCCCATAG,21,528055
araCp,3.6470588235294117,77,16,CTTATTCCCAATCGGTCGGT,61,571777
araCp,1.1764705882352942,35,16,CTGTTCCGACTCCTGTGTAT,19,593914
araCp,0.4117647058823529,22,16,CTGTCGCCAGAGGAGGGGCA,6,579530
araCp,1.9411764705882353,48,16,CTCTAACCAGTACGCGCTCT,32,593005
araCp,0.5882352941176471,25,16,CTCGGCTAGGACGCCCGAGG,9,543898
araCp,0.4117647058823529,22,16,CTCCCATGCGCATACTCAGT,6,545069
araCp,0.8823529411764706,30,16,CTCCATAGGTTTGGCGGCCT,14,552761
araCp,0.35294117647058826,21,16,CTCAAGTAGGCTCAACATCC,5,567392
araCp,0.4117647058823529,22,16,CTATGCGCTGTGCTCAGCGA,6,538088
araCp,0.17647058823529413,18,16,CTATCACGCGCAATTCATCT,2,526036
araCp,0.8235294117647058,29,16,CTAAGCGGTTGCTCACATGC,13,562297
araCp,1.0588235294117647,33,16,CTAAGATAACTTCGAACTCT,17,539136
araCp,0.4117647058823529,22,16,CGTTACGCAAGTCACCACTA,6,586436
araCp,0.4117647058823529,22,16,CGTCCGAGGCGCTACTATAG,6,560712
araCp,0.7058823529411765,27,16,CGGGGACCGGTACTAGATTG,11,583868
araCp,0.8235294117647058,29,16,CGGCCTGCGAAGTGCCGGGT,13,542253
araCp,0.35294117647058826,21,16,CGGACGAGGTAAGATAAGAA,5,548561
araCp,24.11764705882353,425,16,CGCTTTAGCTGACTCGGGAC,409,577449
araCp,0.47058823529411764,23,16,CGCTGCACCCGTCAATCGAT,7,579059
araCp,1.2352941176470589,36,16,CGCTGACCGCGGGCGACTCA,20,554346
araCp,6.176470588235294,120,16,CGCGAGTTCGATGGCTCTTG,104,544756
araCp,1.0588235294117647,33,16,CGCCGGAGCCGTTAATTCTA,17,588945
araCp,2.235294117647059,53,16,CGATTCAATCAGTTAACCAC,37,594699
araCp,0.8823529411764706,30,16,CGACGTTCACAAAGGAGATT,14,600010
araCp,2.235294117647059,53,16,CGACAGTTTCCGTAGTGGTA,37,566812
araCp,2.0,49,16,CCGTTTTCCCCCCTTACCCG,33,544268
araCp,0.4117647058823529,22,16,CCGTGTTCCATTGGCAGACA,6,551129
araCp,0.6470588235294118,26,16,CCGGAACTATCGCGTCCTAT,10,548072
araCp,0.9411764705882353,31,16,CCCCCCGCAGTAAATAAAAC,15,527016
araCp,0.7058823529411765,27,16,CCCAATGTGCAGAAATTATA,11,528162
araCp,1.411764705882353,39,16,CCAGTATCATTTCACGCGTT,23,571834
araCp,0.29411764705882354,20,16,CCAATGGAACTTCGATTGTC,4,577021
araCp,1.4705882352941178,40,16,CATCATACTGTACACGGGTT,24,555658
araCp,0.4117647058823529,22,16,CAGGTGGACAGGTCTTATGA,6,560176
araCp,2.3529411764705883,55,16,CAGGTCACTTGACGACTTAT,39,531632
araCp,0.7647058823529411,28,16,CAGCTGTTCGACGGCACCTC,12,557490
araCp,0.5882352941176471,25,16,CACGCTGGCCCATTTTTCTA,9,532389
araCp,0.11764705882352941,17,16,CACCGCCACTCCGCCGATGA,1,527594
araCp,0.29411764705882354,20,16,CAATTTCGTTAACCGGATAT,4,546679
araCp,0.17647058823529413,18,16,CAATCTTGAGCATGTTGGTT,2,544179
araCp,1.1176470588235294,34,16,CAATCCGCCCACGTCTATAG,18,587059
araCp,1.2352941176470589,36,16,CAACTACGTAAAGCTCTATG,20,544561
araCp,1.8823529411764706,47,16,ATGTCGTGCTACTGTGGCAT,31,530877
araCp,1.7647058823529411,45,16,ATGGGTATGGATATAAAGTA,29,598576
araCp,1.1764705882352942,35,16,ATGCTATCCTTACGCGTGAT,19,577622
araCp,0.29411764705882354,20,16,ATGCATTTAGACCTTTCTCT,4,531746
araCp,0.5294117647058824,24,16,ATCTAACGGAACAAGCCGTT,8,575807
araCp,0.17647058823529413,18,16,ATACTGCGACGCCTGCTACA,2,593593
araCp,0.4117647058823529,22,16,ATACAGATAATCCGCCCCAT,6,541341
araCp,0.7058823529411765,27,16,AGTGACCGGGGGTGATGTAC,11,550027
araCp,4.411764705882353,90,16,AGTCTTGGAACTATGTTAAT,74,534463
araCp,6.705882352941177,129,16,AGTACGTTGTAAGCTCGACA,113,555354
araCp,1.5294117647058822,41,16,AGGGTTCGTATGGGTGGCGC,25,579769
araCp,2.1176470588235294,51,16,AGGCAATGGCCTCGGTAGGA,35,569578
araCp,0.8235294117647058,29,16,AGGACAAATGAGTGATGCCA,13,534416
araCp,0.35294117647058826,21,16,AGCTCGTCGGATAGGTGAAG,5,592040
araCp,0.8235294117647058,29,16,AGCTATCGCGGTGTAGCGGG,13,544096
araCp,1.1176470588235294,34,16,AGCTAATACGATGGTCTACG,18,541573
araCp,1.5294117647058822,41,16,AGCGGAGCGGTTCAGCCCCG,25,540769
araCp,2.764705882352941,62,16,AGAGGCACGCGTCACTGCAT,46,539289
araCp,1.1764705882352942,35,16,ACTTGCCCGGCCGACACGGG,19,596696
araCp,0.8823529411764706,30,16,ACTCTACACAGTCCGTCCTA,14,555145
araCp,3.5294117647058822,75,16,ACTCCAAAGCCAATCGTGAA,59,557286
araCp,0.4117647058823529,22,16,ACGTGATTCAGGACGAAATT,6,573385
araCp,1.0588235294117647,33,16,ACCAGGGAGGACAGGACTAA,17,544750
araCp,2.6470588235294117,60,16,ACCAACTAGCACTGGGGCCT,44,595283
araCp,2.764705882352941,62,16,ACATAACCGCAGTGCAATAA,46,602959
araCp,0.11764705882352941,17,16,ACACGTGTTGATTTTAGCTC,1,543651
araCp,1.1176470588235294,34,16,ACACCGCGCATGGCTAGCCT,18,531086
araCp,1.588235294117647,42,16,ACAAGCAGTAAAACCGGGAT,26,532549
araCp,0.4117647058823529,22,16,ACAACACGAGCGCAGCCTGA,6,595295
araCp,1.8823529411764706,47,16,AATTGAACCAAGATATGGTA,31,556661
araCp,1.0,32,16,AATTCGTCTCATGCTCCTCG,16,567438
araCp,0.35294117647058826,21,16,AAGTGTTAAGAAAAATAGCG,5,595005
araCp,0.8235294117647058,29,16,AAGCGACATATTGATCGATC,13,566364
araCp,2.5294117647058822,58,16,AAGCCATCGCGGTACTTGCA,42,545037
araCp,1.2352941176470589,36,16,AAGCATAGTAGTGAACTTCT,20,586435
araCp,0.11764705882352941,17,16,AACCGTGTGGCCGAACCCAT,1,599151
araCp,3.411764705882353,73,16,AACCAATAGACCTCCTCCGA,57,595444
araCp,0.11764705882352941,17,16,AACACGAGCAGATGTGAATC,1,570643
araCp,0.23529411764705882,19,16,AAATCTCAGGGTAGTTCTTT,3,557482
araCp,0.8125,27,15,TTTTCGCCATAGCGGACTAC,12,552173
araCp,1.0,30,15,TTGTGTGGGTTAAAAAGGAA,15,536767
araCp,0.5625,23,15,TTGCTAGTTAGCGCCGGGAT,8,560440
araCp,1.75,42,15,TTGCGCTTGAGCCACAACTT,27,573647
araCp,0.125,16,15,TTGACGTCGAAGGACAATTG,1,583866
araCp,0.9375,29,15,TTGAAGCAGACGGTCGTATT,14,547880
araCp,0.625,24,15,TTCATAGAGATAAAAAGATT,9,565513
araCp,1.0625,31,15,TTAGCCTCGGCAAACTCTAC,16,560454
araCp,1.1875,33,15,TTACTTACGGAACCCAGCAA,18,546338
araCp,0.875,28,15,TTACGGTACATTCAAACGGG,13,541876
araCp,0.75,26,15,TGTACATAGGTCCCCTCGGA,11,603717
araCp,0.375,20,15,TGTAAAGCTTGAAAGATGGA,5,575415
araCp,1.6875,41,15,TGGTTGGATATCCCGTTTGG,26,545979
araCp,1.5625,39,15,TGGTTCAGTTTCCAACTATA,24,528284
araCp,0.8125,27,15,TGGATCTGCGGGGCGGTGAT,12,562843
araCp,1.25,34,15,TGCGTCATGCACGGCGAGCG,19,542222
araCp,0.5,22,15,TGCGGATCAGAGTTGATACA,7,572541
araCp,2.125,48,15,TGCAGCTAAACAGGTAGGGT,33,567893
araCp,0.125,16,15,TGACATAGGAAGTAGAACTA,1,557414
araCp,1.625,40,15,TGAACAGCTCAGGAAAGTTG,25,588762
araCp,0.5625,23,15,TCTTTGACTACCCGTATTAA,8,547012
araCp,3.875,76,15,TCTTTCGTGTTCCGGCTGCG,61,530047
araCp,1.9375,45,15,TCTTTAACTTTACGTCGTAG,30,574792
araCp,0.875,28,15,TCTCTTCGACGGCGGGAAGT,13,554048
araCp,0.6875,25,15,TCTCACGACCGGATCACCGT,10,526182
araCp,1.375,36,15,TCTAACGCTGGTTGGTTCAG,21,527873
araCp,1.0,30,15,TCGCTCAACCTAGCTGTTGT,15,535402
araCp,0.8125,27,15,TCGCAGTGGTTCTACTTGTG,12,599211
araCp,2.1875,49,15,TCGATGAAGCTTAAAGCTTT,34,549881
araCp,2.125,48,15,TCCTTCAACATGAACTAAGC,33,530612
araCp,1.875,44,15,TCCTGTTTGTCTCTATTTGA,29,598945
araCp,0.6875,25,15,TCCTCAACATGATGATTTAT,10,563757
araCp,3.875,76,15,TCCGTGTATAGGCAGAAACT,61,528066
araCp,0.5,22,15,TCCGGTGTGCGTGGGGATGT,7,529798
araCp,0.875,28,15,TCCCAACGAAGCTTAAGATG,13,563900
araCp,3.5,70,15,TCCACTTTAGATTGTGAGAA,55,528953
araCp,0.625,24,15,TCCACGCAGTGACGACGGAG,9,575658
araCp,1.6875,41,15,TATTCCGGACAAAAGCTCTG,26,534380
araCp,3.1875,65,15,TATGATCGGCACATAAACGT,50,594263
araCp,0.25,18,15,TATATAGCGAAGTTTGAGGA,3,589601
araCp,0.1875,17,15,TAGGCTCCGGTGGCCCCAAG,2,550340
araCp,0.4375,21,15,TAGCGCCTAGCGTTGGATCA,6,563305
araCp,1.5625,39,15,TAGCCAGCCAACAGGCGTAT,24,540958
araCp,7.75,138,15,TAGCATCTAGGGACAAGTGT,123,555455
araCp,4.0625,79,15,TAGAAGGACCGTAAAATAAC,64,578512
araCp,0.625,24,15,TACGATTGAAAAGCGGTCAA,9,553480
araCp,2.0,46,15,TACATAACTATTTCGACCGA,31,546055
araCp,1.875,44,15,TAAAGAGCACCGCCAAGCAT,29,599349
araCp,0.375,20,15,GTTCCAGCACGTAGACGTCA,5,572170
araCp,1.0,30,15,GTCGTCATGGGGTCATCCTC,15,545138
araCp,0.875,28,15,GTCCGCTGTATGTGTGATAA,13,541790
araCp,0.125,16,15,GTCACCACTCGGAAAGTGGC,1,564854
araCp,2.625,56,15,GGTGGATACTAATGCGGTCT,41,556589
araCp,1.3125,35,15,GGTCAACCTTGGCTTAAGTA,20,534152
araCp,3.125,64,15,GGTATAACTAAAAGTGATCA,49,598920
araCp,0.75,26,15,GGTAACCAGAATGGCCAACT,11,532607
araCp,2.4375,53,15,GGGTGTACTGCGAATAAGGA,38,535882
araCp,1.1875,33,15,GGGTAGTTGTCAAAATTTTA,18,535618
araCp,0.875,28,15,GGGGAGCGCCTGAGCCCTAC,13,536619
araCp,1.4375,37,15,GGGATAACGTCCTCAGCTCT,22,536156
araCp,0.125,16,15,GGGAAACAGCCATATGCATT,1,545531
araCp,0.125,16,15,GGCCGATGCCCGGGCACAAT,1,542905
araCp,2.0,46,15,GGATCGTAAATACCCAGGGG,31,526558
araCp,4.125,80,15,GCTACTTACCAGGTCGCTCT,65,568759
araCp,1.0625,31,15,GCGGATGGGGTCGAGGCTAT,16,581258
araCp,0.6875,25,15,GCGCCAGGCCTCAAGAGTTA,10,600359
araCp,1.625,40,15,GCGCAGGGGAAGAGGTAAAA,25,565606
araCp,1.3125,35,15,GCGATGCGGGACACGCCACG,20,537270
araCp,2.3125,51,15,GCCATACGATGATAAACAGG,36,559459
araCp,1.6875,41,15,GCCAAGCTGAAAGACCGGTC,26,573767
araCp,1.3125,35,15,GCCAAGCTCGCCTACTTATA,20,546186
araCp,5.75,106,15,GATTGTAATGAAACGATCCC,91,551395
araCp,2.0625,47,15,GATGTCAAATGCGTCCTGTA,32,544955
araCp,0.75,26,15,GATATAGCTCTGTAGCTCCA,11,562885
araCp,0.5,22,15,GACTTTGTGCGGTTTATCAT,7,558141
araCp,1.625,40,15,GACTAGCTTGCTTTTCATAC,25,554477
araCp,0.25,18,15,GAAGTCGGGTAATAGCGAAC,3,559658
araCp,0.75,26,15,GAAATTTCATAGGAGACGTA,11,593720
araCp,0.625,24,15,GAAAGTGATCCTGAAATGTA,9,546534
araCp,2.375,52,15,CTTGGGCGCAGTGGCCAATG,37,528789
araCp,0.8125,27,15,CTTGCTTTTGACTGCCTGAG,12,559751
araCp,0.6875,25,15,CTTGATTCTTGGTACGCGTG,10,587856
araCp,1.75,42,15,CTTCAGTCAAATAAACTTAT,27,528488
araCp,1.0625,31,15,CTTAATACATGAATCCCTTT,16,590365
araCp,0.3125,19,15,CTGGTCTTCGGGAGCATACG,4,550735
araCp,0.125,16,15,CTGGGGTGTGAACGAGATGA,1,597975
araCp,2.625,56,15,CTGGGCTCCGGGAGGTTTTT,41,597468
araCp,0.25,18,15,CTGGGACTGCATATTCTCGC,3,567077
araCp,1.4375,37,15,CTGCCGATTCCACGCGGCTA,22,554666
araCp,0.75,26,15,CTGAGTCCCAAACCCAGGCG,11,560386
araCp,1.6875,41,15,CTCGGAAACTATTCGAGCTG,26,580369
araCp,0.6875,25,15,CTCGCGGTGCCGTCCGCGTG,10,595443
araCp,2.9375,61,15,CTATTTGTGCTTTCCACGGT,46,600655
araCp,1.0,30,15,CTAAGCACACATTTTGTGAC,15,575107
araCp,2.3125,51,15,CGTTGCTCAGCGGCAGATCG,36,533608
araCp,0.8125,27,15,CGTTCCATCGCGTCCCTCCC,12,551585
araCp,0.9375,29,15,CGTGCGTCTTCCACACCTAC,14,555760
araCp,0.3125,19,15,CGGTACGGTATCGGCTTAAT,4,592379
araCp,0.6875,25,15,CGGCGGGGTTACAATTCAGA,10,570871
araCp,0.8125,27,15,CGGAGGGGCTCGGGTACTTA,12,591102
araCp,2.625,56,15,CGGACGCCGTCGAGGATGTG,41,537220
araCp,0.8125,27,15,CGCGGATTTATACGATCGGC,12,603322
araCp,0.6875,25,15,CGCCACTTGAATTGGAGTTA,10,562393
araCp,15.3125,259,15,CGATGGGAAAGGGTAGTCAG,244,602851
araCp,0.6875,25,15,CGATCCGCGCCTTGTGACAA,10,558107
araCp,1.1875,33,15,CGAGGGGCTTCGAAAGATTG,18,548351
araCp,0.625,24,15,CGACCTACTAGGCAGGTCGT,9,599918
araCp,0.9375,29,15,CGACAGCGTTCTGGGCAGTA,14,601107
araCp,0.9375,29,15,CCTGCTACATGAGAGCTATT,14,557563
araCp,3.875,76,15,CCTAGGGCCAGACCATAACT,61,586686
araCp,1.875,44,15,CCTACTTGGGAATGACTTAT,29,531291
araCp,0.5625,23,15,CCTACATGCGAAATCACGAA,8,568150
araCp,1.125,32,15,CCGTGCTATGCTCGTTAGAT,17,526217
araCp,0.75,26,15,CCGTGACGGCCGTGCTCACC,11,575969
araCp,47.5,774,15,CCGGAAGCCGCTTGGATTCA,759,588764
araCp,2.1875,49,15,CCGCTGCGCTAAAGGGCGTA,34,549856
araCp,1.4375,37,15,CCGATTAGCCTAAATCCGCT,22,528451
araCp,2.875,60,15,CCGAAAGGGTATGTGACGGA,45,566662
araCp,0.75,26,15,CCCTGGTTGGACAGGTTTAG,11,548165
araCp,1.5,38,15,CCCGTATATTCGAAAAGTTA,23,568997
araCp,1.5625,39,15,CCACTGTTTACAATGTGTCA,24,530230
araCp,1.25,34,15,CCAAAAGCATCTTCAGTGTT,19,600923
araCp,0.625,24,15,CATTACTGAGAGGGTATCCA,9,546141
araCp,1.0625,31,15,CATCTAGCTGAAAGCGGGCT,16,584440
araCp,0.875,28,15,CATATCGGTGAAGACAGCTA,13,533015
araCp,1.625,40,15,CATAGCCATTTGCATGTCTC,25,564734
araCp,2.8125,59,15,CAGTGTTCCGCCTGTACATA,44,581245
araCp,3.5,70,15,CAGAATGGGGTGGACAGTCG,55,594785
araCp,0.3125,19,15,CACTCACGGTCATACGCCGT,4,548172
araCp,0.75,26,15,CACGGCCCTGAAGGATTCTG,11,530199
araCp,0.875,28,15,CACGGACGGCCATTATTAAG,13,539919
araCp,1.0625,31,15,CACAGCACACATGCACGAAC,16,558546
araCp,1.9375,45,15,CAAGCATGGCTCTTATGCGC,30,596832
araCp,0.9375,29,15,CAACTAATCTTGTACTCATT,14,577745
araCp,1.9375,45,15,CAACGGTGCTCAATAATTTA,30,529095
araCp,1.1875,33,15,ATTTTTATGTTAGTGGCTGC,18,597775
araCp,0.625,24,15,ATTTCAACCTGCGAATTCAT,9,528570
araCp,1.5625,39,15,ATTCCCACAGGAACACACCA,24,548352
araCp,0.375,20,15,ATTCCATCTCCGGTTGACAA,5,584822
araCp,9.625,168,15,ATGTGAATAGGGGTTTAACT,153,537271
araCp,0.875,28,15,ATGAGGGCGAGTCAAGTGCA,13,561848
araCp,0.75,26,15,ATGAAACGTACATTACGGTC,11,589414
araCp,1.0,30,15,ATCTGTTAGTCAGGCAATTC,15,543605
araCp,2.75,58,15,ATCGTAGCAGTGTCCACGCA,43,600540
araCp,0.9375,29,15,ATCGAGGCCATTAGTGGGGT,14,572232
araCp,0.8125,27,15,ATCCTGTTCTCGATCAACGG,12,527159
araCp,0.625,24,15,ATCCGAGGGGCTTTGGCCCT,9,566966
araCp,0.6875,25,15,ATAGTCCTGCCCGAAAATGG,10,567560
araCp,7.75,138,15,ATACGGTATGCGAGGAATAT,123,546329
araCp,0.375,20,15,ATACCTGTGCTATGGTGGGA,5,594002
araCp,2.75,58,15,AGTTTGATAGAGCAGCTGTA,43,580910
araCp,0.5625,23,15,AGTATACTGATTCTTCAAAT,8,573119
araCp,1.3125,35,15,AGGTACGTCCCTCTCCATTG,20,569877
araCp,4.8125,91,15,AGGGAACTCCCTGTGAGCAA,76,588905
araCp,1.4375,37,15,AGGAGGCTAAACAATCGAGA,22,591508
araCp,0.125,16,15,AGCGCTATGTCTGGAGGGAT,1,577620
araCp,0.625,24,15,AGCCCGAAAGGTACGCGAGG,9,588424
araCp,0.1875,17,15,AGATAGGAGTTGACGAAGCG,2,576583
araCp,1.1875,33,15,AGAGTATTGGTCCTAGGGTC,18,575252
araCp,2.5625,55,15,AGAATGATTGCGTTTCAATG,40,602334
araCp,0.5625,23,15,ACGTAGCGCTAGCGAAGGAT,8,595330
araCp,0.875,28,15,ACCAGAGCATTACAGAGTGA,13,585890
araCp,1.6875,41,15,ACATGGATTTGATGCAGCAA,26,537204
araCp,1.6875,41,15,ACAGGTAACACGACTCGGAA,26,578054
araCp,0.5,22,15,ACAGGCGCGGTTAGCTGTAA,7,537506
araCp,34.8125,571,15,ACACCCGAGTGCTTTTAAGA,556,551756
araCp,0.125,16,15,ACAACGATCGCCAGAGGCTG,1,591171
araCp,0.75,26,15,AATGTTTGAATTGCCCGAAG,11,555245
araCp,0.3125,19,15,AATGTTTAAGTGACTCAATT,4,580801
araCp,1.5,38,15,AATGGACCCCGAAAAGATAA,23,595440
araCp,4.3125,83,15,AATCGAGGATTTGTAGCCAA,68,561542
araCp,1.125,32,15,AATATTGTCATACATGGTAA,17,551815
araCp,0.125,16,15,AAGCGTGTGGGATACTTTTA,1,576432
araCp,0.9375,29,15,AAGAGCGGAAAGGTTCGCGG,14,569832
araCp,1.0625,31,15,AACTGGAAAATTTGCCAAGT,16,528844
araCp,0.8125,27,15,AACTCCATATTGCTGCTCTA,12,566824
araCp,0.4375,21,15,AACCGTCCCCATTTCATTAT,6,540596
araCp,0.8125,27,15,AACCCCATATACCTTAACTA,12,540746
araCp,2.25,50,15,AAACTTATGTATTCCTTGGG,35,580142
araCp,1.375,36,15,AAACGTTCACCACACCACGT,21,538858
araCp,1.6,37,14,TTTTTCCAAGAATGCCGACA,23,568989
araCp,0.4,19,14,TTTGTGCAGTCAAACCTCCT,5,553593
araCp,1.2,31,14,TTTGTCACCCATTCGTATTC,17,557810
araCp,2.1333333333333333,45,14,TTTGCGTCTATCAAATCAGC,31,586493
araCp,4.6,82,14,TTTCTCGAGGCTCGAGTGAT,68,565933
araCp,0.8,25,14,TTTCCCATCGCCCGGGACCT,11,565753
araCp,1.0,28,14,TTGTTCTAGTGAACTCAAAA,14,597356
araCp,1.6666666666666667,38,14,TTGCGTATGTGTGGAATTTG,24,554827
araCp,2.6,52,14,TTGCAACATGTGGAGCACGT,38,541661
araCp,5.266666666666667,92,14,TTGATATATTTTGAAGTTGG,78,596713
araCp,3.066666666666667,59,14,TTCTTGGACGTTGCTTGGCG,45,548123
araCp,1.9333333333333333,42,14,TTCCGTTTCGACTAAAACTT,28,565994
araCp,0.8666666666666667,26,14,TTCCACAGTCCATATAATCT,12,591353
araCp,0.6666666666666666,23,14,TTATCCATCGACATCCACGC,9,544945
araCp,0.8,25,14,TGTTTACATCCCAAACAACA,11,601437
araCp,1.2666666666666666,32,14,TGTTGTAGGATTGTCTCGTG,18,575701
araCp,0.7333333333333333,24,14,TGTCCTTCGTGAAGCATATC,10,544262
araCp,1.4666666666666666,35,14,TGTATAGAACTCCCCTAATA,21,546189
araCp,0.8666666666666667,26,14,TGGGATCGGTTAAATCTTCT,12,575536
araCp,0.13333333333333333,15,14,TGGCGACGTATGGATTGAAT,1,592726
araCp,0.8666666666666667,26,14,TGGATCAAACGCCTTCCTAG,12,537023
araCp,1.1333333333333333,30,14,TGCTGGGCGGGACCCCGTTT,16,568418
araCp,1.4,34,14,TGCGTATGCAGAAGAATCGA,20,553250
araCp,0.9333333333333333,27,14,TGATTTCCAATGGGCTTGGA,13,558198
araCp,0.9333333333333333,27,14,TGATGATCCCGCCGTCTTTT,13,554402
araCp,3.2666666666666666,62,14,TGACTTTGCTATAACTCGTA,48,593404
araCp,1.8,40,14,TGACCAGGAATGCTATACTC,26,531325
araCp,1.3333333333333333,33,14,TCTTAGAATCAGTAGTCAAG,19,594935
araCp,0.6666666666666666,23,14,TCTGTCCTCCCGCTTAACGA,9,583747
araCp,2.3333333333333335,48,14,TCTAGCAACACATAACTTTA,34,554525
araCp,0.7333333333333333,24,14,TCTAAGGAGGTGCATTAGCA,10,538001
araCp,3.6666666666666665,68,14,TCTAAACTGGCGTGTCCGAG,54,553273
araCp,1.1333333333333333,30,14,TCGTTGGTCGATTTTTACTA,16,548694
araCp,3.8666666666666667,71,14,TCGTAGGGTGATGATGCTCT,57,537350
araCp,1.8666666666666667,41,14,TCGCTAGTGCAAAAATTTCC,27,588065
araCp,0.6666666666666666,23,14,TCAGATGGCTTCCCTTGTCT,9,550678
araCp,3.533333333333333,66,14,TCACCCGGTCTGAGTAAGCA,52,529018
araCp,2.8666666666666667,56,14,TCACCCCTAAGAAAGGATTA,42,539026
araCp,0.6,22,14,TCAATTGTAAGGCGTCAAGC,8,527362
araCp,2.6666666666666665,53,14,TATTGGGGTTACCTATTAGT,39,576868
araCp,1.3333333333333333,33,14,TATTCATAAGAATCTCCAAG,19,586790
araCp,1.0666666666666667,29,14,TAGTGTGGGATCATAAGGAA,15,525531
araCp,0.3333333333333333,18,14,TAGGCGTGAAGAATATGGAA,4,528071
araCp,1.2666666666666666,32,14,TAGGAGTCTGGGTAGCTACC,18,568856
araCp,0.13333333333333333,15,14,TAGACTGTCCGTGGGTCTTT,1,550252
araCp,2.066666666666667,44,14,TAGACCCGGTAAACCGCTTA,30,568138
araCp,0.13333333333333333,15,14,TACTTTGGTCCTGGTCTTAG,1,543145
araCp,0.7333333333333333,24,14,TACTGTACATTAATGCGGCC,10,597871
araCp,0.26666666666666666,17,14,TACTATTCAAGGTCCTCGTC,3,584774
araCp,0.13333333333333333,15,14,TACGACGGCTAGTTTATATG,1,571522
araCp,1.7333333333333334,39,14,TACCGGCAGCCTAAACGGTT,25,542787
araCp,0.4666666666666667,20,14,TACACAAATCATAGATAATC,6,552300
araCp,9.6,157,14,TAATGGGTGTGTAGGTTGGT,143,592316
araCp,3.533333333333333,66,14,TAAGCGTTTCGTCTTGCGTC,52,574185
araCp,1.3333333333333333,33,14,TAAGCGGATAAAAATCCCGT,19,554213
araCp,4.466666666666667,80,14,TAAGCGGAGCGGTCTACAGA,66,537773
araCp,1.0,28,14,TAAGACTCACGAACAGTTGG,14,598359
araCp,0.7333333333333333,24,14,GTTGGGTCTTCCCCTAGGCG,10,544484
araCp,0.13333333333333333,15,14,GTTGGGCAATGGCCGGTTAT,1,559499
araCp,0.3333333333333333,18,14,GTTCTGGACCGAATGCGCTT,4,577720
araCp,0.8,25,14,GTGACAGCCGATCCGCCCGG,11,576863
araCp,1.2,31,14,GTCGTTTGCGAGACGGGGCA,17,587109
araCp,0.8,25,14,GTAGTCGCTGGCAGGTGCTT,11,553598
araCp,0.6,22,14,GTACGGGTAACACGAGTCTA,8,574890
araCp,0.13333333333333333,15,14,GTAAAGAAGCCTTGGTCGAA,1,598079
araCp,0.5333333333333333,21,14,GGTTCCGAGAAGCTTAGGAC,7,550841
araCp,2.533333333333333,51,14,GGTTAAATCGGCGTTCAGGT,37,549652
araCp,2.2666666666666666,47,14,GGTGTCGCCGAATGCGCTCT,33,573117
araCp,1.3333333333333333,33,14,GGTCCCGATGTGTACAGGCT,19,548457
araCp,1.0,28,14,GGTAGTACGGGAAGGTTTGT,14,589432
araCp,0.5333333333333333,21,14,GGGTCGATAGTGGTTGGCGA,7,548409
araCp,1.2666666666666666,32,14,GGCTGCAGTCGGTCCTACGC,18,536539
araCp,0.3333333333333333,18,14,GGCTCCGCGTAAGATGCTAG,4,542113
araCp,1.6666666666666667,38,14,GGCGAGGGGCGAACTTACAA,24,567510
araCp,0.3333333333333333,18,14,GGCACCAGCTTTCAGGCAAT,4,529964
araCp,1.2666666666666666,32,14,GGCAACTCATGGGATCTGCA,18,575217
araCp,0.6666666666666666,23,14,GGACCATAATCCGGTGAATA,9,597790
araCp,0.4666666666666667,20,14,GGACATAAATTAGACCCTTG,6,570925
araCp,0.26666666666666666,17,14,GGAAGAATCTGTTACCGATG,3,575864
araCp,0.8666666666666667,26,14,GGAACGATAGTCTCACGGTT,12,566771
araCp,1.1333333333333333,30,14,GCTTACCGTACGAGATTTTA,16,548242
araCp,1.9333333333333333,42,14,GCTGAGAAATAACGACCCGT,28,564670
araCp,0.13333333333333333,15,14,GCGTCACTTCGTGAAGCTCA,1,529412
araCp,0.13333333333333333,15,14,GCGACGGCGCTGATGTAGTT,1,583641
araCp,0.7333333333333333,24,14,GCCGTCAGCTAGAGGTTTCG,10,540689
araCp,1.5333333333333334,36,14,GCCCTCCCTCTGGGGTAGAC,22,588272
araCp,2.466666666666667,50,14,GATGGTGTTGAATATGCAAT,36,587581
araCp,1.3333333333333333,33,14,GACTACGCCTGGTGCGGCGT,19,550440
araCp,2.4,49,14,GACGGTGAGTCTTCCTGGGT,35,603526
araCp,0.9333333333333333,27,14,GAATTGGTCGGGACATTTTA,13,569146
araCp,0.13333333333333333,15,14,GAATGTTATCGGCACCATGG,1,544830
araCp,1.7333333333333334,39,14,GAAGTTCTACACATGGTGAT,25,589169
araCp,0.26666666666666666,17,14,GAAGGCGGTGTTCCTTCAGT,3,600067
araCp,1.0,28,14,GAAGGACCAGTCACGGTCCA,14,588853
araCp,0.6666666666666666,23,14,GAAGCAGGCCCAAAAATGCA,9,570760
araCp,2.6,52,14,GAAAGTCCCCCAGCCCGCGT,38,535842
araCp,0.7333333333333333,24,14,GAAACTCCACGTCCGTTTAC,10,585993
araCp,0.4,19,14,CTTTGGGAATGGGACTAGAA,5,526899
araCp,1.4666666666666666,35,14,CTTGGCTCGGTGACGGTTAC,21,536427
araCp,0.8,25,14,CTTCGTGAACCATCAGCTAT,11,539656
araCp,0.3333333333333333,18,14,CTTCGGCACCGGACTTCAAG,4,558243
araCp,1.2,31,14,CTTCGATTTGTTACACAGCT,17,529254
araCp,1.6,37,14,CTTCACAGACAGATTAGAAC,23,538534
araCp,0.13333333333333333,15,14,CTTAGATATACAGCTTGTCA,1,559880
araCp,3.533333333333333,66,14,CTGTTAGCGACGTAAATGCC,52,593738
araCp,0.9333333333333333,27,14,CTGACAACTCGTCTTCAAGT,13,547977
araCp,1.2,31,14,CTCTGGAGGAGCGTGCGTCA,17,568645
araCp,2.8666666666666667,56,14,CTCGTTACACTGTGAAAGCC,42,587190
araCp,1.6666666666666667,38,14,CTCCTTAGGATGCTCAGTAT,24,582142
araCp,26.066666666666666,404,14,CTATTATTCAGGACTGAATA,390,576378
araCp,0.2,16,14,CTATAGAGCCGTTATGCTGT,2,558569
araCp,0.8,25,14,CTACGTTACCGACCGGAAAA,11,563784
araCp,0.5333333333333333,21,14,CTACCCCACGGTTTAGAGCA,7,586238
araCp,0.13333333333333333,15,14,CTAAAAGGGGTTCAGGGTGT,1,572304
araCp,1.0,28,14,CGTTTTCCCCTTTGGAGCTA,14,577286
araCp,0.4,19,14,CGTTAAATGCACACGGCATA,5,536264
araCp,0.6,22,14,CGTGTCCCGCGTACAGGCGG,8,590720
araCp,0.7333333333333333,24,14,CGTAGATCACAGAGTCAGGA,10,600135
araCp,0.9333333333333333,27,14,CGGGGTATGATCGGGACTCG,13,545068
araCp,1.5333333333333334,36,14,CGGGCGTCACCTGTCGATAT,22,558536
araCp,0.6,22,14,CGGCCTTCTGTGTGGGAGTA,8,531852
araCp,3.2,61,14,CGGAGCTCTTGCGAATAACC,47,593095
araCp,1.6,37,14,CGGAGAGTGTCCGATCAGGC,23,551245
araCp,3.8666666666666667,71,14,CGCATTACCATGTCACTCGT,57,534986
araCp,1.2,31,14,CGCAATAAGATAAGGAGCCA,17,539887
araCp,0.8,25,14,CGATAGTCAGGCATCTCCGG,11,540870
araCp,0.4,19,14,CGAGAGTCTACACTAGGAAT,5,554328
araCp,1.6,37,14,CCTTACTAGTGCGACAACCA,23,545974
araCp,0.6,22,14,CCTCCCCGGAACCGCTACAT,8,543817
araCp,1.0666666666666667,29,14,CCTATGGCGTTTATTACTAC,15,549287
araCp,1.9333333333333333,42,14,CCTACGAACCCTTATCAGGT,28,541666
araCp,1.2666666666666666,32,14,CCGTGGATTCATTCAGTCTC,18,596008
araCp,1.0,28,14,CCGCCCCGATGGATATCCCT,14,538919
araCp,1.4,34,14,CCGATCTTTGTACAGGCTGC,20,588493
araCp,0.6666666666666666,23,14,CCCGGAAGGAGACCATCTAA,9,588541
araCp,0.8,25,14,CCCCCCTGACCCTTACACTA,11,528139
araCp,1.7333333333333334,39,14,CCAGTTCTGCATAGCCCGGA,25,585814
araCp,1.3333333333333333,33,14,CCAGATCCTCGGCACGACAA,19,537629
araCp,1.7333333333333334,39,14,CCACTTCGCGGGTACGATAT,25,551876
araCp,0.26666666666666666,17,14,CATTGAGGGCACTACAACAA,3,548174
araCp,1.0,28,14,CATCTTACTGTTTGCAAATA,14,568088
araCp,1.0666666666666667,29,14,CATCTCAGCTAGGTATCGAA,15,529116
araCp,1.4666666666666666,35,14,CATCCTGTTCCTTGAGGTTG,21,603533
araCp,1.7333333333333334,39,14,CAGGTATACATCAAATAGGT,25,540760
araCp,2.533333333333333,51,14,CAGGACACGGTACCTCGCAG,37,585697
araCp,0.13333333333333333,15,14,CACTTACTGGAGCACTCTGG,1,581620
araCp,1.1333333333333333,30,14,CAAGAGACAGGACTGCCCTA,16,552196
araCp,1.1333333333333333,30,14,CAAATCGGAGCTGTCACACA,16,546950
araCp,0.6,22,14,ATTGGTCCCGGTCACTTAAA,8,566267
araCp,1.4,34,14,ATTGAAAAATATGAGACTCG,20,546779
araCp,0.6,22,14,ATGTCAAGGACAGACTCGTT,8,596893
araCp,0.6,22,14,ATGTACGTCCTCCGAGCCAG,8,575740
araCp,0.6,22,14,ATGGGTGCCACAAGGTACAG,8,546234
araCp,1.0666666666666667,29,14,ATGATATTTTCGCGCATCTT,15,569052
araCp,1.1333333333333333,30,14,ATGAGCCCGTTACTATGGGT,16,565419
araCp,0.8,25,14,ATCTCTAGAGATATCCTGGT,11,545082
araCp,0.6666666666666666,23,14,ATCGGAAAGGCATAGACGAT,9,571009
araCp,3.6,67,14,ATCGAATGTAATTAGAGTCT,53,529901
araCp,2.6,52,14,ATCCTGCTTATCTATTGGTC,38,537882
araCp,4.333333333333333,78,14,ATCAGTTTGTGCTAAACTCT,64,581771
araCp,0.7333333333333333,24,14,ATCAGCTGGTTCGGTAGGAG,10,530339
araCp,1.2666666666666666,32,14,ATATGGCTCTCCTATGACCA,18,541881
araCp,1.6666666666666667,38,14,ATATCCGTTACCTTTCCAGA,24,551235
araCp,1.8666666666666667,41,14,ATAGGGAGCAACTACAATTG,27,534432
araCp,1.0,28,14,ATACTGCATGACGGACGGCC,14,558899
araCp,1.0666666666666667,29,14,ATACACTGGCTCCACGCCGG,15,563009
araCp,0.5333333333333333,21,14,ATAAGAGGGACATGGCCCAA,7,551875
araCp,1.1333333333333333,30,14,ATAAACACAATGCAAGGGCT,16,527497
araCp,3.0,58,14,AGTTTCTCGTACGTGTCATG,44,537891
araCp,0.6,22,14,AGTGCGTCTCCGCTGTACCG,8,579437
araCp,0.7333333333333333,24,14,AGTCACAACTTCTCGACTAA,10,557974
araCp,0.9333333333333333,27,14,AGTATACCTACACCCGTCAT,13,526945
araCp,0.13333333333333333,15,14,AGGGCCTTAGCCTTCCGTGT,1,576082
araCp,1.8,40,14,AGGCCCCGTGGCTCCCTATT,26,537557
araCp,1.4,34,14,AGCTTCATGTGCGGAGGGGG,20,553651
araCp,0.8,25,14,AGCTGACCAGTCGGCCCAGC,11,526968
araCp,0.9333333333333333,27,14,AGCGGACCAACTTTACGGCT,13,538556
araCp,0.7333333333333333,24,14,AGCGCGCCTGAGTGCCCTTT,10,529039
araCp,0.6666666666666666,23,14,AGCCCATACAGAGCAGACGA,9,561601
araCp,0.6666666666666666,23,14,AGATGGCGTACGTACTGAAT,9,573288
araCp,0.4666666666666667,20,14,AGATGATCGGTAAAGGCGTG,6,553385
araCp,0.13333333333333333,15,14,AGAGTCCATTTTGTAGCGGA,1,546398
araCp,1.4,34,14,AGACCGCGGAGACGAGAGAT,20,593934
araCp,3.533333333333333,66,14,ACTTCGAACGGGTAAAAAAT,52,530608
araCp,1.2,31,14,ACTTAAGCTTTGTGGGCATA,17,552728
araCp,1.6666666666666667,38,14,ACTGCTACTACATAGCGGAA,24,547730
araCp,6.8,115,14,ACGGGACCATACCTTTCTGT,101,545510
araCp,3.7333333333333334,69,14,ACGCGATCGTAATATCCGAT,55,551673
araCp,0.4,19,14,ACCTTCGTCCGCCGCAGTAA,5,544698
araCp,1.5333333333333334,36,14,ACCCTACTGACTATCTAGTG,22,580642
araCp,0.13333333333333333,15,14,ACCCAGTCCTCCGCGGTGTA,1,586589
araCp,2.6,52,14,ACATGGGGTACTTAAATTAT,38,532155
araCp,0.13333333333333333,15,14,ACAGGAAAGTGCGTTTAACA,1,547242
araCp,3.4,64,14,ACACACTCGGAAAAGCATCT,50,565382
araCp,0.8,25,14,AATGCCATAGGCCTCGCTGT,11,598585
araCp,2.066666666666667,44,14,AATCAGTGCTGCGCTACGGT,30,560968
araCp,2.1333333333333333,45,14,AATACAGCTGCGAGAATTCT,31,553086
araCp,1.2,31,14,AATAATTTAACGTAGGCGGC,17,530684
araCp,1.6,37,14,AATAATACAACCAACTAAAC,23,534151
araCp,1.0666666666666667,29,14,AAGTCCTAAGGACCAGCAGA,15,570765
araCp,3.0,58,14,AAGTACTTTCCATTCGCCTG,44,578562
araCp,0.6,22,14,AAGGGAGAGTTCTAGGCAGC,8,555567
araCp,1.6,37,14,AAGCCGTGCCTATATAGGGT,23,586392
araCp,0.13333333333333333,15,14,AAGCACCCAAGAGATGGGTG,1,533019
araCp,1.4,34,14,AACTGGGCGCCACCGTGCAA,20,559804
araCp,1.5333333333333334,36,14,AACTCCCAATTACCTAGACG,22,548071
araCp,2.2,46,14,AACGTTCTGCCGGGTTTGAT,32,544315
araCp,2.6,52,14,AACGTACATTCATGTGTCAA,38,581238
araCp,1.4666666666666666,35,14,AACCATCCTCTGGTCAGCTT,21,535221
araCp,1.6666666666666667,38,14,AAAAATCATTGCTATGCGGC,24,569921
araCp,3.0714285714285716,55,13,TTTGGTAGAATTTTAAGCTG,42,581263
araCp,0.6428571428571429,21,13,TTTGATTTGAGTCTGGGGGT,8,529014
araCp,0.14285714285714285,14,13,TTTCACAATCGGGATGTTCG,1,546168
araCp,0.9285714285714286,25,13,TTGTCAGCGACTCTTGCCGT,12,554642
araCp,0.7857142857142857,23,13,TTGCTAGATTACTGCATGGG,10,552167
araCp,1.2857142857142858,30,13,TTGCTACCAGTGAACTTAGA,17,561611
araCp,1.0,26,13,TTGCGCTTAAGCACGCGCTA,13,568244
araCp,0.8571428571428571,24,13,TTGCCACTAGGCATTGTAAG,11,550197
araCp,1.2142857142857142,29,13,TTGCATCTGGTCTAGTCGAA,16,534922
araCp,2.5714285714285716,48,13,TTCTTGCATTAGCCGTACTT,35,546780
araCp,0.5714285714285714,20,13,TTCCTGGGGTAGTAATAGTT,7,534501
araCp,0.14285714285714285,14,13,TTCCGTTGTACGGAGTTCCA,1,558052
araCp,3.5714285714285716,62,13,TTCCACATCTTTCCAGTTAT,49,549321
araCp,0.8571428571428571,24,13,TTCAGAAAGTGTTGTGTCCA,11,548791
araCp,0.42857142857142855,18,13,TTATTTAGGTCAGACACATA,5,593194
araCp,0.21428571428571427,15,13,TTACATAGGCTAAGGGAACA,2,584313
araCp,3.2857142857142856,58,13,TGTGCGTTGAGTGTGTCTAC,45,535088
araCp,0.14285714285714285,14,13,TGTAATTAGATCTGAAACTG,1,531395
araCp,0.8571428571428571,24,13,TGTAAAGAGCCATACGGCTT,11,538325
araCp,0.6428571428571429,21,13,TGGTTCTCACTAGATGCGTC,8,556546
araCp,0.6428571428571429,21,13,TGGTCACAGGAGCTCTTGAA,8,530378
araCp,0.6428571428571429,21,13,TGGGGCGGAAAGTTAGGTAG,8,542555
araCp,1.0,26,13,TGGGAGGGGCAATAGCCCAG,13,587292
araCp,3.4285714285714284,60,13,TGGCAATTGCCGTCGTCTCG,47,548451
araCp,1.2857142857142858,30,13,TGGATCTGGTTAAACGCTCA,17,589290
araCp,0.5,19,13,TGGATCCGGAGCATGATGTT,6,553022
araCp,1.2857142857142858,30,13,TGGAGCATCCGACTGAGGCG,17,594254
araCp,1.1428571428571428,28,13,TGCTGTAGCAAGTTGCCGCG,15,577079
araCp,3.2142857142857144,57,13,TGCCATCAAGTAGCGCCTTG,44,536410
araCp,0.35714285714285715,17,13,TGATGGCGGCAGTGAGCGGA,4,532467
araCp,2.142857142857143,42,13,TGATGACTTGTCGCGTGGGA,29,547344
araCp,0.9285714285714286,25,13,TGAGGTGAAACTATGTTCTT,12,597359
araCp,3.9285714285714284,67,13,TCTTCTTCGTTCGCTGTCGT,54,590168
araCp,0.8571428571428571,24,13,TCTTATGGCAGCATAGGCGA,11,537776
araCp,1.0714285714285714,27,13,TCTGCTATTTTCAGGACTCT,14,560716
araCp,0.21428571428571427,15,13,TCTACGTGCTCATTGGCATG,2,597488
araCp,1.9285714285714286,39,13,TCGTTCAAACGTTCCCGCTT,26,576073
araCp,0.6428571428571429,21,13,TCGGTGTACGCTCAAACATT,8,597293
araCp,1.2142857142857142,29,13,TCGGCTGAGCGACCGGAGTA,16,529960
araCp,0.42857142857142855,18,13,TCGCATTGACAAGAGGCTTT,5,539372
araCp,3.2142857142857144,57,13,TCGCACCATAGCGATGCCCA,44,562598
araCp,1.1428571428571428,28,13,TCGAAACGATCGACGGTTAA,15,565341
araCp,12.928571428571429,193,13,TCCGATATGCTTTCAATGCA,180,528624
araCp,0.5714285714285714,20,13,TCCCGTTGGGGATAGCCGCT,7,599975
araCp,1.5714285714285714,34,13,TCCCATAGGGTGAATTCTGT,21,537035
araCp,0.35714285714285715,17,13,TCAGGGATAGGGCTGCGTCA,4,591444
araCp,2.2142857142857144,43,13,TCAGCGGGGCGAGCCTAAAA,30,549170
araCp,1.2142857142857142,29,13,TCACTGATAGGAAGGCAGCA,16,526133
araCp,3.5714285714285716,62,13,TCAACGCCGTCCAACTAAAT,49,565802
araCp,1.5714285714285714,34,13,TCAAATTAAGGAGTGCCTCA,21,581158
araCp,1.4285714285714286,32,13,TATTCATGTCCTCCTGTCAT,19,574874
araCp,2.4285714285714284,46,13,TATGTCAGGACGGATTGGAA,33,587227
araCp,2.5,47,13,TATCGTTCTAATCGCGGGAC,34,548299
araCp,0.9285714285714286,25,13,TATCACGGCTCGTGCGGAAG,12,544694
araCp,1.3571428571428572,31,13,TAGACGGCGGCTTCGAACTG,18,581117
araCp,2.9285714285714284,53,13,TACGATACGATGCTGTCTAT,40,546075
araCp,0.7857142857142857,23,13,TACGAGTATCGCCTGTAATG,10,540550
araCp,1.4285714285714286,32,13,TAAGTGCCCCCACTATTATC,19,533877
araCp,1.8571428571428572,38,13,TAAGCTGCGGGACGCCCCGT,25,562825
araCp,0.42857142857142855,18,13,TAAGCTACTGGAAATCCTAA,5,577195
araCp,1.0,26,13,TAAGCGGGAAGGCTCCTGGA,13,564789
araCp,1.0714285714285714,27,13,TAAGCCCGTTGTTATGTGAT,14,564199
araCp,1.2857142857142858,30,13,TAAATTGGTGTTCTCATAAG,17,555248
araCp,1.5,33,13,GTTTGATTATGTCGTTACGC,20,531875
araCp,0.8571428571428571,24,13,GTTTCTTCTAAATCCCAGAA,11,566594
araCp,1.0,26,13,GTTCTGGAGCACCCCGACCA,13,562681
araCp,1.0,26,13,GTTATTTACTGTATCCTTAC,13,594218
araCp,2.142857142857143,42,13,GTGGCCGCGCTTGGCACAGT,29,528080
araCp,1.2142857142857142,29,13,GTGCTCATGATTAGACCAAA,16,600438
araCp,2.2857142857142856,44,13,GTGAGCAGGTCTAGCAGCCA,31,596762
araCp,0.5,19,13,GTGAAGGGCCCCTCTTATCA,6,548489
araCp,2.857142857142857,52,13,GTCGAGCACTCCTCAACTTT,39,593407
araCp,0.7857142857142857,23,13,GTCCTGTACGCCGTCGGTAG,10,598390
araCp,1.5,33,13,GTCCTCACAACGCCGTAGAG,20,555575
araCp,0.2857142857142857,16,13,GTCAGACTTCTCCCTCTTTG,3,583892
araCp,1.5714285714285714,34,13,GTAGTTTGTCGAACTAAGAA,21,565056
araCp,2.2142857142857144,43,13,GTAATGACGTTGTATGCTCC,30,567785
araCp,4.0,68,13,GGTTGCATAAGCTGGTTTAT,55,548346
araCp,0.42857142857142855,18,13,GGTGATAGGTCGGGTTCGGG,5,569656
araCp,1.0,26,13,GGTCGAAATGCCTTGCGCAA,13,548219
araCp,0.21428571428571427,15,13,GGTCCTATCCCTGTATCCCA,2,563943
araCp,0.7857142857142857,23,13,GGTCATCCGCGTGTGCTGCG,10,573171
araCp,1.7142857142857142,36,13,GGTCAACGCGCAGTTGATGT,23,529251
araCp,2.9285714285714284,53,13,GGTATGCATGTGTGCGTCAT,40,529491
araCp,0.42857142857142855,18,13,GGTAATTGGCGGTACACGCG,5,543768
araCp,1.3571428571428572,31,13,GGGCTTTTTCATACATCTAA,18,547159
araCp,0.9285714285714286,25,13,GGGCATTCGCCTAGGTTCTA,12,555601
araCp,0.9285714285714286,25,13,GGGAAGACTTTACCTCCAGA,12,527475
araCp,1.0,26,13,GGGAAGAAGAACTCGCGGTG,13,571912
araCp,1.0714285714285714,27,13,GGCTTAGCATATCGTGCCTT,14,577493
araCp,0.7857142857142857,23,13,GGCGCTCACTTCGCAGTAAG,10,560635
araCp,0.9285714285714286,25,13,GGCCCTGGTGGTTACAATTA,12,539894
araCp,0.42857142857142855,18,13,GGCCACTCTCGGGAGGGGAG,5,543007
araCp,1.3571428571428572,31,13,GGATGACACATCGGCATCAT,18,591409
araCp,0.7142857142857143,22,13,GGATCCATGTTACCGCTTTT,9,597464
araCp,0.35714285714285715,17,13,GGACCGCCAATCTTACGGGT,4,563118
araCp,1.5714285714285714,34,13,GGACCCGGATCGAGGCTATA,21,529409
araCp,0.9285714285714286,25,13,GGAAAGAACTTTGGGGTACC,12,529614
araCp,0.5,19,13,GGAAAAGTGGACTCACGACC,6,591538
araCp,0.14285714285714285,14,13,GGAAAACCGGCTCTCAGTCC,1,564114
araCp,0.35714285714285715,17,13,GCTTTATCCGTGCGCTTCAA,4,590125
araCp,1.5,33,13,GCTGCGGTATCCAATCGATA,20,592996
araCp,1.2857142857142858,30,13,GCTCTGATTTTGGCACGCAG,17,557994
araCp,2.0714285714285716,41,13,GCTAGCCGTAAGGTTAAGCG,28,547884
araCp,0.7142857142857143,22,13,GCGCTTGGTTCCTGCCGAAT,9,553661
araCp,3.857142857142857,66,13,GCGCTATTGCAACACGTTGG,53,591817
araCp,3.357142857142857,59,13,GCCGACAAAAGTATCCATGA,46,597883
araCp,0.9285714285714286,25,13,GCCCGTTACCCTGCGACGTC,12,587178
araCp,1.2857142857142858,30,13,GCCAAATGGTGGGTGGCTCA,17,544683
araCp,1.7857142857142858,37,13,GATTTTAACAGTTCGGTGAT,24,530076
araCp,2.0,40,13,GATGGACCTCCTTTCCTTGA,27,552985
araCp,0.7142857142857143,22,13,GATCGGGTGAGCTGAGATTC,9,573640
araCp,1.2857142857142858,30,13,GAGTCTTACGATAGACGCTT,17,549959
araCp,1.0,26,13,GAGGTCCTGTCAGTACCTTG,13,575930
araCp,1.0714285714285714,27,13,GAGCGCCGACACAATTTTAT,14,553988
araCp,1.5714285714285714,34,13,GAGCCCCAGATCTGTAGACA,21,565183
araCp,0.35714285714285715,17,13,GAGAGTGTCACCGAAGGTGT,4,527438
araCp,0.5,19,13,GACAGGCCTTCGAACGCGAT,6,587592
araCp,1.5714285714285714,34,13,GAATGCGATATCGATGTCAG,21,534842
araCp,0.14285714285714285,14,13,GAAGACAAGCATATTGACAT,1,544552
araCp,2.0,40,13,GAACCTTATTGTAAGCGCCC,27,543892
araCp,0.2857142857142857,16,13,CTTTGTTTCGGACTTCGGTA,3,598931
araCp,0.7142857142857143,22,13,CTTGGCCAGGTTGGTTCGCT,9,557350
araCp,2.642857142857143,49,13,CTTCTACTCACCCCCAGTCT,36,528925
araCp,3.0714285714285716,55,13,CTTCGTATTCTTTATTTGGA,42,589202
araCp,1.4285714285714286,32,13,CTTAGATCCTGACTAATGTC,19,529658
araCp,0.6428571428571429,21,13,CTGTTTCGCTCATGGGACGA,8,582955
araCp,0.7142857142857143,22,13,CTGTTGCAACGTATGAGTAG,9,560323
araCp,3.4285714285714284,60,13,CTGTTAGCGCCGCGACTTAA,47,602115
araCp,1.4285714285714286,32,13,CTGTGGGCCTACACTGACCA,19,550026
araCp,0.6428571428571429,21,13,CTGAAGCGTTGTACCCGTTG,8,563124
araCp,0.7142857142857143,22,13,CTCGGACGCTACAAACCACT,9,592396
araCp,0.7142857142857143,22,13,CTCGCTCGTGTAGGTATTTT,9,537031
araCp,0.6428571428571429,21,13,CTATGACACTATAGATACTT,8,561080
araCp,0.8571428571428571,24,13,CGTTTTGTATAATTGCGAGT,11,555808
araCp,0.5714285714285714,20,13,CGTTCACAGTGTGAGCTTTA,7,599774
araCp,1.6428571428571428,35,13,CGTGTGTTCCGCTGCAAGTG,22,531193
araCp,1.3571428571428572,31,13,CGTCAGTGGAGGGCTTGAAT,18,541878
araCp,0.9285714285714286,25,13,CGTCAAAAGGGGGTAGGAGA,12,563606
araCp,0.8571428571428571,24,13,CGGTTTTTCGGTTGTGGTCC,11,564105
araCp,0.14285714285714285,14,13,CGGTAGGGATGATCCCTCGG,1,573027
araCp,17.214285714285715,253,13,CGGGAGTTATATGTCGAGTA,240,537774
araCp,0.14285714285714285,14,13,CGGATTTTCTTCCCAATGAC,1,551534
araCp,3.7142857142857144,64,13,CGGATGCCGTTAGTGAACAT,51,582809
araCp,24.071428571428573,349,13,CGCTGAGACCGGCGCTCGCT,336,576866
araCp,0.21428571428571427,15,13,CGCTCCTAACCTCGGGCGCG,2,580970
araCp,1.7857142857142858,37,13,CGCTATCCTGGGGGGGGCAT,24,536473
araCp,1.4285714285714286,32,13,CGCCACTGTGCAGAATAGGC,19,600977
araCp,0.7857142857142857,23,13,CGCATGCATACGGGTACTGT,10,585559
araCp,0.42857142857142855,18,13,CGCAGCTTGAGGCCCCCTGT,5,589033
araCp,1.7857142857142858,37,13,CGCACGGATTGGAAGGTCTG,24,590548
araCp,1.3571428571428572,31,13,CGAGTGTAGTTCTGACACTA,18,590614
araCp,0.6428571428571429,21,13,CGACGTAAGTACGTGTGACT,8,562912
araCp,0.7142857142857143,22,13,CGAATGGGTAATATATCATA,9,529320
araCp,0.42857142857142855,18,13,CCTGCTAATCGGGCGAGTAA,5,568833
araCp,0.21428571428571427,15,13,CCTGCCACGATACAATACAA,2,597404
araCp,2.2857142857142856,44,13,CCTGACATGTCAATAACGTT,31,594280
araCp,0.6428571428571429,21,13,CCTAACGAGCGAGTGGAGGA,8,578338
araCp,2.5,47,13,CCTAAATGCTCACGGCCATA,34,533385
araCp,0.5714285714285714,20,13,CCGTGAAAGTATTTCGTTTT,7,580418
araCp,1.8571428571428572,38,13,CCGTCCTCGGCTCGCCGTCT,25,591541
araCp,1.4285714285714286,32,13,CCGTAAACAACACATGTCCC,19,569330
araCp,0.5714285714285714,20,13,CCGGCCTTTGTTAAATCTAA,7,526984
araCp,0.2857142857142857,16,13,CCGCATCTCCTATGGGGGTA,3,600743
araCp,2.142857142857143,42,13,CCCTGTATATCTCAGTAAGC,29,542150
araCp,0.42857142857142855,18,13,CCCCGGCACAACGAGTGTAT,5,525579
araCp,1.9285714285714286,39,13,CCAGGCCGAGCCATGAGAAA,26,542980
araCp,0.7142857142857143,22,13,CCAATATCTGATAGGGCAGT,9,549988
araCp,1.2857142857142858,30,13,CCAACACGGTGTAGCATGTC,17,575113
araCp,0.42857142857142855,18,13,CATCATCTGAGTTTTGCGCT,5,565063
araCp,0.42857142857142855,18,13,CAGGGTGCATCATATTAGTA,5,534924
araCp,1.5714285714285714,34,13,CAGCGCGGCGACCCAAGCGT,21,525888
araCp,2.2142857142857144,43,13,CACTAAGCTGCCCTCGGATC,30,543563
araCp,2.0,40,13,CACGTCCTTAGATCTGCATA,27,569885
araCp,3.2857142857142856,58,13,CACATTCTCAGTGGGTCAAC,45,597778
araCp,0.42857142857142855,18,13,CACAAGAGCGGGGAAAAACA,5,546413
araCp,2.4285714285714284,46,13,CACAAACTCCGGGATCAGCG,33,536766
araCp,1.3571428571428572,31,13,CAAAGAGGGAGAAGATACCT,18,552692
araCp,0.6428571428571429,21,13,ATTTGTTCGGTCTAGAAGTC,8,578973
araCp,1.6428571428571428,35,13,ATTTCGACCGCAAATAGCGA,22,562101
araCp,1.4285714285714286,32,13,ATTGCATTTAGACGATAGAT,19,589025
araCp,1.4285714285714286,32,13,ATTCTTCCGCATAATATGTC,19,560566
araCp,1.9285714285714286,39,13,ATTCTAATCCCCCAACGCTA,26,533812
araCp,0.7142857142857143,22,13,ATTCCCATTGAGTTCATATA,9,583802
araCp,1.6428571428571428,35,13,ATTACAGTCTAGTCAATAGA,22,528428
araCp,8.0,124,13,ATGCAGGATACGCGACCAAT,111,565982
araCp,1.1428571428571428,28,13,ATCTCGTCTTGGGGGCAAAT,15,593678
araCp,1.6428571428571428,35,13,ATCCTGTTAGGCCTGCTGAT,22,534009
araCp,0.6428571428571429,21,13,ATCAGATCTATAGGTTACAA,8,577809
araCp,0.7857142857142857,23,13,ATATAGATACAACATGTGCT,10,562452
araCp,1.8571428571428572,38,13,ATAGTTCGTTAGGATTCAAG,25,549958
araCp,9.857142857142858,150,13,ATAGTTAATGACTTAGACTT,137,535880
araCp,3.0,54,13,ATACTCCCTGGAATGACGTA,41,574651
araCp,0.14285714285714285,14,13,AGTGTTACATCCTCGTTCTT,1,552221
araCp,0.5714285714285714,20,13,AGTGGTGTGATCCGGTCGGA,7,564203
araCp,49.07142857142857,699,13,AGTCTATTGTACACTGCGAA,686,534612
araCp,1.2857142857142858,30,13,AGTCCTGGCCATATGTTAAC,17,535400
araCp,0.42857142857142855,18,13,AGTCACAACAGCTTCTGTCA,5,540399
araCp,0.7857142857142857,23,13,AGTACACGCACTCGCTGCTG,10,562595
araCp,0.6428571428571429,21,13,AGGTTGTTACCAAATTCGTT,8,538215
araCp,1.0,26,13,AGGAGCACAATAGCTATCAG,13,528540
araCp,1.6428571428571428,35,13,AGCTCAACAGTCTTAAGGGT,22,528792
araCp,0.9285714285714286,25,13,AGCTACGCGGCCAAATTAGT,12,596480
araCp,0.6428571428571429,21,13,AGCGTGAGTAACGCGATAGT,8,554120
araCp,0.9285714285714286,25,13,AGCGACGAGGACTTACGTAA,12,540540
araCp,2.0,40,13,AGCAGTATCCCAGGCTCAGG,27,557990
araCp,0.2857142857142857,16,13,AGATGTCTAATAGTATCCGA,3,541339
araCp,0.14285714285714285,14,13,AGATCACTATGGGTGCGCGC,1,544726
araCp,17.071428571428573,251,13,AGAGCCACTTGAGGTAGCGT,238,595205
araCp,0.6428571428571429,21,13,AGAAGGCATGACTATATAGT,8,525746
araCp,1.7857142857142858,37,13,ACTGACTGATTTTGCAACTG,24,549789
araCp,0.42857142857142855,18,13,ACTCGGTGACCCAGAACTTC,5,572141
araCp,0.6428571428571429,21,13,ACTATGGTCTTTAAAAGAAG,8,555259
araCp,1.0,26,13,ACTATAAGCACTGACACCTT,13,525697
araCp,1.0714285714285714,27,13,ACGGCAACGCTGGCCCGAGG,14,589200
araCp,0.6428571428571429,21,13,ACCCATACCTTTCACTAGAA,8,566561
araCp,0.8571428571428571,24,13,ACCACGTCTAGGGCTACGCT,11,599086
araCp,0.6428571428571429,21,13,ACAGTACTCTACATACCTCA,8,551262
araCp,1.5,33,13,ACAGGAGTACTTAACTGGTA,20,546544
araCp,1.0,26,13,ACACTTTTGATCGGGGAATT,13,565283
araCp,0.35714285714285715,17,13,ACACTGATAGCGTTTCGCCA,4,549454
araCp,0.8571428571428571,24,13,ACACAGCGGCCCAGTTGCCT,11,556938
araCp,1.4285714285714286,32,13,ACACAATACCTGGATTTCTA,19,562856
araCp,1.0714285714285714,27,13,ACAAGTAGGATACAACAGGT,14,597579
araCp,0.14285714285714285,14,13,ACAAAATTCAGTTATACGAG,1,539989
araCp,1.6428571428571428,35,13,AATCCTGTGATTATACGGGT,22,583780
araCp,0.8571428571428571,24,13,AATATGGACCTTGACCTAGA,11,556593
araCp,3.2142857142857144,57,13,AATACGAACTACAGTCTGTG,44,577255
araCp,1.1428571428571428,28,13,AAGGCGCTGTGATTATGTTA,15,568140
araCp,0.35714285714285715,17,13,AAGCAGGGTAACGCTTTGTA,4,563270
araCp,1.2142857142857142,29,13,AAGAGTGTAACTACCACTTG,16,601162
araCp,2.2857142857142856,44,13,AAGAGGGGGTAACTGGTCGT,31,574179
araCp,1.2857142857142858,30,13,AACTCCTAAATGCATTGGAA,17,564871
araCp,0.9285714285714286,25,13,AACGTATTCGCGCAAGTCTG,12,561130
araCp,0.14285714285714285,14,13,AACCTACCAGAAGTCATCAG,1,555886
araCp,1.2857142857142858,30,13,AAAGTTCTTGTGAAATCGTT,17,531072
araCp,1.2142857142857142,29,13,AAAGATATACAATGCGTGAG,16,566922
araCp,0.5,19,13,AAACTCGGGTAACAAGGGCA,6,582601
araCp,2.9285714285714284,53,13,AAACTATGCCAAAGACACTC,40,554397
araCp,1.5,33,13,AAACATGTATGTGGGTGTCG,20,587326
araCp,1.0,24,12,TTTTGTTGAAGCGATCATCA,12,574453
araCp,8.923076923076923,127,12,TTTTGACACGGGCTAATCCA,115,537763
araCp,0.46153846153846156,17,12,TTTAGAGCAGATTCGGCTGC,5,587589
araCp,0.9230769230769231,23,12,TTTAATCAGACATTCTCGGA,11,535940
araCp,0.8461538461538461,22,12,TTGACGCCGTTGGCGGTAGA,10,597514
araCp,0.3076923076923077,15,12,TTCGTTAACCGGTGGTCCAT,3,587357
araCp,0.7692307692307693,21,12,TTCGTGAGGAACACAACGAT,9,599831
araCp,2.8461538461538463,48,12,TTCGATAGTTGAAAACCCTA,36,545835
araCp,0.6923076923076923,20,12,TTATTGCGCCCGCTTTGTCT,8,576400
araCp,1.1538461538461537,26,12,TTATCAGGGCAGGCGTCAAG,14,600805
araCp,1.0,24,12,TTACGCTAGCTCGCCAGCGA,12,588459
araCp,1.8461538461538463,35,12,TTACACCTAGCACAGTTCGA,23,567954
araCp,1.4615384615384615,30,12,TTAATCCGAACGATTACTAA,18,537794
araCp,0.46153846153846156,17,12,TTAAGTACCGGCCGGGGTAG,5,568164
araCp,11.0,154,12,TTAACCAGCTCAGACGGTTA,142,592315
araCp,0.7692307692307693,21,12,TGTTCGATGCAAAGCGTACA,9,584264
araCp,0.6153846153846154,19,12,TGGTTGGAAGAAGGACCTAT,7,583388
araCp,0.7692307692307693,21,12,TGGGCTTTGGTGGATCTGTA,9,527831
araCp,1.2307692307692308,27,12,TGGCGGCAAGGAGCTTGATT,15,575322
araCp,2.6923076923076925,46,12,TGGCAATGGCACGGGCTGTC,34,528796
araCp,1.0,24,12,TGCACTAAAGCGGTATAAAC,12,594591
araCp,1.0769230769230769,25,12,TGCAATGCCTGACGCGGATA,13,550890
araCp,1.6923076923076923,33,12,TGATATCTATAAGGCGGCCC,21,540180
araCp,0.38461538461538464,16,12,TGAAGATCATGGTACTTCTT,4,596087
araCp,4.076923076923077,64,12,TCTTTGGGAAATGCCCCGGT,52,539140
araCp,0.15384615384615385,13,12,TCTTTGATTATATGCGTGCA,1,549172
araCp,7.384615384615385,107,12,TCTTGGAGTTCCCGCTGAAG,95,602998
araCp,1.9230769230769231,36,12,TCTGTCCTGCTCCCAGTACT,24,543564
araCp,0.8461538461538461,22,12,TCTGGCTTATTCTTCCATCA,10,541138
araCp,5.461538461538462,82,12,TCTCGCATGGGTTCCTTGAT,70,539587
araCp,0.8461538461538461,22,12,TCTATTATTATGTTACGGCC,10,534232
araCp,0.8461538461538461,22,12,TCTAATGCGACCTGGGAGCG,10,566592
araCp,0.38461538461538464,16,12,TCGTGGTAACGAGGTCTGAT,4,540277
araCp,0.46153846153846156,17,12,TCGTACCGGGATCATACACA,5,582226
araCp,0.5384615384615384,18,12,TCGGGGGTCCTTACGGACCA,6,560573
araCp,0.8461538461538461,22,12,TCGGCGACCTAAAAGACATT,10,557145
araCp,2.1538461538461537,39,12,TCGATGCCGCCGTCGTGTGT,27,588513
araCp,0.8461538461538461,22,12,TCGATAATCCAGCCGGCTAA,10,582373
araCp,3.3076923076923075,54,12,TCGAGGTGCACCTTTAAGGA,42,551064
araCp,2.5384615384615383,44,12,TCGACGGGGCCTTCTCAACA,32,528787
araCp,2.3076923076923075,41,12,TCGACAGGTCGGGGGACTAT,29,544217
araCp,1.9230769230769231,36,12,TCGACAAGAGCTGCATTATG,24,554882
araCp,2.3076923076923075,41,12,TCCTCTCTGATTGGATGGCC,29,584769
araCp,1.0,24,12,TCCGCACAAAATATCAGACC,12,531905
araCp,2.769230769230769,47,12,TCCGAGGCCGGCCATACCCA,35,545334
araCp,2.4615384615384617,43,12,TCCAATGAAAGTTAACTTAA,31,528534
araCp,4.6923076923076925,72,12,TCATCTCGTTAAAACATAGC,60,546543
araCp,0.15384615384615385,13,12,TCACTGACCAGAGTCTCGGT,1,556792
araCp,0.6923076923076923,20,12,TCAAGGGGGTTATTAGCGAA,8,550523
araCp,2.230769230769231,40,12,TCAACCGGCAACAGGTGTAA,28,562201
araCp,0.38461538461538464,16,12,TATTGGTGAACGGTGCTCTG,4,565635
araCp,3.1538461538461537,52,12,TATACGGTTAGCCTAGCGAG,40,547158
araCp,1.8461538461538463,35,12,TATACATGAACCGCACGTTG,23,540017
araCp,1.0,24,12,TATAACAATTGGATTCGATC,12,563260
araCp,5.230769230769231,79,12,TAGGCCAGCCCTCTGAACTC,67,570507
araCp,1.0,24,12,TAGGCAGGGGGTTCTGTCGT,12,592383
araCp,3.0,50,12,TAGCGTCTAGTCTGCAAGCA,38,569577
araCp,2.6153846153846154,45,12,TACGCTTCCAATGCCATTTT,33,563518
araCp,0.3076923076923077,15,12,TACATCGGATGCCAATCGGC,3,554526
araCp,1.6153846153846154,32,12,TAACTTCTCGCGAATGACGT,20,589596
araCp,1.3846153846153846,29,12,TAAATTTTAAAAGCCCCGGC,17,533841
araCp,1.3846153846153846,29,12,TAAAGTTGTTGGAGCCTAGG,17,559820
araCp,0.5384615384615384,18,12,GTTTAGGTTTGATTCGCTAT,6,545141
araCp,12.153846153846153,169,12,GTTGTATGCGGATTGAGCGC,157,559545
araCp,0.7692307692307693,21,12,GTTCGCGGCGATCACCCCCT,9,561129
araCp,2.076923076923077,38,12,GTTCACCACGCGGACGGGAT,26,548909
araCp,0.7692307692307693,21,12,GTTATTGTCCAGGACACCCA,9,566569
araCp,2.769230769230769,47,12,GTGGGTTGCCTCTCGCCCTC,35,595198
araCp,0.8461538461538461,22,12,GTGGGGTCCATGCCGAGTGT,10,556720
araCp,0.23076923076923078,14,12,GTGCAGACTCCGAGAGCTAT,2,547014
araCp,1.0769230769230769,25,12,GTCTGCTTTATGCGGAGAGA,13,541523
araCp,0.46153846153846156,17,12,GTCGTTACATGTCCCACTCG,5,554694
araCp,1.5384615384615385,31,12,GTCCGCACCAGGCAGGTCTG,19,585306
araCp,0.7692307692307693,21,12,GTCCGACCCACGGCCTCTGC,9,538829
araCp,0.8461538461538461,22,12,GTCCCGTGTAAGCGAGTAAA,10,578797
araCp,1.0,24,12,GTCCAGGCTACGTGCTACAG,12,526598
araCp,0.15384615384615385,13,12,GTCCAACCGGAGCATAGGGT,1,589068
araCp,1.3846153846153846,29,12,GTCATGGTCGTGCCTATATT,17,591689
araCp,0.7692307692307693,21,12,GTCAGTACCCCCCCATTACT,9,537967
araCp,0.6153846153846154,19,12,GTCAAAGCGGCAGCACAGGG,7,559989
araCp,1.0769230769230769,25,12,GTATAGTTATTTCTTGCAGT,13,586394
araCp,1.8461538461538463,35,12,GTAGCTGGTTGTCTGATGTC,23,551963
araCp,1.3076923076923077,28,12,GTACGCGCAAATGCAAGCTT,16,530609
araCp,1.8461538461538463,35,12,GGTTTTCCCAAGGTCTCTTC,23,591529
araCp,1.5384615384615385,31,12,GGTCTTAGGCGGGGGCATGT,19,595256
araCp,0.6153846153846154,19,12,GGGGATGGGGACGGACTCCT,7,571824
araCp,1.0769230769230769,25,12,GGGCTAAGAAATAGGCTCAT,13,545011
araCp,0.15384615384615385,13,12,GGGCGGGACACTTCCTTGGA,1,573508
araCp,1.0,24,12,GGGACTGCGATATCAACTAT,12,555362
araCp,3.8461538461538463,61,12,GGGAAAATCTTAGCTCGGTT,49,582731
araCp,0.38461538461538464,16,12,GGCTGTGCTTCTTTCCGGAG,4,601384
araCp,0.6153846153846154,19,12,GGCGGTGTAATGCCATTATT,7,562882
araCp,5.923076923076923,88,12,GGCAGAGATACACATTAGAG,76,564763
araCp,1.3076923076923077,28,12,GGATGACCTGGTTTGCTGAT,16,553523
araCp,1.0769230769230769,25,12,GGATGAAACAACGTGATGAG,13,599837
araCp,1.5384615384615385,31,12,GGACCCTACCTTCCATTACA,19,566375
araCp,3.0,50,12,GGAATTAGCTTCCAACGGCA,38,537414
araCp,2.769230769230769,47,12,GGAAATACTAAACGTTTAAC,35,565061
araCp,0.6153846153846154,19,12,GCTTTTCGCATATAGCTCTA,7,575462
araCp,1.1538461538461537,26,12,GCTGCAACCTTCTACGTACG,14,538542
araCp,2.3846153846153846,42,12,GCTGAGATGGGAGCACATGT,30,548911
araCp,3.076923076923077,51,12,GCGTTCGGGTCCTTTACCTT,39,528799
araCp,0.15384615384615385,13,12,GCGGACTTTTGCACGATTAG,1,575634
araCp,0.6923076923076923,20,12,GCGGAAGTGGGCCTTAAAAG,8,591829
araCp,0.8461538461538461,22,12,GCGGAAGCTTCAGCTAAAGA,10,538923
araCp,0.38461538461538464,16,12,GCGCTCACCTACGCCTATCG,4,531192
araCp,3.230769230769231,53,12,GCGCGCCCGAAGCACAAGTC,41,602864
araCp,1.3076923076923077,28,12,GCGCAACCTCCGTACGGGAC,16,592680
araCp,1.5384615384615385,31,12,GCGACGAAGCTCGTGGAAGT,19,539248
araCp,1.3846153846153846,29,12,GCCTGTCTCTGTAACATGCC,17,556794
araCp,1.2307692307692308,27,12,GCCGAATGACCGACAATAAA,15,546864
araCp,1.8461538461538463,35,12,GCCCGGAGCTTTTGATGGAC,23,547349
araCp,1.1538461538461537,26,12,GCAGTTATTGAGGTTGCCTT,14,556289
araCp,1.2307692307692308,27,12,GCACTTTCAACATGGCGGTT,15,545240
araCp,1.4615384615384615,30,12,GCAAGAGAAAAGGAACCTCT,18,549868
araCp,1.0,24,12,GATTAGTGTTACATCTGCTG,12,548658
araCp,1.3846153846153846,29,12,GATGGCGCTTATCAGCCGGC,17,552453
araCp,0.8461538461538461,22,12,GATCTCACGCAAGGAATCTG,10,553590
araCp,0.6153846153846154,19,12,GATCACAAGTACCCAAGCGT,7,593862
araCp,1.3076923076923077,28,12,GAGGCAGGCCTAGGCAGAAA,16,584192
araCp,2.1538461538461537,39,12,GAGCAGTCTTATTTGTATGA,27,528147
araCp,0.46153846153846156,17,12,GAGACGATAGCTAATAGCCT,5,573715
araCp,1.8461538461538463,35,12,GACTTGTTCCCGTCCAGGTG,23,538757
araCp,1.1538461538461537,26,12,GACTGGCCGCTCGCATGCGT,14,551087
araCp,0.7692307692307693,21,12,GACTCGCACTAATAGAACTT,9,590622
araCp,0.6923076923076923,20,12,GACGGGTGCAACTGCGTGAA,8,584316
araCp,1.3846153846153846,29,12,GACCATACGCAGATAGACTA,17,537092
araCp,3.923076923076923,62,12,GACAAAGGATACCCTGAGCT,50,549068
araCp,1.5384615384615385,31,12,GAATTACTGTTTGTCAACAT,19,566397
araCp,1.5384615384615385,31,12,GAATGTTGTATCGATAGATA,19,560710
araCp,0.3076923076923077,15,12,GAAGGACTTCCATTGGAATA,3,566811
araCp,1.3076923076923077,28,12,GAACTATTTCCGACACGTGA,16,570815
araCp,1.7692307692307692,34,12,GAACGAAATTGACAAGCACA,22,560184
araCp,2.0,37,12,GAACCTAGGCCGAGTACTTT,25,564416
araCp,0.9230769230769231,23,12,GAACACAAGTATCTGTGGGG,11,528307
araCp,1.2307692307692308,27,12,GAAATATGGGCGGTTGGCGG,15,537497
araCp,0.5384615384615384,18,12,CTTTCCGGTTCCTAGCACGC,6,564279
araCp,1.3846153846153846,29,12,CTTTCCCGCCGCACTGGCTA,17,598689
araCp,1.6923076923076923,33,12,CTTTCATGACTGACGCGGAT,21,579965
araCp,1.9230769230769231,36,12,CTTGTACCTTATAATGCTCA,24,578513
araCp,1.8461538461538463,35,12,CTTGGGGCACGGAGACACAC,23,568681
araCp,1.3846153846153846,29,12,CTTGGCGATTAAGTCTCGCA,17,596644
araCp,0.5384615384615384,18,12,CTTGAATGAGTCAGGGTGCT,6,571935
araCp,0.3076923076923077,15,12,CTTCGGGTGTGATTCCACCA,3,594894
araCp,2.5384615384615383,44,12,CTTCGACCGACTCGTGCGTT,32,577837
araCp,0.6923076923076923,20,12,CTGGGGAACCTTGATGGCGA,8,590917
araCp,1.5384615384615385,31,12,CTGGGCACATGTCGCCACAT,19,560911
araCp,2.0,37,12,CTGGAAAACAGTAATTTCAC,25,542185
araCp,0.7692307692307693,21,12,CTGCGGGAGGGACAAGTCAG,9,543897
araCp,1.0,24,12,CTGCGACGGCACACTCATCC,12,555380
araCp,4.769230769230769,73,12,CTGCCGTATACATGAGGAGA,61,536551
araCp,0.7692307692307693,21,12,CTCGGTGATGTAGTTTGGTG,9,593497
araCp,1.1538461538461537,26,12,CTCCTTAAAGTTGCAGATTA,14,579672
araCp,0.8461538461538461,22,12,CTCAAAACAGCAAGCTAGAA,10,554736
araCp,0.46153846153846156,17,12,CTATGAGTGATAGTTTATCG,5,571681
araCp,2.3076923076923075,41,12,CTAGCCGTTTGCAAATCAAA,29,582318
araCp,0.8461538461538461,22,12,CTAACCGAATAGCACAATGA,10,591389
araCp,0.7692307692307693,21,12,CGTGTCCCTCTAGATCCGAA,9,597449
araCp,1.0769230769230769,25,12,CGTGGACGGGTTAACTAGGT,13,559312
araCp,1.5384615384615385,31,12,CGTGCATACAATGGTCCTAT,19,580136
araCp,1.0,24,12,CGTGCAGCTGGGTCGCTTTG,12,565180
araCp,0.6923076923076923,20,12,CGTCTACGCGCAATCCTCAT,8,557339
araCp,1.1538461538461537,26,12,CGGTCGACGGGTCCTTGATT,14,575764
araCp,0.6923076923076923,20,12,CGGTAATAGTGCTTAACATA,8,563388
araCp,1.8461538461538463,35,12,CGGGCCACTTTAAGCATATA,23,549029
araCp,2.076923076923077,38,12,CGGAGGCCTCCTTATAAGAT,26,577725
araCp,2.6923076923076925,46,12,CGGAAAGCGAGGTCGGTCAT,34,598935
araCp,0.3076923076923077,15,12,CGCGGGGAGAGTCCGATATG,3,547525
araCp,1.4615384615384615,30,12,CGCGCTTATCCAGCGCAGTG,18,527153
araCp,0.15384615384615385,13,12,CGCGCATAGCGAGTAACTGG,1,543214
araCp,3.6923076923076925,59,12,CGCGAGTGCCCAAGGTCGTT,47,528373
araCp,1.6923076923076923,33,12,CGCGACGCCCCTAGTCTACA,21,563920
araCp,0.6923076923076923,20,12,CGCCAGTGATCTAGATAGTA,8,572285
araCp,2.8461538461538463,48,12,CGCACTTGCTCAAGGTATGT,36,584392
araCp,4.615384615384615,71,12,CGCACATGTGCGGGAAGAAT,59,594415
araCp,0.3076923076923077,15,12,CGATTCAGGTAATTGATACA,3,586736
araCp,0.15384615384615385,13,12,CGATATGTCTGCTGAGCCAA,1,540538
araCp,1.0769230769230769,25,12,CGAGAGTCCTTTGCATAATT,13,578448
araCp,0.38461538461538464,16,12,CGACACTCGATCCTAAGGAC,4,599883
araCp,0.7692307692307693,21,12,CCTGTGAGAATTGGTCGGAT,9,526193
araCp,0.9230769230769231,23,12,CCTCACCCAGGGCAATTACT,11,596306
araCp,0.38461538461538464,16,12,CCTCAAAACACCTGGGGTAT,4,558009
araCp,1.3076923076923077,28,12,CCTATTAGCGCTTCGGTCGG,16,558434
araCp,2.3846153846153846,42,12,CCGTATTGACGTCATGTCGA,30,562413
araCp,1.6153846153846154,32,12,CCGGTTCGTTATAAAGAAGG,20,571979
araCp,0.15384615384615385,13,12,CCGCCTATTAGGAACGTACT,1,557260
araCp,0.6923076923076923,20,12,CCCGGGATTGACGGATTCGG,8,567611
araCp,0.6153846153846154,19,12,CCCGGAAGTAATGTAAAGGG,7,535463
araCp,4.0,63,12,CCCGCATCAATCCGCCACCT,51,583771
araCp,4.923076923076923,75,12,CCCAGCCCGGGGAGCCTTTA,63,558335
araCp,2.769230769230769,47,12,CCATTGATGACGGGCAGTCT,35,562640
araCp,7.615384615384615,110,12,CCAGATTCAGGTGTAGTCAA,98,535891
araCp,1.0,24,12,CATGGACGAGCCCATCCAAT,12,600430
araCp,1.9230769230769231,36,12,CATATAGTTGCGTATCTAGC,24,560682
araCp,0.7692307692307693,21,12,CAGCCCTACGGAGAGCATAC,9,565664
araCp,1.1538461538461537,26,12,CAGAGTCTATTTACTTGAAG,14,566266
araCp,0.5384615384615384,18,12,CACTGGAGTGCACTCTTCTT,6,531838
araCp,1.0,24,12,CACTCCGGGAGTCGGACCCG,12,548223
araCp,2.769230769230769,47,12,CACACATTTAGGGCTCTCTA,35,540798
araCp,4.461538461538462,69,12,CAAGGGCTCTGAAGTTCCTA,57,529024
araCp,0.9230769230769231,23,12,CAAGGCCTCGGTACGATTAA,11,564053
araCp,4.846153846153846,74,12,CAACTCTCAGTTGTGCTTCA,62,555369
araCp,0.6923076923076923,20,12,CAAAATACAGCTCCGTGTCA,8,547085
araCp,0.6153846153846154,19,12,ATTTGGGGTGGTTATTTCTG,7,577178
araCp,0.38461538461538464,16,12,ATTGGTTAGGCACTGAGAGG,4,580018
araCp,0.46153846153846156,17,12,ATTCGTGAGGTTCGTTGAAA,5,565566
araCp,0.8461538461538461,22,12,ATTCGTCCAACCGGGAATTA,10,544792
araCp,0.15384615384615385,13,12,ATTCGGGTGCTGTTAATACT,1,538937
araCp,0.8461538461538461,22,12,ATTCGCACGTTAAGGGAGGG,10,600250
araCp,1.3076923076923077,28,12,ATGTTATCGGGTGCCTCCAA,16,549520
araCp,0.7692307692307693,21,12,ATGGTCCGTACGTTGGCTCC,9,566150
araCp,1.3846153846153846,29,12,ATGCCAGGCTCGACGCCGTA,17,585133
araCp,1.4615384615384615,30,12,ATGACGAGGGGCAGACCAAA,18,549675
araCp,1.1538461538461537,26,12,ATGAACACATGCCAGAGACA,14,543610
araCp,1.1538461538461537,26,12,ATCTCTGCTTACAAGAAATA,14,595434
araCp,1.0,24,12,ATCGTCGTTACATGGGCGAA,12,588932
araCp,1.2307692307692308,27,12,ATCGCGTATGATGACCATAT,15,568746
araCp,0.6923076923076923,20,12,ATCGAGGACCGTAGTAGCGT,8,580314
araCp,1.3846153846153846,29,12,ATCACACCTCGCAGGCTAGA,17,575434
araCp,0.6153846153846154,19,12,ATCACAATAGTCTTTCTAAA,7,553772
araCp,1.5384615384615385,31,12,ATATTTCGGCACGCATGCCA,19,534237
araCp,1.4615384615384615,30,12,ATATGTATCTTAGCACCAGA,18,573181
araCp,0.8461538461538461,22,12,ATATCCTTTATCCCACTCTG,10,530095
araCp,1.3076923076923077,28,12,ATACAATAGCACACAGGTGT,16,584893
araCp,1.3076923076923077,28,12,ATAACTTCGGGCCTGTACCG,16,526368
araCp,1.4615384615384615,30,12,AGTTGTGTCCTGCGTGATAA,18,528013
araCp,0.9230769230769231,23,12,AGTTCTTGTGTATACTTTCA,11,531751
araCp,0.23076923076923078,14,12,AGTCCGGGCTCAGCTAGAGT,2,595922
araCp,3.076923076923077,51,12,AGGTTGTGAAAGTTTTGAGC,39,536841
araCp,0.6923076923076923,20,12,AGGTCCCATAGCTCAGCCCA,8,571488
araCp,1.6923076923076923,33,12,AGGTCCACACGATTCTCTCC,21,582973
araCp,1.3846153846153846,29,12,AGGGTATTTCAATGCCGTGC,17,585821
araCp,3.076923076923077,51,12,AGGGGGTGAAGACTGGACTT,39,557938
araCp,0.6153846153846154,19,12,AGGGCTCTTGGGACCAGATA,7,567165
araCp,2.076923076923077,38,12,AGGCTGACATCGTGGGAATA,26,586520
araCp,1.6923076923076923,33,12,AGGATCGCATGATAGGTATT,21,582169
araCp,1.0769230769230769,25,12,AGCAGCGAGATTATGGGCGT,13,571702
araCp,0.6923076923076923,20,12,AGATTAAAGGACACATTAAA,8,533974
araCp,1.4615384615384615,30,12,AGACCCACAAATGGGTTGTG,18,589815
araCp,1.5384615384615385,31,12,ACTTATGAGCTAAGCCTTGG,19,597577
araCp,1.0769230769230769,25,12,ACTGAGAGGGATTTTGACAA,13,576794
araCp,1.2307692307692308,27,12,ACTCTTGATGCTATACAGCG,15,597969
araCp,0.9230769230769231,23,12,ACTCGGGCACAGAAACGCTG,11,585646
araCp,0.7692307692307693,21,12,ACTACTAGAGGCTTGTCGGT,9,594287
araCp,0.9230769230769231,23,12,ACTAATACCCCGTCCAATTG,11,565869
araCp,1.5384615384615385,31,12,ACGTAAACACTAGAGTCAGC,19,549651
araCp,2.6153846153846154,45,12,ACGGTTCAGAAGTACTGATG,33,552362
araCp,0.3076923076923077,15,12,ACGGCTAACAGTAAGGACTA,3,562566
araCp,0.15384615384615385,13,12,ACGGCAAAGATCAGCTGATA,1,538985
araCp,0.6153846153846154,19,12,ACGGAGCAATTCCCTCTCAG,7,555940
araCp,0.6923076923076923,20,12,ACGGACGCCATGAATGCAAT,8,575745
araCp,1.6923076923076923,33,12,ACGAGCGTATTGTACCCATC,21,560744
araCp,0.8461538461538461,22,12,ACGACTCCTCGGAGCTCGGT,10,548609
araCp,5.6923076923076925,85,12,ACCTATCAGTCGTGGACAAG,73,586805
araCp,2.923076923076923,49,12,ACCGAATCGGCCTTTGGAGA,37,555032
araCp,0.23076923076923078,14,12,ACCCTTTCGTTTCCTATGGA,2,531546
araCp,1.0,24,12,ACCCTGATATGCAGAGGCGG,12,570833
araCp,1.2307692307692308,27,12,ACCCAGAGACACAATCGTCG,15,597669
araCp,1.6153846153846154,32,12,ACATAGACCCGGGTGCTTAA,20,567516
araCp,0.7692307692307693,21,12,ACAGGGATTCACGGCGGTAC,9,572178
araCp,0.7692307692307693,21,12,ACACCTTGTCGGCACCCTGG,9,589167
araCp,3.076923076923077,51,12,ACAAGTTTCACGCACAAAAT,39,564006
araCp,1.1538461538461537,26,12,ACAAGTCATGCAACTTGGAC,14,562541
araCp,1.1538461538461537,26,12,AATGGGTCAGGGCGTGCCTC,14,562540
araCp,1.7692307692307692,34,12,AATGAGTATGCACAGGTGTA,22,575933
araCp,0.38461538461538464,16,12,AATCCGATACAAAGAGGATT,4,539031
araCp,0.8461538461538461,22,12,AATAAGATCTCCGCACGTGA,10,583323
araCp,0.6153846153846154,19,12,AAGGCTTATTAGCATATGAC,7,562458
araCp,1.6153846153846154,32,12,AACCGCTTTGACAACCGGCC,20,582507
araCp,0.7692307692307693,21,12,AACCATTATTCTCCTTGGGT,9,564482
araCp,1.2307692307692308,27,12,AACAGACCGTGAATAGTGTC,15,580415
araCp,3.6153846153846154,58,12,AAAGGTTTTGCGGGTTGATT,46,570700
araCp,2.5384615384615383,44,12,AAACGGTATCCATGAACAGA,32,572829
araCp,1.0769230769230769,25,12,AAAAAAACCTCCTGCTTGTG,13,596886
araCp,0.9166666666666666,21,11,TTTGCGATGATTACTTCTAA,10,547382
araCp,0.6666666666666666,18,11,TTTGCCCACCTTATCTTAAG,7,568353
araCp,1.9166666666666667,33,11,TTTGCAGGCAAAAACAGGAC,22,596835
araCp,0.8333333333333334,20,11,TTTGATCCTTAACCTTCCAG,9,548488
araCp,6.083333333333333,83,11,TTTGACGTTTGATCGGACCT,72,581845
araCp,2.3333333333333335,38,11,TTGTTCCCAAAAAATTGTAT,27,549234
araCp,0.25,13,11,TTGTGTTTCTACTTTGATCG,2,547897
araCp,1.4166666666666667,27,11,TTGCTAAAGTGAGTCCTCTG,16,575867
araCp,2.4166666666666665,39,11,TTGCCTAGTACTGCGTGTCC,28,537682
araCp,0.6666666666666666,18,11,TTGAGCCATCGAATCTGTTC,7,602580
araCp,1.1666666666666667,24,11,TTGAGATCTAGGGCCACTAA,13,536287
araCp,1.9166666666666667,33,11,TTCTTCCGCACAGTATAACA,22,530712
araCp,1.5,28,11,TTCGGCGGTGTCCAGCGCGA,17,542475
araCp,1.3333333333333333,26,11,TTCGCGCATCTGTTTCCATG,15,534666
araCp,2.9166666666666665,45,11,TTCGAGACTTACAGAGGCAG,34,602031
araCp,0.8333333333333334,20,11,TTCCTTCGTTTAGCTGGGCT,9,549854
araCp,0.8333333333333334,20,11,TTCCGCCGGCAGTATCGTGC,9,566440
araCp,0.5833333333333334,17,11,TTAGTGAGTGCTTGGTGGCC,6,601656
araCp,0.5,16,11,TTACTCGGCTCCAGTGGGAT,5,586828
araCp,0.16666666666666666,12,11,TTAAAACTGTTGTGCCTCAT,1,540861
araCp,6.416666666666667,87,11,TGTTATCCTGTAAATTCCCT,76,530107
araCp,1.75,31,11,TGTTAGTCGGGGTGTAGACC,20,600800
araCp,1.3333333333333333,26,11,TGTGTGTTGGAAGTGTTCTA,15,568576
araCp,0.16666666666666666,12,11,TGTCGTCCATTAAGAGTTCT,1,601180
araCp,1.8333333333333333,32,11,TGTCGGACGCACAGCGGGCA,21,557464
araCp,0.16666666666666666,12,11,TGTAACGGGGACCTCGAGTT,1,540854
araCp,0.4166666666666667,15,11,TGGTAACCTCCGCATCCCTC,4,535146
araCp,0.8333333333333334,20,11,TGGGGATTTGCGAGTGCGCA,9,569838
araCp,1.5833333333333333,29,11,TGGGAATCAGTCGGTGCTCG,18,601478
araCp,0.75,19,11,TGGCCGTTTATGTACGACCT,8,552260
araCp,1.5833333333333333,29,11,TGCTTCGGCCCCGGTAACGC,18,587081
araCp,1.6666666666666667,30,11,TGCTGAGAAAAGTGGCGCGT,19,588392
araCp,1.0,22,11,TGCTGACATCGGTATGCAAA,11,554826
araCp,0.16666666666666666,12,11,TGCGTGGAAAGTTGGTTAAT,1,528312
araCp,7.083333333333333,95,11,TGCCGAGCTTTAAGGTTTCA,84,530048
araCp,1.4166666666666667,27,11,TGATGCCTATGCTTTGTAAA,16,551826
araCp,2.75,43,11,TGATAGAGATAAGCCGGGTA,32,553761
araCp,1.4166666666666667,27,11,TGACTTCATGTAAGCAGTCT,16,539880
araCp,0.75,19,11,TCTGCATTCTCCTCGGGAGG,8,564810
araCp,4.833333333333333,68,11,TCTCTCGCGTGAATCAAGAA,57,560191
araCp,1.3333333333333333,26,11,TCGGCGATTCATGCTACAGG,15,538496
araCp,0.8333333333333334,20,11,TCGGAGAGAATATCAGACCA,9,583494
araCp,1.8333333333333333,32,11,TCGCGCTACGTGCAGTCTAG,21,549681
araCp,1.1666666666666667,24,11,TCGCAGTTCGGTTGTCACCC,13,594126
araCp,4.5,64,11,TCGATAAGCTGGCCAACCAG,53,559598
araCp,2.0833333333333335,35,11,TCGAGGAATGCTTTTCGGTC,24,586730
araCp,0.6666666666666666,18,11,TCCTGGCAACTTGCTGCGCA,7,526029
araCp,0.16666666666666666,12,11,TCCTCTGGTTAGAAGACGTA,1,600770
araCp,0.6666666666666666,18,11,TCCTAGTAACAGAGCAAACC,7,546125
araCp,1.0833333333333333,23,11,TCCAAGGAATACGAACAAAA,12,567618
araCp,4.0,58,11,TCATTTTTAGTGCTGTCCTC,47,536068
araCp,0.5,16,11,TCAGTCTACGCGCGTAATGG,5,530842
araCp,0.25,13,11,TCAGGAACTTCTTGAGTGCT,2,586800
araCp,2.0833333333333335,35,11,TCAGCTCGTGACTTAATAAG,24,554697
araCp,0.16666666666666666,12,11,TCACTGTTCGTACCCGCAGC,1,602850
araCp,1.5833333333333333,29,11,TCACCACCGACATTTGGATC,18,603354
araCp,0.9166666666666666,21,11,TCAACAACGAGCGATCCTAT,10,539882
araCp,0.6666666666666666,18,11,TATCGCCTGCTGATTCCACA,7,534837
araCp,0.5,16,11,TATCCAATGGCAAGAATAAT,5,529720
araCp,0.8333333333333334,20,11,TATAGTAAAGCCGCCGTTTG,9,568673
araCp,0.75,19,11,TATAGGTATTGCTGTCTTTT,8,574686
araCp,0.25,13,11,TAGAATGTTCAGGCTCCGTC,2,554239
araCp,1.5,28,11,TACGGGGCAGATTAGGACTG,17,543146
araCp,2.6666666666666665,42,11,TACGCTTCAGGCAAGCGGCA,31,557415
araCp,0.5833333333333334,17,11,TACCCTGACAAGATCTGATC,6,528523
araCp,1.5833333333333333,29,11,TAATGTCGGGCAGGATGAAA,18,557229
araCp,4.916666666666667,69,11,TAATCCATCGATTGCTAGCG,58,540104
araCp,3.0,46,11,TAAGGGCTGGGCGTGTTTAC,35,592070
araCp,0.9166666666666666,21,11,TAAATGCGTCATGAGGGCGA,10,594760
araCp,4.5,64,11,TAAATATTACTTACAAGTGA,53,537343
araCp,1.3333333333333333,26,11,GTTTGCCGAAATCGACATAC,15,549606
araCp,1.0833333333333333,23,11,GTTTAATCCCACGCGTCCCA,12,526559
araCp,0.16666666666666666,12,11,GTTGCCGGGGCATTACCAGG,1,601313
araCp,0.5833333333333334,17,11,GTTCTGTCACGTCAAATAGA,6,571025
araCp,1.8333333333333333,32,11,GTTCCAATTGGAAACCCAGT,21,588270
araCp,1.0,22,11,GTTAGGTGGTCAGCTCGGCG,11,552034
araCp,0.5833333333333334,17,11,GTTAAATGAGGGGCTTTACA,6,542749
araCp,0.5,16,11,GTGTGCTCGCCTGGTAATTC,5,567004
araCp,2.3333333333333335,38,11,GTGCTACATACCGGACTTGG,27,528709
araCp,1.0,22,11,GTGCTAAAGTTGTGCTACTT,11,600502
araCp,0.8333333333333334,20,11,GTGATGTACGGATTGCTCAC,9,557820
araCp,0.9166666666666666,21,11,GTCTCTTCGCGTGGGGCCGA,10,533673
araCp,0.8333333333333334,20,11,GTCCTATATATGGGAAACTG,9,544069
araCp,0.9166666666666666,21,11,GTCCGCCAAGGGCCACTTGA,10,536975
araCp,1.25,25,11,GTCCCAGGCACTGCGGAGAC,14,599078
araCp,0.5,16,11,GTCAATGCACGAAGCACTCA,5,579116
araCp,2.0833333333333335,35,11,GTCAACAGACACTAGATCCA,24,582374
araCp,0.9166666666666666,21,11,GTATTGTCACCATCTGACCG,10,598678
araCp,2.5,40,11,GTACTACGATGGTTACCGCT,29,537266
araCp,0.6666666666666666,18,11,GTACGTGATCACCCATAGTG,7,588341
araCp,1.5833333333333333,29,11,GTAAGGCTCCACACCGTGTG,18,600312
araCp,1.25,25,11,GTAACGGCCGGTTCCCGCAA,14,595483
araCp,1.0,22,11,GGTTCCCCCTGATCACCCCT,11,593233
araCp,0.3333333333333333,14,11,GGTCCCTCAAGCGATATCAT,3,563119
araCp,1.5,28,11,GGTACGCAGACCGAAAAGAT,17,579368
araCp,0.5,16,11,GGTAAAACTGAGTCCAGCGT,5,602310
araCp,1.1666666666666667,24,11,GGGGCCTTGTCCCAACCTTA,13,585417
araCp,1.1666666666666667,24,11,GGGGCATGAGCAGCGTTGGT,13,540885
araCp,0.9166666666666666,21,11,GGGGCAGTAGTAGGGCGGCA,10,599977
araCp,19.166666666666668,240,11,GGGCGTAGAGCAAGACAGGT,229,528497
araCp,2.0,34,11,GGGAACGCGTTAATCTAGAC,23,537485
araCp,1.75,31,11,GGCTCTATACAATTGGATAG,20,576311
araCp,1.3333333333333333,26,11,GGCTCGGGCCTGTGGGAATA,15,575537
araCp,2.5,40,11,GGCGTCGGAGGAGGTACCTC,29,564412
araCp,1.5833333333333333,29,11,GGCCTGTGGCACAGCCCATG,18,567007
araCp,1.5833333333333333,29,11,GGATTATTTTTATGTCCACA,18,555340
araCp,1.75,31,11,GGAGTTACCTTAGAGGCAGA,20,531017
araCp,2.0833333333333335,35,11,GGAGCGACCTGGCTTTTACC,24,576763
araCp,1.8333333333333333,32,11,GGAGACTTCCGCATTCTATA,21,582164
araCp,9.083333333333334,119,11,GGAAGCATGAACTCAATCGT,108,553238
araCp,1.5,28,11,GGAAACTTTATGCATGTGGT,17,536407
araCp,1.1666666666666667,24,11,GCGTTAATAGAGGTTCCTGA,13,574460
araCp,1.5,28,11,GCGTCCAGCTGTTGTGGATA,17,527620
araCp,0.6666666666666666,18,11,GCGGCTGCGTTCCGGGTAAA,7,557811
araCp,8.0,106,11,GCGCGTGATTGTTCACCTTG,95,528069
araCp,0.5,16,11,GCGCGCCAACGCTGAGGGGT,5,547610
araCp,0.6666666666666666,18,11,GCGATACGTATTAAGTTCAA,7,576074
araCp,1.9166666666666667,33,11,GCGAGTCTACTCACGCACTT,22,596664
araCp,1.25,25,11,GCGAGATCCATCCCCCGGCT,14,543888
araCp,3.4166666666666665,51,11,GCGACCTGTTGGGGGTATAA,40,582725
araCp,1.3333333333333333,26,11,GCGAATCAGCACTTAATTCC,15,535791
araCp,0.4166666666666667,15,11,GCCTATGGGCGTGTGACCCA,4,542914
araCp,0.5,16,11,GCCGCCCTCTATGCGTTACA,5,598938
araCp,1.0,22,11,GCATTGTTGCATGTATGGGT,11,577880
araCp,0.4166666666666667,15,11,GCAGCGATAGGCGGTAATTG,4,545722
araCp,1.1666666666666667,24,11,GCAGCACTTCTCAAGTCAAG,13,581020
araCp,0.4166666666666667,15,11,GCACCCATTTCTCAAGGGAA,4,560970
araCp,0.9166666666666666,21,11,GCACAGATACTACCCGATGA,10,590714
araCp,1.5833333333333333,29,11,GCAATCGGACGATAATCCAT,18,577934
araCp,4.416666666666667,63,11,GATTTGCACGCGTAAGTAAT,52,528487
araCp,1.4166666666666667,27,11,GATTTAAAACCGTCCGATCT,16,598730
araCp,0.5,16,11,GATCTAGTCTCGTCGGACTG,5,595300
araCp,0.9166666666666666,21,11,GAGTACAGTCTCGAGCGCAG,10,593917
araCp,2.3333333333333335,38,11,GAGGTTTCCATGCGGGGTGA,27,563852
araCp,0.16666666666666666,12,11,GAGGGTCTCAGCTGTTTTGG,1,591471
araCp,2.4166666666666665,39,11,GAGGCGTAGCGATTTGAAGT,28,598890
araCp,0.25,13,11,GAGCGGGAGTGCGACTAGAG,2,581993
araCp,0.5833333333333334,17,11,GAGATCTATCATACATGATT,6,585762
araCp,1.25,25,11,GACTCCTGCAGTCGTACTGG,14,589207
araCp,1.0833333333333333,23,11,GACGTAAATTGAGTTACTGA,12,602203
araCp,2.25,37,11,GACGATTCTCACCAGTAGAC,26,562514
araCp,1.1666666666666667,24,11,GACCTTGCCTCATTACGCGT,13,527730
araCp,0.9166666666666666,21,11,GACCGGAAGTTCATAAGTGA,10,546120
araCp,1.5,28,11,GAATGAGCGTCTAGGTAGCT,17,542494
araCp,0.16666666666666666,12,11,GAAGCCTCGATAAGGACGAG,1,550732
araCp,0.5833333333333334,17,11,GAACTGCAGTCCTAAGAGGT,6,563658
araCp,0.8333333333333334,20,11,GAACCCTCGTAGTTATGCCT,9,551054
araCp,1.3333333333333333,26,11,GAAAAACCTCCTTGCCCCGG,15,529770
araCp,2.25,37,11,CTTGAATGGGATGCGTAGTA,26,550554
araCp,0.5,16,11,CTGTTTAAAGGGTCACACCA,5,558519
araCp,1.5,28,11,CTGGGTTGAACTCCACGTAG,17,544325
araCp,1.75,31,11,CTGGGGTCAAAATAGCTTTT,20,552997
araCp,2.75,43,11,CTGGATACATCAGAGATCTA,32,578787
araCp,0.8333333333333334,20,11,CTGCGCTATCACAAGCCTTA,9,602162
araCp,1.3333333333333333,26,11,CTGAACGTCAAATCACTGTG,15,552320
araCp,1.0833333333333333,23,11,CTCCTTCGTTCTGTCCACGA,12,590942
araCp,4.75,67,11,CTCCGTTTTGTGAGAAACAT,56,576799
araCp,1.1666666666666667,24,11,CTCCCCACAGGGCATTTCTG,13,587169
araCp,0.9166666666666666,21,11,CTCCAAGGCTCGACGAGAAT,10,552752
araCp,0.5833333333333334,17,11,CTCACTATTGAGAGTGACCT,6,555822
araCp,0.9166666666666666,21,11,CTATTCGGCGGGAAAATATA,10,574241
araCp,0.5,16,11,CTATATCAAGGCAGAGTCGG,5,536784
araCp,1.3333333333333333,26,11,CTATAACGTCCCCTACTTTA,15,559339
araCp,1.5,28,11,CTAGTTACCAGGATGGGCCT,17,589292
araCp,1.0,22,11,CTACGGCCACCTGCTAAGTA,11,553285
araCp,7.916666666666667,105,11,CTAAGTTAGGATTTCCATCA,94,561550
araCp,2.0833333333333335,35,11,CTAAGCCGAGAGCGTGGTGT,24,597806
araCp,0.5833333333333334,17,11,CGTTGCGCCGGTGCAAGTAG,6,574800
araCp,4.916666666666667,69,11,CGTTCACAGTCGTAGTCGTG,58,551721
araCp,0.16666666666666666,12,11,CGTGGGTTGCGGTTGACCAA,1,539005
araCp,1.25,25,11,CGGTGCTACTAACCACGTGC,14,554093
araCp,1.3333333333333333,26,11,CGGTCGGTAGACATGAGCCT,15,542367
araCp,0.5833333333333334,17,11,CGGGCAGTAGTTAACTGCTC,6,593104
araCp,1.0833333333333333,23,11,CGGCGTGCTATAAGTCTTTG,12,561618
araCp,0.8333333333333334,20,11,CGGCCACAGGTCAAGGAACA,9,587080
araCp,0.3333333333333333,14,11,CGCGGAAATAATGACTGAAT,3,569721
araCp,1.3333333333333333,26,11,CGCCTTGGCGATCTTTTGAT,15,536773
araCp,1.0,22,11,CGCATAAAGCATACAAAAGG,11,589835
araCp,0.75,19,11,CGAGTGTACTCAATAACTAT,8,569116
araCp,2.25,37,11,CGAGTGGACAAGTGGTTCTG,26,564566
araCp,4.166666666666667,60,11,CGACTAACTCACTCTGCCAA,49,593081
araCp,1.0833333333333333,23,11,CGACCCAGTTGTGTTATATG,12,580471
araCp,2.3333333333333335,38,11,CGAATGGAGTTCGTGCGAGA,27,569652
araCp,1.0,22,11,CCTTCTTTGGGGCCTGTAAG,11,584183
araCp,1.5,28,11,CCTGTCGGCGGGTATGCACT,17,562322
araCp,0.75,19,11,CCTCTCATGAGGGTCTTGTG,8,602373
araCp,0.3333333333333333,14,11,CCTAAGCGCTGTCAAACGCT,3,578507
araCp,2.4166666666666665,39,11,CCGTGTCACACTGCGTCGTT,28,586252
araCp,1.1666666666666667,24,11,CCGTAGACGCAGGTCTTTGG,13,555536
araCp,2.1666666666666665,36,11,CCGTAATCGGTCTACGATTG,25,549770
araCp,2.8333333333333335,44,11,CCGGTATGTTAGCTCAGGGA,33,586685
araCp,0.25,13,11,CCGGACGCGCCAGGGGGGCC,2,544462
araCp,0.6666666666666666,18,11,CCGCTATTTATGACAGTATA,7,531580
araCp,1.1666666666666667,24,11,CCGCCTATGTAAGCCTTACA,13,525668
araCp,1.1666666666666667,24,11,CCGCAAAGGTCCCGCACGGT,13,543057
araCp,0.9166666666666666,21,11,CCGAGATCGCATAAACTTTA,10,560141
araCp,2.1666666666666665,36,11,CCCTGCTGTAACCGCGATCA,25,548503
araCp,2.3333333333333335,38,11,CCCTAAAGGGACTGTTTAGG,27,526267
araCp,1.0833333333333333,23,11,CCCGTCGTTTCCTGTGCCCA,12,538538
araCp,1.3333333333333333,26,11,CCCCACACCCGGCGCACCTC,15,600863
araCp,3.25,49,11,CCCATCAACCGATCCTGTGC,38,576111
araCp,1.3333333333333333,26,11,CCATTCCAAAGCTTGGCTCT,15,571574
araCp,1.8333333333333333,32,11,CCACTAGGAGACTATTGACA,21,560936
araCp,2.0833333333333335,35,11,CCAACACGGTCAGGCCAATT,24,579886
araCp,0.3333333333333333,14,11,CATTTTGCGGGGTCTAGACT,3,552957
araCp,1.1666666666666667,24,11,CATTACTCAATTAGGCACAG,13,555134
araCp,1.0,22,11,CATGTATCTGTCCCCTCAAA,11,586299
araCp,2.0,34,11,CATGGGTCCACAGGACACCA,23,559600
araCp,1.9166666666666667,33,11,CAGTTTAAACGACGGGCGCA,22,553952
araCp,1.75,31,11,CAGTGGTGTCATTGCGAGGC,20,584980
araCp,0.16666666666666666,12,11,CAGGTTGCATCCAGTAGCCA,1,555790
araCp,1.6666666666666667,30,11,CACCCGTACGAGCTGTTAAT,19,571625
araCp,1.0833333333333333,23,11,CAAAGTGGAGGAAGCGACGA,12,578864
araCp,4.0,58,11,ATTCTGCCACTGAGACCGTG,47,540464
araCp,2.8333333333333335,44,11,ATTCTCAGTCTATCGACCAA,33,585205
araCp,0.75,19,11,ATGTCGAACTGATAGAGCGA,8,582882
araCp,1.4166666666666667,27,11,ATGTAAGCTGGGAGGCCACG,16,558477
araCp,0.5833333333333334,17,11,ATGGTGCGAGCGTTCTCGGA,6,552092
araCp,2.3333333333333335,38,11,ATGGTATCCCGTATTGCAGA,27,603395
araCp,1.0,22,11,ATGCTCGTTACCTCTGCCCA,11,600253
araCp,1.4166666666666667,27,11,ATGCGAATAGAAGTATTCTG,16,557224
araCp,3.5833333333333335,53,11,ATGCCTCAGGGTCGGCGGAA,42,587060
araCp,1.5833333333333333,29,11,ATGATGAGTACGTTGATTGT,18,586733
araCp,5.333333333333333,74,11,ATGACAAATTGCACTCAGTA,63,546863
araCp,1.5833333333333333,29,11,ATCTGGTACATGATCGCCAT,18,531579
araCp,1.5,28,11,ATCTATAAACTGTCCTAGGC,17,573788
araCp,2.25,37,11,ATCGGCATACTTTTCAGCTT,26,555907
araCp,2.4166666666666665,39,11,ATCGCGTTACTAAAAGCGGA,28,531284
araCp,1.5,28,11,ATCACCACATGCCCAGAGTG,17,531871
araCp,1.5,28,11,ATAGTGGAGCCTACGAAGTT,17,596423
araCp,5.083333333333333,71,11,ATACCCCGCTAAAAGGGTAA,60,598077
araCp,6.166666666666667,84,11,ATAATCTGGTTCTTATAAGG,73,528489
araCp,1.3333333333333333,26,11,ATAATCGGTTTGCTGTTACA,15,595347
araCp,5.833333333333333,80,11,ATAACATGGTTCTCCTTGAT,69,591644
araCp,2.3333333333333335,38,11,AGTTGTACTACCCAAGAAGC,27,584441
araCp,2.75,43,11,AGTTACTGTGCCGTGATATT,32,577608
araCp,0.5833333333333334,17,11,AGTGATGACACCTCGGGTTT,6,556150
araCp,0.75,19,11,AGTCGGCTTTTGCTGAGAAA,8,580476
araCp,1.1666666666666667,24,11,AGTAGTACCCAGTTGATAGG,13,540388
araCp,1.5833333333333333,29,11,AGTACAGGCAGGCCCAGTAC,18,593506
araCp,3.1666666666666665,48,11,AGGGTATTAGGCTGTAGTGT,37,566729
araCp,1.5833333333333333,29,11,AGGAGAACCTTGTTTGTCAT,18,563129
araCp,0.25,13,11,AGCTTGTCACTAAATATGGT,2,547754
araCp,1.1666666666666667,24,11,AGCTTCCTAGTCATGTACCG,13,542626
araCp,0.8333333333333334,20,11,AGCGTTGGTCCTAAGGCGTG,9,546799
araCp,0.3333333333333333,14,11,AGCAATGTATTATCCCTTTT,3,579008
araCp,2.1666666666666665,36,11,AGCAATGACAGAACCAATCT,25,554720
araCp,1.4166666666666667,27,11,AGCAAAACATTTCTACTGAT,16,574983
araCp,10.0,130,11,AGAGTGGGGCATAAGAATCT,119,576344
araCp,3.75,55,11,AGAGCGGTGCCTAAGTTAAA,44,555307
araCp,1.4166666666666667,27,11,AGAGACTTACAAGCATACGT,16,583685
araCp,1.0833333333333333,23,11,AGAGACGGCTTGCTGGTTAT,12,582301
araCp,2.8333333333333335,44,11,AGAAGTTCGCAGAAATTAAT,33,554084
araCp,0.16666666666666666,12,11,AGAACTTCTGTTGTTCACAC,1,544445
araCp,0.75,19,11,ACTTTATGGAGTGATGTAAG,8,561381
araCp,2.4166666666666665,39,11,ACTTAACTAACGTCAAAGAT,28,581254
araCp,0.8333333333333334,20,11,ACTATTCTGTCAGAGATTAA,9,588665
araCp,1.75,31,11,ACTATCAACCTGTGTCGTGT,20,581468
araCp,1.9166666666666667,33,11,ACTAATGGATTCCACATATA,22,533896
araCp,1.1666666666666667,24,11,ACGTCTCAGTCGTGGGAAAT,13,526043
araCp,2.3333333333333335,38,11,ACGGTCGATATCCGTGAACC,27,572165
araCp,1.0,22,11,ACGGCCGGTCCTCGTACGTT,11,544458
araCp,3.8333333333333335,56,11,ACCAACGCTTGTCTTCGCAA,45,535559
araCp,1.1666666666666667,24,11,ACATGTACATATATGGCTTG,13,575246
araCp,3.0,46,11,ACAGCATATGCCTTACTCAC,35,550861
araCp,1.4166666666666667,27,11,ACACTCGTCCACCGTTGCGG,16,550561
araCp,0.16666666666666666,12,11,ACACACCTAACGAGGCCATA,1,576412
araCp,3.5,52,11,AATTGAAGTTAGAAAAAGTT,41,572008
araCp,0.8333333333333334,20,11,AATGATCGACCGTAGGGGGT,9,581809
araCp,1.25,25,11,AATCATATAAGTGCCTTAGG,14,581571
araCp,14.333333333333334,182,11,AAGTGCCTCGGGTAGACAGG,171,603642
araCp,2.3333333333333335,38,11,AAGTCCCATGCCACATTATA,27,581762
araCp,3.3333333333333335,50,11,AAGTCAGGCATCTCTGATAA,39,575477
araCp,1.8333333333333333,32,11,AAGTATTGCAAATTGGATGA,21,571172
araCp,0.5833333333333334,17,11,AAGTATTATGGACGAGAATG,6,526077
araCp,1.3333333333333333,26,11,AAGCTGATATGATAATAAGC,15,573829
araCp,5.416666666666667,75,11,AAGCGTAAGTCCCGCTAAGC,64,554212
araCp,0.8333333333333334,20,11,AACTGCTTTCGACTAACACA,9,542671
araCp,0.5,16,11,AACTCTAAACGGCGCAACCT,5,556560
araCp,1.8333333333333333,32,11,AACGAGAATTTCCCTTACTT,21,574866
araCp,1.25,25,11,AACCGCGACCTGCGTTACGA,14,531536
araCp,8.5,112,11,AACCCGATCCTGTAAATACT,101,576804
araCp,0.9166666666666666,21,11,AACCCGAACTACCAAAGCGC,10,564891
araCp,0.4166666666666667,15,11,AACCCATCATCTAACCCCTG,4,544795
araCp,1.5833333333333333,29,11,AACACAATGAATTCCATGAG,18,528532
araCp,0.8333333333333334,20,11,AAATTGATCCTCGCCAGATG,9,592495
araCp,0.3333333333333333,14,11,AAATGACACTGTGAGGGCAA,3,553685
araCp,1.4166666666666667,27,11,AAATCCATGTTATAGTGTCA,16,584760
araCp,5.083333333333333,71,11,AAAGGCGAAAATTCAAGTAT,60,591656
araCp,1.3333333333333333,26,11,AAAGGAGCCAATATCGGTAA,15,584911
araCp,1.9090909090909092,30,10,TTTTTTTCTGGGATGAGTTC,20,577214
araCp,0.36363636363636365,13,10,TTTTTGGCATCCGATTCAAG,3,527289
araCp,0.36363636363636365,13,10,TTTTCAGGGTTCTTGAGGTC,3,569973
araCp,2.272727272727273,34,10,TTTGTATTCGGGGGCATGCT,24,534723
araCp,2.5454545454545454,37,10,TTTCTTTACAACCTAGTGCC,27,552687
araCp,1.6363636363636365,27,10,TTTACTTCACCTTTTCGTTG,17,567696
araCp,2.4545454545454546,36,10,TTTACGGCTTTCATCCAAAA,26,597630
araCp,4.181818181818182,55,10,TTGTCCCTTATGAGGGTACT,45,532878
araCp,8.454545454545455,102,10,TTGGTTTTTCTGTACTTGAG,92,560789
araCp,0.18181818181818182,11,10,TTGGTCTCTCCCGAGCGGGG,1,582423
araCp,0.7272727272727273,17,10,TTGGCTCACACGCCGCCGGG,7,552691
araCp,1.4545454545454546,25,10,TTGACCAAATCTAGTACCCC,15,588299
araCp,1.3636363636363635,24,10,TTCTGTCGCGCACGCGGGGC,14,545375
araCp,1.1818181818181819,22,10,TTCTCACAGAATAGAAGAAC,12,582266
araCp,1.6363636363636365,27,10,TTCGTTGTGAGCTCTGGATC,17,545180
araCp,0.9090909090909091,19,10,TTCGATACAATAATTGTTAA,9,588713
araCp,1.0909090909090908,21,10,TTCCCCTTCAGCCTAACTAT,11,577198
araCp,1.8181818181818181,29,10,TTCCAGCCTCTATACATGGC,19,563255
araCp,1.8181818181818181,29,10,TTCAGGCTCGAGTAGGGGTT,19,603140
araCp,0.8181818181818182,18,10,TTATGCATCACTGGCGGATA,8,566386
araCp,6.818181818181818,84,10,TTAAGTTCTTTTTAGTTTGG,74,551352
araCp,3.6363636363636362,49,10,TTAAAGGCTTTGTTATTCAG,39,559021
araCp,0.8181818181818182,18,10,TGTTTGGCAAATTGGAACTA,8,553050
araCp,1.9090909090909092,30,10,TGTTTCACTTCGTTGTGTTA,20,526264
araCp,3.3636363636363638,46,10,TGTGCTTGAGAATCGTGACT,36,570083
araCp,1.1818181818181819,22,10,TGTCTAGACAGCCCTGCCAT,12,563290
araCp,0.18181818181818182,11,10,TGTACGCCGGGTCACAGACA,1,562599
araCp,2.1818181818181817,33,10,TGGTAAGTACGCTCCGTAGT,23,551723
araCp,0.8181818181818182,18,10,TGGATAAAAAGCCTTCCAGT,8,529032
araCp,2.3636363636363638,35,10,TGCTTGTGGTGGTGATTTAG,25,580806
araCp,3.6363636363636362,49,10,TGCTTGGGGGACTGACGCGC,39,576875
araCp,0.18181818181818182,11,10,TGCGTTATTTTTCCCGCGTG,1,589329
araCp,0.18181818181818182,11,10,TGCCAAATCGTTAGGCGGAT,1,585557
araCp,1.3636363636363635,24,10,TGCATCAATATGTAGCTCGC,14,564277
araCp,3.090909090909091,43,10,TGCACTTGCACGATTGGGAA,33,597771
araCp,2.0,31,10,TGATGATGCCGGCTATATCA,21,595305
araCp,1.0909090909090908,21,10,TGAGCCTTGTTTTCAAGACT,11,587348
araCp,1.6363636363636365,27,10,TGAGAGTCTCTCAGGGCTTG,17,563345
araCp,1.7272727272727273,28,10,TGACGTTCACGAACGCGCGG,18,570397
araCp,1.0,20,10,TGAATTTTTGGCCTGCTGGA,10,542937
araCp,1.0909090909090908,21,10,TGAATCACAAAGCTACACGA,11,555750
araCp,0.18181818181818182,11,10,TGAACTATATGATGTTTAAT,1,578792
araCp,1.2727272727272727,23,10,TGAAACTCGTGATAGCAGGG,13,526819
araCp,0.8181818181818182,18,10,TCTTCAACCGCGCTCACAGG,8,601717
araCp,0.18181818181818182,11,10,TCTGCTGCGTCCTTGTCGGT,1,574715
araCp,1.3636363636363635,24,10,TCTAATCCGCAGTGCTGAAA,14,527892
araCp,7.2727272727272725,89,10,TCGTAATAAGAAAACCCGGT,79,584306
araCp,8.181818181818182,99,10,TCGGACGTACATACAATCGT,89,596557
araCp,2.090909090909091,32,10,TCGGAATTACAGCCCTGCAG,22,538200
araCp,2.1818181818181817,33,10,TCGCGTTAGAAGTGGTAGCG,23,547842
araCp,1.7272727272727273,28,10,TCGCCGTACGCGTACAGTGA,18,567789
araCp,1.3636363636363635,24,10,TCGATCCTTTCGGGGAAACA,14,536606
araCp,0.45454545454545453,14,10,TCCTGCATAATCAAGGACGT,4,581680
araCp,3.090909090909091,43,10,TCCCGGACCTTGGCCTCGTG,33,562672
araCp,1.0,20,10,TCATCATGAACGTCATGTCA,10,539106
araCp,1.8181818181818181,29,10,TCATACGGTTTCTCCGGCCA,19,569859
araCp,4.181818181818182,55,10,TCAGTGATTGAGACTTTTTA,45,551678
araCp,0.5454545454545454,15,10,TCAGTACCTCGACATCGGAT,5,566332
araCp,2.272727272727273,34,10,TCAGGGGGTTGCTAACCTGA,24,554718
araCp,4.090909090909091,54,10,TCAGGAACTTTAGACGATCG,44,551341
araCp,4.7272727272727275,61,10,TCACGTGTGCTCTAACGTTA,51,583736
araCp,1.7272727272727273,28,10,TCACGGACCGACTCGGCTTA,18,582726
araCp,2.727272727272727,39,10,TCACCTACATAGCCACAAGA,29,552690
araCp,1.0909090909090908,21,10,TCACAGTAGTTTGGTGATGC,11,545160
araCp,0.6363636363636364,16,10,TCACAAAGGATGTCCTATGG,6,600973
araCp,6.2727272727272725,78,10,TATTCTTACATAGTGCCCTA,68,577197
araCp,0.6363636363636364,16,10,TATCGGTCCGACTTTAGGTT,6,573240
araCp,0.5454545454545454,15,10,TATCGAGTGGTTCGTATACT,5,570234
araCp,1.0909090909090908,21,10,TATCCAACTTCCGTGAGTTT,11,546004
araCp,0.18181818181818182,11,10,TATATACCCCTTTAGGCTAT,1,586154
araCp,0.5454545454545454,15,10,TATAAGCCGGAAACCTCCTA,5,581499
araCp,3.272727272727273,45,10,TAGGGTCCTGATGTTCGTGA,35,600512
araCp,2.909090909090909,41,10,TAGGGGCTATAAATGTAGAG,31,567144
araCp,2.5454545454545454,37,10,TAGGCCACTGGACATCACCA,27,543619
araCp,0.9090909090909091,19,10,TAGCTGTTGGCGACCTGAGG,9,560130
araCp,0.8181818181818182,18,10,TAGCAGTACGCAGAAATTTG,8,593168
araCp,1.8181818181818181,29,10,TAGATACCGTAACGGGTGGG,19,550986
araCp,1.2727272727272727,23,10,TACTAGGGTCAGGAAAGACG,13,587072
araCp,1.1818181818181819,22,10,TACCGGCTATTCTCATTGAC,12,576557
araCp,0.45454545454545453,14,10,TACCCCCGATCCGAGCTGGA,4,549127
araCp,2.090909090909091,32,10,TACCCAGCACCCTCCGCTTG,22,531158
araCp,1.0,20,10,TAATGGTGTACAAACGTAAT,10,543365
araCp,0.6363636363636364,16,10,TAATGGGGTAATGCGGTTCA,6,535147
araCp,2.1818181818181817,33,10,TAATCCTCGCGTGAAATTAA,23,556405
araCp,1.4545454545454546,25,10,TAATAACGAAGATGAGATGG,15,552462
araCp,2.4545454545454546,36,10,TAAGTTCATTTTGTATCGAA,26,530006
araCp,1.6363636363636365,27,10,TAACTGATAATCTCATTCCA,17,565800
araCp,0.2727272727272727,12,10,TAACGTGGTCATAAATCACA,2,539300
araCp,2.727272727272727,39,10,GTTTTTCACCAACTGAAGAT,29,545142
araCp,0.18181818181818182,11,10,GTTTTCTAGTGCCCCGGTCT,1,548887
araCp,2.6363636363636362,38,10,GTTTTCATATTGCATTCTGT,28,595479
araCp,0.7272727272727273,17,10,GTTTCTTCATAATTATACTT,7,541373
araCp,0.8181818181818182,18,10,GTTGTGAAATATTCCCCGGA,8,577799
araCp,0.8181818181818182,18,10,GTTGGTAGCAAGGAAAGAAG,8,579356
araCp,1.4545454545454546,25,10,GTTCATTCGGTAACATCGTT,15,582225
araCp,2.1818181818181817,33,10,GTTATCGCAACAGGAGAGAC,23,588181
araCp,1.1818181818181819,22,10,GTGTTTGGGCTTCCTCGATT,12,539437
araCp,1.5454545454545454,26,10,GTGTTAGCAATCGGGGTGTG,16,539374
araCp,0.18181818181818182,11,10,GTGTGGTATAGTACCGGGAC,1,570518
araCp,1.1818181818181819,22,10,GTGTGAAGGCTACGCGCAAG,12,572761
araCp,1.1818181818181819,22,10,GTGTAGATGACTGATCCGCA,12,581782
araCp,1.7272727272727273,28,10,GTGGCACAGGTTAGGCGCTT,18,568371
araCp,2.272727272727273,34,10,GTGCGTTTGTCCAAGCGGAT,24,571366
araCp,1.2727272727272727,23,10,GTGAGGGCGGTGCCGGGAAT,13,529293
araCp,1.7272727272727273,28,10,GTGACCTTCAGGAACAGCCT,18,528553
araCp,2.727272727272727,39,10,GTGACATACGCTAGTTTTAA,29,533026
araCp,15.818181818181818,183,10,GTCTTTGCCGCTGTAGGGTA,173,579107
araCp,2.6363636363636362,38,10,GTCCGTCAACGACTGGACGG,28,596590
araCp,2.3636363636363638,35,10,GTCCCCCGAAATATTGTCCC,25,533012
araCp,1.1818181818181819,22,10,GTATTGCTCAGGGAGTGTAA,12,575836
araCp,1.7272727272727273,28,10,GTAGTTCACATTGGACCACA,18,525945
araCp,1.3636363636363635,24,10,GTAGATGCAGAGTTGAACTT,14,545737
araCp,1.3636363636363635,24,10,GTACTCCTGAAACATTACGT,14,591467
araCp,1.7272727272727273,28,10,GTACACGCGACCCAGTAGAG,18,568167
araCp,0.18181818181818182,11,10,GTAATGGATGTAGGCATATA,1,565285
araCp,3.0,42,10,GGTTAAGCTCGGGTGGTGAT,32,590403
araCp,0.7272727272727273,17,10,GGTGAAGTCAGTTGATGTTG,7,590606
araCp,3.1818181818181817,44,10,GGTAGGCATTTATATCAGTT,34,565926
araCp,8.272727272727273,100,10,GGTAGATCCAGTTATAATAT,90,561273
araCp,1.3636363636363635,24,10,GGTACTCTCAGTCCTCCGCA,14,566924
araCp,0.7272727272727273,17,10,GGTACATGGCTTACCACAAT,7,563128
araCp,0.5454545454545454,15,10,GGGGTCTGGGCTTAGGGCGT,5,551694
araCp,1.3636363636363635,24,10,GGGGTCATTTCGAGCCGCTT,14,554326
araCp,1.4545454545454546,25,10,GGGGTATTCTCCGGGTTGCA,15,572965
araCp,3.727272727272727,50,10,GGGGGTAACTTCAAGTTCGT,40,578509
araCp,1.4545454545454546,25,10,GGGGGATCGCATCATGCGTC,15,538983
araCp,1.0,20,10,GGGGCTCCGTAATTCTGGAT,10,589228
araCp,3.1818181818181817,44,10,GGGCGTGACCAATATTTCTC,34,581062
araCp,1.7272727272727273,28,10,GGGCAAGATGTCACCCCAGG,18,570044
araCp,1.5454545454545454,26,10,GGCGGGATTCTCATATGAAC,16,553951
araCp,3.3636363636363638,46,10,GGCGCCCAATCGATTGATGT,36,552305
araCp,0.7272727272727273,17,10,GGCGCCACGCCATCAGCCGT,7,550625
araCp,1.2727272727272727,23,10,GGCGATCCCGCTACTGAACT,13,554174
araCp,0.9090909090909091,19,10,GGCATAGTTTAAGCAATTCT,9,567457
araCp,0.7272727272727273,17,10,GGATTTAGGGTTTTGCACTG,7,546393
araCp,2.8181818181818183,40,10,GGATCGGTCGTGGGTCATAT,30,597245
araCp,4.636363636363637,60,10,GGAGCTTGGAACTGCGACCG,50,564005
araCp,2.8181818181818183,40,10,GGACTTGACCCCAAAGTCTA,30,549659
araCp,1.4545454545454546,25,10,GGACGGAGGTAGCTTTTTGG,15,598392
araCp,1.7272727272727273,28,10,GGACCTGCGCGAGGTAGGAT,18,595889
araCp,3.0,42,10,GGACCGCCTTTCTAACTTGA,32,582517
araCp,0.9090909090909091,19,10,GGAAGATACAAGTGGATACG,9,570286
araCp,1.7272727272727273,28,10,GCTGTCCTACCCGCTAGTAT,18,531076
araCp,3.0,42,10,GCTGCAGATTTAGCACCCAT,32,564049
araCp,5.454545454545454,69,10,GCTCTGGGTTCGCGAAAAGT,59,565998
araCp,1.3636363636363635,24,10,GCTAGAAGTAGACACGGTGG,14,584677
araCp,0.45454545454545453,14,10,GCGGGTCGATAACCTTGACA,4,537433
araCp,1.2727272727272727,23,10,GCGGAGTCAGGTTCGTCCAC,13,587344
araCp,3.5454545454545454,48,10,GCGGAACAGCCCTGTCCATT,38,577269
araCp,0.9090909090909091,19,10,GCCTGTTCATCCAATATATG,9,558482
araCp,1.7272727272727273,28,10,GCCAGGGTTGTTTCCAATTT,18,544942
araCp,1.9090909090909092,30,10,GCCACGGTTGTCGAGGTCCT,20,587106
araCp,0.6363636363636364,16,10,GCCAAAGAATAAAGCCCAAG,6,559864
araCp,0.9090909090909091,19,10,GCAGATGGAGTCAATGTACG,9,531229
araCp,0.18181818181818182,11,10,GCACTTGGTTAGGATTAACA,1,571100
araCp,1.0909090909090908,21,10,GCACCCCCAACTATCGTGGC,11,548127
araCp,1.0,20,10,GCAATTCACGACTGAGCCAG,10,542733
araCp,0.36363636363636365,13,10,GCAATCAGGCCATGCCACAT,3,593087
araCp,1.7272727272727273,28,10,GCAAGCACAGGTTATGACAA,18,548353
araCp,0.8181818181818182,18,10,GATTGGAGAGACTATAGAAT,8,558277
araCp,1.0909090909090908,21,10,GATTCGTCCTACCTGCATTG,11,526375
araCp,2.5454545454545454,37,10,GATTCGGAGATGATGTAACT,27,591114
araCp,3.727272727272727,50,10,GATGCGGGGTAGGATCTTGA,40,579112
araCp,1.5454545454545454,26,10,GATGATTCCGTGGGGGATAG,16,567608
araCp,0.18181818181818182,11,10,GATAAGGTTTTCTAGAAGCG,1,560450
araCp,1.2727272727272727,23,10,GAGTCATGCCGCACGAACAC,13,545319
araCp,0.6363636363636364,16,10,GAGTCAATGCGGAGTTCATA,6,534405
araCp,1.4545454545454546,25,10,GAGGTGCAGTCGTGTCCCTG,15,584250
araCp,2.5454545454545454,37,10,GAGCGCCGAATGGGCTTTTG,27,591019
araCp,1.9090909090909092,30,10,GAGCCCACCTATGGCGTAGG,20,553141
araCp,1.1818181818181819,22,10,GACTAGCGTGACCTCCACGT,12,546549
araCp,1.7272727272727273,28,10,GACGGACAACGGCGTGAACT,18,596004
araCp,2.4545454545454546,36,10,GACCAAGTCGTGAGTGCACA,26,580860
araCp,1.5454545454545454,26,10,GACAATATACTAGCTCCCTA,16,590486
araCp,1.3636363636363635,24,10,GAACCAACTCGCACGACTAT,14,591107
araCp,0.6363636363636364,16,10,GAACAATCCAAACCTTGGCT,6,532807
araCp,0.9090909090909091,19,10,CTTTGTTACCTAAGAAACTG,9,575540
araCp,3.1818181818181817,44,10,CTTTGCTCTAAAAAAGCCTT,34,570814
araCp,0.18181818181818182,11,10,CTTGGACAATGACACTCTGT,1,577979
araCp,2.5454545454545454,37,10,CTTGACGCCATCACCGGGGT,27,532480
araCp,0.5454545454545454,15,10,CTTCGGGTTGTGAAGGCGCA,5,591361
araCp,0.9090909090909091,19,10,CTTCATTCCGTGCTGACAAG,9,566442
araCp,1.4545454545454546,25,10,CTTATACGGAAATCATGATA,15,545202
araCp,2.1818181818181817,33,10,CTGGATCCTAGCGCTTCACT,23,552518
araCp,2.5454545454545454,37,10,CTGCGGCGAGGCAATTGAAA,27,584140
araCp,1.0,20,10,CTGCGGCCCCAGCACATAGG,10,555795
araCp,1.0909090909090908,21,10,CTGCAGTATAGGTCACTTTA,11,526125
araCp,1.4545454545454546,25,10,CTCTGCCTTGGCACTACTTA,15,574322
araCp,6.090909090909091,76,10,CTCTCTGTAGACTGAAACCT,66,583181
araCp,2.4545454545454546,36,10,CTCCGACCACTACTTTGAAA,26,600070
araCp,1.5454545454545454,26,10,CTCCCCCGGCGTTGCGCAGA,16,601723
araCp,1.8181818181818181,29,10,CTCCAGTTTCTCAACAGCTA,19,570570
araCp,2.5454545454545454,37,10,CTCAATGAGCCTCGGCACTA,27,599176
araCp,2.1818181818181817,33,10,CTACACATCGCCAAGACGCG,23,580519
araCp,0.6363636363636364,16,10,CGTTTGTCATCCTCCTAACT,6,555260
araCp,1.9090909090909092,30,10,CGTTCATGATTGTGCCGAGT,20,548019
araCp,2.1818181818181817,33,10,CGTAACCGTAAGTCGGACAA,23,600018
araCp,4.454545454545454,58,10,CGGGTCCCCGCACGAGTGTC,48,593235
araCp,1.2727272727272727,23,10,CGGGGCAGGCGACGGTTGCT,13,572563
araCp,0.5454545454545454,15,10,CGGGACGCGACCATAGCGTT,5,526064
araCp,2.727272727272727,39,10,CGGGAAGTGCTGACAATAGA,29,597407
araCp,1.1818181818181819,22,10,CGGCTAGATCATTAGGAGAC,12,577870
araCp,1.0909090909090908,21,10,CGGCGGAGCCCGTCCTATCA,11,549940
araCp,0.8181818181818182,18,10,CGGCATCCTGATATTCTACG,8,586101
araCp,1.0909090909090908,21,10,CGGATGCTCGGCGATTTGCG,11,557542
araCp,0.9090909090909091,19,10,CGGATGATAACAAGAACTAA,9,589669
araCp,1.5454545454545454,26,10,CGGAATGCGCCTAAACACAA,16,536906
araCp,1.0,20,10,CGCTTAGCGCGGGTCCGTAC,10,543498
araCp,0.7272727272727273,17,10,CGCTTACAACCGGTGTGCAA,7,570529
araCp,0.18181818181818182,11,10,CGCGTCCGGAAGCTTGTGGC,1,561177
araCp,0.9090909090909091,19,10,CGCGAGGAAGAAACAAATCC,9,576796
araCp,3.4545454545454546,47,10,CGCGAGAGAATCAGTCGGGC,37,587968
araCp,1.4545454545454546,25,10,CGCCTGACTCACTCGAACCA,15,592108
araCp,1.0,20,10,CGCATGATAGTACGGGGATG,10,599726
araCp,1.4545454545454546,25,10,CGATTTTCTTTTATCAAACT,15,590117
araCp,0.18181818181818182,11,10,CGATCACATTTTGAGAAGCA,1,526749
araCp,1.0909090909090908,21,10,CGAGACACGCGTACCGGACT,11,542371
araCp,5.7272727272727275,72,10,CGAAATGAGCAACCTGATTT,62,540983
araCp,3.6363636363636362,49,10,CGAAAGTTCGGCAGGGATGT,39,569542
araCp,0.6363636363636364,16,10,CCTTGATTAGGCTCGCGGTA,6,534916
araCp,0.18181818181818182,11,10,CCTCCAGTTTATCTCGACAT,1,568377
araCp,0.6363636363636364,16,10,CCTCCAATGTCAGAGCCGAC,6,539247
araCp,1.7272727272727273,28,10,CCGTTGGATTCTTGATGAAT,18,575211
araCp,2.090909090909091,32,10,CCGGAGATTGAGACCGAAGC,22,578660
araCp,1.7272727272727273,28,10,CCGCAAATACCGAACAACGT,18,569965
araCp,24.272727272727273,276,10,CCGATGCCGTGAATGCATAT,266,569073
araCp,3.272727272727273,45,10,CCGATCCCGGTAGTGTGGCT,35,562884
araCp,0.18181818181818182,11,10,CCGATAGGGGGCCATACCAA,1,568217
araCp,0.18181818181818182,11,10,CCCTCATTCTGATTGGAAAG,1,580592
araCp,0.36363636363636365,13,10,CCCCCTAAAACTAGGCTCAA,3,586140
araCp,0.2727272727272727,12,10,CCAGTTTGTACCGCTGACTG,2,551598
araCp,0.8181818181818182,18,10,CCAGCGGAATCCTTTCCCTG,8,542619
araCp,1.0,20,10,CCACGCAACGTGCTCGTCGG,10,588501
araCp,1.5454545454545454,26,10,CATTGAACGGATCGGCGGCG,16,580326
araCp,1.9090909090909092,30,10,CATGTGCTCTGTGACCCTCA,20,571987
araCp,0.18181818181818182,11,10,CATGGGCGTATGGCGACTAT,1,540941
araCp,1.1818181818181819,22,10,CATCAGAACTTGTCTACAAT,12,595345
araCp,1.7272727272727273,28,10,CAGGGGTATCGTGGTCACCA,18,539999
araCp,4.545454545454546,59,10,CAGCCGGTGCCAGCCCCATG,49,559455
araCp,0.5454545454545454,15,10,CAGCATGGACGTCTCCGACA,5,597921
araCp,0.8181818181818182,18,10,CAGCAACTCGCCCCTTGACG,8,581235
araCp,0.9090909090909091,19,10,CACTTCACTGCCTATGTAAA,9,548690
araCp,2.4545454545454546,36,10,CACGTAACATTGGTTTAGTC,26,526126
araCp,2.090909090909091,32,10,CACGCACCGCTTAGAGGGCT,22,597730
araCp,12.909090909090908,151,10,CACATTCCGGCAAGGCTCCC,141,561785
araCp,1.0,20,10,CACATACGCCGGACTCTAAT,10,544031
araCp,1.1818181818181819,22,10,CACAATTCCCGAGATGCAAA,12,536672
araCp,0.5454545454545454,15,10,CAATCTCGTTCGAGTTCCTA,5,602790
araCp,0.6363636363636364,16,10,CAATCGCTCCCCTGAGTTGA,6,526560
araCp,0.9090909090909091,19,10,CAAGTAGAGGTAAATTAATA,9,582379
araCp,0.7272727272727273,17,10,CAAGGTTACGGCAAGTGGAG,7,545052
araCp,0.7272727272727273,17,10,CAAGGCATGGGGGGTAGTGG,7,550835
araCp,0.7272727272727273,17,10,CAACCGGGTTAGGGCATCAG,7,528491
araCp,1.2727272727272727,23,10,CAAATGTGCGTGCAGGAGAA,13,575696
araCp,2.090909090909091,32,10,CAAACATTATCAGGACGTGT,22,525530
araCp,0.45454545454545453,14,10,ATTTTACAGACTCAAACTTT,4,566042
araCp,1.4545454545454546,25,10,ATTTCTCCCGAAGCACGGAC,15,539990
araCp,1.6363636363636365,27,10,ATTTCCGGCTTTGCCGGAAT,17,532075
araCp,1.3636363636363635,24,10,ATTCTTAACACGCACCGGAT,14,565104
araCp,1.2727272727272727,23,10,ATTAGCTGTCTTCTAGGCGC,13,555047
araCp,0.7272727272727273,17,10,ATTAAGGCTCAGAAATAAAA,7,575114
araCp,3.1818181818181817,44,10,ATGTTTATCCCAGGCTCGGA,34,587057
araCp,0.7272727272727273,17,10,ATGTGCCTCAGCATCGACCA,7,557925
araCp,3.727272727272727,50,10,ATGTCGGGCAACTCCACGAA,40,579565
araCp,0.45454545454545453,14,10,ATGGTAATGGCGGTCTGCAA,4,543889
araCp,1.6363636363636365,27,10,ATGGCAGTCTTGCAAGGCTT,17,558022
araCp,3.6363636363636362,49,10,ATGCGGTGTGAGTCTTGCGA,39,565286
araCp,1.3636363636363635,24,10,ATGCCACTGTGAGGGCTACA,14,542617
araCp,0.5454545454545454,15,10,ATGCAAAATCGCTCGAGGTA,5,596649
araCp,0.9090909090909091,19,10,ATGAGCCAAAATCTAGAACA,9,563391
araCp,1.3636363636363635,24,10,ATGACTGGCTATCCCAACCA,14,537064
araCp,1.6363636363636365,27,10,ATCTGCTGGTTGTAGGCAAC,17,599621
araCp,0.2727272727272727,12,10,ATCTGCAAAAATACAATCCA,2,532164
araCp,1.5454545454545454,26,10,ATCGTCGATAGCTCGGGACA,16,543906
araCp,6.0,75,10,ATCGGATTAGGTGCGGCATG,65,535879
araCp,2.4545454545454546,36,10,ATATGCTTTATCACGCCAGT,26,549346
araCp,1.2727272727272727,23,10,ATACGATATTTCTAGAAAGT,13,554179
araCp,1.8181818181818181,29,10,ATAATGAGGAAGTGAGCGTT,19,532234
araCp,1.0909090909090908,21,10,AGTTTTTATGTTCCGACATT,11,536158
araCp,0.9090909090909091,19,10,AGTGGAAAGTCCGATCCCCG,9,529419
araCp,0.45454545454545453,14,10,AGGGTCCAAATCGCACCGGC,4,585812
araCp,7.181818181818182,88,10,AGGGTCAGGTTGCCAAACGC,78,529375
araCp,0.8181818181818182,18,10,AGGCCCTCTATAAGTTGTTT,8,526796
araCp,1.5454545454545454,26,10,AGGATCCATCTGACACGAAG,16,546843
araCp,6.545454545454546,81,10,AGGACTCCACTCTGATGGTT,71,586149
araCp,1.2727272727272727,23,10,AGGAAATCCTTAGCCACGGA,13,566562
araCp,1.0909090909090908,21,10,AGCTGCGTCTAACGACCTGT,11,555628
araCp,1.9090909090909092,30,10,AGCTCTTTAAATAGATTTAG,20,567159
araCp,1.3636363636363635,24,10,AGCTCCCATTCTATACCCAT,14,587969
araCp,1.8181818181818181,29,10,AGCAGGAAAGTAAGCACCTA,19,563018
araCp,0.8181818181818182,18,10,AGATCTCAGACGTCTCCGAG,8,564194
araCp,1.5454545454545454,26,10,AGACCAGCTTCGTGACAAGT,16,533040
araCp,1.4545454545454546,25,10,AGACACAGGATGGTCACCGT,15,599186
araCp,0.18181818181818182,11,10,ACTTGCTTCGCCGGCTTAGA,1,530337
araCp,2.090909090909091,32,10,ACTGCGACAAAGGAACCCGA,22,551340
araCp,0.9090909090909091,19,10,ACTCGGGAGCTATGTCTAGG,9,584528
araCp,1.4545454545454546,25,10,ACTCCTCTGCTCCCGACGGT,15,527981
araCp,2.8181818181818183,40,10,ACTCCCAGATGCTGTTGTCC,30,530010
araCp,2.5454545454545454,37,10,ACTCCATAGGCAAATCCTAG,27,585300
araCp,1.5454545454545454,26,10,ACTAACCTTAGACTAATGTA,16,525574
araCp,0.7272727272727273,17,10,ACGTCGGAACCATTCCTGAC,7,568228
araCp,1.7272727272727273,28,10,ACGACCGTTGGATGAACTGG,18,555142
araCp,2.4545454545454546,36,10,ACGAACCATTCTTATGAGGA,26,599836
araCp,1.4545454545454546,25,10,ACCTTCCGTGGTAGCTATTC,15,569332
araCp,1.5454545454545454,26,10,ACCTCAACCCGCTCGTGTAC,16,554094
araCp,6.090909090909091,76,10,ACCGTGAGGGGCGTTCTGCT,66,576357
araCp,4.090909090909091,54,10,ACCGGGAAATGAACGACGAT,44,530747
araCp,0.7272727272727273,17,10,ACCGGCCGAGCCCGGGAGAT,7,535669
araCp,0.45454545454545453,14,10,ACCCCGTAATGGACAATTGA,4,546242
araCp,0.5454545454545454,15,10,ACCCCGCTGGTGCGGGCGCA,5,565880
araCp,0.9090909090909091,19,10,ACCAGGCCCAATTCCACTGC,9,557644
araCp,1.7272727272727273,28,10,ACCACGGCCTACCAAGCTGT,18,596866
araCp,1.2727272727272727,23,10,ACATGCTGCGCATTAAGTGT,13,570575
araCp,26.363636363636363,299,10,ACAGGTCCCGATTAAACGGC,289,600360
araCp,2.5454545454545454,37,10,ACAAGTTCAGTGCGCAAGTA,27,530829
araCp,1.0,20,10,AATTGGTGTATCTGTTTCTC,10,558556
araCp,0.18181818181818182,11,10,AATTACTCAACCAGAAGAAA,1,550441
araCp,7.181818181818182,88,10,AATGGCCTGTCCTGCTCCGT,78,534663
araCp,0.18181818181818182,11,10,AATGAACGTCGTAGCCATAG,1,555343
araCp,0.6363636363636364,16,10,AATCGAGTATGCGTAGCTCA,6,586104
araCp,2.6363636363636362,38,10,AATCATATGCGCGTATTGGC,28,544505
araCp,0.18181818181818182,11,10,AATATGTATTAAGCCTGAGC,1,571838
araCp,1.0,20,10,AATAGCTTTTAAGGGGCATT,10,589917
araCp,1.4545454545454546,25,10,AATACGCAAGATTGTAGTTA,15,557759
araCp,0.6363636363636364,16,10,AAGTGGGAGTCCTGCATGAA,6,568067
araCp,0.9090909090909091,19,10,AAGTCTTTCCAGGTGCTAGG,9,577196
araCp,1.9090909090909092,30,10,AAGTCTTCGGTTTTTAGAGT,20,538749
araCp,0.36363636363636365,13,10,AAGGGCTAGCGTCGCCGTTA,3,595720
araCp,0.9090909090909091,19,10,AAGCTTGTTCGCAACCTGGC,9,575255
araCp,1.7272727272727273,28,10,AAGCTTATCTATATGGAAAT,18,576946
araCp,1.3636363636363635,24,10,AAGCGTAGGTCGCCGAAGTC,14,581114
araCp,1.3636363636363635,24,10,AACTGGATTAAGCGTATAAG,14,553574
araCp,0.6363636363636364,16,10,AACGCTGGCTCATCTTTAAC,6,529635
araCp,0.8181818181818182,18,10,AACCGTAGGTGAAGAGCATA,8,586693
araCp,1.3636363636363635,24,10,AAATGCAGAGGATTGATAAC,14,545318
araCp,0.9090909090909091,19,10,AAAGTGACCCTTTAAGGCCG,9,588962
araCp,1.5454545454545454,26,10,AAAGAGGTCGGGCTCCAATT,16,584315
araCp,1.4545454545454546,25,10,AAACTGGCACTATCTTATCG,15,565942
araCp,1.5454545454545454,26,10,AAACTGAGAGGATATAGCTT,16,557227
araCp,1.9090909090909092,30,10,AAACGGGCAGGAGCTTATCT,20,594467
araCp,1.6363636363636365,27,10,AAACCATCCGAGAGCATGAC,17,590527
araCp,1.3,21,9,TTTTTATCTCACTGAATCAA,12,600064
araCp,2.8,36,9,TTTTACTATGCTCGTCTCTT,27,527984
araCp,3.9,47,9,TTTGGGGAGCTTCGACCCTA,38,587773
araCp,1.9,27,9,TTTGGCGTCTACGCACGAGC,18,559500
araCp,0.8,16,9,TTTGGACACCTAGGAGAATC,7,553187
araCp,0.5,13,9,TTTCAAAGAATAAGGTCACG,4,596420
araCp,1.9,27,9,TTTAGGCGAACCCTCGAAAG,18,571215
araCp,1.3,21,9,TTTACTCCCTTACAAGGGGT,12,527103
araCp,0.5,13,9,TTTACTATACCTCCCCAAGG,4,599828
araCp,3.8,46,9,TTGTGTCAGCACTTATGTCA,37,545723
araCp,0.5,13,9,TTGTGATAAACAGGAATTAT,4,593269
araCp,2.5,33,9,TTGTCGGACGGCGACATGTC,24,590342
araCp,0.5,13,9,TTGTCAGTGCAAGCTTTCTT,4,595159
araCp,1.5,23,9,TTGGCGTTTGGTGTCTATAG,14,537436
araCp,5.4,62,9,TTGGACCCTCGGCGACGCGA,53,526656
araCp,1.4,22,9,TTGCGCTTTAAGCATACGCT,13,564384
araCp,10.1,109,9,TTGAGTTCCAACAACGTGCT,100,534641
araCp,1.2,20,9,TTGACAGTGCTACCTTCTCC,11,544727
araCp,1.5,23,9,TTGAACATCTAGGCTTCGAG,14,565604
araCp,1.7,25,9,TTCTGTAAACGTTGGTGTAT,16,578748
araCp,0.6,14,9,TTCTCGGGTCGGTAAAGCAA,5,550520
araCp,0.2,10,9,TTCGACCGGCCCCGTCAGAT,1,599619
araCp,3.4,42,9,TTCCTCGTGGTCTACCCTAA,33,554940
araCp,0.4,12,9,TTCCGTTTCGTTGACTGGTC,3,599385
araCp,1.8,26,9,TTCAAATTCCCACTCTCACT,17,558617
araCp,1.4,22,9,TTACAGTTCGGGAGATCTAG,13,540991
araCp,1.4,22,9,TTAAGGTCATGTATGAGGGC,13,588719
araCp,0.5,13,9,TTAAGGATCGGCTGCCGCGA,4,566713
araCp,3.4,42,9,TGTTGTCCGGAACTCATTTG,33,563550
araCp,1.8,26,9,TGTTCGATCCCTACTCCGCT,17,561379
araCp,3.4,42,9,TGTTACGTATAGGGCAGATC,33,581414
araCp,2.2,30,9,TGTCGCATGACAATCTATCA,21,537360
araCp,1.4,22,9,TGTCCTGTACCTTCACGCTT,13,563548
araCp,0.4,12,9,TGTCCATATCCGTTACTGGA,3,546262
araCp,0.3,11,9,TGTCAAGCGCGTCGTTCTGC,2,590116
araCp,1.8,26,9,TGTATTGGAGGATAAGGCGA,17,536477
araCp,5.6,64,9,TGGTGTGCAGACTAACTGCT,55,565311
araCp,2.6,34,9,TGGTACGACTCCGGGGCGGT,25,592382
araCp,0.5,13,9,TGGAAGGGACAGTAGCACTA,4,536553
araCp,1.8,26,9,TGCTTGTGCTTTATGCATAG,17,586250
araCp,1.5,23,9,TGCTATTGCCTCAGCACAAT,14,598195
araCp,2.7,35,9,TGCGGTCCATTGCAAGAGAT,26,599252
araCp,1.7,25,9,TGCGGCTTTGCTTATCCCAA,16,565345
araCp,0.9,17,9,TGCGGCGGTTCGCGGTGGGG,8,549363
araCp,1.5,23,9,TGCGCACCAGAGACACAGAT,14,551186
araCp,0.2,10,9,TGCCTGGACATGATGACCCA,1,543989
araCp,1.4,22,9,TGCCAGTAGACAGTAATTGC,13,571905
araCp,2.8,36,9,TGCATGGGAACTACTGGTTT,27,591431
araCp,0.3,11,9,TGCAGATACCATCGGAAGAC,2,556271
araCp,3.0,38,9,TGATGTATCGGGTACAACGC,29,600424
araCp,1.1,19,9,TGAGGGGCTTTGCAAACGTG,10,577928
araCp,2.8,36,9,TGAGATGCGAACCATTCACG,27,557488
araCp,3.0,38,9,TGACCGCCCGGTCTGAGCTC,29,540476
araCp,2.0,28,9,TGAAGACGAAAGTCCACAGA,19,566566
araCp,0.2,10,9,TCTTTTTTAACGTTCGGTGG,1,599074
araCp,1.5,23,9,TCTTCATCTTAAGCTCTACA,14,597609
araCp,0.2,10,9,TCTTCACGTCGTGGTGCAAC,1,528805
araCp,3.3,41,9,TCTTACCTTCTAGCTCACAT,32,598591
araCp,1.0,18,9,TCTGGCGGGTAAGAGTCTGC,9,572988
araCp,0.2,10,9,TCTAGTGGTCAAACAGTAGC,1,537902
araCp,1.8,26,9,TCGGCTGCTGCACAGTTTCT,17,598622
araCp,2.9,37,9,TCGCGTTCTCTGGTGGTCTC,28,540748
araCp,2.6,34,9,TCGCGGTCTATATAAACACT,25,538269
araCp,3.5,43,9,TCCGACAAATAAGGGTCCTA,34,558793
araCp,2.2,30,9,TCCATCGAAATAAATTTGAA,21,541258
araCp,1.1,19,9,TCATACGATGAGTCAAGCAT,10,546760
araCp,1.0,18,9,TCATAAGTGTATGCCCTGAA,9,551677
araCp,0.6,14,9,TCAGTAAGCTCGTTTCGCAT,5,563761
araCp,0.5,13,9,TCAGGGCATTCTGTTCGAGC,4,547103
araCp,2.9,37,9,TCACTACCGCACCGTTGTGG,28,562638
araCp,0.8,16,9,TATTGGTTACGTTAAAAAAG,7,528211
araCp,1.6,24,9,TATGTAACCCATCTGCCTGT,15,553321
araCp,1.5,23,9,TATGCTATAACCTCTTGTGG,14,578800
araCp,0.7,15,9,TATGCGAATCGGCCGTTTAA,6,558522
araCp,1.8,26,9,TATCCTGCATCAGCGGATAC,17,541170
araCp,0.9,17,9,TATCCGGCACTCGAATACGA,8,538649
araCp,0.4,12,9,TATCCGATGGAAATTGTCGT,3,526277
araCp,0.6,14,9,TAGGGTGTTTCACGAGCAAA,5,584768
araCp,0.2,10,9,TAGGCGGTCTTGGCCTGTGG,1,561494
araCp,1.6,24,9,TAGCAGAAGTCGTTCGATGT,15,566515
araCp,1.0,18,9,TAGCAAGCCCGGCGATATGT,9,555893
araCp,0.6,14,9,TAGAGTCTATTGTGGCTCTA,5,566882
araCp,0.3,11,9,TAGAGCGCGTTACAAGATTC,2,596005
araCp,1.2,20,9,TAGAGAATTTTGACCTTCGA,11,585820
araCp,2.2,30,9,TAGACACACCCGCGGCTGTG,21,569626
araCp,0.9,17,9,TAGAACTCTTTTGCCTGCGT,8,528660
araCp,4.7,55,9,TACGTCTTGGCATTGAGGCC,46,548778
araCp,1.4,22,9,TACCGCGTTTTCATCGAAGG,13,532426
araCp,1.4,22,9,TACCACCCATGGGCGTACTT,13,546721
araCp,0.2,10,9,TACAATGGATCTTCACAGGT,1,543818
araCp,0.7,15,9,TAATTTGGGCGAGTTCTCTA,6,573389
araCp,1.4,22,9,TAATTGGGACGGGTGTAGAG,13,602385
araCp,1.5,23,9,TAATGTGAGCCTCCGGTGAT,14,542050
araCp,1.3,21,9,TAAGGCATCAAAGAGAGCGA,12,562830
araCp,1.2,20,9,GTTTAAGCCCCGCCATACGT,11,565884
araCp,2.4,32,9,GTTCGGGTCAGAGACGAACG,23,590219
araCp,2.6,34,9,GTTCCACTCCTCTTTTAGAG,25,560841
araCp,1.5,23,9,GTTCATGGGGGCTTCAAGTG,14,536099
araCp,7.2,80,9,GTTCATAGAAAATCGCACTG,71,550813
araCp,0.5,13,9,GTTATACTTCTGCGAACTTT,4,571383
araCp,72.2,730,9,GTGTGGTGCCCAATGGATGA,721,535883
araCp,0.3,11,9,GTGCCAGTCTCCCGTCCAAA,2,565010
araCp,1.6,24,9,GTGCCACGACCGAAATGCCC,15,586262
araCp,2.2,30,9,GTGCAATGTGTAAGCCCGAA,21,555347
araCp,1.2,20,9,GTCTTCGTATATCCGGGTCG,11,538703
araCp,0.5,13,9,GTCTGTCCTCTATTCTGATT,4,591640
araCp,1.3,21,9,GTCTAACACCGGGCATCTGA,12,532429
araCp,1.4,22,9,GTCGCACGGTATTTGTCGGA,13,564619
araCp,0.8,16,9,GTCCGGATTCGGGGGCAGGC,7,575254
araCp,2.0,28,9,GTCAAGGATCATCTAGGGGA,19,554475
araCp,1.8,26,9,GTATGTGTCCGTCTTACTAT,17,559074
araCp,3.7,45,9,GTATCATAGTTTAGTGGGAT,36,560193
araCp,4.8,56,9,GTATAGGAAAGGGGCCACCA,47,559664
araCp,1.9,27,9,GTAGTCCACAAGGCACAGCA,18,601223
araCp,8.7,95,9,GTAGGGCAGCTACTAGACAT,86,530101
araCp,1.7,25,9,GTAGGCACGCTTGCGTGTCC,16,532326
araCp,1.5,23,9,GTAGACTCGTTGGGCTGCAA,14,549375
araCp,1.6,24,9,GTACTAATTAAGCGACTGCC,15,534461
araCp,0.2,10,9,GTAAGTAGGGGTGGATGGCA,1,597249
araCp,3.9,47,9,GGTTGACTTTCGGGTCGTGC,38,538872
araCp,4.4,52,9,GGTTAGCTTGTCGAACGAAA,43,565743
araCp,3.2,40,9,GGTCTGTGTAATTTAGGGAC,31,529460
araCp,4.3,51,9,GGTCGAAGGAAGCGAACGAT,42,549766
araCp,1.8,26,9,GGTCCCATCCCGGTACGATG,17,582253
araCp,5.3,61,9,GGGTTTCGCGGCGATGTTAG,52,588909
araCp,0.3,11,9,GGGTCTGCCCTGCCCTACAA,2,545671
araCp,0.5,13,9,GGGTACAGCGCAACACATAA,4,556284
araCp,0.4,12,9,GGGGTGGACGAGTTTCCGAA,3,532427
araCp,1.1,19,9,GGGGACCATCGCGAGCCGGG,10,554621
araCp,1.7,25,9,GGGCGCACCCTTTTCTAATA,16,601368
araCp,1.4,22,9,GGGAGTTCCTCGCGAAAGGA,13,582891
araCp,2.0,28,9,GGGAGACGCATGAAATTCTT,19,579166
araCp,0.6,14,9,GGCTTTCAAAAGGCGTTTAA,5,593200
araCp,0.8,16,9,GGCTCATAAGACTGTCTCTG,7,533770
araCp,1.1,19,9,GGCGCGCACCTAAACAACTA,10,595498
araCp,2.5,33,9,GGCGAGGCAAGCACGGGCAA,24,541376
araCp,1.6,24,9,GGCCGGCTAGTCGTAGAAGG,15,534859
araCp,0.5,13,9,GGCAGGTCTCGGGGTCGCCA,4,540179
araCp,1.3,21,9,GGATTTCGGATCCAATATGA,12,593968
araCp,1.0,18,9,GGATAAGCTCTCACCTGATG,9,565298
araCp,3.3,41,9,GGACTACGAGCTTGAGATAC,32,591306
araCp,0.2,10,9,GGACGCCTTATAACCGTTTC,1,598157
araCp,1.6,24,9,GGACCTCGCCCATACTCGCT,15,550360
araCp,2.2,30,9,GGACCGGCCGTCGTGCGAAT,21,573505
araCp,1.1,19,9,GGACCCTGGCCCTGAAAGAG,10,549535
araCp,1.9,27,9,GGAATACAGGAATCGCCAAA,18,533552
araCp,0.9,17,9,GGAATAAAGTTGTCTGTAGA,8,585642
araCp,0.7,15,9,GGAACGCTCGACGAATTTAG,6,531201
araCp,3.7,45,9,GCTTTGCCTTTTCCTTAACA,36,560803
araCp,1.5,23,9,GCTTCAGTATGCGCACGCTC,14,534971
araCp,6.7,75,9,GCTAGTCAGGCCATTCTAGC,66,543663
araCp,1.9,27,9,GCTACAAGGTGGCGCACCCA,18,603194
araCp,4.1,49,9,GCTAAGACATGTGAAATGTG,40,552549
araCp,0.3,11,9,GCGTGGGGCGTATCTTGGTC,2,549711
araCp,0.7,15,9,GCGTGGCCACCCTCCGGTGT,6,554939
araCp,1.8,26,9,GCGGTATACTAAGGTCAAGT,17,577790
araCp,1.7,25,9,GCGGGTCAACGTCAAAGGCG,16,588338
araCp,1.9,27,9,GCGCGGTTTCGCAATACTTC,18,580046
araCp,0.5,13,9,GCGATGTCGCTCGATAAGGG,4,586631
araCp,1.6,24,9,GCGACCTCGCCCGGTTTGGT,15,593604
araCp,1.1,19,9,GCGAATCGAGGTCATACCGT,10,577089
araCp,0.9,17,9,GCCTAGCTCAGGTCCATCGT,8,571044
araCp,1.1,19,9,GCCGATTCTACCCGTGCTCC,10,583692
araCp,1.2,20,9,GCCCTGAGAACTCTATTCGA,11,587464
araCp,3.5,43,9,GCCCGACCGGCGGATGGTTA,34,599981
araCp,1.2,20,9,GCCCCCCCTAGGGTTTCAAC,11,534233
araCp,1.2,20,9,GCCCATGCGTTCACATTTGC,11,557995
araCp,1.6,24,9,GCCCAGACCCCTTACTTGGA,15,545798
araCp,0.7,15,9,GCCATAGCCAGCAGCACAAT,6,560636
araCp,1.2,20,9,GCATTGACTACTACATTCGA,11,542591
araCp,1.4,22,9,GCATGTCCGGAGCAGGGCTA,13,525741
araCp,0.9,17,9,GCATCGTTCAGGAAGTACTG,8,566136
araCp,2.1,29,9,GCATACTCGATGCTAATTGT,20,570993
araCp,1.6,24,9,GCAGTGCCGCAGGTTGAGGC,15,597241
araCp,0.9,17,9,GCAGTAGACGGAGGCACGGA,8,535778
araCp,2.5,33,9,GCAGGGGATGTGGTCAATGC,24,535474
araCp,1.4,22,9,GCAGCGTATAGCACGAATCC,13,530073
araCp,2.5,33,9,GATTAGCAATGGTCCTCACC,24,589863
araCp,0.8,16,9,GATGTTAGTGGTGTCCCGGC,7,542768
araCp,0.6,14,9,GATGATCCAACAATGAAGCG,5,580371
araCp,0.2,10,9,GATCTATGTCTGCAAAGTCG,1,585243
araCp,0.4,12,9,GATAGGCAATTACGCGGTGT,3,528715
araCp,5.3,61,9,GAGGGCTCGTAGTATTGGGA,52,554051
araCp,1.2,20,9,GAGGCGCCTTGCCGTTCTGG,11,553208
araCp,0.7,15,9,GAGCCTGGGGCGTCTGTTAG,6,586217
araCp,1.2,20,9,GAGAGTAACCTCGCGGGTCG,11,557033
araCp,2.5,33,9,GACTTCGCGCTACAACTTAA,24,549575
araCp,1.4,22,9,GACTCGGTGACTAGGGTCGT,13,597583
araCp,4.5,53,9,GACTCCCTAGTGACGCTTAG,44,570337
araCp,0.6,14,9,GACGTGAGTGGGGTAGTGGA,5,597740
araCp,0.2,10,9,GACCGAATAATGTAATACGA,1,579455
araCp,1.0,18,9,GACCGAAGCCGATGTGGTGC,9,534320
araCp,2.6,34,9,GACCACGGACCGTCTAGTTC,25,567899
araCp,0.6,14,9,GACCAAGATCTGCGGATCAA,5,564294
araCp,1.4,22,9,GACATAAGTCCACTGTCAAT,13,540718
araCp,1.4,22,9,GACAACATGTTGTCGTGGAA,13,555618
araCp,2.9,37,9,GACAACAGCCCGATAAGAAA,28,586970
araCp,1.3,21,9,GAATGTCTATTAGCGGTTTA,12,537672
araCp,0.8,16,9,GAAGTTTATTCACATAGGAA,7,591443
araCp,1.2,20,9,GAACGTGCTGGGGCTACATT,11,585923
araCp,0.6,14,9,GAAAACAGACATCGTATAAA,5,571896
araCp,0.2,10,9,CTTTAAAGTACCAGATGGAG,1,551125
araCp,1.7,25,9,CTTGAGCATTGGTTAAGAGG,16,550788
araCp,1.2,20,9,CTTACACCAGCCAAGCTGTG,11,562750
araCp,0.7,15,9,CTGGGTGAACGGAAGTTGGT,6,576062
araCp,1.7,25,9,CTGGCCCACACCATCCCTGG,16,595921
araCp,1.7,25,9,CTGCTTGGGTCTGGTTCTCG,16,544556
araCp,0.5,13,9,CTGCTAGTTGATCTATATTG,4,555153
araCp,0.3,11,9,CTGATCCTCCCGGGTAGCCT,2,544797
araCp,4.5,53,9,CTGAACGGTTCGGTAGAATG,44,588761
araCp,2.9,37,9,CTGAAAAGTATTGTTGTAAG,28,573152
araCp,2.7,35,9,CTCTGTGTCTCTAATTCGAG,26,583982
araCp,2.6,34,9,CTCTCCGATTTCCATCTGGT,25,534297
araCp,1.8,26,9,CTCTACCGCGGTGTGTCGGA,17,564821
araCp,1.5,23,9,CTCGTGAGCGCAATATGATG,14,551147
araCp,0.6,14,9,CTCGCACGTGAGGGATTCCA,5,556348
araCp,1.9,27,9,CTCGAGGTTTTATATCGTTT,18,537417
araCp,1.8,26,9,CTCGAGGCTGATCACGGAAA,17,584729
araCp,6.5,73,9,CTCCACTGTCCGTTCTCACG,64,585685
araCp,2.6,34,9,CTCATTCCCCTGAAGGTACT,25,578868
araCp,1.9,27,9,CTAGTGAAATACTTCGAAAT,18,560662
araCp,1.2,20,9,CTAGCGTTGGGCATGCTGCT,11,589082
araCp,5.7,65,9,CTAGAAGGAAGCCACGCTCT,56,569215
araCp,1.5,23,9,CTACTCAAGTTGCAAGGAGC,14,572365
araCp,0.4,12,9,CTACAAAGTACGTTGGCTAT,3,541627
araCp,8.5,93,9,CTAATATTGAAACTCTTAAA,84,588537
araCp,1.3,21,9,CGTTCACGAGTCACTCCGCA,12,567624
araCp,0.9,17,9,CGTGTGCTTGTGCAACATAA,8,548601
araCp,1.5,23,9,CGTCGAGGTGTGGATTTAGT,14,593661
araCp,1.5,23,9,CGTCATGATGTTTGGAGTTG,14,543251
araCp,3.1,39,9,CGTATGGCAGTGGTCGTTGC,30,541057
araCp,1.5,23,9,CGTAGCAGTAGTACAAGCTT,14,550156
araCp,1.8,26,9,CGTACACCTTCGTACTTTCA,17,569852
araCp,1.2,20,9,CGTAATGTGGAGGTGCGTGG,11,601839
araCp,3.8,46,9,CGTAACAAGTTACGCGATTC,37,542493
araCp,3.5,43,9,CGGTGCACTGATATACGCAT,34,584408
araCp,3.7,45,9,CGGAGAAGTACCCACGATTC,36,573290
araCp,2.0,28,9,CGCTTCACCGAACGAAACAG,19,537227
araCp,1.1,19,9,CGCTGGGCAGTGCTGATCGG,10,559395
araCp,1.6,24,9,CGCTCACCGGAGTTTCAAGA,15,554512
araCp,2.0,28,9,CGCGTTTCAGTTTGCGTAAT,19,533528
araCp,1.0,18,9,CGCGACGGGCGGTTAGACAA,9,565501
araCp,5.8,66,9,CGCCCTGAGGTCTGTCAAAT,57,546847
araCp,2.0,28,9,CGCATAAGCGCTCCTAGGTC,19,596824
araCp,0.2,10,9,CGCAGAGCTGTACTCCTCGT,1,535371
araCp,1.0,18,9,CGATTGTAAACTCCTTTCGG,9,537267
araCp,0.4,12,9,CGATGGAGCTCTAACAGAAT,3,548302
araCp,1.2,20,9,CGAGGGTGCCTCCTAAGTTC,11,561450
araCp,1.4,22,9,CGAGGCCAGAGGATAGCAAA,13,563613
araCp,3.3,41,9,CGACTACGTGGGCCATCAGG,32,597664
araCp,3.5,43,9,CGACACTTCCCCAAAACCAA,34,552171
araCp,2.5,33,9,CGAATTTTGATACTCCGTTC,24,565744
araCp,0.2,10,9,CCTTTCTCTTGAAATTTCGC,1,560967
araCp,2.1,29,9,CCTTAGGCCTTACGTGAGCG,20,576043
araCp,4.3,51,9,CCTGTGCTGGAGTCACTAAG,42,560804
araCp,1.5,23,9,CCTCAACCTTGGGGCTTAAG,14,526778
araCp,1.5,23,9,CCTATTTGAGCCGACTCGGT,14,595604
araCp,1.9,27,9,CCGTCGCTCATTCGTGCTAG,18,534705
araCp,1.8,26,9,CCGTCCCCAGATAAGGAGAT,17,539876
araCp,1.8,26,9,CCGTCAATCAAGTAGCGAAT,17,565803
araCp,0.9,17,9,CCGGGTGCGCGACTGGAACT,8,537535
araCp,1.0,18,9,CCGGAGCCTTGAAAGATTTC,9,550359
araCp,1.3,21,9,CCGCATAGACGCAAGCAACT,12,583449
araCp,3.9,47,9,CCGCACGGAGGCATGATGCG,38,530051
araCp,1.1,19,9,CCGAGCTTATTTTCCAACCG,10,594449
araCp,0.5,13,9,CCGACGTGTCGGACTTCAGA,4,588602
araCp,0.9,17,9,CCGACAGCTCATTGGTCTTT,8,570656
araCp,0.8,16,9,CCCGCTCATGGAAGTGGATA,7,589100
araCp,2.2,30,9,CCCGCTATAAGTCTCGGATA,21,572070
araCp,2.6,34,9,CCCCTTGAACCCATTTAAAA,25,532664
araCp,4.3,51,9,CCCCACCGGCCAGTGATTTT,42,531041
araCp,1.8,26,9,CCCAGTCAAGACTGGCGGAT,17,560320
araCp,3.4,42,9,CCCAGAAGGCTGAAAATTGA,33,569289
araCp,1.7,25,9,CCCACCTATGGGAATGAGTT,16,594165
araCp,1.7,25,9,CCCAAAATGGAGCTTGACTA,16,543764
araCp,1.0,18,9,CCATGATTCAAACTAATCAA,9,557356
araCp,0.5,13,9,CCAGTCGGCAGAGTGAGTCG,4,597670
araCp,0.9,17,9,CCAATCGCGACCTGAAATCT,8,577492
araCp,1.0,18,9,CATTCTCATATGGTGTCTCA,9,586863
araCp,1.4,22,9,CATGTAGAAAACTGCACGGT,13,560461
araCp,1.5,23,9,CATGCGACTGGTGGTAGCTA,14,598449
araCp,3.4,42,9,CATAGAGACTAGGGCCAGGC,33,598308
araCp,1.1,19,9,CAGTTTGTCCCATAGTCATG,10,555939
araCp,1.0,18,9,CAGTGCGTGCCTGTATGCTG,9,594257
araCp,1.0,18,9,CAGGGAGTACCGAAGAACGT,9,583730
araCp,1.1,19,9,CAGGCCTGAGTAACCACTTC,10,541981
araCp,1.6,24,9,CAGGAGTAGCACATACCAGT,15,527078
araCp,12.2,130,9,CAGCGCCCATGAATGAAATC,121,531843
araCp,1.5,23,9,CAGCCATAAATCCCCCGGGA,14,559148
araCp,2.3,31,9,CAGATTACAATCGGTAGCTG,22,542378
araCp,0.7,15,9,CAGATAGACGCGACTTGGGT,6,581688
araCp,0.8,16,9,CAGAGTACGTCGGCTGCCAT,7,600464
araCp,2.3,31,9,CAGAGCGAGGGCAAAGGGGA,22,587904
araCp,1.2,20,9,CAGAGAGATCACTCTATTGT,11,545085
araCp,0.3,11,9,CAGACCTGTATAAACTCCTG,2,602648
araCp,1.7,25,9,CAGAACGTTGGCGCGCCCCA,16,595539
araCp,1.3,21,9,CACGTCTAGTAGCATAAGCG,12,596396
araCp,0.6,14,9,CACGATTCTCCTACCAGTGT,5,526511
araCp,1.9,27,9,CACGACATTTTGCATACTCG,18,592833
araCp,2.0,28,9,CACCTTGATGGAGTCTGTTG,19,593784
araCp,3.7,45,9,CACCGTATTCGGACAATTTT,36,566292
araCp,0.7,15,9,CACCGAGCACATGTGGGGGT,6,591346
araCp,0.2,10,9,CACATGTTGTTCAAGCTATG,1,526928
araCp,2.4,32,9,CACAAGAATGTCTCCGTATA,23,601815
araCp,0.5,13,9,CAATGAAGGCGACGACCAGT,4,576933
araCp,1.9,27,9,CAATCCGTTGATTGCTGCCC,18,545014
araCp,1.9,27,9,CAATACCACCGATAGAGCAT,18,556597
araCp,1.0,18,9,CAAGCCTACTCCTCAGTATG,9,594618
araCp,1.4,22,9,CAAGCCCCATGAGACTGTAC,13,556268
araCp,0.9,17,9,CAACGGCAACATGCTGAATA,8,535114
araCp,0.2,10,9,CAACAAACCACCGCTCCTCA,1,578335
araCp,0.6,14,9,CAAAGGGGGCGTAGGTGGAC,5,587238
araCp,3.7,45,9,CAAACCTCTCTTCTTTTAGT,36,552095
araCp,0.8,16,9,ATTGGCGGTCCCCACCAAGT,7,571423
araCp,2.2,30,9,ATTATACCTCCTAGCGTGTA,21,581733
araCp,0.9,17,9,ATTAGTTTTATGTGCACTGT,8,566652
araCp,4.5,53,9,ATGTCCATCATTCCGTTGAA,44,544481
araCp,1.6,24,9,ATGGTTTGGCTAGTTTAGTA,15,590755
araCp,5.4,62,9,ATGGTGATATAGACTAATGT,53,600372
araCp,1.2,20,9,ATGGGCGAATCAGAGATGGG,11,553767
araCp,0.6,14,9,ATGGACAGTGTTAGACGGGT,5,591697
araCp,2.1,29,9,ATGCTGCTTCGTTTCATCAG,20,584559
araCp,1.5,23,9,ATGCGGTGAACGAGCAATAG,14,560334
araCp,2.3,31,9,ATGCCTATTGCCCAATATGC,22,586826
araCp,1.8,26,9,ATGACCCCCGTCGCCCAGCC,17,559108
araCp,1.1,19,9,ATCTACATAGAATCAGATAC,10,575495
araCp,1.4,22,9,ATCCGTGTATGAAGTAATTT,13,571564
araCp,1.1,19,9,ATCCGTCATCCGCTTAGTCT,10,593725
araCp,17.8,186,9,ATCCACGGCCATCAAGAGGT,177,560656
araCp,3.4,42,9,ATCCAACGGATGCCTGGGTT,33,561339
araCp,1.1,19,9,ATCAGAGGGTGTTACTACGG,10,529630
araCp,1.2,20,9,ATCACACGTCCGGTCGTTCA,11,531982
araCp,2.4,32,9,ATATGTTCGCACCGAGGGAG,23,528062
araCp,1.3,21,9,ATATGTCCAAGAACCGTCGT,12,554617
araCp,1.2,20,9,ATATGGGTACGTAGAAGGCG,11,544758
araCp,1.4,22,9,ATATGCATATGACGATTCTG,13,527067
araCp,1.8,26,9,ATATAAACGCGTTCTATAAG,17,576906
araCp,0.5,13,9,ATAGTTAGTCCGCGGTGTTT,4,592948
araCp,2.7,35,9,ATAGGGTCGCGAGCCAGCTT,26,545525
araCp,1.5,23,9,ATAGGGACGGGAGCATGACC,14,593491
araCp,2.8,36,9,ATAGCCTGGTTGACTTCTGG,27,545978
araCp,18.0,188,9,ATACTTGGGGAAGATTGTTT,179,540761
araCp,1.5,23,9,ATACGTGTCAACTTTTATTC,14,546195
araCp,0.5,13,9,ATACGGTTGACTTAGGCAAG,4,569660
araCp,1.9,27,9,ATACACTTATTTTTGTTCGT,18,553773
araCp,2.2,30,9,AGTGTCTGGGACACCGCCCT,21,540395
araCp,1.9,27,9,AGTGTAGATTAACAATGCGT,18,534084
araCp,1.5,23,9,AGTGAAAGGGCTCCCAATCC,14,527617
araCp,1.5,23,9,AGTCTGGAACTTGCCTGCAG,14,552703
araCp,1.3,21,9,AGTCCTTGTCGTTATGAATG,12,552556
araCp,1.7,25,9,AGGTATTTTCAAACCGAATG,16,541585
araCp,1.6,24,9,AGGCTCAGCCGAAAGCCGGT,15,537048
araCp,0.5,13,9,AGGCCTCGGCCAATGAAACC,4,561985
araCp,10.3,111,9,AGGCACAGTTGAAGCTATGA,102,574596
araCp,1.2,20,9,AGGAAGTGGAGCTGCCGTGT,11,552813
araCp,0.9,17,9,AGCTTTAACCCAGGAGCACT,8,598646
araCp,1.6,24,9,AGCTTCGAACGCGTCCTCAT,15,595764
araCp,1.2,20,9,AGCTATTGCTGATTGTGAAA,11,533186
araCp,2.0,28,9,AGCTATGCTAGCCAGTAAAA,19,578877
araCp,0.4,12,9,AGCTATGAAAAACATAGGTC,3,552466
araCp,1.3,21,9,AGCCATATATGAGCGCCATC,12,552686
araCp,1.1,19,9,AGCCAAAGTAGGTCCAAACG,10,576190
araCp,5.7,65,9,AGCAATGGTGTCGTTCTGCC,56,560658
araCp,1.9,27,9,AGCAACTTTTCAAGAGCCCA,18,573675
araCp,1.9,27,9,AGCAACTCCCACGCGGACAA,18,558105
araCp,0.2,10,9,AGATGTACAGCAGGGTTCCT,1,553858
araCp,0.2,10,9,AGAGTGCGCCTAGTTGACAC,1,528672
araCp,1.1,19,9,AGAGCGACGAAAGTTGGAAT,10,581417
araCp,2.2,30,9,AGACTCAGGCTACAAGCGGC,21,541933
araCp,3.8,46,9,AGAAGTGGTCAATTAAGTTC,37,580929
araCp,1.9,27,9,ACTTGTTCTTTTGGTCCGGA,18,569224
araCp,1.6,24,9,ACTTCGTAGCATCCTGGTGT,15,589532
araCp,1.6,24,9,ACTCTGAGTAGTCCGTTCTA,15,550734
araCp,0.2,10,9,ACTCGTTACTCCATAGTAGA,1,553124
araCp,1.0,18,9,ACTCATCCAGGGCTGGTCTT,9,570572
araCp,1.7,25,9,ACTCACGTGGGGAGCTCATC,16,544752
araCp,3.5,43,9,ACTAGGATGCGTCACAGCGA,34,586465
araCp,1.1,19,9,ACGTTTGTCCTCGGACGTCA,10,553045
araCp,1.3,21,9,ACGTCCCGCACCTGAGCGCG,12,536342
araCp,4.6,54,9,ACGTCAGCGCAAGCCCTTGA,45,588504
araCp,0.8,16,9,ACGTATCGGCACGAAAGTCG,7,528277
araCp,2.8,36,9,ACGCTTCATGCCGATTTGCG,27,576186
araCp,0.9,17,9,ACGCTGGTTCTCTCTTACCT,8,592677
araCp,0.6,14,9,ACGCGGTCTAACGGGCTACT,5,584460
araCp,3.4,42,9,ACGATCTTCGCTCTGGCACA,33,558423
araCp,5.0,58,9,ACCTCCGGTTATTTATCCCC,49,598040
araCp,2.0,28,9,ACCGACTTCGGGACGACAAT,19,560739
araCp,2.3,31,9,ACCCAACAACATCGATAACA,22,556111
araCp,2.0,28,9,ACATGTATACGTCGCTGGAC,19,599714
araCp,1.2,20,9,ACATCCTTGGGTAGCGCTGA,11,593668
araCp,1.9,27,9,ACAGTTGGTCATCTTTAACT,18,556783
araCp,0.6,14,9,ACAGCCGAGGCGTTGCGTTT,5,587864
araCp,0.7,15,9,ACAGCCCATTGGCTTACCGT,6,549449
araCp,1.5,23,9,ACACTCACAGGAGGTTAAGA,14,544887
araCp,1.7,25,9,ACACGGAGAGGGTATTGATT,16,574286
araCp,0.9,17,9,ACACCTGACCCTTCCTTACA,8,544956
araCp,1.1,19,9,AATTTACCAGGTCCTGCTCG,10,540641
araCp,2.4,32,9,AATGACATGTTGCCAGGGCT,23,559712
araCp,0.8,16,9,AATCCCAGCAATCCCCGTAT,7,591503
araCp,1.7,25,9,AATAATTTCTTGTTCGCAGC,16,551475
araCp,5.1,59,9,AATAATTGCTCAACTAGGAT,50,563117
araCp,1.7,25,9,AAGTAGAAGTACGTGAGTAT,16,569002
araCp,1.2,20,9,AAGGGTTCGAGGGCCATAGG,11,583060
araCp,0.5,13,9,AAGGCTCTCACATTATATGT,4,551051
araCp,1.3,21,9,AAGCATCGAAGTTACCTATC,12,545001
araCp,0.9,17,9,AAGATGTACACCCACGGGAT,8,561773
araCp,0.8,16,9,AACGGACACTATTCTCAGAT,7,557054
araCp,0.7,15,9,AACGATGTCCTCATTTCTAG,6,559755
araCp,1.1,19,9,AACGAAAAGACGCGTGAATT,10,585031
araCp,2.0,28,9,AACAGTAATGAGTGTGCCGT,19,595349
araCp,0.3,11,9,AACACCCATCACTCTGGGGT,2,566191
araCp,1.5,23,9,AAATTTCTGCTCACAGCACG,14,556997
araCp,1.1,19,9,AAATTGGTCGGCAGTAGAAG,10,557998
araCp,3.2,40,9,AAATGGGGAGACACAGAGTA,31,580159
araCp,1.2,20,9,AAATCCTACTAACTATCCTA,11,590451
araCp,1.8,26,9,AAAGCCGCCCTCTCCGTTGT,17,556152
araCp,1.0,18,9,AAACGCCTCCAGGTACGGTT,9,596230
araCp,1.6,24,9,AAACAGCGTTTAGTCAATCA,15,564629
araCp,1.9,27,9,AAAATTGGGGTTGTAGCTTA,18,596556
araCp,0.8,16,9,AAAATACGTTTCTATCGGAT,7,583037
araCp,3.6666666666666665,40,8,TTTTTCAGGAATCACCTACA,32,597625
araCp,3.0,34,8,TTTTGCTTCAGGCCTAGTTT,26,599922
araCp,0.7777777777777778,14,8,TTTTAATTTCGGTCCATTAA,6,529966
araCp,1.7777777777777777,23,8,TTTGCAATCGTATTTTACCC,15,583627
araCp,4.666666666666667,49,8,TTTCGTGGTCCCCAAATCAA,41,549064
araCp,1.6666666666666667,22,8,TTTCCGTGGACTTACCCAGG,14,543729
araCp,2.4444444444444446,29,8,TTTCATTTACCTGGTACGCG,21,555576
araCp,1.1111111111111112,17,8,TTTCACCTCGGTGTCACGAA,9,603236
araCp,2.6666666666666665,31,8,TTTCAAGCTTGCACGCTGTC,23,571327
araCp,1.6666666666666667,22,8,TTTATCTCGGCACGCAATCT,14,588088
araCp,1.2222222222222223,18,8,TTGTGGACTGCTCTGTGCGC,10,541513
araCp,3.111111111111111,35,8,TTGTCTCGTTTCGAGTTCTC,27,528169
araCp,0.7777777777777778,14,8,TTGCTGGGGTTATGGATTCT,6,547170
araCp,0.4444444444444444,11,8,TTGCGCGTTGCCCCTAGGAG,3,577973
araCp,2.6666666666666665,31,8,TTGCGAGTTGCAGAGTCTCT,23,526045
araCp,1.1111111111111112,17,8,TTGCCAACAATATTTTTGTA,9,540469
araCp,2.4444444444444446,29,8,TTGACCCGCCATTCGTTCTG,21,535887
araCp,2.3333333333333335,28,8,TTCTTACCTAGCAACACTTA,20,581109
araCp,2.7777777777777777,32,8,TTCTCGACGGGCACGCATAT,24,557748
araCp,2.0,25,8,TTCGCCACGGTATGGAGCAT,17,571897
araCp,1.1111111111111112,17,8,TTCCTTGCTGTTCTAAGGCC,9,538726
araCp,1.2222222222222223,18,8,TTATGCCACGACTCCGGCTC,10,559868
araCp,1.6666666666666667,22,8,TTATCCCGACTGCCGAAATC,14,601820
araCp,1.2222222222222223,18,8,TTAGTTTCCGGATACCTTAA,10,559324
araCp,1.8888888888888888,24,8,TTAGTGTGCTGTTATACCTA,16,547263
araCp,4.0,43,8,TTAGGCAGTACCGGGCAAAA,35,591568
araCp,0.2222222222222222,9,8,TTACCTCGATTAACTTTGCA,1,574514
araCp,1.8888888888888888,24,8,TTAAATATTGGGGTCTTCGT,16,563832
araCp,5.0,52,8,TGTTGCTCGATACACCCGTA,44,560194
araCp,1.8888888888888888,24,8,TGTTCTCAAACTGACCGGAT,16,594887
araCp,2.2222222222222223,27,8,TGTGAAACTAGAAAACACTG,19,549686
araCp,0.4444444444444444,11,8,TGTCACTGTCTCGCATATCA,3,590339
araCp,1.8888888888888888,24,8,TGTACCGCATGGGACCTAGA,16,589752
araCp,2.111111111111111,26,8,TGGTATTATGGATGCGTAAG,18,564278
araCp,1.6666666666666667,22,8,TGGGGAACTTGAATCTAAAT,14,555902
araCp,3.4444444444444446,38,8,TGGGATTCCGCCCTACACTG,30,581617
araCp,0.3333333333333333,10,8,TGGCTCGCCAATATTAAACT,2,584827
araCp,0.3333333333333333,10,8,TGGCGTTGTATGTCGGCGAG,2,590658
araCp,1.0,16,8,TGGAGGCCAAGTATGTGCTC,8,553883
araCp,1.0,16,8,TGCGCGACAAGCAGCCCGAA,8,573534
araCp,1.0,16,8,TGCGAATTTTTCTCCGTTTC,8,538717
araCp,0.7777777777777778,14,8,TGCAGTTCTGTTCCTGCGCA,6,554521
araCp,1.1111111111111112,17,8,TGCAGTACCCTGGTGACTGA,9,548175
araCp,1.7777777777777777,23,8,TGCAGGTTGGTGCGGAGACG,15,535773
araCp,2.3333333333333335,28,8,TGATTAATAAACCGAGGTCT,20,558805
araCp,2.0,25,8,TGATGGAGCTTATGCAATAA,17,599988
araCp,1.4444444444444444,20,8,TGACGAGCCCGCGATAGGGA,12,587587
araCp,0.7777777777777778,14,8,TGACCCGTACACACCTGAGT,6,588109
araCp,2.888888888888889,33,8,TGAACAATATCAGACGGTGG,25,581328
araCp,21.666666666666668,202,8,TCTTTTGGAACTAAATCTGT,194,588470
araCp,4.0,43,8,TCTGTCCTCCCCAGACTCCT,35,585693
araCp,1.7777777777777777,23,8,TCTGCGAGGGGGTAGTCAGG,15,527731
araCp,5.0,52,8,TCGTTGGCATTTTAGACGGG,44,533103
araCp,1.4444444444444444,20,8,TCGTTGACACAAGTCTCAAC,12,528389
araCp,1.0,16,8,TCGTGGTGGTCATCTTCACG,8,542624
araCp,21.0,196,8,TCGTAATGATAAAGGTAATT,188,593085
araCp,2.4444444444444446,29,8,TCGGGATGAGTGGATTCCTC,21,536405
araCp,0.4444444444444444,11,8,TCGGCTCACGTAGGTATAAT,3,539952
araCp,5.111111111111111,53,8,TCGGCCCCGAAAGGCTATAT,45,598745
araCp,0.2222222222222222,9,8,TCGCGATCTTCGATTTTATG,1,548874
araCp,0.2222222222222222,9,8,TCGCGATACCCCCATTCAAT,1,542513
araCp,3.0,34,8,TCGCCCAGGGTCGCCATAGA,26,597477
araCp,2.6666666666666665,31,8,TCGAATGCTATATAGGGCAA,23,544459
araCp,2.0,25,8,TCGAATATTCGATCATTTTC,17,526507
araCp,2.2222222222222223,27,8,TCCTGCTTTTCGAGACTCGT,19,568584
araCp,1.1111111111111112,17,8,TCCTATAATTGACCGGAACA,9,560283
araCp,0.7777777777777778,14,8,TCCGCTAAGTGAGGGCACCC,6,559268
araCp,3.4444444444444446,38,8,TCCCGGAAACATTGGCAATC,30,562918
araCp,1.0,16,8,TCATGCGGAAACTTCTCTCC,8,580934
araCp,6.333333333333333,64,8,TCAGGTTCGCCTTAACCCAT,56,583838
araCp,1.2222222222222223,18,8,TCACATCCTACAAGTACACG,10,555138
araCp,0.3333333333333333,10,8,TCAAGGGCATATGTGACAGA,2,582665
araCp,3.111111111111111,35,8,TCAAATGTGGCTGTGCACTG,27,554780
araCp,1.6666666666666667,22,8,TATGTAGCCGACACCAATAG,14,556893
araCp,0.7777777777777778,14,8,TATCCGATACGTCTCGTCAT,6,569428
araCp,1.0,16,8,TATCCCGGGCAGGGTAGAGA,8,567064
araCp,0.2222222222222222,9,8,TAGGCATCGGGTTGCGTCCT,1,588295
araCp,18.22222222222222,171,8,TAGGATTTGTTTGGTAATGG,163,563926
araCp,1.1111111111111112,17,8,TAGCCTCACTTAACTAGACG,9,528218
araCp,0.2222222222222222,9,8,TAGCCCAGGTTTCGCGTAGT,1,562453
araCp,2.5555555555555554,30,8,TAGACATAAGATGGCAACGT,22,595961
araCp,1.2222222222222223,18,8,TACTAGCGCAGCATACAGCT,10,555158
araCp,0.7777777777777778,14,8,TACGTCATTGACTATGCTTA,6,566588
araCp,1.4444444444444444,20,8,TACGTAAAAGATAGCGTAGA,12,577552
araCp,0.2222222222222222,9,8,TACCCTGGTCGCAACTGCAT,1,561038
araCp,1.4444444444444444,20,8,TACCATGTTTTAGCGGAGTC,12,564394
araCp,7.444444444444445,74,8,TACAGATCGTCAGTTGCGTC,66,603003
araCp,0.5555555555555556,12,8,TAAGGGGAGTCGCAGGTATA,4,538080
araCp,0.4444444444444444,11,8,TAACTCATCCCCAGATCAGA,3,589030
araCp,2.3333333333333335,28,8,TAACTCACTATTTAGGGCTT,20,525743
araCp,3.2222222222222223,36,8,TAACGCCCACAGTAGAATCC,28,557621
araCp,1.0,16,8,GTTTATGCTCACGGTTCTGA,8,593726
araCp,4.777777777777778,50,8,GTTGTGTCCTCCACGTCACG,42,577433
araCp,4.777777777777778,50,8,GTTGCCTTGAACTCGACTGT,42,555349
araCp,1.5555555555555556,21,8,GTTCATTTGCACACTGGGAA,13,552819
araCp,2.6666666666666665,31,8,GTTAAGCCTAAGCAATTTGC,23,586502
araCp,0.8888888888888888,15,8,GTGTCCGGGCTATGGTATAG,7,581576
araCp,2.2222222222222223,27,8,GTGTACGCGCATTGCACGGA,19,542669
araCp,2.5555555555555554,30,8,GTGGTCAAGCATGGGTAGCC,22,534640
araCp,4.333333333333333,46,8,GTGGGCAATTGGTCCGCGTG,38,571982
araCp,1.4444444444444444,20,8,GTGACCCAAACGCGGCCCCT,12,545893
araCp,1.5555555555555556,21,8,GTGAAGCCGTCTCCAGTTAA,13,566631
araCp,1.3333333333333333,19,8,GTCTTTCAGGCTTACGTCTG,11,544326
araCp,1.7777777777777777,23,8,GTCTTAGAACTAAGGGGTTT,15,547007
araCp,1.6666666666666667,22,8,GTCTGCGCCCCTTGCTCGCA,14,547504
araCp,1.8888888888888888,24,8,GTCTGATCTTTCCTTAGGAA,16,540697
araCp,2.4444444444444446,29,8,GTCTCTATGCTACGTTCATA,21,563480
araCp,3.2222222222222223,36,8,GTCTCAGAAGAAGAGTAAAC,28,599717
araCp,0.5555555555555556,12,8,GTCGCCTGACACTTTGTGAA,4,537354
araCp,1.6666666666666667,22,8,GTCGATGCCCGAGCGTAGTC,14,541133
araCp,0.5555555555555556,12,8,GTCCAGTCACAGGTATGTCT,4,569802
araCp,30.0,277,8,GTCAAGGCACGCCAACGGTT,269,529180
araCp,1.1111111111111112,17,8,GTCAACGGTTAAATGCCGGT,9,536179
araCp,1.3333333333333333,19,8,GTAGCCATTCCAGAAAAACA,11,577746
araCp,2.5555555555555554,30,8,GTACCTTCCTAGAACATTAC,22,579558
araCp,1.2222222222222223,18,8,GGTTTCCATGTCAATCGGTA,10,589198
araCp,0.3333333333333333,10,8,GGTTCGGTAGACGAATGTTG,2,595157
araCp,3.7777777777777777,41,8,GGTTCATTCAACGACTTATT,33,568068
araCp,2.2222222222222223,27,8,GGTTATAGCTTGGCAAACGT,19,547570
araCp,3.0,34,8,GGTTATAGCAGGGTTTGTAG,26,585080
araCp,3.3333333333333335,37,8,GGTCACCCTATTAAGAGCCT,29,594100
araCp,4.111111111111111,44,8,GGTCACAGGTGGGAAGCCTA,36,594487
araCp,2.0,25,8,GGTATATATTTAGGGCGCTC,17,545089
araCp,0.8888888888888888,15,8,GGTAGTATTATGATTCGGAG,7,529331
araCp,1.1111111111111112,17,8,GGGTGATACGGCAGTGACGT,9,569144
araCp,0.7777777777777778,14,8,GGGTAGAAAGCTTCAGCGGT,6,527293
araCp,2.3333333333333335,28,8,GGGGTATCAGACTCACTTTG,20,574713
araCp,0.3333333333333333,10,8,GGGGGGCAAAGCGGAGTCTA,2,556359
araCp,5.111111111111111,53,8,GGGGCGTGGAGAATCTCCAA,45,602303
araCp,0.2222222222222222,9,8,GGGGACAATTCTGTGCGATT,1,592442
araCp,3.888888888888889,42,8,GGGGAATCTTAGCCGTCGTC,34,580145
araCp,2.888888888888889,33,8,GGGGAAGATAGGCACAGAAA,25,603000
araCp,1.2222222222222223,18,8,GGGCCAACTTACATTCGTTC,10,594042
araCp,4.0,43,8,GGGCACTTTACGAATCAAAT,35,539297
araCp,1.3333333333333333,19,8,GGCTTGATCTTCATAGGAAT,11,600356
araCp,4.0,43,8,GGCTGTAACATATAAGATTC,35,594856
araCp,2.7777777777777777,32,8,GGCTCATGCTATGTCTCTGA,24,528852
araCp,1.4444444444444444,20,8,GGCTAGTTATGGGTGGCCAA,12,569918
araCp,1.1111111111111112,17,8,GGCCAAGTGTAGTGTTTGAG,9,546264
araCp,1.7777777777777777,23,8,GGCATCGCTTACGGAAGGGA,15,552414
araCp,0.7777777777777778,14,8,GGCACTTCTCAAGCCTGTCA,6,544108
araCp,6.0,61,8,GGACCGCTATATGTGCCCGC,53,580576
araCp,0.8888888888888888,15,8,GGACAGCTATAGCTGGCAGA,7,537330
araCp,0.8888888888888888,15,8,GGAAGGCCCCGTTGGAAGCC,7,538907
araCp,1.7777777777777777,23,8,GGAAGCTCCGTCGGGATGGG,15,600915
araCp,1.5555555555555556,21,8,GGAACTAAGTGGGTTTCACT,13,564552
araCp,5.0,52,8,GGAAAGCTTGAAAGGCGTTG,44,570502
araCp,2.111111111111111,26,8,GCTGGGTTATGTTAGACAAA,18,540468
araCp,6.888888888888889,69,8,GCTCAGTCAGGATCTGGAAA,61,541779
araCp,1.4444444444444444,20,8,GCGTCCCCGTCTTTCCTGCA,12,549864
araCp,0.7777777777777778,14,8,GCGTACAGCATGACAGGCTG,6,574735
araCp,1.1111111111111112,17,8,GCGGTAACGTTTTCCTAAAT,9,599002
araCp,2.4444444444444446,29,8,GCGGGATGTAAGGGGGGTTG,21,536771
araCp,1.0,16,8,GCGGAAGTACATGCGACCAC,8,588947
araCp,1.1111111111111112,17,8,GCGAGTAGTAACCGTGAGTA,9,603618
araCp,2.5555555555555554,30,8,GCGACATGCCTATGTATTTA,22,593078
araCp,1.0,16,8,GCCGGTCAGACGAAAGTAGC,8,547972
araCp,1.7777777777777777,23,8,GCCGGGCTGTCTAAGGAGTG,15,534841
araCp,0.8888888888888888,15,8,GCCGGCATGCCATAAGGAAA,7,596264
araCp,1.8888888888888888,24,8,GCCGCTCGCTGGTGAGGTAT,16,556384
araCp,0.2222222222222222,9,8,GCCATCGGGGGCTTTGCGAG,1,581358
araCp,2.4444444444444446,29,8,GCCATATGGAATATAGCAGG,21,527057
araCp,1.1111111111111112,17,8,GCCATAATGCCAGGGACTTC,9,596516
araCp,0.5555555555555556,12,8,GCATTTCGGTCTGAGGCATG,4,589751
araCp,0.5555555555555556,12,8,GCATGGAGGTCTCAGAGCAT,4,540771
araCp,3.5555555555555554,39,8,GCAGTCAGGATCCCATGCTT,31,579933
araCp,2.0,25,8,GCACTGTCGTCACATCATCT,17,586208
araCp,1.3333333333333333,19,8,GCACACCATCGGCGTGGCGC,11,575248
araCp,0.6666666666666666,13,8,GCAAGCAGGGAACCGCGCCA,5,601918
araCp,6.666666666666667,67,8,GCAACTCAGTGGATCTTCAG,59,528935
araCp,0.8888888888888888,15,8,GATGGCGGGTCGGGACACAG,7,602156
araCp,0.6666666666666666,13,8,GATGGCCACGCTTTAGGTAC,5,565992
araCp,1.7777777777777777,23,8,GATGCAAGCATTCAAGTCTT,15,567161
araCp,0.6666666666666666,13,8,GATCCAACGCAAATTGCATC,5,594675
araCp,4.666666666666667,49,8,GATCAGGCGCCGCTCTCTAA,41,559654
araCp,2.111111111111111,26,8,GATATTCAATTTCGAGCCGC,18,543655
araCp,0.2222222222222222,9,8,GAGTGGGTTCTTATGAACCC,1,581915
araCp,2.6666666666666665,31,8,GAGTCTTACCAATTTGCCGC,23,529677
araCp,0.5555555555555556,12,8,GAGGTGTCCGTTCCAAAACG,4,591371
araCp,1.6666666666666667,22,8,GAGGGTGGCTACCATCTGTG,14,560620
araCp,2.7777777777777777,32,8,GAGGCGCATTAGGATAGCAT,24,594067
araCp,0.8888888888888888,15,8,GAGCAGCCCCGACGCATCTC,7,543799
araCp,1.8888888888888888,24,8,GAGACATACCCGGAGGGGTT,16,595557
araCp,1.1111111111111112,17,8,GAGACAGCGCTGTTAGGACA,9,553423
araCp,0.6666666666666666,13,8,GACTGTGGCTAACCCAACCC,5,565168
araCp,2.6666666666666665,31,8,GACTAGTGTCTGGATTCCAT,23,550822
araCp,1.3333333333333333,19,8,GACTACGGCAGAGTGATCGC,11,546277
araCp,1.7777777777777777,23,8,GACGGCACCTATACCTCCCA,15,593044
araCp,1.7777777777777777,23,8,GACGCTGGGGCTACAATAAC,15,553123
araCp,1.5555555555555556,21,8,GACAACGGGCGCACGTACTG,13,593685
araCp,1.4444444444444444,20,8,GAATCAGGGAGTGGACCAGA,12,589099
araCp,0.8888888888888888,15,8,GAAGTGAATGTTCTAAGCGG,7,578776
araCp,0.3333333333333333,10,8,GAAGAGGCTTTATACGGCCA,2,568345
araCp,2.888888888888889,33,8,GAAAATATTCCGCCCGCGTG,25,588110
araCp,1.6666666666666667,22,8,GAAAAGGTATGTTTGGAATG,14,546428
araCp,0.5555555555555556,12,8,CTTTTGCCCAGTCGCAGCTC,4,560519
araCp,2.5555555555555554,30,8,CTTTTACAATACGACGCGCG,22,575464
araCp,3.0,34,8,CTTGTACATCGAAACGAAAC,26,574790
araCp,1.0,16,8,CTTGCATGTTTATCTTACTC,8,587381
araCp,0.2222222222222222,9,8,CTTGATTCGACGCAGCCGCA,1,577937
araCp,1.4444444444444444,20,8,CTTCAAGCCTGGGTGTTCTT,12,531447
araCp,1.2222222222222223,18,8,CTGTTTTAGCGGAGTTCTTG,10,529028
araCp,1.6666666666666667,22,8,CTGTCGATAAAAGCGTCTGC,14,534526
araCp,1.1111111111111112,17,8,CTGTCCCCCGGTGCGTGTAC,9,556692
araCp,2.0,25,8,CTGTAAATTACCCCAGACGT,17,580174
araCp,3.4444444444444446,38,8,CTGTAAAAAGTCCTCTCTGG,30,574833
araCp,4.222222222222222,45,8,CTGCGTTAAGAATACGGCTA,37,534786
araCp,1.7777777777777777,23,8,CTGCGGGTTTATCGAAAATG,15,550512
araCp,3.111111111111111,35,8,CTGCGCTGGTGTTAAAGCGC,27,561140
araCp,0.2222222222222222,9,8,CTGCATGCATGCAGAATTTC,1,558450
araCp,1.2222222222222223,18,8,CTGAAAATCGTCTCCCCGCT,10,537352
araCp,3.0,34,8,CTGAAAACAGAATGGTCCGG,26,558360
araCp,0.6666666666666666,13,8,CTCTGAAATTTCTGCGATGA,5,531429
araCp,2.111111111111111,26,8,CTCGGAGCTTCGTACCAAGT,18,537784
araCp,1.1111111111111112,17,8,CTCCGTAGCATTAGCTCAGA,9,546436
araCp,4.222222222222222,45,8,CTCCGCGAACGGACCTTTCT,37,599732
araCp,1.1111111111111112,17,8,CTCCGACTCGGGGTATTCAG,9,594479
araCp,1.3333333333333333,19,8,CTCCACTAGCCGACCAAAGG,11,602116
araCp,2.3333333333333335,28,8,CTATTGACGTTTATTTGTTA,20,585582
araCp,2.5555555555555554,30,8,CTATTCTGGCGTGATCTAAT,22,589038
araCp,2.7777777777777777,32,8,CTATCTTGTTGCACGGGATT,24,577763
araCp,2.5555555555555554,30,8,CTATAGTATCACTACGGGGC,22,544904
araCp,0.6666666666666666,13,8,CTATAACTTCGGTAAATAAT,5,551959
araCp,1.1111111111111112,17,8,CTACCCAGCCTTTAGTGTGG,9,538869
araCp,2.0,25,8,CGTTCAATCAATTTAGGTGT,17,591556
araCp,1.3333333333333333,19,8,CGTGTATCTGTTATGATGGG,11,577361
araCp,5.0,52,8,CGTCCCTTAGGTCAATACAA,44,591652
araCp,1.5555555555555556,21,8,CGTCCCGCGAACGCAATTAT,13,595144
araCp,5.111111111111111,53,8,CGGTTCGACATCGAATACCT,45,576191
araCp,1.1111111111111112,17,8,CGGTCAACTGGTCAATGCTT,9,531079
araCp,0.7777777777777778,14,8,CGGTAAGGAAGTTGAGCGAA,6,557241
araCp,3.888888888888889,42,8,CGGGTAGGAGGCGCTCGTCT,34,566721
araCp,12.88888888888889,123,8,CGGGGCGGACAGGGGAAGTG,115,546405
araCp,3.4444444444444446,38,8,CGGGGATTGACCTACAGCTA,30,534262
araCp,1.8888888888888888,24,8,CGGCGTGTCGTGTGCCTCAC,16,575999
araCp,2.4444444444444446,29,8,CGGCGGTCGAGCAGCACCGC,21,534603
araCp,2.888888888888889,33,8,CGGCCCTCAAATCTGTTGAT,25,560741
araCp,2.6666666666666665,31,8,CGGATTGAAATAGCACTTAT,23,525834
araCp,1.3333333333333333,19,8,CGGATGGTCACCTCTTTATT,11,546194
araCp,2.0,25,8,CGGAGATGATAATCCCTCTC,17,560236
araCp,0.8888888888888888,15,8,CGCTTCTTAGGGGTCTTTGT,7,580473
araCp,2.4444444444444446,29,8,CGCGCGATTCGGCCTTCGCC,21,539164
araCp,2.2222222222222223,27,8,CGCGACGCCTCGATGGAGAT,19,545239
araCp,3.4444444444444446,38,8,CGCGAAAAACCCAGAGTAAT,30,542068
araCp,1.4444444444444444,20,8,CGCCACGGATTAACGCTCAT,12,599348
araCp,1.2222222222222223,18,8,CGCAGTGGCATCGATAAATA,10,571011
araCp,3.7777777777777777,41,8,CGCAGGCTGTGAGCGTCCGG,33,530670
araCp,0.7777777777777778,14,8,CGATTCACGGGGCATGTAGA,6,537783
araCp,0.7777777777777778,14,8,CGAGTCTTTAATAGGCAAAG,6,537327
araCp,0.6666666666666666,13,8,CGAGGTCTTATCGAACCGGG,5,602625
araCp,2.5555555555555554,30,8,CGAGGCTTGACCAATCGAAT,22,594340
araCp,1.7777777777777777,23,8,CGAGAGAGCACTAAGACATA,15,592459
araCp,0.6666666666666666,13,8,CGACGGCTTCCGCCCAAGAT,5,596528
araCp,1.7777777777777777,23,8,CGACCTCAGGATCAGCATGT,15,582255
araCp,0.8888888888888888,15,8,CGAATATATGAGACTCGGCA,7,561344
araCp,4.444444444444445,47,8,CGAATAGTTAATAGCGGTGA,39,528535
araCp,1.1111111111111112,17,8,CCTTTATAAGCGAAAGACGT,9,595784
araCp,2.0,25,8,CCTAGTTGTGGATTAGGCAA,17,549443
araCp,3.3333333333333335,37,8,CCTAATTGCTGTTGTGTCCG,29,580484
araCp,0.6666666666666666,13,8,CCTAAGGGGCCTGCTTTGAG,5,556009
araCp,3.0,34,8,CCGTCCTACTTTCGCGCGTA,26,540392
araCp,2.888888888888889,33,8,CCGTACACTCAGACATTCTC,25,550570
araCp,0.5555555555555556,12,8,CCGTAAGCTACGAGAAGCAT,4,550638
araCp,1.5555555555555556,21,8,CCGGTTATTGCTCTGGACAG,13,546628
araCp,1.3333333333333333,19,8,CCGCTGGTCCAGTACGCAGG,11,549537
araCp,2.7777777777777777,32,8,CCGCCTCTTTCTTGTCGTAG,24,593707
araCp,1.3333333333333333,19,8,CCGAGTTTAAAACAGTAAAA,11,547745
araCp,4.555555555555555,48,8,CCGAGATACGTCAAACTTAT,40,547650
araCp,16.555555555555557,156,8,CCGAATGATCATGTTTGGTG,148,598952
araCp,1.3333333333333333,19,8,CCCTCAAGTAAGTCAGCAGA,11,556023
araCp,2.111111111111111,26,8,CCCCCGGGGACACTCCCCTT,18,553099
araCp,0.6666666666666666,13,8,CCCCCCTCTGCAGCAAAACA,5,591714
araCp,2.3333333333333335,28,8,CCCATCGACTAATGCTTAGC,20,561600
araCp,7.666666666666667,76,8,CCCAAGAGCGTCGTTCGTAT,68,540883
araCp,1.0,16,8,CCATTAGGATCGCGTCTGTA,8,526026
araCp,1.6666666666666667,22,8,CCAGCACAGTCTTCAATTCT,14,531420
araCp,1.4444444444444444,20,8,CCACCCCCGAGGAAGGGTTA,12,525703
araCp,2.2222222222222223,27,8,CCAACCGAGCCGGATCACAC,19,534219
araCp,2.888888888888889,33,8,CCAAAGCATATAGCAATCCA,25,539025
araCp,3.111111111111111,35,8,CATTGTGTACCGCTGCATTT,27,565815
araCp,0.5555555555555556,12,8,CATCTGTTTCGGGGGGGGCG,4,567630
araCp,0.7777777777777778,14,8,CATATTTGTTTTGTTGCTAC,6,542329
araCp,4.333333333333333,46,8,CATATAGAAACACCTACGAC,38,533035
araCp,2.111111111111111,26,8,CATAAGGTGGAAGTTGAGCG,18,602775
araCp,0.3333333333333333,10,8,CAGGTTACTAATAAGCGTTG,2,599664
araCp,1.7777777777777777,23,8,CAGGTACCACATAACGATTC,15,564266
araCp,1.4444444444444444,20,8,CAGGGGGCCGCGCCGTAGTA,12,547463
araCp,2.4444444444444446,29,8,CAGGCAGGTGGAGCAACTTT,21,554716
araCp,0.5555555555555556,12,8,CAGGAGTTTGGAAGGGGTGA,4,539433
araCp,0.5555555555555556,12,8,CAGCGCTGAATAGACCCCTT,4,572542
araCp,2.4444444444444446,29,8,CAGCCTGGCTCTAGGGTAGT,21,601709
araCp,2.888888888888889,33,8,CAGATCATCCACATGCCATT,25,596330
araCp,1.6666666666666667,22,8,CAGAAGGTTTAACCTATCAT,14,547903
araCp,1.4444444444444444,20,8,CAGAAGGAAATTAATTCATG,12,546821
araCp,0.8888888888888888,15,8,CACTCGCGTTTTAATAGAGT,7,563809
araCp,0.2222222222222222,9,8,CACGTGGTGCTATCCCCGCT,1,577786
araCp,1.2222222222222223,18,8,CACGCGGTCGGAAATGACTA,10,570974
araCp,1.3333333333333333,19,8,CACCGGCACTCCCGTACTCG,11,585341
araCp,4.111111111111111,44,8,CACCGACTTGTCGAGTCAAC,36,577665
araCp,1.8888888888888888,24,8,CACCAGTGAGGGTTCTGTTT,16,563068
araCp,1.4444444444444444,20,8,CACCACTAGCTGTTAAGTCA,12,569916
araCp,2.4444444444444446,29,8,CACACGGTTCGAACTGTAAA,21,535182
araCp,1.7777777777777777,23,8,CAATTTGCGGTAAGATTTAG,15,526219
araCp,3.4444444444444446,38,8,CAATTGCCTAGGACCTGACT,30,569243
araCp,1.4444444444444444,20,8,CAAGGAGCAGGCTGTCGCGT,12,525536
araCp,1.6666666666666667,22,8,CAACTTAACATTCTTTCTCT,14,587499
araCp,1.3333333333333333,19,8,CAACTGGCGGTTGTTATCCT,11,581408
araCp,2.111111111111111,26,8,CAACGCCTAATGTTTACGCT,18,547505
araCp,1.6666666666666667,22,8,CAACCTTATAACTAATACGG,14,591828
araCp,0.7777777777777778,14,8,CAACCCGTTGGGAATTTCGA,6,575829
araCp,2.0,25,8,CAAACTTGGGATTTACAGAG,17,599439
araCp,2.0,25,8,ATTGGATAGTCAAGTCAAGT,17,586082
araCp,1.0,16,8,ATTGATTATGCGTTGACGCA,8,561282
araCp,2.888888888888889,33,8,ATTCGCTTCCGAGCTAGGAA,25,601028
araCp,5.0,52,8,ATTCGAATGCTCGCAAGTGA,44,541744
araCp,0.5555555555555556,12,8,ATTACACACCGTGGACACGT,4,533758
araCp,0.8888888888888888,15,8,ATGTTGCGGGGCAATCCCTA,7,565622
araCp,2.111111111111111,26,8,ATGTTAACGCTGGTTGTAAG,18,578380
araCp,3.7777777777777777,41,8,ATGTGGGTGCTAGACCTGCT,33,586307
araCp,3.3333333333333335,37,8,ATGTCTGTGATTGTCTATAG,29,531285
araCp,0.7777777777777778,14,8,ATGTAGAGCCCTTCTGTTGG,6,594138
araCp,2.111111111111111,26,8,ATGGTTCTTGTAGAGTGTCA,18,600742
araCp,1.8888888888888888,24,8,ATGCAATCACGTGCGCGCCA,16,545643
araCp,4.111111111111111,44,8,ATGATGGACAGCGACGATTG,36,575126
araCp,1.0,16,8,ATCTTTACTCAGTTCGACAG,8,577797
araCp,2.111111111111111,26,8,ATCTCCCTGTATCTAGCGTG,18,553147
araCp,0.2222222222222222,9,8,ATCTAAACAAAGCGGTTTCC,1,580281
araCp,1.3333333333333333,19,8,ATCGGAGTCGAGCAAAACTT,11,577621
araCp,7.222222222222222,72,8,ATCGCCCTGGGCTACTCGGC,64,542714
araCp,1.7777777777777777,23,8,ATCGAGGTGAATCGCACAGC,15,539535
araCp,1.6666666666666667,22,8,ATCCAAGTATTAGGGGGAAG,14,536765
araCp,3.0,34,8,ATCAGTCGCGTTGTAACCTG,26,550361
araCp,1.6666666666666667,22,8,ATCACCAGTTGCATTCCTGT,14,573815
araCp,5.555555555555555,57,8,ATATTCGGCCGGGTGTGCGT,49,529183
araCp,0.2222222222222222,9,8,ATATGTATGAGGGTGGCTTA,1,579194
araCp,1.3333333333333333,19,8,ATATCGGGCGGATTCCTTAA,11,553249
araCp,0.3333333333333333,10,8,ATAGTCAAGTGCTAGGGATC,2,540948
araCp,3.888888888888889,42,8,ATACAAAACTTCGGAGGGCG,34,573122
araCp,5.555555555555555,57,8,ATAATGTTTGAAGGAGCATA,49,558991
araCp,2.5555555555555554,30,8,ATAATGTACAGTGCAGTAAA,22,569437
araCp,4.777777777777778,50,8,ATAACTCTCCTTACCACCTA,42,582375
araCp,3.5555555555555554,39,8,ATAAACTGGGCATGTCTCCC,31,566255
araCp,1.1111111111111112,17,8,AGTTACCCGAGCCGTACCTA,9,561327
araCp,2.111111111111111,26,8,AGTCGTTCACCTAGTCTTAA,18,566498
araCp,2.0,25,8,AGTCCACCTTTTCGTATACA,17,531964
araCp,1.3333333333333333,19,8,AGGGGTAGCCTTACCCATAG,11,573169
araCp,1.8888888888888888,24,8,AGGGGGCATTTGATGGTCGC,16,543883
araCp,1.2222222222222223,18,8,AGGGGATGATCTCCATTACA,10,565178
araCp,1.6666666666666667,22,8,AGGGACTTGGGTCCGAACAA,14,558520
araCp,1.0,16,8,AGGCCCAACGTGCCGAAGAT,8,561176
araCp,1.7777777777777777,23,8,AGCTTATTCAGAGCCAAAAT,15,544485
araCp,1.1111111111111112,17,8,AGCTCTCCCACAGATATCTC,9,580590
araCp,2.0,25,8,AGCTCAAGATTAGGTAACGT,17,576213
araCp,0.2222222222222222,9,8,AGCGTTCGTAAAGTGGACAC,1,528807
araCp,1.2222222222222223,18,8,AGCCCCGACCACAGCGATGT,10,530640
araCp,2.111111111111111,26,8,AGCCCAGTAATATCATGAGG,18,557640
araCp,2.7777777777777777,32,8,AGCATGCGCGCAAGACCCAT,24,553010
araCp,1.6666666666666667,22,8,AGCATGATGGGAACAAAGGT,14,595350
araCp,1.7777777777777777,23,8,AGCAGGCTCGTATAAGGTAG,15,530141
araCp,0.2222222222222222,9,8,AGATGGTTACCACGAGTGCT,1,597050
araCp,1.2222222222222223,18,8,AGATGCTCGGCGTACCCCCT,10,528061
araCp,0.8888888888888888,15,8,AGATAAATTTTGGGTATATT,7,559460
araCp,1.7777777777777777,23,8,AGAGTGAGAAGTGCAGGTTA,15,593162
araCp,3.0,34,8,AGAGGCTTAACGCACGTCGC,26,553126
araCp,2.2222222222222223,27,8,AGAGCTGGATATTCGTCGCC,19,530446
araCp,0.2222222222222222,9,8,AGAGAAATGATAATACATTT,1,541798
araCp,6.555555555555555,66,8,AGACTTCCCGCCATGGCGAA,58,573871
araCp,1.0,16,8,AGACAAAGATATCCGAACTG,8,552353
araCp,2.2222222222222223,27,8,AGAAGAATCGCCTCAGATTG,19,572545
araCp,1.7777777777777777,23,8,ACTTTGCGGCTTGTTAAAAA,15,589201
araCp,1.0,16,8,ACTTGTAGCAGTAGTCAAGG,8,590754
araCp,37.111111111111114,341,8,ACTTCGGGGTATGACTGCCC,333,596554
araCp,6.0,61,8,ACTCGATGTTGCATGGGTTC,53,543962
araCp,0.2222222222222222,9,8,ACTCAATGCCCTATCAATGA,1,559219
araCp,1.2222222222222223,18,8,ACTACCGTTTCTTCAGGTTA,10,535464
araCp,3.2222222222222223,36,8,ACGTTCTTTTTAAGGTGAAA,28,595220
araCp,1.4444444444444444,20,8,ACGTTCCAGCAAGAGCCCCC,12,579865
araCp,0.7777777777777778,14,8,ACGCCTGCGTAAGATTAAGG,6,550104
araCp,2.111111111111111,26,8,ACGCATTTCAATGCTGGTAA,18,590901
araCp,1.1111111111111112,17,8,ACGAAGAACGGTCAAGCGGT,9,589410
araCp,0.2222222222222222,9,8,ACCTAGGCTTCGCCAGCTAA,1,579309
araCp,1.6666666666666667,22,8,ACCTAGACATTTCGGTGAAG,14,582660
araCp,0.6666666666666666,13,8,ACCAACTCTCGCCACGATAA,5,553869
araCp,1.7777777777777777,23,8,ACATTACTCGTGAGACGCAA,15,587972
araCp,2.2222222222222223,27,8,ACATGGTGCCCGGTCTGTAG,19,592638
araCp,2.5555555555555554,30,8,ACATCTGCATATGTGCTCCT,22,553298
araCp,3.2222222222222223,36,8,ACAGGAAGTCGTTAAAGGCT,28,576347
araCp,2.0,25,8,ACAGAGGGCTCCCTTTACTT,17,592809
araCp,1.0,16,8,ACACATTACAAGTAACTGTC,8,603283
araCp,1.5555555555555556,21,8,ACAAAAAGAAACTTTGGAGG,13,556669
araCp,1.7777777777777777,23,8,AATTTCCATAATTGTGAAAA,15,569294
araCp,3.3333333333333335,37,8,AATTCCTACTAGGGCGGGCA,29,556110
araCp,0.8888888888888888,15,8,AATTCCGGAAGCTTACCCGA,7,579564
araCp,1.3333333333333333,19,8,AATGCCGAGCACGCAACGTC,11,559041
araCp,0.2222222222222222,9,8,AATCTCGTCTTTTAACAGTG,1,554888
araCp,1.6666666666666667,22,8,AATCGGCGTTATTTTTGCGA,14,556949
araCp,0.4444444444444444,11,8,AATCAGTGTTCTTTTATGTG,3,588720
araCp,1.4444444444444444,20,8,AATCAGGCGTTTCTCACGTT,12,594447
araCp,4.666666666666667,49,8,AATCAACCGTCGTCTGGGTA,41,559806
araCp,0.2222222222222222,9,8,AATAGGACCGTTTACGAGGT,1,538920
araCp,2.0,25,8,AAGTCCTTCCTGGGCGTTGT,17,589903
araCp,1.7777777777777777,23,8,AAGTACGAGACGTATCAGTT,15,544507
araCp,1.1111111111111112,17,8,AAGGTTAAAAGACAAGACGC,9,550213
araCp,2.0,25,8,AAGGATGGTGACAGGGACCA,17,529860
araCp,1.7777777777777777,23,8,AAGGAGTATGGCATTTCATC,15,582262
araCp,2.2222222222222223,27,8,AAGCGGAAAGCAGGAGAAAC,19,541537
araCp,1.8888888888888888,24,8,AAGCAGGTTAACGTGCGGGT,16,551932
araCp,2.0,25,8,AAGATAGCCGCAATACTTGG,17,589909
araCp,2.6666666666666665,31,8,AACTTATGTGGTCTTTAAAG,23,569427
araCp,3.3333333333333335,37,8,AACGCGGTCGTTGTACAACA,29,527960
araCp,1.0,16,8,AACATAGTCAGTGACAGTGA,8,595439
araCp,3.888888888888889,42,8,AACAAAGACGTCTCGCAGGT,34,586788
araCp,0.7777777777777778,14,8,AAATGCCATCTAACCTGCGC,6,595752
araCp,1.5555555555555556,21,8,AAATCTTGCCTGCCTATTGG,13,537328
araCp,2.0,25,8,AAATAGCCTACCTGAAATAC,17,583262
araCp,1.1111111111111112,17,8,AAAGTCTAGTTTTCCAGTTT,9,602245
araCp,3.2222222222222223,36,8,AAACTTTAATACAGTGAGTG,28,556804
araCp,1.4444444444444444,20,8,AAACGTAGGTCGCTATCGGC,12,589675
araCp,0.6666666666666666,13,8,AAACACCATACGCACGAGAA,5,551394
araCp,2.4444444444444446,29,8,AAAATAATGTGTCCTGACAG,21,540108
araCp,0.2222222222222222,9,8,AAAATAAGTAAAAGAAGCCA,1,585026
araCp,0.375,9,7,TTTTTCAACTTATCAAGATT,2,579239
araCp,3.875,37,7,TTTTTATCAAGGAAATTCAC,30,525821
araCp,2.375,25,7,TTTTGTGTTTAAGTGAGGCT,18,555252
araCp,0.875,13,7,TTTTACGGAATCTCAACGGT,6,535342
araCp,0.5,10,7,TTTTAACCGTGCTGATATCT,3,541095
araCp,2.0,22,7,TTTGTTCTCATTCGGAGAGA,15,555475
araCp,2.625,27,7,TTTGGACGCAGCACTTGGTT,20,545791
araCp,2.625,27,7,TTTGGAACAGGACGGCGTAT,20,603574
araCp,2.0,22,7,TTTGAACTACCTCTGGGGCT,15,598074
araCp,1.125,15,7,TTTCGCCGGTATCATGTCTT,8,598926
araCp,2.125,23,7,TTTATGATAAACGGCGGGTG,16,542708
araCp,1.625,19,7,TTTAACTGCGGATCTTGCCA,12,597421
araCp,1.75,20,7,TTGTTCCCTGTCATATTGCA,13,588411
araCp,1.875,21,7,TTGGATATATAACATTACCA,14,599754
araCp,0.25,8,7,TTGCGTATAATATCAGGAGT,1,554091
araCp,0.25,8,7,TTGCGACCAGCGACTGACAC,1,601402
araCp,4.75,44,7,TTGATAGCTTCCGTGCATAC,37,593176
araCp,2.875,29,7,TTGACAGGTGGCTAATTCGG,22,544627
araCp,3.125,31,7,TTCTGTATTTTCTATACTAG,24,586930
araCp,0.625,11,7,TTCTGAAATTTAAACTTGAA,4,593406
araCp,1.375,17,7,TTCGTTGCATAGCCGGATGT,10,567105
araCp,1.625,19,7,TTCGCGTTTCATTACTTGTT,12,546425
araCp,2.5,26,7,TTCCAGGCTACCGGTGCTCA,19,552911
araCp,0.5,10,7,TTCATATGTTAAGCCTAACA,3,537951
araCp,1.125,15,7,TTATTTGCAGTCGCGCGCGC,8,574742
araCp,2.375,25,7,TTATTAGCGCCATGAGTCAG,18,590729
araCp,0.875,13,7,TTATCTGCATATTTAGAGTA,6,547031
araCp,3.375,33,7,TTATATGAGGGGTCTGGGTC,26,601979
araCp,0.625,11,7,TTAGGAGCGCACGTACATTC,4,547105
araCp,2.5,26,7,TTAGCAAGACAAGAGACAGA,19,528059
araCp,2.25,24,7,TTACTGATTAGAAGTGTTAT,17,564916
araCp,6.75,60,7,TTAATCTAAGCCGTTGATGC,53,573284
araCp,1.625,19,7,TGTTTGCCGTAGCTTGCGCA,12,582803
araCp,2.125,23,7,TGTTCAGGAAGCGATACGCT,16,549351
araCp,0.875,13,7,TGTTAATCGTAGGGCTCGTC,6,578086
araCp,1.75,20,7,TGTATGAACCCGTGTATTTG,13,550298
araCp,1.0,14,7,TGTATCGCTCGGTCTCGCCT,7,550618
araCp,2.75,28,7,TGGTTCGGGAGATCAAGTAA,21,594277
araCp,1.625,19,7,TGGTCGCGGTAATAGTACAA,12,590734
araCp,1.625,19,7,TGGTAGGCTTTCCCAGCTAA,12,558147
araCp,2.75,28,7,TGGCGTTGCCGTCGAAAATA,21,603065
araCp,3.625,35,7,TGGCCAAACGGCCCGCGTGA,28,537029
araCp,4.0,38,7,TGGCAACATCGTCTCCAGTG,31,585451
araCp,2.5,26,7,TGGATTCACGCATACAAGCA,19,577719
araCp,0.5,10,7,TGGAGTCACAACGGCTTACG,3,590188
araCp,0.25,8,7,TGGAGAGCTCCCACCTTATA,1,587790
araCp,0.625,11,7,TGGACCGGCTTCAGGAAATG,4,532060
araCp,0.375,9,7,TGGACAAGCCTCAGGGGTGT,2,536532
araCp,0.5,10,7,TGCGGCAGGCTTCGTCTGTG,3,546465
araCp,2.375,25,7,TGCCTCATGAGACGGCGTAA,18,530408
araCp,1.375,17,7,TGCCGGGGAGGTACAAAGTA,10,533099
araCp,2.375,25,7,TGCATGGCATAATTCACCCC,18,533682
araCp,2.0,22,7,TGCAATGAATAAAGTCCTTT,15,570357
araCp,1.875,21,7,TGATCACCGGAGTTCTCGTC,14,574344
araCp,3.625,35,7,TGATAAATCGAGCGTAAGAA,28,525693
araCp,1.375,17,7,TGAGGGTGGAACCGAGGGTT,10,570509
araCp,1.625,19,7,TGAGGGTGAGCAGGTTGTTG,12,583979
araCp,2.0,22,7,TGAGCAGTACAATTGGACAT,15,594074
araCp,3.25,32,7,TGAGAGAGCAGACACGGGTG,25,559028
araCp,2.625,27,7,TGACGTGTCGGGCCGGGGGT,20,560335
araCp,1.25,16,7,TGAATATTCACAGCTCAATT,9,570140
araCp,1.5,18,7,TCTGTAAAATGCGTCATCTT,11,554727
araCp,1.0,14,7,TCTGGTGGTCGCGGCCTACG,7,554786
araCp,0.5,10,7,TCTGGGTCCCTCCGCCCCTT,3,538092
araCp,1.75,20,7,TCTGGCCATGTTTGCTTGCA,13,588875
araCp,1.25,16,7,TCTCCTTAGCGAGTACTTTT,9,569007
araCp,1.375,17,7,TCTCACTGCAACTTCTACAC,10,552776
araCp,2.0,22,7,TCTCAAGCCAATCGCTCACA,15,551802
araCp,4.375,41,7,TCTCAACAAACGTTGCCTCT,34,533718
araCp,2.875,29,7,TCTATGCGAGGGGATTAGGG,22,601225
araCp,4.25,40,7,TCTAACCTAAAGGTACCGAA,33,535921
araCp,2.125,23,7,TCGGTCCATAGAGTTCGACA,16,544388
araCp,0.25,8,7,TCGCGTACGGTTCTAGTTTT,1,559341
araCp,0.25,8,7,TCGCCTCACTCTCAGTCTCG,1,596403
araCp,1.0,14,7,TCGCCTAGGTGTATGGTAGG,7,559310
araCp,3.0,30,7,TCGCAACTTAAACTGTCTTG,23,578747
araCp,2.375,25,7,TCGAGGAATAAGTCCCCAGT,18,585909
araCp,1.125,15,7,TCGACCTGGCGATGGGAGAC,8,527365
araCp,1.5,18,7,TCCTCTGCGAGTTCACCCTA,11,587551
araCp,3.5,34,7,TCCTCGCTCCGCACGTCGAG,27,548598
araCp,1.25,16,7,TCCGGGGTCCGCATCTCTCT,9,550347
araCp,0.25,8,7,TCCGAGGGTTAGGACGCTCA,1,542947
araCp,0.875,13,7,TCCGAAGTATAATCCTCACT,6,573533
araCp,2.5,26,7,TCCCTTAGGAGCACATGAAA,19,562433
araCp,0.25,8,7,TCCACTCGTATGTGCATCGG,1,537038
araCp,2.125,23,7,TCCACAAAACAGTCCGGACC,16,586632
araCp,0.875,13,7,TCCAATATCGGTGATCCGAT,6,554987
araCp,0.25,8,7,TCATTCGCAAGCCGCGTCCA,1,535034
araCp,1.375,17,7,TCATCGCGAGTTAGTGCCTT,10,583189
araCp,2.0,22,7,TCAGTACATATAAGGTGACA,15,529617
araCp,3.5,34,7,TCAGGGTGTGATGACAGGTC,27,602973
araCp,1.75,20,7,TCAGCGAAAACCGCAAGAGC,13,539657
araCp,2.0,22,7,TCACTGCAACCATGGGCTGA,15,559501
araCp,1.75,20,7,TCAACTGCAAATTCCTGTCT,13,590089
araCp,2.125,23,7,TCAAATCACAACAGACATTT,16,529837
araCp,4.375,41,7,TATGCCGTAGTTTGCAAATA,34,529186
araCp,0.25,8,7,TATCTAATGCCTCCTTATGC,1,551998
araCp,2.375,25,7,TATAGGAAGTTAGTCCTTTG,18,549773
araCp,2.75,28,7,TAGTTTGTTGCATAGTCAGA,21,591051
araCp,0.625,11,7,TAGGGGTGTTGAGTATTCAG,4,598209
araCp,5.75,52,7,TAGGCTTATGTTCGAGTCAT,45,550351
araCp,2.0,22,7,TAGGATACACCGTGCACGCA,15,546388
araCp,5.625,51,7,TAGGAATTCGAGTCAGATGC,44,603421
araCp,9.0,78,7,TAGCGGTCACCGCCCGTAAT,71,595791
araCp,1.625,19,7,TAGCCTGAATGCACATGCAA,12,551276
araCp,1.125,15,7,TAGCAGGTCAGGCTCCAGCA,8,572116
araCp,1.625,19,7,TAGATTGCGCATCACGAGCC,12,565433
araCp,1.75,20,7,TAGAGCAAATCGCCATGATA,13,584900
araCp,2.0,22,7,TAGAGAGTTCGACCGGCGTG,15,537523
araCp,2.875,29,7,TAGACTACGCATCTCCAACA,22,545747
araCp,2.125,23,7,TAGACCGAACTATATGCATA,16,582433
araCp,1.75,20,7,TAGAAGAGCCTCGCACAGTT,13,582257
araCp,1.875,21,7,TACTGGAGCACGCCAAATAT,14,543844
araCp,0.625,11,7,TACTGCAAGTTGTACACGTT,4,569327
araCp,1.25,16,7,TACTCTGGTCACCAAGGGTC,9,600566
araCp,1.625,19,7,TACTCCCAGGTGTACTTGCA,12,592160
araCp,0.875,13,7,TACGGTTCGTGCCCGACTGG,6,572006
araCp,0.625,11,7,TACCCCTGAATCTAGTAGTA,4,601103
araCp,1.375,17,7,TACATGCTATTACCGGAGAG,10,562864
araCp,2.875,29,7,TACATCATTCATGCGGTTGT,22,534808
araCp,1.0,14,7,TAATGATGAAGGGCACGGTT,7,598014
araCp,0.75,12,7,TAATCGGTTACGGACTTAGT,5,561003
araCp,1.125,15,7,TAATCACTTATGTCCTCAGG,8,559555
araCp,1.625,19,7,TAACCTCCAAGCCGCGATTG,12,584915
araCp,0.25,8,7,TAACCGTCGCAGTAGTACTG,1,565179
araCp,1.875,21,7,TAACACTGTGCCATTAGTGA,14,578213
araCp,1.125,15,7,GTTGCGCGGAATCGGTAGAT,8,568870
araCp,2.375,25,7,GTTCGGCAGCACACCAGCCG,18,535591
araCp,2.125,23,7,GTTCATGGACCTGTTTTATA,16,565928
araCp,1.375,17,7,GTTAGCTAACTGATCGCATT,10,559315
araCp,0.375,9,7,GTGTTGGTGGGCCTCTAGTC,2,555531
araCp,1.75,20,7,GTGGGTTCGACGCTGGACTC,13,529381
araCp,3.75,36,7,GTGGCGTACCTGTACATTCA,29,577210
araCp,0.25,8,7,GTGGATCGCTGGTATGCCGC,1,535798
araCp,3.0,30,7,GTGCGCGTGAACTCTGTCTT,23,531927
araCp,2.375,25,7,GTGATTGCGACTGTCGGTTC,18,571895
araCp,0.375,9,7,GTCGTATGGGGCTATAGCCG,2,593289
araCp,2.0,22,7,GTCGCTCCCTTACGGCTATC,15,585944
araCp,3.375,33,7,GTCCGGTGCTGTTAGTTACT,26,526664
araCp,1.875,21,7,GTCCCCAGTATCACAATCAT,14,527166
araCp,2.0,22,7,GTCAGAGCGTTTGTGGATCT,15,570677
araCp,1.125,15,7,GTATTAGCATTTAATCGTTC,8,577275
araCp,1.875,21,7,GTAACGGGCTTGCCTTTCAC,14,598933
araCp,3.75,36,7,GGTTGTGCTTAGATCTCCCC,29,560404
araCp,0.5,10,7,GGTTATCACTACCCGGCTTC,3,544408
araCp,1.75,20,7,GGTGCCCTCGTGGAATCCCG,13,602857
araCp,4.375,41,7,GGTGATCGACAATTTGCTCA,34,558852
araCp,2.75,28,7,GGTCACGCTGGAACTTAGCC,21,585875
araCp,1.0,14,7,GGTACGGCCGTCTTAACCCA,7,536103
araCp,2.125,23,7,GGGTTTTGCGCACAATCAAG,16,550673
araCp,0.25,8,7,GGGTGGCATAGGTCCTGAAC,1,572969
araCp,5.25,48,7,GGGTGGACTGTTCAGGTTCA,41,574234
araCp,1.25,16,7,GGGTGCCCTCGAAGTATGAA,9,581201
araCp,4.25,40,7,GGGTAGAATAAACAGTAGGA,33,569536
araCp,0.75,12,7,GGGTACCGTGAGTGCCACAT,5,536570
araCp,4.875,45,7,GGGGCTTGTTGTAGCAGTGT,38,570594
araCp,1.25,16,7,GGGCTAGTTAAAGTCCACGG,9,541877
araCp,1.625,19,7,GGGCGTAATCGCCGATTTGT,12,581051
araCp,2.375,25,7,GGGCGGAATTGGGTGGAAAT,18,566318
araCp,1.875,21,7,GGGAGTCACATCTTTAGCTT,14,550649
araCp,1.25,16,7,GGCTGTCGTGATTTCGGCCC,9,535007
araCp,2.25,24,7,GGCCTCTATCGCAGGAGGCA,17,587224
araCp,1.625,19,7,GGCCATGTTACGTCTGACGT,12,543964
araCp,6.5,58,7,GGAGTGGAGTTTTACGTAGT,51,558377
araCp,2.75,28,7,GGAGTCACCTCACCCACGGT,21,543491
araCp,2.25,24,7,GGAGGTGAATATTTAGACCG,17,530690
araCp,2.125,23,7,GGACTGGATCTCAGAGACAT,16,553501
araCp,2.5,26,7,GGACTCACCTACTAGCGGTT,19,557855
araCp,3.375,33,7,GGACATACCCGTCACTGCCC,26,541788
araCp,2.375,25,7,GGAATCTGTAGCCACACCGC,18,536673
araCp,4.375,41,7,GGAAGCTGTAGGAACCAGCC,34,542717
araCp,3.875,37,7,GCTTCTGGACAGGCTTCACT,30,541937
araCp,2.875,29,7,GCTGAGAAGCACTATCGAAT,22,591340
araCp,2.25,24,7,GCTCTCTAGGGCGAAAAGCG,17,597281
araCp,0.625,11,7,GCTCTATAGGGTAATTACTA,4,590297
araCp,1.625,19,7,GCTCGTCGAGGGAGACGCCC,12,602296
araCp,1.625,19,7,GCTCCAAAGAGTTCCTTGTG,12,555690
araCp,6.5,58,7,GCTATGCCTCTTGGTGTTTA,51,550009
araCp,1.0,14,7,GCGTTTTAGAGTAACTATTA,7,597243
araCp,1.375,17,7,GCGTGGTTAAGCGGACCGCA,10,535141
araCp,1.625,19,7,GCGTCATTGTTAGGGAAGCA,12,592222
araCp,1.125,15,7,GCGTACGGACCTTTAGACTT,8,559322
araCp,2.625,27,7,GCGGTGCTATTATCGACCTA,20,540815
araCp,2.875,29,7,GCGGTGCCAATGAGCCTAGG,22,598798
araCp,2.5,26,7,GCGGTAATTGCCACGCACCA,19,599087
araCp,1.375,17,7,GCGGGCGCCCCATGGCTGTT,10,534185
araCp,2.375,25,7,GCGGCTCCTGATGCCTAATG,18,540594
araCp,2.5,26,7,GCGGCATACCGAAAGGTCTT,19,563657
araCp,1.5,18,7,GCGCGTTAGACGCATACGCA,11,548955
araCp,2.75,28,7,GCGCGGTACCATTGGCCGAG,21,585941
araCp,1.5,18,7,GCGCCGCCGAACTTACGTAC,11,536967
araCp,1.75,20,7,GCGCATCACGGTTTTTTACC,13,594380
araCp,2.375,25,7,GCGCAGCCGTAACAAATCTA,18,573029
araCp,1.75,20,7,GCGAGGCCAGCTCGAGAAGA,13,532560
araCp,2.125,23,7,GCGACTGGTAGACGTCGTGT,16,573427
araCp,0.25,8,7,GCGAAGGTAGCTTTCAAGTG,1,550123
araCp,2.0,22,7,GCCTTTTTATGTTCCAGGAT,15,573383
araCp,0.5,10,7,GCCTAATGCCTTCAGAGCTT,3,550753
araCp,1.5,18,7,GCCGACAGCGGTTGGCGTCT,11,584994
araCp,1.875,21,7,GCCCTATAATAGAGTGGTCG,14,578532
araCp,0.5,10,7,GCCCCATTAATGCGCAAGCC,3,529421
araCp,0.875,13,7,GCCCATCAATGGTCCTCCAT,6,598569
araCp,3.0,30,7,GCCAGTAGGCGGAGGTGCGG,23,586088
araCp,1.375,17,7,GCCAGAGCTCGAAATGAGGT,10,537881
araCp,3.625,35,7,GCCAAGCAATAGAATTCCCA,28,530502
araCp,0.875,13,7,GCATGAATTAGCCGCTTCGT,6,539746
araCp,2.75,28,7,GCATCCCATGTGACGAGATA,21,555433
araCp,2.25,24,7,GCAGGAAGAAAATAAATTTT,17,535700
araCp,6.25,56,7,GCACCGGAGGATGGCCCGTC,49,551727
araCp,0.375,9,7,GCAACTCGGAACACACGAAC,2,558356
araCp,2.125,23,7,GATTTTGGTATTCTGCGTTG,16,555146
araCp,1.625,19,7,GATTCTCACATCCTAAAAGC,12,560735
araCp,12.5,106,7,GATTAATGCCGACCCCGTAA,99,571620
araCp,4.0,38,7,GATGTACGTCACGTTCGGTA,31,544794
araCp,1.375,17,7,GATGGACCAAGCGGTACTAT,10,603151
araCp,4.875,45,7,GATGCACCAATGGTTTCGGG,38,586695
araCp,0.875,13,7,GATACGCCGGGATTCACCTT,6,542711
araCp,7.0,62,7,GATAATGATTTTCGACTAAT,55,595447
araCp,0.25,8,7,GAGTTTGTCACATTGATAGG,1,563483
araCp,0.25,8,7,GAGTCGATGAATTATACCTC,1,549874
araCp,1.25,16,7,GAGTAGTTGGACCATTTTAC,9,582879
araCp,3.375,33,7,GAGGGAATACGGAACACCAT,26,528395
araCp,1.375,17,7,GAGGCTACCCCAGTTTCAAA,10,601978
araCp,1.25,16,7,GAGCTCGCGACGGCTACGCA,9,599756
araCp,1.75,20,7,GAGCCGTACTAACTGTGGAT,13,532824
araCp,1.125,15,7,GAGCATCGAGCTGGTCCTTT,8,545785
araCp,3.625,35,7,GACTTGCTGAGGCAGCTGCT,28,598016
araCp,4.875,45,7,GACTCTACAGACGACGTCAA,38,527609
araCp,1.5,18,7,GACGGTGCTGCGCCGGATGA,11,587285
araCp,1.375,17,7,GACCTTTCGACGAACGGATG,10,571012
araCp,2.625,27,7,GACCTTCACAATCCGCGCAT,20,570508
araCp,5.375,49,7,GACCCGATGAGTTTGTACGT,42,539885
araCp,5.75,52,7,GAATATTCAACACACTCCTT,45,574631
araCp,1.5,18,7,GAAGGTATTTTTCGGCAGAT,11,581479
araCp,2.25,24,7,GAAGGATTCAAGGTCTGAGA,17,584443
araCp,14.875,125,7,GAAGATGGCGCGCCCTTTAT,118,571650
araCp,4.375,41,7,GAAGATAAGTGTCTAAAACT,34,533930
araCp,2.875,29,7,GAAATCAAAGGTAGACAGAG,22,580857
araCp,0.25,8,7,GAAAGGGCCTCTGACTACGT,1,567351
araCp,1.5,18,7,GAAAACAGAACTTGTCTTTT,11,589155
araCp,0.375,9,7,CTTTATCAAGGACGTCCTTA,2,539879
araCp,1.375,17,7,CTTTAGAAGGATATTATGTT,10,602295
araCp,2.125,23,7,CTTCGTTCTGAGGGCAGCCT,16,596408
araCp,0.25,8,7,CTTCATTGAACGTTAGCCGC,1,543366
araCp,2.125,23,7,CTTATGGGCGTTCTGCTGTA,16,597301
araCp,7.125,63,7,CTGTTTAAACGGCGGTCTTA,56,591769
araCp,2.0,22,7,CTGTCCATGGGTATCGGAAA,15,528794
araCp,3.25,32,7,CTGTATAAGCTTGGGCCCGT,25,579165
araCp,0.75,12,7,CTGTAGGGCAAATACCGAAT,5,594840
araCp,5.75,52,7,CTGTACTGTGCTGTATCCAC,45,598086
araCp,13.0,110,7,CTGGGATACGTTTCCTGCAA,103,587247
araCp,1.75,20,7,CTGGCGTCAGGTTAGAGCTG,13,542953
araCp,1.875,21,7,CTGGCCCGCTACCGGACGCG,14,536328
araCp,1.125,15,7,CTGCCTGGCCCTACCTCTTC,8,555802
araCp,1.5,18,7,CTGCCTCAACAAGGCTATCA,11,596502
araCp,3.25,32,7,CTGCCGATTCATACCTTAGC,25,562610
araCp,6.0,54,7,CTGAGAGTCCAATAGGAGCT,47,559454
araCp,1.875,21,7,CTGAATCAGAAGTAGATTCC,14,589349
araCp,3.125,31,7,CTGAAGAGACTGACGTCCAC,24,582222
araCp,0.375,9,7,CTCTGGACCCGAGCCGTCCA,2,589351
araCp,4.625,43,7,CTCTCCTCTTCCAGTCATTA,36,543061
araCp,4.25,40,7,CTCGGCTCGTTCATGGCTAT,33,528954
araCp,1.625,19,7,CTCGGAGAGCTAATAACGAG,12,598693
araCp,1.625,19,7,CTCCTACTGGCGAACGGTGC,12,545457
araCp,1.5,18,7,CTCCGCGGGTGTTTATATAT,11,551130
araCp,0.875,13,7,CTCCGACGACTCTGTTCGGG,6,564553
araCp,0.25,8,7,CTCCAGGTGAAGCGGAAACT,1,602894
araCp,1.75,20,7,CTCCAGACCTATCTCCCCGG,13,536377
araCp,1.125,15,7,CTATGCCCGGTGACAGATAG,8,596877
araCp,0.625,11,7,CTATGAGCAGATCCGTAGAG,4,539464
araCp,3.125,31,7,CTACATGATCTACTGTGTAT,24,566501
araCp,3.125,31,7,CTACATCGCCCATGGGTTCG,24,591304
araCp,4.0,38,7,CTAACCATGGGAGTGCAGTA,31,593077
araCp,3.5,34,7,CTAAATGCATGGCGTCTGAG,27,556262
araCp,2.625,27,7,CGTTGCCAGCCAACGGTTAT,20,575466
araCp,1.5,18,7,CGTTAGGCCAACGGGACTGG,11,596267
araCp,1.375,17,7,CGTTACCGACCCAATTAGGA,10,554371
araCp,1.625,19,7,CGTGGCTGCATGTACTCACT,12,588588
araCp,0.25,8,7,CGTCCCTTCCCGGCGTTGCT,1,531248
araCp,2.625,27,7,CGTATAGCCATTCGACGAGT,20,574082
araCp,3.0,30,7,CGTACCCAGTGTTGCTACGA,23,570330
araCp,1.125,15,7,CGGTTCCGGCACCAGGAACA,8,565612
araCp,1.0,14,7,CGGTGAACGTCCGTGTGAAG,7,590881
araCp,2.0,22,7,CGGTCATAAACGAGGGGCCA,15,578939
araCp,3.0,30,7,CGGGGCAGTTACCTCGGTCA,23,540922
araCp,8.875,77,7,CGGGCTCTGAAAACAGCTCG,70,603025
araCp,1.25,16,7,CGGGCTAGGCCCATCGTTGT,9,527222
araCp,0.625,11,7,CGGGCTACCCCGATTCAAAT,4,586633
araCp,0.25,8,7,CGGAGGCCGCATAGCGCGAT,1,599212
araCp,1.375,17,7,CGGACCTGTTAGACCTTATT,10,568020
araCp,1.5,18,7,CGCTTTCTCGGATTCCTTTA,11,557480
araCp,2.625,27,7,CGCTGGGCGGCGTGTACCTT,20,530469
araCp,3.875,37,7,CGCTCGCCATCCTTTCGCGG,30,593232
araCp,5.5,50,7,CGCCGGAATCTACAGTTGCA,43,548919
araCp,1.375,17,7,CGCCAGAATCCTACGAGTTT,10,594279
araCp,1.5,18,7,CGCATTTGTCTCGCCTACCA,11,595697
araCp,3.0,30,7,CGATTGCTGGTCGGGCAGAT,23,544176
araCp,0.25,8,7,CGATCCTTTGCGTCACTCGG,1,586038
araCp,2.75,28,7,CGATACGCACGATATGGGAT,21,531075
araCp,3.125,31,7,CGAGCTCTGAGTTGCCCAAG,24,570451
araCp,1.875,21,7,CGAGCACTTATTTTAAACCG,14,536542
araCp,2.125,23,7,CGAACCCCGATCTTCGCGTG,16,573995
araCp,0.25,8,7,CGAAAGGATAGGCTGGAAAG,1,559571
araCp,2.0,22,7,CCTTGTCGTTCTTCGTTAAT,15,559582
araCp,1.0,14,7,CCTTGACTATCAAGGCTTCA,7,553436
araCp,0.5,10,7,CCTTCAAGTAGCTATCCATT,3,543963
araCp,2.125,23,7,CCTTAGGAACATGTTCTCGT,16,577713
araCp,1.75,20,7,CCTTACATAATTACTGCAGT,13,529921
araCp,2.125,23,7,CCTGTAACTCACCCAGGGCT,16,558806
araCp,9.5,82,7,CCTGGGGCCACAGCAGGCCA,75,595314
araCp,6.125,55,7,CCTGGGGACCGGCGGGGACA,48,586503
araCp,1.5,18,7,CCTGGCAAGGAGCTTGAGCC,11,569498
araCp,1.625,19,7,CCTGGAAAGGCACTCCCACC,12,578265
araCp,1.625,19,7,CCTGCCTCGCACGGCTGAAC,12,548725
araCp,0.625,11,7,CCTCTGGCACGCACTATGAA,4,531755
araCp,12.75,108,7,CCTCGTTTAGTAATTTCACG,101,529716
araCp,1.5,18,7,CCTATTTGGAATCCGTTAGC,11,580164
araCp,14.375,121,7,CCGTTGGCGTTGCGGTGAAT,114,592859
araCp,0.5,10,7,CCGTGTGCCGAGATTTGTGC,3,579474
araCp,0.5,10,7,CCGTATGTATCGATGCTGAT,3,589276
araCp,1.375,17,7,CCGTAGCAGCGGGACATAAG,10,533554
araCp,1.875,21,7,CCGGTCCCTGAAAATGATGG,14,531531
araCp,1.875,21,7,CCGGCTAGTCGAGCGACTGA,14,535198
araCp,1.625,19,7,CCGAGTTATAGGCGGGAACG,12,591668
araCp,0.25,8,7,CCGAGGACAGATGAATGGCA,1,571424
araCp,1.25,16,7,CCCTTTTTAACTTATTTACT,9,532236
araCp,3.75,36,7,CCCTTAGGTAGGGGGTATTG,29,565062
araCp,1.25,16,7,CCCTATGGGTTGATGGAATT,9,578511
araCp,7.25,64,7,CCCCCGGATCCCGGATTCTG,57,529335
araCp,5.875,53,7,CCCAGAAAACGCGTTTGAAT,46,545136
araCp,2.0,22,7,CCATCACCCAGATGCAACCC,15,567791
araCp,2.625,27,7,CCATAGAGGACGGTACGAAC,20,557711
araCp,1.75,20,7,CCATACTTAAGTTTTTCTCA,13,581800
araCp,2.25,24,7,CCAGTTATTTCTTGTGAAAC,17,539113
araCp,0.5,10,7,CCAGGGCGGTCCTGGGCGGA,3,580927
araCp,3.375,33,7,CCACTTGATGTCGCGCTTAG,26,573381
araCp,2.375,25,7,CCACGCTGTTAGTGGGTCCA,18,541948
araCp,2.125,23,7,CCAATGGTTAAACATTCTAG,16,546121
araCp,1.625,19,7,CCAAAGATCTTAGAGGGAAT,12,532163
araCp,1.125,15,7,CATTTTCGGGTCGTGAACTT,8,602125
araCp,0.875,13,7,CATTTTAGCTAGGCAAGGCG,6,542637
araCp,2.875,29,7,CATTCATTAACAGTTAACGT,22,603397
araCp,1.125,15,7,CATGCTTAGTGCCTCGTGGA,8,548590
araCp,1.375,17,7,CATCCCACCGAGTAGTCAGA,10,553438
araCp,0.875,13,7,CATATGCGGAATTGCCTGTA,6,590733
araCp,0.375,9,7,CATACTGCGCATAGACGTGT,2,540231
araCp,4.625,43,7,CAGTTTTCACTCCACAGGGG,36,596712
araCp,2.25,24,7,CAGTTCACCCTTCCCCGCTC,17,595151
araCp,1.125,15,7,CAGTAATGAATCGCCCCCCA,8,598459
araCp,3.125,31,7,CAGTAACCTTGCACTGTGTA,24,569156
araCp,1.125,15,7,CAGTAAAGGTCCTGAATATG,8,538428
araCp,1.25,16,7,CAGGGGTCATTCTTTTGTCC,9,598531
araCp,1.375,17,7,CAGGAGGGGGTACTGCGTCG,10,534182
araCp,1.0,14,7,CAGCTGCGCTCCCCTTTAGT,7,594243
araCp,2.125,23,7,CAGCGTCTCACAATGTCGGC,16,558614
araCp,3.125,31,7,CAGCAAGTAAAGGACCGTGT,24,591105
araCp,1.5,18,7,CAGATGACTTTATCGCAAGA,11,581986
araCp,3.25,32,7,CAGAAAGGAGCTTTGGCATC,25,534290
araCp,0.375,9,7,CACTCTCTTACGGTCGTGAG,2,574372
araCp,4.75,44,7,CACTATGGCTATTTTTCCAT,37,530119
araCp,1.25,16,7,CACGGAGCATCTGTGAAGGC,9,548129
araCp,3.125,31,7,CACGAATGTCAGCGTAGAGT,24,528788
araCp,0.875,13,7,CACCGGTGATTCCATCAGTT,6,597721
araCp,2.5,26,7,CACCGCCTTTGTCAGCGCGG,19,592729
araCp,1.25,16,7,CACAGCGCGTATTGCTCAGG,9,541849
araCp,1.75,20,7,CACACTTGTGATATGGAAAG,13,557873
araCp,3.0,30,7,CACACCACTGCGATTTGAGG,23,555345
araCp,1.875,21,7,CAATGGGCCGAACTTGGGAT,14,580966
araCp,2.0,22,7,CAAGGGGATGAAAATTTGTT,15,593082
araCp,2.75,28,7,CAAGCGTACGAGTCATCAGA,21,597776
araCp,0.25,8,7,CAACAGTCCAATCTAAAGGA,1,551141
araCp,1.125,15,7,CAAATCCAGCTCACTCTCGT,8,549796
araCp,0.875,13,7,CAAAGGCTGTCCGAGTATTA,6,577157
araCp,1.875,21,7,ATTTTCTGGTGGAGTTTAGG,14,585155
araCp,1.75,20,7,ATTTGCACGAGGGCCACACT,13,572508
araCp,0.375,9,7,ATTTCATAGTCGGTTGAGTG,2,588129
araCp,4.375,41,7,ATTGCAAGAGGATACGAAAC,34,594706
araCp,0.25,8,7,ATTCTAATTTGACGGCACCT,1,591440
araCp,0.875,13,7,ATTCCGCCTCCTTCACTTTA,6,586272
araCp,2.625,27,7,ATTAGTGGGCCATACCAGTA,20,551605
araCp,0.25,8,7,ATGTGGCAATGTGCATAGTG,1,602011
araCp,4.125,39,7,ATGTGCAGATCAGGCGATAT,32,553234
araCp,1.125,15,7,ATGTGATCGCATCAGCCACT,8,595727
araCp,1.5,18,7,ATGTCGTCATTGGTAGGGGA,11,597250
araCp,1.125,15,7,ATGGTGATGGATTTGCTGAT,8,596823
araCp,2.0,22,7,ATGGGCTAAGGGGGTAATTG,15,553990
araCp,2.375,25,7,ATGCGTCGCGCCATGGTATG,18,548100
araCp,0.25,8,7,ATGCGTCGAGGAATGACCGA,1,569963
araCp,1.625,19,7,ATGCCTAAACAGACTCCGTC,12,534460
araCp,0.625,11,7,ATGCCACGGCTTAAGAAAAT,4,538549
araCp,0.625,11,7,ATCTTTCTATACGAATCTTA,4,569342
araCp,64.375,521,7,ATCTAATTAACTAACGTCCC,514,551750
araCp,1.875,21,7,ATCGTTTCGTTTCTGTAACG,14,549860
araCp,2.875,29,7,ATCGTTTCAGTGCAAAACCT,22,598815
araCp,2.875,29,7,ATCGTAGTATGTCTAAGGCT,22,544998
araCp,3.0,30,7,ATCGGTCGGCATGGCTTCAT,23,539742
araCp,1.25,16,7,ATCGGCAAGGACTTACCTAA,9,593916
araCp,2.5,26,7,ATCCGACAACGGCTCTTAGA,19,566801
araCp,0.875,13,7,ATCCCGGATAAGACAATCAT,6,533271
araCp,2.25,24,7,ATCACTCGAATAGGCAGACC,17,569943
araCp,4.25,40,7,ATATCTGTTCGGGTAGCGAC,33,559805
araCp,2.875,29,7,ATAGTGGACCAGGAAGGGAC,22,600674
araCp,23.5,194,7,ATAGCGGCGGTACTCAGCGT,187,588441
araCp,1.0,14,7,ATAGAGACCGTTGACCGCTA,7,564504
araCp,2.25,24,7,ATACTACTTTCTAGTTGCCC,17,583404
araCp,0.625,11,7,ATACCAATCCGATCACGAGC,4,593832
araCp,0.75,12,7,ATAAGTATCACGGAATTGTA,5,581261
araCp,1.75,20,7,AGTGTACACGTCCACGATTC,13,526980
araCp,1.5,18,7,AGTGATTCAAGGGCAATACA,11,573955
araCp,2.125,23,7,AGTCATACGCCCATCTTCAG,16,601098
araCp,1.0,14,7,AGTCAGCGCAGTCTACGTAA,7,557421
araCp,2.625,27,7,AGGTTGCTTCCCTTAATTCA,20,542903
araCp,1.0,14,7,AGGTTCCGGATCCGACTCGT,7,551521
araCp,0.25,8,7,AGGTTATCGTAAACAACCAA,1,598487
araCp,1.125,15,7,AGGTAACAGCATCACACCCT,8,601121
araCp,2.0,22,7,AGGGTGGCATCAAGTGCACT,15,581260
araCp,1.875,21,7,AGGGTAGACGGTGAAATCAC,14,601722
araCp,10.0,86,7,AGGGTAAGCTTGCCTATCGT,79,558242
araCp,2.0,22,7,AGGGGCACCCTGAAACGTAT,15,575628
araCp,2.25,24,7,AGGGCCACTTCTATGTATCT,17,578300
araCp,0.25,8,7,AGGCGAGTCAAGTCAGTCGT,1,533447
araCp,0.25,8,7,AGGCATAATTACAGTCTAAG,1,565325
araCp,3.25,32,7,AGGATGGGATGTGTTCATAT,25,595843
araCp,0.75,12,7,AGGAGGGATCCTTTAGGATT,5,533640
araCp,2.75,28,7,AGGAGCTAACATAATATACA,21,537777
araCp,1.5,18,7,AGGAGATGGTCGTCGCAGCT,11,575300
araCp,3.375,33,7,AGGAGAGTGCGGGCTTGGGC,26,579880
araCp,1.5,18,7,AGCTTGCGAGGAATATCGAG,11,570820
araCp,0.5,10,7,AGCTAGGCAGCAAGTCCTCT,3,599662
araCp,1.875,21,7,AGCGCGAGCATCTGGCCAGA,14,530730
araCp,4.75,44,7,AGCGCAGATCGCTACCAATA,37,549157
araCp,2.5,26,7,AGCGAGGAGTCACTCACGGT,19,545944
araCp,0.625,11,7,AGCCTGGGTTATCCCCTTTG,4,570878
araCp,0.25,8,7,AGCCGACGCGAGAGTGCTTT,1,544639
araCp,24.625,203,7,AGCATCACAAACACGTTAGG,196,555378
araCp,1.625,19,7,AGCACGAAAGCCGGCTGGTC,12,535234
araCp,2.375,25,7,AGATTTTACGTTAGGAAAAA,18,580229
araCp,1.125,15,7,AGATTGCAACCCCCGTGCAA,8,543709
araCp,2.625,27,7,AGATGTGCGTGAAGGTCCCT,20,540118
araCp,2.625,27,7,AGATCGACGGGTACTTCCAG,20,527869
araCp,1.75,20,7,AGAGCGGGTTGGCCGTAGAA,13,579712
araCp,0.5,10,7,AGACTAAGCGAGATGAATTA,3,558755
araCp,3.0,30,7,AGACGTGGGTTGATTAATTA,23,548772
araCp,1.875,21,7,AGACAGGGAAGGGCACCAGT,14,598281
araCp,3.875,37,7,AGACAATGGAGCAGATTTGA,30,584965
araCp,2.0,22,7,ACTTGTTCACACCGCGATTG,15,554184
araCp,1.25,16,7,ACTTGTCATAAGGAATGACC,9,563612
araCp,2.25,24,7,ACTTGGGCCATCGCCCACAC,17,579679
araCp,1.875,21,7,ACTCTCCGTTCCTCGTGAGA,14,576723
araCp,1.375,17,7,ACTCGCATACTCGCCGATTC,10,539808
araCp,1.0,14,7,ACTACCGTCCATCAAATAGT,7,562219
araCp,3.875,37,7,ACTAACCCCTTGGAGTGACT,30,598866
araCp,0.5,10,7,ACGTTATTAGCAAGCGCTGT,3,529252
araCp,1.875,21,7,ACGTATTTTGGGTCAAGTCA,14,548408
araCp,3.5,34,7,ACGTATGGGCATTTCCGATA,27,566378
araCp,3.0,30,7,ACGTAGATTGTGGGACGACC,23,543606
araCp,1.25,16,7,ACGTACAGTTCAAAAGTGAC,9,597861
araCp,0.625,11,7,ACGGTAAGTGATAATCTCTA,4,547225
araCp,3.625,35,7,ACGGGTTTGGACGGGAGTAG,28,552629
araCp,1.75,20,7,ACGGGTAAATTAGAGGCGAC,13,552584
araCp,0.375,9,7,ACGGAGACACAAACCCGGAG,2,588231
araCp,1.625,19,7,ACGCTCCACTGGTTTCGTGC,12,543224
araCp,0.75,12,7,ACGCTAGTGTAATGAACCCT,5,594715
araCp,3.625,35,7,ACGCATTAGTGCACAAGCAT,28,587298
araCp,1.0,14,7,ACGCAGGCAAGTGCTGCGTT,7,594624
araCp,0.25,8,7,ACGATTTGAAGAGTTGTTGT,1,573613
araCp,1.0,14,7,ACGATGCCGCGGTCTCCTGC,7,554523
araCp,3.375,33,7,ACCGTCCTTGAACTTTGCAA,26,564012
araCp,7.0,62,7,ACCCGTCGAATAGGACGTTT,55,589706
araCp,2.875,29,7,ACCCGGCCCTACGTGATACT,22,536125
araCp,1.0,14,7,ACCCAATGAATGGACCGGTC,7,570171
araCp,4.625,43,7,ACATTAGAGATAACTCCGTC,36,559226
araCp,1.25,16,7,ACATGCCAGCGTTGTGGAAA,9,562404
araCp,0.25,8,7,ACATCGTGCCATCCGGGGGC,1,571019
araCp,4.625,43,7,ACATATGCAGCTGAGCAAGG,36,602699
araCp,1.5,18,7,ACATAGGCCTGTGCGTTAGG,11,564644
araCp,3.5,34,7,ACAGTGATCAAAGGCTCTAC,27,563947
araCp,3.0,30,7,ACAGATCAAGTTATGAACTT,23,531295
araCp,0.25,8,7,ACAGAATACCCGCTCAGTGT,1,597523
araCp,2.625,27,7,ACACTGCGCGATTTCCTAGG,20,590834
araCp,1.75,20,7,ACACGTCTAAGTAGTCGATA,13,538164
araCp,1.25,16,7,ACACCGTATTTCTTCCTCAC,9,565754
araCp,35.375,289,7,ACACCCATGATCTACCTAAT,282,596153
araCp,1.625,19,7,ACACATTTAAACGGCAAACC,12,585929
araCp,1.875,21,7,ACAATTGGAATCAGCGAGCC,14,545021
araCp,4.0,38,7,ACAACACAAATCGCATGTAT,31,538248
araCp,0.25,8,7,AATTTAAGGATTGCCTACTT,1,557443
araCp,4.5,42,7,AATGTCTTAGGAAGATAGTT,35,579570
araCp,1.5,18,7,AATGGCGGCAAAGCTTATTA,11,544185
araCp,2.5,26,7,AATGGACCATCCTCTGACCA,19,569394
araCp,0.25,8,7,AATGCCATGGGAGCTCCACG,1,541910
araCp,2.75,28,7,AATAGGATTTAACTCCGCGT,21,578882
araCp,1.0,14,7,AATAAGGTATGCTCTAACGC,7,591715
araCp,8.125,71,7,AAGGGAAAATCCTCGTTTAC,64,558379
araCp,0.875,13,7,AAGGCTTTCACTGGACTTTC,6,597613
araCp,2.25,24,7,AAGGAGATATGTCTAGCCGG,17,545242
araCp,2.625,27,7,AAGCGCAGGAAAGGATCCAA,20,585353
araCp,1.5,18,7,AAGAGGGGCTAACTTCTGCC,11,563959
araCp,0.625,11,7,AAGAGGCTGATTACGAGATA,4,586786
araCp,2.375,25,7,AAGAAGTCTTTTGAAAATTG,18,581997
araCp,0.25,8,7,AAGAACTCAATGTTACGGCG,1,594086
araCp,9.5,82,7,AACTCCGGATTGGACCGTCA,75,586939
araCp,8.75,76,7,AACGTGCCAGGCGGTTCATG,69,558730
araCp,0.75,12,7,AACGAGAGAATACCTGGGGT,5,589427
araCp,2.75,28,7,AACAGTCTGGGGAATATGAT,21,540173
araCp,1.0,14,7,AACAGGTCGGTATCCACATC,7,601994
araCp,1.125,15,7,AACAAAAAAGCGGGGACTTC,8,538741
araCp,2.125,23,7,AAATTTTCTGCGCCAAAAAT,16,537702
araCp,1.0,14,7,AAATAAGAGTGCCCCTGTAC,7,544206
araCp,1.0,14,7,AAAGCGCCTGGAAACACTTT,7,537065
araCp,1.75,20,7,AAACTCCAACACGTCCGGTT,13,601579
araCp,0.875,13,7,AAACTAAGAATTTAATGATA,6,564875
araCp,0.25,8,7,AAAATCCCACGCGAGCCAAC,1,585763
araCp,0.5714285714285714,9,6,TTTTTTTCTTCGAGGACCGC,3,573650
araCp,2.2857142857142856,21,6,TTTTATGGCAGGAAGGTCAA,15,537269
araCp,1.2857142857142858,14,6,TTTGTGCCGAGTCCTGCCTA,8,581143
araCp,1.5714285714285714,16,6,TTTGCGTAAGCAGGGCATTT,10,541431
araCp,2.857142857142857,25,6,TTTGCGACTCAGAGTCCGAA,19,546057
araCp,2.142857142857143,20,6,TTTGACAATTAAGCTATTGG,14,545078
araCp,1.1428571428571428,13,6,TTTCTAAGCGCTGGCTAGGT,7,598131
araCp,0.2857142857142857,7,6,TTGTTTCGAGGAAATCAGTC,1,559386
araCp,0.2857142857142857,7,6,TTGTTTCCGGCCGTCTCGCG,1,528896
araCp,1.8571428571428572,18,6,TTGTTGGTGGAAGCAGTGCA,12,535186
araCp,1.8571428571428572,18,6,TTGTTCGTGGCAGGCGCATT,12,590243
araCp,11.428571428571429,85,6,TTGTGCCTGGCTATTTATCA,79,584147
araCp,2.142857142857143,20,6,TTGTCGATACAACGTCTGCC,14,543056
araCp,1.8571428571428572,18,6,TTGTACACGAATCAGGGGAA,12,544098
araCp,3.0,26,6,TTGTAAACCAGGGAGATAAG,20,582337
araCp,1.8571428571428572,18,6,TTGGGTCTGGCACTACATGA,12,553521
araCp,3.2857142857142856,28,6,TTGGGTCGCCTTAGGGGGCG,22,591947
araCp,1.7142857142857142,17,6,TTGGGTAGCTCGTTCACGTG,11,550314
araCp,1.4285714285714286,15,6,TTGGGGTATGCACAAACGGT,9,600686
araCp,1.1428571428571428,13,6,TTGGGGGAAAACATCTAACG,7,602158
araCp,0.5714285714285714,9,6,TTGGGCACAAACGGAAGTTG,3,580472
araCp,0.2857142857142857,7,6,TTGGCAGACCGCCTCGCTGG,1,531018
araCp,0.42857142857142855,8,6,TTGCTGTAACCCGCTGGAAC,2,584132
araCp,1.0,12,6,TTGCGAGCCAAACTCGGTCG,6,532691
araCp,0.7142857142857143,10,6,TTGCAACTTACTCCCCTGCA,4,585897
araCp,1.5714285714285714,16,6,TTGACTTTATTGGTCTGTCT,10,541617
araCp,7.428571428571429,57,6,TTGACGGACAAGCCTAAATT,51,598901
araCp,0.2857142857142857,7,6,TTCTTTATGAAGCAAATACC,1,539305
araCp,3.2857142857142856,28,6,TTCTTGATCGCTGTTGCTCG,22,541574
araCp,2.0,19,6,TTCCGTGCGCCCTAGGGATG,13,545721
araCp,1.4285714285714286,15,6,TTCCGGGAAAGTGCATTCCT,9,572551
araCp,8.142857142857142,62,6,TTCCCAGGAAATGTAACCGG,56,589681
araCp,1.2857142857142858,14,6,TTCATTTGCAGTTCTCCTCA,8,569678
araCp,1.8571428571428572,18,6,TTATTAATGTGAACACCACA,12,540276
araCp,1.4285714285714286,15,6,TTATCGCCTTACGGATTCGC,9,552041
araCp,0.42857142857142855,8,6,TTAGGAACCAGAATCGTCAT,2,544836
araCp,0.2857142857142857,7,6,TTAGCTGTGATATATTTCTG,1,532230
araCp,2.7142857142857144,24,6,TGTTTTGGGGCTAAGAGGCC,18,532844
araCp,0.8571428571428571,11,6,TGTTGTTAATCCTCAACCAT,5,556639
araCp,2.7142857142857144,24,6,TGTTGTACGGTCACCGCATG,18,532294
araCp,1.4285714285714286,15,6,TGTTCTGAGGAATGATCACT,9,578419
araCp,1.8571428571428572,18,6,TGTGTTTAATCGACAAAGTT,12,527063
araCp,1.0,12,6,TGTGGAGGATGCCAGTCAGT,6,599786
araCp,1.7142857142857142,17,6,TGTCGTTGTGTAGCAAACAG,11,600309
araCp,1.7142857142857142,17,6,TGTCGCATTTCTAAGCGTTC,11,526027
araCp,1.0,12,6,TGTCCGACTCACGCGCATAC,6,559370
araCp,2.0,19,6,TGTCATTGCCCATCACGCTA,13,539546
araCp,1.5714285714285714,16,6,TGGTCTTTTATGCAATTTTC,10,551746
araCp,3.5714285714285716,30,6,TGGTCTCTCGATCTGGATTA,24,553769
araCp,3.7142857142857144,31,6,TGGGTAAGTCTAGGGCAGCA,25,573645
araCp,1.8571428571428572,18,6,TGGGGTCACCAGGGCGTTTA,12,567822
araCp,1.7142857142857142,17,6,TGGGCGTGCGGTGTGTACGT,11,601366
araCp,0.2857142857142857,7,6,TGGGATTACCTACTGAACTA,1,562943
araCp,3.7142857142857144,31,6,TGGGAACGGACATTTCGGAC,25,526459
araCp,0.8571428571428571,11,6,TGGCTTTAGATAGTTAAATG,5,532471
araCp,1.5714285714285714,16,6,TGGCCAGCGCCCCGCGGCAA,10,574748
araCp,3.857142857142857,32,6,TGGACTATGGTTGTAAATAA,26,558382
araCp,0.42857142857142855,8,6,TGGAATATCTTTGCTTGCCA,2,584502
araCp,0.8571428571428571,11,6,TGCGTCGTCATCTCTGGATT,5,599017
araCp,1.5714285714285714,16,6,TGCGGACCCCAATGAGGCTT,10,600711
araCp,1.7142857142857142,17,6,TGCGCAAGACCAACGCGCGA,11,537207
araCp,1.2857142857142858,14,6,TGCCGTAACAGGCAACAGAC,8,534197
araCp,2.142857142857143,20,6,TGCCGACATCTGGCACTAAC,14,573713
araCp,1.8571428571428572,18,6,TGCATTCTTTGCCGAAGCCA,12,577278
araCp,3.2857142857142856,28,6,TGCACTTCAGGTCACAGGGA,22,601320
araCp,2.2857142857142856,21,6,TGCACCACATAAAATGTCTA,15,550389
araCp,0.5714285714285714,9,6,TGATGCGGCAGGAGCAGGGT,3,601904
araCp,3.142857142857143,27,6,TGAGTTTGGGCCGAGGTGCT,21,555310
araCp,1.5714285714285714,16,6,TGAGTGTCTGGCCCTGCACC,10,582506
araCp,1.8571428571428572,18,6,TGAGTGCACCGGGAGCCCGT,12,566714
araCp,0.42857142857142855,8,6,TGAGGGGTAGTCACCGGTGG,2,527141
araCp,1.0,12,6,TGAGGCTGCGCTTTCAACCA,6,542512
araCp,2.142857142857143,20,6,TGAGCATTGACACTAAGACA,14,556470
araCp,5.285714285714286,42,6,TGACTCTACGGCGCATAACA,36,544757
araCp,1.2857142857142858,14,6,TGACGAATTAATAACAATAA,8,578705
araCp,1.0,12,6,TGACCGCTTTGGCACCCTAT,6,566661
araCp,6.0,47,6,TGACCCTGCGTCGAAGCAGT,41,573529
araCp,18.857142857142858,137,6,TCTTGGTAGGATGATGCCGA,131,596187
araCp,2.4285714285714284,22,6,TCTTAGCTCATTGTGTACAT,16,559072
araCp,2.0,19,6,TCTTAGAAAACCAAGCAGTT,13,555953
araCp,1.8571428571428572,18,6,TCTGCATAAACGGGTCGAGA,12,603125
araCp,1.0,12,6,TCTGAGAGTTTAGGCGGATC,6,592319
araCp,4.428571428571429,36,6,TCTCTTTACGGTGGGTCAGA,30,581854
araCp,1.7142857142857142,17,6,TCTCCAGTACCGCGTCACGG,11,559676
araCp,4.714285714285714,38,6,TCTCAGACTCGACTAACTAC,32,549428
araCp,2.2857142857142856,21,6,TCTATGTCGCGTGTGCCCGA,15,584847
araCp,2.4285714285714284,22,6,TCTATGTAGATATTGATTAT,16,560050
araCp,2.4285714285714284,22,6,TCTATAGCATGAGCTTTGTG,16,603355
araCp,3.2857142857142856,28,6,TCTAGGGAGCCAAATGTGTG,22,585077
araCp,3.0,26,6,TCTAGATATCCCTTATATGT,20,544482
araCp,1.2857142857142858,14,6,TCGTGGTCGATCGTATTGGG,8,563597
araCp,1.2857142857142858,14,6,TCGTGCATAGGGGAACTCGA,8,597741
araCp,2.2857142857142856,21,6,TCGTATACAGGTTCTCTAGC,15,587608
araCp,1.2857142857142858,14,6,TCGTAGTAAAACCTACCTAC,8,594855
araCp,2.7142857142857144,24,6,TCGGCAAGCATTATAAGACC,18,578755
araCp,5.714285714285714,45,6,TCGCTCACACGTCTTTCGGG,39,570641
araCp,2.142857142857143,20,6,TCGAGGCAGGCTTAGTCATA,14,578844
araCp,3.142857142857143,27,6,TCGACTATTCTGCGCAGATG,21,582111
araCp,5.857142857142857,46,6,TCCTTGGCAGTGGGGTAGGG,40,588827
araCp,7.857142857142857,60,6,TCCTGCTGGCGTACTATCAA,54,533022
araCp,5.571428571428571,44,6,TCCTACCTTTTTTTATGCAA,38,589939
araCp,12.142857142857142,90,6,TCCGTCTGACTATGGGCAAC,84,576811
araCp,0.7142857142857143,10,6,TCCGGTCGAGGAGTACCCTC,4,551196
araCp,2.4285714285714284,22,6,TCCCTGGCCGGCCATCTTTA,16,566336
araCp,1.0,12,6,TCCATTGGAACCACGCTGGA,6,527066
araCp,1.8571428571428572,18,6,TCCAAGGTGTCGCGTCGCGT,12,591072
araCp,2.4285714285714284,22,6,TCATGGTTCAGCGATTCTAG,16,546224
araCp,1.8571428571428572,18,6,TCATACCGAGAACTGGAAGA,12,535576
araCp,0.2857142857142857,7,6,TCAGCGACCAGTGGCGGTGA,1,566970
araCp,1.1428571428571428,13,6,TCAGCACGAAATGCAAGCCT,7,574416
araCp,0.42857142857142855,8,6,TCAGACCAATCTGAGAAGTG,2,574021
araCp,0.5714285714285714,9,6,TCACTCGGGGCTCTCAATAC,3,597699
araCp,2.0,19,6,TCACGACTCTTCGAGTATGT,13,582957
araCp,3.2857142857142856,28,6,TCACGACTCAACAGTCGGAT,22,561749
araCp,2.2857142857142856,21,6,TCAACGCCACTTAGGGTCGT,15,527162
araCp,2.7142857142857144,24,6,TCAAAGTGCGTGGTTCTACA,18,539191
araCp,0.5714285714285714,9,6,TCAAAGAAGTTGTAGTCTCC,3,545213
araCp,1.4285714285714286,15,6,TATTAAGGCCAAGACACCAA,9,560714
araCp,2.142857142857143,20,6,TATCGTGACGGAAATAACAG,14,587944
araCp,1.7142857142857142,17,6,TATCCGGTTTACAACCGTAT,11,589312
araCp,9.0,68,6,TATATCCTTCCGTAGTTTAT,62,548462
araCp,2.857142857142857,25,6,TATACATGGTCCAATAACTG,19,569174
araCp,2.7142857142857144,24,6,TAGGTGGGATGATAGACTTG,18,554229
araCp,1.7142857142857142,17,6,TAGCGGGTTAAGATGAGGCA,11,551370
araCp,2.5714285714285716,23,6,TAGACAGATGGGCGCCCGGG,17,567699
araCp,2.0,19,6,TACTCCGCATTTGGCTAAGT,13,584968
araCp,4.285714285714286,35,6,TACGAATGGTGGCTAGCTTG,29,537856
araCp,0.5714285714285714,9,6,TACGAAGCTGTTGGTCCTTT,3,530571
araCp,4.0,33,6,TACGAACGCCCCGATATAGG,27,536025
araCp,1.4285714285714286,15,6,TACATCATCCACGCCGTGCG,9,577028
araCp,2.2857142857142856,21,6,TACAGGTTCGGACCCTCGGG,15,563204
araCp,2.5714285714285716,23,6,TAATTCAAAGACCCCATCTT,17,572783
araCp,2.5714285714285716,23,6,TAATCACGGAAGGTGGATTA,17,528151
araCp,2.142857142857143,20,6,TAAGTGATGTGAGAGACTGG,14,580526
araCp,2.0,19,6,TAAGGATGCTCAGTTATGGT,13,555842
araCp,56.142857142857146,398,6,TAACCAACTCGGATGTCGAA,392,553235
araCp,0.2857142857142857,7,6,TAAATTCGCAGTTATTTTCA,1,566807
araCp,2.7142857142857144,24,6,TAAAACAGCAGATCGATAGA,18,584565
araCp,0.7142857142857143,10,6,GTTTTCGGGGCCACACCCCA,4,554948
araCp,1.1428571428571428,13,6,GTTTCCGGTCGCTATGGAAT,7,573568
araCp,1.5714285714285714,16,6,GTTGAGCGGTTGCACAGGAC,10,533125
araCp,0.7142857142857143,10,6,GTTGAGCGGCTCAAGTCAAT,4,536268
araCp,2.4285714285714284,22,6,GTTCGATCAGAATGTCACGA,16,585870
araCp,1.8571428571428572,18,6,GTTCGAATACAAGCAAGGTT,12,574590
araCp,3.4285714285714284,29,6,GTGTGATGGAGCGGATGTTT,23,578025
araCp,0.8571428571428571,11,6,GTGTGAGTTATACCGAAAGT,5,576525
araCp,3.0,26,6,GTGGATCAGCTCGCAAAGAC,20,535302
araCp,0.7142857142857143,10,6,GTGGAGGTAGTTTGCAAGCT,4,589277
araCp,4.0,33,6,GTGGACGGTCTACTGATCAG,27,526799
araCp,0.8571428571428571,11,6,GTGCACTTCTTTGGAACCTC,5,597036
araCp,1.8571428571428572,18,6,GTGAGCGGGCACACGGTTGC,12,555797
araCp,3.0,26,6,GTCTGGGTCGCGAGGTTTTT,20,603678
araCp,2.5714285714285716,23,6,GTCGTGTACCGAACTTAAGA,17,541941
araCp,0.7142857142857143,10,6,GTCGCACGCACTCGAACTAA,4,565872
araCp,1.4285714285714286,15,6,GTATTCGGTACAGAGAACTG,9,572777
araCp,1.2857142857142858,14,6,GTATGTCTGAAGTTATGAGT,8,595844
araCp,0.2857142857142857,7,6,GTATGAGTAGTGGCAAGACT,1,581157
araCp,2.142857142857143,20,6,GTATCCGGATTAGCACCGCG,14,601637
araCp,1.0,12,6,GTATACTCTGTACCCATGTC,6,568030
araCp,1.1428571428571428,13,6,GTACTTCCCAGATGACGGGA,7,555673
araCp,1.8571428571428572,18,6,GTACTAAGCGTTTAAGTGCC,12,555281
araCp,1.5714285714285714,16,6,GTACCCTCCAAAATCATCCA,10,546995
araCp,3.4285714285714284,29,6,GTAATGCGTGGCTACGCACT,23,556636
araCp,2.4285714285714284,22,6,GTAAGAGCACGGTAGATAGT,16,548653
araCp,3.142857142857143,27,6,GGTTTTTCGCGCGATGTAAA,21,587787
araCp,1.5714285714285714,16,6,GGTTTGGGGTAAATCGTAGC,10,565812
araCp,1.7142857142857142,17,6,GGTTCCGTCATATGCCGATC,11,596600
araCp,0.8571428571428571,11,6,GGTGGACTGATTACGCAACT,5,539243
araCp,0.8571428571428571,11,6,GGTCATAGCGGTTGCGATGA,5,578604
araCp,0.5714285714285714,9,6,GGTATGTATCATTGTAAGGA,3,598177
araCp,4.714285714285714,38,6,GGTATATTGGGGAGCAGAGA,32,560853
araCp,2.7142857142857144,24,6,GGTAGGAACCCGGATGGCCA,18,584419
araCp,2.4285714285714284,22,6,GGTAGCCAAAGGGCACGTTA,16,530168
araCp,1.5714285714285714,16,6,GGTACCCGGTGCATTGTGGA,10,557351
araCp,2.7142857142857144,24,6,GGGTGCCAACCTAGTGGACT,18,559599
araCp,2.5714285714285716,23,6,GGGTCTCCCAAGTGCGGCCT,17,592189
araCp,0.42857142857142855,8,6,GGGTCAGTCGGGCAGAGCCC,2,577427
araCp,0.7142857142857143,10,6,GGGTAGGTAAGTAGATTGTC,4,546662
araCp,1.2857142857142858,14,6,GGGGTGTTGTTACTGTTAAT,8,588159
araCp,2.4285714285714284,22,6,GGGCGGATCTTCCAGGAAGG,16,559267
araCp,2.2857142857142856,21,6,GGGCCGGTGAAGTTATAACG,15,570607
araCp,3.7142857142857144,31,6,GGGCATTCCAAGCTCGGCTG,25,573789
araCp,1.8571428571428572,18,6,GGGATTGGGTGATTGTGGGT,12,578530
araCp,1.5714285714285714,16,6,GGGAGAGGATCCTTCGCACC,10,599542
araCp,0.2857142857142857,7,6,GGGAATTCGCTCATGTAATG,1,562678
araCp,2.2857142857142856,21,6,GGCTTGATGTATCCTGTGGT,15,572047
araCp,3.5714285714285716,30,6,GGCTGATGCTCTGCCGAAGT,24,537735
araCp,1.4285714285714286,15,6,GGCTCGAGCCCTCTTCAAGG,9,588462
araCp,3.5714285714285716,30,6,GGCGATCCAGGACTTTTTTA,24,541989
araCp,2.7142857142857144,24,6,GGCCTGTGGATCGATTCGTA,18,592438
araCp,2.5714285714285716,23,6,GGCCCGAAGCAAAAACGTTG,17,597518
araCp,1.7142857142857142,17,6,GGCATTGTCAAGCGTGGGCT,11,557817
araCp,1.0,12,6,GGCATAATAGGGGGGGTGAT,6,538702
araCp,2.4285714285714284,22,6,GGCACCCTAATGACTTCCTA,16,564556
araCp,0.2857142857142857,7,6,GGCAAGCGCACCGGAGCACG,1,526427
araCp,1.7142857142857142,17,6,GGATCCGCTGTTATTGCTAG,11,572441
araCp,1.7142857142857142,17,6,GGAGTCTAGTGCAGGCCCAA,11,548487
araCp,1.2857142857142858,14,6,GGACCCCCTCGCGTTATTAT,8,549147
araCp,1.5714285714285714,16,6,GGAAAGCCCCGACCAAATTC,10,547405
araCp,0.5714285714285714,9,6,GCTTTTCCTACGCTACGTTA,3,558543
araCp,1.4285714285714286,15,6,GCTTGTTCCCCACAGCGTAT,9,552780
araCp,0.5714285714285714,9,6,GCTGTCAGCGTGAAGCGGTT,3,565430
araCp,1.2857142857142858,14,6,GCTCTAGGGTAGCGCCATGC,8,551668
araCp,2.857142857142857,25,6,GCTCACGACTGCGCAGGAAG,19,587406
araCp,3.857142857142857,32,6,GCTATACCGAGATAACTTCA,26,579908
araCp,0.42857142857142855,8,6,GCTAGTTCGATCAGGGCGTT,2,529461
araCp,1.5714285714285714,16,6,GCGTGTTCATACATTTGAGT,10,561501
araCp,2.4285714285714284,22,6,GCGGTTGGTCTTGTGTGTTT,16,602236
araCp,2.142857142857143,20,6,GCGGCGTGAAGAAGAATCGA,14,531011
araCp,1.4285714285714286,15,6,GCGGCCACGACAGCGGGCCT,9,581948
araCp,7.285714285714286,56,6,GCGCTGCAATTATGAAGCAA,50,537238
araCp,2.0,19,6,GCGCACTAATCGCTCCTGAA,13,595848
araCp,1.4285714285714286,15,6,GCGCAAGGTTATGCTTTATT,9,563477
araCp,8.714285714285714,66,6,GCGAGCGTCTAAGCGGGAGA,60,593090
araCp,2.2857142857142856,21,6,GCCGCTTGTAGCCACCGCCA,15,530955
araCp,2.7142857142857144,24,6,GCCGCTCTGACCTATCATCA,18,534464
araCp,2.0,19,6,GCCGCGGCCCGGCCTATTCC,13,552577
araCp,1.7142857142857142,17,6,GCCGACGACCCATGCCGTAA,11,566186
araCp,1.8571428571428572,18,6,GCCCGGAACCAAACATTAGA,12,557566
araCp,71.57142857142857,506,6,GCCCGCGTTGGGCAATTGTA,500,528932
araCp,0.8571428571428571,11,6,GCCAGTATGTAGCCTAATAA,5,547661
araCp,2.142857142857143,20,6,GCCAGGGATTTATGCCTTAA,14,541279
araCp,2.5714285714285716,23,6,GCATGGAGGCTTTGCCATCT,17,595959
araCp,0.8571428571428571,11,6,GCATCCTTCGGAAAAAAGGA,5,549568
araCp,0.7142857142857143,10,6,GCATCAGATCAAAAAACCGA,4,591323
araCp,3.0,26,6,GCATACCTTCCTGGTGGACA,20,526996
araCp,2.142857142857143,20,6,GCAGCGCAAAAGCTAGATTA,14,539584
araCp,2.4285714285714284,22,6,GCAGATTATATACTTTGAAC,16,565609
araCp,2.2857142857142856,21,6,GCACGTTGGTATACGCGAGC,15,550997
araCp,3.0,26,6,GCACGTGCGTGTCCGTCCTG,20,527683
araCp,3.5714285714285716,30,6,GCACCCTTACCCATGCGCCA,24,529776
araCp,3.2857142857142856,28,6,GCACCAAATCGAACTCCAAA,22,581631
araCp,0.5714285714285714,9,6,GCACACTGTAGGGCAAAGCG,3,578753
araCp,2.2857142857142856,21,6,GCAATAGTGGACAAATGGCC,15,554563
araCp,6.285714285714286,49,6,GCAACTCTATTTGAAGAAAT,43,599299
araCp,0.2857142857142857,7,6,GCAACGTTACGATAGGATAT,1,571914
araCp,30.571428571428573,219,6,GATTCTCCTGTAGCGAGACG,213,537424
araCp,1.8571428571428572,18,6,GATTCGGGCGAAGGATGAAG,12,534212
araCp,2.0,19,6,GATTATTAATGGTCAACCCT,13,581418
araCp,0.2857142857142857,7,6,GATGGGAGGAAAGCCGATGG,1,547780
araCp,2.4285714285714284,22,6,GATGCCACTTTACCGGGCTC,16,602290
araCp,6.714285714285714,52,6,GATGATCGAGCCCGTGGCTA,46,595964
araCp,0.2857142857142857,7,6,GAGTTAGGGTTCCCCTGTGA,1,543135
araCp,1.7142857142857142,17,6,GAGGTTCCAACACATCAGGA,11,565573
araCp,1.7142857142857142,17,6,GAGGCTCCTTTCGTGCACTT,11,527797
araCp,3.2857142857142856,28,6,GAGGACAGGAGGTAACCGGT,22,540809
araCp,1.0,12,6,GAGAGTATGGTTCTTGTGCA,6,577403
araCp,2.2857142857142856,21,6,GAGACTGTTCCGGCTGTCGT,15,591450
araCp,0.7142857142857143,10,6,GAGAAATGGAGGTAGGGCGG,4,574820
araCp,1.4285714285714286,15,6,GAGAAATATCTATGCAACCA,9,562717
araCp,4.285714285714286,35,6,GACTCATGGGCTCAGTACGA,29,585069
araCp,3.2857142857142856,28,6,GACTAGAAAAGTAACGTTGG,22,583465
araCp,1.5714285714285714,16,6,GACGCGCGGGCCATCGGGAT,10,603366
araCp,2.0,19,6,GACCTTTGCCTTGGAAATTG,13,564770
araCp,1.0,12,6,GACCTGAAGACGGCCCAGGG,6,587774
araCp,6.0,47,6,GACAGCTATATATCCTGAAT,41,546455
araCp,3.7142857142857144,31,6,GAATTGCTATTCGCGCGTCC,25,542505
araCp,3.2857142857142856,28,6,GAATCTGTGGTGATCTTATT,22,603643
araCp,1.5714285714285714,16,6,GAAGGGTTCACCTGAGGCGT,10,600340
araCp,0.2857142857142857,7,6,GAAGACCTTAGCCATCTCGG,1,592635
araCp,0.5714285714285714,9,6,GAACCGTCACAGACTGTTTC,3,585345
araCp,1.8571428571428572,18,6,GAACCCAGCACAACTGACTT,12,544612
araCp,2.5714285714285716,23,6,GAACATTAATGGTATCCCGC,17,593535
araCp,13.428571428571429,99,6,GAACAAAACGTATGGCACAC,93,558767
araCp,3.5714285714285716,30,6,CTTTTGGTCTGCCCTTTCGG,24,545035
araCp,1.4285714285714286,15,6,CTTTTGCTTAGTTTATGCTA,9,599111
araCp,2.0,19,6,CTTTAAACAGCTGCTCTGTT,13,559112
araCp,3.4285714285714284,29,6,CTTGCTGCGAGGGGGGGCGC,23,583775
araCp,2.142857142857143,20,6,CTTCGGAGAGCTGACGTCCA,14,535212
araCp,1.5714285714285714,16,6,CTTCCTGTCGAATTCAGGAA,10,596884
araCp,2.142857142857143,20,6,CTTCAACTCTTGGACTCATT,14,588020
araCp,1.7142857142857142,17,6,CTTATTGCCCCGGTAAGTTT,11,545921
araCp,3.2857142857142856,28,6,CTGTATTTATAACGTGTACG,22,545509
araCp,2.4285714285714284,22,6,CTGGTAAAGGGTGGGTAGTT,16,558401
araCp,2.142857142857143,20,6,CTGGGAGCAGCGATTATTAC,14,537215
araCp,1.4285714285714286,15,6,CTGCTGCATGTGCTCTTAGG,9,555908
araCp,1.8571428571428572,18,6,CTGCGCCTCCCTGCGTACTG,12,528248
araCp,4.857142857142857,39,6,CTGCCTATGCTCACGCTAAC,33,565503
araCp,1.5714285714285714,16,6,CTGCAAAGGTAGATTCAGCC,10,560338
araCp,0.7142857142857143,10,6,CTCTATCAACTCGAAGCTAT,4,527364
araCp,0.2857142857142857,7,6,CTCATCTGACACAGACTATG,1,542562
araCp,9.857142857142858,74,6,CTCAGTCAACAATAGTTAGA,68,547989
araCp,1.1428571428571428,13,6,CTAGGGATCTAAAAGTGGCG,7,575463
araCp,2.2857142857142856,21,6,CTACGGAGTGCCAGGACGGC,15,566432
araCp,1.0,12,6,CTAAGTCTCCTGAACATATG,6,543209
araCp,4.0,33,6,CTAAGACTGAGAGACTGTAA,27,571276
araCp,3.0,26,6,CTAAAATATCCCGGCGAACA,20,548486
araCp,1.5714285714285714,16,6,CGTTCGGTGACCCTCCTGCA,10,564432
araCp,1.1428571428571428,13,6,CGTTATCGGTTCTCACCAGG,7,546350
araCp,2.5714285714285716,23,6,CGTGGATAGACGATGTCTCG,17,556540
araCp,0.2857142857142857,7,6,CGTGCAGATAGATGAGACTA,1,542777
araCp,4.0,33,6,CGTGAGAAAGGCGTCGCACA,27,565991
araCp,4.428571428571429,36,6,CGTGACTTGGGCCGAGATCT,30,554398
araCp,3.2857142857142856,28,6,CGTCCCGTTTCTTTTATGCA,22,569341
araCp,1.1428571428571428,13,6,CGTCATTTGGCTGCTTCCCT,7,567990
araCp,0.8571428571428571,11,6,CGTCACGTTTATGTTTTTCT,5,587694
araCp,2.0,19,6,CGTATGTACGACATGGTTCT,13,554473
araCp,1.1428571428571428,13,6,CGTATGGCACTGGCCAGTAG,7,586938
araCp,3.5714285714285716,30,6,CGTAATTCGGAGCTCGATCA,24,574534
araCp,3.7142857142857144,31,6,CGGTTCAGTCTATAGGCGTA,25,534607
araCp,4.0,33,6,CGGTCTTGGGCCAGGATGCA,27,555762
araCp,1.5714285714285714,16,6,CGGGGCTGTGTGGTACCCCT,10,572482
araCp,5.142857142857143,41,6,CGGGGACGCCCCTTAGACCA,35,567513
araCp,2.0,19,6,CGGGCTAGACATCGGGGCAG,13,559946
araCp,0.2857142857142857,7,6,CGGGCAATAGTAACGCTGAG,1,544622
araCp,1.7142857142857142,17,6,CGGGATGTTTCTGATGGTGT,11,556120
araCp,1.4285714285714286,15,6,CGGGAACTAGCATTGGGGGT,9,601630
araCp,2.5714285714285716,23,6,CGGCTGGTGCAAGTCAAATG,17,534561
araCp,2.5714285714285716,23,6,CGGCATTTTTTTTTCAAAAA,17,528812
araCp,0.42857142857142855,8,6,CGGCAACATGCGAAAGTTAC,2,531649
araCp,3.0,26,6,CGGACCATACATAACTGCCT,20,538602
araCp,1.1428571428571428,13,6,CGGAAGTGCACGTTGGAACA,7,538299
araCp,1.7142857142857142,17,6,CGGAACATGAGATTGAGGCA,11,535358
araCp,2.4285714285714284,22,6,CGCTGTGTTCGCCAATCGCT,16,557137
araCp,5.857142857142857,46,6,CGCTAGCCATCCCCTCGTAT,40,538229
araCp,14.857142857142858,109,6,CGCGGCCACGGAGACGGCAA,103,588766
araCp,2.4285714285714284,22,6,CGCGACTCGGTGTGACTATA,16,527020
araCp,1.4285714285714286,15,6,CGCCTTGAACAGGCGCAAGT,9,535343
araCp,2.4285714285714284,22,6,CGCCTGAAAGACTGGACACT,16,532660
araCp,1.8571428571428572,18,6,CGCCCGAATCCAATTTAGAA,12,582558
araCp,3.7142857142857144,31,6,CGCCCATCAGAATACGGGAG,25,552811
araCp,4.142857142857143,34,6,CGCATGGGGCGCAGTGTCCG,28,535903
araCp,1.1428571428571428,13,6,CGCATACACGCCGTACTAAT,7,544634
araCp,2.7142857142857144,24,6,CGACGCTAGGGTATGGTCGC,18,576642
araCp,0.2857142857142857,7,6,CGACACGGGCTGCGCAGACG,1,546681
araCp,2.2857142857142856,21,6,CGACACAGCAACTCCTTGAC,15,541579
araCp,11.0,82,6,CGACAAAGGGGACAGGTGAA,76,570741
araCp,4.857142857142857,39,6,CGAATTTCAGTTGGGCCTGG,33,536781
araCp,1.0,12,6,CGAATTGCAGAAGGTTAGGG,6,564454
araCp,1.0,12,6,CGAATGTCCCCTATACTTTA,6,574398
araCp,2.142857142857143,20,6,CCTTATGCAGGTCGGCCGAC,14,565807
araCp,2.5714285714285716,23,6,CCTTATGCAAGGACGGGGAA,17,588923
araCp,1.5714285714285714,16,6,CCTTAGGACAACCTCTAAAG,10,547654
araCp,4.857142857142857,39,6,CCTGTCCAAACAGCCGGTGC,33,593533
araCp,3.5714285714285716,30,6,CCTGTCAGCTCTCTCGTGGC,24,532049
araCp,1.7142857142857142,17,6,CCTCCGACAGCTTCGAGGGG,11,571781
araCp,1.7142857142857142,17,6,CCTATACTTCATTTCCTAAT,11,560136
araCp,1.4285714285714286,15,6,CCTACACATGCAAGACATTA,9,525847
araCp,1.0,12,6,CCGTTCCGCAAACTATACCA,6,546015
araCp,5.571428571428571,44,6,CCGTCAGGTAGTGGGTGTGA,38,556476
araCp,1.1428571428571428,13,6,CCGTATTTAAATTAGTAGTT,7,528845
araCp,4.0,33,6,CCGGTCCCGGTGTACCGCGT,27,546854
araCp,4.857142857142857,39,6,CCGGGTGGTCCTCCGGGTGT,33,594839
araCp,1.4285714285714286,15,6,CCGACGCTCTCTGTGCAGCA,9,565392
araCp,2.2857142857142856,21,6,CCGACACACTGCCCCCGCCA,15,572368
araCp,3.857142857142857,32,6,CCCTTGCTGGTATCTTGAAT,26,579163
araCp,1.2857142857142858,14,6,CCCTAGGATCGATCGCTCCT,8,550507
araCp,2.142857142857143,20,6,CCCTAGAGCTATTATTACGA,14,567888
araCp,2.2857142857142856,21,6,CCCGCGTACGTCAGCGCTAT,15,560984
araCp,3.857142857142857,32,6,CCCGAACTTAGCAGTCATTG,26,591921
araCp,3.5714285714285716,30,6,CCCCGGCATTCATGTCGTAA,24,526856
araCp,11.285714285714286,84,6,CCCCATTCGGAAAGTTCCAT,78,570532
araCp,3.0,26,6,CCCATATCGGGGCGTTTTCA,20,574181
araCp,0.8571428571428571,11,6,CCATTCTCCGGGAGTCGGTT,5,584422
araCp,1.0,12,6,CCATGGGAGACTGAATAGGT,6,528716
araCp,9.571428571428571,72,6,CCAGTGGGGTAGGCGCCTAC,66,569391
araCp,5.142857142857143,41,6,CCAGGACTAAAGCCGGCTCG,35,537225
araCp,8.428571428571429,64,6,CCAGACGAGATGGAAGGTAT,58,559320
araCp,1.1428571428571428,13,6,CCAACGCTCCGCGCTTGTTT,7,565118
araCp,2.4285714285714284,22,6,CATTGCATGTCTAGGCTTAT,16,563505
araCp,1.0,12,6,CATTCTATTAGTTCTATGTG,6,527675
araCp,1.5714285714285714,16,6,CATGTGATCAACCCAGGCCA,10,533120
araCp,2.2857142857142856,21,6,CATGGGGCAGCCCCACATTA,15,541918
araCp,7.714285714285714,59,6,CATGGGCGAGCCGGTAGCTG,53,579111
araCp,2.2857142857142856,21,6,CATGCTCGATATGACAGGAC,15,546718
araCp,2.7142857142857144,24,6,CATGATTCAGGATAGGTTCC,18,597789
araCp,1.4285714285714286,15,6,CATGAGTTAGTTGAGAAGCT,9,597920
araCp,0.7142857142857143,10,6,CATGAGGTCTCGGGGTTTAC,4,567410
araCp,4.571428571428571,37,6,CATCTGAGGTGCCAGCGTGG,31,581761
araCp,1.0,12,6,CATCTCCTTACTTCTGGCTC,6,598426
araCp,3.142857142857143,27,6,CATCGGTAACTCCATGAATG,21,566341
araCp,1.2857142857142858,14,6,CATCGGATCGGACATTAAGT,8,563723
araCp,2.0,19,6,CATCAAACTTATGGGTGAGG,13,567074
araCp,1.2857142857142858,14,6,CAGTTCATACTGCACTGTAG,8,586887
araCp,14.285714285714286,105,6,CAGTGCATGTCTCAGTTCAG,99,599155
araCp,2.142857142857143,20,6,CAGTGAACGGTCTCGTCGAT,14,599606
araCp,2.5714285714285716,23,6,CAGGTTACAATCCAGATCGA,17,590954
araCp,2.857142857142857,25,6,CAGGGGAAAACATGAGGCGA,19,562110
araCp,1.0,12,6,CAGGCACGACGTGTTTCTCA,6,545153
araCp,3.4285714285714284,29,6,CAGGATGCCCTACCACACGA,23,528375
araCp,0.8571428571428571,11,6,CAGGAACTGAGTAAGCTCTC,5,541982
araCp,87.28571428571429,616,6,CAGCTTACATAGCTGGTAAT,610,591763
araCp,4.571428571428571,37,6,CAGCTAGTCGGCTTACTGTC,31,528743
araCp,1.1428571428571428,13,6,CAGCCGGCGCTTCGTTTATA,7,566389
araCp,0.2857142857142857,7,6,CAGCCCAGGACATCACGGAT,1,580810
araCp,2.7142857142857144,24,6,CAGATAAAAGTGCGAAACGA,18,579140
araCp,3.0,26,6,CAGACGGCTACACGCTGCAG,20,553247
araCp,0.42857142857142855,8,6,CACTTGGATCTCCATTCTAT,2,585070
araCp,1.4285714285714286,15,6,CACTGCGATCCTGGGTGAGA,9,597553
araCp,2.0,19,6,CACGTGGCTTAAACGTCAGG,13,600807
araCp,8.285714285714286,63,6,CACGAGCCGCTAGAATGTGA,57,594023
araCp,2.2857142857142856,21,6,CACCTCGACCGAGCGTCCTA,15,540875
araCp,2.7142857142857144,24,6,CACCCATCGAAGGGTCGAGG,18,548026
araCp,1.2857142857142858,14,6,CACCACTATAAACTATACAG,8,556548
araCp,1.5714285714285714,16,6,CAATTTAAGCGGGGAGGTAG,10,572157
araCp,2.0,19,6,CAATGTGAGGTGATAAACAC,13,561806
araCp,1.1428571428571428,13,6,CAATGGCGTTTTTGAACGAT,7,563245
araCp,1.8571428571428572,18,6,CAAGTGATATTATCTCGAGC,12,550201
araCp,6.571428571428571,51,6,CAAGTCTCCATTGTCAGGTG,45,552701
araCp,0.2857142857142857,7,6,CAAGGAACCGTCAACTGGAA,1,595351
araCp,2.7142857142857144,24,6,CAAGAGGTTGTTAATAGAGA,18,559533
araCp,5.142857142857143,41,6,CAAAGTGGCTGGGATCACCT,35,591563
araCp,1.2857142857142858,14,6,CAAACGCTTTGTCTATTCAA,8,557999
araCp,1.4285714285714286,15,6,CAAAAGGGGCCTAAGCAGCA,9,532080
araCp,6.857142857142857,53,6,ATTTTATCGTTCGATACGGC,47,563940
araCp,1.5714285714285714,16,6,ATTTCCTAAATAGGCACCTT,10,529903
araCp,2.857142857142857,25,6,ATTTAAAAATTCCCCCGATT,19,554307
araCp,2.5714285714285716,23,6,ATTGGCCGCATGTCCTTGAA,17,549330
araCp,2.0,19,6,ATTCGAGGGAGCATCGACTT,13,589757
araCp,0.8571428571428571,11,6,ATGTCTGCAGTCATTCTATA,5,540094
araCp,0.7142857142857143,10,6,ATGGTGCTCGGCATGAGCCA,4,576876
araCp,1.1428571428571428,13,6,ATGGGTTATAGTCTGCCGGA,7,585620
araCp,3.142857142857143,27,6,ATGGGGAACGTGTAGATCGT,21,525790
araCp,0.5714285714285714,9,6,ATGATTATCTTTATGAGGCA,3,533644
araCp,2.7142857142857144,24,6,ATGATGGAGCTAGAACAGTT,18,583879
araCp,2.7142857142857144,24,6,ATGAGTTAGAGACATATTTG,18,544263
araCp,2.7142857142857144,24,6,ATGACAAGGCAACGACCATG,18,578149
araCp,0.8571428571428571,11,6,ATGAAGCAAGGTTAGGTTTT,5,572633
araCp,3.2857142857142856,28,6,ATCTTGGCAGTGCGCCCCAT,22,578413
araCp,1.7142857142857142,17,6,ATCTGGAAGAGCGGAAGGTG,11,547664
araCp,1.7142857142857142,17,6,ATCTAACTTCCTTCGTCTCT,11,577343
araCp,1.0,12,6,ATCCTCTTACGCTGTAGTAT,6,536012
araCp,2.857142857142857,25,6,ATCCGCGACAAAACAGGGTC,19,556307
araCp,1.0,12,6,ATCATTTACACGCTGTAGTT,6,574527
araCp,1.0,12,6,ATCAAGACGCGTATTGTATA,6,574685
araCp,138.85714285714286,977,6,ATATACTGCTCGCAGACGTT,971,596151
araCp,1.8571428571428572,18,6,ATAGCCCAGGGAACTCCGGG,12,562269
araCp,1.2857142857142858,14,6,ATAGACACGTTGGTCTCGCA,8,602423
araCp,6.428571428571429,50,6,ATACTCAAGTGTCACGAGCA,44,541429
araCp,0.2857142857142857,7,6,ATAATTAAGTCGAGAACGCA,1,543860
araCp,2.2857142857142856,21,6,ATAAAATGGCTGCATTTAAG,15,566260
araCp,0.7142857142857143,10,6,AGTTCAATTAGATTTGTCGT,4,568968
araCp,0.7142857142857143,10,6,AGTGTTACCCATCTTAAATG,4,565726
araCp,1.7142857142857142,17,6,AGTGCGCATGTGAAAGACAT,11,541204
araCp,2.142857142857143,20,6,AGTGACTCTAGGTGGAATAT,14,539856
araCp,2.0,19,6,AGTAGGCAATACACTTCGCT,13,548812
araCp,2.0,19,6,AGGTGATTTTTCAACCTGGT,13,550878
araCp,3.4285714285714284,29,6,AGGTCACCTGTTGTGAGCCT,23,546067
araCp,3.142857142857143,27,6,AGGGCTGCTCTTGGAAGTCT,21,534857
araCp,2.4285714285714284,22,6,AGGCCGAATGTTGCAGTCTC,16,571510
araCp,1.7142857142857142,17,6,AGGATTGAGGGATCAGATGA,11,547859
araCp,5.285714285714286,42,6,AGGATAGAGAGATGTGAATT,36,572421
araCp,4.142857142857143,34,6,AGGACTCCGATATGTACAAG,28,552454
araCp,3.5714285714285716,30,6,AGCTTTACTTTGGCACAATG,24,582448
araCp,3.7142857142857144,31,6,AGCTACAGAACGACCGGATT,25,580366
araCp,1.0,12,6,AGCGTTTGGTATCAGAAATT,6,601401
araCp,1.2857142857142858,14,6,AGCGTGTAGTGCACCGTCTC,8,531386
araCp,1.7142857142857142,17,6,AGCGTATTACGAATGGCACC,11,553095
araCp,5.857142857142857,46,6,AGCGCTCTTTGAGATGGATG,40,536842
araCp,0.5714285714285714,9,6,AGCGCGACTGAGCGGGGGAC,3,552170
araCp,3.0,26,6,AGCCGTGATCGGATAGCATC,20,586259
araCp,1.5714285714285714,16,6,AGCACTCGAGGATCGGTCAT,10,581361
araCp,0.8571428571428571,11,6,AGATTCTCCGTAGAGTGTAT,5,585488
araCp,1.4285714285714286,15,6,AGAGCACCGGACCGTCAACT,9,590753
araCp,1.8571428571428572,18,6,AGACTCTATTAGTTGTGAAA,12,597720
araCp,4.714285714285714,38,6,AGAATAAGTCATCTAGACCT,32,601022
araCp,3.0,26,6,AGAAGCATTTGAACGCTGCC,20,601483
araCp,2.5714285714285716,23,6,AGAAGAGGCTAACAAGAACC,17,545699
araCp,1.4285714285714286,15,6,ACTTGGGGGGGACCGTTCAG,9,589541
araCp,0.42857142857142855,8,6,ACTTAAGGTGGGCCAAGAAC,2,536756
araCp,3.4285714285714284,29,6,ACTGGGGTTGGGAGGTGTGG,23,551891
araCp,2.142857142857143,20,6,ACTGGATTAAGGTTCAAGAA,14,580265
araCp,1.5714285714285714,16,6,ACTGGATCCAAACAATTGGA,10,574552
araCp,12.857142857142858,95,6,ACTAGCTAAGGCTCTTAAAG,89,594862
araCp,2.5714285714285716,23,6,ACTACTCATGAGCAGTCGAA,17,585392
araCp,3.4285714285714284,29,6,ACTAACGAACTCTATGAGGT,23,574846
araCp,2.5714285714285716,23,6,ACGTTCGATACAGCAGAAAA,17,562277
araCp,1.1428571428571428,13,6,ACGTTCCGTCGTCCGGGCTG,7,555297
araCp,1.1428571428571428,13,6,ACGTACCTAAACCCCCTCGC,7,578750
araCp,0.8571428571428571,11,6,ACGGTAAGTCGCCCTCGCCT,5,602598
araCp,1.7142857142857142,17,6,ACGGACAATCTTTGGGGCTG,11,597116
araCp,0.42857142857142855,8,6,ACGCGTGCGCCCGAGTTAAT,2,572171
araCp,1.4285714285714286,15,6,ACGAGGTGCCCCACTATAAA,9,561081
araCp,0.5714285714285714,9,6,ACGAACAAGCAATCCATCAA,3,562498
araCp,1.1428571428571428,13,6,ACCTATTGGGTTAGGGTGCA,7,572189
araCp,1.4285714285714286,15,6,ACCTATTCGCGGCTCCTCTA,9,553481
araCp,1.2857142857142858,14,6,ACCTAATAGTTGATATCTTC,8,566021
araCp,3.142857142857143,27,6,ACCGCTTCACACGTTCACAC,21,565663
araCp,1.1428571428571428,13,6,ACCGCGATGCGTTAAAATGG,7,576666
araCp,1.8571428571428572,18,6,ACCCTGATAGCAAGTATCAT,12,560996
araCp,1.4285714285714286,15,6,ACCCCGGTGACAACGAGGTT,9,576818
araCp,1.8571428571428572,18,6,ACCAGTCAATGACAACTGGG,12,540898
araCp,2.7142857142857144,24,6,ACCAGCGTCACGCGCGTGAT,18,529905
araCp,3.2857142857142856,28,6,ACCAACATGTCCGGAGGAAA,22,570678
araCp,0.7142857142857143,10,6,ACATCTACGGCCCTAAGAGC,4,596974
araCp,2.0,19,6,ACACTGCCCGTGGTAAGGCC,13,579821
araCp,1.5714285714285714,16,6,ACACTACTCTTTATCCCGAA,10,597820
araCp,0.2857142857142857,7,6,ACACAATCCCGCTGAACCGA,1,531538
araCp,1.5714285714285714,16,6,ACAACCTCAATTGGTAATCC,10,567511
araCp,2.4285714285714284,22,6,AATTCTCGGCATCAGAGGGA,16,543988
araCp,1.7142857142857142,17,6,AATGTTTGTGTGTGCAACCT,11,552746
araCp,2.5714285714285716,23,6,AATGTGGCCCAGCTTCAAAG,17,534133
araCp,0.2857142857142857,7,6,AATGGGTTCTCCGCCCCTCC,1,548021
araCp,1.2857142857142858,14,6,AATGCACCGTCAGGCCCAGA,8,528392
araCp,0.7142857142857143,10,6,AATGATTCTTTTAAACTACA,4,573447
araCp,0.2857142857142857,7,6,AAGTGAGATCCCCCCAGACT,1,592370
araCp,4.142857142857143,34,6,AAGGTTGCCCTACGTGTGAA,28,543351
araCp,1.1428571428571428,13,6,AAGGGGAAAAGTCTGTCCAT,7,570146
araCp,0.2857142857142857,7,6,AAGGATTTAACTTCGTCAAA,1,569538
araCp,1.7142857142857142,17,6,AAGGATCTGCCCGGTCTAGC,11,556721
araCp,1.1428571428571428,13,6,AAGGACCATTTTATATGCAT,7,549601
araCp,3.2857142857142856,28,6,AAGCGATCCTTTGGTTGATC,22,600854
araCp,5.857142857142857,46,6,AAGCGAAAACTACCTGGTAC,40,556719
araCp,10.714285714285714,80,6,AAGCAGGGGCGCTGTCTCTA,74,598282
araCp,2.7142857142857144,24,6,AAGCAAAGTCGTATGAATCA,18,528573
araCp,1.8571428571428572,18,6,AACTCGCTTACATCCATATT,12,565126
araCp,1.5714285714285714,16,6,AACGCACGCCCTGACGACGG,10,553237
araCp,2.5714285714285716,23,6,AACCGGCGGCCAGACTGGAA,17,537089
araCp,2.4285714285714284,22,6,AACCGCAAATATTTAATACC,16,552554
araCp,2.142857142857143,20,6,AACCGAAGTGCATGGCCGAT,14,529056
araCp,1.5714285714285714,16,6,AAATATCAGGCTGGAACGAG,10,585640
araCp,1.2857142857142858,14,6,AAAGGTAGTAGTAAGCTGGT,8,590920
araCp,2.7142857142857144,24,6,AAACTCGGGGATGTGCGTTT,18,590327
araCp,3.2857142857142856,28,6,AAACGGCAACACCACTACTC,22,552858
araCp,158.42857142857142,1114,6,AAACCTGGGACGGATCATAA,1108,594622
araCp,0.2857142857142857,7,6,AAACCCATGTGCAACGATGG,1,584753
araCp,3.2857142857142856,28,6,AAAACGGTATCCCAGCAGTT,22,602393
araCp,5.285714285714286,42,6,AAAACCCTACTGAACACTCA,36,549658
araCp,2.1666666666666665,17,5,TTTTTCAGGGTGAGATCTGC,12,531268
araCp,7.833333333333333,51,5,TTTTGTACAATGGATTCTCA,46,553252
araCp,5.0,34,5,TTTTGAGTTGACATGCAGCC,29,538643
araCp,2.5,19,5,TTTTGAGAATTAAGCAAGCC,14,528519
araCp,2.3333333333333335,18,5,TTTTCAACTATATGAGCCCT,13,568903
araCp,2.3333333333333335,18,5,TTTTACCCAGATCATAGCAT,13,555160
araCp,0.3333333333333333,6,5,TTTGTCGGGTATCCCCACGC,1,562212
araCp,2.8333333333333335,21,5,TTTGAGGATCGAGTCCTTAC,16,590413
araCp,3.1666666666666665,23,5,TTTCGTATATCCACTAAGAC,18,574947
araCp,19.333333333333332,120,5,TTTCCCTCACCTATAATTGC,115,579117
araCp,3.0,22,5,TTTATACAGGGAGTAAGCAG,17,556122
araCp,2.1666666666666665,17,5,TTTAAGCCTAGAGTTCTCCT,12,582474
araCp,2.8333333333333335,21,5,TTGTTTCACGTACGTTAGAT,16,538250
araCp,3.5,25,5,TTGTCCCGCCCTGACCGTAG,20,531373
araCp,2.3333333333333335,18,5,TTGGGTATTACCTACTGTTT,13,590766
araCp,1.3333333333333333,12,5,TTGGGGAAGCGTAGCATAAT,7,589500
araCp,1.8333333333333333,15,5,TTGGAGAATAGCCAGATAGG,10,531957
araCp,1.8333333333333333,15,5,TTGGAAATTACATTGGACGA,10,580612
araCp,2.3333333333333335,18,5,TTGCGAGTCTTTCGGATCCC,13,576139
araCp,0.3333333333333333,6,5,TTGCCCTTATCTTCTCACCT,1,548953
araCp,4.166666666666667,29,5,TTGAGTTCTTCATTATTTAC,24,556658
araCp,2.0,16,5,TTGAGATACATAACATCGCC,11,603156
araCp,5.0,34,5,TTGACCTCGTTGGGGCCAGT,29,546307
araCp,4.166666666666667,29,5,TTGAATAGGCTACCCAGAAC,24,570232
araCp,3.0,22,5,TTCTTTCATAGAACATCAGG,17,531692
araCp,5.666666666666667,38,5,TTCTAAGGTATCTGGAAAAA,33,573135
araCp,11.0,70,5,TTCGTTCAAGGCACCGGTAT,65,587780
araCp,1.6666666666666667,14,5,TTCGGATAGGAGATTCGCGA,9,550341
araCp,2.8333333333333335,21,5,TTCCTGGCGCGTAGCGGGGC,16,558262
araCp,6.5,43,5,TTCAAACCTAACCGTCGTTT,38,588663
araCp,1.6666666666666667,14,5,TTATTTGCGGGAAGTCAAAC,9,557311
araCp,2.8333333333333335,21,5,TTATGTGCAGCCGAGTGCCT,16,540429
araCp,0.8333333333333334,9,5,TTAGGAAGCGAAAATTTTAT,4,576214
araCp,2.1666666666666665,17,5,TTAGGAACAGTGGCACCTCA,12,557770
araCp,2.0,16,5,TTAGAAGCAAACGTGTATTC,11,538439
araCp,2.1666666666666665,17,5,TTACACACGCCATGGGGCGG,12,581176
araCp,1.3333333333333333,12,5,TTAAGGGTCTCCGGTTCTAA,7,526974
araCp,0.3333333333333333,6,5,TGTTTAGCGGTAGCTCCAAA,1,603247
araCp,2.8333333333333335,21,5,TGTTGATGCGCTGCGTAAAC,16,545217
araCp,30.833333333333332,189,5,TGTTAGTGATCGTCTAGGGG,184,585856
araCp,4.333333333333333,30,5,TGTGCGTAGGGGACTACGAA,25,595058
araCp,2.0,16,5,TGTGATGCGCCAAGGGCTAC,11,567341
araCp,3.0,22,5,TGTAGCCCAAGGTTCTACAA,17,587742
araCp,1.5,13,5,TGGTGAAAGTTATGTAGTGG,8,534768
araCp,0.3333333333333333,6,5,TGGTATAAAAGGGTTCACTA,1,569121
araCp,5.166666666666667,35,5,TGGGGTTTTGTTTCATTCGG,30,525810
araCp,5.0,34,5,TGGGCTTTGACGACAAGGGC,29,534989
araCp,0.3333333333333333,6,5,TGGGCTCGCATCCTACCAAT,1,571677
araCp,9.0,58,5,TGGGCGGTACTTCCGCAGAG,53,569077
araCp,4.0,28,5,TGGGATAGTGCCACATGATC,23,570251
araCp,9.0,58,5,TGGCTGCCTCGTGTGACTCG,53,588826
araCp,2.8333333333333335,21,5,TGGCGGGGCTGGAGTAACCT,16,598388
araCp,3.3333333333333335,24,5,TGGATACGGTCGCACGGGGG,19,599006
araCp,2.5,19,5,TGGAGGTCGGTCTTGGAGCG,14,583770
araCp,2.5,19,5,TGGAGGAGCTGACGTCGCCT,14,603163
araCp,3.0,22,5,TGCTCCGAACCCGTCAGTGT,17,573260
araCp,3.0,22,5,TGCGGCGAGACAACCCGCTG,17,533541
araCp,1.0,10,5,TGCGCACATCGGGGGTGCTC,5,588656
araCp,2.3333333333333335,18,5,TGCAGCTTAGGCGGTACTCG,13,599181
araCp,6.666666666666667,44,5,TGCACGTTGCGTCCTGGGGT,39,534246
araCp,0.5,7,5,TGAGAGACACATTACAAAAA,2,543896
araCp,2.6666666666666665,20,5,TGAGACATCCCTTACATCAA,15,528927
araCp,2.8333333333333335,21,5,TGACAAGCGTTTCACCGTTA,16,591690
araCp,2.8333333333333335,21,5,TCTTTTCCACACCGATCTCT,16,584985
araCp,0.3333333333333333,6,5,TCTTGCGCGGTAGGATAGGG,1,586266
araCp,4.333333333333333,30,5,TCTGTATACATTAAAGCGAG,25,566984
araCp,2.5,19,5,TCTGGGGACCGCACGCCCTG,14,542948
araCp,1.5,13,5,TCTGGAAAGAGAAATGCCAA,8,589105
araCp,5.0,34,5,TCTCGGTCACGCTCACCGAA,29,570971
araCp,1.1666666666666667,11,5,TCTCGGAGAGTTACGGCTCT,6,576435
araCp,4.5,31,5,TCTAATCACCTCGCAGCTGC,26,558761
araCp,5.666666666666667,38,5,TCTAAGCACCGGTACAGACT,33,569066
araCp,1.8333333333333333,15,5,TCGTTGCGGTATCCTGGCTT,10,529149
araCp,3.8333333333333335,27,5,TCGTTCTCACAATAGCCTCA,22,588760
araCp,2.3333333333333335,18,5,TCGGTCTTGCCGTACCTGGG,13,539682
araCp,3.0,22,5,TCGATAATATATCGTCTAAC,17,533623
araCp,4.166666666666667,29,5,TCCTTTGTCATAAAAAGTAC,24,562216
araCp,2.0,16,5,TCCTTCCATCCCTCGTACCT,11,526087
araCp,2.0,16,5,TCCTTAATGTACCACTCGTT,11,570016
araCp,3.1666666666666665,23,5,TCCTCGTAGGTACTCACCTT,18,581741
araCp,2.0,16,5,TCCTCGAAACAGAGGTTCAA,11,559218
araCp,7.166666666666667,47,5,TCCGTGATCCTGGACAATCA,42,597008
araCp,4.833333333333333,33,5,TCCGTAAGTCTAATGGATAC,28,577083
araCp,0.3333333333333333,6,5,TCCGGGAGGGTTACTTATAC,1,537573
araCp,1.3333333333333333,12,5,TCCGCTACACCATTACCTCG,7,552119
araCp,1.5,13,5,TCCGCAGCGTAGACCTTAGT,8,566322
araCp,0.6666666666666666,8,5,TCCCACTGATATATGACACA,3,527435
araCp,1.8333333333333333,15,5,TCCCAAATAGGTCTGGCGGA,10,581050
araCp,2.3333333333333335,18,5,TCCATGGGATGCGGTGGGTC,13,570692
araCp,1.6666666666666667,14,5,TCAGTGAGGTTAACTATTAT,9,554886
araCp,4.0,28,5,TCAGTCGGCCCAACCTAAAG,23,550566
araCp,3.5,25,5,TCAGTATGGTTTTGGGAAAC,20,588391
araCp,1.3333333333333333,12,5,TCAGGACTTGTTGTTTTCGG,7,570074
araCp,18.333333333333332,114,5,TCAGGACGAGGTGTTGAGAC,109,576865
araCp,2.6666666666666665,20,5,TCAGCACTCCACCGCCACGT,15,566587
araCp,2.1666666666666665,17,5,TCACAGGGGGATTTCAAGAC,12,535555
araCp,0.5,7,5,TCAATCAGGCAGACCCTGGT,2,594533
araCp,2.8333333333333335,21,5,TCAAATATGCTTATGTGGTA,16,583807
araCp,19.833333333333332,123,5,TATTCACCTGTTGATTAGTT,118,601655
araCp,1.0,10,5,TATGTTGAACCTTTCCAATA,5,566823
araCp,2.6666666666666665,20,5,TATGTCTTAGTCGCCAATAA,15,540949
araCp,3.8333333333333335,27,5,TATGGGTGCCCAGTAGACAC,22,546285
araCp,0.3333333333333333,6,5,TATGCCTCGGGTGAGCCCCC,1,545046
araCp,2.6666666666666665,20,5,TATGAACATAAATGAGGTCC,15,592212
araCp,1.3333333333333333,12,5,TATCTAATGACGCGTCGTAA,7,575637
araCp,0.5,7,5,TATCCAGACGTGATAGGTAG,2,545668
araCp,2.5,19,5,TATATCGCCACGAATTGAGA,14,595691
araCp,6.166666666666667,41,5,TATAGGATACTCGAACGGCC,36,531631
araCp,2.1666666666666665,17,5,TAGTTCCGGGATCGTTACCT,12,578145
araCp,2.0,16,5,TAGGTACTCAAACAAAAAAC,11,526075
araCp,2.8333333333333335,21,5,TAGGACTGAGACACTACACT,16,585861
araCp,4.166666666666667,29,5,TAGCTGGCTGAGCCCAATTA,24,525830
araCp,1.6666666666666667,14,5,TAGCGTAAACCGTTGGCTCA,9,565448
araCp,1.8333333333333333,15,5,TAGATAATGATATTAGAATT,10,596827
araCp,3.1666666666666665,23,5,TAGACTGTCAGAAAAAATGT,18,569623
araCp,1.5,13,5,TACTTATTATGAGGGCTATA,8,530675
araCp,1.8333333333333333,15,5,TACTGTCAGCATTATGTTGT,10,587658
araCp,3.1666666666666665,23,5,TACTGTAGTTATTGGTTTGA,18,555030
araCp,5.833333333333333,39,5,TACTGCCCTGTGAGGCGCGG,34,553412
araCp,5.166666666666667,35,5,TACGTAATCCATGGGATCGT,30,552674
araCp,1.8333333333333333,15,5,TACGGGATTAGTTGAGACCA,10,531640
araCp,1.0,10,5,TACGGAGTACCCCGATTTAA,5,558916
araCp,11.833333333333334,75,5,TACGCACGAGAGTAACGTCA,70,600514
araCp,4.0,28,5,TACGAGTCCCGCTCAGGCGT,23,525936
araCp,5.166666666666667,35,5,TACGAAGTAATGTATCCTCT,30,579439
araCp,2.8333333333333335,21,5,TACACGTGCAGTCATACAAG,16,532252
araCp,1.3333333333333333,12,5,TACAATTCTACATAAACACA,7,588358
araCp,2.8333333333333335,21,5,TACAATAGGTATCAATAACG,16,559715
araCp,12.5,79,5,TAATTGACGGCGCGCTCATG,74,559002
araCp,11.166666666666666,71,5,TAATGAGGTCCGTACTACAT,66,579119
araCp,2.3333333333333335,18,5,TAATAGTCCATAATCAAGAA,13,546634
araCp,1.3333333333333333,12,5,TAAGTACTTCACAGGACCAT,7,536108
araCp,1.6666666666666667,14,5,TAAGCATGTCGCTTATTTCC,9,548224
araCp,1.5,13,5,TAACTGTGCCTCATCGGCGA,8,556641
araCp,0.5,7,5,TAACCTCCTCTTGGCGCGGA,2,593543
araCp,2.0,16,5,TAACATGGATGTGAATCCTA,11,551265
araCp,2.8333333333333335,21,5,TAACAAGGAAACGACATTGA,16,586592
araCp,1.6666666666666667,14,5,TAAAGGGATAGGTGTCCCTG,9,575309
araCp,1.1666666666666667,11,5,TAAAACGGCACCGGTATGGC,6,554597
araCp,0.8333333333333334,9,5,GTTTGAATTGCCCTAGCATG,4,577372
araCp,1.6666666666666667,14,5,GTTGGGGGGAAGTAACCTCT,9,586180
araCp,5.333333333333333,36,5,GTTGGAGGCTCGGGTGTATG,31,547725
araCp,7.666666666666667,50,5,GTTGCTCTCAGAGCGTCGGT,45,596529
araCp,3.1666666666666665,23,5,GTTCTCCTACAGGCTGCAGA,18,535667
araCp,4.666666666666667,32,5,GTTCGAGTACGTTACACCCT,27,591347
araCp,0.8333333333333334,9,5,GTTCCACAGTAGTTTGTCCT,4,562270
araCp,3.1666666666666665,23,5,GTTAAGCACGGTAAGCGCTG,18,531704
araCp,0.8333333333333334,9,5,GTGTCCAGATTGGGTACCAG,4,576724
araCp,2.0,16,5,GTGGGAGAATTAACCCGAAG,11,530606
araCp,2.5,19,5,GTGGCCGTCGTGCCGTCATT,14,551664
araCp,0.5,7,5,GTGCCTCCATTCAAAAAGGG,2,570860
araCp,2.8333333333333335,21,5,GTGAAATGCGTATACCTTTC,16,534732
araCp,6.0,40,5,GTCGGCGTGGACCTGTTTTG,35,603008
araCp,1.0,10,5,GTCGCAGGCCTGGTGGTCCT,5,585865
araCp,1.6666666666666667,14,5,GTCGAGTCCGTCGGATGGTT,9,541049
araCp,4.833333333333333,33,5,GTCAGCCCGGCTATCGGCGT,28,579569
araCp,1.1666666666666667,11,5,GTCACTCTGATTTTAGTCAT,6,564721
araCp,1.6666666666666667,14,5,GTCACAGCACGCACCAGTAG,9,532616
araCp,3.1666666666666665,23,5,GTATTGGCGGAGCGGTGCTT,18,571618
araCp,1.8333333333333333,15,5,GTATACCTTGAATTTGTGTT,10,541897
araCp,1.6666666666666667,14,5,GTACCAACCTTATCCGGACC,9,573996
araCp,3.0,22,5,GTAAGTGGTACCAATCAGAG,17,595580
araCp,3.1666666666666665,23,5,GTAAAAGCCGCGCCATCTCG,18,532615
araCp,1.0,10,5,GTAAAAACTCACGCAACAAG,5,582800
araCp,2.3333333333333335,18,5,GGTTTTCGATTACTTCAAGG,13,533010
araCp,4.833333333333333,33,5,GGTTCATTCCCTAGCGTCAA,28,570917
araCp,1.0,10,5,GGTTCAATACGTATCAATCC,5,536101
araCp,2.1666666666666665,17,5,GGTTCAAGGTGAAAAACCGT,12,552507
araCp,0.8333333333333334,9,5,GGTTACTTTTATAGAAGATC,4,596876
araCp,0.6666666666666666,8,5,GGTGGTAAACTGGACCTTAA,3,580146
araCp,5.166666666666667,35,5,GGTGATGCCTCAAACACAGG,30,534468
araCp,3.5,25,5,GGTCTGTTCTAGCATCGATG,20,530249
araCp,1.8333333333333333,15,5,GGTCCACTGCGTGACGCATA,10,554064
araCp,1.8333333333333333,15,5,GGTAGGTCGCGACTGGATGC,10,535699
araCp,3.3333333333333335,24,5,GGTAAATACTGCCTGATCCA,19,571788
araCp,1.0,10,5,GGTAAAGCCCCATGACCCGC,5,564677
araCp,1.5,13,5,GGGTGCACAACGAAAGTACG,8,593640
araCp,0.3333333333333333,6,5,GGGTCGTCGGATGACAACCG,1,547447
araCp,0.8333333333333334,9,5,GGGGAGGCTCCCGTTTAGGA,4,588496
araCp,1.1666666666666667,11,5,GGGCGGTGTGAATCTTTTGT,6,586787
araCp,1.0,10,5,GGGCGATCTGAGACAAATAA,5,585554
araCp,4.5,31,5,GGGATTGAAACGTTGACGAC,26,587841
araCp,0.8333333333333334,9,5,GGGATGAGTAAGGATGGTGT,4,588141
araCp,1.8333333333333333,15,5,GGGAGTAATCTTGACTGTTG,10,596563
araCp,1.3333333333333333,12,5,GGGAAGTACCCTTTGGAGTC,7,529553
araCp,5.0,34,5,GGGAAATGTGGCGAGCCTCT,29,543363
araCp,4.5,31,5,GGCTTGTGGCGGCTTCAGGT,26,565390
araCp,5.0,34,5,GGCTTCCCCGAGTCCGTAAA,29,540051
araCp,2.8333333333333335,21,5,GGCTGCAGTTGCTATAATTT,16,594761
araCp,2.5,19,5,GGCGTTTGCGGGTTTCTGCG,14,534221
araCp,1.5,13,5,GGCGACAATGGGGTAGCAAG,8,551319
araCp,0.3333333333333333,6,5,GGCCGCGGGGCCAATTCCTG,1,555446
araCp,1.8333333333333333,15,5,GGATTTGTAGTCCGTTAATG,10,570806
araCp,2.0,16,5,GGATGTTCGGAACGGGCCAC,11,537028
araCp,2.0,16,5,GGATCTGTTCCTATACTCGA,11,548596
araCp,1.6666666666666667,14,5,GGATAGCATCAAAGAGGTCG,9,565144
araCp,0.6666666666666666,8,5,GGAGCTCTGTAGTCGTGGTG,3,559683
araCp,2.5,19,5,GGAGCATCATGCGACCTCAA,14,542000
araCp,0.3333333333333333,6,5,GGAGATCCCGTCAAGAAATT,1,563380
araCp,1.8333333333333333,15,5,GGACTGAGTTATATCACCTG,10,543656
araCp,2.6666666666666665,20,5,GGACGCGGCGTCAGCGTGTA,15,571173
araCp,4.833333333333333,33,5,GGACCGCGTGTGCATTGTAG,28,548012
araCp,1.8333333333333333,15,5,GGACATGTGTAACCAGAAGC,10,540483
araCp,2.5,19,5,GGAAGGGCGAAGTCCCCTAG,14,528505
araCp,2.8333333333333335,21,5,GGAAGAGGTGAGTGCCTATG,16,576800
araCp,13.666666666666666,86,5,GGAACGCGAGGTCCTCGAGT,81,546862
araCp,1.6666666666666667,14,5,GGAAAATCGGACTCGATAAC,9,544210
araCp,2.1666666666666665,17,5,GCTTGTTTATGATGGACAGA,12,599390
araCp,1.8333333333333333,15,5,GCTTGTGCGTAGAATACTCA,10,528101
araCp,3.8333333333333335,27,5,GCTTCAGAAGAAATTTCCAG,22,570992
araCp,5.833333333333333,39,5,GCTTACCACAGGCCATTACA,34,584631
araCp,5.333333333333333,36,5,GCTGTGAGGCAATCAATGCT,31,553667
araCp,1.1666666666666667,11,5,GCTGTCATAAGTGGCGTGGC,6,545062
araCp,2.6666666666666665,20,5,GCTCTCGTGGTATACTGTAA,15,547807
araCp,1.5,13,5,GCTCAGCCACGAATAAGTAA,8,533672
araCp,7.0,46,5,GCTCAGATCTACAGGAGGCC,41,561553
araCp,2.6666666666666665,20,5,GCTATCAGGACCTCTGGCGC,15,554178
araCp,8.166666666666666,53,5,GCTAACTCCCACTCTGCGCA,48,598210
araCp,1.8333333333333333,15,5,GCTAACCTGAGCAAACCAGC,10,556050
araCp,3.5,25,5,GCGTCGTCTCAACTAACGGA,20,550323
araCp,2.1666666666666665,17,5,GCGCTCTTTATTAGGATGGC,12,575995
araCp,2.3333333333333335,18,5,GCGCGGAGCGTGAATTTAGT,13,588843
araCp,3.6666666666666665,26,5,GCGCCGTGCCCCCCCAGTAG,21,600604
araCp,1.1666666666666667,11,5,GCGATTAGCTCTTTCTCTAG,6,527223
araCp,1.1666666666666667,11,5,GCGATGTTCTCGAGTGGGTT,6,562774
araCp,2.1666666666666665,17,5,GCGACTTGCTGCAGCCGACA,12,594292
araCp,5.333333333333333,36,5,GCGACGCTAGTCAACTGCAA,31,567118
araCp,2.3333333333333335,18,5,GCGAAGGTCTTCCGGCCATC,13,554950
araCp,0.3333333333333333,6,5,GCCTGATTGCTCTCCATTAG,1,567015
araCp,1.0,10,5,GCCTCTTACAAACTCAATTA,5,591643
araCp,4.333333333333333,30,5,GCCTATTTTATGAGCACAGC,25,576953
araCp,3.8333333333333335,27,5,GCCGAACTACCTCTTTCCCG,22,556033
araCp,1.6666666666666667,14,5,GCCGAAACAGCGGTTTGGAC,9,598777
araCp,3.8333333333333335,27,5,GCCCGTGGTCATACTCCGGC,22,582143
araCp,1.3333333333333333,12,5,GCCATAGGGAGGATCATTGA,7,562173
araCp,2.6666666666666665,20,5,GCCAGAACTGTCGAGGGCGA,15,540344
araCp,0.8333333333333334,9,5,GCAGTTTCAACCCTTGCGTT,4,528542
araCp,3.6666666666666665,26,5,GCAGTGACGGAAAGTTATAA,21,558988
araCp,8.0,52,5,GCAGTCAGAGCCTGTTCGAA,47,570124
araCp,2.0,16,5,GCAGGAACGTGAGGGAGTGA,11,585067
araCp,8.5,55,5,GCAGATGTATATTTCAGTTA,50,558985
araCp,2.0,16,5,GCACTTAGGACGTAATTACC,11,601443
araCp,0.3333333333333333,6,5,GCACGGGAATCGTTATGGCT,1,563868
araCp,5.666666666666667,38,5,GCACGGAGTCCGATAATAAT,33,583835
araCp,2.1666666666666665,17,5,GCACAATTAGTAAATAAAGA,12,577800
araCp,0.3333333333333333,6,5,GATTTTGCCCTGCTGGGAAT,1,564347
araCp,15.333333333333334,96,5,GATTTACTCGAATGAGGCTA,91,535917
araCp,2.1666666666666665,17,5,GATGTGCTTTGCTCGCCCCT,12,544030
araCp,1.8333333333333333,15,5,GATGGCACTACCGGCATATT,10,537441
araCp,1.1666666666666667,11,5,GATGCTTATCTACAAAGCCG,6,598150
araCp,0.3333333333333333,6,5,GATGCATATGATGCTTTCAT,1,555092
araCp,0.5,7,5,GATCCGCGTTAGCACCTCCT,2,559358
araCp,4.0,28,5,GATCAGTGGGACGGTGAACA,23,575798
araCp,2.5,19,5,GATCAAACGTGTTTACTTCC,14,544754
araCp,1.0,10,5,GATAGGTTTACTGCCTGGAT,5,590919
araCp,4.833333333333333,33,5,GATAGGGTTTTGTAAAATCT,28,527308
araCp,2.6666666666666665,20,5,GATAAGTAGAATTCGGTCTA,15,595780
araCp,0.3333333333333333,6,5,GATAAGGAATGGGGGACCAT,1,542224
araCp,1.0,10,5,GAGTTAGTAGAGTGGAATCG,5,569711
araCp,2.1666666666666665,17,5,GAGGGTCTTCTCTGTTCATT,12,550345
araCp,1.6666666666666667,14,5,GAGGCTTTACCATGTAGCAA,9,554454
araCp,1.1666666666666667,11,5,GAGGAGTTGTTTAGAAAAGG,6,559102
araCp,0.5,7,5,GAGCCATTGCATATCGGTAT,2,529844
araCp,2.1666666666666665,17,5,GAGCACTGCATGGTGGGACT,12,590941
araCp,1.1666666666666667,11,5,GAGAGGCCAATCTTAGCCCT,6,559952
araCp,2.6666666666666665,20,5,GAGACTTCAATAGCTATCCC,15,601831
araCp,0.5,7,5,GAGACCCAAGCATAGAACTA,2,578791
araCp,4.0,28,5,GACTTTGCGAGCGTCGGGAT,23,546981
araCp,2.3333333333333335,18,5,GACTGCATTGGAGTCCTGTG,13,603356
araCp,21.666666666666668,134,5,GACTCGGGGCTGGATCGACC,129,561551
araCp,1.3333333333333333,12,5,GACGCCAGAGAGTGAGCCAT,7,593923
araCp,2.1666666666666665,17,5,GACCTCTTTGGAACCACATA,12,538700
araCp,0.5,7,5,GACCAGGTGCTTAAGGCCGG,2,581502
araCp,3.3333333333333335,24,5,GACAGACTGACTGCTTTTAC,19,559702
araCp,2.0,16,5,GAATGCCCTTCCGGTAATGG,11,537437
araCp,2.8333333333333335,21,5,GAATCAGCTCACCTACCAGA,16,530676
araCp,2.6666666666666665,20,5,GAATCACGTCTCCTACTTCT,15,597615
araCp,2.3333333333333335,18,5,GAATAGTGTGCGAAAACAGG,13,543668
araCp,3.5,25,5,GAAGTGCCGTATCGAAATTT,20,562643
araCp,1.0,10,5,GAAGTCGTCTACCTCTATAA,5,548984
araCp,2.8333333333333335,21,5,GAAGGCAACATAACCCCTCG,16,557922
araCp,2.1666666666666665,17,5,GAAGCCTACAAAAAGTACCT,12,580940
araCp,2.3333333333333335,18,5,GAACTCCGGACATAGTTTAG,13,556113
araCp,2.1666666666666665,17,5,GAACACCATACAATACTCGA,12,593317
araCp,2.3333333333333335,18,5,GAAACTCATGAAAGAAACCC,13,530293
araCp,0.3333333333333333,6,5,CTTTTATGCCAACGCTCCCA,1,533117
araCp,2.6666666666666665,20,5,CTTTGGTGAGAAGACGGGTG,15,588138
araCp,3.5,25,5,CTTGCTGGATTAGGTGATCA,20,571827
araCp,5.0,34,5,CTTGCTGCATCGGGGTCTAT,29,530260
araCp,1.6666666666666667,14,5,CTTCTGTGTTATCTTGGGCT,9,591598
araCp,1.0,10,5,CTTCGTGACAGGGACCTTTG,5,537413
araCp,0.8333333333333334,9,5,CTTCGTAAAGGGATACGGGG,4,590065
araCp,2.0,16,5,CTTCCATAAGCGGCCTGTCT,11,578000
araCp,2.5,19,5,CTTATGCCGAATTAGTTCGG,14,586759
araCp,1.1666666666666667,11,5,CTTATACAATTTCACTCGGC,6,537846
araCp,2.3333333333333335,18,5,CTGTCTGCAGCAAATCGTCT,13,546722
araCp,0.3333333333333333,6,5,CTGTACCAGGCGTTCTTATC,1,539877
araCp,2.3333333333333335,18,5,CTGTAATTTAGGGAAGTGCG,13,557047
araCp,11.333333333333334,72,5,CTGGTGGGCCGACAAGCAAT,67,576381
araCp,1.5,13,5,CTGGTGGATCCCACAGCCTT,8,563075
araCp,0.3333333333333333,6,5,CTGGTGCATGTCACCGGTAA,1,584779
araCp,1.0,10,5,CTGGAGCGGTCTAATTGACA,5,576570
araCp,1.8333333333333333,15,5,CTGAGGGTGTAGTCTCCAAT,10,537010
araCp,0.6666666666666666,8,5,CTGAGATCATCCGGGTATTT,3,595751
araCp,10.166666666666666,65,5,CTGACTTAAGCAAGGTTCCA,60,585862
araCp,3.5,25,5,CTGACGTGTGCTAATTTTTT,20,599388
araCp,3.1666666666666665,23,5,CTGACAAGCGATAATCCATA,18,547368
araCp,4.0,28,5,CTGAAACATCAATCACGGAG,23,557919
araCp,2.8333333333333335,21,5,CTCTTTCGGGTAGTTCCTGC,16,526613
araCp,3.6666666666666665,26,5,CTCTTGAGCATCATTTGAGA,21,578528
araCp,0.3333333333333333,6,5,CTCTGTGAGCACTCGTAGCG,1,540333
araCp,1.0,10,5,CTCTGCTCGGGGTCAGCAAA,5,576940
araCp,1.3333333333333333,12,5,CTCTGATCATCTATGTTAAA,7,589341
araCp,2.0,16,5,CTCGTATAGCTGGGCAGGTT,11,573962
araCp,0.3333333333333333,6,5,CTCGTACGCTCTTCATCCAC,1,599912
araCp,4.5,31,5,CTCCTGAATCAATTGCCTTA,26,591638
araCp,2.3333333333333335,18,5,CTCCTCATACGCCGGATATG,13,549722
araCp,2.0,16,5,CTCCGGGCATACTGGCGCTT,11,548358
araCp,3.1666666666666665,23,5,CTCATGCCGCATGGGCGGTC,18,560449
araCp,0.3333333333333333,6,5,CTCATATCTGCTGGCTCTTT,1,592066
araCp,3.1666666666666665,23,5,CTCACAACTGAAGTTGTTAG,18,561010
araCp,0.6666666666666666,8,5,CTAGTTCCTCACCGTCTAAG,3,572978
araCp,4.833333333333333,33,5,CTAGGTGCCCCTATAGTAAC,28,562861
araCp,8.5,55,5,CTACGTTTTGGCGGGTGAAA,50,596992
araCp,1.0,10,5,CTAATCCTGGCGCGCGACAT,5,526745
araCp,1.8333333333333333,15,5,CTAACACAGACGTCAGAGTC,10,540187
araCp,2.5,19,5,CGTTTGTCATGGCACCCGTA,14,543039
araCp,0.5,7,5,CGTTTAAACATGGCGGAGGT,2,577802
araCp,1.3333333333333333,12,5,CGTTGGGCGCTATTCAACAT,7,594438
araCp,2.8333333333333335,21,5,CGTTCACCATAGGAGCCGTG,16,525573
araCp,7.166666666666667,47,5,CGTGTTCACTACCGTGAGAT,42,534616
araCp,2.8333333333333335,21,5,CGTGGTCGAGTCGTCACCGT,16,570773
araCp,2.8333333333333335,21,5,CGTGGGTGAGTGACATCGAC,16,548597
araCp,7.0,46,5,CGTGATTGCGAGTCGTCTCA,41,581382
araCp,0.5,7,5,CGTCCGAGAGCAGTTTAGCA,2,548251
araCp,2.3333333333333335,18,5,CGTCAGCGCCGCTCCAGATA,13,597770
araCp,1.1666666666666667,11,5,CGTAACACTCTGGGGCACTC,6,574189
araCp,2.5,19,5,CGTAAATTTAACGTTTGCTA,14,579770
araCp,1.3333333333333333,12,5,CGGTGGCATCTATAAGTATT,7,568893
araCp,20.833333333333332,129,5,CGGGGGTTCGGTGCGGCCAG,124,592373
araCp,2.8333333333333335,21,5,CGGGCTTGGGTACAGCTGCA,16,551865
araCp,2.0,16,5,CGGGAGGAAGACGGGTTAAT,11,563684
araCp,1.3333333333333333,12,5,CGGCTTGGAGCTAGGCTTAA,7,526398
araCp,2.0,16,5,CGGCGTTCCGTAATCGTTAT,11,572180
araCp,9.5,61,5,CGGAGCCGAATAACGGGACA,56,534637
araCp,2.6666666666666665,20,5,CGGAATACGACGGACCAACA,15,572891
araCp,3.3333333333333335,24,5,CGGAACCATGCCCATCATCG,19,557700
araCp,20.666666666666668,128,5,CGCTTAGGTAGTCGATTGCG,123,576463
araCp,2.5,19,5,CGCTCCCTCAAGCACTCTAA,14,601796
araCp,1.1666666666666667,11,5,CGCTATTCTAGAACGTGGTT,6,546471
araCp,0.3333333333333333,6,5,CGCGGCTCTCACCTCTCTGT,1,589991
araCp,4.5,31,5,CGCGCGCAGTGTGCCAGTCT,26,586271
araCp,1.6666666666666667,14,5,CGCCCTTGCTACACGCACCG,9,558650
araCp,0.8333333333333334,9,5,CGCAAGTAAGCTTTCTTACC,4,579841
araCp,3.5,25,5,CGATCGTCAGCCCATTGCAA,20,550812
araCp,3.0,22,5,CGAGCAGAAGCTGAAGATTT,17,553191
araCp,0.8333333333333334,9,5,CCTTGTTGACGTAGGTTGTA,4,583564
araCp,4.0,28,5,CCTTGCCAACATTCTGTCCA,23,590170
araCp,22.5,139,5,CCTGTCCCGCTCGTACGAGT,134,594830
araCp,2.1666666666666665,17,5,CCTCCTATGCGACCTAGAGG,12,601074
araCp,3.0,22,5,CCTAGTAAACGTCACTCTCG,17,546639
araCp,7.5,49,5,CCTAGGTCTGGATAGCGTGA,44,541438
araCp,1.3333333333333333,12,5,CCTACTCTATTAGGTACCAA,7,535583
araCp,2.0,16,5,CCGTTCTTTAGCTAAATGGC,11,534004
araCp,3.6666666666666665,26,5,CCGTGTGACGCTTCCGTTGT,21,576310
araCp,12.0,76,5,CCGTGCTAAGGTTTATATAA,71,598620
araCp,4.166666666666667,29,5,CCGGTGTCGCCGGTCCGCTA,24,532669
araCp,1.8333333333333333,15,5,CCGCGTTACAAGCTTTGGAA,10,547089
araCp,1.6666666666666667,14,5,CCGATATGACATCGCCGTTA,9,563223
araCp,0.8333333333333334,9,5,CCGATAATTCTATAGGTCCT,4,573066
araCp,0.8333333333333334,9,5,CCGAACGAGCCCTGACGAGC,4,571992
araCp,2.1666666666666665,17,5,CCCTTGGGTGAACCTTCGGA,12,532857
araCp,0.5,7,5,CCCTTAGGTTATCTCCCCAA,2,598285
araCp,2.1666666666666665,17,5,CCCTGCCGATGAAAAGGCGT,12,596817
araCp,4.166666666666667,29,5,CCCGTTTCCGGACCATCGAG,24,603413
araCp,3.5,25,5,CCCGATGGAAGGACGGAGTT,20,588781
araCp,1.3333333333333333,12,5,CCCCTGATTGCAGATCTCGT,7,576879
araCp,0.3333333333333333,6,5,CCCCTCCATTTAGGCCGGAG,1,565292
araCp,1.6666666666666667,14,5,CCCATTTACTACGGGACCGA,9,553795
araCp,2.5,19,5,CCCACTTGGCGGCTGAGTAA,14,534570
araCp,1.0,10,5,CCATTGTAGGTTGCGGCGCT,5,573485
araCp,1.1666666666666667,11,5,CCATGATCTATGCTTTGCTT,6,553671
araCp,2.0,16,5,CCATCTGAGCAAGGTACATG,11,590104
araCp,1.8333333333333333,15,5,CCAGTCCGAATATGTGCCGG,10,548825
araCp,2.8333333333333335,21,5,CCAGGGTCTGTACTGAAATA,16,599301
araCp,2.0,16,5,CCAGACTGTTCATATCAAAC,11,531423
araCp,4.5,31,5,CCACAGAAGCTTTGGTGCTC,26,576194
araCp,1.1666666666666667,11,5,CCAATCGTTAGGTAGCTCAC,6,544555
araCp,5.166666666666667,35,5,CCAACCGCGAAAAGGGTGGG,30,599623
araCp,4.0,28,5,CATTGTATAGCTAACACCGT,23,534639
araCp,6.333333333333333,42,5,CATTACGAAAAGATTTTTGG,37,543814
araCp,2.5,19,5,CATTAACAAATCTTGAGCTT,14,560437
araCp,1.5,13,5,CATGTTGGCCACCCCGCTAA,8,529299
araCp,0.3333333333333333,6,5,CATGTTAAGGGATTCTATTG,1,533549
araCp,1.8333333333333333,15,5,CATGTGTCCCGACCCTCAAA,10,581248
araCp,3.0,22,5,CATCGCGTGACAGCTTGAAG,17,602297
araCp,3.0,22,5,CATCATCTGCGTAGGACTTC,17,588901
araCp,1.8333333333333333,15,5,CATCAGCGCCAGCCACCCGG,10,573297
araCp,2.1666666666666665,17,5,CAGTTTCATGGAGTCTGACA,12,529676
araCp,2.1666666666666665,17,5,CAGTCTTGGCAAGAGGTTCC,12,537291
araCp,0.8333333333333334,9,5,CAGTCGCCTTCCCAGGGACT,4,597362
araCp,1.5,13,5,CAGTAATATCATATTAACTA,8,596885
araCp,1.3333333333333333,12,5,CAGTAAACTCAAGATCTCTA,7,535085
araCp,1.8333333333333333,15,5,CAGGGTACAGGACACTTCGA,10,546433
araCp,1.0,10,5,CAGCTACACGGGGCTCTAAA,5,595788
araCp,0.6666666666666666,8,5,CAGATCCCCAGACTTCTTCA,3,538387
araCp,0.3333333333333333,6,5,CACTGGCTAATCTTCACTTC,1,541544
araCp,1.5,13,5,CACTGCGGGACCATATTTGG,8,537853
araCp,0.8333333333333334,9,5,CACTCGGTGGGGGGGTTGTC,4,571823
araCp,4.666666666666667,32,5,CACGACTGGGATTCACCAAT,27,527301
araCp,3.0,22,5,CACAATTGCCTCTGCGGCAG,17,587055
araCp,0.8333333333333334,9,5,CACAACCCTTCCGAAAGCGA,4,533984
araCp,5.166666666666667,35,5,CAATTCCCTGGTGACCCCAG,30,569906
araCp,1.1666666666666667,11,5,CAATTACCATGGGTAACGCT,6,552710
araCp,1.8333333333333333,15,5,CAATGCGTTGATCTTCGGGA,10,589278
araCp,1.6666666666666667,14,5,CAATATGACACGGACGGGCA,9,600855
araCp,4.333333333333333,30,5,CAAGGGCCTACACAGGTCGC,25,582604
araCp,1.8333333333333333,15,5,CAACTTTTGTAGGTAGATTC,10,568824
araCp,0.3333333333333333,6,5,CAACCTACCGGCCATTAATG,1,564033
araCp,14.0,88,5,CAACATTAGTACATTTGGAT,83,565993
araCp,1.8333333333333333,15,5,CAACACCAGCGTGGTAAGGT,10,546058
araCp,1.1666666666666667,11,5,CAAACTGTTGATAGTTACTG,6,582571
araCp,2.3333333333333335,18,5,ATTTTTCAGAGCCCTTTAAA,13,553675
araCp,0.3333333333333333,6,5,ATTTTAGCTCGCTTACTGTT,1,552616
araCp,2.0,16,5,ATTTGCTGGGCATCAAGCAG,11,557823
araCp,1.3333333333333333,12,5,ATTTATGGATCGACTCTAAT,7,548411
araCp,1.5,13,5,ATTGAATTTGATCACGTATT,8,573028
araCp,1.8333333333333333,15,5,ATTCAGGGCGAGTGGCACCG,10,556829
araCp,1.6666666666666667,14,5,ATTACTGGGAATGATGCCCT,9,588086
araCp,4.833333333333333,33,5,ATTACAGCCTGTTCAGCGCC,28,537095
araCp,4.833333333333333,33,5,ATGTGCCCATGGGTCTAGAG,28,575301
araCp,14.833333333333334,93,5,ATGGTAATCGAATTCGCGAG,88,533126
araCp,4.666666666666667,32,5,ATGGGGATAAAGTGAGGCAA,27,576349
araCp,1.0,10,5,ATGGCAGAACCTATTGGGCT,5,546266
araCp,1.1666666666666667,11,5,ATGGATCTTTATTAATGTCA,6,560717
araCp,1.5,13,5,ATGGAAGAGGCTAGAACCGA,8,547552
araCp,1.1666666666666667,11,5,ATGCTATTGCCCGAGTCTCT,6,578878
araCp,2.8333333333333335,21,5,ATGATGGTTAAGGATGTAAA,16,581249
araCp,0.8333333333333334,9,5,ATCTTTTTGCTCTTAGGCCT,4,538830
araCp,1.6666666666666667,14,5,ATCCTAATCCGGACCAGGTG,9,547024
araCp,0.8333333333333334,9,5,ATCCGATGTTCTTTAGCCGT,4,574275
araCp,2.0,16,5,ATCCAAGGAATTCCTGCACT,11,597206
araCp,1.1666666666666667,11,5,ATCATTATACCTACAGACAC,6,587639
araCp,2.1666666666666665,17,5,ATATTACAGGTAGTTGAAAG,12,534471
araCp,0.8333333333333334,9,5,ATATGGTCACCTGCTAAAAG,4,556946
araCp,2.5,19,5,ATATCTGTCCTGCACTGCAT,14,558535
araCp,2.6666666666666665,20,5,ATATCATCCTCTAAATAAGG,15,566156
araCp,11.0,70,5,ATAGCTTCATTCGGGACCAT,65,534681
araCp,1.1666666666666667,11,5,ATACGGACGCATTATCCCCT,6,598773
araCp,2.1666666666666665,17,5,ATACACTTTTCGAGCAGTGA,12,567732
araCp,3.3333333333333335,24,5,ATAACTTGACCTGGATTAAA,19,532329
araCp,4.0,28,5,AGTTTTTCAAGAACGCGCAT,23,534017
araCp,2.1666666666666665,17,5,AGTTGACGACCGCGTATTTA,12,534295
araCp,4.166666666666667,29,5,AGTGGGACTTGATCTATCGT,24,532077
araCp,2.0,16,5,AGTGGCTTCTCGGGACAGTT,11,592334
araCp,9.0,58,5,AGTGCCTCGTTTTACACCCG,53,541044
araCp,2.3333333333333335,18,5,AGTGCAGACCGACGACACAG,13,560884
araCp,4.0,28,5,AGTCTCGGTGCATCGCCATT,23,572679
araCp,1.3333333333333333,12,5,AGTCCAATGCACGTCTTCCT,7,532128
araCp,0.5,7,5,AGTCAGACTCAGCACACTAT,2,581301
araCp,5.0,34,5,AGTACCAGAAGACTGGCGGT,29,545518
araCp,3.0,22,5,AGTAATTACCCTGACGGACG,17,576520
araCp,1.1666666666666667,11,5,AGGTGGGTTTATGCATCGGC,6,558091
araCp,2.3333333333333335,18,5,AGGTATTGGAACCATACAAT,13,556982
araCp,126.0,760,5,AGGTAGATGTCTGCCTCATT,755,579907
araCp,3.1666666666666665,23,5,AGGTAGACCAGCTGACTCGC,18,592781
araCp,2.0,16,5,AGGGTTGGTAAAGCGTGGCA,11,581796
araCp,1.0,10,5,AGGGGTCACGGTTCTTCGGG,5,548369
araCp,2.5,19,5,AGGGGACAACATCCGTAACC,14,540591
araCp,1.0,10,5,AGGGAGCGTTGCGATTCATA,5,565936
araCp,1.5,13,5,AGGCGTGGGTTTTGTACTTA,8,556867
araCp,2.8333333333333335,21,5,AGGCAGACTTCTTAGGTTGT,16,527076
araCp,0.5,7,5,AGGAGGAAGTGCGTCAAAGC,2,603248
araCp,4.833333333333333,33,5,AGGAGCCACCGAGTTAAGGC,28,559997
araCp,4.833333333333333,33,5,AGGACGGATTCTGTGTCAGA,28,550606
araCp,0.6666666666666666,8,5,AGGACAGGTGTAGCGTATAT,3,597554
araCp,2.0,16,5,AGCTTAACCCTCGTGCAATA,11,563759
araCp,2.0,16,5,AGCTCCCTCTGAAGTATGAT,11,577981
araCp,1.0,10,5,AGCTACCCCGAGTTTAGCTT,5,547045
araCp,0.8333333333333334,9,5,AGCGCAGTGACTTCGTCCTC,4,537889
araCp,6.0,40,5,AGCGAGAAGGGGCTAATTCC,35,555267
araCp,1.8333333333333333,15,5,AGCGAACCACAAGGATACCT,10,575981
araCp,5.5,37,5,AGCCGGAAATCCGAACAATT,32,551771
araCp,1.8333333333333333,15,5,AGCCAGCCGGGATCGCCTTT,10,546385
araCp,3.1666666666666665,23,5,AGCATGGGGTTCACGTCTGT,18,570365
araCp,2.1666666666666665,17,5,AGCACTCCCGGTCTAACACA,12,603387
araCp,1.6666666666666667,14,5,AGATCTGATAACATTCATTG,9,539138
araCp,4.666666666666667,32,5,AGATATCGTTACCATAAACT,27,593314
araCp,0.8333333333333334,9,5,AGAGTTGAAAGCGCTCACTC,4,529653
araCp,2.1666666666666665,17,5,AGAGTATTTCGTGTCCTCGA,12,548360
araCp,5.166666666666667,35,5,AGAGCTGGCGCCTAACGTGG,30,532800
araCp,1.3333333333333333,12,5,AGAGCGCCACATAATGAACT,7,600401
araCp,18.166666666666668,113,5,AGAGACATATATTTGAGACG,108,596188
araCp,5.5,37,5,AGAGACAGGCGGTAGGTGGA,32,534250
araCp,3.5,25,5,AGACTTACGAGGATACCCCC,20,578881
araCp,3.3333333333333335,24,5,AGACTCCCCGTCTAGCGGAT,19,527329
araCp,5.166666666666667,35,5,AGACCTTTTTAACTTACTGC,30,572031
araCp,1.1666666666666667,11,5,AGACATGCTCAAGTGCATAC,6,526447
araCp,1.3333333333333333,12,5,ACTTCAACGGGGCGCGTTAC,7,558383
araCp,3.6666666666666665,26,5,ACTTAACACGGCCTCGGTTT,21,555351
araCp,3.8333333333333335,27,5,ACTGAGTCGCAACTTACCTT,22,556437
araCp,1.8333333333333333,15,5,ACTCGGCGCACGGCCTGAGT,10,554960
araCp,5.333333333333333,36,5,ACTCGCGACATCTTATCGTT,31,562716
araCp,2.1666666666666665,17,5,ACTCCACGAAGTGACGGAAT,12,577155
araCp,5.666666666666667,38,5,ACTCAAATACTGTCCTCCTC,33,603070
araCp,1.1666666666666667,11,5,ACTATTGCGAGACGTAAAAT,6,595785
araCp,5.5,37,5,ACTAGCACAGACGGGGACGA,32,599166
araCp,1.6666666666666667,14,5,ACTAGAGAGTGCATGGCCTT,9,573761
araCp,9.833333333333334,63,5,ACTACCTCGATTCGGCACTA,58,593118
araCp,3.3333333333333335,24,5,ACGTGGATTCGTCCTGCAGC,19,551688
araCp,1.0,10,5,ACGTGCTTCACATGAGTTGG,5,541781
araCp,4.0,28,5,ACGTGATGTTATTCGCATAA,23,566018
araCp,2.6666666666666665,20,5,ACGCACAACTGCGTACGAAT,15,569922
araCp,2.5,19,5,ACGCAATCAGCCTCGGAACT,14,540904
araCp,1.1666666666666667,11,5,ACGACGTACCATACCAGAGT,6,546729
araCp,1.8333333333333333,15,5,ACGAAGCCACAGCACGCAAA,10,572175
araCp,2.5,19,5,ACCTGCTCCTCACCAAAGTC,14,549654
araCp,1.0,10,5,ACCTCGGAATGGCCGAGCAG,5,538864
araCp,2.1666666666666665,17,5,ACCTAATACTCGGTATAAGT,12,600958
araCp,2.1666666666666665,17,5,ACCGTTTGTTGGTATCAAAT,12,550866
araCp,1.6666666666666667,14,5,ACCGTCTGCAAAGGGGCAAT,9,526823
araCp,2.6666666666666665,20,5,ACCGGTGAGTACGGGCCGTT,15,560390
araCp,1.0,10,5,ACCGAAACTCGCAAGCTACA,5,549928
araCp,2.0,16,5,ACCCGTTAGGCTTGATAAGT,11,559660
araCp,1.1666666666666667,11,5,ACCCCCTGAAAATCAGGACA,6,582198
araCp,1.6666666666666667,14,5,ACCCATGCGAGCGCACATAC,9,544944
araCp,1.6666666666666667,14,5,ACATCTTCAAAAGGATCGGA,9,527072
araCp,1.1666666666666667,11,5,ACATCCAGGGCACTACAAAC,6,532674
araCp,4.0,28,5,ACAGAGTTACTAGAATGGTC,23,574004
araCp,2.3333333333333335,18,5,ACACCCAAAGATATATGTAA,13,525629
araCp,6.333333333333333,42,5,ACAATTTGGTCAAATGGTCT,37,555692
araCp,3.6666666666666665,26,5,ACAATCATTAGGCTCTGCTA,21,580924
araCp,0.3333333333333333,6,5,AATTTGCTTCAGACCTGCGT,1,559815
araCp,0.6666666666666666,8,5,AATTTCCAACGCAGGTTTGT,3,569625
araCp,1.0,10,5,AATTGTTGGATTTTTGGGAA,5,548656
araCp,2.5,19,5,AATTGAAGACGTAGACTGCT,14,595353
araCp,0.5,7,5,AATTCTGGCTGATTCTCAAA,2,528364
araCp,2.3333333333333335,18,5,AATTCTAACTTATTCGCCGA,13,583028
araCp,1.3333333333333333,12,5,AATTATGTCTCCGTAAAGTC,7,547327
araCp,1.1666666666666667,11,5,AATTAACCGCCAGGGATAAG,6,588082
araCp,0.3333333333333333,6,5,AATGTGACGTCTGGCAAAAC,1,598320
araCp,3.6666666666666665,26,5,AATGTAGCAAACCAGTTTGA,21,603295
araCp,1.6666666666666667,14,5,AATGCAACATAACATCCCGT,9,541358
araCp,3.0,22,5,AATGATTCGATAGAATACAA,17,534089
araCp,2.1666666666666665,17,5,AATGACAAAGGCACTTTCCA,12,583019
araCp,2.1666666666666665,17,5,AATCCGGACATCCTATGGCA,12,555702
araCp,12.666666666666666,80,5,AATCATGGAACGTAAGAGTC,75,545793
araCp,0.5,7,5,AATCAGAGTGTCGTCCTGAA,2,600891
araCp,4.666666666666667,32,5,AATCACAATGTAACGCCTGT,27,529757
araCp,1.1666666666666667,11,5,AAGTGTGAGTGCTGGAAGCG,6,557371
araCp,10.333333333333334,66,5,AAGTAGTTGCACGTTTGTTT,61,547990
araCp,2.5,19,5,AAGGGGTTATTACCGTACCG,14,602191
araCp,3.0,22,5,AAGGACACAGATTAATGTTT,17,578542
araCp,1.5,13,5,AAGCTGGACTCAGTACTACA,8,566920
araCp,0.5,7,5,AAGCGTGTTTGTATACGTGC,2,536315
araCp,10.5,67,5,AAGATCTTCAATGTGTTCCC,62,576482
araCp,0.3333333333333333,6,5,AAGACCAATTGAATCACTTT,1,593642
araCp,1.3333333333333333,12,5,AAGACAAAAGCGCTACCTTG,7,587930
araCp,2.0,16,5,AAGAAGTAGCCCCCCATGTG,11,575210
araCp,2.3333333333333335,18,5,AAGAAGAACAGCCTTCGCTG,13,576568
araCp,0.6666666666666666,8,5,AACTCGGCCGGGTACACGTG,3,561732
araCp,8.333333333333334,54,5,AACTCGAGCATGGATGACGA,49,576872
araCp,2.3333333333333335,18,5,AACTATTATAGCGCGCTAAC,13,545445
araCp,5.333333333333333,36,5,AACTATAGAGTTTAGCTTGA,31,542518
araCp,1.0,10,5,AACTACAATTTTCGCGGGCA,5,532517
araCp,0.5,7,5,AACGCTGACAGATCACTGGG,2,526989
araCp,26.166666666666668,161,5,AACGCTCCTTGGCCGACTAA,156,525867
araCp,2.5,19,5,AACGATACATTAAGTCCTTT,14,571447
araCp,0.3333333333333333,6,5,AACCGCCGCCACGATTCCTC,1,530242
araCp,2.3333333333333335,18,5,AACCCTCGCACTACACTTAG,13,544989
araCp,1.1666666666666667,11,5,AACCAGTCAAACCTCCTGTA,6,548604
araCp,3.0,22,5,AACATCCGGACGTAGTGGCT,17,553241
araCp,3.1666666666666665,23,5,AACAGCTATCGCGGACGTGG,18,597866
araCp,3.0,22,5,AACACTACTCGTAAAGTTGT,17,535491
araCp,0.5,7,5,AACAAGCGCAGTCTCGCAAT,2,588220
araCp,3.1666666666666665,23,5,AAATTACCATATCGCTCAGT,18,540534
araCp,2.0,16,5,AAATCAGTGTCTGGTTCAAA,11,530381
araCp,0.8333333333333334,9,5,AAATCAGCGATGATATAAGT,4,566895
araCp,4.0,28,5,AAAGTACCCTGAATCGAAAA,23,541721
araCp,0.3333333333333333,6,5,AAACCGATTCATAGAAGACT,1,558224
araCp,3.3333333333333335,24,5,AAAATTAAGCGACTTATCCT,19,556966
araCp,1.1666666666666667,11,5,AAAAGGCAGTTCCGGGTTGA,6,561765
araCp,1.2,9,4,TTTTTTATTACGTTGCGTTA,5,600243
araCp,7.2,39,4,TTTTCCCGCATTCCTAGTAT,35,591542
araCp,4.4,25,4,TTTTCCACTTCGGCTAGTAT,21,533394
araCp,4.2,24,4,TTTTATTATAGGTTGATTAT,20,543840
araCp,0.6,6,4,TTTTAGATCAGGTTACTCAG,2,588351
araCp,3.0,18,4,TTTTAAGGCGTCAGCTTTTT,14,529099
araCp,2.2,14,4,TTTGGGGGCATGGACTGAGC,10,545512
araCp,2.4,15,4,TTTGGCCAAAACGGGGAACC,11,561731
araCp,2.6,16,4,TTTGCTGGTTATCTTGGCAA,12,530564
araCp,3.0,18,4,TTTGAGAAAGGTAACCGGAT,14,578033
araCp,1.6,11,4,TTTCCTATCAGGGGGCTCTC,7,557419
araCp,0.8,7,4,TTTCCGACACTTTTGCTGGC,3,579344
araCp,4.4,25,4,TTTCCAGCCCGGTGGTTCAG,21,592455
araCp,6.8,37,4,TTTACTTGATGCGTCGCCTA,33,538136
araCp,1.4,10,4,TTTACGCAGTAAAGGCTCTT,6,583242
araCp,13.4,70,4,TTTACGAAGGGAGGATTGAC,66,544748
araCp,2.8,17,4,TTTACCGAGAGCGCCTAGTC,13,554754
araCp,19.4,100,4,TTGTTCGGCTCTAGAGGCCT,96,532701
araCp,7.4,40,4,TTGCGAATGGGAGAGACGAA,36,529198
araCp,2.8,17,4,TTGCGAAATTGTCGTGGGAT,13,573659
araCp,9.2,49,4,TTGAGGTTGACGCGTCGCTA,45,598578
araCp,1.6,11,4,TTGAAATTTCCCTCACATAA,7,585824
araCp,4.6,26,4,TTCTTTTACAGGGCACGAAT,22,535562
araCp,2.0,13,4,TTCTGTTGTTTCATTTCCAG,9,531430
araCp,2.0,13,4,TTCTGAGTTTGGTATACGAC,9,571588
araCp,8.4,45,4,TTCTGACAAAACTTCGACTC,41,597370
araCp,1.6,11,4,TTCTCTTCGAGGTACTCCAA,7,535184
araCp,0.4,5,4,TTCTCGTCGTCTGATTACCG,1,527302
araCp,3.2,19,4,TTCTATTTTGGGTGAATGCC,15,528786
araCp,1.6,11,4,TTCTATACCCGTCAGAATGT,7,587634
araCp,1.4,10,4,TTCTACTGAACATACCCCTA,6,566890
araCp,3.6,21,4,TTCGCAGACATTTTATAAGA,17,533050
araCp,2.0,13,4,TTCGAATTATACATGGAACA,9,574897
araCp,0.4,5,4,TTCCTGAGGTAAGCCAAAAT,1,595934
araCp,4.6,26,4,TTCCGTTAGTCCAAGGAATT,22,588073
araCp,3.2,19,4,TTATTCTTAACTCAAATGTT,15,540394
araCp,3.8,22,4,TTATCGGCCAGCTGCCAATT,18,577496
araCp,3.6,21,4,TTACGGACTACGTTTCCCAA,17,546340
araCp,0.4,5,4,TTACGAGTGCGTCCACGAGA,1,596698
araCp,1.8,12,4,TTACGAAGAGGTCGCGAGTG,8,542299
araCp,5.0,28,4,TTACCGCCTTGCGAATCTCG,24,594311
araCp,1.8,12,4,TTAATCTCCTTCCGAAACCC,8,588337
araCp,3.8,22,4,TTAAATAGGAGTTTTGATCA,18,555964
araCp,1.4,10,4,TGTTTGCTGTCGAGACAAAC,6,544450
araCp,2.8,17,4,TGTTTATCGGAATTGCACAC,13,594682
araCp,1.6,11,4,TGTTCTGTGATGGGGAGGTG,7,531340
araCp,1.0,8,4,TGTTCGATTGCCACTCGCGC,4,586237
araCp,3.2,19,4,TGTGTATCGAACTTTAGGTA,15,597626
araCp,1.6,11,4,TGTGAGTCGAAGCCCTCAAT,7,566521
araCp,2.4,15,4,TGTCGTAAGATGTAAGACGA,11,560392
araCp,2.2,14,4,TGTCAAACTCGCTAAGGGCT,10,545816
araCp,0.4,5,4,TGTACTCTCGTGTGAGATGC,1,553665
araCp,3.8,22,4,TGTACGAGCTTATAGAATCG,18,575315
araCp,3.2,19,4,TGTAACAAGTCTAGTACCTT,15,554214
araCp,3.8,22,4,TGGTGTTCTGTACGTCCCTT,18,535142
araCp,2.8,17,4,TGGTGCTTCATTGAAGTACC,13,547894
araCp,2.6,16,4,TGGGGTTGTCTGACATCCGT,12,595621
araCp,4.2,24,4,TGGGACGATGTATCGACTTG,20,594735
araCp,3.4,20,4,TGGCGAAAAGCTGTGTAAAA,16,528662
araCp,7.2,39,4,TGGCCATATTCAAATCGGCA,35,532666
araCp,4.0,23,4,TGGCAAGCGCGTGATCTTAT,19,533823
araCp,3.8,22,4,TGGCAACACGTTGCGTAGAT,18,573648
araCp,4.8,27,4,TGGATTGACCTCCTTGGCTG,23,553812
araCp,2.4,15,4,TGGATCTAGCCTCTCAGCTT,11,597042
araCp,1.8,12,4,TGGACAATACGAGAAAGGCA,8,596981
araCp,3.0,18,4,TGCTCGGGGTGTCTTCCGTA,14,581007
araCp,0.8,7,4,TGCTAATGATGCTTCGCCCT,3,599451
araCp,1.4,10,4,TGCGCAACGACGCAGGATAT,6,586731
araCp,0.4,5,4,TGCCTTATGAGACGGTCGTC,1,537816
araCp,1.8,12,4,TGCATTAAGAACGCGAATAT,8,577752
araCp,2.4,15,4,TGCACGTGCATGCGTATAAA,11,565997
araCp,25.4,130,4,TGCAAAGTTTGCACTTCAGA,126,530049
araCp,1.8,12,4,TGATGTTTTACGCGAGTGGA,8,597225
araCp,8.2,44,4,TGATCAAAGACAACGAGCGC,40,537501
araCp,1.2,9,4,TGAGTATCCTAGTCTCAGTA,5,530011
araCp,4.6,26,4,TGAGGGAGCACCATAACTGA,22,594681
araCp,6.0,33,4,TGAGAGATCTGTGTTAATGA,29,554518
araCp,29.6,151,4,TGAAGTCAGTTAGACAGTTG,147,546850
araCp,4.8,27,4,TGAACCTGAGGCGCGATTAA,23,556482
araCp,4.2,24,4,TGAAACCGGACCCGTTTGGT,20,573114
araCp,4.2,24,4,TCTTCTCGTGGGATTGGCAT,20,551478
araCp,0.4,5,4,TCTGCTACGCATCTGAGTTA,1,534347
araCp,3.0,18,4,TCTGATTTCGTAGGATCGCA,14,596587
araCp,2.2,14,4,TCTCGGCATGTAGGACAGCT,10,533279
araCp,6.6,36,4,TCTCCAGTCTTGGCTCGAAT,32,559821
araCp,2.0,13,4,TCTCACGTCAGAGTAAACCA,9,554253
araCp,3.6,21,4,TCTAGTTCAGTCCTCCCAAG,17,546800
araCp,3.4,20,4,TCTAGGTGAATTTGGCGGAC,16,584009
araCp,2.8,17,4,TCGTGTCCCCTTTCGACGAC,13,580874
araCp,3.0,18,4,TCGTGCTCGGCAGAAATTAC,14,572665
araCp,3.0,18,4,TCGTATCGGCGACATATCCC,14,588388
araCp,6.2,34,4,TCGGTGGCAGCCAGAGGCGC,30,564672
araCp,4.6,26,4,TCGGGCATACGCTTTATGGT,22,573965
araCp,0.4,5,4,TCGGACTGGACGAGCCGAAT,1,561552
araCp,1.0,8,4,TCGCAAGTTGTGGGTAATTG,4,595412
araCp,7.2,39,4,TCGATTTCCATATGAACGCA,35,592448
araCp,6.4,35,4,TCGAGTTGCAGGCCTAGAAT,31,571349
araCp,4.8,27,4,TCGACCCCGCTAATGCAACA,23,536857
araCp,0.4,5,4,TCCTTTGGGCAGTATGGTGA,1,535998
araCp,6.8,37,4,TCCTTCATCTATTCTCGTAT,33,533739
araCp,4.4,25,4,TCCTTATTCTGAGTAGACTG,21,598434
araCp,0.8,7,4,TCCTCGTGCCCACGCGGTCA,3,586440
araCp,1.6,11,4,TCCTATATTTGTGATATTTG,7,532501
araCp,1.6,11,4,TCCGCGTCCATAGGTTCTCG,7,573490
araCp,2.6,16,4,TCCGAGATGTAGGGGGTTGT,12,581363
araCp,0.4,5,4,TCCCTCGAGTCCATTGGTCT,1,582104
araCp,2.0,13,4,TCATGTTTTACTTAATAAAA,9,527311
araCp,6.0,33,4,TCATGTATCGGCACGGTGTC,29,542248
araCp,1.2,9,4,TCATGGGACTTCAAATCTCG,5,602100
araCp,2.4,15,4,TCATACTGAAGTAGTGTTGG,11,549927
araCp,2.6,16,4,TCAGTGTGGCAAATGGAATA,12,553143
araCp,2.4,15,4,TCACGCAGGGCTCCTCTCTT,11,594532
araCp,3.8,22,4,TCACGAGAAGGTTGGAACTT,18,537157
araCp,4.8,27,4,TCAAGCCTTAATTGAACGCG,23,594472
araCp,2.2,14,4,TCAACTGGCAGGAGGCACTA,10,589861
araCp,0.4,5,4,TATTTGGAGGTCCAGTGAGT,1,529978
araCp,2.0,13,4,TATTATTACAGCGCTGTGCT,9,588957
araCp,0.4,5,4,TATTAAGGAATTTTAATTCT,1,598155
araCp,6.2,34,4,TATGCAGTGGCTACGACATA,30,598949
araCp,5.6,31,4,TATCCTAGGATAAATAAAGT,27,533168
araCp,2.6,16,4,TATCATGGGTACATTTTCGT,12,596647
araCp,2.4,15,4,TATCAGAAATATTAGAATAT,11,561132
araCp,1.0,8,4,TATATTGGAGCGAATCTGCT,4,526224
araCp,2.8,17,4,TATAATGGTGAGCCAAATCG,13,599600
araCp,4.4,25,4,TATAAGAGCACAGCGTAAAT,21,565694
araCp,4.6,26,4,TAGGTACCTTTTGTAAGTTG,22,598812
araCp,2.8,17,4,TAGGCAAGGCCAGTTGAAGG,13,574083
araCp,13.8,72,4,TAGGACGTAAGGCAACGCGA,68,582120
araCp,1.2,9,4,TAGAGGTTCGTAGTCCCACT,5,550342
araCp,1.4,10,4,TAGAGGAAGAAGCTCCCGGG,6,596686
araCp,1.2,9,4,TAGAAGGTATAGGTTGGTAC,5,573463
araCp,5.8,32,4,TACTGACACAAAGAACTGTT,28,562898
araCp,1.4,10,4,TACTCGAATTCAATTGTGTC,6,577634
araCp,0.4,5,4,TACGGTAGCGCCGTAAATTA,1,541891
araCp,0.6,6,4,TACGCAGGTAAGCTAGAGGA,2,603706
araCp,0.6,6,4,TACCGCATTAAGAATAAGGA,2,562418
araCp,0.8,7,4,TACCGACTCATCTCCCCCTT,3,547375
araCp,1.2,9,4,TACAGTAGGAGGAGTTTCCT,5,584672
araCp,5.0,28,4,TAATGCATAGATCCCGTCGT,24,568292
araCp,3.4,20,4,TAATCCGTCCGCGCGAGCCC,16,553677
araCp,3.0,18,4,TAATAGGGCGGTACGGTCGG,14,557230
araCp,0.4,5,4,TAATAGCTAAAATCGGCATT,1,564557
araCp,2.0,13,4,TAACGACTCTTCGTTAGATG,9,584102
araCp,1.4,10,4,TAACAGCGTGTGTTTAAACA,6,561072
araCp,1.0,8,4,TAAATTTTACTGACTAATTT,4,567243
araCp,2.8,17,4,TAAATCATAATCTGGTTACC,13,590784
araCp,2.6,16,4,GTTGATTCTCCGAGTATCGA,12,526061
araCp,6.4,35,4,GTTCGGCCGAGCTAAAGAAT,31,546485
araCp,2.8,17,4,GTTCCCTGAGAAGGTCGCAT,13,578388
araCp,1.2,9,4,GTTATAGAGGAAGTCCCCAA,5,541590
araCp,4.8,27,4,GTGTTCGTCGCTTGTTGCAT,23,571345
araCp,2.4,15,4,GTGTCCTGGTGATCATGGCA,11,555250
araCp,1.8,12,4,GTGTCACGATTGGGTCGTCG,8,590169
araCp,5.4,30,4,GTGTAGGTTCTATGAAATCG,26,587446
araCp,4.4,25,4,GTGTACATTATATGGTACAT,21,589672
araCp,3.4,20,4,GTGGTTTGGGTATGGGTTTT,16,527862
araCp,19.0,98,4,GTGGTACAGACGGCACCTTA,94,538180
araCp,1.0,8,4,GTGGGATGACAACGCTTTAA,4,563040
araCp,0.4,5,4,GTGGCTTATATCTCTCTAGA,1,578337
araCp,1.0,8,4,GTGGCCATCGGGCTAACATA,4,532498
araCp,3.2,19,4,GTGGCAATCAGCACCGCCCG,15,558059
araCp,2.4,15,4,GTGGAGCGCTTTCAGGGCAT,11,537503
araCp,3.2,19,4,GTGCTTTCTGTATTATCGTT,15,559882
araCp,5.6,31,4,GTGCTCGGCACAGGATATGA,27,594581
araCp,2.0,13,4,GTGCAGAAAGTTTCTTATTG,9,573334
araCp,5.0,28,4,GTGATGGGTCGATCACTGGC,24,528875
araCp,3.6,21,4,GTCTCTTACGTTCGTGCATG,17,559377
araCp,0.8,7,4,GTCTCCTATGCCCCGAACGC,3,550614
araCp,16.0,83,4,GTCTCCTATAGAACTGTTGT,79,585696
araCp,1.0,8,4,GTCTATGGTTGAGAACTTCC,4,597484
araCp,2.8,17,4,GTCGTGATCGTGCCTTGGAT,13,545515
araCp,2.8,17,4,GTCGGTAATGATCAGGCCAC,13,556356
araCp,0.8,7,4,GTCGCGGCAAGGGAAATGCC,3,531339
araCp,1.0,8,4,GTCGCAAATTACACTTAGAG,4,564299
araCp,3.6,21,4,GTCATCAATGGGCACACGCG,17,580420
araCp,2.0,13,4,GTCAAGGTGCGTAACATCTA,9,543607
araCp,2.2,14,4,GTATACTGTCGGTAAGTCCA,10,533113
araCp,2.6,16,4,GTACATATTAAAGCAACAAT,12,583776
araCp,3.4,20,4,GTAATTAACGTCAATAATTC,16,543625
araCp,1.2,9,4,GGTTGCGGGCAGGTCCCTTA,5,588072
araCp,2.6,16,4,GGTTGCATGGTTCGCAGCAG,12,576941
araCp,6.8,37,4,GGTTGATTTGTCGCCAAAAT,33,576884
araCp,0.4,5,4,GGTGACTACCGGGCGAGCGG,1,563421
araCp,5.8,32,4,GGTCTTCGCGTCTGTTACTC,28,530106
araCp,1.8,12,4,GGTCTCGACTTTATTGATCT,8,576157
araCp,2.2,14,4,GGTCGGTTGTAATATAAGAA,10,593928
araCp,1.6,11,4,GGTCCGATGAGGGTAGAATA,7,595172
araCp,6.4,35,4,GGTCACCTTCCTCGACGCTG,31,574734
araCp,0.4,5,4,GGTAATGCCGCGGGCATCAT,1,582526
araCp,4.0,23,4,GGGTGCGAATTGCTCGAGCC,19,550375
araCp,2.6,16,4,GGGTCGTAGCCCATGGACAA,12,569509
araCp,2.2,14,4,GGGTCACCAATTTAGTTGGT,10,599666
araCp,6.6,36,4,GGGGAACTCGGCGAAGGCAA,32,584643
araCp,3.4,20,4,GGGCTGTCGGGGGTACAAAA,16,596097
araCp,1.0,8,4,GGGCGTGAAGCACGCCAGGG,4,601388
araCp,2.6,16,4,GGGCAGAGGAATGTTACTAA,12,526097
araCp,1.4,10,4,GGGAGTCGAATAATGGAGCT,6,545207
araCp,3.4,20,4,GGGACTTTTCAGAGGGATCA,16,602414
araCp,1.6,11,4,GGGACTGAATCGCCACCCTT,7,585689
araCp,1.4,10,4,GGGACCAGTGTTAGACAGCA,6,559773
araCp,3.4,20,4,GGCTTAAGCACTCTGTTTAT,16,564063
araCp,1.6,11,4,GGCGTGAGGGCGCAACGAAA,7,568112
araCp,4.6,26,4,GGCGGCCGACTCATGGGTAT,22,583976
araCp,4.0,23,4,GGCCGAGGAATGGATTCGGT,19,589101
araCp,1.4,10,4,GGCCCTGTATTATTGGTTAG,6,556657
araCp,3.0,18,4,GGCCCCCCAGTTATCGTCGT,14,575046
araCp,5.2,29,4,GGCCAACAGATCTAATGTTG,25,556791
araCp,2.0,13,4,GGATTTTTCACTGTCTAGGG,9,534669
araCp,4.0,23,4,GGATGTGCTTGTGTCAAATC,19,525598
araCp,7.0,38,4,GGATGATTCCAGTTTTTGAC,34,571346
araCp,14.4,75,4,GGAGATCCACGGGGGAGCTC,71,543996
araCp,3.4,20,4,GCTTTTTTAGGGGGTTGTAG,16,592294
araCp,2.8,17,4,GCTTTACCGGTTCTTTCCAA,13,544623
araCp,3.0,18,4,GCTTGGAAAGTTCAGGCGAG,14,531303
araCp,3.8,22,4,GCTTAATGTTAAACATAGCC,18,548405
araCp,1.2,9,4,GCTGTCGTGAAGCCATTCTG,5,586943
araCp,2.8,17,4,GCTGGTTTGTGTACGTATTG,13,555599
araCp,0.4,5,4,GCTGGTCAAAAGAATTAGAG,1,547749
araCp,2.6,16,4,GCTGATAGGCTAGGTCGAGG,12,581267
araCp,5.4,30,4,GCTCCTTACTGCATAGCCCT,26,579573
araCp,8.2,44,4,GCTCAGAGGATTAGGGGTAT,40,598309
araCp,6.8,37,4,GCGTTTATATCTCCTATTGG,33,569968
araCp,2.8,17,4,GCGGTACACCTGTTAACCCG,13,588533
araCp,1.0,8,4,GCGCGAGAATCAGGGGGGAT,4,560516
araCp,1.4,10,4,GCGCCATATTCTAGTGGCCG,6,533879
araCp,3.2,19,4,GCGATCTGCCCGCACGCGAT,15,540700
araCp,7.6,41,4,GCGAGGCATCGCGGAATCAC,37,551595
araCp,5.0,28,4,GCCTGGAATTTGTAGTAAGG,24,544941
araCp,0.4,5,4,GCCTCAACTCTTGGTTACAT,1,570927
araCp,0.4,5,4,GCCGTTCTCGGCCGACACGT,1,595142
araCp,3.6,21,4,GCCGGGGCTTACAAGGGATG,17,581159
araCp,0.4,5,4,GCCGAGTCTCCTCCGACGGT,1,575390
araCp,4.6,26,4,GCCGAGGTTAAAACGCGTTA,22,540195
araCp,3.0,18,4,GCCCTCATGAAAATTACGTC,14,537265
araCp,1.4,10,4,GCCCCGACTGGAAGGCGTGT,6,539612
araCp,2.0,13,4,GCCAGAAAATATTGGGTGAG,9,593660
araCp,2.6,16,4,GCATGGAGGCCTGTGATCGT,12,538977
araCp,1.4,10,4,GCATCTATCCCCCCTTTGCT,6,546395
araCp,2.0,13,4,GCATCGTTGCTACCCCGGAC,9,598617
araCp,3.4,20,4,GCATAGTACAGGCGGTTAGT,16,590710
araCp,2.0,13,4,GATTGGTTCACACTTTACCC,9,559757
araCp,2.0,13,4,GATTGGGGCAGCACAGAGGC,9,533810
araCp,0.4,5,4,GATGCGCTGAACCATGAAAC,1,540011
araCp,4.2,24,4,GATCTGTATGAACAATCATC,20,589073
araCp,3.2,19,4,GATCGCTCACACGGTCCATT,15,593413
araCp,2.8,17,4,GATCGAGCACTGCGGTCTAA,13,548691
araCp,1.2,9,4,GATCACCAGACAGGCCGTTC,5,575982
araCp,1.4,10,4,GATAAGCCGCGGCAAGTCCA,6,580962
araCp,2.8,17,4,GATAAGATTGTTATCACGGT,13,561221
araCp,2.4,15,4,GAGTCGGCGTGCGTAGGTAG,11,532273
araCp,2.0,13,4,GAGTAAATAATTGTAGTCAA,9,571040
araCp,3.4,20,4,GAGGGGTTCAGGGTACCGGA,16,551592
araCp,1.2,9,4,GAGGGAGTGTTCTCCTACGC,5,566097
araCp,1.8,12,4,GAGGCCGTTCAACACCACTA,8,544624
araCp,3.6,21,4,GAGCACCAGAAATTTAAACA,17,562019
araCp,12.2,64,4,GAGACTAGGTAGATCCGGTA,60,583882
araCp,2.6,16,4,GACTTGTTGGATTGGAGAAT,12,572946
araCp,5.0,28,4,GACTCTTGAGGTTAATCATA,24,545072
araCp,2.6,16,4,GACTCTCATTCGGGGTTCGA,12,576014
araCp,0.4,5,4,GACCTCCCCCGCAACAGGAT,1,599792
araCp,2.2,14,4,GACAGGGTAGAGGGGGAGGA,10,571380
araCp,1.4,10,4,GACACCCGTGAACACTTTTT,6,564036
araCp,28.6,146,4,GACAATATTTAAGCCAATCG,142,553242
araCp,13.4,70,4,GAAGTTACGCGCACCAAAGG,66,576362
araCp,4.0,23,4,GAAGGTTGCCGGCAGCGTAG,19,535010
araCp,3.6,21,4,GAACGTGTGTTGAGTGGTGA,17,548420
araCp,1.2,9,4,GAAATATATACTGGCCGATC,5,546293
araCp,1.8,12,4,GAAAGATAGTCTGTCAGCGA,8,579721
araCp,0.4,5,4,GAAACACGTGTTTCGGAAAT,1,555602
araCp,2.2,14,4,GAAAATTGCTTAAGTTGCAG,10,545516
araCp,0.4,5,4,CTTTTGTAGCTCAAATAAAC,1,586978
araCp,3.6,21,4,CTTTTAAAACCAGTAATCCT,17,603698
araCp,3.6,21,4,CTTTGTAGTCAATGCAGCCC,17,598928
araCp,1.0,8,4,CTTTAAGGCGCTTCCAACAG,4,545650
araCp,7.2,39,4,CTTGTATCTTAGTAGGGGTA,35,585684
araCp,1.2,9,4,CTTGATCGCGGAAGCTTCAA,5,563653
araCp,2.0,13,4,CTTCTGTATATCCAGAGGCC,9,561203
araCp,5.4,30,4,CTTCGCAGGGTTGAGAACCC,26,551325
araCp,7.0,38,4,CTTATCGTTCCGTGAGGTAA,34,562865
araCp,2.8,17,4,CTTACATGGAGGCACTACGT,13,570038
araCp,2.0,13,4,CTGTGTCGGATAGAGTAGTT,9,547905
araCp,7.2,39,4,CTGTCTTACCAGCCGGCGCG,35,564421
araCp,6.8,37,4,CTGTCGTGAAGTTTACAAGA,33,562097
araCp,3.0,18,4,CTGTAAGGTTTATTTAAAGC,14,537544
araCp,1.8,12,4,CTGGCCGCCGGTCTGCGCGA,8,551347
araCp,1.4,10,4,CTGGAAATCCTTGAGCTCCC,6,543047
araCp,3.0,18,4,CTGCAAAAGCTCTGAGCCTC,14,530562
araCp,3.0,18,4,CTGATGCTGTTATCGAAGGG,14,583464
araCp,7.6,41,4,CTGATCTATGCCGCCCCAAG,37,541430
araCp,3.4,20,4,CTGACCTCGGGCCTGTGGTG,16,582758
araCp,1.4,10,4,CTGACACCGTAACTTCCCTC,6,596148
araCp,4.0,23,4,CTCTTGTCTGCTCGTCTACT,19,566269
araCp,2.2,14,4,CTCTGGGCCTCAATCTACTA,10,569277
araCp,4.6,26,4,CTCTGATGTTGGGTCAGCCG,22,579916
araCp,3.2,19,4,CTCGAGATAAGTTGGTAGAC,15,573589
araCp,1.8,12,4,CTCCATGGGTTATGGATCAA,8,562838
araCp,3.4,20,4,CTCATCATCCCACATACTTT,16,576141
araCp,0.4,5,4,CTCATAGGGTCTGTTTACGT,1,559119
araCp,4.6,26,4,CTATTTGGCATTGTCCCCAA,22,552942
araCp,1.6,11,4,CTAGGTTACCCTTACGTGAA,7,548316
araCp,4.0,23,4,CTAGGGCACCGGGTGGTCTC,19,526873
araCp,1.8,12,4,CTAGATACGAGCCTCATTTC,8,563556
araCp,4.0,23,4,CTAGACTCGGTCTGAACAAT,19,555766
araCp,2.2,14,4,CTAGAAGCAGGGAAACAAAG,10,593320
araCp,3.6,21,4,CTACGTCGATTCGGCTGTAC,17,559126
araCp,1.0,8,4,CTACCCTCGTCCCCCCAGGA,4,593863
araCp,3.2,19,4,CTACAGAGTGTGCGGAATAT,15,588701
araCp,3.0,18,4,CTAATTCTACTTTATTTGTT,14,571438
araCp,4.2,24,4,CTAATCGCGGTAGTTGTGCA,20,568837
araCp,4.6,26,4,CTAAGGGTCAAAAATACGAT,22,589045
araCp,1.6,11,4,CTAAAGATTAGTAACGGAAT,7,549119
araCp,0.6,6,4,CGTTCATAAACAACGAAACG,2,549931
araCp,3.2,19,4,CGTTATCACGACCACAAGGA,15,555371
araCp,3.2,19,4,CGTTACGTGACGGAGTGTTA,15,582802
araCp,2.0,13,4,CGTGTCGGGATCCGAGGGAT,9,593717
araCp,3.0,18,4,CGTGCTGTTTCGCCTAGCTG,14,571444
araCp,5.2,29,4,CGTGCGTTCGAGCACTATCT,25,587585
araCp,0.6,6,4,CGTATCACCGGTCACGATAA,2,551720
araCp,2.2,14,4,CGTAGTCTTTATAGAATGGC,10,550693
araCp,2.8,17,4,CGTAGCGCGCCGCCGGCAAT,13,555373
araCp,1.6,11,4,CGTACGTTACAGCAGGCGAC,7,553875
araCp,2.0,13,4,CGTACCTCTAGGTAAAGGAT,9,594231
araCp,4.2,24,4,CGGTATGCCTCAAACACACG,20,570767
araCp,1.6,11,4,CGGTACAATAACTTTCGTAA,7,570115
araCp,2.8,17,4,CGGGTGCAGTTCGATGTTTG,13,539739
araCp,3.0,18,4,CGGGTATGCGCAGACGGTTC,14,530519
araCp,2.0,13,4,CGGGGTATTAAAGATAGGTG,9,531305
araCp,0.4,5,4,CGGGGAACATTCTCATTCGA,1,594166
araCp,2.2,14,4,CGGGCTTTTCAGCGGCACCC,10,570872
araCp,3.2,19,4,CGGGATAATTAGATAGCAGA,15,530114
araCp,3.4,20,4,CGGCTGAATACCTGTATTGT,16,594953
araCp,2.8,17,4,CGGCTAAGATGCCCAGATTA,13,552323
araCp,1.8,12,4,CGGCGCGACCACCGTACTAC,8,586066
araCp,3.2,19,4,CGGCGCCCATTTCCATCGTG,15,530511
araCp,5.2,29,4,CGGCACTTGAATAGAAACGT,25,554787
araCp,4.8,27,4,CGGCACTTCTAGGTAGAAAC,23,593876
araCp,9.0,48,4,CGGAGCTTCTGACAGTTAGG,44,584308
araCp,4.2,24,4,CGGAGAGAAGCGACAGCTTA,20,563484
araCp,0.6,6,4,CGGACTAGCTTCCAATGCCT,2,586456
araCp,1.8,12,4,CGCTTGTCATGTCGGCGTAC,8,563221
araCp,2.8,17,4,CGCTGTATTTAGCGTGTATC,13,588339
araCp,2.0,13,4,CGCTGGTTTTGCTCTTCCGG,9,603481
araCp,12.0,63,4,CGCTGGTCTTACTGCGTATT,59,596162
araCp,1.6,11,4,CGCTGACACGACAACGAGGT,7,539150
araCp,1.6,11,4,CGCTACAGTTGAAAGATAGT,7,526503
araCp,2.8,17,4,CGCGGCAAGCCTCTGGCGGT,13,592376
araCp,2.0,13,4,CGCGCTTTCAGATGCCTAAG,9,582732
araCp,0.8,7,4,CGCCTTTTACTCGTGGGATG,3,569615
araCp,4.2,24,4,CGCCGTTAGTAGTTGAATTA,20,568090
araCp,3.4,20,4,CGCCGAACACGGGACATAAT,16,593654
araCp,2.6,16,4,CGCCCACCGGTGCTTCTTCC,12,582950
araCp,2.6,16,4,CGCCACCTATCACCAGGTTC,12,558225
araCp,2.2,14,4,CGCATCGTAAATCCATTTGC,10,553894
araCp,0.4,5,4,CGCATAGTTCATTGTATTCA,1,566932
araCp,3.0,18,4,CGCACCCTCGGAGCTTAAGC,14,539073
araCp,2.0,13,4,CGATATAGACAAGGTCTGTT,9,592552
araCp,1.6,11,4,CGAGTATAGAAGATTTGTGA,7,579307
araCp,6.2,34,4,CGAGGGCCGTGAAAGAGCGT,30,594864
araCp,3.6,21,4,CGAGGGCAAACAACTCGACA,17,552909
araCp,1.4,10,4,CGACCTGAATGCATATTACT,6,580723
araCp,2.6,16,4,CGACCCGGAGAGTTGCGACG,12,545339
araCp,3.0,18,4,CGACCCCCGCTCGGGTGACT,14,569751
araCp,2.8,17,4,CCTTTCGGTCATGCGAGTGG,13,602471
araCp,3.0,18,4,CCTTGCACGGGAAGGGTCTA,14,526573
araCp,3.6,21,4,CCTTCTTCGTGATCGGGCGA,17,569964
araCp,3.0,18,4,CCTGTACGGCTTGTAGCTTA,14,526805
araCp,3.0,18,4,CCTGGCCCTGTCCATACTGA,14,570017
araCp,2.6,16,4,CCTGCTTTCAAAGCTGCACA,12,595331
araCp,8.0,43,4,CCTCGTTACCGAACGGTTCA,39,595048
araCp,22.4,115,4,CCTCGGGTACTCGCGCACTA,111,586947
araCp,4.4,25,4,CCTCACACCTAATAAACGCC,21,531081
araCp,3.2,19,4,CCTCAACTAAGGCTCACCTG,15,563714
araCp,2.4,15,4,CCTAGTTAGATTCGTGGTTG,11,556688
araCp,4.4,25,4,CCTACCGTTGATAGGAGAGC,21,539200
araCp,1.0,8,4,CCGTGTTGATCCGGGTCTCA,4,548889
araCp,1.8,12,4,CCGTCGAACAGAGTAAGCAT,8,549648
araCp,1.0,8,4,CCGTACCCAACATGGCTCCC,4,534502
araCp,7.6,41,4,CCGGTATGGAGTCTGTGAGT,37,591756
araCp,1.0,8,4,CCGGTAACCGCCTTCAATAC,4,536810
araCp,3.4,20,4,CCGGATCCACAAATAGGCTT,16,532473
araCp,1.0,8,4,CCGCTCTTACCGGTTTATCC,4,533058
araCp,1.6,11,4,CCGCGGTGTTTTCGGGAGTG,7,544419
araCp,3.6,21,4,CCGCGGACCTCGTCACAGCA,17,529994
araCp,2.0,13,4,CCGCCGTTGGTGTACTACCT,9,532068
araCp,25.2,129,4,CCGCAGTGGGTTTCTGCACT,125,558247
araCp,0.8,7,4,CCCTGTTTCCCCATCGCAAC,3,542695
araCp,1.2,9,4,CCCTATCATCCTTACAAGGC,5,576324
araCp,13.8,72,4,CCCTAACCGAGGTTTAAGCT,68,566379
araCp,0.6,6,4,CCCGTTTATAATGTGTGCTT,2,550776
araCp,4.6,26,4,CCCGTACTGTCGGGAAATTC,22,552564
araCp,1.6,11,4,CCCGCAGTGCTCCGACAATA,7,590608
araCp,14.2,74,4,CCCCTACATGTTGTCAAAGG,70,533820
araCp,6.4,35,4,CCCCGGCTGCCTCATGACGG,31,558343
araCp,0.4,5,4,CCCCATTATCGAATAATCTC,1,541266
araCp,2.0,13,4,CCCCACATCAACTCACGTGT,9,556387
araCp,2.0,13,4,CCCATTATGTGTAGTCTTTC,9,589495
araCp,4.4,25,4,CCCAGGGGTACTTAGGTAGC,21,575885
araCp,1.0,8,4,CCCACAGCATTCGAGGTCTA,4,600553
araCp,0.6,6,4,CCATTTCTTCTTCCGTCATA,2,539512
araCp,1.2,9,4,CCATCTTCCATGTGATCGGG,5,600272
araCp,0.4,5,4,CCATCCGGATGCTCATTGTG,1,556590
araCp,4.2,24,4,CCAGTCCTCGGTGGATGGTA,20,603272
araCp,0.4,5,4,CCAAGAGTTGCCGATCCAAA,1,530394
araCp,0.8,7,4,CCAACAGGAATGTGACATGT,3,602755
araCp,5.8,32,4,CATTCTGACCTCAATGATGA,28,602531
araCp,3.0,18,4,CATTAACAGGTAGAGACCGT,14,569182
araCp,23.6,121,4,CATGTTACGGTGATCAGACA,117,592324
araCp,2.8,17,4,CATGTCTACGCCTCGATTGT,13,597968
araCp,2.6,16,4,CATGCCAGATTGCGACGTAT,12,569053
araCp,3.4,20,4,CATGATACGCCCCGTTCTGT,16,559819
araCp,12.2,64,4,CATGAGCGATACAAGTCATC,60,566381
araCp,3.8,22,4,CATCTTAGCCGGCGGGGACA,18,525786
araCp,2.6,16,4,CATCCTGAATAGGAAAGATG,12,550205
araCp,2.8,17,4,CATCCCCGAGCGCAAGATAA,13,585364
araCp,6.2,34,4,CATCAGGGGGCGCCAATCCC,30,545212
araCp,6.4,35,4,CATATATATCAGGTCGCACT,31,586551
araCp,12.4,65,4,CATACGCAAAATTATTTCTA,61,591554
araCp,3.4,20,4,CAGTGACGGTTTGCAGCCTC,16,573658
araCp,5.8,32,4,CAGGGCCTTCGTGTGGCACA,28,536414
araCp,3.0,18,4,CAGGCAGTTCGGAGGCACTA,14,525845
araCp,2.6,16,4,CAGGACATTAGGCTAAAAGT,12,549057
araCp,1.8,12,4,CAGCGGATTGCGATTGTCAG,8,589497
araCp,1.6,11,4,CAGCGGATAATGGCCGGATA,7,564841
araCp,2.6,16,4,CAGAGCTGTCTTGAGTATCG,12,585623
araCp,3.4,20,4,CAGAATTGTGCCACCTATTA,16,543269
araCp,0.4,5,4,CACTCGAGGGACGTATGTGC,1,571617
araCp,2.8,17,4,CACTAACAGCATAGAACAGC,13,528746
araCp,3.6,21,4,CACGGGGGGTTACGGGGCAT,17,537443
araCp,11.8,62,4,CACGCCCGACCTTCGACAGA,58,575305
araCp,11.0,58,4,CACGAGTGAGGGTGTAACAA,54,537521
araCp,2.0,13,4,CACCGCGATATTCTTTGTAC,9,596569
araCp,2.4,15,4,CACCCCGGGGATTTAATAGA,11,548915
araCp,0.4,5,4,CACCAGCTTTGCCCTCACAC,1,603320
araCp,2.0,13,4,CACCAAAGGCTTATATACGT,9,577395
araCp,2.0,13,4,CACAGACTAAAAAAGTGCGG,9,575819
araCp,6.8,37,4,CAATCGTCCCTGGGTGCGCA,33,569897
araCp,13.2,69,4,CAATCGAGGTTGCTAGTAAC,65,535890
araCp,4.6,26,4,CAATCCCGTGTGAGAGTGGG,22,548157
araCp,4.8,27,4,CAAGGCCCATAGTACTCTAG,23,583679
araCp,15.0,78,4,CAAGCGGCAGTGGGCGATAG,74,528970
araCp,2.4,15,4,CAAGATATGGGTCAGTCACT,11,590946
araCp,3.2,19,4,CAAGACATCGATTCGTGTGT,15,542515
araCp,0.6,6,4,CAACCAATGTTTGTCAGGAG,2,533045
araCp,0.4,5,4,CAACATCCAGCGGGCCTCTT,1,572023
araCp,4.8,27,4,CAACAACCCCAGGTCAGAAA,23,529441
araCp,0.4,5,4,ATTTTAAGTCTACGGCCTAT,1,527758
araCp,12.6,66,4,ATTTCTGGCAATGCAATTTA,62,528797
araCp,1.4,10,4,ATTTATTCATCTTTCAGGAC,6,580026
araCp,2.6,16,4,ATTGTTGCCAGCCGGTTTTC,12,557171
araCp,4.2,24,4,ATTCTTTAAGCACACTGGAT,20,587111
araCp,2.6,16,4,ATTCGTGGATGTGTATTTAT,12,534966
araCp,2.8,17,4,ATTCGGCAGGGGGAGCCAGC,13,600361
araCp,2.0,13,4,ATTCAGTGCGGAAGTCATTT,9,554622
araCp,0.4,5,4,ATTATAAGCACGTACTACCA,1,551763
araCp,3.6,21,4,ATTAACTGTCATTTGGTAGC,17,541050
araCp,2.6,16,4,ATTAAATATAAGGTGGGCAA,12,568205
araCp,2.0,13,4,ATGTTTTGCTAATCTCCGCT,9,565665
araCp,5.6,31,4,ATGTCATGTGAATGAATCAT,27,602728
araCp,2.0,13,4,ATGTACTCGTCTCCTGTTCA,9,596725
araCp,25.2,129,4,ATGGGATCAGGAATGCCCGT,125,599180
araCp,1.6,11,4,ATGGGAGATACCCGAACCCA,7,566739
araCp,3.6,21,4,ATGGCTAGCCAAGGGGAGGG,17,556638
araCp,3.8,22,4,ATGCGTGCCAGGACCCCTAT,18,539541
araCp,5.8,32,4,ATGCCCAATTTCAAGTCATA,28,588757
araCp,1.4,10,4,ATGCAGATGGTCGCGATTAA,6,556652
araCp,3.8,22,4,ATGCACAGAGCACGCGTGGA,18,598790
araCp,2.0,13,4,ATGATTAAAACCAGGTGCCC,9,525700
araCp,9.4,50,4,ATGATAAGAGATTAGGTCGG,46,592436
araCp,2.4,15,4,ATGAGTTAATGGACGCCAAC,11,566640
araCp,1.4,10,4,ATGAGACCAACCCCAGCCCT,6,532208
araCp,4.8,27,4,ATGAAAAAGACGTAACCTTT,23,596284
araCp,5.8,32,4,ATCTTTTGATTAGTTGTAAC,28,536862
araCp,1.6,11,4,ATCGTGGAGTGAATTGGCGG,7,580263
araCp,3.6,21,4,ATCCTGAAACGGACTGACTC,17,586591
araCp,3.0,18,4,ATCCAGGAATTGGTTTTCAT,14,564760
araCp,2.2,14,4,ATCCAATCTCTCTCGGCTTT,10,602827
araCp,1.8,12,4,ATCAGTCTTAGGCGTCACTG,8,547342
araCp,3.4,20,4,ATCAGGAGCCTGTGCTGTCC,16,580648
araCp,1.2,9,4,ATCACTCGCAGTATCCTGCG,5,578901
araCp,0.4,5,4,ATCACGCGGAAAATGTGCCC,1,534626
araCp,11.0,58,4,ATCACGAGGCTGGCCGGTGC,54,587228
araCp,2.4,15,4,ATATGTCCTTTAACTAAGTA,11,584142
araCp,1.4,10,4,ATATGAGCGCCAACCATGGG,6,572427
araCp,1.0,8,4,ATATCGGCGGCGAGATGTCA,4,574878
araCp,1.4,10,4,ATATCCTAAAGCAGAAATAC,6,573320
araCp,1.8,12,4,ATATACAGTCTGTGTACGAA,8,595805
araCp,4.8,27,4,ATAGGGGGCTGAGCCAGCGA,23,528658
araCp,1.2,9,4,ATAGCGGTTATCCATACGTC,5,540224
araCp,2.0,13,4,ATACGGACAGCACACCCCTT,9,541984
araCp,3.4,20,4,ATACGCGGTTAGGCGTCTTC,16,594283
araCp,2.0,13,4,ATAATGGAAATGTTCCCTAA,9,535589
araCp,3.0,18,4,AGTTCCCAGTGTGGTCCAGG,14,559677
araCp,2.6,16,4,AGTGGTCCTCCGCTTGCCTG,12,576246
araCp,1.8,12,4,AGTGGTACCCAGGCAGTCGT,8,528679
araCp,4.2,24,4,AGTGACATTCGGGATGCTAT,20,584588
araCp,2.4,15,4,AGTCTCAGGTTGAATCTTGT,11,592060
araCp,2.2,14,4,AGTCCGGCGTTCATGAGGAA,10,552881
araCp,2.4,15,4,AGTCAGGCTAGATTCCGTAC,11,545025
araCp,2.6,16,4,AGTATTTAGCGCCCACTAGC,12,596840
araCp,2.2,14,4,AGTATAGACATAACCCCACA,10,596833
araCp,2.8,17,4,AGTAGGCCGAGCTCACAAGG,13,553759
araCp,1.4,10,4,AGTACGCCTGGGGCGTGGGT,6,549203
araCp,2.0,13,4,AGTACCTCCCTCTCTCAACA,9,526130
araCp,2.0,13,4,AGTAATTGCGAGAGCCTATA,9,528869
araCp,3.0,18,4,AGTAAGCTTTCAGCCCGTAG,14,545997
araCp,2.8,17,4,AGGTTGTATCCTAGGAATCA,13,586293
araCp,4.4,25,4,AGGTTACCTGGAATTGAAAA,21,557293
araCp,1.8,12,4,AGGTCTAGTGGTTCCAGTTT,8,527584
araCp,2.6,16,4,AGGTACCTGATTTCCATTAT,12,563618
araCp,1.0,8,4,AGGTAATCGTTGGCGGGCAA,4,570827
araCp,0.4,5,4,AGGCTTAAACAACTGTTCTA,1,577126
araCp,1.0,8,4,AGGCGTGTCCGCGAACACCT,4,564708
araCp,3.0,18,4,AGGCATCGCATATTATATTA,14,566368
araCp,1.4,10,4,AGGCAGGAGGCTCATAGAAA,6,573315
araCp,0.4,5,4,AGGCAGCCTAAGGACGATGG,1,594729
araCp,3.4,20,4,AGGAGGGCCAAAGGTTACTC,16,556108
araCp,1.4,10,4,AGGAGATTTAGGCTTAATAT,6,551942
araCp,4.4,25,4,AGGACTTGTGTACCGTCTCA,21,542241
araCp,6.0,33,4,AGGAAGCCTCAACGGCGTCG,29,594375
araCp,1.4,10,4,AGCTTGCGTCATCCTAAATG,6,541346
araCp,6.8,37,4,AGCTCACACTGGCTTTCCTT,33,543839
araCp,1.6,11,4,AGCTAGCCCAAATACCGCGT,7,594149
araCp,0.6,6,4,AGCGGCCATAAGCGGTGGCT,2,554424
araCp,3.2,19,4,AGCGCTGAGGGGGTAAGAAG,15,566897
araCp,4.0,23,4,AGCGAAATTTCACTTGTCTA,19,565358
araCp,2.8,17,4,AGCCTGGTATGAGTGGGTTT,13,556808
araCp,7.0,38,4,AGCCGTACGTTATAAGTGCC,34,549282
araCp,2.6,16,4,AGCCCGGGCGGGTCCCATTA,12,587973
araCp,1.6,11,4,AGCCACGAGCATTGTGTAAC,7,586349
araCp,5.8,32,4,AGCATAGGCCCAACCCTAGA,28,593084
araCp,6.0,33,4,AGCAGCTTCAGTGCACAAAC,29,539143
araCp,15.2,79,4,AGCAGCTTAATTGACGCGAC,75,579138
araCp,0.6,6,4,AGCAGACTGCTATTTAAGCG,2,593538
araCp,7.8,42,4,AGATTCCGTCTCGCGCACTA,38,539839
araCp,0.8,7,4,AGATTAAGTATGCCCATTAG,3,580921
araCp,8.8,47,4,AGATCGGGGGTTCTTGTCAT,43,568574
araCp,7.8,42,4,AGATCCTCAACGGGCAACCT,38,575369
araCp,2.6,16,4,AGATCCGAGTGCCCTATGTT,12,595745
araCp,4.0,23,4,AGATAGTGGAGATTGAACCA,19,578869
araCp,2.4,15,4,AGAGGAGGACGTGTCTTCCG,11,554101
araCp,2.6,16,4,AGAGAGTGAGGCAATTGCGT,12,587872
araCp,1.6,11,4,AGACTCTGTTGAAGCAACTA,7,548775
araCp,2.6,16,4,AGACTACGCCGGGATGCAGA,12,573924
araCp,1.0,8,4,AGACGATTTGGGCGCTTGAA,4,589223
araCp,3.0,18,4,AGACAGGCCGTTCAGCTTAT,14,550278
araCp,5.6,31,4,ACTTTTATGGGCTACTGATA,27,548232
araCp,4.0,23,4,ACTTCTTACTTTATGGTATT,19,536960
araCp,1.6,11,4,ACTGGATACACAGCCAAGGA,7,591160
araCp,2.4,15,4,ACTGCCACGCTGGGCCCGAC,11,528984
araCp,2.6,16,4,ACTGCATGGGGGCGACAATT,12,539290
araCp,2.0,13,4,ACTGAAGACGGATTGGCAAA,9,582889
araCp,0.4,5,4,ACGTTGAGAGACGGCGCATG,1,544903
araCp,4.4,25,4,ACGTAGCGAGTAATTACTAT,21,539611
araCp,0.8,7,4,ACGCTTCCCAGATGCAGTAG,3,558481
araCp,0.8,7,4,ACGCGGTACTACCGGTAGGC,3,533439
araCp,3.6,21,4,ACGCCCGGCATTGGGTATAG,17,562779
araCp,4.2,24,4,ACGCCCCGGTACGTCCACGA,20,530122
araCp,7.2,39,4,ACGATTCGCTTCAAGCTATG,35,572972
araCp,3.0,18,4,ACGAGAGCTGTAGAAGAAAA,14,535044
araCp,4.4,25,4,ACCTGTCTTTAGGCATACGT,21,531289
araCp,4.6,26,4,ACCTGTAACTATTGTTTCGT,22,571361
araCp,10.4,55,4,ACCTGCATTGATCTCGCCTT,51,591764
araCp,1.2,9,4,ACCTAGTTATAGTGCCTTTG,5,553580
araCp,1.8,12,4,ACCGTGTGGTTGGGCAGTCC,8,563885
araCp,3.4,20,4,ACCGTCAGTGATATCAATGT,16,601632
araCp,2.6,16,4,ACCGGGTGCGTGTTCGGGTA,12,573082
araCp,4.4,25,4,ACCGGCGGCCAGCTTCAGGT,21,575428
araCp,3.0,18,4,ACCGAAGTACGGTACTTAGT,14,575591
araCp,3.2,19,4,ACCCTTGTCATACTTCTGCC,15,574098
araCp,3.4,20,4,ACCCTTCCGTGGAATCTCAA,16,535214
araCp,11.2,59,4,ACATTAGGAAACAAGGCAGT,55,571360
araCp,1.2,9,4,ACATCCGATGATAATGTTCG,5,529206
araCp,1.8,12,4,ACAGGAAGAAGTGAAGCGGC,8,551873
araCp,3.2,19,4,ACAGCTAGATGGGCACTTCT,15,544503
araCp,4.2,24,4,ACAGCGCTCCCGTCGCGTAC,20,591945
araCp,13.4,70,4,ACACTCGGTGAGGAAGATTT,66,596154
araCp,0.6,6,4,ACACCTTGATGGCTAATGTC,2,565689
araCp,4.6,26,4,ACACCCATAGGCGAGGGGCC,22,552688
araCp,9.6,51,4,ACACATCATCCTTGGGGTAG,47,589992
araCp,6.8,37,4,ACACAAGGATAGACATGCTT,33,551795
araCp,3.0,18,4,ACAATTGCTAGCTTTTCGTT,14,580316
araCp,15.0,78,4,AATTCGCCTACTCTCCTTTC,74,529371
araCp,1.8,12,4,AATGATTACGTTAGCTGGTA,8,541888
araCp,4.4,25,4,AATGAGGCCTGAACTTCGAA,21,597830
araCp,1.6,11,4,AATCTCATCCTTGGGCTCTT,7,555025
araCp,3.6,21,4,AATAGTCCCAGTGATGTGTG,17,585500
araCp,1.2,9,4,AATAGTAGGTTCTAACTGAA,5,551683
araCp,2.8,17,4,AAGTCGTTAAGGAGCATTTA,13,549806
araCp,4.0,23,4,AAGGTTCGGAGACGTACCAG,19,602968
araCp,2.2,14,4,AAGGCTTATAAGCTGTAAGT,10,567757
araCp,2.8,17,4,AAGGCCAGCTCCTGTTTTGT,13,579532
araCp,0.4,5,4,AAGGAGTTCCGGTGTGTTGA,1,585896
araCp,2.8,17,4,AAGCGCCAGCCGCAGCCAGA,13,579888
araCp,5.4,30,4,AAGCCCGGCTATAGAAGTCT,26,598126
araCp,3.8,22,4,AAGATCAAACAGTAGAATAA,18,555557
araCp,2.0,13,4,AAGAAGGTTGATCAGCGGGG,9,528486
araCp,1.4,10,4,AAGAACACCTTGGAATAAAC,6,582145
araCp,1.8,12,4,AACTGGCCCACAGGCGTGGA,8,557285
araCp,1.6,11,4,AACGTTTAGGCTCTTGTTCT,7,573874
araCp,4.0,23,4,AACGCTCTGCTTCACAGACC,19,536138
araCp,2.4,15,4,AACGAATCCCGGTCAGCGAC,11,588556
araCp,1.8,12,4,AACCTTATTGAGCAGGGGCG,8,589781
araCp,5.6,31,4,AACCTGCGGGGGCAGCTGAG,27,541525
araCp,2.4,15,4,AACCTCTTGTGGGCCGCCAT,11,597619
araCp,2.2,14,4,AACCCAATACACTTAGGTTC,10,540715
araCp,1.6,11,4,AAAGGCCGAATCGATACAGG,7,541042
araCp,4.2,24,4,AAAGGATCACACTTTAGCTG,20,527154
araCp,2.8,17,4,AAACTAATTAGGGAGACTGG,13,542139
araCp,2.2,14,4,AAACAACACACTTTAAGGAT,10,539777
araCp,0.8,7,4,AAAAATAATTGCTTTCCCCA,3,601616
araCp,11.25,47,3,TTTTCTAAAAGATCGCTCAT,44,555370
araCp,8.75,37,3,TTTGGGGTTGTAGCGGTCTT,34,528507
araCp,36.0,146,3,TTTGATTCTTACAACGCCAT,143,566385
araCp,4.25,19,3,TTTAGTTAGTTCTTCACATA,16,545761
araCp,2.0,10,3,TTTAATTCATCAATCAGTAT,7,603604
araCp,4.25,19,3,TTTAATGCACTCGGGAAGCC,16,535312
araCp,3.25,15,3,TTTAACGTGCGTTCCGAGAG,12,561238
araCp,2.5,12,3,TTGTCCGACACAATGATAAC,9,570716
araCp,4.75,21,3,TTGGTATTTCTTGCCTGTTA,18,599447
araCp,1.5,8,3,TTGGGACAACTTAGATAACT,5,590572
araCp,2.75,13,3,TTGGAGTCGATGTAGGATCG,10,537771
araCp,3.25,15,3,TTGCTGAGATTCAAAAAAGA,12,583729
araCp,0.5,4,3,TTGCTAAGGTGTCCGTTTCC,1,528972
araCp,2.5,12,3,TTGCCGTACGACTATCTATA,9,571127
araCp,2.0,10,3,TTGCAAATAAGGATTAAAAC,7,527070
araCp,4.0,18,3,TTGAGTAATATATCTATCAT,15,546529
araCp,0.5,4,3,TTCTTGCCCCGTTCTCAGTT,1,549626
araCp,8.5,36,3,TTCTCAGTGCCTGGCCTCCG,33,584334
araCp,5.25,23,3,TTCTATTAATCAACGCACGA,20,598171
araCp,3.75,17,3,TTCGCAGCAGCGTAGTGGCA,14,544842
araCp,5.75,25,3,TTCGATCCTGTATCTCTCTA,22,594201
araCp,2.0,10,3,TTCCTAGGATTTCCTATACG,7,548868
araCp,3.0,14,3,TTCCGCGTTTAGTTACCCTC,11,526028
araCp,4.0,18,3,TTCCATGTCACCTGTATGTC,15,582217
araCp,5.5,24,3,TTCACCGCTTATGACCCGGA,21,563675
araCp,1.75,9,3,TTATGACTTTCGGCTTTAAC,6,591352
araCp,3.25,15,3,TTAGAACTTCATAGGAGCAG,12,572569
araCp,3.5,16,3,TTACTAACCTGTAGCCAGAG,13,566445
araCp,2.25,11,3,TTACCCTCAAAAATCAAGCA,8,602073
araCp,9.25,39,3,TTACATGTGACGCGCCCTGA,36,535881
araCp,1.25,7,3,TTACAACCTAGTTTGCCGCA,4,581953
araCp,4.75,21,3,TTAATTTCTACCCTTGCTGC,18,572588
araCp,2.25,11,3,TTAATCGGACAGTATGTAAA,8,603206
araCp,4.5,20,3,TTAAGTGAGGGGGTTGGAGA,17,536969
araCp,0.5,4,3,TTAACTCCTCCATGGATTGG,1,529497
araCp,4.25,19,3,TTAACGGTGGTCTGTAGTCT,16,558363
araCp,2.0,10,3,TTAAATAACATTAGTATAGT,7,592900
araCp,2.25,11,3,TGTGCAGCAACGCGGGGACA,8,558769
araCp,0.5,4,3,TGTCGTGGAAACGCGAAGGC,1,540804
araCp,1.0,6,3,TGTCAAGAACCGCGGCTTAT,3,590731
araCp,1.75,9,3,TGTACGTACCATATAATCTT,6,549180
araCp,2.5,12,3,TGGTTACCAGGGTTGAAAGG,9,541213
araCp,2.75,13,3,TGGGTTTTGTTGGATACTGT,10,561546
araCp,3.75,17,3,TGGGTGTATTGTGTATGACG,14,532292
araCp,1.75,9,3,TGGGTAATTTAACGTCCTTT,6,540796
araCp,4.75,21,3,TGGGGTGTCCGGCAAATAAA,18,568623
araCp,6.75,29,3,TGGGAAAAACCGGGTTGGTG,26,535307
araCp,6.0,26,3,TGGCTCTGCCACTGACTGTC,23,532386
araCp,3.0,14,3,TGGCGTCCGGGTACAGCATT,11,571483
araCp,2.25,11,3,TGGCGCAGTGGCTCGGAACC,8,581236
araCp,1.75,9,3,TGGCGATACTATCTGGCTGC,6,557473
araCp,11.25,47,3,TGGCAGATCTCGGAGCAATC,44,548814
araCp,10.25,43,3,TGGATAGATGGCGCTATAAT,40,581739
araCp,2.25,11,3,TGGACGAATTTATGGTTTAG,8,549933
araCp,4.0,18,3,TGCGCGAGTCGGTACGTGTG,15,583725
araCp,3.5,16,3,TGCGATTGTGTTACTATCAC,13,581768
araCp,4.0,18,3,TGCCCCCACTCCGATAGACA,15,526526
araCp,3.0,14,3,TGCCATTTCATCGGGTGGCA,11,553970
araCp,3.5,16,3,TGCCACTCTATCCCTTGCTT,13,544103
araCp,3.75,17,3,TGCACAACTAGAGCAGCAAA,14,530005
araCp,5.0,22,3,TGATGGAGTATGTGCACTCC,19,540342
araCp,1.75,9,3,TGATGAGTAGAGCAGTAGGT,6,579652
araCp,4.75,21,3,TGAGGGATTGCTGTCCAGGA,18,555355
araCp,5.75,25,3,TGAGCTGCCGGGAAGCATTA,22,581851
araCp,1.5,8,3,TGAGCCCGGATCCGTATGGT,5,533546
araCp,4.25,19,3,TGAGCATTTGCAACTGAAGA,16,538440
araCp,1.75,9,3,TGACTCTAGTCCTTTTACGA,6,601170
araCp,5.75,25,3,TGAAGGCTAGGGAATTGGTC,22,541554
araCp,4.5,20,3,TCTGTTAACATGGCGAACTA,17,600376
araCp,4.25,19,3,TCTCGCTTGCAAGGCATCAT,16,529969
araCp,0.75,5,3,TCTCAGTAGTAAAACCTTTT,2,579915
araCp,0.5,4,3,TCTATATGCGGTGTTCACGT,1,555609
araCp,3.25,15,3,TCTATAACAGCAGTGAACTC,12,555163
araCp,3.5,16,3,TCGTTGTTAGCGAGCAGATA,13,556479
araCp,2.0,10,3,TCGTCGCATTAACCGACTCG,7,546295
araCp,3.5,16,3,TCGGAATCGGAGAGCGACCT,13,573719
araCp,26.25,107,3,TCGCTTGCAGACTCACATCC,104,544218
araCp,1.75,9,3,TCGCGTTAGTTCAGAAATTT,6,586353
araCp,1.5,8,3,TCGCCTCTAGCAGGGTTTGT,5,526271
araCp,3.5,16,3,TCGCAGGTTTCTAGTGGCGA,13,559483
araCp,5.25,23,3,TCGAGTTTGGGTACGACCCC,20,525773
araCp,4.25,19,3,TCGAAGTAGATTATTGTGTT,16,554027
araCp,0.75,5,3,TCCTTTAGTATCGGGCTGCC,2,577768
araCp,2.25,11,3,TCCGGTTGTTGAGTTGCCTG,8,560671
araCp,4.0,18,3,TCCCTAGTGTGATAAATTGT,15,574699
araCp,2.0,10,3,TCCCTACTTTAGTGCAGCAG,7,597925
araCp,8.25,35,3,TCATGAACCCATTACCATCT,32,555581
araCp,5.75,25,3,TCATACGCAGGGTCCAATAT,22,528761
araCp,2.25,11,3,TCATACCATCCCTTCTGAAT,8,565610
araCp,4.0,18,3,TCATAATAGTTGACAGTGGC,15,550204
araCp,1.5,8,3,TCAGTACGATTTTTTGGCGA,5,602097
araCp,3.75,17,3,TCACATGCATTAGCGCGGGG,14,581797
araCp,10.25,43,3,TCAATTTGGGCTATCGTCTC,40,537043
araCp,3.75,17,3,TCAACCGGTGAATTTCGTGA,14,584271
araCp,3.25,15,3,TATTTGGTTGGGGATGAAAT,12,530352
araCp,3.75,17,3,TATTATCGACATTGCCCGGC,14,576151
araCp,4.5,20,3,TATTAATCCGGGCAGTCAAT,17,528322
araCp,5.5,24,3,TATTAAATCATGAGACACAC,21,529657
araCp,3.0,14,3,TATGTATGGCTGTGCTGCTC,11,525608
araCp,18.25,75,3,TATGGGCTCTTTTCAGCACC,72,561560
araCp,4.5,20,3,TATCTACGCATGCTAAAAAA,17,544170
araCp,2.75,13,3,TATCGCAATCTGCTGCTTGG,10,602669
araCp,17.75,73,3,TATCGATTCTGTCTAAGAAT,70,592446
araCp,1.0,6,3,TATATGTCCGACGCGTCACG,3,588775
araCp,2.5,12,3,TATAGGGTCCTAGATGTGGT,9,534909
araCp,3.75,17,3,TATACCCATGGACTCGGACT,14,578367
araCp,3.75,17,3,TAGGGCATTGGCTAAGTGCA,14,558412
araCp,4.0,18,3,TAGGCGTGGCGTCGTATGGC,15,558284
araCp,5.0,22,3,TAGGACGGGATCGAGTGCAT,19,549324
araCp,1.75,9,3,TAGGACGCCTTCAGAAAATT,6,577184
araCp,0.75,5,3,TAGCTAAAGTGTGAGGAACG,2,550289
araCp,45.75,185,3,TAGCCCAATGGTTGTCGTTT,182,579919
araCp,1.5,8,3,TAGATTACGGCTCCAAATGC,5,535493
araCp,1.0,6,3,TAGACGACGACCACGCGAAC,3,547164
araCp,3.75,17,3,TAGAAATGTGCTAGGGTATA,14,554173
araCp,4.75,21,3,TAGAAACCGCTTTCCGGCGA,18,541954
araCp,4.0,18,3,TAGAAAATTCCGGATGCGCT,15,570101
araCp,4.5,20,3,TACTGACTGCGGTTTACCCG,17,561496
araCp,2.0,10,3,TACTCTGACTACCCGATACA,7,585393
araCp,1.75,9,3,TACGGGGAAATGGGCCTATT,6,561537
araCp,3.0,14,3,TACGCTATGGTCTCCGTCGT,11,600602
araCp,3.0,14,3,TACGCGGACACAGTCATAAT,11,578029
araCp,3.75,17,3,TACGCCTCGGGGGCTGAATG,14,600422
araCp,7.5,32,3,TACCCTGGAGCAATACTGAT,29,533746
araCp,3.75,17,3,TACCCGGTACCTCATTGTGT,14,540284
araCp,3.75,17,3,TACCAGCAGGTTCACCGATC,14,584255
araCp,8.75,37,3,TACCACAGCTCTGTGTATTT,34,531051
araCp,5.5,24,3,TACCAAATGCATTGTAGCAA,21,600755
araCp,8.0,34,3,TACATATGAAGGACAGCAAA,31,530832
araCp,3.5,16,3,TACATAGGTTCTAGCACTCG,13,589272
araCp,1.75,9,3,TACACTTTAACCTAAGACCC,6,595009
araCp,3.5,16,3,TAATTGCGTAGCACTACCTG,13,584846
araCp,9.5,40,3,TAATGGTTGAAAGGGTGAAG,37,574403
araCp,4.0,18,3,TAAGGTATAATAGCTCTAAG,15,601315
araCp,7.25,31,3,TAAGATTGAATTGCTCCTTT,28,553789
araCp,4.25,19,3,TAAGAAAAGGTCTGCTGGCG,16,591648
araCp,5.5,24,3,TAACCATCTGTTAGTCACGA,21,529385
araCp,0.5,4,3,TAACAGGACGTAATGTGCCT,1,544393
araCp,2.5,12,3,TAAATTCCGTCTAGCGTCAG,9,558756
araCp,8.75,37,3,TAAACTGTTGCACCATGGCA,34,538134
araCp,1.25,7,3,TAAACGTGCTTTACGTGTAA,4,526855
araCp,2.5,12,3,TAAAAGTAGTGGTTACCGCG,9,570515
araCp,1.5,8,3,GTTTTAGACATTCAAGGCAT,5,575518
araCp,3.75,17,3,GTTTCCCCACCCGCGAAGGC,14,546492
araCp,2.25,11,3,GTTGTGAACTAAACCAACAT,8,533355
araCp,0.5,4,3,GTTGATTTGCTCGCGCTACG,1,553993
araCp,3.0,14,3,GTTCGTTATGGTACGTCTAC,11,576592
araCp,4.75,21,3,GTTCGGCTTCTTGTAGGAGT,18,574356
araCp,7.25,31,3,GTTCACTGCTTATTTTGTTG,28,534688
araCp,3.25,15,3,GTTATTCAATATCCGGAAAG,12,544395
araCp,3.5,16,3,GTTATCTAAACCCGAGGTGT,13,540688
araCp,7.0,30,3,GTTATCCAGAAATAGGGATA,27,529184
araCp,2.0,10,3,GTTACTTGGCGATTGGTGGG,7,535905
araCp,2.0,10,3,GTGTGATTTACAGACGATCC,7,575526
araCp,4.75,21,3,GTGGGCACAAGGGATCTGAA,18,536445
araCp,2.0,10,3,GTGGCAATGCCTATGTGCGT,7,548543
araCp,5.5,24,3,GTGCTGCTCGCGACGGCAAA,21,589469
araCp,1.75,9,3,GTGCAAAGCATCGGCTGAAC,6,549053
araCp,2.5,12,3,GTGAATTCTACTCTTTGAGT,9,593080
araCp,2.75,13,3,GTGAAACATTAATCCATCCC,10,594196
araCp,3.0,14,3,GTCGAGGGACGACAGATAAT,11,595553
araCp,6.25,27,3,GTCCGCATAACCAGGTGTGC,24,591804
araCp,6.5,28,3,GTCCCTAGACCAGTGGCCTT,25,587134
araCp,6.25,27,3,GTCATTCTTCACACCTGCCC,24,580148
araCp,14.0,58,3,GTCAGGATTGTAGTGTGGAT,55,550355
araCp,5.5,24,3,GTCAGATCCGGCGGACTGGC,21,560016
araCp,3.0,14,3,GTCACCCCCTCCCCTCGGCT,11,592814
araCp,6.25,27,3,GTCACAGAGACGCCTCCCAT,24,555675
araCp,1.0,6,3,GTATTTCGCGCAACGGAATG,3,552702
araCp,3.5,16,3,GTATTCGTGTTTTGCTTGGG,13,547684
araCp,2.0,10,3,GTATGCTTAAGCCACGCCAG,7,532553
araCp,2.5,12,3,GTATCGCTACCGACTGCTAA,9,548773
araCp,2.5,12,3,GTAGTACTAACGCATTGGGC,9,585899
araCp,2.0,10,3,GTAGGCTTTGGGTTATATGT,7,601106
araCp,2.0,10,3,GTACAACGTCCAATTAGACT,7,599592
araCp,1.0,6,3,GTAACGGCGTCGCGTTCTCT,3,596572
araCp,5.25,23,3,GTAAACCACGCTAGCTCGTA,20,560411
araCp,3.75,17,3,GTAAAAACGTGAGGTAGCGA,14,590317
araCp,5.5,24,3,GGTTGTTGGTCACAGCGGAG,21,564251
araCp,3.0,14,3,GGTTGACAAATTAAGTCAAT,11,595437
araCp,4.5,20,3,GGTTAGCAAACGGCGGAGGA,17,539606
araCp,0.5,4,3,GGTTAGATGCTAAGTTTGTC,1,560329
araCp,3.75,17,3,GGTTACAACGCATGGGAGAG,14,595807
araCp,3.0,14,3,GGTGTTGGAACATAGCATGT,11,597978
araCp,5.0,22,3,GGTGTGGAAGTACTTAGTAG,19,538591
araCp,2.75,13,3,GGTGATTAGGGTCCACGCAG,10,599057
araCp,5.75,25,3,GGTCTGTGGAGGACGGGTTT,22,542376
araCp,5.0,22,3,GGTCTGTCCGGTAGAGGGAT,19,563855
araCp,3.5,16,3,GGTCTAGCATGGTTATTATC,13,579300
araCp,1.75,9,3,GGTCGCCTCTTACTGGTCAA,6,577775
araCp,1.0,6,3,GGTCCCGCCTACCGAAAGGT,3,532538
araCp,9.5,40,3,GGTCAATCCTAGGTGGCCAA,37,600024
araCp,3.5,16,3,GGTATGCGAGACGGAAGCCT,13,596655
araCp,4.0,18,3,GGTATCACGGTTCAATCGGA,15,581272
araCp,2.5,12,3,GGGTTTATAAGATAATCCAT,9,578900
araCp,4.75,21,3,GGGTGTGCACGACGACGGCG,18,559618
araCp,3.0,14,3,GGGTCGTTTACCCTGTACGG,11,535804
araCp,2.75,13,3,GGGTCCAATTATTGAGAGGA,10,546389
araCp,1.0,6,3,GGGGGTTCAGAAACTGAACT,3,548613
araCp,0.5,4,3,GGGGAGCTCAGGGTTTACTC,1,556004
araCp,4.75,21,3,GGGCTGCCGACTCCTAAATC,18,549141
araCp,3.5,16,3,GGGCCTACCGCACTACGTAA,13,576330
araCp,4.0,18,3,GGGCATGTCTGAGTTCGCGA,15,586973
araCp,14.0,58,3,GGGCAGGCTCTTGAGCGAGG,55,543515
araCp,6.5,28,3,GGGCAAGCGAAAACTCGTTA,25,536671
araCp,4.75,21,3,GGGATTCGCCTCTCCGTCGG,18,533932
araCp,4.0,18,3,GGGATAATTCAATTGTCAGG,15,556231
araCp,2.75,13,3,GGCTCCCGATTAAGGAATAT,10,572565
araCp,4.25,19,3,GGCTAGCGCGCCCCGAGGAG,16,560186
araCp,4.25,19,3,GGCTAAATTGTACACACTGA,16,593191
araCp,16.5,68,3,GGCGTTTTAATGCCTGCGCG,65,529205
araCp,2.5,12,3,GGCGCGGGGCACTCAGTGAG,9,594104
araCp,2.5,12,3,GGCGCATAGGTTTAACGAGA,9,585248
araCp,4.5,20,3,GGCGAAAGACTAGAAAGGTC,17,560024
araCp,2.5,12,3,GGCCCGCACACAAGGCTAAA,9,581987
araCp,6.5,28,3,GGCCACAGGGCGCGCTGATG,25,588670
araCp,2.75,13,3,GGCAGCGACAAGTGACAGTA,10,560669
araCp,4.75,21,3,GGCACACGTTCGTATCAGGA,18,565124
araCp,7.25,31,3,GGATTCATATTATGAGACCT,28,569953
araCp,1.5,8,3,GGAGTATGATATCCTAACGG,5,551239
araCp,6.5,28,3,GGAGGCGTCTTTGTGACAAT,25,530838
araCp,4.0,18,3,GGAGCTAACTTAGCGGCCAT,15,583952
araCp,6.5,28,3,GGAGAAGAATATTCGGGCGG,25,562098
araCp,2.75,13,3,GGACCTCCCCTGTATCTAAT,10,596398
araCp,4.5,20,3,GGACCTCATTTCCGGGAATC,17,533105
araCp,2.75,13,3,GGAACTTGTCAATTCCGATT,10,578865
araCp,0.5,4,3,GGAACGGACCTGCCTCAGAG,1,582793
araCp,3.5,16,3,GGAACCTGCTGATGTCGGTC,13,531860
araCp,7.0,30,3,GGAAATTCCTAGACGCTGCC,27,556827
araCp,3.0,14,3,GCTTGGGACACGAACCTTTA,11,526404
araCp,45.0,182,3,GCTTCCGTGTATAGAGCTCA,179,532695
araCp,2.0,10,3,GCTTAGAGCAACTCACACTC,7,536470
araCp,3.0,14,3,GCTTACTGAGTCGTTTCGAT,11,566786
araCp,0.5,4,3,GCTGTTTATATCTCTTAGCG,1,589496
araCp,10.75,45,3,GCTGTGTCTCGGGGCTCCCG,42,557707
araCp,1.5,8,3,GCTGAATTATGGAGCCAGCA,5,588822
araCp,0.5,4,3,GCTCACTTACTACCGCCAAC,1,555714
araCp,2.5,12,3,GCTACATCCTTGCCGTTAAC,9,551840
araCp,3.25,15,3,GCTAAGTTCATCAAGAGTTA,12,583743
araCp,3.5,16,3,GCGTTTTGCTGTTGCACTCC,13,556059
araCp,1.25,7,3,GCGTTGGGCGGTGGGCTCCT,4,527380
araCp,3.75,17,3,GCGTGATGCCGTGCAATATA,14,565337
araCp,2.75,13,3,GCGTCTACGCATGGGGGATG,10,558248
araCp,6.75,29,3,GCGTATTGTTAGCTATGATT,26,551662
araCp,7.0,30,3,GCGGTTTGATGTGTCGTCAT,27,588409
araCp,5.0,22,3,GCGGGTTTACCGGGTCTAGT,19,585572
araCp,2.75,13,3,GCGGCGTTTCCTCTGATACC,10,577263
araCp,5.0,22,3,GCGGCGTCCAAACGCACGTA,19,543221
araCp,2.0,10,3,GCGGCATGGCCGTGCTTAAG,7,548569
araCp,0.5,4,3,GCGAATTGTGATGATCGCCA,1,563385
araCp,14.75,61,3,GCGAAAGGAGGAAGGTCCCT,58,579139
araCp,1.5,8,3,GCCTGAGAGTGGGCATGGCA,5,598630
araCp,60.5,244,3,GCCTAGAGAGCTTGCTGACA,241,541437
araCp,2.25,11,3,GCCGTTTGCATACCTAAGAC,8,579810
araCp,3.5,16,3,GCCCGGTCGATTTCGTTTAC,13,572457
araCp,4.25,19,3,GCCCGGAGGAAACCTGTTTC,16,574288
araCp,3.0,14,3,GCCCCACCGGAATGAAGGTA,11,586078
araCp,10.25,43,3,GCCCACTAATTGAAGTGCTA,40,589918
araCp,2.0,10,3,GCCATAAGTGGCGTAAAATT,7,548240
araCp,1.25,7,3,GCCAAATATGACGGGAGGTA,4,594631
araCp,2.25,11,3,GCATTCATATTCGTTTGTTT,8,575799
araCp,0.5,4,3,GCATATAGCGGGCGCGATGC,1,571258
araCp,4.5,20,3,GCAGTATCGGTGGTTTATTC,17,587223
araCp,2.25,11,3,GCAGGGATCCTCACTCTGCA,8,537716
araCp,10.5,44,3,GCACTCACCAGCTGTTATAG,41,537274
araCp,0.5,4,3,GCACGCGGCAGAGTCTTGCG,1,528217
araCp,4.75,21,3,GCACCGTTAGTCATATAAGA,18,528669
araCp,1.75,9,3,GCAACTGGTTCGATCCTAAT,6,570162
araCp,3.75,17,3,GATTGTGGTGCGTTCGACCT,14,574840
araCp,1.75,9,3,GATTCAAAAGTTTTATCTTG,6,547029
araCp,3.75,17,3,GATTAGTCTCTCGGTCGCGG,14,603359
araCp,0.5,4,3,GATGGCTCTGCCTGGCAGCG,1,581664
araCp,5.0,22,3,GATGCGTGTTAGTACCCGCT,19,602610
araCp,11.5,48,3,GATGCAGGTTGAGGTCAGAG,45,555367
araCp,3.75,17,3,GATGAAGGCCCGAGAGCAGA,14,557088
araCp,2.0,10,3,GATGAACCTAGAGGAGAGTA,7,555396
araCp,6.25,27,3,GATCTCTCACGTTTGCAGAT,24,595203
araCp,2.75,13,3,GATAGCTACAAATTATACCT,10,583120
araCp,2.25,11,3,GATACGATGATCAATTTAAG,8,590828
araCp,2.25,11,3,GATAATGTGCAAGTAGGCAA,8,537701
araCp,2.25,11,3,GAGTTACAGCGTTGAAGTAT,8,534302
araCp,0.75,5,3,GAGTGGGAAACGTGACAGTA,2,545845
araCp,4.5,20,3,GAGGGAGAGGTCAGAAGACG,17,574538
araCp,30.0,122,3,GAGGCACCGACAACTGAAAC,119,530117
araCp,7.0,30,3,GAGGATGTAGGGAAGATTTT,27,580219
araCp,4.75,21,3,GAGGACAACTTTTTGTGAAT,18,582908
araCp,3.5,16,3,GAGCATTCATTCTACGACAT,13,565944
araCp,4.0,18,3,GAGATTAGCGTGGGTGTACA,15,549837
araCp,8.75,37,3,GACTTGATAGCGGCACACCT,34,531343
araCp,0.75,5,3,GACTAGGTATAAATTTATGA,2,597223
araCp,2.5,12,3,GACGTTCAACTTGCCGAGTG,9,546339
araCp,12.75,53,3,GACCTAGTAGCGGCCGGGGC,50,529176
araCp,6.75,29,3,GACCGCACCATTTACCCTGC,26,533818
araCp,2.5,12,3,GACAAGCGTGCATGTTTCTC,9,580799
araCp,4.0,18,3,GACAAAGGCCATTATATTAA,15,584325
araCp,4.0,18,3,GACAAAATATCTCACCTCTT,15,537767
araCp,2.25,11,3,GAATTCAATTAGAGAATTCA,8,601659
araCp,0.5,4,3,GAAGTCTAAGAATTCTTCAA,1,546852
araCp,4.5,20,3,GAAGGTTTAGAGGGAAAAAT,17,576871
araCp,3.25,15,3,GAAGGTAGGTGTGGGGGTCC,12,556787
araCp,0.5,4,3,GAAGCACGCACATTTCAGCG,1,568620
araCp,3.5,16,3,GAAGACTGGACGACATCGTA,13,535906
araCp,4.5,20,3,GAACAATCGGAAAATCGGTC,17,591267
araCp,3.25,15,3,GAACAAGAATAGAACGATTA,12,555556
araCp,4.75,21,3,GAAAGGCCTAGTGCGTGACA,18,547010
araCp,0.75,5,3,GAAAATTTGGACTCATCGTA,2,530455
araCp,3.5,16,3,CTTTGTAAGTCAGAGGACAA,13,528376
araCp,1.0,6,3,CTTTGCTGTCGGTTAGTATG,3,589475
araCp,11.0,46,3,CTTTCACCGCCCGACTCGTA,43,593088
araCp,4.25,19,3,CTTTAATAGCGGTCAATACT,16,573968
araCp,0.75,5,3,CTTGTGGCACGAAGCGAAGT,2,529902
araCp,2.25,11,3,CTTGAGACAATCATTATCGT,8,553907
araCp,2.25,11,3,CTTCTTTTGTGATGGTGTTT,8,586490
araCp,1.25,7,3,CTTCGCTGTGTTTACCACGC,4,529561
araCp,1.5,8,3,CTTCGCGTAATAAAAGATGA,5,571874
araCp,8.25,35,3,CTTCCTGCGCACGGTTTAAT,32,536772
araCp,4.75,21,3,CTTCCTATCCGGTGTCCAGA,18,583400
araCp,5.0,22,3,CTTACCTTACCTCATGTTCA,19,572502
araCp,1.0,6,3,CTTAACGACCTAACCATAAC,3,535334
araCp,3.5,16,3,CTTAAACGGGAGTCCTACAA,13,560734
araCp,4.5,20,3,CTGTTAATTGAATAGTGGGG,17,541043
araCp,1.0,6,3,CTGTGTTTCTGTGCAGTCAT,3,527986
araCp,5.5,24,3,CTGTGTTTCAGCTACAATGC,21,550567
araCp,1.25,7,3,CTGTACCCTGTAACTTAGTG,4,538900
araCp,5.75,25,3,CTGGCGTAGCTTTTTGTAGT,22,558249
araCp,1.25,7,3,CTGGCGGTATTTGGTGTCTT,4,552570
araCp,1.25,7,3,CTGGACCGATTGGGCTTCGT,4,544275
araCp,0.75,5,3,CTGCTCAACGTTTGGAGCCT,2,525593
araCp,7.0,30,3,CTGCGGATAGATCTTGTACA,27,603561
araCp,6.75,29,3,CTGCGGAACAAGCCGGGAGT,26,591941
araCp,2.75,13,3,CTGCGCCTGGTTATACTACT,10,546387
araCp,2.5,12,3,CTGAAATTTCTTATAGTTCA,9,542633
araCp,3.0,14,3,CTCGTTCGGTAATTTAGATC,11,588457
araCp,14.75,61,3,CTCGGTATCCGACACAGGTG,58,561819
araCp,5.25,23,3,CTCGGAAAACATTGCAGGTT,20,550772
araCp,3.0,14,3,CTCGCGACCTGCGTAGCAAC,11,584145
araCp,4.0,18,3,CTCGACGCAGGGGGCAACGT,15,578422
araCp,5.5,24,3,CTCGAACATATTTTCTCTTA,21,584189
araCp,35.25,143,3,CTCCAGGGCCCTCCAGAGTA,140,585853
araCp,4.5,20,3,CTCAACATAATCCTAGTCTT,17,585622
araCp,3.5,16,3,CTATTGATTAATAGCTCGGA,13,576203
araCp,1.5,8,3,CTATGATAGTCATGCTGCCT,5,540321
araCp,2.5,12,3,CTATGAAGGAAGTATGGAGT,9,603449
araCp,3.0,14,3,CTATAGAAGTTAGTACTGAT,11,589606
araCp,2.5,12,3,CTATACGCCAGGATCTTTAC,9,592855
araCp,5.75,25,3,CTAGGCTTCTTTGTAGATTT,22,537462
araCp,5.75,25,3,CTAGCCGTTTAGAGCACTCA,22,559059
araCp,2.0,10,3,CTAGCAGCACTATTCGTACA,7,548893
araCp,4.5,20,3,CTAACCCTACATTAAGTTTG,17,562863
araCp,0.5,4,3,CTAACAATTATTTCTAGGCT,1,577172
araCp,3.0,14,3,CGTTGCTACTCAAGGGACTT,11,582314
araCp,3.75,17,3,CGTTCGGCTTGCTTTCTGTT,14,530861
araCp,4.0,18,3,CGTTCAGAGCCACGAATCGC,15,554107
araCp,4.5,20,3,CGTTAGCTCCATCTATAACC,17,578685
araCp,4.0,18,3,CGTTAGACGATTGTTTAATT,15,552700
araCp,6.5,28,3,CGTTAAAATGAGGGCGCCCA,25,594835
araCp,2.5,12,3,CGTCTGTGCCGTATGCCAAA,9,558563
araCp,5.0,22,3,CGTCTCAGTAGTCCGATTAC,19,569466
araCp,4.75,21,3,CGTCCGCTAGGCCTTGTCAA,18,603147
araCp,1.5,8,3,CGTCCAGGCATCGCACCGTG,5,526666
araCp,47.5,192,3,CGTCAATACCACCTAGGCCA,189,583815
araCp,18.0,74,3,CGTATGGGGCAATCCTGCAG,71,593558
araCp,9.75,41,3,CGTATCTTGGCTAATGCGAC,38,582045
araCp,3.75,17,3,CGTAGTTGCTTGCGTGGTAA,14,531642
araCp,2.75,13,3,CGTACACGCGCAGAGGGAGC,10,561133
araCp,4.0,18,3,CGGTCCCCACATCAACAGCA,15,557932
araCp,7.5,32,3,CGGGTTCTGTAACGGTCCTT,29,603002
araCp,4.75,21,3,CGGGGCATGACTTTACCCAC,18,555207
araCp,1.25,7,3,CGGGGAATATGTGGCACGCC,4,570370
araCp,0.5,4,3,CGGCTTCCTTTTGAAGCACA,1,551344
araCp,2.25,11,3,CGGCTATGTGCCGAGGTTCA,8,595161
araCp,4.25,19,3,CGGCGGCAGCGATGCCGGAC,16,540338
araCp,2.5,12,3,CGGCCCAAACAACTTGCTTA,9,537900
araCp,4.0,18,3,CGGCACTTGCCAGCTATCGC,15,541949
araCp,1.5,8,3,CGGATGTGTAGGCTGACTGG,5,571579
araCp,5.0,22,3,CGGACGAGGTTGTTTCTAGG,19,530062
araCp,28.25,115,3,CGGACCGGGAGGCTAGGATA,112,578526
araCp,2.0,10,3,CGGAATACAATACGCGGGTG,7,537912
araCp,2.75,13,3,CGGAACTTCGACTTGTGATC,10,551730
araCp,1.75,9,3,CGCTGACCACACCAAGACAT,6,535259
araCp,2.0,10,3,CGCTCACGTCCTGTCAGGGA,7,579225
araCp,2.0,10,3,CGCGTATCTAATCAAATTCC,7,539426
araCp,2.5,12,3,CGCCGTGAAAGGCTAACAGA,9,585832
araCp,1.5,8,3,CGCCGACTTGGCGGTCTGTC,5,584157
araCp,1.25,7,3,CGCCACCCAAAGGGTCAGAG,4,591360
araCp,2.75,13,3,CGCATGTGTAGTACGTCTGT,10,528944
araCp,2.5,12,3,CGCACCACTTCACTTTAAAC,9,573910
araCp,7.5,32,3,CGATCGAGAGGGAACATGGC,29,595284
araCp,3.0,14,3,CGAGATCCTGTGACCAAACG,11,576498
araCp,0.75,5,3,CGACTGTTCGGTCACTACTA,2,575631
araCp,69.75,281,3,CGACGGATGGCCGTACGTTC,278,596561
araCp,2.75,13,3,CGACCTTCATGTGACAAGGA,10,527363
araCp,3.0,14,3,CGACATCACGGCGGCACGAA,11,526659
araCp,4.5,20,3,CGACAATGAAGACATACGGA,17,526278
araCp,2.75,13,3,CGAATATCAGGGCAACAAAT,10,591233
araCp,2.75,13,3,CGAAATGAACGTGCTAATAT,10,552322
araCp,0.5,4,3,CCTTATCCCTGGGGCGCCGT,1,567237
araCp,2.75,13,3,CCTTACCAGATGTGGAACGA,10,596892
araCp,1.25,7,3,CCTGGGCCGAGTGGGGTTCT,4,558757
araCp,2.75,13,3,CCTGATTGGGAAGGAACCTA,10,552239
araCp,9.0,38,3,CCTCTCGGTGCGTTCTCACC,35,531089
araCp,6.25,27,3,CCTCGCTGGCATGGACAGCA,24,594529
araCp,3.75,17,3,CCTAGTGTAGGGCATTTGCA,14,535703
araCp,1.75,9,3,CCTAGTGCAACGTGTATCAA,6,556880
araCp,1.5,8,3,CCTAGATCTGCCGTATGGCC,5,542570
araCp,0.5,4,3,CCGTGGTGGTTTCGTTTATC,1,575488
araCp,3.0,14,3,CCGTAGTTTGCGGTAAGAGA,11,545007
araCp,4.75,21,3,CCGGAATTCTACCACAGCCG,18,547506
araCp,3.25,15,3,CCGCTACATCGACAGGTCCA,12,536968
araCp,5.0,22,3,CCGCCTGGCTTGTGAAAAGT,19,571582
araCp,3.25,15,3,CCGCCGAACCTAACTCGTTG,12,527444
araCp,4.5,20,3,CCGCATGTTTATTTGGCAGA,17,599926
araCp,3.75,17,3,CCGCACTGGATAGTATTTCG,14,602878
araCp,6.0,26,3,CCGACCGCCCACTCGAACGG,23,602659
araCp,4.0,18,3,CCGACAAGTAATCAGTGCGT,15,558275
araCp,4.5,20,3,CCGAACCGGCTACTTGTTCC,17,566961
araCp,1.0,6,3,CCCTCTGTGACCCGCGCATA,3,592863
araCp,2.25,11,3,CCCGTTAGAGCTACAGCAAA,8,575716
araCp,3.25,15,3,CCCGTCCCGCCGAGTTCACG,12,531611
araCp,3.25,15,3,CCCGCCTAACGTCACAGCGA,12,564120
araCp,3.5,16,3,CCCGCAGGTGACATCCATTC,13,581297
araCp,3.5,16,3,CCCGATATCACATGTGGATG,13,597380
araCp,7.0,30,3,CCCCTTAAGCAGGCTCATTG,27,552401
araCp,4.0,18,3,CCCCTCGAGCGTTACTCTCC,15,575329
araCp,2.25,11,3,CCCCGTAAAACAATGTACCT,8,602785
araCp,5.0,22,3,CCCCGCGAACAATCAATGGC,19,596517
araCp,0.75,5,3,CCCCCCATGACTCGGCGTTG,2,559883
araCp,1.5,8,3,CCCAGCTATCGCGCTCCCGA,5,557141
araCp,2.0,10,3,CCCAAGAATGCTCCAGGAGT,7,553043
araCp,10.0,42,3,CCATTCGCGTAAGGAGCTAC,39,581764
araCp,4.5,20,3,CCATGCCCCGGTAGCCGGAT,17,576374
araCp,5.5,24,3,CCATGACTTGATCGGTAAGA,21,540710
araCp,8.75,37,3,CCAGGAATTTATGTTACCAT,34,602481
araCp,8.0,34,3,CCAGAGGCCTAACAACTTCC,31,533334
araCp,3.75,17,3,CCAGAAGCGCAAGGCACCCC,14,602524
araCp,2.75,13,3,CCAGAAAGGAAAAGTCCGGT,10,546810
araCp,1.0,6,3,CCACCAGGAGGCACTCGGGT,3,566881
araCp,3.5,16,3,CCAAACGACCACTCCGTTGT,13,559207
araCp,18.25,75,3,CATTGGGACAATCACAAAGT,72,536161
araCp,4.0,18,3,CATTGAGGTACAACCCCACG,15,583681
araCp,9.0,38,3,CATTCCTAGTGGAACCAACA,35,531080
araCp,1.25,7,3,CATTACGACTCTCGTACAAT,4,562193
araCp,4.5,20,3,CATGCGAATGTGTCGCCCGA,17,551253
araCp,6.5,28,3,CATCGGACCGTCAAAGTAGT,25,553889
araCp,4.5,20,3,CATCCTTTCGGCGTGGACCT,17,561987
araCp,4.0,18,3,CATCCTTGAGAGTTTTATCG,15,540400
araCp,3.25,15,3,CATCAAGAGGATGCTCACTA,12,582468
araCp,3.5,16,3,CATCAAAGTGTATCAGCCAG,13,533910
araCp,7.5,32,3,CATATGGAGCTACGTAATAA,29,586727
araCp,4.25,19,3,CATATAGCAGGCCGCACGCA,16,583293
araCp,3.75,17,3,CATAGGGGGCAGTGGGCATA,14,533964
araCp,2.0,10,3,CATACGAAGACGTCAGTCCG,7,558987
araCp,2.5,12,3,CAGTTACGGCACTCACCTTT,9,553527
araCp,1.0,6,3,CAGTGTCTGGGTCCCGGCAT,3,592732
araCp,4.5,20,3,CAGTCTGGTTCTTTTTCCAG,17,527732
araCp,1.5,8,3,CAGTATTGTCGCTAGGGAGT,5,559905
araCp,4.0,18,3,CAGGCCAGATAAGAGTTATG,15,579642
araCp,3.25,15,3,CAGGAGTTAGCCTTCATCCC,12,529109
araCp,0.5,4,3,CAGCGATCCAACCCTTACTT,1,559765
araCp,4.0,18,3,CAGCATAACTTGAAATTTGT,15,597976
araCp,5.75,25,3,CAGATCACGCAATTAGATAT,22,602658
araCp,9.75,41,3,CAGAACCCGTCATATCAAAA,38,594499
araCp,2.0,10,3,CACGGAGTGTAACTAATGAT,7,573434
araCp,18.75,77,3,CACGCCAGTGTGAACGTAAC,74,530120
araCp,2.5,12,3,CACGATACCAACTGAAGCAA,9,551741
araCp,4.75,21,3,CACGAATCGTAGCGTGCCGT,18,575038
araCp,2.75,13,3,CACCCTGGTAACGCTCAGCT,10,536217
araCp,7.75,33,3,CACCCATGGGCAACGGAGAC,30,569049
araCp,3.0,14,3,CACCAGGCACTGGAGCCCTG,11,550290
araCp,3.25,15,3,CACAGAGGGGACCACGCTGA,12,562656
araCp,1.25,7,3,CACAATTCGGGGAGCCCTAT,4,598625
araCp,4.25,19,3,CAATTTGTCCCCCAGATGTC,16,534189
araCp,2.25,11,3,CAATGACCTAGTGCCGGGAA,8,581262
araCp,5.5,24,3,CAATCGTTGACATTGTTCGA,21,546656
araCp,2.5,12,3,CAATCCTAAAAGTGGCTGTA,9,580370
araCp,3.75,17,3,CAATCCAAAGAGGTGGAGTA,14,558424
araCp,2.25,11,3,CAAGTTCTGCCGGAAATGCG,8,597768
araCp,1.25,7,3,CAAGCTGGAGGGTTCATCTA,4,575063
araCp,6.75,29,3,CAACGGAAAAGTTTTGTAAT,26,532687
araCp,4.25,19,3,CAACCTGATACGAATTTCTA,16,565261
araCp,3.0,14,3,CAACAACGTTCCGCCACGCT,11,561143
araCp,2.75,13,3,CAAAGATCCGTGGCTTCGTG,10,569302
araCp,2.0,10,3,CAAACTATGCACGACAGTTC,7,591343
araCp,2.0,10,3,CAAACGACGGGGTTTGAAAT,7,552325
araCp,2.75,13,3,CAAACCGTCTGGGAATGTCT,10,567617
araCp,3.0,14,3,ATTTTCACACGGTCGTCAAT,11,584327
araCp,1.5,8,3,ATTTTACGCGCGTTGGCCCG,5,564139
araCp,1.0,6,3,ATTTAGTGGCCTCCGCGCGG,3,595913
araCp,10.0,42,3,ATTTACAGCCCTAGCGCCCA,39,583783
araCp,17.25,71,3,ATTGAGACACTCTCATTAGC,68,596990
araCp,4.0,18,3,ATTCCATCGGAAGCGCAGTG,15,589380
araCp,3.25,15,3,ATTAGCTAGAATACTCTGCG,12,583068
araCp,5.25,23,3,ATTAGATCCACGAGTGCACC,20,561544
araCp,3.25,15,3,ATTACGCGCAGCAGGCGGTA,12,575856
araCp,4.0,18,3,ATTAATATTCTGTTCATGCT,15,584235
araCp,2.0,10,3,ATGTAGAATCATCTTTACTT,7,577723
araCp,1.5,8,3,ATGGTCGCGGCGAGGCGACA,5,530961
araCp,4.0,18,3,ATGGATCTATTCAGACAGTT,15,561853
araCp,6.75,29,3,ATGCTCCTAGATTGGGAAAA,26,574593
araCp,7.5,32,3,ATGCTACATCGGATCGCATT,29,571616
araCp,3.75,17,3,ATGCGGACAGTGAAGCAGCT,14,551924
araCp,3.25,15,3,ATGCCAAGAAGAGACGACTT,12,601650
araCp,4.75,21,3,ATGATTCGCGATTAGCCAGT,18,568064
araCp,2.75,13,3,ATGAGCTATCACTTAGATAT,10,589959
araCp,0.5,4,3,ATGAGCGCTGATGAACTGAT,1,571205
araCp,4.0,18,3,ATGACGGCTTCAGCGCCCTT,15,595968
araCp,1.75,9,3,ATCTGGGTGCCCGGTTCCAA,6,586683
araCp,1.0,6,3,ATCGGGAAACCTTGAAGGCC,3,543986
araCp,2.5,12,3,ATCCGAAATAGCACTGAAAG,9,564269
araCp,11.0,46,3,ATCATCATTCTCATAGTTTA,43,576202
araCp,2.0,10,3,ATCAGAAACGGGACATTTTT,7,570597
araCp,4.5,20,3,ATATGGATGGTAAGACCCAG,17,587654
araCp,6.5,28,3,ATATCCTAACTTGGTAGCAA,25,553482
araCp,3.75,17,3,ATATATTCACCTGCCCTTTT,14,543115
araCp,0.5,4,3,ATATAAAACGAAAGAAAAGG,1,548660
araCp,0.5,4,3,ATAGGGGCTAGCAGGCGAGG,1,570744
araCp,1.75,9,3,ATAGGGACAGGTTCGGTGTT,6,558390
araCp,2.0,10,3,ATAGGCGCCGCCCTATGAAT,7,529559
araCp,16.75,69,3,ATAGAAGTTACCGGTCTCGA,66,593089
araCp,3.25,15,3,ATACTATTGGGTTAAGCCCT,12,554561
araCp,1.75,9,3,ATACTAATGATACGCTGGGT,6,592599
araCp,6.5,28,3,ATACGTAAGTACCAACATGG,25,528929
araCp,5.0,22,3,ATACGGCAATCAGTGGAGAC,19,534630
araCp,3.0,14,3,ATACATAGTACCCTGACCTT,11,576896
araCp,3.0,14,3,ATACAGGTCTCCCACCCATA,11,537798
araCp,4.5,20,3,ATAATTTTTGCAGTATGGAT,17,591642
araCp,1.75,9,3,ATAAGGGATGTTTTGACTGC,6,591014
araCp,4.5,20,3,AGTTTTTAAAGAACGGTTTT,17,564718
araCp,16.5,68,3,AGTTTTGAGTGGCGTTAGAC,65,589671
araCp,1.5,8,3,AGTTGTGAAGCGTTGTAATT,5,587657
araCp,0.5,4,3,AGTTCGTAAACGTCCCAGCG,1,528494
araCp,2.5,12,3,AGTTCACATGGGTGGTAAAC,9,566814
araCp,6.25,27,3,AGTTATGGCTTCCTCCTCCT,24,589509
araCp,1.75,9,3,AGTTAAAATGCGAATCGGAC,6,562292
araCp,2.5,12,3,AGTGGTGTAATGGAGCGCCT,9,599817
araCp,2.5,12,3,AGTGGTAGATATCACGGTTG,9,592322
araCp,10.25,43,3,AGTGGGCCTGGGCGAATTGT,40,528734
araCp,3.5,16,3,AGTGAGTTAATTAAGGGCCA,13,547400
araCp,5.75,25,3,AGTCTTCGAAACGGGCTATT,22,534662
araCp,4.25,19,3,AGTCTCTTTGCGGGTGTAAG,16,533940
araCp,6.5,28,3,AGTCAACCGGTAATGTTAGG,25,592596
araCp,2.0,10,3,AGGTAAATTAGCAGGCTAGG,7,540956
araCp,7.0,30,3,AGGAGATTACCTTGAGGGAC,27,532881
araCp,3.75,17,3,AGGAGACGGCGTCTGTCGGT,14,563437
araCp,2.75,13,3,AGGACAAGGGAGCTGTCAGG,10,594932
araCp,1.0,6,3,AGCTATTCGGAGCCCAAAGA,3,558232
araCp,4.5,20,3,AGCGGTCGTCTAACCTCATT,17,543386
araCp,5.75,25,3,AGCCTGCGCTCCAGGGACCT,22,597637
araCp,4.5,20,3,AGCAATGTACGTCCAATAGA,17,601181
araCp,3.5,16,3,AGCAATACGTGTTACCCAGA,13,596020
araCp,3.5,16,3,AGCAACACTCTGCGTGCTTT,13,535893
araCp,1.5,8,3,AGATGTTTCCGTGGGGTTGG,5,556915
araCp,1.25,7,3,AGATGGAGGTGCCCGTCAGT,4,551888
araCp,4.75,21,3,AGATGAAGAGAATCGCATGA,18,590711
araCp,4.0,18,3,AGATCTGCTAATTGGCATAA,15,576834
araCp,2.5,12,3,AGAGAAGCCTCTTTATTGAA,9,593840
araCp,1.25,7,3,AGACGCATTGATGTCCCGGA,4,586838
araCp,9.75,41,3,AGACCCAACGGTACCATTGA,38,574605
araCp,2.5,12,3,ACTGCGAGTCTATTACTTTT,9,555287
araCp,2.5,12,3,ACTCTGACCAAATTATGGGG,9,589376
araCp,5.0,22,3,ACTCTACCCAGGTCTTTCCC,19,561274
araCp,3.75,17,3,ACTCGTAGGTCGTGTACTGA,14,537213
araCp,3.0,14,3,ACTCGGGGCTCCTTGCCGAT,11,538656
araCp,2.5,12,3,ACTCGCTGGCTGCACGGGTG,9,552463
araCp,2.5,12,3,ACTCCTGAGTATGTGCGTCT,9,594614
araCp,14.5,60,3,ACTCATTAGGCAATCATTAT,57,584317
araCp,4.25,19,3,ACTCAAAACGGAGGAGCGAG,16,579438
araCp,4.5,20,3,ACGTTTTAGTGATGGGCGTC,17,541436
araCp,0.75,5,3,ACGTTTACATTGGTGAACAC,2,567364
araCp,0.5,4,3,ACGTCATAGTTGGGTGAGGA,1,589881
araCp,2.0,10,3,ACGGTGCTTGACGCTTTGAC,7,558015
araCp,5.25,23,3,ACGGCATACCCCAAGGACAT,20,595282
araCp,3.0,14,3,ACGCGTAGGAGGGTTGATTG,11,531359
araCp,5.5,24,3,ACGCGGATGTTTAGCCCCGA,21,595485
araCp,2.25,11,3,ACGCATCTCTGGGTTGTAGA,8,591269
araCp,1.25,7,3,ACGCACCGTGCAATGATCCT,4,589264
araCp,6.0,26,3,ACGCAAAACTTGGAGGGCTT,23,579135
araCp,1.5,8,3,ACGATCGGGAGGGTCACTTG,5,540867
araCp,1.5,8,3,ACGAGGTTTTCATTGTATGT,5,530849
araCp,22.0,90,3,ACCTTTCGTGTGTCACCACG,87,530082
araCp,4.0,18,3,ACCTTGCGACATGGTACATC,15,541244
araCp,5.0,22,3,ACCTGGCTGTTCGTTACCGG,19,563763
araCp,5.75,25,3,ACCTGGCTCAGATACACAGT,22,569435
araCp,0.5,4,3,ACCCGTTCCCCCCCCCTTAT,1,533438
araCp,1.75,9,3,ACATTTTAAACTATAGATGA,6,535907
araCp,5.75,25,3,ACATTCTGACCCCTATCGCG,22,598278
araCp,1.0,6,3,ACATGGTAGCTTCCTGCGTG,3,576376
araCp,3.5,16,3,ACAGTTTGTTGTCACTACTT,13,567172
araCp,4.5,20,3,ACAGTTTACAGAGAGTCTGG,17,591496
araCp,5.75,25,3,ACACTTCAACCGTACCGTAT,22,603012
araCp,2.0,10,3,ACAATGCTCACCTGGGCCAT,7,555892
araCp,6.75,29,3,ACAAGGATTTATCGTCAAAT,26,596094
araCp,5.5,24,3,ACAAGATAGAGGATGCCGGA,21,570944
araCp,2.5,12,3,ACAACGGGGTTCAGCGGGGT,9,534022
araCp,2.75,13,3,ACAAAGGACGTGGCGAGTCT,10,576085
araCp,2.25,11,3,ACAAACAACGTCAATCCCAC,8,565303
araCp,1.75,9,3,AATTTTTCCCAGGATCGGAG,6,561178
araCp,7.0,30,3,AATTTAGGAAACAGGTGATT,27,565468
araCp,1.75,9,3,AATGTGTGGGGTTCACCGCA,6,575319
araCp,2.25,11,3,AATGGACAATTCGGCAACCC,8,531025
araCp,1.25,7,3,AATGATCTAAAAAGCTCGCT,4,572453
araCp,6.25,27,3,AATGACGGCTATTGTAATCT,24,531983
araCp,7.0,30,3,AATCTTGGGACCGAGAAGAT,27,555670
araCp,0.5,4,3,AATCTGTCAGTACTGAGATG,1,561733
araCp,0.75,5,3,AATCTAGTTTTCATTCGAAA,2,541737
araCp,1.0,6,3,AATCCGATGACGTGTATGCC,3,532608
araCp,2.0,10,3,AATATTGCATAGTCGTTTAC,7,539268
araCp,3.0,14,3,AATAGGGGTTGCAGTGCGGC,11,536896
araCp,5.25,23,3,AAGTTTCCTTCATCCTATAG,20,578937
araCp,14.75,61,3,AAGTGGCCATAAATTACACT,58,579912
araCp,3.5,16,3,AAGGGGCAATGAGTTTTGAC,13,572804
araCp,4.5,20,3,AAGGCTTCGTAAGATGTGCG,17,561924
araCp,0.5,4,3,AAGCTGATTGATTGACCTAA,1,598519
araCp,4.0,18,3,AAGCGGATCTCCGTGAACGT,15,579610
araCp,17.75,73,3,AAGCATCTGTTGTACGTAAA,70,597772
araCp,10.0,42,3,AAGACGTGCTAGCCCTGGTG,39,530458
araCp,3.5,16,3,AAGACGAGAGTCCAGTCGCA,13,551735
araCp,5.25,23,3,AAGACATCCCTTAATCTATT,20,557830
araCp,3.75,17,3,AAGAATAAACAAATCATGCG,14,558380
araCp,1.25,7,3,AACTTTTATTGGACCATTTG,4,547002
araCp,9.5,40,3,AACTAACCGATGATAGGAGT,37,576979
araCp,2.75,13,3,AACGTCTCAACTAGAAACGA,10,550988
araCp,3.75,17,3,AACCTCAACCGGACAAGGAC,14,595840
araCp,3.5,16,3,AACAGGGGTCTATGTACCCA,13,574843
araCp,3.0,14,3,AACAGATCTACACAAAGTGG,11,544707
araCp,5.25,23,3,AAATTAAACTGGGTCGTAAA,20,576880
araCp,4.5,20,3,AAATCTAAAACGGAATGGGG,17,529899
araCp,2.75,13,3,AAATCGTCAATGGTTTCGAC,10,535229
araCp,3.0,14,3,AAATCCGTGTAGGACATATA,11,580916
araCp,6.5,28,3,AAAGGGCTCATACTTATTCC,25,533016
araCp,4.0,18,3,AAAGAGAACAAGGTTGAAGT,15,550349
araCp,3.25,15,3,AAAGACCGAACAATGGATAC,12,574801
araCp,3.5,16,3,AAAGAATAGTGAAGGCCCGG,13,555375
araCp,2.25,11,3,AAACTGGGCATCTTGGGGTT,8,575356
araCp,2.0,10,3,AAACCAAAGAGGCCGTTTCA,7,588113
araCp,5.25,23,3,AAACACACGGTTAAATGATA,20,541061
araCp,2.0,10,3,AAAAGACTTCCGGATTGTAC,7,574249
araCp,4.25,19,3,AAAACATATGCAGGCAGTAC,16,584899
araCp,25.0,76,2,TTTTTTTGTGGAACATTACT,74,534480
araCp,3.0,10,2,TTTTTCTCGCAGATGACGAA,8,548098
araCp,2.0,7,2,TTTTGGGCGCCTTTTGCAAA,5,603023
araCp,20.333333333333332,62,2,TTTTCTCCGAATCTCTAACT,60,588902
araCp,2.0,7,2,TTTTAAACTGTGAGGGGCAA,5,557578
araCp,2.6666666666666665,9,2,TTTGGTATGGCAAACAAGAT,7,561191
araCp,6.333333333333333,20,2,TTTGCTTTCGCGCGACTCGG,18,544715
araCp,18.333333333333332,56,2,TTTGCAAAGAGCGAGCTAAT,54,552383
araCp,3.0,10,2,TTTCTGTAGGTCCTCTCGAT,8,553389
araCp,3.3333333333333335,11,2,TTTCGCCTCTTTCGTGCCCG,9,581928
araCp,3.3333333333333335,11,2,TTTATTCTTTTTGATCCAGG,9,532612
araCp,1.0,4,2,TTTATGCCGAGCCCTTTGGA,2,595957
araCp,6.0,19,2,TTTAGGGAGCGTTGCTGCGG,17,530889
araCp,5.666666666666667,18,2,TTTAGCCCTACCAGAAGAGA,16,526624
araCp,2.6666666666666665,9,2,TTTACCGGCATAGCGGAAAG,7,538087
araCp,3.6666666666666665,12,2,TTGTTAAATTCTCGTCACCT,10,578230
araCp,5.0,16,2,TTGTCTCCGCGTACCTAAGT,14,531205
araCp,4.0,13,2,TTGTCCGTCCGTCCATCCCG,11,602575
araCp,6.0,19,2,TTGGGGCAACTTCATCCATT,17,600434
araCp,3.3333333333333335,11,2,TTGGAATAAATTGATGATCT,9,575194
araCp,7.0,22,2,TTGCGCGGTCAAGATGAAAT,20,566942
araCp,5.333333333333333,17,2,TTGCAGGGATATCAAAGGCA,15,529696
araCp,11.0,34,2,TTGAGTCGATCCGCATAGTC,32,573566
araCp,10.333333333333334,32,2,TTCTCACGGTTTCACCTCAA,30,532643
araCp,0.6666666666666666,3,2,TTCGTGGGTACATATGGACT,1,564873
araCp,6.666666666666667,21,2,TTCGTGGGACCGGGGAACAC,19,562741
araCp,4.0,13,2,TTCGTGATTAACACGCTTTG,11,549969
araCp,4.0,13,2,TTCGATAAGCCTGTCAATAG,11,586077
araCp,4.333333333333333,14,2,TTCGAGCTGAACGCTGCTCG,12,587728
araCp,5.333333333333333,17,2,TTCGAACAATGGGTATGGCA,15,583237
araCp,4.0,13,2,TTCCCGGCGGACCCGTTCCT,11,589206
araCp,5.333333333333333,17,2,TTCCCACAACTGGGAAAACA,15,541676
araCp,4.333333333333333,14,2,TTCATGCGGCTGGCACCACG,12,566224
araCp,1.3333333333333333,5,2,TTCACTCATTACGGCAGAGA,3,549085
araCp,2.6666666666666665,9,2,TTATTGTCTTTGGCTATCGG,7,577783
araCp,1.0,4,2,TTATTATTGGATTCAGAGTA,2,536923
araCp,11.666666666666666,36,2,TTAGCAATCCTATAAATGCA,34,595815
araCp,11.333333333333334,35,2,TTAGCAAAAGTCTGTGCGGT,33,541594
araCp,4.0,13,2,TTACTTCTCAGTACTTGGAC,11,549413
araCp,4.333333333333333,14,2,TTACGTAATAAGCATCGCCG,12,598570
araCp,5.0,16,2,TTACGGCTCTCGTGGCAGTC,14,575324
araCp,1.3333333333333333,5,2,TTACGCCAATCATTAAACAG,3,568015
araCp,4.0,13,2,TTACCCGTAAAAATTGTGCG,11,566079
araCp,1.6666666666666667,6,2,TTACAGCACATTTATGCGCT,4,590831
araCp,2.6666666666666665,9,2,TTAATGCGTGTAATGTCTTA,7,603576
araCp,3.3333333333333335,11,2,TTAAGACGTACCCCAACTTA,9,542481
araCp,4.333333333333333,14,2,TTAACATAGCGGAGTTACAG,12,576467
araCp,35.0,106,2,TTAAATGTGGACTCACTGCT,104,534611
araCp,3.3333333333333335,11,2,TTAAATCAGGACCTCCGGAT,9,572294
araCp,9.0,28,2,TTAAAATATGCGTCGGTAAG,26,561543
araCp,7.666666666666667,24,2,TGTTTAAAATTATAGTGTGC,22,588790
araCp,2.3333333333333335,8,2,TGTTCGGATATGACGGTATC,6,568588
araCp,4.666666666666667,15,2,TGTCGGGTCTTCAAGCCCGG,13,571084
araCp,15.0,46,2,TGTACGAGCATAGAATGAGA,44,596163
araCp,0.6666666666666666,3,2,TGGTTAGGGAAGGTTGGCGC,1,572362
araCp,6.333333333333333,20,2,TGGGGTGACACGGAGGCAGG,18,561603
araCp,3.0,10,2,TGGGATTTCGACAGCAACTA,8,572439
araCp,13.0,40,2,TGGCTGTCAGCCCTCCAGAA,38,578649
araCp,3.3333333333333335,11,2,TGGCAGAAGATAGAAGGCGA,9,542904
araCp,5.333333333333333,17,2,TGGAGTCACCCAATCATGAA,15,564567
araCp,3.0,10,2,TGGACACGTTCGTATGTTCA,8,573799
araCp,3.6666666666666665,12,2,TGGAAGGCGCCAGGCTTCAT,10,602743
araCp,7.666666666666667,24,2,TGCTCCATACACGTTCGGTC,22,581940
araCp,4.666666666666667,15,2,TGCGGCCGCTTCGGGTTAAA,13,595223
araCp,4.333333333333333,14,2,TGCCCAATAGGTCGCGCTTG,12,554702
araCp,6.666666666666667,21,2,TGCAGCTAAAGTTACTGATT,19,596413
araCp,3.6666666666666665,12,2,TGCAACAGCGGCTGCATGGG,10,584324
araCp,7.666666666666667,24,2,TGATTGGTAAATTCGGGCTA,22,596442
araCp,5.333333333333333,17,2,TGATCCGTTCTATGAATGGT,15,553456
araCp,2.0,7,2,TGAGTGCCGAGTACGGTCAC,5,591308
araCp,5.0,16,2,TGACTCCGATTAAGACGTAT,14,571375
araCp,3.0,10,2,TGACGGTTTATCCTGCGGGC,8,557478
araCp,2.6666666666666665,9,2,TGACGCTTTCGTTTTGCATA,7,565426
araCp,8.0,25,2,TGACGCTTTCATCCATCGGC,23,587257
araCp,2.6666666666666665,9,2,TGACGAAACCGTACTTTTCA,7,547455
araCp,17.333333333333332,53,2,TGACACTATTAGAGATGGAA,51,560674
araCp,5.333333333333333,17,2,TCTTTCGGAGTAAAACGCTT,15,595777
araCp,3.6666666666666665,12,2,TCTTTAAACGCTTAAACGAA,10,532678
araCp,7.333333333333333,23,2,TCTTGCGTCGGCAATCAAGA,21,529094
araCp,3.6666666666666665,12,2,TCTGTTGTCCAAGGAGGGAA,10,571435
araCp,4.333333333333333,14,2,TCTGCACTCCGCTCCGTAAT,12,532334
araCp,8.0,25,2,TCTCTGCGATGCGGGAGTCG,23,589876
araCp,21.0,64,2,TCTAGTTCATTGTTGGTCTA,62,527972
araCp,0.6666666666666666,3,2,TCGTTGGGGTACAATAGGCC,1,596645
araCp,7.0,22,2,TCGTAGGCAAAGAGAGGCTC,20,589324
araCp,2.0,7,2,TCGTAGGCAAACGTGCGTTG,5,526714
araCp,4.666666666666667,15,2,TCGGCCTTCAGCTGTTCACC,13,526463
araCp,7.0,22,2,TCGCTAGAGTCGAAAGCTGA,20,541395
araCp,4.0,13,2,TCGCCTCTCTGCGTCCAACT,11,542114
araCp,4.333333333333333,14,2,TCGCAAGGGATACGAAGTGT,12,564811
araCp,54.333333333333336,164,2,TCGATATTATCTAGCGTTCT,162,566017
araCp,2.3333333333333335,8,2,TCGATACGTTACCTCCGATC,6,526079
araCp,2.6666666666666665,9,2,TCGATAAAGGGTCCGCCAGC,7,554223
araCp,3.3333333333333335,11,2,TCCTTCTTTTTCAGGTTTGG,9,567758
araCp,11.666666666666666,36,2,TCCTGGCTATGAGCGACCGC,34,559884
araCp,2.6666666666666665,9,2,TCCTCGCCATATCTGTGTAG,7,532433
araCp,9.666666666666666,30,2,TCCTAAAACTATAGCGAGCC,28,569894
araCp,4.666666666666667,15,2,TCCGAGTGCTAGCACGGGAT,13,558813
araCp,4.333333333333333,14,2,TCCCGTTTGTGATCCGGAGT,12,546743
araCp,2.3333333333333335,8,2,TCCCGTATGCACTGCCTTGG,6,590224
araCp,1.6666666666666667,6,2,TCCACGGGCGTGCCTGGGGC,4,582051
araCp,9.666666666666666,30,2,TCAGTTACGCATCCCCAGGT,28,543417
araCp,6.333333333333333,20,2,TCAGAGGCGAACGCTTAAAG,18,550515
araCp,2.3333333333333335,8,2,TCACGTTTTTTGAGGCGCCT,6,584854
araCp,0.6666666666666666,3,2,TCAATGACGCAGTTGCGGCC,1,566116
araCp,11.333333333333334,35,2,TCAATCGCCCACTTAGGATC,33,571975
araCp,3.3333333333333335,11,2,TCAAAATTGAGGTGGGGTCT,9,539818
araCp,2.0,7,2,TCAAAACCTCTAAGGAGAAA,5,556650
araCp,7.666666666666667,24,2,TATTGTATACTTAATTCGGC,22,565950
araCp,1.3333333333333333,5,2,TATTAAGACTGTCATGCCAG,3,560868
araCp,6.333333333333333,20,2,TATGCGTCTCTCCCACGCAT,18,595789
araCp,11.666666666666666,36,2,TATCTCGCAGACGGAACTCA,34,533570
araCp,3.6666666666666665,12,2,TATCCGCACTAGCTTTCTCA,10,572282
araCp,3.6666666666666665,12,2,TATCCATTCCAAGCTACCTT,10,601670
araCp,5.666666666666667,18,2,TATAGCTTGGTCTGTTTGAG,16,542541
araCp,3.0,10,2,TATACAAGTGACCATCCTGT,8,541524
araCp,2.3333333333333335,8,2,TAGTTTACATCCTTCTGTAC,6,537175
araCp,6.0,19,2,TAGGGGAGGCGCCTATTTTA,17,601671
araCp,15.333333333333334,47,2,TAGGGCAAGATGAGCTCCGG,45,599296
araCp,12.666666666666666,39,2,TAGGCGTGACGTGTAACCCG,37,576132
araCp,9.333333333333334,29,2,TAGGACGGTACGACTACCGA,27,525893
araCp,7.333333333333333,23,2,TAGCTTCCAAACCGGTGCAA,21,598921
araCp,3.3333333333333335,11,2,TAGCTTACGGGGCTGGCGTA,9,589971
araCp,4.0,13,2,TAGCGAAACTTAGCTTATCA,11,546011
araCp,5.0,16,2,TAGCCCCCTCCATTTGCGAC,14,592925
araCp,7.333333333333333,23,2,TAGCACCCCTTAGCAAGTTG,21,542908
araCp,9.0,28,2,TAGATGATATACGGAGGCGC,26,545237
araCp,36.0,109,2,TAGAGGTACCGCGGGCTAGG,107,531332
araCp,4.333333333333333,14,2,TAGAAAAAGCCTCTTGGTCA,12,527026
araCp,4.333333333333333,14,2,TACGGGTATGAACCGTTAGC,12,553500
araCp,4.333333333333333,14,2,TACGAGTGTTATAAGTCGCA,12,546244
araCp,6.333333333333333,20,2,TACGACGTGACCGCTCAGAC,18,579511
araCp,4.333333333333333,14,2,TACCTTACTGCTGATTGTGT,12,577412
araCp,3.3333333333333335,11,2,TACCTCACTAGGAGCATACT,9,551411
araCp,3.6666666666666665,12,2,TACCGGACGTCCGTTCCAAT,10,562059
araCp,17.666666666666668,54,2,TACCCAAATTAGATGGTCTT,52,602853
araCp,1.3333333333333333,5,2,TACATTACGGCACGGTCGTC,3,587335
araCp,5.0,16,2,TACATTAAAGAAGGCTTCCT,14,541261
araCp,6.333333333333333,20,2,TACATGGTCGGGGGCTAGGG,18,558984
araCp,2.3333333333333335,8,2,TACATCATTTTGTTTGTCGC,6,592077
araCp,4.0,13,2,TACACTTTGTAGAGCCTAGT,11,590616
araCp,2.0,7,2,TACACTAACATGAACGCTAG,5,549415
araCp,6.666666666666667,21,2,TAATCCACTATCTAGGGCGA,19,590404
araCp,8.333333333333334,26,2,TAATATGCATTTGCTCCCTA,24,540172
araCp,6.0,19,2,TAATACCACTTATAGCATGC,17,537561
araCp,4.333333333333333,14,2,TAATAAGCGTTCGCTTGGAG,12,588075
araCp,3.0,10,2,TAAGGGTTGGGCAAGACGCC,8,584133
araCp,2.0,7,2,TAAGCGCTGGAACCAGTCAA,5,579512
araCp,3.3333333333333335,11,2,TAAGCATCAGGTTTTGTATG,9,597989
araCp,38.666666666666664,117,2,TAACGCAAAAACCGTCATGG,115,589714
araCp,4.333333333333333,14,2,TAAACCTTGTCGCCTGGGCG,12,602782
araCp,32.666666666666664,99,2,GTTTTGGCGTATGTCGAACG,97,537273
araCp,12.333333333333334,38,2,GTTTCTAGCCCCGTTATATT,36,579125
araCp,5.0,16,2,GTTTCGGACGACCTACGATT,14,583988
araCp,4.0,13,2,GTTGTAACACCGTGCGGTGA,11,557931
araCp,4.666666666666667,15,2,GTTGAGCTAAACATTGAGGT,13,569180
araCp,23.666666666666668,72,2,GTTGAGCACTATGCTGGTAA,70,598129
araCp,5.666666666666667,18,2,GTTCTTTCGTCAATCACCGG,16,583232
araCp,4.666666666666667,15,2,GTTCTATAGCTTCCAAGACA,13,592675
araCp,1.6666666666666667,6,2,GTTCCTCGGAAGGAGAGGCT,4,575928
araCp,24.333333333333332,74,2,GTTCATATCTAAACACAACT,72,531333
araCp,31.666666666666668,96,2,GTTATGAAGTACTATGACAT,94,549660
araCp,1.3333333333333333,5,2,GTTATCTTACGACACGATGC,3,539660
araCp,1.0,4,2,GTTAAACTGTCCCTATTCCC,2,540886
araCp,5.333333333333333,17,2,GTGTTCAGACCCGGTTCATA,15,592616
araCp,10.0,31,2,GTGTGTGAAACCCGGGTTGA,29,600188
araCp,6.0,19,2,GTGTGGGCGTATAGTGCCTG,17,564117
araCp,3.6666666666666665,12,2,GTGTGAACGCTCCAAGTTCG,10,529379
araCp,4.0,13,2,GTGTATCAAAGATCCGATTA,11,540428
araCp,6.0,19,2,GTGTACCAGCTCCGGCTCAG,17,564861
araCp,2.3333333333333335,8,2,GTGGTAAGAGAGATCCATTG,6,541535
araCp,6.0,19,2,GTGGGTGATGACAGACGCAG,17,530056
araCp,5.333333333333333,17,2,GTGGGCCTGGCACAGAAGCA,15,563478
araCp,0.6666666666666666,3,2,GTGCGGAAAGCATAGAATAC,1,588583
araCp,1.6666666666666667,6,2,GTGCATAGCTCTATCCACGA,4,526469
araCp,5.0,16,2,GTGATTCCGGATCTTGCGGT,14,544232
araCp,12.0,37,2,GTGAGGGCGTTCACCTGGAG,35,579430
araCp,0.6666666666666666,3,2,GTGACCGGTGTTGCAAGAAA,1,555945
araCp,3.6666666666666665,12,2,GTGACAGGGAGCATATGCTT,10,577478
araCp,5.666666666666667,18,2,GTGAAGGCAGTTACGTCTGA,16,566109
araCp,5.0,16,2,GTCTGGTACTGTTCCGTTCT,14,598961
araCp,0.6666666666666666,3,2,GTCTGGACGGTGTGATTATG,1,587118
araCp,3.3333333333333335,11,2,GTCTCTCAATGTATAAAACT,9,581481
araCp,8.666666666666666,27,2,GTCTCCGAAACACCATGGTC,25,529911
araCp,5.666666666666667,18,2,GTCTATTAACCGTAGAATCG,16,540329
araCp,3.3333333333333335,11,2,GTCGTTTCATGATACGGCGG,9,556601
araCp,3.0,10,2,GTCCGCCAGATATAGTCCTT,8,549130
araCp,2.3333333333333335,8,2,GTCCCACGTCCACGAGTAGT,6,596825
araCp,2.0,7,2,GTATACCATACGACGACGTC,5,544270
araCp,2.3333333333333335,8,2,GTACTAATCATAAGACAAAT,6,533675
araCp,19.0,58,2,GTACCAGCTCGTGGAGCTCC,56,579937
araCp,6.0,19,2,GTACACTGCGGATCTAAACC,17,574995
araCp,2.0,7,2,GTAATTTGCGTTGGGCCCTC,5,548160
araCp,8.333333333333334,26,2,GTAAATGCGAGCGTAATTAT,24,576869
araCp,1.3333333333333333,5,2,GTAAAACACTAATTAGCGGA,3,589411
araCp,4.666666666666667,15,2,GGTGTCCCCATCGCGTTTCG,13,601234
araCp,0.6666666666666666,3,2,GGTGGTCACTTTATTTCCGA,1,550928
araCp,32.666666666666664,99,2,GGTGCGTTCATCGCTCGTCA,97,547162
araCp,3.6666666666666665,12,2,GGTGAGAGAAAGAAGTAAGG,10,603019
araCp,1.6666666666666667,6,2,GGTCTTTACTGAACTGACAG,4,597139
araCp,3.6666666666666665,12,2,GGTCTCAGGATAATCCAACA,10,588759
araCp,1.6666666666666667,6,2,GGTCGATAGCGCACATGCGG,4,559828
araCp,3.3333333333333335,11,2,GGTCCGGACAAAAACCGGAG,9,566006
araCp,4.0,13,2,GGTATTCACTGCATTGGTCG,11,569481
araCp,5.666666666666667,18,2,GGTATGGGTTGGGCAAAGGT,16,560758
araCp,10.0,31,2,GGTAGCGATATACTCCTCCA,29,538255
araCp,6.666666666666667,21,2,GGTACGTGCAGGCGTAAAGT,19,577524
araCp,3.0,10,2,GGGTTTAAGGTTAGCACATC,8,588601
araCp,4.666666666666667,15,2,GGGTTCTACGCACACGAGTT,13,549984
araCp,20.0,61,2,GGGTTCCGCGTATGCTTCAA,59,560749
araCp,3.0,10,2,GGGTCGGGTTAGCCCCTCAA,8,538578
araCp,4.0,13,2,GGGGTTTCCATACAACGAGA,11,574998
araCp,4.0,13,2,GGGGTTGTCAGATTTAGATT,11,594803
araCp,0.6666666666666666,3,2,GGGGTCTCCGCTGCTACATT,1,564477
araCp,7.0,22,2,GGGGGGACTACCCGATCGGT,20,594374
araCp,7.333333333333333,23,2,GGGCAACGTGTCGGATACAA,21,532397
araCp,5.666666666666667,18,2,GGCTTCGCTGAATAGATTCC,16,546216
araCp,4.333333333333333,14,2,GGCTGGACCATTTGTAGCTT,12,532632
araCp,2.6666666666666665,9,2,GGCTGGAAATTGAGCAATGC,7,527679
araCp,6.333333333333333,20,2,GGCTGAGATGCCACGGGTTA,18,582113
araCp,3.6666666666666665,12,2,GGCTAGACAATGTCTCTTTG,10,583079
araCp,3.6666666666666665,12,2,GGCGGTTTCTCTCTTCTCTC,10,556117
araCp,1.0,4,2,GGCGCTGCTCCTACAGCAAC,2,599165
araCp,4.666666666666667,15,2,GGCGCCGATCCTATTTAGAT,13,541432
araCp,2.0,7,2,GGCGCATTAGTATTCTCTTG,5,526698
araCp,10.0,31,2,GGCCTGTGGTTTCCCCTCCT,29,601472
araCp,8.333333333333334,26,2,GGCCTGACACTCTGTATTCT,24,529199
araCp,2.6666666666666665,9,2,GGCCTACTTTCAACGAAATT,7,534623
araCp,5.0,16,2,GGCCTACTGTGTCTATCTAG,14,547967
araCp,17.333333333333332,53,2,GGCCGGACCCAGGACTTCAG,51,577592
araCp,1.0,4,2,GGCCGCGAATCCCTAGTGTC,2,587440
araCp,5.0,16,2,GGCCCGAGTGATAATCTGAG,14,531364
araCp,1.0,4,2,GGCACCATTAGGCGTGGATC,2,568634
araCp,3.6666666666666665,12,2,GGCAACATGATACTATCATG,10,553378
araCp,5.333333333333333,17,2,GGATTATTCCACGGTAGTAC,15,528612
araCp,2.0,7,2,GGATTATCGCTTCGTCGATC,5,590001
araCp,0.6666666666666666,3,2,GGATTAACAACCTTCAGACG,1,550464
araCp,2.6666666666666665,9,2,GGATCCTTGCTACCTTTTTT,7,552961
araCp,2.6666666666666665,9,2,GGATATGCCTTTACGCAACG,7,570163
araCp,3.6666666666666665,12,2,GGATAGTTTCCATTGAGTAG,10,526379
araCp,2.6666666666666665,9,2,GGAGTTCAGCTTCCTTAGGG,7,565897
araCp,4.666666666666667,15,2,GGAGGTGATTTCAGGAGGCA,13,551883
araCp,3.3333333333333335,11,2,GGAGGTCCTACTTTCTGACT,9,550291
araCp,3.6666666666666665,12,2,GGAGGCCTTGGGAGAGTGCA,10,535888
araCp,3.3333333333333335,11,2,GGACCGATAGCAATGATAGT,9,581801
araCp,12.333333333333334,38,2,GGACCAAGTCCCCCTATGAA,36,532667
araCp,16.0,49,2,GGACATGAACTTGGGTGGAA,47,572683
araCp,7.0,22,2,GGAAATGGGCAGTGGTGCCC,20,568685
araCp,17.666666666666668,54,2,GCTTTGAATGGCTAGTGACC,52,574746
araCp,3.3333333333333335,11,2,GCTTTATAAACCAGAATACC,9,593588
araCp,4.666666666666667,15,2,GCTTCCGAAGCGCCCTATCC,13,562511
araCp,8.0,25,2,GCTCAGGGCCGTCAGGTGAT,23,534201
araCp,1.6666666666666667,6,2,GCTATACTGTTGCGGATGTG,4,541904
araCp,1.6666666666666667,6,2,GCTAGGTACCGTGGGTGGCA,4,570547
araCp,1.0,4,2,GCTAGACTAACCACCTTTAC,2,590407
araCp,5.666666666666667,18,2,GCTACTCAAATACAGCTGGA,16,596532
araCp,11.0,34,2,GCTAACCGAAAAACACGGAT,32,553101
araCp,20.666666666666668,63,2,GCGTGGCTATATCTTATCGA,61,596976
araCp,2.6666666666666665,9,2,GCGGGCAGATCTTCCTCATT,7,577885
araCp,8.0,25,2,GCGGCAGTTTAGAGTTCACG,23,596130
araCp,0.6666666666666666,3,2,GCGGAGGCGGATAGAGGGCC,1,581472
araCp,4.0,13,2,GCGCCGTCGCTTGAGATGTA,11,573741
araCp,3.3333333333333335,11,2,GCGACTAGGCCTAGCCTCGA,9,528768
araCp,2.6666666666666665,9,2,GCGAATCCGAGTTGGGGCGA,7,532710
araCp,12.333333333333334,38,2,GCGAAGCCTTTCTGCAGTTG,36,549293
araCp,3.3333333333333335,11,2,GCCTTGTAGTCTTCAAAGGC,9,556259
araCp,8.333333333333334,26,2,GCCGTGCAGTGAAACCCCCA,24,548359
araCp,3.3333333333333335,11,2,GCCGTAATGGGGTACCAGTG,9,593652
araCp,28.333333333333332,86,2,GCCGGTCCGGCCTGCACTGG,84,528793
araCp,2.0,7,2,GCCGGCGCAACTGCCTAGAC,5,593092
araCp,33.0,100,2,GCCCTATACTCAAAAGGTAT,98,551424
araCp,1.3333333333333333,5,2,GCCAATCGTACGAATCATGC,3,586203
araCp,3.0,10,2,GCCAACGGGGGTGTATATGT,8,546149
araCp,2.6666666666666665,9,2,GCCAAAGCCCCCGAGACTGT,7,548308
araCp,59.666666666666664,180,2,GCATTGAAGTTGCCTTGGCC,178,602947
araCp,6.333333333333333,20,2,GCATCAAACAGGACAATGGT,18,592861
araCp,7.333333333333333,23,2,GCATAGGGGTATCTCGTTCT,21,588494
araCp,5.666666666666667,18,2,GCAGTCAGTTATTAAAAATG,16,576348
araCp,4.666666666666667,15,2,GCAGGAAATGAAATGTTAGT,13,540882
araCp,3.6666666666666665,12,2,GCACGTAAAAGTAGAGCTGC,10,551516
araCp,1.6666666666666667,6,2,GCAATTTGATTCCTTGTTCT,4,590461
araCp,1.3333333333333333,5,2,GCAAGTGGGGCGTTTAGCAT,3,553025
araCp,1.3333333333333333,5,2,GCAAGAGGGATTGGGGCATA,3,552704
araCp,1.3333333333333333,5,2,GATTGTATCAACATCCTTAT,3,588002
araCp,0.6666666666666666,3,2,GATTGAAACCAGTTATCGTA,1,529289
araCp,9.333333333333334,29,2,GATCCCGGGGATCTAATCAT,27,597700
araCp,2.3333333333333335,8,2,GATATCGGTCCCCAGACGAA,6,570583
araCp,2.6666666666666665,9,2,GATAAATCATTCCACGGCAA,7,598387
araCp,0.6666666666666666,3,2,GAGTTGCCACCAATCGAAAG,1,549641
araCp,13.333333333333334,41,2,GAGTCCTTTACTGGCAAATG,39,566658
araCp,6.0,19,2,GAGGTGCCACAACGTGACAA,17,526015
araCp,4.0,13,2,GAGGTCAACGGGATTATTGT,11,526297
araCp,5.0,16,2,GAGGGGGTATGATAGCATTG,14,555648
araCp,9.0,28,2,GAGGATCAATGCAAAACCTC,26,545201
araCp,9.666666666666666,30,2,GAGGACCTTGCTCGGGACTT,28,576949
araCp,4.333333333333333,14,2,GAGCTGTGAGTCGGTGAGTA,12,530510
araCp,5.666666666666667,18,2,GAGCCAGCCCAGTAAGCGCA,16,535668
araCp,4.333333333333333,14,2,GAGAACCTCGACCGGTAAGG,12,529616
araCp,4.666666666666667,15,2,GACTTGATACTATATATGGG,13,573392
araCp,3.3333333333333335,11,2,GACTCTGGATTGAAGTTGGT,9,566585
araCp,7.333333333333333,23,2,GACTCAGGGTACCGAGGATG,21,580430
araCp,5.0,16,2,GACGTTCTGGATAATTCGTT,14,564090
araCp,3.0,10,2,GACGTGACACCTTTTTGGAA,8,589719
araCp,4.333333333333333,14,2,GACGTAATTGTCACTGGATG,12,558993
araCp,16.333333333333332,50,2,GACGCCAAAGTGGCTAGGCA,48,573578
araCp,4.666666666666667,15,2,GACCGTGATACTCGCATCAA,13,526744
araCp,7.666666666666667,24,2,GACCGGTCTTGCACATCCGT,22,530067
araCp,1.0,4,2,GACCGGGCCTGGATCATTAC,2,599733
araCp,7.0,22,2,GACCATTCGGCCGCATGGGG,20,592318
araCp,5.0,16,2,GACCAATTTTACGCTTAGAC,14,562794
araCp,0.6666666666666666,3,2,GACAGTCGTGGTTTCCGAGG,1,543242
araCp,4.666666666666667,15,2,GACAGGCGCTAAGACTCATA,13,556299
araCp,1.6666666666666667,6,2,GACAAGGGCCCTTATGCATC,4,576897
araCp,1.6666666666666667,6,2,GAAGTACGTTGTGCAGAGGG,4,532120
araCp,6.0,19,2,GAACTCTGAAGTTAAGCGCA,17,569500
araCp,6.666666666666667,21,2,GAACCGAGCTTGCCTATTGG,19,579195
araCp,3.0,10,2,GAAACTCATATTTAAGAGTT,8,591324
araCp,5.0,16,2,CTTTCATTCTGTCGTGGAAT,14,554623
araCp,6.0,19,2,CTTTATACAAAGGCCCAATA,17,535568
araCp,6.666666666666667,21,2,CTTTAGTGGAGGACGATATA,19,580951
araCp,0.6666666666666666,3,2,CTTGCGGACTAAGAGCTATT,1,560479
araCp,1.0,4,2,CTTGATAACGTGCCCGTAAT,2,593037
araCp,5.0,16,2,CTTGAGAGGTAACGAGAGAG,14,592858
araCp,3.0,10,2,CTTGACAACCATAGCTAGAA,8,542180
araCp,7.666666666666667,24,2,CTTGAACAGATGAAGGGGCA,22,540728
araCp,0.6666666666666666,3,2,CTTCCGCCCCTTAAGTTCGT,1,555623
araCp,3.6666666666666665,12,2,CTTCAGTCAAAAGATCTATT,10,541009
araCp,2.3333333333333335,8,2,CTTAATAGCTTAGATTTAAA,6,599898
araCp,5.666666666666667,18,2,CTGTTTTCGACTGGGAGCCC,16,577542
araCp,3.6666666666666665,12,2,CTGTTATAGGATTCGACTAG,10,535631
araCp,4.0,13,2,CTGTTAAAAGTGTGATTTCC,11,536712
araCp,21.333333333333332,65,2,CTGTCGGCTTAACTAGATTG,63,588805
araCp,4.333333333333333,14,2,CTGGGAGATAGGAGCGGTGC,12,543829
araCp,4.666666666666667,15,2,CTGGCATTCGTATTAGGCGG,13,573367
araCp,5.333333333333333,17,2,CTGCGGCATCATTCCTCCAA,15,555401
araCp,11.333333333333334,35,2,CTCTTTGGTCACCGTGATAT,33,572726
araCp,17.333333333333332,53,2,CTCGCTCAGAAAGAAAGCGG,51,536843
araCp,5.666666666666667,18,2,CTCGACTTTTGTTAAGTTAG,16,593033
araCp,4.666666666666667,15,2,CTCCTATCGTTACCGATAGA,13,580474
araCp,3.6666666666666665,12,2,CTCCTAGGAATCGAAGAAGA,10,591099
araCp,18.0,55,2,CTCCGAATCGCTTCGCACTA,53,561573
araCp,16.0,49,2,CTCCCATATAGGTTGCAAGG,47,571904
araCp,3.3333333333333335,11,2,CTCATAGTTGTTGCTTCGGC,9,587342
araCp,4.333333333333333,14,2,CTCAAGGCCTCCCATCCTGC,12,561237
araCp,7.0,22,2,CTCAACCCAGTTTCCATAGG,20,591658
araCp,2.0,7,2,CTATTTTGGGGTTCGTTATC,5,592525
araCp,3.3333333333333335,11,2,CTATACCTGGGGGACACTTA,9,599133
araCp,5.333333333333333,17,2,CTAGGTCAAATTGACAGGGA,15,563773
araCp,3.0,10,2,CTAGCGCGAGTACAGTCACT,8,527963
araCp,1.6666666666666667,6,2,CTACCCCCCAATCTGCCAAC,4,588844
araCp,4.666666666666667,15,2,CTACCAGCACTTGGTTCACA,13,563356
araCp,1.0,4,2,CTACATTTAGGGCTCAGCGT,2,581440
araCp,1.0,4,2,CTAACTGTACTCGTTCTACC,2,556651
araCp,3.3333333333333335,11,2,CGTTAGGCGGCTGTCGCTAC,9,578508
araCp,2.0,7,2,CGTGTCGTGAGATCAGAGTC,5,599025
araCp,2.3333333333333335,8,2,CGTGGTCCTGAAAAGCGGTG,6,556353
araCp,7.0,22,2,CGTGCGCAGAGCGGTCAGGA,20,585524
araCp,6.0,19,2,CGTCGGAGTTGTACACAGCA,17,537896
araCp,4.666666666666667,15,2,CGTCGCTAGTGTCAACCTGC,13,572361
araCp,5.0,16,2,CGTCACGGCTCCAACACTCG,14,574400
araCp,2.3333333333333335,8,2,CGTACGAGAGCGGTAACCCT,6,598893
araCp,5.666666666666667,18,2,CGTAATTGAAAAGTTCTTTT,16,560571
araCp,6.0,19,2,CGGTTGCCCGGATCCAGTAA,17,585415
araCp,5.666666666666667,18,2,CGGGTCCCAAATCGGATGTC,16,590226
araCp,6.333333333333333,20,2,CGGGGGCAGGCAATGGTTGT,18,544064
araCp,3.0,10,2,CGGGGCACCGCATATAGCCA,8,578951
araCp,3.3333333333333335,11,2,CGGCTTTTCTGCGTCGGTGG,9,577481
araCp,0.6666666666666666,3,2,CGGCGTGGCAGTTGTTACAC,1,532254
araCp,2.0,7,2,CGGCGAGCACTACGGTAAGT,5,551509
araCp,4.0,13,2,CGGCGACCTCTATGACTCGC,11,551059
araCp,5.0,16,2,CGGATCTCGTGTCGGTCGAT,14,536393
araCp,3.6666666666666665,12,2,CGGATCTCCAAGCAGCGTAG,10,571990
araCp,3.3333333333333335,11,2,CGCTGGTACGGTTATAATGT,9,552113
araCp,5.333333333333333,17,2,CGCTCCTAATGTCAACACCT,15,570706
araCp,4.666666666666667,15,2,CGCGCAGTTTGTCACATAAG,13,566289
araCp,1.0,4,2,CGCGAGTTAAGATCCGTTCG,2,536435
araCp,4.0,13,2,CGCGAGACCACGGTAAGCCG,11,536900
araCp,1.3333333333333333,5,2,CGCCTGTTCCGTCCTAAGAG,3,595441
araCp,3.3333333333333335,11,2,CGCAATTGTACCTCCAAGCA,9,573785
araCp,6.666666666666667,21,2,CGATTATGGGATCCTGAGCT,19,529384
araCp,4.333333333333333,14,2,CGAGGCTAGACTGTCCCGTA,12,576377
araCp,3.3333333333333335,11,2,CGAATCAGGCACATAGAGAC,9,579845
araCp,7.333333333333333,23,2,CGAATATGAGCTTCCTCTGA,21,570224
araCp,3.6666666666666665,12,2,CGAACTAGCGATGGACCTCA,10,581279
araCp,3.6666666666666665,12,2,CCTTTCGTCGTCGTTACAAC,10,531152
araCp,0.6666666666666666,3,2,CCTTAAAAGTTCCGCTATCA,1,549655
araCp,2.3333333333333335,8,2,CCTGACCCTTTTATTCGGTA,6,561503
araCp,8.666666666666666,27,2,CCTCTTACTTTCGCGCTTCT,25,562653
araCp,4.666666666666667,15,2,CCTCGGCACATTGAAACAGA,13,574194
araCp,2.3333333333333335,8,2,CCTCCTCTTTCATAGCTTCG,6,553994
araCp,3.3333333333333335,11,2,CCTCAGGTTTGTACTTCCCT,9,541219
araCp,4.0,13,2,CCTCACACGTCAATCCAGAG,11,591819
araCp,5.0,16,2,CCTACTGTGAGTTGCGCGTC,14,591167
araCp,2.3333333333333335,8,2,CCGGTCAATGAGGGTGGGCT,6,602693
araCp,15.333333333333334,47,2,CCGGCTCTACTTGTTACCAC,45,597253
araCp,5.0,16,2,CCGGATGTGATAGGGCTTGG,14,586638
araCp,3.0,10,2,CCGCTTGTATCGAGAATGAC,8,579189
araCp,8.333333333333334,26,2,CCGCCTAAGCGTATTCAACT,24,565630
araCp,4.0,13,2,CCCGTCCAAGGGATTTCGTA,11,549558
araCp,1.6666666666666667,6,2,CCCGCTATGCGCTTCGGACG,4,573572
araCp,5.0,16,2,CCCGCCTTCAACCGATTGGG,14,576308
araCp,1.0,4,2,CCCGAGTCTATGCGATCTTA,2,574591
araCp,4.666666666666667,15,2,CCCCTATCCGATTCCCGCTC,13,529387
araCp,0.6666666666666666,3,2,CCCCAGTATTGTCCGGTGGT,1,559601
araCp,3.6666666666666665,12,2,CCCAGTCTACCACAACCTCG,10,579410
araCp,10.666666666666666,33,2,CCATCTATCATTTCCCCTGG,31,592377
araCp,1.6666666666666667,6,2,CCATCGGGTTCCTTCCGACC,4,594971
araCp,1.6666666666666667,6,2,CCACTCGGGTTTGGGTTCGA,4,579803
araCp,5.666666666666667,18,2,CCACGTGCAACTCTTGATTC,16,588863
araCp,4.666666666666667,15,2,CCAAATGTGATAGATCTCCA,13,555372
araCp,3.0,10,2,CATTCTGGAGTCAAGATGAA,8,566350
araCp,7.0,22,2,CATTCTGATTTCAACCAGCG,20,543936
araCp,2.0,7,2,CATTCTCTAATGGCGCTTCC,5,585851
araCp,0.6666666666666666,3,2,CATTAGGCAATATATGGGTG,1,551332
araCp,13.333333333333334,41,2,CATTACATGGTTAGATCCGT,39,598350
araCp,5.333333333333333,17,2,CATGTGCGTGTCCGACCCTG,15,537518
araCp,1.6666666666666667,6,2,CATGTCCCCACTGGTGAACG,4,572859
araCp,11.0,34,2,CATGGCGCGCGCCCTCGGGA,32,531189
araCp,0.6666666666666666,3,2,CATGCTGAATCCTAGTCCGA,1,583208
araCp,4.333333333333333,14,2,CATGCGTTTAACGTAATATT,12,530809
araCp,2.3333333333333335,8,2,CATGCGTCGCGCTTCGGCTG,6,584508
araCp,4.666666666666667,15,2,CATGATAATTACCGGGACCT,13,551607
araCp,4.333333333333333,14,2,CATCTCTAACGATACCGGCC,12,598133
araCp,2.6666666666666665,9,2,CATCACTACGGCCTCAAGAG,7,551522
araCp,2.0,7,2,CAGTTGTAAATGTCAACTCT,5,582856
araCp,8.666666666666666,27,2,CAGTTCGGAGGGGTATGTGT,25,530831
araCp,3.6666666666666665,12,2,CAGGGACATTCGAGTATGGC,10,549299
araCp,8.0,25,2,CAGCTTTGGCCAATCTGGCA,23,587903
araCp,1.0,4,2,CAGCGTCAAGTATTCTCTCC,2,526906
araCp,2.3333333333333335,8,2,CAGCGGTGATAGGTTCGTAA,6,544107
araCp,0.6666666666666666,3,2,CAGCCTAAACGTGTAAGTAA,1,592445
araCp,4.333333333333333,14,2,CAGCCCCTAGATTCTTGGGG,12,577810
araCp,5.333333333333333,17,2,CAGCAACCTCACTGCCCTGA,15,533685
araCp,35.666666666666664,108,2,CAGAGCAATGTTAACTAGAT,106,552711
araCp,6.333333333333333,20,2,CAGAGAAAGCTGGATACGTA,18,569240
araCp,8.333333333333334,26,2,CAGAAAATGAATCCGGCGAC,24,603196
araCp,4.333333333333333,14,2,CACTGACGCAGTACGGTTAC,12,533928
araCp,0.6666666666666666,3,2,CACGGTTGGGATATGACCAA,1,592423
araCp,7.666666666666667,24,2,CACGGTAGGGGTGTAGAGTC,22,580950
araCp,4.333333333333333,14,2,CACGGTAACTCCGACCCTAG,12,527624
araCp,7.666666666666667,24,2,CACCTTCACGATAACCACTA,22,528928
araCp,1.0,4,2,CACAGTGCTCTTTAATCCTG,2,573790
araCp,5.0,16,2,CAATGAAGTCGATTTCTCGC,14,540056
araCp,3.0,10,2,CAATAAGGGGGTTACGTGCT,8,558008
araCp,2.6666666666666665,9,2,CAATAAACAGGAGAAGCGGA,7,595600
araCp,3.6666666666666665,12,2,CAACTGGTTGAGCAGTATTA,10,539245
araCp,2.3333333333333335,8,2,CAACGTATGGTTTTGGCTCA,6,541203
araCp,6.0,19,2,CAACGAGAGTATGGAAGCCG,17,578553
araCp,2.6666666666666665,9,2,CAACAGTGATCCTGCCTACA,7,562711
araCp,0.6666666666666666,3,2,CAAATATGCACCTGGTACTT,1,541159
araCp,2.3333333333333335,8,2,CAAACGACAAGGAACCGAGT,6,528414
araCp,6.333333333333333,20,2,ATTTCTTGTTTAGGCTTCTT,18,561741
araCp,2.0,7,2,ATTTCACAAGTTTTTGCGAC,5,537300
araCp,5.666666666666667,18,2,ATTGTGGGTCACCGGTTGTA,16,552460
araCp,2.3333333333333335,8,2,ATTGGTCTTTATAGTTTCTG,6,589921
araCp,3.0,10,2,ATTGCTTGCAGATGCGTTGA,8,588350
araCp,4.333333333333333,14,2,ATTGACACGCATTAGTCTAG,12,549186
araCp,3.0,10,2,ATTGACAAAGTTCACAAGTC,8,582981
araCp,2.6666666666666665,9,2,ATTCTTCTTCTTAGCGGTTT,7,543830
araCp,2.6666666666666665,9,2,ATTCTGATCTGCCATATTTA,7,532403
araCp,2.6666666666666665,9,2,ATTCTAAGGAAGCAGGCTGT,7,574542
araCp,1.3333333333333333,5,2,ATTCGGTAAAACGAACCTCA,3,555727
araCp,6.333333333333333,20,2,ATTCACCGATTAGACGATCG,18,537448
araCp,4.666666666666667,15,2,ATTACCAATCTGTATATGGG,13,587239
araCp,5.0,16,2,ATTACAGACGCTGATGCGGG,14,585259
araCp,1.6666666666666667,6,2,ATGTTTTATACTTTGTTGGC,4,598795
araCp,0.6666666666666666,3,2,ATGTGTACTTTGATGTGTTA,1,550126
araCp,4.666666666666667,15,2,ATGTGAGTCGTTACGCTTTG,13,545734
araCp,7.0,22,2,ATGTCTGCGGGAGGACATCA,20,586822
araCp,6.666666666666667,21,2,ATGTCATCTGTACACCAACC,19,542170
araCp,5.0,16,2,ATGTAGTACCAGGCGGGAGT,14,599928
araCp,5.333333333333333,17,2,ATGGTGAAGCTGCTTTTCAA,15,584803
araCp,2.0,7,2,ATGGTCCCCACGAAGAAGTG,5,529432
araCp,2.6666666666666665,9,2,ATGGGGTAAAGTAGGGCCTT,7,592467
araCp,0.6666666666666666,3,2,ATGCTAGCACCGTCGGGACA,1,576758
araCp,6.0,19,2,ATGCGGGATAACAATGCCGG,17,573839
araCp,2.6666666666666665,9,2,ATGCGCCTGTACAACTAGGT,7,566699
araCp,2.3333333333333335,8,2,ATGCATGCGGCTTGGAACTT,6,590424
araCp,2.3333333333333335,8,2,ATGCAGCGGGACTTGCATGA,6,573778
araCp,4.666666666666667,15,2,ATGAGCGATCCTCAAAGCGG,13,537194
araCp,1.6666666666666667,6,2,ATGACCCCTTTCGTGAGCCG,4,577398
araCp,5.666666666666667,18,2,ATCTTCGGCCTGAAAGTAGT,16,591356
araCp,2.3333333333333335,8,2,ATCTTATGGGATAACAGCTA,6,595218
araCp,3.0,10,2,ATCTGTGTGTGTCTTACAGG,8,583959
araCp,4.666666666666667,15,2,ATCTACTGCTCACGAACACT,13,542731
araCp,1.6666666666666667,6,2,ATCGGGCAGTAGTACCGAGT,4,600852
araCp,4.0,13,2,ATCGGAGACTTTAGCTCTCT,11,568355
araCp,2.6666666666666665,9,2,ATCGCAATAGGCCTCGCGAC,7,545020
araCp,6.0,19,2,ATCGAGTACACTGAGACCAC,17,586051
araCp,3.3333333333333335,11,2,ATCCTCCCAAGAAACAGATG,9,601436
araCp,3.6666666666666665,12,2,ATCCACGATCTTGCCTCAAA,10,599192
araCp,12.0,37,2,ATATTTGTGACCGTACTAAG,35,598950
araCp,3.0,10,2,ATATTACGGATGTATTATTA,8,566485
araCp,3.0,10,2,ATATGGTCGCCGATCAGGTC,8,553239
araCp,3.6666666666666665,12,2,ATATGGGTTGTTTATCGGGA,10,539293
araCp,4.333333333333333,14,2,ATATGACTGAGTGAATTCGC,12,586282
araCp,6.666666666666667,21,2,ATATCAAGTGATGGGGTTGC,19,567393
araCp,5.666666666666667,18,2,ATATATTAGCTGTCGCATTA,16,534256
araCp,3.0,10,2,ATATAGGGTTAATAAGTAAT,8,543973
araCp,3.0,10,2,ATAGCAACCCCTCATTAATC,8,551373
araCp,3.0,10,2,ATAGAGAAGGGTAGAGGGGT,8,546475
araCp,5.333333333333333,17,2,ATAGACCCCTAAACCCGCGT,15,560409
araCp,5.333333333333333,17,2,ATACGTAATCGTGGGCGTGA,15,600884
araCp,9.0,28,2,ATAATCGGCCCCTTTTATTG,26,529343
araCp,6.0,19,2,ATAAAGTCGAATTGAGATTA,17,572875
araCp,7.333333333333333,23,2,AGTTTGATGGTGGCCTCCGT,21,573809
araCp,1.3333333333333333,5,2,AGTTCGGGGCGTATCTTGTC,3,555305
araCp,8.333333333333334,26,2,AGTTCGATGCAAGGTACAGA,24,560851
araCp,3.3333333333333335,11,2,AGTTCCTCACCTCGTGCGCC,9,556130
araCp,5.0,16,2,AGTTAATATGGGCTGAGGGG,14,579115
araCp,8.333333333333334,26,2,AGTTAAAATGGCCCCATGCT,24,531327
araCp,3.3333333333333335,11,2,AGTGCGGTTCCTGTTCATGG,9,562738
araCp,3.6666666666666665,12,2,AGTGAGGAAAGCAAGATTAA,10,563607
araCp,9.0,28,2,AGTCGCGCCCCTGTTTACTC,26,535615
araCp,5.666666666666667,18,2,AGTCGCGCAAGTCCGTATCT,16,527445
araCp,3.0,10,2,AGGTATGGACACAAAGTTGT,8,589081
araCp,2.3333333333333335,8,2,AGGTAGCTTGGATTAGATAC,6,539624
araCp,5.333333333333333,17,2,AGGGGTTGTTATCTCCTTAT,15,564966
araCp,2.6666666666666665,9,2,AGGGGCTCGCGTGACTGTTG,7,590683
araCp,4.666666666666667,15,2,AGGGAGGCGTGGATTAGTCG,13,584724
araCp,4.0,13,2,AGGGAGAGAACATGGTACTT,11,528980
araCp,5.666666666666667,18,2,AGGCGAATGCCGATCAGGTG,16,577476
araCp,2.0,7,2,AGGCCCGGAGAGGCGGAAGC,5,592746
araCp,2.3333333333333335,8,2,AGGCCAAAGGCTCACTCTTT,6,567857
araCp,4.333333333333333,14,2,AGCTCGGCGTACTGTGTAGG,12,546956
araCp,6.666666666666667,21,2,AGCTCCATATTGCTGCTATG,19,547385
araCp,3.0,10,2,AGCTAAAGTACATGCGCGAT,8,588418
araCp,5.0,16,2,AGCGAAGTTATTACAGGGTG,14,591759
araCp,1.3333333333333333,5,2,AGCCGCGATAGGCCTGCCAT,3,564265
araCp,1.0,4,2,AGCCCAGAGGTATGATATGA,2,543330
araCp,2.0,7,2,AGCCATTTGTGATCACTAAT,5,571585
araCp,6.333333333333333,20,2,AGCCACTCCTGAGGGGAGGC,18,562934
araCp,27.666666666666668,84,2,AGCAGTTCTTCGCCTCGGCT,82,534622
araCp,5.666666666666667,18,2,AGCACGTACGGCGATGGATC,16,602999
araCp,5.333333333333333,17,2,AGCAAGGTGTGGTGAGGACG,15,529396
araCp,18.333333333333332,56,2,AGATGTTGATTAGGTCCGAA,54,569928
araCp,1.3333333333333333,5,2,AGATGTTAATAGTCGTTACT,3,598934
araCp,0.6666666666666666,3,2,AGAGTCAAACGCCATTTGTT,1,573070
araCp,2.6666666666666665,9,2,AGACTGTATCGTCTACATAT,7,556277
araCp,5.333333333333333,17,2,AGACTACGCTCAGCCACCAG,15,543974
araCp,3.6666666666666665,12,2,AGACGTTCGCAGGGGATCCT,10,529373
araCp,6.0,19,2,AGACGAAAATTCTTGCTTGT,17,535300
araCp,2.3333333333333335,8,2,AGAATCTCTTCACGGGGCAA,6,542037
araCp,3.0,10,2,AGAATCATATAGGTAACTTG,8,580270
araCp,3.0,10,2,AGAAGCCCCGATGCATCAAG,8,541988
araCp,3.0,10,2,ACTTGCGATCCGCCGTAAAT,8,581628
araCp,6.666666666666667,21,2,ACTTCCGAGGATCTTAGACC,19,545703
araCp,16.0,49,2,ACTGTTCAGGTAAGCAGTAC,47,602714
araCp,11.0,34,2,ACTGGAAGTCACAGCCTAGT,32,599688
araCp,4.0,13,2,ACTGAACTACCAACCCGTGG,11,536097
araCp,28.666666666666668,87,2,ACTCATTTGGTTAATTTATT,85,555361
araCp,0.6666666666666666,3,2,ACTCACTGCGATTTCCACAT,1,562350
araCp,4.333333333333333,14,2,ACTATCTTGAGGACTCGAGT,12,581912
araCp,0.6666666666666666,3,2,ACTATCCTGTAAGGGTGTTG,1,541351
araCp,2.6666666666666665,9,2,ACTATACTTATTTACGGATA,7,546870
araCp,1.6666666666666667,6,2,ACTAGGACTTGTTGCTAAAG,4,531302
araCp,6.0,19,2,ACTAGCCGATGGTACGAAGA,17,590769
araCp,4.0,13,2,ACTAAATTAGGTCCAGACAA,11,578091
araCp,18.333333333333332,56,2,ACGTTTTGGGCTATCTATGA,54,527759
araCp,14.666666666666666,45,2,ACGTGATTGCGCCCCAATTA,43,593562
araCp,2.0,7,2,ACGGTTTAAGGGCAAGTTTG,5,602732
araCp,13.666666666666666,42,2,ACGCCTCCGGAGCACAGTTA,40,548455
araCp,4.333333333333333,14,2,ACGCCGTAAATACGCGTGGA,12,560304
araCp,10.666666666666666,33,2,ACGCAACTGTGCGATAGGAA,31,583791
araCp,4.333333333333333,14,2,ACGCAAATCATAAGCGCTAA,12,568081
araCp,44.666666666666664,135,2,ACGAGTTGAACTGGGGGTCC,133,595287
araCp,4.666666666666667,15,2,ACGAGATATAGAGTAACACA,13,568592
araCp,3.3333333333333335,11,2,ACGAACCTTTGTCTTCGGTC,9,581822
araCp,2.3333333333333335,8,2,ACCTACGCGGCAGGGTTGAT,6,534124
araCp,0.6666666666666666,3,2,ACCGTACTGATTTTGTGTGA,1,563503
araCp,9.333333333333334,29,2,ACCGCTTAGTCATCGGTCTT,27,579118
araCp,3.0,10,2,ACCGAGCGCGATTGGATAAT,8,537769
araCp,6.0,19,2,ACCCTTGAATGGCACCATAA,17,596545
araCp,3.0,10,2,ACCCCTGGGGCTGACAAGGG,8,552984
araCp,5.333333333333333,17,2,ACCCAATCTTATAGCTAGAT,15,595017
araCp,5.666666666666667,18,2,ACCAGGCATGCGTACAGCAA,16,537782
araCp,9.666666666666666,30,2,ACCACTTCGTTGACCGGGGA,28,533826
araCp,4.333333333333333,14,2,ACCAAAGCGTAACGGTACCC,12,571243
araCp,6.666666666666667,21,2,ACATTCTGACTTTATTCCAT,19,544307
araCp,5.0,16,2,ACATTAGTGTACTGAAGGGG,14,549426
araCp,8.333333333333334,26,2,ACATCCCGGTACGGAAGCGG,24,594336
araCp,5.0,16,2,ACATCCAAACCTATTTGACT,14,533146
araCp,4.333333333333333,14,2,ACAGGCTTGTGGCACGGTTC,12,579110
araCp,6.666666666666667,21,2,ACAGCGTCCCTTCGCTACCA,19,566276
araCp,1.3333333333333333,5,2,ACAGCCCGATTTATATTGGA,3,550633
araCp,12.333333333333334,38,2,ACACTGCTGAATGCATATAA,36,584845
araCp,6.333333333333333,20,2,ACACCCGGCTGTTTAACCGT,18,572918
araCp,22.333333333333332,68,2,ACACATCCGTATAACCTGAG,66,530615
araCp,4.666666666666667,15,2,ACACAAGCCGTGTAACTGTG,13,544054
araCp,3.3333333333333335,11,2,AATTCGCTTGCATCCTAATA,9,571440
araCp,5.666666666666667,18,2,AATGCTAAAAAACTGCTAGC,16,555102
araCp,15.333333333333334,47,2,AATGAAGTCCAGGTCGTTGC,45,598624
araCp,4.333333333333333,14,2,AATCACCAAGATTTTTCTCG,12,575910
araCp,1.3333333333333333,5,2,AATATCTTTAGGTGTCTCCT,3,546730
araCp,0.6666666666666666,3,2,AATAGTTACCGGCAAATAGC,1,538218
araCp,0.6666666666666666,3,2,AATACCATAGAGGCGGATTT,1,589964
araCp,4.333333333333333,14,2,AATAACCGCTTAGATTGTGT,12,531331
araCp,0.6666666666666666,3,2,AATAAAATCTCTGGATGTTA,1,593833
araCp,42.666666666666664,129,2,AAGTCCGGCGACGTATTGAC,127,547968
araCp,2.6666666666666665,9,2,AAGCTTTAGATACCCAGTGA,7,550896
araCp,5.333333333333333,17,2,AAGAATTCCAATTAGGGTTG,15,532917
araCp,3.0,10,2,AAGAATTATCCTATTCAGAC,8,528498
araCp,3.6666666666666665,12,2,AACCCGCCCGAAATGACAGC,10,590676
araCp,5.666666666666667,18,2,AACCCGACCTCAAGCTAGGG,16,568827
araCp,5.0,16,2,AACACAGGACGGGTACATAT,14,545760
araCp,10.666666666666666,33,2,AAATCACGATGCAGGAACGG,31,531326
araCp,5.333333333333333,17,2,AAATACTGGTGCGCAGCTCC,15,600431
araCp,4.0,13,2,AAACTGGCCTAATCCGCGCC,11,540516
araCp,108.33333333333333,326,2,AAACCCTATTGGCTAGCGCT,324,534624
araCp,6.666666666666667,21,2,AAAATGGTCCTGGACGTATT,19,573957
araCp,25.0,50,1,TTTTTTCCTACAGCCCTATA,49,561730
araCp,1.5,3,1,TTTTGTGGTTACTTCTGTGA,2,594645
araCp,7.0,14,1,TTTTCCACGCCCCGCCTCTG,13,546635
araCp,5.5,11,1,TTTGTCAATTCTTATATTAA,10,530072
araCp,18.5,37,1,TTTGCTCAGCGGAGATCCTC,36,563143
araCp,12.0,24,1,TTTGCAGCCACTAGCAAAGG,23,581253
araCp,4.0,8,1,TTTCGTACGTTTGTTTAGAT,7,575014
araCp,18.5,37,1,TTTCGGTAGATGGGGGTTGA,36,533206
araCp,8.0,16,1,TTTCAGTGCAGTTACGAGAT,15,526978
araCp,10.0,20,1,TTTAGTGTCCCGCTGGATCT,19,549381
araCp,1.0,2,1,TTTAGGTGCACGGCCTATTC,1,558385
araCp,5.0,10,1,TTTAGCGGATACACGGTGCT,9,551929
araCp,13.0,26,1,TTTAGACGTCCATGCAAGCT,25,528608
araCp,4.5,9,1,TTTACGCAGTCTACTAAACA,8,578897
araCp,13.0,26,1,TTTACGAGGTACGGGCACCT,25,578799
araCp,7.5,15,1,TTGTAATCAGCCTTCCCGGG,14,527207
araCp,6.0,12,1,TTGGGCTACTCCACACGGAC,11,541578
araCp,1.0,2,1,TTGGGCGAATCAAAAGGTCC,1,559759
araCp,13.0,26,1,TTGGATTTCGAGTCCTCATT,25,581255
araCp,6.0,12,1,TTGGACTACTTAATACCGGC,11,544755
araCp,5.0,10,1,TTGCTAGCCGTGCACGTGAA,9,601657
araCp,10.0,20,1,TTGCGTGAGGTTCTGCTCTC,19,544486
araCp,2.0,4,1,TTGCGAACATAACACAAAGG,3,555704
araCp,8.0,16,1,TTGCCAGTGGTACAAGCAGT,15,568340
araCp,2.5,5,1,TTCTCTGCACATTGGCCATA,4,542053
araCp,4.5,9,1,TTCGTCAAGGCGAGTTATTT,8,596381
araCp,6.0,12,1,TTCGGGCAGCTCACAGTCGT,11,599870
araCp,10.0,20,1,TTCGCCGCTCAAGTCGTACA,19,578359
araCp,7.0,14,1,TTCGCAAGCAGTGTGGAGAT,13,598834
araCp,8.5,17,1,TTCCGCGTGGTATTCAGTTT,16,550683
araCp,38.5,77,1,TTCAGTGGTCCTGGCTAAAA,76,547983
araCp,9.0,18,1,TTCAGACACTTAATAGTTTG,17,571831
araCp,3.5,7,1,TTCACTGTACCTAAATTAAT,6,572118
araCp,32.5,65,1,TTCACAGACTAGACGAATGA,64,555411
araCp,3.5,7,1,TTCAAGTCTGCAATTTGGTT,6,599110
araCp,5.0,10,1,TTATTTCGATGAAACCTGGC,9,537410
araCp,6.0,12,1,TTATGAAGGCAGATACACTT,11,599777
araCp,4.5,9,1,TTATCACCACGTGGAGCCCC,8,601097
araCp,9.0,18,1,TTATATCCCATCACCAGCAA,17,585017
araCp,6.5,13,1,TTATACGCCGCAGGAATCGC,12,568477
araCp,36.0,72,1,TTATAATCCCAATACACGGA,71,541563
araCp,18.5,37,1,TTATAAGCATCCCGCAAAAA,36,558007
araCp,3.5,7,1,TTAGGGACGGTCCGAGAGCA,6,594625
araCp,4.5,9,1,TTAGAAAACTGCTATAAACG,8,593079
araCp,2.0,4,1,TTACCACTCCCGCATCGGTT,3,589553
araCp,2.0,4,1,TTACATCAGGCAGCTCCCAT,3,576766
araCp,5.5,11,1,TTACATATGCCCATGTACCC,10,525750
araCp,1.0,2,1,TTAAATTAAATCGAATTGGT,1,573188
araCp,14.0,28,1,TGTTTCGTGTATGGGACTAA,27,537764
araCp,6.5,13,1,TGTTCTTGCTAGCAGGACCA,12,569247
araCp,1.0,2,1,TGTTCTCGCAACGTTTAGCG,1,591177
araCp,12.5,25,1,TGTTAACTTTCGGATTAATC,24,539671
araCp,3.5,7,1,TGTGGTCGCGCATCGGCAAT,6,537285
araCp,8.0,16,1,TGTCCCCCGATGCAGTGTTA,15,603030
araCp,10.0,20,1,TGTATTTCCCCGGACCGTGG,19,537961
araCp,75.5,151,1,TGTAGGAGTACGTTGCGGGT,150,534647
araCp,15.0,30,1,TGTAGAAGCGGAGACGAGCG,29,602735
araCp,8.0,16,1,TGGTCTCGTACGACACCTTG,15,601243
araCp,10.0,20,1,TGGTCCGTCCTTGCCTATTA,19,563666
araCp,8.0,16,1,TGGGTTCCGGGCGGACTTAA,15,548783
araCp,5.5,11,1,TGGGGGGTTTCCGCGAACGC,10,566000
araCp,2.0,4,1,TGGCTGTTCTGTGGCGTGTC,3,598297
araCp,8.0,16,1,TGGCCGTCTACGGTGCGCGC,15,530054
araCp,8.0,16,1,TGGCCGTCACCACCTCGTAG,15,573459
araCp,10.5,21,1,TGGAGCCTGAACAACTGTGC,20,568575
araCp,5.0,10,1,TGGAATCTTTTGGCAACAGT,9,582972
araCp,2.5,5,1,TGGAAATCTCATTCTACTGA,4,537789
araCp,17.0,34,1,TGCTCTCGGGCATCGATGTA,33,533821
araCp,12.0,24,1,TGCGGACTGTCCGAAGAGCA,23,558760
araCp,4.5,9,1,TGCGCACTAGGGAGTCCTGT,8,568261
araCp,6.0,12,1,TGCCGGGCTAGCCATGCCAT,11,597729
araCp,6.5,13,1,TGCCGGCCGTGTCGTAAAGA,12,594621
araCp,11.5,23,1,TGCCGCCACAGGCGGCCAGT,22,559752
araCp,4.0,8,1,TGCACGCGTCTTTGTCGCGT,7,546903
araCp,8.0,16,1,TGCAATAGCTGTTGCAGTAA,15,579176
araCp,8.5,17,1,TGCAAGCTTAAACTGGGGAT,16,593815
araCp,10.0,20,1,TGATGCCCCGTCACAGAACA,19,554469
araCp,8.5,17,1,TGATCAAGTGCCAGAGGACC,16,588570
araCp,3.5,7,1,TGAGTTTTTCCTTCAATTCG,6,587230
araCp,13.0,26,1,TGAGTACTTGGCGTAAATCT,25,576368
araCp,3.5,7,1,TGACGAGCGAATTTAATGGT,6,541228
araCp,6.5,13,1,TGACCGGCAAATTGCCTTTT,12,534363
araCp,22.5,45,1,TGAAGGAACCGGTGATGAAC,44,587941
araCp,5.0,10,1,TGAACTGGGCAATGGGGCCT,9,594849
araCp,41.5,83,1,TGAACTCATAGATGACACGC,82,545788
araCp,9.5,19,1,TGAAACCCTCGAGGTACGAA,18,570088
araCp,3.5,7,1,TCTTAGAACGGCTTCATCCC,6,594857
araCp,4.0,8,1,TCTTAAAGGAGGAAATTGAC,7,568907
araCp,17.5,35,1,TCTGCTTCGACAGTGAAGCG,34,582399
araCp,8.0,16,1,TCTCCGGTGTCAAATAGGTG,15,547187
araCp,7.5,15,1,TCTCAATCTGTTCGCGATAG,14,555597
araCp,3.5,7,1,TCGTTAAGTGGTTCAGGTTA,6,539146
araCp,3.5,7,1,TCGTGATTGGTCCCGTTTAA,6,577188
araCp,7.5,15,1,TCGTACTCCCGATTAGTTAG,14,598753
araCp,3.5,7,1,TCGGGTCTGTGCAAGGACAC,6,534351
araCp,1.5,3,1,TCGGATCCCGTTGGCGACTC,2,597432
araCp,1.0,2,1,TCGCTGAAGGCCGCCCATCT,1,578633
araCp,4.5,9,1,TCGATTTTTGACTTCATCCT,8,598924
araCp,9.0,18,1,TCGAGCCAATATCGTCGGGT,17,594772
araCp,6.0,12,1,TCGACATTAGAGAGCCGAGT,11,594513
araCp,8.5,17,1,TCGAATATTTGACGGCATAT,16,599113
araCp,7.0,14,1,TCCTCCGTAAACAAAATAGT,13,550631
araCp,21.0,42,1,TCCTACGATATCGGGTTCCT,41,577466
araCp,1.0,2,1,TCCGGTACATGGTTGGACAG,1,527457
araCp,1.0,2,1,TCCGGGCAAAATTTGTGCTC,1,567691
araCp,2.5,5,1,TCCGCTTCAGCGCCGGGCTT,4,529273
araCp,6.5,13,1,TCCGATTCTCTATACGCAAA,12,541059
araCp,3.0,6,1,TCCCGTGTAAACTTTATTAT,5,554348
araCp,20.5,41,1,TCCCGTGCGGCCGCCGCCTA,40,593663
araCp,6.5,13,1,TCCCCTGCGTAAGTGACACC,12,558771
araCp,3.5,7,1,TCCCACCAAAGTAGAGTTGA,6,598959
araCp,5.0,10,1,TCCAGGGCTAGAACACTCGA,9,542215
araCp,3.0,6,1,TCCAACGACGGCAGATTGAG,5,551090
araCp,6.5,13,1,TCATCTCCGATCACATTCGC,12,568008
araCp,8.0,16,1,TCACTAAGGGTACGCTATGT,15,558994
araCp,63.0,126,1,TCAACACGTGGTCTATAAGG,125,551744
araCp,8.5,17,1,TCAACAAAGGGACACGCGTT,16,568060
araCp,9.5,19,1,TATTTCCTCGACCGTAATGC,18,586009
araCp,3.5,7,1,TATTGGTCTCGTTGCGTTCC,6,541685
araCp,5.0,10,1,TATTCGCGCAACCAAAGCCG,9,541538
araCp,5.5,11,1,TATGTTCTGCGTGTTTATGG,10,559830
araCp,2.0,4,1,TATGGGTTTTGTGAGGCATA,3,537510
araCp,9.0,18,1,TATGCGTCCCTTCGGGGAAA,17,602585
araCp,5.0,10,1,TATGATCGGCCAGTCGAGGG,9,549468
araCp,3.5,7,1,TATCTCTACTGCACCATTAG,6,529110
araCp,15.5,31,1,TATCGTAAGCGTGGTCTATT,30,564726
araCp,6.5,13,1,TATCGCCTGTTGTGCTCAAC,12,589209
araCp,5.0,10,1,TAGGGATCTGCAAATACTGC,9,558711
araCp,5.0,10,1,TAGGCGGTAATCGTGCACTA,9,556478
araCp,9.5,19,1,TAGGACGGAGGTCGATAGAA,18,590055
araCp,7.0,14,1,TAGGAATGGACCGTATAGGT,13,534090
araCp,5.0,10,1,TAGCTCAAAGTAACTCTGAT,9,541353
araCp,7.5,15,1,TAGCGTCGCCGCGCATCGCG,14,538840
araCp,3.5,7,1,TAGCCTTTGACTCGCCAGTA,6,532946
araCp,18.5,37,1,TAGCCGGCGTCTGACTACCA,36,569932
araCp,1.0,2,1,TAGCCCGAGGCGACCTCATG,1,600418
araCp,3.0,6,1,TAGATACACAGCGCCTGGAA,5,594414
araCp,1.5,3,1,TAGAGGGCTAAAAGGGATTT,2,600544
araCp,6.5,13,1,TACTACGTTTGCTGTTATGC,12,573586
araCp,4.5,9,1,TACGTACGTGCCGTTCCCTT,8,550012
araCp,26.0,52,1,TACGTAAGCAAGGGGGACGA,51,558389
araCp,1.0,2,1,TACCATGCAGTAAGGTCAAC,1,535200
araCp,9.0,18,1,TACCAAAAGCCGGGGTAATG,17,594837
araCp,1.5,3,1,TACACCAATGAGCGTGTCGC,2,576885
araCp,40.0,80,1,TAATTCATACTTCGGCGCAG,79,593547
araCp,5.5,11,1,TAAGACACTTAGGTGATGAT,10,595935
araCp,9.5,19,1,TAACTCCGAGTAGCGCGAGA,18,527213
araCp,5.0,10,1,TAACGACAACCTAGCGTATA,9,596736
araCp,9.5,19,1,TAAATCTGTATATTAGATGG,18,594497
araCp,7.5,15,1,TAAATATATTTCTGGAAGCC,14,559651
araCp,4.0,8,1,TAAAAAAATGGTTTGGGTAG,7,539673
araCp,6.5,13,1,GTTTTAGAAGCAATGTAGTT,12,580224
araCp,2.5,5,1,GTTTGTTGATAGTGAGAGGT,4,571906
araCp,2.5,5,1,GTTTGGGGCGTGGAGGGGGA,4,585688
araCp,6.0,12,1,GTTTGCGTAATAGGGCGCAT,11,561579
araCp,1.0,2,1,GTTTGAGGCGTGTGGGAACG,1,581000
araCp,9.0,18,1,GTTTACCCGTCAGTGCTTAG,17,602494
araCp,1.0,2,1,GTTGTTCAGCGTTTATCCAC,1,584158
araCp,8.5,17,1,GTTGGAACAGCATTGGCCAA,16,537147
araCp,3.5,7,1,GTTGCGGCAAGCGTACGCAC,6,559623
araCp,10.0,20,1,GTTCTGGCGCTTTGGCGGGA,19,597320
araCp,8.0,16,1,GTTCTGGACTAGTCCTGTAT,15,540377
araCp,3.0,6,1,GTTCTCACCGATCGCGCACA,5,548466
araCp,7.0,14,1,GTTCGATCGACTGGCAACAC,13,594142
araCp,7.0,14,1,GTTCATAAGCCGAGATTATC,13,572692
araCp,6.0,12,1,GTTATAACGACGTGCATTAC,11,583733
araCp,11.5,23,1,GTTAGAATATGAGTGAGGAA,22,574002
araCp,2.5,5,1,GTGGGTTAGCTTGGCCGCAG,4,591757
araCp,1.0,2,1,GTGCGTTGGGGAGACGTGAG,1,535709
araCp,8.0,16,1,GTGATAGGCAGCTATGGTGT,15,599909
araCp,2.5,5,1,GTGAATTGAGCAAATCCAGT,4,549807
araCp,7.5,15,1,GTCTATCTGTACACGTTTGC,14,546252
araCp,4.5,9,1,GTCTAGGTAGACACAGGTTA,8,558400
araCp,4.0,8,1,GTCGTCGCGGGACCCGCGTT,7,579662
araCp,5.5,11,1,GTCCATTAAAACGAGTCGAA,10,600567
araCp,8.5,17,1,GTCATGTGAAGAATTCATAG,16,552926
araCp,12.5,25,1,GTCACGACTCAATTATCATG,24,574919
araCp,2.0,4,1,GTCACATCTGACGGCGTCGT,3,537751
araCp,8.5,17,1,GTATTTGCCATACACAATCT,16,598421
araCp,17.5,35,1,GTATGAAGCCTTACTCACGC,34,601226
araCp,46.0,92,1,GTATACTAACTAATGAGAAA,91,555364
araCp,3.0,6,1,GTATACACACTCTCCGCAAT,5,595819
araCp,6.0,12,1,GTAGCTGCGATTTGTACGTT,11,537366
araCp,14.0,28,1,GTAGATGTGTCATTCTCAAT,27,602926
araCp,6.0,12,1,GTACTGTGTGCGGAGCGGAG,11,601743
araCp,4.0,8,1,GTACCCAGAAATTGGATTGC,7,554025
araCp,7.0,14,1,GTACACGCTTGGCTACGGCA,13,588603
araCp,8.5,17,1,GTACACATTGCCCATTGCTC,16,555977
araCp,6.5,13,1,GTAAGGAGGCTGATTACTAT,12,598109
araCp,9.0,18,1,GGTTTCCGAAGGGGAATTCA,17,529025
araCp,9.5,19,1,GGTTGGTCGTTCGTAATCCG,18,592645
araCp,4.5,9,1,GGTTACCGTCCAACTGTTGG,8,525601
araCp,6.5,13,1,GGTGGGCCATGGAGAAGGGA,12,530895
araCp,3.5,7,1,GGTGCAGTCGAATTTAACCA,6,602044
araCp,4.5,9,1,GGTGATTTTTGTTGGAAAAG,8,568920
araCp,7.0,14,1,GGTCTTTATCTATTCTTTGT,13,541843
araCp,7.0,14,1,GGTCGTTCGGACGGTATCGG,13,578223
araCp,18.5,37,1,GGTAGGCTTCATAAAAATCA,36,548782
araCp,11.5,23,1,GGTAAGGGTAGAACAAATGG,22,551034
araCp,2.5,5,1,GGGTTAATTTGCGATGTGAC,4,548161
araCp,4.5,9,1,GGGTAGAAGTAAAATTTGAA,8,573074
araCp,14.5,29,1,GGGTACCCGCTTGCATTTAA,28,586639
araCp,1.0,2,1,GGGGAAACCGAGGACCTATC,1,567526
araCp,6.5,13,1,GGGCCACCGGAAAGTTGTTG,12,586492
araCp,6.5,13,1,GGGCATCACGCCGAGGCTTG,12,579959
araCp,10.0,20,1,GGGCACACCACCAGCCCGAT,19,539860
araCp,11.5,23,1,GGGATGGTAGTGATCCGCGT,22,569259
araCp,1.0,2,1,GGGAGAGACTAGCTCAAGTT,1,545860
araCp,1.0,2,1,GGCTTTCGTTGGGTTTCATT,1,528667
araCp,5.0,10,1,GGCGGTTCGCGACCCGTGAC,9,591457
araCp,4.5,9,1,GGCGGGCAATTTTGCAACGC,8,562186
araCp,9.0,18,1,GGCGATCACTGTCCTACGGA,17,567232
araCp,7.0,14,1,GGCGAGCTTAGGTCCCTCGT,13,526860
araCp,3.5,7,1,GGCCCGGGGCCGGGACTCTG,6,547521
araCp,4.0,8,1,GGATAGAAATGCTGGGTCAA,7,544214
araCp,1.0,2,1,GGAGTCCCTTACCAATTTGC,1,534386
araCp,71.5,143,1,GGAGGGCGAGACTAAATGTT,142,566404
araCp,6.5,13,1,GGAGCACAAATACCCACACG,12,545070
araCp,76.0,152,1,GGAGAGTTTAACCCGGTGTG,151,603331
araCp,15.5,31,1,GGACCCGCAAGCATCGGAAG,30,561548
araCp,7.0,14,1,GGACATGACCTATGAGCCCA,13,576584
araCp,13.0,26,1,GGAATGGGGGCCCGGCGCGA,25,573148
araCp,7.0,14,1,GGAATGGAATTATGGAGGCG,13,555444
araCp,2.0,4,1,GGAATCCTCGGACGGTTGTC,3,555341
araCp,5.0,10,1,GGAACTTCATGCCTCAACTT,9,545947
araCp,10.0,20,1,GGAACAGTGAAGAACCCACT,19,564626
araCp,5.5,11,1,GCTTTGCGCGCTTAAGCGAC,10,542119
araCp,13.5,27,1,GCTTTAATTAAGATAACGCA,26,591760
araCp,5.0,10,1,GCTTCGTTCAGTCCCAAGAC,9,598980
araCp,15.0,30,1,GCTTCGCTTCAAGACTGTTC,29,581063
araCp,10.0,20,1,GCTTAATGGTAACGACATCA,19,589972
araCp,1.0,2,1,GCTGTGTGAGAACCCTGCAG,1,566761
araCp,2.0,4,1,GCTGTCTCTCGTGCATTAAC,3,572179
araCp,7.0,14,1,GCTGTACCAAGACATTCGTA,13,529723
araCp,5.0,10,1,GCTGGTAAAACTTTTGCTTC,9,556825
araCp,4.0,8,1,GCTGGCAAGCACATACTGCT,7,574625
araCp,9.0,18,1,GCTGGCAACCGGTTGTTTAC,17,554778
araCp,6.5,13,1,GCTGGAAACGGGGGCACCTC,12,593076
araCp,6.0,12,1,GCTCCCGCGTTGAAGTCGTT,11,566013
araCp,8.0,16,1,GCTCACGATCAAGCAGCTCG,15,550562
araCp,9.5,19,1,GCTAAAGTATATCTCGGTCA,18,578929
araCp,7.0,14,1,GCGTTCCTCTTTTCTCACTA,13,556653
araCp,5.0,10,1,GCGTTACTAGGACGCCTGGA,9,543714
araCp,6.5,13,1,GCGTCAGGCGCATTTGTTGA,12,587722
araCp,14.0,28,1,GCGGTTCTGGGTGGGGGAAT,27,528619
araCp,7.0,14,1,GCGCGTTCTGGGCATAGTAT,13,538100
araCp,3.5,7,1,GCGCCCCTTTTATACTGTCA,6,553155
araCp,7.0,14,1,GCGCAGGAACTGTTTCCAAC,13,558011
araCp,3.5,7,1,GCGATGTGTTATCCGCTTAG,6,563131
araCp,9.0,18,1,GCGAACCAATACGGAACTAA,17,558012
araCp,4.0,8,1,GCCTTCTACATCTAGTCCTT,7,601077
araCp,5.5,11,1,GCCTGTGCAGGAACATTTTG,10,546371
araCp,7.0,14,1,GCCTAACCCTGTGATCTGTC,13,599956
araCp,5.5,11,1,GCCGGAGGCAGAACGTACCA,10,603548
araCp,4.0,8,1,GCCGACGACATATTATCTCC,7,541870
araCp,15.5,31,1,GCCCGCACTGCGGGCGATTT,30,589340
araCp,5.0,10,1,GCCCCCGTTCGCAGTTACAA,9,579844
araCp,16.5,33,1,GCCAGTCTGCAGCGTTCCAT,32,548538
araCp,15.5,31,1,GCCAGGTCGAATGGTCGTCA,30,571976
araCp,2.5,5,1,GCATTACGCGCATAGGCTAC,4,568679
araCp,9.0,18,1,GCATGACGGATTACAATCGC,17,594431
araCp,4.5,9,1,GCATCCTGCACATCCTACTC,8,585710
araCp,25.5,51,1,GCATATCGTTTTGACTCGGT,50,578522
araCp,10.5,21,1,GCAGCATTTTGGTGCAGTCC,20,530334
araCp,4.5,9,1,GCACAATATGGATAACGCTC,8,587992
araCp,6.5,13,1,GCAATGCAAAGGGACCCTAA,12,540008
araCp,7.5,15,1,GCAAAGGTCACGCCACTGAC,14,580814
araCp,4.0,8,1,GCAAAATTGTGCAACGCCGG,7,597132
araCp,4.5,9,1,GATTTGCGTGGGATAGGAGA,8,567267
araCp,87.5,175,1,GATTTCTTACAGGCTGTTAG,174,602917
araCp,2.0,4,1,GATTGTAGTTGCGCATAACA,3,529127
araCp,6.5,13,1,GATTGGCCTCTGCCGCAATT,12,574468
araCp,6.5,13,1,GATGGTTAGGGCCGTAGGGT,12,564876
araCp,2.0,4,1,GATGGAGATACCACATCCCG,3,582407
araCp,2.0,4,1,GATGCGGTGTGCGCCCATTG,3,545128
araCp,11.0,22,1,GATGCATCGCGGCACGACTG,21,562284
araCp,3.0,6,1,GATGAAGCCATCCGGCTAAC,5,527774
araCp,6.0,12,1,GATCGCTATACGTTTTTGTG,11,528671
araCp,18.5,37,1,GATCCCTTTATCGGGATTCC,36,585529
araCp,1.0,2,1,GATCCCTCACCTGCACGTAA,1,571719
araCp,10.5,21,1,GATAGCTCCCGAATATCCGA,20,553251
araCp,16.0,32,1,GATACAACGCATCGCTCGGA,31,548519
araCp,1.0,2,1,GAGTTCTTGCCACGGTCCGT,1,536556
araCp,6.5,13,1,GAGTATGAGTACGATCCCGA,12,592403
araCp,4.0,8,1,GAGGCTGGCGATACTAAGCA,7,529126
araCp,5.0,10,1,GAGGACCCCTGGCCGAAGTC,9,526680
araCp,28.0,56,1,GAGCGTTCATGTCAGTCCAA,55,566268
araCp,3.0,6,1,GAGCGTGACATTGTTTTCTG,5,567299
araCp,1.0,2,1,GAGCGTATTGCGCTCACATT,1,549251
araCp,9.5,19,1,GAGCACAAAACTATGCATCG,18,587599
araCp,10.0,20,1,GAGATTAGCCTACATGTTCT,19,571071
araCp,1.5,3,1,GAGAACCGGGATCGAAAGAT,2,570290
araCp,34.5,69,1,GACTACGGAGATGACTAGAG,68,553093
araCp,3.5,7,1,GACGTCGGCCGGTACGTTTG,6,595683
araCp,22.0,44,1,GACGATCAAAGCAGTCTCTG,43,590409
araCp,5.0,10,1,GACCTTTATAGCTAGAGCGA,9,575649
araCp,9.0,18,1,GACACTTTTTAGCGCGACCT,17,582970
araCp,4.5,9,1,GACACGCAACAGCGGTCATA,8,561341
araCp,8.5,17,1,GACAAAGACATCCATGGAAG,16,546783
araCp,4.0,8,1,GAATTGGAAGTGGATACAGG,7,560856
araCp,6.0,12,1,GAATTCCGCATTAGGGAGAC,11,575377
araCp,9.5,19,1,GAAGGCACACTCAAGAAAGG,18,539993
araCp,4.0,8,1,GAACATTTTCATCTTTAGGA,7,589273
araCp,8.0,16,1,GAACAGTGGCTTCAGGTCGT,15,563272
araCp,8.0,16,1,GAACAGGGCCTAAAGCGTCT,15,536270
araCp,2.0,4,1,GAACAACCACCCCTATCAGT,3,594844
araCp,5.5,11,1,GAAAATGTTGCAGGGATTCC,10,578887
araCp,7.0,14,1,CTTTAGCTCCCTCTGTCATG,13,580223
araCp,7.0,14,1,CTTTACAATACAGACGCACC,13,571499
araCp,7.5,15,1,CTTGTCGCGGAGCGAAGCAA,14,578568
araCp,8.0,16,1,CTTGGGTGGGAAAGGTTGTG,15,531390
araCp,3.0,6,1,CTTGAAAGGCTCTGTGCGTA,5,549126
araCp,3.5,7,1,CTTCGTCCGGTGGTAAACTA,6,553799
araCp,24.0,48,1,CTTATTAGCGAGGACGCGTC,47,526310
araCp,14.0,28,1,CTTAAACGCGGAAGTCTAAA,27,572001
araCp,8.0,16,1,CTGTAGATTTGAACATATGT,15,553954
araCp,9.5,19,1,CTGGGAGCTCTGTTTTAAGT,18,583876
araCp,8.0,16,1,CTGGCTACTTTGCGTCGCGC,15,553046
araCp,5.5,11,1,CTGGCCGACAACTAGATTCC,10,526127
araCp,11.0,22,1,CTGGAGTAGACAGTAAGCCC,21,598159
araCp,2.5,5,1,CTGGAACTCCCCTTGTCAAT,4,549922
araCp,13.0,26,1,CTGCGAGTAGGTATCTAGTG,25,533018
araCp,21.5,43,1,CTGATACCGAAGGTACGAGA,42,558231
araCp,5.0,10,1,CTGAGAGTCCAATTGGAGCT,9,559494
araCp,8.5,17,1,CTGACAGTCAGGGAATCATG,16,560277
araCp,8.5,17,1,CTCTTTGTGTGATCCCCCTC,16,571353
araCp,5.5,11,1,CTCTGAAAGGAAATAGGCCT,10,592190
araCp,4.0,8,1,CTCTCGGTTAGCATTTCTCG,7,571323
araCp,8.0,16,1,CTCTCCTTCGCAGCGAGTCG,15,530085
araCp,3.0,6,1,CTCGGCCTTCAAGTACCGCT,5,541671
araCp,5.0,10,1,CTCGCTGGCTGAGACCACCC,9,533563
araCp,3.5,7,1,CTCCGTCAGAAAAATATAAC,6,579178
araCp,7.0,14,1,CTCCGGCGACCACACGCCGG,13,528976
araCp,1.0,2,1,CTCCCGGGCCGAGTGATGTA,1,536700
araCp,23.0,46,1,CTCCAGTTTTCCAAACCCTC,45,531336
araCp,4.0,8,1,CTCCAGTTTACGTAGTTCAA,7,602315
araCp,7.0,14,1,CTCCAATTATCCCAGCCGTA,13,528558
araCp,8.5,17,1,CTCAGGGTTACTGTTTAGCA,16,569934
araCp,1.0,2,1,CTCAGGCACGGGCCTCTGCC,1,583137
araCp,11.5,23,1,CTCAATAACCCCCTTCACCA,22,587293
araCp,5.5,11,1,CTATCCAAAGTAACGCTTGA,10,580943
araCp,8.0,16,1,CTAGGCATAGGTAGCCATTT,15,531767
araCp,5.0,10,1,CTACTATCTCCCGCATTACT,9,549556
araCp,3.0,6,1,CTACGTAATACGTTAACACG,5,572723
araCp,27.0,54,1,CTACCCGTATACTTGATCTT,53,583031
araCp,5.5,11,1,CTACATACCAACTCACTTGA,10,539328
araCp,7.0,14,1,CTACACATCTGCATGTTGCG,13,533824
araCp,8.5,17,1,CTAAGGTACATGGTCGGCAA,16,596189
araCp,8.0,16,1,CTAACAGGTCAGCATGAACC,15,602415
araCp,4.0,8,1,CGTTGGGAACACCAGATTAT,7,538122
araCp,14.5,29,1,CGTTAAGGGGGTTCAATTGT,28,550620
araCp,1.0,2,1,CGTGCGATTGAGGCCAGGTA,1,603049
araCp,5.0,10,1,CGTCTTGTTCTGCGGCCTAT,9,547176
araCp,10.5,21,1,CGTCTGGTGGTGAGCCCTGC,20,550040
araCp,7.0,14,1,CGTCACCCTGGTAGGGGCAA,13,553620
araCp,2.0,4,1,CGTACGCGAAGTAGCTAGCA,3,601940
araCp,13.0,26,1,CGTAATGTTTAGATGCATGA,25,565823
araCp,6.0,12,1,CGGTAAGAATATCGCTACTT,11,534008
araCp,13.0,26,1,CGGGAAACGTGCTTGCAAGT,25,591776
araCp,1.5,3,1,CGGCTTGACTTATCCTTCGC,2,532524
araCp,7.5,15,1,CGGAGGAGGGATAATAGACT,14,553416
araCp,7.0,14,1,CGGACTAACCTAACGGACAT,13,582966
araCp,3.5,7,1,CGGAAGATTCATACGTACAT,6,527006
araCp,7.5,15,1,CGCGATTCCGGTACTACTGG,14,575746
araCp,7.5,15,1,CGCCGGAGCATATGAAATAG,14,588809
araCp,1.5,3,1,CGCCGGAGATTGTCGTGCGG,2,566168
araCp,7.0,14,1,CGCATCTTGTTGTACTAACG,13,565333
araCp,2.0,4,1,CGCAACCGCTGAGCTGCAAC,3,577711
araCp,15.0,30,1,CGCAAACTTTCTGGGACATG,29,534608
araCp,7.5,15,1,CGATTGGGCAATAGGTCTGG,14,575890
araCp,6.5,13,1,CGATTAAACGGCCCACGTCC,12,582971
araCp,5.5,11,1,CGAGTTTCGGCGCATTCACA,10,592227
araCp,1.5,3,1,CGAGTACAAAGAACTGAAGT,2,536033
araCp,33.0,66,1,CGAGCATGTGCCCTTCACTC,65,551430
araCp,7.0,14,1,CGAGCATCACCGCAGTGCGT,13,540055
araCp,7.0,14,1,CGAGCAGGCGATGTCTTCAA,13,547206
araCp,4.0,8,1,CGACGAGGTCGCCACCTTGC,7,591916
araCp,56.0,112,1,CGACAGGCGCTCAGGGGTCG,111,589698
araCp,9.0,18,1,CGAATTGCACCCCATCACAA,17,530086
araCp,7.0,14,1,CGAATATCCCGATCTGAGAA,13,559075
araCp,7.0,14,1,CGAAGTTTTTTCGAGTTAGC,13,580152
araCp,13.0,26,1,CGAAGACAACCGTTAGATCA,25,545439
araCp,4.0,8,1,CGAAACCTGCCCCCGGCTCC,7,595845
araCp,7.0,14,1,CCTTTGCTGAAGTGTTTCGG,13,586256
araCp,3.5,7,1,CCTTCGCATGGCCAAGAATC,6,536483
araCp,4.0,8,1,CCTGGCTAGTTCAGCCATTT,7,558935
araCp,15.5,31,1,CCTGCGGGGATCCGCTAACT,30,553953
araCp,10.0,20,1,CCTCGGTCCCAATTATTTCC,19,563398
araCp,8.5,17,1,CCTATAGTACTTCAAACTGG,16,535635
araCp,5.0,10,1,CCTACCGTCCCGGCCGCGAC,9,539719
araCp,10.0,20,1,CCGTCGCTAACTAAGCATTC,19,566684
araCp,4.0,8,1,CCGTCCTATTGCGAATCACT,7,531287
araCp,9.0,18,1,CCGTCAGGCTTATGTTACCT,17,536503
araCp,1.0,2,1,CCGGTCCGGCGGGCGGTTGG,1,552189
araCp,5.0,10,1,CCGGGATTGGTCTGGACACC,9,569662
araCp,16.5,33,1,CCGGCGGTACAGCAGCTTTC,32,568426
araCp,24.0,48,1,CCGGCCCGCCCCGAATCCTA,47,543802
araCp,4.0,8,1,CCGGCATCGATTGAGCCGCG,7,575781
araCp,2.0,4,1,CCGGATGCCGGGCGCCAACA,3,550490
araCp,8.0,16,1,CCGCTAATCGATGAATTCAC,15,549354
araCp,4.0,8,1,CCGCGGACGCACCGGAGCAG,7,553804
araCp,2.0,4,1,CCGCCGATCGGGTACAGTGG,3,575891
araCp,4.5,9,1,CCGATTCACAATTAGACGGT,8,530053
araCp,1.0,2,1,CCGATGACGCCTTCCAAGGT,1,528372
araCp,3.5,7,1,CCGATCCTGAGTGGGAAACT,6,539592
araCp,9.5,19,1,CCGAGGTTAATGTTCTATGG,18,562124
araCp,7.5,15,1,CCGAATTCAGCCTTTATTGG,14,528536
araCp,19.0,38,1,CCCTTTGCTCCAGTGGTATT,37,547970
araCp,11.0,22,1,CCCTTAGTAACAGAGTAGTT,21,526057
araCp,3.0,6,1,CCCGTAGTGGTACGAAATAT,5,598316
araCp,4.0,8,1,CCCGGTTGCACGACAACTCC,7,531174
araCp,6.0,12,1,CCCGGCCCCCTTCCACCTGA,11,533815
araCp,4.5,9,1,CCCCTTTTGTCGTGGGTACG,8,533819
araCp,8.0,16,1,CCCCTGGGCTGCCATGGGCA,15,584160
araCp,6.0,12,1,CCCCGTGCTGTCATGTTGTT,11,529595
araCp,2.5,5,1,CCCCCTTTTCATTTCGGATG,4,602778
araCp,6.5,13,1,CCATGTATTCTATTCCCCCC,12,528193
araCp,5.5,11,1,CCATGGCTCCGTAATGATTT,10,589316
araCp,43.0,86,1,CCATCTATCTCTCCCTTTGC,85,603009
araCp,8.5,17,1,CCATACTCCTTAACGTCCCC,16,552552
araCp,7.0,14,1,CCATAACATTCTCTGGTCAT,13,545205
araCp,7.0,14,1,CCAGGCCTATTCTCAGCATG,13,603245
araCp,4.0,8,1,CCAGATTAGTGACTCTGGCA,7,561376
araCp,2.5,5,1,CCACTACAAAACAGTCGGAA,4,564273
araCp,1.5,3,1,CCACGTTTCCTGCTCATCAA,2,602686
araCp,5.5,11,1,CCACGAAGACATCCACCTAG,10,554361
araCp,4.5,9,1,CCAATCATGGTCCTCTCATA,8,559990
araCp,10.0,20,1,CCAAGTTCCTTGCCCCCGGC,19,545724
araCp,8.0,16,1,CCAAGTCCCTATAGACGTTG,15,558921
araCp,5.5,11,1,CCAACCGTCATTCTAAAACT,10,585447
araCp,1.0,2,1,CCAAATGAATCTCAATATAA,1,551349
araCp,9.0,18,1,CATTTTCGATCGTTACTCCT,17,556350
araCp,5.5,11,1,CATTGCGACCGTCATTAAAG,10,526763
araCp,1.0,2,1,CATTGAGTTTCATTTATTAG,1,594418
araCp,2.5,5,1,CATGGATAGACTCAGTTGTG,4,598053
araCp,14.0,28,1,CATGCGAATTTAACTTGCTC,27,529390
araCp,13.5,27,1,CATCGTGCGGAAAACACTCT,26,568996
araCp,26.5,53,1,CATCGCATGACCAACATTGA,52,565397
araCp,7.0,14,1,CATCACTTCGGTAACTTCAC,13,551143
araCp,1.0,2,1,CATAGGGCAACCACATCTAA,1,580115
araCp,5.0,10,1,CATAGATGGCCATCTGCCAT,9,557986
araCp,3.0,6,1,CATAGAATAGATTTTTTTGT,5,576290
araCp,4.0,8,1,CATACCCCTTAGTTATCTCG,7,597685
araCp,6.5,13,1,CATACCCAGTTAGACTATAG,12,597769
araCp,5.5,11,1,CAGTTCATCGTCGTGTGAAC,10,586454
araCp,4.5,9,1,CAGTAGACGCCGGATACGCG,8,587110
araCp,2.5,5,1,CAGGGTTCCTCTAGCAAAGT,4,565568
araCp,1.5,3,1,CAGGCGCCAAGCTGACGAAT,2,551680
araCp,1.5,3,1,CAGGACATCCTCCAAAGAAC,2,578523
araCp,1.0,2,1,CAGGAAGGGGTAGCTACCGT,1,529526
araCp,1.0,2,1,CAGGAAAGAGTGCTTCTGTC,1,598083
araCp,6.0,12,1,CAGCTATTGTTTCGGCCATA,11,539255
araCp,5.5,11,1,CAGCACGGAGATCTGTCTAT,10,563293
araCp,6.0,12,1,CAGATCAAGTGGCGTTGGGT,11,598768
araCp,5.5,11,1,CACTATATCTAAGCCTCTAC,10,573780
araCp,7.0,14,1,CACGTACGCGTGGCGACTAT,13,594300
araCp,6.5,13,1,CACGTAAGATACCCGCCTAC,12,587737
araCp,7.5,15,1,CACGCCATGAACAGGAAATG,14,564909
araCp,2.0,4,1,CACCTCCAATCGTTTTTTCG,3,529700
araCp,4.0,8,1,CACATTGGAATCGGTGACGA,7,531466
araCp,6.0,12,1,CACACGCGTTTCACGACTTC,11,549684
araCp,10.0,20,1,CACACACGGTGCGCATATCC,19,558440
araCp,11.0,22,1,CAATTCGTTTGAAATTGAAA,21,568010
araCp,6.0,12,1,CAATTATTTGCACGCTTCAC,11,552308
araCp,4.5,9,1,CAATACGAGATAGTATTACA,8,531144
araCp,1.0,2,1,CAAGTTACTGACGGCACCAG,1,544975
araCp,5.5,11,1,CAAGGCACGTACATAATGTA,10,562456
araCp,4.0,8,1,CAAGAGCTGGACAATATATT,7,593740
araCp,3.5,7,1,CAACATTGAACTGGTCTGCT,6,598873
araCp,11.0,22,1,CAAATCTAGGGTACTAGGGA,21,602680
araCp,6.5,13,1,CAAAGAGAGGGGCCAACATT,12,585084
araCp,18.0,36,1,CAAACTGCTTTCCTAGTAGT,35,537998
araCp,3.0,6,1,CAAACACGCTCCTCTATTAC,5,593396
araCp,7.0,14,1,ATTTTGGATGTCAAGGCAAG,13,532705
araCp,15.0,30,1,ATTTGGAGTGATTAGTAGGT,29,591761
araCp,5.5,11,1,ATTTGCTTGATGGTCTACAT,10,601711
araCp,7.5,15,1,ATTGTATAGTGGTGAGACGT,14,535884
araCp,8.5,17,1,ATTGGGGTTTCCCTCGCGCT,16,573988
araCp,5.0,10,1,ATTGATAAACACTTTAGAAG,9,557131
araCp,63.5,127,1,ATTCCGCCGTAGCAGTTCGA,126,591784
araCp,7.0,14,1,ATTCCCCTTTAACTTGTTTG,13,573595
araCp,3.5,7,1,ATTCAGGCTTGGGTCCCTTT,6,579859
araCp,4.5,9,1,ATTACTGAGGCGCCAGAGTC,8,542857
araCp,6.5,13,1,ATTAATGTCAGCTCGATGTT,12,578910
araCp,17.0,34,1,ATTAACTGTCTTACAGGTAG,33,576345
araCp,5.0,10,1,ATGTTTTATATGGACATCGG,9,548586
araCp,12.5,25,1,ATGTTTCTGGCTCAACCCCA,24,538814
araCp,14.0,28,1,ATGTTTATGCTTTCTATGAG,27,569379
araCp,5.5,11,1,ATGTTCAAACGCTGGCTTGG,10,569502
araCp,5.5,11,1,ATGTACCCTCGCCGACGCTC,10,587744
araCp,8.0,16,1,ATGGGCCACACCGCGGTTCA,15,576582
araCp,6.0,12,1,ATGGCCTTGCCCACCGAAGG,11,595880
araCp,16.5,33,1,ATGCTATTGTCTACCTGGCG,32,527742
araCp,4.5,9,1,ATGCCATATACCCTTTGAGG,8,597831
araCp,10.0,20,1,ATGATGGGACGTGACTGGCG,19,547312
araCp,4.0,8,1,ATGAGGCAATATGTGAACGT,7,581265
araCp,3.0,6,1,ATCTGATCACTCTGGTAGGC,5,584572
araCp,6.5,13,1,ATCTCAGGCATTAGCAGTGT,12,532609
araCp,8.5,17,1,ATCTAGTGACTACAGAACCA,16,540465
araCp,25.5,51,1,ATCTAGATGCAGAACATAAT,50,576081
araCp,30.0,60,1,ATCGTTGGTTCAATAACCTA,59,533939
araCp,3.0,6,1,ATCGAGCCATGTAACCCCCC,5,531247
araCp,4.0,8,1,ATCCCTTGACTATTATTTCT,7,547888
araCp,8.0,16,1,ATCCCGCTAAGGGTATCAGT,15,593913
araCp,69.5,139,1,ATCCCGCATTACAGAGCAAA,138,534843
araCp,6.5,13,1,ATCCCCAGAACGCTGTACGT,12,596564
araCp,10.0,20,1,ATATTGGAGGGCGCCTTCGC,19,592984
araCp,12.0,24,1,ATATCCCCAGGGAGTCTCCA,23,560654
araCp,6.5,13,1,ATATATATGTGGAAGGAATG,12,529224
araCp,2.5,5,1,ATAGTTCACGAAAGGTTTTC,4,530365
araCp,11.0,22,1,ATAGTCTCAGATGATGGGCT,21,571282
araCp,7.5,15,1,ATAGAACTCTTTGTGCCATT,14,591069
araCp,8.0,16,1,ATACTTCCCGCTGGCGAGAC,15,576507
araCp,5.5,11,1,ATACCCGTGGGGCTGTTTAC,10,576160
araCp,9.5,19,1,ATAAAAGTAATGATTACATA,18,537928
araCp,11.5,23,1,AGTTTTACAATTGGGAGGGC,22,596186
araCp,7.5,15,1,AGTGGTTCAACTTTAGAGAT,14,576056
araCp,6.5,13,1,AGTGGAATTCGGCGTTGATT,12,579676
araCp,3.5,7,1,AGTGGAAATCCAACCTCGAT,6,586291
araCp,4.5,9,1,AGTCGAGTGCCTCCAATGAT,8,578124
araCp,6.5,13,1,AGTCATATCTCGTGGCGTGT,12,536194
araCp,16.0,32,1,AGGTGTCCCCCGACAACATA,31,583950
araCp,6.5,13,1,AGGTCGTACGAGGCGAGGCA,12,543706
araCp,2.0,4,1,AGGTAGACCCTATCAGTAGC,3,600984
araCp,10.0,20,1,AGGGTATTCTGGGGACGTAA,19,568840
araCp,9.0,18,1,AGGGGTACTCACTACTATGA,17,567694
araCp,7.5,15,1,AGGGGGACTATGACTGGAAT,14,547975
araCp,1.0,2,1,AGGGCAAAGGCCTTGCATGA,1,553791
araCp,9.5,19,1,AGGCTTATTGACAAGGGTCC,18,600885
araCp,15.5,31,1,AGGCGTCTATATGGCAGCTG,30,551725
araCp,6.0,12,1,AGGCGATCAATAACCTTCAT,11,573621
araCp,17.0,34,1,AGGCCTCTGCGATTGCATCT,33,569254
araCp,12.0,24,1,AGGATCTTTGCAAGTTGGTT,23,525584
araCp,6.0,12,1,AGGAGAGAATCTCAAAGGAT,11,541796
araCp,4.0,8,1,AGGACTCTGGAGCTATGATT,7,541991
araCp,6.0,12,1,AGGACTCTGCATAGTGACTA,11,552382
araCp,8.0,16,1,AGGACTCGTGCCGAAGAGGC,15,559058
araCp,8.5,17,1,AGGAAGTAGTAAAAAAAGGT,16,544588
araCp,4.5,9,1,AGCTATCACTGTCGCGAGGG,8,567081
araCp,8.0,16,1,AGCGTCATGTGAGAAAGCGT,15,592481
araCp,3.0,6,1,AGCGAAAATGTACGACCAAC,5,590571
araCp,17.0,34,1,AGCACTGTAGCTACCCAGTT,33,558339
araCp,4.5,9,1,AGCACCGAAACCTTAGTGTA,8,593338
araCp,12.5,25,1,AGATGCAATTAGTGCAGTGG,24,600269
araCp,1.0,2,1,AGATGATTTGTAACCCGAAG,1,546434
araCp,3.0,6,1,AGATAGAATGTAATAGTCTC,5,529731
araCp,41.5,83,1,AGAGTTCCAGCATCGAGGAC,82,571381
araCp,8.0,16,1,AGAGTCGCGGGGCCACGGGG,15,597993
araCp,5.5,11,1,AGAGGCGTATAGTTTCAAAA,10,527210
araCp,5.0,10,1,AGAGGAATAAAGCAGGTTGA,9,542064
araCp,8.0,16,1,AGAGAATACACTCGGTATTT,15,586692
araCp,1.0,2,1,AGACTGGCCTCATATTTTAC,1,563859
araCp,1.0,2,1,AGACTACCACTGTAACTAGT,1,545197
araCp,5.0,10,1,AGACAAAGTCAAGGGAGTGT,9,603323
araCp,10.0,20,1,AGAAGTGGTGGTAAAACACA,19,547276
araCp,3.0,6,1,AGAAGGAATACCCCGCGGGT,5,561195
araCp,2.5,5,1,AGAACGTAGAGTATTGTCGT,4,532431
araCp,1.5,3,1,AGAACCGATGTAAATCCGCT,2,541584
araCp,6.5,13,1,AGAACCATGTATGCGAAGGT,12,528731
araCp,6.5,13,1,ACTTCTGAACGTAGGAATTC,12,532434
araCp,13.5,27,1,ACTTACGCCTGAATTCCCAT,26,531965
araCp,4.0,8,1,ACTTACACCGCCCTTACGTT,7,565185
araCp,1.5,3,1,ACTTAAATTCGGGATAGCTA,2,555517
araCp,13.5,27,1,ACTCTGCTGGAATCTTGACG,26,566256
araCp,4.0,8,1,ACTCGAGCCAGGTAGCACTT,7,549061
araCp,1.0,2,1,ACTAAATGCAGGGGCTCTAT,1,531925
araCp,2.0,4,1,ACGTTTATTGTGGCCAGTCA,3,547562
araCp,19.5,39,1,ACGTTAGTGAAACCCTGCAG,38,530512
araCp,14.0,28,1,ACGTGCAACATTGTAAGCGA,27,574692
araCp,20.5,41,1,ACGTCTTGGGGGGTATTAGT,40,575366
araCp,7.0,14,1,ACGTATTCCTAAGGCATAAG,13,571251
araCp,6.5,13,1,ACGGTTTAATACGGGTGAGC,12,583890
araCp,10.5,21,1,ACGGGCGATCCACCACTCCT,20,554374
araCp,3.0,6,1,ACGGAGAGCCCAGAACGCCG,5,544224
araCp,2.0,4,1,ACGGACCGTTATCCCTTTTA,3,596157
araCp,8.5,17,1,ACGCTGTTTCCTGTGTCGCC,16,588112
araCp,5.0,10,1,ACGCGGGGGTATTCACAGGG,9,583628
araCp,6.0,12,1,ACGCGAACAGCCTGAAGAAA,11,536680
araCp,9.5,19,1,ACGCCTTTCATCGCCACTCC,18,603169
araCp,4.5,9,1,ACGCCCACGGGTGTAAAAAT,8,530626
araCp,11.0,22,1,ACGCCAATTGTCTGAACAGT,21,531494
araCp,25.0,50,1,ACGAGGGTCTGCTGAGTTCT,49,571369
araCp,1.0,2,1,ACGAATCACAGGTGAGAGTG,1,528438
araCp,8.5,17,1,ACGAACTTCCCTCAATGGTT,16,559040
araCp,17.0,34,1,ACGAACTGGTGCCATGTTCC,33,537894
araCp,11.0,22,1,ACCGTCGTAGTCACTAATTA,21,575341
araCp,8.0,16,1,ACCGAGTCAGTAAGTTTCGA,15,571631
araCp,16.5,33,1,ACCGAGTAAGTTGGATATTC,32,600020
araCp,10.5,21,1,ACCCCGTTCTGTAGCCCCTA,20,541943
araCp,6.0,12,1,ACCAGAACTACATCAGGGTA,11,532181
araCp,7.0,14,1,ACCACAACGAGGGAGATAAG,13,595003
araCp,9.0,18,1,ACATTCTAGGAACCCCCGTG,17,584638
araCp,31.5,63,1,ACAGCCCCACAGGCGTCGGT,62,537775
araCp,3.5,7,1,ACAGAGTTAAGGAGCACCCT,6,569244
araCp,5.0,10,1,ACAGAGCTCGAAATGGAGGA,9,563476
araCp,8.0,16,1,ACACCAGACCAGCCCCACAA,15,581738
araCp,6.0,12,1,ACAAGGGCAGTACACTCGGT,11,551331
araCp,5.5,11,1,ACAAGCCCTTAGGTAGGGCA,10,558397
araCp,11.0,22,1,ACAACATCCAAAGCGTAAGT,21,527325
araCp,7.0,14,1,AATTGAAAACGTAATAGGGA,13,565106
araCp,6.5,13,1,AATTCTGGTAGTCTTAGGCA,12,584006
araCp,5.0,10,1,AATTACGGACTATCTAAGCG,9,573492
araCp,4.0,8,1,AATTAAATTTCGCAGGTATG,7,597662
araCp,1.0,2,1,AATCGGTTGCCTTTCGCGGC,1,588472
araCp,20.5,41,1,AATCCGCGTAAAGGTAGCAA,40,559035
araCp,3.5,7,1,AATCATCATACCTCATTTCC,6,550956
araCp,3.0,6,1,AATACCAGCAGGTATAAAAT,5,595370
araCp,3.5,7,1,AATACATTCAGTAGCCGTTC,6,533031
araCp,21.5,43,1,AATAAGCTCGGTCTTACGAA,42,593540
araCp,10.0,20,1,AAGGTTTTGGTCAAGGCTGA,19,578879
araCp,3.5,7,1,AAGGGACTCCGTTATCACAA,6,588855
araCp,14.0,28,1,AAGGCGGACATCAGCGACGG,27,574269
araCp,9.5,19,1,AAGGCGAAGCAATCTGCACG,18,572305
araCp,1.5,3,1,AAGGCACGACCCAGTACGCC,2,545812
araCp,8.5,17,1,AAGCTCAGAAAGTCCACCCA,16,543862
araCp,25.5,51,1,AAGCTAACGGTTCACAAACG,50,596029
araCp,6.0,12,1,AAGCGACGCATTGCCCTTTT,11,562451
araCp,5.5,11,1,AAGCCCTGTATACATCATCG,10,592162
araCp,4.0,8,1,AAGCCAAGGACCTTCCGAAC,7,525897
araCp,5.0,10,1,AAGAGGAGCTCGACCACCAT,9,576019
araCp,11.0,22,1,AACTGGTCGTTTGTTTGTGA,21,560718
araCp,14.0,28,1,AACTCATTCCCAAGCCATCG,27,582105
araCp,2.5,5,1,AACTCAGGATGTAAGTGTCC,4,602632
araCp,5.0,10,1,AACGTTATGATGAAATAAGA,9,559231
araCp,8.5,17,1,AACGTCCCATCTGGTTTCTC,16,569076
araCp,1.0,2,1,AACGGGTCCTTGAAAGCATT,1,577978
araCp,7.5,15,1,AACGACCCACTTAGGACGTA,14,545735
araCp,14.0,28,1,AACCCAAATCGAGAGCGAGA,27,561311
araCp,8.5,17,1,AACCACTTACGATCGAAGAC,16,546951
araCp,6.0,12,1,AACCAATGGACGAGGGTACA,11,596834
araCp,2.5,5,1,AACAGGTTCGTACAGATGTG,4,558705
araCp,1.0,2,1,AACACCGTTCATCAATTCCT,1,559347
araCp,9.0,18,1,AAATTAAGAGGAGCCTCAGG,17,545333
araCp,1.0,2,1,AAATGTGAGATATTACCGTG,1,530772
araCp,5.5,11,1,AAATATCTCTCGGCGTGGTA,10,591543
araCp,5.5,11,1,AAAGTGCATAATGCGGCCCT,10,535704
araCp,7.0,14,1,AAAGGGTCTAGCTACCCAGC,13,542141
araCp,6.5,13,1,AAAGATTTCACTATAAGTTT,12,563357
araCp,1.0,2,1,AAACTCAATAACAACCCGTT,1,578020
araCp,5.0,10,1,AAACCGCTAGCCCCGTCCAC,9,566790
araCp,0.016129032258064516,61,61,CTGCGACTTAGGCTCAGACA,0,569787
araCp,0.01639344262295082,60,60,AGCCAGACAGGAGGAGTGTC,0,537946
araCp,0.017543859649122806,56,56,CAAACAGTCCCTTGGAGTGT,0,561839
araCp,0.017857142857142856,55,55,AGACGCATCGAACATGAGAT,0,533961
araCp,0.02040816326530612,48,48,ACTCTAACCGTTCTTGTCGT,0,531365
araCp,0.020833333333333332,47,47,AATTTAGTGTGCGTGGCGCA,0,527604
araCp,0.02127659574468085,46,46,GCATTCCGCATCTCAAGGAG,0,539104
araCp,0.021739130434782608,45,45,TCCTACTAATGGCAAGGATA,0,535419
araCp,0.021739130434782608,45,45,GATTTAAGATTAAAGCGCAA,0,574040
araCp,0.022222222222222223,44,44,TCGCTGGCCGGGAAAAACAA,0,565932
araCp,0.022727272727272728,43,43,GCCACGTATTGAAACAACGG,0,557412
araCp,0.022727272727272728,43,43,CAGTAGACTGCTCTGGTAAT,0,554547
araCp,0.023255813953488372,42,42,TCGCTATCGGATTTCTCTAT,0,551053
araCp,0.023809523809523808,41,41,TCTCTACGTATAAAACGCTT,0,531012
araCp,0.023809523809523808,41,41,ATTATGCAATAGTATTTCAT,0,540223
araCp,0.023809523809523808,41,41,AGCTCGTAGCTGCGCGGCTG,0,542556
araCp,0.023809523809523808,41,41,AGCGCGAGCAGATCAGATAG,0,531124
araCp,0.024390243902439025,40,40,CAATTTTTCCAGTCGGGGGC,0,587480
araCp,0.025,39,39,AAGGGTCGGGAATAGAGACA,0,576944
araCp,0.02564102564102564,38,38,TTAACCCAAACTCGTATTAA,0,527430
araCp,0.02631578947368421,37,37,TCTCACCCGGGAGCATGGTT,0,590335
araCp,0.02631578947368421,37,37,GGCCTGTGACACGGGCATAT,0,551549
araCp,0.02631578947368421,37,37,GATAGCATGGTGAACTGCCA,0,525533
araCp,0.02702702702702703,36,36,TACCTTCAGACTGGAACACT,0,570918
araCp,0.02702702702702703,36,36,TAATGCGTGCTCCCACCCAC,0,558194
araCp,0.02702702702702703,36,36,GCGTAGTCCTTCTACTGGGC,0,597030
araCp,0.02702702702702703,36,36,ACACTGATCGGACACCTTAA,0,588160
araCp,0.02702702702702703,36,36,AACCGACCATGATATCGGCC,0,527672
araCp,0.027777777777777776,35,35,CAAATTGAGGGTCCGGAATC,0,555196
araCp,0.027777777777777776,35,35,AGTGTGGGACGCCAGGCGTT,0,534903
araCp,0.027777777777777776,35,35,AAGTTGCCATGTATCCTTAA,0,566110
araCp,0.02857142857142857,34,34,TTGTTACCACGATCGCCGCA,0,547550
araCp,0.029411764705882353,33,33,GTAAGGTCGTAGCGGCAAAT,0,542753
araCp,0.029411764705882353,33,33,GGGTCGCACACCCCAGCCCA,0,536006
araCp,0.029411764705882353,33,33,GGGCAATAAACGGCTAGATC,0,527215
araCp,0.029411764705882353,33,33,CCCCTGCACGGCTGAATTGC,0,531532
araCp,0.029411764705882353,33,33,CCACCTAACGTACTGAATTC,0,597684
araCp,0.029411764705882353,33,33,CAACGGTATAGTCCAGTTAT,0,593055
araCp,0.029411764705882353,33,33,ATAATAGTGTGGTGAGCAGG,0,551868
araCp,0.030303030303030304,32,32,TTTGTTTTTTTGAATAGTCA,0,532494
araCp,0.030303030303030304,32,32,TGGTGACATTCAGAAATAGG,0,547292
araCp,0.030303030303030304,32,32,TGCAATTGTCGAAACCGGGT,0,584396
araCp,0.030303030303030304,32,32,GCAGGCGACCACGGCGAAAG,0,583574
araCp,0.030303030303030304,32,32,CGGGCCTCGCTGATTGGGGT,0,529605
araCp,0.030303030303030304,32,32,ACCAAGTAGAGGTCACTTCT,0,547186
araCp,0.03125,31,31,TGCGACCCGAAACGTCAGCA,0,601977
araCp,0.03125,31,31,TCTGGTGGCGCTACTCAAAC,0,527199
araCp,0.03125,31,31,TCTGCGTGAGGTCGCCAGTC,0,529778
araCp,0.03125,31,31,GTCAACTCCGAAGGACACAC,0,566901
araCp,0.03125,31,31,GCTCTGTTTCCAAGAAGACC,0,571427
araCp,0.03125,31,31,GCTCAGCCCCACATTATATG,0,538328
araCp,0.03125,31,31,CGCGCCCGATATAATAGAGG,0,539669
araCp,0.03125,31,31,AGGGCTCCGCGCGCAATCCG,0,533276
araCp,0.03125,31,31,AGACAAGCAGTTCGTACGGG,0,545084
araCp,0.03125,31,31,AATTCTGAGATAAAATTCAA,0,579968
araCp,0.03225806451612903,30,30,TGCTGCAATCGTGCATATGC,0,551027
araCp,0.03225806451612903,30,30,TATTTCTTAGCTTGACACAC,0,548970
araCp,0.03225806451612903,30,30,GTGGAAGTAGGGGGAGTTCA,0,590456
araCp,0.03225806451612903,30,30,GCTGCAGCGCCCTTAGATTG,0,542755
araCp,0.03225806451612903,30,30,GAGGTTCGGTCGGATCAACC,0,544800
araCp,0.03225806451612903,30,30,CTTAACCTGGAACAAGTGTC,0,597248
araCp,0.03225806451612903,30,30,CTAGCGGTTGATGGGATCTT,0,566044
araCp,0.03225806451612903,30,30,CGCTAGTGAACTTTTCAGAG,0,532711
araCp,0.03225806451612903,30,30,CAATGTCTCTTAGCCGGGCA,0,581420
araCp,0.03225806451612903,30,30,ACATTTTAAAGTCAAAAGGA,0,558175
araCp,0.03225806451612903,30,30,AAGTAAGGGTTCCATTTCAT,0,530876
araCp,0.03225806451612903,30,30,AAGCGTCGGGACCAGGGTTA,0,582059
araCp,0.03333333333333333,29,29,TAACTACAGACACTGTTATC,0,580993
araCp,0.03333333333333333,29,29,GAAAATTGCTTGCTGGCGCG,0,540553
araCp,0.03333333333333333,29,29,CGGACTTCCTTTACTGCGAC,0,568992
araCp,0.03333333333333333,29,29,CGCACAGGAGGGCATATGTC,0,590923
araCp,0.03333333333333333,29,29,ATAAACATCCCTCGGCCGCT,0,549257
araCp,0.03333333333333333,29,29,ACTCCCAGTTGTCAAATTGG,0,567787
araCp,0.03333333333333333,29,29,ACCGTGTTTGATAATTCAGG,0,541088
araCp,0.034482758620689655,28,28,TTTCGGCTGTGCACATGCCA,0,537548
araCp,0.034482758620689655,28,28,TTTCAAGGTAACAGCAGATA,0,530732
araCp,0.034482758620689655,28,28,TTGTTCATCGGGGAATCGGA,0,535841
araCp,0.034482758620689655,28,28,TAATAAATGATCCAAGCGGA,0,535633
araCp,0.034482758620689655,28,28,GTCCTCACATAGCTGATAGA,0,556549
araCp,0.034482758620689655,28,28,GTATCGCTAAGTCTTCATTT,0,576753
araCp,0.034482758620689655,28,28,GGTAGTCAGGGGTACGCCTT,0,590706
araCp,0.034482758620689655,28,28,GGTAACGTCGCCTAGCTTAT,0,564448
araCp,0.034482758620689655,28,28,GGCTTGAGGGTGCACCTTTC,0,560909
araCp,0.034482758620689655,28,28,GCGTGCATCGCCTCGGCGCA,0,567420
araCp,0.034482758620689655,28,28,AGAGGAGCGACATGAAACGA,0,584759
araCp,0.03571428571428571,27,27,TGTAGTGTGGCGGCCTCCGG,0,538019
araCp,0.03571428571428571,27,27,TGGATCAAGTTGGATAGTGC,0,534119
araCp,0.03571428571428571,27,27,TGATGAAGCCAGGCACTACT,0,579167
araCp,0.03571428571428571,27,27,GGCACTACCCAACTGAGAGA,0,531801
araCp,0.03571428571428571,27,27,GGACGTGTGATACGATTTCA,0,528615
araCp,0.03571428571428571,27,27,GGAATCAGTTTCGCAGGCAA,0,562321
araCp,0.03571428571428571,27,27,GCAATGTTAGAAATGGCGAT,0,563906
araCp,0.03571428571428571,27,27,GACAAGGGTCCAAGATGGTG,0,551052
araCp,0.03571428571428571,27,27,CTATAGCTGTGTATGATTAA,0,582148
araCp,0.03571428571428571,27,27,CCGGTCCGTAGGCTTGTGCT,0,566438
araCp,0.03571428571428571,27,27,ATGTGTAACGGCTCTCCGGT,0,578312
araCp,0.03571428571428571,27,27,AGTATGGATTGCACCCGGCC,0,595649
araCp,0.03571428571428571,27,27,ACGTTCTCTGCCGGTTGAAG,0,531578
araCp,0.03571428571428571,27,27,ACGAGCTCCGACGGTAGGAG,0,599386
araCp,0.03571428571428571,27,27,ACAATCGTAACGCTTGAACA,0,577789
araCp,0.037037037037037035,26,26,TCTGGCTACATTAGCGCCAT,0,564484
araCp,0.037037037037037035,26,26,TACCTTCGGCATCGATCCGA,0,542197
araCp,0.037037037037037035,26,26,GTTGTGTCTGAGCTCGGCAG,0,532811
araCp,0.037037037037037035,26,26,GAGAAAGCCGTGTGCGGACC,0,566853
araCp,0.037037037037037035,26,26,CGCACAAGTAAGATAAGACC,0,552611
araCp,0.037037037037037035,26,26,CCTCAAGGTCCTTAACGGAT,0,568465
araCp,0.037037037037037035,26,26,CATGCTTGCCTGCTTCCTGA,0,572293
araCp,0.037037037037037035,26,26,CAATAACTTTTGGCAGCGTA,0,530330
araCp,0.037037037037037035,26,26,AGGAACTATGCAAACGACTG,0,540269
araCp,0.037037037037037035,26,26,AAGCTCAGATCCTGTGAAGA,0,584783
araCp,0.037037037037037035,26,26,AAAAGGGTAGTATATTTGTT,0,550049
araCp,0.038461538461538464,25,25,TTGTTCCCGCAGAATGACAT,0,586583
araCp,0.038461538461538464,25,25,TGGTTCTAAGTAAGCTCGGA,0,540391
araCp,0.038461538461538464,25,25,TGCGTAGCGGATTCTCGTGA,0,558425
araCp,0.038461538461538464,25,25,TGACGCATCTCATCCTGGTG,0,543753
araCp,0.038461538461538464,25,25,GTCAGCTACAAATCCGAGCA,0,587734
araCp,0.038461538461538464,25,25,GTCACGTAGTTCGGAGAACG,0,597606
araCp,0.038461538461538464,25,25,GGGTGCACGTAAGCCTCGGA,0,586553
araCp,0.038461538461538464,25,25,GGCAACGCAGTATTTCGTAC,0,552397
araCp,0.038461538461538464,25,25,GCCCTGTTTAGGGATGTAGG,0,564260
araCp,0.038461538461538464,25,25,GCAGGGCTACACGGGTCCGG,0,601585
araCp,0.038461538461538464,25,25,CGGAAAATTCCGATCGGAAA,0,577696
araCp,0.038461538461538464,25,25,CGACCCCGGTGTACCCAAGA,0,555598
araCp,0.038461538461538464,25,25,CGACACGATAGTCTACAGGG,0,571165
araCp,0.038461538461538464,25,25,CCCGGACATGAGGATGACGT,0,532603
araCp,0.038461538461538464,25,25,CATGTGGCCTTCTACGGCTA,0,570758
araCp,0.038461538461538464,25,25,ATGTGGGACTCCTGTCGTTA,0,570011
araCp,0.038461538461538464,25,25,AGTGTAATTGCGTAAGTGCA,0,587051
araCp,0.038461538461538464,25,25,AGACGGCGTGCAACGCTACT,0,573175
araCp,0.038461538461538464,25,25,ACGCGAGCTTTTCTCAAGGA,0,538479
araCp,0.038461538461538464,25,25,ACAGATTCGATGGGAATCGC,0,536207
araCp,0.038461538461538464,25,25,ACAGAATGAGAGGAGACAGA,0,576247
araCp,0.038461538461538464,25,25,AACGAACGTGCCTCGCGCAT,0,542190
araCp,0.04,24,24,TGGTGGTGTTCGCGAGGGAG,0,539105
araCp,0.04,24,24,TATAAACATGAGGCTACGCA,0,541109
araCp,0.04,24,24,GTGTCTGCAATTCACAGTAC,0,556118
araCp,0.04,24,24,GAAAGACCACCGCGTAGTCT,0,543067
araCp,0.04,24,24,CTCCCCTGTTGGGAATACAA,0,555027
araCp,0.04,24,24,CGTTCGGTGACGAACTTGCA,0,537947
araCp,0.04,24,24,CGGGTCGGAGGGGTAATTTA,0,579826
araCp,0.04,24,24,CGAGAAGGTGTGTACATCAA,0,567236
araCp,0.04,24,24,CCGGAAACAATTATCTGCGT,0,537481
araCp,0.04,24,24,AGTGGCAAGGTGCTTCACAG,0,573776
araCp,0.04,24,24,AGTAGTCCCTCCCTCAAGCA,0,564221
araCp,0.04,24,24,ACGGAGCCCGGATGATCGGG,0,569186
araCp,0.04,24,24,ACGCCCTCGGGTCCTGGTCC,0,562014
araCp,0.04,24,24,ACCTGGCTGAAACGCCGTGT,0,566855
araCp,0.04,24,24,ACATATCGTGTCGAGCCGCA,0,593281
araCp,0.04,24,24,ACAGTACAAGTGTGATCATG,0,526812
araCp,0.04,24,24,AAACTTCACGTGAATCTCAA,0,602225
araCp,0.041666666666666664,23,23,TGTCACATAGTGGTACAAGG,0,533451
araCp,0.041666666666666664,23,23,TGACCTAGTAGGTACTGGAT,0,543398
araCp,0.041666666666666664,23,23,TGACCGTGGAGTGAGACGTC,0,539650
araCp,0.041666666666666664,23,23,TCTGGGGAGAGCTTTCGTAG,0,551651
araCp,0.041666666666666664,23,23,TCGGGTCGTGATGCCCAACT,0,573285
araCp,0.041666666666666664,23,23,TCGAACAGCGTTAGGATTTA,0,529245
araCp,0.041666666666666664,23,23,TACTTGATGTCAAAAACCTA,0,560840
araCp,0.041666666666666664,23,23,TACCAAGGTCATTACTTCTA,0,530791
araCp,0.041666666666666664,23,23,TACACTGAAGGGCAGCGCGG,0,528424
araCp,0.041666666666666664,23,23,TAAGTGTTTGTCGAGCCCGG,0,595492
araCp,0.041666666666666664,23,23,TAAGCGTTTAGGCCCGTTCC,0,565230
araCp,0.041666666666666664,23,23,GTTCTTACTAGGTGCGCCTA,0,539107
araCp,0.041666666666666664,23,23,GGGTTAGATGCGAGAGTGGA,0,528657
araCp,0.041666666666666664,23,23,GGATAGCAATTCAATGCCTT,0,537361
araCp,0.041666666666666664,23,23,GCAGAGGATGTAGTGTGAAT,0,568351
araCp,0.041666666666666664,23,23,GAAATGTCGATGCGAAATCA,0,583321
araCp,0.041666666666666664,23,23,CGTGTTATCCCGTAAACAAT,0,573164
araCp,0.041666666666666664,23,23,CGTGGTGCTTGCTAGATATG,0,546048
araCp,0.041666666666666664,23,23,CCGCCTGTCGTAGGCCGTGT,0,585342
araCp,0.041666666666666664,23,23,CCCCCATTCACGCAGCTCAC,0,599919
araCp,0.041666666666666664,23,23,CATGGAAAAAGAGGTTCGGT,0,551323
araCp,0.041666666666666664,23,23,CATCCTGTTTGCACACCTCA,0,592214
araCp,0.041666666666666664,23,23,CACCGGCCAGACGAGGCCAG,0,560615
araCp,0.041666666666666664,23,23,ATAGGTCCGGAAGAGAAAAA,0,581985
araCp,0.041666666666666664,23,23,AGGCAACGAAGCTAATGGCT,0,532424
araCp,0.041666666666666664,23,23,AGGAATTGTGGTTCTGTTAA,0,558104
araCp,0.041666666666666664,23,23,ACTCCAGAGCTTCTGGGCAT,0,595488
araCp,0.041666666666666664,23,23,ACTATCCAAAGCAGCCACGT,0,576767
araCp,0.041666666666666664,23,23,AATGGCGAGTATTACGCCTT,0,544207
araCp,0.041666666666666664,23,23,AAAGGGTCTCAACTGGCCGG,0,545235
araCp,0.043478260869565216,22,22,TTATTTAGGCGGAAAGCGCG,0,571159
araCp,0.043478260869565216,22,22,TTACATGAAATGTTTCCCAC,0,568636
araCp,0.043478260869565216,22,22,TGAGGTCACCGTAATGGATA,0,537728
araCp,0.043478260869565216,22,22,TGACAATCATATTCCGTGAA,0,543140
araCp,0.043478260869565216,22,22,TCCTACTAGCGGTTATGGGT,0,544583
araCp,0.043478260869565216,22,22,TATCCCACTAAATGTTGGAT,0,540268
araCp,0.043478260869565216,22,22,TACAGAGACCGTATATCTAG,0,542256
araCp,0.043478260869565216,22,22,GTTAGCCACGACTTAATGGT,0,546917
araCp,0.043478260869565216,22,22,GTCCACGGTAATCCGTTGGA,0,591131
araCp,0.043478260869565216,22,22,GTATAAGATGGTATTGCACT,0,587862
araCp,0.043478260869565216,22,22,GTAGACCTGTTGTACAGTTC,0,600554
araCp,0.043478260869565216,22,22,GCGACCCTATTCGTAGAGTA,0,561335
araCp,0.043478260869565216,22,22,GACCGTAGAATTTACCCTTT,0,553863
araCp,0.043478260869565216,22,22,GAACCTCATCAAAGAACCTT,0,532296
araCp,0.043478260869565216,22,22,CTTGTACCCACCTACAATAT,0,530148
araCp,0.043478260869565216,22,22,CTTCAGTTCAATCTCCAAAG,0,575108
araCp,0.043478260869565216,22,22,CTGCCGTAAATACTTTGTAT,0,580823
araCp,0.043478260869565216,22,22,CTGCAGACGTCCCAGGATCT,0,594912
araCp,0.043478260869565216,22,22,CGTTTACTCTAAGGTGGTGA,0,571429
araCp,0.043478260869565216,22,22,CGTAAGGTTCGTGGTACAAC,0,550485
araCp,0.043478260869565216,22,22,CGGTAGCATTTCCAGTACGC,0,530756
araCp,0.043478260869565216,22,22,CGAGATTAGAGCTTTGGTTA,0,529274
araCp,0.043478260869565216,22,22,CGACAACTCACTATCTCAGT,0,528720
araCp,0.043478260869565216,22,22,CCGGGGTTCGCGGAGGATAT,0,600766
araCp,0.043478260869565216,22,22,CCCCTGCGGCTATTGCGGTA,0,579444
araCp,0.043478260869565216,22,22,CCCATACGTTTCAGTGTGAA,0,576798
araCp,0.043478260869565216,22,22,CACAAGTCGTACATTATAGC,0,562499
araCp,0.043478260869565216,22,22,CAAAAAGACATGCCTCTAGG,0,594791
araCp,0.043478260869565216,22,22,ATGGGTAGTAACGTTTCCAT,0,603406
araCp,0.043478260869565216,22,22,ATGCAAGAATTACCGTCGAG,0,570922
araCp,0.043478260869565216,22,22,AGTGCTTACGTGACCGGCCA,0,533610
araCp,0.043478260869565216,22,22,AGTGCCTTGCAGTTAGGTAA,0,568337
araCp,0.043478260869565216,22,22,AGTGCATTCTGCCAGAGGTT,0,574289
araCp,0.043478260869565216,22,22,AGGGAACTCGGGTAGCTCGA,0,596263
araCp,0.043478260869565216,22,22,AGGATTTAGGACCGATAATG,0,554399
araCp,0.043478260869565216,22,22,ACCGACAGGCGAGTCGGATC,0,598201
araCp,0.043478260869565216,22,22,AACCCCTGACTAGCCGGACT,0,561856
araCp,0.043478260869565216,22,22,AACCAGGCATCAATTACGAG,0,539381
araCp,0.045454545454545456,21,21,TTTTTATCGGATAATTTTCA,0,578218
araCp,0.045454545454545456,21,21,TTTTCGGATACTCGTTCCTG,0,565561
araCp,0.045454545454545456,21,21,TTTCCGGGGATGTGATTTTT,0,533734
araCp,0.045454545454545456,21,21,TTATTCTAGGATACAGTTAT,0,584082
araCp,0.045454545454545456,21,21,TGGAGTTGTCGGCTAACGTC,0,549682
araCp,0.045454545454545456,21,21,TCACCCACTGGCCCGTTCCC,0,560321
araCp,0.045454545454545456,21,21,TATCATTCCGTTAAATGTAC,0,569194
araCp,0.045454545454545456,21,21,TAGGCGGATAACGTTATGGT,0,544832
araCp,0.045454545454545456,21,21,TAGATTCAGTCGAAAATTCG,0,554047
araCp,0.045454545454545456,21,21,TACTTATCCAGGGACGGCAA,0,594376
araCp,0.045454545454545456,21,21,TAAGATAGTTTTGATGCCCG,0,531102
araCp,0.045454545454545456,21,21,GTCTTGCTGGTCGAATCGGT,0,596759
araCp,0.045454545454545456,21,21,GTCCAGTTTATGTGAGACAT,0,598433
araCp,0.045454545454545456,21,21,GGTTAAGGCAAAATGTGTTA,0,558638
araCp,0.045454545454545456,21,21,GCCTGCCGTATCGCCACCCG,0,560923
araCp,0.045454545454545456,21,21,GCATATGGTGAGATTGTAGA,0,557976
araCp,0.045454545454545456,21,21,GCACAGCGTCAGTCCGTGGC,0,546489
araCp,0.045454545454545456,21,21,GATTCCTACAGATGGGGGAG,0,553570
araCp,0.045454545454545456,21,21,CTTAGTTGCGGTCAAGGTCC,0,544791
araCp,0.045454545454545456,21,21,CTGCGCCCACTAATCATCGG,0,552399
araCp,0.045454545454545456,21,21,CTGCAGCCTGCGAACGGTAT,0,546249
araCp,0.045454545454545456,21,21,CTCTTAAGCCATGCGAGTCC,0,578309
araCp,0.045454545454545456,21,21,CTCGGTTACGATCAGGTAGG,0,598152
araCp,0.045454545454545456,21,21,CTCATCGTAGCTTATACCCA,0,540857
araCp,0.045454545454545456,21,21,CTAATTCCTTCTGCCTATCT,0,526539
araCp,0.045454545454545456,21,21,CGGTCAGTACTTGACTGTAT,0,537852
araCp,0.045454545454545456,21,21,CGGTCACTGAGGCTAAATTG,0,556944
araCp,0.045454545454545456,21,21,CGGGCCAAACTAGAATCGGG,0,537720
araCp,0.045454545454545456,21,21,CGCCTAGTTCGCGCGGTTTA,0,559674
araCp,0.045454545454545456,21,21,CGCCAGAAGTCTTGTATTCT,0,552524
araCp,0.045454545454545456,21,21,CGATTCTTACTAGGGCGACA,0,559801
araCp,0.045454545454545456,21,21,CCTTAGGGGTCAATGGCCTA,0,556206
araCp,0.045454545454545456,21,21,CCTGCACCCGGACTGAACAC,0,580218
araCp,0.045454545454545456,21,21,CCGCGTCGTATACAGCCCAT,0,533389
araCp,0.045454545454545456,21,21,CCGCACACTCATCCTGGCGG,0,584072
araCp,0.045454545454545456,21,21,CCGATACTATGGACTGGTTA,0,567227
araCp,0.045454545454545456,21,21,CCCTACGGGGACGGAACGCA,0,545149
araCp,0.045454545454545456,21,21,CCCGGGTGGACATGTGGCAG,0,601903
araCp,0.045454545454545456,21,21,CCCGAGTGTCTCTGTGGTGC,0,576304
araCp,0.045454545454545456,21,21,CCATTTCTATGATGTTACGT,0,527221
araCp,0.045454545454545456,21,21,CCACTTACTCTCATCGATAA,0,530728
araCp,0.045454545454545456,21,21,CAGCATGGATTACACGCTGA,0,541263
araCp,0.045454545454545456,21,21,CAGAATGTAGAAGTTGGAAG,0,589151
araCp,0.045454545454545456,21,21,CACACGAGCGAGTGCACTTC,0,549063
araCp,0.045454545454545456,21,21,CAACCTCTCGTTGCAAGTGT,0,548554
araCp,0.045454545454545456,21,21,CAACAGGTGGCAGTCGAGAG,0,555026
araCp,0.045454545454545456,21,21,ATTCCGTACCAGTCGTCGGA,0,582330
araCp,0.045454545454545456,21,21,ATGCCGAGCTCCTGCGGCAT,0,559168
araCp,0.045454545454545456,21,21,ATCCAAGGGGGTCTTGCGAT,0,567556
araCp,0.045454545454545456,21,21,ATAATGCCCCAATCTCGAAC,0,533172
araCp,0.045454545454545456,21,21,AGTTCAGGAGACTCAGCCAC,0,585990
araCp,0.045454545454545456,21,21,ACCCAACAGATGTGACACAA,0,558265
araCp,0.045454545454545456,21,21,AATCGGCCGTTCCTAGGTCG,0,526742
araCp,0.045454545454545456,21,21,AAGGTTAGGTTCTCTGATAT,0,548867
araCp,0.045454545454545456,21,21,AAGGACATTGCAGAAATGTT,0,602577
araCp,0.045454545454545456,21,21,AAGCCCCCTCATCAGCGCTC,0,537438
araCp,0.045454545454545456,21,21,AAGCACCAGGTTGAACTCTG,0,562647
araCp,0.045454545454545456,21,21,AACATCCTTTATAGTCTACT,0,561073
araCp,0.047619047619047616,20,20,TTTGTGATTTATAATGGGCG,0,568461
araCp,0.047619047619047616,20,20,TTTCTTCGATAACTCTCTTG,0,577341
araCp,0.047619047619047616,20,20,TGTAGCGTGGGTACAATTAC,0,543665
araCp,0.047619047619047616,20,20,TGTAAGTTGTCTTAACCGCA,0,557467
araCp,0.047619047619047616,20,20,TGGCCTTCGACTGCGGCTCA,0,585615
araCp,0.047619047619047616,20,20,TGGATCAGAGCACCGAGTCT,0,541800
araCp,0.047619047619047616,20,20,TGGAGTGGAGTTCAAACTTA,0,585722
araCp,0.047619047619047616,20,20,TGCCGAAGAATGTGACAAAA,0,565334
araCp,0.047619047619047616,20,20,TCGTAGGGACTCTGGGCCAG,0,596320
araCp,0.047619047619047616,20,20,TAACAAAGCAGGCACTCTAG,0,532816
araCp,0.047619047619047616,20,20,GTTTACTCTCGATAACATTA,0,551254
araCp,0.047619047619047616,20,20,GTTCTGACTGTTCGTTGAAG,0,576571
araCp,0.047619047619047616,20,20,GTTCAGGTAAGATGCCAGGA,0,572195
araCp,0.047619047619047616,20,20,GTTAGGAAACGCACGCGAAA,0,579209
araCp,0.047619047619047616,20,20,GTCTATTGTAATGCAGGCGA,0,561345
araCp,0.047619047619047616,20,20,GTCGGAACACGGATGTGGCG,0,596780
araCp,0.047619047619047616,20,20,GTCGCTCATATCGAAGGCAG,0,564668
araCp,0.047619047619047616,20,20,GTCCTTAACACTAACGTCGT,0,538081
araCp,0.047619047619047616,20,20,GGTACGATTTTCCTGACTAA,0,539000
araCp,0.047619047619047616,20,20,GGGCCTCAAATAACATAAGA,0,559057
araCp,0.047619047619047616,20,20,GGACAGAACTGGTTGAACTC,0,570390
araCp,0.047619047619047616,20,20,GCGTACGCGTGTGCCGCGAA,0,584763
araCp,0.047619047619047616,20,20,GCGAAACAATCTTAACCTGG,0,526497
araCp,0.047619047619047616,20,20,GCAGGAGATCGGGGTTTACG,0,548912
araCp,0.047619047619047616,20,20,GCAGGAATATATTTTTACAT,0,547548
araCp,0.047619047619047616,20,20,GCACCGTGGTAGTAATGAGA,0,528714
araCp,0.047619047619047616,20,20,GATTGTCTTTCCGATTTCAG,0,555195
araCp,0.047619047619047616,20,20,GAGATTAGACCATCCTAAGC,0,590447
araCp,0.047619047619047616,20,20,GAGAAAACGATTTGGACGTA,0,545451
araCp,0.047619047619047616,20,20,GAAGGTCGTCTTCCGTTGGT,0,582667
araCp,0.047619047619047616,20,20,GAAGGACCCTCGGGCCAGGA,0,572780
araCp,0.047619047619047616,20,20,GAACTTTACCCACTATATAA,0,596519
araCp,0.047619047619047616,20,20,CTCGGCTATACTTTCATAAG,0,591414
araCp,0.047619047619047616,20,20,CTAAGTGTTCACAGGTAGAT,0,571828
araCp,0.047619047619047616,20,20,CGGGGTCACCGTCTATCTGT,0,558688
araCp,0.047619047619047616,20,20,CGGGATCAAACTGGACTGGA,0,571778
araCp,0.047619047619047616,20,20,CGAGTTCATGTTGGTTTTGA,0,582565
araCp,0.047619047619047616,20,20,CGACTCGCAGGTGATATAGG,0,534288
araCp,0.047619047619047616,20,20,CCCGGCCAGGCAGCTCAAGC,0,601974
araCp,0.047619047619047616,20,20,CCAATAAGATTCTCTACAGG,0,571308
araCp,0.047619047619047616,20,20,CAGTCTGAGCACTCTCCCAA,0,590281
araCp,0.047619047619047616,20,20,CAGCCATCCATGCTGACTGT,0,585144
araCp,0.047619047619047616,20,20,CAAACTCGGATTGATTTCCA,0,584844
araCp,0.047619047619047616,20,20,ATGAGCTGGCGGAGATTCTA,0,533338
araCp,0.047619047619047616,20,20,AGTGCAGCGGGCTACTGACC,0,531074
araCp,0.047619047619047616,20,20,AGGAGAGCACTTATTAGGTG,0,556441
araCp,0.047619047619047616,20,20,AGAGGGTGATTCACCACACT,0,532884
araCp,0.047619047619047616,20,20,ACATGAAAAGTCTAACAAAG,0,569709
araCp,0.047619047619047616,20,20,AAGATGCGGCCGCAACGAGC,0,587977
araCp,0.047619047619047616,20,20,AAGAGATAGCAGCGTTGGCT,0,566171
araCp,0.047619047619047616,20,20,AAAAGTTCGAGGCCGTATCG,0,538201
araCp,0.05,19,19,TTGTCTTGGGTAAGTGCGTC,0,576580
araCp,0.05,19,19,TTGGAAGGCACTGTGGTGAG,0,568058
araCp,0.05,19,19,TTAATCCAGTTGGGATGAAT,0,540634
araCp,0.05,19,19,TGTTTTTATTTCCAGCCCCC,0,582377
araCp,0.05,19,19,TGTTGCTATCGATAATCTAA,0,540167
araCp,0.05,19,19,TGTGTGGGCAGGGCGGATAA,0,602626
araCp,0.05,19,19,TGTGTCGTCCTCTAGGAAGT,0,549785
araCp,0.05,19,19,TGTCTAGATCCCCCACAAGT,0,572169
araCp,0.05,19,19,TGGCTTGAGCGTGGTCACGT,0,548077
araCp,0.05,19,19,TGGCAGTGGAGAGTCGTCTC,0,559616
araCp,0.05,19,19,TGCTTCCTTGCGCAACGTCA,0,550811
araCp,0.05,19,19,TGCGGGGGTATAGACATCTG,0,546660
araCp,0.05,19,19,TGCCTCTGGCGTATTCGCTT,0,584407
araCp,0.05,19,19,TGAGGTCGAGCGAGGGCGAC,0,536689
araCp,0.05,19,19,TGACTGGGGAACTAAAGGAT,0,548479
araCp,0.05,19,19,TCGGGCGAGACAGTGAATGC,0,559810
araCp,0.05,19,19,TAGCAGGAGGAGGGACAGTA,0,568469
araCp,0.05,19,19,TAAAGGCTATTTTCTTGTGT,0,547608
araCp,0.05,19,19,GTTTTGGAGTCTGGCAGGCA,0,551318
araCp,0.05,19,19,GGGGGCATTGCTCGTCCTGT,0,563808
araCp,0.05,19,19,GGGGCCGACGTATCTCTACA,0,564869
araCp,0.05,19,19,GGGCTGATCTTGAAGCGCAA,0,556330
araCp,0.05,19,19,GGGCTATCCGCTGTAGACGC,0,600441
araCp,0.05,19,19,GGATTGAGCGGCTTCTGGGT,0,556114
araCp,0.05,19,19,GGACGTCGGGGTTTACCTTA,0,581623
araCp,0.05,19,19,GCGTAAGCCGTTGAGCGGTA,0,569903
araCp,0.05,19,19,GCCTTATTGACGCAGATCAT,0,550137
araCp,0.05,19,19,GCCTAACGGGGGCTCATCAA,0,551399
araCp,0.05,19,19,GCCCTGATCCCGGGTGTCCG,0,601182
araCp,0.05,19,19,GAGGGCCTACTGGGCTGTGT,0,534021
araCp,0.05,19,19,GAATAATGCCCGAGCTGTTG,0,538431
araCp,0.05,19,19,GAAGCTGCTGGGGGGCTTCA,0,549079
araCp,0.05,19,19,GAAGATTTGTCCGGTAGCAA,0,573651
araCp,0.05,19,19,GAAATATGATCCTCACGGAA,0,564207
araCp,0.05,19,19,CTTAGGGCAAAACTCTAAGT,0,531421
araCp,0.05,19,19,CTCTGCTGTTCGTACTCCAG,0,556940
araCp,0.05,19,19,CTAATTCCTTTACCTATCGA,0,566645
araCp,0.05,19,19,CGGTTCGTTCGTACGACCAC,0,600105
araCp,0.05,19,19,CGGGAAAACTCAATTTAAAT,0,528655
araCp,0.05,19,19,CGCTAGCCGACCGCACTCTC,0,574397
araCp,0.05,19,19,CGCCAATACAACAGGGTGCG,0,585496
araCp,0.05,19,19,CGACCGCTGAACAAGCTTTG,0,561354
araCp,0.05,19,19,CCTTTTCACGATAGATTTTA,0,573766
araCp,0.05,19,19,CCTAAGCCCTTTGGCTCAAT,0,541606
araCp,0.05,19,19,CCGAGTGTCAATCAAACGGC,0,561986
araCp,0.05,19,19,CCCTATCAGTGTCGCCATCG,0,535467
araCp,0.05,19,19,CCAGGACTGTCGCGCTTGCT,0,562076
araCp,0.05,19,19,CCACGTAAATTATTTAAGAA,0,534359
araCp,0.05,19,19,CCACGCCCGAATGCAGAGTA,0,555204
araCp,0.05,19,19,CAGTGGTCTGATACAATTAC,0,602249
araCp,0.05,19,19,CAGTATATGGGCACGCGTGA,0,602517
araCp,0.05,19,19,CAGAGGCCCTTATGTTCCTG,0,576047
araCp,0.05,19,19,CACCTCCCGGTAGGATTTAA,0,534921
araCp,0.05,19,19,CACATACGGCTACGCTTCTA,0,592813
araCp,0.05,19,19,CAAACGGCGGAACGGCACAG,0,545990
araCp,0.05,19,19,ATTGACATCGGTGCGGCTAT,0,582308
araCp,0.05,19,19,ATGGACCGTGCGCTGTTAGA,0,560309
araCp,0.05,19,19,AGTCCCACCTGGATTCGTTA,0,599955
araCp,0.05,19,19,AGGTGCAGCGGGTTCTTGGC,0,544979
araCp,0.05,19,19,AGGGTTTTGTGGTCCGCAGC,0,587286
araCp,0.05,19,19,AGGCGAGAAGCTTGTCGATT,0,564956
araCp,0.05,19,19,AGGCAGCTTTTTCACACATC,0,545834
araCp,0.05,19,19,AGGACCCACTGAGCTTCAAC,0,558851
araCp,0.05,19,19,AGCGAAGTGCCCCGCCCTTC,0,555803
araCp,0.05,19,19,AGAGCCACTGACGGAGATGA,0,567996
araCp,0.05,19,19,AGACCGACTTACCGGCGGGT,0,554784
araCp,0.05,19,19,ACTATCGGTCATCGTTACTT,0,563905
araCp,0.05,19,19,ACCTCGGAGGGAAAGAGAGA,0,570178
araCp,0.05,19,19,ACCGTGGATTTGATGCTAGC,0,535179
araCp,0.05,19,19,ACAGCTGTCATGTCATGGTG,0,554210
araCp,0.05,19,19,ACAAACCCCGGGAATACAAT,0,590208
araCp,0.05,19,19,AATTCTGCTTAGTTTCTGAA,0,568757
araCp,0.05,19,19,AACTAAGGGTATTTGCGGAA,0,564977
araCp,0.05,19,19,AACAGCTAGATTGGAACTCG,0,601104
araCp,0.05263157894736842,18,18,TTTTTCCTTAGAGCCCCGAT,0,598541
araCp,0.05263157894736842,18,18,TTTGATTCGCGAGGCTATGA,0,596643
araCp,0.05263157894736842,18,18,TTTACAGTCAGAGCTGGGAC,0,536160
araCp,0.05263157894736842,18,18,TTAATCGATAGTTCTCGTGA,0,565496
araCp,0.05263157894736842,18,18,TTAAAGTCAAGGGCGCTCGT,0,539038
araCp,0.05263157894736842,18,18,TGTCCCGAAGGAGGCGGCCA,0,570996
araCp,0.05263157894736842,18,18,TGGGCTGATGCGCACCCAGA,0,554092
araCp,0.05263157894736842,18,18,TGGACGTACAGAATACTCAG,0,590334
araCp,0.05263157894736842,18,18,TGCGTCGCATTATGATCCAT,0,549769
araCp,0.05263157894736842,18,18,TGCAGGATCAGACACACCAT,0,550628
araCp,0.05263157894736842,18,18,TCTTAAAGTATCTGGCTTGT,0,550424
araCp,0.05263157894736842,18,18,TCTAGGCGCATCAAAGTAAT,0,548345
araCp,0.05263157894736842,18,18,TCGTACAAGCATGCTGGGTT,0,594697
araCp,0.05263157894736842,18,18,TCGGGAACTGTGCTTGAAAT,0,532043
araCp,0.05263157894736842,18,18,TCCTGTCACTTAACACGTGT,0,542360
araCp,0.05263157894736842,18,18,TCCATGAAGCTTGATTAGTC,0,568749
araCp,0.05263157894736842,18,18,TCCAGGAGGGCTGGTGGCGT,0,568339
araCp,0.05263157894736842,18,18,TCAGAAACTCTTGGACTTTA,0,596612
araCp,0.05263157894736842,18,18,TCAATTACTTGATCGATTTA,0,546286
araCp,0.05263157894736842,18,18,TCAAGGTGTAGCCTAGGCGC,0,570640
araCp,0.05263157894736842,18,18,TAGACAGGCAATCGAGTCTA,0,547141
araCp,0.05263157894736842,18,18,GTTTAAGTCCAGGGAAGAGT,0,547605
araCp,0.05263157894736842,18,18,GTCCTTGTGAGGCAAGTTTA,0,540872
araCp,0.05263157894736842,18,18,GTCCCATGAATGGCTTGCCA,0,556857
araCp,0.05263157894736842,18,18,GGTGTAGATCGGCTTTCTAC,0,536002
araCp,0.05263157894736842,18,18,GGTCGCGAGCAATTTTCGGG,0,580225
araCp,0.05263157894736842,18,18,GGTCATTGGCTCGGCATTGA,0,600129
araCp,0.05263157894736842,18,18,GGGGACAGTCTACAGTTCGA,0,540166
araCp,0.05263157894736842,18,18,GGGAGACAAAGGTGCTAGCC,0,585813
araCp,0.05263157894736842,18,18,GGAGATTAGTGCCGCTTGGT,0,529504
araCp,0.05263157894736842,18,18,GGAAGAGCATGAGCTTTGTG,0,576574
araCp,0.05263157894736842,18,18,GCTGGTTGCTCGGTCAAGGG,0,565559
araCp,0.05263157894736842,18,18,GCTGCTATGTGGCACAAGAC,0,590120
araCp,0.05263157894736842,18,18,GCCGGGTTGGTCTGTGGGGG,0,584727
araCp,0.05263157894736842,18,18,GATGCTATCCGGTTGAATTG,0,564461
araCp,0.05263157894736842,18,18,GAGTTTGAAGAGCACCCGTC,0,538359
araCp,0.05263157894736842,18,18,GAGCGCAGCCGATGTCCATG,0,559491
araCp,0.05263157894736842,18,18,GAGACTTAGTAGGTGTATAT,0,579634
araCp,0.05263157894736842,18,18,GAGACCCGAAGCAGATAGCT,0,569328
araCp,0.05263157894736842,18,18,GAAGTCGTCCAAGACATCAT,0,528431
araCp,0.05263157894736842,18,18,CTGTTTATACGAGTAACCAT,0,542941
araCp,0.05263157894736842,18,18,CGGTCGGGGCCATCTGGGGT,0,527682
araCp,0.05263157894736842,18,18,CGCAGATGATTTAGAAGGGA,0,552166
araCp,0.05263157894736842,18,18,CGAGTCTATTTCGTACCAGT,0,567395
araCp,0.05263157894736842,18,18,CCTGTGTATGTGTTAGGAAC,0,567063
araCp,0.05263157894736842,18,18,CCGTCCGCCTGGTCATATAA,0,527673
araCp,0.05263157894736842,18,18,CCGGCGCCGCCTTAGCTCCT,0,597434
araCp,0.05263157894736842,18,18,CCGCACCCAGTGTAAGTAGT,0,546650
araCp,0.05263157894736842,18,18,CCCTTGTCCTAGCGTAGTGC,0,566154
araCp,0.05263157894736842,18,18,CCCTTCATAAGGAGAGAAAC,0,575181
araCp,0.05263157894736842,18,18,CCACGTGAGCAAACGCATAG,0,571774
araCp,0.05263157894736842,18,18,CATATGTGAATAAGGTCGCT,0,574867
araCp,0.05263157894736842,18,18,CATAATGAGTGACCGTTATA,0,559556
araCp,0.05263157894736842,18,18,CATAAATCTCAAAGCGGGTA,0,577379
araCp,0.05263157894736842,18,18,CAGCGGACGATTTTTGACCT,0,575115
araCp,0.05263157894736842,18,18,CAGCATAGCGTTCTCTGGCA,0,561000
araCp,0.05263157894736842,18,18,CACTCCGGGGCAGTACGCTT,0,527446
araCp,0.05263157894736842,18,18,CACGGAAGACGATGAGATTC,0,543652
araCp,0.05263157894736842,18,18,CAAGCAAGTAAGTCCCCCCA,0,573912
araCp,0.05263157894736842,18,18,ATTTTCTAGGTTGATGCATG,0,532870
araCp,0.05263157894736842,18,18,ATTTAAATGGTACAGTCAAG,0,581926
araCp,0.05263157894736842,18,18,ATGTTGCGTTACAGGGCCTT,0,594731
araCp,0.05263157894736842,18,18,ATGTTCGGGACGGTTCAGAG,0,536318
araCp,0.05263157894736842,18,18,ATGCAATATTCCGCATTATG,0,593783
araCp,0.05263157894736842,18,18,ATCTGCAAGTTCCGTTTCCA,0,543255
araCp,0.05263157894736842,18,18,ATAGTCTTTTAGATATGACC,0,578318
araCp,0.05263157894736842,18,18,ATAGGACGTATGTGAACGAA,0,559115
araCp,0.05263157894736842,18,18,ATAAATAAGGAGCACTAGAG,0,549665
araCp,0.05263157894736842,18,18,AGTCAGAGGCCAAACAAGGT,0,579359
araCp,0.05263157894736842,18,18,AGTATCTGCGCCCCCTACCC,0,553128
araCp,0.05263157894736842,18,18,AGATTCTTGCCCACTGCGTT,0,583909
araCp,0.05263157894736842,18,18,AGAAAACGGGTTGTCACAGA,0,596494
araCp,0.05263157894736842,18,18,ACTCAGGCTGTTAAGTGTTG,0,537584
araCp,0.05263157894736842,18,18,ACTAGCTGTTAGGTGAGGTA,0,570592
araCp,0.05263157894736842,18,18,ACCGCCTGCAGTTACAGAAA,0,540698
araCp,0.05263157894736842,18,18,ACCGCCAGTGATCGGTGTGT,0,591864
araCp,0.05263157894736842,18,18,ACATTAGGGTGTTGATGCGT,0,591682
araCp,0.05263157894736842,18,18,ACATAATCCGGTCCCTGTGT,0,541338
araCp,0.05263157894736842,18,18,ACAGGGAGTACGATTCTAGC,0,559066
araCp,0.05263157894736842,18,18,AATCATGTCTCGTATCTAAG,0,599383
araCp,0.05263157894736842,18,18,AATACGGGAATTCTGGTTCA,0,568530
araCp,0.05263157894736842,18,18,AAGGTAATCCCGGCTCTCGT,0,585555
araCp,0.05263157894736842,18,18,AAGAGCAGTGACGTGACGTT,0,561427
araCp,0.05263157894736842,18,18,AACGGATAATTGCGTGGACT,0,545894
araCp,0.05555555555555555,17,17,TTCGTCATAGAACCTTTGGT,0,539685
araCp,0.05555555555555555,17,17,TGCACGACCGTTATTCGAGG,0,602374
araCp,0.05555555555555555,17,17,TGATTTCGTGGCTTATATAC,0,550488
araCp,0.05555555555555555,17,17,TGAGGCCCCGAGGAGGCTCA,0,541274
araCp,0.05555555555555555,17,17,TCTGACGTAATGATCGCTAT,0,577521
araCp,0.05555555555555555,17,17,TCGTTTCGGATGCGTGATAC,0,567297
araCp,0.05555555555555555,17,17,TCGGTATCGTGACGACAGAC,0,581575
araCp,0.05555555555555555,17,17,TCGCCGAGCGACAAGGTTTG,0,568347
araCp,0.05555555555555555,17,17,TCGCCATTGCAACTAAAACA,0,575991
araCp,0.05555555555555555,17,17,TCACCTATATTCCAAGGACT,0,585911
araCp,0.05555555555555555,17,17,TACCGACTGTTTCAATCTCG,0,583241
araCp,0.05555555555555555,17,17,TACATCTATGGATCCCGCTA,0,576399
araCp,0.05555555555555555,17,17,TAAGCCAGCTAATCTTTAGT,0,564865
araCp,0.05555555555555555,17,17,TAACGGGCTGTTGACGAAGG,0,567605
araCp,0.05555555555555555,17,17,TAACGCGCCGCGGCAAATAA,0,538098
araCp,0.05555555555555555,17,17,GTTGCCTCCTACGAGTGGTT,0,531870
araCp,0.05555555555555555,17,17,GTGCGGAGAGTAACAAATAA,0,549687
araCp,0.05555555555555555,17,17,GTCCGGTATTCGTAGGGGCA,0,531425
araCp,0.05555555555555555,17,17,GTCAGACAGATCCCCATTTG,0,541663
araCp,0.05555555555555555,17,17,GGTTGCGCAGAGGAAGCAAT,0,575326
araCp,0.05555555555555555,17,17,GGTGGTACCGTATCTGCAGT,0,592989
araCp,0.05555555555555555,17,17,GGTCATACAGGCCTGCCTAC,0,546511
araCp,0.05555555555555555,17,17,GGTAATCAGGACGAGACCTG,0,577766
araCp,0.05555555555555555,17,17,GGGGTCAGTGCCTGTAGACA,0,592912
araCp,0.05555555555555555,17,17,GGGGTAAGCCAGTGAGGAGA,0,575016
araCp,0.05555555555555555,17,17,GGGCAACGGCCGGGAAATCT,0,579065
araCp,0.05555555555555555,17,17,GGCCTACGGCCAGCCATTTC,0,581494
araCp,0.05555555555555555,17,17,GGCAACCAAAGGCTGAATCC,0,530496
araCp,0.05555555555555555,17,17,GGATATTAGCATCCAGGTAA,0,590455
araCp,0.05555555555555555,17,17,GCCGCGTATTGACAGGTGCA,0,571722
araCp,0.05555555555555555,17,17,GCCGATCGCGCACCATGGAC,0,543673
araCp,0.05555555555555555,17,17,GCATTCACACACGTCCGTAC,0,553983
araCp,0.05555555555555555,17,17,GCATGGCCGAGCGTTAACTG,0,546503
araCp,0.05555555555555555,17,17,GCATACGTCCGGGCACTCCT,0,529185
araCp,0.05555555555555555,17,17,GATAAAGAGTTCACCCAGTC,0,576302
araCp,0.05555555555555555,17,17,GAGCTATTCCGAAGGATTTT,0,525763
araCp,0.05555555555555555,17,17,GAGATTACACATGCCACGTG,0,530944
araCp,0.05555555555555555,17,17,GAACCTGGTAAGCTTGTATT,0,526188
araCp,0.05555555555555555,17,17,CTGAGTTAGTACATGAGAAG,0,544055
araCp,0.05555555555555555,17,17,CTCGGGTACGTAGCCGCTGT,0,558900
araCp,0.05555555555555555,17,17,CTCCGGACACGAGGGACGTA,0,579707
araCp,0.05555555555555555,17,17,CTAAGCGGACTCCTCCCCGT,0,543712
araCp,0.05555555555555555,17,17,CGTGTGGGCTTGCGAAAGGA,0,554001
araCp,0.05555555555555555,17,17,CGTCATAACAGTTATATATG,0,570281
araCp,0.05555555555555555,17,17,CGGGCCTTACCAATGCCTCT,0,530950
araCp,0.05555555555555555,17,17,CGCTAGATCCTTTCAGTCTT,0,549115
araCp,0.05555555555555555,17,17,CGCGAGTTACCGGGATCGAA,0,590081
araCp,0.05555555555555555,17,17,CGCCCGGTCCGATACATCAT,0,538948
araCp,0.05555555555555555,17,17,CCTCGGGTCCCCAAGCACGG,0,550514
araCp,0.05555555555555555,17,17,CCTCGCATGAAGCAGTTTGT,0,575005
araCp,0.05555555555555555,17,17,CCGGGGCTTCGGGGAGTATC,0,541092
araCp,0.05555555555555555,17,17,CCGGAGTGAAGACAGAACCT,0,555429
araCp,0.05555555555555555,17,17,CCGCTCAGGCATTAATGCTA,0,548820
araCp,0.05555555555555555,17,17,CCGACGGCGCTCACATGTCG,0,550862
araCp,0.05555555555555555,17,17,CCCTGCCACCGCACAGCTGT,0,568208
araCp,0.05555555555555555,17,17,CCCGTTAAGTTAGTTTGTGT,0,540635
araCp,0.05555555555555555,17,17,CCAGGGTTCATACGTTCCGC,0,540134
araCp,0.05555555555555555,17,17,CCAGCCCCATCGAATGTTGT,0,576703
araCp,0.05555555555555555,17,17,CCACCATAGGCCGCCTTTAC,0,530735
araCp,0.05555555555555555,17,17,CAGGACCGGAGTCGTGCGAG,0,602515
araCp,0.05555555555555555,17,17,CAACTGTGCGGGTGATAGCT,0,577027
araCp,0.05555555555555555,17,17,CAACCGAGCGCCGGTGGAAA,0,602234
araCp,0.05555555555555555,17,17,ATTTTATGCTTGTAGGCTCA,0,534902
araCp,0.05555555555555555,17,17,ATGCTGGTGACCGGAGAATA,0,589862
araCp,0.05555555555555555,17,17,ATGCAGATGAGTTTAATCGT,0,571898
araCp,0.05555555555555555,17,17,ATCGGTGGGTGCATACTGCA,0,546781
araCp,0.05555555555555555,17,17,ATCGGAGCCCGGTGCTGATG,0,545840
araCp,0.05555555555555555,17,17,ATCGAAGATCCCAAGGACTT,0,538194
araCp,0.05555555555555555,17,17,ATCAGGAGTTCTCATGTAAA,0,535139
araCp,0.05555555555555555,17,17,ATATAGTGGTCGGTGTTACG,0,563547
araCp,0.05555555555555555,17,17,ATACGCCAACTCGAAGCGGA,0,589604
araCp,0.05555555555555555,17,17,AGTCCTCGGCGAAAATGATT,0,559384
araCp,0.05555555555555555,17,17,AGTAGACCTGCTTGTCCTCA,0,534806
araCp,0.05555555555555555,17,17,AGGGCATTGTCGTCAGCCAA,0,542437
araCp,0.05555555555555555,17,17,AGCTCATGGCACGCGTCTGA,0,548707
araCp,0.05555555555555555,17,17,ACTGTAGAAGGTGGTCCGCG,0,601477
araCp,0.05555555555555555,17,17,ACGTCGGTACCATAGTGTAA,0,572539
araCp,0.05555555555555555,17,17,ACGGCACAAGAGGTTAGTAC,0,575177
araCp,0.05555555555555555,17,17,ACGAATCATGCATGCCGACA,0,563121
araCp,0.05555555555555555,17,17,ACCGCTGACGTGACTTATCA,0,550963
araCp,0.05555555555555555,17,17,ACATTTGCCCCCACCGTGAA,0,542361
araCp,0.05555555555555555,17,17,ACACGTGGGAATGTGACCAA,0,529974
araCp,0.05555555555555555,17,17,ACACAACTTCAAACGGGCGT,0,580939
araCp,0.05555555555555555,17,17,AATTTATAGGGGTCTGGGGT,0,602341
araCp,0.05555555555555555,17,17,AAGGTCACTCCATCTTCAAT,0,547549
araCp,0.05555555555555555,17,17,AAGGGTTGCGAGTTATTCAC,0,529276
araCp,0.05555555555555555,17,17,AACTAAAGGTGTAGCCCCAG,0,603249
araCp,0.05555555555555555,17,17,AACCGTTGCTAGAACTCAAG,0,533884
araCp,0.05555555555555555,17,17,AACCATCGGGTCAAATGGGT,0,526209
araCp,0.05555555555555555,17,17,AAATGGCTCGAAGCCGTCAT,0,541980
araCp,0.058823529411764705,16,16,TTTTGTTTTGTCAAAATACT,0,558139
araCp,0.058823529411764705,16,16,TTTGTGTCTTGGTGAAGGTT,0,581927
araCp,0.058823529411764705,16,16,TTTGCGCAGCTAGCGTGTAG,0,590876
araCp,0.058823529411764705,16,16,TTTGAGCAGCAATTGTTGGT,0,594893
araCp,0.058823529411764705,16,16,TTTCGACTACCCATGGGAGG,0,581579
araCp,0.058823529411764705,16,16,TTTACCGTCGCATCCGATAA,0,582843
araCp,0.058823529411764705,16,16,TTGTTCCTTTTTAGTAACTT,0,560993
araCp,0.058823529411764705,16,16,TTGGTTTACCTGTGTCTGGT,0,540124
araCp,0.058823529411764705,16,16,TTGCGTTGTTCCTAGTCCTT,0,562792
araCp,0.058823529411764705,16,16,TTCATCACAGTTTGACTGTG,0,537373
araCp,0.058823529411764705,16,16,TTAATATGGTGTTTGAGTTG,0,555199
araCp,0.058823529411764705,16,16,TGGTAGGGTGATCAGGTTAA,0,575873
araCp,0.058823529411764705,16,16,TGGAGGCGCTTGGCCCAGCA,0,602656
araCp,0.058823529411764705,16,16,TGGAGCGTCACATGCGGCCA,0,588558
araCp,0.058823529411764705,16,16,TGGAACAAACGAGATACCTG,0,548553
araCp,0.058823529411764705,16,16,TCTCTCAGTAAGCCAATAAA,0,527741
araCp,0.058823529411764705,16,16,TCTATTCTGGGTAGCATCCA,0,583282
araCp,0.058823529411764705,16,16,TCGTGGAAACCGGTCGCTTT,0,553184
araCp,0.058823529411764705,16,16,TCGGCTGGGTATATTTGGAT,0,600244
araCp,0.058823529411764705,16,16,TCGACAGCGGGCTAATGGAT,0,559870
araCp,0.058823529411764705,16,16,TCACATCGAGCAGGTAGGAG,0,540327
araCp,0.058823529411764705,16,16,TCAAAATAACATGCCTCACG,0,555938
araCp,0.058823529411764705,16,16,TATTATCAGAAGGGCAAGGG,0,552964
araCp,0.058823529411764705,16,16,TATACTCTTCGACGCGCATG,0,559308
araCp,0.058823529411764705,16,16,TAGCAAGAAAACCGGAAGCA,0,555059
araCp,0.058823529411764705,16,16,TACTCCATCGAACCATGGGA,0,565801
araCp,0.058823529411764705,16,16,TACGGCCTTAAAATCTCACA,0,562163
araCp,0.058823529411764705,16,16,TAATTTGAGCAGAAAGCGGG,0,535560
araCp,0.058823529411764705,16,16,TAATAGCTGATATCTAGTCT,0,570150
araCp,0.058823529411764705,16,16,TAAGTGTGAGCTGCAATACA,0,582621
araCp,0.058823529411764705,16,16,TAACAGGTGCGGCCGCTCGC,0,534667
araCp,0.058823529411764705,16,16,GTGACTATAGGCATGCACTG,0,586489
araCp,0.058823529411764705,16,16,GTCGTACCAAATATCGGTAC,0,580486
araCp,0.058823529411764705,16,16,GTACGAAACACATTTAAGTC,0,526142
araCp,0.058823529411764705,16,16,GGTTTACGGCCGACTTCATC,0,562502
araCp,0.058823529411764705,16,16,GGTGATAAATTGCGTACATA,0,558635
araCp,0.058823529411764705,16,16,GGTACACGCCCTCCGCTGTT,0,536541
araCp,0.058823529411764705,16,16,GGGTTGGATATTACGTCTTC,0,556451
araCp,0.058823529411764705,16,16,GGGTTAACACAGTATCCACT,0,601721
araCp,0.058823529411764705,16,16,GGGGGCGTGACTTTGGGTCA,0,600446
araCp,0.058823529411764705,16,16,GGATACAGAATGAAAGAGTT,0,538689
araCp,0.058823529411764705,16,16,GGAATTGCAATAAGAACCCT,0,526044
araCp,0.058823529411764705,16,16,GCTTGGTGCTGTTGCTCACA,0,531544
araCp,0.058823529411764705,16,16,GCTGGAATGGTGTAAGGCGG,0,533665
araCp,0.058823529411764705,16,16,GCTGACAAGAGACAGTGAAG,0,565598
araCp,0.058823529411764705,16,16,GCTCACCCTTCCCCGGTTAT,0,572671
araCp,0.058823529411764705,16,16,GCGTACATTGCGCAAAGTTA,0,563006
araCp,0.058823529411764705,16,16,GCGAACGCAAAGAGGCCGAC,0,556539
araCp,0.058823529411764705,16,16,GCCTATAGGCTCTTTTCATT,0,583395
araCp,0.058823529411764705,16,16,GCCAGTTTGGTCCGGACGAC,0,574684
araCp,0.058823529411764705,16,16,GCCACAAGTGCCATATTTCT,0,530947
araCp,0.058823529411764705,16,16,GATTGAACTCTTCTGTCCTT,0,535359
araCp,0.058823529411764705,16,16,GATCGAGGGTCCGGCGGTTG,0,534787
araCp,0.058823529411764705,16,16,GAGTGAGGCCGTCGTTTGGG,0,599449
araCp,0.058823529411764705,16,16,GAGGCCCAATTTCCATCATG,0,542532
araCp,0.058823529411764705,16,16,GACATCCGGAGTGCAGTTTG,0,552992
araCp,0.058823529411764705,16,16,GACAGGTCACATGTAGTAAG,0,571840
araCp,0.058823529411764705,16,16,GAAGGGCGTGTTGTCGTATG,0,548699
araCp,0.058823529411764705,16,16,GAACGGGCGTTATGGGGCGG,0,555543
araCp,0.058823529411764705,16,16,CTTCACAGGCTCTCGAGGTT,0,594967
araCp,0.058823529411764705,16,16,CTGTTTTCGTTGGGGCAGCC,0,538057
araCp,0.058823529411764705,16,16,CTGTGACTTTGGTTCCGCGT,0,556164
araCp,0.058823529411764705,16,16,CTCGGTGGCCGTGAGGTCCT,0,554953
araCp,0.058823529411764705,16,16,CTCACCTACATGTACGAGGT,0,569793
araCp,0.058823529411764705,16,16,CTATCGCTATTCGCACGTGG,0,591162
araCp,0.058823529411764705,16,16,CTACCTGGAATTATTCGCTG,0,537205
araCp,0.058823529411764705,16,16,CTACATGTTATTGGGCCGTG,0,529896
araCp,0.058823529411764705,16,16,CGTCGGCATGGCTTAACCCT,0,554789
araCp,0.058823529411764705,16,16,CGTCCCCAATCCAGGATGGT,0,538550
araCp,0.058823529411764705,16,16,CCGTTCTTGGCAAAATTCTC,0,571507
araCp,0.058823529411764705,16,16,CCGGCGCGGGACGAATGCCA,0,583143
araCp,0.058823529411764705,16,16,CCGCCATTTGTTCCTGGCAT,0,546685
araCp,0.058823529411764705,16,16,CCGAGTTTGGGAACGTACAA,0,582449
araCp,0.058823529411764705,16,16,CCATACCAGCCCGAGCGTGG,0,551960
araCp,0.058823529411764705,16,16,CATTTCCAAGCCGAATAACA,0,556465
araCp,0.058823529411764705,16,16,CATGGTCGCGAGCTCTCTCC,0,587299
araCp,0.058823529411764705,16,16,CAGCACATATCCGTGCACGG,0,555703
araCp,0.058823529411764705,16,16,CACTTAGCGAACAGCCACGG,0,595356
araCp,0.058823529411764705,16,16,CAATCACGCATTCTGGATGA,0,545183
araCp,0.058823529411764705,16,16,CAAACTCGCAAACCTATGGA,0,554889
araCp,0.058823529411764705,16,16,ATTCTAGGAAATCTTCACTT,0,579763
araCp,0.058823529411764705,16,16,ATGTAAAGGGCCACTTGACA,0,573417
araCp,0.058823529411764705,16,16,ATGAATTAAGTTAATGCGGT,0,547839
araCp,0.058823529411764705,16,16,ATCAGCCGCAATTCCGTAAA,0,582315
araCp,0.058823529411764705,16,16,ATCAGCACATCACCAGCAGC,0,589028
araCp,0.058823529411764705,16,16,ATACGAAAACTGACCACATC,0,585348
araCp,0.058823529411764705,16,16,AGTTGAGAATCGCTATGAAG,0,540340
araCp,0.058823529411764705,16,16,AGTTCCGGAGTTTTGGTATA,0,561078
araCp,0.058823529411764705,16,16,AGTACTAGACATAGAGCTGA,0,538648
araCp,0.058823529411764705,16,16,AGGGTCCACCGACGGATCGT,0,561429
araCp,0.058823529411764705,16,16,AGGCCTCGGGCTGTCTTCAG,0,536319
araCp,0.058823529411764705,16,16,AGGACCCACCCTCGTATGAA,0,545628
araCp,0.058823529411764705,16,16,AGCGTGAAGATTGTTGTCAA,0,549014
araCp,0.058823529411764705,16,16,AGATAGTGCAAGGGAACTCT,0,531612
araCp,0.058823529411764705,16,16,AGAGGTCTTCGTGTGTAGGG,0,529496
araCp,0.058823529411764705,16,16,AGACAGCGATCGAATGATCA,0,583129
araCp,0.058823529411764705,16,16,ACTTGCATCCGAAAGACTTA,0,532503
araCp,0.058823529411764705,16,16,ACTTCGAATAAGAGCTCATG,0,526600
araCp,0.058823529411764705,16,16,ACGTTGTTTCGGTAGCCCGC,0,558114
araCp,0.058823529411764705,16,16,ACCTATGCCTAATTTGGAGT,0,581843
araCp,0.058823529411764705,16,16,ACCGAGTTTGTGGGATCGTG,0,584318
araCp,0.058823529411764705,16,16,ACCATCGCGTGCTGTCATTA,0,565827
araCp,0.058823529411764705,16,16,ACCACGTAAGCGTATCCGAG,0,564191
araCp,0.058823529411764705,16,16,ACAGTAGCTATGGGAATGCT,0,525757
araCp,0.058823529411764705,16,16,ACAGCTCAGTTCACCGGGAA,0,557381
araCp,0.058823529411764705,16,16,ACAGAAGGCGGGCGCCAGCA,0,560585
araCp,0.058823529411764705,16,16,ACAACTTTTCAAATCCTTAC,0,581918
araCp,0.058823529411764705,16,16,ACAACACGTAGGCAGTTTTA,0,544640
araCp,0.058823529411764705,16,16,AAGTTTACCGTTTGAGTGCA,0,591300
araCp,0.058823529411764705,16,16,AAGTTCTCCGAAGACAAGAC,0,543902
araCp,0.058823529411764705,16,16,AAGTGTCCTAGGGAGTTATA,0,575467
araCp,0.058823529411764705,16,16,AACCTTTTGAACAGTTTCAT,0,573345
araCp,0.058823529411764705,16,16,AACACGCCCAAAGGTGAAAA,0,586741
araCp,0.0625,15,15,TTTGGAACTGTCCCAGTCAG,0,566963
araCp,0.0625,15,15,TTTAAAGCCATCCCGATGTC,0,557819
araCp,0.0625,15,15,TTGTTGCGATGAGATGAAGT,0,554474
araCp,0.0625,15,15,TTGCGAGCAGTGTACGACCA,0,592344
araCp,0.0625,15,15,TTCGTGTTAGTTTTTTGAAG,0,540537
araCp,0.0625,15,15,TTCGGTCTCATGGACTAATT,0,573395
araCp,0.0625,15,15,TTATCACATCCCCTGCTCTT,0,552517
araCp,0.0625,15,15,TTAAGCGGTACTACATGGAC,0,598105
araCp,0.0625,15,15,TTAAGCAACCGGTCAGTTCC,0,538914
araCp,0.0625,15,15,TGTTTGTAAACGAGCGCCAT,0,583510
araCp,0.0625,15,15,TGTTCGCCGTATAATCGATA,0,575561
araCp,0.0625,15,15,TGTGTGGTGTGAGTTTCAAG,0,535957
araCp,0.0625,15,15,TGTGGTACTTTCAACGATTC,0,566217
araCp,0.0625,15,15,TGTGGCGGCAACTACCGGCA,0,600919
araCp,0.0625,15,15,TGTCAAACTTAGGACAGATT,0,533664
araCp,0.0625,15,15,TGGTTAGAAGTACTTGACTC,0,550286
araCp,0.0625,15,15,TGGAGTCGTATCGCCAGGAT,0,529164
araCp,0.0625,15,15,TGGAGCCCTCGAGCAGTGGA,0,555695
araCp,0.0625,15,15,TGGAAAGCATTCGCCTTTTA,0,529562
araCp,0.0625,15,15,TGCAACTAGGTTGGGTACCT,0,578349
araCp,0.0625,15,15,TGATGACTCTACGTGCTGGT,0,545449
araCp,0.0625,15,15,TGAGGCTAGACCCTTGGGTG,0,556341
araCp,0.0625,15,15,TGAACTTTCAAAACACTCAT,0,569142
araCp,0.0625,15,15,TGAACCAACCGAATAGGCTA,0,529601
araCp,0.0625,15,15,TCTGGCAACGTATGCTGCAT,0,586143
araCp,0.0625,15,15,TCTGAAAAATAGACATTGCA,0,558752
araCp,0.0625,15,15,TCTATTCCTTTGTTCACGTG,0,597390
araCp,0.0625,15,15,TCTAATCGATGTTCATTGAC,0,601219
araCp,0.0625,15,15,TCGTATTTACCTGATACATT,0,554529
araCp,0.0625,15,15,TCGCGTTCTCTGGTTAAATG,0,560881
araCp,0.0625,15,15,TCGCCCCAACCGAAAAACCT,0,533547
araCp,0.0625,15,15,TCGCCACTCATAAGGACAAC,0,568483
araCp,0.0625,15,15,TCGAACGTGTGTGTGAGGCA,0,533440
araCp,0.0625,15,15,TCCTGGGGTGCACTGCTTCA,0,573824
araCp,0.0625,15,15,TCCTGACCGACTTTGGGTTC,0,533732
araCp,0.0625,15,15,TCCGAGTCCGCGGAACGCGT,0,568854
araCp,0.0625,15,15,TCATTTAGCAGATGGATGAG,0,585184
araCp,0.0625,15,15,TCATTTAACTCCGTGCTGGT,0,560441
araCp,0.0625,15,15,TCAATTATTAAGCTGGTCAG,0,565197
araCp,0.0625,15,15,TATCTGTAGTGTCTTACGTT,0,570139
araCp,0.0625,15,15,TATATGAACACTCGACCCGC,0,581618
araCp,0.0625,15,15,TAGGACCCGGCATGACACTT,0,566258
araCp,0.0625,15,15,TAGACGGCCGCCGATTAGTA,0,530145
araCp,0.0625,15,15,TACTACCGCCACTCACTGTA,0,539298
araCp,0.0625,15,15,TACAGGCCCAGAGGTAGGTT,0,567609
araCp,0.0625,15,15,TACACTTGGCTGCCGGGGCT,0,582160
araCp,0.0625,15,15,TACACCTGTCCAATTGAACA,0,559466
araCp,0.0625,15,15,TAATAATGTACGAGTCAGTT,0,580998
araCp,0.0625,15,15,TAAGCGCGACAGAGCAAGAG,0,541689
araCp,0.0625,15,15,GTTTTGACCACGTTCATTGA,0,580071
araCp,0.0625,15,15,GTTCCATACAAAGTAGTCTT,0,544793
araCp,0.0625,15,15,GTCGCTACAGTTGGCGGAGT,0,534674
araCp,0.0625,15,15,GTCGCGTACCGTCGTATCGC,0,546096
araCp,0.0625,15,15,GTCCAGAGACCACCGGATGT,0,587128
araCp,0.0625,15,15,GTATCGGCTATCCGCCGCCT,0,575998
araCp,0.0625,15,15,GTATCGCGGAGAGATTTGGT,0,565353
araCp,0.0625,15,15,GTAGCATGCGACCCGTGTAG,0,567682
araCp,0.0625,15,15,GGTCATGAACTCCATGTGAA,0,555474
araCp,0.0625,15,15,GGGCAGTAACTCCATTCCGT,0,602151
araCp,0.0625,15,15,GGCTCGCGGTCAAACCTAGT,0,589760
araCp,0.0625,15,15,GGCAATGATGCTGTCTACCG,0,598151
araCp,0.0625,15,15,GGCAACAACACACCGGCTAG,0,600057
araCp,0.0625,15,15,GGATAGCGACTGTTGAGTCT,0,576598
araCp,0.0625,15,15,GGAGCCGTCCAGTAACCCGC,0,602152
araCp,0.0625,15,15,GGAATATAAGAGCGGCCCAG,0,548599
araCp,0.0625,15,15,GGAACAATGTGATCCGCATC,0,537884
araCp,0.0625,15,15,GCTATAATGGTTGCTTTTTT,0,558898
araCp,0.0625,15,15,GCGGGCCTGAAAGTTTCTAT,0,538089
araCp,0.0625,15,15,GCGCTTTTCCATTCTAAGAA,0,549885
araCp,0.0625,15,15,GCGAAACCAGCACGGGCACT,0,569702
araCp,0.0625,15,15,GCCTTGTCCACGCGCACTCA,0,555537
araCp,0.0625,15,15,GCCTTCCGACATGCAGCCCT,0,595538
araCp,0.0625,15,15,GCCTACTTGCGATCTGGAGG,0,549858
araCp,0.0625,15,15,GCATTGGTCGTAGAGATGCT,0,593120
araCp,0.0625,15,15,GCATGTTCAGGCATAACAGA,0,584569
araCp,0.0625,15,15,GCAGTTGTTTTGGAAGCTGC,0,552814
araCp,0.0625,15,15,GAGTGGGCTTTATGCATAGG,0,525899
araCp,0.0625,15,15,GAGGTGCAATCGACATGCAT,0,584438
araCp,0.0625,15,15,GAGCATGTGTTGTTTACGGA,0,526455
araCp,0.0625,15,15,GAGATCAAGATGCGGCACTT,0,588076
araCp,0.0625,15,15,GAGACACGGTAGCGATAGCT,0,599973
araCp,0.0625,15,15,GACCTTTACAGCGAAAGTTA,0,568372
araCp,0.0625,15,15,GACCAACCGCCCAAGCCCCT,0,585686
araCp,0.0625,15,15,GAATGAGTCTCGAAGTGCGT,0,527506
araCp,0.0625,15,15,GAAGGCAGAGTTTGCGGAAA,0,551128
araCp,0.0625,15,15,CTTCACTAAGCATTCCAGGA,0,596122
araCp,0.0625,15,15,CTTAGAGCCGTGGTATCCTT,0,589494
araCp,0.0625,15,15,CTGTTGAAATGGTGGAATGA,0,598627
araCp,0.0625,15,15,CTGTGAAGGAACCAGGGCCA,0,533612
araCp,0.0625,15,15,CTGCATTGTGGCAGTTGAGT,0,555718
araCp,0.0625,15,15,CTGATGAGGGGACATCCAAA,0,557712
araCp,0.0625,15,15,CTATTCGACACCAACGTGCT,0,539696
araCp,0.0625,15,15,CTAGGTTTAATATGTTCTGC,0,550254
araCp,0.0625,15,15,CTACCCGCTACGTTATGTAT,0,598200
araCp,0.0625,15,15,CTAAGGTCCCAACTTCGTGC,0,549929
araCp,0.0625,15,15,CGTTACGTGTAGCCTTTCGC,0,530143
araCp,0.0625,15,15,CGTCCTTGACGATTCGCATT,0,542942
araCp,0.0625,15,15,CGTCCGTCCTCACGCCGGCT,0,592930
araCp,0.0625,15,15,CGGCGTGAGAGGGGGACGTA,0,554510
araCp,0.0625,15,15,CGCACATTAAAAACATGCAA,0,575249
araCp,0.0625,15,15,CGAGTAAAGAGCGGTACCAG,0,547792
araCp,0.0625,15,15,CGACCCGCCCCATGACTGGT,0,602090
araCp,0.0625,15,15,CCTTTGCTTCTTCGAGGCTA,0,558620
araCp,0.0625,15,15,CCTGGTTAATTGGGGTAAAA,0,600089
araCp,0.0625,15,15,CCGTAGAACGCGTTCGGGCT,0,584110
araCp,0.0625,15,15,CCGGTACCGTCATGATTTGA,0,603401
araCp,0.0625,15,15,CCGCGCATTACAGGTCATCA,0,598025
araCp,0.0625,15,15,CCGCCTTGAAACCGAGACAA,0,537724
araCp,0.0625,15,15,CATGAATTCTCGTACACCGA,0,551357
araCp,0.0625,15,15,CATAATGTATAGTGCTCGGT,0,573491
araCp,0.0625,15,15,CAGGGTGCATATATTGACAT,0,559648
araCp,0.0625,15,15,CAGCGTAGTATCCTAATTCA,0,563261
araCp,0.0625,15,15,CAGAAACGGAGTTGGTTGAA,0,582839
araCp,0.0625,15,15,CACTATTAGAGGAGTCGGTA,0,566321
araCp,0.0625,15,15,CACGTTCCTGGCCGCGGTGT,0,572634
araCp,0.0625,15,15,CACACACGGCGGCATCTTTG,0,539185
araCp,0.0625,15,15,CAATTGCCCGGGGATGACTC,0,552064
araCp,0.0625,15,15,CAAGCTTGGGTACCGCGCGT,0,549866
araCp,0.0625,15,15,CAACGTGCGAAGTGCGACCA,0,593732
araCp,0.0625,15,15,CAACCCTTCTGGGAATCTAT,0,603155
araCp,0.0625,15,15,ATTGTTAAAACGGATCCACG,0,540389
araCp,0.0625,15,15,ATTGCGCTTATCAGGTGGAT,0,601811
araCp,0.0625,15,15,ATTGATTGCCACCGCCCATA,0,537341
araCp,0.0625,15,15,ATGTTTACTTGACTTAAATG,0,529772
araCp,0.0625,15,15,ATGTCTCACGCACAAGGGGT,0,589926
araCp,0.0625,15,15,ATCGTTATAATTCGGGGAGG,0,566591
araCp,0.0625,15,15,ATCGGACAAGCCATTCGCCA,0,563013
araCp,0.0625,15,15,ATCAGATTTGATACGATAGT,0,596680
araCp,0.0625,15,15,ATAGTGTCTGCTTGACGTGT,0,598321
araCp,0.0625,15,15,ATAGGTTCTATCCTGGTGCT,0,552931
araCp,0.0625,15,15,ATACTCAAGAGTGTGATATA,0,564952
araCp,0.0625,15,15,ATACTAACATACACGTAGCC,0,587073
araCp,0.0625,15,15,ATACAACTTAACCACTGAGT,0,531483
araCp,0.0625,15,15,AGTCTGGAGGGCGAAGGGTC,0,535565
araCp,0.0625,15,15,AGTCTGATTGGTTAGTGAAA,0,548083
araCp,0.0625,15,15,AGGCTCGTGCGGATTGAACG,0,580054
araCp,0.0625,15,15,AGCTTGAAAGAAGAGATGTC,0,589065
araCp,0.0625,15,15,AGCTGGCAACTTTGTAAATA,0,530377
araCp,0.0625,15,15,AGCGTTTACTTATAATGTAG,0,588172
araCp,0.0625,15,15,AGCAGCGCGCCTGCCGCTAC,0,532723
araCp,0.0625,15,15,AGATCTGGCTTAGCGTGGAT,0,551238
araCp,0.0625,15,15,AGATCACATGATATGGTCGA,0,536378
araCp,0.0625,15,15,AGAGGTCTACCTGCCCTGTA,0,589748
araCp,0.0625,15,15,ACTGAATGGTAAATAAGTGA,0,588022
araCp,0.0625,15,15,ACTAAGTAGCATCTGTCACC,0,535429
araCp,0.0625,15,15,ACGAGCGCAACTAAGGTAAC,0,558276
araCp,0.0625,15,15,ACCTCGAGACTGCAATTTAA,0,562657
araCp,0.0625,15,15,ACCGCATAACCGGACCAACA,0,576621
araCp,0.0625,15,15,ACCATCTGGCGGGTACTAGA,0,529900
araCp,0.0625,15,15,ACCAGTGGATAACATCCCGT,0,561185
araCp,0.0625,15,15,ACATATGCATAGTTAGAAAC,0,548406
araCp,0.0625,15,15,ACAGCTGATCAGATCTGACA,0,544319
araCp,0.0625,15,15,AATTTGTATTGGAAGTTGAT,0,602860
araCp,0.0625,15,15,AATTTCATGAAGACTGACAT,0,593425
araCp,0.0625,15,15,AATGGTATCAAATCTAAAGG,0,593347
araCp,0.0625,15,15,AATCTTCAGTTATAGGCTTC,0,536683
araCp,0.0625,15,15,AAGTAAGCTCAGACAAGACC,0,525793
araCp,0.0625,15,15,AAGGATAGTCCGACGCCTGC,0,598598
araCp,0.0625,15,15,AAGAGTGTGCCGGAAACGAA,0,546882
araCp,0.0625,15,15,AAGAATGATGCCGGAGGTGT,0,590038
araCp,0.0625,15,15,AACTCGCTGGTCCACGACGT,0,550089
araCp,0.0625,15,15,AAAGGGGGATTGATGCCTCG,0,588316
araCp,0.06666666666666667,14,14,TTTGTAGTTCCTCAGGTACA,0,570485
araCp,0.06666666666666667,14,14,TTTAATGGCACACTGTAACC,0,590417
araCp,0.06666666666666667,14,14,TTGGAACGGGCGAGTAGAAC,0,543054
araCp,0.06666666666666667,14,14,TTCCGCGGCAAAACCCTCTC,0,556978
araCp,0.06666666666666667,14,14,TTAGGCCTCTTCGCTAGACC,0,569155
araCp,0.06666666666666667,14,14,TTACTGGTGGGATCACGTCA,0,536738
araCp,0.06666666666666667,14,14,TTACGGCACCGTCCCCGTCC,0,548159
araCp,0.06666666666666667,14,14,TTACCCTAGCATCATGTGAG,0,566165
araCp,0.06666666666666667,14,14,TGTGGGGTCGGGCTAGCCTT,0,533613
araCp,0.06666666666666667,14,14,TGTATTCGGTGGCAAGCGTA,0,537329
araCp,0.06666666666666667,14,14,TGTAACTACCAGGTTTCGTT,0,570409
araCp,0.06666666666666667,14,14,TGGCTCTGCAGCGTAGCTTA,0,599725
araCp,0.06666666666666667,14,14,TGGCAACATTATACTTAGGC,0,592225
araCp,0.06666666666666667,14,14,TGGAAAACCACCGGCCAGAA,0,561688
araCp,0.06666666666666667,14,14,TGCTGTATTGTGGCTACGGA,0,570207
araCp,0.06666666666666667,14,14,TGCCTATTAATCGATATAAC,0,551168
araCp,0.06666666666666667,14,14,TGCCCCCCGCAGCATACATA,0,564445
araCp,0.06666666666666667,14,14,TGCAGGACCCACTACCCTTG,0,586729
araCp,0.06666666666666667,14,14,TGATCAGCGTAGCAGTTGCA,0,598026
araCp,0.06666666666666667,14,14,TGAGTCCACTGCACCGTGAA,0,562305
araCp,0.06666666666666667,14,14,TGAGGGTTCCCGCCGCTCGC,0,537440
araCp,0.06666666666666667,14,14,TGAAGTAAGAGCGCGTGCGC,0,545909
araCp,0.06666666666666667,14,14,TCTTCACCCCTCTGAGTAGC,0,542851
araCp,0.06666666666666667,14,14,TCTGTGCAATCAACATACGG,0,546490
araCp,0.06666666666666667,14,14,TCTCCCCAGGCTCATACGGA,0,561276
araCp,0.06666666666666667,14,14,TCGGTCTCCAAATAGCAGGC,0,572540
araCp,0.06666666666666667,14,14,TCCTGCGTGCAGACGAGGTT,0,574654
araCp,0.06666666666666667,14,14,TCCTCAACAACGATGTGATA,0,580222
araCp,0.06666666666666667,14,14,TCCGGGGGAGTAAGTTGATG,0,592722
araCp,0.06666666666666667,14,14,TCCCGTAGGGTCGATGAATC,0,565424
araCp,0.06666666666666667,14,14,TCCCCACCTTGTGTCTATAT,0,542418
araCp,0.06666666666666667,14,14,TCATCGTCGATAGGTATTTG,0,561842
araCp,0.06666666666666667,14,14,TCACTCCTTCGGCCGCTTCT,0,545441
araCp,0.06666666666666667,14,14,TCAATCTCCGCCGAACCGTG,0,577207
araCp,0.06666666666666667,14,14,TCAAAATTCTTTAGTCTGGA,0,583455
araCp,0.06666666666666667,14,14,TATTAGCGCACACGCGCTTC,0,590610
araCp,0.06666666666666667,14,14,TATCGACACGATTCTCGCGA,0,543484
araCp,0.06666666666666667,14,14,TATATACTATTACGCGGCAT,0,548687
araCp,0.06666666666666667,14,14,TATAATTCACTTCGGTCGAG,0,535782
araCp,0.06666666666666667,14,14,TAGGGGCCGAAGGGGTTGCA,0,546254
araCp,0.06666666666666667,14,14,TAGGGCGGGGATGGAACTTC,0,569853
araCp,0.06666666666666667,14,14,TAGGCAATTATCCCTGGCAA,0,551936
araCp,0.06666666666666667,14,14,TAGCCCTGATGATCCTGATG,0,526853
araCp,0.06666666666666667,14,14,TACTTGTCCGGATGCCGGAG,0,558908
araCp,0.06666666666666667,14,14,TAAGTTCTAACTCACTCAAG,0,531581
araCp,0.06666666666666667,14,14,TAAGCTGGCGGGCGCAGTCC,0,595068
araCp,0.06666666666666667,14,14,TAAGCGGTCCAGTTGAGTTA,0,527568
araCp,0.06666666666666667,14,14,TAAATGGTTTTGCGGTGCTA,0,590530
araCp,0.06666666666666667,14,14,GTTAAGTGCGCTGTGCACTT,0,563123
araCp,0.06666666666666667,14,14,GTGGATGTGCCCCCAAAAGC,0,572504
araCp,0.06666666666666667,14,14,GTGCCCAAAAGAGCCTCTTA,0,595795
araCp,0.06666666666666667,14,14,GTGACCGCACTTTAAATCAT,0,543761
araCp,0.06666666666666667,14,14,GTCTTAGTAAAAGTGGATTT,0,556784
araCp,0.06666666666666667,14,14,GTCCCATTCCTCATTTCGAA,0,553372
araCp,0.06666666666666667,14,14,GTCATGAACGAATGCTCCAC,0,551813
araCp,0.06666666666666667,14,14,GTCACCTCTACTTTCACGAT,0,595762
araCp,0.06666666666666667,14,14,GTATGCCACTAAATTCGTCT,0,555024
araCp,0.06666666666666667,14,14,GTAGATAATATACAGGTCTA,0,577528
araCp,0.06666666666666667,14,14,GTACCGGGTTGATATTGTAA,0,601798
araCp,0.06666666666666667,14,14,GTACCCTGGGGAGATGCACA,0,603201
araCp,0.06666666666666667,14,14,GGTTAACCATTGCTCAGGAC,0,567291
araCp,0.06666666666666667,14,14,GGTGTCTGTTCAAACGTAAG,0,533504
araCp,0.06666666666666667,14,14,GGGGATGCCTCTTGATCAAA,0,542321
araCp,0.06666666666666667,14,14,GGCTTTTCGTGTAGTGACTA,0,568675
araCp,0.06666666666666667,14,14,GGATTCGTTGCACGTATGTG,0,582336
araCp,0.06666666666666667,14,14,GCTGTTCCTGAGGGGGATGG,0,537143
araCp,0.06666666666666667,14,14,GCTGGATCGACTGCGTATGC,0,537013
araCp,0.06666666666666667,14,14,GCGTCCTTTGTTACGCGCGT,0,533181
araCp,0.06666666666666667,14,14,GCGTCAGGCGAACGTATATA,0,600979
araCp,0.06666666666666667,14,14,GCGGGAGTGGTCGCCAAGAC,0,575468
araCp,0.06666666666666667,14,14,GCGCAGCTCCCAGTTTAAAA,0,562265
araCp,0.06666666666666667,14,14,GCCTGTCATTTTAGGTTCGG,0,540336
araCp,0.06666666666666667,14,14,GCCTCGGCGGTAGAATCAAT,0,542688
araCp,0.06666666666666667,14,14,GCCGGCCTGTCCAGCAGCGT,0,582167
araCp,0.06666666666666667,14,14,GCCCCGTTCCCGCAATTTAT,0,600147
araCp,0.06666666666666667,14,14,GCATGTTCTAAGCGCCCCCT,0,595352
araCp,0.06666666666666667,14,14,GATTTAACCGGAAGAATGGA,0,549173
araCp,0.06666666666666667,14,14,GATCTATCTACTTCACACAA,0,573073
araCp,0.06666666666666667,14,14,GAGTGAAAGCATGAATTTCA,0,533100
araCp,0.06666666666666667,14,14,GAGGTAGACTCCATTTGTAC,0,526420
araCp,0.06666666666666667,14,14,GAGGGGGTTGCTAATATGTA,0,525563
araCp,0.06666666666666667,14,14,GAGCTTTATCGAGTTTTCAC,0,552098
araCp,0.06666666666666667,14,14,GACTTGTCTGCGTACCTAGT,0,589373
araCp,0.06666666666666667,14,14,GACGAGATACCCCTTGGGCT,0,590446
araCp,0.06666666666666667,14,14,GACCCGCCCCCGGTGTGAGA,0,582769
araCp,0.06666666666666667,14,14,GACCCATGTCTTACTCGGAA,0,534145
araCp,0.06666666666666667,14,14,GAAGAGGGGCCTGTTGCCTA,0,566693
araCp,0.06666666666666667,14,14,GAACGGTCTACGAGACGGAC,0,561744
araCp,0.06666666666666667,14,14,GAACCACGGGGCGGCGTGTT,0,538899
araCp,0.06666666666666667,14,14,GAAATTCCACTGTAACAGTA,0,562928
araCp,0.06666666666666667,14,14,CTTTTAGACATAGGATACAT,0,541795
araCp,0.06666666666666667,14,14,CTTTCTCTCTTTCAGATAGG,0,561035
araCp,0.06666666666666667,14,14,CTTGTGGGTCCCAGGAGAGC,0,601175
araCp,0.06666666666666667,14,14,CTTCGTTTTAACAAAAATAA,0,585893
araCp,0.06666666666666667,14,14,CTTCATGTGATTGCGCCGTT,0,529047
araCp,0.06666666666666667,14,14,CTTAACTGAATCTCCGATTG,0,592016
araCp,0.06666666666666667,14,14,CTGTGTCTATCAGGGCACAA,0,542273
araCp,0.06666666666666667,14,14,CTGTAGTCGTAACTGGTTCG,0,549461
araCp,0.06666666666666667,14,14,CTGTACAATCTCGAAGAACA,0,581592
araCp,0.06666666666666667,14,14,CTGAATGGGGATCTCACTCA,0,577590
araCp,0.06666666666666667,14,14,CGTTCTAGCATCCAGCGGGA,0,569054
araCp,0.06666666666666667,14,14,CGGGGCCGCCCTCAGTGCCA,0,535187
araCp,0.06666666666666667,14,14,CGGCATGAGTTGTGCACTGT,0,598315
araCp,0.06666666666666667,14,14,CGGCACAGGCAGCGAGCGTT,0,568990
araCp,0.06666666666666667,14,14,CGCTTTGTCAGTGAACTGCA,0,555796
araCp,0.06666666666666667,14,14,CGCTGCCACGCGTTGGGAAG,0,536703
araCp,0.06666666666666667,14,14,CGCCGTTGATTGCTAATTCC,0,566483
araCp,0.06666666666666667,14,14,CGCCCCTCTCCCCGACAGTG,0,537962
araCp,0.06666666666666667,14,14,CGATTTCGAGGGCTAACGCA,0,545605
araCp,0.06666666666666667,14,14,CGATGGTGCCTACTGTGCTA,0,593137
araCp,0.06666666666666667,14,14,CGAAAAGTTTTTGGATGAGC,0,599886
araCp,0.06666666666666667,14,14,CCTGTATTTGTGTCTGACTG,0,594358
araCp,0.06666666666666667,14,14,CCTCGAATCTTAGTCGGCAG,0,562790
araCp,0.06666666666666667,14,14,CCGTGAGCCCAACCTACCCG,0,598428
araCp,0.06666666666666667,14,14,CCGGCTGGCTCAACTCTCAA,0,542452
araCp,0.06666666666666667,14,14,CCGGATATGAAAGTAATTCA,0,575692
araCp,0.06666666666666667,14,14,CCGCGATCTTGAAACTTTAA,0,581130
araCp,0.06666666666666667,14,14,CCGCCCTCTACACCCGGCGA,0,563344
araCp,0.06666666666666667,14,14,CCGACAGAGCTTTGCCTTCT,0,542534
araCp,0.06666666666666667,14,14,CCCGGTGTTCGGTGATGGAC,0,555205
araCp,0.06666666666666667,14,14,CCCGCAGGCAATTGGAAGAT,0,535418
araCp,0.06666666666666667,14,14,CCCGATGGATTCTGGTTCGA,0,536419
araCp,0.06666666666666667,14,14,CCCAAATTGCAGATAGCTTA,0,552405
araCp,0.06666666666666667,14,14,CCATTTTCTTTATAGAAATT,0,578790
araCp,0.06666666666666667,14,14,CCATATTACGTTCCTGTGCA,0,568857
araCp,0.06666666666666667,14,14,CCAGCACTAGGCACGTCAGG,0,556659
araCp,0.06666666666666667,14,14,CCACTAAATAAGCTGCGATA,0,582677
araCp,0.06666666666666667,14,14,CCACATTTGGGAAATCAAAC,0,552306
araCp,0.06666666666666667,14,14,CATCCGATCAGGCGGTGGAG,0,581920
araCp,0.06666666666666667,14,14,CATAGAGCCGACGCCTGCAG,0,549409
araCp,0.06666666666666667,14,14,CAGGCCGTCAGGCGTGCTCT,0,566709
araCp,0.06666666666666667,14,14,CACTAAAGCCGTGATTAGGC,0,588233
araCp,0.06666666666666667,14,14,CACGATTTCATACCAAAGCC,0,591381
araCp,0.06666666666666667,14,14,CACCTCGCCTCAGGGGCTGT,0,594233
araCp,0.06666666666666667,14,14,CACCGACAGTCAATCACGGA,0,535897
araCp,0.06666666666666667,14,14,CAATTGGGTGAAAGTCATTT,0,584776
araCp,0.06666666666666667,14,14,CAATGTTACGTACGTATCTT,0,595340
araCp,0.06666666666666667,14,14,CAAATCTAGTGTCAAGCATA,0,589459
araCp,0.06666666666666667,14,14,CAAAAAATAGGGCTATAGGT,0,593203
araCp,0.06666666666666667,14,14,ATTTCGACACGATCGCTTTG,0,538579
araCp,0.06666666666666667,14,14,ATTTCGAACTGAACAGCCGG,0,591521
araCp,0.06666666666666667,14,14,ATTGCCCAATGTATCTTAGT,0,526372
araCp,0.06666666666666667,14,14,ATTGCCAGGCTGAGTAAGCG,0,546542
araCp,0.06666666666666667,14,14,ATTAGCATACAGACGTTAAT,0,594752
araCp,0.06666666666666667,14,14,ATGTATCTACCTCGAAGATA,0,538795
araCp,0.06666666666666667,14,14,ATGTAGACCCAGGGCCGCTC,0,557870
araCp,0.06666666666666667,14,14,ATCGTGTTTTATTGGTACTG,0,533540
araCp,0.06666666666666667,14,14,ATCCGAGACAATCTGGTAAT,0,584921
araCp,0.06666666666666667,14,14,ATCCCCTCTCAAGAGGAGGT,0,538836
araCp,0.06666666666666667,14,14,ATATATTAAACCGTACGTAT,0,527522
araCp,0.06666666666666667,14,14,ATAGACGATGATTCTCTCTG,0,568341
araCp,0.06666666666666667,14,14,ATAATTTTCTATTAGATCAA,0,541747
araCp,0.06666666666666667,14,14,ATAAATATACAAAAGGATAC,0,555603
araCp,0.06666666666666667,14,14,ATAAAAAAGGGTATCGGCAA,0,583569
araCp,0.06666666666666667,14,14,AGTGCCGGGTTCCGTACGGC,0,539701
araCp,0.06666666666666667,14,14,AGTCTGACTTTGTTGTCACC,0,575524
araCp,0.06666666666666667,14,14,AGGTCGTGCCGTTTGTTCAG,0,543864
araCp,0.06666666666666667,14,14,AGGGGGGAGCCGGCATACAT,0,546235
araCp,0.06666666666666667,14,14,AGGCGGCATACGATGTTCTT,0,558136
araCp,0.06666666666666667,14,14,AGGCGGAACTGATAAAGTAT,0,543210
araCp,0.06666666666666667,14,14,AGCTACCCAGCTTACCGATT,0,552516
araCp,0.06666666666666667,14,14,AGCGCTACAAGCTTGGCAGG,0,577258
araCp,0.06666666666666667,14,14,AGCAGTGTAGATTCCGGGGT,0,594140
araCp,0.06666666666666667,14,14,AGATCGGCACGATGGCACTG,0,572367
araCp,0.06666666666666667,14,14,AGAGTTAGGCCTTGTGCCTA,0,591949
araCp,0.06666666666666667,14,14,AGAATTTCCCTCCCGGGCGG,0,540535
araCp,0.06666666666666667,14,14,ACTTGCACCAAGGGCACCAT,0,547764
araCp,0.06666666666666667,14,14,ACTAGAATGAAGAAAATGGT,0,535789
araCp,0.06666666666666667,14,14,ACTAATATGCTCATCACGGG,0,561028
araCp,0.06666666666666667,14,14,ACGGCGTTTTTTTTAGCGTA,0,569706
araCp,0.06666666666666667,14,14,ACCTGTTTGAGCCAAACGTT,0,594337
araCp,0.06666666666666667,14,14,ACCTACAGAAGAGGAGGATT,0,584257
araCp,0.06666666666666667,14,14,ACATCCTGTAGGAACTCTAA,0,571546
araCp,0.06666666666666667,14,14,ACAGCCGTAGCGTCAACGGT,0,584087
araCp,0.06666666666666667,14,14,ACACTAAATAGAGCTGTCAT,0,586587
araCp,0.06666666666666667,14,14,ACACCCATAATGCGTAAGAG,0,601647
araCp,0.06666666666666667,14,14,AATTCATGATGCCTATCGGT,0,578816
araCp,0.06666666666666667,14,14,AATTCACAGCCTCTGCGATA,0,533210
araCp,0.06666666666666667,14,14,AATGCAATTGTTGAAGACCC,0,552623
araCp,0.06666666666666667,14,14,AAGTCGGATTGCGGTACCCA,0,565575
araCp,0.06666666666666667,14,14,AAGAGAAGGCCGTATTTTAC,0,597211
araCp,0.06666666666666667,14,14,AACGCGACGACTTGATACGG,0,566065
araCp,0.06666666666666667,14,14,AACGCCAAATACCATTGATA,0,560837
araCp,0.06666666666666667,14,14,AAATTTTCCCTCGAAAAGTG,0,597623
araCp,0.06666666666666667,14,14,AAATACCCCGGGCAACCACT,0,532357
araCp,0.06666666666666667,14,14,AAAGGCATGAATTGAATATG,0,532546
araCp,0.06666666666666667,14,14,AAACTATTGCCTGGGCAATT,0,550733
araCp,0.06666666666666667,14,14,AAACAGGGGTGACACGGCTT,0,585302
araCp,0.06666666666666667,14,14,AAAAATTGGCTAACGTATAG,0,551667
araCp,0.07142857142857142,13,13,TTTTGCACGGTTCGTTTCTA,0,563135
araCp,0.07142857142857142,13,13,TTTCTTCACTGTGTGACGGG,0,596105
araCp,0.07142857142857142,13,13,TTGTTGGATACTTGTAGATA,0,583772
araCp,0.07142857142857142,13,13,TTGGGGACCGTTTCGTTTGA,0,574740
araCp,0.07142857142857142,13,13,TTGATTGATTTGATTTACGT,0,586569
araCp,0.07142857142857142,13,13,TTCATATCAAAGCCTCTTAT,0,591692
araCp,0.07142857142857142,13,13,TTCACACTCGGCATACTGCT,0,583328
araCp,0.07142857142857142,13,13,TTACGCTGGCTCGGGTTTTG,0,538427
araCp,0.07142857142857142,13,13,TTACCGGACCTGTACTTGAA,0,534162
araCp,0.07142857142857142,13,13,TTAACTCAGAGACGGAACGG,0,551520
araCp,0.07142857142857142,13,13,TTAACCAGCCTAATCCGTAG,0,581734
araCp,0.07142857142857142,13,13,TGTTCCATATAGTAAATCTT,0,546118
araCp,0.07142857142857142,13,13,TGTGTCTAGGCATTCTGGTT,0,533873
araCp,0.07142857142857142,13,13,TGTCCAGAGTCATATTCCCG,0,584461
araCp,0.07142857142857142,13,13,TGGTTGGGGTCCGGACCGCT,0,564062
araCp,0.07142857142857142,13,13,TGGTGAACGGGGCGGCTCTC,0,551966
araCp,0.07142857142857142,13,13,TGGTCTAGATTGCACGTCTA,0,585298
araCp,0.07142857142857142,13,13,TGGGCTAACCGCCAATTGCG,0,577930
araCp,0.07142857142857142,13,13,TGGGCAACGCCATGAAGCAA,0,526569
araCp,0.07142857142857142,13,13,TGGGAGCCGCATGAGCCTGA,0,549058
araCp,0.07142857142857142,13,13,TGGGAAAAGATACGTTAATC,0,528733
araCp,0.07142857142857142,13,13,TGGAGTCTTATGGGAGGGGT,0,546253
araCp,0.07142857142857142,13,13,TGCGATAGCAGGAGTAATCT,0,529410
araCp,0.07142857142857142,13,13,TGCATGTGGCGTGTATTTAC,0,566570
araCp,0.07142857142857142,13,13,TGCAATACATCGATCTTGCG,0,559614
araCp,0.07142857142857142,13,13,TGACGTTCTCCCCCAGTCAT,0,573062
araCp,0.07142857142857142,13,13,TCTATCAAGATGACCCAGCC,0,549899
araCp,0.07142857142857142,13,13,TCGGCGACCGCATCGTTTAA,0,555633
araCp,0.07142857142857142,13,13,TCGGACGCATAACTCCTAAT,0,538365
araCp,0.07142857142857142,13,13,TCGCCCGGTGGCAACAAGGT,0,573024
araCp,0.07142857142857142,13,13,TCGCAGTGTAAACCGGGCAT,0,567801
araCp,0.07142857142857142,13,13,TCGAGTCCTATGAGACTATA,0,545324
araCp,0.07142857142857142,13,13,TCCCAACGGTAGCCAACGGT,0,550934
araCp,0.07142857142857142,13,13,TCCAGCAATGATTGATAGTT,0,564483
araCp,0.07142857142857142,13,13,TCCAAGACAACGGGATAGGG,0,601491
araCp,0.07142857142857142,13,13,TCATCTCCTGTCACGGGGGA,0,560508
araCp,0.07142857142857142,13,13,TCACTAAGCCCTTACGTGTG,0,557701
araCp,0.07142857142857142,13,13,TCACGGATCCTTGCAAGAAT,0,544563
araCp,0.07142857142857142,13,13,TCACACGACGGCAATATACG,0,573446
araCp,0.07142857142857142,13,13,TCAATGGAAGGCAGTATGAA,0,537703
araCp,0.07142857142857142,13,13,TATTGTGGCATACCAGCCCA,0,580676
araCp,0.07142857142857142,13,13,TATTAGGGGATGCTCAGTCG,0,580690
araCp,0.07142857142857142,13,13,TATGCCCACTCCTGGGCCAT,0,579739
araCp,0.07142857142857142,13,13,TATCATGTGGTAGGACTTAA,0,601240
araCp,0.07142857142857142,13,13,TAGTCATCCCCACTCACGAT,0,574092
araCp,0.07142857142857142,13,13,TAGGCTATCCTACATCGGGG,0,547612
araCp,0.07142857142857142,13,13,TACTGCCGGTCGAGAAATTA,0,537563
araCp,0.07142857142857142,13,13,TACGTACGTGGACATGCGAT,0,546737
araCp,0.07142857142857142,13,13,TACGATCATTCAGGAGTCCA,0,583620
araCp,0.07142857142857142,13,13,TACCCACGTGGGCTCATACG,0,590887
araCp,0.07142857142857142,13,13,TACCATCCATGTGGTGTTGT,0,602311
araCp,0.07142857142857142,13,13,TAAGGTCGTAGCTACCGAAG,0,558551
araCp,0.07142857142857142,13,13,TAAGCTCTACTCCTTTTGTA,0,593438
araCp,0.07142857142857142,13,13,TAAAGTGTACTTAGCTACAA,0,529633
araCp,0.07142857142857142,13,13,GTTTTCTAACGGCGGTGGTC,0,539436
araCp,0.07142857142857142,13,13,GTTTGGTCAACCGGGCAGCA,0,585906
araCp,0.07142857142857142,13,13,GTTTATCGCAGGCCGCATAC,0,541808
araCp,0.07142857142857142,13,13,GTTGGGAAGGGATTTTCATG,0,592919
araCp,0.07142857142857142,13,13,GTTATTTTACATGTGTTAGA,0,588854
araCp,0.07142857142857142,13,13,GTTACCTCTCGGGTAGCACA,0,563396
araCp,0.07142857142857142,13,13,GTGTTTAGCGTACGATAGCG,0,556051
araCp,0.07142857142857142,13,13,GTGACCGGCGGAAGCATGGA,0,571835
araCp,0.07142857142857142,13,13,GTCTTGCAGAGAGAGAGTAC,0,549404
araCp,0.07142857142857142,13,13,GTAATCTTCCGGCGGTAATA,0,544702
araCp,0.07142857142857142,13,13,GTAAGCACGGTAGGAAGCGC,0,568004
araCp,0.07142857142857142,13,13,GGTGGGAGCAAATGTGCATG,0,570245
araCp,0.07142857142857142,13,13,GGTCGGCATTGTCGCATATG,0,542163
araCp,0.07142857142857142,13,13,GGTACGTTTGAATCTCGCAG,0,558648
araCp,0.07142857142857142,13,13,GGGTCTATACTACTGGTCTT,0,575180
araCp,0.07142857142857142,13,13,GGGGAGGACGGGACAATGCC,0,581848
araCp,0.07142857142857142,13,13,GGCGACGATTACACCATGGA,0,603046
araCp,0.07142857142857142,13,13,GGATGCCAGTTTCACAGGAG,0,556421
araCp,0.07142857142857142,13,13,GGAGTTTCACAAACCCGGGA,0,564889
araCp,0.07142857142857142,13,13,GGAGGCTAGTTCCGACATAT,0,556983
araCp,0.07142857142857142,13,13,GGAATGATCCGGGATCGGTC,0,562050
araCp,0.07142857142857142,13,13,GGAAAGTCAGCTATGGCCCC,0,581269
araCp,0.07142857142857142,13,13,GCTCTCATGTCTCCAGCTTG,0,547876
araCp,0.07142857142857142,13,13,GCTAGAGAAAAAAAGCGCCA,0,559225
araCp,0.07142857142857142,13,13,GCGTTATTGAACCATTGCAA,0,564957
araCp,0.07142857142857142,13,13,GCGGATGAAGATATGGGCAT,0,597027
araCp,0.07142857142857142,13,13,GCCTATCATTAGCGGGATCA,0,549814
araCp,0.07142857142857142,13,13,GCCGTCAAAGAGGCACGACT,0,547558
araCp,0.07142857142857142,13,13,GCCGCGCGAGGGGTCCTCGC,0,603200
araCp,0.07142857142857142,13,13,GCCGCACGTCGGTTATGCAT,0,554936
araCp,0.07142857142857142,13,13,GCACCTATCGGTCCAAGAAC,0,594896
araCp,0.07142857142857142,13,13,GCAAAATATGATCGTTCGAG,0,600439
araCp,0.07142857142857142,13,13,GATTTTTCCCGTAACAATAT,0,597540
araCp,0.07142857142857142,13,13,GATGCTAGATTCGAGTGGGC,0,564065
araCp,0.07142857142857142,13,13,GAGTCATTGGAGTGTAATTA,0,590289
araCp,0.07142857142857142,13,13,GAGGGATTTGTAGCTTAGAT,0,572483
araCp,0.07142857142857142,13,13,GAGGCCAAAGACTGAATTGG,0,559554
araCp,0.07142857142857142,13,13,GAGCAGAGAGGAGCTGCAGT,0,595147
araCp,0.07142857142857142,13,13,GAGATGCATTGACGGCGCGG,0,569176
araCp,0.07142857142857142,13,13,GAAGGGGGAACAGTTTTCAG,0,583707
araCp,0.07142857142857142,13,13,GAAGGCTTCAACGCTGGGTC,0,573725
araCp,0.07142857142857142,13,13,GAACAGAGGTCTGAATTAAT,0,536764
araCp,0.07142857142857142,13,13,CTTGACGTATTTATTGTGCA,0,530407
araCp,0.07142857142857142,13,13,CTTAATATTGATACACTGCC,0,580573
araCp,0.07142857142857142,13,13,CTGTGATCCTAGTATGGCAT,0,550036
araCp,0.07142857142857142,13,13,CTGGGTCGTTGCCTTGGGGG,0,576982
araCp,0.07142857142857142,13,13,CTGGCATGATACGCTACACA,0,536845
araCp,0.07142857142857142,13,13,CTGCCAACGGATTCGGCATA,0,564857
araCp,0.07142857142857142,13,13,CTGAACGGTTCAAACTCGTG,0,597109
araCp,0.07142857142857142,13,13,CTCTTCCGCGTTAGCAGTGT,0,534236
araCp,0.07142857142857142,13,13,CTCTATACTGTTGCTCGAAG,0,568627
araCp,0.07142857142857142,13,13,CTATGATCTAGATTAAAGGT,0,591747
araCp,0.07142857142857142,13,13,CTAGGGGGAGCCGTTGTACA,0,532045
araCp,0.07142857142857142,13,13,CTAGATGCCACCTCGCACAA,0,596771
araCp,0.07142857142857142,13,13,CGTTGCACTACGGCTGTGTG,0,529805
araCp,0.07142857142857142,13,13,CGTTAATTCGAGGCCCCATT,0,539371
araCp,0.07142857142857142,13,13,CGTCTTCATTAGGATGACCG,0,578446
araCp,0.07142857142857142,13,13,CGGTTGCACACTCCATCGTC,0,535035
araCp,0.07142857142857142,13,13,CGGTCAGCGCCCAGAATCTC,0,540642
araCp,0.07142857142857142,13,13,CGGGTTGTCTACCGCTGTAC,0,600776
araCp,0.07142857142857142,13,13,CGGGCATTGTCTTACTGTCA,0,528574
araCp,0.07142857142857142,13,13,CGGCTTCGTTGGGGATTCAG,0,527536
araCp,0.07142857142857142,13,13,CGGCTGCAGCGGTGCCGCTA,0,532920
araCp,0.07142857142857142,13,13,CGCTGTGGCACGTGAAACTT,0,589763
araCp,0.07142857142857142,13,13,CGCGGTTTTTAACTGTATAG,0,552990
araCp,0.07142857142857142,13,13,CGCGGGCTGATCTGACGGAA,0,547022
araCp,0.07142857142857142,13,13,CGCGCTCGGGAATATTGCAG,0,548894
araCp,0.07142857142857142,13,13,CGATTGGTATGGGTCTCAGT,0,578019
araCp,0.07142857142857142,13,13,CGATCCGTGCAAGTTCGTAC,0,529547
araCp,0.07142857142857142,13,13,CGAGTACGCGTTCGCACGTT,0,539202
araCp,0.07142857142857142,13,13,CGAGCGCTATGAATTGCGTA,0,573316
araCp,0.07142857142857142,13,13,CGACTTGGTGCGTTCTGTGA,0,539415
araCp,0.07142857142857142,13,13,CGAATACGTTCATTTTGTGT,0,576042
araCp,0.07142857142857142,13,13,CGAAATGACCAAGATGATGA,0,538244
araCp,0.07142857142857142,13,13,CCTTTATGGTCATCGTCCTG,0,563903
araCp,0.07142857142857142,13,13,CCTTGAATAGCCGAGATGAT,0,548293
araCp,0.07142857142857142,13,13,CCTCTCGGTGGCTACCATTA,0,541732
araCp,0.07142857142857142,13,13,CCTCACTAGGATATTTCTGT,0,530297
araCp,0.07142857142857142,13,13,CCTATGACGTATCAAAACGA,0,601116
araCp,0.07142857142857142,13,13,CCGGGCTATATTTCGAGGGA,0,539382
araCp,0.07142857142857142,13,13,CCGCCCTATATATGTATGAT,0,577788
araCp,0.07142857142857142,13,13,CCGATCTCTCTTAAGATCCA,0,581730
araCp,0.07142857142857142,13,13,CCGACAAGGGCAGCCGTTGC,0,530002
araCp,0.07142857142857142,13,13,CCCGGGCAGATTGGTAGTGT,0,583867
araCp,0.07142857142857142,13,13,CCCATGGATAAATATCAGAA,0,569710
araCp,0.07142857142857142,13,13,CCATATGGGACTCCGACCGG,0,541993
araCp,0.07142857142857142,13,13,CCAAGTTAAACCGAGAGAAA,0,544999
araCp,0.07142857142857142,13,13,CATTAGTGACTGTCCCGCTA,0,591165
araCp,0.07142857142857142,13,13,CATCCATTGGCCCGATACTT,0,578603
araCp,0.07142857142857142,13,13,CATATCATGGCACGTCATAT,0,529118
araCp,0.07142857142857142,13,13,CACTGACCCATGCGGCACTC,0,561004
araCp,0.07142857142857142,13,13,CACGTGCTGTGAATTCAGAG,0,563200
araCp,0.07142857142857142,13,13,CACAGCCTGGCCCACGAGGC,0,558439
araCp,0.07142857142857142,13,13,CAACTGAACAGATCCCGTTT,0,574037
araCp,0.07142857142857142,13,13,CAAAATGGTAGATATGCACG,0,578221
araCp,0.07142857142857142,13,13,ATTGCGTTCGCAGTTAGTTC,0,573324
araCp,0.07142857142857142,13,13,ATTGATAAGAACCGACAGTA,0,555157
araCp,0.07142857142857142,13,13,ATTCTCTCAGACGAACTATA,0,585513
araCp,0.07142857142857142,13,13,ATTCGAGAAGAGTACACTCT,0,564863
araCp,0.07142857142857142,13,13,ATTCCTGGGAGAGACTACGA,0,551321
araCp,0.07142857142857142,13,13,ATTCAGCCCGGGGATTTAGT,0,567481
araCp,0.07142857142857142,13,13,ATGGGTTTTAACCCAGGCTC,0,526050
araCp,0.07142857142857142,13,13,ATGCCCCAGATCCTCGAGAT,0,552266
araCp,0.07142857142857142,13,13,ATGACTCCGGGGATTTATAT,0,570206
araCp,0.07142857142857142,13,13,ATCGGTTACGTGAGACTGTC,0,566719
araCp,0.07142857142857142,13,13,ATCGGGCTTCTATGGGTTCA,0,527242
araCp,0.07142857142857142,13,13,ATCGCAGCTCGCACAGGCGG,0,552204
araCp,0.07142857142857142,13,13,ATCCAACGGCCGGGTGTATA,0,574687
araCp,0.07142857142857142,13,13,ATCATCAGTGCGTCAGGAAA,0,595783
araCp,0.07142857142857142,13,13,ATCAGATCGCGTAGTCAGGT,0,555829
araCp,0.07142857142857142,13,13,ATAGAGTCCCTTTACCTCAG,0,552532
araCp,0.07142857142857142,13,13,ATACGGTGTGTTTTGCAGAT,0,553296
araCp,0.07142857142857142,13,13,AGTGCTCGGGTCTGGCATAT,0,531762
araCp,0.07142857142857142,13,13,AGTCTAGTACCAGACGGCTT,0,548956
araCp,0.07142857142857142,13,13,AGTCAACCGCGCCCGTTGTG,0,538793
araCp,0.07142857142857142,13,13,AGGGTTCCGTGGGACTGGGG,0,539493
araCp,0.07142857142857142,13,13,AGCTTACGGTAGTTCTGTTC,0,542838
araCp,0.07142857142857142,13,13,AGCCCTAAGTATTTGGTGGT,0,566494
araCp,0.07142857142857142,13,13,AGCACAGGCGGCACCAAGCG,0,600329
araCp,0.07142857142857142,13,13,AGCAAAAGCCGGAGTTATTG,0,598771
araCp,0.07142857142857142,13,13,AGATCTACATTCCCTTATGT,0,562645
araCp,0.07142857142857142,13,13,AGAGGTTGAACAATCTAAGT,0,537434
araCp,0.07142857142857142,13,13,AGACGTTCTGTTCCTATCCT,0,562174
araCp,0.07142857142857142,13,13,AGACCATCCATTCGCGTGAA,0,538095
araCp,0.07142857142857142,13,13,AGAATTCGCGTACTTATGTT,0,530788
araCp,0.07142857142857142,13,13,ACTTTGCTTGTGCACCGACA,0,556034
araCp,0.07142857142857142,13,13,ACTTGCATTACGGAGTGCAA,0,530790
araCp,0.07142857142857142,13,13,ACTTCCGCGGAATTTTAATA,0,525552
araCp,0.07142857142857142,13,13,ACTTCAGGCTGCGCATTTGT,0,527291
araCp,0.07142857142857142,13,13,ACTAACTCAGCGGAGACGCC,0,531533
araCp,0.07142857142857142,13,13,ACGTTGTGTCAGTATCACCA,0,567723
araCp,0.07142857142857142,13,13,ACGTGATTGGCGCGCTCAGA,0,561165
araCp,0.07142857142857142,13,13,ACGCCAGTTGACCGGTTTTT,0,583295
araCp,0.07142857142857142,13,13,ACGCCAATCAGTACTGGCGC,0,591442
araCp,0.07142857142857142,13,13,ACGACTGCGGAGGATCGGGT,0,554881
araCp,0.07142857142857142,13,13,ACCTGATGTATGAGGGAGCA,0,600054
araCp,0.07142857142857142,13,13,ACCTAAGGCAATTATCCAGA,0,595654
araCp,0.07142857142857142,13,13,ACCGAGGATCGATTTCGTGT,0,550884
araCp,0.07142857142857142,13,13,ACCCACCGCGGAATCTTAGT,0,590086
araCp,0.07142857142857142,13,13,ACCAGACGTAGTGAGTTTAC,0,560531
araCp,0.07142857142857142,13,13,ACATCCTAATATAGGAGCCA,0,572799
araCp,0.07142857142857142,13,13,ACACGGCACAGCTGTGTCTA,0,593600
araCp,0.07142857142857142,13,13,AATTCACTAAGGCTGGCGAG,0,572317
araCp,0.07142857142857142,13,13,AATGTAATTGTTGCTAGCTG,0,544142
araCp,0.07142857142857142,13,13,AATGGTCTGTGGTCACTAGA,0,547058
araCp,0.07142857142857142,13,13,AATGAGTCTGAATAATCTCG,0,600074
araCp,0.07142857142857142,13,13,AATCGTGATTCCAGTACAAG,0,568288
araCp,0.07142857142857142,13,13,AAGTGACCGGTTCACAACCT,0,551870
araCp,0.07142857142857142,13,13,AAGGGCGTATCGCGTAGCTG,0,535413
araCp,0.07142857142857142,13,13,AAGAATGGTACAAATGGGAG,0,552006
araCp,0.07142857142857142,13,13,AACGGATATAGTAGGATTGT,0,541892
araCp,0.07142857142857142,13,13,AACCTGACGAGAAAAGATTT,0,536489
araCp,0.07142857142857142,13,13,AAAGGGGTGTCAGTTGGGCG,0,544550
araCp,0.07142857142857142,13,13,AAACGTCGCTGGTTTAGCGT,0,602459
araCp,0.07142857142857142,13,13,AAAAGGAGTAATGATTCCAA,0,551451
araCp,0.07142857142857142,13,13,AAAACTCATCTAGCCGCTGG,0,552968
araCp,0.07692307692307693,12,12,TTTCGCGGAGTTACTTACAG,0,602304
araCp,0.07692307692307693,12,12,TTTCATAGATCTAGAGGGCT,0,528164
araCp,0.07692307692307693,12,12,TTTATTTACCACGTTTACCA,0,526737
araCp,0.07692307692307693,12,12,TTTACGCCGAAGTCTGGGAT,0,574327
araCp,0.07692307692307693,12,12,TTGTCGGCTTAATCGCAATT,0,570399
araCp,0.07692307692307693,12,12,TTGGGTGATCGCCTTGTTGG,0,567069
araCp,0.07692307692307693,12,12,TTGGACATCACGGATTCTCG,0,527689
araCp,0.07692307692307693,12,12,TTGCGGGCACCAGAATTCAA,0,572278
araCp,0.07692307692307693,12,12,TTGCCGGCAAGCGCGTTATC,0,599615
araCp,0.07692307692307693,12,12,TTGATTCAATAACCTAAGAG,0,589125
araCp,0.07692307692307693,12,12,TTGATGTCCAAAATACCGTC,0,540627
araCp,0.07692307692307693,12,12,TTGAGACCTCTAAAGTCAAC,0,574204
araCp,0.07692307692307693,12,12,TTGACCCGTTAGCTTCAGCT,0,535294
araCp,0.07692307692307693,12,12,TTCGCTTCCTGATCCCGTCA,0,546184
araCp,0.07692307692307693,12,12,TTCCGCAGAAGGCTTCTCTG,0,568865
araCp,0.07692307692307693,12,12,TTCCCTTGGGATGGCCTATT,0,546625
araCp,0.07692307692307693,12,12,TTAGTATCAATCCCCAACGA,0,549286
araCp,0.07692307692307693,12,12,TTAACTGTTAGCATCGGCTC,0,571869
araCp,0.07692307692307693,12,12,TTAAATGAAGCGAGCAAAAG,0,582184
araCp,0.07692307692307693,12,12,TGTTTGGGTTGTAGTGGGTG,0,568220
araCp,0.07692307692307693,12,12,TGTTACTGGATCATGTGACT,0,572666
araCp,0.07692307692307693,12,12,TGTGCAACTGCTCATGCTAT,0,584089
araCp,0.07692307692307693,12,12,TGTCCGGGGCCTTGATCCTG,0,587105
araCp,0.07692307692307693,12,12,TGGGGAGACGCGGGCACTCT,0,571493
araCp,0.07692307692307693,12,12,TGGGAGGGCTTATGTACCAA,0,562326
araCp,0.07692307692307693,12,12,TGGACGCGTGCGGAGAAAAT,0,590011
araCp,0.07692307692307693,12,12,TGGACGACAAGAGTCAGGCC,0,547021
araCp,0.07692307692307693,12,12,TGCTTAAGTGTTTAGGGTGG,0,546236
araCp,0.07692307692307693,12,12,TGCTCCAAGGTTCGTCGGCA,0,542954
araCp,0.07692307692307693,12,12,TGCTAATTCGAGACCACGCT,0,576705
araCp,0.07692307692307693,12,12,TGCGTACGCAGGTACAACGT,0,553540
araCp,0.07692307692307693,12,12,TGCGAACGTACTACCACACT,0,527200
araCp,0.07692307692307693,12,12,TGCATTATAGACCTCAAGAA,0,579628
araCp,0.07692307692307693,12,12,TGATGGGTTACACAATCAAC,0,561893
araCp,0.07692307692307693,12,12,TGATGCGAACTCGTGCCTAG,0,525748
araCp,0.07692307692307693,12,12,TGAGGAGCAAGACGCGTAAG,0,591813
araCp,0.07692307692307693,12,12,TGAGAAACCCTCAAAGCGGC,0,550427
araCp,0.07692307692307693,12,12,TGAAACATACGACGCAACCA,0,559621
araCp,0.07692307692307693,12,12,TCTTTTGGTATATACAGGGG,0,546793
araCp,0.07692307692307693,12,12,TCTTCATTGCTAGGAGCAAA,0,535487
araCp,0.07692307692307693,12,12,TCTTATTGAATTCGTCCGAC,0,584360
araCp,0.07692307692307693,12,12,TCTGTTATCATTCCAGTCCT,0,588655
araCp,0.07692307692307693,12,12,TCTGCGGTGCTTGCTATGAC,0,582792
araCp,0.07692307692307693,12,12,TCTCAAATTCGTTGTTATTA,0,581573
araCp,0.07692307692307693,12,12,TCGTAATACTCCTGCGTGCA,0,566935
araCp,0.07692307692307693,12,12,TCGGTGTCACCGAGTTATCG,0,598204
araCp,0.07692307692307693,12,12,TCGCCTATCACGATCGGCAT,0,551871
araCp,0.07692307692307693,12,12,TCCGGCTTTGGCATCATCGT,0,568223
araCp,0.07692307692307693,12,12,TCCCGAGTAACATTTCATCC,0,566951
araCp,0.07692307692307693,12,12,TCCCCCAGAGAGATAGGTCC,0,545444
araCp,0.07692307692307693,12,12,TCCCAGGTAGGCCCAGGCCC,0,580647
araCp,0.07692307692307693,12,12,TCCAGTTAAATCAGGGTCCT,0,582958
araCp,0.07692307692307693,12,12,TCCACTCCTTCACTGTAGAT,0,593839
araCp,0.07692307692307693,12,12,TCCACCCGAGTTAGCTTCAG,0,574789
araCp,0.07692307692307693,12,12,TCCAAGTACCGGTATGGAAG,0,579011
araCp,0.07692307692307693,12,12,TCATACGGAATTTGGAACTT,0,552457
araCp,0.07692307692307693,12,12,TCACGCGCGTTAAACAGGGA,0,550929
araCp,0.07692307692307693,12,12,TCACCACACGTTGGCCGTTT,0,552452
araCp,0.07692307692307693,12,12,TATTTCCCCCGGCGGCTCTC,0,568598
araCp,0.07692307692307693,12,12,TATGTCACCTCGTATCCCTG,0,565423
araCp,0.07692307692307693,12,12,TAGCAAGGTTCCTTGGTACG,0,590645
araCp,0.07692307692307693,12,12,TAGATTAGAGGCCCGTATAT,0,541610
araCp,0.07692307692307693,12,12,TACTTGTCCGATCGCCGGAA,0,560067
araCp,0.07692307692307693,12,12,TACTATACCAGCTCTGGATT,0,590618
araCp,0.07692307692307693,12,12,TACCGCAGTCAGCTACAGAA,0,583466
araCp,0.07692307692307693,12,12,TACATCGCTGTAATCGGAAC,0,591161
araCp,0.07692307692307693,12,12,TACATCCAGTGCTATGCGGC,0,593861
araCp,0.07692307692307693,12,12,TACAGCAGACAGACGTGACC,0,539670
araCp,0.07692307692307693,12,12,TAATTCTGATAGGCCGAGAC,0,585377
araCp,0.07692307692307693,12,12,TAACTATAATCGACTACAGA,0,536396
araCp,0.07692307692307693,12,12,TAACGGAAGTTTTATAGGTT,0,550864
araCp,0.07692307692307693,12,12,GTTCACCAAAGTTCCACACG,0,535304
araCp,0.07692307692307693,12,12,GTTACAGATACGGTCGCTAG,0,538927
araCp,0.07692307692307693,12,12,GTGTGTGTCCACAGACAAAA,0,577939
araCp,0.07692307692307693,12,12,GTGGTTAGAATGCGAAGCTT,0,558922
araCp,0.07692307692307693,12,12,GTGGCTAGTACGGCTCGGAT,0,585826
araCp,0.07692307692307693,12,12,GTGGCTACGGGGAAGAGGCA,0,571170
araCp,0.07692307692307693,12,12,GTGGCAACTCCAGGCTTGAA,0,584153
araCp,0.07692307692307693,12,12,GTGCTCATAGGAAGGCTCGA,0,596307
araCp,0.07692307692307693,12,12,GTGCTCATAAGACAGTTGAT,0,584682
araCp,0.07692307692307693,12,12,GTGACGCGGAACAGTTTGCT,0,539748
araCp,0.07692307692307693,12,12,GTCATATTTACCGGCAACCG,0,569219
araCp,0.07692307692307693,12,12,GTCAAAGTAATTTTCCCCTA,0,526603
araCp,0.07692307692307693,12,12,GTATGTCATACGCACCACGC,0,598424
araCp,0.07692307692307693,12,12,GTATCATAATCGTCGCTGGA,0,591446
araCp,0.07692307692307693,12,12,GTAGGTTAACGTTCAATGGC,0,541946
araCp,0.07692307692307693,12,12,GGTTAGCTGGTTCAAACAAC,0,559655
araCp,0.07692307692307693,12,12,GGTACGCCTCTGAAGGAGAT,0,573005
araCp,0.07692307692307693,12,12,GGGTGGTTCTAGGCATGTGG,0,591011
araCp,0.07692307692307693,12,12,GGGTGGCCATTTTCGTCGCC,0,531644
araCp,0.07692307692307693,12,12,GGGGATCTGAACTCGTTTAC,0,561082
araCp,0.07692307692307693,12,12,GGGCTGTCAAATCATCGAGA,0,556591
araCp,0.07692307692307693,12,12,GGGCTCGACACGGGCCTTTC,0,540109
araCp,0.07692307692307693,12,12,GGGCGAATTTCCAGGCGCTG,0,534399
araCp,0.07692307692307693,12,12,GGCGTGTCGCGCCGCCAGGG,0,556542
araCp,0.07692307692307693,12,12,GGCGTGAGAAATCCCATTGT,0,528154
araCp,0.07692307692307693,12,12,GGCGACGCTCGCCCCGATGA,0,569654
araCp,0.07692307692307693,12,12,GGCCGACAGTGAGGCGGGAT,0,600286
araCp,0.07692307692307693,12,12,GGCCAGGGTATGCCTTTTAA,0,537480
araCp,0.07692307692307693,12,12,GGCAGGCATGAGCTGGTGCA,0,602046
araCp,0.07692307692307693,12,12,GGACGCCTGGTGTCAGGGTC,0,553607
araCp,0.07692307692307693,12,12,GGACAGATGAAAAGTTTTGC,0,545904
araCp,0.07692307692307693,12,12,GGAAGGCCGGAAACAGTAAC,0,598880
araCp,0.07692307692307693,12,12,GGAAATGAAGCCTCATACGG,0,533442
araCp,0.07692307692307693,12,12,GCTTAGAGCAAATACTACAA,0,575044
araCp,0.07692307692307693,12,12,GCTGTATGTCCTGGATGCAA,0,581943
araCp,0.07692307692307693,12,12,GCTGGGCATCACAGGATTCC,0,548960
araCp,0.07692307692307693,12,12,GCTCCCGAGCGCCCGCCCAA,0,569301
araCp,0.07692307692307693,12,12,GCGTGTAGGGATAAAGGGGA,0,542191
araCp,0.07692307692307693,12,12,GCGGCCCCTTGGTATTGTAG,0,557975
araCp,0.07692307692307693,12,12,GCGCCTCGGCGATTGAAGGT,0,585156
araCp,0.07692307692307693,12,12,GCGCAATCGCTGTGTATTTT,0,541793
araCp,0.07692307692307693,12,12,GCGAGCAGTGGGACACTATA,0,593757
araCp,0.07692307692307693,12,12,GCCTTCTTTACTCGCCAATG,0,580021
araCp,0.07692307692307693,12,12,GCCTCGAAGCACGCGTGATT,0,570133
araCp,0.07692307692307693,12,12,GCCCTTATACTACTTTTAGC,0,528188
araCp,0.07692307692307693,12,12,GCCCGCTTGGGTACGAAGTT,0,568187
araCp,0.07692307692307693,12,12,GCCATAGGTTCACGTAAATA,0,531132
araCp,0.07692307692307693,12,12,GCATCGATCCGGATGCCTTA,0,567270
araCp,0.07692307692307693,12,12,GCACTGCGGGCTATCCTGCT,0,536840
araCp,0.07692307692307693,12,12,GCACAGCAGACTTGTTCGTT,0,541684
araCp,0.07692307692307693,12,12,GCAATGTAGTGAAGGTAGGT,0,530573
araCp,0.07692307692307693,12,12,GCAACCTTTACAATATTCGG,0,550941
araCp,0.07692307692307693,12,12,GATTAATCTCGATGGTATGT,0,547855
araCp,0.07692307692307693,12,12,GATGTCGGCAGGCGTAACAG,0,583200
araCp,0.07692307692307693,12,12,GATATGAGACGCGGGCGATA,0,559306
araCp,0.07692307692307693,12,12,GATATATTGTGTACAAAGTT,0,576566
araCp,0.07692307692307693,12,12,GAGTAAAATACCATGCTATT,0,552004
araCp,0.07692307692307693,12,12,GAGGTCGGGCTGGGCTCCAA,0,573021
araCp,0.07692307692307693,12,12,GAGGATAACGGGGTAAGGGA,0,551481
araCp,0.07692307692307693,12,12,GAGCGCCACGGTGTACCCCA,0,569581
araCp,0.07692307692307693,12,12,GAGCAGTTTCATGTGAGCTG,0,560623
araCp,0.07692307692307693,12,12,GACTCACGTACGACAACCTC,0,579538
araCp,0.07692307692307693,12,12,GACCAGACAAACAGGAGTTA,0,569851
araCp,0.07692307692307693,12,12,GACAGTCTATGACGTCACTC,0,574743
araCp,0.07692307692307693,12,12,GAAGCTATTGATCCAAATTG,0,535144
araCp,0.07692307692307693,12,12,GAAAGGCAGGCATCATCTGA,0,556605
araCp,0.07692307692307693,12,12,GAAAATCGAGCCTTGACACG,0,594828
araCp,0.07692307692307693,12,12,CTTTAGGGTTGTCCTAATCC,0,541006
araCp,0.07692307692307693,12,12,CTTGCTAACCTTCCAGTAGT,0,531693
araCp,0.07692307692307693,12,12,CTTGACGTAAGTGGCGGTGT,0,590782
araCp,0.07692307692307693,12,12,CTTCCGGGCTGTTCCATGGA,0,579162
araCp,0.07692307692307693,12,12,CTTATGGTTTATATTAAAAC,0,560501
araCp,0.07692307692307693,12,12,CTTACTTGACATGTATGGCT,0,603109
araCp,0.07692307692307693,12,12,CTTACACATCGACGTTCAGC,0,542975
araCp,0.07692307692307693,12,12,CTTACAAAATCTCCACGATC,0,592869
araCp,0.07692307692307693,12,12,CTGGTGTTCCGCACTGCGAG,0,598128
araCp,0.07692307692307693,12,12,CTGGACCCTAACCTGGCTAC,0,566048
araCp,0.07692307692307693,12,12,CTGCTTGGCTTCCTATATTT,0,575017
araCp,0.07692307692307693,12,12,CTGCGTGTTATCCATCATTG,0,592943
araCp,0.07692307692307693,12,12,CTGCCTTGGTTGTCTGGAGC,0,549767
araCp,0.07692307692307693,12,12,CTGAGCTTCGATCGCCTTAG,0,553283
araCp,0.07692307692307693,12,12,CTGACGGTCTTGGCCTGGTT,0,543008
araCp,0.07692307692307693,12,12,CTCGGTTTACTATAAGGGTT,0,593722
araCp,0.07692307692307693,12,12,CTCATCGAAGGTCCGCGTTA,0,603612
araCp,0.07692307692307693,12,12,CTATCCTGTATGTTGTCTTA,0,602377
araCp,0.07692307692307693,12,12,CTAGGTGCCCACGGTTTTGC,0,553186
araCp,0.07692307692307693,12,12,CTAGGCACACTGTGAAGTTT,0,594981
araCp,0.07692307692307693,12,12,CTAGCGACCAGTGGACGTTA,0,587723
araCp,0.07692307692307693,12,12,CTAGAATCAATTGATACTCT,0,530629
araCp,0.07692307692307693,12,12,CTAATCACTTTCCTGGTGGT,0,534665
araCp,0.07692307692307693,12,12,CGTTCCGTTCGTCCGCGCCA,0,588000
araCp,0.07692307692307693,12,12,CGTTAGAGTATGCTCAAATA,0,586950
araCp,0.07692307692307693,12,12,CGTGTAGAATACCACACCAG,0,586869
araCp,0.07692307692307693,12,12,CGTCCGGGACACTGCCCGGG,0,533270
araCp,0.07692307692307693,12,12,CGTACAAGGTAACCTAGGCA,0,565418
araCp,0.07692307692307693,12,12,CGGTGAATGTTGGTCCCCAC,0,566959
araCp,0.07692307692307693,12,12,CGGTGAAGACGCCATCAGTA,0,589027
araCp,0.07692307692307693,12,12,CGGGGGCGTCTCGCGCGAAG,0,532515
araCp,0.07692307692307693,12,12,CGGGGAGAAAAGTGTAAACT,0,526854
araCp,0.07692307692307693,12,12,CGGAATTTAAGGATTTGAAC,0,560579
araCp,0.07692307692307693,12,12,CGGAATTAACAGTTTGCCAG,0,536502
araCp,0.07692307692307693,12,12,CGCTTGTCAAGGGAATGGTT,0,542907
araCp,0.07692307692307693,12,12,CGCTAAGACCCCGACCGGCT,0,536792
araCp,0.07692307692307693,12,12,CGCGGGTATGTTCGGGCAGG,0,581765
araCp,0.07692307692307693,12,12,CGCGCTGCTAAGGTGTGATT,0,547790
araCp,0.07692307692307693,12,12,CGCGATCGGCTCAACCGGAA,0,556127
araCp,0.07692307692307693,12,12,CGCCTGTTATTAATTGCACC,0,552826
araCp,0.07692307692307693,12,12,CGCCGACATTGGGTACCTAT,0,568821
araCp,0.07692307692307693,12,12,CGCAAGTAACGGTAACCCAC,0,600980
araCp,0.07692307692307693,12,12,CGATTGGCTCACGTGTAAAT,0,555792
araCp,0.07692307692307693,12,12,CGATACCAACCGGGCCGCAA,0,597131
araCp,0.07692307692307693,12,12,CGAGCCGCGGTCATATCCGT,0,552614
araCp,0.07692307692307693,12,12,CGACCTTTAGGCGGTAATTG,0,548156
araCp,0.07692307692307693,12,12,CGACAAGACCCCTTCTCACT,0,559208
araCp,0.07692307692307693,12,12,CCTTTGTCGGAACCTACAAT,0,584978
araCp,0.07692307692307693,12,12,CCTGGACGTCGTTGACTTTG,0,567009
araCp,0.07692307692307693,12,12,CCTGCCATGCCAATGAGGTT,0,556854
araCp,0.07692307692307693,12,12,CCTGACGTCTATGACACGGC,0,559537
araCp,0.07692307692307693,12,12,CCTCATCTAGGTCTATAATC,0,592156
araCp,0.07692307692307693,12,12,CCTATTGGCGGAACAGTATC,0,559945
araCp,0.07692307692307693,12,12,CCTACCCTGGGCGCAGGTTA,0,596768
araCp,0.07692307692307693,12,12,CCGGCCAGCGTCACATCAAT,0,534154
araCp,0.07692307692307693,12,12,CCGCTTAAGATTTATACAAC,0,559264
araCp,0.07692307692307693,12,12,CCCTGGAGCATGAAGCGCGG,0,575562
araCp,0.07692307692307693,12,12,CCCACTTGCCGCCGACCTCA,0,542289
araCp,0.07692307692307693,12,12,CCAGCACTAGATCCCAGCGG,0,593485
araCp,0.07692307692307693,12,12,CCACTTACTAATATCGAGGG,0,601166
araCp,0.07692307692307693,12,12,CCACGTGGCAGGTGACCGGA,0,551256
araCp,0.07692307692307693,12,12,CCACCGCAGATAGGTCACGA,0,600290
araCp,0.07692307692307693,12,12,CCAAGAGATGCATAGTCAAC,0,572866
araCp,0.07692307692307693,12,12,CCAACAGTATGTTGCTCAAT,0,541375
araCp,0.07692307692307693,12,12,CCAACAGGCCCGATTGCCCG,0,563727
araCp,0.07692307692307693,12,12,CCAAAAGGGTTGTTTACATC,0,537713
araCp,0.07692307692307693,12,12,CATCTCCATTCACGTCGAGG,0,577551
araCp,0.07692307692307693,12,12,CATAGAATTACTCCGTCTTG,0,569940
araCp,0.07692307692307693,12,12,CATACCTGCTAGGTAATTCA,0,569443
araCp,0.07692307692307693,12,12,CAGTTGGTGAGGTTACGTGG,0,583326
araCp,0.07692307692307693,12,12,CAGTGGCACAGCTATTGACG,0,545743
araCp,0.07692307692307693,12,12,CAGTCTGGGCCATTATTTTA,0,557612
araCp,0.07692307692307693,12,12,CAGTATAGAAGCCATCTTGT,0,576125
araCp,0.07692307692307693,12,12,CAGTATAAGGTCTGGGCAGG,0,560852
araCp,0.07692307692307693,12,12,CAGGTAGCGCCATTTCCGTT,0,597375
araCp,0.07692307692307693,12,12,CAGCATGTGGTTGCTCGGGG,0,568497
araCp,0.07692307692307693,12,12,CAGATCCAAAGTGGCCGGTA,0,584042
araCp,0.07692307692307693,12,12,CACTGTTTTTCTAAGCGTGT,0,568786
araCp,0.07692307692307693,12,12,CACGTAATCCATACATTCCT,0,534545
araCp,0.07692307692307693,12,12,CACCCAATAATACGTAAACG,0,574404
araCp,0.07692307692307693,12,12,CACCATATTGAAGCCTGACC,0,543704
araCp,0.07692307692307693,12,12,CACATTAATTGAAGTGCTCT,0,537144
araCp,0.07692307692307693,12,12,CACACCGCGTCTCACCGAAT,0,530736
araCp,0.07692307692307693,12,12,CAAGGGGCTACCGCTAAACG,0,534757
araCp,0.07692307692307693,12,12,CAAGAGACGCGAAGATCAGA,0,545291
araCp,0.07692307692307693,12,12,CAACTGCATTACAGTCGAAC,0,530442
araCp,0.07692307692307693,12,12,CAACGCATCGATCGCGGAGA,0,585411
araCp,0.07692307692307693,12,12,CAAACCTGTTTTTCCACGAA,0,539183
araCp,0.07692307692307693,12,12,CAAAATTGTATGATAATGGC,0,567397
araCp,0.07692307692307693,12,12,CAAAAGGGTCGCTTAGCTGC,0,537543
araCp,0.07692307692307693,12,12,ATTGTGTCCTCATTACAGGC,0,535254
araCp,0.07692307692307693,12,12,ATTGAAAAGCATCAACAGGA,0,573069
araCp,0.07692307692307693,12,12,ATTCGTTCCGATACACGCCA,0,546786
araCp,0.07692307692307693,12,12,ATTATGCTACTTTATGCGCT,0,554795
araCp,0.07692307692307693,12,12,ATTACTATTCTATTGGATAG,0,562065
araCp,0.07692307692307693,12,12,ATGTTTTCCGAGGGCTTCGT,0,574487
araCp,0.07692307692307693,12,12,ATGTACTCCACATCCCCTCT,0,564535
araCp,0.07692307692307693,12,12,ATGGGATCCTGTAACGCTTC,0,597289
araCp,0.07692307692307693,12,12,ATGGATGTGAGGGGAGTAAA,0,579700
araCp,0.07692307692307693,12,12,ATGCGAGCGCTCATTTTTTG,0,559360
araCp,0.07692307692307693,12,12,ATGCATAGGCAGGTTTGAAT,0,560374
araCp,0.07692307692307693,12,12,ATGAGTAGCTGTTCACAGGT,0,555992
araCp,0.07692307692307693,12,12,ATCTCTTCGCACAGCCACAA,0,540043
araCp,0.07692307692307693,12,12,ATCCATTCAGGCAGACCCTG,0,560444
araCp,0.07692307692307693,12,12,ATCCAGGCACCCATGGCAAT,0,533341
araCp,0.07692307692307693,12,12,ATATAATAAGTGTAGGCAGA,0,583344
araCp,0.07692307692307693,12,12,ATACATACGCGTAATCATTT,0,593780
araCp,0.07692307692307693,12,12,AGTTGCCGCCATGCCCCCAC,0,597045
araCp,0.07692307692307693,12,12,AGTTCAGCGCTGCTATCACG,0,570819
araCp,0.07692307692307693,12,12,AGTGTTCGCAGCGTCAGCCG,0,565066
araCp,0.07692307692307693,12,12,AGTCTCCTTGGACTTCGGTG,0,560459
araCp,0.07692307692307693,12,12,AGTAAGGCTTATTTCTTGGA,0,530404
araCp,0.07692307692307693,12,12,AGGTCCGAGCTGATAACTAC,0,574195
araCp,0.07692307692307693,12,12,AGGTCAAGTAAATTTTACCA,0,576702
araCp,0.07692307692307693,12,12,AGGGAAAGACTAGGCATCCC,0,527720
araCp,0.07692307692307693,12,12,AGGCGGCTTATCTGGCATAT,0,563771
araCp,0.07692307692307693,12,12,AGGCATTTGTTTGGTAAAGG,0,534550
araCp,0.07692307692307693,12,12,AGGAGGCAGAAGACAAGAAT,0,557413
araCp,0.07692307692307693,12,12,AGGAACGTCCGGTGCCTTCC,0,548414
araCp,0.07692307692307693,12,12,AGCTGTATTCGATGGGTAAG,0,558758
araCp,0.07692307692307693,12,12,AGCGTTTGAACATTGTAGGC,0,531363
araCp,0.07692307692307693,12,12,AGCGGGGCTGCACCGAATTG,0,542046
araCp,0.07692307692307693,12,12,AGCGGCCTGGTGAGTTAAGT,0,530828
araCp,0.07692307692307693,12,12,AGCGATCGACAGCGTTTACG,0,603577
araCp,0.07692307692307693,12,12,AGCCGCGGGTGCTGTGCGTT,0,577256
araCp,0.07692307692307693,12,12,AGCCAATCCCGGCGCTATAG,0,567158
araCp,0.07692307692307693,12,12,AGCCAACGTGAGGGGTTCGG,0,536212
araCp,0.07692307692307693,12,12,AGCACTCAGGTGGGCGATTA,0,572291
araCp,0.07692307692307693,12,12,AGATGAACAGTGTCGTCAAT,0,563404
araCp,0.07692307692307693,12,12,AGATATGAAAGGGAGTTCGG,0,574504
araCp,0.07692307692307693,12,12,AGAGTTTTGGTGTGGCCAAG,0,587918
araCp,0.07692307692307693,12,12,AGAGGTTAGCGGGCGATATG,0,578692
araCp,0.07692307692307693,12,12,AGAGGCGTGTATGAGTAGCC,0,558345
araCp,0.07692307692307693,12,12,AGAGCGTCCATGACACTAGA,0,602879
araCp,0.07692307692307693,12,12,AGACTCACCGTTAATGGAGG,0,538382
araCp,0.07692307692307693,12,12,AGACAGAGGACCACTGAATG,0,566151
araCp,0.07692307692307693,12,12,AGAACGTATCTTTTTCACTT,0,543658
araCp,0.07692307692307693,12,12,ACTTTACGAGTAATAGATAG,0,579971
araCp,0.07692307692307693,12,12,ACTGCTGGTCGGGGGACCGG,0,560490
araCp,0.07692307692307693,12,12,ACTCGACCCGCCCAGAGTAG,0,568999
araCp,0.07692307692307693,12,12,ACTATATCGTCGCTGTAAGG,0,585698
araCp,0.07692307692307693,12,12,ACGGGATGGTCTGCTAACAT,0,554884
araCp,0.07692307692307693,12,12,ACGCGTATGGCTTAGGACGA,0,572486
araCp,0.07692307692307693,12,12,ACGCGTAACTATGGGCTGGA,0,551660
araCp,0.07692307692307693,12,12,ACGATCTAGGTACTCTCGAG,0,598033
araCp,0.07692307692307693,12,12,ACCTGGGCATTTTCCATCCG,0,587638
araCp,0.07692307692307693,12,12,ACCGTCAGATTAGAAGCAAG,0,576045
araCp,0.07692307692307693,12,12,ACCCGGACAAGATCAGCCAC,0,569296
araCp,0.07692307692307693,12,12,ACCAAGGGTGCTACTTAGGA,0,598232
araCp,0.07692307692307693,12,12,ACCAACGTGACGTTGGGGCT,0,540542
araCp,0.07692307692307693,12,12,ACAGAATACTTATAGGCCTA,0,567604
araCp,0.07692307692307693,12,12,ACAAGCTCGTTCATTCAAGT,0,527059
araCp,0.07692307692307693,12,12,AATTTCTACATACGTGGATA,0,546528
araCp,0.07692307692307693,12,12,AATTGGGATATTCTCAGGAA,0,597622
araCp,0.07692307692307693,12,12,AATGGGGACACGCCGTTGTT,0,576096
araCp,0.07692307692307693,12,12,AATCGCATACGCGATTGTGT,0,531960
araCp,0.07692307692307693,12,12,AATCACGTCCCGGGGCGCGA,0,596054
araCp,0.07692307692307693,12,12,AATAGGTCACTTTAGGCCTA,0,535377
araCp,0.07692307692307693,12,12,AATAAGCATCGTGGTTAGAA,0,583902
araCp,0.07692307692307693,12,12,AAGAATGGGGGATGGTAATA,0,595847
araCp,0.07692307692307693,12,12,AACTAACGACTTACAGTATC,0,588954
araCp,0.07692307692307693,12,12,AACAGGAGTCTACTGTTGGA,0,598127
araCp,0.07692307692307693,12,12,AACACTGGCTACTTGGCCGT,0,599579
araCp,0.07692307692307693,12,12,AAATGCACCACATGGCATAA,0,546052
araCp,0.07692307692307693,12,12,AAAGGATCTCCGTAATTTGT,0,577820
araCp,0.07692307692307693,12,12,AAACAACGATTCTGCAACTA,0,572731
araCp,0.08333333333333333,11,11,TTTTCGCTTGCGTTTCATTC,0,560973
araCp,0.08333333333333333,11,11,TTTGTGGGTTGACGAGGGCA,0,586889
araCp,0.08333333333333333,11,11,TTTGTATCACGTCGTCCAAA,0,565330
araCp,0.08333333333333333,11,11,TTTGGAGACTCCGCTGTGGC,0,594038
araCp,0.08333333333333333,11,11,TTTGAGGAAGTTGGGAATGA,0,571721
araCp,0.08333333333333333,11,11,TTTATAAGCACAGGTCGTGC,0,547657
araCp,0.08333333333333333,11,11,TTTAAAAAAGGTAGAAATTC,0,571565
araCp,0.08333333333333333,11,11,TTGTTAGAGAACCAAGAGAC,0,579306
araCp,0.08333333333333333,11,11,TTGTGGGGGAAATACTTAGC,0,558019
araCp,0.08333333333333333,11,11,TTGTACGAATTCGATTTTGT,0,551248
araCp,0.08333333333333333,11,11,TTGGGCCGTTTCGTTTAACA,0,590060
araCp,0.08333333333333333,11,11,TTGGCTGGGTAAGGGTAATA,0,553144
araCp,0.08333333333333333,11,11,TTGCCCAATCGAACTTCTCC,0,585134
araCp,0.08333333333333333,11,11,TTGCCAATTGCTCCTGGTCT,0,602298
araCp,0.08333333333333333,11,11,TTGATCTGATGGAACGGCGC,0,574392
araCp,0.08333333333333333,11,11,TTGACTTTCAAGATTGGGTT,0,578726
araCp,0.08333333333333333,11,11,TTCTTAGGTATCAACTCATG,0,535787
araCp,0.08333333333333333,11,11,TTCTGAGGAATGATAGGGAT,0,568672
araCp,0.08333333333333333,11,11,TTCTATCCGGCTTCATTGCA,0,548230
araCp,0.08333333333333333,11,11,TTCGGCATCTCCGATGTGGT,0,563912
araCp,0.08333333333333333,11,11,TTCGCTCGCGGCGAGAGTTA,0,591865
araCp,0.08333333333333333,11,11,TTCGACAGCCGTTAGTAAGG,0,562693
araCp,0.08333333333333333,11,11,TTCAGGTAGATCTATGTCGC,0,571452
araCp,0.08333333333333333,11,11,TTCAGGGTACAAGCTGGCTA,0,526881
araCp,0.08333333333333333,11,11,TTATTGTGTGCACAGAAGGT,0,570590
araCp,0.08333333333333333,11,11,TTATGTTGCTACCCCACAGT,0,581674
araCp,0.08333333333333333,11,11,TTATCAGTAAAGGTATTGTT,0,567448
araCp,0.08333333333333333,11,11,TTAGTCAGTATGGAATATCT,0,534382
araCp,0.08333333333333333,11,11,TTAGTATTACTGGCGATCGA,0,602576
araCp,0.08333333333333333,11,11,TTACGTTACACTCGTGGGAT,0,566436
araCp,0.08333333333333333,11,11,TTAATCCAGAGATCTGGGGT,0,580061
araCp,0.08333333333333333,11,11,TGTTCACGGTTATATCGCAT,0,533179
araCp,0.08333333333333333,11,11,TGTGGTCCCTGTGCCCGGTC,0,564817
araCp,0.08333333333333333,11,11,TGTCTCCCAAGCGCCCATTG,0,579698
araCp,0.08333333333333333,11,11,TGTCGGTAAGCGCCGGACGC,0,571179
araCp,0.08333333333333333,11,11,TGTCATTGAAAGGACTATGA,0,577345
araCp,0.08333333333333333,11,11,TGGCTCCGCCCAGTCAGCTC,0,600605
araCp,0.08333333333333333,11,11,TGGCCTAGTTAGAGCTCGAC,0,556414
araCp,0.08333333333333333,11,11,TGGCAAACTACCGCCTACTT,0,592203
araCp,0.08333333333333333,11,11,TGCTTAAGGAATTGTAATGT,0,538020
araCp,0.08333333333333333,11,11,TGCTCAGTCAGGTACCGCTG,0,561253
araCp,0.08333333333333333,11,11,TGCTCACAGGAAGAATCGAG,0,564818
araCp,0.08333333333333333,11,11,TGCCCACGTTATGCCAGGGT,0,581366
araCp,0.08333333333333333,11,11,TGAGTCCAGTAAGTCCTATT,0,558260
araCp,0.08333333333333333,11,11,TGAGGGTTTCAGATACATGC,0,530673
araCp,0.08333333333333333,11,11,TGAGGGTACTATGCGACCCT,0,554710
araCp,0.08333333333333333,11,11,TGAGGCACGATCGACCGATA,0,596060
araCp,0.08333333333333333,11,11,TGACGTAGCTAATCTAAATC,0,601204
araCp,0.08333333333333333,11,11,TGAATACTCATATCCTGGGT,0,538344
araCp,0.08333333333333333,11,11,TCTAGTACAGTCGGTTGACC,0,575694
araCp,0.08333333333333333,11,11,TCTAAGTCATTGCCGGTCGG,0,562228
araCp,0.08333333333333333,11,11,TCTAACCGACCAACGAGTTC,0,559204
araCp,0.08333333333333333,11,11,TCGGGGCAACTGGGATTGCG,0,534680
araCp,0.08333333333333333,11,11,TCGGATGCGACTCACGCATA,0,577554
araCp,0.08333333333333333,11,11,TCGCTCTGGAATAGACCCAC,0,587625
araCp,0.08333333333333333,11,11,TCGCCGGTCGTTTACGCTCC,0,559316
araCp,0.08333333333333333,11,11,TCGAACCTAATAATCGTTGA,0,530150
araCp,0.08333333333333333,11,11,TCCTGGAGCATATGTCGTAA,0,559685
araCp,0.08333333333333333,11,11,TCCCGGCGTTCGTTCAGTGT,0,599614
araCp,0.08333333333333333,11,11,TCATTCTAAAGGAAAACCCT,0,559678
araCp,0.08333333333333333,11,11,TCATTCGAGATCTGCCTCGA,0,537357
araCp,0.08333333333333333,11,11,TCAGCTTGTTTCTTGCAATA,0,529092
araCp,0.08333333333333333,11,11,TCAGCCAAGGCCCTCGGAGT,0,585518
araCp,0.08333333333333333,11,11,TCACCGTTCTATTACGGGCA,0,551242
araCp,0.08333333333333333,11,11,TCAATTCCGTAGGGGGTCCA,0,601819
araCp,0.08333333333333333,11,11,TCAATCTGTCTAGCGCAGAG,0,575674
araCp,0.08333333333333333,11,11,TCAAGAACAGAGCGGTGTAT,0,569450
araCp,0.08333333333333333,11,11,TATTCAGACTGAGCCGCGCT,0,540219
araCp,0.08333333333333333,11,11,TATGTAAGCTGGTAAAGGAT,0,530801
araCp,0.08333333333333333,11,11,TATCATCACTCCATGTTGAT,0,583093
araCp,0.08333333333333333,11,11,TATAGATCCCGTGGCAGGAC,0,581570
araCp,0.08333333333333333,11,11,TATACGACGACTGTGAACTT,0,548304
araCp,0.08333333333333333,11,11,TAGGTTGAAGGGATATTCTT,0,533449
araCp,0.08333333333333333,11,11,TAGGTCTTATCGAGTAAGCT,0,583130
araCp,0.08333333333333333,11,11,TAGGCGCTCCTCTATTGTGT,0,535102
araCp,0.08333333333333333,11,11,TAGCAAGCCTACTATTTGAG,0,597135
araCp,0.08333333333333333,11,11,TAGAGTGCAACGCGGGAAGA,0,531498
araCp,0.08333333333333333,11,11,TAGACATCGAGTGCTTCACA,0,534831
araCp,0.08333333333333333,11,11,TACTGCTTATGCCATGAGGT,0,542900
araCp,0.08333333333333333,11,11,TACGGCTCGGCCAATCCGGA,0,597923
araCp,0.08333333333333333,11,11,TACGGAAGGGCAGAGATACA,0,560661
araCp,0.08333333333333333,11,11,TACCGGCGCGAGGTGCGCTA,0,550785
araCp,0.08333333333333333,11,11,TACCCGGTGGGCGTGGGTAT,0,536786
araCp,0.08333333333333333,11,11,TACCATGGTTAACTGGTGCG,0,551234
araCp,0.08333333333333333,11,11,TACACATCTAATGATTAGCG,0,582674
araCp,0.08333333333333333,11,11,TAATGCAGCGCACCACAATT,0,531703
araCp,0.08333333333333333,11,11,TAAGGGTCCAATCAGGGACA,0,597525
araCp,0.08333333333333333,11,11,TAAGAATTGGTCTGCCCGAA,0,526411
araCp,0.08333333333333333,11,11,TAAGAACGTTTAATAATGCG,0,552555
araCp,0.08333333333333333,11,11,TAAAGTTGGGAGTCTATTTA,0,582410
araCp,0.08333333333333333,11,11,TAAACCGCACAACTCCGCGC,0,572505
araCp,0.08333333333333333,11,11,TAAAAGTGGAGCGAAAACCC,0,582850
araCp,0.08333333333333333,11,11,GTTGTGCCCGGCGTTTTTGA,0,562382
araCp,0.08333333333333333,11,11,GTTGCGCCCAGGTGTGGAAT,0,565119
araCp,0.08333333333333333,11,11,GTTGAAGGCATGTATGGATT,0,561342
araCp,0.08333333333333333,11,11,GTTCGCAGCGGGTGCCTCTG,0,584906
araCp,0.08333333333333333,11,11,GTTAGTGTACGACCGCCTTC,0,559114
araCp,0.08333333333333333,11,11,GTTAGGATGGGGCACGCAGA,0,602665
araCp,0.08333333333333333,11,11,GTTAAGAGGTCGCAGAGTGC,0,533285
araCp,0.08333333333333333,11,11,GTGTACACACGAGACCCCTT,0,549529
araCp,0.08333333333333333,11,11,GTGCGGCGCACTTCGCTATT,0,525892
araCp,0.08333333333333333,11,11,GTGCGGATAGCTTCACATGA,0,599808
araCp,0.08333333333333333,11,11,GTCTTGTGAGGCTATGCTGA,0,566599
araCp,0.08333333333333333,11,11,GTCGTGGTTATGGTTCTCAG,0,554470
araCp,0.08333333333333333,11,11,GTCGGATAGATAAGGACGTA,0,565601
araCp,0.08333333333333333,11,11,GTCCGACGAACAAGATAAGA,0,588157
araCp,0.08333333333333333,11,11,GTCCCAGACGCCTTATATTC,0,581852
araCp,0.08333333333333333,11,11,GTCAGTCATGCTTATGGGCT,0,548910
araCp,0.08333333333333333,11,11,GTATTGACTACGTGACCCAC,0,560914
araCp,0.08333333333333333,11,11,GTAGCCTAGTCCCCGAGTGT,0,554781
araCp,0.08333333333333333,11,11,GTAGCCGCCGCTCTCGATGG,0,526206
araCp,0.08333333333333333,11,11,GTACTCGCGGGCTCCAGATA,0,540046
araCp,0.08333333333333333,11,11,GTAATTAGATCTGCTCCTGT,0,583180
araCp,0.08333333333333333,11,11,GTAAGGGCACTCGCCCCTTA,0,530946
araCp,0.08333333333333333,11,11,GTAACTCAGCCTCACTATGT,0,552585
araCp,0.08333333333333333,11,11,GGTTTGACAGTCTGATCTTG,0,566061
araCp,0.08333333333333333,11,11,GGTTCAGACTATTTGCTTTG,0,556278
araCp,0.08333333333333333,11,11,GGTTAAATGGGGGATATTCA,0,556525
araCp,0.08333333333333333,11,11,GGTGGGCGGACTCGATCAGT,0,544265
araCp,0.08333333333333333,11,11,GGTCCACGACCGGGTGGGAT,0,534028
araCp,0.08333333333333333,11,11,GGTCAGGCAAGGAGAGATAA,0,589607
araCp,0.08333333333333333,11,11,GGTAGGTTAATTGGAACAAG,0,595477
araCp,0.08333333333333333,11,11,GGTACCGGTTCGGTCCCCTG,0,600314
araCp,0.08333333333333333,11,11,GGTACATCCGTCTCAGGCTT,0,549543
araCp,0.08333333333333333,11,11,GGGTGTTGTACAATCCGGTA,0,583246
araCp,0.08333333333333333,11,11,GGGTGAGGGGACCGCTGAGG,0,573571
araCp,0.08333333333333333,11,11,GGGGTCACCAGCAGGTCCCT,0,536686
araCp,0.08333333333333333,11,11,GGGGGCTACTCCTCACAGTG,0,585985
araCp,0.08333333333333333,11,11,GGGGCTCACATCCTTTTATT,0,546325
araCp,0.08333333333333333,11,11,GGGGATAGGAGACCAGTCTT,0,602419
araCp,0.08333333333333333,11,11,GGGCGCGAAAGTGACGTTCA,0,575489
araCp,0.08333333333333333,11,11,GGCGACTGAAATACGCGCCT,0,591956
araCp,0.08333333333333333,11,11,GGCGAAGGCATGTTAATTCC,0,578525
araCp,0.08333333333333333,11,11,GGCCTACTTACTACGTCGAA,0,572688
araCp,0.08333333333333333,11,11,GGCAGACGGGTATAGACCGT,0,540671
araCp,0.08333333333333333,11,11,GGCAAGTTTAAAAACTAAAC,0,572766
araCp,0.08333333333333333,11,11,GGATTAGATTAAGCCTTCAA,0,545836
araCp,0.08333333333333333,11,11,GGATATCGGGGACAGAGGGT,0,595452
araCp,0.08333333333333333,11,11,GGATACCAGGGTTTGTTGAA,0,555143
araCp,0.08333333333333333,11,11,GGAGTATATACATCGACAGT,0,592627
araCp,0.08333333333333333,11,11,GGAGGTAGTTGACAGTCCCG,0,599344
araCp,0.08333333333333333,11,11,GGAGGGTTTTTGGTATCCAT,0,550366
araCp,0.08333333333333333,11,11,GGAGGGCGGCGGACGGGGTG,0,594017
araCp,0.08333333333333333,11,11,GGAGACAAGACTTTGGTATA,0,582953
araCp,0.08333333333333333,11,11,GGACTCGAAGAACCACGTAG,0,538600
araCp,0.08333333333333333,11,11,GGACGTTATGGTCCGAATCC,0,583156
araCp,0.08333333333333333,11,11,GGACAGTTACTATATAGGAC,0,555798
araCp,0.08333333333333333,11,11,GGAAAAGGGAATCACAATAA,0,544526
araCp,0.08333333333333333,11,11,GCTTAATCCTCGAGCCACTT,0,567387
araCp,0.08333333333333333,11,11,GCTGTTAAGCTAGAGACTGA,0,551874
araCp,0.08333333333333333,11,11,GCTACGTATCATAAGTTGAC,0,529247
araCp,0.08333333333333333,11,11,GCTAAACGGGCAGCTTTCGG,0,552245
araCp,0.08333333333333333,11,11,GCGTGTTTAACTGGGGTGGT,0,542368
araCp,0.08333333333333333,11,11,GCGTATTGACAAGCTAACTC,0,529131
araCp,0.08333333333333333,11,11,GCGGTCCACGGTCATATCAA,0,567285
araCp,0.08333333333333333,11,11,GCGGCCGCAAGGGGGACCCG,0,533722
araCp,0.08333333333333333,11,11,GCGGAGGTATGCTCTCGGTA,0,557730
araCp,0.08333333333333333,11,11,GCGAGGCAGGGCGGTTTCCA,0,555604
araCp,0.08333333333333333,11,11,GCGAGAGAACAGTAATTCTA,0,572850
araCp,0.08333333333333333,11,11,GCGAAGTCTGCATCCTCCGA,0,598572
araCp,0.08333333333333333,11,11,GCCGTTTGTAGATGGCTAAT,0,596304
araCp,0.08333333333333333,11,11,GCCGCCACAGAGTACACGGT,0,564336
araCp,0.08333333333333333,11,11,GCCCGCTTTCGTGGCACAGT,0,600271
araCp,0.08333333333333333,11,11,GCCCATTTTTTGCTACCCGC,0,565708
araCp,0.08333333333333333,11,11,GCCATTAAACAGGGAGATGG,0,541886
araCp,0.08333333333333333,11,11,GCATCACAGTGTGCTATTTT,0,576051
araCp,0.08333333333333333,11,11,GCATATCCCTGGGTCTAAAT,0,541146
araCp,0.08333333333333333,11,11,GCAAGCGGCTGCTACATAAC,0,592391
araCp,0.08333333333333333,11,11,GATTCTATGTTTGAACAGTT,0,559191
araCp,0.08333333333333333,11,11,GATTATCCCCTATTCTGTTC,0,565116
araCp,0.08333333333333333,11,11,GATGTCAGGAGGTAGTCGGA,0,544894
araCp,0.08333333333333333,11,11,GATGGCTTTCTCTACCCGAC,0,549316
araCp,0.08333333333333333,11,11,GATCTGCTCGCGTTTCATCA,0,530888
araCp,0.08333333333333333,11,11,GATCCTTTGTCTATGGCTAG,0,577046
araCp,0.08333333333333333,11,11,GAGTAGAGAGTGACGCTTGT,0,578340
araCp,0.08333333333333333,11,11,GAGGTATAGGGGACAGGCAT,0,593419
araCp,0.08333333333333333,11,11,GAGGCTATGATTGCTAGTGA,0,527295
araCp,0.08333333333333333,11,11,GAGGCGACACATGGCCAGCT,0,582310
araCp,0.08333333333333333,11,11,GAGCGCTGATAACACTGGGC,0,533032
araCp,0.08333333333333333,11,11,GAGCAAGAGAACAGTGATGT,0,536611
araCp,0.08333333333333333,11,11,GAGAGTACAGGGTGTACAAC,0,583509
araCp,0.08333333333333333,11,11,GAGAGGCTACAAACTGGTGA,0,570080
araCp,0.08333333333333333,11,11,GACGAAGAGTTCTTTTCAGT,0,540328
araCp,0.08333333333333333,11,11,GACCCTTTGAGGACACTCCC,0,547507
araCp,0.08333333333333333,11,11,GACCCTATAGAGACGCAATA,0,574755
araCp,0.08333333333333333,11,11,GACCATTCTATGTTACATTA,0,548926
araCp,0.08333333333333333,11,11,GACAACTGACTCGGACAGTA,0,573581
araCp,0.08333333333333333,11,11,GAAGGTCCATCGCTAGTGTT,0,583117
araCp,0.08333333333333333,11,11,GAAGGACCTTCGAGGTATTC,0,569014
araCp,0.08333333333333333,11,11,GAAGACGCAGTGCAGCGCGA,0,548689
araCp,0.08333333333333333,11,11,GAAGAATTGTACAATGATAC,0,561605
araCp,0.08333333333333333,11,11,GAACCGCTTGGGGTCGTAGT,0,552063
araCp,0.08333333333333333,11,11,CTTTTCCGGGTGGCACCTTA,0,590832
araCp,0.08333333333333333,11,11,CTTTGCAATGGTCTCGCCCA,0,572537
araCp,0.08333333333333333,11,11,CTTTGAAATAGGGTTACCAA,0,590765
araCp,0.08333333333333333,11,11,CTTTAGTCAGAATTGGTGAA,0,560913
araCp,0.08333333333333333,11,11,CTTGGGCGACACGCAACACT,0,591095
araCp,0.08333333333333333,11,11,CTTGATCACCGAATACACAA,0,553414
araCp,0.08333333333333333,11,11,CTTGAATCATAACTCTTTTT,0,587423
araCp,0.08333333333333333,11,11,CTTCTAATCCGGTATTGTCA,0,547547
araCp,0.08333333333333333,11,11,CTTCCAGCTAAATGGTCGGA,0,569113
araCp,0.08333333333333333,11,11,CTTCAGCCGACCAAAATTCT,0,583396
araCp,0.08333333333333333,11,11,CTTATCTCGCGCCCCGTCGC,0,560617
araCp,0.08333333333333333,11,11,CTTAACCGCAAATCTTTTGA,0,567233
araCp,0.08333333333333333,11,11,CTGTCTACAAGAATGTTTAG,0,584735
araCp,0.08333333333333333,11,11,CTGTATGGGCGGTTATAATG,0,571118
araCp,0.08333333333333333,11,11,CTGGGATCTAACGTGCTCAC,0,561131
araCp,0.08333333333333333,11,11,CTGGCTAGGCTAGATCTCTG,0,543560
araCp,0.08333333333333333,11,11,CTGGCACTAGCTGCCCGTCA,0,595143
araCp,0.08333333333333333,11,11,CTGGACTTATGTCGCCACAT,0,534549
araCp,0.08333333333333333,11,11,CTGCCGATTGGGAGCCTTAT,0,567465
araCp,0.08333333333333333,11,11,CTGCATTTCGACCTCCTTTA,0,525696
araCp,0.08333333333333333,11,11,CTGAGATAGCTAGTGCATCT,0,544095
araCp,0.08333333333333333,11,11,CTCGCCTGGCGGTCTATATT,0,571635
araCp,0.08333333333333333,11,11,CTCGATTTTGTGGACCTGCA,0,528168
araCp,0.08333333333333333,11,11,CTCAATTCCCTTGGGTATCC,0,575106
araCp,0.08333333333333333,11,11,CTATTGCTGCGTGTAGTCAG,0,602458
araCp,0.08333333333333333,11,11,CTATTCCCAGCGCTCGGTGG,0,572185
araCp,0.08333333333333333,11,11,CTAGATCGGTAAACAATTGT,0,601232
araCp,0.08333333333333333,11,11,CTAATCAAGTACTTCCCTCA,0,598385
araCp,0.08333333333333333,11,11,CTAAAAGATGTTAGAGGCAT,0,555761
araCp,0.08333333333333333,11,11,CGTTTGAACCCACTGATGAA,0,591305
araCp,0.08333333333333333,11,11,CGTGGGCGGCATAATTCAGT,0,558146
araCp,0.08333333333333333,11,11,CGTGGATACTAAACCCGGAG,0,598936
araCp,0.08333333333333333,11,11,CGTAGCTACGGCTAAGCTAT,0,599095
araCp,0.08333333333333333,11,11,CGGGGCTGTATTCCTAAATC,0,587656
araCp,0.08333333333333333,11,11,CGGGCCGACTCGTTGACCGG,0,561447
araCp,0.08333333333333333,11,11,CGGCGTGTCCGATACACAAT,0,576401
araCp,0.08333333333333333,11,11,CGGCCCGGGCTACTTTATTG,0,531487
araCp,0.08333333333333333,11,11,CGCCTAGTCGCCCCGGGTAA,0,585999
araCp,0.08333333333333333,11,11,CGCCAAAGCCCAGAACGCCG,0,590369
araCp,0.08333333333333333,11,11,CGCCAAAATAGCTGTCACAT,0,587483
araCp,0.08333333333333333,11,11,CGCATTGTAGAACACTTGTT,0,559374
araCp,0.08333333333333333,11,11,CGCATTCCTGCCATGGGCTA,0,534858
araCp,0.08333333333333333,11,11,CGATATTATCTGTGTAGTTC,0,553655
araCp,0.08333333333333333,11,11,CGAGATCTTCCTGCCTGTGT,0,584060
araCp,0.08333333333333333,11,11,CGACCAGCCGAATACAGGCA,0,537032
araCp,0.08333333333333333,11,11,CGACAACCTATCGTTCAAAC,0,571772
araCp,0.08333333333333333,11,11,CCTTCATCGGTAGCACGTGC,0,529703
araCp,0.08333333333333333,11,11,CCTTAGTAATATATTGTACT,0,536165
araCp,0.08333333333333333,11,11,CCTGGGGTCACTGGGAAATA,0,562555
araCp,0.08333333333333333,11,11,CCTCCCGAGCAACTGGGTCT,0,554587
araCp,0.08333333333333333,11,11,CCTAGGGATGATCGAAGGGC,0,569127
araCp,0.08333333333333333,11,11,CCGGTCATTCTGTAAAACAG,0,565887
araCp,0.08333333333333333,11,11,CCGCTGGTGTTAGTGCGGAT,0,595664
araCp,0.08333333333333333,11,11,CCGCTCGGGAAGTAAAAAAA,0,546002
araCp,0.08333333333333333,11,11,CCCTCTAGCCGGGGGTCGAG,0,528718
araCp,0.08333333333333333,11,11,CCCTAGGGCATTCTCGCCCT,0,557973
araCp,0.08333333333333333,11,11,CCCTAGATCTCGTCATAAGT,0,591405
araCp,0.08333333333333333,11,11,CCCGCTAGGGCGAGCTTATC,0,585690
araCp,0.08333333333333333,11,11,CCCATTTATGGTGAGATAAT,0,592780
araCp,0.08333333333333333,11,11,CCCATAATCGACTCGGGAAT,0,558929
araCp,0.08333333333333333,11,11,CCCAGGTTTTAACCTACAAC,0,539389
araCp,0.08333333333333333,11,11,CCATGGAAACAAGGAGGGGT,0,544672
araCp,0.08333333333333333,11,11,CCATGCCGGCCCACCGTGGT,0,562345
araCp,0.08333333333333333,11,11,CCATGATAAATGCTTTACAG,0,551997
araCp,0.08333333333333333,11,11,CCATCACGGGGTTGAGATTT,0,558457
araCp,0.08333333333333333,11,11,CCATATCGTGGGTGGCTTTA,0,531598
araCp,0.08333333333333333,11,11,CCAGTGAGATAGCGATGACT,0,525740
araCp,0.08333333333333333,11,11,CCAAGCTCCCTACATCGGCT,0,539652
araCp,0.08333333333333333,11,11,CATGACTGTATCCCGTGCTA,0,570757
araCp,0.08333333333333333,11,11,CATCTTAGAAAGACGGCGGG,0,562886
araCp,0.08333333333333333,11,11,CATCCTGGGGGAGGAAATGG,0,562323
araCp,0.08333333333333333,11,11,CATCACCATCTACAGAGGAC,0,590879
araCp,0.08333333333333333,11,11,CATAGGGATGGACGTCCTTC,0,557971
araCp,0.08333333333333333,11,11,CAGTTTAACGCCTAGAGTCA,0,588134
araCp,0.08333333333333333,11,11,CAGTCCTAGCGTGGCACCAA,0,564060
araCp,0.08333333333333333,11,11,CAGGGCCTCTCGCACAAGCA,0,602027
araCp,0.08333333333333333,11,11,CAGGCTTGGAGGAGACGACT,0,560533
araCp,0.08333333333333333,11,11,CAGAACACGTTGTAAGTACT,0,574622
araCp,0.08333333333333333,11,11,CAGAAAGTGGTCTCATGGAT,0,533669
araCp,0.08333333333333333,11,11,CACTGGACGAATTGGCTGGT,0,564276
araCp,0.08333333333333333,11,11,CACGTCGTAGGCTCTTGACT,0,570571
araCp,0.08333333333333333,11,11,CACGTACAAGGTATTTATAG,0,537715
araCp,0.08333333333333333,11,11,CACGGTTATGCGCTCTATCA,0,559892
araCp,0.08333333333333333,11,11,CACGCGGACATTCTCCGGAA,0,553868
araCp,0.08333333333333333,11,11,CACCTTTGCTTGAGTGCAGG,0,595869
araCp,0.08333333333333333,11,11,CACATCCCGTCTGCTGGTCA,0,538695
araCp,0.08333333333333333,11,11,CACATCACCATAGGATGTAT,0,603083
araCp,0.08333333333333333,11,11,CACATACAAAGTTTTCGCGC,0,578173
araCp,0.08333333333333333,11,11,CACAGTAAGTAATTACTTGT,0,537860
araCp,0.08333333333333333,11,11,CAATGACTCTGGGAGGAAGG,0,538044
araCp,0.08333333333333333,11,11,CAAGGAAACGCTCTAGGAGT,0,543042
araCp,0.08333333333333333,11,11,CAACTCAGCGCCTGTCGTAC,0,531032
araCp,0.08333333333333333,11,11,CAACGCAGCGTCATTGGATT,0,600316
araCp,0.08333333333333333,11,11,CAAAGTATTAGATTCGTATT,0,571654
araCp,0.08333333333333333,11,11,CAAACGCATAATTACAAGAC,0,567613
araCp,0.08333333333333333,11,11,ATTTTCCCAGTGCGACATTG,0,563496
araCp,0.08333333333333333,11,11,ATTGCGCTTACGGTGTTGCA,0,568732
araCp,0.08333333333333333,11,11,ATTCGTCATACTGTCAGCCA,0,527387
araCp,0.08333333333333333,11,11,ATTCCAGCGAAGAAGCAGGC,0,573163
araCp,0.08333333333333333,11,11,ATGTAGCTTAAGAGGCCAAA,0,566809
araCp,0.08333333333333333,11,11,ATGGGCTATAAAATGGGTAA,0,559283
araCp,0.08333333333333333,11,11,ATGGGCGGTCTAATGAAGCT,0,594427
araCp,0.08333333333333333,11,11,ATGGAATACAAATGCCCCTA,0,593991
araCp,0.08333333333333333,11,11,ATGCCTTAAATATCAAGGTA,0,572115
araCp,0.08333333333333333,11,11,ATGCCGCATATCACAAGTAT,0,593185
araCp,0.08333333333333333,11,11,ATGAGTTCGCGGGGGAAGAC,0,529962
araCp,0.08333333333333333,11,11,ATCTTACTTGCATCTATAAG,0,544156
araCp,0.08333333333333333,11,11,ATCTCGCCGGTCATGCGCGG,0,563482
araCp,0.08333333333333333,11,11,ATCGGAAACTGAATCACTAT,0,572945
araCp,0.08333333333333333,11,11,ATCCCGATGTATTAGGACCG,0,529029
araCp,0.08333333333333333,11,11,ATCATATTAAACCGGGAAAA,0,557129
araCp,0.08333333333333333,11,11,ATATTTCCAAGCTATGTGGC,0,595059
araCp,0.08333333333333333,11,11,ATATTACTTCGGTGCGTAAT,0,555863
araCp,0.08333333333333333,11,11,ATATCCCACTATGAGCTTCT,0,569114
araCp,0.08333333333333333,11,11,ATAAGTTTAATTAATTTGTT,0,601230
araCp,0.08333333333333333,11,11,ATAAAGGGAGTATCACAGGG,0,551880
araCp,0.08333333333333333,11,11,AGTTAATGTTTTGCTACTCA,0,597031
araCp,0.08333333333333333,11,11,AGTGAAAATGGACGATAGTC,0,567612
araCp,0.08333333333333333,11,11,AGTCGTTCAGAAAAGTCGAG,0,576188
araCp,0.08333333333333333,11,11,AGTACCGCATGGGAGACTCC,0,537987
araCp,0.08333333333333333,11,11,AGGTTCTGGGTAATTAGGCC,0,556207
araCp,0.08333333333333333,11,11,AGGGTGGGCGCTCCGCTATG,0,549964
araCp,0.08333333333333333,11,11,AGGGCGCCTAACGCTTGGTA,0,598937
araCp,0.08333333333333333,11,11,AGGCTTGATAACAGTAGCCC,0,579636
araCp,0.08333333333333333,11,11,AGGCCACCTCGGTTTCATTG,0,580533
araCp,0.08333333333333333,11,11,AGCTTGGGGGATAGTTCACA,0,589262
araCp,0.08333333333333333,11,11,AGCTCAGCAACAATAGGTAG,0,547788
araCp,0.08333333333333333,11,11,AGCTACGGTGAGGCACTCTC,0,538678
araCp,0.08333333333333333,11,11,AGCGCCATAGGCAACAGGTG,0,533757
araCp,0.08333333333333333,11,11,AGCCTAAATATGGGCGTTGC,0,548349
araCp,0.08333333333333333,11,11,AGCATTCGCCCGGTGGATTG,0,574423
araCp,0.08333333333333333,11,11,AGCAGGCTATCGCGAGGGCG,0,552141
araCp,0.08333333333333333,11,11,AGCAGATATACCTAGGGCCT,0,577631
araCp,0.08333333333333333,11,11,AGATGTGACTTATGCCAATA,0,552956
araCp,0.08333333333333333,11,11,AGAATCAACGATGCAGGGTA,0,574693
araCp,0.08333333333333333,11,11,ACTTATGCCAATGCGTTGTG,0,544626
araCp,0.08333333333333333,11,11,ACTGGTCTAGGACGGCGGGA,0,527225
araCp,0.08333333333333333,11,11,ACTGGGTGCAGCCGATTGTT,0,566602
araCp,0.08333333333333333,11,11,ACTCCTACATCTAATGAAGG,0,543769
araCp,0.08333333333333333,11,11,ACTATAGCGCTAGAGAGAGT,0,599893
araCp,0.08333333333333333,11,11,ACGTAAGCGGTATATCCCTA,0,587310
araCp,0.08333333333333333,11,11,ACGGCATGCGGGGGTCGTCC,0,536679
araCp,0.08333333333333333,11,11,ACGCTCTGAAGGGTAAGAGA,0,536143
araCp,0.08333333333333333,11,11,ACGCATCTTGTGGTGGCCGA,0,532605
araCp,0.08333333333333333,11,11,ACGAAGACGGACTGGGGAAA,0,601842
araCp,0.08333333333333333,11,11,ACCTAAGGGGACTATTAAGG,0,534064
araCp,0.08333333333333333,11,11,ACCGCGTCTCGAGGCAGTTT,0,571826
araCp,0.08333333333333333,11,11,ACCCGCTACCGCCCTGGAAT,0,601793
araCp,0.08333333333333333,11,11,ACCCCAAAGGTATATGGACA,0,573123
araCp,0.08333333333333333,11,11,ACATCGGCTTGAGTAGCGAG,0,584613
araCp,0.08333333333333333,11,11,ACATAATTCAACGTGCTTGC,0,534500
araCp,0.08333333333333333,11,11,ACAGGTCCGCATCGAGGTTC,0,559276
araCp,0.08333333333333333,11,11,ACAGGAATACCATCCTATCA,0,579322
araCp,0.08333333333333333,11,11,ACAGATAATCATGGATTGGA,0,543492
araCp,0.08333333333333333,11,11,ACAATAGACAGCGGAGTGCG,0,559086
araCp,0.08333333333333333,11,11,ACAAGCTAGTCCCCAGGTGC,0,594072
araCp,0.08333333333333333,11,11,ACAACTATCGACTAGCCGTA,0,593261
araCp,0.08333333333333333,11,11,AATTTAGTCTGCTATGAAAC,0,528577
araCp,0.08333333333333333,11,11,AATTAGGCGTCTCAGAAACC,0,580025
araCp,0.08333333333333333,11,11,AATCGTTGTTCATGCTGGTT,0,591164
araCp,0.08333333333333333,11,11,AATCAAAGGTGGTTGCACAC,0,560724
araCp,0.08333333333333333,11,11,AATAGGCTGAAAGACCCATG,0,548484
araCp,0.08333333333333333,11,11,AAGTCCGTTATCCTGCAGCC,0,564146
araCp,0.08333333333333333,11,11,AAGTAATGCCGTCAAGCTCT,0,595821
araCp,0.08333333333333333,11,11,AAGGTAGTCTAGTCAGGCTG,0,562765
araCp,0.08333333333333333,11,11,AAGGGCGCCATGGTTACGCA,0,551252
araCp,0.08333333333333333,11,11,AAGCCGGGTGGCATCAAGAC,0,526229
araCp,0.08333333333333333,11,11,AAGAATCGCTGTCGAGTTCT,0,598648
araCp,0.08333333333333333,11,11,AACTGCTGACTCAGGACGCT,0,568974
araCp,0.08333333333333333,11,11,AACGCCGCGGAATTCCGTAG,0,568285
araCp,0.08333333333333333,11,11,AACCTCCCCTGCGAATAACA,0,567829
araCp,0.08333333333333333,11,11,AACCTATCGTTGTATATGGA,0,542036
araCp,0.08333333333333333,11,11,AACCCACCGGCTCCTCGATA,0,572485
araCp,0.08333333333333333,11,11,AAATGTACTTCGACCACTCC,0,581994
araCp,0.08333333333333333,11,11,AAATGGGTCTTACATCATGC,0,556625
araCp,0.08333333333333333,11,11,AAATCGTCATAGTAGGCTAT,0,552116
araCp,0.08333333333333333,11,11,AAAGTGCTGCATGTCGTGAG,0,548235
araCp,0.08333333333333333,11,11,AAAGCGCCCTATAGAGAGGT,0,579192
araCp,0.08333333333333333,11,11,AAAGAACTTCTAGGGTTGCC,0,597998
araCp,0.08333333333333333,11,11,AAACTCCGCGATAAAGTCTT,0,529079
araCp,0.08333333333333333,11,11,AAACAGGATGGGATGTGAAG,0,587560
araCp,0.08333333333333333,11,11,AAAAGTTTGTCTTCACAGTC,0,576667
araCp,0.08333333333333333,11,11,AAAAGTAATGTGTCTATGGT,0,547065
araCp,0.09090909090909091,10,10,TTTTTCTGGTCCAGGTCCCA,0,531947
araCp,0.09090909090909091,10,10,TTTTGGGATACCAAACTACA,0,555139
araCp,0.09090909090909091,10,10,TTTGTGCTATCCTTTACCCA,0,576210
araCp,0.09090909090909091,10,10,TTTGTCCAGTACTACCTCTT,0,556099
araCp,0.09090909090909091,10,10,TTTCTTCCAGCGTAGATGGA,0,539375
araCp,0.09090909090909091,10,10,TTTATCTCTCTCGTGGGAAA,0,561922
araCp,0.09090909090909091,10,10,TTTAGAACCGGGTAACCCGA,0,566139
araCp,0.09090909090909091,10,10,TTTACTGCTCGTCTTTATAC,0,549879
araCp,0.09090909090909091,10,10,TTGGTAACTGCTTGAATAGC,0,589935
araCp,0.09090909090909091,10,10,TTGGCACTTCTAACTATCCA,0,526893
araCp,0.09090909090909091,10,10,TTGCTCGAGCACGAATAACT,0,558925
araCp,0.09090909090909091,10,10,TTGCAGGAGATATCTCCGGG,0,545203
araCp,0.09090909090909091,10,10,TTGAGTACCGACACATCCTG,0,562356
araCp,0.09090909090909091,10,10,TTCTAGGGGGAGGGCAATGT,0,596317
araCp,0.09090909090909091,10,10,TTCGGTGACTCTAAGTTCTT,0,599440
araCp,0.09090909090909091,10,10,TTCCCACAGCGGGTTCCGCT,0,599884
araCp,0.09090909090909091,10,10,TTCATAATTACGTGCCGCGT,0,549350
araCp,0.09090909090909091,10,10,TTCAGGAGTGGTCGGTCCTC,0,589603
araCp,0.09090909090909091,10,10,TTATCAAGCTACGCTATCCA,0,548236
araCp,0.09090909090909091,10,10,TTACGGATCGCTATAACTCC,0,562281
araCp,0.09090909090909091,10,10,TTACCCGGATGACCTCTCAA,0,542790
araCp,0.09090909090909091,10,10,TTACCCGAGGCCGAAGGCGT,0,553301
araCp,0.09090909090909091,10,10,TTAAAGCGTCCTCAACACAT,0,526199
araCp,0.09090909090909091,10,10,TGTTTGTTAGCGGATGGTCA,0,572747
araCp,0.09090909090909091,10,10,TGTTTGAGAATTCAGAGACA,0,601444
araCp,0.09090909090909091,10,10,TGTGTATCCGAGGTAGTAAT,0,559379
araCp,0.09090909090909091,10,10,TGTGATATGGCTAAGTAAAT,0,557979
araCp,0.09090909090909091,10,10,TGTACGGATCTTAGGGGATG,0,566158
araCp,0.09090909090909091,10,10,TGTACCAGGCAGGCATAGAT,0,550729
araCp,0.09090909090909091,10,10,TGGTTTTTTAGAAAGAGCGG,0,598879
araCp,0.09090909090909091,10,10,TGGTTCAGAGTGCACAATGT,0,546731
araCp,0.09090909090909091,10,10,TGGTCGTCCAACGAAAGTTG,0,544239
araCp,0.09090909090909091,10,10,TGGTCGCACCGAAATCCATG,0,543264
araCp,0.09090909090909091,10,10,TGGGCTCTATATTAGGCTCT,0,541222
araCp,0.09090909090909091,10,10,TGGGCCTTAGACAACTACAG,0,557734
araCp,0.09090909090909091,10,10,TGGGCCTCCGATAGGGTGTA,0,590082
araCp,0.09090909090909091,10,10,TGGGCATGTGGGCACGTTAC,0,569334
araCp,0.09090909090909091,10,10,TGGGAGGTGCTGCTCACCTC,0,583571
araCp,0.09090909090909091,10,10,TGGCCACGTCCTCATTGGTG,0,548654
araCp,0.09090909090909091,10,10,TGGCACCGGTGCATGTTCTA,0,584561
araCp,0.09090909090909091,10,10,TGGCAACGCTACCACCAGAA,0,599992
araCp,0.09090909090909091,10,10,TGGAGTGTCAGGTTCTCGAA,0,570302
araCp,0.09090909090909091,10,10,TGGAGTGAACTAATGAAGAG,0,583211
araCp,0.09090909090909091,10,10,TGGAGCACAGAATCGGAGTA,0,596492
araCp,0.09090909090909091,10,10,TGGACGGCGCTGAACTATAC,0,568747
araCp,0.09090909090909091,10,10,TGCTGGTGCTCAAGGGACAG,0,549464
araCp,0.09090909090909091,10,10,TGCTGATCGATTGCCTATTA,0,556133
araCp,0.09090909090909091,10,10,TGCTCATATGGTAGTGTCGT,0,553479
araCp,0.09090909090909091,10,10,TGCTCAGGTGTTCAGCGGGA,0,532349
araCp,0.09090909090909091,10,10,TGCGTAGTTCATTGAGCCCT,0,531441
araCp,0.09090909090909091,10,10,TGAGTCATAAATCAGAAGAA,0,578972
araCp,0.09090909090909091,10,10,TGAGGCTCCCCGGACGACCT,0,564624
araCp,0.09090909090909091,10,10,TGAGCTATCACATAAAAATA,0,532126
araCp,0.09090909090909091,10,10,TGACTGTCAAACGAATATGA,0,575938
araCp,0.09090909090909091,10,10,TCTTTACACTAATAATGTTG,0,599149
araCp,0.09090909090909091,10,10,TCTGGCAGGCATGATAAGTG,0,580426
araCp,0.09090909090909091,10,10,TCTGGAACAATCCCGGGTTT,0,578355
araCp,0.09090909090909091,10,10,TCTGAGCCATTTATTTTTGC,0,580912
araCp,0.09090909090909091,10,10,TCTCCTAGAGCTAAAATGTT,0,549781
araCp,0.09090909090909091,10,10,TCTCAGTGGGCCATGGATGA,0,569841
araCp,0.09090909090909091,10,10,TCTAGTAGTACAGCCTAATG,0,593958
araCp,0.09090909090909091,10,10,TCTACGTTTTACGCCGTGTA,0,551062
araCp,0.09090909090909091,10,10,TCGTTCAAAAAACGGTCCGC,0,551136
araCp,0.09090909090909091,10,10,TCGTATTTTTATACGTAGGT,0,589389
araCp,0.09090909090909091,10,10,TCGTAAATCGTTCGTGCCTC,0,565329
araCp,0.09090909090909091,10,10,TCGGCTGTATGAAGAGGACA,0,574875
araCp,0.09090909090909091,10,10,TCGGCGATACGACTACTCAA,0,596999
araCp,0.09090909090909091,10,10,TCGCTTCTCCTATAATAGTG,0,545720
araCp,0.09090909090909091,10,10,TCGAGGTATTCAAAACTACA,0,554513
araCp,0.09090909090909091,10,10,TCGAGCTGAAGGTGTCCGTA,0,582846
araCp,0.09090909090909091,10,10,TCCTCTGGCGTTTGTCTGTA,0,586389
araCp,0.09090909090909091,10,10,TCCGTTCGAGGGTGTACAAC,0,550511
araCp,0.09090909090909091,10,10,TCCCCGGTCGCAGTATCCCA,0,595160
araCp,0.09090909090909091,10,10,TCCCCCGACCACAGTTTCAC,0,593693
araCp,0.09090909090909091,10,10,TCCAAGCAACGGTAACACAC,0,550088
araCp,0.09090909090909091,10,10,TCCAACTGGCGATACAGCGG,0,566692
araCp,0.09090909090909091,10,10,TCAGCGGACGGCGCTCGATA,0,561045
araCp,0.09090909090909091,10,10,TCACGGAACATAGAACCCAC,0,586965
araCp,0.09090909090909091,10,10,TCACGACCACGTCACTTTAA,0,572546
araCp,0.09090909090909091,10,10,TCACCGAGGGCATCGAGGCA,0,548701
araCp,0.09090909090909091,10,10,TCAAGCTCTAGATCGCGGTG,0,600262
araCp,0.09090909090909091,10,10,TATTTAACTTCTTATGGGAC,0,577747
araCp,0.09090909090909091,10,10,TATTGAACCTGCCGGAGTTT,0,555227
araCp,0.09090909090909091,10,10,TATTCTAAGGTCTTAGATTA,0,553860
araCp,0.09090909090909091,10,10,TATGCATAGGAGGAGCCGTG,0,558055
araCp,0.09090909090909091,10,10,TATCCAAACATTTCAGAATA,0,560857
araCp,0.09090909090909091,10,10,TATAGCCGAGCAAAACAGAG,0,552413
araCp,0.09090909090909091,10,10,TATAAGGCAATTGCCCGGTT,0,589611
araCp,0.09090909090909091,10,10,TAGTGCCGGAACGCGGAATA,0,566195
araCp,0.09090909090909091,10,10,TAGGTTATGTCGGGCTTTCA,0,594384
araCp,0.09090909090909091,10,10,TAGGTCCTAAACGAGCACAC,0,586585
araCp,0.09090909090909091,10,10,TAGGCACGAGCTTAGCCCGC,0,558623
araCp,0.09090909090909091,10,10,TAGCTTGAAGGGGTACAATT,0,586875
araCp,0.09090909090909091,10,10,TAGAAACCGGCTCATGGCGT,0,550559
araCp,0.09090909090909091,10,10,TACTTGGACAGACAGTACTG,0,562654
araCp,0.09090909090909091,10,10,TACTAGGCTTCCTGCCAGTT,0,527431
araCp,0.09090909090909091,10,10,TACGAACCCGGATTTCGGTT,0,564859
araCp,0.09090909090909091,10,10,TACCCTGAGCGTTCGATTGT,0,563856
araCp,0.09090909090909091,10,10,TACATTTTATTTCAACTCAT,0,600816
araCp,0.09090909090909091,10,10,TACATAGATATTTGTCTTTC,0,588668
araCp,0.09090909090909091,10,10,TAAGCATTCGAAACAGCGGT,0,597319
araCp,0.09090909090909091,10,10,TAAATCGCCAATAGTTAGCT,0,544629
araCp,0.09090909090909091,10,10,GTTTTTTACATGTTAGGTAT,0,538902
araCp,0.09090909090909091,10,10,GTTTTTAACAGGTCCAAGCA,0,542287
araCp,0.09090909090909091,10,10,GTTTTCTGTAAGCGGTGGCG,0,553417
araCp,0.09090909090909091,10,10,GTTTCGGTCTAATCTAAATT,0,544829
araCp,0.09090909090909091,10,10,GTTCCAAGTACATAGAAGGA,0,595232
araCp,0.09090909090909091,10,10,GTTATGCCCTGCCCAGTACG,0,537631
araCp,0.09090909090909091,10,10,GTTAAATCAGCATGTCTGCA,0,601110
araCp,0.09090909090909091,10,10,GTGTTGAGGGTCTCTAAACT,0,570246
araCp,0.09090909090909091,10,10,GTGTAATTTCAGGATCTATG,0,526035
araCp,0.09090909090909091,10,10,GTGGCTGCTAAAGGGTGGCC,0,555916
araCp,0.09090909090909091,10,10,GTGCGTTGGCATTTAAACAT,0,567548
araCp,0.09090909090909091,10,10,GTGCGATGGCTGGCGGCTCG,0,538853
araCp,0.09090909090909091,10,10,GTGATCATCCACTAATTGAT,0,574942
araCp,0.09090909090909091,10,10,GTGATATCGGTATGGCGGGG,0,531974
araCp,0.09090909090909091,10,10,GTGAGTCTCAGCAGTGACGA,0,581411
araCp,0.09090909090909091,10,10,GTGAGCTGCCGTCCCCGCAT,0,533353
araCp,0.09090909090909091,10,10,GTCTTACAAACTAGCGCGCA,0,557437
araCp,0.09090909090909091,10,10,GTCGTCCTTGGAGAATACAG,0,565972
araCp,0.09090909090909091,10,10,GTCCCGCGCTTGGATTAAAC,0,579704
araCp,0.09090909090909091,10,10,GTCCATGATTAATGTGTACA,0,559987
araCp,0.09090909090909091,10,10,GTCATTTGAACAAAAAGTAT,0,535403
araCp,0.09090909090909091,10,10,GTCACCACCCATAGGCTTAA,0,563579
araCp,0.09090909090909091,10,10,GTCAATACCATTTACGTATG,0,540044
araCp,0.09090909090909091,10,10,GTAGTAACTCGAAACGACTT,0,529243
araCp,0.09090909090909091,10,10,GTAGGCTCGAGAAAAATGGT,0,577302
araCp,0.09090909090909091,10,10,GTAGCGTCCTCCCATATACT,0,552255
araCp,0.09090909090909091,10,10,GTAATCGCAAGTGTTTAGTG,0,585066
araCp,0.09090909090909091,10,10,GTAAAACGCAAGAGTAAGGT,0,560057
araCp,0.09090909090909091,10,10,GGTTTCGACGAGGGGGGAAA,0,551205
araCp,0.09090909090909091,10,10,GGTTGGCATTGTTGCGTGAA,0,583568
araCp,0.09090909090909091,10,10,GGTTGCGTAACTTAGGGGCT,0,537016
araCp,0.09090909090909091,10,10,GGTCTCGAGTTAATTTCATA,0,591883
araCp,0.09090909090909091,10,10,GGTAATTACATGACTGCTTG,0,580481
araCp,0.09090909090909091,10,10,GGGTGAGGACCTTCGTACCA,0,570999
araCp,0.09090909090909091,10,10,GGGTCCTCAACTATTGAGAA,0,527249
araCp,0.09090909090909091,10,10,GGGTATTGCTGAACCTTCAA,0,572292
araCp,0.09090909090909091,10,10,GGGTATAGAGGCTACATCTC,0,560799
araCp,0.09090909090909091,10,10,GGGGAAACGATTATCGCGTT,0,571305
araCp,0.09090909090909091,10,10,GGGAGGTGAACGATCGAGAG,0,572694
araCp,0.09090909090909091,10,10,GGCGTGCGACATTAGGGTGT,0,540113
araCp,0.09090909090909091,10,10,GGCCTCACCCGTTGGCTTGG,0,589754
araCp,0.09090909090909091,10,10,GGCCGTAAAGACTCTAGAAC,0,593712
araCp,0.09090909090909091,10,10,GGATAACTTGGGAAACCAAG,0,546427
araCp,0.09090909090909091,10,10,GGAGGCCCTTTGTATAATGA,0,560974
araCp,0.09090909090909091,10,10,GGAGACCTATCGAAGGTAAA,0,563656
araCp,0.09090909090909091,10,10,GGAGAAATTGGGTGAGTAAA,0,536545
araCp,0.09090909090909091,10,10,GCTTTAGTTGGCGGCCCAGA,0,559117
araCp,0.09090909090909091,10,10,GCTGGCCCATACGCATCGTG,0,531170
araCp,0.09090909090909091,10,10,GCTGCGACGTGGGGGCAATG,0,545257
araCp,0.09090909090909091,10,10,GCTATAACCATGCTGGCTGT,0,598394
araCp,0.09090909090909091,10,10,GCGTAACCCTATAGCGGGTC,0,571689
araCp,0.09090909090909091,10,10,GCGGCGACTCGAGCGGAGAT,0,578366
araCp,0.09090909090909091,10,10,GCGATGCACTGGCGTGTAGC,0,583320
araCp,0.09090909090909091,10,10,GCGAGTGGCTGCCCATATCG,0,548057
araCp,0.09090909090909091,10,10,GCGAGTACCCGGCCGGAACG,0,530240
araCp,0.09090909090909091,10,10,GCGAGCAAGCACTCAGTGCA,0,543257
araCp,0.09090909090909091,10,10,GCCTTGTGGAGTTATCCAGC,0,592674
araCp,0.09090909090909091,10,10,GCCTGGGCTACTATGTGCGT,0,563008
araCp,0.09090909090909091,10,10,GCCTGCTTAGGCATTCTGGA,0,563389
araCp,0.09090909090909091,10,10,GCCTCGTGACCTTAACAAAG,0,541604
araCp,0.09090909090909091,10,10,GCCTCACTAGTCGGAGATTC,0,593802
araCp,0.09090909090909091,10,10,GCCTAAAACCGGTAAGAGTT,0,603441
araCp,0.09090909090909091,10,10,GCCGTTGAAGCCTGGGATTT,0,598579
araCp,0.09090909090909091,10,10,GCCGGGGGTGACGCACAACG,0,543201
araCp,0.09090909090909091,10,10,GCCGCTCTACATAAGATTGA,0,526393
araCp,0.09090909090909091,10,10,GCCGCGGGGGTATTTATTCA,0,542151
araCp,0.09090909090909091,10,10,GCCCGTCTGTTTGCCTCAGA,0,534025
araCp,0.09090909090909091,10,10,GCCCCGAAAGGTAATGGGGG,0,527309
araCp,0.09090909090909091,10,10,GCCACCGAACGTCGTGGCAT,0,583461
araCp,0.09090909090909091,10,10,GCCAACAGTACACGGGAAAG,0,579064
araCp,0.09090909090909091,10,10,GCATCTTAGATACTTAGCTA,0,589176
araCp,0.09090909090909091,10,10,GCAGTAGAGGGGTCACTAAG,0,538558
araCp,0.09090909090909091,10,10,GCAGGGCGAGCATGACTTCT,0,555699
araCp,0.09090909090909091,10,10,GCAATTCTACTTTTACAGGG,0,559045
araCp,0.09090909090909091,10,10,GATTCGAGCTTGAGAGGGTC,0,601804
araCp,0.09090909090909091,10,10,GATTACTTTCTATGTCTCAG,0,541247
araCp,0.09090909090909091,10,10,GATGAGTCGGTCGTCCTGGG,0,577353
araCp,0.09090909090909091,10,10,GATCGTCTTTTATTACGGGT,0,577161
araCp,0.09090909090909091,10,10,GAGTACCCAATTTACATACA,0,546919
araCp,0.09090909090909091,10,10,GAGGTCACAATATTATGATA,0,561076
araCp,0.09090909090909091,10,10,GAGGGACAGACCCGCGGGCT,0,585351
araCp,0.09090909090909091,10,10,GAGCTTCGTGATACAGCCGT,0,544386
araCp,0.09090909090909091,10,10,GAGCTATCGCACTGCTAACA,0,598762
araCp,0.09090909090909091,10,10,GAGCGGCGATCCGGATACGC,0,545746
araCp,0.09090909090909091,10,10,GAGCCTGTCTATATGTAGAC,0,601337
araCp,0.09090909090909091,10,10,GACTTTGACTGTTAAGGATG,0,591231
araCp,0.09090909090909091,10,10,GACTACATCGTTAAAGCCAG,0,581581
araCp,0.09090909090909091,10,10,GACGTGTGTTTCATTGACAC,0,527622
araCp,0.09090909090909091,10,10,GACACAGGTGTATCGCCCTA,0,545281
araCp,0.09090909090909091,10,10,GAATGGGGATTAGCTTTCGG,0,593034
araCp,0.09090909090909091,10,10,GAATGCTTTTTATTTCTTGT,0,574868
araCp,0.09090909090909091,10,10,GAATATTGCTATGGCTCTGC,0,540686
araCp,0.09090909090909091,10,10,GAAGTATCTTGGCAGCACTA,0,576406
araCp,0.09090909090909091,10,10,GAAGCTGCACTTTCAAAGCA,0,550557
araCp,0.09090909090909091,10,10,GAAGCCATGTAACCCCATCC,0,584909
araCp,0.09090909090909091,10,10,GAACTTTCTTTGAAACGTAG,0,567619
araCp,0.09090909090909091,10,10,GAACCTAGGGGTTCTAGTCT,0,552878
araCp,0.09090909090909091,10,10,GAACCGGCGCGAACCGCTAA,0,549862
araCp,0.09090909090909091,10,10,GAACCCCCGATACAAAAGTT,0,569958
araCp,0.09090909090909091,10,10,GAAATAGGATGTTCGAAGTA,0,586139
araCp,0.09090909090909091,10,10,GAAAGTTTTCCAGGTCTGCG,0,599345
araCp,0.09090909090909091,10,10,GAAACCCTGGGTAATGATTG,0,526234
araCp,0.09090909090909091,10,10,CTTTGTAATATGGAGCACCA,0,563711
araCp,0.09090909090909091,10,10,CTTTGGGTGTGTCGGCTATC,0,537047
araCp,0.09090909090909091,10,10,CTTGTTGATTTTATCAATGA,0,551244
araCp,0.09090909090909091,10,10,CTTGGCAGTTTTCGCACTGC,0,585431
araCp,0.09090909090909091,10,10,CTTCTTCAAGGTGTAGACAG,0,584736
araCp,0.09090909090909091,10,10,CTTAGGACGGCCTCGTCGGA,0,586726
araCp,0.09090909090909091,10,10,CTTAGGAAATGTAGGTCTAC,0,551187
araCp,0.09090909090909091,10,10,CTTACTTACTTGACAGCCAG,0,564136
araCp,0.09090909090909091,10,10,CTGGGGTCGCCAGGTCCACT,0,589600
araCp,0.09090909090909091,10,10,CTGGGAAATGACCAACCCGC,0,575546
araCp,0.09090909090909091,10,10,CTGCTATGCTCCTGAAAGCT,0,577816
araCp,0.09090909090909091,10,10,CTGCGTGGGTGGGTGGAACT,0,575007
araCp,0.09090909090909091,10,10,CTCGGTGATTAACGTATGAT,0,547449
araCp,0.09090909090909091,10,10,CTCGGCTTTCGAAAGGGACT,0,552965
araCp,0.09090909090909091,10,10,CTCCCGCAGTAGCGCTGGTG,0,546326
araCp,0.09090909090909091,10,10,CTCCACGTCACGTAGACACA,0,582321
araCp,0.09090909090909091,10,10,CTCATCGATGCGGGAATGCA,0,525753
araCp,0.09090909090909091,10,10,CTCAGCCATTACGGAAGGCA,0,536181
araCp,0.09090909090909091,10,10,CTAGGGACATATTGTTTACG,0,558646
araCp,0.09090909090909091,10,10,CTAGCCTATGGACCGAGCGA,0,536374
araCp,0.09090909090909091,10,10,CTACGAGGCCTGTGATTATA,0,593326
araCp,0.09090909090909091,10,10,CTACATTTCGCGAAACCCGT,0,571041
araCp,0.09090909090909091,10,10,CTACACTAAGCTGCTGGTGA,0,535500
araCp,0.09090909090909091,10,10,CTAAACACCAGAGTGTCTAC,0,562288
araCp,0.09090909090909091,10,10,CGTTTCGGGGGTACCCGCTA,0,534528
araCp,0.09090909090909091,10,10,CGTTGGATCGGTCAGATAGT,0,597130
araCp,0.09090909090909091,10,10,CGTGAACATCGTGAAACGGG,0,555885
araCp,0.09090909090909091,10,10,CGTCAGGCATCCGTCAGGCA,0,572974
araCp,0.09090909090909091,10,10,CGTATAGCCAGCATCAGCAA,0,591832
araCp,0.09090909090909091,10,10,CGGTTTGCCCAGAGACATGA,0,526992
araCp,0.09090909090909091,10,10,CGGTGATTAGGCAAAGGTTA,0,591402
araCp,0.09090909090909091,10,10,CGGTATTCAAAAGACAAGAT,0,552303
araCp,0.09090909090909091,10,10,CGGGTCGCATGGGTCCAAAC,0,585907
araCp,0.09090909090909091,10,10,CGGCGGTGGAGAGAAGGACT,0,536265
araCp,0.09090909090909091,10,10,CGGCGCCTGGGTTTGACGAG,0,553509
araCp,0.09090909090909091,10,10,CGGACGGCTATCAAGTGTGA,0,538535
araCp,0.09090909090909091,10,10,CGCTGGGCCCCTGCCCCGAT,0,563362
araCp,0.09090909090909091,10,10,CGCTACTCCTGCCAAAGCTC,0,577231
araCp,0.09090909090909091,10,10,CGCGAACGCCTATACAGACC,0,570285
araCp,0.09090909090909091,10,10,CGCCGGAACGGGCGAAACAA,0,566053
araCp,0.09090909090909091,10,10,CGCCCTGGGACGGCATAATA,0,557307
araCp,0.09090909090909091,10,10,CGCCAAGCCACCATAGGCAT,0,570405
araCp,0.09090909090909091,10,10,CGCATGTAATCAGGCTCAAC,0,590134
araCp,0.09090909090909091,10,10,CGCAGGGGATCAGGTTAGCG,0,542756
araCp,0.09090909090909091,10,10,CGCAATTCACCAGCGATCTA,0,571850
araCp,0.09090909090909091,10,10,CGATTCTCTAATAACATTCC,0,570213
araCp,0.09090909090909091,10,10,CGAGTAGATCGAACCCTCGG,0,567102
araCp,0.09090909090909091,10,10,CGACGTCTGTGATAACAGTA,0,558619
araCp,0.09090909090909091,10,10,CGACGTACAGCCCCAGGTCC,0,595835
araCp,0.09090909090909091,10,10,CGACGCCGGTTCGCGGTCCG,0,540859
araCp,0.09090909090909091,10,10,CGACGATGCATGCCCGAATT,0,589868
araCp,0.09090909090909091,10,10,CGAACCGGGACACCGCGGAT,0,536487
araCp,0.09090909090909091,10,10,CGAAATTTTAGGATGTTTGA,0,556416
araCp,0.09090909090909091,10,10,CGAAAAGATATCACGCTCAA,0,533265
araCp,0.09090909090909091,10,10,CCTTTGGATTCAGAAGGCAT,0,531793
araCp,0.09090909090909091,10,10,CCTTAGGTTTTACCACGCCG,0,535715
araCp,0.09090909090909091,10,10,CCTGCGTCTCTATAGACCGT,0,570693
araCp,0.09090909090909091,10,10,CCTATTCAGAACGGGTTTCG,0,585319
araCp,0.09090909090909091,10,10,CCTAGTAACGTTAGAAGCGA,0,591438
araCp,0.09090909090909091,10,10,CCGTGTCGATCCTGCCGTCT,0,540229
araCp,0.09090909090909091,10,10,CCGTCTATCAACGTCATGGG,0,542116
araCp,0.09090909090909091,10,10,CCGTCCGGTCTAAGTGCAAT,0,578421
araCp,0.09090909090909091,10,10,CCGTACCCAGACCAGGAGCC,0,565755
araCp,0.09090909090909091,10,10,CCGGTGCAATGAACATGAAT,0,553992
araCp,0.09090909090909091,10,10,CCGCCAATAATATTAAATAC,0,567239
araCp,0.09090909090909091,10,10,CCGATCGCAATTAGGCATTT,0,554234
araCp,0.09090909090909091,10,10,CCGAGTGGCACCTCTGGACG,0,542944
araCp,0.09090909090909091,10,10,CCGACTGGCTGCCAAATGCG,0,551996
araCp,0.09090909090909091,10,10,CCGAATTTCACGCATGAAAG,0,575564
araCp,0.09090909090909091,10,10,CCCTCTATGTAAGATCCAAA,0,550629
araCp,0.09090909090909091,10,10,CCCTCCCAACTACAATGTTG,0,561360
araCp,0.09090909090909091,10,10,CCCTAAAAAGAGTCACTCGA,0,574377
araCp,0.09090909090909091,10,10,CCCGGTGTAAATGCACCCAG,0,526663
araCp,0.09090909090909091,10,10,CCCGCCACGTGGGAACATTG,0,599005
araCp,0.09090909090909091,10,10,CCCGAGGTAAAAGGAGGATA,0,578743
araCp,0.09090909090909091,10,10,CCCGAACGAAAGGCACTAGC,0,562167
araCp,0.09090909090909091,10,10,CCCCCGTCGCATAGGCGAAC,0,531419
araCp,0.09090909090909091,10,10,CCCACGCTCTTCCGGACGGG,0,586799
araCp,0.09090909090909091,10,10,CCATCTCAGCAGAGAGCGTC,0,537478
araCp,0.09090909090909091,10,10,CCAGTATGGGATCTGCTACA,0,559995
araCp,0.09090909090909091,10,10,CCAGGGGACGGAGAGACGCA,0,532942
araCp,0.09090909090909091,10,10,CCAGAACAAAAAGGCCACCT,0,532369
araCp,0.09090909090909091,10,10,CCACGACCCGAACCCAAGTC,0,538543
araCp,0.09090909090909091,10,10,CCACCTTCTCTTGCTGAGAC,0,532177
araCp,0.09090909090909091,10,10,CCACATGCCCGATTCGTAAC,0,549678
araCp,0.09090909090909091,10,10,CCAAAGAGCCCCGACTTAAT,0,555476
araCp,0.09090909090909091,10,10,CATTTTCCTAGGTGTTGTAG,0,584195
araCp,0.09090909090909091,10,10,CATTTTATCTTGATCATAAA,0,584400
araCp,0.09090909090909091,10,10,CATTGAGCCGAGCTGTCCTA,0,576878
araCp,0.09090909090909091,10,10,CATTATCTGAGGGATAGTCG,0,567792
araCp,0.09090909090909091,10,10,CATGTCACTTGGGTGTTGCC,0,573430
araCp,0.09090909090909091,10,10,CATGAACGCTCAGAGTAAGT,0,526972
araCp,0.09090909090909091,10,10,CATCGATATTCGAATAAGGA,0,596305
araCp,0.09090909090909091,10,10,CATCCCTTTCCGGTCCTGTG,0,585382
araCp,0.09090909090909091,10,10,CATCCACCCATCAAGGCTTG,0,553765
araCp,0.09090909090909091,10,10,CATATCAGGCTCGCGTATAA,0,549528
araCp,0.09090909090909091,10,10,CATAGAATTCTTGAATGGAA,0,571495
araCp,0.09090909090909091,10,10,CAGTGAAATGGGCAATTGAG,0,572249
araCp,0.09090909090909091,10,10,CAGGGAGCATTAAGGACATA,0,592527
araCp,0.09090909090909091,10,10,CAGGCGCTGGTTAAAGGTTG,0,591584
araCp,0.09090909090909091,10,10,CAGGCACCGCAACTGAGATA,0,561182
araCp,0.09090909090909091,10,10,CAGGATTGCTTAGCGCGAGA,0,575756
araCp,0.09090909090909091,10,10,CAGCCACTCCGAGCAACCGT,0,542140
araCp,0.09090909090909091,10,10,CACTTTCCGGTCCGAGCTCG,0,595438
araCp,0.09090909090909091,10,10,CACTCGAATTTCGGTGCCTC,0,585360
araCp,0.09090909090909091,10,10,CACTAAAGAGGGGTACAGGG,0,553996
araCp,0.09090909090909091,10,10,CACCCTGGGCCGTCGAGAAT,0,541484
araCp,0.09090909090909091,10,10,CACCACTGGCTACAATCAAG,0,570818
araCp,0.09090909090909091,10,10,CACAGTTTCATCGTTTATCC,0,541807
araCp,0.09090909090909091,10,10,CACAGTTACACATTGGGAGC,0,571001
araCp,0.09090909090909091,10,10,CACACATACAGCCGTGTGAT,0,528656
araCp,0.09090909090909091,10,10,CACAACGTTGCAAGCTGCAA,0,591602
araCp,0.09090909090909091,10,10,CAATAACTGGGTCCCTAAGA,0,531805
araCp,0.09090909090909091,10,10,CAAGTCGGCCGACGCGCCTT,0,532162
araCp,0.09090909090909091,10,10,CAAGGTGTACGCAGGGGATT,0,554516
araCp,0.09090909090909091,10,10,CAACTCCATAGTGAAGGACT,0,549889
araCp,0.09090909090909091,10,10,CAACTAAAACCCTATTCAGC,0,577494
araCp,0.09090909090909091,10,10,CAACGTGACATGGAATGGAT,0,559123
araCp,0.09090909090909091,10,10,CAACAGAGAGAGAAAAACTC,0,570394
araCp,0.09090909090909091,10,10,CAAATCGTCTGCACCCCCTG,0,593727
araCp,0.09090909090909091,10,10,ATTTGGCCTTTGCGGTAATG,0,525787
araCp,0.09090909090909091,10,10,ATTTCCGCTTGGGAAGTTGG,0,591871
araCp,0.09090909090909091,10,10,ATTTCCGCCATTAGGCATTC,0,559756
araCp,0.09090909090909091,10,10,ATTTACTTTCGTTTTGCCCA,0,536985
araCp,0.09090909090909091,10,10,ATTGCTGGACTTAGAACAAA,0,554058
araCp,0.09090909090909091,10,10,ATTGATGGCTGAAGATAAAT,0,559507
araCp,0.09090909090909091,10,10,ATTCTAAATCAATTAGCTCG,0,560839
araCp,0.09090909090909091,10,10,ATTCGATAGCGTTAGATGCT,0,549713
araCp,0.09090909090909091,10,10,ATTATAAATGCCCATCATCA,0,590966
araCp,0.09090909090909091,10,10,ATTAATCCCAGCTTCTAGAT,0,560280
araCp,0.09090909090909091,10,10,ATGTGAGCTCCGAGTATCTA,0,601233
araCp,0.09090909090909091,10,10,ATGTCATCCTGTGGCGCTTC,0,594678
araCp,0.09090909090909091,10,10,ATGGTGATACGCGAGCCCGA,0,525967
araCp,0.09090909090909091,10,10,ATGGGTTGGTGATAAACTCG,0,567240
araCp,0.09090909090909091,10,10,ATGGGTGCACTTTGACAGTT,0,586391
araCp,0.09090909090909091,10,10,ATGGCAGACGAACGATACGT,0,557727
araCp,0.09090909090909091,10,10,ATGCTGCAGCTTTGACCTTA,0,577589
araCp,0.09090909090909091,10,10,ATGCCCACTAAAGCATCGCA,0,532343
araCp,0.09090909090909091,10,10,ATGCAGACAGCATATTTGGA,0,542557
araCp,0.09090909090909091,10,10,ATGATTACCAACCTGCGAGA,0,546053
araCp,0.09090909090909091,10,10,ATGATGCGCTAGTTTAGTTT,0,558524
araCp,0.09090909090909091,10,10,ATGAGGTCCTTTCATCTCTA,0,570145
araCp,0.09090909090909091,10,10,ATCTCAATGCGTCAGGCTTT,0,596972
araCp,0.09090909090909091,10,10,ATCGGTAGAGAAGTATATCA,0,569845
araCp,0.09090909090909091,10,10,ATCGCATAGAATCTCTCGAT,0,589024
araCp,0.09090909090909091,10,10,ATCCGGAGAGCCAATAGGCC,0,525553
araCp,0.09090909090909091,10,10,ATCATTATATTTGAAATTAC,0,555083
araCp,0.09090909090909091,10,10,ATCATAATGGCCATGCGGGA,0,553353
araCp,0.09090909090909091,10,10,ATCAGATGGGATTCAGGGAC,0,559749
araCp,0.09090909090909091,10,10,ATAGCATTAGATGGCGGGTA,0,544985
araCp,0.09090909090909091,10,10,ATACACGAGTTACTTTCGGG,0,554331
araCp,0.09090909090909091,10,10,ATACAATTCTGTTCGCAACA,0,590777
araCp,0.09090909090909091,10,10,ATAAGGAACCGGCGAGGCTA,0,592629
araCp,0.09090909090909091,10,10,ATAAACCGATAGACGCGCAG,0,577125
araCp,0.09090909090909091,10,10,AGTGTGATTTTGCGGACAGT,0,558901
araCp,0.09090909090909091,10,10,AGTGCAGAAGGAATTGTTCG,0,589766
araCp,0.09090909090909091,10,10,AGTCCCCCCTTTTACGAACT,0,541345
araCp,0.09090909090909091,10,10,AGTATGATGTGGACAACGAC,0,603243
araCp,0.09090909090909091,10,10,AGTAGTTTCTTAGTGGTAGA,0,590122
araCp,0.09090909090909091,10,10,AGGTATTCCAGTAAGTTTCT,0,528725
araCp,0.09090909090909091,10,10,AGGGTTTCTTCTAACATTGG,0,557466
araCp,0.09090909090909091,10,10,AGGCTGACCATGGGCTGATT,0,547172
araCp,0.09090909090909091,10,10,AGGCCCGGATTATGTGTGTC,0,572166
araCp,0.09090909090909091,10,10,AGGCCACATACACGGGACAT,0,586644
araCp,0.09090909090909091,10,10,AGGAGGGGGGTATTCCAGAG,0,596283
araCp,0.09090909090909091,10,10,AGCGCCTGTACACGTACGGG,0,567790
araCp,0.09090909090909091,10,10,AGCCTGGAGTGTCAAACATA,0,545396
araCp,0.09090909090909091,10,10,AGCCGGGACTTTTTCCAGGA,0,538091
araCp,0.09090909090909091,10,10,AGCCCTCCGCATAAGGCTAA,0,586257
araCp,0.09090909090909091,10,10,AGCCCTCAGCACGGTTCGCA,0,548444
araCp,0.09090909090909091,10,10,AGCAGGGCTTGAAAAAGGAA,0,537918
araCp,0.09090909090909091,10,10,AGCAACCCACTGCATAGTGT,0,574739
araCp,0.09090909090909091,10,10,AGCAAATTTCCGCGTCTCGA,0,581888
araCp,0.09090909090909091,10,10,AGATGCCGTCGGGTTCTGGC,0,570826
araCp,0.09090909090909091,10,10,AGATGATGTTTACACTCATT,0,584398
araCp,0.09090909090909091,10,10,AGAGTTATGTAGCCCCCTAT,0,553053
araCp,0.09090909090909091,10,10,AGAGGTGACCATGGTAACCC,0,575207
araCp,0.09090909090909091,10,10,AGAGCACCCCATACGAATGT,0,545199
araCp,0.09090909090909091,10,10,AGACGACCCTCGGATGAAGT,0,599019
araCp,0.09090909090909091,10,10,ACTTACAATCCTCGCCGGCC,0,599687
araCp,0.09090909090909091,10,10,ACTGGGAAAGCCTCCAATCG,0,546422
araCp,0.09090909090909091,10,10,ACTGCACTCAAGCCCTTCTC,0,537545
araCp,0.09090909090909091,10,10,ACTCCACGTTCTACATCTTC,0,573649
araCp,0.09090909090909091,10,10,ACGTCTAATTGGGGGACCCT,0,584949
araCp,0.09090909090909091,10,10,ACGGGCTTTCTACCACCAGT,0,585772
araCp,0.09090909090909091,10,10,ACGCTAATAAGGCTCCATTG,0,542616
araCp,0.09090909090909091,10,10,ACGATCGTACGGAAGTTCAC,0,559770
araCp,0.09090909090909091,10,10,ACGAGGCATACAGTACCGCA,0,589409
araCp,0.09090909090909091,10,10,ACCTCCTACGGGATTCGCGC,0,578281
araCp,0.09090909090909091,10,10,ACCGCTAGGGCATCCATGTG,0,562901
araCp,0.09090909090909091,10,10,ACCCTGAGAACTGGCTATAC,0,583283
araCp,0.09090909090909091,10,10,ACCCCATGGAGTGCGGGAAT,0,563717
araCp,0.09090909090909091,10,10,ACCCATGTTAGAGTACGTGT,0,567997
araCp,0.09090909090909091,10,10,ACCATTGGTTGGCTCCTGGT,0,581513
araCp,0.09090909090909091,10,10,ACCAGCGCGCCTAAAAAAAT,0,532322
araCp,0.09090909090909091,10,10,ACATTTATCGTGGCGCTCCC,0,575828
araCp,0.09090909090909091,10,10,ACATTCGGAGGGTTGGGGCA,0,594386
araCp,0.09090909090909091,10,10,ACATGCCAGAGCCATGCTAC,0,554106
araCp,0.09090909090909091,10,10,ACATGATCATGTGAACAGTA,0,569788
araCp,0.09090909090909091,10,10,ACATATAGCTTAACGGGGCA,0,567122
araCp,0.09090909090909091,10,10,ACAGTGTCGGTGCCCCTCCG,0,595979
araCp,0.09090909090909091,10,10,ACAGTAGGCTGAATCGTGTC,0,584254
araCp,0.09090909090909091,10,10,ACAGATTAGTTATAACGTCA,0,586590
araCp,0.09090909090909091,10,10,ACAACATACTACCTGTAATG,0,543397
araCp,0.09090909090909091,10,10,AATGCACTCTCTTGTGACGT,0,531747
araCp,0.09090909090909091,10,10,AATCCCGTGCAGCTGTGCAG,0,537508
araCp,0.09090909090909091,10,10,AAGTTTGGAACTTCAACTAG,0,586763
araCp,0.09090909090909091,10,10,AAGTCGTTAACCGTGGGGAT,0,555381
araCp,0.09090909090909091,10,10,AAGGGGGCCATTCCCTTGGC,0,594737
araCp,0.09090909090909091,10,10,AAGGGCTTCGCTAGCTCCTT,0,556556
araCp,0.09090909090909091,10,10,AAGGCAAGGCTTGGAATTTC,0,598469
araCp,0.09090909090909091,10,10,AAGCTGCTTGGGACTGCACT,0,538107
araCp,0.09090909090909091,10,10,AAGCGCGCACCTAAGATCGC,0,529019
araCp,0.09090909090909091,10,10,AAGCGAACAATAGTATAGTC,0,578333
araCp,0.09090909090909091,10,10,AAGCACCATTTAGTCTACGA,0,592516
araCp,0.09090909090909091,10,10,AAGATAGGGTTACTCAATAA,0,578958
araCp,0.09090909090909091,10,10,AAGAGAGTGTATTGGGCTTA,0,589270
araCp,0.09090909090909091,10,10,AAGAACGCAGTAGGCGGGTT,0,550303
araCp,0.09090909090909091,10,10,AACTTCCAAAGCGGAGCCAT,0,548292
araCp,0.09090909090909091,10,10,AACTTCACCACCTCTTCCCC,0,546302
araCp,0.09090909090909091,10,10,AACTCCTAGCGAGATATCCT,0,602619
araCp,0.09090909090909091,10,10,AACGGAAGGGTTTTGATCGG,0,544213
araCp,0.09090909090909091,10,10,AACGACAAGTATAGAAAACG,0,576617
araCp,0.09090909090909091,10,10,AACGAAAACCGTGACCAGAT,0,571099
araCp,0.09090909090909091,10,10,AACCGGCGACGGTTCTGTAC,0,556936
araCp,0.09090909090909091,10,10,AACAGTTTGGGCAATATACC,0,545733
araCp,0.09090909090909091,10,10,AAATTGCGAGCGCAGTTCAT,0,575339
araCp,0.09090909090909091,10,10,AAATATTGAGAGTGACCACG,0,555473
araCp,0.09090909090909091,10,10,AAAGTTACATTACGTTCAAT,0,603536
araCp,0.09090909090909091,10,10,AAAACTTCGCTTTTTCTACT,0,575861
araCp,0.1,9,9,TTTTCTGAGGTGTTCCCATT,0,527107
araCp,0.1,9,9,TTTTAGTAACACGACAAGCA,0,560475
araCp,0.1,9,9,TTTGGTATGTATAGAATAAG,0,570344
araCp,0.1,9,9,TTTGAAACAGGAGAAGGTTT,0,596037
araCp,0.1,9,9,TTTCTGAGGTAAAGTTTCGT,0,556988
araCp,0.1,9,9,TTTCTAACGGTGGACGACAC,0,538062
araCp,0.1,9,9,TTTCAATAGCCCACGAAATG,0,602170
araCp,0.1,9,9,TTTAACGAAGTAGTAACCTA,0,594685
araCp,0.1,9,9,TTGTCGGAGTTAGTTATGGC,0,551869
araCp,0.1,9,9,TTGTCGAAGGCTCCTTCGGG,0,567509
araCp,0.1,9,9,TTGGTGTTTCACTGCACATA,0,558656
araCp,0.1,9,9,TTGGCAGCGGACCTCGATTG,0,593093
araCp,0.1,9,9,TTGCTTAGACCTTCTTATAG,0,566665
araCp,0.1,9,9,TTGCGTGGAGGGACGTAAAC,0,592945
araCp,0.1,9,9,TTGCGTAATACAGCTCACAT,0,555480
araCp,0.1,9,9,TTGCATTCGTTTGCCACGAC,0,563262
araCp,0.1,9,9,TTGCAGAAAAGGGAATTCCT,0,582055
araCp,0.1,9,9,TTGATCGTTGACACAATCCG,0,573731
araCp,0.1,9,9,TTCGAAGGGAGCAAACGTCC,0,582302
araCp,0.1,9,9,TTCGAAATGTTTATCGTTCC,0,538042
araCp,0.1,9,9,TTCCACGTAATAATGGGTAC,0,543207
araCp,0.1,9,9,TTCCACGAGAGTACGTGGAA,0,544828
araCp,0.1,9,9,TTATTGACGTCCACCGGTTA,0,564537
araCp,0.1,9,9,TTATTCGTCATTTACGTAAC,0,526128
araCp,0.1,9,9,TTATTAATAACTGCTGTTGC,0,596772
araCp,0.1,9,9,TTATGATTTCCCATGGAAGT,0,541196
araCp,0.1,9,9,TTATCTATACTCCACTGACT,0,589841
araCp,0.1,9,9,TTAGGGAAGAGTCGGAAAAT,0,556782
araCp,0.1,9,9,TTAATGTGTATCGAAAGAGT,0,559863
araCp,0.1,9,9,TTAAGTGTTCTTTCATGTAC,0,582505
araCp,0.1,9,9,TTAAGGCAAACACACAAAAT,0,532628
araCp,0.1,9,9,TTAACTGGTAGCATGGAAAC,0,544392
araCp,0.1,9,9,TTAAATCTGCCAGCGTTCTC,0,526136
araCp,0.1,9,9,TGTTTGGGTGTGTAATCCTT,0,594766
araCp,0.1,9,9,TGTTTGGATTCATTCACCTC,0,600574
araCp,0.1,9,9,TGTTCTCTTTGGAGACGAGA,0,528644
araCp,0.1,9,9,TGTACAGAGGTCAGCTAAGT,0,595202
araCp,0.1,9,9,TGTAAGTGACTGTCGGATGG,0,528541
araCp,0.1,9,9,TGGTTATTTGCCGAAGGAGT,0,550764
araCp,0.1,9,9,TGGTACAGCGCAGAAGGTGC,0,569727
araCp,0.1,9,9,TGGCGCGGCGCGCTTAATAC,0,536769
araCp,0.1,9,9,TGGAACCAAACAGTTTGGCA,0,540590
araCp,0.1,9,9,TGCTCTCTTTTGGGTGATTA,0,596448
araCp,0.1,9,9,TGCCGGCTCGATAATTATAC,0,597406
araCp,0.1,9,9,TGCATACGTATGTCTCGATC,0,599646
araCp,0.1,9,9,TGCATAAATGGATCTTTGGA,0,595861
araCp,0.1,9,9,TGCAAGCATCACAACTAGCA,0,540930
araCp,0.1,9,9,TGATTGCAGGTGCCGGTAGT,0,572860
araCp,0.1,9,9,TGATTATTAGTTGCTGTACA,0,531709
araCp,0.1,9,9,TGAGGATCCAGGTGGAATCT,0,596308
araCp,0.1,9,9,TGAGCTTCTCACGGGCACAC,0,587334
araCp,0.1,9,9,TGACTTTGGTTGCCCACATG,0,550751
araCp,0.1,9,9,TGACCTACAAGAAACGCTCG,0,539440
araCp,0.1,9,9,TGAATAAACCAGTGTATGCT,0,550097
araCp,0.1,9,9,TCTTTTGTTTCGCAGCTATA,0,532312
araCp,0.1,9,9,TCTGTGATTACAATTGCCAT,0,583784
araCp,0.1,9,9,TCTGCTGAATGGACATCAAT,0,603073
araCp,0.1,9,9,TCGTCTTTAGTTTTGGGGGT,0,576839
araCp,0.1,9,9,TCGTCTCCTGCTAGACGGAC,0,582885
araCp,0.1,9,9,TCGTCTAGGTGTTTATGTTG,0,581106
araCp,0.1,9,9,TCGGTCTCACACTGTTCCTA,0,554295
araCp,0.1,9,9,TCGGCTAAAGAGTACTTTTG,0,595335
araCp,0.1,9,9,TCGGACGCATGCGAAACTGT,0,546953
araCp,0.1,9,9,TCGGACATGTATTAGCGGTC,0,530575
araCp,0.1,9,9,TCGCTGGACAATATTGTTGC,0,558483
araCp,0.1,9,9,TCGCCCAACAGATATTCATT,0,542161
araCp,0.1,9,9,TCGATTCAATGCGGTGCGAG,0,562168
araCp,0.1,9,9,TCGAGGTTTACCTCGCGTCA,0,532425
araCp,0.1,9,9,TCGAGCGTCCCCACTGGGCA,0,596786
araCp,0.1,9,9,TCGAACCAGTTAATAAAAGC,0,558526
araCp,0.1,9,9,TCCTGAATGCATTCTGCTCC,0,557368
araCp,0.1,9,9,TCCTAGCTTCATTCTTCTTG,0,534724
araCp,0.1,9,9,TCCGGTACATCGAAAAGTAT,0,571670
araCp,0.1,9,9,TCCGGCCATAGAATGGCGGT,0,593163
araCp,0.1,9,9,TCCCGGGTTTGAGCCACTAG,0,534764
araCp,0.1,9,9,TCCACGTGGGAGCGAACGGA,0,580682
araCp,0.1,9,9,TCCAAAAATACATCGTCTCC,0,529011
araCp,0.1,9,9,TCATTTGCGACAAGCCCTTT,0,603440
araCp,0.1,9,9,TCATTCGAGTATTGTTTGGA,0,587428
araCp,0.1,9,9,TCATCATAGATAAACATTAC,0,555088
araCp,0.1,9,9,TCATAAAACGAGCGTGGGTA,0,582564
araCp,0.1,9,9,TCAGGTATGCCAGTCCGCGC,0,578244
araCp,0.1,9,9,TCAGGGTATTAGTCCAAAAA,0,589865
araCp,0.1,9,9,TCAGGCCGTGCGCGAGGTCA,0,557142
araCp,0.1,9,9,TCAGGAAGCTCAGATCCCAT,0,553063
araCp,0.1,9,9,TCAGCTGGGAAAACTTCTAT,0,528179
araCp,0.1,9,9,TCAGCTGCCACCAAGCGAAG,0,579733
araCp,0.1,9,9,TCACTGTGCTGAGGGATAGT,0,571445
araCp,0.1,9,9,TCAATTGATCTACCACGCTA,0,574957
araCp,0.1,9,9,TCAAGCATGACTGGCCCACA,0,570015
araCp,0.1,9,9,TCAACAGTCTATTGGAGGTA,0,593981
araCp,0.1,9,9,TATTTTGTTATTGCGTCAAC,0,575166
araCp,0.1,9,9,TATTTCTGCGGCGGTTTTGC,0,556592
araCp,0.1,9,9,TATTATTTGCACAGGACTCA,0,538834
araCp,0.1,9,9,TATGGACTATGTGCTGAGCT,0,565690
araCp,0.1,9,9,TATGCAGGCGTGTTTCGCGG,0,555910
araCp,0.1,9,9,TATCGCCTACCACACGTACG,0,533466
araCp,0.1,9,9,TATCGCAGCATACGCCATAC,0,560726
araCp,0.1,9,9,TATCCGTGGAGATGCCCTCT,0,532158
araCp,0.1,9,9,TATCATTGCATACTCTAGGA,0,597851
araCp,0.1,9,9,TATATGCAGTCGTTGTACAT,0,557988
araCp,0.1,9,9,TATACACCTCGACCGTCCTG,0,602337
araCp,0.1,9,9,TATAATACATGAGTGCGAGA,0,593781
araCp,0.1,9,9,TAGGCAATTGCGGTATCTAA,0,540230
araCp,0.1,9,9,TAGCTACGGCGCGTACCTTT,0,571529
araCp,0.1,9,9,TAGCCCGTGGCGTGATAAAG,0,558476
araCp,0.1,9,9,TACTCCTGCGGCGTGCAACA,0,564955
araCp,0.1,9,9,TACTACCTTCGTGGATGTCA,0,576797
araCp,0.1,9,9,TACGTACTGTTTGGACTGTC,0,547655
araCp,0.1,9,9,TACGCTGGGTCGAAGAGCGG,0,597513
araCp,0.1,9,9,TACCTGTGTATCGGGAGCGT,0,530321
araCp,0.1,9,9,TACAGGAGGTTCTGAACGGG,0,576565
araCp,0.1,9,9,TACACGGGGTCGTACAACGC,0,565765
araCp,0.1,9,9,TACAAGAGATCACAAGCTTT,0,574837
araCp,0.1,9,9,TACAACAGGACTGGTCTGTA,0,578142
araCp,0.1,9,9,TAATTCCCATTCTTGCTCAG,0,562172
araCp,0.1,9,9,TAATTCAAGGGCCGAGGGAT,0,528739
araCp,0.1,9,9,TAACGCGAGTTTGTAGTGAA,0,595937
araCp,0.1,9,9,TAACCGATCGATGCTTTGTT,0,593960
araCp,0.1,9,9,TAACAACTAGCACGTCTAAG,0,601160
araCp,0.1,9,9,GTTTTTAGTAGACCGTATCG,0,576200
araCp,0.1,9,9,GTTTCACAAAGCTGATAGGG,0,574911
araCp,0.1,9,9,GTTTACTCTTAAGGGGATCG,0,530026
araCp,0.1,9,9,GTTGTTGGTAGCTCACGTTG,0,557826
araCp,0.1,9,9,GTTGTGCGCATTAACCTACG,0,542959
araCp,0.1,9,9,GTTCAGACTACGGGCCATAG,0,599780
araCp,0.1,9,9,GTGTTCTGAGGTTGTGTAAT,0,545912
araCp,0.1,9,9,GTGTGGGGGAGAACATTGAT,0,570120
araCp,0.1,9,9,GTGTCTGACGAATGACTTCT,0,533343
araCp,0.1,9,9,GTGGCTAATCGACCCGCTGC,0,525657
araCp,0.1,9,9,GTGGCCATATGTCATGCACA,0,594980
araCp,0.1,9,9,GTGGATCAAAAACCCGTGCG,0,542761
araCp,0.1,9,9,GTGCTGGAGTCTCTGAGATC,0,554478
araCp,0.1,9,9,GTGCTCCCGACAAAGGCGCA,0,583235
araCp,0.1,9,9,GTGCGTTCTCAAGTTAAGTT,0,580311
araCp,0.1,9,9,GTGCCGACATTTATACTTCT,0,533167
araCp,0.1,9,9,GTGATTCTTGCACTATTGAA,0,569145
araCp,0.1,9,9,GTGAGGTCCGCCCATGAAAA,0,593010
araCp,0.1,9,9,GTGAACTTTTTATCCAGTCG,0,538083
araCp,0.1,9,9,GTCTGAGAGCTTAGATGAAT,0,544918
araCp,0.1,9,9,GTCTGAATCGTTAGAGGTTG,0,549012
araCp,0.1,9,9,GTCGTGCACCGCCTTTAATA,0,594222
araCp,0.1,9,9,GTCGCGAGCACGGTATAACG,0,595259
araCp,0.1,9,9,GTCCTGCCCTCCGTAGATAG,0,540273
araCp,0.1,9,9,GTCCGATGGGAATGCTCGAC,0,537883
araCp,0.1,9,9,GTATTTGTATATGCGTTAGG,0,551977
araCp,0.1,9,9,GTATTGCGTTGGCTGAGTAT,0,603117
araCp,0.1,9,9,GTATTGCATCATTCCATGAC,0,564620
araCp,0.1,9,9,GTATGTGGTTCTAGCAGCTA,0,569385
araCp,0.1,9,9,GTATGCGGTTTCAGCCAGGA,0,555316
araCp,0.1,9,9,GTATGAGTTGCCTTCGCACC,0,527097
araCp,0.1,9,9,GTACTGACATGTGCTTTGGC,0,586629
araCp,0.1,9,9,GTACTACACGGAACCATTGT,0,571443
araCp,0.1,9,9,GTACGTGTTCATATAGTGAG,0,579794
araCp,0.1,9,9,GTAATATGCATGCGAGTCGC,0,537890
araCp,0.1,9,9,GTAAGAAAACCTGGCCATGG,0,596760
araCp,0.1,9,9,GTAACTGGGCTAGAAGTATT,0,557691
araCp,0.1,9,9,GGTGGGCGTGGTTGTCCCGT,0,601123
araCp,0.1,9,9,GGTGCCTACGGCATCTCCAA,0,579329
araCp,0.1,9,9,GGTCTACCCAGGGACAATAT,0,542955
araCp,0.1,9,9,GGTCGCGAGCGGGTTGTCGG,0,556301
araCp,0.1,9,9,GGTAGGCGCAATGCCTGTAT,0,599304
araCp,0.1,9,9,GGTACAGGATAATCAAAGGT,0,544949
araCp,0.1,9,9,GGTAACAAGTGCTTCGGCCT,0,582181
araCp,0.1,9,9,GGTAAAACAGAACGATCATT,0,534166
araCp,0.1,9,9,GGGTCTCTATAAGACAGCTA,0,571902
araCp,0.1,9,9,GGGTCGGGGTGGCCGTGGTT,0,548508
araCp,0.1,9,9,GGGTCAGCCCGAGTACGAAG,0,548412
araCp,0.1,9,9,GGGGGCCAGCAGATCGGCGT,0,560455
araCp,0.1,9,9,GGGGCAGTTGGATTAGCTCC,0,563555
araCp,0.1,9,9,GGGGAGCAAAGTCAAAAAGT,0,574274
araCp,0.1,9,9,GGGGACAGTCGCGACGTATA,0,570450
araCp,0.1,9,9,GGGCTTCAACTTGAGTTACT,0,543614
araCp,0.1,9,9,GGGCCGGCCGCGTATTTCGC,0,529745
araCp,0.1,9,9,GGGAAGGTCGCCAGGCAGGC,0,569416
araCp,0.1,9,9,GGCTTACCGTGGAAACGATC,0,537864
araCp,0.1,9,9,GGCTGGGCATTACTGTGAAA,0,553581
araCp,0.1,9,9,GGCGGCGCTGGACACACCAT,0,552036
araCp,0.1,9,9,GGCCTGGGTCATGTTTGCGA,0,543500
araCp,0.1,9,9,GGCCTCCGCATTGACGGGTA,0,574094
araCp,0.1,9,9,GGCATTCGTACCCTATTGGA,0,551931
araCp,0.1,9,9,GGCACTTGTACCGATGGACT,0,530331
araCp,0.1,9,9,GGCACATTCTTGCGGTTCAA,0,570841
araCp,0.1,9,9,GGATGGTTCAGTATGTGTAT,0,568852
araCp,0.1,9,9,GGATCGCAGGAGCCGACCTT,0,559653
araCp,0.1,9,9,GGAGTGCTGCTGGGCACCAA,0,546233
araCp,0.1,9,9,GGAGACATATATCACGGACA,0,541012
araCp,0.1,9,9,GGAGAAAGCGTAAAACCTAT,0,550745
araCp,0.1,9,9,GGACGTGACCAAGATCTAGT,0,533733
araCp,0.1,9,9,GGACAGAGGCCGCCGTATTG,0,571313
araCp,0.1,9,9,GCTTGGTTGTTAAACAGTGG,0,548564
araCp,0.1,9,9,GCTTACTCAGTATACTTGAG,0,587489
araCp,0.1,9,9,GCTGTGTTACCCAAGTACGC,0,573819
araCp,0.1,9,9,GCTGGACATATCTTTATCTA,0,587087
araCp,0.1,9,9,GCTCGTGCAGAGAGCCGCGT,0,530379
araCp,0.1,9,9,GCTCAATCTAGACCCCCTGG,0,542627
araCp,0.1,9,9,GCTATGTATTGGATTCCCAG,0,581191
araCp,0.1,9,9,GCTATATCGGACCGGCCGGT,0,593859
araCp,0.1,9,9,GCTACCTCTTGTTTAGAAAT,0,535790
araCp,0.1,9,9,GCTAATAGCCGCTCGGCTAG,0,538647
araCp,0.1,9,9,GCTAACATGTAGTGACACCA,0,544028
araCp,0.1,9,9,GCGTCTGGCAGATCAGGTGT,0,572183
araCp,0.1,9,9,GCGGGTGTGGTGGGAAAAAA,0,530158
araCp,0.1,9,9,GCGGGGACGGGGAGCCCTAA,0,565946
araCp,0.1,9,9,GCGGGCAGAGCCAGGCTTGC,0,545284
araCp,0.1,9,9,GCGGCGTACTTGGGAACTGC,0,549247
araCp,0.1,9,9,GCGGCGCTCCAGGCTTGTGT,0,551471
araCp,0.1,9,9,GCGGACGAGGTTGCGCTGGG,0,558269
araCp,0.1,9,9,GCGGAACTAAGATGGCTCGT,0,596489
araCp,0.1,9,9,GCGCGTAGGTGGCTTATGCG,0,603357
araCp,0.1,9,9,GCGCCCCGAGGACCCCGTGG,0,541370
araCp,0.1,9,9,GCGCAGATCATACCAAATCA,0,530739
araCp,0.1,9,9,GCGAGTTCTTCGGCGTACGC,0,547902
araCp,0.1,9,9,GCGACTGGTCTGACGGGATA,0,558413
araCp,0.1,9,9,GCGAACTTACAACAGACCGC,0,588252
araCp,0.1,9,9,GCGAACCAGATGGGTACTGG,0,570100
araCp,0.1,9,9,GCCTACTCGACCCGCACGTA,0,595158
araCp,0.1,9,9,GCCTACGGATTCAGCGAGGG,0,538815
araCp,0.1,9,9,GCCAGCGGCTCCGCGCTTTT,0,574323
araCp,0.1,9,9,GCCACTTCTCCAATCGACGA,0,526181
araCp,0.1,9,9,GCCAATGTCGTACCAGCCAA,0,601044
araCp,0.1,9,9,GCATCATAATGTACCTACAT,0,594026
araCp,0.1,9,9,GCAGCAGATTGGGGTTCCGG,0,586596
araCp,0.1,9,9,GCACGGCGAGGACCCGAGGC,0,533127
araCp,0.1,9,9,GCACGATGCTCGCAAGTTTA,0,534389
araCp,0.1,9,9,GCACATTATCGCGCTGCTCT,0,560203
araCp,0.1,9,9,GCAATCTCTGGCCGCCAATG,0,573911
araCp,0.1,9,9,GCAAGGGTTAAGTTTTGCGA,0,536104
araCp,0.1,9,9,GCAACCAATGGGAGGGCATA,0,576193
araCp,0.1,9,9,GCAAATGTCGCAGTCCGGAG,0,599251
araCp,0.1,9,9,GCAAAGCGACCTTGCGTGGT,0,546629
araCp,0.1,9,9,GATGGGTAAACTAGAATGAA,0,540097
araCp,0.1,9,9,GATCATACCCAGGTTAATAT,0,560447
araCp,0.1,9,9,GATCACGGGGTAAACAGACC,0,582563
araCp,0.1,9,9,GATATTAATTGCGCAGATTT,0,560592
araCp,0.1,9,9,GAGTTGAGCGCGTGCAAGGC,0,583334
araCp,0.1,9,9,GAGTCGGGCTCTAGATGTAC,0,603164
araCp,0.1,9,9,GAGTCGCAGTTACACGGGGA,0,578648
araCp,0.1,9,9,GAGGTGCCGTGTTCATCCCT,0,595135
araCp,0.1,9,9,GAGGTACCTGGCCTGACGCC,0,595746
araCp,0.1,9,9,GAGCCGGGTGCCGAGTTCTG,0,553525
araCp,0.1,9,9,GAGCCCCTTAGTGGCGGTAT,0,568704
araCp,0.1,9,9,GAGATCGGGCGTAGGTTATA,0,557056
araCp,0.1,9,9,GAGACTCTTGATACCGAGAT,0,528546
araCp,0.1,9,9,GACTGCCTTTCGGACATGTT,0,527681
araCp,0.1,9,9,GACTGCCAAGGCGAAGTCCT,0,575178
araCp,0.1,9,9,GACTCTGGTCATGTGCAACC,0,531542
araCp,0.1,9,9,GACTCAAACGACAACCGGCA,0,529494
araCp,0.1,9,9,GACTAGCGCTTATCTCACAG,0,581484
araCp,0.1,9,9,GACGTTTATACATCCGAAGC,0,544264
araCp,0.1,9,9,GACGTAGCTTTGTTTTCGGA,0,526527
araCp,0.1,9,9,GACGGGAATAGGCTACAGTT,0,540556
araCp,0.1,9,9,GACGGATGAGACCTCGCCCA,0,537711
araCp,0.1,9,9,GACCGTAGAACAATTGTGTC,0,525951
araCp,0.1,9,9,GACCAGAGACAAATTCCCAG,0,568682
araCp,0.1,9,9,GACATACGCGGACCACGGAA,0,597287
araCp,0.1,9,9,GACAGCGCTTTGAAAAGGAC,0,579706
araCp,0.1,9,9,GACAACCAATTGGGTACTTC,0,595053
araCp,0.1,9,9,GAATAGGATACGTTGGGTGC,0,532122
araCp,0.1,9,9,GAATACAGTGACGAACGGGT,0,580656
araCp,0.1,9,9,GAAGTCTCGCGGATAACGTT,0,540193
araCp,0.1,9,9,GAACGAGACTCACTGCTTAA,0,557562
araCp,0.1,9,9,GAACCCCGTGCGCTACAGGA,0,554959
araCp,0.1,9,9,GAAATCAACCAGGCCCCTTA,0,578114
araCp,0.1,9,9,GAAACTCGCAAAGCGGCGCC,0,581913
araCp,0.1,9,9,CTTTTATACAGCGTCCACCA,0,578803
araCp,0.1,9,9,CTTGTTTCATGGTTGCGATT,0,602289
araCp,0.1,9,9,CTTGTGGAGCGGTTAACTTT,0,593260
araCp,0.1,9,9,CTTGTAAAAGCTATTCTACA,0,588063
araCp,0.1,9,9,CTTGGGTAGCGTGTGTGGGA,0,544029
araCp,0.1,9,9,CTTGGAGACATAAAGAATAT,0,557289
araCp,0.1,9,9,CTTGAATAGATAAGAAAGGC,0,558153
araCp,0.1,9,9,CTTCTGCATGAGAACGTAGC,0,527690
araCp,0.1,9,9,CTTCGGGGATGACGGAGTTG,0,554075
araCp,0.1,9,9,CTTAATGTTCTTGACACCAA,0,602772
araCp,0.1,9,9,CTTAACCGTATGCAAGGGGT,0,553613
araCp,0.1,9,9,CTGTCGCAAGGTGCCAGGTA,0,583682
araCp,0.1,9,9,CTGGTCATCGCCACCTGGCC,0,600922
araCp,0.1,9,9,CTGGCATTAAAGGTAGCATC,0,586047
araCp,0.1,9,9,CTGGAGGAGACATACTAGCT,0,573037
araCp,0.1,9,9,CTGCGATCTACTTACCCAGA,0,556342
araCp,0.1,9,9,CTGAGTGTTCAATTAATAGT,0,594341
araCp,0.1,9,9,CTGACTGGGCTACCGGGTGG,0,571043
araCp,0.1,9,9,CTGAAAGCCGTTGTTGCCCC,0,567809
araCp,0.1,9,9,CTCGAGTTTTGCAAACTCAG,0,599197
araCp,0.1,9,9,CTCCTATTAAGCTCTCAAGG,0,586654
araCp,0.1,9,9,CTCAGCACCTTCGGTCTGTA,0,596444
araCp,0.1,9,9,CTCAGAGGAATCTCCGAGCA,0,549562
araCp,0.1,9,9,CTATCCTATAGGGTAGTGAA,0,573124
araCp,0.1,9,9,CTATCACAGTTATTCTAGAC,0,559337
araCp,0.1,9,9,CTATCAATCGGTTTGGAGCC,0,538999
araCp,0.1,9,9,CTAGTAATTCATGTACAGTG,0,568048
araCp,0.1,9,9,CTAGCTGCGCAAGTGAATCG,0,588105
araCp,0.1,9,9,CTAGACGGCAATTCGGTACT,0,539846
araCp,0.1,9,9,CTACTAAGGAGATTGTACTA,0,576144
araCp,0.1,9,9,CTACGAGCCCGAGCTGACGG,0,589990
araCp,0.1,9,9,CTAAGCATCGTTATGTATGG,0,597026
araCp,0.1,9,9,CTAACTTTGCTCCAAAACTC,0,584617
araCp,0.1,9,9,CGTTTCCGGCAGCGGCGCGG,0,581655
araCp,0.1,9,9,CGTTCCTAGCGGCCACGGTT,0,567680
araCp,0.1,9,9,CGTGGTGTCGCTAACGGCAG,0,579079
araCp,0.1,9,9,CGTGCAGAAGGCAGTCATGT,0,547448
araCp,0.1,9,9,CGTCCGTTGGGTAGATTTGT,0,555246
araCp,0.1,9,9,CGTACGCTCGGTGTAGTAGT,0,571254
araCp,0.1,9,9,CGGTTGAAACGATGCGTTTG,0,546197
araCp,0.1,9,9,CGGTGACAGAGTTTTAATTC,0,531366
araCp,0.1,9,9,CGGTAAGGCATAAACGCATA,0,566573
araCp,0.1,9,9,CGGGTGAAGGCACGTCGCGT,0,603674
araCp,0.1,9,9,CGGGGTGCACCATCGTTATC,0,575702
araCp,0.1,9,9,CGGGGGCGTATCTATGCTCA,0,560721
araCp,0.1,9,9,CGGGATGTACATCGGTGCTT,0,544040
araCp,0.1,9,9,CGGGAAGTCGCACACGCTTA,0,589473
araCp,0.1,9,9,CGGCTAGAAGATACATTATC,0,546746
araCp,0.1,9,9,CGGCACCAAAGAGCAGCTCA,0,563724
araCp,0.1,9,9,CGGATACCACCCCCCTCATA,0,558802
araCp,0.1,9,9,CGGAGTCGGCTACTTTGAGA,0,531094
araCp,0.1,9,9,CGGAGTCGAATAATAGAGAC,0,592851
araCp,0.1,9,9,CGGAAAACAAGCTATTGATG,0,547907
araCp,0.1,9,9,CGCTCGTTGGACGGTCACTT,0,560915
araCp,0.1,9,9,CGCTAGGTTCTACCAAAGGT,0,557032
araCp,0.1,9,9,CGCTACTACTCCGGGGAATG,0,587146
araCp,0.1,9,9,CGCGTAGGACTCAACGATAA,0,590064
araCp,0.1,9,9,CGCGATCTCTTCTCCGAGGG,0,599175
araCp,0.1,9,9,CGCCGTAGATCTATCTGGAT,0,561500
araCp,0.1,9,9,CGCCACGATTCGCACGAAGG,0,595004
araCp,0.1,9,9,CGCACAGTGCGCGCATCCGG,0,532552
araCp,0.1,9,9,CGATGACGTAGAATCTTGAT,0,542967
araCp,0.1,9,9,CGAGTGCAGATCGAATGAAG,0,583327
araCp,0.1,9,9,CGACTGGAGAGCAAGAATTC,0,597574
araCp,0.1,9,9,CGACGCACGGCCGGGGGCTT,0,581626
araCp,0.1,9,9,CGACCGGGCTCGGACTTATG,0,541883
araCp,0.1,9,9,CGAAACGTAGTACGGGGTTG,0,588780
araCp,0.1,9,9,CCTTTACTCAAGGGAAACTG,0,600237
araCp,0.1,9,9,CCTTGACGGGGTGCCCTAGC,0,526183
araCp,0.1,9,9,CCTTCGCTGAACTACATCAT,0,560616
araCp,0.1,9,9,CCTGTCTTTATTAAAATTCT,0,570086
araCp,0.1,9,9,CCTGGCGGCCAGGCGAGTCC,0,544066
araCp,0.1,9,9,CCTGCCTGGTGAGTACGTGC,0,571079
araCp,0.1,9,9,CCTCTACCATTTTAATCATG,0,557641
araCp,0.1,9,9,CCTCCAAAGCAGGTGGACAT,0,602124
araCp,0.1,9,9,CCTCATTCGAGAACAGAAGT,0,576480
araCp,0.1,9,9,CCTATGGTTCAACGATATGG,0,542359
araCp,0.1,9,9,CCTAGGACGCTGACATGCGA,0,535330
araCp,0.1,9,9,CCTAAGAGCAATATAGATCC,0,544316
araCp,0.1,9,9,CCGTTCAGGTAAGTATATAT,0,602338
araCp,0.1,9,9,CCGCCGGATCATCTAGAGTA,0,593430
araCp,0.1,9,9,CCGCCAGGGCTATGCAGAGG,0,576481
araCp,0.1,9,9,CCGAACTCCAAGCATGCCCA,0,542973
araCp,0.1,9,9,CCCTGGTAAGCAGGCGTGTT,0,599048
araCp,0.1,9,9,CCCGTCTCTCACTATGCCTG,0,526074
araCp,0.1,9,9,CCCGGGTGACCCCCGACTCG,0,599134
araCp,0.1,9,9,CCCGCACATGTTAGTGCGTG,0,601390
araCp,0.1,9,9,CCCGAGATGCTAGCATACAG,0,575700
araCp,0.1,9,9,CCCCTGTTCTAGAGCTCTCC,0,540477
araCp,0.1,9,9,CCCCCGACGGGCTAGTTGTC,0,575223
araCp,0.1,9,9,CCCATTCGGCAATTCCCTAC,0,532495
araCp,0.1,9,9,CCCAAGGCACGCTTGGAGAA,0,537412
araCp,0.1,9,9,CCATGCGCTCTATTAGACCA,0,577338
araCp,0.1,9,9,CCATCTTGGATCCGTCGAGC,0,571108
araCp,0.1,9,9,CCATCTCGCGAGTCAACTCG,0,533498
araCp,0.1,9,9,CCAGTCCGTGAGCATCAACC,0,544133
araCp,0.1,9,9,CCAGGGGCAACCGCGTCACT,0,559889
araCp,0.1,9,9,CCAGGCCACATTGCGACGGT,0,550195
araCp,0.1,9,9,CCAGCTTCAAATACCGTGTG,0,570459
araCp,0.1,9,9,CCAATATTTAAGCTGCTATT,0,602091
araCp,0.1,9,9,CCAAGTCGTGATACTCCATC,0,597284
araCp,0.1,9,9,CCAAACAGAAAACCGGATGG,0,592658
araCp,0.1,9,9,CATGTTCCCAATTCGGTGAA,0,570931
araCp,0.1,9,9,CATGTGGGGTCCGATATAGC,0,600981
araCp,0.1,9,9,CATGTGGAACTGTATGTCAG,0,576312
araCp,0.1,9,9,CATCTAGGTCTTCCGCTCGT,0,543239
araCp,0.1,9,9,CATCGAAGAGTGTGAAACTT,0,602954
araCp,0.1,9,9,CATCATTTATTCTCGTCTGT,0,571177
araCp,0.1,9,9,CATATTATAAAAGATAAAGT,0,530547
araCp,0.1,9,9,CATAGTAACGCATTAGAGTG,0,530229
araCp,0.1,9,9,CATAATGTGGGTTTCAAAAA,0,567092
araCp,0.1,9,9,CAGTTGAATTGACCACAACC,0,542979
araCp,0.1,9,9,CAGTGGGTTGGGCGAGCCGA,0,543157
araCp,0.1,9,9,CAGTGGAATAGTACCCGTTG,0,555912
araCp,0.1,9,9,CAGTCGTACGGGTCGGCAAA,0,552633
araCp,0.1,9,9,CAGGTCTAGATCAAAAAGCC,0,582389
araCp,0.1,9,9,CAGGGGCCGAGCATACTCTA,0,594463
araCp,0.1,9,9,CAGGGAAACCCGTGCGGCTA,0,576315
araCp,0.1,9,9,CAGCAACCTCAGCGGCCCGG,0,568420
araCp,0.1,9,9,CAGAGTGTAGAGAAGGCGTT,0,575197
araCp,0.1,9,9,CAGAGCGGGAGATTGACTTC,0,601379
araCp,0.1,9,9,CACTTGACTGACCGGGTATG,0,530275
araCp,0.1,9,9,CACTGACGCTGTGAGTGAGT,0,539648
araCp,0.1,9,9,CACTAGGCTGGGATCATCAT,0,541780
araCp,0.1,9,9,CACGTGGAAATTAGTACCTT,0,558436
araCp,0.1,9,9,CACGGTAGGTTGTAACGGGA,0,556980
araCp,0.1,9,9,CACCGGGTTCGGTGTAGCGT,0,545446
araCp,0.1,9,9,CACCGGAAACGTTCATCGAC,0,558371
araCp,0.1,9,9,CACCGCCCGTAAACTACTCA,0,530508
araCp,0.1,9,9,CACCCATGGCATAAGCCTCG,0,582954
araCp,0.1,9,9,CACCACGTTAGTATCATTAG,0,545601
araCp,0.1,9,9,CACATACTCTTTTCCGGTTT,0,548459
araCp,0.1,9,9,CACAGCGTATGAACAGACCG,0,531868
araCp,0.1,9,9,CAACGTCTATCTTGACGGCA,0,579589
araCp,0.1,9,9,CAACGGTATGGTTTCGCATG,0,568422
araCp,0.1,9,9,CAACGAGTGCGAATCGGCTT,0,570214
araCp,0.1,9,9,CAACAGCCGAGGTTTACAGC,0,527077
araCp,0.1,9,9,CAACACGGTTCGGGAAAAAT,0,534383
araCp,0.1,9,9,CAAATCGTAGCTATGCGGAC,0,544317
araCp,0.1,9,9,CAAATCGAAAGAGGCTCGCT,0,594686
araCp,0.1,9,9,CAAAGCCTCGATGTTATAAT,0,599526
araCp,0.1,9,9,CAAAGCATTGTGGTTGCGGA,0,530959
araCp,0.1,9,9,ATTTAATAACCTAACCTGGA,0,548897
araCp,0.1,9,9,ATTGCGTGTAGGGGCTAATA,0,545403
araCp,0.1,9,9,ATTGCGCGTTTGATTTTATA,0,573305
araCp,0.1,9,9,ATTCTAAAAACGCGATCATA,0,536439
araCp,0.1,9,9,ATTAGCTCTGGCTAGGTGGG,0,600251
araCp,0.1,9,9,ATTAAATAATCTGACCTATA,0,596006
araCp,0.1,9,9,ATGGTGCGCCGGGGGCTCTT,0,585277
araCp,0.1,9,9,ATGGGATTTTAACGGTAGTG,0,600236
araCp,0.1,9,9,ATGGAGCACTCGGGCTCAGA,0,532741
araCp,0.1,9,9,ATGCGGGCGAAGAAAAACAA,0,526160
araCp,0.1,9,9,ATGCGCTACGCCGGGACCCT,0,548617
araCp,0.1,9,9,ATGCGCGGCGCGAAACCTTT,0,538839
araCp,0.1,9,9,ATGATGGCATGTGATGGGGG,0,584319
araCp,0.1,9,9,ATCTTGATGCAAAACTGGTA,0,528878
araCp,0.1,9,9,ATCTGCTGATGACAGGCACC,0,598692
araCp,0.1,9,9,ATCGGGGACTGAGCACCCAT,0,566324
araCp,0.1,9,9,ATCGAGATGAACGTTGTCCA,0,552195
araCp,0.1,9,9,ATCGAGATACTCGACAGAAA,0,559206
araCp,0.1,9,9,ATCCGAACAAGAGACGGTGC,0,546348
araCp,0.1,9,9,ATCAACCGCACTCCGTTATG,0,579161
araCp,0.1,9,9,ATATTGCCGGAACGCCGCCT,0,587486
araCp,0.1,9,9,ATATGTCTTAACCGAAAAGT,0,555572
araCp,0.1,9,9,ATATGGGGCGTTCGTTACCT,0,555471
araCp,0.1,9,9,ATATCAGGACAGGAGCATAA,0,562605
araCp,0.1,9,9,ATAGTCCCGATTGGAGTGGT,0,529774
araCp,0.1,9,9,ATAGGGCCACATGAGTCCTC,0,575032
araCp,0.1,9,9,ATACTTCAATTGCTCAGGCA,0,525907
araCp,0.1,9,9,ATAATTTTTCATCTTGTCTC,0,571175
araCp,0.1,9,9,ATAACTTGTAGCCGAGTAAT,0,545838
araCp,0.1,9,9,ATAACATGGTTAAATAGACG,0,542823
araCp,0.1,9,9,AGTTGCGTTCTTTCGTTCAA,0,570821
araCp,0.1,9,9,AGTGGGCAGCAAAGAAGATC,0,582441
araCp,0.1,9,9,AGTGCCACCACGCCAGCAGT,0,562948
araCp,0.1,9,9,AGTGCAAATCGACCCAGGCG,0,549861
araCp,0.1,9,9,AGTGAACAGGGATTCTCCCC,0,531134
araCp,0.1,9,9,AGTCTGTGCATGCTCAATTT,0,539186
araCp,0.1,9,9,AGTATGCCGCGGCAAGCGGA,0,539384
araCp,0.1,9,9,AGTACATGACCCGGGTATCA,0,593836
araCp,0.1,9,9,AGGTGGGCCGCTCTCCTCCC,0,527209
araCp,0.1,9,9,AGGGCTTGACACCTCCTAGA,0,577697
araCp,0.1,9,9,AGGGCTGTCGCAGGTCGTTA,0,568382
araCp,0.1,9,9,AGGGATACACACGGATTGTG,0,527175
araCp,0.1,9,9,AGGGACAATCCATTAGCCGT,0,600133
araCp,0.1,9,9,AGGGAATCAGTGTTTATCCC,0,554226
araCp,0.1,9,9,AGGCTGCTCGCCACATTACT,0,599436
araCp,0.1,9,9,AGGCTCGTTCACCCTCGTCG,0,600245
araCp,0.1,9,9,AGGCGTCTGCACATGTTCAC,0,572892
araCp,0.1,9,9,AGGCGGCGTTCTCATTCGAT,0,591880
araCp,0.1,9,9,AGGCGGATTCGGAAGCTGAT,0,548780
araCp,0.1,9,9,AGGCCGTTCCCTATTATCGC,0,531809
araCp,0.1,9,9,AGGCATGATATCGTAACCAA,0,535092
araCp,0.1,9,9,AGGCATATTCGCTTGAGACT,0,562279
araCp,0.1,9,9,AGGCAAGGGATAGTAACAAA,0,590649
araCp,0.1,9,9,AGGAGTGTCTCGGTGGTCAG,0,529495
araCp,0.1,9,9,AGGAGTAATTTCTGCTACGG,0,589158
araCp,0.1,9,9,AGGACTTATCTCTAGATAGC,0,547556
araCp,0.1,9,9,AGGAAGACATTAGCCTGTTT,0,566173
araCp,0.1,9,9,AGCTGTCAGCTTATGAGTGA,0,554343
araCp,0.1,9,9,AGCTGAGCTGTTCTTTGCAA,0,561916
araCp,0.1,9,9,AGCGCAAATTAAGGCTACAT,0,530681
araCp,0.1,9,9,AGCCCCCTTCGTGCGGTTAA,0,598396
araCp,0.1,9,9,AGCCCAGAATGCTTTCGGGA,0,530786
araCp,0.1,9,9,AGATAATCATGATCGCAATC,0,536835
araCp,0.1,9,9,AGATAAGTTAGCCAAGGCAT,0,592111
araCp,0.1,9,9,AGAGTTAGCGAGATAAGTCG,0,575417
araCp,0.1,9,9,AGAGCGTGATCATTTTATGC,0,565295
araCp,0.1,9,9,AGAGCACCTAAGTCGTCCTT,0,551822
araCp,0.1,9,9,AGAGATAGCTTTAGTATCTA,0,590745
araCp,0.1,9,9,AGAGACCACGTACGCTGGGG,0,544336
araCp,0.1,9,9,AGAATCGTTCAATGGTTCAG,0,559203
araCp,0.1,9,9,AGAACGCGGAGCGCCACCGT,0,590256
araCp,0.1,9,9,AGAAAACCGTCAGTTGCTTA,0,549303
araCp,0.1,9,9,ACTGGCACGAGCGGTATATG,0,589922
araCp,0.1,9,9,ACTGAGATAAGCGAGAATAT,0,555296
araCp,0.1,9,9,ACTCGGACATCAGTCAAAAT,0,540131
araCp,0.1,9,9,ACTCGACAGGAAACAACGTG,0,545335
araCp,0.1,9,9,ACTCCGTGGTGGTTGCCGAC,0,583456
araCp,0.1,9,9,ACTCATTCACAACGTTCAAT,0,533937
araCp,0.1,9,9,ACTACCATAGCTTATACTAG,0,586081
araCp,0.1,9,9,ACTAAACAACGGTGGCTGCG,0,601207
araCp,0.1,9,9,ACGTTAGGATGAGTTGTCAG,0,535313
araCp,0.1,9,9,ACGGTCATTTGGAAGTCACT,0,579212
araCp,0.1,9,9,ACGGGTCGATCTTCTCATTA,0,530237
araCp,0.1,9,9,ACGGAATCTGAAAGAGTCCA,0,548875
araCp,0.1,9,9,ACGCGATTGGATCGCTATAA,0,553558
araCp,0.1,9,9,ACGACAAGTGCGCACGCAGA,0,534150
araCp,0.1,9,9,ACCTTAGTAAGGCTAGCGAA,0,539740
araCp,0.1,9,9,ACCTATTGAGACAGCGTGCT,0,550346
araCp,0.1,9,9,ACCGGTCCGCTGGACCCGGA,0,592690
araCp,0.1,9,9,ACCCGGATCCGACTTTTGAA,0,588963
araCp,0.1,9,9,ACCCCAATTCACACGATAAC,0,547623
araCp,0.1,9,9,ACCATCTTCCCTCTCGGAGA,0,541283
araCp,0.1,9,9,ACCAAGAATTGGCCGTAAAT,0,536856
araCp,0.1,9,9,ACATTTTCACTTCGGACAGA,0,574464
araCp,0.1,9,9,ACATGTTTTACCTCAAGGAA,0,596757
araCp,0.1,9,9,ACATGGGGTCAGTTGTAGCG,0,550686
araCp,0.1,9,9,ACATCGCTCTAAGAGGGGAC,0,564008
araCp,0.1,9,9,ACAAACCGTGATCCGATCAA,0,590756
araCp,0.1,9,9,AATTTTGCAGAACATTCGGC,0,548914
araCp,0.1,9,9,AATTATTACGGTTGGCCGTT,0,573964
araCp,0.1,9,9,AATGCGTCAGCTCGTTAGAT,0,584563
araCp,0.1,9,9,AATGCACTACTGCCCGGGTT,0,526869
araCp,0.1,9,9,AATCCTCTTACACAGGTAGT,0,559948
araCp,0.1,9,9,AATATTTCCTGGAACCCCAT,0,580108
araCp,0.1,9,9,AAGTTGACAGCGCGAACGAA,0,547148
araCp,0.1,9,9,AAGTTAAATCTTCTGTCCAT,0,576517
araCp,0.1,9,9,AAGTATACGTCCGAGGCCAT,0,589554
araCp,0.1,9,9,AAGGGTGCCATCATACGTTG,0,525906
araCp,0.1,9,9,AAGGCCTAAGGAACGTAGGG,0,593536
araCp,0.1,9,9,AAGGATCTCCGATATTGTTT,0,538426
araCp,0.1,9,9,AAGCTGGATCAGTAAGTTTA,0,531596
araCp,0.1,9,9,AAGCCGCTAGGACGGACCTG,0,543649
araCp,0.1,9,9,AAGACGGGGGCGAGCGCAGA,0,546331
araCp,0.1,9,9,AAGAAGCTTGGGCAAGAACC,0,531866
araCp,0.1,9,9,AACTTTCGATGTCAGCAGGG,0,526567
araCp,0.1,9,9,AACTTTAGCCATCAACGCTA,0,553514
araCp,0.1,9,9,AACTCGACGTTCTAGAAGGA,0,546299
araCp,0.1,9,9,AACTAAGTTGGGCACTATTG,0,560460
araCp,0.1,9,9,AACGAAGTTCTTGCTCCTGG,0,549698
araCp,0.1,9,9,AACGAACTACCTACAAGGCT,0,601652
araCp,0.1,9,9,AACCTAAATGAGATAGACTG,0,542687
araCp,0.1,9,9,AACCCACGTCAGTGATGCAA,0,555055
araCp,0.1,9,9,AACCATGGTCTGCCGAAGCT,0,561941
araCp,0.1,9,9,AAATTGTCCGTGGAAGGGCG,0,542581
araCp,0.1,9,9,AAAGTCATACCATAGTGCGA,0,602972
araCp,0.1,9,9,AAAGCTCGGGTAACGGCACG,0,579015
araCp,0.1,9,9,AAACTGCATAGATGCCGAAC,0,597738
araCp,0.1,9,9,AAACGCACGAGTTGCTAAAT,0,589069
araCp,0.1,9,9,AAAAGGATAAGGGTTAGTCT,0,563280
araCp,0.1111111111111111,8,8,TTTTTCTAAACGTTTGCGTT,0,532098
araCp,0.1111111111111111,8,8,TTTTGGCCACCCGGTGAAAA,0,578169
araCp,0.1111111111111111,8,8,TTTTGCGCAACGGATATAAT,0,594024
araCp,0.1111111111111111,8,8,TTTGTGGTTCGCTGCGTAAT,0,542063
araCp,0.1111111111111111,8,8,TTTCTATGGCGTCTGTACTA,0,536001
araCp,0.1111111111111111,8,8,TTTCTATAAGTCGCATTTGT,0,563253
araCp,0.1111111111111111,8,8,TTTCTACAGAAGGGCAGCAT,0,579217
araCp,0.1111111111111111,8,8,TTTCGGCAGGTAAAGTGTAT,0,552640
araCp,0.1111111111111111,8,8,TTTCCCATGCTGGTCTGGAC,0,601582
araCp,0.1111111111111111,8,8,TTTAGGTATTTGATGTCACA,0,559318
araCp,0.1111111111111111,8,8,TTTACTATTGGCACCAGGCG,0,592754
araCp,0.1111111111111111,8,8,TTTAACGGTCCCAATTGTCA,0,540279
araCp,0.1111111111111111,8,8,TTGTCGGGAGACTTAGCATA,0,578658
araCp,0.1111111111111111,8,8,TTGTCCGCTGAGACCTTTAC,0,591341
araCp,0.1111111111111111,8,8,TTGGGTTACGGCCCCTGTGA,0,549238
araCp,0.1111111111111111,8,8,TTGCTTTTATGCCTACCGGC,0,574562
araCp,0.1111111111111111,8,8,TTGCGATACTTGCACCCACT,0,559462
araCp,0.1111111111111111,8,8,TTGATTGTGGGATCGTCGGG,0,558631
araCp,0.1111111111111111,8,8,TTGATCCAATGCAGAGTTTG,0,589152
araCp,0.1111111111111111,8,8,TTGATACCCTAATTCTGATA,0,567095
araCp,0.1111111111111111,8,8,TTGAGTTTTGGGTTGAACAA,0,581277
araCp,0.1111111111111111,8,8,TTGACTGGACCTGATTGCGT,0,590871
araCp,0.1111111111111111,8,8,TTGAACAAACTCATCCCCGT,0,532736
araCp,0.1111111111111111,8,8,TTCTTAAGAGGCCCGATGTT,0,560667
araCp,0.1111111111111111,8,8,TTCTAAGCGGTAGTCGGTAG,0,567014
araCp,0.1111111111111111,8,8,TTCGCTACCAAATGGTTCAC,0,550969
araCp,0.1111111111111111,8,8,TTCCCCACAATGCATGTGCA,0,539899
araCp,0.1111111111111111,8,8,TTCCATTTAGGCCTCACTGT,0,583210
araCp,0.1111111111111111,8,8,TTCCAACCAGTGATGTCACG,0,528321
araCp,0.1111111111111111,8,8,TTCACTTGAGAAACGCTCAA,0,581682
araCp,0.1111111111111111,8,8,TTCACCCAGATGTGGGACAT,0,539377
araCp,0.1111111111111111,8,8,TTATTGTAAGAAGGAGGCGA,0,550694
araCp,0.1111111111111111,8,8,TTATGAGCAGTAGTGCATGA,0,562723
araCp,0.1111111111111111,8,8,TTAGCTAGCAGGATGTGTCG,0,527751
araCp,0.1111111111111111,8,8,TTAGCAAACCTGCCCTAAAC,0,574870
araCp,0.1111111111111111,8,8,TTAGAGGTAAATGGATCGAA,0,564671
araCp,0.1111111111111111,8,8,TTACTCGCGGCGCGGTATAT,0,586202
araCp,0.1111111111111111,8,8,TGTTTGGAAATAACAGCGCG,0,588055
araCp,0.1111111111111111,8,8,TGTTCTTTCCGGCCGGCAAT,0,582440
araCp,0.1111111111111111,8,8,TGTTAGTGAGAGCTAATGGG,0,582602
araCp,0.1111111111111111,8,8,TGTGGCCACATTGGGCACCA,0,576985
araCp,0.1111111111111111,8,8,TGTCGCAATGGGCGATACTG,0,556209
araCp,0.1111111111111111,8,8,TGTCCCACAGCACACTTCAT,0,554514
araCp,0.1111111111111111,8,8,TGTAGGTTCAGTGGAGCTCT,0,540838
araCp,0.1111111111111111,8,8,TGTAGCTGGAAATTTAACGG,0,545204
araCp,0.1111111111111111,8,8,TGGTCAATCGCCGGTCTGAC,0,542693
araCp,0.1111111111111111,8,8,TGGTAACGACCGGAGGGGAA,0,587291
araCp,0.1111111111111111,8,8,TGGGTTATGGATCTAATGTA,0,561101
araCp,0.1111111111111111,8,8,TGGGTGAGATCAAGGTGAGT,0,596214
araCp,0.1111111111111111,8,8,TGGGGTGCGTCTAAACATTG,0,542107
araCp,0.1111111111111111,8,8,TGGGGCGATACCATGGGATA,0,555713
araCp,0.1111111111111111,8,8,TGGCGGCGTCTAGTACGTTG,0,564680
araCp,0.1111111111111111,8,8,TGGCCCTGCCACCGCACCTG,0,581514
araCp,0.1111111111111111,8,8,TGGCCAGACACAAGAGGCGA,0,536693
araCp,0.1111111111111111,8,8,TGGCACGTAGAAATAAGAAT,0,562178
araCp,0.1111111111111111,8,8,TGGCAAAGCCCATATATGTA,0,573828
araCp,0.1111111111111111,8,8,TGGATTATCACACCCAGGTC,0,573283
araCp,0.1111111111111111,8,8,TGGACTTCGCTGGCAGAGCC,0,529685
araCp,0.1111111111111111,8,8,TGGAAGGGCCTTCAGGCTCG,0,600355
araCp,0.1111111111111111,8,8,TGCTGGTCCGCCGCCGATGA,0,549904
araCp,0.1111111111111111,8,8,TGCTAAACATTGGCTAGTAG,0,535037
araCp,0.1111111111111111,8,8,TGCGGGCCTAAAGGCACTCG,0,552354
araCp,0.1111111111111111,8,8,TGCGCTAGGGATCAAGGTCG,0,597195
araCp,0.1111111111111111,8,8,TGCGACCACAAAACCGTGTG,0,582153
araCp,0.1111111111111111,8,8,TGCGAAATATGTCTTGCGAT,0,526994
araCp,0.1111111111111111,8,8,TGCCTTCCCAAGGGGCGTAT,0,587383
araCp,0.1111111111111111,8,8,TGCCCTCTATCTACCCGCCC,0,527317
araCp,0.1111111111111111,8,8,TGCAAGCTTATACTGTCGGC,0,558267
araCp,0.1111111111111111,8,8,TGAGGTACGATACACCACAT,0,537335
araCp,0.1111111111111111,8,8,TGAGGTAACATTTTTGGGGT,0,558000
araCp,0.1111111111111111,8,8,TGAGCTACGAAACAGCGTTA,0,600392
araCp,0.1111111111111111,8,8,TGACGTCACTCTTCTTCGAT,0,557410
araCp,0.1111111111111111,8,8,TGAATCTACCGAAAGTAGAT,0,540271
araCp,0.1111111111111111,8,8,TGAATAAATCACGGGGATCA,0,555889
araCp,0.1111111111111111,8,8,TGAAGTAGAGGTCCCCGGAT,0,579709
araCp,0.1111111111111111,8,8,TGAAGGTACAAACGTTGGCC,0,555823
araCp,0.1111111111111111,8,8,TGAAGGGATAGATTCCTTGA,0,556079
araCp,0.1111111111111111,8,8,TGAACCGAATAAGCCGGCAT,0,575765
araCp,0.1111111111111111,8,8,TCTTATTCCACAATCCCGGA,0,548084
araCp,0.1111111111111111,8,8,TCTTAACCCCACGTGGCAAC,0,557344
araCp,0.1111111111111111,8,8,TCTCGCCCACATTATTACAC,0,580911
araCp,0.1111111111111111,8,8,TCTAGTCCCATGTGATAGAT,0,538685
araCp,0.1111111111111111,8,8,TCTACGTCTCAACGAGTGGC,0,554883
araCp,0.1111111111111111,8,8,TCGTCGAGCGATGCGATACG,0,536508
araCp,0.1111111111111111,8,8,TCGTCAGCTGCAATGCTAAG,0,588557
araCp,0.1111111111111111,8,8,TCGGTTTCGTCGAGTTACCA,0,576675
araCp,0.1111111111111111,8,8,TCGGTGTGCGGCGGCCCAAA,0,595610
araCp,0.1111111111111111,8,8,TCGGGCTCCCGTCCGCGCCC,0,562602
araCp,0.1111111111111111,8,8,TCGCTGGGCGGTGTGTGACT,0,579639
araCp,0.1111111111111111,8,8,TCGCTGCGGCTTATCATCAT,0,598488
araCp,0.1111111111111111,8,8,TCGCTGATTACAGCACTAAT,0,540228
araCp,0.1111111111111111,8,8,TCGAGGCAGCCAAACACGTT,0,550021
araCp,0.1111111111111111,8,8,TCCTCTTAGTGAGTGCATAG,0,598093
araCp,0.1111111111111111,8,8,TCCTCTAACCGAAAATCCGC,0,578646
araCp,0.1111111111111111,8,8,TCCTAAGTCTTGGACAACAA,0,573683
araCp,0.1111111111111111,8,8,TCCGGTCTCGATTTCCGAAC,0,539655
araCp,0.1111111111111111,8,8,TCCCTAAGTTGTGGGTCAGC,0,545429
araCp,0.1111111111111111,8,8,TCCATGTCTTCTGGTAACTT,0,572803
araCp,0.1111111111111111,8,8,TCCAAGGTTTGGTATTTTGG,0,561840
araCp,0.1111111111111111,8,8,TCCAAATAGGTTTGATCGGA,0,540013
araCp,0.1111111111111111,8,8,TCATTCTAGACAACCGACAT,0,579964
araCp,0.1111111111111111,8,8,TCATTACCGAATTGCCCTTC,0,558986
araCp,0.1111111111111111,8,8,TCAGTAATTTAATCACACAC,0,588293
araCp,0.1111111111111111,8,8,TCAGCACTTGCGACCTGACT,0,600808
araCp,0.1111111111111111,8,8,TCACGGTTTAGGCACCCCAT,0,600098
araCp,0.1111111111111111,8,8,TCACGGGCGGAGCATGATAA,0,544286
araCp,0.1111111111111111,8,8,TCACGCCCTGACTCTCGACG,0,599410
araCp,0.1111111111111111,8,8,TCACAGATTTGCCCGTATAT,0,546160
araCp,0.1111111111111111,8,8,TCAATCCGCACGTCTCCGAC,0,542769
araCp,0.1111111111111111,8,8,TATTTATATACTTCATAACG,0,550274
araCp,0.1111111111111111,8,8,TATTGGCATGCTAAGTATTG,0,553950
araCp,0.1111111111111111,8,8,TATGTCGCAGAGTGGGCAAG,0,569980
araCp,0.1111111111111111,8,8,TATGGTAAGGAGTGCTTAAT,0,564979
araCp,0.1111111111111111,8,8,TATGAGCAACATTTTTAAAA,0,561351
araCp,0.1111111111111111,8,8,TATGAACGCTCGACCGAATC,0,555485
araCp,0.1111111111111111,8,8,TATCTCGACTCAAACTCAAC,0,564307
araCp,0.1111111111111111,8,8,TATCCATAAGGAAGCCCGCA,0,566925
araCp,0.1111111111111111,8,8,TATATGACGCATTAGAGCCT,0,557282
araCp,0.1111111111111111,8,8,TATATCGCGTGGATTACCTG,0,531753
araCp,0.1111111111111111,8,8,TATATCCGCTCGACCCGAAC,0,532940
araCp,0.1111111111111111,8,8,TAGGGATGTTCTGATGTGCG,0,578693
araCp,0.1111111111111111,8,8,TAGGCCGCAACGGGTAAGTA,0,531748
araCp,0.1111111111111111,8,8,TAGGAGTTCTATTTAGCGAG,0,564291
araCp,0.1111111111111111,8,8,TAGGACTTAAGCCACCGCAC,0,571260
araCp,0.1111111111111111,8,8,TAGATGGGTGCTAAGTTGAG,0,593332
araCp,0.1111111111111111,8,8,TAGATACGAGCATCACGTTT,0,542754
araCp,0.1111111111111111,8,8,TAGAGGATGCTTAAATGATA,0,576147
araCp,0.1111111111111111,8,8,TACTTTAGCTCATGCGCAAG,0,593921
araCp,0.1111111111111111,8,8,TACTGCCCAGGGACGCGTAG,0,535783
araCp,0.1111111111111111,8,8,TACGCGCCTCGCCAATCATA,0,568858
araCp,0.1111111111111111,8,8,TACCGTTGACCGATTTCCAT,0,539196
araCp,0.1111111111111111,8,8,TACCATTCCTGCAGATAGAA,0,557238
araCp,0.1111111111111111,8,8,TAATTTCGGTCAGTTGGACA,0,543418
araCp,0.1111111111111111,8,8,TAATGGACACATAGCTCGCC,0,589395
araCp,0.1111111111111111,8,8,TAATCGCACTTATAATATAG,0,581002
araCp,0.1111111111111111,8,8,TAATCACGTGTCGTCGAACG,0,550818
araCp,0.1111111111111111,8,8,TAAGGTTGCTTATTTAGACC,0,601236
araCp,0.1111111111111111,8,8,TAAGGGGACAAGGCAACGGA,0,558058
araCp,0.1111111111111111,8,8,TAAGGAGCGGACTCAAGTGG,0,538045
araCp,0.1111111111111111,8,8,TAAGCCGGGTTGGTCACATT,0,566237
araCp,0.1111111111111111,8,8,TAAGATGATCGCTCCTTTCT,0,554669
araCp,0.1111111111111111,8,8,TAACTGGAGAACACAGGGAG,0,590873
araCp,0.1111111111111111,8,8,TAACGTCTTCGCGTGAAGTG,0,590603
araCp,0.1111111111111111,8,8,TAACGGTAAAGGGCTGGAAC,0,588982
araCp,0.1111111111111111,8,8,TAACGATCTCTAGCACCGTT,0,546958
araCp,0.1111111111111111,8,8,TAACCTTAGCAGTAGTTATG,0,552218
araCp,0.1111111111111111,8,8,TAAATTAATACTCTGAAGAA,0,576567
araCp,0.1111111111111111,8,8,TAAAGTGACATGAGTACCGG,0,539837
araCp,0.1111111111111111,8,8,TAAAGCGCGCAAAGTACGAC,0,576476
araCp,0.1111111111111111,8,8,GTTTAAATCGGGGGAAACGG,0,590359
araCp,0.1111111111111111,8,8,GTTGTAATCGATCGCGCTAA,0,582838
araCp,0.1111111111111111,8,8,GTTGATAAACGAGCTCGCGA,0,559487
araCp,0.1111111111111111,8,8,GTTGAACGGCAAACACCAGA,0,561993
araCp,0.1111111111111111,8,8,GTTCGAGAGGTTGACTGTTC,0,551269
araCp,0.1111111111111111,8,8,GTTATATTTACTCTCAATCG,0,595563
araCp,0.1111111111111111,8,8,GTGTCTACACAGGTTTCCGC,0,534156
araCp,0.1111111111111111,8,8,GTGTCGCACTATGGGAATCC,0,540598
araCp,0.1111111111111111,8,8,GTGTAAGGTAGACAGCGCGA,0,582230
araCp,0.1111111111111111,8,8,GTGGTAAGTTTGTGGCGGTA,0,566698
araCp,0.1111111111111111,8,8,GTGCGGAAGAACTAAGTTCT,0,578458
araCp,0.1111111111111111,8,8,GTGCGCGACGCCATTGCCAT,0,564958
araCp,0.1111111111111111,8,8,GTGCGACGCAAAACTCCGAT,0,565647
araCp,0.1111111111111111,8,8,GTGATATGATTCTAGTCGGT,0,567152
araCp,0.1111111111111111,8,8,GTCTATTAGTCGCTCCCAGT,0,587724
araCp,0.1111111111111111,8,8,GTCGAAGTCGTTTAGCGGAA,0,531090
araCp,0.1111111111111111,8,8,GTCCCTTGCCGGAACGCACG,0,560051
araCp,0.1111111111111111,8,8,GTCCAGCCTCCAATGGGAGG,0,542852
araCp,0.1111111111111111,8,8,GTCATACTGGTCAATAATAC,0,578644
araCp,0.1111111111111111,8,8,GTCAATCGTTAATAAGCGTG,0,564210
araCp,0.1111111111111111,8,8,GTATTATGGGATGGCTTACA,0,531262
araCp,0.1111111111111111,8,8,GTATGGTACTGGAGTCTACT,0,534785
araCp,0.1111111111111111,8,8,GTATGATGTCAGATTCCCAT,0,543043
araCp,0.1111111111111111,8,8,GTAGGATCTAGCGCGTCGAT,0,537026
araCp,0.1111111111111111,8,8,GTAGCGGCGATAGTGGCAGT,0,555508
araCp,0.1111111111111111,8,8,GTAGAACAGCAGATTGCGAC,0,598028
araCp,0.1111111111111111,8,8,GTACCCGCGCAATGTCCCCT,0,580217
araCp,0.1111111111111111,8,8,GTACATGCCTTAAAACTTTT,0,555763
araCp,0.1111111111111111,8,8,GGTTGATGGGATCGATCGCA,0,598427
araCp,0.1111111111111111,8,8,GGTTGATACGTAAGGAACGG,0,549054
araCp,0.1111111111111111,8,8,GGTTCGCAGCTTTACACGGA,0,600127
araCp,0.1111111111111111,8,8,GGTTCAGAGAGATGTAGCCG,0,571306
araCp,0.1111111111111111,8,8,GGTGAGGAGAACCATTTTAA,0,545948
araCp,0.1111111111111111,8,8,GGTCCTCCGTTAGGACCCGA,0,542322
araCp,0.1111111111111111,8,8,GGTCAGATTGACAGATCCCA,0,547101
araCp,0.1111111111111111,8,8,GGTATACGTTTTCTCGACGA,0,593121
araCp,0.1111111111111111,8,8,GGTAAGTTACGGTTTACATA,0,588021
araCp,0.1111111111111111,8,8,GGGTTCCGAACAACAGAAAA,0,557993
araCp,0.1111111111111111,8,8,GGGTTAGCTAGCGTCGGGCT,0,554078
araCp,0.1111111111111111,8,8,GGGTGTCACGGGGAGGCAGA,0,558754
araCp,0.1111111111111111,8,8,GGGTAGGGATAAATCGGGAG,0,553571
araCp,0.1111111111111111,8,8,GGGTACTAGGCCTGGGCGCT,0,563074
araCp,0.1111111111111111,8,8,GGGGAGGATACATATGGTCC,0,552352
araCp,0.1111111111111111,8,8,GGGCGTATGGGGCAAAGAAA,0,529021
araCp,0.1111111111111111,8,8,GGGCGCCTATCAGGCACCAG,0,533794
araCp,0.1111111111111111,8,8,GGGCCAATGTGGACCATTAT,0,585816
araCp,0.1111111111111111,8,8,GGGCACCTGCCCGAAGGGCA,0,561270
araCp,0.1111111111111111,8,8,GGGATTTCGTACAGGCGTCG,0,557158
araCp,0.1111111111111111,8,8,GGGAGTGTTCTCCTTTACCG,0,574193
araCp,0.1111111111111111,8,8,GGGAAGTTCGAATGCCGATT,0,600242
araCp,0.1111111111111111,8,8,GGGAACGGAGGCGGACAGTC,0,587961
araCp,0.1111111111111111,8,8,GGCTACGACAATTCCTGCTC,0,584835
araCp,0.1111111111111111,8,8,GGCGTCCCGGTAATGCTAGG,0,591641
araCp,0.1111111111111111,8,8,GGCGGCCGAAACACGCCACA,0,539709
araCp,0.1111111111111111,8,8,GGCGCAGATCCCATCGGTGC,0,546881
araCp,0.1111111111111111,8,8,GGCGCACTATTAAAGGTTAT,0,592654
araCp,0.1111111111111111,8,8,GGCCGCTGGGCGAGAGCGCG,0,597863
araCp,0.1111111111111111,8,8,GGCATTACTTTGACATTTAA,0,586414
araCp,0.1111111111111111,8,8,GGCATGGCTGTCTACAGGCT,0,544664
araCp,0.1111111111111111,8,8,GGCATAAGTGAGTAAGATCT,0,543901
araCp,0.1111111111111111,8,8,GGCAACAGTTGATCCACAAT,0,570748
araCp,0.1111111111111111,8,8,GGCAAATCGGGCTTTACGTA,0,541985
araCp,0.1111111111111111,8,8,GGATTTACCTCATCACGTCC,0,570403
araCp,0.1111111111111111,8,8,GGATTGGCAGCATGAGCACG,0,581127
araCp,0.1111111111111111,8,8,GGATGTTGTGCGCTATGTAC,0,534584
araCp,0.1111111111111111,8,8,GGATGGCTATATGCCGTCCA,0,594554
araCp,0.1111111111111111,8,8,GGATAGGCTACTGAGTAACT,0,540182
araCp,0.1111111111111111,8,8,GGATACCTTACCTGAACGAG,0,579630
araCp,0.1111111111111111,8,8,GGAGTATGTTATTATGGCGG,0,527540
araCp,0.1111111111111111,8,8,GGAGGGAAGTGTACCGTGAA,0,527724
araCp,0.1111111111111111,8,8,GGAGGCTGGGCACCCGGTTA,0,590780
araCp,0.1111111111111111,8,8,GGAGCCGGAACGCCTAGACT,0,552406
araCp,0.1111111111111111,8,8,GGAGAAGTGCCTACTTGGCT,0,599678
araCp,0.1111111111111111,8,8,GGACGTTGAAAAGGACGAAC,0,600784
araCp,0.1111111111111111,8,8,GGACGCCGCGCCGGGGCGTC,0,581487
araCp,0.1111111111111111,8,8,GGACCTGTACCCGCCCACCC,0,553015
araCp,0.1111111111111111,8,8,GGACACATGCAGTGAGGGCA,0,588334
araCp,0.1111111111111111,8,8,GGAATCAGCCGCATATGGAC,0,565060
araCp,0.1111111111111111,8,8,GGAAGGATGTAAGTAAACAA,0,532853
araCp,0.1111111111111111,8,8,GGAAGCCTCGCCGGGTCGTC,0,556600
araCp,0.1111111111111111,8,8,GCTTTCCTGGGATTGTCTCG,0,564866
araCp,0.1111111111111111,8,8,GCTTGGGCATCTTGGCCTTA,0,526034
araCp,0.1111111111111111,8,8,GCTTGGATTAATCCTCGGCA,0,559328
araCp,0.1111111111111111,8,8,GCTTCCGTCTTTACCGACTG,0,571161
araCp,0.1111111111111111,8,8,GCTTCCCATAGCTAGGGCGG,0,533406
araCp,0.1111111111111111,8,8,GCTGTGGTGGACTATAATAC,0,556123
araCp,0.1111111111111111,8,8,GCTGTGCGCCTGATGCACGC,0,588903
araCp,0.1111111111111111,8,8,GCTGATGTTTCATAGTGAGA,0,543772
araCp,0.1111111111111111,8,8,GCTGAGTAACTACCTTTCGT,0,584649
araCp,0.1111111111111111,8,8,GCTCCCAAACTCATCCCAAC,0,578467
araCp,0.1111111111111111,8,8,GCTCCAGACGGACCGCAGGT,0,553329
araCp,0.1111111111111111,8,8,GCTACCACTAGCTGCTTCGA,0,548483
araCp,0.1111111111111111,8,8,GCTACATTCTCAAGATCTTG,0,546059
araCp,0.1111111111111111,8,8,GCGTGTGACTAACTAGCAAT,0,592642
araCp,0.1111111111111111,8,8,GCGTCGAAAGTAATCGAATA,0,557389
araCp,0.1111111111111111,8,8,GCGTCAACCCGTTCGCTTTT,0,590573
araCp,0.1111111111111111,8,8,GCGTATTGGTTCTTATACTT,0,569970
araCp,0.1111111111111111,8,8,GCGTATTCCCGGGCACGTGT,0,594426
araCp,0.1111111111111111,8,8,GCGGCAATATCGAGTTCTTT,0,572176
araCp,0.1111111111111111,8,8,GCGGCAAGCGCAAGGCATCA,0,593402
araCp,0.1111111111111111,8,8,GCGGAAGACGACAGCATTTA,0,550438
araCp,0.1111111111111111,8,8,GCGCGATTCCCATGTAGCTA,0,563426
araCp,0.1111111111111111,8,8,GCGCCATTGCACATGGCGCT,0,540690
araCp,0.1111111111111111,8,8,GCGCATAACTAAGATTGTTA,0,569422
araCp,0.1111111111111111,8,8,GCGATATAAGGAGAAGGTGT,0,555151
araCp,0.1111111111111111,8,8,GCCTTGGGCAGGGGTGTGTT,0,570014
araCp,0.1111111111111111,8,8,GCCTGAATAGAAGCGCACAG,0,572697
araCp,0.1111111111111111,8,8,GCCTATCCTTGCGTACTACG,0,556212
araCp,0.1111111111111111,8,8,GCCGGGGGAGCAGTCTGTAT,0,546926
araCp,0.1111111111111111,8,8,GCCCCGAAATAGACGTATGG,0,571152
araCp,0.1111111111111111,8,8,GCCACGTGCTACACGGGTTC,0,557156
araCp,0.1111111111111111,8,8,GCCAACGTGGGCCATAACGA,0,597970
araCp,0.1111111111111111,8,8,GCATAATACCGTGGAAAACA,0,538724
araCp,0.1111111111111111,8,8,GCAGTGAGCTGGTTTCCGTT,0,542912
araCp,0.1111111111111111,8,8,GCAGTGACTTGGCTTTAAGC,0,550802
araCp,0.1111111111111111,8,8,GCAGTACACCGCTGTATGGG,0,545505
araCp,0.1111111111111111,8,8,GCAGCCGAATTAGACCAGGC,0,575804
araCp,0.1111111111111111,8,8,GCAGAGTATATTCATCTTTA,0,560510
araCp,0.1111111111111111,8,8,GCAGAGAGCCCCGTTAGAAT,0,545147
araCp,0.1111111111111111,8,8,GCACTTAAACAGGCGTCAAA,0,563383
araCp,0.1111111111111111,8,8,GCACGATGAGCTTACATATG,0,586258
araCp,0.1111111111111111,8,8,GCACAATAGATCAAGGGCAA,0,550823
araCp,0.1111111111111111,8,8,GCAATGTGCAACGTCGTACT,0,560129
araCp,0.1111111111111111,8,8,GCAATGTCTATACGGAACCG,0,527212
araCp,0.1111111111111111,8,8,GATTTTGATCTTAATCGTCT,0,531993
araCp,0.1111111111111111,8,8,GATTTAGGTCCAACCATGGG,0,590779
araCp,0.1111111111111111,8,8,GATTATGAGGTAAGTGTCTC,0,589259
araCp,0.1111111111111111,8,8,GATTACGTCAAAACTTCCTC,0,530850
araCp,0.1111111111111111,8,8,GATGTGCGATTCTTGTTAGA,0,530333
araCp,0.1111111111111111,8,8,GATGGGGCAAGCACCTGGGG,0,541007
araCp,0.1111111111111111,8,8,GATGGACCAAAAACAGCCTG,0,556737
araCp,0.1111111111111111,8,8,GATGATACGTTTCAGGCTAT,0,536943
araCp,0.1111111111111111,8,8,GATCTTAGCGACTATATGGT,0,548418
araCp,0.1111111111111111,8,8,GATCACAAGCTTTACAAGAG,0,556140
araCp,0.1111111111111111,8,8,GATAGGGGAAGAATTTCGTG,0,556343
araCp,0.1111111111111111,8,8,GATACCTTGGTTACGTGGGC,0,539062
araCp,0.1111111111111111,8,8,GATAAGTGTCGAGCCATCGG,0,603542
araCp,0.1111111111111111,8,8,GAGTCGGTGTTGTGCGAAGA,0,564129
araCp,0.1111111111111111,8,8,GAGTATTAGCGGGGACTTAG,0,535460
araCp,0.1111111111111111,8,8,GAGGTCTGACACTATTAATC,0,540061
araCp,0.1111111111111111,8,8,GAGGGACACTACAACAGATC,0,563122
araCp,0.1111111111111111,8,8,GAGGCTCGGATATCTGGCGT,0,534167
araCp,0.1111111111111111,8,8,GAGCTCCCTCTGATTGGAGC,0,557714
araCp,0.1111111111111111,8,8,GAGCATGGTGGTCTCCAGCC,0,563430
araCp,0.1111111111111111,8,8,GAGCAAAACGCGTAGAAGGT,0,544048
araCp,0.1111111111111111,8,8,GAGATGCTAACTTGCTAAAC,0,531495
araCp,0.1111111111111111,8,8,GAGACATACCGCGCATGGCA,0,544387
araCp,0.1111111111111111,8,8,GACTTGGGCATGTAGTTTTA,0,531616
araCp,0.1111111111111111,8,8,GACTTCGATTCCACCCTTCA,0,572668
araCp,0.1111111111111111,8,8,GACTGTGGTGAGATTCGAAG,0,595055
araCp,0.1111111111111111,8,8,GACTCCGCGAATGTCCAGAC,0,598284
araCp,0.1111111111111111,8,8,GACTATCTGCCACGAAGTCT,0,594740
araCp,0.1111111111111111,8,8,GACTAGCGCCTTGACCCGAG,0,577756
araCp,0.1111111111111111,8,8,GACGTATTTTATAGCCGGTA,0,529344
araCp,0.1111111111111111,8,8,GACGATGCCTCGTCCGGGAC,0,558151
araCp,0.1111111111111111,8,8,GACCTCTTAACTGAGCTGAT,0,579979
araCp,0.1111111111111111,8,8,GACCTCGCGTTGCTAAGTAA,0,561083
araCp,0.1111111111111111,8,8,GACCGATGGTTTGTTTAATG,0,584683
araCp,0.1111111111111111,8,8,GACCATAGGCGTCAGGGTCC,0,566595
araCp,0.1111111111111111,8,8,GACATAATCGCATGCTGCTG,0,563269
araCp,0.1111111111111111,8,8,GACAGCGGGCGCGCGCTCTA,0,574872
araCp,0.1111111111111111,8,8,GAATTTGGACCAACTTAAAA,0,596057
araCp,0.1111111111111111,8,8,GAATGGGTGGTAGGCCAATT,0,584295
araCp,0.1111111111111111,8,8,GAATCAGATACAGCCCCGTG,0,594230
araCp,0.1111111111111111,8,8,GAAGTAGACCGGGGAGGGAT,0,537552
araCp,0.1111111111111111,8,8,GAAAAGGGGGGGCCACACAG,0,577153
araCp,0.1111111111111111,8,8,CTTTCCTCAGAGGATGTGTT,0,600056
araCp,0.1111111111111111,8,8,CTTTAGCTGTTCAAGGGGTT,0,528072
araCp,0.1111111111111111,8,8,CTTGGTGGAGCGATATATCC,0,602628
araCp,0.1111111111111111,8,8,CTTCGATGTTTGGCCACAGT,0,568942
araCp,0.1111111111111111,8,8,CTTAGTAATGTCCCTAGACC,0,593595
araCp,0.1111111111111111,8,8,CTTAGACGCAGGGTGCGCGC,0,597996
araCp,0.1111111111111111,8,8,CTTACCCGTCCTAGCAAGGA,0,594655
araCp,0.1111111111111111,8,8,CTGTCGGCGCCTGGGAAGAA,0,579236
araCp,0.1111111111111111,8,8,CTGTCATATCCTTGAGTCAA,0,564261
araCp,0.1111111111111111,8,8,CTGGTTGCCGTTGGATTCGG,0,545182
araCp,0.1111111111111111,8,8,CTGGTGGATCAAGTTATCAG,0,577369
araCp,0.1111111111111111,8,8,CTGCTAGCAAGAATTGGTTT,0,549450
araCp,0.1111111111111111,8,8,CTGCGGGCCTTCGAAATAGT,0,590498
araCp,0.1111111111111111,8,8,CTGATACACTAACAGGTTTC,0,588510
araCp,0.1111111111111111,8,8,CTGAACAGGACAAGTTCAAT,0,545799
araCp,0.1111111111111111,8,8,CTCTGATGGGGTGAAACAAG,0,576413
araCp,0.1111111111111111,8,8,CTCTCACCGATAAGAGGGTT,0,545179
araCp,0.1111111111111111,8,8,CTCTATTGAGTCAAGTTATC,0,537958
araCp,0.1111111111111111,8,8,CTCTAGCGACTATATAGGCT,0,559383
araCp,0.1111111111111111,8,8,CTCGTTTCGTTCGACTGGAG,0,560192
araCp,0.1111111111111111,8,8,CTCGTCGGAAGTTGTGGATT,0,554890
araCp,0.1111111111111111,8,8,CTCGCATAGGCATCAGCCAG,0,591234
araCp,0.1111111111111111,8,8,CTCGACATCCGGTCATCGCA,0,559811
araCp,0.1111111111111111,8,8,CTCATTGGCGAACACTCGAT,0,576065
araCp,0.1111111111111111,8,8,CTCAGCAAAAGAACACCGGA,0,559772
araCp,0.1111111111111111,8,8,CTCACCGGGTGAGAAGGTAG,0,535143
araCp,0.1111111111111111,8,8,CTATGTTCTACAGTTGGACT,0,541777
araCp,0.1111111111111111,8,8,CTAGGTCTATAGCCGGTTAG,0,536763
araCp,0.1111111111111111,8,8,CTAGGTAATTAGCCGGTTAT,0,535093
araCp,0.1111111111111111,8,8,CTAGGCAACGCTTTAGAATA,0,582796
araCp,0.1111111111111111,8,8,CTAGCGATCTCGACATGGTA,0,558937
araCp,0.1111111111111111,8,8,CTACGAGTGAAAGACCATCT,0,526124
araCp,0.1111111111111111,8,8,CTACGACCAGGAGACTTCAC,0,533581
araCp,0.1111111111111111,8,8,CTACGACAAGGATCTCTATT,0,554090
araCp,0.1111111111111111,8,8,CTACAGTAAGACATTCACGC,0,600896
araCp,0.1111111111111111,8,8,CTAATTAGGGTATTGAAGTA,0,536433
araCp,0.1111111111111111,8,8,CTAATGGTACAGTGCCTAAA,0,570368
araCp,0.1111111111111111,8,8,CTAACTGGAGCGGTTGCGGA,0,587733
araCp,0.1111111111111111,8,8,CTAACTATGATCGAGGATTT,0,552262
araCp,0.1111111111111111,8,8,CTAAAGTGGCGTACACGCCT,0,576994
araCp,0.1111111111111111,8,8,CGTTCCCAATCTGGTAGATT,0,562164
araCp,0.1111111111111111,8,8,CGTCTTCCGGCCGTATTAGC,0,594062
araCp,0.1111111111111111,8,8,CGTCTCTCGGCTTCCATCTC,0,573378
araCp,0.1111111111111111,8,8,CGTCCATCCGGGCGAGTGAT,0,525756
araCp,0.1111111111111111,8,8,CGTCCATCAGGGCAACAATA,0,528314
araCp,0.1111111111111111,8,8,CGTATGCTTGTTATTCTATT,0,570417
araCp,0.1111111111111111,8,8,CGTAGCAAGGTCTTTACAGT,0,574239
araCp,0.1111111111111111,8,8,CGTAAAATTCCTGCTGGGTA,0,525674
araCp,0.1111111111111111,8,8,CGGTTATGCAACGAGGCATT,0,567148
araCp,0.1111111111111111,8,8,CGGTCCTGGATACCGAGCCT,0,563312
araCp,0.1111111111111111,8,8,CGGTCCGCGAAGCGTTTCCT,0,583453
araCp,0.1111111111111111,8,8,CGGGTTCGTGGTGGGCTAGA,0,600484
araCp,0.1111111111111111,8,8,CGGGATCCGTTCAGACCCCT,0,575565
araCp,0.1111111111111111,8,8,CGGCTTATGCGGCGTAACTC,0,551194
araCp,0.1111111111111111,8,8,CGGCTTAATGCGGCATCTTC,0,561682
araCp,0.1111111111111111,8,8,CGGATCACGGTCCCTCAACC,0,601613
araCp,0.1111111111111111,8,8,CGGACGGCAGGGATACCTTA,0,539275
araCp,0.1111111111111111,8,8,CGCTACTTCGACTGGCATAT,0,591502
araCp,0.1111111111111111,8,8,CGCGTTGGTAGAGCACACAG,0,528710
araCp,0.1111111111111111,8,8,CGCGCCCAACAAGTTACCTA,0,553421
araCp,0.1111111111111111,8,8,CGCATTGGTACGCCCCACTA,0,588226
araCp,0.1111111111111111,8,8,CGCAAGGTTGGGGTCAGTTA,0,533629
araCp,0.1111111111111111,8,8,CGATGCAATCGGGAGATGCC,0,562117
araCp,0.1111111111111111,8,8,CGATACGAAGGCCGAGCCAA,0,580800
araCp,0.1111111111111111,8,8,CGAGCGGTCTCCTCTGTATA,0,532400
araCp,0.1111111111111111,8,8,CGAGCCGACCTACACGTTTT,0,582004
araCp,0.1111111111111111,8,8,CGAGCACTTGAGGGCAGTGG,0,580340
araCp,0.1111111111111111,8,8,CGACTAGGCTGCGAAGGTCA,0,565558
araCp,0.1111111111111111,8,8,CGACGTACCGTTCTACGGAC,0,596118
araCp,0.1111111111111111,8,8,CGACAGGGAATATTTCGTAC,0,535781
araCp,0.1111111111111111,8,8,CGACACACGGCTACTCCTGC,0,576618
araCp,0.1111111111111111,8,8,CCTTTTATGCGTAGTGGGCT,0,602508
araCp,0.1111111111111111,8,8,CCTTTGTTCCAGCATTACAT,0,545526
araCp,0.1111111111111111,8,8,CCTGTTGGTCACAAAGGCGT,0,580994
araCp,0.1111111111111111,8,8,CCTGTTGCCTAGGTGGGGAG,0,551055
araCp,0.1111111111111111,8,8,CCTGGTCTCGCTATGCAAGG,0,592260
araCp,0.1111111111111111,8,8,CCTCTAATTAGAGACGTTAA,0,551004
araCp,0.1111111111111111,8,8,CCTCCCGACGTTTCTGTTCG,0,549425
araCp,0.1111111111111111,8,8,CCTCAGCCGATTCATCCGTA,0,572067
araCp,0.1111111111111111,8,8,CCTATACGCGTGGGAGGGAG,0,567737
araCp,0.1111111111111111,8,8,CCTAGCATGTGTAATCCCTA,0,547607
araCp,0.1111111111111111,8,8,CCTAAAATCGGTCTCCCGCA,0,563475
araCp,0.1111111111111111,8,8,CCGTTCCATTGAATCATGAA,0,570882
araCp,0.1111111111111111,8,8,CCGTGTCTCGCGTAGGACCG,0,529732
araCp,0.1111111111111111,8,8,CCGGCGCCTGGAAGCTTGAA,0,596231
araCp,0.1111111111111111,8,8,CCGGATCAAGTCGCTTTATG,0,545252
araCp,0.1111111111111111,8,8,CCGCGCTCAGTGCAACTACA,0,571682
araCp,0.1111111111111111,8,8,CCGAACCATCGTTCGGTCAA,0,577203
araCp,0.1111111111111111,8,8,CCCTTTTTGATCTGTCTTGT,0,592601
araCp,0.1111111111111111,8,8,CCCTGGGTATGTGCCAATCG,0,601746
araCp,0.1111111111111111,8,8,CCCTGCTAAGTACCTTACTG,0,576222
araCp,0.1111111111111111,8,8,CCCTCCCTATTCTTATTATG,0,583081
araCp,0.1111111111111111,8,8,CCCGGCGTGAAAATCCTTAA,0,593393
araCp,0.1111111111111111,8,8,CCCGCCCAGGCTTCCACGTT,0,576663
araCp,0.1111111111111111,8,8,CCCCTTTGGCGCCTTTGCTG,0,562335
araCp,0.1111111111111111,8,8,CCCCTAATGGGATATACCGC,0,530746
araCp,0.1111111111111111,8,8,CCCCGAGACGCACCGAAAAG,0,589384
araCp,0.1111111111111111,8,8,CCCCCATCTACTAGCGTAGA,0,538436
araCp,0.1111111111111111,8,8,CCCAGTAGGAGCTCGGCTTA,0,560137
araCp,0.1111111111111111,8,8,CCCAGGAATGGTCATACGCC,0,577750
araCp,0.1111111111111111,8,8,CCCAATTATGCACCTCGCGG,0,571566
araCp,0.1111111111111111,8,8,CCCAAGGGCTGTAGGAACAG,0,542854
araCp,0.1111111111111111,8,8,CCAGGCCTGATGCGTGAAGT,0,573476
araCp,0.1111111111111111,8,8,CCAGCTGCTTGCTCGCGTTT,0,551944
araCp,0.1111111111111111,8,8,CCAGACAAGCCGATGGTTAC,0,597395
araCp,0.1111111111111111,8,8,CCAATTTCGCGCACTATGAT,0,603676
araCp,0.1111111111111111,8,8,CCAATTACAGAGTTTTTGTT,0,548923
araCp,0.1111111111111111,8,8,CATTTGGCGCTATTTTTCCA,0,578983
araCp,0.1111111111111111,8,8,CATTTATATGTGTTTGGCCA,0,569005
araCp,0.1111111111111111,8,8,CATTTAACTGCACTTCCTTA,0,550418
araCp,0.1111111111111111,8,8,CATTGATAAGTAGCGTGGAC,0,552889
araCp,0.1111111111111111,8,8,CATTCTGGTCCCCACTCGCA,0,532864
araCp,0.1111111111111111,8,8,CATTAATACCAGTACGGGCA,0,559602
araCp,0.1111111111111111,8,8,CATGTTCCCTGGGCAGTGAC,0,576777
araCp,0.1111111111111111,8,8,CATGGCTCTCCGCTGAGCCG,0,601825
araCp,0.1111111111111111,8,8,CATGACTATTGTCGGGTTAC,0,543353
araCp,0.1111111111111111,8,8,CATGACGGTTCAAGCAAGTT,0,559163
araCp,0.1111111111111111,8,8,CATCCGCGCGAGCGAATCGA,0,557926
araCp,0.1111111111111111,8,8,CATAGTGACTATTAGATGCG,0,570194
araCp,0.1111111111111111,8,8,CAGTTGGGGATTTATGAACG,0,589310
araCp,0.1111111111111111,8,8,CAGTTGAGGGTGTTTAGTTT,0,559865
araCp,0.1111111111111111,8,8,CAGTTCTTCTCGTTGTTAGA,0,562182
araCp,0.1111111111111111,8,8,CAGTGGTTCCGCTCGTAAAC,0,548595
araCp,0.1111111111111111,8,8,CAGTGCCTTTGCTCTCGAGT,0,588841
araCp,0.1111111111111111,8,8,CAGTCAATAGCAGAGTAGGA,0,565584
araCp,0.1111111111111111,8,8,CAGTAGTGAGTGTTCGGAGA,0,580979
araCp,0.1111111111111111,8,8,CAGGTGAGGCGTGCACTATT,0,564113
araCp,0.1111111111111111,8,8,CAGGGTTGCCAAGCACCACT,0,569175
araCp,0.1111111111111111,8,8,CAGGGGCCTTTTACTTAACC,0,599460
araCp,0.1111111111111111,8,8,CAGGCTCCGCCGACCAACTA,0,586884
araCp,0.1111111111111111,8,8,CAGCAACTATCCGCCTGACT,0,561347
araCp,0.1111111111111111,8,8,CAGATGCGATAAGGTCAGGT,0,549118
araCp,0.1111111111111111,8,8,CAGAGGTACGTCATCCGTGA,0,587635
araCp,0.1111111111111111,8,8,CAGACATAACGAGTCAAAAA,0,579218
araCp,0.1111111111111111,8,8,CAGAAGCTGCTGGCTGCCCT,0,571802
araCp,0.1111111111111111,8,8,CACTGAGTTGGGCATCATAC,0,602154
araCp,0.1111111111111111,8,8,CACGCACGCGAGCTCAAAGA,0,566960
araCp,0.1111111111111111,8,8,CACGATGGCCGGTTTGCCGG,0,566051
araCp,0.1111111111111111,8,8,CACGAAAGTAGGCATTGGAC,0,551958
araCp,0.1111111111111111,8,8,CACCTAAGTAGTGTGAGGCG,0,593571
araCp,0.1111111111111111,8,8,CACAGGCTGCAGCCAATCAA,0,589118
araCp,0.1111111111111111,8,8,CACAACCAGTCTCCAACAGA,0,545208
araCp,0.1111111111111111,8,8,CAATCGATGGATTGACGTTA,0,568953
araCp,0.1111111111111111,8,8,CAATATAGCTGAAATTCTTT,0,587868
araCp,0.1111111111111111,8,8,CAAGTATCTCCGCGCGGTGT,0,584553
araCp,0.1111111111111111,8,8,CAAGGACACCGACACTTGTT,0,602491
araCp,0.1111111111111111,8,8,CAAGCTGTAGATCCTGCTAG,0,589153
araCp,0.1111111111111111,8,8,CAACCGAGGGCCGCTTGGGG,0,526934
araCp,0.1111111111111111,8,8,CAACAGGCTGGATATGGAGT,0,535239
araCp,0.1111111111111111,8,8,CAACAGGAAACATCCCGATG,0,563858
araCp,0.1111111111111111,8,8,CAAATCGCACTCGGACTAGA,0,546062
araCp,0.1111111111111111,8,8,CAAAGCGTGGATCGAGGCCT,0,542252
araCp,0.1111111111111111,8,8,CAAACGTGCTGATGCTGATC,0,573077
araCp,0.1111111111111111,8,8,ATTTTTGTATGAGACCATCT,0,534293
araCp,0.1111111111111111,8,8,ATTTTCTGTTTCTCGGAAGC,0,598206
araCp,0.1111111111111111,8,8,ATTTGGTCATGTCGCGCTAG,0,536105
araCp,0.1111111111111111,8,8,ATTTGGGCTCGTCTGTTCCA,0,595618
araCp,0.1111111111111111,8,8,ATTTCTTTTACGCACTCTAT,0,574236
araCp,0.1111111111111111,8,8,ATTTAGCTTTGGGTTCTAAA,0,570293
araCp,0.1111111111111111,8,8,ATTGGTACCCAGTGAAGTGG,0,528664
araCp,0.1111111111111111,8,8,ATTGCGGCCATCAGTTGAAT,0,529049
araCp,0.1111111111111111,8,8,ATTGCCGTACCGCGACGACA,0,570747
araCp,0.1111111111111111,8,8,ATTGCCGGTATGGAATCCGA,0,577983
araCp,0.1111111111111111,8,8,ATTGATCATGTAAGAAAGGT,0,560004
araCp,0.1111111111111111,8,8,ATTCTACGAACGGTCAATGC,0,562836
araCp,0.1111111111111111,8,8,ATTCCAGCCAAGATCTCCAA,0,567114
araCp,0.1111111111111111,8,8,ATTATATTATAGTTAGGTAC,0,600134
araCp,0.1111111111111111,8,8,ATTAGATTTACTTATACTGA,0,586675
araCp,0.1111111111111111,8,8,ATTAAGCGTAGTAATAAATC,0,580435
araCp,0.1111111111111111,8,8,ATGTTCCGGTCGAAAATCGC,0,570010
araCp,0.1111111111111111,8,8,ATGTTCAAGTGGGCGAAGAG,0,541377
araCp,0.1111111111111111,8,8,ATGTTCAAATTCGCATTAAC,0,526391
araCp,0.1111111111111111,8,8,ATGGGGGTCGTAGTCAGGTA,0,556024
araCp,0.1111111111111111,8,8,ATGGGGGTCCGCGCTCAAGA,0,598166
araCp,0.1111111111111111,8,8,ATGGGCCTAATAGGCCTAAT,0,580313
araCp,0.1111111111111111,8,8,ATGGCTTGCCATGTTGCGAC,0,588851
araCp,0.1111111111111111,8,8,ATGGACATCCCGCGACAACC,0,539527
araCp,0.1111111111111111,8,8,ATGATAAGCGTAAAATACTC,0,528588
araCp,0.1111111111111111,8,8,ATGAGGCTGCCCGCGAAAGG,0,529680
araCp,0.1111111111111111,8,8,ATGAGATTAACCGACACGGG,0,526555
araCp,0.1111111111111111,8,8,ATCTTGCATGGAAGACGAAT,0,540913
araCp,0.1111111111111111,8,8,ATCTTCCTACGCCTTATCTG,0,534396
araCp,0.1111111111111111,8,8,ATCTTCACCTCGCTCCGGTC,0,579785
araCp,0.1111111111111111,8,8,ATCTGTATGAGTTTAAATCC,0,559798
araCp,0.1111111111111111,8,8,ATCTATGTTCATGTCCGAGT,0,538482
araCp,0.1111111111111111,8,8,ATCTACAGTGGCTCGCTAAT,0,534555
araCp,0.1111111111111111,8,8,ATCGGATACCGATGTGCGAT,0,527442
araCp,0.1111111111111111,8,8,ATCGAGTTTAAAGCGATTCT,0,603476
araCp,0.1111111111111111,8,8,ATCCTTCAGGTATCCAGATG,0,529284
araCp,0.1111111111111111,8,8,ATCCTGGCGGGTACACTATG,0,584761
araCp,0.1111111111111111,8,8,ATCCTAACCTTGAAAGATTT,0,547893
araCp,0.1111111111111111,8,8,ATCCGCTGCTAGGATGACCT,0,587290
araCp,0.1111111111111111,8,8,ATCCGACGGTATACGTTCTC,0,550731
araCp,0.1111111111111111,8,8,ATCCCGGTTTTCTTCATCCA,0,561862
araCp,0.1111111111111111,8,8,ATCCACTACTGGGAACTCTC,0,576137
araCp,0.1111111111111111,8,8,ATCACTCTTCTCTTGGGAAG,0,603145
araCp,0.1111111111111111,8,8,ATCAACCGCCAGACAAGTAG,0,566745
araCp,0.1111111111111111,8,8,ATATCAATTAACCGCATATA,0,582886
araCp,0.1111111111111111,8,8,ATATAGAGTGAATCACCGCC,0,564122
araCp,0.1111111111111111,8,8,ATACGTAGTACCCACGGTTT,0,590882
araCp,0.1111111111111111,8,8,ATACCTCTACAGTGGCGGAT,0,600932
araCp,0.1111111111111111,8,8,ATAAGTCAGTGACCCCAATA,0,565327
araCp,0.1111111111111111,8,8,AGTTTTACTCGGTTCTGCGA,0,548618
araCp,0.1111111111111111,8,8,AGTTTAGTGATCGCAAGGAT,0,543653
araCp,0.1111111111111111,8,8,AGTTCTTAGGAGGTACTGGT,0,571129
araCp,0.1111111111111111,8,8,AGTTACGCAACGGGCAAAAA,0,587350
araCp,0.1111111111111111,8,8,AGTGGTACACAGGATTAATA,0,588682
araCp,0.1111111111111111,8,8,AGTGGGCTATTGGAGCAAGT,0,566655
araCp,0.1111111111111111,8,8,AGTGGACTACTTTACAAGTG,0,536609
araCp,0.1111111111111111,8,8,AGTGCTGTGCATTAAACTGG,0,562560
araCp,0.1111111111111111,8,8,AGTGCCAACGTACTTAGGAA,0,566161
araCp,0.1111111111111111,8,8,AGTGATGGAGACCGGGCCAA,0,535087
araCp,0.1111111111111111,8,8,AGTCTACGGGGAATGAGACG,0,536919
araCp,0.1111111111111111,8,8,AGTCCAAAGATTGCGGACCC,0,539533
araCp,0.1111111111111111,8,8,AGTCAACCCACGTTGGATTA,0,587663
araCp,0.1111111111111111,8,8,AGTATGTCGTGATAGCAAGC,0,540474
araCp,0.1111111111111111,8,8,AGTAAGGGTCCAGGCTCCTT,0,546967
araCp,0.1111111111111111,8,8,AGGTTGTCTCGTCGTAGTGT,0,587399
araCp,0.1111111111111111,8,8,AGGTGATGGTTTCGGGGAAT,0,599954
araCp,0.1111111111111111,8,8,AGGTATTAGCTCGTGACCAA,0,571910
araCp,0.1111111111111111,8,8,AGGTAACAATGCAAGTTGTG,0,586896
araCp,0.1111111111111111,8,8,AGGGTTGATCCATGAGCGCA,0,568338
araCp,0.1111111111111111,8,8,AGGGGCACGCTTGAGTGATT,0,565344
araCp,0.1111111111111111,8,8,AGGGAGAACGTTGAGATGCT,0,549776
araCp,0.1111111111111111,8,8,AGGCCTGGTGGATCTATCAG,0,551224
araCp,0.1111111111111111,8,8,AGGCCTAGAAACAGATGGAA,0,562776
araCp,0.1111111111111111,8,8,AGGCATTCTAGGGAAGATAA,0,572002
araCp,0.1111111111111111,8,8,AGGAGACAGCAGCTGACATT,0,528126
araCp,0.1111111111111111,8,8,AGGACTTGGCTAACAAAGTT,0,563583
araCp,0.1111111111111111,8,8,AGGAATCCGGGTGGGTAGGC,0,591944
araCp,0.1111111111111111,8,8,AGGAACTAATGGGTACAACG,0,592267
araCp,0.1111111111111111,8,8,AGGAACCGTGACGCGATGCT,0,552203
araCp,0.1111111111111111,8,8,AGCTAGGTGAAATTTCCCTA,0,551527
araCp,0.1111111111111111,8,8,AGCTAAGACCGGTCCATCTC,0,572936
araCp,0.1111111111111111,8,8,AGCGTAAGCGCATATAACTA,0,565110
araCp,0.1111111111111111,8,8,AGCGGGTCCGTGGAAAAGCT,0,576266
araCp,0.1111111111111111,8,8,AGCGAGTTGTGGAGTACTCA,0,557942
araCp,0.1111111111111111,8,8,AGCCCCGGGCAATCCAGTTA,0,564093
araCp,0.1111111111111111,8,8,AGCCCCGGCTAAATAATATA,0,541008
araCp,0.1111111111111111,8,8,AGCCATAATCCTTCCACCCT,0,535137
araCp,0.1111111111111111,8,8,AGCCAACACTCTCCCTGATA,0,592061
araCp,0.1111111111111111,8,8,AGCATGAGGGACCGTTTCTA,0,536881
araCp,0.1111111111111111,8,8,AGCATCTCATTTGGCGGCCC,0,578031
araCp,0.1111111111111111,8,8,AGATTCCGTTCGCCGACCGC,0,550939
araCp,0.1111111111111111,8,8,AGATCTAGGCCCTACTGATT,0,547229
araCp,0.1111111111111111,8,8,AGAGTTATACCGCCTGGATG,0,577194
araCp,0.1111111111111111,8,8,AGACTATAAAAAGGGCTTTA,0,526108
araCp,0.1111111111111111,8,8,AGACATATCGGCTAGTTGCC,0,592331
araCp,0.1111111111111111,8,8,AGAATACAGGAAGATCCGGG,0,548562
araCp,0.1111111111111111,8,8,AGAAGCGGGCGTTTATCGGG,0,601241
araCp,0.1111111111111111,8,8,AGAACGACAAATATTTCATA,0,532450
araCp,0.1111111111111111,8,8,AGAACAACCTTAGCCGGTCA,0,564967
araCp,0.1111111111111111,8,8,AGAAAACGATTTCCGTTGTA,0,549544
araCp,0.1111111111111111,8,8,ACTTTCCCAAAGCCTGGGGA,0,560048
araCp,0.1111111111111111,8,8,ACTTTAATAACGCGATGACT,0,546246
araCp,0.1111111111111111,8,8,ACTTCTGCATGAAGGATCAC,0,529961
araCp,0.1111111111111111,8,8,ACTTAAAACGTCGCTCTTTT,0,560787
araCp,0.1111111111111111,8,8,ACTGTACTAAGAAGCGGGTT,0,534784
araCp,0.1111111111111111,8,8,ACTGGTCTGCGAGCTAACCG,0,564370
araCp,0.1111111111111111,8,8,ACTGAACAACTTGGTATTGG,0,595219
araCp,0.1111111111111111,8,8,ACTCGAAAGTAAACAGGCGC,0,590286
araCp,0.1111111111111111,8,8,ACTCCAAATGGAGATACTAC,0,584642
araCp,0.1111111111111111,8,8,ACTACTATAAAGTTCCAACC,0,537345
araCp,0.1111111111111111,8,8,ACTACGCGTCGCTGTACTAA,0,582560
araCp,0.1111111111111111,8,8,ACTAATATATATTCCAGATC,0,568171
araCp,0.1111111111111111,8,8,ACGTTAGGGCGGCGCTCTCT,0,572426
araCp,0.1111111111111111,8,8,ACGTTAGCAAGTAATGTTGT,0,553201
araCp,0.1111111111111111,8,8,ACGTGTCAACCAGAACTTGG,0,531485
araCp,0.1111111111111111,8,8,ACGTAGTGGACCGGCAACGA,0,554332
araCp,0.1111111111111111,8,8,ACGTAGCTTTGATCAGACCC,0,565500
araCp,0.1111111111111111,8,8,ACGTAAGTTGATGTTTGGGA,0,527935
araCp,0.1111111111111111,8,8,ACGGTATGCACACATTCGAA,0,566633
araCp,0.1111111111111111,8,8,ACGGGGTTAAAAGCGGTTCA,0,603061
araCp,0.1111111111111111,8,8,ACGGGAAGTCTTACGCCCCC,0,567646
araCp,0.1111111111111111,8,8,ACGGCTCACGGCGTCTAACC,0,541090
araCp,0.1111111111111111,8,8,ACGGCGGATGTTCTCCTGGT,0,554726
araCp,0.1111111111111111,8,8,ACGCGTACGCTGTAGTACTT,0,558687
araCp,0.1111111111111111,8,8,ACGCATGGTACTGGCTGCAG,0,545732
araCp,0.1111111111111111,8,8,ACGCAGTAACAGGCCGCCCG,0,570204
araCp,0.1111111111111111,8,8,ACGATAAGTTGGTGTAAAGC,0,598327
araCp,0.1111111111111111,8,8,ACGAGTGAAATTACCGCATT,0,585822
araCp,0.1111111111111111,8,8,ACGAGGATGGCCGCGTGGAA,0,544487
araCp,0.1111111111111111,8,8,ACGACTCCATAGGTCCGTTA,0,563072
araCp,0.1111111111111111,8,8,ACGAAGACTAAACTGGCGTA,0,567160
araCp,0.1111111111111111,8,8,ACGAAATGTCCCTGGTTAAT,0,601136
araCp,0.1111111111111111,8,8,ACCTTAGGTTATAGCGTTAT,0,584015
araCp,0.1111111111111111,8,8,ACCTGAGATAGATTGAACAA,0,591303
araCp,0.1111111111111111,8,8,ACCTAATCCCCTGGTGTACA,0,541955
araCp,0.1111111111111111,8,8,ACCGTGGGATTTGTCATGTA,0,602574
araCp,0.1111111111111111,8,8,ACCGCCGGGGAGAGTATAAG,0,568690
araCp,0.1111111111111111,8,8,ACCCTACTACTTACAAACCA,0,545613
araCp,0.1111111111111111,8,8,ACCCTAAGCAAAGCTATAAG,0,574283
araCp,0.1111111111111111,8,8,ACCAGGCTAGGGAAGAACGA,0,587056
araCp,0.1111111111111111,8,8,ACCAAGGCGTTTGAGGAATG,0,529975
araCp,0.1111111111111111,8,8,ACATTCTCTGGAACTTACGT,0,572550
araCp,0.1111111111111111,8,8,ACATGTCCCCGGAGACGTGG,0,558747
araCp,0.1111111111111111,8,8,ACATAAATTGCATGCGTGTC,0,562165
araCp,0.1111111111111111,8,8,ACAGTTCGATGAAGGTACTT,0,572127
araCp,0.1111111111111111,8,8,ACAGTGTGTTCTTTTTCCGC,0,538835
araCp,0.1111111111111111,8,8,ACAGGTGATTGGAATAATTC,0,534153
araCp,0.1111111111111111,8,8,ACACTGGCGAATCGGGATCG,0,543585
araCp,0.1111111111111111,8,8,ACACTGGAGTATGTGGGCTA,0,572306
araCp,0.1111111111111111,8,8,ACACGTCGCTACGTAGATCC,0,574229
araCp,0.1111111111111111,8,8,ACACGGCAACGGTCGTAAGT,0,575220
araCp,0.1111111111111111,8,8,ACAAGAGGTGGGTATTCGGC,0,586344
araCp,0.1111111111111111,8,8,ACAAACTGCGCAGGAAAGGT,0,596415
araCp,0.1111111111111111,8,8,AATTTGTATAACGAATGTGC,0,531293
araCp,0.1111111111111111,8,8,AATTTCCAGCCCAGTCGTTC,0,591455
araCp,0.1111111111111111,8,8,AATTTAGGTTCTTAGCTATA,0,575888
araCp,0.1111111111111111,8,8,AATTAAGTACTAGCGCGACG,0,586635
araCp,0.1111111111111111,8,8,AATGGTTCAACAGTAAGTAG,0,566323
araCp,0.1111111111111111,8,8,AATGGATCCCGACTACCGCG,0,535439
araCp,0.1111111111111111,8,8,AATGGAACAAGAGCGGGCCA,0,600542
araCp,0.1111111111111111,8,8,AATGCCTCCGTAGGGTGCGC,0,599189
araCp,0.1111111111111111,8,8,AATGCCGCAAAATACTGTGT,0,537121
araCp,0.1111111111111111,8,8,AATGCCAGTGGGTCATATAC,0,530385
araCp,0.1111111111111111,8,8,AATCGGCGCCTGTTTTTGCA,0,593597
araCp,0.1111111111111111,8,8,AATCGGCACAGAGCAGCTCT,0,601374
araCp,0.1111111111111111,8,8,AATAGGTGATCCTGCGGAAG,0,583539
araCp,0.1111111111111111,8,8,AATAACATGAGAAGAGTTCT,0,535569
araCp,0.1111111111111111,8,8,AATAAAACTTGTGGAGCCAT,0,600799
araCp,0.1111111111111111,8,8,AATAAAAAGCTGGGGCCATG,0,532587
araCp,0.1111111111111111,8,8,AAGTGACTTTCTGAGGATTG,0,592266
araCp,0.1111111111111111,8,8,AAGTACGCACTGTAACATTA,0,581110
araCp,0.1111111111111111,8,8,AAGTAATCCACACGGTCTAG,0,534792
araCp,0.1111111111111111,8,8,AAGGTCAAGCCAGACTGGTC,0,566363
araCp,0.1111111111111111,8,8,AAGGCACTTACGCTTGGCGA,0,548180
araCp,0.1111111111111111,8,8,AAGCGAGTACATTAAGGTGG,0,597039
araCp,0.1111111111111111,8,8,AAGCCTTGGCCCATCTTCTA,0,600671
araCp,0.1111111111111111,8,8,AAGCCTCGCATTTTCATCCT,0,578988
araCp,0.1111111111111111,8,8,AAGCACGCTTGGAGCTCTAT,0,539115
araCp,0.1111111111111111,8,8,AAGATTTGCATACAAGGCTT,0,579842
araCp,0.1111111111111111,8,8,AAGATACTAAAACGCATACG,0,537888
araCp,0.1111111111111111,8,8,AAGAGGGCATATATCAGAGA,0,600810
araCp,0.1111111111111111,8,8,AAGACGCTGAAGTGAGCCGT,0,531038
araCp,0.1111111111111111,8,8,AAGAATTCAACCCGCACTTT,0,562596
araCp,0.1111111111111111,8,8,AAGAACTGAGTATTCGTCAC,0,535959
araCp,0.1111111111111111,8,8,AACTTCGCAGGATTAGAATG,0,576146
araCp,0.1111111111111111,8,8,AACTGCGCCTACTAATCTAC,0,572966
araCp,0.1111111111111111,8,8,AACGCGTGTCGTAATGCCCT,0,569592
araCp,0.1111111111111111,8,8,AACATGTTAGCCATCGACTT,0,571114
araCp,0.1111111111111111,8,8,AACAGGTTGCGGAGACGTAA,0,569579
araCp,0.1111111111111111,8,8,AACAATAAGGCAACAGCTGA,0,543026
araCp,0.1111111111111111,8,8,AAATATTTGGACTGAAAGAG,0,555299
araCp,0.1111111111111111,8,8,AAATACCCGAGCGTGTAAGT,0,590935
araCp,0.1111111111111111,8,8,AAAGCTTCCTCGGCTCATTT,0,591407
araCp,0.1111111111111111,8,8,AAAGCAGAGCGGGTACAATA,0,563381
araCp,0.1111111111111111,8,8,AAACGCTGAATGGGCATTGG,0,586963
araCp,0.1111111111111111,8,8,AAACCTAACTATGTGGCTGA,0,542373
araCp,0.1111111111111111,8,8,AAACCGGACGAGTACGATGG,0,601371
araCp,0.1111111111111111,8,8,AAACATCGCTCTGCAGTCTT,0,602096
araCp,0.1111111111111111,8,8,AAAATACGTTAATTTACGGC,0,582445
araCp,0.125,7,7,TTTTTTAAATGACGCGCAAC,0,595570
araCp,0.125,7,7,TTTTGCCACGCTCGCGAGTT,0,544229
araCp,0.125,7,7,TTTTCTTACACGCGCTGAGT,0,555995
araCp,0.125,7,7,TTTTACCGATGATGGCGACA,0,565498
araCp,0.125,7,7,TTTGCAGCACACGTGCTCGG,0,533073
araCp,0.125,7,7,TTTGAAGCTTTTGCCCTTTA,0,584447
araCp,0.125,7,7,TTTGAACGCTGGCATCTTGT,0,539226
araCp,0.125,7,7,TTTCTGGTGATACGAGTATC,0,553985
araCp,0.125,7,7,TTTCTCATTTGTAGGACGCA,0,581676
araCp,0.125,7,7,TTTCTATCGCATCGTCCGGT,0,552607
araCp,0.125,7,7,TTTCCTCACCGGGCGTATAA,0,567819
araCp,0.125,7,7,TTTCATTGGTGTCCTAGAAC,0,562009
araCp,0.125,7,7,TTTCACATCATCGAATGGCC,0,549853
araCp,0.125,7,7,TTTATTAACGTACAAAAGTT,0,556135
araCp,0.125,7,7,TTTAGGTTGTCCGCCCCGGA,0,573644
araCp,0.125,7,7,TTTACCCAGACGGCCTTAGC,0,580817
araCp,0.125,7,7,TTTAAACCTGCATACTGATG,0,583056
araCp,0.125,7,7,TTGTTGGGGACGTGCCGATT,0,577199
araCp,0.125,7,7,TTGTTGAAAGGGGCAACGAA,0,603254
araCp,0.125,7,7,TTGTGCGCCCATGGTCGCAA,0,530982
araCp,0.125,7,7,TTGTGACGTAGTCGTAGTGT,0,541809
araCp,0.125,7,7,TTGTCGCTGACATTTCAACT,0,581266
araCp,0.125,7,7,TTGTACGCACGGTTTCCTTG,0,571384
araCp,0.125,7,7,TTGTACATAGCCGCATCGAC,0,571047
araCp,0.125,7,7,TTGGTTTGTGCCTTCTCACA,0,547895
araCp,0.125,7,7,TTGGTCGAGAGCCATGGGAC,0,530731
araCp,0.125,7,7,TTGGGGGCGAACGTGTATCA,0,567804
araCp,0.125,7,7,TTGGAGGCAACAAGCGCTCT,0,541200
araCp,0.125,7,7,TTGCTGTGCAGCTCTTCGTA,0,568709
araCp,0.125,7,7,TTGCGTAAGACGGGCTCCGG,0,568063
araCp,0.125,7,7,TTGCGGTAGGCAAGCCTACT,0,571506
araCp,0.125,7,7,TTGCAATACAATAGGATACC,0,554483
araCp,0.125,7,7,TTGAGTGCGCGATTGCCAGA,0,585825
araCp,0.125,7,7,TTGAGGTTCAGAAGGAAGCT,0,544625
araCp,0.125,7,7,TTCTGTAAAACCTTGTACAT,0,537854
araCp,0.125,7,7,TTCTGGACGGAACGCCCTCG,0,544530
araCp,0.125,7,7,TTCTATAGATCCTAGCTGCT,0,597399
araCp,0.125,7,7,TTCTAGGTAACAGCGGTACA,0,538033
araCp,0.125,7,7,TTCTACTGTAGGAGCCAAAG,0,592106
araCp,0.125,7,7,TTCGGCGGCAGGGAACTGGG,0,559527
araCp,0.125,7,7,TTCGCGCGATTTTCGGATGT,0,563088
araCp,0.125,7,7,TTCCCGGGCGGGAATTAGCA,0,579347
araCp,0.125,7,7,TTCCCGCGAGAGGAAAGAGG,0,546893
araCp,0.125,7,7,TTCATGGATCGGGGAATCCA,0,580106
araCp,0.125,7,7,TTCAGGGGTAGTCAGAAAAA,0,578225
araCp,0.125,7,7,TTCACGCTCTGCACTTTATG,0,595714
araCp,0.125,7,7,TTCAATGTCTGGCCATGATG,0,585299
araCp,0.125,7,7,TTCAATAAGTAAGATAGCGG,0,591511
araCp,0.125,7,7,TTCAAATGTTACTCAGCCTT,0,562503
araCp,0.125,7,7,TTATAGATGCCAATCCCGGA,0,599238
araCp,0.125,7,7,TTAGTCTGTTGCAGAACAGT,0,583536
araCp,0.125,7,7,TTAGTCAGACACAAATGAAA,0,578980
araCp,0.125,7,7,TTAGCATGGTAGTGCTGTCC,0,570886
araCp,0.125,7,7,TTACTGGGATGATCCGGTGA,0,574180
araCp,0.125,7,7,TTACGGACACGTTTGTACAC,0,553998
araCp,0.125,7,7,TTACCCTGAATGGAGCTCAG,0,567337
araCp,0.125,7,7,TTACAGGAGTGGGGCATCAT,0,527874
araCp,0.125,7,7,TTAAGTAAAGGGACATCCAT,0,527080
araCp,0.125,7,7,TTAACTACGTCCCCGAGGGT,0,551283
araCp,0.125,7,7,TTAAAATCAGGGTGCAGTCC,0,530674
araCp,0.125,7,7,TGTTTAATTATGTGAGACAA,0,597338
araCp,0.125,7,7,TGTTGACCAGGGTGAAATGT,0,549091
araCp,0.125,7,7,TGTTATTTTGATCCGTAAAT,0,542148
araCp,0.125,7,7,TGTTATTAGCGAGGAGGACG,0,595422
araCp,0.125,7,7,TGTTATACGAATACCGGGGT,0,563254
araCp,0.125,7,7,TGTGTGTCAACTCGGCACGT,0,598869
araCp,0.125,7,7,TGTCCGGCATCCATTGTACT,0,568222
araCp,0.125,7,7,TGTAGTAAATTGGTTTGCAT,0,552105
araCp,0.125,7,7,TGGTCTGTATTCCGGATACG,0,576719
araCp,0.125,7,7,TGGTATAACTTGAGTTGGTA,0,585717
araCp,0.125,7,7,TGGTAGAGACACTTGGACGT,0,536610
araCp,0.125,7,7,TGGTACTGACTCGCTACGAG,0,582661
araCp,0.125,7,7,TGGTACATCATCCACTTCTC,0,554724
araCp,0.125,7,7,TGGGGCTAGGTTAGTCGGCG,0,530945
araCp,0.125,7,7,TGGGCCAATAACCACTCACA,0,554446
araCp,0.125,7,7,TGGGATCCGGATGGGGAGAT,0,551197
araCp,0.125,7,7,TGGCTCGGCCTCAGACATGT,0,546955
araCp,0.125,7,7,TGGCGGGATCGGAGGCTGTG,0,554829
araCp,0.125,7,7,TGGATTCGCTCGATGTAAAT,0,560333
araCp,0.125,7,7,TGCTGCATTTCAGGACCGAA,0,545731
araCp,0.125,7,7,TGCTGAAGCCTTATTCTCCT,0,589620
araCp,0.125,7,7,TGCGTTATGGTTCAGAACGA,0,538645
araCp,0.125,7,7,TGCGCTCTCGCCCCATCTGC,0,554992
araCp,0.125,7,7,TGCGCGGGAACACCGCTCCA,0,581413
araCp,0.125,7,7,TGCCTCCGGGTGCATCTGTG,0,579522
araCp,0.125,7,7,TGCATAGCGGAAAGGCATCG,0,594523
araCp,0.125,7,7,TGCACCCCAGGCGAGGGAGC,0,561696
araCp,0.125,7,7,TGCAAATAGGGGGATTGGTT,0,544291
araCp,0.125,7,7,TGATGTTGAAGTCCACTCCA,0,542679
araCp,0.125,7,7,TGATGCGGGGGCCACAAAAT,0,592679
araCp,0.125,7,7,TGATCTGTAGTTTATCGACC,0,538730
araCp,0.125,7,7,TGATCCGGTGTCTTATGGGA,0,544496
araCp,0.125,7,7,TGATATGGGTTGCCTACGAA,0,585700
araCp,0.125,7,7,TGAGGATATAATCACGATTG,0,598770
araCp,0.125,7,7,TGACACATTGTCAAAGAGAG,0,535264
araCp,0.125,7,7,TGAAGACCACGTCGGAGAGC,0,533363
araCp,0.125,7,7,TGAACTTCGCTAATGAGTTC,0,570332
araCp,0.125,7,7,TGAAACCCCAACGACTGGTG,0,531698
araCp,0.125,7,7,TCTTGTCCCAGGCATACAAG,0,560337
araCp,0.125,7,7,TCTTCGCCCGGGTTACGTAT,0,534829
araCp,0.125,7,7,TCTGGTTCACGATTTGTTGT,0,538598
araCp,0.125,7,7,TCTGGGTATAGAGGAGAGGT,0,589108
araCp,0.125,7,7,TCTGCGATATGTTTATCCAT,0,545143
araCp,0.125,7,7,TCTGCCCGGTAGCCAGCCAA,0,534537
araCp,0.125,7,7,TCTGCAACTCATCTCGAGGT,0,536120
araCp,0.125,7,7,TCTGAATATCAACATACCGA,0,540588
araCp,0.125,7,7,TCTCCTGGGCAAAGACGTTT,0,552797
araCp,0.125,7,7,TCTCCTAACGAATCTCTGCC,0,571425
araCp,0.125,7,7,TCTCAGGTCTGGGGTTCGAA,0,563941
araCp,0.125,7,7,TCTAGAGCAAGATGTGGGAG,0,561914
araCp,0.125,7,7,TCTAGACCAGAGGTTAGGCT,0,592995
araCp,0.125,7,7,TCTACGAAACACGAAACTTT,0,580264
araCp,0.125,7,7,TCTACAAGTTCCCGCCGCAG,0,537193
araCp,0.125,7,7,TCGTTTTAAACGTATGACAT,0,568708
araCp,0.125,7,7,TCGTTTGTCCACCGCAGAGC,0,539662
araCp,0.125,7,7,TCGTTGCGCTCTTTCTCAGT,0,580098
araCp,0.125,7,7,TCGTTCTGTAACTGTGAATG,0,545846
araCp,0.125,7,7,TCGTTCGTCGCATCTACAGC,0,560199
araCp,0.125,7,7,TCGTTAGCGACTACCTATGC,0,562058
araCp,0.125,7,7,TCGTTAAGGGTACAGATGTA,0,528721
araCp,0.125,7,7,TCGTCTTCCCTTCCTCTTAA,0,526770
araCp,0.125,7,7,TCGTCTGGTTGATCTGAACG,0,581075
araCp,0.125,7,7,TCGTCACTGTTCTTACTTTG,0,546424
araCp,0.125,7,7,TCGGTGTGCTATGACGTTTG,0,564675
araCp,0.125,7,7,TCGGTGTCGCTCGAAGGGCA,0,561917
araCp,0.125,7,7,TCGGGTAAATACCATTCCTT,0,581506
araCp,0.125,7,7,TCGGGGGACCGAGAAAGAGA,0,602294
araCp,0.125,7,7,TCGGGATACAAGTACCTAAC,0,535369
araCp,0.125,7,7,TCGGATATCCGGGACCTAAC,0,599810
araCp,0.125,7,7,TCGCTTTTGCCCAAGCGCAA,0,596315
araCp,0.125,7,7,TCGCCGGGTGCTATAAAGCG,0,576258
araCp,0.125,7,7,TCGCCACGCGGTTTGCTACT,0,550674
araCp,0.125,7,7,TCGCACACACGCTGTACTGG,0,591845
araCp,0.125,7,7,TCGATCATCTACAGTCGCGT,0,582663
araCp,0.125,7,7,TCGAGCCGCGAGTAGTGTAC,0,561888
araCp,0.125,7,7,TCGAATAATGTTATGACTAA,0,563259
araCp,0.125,7,7,TCGAAGTCTGATACTGGTGT,0,596733
araCp,0.125,7,7,TCGAACTTGGCCCTCGATGC,0,598386
araCp,0.125,7,7,TCCGGTCACCATACTGCGGT,0,542220
araCp,0.125,7,7,TCCGGGGGGAAACCTCGTGT,0,584979
araCp,0.125,7,7,TCCGGAGAGGAAAATACATA,0,599663
araCp,0.125,7,7,TCCCGGGCTTTTGGCATGAA,0,561845
araCp,0.125,7,7,TCCCATCATAGCCTCTTGGT,0,595141
araCp,0.125,7,7,TCCATGCTTGAGAAAAATGC,0,558523
araCp,0.125,7,7,TCCAAGCGAATTGCACACGT,0,553519
araCp,0.125,7,7,TCCAACGTGCCGAGTTTTGT,0,595753
araCp,0.125,7,7,TCATTCACCGGCGTACTCGG,0,542864
araCp,0.125,7,7,TCATTACAGTAAAGGCTGCA,0,531908
araCp,0.125,7,7,TCATGTAGGGGAATTATACT,0,548208
araCp,0.125,7,7,TCATGAACTGGTGGTCGTAC,0,586477
araCp,0.125,7,7,TCATACTTTAGGGCCTGCAT,0,603697
araCp,0.125,7,7,TCATAAATTAAAGCCTAATT,0,553510
araCp,0.125,7,7,TCAGGATGGGCATTGTCTAA,0,598002
araCp,0.125,7,7,TCAGAGTTAAGAGACTGTGT,0,546496
araCp,0.125,7,7,TCAGAGTGCAGTCACTAACG,0,545470
araCp,0.125,7,7,TCAGAGGGGGAACAGCCCCT,0,595344
araCp,0.125,7,7,TCAGACGCAGATCTGCGACA,0,536254
araCp,0.125,7,7,TCAGAAGCCAGTAGTGCCAG,0,535208
araCp,0.125,7,7,TCAATGGAGTATCAGCGTCC,0,560132
araCp,0.125,7,7,TCAATGAGAGTAAGGGAAGG,0,553127
araCp,0.125,7,7,TCAATAAGCATCTCGGACTA,0,578986
araCp,0.125,7,7,TCAACAGGGTTGGGTAAATG,0,595662
araCp,0.125,7,7,TATTGGGTATACGTTTGGAG,0,578490
araCp,0.125,7,7,TATTATTTACCATCGCTGCG,0,570216
araCp,0.125,7,7,TATTACATGTCGCAGCCAAA,0,529773
araCp,0.125,7,7,TATGGAAAAAACGTTTGTGC,0,574992
araCp,0.125,7,7,TATGCTACTAAGCCATAGCG,0,586437
araCp,0.125,7,7,TATGCTACGGACACGAAGAT,0,534794
araCp,0.125,7,7,TATGAACTGGGTATCAGGCC,0,601238
araCp,0.125,7,7,TATGAAAGACCGATTTTGAG,0,539320
araCp,0.125,7,7,TATCGTCCCCTTAGGGAAGT,0,530020
araCp,0.125,7,7,TATCGGAGATTGTTCATCAA,0,532557
araCp,0.125,7,7,TAGGTCTGCCATTACGTATG,0,546548
araCp,0.125,7,7,TAGGGGTCGAGACATGGAAT,0,591377
araCp,0.125,7,7,TAGGCATCCCCGCGCGGTAG,0,587650
araCp,0.125,7,7,TAGGCAGTCGGGTTGCTTTG,0,552066
araCp,0.125,7,7,TAGCGACCTGCGGTAAAAGG,0,572728
araCp,0.125,7,7,TAGCCCTGTTCGGCGCAGCA,0,576253
araCp,0.125,7,7,TAGCAAGCCGGAAAGGATTT,0,542634
araCp,0.125,7,7,TAGATATGGGAGCGAGCGAC,0,571454
araCp,0.125,7,7,TAGAGCATTGGCGCCATGCT,0,581710
araCp,0.125,7,7,TAGAGACTCAAGTCTTGCAT,0,579062
araCp,0.125,7,7,TAGAAGGCGGTCTCCAAAAT,0,577025
araCp,0.125,7,7,TAGAAGCCGGACCAAGCAGG,0,536072
araCp,0.125,7,7,TACGGGACAATTCTAAATTG,0,538085
araCp,0.125,7,7,TACGCGGTCTTTGATTCGAC,0,534915
araCp,0.125,7,7,TACGAGGTGAGACTTAGTCA,0,569383
araCp,0.125,7,7,TACGAAACTTCACAGGGGTG,0,536238
araCp,0.125,7,7,TACATCAGGACTCATCGGAG,0,541107
araCp,0.125,7,7,TACAGTTGTTGCTCCCCTCT,0,591579
araCp,0.125,7,7,TACAGGATCTTTCAGTCATG,0,576670
araCp,0.125,7,7,TACAGATGGGGATGTTACCT,0,536936
araCp,0.125,7,7,TACACACTTCGGATTTGCTC,0,525904
araCp,0.125,7,7,TAATTGCTCATGCCGTTGAT,0,591680
araCp,0.125,7,7,TAATGTGTTTGATAGTTACC,0,532490
araCp,0.125,7,7,TAATGCATGATGTGATAAGA,0,540701
araCp,0.125,7,7,TAATAGCTCCTTCGTTCTAA,0,586630
araCp,0.125,7,7,TAAGTGGTAACTGGTTAGCA,0,563560
araCp,0.125,7,7,TAAGGCTAGAACGGATGGTT,0,565509
araCp,0.125,7,7,TAAGCTAAAGTGTTCTCATA,0,545898
araCp,0.125,7,7,TAAGACACCGCTCGTCATAA,0,529607
araCp,0.125,7,7,TAACTGCGGCGCATCGTGGA,0,547314
araCp,0.125,7,7,TAACTCGAAGGCTCGACGAA,0,573296
araCp,0.125,7,7,TAACCCTCGGCATACGTTCA,0,585694
araCp,0.125,7,7,TAAACTGAGGGTTAAAGACA,0,596049
araCp,0.125,7,7,TAAACATGACCGAGCCTTGC,0,593641
araCp,0.125,7,7,GTTTTTCTGACAAGACAACT,0,528294
araCp,0.125,7,7,GTTTGTAAGTCATGTATCAC,0,570920
araCp,0.125,7,7,GTTTGCTAGAGATAAAGCGA,0,542981
araCp,0.125,7,7,GTTTCGACGTCGGGGATAAG,0,554714
araCp,0.125,7,7,GTTGTTACGCGGCGCATTCA,0,533310
araCp,0.125,7,7,GTTGTAGAACGGATTAATTT,0,544454
araCp,0.125,7,7,GTTGTACGGGGTATGCTCCA,0,539203
araCp,0.125,7,7,GTTGGTCTAGCCGGGTCAGG,0,537409
araCp,0.125,7,7,GTTCGGCGTTGCGACACTTA,0,526890
araCp,0.125,7,7,GTTCGCCCCATTTGCAAACA,0,554555
araCp,0.125,7,7,GTTAGGTCGTTCGAATGTTC,0,527181
araCp,0.125,7,7,GTTACCACGGAAATATATGT,0,539023
araCp,0.125,7,7,GTGTTGGAGATTGAGTTACT,0,569890
araCp,0.125,7,7,GTGTGGTTGCAATTTATGCA,0,559314
araCp,0.125,7,7,GTGTGGTACTCCTTTAATTC,0,592873
araCp,0.125,7,7,GTGTGCGGCATACGGTGATG,0,533891
araCp,0.125,7,7,GTGTCTATGCTTACTCATGT,0,543470
araCp,0.125,7,7,GTGTAAGCCCAATACGACTC,0,586117
araCp,0.125,7,7,GTGGTGAGTCGTCCCCACCA,0,574454
araCp,0.125,7,7,GTGGCTGGGTGGTGAAAGAA,0,559876
araCp,0.125,7,7,GTGGAACTCCGCGAGCTAGC,0,565506
araCp,0.125,7,7,GTGACGTTAAAGTATGGATT,0,529413
araCp,0.125,7,7,GTGAACCCAAGTCTTAATCT,0,566333
araCp,0.125,7,7,GTCTTTGCCGTAGTTTCTTT,0,580388
araCp,0.125,7,7,GTCTGTGTTTGGCCAACGAT,0,585091
araCp,0.125,7,7,GTCTATGTCCACCGTCTAAG,0,569725
araCp,0.125,7,7,GTCGCCGACCGGGCCTTCGA,0,550933
araCp,0.125,7,7,GTCCTTATTCAGGATGCCTT,0,575775
araCp,0.125,7,7,GTCCTGCCTTCCTCGGTCCA,0,558932
araCp,0.125,7,7,GTCCCGTCTGCGGTATGCCA,0,563623
araCp,0.125,7,7,GTCATCCACACTCGTGAATA,0,537058
araCp,0.125,7,7,GTCATAGGGAAGATCAGAGT,0,538236
araCp,0.125,7,7,GTCAGCAGAAGAAGGTGTGA,0,575117
araCp,0.125,7,7,GTCAAAGTTCCCACAAGCGT,0,597060
araCp,0.125,7,7,GTATTGGGCCTTAATGAGTC,0,554036
araCp,0.125,7,7,GTATGAAAAGGGCTTTGTCG,0,599389
araCp,0.125,7,7,GTATCAGTTGTCCTTTCGTT,0,581373
araCp,0.125,7,7,GTATACGAATTCCTCATTCA,0,579403
araCp,0.125,7,7,GTAGTTCCGCCATGAAGCGC,0,575182
araCp,0.125,7,7,GTAGTATCGGACCGATCGAG,0,574660
araCp,0.125,7,7,GTAGGGTTTAGGGGGTCAGA,0,576696
araCp,0.125,7,7,GTAGGCCAAAAGCCTTATAC,0,527019
araCp,0.125,7,7,GTACGGGCCGATGTTATGGT,0,536321
araCp,0.125,7,7,GTACGACTGAGTCGGATGTA,0,527526
araCp,0.125,7,7,GTACCGACCAGTAGCTGAGT,0,563364
araCp,0.125,7,7,GTACATGCAGAGCTTTGCTC,0,577808
araCp,0.125,7,7,GTACACATGGACGCTCCTTA,0,553505
araCp,0.125,7,7,GTACAAGCCTTAGAGCCCGC,0,560257
araCp,0.125,7,7,GTAATGGCAGGGGTAAGCAG,0,563553
araCp,0.125,7,7,GTAATCCGCGAGTCAGGTTT,0,529100
araCp,0.125,7,7,GTAATCCAGGTCCCCATGCT,0,538279
araCp,0.125,7,7,GTAACTAGATAATGTAGATC,0,542443
araCp,0.125,7,7,GGTTGGCCCAGAGTGTAAGT,0,549042
araCp,0.125,7,7,GGTTGCCATGAAACGGTCTT,0,592683
araCp,0.125,7,7,GGTTGATTGCGTTTCAGGGA,0,587940
araCp,0.125,7,7,GGTTGACCCCGAGTAGCAAA,0,585704
araCp,0.125,7,7,GGTGGTGAGCAGCGCTGTAT,0,595083
araCp,0.125,7,7,GGTGGCATCATGGCCTGAAT,0,543412
araCp,0.125,7,7,GGTCGTTTGCAGGAAGAGAG,0,581955
araCp,0.125,7,7,GGTCGTTGGGAATCACTGTC,0,549798
araCp,0.125,7,7,GGTCCCCGCGAAGGTACCAG,0,592517
araCp,0.125,7,7,GGTCATAATCTCAACTAATT,0,535520
araCp,0.125,7,7,GGTCAGGGTTACACTTCATT,0,556221
araCp,0.125,7,7,GGTAGTAATGGTTCATTTTT,0,577877
araCp,0.125,7,7,GGTAGGAAGAAGTCGTGATA,0,547728
araCp,0.125,7,7,GGTACCCGTTCGGTCTCGCG,0,592986
araCp,0.125,7,7,GGGTTGATGCATAACTGTGG,0,544425
araCp,0.125,7,7,GGGTCTCTCTATAAACAGGT,0,562911
araCp,0.125,7,7,GGGTCAGGGTGCCGCCTACG,0,536962
araCp,0.125,7,7,GGGTATGGTAGTCGGAGTAA,0,530166
araCp,0.125,7,7,GGGGTGATGAACGGTTAAAA,0,531754
araCp,0.125,7,7,GGGGGTTATGATCTACGATG,0,588591
araCp,0.125,7,7,GGGGGGACGGTGTCTAACGG,0,592735
araCp,0.125,7,7,GGGGGACGCCGCCCGCGCAA,0,544313
araCp,0.125,7,7,GGGGATTCTGTTGAGACGTC,0,535193
araCp,0.125,7,7,GGGGAACTTTTTGGCGAGAT,0,526827
araCp,0.125,7,7,GGGGAACGCAGTCACTCTAT,0,570613
araCp,0.125,7,7,GGGCTTATGTCTACACCGTA,0,576321
araCp,0.125,7,7,GGGCTCCATAACCATGGTAA,0,591025
araCp,0.125,7,7,GGGCAGTAGCCACTGGAACA,0,589274
araCp,0.125,7,7,GGGCACAGCGACACTCCGGA,0,552301
araCp,0.125,7,7,GGGACTTGACAGTCCTATTA,0,580641
araCp,0.125,7,7,GGGACATTTGGGTGCGCTGG,0,571669
araCp,0.125,7,7,GGCTTAAAATCGGCGGGTCG,0,567442
araCp,0.125,7,7,GGCTGCGAAAACCTATAAAT,0,558261
araCp,0.125,7,7,GGCTCTGGCTGTTAGAGTAC,0,531427
araCp,0.125,7,7,GGCTACAAGATGTTGGAAAG,0,584706
araCp,0.125,7,7,GGCGTAATAAACGAATTGAT,0,569222
araCp,0.125,7,7,GGCGCAGCCGTACAGTAGGT,0,589297
araCp,0.125,7,7,GGCGAATCTTCAAGCCATAT,0,551519
araCp,0.125,7,7,GGCCTTGTTTTCCTCAAACT,0,554668
araCp,0.125,7,7,GGCCGAGCCATTAAGCACGT,0,528956
araCp,0.125,7,7,GGCCCGGCACTCATCCGTAA,0,572926
araCp,0.125,7,7,GGCCCGCGCCCAGATTCTGT,0,589112
araCp,0.125,7,7,GGCCATGAAATTTCCCAGGC,0,570243
araCp,0.125,7,7,GGCACTTTAATCCGGTTATT,0,536677
araCp,0.125,7,7,GGAGGTTGAGTAGGTGAAGA,0,599983
araCp,0.125,7,7,GGAGCTCGATTAGGGCTCTC,0,550775
araCp,0.125,7,7,GGACCCACGTGCTCGGTGTA,0,556323
araCp,0.125,7,7,GGACCATGATCATTTGTATT,0,592574
araCp,0.125,7,7,GGACAGTCGGGACTCTGGAA,0,551450
araCp,0.125,7,7,GGACAATATTCGATTGAGAG,0,545742
araCp,0.125,7,7,GGAATACGGCCGCGTCGTCT,0,541115
araCp,0.125,7,7,GGAAGTGTGTTCTCCTTATA,0,545677
araCp,0.125,7,7,GCTTTTGGACAAGAAGCCAA,0,526758
araCp,0.125,7,7,GCTTTTAAATACTGGGATAA,0,566493
araCp,0.125,7,7,GCTTTCCGACCGGGGCGGGT,0,527728
araCp,0.125,7,7,GCTTGGCACGGTTTGTTTCA,0,535238
araCp,0.125,7,7,GCTTGATCGGCCTCCGTCTG,0,580584
araCp,0.125,7,7,GCTTCGCGCGTAATGGAGTA,0,551151
araCp,0.125,7,7,GCTTATGTGTTCCGCTGTTG,0,554003
araCp,0.125,7,7,GCTGTTGGAACATTGGGTCT,0,560670
araCp,0.125,7,7,GCTGTAGGCCTAGGCTATTT,0,557752
araCp,0.125,7,7,GCTGCGAGAGAGTCCGCACA,0,578148
araCp,0.125,7,7,GCTCACGAAAATTGCCTAAT,0,576802
araCp,0.125,7,7,GCTCACCGGTCAACATATTG,0,576163
araCp,0.125,7,7,GCTCAATTGCATACGCAACT,0,537551
araCp,0.125,7,7,GCTATGCGGCACCGTTCCTA,0,544180
araCp,0.125,7,7,GCTAGTTGCGTCACCCATGG,0,586748
araCp,0.125,7,7,GCTAGCAGTATCTCGGCTGT,0,591812
araCp,0.125,7,7,GCGTGTTGCTATAGTGAACC,0,539538
araCp,0.125,7,7,GCGTCTTTTAATGGGGCGAC,0,529145
araCp,0.125,7,7,GCGGGTCACGTGAGCCTCCT,0,548931
araCp,0.125,7,7,GCGCCTATGGACCGACGTAT,0,580149
araCp,0.125,7,7,GCGCCAGCTTTGGTGCCTAT,0,531459
araCp,0.125,7,7,GCGATCATGCATTATCACGG,0,578137
araCp,0.125,7,7,GCCTTAGTAGCATAATAGTG,0,545620
araCp,0.125,7,7,GCCTGGGGTATCCAAGAAGA,0,536988
araCp,0.125,7,7,GCCTCGCAAGTACTTGGGTG,0,563674
araCp,0.125,7,7,GCCTAGGGGGCTAATATTAG,0,538800
araCp,0.125,7,7,GCCTACGAATAGCTGACCCA,0,582155
araCp,0.125,7,7,GCCTACATTGAGGGTCGTGA,0,552620
araCp,0.125,7,7,GCCGTTTCAGTAATTGTCAA,0,583689
araCp,0.125,7,7,GCCGGGCGCGGACGGAATTC,0,531039
araCp,0.125,7,7,GCCGGCTGGAGGGCTTTAGC,0,593508
araCp,0.125,7,7,GCCGAACTCATCTGATAGTC,0,526444
araCp,0.125,7,7,GCCCTTACGCAGTCTGTCCT,0,570549
araCp,0.125,7,7,GCCCGAAACATCTTGGCATC,0,527744
araCp,0.125,7,7,GCCCCGTCCACTGAACTGCA,0,536157
araCp,0.125,7,7,GCCATCTTCGTAAGCCAGTC,0,533568
araCp,0.125,7,7,GCCAGGATGCGTACCTGAGA,0,526452
araCp,0.125,7,7,GCCACGGAACAGAGCTACGT,0,599264
araCp,0.125,7,7,GCCAATTGTGGCCGCTCCCT,0,603693
araCp,0.125,7,7,GCCAAGTGCCGACTATGACT,0,564559
araCp,0.125,7,7,GCCAACGGGGTTCGGGCGAT,0,576242
araCp,0.125,7,7,GCATCACTCTCATGACTCGA,0,581690
araCp,0.125,7,7,GCATATATTTGCGACAATCA,0,592626
araCp,0.125,7,7,GCAGGCGGATCATTAGGAGA,0,562929
araCp,0.125,7,7,GCAGGAGGACTCAACAAGCA,0,589071
araCp,0.125,7,7,GCAGCTAGAAAATCTCGCCA,0,591254
araCp,0.125,7,7,GCAGCGCTGATGTTTAATCA,0,577287
araCp,0.125,7,7,GCAGCCCACGACCTGCATTT,0,551124
araCp,0.125,7,7,GCAGATGACTCACAAAATGT,0,578795
araCp,0.125,7,7,GCACTTTGCCTTGAGCAGGT,0,563609
araCp,0.125,7,7,GCACGGCTCCCCCGGTTAAA,0,542636
araCp,0.125,7,7,GCACGCGGATAGAGGGTGCA,0,558430
araCp,0.125,7,7,GCACAGGTTACTCCAGTTCT,0,566448
araCp,0.125,7,7,GCACAATGTTCTCTAGCATG,0,558533
araCp,0.125,7,7,GCAATAGCTTGAAGGGGGCA,0,603051
araCp,0.125,7,7,GCAAGTTTAACTCTCAGATC,0,571920
araCp,0.125,7,7,GCAAATTGTTTGCTTAAGCA,0,560894
araCp,0.125,7,7,GCAAACATCATGGTCAGGAA,0,576950
araCp,0.125,7,7,GATTGGGTAGACCGCTGTAT,0,569735
araCp,0.125,7,7,GATTCCCGGTAGGAGAACTA,0,538831
araCp,0.125,7,7,GATGGTAGCCAATTCACCAG,0,577430
araCp,0.125,7,7,GATGGTACGCTAATTTCCTT,0,572447
araCp,0.125,7,7,GATGGGCGGCTGATTTGTAG,0,526747
araCp,0.125,7,7,GATGCCGACGATAAGTGTAT,0,561263
araCp,0.125,7,7,GATGCAATTTCTCGTTTCGG,0,585378
araCp,0.125,7,7,GATGATCCGCACAGAGGTTA,0,590839
araCp,0.125,7,7,GATCGTATGTAGCGATGACT,0,583994
araCp,0.125,7,7,GATATTACTACCTTTTGTTA,0,579774
araCp,0.125,7,7,GATAATTCACAACCTCAGTC,0,537152
araCp,0.125,7,7,GAGTGTTAGTAAACTCAATA,0,590131
araCp,0.125,7,7,GAGTGCCAAGTGTCATGTTC,0,569495
araCp,0.125,7,7,GAGTGCAGCGTTCCGCTACC,0,543208
araCp,0.125,7,7,GAGTATAAAAAGCGAGTTGC,0,581242
araCp,0.125,7,7,GAGTAGACTCACCCCGTTAA,0,600263
araCp,0.125,7,7,GAGGGCCTTTATACTAAGGC,0,546697
araCp,0.125,7,7,GAGGGAGCGGACGTCGATGC,0,564264
araCp,0.125,7,7,GAGGACGTGCTCTAGGCTGG,0,562944
araCp,0.125,7,7,GAGCTGGGACGGTAGAGACC,0,525670
araCp,0.125,7,7,GAGCGGCGGTATTCGTGCCT,0,593796
araCp,0.125,7,7,GAGCCGTAACATTTGTGCGA,0,598472
araCp,0.125,7,7,GAGCCCTAACAAGAAAGAAT,0,554491
araCp,0.125,7,7,GAGATGCGAGCTGGGGACAC,0,600931
araCp,0.125,7,7,GAGAGCTGCGCGTCACCTCG,0,530561
araCp,0.125,7,7,GACTTGACAGCCGTCTACGC,0,562766
araCp,0.125,7,7,GACTCCCATTGACACCACTG,0,564107
araCp,0.125,7,7,GACGCTGTTAGGGACCAGAC,0,536809
araCp,0.125,7,7,GACCGCACGGAGTTGAAGGG,0,544901
araCp,0.125,7,7,GACATCCGGCACACGCTCGC,0,557992
araCp,0.125,7,7,GACATATCCTTAGGGCAGCA,0,577829
araCp,0.125,7,7,GACAAATTTCGTTCTTAGGT,0,541278
araCp,0.125,7,7,GAATTTGAAAGGGCCTTAGC,0,550489
araCp,0.125,7,7,GAATTTAGCATCCAGTTAAT,0,598221
araCp,0.125,7,7,GAATCGTTTCCGTTAGTTTT,0,556790
araCp,0.125,7,7,GAATAGGACTTTACAGTGTC,0,567096
araCp,0.125,7,7,GAAGGTCCCTGGGGCTCAGT,0,546740
araCp,0.125,7,7,GAAGCTCGGTGGCAAGTGCA,0,588353
araCp,0.125,7,7,GAAGCGTTCCTCGGAGGACG,0,579775
araCp,0.125,7,7,GAAGCGCACCTGCCGACTTG,0,546866
araCp,0.125,7,7,GAAGACTTCTGGAGAATTTG,0,536100
araCp,0.125,7,7,GAACTGAAATCGGCATCCGG,0,543677
araCp,0.125,7,7,GAACGATGTCCTAGGTCTTA,0,534564
araCp,0.125,7,7,GAACCCGGCGCGCGATGATC,0,536036
araCp,0.125,7,7,GAACACGGCATAGGACTCAG,0,585618
araCp,0.125,7,7,GAAATGCTGCTTCGTGGTTC,0,548452
araCp,0.125,7,7,GAAAACAGCCACTCGTAACC,0,557920
araCp,0.125,7,7,CTTTGATGAGAGAATCATTT,0,589163
araCp,0.125,7,7,CTTTCAGGGAACTAGGGGTG,0,550943
araCp,0.125,7,7,CTTTAGCGTCAATTTGTATG,0,558859
araCp,0.125,7,7,CTTGGGACAGAAATCGGAGC,0,579462
araCp,0.125,7,7,CTTCTTAGCCAAACAGGACA,0,527098
araCp,0.125,7,7,CTTCTAGCCTTAAAGGGACG,0,542187
araCp,0.125,7,7,CTTATGACTCGCCATACGCC,0,539259
araCp,0.125,7,7,CTTATATCGGACATAGAAGA,0,587320
araCp,0.125,7,7,CTTATAAACGGCTATGGACG,0,555930
araCp,0.125,7,7,CTTAGGGATGACCGCTCCTG,0,536788
araCp,0.125,7,7,CTTAACACTTTGAGGGGATT,0,578089
araCp,0.125,7,7,CTTAACACTATCACAGTCCG,0,544211
araCp,0.125,7,7,CTGTTTCCCCCTGAGTAAAC,0,566257
araCp,0.125,7,7,CTGTGAGCCTGGCGAACGCT,0,530389
araCp,0.125,7,7,CTGTATGTTTGTATTATATC,0,584626
araCp,0.125,7,7,CTGTAGACAGTACACAGAAA,0,561880
araCp,0.125,7,7,CTGGCTAATTGAACAGCCAA,0,599629
araCp,0.125,7,7,CTGCGTAGCCGATTGGATTA,0,587305
araCp,0.125,7,7,CTGCCCTTACCCCTGGGCAG,0,566111
araCp,0.125,7,7,CTGAGCTTGCTCCTCACGAG,0,538917
araCp,0.125,7,7,CTCTTACCTTGACTCTTATC,0,547357
araCp,0.125,7,7,CTCTGACATCATTACCCCAT,0,548815
araCp,0.125,7,7,CTCTAGGATGTTCTGTGACT,0,585434
araCp,0.125,7,7,CTCTACGGTGAATCGAGGGT,0,582607
araCp,0.125,7,7,CTCCTTAGCAGCTACAACGG,0,572277
araCp,0.125,7,7,CTCCGCGCCCGTGATCCGGA,0,536175
araCp,0.125,7,7,CTCCGACCCCCGAGCCGAAA,0,560151
araCp,0.125,7,7,CTCCAACCCGCCAGTCATGG,0,598876
araCp,0.125,7,7,CTCATCCAGCGTGGGGGGTA,0,576823
araCp,0.125,7,7,CTCAGTAGGCAGACTCGGTT,0,563479
araCp,0.125,7,7,CTCAGGCAGGAGAAGTGCTT,0,591951
araCp,0.125,7,7,CTCACACGAGGAGGCTTGGA,0,535225
araCp,0.125,7,7,CTCAAGATGTCAGCCCCCTG,0,534474
araCp,0.125,7,7,CTATGGAATACGTAAGAAAC,0,531804
araCp,0.125,7,7,CTATCCCAGTCCGTAAAGGA,0,581478
araCp,0.125,7,7,CTAGCTCGGGGTCGTGTGGT,0,526059
araCp,0.125,7,7,CTAGCGTTCCTAAGGCCCCT,0,575752
araCp,0.125,7,7,CTAGCGTCCACGGTCCTCTT,0,530532
araCp,0.125,7,7,CTACTGCTTCGCCACTGTCC,0,549296
araCp,0.125,7,7,CTAATTCCCGAGCGCAAGGG,0,538658
araCp,0.125,7,7,CTAATCGTCTGCCGTGAAAA,0,580079
araCp,0.125,7,7,CTAAATATACGAGCTAGTCC,0,557060
araCp,0.125,7,7,CGTTCGAAAAGACTCTGTCC,0,543685
araCp,0.125,7,7,CGTTATGTTATAGACGGCCA,0,552750
araCp,0.125,7,7,CGTTATGCTGCACGCCTGAG,0,578602
araCp,0.125,7,7,CGTGTAAAGGGGTAATTTCC,0,549420
araCp,0.125,7,7,CGTGGGTGTCATTTCACTAA,0,540592
araCp,0.125,7,7,CGTCGCTGAAATATTGGGCT,0,528283
araCp,0.125,7,7,CGTCGCCAGCGCATGCCCGC,0,588205
araCp,0.125,7,7,CGTCCTGCTGGCGCCGCCGT,0,602784
araCp,0.125,7,7,CGTCCCCGCGTCTAGCGGTT,0,535679
araCp,0.125,7,7,CGTCACGCCATGAAGGGCCT,0,565619
araCp,0.125,7,7,CGTCAACACTGTGTCTGTCA,0,583286
araCp,0.125,7,7,CGTATTACATTATTCTGCCA,0,540487
araCp,0.125,7,7,CGTAGTATACTGAGGACCTG,0,593797
araCp,0.125,7,7,CGTACTGCGGACTGCAAGCA,0,584895
araCp,0.125,7,7,CGTACGACGGTGTTCGAGGA,0,585011
araCp,0.125,7,7,CGTAAACTCAAACGCACTAC,0,592486
araCp,0.125,7,7,CGGTCGATGGCAAGCTTCAC,0,584824
araCp,0.125,7,7,CGGTACCCCGAGGAGTAAAG,0,566816
araCp,0.125,7,7,CGGGTAGGCTTTGAATTCTG,0,529620
araCp,0.125,7,7,CGGCTTGGATGGAGTATAGC,0,572704
araCp,0.125,7,7,CGGCTGCATATTCTCGAAGA,0,580154
araCp,0.125,7,7,CGGCCCCTATAGTATGGTTG,0,559221
araCp,0.125,7,7,CGGCCACTGGCCAAATAGGC,0,587794
araCp,0.125,7,7,CGGCAACTTTCATACTGCAA,0,591060
araCp,0.125,7,7,CGGATGGCTTTCGTTTTTGT,0,559128
araCp,0.125,7,7,CGGACCCAGTCACCGGACAG,0,603276
araCp,0.125,7,7,CGGAAGATCGCAATATGTTA,0,579557
araCp,0.125,7,7,CGCTGCGTACACACAAGGTG,0,553622
araCp,0.125,7,7,CGCGTTCTGGCGGCAATTAG,0,584470
araCp,0.125,7,7,CGCGTTATGATCCCGCTTAT,0,564885
araCp,0.125,7,7,CGCGTATCCCAACGGTTCGA,0,596088
araCp,0.125,7,7,CGCGGGACTGCGTCGCTTGG,0,537272
araCp,0.125,7,7,CGCGCTTATACATCTGACTC,0,566452
araCp,0.125,7,7,CGCGCGGTGCCACGCTGGCT,0,539663
araCp,0.125,7,7,CGCGCCTTGTCTGACGGCTA,0,591911
araCp,0.125,7,7,CGCGCCCCGCACGAAAGAGG,0,579771
araCp,0.125,7,7,CGCCTGGCATGGTCGTCTTG,0,529465
araCp,0.125,7,7,CGCCCCCGTATTGTACTGTA,0,574485
araCp,0.125,7,7,CGCCCCATTCTGGATTATGC,0,544097
araCp,0.125,7,7,CGATTGTCGTCGTGGGAGCT,0,590853
araCp,0.125,7,7,CGATTCGGTAAAAAATAAAT,0,597155
araCp,0.125,7,7,CGATCGCTGTAATAGCCTCA,0,526690
araCp,0.125,7,7,CGATCGATGCTCGCGACAGA,0,566225
araCp,0.125,7,7,CGATACTATAAATGTGGTGC,0,535305
araCp,0.125,7,7,CGAGTGTCAGTAGTTCATCC,0,592928
araCp,0.125,7,7,CGAGGGTCCATGAGGAAGTG,0,566226
araCp,0.125,7,7,CGAGATTCTGGGCCGCTGCC,0,537218
araCp,0.125,7,7,CGACTGTAAGAGAGACCAGG,0,566107
araCp,0.125,7,7,CGACTAGAAGCCGTCTAGCA,0,573068
araCp,0.125,7,7,CGAAGCCACGTCCCTTGATA,0,565514
araCp,0.125,7,7,CGAAGACCGCTAGATGACCA,0,545517
araCp,0.125,7,7,CGAACGGATGTACGCTTGTT,0,598732
araCp,0.125,7,7,CCTTCTCACTATCTCTGGTG,0,592325
araCp,0.125,7,7,CCTTAAATAAGAACAATGAG,0,534505
araCp,0.125,7,7,CCTGTTGGGATCACACATCG,0,526010
araCp,0.125,7,7,CCTGTGTCTGTGTTCGGTGT,0,584251
araCp,0.125,7,7,CCTGGTATTCCATGGAATAA,0,562748
araCp,0.125,7,7,CCTGGGATTCGGACATACCT,0,529722
araCp,0.125,7,7,CCTGAGTGCTTAAAGCCAGC,0,553866
araCp,0.125,7,7,CCTCGGGTTGGAACTCGCGG,0,534557
araCp,0.125,7,7,CCTCAGATGGACCTAAGGCA,0,541361
araCp,0.125,7,7,CCTACCGAATACGTACACCT,0,527211
araCp,0.125,7,7,CCTAATGCGTAGGGACGGCG,0,589838
araCp,0.125,7,7,CCGTGTGCTCTTTCAGGCCA,0,578533
araCp,0.125,7,7,CCGTCATGCGGAGAGAAAGT,0,568919
araCp,0.125,7,7,CCGTACCGCCGTCTCATGGT,0,589051
araCp,0.125,7,7,CCGGTCTTTACGTTTGAAGT,0,593245
araCp,0.125,7,7,CCGGGTGATCGGCAAGTGGA,0,580632
araCp,0.125,7,7,CCGGGTCGGACGAATCTAGG,0,556119
araCp,0.125,7,7,CCGGGGTTAATGGGGCCGGA,0,587510
araCp,0.125,7,7,CCGGGGCTGCGCTGAATCGA,0,596220
araCp,0.125,7,7,CCGGCATCAAGGCGCATCAG,0,540280
araCp,0.125,7,7,CCGGACATGAGGATGCTGAT,0,573521
araCp,0.125,7,7,CCGGAATGCGTGCCCTCGGC,0,552461
araCp,0.125,7,7,CCGCATTGGTCATCATATCT,0,535518
araCp,0.125,7,7,CCGCAAGCAGGGGCCTGGTT,0,560448
araCp,0.125,7,7,CCGAGCTGTGATGATCGCCT,0,528724
araCp,0.125,7,7,CCGACATTAGTTCACTATTG,0,594950
araCp,0.125,7,7,CCCTTTTACAACGAGGGCAT,0,540393
araCp,0.125,7,7,CCCTTTAAATGGTGTCGCAA,0,578510
araCp,0.125,7,7,CCCTGACCAGTGGTATGTCT,0,590336
araCp,0.125,7,7,CCCTCCCACTCAACGCTTCA,0,594688
araCp,0.125,7,7,CCCGCCAGTGTCATAACCGC,0,598268
araCp,0.125,7,7,CCCCTGCGTGAAGGAATTGT,0,570874
araCp,0.125,7,7,CCCCGTGCAGCTCGGAGGGG,0,578460
araCp,0.125,7,7,CCCCATGGATGGGCTTCAAT,0,580865
araCp,0.125,7,7,CCCCAGGTATATTTAGTTAC,0,528995
araCp,0.125,7,7,CCCCAGAGAGGAGTTCGTTG,0,539759
araCp,0.125,7,7,CCCATGTCCCGTCAGAGCGC,0,558004
araCp,0.125,7,7,CCCAAGCTGCGGTGATAGTG,0,568624
araCp,0.125,7,7,CCATTAAAAAGAGACCGCGG,0,588344
araCp,0.125,7,7,CCATGTCGCGCGCGAATAGA,0,560958
araCp,0.125,7,7,CCAGTTATCTAGTTTGAAGC,0,548610
araCp,0.125,7,7,CCAGGGATTCAGCTTAGCAA,0,577642
araCp,0.125,7,7,CCAGATAGTGTCCCGGAGCC,0,564212
araCp,0.125,7,7,CCACTATTTGTGTCACCGCA,0,546554
araCp,0.125,7,7,CCACGTAGGCGTCGAGGCTC,0,535525
araCp,0.125,7,7,CCAATATTAGGCATGCATTT,0,563016
araCp,0.125,7,7,CCAAGTCGCACCCGGTCATT,0,568725
araCp,0.125,7,7,CCAAAGGGGGAATTTAGGTT,0,545073
araCp,0.125,7,7,CATTGTTTGTAGACTGTTTT,0,598375
araCp,0.125,7,7,CATTGCGATGGTAAAGACTT,0,555999
araCp,0.125,7,7,CATTGAATCGCCAAAGGGGG,0,542100
araCp,0.125,7,7,CATTCGAGTCGAACGCGGGC,0,596101
araCp,0.125,7,7,CATTAAGCCCTCACATCTCG,0,549460
araCp,0.125,7,7,CATGGTTTTTACTGGAGCTG,0,538731
araCp,0.125,7,7,CATGCAAACACCAACCCTCA,0,587107
araCp,0.125,7,7,CATCTCATCTTGGCAGGTTT,0,575937
araCp,0.125,7,7,CATCGTTTTTCCCGGAAAAA,0,590213
araCp,0.125,7,7,CATCGTTTTTACCACACGGT,0,553762
araCp,0.125,7,7,CATCGGTATACCTCCACACG,0,583187
araCp,0.125,7,7,CATATACATCGTCGTTCACG,0,530156
araCp,0.125,7,7,CATAGGAGCTGCTATAAGCA,0,577169
araCp,0.125,7,7,CATAACTAGGCGACCACGCC,0,559061
araCp,0.125,7,7,CAGTTTCGGTCGCAAACCTT,0,581861
araCp,0.125,7,7,CAGTGGTGTTAGCGGGGCAA,0,553788
araCp,0.125,7,7,CAGTGCCCCCCTACGAGAAT,0,540717
araCp,0.125,7,7,CAGTAGATTGTGTCCTATGA,0,598891
araCp,0.125,7,7,CAGTACAGACACTCTTGCAT,0,593756
araCp,0.125,7,7,CAGGTTCCCTCGGCACTATA,0,569834
araCp,0.125,7,7,CAGGGGAGCTGCGGCTACGA,0,584326
araCp,0.125,7,7,CAGGCCGTTTGGACCAAAGC,0,546127
araCp,0.125,7,7,CAGGATGAGGAAATGTGCCA,0,602114
araCp,0.125,7,7,CAGCTGTCGCTTGACCCAAT,0,566078
araCp,0.125,7,7,CAGCGCGAGACGCCCGGATG,0,526911
araCp,0.125,7,7,CAGATCGCAGGACCCTGTGG,0,575328
araCp,0.125,7,7,CAGAGTAATCCTCGTTTAAA,0,544466
araCp,0.125,7,7,CAGAGCATGCCACCATCTCC,0,587633
araCp,0.125,7,7,CAGAGACTTATCGGCGATCG,0,553884
araCp,0.125,7,7,CAGAAGGATTATCTGTAAGA,0,590940
araCp,0.125,7,7,CACTTAATCTCGGCACCTTG,0,544851
araCp,0.125,7,7,CACTGCCGGCGCGCTGCTTT,0,558428
araCp,0.125,7,7,CACGGCTTGCCCACTTCCTC,0,530384
araCp,0.125,7,7,CACGCTCTCTCCACGGGTCA,0,592259
araCp,0.125,7,7,CACGCGTGCATATGGTATTT,0,540541
araCp,0.125,7,7,CACGATGTGTAATATCTCGT,0,599760
araCp,0.125,7,7,CACGAGGCGGCCAGCTACAA,0,544164
araCp,0.125,7,7,CACCTGCTGCCGCTGCGGGA,0,540959
araCp,0.125,7,7,CACCTACGAACGTCTTCGGT,0,592810
araCp,0.125,7,7,CACCTAAAGTAGACCATACC,0,558803
araCp,0.125,7,7,CACCTAAAAGTCATGGGAGG,0,557876
araCp,0.125,7,7,CACCGTGTGGGCTAAGTCAC,0,580495
araCp,0.125,7,7,CACCGCCCCACAATTGAGCC,0,562659
araCp,0.125,7,7,CACCCTCGAGGGGAACGCTG,0,576044
araCp,0.125,7,7,CACCCCGAACTGGATACTGT,0,601617
araCp,0.125,7,7,CACCATGCGAGGATTTACCT,0,555887
araCp,0.125,7,7,CACAGAGCGGGAACGTCTTG,0,540951
araCp,0.125,7,7,CACACGCAAGTCCACCTTCG,0,542340
araCp,0.125,7,7,CACACCCAATTAAGATTCTA,0,597351
araCp,0.125,7,7,CACAATGTTCAACGTCATTC,0,580047
araCp,0.125,7,7,CACAAACAGCCCAAAACTTT,0,558854
araCp,0.125,7,7,CAATGTTAAGCCGTAAGCAT,0,587784
araCp,0.125,7,7,CAATAAATAGTAAACGTCCG,0,546163
araCp,0.125,7,7,CAAGTTCACGTTGTGATTCT,0,529608
araCp,0.125,7,7,CAAGCGAATTGCTTAGTCTT,0,602165
araCp,0.125,7,7,CAAGATTTGTATGATGCTAG,0,555793
araCp,0.125,7,7,CAAGATGTAGCCGAGATTAT,0,572800
araCp,0.125,7,7,CAACGCGATAAATTCGATGT,0,527747
araCp,0.125,7,7,CAACCAGCCAGAGTATTCCG,0,542044
araCp,0.125,7,7,CAACAGGGGTAATGCTGCAG,0,590846
araCp,0.125,7,7,CAAAGATGAGGATATACCTA,0,570609
araCp,0.125,7,7,CAAACCAATGACCAGAAGTA,0,571728
araCp,0.125,7,7,CAAACATTGGACTGAGTTAA,0,566810
araCp,0.125,7,7,CAAAATACATTGTCTTAGCC,0,554267
araCp,0.125,7,7,ATTTGTTTTTGTTCAGTGCT,0,549013
araCp,0.125,7,7,ATTTGGTAGATTTTCAGTAT,0,576597
araCp,0.125,7,7,ATTTCCGCGCCCTAAAGTGT,0,590922
araCp,0.125,7,7,ATTGTTTAAGGCGAATGTGA,0,526037
araCp,0.125,7,7,ATTGGCACCTTCAAGGCTCA,0,593534
araCp,0.125,7,7,ATTGGAGGGTCGTTCCATAT,0,600201
araCp,0.125,7,7,ATTGGACAATACGGTGGGGA,0,587504
araCp,0.125,7,7,ATTGAGCATACCCCTCCATT,0,575015
araCp,0.125,7,7,ATTGACGGTTGTCCCGTCCA,0,578605
araCp,0.125,7,7,ATTGAAGCATACCTCCTTCG,0,563081
araCp,0.125,7,7,ATTCTGGAGGGTGGTGGTTT,0,578059
araCp,0.125,7,7,ATTCGTTGGTTTAAAGTCCC,0,559292
araCp,0.125,7,7,ATTCGTGCGTACACATTTAT,0,537818
araCp,0.125,7,7,ATTCGGACCCCATCTAGACT,0,555023
araCp,0.125,7,7,ATTCACCTAAGGGGGACGGT,0,589309
araCp,0.125,7,7,ATTATTTAGTCGTAGTTATG,0,564144
araCp,0.125,7,7,ATTATCAAGTACAGAGCTAT,0,542203
araCp,0.125,7,7,ATGTGCCAGACCACTTTTTT,0,569051
araCp,0.125,7,7,ATGTCTTTCCATTGTGCTGC,0,587547
araCp,0.125,7,7,ATGTCAGTAGACGGTAGCGC,0,527290
araCp,0.125,7,7,ATGTAGTTATCGCCGTGAGG,0,585343
araCp,0.125,7,7,ATGTAGTAAATATGCCGGTG,0,531694
araCp,0.125,7,7,ATGTAGAATGACTCTCGAAG,0,575067
araCp,0.125,7,7,ATGGGTCGGCTCATCTAATC,0,573487
araCp,0.125,7,7,ATGGGACAGCCCGATAGAGT,0,575142
araCp,0.125,7,7,ATGGATACAGAGCTGCGGCA,0,585997
araCp,0.125,7,7,ATGCGTAAAGTCCTACTTGG,0,600327
araCp,0.125,7,7,ATGCGGGGATAGTCATTCGT,0,556845
araCp,0.125,7,7,ATGCACGCATGGTCGGTCAT,0,600667
araCp,0.125,7,7,ATGATGTCACTGACCTCAAT,0,558746
araCp,0.125,7,7,ATGACCGAAACCCGTATTAG,0,533108
araCp,0.125,7,7,ATGAATAACGGGCCGCCGGT,0,534294
araCp,0.125,7,7,ATCTGGAGAGGCATATTTCA,0,568206
araCp,0.125,7,7,ATCTGCTGTGTTTTTTTAGA,0,526818
araCp,0.125,7,7,ATCTGCAAGCCTAGAGTTGA,0,537263
araCp,0.125,7,7,ATCTCCGCGATAGGTGTTTA,0,570637
araCp,0.125,7,7,ATCTATAGCGTTGGCGTTTC,0,548125
araCp,0.125,7,7,ATCTAGTCACGAAAGAATAA,0,573945
araCp,0.125,7,7,ATCGCTTCGAGCCTGTAACG,0,591052
araCp,0.125,7,7,ATCGCCGGGATCTGGCCTCG,0,603050
araCp,0.125,7,7,ATCGCCATCCTATGGAAAAA,0,543539
araCp,0.125,7,7,ATCGCACCTTACATTATGGC,0,531010
araCp,0.125,7,7,ATCCCGAGGGGGTTGGTAAG,0,554023
araCp,0.125,7,7,ATCCCCTCCAGCTCCGACGC,0,574348
araCp,0.125,7,7,ATCACTAACTCCGTCTATTT,0,591097
araCp,0.125,7,7,ATATTCAAAAGCTAGAGGCA,0,537044
araCp,0.125,7,7,ATATCGTTCTTTATCCCAAA,0,534935
araCp,0.125,7,7,ATATCGTCCCAGGCATCTTG,0,554978
araCp,0.125,7,7,ATAGTGTCTTCGGCTACTCA,0,603204
araCp,0.125,7,7,ATAGTGGAGTCACGTACGTT,0,572813
araCp,0.125,7,7,ATACTTGGCCTGATCCAAGC,0,569684
araCp,0.125,7,7,ATACGGGGGTGTAGCGCATA,0,597358
araCp,0.125,7,7,ATACGAGACTAGTAGCAATT,0,544761
araCp,0.125,7,7,ATACCTATTCTAATGCCGGA,0,544348
araCp,0.125,7,7,ATAACGTCTGCTATGGTGGA,0,541206
araCp,0.125,7,7,ATAAATGCGGCTTGGTCTCT,0,548774
araCp,0.125,7,7,AGTTTCATCTGTCCGTTCGG,0,535455
araCp,0.125,7,7,AGTTTACAAGGGACCACGGT,0,561877
araCp,0.125,7,7,AGTTTAACAGTGGGCGGATC,0,539188
araCp,0.125,7,7,AGTTGCCGTGGGTGCAACGC,0,589981
araCp,0.125,7,7,AGTTGAATGGTCTTAAACGT,0,536705
araCp,0.125,7,7,AGTTCCACTTTACCAATTGG,0,592264
araCp,0.125,7,7,AGTTATGGGTGGCATTCCCC,0,599979
araCp,0.125,7,7,AGTTAGGGATCTTTACTCTG,0,541782
araCp,0.125,7,7,AGTTAAGTATGTAGGGTACT,0,601224
araCp,0.125,7,7,AGTGTTGATATGTGGCGTGG,0,562547
araCp,0.125,7,7,AGTGCTGCGTGTCAAATGCC,0,553362
araCp,0.125,7,7,AGTGCTGAGTGGGTAAAAAG,0,593985
araCp,0.125,7,7,AGTGCTCGATCGCTTGTTGC,0,585898
araCp,0.125,7,7,AGTGCGTTAAGGAACCATTA,0,598314
araCp,0.125,7,7,AGTGCGTCCGTCGGCCTACG,0,536008
araCp,0.125,7,7,AGTGCCCGGGCACGGGACAG,0,582840
araCp,0.125,7,7,AGTGCATATTTTATAGGGCG,0,564019
araCp,0.125,7,7,AGTGCACGTGCTTCTTTGAA,0,565165
araCp,0.125,7,7,AGTCTCCACTCAGCCACTCA,0,548579
araCp,0.125,7,7,AGTCGAGCCGGCTGTCTTGC,0,549771
araCp,0.125,7,7,AGTCATTATACATGGGCTGT,0,550519
araCp,0.125,7,7,AGTATTGGTGTTCGCCAATA,0,589602
araCp,0.125,7,7,AGTACTGCGCAGCCACATGC,0,544328
araCp,0.125,7,7,AGTACCGGATTACAATGGAA,0,599073
araCp,0.125,7,7,AGTAATATATGTGAGTATCT,0,584265
araCp,0.125,7,7,AGGTTGATAGAGGCCTGGTC,0,547459
araCp,0.125,7,7,AGGTATCGGGCGAGTTGCGG,0,554954
araCp,0.125,7,7,AGGTACTGGGGGAACCAAAA,0,557747
araCp,0.125,7,7,AGGTAAGGGGGGTGGACTAA,0,545386
araCp,0.125,7,7,AGGGTTTAAGCAGTCTCCAG,0,561925
araCp,0.125,7,7,AGGGCCTGTGTAAGCCACAG,0,569346
araCp,0.125,7,7,AGGGCACGGGTTCGTCCCAG,0,574427
araCp,0.125,7,7,AGGCTGCGGACGTCACACGT,0,532288
araCp,0.125,7,7,AGGCTGCATTGGATCAGATC,0,542670
araCp,0.125,7,7,AGGCGTTTCAGTTGTAGGCA,0,592921
araCp,0.125,7,7,AGGCGGCGTTGGCTGGTTTT,0,568193
araCp,0.125,7,7,AGGCCGCCTCATCCCAAAGC,0,601010
araCp,0.125,7,7,AGGATGTGGGCACGGAACGT,0,549915
araCp,0.125,7,7,AGGATGCGCCGAGCGAGTTC,0,599913
araCp,0.125,7,7,AGGAGGCGACGTTAGGGCGG,0,554182
araCp,0.125,7,7,AGCTGCTGACGTTGGGGAGT,0,565221
araCp,0.125,7,7,AGCTGCATTGCCGGTATGTA,0,573712
araCp,0.125,7,7,AGCTGACTGCGATTGCACTT,0,556373
araCp,0.125,7,7,AGCTATGATCACGCGCGAGG,0,540946
araCp,0.125,7,7,AGCTAGCCGACCAGTGGTCG,0,537632
araCp,0.125,7,7,AGCGGCAAGGAGAACTAACT,0,563779
araCp,0.125,7,7,AGCGCTAATGTACATGTTGG,0,525673
araCp,0.125,7,7,AGCGCCATTGCATTTAACCT,0,525638
araCp,0.125,7,7,AGCGACTGCCCGGGTCTGAT,0,572286
araCp,0.125,7,7,AGCCAAAGTGCCAGTGCCAT,0,543774
araCp,0.125,7,7,AGCCAAAGGACGCGTCGAGG,0,590836
araCp,0.125,7,7,AGCAGCCTATTTGCTTTAAC,0,581333
araCp,0.125,7,7,AGCACTTAAGGATGACCCAA,0,525738
araCp,0.125,7,7,AGCAACCTTACAACTGTTGT,0,561430
araCp,0.125,7,7,AGATGGCCATTTCGCGCGGC,0,544288
araCp,0.125,7,7,AGATATCGAATCTGGATGCT,0,532812
araCp,0.125,7,7,AGAGTTGAGCTCCGGCCACA,0,597508
araCp,0.125,7,7,AGAGTGCAGGCTACTGTATT,0,544940
araCp,0.125,7,7,AGAGGATATGGCCGTCCGCT,0,563673
araCp,0.125,7,7,AGAGCGTCTGCCTCGATGAG,0,569904
araCp,0.125,7,7,AGACCTCAGTAGACAGACAT,0,594066
araCp,0.125,7,7,AGACCGTATACAGGATCTTA,0,563688
araCp,0.125,7,7,AGAAGCAGGTGAGTACCACA,0,593239
araCp,0.125,7,7,ACTTCACGGTCTTCGGGACT,0,597932
araCp,0.125,7,7,ACTTAGGGGTTAATTTTAAT,0,578155
araCp,0.125,7,7,ACTGGCCATACGTGCGTGCG,0,550779
araCp,0.125,7,7,ACTGCTCAGCTCACTAGAAG,0,528318
araCp,0.125,7,7,ACTGAACCATGGTGATGCAA,0,580440
araCp,0.125,7,7,ACTCGTGCACCTTTGAAAGC,0,544591
araCp,0.125,7,7,ACTCCTGAAGATGTTTCTTG,0,596687
araCp,0.125,7,7,ACTCCCCACCACTCGTATCT,0,531092
araCp,0.125,7,7,ACTAGCTATTTTCACTTTCG,0,539958
araCp,0.125,7,7,ACGTTTCGATATTCTCAGTT,0,588458
araCp,0.125,7,7,ACGTTGTTACAGACGGTAGT,0,584490
araCp,0.125,7,7,ACGTTAATCTACGTGGATCC,0,600479
araCp,0.125,7,7,ACGTGTCTGCGCGATTCTAT,0,541576
araCp,0.125,7,7,ACGTGTCCTCTGCTCGAGCT,0,547033
araCp,0.125,7,7,ACGTGGACGATACTGCGAGG,0,535308
araCp,0.125,7,7,ACGTGAGGGCTTTTTGGTAT,0,541940
araCp,0.125,7,7,ACGTCAACGCCGGATTAAGT,0,562512
araCp,0.125,7,7,ACGTAACCTGCTTGATACGA,0,555213
araCp,0.125,7,7,ACGGGTTTTCACCAACTGCG,0,542993
araCp,0.125,7,7,ACGGGAAGATTGCTATGCTG,0,591661
araCp,0.125,7,7,ACGGCATTTGTCTTGTCCAG,0,594197
araCp,0.125,7,7,ACGGACGCAAGAGAGGATGT,0,529415
araCp,0.125,7,7,ACGCTCGGCTGGGCCAAGGA,0,529420
araCp,0.125,7,7,ACGCTACAGGGGATTTTCTT,0,589102
araCp,0.125,7,7,ACGCTAACATAGGAGTCAAT,0,550259
araCp,0.125,7,7,ACGACCGTCAGCACCTTGGT,0,585384
araCp,0.125,7,7,ACGACCATTTAATCTTCGAC,0,530784
araCp,0.125,7,7,ACCTTATTCTCTTCCAATAT,0,528020
araCp,0.125,7,7,ACCTCTGGGCTTTCCACTCA,0,553578
araCp,0.125,7,7,ACCGTCACAATTAGGTGATT,0,594587
araCp,0.125,7,7,ACCGTACGTTCGTACAATAC,0,543258
araCp,0.125,7,7,ACCCTCCATATTCTGAGGTC,0,575978
araCp,0.125,7,7,ACCCCGTGAACCCGAGACAA,0,546288
araCp,0.125,7,7,ACCCCAACGTATCCGCCGAA,0,594987
araCp,0.125,7,7,ACCAGTTTGGCAGTTTCACG,0,558537
araCp,0.125,7,7,ACCAGGTGTGTGCGCGCGTT,0,582186
araCp,0.125,7,7,ACCAAGTTAAGCGTTCAAGT,0,532295
araCp,0.125,7,7,ACCAACCGTATGGTCAATGA,0,577500
araCp,0.125,7,7,ACATGGTCAGCATCGCCATA,0,602886
araCp,0.125,7,7,ACATGCTTCTGCCCGCCTAC,0,556265
araCp,0.125,7,7,ACATACCTTTTTTTAGCCGT,0,587174
araCp,0.125,7,7,ACAGGCCCAGGAGTTTGGAC,0,565751
araCp,0.125,7,7,ACACCGTTCAATTACGGTCA,0,554519
araCp,0.125,7,7,ACACCCTAAAGCTTGCTTGA,0,587252
araCp,0.125,7,7,ACAATAAGTGATGCGCAATA,0,539755
araCp,0.125,7,7,ACAAGTGTCAAAAAAAATAT,0,579035
araCp,0.125,7,7,ACAAGGAGTGTTCGCTAATC,0,567903
araCp,0.125,7,7,ACAAGCCTTAGATCGGGAAC,0,599218
araCp,0.125,7,7,ACAACGCCATCTCGGGTGCA,0,566603
araCp,0.125,7,7,AATTTTCGTCTTAGATTTAT,0,540169
araCp,0.125,7,7,AATTTGGGCGGCGATGGATG,0,543414
araCp,0.125,7,7,AATTGAGTCCTAACCAGGTT,0,570998
araCp,0.125,7,7,AATTATCAGAACGTATGTGC,0,562267
araCp,0.125,7,7,AATGGTCCGAACGCGGTCGG,0,536617
araCp,0.125,7,7,AATGCATTTCCCGATGGGGG,0,561766
araCp,0.125,7,7,AATCCTCACTTAAGGACTCA,0,596061
araCp,0.125,7,7,AATCCGGGATGGCCTACTCT,0,589920
araCp,0.125,7,7,AATCCGATCCGCGATCCGCC,0,593490
araCp,0.125,7,7,AATCATAGCGTACAGTTTCC,0,573071
araCp,0.125,7,7,AATCAGATTTGGGGATATAA,0,602489
araCp,0.125,7,7,AATAGTTGCGCCCAGGACTT,0,565763
araCp,0.125,7,7,AATAGGGCGTACTGTAACTG,0,569588
araCp,0.125,7,7,AATACCAGGGAGACCCGCGT,0,598294
araCp,0.125,7,7,AATAAACACGCTTGTTCCGC,0,585854
araCp,0.125,7,7,AAGTTCAATAGTGCTACATG,0,556722
araCp,0.125,7,7,AAGTGAACGAGATTAGGACC,0,585254
araCp,0.125,7,7,AAGTCGTACTCATGACAGGC,0,578154
araCp,0.125,7,7,AAGGTGCGCGGACAAAGGGT,0,580230
araCp,0.125,7,7,AAGGGTTGATCTATTGAGTG,0,557168
araCp,0.125,7,7,AAGGGTGTCACACAGGTCCA,0,582227
araCp,0.125,7,7,AAGGCTCCTTGATCGAGCTT,0,561126
araCp,0.125,7,7,AAGGCGGTCTCGGAGATTAG,0,551899
araCp,0.125,7,7,AAGCGCTCGAATGGCTAAAA,0,564446
araCp,0.125,7,7,AAGCGCCCGACTCATTTCCA,0,577520
araCp,0.125,7,7,AAGCATACTCGGGACGACGT,0,580378
araCp,0.125,7,7,AAGCACTCCGGGAGCCCGTT,0,588397
araCp,0.125,7,7,AAGAGGACGCCTCGCCCCTC,0,538096
araCp,0.125,7,7,AAGAGCACAGACGGTAAATC,0,537560
araCp,0.125,7,7,AAGAATATACGGACCCGCAA,0,543662
araCp,0.125,7,7,AACTTTATATCGTAATAGGT,0,571655
araCp,0.125,7,7,AACTTCCCGGGTGTGTCTTC,0,543890
araCp,0.125,7,7,AACTTAGAAGCCTTTAAATT,0,597988
araCp,0.125,7,7,AACTGGGAAGATATGCTTCG,0,602396
araCp,0.125,7,7,AACGTAGTGCGGCCTATAAT,0,526216
araCp,0.125,7,7,AACGTACACACTATTTTTGC,0,572735
araCp,0.125,7,7,AACGGTGACACCGAGCTGGC,0,593589
araCp,0.125,7,7,AACGCCAAGCCAATCATAAG,0,563815
araCp,0.125,7,7,AACGCACCTACCAACGGATT,0,546321
araCp,0.125,7,7,AACGAATTCTCCGTTCTAGG,0,526967
araCp,0.125,7,7,AACCTTCTTGTCAAGCGTAA,0,577931
araCp,0.125,7,7,AACCGGGTGGGCCACTGCGG,0,557048
araCp,0.125,7,7,AACCCTCCGAACTCAATCGT,0,567067
araCp,0.125,7,7,AACCAGCGGATTCGGCGGAG,0,548000
araCp,0.125,7,7,AACACCCAAGCAGCAACGGT,0,555538
araCp,0.125,7,7,AACAATTTATGCCCTAGGAG,0,542358
araCp,0.125,7,7,AAATTCCGAATACACTCATT,0,549310
araCp,0.125,7,7,AAATGAGGGGCACCTGTCCA,0,568940
araCp,0.125,7,7,AAATATCGCGGTTAGCGGCA,0,546426
araCp,0.125,7,7,AAAGTTGCTACTAGGGGGTG,0,550401
araCp,0.125,7,7,AAAGTGTCTCAGTAGATGGT,0,542544
araCp,0.125,7,7,AAACCTTCCTGTCTTATGTA,0,532941
araCp,0.125,7,7,AAACAAGGGTGTACCCGCGC,0,593172
araCp,0.125,7,7,AAAAGGCCTTCCCTTTATTG,0,559956
araCp,0.125,7,7,AAAAGCCATCGTGACTCTAC,0,546289
araCp,0.125,7,7,AAAACTCCCCGTTAGTCGAG,0,586096
araCp,0.125,7,7,AAAAACTGCGCTGAGTTAAT,0,535992
araCp,0.14285714285714285,6,6,TTTTTCTCTAAAAACGTCGA,0,554339
araCp,0.14285714285714285,6,6,TTTTTCTCGTTTTTGTTAAT,0,590810
araCp,0.14285714285714285,6,6,TTTTTAATGGCATCCTACGA,0,555943
araCp,0.14285714285714285,6,6,TTTTGGCGCTCTCTCTTATG,0,568383
araCp,0.14285714285714285,6,6,TTTTGGCCAAGTTTAGGTTT,0,580051
araCp,0.14285714285714285,6,6,TTTTAGAAAACAGAGCGGTC,0,543259
araCp,0.14285714285714285,6,6,TTTTAAAAGGCGGCAACACG,0,583992
araCp,0.14285714285714285,6,6,TTTGGGCAACCTCGGTCGGA,0,571073
araCp,0.14285714285714285,6,6,TTTGGATACTATATGATTCT,0,600369
araCp,0.14285714285714285,6,6,TTTCTTAGCATCGGCCAGGT,0,540977
araCp,0.14285714285714285,6,6,TTTCCTCGGCCAGTATCTTT,0,594136
araCp,0.14285714285714285,6,6,TTTCCTCCGTATAGGATTCC,0,536038
araCp,0.14285714285714285,6,6,TTTCCGGATATGCAATATGC,0,568861
araCp,0.14285714285714285,6,6,TTTCACACGTGAGGCGACCA,0,571178
araCp,0.14285714285714285,6,6,TTTCACAAGGTAGAGGACAG,0,570649
araCp,0.14285714285714285,6,6,TTTATTGCGTCCGCATTACT,0,568346
araCp,0.14285714285714285,6,6,TTTATGACGGATCCTAGGTC,0,536981
araCp,0.14285714285714285,6,6,TTTAGCCGATCGGCCAATCT,0,575225
araCp,0.14285714285714285,6,6,TTTACTTTGTAACGGCAAAC,0,583065
araCp,0.14285714285714285,6,6,TTGTTATGAGAGTCTAGTAG,0,563559
araCp,0.14285714285714285,6,6,TTGTGAAACGCGCTAAGCAG,0,598134
araCp,0.14285714285714285,6,6,TTGGTGTACTAGCCCGAAGA,0,553906
araCp,0.14285714285714285,6,6,TTGGTGCCAGATCACATTTA,0,597255
araCp,0.14285714285714285,6,6,TTGGTAGTGCTACCACCCTG,0,528215
araCp,0.14285714285714285,6,6,TTGGCTGTATGTACTCATTC,0,568286
araCp,0.14285714285714285,6,6,TTGGCCGTAAGGACACTCTG,0,545712
araCp,0.14285714285714285,6,6,TTGCGGTGGCGCAGGTTAAG,0,570919
araCp,0.14285714285714285,6,6,TTGCCGAACGGACTGATATT,0,588221
araCp,0.14285714285714285,6,6,TTGCATTATGATCACGCTAA,0,547018
araCp,0.14285714285714285,6,6,TTGATTAGGGTGGCTCTCGT,0,553621
araCp,0.14285714285714285,6,6,TTGAGTTAGTTCTTGTGTTT,0,563909
araCp,0.14285714285714285,6,6,TTGAATCGGCAACACCCGGT,0,542829
araCp,0.14285714285714285,6,6,TTGAACCTGGAACTTACTCA,0,564555
araCp,0.14285714285714285,6,6,TTCTGTTTCATTATTTCGTC,0,532551
araCp,0.14285714285714285,6,6,TTCTGGCTCGAGACGAGGTA,0,591411
araCp,0.14285714285714285,6,6,TTCTACCTGTAACTGGGATG,0,560659
araCp,0.14285714285714285,6,6,TTCTAAAACTTTTAAATTCA,0,593857
araCp,0.14285714285714285,6,6,TTCGTTCACGGACGCTTCCA,0,535688
araCp,0.14285714285714285,6,6,TTCGTGCGTCTGGTTGGGTC,0,553396
araCp,0.14285714285714285,6,6,TTCGTAAGTTGAGGTTGGGT,0,550221
araCp,0.14285714285714285,6,6,TTCGGTGTCCGGGTGCGGCG,0,594078
araCp,0.14285714285714285,6,6,TTCGGTATATTTATACATCT,0,543362
araCp,0.14285714285714285,6,6,TTCGGGTGCACGACTGGTTT,0,543287
araCp,0.14285714285714285,6,6,TTCGATCTGGTAGATCTTCT,0,573917
araCp,0.14285714285714285,6,6,TTCGAGGGGACGTGACGCCT,0,574413
araCp,0.14285714285714285,6,6,TTCCTGGTATAAATTAGTTC,0,539792
araCp,0.14285714285714285,6,6,TTCCGCCCTCAGGCCTTGGA,0,529622
araCp,0.14285714285714285,6,6,TTCCCCGTGGGTTGATCGAT,0,542654
araCp,0.14285714285714285,6,6,TTCCAGCGATGGTCGAGGCA,0,556375
araCp,0.14285714285714285,6,6,TTCCACGTTCTCTACTCCTG,0,528659
araCp,0.14285714285714285,6,6,TTCAGGGTCGCTCAAGTGCG,0,549188
araCp,0.14285714285714285,6,6,TTATGCCCCGTATGACAAGG,0,567641
araCp,0.14285714285714285,6,6,TTATCTGGCCTGAAGGTCCT,0,599927
araCp,0.14285714285714285,6,6,TTATATGCTTACATACTTAA,0,576984
araCp,0.14285714285714285,6,6,TTATATCAAAATAGCCTAGA,0,570049
araCp,0.14285714285714285,6,6,TTATACCCTACGGTTTTGCT,0,567166
araCp,0.14285714285714285,6,6,TTATAATTTCTTACTCACGG,0,543995
araCp,0.14285714285714285,6,6,TTAGGCTTAAGTATCCGAAT,0,584446
araCp,0.14285714285714285,6,6,TTAGGATGTGTTTGGACAAT,0,584849
araCp,0.14285714285714285,6,6,TTACGGATGGCCGGATCGCA,0,526013
araCp,0.14285714285714285,6,6,TTACCTCGTATAACGAGTTC,0,598261
araCp,0.14285714285714285,6,6,TTACCGACGAGTTACACAGA,0,603239
araCp,0.14285714285714285,6,6,TTAATTAGTTTACGCTCGGT,0,550369
araCp,0.14285714285714285,6,6,TTAATCTCATCCATAAGCAA,0,540232
araCp,0.14285714285714285,6,6,TTAACGGGTTGACTACAGTG,0,544921
araCp,0.14285714285714285,6,6,TTAAAGCAGCCCACACAGTC,0,596021
araCp,0.14285714285714285,6,6,TGTTTTCGCCACTACCTGGC,0,580581
araCp,0.14285714285714285,6,6,TGTTTATGAGGGCACAATCA,0,542971
araCp,0.14285714285714285,6,6,TGTTGCCTGGCCCACCTTTC,0,597436
araCp,0.14285714285714285,6,6,TGTTCCAAAACGGAACCGGT,0,558879
araCp,0.14285714285714285,6,6,TGTGTTCATGAGAACTGTCG,0,576754
araCp,0.14285714285714285,6,6,TGTGTGCGGGACGGCATAAC,0,558157
araCp,0.14285714285714285,6,6,TGTGTCATTACTACTGCTGC,0,570334
araCp,0.14285714285714285,6,6,TGTGGGTAGTCTTAAAGAGT,0,579973
araCp,0.14285714285714285,6,6,TGTGCTCATGCCTGGTTTTA,0,544796
araCp,0.14285714285714285,6,6,TGTGCGATTTCCTTAATGAT,0,563395
araCp,0.14285714285714285,6,6,TGTGAGTTGATTTGCCAATC,0,548880
araCp,0.14285714285714285,6,6,TGTCTCTTCAGTGTGGCCTA,0,527018
araCp,0.14285714285714285,6,6,TGTCTAGGCCCCGACACGCT,0,592412
araCp,0.14285714285714285,6,6,TGTCGAAGAGGCCTAAGTAG,0,577009
araCp,0.14285714285714285,6,6,TGTCCGGTTTGGCTGTAGAT,0,532061
araCp,0.14285714285714285,6,6,TGTCAGGTCACCCGGAGTTT,0,599812
araCp,0.14285714285714285,6,6,TGTAGTGGCGAACGGTCCAT,0,545652
araCp,0.14285714285714285,6,6,TGTACTCTACTTCGAATCTT,0,583731
araCp,0.14285714285714285,6,6,TGTACCATTAAGTGTCAGAA,0,576205
araCp,0.14285714285714285,6,6,TGGTTCCGTTTGGGTTCGGT,0,538857
araCp,0.14285714285714285,6,6,TGGTGCGTATACTGTTTCCA,0,530750
araCp,0.14285714285714285,6,6,TGGTCAAGCGAGGGTAAGGC,0,545647
araCp,0.14285714285714285,6,6,TGGTAACAGACTACACCCAA,0,565443
araCp,0.14285714285714285,6,6,TGGCTCACCCCGCCTCGGAC,0,564313
araCp,0.14285714285714285,6,6,TGGCTACTCGGAAGAGCTTC,0,584455
araCp,0.14285714285714285,6,6,TGGAGTGGTGGGGATCGTCA,0,568781
araCp,0.14285714285714285,6,6,TGGACCCACAATTGCAGCTC,0,558312
araCp,0.14285714285714285,6,6,TGCTAACATAACTAATGCGG,0,551513
araCp,0.14285714285714285,6,6,TGCGCGACAGGAATCAACAG,0,593002
araCp,0.14285714285714285,6,6,TGCGCACCTCGTTGGGTACT,0,547096
araCp,0.14285714285714285,6,6,TGCGAAGTGTAATGTGTTAC,0,584260
araCp,0.14285714285714285,6,6,TGCCTCAGCTGGACTACAAT,0,578984
araCp,0.14285714285714285,6,6,TGCCACACATGATTAGCTCT,0,563004
araCp,0.14285714285714285,6,6,TGCCAAACACGGTGGGATAA,0,529115
araCp,0.14285714285714285,6,6,TGCATGCGAGAGAATGGGCT,0,560393
araCp,0.14285714285714285,6,6,TGCAGCCCGATCACCGCCAT,0,582268
araCp,0.14285714285714285,6,6,TGCACCGCGACCCATTGAAT,0,525718
araCp,0.14285714285714285,6,6,TGCACCACGGGACCTTGTCT,0,592702
araCp,0.14285714285714285,6,6,TGATTGGGCGGATCCCATCT,0,555799
araCp,0.14285714285714285,6,6,TGATGAGTGTTTGCGGTACA,0,590531
araCp,0.14285714285714285,6,6,TGATCGGTCAGAACAGCAGT,0,535431
araCp,0.14285714285714285,6,6,TGATAAACGACGTCGTCTCA,0,585714
araCp,0.14285714285714285,6,6,TGAGTATCAATATAGTGTGA,0,537706
araCp,0.14285714285714285,6,6,TGAGGTCGTATGTATCGAAT,0,554347
araCp,0.14285714285714285,6,6,TGAGCCTTGAATACTCGGTC,0,581162
araCp,0.14285714285714285,6,6,TGACCTTAAGACGCTATCAG,0,555624
araCp,0.14285714285714285,6,6,TGAAGCACCTTGTCGGACGG,0,543537
araCp,0.14285714285714285,6,6,TGAACTGTTGCAGCAAATTT,0,582265
araCp,0.14285714285714285,6,6,TGAACTCAAAGGGAGGCTGT,0,535257
araCp,0.14285714285714285,6,6,TCTTTCTCGCCAGACAGTCA,0,553430
araCp,0.14285714285714285,6,6,TCTTTCTACACGCTGCCCTT,0,546573
araCp,0.14285714285714285,6,6,TCTTTCACCAATAATGGAGC,0,530749
araCp,0.14285714285714285,6,6,TCTTGGAAGCGGGATAGTAA,0,588652
araCp,0.14285714285714285,6,6,TCTTCTAGATAATTCCGTTT,0,544448
araCp,0.14285714285714285,6,6,TCTTAGGCTTGTGGGTGTAT,0,581596
araCp,0.14285714285714285,6,6,TCTGGGCCACAAGGTTCTGA,0,539849
araCp,0.14285714285714285,6,6,TCTGGATAGGATAAAAATTC,0,532381
araCp,0.14285714285714285,6,6,TCTGCAACGGTCCCGCGTGA,0,529794
araCp,0.14285714285714285,6,6,TCTGATACCAAAGCAGCAGC,0,597707
araCp,0.14285714285714285,6,6,TCTCCGAGGCAAACGACATC,0,555679
araCp,0.14285714285714285,6,6,TCTCAGTTCGAGCCGCCTAC,0,597423
araCp,0.14285714285714285,6,6,TCTATAAACCTGATTCGTAT,0,572139
araCp,0.14285714285714285,6,6,TCTAGATGTAATAAAGACGG,0,529841
araCp,0.14285714285714285,6,6,TCTAGAGAGCTTGTTCAAGG,0,547881
araCp,0.14285714285714285,6,6,TCGTGCCTCCCCTGGGCGAG,0,536674
araCp,0.14285714285714285,6,6,TCGTCTAACCGTAGATGGGT,0,533872
araCp,0.14285714285714285,6,6,TCGTATGCAGCCGCTTCCCT,0,569833
araCp,0.14285714285714285,6,6,TCGGTCACTTCTCCTGTCAT,0,526876
araCp,0.14285714285714285,6,6,TCGGTACCCCCTGATACGGT,0,542589
araCp,0.14285714285714285,6,6,TCGGGTGGAGCGGTCGCACT,0,593253
araCp,0.14285714285714285,6,6,TCGGGGCCATGACCCAACTC,0,594338
araCp,0.14285714285714285,6,6,TCGGGATGCGAGTGATATAC,0,556344
araCp,0.14285714285714285,6,6,TCGGCGGTAGTTGAATCTCT,0,574314
araCp,0.14285714285714285,6,6,TCGGCAAGTCAGTACCACGA,0,539008
araCp,0.14285714285714285,6,6,TCGCTACCAGGCAAATCTGT,0,598365
araCp,0.14285714285714285,6,6,TCGCGGTGAGATTACCCCGT,0,529699
araCp,0.14285714285714285,6,6,TCGCGCTGGGCCACTTAGAC,0,562069
araCp,0.14285714285714285,6,6,TCGCATACTAGGCAAGACAT,0,561495
araCp,0.14285714285714285,6,6,TCGCAAGCAGGAAGCCTATT,0,585537
araCp,0.14285714285714285,6,6,TCGATCAAACACTTCGTCTC,0,538263
araCp,0.14285714285714285,6,6,TCGAGTCAGCTGGTATGGAA,0,602583
araCp,0.14285714285714285,6,6,TCGAGACTAGCCTCGAACGC,0,573023
araCp,0.14285714285714285,6,6,TCGAATTAACCGCCGATTTT,0,564271
araCp,0.14285714285714285,6,6,TCCTTCTTTAATTCATCCTA,0,568463
araCp,0.14285714285714285,6,6,TCCGGCACGTCGTTGGTGCC,0,600665
araCp,0.14285714285714285,6,6,TCCGAGTAGCGGATTATGAT,0,552967
araCp,0.14285714285714285,6,6,TCCCGGTGCCTCTTACACAG,0,569390
araCp,0.14285714285714285,6,6,TCCCCGGGTGTATACGAACT,0,561134
araCp,0.14285714285714285,6,6,TCCCCGCTTATCACTTCCAA,0,532724
araCp,0.14285714285714285,6,6,TCCCCAGCCAGCCAGCCCCG,0,536326
araCp,0.14285714285714285,6,6,TCCCAACAAGGTGTAAAGGC,0,576417
araCp,0.14285714285714285,6,6,TCCATTTATCTCATCAAGCC,0,550030
araCp,0.14285714285714285,6,6,TCCATAAACTGACTGTATAA,0,542216
araCp,0.14285714285714285,6,6,TCCAGGGCTGGCGACCACAT,0,571449
araCp,0.14285714285714285,6,6,TCATCTGACATGCCTGGTGA,0,567312
araCp,0.14285714285714285,6,6,TCAGTTTAAAGATTATTACG,0,561015
araCp,0.14285714285714285,6,6,TCAGACAATGTGGTACTTTA,0,569246
araCp,0.14285714285714285,6,6,TCACAGACCGCATTGCTGAA,0,565920
araCp,0.14285714285714285,6,6,TCAATTAGAAGCTCTTTGAA,0,577145
araCp,0.14285714285714285,6,6,TCAATACTTGGCGTCAGGTG,0,588236
araCp,0.14285714285714285,6,6,TCAAGACTCTATGATATGGA,0,602685
araCp,0.14285714285714285,6,6,TATTCTTTGTGATGCACTTT,0,570947
araCp,0.14285714285714285,6,6,TATTACGATAGAATTCCAAT,0,600238
araCp,0.14285714285714285,6,6,TATGTCATTCAATTTTCCGA,0,542764
araCp,0.14285714285714285,6,6,TATGGGTTCGACAAGATCTA,0,562266
araCp,0.14285714285714285,6,6,TATGGACTTACGCGTGAAGT,0,556191
araCp,0.14285714285714285,6,6,TATCTTGTCATCGCGGTATC,0,559761
araCp,0.14285714285714285,6,6,TATCTAACAGCATACAAAAA,0,599160
araCp,0.14285714285714285,6,6,TATCGCTGTCTAGGTTTCCA,0,540649
araCp,0.14285714285714285,6,6,TATCGCACCCGCCCCTGGGA,0,539108
araCp,0.14285714285714285,6,6,TATCCTGAGCCTGTTGTGCT,0,537574
araCp,0.14285714285714285,6,6,TATCATAATCGTCGTTGTCC,0,567333
araCp,0.14285714285714285,6,6,TATATTGCCGAGGCGCCTTA,0,540666
araCp,0.14285714285714285,6,6,TATAATTAAAACCGAAAAAA,0,581403
araCp,0.14285714285714285,6,6,TATAATATCTTGCAGCTAGT,0,548663
araCp,0.14285714285714285,6,6,TAGTACCGCACATGTTGTTC,0,589598
araCp,0.14285714285714285,6,6,TAGGTCGAGTAGTCCAGTGT,0,569593
araCp,0.14285714285714285,6,6,TAGGGGCCGTAACTTCAGCG,0,560006
araCp,0.14285714285714285,6,6,TAGGCATGGGACGCAGTACT,0,563551
araCp,0.14285714285714285,6,6,TAGGATCTCTGGTCGATCAC,0,600252
araCp,0.14285714285714285,6,6,TAGGAATTGGGCGCGCGGAA,0,588062
araCp,0.14285714285714285,6,6,TAGCTTCAGGCGGTGGCGGA,0,589961
araCp,0.14285714285714285,6,6,TAGCGGGACGTATTCCGATT,0,536336
araCp,0.14285714285714285,6,6,TAGCGCGTTCAGTATCATCC,0,594033
araCp,0.14285714285714285,6,6,TAGCGAGCTCCTAACCGGCT,0,584733
araCp,0.14285714285714285,6,6,TAGCCCGGGCCGCTCGGTTA,0,578028
araCp,0.14285714285714285,6,6,TAGCACCCCTTTCAATATGC,0,544167
araCp,0.14285714285714285,6,6,TAGAGTATGGGGAAAAGCAA,0,527378
araCp,0.14285714285714285,6,6,TAGAGCGTGTAGAAAGGTAG,0,548271
araCp,0.14285714285714285,6,6,TAGAAGGATGATCAAGATTC,0,536837
araCp,0.14285714285714285,6,6,TACTTTCTGGTCCTCGCTAT,0,601586
araCp,0.14285714285714285,6,6,TACTTCACACTTTGTAATAT,0,555094
araCp,0.14285714285714285,6,6,TACTGGGCAATACGGCATTA,0,562824
araCp,0.14285714285714285,6,6,TACTGCCTTAGTTCTGCTGG,0,593730
araCp,0.14285714285714285,6,6,TACTAGGGTGAAGTCTGGCC,0,558387
araCp,0.14285714285714285,6,6,TACGGGGGAGGGCACAGCGT,0,540955
araCp,0.14285714285714285,6,6,TACGGAGTCCCGACGCTTCT,0,590287
araCp,0.14285714285714285,6,6,TACGGACTGTATACACTTGT,0,550433
araCp,0.14285714285714285,6,6,TACGCCGTAAGTGACGCGAC,0,572290
araCp,0.14285714285714285,6,6,TACGCATCATTCTAACCACC,0,539884
araCp,0.14285714285714285,6,6,TACCTCTGATAGAAGTAAAA,0,577871
araCp,0.14285714285714285,6,6,TACCGGCTTGCGCACAGTAT,0,589421
araCp,0.14285714285714285,6,6,TACCGCAAAACTCAGCCTCA,0,545895
araCp,0.14285714285714285,6,6,TACATAAGGTGGGGGGCCCT,0,575945
araCp,0.14285714285714285,6,6,TAATTCAGATGGAGTTTAAG,0,542453
araCp,0.14285714285714285,6,6,TAATTCACATGCTCGTTACT,0,554747
araCp,0.14285714285714285,6,6,TAATGCATCGTCGGTGAAAA,0,596222
araCp,0.14285714285714285,6,6,TAATACGGGTACGCACCAGT,0,588356
araCp,0.14285714285714285,6,6,TAAGTGTGTCAATACAACGG,0,542138
araCp,0.14285714285714285,6,6,TAAGGCTTAGCCGGTTTGAG,0,548082
araCp,0.14285714285714285,6,6,TAAGGCCCCACCGAGGCGTA,0,534675
araCp,0.14285714285714285,6,6,TAAGCGGGATTCGGACCACT,0,528060
araCp,0.14285714285714285,6,6,TAAGATCATAACGTACGCGC,0,584840
araCp,0.14285714285714285,6,6,TAACTGTGGTGCACTCAGCC,0,546962
araCp,0.14285714285714285,6,6,TAACTATGAATACTTGCGCC,0,559088
araCp,0.14285714285714285,6,6,TAACTATCTGATCCTTCTGC,0,562603
araCp,0.14285714285714285,6,6,TAACATCATAGGTTTCTTTT,0,552126
araCp,0.14285714285714285,6,6,TAACATCAATTCCAATCCGA,0,596255
araCp,0.14285714285714285,6,6,TAAATTCGGAGTCGGTAACT,0,581846
araCp,0.14285714285714285,6,6,TAAAGCTGATGCTGCGGAGG,0,554404
araCp,0.14285714285714285,6,6,TAAAGCATATCTGAGGCAGA,0,592337
araCp,0.14285714285714285,6,6,TAAAATACCGAACCAGACGA,0,553122
araCp,0.14285714285714285,6,6,GTTTTGCGCTAAGATAAGTA,0,595494
araCp,0.14285714285714285,6,6,GTTTGGATCGATCAATTTGT,0,581881
araCp,0.14285714285714285,6,6,GTTTCGGATAGTTTCACAGG,0,583290
araCp,0.14285714285714285,6,6,GTTTCATGCAAGTCACGTGG,0,581775
araCp,0.14285714285714285,6,6,GTTTCATCACTGCCGCCCGT,0,592699
araCp,0.14285714285714285,6,6,GTTTCAGAAAAGACGGAAAG,0,564237
araCp,0.14285714285714285,6,6,GTTGTACTCACCCCTACAAT,0,539303
araCp,0.14285714285714285,6,6,GTTGGCGTATAATCGAACTG,0,570258
araCp,0.14285714285714285,6,6,GTTGGCAGTATTGATTCGGC,0,544113
araCp,0.14285714285714285,6,6,GTTGCGCCCCCGCAGATAAT,0,556543
araCp,0.14285714285714285,6,6,GTTGCGATCGGGCATCTTCT,0,538642
araCp,0.14285714285714285,6,6,GTTCTTGGTGAGCCGAAGGC,0,553364
araCp,0.14285714285714285,6,6,GTTCTTACGCGAGACCCCTA,0,533205
araCp,0.14285714285714285,6,6,GTTCTGCTTGTGCCGAAAGG,0,558780
araCp,0.14285714285714285,6,6,GTTCGTAGCCTTAATTGGAT,0,546122
araCp,0.14285714285714285,6,6,GTTCGGTCGAGCGCATTGCG,0,559613
araCp,0.14285714285714285,6,6,GTTCCCTTAAGAAGAATTTT,0,557768
araCp,0.14285714285714285,6,6,GTTCACCGCCAACCCGGGGT,0,571188
araCp,0.14285714285714285,6,6,GTTCAATTGTTTATTGTGAT,0,567462
araCp,0.14285714285714285,6,6,GTTCAATCACCTTCTAGGGT,0,556789
araCp,0.14285714285714285,6,6,GTTATTTTTCGCCACTCCTT,0,565421
araCp,0.14285714285714285,6,6,GTTAGCTCGAATACGACTTT,0,588025
araCp,0.14285714285714285,6,6,GTTAGCGTTATGATCAATAT,0,570712
araCp,0.14285714285714285,6,6,GTTACCACGTGTGATATGAT,0,572283
araCp,0.14285714285714285,6,6,GTTAAGCGAGGCGAGTATAT,0,525955
araCp,0.14285714285714285,6,6,GTGTTAGACACCGTTAAACA,0,556475
araCp,0.14285714285714285,6,6,GTGTCTATAGCGGGAAGGAT,0,588621
araCp,0.14285714285714285,6,6,GTGTAGGCGAGATAGCCTTG,0,586933
araCp,0.14285714285714285,6,6,GTGGTTCTCCCCAGGGAGGA,0,531491
araCp,0.14285714285714285,6,6,GTGGGTGTAGATACATCCTG,0,583261
araCp,0.14285714285714285,6,6,GTGGGTCCGGATATCCAGAG,0,552773
araCp,0.14285714285714285,6,6,GTGGGATCGATCGCTATTAT,0,527152
araCp,0.14285714285714285,6,6,GTGGACCAAATCGCCACAAT,0,531500
araCp,0.14285714285714285,6,6,GTGCTTGACGACATTTTACA,0,525569
araCp,0.14285714285714285,6,6,GTGCGTTAAGTGTGTCAGTT,0,591113
araCp,0.14285714285714285,6,6,GTGCGATCTAGCGAGCTGTA,0,537555
araCp,0.14285714285714285,6,6,GTGCCATTACCTGGACATTT,0,589057
araCp,0.14285714285714285,6,6,GTGCCACGGGCGGAACTCGA,0,542656
araCp,0.14285714285714285,6,6,GTGCATTCGTTGGTCTGTCT,0,527627
araCp,0.14285714285714285,6,6,GTGCACTAGCCGCATTAGAC,0,556287
araCp,0.14285714285714285,6,6,GTGCACGGGTGCGCTATCAA,0,579274
araCp,0.14285714285714285,6,6,GTGCAAGTTGATAGGATCGC,0,558990
araCp,0.14285714285714285,6,6,GTGATGGATCTGAGGGACCT,0,548667
araCp,0.14285714285714285,6,6,GTGACACCATCCACTGAACT,0,561889
araCp,0.14285714285714285,6,6,GTGACAACAGAACATAGGTA,0,539977
araCp,0.14285714285714285,6,6,GTGAATTTTGGAAGGCGCTT,0,529468
araCp,0.14285714285714285,6,6,GTGAATGCTGTCTACCCGGG,0,531881
araCp,0.14285714285714285,6,6,GTGAAAGCACTAAGGGATGT,0,549867
araCp,0.14285714285714285,6,6,GTCTTGTTGCTGTTAGTGAA,0,569716
araCp,0.14285714285714285,6,6,GTCTGGCGGCACGTGCTAAT,0,599583
araCp,0.14285714285714285,6,6,GTCTCGCGGGCATACCGTGT,0,602358
araCp,0.14285714285714285,6,6,GTCGGTATGAGCATCGGATG,0,555033
araCp,0.14285714285714285,6,6,GTCGCTGTATAGTGGGCAAT,0,554779
araCp,0.14285714285714285,6,6,GTCGCCGGCGCAGTTCTGTA,0,579654
araCp,0.14285714285714285,6,6,GTCGCCAGATTGCCCATCTA,0,593367
araCp,0.14285714285714285,6,6,GTCGATTGTAGCCTAGATGT,0,588618
araCp,0.14285714285714285,6,6,GTCCGGCCAAGTAGTAGCTT,0,551697
araCp,0.14285714285714285,6,6,GTCCGCACTTGTGAGAACAG,0,590362
araCp,0.14285714285714285,6,6,GTCCAATGCACTTTATCGCG,0,537208
araCp,0.14285714285714285,6,6,GTCATACGAGGTCTTAACAT,0,545763
araCp,0.14285714285714285,6,6,GTCACTATCCGGAATTAGTC,0,529693
araCp,0.14285714285714285,6,6,GTCACCAACTGTATAACAGC,0,590282
araCp,0.14285714285714285,6,6,GTCAATTTGCCAGCGGACAT,0,572235
araCp,0.14285714285714285,6,6,GTCAATGGCAAAAGCGTGAT,0,572664
araCp,0.14285714285714285,6,6,GTCAATACACCTATTGGCAA,0,540202
araCp,0.14285714285714285,6,6,GTATTCATAAACTGCCACCA,0,531727
araCp,0.14285714285714285,6,6,GTATTAGATTATGGATTCTC,0,567947
araCp,0.14285714285714285,6,6,GTATCTGACTAATTTCTTGA,0,574079
araCp,0.14285714285714285,6,6,GTATCGTTTTTTCACTATGT,0,577344
araCp,0.14285714285714285,6,6,GTATCGGTAGAGGTGGCTGG,0,575258
araCp,0.14285714285714285,6,6,GTATACGTTTCACGCGGAAC,0,588567
araCp,0.14285714285714285,6,6,GTAGTGAGTTCATAGAGACG,0,585939
araCp,0.14285714285714285,6,6,GTAGTACCTGATTTTAACAT,0,597035
araCp,0.14285714285714285,6,6,GTAGGACATGAAACCTGCTG,0,600480
araCp,0.14285714285714285,6,6,GTAGCGGAGTACGCAAAATT,0,536259
araCp,0.14285714285714285,6,6,GTAGATACTGACTGTGACGG,0,574702
araCp,0.14285714285714285,6,6,GTACGCTGTATTTACTTATG,0,539761
araCp,0.14285714285714285,6,6,GTACGCCGTATGATACTGGA,0,542783
araCp,0.14285714285714285,6,6,GTACCTTTCTCATCGGACTA,0,536904
araCp,0.14285714285714285,6,6,GTACAGCAGATGCGCTTAGA,0,535387
araCp,0.14285714285714285,6,6,GTAAGGGTCTTGCAGGCCCA,0,542901
araCp,0.14285714285714285,6,6,GTAAGATACCTCCGAAGAGC,0,599594
araCp,0.14285714285714285,6,6,GTAAAAGTCGGGTTTAGGAA,0,566216
araCp,0.14285714285714285,6,6,GGTTTTTACTTGACTTGCTG,0,538931
araCp,0.14285714285714285,6,6,GGTTTGCAATAGAGTGACTT,0,599354
araCp,0.14285714285714285,6,6,GGTTTCACACCCATGTGGCT,0,580520
araCp,0.14285714285714285,6,6,GGTTCGATATGCTTAATCTG,0,553453
araCp,0.14285714285714285,6,6,GGTTCGACTGTCCATATTCG,0,572226
araCp,0.14285714285714285,6,6,GGTTATAAAGGGTATTTTGG,0,539781
araCp,0.14285714285714285,6,6,GGTTACACGCAGTGGCAAAG,0,565692
araCp,0.14285714285714285,6,6,GGTGTAGACAGGCGTTTATA,0,536829
araCp,0.14285714285714285,6,6,GGTGAGTTGCAGGCAACCAA,0,581080
araCp,0.14285714285714285,6,6,GGTGAGTATCCTTGTAAAAG,0,561499
araCp,0.14285714285714285,6,6,GGTGAGCGGACCGGGCTTCA,0,540009
araCp,0.14285714285714285,6,6,GGTCGTTCTAACATTCGAGG,0,531381
araCp,0.14285714285714285,6,6,GGTCGTCATGACAGCTCTTC,0,557342
araCp,0.14285714285714285,6,6,GGTCCTTGGTTTATGTGGGT,0,601130
araCp,0.14285714285714285,6,6,GGTCCAATCACGCACTGTCT,0,529016
araCp,0.14285714285714285,6,6,GGTCATAAACCTAAAATTCC,0,584695
araCp,0.14285714285714285,6,6,GGTCAGGGTGGATTGCACAT,0,537287
araCp,0.14285714285714285,6,6,GGTCACGCTACATCAGCTCA,0,573736
araCp,0.14285714285714285,6,6,GGTAGGCTTACGTAGGGTAG,0,574247
araCp,0.14285714285714285,6,6,GGTAGCAAGGCTGTTCAAAT,0,536225
araCp,0.14285714285714285,6,6,GGTACCCCGTCTCCCGGAAG,0,587860
araCp,0.14285714285714285,6,6,GGTAATAGCTATCGGTTAAT,0,532563
araCp,0.14285714285714285,6,6,GGTAACTGTATTTCAGCTTT,0,578034
araCp,0.14285714285714285,6,6,GGTAACTCAGACGTACTGGT,0,534003
araCp,0.14285714285714285,6,6,GGTAACCGACCATGGCTACT,0,543659
araCp,0.14285714285714285,6,6,GGTAACATCCGGGGGCACGA,0,601389
araCp,0.14285714285714285,6,6,GGTAAAATAAGCTTCTCTAC,0,549577
araCp,0.14285714285714285,6,6,GGGTTCCTACTAATAGACCC,0,586075
araCp,0.14285714285714285,6,6,GGGTCTTAATTCTAGCCAGA,0,549336
araCp,0.14285714285714285,6,6,GGGTAACCGGTTTACGTCTC,0,595153
araCp,0.14285714285714285,6,6,GGGGTGTGCTAAGCTATGAG,0,532924
araCp,0.14285714285714285,6,6,GGGGTGGTCGTCCAGCTAAC,0,537628
araCp,0.14285714285714285,6,6,GGGGGATAACCAAAGATTTT,0,563341
araCp,0.14285714285714285,6,6,GGGGCGAAAGCCCGTCTGCA,0,527606
araCp,0.14285714285714285,6,6,GGGGCAATAAGGACGGCTGG,0,594147
araCp,0.14285714285714285,6,6,GGGGATGCGTCGAACCGATT,0,540472
araCp,0.14285714285714285,6,6,GGGGACCGCAGCCATGAGGC,0,573213
araCp,0.14285714285714285,6,6,GGGCGGACGTGATAAACTAA,0,602465
araCp,0.14285714285714285,6,6,GGGCGCCGGTACTCAGTGTT,0,551995
araCp,0.14285714285714285,6,6,GGGCGCAAGATATTTTTGCA,0,601786
araCp,0.14285714285714285,6,6,GGGCAGCCGAGGCTGGGGTG,0,558905
araCp,0.14285714285714285,6,6,GGGCACTGCGTTACTAGGAT,0,573118
araCp,0.14285714285714285,6,6,GGGATGCTGGCCGGAGTGCA,0,539141
araCp,0.14285714285714285,6,6,GGGAGTCTGAGTTTCATTAC,0,574533
araCp,0.14285714285714285,6,6,GGGACGGGTAGTACGGCTCA,0,589465
araCp,0.14285714285714285,6,6,GGGACGCAAGCAAATGTTAC,0,581270
araCp,0.14285714285714285,6,6,GGGACCTGGCGGTTCTTGTA,0,581469
araCp,0.14285714285714285,6,6,GGGACACGCGTACCAATCGA,0,542296
araCp,0.14285714285714285,6,6,GGGAATGCAGGACATCACAG,0,531228
araCp,0.14285714285714285,6,6,GGCTTTAGGCACATGTGAAC,0,530255
araCp,0.14285714285714285,6,6,GGCTCAGCCGTGCTGACTGT,0,564992
araCp,0.14285714285714285,6,6,GGCGTCTATCGACGCGAGTC,0,553808
araCp,0.14285714285714285,6,6,GGCGGTTCTCATAGATGCTT,0,583289
araCp,0.14285714285714285,6,6,GGCCTCATACTGGCACAATT,0,578715
araCp,0.14285714285714285,6,6,GGCCTAGTGGGTTCACGCCA,0,587669
araCp,0.14285714285714285,6,6,GGCCGCACTTTTCTTGTCTT,0,572054
araCp,0.14285714285714285,6,6,GGCCCGACGCACCCTCGTCA,0,598686
araCp,0.14285714285714285,6,6,GGCCCATTGAGGGCTACGAT,0,564640
araCp,0.14285714285714285,6,6,GGCCATATATAGTTCCCGCT,0,580965
araCp,0.14285714285714285,6,6,GGCCAGTTAGCTGGCTGAAA,0,536495
araCp,0.14285714285714285,6,6,GGCATAATAATACGAGGTTT,0,564860
araCp,0.14285714285714285,6,6,GGCAGGCGGACAGTACTCGA,0,587343
araCp,0.14285714285714285,6,6,GGCACACCAGGGCTTGGGAA,0,544013
araCp,0.14285714285714285,6,6,GGCAAGACATCACCCACAAT,0,579026
araCp,0.14285714285714285,6,6,GGATTTCTTGCTACCTATAG,0,543483
araCp,0.14285714285714285,6,6,GGATTCTTACTGTGTACCTT,0,527238
araCp,0.14285714285714285,6,6,GGATGGAGAATACGGGATGT,0,565973
araCp,0.14285714285714285,6,6,GGATCGTTTTTAGAGTAGAT,0,558665
araCp,0.14285714285714285,6,6,GGATACAAATATGGGTTATC,0,580582
araCp,0.14285714285714285,6,6,GGATAACTTTTAGGGTGAAG,0,584310
araCp,0.14285714285714285,6,6,GGAGTTAACTAGCTCCCATT,0,589070
araCp,0.14285714285714285,6,6,GGAGTGGTACGAGGGGTATA,0,588718
araCp,0.14285714285714285,6,6,GGAGGCCTCTGCGTCTACAA,0,533441
araCp,0.14285714285714285,6,6,GGAGCCACAGGGCTACAGCA,0,527398
araCp,0.14285714285714285,6,6,GGAGAGCCTATGGATCTAGA,0,555680
araCp,0.14285714285714285,6,6,GGACTATTCTTATATGGCCC,0,577094
araCp,0.14285714285714285,6,6,GGACGCCCGTGATTCAGTGA,0,549451
araCp,0.14285714285714285,6,6,GGAAGGCAAAATGCGTATTT,0,541669
araCp,0.14285714285714285,6,6,GGAAGCAGTAGCCCAAGGAC,0,554292
araCp,0.14285714285714285,6,6,GGAACGAACTTGTGTAGTGA,0,562727
araCp,0.14285714285714285,6,6,GGAACCGTACAATTGCGCCG,0,536406
araCp,0.14285714285714285,6,6,GGAAAATATGGAGTGGCGCC,0,558645
araCp,0.14285714285714285,6,6,GGAAAAGGCGCATCCTGATT,0,542682
araCp,0.14285714285714285,6,6,GCTTTCCCATTAGACACCAC,0,556038
araCp,0.14285714285714285,6,6,GCTTTAACACGTGACAGCGG,0,601574
araCp,0.14285714285714285,6,6,GCTTCCACTTTGACTGCGTG,0,554349
araCp,0.14285714285714285,6,6,GCTTCACTAAGTCTGAGAGG,0,525973
araCp,0.14285714285714285,6,6,GCTGGACGCCCGCGCCGGAG,0,537489
araCp,0.14285714285714285,6,6,GCTGCTCCAACCCACACCCT,0,538833
araCp,0.14285714285714285,6,6,GCTCGGTCTCTTAGCAGGCA,0,561036
araCp,0.14285714285714285,6,6,GCTCGCTTCCAGTATGCATT,0,531259
araCp,0.14285714285714285,6,6,GCTCAGAAACGGACGAGTGA,0,536340
araCp,0.14285714285714285,6,6,GCTCACTGCCAAGCAAGAGT,0,577526
araCp,0.14285714285714285,6,6,GCTAAGCTATCTGCCAACTC,0,550087
araCp,0.14285714285714285,6,6,GCTAAACTGCTTACATGGAT,0,530688
araCp,0.14285714285714285,6,6,GCGTTGCAGGACGTTTGTGA,0,558938
araCp,0.14285714285714285,6,6,GCGTGGCGTTCACAACCTCC,0,585903
araCp,0.14285714285714285,6,6,GCGTGGCCTAAAATCGATAG,0,587647
araCp,0.14285714285714285,6,6,GCGTCTTTGGGCATCGAAGA,0,551258
araCp,0.14285714285714285,6,6,GCGTCTTATAAGGTAAGTCG,0,546390
araCp,0.14285714285714285,6,6,GCGGGCTAGCTATGGTGACA,0,576964
araCp,0.14285714285714285,6,6,GCGGGAGCATTCTCGATTGG,0,542162
araCp,0.14285714285714285,6,6,GCGGCATAATTTCAGGTAAG,0,586660
araCp,0.14285714285714285,6,6,GCGCTTGTTACGGGGTAAAG,0,578767
araCp,0.14285714285714285,6,6,GCGCGCTCCGCACATAGGTG,0,552561
araCp,0.14285714285714285,6,6,GCGCCGGGCGGTAGAGCGAT,0,590445
araCp,0.14285714285714285,6,6,GCGATTACCGCCTCTTGCTC,0,579711
araCp,0.14285714285714285,6,6,GCGATGTTAACCTTGCCCTT,0,531512
araCp,0.14285714285714285,6,6,GCGATCTGATTGATCTCGTC,0,540808
araCp,0.14285714285714285,6,6,GCGAGGGGACGTTATACCCC,0,587427
araCp,0.14285714285714285,6,6,GCGAGGCATCTTAATCGCAA,0,581956
araCp,0.14285714285714285,6,6,GCGAGCAATCTGATCTGTCG,0,561898
araCp,0.14285714285714285,6,6,GCGACGATCTCCTTACGCCA,0,584976
araCp,0.14285714285714285,6,6,GCGACCAGAATATTACGACG,0,593131
araCp,0.14285714285714285,6,6,GCGAATATCGGACGGGTTGG,0,574242
araCp,0.14285714285714285,6,6,GCGAACACCGATGTGATGTT,0,536629
araCp,0.14285714285714285,6,6,GCGAAACAATCCTCGGATGA,0,541081
araCp,0.14285714285714285,6,6,GCCTTACGCCATTACTCAAC,0,572071
araCp,0.14285714285714285,6,6,GCCTCGTACTCGGATTCTCA,0,550193
araCp,0.14285714285714285,6,6,GCCGTCAACCATACAAGCAT,0,564111
araCp,0.14285714285714285,6,6,GCCGCTGACTTACCATTAAT,0,551063
araCp,0.14285714285714285,6,6,GCCCGTCGTCAGAGCCGACG,0,560362
araCp,0.14285714285714285,6,6,GCCATCCAATGGAGCTAATG,0,543631
araCp,0.14285714285714285,6,6,GCCATACTAGGCTCCAATTG,0,529502
araCp,0.14285714285714285,6,6,GCCATACTAACCCACTTTGG,0,595302
araCp,0.14285714285714285,6,6,GCCAGTATCCTCGGGGTAGA,0,563916
araCp,0.14285714285714285,6,6,GCATCACCGGGAGCGAAGGT,0,565941
araCp,0.14285714285714285,6,6,GCATAAGAGGGTGCCGTAGA,0,535865
araCp,0.14285714285714285,6,6,GCAGAGGAACAATATTACGA,0,525580
araCp,0.14285714285714285,6,6,GCAGAAAGACGCTATCCTCT,0,570897
araCp,0.14285714285714285,6,6,GCACGCCGGTTAAAGCCATG,0,595663
araCp,0.14285714285714285,6,6,GCAATTTTATTACGGACAAT,0,575288
araCp,0.14285714285714285,6,6,GCAAGCGTACTCAATCACGT,0,600628
araCp,0.14285714285714285,6,6,GCAACCTCGATGGCAAGAGT,0,562412
araCp,0.14285714285714285,6,6,GCAAAGTGGGAGAGCGACGC,0,529120
araCp,0.14285714285714285,6,6,GCAAACTCTAGATTTTTAGG,0,569831
araCp,0.14285714285714285,6,6,GCAAAAAGCTTGGCACCTCT,0,553413
araCp,0.14285714285714285,6,6,GATGTCTTGAGTGTTTGGTG,0,556274
araCp,0.14285714285714285,6,6,GATGTACTAGTCCAGATGGG,0,583213
araCp,0.14285714285714285,6,6,GATGGTCCAAAACTTGAGCT,0,572990
araCp,0.14285714285714285,6,6,GATGCCAACCGGACCCCAAT,0,569022
araCp,0.14285714285714285,6,6,GATGAACTGGTGCCAAAGAT,0,589561
araCp,0.14285714285714285,6,6,GATCTATCGTCGTCTAATTA,0,571217
araCp,0.14285714285714285,6,6,GATCGGGGGTTTATTAGATT,0,551566
araCp,0.14285714285714285,6,6,GATCGAGACTTGGCCCATGT,0,553202
araCp,0.14285714285714285,6,6,GATCCCGTCCTTTTAAGGAA,0,578515
araCp,0.14285714285714285,6,6,GATCACGGGTCACATATGTT,0,587594
araCp,0.14285714285714285,6,6,GATCAAGACTCAGCGTCAAG,0,527443
araCp,0.14285714285714285,6,6,GATATGTCTCCGTTGAGAGT,0,567904
araCp,0.14285714285714285,6,6,GATAGATATGGCTTGTCATG,0,542784
araCp,0.14285714285714285,6,6,GATAGAGACGAGTTTGGGAA,0,529501
araCp,0.14285714285714285,6,6,GATAATCAGCATGCCCGTAC,0,536698
araCp,0.14285714285714285,6,6,GATAAGAATTTTTTCTGGCG,0,557300
araCp,0.14285714285714285,6,6,GAGTGGACGTTTAAGTGCAG,0,527320
araCp,0.14285714285714285,6,6,GAGTCAGGGGTAGGCTGGTT,0,585549
araCp,0.14285714285714285,6,6,GAGTATCGTGAAGATGTCCG,0,540183
araCp,0.14285714285714285,6,6,GAGGGCGCATCCAGAACTAC,0,595168
araCp,0.14285714285714285,6,6,GAGGCCGGTAGGTGTACGAG,0,558348
araCp,0.14285714285714285,6,6,GAGGCCGGAGCCGATGTCCT,0,529329
araCp,0.14285714285714285,6,6,GAGGAGACAAAGGGGCATAG,0,575426
araCp,0.14285714285714285,6,6,GAGCGAGTGTTACGGGTCGA,0,532393
araCp,0.14285714285714285,6,6,GAGCCCGAATAATAGCTCTT,0,573634
araCp,0.14285714285714285,6,6,GAGATCCGAGAGAGCCCAGG,0,601482
araCp,0.14285714285714285,6,6,GAGATATCCACGCTCAGAGA,0,568578
araCp,0.14285714285714285,6,6,GAGAGGGTCCGAGAAAGGCC,0,575722
araCp,0.14285714285714285,6,6,GAGAGCACCTCCCACCCGTA,0,580147
araCp,0.14285714285714285,6,6,GAGACTACTCGGGAATAAGA,0,531433
araCp,0.14285714285714285,6,6,GACTTAATGGTCATACCGTC,0,562264
araCp,0.14285714285714285,6,6,GACTGTATGACGACGGCGGT,0,551006
araCp,0.14285714285714285,6,6,GACTGGAGAGCCACAAGTGT,0,590126
araCp,0.14285714285714285,6,6,GACTGCGCACCCCGCGTTCA,0,545209
araCp,0.14285714285714285,6,6,GACTCAGGGTATTCGGGGTT,0,556523
araCp,0.14285714285714285,6,6,GACGTTGATAACCAGTCGTA,0,598480
araCp,0.14285714285714285,6,6,GACGGCACTGGAGAAACATT,0,541356
araCp,0.14285714285714285,6,6,GACGCGGTAATGAATATCCC,0,603684
araCp,0.14285714285714285,6,6,GACGCCGCGTGAGCTTTCGC,0,589254
araCp,0.14285714285714285,6,6,GACGATCTACCTAGAGGTGG,0,542459
araCp,0.14285714285714285,6,6,GACGAGCAGGTAGAGCCGGT,0,582070
araCp,0.14285714285714285,6,6,GACACTGTGTAGTACTGGCG,0,534313
araCp,0.14285714285714285,6,6,GACAAGGTTTAACGGGACAG,0,528803
araCp,0.14285714285714285,6,6,GACAAGAGGGACAGACTTCG,0,543957
araCp,0.14285714285714285,6,6,GAATTCAGAATACGATAAGG,0,585901
araCp,0.14285714285714285,6,6,GAATCACCCTAATCGAATAG,0,565243
araCp,0.14285714285714285,6,6,GAATAACTCTCTCAGCAGGT,0,572742
araCp,0.14285714285714285,6,6,GAAGGTTCTCTCAGTTCTTA,0,543196
araCp,0.14285714285714285,6,6,GAAGGGAGCGGTTGCTGTAT,0,597739
araCp,0.14285714285714285,6,6,GAAGGCCGTTCGCGAATGTA,0,554782
araCp,0.14285714285714285,6,6,GAAGGACCATGCCCACTCCA,0,543513
araCp,0.14285714285714285,6,6,GAAGCTCAGACCTTGGTTGT,0,533140
araCp,0.14285714285714285,6,6,GAAGCAAGGGTATAGCTTCA,0,553955
araCp,0.14285714285714285,6,6,GAACGACCAGTTGAGCACGA,0,533200
araCp,0.14285714285714285,6,6,GAACCTCGACATAACTTAGA,0,528083
araCp,0.14285714285714285,6,6,GAACCAGCGGTAAGTGAAGA,0,581585
araCp,0.14285714285714285,6,6,GAACATACCAGGTCCGATAC,0,557041
araCp,0.14285714285714285,6,6,GAAATCCTGCGTTAGGAGGC,0,560836
araCp,0.14285714285714285,6,6,GAAAGTGGGTGAGGCTTGTA,0,601614
araCp,0.14285714285714285,6,6,GAAAGTGCCTGCGTTAGGTT,0,573873
araCp,0.14285714285714285,6,6,GAAAGCTCGGATGGGAGCGT,0,578961
araCp,0.14285714285714285,6,6,GAAACTCCATTGAATCGGCT,0,576708
araCp,0.14285714285714285,6,6,CTTTTTTGGGAGAACGCATG,0,579523
araCp,0.14285714285714285,6,6,CTTTTTGATCGACTTTCTCC,0,560052
araCp,0.14285714285714285,6,6,CTTTCTAATTACCGCAGCGC,0,566927
araCp,0.14285714285714285,6,6,CTTTCAGTGATCGTAACCGT,0,588393
araCp,0.14285714285714285,6,6,CTTGGGCAACCTACGAATCC,0,567084
araCp,0.14285714285714285,6,6,CTTGGCAGACCAAACCAAAT,0,562011
araCp,0.14285714285714285,6,6,CTTGCGTCCCCTTACCAACA,0,544215
araCp,0.14285714285714285,6,6,CTTGCCGCAAGCAACAAGGC,0,560870
araCp,0.14285714285714285,6,6,CTTCGTATACAGTCGAATGG,0,563350
araCp,0.14285714285714285,6,6,CTTCGGTACCACTTCGATTC,0,546911
araCp,0.14285714285714285,6,6,CTTCCAAAGGGAGTGGTCAC,0,570012
araCp,0.14285714285714285,6,6,CTTATTCATGCACGAATGCG,0,575451
araCp,0.14285714285714285,6,6,CTTATCTCAAGACTCAGGTC,0,570879
araCp,0.14285714285714285,6,6,CTTATATTCATTGGATACCT,0,542145
araCp,0.14285714285714285,6,6,CTTAGCGTAGCGTTCTGAGC,0,587732
araCp,0.14285714285714285,6,6,CTTAGCAGCAGGATTCGATA,0,554625
araCp,0.14285714285714285,6,6,CTGTTTAGGTGCAATCCGCC,0,538252
araCp,0.14285714285714285,6,6,CTGTGTATGCATTCGCCATT,0,558451
araCp,0.14285714285714285,6,6,CTGTGGTACAGGCCTTTCAA,0,533496
araCp,0.14285714285714285,6,6,CTGTGAGAACCCGCAGCGGG,0,570383
araCp,0.14285714285714285,6,6,CTGTCCGTACCTCGTATTCT,0,532306
araCp,0.14285714285714285,6,6,CTGTAGAAGTGGCGAGCGGT,0,576504
araCp,0.14285714285714285,6,6,CTGGTATAGCTCCGGACAAA,0,543097
araCp,0.14285714285714285,6,6,CTGGGTCAATTATCGGCAGT,0,582326
araCp,0.14285714285714285,6,6,CTGGCGGGCATTTAGAGCAT,0,552817
araCp,0.14285714285714285,6,6,CTGCTTTGCCTAAGCACCAA,0,561686
araCp,0.14285714285714285,6,6,CTGCTTCGAGTTCCTGTGAC,0,554810
araCp,0.14285714285714285,6,6,CTGCTTACGATAGCCTTAGT,0,557863
araCp,0.14285714285714285,6,6,CTGCTCGTTGGCCCTAATCC,0,549060
araCp,0.14285714285714285,6,6,CTGCCGCCTAATGTGAATCC,0,558633
araCp,0.14285714285714285,6,6,CTGCCAAACATGCTGCGGAG,0,602461
araCp,0.14285714285714285,6,6,CTGAGTTACCGAATCTAAGC,0,568995
araCp,0.14285714285714285,6,6,CTGAGGTTGTCTTATGTTGT,0,535101
araCp,0.14285714285714285,6,6,CTGAGCCCTAAGTCGCGGAT,0,556389
araCp,0.14285714285714285,6,6,CTGACCTCTTCAACCATGTC,0,555925
araCp,0.14285714285714285,6,6,CTCTTTCACAAAGTGTCTTA,0,561918
araCp,0.14285714285714285,6,6,CTCTTGGTACCGGTGCGTAC,0,578514
araCp,0.14285714285714285,6,6,CTCTGTTGATGCACTCGGTT,0,556062
araCp,0.14285714285714285,6,6,CTCTGTGTTCGATAGGGTCA,0,529022
araCp,0.14285714285714285,6,6,CTCTGGTGCTAGAAGGCCGA,0,564280
araCp,0.14285714285714285,6,6,CTCTGGAGAAGGGGGTAATA,0,588972
araCp,0.14285714285714285,6,6,CTCTGAACATAGATTCCTAC,0,554937
araCp,0.14285714285714285,6,6,CTCTAGCTCGCTTTAACTCA,0,582861
araCp,0.14285714285714285,6,6,CTCTAGCGCAAGTTGTAGGC,0,585201
araCp,0.14285714285714285,6,6,CTCCTTTGTTTCGATGAATT,0,574751
araCp,0.14285714285714285,6,6,CTCCGCTCTTACCCCAGTGC,0,592605
araCp,0.14285714285714285,6,6,CTCCCGCGAGACCCATCATA,0,538503
araCp,0.14285714285714285,6,6,CTCCAGTGGACGCCACGAGG,0,531773
araCp,0.14285714285714285,6,6,CTCCAACCAGCTAACAGGCC,0,551604
araCp,0.14285714285714285,6,6,CTCATTACCCACGGAAAACA,0,568147
araCp,0.14285714285714285,6,6,CTCATGAATCTTCGAAATCG,0,525568
araCp,0.14285714285714285,6,6,CTCATCGTGCGTATTAGCGA,0,569969
araCp,0.14285714285714285,6,6,CTATTCCGGTGCTAGCTTAA,0,592274
araCp,0.14285714285714285,6,6,CTATGAAAACATTTTATGCC,0,576234
araCp,0.14285714285714285,6,6,CTATCGGCGTGCCGTCTGGT,0,542327
araCp,0.14285714285714285,6,6,CTATCGGCACCCGGATAGCT,0,562213
araCp,0.14285714285714285,6,6,CTATCCTTCTTTAACGAACT,0,526620
araCp,0.14285714285714285,6,6,CTATCCGGACGAAGGCCGGT,0,538632
araCp,0.14285714285714285,6,6,CTATAGTATGGACGCTGCAC,0,581466
araCp,0.14285714285714285,6,6,CTAGGAGTAATACGGTCAGT,0,556553
araCp,0.14285714285714285,6,6,CTAGGAGAGACATGGGATCC,0,588562
araCp,0.14285714285714285,6,6,CTAGCTGGGCTGTCTTGGTC,0,528571
araCp,0.14285714285714285,6,6,CTAGCGCGTTCGCTAGGCGA,0,546583
araCp,0.14285714285714285,6,6,CTACTACAATTGGATTTCAA,0,585540
araCp,0.14285714285714285,6,6,CTACGTCAGGCTAAGGAAGA,0,555888
araCp,0.14285714285714285,6,6,CTACAATGTTGACCACAGAT,0,573881
araCp,0.14285714285714285,6,6,CTACAAGTTTGTCAATTAAC,0,544099
araCp,0.14285714285714285,6,6,CTAATCTAGGGGGCCGAGCT,0,542159
araCp,0.14285714285714285,6,6,CTAATCTAGACTGTAGTTAA,0,537142
araCp,0.14285714285714285,6,6,CTAATAATGTAGTTGCGGAG,0,545206
araCp,0.14285714285714285,6,6,CTAAGGTTACAAGTGACCAA,0,543837
araCp,0.14285714285714285,6,6,CTAACCCACTACTCACTCTT,0,580065
araCp,0.14285714285714285,6,6,CTAAAGGCCGTAATGTCACA,0,551334
araCp,0.14285714285714285,6,6,CTAAAAGTGTTGGTCTCGTG,0,539393
araCp,0.14285714285714285,6,6,CGTTTGGCTGCGTCAGGAAG,0,552359
araCp,0.14285714285714285,6,6,CGTTGTTGCTCGTGGTGACA,0,551777
araCp,0.14285714285714285,6,6,CGTTGAGGGGATGCTGTCTC,0,564701
araCp,0.14285714285714285,6,6,CGTTCTCATGGTTGATGCAT,0,603402
araCp,0.14285714285714285,6,6,CGTTCATAGACCGAGCTAGT,0,555377
araCp,0.14285714285714285,6,6,CGTGGGAGGCGCTAGGTAGA,0,546136
araCp,0.14285714285714285,6,6,CGTCTTATTACTCGAGAGAG,0,549140
araCp,0.14285714285714285,6,6,CGTCTCTGTCCCCGGTCGGT,0,572369
araCp,0.14285714285714285,6,6,CGTATGTCGTAGGATGCGCC,0,539528
araCp,0.14285714285714285,6,6,CGTATGGAGTAATGCCGGAG,0,591277
araCp,0.14285714285714285,6,6,CGTAGCATGCTGCAGGTTTC,0,578039
araCp,0.14285714285714285,6,6,CGTAATAAACGTTAGACAGA,0,526870
araCp,0.14285714285714285,6,6,CGTAAGTAACATAGGCCGGC,0,558941
araCp,0.14285714285714285,6,6,CGGTTTCACGATGTATAGAT,0,578383
araCp,0.14285714285714285,6,6,CGGTTGTGTTTAGATTGAAG,0,552443
araCp,0.14285714285714285,6,6,CGGTGTCTTCCGCTTGGTCA,0,554732
araCp,0.14285714285714285,6,6,CGGTGTCGCCAGAGGCCCTT,0,526071
araCp,0.14285714285714285,6,6,CGGTGGCCCACCGTGTACCT,0,601105
araCp,0.14285714285714285,6,6,CGGTGGAGTCGGGAGTCACA,0,567614
araCp,0.14285714285714285,6,6,CGGTAGAGATGTCCGTAGCA,0,545469
araCp,0.14285714285714285,6,6,CGGGTCCGCTCAATTGGCTG,0,527569
araCp,0.14285714285714285,6,6,CGGGTCATACTCCTCCTAGA,0,601916
araCp,0.14285714285714285,6,6,CGGGGCGGTGTTCCAGGTAC,0,583701
araCp,0.14285714285714285,6,6,CGGGGCCAGCAAATACGATT,0,589472
araCp,0.14285714285714285,6,6,CGGGCACTTTTACAGAAGCA,0,599343
araCp,0.14285714285714285,6,6,CGGGCAATCAAATTCTCACA,0,599632
araCp,0.14285714285714285,6,6,CGGCTAGCAAGCAAACATAT,0,600928
araCp,0.14285714285714285,6,6,CGGCCTGGATGCCCACTTGG,0,535303
araCp,0.14285714285714285,6,6,CGGCAAAGGCCAACGGACCG,0,577239
araCp,0.14285714285714285,6,6,CGCTCGCGTTTACGTGACGC,0,525564
araCp,0.14285714285714285,6,6,CGCTAGTCAGTCCTGGTTAG,0,529556
araCp,0.14285714285714285,6,6,CGCTAGCCAGGACGTGGCCA,0,596009
araCp,0.14285714285714285,6,6,CGCGTCAGGCGTGTGGCCTA,0,555469
araCp,0.14285714285714285,6,6,CGCGTAGCCTTATGTTGTTC,0,581510
araCp,0.14285714285714285,6,6,CGCGCAACAGTCTTATTTGA,0,584077
araCp,0.14285714285714285,6,6,CGCGAGGAACCCCTCAGCGG,0,527330
araCp,0.14285714285714285,6,6,CGCCTTTGGTCAGTTCCAAT,0,555150
araCp,0.14285714285714285,6,6,CGCCTGCCGCATAAGTCGCT,0,547883
araCp,0.14285714285714285,6,6,CGCCGGCATAAGGTATCGGG,0,553129
araCp,0.14285714285714285,6,6,CGCCCAGCTCGAGGGCACGG,0,529737
araCp,0.14285714285714285,6,6,CGCATAGCGCTGGTGCAGCC,0,549800
araCp,0.14285714285714285,6,6,CGCAGTAACAGCTTTCTGCG,0,582139
araCp,0.14285714285714285,6,6,CGCACTCGCGAGTATGGAAG,0,569393
araCp,0.14285714285714285,6,6,CGCACGAAAAAAATAAATTG,0,570392
araCp,0.14285714285714285,6,6,CGCAAGGAGGTTTGGCTGTA,0,554231
araCp,0.14285714285714285,6,6,CGATTTTAGAGGCGACTCGA,0,549397
araCp,0.14285714285714285,6,6,CGATTTGATCTTTGATAAAT,0,594227
araCp,0.14285714285714285,6,6,CGATTTCATTTATAATGGAA,0,547559
araCp,0.14285714285714285,6,6,CGATTTACGTTTAATTCGTT,0,545819
araCp,0.14285714285714285,6,6,CGATTATGAGTCTGGATTTA,0,573584
araCp,0.14285714285714285,6,6,CGATGTACGTCACCGGTGGA,0,552677
araCp,0.14285714285714285,6,6,CGATCGTTAACTTGAAACAC,0,528058
araCp,0.14285714285714285,6,6,CGATAAGGGATCCTGGACCA,0,583472
araCp,0.14285714285714285,6,6,CGAGTTTCTGACTTGATGAG,0,599404
araCp,0.14285714285714285,6,6,CGAGTATCTGCGAGCCGGGC,0,550679
araCp,0.14285714285714285,6,6,CGAGAGTGGTTAAAACCTTG,0,564140
araCp,0.14285714285714285,6,6,CGAGAAGGTATATTCGATAT,0,588048
araCp,0.14285714285714285,6,6,CGACGGTCAGGGAATGGCCA,0,601973
araCp,0.14285714285714285,6,6,CGACCTGGAATCCATCGGCT,0,556064
araCp,0.14285714285714285,6,6,CGACCTCAATATTGAGTGAT,0,595658
araCp,0.14285714285714285,6,6,CGACCGTGTTCCCGATCGGG,0,556874
araCp,0.14285714285714285,6,6,CGAACTCAATGTTACCTTTT,0,569434
araCp,0.14285714285714285,6,6,CGAACCGAATCGGACGCAAA,0,553486
araCp,0.14285714285714285,6,6,CGAAATTTTCGCTGGCCTTG,0,549408
araCp,0.14285714285714285,6,6,CGAAAGTACCAATTTCTCGC,0,535698
araCp,0.14285714285714285,6,6,CCTTGGTGTTTTTACAGTTT,0,538911
araCp,0.14285714285714285,6,6,CCTTCGCCATTCCGAAATAA,0,532276
araCp,0.14285714285714285,6,6,CCTTATGATTTTGCGATCTA,0,547929
araCp,0.14285714285714285,6,6,CCTTACTCAAAATTAGAGTT,0,573760
araCp,0.14285714285714285,6,6,CCTTACCCCGGCACTGCTAG,0,557010
araCp,0.14285714285714285,6,6,CCTGTGAGATGCTTAGGCAG,0,568437
araCp,0.14285714285714285,6,6,CCTGTCATACAATGGAAAGG,0,540362
araCp,0.14285714285714285,6,6,CCTGGCATACTCAGTCCCCA,0,566808
araCp,0.14285714285714285,6,6,CCTGGACTGGGTGCCCGGGT,0,585030
araCp,0.14285714285714285,6,6,CCTGCATGGTTACACGCGGA,0,549192
araCp,0.14285714285714285,6,6,CCTGAGGCAGGAATTGAAAC,0,531919
araCp,0.14285714285714285,6,6,CCTCGTGTACACCACGAATT,0,585072
araCp,0.14285714285714285,6,6,CCTCGGCAGTATCCGAGCGG,0,602617
araCp,0.14285714285714285,6,6,CCTCCACAGCTAGGTTTGTG,0,528383
araCp,0.14285714285714285,6,6,CCTATGCGATTCGATCGCTC,0,582228
araCp,0.14285714285714285,6,6,CCTATGCCATAGCCGTCTTC,0,554536
araCp,0.14285714285714285,6,6,CCTAGCAATTGATTATACTT,0,601479
araCp,0.14285714285714285,6,6,CCTAAGGTTCGATTCCAATT,0,551415
araCp,0.14285714285714285,6,6,CCGTTTTGTTTGGGTCGCCC,0,592761
araCp,0.14285714285714285,6,6,CCGTTGGGGGTAGGTGCCGC,0,576135
araCp,0.14285714285714285,6,6,CCGTTAGACTTGAAAGCCAA,0,571673
araCp,0.14285714285714285,6,6,CCGTGTGCGGACCAGGTGGA,0,535986
araCp,0.14285714285714285,6,6,CCGTGTCACGCTCTCACAAG,0,564798
araCp,0.14285714285714285,6,6,CCGTGGTCCGTCCGGCACCT,0,547020
araCp,0.14285714285714285,6,6,CCGTGCATCAGCAAGAGATA,0,562646
araCp,0.14285714285714285,6,6,CCGTCGGTTGGCAACCTCAT,0,543065
araCp,0.14285714285714285,6,6,CCGTCCGTCACCTAGACAGA,0,599463
araCp,0.14285714285714285,6,6,CCGTCCGGCAACAGCAACTT,0,550301
araCp,0.14285714285714285,6,6,CCGGTAGCTCAGACAAACTT,0,586079
araCp,0.14285714285714285,6,6,CCGGGTGATGAGTGTACTGA,0,588623
araCp,0.14285714285714285,6,6,CCGGGCTTGGGCTCGGTGAC,0,538692
araCp,0.14285714285714285,6,6,CCGGAGTCTGGCCCGTGGCA,0,600611
araCp,0.14285714285714285,6,6,CCGGACCCAACGAGGGTATC,0,530018
araCp,0.14285714285714285,6,6,CCGCTACTCTCGCTAAGCTT,0,575231
araCp,0.14285714285714285,6,6,CCGCGGTCTTAGGGAGAGGT,0,567306
araCp,0.14285714285714285,6,6,CCGCGCTACCAATTAGTTAG,0,543791
araCp,0.14285714285714285,6,6,CCGCCCCGTCTACATCCCCA,0,571193
araCp,0.14285714285714285,6,6,CCGCAAATGCGGGGGCCGAT,0,528859
araCp,0.14285714285714285,6,6,CCGATTAAGTAGGGCAATGC,0,570077
araCp,0.14285714285714285,6,6,CCGATCAGCGCCTTCTGCGC,0,544746
araCp,0.14285714285714285,6,6,CCGATATGATGTCTACTGAC,0,599633
araCp,0.14285714285714285,6,6,CCGAGTTAAATGATGACGGG,0,580640
araCp,0.14285714285714285,6,6,CCGAGCTCATGACGCTCGGG,0,552265
araCp,0.14285714285714285,6,6,CCGAGCTCACTGGACATTAG,0,563562
araCp,0.14285714285714285,6,6,CCGAAGGTGGATCCAGCATA,0,563543
araCp,0.14285714285714285,6,6,CCGAAAAATTCCTGTCCCAG,0,561438
araCp,0.14285714285714285,6,6,CCCTTTATACACCTGCGCAT,0,538905
araCp,0.14285714285714285,6,6,CCCTGGTAAATTATAGAAGC,0,603705
araCp,0.14285714285714285,6,6,CCCTATACAATGTTAACGTG,0,547588
araCp,0.14285714285714285,6,6,CCCGTATGTGTGACCCTAGC,0,587597
araCp,0.14285714285714285,6,6,CCCGGTCTTCAAATCCGCTG,0,599911
araCp,0.14285714285714285,6,6,CCCGGTCTAATAATCTTCAG,0,580613
araCp,0.14285714285714285,6,6,CCCGGTCGGGGAACTGTGTA,0,585005
araCp,0.14285714285714285,6,6,CCCGCATAGCACCCACTAGG,0,565520
araCp,0.14285714285714285,6,6,CCCCGCCGCAACAAATCTTC,0,525535
araCp,0.14285714285714285,6,6,CCCACGCTTTCGTTATCTAT,0,584926
araCp,0.14285714285714285,6,6,CCCACCGAAACTCTCGGGGC,0,540427
araCp,0.14285714285714285,6,6,CCCACAATGGGAATCATACC,0,579208
araCp,0.14285714285714285,6,6,CCCAACGAGTGATAAGAAGG,0,584619
araCp,0.14285714285714285,6,6,CCATTTTTGGGTCGTTAATC,0,601033
araCp,0.14285714285714285,6,6,CCATGGGCTATCCCTGACTG,0,573026
araCp,0.14285714285714285,6,6,CCATAGGGTGGGATATCACC,0,570113
araCp,0.14285714285714285,6,6,CCACGTTGCAGTTCGAGAAA,0,584270
araCp,0.14285714285714285,6,6,CCACGTCACGAACATACCAG,0,598909
araCp,0.14285714285714285,6,6,CCACGGCGTGTCTGGGTTCA,0,527109
araCp,0.14285714285714285,6,6,CCACGAGAGTTCTACTGAAG,0,588648
araCp,0.14285714285714285,6,6,CCACCAATGGGAACTGTGTC,0,545313
araCp,0.14285714285714285,6,6,CCAATTACATTTCATTCACA,0,559942
araCp,0.14285714285714285,6,6,CCAACTACGAGGTAAGAGAA,0,530840
araCp,0.14285714285714285,6,6,CATTACGGTTTTCTCATACT,0,602053
araCp,0.14285714285714285,6,6,CATGTTTGTGAATGGTGGTC,0,531541
araCp,0.14285714285714285,6,6,CATGCTCACGACTCATCCCG,0,553188
araCp,0.14285714285714285,6,6,CATGAGCGCGTTAAAAAGAC,0,597090
araCp,0.14285714285714285,6,6,CATCTGATCAAGGAAGTATT,0,529349
araCp,0.14285714285714285,6,6,CATCTAATTGGCAGCTTAAT,0,574461
araCp,0.14285714285714285,6,6,CATCGTTTGCGAGCCCTTGT,0,587300
araCp,0.14285714285714285,6,6,CATCGTATTATTTAACCTCT,0,583193
araCp,0.14285714285714285,6,6,CATCGGGGTGATATATGCAA,0,538915
araCp,0.14285714285714285,6,6,CATCGCGGCGGACGCTTGAC,0,561609
araCp,0.14285714285714285,6,6,CATCCCACTAGGTGCGCCGA,0,541460
araCp,0.14285714285714285,6,6,CATCATATTGGATGCCTACC,0,579172
araCp,0.14285714285714285,6,6,CATCAGGCTCAGAGACGGTC,0,531972
araCp,0.14285714285714285,6,6,CATCAACACCACCAGCGCGA,0,565188
araCp,0.14285714285714285,6,6,CATATGGAGGCTTGGTAGTT,0,529327
araCp,0.14285714285714285,6,6,CATATATTTTGAACGTTGAT,0,551207
araCp,0.14285714285714285,6,6,CATATAATGGATGTAACGAA,0,579718
araCp,0.14285714285714285,6,6,CATAGGCGTAAGCACTGATA,0,542835
araCp,0.14285714285714285,6,6,CAGTCAGGAGAAAAAACATT,0,582223
araCp,0.14285714285714285,6,6,CAGTACGCTACACTAGCTTT,0,552001
araCp,0.14285714285714285,6,6,CAGTAACTTATTCGTATTTG,0,546547
araCp,0.14285714285714285,6,6,CAGGTAATTTAAAGCTAATC,0,562062
araCp,0.14285714285714285,6,6,CAGGCACGGGAGGTTTGTTC,0,598806
araCp,0.14285714285714285,6,6,CAGGCACCGCGCTTGAGGCA,0,598137
araCp,0.14285714285714285,6,6,CAGGAACTTGCTTAGTCACA,0,575471
araCp,0.14285714285714285,6,6,CAGCCAGAGTACCCCCCCTA,0,574278
araCp,0.14285714285714285,6,6,CAGCAAACACGTCGAGGAAC,0,544839
araCp,0.14285714285714285,6,6,CAGACTTAGAGGACCCGAGT,0,603319
araCp,0.14285714285714285,6,6,CAGACCTAATCCACATCCTG,0,594943
araCp,0.14285714285714285,6,6,CACTTGGGTTAATTTGCAAT,0,555787
araCp,0.14285714285714285,6,6,CACTTGGGACTATGTCGCTA,0,544553
araCp,0.14285714285714285,6,6,CACTTCCTCCATGGTTTACG,0,577976
araCp,0.14285714285714285,6,6,CACTCTTTATGCCTAGTCGT,0,563830
araCp,0.14285714285714285,6,6,CACGCTGTTGTTTCACATGG,0,567811
araCp,0.14285714285714285,6,6,CACGCTGAACGGGGGGAGAC,0,569909
araCp,0.14285714285714285,6,6,CACGCGGTTTCAATGTTTGG,0,563554
araCp,0.14285714285714285,6,6,CACCGGAGATCCACTACGGG,0,568860
araCp,0.14285714285714285,6,6,CACCCTATCGCTGAAGGGTA,0,592992
araCp,0.14285714285714285,6,6,CACCATGGATTGGGTCTTAT,0,529352
araCp,0.14285714285714285,6,6,CACCATCTTTGCATAGACGT,0,552870
araCp,0.14285714285714285,6,6,CACCAAACTACATAGCATGA,0,550645
araCp,0.14285714285714285,6,6,CACATGTGTGTTCCGCGTGA,0,577355
araCp,0.14285714285714285,6,6,CACATGCAATCATGCATGGG,0,529834
araCp,0.14285714285714285,6,6,CACAGTTTGATACCGATGTG,0,577137
araCp,0.14285714285714285,6,6,CACAGCTGTGGGATTTATAT,0,572233
araCp,0.14285714285714285,6,6,CACAGCCTTATACCATATAT,0,542590
araCp,0.14285714285714285,6,6,CACAGCCCTTCGTTGCCAGG,0,581471
araCp,0.14285714285714285,6,6,CACAGATAGGCACGTCTCGG,0,586444
araCp,0.14285714285714285,6,6,CACAGAGAAGCCATCCTGAT,0,540117
araCp,0.14285714285714285,6,6,CACACTAATTGTCTGAGGCA,0,545479
araCp,0.14285714285714285,6,6,CAATTTCGCGTCCAACTACA,0,568770
araCp,0.14285714285714285,6,6,CAATGCGTAAGAGAGTCAAT,0,550825
araCp,0.14285714285714285,6,6,CAATATAGTGTACAGGCGAG,0,539697
araCp,0.14285714285714285,6,6,CAATAATCCACATATCTTCA,0,602730
araCp,0.14285714285714285,6,6,CAAGTCAGTCAGATCCGAAC,0,549985
araCp,0.14285714285714285,6,6,CAAGCCCCCGGCAATCGTAT,0,589510
araCp,0.14285714285714285,6,6,CAAGCATTGACCCACGGGTA,0,599012
araCp,0.14285714285714285,6,6,CAACGATCACATGGTGGGCA,0,592002
araCp,0.14285714285714285,6,6,CAACCCATTATTGCTTCTGG,0,541310
araCp,0.14285714285714285,6,6,CAAATAAATCTTTCTGGGTG,0,571225
araCp,0.14285714285714285,6,6,CAAAGTGCGCCCCCGAAGTA,0,532862
araCp,0.14285714285714285,6,6,CAAAACGCCATAGCAGGAAT,0,530400
araCp,0.14285714285714285,6,6,CAAAAAGACGCGCGTCGGAG,0,600011
araCp,0.14285714285714285,6,6,ATTTTGGCCACCTTGAACTC,0,558485
araCp,0.14285714285714285,6,6,ATTTGTGACCCGAGCTGCGG,0,532729
araCp,0.14285714285714285,6,6,ATTTCGGAGCGGCGCGGGGC,0,557340
araCp,0.14285714285714285,6,6,ATTTCGATTGGGGTAGCCAT,0,603486
araCp,0.14285714285714285,6,6,ATTTCCTTAAATTAGGGTGA,0,596309
araCp,0.14285714285714285,6,6,ATTTACGAGCGGTTCCTCTT,0,586198
araCp,0.14285714285714285,6,6,ATTGTTGTCCGCCGGCGAAT,0,594933
araCp,0.14285714285714285,6,6,ATTGTTGCCAACATACAGAC,0,564742
araCp,0.14285714285714285,6,6,ATTGGCTATGTGTAGATTGC,0,603279
araCp,0.14285714285714285,6,6,ATTGGAGCTAATGGCTCCCT,0,535006
araCp,0.14285714285714285,6,6,ATTGCCAACAGGTAGATGAG,0,573120
araCp,0.14285714285714285,6,6,ATTGATCAAACTATTGCCGT,0,574656
araCp,0.14285714285714285,6,6,ATTGAGTGTTGCAGCGGCTG,0,557814
araCp,0.14285714285714285,6,6,ATTGAAAGGTCTTCATCAAG,0,528555
araCp,0.14285714285714285,6,6,ATTCTCTCCGTTCTGGCTAT,0,565879
araCp,0.14285714285714285,6,6,ATTCTAGGGGCTAAGTCAGA,0,547840
araCp,0.14285714285714285,6,6,ATTCCCGAGCGGGGTCGCGG,0,566639
araCp,0.14285714285714285,6,6,ATTCCCAACGCTATCATTTT,0,527678
araCp,0.14285714285714285,6,6,ATTATTTTTTCCGTGAACTC,0,561371
araCp,0.14285714285714285,6,6,ATTAGGCAAACGCCAGTGCG,0,540866
araCp,0.14285714285714285,6,6,ATTAATATCGCAGATCGCAT,0,526056
araCp,0.14285714285714285,6,6,ATGTTCACCGGTTGCAAATC,0,530579
araCp,0.14285714285714285,6,6,ATGTTACGTCTTTAATTTTG,0,546723
araCp,0.14285714285714285,6,6,ATGTTAAGAGATGTCGATAA,0,560399
araCp,0.14285714285714285,6,6,ATGTGTGTTACAGCGCCTGG,0,567222
araCp,0.14285714285714285,6,6,ATGGTGCGCTGAGATTAATC,0,569674
araCp,0.14285714285714285,6,6,ATGGGCTCGCTGCTGTCAGG,0,585135
araCp,0.14285714285714285,6,6,ATGGAAGTGCGGTCTGGTGC,0,549661
araCp,0.14285714285714285,6,6,ATGCTTGAGTTATTGTCGCA,0,581677
araCp,0.14285714285714285,6,6,ATGCTCGGCAAGGTCGGAGG,0,565075
araCp,0.14285714285714285,6,6,ATGCGCCTCACAGCCCGTGC,0,567156
araCp,0.14285714285714285,6,6,ATGCAGTGCAAGCTCCTTCC,0,533776
araCp,0.14285714285714285,6,6,ATGATGTATGGATACCCACA,0,558689
araCp,0.14285714285714285,6,6,ATGATGCTGCTTCCATTAAT,0,569810
araCp,0.14285714285714285,6,6,ATGATATGCAGATATGAGCT,0,572197
araCp,0.14285714285714285,6,6,ATGATACCAGTGCGCGCAGG,0,578132
araCp,0.14285714285714285,6,6,ATGAGCCGGATTGATAGTGA,0,553995
araCp,0.14285714285714285,6,6,ATGAAATGATGCTTTAAAAG,0,534303
araCp,0.14285714285714285,6,6,ATCTGAATCGACACCTGCAG,0,526323
araCp,0.14285714285714285,6,6,ATCTATGTCGTGATCGACCA,0,589022
araCp,0.14285714285714285,6,6,ATCTATAGTGAGAACACTAA,0,547586
araCp,0.14285714285714285,6,6,ATCTAGTATGGTCTACAGTA,0,531387
araCp,0.14285714285714285,6,6,ATCGGAAAGTGGCTGCAATA,0,569962
araCp,0.14285714285714285,6,6,ATCGCTCGGACGGGCTAATT,0,594321
araCp,0.14285714285714285,6,6,ATCCTTGTATGAGGAGCCGG,0,536676
araCp,0.14285714285714285,6,6,ATCCTTCCTATACAAAGTCG,0,531663
araCp,0.14285714285714285,6,6,ATCCAGGCCAGCCTGGCGTA,0,597160
araCp,0.14285714285714285,6,6,ATCATCCTTTCATAGCACCA,0,574016
araCp,0.14285714285714285,6,6,ATCACTGAATCGTTGCGCTC,0,529717
araCp,0.14285714285714285,6,6,ATCACGAGTTAAATAAGAAC,0,539841
araCp,0.14285714285714285,6,6,ATCAAGTGTCTACCGAGACA,0,594088
araCp,0.14285714285714285,6,6,ATATGCTTTTAGATGTGAGG,0,549657
araCp,0.14285714285714285,6,6,ATATGCGAACCCTTTACCTC,0,555677
araCp,0.14285714285714285,6,6,ATATATCTCTGTTCTACTAC,0,582385
araCp,0.14285714285714285,6,6,ATAGTGTGCTAAATTATCAA,0,569737
araCp,0.14285714285714285,6,6,ATAGTCGCCACGCGATAAGT,0,552404
araCp,0.14285714285714285,6,6,ATAGCACTCTATGGCGGGTA,0,581072
araCp,0.14285714285714285,6,6,ATACTGGCTAGCTTGGCATA,0,540294
araCp,0.14285714285714285,6,6,ATACGCGCCGAGGCCTGCCC,0,551312
araCp,0.14285714285714285,6,6,ATACGCCTACTGGTCAAGTA,0,587439
araCp,0.14285714285714285,6,6,ATACGATATTGAGTCACCAC,0,597161
araCp,0.14285714285714285,6,6,ATACGAATACTAGCACCGCA,0,567951
araCp,0.14285714285714285,6,6,ATACCATATCGATTAGGAAG,0,587788
araCp,0.14285714285714285,6,6,ATACCAGATGGTCATGGTGT,0,541885
araCp,0.14285714285714285,6,6,ATACAACTATCGAAAGTAGC,0,541633
araCp,0.14285714285714285,6,6,ATAAGAACGGAGCTGGAAAC,0,556144
araCp,0.14285714285714285,6,6,AGTTTCTTCCCAACCATGGT,0,592460
araCp,0.14285714285714285,6,6,AGTTTCCATACGTGCTATTA,0,551690
araCp,0.14285714285714285,6,6,AGTTTACCGAGCTGGTTTTG,0,602457
araCp,0.14285714285714285,6,6,AGTTCTGGTTTGGGGAAATA,0,597723
araCp,0.14285714285714285,6,6,AGTTAGAACTCTCAACTGCG,0,596504
araCp,0.14285714285714285,6,6,AGTTACTGTGCCAGTACTGA,0,593521
araCp,0.14285714285714285,6,6,AGTGCTTGTATGGTAGGCGC,0,582386
araCp,0.14285714285714285,6,6,AGTGACGAAATACTCGCAGC,0,570331
araCp,0.14285714285714285,6,6,AGTCTTATCCTGCCTACATG,0,570454
araCp,0.14285714285714285,6,6,AGTCTTACCCCGCTTTCGAA,0,567332
araCp,0.14285714285714285,6,6,AGTCTGAGTGTAGCCCGCGT,0,561998
araCp,0.14285714285714285,6,6,AGTCCTTGTTTACCTGCATA,0,532684
araCp,0.14285714285714285,6,6,AGTCCACCCCAGCGTCTACA,0,533454
araCp,0.14285714285714285,6,6,AGTATATCCTAAATGGCGAA,0,559573
araCp,0.14285714285714285,6,6,AGTAGGCACGTGAACCAGCT,0,533201
araCp,0.14285714285714285,6,6,AGTACCGGCATTTCGGCTAT,0,543149
araCp,0.14285714285714285,6,6,AGTAAGGTGATAAAGACTAC,0,580678
araCp,0.14285714285714285,6,6,AGGTTGCCGGGCTTGATCGA,0,558770
araCp,0.14285714285714285,6,6,AGGTTCGTGAACGGGCCAGC,0,561193
araCp,0.14285714285714285,6,6,AGGTTAGCGGATCGCACACA,0,529148
araCp,0.14285714285714285,6,6,AGGTGTTGTGCCTTCTAATT,0,578022
araCp,0.14285714285714285,6,6,AGGTGTAGGTAGGGCATAGT,0,584635
araCp,0.14285714285714285,6,6,AGGTGGTTCGAGCGGTAATC,0,535498
araCp,0.14285714285714285,6,6,AGGTGGCGAGTAGTCCACGT,0,561787
araCp,0.14285714285714285,6,6,AGGTAGCTAGGCTTGCACGT,0,533668
araCp,0.14285714285714285,6,6,AGGTAAGCAATTTCAGTGTA,0,538718
araCp,0.14285714285714285,6,6,AGGTAACGCGCAAGGGATGT,0,547074
araCp,0.14285714285714285,6,6,AGGGGTAGCAGTATGGAAAG,0,587637
araCp,0.14285714285714285,6,6,AGGGAGGGATGGGTTGTATC,0,584476
araCp,0.14285714285714285,6,6,AGGCGGGCGTAGGCTGTGGT,0,582001
araCp,0.14285714285714285,6,6,AGGCGGCCGCCCCATGGTTC,0,563544
araCp,0.14285714285714285,6,6,AGGCGCCAGGCAAATAAGTA,0,547300
araCp,0.14285714285714285,6,6,AGGCGCACTGTCCACCCTCG,0,552140
araCp,0.14285714285714285,6,6,AGGCGAGTGCGCAATCGGTG,0,592278
araCp,0.14285714285714285,6,6,AGGCCTGTGGCAAGGCATCA,0,572062
araCp,0.14285714285714285,6,6,AGGCCTATGGTGCCCGACTC,0,574695
araCp,0.14285714285714285,6,6,AGGCCCACTGTACTTAGTAA,0,597049
araCp,0.14285714285714285,6,6,AGGCCACTGATTCGATCGTA,0,593098
araCp,0.14285714285714285,6,6,AGGATTCGGTGGAGTCATTA,0,600059
araCp,0.14285714285714285,6,6,AGGAGTGACTATCGCTTGCA,0,527974
araCp,0.14285714285714285,6,6,AGGAGGGTCATAGAAGGCGA,0,602486
araCp,0.14285714285714285,6,6,AGGAGATTCAGACGCCGGCA,0,602460
araCp,0.14285714285714285,6,6,AGGACGATGGCTAGTTGGTT,0,546188
araCp,0.14285714285714285,6,6,AGGACCGGGGGCACAGATTT,0,537158
araCp,0.14285714285714285,6,6,AGGACCCTTGACCAAATTAC,0,571621
araCp,0.14285714285714285,6,6,AGCTTCTGGGAGGTTACAAT,0,563069
araCp,0.14285714285714285,6,6,AGCTGGAGGTCCCAAGGCCT,0,567404
araCp,0.14285714285714285,6,6,AGCTGCGATGCCGTCGTCAT,0,548927
araCp,0.14285714285714285,6,6,AGCTCTGCTTTCAGTCAAGT,0,542110
araCp,0.14285714285714285,6,6,AGCTACTGTCTTGAATGCCT,0,584503
araCp,0.14285714285714285,6,6,AGCGTGCAATGCCTAGCCAA,0,530027
araCp,0.14285714285714285,6,6,AGCGTGAACGTCCACACATT,0,550380
araCp,0.14285714285714285,6,6,AGCGGTGATGGCCTGGCTAA,0,562224
araCp,0.14285714285714285,6,6,AGCGGCGAGTTTCGTACGGC,0,551923
araCp,0.14285714285714285,6,6,AGCGGAGCCGCAGGCTGATC,0,580713
araCp,0.14285714285714285,6,6,AGCGGAAAGGTTTTTCTGCA,0,567030
araCp,0.14285714285714285,6,6,AGCGCCGAATGGCTGCCCGC,0,588849
araCp,0.14285714285714285,6,6,AGCGAGAAACTACCAACACA,0,538523
araCp,0.14285714285714285,6,6,AGCGAGAAAAGTCCACGTAC,0,576981
araCp,0.14285714285714285,6,6,AGCCGTAGAGCCCCGTACAA,0,584897
araCp,0.14285714285714285,6,6,AGCCGGTTTATAGACCGCGC,0,596337
araCp,0.14285714285714285,6,6,AGCCCTTACTCTTGTTCGTA,0,566041
araCp,0.14285714285714285,6,6,AGCCACGCTATAAGAGAGGT,0,578334
araCp,0.14285714285714285,6,6,AGCAAATTAGTGGAGCGTAT,0,537948
araCp,0.14285714285714285,6,6,AGATTCCCTAGTTTGGCATA,0,558686
araCp,0.14285714285714285,6,6,AGATCACGCCTAATTAAGGC,0,547927
araCp,0.14285714285714285,6,6,AGATACAAACATCGGAGAGT,0,554838
araCp,0.14285714285714285,6,6,AGAGGGACTACCAGTGACGT,0,549037
araCp,0.14285714285714285,6,6,AGAGCTCCCACGTTTAAACT,0,582883
araCp,0.14285714285714285,6,6,AGAGATTTACGGGGATGCCT,0,589423
araCp,0.14285714285714285,6,6,AGAGAATGTACCAGGCCAGA,0,553286
araCp,0.14285714285714285,6,6,AGACTTAACGGGGTTTTAGG,0,583393
araCp,0.14285714285714285,6,6,AGACTGTGCCCTAGCCCACT,0,566987
araCp,0.14285714285714285,6,6,AGACCGCCATACCAAAGTAT,0,546193
araCp,0.14285714285714285,6,6,AGAAGCGCTACAGAACTCTA,0,593866
araCp,0.14285714285714285,6,6,AGAACCGCGTAACCCTGGTT,0,573266
araCp,0.14285714285714285,6,6,AGAAAGTCTATCGGAACTCA,0,599827
araCp,0.14285714285714285,6,6,AGAAAGGTGTCTCTGGGTCA,0,599856
araCp,0.14285714285714285,6,6,ACTTGATGGCTCTTGATGGG,0,559329
araCp,0.14285714285714285,6,6,ACTTGACCGACCGATGCGGT,0,531380
araCp,0.14285714285714285,6,6,ACTTCTAGTTGAAAATGAAC,0,530016
araCp,0.14285714285714285,6,6,ACTTCACGAGACGTGTCATA,0,542982
araCp,0.14285714285714285,6,6,ACTGTTTGGCGGGGGGTCAC,0,595102
araCp,0.14285714285714285,6,6,ACTGTACAGCGGAGAGAGTT,0,552899
araCp,0.14285714285714285,6,6,ACTGGATGTCAGCGCGAAAG,0,575654
araCp,0.14285714285714285,6,6,ACTCTGATACGTCCCCAATA,0,561428
araCp,0.14285714285714285,6,6,ACTCTCAGTACAAAATGACT,0,529454
araCp,0.14285714285714285,6,6,ACTCGTTGCTGCCCCGCCGT,0,540138
araCp,0.14285714285714285,6,6,ACTCGGATAACAGGACTTCA,0,567386
araCp,0.14285714285714285,6,6,ACTCGGACCCTATACAATAC,0,529500
araCp,0.14285714285714285,6,6,ACTCAGAAGCGTATCAGCCC,0,556981
araCp,0.14285714285714285,6,6,ACTATAACATGTCGAGTACT,0,556786
araCp,0.14285714285714285,6,6,ACTACGCTCCATTTGCATTC,0,551591
araCp,0.14285714285714285,6,6,ACGTTCGTAGAGCCTTCTGA,0,598230
araCp,0.14285714285714285,6,6,ACGTGGTTTGAGCCAGGAGT,0,562180
araCp,0.14285714285714285,6,6,ACGTCTACCGGTCGAAATTA,0,599850
araCp,0.14285714285714285,6,6,ACGGTCGTGGAATATAAAAT,0,565957
araCp,0.14285714285714285,6,6,ACGGGTCATTCCGCGTAGAA,0,585252
araCp,0.14285714285714285,6,6,ACGGCATCGCACTGGTGGAT,0,603399
araCp,0.14285714285714285,6,6,ACGGAAGGATTTGTCTGGCC,0,528365
araCp,0.14285714285714285,6,6,ACGCTTTGACCGCTTATTGC,0,549092
araCp,0.14285714285714285,6,6,ACGCAAGCAGTTGTCTGAAC,0,581947
araCp,0.14285714285714285,6,6,ACGATAAGTTGATTCTGTCA,0,560054
araCp,0.14285714285714285,6,6,ACGAGCGAAGGATTCGATCC,0,548453
araCp,0.14285714285714285,6,6,ACGAGATCCCACAAGCTGAG,0,591820
araCp,0.14285714285714285,6,6,ACGACTCATCGACAGTAAGT,0,585014
araCp,0.14285714285714285,6,6,ACGACCAATTGTGTGTCATT,0,546557
araCp,0.14285714285714285,6,6,ACGACCAACCGCTATAATTG,0,558337
araCp,0.14285714285714285,6,6,ACGAAATGCAAGCGGTCCTG,0,582152
araCp,0.14285714285714285,6,6,ACCTGATCACTCGGGAACTT,0,570896
araCp,0.14285714285714285,6,6,ACCTAACATGGAGGTTATCT,0,598075
araCp,0.14285714285714285,6,6,ACCGCATCTTTTCGGGTCAT,0,584500
araCp,0.14285714285714285,6,6,ACCCTGTAATTTACGGGCAA,0,599874
araCp,0.14285714285714285,6,6,ACCCCCATGGTATAAGATTA,0,559479
araCp,0.14285714285714285,6,6,ACCCCAGGTTCCTTTGGTGT,0,540442
araCp,0.14285714285714285,6,6,ACCATTGGGAGGACACGGGA,0,592742
araCp,0.14285714285714285,6,6,ACCATTAAGTCGCTATGCTC,0,537358
araCp,0.14285714285714285,6,6,ACCATGTGCCCATTATACTC,0,533195
araCp,0.14285714285714285,6,6,ACCACGATCGTACTGCATAA,0,580448
araCp,0.14285714285714285,6,6,ACATTTCAGTGCGTATGGCA,0,536965
araCp,0.14285714285714285,6,6,ACATGGGTCGGCCCTGGAAT,0,532907
araCp,0.14285714285714285,6,6,ACATGCTGCACCCATTCAAC,0,537203
araCp,0.14285714285714285,6,6,ACATGCCCCGGGTAGGTTGC,0,537502
araCp,0.14285714285714285,6,6,ACATGCACACTGACTGCTGT,0,603274
araCp,0.14285714285714285,6,6,ACATCCCTTTCAAACGGTCC,0,593251
araCp,0.14285714285714285,6,6,ACATACCGTGCGTCCGCCCA,0,550966
araCp,0.14285714285714285,6,6,ACATAATTCAGGGGAAAGCA,0,587132
araCp,0.14285714285714285,6,6,ACAGGGAGTTATTGGATGCT,0,554102
araCp,0.14285714285714285,6,6,ACAGCATTTTACTGCCCGTA,0,596215
araCp,0.14285714285714285,6,6,ACACTCATGTGCAGTGAGGG,0,540205
araCp,0.14285714285714285,6,6,ACACCTGGTGTGGAACAGTA,0,574482
araCp,0.14285714285714285,6,6,ACACCGCGCGCTCACACCTA,0,535301
araCp,0.14285714285714285,6,6,ACAATTGGGTAATTACCCTT,0,575436
araCp,0.14285714285714285,6,6,ACAATGGCTTATTGACGTGG,0,586897
araCp,0.14285714285714285,6,6,ACAAGATTGCTGGGGGCCTA,0,585013
araCp,0.14285714285714285,6,6,ACAACGAGTTTAATAGGGGA,0,572004
araCp,0.14285714285714285,6,6,ACAACCTGGGCTAACTGTAT,0,532476
araCp,0.14285714285714285,6,6,ACAACAGTCCGAGGGAATTT,0,537568
araCp,0.14285714285714285,6,6,ACAAAGCACTCAAGAGGGGC,0,576199
araCp,0.14285714285714285,6,6,AATTTTGTACTTTGCCCGCA,0,537362
araCp,0.14285714285714285,6,6,AATTTACCATCCGATTTCGA,0,576303
araCp,0.14285714285714285,6,6,AATTTAAGCTGACACTAGGA,0,590279
araCp,0.14285714285714285,6,6,AATTGTGATCTCGCAGTGGT,0,543770
araCp,0.14285714285714285,6,6,AATTGATAGGCGCTCTCCAG,0,579204
araCp,0.14285714285714285,6,6,AATTCTCCATTATGGATGTT,0,533777
araCp,0.14285714285714285,6,6,AATGTCATTTGCCAACGAGG,0,537124
araCp,0.14285714285714285,6,6,AATGGGCACATGGGTCAATA,0,547621
araCp,0.14285714285714285,6,6,AATGCTACCGTGCGTGTTTC,0,533678
araCp,0.14285714285714285,6,6,AATGCGCTCTTGTGTCATCA,0,576756
araCp,0.14285714285714285,6,6,AATCTCACGTCGGCATAGTT,0,578617
araCp,0.14285714285714285,6,6,AATCGATCAGATTACGATAT,0,534950
araCp,0.14285714285714285,6,6,AATCCATTTAAAACTTTTTA,0,601367
araCp,0.14285714285714285,6,6,AATATCAGCACGTGGTAAAT,0,552458
araCp,0.14285714285714285,6,6,AATAGATAGTACATGCTAAT,0,539494
araCp,0.14285714285714285,6,6,AATACCTCTCCTTGCGTCTC,0,526171
araCp,0.14285714285714285,6,6,AATAAGAGGGGTAGTGCAAC,0,570520
araCp,0.14285714285714285,6,6,AATAACACGTTCGAATCGTC,0,557983
araCp,0.14285714285714285,6,6,AAGTTACCAGTTCGGCGCAA,0,576048
araCp,0.14285714285714285,6,6,AAGTCGTGGTCTGATGCCTA,0,574741
araCp,0.14285714285714285,6,6,AAGTCACCAGGTGGAAGGGA,0,547384
araCp,0.14285714285714285,6,6,AAGTATCTTTCGGACGATGC,0,602783
araCp,0.14285714285714285,6,6,AAGTACACCCATATTACAGT,0,585098
araCp,0.14285714285714285,6,6,AAGGTATTGTGCGCACACTC,0,535953
araCp,0.14285714285714285,6,6,AAGGTACAAACTAACCATTG,0,533153
araCp,0.14285714285714285,6,6,AAGGGGCGTGCGTACAACAC,0,527376
araCp,0.14285714285714285,6,6,AAGGCCTAGACGTTCCCAGG,0,591890
araCp,0.14285714285714285,6,6,AAGGAGGGGGGGAGTCTTAG,0,578038
araCp,0.14285714285714285,6,6,AAGCTCGAAGTGCTGGGAGA,0,531952
araCp,0.14285714285714285,6,6,AAGCTCACGTCTACCGGCCG,0,566167
araCp,0.14285714285714285,6,6,AAGCGGTTTGGGTGCAGGCG,0,534198
araCp,0.14285714285714285,6,6,AAGCGCTATAGTAATGATTA,0,565930
araCp,0.14285714285714285,6,6,AAGCCCCAGTCTCGAGTAGA,0,579005
araCp,0.14285714285714285,6,6,AAGCCCCAACGGGAGTTACT,0,557373
araCp,0.14285714285714285,6,6,AAGCACGGGACAGACGCAGT,0,602443
araCp,0.14285714285714285,6,6,AAGCACGCGGCAATGCCGTA,0,531909
araCp,0.14285714285714285,6,6,AAGATCGCGACTAGGAAATA,0,564719
araCp,0.14285714285714285,6,6,AAGAGCCCGGCTATCTGGAA,0,572072
araCp,0.14285714285714285,6,6,AAGAAAGTGGATCCCTCACT,0,591451
araCp,0.14285714285714285,6,6,AACTGCGCTTCAGACCGGCT,0,562914
araCp,0.14285714285714285,6,6,AACTGAGTCCGCCCTTCAGA,0,565876
araCp,0.14285714285714285,6,6,AACGTTTTTTGTTCCTACGC,0,554108
araCp,0.14285714285714285,6,6,AACGTTGGCAGGTGCCGCTC,0,545651
araCp,0.14285714285714285,6,6,AACGTTCTTAATTTCTCTAT,0,581701
araCp,0.14285714285714285,6,6,AACGGACCGGGCCGTACATT,0,528150
araCp,0.14285714285714285,6,6,AACCTTTCCAAACACGTGAA,0,574667
araCp,0.14285714285714285,6,6,AACCGCTTAAAGCCAACGAA,0,590133
araCp,0.14285714285714285,6,6,AACCGCATTGCGGGGTTCTG,0,600653
araCp,0.14285714285714285,6,6,AACCCCATCACGCTCGCGGC,0,591187
araCp,0.14285714285714285,6,6,AACATGTAATAGTTGGTTAA,0,545528
araCp,0.14285714285714285,6,6,AACATGGGATAGCCTGAATG,0,564147
araCp,0.14285714285714285,6,6,AACATCCTGGTTGCGGCTAA,0,525818
araCp,0.14285714285714285,6,6,AACAGTCCGACAATGGTAGA,0,562608
araCp,0.14285714285714285,6,6,AACAGGGGGTAGTGCCAGGT,0,569084
araCp,0.14285714285714285,6,6,AACACGGTAAGGTACATACC,0,572173
araCp,0.14285714285714285,6,6,AACAACCGCTCACTCGGTTA,0,536623
araCp,0.14285714285714285,6,6,AACAAATATTCTTAGATTGA,0,571356
araCp,0.14285714285714285,6,6,AAATTCTCACTTTCGGGCGA,0,570221
araCp,0.14285714285714285,6,6,AAATTAAACCTCACTGCCGT,0,571558
araCp,0.14285714285714285,6,6,AAATGTTTCTCCCAATAAAT,0,570611
araCp,0.14285714285714285,6,6,AAATCTGAGCCCTATGCGAT,0,565108
araCp,0.14285714285714285,6,6,AAATCGTCACGTACGAATTG,0,575256
araCp,0.14285714285714285,6,6,AAATCGGCTAGTCGTTTGGT,0,554533
araCp,0.14285714285714285,6,6,AAAGTTTTCCGCTTAGGCCA,0,570766
araCp,0.14285714285714285,6,6,AAAGGCGGGAAAAAACTGTA,0,569703
araCp,0.14285714285714285,6,6,AAAGCTGGTCCTAGGCTGTT,0,600449
araCp,0.14285714285714285,6,6,AAAGCGTGCGGGCCAGTGGT,0,530668
araCp,0.14285714285714285,6,6,AAAGAAGGTATGAATGCTTG,0,530024
araCp,0.14285714285714285,6,6,AAACTCAAGGTTGCGACGAG,0,547370
araCp,0.14285714285714285,6,6,AAACGTGGCTTTAATAACAA,0,546691
araCp,0.14285714285714285,6,6,AAAAGGGTGACTATCACAGG,0,540225
araCp,0.14285714285714285,6,6,AAAAGGAACTAATGTTACTA,0,541094
araCp,0.14285714285714285,6,6,AAAACGGCAAACCATTGATC,0,532062
araCp,0.14285714285714285,6,6,AAAACGAGGGACTAACTAAC,0,527035
araCp,0.14285714285714285,6,6,AAAAATATGGTAGGATTTAA,0,572136
araCp,0.16666666666666666,5,5,TTTTTGAAGTGCATGTGCGC,0,588019
araCp,0.16666666666666666,5,5,TTTTTATCGCTTCGCCCTAT,0,569866
araCp,0.16666666666666666,5,5,TTTTTATAGCGCACCTACTA,0,563564
araCp,0.16666666666666666,5,5,TTTTGCTTCTCCACGGTTTG,0,542393
araCp,0.16666666666666666,5,5,TTTTCCTGCTCCGTACCAAC,0,584150
araCp,0.16666666666666666,5,5,TTTTAAGGAACCAGGCTAAG,0,597865
araCp,0.16666666666666666,5,5,TTTGGGTGAATATTAGCCAA,0,536346
araCp,0.16666666666666666,5,5,TTTGGCGGATCTCAGAGTCC,0,533287
araCp,0.16666666666666666,5,5,TTTGGATTGGATGACCCACA,0,592678
araCp,0.16666666666666666,5,5,TTTGCGTTTCTCTGCTCGGG,0,525981
araCp,0.16666666666666666,5,5,TTTGCATGCTTGTCTGCAAC,0,567515
araCp,0.16666666666666666,5,5,TTTGCACCCTAACTCTAACT,0,585386
araCp,0.16666666666666666,5,5,TTTGAAAGTGATCCTCATAC,0,527150
araCp,0.16666666666666666,5,5,TTTCTGTCCTCGGGCGAGGT,0,527753
araCp,0.16666666666666666,5,5,TTTCTGGCCGAAGCAATAGC,0,537908
araCp,0.16666666666666666,5,5,TTTCTGGAACCTAGCTCGAA,0,559949
araCp,0.16666666666666666,5,5,TTTCGCGGCAAAGCATTTCC,0,601361
araCp,0.16666666666666666,5,5,TTTCCGCTCAACCATGCCGT,0,529589
araCp,0.16666666666666666,5,5,TTTCCGAAGCACTGTGATCT,0,570873
araCp,0.16666666666666666,5,5,TTTCATGATCACCGACGTTT,0,575876
araCp,0.16666666666666666,5,5,TTTCAAGTTCTGACAGGATT,0,572686
araCp,0.16666666666666666,5,5,TTTATTATCTATTAACTGCA,0,547971
araCp,0.16666666666666666,5,5,TTTATGACTCGGGGCGTAAC,0,539252
araCp,0.16666666666666666,5,5,TTTAAAACGTGTGCACTTCT,0,570954
araCp,0.16666666666666666,5,5,TTGTTTTACATCGAGCGCCA,0,582259
araCp,0.16666666666666666,5,5,TTGTTGGGTGATATAGACGT,0,544223
araCp,0.16666666666666666,5,5,TTGTTGGATCGCCCGGCTCT,0,534129
araCp,0.16666666666666666,5,5,TTGTGTAGTCCATGTGTGAC,0,528795
araCp,0.16666666666666666,5,5,TTGTGAAGCAGGCGCGTGTG,0,535260
araCp,0.16666666666666666,5,5,TTGTCTTTGTAAGGACACGG,0,556505
araCp,0.16666666666666666,5,5,TTGTCGATTTCAATAGGGTT,0,569107
araCp,0.16666666666666666,5,5,TTGTAGTTGAAAGGATCAGC,0,563625
araCp,0.16666666666666666,5,5,TTGTAGGAGAATGACCAGCC,0,582057
araCp,0.16666666666666666,5,5,TTGGTTCACGGGACGTCAAT,0,574915
araCp,0.16666666666666666,5,5,TTGGGGGAAACGTCATAGTA,0,589796
araCp,0.16666666666666666,5,5,TTGGCCAGAGTAGGAATTTG,0,574495
araCp,0.16666666666666666,5,5,TTGGACCGGTGCCGTTGAGT,0,537340
araCp,0.16666666666666666,5,5,TTGCTGGCGGAGGGACGCAA,0,548419
araCp,0.16666666666666666,5,5,TTGCTCCGGGGAAGGCACGT,0,582806
araCp,0.16666666666666666,5,5,TTGCGCAACATTCACTACAA,0,536702
araCp,0.16666666666666666,5,5,TTGCCATTTCCGTAAGATTA,0,541690
araCp,0.16666666666666666,5,5,TTGCAGTGAACTGAGAATCA,0,578345
araCp,0.16666666666666666,5,5,TTGCAATCTGAGTTGGCACT,0,525583
araCp,0.16666666666666666,5,5,TTGAGTACCTCCGTGTTCTT,0,537580
araCp,0.16666666666666666,5,5,TTGAGGTTATAAGCCCGGAC,0,561188
araCp,0.16666666666666666,5,5,TTGAGCAAGGCATCGGACAT,0,537696
araCp,0.16666666666666666,5,5,TTGACTTGCTCGATTCCATG,0,527881
araCp,0.16666666666666666,5,5,TTGACTTAACGAGCTGGAAT,0,561278
araCp,0.16666666666666666,5,5,TTGAACTAAACTGAGTGATG,0,579264
araCp,0.16666666666666666,5,5,TTGAACGAAAAGTGTCAGCA,0,569880
araCp,0.16666666666666666,5,5,TTCTGGTAGGTAGTTATGGA,0,536330
araCp,0.16666666666666666,5,5,TTCTCAACTCTTGACCGTAT,0,591596
araCp,0.16666666666666666,5,5,TTCTACCGTCGCGAGCGGCC,0,544266
araCp,0.16666666666666666,5,5,TTCGTTATCTGTTGCGCACA,0,575029
araCp,0.16666666666666666,5,5,TTCGGAGTGTGTGCCTCATG,0,531213
araCp,0.16666666666666666,5,5,TTCGCCTTGAACTGGGCAAC,0,525614
araCp,0.16666666666666666,5,5,TTCGCCGGCTCGTTTTAATC,0,601325
araCp,0.16666666666666666,5,5,TTCGATATTGTCTCAAAGTC,0,553857
araCp,0.16666666666666666,5,5,TTCGACTACGCTATGCAAAA,0,579513
araCp,0.16666666666666666,5,5,TTCGAATCGCGAAATAAGAC,0,562546
araCp,0.16666666666666666,5,5,TTCCGGTTCCGTCCCTCTCT,0,544670
araCp,0.16666666666666666,5,5,TTCCGGTGGCTGTGAGAGGT,0,564072
araCp,0.16666666666666666,5,5,TTCCCGGGATGGCGTAAGCA,0,583066
araCp,0.16666666666666666,5,5,TTCCCGACCTCCTTCAGTCT,0,594502
araCp,0.16666666666666666,5,5,TTCCATGCCAATTAGGAGGT,0,551343
araCp,0.16666666666666666,5,5,TTCCACGAGGATGGATATCT,0,586439
araCp,0.16666666666666666,5,5,TTCATCGAGGGAGTGTGTCG,0,588348
araCp,0.16666666666666666,5,5,TTCAGTGACAGTCATGTTAT,0,532834
araCp,0.16666666666666666,5,5,TTCACCGAAACCACAGAACG,0,538313
araCp,0.16666666666666666,5,5,TTCACATTTGGGATCTTTTC,0,586395
araCp,0.16666666666666666,5,5,TTCAATAGCATCTATACATT,0,538400
araCp,0.16666666666666666,5,5,TTCAAGAAGTTAAGATGTGG,0,577910
araCp,0.16666666666666666,5,5,TTATTGCGGTAGATATAATA,0,532997
araCp,0.16666666666666666,5,5,TTATTAAGTTAGGTTGCTTA,0,602029
araCp,0.16666666666666666,5,5,TTATGGCCCTCCCCTGCAAA,0,541967
araCp,0.16666666666666666,5,5,TTATATTAGTCACGTGTGGT,0,583538
araCp,0.16666666666666666,5,5,TTATATGCATAACCCTTTTA,0,567070
araCp,0.16666666666666666,5,5,TTATATACAGCGAGGAGACT,0,564815
araCp,0.16666666666666666,5,5,TTATAGCTACCAAGTTCGTG,0,573273
araCp,0.16666666666666666,5,5,TTATACCCCCTACGGACAAT,0,591121
araCp,0.16666666666666666,5,5,TTAGTGGACGGACATGATCT,0,537741
araCp,0.16666666666666666,5,5,TTAGGATCCAGCCCAGAATT,0,588478
araCp,0.16666666666666666,5,5,TTAGGACGGCACTTAGTGTA,0,585145
araCp,0.16666666666666666,5,5,TTAGCAGCCGCAAAAGTACG,0,554552
araCp,0.16666666666666666,5,5,TTAGACTCTTTATAGGTGTT,0,579702
araCp,0.16666666666666666,5,5,TTAGAACTCGACTACTCGTA,0,554713
araCp,0.16666666666666666,5,5,TTAGAACGGTCGATATCCTT,0,530566
araCp,0.16666666666666666,5,5,TTACGGATACAACTCTGTTT,0,562386
araCp,0.16666666666666666,5,5,TTACCTTCGGGGAAATGTAA,0,559200
araCp,0.16666666666666666,5,5,TTACAGAATTCTTATAAGTT,0,556541
araCp,0.16666666666666666,5,5,TTACAATTACGACTGTTCGG,0,571246
araCp,0.16666666666666666,5,5,TTAAGTCACTCTGGCGTTTC,0,556061
araCp,0.16666666666666666,5,5,TTAAGGTTTATCGTTGAAGA,0,526399
araCp,0.16666666666666666,5,5,TTAACGTGTAGGTGGCTTCG,0,556905
araCp,0.16666666666666666,5,5,TTAACGAGTGACCACTTTCT,0,565671
araCp,0.16666666666666666,5,5,TTAACATAGCTCAACGGAGT,0,562903
araCp,0.16666666666666666,5,5,TTAAAGCTATTTCGTGGACT,0,585869
araCp,0.16666666666666666,5,5,TTAAAATCACATGCACCGGG,0,545249
araCp,0.16666666666666666,5,5,TTAAAACTGGGTTGTTCTCA,0,565134
araCp,0.16666666666666666,5,5,TGTTCAGGGAGCGTGTGACT,0,569734
araCp,0.16666666666666666,5,5,TGTTATTCGGTGAGATGTCT,0,566055
araCp,0.16666666666666666,5,5,TGTTACGGCCCTAAATATAT,0,573729
araCp,0.16666666666666666,5,5,TGTGTTTTACACTGCCTCAT,0,587760
araCp,0.16666666666666666,5,5,TGTGTCTAGACAAACTTAGA,0,557469
araCp,0.16666666666666666,5,5,TGTGTCAGAGATAGCCTCGG,0,600876
araCp,0.16666666666666666,5,5,TGTGGTGTCCATACTGTCAA,0,542394
araCp,0.16666666666666666,5,5,TGTGGTCAGCTGTGAGCATT,0,575955
araCp,0.16666666666666666,5,5,TGTGATTTATGATATTCAAA,0,555344
araCp,0.16666666666666666,5,5,TGTGATGTCTGTCACCTTTT,0,584045
araCp,0.16666666666666666,5,5,TGTGAATATGGCGCACTATT,0,544495
araCp,0.16666666666666666,5,5,TGTCTGTGGTATCGGGGTTA,0,588176
araCp,0.16666666666666666,5,5,TGTCCGGGCCAAAGGCATGT,0,553076
araCp,0.16666666666666666,5,5,TGTAGTCCGGCGATTCATCA,0,548428
araCp,0.16666666666666666,5,5,TGTAGGGACCACATAAGGGT,0,564678
araCp,0.16666666666666666,5,5,TGTAGGCCTTAACTCTAGGA,0,547828
araCp,0.16666666666666666,5,5,TGTAGGAGCCCTACTCATCA,0,569619
araCp,0.16666666666666666,5,5,TGTACTATACGTCCTCAAGG,0,570831
araCp,0.16666666666666666,5,5,TGTACGGCATCCTTATCCCT,0,531715
araCp,0.16666666666666666,5,5,TGTAATACGTTCTTAGGCTT,0,583655
araCp,0.16666666666666666,5,5,TGGTTCGGGCGTGGGCCTAG,0,567065
araCp,0.16666666666666666,5,5,TGGTGCTGTGTAACCCTAAG,0,575795
araCp,0.16666666666666666,5,5,TGGTCTCGCGCCCCCCCGCG,0,531143
araCp,0.16666666666666666,5,5,TGGTCCCGACGCCGTCATAA,0,565749
araCp,0.16666666666666666,5,5,TGGTAGCCTTCACCAAGATC,0,562214
araCp,0.16666666666666666,5,5,TGGTAGACATATTGCTCTTA,0,582005
araCp,0.16666666666666666,5,5,TGGTAGAATACTGGCTCCCA,0,532123
araCp,0.16666666666666666,5,5,TGGTAACTTCCACGGGACCA,0,528675
araCp,0.16666666666666666,5,5,TGGGTATTTGTAGTAGGAAG,0,568632
araCp,0.16666666666666666,5,5,TGGGTAAGAAACTGGGTCCT,0,532108
araCp,0.16666666666666666,5,5,TGGGGTTAGATTATATTATA,0,549414
araCp,0.16666666666666666,5,5,TGGGGGGTAATAGTTCAATC,0,584629
araCp,0.16666666666666666,5,5,TGGGGCATTAGTTCCTTTCG,0,556174
araCp,0.16666666666666666,5,5,TGGGAGGAAAGGAGGGGATT,0,534860
araCp,0.16666666666666666,5,5,TGGGACATATACCTTAGACT,0,586315
araCp,0.16666666666666666,5,5,TGGCGGCTAGCGTCTGCAAA,0,551587
araCp,0.16666666666666666,5,5,TGGCGACGTGCAGCAATTAA,0,528616
araCp,0.16666666666666666,5,5,TGGCCGCTATGACAGGTTAC,0,573506
araCp,0.16666666666666666,5,5,TGGCCCCGAACGACGCATGG,0,571693
araCp,0.16666666666666666,5,5,TGGCAGATCATGTGCTATCG,0,588420
araCp,0.16666666666666666,5,5,TGGCACGAAGGGGAGTTCAG,0,546208
araCp,0.16666666666666666,5,5,TGGATTCAGGGGTAGGTCAT,0,602122
araCp,0.16666666666666666,5,5,TGGATATGGAGCCGCTCTAC,0,545216
araCp,0.16666666666666666,5,5,TGGAGGAGCATGTATGCATT,0,557809
araCp,0.16666666666666666,5,5,TGCTGCCAGTAATGAGGTAG,0,578101
araCp,0.16666666666666666,5,5,TGCTACCCCGCGCAGCTCGC,0,544320
araCp,0.16666666666666666,5,5,TGCGTTTACATGGCTATCAT,0,550103
araCp,0.16666666666666666,5,5,TGCGGTATGTGGAGTTGCTT,0,602147
araCp,0.16666666666666666,5,5,TGCGGGGTGTTGGTTGTAGT,0,548600
araCp,0.16666666666666666,5,5,TGCGCTTAATGGTACGTCTT,0,548918
araCp,0.16666666666666666,5,5,TGCCATCTCCTTTACATTAC,0,586499
araCp,0.16666666666666666,5,5,TGCCATAGAACTTTGAATCA,0,556466
araCp,0.16666666666666666,5,5,TGCCAGTTTAAGAGACTCAA,0,535038
araCp,0.16666666666666666,5,5,TGCCAGTTCCCAACGTCGTA,0,586874
araCp,0.16666666666666666,5,5,TGCCAGATTCTAATATGCTA,0,544036
araCp,0.16666666666666666,5,5,TGCCACCAGTGTTGGTATGC,0,602384
araCp,0.16666666666666666,5,5,TGCAGGTCGTGTCGTTTTCA,0,539774
araCp,0.16666666666666666,5,5,TGCACCTGGCACGCGGGAAG,0,552369
araCp,0.16666666666666666,5,5,TGCACCTATGCACCAGTTGT,0,540129
araCp,0.16666666666666666,5,5,TGCAAATAGTCGGTCTAAGC,0,550487
araCp,0.16666666666666666,5,5,TGCAAACGACAGGAGGCTTA,0,567419
araCp,0.16666666666666666,5,5,TGATTTTCGTTAGAAAGCGC,0,575863
araCp,0.16666666666666666,5,5,TGATTCCGGCGTCACTCGCA,0,544476
araCp,0.16666666666666666,5,5,TGATGGTTCAAAGACAGGAG,0,593873
araCp,0.16666666666666666,5,5,TGATCTAGTCGTCTTAGGGG,0,552465
araCp,0.16666666666666666,5,5,TGATCGCTATTGACGGACAT,0,585164
araCp,0.16666666666666666,5,5,TGATCATGCCCTTTTCGACT,0,557231
araCp,0.16666666666666666,5,5,TGAGTCGGTAAAACCTTTTC,0,572675
araCp,0.16666666666666666,5,5,TGAGGGGACCAGAGTGCTTC,0,560494
araCp,0.16666666666666666,5,5,TGAGATTCTTTCGGGGGCAG,0,582147
araCp,0.16666666666666666,5,5,TGAGATGTAAAATATCTAGT,0,567583
araCp,0.16666666666666666,5,5,TGACGGTGTTGCCACGGAGA,0,571329
araCp,0.16666666666666666,5,5,TGACGATTAGACTCGCGGCG,0,576661
araCp,0.16666666666666666,5,5,TGACCTTGGGAGCCGGATGT,0,577213
araCp,0.16666666666666666,5,5,TGACCTCAAGACGAGCCATA,0,533349
araCp,0.16666666666666666,5,5,TGACCGCCGCCGGAAGTCCA,0,546349
araCp,0.16666666666666666,5,5,TGACCCAGGTCTCCCGTTAA,0,530911
araCp,0.16666666666666666,5,5,TGAAGATTGCGCCGGTGGAG,0,570655
araCp,0.16666666666666666,5,5,TGAACGTTCATGCTATATAT,0,583119
araCp,0.16666666666666666,5,5,TGAACAAAACCTAGAGTACG,0,557346
araCp,0.16666666666666666,5,5,TGAAATTCCAGACGAAGCTT,0,600371
araCp,0.16666666666666666,5,5,TCTTTTAGTCCTAATCTTTC,0,603699
araCp,0.16666666666666666,5,5,TCTTGAATACTCGAGAGGCT,0,580028
araCp,0.16666666666666666,5,5,TCTTCACTTTCCATTTTCCA,0,551486
araCp,0.16666666666666666,5,5,TCTGTATGGGCCTAGACGCC,0,533793
araCp,0.16666666666666666,5,5,TCTGCGGGTAAGGCCTATAG,0,542146
araCp,0.16666666666666666,5,5,TCTGCGAGTAGGTAAAATAC,0,527313
araCp,0.16666666666666666,5,5,TCTCTTGCTGTGGTGTACAT,0,589039
araCp,0.16666666666666666,5,5,TCTCTTCGGGAAACGTCAGT,0,560621
araCp,0.16666666666666666,5,5,TCTCGGCGGCGATGATATGG,0,572967
araCp,0.16666666666666666,5,5,TCTCCTCGGAGAATATAGGT,0,594204
araCp,0.16666666666666666,5,5,TCTCCTAAATACGGTTCATA,0,585010
araCp,0.16666666666666666,5,5,TCTATTCTCTCGGTTTGGAA,0,568897
araCp,0.16666666666666666,5,5,TCTATATGCATCATCCCGGA,0,582239
araCp,0.16666666666666666,5,5,TCTATAATATCACCACAGAA,0,579405
araCp,0.16666666666666666,5,5,TCTACCAGCTCACAGTTTGT,0,557832
araCp,0.16666666666666666,5,5,TCTAAGTCTAAACTTTTTGA,0,593790
araCp,0.16666666666666666,5,5,TCTAAGGGGTCAGAGAGGGA,0,594795
araCp,0.16666666666666666,5,5,TCGTTCTAGACCAACACCCC,0,568287
araCp,0.16666666666666666,5,5,TCGTGAGAGCGTCTAAGGTC,0,595085
araCp,0.16666666666666666,5,5,TCGTATAAACCTAACTTGAA,0,600140
araCp,0.16666666666666666,5,5,TCGGTTCTGTTATTCTTAGT,0,537519
araCp,0.16666666666666666,5,5,TCGGGGAGGGGCAGGCCACA,0,600715
araCp,0.16666666666666666,5,5,TCGGGACGCTAATGGTCGTA,0,539322
araCp,0.16666666666666666,5,5,TCGGCTGCTTTGAGCAGTTA,0,545800
araCp,0.16666666666666666,5,5,TCGGATTTGGACTTTCGGGT,0,547726
araCp,0.16666666666666666,5,5,TCGGAAAAAGTGGGCTTCCT,0,579242
araCp,0.16666666666666666,5,5,TCGCTTCGCAGCGCAGGAAC,0,596351
araCp,0.16666666666666666,5,5,TCGCGTGGCCACACCATTAT,0,552698
araCp,0.16666666666666666,5,5,TCGATGCTTATGGCAAGCGC,0,557291
araCp,0.16666666666666666,5,5,TCGAGAATTTGGGACCGTCA,0,541383
araCp,0.16666666666666666,5,5,TCGAAGGATGGCGCACTGCT,0,565535
araCp,0.16666666666666666,5,5,TCCTGGGAGCTACGGTGCCA,0,598636
araCp,0.16666666666666666,5,5,TCCTGGACATAATTCAAATC,0,574292
araCp,0.16666666666666666,5,5,TCCGCGTGGTACCAGAGAGC,0,536431
araCp,0.16666666666666666,5,5,TCCGCATGTTGGTACTGGCT,0,545253
araCp,0.16666666666666666,5,5,TCCGAGACTATTGGTGCCGG,0,557702
araCp,0.16666666666666666,5,5,TCCGACACTAAACGTGGGTA,0,601080
araCp,0.16666666666666666,5,5,TCCCGGGGGACGAGGTCAAC,0,577980
araCp,0.16666666666666666,5,5,TCCCGATCGCGCGGCACTTG,0,564921
araCp,0.16666666666666666,5,5,TCCCCCCCCTTATCTCAGGT,0,546196
araCp,0.16666666666666666,5,5,TCCCAGTAGCCGGCGTGCCT,0,539749
araCp,0.16666666666666666,5,5,TCCCAGCCGGTAAACATGCT,0,571491
araCp,0.16666666666666666,5,5,TCCCACCTAACGGTGACTCT,0,566113
araCp,0.16666666666666666,5,5,TCCAGCGTAGATTAGCCGAA,0,544394
araCp,0.16666666666666666,5,5,TCCAGCGGGTAATGACGTAT,0,550019
araCp,0.16666666666666666,5,5,TCCACCCTGCTACGTGGGCA,0,586550
araCp,0.16666666666666666,5,5,TCATGAAGTATCCATTTTAG,0,569056
araCp,0.16666666666666666,5,5,TCATCTTTGTCAAGTATACC,0,554824
araCp,0.16666666666666666,5,5,TCATCTACCATGAATACAGC,0,533624
araCp,0.16666666666666666,5,5,TCATAAGACATGGACTGCCT,0,576809
araCp,0.16666666666666666,5,5,TCAGTTTAACCGATTGGCTA,0,572056
araCp,0.16666666666666666,5,5,TCAGTTCTTTATGGGTTCGA,0,573569
araCp,0.16666666666666666,5,5,TCAGTTAGAGCATGTCTCGG,0,556125
araCp,0.16666666666666666,5,5,TCAGTACATGCGGCGCGGAT,0,532048
araCp,0.16666666666666666,5,5,TCAGGCTTACGCCATGTGCG,0,551879
araCp,0.16666666666666666,5,5,TCAGGATCTTTGGGACCCAA,0,536576
araCp,0.16666666666666666,5,5,TCAGGAGACCATTGTCTGCA,0,586747
araCp,0.16666666666666666,5,5,TCAGCACCCAAGATATTCAT,0,577290
araCp,0.16666666666666666,5,5,TCAGATATCTGTCGGTCCAA,0,546922
araCp,0.16666666666666666,5,5,TCACGCGAATTACCTCGTCG,0,532200
araCp,0.16666666666666666,5,5,TCACGCACACGGGTGAAGAA,0,537578
araCp,0.16666666666666666,5,5,TCACCCCCGTACGCGTGTGA,0,568128
araCp,0.16666666666666666,5,5,TCAAGCTTCAGAGTGGTGCA,0,586892
araCp,0.16666666666666666,5,5,TCAAACAGTTAGGGCGTATT,0,551754
araCp,0.16666666666666666,5,5,TCAAAATCCCCGAACCAGTG,0,571821
araCp,0.16666666666666666,5,5,TCAAAACAAACAGGAACGCT,0,593970
araCp,0.16666666666666666,5,5,TATTTTTAACCTGTGGCACT,0,583924
araCp,0.16666666666666666,5,5,TATTTTGGGAAGAGTGAACG,0,528214
araCp,0.16666666666666666,5,5,TATTGGGGATGTACCGGAGA,0,548877
araCp,0.16666666666666666,5,5,TATTGGAAAATGTCAGAGCT,0,572932
araCp,0.16666666666666666,5,5,TATTGAACAAAGAGGATGAT,0,527040
araCp,0.16666666666666666,5,5,TATTATTATAATCTCATCTC,0,575603
araCp,0.16666666666666666,5,5,TATTATACAGCAGATCTCCG,0,548869
araCp,0.16666666666666666,5,5,TATTAGGGTGGACCGTTGCC,0,591696
araCp,0.16666666666666666,5,5,TATGTCTCACTCTTAATGGT,0,563412
araCp,0.16666666666666666,5,5,TATGTAGGTTCGATACTTCT,0,569896
araCp,0.16666666666666666,5,5,TATGCGAACATCTACATGCC,0,573321
araCp,0.16666666666666666,5,5,TATGCCAGCAGCGGGTAGGG,0,563883
araCp,0.16666666666666666,5,5,TATGATGATTAGCCTGAGAT,0,551203
araCp,0.16666666666666666,5,5,TATCGTTGCGCACCCCGATT,0,571268
araCp,0.16666666666666666,5,5,TATCCCAGGATTCGATTTAG,0,545506
araCp,0.16666666666666666,5,5,TATAGTTTGGCGGTCTCTGC,0,593415
araCp,0.16666666666666666,5,5,TATAGCGCAGCACTGCGGAA,0,541678
araCp,0.16666666666666666,5,5,TATACTCGGCTTCTACACTA,0,587351
araCp,0.16666666666666666,5,5,TATAACCGAAGATATAGAAT,0,584823
araCp,0.16666666666666666,5,5,TAGTGAATGGCCTTCATGGA,0,529408
araCp,0.16666666666666666,5,5,TAGGGATACCCCTTGATCGG,0,584267
araCp,0.16666666666666666,5,5,TAGGGACTCGATTGGCATGC,0,542765
araCp,0.16666666666666666,5,5,TAGGCCTAAATGCGGTTGTT,0,597114
araCp,0.16666666666666666,5,5,TAGGAATAAACCTTACGGGT,0,525671
araCp,0.16666666666666666,5,5,TAGCGTCCCGTATCCGAGGC,0,601797
araCp,0.16666666666666666,5,5,TAGCCTCCTCTTCTAGCTTT,0,551299
araCp,0.16666666666666666,5,5,TAGCATCCTGGGAACCAGGG,0,537051
araCp,0.16666666666666666,5,5,TAGCACGCGGAATGCGAACT,0,561742
araCp,0.16666666666666666,5,5,TAGCAAGGGGTCATTTGATG,0,571337
araCp,0.16666666666666666,5,5,TAGCAAAGTGGTCCATATGG,0,571783
araCp,0.16666666666666666,5,5,TAGCAAACATACGTCAACAC,0,586929
araCp,0.16666666666666666,5,5,TAGAGCACAAGGGTCACATT,0,574520
araCp,0.16666666666666666,5,5,TAGACTGTAGTGCTTAGACA,0,580419
araCp,0.16666666666666666,5,5,TAGACAAAAATCTGCGCGTC,0,534477
araCp,0.16666666666666666,5,5,TACTTTGTCTGTAGATTTGC,0,537824
araCp,0.16666666666666666,5,5,TACTTTATACGAAGCCGTGC,0,557042
araCp,0.16666666666666666,5,5,TACTGAATTAGATTTAAGCA,0,600313
araCp,0.16666666666666666,5,5,TACGTACTGGCTAATTTAGG,0,570079
araCp,0.16666666666666666,5,5,TACGGAACAGACACGTCGGG,0,566046
araCp,0.16666666666666666,5,5,TACCTACTCTAAGCTGCGTC,0,586796
araCp,0.16666666666666666,5,5,TACCTACACGTCAAACGGTT,0,550138
araCp,0.16666666666666666,5,5,TACCGTGGCCTGCATATTCC,0,583133
araCp,0.16666666666666666,5,5,TACCGTGGCAGGTAGTATAT,0,540492
araCp,0.16666666666666666,5,5,TACCGTCGGCCTGTGACCGT,0,587339
araCp,0.16666666666666666,5,5,TACCCTGCGATGGGATGAGG,0,595648
araCp,0.16666666666666666,5,5,TACCATTAAATGCTTATCTC,0,550632
araCp,0.16666666666666666,5,5,TACCACGTATGCAATGCGAT,0,581622
araCp,0.16666666666666666,5,5,TACCAAAGGGAACCGTAGCA,0,559620
araCp,0.16666666666666666,5,5,TACATTTAAAGGAGCCCACC,0,571000
araCp,0.16666666666666666,5,5,TACATTGTGGAGTGGGTATT,0,570816
araCp,0.16666666666666666,5,5,TACATATGGCGCGATCAGTC,0,595152
araCp,0.16666666666666666,5,5,TACAGAGGCAACTGAAGCTA,0,554520
araCp,0.16666666666666666,5,5,TACACCCAGCATCGGTAGTA,0,550901
araCp,0.16666666666666666,5,5,TAATTTGGGGAGCGCTTTTA,0,539386
araCp,0.16666666666666666,5,5,TAATTATCAAGCCAGTCAAG,0,597919
araCp,0.16666666666666666,5,5,TAATGGCGCAGTAACAAGGC,0,591229
araCp,0.16666666666666666,5,5,TAATCTCCATAGAGTGATTC,0,538593
araCp,0.16666666666666666,5,5,TAATAGGGTGTTGGAAAGTT,0,549935
araCp,0.16666666666666666,5,5,TAATACTCATCAATCCTGGA,0,603306
araCp,0.16666666666666666,5,5,TAATACGGTATATAGAACCT,0,548481
araCp,0.16666666666666666,5,5,TAATAATGACACAACACAAC,0,547578
araCp,0.16666666666666666,5,5,TAAGTATTTGCATAGTGTTG,0,551148
araCp,0.16666666666666666,5,5,TAAGTAGCCCACCTCAGAAA,0,560457
araCp,0.16666666666666666,5,5,TAAGTAGAAAAGTCCACTAG,0,526605
araCp,0.16666666666666666,5,5,TAAGTACACGGCGGTAGCAG,0,539246
araCp,0.16666666666666666,5,5,TAAGGTATCACCCGTTATGG,0,587843
araCp,0.16666666666666666,5,5,TAAGGGAGTCTATCGAGAGG,0,527566
araCp,0.16666666666666666,5,5,TAAGGCTCATACGGAGCACA,0,582503
araCp,0.16666666666666666,5,5,TAAGAACCCGTCGGGCAGTC,0,594141
araCp,0.16666666666666666,5,5,TAACGGATCGTCAGTTAGGG,0,580272
araCp,0.16666666666666666,5,5,TAACGCTTTTACACCTAGCC,0,564125
araCp,0.16666666666666666,5,5,TAACCTGTCCGGGTTGTTCT,0,543622
araCp,0.16666666666666666,5,5,TAACCGCATGTACGCTCGTG,0,571183
araCp,0.16666666666666666,5,5,TAACCCCGGGTCATCATAGA,0,537431
araCp,0.16666666666666666,5,5,TAAATTGCCGGGAGTCCGAG,0,562203
araCp,0.16666666666666666,5,5,TAAATTCTGGCATGGCAGGT,0,533364
araCp,0.16666666666666666,5,5,TAAATCAAACACAGTCAGCA,0,557306
araCp,0.16666666666666666,5,5,TAAAGGTATCAGTAATCAAG,0,571626
araCp,0.16666666666666666,5,5,TAAAATGGTCATTGCCAAGG,0,553933
araCp,0.16666666666666666,5,5,GTTTGTCCATTTTTTTCTCT,0,574006
araCp,0.16666666666666666,5,5,GTTTGGTGGTTACTCACTCG,0,532732
araCp,0.16666666666666666,5,5,GTTTGGCATACTTGGGGCAT,0,538856
araCp,0.16666666666666666,5,5,GTTTAACGTCGTAAGAAGTA,0,529725
araCp,0.16666666666666666,5,5,GTTGTGGTCTGCCGACCACG,0,581322
araCp,0.16666666666666666,5,5,GTTGTAGGTGTATGCATGCA,0,583688
araCp,0.16666666666666666,5,5,GTTGTAAGGAGTCTTATGTG,0,579881
araCp,0.16666666666666666,5,5,GTTGCCGCTCGCGGAGTGGC,0,581996
araCp,0.16666666666666666,5,5,GTTACTGCTCAAGCCGGCAA,0,527216
araCp,0.16666666666666666,5,5,GTTACCCTTTGCAGCTGCCC,0,594733
araCp,0.16666666666666666,5,5,GTTACATCTAAATGTACTAT,0,591953
araCp,0.16666666666666666,5,5,GTGTTCCACGAACCTGACGG,0,540609
araCp,0.16666666666666666,5,5,GTGTTACGATGAAGACGAAT,0,543046
araCp,0.16666666666666666,5,5,GTGTTAAGGACCAGGCCTTT,0,538124
araCp,0.16666666666666666,5,5,GTGTGTGTCGGCATAGATCA,0,568848
araCp,0.16666666666666666,5,5,GTGTCGCAATCAGGAACTGG,0,594365
araCp,0.16666666666666666,5,5,GTGTCAAATACTTGCGACAA,0,556239
araCp,0.16666666666666666,5,5,GTGGTGTGGTCTTGCGTCTT,0,582511
araCp,0.16666666666666666,5,5,GTGGTAGCCGGCGTGATTCG,0,593800
araCp,0.16666666666666666,5,5,GTGGTAATCGCATCATACAC,0,561338
araCp,0.16666666666666666,5,5,GTGGGGGGTTTACCGATACG,0,594902
araCp,0.16666666666666666,5,5,GTGGGCGTATGGTTAAATTT,0,596219
araCp,0.16666666666666666,5,5,GTGGCGTAATACCCCGCATT,0,560401
araCp,0.16666666666666666,5,5,GTGGATGTGCGTGGGGATCA,0,537721
araCp,0.16666666666666666,5,5,GTGGACGAGCCTTAAGGGTA,0,542774
araCp,0.16666666666666666,5,5,GTGCGTACCATTTCAATTCT,0,596488
araCp,0.16666666666666666,5,5,GTGCCTGGGCACCTAGAATT,0,592766
araCp,0.16666666666666666,5,5,GTGCAGTTAATGCCTATATT,0,532390
araCp,0.16666666666666666,5,5,GTGCAGACGAAGTCAGGAAG,0,578802
araCp,0.16666666666666666,5,5,GTGATGAAAGCGGTGTTGTT,0,577015
araCp,0.16666666666666666,5,5,GTGATCCATTTCGGTAGAGA,0,537113
araCp,0.16666666666666666,5,5,GTGATAGACCCCACAACCTA,0,584137
araCp,0.16666666666666666,5,5,GTGAGTGAGCCGTGCATGCT,0,561148
araCp,0.16666666666666666,5,5,GTGAATTTAGATTTACTCGC,0,527099
araCp,0.16666666666666666,5,5,GTGAACGGGGGAGGAAGTCT,0,591403
araCp,0.16666666666666666,5,5,GTCTTACCGACAGCGGGCGA,0,559903
araCp,0.16666666666666666,5,5,GTCTGTACCGCGCAACAGTA,0,590579
araCp,0.16666666666666666,5,5,GTCTGGCAGTCTGCTCAACG,0,525577
araCp,0.16666666666666666,5,5,GTCTGCTCAGTCACCGGTCA,0,562176
araCp,0.16666666666666666,5,5,GTCTCTTCAGGTCGATGAGT,0,580287
araCp,0.16666666666666666,5,5,GTCTCGGCTTGATCGGGTTG,0,593714
araCp,0.16666666666666666,5,5,GTCTCCACGGACAGCAAATA,0,539762
araCp,0.16666666666666666,5,5,GTCGTCTCATGCGCCCAGTT,0,567616
araCp,0.16666666666666666,5,5,GTCGTAGATCATGCACTCTT,0,552252
araCp,0.16666666666666666,5,5,GTCCCCCACACGTGGTCCCA,0,550948
araCp,0.16666666666666666,5,5,GTCCAGTCGTCTTCACCAAA,0,573916
araCp,0.16666666666666666,5,5,GTCCAAGTGCGCCCTTTGTT,0,532063
araCp,0.16666666666666666,5,5,GTCATCGTACGCTCGCTGGG,0,601193
araCp,0.16666666666666666,5,5,GTCACTATGCGCGTGCGGAA,0,533907
araCp,0.16666666666666666,5,5,GTCAAGGTGTGAGCGTACGT,0,529036
araCp,0.16666666666666666,5,5,GTATGGGACACTCCAAGGGT,0,550816
araCp,0.16666666666666666,5,5,GTATCGGCCATTGACACACA,0,587010
araCp,0.16666666666666666,5,5,GTAGGTTCTAAGTGCCTTCC,0,536870
araCp,0.16666666666666666,5,5,GTAGGATCGCCGTACGGGAA,0,577571
araCp,0.16666666666666666,5,5,GTAGCTAAAGTGTGCTCTTG,0,573132
araCp,0.16666666666666666,5,5,GTAGCCCGTAGTGAATGTCA,0,596653
araCp,0.16666666666666666,5,5,GTAGATCCGGCAGCAAATAC,0,556557
araCp,0.16666666666666666,5,5,GTAGATATACCTTGGCCCAC,0,580928
araCp,0.16666666666666666,5,5,GTAGATAAGAGTGGAGCAGT,0,590212
araCp,0.16666666666666666,5,5,GTACTGTACGCCACCTTTTC,0,556889
araCp,0.16666666666666666,5,5,GTACGAAAGTTGCAGCCGTA,0,554553
araCp,0.16666666666666666,5,5,GTACCCGCGTTATGGACTGA,0,593957
araCp,0.16666666666666666,5,5,GTACCAAAGGGACAAGAAAA,0,571042
araCp,0.16666666666666666,5,5,GTACAAACCGGATGTTTTTT,0,535138
araCp,0.16666666666666666,5,5,GTAATTCTTTATCCTTGCGT,0,533109
araCp,0.16666666666666666,5,5,GTAATATGAGAAGTTGCCAA,0,555549
araCp,0.16666666666666666,5,5,GTAATACTCGCCAACGTGGA,0,599397
araCp,0.16666666666666666,5,5,GTAAGGTCCATGGCGGCAGT,0,587254
araCp,0.16666666666666666,5,5,GTAACCTGTCTCGCTATGGT,0,536501
araCp,0.16666666666666666,5,5,GTAAACCATAAAGCTGGGGT,0,599480
araCp,0.16666666666666666,5,5,GGTTTGGCGCAGCTTTCAAT,0,585296
araCp,0.16666666666666666,5,5,GGTTGTATAGTCTTCCGAGG,0,525706
araCp,0.16666666666666666,5,5,GGTTGCCTTTCTCGATTTGG,0,585297
araCp,0.16666666666666666,5,5,GGTTGAGCGACAGAGATAGA,0,553290
araCp,0.16666666666666666,5,5,GGTTGACTTGCCGAGGCAGT,0,599496
araCp,0.16666666666666666,5,5,GGTTGACATGTTTACCAGTA,0,556474
araCp,0.16666666666666666,5,5,GGTGGCGAGGGGTATCTCGT,0,575285
araCp,0.16666666666666666,5,5,GGTGCTCAAAAGCGTCGTTC,0,533437
araCp,0.16666666666666666,5,5,GGTGCGTAGGAAGGGCACAT,0,542680
araCp,0.16666666666666666,5,5,GGTGACACGCGTTAATGCCA,0,551179
araCp,0.16666666666666666,5,5,GGTCTTCGACGGTGAAAATT,0,526981
araCp,0.16666666666666666,5,5,GGTCTGCTATGACGATGAGG,0,527539
araCp,0.16666666666666666,5,5,GGTCCTGAATCGGGACGTCT,0,580702
araCp,0.16666666666666666,5,5,GGTCCTACTCCAGGGGACGA,0,581681
araCp,0.16666666666666666,5,5,GGTCCAGGAGGACGACTTCA,0,578343
araCp,0.16666666666666666,5,5,GGTCACGGTACGTGGCCAAG,0,600724
araCp,0.16666666666666666,5,5,GGTCACGGCGACGTGCCGAG,0,562463
araCp,0.16666666666666666,5,5,GGTCAACGGTGGACACCTCA,0,558724
araCp,0.16666666666666666,5,5,GGTATCCTTAGCGTGCGGAA,0,564984
araCp,0.16666666666666666,5,5,GGTATATCATATGGGCACAA,0,576716
araCp,0.16666666666666666,5,5,GGTAGGTGGAGACGTAAGCT,0,529973
araCp,0.16666666666666666,5,5,GGTAGGCTGGGCGTCCCGGT,0,600592
araCp,0.16666666666666666,5,5,GGTAGGACTTGTTTTAGAGA,0,550210
araCp,0.16666666666666666,5,5,GGTAGGAATAGTTTCGGCAG,0,570642
araCp,0.16666666666666666,5,5,GGTAGCTTTGAGTAATGGAC,0,596289
araCp,0.16666666666666666,5,5,GGTACGACACTTTGCGGTAT,0,547569
araCp,0.16666666666666666,5,5,GGTACCAGCTCTATGCAAGT,0,537447
araCp,0.16666666666666666,5,5,GGTACACGGTGGTCTTGTAA,0,584901
araCp,0.16666666666666666,5,5,GGTAACTAAGTTTGACCTTG,0,546739
araCp,0.16666666666666666,5,5,GGGTTGCTATCAACAGGTGT,0,576225
araCp,0.16666666666666666,5,5,GGGTGATAAATCTAAGGTTT,0,548708
araCp,0.16666666666666666,5,5,GGGTCCGTGACGCTACGTGT,0,554345
araCp,0.16666666666666666,5,5,GGGTCCGGTATAGCTCTGCC,0,601730
araCp,0.16666666666666666,5,5,GGGTATTGGGGAGCTACTAG,0,581629
araCp,0.16666666666666666,5,5,GGGTAGTTGGATTGCGGAAA,0,575003
araCp,0.16666666666666666,5,5,GGGTAATCCACTTGCTCTCT,0,559888
araCp,0.16666666666666666,5,5,GGGGCGGGACCTGAAAAACT,0,570737
araCp,0.16666666666666666,5,5,GGGGCATTGTGGATTCATCC,0,570458
araCp,0.16666666666666666,5,5,GGGGCAGAAGGGACATGGAT,0,591168
araCp,0.16666666666666666,5,5,GGGCTTTTATACTTCTGGCT,0,529766
araCp,0.16666666666666666,5,5,GGGCTTAAACCGGCACCGAT,0,553365
araCp,0.16666666666666666,5,5,GGGCTGCCTAGGGCTACCAC,0,558054
araCp,0.16666666666666666,5,5,GGGCTGACAGAAACAATCAC,0,534029
araCp,0.16666666666666666,5,5,GGGCTAAACTCGACTTTTTC,0,549080
araCp,0.16666666666666666,5,5,GGGCATGCCGTGTGCGCCAG,0,551282
araCp,0.16666666666666666,5,5,GGGCAGGTTACGCATAACTC,0,547260
araCp,0.16666666666666666,5,5,GGGCAGGCATTTTCTTCGGT,0,600082
araCp,0.16666666666666666,5,5,GGGAGCCTACCCATCCACTT,0,527229
araCp,0.16666666666666666,5,5,GGGACGGCTATCCCAGTGCC,0,546498
araCp,0.16666666666666666,5,5,GGCTTCGAAATCTCAAAAAT,0,564784
araCp,0.16666666666666666,5,5,GGCTGTGTAGTCTATTTTTG,0,531655
araCp,0.16666666666666666,5,5,GGCTCTCATACCGGACATGA,0,564414
araCp,0.16666666666666666,5,5,GGCTCGACGTTGATACTCGA,0,532037
araCp,0.16666666666666666,5,5,GGCTCAGATATAACTATAGG,0,557295
araCp,0.16666666666666666,5,5,GGCTAGCCAATCTTATGGGT,0,577026
araCp,0.16666666666666666,5,5,GGCTAGAGGCAATTAACGAT,0,530577
araCp,0.16666666666666666,5,5,GGCTAGACAATGGAGTCGAA,0,578804
araCp,0.16666666666666666,5,5,GGCTAATCCGTCGCATTCTC,0,565813
araCp,0.16666666666666666,5,5,GGCTAACGGCTCGGTCGAGG,0,546251
araCp,0.16666666666666666,5,5,GGCGTGACAACTATCGGTGG,0,575438
araCp,0.16666666666666666,5,5,GGCGGGGCTAGCGACGGGCT,0,555651
araCp,0.16666666666666666,5,5,GGCGGGACGGTCAACTCTCA,0,527145
araCp,0.16666666666666666,5,5,GGCGCTCAAACGCGTGTCAA,0,565937
araCp,0.16666666666666666,5,5,GGCGCGACTGCGGCTTCTGG,0,576404
araCp,0.16666666666666666,5,5,GGCGCAGAGCATCGTCGAGA,0,581594
araCp,0.16666666666666666,5,5,GGCGAGAAACGTGACTGTTT,0,578112
araCp,0.16666666666666666,5,5,GGCGACACTGTCGGTCTGCA,0,539651
araCp,0.16666666666666666,5,5,GGCCAGGCTCCAGGCGGAGT,0,563492
araCp,0.16666666666666666,5,5,GGCCAAAGGGAATAGACACG,0,572083
araCp,0.16666666666666666,5,5,GGCATTCTGGAGTTTCACTG,0,591551
araCp,0.16666666666666666,5,5,GGCATGTTTCCCTAGACGCA,0,572808
araCp,0.16666666666666666,5,5,GGCATCCGTTTACGAACCTA,0,542460
araCp,0.16666666666666666,5,5,GGCAGTGACCTGCGGGCTAT,0,538300
araCp,0.16666666666666666,5,5,GGCAGGCACCCGCACACTCA,0,558018
araCp,0.16666666666666666,5,5,GGCACCTTGGTCGTTAGACG,0,595165
araCp,0.16666666666666666,5,5,GGCAATTAAGCCTGTGGTGC,0,601672
araCp,0.16666666666666666,5,5,GGCAATGATTTTAAATTTTA,0,546593
araCp,0.16666666666666666,5,5,GGCAATCAGTCGGCAGCAGT,0,537553
araCp,0.16666666666666666,5,5,GGATGTGAGGCACCTTCATC,0,561074
araCp,0.16666666666666666,5,5,GGATGGCTAAAGTCAGTAAC,0,599450
araCp,0.16666666666666666,5,5,GGATCAGCTTATCTCTCGGA,0,568696
araCp,0.16666666666666666,5,5,GGATACATTGTCCCAGACCT,0,590041
araCp,0.16666666666666666,5,5,GGATAACAAATCCGAGTCAG,0,594366
araCp,0.16666666666666666,5,5,GGAGGTAAAACCATTATCAG,0,527518
araCp,0.16666666666666666,5,5,GGAGGCTGCGATGGGATGGT,0,535999
araCp,0.16666666666666666,5,5,GGAGCTCGCGAAGAATATTG,0,568370
araCp,0.16666666666666666,5,5,GGAGCTAATCTAACTTTATA,0,548713
araCp,0.16666666666666666,5,5,GGAGAGGATAATACTTAAAA,0,598565
araCp,0.16666666666666666,5,5,GGACTTCGGGGGTAGGTCCC,0,567803
araCp,0.16666666666666666,5,5,GGACTGAACAGTCAGAATTC,0,590715
araCp,0.16666666666666666,5,5,GGACGACCGCCCTTACGTTT,0,532567
araCp,0.16666666666666666,5,5,GGACAGTATACTCACGTGAT,0,573121
araCp,0.16666666666666666,5,5,GGACAAGGCGTACTGTCTTT,0,601543
araCp,0.16666666666666666,5,5,GGAAGGTATGTTCCATTGGG,0,592386
araCp,0.16666666666666666,5,5,GGAAGGGCCCAGGCATCATA,0,558751
araCp,0.16666666666666666,5,5,GGAAGGCGGGAGTGCTCTTA,0,563156
araCp,0.16666666666666666,5,5,GGAACTTCGGCCGGCTCTAT,0,530515
araCp,0.16666666666666666,5,5,GGAACAGCTGACGGCCTTGT,0,569553
araCp,0.16666666666666666,5,5,GGAACAGATCAGAACTAGGT,0,593879
araCp,0.16666666666666666,5,5,GGAAACGCCGATTCGTCGCT,0,570857
araCp,0.16666666666666666,5,5,GCTTTGTTACATCATACTAA,0,595912
araCp,0.16666666666666666,5,5,GCTTTGGGTCTATAGCAGCT,0,581465
araCp,0.16666666666666666,5,5,GCTTTCCATATAGGCCATAA,0,595881
araCp,0.16666666666666666,5,5,GCTTGACAGAACACACTCTT,0,585215
araCp,0.16666666666666666,5,5,GCTTAATAGGGAGACTAAGA,0,591101
araCp,0.16666666666666666,5,5,GCTGGACATCGCACAGGGTA,0,602990
araCp,0.16666666666666666,5,5,GCTGCGGACGTCAGTGGTCC,0,550415
araCp,0.16666666666666666,5,5,GCTGCCGCGAGTTTGGTCTC,0,573076
araCp,0.16666666666666666,5,5,GCTGCCCCACCTAATGGCCA,0,564268
araCp,0.16666666666666666,5,5,GCTGACAGAGGGCCATCTTA,0,555832
araCp,0.16666666666666666,5,5,GCTCTAGGCATCAGGGAAGA,0,561226
araCp,0.16666666666666666,5,5,GCTCGTCTAAGGTAGGTATG,0,563820
araCp,0.16666666666666666,5,5,GCTCGGTATAGACTGTATAT,0,581541
araCp,0.16666666666666666,5,5,GCTCGAGGTCTAAAAGAAAC,0,598205
araCp,0.16666666666666666,5,5,GCTATGGCCTGGGGGACTTT,0,554300
araCp,0.16666666666666666,5,5,GCTATCTGGCGTGCTCGAAT,0,531014
araCp,0.16666666666666666,5,5,GCTAGGAGTACGACACGTTT,0,553039
araCp,0.16666666666666666,5,5,GCTAGCGGTCCTCTACTGGT,0,603409
araCp,0.16666666666666666,5,5,GCTAGACAGCCGGAGTTTCT,0,568069
araCp,0.16666666666666666,5,5,GCTACAGCGATCGCGTGTGA,0,531523
araCp,0.16666666666666666,5,5,GCTAATAGTCGTCAGCTTTA,0,546788
araCp,0.16666666666666666,5,5,GCTAACTCTCTGGATCTTAA,0,555249
araCp,0.16666666666666666,5,5,GCTAACTCTAGATCCACGGT,0,563390
araCp,0.16666666666666666,5,5,GCTAAAAAAAATTCACAAAT,0,559475
araCp,0.16666666666666666,5,5,GCGTTTGAAGCCACTAAGGT,0,553778
araCp,0.16666666666666666,5,5,GCGTTCTATCTCTTCATACT,0,585444
araCp,0.16666666666666666,5,5,GCGTTCAACCCCATAGATTG,0,570516
araCp,0.16666666666666666,5,5,GCGTTAGATTTCCCTGGGCC,0,561368
araCp,0.16666666666666666,5,5,GCGTGTCGCTCAGCTAGTGA,0,580049
araCp,0.16666666666666666,5,5,GCGTGTATATTGAGCGTGCG,0,579772
araCp,0.16666666666666666,5,5,GCGTCGGATACGGACGGGGT,0,566646
araCp,0.16666666666666666,5,5,GCGTAGGCCGCACCTTGTCT,0,585086
araCp,0.16666666666666666,5,5,GCGGTTCCTACACGCAAATC,0,556573
araCp,0.16666666666666666,5,5,GCGGTGACCAGCTTGCACAT,0,600777
araCp,0.16666666666666666,5,5,GCGGGCTTCTAATAGAGCCC,0,561179
araCp,0.16666666666666666,5,5,GCGGGCGCGTGACACCTCTG,0,551092
araCp,0.16666666666666666,5,5,GCGGGAACCCATCCGGTAAT,0,545802
araCp,0.16666666666666666,5,5,GCGGCATCAACAGTTGGAAG,0,545315
araCp,0.16666666666666666,5,5,GCGGATATTAAACTCTCCCT,0,563785
araCp,0.16666666666666666,5,5,GCGGAGAACGATGAACTTCC,0,540302
araCp,0.16666666666666666,5,5,GCGCTTAAACTGCGGCGTCC,0,553526
araCp,0.16666666666666666,5,5,GCGCTCCGTAGTGGCAGCTA,0,599210
araCp,0.16666666666666666,5,5,GCGCGGTAATAGGCCCCTTT,0,592276
araCp,0.16666666666666666,5,5,GCGCGCCCATAAGAGTCCAG,0,540720
araCp,0.16666666666666666,5,5,GCGCGACGTGGGAGTAATAT,0,579976
araCp,0.16666666666666666,5,5,GCGCCTTCCTATTGATCGAC,0,557303
araCp,0.16666666666666666,5,5,GCGCACATACTATTGTGCGA,0,583728
araCp,0.16666666666666666,5,5,GCGCACACATTACCTGAGTA,0,583927
araCp,0.16666666666666666,5,5,GCGCAAGACGCTGACTGGAT,0,582126
araCp,0.16666666666666666,5,5,GCGATCGTACGTAGTGCGCA,0,580825
araCp,0.16666666666666666,5,5,GCCTGGTGGGAGCAACCGTT,0,581123
araCp,0.16666666666666666,5,5,GCCTGACTATCGCTCTGCGA,0,569616
araCp,0.16666666666666666,5,5,GCCTCTTGACGCAGATGCGG,0,541211
araCp,0.16666666666666666,5,5,GCCTCTATAGATCACATTCA,0,527142
araCp,0.16666666666666666,5,5,GCCTCGCATTACAGGCGGGT,0,564600
araCp,0.16666666666666666,5,5,GCCTACTACGCAAGTTCATG,0,577868
araCp,0.16666666666666666,5,5,GCCGTAACTCAGCGCGATTC,0,579975
araCp,0.16666666666666666,5,5,GCCGGAGCACTGGCCCAGGA,0,526215
araCp,0.16666666666666666,5,5,GCCGGACGGATAATATGGCT,0,585719
araCp,0.16666666666666666,5,5,GCCCTCACTCCGAAATGTCC,0,567329
araCp,0.16666666666666666,5,5,GCCCGCTTGTCTACTACGTC,0,573300
araCp,0.16666666666666666,5,5,GCCCGCGCTTTTCAGTGTTG,0,573833
araCp,0.16666666666666666,5,5,GCCCGCGAAACTGTTACCGT,0,602193
araCp,0.16666666666666666,5,5,GCCCCTTTCCGGCAGCGTGC,0,530473
araCp,0.16666666666666666,5,5,GCCATTTCCGATCCCCGCCT,0,548796
araCp,0.16666666666666666,5,5,GCCATATACGCCATCTTCGC,0,600317
araCp,0.16666666666666666,5,5,GCCAGGAGAGGGTTTGACGA,0,575259
araCp,0.16666666666666666,5,5,GCCACGATTTCACAAAAAGA,0,600561
araCp,0.16666666666666666,5,5,GCCAATTCAATGCTTACGGC,0,576041
araCp,0.16666666666666666,5,5,GCATTGGTACGTACATATGC,0,593333
araCp,0.16666666666666666,5,5,GCATGGGGCGCATGGTGATT,0,560403
araCp,0.16666666666666666,5,5,GCATCGCTACGAACCACAAC,0,533674
araCp,0.16666666666666666,5,5,GCATCCACAATAGACTCAGC,0,577648
araCp,0.16666666666666666,5,5,GCATACCCGGGCAACATGCC,0,584841
araCp,0.16666666666666666,5,5,GCATACATGTTACGTAGGTC,0,560208
araCp,0.16666666666666666,5,5,GCAGTGGTGATTGTCCGGTG,0,584680
araCp,0.16666666666666666,5,5,GCAGTGACAACACCAATTGA,0,546129
araCp,0.16666666666666666,5,5,GCAGTCTTACGCCCGACTGA,0,578208
araCp,0.16666666666666666,5,5,GCAGTCTATGGTTTGTTCGT,0,533308
araCp,0.16666666666666666,5,5,GCAGTAGACCTAGCGAGACA,0,579181
araCp,0.16666666666666666,5,5,GCAGCTACACCTGGCAGGTC,0,570694
araCp,0.16666666666666666,5,5,GCAGATGATAAATTGGCCTG,0,557359
araCp,0.16666666666666666,5,5,GCACTTCGCGTACGCGCGTG,0,556856
araCp,0.16666666666666666,5,5,GCACTGGGGTGGAAGTCATG,0,558178
araCp,0.16666666666666666,5,5,GCACGGGATAAAAAGTGTAT,0,526367
araCp,0.16666666666666666,5,5,GCACCCGGATAACCCTAGAC,0,560790
araCp,0.16666666666666666,5,5,GCACCCACTCACCACGACGT,0,554414
araCp,0.16666666666666666,5,5,GCACACTTGTGGAATAGGGA,0,581729
araCp,0.16666666666666666,5,5,GCAATATCAGGAACTCGAGC,0,533348
araCp,0.16666666666666666,5,5,GCAACCAGCGACGCTGTCTA,0,578339
araCp,0.16666666666666666,5,5,GATTACGCTAATGCGTGTAG,0,551011
araCp,0.16666666666666666,5,5,GATGTGATGCTTCCCCGACT,0,541132
araCp,0.16666666666666666,5,5,GATGTCATAAGGCCATCGCA,0,550889
araCp,0.16666666666666666,5,5,GATGTAGACAGTAGGTGATA,0,563929
araCp,0.16666666666666666,5,5,GATGGTATAGGAATTTGGCT,0,569712
araCp,0.16666666666666666,5,5,GATGGGATGCTTTGGCGGCA,0,535846
araCp,0.16666666666666666,5,5,GATGGCCCGAGAGTTAAAAC,0,577867
araCp,0.16666666666666666,5,5,GATGATCGCTTCACATCAAA,0,560368
araCp,0.16666666666666666,5,5,GATGACGCTGAGTCAGAGGC,0,527563
araCp,0.16666666666666666,5,5,GATCTTTCATTAAATAGGCC,0,597538
araCp,0.16666666666666666,5,5,GATCTCGGCCGTGACATGAT,0,560975
araCp,0.16666666666666666,5,5,GATCGGTGTGGTAATAGCAT,0,527395
araCp,0.16666666666666666,5,5,GATCGATAACCCTGGTGGTT,0,526533
araCp,0.16666666666666666,5,5,GATCGAGCGCCGATGATAAC,0,580880
araCp,0.16666666666666666,5,5,GATCCGTACCATCGGGGTTG,0,568419
araCp,0.16666666666666666,5,5,GATCCGCCAACACTTAGCGT,0,589525
araCp,0.16666666666666666,5,5,GATCCAACAAGGGTCGCGTG,0,582869
araCp,0.16666666666666666,5,5,GATCAGAAAAGATGGTCAGA,0,575291
araCp,0.16666666666666666,5,5,GATCACTCATTTACTCTTTC,0,563849
araCp,0.16666666666666666,5,5,GATAGCAGGGCATGTCAGAT,0,592914
araCp,0.16666666666666666,5,5,GATACGATTCTCTCGCTGAA,0,572729
araCp,0.16666666666666666,5,5,GATAACGTTAGGCAGTGCGT,0,529624
araCp,0.16666666666666666,5,5,GATAACCTGAGAAGGCGTTA,0,542566
araCp,0.16666666666666666,5,5,GATAACAGGGTATTTTCAAG,0,526046
araCp,0.16666666666666666,5,5,GATAAACTTGCCCGTAATGT,0,578819
araCp,0.16666666666666666,5,5,GAGTTCCGATTGTTGCATGG,0,567126
araCp,0.16666666666666666,5,5,GAGTTAGACGGCCGGCTACT,0,569905
araCp,0.16666666666666666,5,5,GAGTGAAGTAGATATGTTAG,0,569149
araCp,0.16666666666666666,5,5,GAGTAGGTGGGGAGTCAAGG,0,575698
araCp,0.16666666666666666,5,5,GAGGTAACTGAACCATCCAA,0,577841
araCp,0.16666666666666666,5,5,GAGGGTGCGACAAGTAATTA,0,574019
araCp,0.16666666666666666,5,5,GAGGCGATTGGTGTATAGCG,0,552356
araCp,0.16666666666666666,5,5,GAGGCGATAGTTGCGACCGA,0,553361
araCp,0.16666666666666666,5,5,GAGGCGAATCGAGACCCTTT,0,575940
araCp,0.16666666666666666,5,5,GAGGATCGGTCTAACTCGAA,0,595603
araCp,0.16666666666666666,5,5,GAGCTGGCCCACAACAAGAA,0,567388
araCp,0.16666666666666666,5,5,GAGCTCAAAGACCGAACCCC,0,573302
araCp,0.16666666666666666,5,5,GAGCTAGTCCCAAGGGTCGT,0,543832
araCp,0.16666666666666666,5,5,GAGCGTCGAACTGACAAGGC,0,528760
araCp,0.16666666666666666,5,5,GAGCGCCCGATATCAAGTAC,0,542258
araCp,0.16666666666666666,5,5,GAGCCCTTGAGTTAACTGCT,0,597288
araCp,0.16666666666666666,5,5,GAGCAGGTCGCGACGTCTGG,0,552304
araCp,0.16666666666666666,5,5,GAGCACATCGGTCCTGTGGA,0,536016
araCp,0.16666666666666666,5,5,GAGATAAGCTGCAAGTATGA,0,547048
araCp,0.16666666666666666,5,5,GAGAGGGCTAACATGGATTC,0,543570
araCp,0.16666666666666666,5,5,GAGAGAGAAACTCAAAAAAG,0,549288
araCp,0.16666666666666666,5,5,GAGACTTTACAGTAGTCGAT,0,542324
araCp,0.16666666666666666,5,5,GAGACCGGGAATGTTCAGGG,0,581773
araCp,0.16666666666666666,5,5,GAGAAAAGGTGTATCCCAGC,0,535582
araCp,0.16666666666666666,5,5,GACTGTTTAACTAGAGTTTA,0,596298
araCp,0.16666666666666666,5,5,GACTGGGCCGGCCTGACGAA,0,537586
araCp,0.16666666666666666,5,5,GACTGAGGTGTACACAAACA,0,563271
araCp,0.16666666666666666,5,5,GACTATTTTTTTATCAGCGG,0,600814
araCp,0.16666666666666666,5,5,GACTAGCGCCGGCAATCGGC,0,563427
araCp,0.16666666666666666,5,5,GACGTGTGCTATAATAAAGA,0,551153
araCp,0.16666666666666666,5,5,GACGTCTGAGCCGAATGTAT,0,555490
araCp,0.16666666666666666,5,5,GACGTAAACCAGCTCATGCA,0,552647
araCp,0.16666666666666666,5,5,GACGCGGCTTTGCCTAGGGC,0,537025
araCp,0.16666666666666666,5,5,GACCTCACCGTAACTAGCCA,0,597256
araCp,0.16666666666666666,5,5,GACCGGCACAGAATGCCCTC,0,548410
araCp,0.16666666666666666,5,5,GACCGCGAAAGATGGTACAC,0,554532
araCp,0.16666666666666666,5,5,GACCCTGCGCTTCCACCAAG,0,554357
araCp,0.16666666666666666,5,5,GACCCCATGTAGCTAACCGT,0,562179
araCp,0.16666666666666666,5,5,GACCCAAGTGCTCAATTTTT,0,549295
araCp,0.16666666666666666,5,5,GACCATGAGTCAGCCCTCTA,0,578985
araCp,0.16666666666666666,5,5,GACCATCGCTGATTCCTTCT,0,593372
araCp,0.16666666666666666,5,5,GACCAATTAAACCTCTACAG,0,588967
araCp,0.16666666666666666,5,5,GACCAAGAGCGTAGCCGATA,0,545086
araCp,0.16666666666666666,5,5,GACAGTCTAAATCTACGTTA,0,567475
araCp,0.16666666666666666,5,5,GACAGCACGGTACGTTTGCC,0,585016
araCp,0.16666666666666666,5,5,GACAGATATCAGAAGACGCA,0,549150
araCp,0.16666666666666666,5,5,GACACGACGAAGCGCCCTAG,0,562187
araCp,0.16666666666666666,5,5,GACACCATTTTTAGTTTTCG,0,595254
araCp,0.16666666666666666,5,5,GACACAGGGCTTCCGAGATG,0,561706
araCp,0.16666666666666666,5,5,GACAAGCTCTGTGTATATCC,0,601803
araCp,0.16666666666666666,5,5,GAATTCCCCGGACCTCCAGC,0,599984
araCp,0.16666666666666666,5,5,GAATCGTCAAAGTACGAACT,0,535712
araCp,0.16666666666666666,5,5,GAATCAATGAATTGGGTGAC,0,570489
araCp,0.16666666666666666,5,5,GAAGTGTATGCATCAGAATG,0,535850
araCp,0.16666666666666666,5,5,GAAGTGGCATAGTCCGGCCT,0,588703
araCp,0.16666666666666666,5,5,GAAGGGGCCGGCAAAAGTGG,0,568880
araCp,0.16666666666666666,5,5,GAAGGAGGAGAGTCCCCTGT,0,589806
araCp,0.16666666666666666,5,5,GAAGATGTTCTGGTGCCCCC,0,542929
araCp,0.16666666666666666,5,5,GAAGAATTTCAACGTTAGTC,0,547011
araCp,0.16666666666666666,5,5,GAACTATCTTCTACGGCTAA,0,562406
araCp,0.16666666666666666,5,5,GAACGGTTATATGCTATCTA,0,557648
araCp,0.16666666666666666,5,5,GAACGGAGTGTTACAAACGG,0,592272
araCp,0.16666666666666666,5,5,GAACCTTTCCAGCATAAGTT,0,590473
araCp,0.16666666666666666,5,5,GAACAGCATGCGTGTCCGCT,0,602729
araCp,0.16666666666666666,5,5,GAAATTTCTCATTCGTTAGA,0,579983
araCp,0.16666666666666666,5,5,GAAATCGTTTCCGCGGCGTT,0,594304
araCp,0.16666666666666666,5,5,GAAATACAAAGTCAGGTGGA,0,552236
araCp,0.16666666666666666,5,5,GAAAGCATCCCTCCTGGCTT,0,557052
araCp,0.16666666666666666,5,5,GAAAGAGTCCTTATGTCTTA,0,600075
araCp,0.16666666666666666,5,5,GAAACTATTGTGCAAGCGGA,0,542364
araCp,0.16666666666666666,5,5,GAAAAAAATTAGGGCGCCGC,0,557624
araCp,0.16666666666666666,5,5,CTTTTTTGGTGATCGTGCGA,0,546166
araCp,0.16666666666666666,5,5,CTTTTTTCTATCTGTAACAT,0,568674
araCp,0.16666666666666666,5,5,CTTTTAAGCGTATGTTCACA,0,535424
araCp,0.16666666666666666,5,5,CTTTGGATGACTAGCATTAC,0,583191
araCp,0.16666666666666666,5,5,CTTTCCCGCATAAGACCATT,0,555685
araCp,0.16666666666666666,5,5,CTTTCAAGAGAGTATGGTCG,0,592888
araCp,0.16666666666666666,5,5,CTTTAACACGGGGGCGGACA,0,583431
araCp,0.16666666666666666,5,5,CTTGGACTGGTGACGTCGAG,0,572690
araCp,0.16666666666666666,5,5,CTTGCGTGTAGGTACGTGAG,0,533954
araCp,0.16666666666666666,5,5,CTTGCATGGGTCAAAGAGGG,0,548494
araCp,0.16666666666666666,5,5,CTTCTAGAGCAATGCATAAG,0,525636
araCp,0.16666666666666666,5,5,CTTCGATGTATCATTGATGC,0,592489
araCp,0.16666666666666666,5,5,CTTCACAGCCTACGCACGGC,0,593341
araCp,0.16666666666666666,5,5,CTTAGGGCGGGATGCCGGTT,0,554735
araCp,0.16666666666666666,5,5,CTTACTTTTGAATGTATATA,0,561783
araCp,0.16666666666666666,5,5,CTTAACATGTAGTAGCCAGT,0,579409
araCp,0.16666666666666666,5,5,CTGTTAAGCGGGACAACAAT,0,556807
araCp,0.16666666666666666,5,5,CTGTGAAGTCTGCACGATAG,0,534240
araCp,0.16666666666666666,5,5,CTGTCAACGTGTGGTAATGC,0,555031
araCp,0.16666666666666666,5,5,CTGTATCCGTGCCGCACACA,0,585498
araCp,0.16666666666666666,5,5,CTGTACGCGGTCGCGGAATG,0,572396
araCp,0.16666666666666666,5,5,CTGTACCGTCAGATTGTTTT,0,527328
araCp,0.16666666666666666,5,5,CTGGTTAGACGACTGCTTAC,0,595678
araCp,0.16666666666666666,5,5,CTGGTGGAAAGGGAATACGC,0,583511
araCp,0.16666666666666666,5,5,CTGGGATTACCGTGCACGTT,0,597608
araCp,0.16666666666666666,5,5,CTGGAGTTTACCAGATAGTA,0,565816
araCp,0.16666666666666666,5,5,CTGCTTACCTGTACCAGACA,0,532451
araCp,0.16666666666666666,5,5,CTGCGCGGAGGGCACTGCGA,0,586691
araCp,0.16666666666666666,5,5,CTGCCGGAAGGATCTAAGAA,0,585665
araCp,0.16666666666666666,5,5,CTGCATAAACATAATTAGGC,0,581475
araCp,0.16666666666666666,5,5,CTGATTGTGCGGCACCGGGA,0,573443
araCp,0.16666666666666666,5,5,CTGATTAAGCACCTTTGGAT,0,553924
araCp,0.16666666666666666,5,5,CTGATGGACCACTAGAGGAA,0,570834
araCp,0.16666666666666666,5,5,CTGATACATATTTGCTGAAT,0,532617
araCp,0.16666666666666666,5,5,CTGAGGGCTAGTATACCTTG,0,562218
araCp,0.16666666666666666,5,5,CTGAGGACCACCTATTGATC,0,593919
araCp,0.16666666666666666,5,5,CTGAGCATCGGATTCGGCCA,0,533952
araCp,0.16666666666666666,5,5,CTGACTCTCACATCGCGACC,0,598900
araCp,0.16666666666666666,5,5,CTGACGTCGTGGTCGCCAAC,0,555571
araCp,0.16666666666666666,5,5,CTGACAACTGAAGAAGCTGC,0,535228
araCp,0.16666666666666666,5,5,CTGAACAGTTATCTCGCCTA,0,595495
araCp,0.16666666666666666,5,5,CTGAAACTCGACAAGAGTAG,0,525957
araCp,0.16666666666666666,5,5,CTCTTAGTGGAAGGGTCTGA,0,558819
araCp,0.16666666666666666,5,5,CTCTGGGTCCCTAGGCCTCT,0,563027
araCp,0.16666666666666666,5,5,CTCTGGCCAAGTAGTCTATT,0,599352
araCp,0.16666666666666666,5,5,CTCTGCGAAACTCTCATTAA,0,532146
araCp,0.16666666666666666,5,5,CTCTCCCCGGTAAAGGTGGG,0,539889
araCp,0.16666666666666666,5,5,CTCTCATAGACAAGGTACAC,0,538331
araCp,0.16666666666666666,5,5,CTCTCAGCAGTTAGGGCAAT,0,548301
araCp,0.16666666666666666,5,5,CTCTATTTGGAAATCTTGCG,0,549148
araCp,0.16666666666666666,5,5,CTCTATCTCGAGGGGTGGCC,0,534010
araCp,0.16666666666666666,5,5,CTCGTTTTGAGGCGCTATGA,0,581180
araCp,0.16666666666666666,5,5,CTCGTTTTCCCAACGGAAAA,0,577212
araCp,0.16666666666666666,5,5,CTCGGTAAAGGCTCGGATTC,0,575759
araCp,0.16666666666666666,5,5,CTCGCTCGACGGTACTTAGG,0,583325
araCp,0.16666666666666666,5,5,CTCGCATCTACGGCAAAGGT,0,560589
araCp,0.16666666666666666,5,5,CTCGAGCTGCATATGCGGCT,0,572533
araCp,0.16666666666666666,5,5,CTCCTTAAAGGGATATATTT,0,597294
araCp,0.16666666666666666,5,5,CTCCTCCCTACATGTAATTT,0,584936
araCp,0.16666666666666666,5,5,CTCCGTGTACTTGGGAACAG,0,543812
araCp,0.16666666666666666,5,5,CTCCGGAGGATACTCAGGCG,0,578143
araCp,0.16666666666666666,5,5,CTCCCTAGAGTTGTGGGTTT,0,598634
araCp,0.16666666666666666,5,5,CTCCAGGTAGGTCCTGTAAT,0,566730
araCp,0.16666666666666666,5,5,CTCCACAGCCCGACCGGAAA,0,549233
araCp,0.16666666666666666,5,5,CTCCAAGAATCTAGCCTGAA,0,548768
araCp,0.16666666666666666,5,5,CTCAGATTTTAAAGCTAGAC,0,600634
araCp,0.16666666666666666,5,5,CTCACTGCATATCGATTCCG,0,589365
araCp,0.16666666666666666,5,5,CTCACTAATTTTCAGGTTAA,0,547848
araCp,0.16666666666666666,5,5,CTCAACGGGCTTCACCAGGA,0,544630
araCp,0.16666666666666666,5,5,CTATTTTAGCTACCGGGGCT,0,526334
araCp,0.16666666666666666,5,5,CTATTTACACTTTCGAATCT,0,545167
araCp,0.16666666666666666,5,5,CTATTGTTGAAGGGTCCGCG,0,551962
araCp,0.16666666666666666,5,5,CTATTAGAGTCAGTACTGTC,0,578267
araCp,0.16666666666666666,5,5,CTATGCTCCATTGCGGGTTA,0,564715
araCp,0.16666666666666666,5,5,CTATGAATCGATCGATGGGA,0,568001
araCp,0.16666666666666666,5,5,CTATCCCTGAAAAATGCAGT,0,550639
araCp,0.16666666666666666,5,5,CTAGTGTTGAAATCCGCACA,0,550093
araCp,0.16666666666666666,5,5,CTAGGTGTTACGTTATAGGG,0,576209
araCp,0.16666666666666666,5,5,CTAGGGTGGTTGGTTAAGCA,0,597397
araCp,0.16666666666666666,5,5,CTAGGCACCTGGTTTTTAGA,0,582015
araCp,0.16666666666666666,5,5,CTAGCATTTTATGGGAAGTA,0,554344
araCp,0.16666666666666666,5,5,CTAGCATAGTGGAGGCTCCA,0,590180
araCp,0.16666666666666666,5,5,CTAGAGTTTGTACTGTCCTT,0,575989
araCp,0.16666666666666666,5,5,CTACTTAATGTTAGTGGCGT,0,587975
araCp,0.16666666666666666,5,5,CTACCGGCTTGAGTGCCTTT,0,597510
araCp,0.16666666666666666,5,5,CTACACGACTCCATGGCCAA,0,601451
araCp,0.16666666666666666,5,5,CTAATGGCCGATGAACAGGT,0,550431
araCp,0.16666666666666666,5,5,CTAATCATACCCTCATTCTG,0,581625
araCp,0.16666666666666666,5,5,CTAAGCATTAGGGAACGCTA,0,579298
araCp,0.16666666666666666,5,5,CTAACGGATTGCGATGGTGT,0,548878
araCp,0.16666666666666666,5,5,CGTTTGTCACATAAAGGCCT,0,601954
araCp,0.16666666666666666,5,5,CGTTTGTATCTTACTTACCA,0,549633
araCp,0.16666666666666666,5,5,CGTTTCCGACTCCCTGCTCA,0,563650
araCp,0.16666666666666666,5,5,CGTTGGTCCCATTCTGATCC,0,588948
araCp,0.16666666666666666,5,5,CGTTGATCTTCAGTTCGCCC,0,556757
araCp,0.16666666666666666,5,5,CGTTCGCGACGTCACCAGTG,0,590781
araCp,0.16666666666666666,5,5,CGTTATATAGAATTTCTCTA,0,590443
araCp,0.16666666666666666,5,5,CGTTACGATACAGCGAGATA,0,535426
araCp,0.16666666666666666,5,5,CGTTACCAGACTGCCAAAAG,0,566869
araCp,0.16666666666666666,5,5,CGTTAAACCCCCGGCGGGCA,0,554265
araCp,0.16666666666666666,5,5,CGTGTTGGAAATCGTGTTTA,0,596397
araCp,0.16666666666666666,5,5,CGTGGGTCTTTCGTGCCTTG,0,556469
araCp,0.16666666666666666,5,5,CGTGGAGGCCAGATAACTCC,0,559199
araCp,0.16666666666666666,5,5,CGTGGAACTCCACGCCGTTT,0,569291
araCp,0.16666666666666666,5,5,CGTCTTAGCGATCACTGCAT,0,602036
araCp,0.16666666666666666,5,5,CGTCTAAATGGAGATCATGT,0,560396
araCp,0.16666666666666666,5,5,CGTCGGACGTCCATATAATC,0,581525
araCp,0.16666666666666666,5,5,CGTCCTACGTGCGCTTGAGG,0,560866
araCp,0.16666666666666666,5,5,CGTCCGATAAGTCATACTCA,0,590340
araCp,0.16666666666666666,5,5,CGTCCCACAGCCCGATGCTG,0,585829
araCp,0.16666666666666666,5,5,CGTATTTTAATAGGCGAACC,0,554511
araCp,0.16666666666666666,5,5,CGTATTTACTCAGTTGTAAA,0,552094
araCp,0.16666666666666666,5,5,CGTATGATCGTAACGTTTTC,0,550932
araCp,0.16666666666666666,5,5,CGTATCGTGCTCACCCGAGC,0,547809
araCp,0.16666666666666666,5,5,CGTAGCGTATCTCGTTTTCG,0,569062
araCp,0.16666666666666666,5,5,CGTAGATTCATAGGCATCAT,0,589795
araCp,0.16666666666666666,5,5,CGTAGAATCATTACTACCGG,0,570475
araCp,0.16666666666666666,5,5,CGTACATTCGGCTCCTACGC,0,601740
araCp,0.16666666666666666,5,5,CGTACATCCTACGCAGAAGG,0,528400
araCp,0.16666666666666666,5,5,CGTACACGTCCATATGGGAA,0,575711
araCp,0.16666666666666666,5,5,CGGTCTCGGACCTGTAAGCG,0,593392
araCp,0.16666666666666666,5,5,CGGTCAGTATATTTTCCATT,0,587385
araCp,0.16666666666666666,5,5,CGGTATAACATTGAACGGAA,0,528208
araCp,0.16666666666666666,5,5,CGGGTCACATTAAGTAGGGT,0,580919
araCp,0.16666666666666666,5,5,CGGGTACACAATTTCACAAA,0,537981
araCp,0.16666666666666666,5,5,CGGGGTAACTACAATCTAGG,0,593268
araCp,0.16666666666666666,5,5,CGGGGGCGTACTCCCTGTTT,0,579229
araCp,0.16666666666666666,5,5,CGGGCGTGGTTAGTCTAGTA,0,555946
araCp,0.16666666666666666,5,5,CGGGCGCTACTTGAGTTCGG,0,573627
araCp,0.16666666666666666,5,5,CGGGCCACGACGCGCTCCCA,0,574490
araCp,0.16666666666666666,5,5,CGGGCAGGGATCAGAGTCAC,0,526660
araCp,0.16666666666666666,5,5,CGGGAGGAGGCCGGTTTTGA,0,579951
araCp,0.16666666666666666,5,5,CGGGACATTTATAGGGCATA,0,560565
araCp,0.16666666666666666,5,5,CGGCTTGCAGGAAATACTTG,0,583245
araCp,0.16666666666666666,5,5,CGGCTGGAGTTGAACCGGCT,0,581914
araCp,0.16666666666666666,5,5,CGGCGTTGGAGTTGATAGGA,0,551544
araCp,0.16666666666666666,5,5,CGGCGGGTGAGAGAGCCTAT,0,600326
araCp,0.16666666666666666,5,5,CGGCGCCAAAGCAGCTGGAA,0,592625
araCp,0.16666666666666666,5,5,CGGCAGTTTACGCCTATTCT,0,583985
araCp,0.16666666666666666,5,5,CGGCAGACTCATAGTCTTGA,0,599549
araCp,0.16666666666666666,5,5,CGGATGCAAGAACCTACCCA,0,546201
araCp,0.16666666666666666,5,5,CGGAATTTCCCCTTCTCTCC,0,529842
araCp,0.16666666666666666,5,5,CGCTTTCGGACTCGAAAATC,0,545316
araCp,0.16666666666666666,5,5,CGCTTCCCGGGCGTGTGACG,0,571801
araCp,0.16666666666666666,5,5,CGCTTCCATATAGACATATA,0,599647
araCp,0.16666666666666666,5,5,CGCTGTTGCGCTCTAAACGA,0,565184
araCp,0.16666666666666666,5,5,CGCTGCACGAAGGGGCCGGA,0,556516
araCp,0.16666666666666666,5,5,CGCTCAGGAGGGGGGTGTGC,0,557121
araCp,0.16666666666666666,5,5,CGCGTCCGTCTATTAGGGGG,0,581568
araCp,0.16666666666666666,5,5,CGCGTACTGCCAACACGCGG,0,529503
araCp,0.16666666666666666,5,5,CGCGGTCTGAAAACGGATGG,0,538847
araCp,0.16666666666666666,5,5,CGCGCTGGGAGCCGCGGAAT,0,566144
araCp,0.16666666666666666,5,5,CGCGATTGGGAAGATAGTGA,0,550778
araCp,0.16666666666666666,5,5,CGCGACTATCCATCTTTCTA,0,532765
araCp,0.16666666666666666,5,5,CGCGACAGCTTTACGGTCCG,0,571502
araCp,0.16666666666666666,5,5,CGCCGCAGGTCTGCAGTGTG,0,563089
araCp,0.16666666666666666,5,5,CGCCAGAGCTTCGGTACGGG,0,566270
araCp,0.16666666666666666,5,5,CGCATTGCTACCGGACGTCA,0,598792
araCp,0.16666666666666666,5,5,CGCAGTCTTACAACTACTAG,0,586142
araCp,0.16666666666666666,5,5,CGCAGGGATGATAGTATTAC,0,538141
araCp,0.16666666666666666,5,5,CGCAGAGAAGGCGTGGGTTA,0,575877
araCp,0.16666666666666666,5,5,CGCACTAGGTTTATTTGGGA,0,589612
araCp,0.16666666666666666,5,5,CGCAAAGCTCTGACTTAGGC,0,572745
araCp,0.16666666666666666,5,5,CGATTTATACAATCTCGAGT,0,539417
araCp,0.16666666666666666,5,5,CGATTTAAGTTCCGGTAAGA,0,563420
araCp,0.16666666666666666,5,5,CGATTAGCTCGTGGATGCAG,0,533659
araCp,0.16666666666666666,5,5,CGATCTGTTGCTTTTGAATG,0,550394
araCp,0.16666666666666666,5,5,CGATCAGTCGGCTTCAACGT,0,539321
araCp,0.16666666666666666,5,5,CGATATGTCGGACCTGTCGT,0,547238
araCp,0.16666666666666666,5,5,CGATAGTAGCGAGGTAACTT,0,553199
araCp,0.16666666666666666,5,5,CGATAGAACGTCAACAGCAG,0,531535
araCp,0.16666666666666666,5,5,CGATACTGTTTAGTCCACTT,0,556991
araCp,0.16666666666666666,5,5,CGATAATTGCAATAGTAAGA,0,533047
araCp,0.16666666666666666,5,5,CGATAAGTGATTACGGATTA,0,561094
araCp,0.16666666666666666,5,5,CGAGTCTAAACAACGGTAGC,0,586193
araCp,0.16666666666666666,5,5,CGAGTCCAGGGCTACCCCAA,0,571601
araCp,0.16666666666666666,5,5,CGAGGCCAGATAGTTCTGAG,0,556941
araCp,0.16666666666666666,5,5,CGAGGAGCTGTAGCCCCTTG,0,585097
araCp,0.16666666666666666,5,5,CGAGCGTGACGACACTTACA,0,602150
araCp,0.16666666666666666,5,5,CGACTGAGCTTTGATCCGGG,0,525575
araCp,0.16666666666666666,5,5,CGACTCCGGGTATCCGCTAA,0,525885
araCp,0.16666666666666666,5,5,CGACTATCACCCATGGGAAA,0,597681
araCp,0.16666666666666666,5,5,CGACGCATATGTGAGTGAGG,0,582766
araCp,0.16666666666666666,5,5,CGAATGTAAGGCTATGACAA,0,534159
araCp,0.16666666666666666,5,5,CGAATGGAAGATATTCCACG,0,567844
araCp,0.16666666666666666,5,5,CGAATGAGATAAAATTCCGT,0,594968
araCp,0.16666666666666666,5,5,CGAAAGGGTACATTAGGATT,0,570504
araCp,0.16666666666666666,5,5,CGAAAGGGGGATGATTGACA,0,540077
araCp,0.16666666666666666,5,5,CGAAAGCTAGAGCAGAATTT,0,548354
araCp,0.16666666666666666,5,5,CGAAACGCGCATAAGGTTGA,0,603244
araCp,0.16666666666666666,5,5,CGAAAACCGGCAGTCACAGT,0,570721
araCp,0.16666666666666666,5,5,CCTTTGCCGTCACACGATTA,0,542644
araCp,0.16666666666666666,5,5,CCTTGTTCGGCCCCATTAGA,0,571140
araCp,0.16666666666666666,5,5,CCTTGATTTAGTGTTTTCTA,0,561184
araCp,0.16666666666666666,5,5,CCTTCAGTTTAACTGATAAC,0,602791
araCp,0.16666666666666666,5,5,CCTTAATGGAGCATTTACAA,0,532125
araCp,0.16666666666666666,5,5,CCTGGACTAATATTCACCGA,0,543324
araCp,0.16666666666666666,5,5,CCTGATCCCGGTCACGTCAG,0,593742
araCp,0.16666666666666666,5,5,CCTGACGGTTTGTCAGAACA,0,538935
araCp,0.16666666666666666,5,5,CCTCTCCGATAAGCGGGGAG,0,526318
araCp,0.16666666666666666,5,5,CCTCGGGACGAGGGTGGTCG,0,576752
araCp,0.16666666666666666,5,5,CCTCGCGCGTTCATGTCGTA,0,556897
araCp,0.16666666666666666,5,5,CCTAGGTTCTGAGCTTTGAT,0,580042
araCp,0.16666666666666666,5,5,CCTAGCTAGCTAGCATTTTA,0,529612
araCp,0.16666666666666666,5,5,CCTAAGGCTATGCCATTAGG,0,568369
araCp,0.16666666666666666,5,5,CCGTTCGAGCACTAAAAAGC,0,572648
araCp,0.16666666666666666,5,5,CCGTTAGATTGAATCTAAAA,0,581584
araCp,0.16666666666666666,5,5,CCGTGACCCGACTTTGGTCA,0,582397
araCp,0.16666666666666666,5,5,CCGTCTTCCAAAATCCTCGA,0,546695
araCp,0.16666666666666666,5,5,CCGTCACCCTTTACGGCCGA,0,531984
araCp,0.16666666666666666,5,5,CCGTACTCTACCTAGGGACG,0,596652
araCp,0.16666666666666666,5,5,CCGGTCAAGTGGGCTGGTGC,0,564643
araCp,0.16666666666666666,5,5,CCGGTACTTTATCCATGATG,0,570536
araCp,0.16666666666666666,5,5,CCGGGGTCATTTAGAGAGAT,0,587315
araCp,0.16666666666666666,5,5,CCGGGGGATCATGCTTTCTT,0,533895
araCp,0.16666666666666666,5,5,CCGGGGAGTCCACGTTACTG,0,536255
araCp,0.16666666666666666,5,5,CCGGCTTCCCCGGCCATAAG,0,581107
araCp,0.16666666666666666,5,5,CCGGACCGAACTAAGACGTT,0,603681
araCp,0.16666666666666666,5,5,CCGATAAGCCAATCAGTTTT,0,594763
araCp,0.16666666666666666,5,5,CCGAGTGACATCCAGCGTTT,0,548440
araCp,0.16666666666666666,5,5,CCGAGGTGTGACGCTACGTG,0,593008
araCp,0.16666666666666666,5,5,CCGAGATGTTAGCGTGCGTT,0,541232
araCp,0.16666666666666666,5,5,CCGACGCCTCGGAGACAACG,0,587836
araCp,0.16666666666666666,5,5,CCGACACATTTAGCTGGACC,0,601593
araCp,0.16666666666666666,5,5,CCGAAGGAGGATAGTAGATG,0,551336
araCp,0.16666666666666666,5,5,CCCTGTAAATGGACCAGTAT,0,584055
araCp,0.16666666666666666,5,5,CCCTGCCATTGGCAGACTCG,0,587052
araCp,0.16666666666666666,5,5,CCCTATATATCAGTATTGGA,0,597175
araCp,0.16666666666666666,5,5,CCCTACGCACTCTCATATTC,0,565855
araCp,0.16666666666666666,5,5,CCCTACCCGGGCCACAGCGT,0,561039
araCp,0.16666666666666666,5,5,CCCTAACTGAGAGCTCACCA,0,589753
araCp,0.16666666666666666,5,5,CCCGTCGTGAGTGCTCATTC,0,546200
araCp,0.16666666666666666,5,5,CCCGGCAGTGCTTCTGGGCG,0,532555
araCp,0.16666666666666666,5,5,CCCGGACTAGGACTTAACGA,0,525692
araCp,0.16666666666666666,5,5,CCCGCAGAGGACATCTCAGC,0,548722
araCp,0.16666666666666666,5,5,CCCGATCCTTCCTGCTCTGG,0,583980
araCp,0.16666666666666666,5,5,CCCCTTGCGAGAGCGCGTGT,0,550457
araCp,0.16666666666666666,5,5,CCCCTGTAAGAAAATTTTCC,0,590136
araCp,0.16666666666666666,5,5,CCCCCCTGGAGGATCGCTGG,0,594892
araCp,0.16666666666666666,5,5,CCCAGCCCTGCGTGGAATCT,0,575695
araCp,0.16666666666666666,5,5,CCCAGAGGTCAGTTACCAAA,0,534689
araCp,0.16666666666666666,5,5,CCCACTGAGGGTTTATTTTC,0,602120
araCp,0.16666666666666666,5,5,CCATTCCCTGGATTGTTTGT,0,577811
araCp,0.16666666666666666,5,5,CCATTAGAATACTTTATAGG,0,594420
araCp,0.16666666666666666,5,5,CCATGGTCAGTAAGGCCCCT,0,542598
araCp,0.16666666666666666,5,5,CCATCATCGCCTCAGTCGAT,0,586144
araCp,0.16666666666666666,5,5,CCATCAACCCCTGTCTAATA,0,579080
araCp,0.16666666666666666,5,5,CCATATGTGTACTGCACATC,0,598030
araCp,0.16666666666666666,5,5,CCATAGGACCCGTCGGGGAT,0,541825
araCp,0.16666666666666666,5,5,CCATACTGCGTCGGGTCGTT,0,590027
araCp,0.16666666666666666,5,5,CCATAATGGATTTGCAGATT,0,558333
araCp,0.16666666666666666,5,5,CCATAAATGGTGAGTCCGTC,0,533578
araCp,0.16666666666666666,5,5,CCAGGGGCCAAATAATCCAC,0,586161
araCp,0.16666666666666666,5,5,CCAGGCTCTTGCATTCGTAA,0,552627
araCp,0.16666666666666666,5,5,CCAGCTTTTGTTTCGCTTTG,0,531711
araCp,0.16666666666666666,5,5,CCAGCAGGGACGACGGATAT,0,571589
araCp,0.16666666666666666,5,5,CCACTGGGATAACTTTCTTA,0,544409
araCp,0.16666666666666666,5,5,CCACTCTAAATACTCGGCCC,0,528439
araCp,0.16666666666666666,5,5,CCACTCGAGTTGCGGCACCA,0,594672
araCp,0.16666666666666666,5,5,CCACGGGCAACCGCCCCAAG,0,562867
araCp,0.16666666666666666,5,5,CCACACCTTCCACTCTCTGT,0,587765
araCp,0.16666666666666666,5,5,CCAATTAGGAGGATTGTACG,0,526880
araCp,0.16666666666666666,5,5,CCAATGATGACCGACTAGGG,0,578600
araCp,0.16666666666666666,5,5,CCAACCACTGCTCGTCAGGA,0,571050
araCp,0.16666666666666666,5,5,CCAAATGTAAGTCTCCAGGG,0,551536
araCp,0.16666666666666666,5,5,CCAAATGATTCCAGATACCC,0,538404
araCp,0.16666666666666666,5,5,CATTTGGCGCTTAATTCTCC,0,561365
araCp,0.16666666666666666,5,5,CATTTCCCGCGCCAAACGGT,0,567821
araCp,0.16666666666666666,5,5,CATTCGTGGCTAAAGTGCCA,0,601490
araCp,0.16666666666666666,5,5,CATTCCTCGACCAAGACTGC,0,595918
araCp,0.16666666666666666,5,5,CATTAAATTGTCGCAGATCT,0,556746
araCp,0.16666666666666666,5,5,CATGTTTACGTAATAGTGCC,0,589811
araCp,0.16666666666666666,5,5,CATGTGGGGACTATTGTATT,0,581737
araCp,0.16666666666666666,5,5,CATGTAAGAGCACGTCCCAT,0,551241
araCp,0.16666666666666666,5,5,CATGGGGGAGAATTGATATG,0,527817
araCp,0.16666666666666666,5,5,CATGCTTAGCCTCAACTGCT,0,530387
araCp,0.16666666666666666,5,5,CATGAGAGGGTATGCGCGGT,0,566727
araCp,0.16666666666666666,5,5,CATCTGATGTTTGAGGGATT,0,534238
araCp,0.16666666666666666,5,5,CATCTGAGGAAAATCTGCAC,0,550568
araCp,0.16666666666666666,5,5,CATCTATTGTGAGTCCTCGA,0,531840
araCp,0.16666666666666666,5,5,CATCGATCGCAAATGACCCC,0,562304
araCp,0.16666666666666666,5,5,CATCCCTCCCGGAGAGCTAG,0,564104
araCp,0.16666666666666666,5,5,CATATAGACTTGTACTGCGT,0,588207
araCp,0.16666666666666666,5,5,CATAGTGTGCGGGGAAGGAC,0,577865
araCp,0.16666666666666666,5,5,CATAGGGCGGTCATATTAAA,0,595183
araCp,0.16666666666666666,5,5,CATAGGGCAATAAATCTCAA,0,553245
araCp,0.16666666666666666,5,5,CATAACCACCAAGATAAAGC,0,596311
araCp,0.16666666666666666,5,5,CAGTTTAGGTTCTAGCTCTA,0,601042
araCp,0.16666666666666666,5,5,CAGTGCATCGGTCAGATTTA,0,542109
araCp,0.16666666666666666,5,5,CAGTGACATACGTTTGCCCG,0,547992
araCp,0.16666666666666666,5,5,CAGTCGTTATTCATTATGGC,0,587075
araCp,0.16666666666666666,5,5,CAGGTGCCTCAGGCTGTCAC,0,573641
araCp,0.16666666666666666,5,5,CAGGTCACTCGTTTCTGCTT,0,602021
araCp,0.16666666666666666,5,5,CAGGCAGATTCTGACCCCAC,0,546961
araCp,0.16666666666666666,5,5,CAGCTATCCTCGCATAAGCA,0,564342
araCp,0.16666666666666666,5,5,CAGCCGTCTTTTCTCGCGAT,0,602957
araCp,0.16666666666666666,5,5,CAGCCCACCAGTAAATTGTT,0,536284
araCp,0.16666666666666666,5,5,CAGATGTCCGGGGGGACAAT,0,577530
araCp,0.16666666666666666,5,5,CAGATGCGTGGATGTTACGG,0,539550
araCp,0.16666666666666666,5,5,CAGATCCCGAGGCCACCTCT,0,528429
araCp,0.16666666666666666,5,5,CAGAGCCTGCGATAATAAGT,0,555877
araCp,0.16666666666666666,5,5,CAGAGCAAACAAGCGACTTG,0,597610
araCp,0.16666666666666666,5,5,CAGACGTTTTGGCGCGACAC,0,581172
araCp,0.16666666666666666,5,5,CAGACCCTGGTTACCCTATC,0,559212
araCp,0.16666666666666666,5,5,CAGACAAGTTCACGACGCGG,0,550373
araCp,0.16666666666666666,5,5,CAGAATAGGCGTGGGTTGCG,0,598887
araCp,0.16666666666666666,5,5,CACTTGATGGCGCTATCTCA,0,535719
araCp,0.16666666666666666,5,5,CACTCATGGCGTAATCCGGT,0,546352
araCp,0.16666666666666666,5,5,CACTAACAATCCGACAGAGC,0,595665
araCp,0.16666666666666666,5,5,CACGTGTTCCATCAGGTCCT,0,570152
araCp,0.16666666666666666,5,5,CACGTGGACCTCACCTTGGG,0,592153
araCp,0.16666666666666666,5,5,CACGTGACAGCGTCCTTGGC,0,560731
araCp,0.16666666666666666,5,5,CACGTCGGAAATTGTCCCTT,0,602242
araCp,0.16666666666666666,5,5,CACGCGCGCCGCTATGGACA,0,537339
araCp,0.16666666666666666,5,5,CACGCATGACTTAGCTCTCA,0,565935
araCp,0.16666666666666666,5,5,CACGACTAGAACCCATCCTT,0,590458
araCp,0.16666666666666666,5,5,CACCTCGGCATTTCGGTGGT,0,594465
araCp,0.16666666666666666,5,5,CACCGATAAAGGAATGAACT,0,563497
araCp,0.16666666666666666,5,5,CACATTTGGTCATTTCCTTA,0,547663
araCp,0.16666666666666666,5,5,CACATAGCAATTGACTTTTT,0,560452
araCp,0.16666666666666666,5,5,CACAGTCAGGGCGTACCCAA,0,562781
araCp,0.16666666666666666,5,5,CACAGGTCGCAATCCGATTG,0,576983
araCp,0.16666666666666666,5,5,CACACGCGGGTAGTGGAGAA,0,596527
araCp,0.16666666666666666,5,5,CAATGGTAAATAGCGGTCTT,0,541499
araCp,0.16666666666666666,5,5,CAATGCAGCCCTGTGCCATA,0,552423
araCp,0.16666666666666666,5,5,CAATCTAATAGCCTGTATGG,0,536018
araCp,0.16666666666666666,5,5,CAATCCTCATACGGCGCACA,0,568259
araCp,0.16666666666666666,5,5,CAATATGAGGCGCCAACGGT,0,554429
araCp,0.16666666666666666,5,5,CAATAATAAAATAGGGAACT,0,562940
araCp,0.16666666666666666,5,5,CAAGGTCCTTGCAGTTCAAT,0,540078
araCp,0.16666666666666666,5,5,CAAGGCTAGACCACCTATCT,0,556361
araCp,0.16666666666666666,5,5,CAAGGAGGTGGCGGAAGTGC,0,566971
araCp,0.16666666666666666,5,5,CAACTTGGCCATGTGCGACG,0,542333
araCp,0.16666666666666666,5,5,CAACGGGAACCCTCTTTAAT,0,598306
araCp,0.16666666666666666,5,5,CAACCCTCCAAGATGTGATC,0,560797
araCp,0.16666666666666666,5,5,CAACCACGTGCTTACGGATA,0,526739
araCp,0.16666666666666666,5,5,CAACACGGCAAGCCCTCCTC,0,554545
araCp,0.16666666666666666,5,5,CAACACGACATCTGACCCAA,0,567953
araCp,0.16666666666666666,5,5,CAAATGGCTACGGGAGAATG,0,527870
araCp,0.16666666666666666,5,5,CAAAGGTTATGTCCTGTTGT,0,581031
araCp,0.16666666666666666,5,5,CAAAGCAAGGCCCGGACAGA,0,526483
araCp,0.16666666666666666,5,5,CAAAAAGGCGCACACCCAGA,0,574041
araCp,0.16666666666666666,5,5,ATTTTAGTCTCCAACCCCCA,0,583785
araCp,0.16666666666666666,5,5,ATTTTAACATCTGGGCTCAG,0,537949
araCp,0.16666666666666666,5,5,ATTTGGTGGTACTAGGTATT,0,584611
araCp,0.16666666666666666,5,5,ATTTGGACTTTCATCAAGCT,0,526051
araCp,0.16666666666666666,5,5,ATTTCTAGTTGGCCGTGCGA,0,583403
araCp,0.16666666666666666,5,5,ATTTAACAGCCCCTCTACTA,0,583390
araCp,0.16666666666666666,5,5,ATTGGCCCTGTGAGGGCTTT,0,569448
araCp,0.16666666666666666,5,5,ATTGCAGGGTTCCTTTTAGT,0,529634
araCp,0.16666666666666666,5,5,ATTCTGTCAATATACTAGGG,0,531422
araCp,0.16666666666666666,5,5,ATTCTGGCCACTGGGGATCA,0,581695
araCp,0.16666666666666666,5,5,ATTCGCGATGAAGTCTCAAT,0,542370
araCp,0.16666666666666666,5,5,ATTCGAGGTAAACTCATACA,0,554250
araCp,0.16666666666666666,5,5,ATTCGACATGCGTATAGTTA,0,560340
araCp,0.16666666666666666,5,5,ATTCCTTGCAATTCTCAATC,0,532734
araCp,0.16666666666666666,5,5,ATTCAAAACATTAAACTCGT,0,558907
araCp,0.16666666666666666,5,5,ATTATGAGGTAACATTCAAT,0,556067
araCp,0.16666666666666666,5,5,ATTATATTACTCCTCGTTCT,0,536914
araCp,0.16666666666666666,5,5,ATTAGGAGCTTCGCAGGTGG,0,593488
araCp,0.16666666666666666,5,5,ATTACGTTTAGGCTTTATTT,0,557509
araCp,0.16666666666666666,5,5,ATTACGCTACACGGAATCAT,0,558279
araCp,0.16666666666666666,5,5,ATTACCCACATTTCCTGCAT,0,558462
araCp,0.16666666666666666,5,5,ATTACCCAACAGCTAGGGAT,0,561164
araCp,0.16666666666666666,5,5,ATTAATGCCATGGCTCTCGG,0,546964
araCp,0.16666666666666666,5,5,ATTAAAGGTAACGTCGCTCT,0,582042
araCp,0.16666666666666666,5,5,ATGTTTCACTTGGGGTCGCC,0,557746
araCp,0.16666666666666666,5,5,ATGTTATTGCTGACTGACCG,0,565779
araCp,0.16666666666666666,5,5,ATGTGGACGTTGCCCAGCCT,0,554667
araCp,0.16666666666666666,5,5,ATGTCGTGGGTGCTGGACTA,0,563153
araCp,0.16666666666666666,5,5,ATGTCAACGTCCACTTGGCA,0,576657
araCp,0.16666666666666666,5,5,ATGTACGGTAAACGACAGCC,0,589794
araCp,0.16666666666666666,5,5,ATGGTGTTCATGTGTTAACA,0,573379
araCp,0.16666666666666666,5,5,ATGGTGATGGGGGCGCCCGC,0,590128
araCp,0.16666666666666666,5,5,ATGGCGCCCGGAAGTTATTT,0,591260
araCp,0.16666666666666666,5,5,ATGGAGTGCGCGTTGGGTAA,0,577935
araCp,0.16666666666666666,5,5,ATGGACACAATAGCCATCCA,0,596363
araCp,0.16666666666666666,5,5,ATGCTATAATTCCTCCAGTT,0,583354
araCp,0.16666666666666666,5,5,ATGCGTGAACGCGTCAAACT,0,530800
araCp,0.16666666666666666,5,5,ATGCATATGGCACGTCTATG,0,579776
araCp,0.16666666666666666,5,5,ATGATCCAACTCGACCGCAT,0,581855
araCp,0.16666666666666666,5,5,ATCTGAAAGAGAGTTATAAC,0,589951
araCp,0.16666666666666666,5,5,ATCTCTCTGCAGCTTGGCGG,0,528964
araCp,0.16666666666666666,5,5,ATCTCAAGTCTCGGACTCAC,0,529250
araCp,0.16666666666666666,5,5,ATCTATAGGGGCCACGGTTG,0,564831
araCp,0.16666666666666666,5,5,ATCTAAGCCCCGATGGGGTC,0,588925
araCp,0.16666666666666666,5,5,ATCGCGCGTGGAAGTGAGGG,0,535588
araCp,0.16666666666666666,5,5,ATCGCCGCTTGTCTGGAATT,0,537669
araCp,0.16666666666666666,5,5,ATCGAGTCCAATTGAAAGGG,0,568062
araCp,0.16666666666666666,5,5,ATCCTTCATCTTAACTTCAC,0,530035
araCp,0.16666666666666666,5,5,ATCCGAATAACGGGGCAGCG,0,589319
araCp,0.16666666666666666,5,5,ATCCCTTATGCTCCGATTCC,0,558700
araCp,0.16666666666666666,5,5,ATCCATAAGATACTTTTGTG,0,529332
araCp,0.16666666666666666,5,5,ATCCAATGTGAAAAGATTAG,0,530146
araCp,0.16666666666666666,5,5,ATCAGTCCGGTTGTTGCCGG,0,561194
araCp,0.16666666666666666,5,5,ATCAGCTGTTTTCTTTGGTG,0,536901
araCp,0.16666666666666666,5,5,ATATGGCGTCTAATCTTATA,0,559427
araCp,0.16666666666666666,5,5,ATATGGACTTCCTGGGCGCA,0,584096
araCp,0.16666666666666666,5,5,ATATGACCCGTAGGTATTCT,0,570090
araCp,0.16666666666666666,5,5,ATAGTTTCAAAACGCTTCAA,0,563488
araCp,0.16666666666666666,5,5,ATAGTTGAGAGGCCGTGTAC,0,603362
araCp,0.16666666666666666,5,5,ATAGTCTTATGTGAGATAAG,0,592485
araCp,0.16666666666666666,5,5,ATAGGGTACATCGACATCGC,0,584442
araCp,0.16666666666666666,5,5,ATAGGCCCGTGACTGGCTCA,0,599565
araCp,0.16666666666666666,5,5,ATAGCCAATCGGAATATGCT,0,548992
araCp,0.16666666666666666,5,5,ATAGCATACATCCGCGGGTG,0,571400
araCp,0.16666666666666666,5,5,ATAGCAGTACGCTACCCTCT,0,593791
araCp,0.16666666666666666,5,5,ATAGAATGCTAAGGTTTTAT,0,568946
araCp,0.16666666666666666,5,5,ATACTGTCTCGTCCAAGGAT,0,575430
araCp,0.16666666666666666,5,5,ATACGTCAGCATGTAATTTA,0,573979
araCp,0.16666666666666666,5,5,ATACGAGGCAGTGCCCCAAC,0,590800
araCp,0.16666666666666666,5,5,ATACCCTCGGCGACGGCCCA,0,550982
araCp,0.16666666666666666,5,5,ATACCAGGGAAACCTACAAA,0,548429
araCp,0.16666666666666666,5,5,ATACATACTCTCCCAGTGAG,0,594927
araCp,0.16666666666666666,5,5,ATACAAGCACGGGTTACAGG,0,592606
araCp,0.16666666666666666,5,5,ATAACGTTTAGTGGTGTCAC,0,588911
araCp,0.16666666666666666,5,5,AGTTGTTTTGGATCATCTTC,0,594596
araCp,0.16666666666666666,5,5,AGTTGTGCGACAGCGATCAC,0,557840
araCp,0.16666666666666666,5,5,AGTTGGTTACTCGTGGGTTG,0,560190
araCp,0.16666666666666666,5,5,AGTTGCTTCGGTAGGAGAAC,0,583201
araCp,0.16666666666666666,5,5,AGTTGCTCTAGTAGAACCGT,0,572670
araCp,0.16666666666666666,5,5,AGTTCTTAGGGTCAGGCACA,0,587358
araCp,0.16666666666666666,5,5,AGTTCCGTCACGTTCACTTG,0,594520
araCp,0.16666666666666666,5,5,AGTTATCCATGTAACGAACG,0,574812
araCp,0.16666666666666666,5,5,AGTTACCCCTTCACTTTGAG,0,556003
araCp,0.16666666666666666,5,5,AGTTACAGAGTCTGGGGAGC,0,537906
araCp,0.16666666666666666,5,5,AGTGGTAAGAGGTGATTCGA,0,536973
araCp,0.16666666666666666,5,5,AGTGGATTATGAATGAGTAA,0,532344
araCp,0.16666666666666666,5,5,AGTGCGTCTATCCTTACACG,0,596846
araCp,0.16666666666666666,5,5,AGTGAGGGGAACGTGGAGGG,0,527884
araCp,0.16666666666666666,5,5,AGTGAGCCAGTACGAAGGGA,0,546060
araCp,0.16666666666666666,5,5,AGTCTGCTGGACGGCGTCCG,0,570652
araCp,0.16666666666666666,5,5,AGTCTCATAGCCGCCAATTC,0,562048
araCp,0.16666666666666666,5,5,AGTCCATAACCATCCATTAG,0,585644
araCp,0.16666666666666666,5,5,AGTCACGTTAACTCTACAAA,0,538736
araCp,0.16666666666666666,5,5,AGTAGTGATCCAAAAAGCTA,0,566482
araCp,0.16666666666666666,5,5,AGTAGTCGGTATGAATTTAG,0,595252
araCp,0.16666666666666666,5,5,AGTACTTGTAACCATCCAGT,0,586542
araCp,0.16666666666666666,5,5,AGTACGTGGAACAATCATGA,0,568568
araCp,0.16666666666666666,5,5,AGTACAGCTATTTAAACTGA,0,551646
araCp,0.16666666666666666,5,5,AGTAATAATTGAGCACATAA,0,525934
araCp,0.16666666666666666,5,5,AGTAAGTTGACTAACGACGT,0,576821
araCp,0.16666666666666666,5,5,AGTAAGCAATCTGCTCCCCC,0,573304
araCp,0.16666666666666666,5,5,AGGTTTCTTTTTAGATCGGT,0,587935
araCp,0.16666666666666666,5,5,AGGTTCTTTTGCATCTGCCA,0,589898
araCp,0.16666666666666666,5,5,AGGTTCCCTGTTATGAATGC,0,535572
araCp,0.16666666666666666,5,5,AGGTGGAGTAAGGAGTCTGG,0,559525
araCp,0.16666666666666666,5,5,AGGTGAACAAGTCCTCAGTC,0,530837
araCp,0.16666666666666666,5,5,AGGTCGAGATGACGACAGCC,0,579078
araCp,0.16666666666666666,5,5,AGGTCCATCCGACAGGTCTA,0,586626
araCp,0.16666666666666666,5,5,AGGTAGGTCGTACTTTGTTA,0,575573
araCp,0.16666666666666666,5,5,AGGTACCCTAGGGCGCGGAG,0,578476
araCp,0.16666666666666666,5,5,AGGGTGGCGTATGTGAACAT,0,544052
araCp,0.16666666666666666,5,5,AGGGCTATGTTAAAGCTAAT,0,538447
araCp,0.16666666666666666,5,5,AGGGCGGTGTGGCAGACGCA,0,533558
araCp,0.16666666666666666,5,5,AGGGCGGGACCGGGATTAAC,0,536544
araCp,0.16666666666666666,5,5,AGGGCAGATTTTGGGAATAG,0,577121
araCp,0.16666666666666666,5,5,AGGCTACCGACATCCTGTCA,0,585891
araCp,0.16666666666666666,5,5,AGGCGGCTGTCATGCAGTAT,0,547516
araCp,0.16666666666666666,5,5,AGGCCCTTATATGGCATTGT,0,571569
araCp,0.16666666666666666,5,5,AGGCCCTAAACTTAACTTGT,0,591612
araCp,0.16666666666666666,5,5,AGGCAACCGAAATGCGGAGT,0,546132
araCp,0.16666666666666666,5,5,AGGACGTTGTCCATTCAGAT,0,537516
araCp,0.16666666666666666,5,5,AGGAAGCACTTTTCGTGTTT,0,526515
araCp,0.16666666666666666,5,5,AGGAAAGAGCACTCTGTTTG,0,567797
araCp,0.16666666666666666,5,5,AGCTTCTTCTGGCGCTTGGC,0,596486
araCp,0.16666666666666666,5,5,AGCTTCTGATCCAGCGCATA,0,595296
araCp,0.16666666666666666,5,5,AGCTTCCAGTACCAACAGGC,0,582450
araCp,0.16666666666666666,5,5,AGCTGGGTTGCTTTTTACAC,0,574295
araCp,0.16666666666666666,5,5,AGCTGCTTGAGACGCCTGAT,0,541694
araCp,0.16666666666666666,5,5,AGCTCTACACCAAACGTGCA,0,535872
araCp,0.16666666666666666,5,5,AGCTCAAGCACCTGGGCACG,0,567256
araCp,0.16666666666666666,5,5,AGCGGTCCGTAATTTATCCG,0,579847
araCp,0.16666666666666666,5,5,AGCGCCTATCACCACAACGT,0,549538
araCp,0.16666666666666666,5,5,AGCGACATCGTATGGCTCCA,0,569148
araCp,0.16666666666666666,5,5,AGCCTGAGTTGACACGGCCT,0,556635
araCp,0.16666666666666666,5,5,AGCCTGACACAAATGAGATA,0,587522
araCp,0.16666666666666666,5,5,AGCCGATCGGCGCTAGTGTG,0,552907
araCp,0.16666666666666666,5,5,AGCCCTGTAAGAGCTCTAAT,0,586737
araCp,0.16666666666666666,5,5,AGCCCGGTCCTCTCGGTGCC,0,547892
araCp,0.16666666666666666,5,5,AGCCATGATGCATTACATCT,0,527117
araCp,0.16666666666666666,5,5,AGCACGATCACTTTTAGGGA,0,553611
araCp,0.16666666666666666,5,5,AGCAATTCTATGGCCGCGAA,0,559962
araCp,0.16666666666666666,5,5,AGCAAGTTTAATGTTTCTAG,0,572213
araCp,0.16666666666666666,5,5,AGCAAGCATGAATGACAGCG,0,578140
araCp,0.16666666666666666,5,5,AGATGATGAGTCGAAGCCTA,0,538811
araCp,0.16666666666666666,5,5,AGATCAGCGACATTATCGTC,0,579002
araCp,0.16666666666666666,5,5,AGAGTTAGCCCATCAACACA,0,599829
araCp,0.16666666666666666,5,5,AGAGGCCTAGACCAATAGCC,0,557294
araCp,0.16666666666666666,5,5,AGAGGAACGCTAAGCTCTGT,0,578214
araCp,0.16666666666666666,5,5,AGAGCTTCCAAGACCGATTA,0,573441
araCp,0.16666666666666666,5,5,AGAGCTACATGATCCGTTAG,0,533753
araCp,0.16666666666666666,5,5,AGAGCGTAAGGAACGTTCTT,0,591624
araCp,0.16666666666666666,5,5,AGAGCACGTCCAACCGCGAT,0,574988
araCp,0.16666666666666666,5,5,AGACTCCATTGTTATCGCAA,0,547721
araCp,0.16666666666666666,5,5,AGACGCCTACTTGTGCACAC,0,591691
araCp,0.16666666666666666,5,5,AGACGCAGAGTCCTCACAGT,0,568344
araCp,0.16666666666666666,5,5,AGAATGCATACTGGCGTCCG,0,588958
araCp,0.16666666666666666,5,5,AGAACTTAGCACCCCGCCTT,0,530667
araCp,0.16666666666666666,5,5,ACTTTTTAAGTTCTAACGGC,0,559814
araCp,0.16666666666666666,5,5,ACTTTGTGAACTCCAAGGCA,0,600547
araCp,0.16666666666666666,5,5,ACTTGGGAGTCGTAGTAGAT,0,582140
araCp,0.16666666666666666,5,5,ACTTGGGAGCAACAACGGCA,0,570095
araCp,0.16666666666666666,5,5,ACTTAATCTGGATTTGAAAC,0,535987
araCp,0.16666666666666666,5,5,ACTGTTTAAAGAGAACCTTC,0,542853
araCp,0.16666666666666666,5,5,ACTGTTAATTGGTGGTCTAA,0,572484
araCp,0.16666666666666666,5,5,ACTGTCAACAGACCCATTGT,0,588949
araCp,0.16666666666666666,5,5,ACTGTATGAGCTTATATCAA,0,572321
araCp,0.16666666666666666,5,5,ACTGGTTCCGAGAGACGCTT,0,581770
araCp,0.16666666666666666,5,5,ACTGGATATCGCCTGAACTA,0,586882
araCp,0.16666666666666666,5,5,ACTGGAAGCTCGCTATGCAT,0,566331
araCp,0.16666666666666666,5,5,ACTGCTCAAACGATTGGTTC,0,591950
araCp,0.16666666666666666,5,5,ACTGCCCCTAGGTCAAAGCA,0,574933
araCp,0.16666666666666666,5,5,ACTGAACGCGGTTTACGATT,0,580076
araCp,0.16666666666666666,5,5,ACTGAAACACGGGGTGGATG,0,562351
araCp,0.16666666666666666,5,5,ACTCGTCAGTTAACGGAAAC,0,573791
araCp,0.16666666666666666,5,5,ACTCGCACAGTGGGTCAACT,0,552246
araCp,0.16666666666666666,5,5,ACTATGTACGCTTGGCTGGT,0,572937
araCp,0.16666666666666666,5,5,ACTACGTGGGCCAAAGGCGA,0,546396
araCp,0.16666666666666666,5,5,ACTACGGCTTCCAGCGTATC,0,550907
araCp,0.16666666666666666,5,5,ACTACCGGCGTCCTAATGAT,0,537915
araCp,0.16666666666666666,5,5,ACTAAGGCCAACAACGTATA,0,553782
araCp,0.16666666666666666,5,5,ACGTTCTGGCGTGTCCCCAT,0,582056
araCp,0.16666666666666666,5,5,ACGTGTGCGGGTTAGACTAT,0,577226
araCp,0.16666666666666666,5,5,ACGTGGTCAGGACTCACGAG,0,531424
araCp,0.16666666666666666,5,5,ACGTGCGCAAATAAGGTCTT,0,598335
araCp,0.16666666666666666,5,5,ACGTGCCTTACGGTAGGTGA,0,602490
araCp,0.16666666666666666,5,5,ACGTGAGGCCCTTCGGGCTA,0,574248
araCp,0.16666666666666666,5,5,ACGTCCTGCTTCAACCTAAG,0,534224
araCp,0.16666666666666666,5,5,ACGTATTGGCATACGGTAGA,0,540918
araCp,0.16666666666666666,5,5,ACGGTTGGATCGAAGAGCAT,0,553415
araCp,0.16666666666666666,5,5,ACGGTCGGATCACAGCAGAT,0,562641
araCp,0.16666666666666666,5,5,ACGGTCGAGACGGGTAGTCA,0,542917
araCp,0.16666666666666666,5,5,ACGGGTTCATTAATAGAGAC,0,580220
araCp,0.16666666666666666,5,5,ACGGGGCCCGGCGCTCCCGT,0,556555
araCp,0.16666666666666666,5,5,ACGGCCAATGTTATTGGTCA,0,590837
araCp,0.16666666666666666,5,5,ACGGAGAGCCCGCGTAGACA,0,586648
araCp,0.16666666666666666,5,5,ACGCGTCTAACGGTGAGTCT,0,572401
araCp,0.16666666666666666,5,5,ACGCGGTTATCGTTATCGAT,0,601377
araCp,0.16666666666666666,5,5,ACGCGGAAGTTACGGGTAGT,0,587833
araCp,0.16666666666666666,5,5,ACGCCTCGGGTTCAAGCAGC,0,589258
araCp,0.16666666666666666,5,5,ACGCCGACCTCCGAGTTGAG,0,570845
araCp,0.16666666666666666,5,5,ACGCCCCCTATTTCACAAAG,0,555547
araCp,0.16666666666666666,5,5,ACGCCATCTGAAATGAAGAA,0,600790
araCp,0.16666666666666666,5,5,ACGCACTCAACAGTGTCCTT,0,575838
araCp,0.16666666666666666,5,5,ACGCAAGGAGCGCAAGTGTA,0,590611
araCp,0.16666666666666666,5,5,ACGATGTCCGTACTGAGCAT,0,537893
araCp,0.16666666666666666,5,5,ACGACGCTGCGACTTGAGTT,0,537569
araCp,0.16666666666666666,5,5,ACGACGAGATACTATTTCCG,0,526397
araCp,0.16666666666666666,5,5,ACGACACGCGTACGTCTGGC,0,560056
araCp,0.16666666666666666,5,5,ACCTCTGGTCGTGCCTCGCA,0,573580
araCp,0.16666666666666666,5,5,ACCTCCGCTGCTTGACGCCG,0,560994
araCp,0.16666666666666666,5,5,ACCGCGGCGTTGCTAGATGG,0,550416
araCp,0.16666666666666666,5,5,ACCGAACAGGCGCTCTCTCC,0,531906
araCp,0.16666666666666666,5,5,ACCCTCAGAGGGGGTTTACG,0,564858
araCp,0.16666666666666666,5,5,ACCCGGAATGGAGGTTAAAA,0,569585
araCp,0.16666666666666666,5,5,ACCCCAGGCTCACACTACAA,0,600779
araCp,0.16666666666666666,5,5,ACCCAACGGGGTTGGGCTTG,0,576456
araCp,0.16666666666666666,5,5,ACCACAGTCCACCTTGTTAT,0,562381
araCp,0.16666666666666666,5,5,ACATGTTTTTATAGTAGGTT,0,552168
araCp,0.16666666666666666,5,5,ACATGTAACATTGGGCGCTA,0,600677
araCp,0.16666666666666666,5,5,ACATCTTTAGGGAGGTCATT,0,533687
araCp,0.16666666666666666,5,5,ACAGTCGCAGTAATAAGACT,0,585255
araCp,0.16666666666666666,5,5,ACAGTAGAAGCGAAAGTTCG,0,541136
araCp,0.16666666666666666,5,5,ACAGGCAAACCGTAGTTTCG,0,592119
araCp,0.16666666666666666,5,5,ACAGCTTAGCAAACCAACAG,0,532838
araCp,0.16666666666666666,5,5,ACACTTTATGTGTCGTTTCT,0,576585
araCp,0.16666666666666666,5,5,ACACTCGCTTCGTAGACGCC,0,530761
araCp,0.16666666666666666,5,5,ACACGCAGGAGGGGTTCAAC,0,532959
araCp,0.16666666666666666,5,5,ACACCATCATCCTGGCTAGC,0,567644
araCp,0.16666666666666666,5,5,ACACATGGTTATGATTCGCT,0,543176
araCp,0.16666666666666666,5,5,ACAATGTGTTCACTGCTTGG,0,529787
araCp,0.16666666666666666,5,5,ACAAGTTGGAATGTGTCGGC,0,530349
araCp,0.16666666666666666,5,5,ACAAGCAATCCAGGCCGTCG,0,561433
araCp,0.16666666666666666,5,5,ACAAGAGGATTGCGTGCTGA,0,599290
araCp,0.16666666666666666,5,5,ACAACTTTAGCATCTGTTTC,0,549607
araCp,0.16666666666666666,5,5,ACAACCATCGTACTACTTTT,0,549937
araCp,0.16666666666666666,5,5,ACAAAGGCTCAGGTCTTCTG,0,551328
araCp,0.16666666666666666,5,5,ACAAACTTGGATCGACCACC,0,545187
araCp,0.16666666666666666,5,5,ACAAAATACGAGACGAAATC,0,584780
araCp,0.16666666666666666,5,5,AATTTACCTAGCTAAGAGGC,0,571720
araCp,0.16666666666666666,5,5,AATTGCGTTTGGACCTTGGC,0,533702
araCp,0.16666666666666666,5,5,AATTGACTACCCATGTCGGT,0,530248
araCp,0.16666666666666666,5,5,AATTCTGACGTGACTGCATA,0,573200
araCp,0.16666666666666666,5,5,AATTCGCACTCTTACGGAGA,0,598865
araCp,0.16666666666666666,5,5,AATGGCTCATGTGCCTGGCG,0,552617
araCp,0.16666666666666666,5,5,AATGCTCGTGCCACACGATC,0,532611
araCp,0.16666666666666666,5,5,AATCGTGATCAATAAGGATA,0,602631
araCp,0.16666666666666666,5,5,AATCGGGGTGATCTAACTAA,0,599124
araCp,0.16666666666666666,5,5,AATCGCCTGGGTGTGGAAGA,0,534231
araCp,0.16666666666666666,5,5,AATCCAAGGGTATGTCCAAG,0,581482
araCp,0.16666666666666666,5,5,AATATTCGTGCCACGGGCGA,0,599291
araCp,0.16666666666666666,5,5,AATATGATAGCGCCCTTTCC,0,546356
araCp,0.16666666666666666,5,5,AATATATGGGGCTACCCGGC,0,537279
araCp,0.16666666666666666,5,5,AATAGGTACAAGACTCTGGC,0,568204
araCp,0.16666666666666666,5,5,AATAGCTTAGAGCAGCGTAA,0,567150
araCp,0.16666666666666666,5,5,AATAGATGAGTTGCTTTCCA,0,576422
araCp,0.16666666666666666,5,5,AATACCTTCCTGTGTAACTG,0,542757
araCp,0.16666666666666666,5,5,AATAAAGTTTTTACGACATT,0,551579
araCp,0.16666666666666666,5,5,AAGTTTAATCAGTATACGAT,0,601332
araCp,0.16666666666666666,5,5,AAGTTACCGTTCTGGCTGAA,0,599489
araCp,0.16666666666666666,5,5,AAGTGCAGTGCACTTGCTCC,0,543717
araCp,0.16666666666666666,5,5,AAGTCTACAGCAACCCAGTG,0,597300
araCp,0.16666666666666666,5,5,AAGTCGGCGTCATGGAGGAC,0,527614
araCp,0.16666666666666666,5,5,AAGTCCATTGTCTTAGTCAT,0,579980
araCp,0.16666666666666666,5,5,AAGTCAAGTTGCGTGTGAGG,0,536828
araCp,0.16666666666666666,5,5,AAGTATGAAATTGGCATAAC,0,583686
araCp,0.16666666666666666,5,5,AAGTAGCTTAACTCTATACA,0,536974
araCp,0.16666666666666666,5,5,AAGTAGCGATCGCAAATTAT,0,544461
araCp,0.16666666666666666,5,5,AAGTAAATGAGCGCAGACGA,0,575419
araCp,0.16666666666666666,5,5,AAGGTGTGCAGTACATTGCG,0,555862
araCp,0.16666666666666666,5,5,AAGGTCTAACGGTCCCTCTC,0,558627
araCp,0.16666666666666666,5,5,AAGGTAGACACAATCTCACT,0,551614
araCp,0.16666666666666666,5,5,AAGGTAAATGTGGGACGTAT,0,537099
araCp,0.16666666666666666,5,5,AAGGCCTCATTGCATCTAAA,0,550833
araCp,0.16666666666666666,5,5,AAGGACTCCGTTCATACCCG,0,543590
araCp,0.16666666666666666,5,5,AAGGACAAAGTGGAGGCTAC,0,552853
araCp,0.16666666666666666,5,5,AAGCTTCAAGGCTTCCCATG,0,576314
araCp,0.16666666666666666,5,5,AAGCGTGACATCACTCTCGC,0,550784
araCp,0.16666666666666666,5,5,AAGCGTCGCTTGTGTAGTAG,0,534190
araCp,0.16666666666666666,5,5,AAGCGAGTTTATTGCATAAG,0,528221
araCp,0.16666666666666666,5,5,AAGCGAACTCTGTTTAATGT,0,603567
araCp,0.16666666666666666,5,5,AAGATGTATAGCACGATATT,0,595856
araCp,0.16666666666666666,5,5,AAGAAATGCACTAAGCGTCG,0,565016
araCp,0.16666666666666666,5,5,AACTTTGGACATGGCTGTAA,0,551145
araCp,0.16666666666666666,5,5,AACTTCGTTAAGCATGGTGT,0,547016
araCp,0.16666666666666666,5,5,AACTGAAAGTTATGGTTCAC,0,555833
araCp,0.16666666666666666,5,5,AACTCATCCATTCAGCGCAA,0,583418
araCp,0.16666666666666666,5,5,AACTACTATTCGCGATGTAA,0,599896
araCp,0.16666666666666666,5,5,AACTACCTTTCTTAGCAATC,0,571168
araCp,0.16666666666666666,5,5,AACTAATTATGCTGAAGAAC,0,543344
araCp,0.16666666666666666,5,5,AACGTTTAGTGGGTCTGAAG,0,552430
araCp,0.16666666666666666,5,5,AACGTATTTGCCAAGTAGAT,0,589626
araCp,0.16666666666666666,5,5,AACGGTTTATTCGTCCAAGA,0,568289
araCp,0.16666666666666666,5,5,AACGGTGTAACAGGTTTTGA,0,554112
araCp,0.16666666666666666,5,5,AACGGTAGGTGGGTCGTCTA,0,541494
araCp,0.16666666666666666,5,5,AACGGGCGCCAGGCAGAGTA,0,585219
araCp,0.16666666666666666,5,5,AACGGATTATCTGTGCCCGT,0,584971
araCp,0.16666666666666666,5,5,AACGCGCAACTGGGGGCTTA,0,561504
araCp,0.16666666666666666,5,5,AACGCACGTCATGAGAGGAT,0,584484
araCp,0.16666666666666666,5,5,AACCTACAGGGTTCCCTGTG,0,601078
araCp,0.16666666666666666,5,5,AACCGCGCAACATGTTGCGT,0,584904
araCp,0.16666666666666666,5,5,AACCAGAAAGAACTTCGGCG,0,544628
araCp,0.16666666666666666,5,5,AACCAAGGAGTAGCTTTGGT,0,590627
araCp,0.16666666666666666,5,5,AACATTACGGCGGCTCGAAG,0,598575
araCp,0.16666666666666666,5,5,AACATGCGGATTACCCTGGT,0,568464
araCp,0.16666666666666666,5,5,AACATAATCAGATTAGCAGT,0,533209
araCp,0.16666666666666666,5,5,AACATAAGGAGCGGAAGGGT,0,591591
araCp,0.16666666666666666,5,5,AACAGTGAGCCACTGCTAAG,0,538384
araCp,0.16666666666666666,5,5,AACAGAGTGTCAGTTATACA,0,548556
araCp,0.16666666666666666,5,5,AACAATGTTGTCGATTTGAT,0,569634
araCp,0.16666666666666666,5,5,AAATTTGACCCTCTCTTAAC,0,581388
araCp,0.16666666666666666,5,5,AAATGGTCGCAAGTCCCAGT,0,538347
araCp,0.16666666666666666,5,5,AAATGCAGGGGATCTCGTCT,0,570589
araCp,0.16666666666666666,5,5,AAATGACCCCCAATCATCAT,0,567012
araCp,0.16666666666666666,5,5,AAATATACCATGGATTTGAA,0,550379
araCp,0.16666666666666666,5,5,AAAGGTTTCACCTAGTGCGG,0,557808
araCp,0.16666666666666666,5,5,AAAGGTTCAATGAGCGACCA,0,542448
araCp,0.16666666666666666,5,5,AAAGGTAGAGTCCCGCACAT,0,592270
araCp,0.16666666666666666,5,5,AAAGGCAAATGGGGCCATTC,0,575416
araCp,0.16666666666666666,5,5,AAAGCGAGACATGCCTTGCG,0,599816
araCp,0.16666666666666666,5,5,AAAGATACTGTGATGGCGAA,0,585150
araCp,0.16666666666666666,5,5,AAAGAAGCATAGCCTTGAAA,0,588726
araCp,0.16666666666666666,5,5,AAACTCTCCCTGTGACTCCC,0,549716
araCp,0.16666666666666666,5,5,AAACTAGCTTCGTCGCTAAG,0,579000
araCp,0.16666666666666666,5,5,AAACGTTTTCTGCGCGCAAT,0,565257
araCp,0.16666666666666666,5,5,AAACGTTGCCGCCGCGTATA,0,567167
araCp,0.16666666666666666,5,5,AAACGTGGCCTAAGGATCAG,0,550616
araCp,0.16666666666666666,5,5,AAACCGCAACGGGAGCTCGA,0,527382
araCp,0.16666666666666666,5,5,AAACCCTTATTTCACGGGGA,0,559666
araCp,0.16666666666666666,5,5,AAACCAGTGCCAGCCAGCTC,0,559669
araCp,0.16666666666666666,5,5,AAACACCGCTGTCAAGTGTA,0,548611
araCp,0.16666666666666666,5,5,AAAATTTTGGAATATAGGGG,0,549875
araCp,0.16666666666666666,5,5,AAAATTGGTGCTAGTGCTTA,0,593255
araCp,0.16666666666666666,5,5,AAAATTGGCTGACGGGAAAG,0,554117
araCp,0.16666666666666666,5,5,AAAAGTGGCTTGGCCTATCA,0,568489
araCp,0.16666666666666666,5,5,AAAACCAGACAGTTCACCTC,0,540719
araCp,0.16666666666666666,5,5,AAAACAGGGGTCCTTGTATT,0,566045
araCp,0.2,4,4,TTTTTTTTGACATATGTCTT,0,552903
araCp,0.2,4,4,TTTTTTAGAACCAGAAAACA,0,588980
araCp,0.2,4,4,TTTTGCGGCTAGAAATTTGG,0,598310
araCp,0.2,4,4,TTTTCGGTGCTACGAAATTG,0,536827
araCp,0.2,4,4,TTTTAGCTCATTCTGGTTTA,0,579380
araCp,0.2,4,4,TTTGTTTAAATGTCCAGGGG,0,572051
araCp,0.2,4,4,TTTGGTACCGGATGTTGCCC,0,603632
araCp,0.2,4,4,TTTGGCCTATCCGATGGCAT,0,531155
araCp,0.2,4,4,TTTGATGGAATAACGCTTCC,0,563545
araCp,0.2,4,4,TTTCTACTAAACGGACTCTG,0,581474
araCp,0.2,4,4,TTTCGGTCACCCAATTGGCG,0,585389
araCp,0.2,4,4,TTTCCGGTCCTAGTTAAGAC,0,579580
araCp,0.2,4,4,TTTCAGTTCGCCACCAAACA,0,584424
araCp,0.2,4,4,TTTATCAAGGGGGCGCATTT,0,563713
araCp,0.2,4,4,TTTAGTAGTAGTACGGCTTA,0,562870
araCp,0.2,4,4,TTTAGTAGGTCTTGTTCGCC,0,598769
araCp,0.2,4,4,TTTAGGCGGTACAATAGCAA,0,531636
araCp,0.2,4,4,TTTAGAAACAGGGTTGGGTT,0,527073
araCp,0.2,4,4,TTTACCCTCCTGTCAAGAGT,0,573384
araCp,0.2,4,4,TTTAATCGGATCGCAGTCAT,0,599705
araCp,0.2,4,4,TTTAAGTTTCGCCACACGGC,0,583333
araCp,0.2,4,4,TTGTTTCCTAATTATTGGAG,0,549198
araCp,0.2,4,4,TTGTTGAATACGTTCTTGCA,0,574009
araCp,0.2,4,4,TTGTTCGGCATGATAAGTGC,0,581586
araCp,0.2,4,4,TTGTCGGGAGTTTCTATCAG,0,570743
araCp,0.2,4,4,TTGTCGATGAGACCCCATTT,0,535191
araCp,0.2,4,4,TTGGTTGCTGCCTACGGAAT,0,562803
araCp,0.2,4,4,TTGGTCTCTGGTCTGTTCCA,0,580266
araCp,0.2,4,4,TTGGTACTCTTGCCGTACAG,0,526706
araCp,0.2,4,4,TTGGGTGGTATCGTTCGCTT,0,576986
araCp,0.2,4,4,TTGGCTCTCGTACAGGCAAG,0,588460
araCp,0.2,4,4,TTGGCGAATGCAGGTCTGCG,0,538765
araCp,0.2,4,4,TTGGCCGTACCTCGTGGTTA,0,591037
araCp,0.2,4,4,TTGGCACCAGTTGACTCATT,0,539355
araCp,0.2,4,4,TTGCTATCTATGGGCCTCTG,0,554330
araCp,0.2,4,4,TTGCTAGTAGAGGAAGCCGA,0,530745
araCp,0.2,4,4,TTGCCATAGCATACAAATTT,0,598453
araCp,0.2,4,4,TTGCATACTCAGGTGTTAGT,0,578607
araCp,0.2,4,4,TTGCACAAAACTTCATCGAA,0,602953
araCp,0.2,4,4,TTGCAAATCGCTTGGGATTC,0,563043
araCp,0.2,4,4,TTGCAAAGTGAGATGTATAC,0,587971
araCp,0.2,4,4,TTGATTCGACCTCAATTATC,0,574941
araCp,0.2,4,4,TTGATCCAGCCGATATTAAT,0,536416
araCp,0.2,4,4,TTGACGTTACTAAAGTGCCT,0,594240
araCp,0.2,4,4,TTGACGGGCATCAAATTTGG,0,585174
araCp,0.2,4,4,TTGAAGGGAGGGCTATTCTA,0,546500
araCp,0.2,4,4,TTGAACTCATTCCATGGGCA,0,579527
araCp,0.2,4,4,TTCTTTATGCGACTTTTTCT,0,542951
araCp,0.2,4,4,TTCTTTAGCCTTCGCCAAAC,0,565939
araCp,0.2,4,4,TTCTTCCATGGTGTAGGAAT,0,594241
araCp,0.2,4,4,TTCTTAATCTAGCTCCGTTC,0,578848
araCp,0.2,4,4,TTCTCTGATCTCACACCGAG,0,558156
araCp,0.2,4,4,TTCTAGACTAAATGTTTGGC,0,569720
araCp,0.2,4,4,TTCGTTGTTGCCTTTCGGGT,0,544151
araCp,0.2,4,4,TTCGTTGGGCGTGTTAAGGT,0,550836
araCp,0.2,4,4,TTCGGAAACTACCGAAAGTC,0,537498
araCp,0.2,4,4,TTCGCTTCGGTAACGTACCT,0,586829
araCp,0.2,4,4,TTCGAGAAGTACAAGGAACG,0,570501
araCp,0.2,4,4,TTCGAATTTATGCTTCGGAT,0,550911
araCp,0.2,4,4,TTCGAAACACCGACGGTCCC,0,532665
araCp,0.2,4,4,TTCCTTACCGCTCCTGATCG,0,544134
araCp,0.2,4,4,TTCCTCGCAGAAAACAGTAG,0,526413
araCp,0.2,4,4,TTCCGCTGGGACCCCTAGTA,0,589870
araCp,0.2,4,4,TTCCAAGTCGAACGTCTCAT,0,560786
araCp,0.2,4,4,TTCCAACGAGTTGGTGTGTA,0,543771
araCp,0.2,4,4,TTCAGTTTTCGAGTTGAAGG,0,532574
araCp,0.2,4,4,TTCAGGCGAGCAGGGACAGT,0,560351
araCp,0.2,4,4,TTCACAGGACTACGTGTGCC,0,541267
araCp,0.2,4,4,TTCAATCTGCGATACGCGGA,0,561227
araCp,0.2,4,4,TTCAATATCCCCCGTGTTTG,0,551889
araCp,0.2,4,4,TTCAAGCTAAGAATCGTGAG,0,596654
araCp,0.2,4,4,TTCAACGTGTATTAGTCATG,0,527158
araCp,0.2,4,4,TTCAAACGGGCCGGGGAACA,0,572360
araCp,0.2,4,4,TTATTTTTTAATCAGTCATC,0,560279
araCp,0.2,4,4,TTATGCTGACAGGGAAATAG,0,567339
araCp,0.2,4,4,TTATGCGAGTGGCTGAATGG,0,528607
araCp,0.2,4,4,TTATCGGCAGCGAAGCTCTC,0,559506
araCp,0.2,4,4,TTATCGATCAACGTTTACAT,0,529636
araCp,0.2,4,4,TTATAGGGATGATCGGTCAC,0,580955
araCp,0.2,4,4,TTAGTTACCGGCTGATATAT,0,569540
araCp,0.2,4,4,TTAGGATCTAAATTGTGTGG,0,563014
araCp,0.2,4,4,TTAGCTCCAGCTCAAGTATT,0,547169
araCp,0.2,4,4,TTAGCCGACCATCTGGTGAT,0,542291
araCp,0.2,4,4,TTACGGGTGGTGAGGATAGG,0,571668
araCp,0.2,4,4,TTACGCGAAGCGCCGTGCAA,0,567714
araCp,0.2,4,4,TTACGCCTGATCATCAAGTT,0,564197
araCp,0.2,4,4,TTACATATGAGTATGGCTCT,0,530083
araCp,0.2,4,4,TTACAGCCCATGACGAGGTA,0,589261
araCp,0.2,4,4,TTACACAGGTGGTCACAGCT,0,533457
araCp,0.2,4,4,TTAATCCGAAACGGTGTGAC,0,576140
araCp,0.2,4,4,TTAATAGCTCTTTCTAACTG,0,569791
araCp,0.2,4,4,TTAACATAAATGAAGCTGAT,0,532436
araCp,0.2,4,4,TTAAAGCGGCCATGTCCTAG,0,533551
araCp,0.2,4,4,TTAAACGGCGCGGTAATTCC,0,551994
araCp,0.2,4,4,TTAAACGGAGCGTGTCGGAT,0,535656
araCp,0.2,4,4,TGTTTGGACGACCACTTCAG,0,549072
araCp,0.2,4,4,TGTTTCCCGGGACTTGAAAA,0,534357
araCp,0.2,4,4,TGTTCCATGTTGACCAAAGA,0,579358
araCp,0.2,4,4,TGTTCCACCACGATGGGACG,0,572091
araCp,0.2,4,4,TGTTATAATGAATTTGTATT,0,600680
araCp,0.2,4,4,TGTTAAGCTTAAAGGAATAG,0,590791
araCp,0.2,4,4,TGTGTAGCAGCTTTATGCCC,0,554721
araCp,0.2,4,4,TGTGGTGTACGCGAATAAGG,0,564717
araCp,0.2,4,4,TGTGCATATACTTCTGGGCG,0,574960
araCp,0.2,4,4,TGTCTCGGAATCAATAAGGG,0,528309
araCp,0.2,4,4,TGTCTCCGCCGCATATAGGA,0,557789
araCp,0.2,4,4,TGTCGGCATCCTCTTACCTC,0,563633
araCp,0.2,4,4,TGTCGGACTTCTCTTAAGTG,0,538411
araCp,0.2,4,4,TGTCGCACCGTACGAATGTA,0,525749
araCp,0.2,4,4,TGTCGATTCGATTCATCATG,0,556424
araCp,0.2,4,4,TGTCCTGAAATGAGGGCCAC,0,593963
araCp,0.2,4,4,TGTATGGTCAGTGTGGGAAG,0,543569
araCp,0.2,4,4,TGTATGGACGGTGTATGTCA,0,564447
araCp,0.2,4,4,TGTATCGTAGATAACGTCTC,0,545740
araCp,0.2,4,4,TGTAGTCATTGTTACAGAAT,0,565225
araCp,0.2,4,4,TGTAGGGGCAAAAGGGGATT,0,536516
araCp,0.2,4,4,TGTAGATAGGACCTTGGCGG,0,571250
araCp,0.2,4,4,TGTAATTCCTGGTTAAGGGA,0,569429
araCp,0.2,4,4,TGTAATGTTGGGGCTCGTCC,0,553903
araCp,0.2,4,4,TGTAATCGACACATACGGGA,0,544772
araCp,0.2,4,4,TGTAAGGGTCAGACCGTCTA,0,568944
araCp,0.2,4,4,TGGTTCAGCATTGTGTCAAC,0,537971
araCp,0.2,4,4,TGGTTAGCACATCCCTGTGA,0,576991
araCp,0.2,4,4,TGGTGTGGGTACGTTCGTTT,0,569063
araCp,0.2,4,4,TGGTGATAACAGCTAAGCGT,0,559652
araCp,0.2,4,4,TGGTCATCCCGGCTTGCAGT,0,547685
araCp,0.2,4,4,TGGTACGTGCCAGTTCAACT,0,598958
araCp,0.2,4,4,TGGTAAGCCCACCACTTTAA,0,567301
araCp,0.2,4,4,TGGTAACCTAGGAGGCAGAG,0,582331
araCp,0.2,4,4,TGGGTGGGATAAATGTACTC,0,597068
araCp,0.2,4,4,TGGGTCGCCCGGATGTTCGT,0,585073
araCp,0.2,4,4,TGGGGACGGAGGTAGATATC,0,595629
araCp,0.2,4,4,TGGGGACCATATCGGGATTC,0,581509
araCp,0.2,4,4,TGGGCCAGAAAGATTGGGAG,0,591248
araCp,0.2,4,4,TGGGCCAATAACGTAGGGAT,0,530282
araCp,0.2,4,4,TGGGCATGGCATCCAGTCCT,0,602258
araCp,0.2,4,4,TGGGATTTAGTTCGTTGTGT,0,594599
araCp,0.2,4,4,TGGGACGGGGAATAGATATA,0,573525
araCp,0.2,4,4,TGGCGTTGTACGTTGGCCCA,0,531736
araCp,0.2,4,4,TGGCGAACCACGTTGTCAGA,0,535991
araCp,0.2,4,4,TGGCCTGTTCCTGCTTGTCA,0,571262
araCp,0.2,4,4,TGGCCGGGATTCCCGGCTGA,0,546686
araCp,0.2,4,4,TGGCCCTGACTGTGTGGTCT,0,531171
araCp,0.2,4,4,TGGCCAGCTTGTTAAACCGA,0,531911
araCp,0.2,4,4,TGGCCACCTTCTTACGATGG,0,598349
araCp,0.2,4,4,TGGCCAACGTAGATACCCGT,0,602199
araCp,0.2,4,4,TGGCACAAATGCAACGGCAT,0,589451
araCp,0.2,4,4,TGGCAAATATTGCAGTAAGG,0,592600
araCp,0.2,4,4,TGGATTCAGATCTACGCGTA,0,593809
araCp,0.2,4,4,TGGATCTGAATACAGGTTCA,0,568535
araCp,0.2,4,4,TGGAGTGTCGATTAAGCTGG,0,556419
araCp,0.2,4,4,TGGAGTCGAGTGTGTCAGAT,0,561457
araCp,0.2,4,4,TGGACGTCCCGTACACCTCA,0,567194
araCp,0.2,4,4,TGGACGTCACTCGCTGCTTA,0,557812
araCp,0.2,4,4,TGGACCGTCACGGAGTGCTT,0,568638
araCp,0.2,4,4,TGGACCCGCCCGCGCCATCT,0,534412
araCp,0.2,4,4,TGGAATGCCGTACCGCATGA,0,578836
araCp,0.2,4,4,TGGAAGTACGAGGACACTCA,0,543821
araCp,0.2,4,4,TGGAACTTTTGCTCGGTTTC,0,560155
araCp,0.2,4,4,TGGAACTAGGGGTTGGTATT,0,535390
araCp,0.2,4,4,TGGAACGTGTTCGTGTGGTC,0,548719
araCp,0.2,4,4,TGCTTGACTACCTGTGAATG,0,541198
araCp,0.2,4,4,TGCTTAGTGAGACTTCCGAT,0,534926
araCp,0.2,4,4,TGCTGCAGGGTGCACAATGG,0,534291
araCp,0.2,4,4,TGCTCTTCATTAACGAAGAA,0,591960
araCp,0.2,4,4,TGCTCAACAATAAAAATGGC,0,576049
araCp,0.2,4,4,TGCGTAGGACTCACGAGGGT,0,602253
araCp,0.2,4,4,TGCGGTTGAAGGCTAGCCTT,0,538537
araCp,0.2,4,4,TGCGGCTGGTTCCCCAGGGC,0,535556
araCp,0.2,4,4,TGCGCTTAAAGTTGCATTAA,0,531823
araCp,0.2,4,4,TGCGCCCGTGGGACGCTCCA,0,551374
araCp,0.2,4,4,TGCGCAAGGACCACACCGGT,0,573721
araCp,0.2,4,4,TGCGAGATTGTCGCTTACTC,0,553589
araCp,0.2,4,4,TGCGACAGCGATGAAGAACG,0,597530
araCp,0.2,4,4,TGCCTCATTATGAATCTAAT,0,580422
araCp,0.2,4,4,TGCCCCGGCCACCGGTCAAT,0,593616
araCp,0.2,4,4,TGCCATAATCCAAAGGGTAA,0,540261
araCp,0.2,4,4,TGCCAGCGATGTTGTGCTTA,0,591172
araCp,0.2,4,4,TGCCAGAATGTATCCTCAAG,0,549452
araCp,0.2,4,4,TGCCAAATGCCCTTGTACGA,0,585570
araCp,0.2,4,4,TGCAGGTTCGCGGCCCACGG,0,562606
araCp,0.2,4,4,TGCAGCCTCAACCCCACGGC,0,530241
araCp,0.2,4,4,TGCACTGGATAACAGATACC,0,589135
araCp,0.2,4,4,TGCACAATGGATCCGATCGT,0,585414
araCp,0.2,4,4,TGCAACTAACTTTTATGTTA,0,538974
araCp,0.2,4,4,TGATTTGGTCCCTTAGTTGT,0,556963
araCp,0.2,4,4,TGATTACCTATGGTTTCACA,0,566702
araCp,0.2,4,4,TGATGTTTGGCTCATAAGTT,0,536550
araCp,0.2,4,4,TGATGGGCGTGCCGGTTGAG,0,552217
araCp,0.2,4,4,TGATCTGGGCCGCGGTCACA,0,556039
araCp,0.2,4,4,TGATCACTGCGAGTCGCTTG,0,563265
araCp,0.2,4,4,TGAGTTCCAGCCGAGAGAGA,0,570294
araCp,0.2,4,4,TGAGTCAATACCACACATGA,0,603079
araCp,0.2,4,4,TGAGGGGAGAGCTTGTTCGA,0,595917
araCp,0.2,4,4,TGAGGAACCAGGTAACACGG,0,594429
araCp,0.2,4,4,TGAGCTACAAGTCTAGGAGG,0,569153
araCp,0.2,4,4,TGAGCGTATCGCGTTTCGCG,0,575957
araCp,0.2,4,4,TGAGAGCCAAGATAGTGCTA,0,549258
araCp,0.2,4,4,TGAGACTGGCCCTAGCAACA,0,567606
araCp,0.2,4,4,TGACTTGACATCAGTCCCCG,0,594476
araCp,0.2,4,4,TGACTGAGAAAACTCAACCA,0,564568
araCp,0.2,4,4,TGACTACTTAATATTGGCGA,0,551927
araCp,0.2,4,4,TGACTAAGTTTTAGCATCAA,0,592946
araCp,0.2,4,4,TGACATCGATAGGTTTTGCG,0,546239
araCp,0.2,4,4,TGACAGCCTCTGTTATGTAC,0,525814
araCp,0.2,4,4,TGAATTGATTAATGAAGGTA,0,566820
araCp,0.2,4,4,TGAAGGTCAAAAAAAATCCT,0,591723
araCp,0.2,4,4,TGAAGGGCCTCGCATCACAC,0,541089
araCp,0.2,4,4,TGAACGATCGTGCCCTAGCC,0,599434
araCp,0.2,4,4,TGAACCTTCCGTCACACGCT,0,565666
araCp,0.2,4,4,TCTTTGTGAGGACTAAGTTC,0,544599
araCp,0.2,4,4,TCTTTCCATTACGGTGGAAC,0,549260
araCp,0.2,4,4,TCTTGTTAAAATCTTACTCA,0,536095
araCp,0.2,4,4,TCTTGTGAGTAGCACGGGGA,0,565809
araCp,0.2,4,4,TCTTGCGCTTCTGGACAAAC,0,564699
araCp,0.2,4,4,TCTTCTGTCTCAAAGTAATC,0,535616
araCp,0.2,4,4,TCTTCGTTGACTCAAGGACC,0,570239
araCp,0.2,4,4,TCTTCGGTTTACAAGGCAAT,0,542214
araCp,0.2,4,4,TCTGTCCAACAACGGCCAGT,0,599346
araCp,0.2,4,4,TCTGGCACATGGTAGCCATT,0,555298
araCp,0.2,4,4,TCTGCGCGGAGGTTGCTCAT,0,602734
araCp,0.2,4,4,TCTGCGCACGAGCACGCAGG,0,539444
araCp,0.2,4,4,TCTGATACGGGTAGGGCATT,0,597102
araCp,0.2,4,4,TCTCTGGTGAATGCGACTAA,0,574761
araCp,0.2,4,4,TCTCTCGCCATGCGTAAACA,0,596880
araCp,0.2,4,4,TCTCATCGTCAAATATGTAG,0,542269
araCp,0.2,4,4,TCTATGAACGGCGTGTAATA,0,544845
araCp,0.2,4,4,TCTACTAATTCGTATCTCTT,0,586547
araCp,0.2,4,4,TCTAATGCTTTATTCAAAGG,0,535620
araCp,0.2,4,4,TCTAACTCACTTGCGCTTGC,0,598688
araCp,0.2,4,4,TCTAAACTAAGATCAGGCAT,0,564110
araCp,0.2,4,4,TCTAAAACGTTTGTAGAATG,0,599891
araCp,0.2,4,4,TCTAAAAAGTCTCAGCCCCT,0,546158
araCp,0.2,4,4,TCGTCTGAGGGTCAGTACCA,0,592740
araCp,0.2,4,4,TCGTCTGAGGGACACCGCAA,0,528600
araCp,0.2,4,4,TCGGTTTCCCTCCAGCGGGT,0,598108
araCp,0.2,4,4,TCGGTTAATTTATAATTATT,0,539743
araCp,0.2,4,4,TCGGTGGCAGCTATCGTGTG,0,531235
araCp,0.2,4,4,TCGGTAACTATTACGTTAAC,0,552056
araCp,0.2,4,4,TCGGGTTTGGTACTTCCAGG,0,575758
araCp,0.2,4,4,TCGGGGGGTAGGGTTCCGTA,0,593786
araCp,0.2,4,4,TCGGGCATGGGCATTCAAGC,0,600630
araCp,0.2,4,4,TCGGCTTTTCTAGGTGTAGG,0,529916
araCp,0.2,4,4,TCGGAACGTTATCGCAGGAA,0,545241
araCp,0.2,4,4,TCGCTTGCGAAATGGGATAT,0,574336
araCp,0.2,4,4,TCGCGTATGCAACTTTGCAG,0,598019
araCp,0.2,4,4,TCGCCTGGGAAAAGCAAGAT,0,578520
araCp,0.2,4,4,TCGCAGCGAAATAAAGATTT,0,595850
araCp,0.2,4,4,TCGCAAGGACTATCGTGGGC,0,578875
araCp,0.2,4,4,TCGATTGGTGCGCGCTATAA,0,600609
araCp,0.2,4,4,TCGATCTGATGCTTATGCGA,0,559673
araCp,0.2,4,4,TCGACAACAGACCGTACAGT,0,525911
araCp,0.2,4,4,TCGAACTAGGAAGGCGATAT,0,558578
araCp,0.2,4,4,TCGAAAGTCTTAGTTGTGAG,0,540920
araCp,0.2,4,4,TCCTTGTCACTTAACGCGCA,0,543133
araCp,0.2,4,4,TCCTGGTCCAAACTTTAGGG,0,573798
araCp,0.2,4,4,TCCTGCGTGCGTGCTCCACT,0,552143
araCp,0.2,4,4,TCCTCCTAGGGGTCAGTCAG,0,545986
araCp,0.2,4,4,TCCTCCGGTGGGCAATACTG,0,592200
araCp,0.2,4,4,TCCTATAGGGACCTTCGGGG,0,596303
araCp,0.2,4,4,TCCTAGCCCATACTCGAACT,0,556952
araCp,0.2,4,4,TCCGGTTTAAAAGCACTTAT,0,546128
araCp,0.2,4,4,TCCGGGGTCGATGACCCGTT,0,529865
araCp,0.2,4,4,TCCGCTTCCCTAGCGCTCAA,0,588768
araCp,0.2,4,4,TCCGCGATTTGCATAGCCAG,0,589164
araCp,0.2,4,4,TCCGCCGGGAGGATGTTTTT,0,532047
araCp,0.2,4,4,TCCGCCACTGAAGAGGTTAC,0,565437
araCp,0.2,4,4,TCCGCATAAACGGATTTGGT,0,593489
araCp,0.2,4,4,TCCGCACTTCGAAATAATTA,0,580913
araCp,0.2,4,4,TCCCTCGCTATTATGGCCAT,0,537353
araCp,0.2,4,4,TCCCAGACCACGTCACGTGC,0,571519
araCp,0.2,4,4,TCCATGTCGGGACCATAATT,0,573575
araCp,0.2,4,4,TCCATGCTGGTTCCCAGCGT,0,582304
araCp,0.2,4,4,TCCATCCTTCGAACATATAC,0,556428
araCp,0.2,4,4,TCCATCATGGATAACTAGGG,0,531015
araCp,0.2,4,4,TCCATCAGGGTGCGTGTTAT,0,599978
araCp,0.2,4,4,TCCATCAATAAATCTCTATA,0,551515
araCp,0.2,4,4,TCCAGCGGCTCTTCCCTCAT,0,575205
araCp,0.2,4,4,TCCAGCGCCCAGGTTCGGAA,0,548492
araCp,0.2,4,4,TCCACTAGGGAGCATCCAGT,0,582813
araCp,0.2,4,4,TCCACGGGAGTCCGGGATTC,0,539906
araCp,0.2,4,4,TCATTTGACTCTAAGGTGAG,0,585494
araCp,0.2,4,4,TCATTATATTATTCTATACG,0,573853
araCp,0.2,4,4,TCATGTTCGTCGAACCGTGT,0,595145
araCp,0.2,4,4,TCATGAGGATTGGCTTCATA,0,601810
araCp,0.2,4,4,TCATCTGCTCAAAGCGTAGA,0,583127
araCp,0.2,4,4,TCATCTCGCCGGGCACAAGG,0,542668
araCp,0.2,4,4,TCATCGTCCAATTGAACACC,0,540512
araCp,0.2,4,4,TCATAACTTATGGACTGCCA,0,532735
araCp,0.2,4,4,TCAGGGTGTGCAGCTCAAAA,0,534381
araCp,0.2,4,4,TCAGGCAAGCCATGATCTCA,0,538623
araCp,0.2,4,4,TCAGCTCGCACGGCACGCAC,0,541340
araCp,0.2,4,4,TCAGCGTTCCACACAATGAT,0,531255
araCp,0.2,4,4,TCAGCGCTTCGCGAAACTAC,0,546844
araCp,0.2,4,4,TCAGCAGCTCTTACCGCTTG,0,563366
araCp,0.2,4,4,TCAGCAATTAGTGCGGATAG,0,578141
araCp,0.2,4,4,TCACGTCACGGGCGCACTTT,0,600463
araCp,0.2,4,4,TCACCTGGACGGTAATTTCA,0,535847
araCp,0.2,4,4,TCACCCTTTTCACCACCCAA,0,564263
araCp,0.2,4,4,TCACCCAATGGCTTCAATTG,0,569264
araCp,0.2,4,4,TCACATAGAAGTAACATCGT,0,583632
araCp,0.2,4,4,TCACAGCGGATTTGGGGCTC,0,531231
araCp,0.2,4,4,TCAATTGATGATCCATCGAA,0,593723
araCp,0.2,4,4,TCAATGTTCAATTTGGTGCT,0,552618
araCp,0.2,4,4,TCAATGCCCCAAAGCGAGCC,0,535988
araCp,0.2,4,4,TCAAGTTGTACGATATTGGT,0,555453
araCp,0.2,4,4,TCAAAATGGGCAATAGATGA,0,566326
araCp,0.2,4,4,TATTTACAAGCATCTTCTGA,0,548307
araCp,0.2,4,4,TATTGTGGTTAGCGGTACCC,0,566433
araCp,0.2,4,4,TATTATTCTGATCTCGGTTC,0,556128
araCp,0.2,4,4,TATTATGTGTTGGTTTTTCT,0,584010
araCp,0.2,4,4,TATTAGCTTTATCTTCCCGG,0,529991
araCp,0.2,4,4,TATGTATTGGAGTGGGTTTC,0,555607
araCp,0.2,4,4,TATGTATATTGGGACGGGAC,0,589433
araCp,0.2,4,4,TATGGTAGATAGTCGGCACA,0,531199
araCp,0.2,4,4,TATGCCTAAAGGCTTGTTGT,0,599159
araCp,0.2,4,4,TATGCAGACGAGGTATTCAG,0,538992
araCp,0.2,4,4,TATGATGTTATTGAGGCGGG,0,548164
araCp,0.2,4,4,TATGAGAGACCGACACTTCT,0,572647
araCp,0.2,4,4,TATCGTTCGTGTCAAGGCAT,0,577901
araCp,0.2,4,4,TATCGTCGCTCGATCAAATA,0,578893
araCp,0.2,4,4,TATCGGACGAGCAGGAGCAA,0,542328
araCp,0.2,4,4,TATCCCTTACATTCGAATAT,0,586350
araCp,0.2,4,4,TATCCCTAGGTTTTTAGTGA,0,557037
araCp,0.2,4,4,TATCCCATTTGGAAAACCGA,0,600751
araCp,0.2,4,4,TATCCCAAGTGTTTTATTCC,0,597205
araCp,0.2,4,4,TATCACTCGCTGTCTTTAGA,0,566434
araCp,0.2,4,4,TATATATTTAAGACGAGAGG,0,526608
araCp,0.2,4,4,TATAGGCGTCTCTCGGGATA,0,555045
araCp,0.2,4,4,TATAGAAGTTCGTCCATATA,0,547793
araCp,0.2,4,4,TAGTCCGGTATTCCTGCACG,0,528847
araCp,0.2,4,4,TAGTCCCTCGGTGAGAGTCA,0,543676
araCp,0.2,4,4,TAGGTCACAGTTGATCATGA,0,585271
araCp,0.2,4,4,TAGGGAAGAATGTCTGGACG,0,590474
araCp,0.2,4,4,TAGGCCAACGGATATTAAGC,0,548551
araCp,0.2,4,4,TAGGCAACTAAGGGATTCCC,0,538114
araCp,0.2,4,4,TAGGACACTTAACTATATGT,0,577110
araCp,0.2,4,4,TAGCTGGCAAGTGTAGAATG,0,548158
araCp,0.2,4,4,TAGCTGCGCGGCTTTTTTCT,0,557760
araCp,0.2,4,4,TAGCTCGATGCGGACGCTTC,0,568851
araCp,0.2,4,4,TAGCTCCCTTGACCATCGGA,0,595790
araCp,0.2,4,4,TAGCGTGGGACGTTGGGATC,0,534200
araCp,0.2,4,4,TAGCGTAGCCCATGCTCGCC,0,568751
araCp,0.2,4,4,TAGCCGGGGCACTATGACGA,0,567294
araCp,0.2,4,4,TAGCCCTCCCACTGTATAAA,0,528589
araCp,0.2,4,4,TAGCCCATGCCAGATGTGGA,0,551406
araCp,0.2,4,4,TAGCAGCGTAGAAGTATGTC,0,584053
araCp,0.2,4,4,TAGAGCAAGTAATACTGACG,0,591175
araCp,0.2,4,4,TAGACGAGCTCGTGCGAGAG,0,538933
araCp,0.2,4,4,TAGAACAAGACCCGTCGTCC,0,590955
araCp,0.2,4,4,TACTTTCTGTTTCTGGGGTC,0,545146
araCp,0.2,4,4,TACTTATACGATAGATCTTG,0,580269
araCp,0.2,4,4,TACTGTACTCCTATGGTGGT,0,559808
araCp,0.2,4,4,TACTCTGACTGTGATACTGC,0,602301
araCp,0.2,4,4,TACTACTGAGGCTATCCACC,0,527379
araCp,0.2,4,4,TACGTTGTGCACTGTGTGGG,0,596268
araCp,0.2,4,4,TACGTCTACAACATCATGGA,0,601311
araCp,0.2,4,4,TACGGGTAATACAAGAAAGC,0,582562
araCp,0.2,4,4,TACGGATTTTATGTTTTAAG,0,583021
araCp,0.2,4,4,TACGCGGGTTTCGACTATCT,0,584359
araCp,0.2,4,4,TACGCGCCAAAACGATTCTA,0,549178
araCp,0.2,4,4,TACGCATCCGCGACTCCAGC,0,579094
araCp,0.2,4,4,TACCTCTCCAAGCGCGGCGC,0,591942
araCp,0.2,4,4,TACCTATATAGAATTTAACT,0,526672
araCp,0.2,4,4,TACCCAGTCTGGCAGGGTGC,0,539976
araCp,0.2,4,4,TACCAGGGGACAGGTCGTGT,0,577570
araCp,0.2,4,4,TACATGACCGTTAACTTCAG,0,593130
araCp,0.2,4,4,TACATAGGAAGTTCACCTAT,0,586634
araCp,0.2,4,4,TACAGAACACTATCTGTGGA,0,585510
araCp,0.2,4,4,TACACGCCGATGGACGGATG,0,602060
araCp,0.2,4,4,TACACCGTAGTACTCTGCCG,0,600058
araCp,0.2,4,4,TACACCGCTCTCAAGCAACT,0,594966
araCp,0.2,4,4,TACAACTTGTAGTTCACGTG,0,538143
araCp,0.2,4,4,TAATTTAAATTACGTTAGGT,0,562242
araCp,0.2,4,4,TAATTGTAAAAGACGCTCGT,0,532676
araCp,0.2,4,4,TAATTCATAGACATCGGCGA,0,560139
araCp,0.2,4,4,TAATTAAAGTCGCAGCGAGT,0,532805
araCp,0.2,4,4,TAATGTTACGTAGGAAATCT,0,586487
araCp,0.2,4,4,TAATGCTAGGCAGCTGCGAT,0,575474
araCp,0.2,4,4,TAATCTGCATAGCGAGTGAG,0,566929
araCp,0.2,4,4,TAATAGGTCAGTACCAAGTA,0,554593
araCp,0.2,4,4,TAATAGCGCGTGGCTGTAAA,0,566666
araCp,0.2,4,4,TAATAATCGCCAACGTAAGG,0,546066
araCp,0.2,4,4,TAATAAAAACTACTGAGTGA,0,529418
araCp,0.2,4,4,TAAGTCTTAAAAGTGAGCAG,0,532235
araCp,0.2,4,4,TAAGTCGTCTGTATCCCGGT,0,572947
araCp,0.2,4,4,TAAGCGAGTGAGTCGTTCCG,0,549276
araCp,0.2,4,4,TAAGATGCATAAATAGTTAG,0,549097
araCp,0.2,4,4,TAAGAGTCGCTCACGATTTC,0,550814
araCp,0.2,4,4,TAACTGCACGGCCATTGGCC,0,561445
araCp,0.2,4,4,TAACTAAGCCGAGAGTAATC,0,584307
araCp,0.2,4,4,TAACGGTCATGTGTACTGGG,0,530797
araCp,0.2,4,4,TAACCCAACCCGGATTCGGC,0,561029
araCp,0.2,4,4,TAACCAAAACTCGTCGCCAG,0,574945
araCp,0.2,4,4,TAACAAACGTTCCTCACGGG,0,563407
araCp,0.2,4,4,TAAATTTTGCACTCCCTATC,0,543355
araCp,0.2,4,4,TAAATTTAGCACGCATCTCA,0,573722
araCp,0.2,4,4,TAAATTGGTGGTGACGGCTA,0,559767
araCp,0.2,4,4,TAAATTAATACCATCTCCAA,0,548876
araCp,0.2,4,4,TAAATCTAGCCGGGTGTCTG,0,562553
araCp,0.2,4,4,TAAACAGCAACAGTATAGGA,0,555039
araCp,0.2,4,4,TAAAATTTGTTCCAGATGCG,0,582283
araCp,0.2,4,4,TAAAATGCGCCGACGGGGCG,0,588090
araCp,0.2,4,4,GTTTTGTAGGTCCTAGCAAA,0,525965
araCp,0.2,4,4,GTTTGTGTAAAGGACGAGGT,0,585831
araCp,0.2,4,4,GTTTGCACTGTTGTCGATGC,0,532338
araCp,0.2,4,4,GTTTGAATATATAAAGTCCA,0,561738
araCp,0.2,4,4,GTTTATCGAACAAAAACTTG,0,546084
araCp,0.2,4,4,GTTTATCCTCTGGGCTTCAT,0,529840
araCp,0.2,4,4,GTTTAGTTTTGTACGTACTC,0,554988
araCp,0.2,4,4,GTTTACACAGTGGAATACGT,0,571110
araCp,0.2,4,4,GTTTAAGTCTAAGTTCCGGT,0,544109
araCp,0.2,4,4,GTTGTTTACAGTCCTGTCCT,0,588870
araCp,0.2,4,4,GTTGTGATGGCCCGAGCCAC,0,599355
araCp,0.2,4,4,GTTGGTGGGTGGCGGTACAT,0,550462
araCp,0.2,4,4,GTTGGGTGCCCAAATATTCA,0,580815
araCp,0.2,4,4,GTTGGGAGAACGCCATAAGG,0,561776
araCp,0.2,4,4,GTTGATTACATGCATTGTCT,0,572956
araCp,0.2,4,4,GTTGAACCCTGTTCGCTTGC,0,582686
araCp,0.2,4,4,GTTGAAATACTTTACATAAC,0,570181
araCp,0.2,4,4,GTTCTCCGATAACTATGCAG,0,553937
araCp,0.2,4,4,GTTCCTTTGTCAGGGATTGC,0,597981
araCp,0.2,4,4,GTTCCAACTACAATCCTTTC,0,597047
araCp,0.2,4,4,GTTCATCCTGCGGTCAGGTC,0,537484
araCp,0.2,4,4,GTTCACCGCATATTTGAGAA,0,557569
araCp,0.2,4,4,GTTCACCCTATAGGGACCGA,0,535823
araCp,0.2,4,4,GTTCACCATGATACTCAGTT,0,579219
araCp,0.2,4,4,GTTCAACATCTGTTGACAGA,0,549930
araCp,0.2,4,4,GTTATTTCGCTAATGAAGGC,0,548832
araCp,0.2,4,4,GTTACTACTGGTCGCGGCCA,0,528398
araCp,0.2,4,4,GTGTTTCTGATCGGTTAGCA,0,602777
araCp,0.2,4,4,GTGTTGCCACCTGAGTCCAT,0,592352
araCp,0.2,4,4,GTGTTAGACTAACAGCGAAT,0,548920
araCp,0.2,4,4,GTGTGTATCCCGAACCTTCG,0,565624
araCp,0.2,4,4,GTGTGCTTCTCAGCACCCAG,0,603531
araCp,0.2,4,4,GTGTGCGGTACACGTCAGAG,0,578350
araCp,0.2,4,4,GTGTCTATTCTAGAGACGCT,0,584981
araCp,0.2,4,4,GTGTCGCCTTAGCTTGTATT,0,528303
araCp,0.2,4,4,GTGTCAATTACAACGATCAT,0,540127
araCp,0.2,4,4,GTGTAAGTGTACTACCAGTT,0,588530
araCp,0.2,4,4,GTGGTTTATGACCCCAAGGT,0,539505
araCp,0.2,4,4,GTGGTGAGTTATTTGGAGCA,0,544513
araCp,0.2,4,4,GTGGTATAGACGCTATCTAT,0,567949
araCp,0.2,4,4,GTGGGCTTTAATTCGTACCT,0,547354
araCp,0.2,4,4,GTGGGCTTATTGTAAGACAT,0,527122
araCp,0.2,4,4,GTGGGAAGCAGCGCTCGGAG,0,525941
araCp,0.2,4,4,GTGGATATCACAAACCGCAG,0,529909
araCp,0.2,4,4,GTGGAGGCCCGAATCGTACA,0,572028
araCp,0.2,4,4,GTGGAGATAGAAACCATGCG,0,527105
araCp,0.2,4,4,GTGGAATTCGGGAAGTTAAT,0,594335
araCp,0.2,4,4,GTGCTGCACTGACTGCTTCG,0,578905
araCp,0.2,4,4,GTGCGAGCACGACTGTGATC,0,588946
araCp,0.2,4,4,GTGCGAAGCTCACCGATGAA,0,526204
araCp,0.2,4,4,GTGCAGACATGGGGGAGGCT,0,529965
araCp,0.2,4,4,GTGATTGTCTAGGGGCTTTT,0,574484
araCp,0.2,4,4,GTGATCGTTACGGTGATACC,0,579577
araCp,0.2,4,4,GTGATCGCGCTCGTTTGCAT,0,530507
araCp,0.2,4,4,GTGATCCATGTTCAGACTTT,0,527168
araCp,0.2,4,4,GTGATATTAGTTGAATGCGT,0,564751
araCp,0.2,4,4,GTGAGGCGTGTTAAAAGTTG,0,539404
araCp,0.2,4,4,GTGAGATGCATATTGCTAAT,0,544490
araCp,0.2,4,4,GTGAGAGAGGCATACGAATT,0,588136
araCp,0.2,4,4,GTGAATATAAGAATGTGATC,0,559202
araCp,0.2,4,4,GTGAACAAGGCCCGAATTTT,0,602527
araCp,0.2,4,4,GTCTGCGAGAAGTCAGGACC,0,585691
araCp,0.2,4,4,GTCTATTATAAACTCGTTCT,0,580677
araCp,0.2,4,4,GTCTATGGCCATAATACAGA,0,536934
araCp,0.2,4,4,GTCTAGGATGGCCCTAGGTG,0,594394
araCp,0.2,4,4,GTCGGTCAAGAAAGTCCTAG,0,550149
araCp,0.2,4,4,GTCGGGTTCGACTGGTTGCC,0,588146
araCp,0.2,4,4,GTCGCTGTAGTTCACAAGAG,0,535654
araCp,0.2,4,4,GTCCTTAATTCTGGCCTGAT,0,556908
araCp,0.2,4,4,GTCCGTTCACAATCCACCGC,0,575753
araCp,0.2,4,4,GTCCGATGCGGGTGAAGTAG,0,541799
araCp,0.2,4,4,GTCCCTTTCAGGCGGGCATC,0,586283
araCp,0.2,4,4,GTCCCTCCCCGCTAGGCATG,0,529428
araCp,0.2,4,4,GTCCCGGAGGCCTCCCTAAC,0,599351
araCp,0.2,4,4,GTCCCGATACGGCAGGCCAA,0,582545
araCp,0.2,4,4,GTCCAATTGAGCCATTTACG,0,598100
araCp,0.2,4,4,GTCCAACTCGGGGTGAATAA,0,527312
araCp,0.2,4,4,GTCATGAGGGCAGTACGTTG,0,570406
araCp,0.2,4,4,GTCATCCGTCAGTGTGCATA,0,564010
araCp,0.2,4,4,GTCAGCTGGCATATAAGCTC,0,559879
araCp,0.2,4,4,GTCAGCAGCGATGGTAGGCT,0,547387
araCp,0.2,4,4,GTCACCCCATACGAAGGTAC,0,600889
araCp,0.2,4,4,GTATGGTCTCTGGCTCAGGA,0,526929
araCp,0.2,4,4,GTATGAGACTAATGTTGGTG,0,599009
araCp,0.2,4,4,GTATAGACCGCTGACAGCGG,0,584529
araCp,0.2,4,4,GTATAGACAACGGCTTTAAG,0,599339
araCp,0.2,4,4,GTATAAATTCGGGGCACGGC,0,587137
araCp,0.2,4,4,GTAGTTGGCTATATACAGCT,0,547256
araCp,0.2,4,4,GTAGTGCGGGTTGTGTGACG,0,574736
araCp,0.2,4,4,GTAGTAGTCTAACCGTCAGG,0,569339
araCp,0.2,4,4,GTAGTACCGACGAGAGTCCA,0,565826
araCp,0.2,4,4,GTAGGTATGCAGCGCCAGGG,0,589043
araCp,0.2,4,4,GTAGGACCATCGCCTCAGCT,0,578414
araCp,0.2,4,4,GTAGCACCAACGCTAACCTT,0,561204
araCp,0.2,4,4,GTAGACGAATCGACCCTCGT,0,597691
araCp,0.2,4,4,GTAGAACTATGAAAGTGACA,0,568144
araCp,0.2,4,4,GTACTTTTGGGGCGTGCTGC,0,542913
araCp,0.2,4,4,GTACGTGATTGAGCTTACAT,0,573952
araCp,0.2,4,4,GTACGACAGATTAACGTTAG,0,570287
araCp,0.2,4,4,GTACCCGATTAGAAGTGAAC,0,576718
araCp,0.2,4,4,GTACCATACATTTTCATCTA,0,527452
araCp,0.2,4,4,GTAATTTACTCTTCTTTCTA,0,549370
araCp,0.2,4,4,GTAATAATCCTGTGAGACAA,0,571581
araCp,0.2,4,4,GTAAGTCAATACCACTAACT,0,538984
araCp,0.2,4,4,GTAAGAACTTTCGGGTTCTG,0,561350
araCp,0.2,4,4,GTAACGTGATGTTCTGATGA,0,551700
araCp,0.2,4,4,GTAAAACGCAAGTGTCAATT,0,601365
araCp,0.2,4,4,GGTTGTAAGATTCTAAAGAC,0,594741
araCp,0.2,4,4,GGTTGCGACTCGTATATTTT,0,560578
araCp,0.2,4,4,GGTTCTGATCAATAATGCGG,0,600065
araCp,0.2,4,4,GGTTCTCCTTGTACGGCATC,0,579966
araCp,0.2,4,4,GGTTCGGTGCCTTAGATTGT,0,586967
araCp,0.2,4,4,GGTTCGGGACCATGATGCTG,0,541265
araCp,0.2,4,4,GGTTCGCGGAGACATCATCC,0,590725
araCp,0.2,4,4,GGTTCACCTCAATCTAGCCC,0,527680
araCp,0.2,4,4,GGTTATCTTTGTGCCCGGGG,0,529783
araCp,0.2,4,4,GGTGTCCTTAGCCATAAATC,0,591230
araCp,0.2,4,4,GGTGGTACTCATAACCAAGT,0,603326
araCp,0.2,4,4,GGTGGGGCCTGACTACCAGT,0,565235
araCp,0.2,4,4,GGTGGCAGGGTGCATAATTT,0,534912
araCp,0.2,4,4,GGTGGATCTCAACTTGGATA,0,537857
araCp,0.2,4,4,GGTGGACACACTTTTCAAAG,0,570297
araCp,0.2,4,4,GGTGCCAACCCGACGACTGC,0,572536
araCp,0.2,4,4,GGTGCAAGGAAGTCTTGGCA,0,573374
araCp,0.2,4,4,GGTGATGTCCATGGCACGAG,0,598690
araCp,0.2,4,4,GGTGAGTTCATGTCGTCTCC,0,530563
araCp,0.2,4,4,GGTGACTAAGAGTCATGGAA,0,591978
araCp,0.2,4,4,GGTCGGCAGACTGTTTTACT,0,589456
araCp,0.2,4,4,GGTCGCGCCGGGGAGCTAAC,0,541503
araCp,0.2,4,4,GGTCCTAGCGCCGTTAGCAT,0,571782
araCp,0.2,4,4,GGTCCGATAATACTTGGCAT,0,534462
araCp,0.2,4,4,GGTCAAATCGCCGATCATCC,0,543763
araCp,0.2,4,4,GGTCAAACGTTCACATCGGC,0,527964
araCp,0.2,4,4,GGTATGCGTCCCACTTAGCG,0,561509
araCp,0.2,4,4,GGTATCTTCGAAGACGAGCG,0,538580
araCp,0.2,4,4,GGTATAGGTTATTGCATACT,0,568100
araCp,0.2,4,4,GGTAGTTGGTAGCCTCGGCC,0,591357
araCp,0.2,4,4,GGTAGTTGGGCCTATCTTTG,0,547646
araCp,0.2,4,4,GGTAGAGATAAGAGTAGAAC,0,525956
araCp,0.2,4,4,GGTACCGTAGTGGCGATCCT,0,573382
araCp,0.2,4,4,GGTACATATAATTGTCTCAA,0,555998
araCp,0.2,4,4,GGGTGGGGGCCCATCGCTAT,0,598782
araCp,0.2,4,4,GGGTGAGCAGTTCGAGGAAT,0,548228
araCp,0.2,4,4,GGGTCTTTTATACACGGACT,0,537351
araCp,0.2,4,4,GGGTATCGCCTTGATTTCTA,0,536094
araCp,0.2,4,4,GGGTATATAAACGAACTGGG,0,576669
araCp,0.2,4,4,GGGTATAGGTCACCCTGCAG,0,576420
araCp,0.2,4,4,GGGTAATGGCGCGCAGGAGA,0,587388
araCp,0.2,4,4,GGGGTAGTAGTGTTGGTAAG,0,585815
araCp,0.2,4,4,GGGGTAGAGGTGGTGAGGGA,0,580052
araCp,0.2,4,4,GGGGGTCAGAACTATCGGCC,0,532303
araCp,0.2,4,4,GGGGGGTCTATGCCGTAACT,0,539151
araCp,0.2,4,4,GGGGGGTATCCTTCTGGCGT,0,552137
araCp,0.2,4,4,GGGGGATTCAATCGTTAACT,0,579433
araCp,0.2,4,4,GGGGCGATGTTGCAAAAACT,0,539954
araCp,0.2,4,4,GGGGCATAGTGTAGGGGTCA,0,525604
araCp,0.2,4,4,GGGGCAGCATGAGTCGGTCG,0,531923
araCp,0.2,4,4,GGGGAGGTATTCAAGACAGC,0,533875
araCp,0.2,4,4,GGGCTTTTCATTTTCTAATA,0,580497
araCp,0.2,4,4,GGGCTTCCCAAACGGGAATG,0,537338
araCp,0.2,4,4,GGGCTGCAGTGGTCAACGGT,0,574282
araCp,0.2,4,4,GGGCTGATAAGGCATTTCCG,0,553287
araCp,0.2,4,4,GGGCTAAATTCGCACCTATA,0,601073
araCp,0.2,4,4,GGGCGGGCCCTCCGTCAAGT,0,526513
araCp,0.2,4,4,GGGCGATTGGTAGATACCCA,0,592143
araCp,0.2,4,4,GGGCCTGTGGCAGCGAGCTT,0,578445
araCp,0.2,4,4,GGGCCATGCTGTTATGATTG,0,578081
araCp,0.2,4,4,GGGCCAGCATAGTCGTACTA,0,588177
araCp,0.2,4,4,GGGCACCTCAGTCTTCTGGC,0,561680
araCp,0.2,4,4,GGGATGGACAAGGTATCATT,0,595414
araCp,0.2,4,4,GGGATCTTGCTGACCTGGGA,0,578519
araCp,0.2,4,4,GGGATACTTTACTGTTTGAT,0,570342
araCp,0.2,4,4,GGGATAATGACAACCCGGGA,0,530152
araCp,0.2,4,4,GGGAGGCTAAAATCTTAAGT,0,574993
araCp,0.2,4,4,GGGAGCATATGGGTTTCATC,0,531930
araCp,0.2,4,4,GGGACTAAATCGGCTACAGA,0,598699
araCp,0.2,4,4,GGGACCGGAGATATACCATA,0,570040
araCp,0.2,4,4,GGGACCCGGCGACCAATTCA,0,555477
araCp,0.2,4,4,GGGAAGGGTGAAGCGCTATT,0,566945
araCp,0.2,4,4,GGCTTTAAGCACCAGGGCCA,0,580125
araCp,0.2,4,4,GGCTGGTAACGTAGCTACAT,0,597781
araCp,0.2,4,4,GGCTGCGTATAAACAAGACC,0,538794
araCp,0.2,4,4,GGCTCGGTCCATCGCATAGT,0,599394
araCp,0.2,4,4,GGCTCCATCGCTTGGCGACG,0,538584
araCp,0.2,4,4,GGCTATTGGGGCATGAATAG,0,603529
araCp,0.2,4,4,GGCTAAGTCTGCTCATACGC,0,527562
araCp,0.2,4,4,GGCGTTAGCGGTGCGTTTAA,0,539744
araCp,0.2,4,4,GGCGTGCGAGCGGAGGTGCT,0,543461
araCp,0.2,4,4,GGCGGTGTCCCTCTAGTACA,0,594911
araCp,0.2,4,4,GGCGGGCACCTTAAGGGGGG,0,552299
araCp,0.2,4,4,GGCGGCTAAAGTGGCTAGAA,0,566304
araCp,0.2,4,4,GGCGGATCCAAGTTCGAGTA,0,587249
araCp,0.2,4,4,GGCGGAATAGGTTTTGTAAT,0,573899
araCp,0.2,4,4,GGCGCGCAGAAGTGGGATTA,0,594064
araCp,0.2,4,4,GGCGCACGTTGCAAACGCCA,0,580534
araCp,0.2,4,4,GGCGAAAAGACTGGGGGTGT,0,554848
araCp,0.2,4,4,GGCCTGCGTCGAGCCGGGGT,0,539724
araCp,0.2,4,4,GGCCGGCGTCAGCACATACT,0,600150
araCp,0.2,4,4,GGCCGCCAGGACCGTGTGTG,0,561864
araCp,0.2,4,4,GGCATTGAAAACAGAGCATG,0,581049
araCp,0.2,4,4,GGCATGTTAAGGTTTCACGA,0,530649
araCp,0.2,4,4,GGCAGCGCGTGCCAAGAAAG,0,581813
araCp,0.2,4,4,GGCAGCCGCGAATGGTGGAC,0,536116
araCp,0.2,4,4,GGCAGAAGCCGCAACAGCCG,0,570941
araCp,0.2,4,4,GGCACTGTATCGAATCAACA,0,531914
araCp,0.2,4,4,GGCACTCGTATCGAGCGCTT,0,566644
araCp,0.2,4,4,GGCACCTGTTGATGTTAGTG,0,577215
araCp,0.2,4,4,GGCACAGGCACTGCCATATC,0,579060
araCp,0.2,4,4,GGATTGTTATCATTGCGAAG,0,550439
araCp,0.2,4,4,GGATTGCTATTAGTGGTAAT,0,563276
araCp,0.2,4,4,GGATTCGGAGAGTAATATGT,0,548930
araCp,0.2,4,4,GGATGGACAGAAAAAGGTCG,0,582435
araCp,0.2,4,4,GGATAGCAGTAGACAAGTCG,0,597403
araCp,0.2,4,4,GGAGTCAAATCTAGCCGTGT,0,566642
araCp,0.2,4,4,GGAGGCACAAAACTACCCCC,0,545452
araCp,0.2,4,4,GGAGCTTCGACTTCCGTACA,0,581991
araCp,0.2,4,4,GGAGATTTTGTTCGGGCGCA,0,602026
araCp,0.2,4,4,GGAGAAGCGAGGTGTGAGAT,0,577060
araCp,0.2,4,4,GGACTTGAGGCGAATCCCCC,0,561095
araCp,0.2,4,4,GGACTGAGGCAGAGGCAATA,0,593705
araCp,0.2,4,4,GGACTAAAGAACTCCGAGAC,0,531439
araCp,0.2,4,4,GGACGTTGCAAATTATCTGT,0,549803
araCp,0.2,4,4,GGACGCAGCTACACGGAGCT,0,583288
araCp,0.2,4,4,GGACCCGCCCTCATGTTTAC,0,545745
araCp,0.2,4,4,GGACATGGCTCATTTGTTTG,0,575927
araCp,0.2,4,4,GGACAAGTCAGCAATTAGCT,0,585567
araCp,0.2,4,4,GGACAAGCCGGTTCTAAAAT,0,599658
araCp,0.2,4,4,GGAATTTCGGCCGAGCTTAG,0,594232
araCp,0.2,4,4,GGAATGGACGACCCATTAAC,0,538694
araCp,0.2,4,4,GGAATCTGACGGTAATAGGG,0,542362
araCp,0.2,4,4,GGAATCCGTTGGCCTTTGAC,0,575025
araCp,0.2,4,4,GGAAGCTGGGATGTTGTCAT,0,570158
araCp,0.2,4,4,GGAACATCAGGGATTTTTCT,0,588304
araCp,0.2,4,4,GGAAAGGCTCTCGGAGAAAC,0,533699
araCp,0.2,4,4,GCTTTGGTAAAGAGTGAGAC,0,586546
araCp,0.2,4,4,GCTTGTGGATTGCATATCGT,0,599499
araCp,0.2,4,4,GCTTGGCATCCGTGTCTTCC,0,566597
araCp,0.2,4,4,GCTTCTAACTCTTGTGCACA,0,595419
araCp,0.2,4,4,GCTTAACCGGCCTAAGGCTG,0,533478
araCp,0.2,4,4,GCTGTGCAGTATGGCGGGCT,0,568070
araCp,0.2,4,4,GCTGGGGACTCGGGGTTGTA,0,551476
araCp,0.2,4,4,GCTGCTCCAGGTGTGGCTCC,0,539040
araCp,0.2,4,4,GCTGCGGATCCAGGGTGACG,0,535284
araCp,0.2,4,4,GCTGCCGCTATCGCCTGTGG,0,573619
araCp,0.2,4,4,GCTCTACCGGAGGGTGTCCC,0,583069
araCp,0.2,4,4,GCTCGTGAGAATAGCTTCGT,0,548256
araCp,0.2,4,4,GCTCGATGTGTGATAAGTGA,0,566313
araCp,0.2,4,4,GCTCCGTTTCGCTGGTAGCC,0,533448
araCp,0.2,4,4,GCTCCGTCAGAAGTACCCGG,0,584930
araCp,0.2,4,4,GCTCCCAGTTCACTAGAGTT,0,526208
araCp,0.2,4,4,GCTCATGCTCTCCTACTCTA,0,527458
araCp,0.2,4,4,GCTCAGCTTCATCATGGTTT,0,564103
araCp,0.2,4,4,GCTCAATGTGGGTTGTCGTG,0,541313
araCp,0.2,4,4,GCTCAAGCGAAAGCGGTACG,0,540174
araCp,0.2,4,4,GCTCAAAAAGCAGGCGCCCA,0,534685
araCp,0.2,4,4,GCTATAAGGGTTTGAGTTCT,0,594900
araCp,0.2,4,4,GCTACAGAGGCCGCCGCTCG,0,538356
araCp,0.2,4,4,GCTAATGTAATCTACAACCA,0,557783
araCp,0.2,4,4,GCGTGGCGCTTTCTAAGCCC,0,586467
araCp,0.2,4,4,GCGTGAGTTGGTCACTCTGG,0,577402
araCp,0.2,4,4,GCGTGAGCCTAGGGGAACGA,0,575202
araCp,0.2,4,4,GCGTCATAAGAGAACGGGGA,0,542789
araCp,0.2,4,4,GCGTACAGGGGCAATAAAAA,0,564538
araCp,0.2,4,4,GCGGTGGCTACAAGAGGTAG,0,529101
araCp,0.2,4,4,GCGGCCGATGAACACTAGCG,0,537718
araCp,0.2,4,4,GCGCTTGCCATCTCGTGGAT,0,548744
araCp,0.2,4,4,GCGCTGGCATTGCGGACTAG,0,540047
araCp,0.2,4,4,GCGCAGGGTCTAGAGAGTGA,0,592064
araCp,0.2,4,4,GCGCACTGGGGATCCCATTC,0,587272
araCp,0.2,4,4,GCGCAAATCACCGCCTCGGT,0,596139
araCp,0.2,4,4,GCGATGCAGTCCAAGTAGTG,0,555037
araCp,0.2,4,4,GCGATAGTCTTACATGTTTA,0,596102
araCp,0.2,4,4,GCGAGTAACTACCCTGGGAC,0,589398
araCp,0.2,4,4,GCGAGGCAATTACCCAAAGT,0,527030
araCp,0.2,4,4,GCGAGCCCCCAGGATGGCTC,0,591994
araCp,0.2,4,4,GCGACTTGGCTCTTCGTTAT,0,562946
araCp,0.2,4,4,GCGACGTCTTTCATTACCGT,0,561346
araCp,0.2,4,4,GCGACGGGGGTCAATGAGAA,0,548961
araCp,0.2,4,4,GCGACCACACTGCAGTACTG,0,528825
araCp,0.2,4,4,GCGACCACAACTGATTGTTC,0,526038
araCp,0.2,4,4,GCGAATTGCCATATGGGTTG,0,591505
araCp,0.2,4,4,GCGAATCCCGGTATCACGGC,0,582662
araCp,0.2,4,4,GCGAATAGGTCCGAGACGGC,0,539027
araCp,0.2,4,4,GCGAACTGCTATTGAGCGAA,0,577585
araCp,0.2,4,4,GCCTTGACTCCCGGTCTATG,0,526259
araCp,0.2,4,4,GCCTTAGCATGAGTTCTAGA,0,595670
araCp,0.2,4,4,GCCTGCAACGTCTTCTAACG,0,586385
araCp,0.2,4,4,GCCTCTATGGAAGAGCATAC,0,549572
araCp,0.2,4,4,GCCTCCGGCAAAACGCAATT,0,594080
araCp,0.2,4,4,GCCTAGGAAAGTGTGGACCC,0,563605
araCp,0.2,4,4,GCCGTCCCGAGTTTCGTGCG,0,567610
araCp,0.2,4,4,GCCGGCGCTACACCCTGCTA,0,538405
araCp,0.2,4,4,GCCGCGCACGCAGCACGTGA,0,566724
araCp,0.2,4,4,GCCGATGGGCGCGTAGTCTT,0,550300
araCp,0.2,4,4,GCCGATGGGACTGCTTAGCC,0,531320
araCp,0.2,4,4,GCCGATAAACACTGGTGTCT,0,553049
araCp,0.2,4,4,GCCGAAAGCCCCTCGCGCCA,0,561218
araCp,0.2,4,4,GCCCTGCGCAGGCGGGAGTC,0,581679
araCp,0.2,4,4,GCCCGTGTTGGTCGTAGAAC,0,533874
araCp,0.2,4,4,GCCCGTGTACTCGACATTAT,0,535477
araCp,0.2,4,4,GCCCCTGCAGTAGATCGGTG,0,602195
araCp,0.2,4,4,GCCCCGCACAGCGAAAGCAT,0,566115
araCp,0.2,4,4,GCCCCGAGCGTTTTGTTGGA,0,561620
araCp,0.2,4,4,GCCCCCGGACAAACTGCTTC,0,558332
araCp,0.2,4,4,GCCCCACAAGTTGCCGTCGG,0,526815
araCp,0.2,4,4,GCCCAAAGACTGGAACGCGG,0,561692
araCp,0.2,4,4,GCCATTTGTGGATAACTCTT,0,575662
araCp,0.2,4,4,GCCAGTAGCCAATCTGTGGA,0,540001
araCp,0.2,4,4,GCCAGGGAGATTCTGCCATA,0,540868
araCp,0.2,4,4,GCCACTTGTGTGGAGAGCGG,0,570027
araCp,0.2,4,4,GCCACTGTGCGGATACCTTC,0,570939
araCp,0.2,4,4,GCCACTGCGAATATACCCTC,0,583451
araCp,0.2,4,4,GCCACACTATCATCAACATT,0,531438
araCp,0.2,4,4,GCCAATAGCCAATATATAGC,0,581458
araCp,0.2,4,4,GCCAACGTATAGCCATGACT,0,532250
araCp,0.2,4,4,GCATTTGATTCGTAAGCACA,0,532860
araCp,0.2,4,4,GCATTGTACGGGTTGAGGTT,0,586806
araCp,0.2,4,4,GCATGGAAATGTTAGGGAAC,0,553524
araCp,0.2,4,4,GCATGCCTTGTTCCTTTAGG,0,542713
araCp,0.2,4,4,GCATCTACTTGCATCACACG,0,533461
araCp,0.2,4,4,GCATCGTCCGAGGCGCGGGC,0,594586
araCp,0.2,4,4,GCATCCCCGAAATTTTCGGG,0,547479
araCp,0.2,4,4,GCATACCTAGCGTACATTCC,0,547830
araCp,0.2,4,4,GCATAAAGACAGAGGGTGAT,0,577906
araCp,0.2,4,4,GCAGTAGGTCGGGACAGTTT,0,586157
araCp,0.2,4,4,GCAGCTATCACGATGTATAT,0,526738
araCp,0.2,4,4,GCAGAAACTCACACCATGGG,0,561192
araCp,0.2,4,4,GCACTCGTGCTACGATCGGC,0,530513
araCp,0.2,4,4,GCACGGGGATCTAAGAGACA,0,539462
araCp,0.2,4,4,GCACGCTCGGATATCTCTAC,0,600765
araCp,0.2,4,4,GCACGAATAACTCACCTCAC,0,566118
araCp,0.2,4,4,GCACCTTCGAGCTGATTATG,0,558066
araCp,0.2,4,4,GCACATTTTTGCTTTCGTGT,0,554941
araCp,0.2,4,4,GCAATGGATCGATTTTCCGC,0,571857
araCp,0.2,4,4,GCAATATGCCGCGAGTTCTC,0,565996
araCp,0.2,4,4,GCAAGTGGCTAACCTGTTAA,0,532317
araCp,0.2,4,4,GCAACGAGGAACTGTTTCTA,0,530456
araCp,0.2,4,4,GCAAATGATATCGTATACCT,0,583839
araCp,0.2,4,4,GATTTTTTACCGAATTCTCT,0,538432
araCp,0.2,4,4,GATTTACTTAGCGGGCTATA,0,567688
araCp,0.2,4,4,GATTTACGGGGGTTTAAATC,0,561928
araCp,0.2,4,4,GATTGATTGTATGCCATACA,0,547167
araCp,0.2,4,4,GATTGAACGACTCGGTAGTA,0,596982
araCp,0.2,4,4,GATTCCAGCAATTTGGTAGG,0,548929
araCp,0.2,4,4,GATTCAGTAATTCGGTCTCA,0,534544
araCp,0.2,4,4,GATTCAGAGAATTTACAGTT,0,556515
araCp,0.2,4,4,GATGTGCATCATTTGACCCT,0,585503
araCp,0.2,4,4,GATGGTAACATGTTGGGCCA,0,533456
araCp,0.2,4,4,GATGGCATGAAGGGACACCA,0,555112
araCp,0.2,4,4,GATGGACACTCGCGTGCAAG,0,589793
araCp,0.2,4,4,GATGCTGTCGGTTAAGTTAT,0,593256
araCp,0.2,4,4,GATGCTATCGTCTTCTCAAT,0,576727
araCp,0.2,4,4,GATGCACTTCAGGAGTATCG,0,572048
araCp,0.2,4,4,GATGACGTTAATCTAGGGAA,0,603436
araCp,0.2,4,4,GATGACAGGCTTACAAACGT,0,552768
araCp,0.2,4,4,GATCTCGGGTCAGGCCGTAG,0,576538
araCp,0.2,4,4,GATATCCACCACTGTAAGGT,0,542767
araCp,0.2,4,4,GATATACCAGGGATCGCTCA,0,593659
araCp,0.2,4,4,GATAGGGAGGGTTATGAGGG,0,537592
araCp,0.2,4,4,GATACCACAGGAAAACGAAA,0,548350
araCp,0.2,4,4,GATAAGGGTATAGCAAGCTA,0,602582
araCp,0.2,4,4,GAGTGCACTTCACATAATAG,0,539526
araCp,0.2,4,4,GAGTCGTGTCTCAATATATA,0,558447
araCp,0.2,4,4,GAGTATGAAGGGCACGTCCT,0,529298
araCp,0.2,4,4,GAGTAGCTCTGCAGCACCCT,0,598883
araCp,0.2,4,4,GAGTAGCTACATTGGCAGCT,0,525609
araCp,0.2,4,4,GAGGTGATTACCCTGCACGA,0,577002
araCp,0.2,4,4,GAGGTAGTGGAGTGCCAGGA,0,530522
araCp,0.2,4,4,GAGGGTGTCAAACTGATTCT,0,554554
araCp,0.2,4,4,GAGCCTGCTACTTCTACCAC,0,562857
araCp,0.2,4,4,GAGCCTCGGACTTTAACGTT,0,562827
araCp,0.2,4,4,GAGCCGTCCAGGGTTTCTAA,0,584705
araCp,0.2,4,4,GAGCCCCCAACATCCCGTAT,0,593715
araCp,0.2,4,4,GAGACGACGACCGGACATTG,0,556872
araCp,0.2,4,4,GACTTGGCGCCACATCACTG,0,544391
araCp,0.2,4,4,GACTGCTTTTCGATCGGTAA,0,596379
araCp,0.2,4,4,GACTCAGAGTAGTCGTGCAG,0,536109
araCp,0.2,4,4,GACTAGGAAGTAATCCTCAT,0,539699
araCp,0.2,4,4,GACTAGCTTTAGCACGGATT,0,565585
araCp,0.2,4,4,GACTACCGGATGAATCACGC,0,573400
araCp,0.2,4,4,GACGTTAGCCAACATAACCC,0,583871
araCp,0.2,4,4,GACGAGGATAACTCGTTTCC,0,537027
araCp,0.2,4,4,GACCGCAACCTGACAGGTGG,0,569613
araCp,0.2,4,4,GACCCCCCCCGAGGGGCTTC,0,530901
araCp,0.2,4,4,GACCCATTCAGGGCTAGTGC,0,552403
araCp,0.2,4,4,GACATCTTCTACCGTTTCAC,0,537042
araCp,0.2,4,4,GACATACCTTCGATGGCTCT,0,600259
araCp,0.2,4,4,GACAGCGTGACAAGGGGGAG,0,553055
araCp,0.2,4,4,GACACGCGAAGTAAATTTAA,0,593298
araCp,0.2,4,4,GACACGCACGGACACATATA,0,574182
araCp,0.2,4,4,GACACCCGCCCGGCATTTAT,0,557582
araCp,0.2,4,4,GACACATCGTAGGTTGGTAT,0,579764
araCp,0.2,4,4,GACAAGTCTATTCTGCCCCG,0,543131
araCp,0.2,4,4,GAATTTAGAAGCTATGGATT,0,573039
araCp,0.2,4,4,GAATTGACCTTTAAAAGGTT,0,559881
araCp,0.2,4,4,GAATTAAGAGTGTACAAGTT,0,542641
araCp,0.2,4,4,GAATGGTACTTTTATGGAAA,0,593263
araCp,0.2,4,4,GAATGGGTGCCAAAGCCGTT,0,571627
araCp,0.2,4,4,GAATGATGTAAGTTAATTGA,0,562858
araCp,0.2,4,4,GAATCTCCAAGTTGGATTAC,0,559503
araCp,0.2,4,4,GAATAGCCTCTCGGCACGGT,0,540152
araCp,0.2,4,4,GAATAACGGCAAGAAGCCTA,0,529433
araCp,0.2,4,4,GAAGTTGACGTGAGGGATTA,0,574272
araCp,0.2,4,4,GAAGTGGGTACGAGGAATCA,0,597884
araCp,0.2,4,4,GAAGTGCTCAACTGGGGACA,0,554527
araCp,0.2,4,4,GAAGGAATCTCTCGTAGAAT,0,556077
araCp,0.2,4,4,GAAGGAAAACCTGCCTACCC,0,564959
araCp,0.2,4,4,GAAGCTATCCGGAGAGCAAG,0,526865
araCp,0.2,4,4,GAAGCGTGCAGTAGATTGGA,0,585168
araCp,0.2,4,4,GAAGAGGTGGTGTAGTCTGC,0,565698
araCp,0.2,4,4,GAACTGTCGCTCAAAGGGAC,0,527838
araCp,0.2,4,4,GAACTGTCCACAATTACCGA,0,553862
araCp,0.2,4,4,GAACGGCCTAAGTCAAGACA,0,565259
araCp,0.2,4,4,GAACGGATGACTTGCAAGTA,0,597133
araCp,0.2,4,4,GAACGCTAACTAGAGTCCCA,0,556629
araCp,0.2,4,4,GAACGCCATTCGAACGTGAG,0,551452
araCp,0.2,4,4,GAACGAATGCGGTGGGACGA,0,530416
araCp,0.2,4,4,GAACCTTTCGTACGCGAATA,0,553815
araCp,0.2,4,4,GAACCCAACTTCACGCCGTA,0,554517
araCp,0.2,4,4,GAACCACAGAACCGGCTTAC,0,593331
araCp,0.2,4,4,GAACAAGAATCGGAGAGCAA,0,567251
araCp,0.2,4,4,GAAATAGCGCCCAAGGCTAG,0,568046
araCp,0.2,4,4,GAAAGGCAGACCGTGCCTCG,0,532185
araCp,0.2,4,4,GAAACGGAGAAGGCCATACT,0,601072
araCp,0.2,4,4,CTTTTTTCGCGAAGGAACTT,0,576001
araCp,0.2,4,4,CTTTTTCCACAGGATTAGCG,0,588354
araCp,0.2,4,4,CTTTTTATCACACACGCAGC,0,600163
araCp,0.2,4,4,CTTTCATATGCCTTAAGGCT,0,547450
araCp,0.2,4,4,CTTTATTGCATCGTGCGTCG,0,582880
araCp,0.2,4,4,CTTGGTGGCTAAGTAGGGCA,0,599484
araCp,0.2,4,4,CTTGGGTGGTGCCTCATGGG,0,571431
araCp,0.2,4,4,CTTGCTGACGTGCAATTGAT,0,592949
araCp,0.2,4,4,CTTGCCTCACCCAGCACTCT,0,542419
araCp,0.2,4,4,CTTGAGAATCTTGGATTACG,0,537262
araCp,0.2,4,4,CTTGACTCAATTTCCCACGA,0,550232
araCp,0.2,4,4,CTTCTTGATGATATAACTAG,0,581207
araCp,0.2,4,4,CTTCGTATACAATCGGATGA,0,559875
araCp,0.2,4,4,CTTCGGATCTTATTAGGTGA,0,602509
araCp,0.2,4,4,CTTCGAGTTCGGTGCTGGTA,0,577350
araCp,0.2,4,4,CTTCCTCCGCGGATCTTAAA,0,550736
araCp,0.2,4,4,CTTCCTAGGAAGGGGTGTGA,0,570391
araCp,0.2,4,4,CTTCCGAGATTCCATCAAGT,0,581387
araCp,0.2,4,4,CTTCCACCCCCTCTACTTAA,0,584691
araCp,0.2,4,4,CTTCACCGAGGTGCTTCTAA,0,552766
araCp,0.2,4,4,CTTATGTTCACAGGGACCAG,0,528220
araCp,0.2,4,4,CTTATGCCTCTGGCACGCGT,0,538298
araCp,0.2,4,4,CTTATGATAAACGCACTCTA,0,582039
araCp,0.2,4,4,CTTATACGTCCTTACTCTGT,0,580363
araCp,0.2,4,4,CTTAGTCATTAATTATTATG,0,563422
araCp,0.2,4,4,CTTACGCTCGGGGTGTTGAC,0,583999
araCp,0.2,4,4,CTTACCCTATTGTAGGCGTC,0,548693
araCp,0.2,4,4,CTTAAGGACCAACCACCCCC,0,599077
araCp,0.2,4,4,CTTAAATATCCGGGAGAGTT,0,597974
araCp,0.2,4,4,CTGTTTCATTGTTTACCTGA,0,564051
araCp,0.2,4,4,CTGTTGATCAAGTGAGAGTA,0,596520
araCp,0.2,4,4,CTGTTAGTGTCATCTTGTCT,0,534982
araCp,0.2,4,4,CTGTTAACGCCGGGTAGATC,0,564970
araCp,0.2,4,4,CTGTCTGCGACATAGCTGGT,0,555202
araCp,0.2,4,4,CTGTATACTACGCGTGCACC,0,568455
araCp,0.2,4,4,CTGGGTTAGGAGGGAAAGGA,0,584771
araCp,0.2,4,4,CTGGGTCATTCCGTTGAACG,0,568240
araCp,0.2,4,4,CTGGGCATGGGTGACCGGTA,0,547862
araCp,0.2,4,4,CTGGGATGCCCCCCCTTTGA,0,526373
araCp,0.2,4,4,CTGGGATCGTAATGTCGGAC,0,591637
araCp,0.2,4,4,CTGGCTTCAAATCCGAAACT,0,590040
araCp,0.2,4,4,CTGGCTTAAACTATCGGTGC,0,583401
araCp,0.2,4,4,CTGGCCCGTACCTCCTGACG,0,560728
araCp,0.2,4,4,CTGGATAGCACCCCTATGAC,0,601026
araCp,0.2,4,4,CTGGACGACTGCTTGAAAGT,0,574393
araCp,0.2,4,4,CTGGAATGGTTCATAAACGA,0,589396
araCp,0.2,4,4,CTGGAAGATCTAAGAGGGAG,0,559275
araCp,0.2,4,4,CTGCTGTACAGTACCAATCG,0,566295
araCp,0.2,4,4,CTGCTCAGAATGGACTAAGG,0,561343
araCp,0.2,4,4,CTGCGGCGAGTAGAATCGGA,0,538803
araCp,0.2,4,4,CTGCCGACAGGGACCTGCTT,0,527640
araCp,0.2,4,4,CTGCCAGTGCCACGTCCGAA,0,526800
araCp,0.2,4,4,CTGCATTGTTCACCGAGTAG,0,565280
araCp,0.2,4,4,CTGATTTTTAGATAGCGCGC,0,584078
araCp,0.2,4,4,CTGATGGTGTCGCTCCGCGA,0,567338
araCp,0.2,4,4,CTGACTTGACGGATTTCGAT,0,593657
araCp,0.2,4,4,CTGAATGCGACGATGCATGG,0,594769
araCp,0.2,4,4,CTGAAAGTAAAAGCTAAAGC,0,572373
araCp,0.2,4,4,CTCTTTAGGGAGAGGGGTTT,0,592589
araCp,0.2,4,4,CTCTTCACATCTCCTGACTG,0,574355
araCp,0.2,4,4,CTCTGACTCGGTATTTCGAT,0,540572
araCp,0.2,4,4,CTCTCTGAATTATGTCTACA,0,586279
araCp,0.2,4,4,CTCGTTCGAACGCTCGTCAC,0,535150
araCp,0.2,4,4,CTCGTTCCTTTCTTTCCTAG,0,547609
araCp,0.2,4,4,CTCGTGTCTCCGCCTAATGT,0,528594
araCp,0.2,4,4,CTCGTGTAAGGAAAACTGAT,0,556468
araCp,0.2,4,4,CTCGCGGCAGATGTGGACTA,0,558396
araCp,0.2,4,4,CTCGATTCGCTCCTAACTAA,0,534762
araCp,0.2,4,4,CTCGAATATGCCTCCTCCTA,0,530283
araCp,0.2,4,4,CTCGAACGTGTGAGGGGGTG,0,532978
araCp,0.2,4,4,CTCGAACGCATAACATCGTA,0,602185
araCp,0.2,4,4,CTCCTTGGCGCGGTGCTGTC,0,586321
araCp,0.2,4,4,CTCCTCCTAATAGGAGGAAG,0,543708
araCp,0.2,4,4,CTCCAGGGACTCACGCCCCG,0,570268
araCp,0.2,4,4,CTCCACGCCGTCTCTCGTAA,0,543342
araCp,0.2,4,4,CTCATTTATTTTAGAGCAAT,0,589263
araCp,0.2,4,4,CTCATGGCTTACTGTAGCTA,0,555701
araCp,0.2,4,4,CTCATAATCCACCTAGCTCA,0,562969
araCp,0.2,4,4,CTCAGTTGGCGAAACTTTTC,0,543270
araCp,0.2,4,4,CTCAGTCACTGATTGAGGGA,0,595146
araCp,0.2,4,4,CTCAGGTGATGTTCGTGGAG,0,585492
araCp,0.2,4,4,CTCAGGTAGTGTCCTATACA,0,598996
araCp,0.2,4,4,CTCAGGCACGATTTACCCCT,0,547724
araCp,0.2,4,4,CTCACGGGATATTGTGTGAC,0,556084
araCp,0.2,4,4,CTCACATACAAGATTGTGGC,0,561053
araCp,0.2,4,4,CTATTTCTGACATAGGCGTG,0,535488
araCp,0.2,4,4,CTATTAAAGGACATGAATAT,0,593348
araCp,0.2,4,4,CTATGTCCAAAGATTCGGGT,0,553484
araCp,0.2,4,4,CTATCTTAAGTAGATGAGCT,0,559129
araCp,0.2,4,4,CTATCGTGCGTTCGCGAGTA,0,536509
araCp,0.2,4,4,CTATCCCCCAATAGAATATG,0,580277
araCp,0.2,4,4,CTATAAGGTGAGCAATGCTC,0,572929
araCp,0.2,4,4,CTAGTTGAAACATAACATCC,0,547398
araCp,0.2,4,4,CTAGGTTACGTGGTATGTAT,0,576712
araCp,0.2,4,4,CTAGGGTCTCGGCCCCCTGG,0,559878
araCp,0.2,4,4,CTAGCGCGCTAACCAGGACA,0,564201
araCp,0.2,4,4,CTAGCCCCCTAGACATTTCA,0,601101
araCp,0.2,4,4,CTAGATATAGTCAACGAGTA,0,546206
araCp,0.2,4,4,CTAGACGCGCCAGAACAAGA,0,542211
araCp,0.2,4,4,CTACGTTCCAGGGTGATCAG,0,540300
araCp,0.2,4,4,CTACGGGGGTTAACTACTGT,0,558442
araCp,0.2,4,4,CTACGCGATTGTTGAAATCA,0,579070
araCp,0.2,4,4,CTACCGTCTCCACCCGTTTG,0,538801
araCp,0.2,4,4,CTACCCTTAACAACAAGCCT,0,534298
araCp,0.2,4,4,CTACCCCCAAAGACGATCTG,0,590709
araCp,0.2,4,4,CTACAGAGGGAAGTCTCTAA,0,539795
araCp,0.2,4,4,CTACAAGCGTCAAATAGATA,0,570076
araCp,0.2,4,4,CTACAAGCACTCGTGATATG,0,577202
araCp,0.2,4,4,CTAACATACAGTATAATGCA,0,550039
araCp,0.2,4,4,CTAAAATAGAGCTGAACCTT,0,553352
araCp,0.2,4,4,CGTTGTACTGGAGTATGTAT,0,530917
araCp,0.2,4,4,CGTTCTGCACGCCGAGGGTA,0,555801
araCp,0.2,4,4,CGTTCATCATTGGTCTGCCT,0,549917
araCp,0.2,4,4,CGTTAAAGAGCTGGTCACGC,0,546651
araCp,0.2,4,4,CGTGTCGCACGCGTTACGGA,0,540562
araCp,0.2,4,4,CGTGTCGAATGGTCTGCGTT,0,594369
araCp,0.2,4,4,CGTGTCCGCCTGAGTATAGA,0,535169
araCp,0.2,4,4,CGTGGAGATCGCCTTAGCGC,0,543147
araCp,0.2,4,4,CGTGCGAAAAGATAGGCCAC,0,569504
araCp,0.2,4,4,CGTGACTAGGTAGGAAAAGG,0,541147
araCp,0.2,4,4,CGTGAATAAAGGCGTATACC,0,537558
araCp,0.2,4,4,CGTCGTGCGGACTCTTGACC,0,544621
araCp,0.2,4,4,CGTCGTGAAATATGCGAACG,0,554062
araCp,0.2,4,4,CGTCCGGGACCTAGGGACAG,0,597816
araCp,0.2,4,4,CGTCCATTCTAGCGCACCCC,0,585647
araCp,0.2,4,4,CGTCAGCGTACCTATCCTGG,0,573652
araCp,0.2,4,4,CGTCAAGACACCCGCTGTGC,0,526450
araCp,0.2,4,4,CGTATTAGCTCGTATGCCTC,0,546454
araCp,0.2,4,4,CGTAGTTAGGGGTGAATAGT,0,539915
araCp,0.2,4,4,CGTAGTGGACGTCAATGATA,0,540396
araCp,0.2,4,4,CGTAGTACATAACTCTCGCC,0,591251
araCp,0.2,4,4,CGTAGCCGGAAGGGGAATTA,0,533609
araCp,0.2,4,4,CGTAGACGTCTATCACTCCC,0,531904
araCp,0.2,4,4,CGTAAAGTGGGGAATTGAAA,0,546849
araCp,0.2,4,4,CGGTTGGCGCTCGCAGATCT,0,596430
araCp,0.2,4,4,CGGTTATATAACCCAGCGAT,0,574335
araCp,0.2,4,4,CGGTCTCACCGAGCAGGGAA,0,589526
araCp,0.2,4,4,CGGTCGTCAGATAATTATTG,0,581697
araCp,0.2,4,4,CGGTAGTAAAACATGATAAC,0,594521
araCp,0.2,4,4,CGGTACATTAATTTCGTACA,0,574759
araCp,0.2,4,4,CGGGTCTTTTTTGTGGTTCG,0,531819
araCp,0.2,4,4,CGGGTCGTGCTTTAAGGCGT,0,564964
araCp,0.2,4,4,CGGGTACGTCCTCAGTAAAT,0,594450
araCp,0.2,4,4,CGGGTACAAATTTAGGCATC,0,587443
araCp,0.2,4,4,CGGGGTTCTAGCATCCTCTG,0,575333
araCp,0.2,4,4,CGGGGTACAGCGCAGATCTC,0,579182
araCp,0.2,4,4,CGGGGCTTCGCCACCTATCT,0,568302
araCp,0.2,4,4,CGGGCTAATTAGATGCGTTC,0,586243
araCp,0.2,4,4,CGGGATTGTAGGATCAAAGG,0,586599
araCp,0.2,4,4,CGGGAGGCTGGCGGAAAAGT,0,533960
araCp,0.2,4,4,CGGGAATATTTGGGATGGCC,0,565952
araCp,0.2,4,4,CGGCTTTTAAGAGCGGTAAA,0,560551
araCp,0.2,4,4,CGGCTGACCCGCGGGCTCTT,0,592555
araCp,0.2,4,4,CGGCTCTAGTAGAGGCAGCG,0,539836
araCp,0.2,4,4,CGGCTATCTGAGACCCGCAG,0,538693
araCp,0.2,4,4,CGGCGGGGATGTACATATAG,0,599393
araCp,0.2,4,4,CGGCCGCGTTAAAGCTCGCG,0,540895
araCp,0.2,4,4,CGGCCGAGGCACCGAGAGTT,0,563400
araCp,0.2,4,4,CGGATGCATGTAGTGTAACT,0,593498
araCp,0.2,4,4,CGGATCGTGAAAGTGTCCCA,0,572276
araCp,0.2,4,4,CGGAGGCATGAGTGTTTTAG,0,554386
araCp,0.2,4,4,CGGACTTAAATTACTTGATC,0,587569
araCp,0.2,4,4,CGGACCGATATGCGGCAAAT,0,597067
araCp,0.2,4,4,CGGAATGCTTGCCCCAATGG,0,572980
araCp,0.2,4,4,CGGAAAAAGCTTGCACCAGA,0,578468
araCp,0.2,4,4,CGCTTAGTCTCCACGGGTGC,0,596697
araCp,0.2,4,4,CGCTGTTTGTGCGGTTTTCT,0,549122
araCp,0.2,4,4,CGCTGACTCGGAATCAGCCT,0,554673
araCp,0.2,4,4,CGCTCTCCTTATCGAAGGGA,0,528334
araCp,0.2,4,4,CGCTCGAAATCATTACGACT,0,595775
araCp,0.2,4,4,CGCTCCCTACTGTAACGCGT,0,530450
araCp,0.2,4,4,CGCTCCACCGATACGTACCC,0,538430
araCp,0.2,4,4,CGCTCAGACTCAGCAGCATA,0,554099
araCp,0.2,4,4,CGCTACTGTGGTATGACCGC,0,562771
araCp,0.2,4,4,CGCGCGGCTGGCTCATGGAC,0,558749
araCp,0.2,4,4,CGCGCAGATAAAAGAGCGTC,0,581003
araCp,0.2,4,4,CGCGCACTTTGGCGGGCATT,0,586655
araCp,0.2,4,4,CGCGATTTGGGAGTAGGAAG,0,593208
araCp,0.2,4,4,CGCGACCGACCGGATCACAG,0,592284
araCp,0.2,4,4,CGCCTGTTACGCAGGCTCAA,0,557717
araCp,0.2,4,4,CGCCGTCTTCCGATCTTAAC,0,555707
araCp,0.2,4,4,CGCCGCTCGGTTTAGGTATT,0,547180
araCp,0.2,4,4,CGCCATCACGATGTCCAACA,0,542614
araCp,0.2,4,4,CGCCAATGAGGACTTAAAAC,0,565605
araCp,0.2,4,4,CGCATGCATCAGCCGGTAAC,0,599995
araCp,0.2,4,4,CGCAGGTTGCAAATCTGACT,0,573714
araCp,0.2,4,4,CGCAGAGAATCCGTTGCGTC,0,596017
araCp,0.2,4,4,CGCACTTCTTGTGCACCCGC,0,601095
araCp,0.2,4,4,CGCACCTAAAAAGCGCCATT,0,546569
araCp,0.2,4,4,CGCAATCCATCGTTAGAGAC,0,586552
araCp,0.2,4,4,CGATTTTGGCAATGTGTGAG,0,531019
araCp,0.2,4,4,CGATGGACCTAACAGCGAAT,0,554777
araCp,0.2,4,4,CGATCCATATAAACTGCGAT,0,531774
araCp,0.2,4,4,CGATCCAATGGGGTTCCGGA,0,537174
araCp,0.2,4,4,CGATAGTCGGCCTTCCTATA,0,550953
araCp,0.2,4,4,CGATAGAAAACCTTGCCGGT,0,585489
araCp,0.2,4,4,CGATACATTTGATTCCGCGC,0,541093
araCp,0.2,4,4,CGAGTTAGTAGGCCAGAATA,0,572468
araCp,0.2,4,4,CGAGTGATAGCAGCATACTG,0,563549
araCp,0.2,4,4,CGAGTGATAGAGTGGTAAAC,0,562887
araCp,0.2,4,4,CGAGGTCAAAGGATATGCGA,0,595883
araCp,0.2,4,4,CGAGGAGTGGGCCCTTCCGC,0,549478
araCp,0.2,4,4,CGAGCTCACGAGCAGTGGAT,0,535674
araCp,0.2,4,4,CGAGCTACGCTCTAGATCAA,0,540025
araCp,0.2,4,4,CGAGAGTCCGTAGTTCCTTA,0,552960
araCp,0.2,4,4,CGACTCTGTTACAACCCGAA,0,599764
araCp,0.2,4,4,CGACGTCTCTCAAGTGTCGG,0,584820
araCp,0.2,4,4,CGACGGTTGTCGAACTCGGG,0,587834
araCp,0.2,4,4,CGACCGTCATATGGGCGTTG,0,556417
araCp,0.2,4,4,CGACCATGACGTACCTCGCA,0,561267
araCp,0.2,4,4,CGACCACATTGGTTAATGCT,0,590005
araCp,0.2,4,4,CGAATGGACAGACAGGTAGA,0,529411
araCp,0.2,4,4,CGAATGGACACGATTCACCC,0,572663
araCp,0.2,4,4,CGAATATTAATTAGCGCCGT,0,559024
araCp,0.2,4,4,CGAAGGGCCTGACGATTCAT,0,592263
araCp,0.2,4,4,CGAACGATAAGTTCCTAGCA,0,568908
araCp,0.2,4,4,CGAAATACGTTCAATATGAG,0,552663
araCp,0.2,4,4,CGAAAGTCTGTGCTTAAATG,0,556463
araCp,0.2,4,4,CCTTTGCCCGCATTTGGTAG,0,542277
araCp,0.2,4,4,CCTTTCGTGCTCTCGCGGTT,0,552612
araCp,0.2,4,4,CCTTTCCACGATTTAAATGT,0,576717
araCp,0.2,4,4,CCTTTAAGTATCGGAGCTTG,0,598400
araCp,0.2,4,4,CCTTGGCGAGTGCTCTTGCC,0,544959
araCp,0.2,4,4,CCTTGATGTCGCCTCTCACC,0,589771
araCp,0.2,4,4,CCTTCTCTCGGCATATATGT,0,592030
araCp,0.2,4,4,CCTTCTATCACATGTTTGTA,0,575498
araCp,0.2,4,4,CCTTCGTATAATGTAACTAT,0,573693
araCp,0.2,4,4,CCTTCCAGGTAGTTTATTTG,0,579535
araCp,0.2,4,4,CCTTCCAGCAACTGAGAGTA,0,563274
araCp,0.2,4,4,CCTTCCAAAACTATGAGTTC,0,542956
araCp,0.2,4,4,CCTTCAACCGCGTCTTTCAT,0,579057
araCp,0.2,4,4,CCTTATTCGGCCCGGCGAGG,0,538402
araCp,0.2,4,4,CCTTAGATGAGACGCACGTA,0,592903
araCp,0.2,4,4,CCTTAATAGCCGAGTTATGT,0,564596
araCp,0.2,4,4,CCTGTTCTTAGCCAATCTGG,0,565287
araCp,0.2,4,4,CCTGTGATTGCGCGTGGACT,0,555588
araCp,0.2,4,4,CCTGGGAGGTGACGACTCCG,0,559426
araCp,0.2,4,4,CCTGGAGGAAATAATTCTAT,0,558351
araCp,0.2,4,4,CCTGCTACCGGGGGTCCCTT,0,548632
araCp,0.2,4,4,CCTGCATACGAGCCGGGCAT,0,567241
araCp,0.2,4,4,CCTGACCAAGTGGTGTAGGG,0,572437
araCp,0.2,4,4,CCTGAAGGGGCACACACGGT,0,576063
araCp,0.2,4,4,CCTCTTTGAGTATTGAAGAA,0,577838
araCp,0.2,4,4,CCTCGTTGGTCATAGGATGA,0,600661
araCp,0.2,4,4,CCTCGGTACGGGAGTTAGAT,0,532620
araCp,0.2,4,4,CCTCGAAGGTAACCAGTCGG,0,570338
araCp,0.2,4,4,CCTCCTGGCACTCCTTGTGA,0,565158
araCp,0.2,4,4,CCTCCTAGTTGGGTAACCCC,0,536961
araCp,0.2,4,4,CCTCACCCATTCGTGCCGGG,0,592878
araCp,0.2,4,4,CCTCACCAAAGGATCGTAAT,0,567638
araCp,0.2,4,4,CCTATGGGGAATAAACATGC,0,534976
araCp,0.2,4,4,CCTATGCGTGGTAAATCATT,0,598091
araCp,0.2,4,4,CCTATGCGGCCTGAGGGGGA,0,568165
araCp,0.2,4,4,CCTATCTCAGTCCGAGCCGT,0,553030
araCp,0.2,4,4,CCTAGATGGCCTCACCCGTC,0,591876
araCp,0.2,4,4,CCTAGACCACAACCCGTCTT,0,563781
araCp,0.2,4,4,CCTACTATCGGGATTCTGCG,0,537334
araCp,0.2,4,4,CCTAACGGTTTCCTGAGCGG,0,532986
araCp,0.2,4,4,CCGTGACCATAACCGGGGAA,0,588916
araCp,0.2,4,4,CCGTCTATAATACATGCCAT,0,595087
araCp,0.2,4,4,CCGTCCGTTAGAGTTGTAGC,0,575013
araCp,0.2,4,4,CCGTCATCGGATAGTGGATT,0,548829
araCp,0.2,4,4,CCGTCATAATAGGGATGCTC,0,581686
araCp,0.2,4,4,CCGGTCACACCCGCTAGAGA,0,566726
araCp,0.2,4,4,CCGGGTCGAGAAGCCGGGGG,0,590091
araCp,0.2,4,4,CCGGGGTCTGGCATGCAGGT,0,566921
araCp,0.2,4,4,CCGGGGCACTGTGAGATACC,0,532541
araCp,0.2,4,4,CCGGGCTAAAATTACGCGCT,0,603273
araCp,0.2,4,4,CCGGGATTGGTAGTCCTGGG,0,531490
araCp,0.2,4,4,CCGGCTGGGGTGGTTTATGT,0,584917
araCp,0.2,4,4,CCGGATAGAGTAGGAAGACA,0,526926
araCp,0.2,4,4,CCGGACGGGAAGGGCGTGAG,0,536834
araCp,0.2,4,4,CCGCTCGTCCTAACTCACAA,0,542111
araCp,0.2,4,4,CCGCGTGGTCCGAGTCTTTC,0,584100
araCp,0.2,4,4,CCGCCTTAACGAGCCCGCCC,0,589256
araCp,0.2,4,4,CCGCCGATCACCAAGGTCTT,0,601806
araCp,0.2,4,4,CCGCCCATAAGTGGTAGCGT,0,602017
araCp,0.2,4,4,CCGCACAAGTCACCGTTGTT,0,569229
araCp,0.2,4,4,CCGATTAGGGCATATAGGAG,0,550223
araCp,0.2,4,4,CCGATTAGCTTCGACACTTC,0,560464
araCp,0.2,4,4,CCCTGTCGGGGAAACCGCGC,0,597353
araCp,0.2,4,4,CCCTGGCGGTTTCTTCTATC,0,560663
araCp,0.2,4,4,CCCGTTTTTTGTTCCCAAGA,0,602493
araCp,0.2,4,4,CCCGTTCCATTATGGTGTAG,0,569708
araCp,0.2,4,4,CCCGGTCCGGCGTACCTCGG,0,585208
araCp,0.2,4,4,CCCGCGGACCGCATGGATAC,0,586793
araCp,0.2,4,4,CCCGCCTTCCAGTAAAGAAT,0,548980
araCp,0.2,4,4,CCCCGCCTTGGGACATGCCT,0,534423
araCp,0.2,4,4,CCCCGACTACGATAAATACT,0,602037
araCp,0.2,4,4,CCCCCCACTGACTCCTAGCA,0,583265
araCp,0.2,4,4,CCCATTGGGAGGAAGGAGCA,0,536560
araCp,0.2,4,4,CCCATGACGACCGCAGATAT,0,557130
araCp,0.2,4,4,CCCATCTGTTAGTAATTCGA,0,526195
araCp,0.2,4,4,CCCAGGCTGCTCTGTGCTCC,0,597966
araCp,0.2,4,4,CCCACGATACTACATCCTGT,0,587636
araCp,0.2,4,4,CCCACCTAGTGATCGGTGCA,0,532470
araCp,0.2,4,4,CCCACCCAAACAAGTGAGGC,0,538617
araCp,0.2,4,4,CCATTGGGGGAGTCGGCACA,0,572376
araCp,0.2,4,4,CCATTGACGTCTAATACTAC,0,578346
araCp,0.2,4,4,CCATTCCAGAATGCCGAAAC,0,595056
araCp,0.2,4,4,CCATGTTCACTTGTAGCCTA,0,602058
araCp,0.2,4,4,CCATGTGCCTCAGCGTTGTC,0,589802
araCp,0.2,4,4,CCATGTCGCCACCTTCTCAC,0,542404
araCp,0.2,4,4,CCATGCATGAACTATCTCGG,0,537738
araCp,0.2,4,4,CCATCAGGCCCTGCCACTCC,0,544489
araCp,0.2,4,4,CCATACTGACGACATTAGTT,0,550288
araCp,0.2,4,4,CCAGTCTGCCGGTTGCCGGC,0,532974
araCp,0.2,4,4,CCAGTAGCGGGGCTGCGTGT,0,558674
araCp,0.2,4,4,CCAGGGGAACCCACAACGGT,0,553879
araCp,0.2,4,4,CCAGGCAGTACGCGGCCGTA,0,579216
araCp,0.2,4,4,CCAGCGTGGAGTAAGTAGAG,0,579885
araCp,0.2,4,4,CCAGCCCAAGGCGAACGCTA,0,556925
araCp,0.2,4,4,CCAGACCTGAGCCATCGAGT,0,536770
araCp,0.2,4,4,CCACTGGTGCTCCCCATATC,0,569015
araCp,0.2,4,4,CCACTGGAAAAAGTTGACTA,0,549082
araCp,0.2,4,4,CCACTATCGTAGGGGACCCA,0,532845
araCp,0.2,4,4,CCACTAGCTATATCACTAAT,0,582041
araCp,0.2,4,4,CCACGGCTCCGCGCGCAGTA,0,593035
araCp,0.2,4,4,CCACCGCGTCATATGACGAC,0,572241
araCp,0.2,4,4,CCAATTTACCGAAGTCTGCA,0,588662
araCp,0.2,4,4,CCAATCTGTCAACCCGGTCT,0,572708
araCp,0.2,4,4,CCAATCGCCCATCGTGGTCC,0,589869
araCp,0.2,4,4,CCAAGAATGGCTCTGCATCA,0,539435
araCp,0.2,4,4,CCAACATTGCACCAGGGTTT,0,547356
araCp,0.2,4,4,CATTTTGCCGACTGTGGTGT,0,583746
araCp,0.2,4,4,CATTTCGGCGGCCGGCCTGT,0,549569
araCp,0.2,4,4,CATTTATTTCAGTCGGATCT,0,583738
araCp,0.2,4,4,CATTCACAATAAATTTAATA,0,559113
araCp,0.2,4,4,CATTAGTGGTATGGAGCGGG,0,525943
araCp,0.2,4,4,CATTACTGAAAGGGGGGGGT,0,603371
araCp,0.2,4,4,CATTAAGCTTGAGCATTCTC,0,539112
araCp,0.2,4,4,CATGGTTTAGGGTCGGTTTT,0,553522
araCp,0.2,4,4,CATGGATACTTAATGAGTCC,0,540832
araCp,0.2,4,4,CATGGATACGGGGTAGTCTT,0,540054
araCp,0.2,4,4,CATGCTTGGACCTTGATGCG,0,551933
araCp,0.2,4,4,CATGCTAATAGCATTTCAGA,0,536081
araCp,0.2,4,4,CATGCCCCCCGGCTCTGGTA,0,554151
araCp,0.2,4,4,CATGCAAGTAAGTCTAGTTT,0,536794
araCp,0.2,4,4,CATGAAGGTAAAACACGGTA,0,549989
araCp,0.2,4,4,CATCTGTTGTTCTCATTTTA,0,569807
araCp,0.2,4,4,CATCCCATGGTAAAGGACTA,0,545088
araCp,0.2,4,4,CATCAGCCTGGCTTCGATTT,0,553502
araCp,0.2,4,4,CATCACCCTGTATCCTTCAT,0,552996
araCp,0.2,4,4,CATATGTCAGCGGGCGGCAT,0,570452
araCp,0.2,4,4,CATATGAGAACCGTCCCCAC,0,586093
araCp,0.2,4,4,CATAGTTGAGGACGACTTTG,0,547806
araCp,0.2,4,4,CATACATGAGTCTCGGTCCT,0,603408
araCp,0.2,4,4,CATAATGTTAGGACAGCGAT,0,560912
araCp,0.2,4,4,CATAACATGGCTCAGCAGAA,0,526135
araCp,0.2,4,4,CATAAATCTGGCGTGTCGCG,0,595859
araCp,0.2,4,4,CAGTTTTCGGGCCACCGTAG,0,573484
araCp,0.2,4,4,CAGTTGTCATCACTAACTGG,0,544518
araCp,0.2,4,4,CAGTTAAATCTTACGTTCTC,0,569058
araCp,0.2,4,4,CAGTGGTGCATACGCACTAT,0,538409
araCp,0.2,4,4,CAGTGGGTGGGAGAAATTGA,0,554100
araCp,0.2,4,4,CAGTGGGCGGAGTGTCAGAT,0,583346
araCp,0.2,4,4,CAGTACGCTAGACCGGAACG,0,535624
araCp,0.2,4,4,CAGTACCGTCAAAACCATCC,0,552102
araCp,0.2,4,4,CAGGTATACGGACCTGGGAA,0,538769
araCp,0.2,4,4,CAGGGTCTTCTTCTCTGCGT,0,581459
araCp,0.2,4,4,CAGGGCGAACAATAAATGGA,0,587496
araCp,0.2,4,4,CAGGCTCTTCACTCTGCGAT,0,544801
araCp,0.2,4,4,CAGGCGACGACACGACAAGA,0,577093
araCp,0.2,4,4,CAGGCACCCCGTTCATGCCC,0,593277
araCp,0.2,4,4,CAGCTCCCTGTGTGGGGATT,0,556947
araCp,0.2,4,4,CAGCGTCGGACTACCGTCCA,0,565490
araCp,0.2,4,4,CAGCGAGGCCAGTGATATGA,0,533465
araCp,0.2,4,4,CAGCAAACCAACTCGTATAA,0,558106
araCp,0.2,4,4,CAGATAATGTCTACGATCAC,0,559659
araCp,0.2,4,4,CAGAGTCTCTATTGGTGGTG,0,559560
araCp,0.2,4,4,CAGAGGGTAGTCTGCAAGGG,0,595359
araCp,0.2,4,4,CAGAGGGTAAGATCTCAAAT,0,551190
araCp,0.2,4,4,CAGAGGAGGCCCGCCGAGGG,0,588152
araCp,0.2,4,4,CAGAGGACACAGGCCAGTTA,0,574329
araCp,0.2,4,4,CAGACAGAATCTGGGCGGTG,0,533501
araCp,0.2,4,4,CAGACACCTAAGGACTCCCA,0,570786
araCp,0.2,4,4,CAGAAGATACAATCTACTAG,0,562217
araCp,0.2,4,4,CAGAAACCATGAGAAAGGGG,0,542678
araCp,0.2,4,4,CACTTACTGCGTGAGCGAAA,0,547736
araCp,0.2,4,4,CACGGTATAAAATATCTGCC,0,593158
araCp,0.2,4,4,CACGGGAGCGCTCTGATGAA,0,591870
araCp,0.2,4,4,CACGCTTGTCAATAAAGTAC,0,594144
araCp,0.2,4,4,CACGCGGAATCTAACGTACA,0,549394
araCp,0.2,4,4,CACGCCTGGGGATATATCTA,0,580228
araCp,0.2,4,4,CACGCAGGTAGATCAAATCG,0,583417
araCp,0.2,4,4,CACGATCAATGACCAAACCT,0,570910
araCp,0.2,4,4,CACGAGGAGTCAACGGGCGG,0,559406
araCp,0.2,4,4,CACCTTCCCAGCCAAAGTAC,0,537887
araCp,0.2,4,4,CACCTTAATTGTCCCGATCA,0,589408
araCp,0.2,4,4,CACCCGTTTCGTCCTGTTGA,0,535485
araCp,0.2,4,4,CACCCGGTTCCAGCGAAGAT,0,568962
araCp,0.2,4,4,CACCCGATACCCCACGGGCG,0,561138
araCp,0.2,4,4,CACCCGACTGTAATGACGCA,0,576575
araCp,0.2,4,4,CACCAGGGTGTGAAGTGGAG,0,559612
araCp,0.2,4,4,CACCAATCTATGAGGCGATG,0,554811
araCp,0.2,4,4,CACAGAGTATAATGCCGGGT,0,527303
araCp,0.2,4,4,CACAGAGAGGGATTCACTCC,0,569030
araCp,0.2,4,4,CACACGCACGCGAGTCTGAC,0,599634
araCp,0.2,4,4,CACAAAGCGGCGTAGCCCTC,0,585517
araCp,0.2,4,4,CAATTTGTGGGGTGTAACAC,0,568053
araCp,0.2,4,4,CAATTTACGATTTTAACTAA,0,561434
araCp,0.2,4,4,CAATTGGGACTTGTAGCATC,0,585361
araCp,0.2,4,4,CAATGTCACGTCCGGGTCGG,0,584469
araCp,0.2,4,4,CAATCTTTCGTCCAGTAAAC,0,532566
araCp,0.2,4,4,CAATCTGCTCTCGGAGCGTG,0,527500
araCp,0.2,4,4,CAATCTATCCGAGATGATCC,0,593971
araCp,0.2,4,4,CAATAGTGGACAGGGATTGA,0,584041
araCp,0.2,4,4,CAATAGTCTTTAACATCGCG,0,549055
araCp,0.2,4,4,CAATACCGGAGGACCAGACA,0,590338
araCp,0.2,4,4,CAAGTGGCGATTTAAACTTT,0,594620
araCp,0.2,4,4,CAAGTCCATCCGTTCAAGCA,0,597431
araCp,0.2,4,4,CAAGGTGCCCTAATGCCTTC,0,532646
araCp,0.2,4,4,CAAGCGTCGGATATTCGCAG,0,549059
araCp,0.2,4,4,CAAGCATGTCGGGTGATGGT,0,571851
araCp,0.2,4,4,CAACTGCCGTGCCCGGGTTG,0,590864
araCp,0.2,4,4,CAACTGACGCGGATTACGTA,0,549043
araCp,0.2,4,4,CAACTCCCGGCGTCCACAGA,0,532918
araCp,0.2,4,4,CAACGGTGCGCAGTAGTCCG,0,592633
araCp,0.2,4,4,CAACATGGTCGGCCAACATT,0,589097
araCp,0.2,4,4,CAACACTACACGTGCAAAAA,0,534693
araCp,0.2,4,4,CAACACAGATTTACAGTGAG,0,597788
araCp,0.2,4,4,CAAATTCACGGAGCAGGGTC,0,543968
araCp,0.2,4,4,CAAATGGGCAGTAGGGGAAC,0,540643
araCp,0.2,4,4,CAAATCTACTCACATTCACT,0,558639
araCp,0.2,4,4,CAAATACCACGCTGTCTTCC,0,563207
araCp,0.2,4,4,CAAACGTCCGGTTCGCAGTT,0,550450
araCp,0.2,4,4,CAAACGCATTGGCGGAGGGC,0,535949
araCp,0.2,4,4,CAAAAGAGTACTGGCCTTCT,0,545954
araCp,0.2,4,4,ATTTTTTCCATACGCCCGAG,0,590607
araCp,0.2,4,4,ATTTTCGAGAAATACAGTCA,0,593932
araCp,0.2,4,4,ATTTGGTAACGGTTGCGCGC,0,546846
araCp,0.2,4,4,ATTTGGATTCAATTATGATT,0,589344
araCp,0.2,4,4,ATTTGGAAAGCGGGATTGGC,0,534158
araCp,0.2,4,4,ATTTGAATAGGCGACACGTT,0,539195
araCp,0.2,4,4,ATTTCACCTTCAGTTTAATT,0,583285
araCp,0.2,4,4,ATTTCAAGCTATAGGGTGAG,0,589867
araCp,0.2,4,4,ATTTCAAGACATTTTTAAAT,0,598524
araCp,0.2,4,4,ATTTATCCGTCGCAACGCGT,0,535470
araCp,0.2,4,4,ATTTACCAGCGCTGTGGGCA,0,581240
araCp,0.2,4,4,ATTGTGTGGGACAAGGTACC,0,553758
araCp,0.2,4,4,ATTGTCGTGTCGTTGTACAT,0,546477
araCp,0.2,4,4,ATTGGAGGCAAATGTTTATA,0,552213
araCp,0.2,4,4,ATTGCTGACACCCACAATTA,0,551970
araCp,0.2,4,4,ATTGCTCGTCGTTATGGAGC,0,540652
araCp,0.2,4,4,ATTGCTCGGACGCACATCAC,0,598819
araCp,0.2,4,4,ATTGCGATACATAGAAGATA,0,530951
araCp,0.2,4,4,ATTGAGCTTGAGGCTGGGCA,0,560587
araCp,0.2,4,4,ATTGAACCTATCCCCTTGTC,0,587909
araCp,0.2,4,4,ATTCGGTTGAGCTCTAAACA,0,568825
araCp,0.2,4,4,ATTCGGTTAAATACGTACCC,0,568700
araCp,0.2,4,4,ATTCCTCGCAAAGGCATCAC,0,559522
araCp,0.2,4,4,ATTCCGGTTAATTTGAACCC,0,561353
araCp,0.2,4,4,ATTATGTGGATAAGAGTATT,0,562796
araCp,0.2,4,4,ATTATCTAAGCACGCCTACG,0,574080
araCp,0.2,4,4,ATTAGTATTCCTTGCATTAC,0,571458
araCp,0.2,4,4,ATTAGCAGGACGCTACTACT,0,581868
araCp,0.2,4,4,ATTAGAAAGTGGATCCCGAG,0,548898
araCp,0.2,4,4,ATTAAGGTGACTGCAGATAG,0,557762
araCp,0.2,4,4,ATGTTTCGAGTTATGAAAAG,0,601489
araCp,0.2,4,4,ATGTTGGTACGCTTCGGGGA,0,572925
araCp,0.2,4,4,ATGTTCCGGGGTCCGTAGCA,0,555200
araCp,0.2,4,4,ATGTTAGAGACGGTAAAGGT,0,599488
araCp,0.2,4,4,ATGTTACAATCAGAACGCTG,0,556464
araCp,0.2,4,4,ATGTTAATCTCTCGCTTGTG,0,536646
araCp,0.2,4,4,ATGTGATTCCGGGGTAGTTC,0,559604
araCp,0.2,4,4,ATGTCGGATCTCTAAACATT,0,529851
araCp,0.2,4,4,ATGTCCTGGTCCCAACAGCC,0,599093
araCp,0.2,4,4,ATGTCCCGAACTCACAGATT,0,585315
araCp,0.2,4,4,ATGTCCAAGTTCAGGATGTG,0,573072
araCp,0.2,4,4,ATGTCATTCACTAACTGCTG,0,577933
araCp,0.2,4,4,ATGTAAATAGTAAAGGCCAA,0,582109
araCp,0.2,4,4,ATGGTAGACGGACTATGCTA,0,554181
araCp,0.2,4,4,ATGGGTTTCTAACTAACTGT,0,579788
araCp,0.2,4,4,ATGGGCCTTCGCTTGCGTGC,0,546230
araCp,0.2,4,4,ATGGGATTAGAGCACATCGA,0,594566
araCp,0.2,4,4,ATGGGAAGTTGATCTGTCAT,0,564558
araCp,0.2,4,4,ATGGCTAAGTAACAGTCGCA,0,557226
araCp,0.2,4,4,ATGGCGAACGAGTTCAGTGA,0,547099
araCp,0.2,4,4,ATGGCCGGTACATACCTTAT,0,564115
araCp,0.2,4,4,ATGGCCCAGTCAAACCGGGG,0,598162
araCp,0.2,4,4,ATGGCACCTCGACTGCTACT,0,529779
araCp,0.2,4,4,ATGGAGGTCGCCCGCGTCTC,0,594797
araCp,0.2,4,4,ATGGACCCTTGGTAGCGATT,0,594482
araCp,0.2,4,4,ATGGAATTAACGTGGTACAC,0,561784
araCp,0.2,4,4,ATGGAAGGACTGTGCATAAT,0,573233
araCp,0.2,4,4,ATGCTCGGACACGGTTGTAA,0,548075
araCp,0.2,4,4,ATGCATGTGATTAAGCTGAA,0,586355
araCp,0.2,4,4,ATGATTCGTTAAGTCCGGCC,0,555996
araCp,0.2,4,4,ATGAGAAGGATCACTTGAGA,0,530208
araCp,0.2,4,4,ATCTTGGGATTCAGGGATCT,0,541126
araCp,0.2,4,4,ATCTTCGCGAGGCCGGGTAA,0,540331
araCp,0.2,4,4,ATCTTACCATGACAAATTAT,0,595673
araCp,0.2,4,4,ATCTTACCAAGCCCTGAGAA,0,550348
araCp,0.2,4,4,ATCTGTTGGGTCATATTGTA,0,539878
araCp,0.2,4,4,ATCTGGTCTTCTACATACAG,0,526141
araCp,0.2,4,4,ATCTGCACCATCGGTAAGTG,0,600552
araCp,0.2,4,4,ATCTGAGTGGCTAGATCGTG,0,594934
araCp,0.2,4,4,ATCTGAGAAATGACATGGCG,0,525946
araCp,0.2,4,4,ATCTCGACACTGCGAAATCG,0,536394
araCp,0.2,4,4,ATCGTCCACTGCTATCTGAG,0,592493
araCp,0.2,4,4,ATCGTATCCCGGTTATCACA,0,576928
araCp,0.2,4,4,ATCGGTAAGGAATTGGTATA,0,546792
araCp,0.2,4,4,ATCGGATTTAAACGGTAGGC,0,586204
araCp,0.2,4,4,ATCGGAGTGCTCGCACTCAA,0,575697
araCp,0.2,4,4,ATCGCAAATGGCAATTGGCA,0,572548
araCp,0.2,4,4,ATCGAGTTTTGTTCGTCCGT,0,562166
araCp,0.2,4,4,ATCGAGTATCTTACGCCGGA,0,575830
araCp,0.2,4,4,ATCGACTAGCCAGCCGGCAG,0,541447
araCp,0.2,4,4,ATCCTTACAAGGCGTCACTG,0,585563
araCp,0.2,4,4,ATCCTGGCCGTCAGCACTAA,0,602300
araCp,0.2,4,4,ATCCCGATCGAGTACACTGC,0,571437
araCp,0.2,4,4,ATCCAGGTCAAGCTTGCCAC,0,602573
araCp,0.2,4,4,ATCATATTCAAAGTGACGGT,0,602727
araCp,0.2,4,4,ATCATAATACGGGACTAACT,0,548367
araCp,0.2,4,4,ATCAGTTTGCACTTGTGGAT,0,557378
araCp,0.2,4,4,ATCAGTACTATGGTATTGAA,0,547565
araCp,0.2,4,4,ATCAGCGGAGTCTAAATGTA,0,556861
araCp,0.2,4,4,ATCACTGAGCGATATGTTGC,0,543615
araCp,0.2,4,4,ATCACCGGGTGACGTTCCTT,0,572538
araCp,0.2,4,4,ATCAAGAGCCCACTATAAGG,0,550037
araCp,0.2,4,4,ATCAACGATTTTTTGACCTA,0,575191
araCp,0.2,4,4,ATCAAATCCGACTCCAACGA,0,528418
araCp,0.2,4,4,ATATTCTTCTCGCCTCTATG,0,541041
araCp,0.2,4,4,ATATTAGCAAGAAGGGACGG,0,573570
araCp,0.2,4,4,ATATGGGATAGCGACTCCAG,0,542200
araCp,0.2,4,4,ATATGATCCTGTCGTGAAAA,0,583578
araCp,0.2,4,4,ATATGAGTCATATGCGGTAG,0,560053
araCp,0.2,4,4,ATATCTGATTCCTAGTCCAT,0,557585
araCp,0.2,4,4,ATATCTCAAACTCAACGTTT,0,583713
araCp,0.2,4,4,ATATCACTCGTGTGATATGT,0,543612
araCp,0.2,4,4,ATATACGAATTCGACCATAG,0,556718
araCp,0.2,4,4,ATAGTTACTATTTCAACCGG,0,535461
araCp,0.2,4,4,ATAGTACCGCAGTGAACGTA,0,557586
araCp,0.2,4,4,ATAGGTCTTAAGGTACGAAA,0,589580
araCp,0.2,4,4,ATAGGTAAGTTGGAGGATGT,0,553132
araCp,0.2,4,4,ATAGCTGGGAGCAGTTACCT,0,586785
araCp,0.2,4,4,ATAGCACTTGGCAGATTGCT,0,557881
araCp,0.2,4,4,ATAGATGGGCTCACTGCTGG,0,535066
araCp,0.2,4,4,ATACTCAGGCTCGTGGCTAC,0,578021
araCp,0.2,4,4,ATACGGTCAATCATAGACCG,0,595833
araCp,0.2,4,4,ATACGCGGGAAGGGGGACCG,0,557353
araCp,0.2,4,4,ATACGAGCGTAGGCAGTTTG,0,601980
araCp,0.2,4,4,ATACATCAACCGCATCGGTT,0,574290
araCp,0.2,4,4,ATACAGATCAACGGATTTTG,0,595969
araCp,0.2,4,4,ATAATAGTCCGTTTAGCCTG,0,538139
araCp,0.2,4,4,ATAAGTTACTAGCGTAGGGG,0,560288
araCp,0.2,4,4,ATAAGGCTCTCGCCAAAACC,0,541270
araCp,0.2,4,4,ATAACACTAAGACCGTAACG,0,546063
araCp,0.2,4,4,ATAAAGTACTATTCTCAGGC,0,526365
araCp,0.2,4,4,ATAAAGGCTTGGATCGGCGT,0,595877
araCp,0.2,4,4,ATAAACTTCCTCCGATTGAA,0,529464
araCp,0.2,4,4,ATAAAACCGATGCATTGTAT,0,567940
araCp,0.2,4,4,AGTTGCAATCAAACATTCCC,0,561921
araCp,0.2,4,4,AGTTGAAAAGCGTAGATCCT,0,563557
araCp,0.2,4,4,AGTTCGTTGTTCATTATAAT,0,601280
araCp,0.2,4,4,AGTTCGTGTGCTGGTGCTGG,0,601502
araCp,0.2,4,4,AGTTCGGCACCACAAACGCA,0,600856
araCp,0.2,4,4,AGTTCGGAGGGACTCATAAG,0,542533
araCp,0.2,4,4,AGTTCCGTCGGTACACTTGT,0,573332
araCp,0.2,4,4,AGTTATATACGGTGGAGCGG,0,575494
araCp,0.2,4,4,AGTTAAATTCTAGGGTTAGT,0,597306
araCp,0.2,4,4,AGTGTGGTCTCCATATGTTA,0,597838
araCp,0.2,4,4,AGTGTAAATGCATATAGTGA,0,545928
araCp,0.2,4,4,AGTGGCTACCCGTGGGCGTC,0,585530
araCp,0.2,4,4,AGTGGCATTGTGGCCGCAAC,0,595154
araCp,0.2,4,4,AGTGCTGTAAGCGAATTCTG,0,556858
araCp,0.2,4,4,AGTGATGTTCGGGGATTTAT,0,597178
araCp,0.2,4,4,AGTGATATAGTGGGGTACTT,0,576844
araCp,0.2,4,4,AGTGACGATTGTCGAAATAA,0,602701
araCp,0.2,4,4,AGTGACAGATACGATTGTAG,0,559445
araCp,0.2,4,4,AGTCTCCCTTAAACCTGCCT,0,600377
araCp,0.2,4,4,AGTCTAGTCGCGCTCCTAGG,0,546983
araCp,0.2,4,4,AGTCCGTCGCCTTGTTCAAG,0,579429
araCp,0.2,4,4,AGTCAGTAGGTATAGGCACT,0,534933
araCp,0.2,4,4,AGTCAAAGGTTTACGACTGG,0,530335
araCp,0.2,4,4,AGTATGACGCAGGGTGTGAA,0,560828
araCp,0.2,4,4,AGTAGTTAGCTCTGGAGAGG,0,552219
araCp,0.2,4,4,AGTACGCGCTTATAACTGCC,0,586604
araCp,0.2,4,4,AGTAAGGATCTAGCACGAGG,0,592842
araCp,0.2,4,4,AGTAACGCTATGGTTTGGGG,0,595867
araCp,0.2,4,4,AGGTGCGCACGCACATCGTG,0,536086
araCp,0.2,4,4,AGGTGCCGGTTGTCACCTGT,0,558924
araCp,0.2,4,4,AGGTCGGCCTTGACTTGGGG,0,598898
araCp,0.2,4,4,AGGTCGAGTACTGTCCAGTG,0,571678
araCp,0.2,4,4,AGGTACTATGACATTCTGCT,0,593860
araCp,0.2,4,4,AGGTAAGAGACGGGCGTATG,0,530238
araCp,0.2,4,4,AGGGTTGATTGTGAATCATC,0,548344
araCp,0.2,4,4,AGGGTCCTTGTGTTGCCCGG,0,584829
araCp,0.2,4,4,AGGGTAAAGGACGAGTTAAG,0,584258
araCp,0.2,4,4,AGGGGATTCAAACAGTGCCT,0,597682
araCp,0.2,4,4,AGGGGAAGGAGGAAACCACT,0,559834
araCp,0.2,4,4,AGGGCTGGCTCTGCCCCTGG,0,552421
araCp,0.2,4,4,AGGGCTATGGTGTTCCGGGT,0,568021
araCp,0.2,4,4,AGGGCGTCTCGGGCTACCTG,0,555684
araCp,0.2,4,4,AGGCTCAGTGAAACCGTTTC,0,592727
araCp,0.2,4,4,AGGCTATCGTAGGTACTGTC,0,539786
araCp,0.2,4,4,AGGCTAGGTGCTGTACCCCC,0,530271
araCp,0.2,4,4,AGGCTACTGGGGATGGTATG,0,548372
araCp,0.2,4,4,AGGCGTAGACCGCAGGTCAG,0,581364
araCp,0.2,4,4,AGGCGCAATATCGCGTACTT,0,532921
araCp,0.2,4,4,AGGCGACAATTCAGTAAAGC,0,589999
araCp,0.2,4,4,AGGCCTGCCGGCGGAGGACT,0,528304
araCp,0.2,4,4,AGGCCGCTCACATAATATAA,0,587512
araCp,0.2,4,4,AGGCCCACACTCAATGACTA,0,580267
araCp,0.2,4,4,AGGCATCAGTGGTGGAGGAT,0,550234
araCp,0.2,4,4,AGGCAGGACTCAAGAATCGG,0,557040
araCp,0.2,4,4,AGGCACAAAAACCCTTTCAA,0,556056
araCp,0.2,4,4,AGGCAACCAGTATCATGACA,0,534299
araCp,0.2,4,4,AGGCAACAACGCAGGTTCCG,0,555816
araCp,0.2,4,4,AGGATTGGTGGTCAATTGTA,0,564625
araCp,0.2,4,4,AGGAGTTTTGACGTGAAGCT,0,534193
araCp,0.2,4,4,AGGAGGGCTCGGTTCTGTCT,0,531916
araCp,0.2,4,4,AGGAAGCAGTCGCATTGTAA,0,543185
araCp,0.2,4,4,AGGAAAGCGTTGGGAAACGT,0,587997
araCp,0.2,4,4,AGCTGCTTCATAACTTGAGG,0,564972
araCp,0.2,4,4,AGCTCTGCGATGGAAGCCAT,0,595786
araCp,0.2,4,4,AGCTCCCTGTTTACATAATT,0,603270
araCp,0.2,4,4,AGCTAAGCCCTACCTGCTGT,0,586934
araCp,0.2,4,4,AGCGTTCCGCTTGGCAGGAT,0,543117
araCp,0.2,4,4,AGCGTACTTCATGCGCCATG,0,555236
araCp,0.2,4,4,AGCGGTGTTATGAGCCGTTC,0,543679
araCp,0.2,4,4,AGCGGCCTGAGTGTCGTTTA,0,528166
araCp,0.2,4,4,AGCGGAGAAATGGCCAGGGT,0,599156
araCp,0.2,4,4,AGCGCTCAGAATGCAGACTG,0,552508
araCp,0.2,4,4,AGCGCGCGCTACTTAAGTCA,0,588697
araCp,0.2,4,4,AGCGCGATCCAGTTTTTAGA,0,569358
araCp,0.2,4,4,AGCGCCGGGGCGGGCGTAAC,0,600280
araCp,0.2,4,4,AGCGATTGAGTCCTTAATAC,0,591096
araCp,0.2,4,4,AGCGATCTAAGTGCACGCCC,0,529596
araCp,0.2,4,4,AGCGAGCAGACTCCACACGT,0,586390
araCp,0.2,4,4,AGCGAAATCTGGCGTCGGCT,0,566219
araCp,0.2,4,4,AGCGAAACTGTGACCCCCAC,0,554246
araCp,0.2,4,4,AGCCTACTAAGGTAAACCGT,0,540968
araCp,0.2,4,4,AGCCGGTGAAGCCACGAATC,0,530354
araCp,0.2,4,4,AGCAGCTGTCGGAAAAACCT,0,534798
araCp,0.2,4,4,AGCAGCTACTTGACTCCTGG,0,545662
araCp,0.2,4,4,AGCACAAACGCATTGTTAGG,0,533215
araCp,0.2,4,4,AGCAACTTTCCCGGTCTCAG,0,527525
araCp,0.2,4,4,AGCAAAGTTTCAGTATGGTG,0,567627
araCp,0.2,4,4,AGATTGAGATCGAAAACCTG,0,566650
araCp,0.2,4,4,AGATGGACGGAATGCGAGTG,0,600066
araCp,0.2,4,4,AGATGCGCCGGTTCATTAGG,0,553299
araCp,0.2,4,4,AGATGAGATGGCGAGTACAA,0,570474
araCp,0.2,4,4,AGATAACGCAACATTCCCTC,0,544965
araCp,0.2,4,4,AGAGTTAGAGTTAACATGTG,0,538210
araCp,0.2,4,4,AGAGGTGAGGCTGGCTTTGG,0,577114
araCp,0.2,4,4,AGAGGTAGGGTAGGTCGGTT,0,541995
araCp,0.2,4,4,AGAGGCGGTCCTTTAAGTCC,0,541264
araCp,0.2,4,4,AGAGCTCGTTTAAGGAGTCA,0,595569
araCp,0.2,4,4,AGAGCTATGGGATACTCCTG,0,561965
araCp,0.2,4,4,AGAGCTACCCTGGAGATTGT,0,570196
araCp,0.2,4,4,AGAGAGAGTTCTTGTGGGCA,0,533199
araCp,0.2,4,4,AGACTTTCGGACCTTACCTA,0,581612
araCp,0.2,4,4,AGACTACCACGAGCCCGAGT,0,589197
araCp,0.2,4,4,AGACGGTTGGGCGCACGCCA,0,542712
araCp,0.2,4,4,AGACGAGACGTCCGTGACCA,0,594021
araCp,0.2,4,4,AGACAAAGGAAGCGGCGATC,0,548436
araCp,0.2,4,4,AGAATTAATCACCGCTGAAT,0,588955
araCp,0.2,4,4,AGAAGTTGTTGCTTAGATTA,0,540345
araCp,0.2,4,4,AGAAGTTGAGCCTCGCGTCT,0,527298
araCp,0.2,4,4,AGAACGACCTTGCACACTTA,0,584371
araCp,0.2,4,4,AGAAAGGGGTCAATACCAAC,0,565657
araCp,0.2,4,4,ACTTTCCCAGACAGAACAGT,0,541281
araCp,0.2,4,4,ACTTGGGGGTGATGACGCTA,0,593568
araCp,0.2,4,4,ACTTCTTAGAGTGATGCGGA,0,567440
araCp,0.2,4,4,ACTTCTCTTCCACGTGATGG,0,580312
araCp,0.2,4,4,ACTTCCACCGAACCAATCCG,0,585493
araCp,0.2,4,4,ACTTAGTAAGTCTTAAGGTA,0,578325
araCp,0.2,4,4,ACTTACTCCGGTCATTGGAA,0,546156
araCp,0.2,4,4,ACTGTCACATACAGAAGCGG,0,600848
araCp,0.2,4,4,ACTGGTGCACGGCACTTATA,0,564480
araCp,0.2,4,4,ACTGGTGAGCACATAGGCAG,0,548214
araCp,0.2,4,4,ACTGCTATTACCTCGCGAAA,0,545808
araCp,0.2,4,4,ACTGCGTATACGTGAATATT,0,585124
araCp,0.2,4,4,ACTGCGCCCGGTCTACAGCT,0,579081
araCp,0.2,4,4,ACTCTTCGATCGCGTGGACT,0,560391
araCp,0.2,4,4,ACTCTCTAGCCGAATGTTAC,0,538989
araCp,0.2,4,4,ACTCTAATGCCCCATGCCCT,0,543124
araCp,0.2,4,4,ACTCGGTCGAGTGGAACAAA,0,559284
araCp,0.2,4,4,ACTCGCATCGTTCTTACGGC,0,602291
araCp,0.2,4,4,ACTCGATTCGTTACACTACG,0,571923
araCp,0.2,4,4,ACTCGATTCAAGTGGTGATT,0,590698
araCp,0.2,4,4,ACTCCTGGATATTCAACGCG,0,593177
araCp,0.2,4,4,ACTCCTCGGCCGTCGGTACC,0,591811
araCp,0.2,4,4,ACTCCCAATCTCGTATTCCA,0,588951
araCp,0.2,4,4,ACTCAAGTCAGTCCGCGGCT,0,547364
araCp,0.2,4,4,ACTACCGTATGGTTAGATTT,0,549006
araCp,0.2,4,4,ACTACCAGTGGCAAGTGGCT,0,592094
araCp,0.2,4,4,ACTAAACGAATTTACCGAAC,0,593550
araCp,0.2,4,4,ACGTTAATTTGCACAGTCTT,0,562866
araCp,0.2,4,4,ACGTGTCCGCGGATTGCACA,0,590351
araCp,0.2,4,4,ACGTGGGAGGGTGTATGGCA,0,577633
araCp,0.2,4,4,ACGTGGAACCCCCATCGTTG,0,540821
araCp,0.2,4,4,ACGTGCTGGGGGAACAGCTT,0,526369
araCp,0.2,4,4,ACGTGCTCGGCCCCCCATGT,0,541078
araCp,0.2,4,4,ACGTGACGCACGGCCATAAC,0,534556
araCp,0.2,4,4,ACGTCCCCGTGGTTTACGTT,0,574694
araCp,0.2,4,4,ACGTCATGCCCGGAATATTA,0,570933
araCp,0.2,4,4,ACGTATGATAAATGACCGTA,0,568796
araCp,0.2,4,4,ACGTAGTTACACCTTGGCAA,0,532618
araCp,0.2,4,4,ACGTAGAATAGTTATTCAGT,0,536692
araCp,0.2,4,4,ACGTACCGTTGCTAAAGTCA,0,600826
araCp,0.2,4,4,ACGTAATCTTATGCAGGCAT,0,586637
araCp,0.2,4,4,ACGTAACTTCTGGCGTCGTA,0,569884
araCp,0.2,4,4,ACGGTGCAATGAAGATTGGT,0,549104
araCp,0.2,4,4,ACGGTAGAACCCTGTGCAGC,0,569887
araCp,0.2,4,4,ACGGCTATTTGGACATTGGG,0,528306
araCp,0.2,4,4,ACGGCCGGACCCTAGTCTAG,0,595659
araCp,0.2,4,4,ACGGCATGATAGCTCCATGT,0,545606
araCp,0.2,4,4,ACGGATCGACCGGAACTGTG,0,575905
araCp,0.2,4,4,ACGCTCCCTACGTCAGTCCT,0,532637
araCp,0.2,4,4,ACGCTAGAGTTCGTGTCTGT,0,583648
araCp,0.2,4,4,ACGCCCAGGTAGGAGTCGGG,0,586151
araCp,0.2,4,4,ACGCATTTAGTCTGTCTGAC,0,589609
araCp,0.2,4,4,ACGCAGCTCCTGGAGGCCCA,0,594764
araCp,0.2,4,4,ACGATTATGGCGAAGGCGAT,0,597564
araCp,0.2,4,4,ACGACGACACGGGTTATAAG,0,577769
araCp,0.2,4,4,ACCTTTTGTCGATGGCATAC,0,600895
araCp,0.2,4,4,ACCTTTCCCCAACATCTTGG,0,565515
araCp,0.2,4,4,ACCTGTGTTTACTAATCCAT,0,536838
araCp,0.2,4,4,ACCTGAAGGTGTATTTGACG,0,578611
araCp,0.2,4,4,ACCTCTAACATGAGGCCCTA,0,595417
araCp,0.2,4,4,ACCTCAAGCTCAAGTCTTTG,0,537337
araCp,0.2,4,4,ACCTACCGCGGATTACGTCT,0,543992
araCp,0.2,4,4,ACCTAACATGCCCGGTAAGT,0,589551
araCp,0.2,4,4,ACCGTACATCGAAGGCCAAG,0,599940
araCp,0.2,4,4,ACCGGGTTCGGCTGCCAAAT,0,525828
araCp,0.2,4,4,ACCGGGGCCTGTAATAGAGC,0,592202
araCp,0.2,4,4,ACCGATCGAATAATCGCGCC,0,587785
araCp,0.2,4,4,ACCGAGCTTACAAGGTTCGA,0,600569
araCp,0.2,4,4,ACCGACCAGTCGCAAATCAC,0,602590
araCp,0.2,4,4,ACCCTAATTACGGTCATTCG,0,580657
araCp,0.2,4,4,ACCCCAAGCTGAAGACGTGC,0,560402
araCp,0.2,4,4,ACCCATGGGAACCTAGAGAA,0,561890
araCp,0.2,4,4,ACCCAAGTCTTTTCCCTGTC,0,588153
araCp,0.2,4,4,ACCCAACTTGTTATGTACGG,0,558282
araCp,0.2,4,4,ACCATACGATTGGGATGTTC,0,548145
araCp,0.2,4,4,ACCACTCGACGAGGCAGCAG,0,587588
araCp,0.2,4,4,ACCACGGTATGTTAGAGTGG,0,552504
araCp,0.2,4,4,ACCACGACAGCACCCATGCC,0,561372
araCp,0.2,4,4,ACCACAATAAATCGTCATTA,0,601395
araCp,0.2,4,4,ACATTTAGTTAATTACGTGG,0,552860
araCp,0.2,4,4,ACATGTTAGACGCGGATTCC,0,549987
araCp,0.2,4,4,ACATGGCGGTGAAAGCGTGG,0,576954
araCp,0.2,4,4,ACATGCGGTCCTAAGACTTA,0,587076
araCp,0.2,4,4,ACATGAACGTCCGACTTTAT,0,587205
araCp,0.2,4,4,ACATCTGTCTGCACCTTCTC,0,567330
araCp,0.2,4,4,ACATCTGGTGCTAGGGACGG,0,597125
araCp,0.2,4,4,ACATCTAGGGTCTTGGGCTA,0,550022
araCp,0.2,4,4,ACATCCATCCCGTGAGGGTA,0,591583
araCp,0.2,4,4,ACATCATTGGACTCTTGGCA,0,554131
araCp,0.2,4,4,ACATAGTGCCCGAATCGCGT,0,592637
araCp,0.2,4,4,ACAGGCCCACCTGAATCTAA,0,571500
araCp,0.2,4,4,ACAGCTTTTTTGAAACTGAC,0,578084
araCp,0.2,4,4,ACAGATGCAACCGCCGAGTC,0,538705
araCp,0.2,4,4,ACAGAAATCAGAGTAGAGTC,0,537898
araCp,0.2,4,4,ACACTTAGGGATGGCGTTGG,0,555422
araCp,0.2,4,4,ACACGTTTGTGCCCTACCTA,0,553489
araCp,0.2,4,4,ACACGACAACGTCACGACGG,0,570645
araCp,0.2,4,4,ACACCACCAACCGGATATAG,0,549707
araCp,0.2,4,4,ACACATGTGCGTCGTAGCTG,0,594522
araCp,0.2,4,4,ACAATTAGAACAATAAACGT,0,552936
araCp,0.2,4,4,ACAAGTTATTAGGGCATGTC,0,576930
araCp,0.2,4,4,ACAAGGCTTCTGAGAATCGC,0,588970
araCp,0.2,4,4,ACAAGCGGGTAGGGAATATA,0,532829
araCp,0.2,4,4,ACAAGCCGGTAGAAGTCTTG,0,556173
araCp,0.2,4,4,ACAAGCCGCACTCGTACACT,0,558642
araCp,0.2,4,4,ACAACACTATAGAGCTTTCG,0,562047
araCp,0.2,4,4,ACAAAAAACGATGAGATCAA,0,581745
araCp,0.2,4,4,AATTTTAAGGCGATAATTGT,0,568474
araCp,0.2,4,4,AATTTGTTTCGATTATTGTG,0,544272
araCp,0.2,4,4,AATTTGCGGTACAGTGGCCA,0,553052
araCp,0.2,4,4,AATTTCCAACTCGGAGCACT,0,550468
araCp,0.2,4,4,AATTTAGTGAGCCATTGTTA,0,560055
araCp,0.2,4,4,AATTGAAACATTGAAATTTT,0,573866
araCp,0.2,4,4,AATTCTAGCACCTGGTGGTC,0,578583
araCp,0.2,4,4,AATTCCTGGACTCCCCGCGT,0,595685
araCp,0.2,4,4,AATTCAGTTATTATCGGTCT,0,545977
araCp,0.2,4,4,AATTATCCTTTCGACTGGTT,0,529862
araCp,0.2,4,4,AATTATCACGATACTGGGTC,0,565109
araCp,0.2,4,4,AATTAGTTTAAACTTGTAAA,0,528846
araCp,0.2,4,4,AATGTTACTGCTAGCACAAT,0,557363
araCp,0.2,4,4,AATGTCGTCCTAGGGAGACA,0,576342
araCp,0.2,4,4,AATGGCTCTGCTGAGTGACT,0,544410
araCp,0.2,4,4,AATGGAGGACCTTGGATATG,0,552628
araCp,0.2,4,4,AATGCAACCTAGAGGTCCTC,0,562587
araCp,0.2,4,4,AATCTGTTCACTTATCAAGA,0,591585
araCp,0.2,4,4,AATCTCGGTACCCTTCATTG,0,572734
araCp,0.2,4,4,AATCTCGCAATATGGTACCA,0,569518
araCp,0.2,4,4,AATCGGGGCAATACCGGACG,0,537305
araCp,0.2,4,4,AATCGGATCCGGTCCTCTGT,0,562310
araCp,0.2,4,4,AATCCCGTGAGTAATCAATG,0,538270
araCp,0.2,4,4,AATCACCCCGAGACCTTGAG,0,565819
araCp,0.2,4,4,AATCAAGTATTGATTAACAA,0,546499
araCp,0.2,4,4,AATATAGAGACCTCCGCGAT,0,564064
araCp,0.2,4,4,AATAGCTTTGAGAAGATATT,0,563144
araCp,0.2,4,4,AATAGATGGTGCGTCCGAAA,0,586809
araCp,0.2,4,4,AATACGGTGTAGCAAAACAA,0,547336
araCp,0.2,4,4,AATACGGTCCACACAGGTTT,0,536177
araCp,0.2,4,4,AATAAACTTCACAGGTTGTC,0,545520
araCp,0.2,4,4,AATAAAAGGTGGCGCCCGGT,0,576721
araCp,0.2,4,4,AAGTTTTTCTGTGGAGTGGG,0,527608
araCp,0.2,4,4,AAGTTTAGCCAACTGTTCTG,0,569876
araCp,0.2,4,4,AAGTTTACCTGCTCGCGTCA,0,564267
araCp,0.2,4,4,AAGTTATAGGCCGTTGCCAA,0,530845
araCp,0.2,4,4,AAGTGTTTGGTATCTCGAGC,0,572998
araCp,0.2,4,4,AAGTGGTCCAATCAGGAAAG,0,588033
araCp,0.2,4,4,AAGTGAAGAACGGAGCGATT,0,554007
araCp,0.2,4,4,AAGTCCACGCGCGCCGGTAC,0,564109
araCp,0.2,4,4,AAGTAAGATCCTAACCTGTG,0,581766
araCp,0.2,4,4,AAGGTGAAGATTCAGCAGTA,0,599384
araCp,0.2,4,4,AAGGTCGCGACCCAGTTTTT,0,601231
araCp,0.2,4,4,AAGGTCAAGCTTCGGAATCG,0,593364
araCp,0.2,4,4,AAGGGTACCTTAAGTAGCGG,0,583185
araCp,0.2,4,4,AAGGGCTTCTTGACGAATCC,0,575985
araCp,0.2,4,4,AAGGGATTAACGATCTATAC,0,572167
araCp,0.2,4,4,AAGGGAGCAAAGCAATCCTC,0,596223
araCp,0.2,4,4,AAGGCTCCCTATACTACTTG,0,593416
araCp,0.2,4,4,AAGGAGACGTAGGGCTTTCG,0,593414
araCp,0.2,4,4,AAGGACGGGCTCTAATAGTT,0,588083
araCp,0.2,4,4,AAGCTTCCGGGCGAGGAGAA,0,527871
araCp,0.2,4,4,AAGCTGCCCGCGAATGACTA,0,570466
araCp,0.2,4,4,AAGCGGCCCAATTGACTCTA,0,563570
araCp,0.2,4,4,AAGCGCGTCATCGCCCTGAA,0,567090
araCp,0.2,4,4,AAGCGAATGGATTAAGACCA,0,526210
araCp,0.2,4,4,AAGCAGCAAGTTGTGAGGCC,0,528711
araCp,0.2,4,4,AAGATAATTATTTTACGGCA,0,590813
araCp,0.2,4,4,AAGAGGATGAATTGGTATAA,0,603575
araCp,0.2,4,4,AAGAGCATTATCACGCGGGC,0,569582
araCp,0.2,4,4,AAGAGCAATCGAGGACGTGG,0,589800
araCp,0.2,4,4,AAGAGATTCGACTGCTTTCA,0,550945
araCp,0.2,4,4,AAGACCTCCTAGTGGACGGT,0,593591
araCp,0.2,4,4,AACTTTAGGCGGGCTTGTAG,0,562660
araCp,0.2,4,4,AACTTCACTTAGACATAATC,0,536932
araCp,0.2,4,4,AACTTATATGAGGGGGCACT,0,535657
araCp,0.2,4,4,AACTGTCCAGCATTTTCGTC,0,570098
araCp,0.2,4,4,AACTGTCATACGGATTCGAC,0,603415
araCp,0.2,4,4,AACTGCGCTCAGTCGCGTAT,0,603414
araCp,0.2,4,4,AACTGATCGCAACAGCGGGT,0,537549
araCp,0.2,4,4,AACTCGGTGGGGGAGATATG,0,533958
araCp,0.2,4,4,AACTCGGGTCTGAACAAAAG,0,594022
araCp,0.2,4,4,AACGTGTAGTCATGTGTTTC,0,577613
araCp,0.2,4,4,AACGTGCCGATTTCCACCTC,0,571027
araCp,0.2,4,4,AACGGCAAACTACCGGGCAG,0,549232
araCp,0.2,4,4,AACCGATGGTCCAAGGAGCA,0,534388
araCp,0.2,4,4,AACCCTTGTTAACATGGAAA,0,594982
araCp,0.2,4,4,AACCCTATTACGAAGTCCGT,0,572922
araCp,0.2,4,4,AACCCTAAGTTATGTGTCGT,0,549347
araCp,0.2,4,4,AACCCGGTTTCACCAGGCTT,0,562347
araCp,0.2,4,4,AACCCCCGCGTAATGTCTCT,0,592271
araCp,0.2,4,4,AACCAGGGACGACTCGAGAG,0,543292
araCp,0.2,4,4,AACCACTTGCACAGCTGTAA,0,529531
araCp,0.2,4,4,AACCACATAGAGATTTCATC,0,561235
araCp,0.2,4,4,AACATGGGAGTGTCGCGTTC,0,582909
araCp,0.2,4,4,AACAGTCGCAATACCATATT,0,558456
araCp,0.2,4,4,AACAGTCCTGGCAGGAGCTT,0,599523
araCp,0.2,4,4,AACACTTTACGTGTATCAAG,0,538616
araCp,0.2,4,4,AACAAGGATAGTCTCTCGGT,0,534350
araCp,0.2,4,4,AAATTGTGAATCTCTATCTG,0,543993
araCp,0.2,4,4,AAATTCGGTTGACTCGGACT,0,566696
araCp,0.2,4,4,AAATGCCTTCATTTAGGAGA,0,526191
araCp,0.2,4,4,AAATCTTCCTCATACGGTAG,0,596530
araCp,0.2,4,4,AAATCTATAAGCCACATTGT,0,564242
araCp,0.2,4,4,AAATCCTTTGGTCCCTCATT,0,532750
araCp,0.2,4,4,AAAGTGAGTAGCGGTCATTT,0,560520
araCp,0.2,4,4,AAAGTCGTCAAGATGCGTAC,0,596217
araCp,0.2,4,4,AAAGTCGATAGCCGACATTA,0,597194
araCp,0.2,4,4,AAAGGGGGTATGCATAGACT,0,589428
araCp,0.2,4,4,AAAGAGCCTAGATCCTCTTT,0,588632
araCp,0.2,4,4,AAAGACGAATTTAAGGTGAG,0,574035
araCp,0.2,4,4,AAAGACCGGTCTTAGGAGCG,0,538231
araCp,0.2,4,4,AAAGACCCTAGGCATCGCGA,0,576505
araCp,0.2,4,4,AAACTTCTTGGGGGATTAGG,0,525813
araCp,0.2,4,4,AAACTCGTGCTATTGGACAA,0,528165
araCp,0.2,4,4,AAACTAGACACTCGTGCGGT,0,579843
araCp,0.2,4,4,AAACGCACACCCTGTGGAGG,0,535596
araCp,0.2,4,4,AAACCTCAGTCACGACAAGG,0,583617
araCp,0.2,4,4,AAACCCCAGATCGGGAGTCT,0,588666
araCp,0.2,4,4,AAACCATGTTCCCCATTAAC,0,535697
araCp,0.2,4,4,AAACATCTCAAGAATTTTGG,0,566635
araCp,0.2,4,4,AAACAGTCATTAGCGACATC,0,570538
araCp,0.2,4,4,AAAATATACATGTACTGAGC,0,576410
araCp,0.2,4,4,AAAAGTACCTTTCGTGCTAC,0,556957
araCp,0.2,4,4,AAAAGCAGGGTTCGGAACAA,0,548973
araCp,0.2,4,4,AAAACGTCGCTCCAAGGCAG,0,556879
araCp,0.2,4,4,AAAAATCGCTTAACAAGAGC,0,562513
araCp,0.2,4,4,AAAAACATATGTTCGTTCTC,0,576468
araCp,0.25,3,3,TTTTTTCACTCTCATCTCGA,0,537492
araCp,0.25,3,3,TTTTTTATGACATCTCCTCC,0,593542
araCp,0.25,3,3,TTTTTGTACTATCGTTAAAA,0,560328
araCp,0.25,3,3,TTTTCTGCCGTCGGTTAAAC,0,532717
araCp,0.25,3,3,TTTTCTATGGGCAGATTGAG,0,567831
araCp,0.25,3,3,TTTTCTACGTTGGTATCCTA,0,600389
araCp,0.25,3,3,TTTTAATGAGTTAGTTGTCT,0,551222
araCp,0.25,3,3,TTTGTGGTTGCATGCCTTAA,0,563317
araCp,0.25,3,3,TTTGGTCTTCGTGTTAAACA,0,560798
araCp,0.25,3,3,TTTGGATGACACCGGTGTCC,0,535496
araCp,0.25,3,3,TTTGGAGGAGGTCACGGGTG,0,529153
araCp,0.25,3,3,TTTGCCTTCTTTTAGCAAGA,0,565632
araCp,0.25,3,3,TTTGCAGGGCACAGAACATG,0,576279
araCp,0.25,3,3,TTTCTTACGAGGTCCCCAGG,0,565599
araCp,0.25,3,3,TTTCTCCCTCTTATTGAAAT,0,592275
araCp,0.25,3,3,TTTCTAATAGGTCTAGGCCT,0,541317
araCp,0.25,3,3,TTTCCTTGTTTCGCGTGCGA,0,549485
araCp,0.25,3,3,TTTCCGTGCGTCTCGGCCAC,0,570132
araCp,0.25,3,3,TTTATTGGCAACGATGTATC,0,532001
araCp,0.25,3,3,TTTATTAATTGCTCCGGAAT,0,574297
araCp,0.25,3,3,TTTATGCATGGAAACCTCGG,0,530386
araCp,0.25,3,3,TTTATCCCTCGTTACTGGTA,0,561850
araCp,0.25,3,3,TTTAGTAAAGTAAGGGTCGT,0,569353
araCp,0.25,3,3,TTTACTTGTAGCTTTGGCGA,0,590118
araCp,0.25,3,3,TTTACCTCGGGTGCAGCAAA,0,548727
araCp,0.25,3,3,TTTACCCATGACATTCAGCG,0,534191
araCp,0.25,3,3,TTTAAGAAGTGTCACATCAG,0,584622
araCp,0.25,3,3,TTTAACGTGTAGTCTCAGAG,0,564572
araCp,0.25,3,3,TTGTTGCGTCGAAGGTAACG,0,555099
araCp,0.25,3,3,TTGTGGTCCATTTTTTCCGC,0,583984
araCp,0.25,3,3,TTGTGGCTTATTTGATGGGG,0,536000
araCp,0.25,3,3,TTGTGCCAGGCATACGGATA,0,535738
araCp,0.25,3,3,TTGTGAGTACATCCAAACAT,0,578046
araCp,0.25,3,3,TTGTGAGATACGGTATGTGC,0,572744
araCp,0.25,3,3,TTGTGACATTAGACAGGGTC,0,580320
araCp,0.25,3,3,TTGTCTATGTGTCATACCGG,0,574203
araCp,0.25,3,3,TTGTCGCGGGGGGCTGCTGC,0,530854
araCp,0.25,3,3,TTGTCCTCTCGGGTAGCTAC,0,569408
araCp,0.25,3,3,TTGTCCTCGTACTTAGCGGG,0,536701
araCp,0.25,3,3,TTGTCCACTCTTGCCCACAT,0,540295
araCp,0.25,3,3,TTGTCAGTCCCTCGGCTGAA,0,555036
araCp,0.25,3,3,TTGTAGGCCTATTTAAATAT,0,562399
araCp,0.25,3,3,TTGTAGATTAAACCAGTATT,0,540768
araCp,0.25,3,3,TTGTAAAGATCTAGCTGCCA,0,534800
araCp,0.25,3,3,TTGGTCTATCTCATACACGT,0,532953
araCp,0.25,3,3,TTGGGTAGAGCTGCTCCACA,0,587347
araCp,0.25,3,3,TTGGGGCTCCCTAGAGTCCG,0,584341
araCp,0.25,3,3,TTGGCTGTAACCACCGGCGA,0,585839
araCp,0.25,3,3,TTGGCGTTGTTAGTCCGCGA,0,559444
araCp,0.25,3,3,TTGGCGTCAGATCAAGCTCT,0,592991
araCp,0.25,3,3,TTGGCGGCAATCGAGGGGTA,0,578431
araCp,0.25,3,3,TTGGCCGGCACGATCTGCTG,0,527605
araCp,0.25,3,3,TTGGAACCTTGACCTTTAGT,0,558830
araCp,0.25,3,3,TTGCTGTCCCTGTAATGTAC,0,588432
araCp,0.25,3,3,TTGCGTGCGATTCCCAGAGT,0,561519
araCp,0.25,3,3,TTGCGCTGGTCGCGAGAATC,0,577461
araCp,0.25,3,3,TTGCGCGAGTATTGAGATCT,0,595852
araCp,0.25,3,3,TTGCCTTGTACCAGTGTTAC,0,537211
araCp,0.25,3,3,TTGCCAAATATCAGGGGAGT,0,598804
araCp,0.25,3,3,TTGCAGTACTTATACTACCC,0,550112
araCp,0.25,3,3,TTGCAATGATCGCGTTCGCG,0,592450
araCp,0.25,3,3,TTGCAACTACTGTAACAATG,0,563489
araCp,0.25,3,3,TTGATGCGCGATGCCTCAAT,0,578040
araCp,0.25,3,3,TTGATGACTCGGGAGGCTCA,0,570667
araCp,0.25,3,3,TTGATCAGCCGTCAGGCGAA,0,587854
araCp,0.25,3,3,TTGAGGTAAGCCCCTTCGCC,0,555061
araCp,0.25,3,3,TTGACTTGGCGTAATTAGTC,0,563654
araCp,0.25,3,3,TTGACAAACTCGCTAATAGC,0,543961
araCp,0.25,3,3,TTGAACCGGCCGCGGCACAT,0,572383
araCp,0.25,3,3,TTCTTTCAGAGAAGCAAGTG,0,548558
araCp,0.25,3,3,TTCTTTATGGTTCGATACTC,0,559405
araCp,0.25,3,3,TTCTTGGAGGCAGGAATGGG,0,552109
araCp,0.25,3,3,TTCTGGCGTCATTGCACGAC,0,534398
araCp,0.25,3,3,TTCTCGAAAAGTGTTAGAGG,0,572055
araCp,0.25,3,3,TTCTAGACTACGCGGCCCCT,0,536687
araCp,0.25,3,3,TTCTAAGAGTACCCTGACGG,0,540217
araCp,0.25,3,3,TTCGTGTGAGTAGAGCATGA,0,526971
araCp,0.25,3,3,TTCGTACCGGGCTGGCTTTT,0,557934
araCp,0.25,3,3,TTCGGTTCAGTATATTGGTT,0,579889
araCp,0.25,3,3,TTCGGGGGTTGTCATACTTT,0,588473
araCp,0.25,3,3,TTCGCCGTAGGACCCAAACT,0,599407
araCp,0.25,3,3,TTCGAGTAGCGCGGAGTCTG,0,574668
araCp,0.25,3,3,TTCGAGAGCGCATGAGAAAA,0,557114
araCp,0.25,3,3,TTCGACGGACGTGCGCCCTA,0,589156
araCp,0.25,3,3,TTCGACCAGGGTCCATCCCT,0,585457
araCp,0.25,3,3,TTCGAAGATCAGGTAGAAAT,0,589610
araCp,0.25,3,3,TTCCTTGCCCTGTTTAGTTT,0,549857
araCp,0.25,3,3,TTCCTGCAAGCTAATACCAA,0,536607
araCp,0.25,3,3,TTCCGTACATGTGCGTCAGT,0,541257
araCp,0.25,3,3,TTCCGGCTGACGCCCGGAAC,0,528067
araCp,0.25,3,3,TTCCGGACTGTCAAATGTAA,0,583416
araCp,0.25,3,3,TTCCGATGATCGCCGTAGTC,0,566488
araCp,0.25,3,3,TTCCGAGTCCCGCTGAGCGA,0,554569
araCp,0.25,3,3,TTCATTCTGGTGTGCGCGAC,0,600234
araCp,0.25,3,3,TTCATCGGAAGGGATTAAGA,0,533768
araCp,0.25,3,3,TTCATACCCGCTGCTTGGTG,0,562772
araCp,0.25,3,3,TTCAGGACTGGAGATGCCGC,0,561395
araCp,0.25,3,3,TTCAGCTTCCTATTGCCAGA,0,530892
araCp,0.25,3,3,TTCAATGATTAGCAATACTT,0,555394
araCp,0.25,3,3,TTCAAGGATGTCAAAAGAGA,0,594898
araCp,0.25,3,3,TTCAACGGCAGAGCTCAGGG,0,588425
araCp,0.25,3,3,TTATTGTACGCATATGTCAG,0,532402
araCp,0.25,3,3,TTATTATGCTACAGCTGCTC,0,562689
araCp,0.25,3,3,TTATTAAGGGAGACCATGGA,0,565660
araCp,0.25,3,3,TTATGGTAAACCAGTGGAAA,0,531435
araCp,0.25,3,3,TTATGATATATCTACACTGC,0,567368
araCp,0.25,3,3,TTATCTAAACGTTGGTATCC,0,537284
araCp,0.25,3,3,TTATCACAACTGCACGGAAT,0,543373
araCp,0.25,3,3,TTATATATTGCGACTTTATT,0,583706
araCp,0.25,3,3,TTATATAAAGTATGAGTGGG,0,585773
araCp,0.25,3,3,TTATAGGCGGCGCCGCTAAG,0,549679
araCp,0.25,3,3,TTATACCGAAAAGGAAGCTC,0,527138
araCp,0.25,3,3,TTATACATCGCCTCCAAGCA,0,549553
araCp,0.25,3,3,TTAGTTAAGATGGCGGGACG,0,557665
araCp,0.25,3,3,TTAGTGACTTAACGAGAGCG,0,552273
araCp,0.25,3,3,TTAGTCGGCGTCAGGCTAAA,0,580999
araCp,0.25,3,3,TTAGGTTCATGCGCAAGTAA,0,542013
araCp,0.25,3,3,TTAGGACTCATGCTACCTTG,0,603367
araCp,0.25,3,3,TTAGGAAGTTGCAATCGTGA,0,571182
araCp,0.25,3,3,TTAGGAAGAACGCTCAACTG,0,573139
araCp,0.25,3,3,TTAGCCTTATGGTAGTCACA,0,569754
araCp,0.25,3,3,TTAGCACTAGCCATTTGAGA,0,535243
araCp,0.25,3,3,TTAGCAAGGGCTCGACTTGT,0,591610
araCp,0.25,3,3,TTAGATATGGGTAGGGCATT,0,543887
araCp,0.25,3,3,TTACTTGAACTATAATGTAT,0,527969
araCp,0.25,3,3,TTACTGTGCCGTATAAGAGC,0,590646
araCp,0.25,3,3,TTACTGATCATGGGACCGGG,0,540318
araCp,0.25,3,3,TTACTATATAGTTTGATATG,0,552634
araCp,0.25,3,3,TTACGGCCTGATGGTGATTA,0,531190
araCp,0.25,3,3,TTACGCGAATTGGGCACGTG,0,544157
araCp,0.25,3,3,TTACGCCAGTGCTTCGGCTA,0,528455
araCp,0.25,3,3,TTACCTCTCTGGATGTGGCT,0,577626
araCp,0.25,3,3,TTACCAGAGGGTTGCTTTGG,0,573456
araCp,0.25,3,3,TTACATTACCTATACCAGAC,0,526203
araCp,0.25,3,3,TTACAATATTATCGGTTCCT,0,593816
araCp,0.25,3,3,TTAATTTTTTTTACAGTTAG,0,533119
araCp,0.25,3,3,TTAATTACCACTACAGGGGG,0,543670
araCp,0.25,3,3,TTAATAGGGTCACCGCATCA,0,547620
araCp,0.25,3,3,TTAATAACCCATCCGTCATT,0,572428
araCp,0.25,3,3,TTAAGTAATGGTATACGCAA,0,591423
araCp,0.25,3,3,TTAAGCGCCGCTGCGGTTGC,0,536329
araCp,0.25,3,3,TTAAGCAGGACACTCTTTAT,0,551562
araCp,0.25,3,3,TTAAGAGATTTCAGACCTCA,0,553533
araCp,0.25,3,3,TTAAGAGATAATTTGAGGGA,0,557078
araCp,0.25,3,3,TTAAGACTCAATTCTCGGGG,0,554530
araCp,0.25,3,3,TTAACCCAGTTATCTGATTG,0,587156
araCp,0.25,3,3,TTAAATTATGGACAGGAATA,0,530830
araCp,0.25,3,3,TTAAATGACCATCTGAGGCT,0,530694
araCp,0.25,3,3,TTAAATCCCATACTGATTGT,0,587066
araCp,0.25,3,3,TTAAACTTGACATGCGCTCC,0,592954
araCp,0.25,3,3,TTAAACCGGGGCGTGAACTC,0,526304
araCp,0.25,3,3,TGTTTTAGGTGGATTATGAG,0,542683
araCp,0.25,3,3,TGTTTTAGGTCGTGGAAGGG,0,552408
araCp,0.25,3,3,TGTTGGTCTCCTTCTCTGGG,0,583115
araCp,0.25,3,3,TGTTCTCGTCAAAATCCGGG,0,537709
araCp,0.25,3,3,TGTTCGTTCGTGCCGAAGAC,0,555436
araCp,0.25,3,3,TGTTCGCAAAATGTTTGAGC,0,591158
araCp,0.25,3,3,TGTTCCGCTAGGAAAGATCT,0,537182
araCp,0.25,3,3,TGTTCACTCCTTCACATGGT,0,534742
araCp,0.25,3,3,TGTTATAGCCCACGTCCCCT,0,546313
araCp,0.25,3,3,TGTTAGTGGGTCGTATCAGG,0,584832
araCp,0.25,3,3,TGTTAAGACTTGACAGTAGA,0,559792
araCp,0.25,3,3,TGTGTCCTGTGCGGTTAGGG,0,553435
araCp,0.25,3,3,TGTGTAATTCATGTACCGAG,0,599453
araCp,0.25,3,3,TGTGGGGTCCCAAATGCCCT,0,539208
araCp,0.25,3,3,TGTGGGACGCTACGCGAGTG,0,564306
araCp,0.25,3,3,TGTGGCCCCGAGACCCGGCG,0,529515
araCp,0.25,3,3,TGTGGATCTACGGCCTACCT,0,572574
araCp,0.25,3,3,TGTGCTCATGGAAGTCCCGA,0,587730
araCp,0.25,3,3,TGTGCTAGAGGTCTCTGTTA,0,555491
araCp,0.25,3,3,TGTGCTACTGACCGCAAAAA,0,565032
araCp,0.25,3,3,TGTGATTCCATTCCCGGTAT,0,562007
araCp,0.25,3,3,TGTGAGGCCTTAAGCCAATA,0,568676
araCp,0.25,3,3,TGTCTGTAGCCTAGGGATCA,0,561715
araCp,0.25,3,3,TGTCTGATAGCAACTAGATG,0,573301
araCp,0.25,3,3,TGTCTCTTGGCAAGGCTGTA,0,551489
araCp,0.25,3,3,TGTCTATTGTAGATCATACC,0,537483
araCp,0.25,3,3,TGTCGCAGTTAACCAGATAC,0,582398
araCp,0.25,3,3,TGTCGAACAGTTTTCGTCAA,0,548221
araCp,0.25,3,3,TGTCCGTGCCGGATCGGTAG,0,537978
araCp,0.25,3,3,TGTCCAGGCAGGCGTCGATG,0,563619
araCp,0.25,3,3,TGTCACAAGCCCGTACACTG,0,567839
araCp,0.25,3,3,TGTCAATTAGTCCCGCGATA,0,601002
araCp,0.25,3,3,TGTCAAAGGTTGATTGGTAG,0,588712
araCp,0.25,3,3,TGTAGTTAGTATTATATACA,0,600368
araCp,0.25,3,3,TGTAGTCGAGGTGTGGTTAG,0,569746
araCp,0.25,3,3,TGTACTCAGCACCACATAGA,0,550100
araCp,0.25,3,3,TGTACGGGGAAAAGGACCCT,0,541618
araCp,0.25,3,3,TGTACGCACATACGCATCTC,0,538837
araCp,0.25,3,3,TGTACCCAGGTGAGGCGGCA,0,542041
araCp,0.25,3,3,TGTAAGTTCGGTCGCTCTGA,0,584674
araCp,0.25,3,3,TGTAAGAGGGCTCAGATCTT,0,599779
araCp,0.25,3,3,TGTAAGAGCGGGTGGACTAT,0,580536
araCp,0.25,3,3,TGTAAGAACCTCGTAGACCG,0,563418
araCp,0.25,3,3,TGTAACTCCCTACCCGTTCA,0,563083
araCp,0.25,3,3,TGGTTGTCGCTGTCCGAGCT,0,549398
araCp,0.25,3,3,TGGTTCCCGCAGCGTCATGC,0,534310
araCp,0.25,3,3,TGGTTATCATAAAGTGGGCG,0,600031
araCp,0.25,3,3,TGGTGTGGGCGATACTCAAG,0,574232
araCp,0.25,3,3,TGGTGGCTGACACCCCATTT,0,598397
araCp,0.25,3,3,TGGTGCATATTACCCAAAGG,0,568720
araCp,0.25,3,3,TGGTCTTCGCCTCCTGTAAA,0,601323
araCp,0.25,3,3,TGGTCAACCCCTCACCTATA,0,580796
araCp,0.25,3,3,TGGTATGGTTAAAAATTGGA,0,578714
araCp,0.25,3,3,TGGTATAAGCACGCGCGATT,0,587781
araCp,0.25,3,3,TGGTAGCTTTCTCGTTTTCG,0,581847
araCp,0.25,3,3,TGGTACGACTCGGATCAAGT,0,543165
araCp,0.25,3,3,TGGGTTGCGCATCAACGCCA,0,577645
araCp,0.25,3,3,TGGGGTGGCAATGATTCTAA,0,592689
araCp,0.25,3,3,TGGGCTCGCGTGCACCCAGC,0,542465
araCp,0.25,3,3,TGGGCAAGCCGAACGGTGGT,0,545236
araCp,0.25,3,3,TGGGACTCACACACTGTGTC,0,565927
araCp,0.25,3,3,TGGGAACAAGGAGAATGCTA,0,559380
araCp,0.25,3,3,TGGCTGCGGCATGCGCGGCA,0,544958
araCp,0.25,3,3,TGGCGTTAATATTGGCGGAG,0,551739
araCp,0.25,3,3,TGGCGTCCATGTTCTTGCTC,0,577133
araCp,0.25,3,3,TGGCGGTAGTTAGAGCCGTT,0,559269
araCp,0.25,3,3,TGGCCGTAGCGGTTCCACAT,0,569604
araCp,0.25,3,3,TGGCCGGCTCTCATGGCCAA,0,536612
araCp,0.25,3,3,TGGATTTCTTTTGCGCGAAT,0,561812
araCp,0.25,3,3,TGGAGGTGTCTGTTGTCGTC,0,582007
araCp,0.25,3,3,TGGACGGACCTCAATAAATC,0,557587
araCp,0.25,3,3,TGGACCCTGTACTTACCACA,0,582504
araCp,0.25,3,3,TGGACACTGGCACTGCCTCA,0,565875
araCp,0.25,3,3,TGGAATATGCGCACAGGCTA,0,560978
araCp,0.25,3,3,TGGAAGTGCATGGATATGAA,0,588637
araCp,0.25,3,3,TGGAAGCCGTCGCGTTCGCC,0,599550
araCp,0.25,3,3,TGCTTGGGGTCAGACGCACA,0,550702
araCp,0.25,3,3,TGCTTCTAAATACGACCGTC,0,558475
araCp,0.25,3,3,TGCTGGTATTGCCGGATCTC,0,535224
araCp,0.25,3,3,TGCTGAATCGTCAGGAGCGA,0,548264
araCp,0.25,3,3,TGCTGAAATTGGGGGCTGAA,0,526402
araCp,0.25,3,3,TGCTCGGTCGGAAGAGACCA,0,595928
araCp,0.25,3,3,TGCTCGGCTCGAGTTACAAC,0,599842
araCp,0.25,3,3,TGCTCACCGGTGAAGCTAAC,0,536133
araCp,0.25,3,3,TGCTATCGTTCAACGCTAAT,0,530972
araCp,0.25,3,3,TGCGTTCCAGTGTCGCTGTT,0,547269
araCp,0.25,3,3,TGCGTGTTTCCCATTACGCA,0,532585
araCp,0.25,3,3,TGCGTGTGTACCACGGCACC,0,585561
araCp,0.25,3,3,TGCGTCTTTGGCTCTTTCGG,0,559209
araCp,0.25,3,3,TGCGTCTAACTATCTGTGTT,0,552227
araCp,0.25,3,3,TGCGGAGCGACCGCTTGCCT,0,548233
araCp,0.25,3,3,TGCGCTACGGGACGAGAATA,0,598886
araCp,0.25,3,3,TGCGCCTCCGGCGAGGACCT,0,598213
araCp,0.25,3,3,TGCGCCGCCTTAGTCTATCA,0,570898
araCp,0.25,3,3,TGCGCATTGGTTACGCTGAA,0,543415
araCp,0.25,3,3,TGCGACCCCCTATTAGGCTT,0,537086
araCp,0.25,3,3,TGCCTTAGACGCACTCTCTT,0,580241
araCp,0.25,3,3,TGCCTCCGGCTAAAGGAGGT,0,573803
araCp,0.25,3,3,TGCCGTAAGTGGCATTAAAT,0,579868
araCp,0.25,3,3,TGCCGGCTGTGGCTCTTAAC,0,547456
araCp,0.25,3,3,TGCCATAAGGGTTCTGATAC,0,559224
araCp,0.25,3,3,TGCCAGGTTCCATATCCAGC,0,590761
araCp,0.25,3,3,TGCCAGGTACGTGTTTCCCG,0,577247
araCp,0.25,3,3,TGCCAGGAGGTAGTTTCCAG,0,584831
araCp,0.25,3,3,TGCCAGCAGTTAGGAGTGAG,0,529353
araCp,0.25,3,3,TGCATGCCCCGTTCGCGGTG,0,532333
araCp,0.25,3,3,TGCATATGCTGGAGATGTAT,0,574238
araCp,0.25,3,3,TGCAGTGAAAATATCCCTCA,0,565577
araCp,0.25,3,3,TGCAGATATCTGCTAACTAC,0,539864
araCp,0.25,3,3,TGCACTTGTATGCCTTTGCG,0,597737
araCp,0.25,3,3,TGCACGAAGAGAGGTCAGGT,0,538441
araCp,0.25,3,3,TGCACCGATTAGTCACTTCA,0,581930
araCp,0.25,3,3,TGCAATTAATGGCGCTATCA,0,558179
araCp,0.25,3,3,TGCAAATATTGATTATGACA,0,538852
araCp,0.25,3,3,TGATTTACCAAGTAAGCTGA,0,547849
araCp,0.25,3,3,TGATTACACGACGCCGCTCA,0,602313
araCp,0.25,3,3,TGATGGCCAATACTACGCCG,0,601071
araCp,0.25,3,3,TGATGCAAGGTCTGCGTGTT,0,528645
araCp,0.25,3,3,TGATCTTACGGTTCCCTTTA,0,594309
araCp,0.25,3,3,TGATCTCAAACAAGGCTCAC,0,549471
araCp,0.25,3,3,TGATCGCCTAGGGTAAAGTG,0,583206
araCp,0.25,3,3,TGATCGAGCTTCGATGGCTT,0,531496
araCp,0.25,3,3,TGATCCAAATGTATCATTTA,0,538484
araCp,0.25,3,3,TGATAGGTTAGATTCAGAGC,0,587431
araCp,0.25,3,3,TGAGTTAATGGGAATTGATA,0,563275
araCp,0.25,3,3,TGAGTCAGCGTCACTCGGAG,0,566108
araCp,0.25,3,3,TGAGGTGGTCTACGGACCGT,0,561361
araCp,0.25,3,3,TGAGAAAAGACTTATCCTTT,0,582069
araCp,0.25,3,3,TGACTTTTCCTAAGGTTTTG,0,540057
araCp,0.25,3,3,TGACTATCTATGCACCATTG,0,583592
araCp,0.25,3,3,TGACTAGGGCGTATTTGGTT,0,542471
araCp,0.25,3,3,TGACGCAAGGCCAGCACAAT,0,533302
araCp,0.25,3,3,TGACGATAGCGAAAGGAAGA,0,566394
araCp,0.25,3,3,TGACGAGCTATATAAGCTCG,0,576833
araCp,0.25,3,3,TGACGAAGGGTGCGCTCGTG,0,534801
araCp,0.25,3,3,TGACCGTTACAGTGGGCGCC,0,593820
araCp,0.25,3,3,TGAAGTCGATTAAAGCTATA,0,559457
araCp,0.25,3,3,TGAAATTCCCCGGTAGACCC,0,564163
araCp,0.25,3,3,TGAAATGGTTATGACAACAG,0,555613
araCp,0.25,3,3,TGAAATACTCGATACATTGA,0,602776
araCp,0.25,3,3,TGAAAGCTGCCACGGTTCTC,0,531775
araCp,0.25,3,3,TGAAAGCAGTGGACCGTTCT,0,578786
araCp,0.25,3,3,TCTTTTAGGGAGTTAGCTTT,0,574435
araCp,0.25,3,3,TCTTTGGCGTCTTAGACAAT,0,584501
araCp,0.25,3,3,TCTTGGAAATAGAACCAGGA,0,562715
araCp,0.25,3,3,TCTTGAACATTGGAATCGCT,0,543421
araCp,0.25,3,3,TCTTCTCTTGACAGCACCTG,0,531788
araCp,0.25,3,3,TCTTCGGTCTAAGCCATTGG,0,595655
araCp,0.25,3,3,TCTTCGGATCCGTCACTCAG,0,565120
araCp,0.25,3,3,TCTTCCAGGGGATCCTCAAT,0,534358
araCp,0.25,3,3,TCTTAAGACGTTTCCTGTCT,0,569701
araCp,0.25,3,3,TCTGTGTCAGCAGGCGTAAA,0,559400
araCp,0.25,3,3,TCTGTGCTGGGTCGCTTCTT,0,597864
araCp,0.25,3,3,TCTGGGTTACTGCGGTTACT,0,559667
araCp,0.25,3,3,TCTGGCTAGGTCATATTTCT,0,552641
araCp,0.25,3,3,TCTGGCCTGTAAGCGCTTTA,0,591722
araCp,0.25,3,3,TCTGGATGTCTTTTGTCCGC,0,545507
araCp,0.25,3,3,TCTGCTGTATATGCCTTGGC,0,547865
araCp,0.25,3,3,TCTGATGAGTGCTACTTATA,0,589154
araCp,0.25,3,3,TCTGATGACCAATGCGGTCC,0,548813
araCp,0.25,3,3,TCTGATCGAATACGCTCTCA,0,589685
araCp,0.25,3,3,TCTGAAACTTAGTTGGGGGG,0,535658
araCp,0.25,3,3,TCTGAAACGGTAGCTCGGGG,0,602966
araCp,0.25,3,3,TCTCTTGCGCAGAATTTTCA,0,567073
araCp,0.25,3,3,TCTCTGGGGTAATATTGTTC,0,564750
araCp,0.25,3,3,TCTCTGCCCCCTAATCGCAT,0,534315
araCp,0.25,3,3,TCTCTCTATAGTATGGTAAA,0,540479
araCp,0.25,3,3,TCTCGTGAACATTGTAAGAT,0,590110
araCp,0.25,3,3,TCTCGTAATTAAACCAATAC,0,562769
araCp,0.25,3,3,TCTCCTTAATGAGCACGCGC,0,548323
araCp,0.25,3,3,TCTCCAACCTACTCTGCCGT,0,539400
araCp,0.25,3,3,TCTCATGTTGCGTATTGCCT,0,559517
araCp,0.25,3,3,TCTCACCGCTTCGTGTGTGA,0,543731
araCp,0.25,3,3,TCTCAATCTTAGATGTTCGT,0,583008
araCp,0.25,3,3,TCTAGGTCGCCCGGCTGTTT,0,583727
araCp,0.25,3,3,TCTAGGGTTACAGTAGTCTC,0,598581
araCp,0.25,3,3,TCTAGACTGACATAGTAAGG,0,600335
araCp,0.25,3,3,TCTACTGGAATTGGGGGCCA,0,558140
araCp,0.25,3,3,TCTACGTAGTGCATGTCCGC,0,554242
araCp,0.25,3,3,TCTACGGCCGCCTCGTACGC,0,594852
araCp,0.25,3,3,TCGTTTTTTGAAGGCGTGGT,0,600786
araCp,0.25,3,3,TCGTTCAGTTCGTTATGGAT,0,571634
araCp,0.25,3,3,TCGTGGCGTCAGTTGGCGAG,0,592332
araCp,0.25,3,3,TCGTGCACATTTGACACCTA,0,577563
araCp,0.25,3,3,TCGTGAGGGCCGACCGGTCT,0,566075
araCp,0.25,3,3,TCGTCTCAAGGAGTGGAGAT,0,544502
araCp,0.25,3,3,TCGTCCCGAAATGTCTGTCA,0,538260
araCp,0.25,3,3,TCGTCAGAGACGAATGCCCA,0,542860
araCp,0.25,3,3,TCGGTTAACCAGGAAGCTAG,0,588363
araCp,0.25,3,3,TCGGGGTTTCCATCGACGCA,0,564712
araCp,0.25,3,3,TCGGGCTCACAGATTGGTAA,0,572872
araCp,0.25,3,3,TCGGCTCTGCTGCAAGTCCT,0,533526
araCp,0.25,3,3,TCGGCGGTGGACGTAGTTAA,0,551288
araCp,0.25,3,3,TCGGCCTGTGCTTAGTCTCG,0,595750
araCp,0.25,3,3,TCGGCCCTTCATTACCCGGC,0,540290
araCp,0.25,3,3,TCGGCATGGGAACATAAATG,0,578677
araCp,0.25,3,3,TCGGACGCATCGAACCCTTA,0,550741
araCp,0.25,3,3,TCGCTTATCAAGGAATGGTG,0,533574
araCp,0.25,3,3,TCGCTGACGTCGCTGCCTAG,0,537033
araCp,0.25,3,3,TCGCGTTTGTCTCATCAAAA,0,567502
araCp,0.25,3,3,TCGCGCTCCAACACGGCCTT,0,548937
araCp,0.25,3,3,TCGCGACTCTGGGTTAGCAA,0,600295
araCp,0.25,3,3,TCGCCGCCGCGCCTGAAGAG,0,538029
araCp,0.25,3,3,TCGCCATTATCTGTCGTTGC,0,571453
araCp,0.25,3,3,TCGCCATCTCTCTAGTTGGT,0,570089
araCp,0.25,3,3,TCGCCATCGGATGCAACGTG,0,595380
araCp,0.25,3,3,TCGCATTGCTATATTGTTCA,0,599723
araCp,0.25,3,3,TCGATGAATTCGTATAGGAT,0,581709
araCp,0.25,3,3,TCGATAGCACCATATGGACA,0,550426
araCp,0.25,3,3,TCGAGGGGAAACCCAGAATG,0,597037
araCp,0.25,3,3,TCGAGGCTGCGTCTCCAGTC,0,576415
araCp,0.25,3,3,TCGAGGCCATTCCGTCTTAG,0,542631
araCp,0.25,3,3,TCGACGTAATTCGAAGTCAG,0,533268
araCp,0.25,3,3,TCGACATGAGGGTGACCATG,0,587481
araCp,0.25,3,3,TCGAATCTGGGCTCCCGCAA,0,562005
araCp,0.25,3,3,TCGAAGATGTTAACGATAGA,0,602678
araCp,0.25,3,3,TCCTTTAAAAGGAAAGAAGG,0,603141
araCp,0.25,3,3,TCCTTGGCAACGCTAAATGC,0,540139
araCp,0.25,3,3,TCCTTGGATTCTGTTCAGGC,0,557397
araCp,0.25,3,3,TCCTTCAACGCTAACCTTCA,0,587108
araCp,0.25,3,3,TCCTGCCTTGGCTTCACGGA,0,578608
araCp,0.25,3,3,TCCTGACGCCTGCACGTAAA,0,557754
araCp,0.25,3,3,TCCTCTCAAGATCTCGCGGC,0,565687
araCp,0.25,3,3,TCCTCGCATGTCATTAACAG,0,602335
araCp,0.25,3,3,TCCTCACTGCGTCCGCACCC,0,566572
araCp,0.25,3,3,TCCTACGCAAGGACAGGGCC,0,594886
araCp,0.25,3,3,TCCTAACACCCGGAATTATG,0,537439
araCp,0.25,3,3,TCCGTTTTCCGGCAGGTAGA,0,580515
araCp,0.25,3,3,TCCGTTGCAAACTCCTTACA,0,579069
araCp,0.25,3,3,TCCGTATCAATTTGACTTTT,0,574745
araCp,0.25,3,3,TCCGGTTGGCTGCCACCCGG,0,574756
araCp,0.25,3,3,TCCGGGAGCGAATACGATCA,0,542466
araCp,0.25,3,3,TCCGCTTGCGGGCTTAAGTT,0,597333
araCp,0.25,3,3,TCCGCTCGCTGTTTAACGGA,0,529898
araCp,0.25,3,3,TCCGCAACTCAGATGCCGTG,0,555826
araCp,0.25,3,3,TCCGCAACCGCGTTTCGCCG,0,535265
araCp,0.25,3,3,TCCGACCCCTTGTACGAGTA,0,587054
araCp,0.25,3,3,TCCGACACGTACCACATAAC,0,591592
araCp,0.25,3,3,TCCCGCCCCGCTAACGTAGC,0,593437
araCp,0.25,3,3,TCCCCGCTTAAGTAAACCCG,0,578698
araCp,0.25,3,3,TCCCAGCCGCTAGACTAACT,0,580215
araCp,0.25,3,3,TCCATGTGAAGATACCCGCA,0,575569
araCp,0.25,3,3,TCCATCGAGCGTAGCTCACG,0,565336
araCp,0.25,3,3,TCCATAATCTGAGACGGTAC,0,531138
araCp,0.25,3,3,TCCAGCATGAAAGCATTTTG,0,542166
araCp,0.25,3,3,TCCACTCGAGCCACCTGGGC,0,533621
araCp,0.25,3,3,TCCAATGGGGTCAAAGGGCG,0,591952
araCp,0.25,3,3,TCCAAGGGCATTTCTCTTGG,0,594389
araCp,0.25,3,3,TCCAACCCACAGGGGGGTCA,0,585848
araCp,0.25,3,3,TCATTTTACAGGGCCCAGGG,0,592632
araCp,0.25,3,3,TCATTGTTGTTTAAAATTAA,0,536275
araCp,0.25,3,3,TCATCGGAGTTTTAGTCAGG,0,573246
araCp,0.25,3,3,TCATCGCGCCATATCTATGC,0,588266
araCp,0.25,3,3,TCATATGAAGCAAACTGGTA,0,552995
araCp,0.25,3,3,TCATACGCGATTCCACAGAC,0,577463
araCp,0.25,3,3,TCATACCTTAGAACAAGGTA,0,553207
araCp,0.25,3,3,TCATAATGGCAGTTAAAGTC,0,550293
araCp,0.25,3,3,TCATAACTGGATGTCTTTGC,0,541102
araCp,0.25,3,3,TCATAACTCCAAAGACGGTC,0,573166
araCp,0.25,3,3,TCAGTGCCGACTTAAGCTAG,0,559210
araCp,0.25,3,3,TCAGTCACCCACTGACCTGA,0,569661
araCp,0.25,3,3,TCAGTCAATTTAGGGGAGTT,0,552988
araCp,0.25,3,3,TCAGGTGACCTTCGCTATCG,0,569612
araCp,0.25,3,3,TCAGATCTAGCGTATCTTCC,0,539473
araCp,0.25,3,3,TCAGATCCATGCATAATCAA,0,532634
araCp,0.25,3,3,TCACTTTTAGGATCTCACGT,0,600883
araCp,0.25,3,3,TCACTTTGTGGCTTAAAAGC,0,585140
araCp,0.25,3,3,TCACTCGGCAGCACTCGGTC,0,536446
araCp,0.25,3,3,TCACGTCAGCGGAAACTGCA,0,562893
araCp,0.25,3,3,TCACGCTTGGAGGAGCTGTT,0,587369
araCp,0.25,3,3,TCACCTTTCCGATTCTACAC,0,567307
araCp,0.25,3,3,TCACCACCAGCCAGAGTCTG,0,583419
araCp,0.25,3,3,TCACCACACACTTAATCAAC,0,591071
araCp,0.25,3,3,TCACAGCTAGACTTGTCCTA,0,542285
araCp,0.25,3,3,TCAAGGTCAATGTCCGGTTG,0,543074
araCp,0.25,3,3,TCAAGGCTTCGCAAAGATAG,0,543680
araCp,0.25,3,3,TCAAATAGTAATAAACATAC,0,551563
araCp,0.25,3,3,TCAAATACACGTACAACATA,0,602413
araCp,0.25,3,3,TATTTTTACAGTCTCACGAT,0,554836
araCp,0.25,3,3,TATTTTGCACATGCCATATA,0,593587
araCp,0.25,3,3,TATTTGTGCCTGAGCTAATC,0,598202
araCp,0.25,3,3,TATTTCACAATAGCATTTAG,0,530009
araCp,0.25,3,3,TATTGTGTTACAGTCTGCCG,0,549531
araCp,0.25,3,3,TATTGCTGCATCCAGGTGGG,0,559419
araCp,0.25,3,3,TATTCGTTGCGGGTGCCCTA,0,526091
araCp,0.25,3,3,TATTCCCAGTGGGACGCTAC,0,578654
araCp,0.25,3,3,TATTAGCGAAGGTTGGATTA,0,555303
araCp,0.25,3,3,TATTACGTTTGTTAGAAAAA,0,541344
araCp,0.25,3,3,TATTACCAGTATGCCACGAT,0,540170
araCp,0.25,3,3,TATGTTCGTCCTGGGGATGT,0,572832
araCp,0.25,3,3,TATGTACCTATCTCTGATTG,0,564540
araCp,0.25,3,3,TATGGTACTGCGTAGATGCC,0,540645
araCp,0.25,3,3,TATGGGCGGGTACCGGTAGA,0,527374
araCp,0.25,3,3,TATGGAAATCTAGTATGGTA,0,559636
araCp,0.25,3,3,TATGCTCGACATGATCCCAT,0,577726
araCp,0.25,3,3,TATGCCCTTGATAATCCATA,0,531913
araCp,0.25,3,3,TATGCCATAGCACGCCGATA,0,597322
araCp,0.25,3,3,TATGACAGGATCCGACGTTG,0,532438
araCp,0.25,3,3,TATCTGCGCATACCTAGATG,0,583781
araCp,0.25,3,3,TATCTACAGTATTACGTCCA,0,559893
araCp,0.25,3,3,TATCGGGATCGTCGAAGACT,0,551211
araCp,0.25,3,3,TATCGCCATTGGTGGATAGC,0,584405
araCp,0.25,3,3,TATCGAAAGATTCCGCCATT,0,575986
araCp,0.25,3,3,TATCCCGCGCGCGGCTAGCG,0,562342
araCp,0.25,3,3,TATCATATGTCAAAACGTTA,0,537298
araCp,0.25,3,3,TATCAACGCATGACCGCGAA,0,544656
araCp,0.25,3,3,TATATGGATCCAGGAGCGGT,0,570533
araCp,0.25,3,3,TATATGCCGATGTAAGCCTT,0,583157
araCp,0.25,3,3,TATATCGGGGACATGTTTCG,0,528575
araCp,0.25,3,3,TATAGGTCATTACCCGCACC,0,591683
araCp,0.25,3,3,TATAGGCATTACTGGGCCGG,0,552223
araCp,0.25,3,3,TATAGCCACCGGCCTGCGTG,0,581632
araCp,0.25,3,3,TATACACCTGGACGGTAGTA,0,563309
araCp,0.25,3,3,TATAATGAGCGTGGTCCGGC,0,549294
araCp,0.25,3,3,TATAACTGCGCGAACTATCA,0,554055
araCp,0.25,3,3,TAGTCTGGAATGACACGGAA,0,550209
araCp,0.25,3,3,TAGTCCGAAGTAGCCAGAAG,0,601573
araCp,0.25,3,3,TAGTATCCTGTAAGGCCTGT,0,550877
araCp,0.25,3,3,TAGTATAATGTTGTAGCATC,0,579840
araCp,0.25,3,3,TAGGTTTCAGTAGTTAGTTC,0,588374
araCp,0.25,3,3,TAGGTTGGTCGGATGCACGT,0,539883
araCp,0.25,3,3,TAGGTGTTTGTTGCGCCAGT,0,536430
araCp,0.25,3,3,TAGGTGTGCGGTCTACCGCG,0,566143
araCp,0.25,3,3,TAGGTGAAGCGCAGCAAGTT,0,594356
araCp,0.25,3,3,TAGGTCATACCAGCGAATGC,0,545976
araCp,0.25,3,3,TAGGGGGTAACCTGTACGCT,0,592691
araCp,0.25,3,3,TAGGCCACGGAACAGACTTT,0,534235
araCp,0.25,3,3,TAGGATTCCTGAACCGGAAG,0,548002
araCp,0.25,3,3,TAGGATCAAGAAGGTCGAGG,0,537307
araCp,0.25,3,3,TAGGACATTTCAGCGTTGTT,0,526746
araCp,0.25,3,3,TAGGACAGCAAGAAGAGCGA,0,581660
araCp,0.25,3,3,TAGCGACCGCAGGAGCGCGT,0,527695
araCp,0.25,3,3,TAGCCGCAAAAGGGGCAGCA,0,549497
araCp,0.25,3,3,TAGCATTAGCAAGTGGTTCG,0,596269
araCp,0.25,3,3,TAGCATTAAAGCTGCGGTGC,0,541287
araCp,0.25,3,3,TAGCATCCTATAATGTGAAT,0,543322
araCp,0.25,3,3,TAGCATAGCCAAAAAGACCG,0,546851
araCp,0.25,3,3,TAGCACTAAATCGTACTATA,0,571486
araCp,0.25,3,3,TAGCAAATTTAGTTCCACTA,0,587184
araCp,0.25,3,3,TAGATTCTCACCTACGTAAA,0,539461
araCp,0.25,3,3,TAGATGTGAGGCTTATGATG,0,586084
araCp,0.25,3,3,TAGATGTCCTTATTAATTGT,0,593647
araCp,0.25,3,3,TAGATGGCAGCGGACAAAAG,0,534752
araCp,0.25,3,3,TAGATGACAGTCGTGACTGT,0,527366
araCp,0.25,3,3,TAGATAAGACCGCTGACTTA,0,551150
araCp,0.25,3,3,TAGAGTTGCCAGAGCCTAGT,0,561109
araCp,0.25,3,3,TAGAGCAATATTGAGATCTT,0,562731
araCp,0.25,3,3,TAGAGAATCTCTGGCATGTG,0,525851
araCp,0.25,3,3,TAGACGGATGGAAACACCAG,0,539388
araCp,0.25,3,3,TAGACCGTTTGGTCTCTGCA,0,573237
araCp,0.25,3,3,TAGAATGCAATGCGCGAGCC,0,593335
araCp,0.25,3,3,TAGAATATACCTACAGAGGA,0,589462
araCp,0.25,3,3,TAGAATACAGTCCGTTGATT,0,563954
araCp,0.25,3,3,TAGAACACTAGGGTGGTTTA,0,578794
araCp,0.25,3,3,TACTTTTCTATAGTTTTAAT,0,587612
araCp,0.25,3,3,TACTGGGAAAGACATAAGGA,0,558981
araCp,0.25,3,3,TACTGAGTTTCTCCTGGGCG,0,531714
araCp,0.25,3,3,TACTGAGCACGCTCGACAAA,0,593987
araCp,0.25,3,3,TACTCTTCACTCCTTTACCA,0,565335
araCp,0.25,3,3,TACTCCTCGAGTGCATCAGC,0,544397
araCp,0.25,3,3,TACTCCGCCATAGCAGCTTC,0,583634
araCp,0.25,3,3,TACTCCGAATCCGGGGCTCT,0,561471
araCp,0.25,3,3,TACGTGGTTTAGGGGCGGAT,0,572380
araCp,0.25,3,3,TACGTCCCAGCTCGTTTCAG,0,598384
araCp,0.25,3,3,TACGGTCGCTCTGACTGTGA,0,565113
araCp,0.25,3,3,TACGGGCTAGAGGAGGGATC,0,591191
araCp,0.25,3,3,TACGGGCACCTAGCCGGACA,0,547470
araCp,0.25,3,3,TACGGCCTGGCACTCCATCT,0,556300
araCp,0.25,3,3,TACGGAGCTCGTTTATCGGG,0,578943
araCp,0.25,3,3,TACGGACGTGCACCGGGTAT,0,577531
araCp,0.25,3,3,TACGATGATCTCCCTGCCGA,0,578416
araCp,0.25,3,3,TACGACAACTATAACGCATT,0,599900
araCp,0.25,3,3,TACCTTTTAAGCGGTATGGA,0,582895
araCp,0.25,3,3,TACCGTTTCCACAGAATACA,0,536697
araCp,0.25,3,3,TACCGGTTTGACGGTGAGGG,0,594396
araCp,0.25,3,3,TACCGGGCATCTCCCAAAAG,0,574989
araCp,0.25,3,3,TACCGACTGCTACTTACTAT,0,560478
araCp,0.25,3,3,TACCCATCGGTGCTTTTCAG,0,592065
araCp,0.25,3,3,TACCCAGGCTGAGGGTAGCA,0,535483
araCp,0.25,3,3,TACCACGTACCATTAGGTGA,0,592918
araCp,0.25,3,3,TACATTAGTAACCGGCTTTA,0,535558
araCp,0.25,3,3,TACAGTGCTGAACATTATCT,0,563621
araCp,0.25,3,3,TACAGCTTCCGGGTCTGGAA,0,534733
araCp,0.25,3,3,TACAGAGTATAGGACGTCTG,0,578171
araCp,0.25,3,3,TACAGAACAATACTTAGCGA,0,525649
araCp,0.25,3,3,TACACATGCAAAAGGACTAG,0,573460
araCp,0.25,3,3,TACAATAGTGTATTTTTCAG,0,587902
araCp,0.25,3,3,TACAAATAGTTATGAGAAGC,0,594595
araCp,0.25,3,3,TAATTCGCGTGCTAGTGTGG,0,587389
araCp,0.25,3,3,TAATTCGCATTTCGGTCTCA,0,551893
araCp,0.25,3,3,TAATGGGTCCGCCAAAGTGA,0,535723
araCp,0.25,3,3,TAATGGATCGCCGGAGGCTT,0,592292
araCp,0.25,3,3,TAATGCGATCACTCTCCTAC,0,537496
araCp,0.25,3,3,TAATCGGACCGCACATGGAT,0,602306
araCp,0.25,3,3,TAATCCGCTCACGAGAGCCA,0,542705
araCp,0.25,3,3,TAATCCCCGTGCGAGGGTCA,0,601536
araCp,0.25,3,3,TAATCATTGAGCCCTCAAGA,0,552106
araCp,0.25,3,3,TAAGGTCTGTTTAAACAATC,0,591615
araCp,0.25,3,3,TAAGGCCCGGGCGTGATTGT,0,600130
araCp,0.25,3,3,TAAGCGGTACGAGGTCAGCC,0,551811
araCp,0.25,3,3,TAAGCCTGTTGAATACGCGG,0,560153
araCp,0.25,3,3,TAAGATATACCAGTCACGCG,0,537869
araCp,0.25,3,3,TAAGACGCGAGATAGCGGTG,0,553867
araCp,0.25,3,3,TAACTCACAGTGTCATGCGG,0,603255
araCp,0.25,3,3,TAACTAGAATACATTCGGAT,0,594468
araCp,0.25,3,3,TAACGCTTTGGTGTGCAGGG,0,561149
araCp,0.25,3,3,TAACGATATCTTATCGTCAT,0,545310
araCp,0.25,3,3,TAACGAGCGTTTCAATTGTA,0,548842
araCp,0.25,3,3,TAACCTAGAGGGTACCGTCC,0,575186
araCp,0.25,3,3,TAACATCGACGTACGTGGAC,0,571456
araCp,0.25,3,3,TAACACCTGGCAGGCGCCCT,0,550646
araCp,0.25,3,3,TAAATGATTCGGGTTAAGTC,0,578521
araCp,0.25,3,3,TAAATGAGGGGAGATTCGTG,0,540670
araCp,0.25,3,3,TAAATGAATCATCCAGGTGC,0,552989
araCp,0.25,3,3,TAAAGGGGCAAGGTCCTGAA,0,565620
araCp,0.25,3,3,TAAAGGCCCCTCCCAGGCTT,0,591348
araCp,0.25,3,3,TAAAGGAACATATATACTCT,0,593000
araCp,0.25,3,3,TAAACATACGGGTTATAGCG,0,548771
araCp,0.25,3,3,TAAACACGGTTTATATTATG,0,573455
araCp,0.25,3,3,TAAAATCCTTGCACAGCCGA,0,526132
araCp,0.25,3,3,TAAAAGCCAATGCGCATACT,0,553878
araCp,0.25,3,3,GTTTTTGGCCGATCGGCTGA,0,599092
araCp,0.25,3,3,GTTTGTATTCCTGGACTGTG,0,575525
araCp,0.25,3,3,GTTTGGTACACGTACTGGAG,0,601719
araCp,0.25,3,3,GTTTGCTGGGACAGCGCATA,0,595554
araCp,0.25,3,3,GTTTGCGGCCCCTGTCTGGT,0,533274
araCp,0.25,3,3,GTTTCTAGATTGGGGTCAAG,0,588258
araCp,0.25,3,3,GTTTCGAAAGTTTGGAGCTT,0,553794
araCp,0.25,3,3,GTTTCCGGCCAGCAATTACG,0,553572
araCp,0.25,3,3,GTTGTCTAGGCTTCAGTTAG,0,553497
araCp,0.25,3,3,GTTGTAGGAGAAAAGCCTTT,0,584463
araCp,0.25,3,3,GTTGGATCAGATAAGTTATA,0,583073
araCp,0.25,3,3,GTTGGACCTCCATATCTCTA,0,573318
araCp,0.25,3,3,GTTGGACCACAGTAAGGAGT,0,569719
araCp,0.25,3,3,GTTGCCGGCGAGTCTAAGGA,0,571315
araCp,0.25,3,3,GTTGCCATGGGCCAGTGCTG,0,593709
araCp,0.25,3,3,GTTGATAAATGGATACAGCT,0,531721
araCp,0.25,3,3,GTTGAGGATAAACTGCCTTT,0,576261
araCp,0.25,3,3,GTTGACTCTCCGGTCTCTAG,0,526597
araCp,0.25,3,3,GTTCTGGCATGGCTAGCACG,0,574985
araCp,0.25,3,3,GTTCTCAGCCAGGAATATTG,0,526238
araCp,0.25,3,3,GTTCGGGCTCACGCGTGACA,0,600657
araCp,0.25,3,3,GTTCGAACCGCGCCGCGCAA,0,564009
araCp,0.25,3,3,GTTCCGTAAATGCCTGCTAG,0,588361
araCp,0.25,3,3,GTTCATAAACATAATGGTTC,0,578106
araCp,0.25,3,3,GTTCACGATTTCTCTACCGA,0,547475
araCp,0.25,3,3,GTTATTGAGAGTTTGCAAGA,0,581539
araCp,0.25,3,3,GTTATAGATAATTGGCTACA,0,544311
araCp,0.25,3,3,GTTAGTTGGCAGAGGCGACT,0,583458
araCp,0.25,3,3,GTTAGTGCAAACCTTAATTG,0,589418
araCp,0.25,3,3,GTTAGCTGAGACGGTAGAAA,0,549559
araCp,0.25,3,3,GTTAGCCAAACTATGAATGG,0,575805
araCp,0.25,3,3,GTTACTCCTTCAACCGTGTG,0,534077
araCp,0.25,3,3,GTTACGCTCTCGGAGACAAC,0,538906
araCp,0.25,3,3,GTTACAGATCGCAAGCCTCC,0,570994
araCp,0.25,3,3,GTTACACTAAGTTACTCCTT,0,559528
araCp,0.25,3,3,GTGTTTTTAAAAGCGTCTAG,0,566402
araCp,0.25,3,3,GTGTTATGTTATCCCCTGGT,0,594135
araCp,0.25,3,3,GTGTTAGCGGTTTACGCCTA,0,596010
araCp,0.25,3,3,GTGTTAAAGTTTAGATGGAT,0,601228
araCp,0.25,3,3,GTGTGTACAAGTATGCGTGA,0,558881
araCp,0.25,3,3,GTGTGGAATCTTGATCGTGC,0,542685
araCp,0.25,3,3,GTGTGCCTGGGGGATCGGGT,0,571583
araCp,0.25,3,3,GTGTGCCGAAGGTAGCTAAT,0,596716
araCp,0.25,3,3,GTGTGCAGCTCGTGACCTTA,0,583516
araCp,0.25,3,3,GTGTGCACTAACGCATCCTG,0,567565
araCp,0.25,3,3,GTGTATTTAGTTTAAGAGCA,0,557364
araCp,0.25,3,3,GTGTAGGCTCCGAAGTTCCA,0,549271
araCp,0.25,3,3,GTGTACCAAAGTAGCTGACT,0,573172
araCp,0.25,3,3,GTGTAATTTTATTGACACGA,0,572741
araCp,0.25,3,3,GTGTAAGGGATTACCGTGGG,0,541527
araCp,0.25,3,3,GTGTAAAAGAGTGTGGGGTT,0,586452
araCp,0.25,3,3,GTGGTTTGCACCTCCTCAAT,0,577792
araCp,0.25,3,3,GTGGTACGCCGCAGCGAGTT,0,527406
araCp,0.25,3,3,GTGGGTAGCTTCTTTCGAAG,0,533430
araCp,0.25,3,3,GTGGGCCACATATGCAAGGA,0,593989
araCp,0.25,3,3,GTGGGCAAACGGGTGTTAGT,0,580898
araCp,0.25,3,3,GTGGGACAATAGATATATAA,0,547861
araCp,0.25,3,3,GTGGAGCGCTTGAATTGGGT,0,593926
araCp,0.25,3,3,GTGGACTACAGTGGGAGCTA,0,575760
araCp,0.25,3,3,GTGGACCCGTGACTTTCCAT,0,542401
araCp,0.25,3,3,GTGGAACTCTTCAGAAATCG,0,532753
araCp,0.25,3,3,GTGCTTTGCCTAACTCAACA,0,600519
araCp,0.25,3,3,GTGCTAGTGTAACACGGTCT,0,564631
araCp,0.25,3,3,GTGCGCATTATCTGCTCAGT,0,573081
araCp,0.25,3,3,GTGCCGTGCAACCATAGGGT,0,567584
araCp,0.25,3,3,GTGCAGTCTTTAGACTCAAA,0,581470
araCp,0.25,3,3,GTGCAGGAAGGTTACAATCA,0,544377
araCp,0.25,3,3,GTGCAATGTTTGCCTTGACA,0,536832
araCp,0.25,3,3,GTGCAAGATAACCTCTCTTG,0,532388
araCp,0.25,3,3,GTGATGAGTACCGGAACTTT,0,572817
araCp,0.25,3,3,GTGATAGTACTTCTACAGAC,0,584800
araCp,0.25,3,3,GTGATACGTCGCTTCCCCAT,0,582012
araCp,0.25,3,3,GTGAGATTTAACAGGGTCAT,0,548607
araCp,0.25,3,3,GTGAGAGTTTCTATGTAAGT,0,534802
araCp,0.25,3,3,GTGAGACTATGGGACCTTTA,0,559966
araCp,0.25,3,3,GTGAATATTCACAGGTCGTT,0,584852
araCp,0.25,3,3,GTGAAGACGAGTTACTGAAA,0,527419
araCp,0.25,3,3,GTCTTGTCATGAACGTATTG,0,539825
araCp,0.25,3,3,GTCTTGGATTTTTATGAAGA,0,586563
araCp,0.25,3,3,GTCTTCTAGCAGGCGTGTTC,0,583565
araCp,0.25,3,3,GTCTTCGACACGCATTCTCC,0,533945
araCp,0.25,3,3,GTCTTCCAGGGAAAGTGCAC,0,530740
araCp,0.25,3,3,GTCTTAACGGTCCCACTAAA,0,600338
araCp,0.25,3,3,GTCTGTAAAATCCCAAGAAA,0,533202
araCp,0.25,3,3,GTCTGCTCCCTTGAATCCCA,0,580379
araCp,0.25,3,3,GTCTCGTCAGCAGGGTCGCA,0,555363
araCp,0.25,3,3,GTCTCAGTTGGGCTGATGCA,0,554310
araCp,0.25,3,3,GTCTCAAGCCGCATCGTCCA,0,560999
araCp,0.25,3,3,GTCGTTGGAACACCCAACCT,0,539078
araCp,0.25,3,3,GTCGGTTTAATCTGCTTGTT,0,538785
araCp,0.25,3,3,GTCGGGGAGACACTTAGTGT,0,531969
araCp,0.25,3,3,GTCGGCCTAACTGTTGTTTA,0,537562
araCp,0.25,3,3,GTCGCCCCCGACCTCAGAGA,0,545415
araCp,0.25,3,3,GTCCTGCGCTCCTATAACAA,0,562955
araCp,0.25,3,3,GTCCGTGGAGTAATTAGCGA,0,533470
araCp,0.25,3,3,GTCCGTCGAGGTGCTATTAT,0,572488
araCp,0.25,3,3,GTCCGCTTGTCGTTGGACTG,0,552436
araCp,0.25,3,3,GTCCCGCAGCGCGACTCGTC,0,585276
araCp,0.25,3,3,GTCCCCGATTTGCTGAAATA,0,571785
araCp,0.25,3,3,GTCCATTCTCATAGGCATTG,0,583513
araCp,0.25,3,3,GTCCATTCGTTTATATAGCC,0,595931
araCp,0.25,3,3,GTCCATTCATAAGTAGCTGG,0,543836
araCp,0.25,3,3,GTCCATCGATATCGGCTTGT,0,527292
araCp,0.25,3,3,GTCATGAAAACAATTCTGTT,0,549603
araCp,0.25,3,3,GTCAGCGCAGAGTTTTCGGA,0,564383
araCp,0.25,3,3,GTCAGCATATAATTTAGCCC,0,555497
araCp,0.25,3,3,GTATTGTTAGCACTTCAAAG,0,546751
araCp,0.25,3,3,GTATTCCACTCTAAGTCCCA,0,601030
araCp,0.25,3,3,GTATGGCCGTGCCGCTTGGA,0,567231
araCp,0.25,3,3,GTATCACGATAATGTTAGTC,0,595104
araCp,0.25,3,3,GTATACCTGATAACTCTTCA,0,555161
araCp,0.25,3,3,GTATACAAAAGACTGCATGG,0,540987
araCp,0.25,3,3,GTATAACTCCTAATTTTTCC,0,586083
araCp,0.25,3,3,GTAGTTTTATTGCTCTGGAT,0,548393
araCp,0.25,3,3,GTAGTGATCAACTCCGTAGG,0,601312
araCp,0.25,3,3,GTAGGCTTAGCTCGTCATAT,0,567697
araCp,0.25,3,3,GTAGGCCATGGACCAAGGCT,0,577840
araCp,0.25,3,3,GTAGGATACAAATTTACGAA,0,550313
araCp,0.25,3,3,GTAGCCATGTATATCACTAG,0,590355
araCp,0.25,3,3,GTAGATCGGCTCTATGAGAC,0,555496
araCp,0.25,3,3,GTAGATACTATAACCTTAAG,0,537344
araCp,0.25,3,3,GTAGAGGTCTCTGTTCCAAG,0,583297
araCp,0.25,3,3,GTAGAGCCATACCTGGAAAC,0,540578
araCp,0.25,3,3,GTACTGCGAGCTTATGTCTT,0,558640
araCp,0.25,3,3,GTACTGCATCTCGGGTGCCT,0,525597
araCp,0.25,3,3,GTACGAGTCCTGTGCGGTCA,0,577251
araCp,0.25,3,3,GTACGAGACTGGGTCGTGGT,0,586205
araCp,0.25,3,3,GTACCCCGTGGCCCAGCCGC,0,595285
araCp,0.25,3,3,GTACATACCCTGAAGAAGTG,0,583497
araCp,0.25,3,3,GTACAGAGATTCTGTAGTTC,0,597773
araCp,0.25,3,3,GTAATTTCTGCTCGGAACAT,0,545801
araCp,0.25,3,3,GTAATGAGCACTTAGCAAGG,0,566682
araCp,0.25,3,3,GTAATCTGGCTCAGAATACG,0,557533
araCp,0.25,3,3,GTAAGTACTACTATTCGGCG,0,595431
araCp,0.25,3,3,GTAACTGAATACGTTTGGGT,0,559872
araCp,0.25,3,3,GTAACAGTCTGAGGCGCATC,0,543110
araCp,0.25,3,3,GTAACAGATCTTCCGAATAC,0,565302
araCp,0.25,3,3,GTAAAAGTAGGTTCGTATGT,0,546692
araCp,0.25,3,3,GTAAAAGGCAGCTCTCAGGA,0,557036
araCp,0.25,3,3,GTAAAAATGAAGCCCTATAT,0,593205
araCp,0.25,3,3,GGTTTGTATAAAGCTGCGGC,0,589217
araCp,0.25,3,3,GGTTTGAGTATCGCGCTATG,0,528240
araCp,0.25,3,3,GGTTTAAAATCGGTCTCACT,0,558955
araCp,0.25,3,3,GGTTGTTTTGTGCCCCCCTT,0,577332
araCp,0.25,3,3,GGTTGTGATATTTTGGCTTA,0,533218
araCp,0.25,3,3,GGTTGGTGTTTCTCGTGTCA,0,568348
araCp,0.25,3,3,GGTTGGAACCTCAGGTATGA,0,597611
araCp,0.25,3,3,GGTTGCGTGCCAAGCCTTTA,0,538586
araCp,0.25,3,3,GGTTCCTTAAAAAGCCGCGC,0,543914
araCp,0.25,3,3,GGTTATCCCAACGTTATGGG,0,537141
araCp,0.25,3,3,GGTTAGCTTCTAAAACAAGG,0,559744
araCp,0.25,3,3,GGTTACGGAGATTCCAATTA,0,543811
araCp,0.25,3,3,GGTTACCATGGTTCGACAAT,0,555724
araCp,0.25,3,3,GGTGTTTTACGGAAGAGCGC,0,580428
araCp,0.25,3,3,GGTGTCAATTGACCACCCGA,0,536384
araCp,0.25,3,3,GGTGTACAAAAGAGATATTG,0,596238
araCp,0.25,3,3,GGTGGGGAGACCATGCAGTC,0,565095
araCp,0.25,3,3,GGTGGAGCCCAGCGGCGCCT,0,577374
araCp,0.25,3,3,GGTGCGTCGGTTACCGTCTA,0,568229
araCp,0.25,3,3,GGTGCGAATCGTGATGGTAC,0,549736
araCp,0.25,3,3,GGTGATAGGCAATTTAGTGT,0,540006
araCp,0.25,3,3,GGTGAGCGACTTCAGATGGA,0,582464
araCp,0.25,3,3,GGTCTTGGTTGATCGACGAA,0,551459
araCp,0.25,3,3,GGTCGTACTACAAGTTCCAT,0,540901
araCp,0.25,3,3,GGTCGATCCATCGGGCCATG,0,531489
araCp,0.25,3,3,GGTCCTGTGCTCCGCTCCAT,0,569723
araCp,0.25,3,3,GGTCCTCAGAAACTGGGATT,0,592846
araCp,0.25,3,3,GGTCCTATTAATAGGACAGA,0,547622
araCp,0.25,3,3,GGTCCGTGGCCACAAGACAG,0,583233
araCp,0.25,3,3,GGTCCGGCGCACAAAGGAAG,0,596761
araCp,0.25,3,3,GGTCCGCCTATAGTACTTTA,0,527460
araCp,0.25,3,3,GGTCCCACAGTGATAGTTAA,0,541363
araCp,0.25,3,3,GGTCAGTCGTCTGGGCCAGG,0,533173
araCp,0.25,3,3,GGTATACGTTGATCCCACAT,0,573950
araCp,0.25,3,3,GGTAGGAGCTAAGTATCAGT,0,541110
araCp,0.25,3,3,GGTAGAGACTGAGTCCTATC,0,546696
araCp,0.25,3,3,GGTACTAATAGTGTTTTCGC,0,556014
araCp,0.25,3,3,GGTAATTGCGTCGCATGGGG,0,540749
araCp,0.25,3,3,GGTAATGTCCGGATTACAAT,0,555772
araCp,0.25,3,3,GGTAACCTCGCTTATGTCTA,0,581173
araCp,0.25,3,3,GGTAACCCCGACCCGCTTAA,0,558341
araCp,0.25,3,3,GGTAAAGCAATCAACGGTTT,0,591050
araCp,0.25,3,3,GGGTTTCCGCTTGCCTTTGT,0,563812
araCp,0.25,3,3,GGGTTTATAGCCCTGCCCGA,0,553997
araCp,0.25,3,3,GGGTGTCGTAATCGACGTTG,0,577462
araCp,0.25,3,3,GGGTGGGCGTAGTTTGTCCC,0,588340
araCp,0.25,3,3,GGGTGGACGTCGGTGACGGC,0,602603
araCp,0.25,3,3,GGGTCTTCACATGTAATCGG,0,560801
araCp,0.25,3,3,GGGTCTATACATCGAACTAT,0,573405
araCp,0.25,3,3,GGGTCCTTTACATTCTCAGT,0,527237
araCp,0.25,3,3,GGGTCCAGGCGTAATAGCGT,0,554057
araCp,0.25,3,3,GGGTCACGCGATGAGATGAT,0,571636
araCp,0.25,3,3,GGGTCAAACTGTTAATTTGT,0,561212
araCp,0.25,3,3,GGGTAATGGATGCGAGATCC,0,559020
araCp,0.25,3,3,GGGTAACCCGTCAGTTCTAG,0,558443
araCp,0.25,3,3,GGGGTTAAGGACGTTCGTAT,0,563298
araCp,0.25,3,3,GGGGGGGCCGGCATTCAAGG,0,561920
araCp,0.25,3,3,GGGGGGCAACGGTAATCCGG,0,554887
araCp,0.25,3,3,GGGGGCTACCGTTCACTTCA,0,578482
araCp,0.25,3,3,GGGGGATAGTGGAGCCTCAG,0,526599
araCp,0.25,3,3,GGGGGAGGCTAGTTGTATAG,0,572507
araCp,0.25,3,3,GGGGGACAGAGGGGGTCCTT,0,572431
araCp,0.25,3,3,GGGGGACAAATCTGCATCCA,0,543406
araCp,0.25,3,3,GGGGGAATAGGATCACCTTT,0,599099
araCp,0.25,3,3,GGGGCTGGGAAGACGAGTGA,0,536823
araCp,0.25,3,3,GGGGATTACATTTGAGCGCG,0,585998
araCp,0.25,3,3,GGGGATCCGGGTTATCGTAA,0,582307
araCp,0.25,3,3,GGGGAGGACCCCCAGTCAAA,0,563093
araCp,0.25,3,3,GGGGACAAGGGTTTATGTGT,0,591152
araCp,0.25,3,3,GGGGACAACGCGCAACCGGG,0,587896
araCp,0.25,3,3,GGGCTTTTTGTCTAGTCCTC,0,583059
araCp,0.25,3,3,GGGCTTCTCTTAATGAAATG,0,590902
araCp,0.25,3,3,GGGCTCGCCGAATTTGAATG,0,601341
araCp,0.25,3,3,GGGCTCCGTTGTTAATCTGC,0,566710
araCp,0.25,3,3,GGGCTACAGGTGAGGTCTCC,0,567972
araCp,0.25,3,3,GGGCGCTTGGGGCGTCATGT,0,580109
araCp,0.25,3,3,GGGCCGGAGTGTATGTCTCC,0,559513
araCp,0.25,3,3,GGGCCCAAGAGAACGGTTAG,0,599862
araCp,0.25,3,3,GGGCATTCGGTTTGTAAAAC,0,576131
araCp,0.25,3,3,GGGCATCCCATTACACGGGT,0,542709
araCp,0.25,3,3,GGGCATCCAGAAACTGATAC,0,600415
araCp,0.25,3,3,GGGCATAAGCGGGCTGCAGG,0,582091
araCp,0.25,3,3,GGGCAGACGCTTGTATCTTG,0,569998
araCp,0.25,3,3,GGGCACTATCCCCGCCGACA,0,577635
araCp,0.25,3,3,GGGCAAGGCATTTACCTTAC,0,570775
araCp,0.25,3,3,GGGAGGTTGACTTGTCTTGG,0,550315
araCp,0.25,3,3,GGGACTTTGCAAGTAAGTTC,0,589107
araCp,0.25,3,3,GGGACGATGCCATCTCTGTA,0,542968
araCp,0.25,3,3,GGGACACGGGCCTTGGGGGC,0,566886
araCp,0.25,3,3,GGGAACCAGCAACGGCGACG,0,549142
araCp,0.25,3,3,GGCTTTAAGAGAATCTGGGA,0,527279
araCp,0.25,3,3,GGCTTCTTTACATGTGTCAA,0,544208
araCp,0.25,3,3,GGCTGTTCGTGAGTCAGCAA,0,535732
araCp,0.25,3,3,GGCTGTGTAGCAAGTTTAGA,0,589379
araCp,0.25,3,3,GGCTGGGACGAGAAGACGTG,0,550151
araCp,0.25,3,3,GGCTGCATGCCCACCAACAG,0,534070
araCp,0.25,3,3,GGCTCTCCGCCGAACGGCAA,0,563370
araCp,0.25,3,3,GGCTCGGACTTACTGTGGGT,0,540278
araCp,0.25,3,3,GGCTCGAATAGGGGATCTAT,0,591827
araCp,0.25,3,3,GGCTATGTGTTTTCCAGGGG,0,535090
araCp,0.25,3,3,GGCTAGGTGTTTACAGGAGA,0,540935
araCp,0.25,3,3,GGCTACGTCGATCTAATCTC,0,564458
araCp,0.25,3,3,GGCGTTTGGTCGGGTACGAT,0,525571
araCp,0.25,3,3,GGCGTCCGGTTACACGTATG,0,528232
araCp,0.25,3,3,GGCGTCCACCAACCTCGAAA,0,535202
araCp,0.25,3,3,GGCGTAAAGCTAGGTTCGAT,0,542011
araCp,0.25,3,3,GGCGGTACATACTGAAGGTA,0,548225
araCp,0.25,3,3,GGCGAGCGGATGAGATGCTA,0,525589
araCp,0.25,3,3,GGCGACTTAACTCCGGCGGG,0,555445
araCp,0.25,3,3,GGCGACTGGTGTCTGTATTA,0,542801
araCp,0.25,3,3,GGCCTGCTAGAGACCAGCCA,0,560845
araCp,0.25,3,3,GGCCCTGCCTATGTCTGAAT,0,587976
araCp,0.25,3,3,GGCCCGCGCTCTACGTCACC,0,582371
araCp,0.25,3,3,GGCCATACCGAGCCAAGTGT,0,593349
araCp,0.25,3,3,GGCCAATGGATCAGCGTCAT,0,592736
araCp,0.25,3,3,GGCATGTGGGATTCAGCAAT,0,556418
araCp,0.25,3,3,GGCATGTATACATTCCAAGC,0,543236
araCp,0.25,3,3,GGCATCTAGGGCCGATACTT,0,593674
araCp,0.25,3,3,GGCATAAGTTGTCCGATCGC,0,596769
araCp,0.25,3,3,GGCATAAGGTAGCCCCGGGG,0,594739
araCp,0.25,3,3,GGCAGGAGGTCAGCTCTCCG,0,529147
araCp,0.25,3,3,GGCAGCGCAGTTCATGGTTG,0,595408
araCp,0.25,3,3,GGCACTGGCCCAAGGTAAGC,0,546934
araCp,0.25,3,3,GGCACGGTCTATGCTCATTT,0,575926
araCp,0.25,3,3,GGCACAGTCAATAGGTAACT,0,560933
araCp,0.25,3,3,GGCACACCACGGAATTGCCG,0,586486
araCp,0.25,3,3,GGCAAGCTCAAATGTTTCGA,0,560319
araCp,0.25,3,3,GGCAAGATCTTTGTTAAATT,0,525752
araCp,0.25,3,3,GGCAAGAGAACCGGGCGCCC,0,543000
araCp,0.25,3,3,GGATTTGCCCAGAATAGATA,0,534387
araCp,0.25,3,3,GGATTTCAATTGTGGCACTG,0,536543
araCp,0.25,3,3,GGATTATGTTAAGAGTCCCA,0,585079
araCp,0.25,3,3,GGATGTCCCGTCGGGCCTTG,0,593517
araCp,0.25,3,3,GGATGCCTGTCCAAACTAAG,0,573228
araCp,0.25,3,3,GGATGCCGACGCCCCCCGTT,0,591064
araCp,0.25,3,3,GGATCTACAGAGAACTTACC,0,600673
araCp,0.25,3,3,GGATCGGGTCAGAACTCGCT,0,536178
araCp,0.25,3,3,GGATCACGTACCGGGGCCGG,0,532071
araCp,0.25,3,3,GGAGTAGAAATGACCAGTAA,0,534426
araCp,0.25,3,3,GGAGGTAGGCCTTGAGTATG,0,538489
araCp,0.25,3,3,GGAGCCGCAGTCACTCGGCA,0,567802
araCp,0.25,3,3,GGACGTCACCGCTCGGCATG,0,543758
araCp,0.25,3,3,GGACGGCACTCGCATGTCGT,0,586292
araCp,0.25,3,3,GGACCGAGTTGACAACAAAT,0,565522
araCp,0.25,3,3,GGACCCCCTCGGCAAGAATT,0,551603
araCp,0.25,3,3,GGACATTGACCGGCCAATAA,0,567890
araCp,0.25,3,3,GGACACACACCGAGATCGTG,0,599580
araCp,0.25,3,3,GGAATTCGGGATCCTGTTCC,0,602622
araCp,0.25,3,3,GGAATCGTGTCGAGTATCAA,0,556580
araCp,0.25,3,3,GGAATACGGGGACACGGTTA,0,529060
araCp,0.25,3,3,GGAAGCCTACGACTTGACGG,0,529799
araCp,0.25,3,3,GGAACTTGACTGCTATTGGG,0,525940
araCp,0.25,3,3,GGAACGGCATTTTCGTTTCT,0,587241
araCp,0.25,3,3,GGAAATGGGTATTCTGTCCG,0,599597
araCp,0.25,3,3,GCTTTCTAAGAAAAAGCCCT,0,550623
araCp,0.25,3,3,GCTTTCGGTTATTATTAAGA,0,581799
araCp,0.25,3,3,GCTTTATCTTGAGCCGGTGA,0,574551
araCp,0.25,3,3,GCTTCTCATTTTAATCACCT,0,576524
araCp,0.25,3,3,GCTTCCGGCCCTCGGTTCCT,0,538657
araCp,0.25,3,3,GCTTCCAAACGACCGGGGGA,0,602875
araCp,0.25,3,3,GCTTATGTGTTTTGGTATGC,0,537679
araCp,0.25,3,3,GCTTATACGAGAATGCATCT,0,525992
araCp,0.25,3,3,GCTTAATCCCGGTACGCCAG,0,532301
araCp,0.25,3,3,GCTTAAGAGGCGGACCTGGT,0,547093
araCp,0.25,3,3,GCTTAACTTGGAAAGACCTT,0,573528
araCp,0.25,3,3,GCTGTACGAGAAATCAGTCA,0,565856
araCp,0.25,3,3,GCTGGGGTCAGCGGCTGCCT,0,526246
araCp,0.25,3,3,GCTGGAATGTTCACTACCAT,0,540786
araCp,0.25,3,3,GCTGCTCGCGCGACTCAGGT,0,587906
araCp,0.25,3,3,GCTGCAGTGACCCTCGGTTA,0,534038
araCp,0.25,3,3,GCTGATCTAGGAACTAATTA,0,568888
araCp,0.25,3,3,GCTGATCAGCATAAGCTCTC,0,602241
araCp,0.25,3,3,GCTGAGGCCATGGGCTGAAA,0,585109
araCp,0.25,3,3,GCTGACTTGCCGAACCTGTC,0,536866
araCp,0.25,3,3,GCTGACGATGATTCGTCCGA,0,599888
araCp,0.25,3,3,GCTCTCTAACAGGTTTTATC,0,541220
araCp,0.25,3,3,GCTCTACGCTTAACTGGTAA,0,592737
araCp,0.25,3,3,GCTCTAAGACAATTGATTGG,0,602033
araCp,0.25,3,3,GCTCGTGGGCACAGCGAAGC,0,576187
araCp,0.25,3,3,GCTCGGATCGTTGTAAGCTT,0,583906
araCp,0.25,3,3,GCTCGAGCGCGAGGTATGCT,0,593292
araCp,0.25,3,3,GCTCCGCTTTATAATAGGTT,0,602336
araCp,0.25,3,3,GCTCCAAGGAGGAGTTGAAA,0,533110
araCp,0.25,3,3,GCTCACTAGAAACTAATTGA,0,603465
araCp,0.25,3,3,GCTATGTCCATTGTTTTCTT,0,569557
araCp,0.25,3,3,GCTAGTCTGGCAGGAGGATC,0,553293
araCp,0.25,3,3,GCTAGGTATGAAGGCTGGAA,0,582058
araCp,0.25,3,3,GCTAGCGGCAACAGCATGAG,0,548546
araCp,0.25,3,3,GCTACGCAGTAAAGGATCCT,0,561189
araCp,0.25,3,3,GCTAATAGGCATACCGGTTC,0,544035
araCp,0.25,3,3,GCGTTTTTATCTCTGTAACG,0,570981
araCp,0.25,3,3,GCGTTCAGGGATCTTCCGAG,0,581663
araCp,0.25,3,3,GCGTGTGGGCGAGTCACACT,0,552471
araCp,0.25,3,3,GCGTGTATGATCCCGCTCTG,0,574362
araCp,0.25,3,3,GCGTGGTCCAGGGAATGCGA,0,565521
araCp,0.25,3,3,GCGTGAGTTCATGAATTCCC,0,590916
araCp,0.25,3,3,GCGTCGTTCGCGAGCCCAAA,0,525618
araCp,0.25,3,3,GCGTCAGTAGTCTTTTTTTT,0,601314
araCp,0.25,3,3,GCGTCAAGGTAATACTCGTC,0,545080
araCp,0.25,3,3,GCGTAACTCTAGGCGTTCGC,0,548879
araCp,0.25,3,3,GCGGTGGGCGTGGCAAAAGA,0,603250
araCp,0.25,3,3,GCGGTAGGGTCAAGGCAGTA,0,598260
araCp,0.25,3,3,GCGGGTATTCCGAGGGCGCT,0,600773
araCp,0.25,3,3,GCGGGCCTCTTGCTTTAGAC,0,592590
araCp,0.25,3,3,GCGGCTTGGCTAGATGGATA,0,581068
araCp,0.25,3,3,GCGGCGCACTCTGATGGCTG,0,558245
araCp,0.25,3,3,GCGGCACTACTCACAACCGG,0,535432
araCp,0.25,3,3,GCGGATCGCTTGTTCAATAG,0,591010
araCp,0.25,3,3,GCGGATACTTTCGGACGCCA,0,575250
araCp,0.25,3,3,GCGGAGTTCATCTATTACAA,0,593259
araCp,0.25,3,3,GCGGAGCTTCCGCAGAGCTA,0,558853
araCp,0.25,3,3,GCGGAAGTTGAAAATGCGGA,0,565328
araCp,0.25,3,3,GCGGAAGACCGTCATCTCAC,0,547347
araCp,0.25,3,3,GCGCTTGAGGAATATCGTCT,0,575064
araCp,0.25,3,3,GCGCGCCGGGCCTAATTGTA,0,585542
araCp,0.25,3,3,GCGCGATAGATCGCAGGTGA,0,582173
araCp,0.25,3,3,GCGCGAGCTTGGCTTAGATC,0,589267
araCp,0.25,3,3,GCGCGAACGCGCTCGAGACT,0,565451
araCp,0.25,3,3,GCGCCAGGAGTATTGATAAA,0,585782
araCp,0.25,3,3,GCGCAGGGTTCGTCACTGGA,0,594289
araCp,0.25,3,3,GCGCAGGAAGGAGTCATATG,0,559087
araCp,0.25,3,3,GCGATGCAGCTGCTTTGGAG,0,594985
araCp,0.25,3,3,GCGAGTCTATGGTGCCGGGC,0,593915
araCp,0.25,3,3,GCGAGGAAGTCGCCGACAAC,0,585508
araCp,0.25,3,3,GCGAGCCTGCACTCTATCAC,0,574178
araCp,0.25,3,3,GCGAGACACGGAGTTACCCC,0,600235
araCp,0.25,3,3,GCGAAGCGGGATTCATCTGA,0,580826
araCp,0.25,3,3,GCCTTGAGAATACTTATTTG,0,546861
araCp,0.25,3,3,GCCTTCGGACAGAGGGTACC,0,549561
araCp,0.25,3,3,GCCTTAAAATTAACGGAAGT,0,565983
araCp,0.25,3,3,GCCTGGATTCAGCTGCTTTC,0,547519
araCp,0.25,3,3,GCCTGCGTACGAAGTACTAC,0,532017
araCp,0.25,3,3,GCCTGATTGACCCGAAGCAA,0,597676
araCp,0.25,3,3,GCCTCCCACGGCGCGAAGAG,0,592167
araCp,0.25,3,3,GCCTCAAGCTTGTACGCGAA,0,549311
araCp,0.25,3,3,GCCGGCCAAGTTAATCTAGG,0,575262
araCp,0.25,3,3,GCCGCTAGGTCCTGATATAT,0,584625
araCp,0.25,3,3,GCCGCGTGATCTCACTATCA,0,553676
araCp,0.25,3,3,GCCGAACCGTCTGTCAAGGT,0,540677
araCp,0.25,3,3,GCCCTTGAGACCAGGAGGTG,0,602251
araCp,0.25,3,3,GCCCTGTTATCTGTATCCGG,0,580997
araCp,0.25,3,3,GCCCTGGCGGTCTGCATGAC,0,543733
araCp,0.25,3,3,GCCCGTTAGTAGTACAAACG,0,581362
araCp,0.25,3,3,GCCCGGATATGGTTTTCTGT,0,577109
araCp,0.25,3,3,GCCCCTATCCTATAATCTGT,0,533021
araCp,0.25,3,3,GCCCACCTGCGCGACTTAGA,0,536791
araCp,0.25,3,3,GCCCAATGCGGTCGTGGCTC,0,525602
araCp,0.25,3,3,GCCCAAATGTCCTACGCCTA,0,597020
araCp,0.25,3,3,GCCATTCCTACCATCCGGGG,0,581763
araCp,0.25,3,3,GCCATAGAGAGCTGTTCACT,0,544905
araCp,0.25,3,3,GCCAGTCAGTTACGGCCCGC,0,544806
araCp,0.25,3,3,GCCAGGACGCGGTCAATGTA,0,598027
araCp,0.25,3,3,GCCAGCATGCAGGATGCGAG,0,549852
araCp,0.25,3,3,GCATTTACTATTAATACGAC,0,577221
araCp,0.25,3,3,GCATTGTGTGTGTTGCGATC,0,565959
araCp,0.25,3,3,GCATTCTCTCACGTCCGGCA,0,570672
araCp,0.25,3,3,GCATCTCTTGCGGCAGAAGA,0,547316
araCp,0.25,3,3,GCATCTAATGTATCGGGGCG,0,549552
araCp,0.25,3,3,GCATCGTGTGCATCCTCCAG,0,600551
araCp,0.25,3,3,GCATCCGCTTCGGTAGAAAA,0,576877
araCp,0.25,3,3,GCATCACCAGGGAATATAAA,0,554762
araCp,0.25,3,3,GCATACTCGGTACCGCGCTT,0,531889
araCp,0.25,3,3,GCATAAACGTAGATTGAACG,0,586573
araCp,0.25,3,3,GCAGTTTATCGAGACCGCGG,0,525754
araCp,0.25,3,3,GCAGTACCAGAGGTTCCGCC,0,548705
araCp,0.25,3,3,GCAGGGTGATGCATTTTCGG,0,584079
araCp,0.25,3,3,GCAGCGCCGGTTTATTCCAG,0,579335
araCp,0.25,3,3,GCAGCATGGGGACCCTCGGG,0,547551
araCp,0.25,3,3,GCAGCAGGTGCTCTGCCTCC,0,572490
araCp,0.25,3,3,GCAGATCCGGGCCCATGGGT,0,568072
araCp,0.25,3,3,GCAGATATTTGGCTCAACCT,0,585937
araCp,0.25,3,3,GCAGATAGTTCGGGACCGGT,0,551413
araCp,0.25,3,3,GCACGCCAAGATGACGCATT,0,556594
araCp,0.25,3,3,GCACGCATTCCCGTTCGGGG,0,575076
araCp,0.25,3,3,GCACATTTAGCTATTGCCAT,0,596500
araCp,0.25,3,3,GCACACACACGGCAACATCA,0,554482
araCp,0.25,3,3,GCAATTTGTCAGGCTATATT,0,529062
araCp,0.25,3,3,GCAAGGTTGCCGTATCCGCT,0,594330
araCp,0.25,3,3,GCAAGGCTGAGTGTTTGCAT,0,560468
araCp,0.25,3,3,GCAAGCGGCAGGTTATCAGA,0,583248
araCp,0.25,3,3,GCAACACACACGACCGGGTA,0,597612
araCp,0.25,3,3,GCAAACCCCCGATCGCCCGA,0,573038
araCp,0.25,3,3,GATTGCTCAAGGTTTTGGAG,0,569533
araCp,0.25,3,3,GATTATGTGTGCTACGCTGC,0,580541
araCp,0.25,3,3,GATTATAGAATCCGCCAACT,0,578319
araCp,0.25,3,3,GATTAGCTTGTTTGCTGCAA,0,560743
araCp,0.25,3,3,GATTACGGCTGAAGAGTGTG,0,574976
araCp,0.25,3,3,GATTAAGGATAGATATAATG,0,538664
araCp,0.25,3,3,GATGGTGGCTTTGAACGTGA,0,528408
araCp,0.25,3,3,GATGCCCCACGTCCTTAGTT,0,600285
araCp,0.25,3,3,GATGCAACTAGGTGGTCTTA,0,549459
araCp,0.25,3,3,GATGAGTCACCCCCCCTCTC,0,528176
araCp,0.25,3,3,GATGACGCACTATGATCTTG,0,581911
araCp,0.25,3,3,GATCTTGACGGTATAAACTT,0,569166
araCp,0.25,3,3,GATCTTATGGCGTACCTGCA,0,599171
araCp,0.25,3,3,GATCTATTCGAGCACAAGTG,0,580586
araCp,0.25,3,3,GATCCATCTGCGCAGAAAGA,0,600879
araCp,0.25,3,3,GATATGTCTGCGGCGACGAG,0,533671
araCp,0.25,3,3,GATAGTGAAACAATATGTAC,0,584207
araCp,0.25,3,3,GATACAGGTGTCCGAGACGC,0,543499
araCp,0.25,3,3,GATACAACAAAGGCGAGTGG,0,542384
araCp,0.25,3,3,GAGTTTGGATTCAATCAACG,0,583769
araCp,0.25,3,3,GAGTTGAGGTTAACATGAAA,0,590353
araCp,0.25,3,3,GAGTTCATTGGACGCCGCAA,0,544833
araCp,0.25,3,3,GAGTCACAGGGTGCCGCCCA,0,568631
araCp,0.25,3,3,GAGTATCCGCACTACCGGAC,0,568748
araCp,0.25,3,3,GAGTAGAGAACCATGCCTCT,0,576264
araCp,0.25,3,3,GAGTAATACCAGGTGCTCAA,0,535629
araCp,0.25,3,3,GAGGTGGCAGCAGAGTTCAA,0,577975
araCp,0.25,3,3,GAGGTCCTGCGCCACTTAGT,0,564413
araCp,0.25,3,3,GAGGTAACGCTCAAACTTAA,0,591408
araCp,0.25,3,3,GAGGTAACGACGACACCGCA,0,582841
araCp,0.25,3,3,GAGGGGGTACAGCAACTCAA,0,567818
araCp,0.25,3,3,GAGGGCACGATTGTCTGTGT,0,526111
araCp,0.25,3,3,GAGGCGCGGCAACCTAGCGC,0,533347
araCp,0.25,3,3,GAGGCACTTATCATGGGGTG,0,530915
araCp,0.25,3,3,GAGGAGCCACGGATACGCGC,0,592817
araCp,0.25,3,3,GAGGAGATCTAAGCGCTGTG,0,572828
araCp,0.25,3,3,GAGCTCGACTTGGTGTTTCC,0,583680
araCp,0.25,3,3,GAGCTAAGCGTGCTAGGTAC,0,598380
araCp,0.25,3,3,GAGCGGTTGGTATAGTTACC,0,594889
araCp,0.25,3,3,GAGCGGTCCTATATACAAGC,0,538333
araCp,0.25,3,3,GAGCGGGGTCAACCGTATAT,0,584670
araCp,0.25,3,3,GAGCGCTAACGTAATATGGC,0,575313
araCp,0.25,3,3,GAGCCTATTCGCGAAATGAA,0,550658
araCp,0.25,3,3,GAGCCTATTCCGCCGCGGGA,0,598236
araCp,0.25,3,3,GAGCCCGTACAATGCGGCAT,0,582910
araCp,0.25,3,3,GAGCCATACAGCAGCCGCCT,0,587143
araCp,0.25,3,3,GAGCATTCTGGGACAGGGCA,0,542374
araCp,0.25,3,3,GAGCATGGTCGAGCTTCCCA,0,543796
araCp,0.25,3,3,GAGCATCCCACTAAGCACGA,0,576873
araCp,0.25,3,3,GAGCATATGGGAATCGCTCA,0,569601
araCp,0.25,3,3,GAGCAGAGACTTAACCCTTT,0,536277
araCp,0.25,3,3,GAGATCTACCTCCTCTCGCA,0,576569
araCp,0.25,3,3,GAGATAAGTCTATGCGTTCC,0,559649
araCp,0.25,3,3,GAGAGTTTCGGGCTCCATCG,0,592157
araCp,0.25,3,3,GAGAGGTGGCCGGGTCCGAC,0,587559
araCp,0.25,3,3,GAGACCTAAGTAGACCTCGT,0,562348
araCp,0.25,3,3,GAGACCATCCTAACGACTGG,0,526654
araCp,0.25,3,3,GAGACAGTCCGGCTCATGAT,0,534397
araCp,0.25,3,3,GAGACAATCGACCTAGATGC,0,531243
araCp,0.25,3,3,GAGACAAGACCGCTGTAGGT,0,558318
araCp,0.25,3,3,GAGAATTTCGAGGGGGAGTC,0,575432
araCp,0.25,3,3,GAGAAAGTTGGCAACTTACT,0,527062
araCp,0.25,3,3,GAGAAAAGTCGTCCCGAGTC,0,574326
araCp,0.25,3,3,GACTTTGTCGGAGCTCAAAA,0,558152
araCp,0.25,3,3,GACTTGAGATCTTGGTACTT,0,557618
araCp,0.25,3,3,GACTGTGCCGCTCTCTGGTT,0,553028
araCp,0.25,3,3,GACTGGGTAATTAGATGAGC,0,529665
araCp,0.25,3,3,GACTGGCAGTGGACAGCAAG,0,593646
araCp,0.25,3,3,GACTCGATTATAGATTGAAT,0,563107
araCp,0.25,3,3,GACTCCGCTAACTACTCATT,0,591016
araCp,0.25,3,3,GACTATAGGAGCCCGATAAA,0,537486
araCp,0.25,3,3,GACTATAAGTTTGAATAGTA,0,528702
araCp,0.25,3,3,GACTAGGTTCTCCCAACCGA,0,597724
araCp,0.25,3,3,GACTAGACGTCACGACATTC,0,596324
araCp,0.25,3,3,GACTAAGGGGCTCCAATCGG,0,528361
araCp,0.25,3,3,GACGGTTCCGTTATAGCCAG,0,535651
araCp,0.25,3,3,GACGGTTAAAGTCTAAATGT,0,538443
araCp,0.25,3,3,GACGCAGGAGTTTCGTGGTC,0,578447
araCp,0.25,3,3,GACGATTTTATGGGCATAGC,0,590672
araCp,0.25,3,3,GACGAGGTGGTTGATAACTC,0,571052
araCp,0.25,3,3,GACCTGATTTCACAGTTCGT,0,533407
araCp,0.25,3,3,GACCGTTCTTCTATTAACAT,0,554730
araCp,0.25,3,3,GACCGGTCCCCAATCCGGTA,0,536337
araCp,0.25,3,3,GACCGCATTATCGCGTTGAG,0,600060
araCp,0.25,3,3,GACCGCACTGACCAATTTCT,0,566806
araCp,0.25,3,3,GACCGCAATGCTTACTAATC,0,547254
araCp,0.25,3,3,GACCCCACAAATTTGCGCTC,0,593403
araCp,0.25,3,3,GACCCAATCGATCGGAACGA,0,544966
araCp,0.25,3,3,GACATAGCTTAATGAGTGGT,0,558095
araCp,0.25,3,3,GACATACGGACCCGAAAAGC,0,541017
araCp,0.25,3,3,GACAGGCTCTGAGTCTTGGT,0,581886
araCp,0.25,3,3,GACACTCCCGGTCATGCCGG,0,531685
araCp,0.25,3,3,GACACTAGACGAACGCTGAG,0,540490
araCp,0.25,3,3,GACACGATGCCTGAAACCCG,0,558591
araCp,0.25,3,3,GACACATCCCGTAGCGGCTT,0,584977
araCp,0.25,3,3,GACAAATGGTCAGCTGGGTA,0,583030
araCp,0.25,3,3,GAATTGGCAACCGATAGTAA,0,599815
araCp,0.25,3,3,GAATTCTGTGTTCGCCCGGG,0,531879
araCp,0.25,3,3,GAATTCTCGTGGTGGTGCCA,0,577019
araCp,0.25,3,3,GAATGGAGCGTAAGCTCGGA,0,558772
araCp,0.25,3,3,GAATGCGTCCAATCTGCCGT,0,560942
araCp,0.25,3,3,GAATGATCGGACCCGATCCA,0,543920
araCp,0.25,3,3,GAATGAAAAGGTTGTTTGCC,0,586215
araCp,0.25,3,3,GAAGTTGGTGAACAATGAGT,0,541608
araCp,0.25,3,3,GAAGTCTGCAAATTTAGCCA,0,528646
araCp,0.25,3,3,GAAGGGTAGGTCAAATTTAC,0,579649
araCp,0.25,3,3,GAAGGCCTCGGCATCGGACC,0,557335
araCp,0.25,3,3,GAAGCGAACAGGCTTGAGAC,0,543152
araCp,0.25,3,3,GAAGCATCCAATCAGTAAGT,0,564258
araCp,0.25,3,3,GAAGATGACGATGGTCCACG,0,550010
araCp,0.25,3,3,GAACTTCAATAAGTGTTACT,0,572870
araCp,0.25,3,3,GAACTGTTGCTTCATATAAG,0,583537
araCp,0.25,3,3,GAACTCGGTTCTAGGCACTA,0,597210
araCp,0.25,3,3,GAACGACAAGTGGCCAGTCA,0,585965
araCp,0.25,3,3,GAACGAAGTCGCCGAGAAAT,0,578817
araCp,0.25,3,3,GAACCTATAGCAAGTCGGTT,0,547890
araCp,0.25,3,3,GAACCCGCGCTCGGACCCAT,0,535990
araCp,0.25,3,3,GAACAAGTGAAGGGCCTATG,0,585504
araCp,0.25,3,3,GAACAAGTATATGCCTGTGT,0,552539
araCp,0.25,3,3,GAAATGTCTCACCCCGCTAG,0,549772
araCp,0.25,3,3,GAAATGGCCACTATCCTCTC,0,596875
araCp,0.25,3,3,GAAATGGAAGATGCGCGGAC,0,549783
araCp,0.25,3,3,GAAATGCACTCTGCAGTCCC,0,601990
araCp,0.25,3,3,GAAAGTGCGCCGTTAAACTT,0,588661
araCp,0.25,3,3,GAAAGGGACTGTCAATCCAA,0,592676
araCp,0.25,3,3,GAAAGCAGGGGTTCCTGTCG,0,545330
araCp,0.25,3,3,GAAAGCAACTTAGCAGCGCC,0,561651
araCp,0.25,3,3,GAAAGAGTCAAGCTTTGCCC,0,595502
araCp,0.25,3,3,GAAAGAGGTAGCCACGGTCT,0,580258
araCp,0.25,3,3,GAAACTTATTGAGGTTGCGA,0,531314
araCp,0.25,3,3,GAAAAGTTGTTTGGGATGCA,0,547202
araCp,0.25,3,3,GAAAAGCCCCATGGAGGCCT,0,580644
araCp,0.25,3,3,CTTTTTTACTGAAAATCAGT,0,533381
araCp,0.25,3,3,CTTTTGGAAGATGTACGTGG,0,596872
araCp,0.25,3,3,CTTTTAACCCTCCTTCGTGA,0,576995
araCp,0.25,3,3,CTTTCTCAAATAATTGTAGT,0,540714
araCp,0.25,3,3,CTTTCCGATGGGGAAACACG,0,597973
araCp,0.25,3,3,CTTTCAACAACCTCACTTTA,0,578463
araCp,0.25,3,3,CTTTAGTACCCTCAGATCGT,0,587664
araCp,0.25,3,3,CTTTAAACAAAAGGCCTGTT,0,554285
araCp,0.25,3,3,CTTGTTTGGCGAGGGCTAAA,0,542779
araCp,0.25,3,3,CTTGTTTACTCTTTCACGCT,0,566210
araCp,0.25,3,3,CTTGTCCACTTATTGATCGG,0,581589
araCp,0.25,3,3,CTTGGTTCTGTATTAGTAGT,0,571180
araCp,0.25,3,3,CTTGGGACGCTCCTTGATTA,0,547819
araCp,0.25,3,3,CTTGGATCACTATCGAACGA,0,557575
araCp,0.25,3,3,CTTGGAAGCAATACTGTTCA,0,541605
araCp,0.25,3,3,CTTGCGAGTAAAAGTCAGGA,0,584892
araCp,0.25,3,3,CTTGAGCCGGGTCCGCTCGG,0,550834
araCp,0.25,3,3,CTTGACTTTTAAGTGCGGGG,0,554073
araCp,0.25,3,3,CTTCTTGCCGTGAGGCTGAT,0,557952
araCp,0.25,3,3,CTTCTCTTGAGCTTTGTAAC,0,587426
araCp,0.25,3,3,CTTCGCACGTACGCCTCCCT,0,593744
araCp,0.25,3,3,CTTCGCAAGGTGCGGGTAGG,0,555029
araCp,0.25,3,3,CTTCCGCTAGGATGGAAGGG,0,549625
araCp,0.25,3,3,CTTCAGGTATCCATTGATCA,0,552268
araCp,0.25,3,3,CTTCACTCCCTGCAGTCGGC,0,580588
araCp,0.25,3,3,CTTATGTGGATAGATAAAGG,0,528197
araCp,0.25,3,3,CTTATGGTCCGGTCAGGGTA,0,554993
araCp,0.25,3,3,CTTATCCTGAGTCAACTGCA,0,564084
araCp,0.25,3,3,CTTAGGCAGCCCCCAGGACG,0,589284
araCp,0.25,3,3,CTTAGCCGAACATTCCCTTT,0,539045
araCp,0.25,3,3,CTTACTAGAGACAAGATGGC,0,554591
araCp,0.25,3,3,CTTACGGGGGACATCCGAAC,0,533171
araCp,0.25,3,3,CTTACCATGCCCGTCTGCTC,0,534995
araCp,0.25,3,3,CTTAATGGAACGTAAAGTCA,0,554066
araCp,0.25,3,3,CTTAAGGGAATGCTCGAATA,0,578945
araCp,0.25,3,3,CTTAACTGGCAGGCTAATGA,0,549477
araCp,0.25,3,3,CTGTTTTGGGTACTCTAGGT,0,527899
araCp,0.25,3,3,CTGTTTTCAACGCACTGCTT,0,569248
araCp,0.25,3,3,CTGTTATACCCGTGGACTTG,0,583897
araCp,0.25,3,3,CTGTTACCAACTCCAAGGAC,0,530332
araCp,0.25,3,3,CTGTGTATTTGGGACAGAAG,0,565570
araCp,0.25,3,3,CTGTGGTCAGCGTTGGGCTA,0,527619
araCp,0.25,3,3,CTGTCTTGTAAATGTGAATG,0,544014
araCp,0.25,3,3,CTGTCCCGGCATTCATCTCA,0,562247
araCp,0.25,3,3,CTGTATGTTCAAATGCTCCT,0,540650
araCp,0.25,3,3,CTGTAGCTTAACGCAGGAGT,0,600164
araCp,0.25,3,3,CTGTACTAAACTGGGTATCC,0,582146
araCp,0.25,3,3,CTGTACAGTATAAACCCCTC,0,589279
araCp,0.25,3,3,CTGTAAGCCCGATCGCGTTG,0,599759
araCp,0.25,3,3,CTGGTTCTTTACGGGCAGAC,0,539049
araCp,0.25,3,3,CTGGTGTGGTCAGTTGCACC,0,552744
araCp,0.25,3,3,CTGGTGGACGGTTCGTAGAC,0,542205
araCp,0.25,3,3,CTGGTCTTATGGCATCAGGC,0,579466
araCp,0.25,3,3,CTGGTCGTGCGCGACGACTT,0,538448
araCp,0.25,3,3,CTGGGGGGCTCCACACCATC,0,531016
araCp,0.25,3,3,CTGGGCTCCTGTCTTGGGAA,0,583608
araCp,0.25,3,3,CTGGGCCAGGGCAGGAGCGG,0,599255
araCp,0.25,3,3,CTGGGAAGAGTATGTCCATA,0,572527
araCp,0.25,3,3,CTGGCGTGGCTGAGCGTATC,0,598422
araCp,0.25,3,3,CTGGACAGTTAAGCGTGGGT,0,526808
araCp,0.25,3,3,CTGGAAAGCCCTGTAAGTGT,0,548721
araCp,0.25,3,3,CTGCGGCCCCATACTAAGGT,0,590344
araCp,0.25,3,3,CTGCCTATGTTACCAACAGT,0,555040
araCp,0.25,3,3,CTGCCGCTCTTAGAGGACGT,0,579169
araCp,0.25,3,3,CTGCATATTTCAAGGTGAGG,0,539557
araCp,0.25,3,3,CTGCAATGCCACGCCAATGA,0,591112
araCp,0.25,3,3,CTGCAATAACATAAGGTGTG,0,544706
araCp,0.25,3,3,CTGCAAAGAGGTGGTATAAT,0,527987
araCp,0.25,3,3,CTGAGTCGTTGTAGAGAAAA,0,561619
araCp,0.25,3,3,CTGACTCCTCTCTAGCTGAT,0,574375
araCp,0.25,3,3,CTGACGATTAGGCGGTGGCT,0,595400
araCp,0.25,3,3,CTGACCCAGGGGTACGGCAT,0,602750
araCp,0.25,3,3,CTGAATGTCTAGGAGCCAGC,0,594377
araCp,0.25,3,3,CTGAAGTCATCGAAAGAGGA,0,568054
araCp,0.25,3,3,CTGAAGGGCATAGGACACTC,0,543493
araCp,0.25,3,3,CTGAAGACTCCCTCAATCGA,0,600323
araCp,0.25,3,3,CTGAACGAGGGCTGCGTCCT,0,538844
araCp,0.25,3,3,CTGAACCCAGTAGACACAAT,0,583253
araCp,0.25,3,3,CTCTTTCGAGCTCTCCGAAC,0,558703
araCp,0.25,3,3,CTCTGTTGACGGTTGCTGGT,0,577875
araCp,0.25,3,3,CTCTGTTATTGGAACGTCCC,0,596818
araCp,0.25,3,3,CTCTCGGAACACTAGATGTA,0,549621
araCp,0.25,3,3,CTCTACTTTCGTGACGCTTA,0,532955
araCp,0.25,3,3,CTCTACACGCGGGCACCACC,0,568943
araCp,0.25,3,3,CTCGTGGTCGAAGACTATCT,0,587601
araCp,0.25,3,3,CTCGGTGGGTTGAGTATAGC,0,577381
araCp,0.25,3,3,CTCGGTCTGCATGAGAAGCC,0,594775
araCp,0.25,3,3,CTCGGGGCTAAACCGGCCGT,0,570087
araCp,0.25,3,3,CTCGCGAGGCGCGTCGCTAT,0,540554
araCp,0.25,3,3,CTCGCACCTTCGATGTATCA,0,549106
araCp,0.25,3,3,CTCGCACAGGAAGTCGCACG,0,603198
araCp,0.25,3,3,CTCGCAAGCGGACCGCTATT,0,601805
araCp,0.25,3,3,CTCGATGGCATCCGCGCTGG,0,543079
araCp,0.25,3,3,CTCGATCGAATTGGGGCCCT,0,597297
araCp,0.25,3,3,CTCCTTACGACAGTCGGTGG,0,583584
araCp,0.25,3,3,CTCCTCTAATAATGCCATTT,0,578415
araCp,0.25,3,3,CTCCTCAAAGACCACGGAGT,0,581550
araCp,0.25,3,3,CTCCGTTCCGGGGGCTGTGT,0,563982
araCp,0.25,3,3,CTCCGTAATGATTTCTTCCT,0,602257
araCp,0.25,3,3,CTCCGATATAATGAGGCCTC,0,562162
araCp,0.25,3,3,CTCCCACACGGTTACTACCT,0,552759
araCp,0.25,3,3,CTCCATTGTGCCGATGAATT,0,536902
araCp,0.25,3,3,CTCCACGCTCAGAACCGTCT,0,580365
araCp,0.25,3,3,CTCCACCCGGCGTGACGAGT,0,541990
araCp,0.25,3,3,CTCATGGTTGTAGTACGACT,0,597425
araCp,0.25,3,3,CTCATCAGCTAGCACCGGGA,0,551086
araCp,0.25,3,3,CTCAGAATACGGCCGTGCTA,0,592110
araCp,0.25,3,3,CTCACATGCTGATACTGGTA,0,528981
araCp,0.25,3,3,CTCAAAAGTTCCGTGTACGC,0,530545
araCp,0.25,3,3,CTATTCTTTCAGGTTCGAGT,0,565951
araCp,0.25,3,3,CTATTAGACCTCTACGAGAC,0,560453
araCp,0.25,3,3,CTATCGTTGGTTCCAGTGAA,0,577627
araCp,0.25,3,3,CTATCGTTAACTAATCACTA,0,583514
araCp,0.25,3,3,CTATCCCTGAGAGCTTTGTG,0,594833
araCp,0.25,3,3,CTATCATATGGCTGCGGCCG,0,577566
araCp,0.25,3,3,CTATATAGACGTTGTCGTAA,0,577625
araCp,0.25,3,3,CTAGGTGCCTAGGTTCAACT,0,601520
araCp,0.25,3,3,CTAGGGCACGCCCCGCTCGA,0,541116
araCp,0.25,3,3,CTAGGCGAGATTGCCTACGT,0,578694
araCp,0.25,3,3,CTAGGCAAGGTGGCGTCGGT,0,592329
araCp,0.25,3,3,CTAGCTGGTGAGTGGTTCGA,0,580004
araCp,0.25,3,3,CTAGCCTGAACATCTTGCTC,0,545245
araCp,0.25,3,3,CTAGCCATTAGGATGTAATC,0,597940
araCp,0.25,3,3,CTAGCCATTAACATTAGGGG,0,542526
araCp,0.25,3,3,CTAGCAGTCGCTCGAAACGT,0,603288
araCp,0.25,3,3,CTAGCACCAACCGGCAACCC,0,558080
araCp,0.25,3,3,CTAGATCTCCGCGCCCAGAC,0,575123
araCp,0.25,3,3,CTAGATAGCCCTCCCCGAGT,0,575865
araCp,0.25,3,3,CTAGAGCTTTCATGGAGGAC,0,574936
araCp,0.25,3,3,CTAGACGGACCAATCTTCTC,0,562278
araCp,0.25,3,3,CTAGAAACTCTCTAGGGGAG,0,592656
araCp,0.25,3,3,CTACTGACATCTATTGAGGG,0,553958
araCp,0.25,3,3,CTACTCTCATTCGCGATGAT,0,576251
araCp,0.25,3,3,CTACTAGCTTCAGGGATTGC,0,548091
araCp,0.25,3,3,CTACGTTGATTTCTAAAGGG,0,539378
araCp,0.25,3,3,CTACGCAGAATACATTAGAC,0,555681
araCp,0.25,3,3,CTACGATGGGCTGCCTCATC,0,590000
araCp,0.25,3,3,CTACGATCTCGATGGTATCG,0,590291
araCp,0.25,3,3,CTACCGTCCTGCTCGATTCG,0,553551
araCp,0.25,3,3,CTACCCCACCTGTCAGCGGG,0,532730
araCp,0.25,3,3,CTACCCAGTTCGTGCGTCAT,0,560538
araCp,0.25,3,3,CTACCAGTTTCTCGATCGCC,0,559812
araCp,0.25,3,3,CTACCAGTGGAGTACTCGGA,0,540417
araCp,0.25,3,3,CTACACAACAAGCTCATCCT,0,565065
araCp,0.25,3,3,CTAATTCTGGAGGGGGGCGC,0,560350
araCp,0.25,3,3,CTAAGTGCCATCTCACGTAT,0,603227
araCp,0.25,3,3,CTAAGAATCAATAGAACGTT,0,542858
araCp,0.25,3,3,CTAAATCGATGATCTGCATA,0,585948
araCp,0.25,3,3,CTAAATCACGATTCTTAAGA,0,548816
araCp,0.25,3,3,CTAAATATACGCTCGCGTCA,0,544306
araCp,0.25,3,3,CTAAAAGATTAGGTGGTGAA,0,553366
araCp,0.25,3,3,CGTTTGCACTATCGGCTGAC,0,530879
araCp,0.25,3,3,CGTTTCGGAACACACCGTTG,0,546699
araCp,0.25,3,3,CGTTTATCGCATATCGATAG,0,544558
araCp,0.25,3,3,CGTTGGGAATCTAGCGTCGG,0,543407
araCp,0.25,3,3,CGTTGAATCTTCCTGTGAAG,0,549084
araCp,0.25,3,3,CGTTCGTAACGTAAGGGTGA,0,536493
araCp,0.25,3,3,CGTTCCGAGCACGGCGTCCA,0,553168
araCp,0.25,3,3,CGTTCATCCCACCAGGCGGT,0,535320
araCp,0.25,3,3,CGTTATGGGAAATTTTTTTA,0,594628
araCp,0.25,3,3,CGTTATCTTAAGCGACCGCG,0,571684
araCp,0.25,3,3,CGTTACTACCTAGTTGGCAA,0,590647
araCp,0.25,3,3,CGTGTTTCTCTAGTTATCGA,0,545417
araCp,0.25,3,3,CGTGTCTGTCAAGGTCGCGC,0,547274
araCp,0.25,3,3,CGTGTCCTGTTCTCACCCGG,0,534121
araCp,0.25,3,3,CGTGTATTCGTTTTTTATGC,0,586513
araCp,0.25,3,3,CGTGTAACCATCAATAATAA,0,557773
araCp,0.25,3,3,CGTGTAACACTCCAGCAGTT,0,567897
araCp,0.25,3,3,CGTGGGTCAACTTTTTCGGA,0,532962
araCp,0.25,3,3,CGTGCTTTGAAGCTCATCAC,0,542117
araCp,0.25,3,3,CGTGCTCGTGCGTGATAGCT,0,537786
araCp,0.25,3,3,CGTGCCGCATAGATTGTAGT,0,547816
araCp,0.25,3,3,CGTGCATCGCAAGTTACAGT,0,578717
araCp,0.25,3,3,CGTGCAACTTGACACGTGGC,0,576787
araCp,0.25,3,3,CGTGATCGTTTGATGACTCT,0,539065
araCp,0.25,3,3,CGTGATAGCGCAATCGATTC,0,565239
araCp,0.25,3,3,CGTCTCTAACCTCTCGCACA,0,565766
araCp,0.25,3,3,CGTCGTAAAGAAACTATTGA,0,574797
araCp,0.25,3,3,CGTCCCCAGTAATGAGCACA,0,537145
araCp,0.25,3,3,CGTCATGATGGCAGCATGGT,0,549705
araCp,0.25,3,3,CGTCAAGTGTTATAACTGTC,0,599822
araCp,0.25,3,3,CGTATGATGCATGCCGCGAA,0,546362
araCp,0.25,3,3,CGTAGTGAAATAGGTTTAAA,0,594860
araCp,0.25,3,3,CGTAGTAATCAGCCCCGACC,0,573603
araCp,0.25,3,3,CGTACTGCTATAGGGTGCAG,0,545273
araCp,0.25,3,3,CGTACCAGATGTTATCAGCA,0,554406
araCp,0.25,3,3,CGTACAAGTGGGTCACACCA,0,568581
araCp,0.25,3,3,CGTAATTACGTGTTACATAG,0,576313
araCp,0.25,3,3,CGTAACGAAGTCTCATGGGT,0,543627
araCp,0.25,3,3,CGGTTTGGTTATGTAACACA,0,591512
araCp,0.25,3,3,CGGTTATATCTACGCTGAAC,0,532258
araCp,0.25,3,3,CGGTTACTTGGCTATACGTC,0,592531
araCp,0.25,3,3,CGGTGACCCCTACACCTCCG,0,580325
araCp,0.25,3,3,CGGTCTTTAACCCCATCGGT,0,539897
araCp,0.25,3,3,CGGTCTGCAGGATCGAATGA,0,552045
araCp,0.25,3,3,CGGTCGTTAATCTATATCTC,0,591108
araCp,0.25,3,3,CGGTCATCTACTAGAGGAGA,0,585171
araCp,0.25,3,3,CGGTAAACCCTCAAGCGTAC,0,594832
araCp,0.25,3,3,CGGGTTGTACTGCCCTCACC,0,558325
araCp,0.25,3,3,CGGGTTGTACTAACAGTGCA,0,530184
araCp,0.25,3,3,CGGGTGGTTAACGGCCTAGT,0,582443
araCp,0.25,3,3,CGGGTAACCGGTTCCGCCGT,0,600043
araCp,0.25,3,3,CGGGGTATGCCGTAGTGTTG,0,538809
araCp,0.25,3,3,CGGGGTACAGGCCAAGAGAG,0,535502
araCp,0.25,3,3,CGGGGGCATGTAACGCCATA,0,543404
araCp,0.25,3,3,CGGGGCGACCTTGCATAAGG,0,552314
araCp,0.25,3,3,CGGGGATGGTGGATGTCGGG,0,575963
araCp,0.25,3,3,CGGGGATAACGAGAACCGCG,0,590097
araCp,0.25,3,3,CGGGGAGGTGGGCACCCTAG,0,549632
araCp,0.25,3,3,CGGGGAGCCGGTGGGCAGCT,0,541511
araCp,0.25,3,3,CGGGCTAGTCTCGTAAGTTC,0,586931
araCp,0.25,3,3,CGGGCCGAGGAGGATGAATG,0,560632
araCp,0.25,3,3,CGGGATGCGGAGGACATAGG,0,567970
araCp,0.25,3,3,CGGGACATAACGTGTTCGGA,0,551070
araCp,0.25,3,3,CGGCTAGTGTGCGCCCTCCT,0,564606
araCp,0.25,3,3,CGGCGTTCTTCAGTACCGAT,0,529146
araCp,0.25,3,3,CGGCGGTACGTGACATCTGC,0,574796
araCp,0.25,3,3,CGGCGACCTGGTCGGACACA,0,577761
araCp,0.25,3,3,CGGCCTGGCATCACGCTGGG,0,571945
araCp,0.25,3,3,CGGCCGGTGAGTAGACTTGG,0,578517
araCp,0.25,3,3,CGGCCCGGTATAAAGATTGA,0,572863
araCp,0.25,3,3,CGGCCCAGGTCATGTAGCGC,0,588847
araCp,0.25,3,3,CGGCATATGGCAATTCGACT,0,542142
araCp,0.25,3,3,CGGCAGCGCAAGAAATTTAT,0,560010
araCp,0.25,3,3,CGGATTGGACCCTCAGTGAT,0,547110
araCp,0.25,3,3,CGGATGGGTGGGGGTTGTCA,0,577510
araCp,0.25,3,3,CGGATGGCCCTACGCACATG,0,568055
araCp,0.25,3,3,CGGATCCTACTGGGGGGTAT,0,597873
araCp,0.25,3,3,CGGAGGGCTTCATAGATCTG,0,541894
araCp,0.25,3,3,CGGAGGAGATTTCACTTGGG,0,595084
araCp,0.25,3,3,CGGACCGGCAGTGAGCATCA,0,541091
araCp,0.25,3,3,CGGACAGGACCTTCCCTCAT,0,539068
araCp,0.25,3,3,CGGAAGCATTCCTGGGAGCT,0,580988
araCp,0.25,3,3,CGGAACAACTCAACTCCGGA,0,563384
araCp,0.25,3,3,CGGAAACCTATTGCACGACA,0,542075
araCp,0.25,3,3,CGCTTGACCGTCAATAGAAC,0,546165
araCp,0.25,3,3,CGCTGTTGAAGTATTCGGGT,0,527087
araCp,0.25,3,3,CGCTGTTCTCACTCGCGGCC,0,597814
araCp,0.25,3,3,CGCTGGTGCTGCTGTGCGGC,0,548859
araCp,0.25,3,3,CGCTGGTAGCTGTTTCTTAA,0,557728
araCp,0.25,3,3,CGCTGCGGTTGTTCATGAGT,0,592592
araCp,0.25,3,3,CGCTGCACTACACCGGTGAA,0,550046
araCp,0.25,3,3,CGCTCGTTCCATGTGAGGTC,0,574549
araCp,0.25,3,3,CGCTCGCAATCGGTACGTCA,0,539996
araCp,0.25,3,3,CGCTCCATAGTGACATACTC,0,562070
araCp,0.25,3,3,CGCTATGTCCAACCATGTGC,0,595525
araCp,0.25,3,3,CGCTATCCGCATAGGGATTA,0,583588
araCp,0.25,3,3,CGCTAGTTGGCGAGCAGGGA,0,578619
araCp,0.25,3,3,CGCTACTGTGGTATGACGGC,0,562773
araCp,0.25,3,3,CGCTAAAGTTGACGCTCAGA,0,603210
araCp,0.25,3,3,CGCGTTGGAGAAGTGCAAAC,0,582016
araCp,0.25,3,3,CGCGTCCACTAATATATGAG,0,552115
araCp,0.25,3,3,CGCGGTTACGGTCACGTCAA,0,574472
araCp,0.25,3,3,CGCGGGTAAGCCGCACGCTA,0,595857
araCp,0.25,3,3,CGCGGCCTCTGTCCAGTAGC,0,560684
araCp,0.25,3,3,CGCGGATGTTTGATATGGGA,0,571989
araCp,0.25,3,3,CGCGCTTTTGCCTCCCACAA,0,589637
araCp,0.25,3,3,CGCGCTTAAGTGTACGAAAG,0,533626
araCp,0.25,3,3,CGCGAATGTCCGGTTTTCTC,0,552241
araCp,0.25,3,3,CGCCTTCCTGTGAAGACGTG,0,572921
araCp,0.25,3,3,CGCCTTCATGTCTGATGCAT,0,542149
araCp,0.25,3,3,CGCCGTAAGTGTTTGTTAGA,0,529342
araCp,0.25,3,3,CGCCGCTGTTGCCGGCTCTT,0,551545
araCp,0.25,3,3,CGCCGAATGGCCAAGAATGT,0,540181
araCp,0.25,3,3,CGCCCGGGATTTGCAAACTT,0,548922
araCp,0.25,3,3,CGCCCCTTCTCCTTGAGCGA,0,560284
araCp,0.25,3,3,CGCCCATTCCTGTTGCGTAG,0,529023
araCp,0.25,3,3,CGCCATGGCCGTGGATACCA,0,574285
araCp,0.25,3,3,CGCATTTAGGACAATGGTAC,0,593051
araCp,0.25,3,3,CGCATTGGGGGATGTAAACG,0,548866
araCp,0.25,3,3,CGCATGACATGTAACGCTTA,0,566716
araCp,0.25,3,3,CGCATCGCGTGATAGTATCG,0,556998
araCp,0.25,3,3,CGCATCCCTGCTCCTATGGC,0,543041
araCp,0.25,3,3,CGCAGGTCTGGCGCAGTTAG,0,555101
araCp,0.25,3,3,CGCAGAGAAGCTTCAAGCGT,0,586206
araCp,0.25,3,3,CGCACCTTTGCGCCGGGGAA,0,536855
araCp,0.25,3,3,CGATTAGGACGCGGTGCATT,0,532131
araCp,0.25,3,3,CGATTAAAAATATCGCGGAC,0,592745
araCp,0.25,3,3,CGATGGCACTAGCGGCTCAA,0,563145
araCp,0.25,3,3,CGATCGACGCGGACTTTTGC,0,583622
araCp,0.25,3,3,CGATCCACGAGGGCTGAAAT,0,562517
araCp,0.25,3,3,CGATATCTCAACTACGGTAA,0,547950
araCp,0.25,3,3,CGATAGACAAATAGTCAGTG,0,533616
araCp,0.25,3,3,CGATAAGGTGGGAGGGCAAA,0,527610
araCp,0.25,3,3,CGAGTTCTTTTAAGCAACCG,0,587655
araCp,0.25,3,3,CGAGTGGTCGGCGCGACATT,0,596526
araCp,0.25,3,3,CGAGTGCCAAGTATGTGATT,0,529462
araCp,0.25,3,3,CGAGGTTCGACTATGTACAA,0,578710
araCp,0.25,3,3,CGAGCGGCCTCAGGGCGAAG,0,581218
araCp,0.25,3,3,CGAGATGATCAATGGCTCCT,0,571227
araCp,0.25,3,3,CGACTGTCCAACAGATGTAT,0,567468
araCp,0.25,3,3,CGACTCGATCTTGTTTACCT,0,574592
araCp,0.25,3,3,CGACGCTAGGATCCCGATGA,0,567061
araCp,0.25,3,3,CGACGCCTTCTATGAGGTCT,0,532602
araCp,0.25,3,3,CGACCTCCTGAGCATCATGT,0,577399
araCp,0.25,3,3,CGACCGTGTAACATTTCACC,0,533272
araCp,0.25,3,3,CGACATTATTTTCGACAGAT,0,577409
araCp,0.25,3,3,CGACAGTAAGGTTTCTTCGG,0,579308
araCp,0.25,3,3,CGAATCTGTAAACCGCACCC,0,537791
araCp,0.25,3,3,CGAATCTATGCATCTCAATG,0,545837
araCp,0.25,3,3,CGAACTCAGGCACTACGCGG,0,530882
araCp,0.25,3,3,CGAACGCGAGGCTGGTTCAG,0,556057
araCp,0.25,3,3,CGAACGACTGTACTCTGAGA,0,528100
araCp,0.25,3,3,CGAACCAGGAAGGGGTTAGC,0,601542
araCp,0.25,3,3,CGAACATGGCGAGCCGCAGG,0,550095
araCp,0.25,3,3,CGAACAGTTAGCTTACACTG,0,561997
araCp,0.25,3,3,CGAACACATAAGCGAGTTTT,0,533949
araCp,0.25,3,3,CGAAACGCCCCTTTCGGGAT,0,529777
araCp,0.25,3,3,CGAAACAGGAGTCCATATTT,0,567590
araCp,0.25,3,3,CGAAAACTGAACATGACAAA,0,587778
araCp,0.25,3,3,CGAAAAAGCCTAGCGCGGCT,0,547233
araCp,0.25,3,3,CCTTTGCGGGTCGAATCGAG,0,555251
araCp,0.25,3,3,CCTTTCCCGGGCTCGCCTTG,0,565431
araCp,0.25,3,3,CCTTTATCTTACGAACACTC,0,558053
araCp,0.25,3,3,CCTTGTATTTGGCTCAGAGA,0,556149
araCp,0.25,3,3,CCTTGCTGAGTTAAGGGGTT,0,548819
araCp,0.25,3,3,CCTTCTGTAGAATAATTTGA,0,597350
araCp,0.25,3,3,CCTTAGGAAGTGAACCATGC,0,589614
araCp,0.25,3,3,CCTTACCTACATAATCACAC,0,577501
araCp,0.25,3,3,CCTGTCGTGTCTTCGCAATG,0,557686
araCp,0.25,3,3,CCTGTCGAGTCGGGCTAGCT,0,578087
araCp,0.25,3,3,CCTGTAGGTGGTTTCGCCCA,0,565659
araCp,0.25,3,3,CCTGGGTCGCGCATGAGTGC,0,551322
araCp,0.25,3,3,CCTGGCGGTTTCTATTATAA,0,580392
araCp,0.25,3,3,CCTGCGTAGAGCTCTAATGA,0,534202
araCp,0.25,3,3,CCTGCGATATTGGTGTTAAG,0,590872
araCp,0.25,3,3,CCTGCAGCGCTCGAGTTACT,0,557471
araCp,0.25,3,3,CCTGATAGTCGAATTCGGTC,0,536490
araCp,0.25,3,3,CCTGAAGCCTGCATCTCCTT,0,600664
araCp,0.25,3,3,CCTGAAATCAGCACGACTTT,0,531374
araCp,0.25,3,3,CCTCTATGCTCACACCCCAT,0,551101
araCp,0.25,3,3,CCTCGTGCGGCAGAGCCCTG,0,585566
araCp,0.25,3,3,CCTCGGACAGGCACCAGATG,0,571174
araCp,0.25,3,3,CCTCGCTCAGGAGACTAAAA,0,551974
araCp,0.25,3,3,CCTCGACTATGCATTCAGGT,0,587117
araCp,0.25,3,3,CCTCCTCGCACACAGCAGAT,0,593872
araCp,0.25,3,3,CCTCAGCTTTGTTGGTTTCG,0,546584
araCp,0.25,3,3,CCTCAAGGGGCAAAGGCCGA,0,603202
araCp,0.25,3,3,CCTATTTTCGAGACCACCTC,0,572120
araCp,0.25,3,3,CCTATGGGGTTGTCATTGAT,0,541714
araCp,0.25,3,3,CCTATATATGGTCATGTGCC,0,556053
araCp,0.25,3,3,CCTAGGTCTAATAGCCTCTC,0,530709
araCp,0.25,3,3,CCTAGAGAGCGAGCTACCCA,0,556012
araCp,0.25,3,3,CCTACCTTTTCGTACGAATT,0,579563
araCp,0.25,3,3,CCTAAGGGCGATCAATTTGT,0,569187
araCp,0.25,3,3,CCGTTTAGGATTAGGAGAAG,0,578266
araCp,0.25,3,3,CCGTTTAAAGGATTTTGGTG,0,556473
araCp,0.25,3,3,CCGTTGTGTACAAAATTTCT,0,541575
araCp,0.25,3,3,CCGTTCCAGTTACCGCTTGA,0,557423
araCp,0.25,3,3,CCGTTAGTGCTGATCCTTCG,0,568170
araCp,0.25,3,3,CCGTGTTGGCGCTTTGACCG,0,596888
araCp,0.25,3,3,CCGTGCGGTTGACATGGACG,0,554664
araCp,0.25,3,3,CCGTGCGGAATATGCGACCA,0,549035
araCp,0.25,3,3,CCGTGAACACGACGGTTTGT,0,592321
araCp,0.25,3,3,CCGTCCGGATGGCCTGCCTC,0,593858
araCp,0.25,3,3,CCGTCAACATTAGATTACGA,0,540929
araCp,0.25,3,3,CCGTAGGGGGCGCCACTCCA,0,538669
araCp,0.25,3,3,CCGTACATCTGAGAACATGA,0,566746
araCp,0.25,3,3,CCGGTGACAACCCTGAGACA,0,588079
araCp,0.25,3,3,CCGGTCTAGCTAACCTGTAA,0,548688
araCp,0.25,3,3,CCGGTACATAGACTTCTAAT,0,529106
araCp,0.25,3,3,CCGGGCTGTGATTTAACCAG,0,556910
araCp,0.25,3,3,CCGGGAGGTGCGTGGCTCTA,0,593610
araCp,0.25,3,3,CCGGAAATTGCTGGAGTGGA,0,575349
araCp,0.25,3,3,CCGCTCTCGGCAGAGATGTC,0,546960
araCp,0.25,3,3,CCGCGATCGGACTGGTCTGT,0,542945
araCp,0.25,3,3,CCGCCTTCTCACAATATAGT,0,570022
araCp,0.25,3,3,CCGCCCGTCGGGATTTGTAA,0,541662
araCp,0.25,3,3,CCGCCACATTGTTGCGGGAG,0,600081
araCp,0.25,3,3,CCGCAGGGGGAGACCAGGAC,0,577533
araCp,0.25,3,3,CCGATTGGACGGGTAGCGGG,0,599442
araCp,0.25,3,3,CCGATTATTCGACGACCGAG,0,579784
araCp,0.25,3,3,CCGATCAGTAGCCGCTTGTG,0,544840
araCp,0.25,3,3,CCGATAAATAACCGGCCAGG,0,565465
araCp,0.25,3,3,CCGAGGCGTGACTAGAAACA,0,558512
araCp,0.25,3,3,CCGACCTAGGCCCTTGACAG,0,534157
araCp,0.25,3,3,CCGACCCTGGTTGTCAGCTT,0,603263
araCp,0.25,3,3,CCGACATGATGTGACTAACA,0,592659
araCp,0.25,3,3,CCGAACGGTCTCGACAATGG,0,575247
araCp,0.25,3,3,CCCTTGTGTGTTCCGGGAAT,0,566568
araCp,0.25,3,3,CCCTTATCCCACCACTTATA,0,576211
araCp,0.25,3,3,CCCTGCCGCGATGGGGCTTC,0,579243
araCp,0.25,3,3,CCCTGCCATAGGGATTGCGC,0,555616
araCp,0.25,3,3,CCCTGCACACATCCCTGGGG,0,567914
araCp,0.25,3,3,CCCTCTAGCTGATACATACT,0,561681
araCp,0.25,3,3,CCCTCAGGGACCTTTTTTAG,0,534754
araCp,0.25,3,3,CCCTCAGAGAGGTGGATACA,0,547119
araCp,0.25,3,3,CCCTAGGATTACAATCTATG,0,600357
araCp,0.25,3,3,CCCTAGCGTGAATTTTTTAA,0,546073
araCp,0.25,3,3,CCCGTTATTACATATCGGAC,0,560389
araCp,0.25,3,3,CCCGGGTGCGCTGCATATCC,0,562236
araCp,0.25,3,3,CCCGGGCGCTTACTGTCGCC,0,601373
araCp,0.25,3,3,CCCGCTAGCTCAGGTCAGGG,0,535408
araCp,0.25,3,3,CCCGCCTTAACGGGTCGATG,0,535235
araCp,0.25,3,3,CCCGACAGAAGAAAACTTCA,0,577573
araCp,0.25,3,3,CCCCTTTACGGGCCGTATTG,0,603222
araCp,0.25,3,3,CCCCGTACACTAAGGGTTAA,0,583239
araCp,0.25,3,3,CCCCGACCCCGAGTGCCCAG,0,568591
araCp,0.25,3,3,CCCCCGTCCCCTAGCAGATC,0,562571
araCp,0.25,3,3,CCCCCCGCCGCGTCCCTATA,0,566468
araCp,0.25,3,3,CCCCATTCAACCTTGCATGC,0,530256
araCp,0.25,3,3,CCCCAGTTTCTGACGGCTCG,0,592034
araCp,0.25,3,3,CCCCAGGATTCAAGCTATAA,0,551477
araCp,0.25,3,3,CCCCAGCCAACCTAACTTAA,0,550580
araCp,0.25,3,3,CCCCACTTTGTCGTTGGTAT,0,536798
araCp,0.25,3,3,CCCCACACAGCTCCGGCGCT,0,530343
araCp,0.25,3,3,CCCATGTGGCTTCAACTTTA,0,595233
araCp,0.25,3,3,CCCATGTAAGGTGGTTCTCC,0,585790
araCp,0.25,3,3,CCCATCTGAGTGCCCCTCGT,0,545540
araCp,0.25,3,3,CCCATCCTATAAGCGGCGCA,0,603545
araCp,0.25,3,3,CCCATACATCCCTAGTATGG,0,566864
araCp,0.25,3,3,CCCAGAGCCGCCAGGCTGTG,0,595627
araCp,0.25,3,3,CCCACTGCCTCTCACCTGTC,0,565247
araCp,0.25,3,3,CCCAATCTTTTGAGAACGAT,0,557565
araCp,0.25,3,3,CCATTGGGACGGGTGTGATC,0,574271
araCp,0.25,3,3,CCATTGCGGGACAGGCAAAA,0,526946
araCp,0.25,3,3,CCATTATTCATGCCTTTCAC,0,547986
araCp,0.25,3,3,CCATGTAGTAAGCCTTTTGA,0,532368
araCp,0.25,3,3,CCATGCAAATTTCGTTATTC,0,530899
araCp,0.25,3,3,CCATGAGCACGACACAATCA,0,600200
araCp,0.25,3,3,CCATGAACTGTCGGCATCAC,0,592118
araCp,0.25,3,3,CCATCTTACAGGGGAATTAA,0,561735
araCp,0.25,3,3,CCATCTGTGTGAGCTTAGTA,0,577082
araCp,0.25,3,3,CCATCTGTCGGAAAGGCACC,0,569232
araCp,0.25,3,3,CCATCGATGGGTCCTTCGAG,0,547801
araCp,0.25,3,3,CCATATTTCACGGACATTCG,0,577261
araCp,0.25,3,3,CCAGTTTTTGAAAATCGCCA,0,568349
araCp,0.25,3,3,CCAGTTTTATAGAAGCTCAA,0,583986
araCp,0.25,3,3,CCAGTTTGCGTTGGAACCCA,0,554004
araCp,0.25,3,3,CCAGTGTAATCATTCCGTGT,0,535799
araCp,0.25,3,3,CCAGTCCATGGCCCGATCAC,0,587170
araCp,0.25,3,3,CCAGTACCATCAGCGATCTA,0,565536
araCp,0.25,3,3,CCAGGATGTATTAACTCGCT,0,545034
araCp,0.25,3,3,CCAGGACGGTCAGGACCCGT,0,586868
araCp,0.25,3,3,CCAGCGTCTTCATTACGGCA,0,548177
araCp,0.25,3,3,CCAGAGACTTGTCACAGACG,0,547160
araCp,0.25,3,3,CCAGACCACCATAAAGCGTA,0,555043
araCp,0.25,3,3,CCAGAATTACAGTCGGGGCT,0,536184
araCp,0.25,3,3,CCACGTGGTTACCAACTGTT,0,590575
araCp,0.25,3,3,CCACGCTCGTAGCAGGCTCC,0,581720
araCp,0.25,3,3,CCACAGTGCCTCCTCACACA,0,584927
araCp,0.25,3,3,CCACAGCCTTCCTCCGTGTA,0,561291
araCp,0.25,3,3,CCACAAGCGCATCCAGTCCA,0,591928
araCp,0.25,3,3,CCAATTTCTTGCAACTAAGC,0,580607
araCp,0.25,3,3,CCAATCACTTCTTGTTCGAT,0,586990
araCp,0.25,3,3,CCAAGTTGCACTTTCATCTA,0,592696
araCp,0.25,3,3,CCAAGAGTGAGATGTATGAA,0,560998
araCp,0.25,3,3,CCAACGGCCACATAGTGAGC,0,538516
araCp,0.25,3,3,CCAACGAAATCGGATATCAG,0,603154
araCp,0.25,3,3,CCAACCTTACCGGGGTTGAC,0,529194
araCp,0.25,3,3,CCAAATACGACCTACAGTTT,0,538533
araCp,0.25,3,3,CCAAAGGGGAAACCCACCGA,0,538043
araCp,0.25,3,3,CCAAACCAGGTTCCACCTAC,0,527064
araCp,0.25,3,3,CCAAAACTACTCGACGGCTC,0,542672
araCp,0.25,3,3,CATTTTTCCTCAATCAATAC,0,530672
araCp,0.25,3,3,CATTTTCCAGTCGTAATTGG,0,558982
araCp,0.25,3,3,CATTGGTCCGGCCCTTTGTG,0,572220
araCp,0.25,3,3,CATTGGCGTCATGGATCGGT,0,542736
araCp,0.25,3,3,CATTCTCCTGCATGTTACAC,0,588587
araCp,0.25,3,3,CATTCGGGCCGGGAACATGA,0,553490
araCp,0.25,3,3,CATTCGCCGGGTCTCTTCCT,0,594683
araCp,0.25,3,3,CATTCCCAGAATTGTCTCAA,0,570018
araCp,0.25,3,3,CATTCAACGGGCTACCTGCA,0,585764
araCp,0.25,3,3,CATTCAAACAGGTTAGCCAT,0,595997
araCp,0.25,3,3,CATTATCCGTCAGCTGGAAT,0,539394
araCp,0.25,3,3,CATTATACATAGATGACGCT,0,538437
araCp,0.25,3,3,CATTAGTACTCACTAAGTAG,0,575427
araCp,0.25,3,3,CATTACTTCGGGGCATTATC,0,548532
araCp,0.25,3,3,CATTAACCGGAGCCATTTCT,0,591587
araCp,0.25,3,3,CATTAAAGTGGCGGTGGATA,0,541664
araCp,0.25,3,3,CATGTTGCAAGAGGACTTGT,0,561302
araCp,0.25,3,3,CATGTTAAGAGCGCCTTCAG,0,557228
araCp,0.25,3,3,CATGTGAGGCTAGTGCAACA,0,568625
araCp,0.25,3,3,CATGTCCTTTTATGTAGCGT,0,588985
araCp,0.25,3,3,CATGTACGTACCAAATGGCA,0,586450
araCp,0.25,3,3,CATGTACGCAAATCTCTAGG,0,562454
araCp,0.25,3,3,CATGGCTTATCGCTTACGAT,0,574541
araCp,0.25,3,3,CATGGACACCGGGATCCCGT,0,531977
araCp,0.25,3,3,CATGATGACCTGGCTTCGCT,0,587621
araCp,0.25,3,3,CATGATATACGAAATTATGG,0,543158
araCp,0.25,3,3,CATGACATAGGTTTTCAATA,0,576891
araCp,0.25,3,3,CATCTAGGCGGATCCCGTGA,0,560723
araCp,0.25,3,3,CATCCTATAGAGAGTCGGTC,0,538490
araCp,0.25,3,3,CATCCCGCGACCGTAGTTAT,0,592105
araCp,0.25,3,3,CATCCAGAGGCCATCGTGGT,0,592641
araCp,0.25,3,3,CATCAGCACACAACCATTTA,0,542387
araCp,0.25,3,3,CATCACCAGACCTAGACTGG,0,589407
araCp,0.25,3,3,CATCACAGTATTACGCAGCT,0,557527
araCp,0.25,3,3,CATATTGCGATTAATCTTTG,0,591350
araCp,0.25,3,3,CATATTCGAGAAATGCGACA,0,550023
araCp,0.25,3,3,CATATGCTGTGAACCGATCT,0,552631
araCp,0.25,3,3,CATATCTGGGAGAACCCTGG,0,587994
araCp,0.25,3,3,CATACCACCAGACACTGAAG,0,558286
araCp,0.25,3,3,CATAACGGGGGCGACCCCAA,0,603396
araCp,0.25,3,3,CAGTTAAGAAAATGCGTCCT,0,587678
araCp,0.25,3,3,CAGTGTGTTATACATGGTGC,0,533736
araCp,0.25,3,3,CAGTGGTGATAGGGTAAGCG,0,583774
araCp,0.25,3,3,CAGTGGGCTGTCTACAGAGC,0,602485
araCp,0.25,3,3,CAGTGGGCGTGGAGCAATGT,0,570602
araCp,0.25,3,3,CAGTGACTGATGGCGGAATG,0,546214
araCp,0.25,3,3,CAGTCTTTTAGGCACTACTA,0,600767
araCp,0.25,3,3,CAGTAGTTGCTATTAGTCTG,0,527318
araCp,0.25,3,3,CAGTAGCAGCTGAACTAGGC,0,550362
araCp,0.25,3,3,CAGTACGTTGACTGATCATG,0,569214
araCp,0.25,3,3,CAGGTGTACAGGTAATACCC,0,526320
araCp,0.25,3,3,CAGGTGGTACCGAGAGGGGA,0,563049
araCp,0.25,3,3,CAGGTGCGGAACTGCCTATC,0,537101
araCp,0.25,3,3,CAGGTCGCCAGTAAAAGTTG,0,540326
araCp,0.25,3,3,CAGGTCCCAGTCGAGGCTTG,0,584409
araCp,0.25,3,3,CAGGTCCCAGCCCGCCCCCG,0,558264
araCp,0.25,3,3,CAGGTAATATACTTAAGACG,0,554306
araCp,0.25,3,3,CAGGGCAACGATGACTTTGT,0,603619
araCp,0.25,3,3,CAGGGATCCGGGGATAGTCA,0,545166
araCp,0.25,3,3,CAGGCTAGGGGCATGAGCCC,0,555611
araCp,0.25,3,3,CAGGCCATACAAATTGAGTC,0,533339
araCp,0.25,3,3,CAGGACCCCAAGTAAATCCT,0,599118
araCp,0.25,3,3,CAGCGGCACTCAAGATCTTA,0,567805
araCp,0.25,3,3,CAGCGGACGGACGGCCAGAT,0,536928
araCp,0.25,3,3,CAGCGCACGTAACGACGGCC,0,603522
araCp,0.25,3,3,CAGCGAAAGAGTAAATCACA,0,593993
araCp,0.25,3,3,CAGCCTGGGACAAGAATGTG,0,538832
araCp,0.25,3,3,CAGCCGTTCGCTCAATCCTT,0,570708
araCp,0.25,3,3,CAGCCGAGGACAATTTCCGG,0,556612
araCp,0.25,3,3,CAGCCAACATTGAGTGCACT,0,583125
araCp,0.25,3,3,CAGCCAAAGTCTAGCATTAC,0,584428
araCp,0.25,3,3,CAGCAATTGTACTATTAGCG,0,560183
araCp,0.25,3,3,CAGATTAAAGCTAGCCAGCC,0,601276
araCp,0.25,3,3,CAGATGTCGTTGGTGGATTC,0,573184
araCp,0.25,3,3,CAGAGGCACCTTGGCATACA,0,552316
araCp,0.25,3,3,CACTTTAATCGCAATAGCTG,0,559279
araCp,0.25,3,3,CACTTACGCTGCATTACTGA,0,551484
araCp,0.25,3,3,CACTGACTCGTCCCTTACCT,0,591805
araCp,0.25,3,3,CACTCTGAATGTTTCCGGGT,0,555309
araCp,0.25,3,3,CACTCGTAAACCCCCATTGA,0,563495
araCp,0.25,3,3,CACTCGACAGCGGTTTCCGA,0,570460
araCp,0.25,3,3,CACTCCTCGGACATGCTCCC,0,545454
araCp,0.25,3,3,CACTCATGCGTGAATAAGGG,0,539754
araCp,0.25,3,3,CACTAATGCCTCGGCCTTAC,0,552551
araCp,0.25,3,3,CACGTTGGTGCGGGTCACAC,0,529392
araCp,0.25,3,3,CACGTGTGGTAGACATAGCT,0,570696
araCp,0.25,3,3,CACGGTCGGACGCTGAAGTA,0,576414
araCp,0.25,3,3,CACGGGCGCGTAAGGGGCGC,0,581419
araCp,0.25,3,3,CACGCTCGGGCCTTCGGGGG,0,567346
araCp,0.25,3,3,CACGAGTGGCCTTGATATGA,0,579285
araCp,0.25,3,3,CACCGTCGAACTCAAGGAAC,0,556237
araCp,0.25,3,3,CACCGATCAGTAGAATGTGT,0,555973
araCp,0.25,3,3,CACCGAACCGGGGCTCAGTT,0,557236
araCp,0.25,3,3,CACCCCATTTCGTCGCTACA,0,554524
araCp,0.25,3,3,CACCATAGACGTGACCGTGG,0,598868
araCp,0.25,3,3,CACATTTGCTTCTCTGTGTC,0,581853
araCp,0.25,3,3,CACATTTCCATTTAAGTGGA,0,565251
araCp,0.25,3,3,CACATGTGTTTATCGGGCCT,0,551127
araCp,0.25,3,3,CACATAATTTCGGAGATTAG,0,542112
araCp,0.25,3,3,CACACTAAGTCCCCTCGCTG,0,536746
araCp,0.25,3,3,CACACGTTAGTAACACAAAA,0,565830
araCp,0.25,3,3,CACACGAGGACTCCGTGTTT,0,592223
araCp,0.25,3,3,CACACGAGCGCCGGATAAGT,0,590885
araCp,0.25,3,3,CACAATCTTCAACCCGTCGT,0,602166
araCp,0.25,3,3,CACAAGGTTGACCGACTGGA,0,600450
araCp,0.25,3,3,CACAACGTTTCAGAGCCTAA,0,593159
araCp,0.25,3,3,CACAAAAAACGTGAAAGCGA,0,588202
araCp,0.25,3,3,CAATTGGTCTATGCGCCTCT,0,600676
araCp,0.25,3,3,CAATTCATATAAGTGGGAAT,0,533436
araCp,0.25,3,3,CAATTACTATGAACTGTTGA,0,542984
araCp,0.25,3,3,CAATGTAATGGAAGCATGAG,0,577504
araCp,0.25,3,3,CAATGATTCGTGGGGACTGA,0,577216
araCp,0.25,3,3,CAATCCGCGGATTACATGAG,0,564116
araCp,0.25,3,3,CAATATAGGGCACAAGATTA,0,546255
araCp,0.25,3,3,CAATAGAGACCCTGCGGTAA,0,594148
araCp,0.25,3,3,CAATAATCTACCAATAGCGC,0,585789
araCp,0.25,3,3,CAAGTTGCAAGGGCTTTAGT,0,595007
araCp,0.25,3,3,CAAGTGGGGTTGAAAGCATA,0,532873
araCp,0.25,3,3,CAAGTAAGACGTGAAAACAA,0,595766
araCp,0.25,3,3,CAAGGGTTAACAAACGCCGT,0,562175
araCp,0.25,3,3,CAAGGGCGACCTCTGGTAAT,0,549416
araCp,0.25,3,3,CAAGGCACCCGAAAGATCCT,0,589029
araCp,0.25,3,3,CAAGGAGTGGATCGGCAAGC,0,564355
araCp,0.25,3,3,CAAGCTGGACACACTTAGAG,0,564359
araCp,0.25,3,3,CAAGCCACCGAAGTTTGAGA,0,525884
araCp,0.25,3,3,CAAGCACGAGTAGACATAAG,0,532121
araCp,0.25,3,3,CAAGAGTTCTGTTAAAGTTG,0,529511
araCp,0.25,3,3,CAAGAGCCTGTGCCTACGAG,0,547598
araCp,0.25,3,3,CAACTCCGCTGTTCCCGGGG,0,584575
araCp,0.25,3,3,CAACGTCGTATGTACGGGCT,0,557176
araCp,0.25,3,3,CAACGTCCCCCTTTTGATTA,0,597927
araCp,0.25,3,3,CAACGGTGAGATCTTCTACG,0,576532
araCp,0.25,3,3,CAACGGGGCTTGTTCTTGCC,0,598874
araCp,0.25,3,3,CAACGCTCTTAGCGGACGAA,0,557930
araCp,0.25,3,3,CAACCGCCTATTAGACAAAC,0,530185
araCp,0.25,3,3,CAACCCGGTGCATTGTGAGA,0,549720
araCp,0.25,3,3,CAAATTTCATTTCCTATCCA,0,562089
araCp,0.25,3,3,CAAAGTCCTTGCAGAACTCG,0,562001
araCp,0.25,3,3,CAAAGTATATGAAAGAGGCG,0,555591
araCp,0.25,3,3,CAAACGGGAGCGACTGGAAC,0,567292
araCp,0.25,3,3,CAAACATGTTGCGCAGACGA,0,579977
araCp,0.25,3,3,CAAAATCAGGGCTAAACAAT,0,567006
araCp,0.25,3,3,CAAAACGTGCCCTTCGATAT,0,556291
araCp,0.25,3,3,ATTTTTTAAAATGAGCGTCT,0,558586
araCp,0.25,3,3,ATTTTTGCGCCGGTACGGTT,0,529475
araCp,0.25,3,3,ATTTTTGCACTCGGCTTTGC,0,557347
araCp,0.25,3,3,ATTTTCTTAAGTGAACTGCG,0,600837
araCp,0.25,3,3,ATTTGCTCCATCCAACCGAG,0,549514
araCp,0.25,3,3,ATTTGCATCGCATGCATGAG,0,559103
araCp,0.25,3,3,ATTTGCACCGGTCCTGGCCC,0,566857
araCp,0.25,3,3,ATTTGATTTACATACTCTCA,0,560474
araCp,0.25,3,3,ATTTCGGTATCGTCATAAGA,0,590406
araCp,0.25,3,3,ATTTCCCTGGTACCTGGCGA,0,567289
araCp,0.25,3,3,ATTTAGAGCGTCATGTTCGC,0,602529
araCp,0.25,3,3,ATTTAAGGCGGCAACGCGCA,0,591205
araCp,0.25,3,3,ATTGTGTTGGCTTTTGTTTC,0,530001
araCp,0.25,3,3,ATTGTGATGGTACGGCTGTC,0,526270
araCp,0.25,3,3,ATTGTGAACGGTGCGTAACA,0,587643
araCp,0.25,3,3,ATTGGGTAGGTCCTCCGATC,0,542675
araCp,0.25,3,3,ATTGGGGTCATCTATTTCCA,0,590209
araCp,0.25,3,3,ATTGGAAGGATATTCCCTTA,0,539962
araCp,0.25,3,3,ATTGCTTGTCGTGAATATTT,0,578105
araCp,0.25,3,3,ATTGCGAGGCAACCCACTAA,0,601921
araCp,0.25,3,3,ATTGCAACTCTTCACCGCGT,0,579303
araCp,0.25,3,3,ATTGATGGTTAAGCCCCGAC,0,543827
araCp,0.25,3,3,ATTCTCCGCCAACGTACGTC,0,526935
araCp,0.25,3,3,ATTCCCCGAATCCTCAACTC,0,540972
araCp,0.25,3,3,ATTCAAGTCCACGGTTGGAA,0,571059
araCp,0.25,3,3,ATTATATAGTTTGATAGCAG,0,579661
araCp,0.25,3,3,ATTAGTGGGGTCGGGCTACG,0,590785
araCp,0.25,3,3,ATTAGAGTCGCGTTTTCTAC,0,576106
araCp,0.25,3,3,ATTACTCTCACTTCTCTAAC,0,568958
araCp,0.25,3,3,ATTACGAATTCGTGCGGGGG,0,562556
araCp,0.25,3,3,ATTACCTGGATAAAGCGAAT,0,601083
araCp,0.25,3,3,ATTACAACGCGCATGCGATC,0,587384
araCp,0.25,3,3,ATTAAACACATTTGAGATGC,0,550143
araCp,0.25,3,3,ATGTATTCATTAAATAGACA,0,556989
araCp,0.25,3,3,ATGTATTAGAAGGCACAGTC,0,599753
araCp,0.25,3,3,ATGTACCCAAAGGCTGATAG,0,583479
araCp,0.25,3,3,ATGGTCGGGTCGTACAATAT,0,563406
araCp,0.25,3,3,ATGGTATTCTCCGCGGCCGA,0,567539
araCp,0.25,3,3,ATGGGTTATCAGTTGGTACT,0,550287
araCp,0.25,3,3,ATGGGGGTCCAAAGGGTTCC,0,568705
araCp,0.25,3,3,ATGGGGGCATGACTGCGGTC,0,528434
araCp,0.25,3,3,ATGGCGCCTCATCCGCGTAC,0,572145
araCp,0.25,3,3,ATGGCCGTGTAAGTAGTGAC,0,578344
araCp,0.25,3,3,ATGGATTAATGAACTTGGAA,0,601641
araCp,0.25,3,3,ATGCTGGGAAAATGAAACGC,0,599444
araCp,0.25,3,3,ATGCGAAGGTCTTAAACCTA,0,526501
araCp,0.25,3,3,ATGCCACCGACCAAAGCTCG,0,567900
araCp,0.25,3,3,ATGCCAACATAGTAACCTTG,0,570388
araCp,0.25,3,3,ATGCACCTCTCGGCTCTCTG,0,562881
araCp,0.25,3,3,ATGCAACTTCGCATCTTTGT,0,599214
araCp,0.25,3,3,ATGATCTCAGGAGCGACAAC,0,530806
araCp,0.25,3,3,ATGACCCTACTCGCATCACT,0,566902
araCp,0.25,3,3,ATGACCCCGGGATGCACGCT,0,584914
araCp,0.25,3,3,ATGACAGGATGCTTAATGTT,0,603277
araCp,0.25,3,3,ATGAAGTGGTACGGGGGTCA,0,590121
araCp,0.25,3,3,ATGAAGCCGTAAGCGACATA,0,541054
araCp,0.25,3,3,ATGAACTATTTGGAAGAGAC,0,541609
araCp,0.25,3,3,ATGAAACACGATTGTTGTCC,0,565947
araCp,0.25,3,3,ATCTTTTCATTTACACCACA,0,536861
araCp,0.25,3,3,ATCTTCGGCGAGGGAGATTC,0,532928
araCp,0.25,3,3,ATCTTATATGAGAAACTTCG,0,531125
araCp,0.25,3,3,ATCTTATAGTGATCAGTGAC,0,545890
araCp,0.25,3,3,ATCTGCAAGTAAAGGCCCAT,0,549870
araCp,0.25,3,3,ATCTGACCGGAACAGTATGA,0,559265
araCp,0.25,3,3,ATCTCTAGGACAACAAACAT,0,589087
araCp,0.25,3,3,ATCTCGTCAGGATAAACTAT,0,561031
araCp,0.25,3,3,ATCTCGGGGGGACATTGAGA,0,526306
araCp,0.25,3,3,ATCTCCGGGGGACTTCCCAC,0,548668
araCp,0.25,3,3,ATCTAGGGCAAGATAGGCAT,0,552769
araCp,0.25,3,3,ATCGTTCCAGGACACCTAGT,0,600220
araCp,0.25,3,3,ATCGTGTACCCGATGTAGAC,0,575614
araCp,0.25,3,3,ATCGTACTGCCGAGGGGGTA,0,564746
araCp,0.25,3,3,ATCGTACTACGCGAGGGCTG,0,602134
araCp,0.25,3,3,ATCGGTTTTAAAGGAGCGTA,0,531920
araCp,0.25,3,3,ATCGGAATTAATGTCTGCGC,0,577211
araCp,0.25,3,3,ATCGCATTAGGGGGTGCACG,0,577154
araCp,0.25,3,3,ATCGCAGACAGGGCGGCTAT,0,534756
araCp,0.25,3,3,ATCGATGTTGAGTGGCGGCA,0,586413
araCp,0.25,3,3,ATCGAACGTCACTCTGTTGC,0,564623
araCp,0.25,3,3,ATCCTGTCAGACTCTAGTAG,0,584848
araCp,0.25,3,3,ATCCTGGACTGGGCTTTATT,0,544037
araCp,0.25,3,3,ATCCTGGACGGGGTGTGGTT,0,599162
araCp,0.25,3,3,ATCCCCCCCATAATCTTTCA,0,527542
araCp,0.25,3,3,ATCCCAACATGACCATCTCA,0,546077
araCp,0.25,3,3,ATCCATGCGGTCATCACTAG,0,587648
araCp,0.25,3,3,ATCATTAAATAAGAAACAAC,0,562718
araCp,0.25,3,3,ATCATGTACCAAGACGTCCA,0,554600
araCp,0.25,3,3,ATCATACTGACGAAGAGATG,0,546716
araCp,0.25,3,3,ATCAGGCTCCTGCCGTGAGC,0,585202
araCp,0.25,3,3,ATCACTTCCATAACTACCCC,0,583061
araCp,0.25,3,3,ATCAATCGAGGGTATCACAG,0,535594
araCp,0.25,3,3,ATCAACGATGTACCCGGGTC,0,567693
araCp,0.25,3,3,ATATGGGCACTAATAGGGAG,0,580354
araCp,0.25,3,3,ATATGCGGGTGTCTCTGGAA,0,566768
araCp,0.25,3,3,ATATGCGAGCAATTGCGCAG,0,601557
araCp,0.25,3,3,ATATCTACAGTGCGCAAAAA,0,526275
araCp,0.25,3,3,ATATCACATCCCACTGCCCA,0,532228
araCp,0.25,3,3,ATATATGGTTTGATTTTTGC,0,582884
araCp,0.25,3,3,ATATAGTATGTGTTTCGGGC,0,558668
araCp,0.25,3,3,ATATACTCCCGTTGCACGAG,0,580200
araCp,0.25,3,3,ATATAACTTTTAGCTAGCAC,0,533135
araCp,0.25,3,3,ATAGTGTAAACCTGTTGGAT,0,590809
araCp,0.25,3,3,ATAGTAGGTTTGTGAACTCT,0,572329
araCp,0.25,3,3,ATAGTACAAAAGCCGGGGCA,0,596226
araCp,0.25,3,3,ATAGTAAGGGTATGCCTTTT,0,554216
araCp,0.25,3,3,ATAGGAGCATAGAGGTTCCT,0,540600
araCp,0.25,3,3,ATAGAGGTTGTAGGAGTGCC,0,555430
araCp,0.25,3,3,ATAGAGGTTCGTCAAAGAAT,0,566456
araCp,0.25,3,3,ATAGACTTCGCGGTCACTCA,0,558137
araCp,0.25,3,3,ATAGACCTTAGGGACCGTAC,0,530655
araCp,0.25,3,3,ATACGTCACGCCGCCTTGGC,0,563382
araCp,0.25,3,3,ATACGCATGCGGAATAATCG,0,533174
araCp,0.25,3,3,ATACCGTCGGTTTCGTTTTC,0,527746
araCp,0.25,3,3,ATACCCCGCGGCTGGATAGC,0,572977
araCp,0.25,3,3,ATACCAATGCTTCAAAATTC,0,587779
araCp,0.25,3,3,ATACATAACAGGGGTACAAT,0,567995
araCp,0.25,3,3,ATAATAATCAGAGCGGGGAT,0,531085
araCp,0.25,3,3,ATAATAAGAGACCACTCCAG,0,557567
araCp,0.25,3,3,ATAAGACCACCAGTCTTAAG,0,551872
araCp,0.25,3,3,ATAAGAAGATCCAAGACAAT,0,551342
araCp,0.25,3,3,ATAACTAGCTGCAAGTTATA,0,537163
araCp,0.25,3,3,ATAACGGTATTCTAATTTGA,0,593679
araCp,0.25,3,3,ATAACGAAACACACCATAGG,0,564468
araCp,0.25,3,3,ATAAATGCCGTGGACCTGGT,0,598621
araCp,0.25,3,3,AGTTTTCATTTTTCCTCTTC,0,580672
araCp,0.25,3,3,AGTTTGCGTATCGATGGTAT,0,594793
araCp,0.25,3,3,AGTTGCCAGTACAAGGCTAT,0,541240
araCp,0.25,3,3,AGTTGCATGGAGGTTACGTT,0,588066
araCp,0.25,3,3,AGTTCCTCGCCGAAGTTGTT,0,587831
araCp,0.25,3,3,AGTTCCCTCTCCCACCCGCC,0,593264
araCp,0.25,3,3,AGTTCCAGTAGGAGATTATG,0,589066
araCp,0.25,3,3,AGTTCCAGACCTACTATAAG,0,536989
araCp,0.25,3,3,AGTTCAGCTGATACTGATTC,0,535950
araCp,0.25,3,3,AGTTATGATTGTGATCGCCC,0,526506
araCp,0.25,3,3,AGTTATCGATTTGAGCTAAC,0,546767
araCp,0.25,3,3,AGTTACCCCGTTGGTGGTTA,0,536728
araCp,0.25,3,3,AGTGTTGATGGATTCAACTG,0,557573
araCp,0.25,3,3,AGTGTTACAAATCACTACTG,0,598888
araCp,0.25,3,3,AGTGTGTTGAAAGGCTGTCA,0,529618
araCp,0.25,3,3,AGTGTGGGGTTGAAGCTGAA,0,575747
araCp,0.25,3,3,AGTGTCGCGGCCCATCGCTC,0,575235
araCp,0.25,3,3,AGTGTCAAAGAGTTCCCATC,0,527509
araCp,0.25,3,3,AGTGTACTGTTGCCGTCCAT,0,584262
araCp,0.25,3,3,AGTGGTAGACTTGTGGTCCA,0,527840
araCp,0.25,3,3,AGTGGCCCTGATAAGGCGAT,0,535677
araCp,0.25,3,3,AGTGGAGCTTTTTGCCGACG,0,536071
araCp,0.25,3,3,AGTGGACATGCATATCGTCA,0,583256
araCp,0.25,3,3,AGTGCTATCTAGACTACTTA,0,570959
araCp,0.25,3,3,AGTGCCTCTGTTTTCCCGGT,0,575195
araCp,0.25,3,3,AGTGCAACTGGGGTTCCAAT,0,602417
araCp,0.25,3,3,AGTGACAACGCATCGGCTTG,0,536616
araCp,0.25,3,3,AGTGAACACGCATAGTGTCT,0,572772
araCp,0.25,3,3,AGTCTCGACTTCACGGGAAC,0,538701
araCp,0.25,3,3,AGTCTCCGGGTTCATGCTCT,0,589026
araCp,0.25,3,3,AGTCGTACGGCCGTGTGGGC,0,566574
araCp,0.25,3,3,AGTCCGGATACGCGCACACA,0,592112
araCp,0.25,3,3,AGTCCCTATCGACAGGTAGA,0,546860
araCp,0.25,3,3,AGTCCCATAAATCTTAAGTA,0,588755
araCp,0.25,3,3,AGTCAAATTCAATAGTAGTT,0,587565
araCp,0.25,3,3,AGTATACATGGACTGGGTTT,0,599584
araCp,0.25,3,3,AGTAGGGCGATGTTGTTTGA,0,555201
araCp,0.25,3,3,AGTAGCCCTAGCGCCATGGT,0,535573
araCp,0.25,3,3,AGTACCTTCGGCGTAGGAGT,0,555944
araCp,0.25,3,3,AGTAATTGGCCGATGCATCT,0,556742
araCp,0.25,3,3,AGTAAGATGGTAAACCCCAA,0,567999
araCp,0.25,3,3,AGTAACATGCTGCACTCGGA,0,602333
araCp,0.25,3,3,AGGTTGTCTGATCTACCGCA,0,559065
araCp,0.25,3,3,AGGTTGGCGCGGCTCCTCTC,0,530413
araCp,0.25,3,3,AGGTTCTAGCACTATGGACA,0,530186
araCp,0.25,3,3,AGGTTAGGCGTTCCGGGGGG,0,548810
araCp,0.25,3,3,AGGTGCGACGACTCTGACAC,0,557833
araCp,0.25,3,3,AGGTCGGTAAAATAGGTCAA,0,585850
araCp,0.25,3,3,AGGTCCGTTGGGGTTGGTGT,0,593412
araCp,0.25,3,3,AGGTCATATCTTCGGGTCCA,0,564127
araCp,0.25,3,3,AGGTCAGAACGAAAGTCTAG,0,562639
araCp,0.25,3,3,AGGTCAATGTAGGAGAACAT,0,548666
araCp,0.25,3,3,AGGTATGTTGGTCCATGGTC,0,579560
araCp,0.25,3,3,AGGTATAATCGTTGAAGGCT,0,569431
araCp,0.25,3,3,AGGTAGCTAGTCTGGCGGGT,0,583677
araCp,0.25,3,3,AGGTAGCACAGACTTCTCCA,0,576530
araCp,0.25,3,3,AGGGTTATTCTAAAAGTTGA,0,590444
araCp,0.25,3,3,AGGGTGTACATTGGATATGA,0,530827
araCp,0.25,3,3,AGGGCCTAGTCGCCCTCGAC,0,568573
araCp,0.25,3,3,AGGGCCAGGGTCGAATCTGG,0,562115
araCp,0.25,3,3,AGGGATTCTCAGGGGTCCTC,0,585943
araCp,0.25,3,3,AGGGATCATACTATATATGT,0,601075
araCp,0.25,3,3,AGGGAGCTCCAATCCCAGTT,0,588983
araCp,0.25,3,3,AGGGACATCTGATGTATCCA,0,601750
araCp,0.25,3,3,AGGCTGCCTTTAAAGCTGAT,0,581645
araCp,0.25,3,3,AGGCTCTGAAATCGTGCCAA,0,565402
araCp,0.25,3,3,AGGCTCACTTCCCTGCTACT,0,571185
araCp,0.25,3,3,AGGCGTGAATTAACGTTAAT,0,527340
araCp,0.25,3,3,AGGCGTAAGTGTTCAACGTT,0,562958
araCp,0.25,3,3,AGGCGGCCTAGAGGGGTAAC,0,601631
araCp,0.25,3,3,AGGCGGAAGACCTCCGGTAC,0,560713
araCp,0.25,3,3,AGGCCGCTAAATCGGCCGGT,0,563159
araCp,0.25,3,3,AGGCCCCTCTGGGTCCCTGC,0,572374
araCp,0.25,3,3,AGGCCAAGATGTACACCACG,0,530883
araCp,0.25,3,3,AGGCACTTAATTTTATACTA,0,546907
araCp,0.25,3,3,AGGATTTGCCCTATACCGAA,0,584182
araCp,0.25,3,3,AGGATTATACGACTGATGTG,0,595099
araCp,0.25,3,3,AGGATGGGGCTGGTTCCTCT,0,603528
araCp,0.25,3,3,AGGATCGATTCCTTTGGGCA,0,572984
araCp,0.25,3,3,AGGAGTCCTGAGGTTAGCAT,0,551878
araCp,0.25,3,3,AGGACTCAGGATACGGTTTA,0,556415
araCp,0.25,3,3,AGGACGTATCCGAGAGGCCA,0,585251
araCp,0.25,3,3,AGGACCGGCATTATGGGCGT,0,574594
araCp,0.25,3,3,AGGACCAGGCAGAGTGAACT,0,564660
araCp,0.25,3,3,AGGAATGGCCGCTCGTCCTA,0,602243
araCp,0.25,3,3,AGCTTCTCAAAGGCCCGGTA,0,551085
araCp,0.25,3,3,AGCTCTAGCGTGTACAGGGA,0,580044
araCp,0.25,3,3,AGCTAGTTGCTTCGTTTCGA,0,562508
araCp,0.25,3,3,AGCTAGCACCGACAGCAGGG,0,563841
araCp,0.25,3,3,AGCTAGACGGTAGGATGTGG,0,579058
araCp,0.25,3,3,AGCGTTGAGAAACCATGTGA,0,576218
araCp,0.25,3,3,AGCGTTCGGGAAGGATGGTA,0,570248
araCp,0.25,3,3,AGCGTGTCTCCTTACATCAT,0,526396
araCp,0.25,3,3,AGCGTGAAATAAAGGTCTAG,0,586603
araCp,0.25,3,3,AGCGTCACTCCTGGCCGGGG,0,578757
araCp,0.25,3,3,AGCGGGTAACCGCGAGGAAA,0,554844
araCp,0.25,3,3,AGCGGGGTGGTACGTAGGAC,0,556860
araCp,0.25,3,3,AGCGGGAAAGGAGCCTTTCA,0,576322
araCp,0.25,3,3,AGCGGCGGCTGCTCTTGTAT,0,570894
araCp,0.25,3,3,AGCGCGGGTACGGTTAGCAA,0,586984
araCp,0.25,3,3,AGCGATTGAGTCAAGGGAAA,0,586254
araCp,0.25,3,3,AGCGATTAACTACTATTATC,0,600829
araCp,0.25,3,3,AGCGAGTAAAAGTGTATGTT,0,590049
araCp,0.25,3,3,AGCGAACACCACATCAGTGA,0,589468
araCp,0.25,3,3,AGCGAAACCTCCGAAGGACA,0,550596
araCp,0.25,3,3,AGCCTTGCAGCGTTTCGCGT,0,542217
araCp,0.25,3,3,AGCCTTCACGCAGCAGGTGC,0,531217
araCp,0.25,3,3,AGCCTCCAGTCGGCCAAGGT,0,536208
araCp,0.25,3,3,AGCCGTTCTGGACCGAATTC,0,577365
araCp,0.25,3,3,AGCCGGCTTAAGCTCACGGG,0,559597
araCp,0.25,3,3,AGCCCTGTTGGCGCGCATGC,0,603459
araCp,0.25,3,3,AGCCACACACTTAGGTGGTC,0,550306
araCp,0.25,3,3,AGCATATGAACGCGCACCTG,0,546131
araCp,0.25,3,3,AGCAGCGTGTGATACTGAAC,0,594295
araCp,0.25,3,3,AGCACGACCGTAGAATACAT,0,564728
araCp,0.25,3,3,AGCAAAACGGGATATCTATG,0,587554
araCp,0.25,3,3,AGATGGCTACTAGACCTTAA,0,581523
araCp,0.25,3,3,AGATGGAGATGGCCCTGGAC,0,538570
araCp,0.25,3,3,AGATCTATTAGATGTGGTTT,0,588821
araCp,0.25,3,3,AGATCCGCAATGGCACATGC,0,571900
araCp,0.25,3,3,AGATCCAAGCGGTGCCCCCA,0,583935
araCp,0.25,3,3,AGATAGGGATTGCGATTATG,0,528243
araCp,0.25,3,3,AGATACTTCTTCGTGCTTCA,0,567700
araCp,0.25,3,3,AGAGTGTTTCTATAAGGGCT,0,557660
araCp,0.25,3,3,AGAGTGCAAAGATGACTGGG,0,534155
araCp,0.25,3,3,AGAGGGTCGCAGTACCTCAC,0,547230
araCp,0.25,3,3,AGAGGCTATGACGGGTGTGA,0,549620
araCp,0.25,3,3,AGAGGAGTTAAGGTGCTGCC,0,542740
araCp,0.25,3,3,AGAGGAGAAGGTGGGGCCAC,0,569837
araCp,0.25,3,3,AGAGCCCACAAGGTAAAAGG,0,557472
araCp,0.25,3,3,AGAGACGGAGGGATTCTATG,0,590790
araCp,0.25,3,3,AGACTTTGAGGAGCTTAAGT,0,534196
araCp,0.25,3,3,AGACTTCTAACTTTCGGTAA,0,595066
araCp,0.25,3,3,AGACTTCGAGACCTACGACA,0,572224
araCp,0.25,3,3,AGACTCCACGCCTCTAGATA,0,555771
araCp,0.25,3,3,AGACTAAGGGTACAGCCACA,0,597029
araCp,0.25,3,3,AGACGCGGCCAGGGCGCCGT,0,545583
araCp,0.25,3,3,AGACCGTCCCGCTGAACTTC,0,590247
araCp,0.25,3,3,AGACCCTCCTGGCTTTTGTC,0,554247
araCp,0.25,3,3,AGACCCTCCTCCAGGCATGA,0,584744
araCp,0.25,3,3,AGACCAATGTGAATGAAACC,0,557681
araCp,0.25,3,3,AGACACACGTTGTAGACGCT,0,599848
araCp,0.25,3,3,AGAATAGTATTATTGGCACT,0,542718
araCp,0.25,3,3,AGAATACTTAGTACGAGGCA,0,600325
araCp,0.25,3,3,AGAAGGCTTATCCTCGGTAT,0,527294
araCp,0.25,3,3,AGAAGCCCAAGTGCTTGGGT,0,566123
araCp,0.25,3,3,AGAACGAATTGTGTAGGGAA,0,600381
araCp,0.25,3,3,AGAACCTTTCCAGCCGGGGG,0,548921
araCp,0.25,3,3,AGAAATATCACGTAGCAAAA,0,587460
araCp,0.25,3,3,AGAAAGTATCCACTGAGTGG,0,556480
araCp,0.25,3,3,AGAAACCTGTCACGTCTTTT,0,559201
araCp,0.25,3,3,ACTTTTCTGTTAGGGGGCAA,0,551165
araCp,0.25,3,3,ACTTTGGGGGTTAAAGTGTA,0,574414
araCp,0.25,3,3,ACTTTCGGGTAGCGTGACTT,0,575661
araCp,0.25,3,3,ACTTTCACATAAAATTGGTG,0,585113
araCp,0.25,3,3,ACTTGTACGGGGCTATATGG,0,588370
araCp,0.25,3,3,ACTTGCCTTAGTTGGGCATT,0,527520
araCp,0.25,3,3,ACTTGCACGGGAGTGAGTGC,0,579191
araCp,0.25,3,3,ACTTGAAATTCGGTGCATGC,0,558902
araCp,0.25,3,3,ACTTCGGGTGGTCCTATAAT,0,554835
araCp,0.25,3,3,ACTTATGCTCGACGGAACAT,0,595067
araCp,0.25,3,3,ACTTATAGATCTGGGATCAG,0,526843
araCp,0.25,3,3,ACTTAGGGGGTAATGGAATG,0,591449
araCp,0.25,3,3,ACTTAATAGCACCCGCATAT,0,591367
araCp,0.25,3,3,ACTGGAGAGACGGAGGGAGA,0,581239
araCp,0.25,3,3,ACTGGACACGACCGGCCACC,0,561793
araCp,0.25,3,3,ACTGCTGCTGACTACGCCCC,0,548741
araCp,0.25,3,3,ACTGCCCTCGGGTCGGGGGT,0,546204
araCp,0.25,3,3,ACTGATGGCTTCCAGATTTC,0,540066
araCp,0.25,3,3,ACTGATGCACTTTCGGAATG,0,547987
araCp,0.25,3,3,ACTGACTACGCATCACTTCT,0,529780
araCp,0.25,3,3,ACTCTTTTTTGGATCAAGAG,0,546493
araCp,0.25,3,3,ACTCTTCTTATGCTTAGACT,0,573126
araCp,0.25,3,3,ACTCTGGGATTCGCCGAAAC,0,580803
araCp,0.25,3,3,ACTCTCCGTCGTAAACAATT,0,587582
araCp,0.25,3,3,ACTCGTCAAAAAAGTGATTC,0,569305
araCp,0.25,3,3,ACTCGATACTATTGTTGTCT,0,591458
araCp,0.25,3,3,ACTCGAGAACAGTGAATACT,0,551076
araCp,0.25,3,3,ACTCAGTCCAGGAGTTTCCT,0,599094
araCp,0.25,3,3,ACTCACTTCCCAGTACTACA,0,598262
araCp,0.25,3,3,ACTATTGGGTCCACATTTGA,0,589744
araCp,0.25,3,3,ACTATGCTACCTGGAAACTG,0,562237
araCp,0.25,3,3,ACTAGCTCCAGTCCCACTCA,0,551056
araCp,0.25,3,3,ACTAGAAGTATCCCGGGATG,0,591782
araCp,0.25,3,3,ACTACTCCGGGACAGGGTTT,0,567959
araCp,0.25,3,3,ACTACCGATTATCCGTATCC,0,536283
araCp,0.25,3,3,ACTACCATGACCAGAGCGTT,0,555579
araCp,0.25,3,3,ACTACAGTAAAGCGTCTCGT,0,595313
araCp,0.25,3,3,ACGTTTACGTTCGTGCTCAA,0,559096
araCp,0.25,3,3,ACGTTCTTTAGGAGCCCACT,0,558489
araCp,0.25,3,3,ACGTTCCGCATGCGACGAGG,0,531929
araCp,0.25,3,3,ACGTGCATCGGCTTCGCACA,0,531006
araCp,0.25,3,3,ACGTCCGTTTTGGTGTAGTC,0,549534
araCp,0.25,3,3,ACGTCCCCGATTCTGGCAAC,0,595601
araCp,0.25,3,3,ACGTAAGAGACATTAATAGA,0,572059
araCp,0.25,3,3,ACGGTCCTGGAAAGGTCCGT,0,542003
araCp,0.25,3,3,ACGGTCATACCCTGCGCACT,0,574628
araCp,0.25,3,3,ACGGTAAGATTATGGTACCT,0,562192
araCp,0.25,3,3,ACGGGTTTCGTCGTTACCAA,0,572811
araCp,0.25,3,3,ACGGGTGTTGTTTTAGAAGA,0,549462
araCp,0.25,3,3,ACGGGGGTCCAGCGCTTTAC,0,536948
araCp,0.25,3,3,ACGGCCAACATATTTCACTC,0,557765
araCp,0.25,3,3,ACGGAATGGTAGCAGTTTAT,0,580104
araCp,0.25,3,3,ACGGAAGTATTCCTGTCGTG,0,537490
araCp,0.25,3,3,ACGCTCGTACGGTGAGCTTG,0,537636
araCp,0.25,3,3,ACGCGTGTAGAATCCTCGCG,0,599232
araCp,0.25,3,3,ACGCGAGGAGAACTCCAACT,0,585107
araCp,0.25,3,3,ACGCGAGAGAGCGAGGAACG,0,556159
araCp,0.25,3,3,ACGCCTATGAAAGTTCCTTA,0,538553
araCp,0.25,3,3,ACGCCGAAGTTTGTAACTAG,0,574896
araCp,0.25,3,3,ACGCCAAACCCTGAGGTCAT,0,528302
araCp,0.25,3,3,ACGATTTCAACACTATAGAC,0,527394
araCp,0.25,3,3,ACGATAGACATTGGTTTGAG,0,582844
araCp,0.25,3,3,ACGAGTTATGAAGTCCTATT,0,558421
araCp,0.25,3,3,ACGACGTCCGCCAGGGTTGC,0,538392
araCp,0.25,3,3,ACGACGGTGCGCAATACTCG,0,565684
araCp,0.25,3,3,ACGACACGATTGATCTTAGA,0,552632
araCp,0.25,3,3,ACGACACATTCGTTGCGGCG,0,590959
araCp,0.25,3,3,ACGAAGGGGAATAGAGTCCA,0,602670
araCp,0.25,3,3,ACGAAGATATTAGAGATGTT,0,530651
araCp,0.25,3,3,ACGAACGCTCACTGGTCCTA,0,558632
araCp,0.25,3,3,ACGAAAAGAGAACGGAAATC,0,583626
araCp,0.25,3,3,ACCTTTGTCTGCGTTCCTCT,0,565246
araCp,0.25,3,3,ACCTTATTTGCGATTTGAGA,0,574795
araCp,0.25,3,3,ACCTTAGAGGCAGTCCGGAT,0,527510
araCp,0.25,3,3,ACCTGCATAATCTGGGCTAT,0,574240
araCp,0.25,3,3,ACCTCCATCTGTCCGGCTCC,0,588199
araCp,0.25,3,3,ACCTCCAATAATTGTTAAGA,0,602232
araCp,0.25,3,3,ACCTCAGCCCTGTCTGACTG,0,538039
araCp,0.25,3,3,ACCTAAAGCGATAAGCAGTA,0,555776
araCp,0.25,3,3,ACCGTTGTTAGCGAGTGACT,0,575021
araCp,0.25,3,3,ACCGTTGCGGACATTTTACC,0,557834
araCp,0.25,3,3,ACCGGTAACTTGCCGATTCA,0,602594
araCp,0.25,3,3,ACCGGTAACATCGAAGGTAG,0,561122
araCp,0.25,3,3,ACCGGGGTGAATTATTTGGA,0,565140
araCp,0.25,3,3,ACCGGGCGGAACAACTTGTG,0,555009
araCp,0.25,3,3,ACCGGCTATTGCGCGATGGT,0,545461
araCp,0.25,3,3,ACCGGACGTCGCACCTTGGT,0,558427
araCp,0.25,3,3,ACCGCTGGAACAGTCGATCC,0,584330
araCp,0.25,3,3,ACCGCGGGTGTGTCCTGCAA,0,573031
araCp,0.25,3,3,ACCGCGAACGAATCTGTTTC,0,553064
araCp,0.25,3,3,ACCGCCCAGGAATGAGAACT,0,596870
araCp,0.25,3,3,ACCGCCACGGCGAGTTGGGG,0,530159
araCp,0.25,3,3,ACCGACCCAGCTTAAAGCAT,0,559762
araCp,0.25,3,3,ACCCTTTAGCATGTTGGAGT,0,531221
araCp,0.25,3,3,ACCCTGATGGGCTAGCAACG,0,536282
araCp,0.25,3,3,ACCCGGTGCTCACAACCGCA,0,599755
araCp,0.25,3,3,ACCCGGTCAAAAAATCAACG,0,590309
araCp,0.25,3,3,ACCCGGTATTGTTGAATTTC,0,583748
araCp,0.25,3,3,ACCCCGGAGAGCTCTTGGCA,0,557837
araCp,0.25,3,3,ACCCCGAAGCAAAATGGCTA,0,553294
araCp,0.25,3,3,ACCCAGTCTGGTCATACTGG,0,566492
araCp,0.25,3,3,ACCCACAGCCCCTGCCCAAT,0,572113
araCp,0.25,3,3,ACCCACAACTGACGGGTATG,0,535112
araCp,0.25,3,3,ACCAGTGATGGGAGGAAGGG,0,603251
araCp,0.25,3,3,ACCAGCTCCGGGAGGTGTAA,0,552327
araCp,0.25,3,3,ACCAGAGTTACGAGGCAGGC,0,560445
araCp,0.25,3,3,ACCACTGGGGAATCGAGAGG,0,601515
araCp,0.25,3,3,ACCACAGCAGAGCACATGTG,0,558010
araCp,0.25,3,3,ACCAAGTTAGATTTCTAGCT,0,542639
araCp,0.25,3,3,ACCAACGTTGTAGTTATGTA,0,568308
araCp,0.25,3,3,ACATTTTGGACGTATGCAAA,0,590758
araCp,0.25,3,3,ACATTTGCCTAGTGCTTTAC,0,571101
araCp,0.25,3,3,ACATTGTCCAATAACACCCA,0,531792
araCp,0.25,3,3,ACATTCTGGGGTTGTACACG,0,582610
araCp,0.25,3,3,ACATTATGTTCGGACGGGTG,0,583345
araCp,0.25,3,3,ACATTAGAATAGACGATGCG,0,573724
araCp,0.25,3,3,ACATGCACCCACCAGCCAAT,0,526371
araCp,0.25,3,3,ACATCTCTCAAATAAACAGT,0,532536
araCp,0.25,3,3,ACATATTAAATTATAGCTTT,0,559421
araCp,0.25,3,3,ACAGTTTTGGATCCGACGCA,0,579003
araCp,0.25,3,3,ACAGTTATCAAAGCCTACCA,0,555622
araCp,0.25,3,3,ACAGTGTCACAGTCTGAAGA,0,538547
araCp,0.25,3,3,ACAGGTTCGAGGGGGAACGA,0,542001
araCp,0.25,3,3,ACAGGTACTTGCTTCAGGAG,0,575640
araCp,0.25,3,3,ACAGGTACGTGCCGATATTA,0,594065
araCp,0.25,3,3,ACAGGGTTGCGCCGCTCTAC,0,599217
araCp,0.25,3,3,ACAGGGCCCTGCCCCTTATG,0,545377
araCp,0.25,3,3,ACAGGGATACTTTCATTTTG,0,546842
araCp,0.25,3,3,ACAGCTGCGTAATGTCTATC,0,537815
araCp,0.25,3,3,ACAGACGCCATAGGGATGCG,0,528167
araCp,0.25,3,3,ACACTTGCTCGCCTCGACAG,0,543148
araCp,0.25,3,3,ACACGGTCCCATCGATATGG,0,547183
araCp,0.25,3,3,ACACCGTACGTATGCGACAA,0,548822
araCp,0.25,3,3,ACACCCGTGTGGAAAACTGT,0,603282
araCp,0.25,3,3,ACACCATGGGGCCAGTGCTC,0,577352
araCp,0.25,3,3,ACACAGGGAGATCCAAGCGC,0,528665
araCp,0.25,3,3,ACACACTGGCGCTGAGATTT,0,556208
araCp,0.25,3,3,ACAATGTTAAAGGACAATGT,0,586174
araCp,0.25,3,3,ACAAGTCACGGCATTATGGG,0,529970
araCp,0.25,3,3,ACAAGATACAAGTTCAGTCA,0,553816
araCp,0.25,3,3,ACAAGACGTATCATCCCCGT,0,594187
araCp,0.25,3,3,ACAACGTGGTTAATCGGTGG,0,536603
araCp,0.25,3,3,ACAACAACGGTTGGGGCGAG,0,576942
araCp,0.25,3,3,ACAAAGGGGTACAGATACGT,0,576318
araCp,0.25,3,3,ACAAACCCCTGTTTTCGAAT,0,529159
araCp,0.25,3,3,AATTTTTTGGCCATGACTGG,0,534074
araCp,0.25,3,3,AATTGACGAATGTCGGCTGA,0,591687
araCp,0.25,3,3,AATTCAACTAGGATTTACAA,0,552812
araCp,0.25,3,3,AATTATGCCCCTTGGTAGGC,0,591475
araCp,0.25,3,3,AATGTTTGGACGCGCTGGGT,0,532291
araCp,0.25,3,3,AATGTTTAATGCTAATTCTG,0,561994
araCp,0.25,3,3,AATGTGTCGAGGCATTTACG,0,573727
araCp,0.25,3,3,AATGTCTTCTTTCAAGACCA,0,526006
araCp,0.25,3,3,AATGTAGCTTTCTGGGCGAC,0,541934
araCp,0.25,3,3,AATGCGGGGTCGCGTGTTAA,0,591514
araCp,0.25,3,3,AATGAGGCCATGTGTAACAG,0,528863
araCp,0.25,3,3,AATGACTAAGCCTCTCCTCG,0,603729
araCp,0.25,3,3,AATGACGTACAGCTTAGACT,0,560167
araCp,0.25,3,3,AATCTCATGTTCCCACTGCT,0,554903
araCp,0.25,3,3,AATCGTGCTGGAGACCCTTA,0,538654
araCp,0.25,3,3,AATCGCCTGGGCCATAGCGG,0,557501
araCp,0.25,3,3,AATCGACAAACATGCGTGTT,0,557898
araCp,0.25,3,3,AATCCCGAGGCAGCTGTCCA,0,551284
araCp,0.25,3,3,AATCACCCCGTGGGATCTGA,0,537964
araCp,0.25,3,3,AATCACAACGGGACTACAAT,0,550641
araCp,0.25,3,3,AATATTCAGATAAATGGAGG,0,590153
araCp,0.25,3,3,AATATGGGATTCAGTACCTT,0,563567
araCp,0.25,3,3,AATATGAAACACCGTGTACG,0,556904
araCp,0.25,3,3,AATAGACACCATATAGAACA,0,559672
araCp,0.25,3,3,AATACGAGGGCATGACATTG,0,588235
araCp,0.25,3,3,AATACCTGTGCTTCGCATGG,0,590366
araCp,0.25,3,3,AATAAAGCTTGGCAGTAACG,0,533299
araCp,0.25,3,3,AAGTTTGGAACTCATACCGG,0,552012
araCp,0.25,3,3,AAGTTGCCTGTGTGGAAATC,0,531203
araCp,0.25,3,3,AAGTGGATGTGTCCTTGTTT,0,575124
araCp,0.25,3,3,AAGTCGGGACCGATGCAACA,0,601178
araCp,0.25,3,3,AAGTCAGGGCGACTTATCAG,0,566887
araCp,0.25,3,3,AAGTCACTGTTCGCAGTCAG,0,538644
araCp,0.25,3,3,AAGTAGAGTCCCTCCCCAAA,0,543485
araCp,0.25,3,3,AAGTAGACAGCCAGGAGACT,0,562710
araCp,0.25,3,3,AAGGTCGATTTACCCGGTAA,0,576668
araCp,0.25,3,3,AAGGTCCCTAGTTCAGTACT,0,600991
araCp,0.25,3,3,AAGGTCATGTTGGCATAGAA,0,567021
araCp,0.25,3,3,AAGGTCATCTGTCTACTTTA,0,585610
araCp,0.25,3,3,AAGGGTTTTGTTGATCTCAG,0,570711
araCp,0.25,3,3,AAGGGTATTTGAGAATCAAC,0,548873
araCp,0.25,3,3,AAGGGGTCAAGCAGGACAGT,0,556126
araCp,0.25,3,3,AAGGGCATCCCTTCGGTGTA,0,565929
araCp,0.25,3,3,AAGGCACGCATACGACCGGG,0,574046
araCp,0.25,3,3,AAGGCACGATTCCACTTTAA,0,539345
araCp,0.25,3,3,AAGGCACGATGAGCGGGTGT,0,549322
araCp,0.25,3,3,AAGGATTCTAAATTAACCCT,0,560846
araCp,0.25,3,3,AAGGATTACTGCCAATCGAC,0,564892
araCp,0.25,3,3,AAGGAGTCACCATCAACCTT,0,601695
araCp,0.25,3,3,AAGGAGGGTGCCTATATTCA,0,553880
araCp,0.25,3,3,AAGGAGAAGGTGGCTAAGTA,0,601621
araCp,0.25,3,3,AAGCTTGATATGTGCCGCGT,0,548267
araCp,0.25,3,3,AAGCTGCCGACGTTCGCGTG,0,580273
araCp,0.25,3,3,AAGCTCCAAGGGACAGTCGC,0,570263
araCp,0.25,3,3,AAGCGTTTGCAATTGAATAT,0,576407
araCp,0.25,3,3,AAGCGGTATCTACCCATGAA,0,538258
araCp,0.25,3,3,AAGCGCTGCGTATTGCCCTC,0,599461
araCp,0.25,3,3,AAGCGATATAACTGGCCTTG,0,528222
araCp,0.25,3,3,AAGCAGAAGAGCGAGTCGCT,0,588024
araCp,0.25,3,3,AAGATCCGGGGCTACGTATA,0,533473
araCp,0.25,3,3,AAGATCCCCTTTTCGAAGAA,0,550930
araCp,0.25,3,3,AAGAGTGCCTGTGCGACTCT,0,592716
araCp,0.25,3,3,AAGAGTGACAGTTAGGGTAC,0,558983
araCp,0.25,3,3,AAGACGTGGACAGTAGTGAC,0,599157
araCp,0.25,3,3,AAGACGGGTTAATGCAATAT,0,549016
araCp,0.25,3,3,AAGACCGGCGCCGTTCTGTG,0,574071
araCp,0.25,3,3,AAGAATCGCAAACTAACGTA,0,553134
araCp,0.25,3,3,AAGAAGCGCCTTATATTAGT,0,601532
araCp,0.25,3,3,AACTTGGGCTACAACCTCGG,0,581708
araCp,0.25,3,3,AACTTGATAAACTATAGCCT,0,534571
araCp,0.25,3,3,AACTTAAAGGCCAGCGAGAA,0,572343
araCp,0.25,3,3,AACTGTATTTATTGGTAATA,0,528586
araCp,0.25,3,3,AACTCTTAAATTGCGCGAAC,0,527101
araCp,0.25,3,3,AACTCGGACCTCCTATTAAT,0,533370
araCp,0.25,3,3,AACTCCGTCACCAGTGAGTC,0,573868
araCp,0.25,3,3,AACTCCGTAGCGTTCCATAA,0,576516
araCp,0.25,3,3,AACGTCGTCTAGCGATGGGT,0,563402
araCp,0.25,3,3,AACGTAGACTAATGTAAATT,0,541205
araCp,0.25,3,3,AACGTACGTTCCTCATCTCG,0,597718
araCp,0.25,3,3,AACGGTGCTGAGTGAATATG,0,568702
araCp,0.25,3,3,AACGGGTTGATGTACAAAGT,0,596802
araCp,0.25,3,3,AACGGGTCCAGAATACGCCA,0,559016
araCp,0.25,3,3,AACGGGGACCGGGTGAAACA,0,538014
araCp,0.25,3,3,AACGGCGTGCGTGACGTGCT,0,551185
araCp,0.25,3,3,AACGGAGGGGAGATTGACAG,0,544916
araCp,0.25,3,3,AACGCGACCGGGGGCTCGTT,0,586411
araCp,0.25,3,3,AACGCGAACGCAACAGTCAC,0,574183
araCp,0.25,3,3,AACGCCAACTGGCCCTTGGA,0,584907
araCp,0.25,3,3,AACGCATTAGTGTCAGTATT,0,573933
araCp,0.25,3,3,AACGCATACGGGCGGTGGGA,0,576220
araCp,0.25,3,3,AACGCAATGTTATAGCTAAA,0,572920
araCp,0.25,3,3,AACGATTCAATTCTGGTAGT,0,539090
araCp,0.25,3,3,AACGATGATCTGTCATGAAT,0,538203
araCp,0.25,3,3,AACGACGAATTAGAGGGATC,0,584511
araCp,0.25,3,3,AACGAATTTCTGGTCAGTGC,0,535317
araCp,0.25,3,3,AACCTCCTTTCAATGGCAAC,0,551496
araCp,0.25,3,3,AACCGTTCTCGCCACGGTAG,0,571789
araCp,0.25,3,3,AACCGTGAGAGAAGTCTTTT,0,601322
araCp,0.25,3,3,AACCCTTTGCAACCGTGTTT,0,534758
araCp,0.25,3,3,AACCCTGTGCCTAGACTTTT,0,549300
araCp,0.25,3,3,AACCCGTACGAGGCGTTATT,0,590129
araCp,0.25,3,3,AACCCCCTGTTTTCACCGCG,0,547802
araCp,0.25,3,3,AACCCCAAGAGGCTCGGGTC,0,600877
araCp,0.25,3,3,AACCAACGGACATCTGGTAA,0,573083
araCp,0.25,3,3,AACACGAGAGGTATAGTCCT,0,532883
araCp,0.25,3,3,AACACCATTCACCCTGATAT,0,544322
araCp,0.25,3,3,AACAAAATCGTTTGAGATTG,0,599109
araCp,0.25,3,3,AAATTTGAAGCGTATTAAGC,0,591809
araCp,0.25,3,3,AAATTGCTCGGGGAATGTTC,0,551661
araCp,0.25,3,3,AAATTGCCATTTAGATTCGA,0,573390
araCp,0.25,3,3,AAATTCAATCAACCTTCTTC,0,552087
araCp,0.25,3,3,AAATCTCAAGAAGGCTTAGT,0,585350
araCp,0.25,3,3,AAATCAGGTACATTTTACTT,0,532808
araCp,0.25,3,3,AAATATACATCGAACCACGC,0,527161
araCp,0.25,3,3,AAATAGTGTCCACCCAAGAA,0,551401
araCp,0.25,3,3,AAATAGGCTGGTACCATGGT,0,590576
araCp,0.25,3,3,AAAGTCGTAATGGACGGTAA,0,541262
araCp,0.25,3,3,AAAGTAGCCAGGCTCGGGAG,0,531816
araCp,0.25,3,3,AAAGGTCAGGAACGATTGTC,0,561737
araCp,0.25,3,3,AAAGGCCTTATCTTGATCAA,0,585995
araCp,0.25,3,3,AAAGAGATTCGGTCATAAGA,0,535028
araCp,0.25,3,3,AAACTTGCCAAACTGTGCCT,0,542193
araCp,0.25,3,3,AAACTTCGCTCCGTCCAATA,0,547417
araCp,0.25,3,3,AAACCGTTTTACATTCATCT,0,552999
araCp,0.25,3,3,AAACCGAATCCTAGCCGCGG,0,596074
araCp,0.25,3,3,AAAATTTGTTTTTCACTGCA,0,592179
araCp,0.25,3,3,AAAAGGAATGGGCCGTATTA,0,557892
araCp,0.25,3,3,AAAAGCATAGGAGAGGTAGA,0,601163
araCp,0.25,3,3,AAAAGAAAGTCACGGTAAAC,0,567439
araCp,0.25,3,3,AAAACTTCCGGATGGTTCCT,0,538799
araCp,0.25,3,3,AAAACTGTGCCCAGGCCACC,0,591243
araCp,0.25,3,3,AAAACTGATTACGGTAATCG,0,555532
araCp,0.25,3,3,AAAACAGGGACCATGGTTTT,0,590540
araCp,0.25,3,3,AAAACAATAGACAACAAAAT,0,597736
araCp,0.25,3,3,AAAACAAACCAGCTCAGAGC,0,597716
araCp,0.25,3,3,AAAAAGTGCTAACGGGCTTT,0,530320
araCp,0.25,3,3,AAAAACTGTAGGGGTCTCGA,0,549963
araCp,0.25,3,3,AAAAAATTCTCTACTACAAC,0,571562
araCp,0.3333333333333333,2,2,TTTTTGCACATGTCAAAGCT,0,549411
araCp,0.3333333333333333,2,2,TTTTGGTCGCGATGGTAAAT,0,600851
araCp,0.3333333333333333,2,2,TTTTGGCCTCACAACGGACA,0,566047
araCp,0.3333333333333333,2,2,TTTTGGAGAGAATGCCAAGA,0,529256
araCp,0.3333333333333333,2,2,TTTTGGAGAGAACCCTGCAG,0,533275
araCp,0.3333333333333333,2,2,TTTTGGAATAAGAAGTCGAA,0,566893
araCp,0.3333333333333333,2,2,TTTTGCTTGAATGCTGGGAC,0,546507
araCp,0.3333333333333333,2,2,TTTTGCTCTCCGTGTGTTCC,0,552172
araCp,0.3333333333333333,2,2,TTTTCCTTAGGCAACGCTGT,0,540079
araCp,0.3333333333333333,2,2,TTTTATCGGACTCCTCCGGA,0,566584
araCp,0.3333333333333333,2,2,TTTTATCAACTTCATAATGG,0,572543
araCp,0.3333333333333333,2,2,TTTTACCGGAGAACGTAAAC,0,574711
araCp,0.3333333333333333,2,2,TTTTACCGAGGTCAGTCATC,0,527792
araCp,0.3333333333333333,2,2,TTTGTGTAACACAGGTAGCA,0,579312
araCp,0.3333333333333333,2,2,TTTGTATCCCGCTAAGTAGA,0,562797
araCp,0.3333333333333333,2,2,TTTGGGATCTGTAAGGTTGC,0,527809
araCp,0.3333333333333333,2,2,TTTGGCCTCCCAGGAGCATG,0,579302
araCp,0.3333333333333333,2,2,TTTGCGGTACGCAGGCGACT,0,529606
araCp,0.3333333333333333,2,2,TTTGCCTTTTTGGGCTTTAC,0,574483
araCp,0.3333333333333333,2,2,TTTGCATTCGCCATATTGAG,0,544749
araCp,0.3333333333333333,2,2,TTTGATATCAGTCGTGGGAC,0,543705
araCp,0.3333333333333333,2,2,TTTGAACCGCCCATTATTCT,0,585766
araCp,0.3333333333333333,2,2,TTTCGTCATGCGAGCCACCG,0,566711
araCp,0.3333333333333333,2,2,TTTCGCTTGCCTCCCCTTAA,0,574123
araCp,0.3333333333333333,2,2,TTTCGACTCAGAATGGACCT,0,546203
araCp,0.3333333333333333,2,2,TTTCGAATCGTCTAGAGGAC,0,573242
araCp,0.3333333333333333,2,2,TTTCCTGGCCTATTAGCCCG,0,573293
araCp,0.3333333333333333,2,2,TTTCCAGGAATATGAGAGGC,0,593834
araCp,0.3333333333333333,2,2,TTTCATGTACCTTTAACCGG,0,562064
araCp,0.3333333333333333,2,2,TTTCATCCGGATGTTCCGGT,0,583374
araCp,0.3333333333333333,2,2,TTTCATACGCTTTGCAATCA,0,585672
araCp,0.3333333333333333,2,2,TTTCAGGCGCGTCCTCAACA,0,584204
araCp,0.3333333333333333,2,2,TTTCAGGCAGATGTCGCTTC,0,584894
araCp,0.3333333333333333,2,2,TTTCACCCGCTTCCGTTAGA,0,559198
araCp,0.3333333333333333,2,2,TTTCACAGAATCTTTCTATC,0,594969
araCp,0.3333333333333333,2,2,TTTAGGGAGGATTTAGAGGT,0,578765
araCp,0.3333333333333333,2,2,TTTAGGAAGGGATTACCGCG,0,529931
araCp,0.3333333333333333,2,2,TTTAGCACTGTGGTCGCACA,0,531554
araCp,0.3333333333333333,2,2,TTTAGAGACCGGGAGACATG,0,563787
araCp,0.3333333333333333,2,2,TTTACTTCGTACTTTGCTCA,0,531407
araCp,0.3333333333333333,2,2,TTTACGACGTCCGAGAGGCT,0,540414
araCp,0.3333333333333333,2,2,TTTACCTCTTGGCTTTTCAC,0,554301
araCp,0.3333333333333333,2,2,TTTACCGAGGTTATAGGGAA,0,555608
araCp,0.3333333333333333,2,2,TTTACAGTTCTGGTGCGGTG,0,579077
araCp,0.3333333333333333,2,2,TTTAATCAGGGTTGGAGTAC,0,596092
araCp,0.3333333333333333,2,2,TTTAATAGTCGTGAGGTGGT,0,560398
araCp,0.3333333333333333,2,2,TTTAAGGTATCTGCCCAAGA,0,528369
araCp,0.3333333333333333,2,2,TTTAACAGGTCGGTCTACCC,0,591181
araCp,0.3333333333333333,2,2,TTTAACAAGATTTTAGGATA,0,600138
araCp,0.3333333333333333,2,2,TTGTTGTCAGCATTGATGGC,0,572256
araCp,0.3333333333333333,2,2,TTGTTGCTAAACCTTCATAT,0,563942
araCp,0.3333333333333333,2,2,TTGTTGCGCCACATAGACAA,0,582123
araCp,0.3333333333333333,2,2,TTGTTGAGCTTGAACTGCGA,0,601890
araCp,0.3333333333333333,2,2,TTGTTAACAGCCGTTCCTCT,0,584232
araCp,0.3333333333333333,2,2,TTGTGTTCGTCGGTGGTTAC,0,540545
araCp,0.3333333333333333,2,2,TTGTGGCTCTATTGTTAACT,0,584480
araCp,0.3333333333333333,2,2,TTGTGCGTTCAGCGCGCCTC,0,597315
araCp,0.3333333333333333,2,2,TTGTGCGTGGTCGATGCAGC,0,543411
araCp,0.3333333333333333,2,2,TTGTGCACGCTCAAGGGCCA,0,559910
araCp,0.3333333333333333,2,2,TTGTGACAGATTCGGTGTGC,0,599483
araCp,0.3333333333333333,2,2,TTGTCGTTTGGCGGTTATAG,0,587810
araCp,0.3333333333333333,2,2,TTGTATCCCAGGGTTTATGT,0,545848
araCp,0.3333333333333333,2,2,TTGTATATTACCCGTGACCT,0,544564
araCp,0.3333333333333333,2,2,TTGTACATCCTGATCAGTTA,0,584092
araCp,0.3333333333333333,2,2,TTGTAAGGGGTACCTTTGGG,0,540668
araCp,0.3333333333333333,2,2,TTGGTCTAGAGCACAGGATA,0,601814
araCp,0.3333333333333333,2,2,TTGGTCCTAAGGTCTGAGCT,0,587703
araCp,0.3333333333333333,2,2,TTGGTATCTTTTTACGGTCA,0,583277
araCp,0.3333333333333333,2,2,TTGGGTGTTGAATCCTCTTG,0,527037
araCp,0.3333333333333333,2,2,TTGGGCTGGACGGGGTCGGA,0,580890
araCp,0.3333333333333333,2,2,TTGGCTCTCATATTCGTGGG,0,590198
araCp,0.3333333333333333,2,2,TTGGCTACGCTAAAATGCGT,0,594212
araCp,0.3333333333333333,2,2,TTGGCCTATAGCCTGAGTAC,0,590708
araCp,0.3333333333333333,2,2,TTGGCCGTCCGCAGCTTGAC,0,538390
araCp,0.3333333333333333,2,2,TTGGCATTGTTTATTTACAA,0,574690
araCp,0.3333333333333333,2,2,TTGGATGAAGTGCAGAAACG,0,587294
araCp,0.3333333333333333,2,2,TTGGATCGGTTCAACTATAC,0,573896
araCp,0.3333333333333333,2,2,TTGGACGTTTGCTAACTCTA,0,530165
araCp,0.3333333333333333,2,2,TTGGACGTAAAGGTGCGGCT,0,568977
araCp,0.3333333333333333,2,2,TTGGAACCCACCAGGTCAGA,0,531735
araCp,0.3333333333333333,2,2,TTGCTAGGAACGTAGTGAGT,0,572053
araCp,0.3333333333333333,2,2,TTGCTAATTTCATCACGAGT,0,538991
araCp,0.3333333333333333,2,2,TTGCGCGGCCTTGAAGCTAT,0,530180
araCp,0.3333333333333333,2,2,TTGCCTGTTAAGCCGGCGCT,0,551249
araCp,0.3333333333333333,2,2,TTGCCTGATAGTCTAAGCAT,0,585859
araCp,0.3333333333333333,2,2,TTGCCAGCCATCAAAAGTAT,0,602553
araCp,0.3333333333333333,2,2,TTGCCACGCACTGGAATGTC,0,596567
araCp,0.3333333333333333,2,2,TTGCCACGACATGTCATTTG,0,569766
araCp,0.3333333333333333,2,2,TTGCAGTCGGCTGTAAGTCA,0,543516
araCp,0.3333333333333333,2,2,TTGCACCACAAGATACTTGC,0,547363
araCp,0.3333333333333333,2,2,TTGCAAAGTAGTACTCGTTA,0,555774
araCp,0.3333333333333333,2,2,TTGATGGTGACGCCAGTCTC,0,545392
araCp,0.3333333333333333,2,2,TTGATCAGGCCAATGAAGGT,0,541613
araCp,0.3333333333333333,2,2,TTGAGGGTATCCGGGGCTAC,0,555947
araCp,0.3333333333333333,2,2,TTGAGACCGGGACGCTGTGT,0,571679
araCp,0.3333333333333333,2,2,TTGACTGGTAGGGACATCCT,0,579321
araCp,0.3333333333333333,2,2,TTGAATACTCTCCTGTGGAG,0,583459
araCp,0.3333333333333333,2,2,TTGAAATAAATTTAAGACCA,0,579520
araCp,0.3333333333333333,2,2,TTCTTTCCGAAGATCCGGTC,0,565840
araCp,0.3333333333333333,2,2,TTCTTGGTTTAAACGGGTTC,0,532937
araCp,0.3333333333333333,2,2,TTCTTGGCAGCTTCGATCAA,0,557579
araCp,0.3333333333333333,2,2,TTCTTGGATTCTCTGTATTG,0,530346
araCp,0.3333333333333333,2,2,TTCTTATTGTCGATACGTTT,0,542456
araCp,0.3333333333333333,2,2,TTCTTAGGAGACGATTGAGC,0,598336
araCp,0.3333333333333333,2,2,TTCTTAGAACGGCCGTATCT,0,590290
araCp,0.3333333333333333,2,2,TTCTGGTGGGGCCGTTTCTA,0,600769
araCp,0.3333333333333333,2,2,TTCTGCTATATGTGGCTAAG,0,585737
araCp,0.3333333333333333,2,2,TTCTCTATTACCGCTTCGAG,0,570763
araCp,0.3333333333333333,2,2,TTCTCAGTGCATGGATGGCA,0,585574
araCp,0.3333333333333333,2,2,TTCTACATGATGCATTAGCA,0,585314
araCp,0.3333333333333333,2,2,TTCGTTGGGAAAACGCATGC,0,591597
araCp,0.3333333333333333,2,2,TTCGTTCAGGATTCGTTGCA,0,581504
araCp,0.3333333333333333,2,2,TTCGTGTGCTGATCCTGCAG,0,550054
araCp,0.3333333333333333,2,2,TTCGTGACCCATACTTCCAT,0,562147
araCp,0.3333333333333333,2,2,TTCGTCTTTAATTACTTAAC,0,550944
araCp,0.3333333333333333,2,2,TTCGGCTCTACCTCCGAGAC,0,546857
araCp,0.3333333333333333,2,2,TTCGGCGGAGGGCCACAACT,0,539124
araCp,0.3333333333333333,2,2,TTCGGATCTCGGGTTCTGTA,0,549710
araCp,0.3333333333333333,2,2,TTCGCTCGTTCTCCTAACAA,0,573723
araCp,0.3333333333333333,2,2,TTCGCAAAGCGGGTCAATGT,0,579257
araCp,0.3333333333333333,2,2,TTCGATTTGAGGAGAAGTAT,0,544895
araCp,0.3333333333333333,2,2,TTCGATTCGTCCTGAAAGTC,0,571433
araCp,0.3333333333333333,2,2,TTCGACCCACGCTGCGCGTT,0,575132
araCp,0.3333333333333333,2,2,TTCGACACTACTGGCAGGGT,0,580930
araCp,0.3333333333333333,2,2,TTCGAAGTTTGCTCACCCAG,0,562068
araCp,0.3333333333333333,2,2,TTCGAAATTGATTAGGTTCA,0,599170
araCp,0.3333333333333333,2,2,TTCCTTATAAGCTGATTCCA,0,567170
araCp,0.3333333333333333,2,2,TTCCTACTAGGGGGCACAAA,0,602292
araCp,0.3333333333333333,2,2,TTCCGTCACACGATTCGGAC,0,540274
araCp,0.3333333333333333,2,2,TTCCGGGCTACGCCTCGAAA,0,552112
araCp,0.3333333333333333,2,2,TTCCGCTTACATCACTCCTC,0,553192
araCp,0.3333333333333333,2,2,TTCCGCACTTTGTTATAACT,0,593330
araCp,0.3333333333333333,2,2,TTCCAGGTAGCTGTAATCCC,0,556455
araCp,0.3333333333333333,2,2,TTCCACAAGCGTAAGGTCCG,0,581903
araCp,0.3333333333333333,2,2,TTCATGGCCGATTGCAAGTT,0,546341
araCp,0.3333333333333333,2,2,TTCATCTGTCACGGTTTGCA,0,591882
araCp,0.3333333333333333,2,2,TTCATACGGCTCTGAGCTCA,0,600998
araCp,0.3333333333333333,2,2,TTCAGTAATTGGGAAAATCT,0,582316
araCp,0.3333333333333333,2,2,TTCAGCTTCTTTCCATTTAC,0,579089
araCp,0.3333333333333333,2,2,TTCAGCGTCACAATGATATC,0,576856
araCp,0.3333333333333333,2,2,TTCACAGCCCCCGTTGGGCT,0,526285
araCp,0.3333333333333333,2,2,TTCACAGAAGCGCAGCCGTT,0,556736
araCp,0.3333333333333333,2,2,TTCAATTTGACCAAGGGGGT,0,557802
araCp,0.3333333333333333,2,2,TTCAAGCAATACACCTAGAA,0,586280
araCp,0.3333333333333333,2,2,TTCAACATACATTCGCTGAA,0,571106
araCp,0.3333333333333333,2,2,TTATTTGTGGCGTGTAAAGA,0,567993
araCp,0.3333333333333333,2,2,TTATTGACGCGCCAAATATC,0,569826
araCp,0.3333333333333333,2,2,TTATTCGGTCTAGTAAGGGG,0,536591
araCp,0.3333333333333333,2,2,TTATTCATCAAAAACTTGAT,0,587985
araCp,0.3333333333333333,2,2,TTATGGGATTCTCGCTTATT,0,572228
araCp,0.3333333333333333,2,2,TTATGGACTGATGTGTTGCT,0,539213
araCp,0.3333333333333333,2,2,TTATGCTGCGAAAGCCGGTC,0,540822
araCp,0.3333333333333333,2,2,TTATCTCGTTACCATATCTG,0,547009
araCp,0.3333333333333333,2,2,TTATCTAACCTGTATGTAAA,0,543114
araCp,0.3333333333333333,2,2,TTATCCACCACGTCCAGAAG,0,551512
araCp,0.3333333333333333,2,2,TTAGTCCAAAGCAGCTTTTA,0,596314
araCp,0.3333333333333333,2,2,TTAGTAACCCTCGTCAAAAT,0,595608
araCp,0.3333333333333333,2,2,TTAGGTTCAGGGCAGAGAGT,0,592762
araCp,0.3333333333333333,2,2,TTAGGGATTGCGGGGGCATC,0,547994
araCp,0.3333333333333333,2,2,TTAGGCGGTTCAGGTGGCCC,0,552267
araCp,0.3333333333333333,2,2,TTAGGCAAGCGTCTAGGGGC,0,588332
araCp,0.3333333333333333,2,2,TTAGCTATTGCCTCTTCGGG,0,561190
araCp,0.3333333333333333,2,2,TTAGCAAGCCTAGCCAGCGG,0,543730
araCp,0.3333333333333333,2,2,TTAGCAACGGTGCCAGGCGA,0,556282
araCp,0.3333333333333333,2,2,TTAGAGCGTGGAGGTATGAC,0,601629
araCp,0.3333333333333333,2,2,TTAGACATTCGACAGTAGAT,0,526518
araCp,0.3333333333333333,2,2,TTACTTGGCCCGTCTCGCGA,0,539162
araCp,0.3333333333333333,2,2,TTACTACGTGCGGACGGCGT,0,591710
araCp,0.3333333333333333,2,2,TTACCAGCCTGCGCAGCTCG,0,572391
araCp,0.3333333333333333,2,2,TTACACGGCCAACAACAGTC,0,548557
araCp,0.3333333333333333,2,2,TTAATAAGCCTTTCACAACC,0,572983
araCp,0.3333333333333333,2,2,TTAAGTTCGGTCGTAACCGG,0,600277
araCp,0.3333333333333333,2,2,TTAAGGAGATCTATTGTTCT,0,567066
araCp,0.3333333333333333,2,2,TTAAGAGTACACGACTAATA,0,571590
araCp,0.3333333333333333,2,2,TTAACTACAAGCGTCAGGGC,0,541589
araCp,0.3333333333333333,2,2,TTAACTAACAGTCCTCTCGT,0,540470
araCp,0.3333333333333333,2,2,TTAAATGGGCTGTTGCATTA,0,565274
araCp,0.3333333333333333,2,2,TTAAAGTCGTCATCCCCAAT,0,568095
araCp,0.3333333333333333,2,2,TTAAAAACTTCTGCTTTGCA,0,541286
araCp,0.3333333333333333,2,2,TGTTTTTCGTCCCCTGGCAA,0,549473
araCp,0.3333333333333333,2,2,TGTTTGCCCACGTTGTCCAA,0,552877
araCp,0.3333333333333333,2,2,TGTTTAGGGTGTGGGGTACT,0,560918
araCp,0.3333333333333333,2,2,TGTTCTCTACCGGTGACTCG,0,585410
araCp,0.3333333333333333,2,2,TGTTCTACGGCGAGCTATTC,0,567813
araCp,0.3333333333333333,2,2,TGTTCACCGTGCGCGCAGTG,0,577362
araCp,0.3333333333333333,2,2,TGTTCAAGATTTGTACCGTG,0,599617
araCp,0.3333333333333333,2,2,TGTTCAACTAACAAGTCGAA,0,532367
araCp,0.3333333333333333,2,2,TGTTAGTAGCAGGTTGAAAA,0,564562
araCp,0.3333333333333333,2,2,TGTTAGGGAACTGCAACTCA,0,581415
araCp,0.3333333333333333,2,2,TGTTAGGCGCGCCATTAGAA,0,584176
araCp,0.3333333333333333,2,2,TGTTAGGAGCATGATCGCAA,0,558885
araCp,0.3333333333333333,2,2,TGTTAGCGCGGGGGAGCCCC,0,535276
araCp,0.3333333333333333,2,2,TGTTAGAGCCAGTACTTTAG,0,538754
araCp,0.3333333333333333,2,2,TGTGTTGCGGGTGGCGTTTC,0,577661
araCp,0.3333333333333333,2,2,TGTGTTCGGGGGTTGTCACT,0,526542
araCp,0.3333333333333333,2,2,TGTGTGCAGTGCGTCGCAAG,0,575699
araCp,0.3333333333333333,2,2,TGTGTGCAGCCAGTACGGGT,0,528732
araCp,0.3333333333333333,2,2,TGTGTCACTATCGGTTGCCA,0,602098
araCp,0.3333333333333333,2,2,TGTGTACTGAGTCACGCGAG,0,542033
araCp,0.3333333333333333,2,2,TGTGGTTAGTCTAAACCCCG,0,536675
araCp,0.3333333333333333,2,2,TGTGGTCCTTACGAAACTAC,0,576053
araCp,0.3333333333333333,2,2,TGTGGTACGCGAAGTATGAT,0,534925
araCp,0.3333333333333333,2,2,TGTGGCGTCAGGATCGTAAA,0,599225
araCp,0.3333333333333333,2,2,TGTGGCGAAGCATTAATGGC,0,533695
araCp,0.3333333333333333,2,2,TGTGCTCTACAATCTCAATC,0,538813
araCp,0.3333333333333333,2,2,TGTGCGATTTCCTACCCGAC,0,599690
araCp,0.3333333333333333,2,2,TGTGCGAAACGAGACCAAAG,0,562248
araCp,0.3333333333333333,2,2,TGTGCATAGACAGGTTTGAT,0,575638
araCp,0.3333333333333333,2,2,TGTGAGTTAAGCTCCCACAA,0,549480
araCp,0.3333333333333333,2,2,TGTGAAATTATAGCGGTTAC,0,586460
araCp,0.3333333333333333,2,2,TGTGAAAGAGTCGTGCCAGG,0,590771
araCp,0.3333333333333333,2,2,TGTCTGCGGGTTTACATTGA,0,591645
araCp,0.3333333333333333,2,2,TGTCTGACATAGTACGATAT,0,588559
araCp,0.3333333333333333,2,2,TGTCTATGATCTACATGTGA,0,547626
araCp,0.3333333333333333,2,2,TGTCTACGGACTACCAGCGA,0,586732
araCp,0.3333333333333333,2,2,TGTCTAAGAAGTACGGATTC,0,577941
araCp,0.3333333333333333,2,2,TGTCTAACTTGTTGTAGTAC,0,592158
araCp,0.3333333333333333,2,2,TGTCGGGCGCACCGGACAGG,0,576055
araCp,0.3333333333333333,2,2,TGTCGGCCTTACTCTCGGGG,0,550619
araCp,0.3333333333333333,2,2,TGTCCTTTAAACGAAAATAG,0,573582
araCp,0.3333333333333333,2,2,TGTCCTCTAAGACACAAATA,0,562528
araCp,0.3333333333333333,2,2,TGTCATCTCAGTAAGTTCAG,0,531123
araCp,0.3333333333333333,2,2,TGTATTCCAATTCAGGACTT,0,581022
araCp,0.3333333333333333,2,2,TGTATTATTGACGTCTTCTT,0,594890
araCp,0.3333333333333333,2,2,TGTATTAAGATAAGAGGGAT,0,595830
araCp,0.3333333333333333,2,2,TGTATCTTAAGAACGAGGTG,0,563403
araCp,0.3333333333333333,2,2,TGTATCCGTGTAAAAGAGTG,0,553368
araCp,0.3333333333333333,2,2,TGTAGGTATAATCGCTTAAT,0,553864
araCp,0.3333333333333333,2,2,TGTAGGCCCAAGGAATCCGA,0,534300
araCp,0.3333333333333333,2,2,TGTAGCACTCCACTACGTGT,0,587360
araCp,0.3333333333333333,2,2,TGTAGATTCCAAGTATCGCG,0,582150
araCp,0.3333333333333333,2,2,TGTAGAACGCACTATTGGTC,0,527498
araCp,0.3333333333333333,2,2,TGTACTCTGTGAACGGGTGA,0,601710
araCp,0.3333333333333333,2,2,TGTACGTGAAGACGCCAACT,0,542910
araCp,0.3333333333333333,2,2,TGTACGGCACTATAAGTAAA,0,588193
araCp,0.3333333333333333,2,2,TGTACCACATTAGAGGTATA,0,571389
araCp,0.3333333333333333,2,2,TGTAAGCGCGACCCAGTTTC,0,601183
araCp,0.3333333333333333,2,2,TGTAACTCGGGTTGGTCGTA,0,546782
araCp,0.3333333333333333,2,2,TGGTTGTTGGTGAGTGTCAA,0,550011
araCp,0.3333333333333333,2,2,TGGTTGCTATGACCGGTTAA,0,584259
araCp,0.3333333333333333,2,2,TGGTTGAACGTTGTACATGA,0,556984
araCp,0.3333333333333333,2,2,TGGTTCTTTCTAACGGGGTG,0,580491
araCp,0.3333333333333333,2,2,TGGTTCGATAGCTATCGAGT,0,550494
araCp,0.3333333333333333,2,2,TGGTTACCGAATTCGTCTTC,0,547107
araCp,0.3333333333333333,2,2,TGGTGTTGAGTACGGCAGCA,0,531757
araCp,0.3333333333333333,2,2,TGGTGGGTAGAAGGAGCAAT,0,545522
araCp,0.3333333333333333,2,2,TGGTCGGTGACGCTTCTCAC,0,551939
araCp,0.3333333333333333,2,2,TGGTCGGAGTCTTGTTCTAA,0,601275
araCp,0.3333333333333333,2,2,TGGTATCCCAACTGGCTACA,0,529855
araCp,0.3333333333333333,2,2,TGGTAGATAGTTGACGGGAT,0,567514
araCp,0.3333333333333333,2,2,TGGGTTGTTTTAGGAATTTG,0,549597
araCp,0.3333333333333333,2,2,TGGGTTCTCGTATATCGGTG,0,554249
araCp,0.3333333333333333,2,2,TGGGTCATGTCCTCCTGAGC,0,563257
araCp,0.3333333333333333,2,2,TGGGTATCGTACAGGATAGA,0,601544
araCp,0.3333333333333333,2,2,TGGGGTGGGTATGTCGTATC,0,598106
araCp,0.3333333333333333,2,2,TGGGGTGAATCATTAACTTA,0,557944
araCp,0.3333333333333333,2,2,TGGGGGTGTTCACAGCGCGT,0,569179
araCp,0.3333333333333333,2,2,TGGGGGGTTTCGGCTTGTTT,0,600143
araCp,0.3333333333333333,2,2,TGGGGGCTCGCCGCTTAGTA,0,598597
araCp,0.3333333333333333,2,2,TGGGCTCATATCATGTCCCA,0,542722
araCp,0.3333333333333333,2,2,TGGGCTATACAAAGAAGCAT,0,536726
araCp,0.3333333333333333,2,2,TGGGCTAACCGAACACAAGG,0,554541
araCp,0.3333333333333333,2,2,TGGGATCACAGGTCTTTACG,0,569532
araCp,0.3333333333333333,2,2,TGGGAGCTAGCCTTTCGGAG,0,532246
araCp,0.3333333333333333,2,2,TGGGAATTGATAGTTGGGTA,0,575004
araCp,0.3333333333333333,2,2,TGGGAAAGCCTACCAACTGA,0,532635
araCp,0.3333333333333333,2,2,TGGCTCTTACGTTCTATTGC,0,582258
araCp,0.3333333333333333,2,2,TGGCTCAAACCAAATGGAGA,0,548944
araCp,0.3333333333333333,2,2,TGGCTAAACACCAGGCCCAC,0,540222
araCp,0.3333333333333333,2,2,TGGCGGGGATCCAAATCAAT,0,550421
araCp,0.3333333333333333,2,2,TGGCGGATGGACAGCGTTGC,0,525811
araCp,0.3333333333333333,2,2,TGGCGCCGGGTTAGTCGCCT,0,567901
araCp,0.3333333333333333,2,2,TGGCCTTTCAAAGTTTCTCT,0,551824
araCp,0.3333333333333333,2,2,TGGCCTCTCTCAGTGGTCAC,0,540864
araCp,0.3333333333333333,2,2,TGGCCTCAAACTGCACTGAC,0,546545
araCp,0.3333333333333333,2,2,TGGCAGTCGGTGTAAGCGAG,0,558036
araCp,0.3333333333333333,2,2,TGGATTCCGCTGCATCGAGT,0,533493
araCp,0.3333333333333333,2,2,TGGAGGGCGGCCAAGATCTT,0,549244
araCp,0.3333333333333333,2,2,TGGAGCTCGTCAGACGGCAT,0,598165
araCp,0.3333333333333333,2,2,TGGAGCGTCGCCGGTGTCTT,0,598188
araCp,0.3333333333333333,2,2,TGGAGCATAGAATACATTCA,0,578835
araCp,0.3333333333333333,2,2,TGGACGTTTTATATTGATGC,0,571846
araCp,0.3333333333333333,2,2,TGGACGGACGGACAGAGGGG,0,526889
araCp,0.3333333333333333,2,2,TGGACGAGGGGACCGCTCGG,0,589931
araCp,0.3333333333333333,2,2,TGGACACTTGTACAGAGGCT,0,536164
araCp,0.3333333333333333,2,2,TGGACACCCCTAAGCCGAGC,0,547244
araCp,0.3333333333333333,2,2,TGGACACATAGGAGATCAAC,0,536920
araCp,0.3333333333333333,2,2,TGCTTCCTGTTCCCCATGAG,0,542186
araCp,0.3333333333333333,2,2,TGCTGGCCGGTACTTACGTC,0,564622
araCp,0.3333333333333333,2,2,TGCTGGCCCTCAGGCACGCC,0,562016
araCp,0.3333333333333333,2,2,TGCTGGATTGTATGCGGGAT,0,599213
araCp,0.3333333333333333,2,2,TGCTGCAGGCAGCTTTTAGC,0,548963
araCp,0.3333333333333333,2,2,TGCTCATAAGAGTGCATGCA,0,600541
araCp,0.3333333333333333,2,2,TGCTAGCATCCGAATAATCG,0,583570
araCp,0.3333333333333333,2,2,TGCTAACGACCGGGCGTATC,0,581869
araCp,0.3333333333333333,2,2,TGCGTTCCGGGCCTGCCCTG,0,593998
araCp,0.3333333333333333,2,2,TGCGTTACAATTACCGCAAC,0,602161
araCp,0.3333333333333333,2,2,TGCGTGGTAGGTCTTCTGAA,0,542986
araCp,0.3333333333333333,2,2,TGCGTGAACACATATCCTAG,0,561567
araCp,0.3333333333333333,2,2,TGCGTAAGTGTGAGAATTCG,0,534618
araCp,0.3333333333333333,2,2,TGCGGCAACATCTAGTCTCT,0,529575
araCp,0.3333333333333333,2,2,TGCGCTGGTTTCGTCCCCCT,0,594630
araCp,0.3333333333333333,2,2,TGCGAGTATAGGAGTATGCG,0,538988
araCp,0.3333333333333333,2,2,TGCGAGTAAAAATAGCTCCC,0,600483
araCp,0.3333333333333333,2,2,TGCGACTCCTAGGAGATAAA,0,600813
araCp,0.3333333333333333,2,2,TGCGACCTGTTTCATCCACA,0,562550
araCp,0.3333333333333333,2,2,TGCCTTGGCATCATAGCGGT,0,600862
araCp,0.3333333333333333,2,2,TGCCTTCTGGTTAGCTATTG,0,602781
araCp,0.3333333333333333,2,2,TGCCGCTATCAGGCCGGCCG,0,529584
araCp,0.3333333333333333,2,2,TGCCGATTACTACTAACCGC,0,548249
araCp,0.3333333333333333,2,2,TGCCGACAAGCAGACGTCCA,0,600322
araCp,0.3333333333333333,2,2,TGCCCAGATTCCAAGTGGTG,0,567452
araCp,0.3333333333333333,2,2,TGCCATGAACTCCGATGGGT,0,595684
araCp,0.3333333333333333,2,2,TGCCAGATTTAATACACGTA,0,544585
araCp,0.3333333333333333,2,2,TGCATTGCTTATTAAACTGA,0,582510
araCp,0.3333333333333333,2,2,TGCATTCTTTCCCAACATAG,0,567649
araCp,0.3333333333333333,2,2,TGCATCATCGCACAGGTTCT,0,601394
araCp,0.3333333333333333,2,2,TGCAGTTCTCGCCATGCTGG,0,550820
araCp,0.3333333333333333,2,2,TGCAGGGGAAGTCGGTCATG,0,569241
araCp,0.3333333333333333,2,2,TGCAGGAATGACACCCCCCA,0,566315
araCp,0.3333333333333333,2,2,TGCAGCGGCGGGTTGTCGCT,0,571779
araCp,0.3333333333333333,2,2,TGCACGTGTCCTAGAGCCGA,0,580461
araCp,0.3333333333333333,2,2,TGCACGCTAAAGCGCCATTG,0,526512
araCp,0.3333333333333333,2,2,TGCAATACAGGACCCGCAGT,0,556729
araCp,0.3333333333333333,2,2,TGCAAGAAGTACTCTGCATG,0,526031
araCp,0.3333333333333333,2,2,TGATTTCATTCCTCCCAGGT,0,577849
araCp,0.3333333333333333,2,2,TGATTTCAACTTGTGAAAGT,0,584314
araCp,0.3333333333333333,2,2,TGATTCAATCGCCGGAGCAG,0,593891
araCp,0.3333333333333333,2,2,TGATGCAAAAATTCCGACCA,0,582603
araCp,0.3333333333333333,2,2,TGATCCCTAGCTGCCCTAGA,0,575990
araCp,0.3333333333333333,2,2,TGATAATGGTCGGAGGCACA,0,582380
araCp,0.3333333333333333,2,2,TGATAAGTGGATTTTGGGCT,0,593258
araCp,0.3333333333333333,2,2,TGATAAATTTTCTTCTAGCA,0,589377
araCp,0.3333333333333333,2,2,TGATAAAACCTCTAGGGTCC,0,572943
araCp,0.3333333333333333,2,2,TGAGTTTATTCACAACACGT,0,573869
araCp,0.3333333333333333,2,2,TGAGTTCATCTTACACGTTG,0,559125
araCp,0.3333333333333333,2,2,TGAGTGTGTGTGCAGCAAGC,0,596676
araCp,0.3333333333333333,2,2,TGAGTCCAAAGGTTTCAGTA,0,539379
araCp,0.3333333333333333,2,2,TGAGTATCAGACGGCACACT,0,566578
araCp,0.3333333333333333,2,2,TGAGGTAGGTAGACAGGGTA,0,574560
araCp,0.3333333333333333,2,2,TGAGCTCACTTCCCGATTTT,0,530885
araCp,0.3333333333333333,2,2,TGAGCCCAGTGTCGGCTGGT,0,596789
araCp,0.3333333333333333,2,2,TGAGCAATGGGCCGGATCGT,0,555961
araCp,0.3333333333333333,2,2,TGAGATGTGGATCTTCAGGG,0,577117
araCp,0.3333333333333333,2,2,TGAGATGGTTTCCTACGTGC,0,566153
araCp,0.3333333333333333,2,2,TGAGAATCCCAGTCCGAGGA,0,529815
araCp,0.3333333333333333,2,2,TGACTTTAATCTGATAAATG,0,534553
araCp,0.3333333333333333,2,2,TGACTAGCCATGATTTTGAT,0,598476
araCp,0.3333333333333333,2,2,TGACGTCAAGGCACAAAAAA,0,553035
araCp,0.3333333333333333,2,2,TGACGGGTTCAATCATAGCT,0,589482
araCp,0.3333333333333333,2,2,TGACCGCGATCCTCAGCGGC,0,540236
araCp,0.3333333333333333,2,2,TGACCGCCGAAATTCCCGCT,0,550150
araCp,0.3333333333333333,2,2,TGACATGCAGGTTTAAACGT,0,561627
araCp,0.3333333333333333,2,2,TGACATGAGGCGGCAAAGAT,0,527806
araCp,0.3333333333333333,2,2,TGAATCCTAAGGTATCGTAT,0,527259
araCp,0.3333333333333333,2,2,TGAATAGCCCTATGGGTTTT,0,564137
araCp,0.3333333333333333,2,2,TGAAGGGGTACAGCATCGAT,0,560919
araCp,0.3333333333333333,2,2,TGAAGCTCACCTAGAGGAGT,0,549536
araCp,0.3333333333333333,2,2,TGAAGCCGGCACGTACTTCG,0,572512
araCp,0.3333333333333333,2,2,TGAACTTAGGCGATTCCCGC,0,581243
araCp,0.3333333333333333,2,2,TGAAAAGCACGACACACCCG,0,548300
araCp,0.3333333333333333,2,2,TCTTTGTACAGGGCCTGCGT,0,541064
araCp,0.3333333333333333,2,2,TCTTCATTCCTCTATCTGAT,0,540240
araCp,0.3333333333333333,2,2,TCTTATGCTTTCTATTGGAA,0,595778
araCp,0.3333333333333333,2,2,TCTTAGCGGTACTAATATTC,0,582768
araCp,0.3333333333333333,2,2,TCTTACCGTTTATTGTAGTC,0,575482
araCp,0.3333333333333333,2,2,TCTGTGGTGTGTGAAAGTTC,0,542536
araCp,0.3333333333333333,2,2,TCTGTGCCAATTATGTCATT,0,546519
araCp,0.3333333333333333,2,2,TCTGGGAGCGCGATTAAACT,0,532778
araCp,0.3333333333333333,2,2,TCTGCTAACTCTCGTTGGTT,0,581251
araCp,0.3333333333333333,2,2,TCTGCGTTACTCAGCCGACG,0,560939
araCp,0.3333333333333333,2,2,TCTGCGCACCGTGACCTTGT,0,553960
araCp,0.3333333333333333,2,2,TCTGCACACCACACCCCTCT,0,545422
araCp,0.3333333333333333,2,2,TCTGCAAGCGGAGGTTCAAC,0,586141
araCp,0.3333333333333333,2,2,TCTCTTAATGTTTCCCTAGC,0,567490
araCp,0.3333333333333333,2,2,TCTCTACTAGCAATTACCAC,0,531806
araCp,0.3333333333333333,2,2,TCTCGGCCTCTAGGGTACTA,0,529114
araCp,0.3333333333333333,2,2,TCTCGCGGTCTACTCAATGA,0,583452
araCp,0.3333333333333333,2,2,TCTCGCCTGACCCCATTTCA,0,550912
araCp,0.3333333333333333,2,2,TCTCGAGATGAGTGTTGCTC,0,543983
araCp,0.3333333333333333,2,2,TCTCCCCCAGTCTAACGAGG,0,584397
araCp,0.3333333333333333,2,2,TCTCATGATGTCAGAGAGAC,0,540065
araCp,0.3333333333333333,2,2,TCTCATCAATTTCTCCAACC,0,553779
araCp,0.3333333333333333,2,2,TCTCAGCTACTACTAAGCAT,0,591017
araCp,0.3333333333333333,2,2,TCTCACGGGAGTATCGAGCG,0,527305
araCp,0.3333333333333333,2,2,TCTCACGATGACGGCGTAGT,0,584557
araCp,0.3333333333333333,2,2,TCTCAACTCCTAAGTACACC,0,551586
araCp,0.3333333333333333,2,2,TCTCAAATTAATCTATGCGT,0,596443
araCp,0.3333333333333333,2,2,TCTATTGAGATGTTAGTAAC,0,597117
araCp,0.3333333333333333,2,2,TCTATCAGCGTGATATGCTG,0,525641
araCp,0.3333333333333333,2,2,TCTATAAATGACGATGATCA,0,593852
araCp,0.3333333333333333,2,2,TCTAGGGATAGTGCACCGTT,0,595540
araCp,0.3333333333333333,2,2,TCTAGGAATCACACCGCGTG,0,586479
araCp,0.3333333333333333,2,2,TCTACTCTGCACCATCGGCG,0,595942
araCp,0.3333333333333333,2,2,TCTACCAATGCGACGTTGGT,0,533175
araCp,0.3333333333333333,2,2,TCTAATAAGCGTAAATAATT,0,550367
araCp,0.3333333333333333,2,2,TCTAACGGCAGTGCCGTTGC,0,554161
araCp,0.3333333333333333,2,2,TCGTTTTGGATGTCTGGGCA,0,549971
araCp,0.3333333333333333,2,2,TCGTTTGCTCCGCCGACTCT,0,540571
araCp,0.3333333333333333,2,2,TCGTTCATACAGGTAGTTGG,0,536908
araCp,0.3333333333333333,2,2,TCGTTATGAAATGCCGAATG,0,587434
araCp,0.3333333333333333,2,2,TCGTCTAAGCGAATAGCGAT,0,578756
araCp,0.3333333333333333,2,2,TCGTCGCAGACACTGTGATT,0,593434
araCp,0.3333333333333333,2,2,TCGTCCCAAATTTGTCTTGT,0,599223
araCp,0.3333333333333333,2,2,TCGTCCACTTTGGGGCCTGA,0,580389
araCp,0.3333333333333333,2,2,TCGTCAATCACGGAGGGCAA,0,562572
araCp,0.3333333333333333,2,2,TCGTATCTATCATCTAACTG,0,558268
araCp,0.3333333333333333,2,2,TCGTAGTTTACTAGATGGAT,0,537524
araCp,0.3333333333333333,2,2,TCGTACCGATCACTCATAGG,0,564058
araCp,0.3333333333333333,2,2,TCGGTTACGTAGACAGTAGG,0,554641
araCp,0.3333333333333333,2,2,TCGGTGCCGACCGCGTCTTT,0,583355
araCp,0.3333333333333333,2,2,TCGGTGAGGCGGAATAAGCG,0,578689
araCp,0.3333333333333333,2,2,TCGGTCCTTGTCGTACAGTA,0,601487
araCp,0.3333333333333333,2,2,TCGGTAATACAGTCGAGAAT,0,543913
araCp,0.3333333333333333,2,2,TCGGGTGCATCCTTCGGCTA,0,545554
araCp,0.3333333333333333,2,2,TCGGGGACACGCCTGTTACA,0,552825
araCp,0.3333333333333333,2,2,TCGGGCGTCTTGGTCCATCG,0,557997
araCp,0.3333333333333333,2,2,TCGGGAATTTGAATGCGAAC,0,542201
araCp,0.3333333333333333,2,2,TCGGCTGGCAATATGAGACG,0,566896
araCp,0.3333333333333333,2,2,TCGGCCTATCAAGAACGGCG,0,545541
araCp,0.3333333333333333,2,2,TCGGCAGCAACGAGCGTCTT,0,577464
araCp,0.3333333333333333,2,2,TCGGAGAGCCTTGATTCGTC,0,599308
araCp,0.3333333333333333,2,2,TCGGACATCAAAGGGACCGT,0,540440
araCp,0.3333333333333333,2,2,TCGCTCGAACGACTAGCTTC,0,558884
araCp,0.3333333333333333,2,2,TCGCTCCAACCCTGTACACT,0,543891
araCp,0.3333333333333333,2,2,TCGCTATTCCGGCACGTATT,0,546159
araCp,0.3333333333333333,2,2,TCGCTATGTTTGACATGCCA,0,529026
araCp,0.3333333333333333,2,2,TCGCTAGGAACTAATTGAAA,0,567517
araCp,0.3333333333333333,2,2,TCGCGTTCAATGGTGTCTAC,0,575840
araCp,0.3333333333333333,2,2,TCGCGTCAACTGTACTGGGA,0,581715
araCp,0.3333333333333333,2,2,TCGCGGTGGTATCCCTGTCG,0,533096
araCp,0.3333333333333333,2,2,TCGCGCTCGTGAACCGCATG,0,549364
araCp,0.3333333333333333,2,2,TCGCGCTACATTGTACACAC,0,554717
araCp,0.3333333333333333,2,2,TCGCGCGGAAGGTGAGGTCT,0,561466
araCp,0.3333333333333333,2,2,TCGCGCCTCGGATGAGTTTT,0,602980
araCp,0.3333333333333333,2,2,TCGCCGCGGTGTGGTATATT,0,544980
araCp,0.3333333333333333,2,2,TCGCCATATGGGGTTCTTCA,0,546968
araCp,0.3333333333333333,2,2,TCGCAGCCCATTCCGAGAGA,0,591646
araCp,0.3333333333333333,2,2,TCGCACGGTATCGGTACTAC,0,541783
araCp,0.3333333333333333,2,2,TCGATTTTATCCGAGTAAAC,0,582842
araCp,0.3333333333333333,2,2,TCGATTTGCGGGTGCGTTGA,0,576999
araCp,0.3333333333333333,2,2,TCGAGTCTGGAAAAGCACTC,0,529856
araCp,0.3333333333333333,2,2,TCGAGTCAAACGGTGGGCGA,0,567848
araCp,0.3333333333333333,2,2,TCGAGTATGAGGGAGCTTGT,0,597392
araCp,0.3333333333333333,2,2,TCGAGACTAAGGAGGAATGT,0,525927
araCp,0.3333333333333333,2,2,TCGACGTCGAAAGCGTGTGT,0,540287
araCp,0.3333333333333333,2,2,TCGACGGGGTGTCCGGACAT,0,594398
araCp,0.3333333333333333,2,2,TCGAACTTTTGGTCAAACTT,0,572393
araCp,0.3333333333333333,2,2,TCGAAACCAGACCCCTACGA,0,531650
araCp,0.3333333333333333,2,2,TCGAAAATTCCGCGCAGCCT,0,540249
araCp,0.3333333333333333,2,2,TCGAAAAACCTCTTTCGTAT,0,565161
araCp,0.3333333333333333,2,2,TCCTTTAGGCTTAAAACTGA,0,567704
araCp,0.3333333333333333,2,2,TCCTTAACCTGTCATAACTT,0,575741
araCp,0.3333333333333333,2,2,TCCTGTGTACATTACACACT,0,543869
araCp,0.3333333333333333,2,2,TCCTGTAAGACTCTCACAAA,0,532688
araCp,0.3333333333333333,2,2,TCCTGGTAAGCGCCTTTCGA,0,569764
araCp,0.3333333333333333,2,2,TCCTGCCCTCCCGAGAAGTA,0,538178
araCp,0.3333333333333333,2,2,TCCTGCAGAGCGCTTCTGCT,0,550422
araCp,0.3333333333333333,2,2,TCCTGATGAGAGATTTAGTC,0,555162
araCp,0.3333333333333333,2,2,TCCTCAACGGCGAGGATGCA,0,554351
araCp,0.3333333333333333,2,2,TCCGTTTGCAAGCGGAGGTA,0,595925
araCp,0.3333333333333333,2,2,TCCGTTCCACCTTTCGCAAA,0,560921
araCp,0.3333333333333333,2,2,TCCGTCGGCTAGCTCGCGTG,0,600916
araCp,0.3333333333333333,2,2,TCCGTAGTCTACAATCTTTA,0,584925
araCp,0.3333333333333333,2,2,TCCGGTCAGTGATAGGGGTT,0,568994
araCp,0.3333333333333333,2,2,TCCGGTAATTCGTGCCTAAA,0,532324
araCp,0.3333333333333333,2,2,TCCGGCGTATCGTTATGTAT,0,526448
araCp,0.3333333333333333,2,2,TCCGGCATAAGGTGTACTAA,0,526936
araCp,0.3333333333333333,2,2,TCCGGCAGTAGCGGAAGAGT,0,527926
araCp,0.3333333333333333,2,2,TCCGCGGTTCGTAACGGTTA,0,537617
araCp,0.3333333333333333,2,2,TCCGCCGTTTCGTTCTCTCG,0,562107
araCp,0.3333333333333333,2,2,TCCGCATCAGTAACGCATGC,0,538025
araCp,0.3333333333333333,2,2,TCCGAATCAAAGATTAGTTG,0,546130
araCp,0.3333333333333333,2,2,TCCCTGTTTCGGTCTCCGCT,0,564375
araCp,0.3333333333333333,2,2,TCCCTCGAAGTTCAAGAGAG,0,554450
araCp,0.3333333333333333,2,2,TCCCTATGTGTGAATGCGTC,0,593792
araCp,0.3333333333333333,2,2,TCCCGTATCTTCGTACCACA,0,602378
araCp,0.3333333333333333,2,2,TCCCCGTCCTTGTCAGGCGC,0,531122
araCp,0.3333333333333333,2,2,TCCCAGCGTCGGTCCAGGAT,0,550999
araCp,0.3333333333333333,2,2,TCCCACAGATGCTGCCATTA,0,559766
araCp,0.3333333333333333,2,2,TCCATTATCTTATACCCGAT,0,597424
araCp,0.3333333333333333,2,2,TCCATTATAGGCCAAGAAAC,0,528930
araCp,0.3333333333333333,2,2,TCCATCCGGGTATCGCTGAA,0,591110
araCp,0.3333333333333333,2,2,TCCAGGGGTCTCCACTGAAT,0,547739
araCp,0.3333333333333333,2,2,TCCAGGATCGTTCCCCCCTA,0,556866
araCp,0.3333333333333333,2,2,TCCACCTAAGTTGTAGCCTG,0,589529
araCp,0.3333333333333333,2,2,TCCACCCAGAACTGAGGTTA,0,534307
araCp,0.3333333333333333,2,2,TCCAAGCTCAGGCTCCAAGG,0,539747
araCp,0.3333333333333333,2,2,TCATTTGTTGAGTCATTTGG,0,576192
araCp,0.3333333333333333,2,2,TCATTCGACTCCTTTCGTGG,0,562767
araCp,0.3333333333333333,2,2,TCATGGGTCAGTGATAGCAA,0,566817
araCp,0.3333333333333333,2,2,TCATGCGTGTCTCTGTGAGA,0,569120
araCp,0.3333333333333333,2,2,TCATGCATACGGCACACCAA,0,565472
araCp,0.3333333333333333,2,2,TCATGCAGCGAAATGCTAAG,0,569274
araCp,0.3333333333333333,2,2,TCATCCTAGTTCAACGGTAA,0,598912
araCp,0.3333333333333333,2,2,TCATCCGCTGGGTGCGCGTA,0,546501
araCp,0.3333333333333333,2,2,TCATAGGGCAGCGTTAATCT,0,577815
araCp,0.3333333333333333,2,2,TCAGTTTCTTGGATAATGTC,0,549780
araCp,0.3333333333333333,2,2,TCAGTTCGGGCACAGACAAG,0,560736
araCp,0.3333333333333333,2,2,TCAGTGTACAAGTGTAAGGA,0,562960
araCp,0.3333333333333333,2,2,TCAGTGCAGCGATCCGTTAT,0,586320
araCp,0.3333333333333333,2,2,TCAGTCACGTTGGATCGAAC,0,539881
araCp,0.3333333333333333,2,2,TCAGGTCTCATAGAACGGAC,0,588198
araCp,0.3333333333333333,2,2,TCAGGGTTAGGCTTCGGGTC,0,547457
araCp,0.3333333333333333,2,2,TCAGAGATAAGAACTAAGAG,0,548573
araCp,0.3333333333333333,2,2,TCAGAGACTCGAACCGGCCG,0,588969
araCp,0.3333333333333333,2,2,TCAGACTATGAGGGATCTTC,0,571426
araCp,0.3333333333333333,2,2,TCAGAAGTTTCGAAGATCTC,0,552100
araCp,0.3333333333333333,2,2,TCACTTGGGTGCCTTTCTAC,0,526457
araCp,0.3333333333333333,2,2,TCACTGTATCGTTTGAAAGG,0,559171
araCp,0.3333333333333333,2,2,TCACTCTTAATAGGCAGGTT,0,560395
araCp,0.3333333333333333,2,2,TCACTCATGGCTCCCGTAGT,0,564639
araCp,0.3333333333333333,2,2,TCACTAATCCATGCTTACAA,0,525862
araCp,0.3333333333333333,2,2,TCACGGTGCCGGGTGCAGTC,0,600351
araCp,0.3333333333333333,2,2,TCACGCCTCCTTAACCTATA,0,586795
araCp,0.3333333333333333,2,2,TCACGATGCATTCTGTAGCC,0,538046
araCp,0.3333333333333333,2,2,TCACCCGAACAAACGCTTTT,0,542792
araCp,0.3333333333333333,2,2,TCACATCCCAATTAGTCGGT,0,540640
araCp,0.3333333333333333,2,2,TCACATCATCCCCGGCAGGC,0,569974
araCp,0.3333333333333333,2,2,TCACAGTAGCATGTCTGTGG,0,590878
araCp,0.3333333333333333,2,2,TCAATCAAGAGGGTAACTAG,0,574081
araCp,0.3333333333333333,2,2,TCAAGCTCAACGCTACTGCT,0,568892
araCp,0.3333333333333333,2,2,TCAAGAGCGATTACTACGCC,0,569854
araCp,0.3333333333333333,2,2,TCAAGACCGTATAACATTGA,0,556363
araCp,0.3333333333333333,2,2,TCAAGAAAGGATCAAGCAAG,0,533660
araCp,0.3333333333333333,2,2,TCAACCTACATTGAAATACC,0,554109
araCp,0.3333333333333333,2,2,TCAACCCGTCAAGACCGACT,0,588119
araCp,0.3333333333333333,2,2,TCAAATATATGACGACTAAA,0,584585
araCp,0.3333333333333333,2,2,TCAAACTGCGAAGCCTATTA,0,579210
araCp,0.3333333333333333,2,2,TCAAACTATAGGGCTGGGAT,0,593746
araCp,0.3333333333333333,2,2,TATTTGGGGAGAATTGGTTT,0,546152
araCp,0.3333333333333333,2,2,TATTGTTAAAAAAGCAAATC,0,526265
araCp,0.3333333333333333,2,2,TATTGCGATCAAGGACCCAC,0,548073
araCp,0.3333333333333333,2,2,TATTGATTGCTGAGGGTTGA,0,544663
araCp,0.3333333333333333,2,2,TATGTGTTCTTCCTGACGTG,0,590148
araCp,0.3333333333333333,2,2,TATGGGTTGAAATGGGGATA,0,603054
araCp,0.3333333333333333,2,2,TATGGGTACCTACGATATTT,0,571298
araCp,0.3333333333333333,2,2,TATGGACGACCACGAGCTCT,0,561630
araCp,0.3333333333333333,2,2,TATGCTTCACTCTCCCCGTA,0,564348
araCp,0.3333333333333333,2,2,TATGCTGCAATCAGGTGACC,0,567623
araCp,0.3333333333333333,2,2,TATGCGCGTGCGGACTGCAG,0,602233
araCp,0.3333333333333333,2,2,TATGCGAAAGCAGCCCACAT,0,600520
araCp,0.3333333333333333,2,2,TATGCAAATCTAGGTCTCCA,0,581587
araCp,0.3333333333333333,2,2,TATGACCACGCAGACTTGCC,0,561562
araCp,0.3333333333333333,2,2,TATGACAGACATAGCATGCT,0,538653
araCp,0.3333333333333333,2,2,TATGACAAATCGGAGTGTCT,0,554834
araCp,0.3333333333333333,2,2,TATCTGACGCTAAAGGAATC,0,559957
araCp,0.3333333333333333,2,2,TATCTCGCTAACGGTTAACT,0,546199
araCp,0.3333333333333333,2,2,TATCGGCGAGCACTTACGTT,0,601788
araCp,0.3333333333333333,2,2,TATCGGAAATTACATCGCTC,0,602299
araCp,0.3333333333333333,2,2,TATCGACAATAAGGCTCTCC,0,597557
araCp,0.3333333333333333,2,2,TATCCGGGTGACGAAGCTCA,0,581329
araCp,0.3333333333333333,2,2,TATCCGACCCATGCCGCGTG,0,538652
araCp,0.3333333333333333,2,2,TATCCACCGAGTAGCGAATC,0,582847
araCp,0.3333333333333333,2,2,TATCCAATGGTTTCCGCTCA,0,589619
araCp,0.3333333333333333,2,2,TATCAGTGACGTGATCGCTC,0,570630
araCp,0.3333333333333333,2,2,TATCAGGTCCCGGTAGGACC,0,537118
araCp,0.3333333333333333,2,2,TATCAGGTATAAGTACAAGA,0,593229
araCp,0.3333333333333333,2,2,TATCAATGCTTGATGCGAGC,0,595406
araCp,0.3333333333333333,2,2,TATCAAGGCAGGGGACGCGC,0,574176
araCp,0.3333333333333333,2,2,TATATTAGGTCCGCGTGCCC,0,528238
araCp,0.3333333333333333,2,2,TATATGTAGGCGCCAACCAA,0,568441
araCp,0.3333333333333333,2,2,TATATCCGGCCCGCCAAGAC,0,569231
araCp,0.3333333333333333,2,2,TATATATAACTCGGAGACCC,0,566567
araCp,0.3333333333333333,2,2,TATAGTATCACTGGTCTAAG,0,601100
araCp,0.3333333333333333,2,2,TATAGGTACGGATAATATTC,0,542297
araCp,0.3333333333333333,2,2,TATAGGATAGCTGTCCAATT,0,534920
araCp,0.3333333333333333,2,2,TATAGACTCCACCTCCCGCA,0,562031
araCp,0.3333333333333333,2,2,TATAGACGCGAAGGAAACAA,0,552276
araCp,0.3333333333333333,2,2,TATAGAAATCCGCCTTTAAT,0,530050
araCp,0.3333333333333333,2,2,TATACTGAGAAGTTAACGGA,0,541615
araCp,0.3333333333333333,2,2,TATACGATGCATCGTCCTTA,0,582132
araCp,0.3333333333333333,2,2,TATAATTTTCCTCGTACGAG,0,583135
araCp,0.3333333333333333,2,2,TATAAAGGGCAATCAGACGA,0,575375
araCp,0.3333333333333333,2,2,TATAAAGATTCCTGTGAAAA,0,600258
araCp,0.3333333333333333,2,2,TAGGTGGGCATAGGTGCGTT,0,554628
araCp,0.3333333333333333,2,2,TAGGTGATTGATATGGGTCT,0,590730
araCp,0.3333333333333333,2,2,TAGGTAATTAGCCCTTGGGG,0,564088
araCp,0.3333333333333333,2,2,TAGGTAAGCGGCGGTGGGCT,0,598947
araCp,0.3333333333333333,2,2,TAGGGGCGTCCCCATGCGAT,0,601174
araCp,0.3333333333333333,2,2,TAGGGGACCCTGCTGCAGCT,0,566484
araCp,0.3333333333333333,2,2,TAGGGACATAGCAGATCCTA,0,558787
araCp,0.3333333333333333,2,2,TAGGCGTGACATTCTTAAAA,0,591869
araCp,0.3333333333333333,2,2,TAGGCGTACAGTTCTGGATC,0,549144
araCp,0.3333333333333333,2,2,TAGGCCGGGGCGAACTCGTA,0,574343
araCp,0.3333333333333333,2,2,TAGGATCTTTTATTCAGCCA,0,588368
araCp,0.3333333333333333,2,2,TAGGAGGCCCTCCTTTTGCC,0,575862
araCp,0.3333333333333333,2,2,TAGGACCTGGCGATCCGCTG,0,545553
araCp,0.3333333333333333,2,2,TAGCTTCTGTATTATGGACC,0,556793
araCp,0.3333333333333333,2,2,TAGCTGATCGTAGTATCAAT,0,533892
araCp,0.3333333333333333,2,2,TAGCTCCGCCTAATGCACGG,0,550622
araCp,0.3333333333333333,2,2,TAGCTAACGAGTTCACCCAG,0,591517
araCp,0.3333333333333333,2,2,TAGCGGCCGCAAACAAGGCT,0,562888
araCp,0.3333333333333333,2,2,TAGCGCGCGCTATCCAGTCT,0,542265
araCp,0.3333333333333333,2,2,TAGCCTATCCTATGAAGCTC,0,563137
araCp,0.3333333333333333,2,2,TAGCCGGGCGCACATCCTGG,0,542495
araCp,0.3333333333333333,2,2,TAGCCCAAAAGATCTATCCT,0,598172
araCp,0.3333333333333333,2,2,TAGCATAGTAGACTCAATTA,0,548074
araCp,0.3333333333333333,2,2,TAGCACATCAGTGGTGATAT,0,556283
araCp,0.3333333333333333,2,2,TAGATACCACAACAGTTTTT,0,553672
araCp,0.3333333333333333,2,2,TAGACTTGTGAGGCGACAGC,0,591178
araCp,0.3333333333333333,2,2,TAGACAGTGAAAGTTATAAC,0,564849
araCp,0.3333333333333333,2,2,TAGAAGAGTCGCCAATCTTG,0,591032
araCp,0.3333333333333333,2,2,TAGAAACGCACCTTGATAAT,0,553094
araCp,0.3333333333333333,2,2,TACTTTCAGGAGCCTGATGA,0,572425
araCp,0.3333333333333333,2,2,TACTTTATTTAGTAGTTGTG,0,552987
araCp,0.3333333333333333,2,2,TACTTATGTTGAATCGGACT,0,592381
araCp,0.3333333333333333,2,2,TACTGCATTATCGAAGATAG,0,587182
araCp,0.3333333333333333,2,2,TACTCGTTCAAAAACTGAGT,0,529907
araCp,0.3333333333333333,2,2,TACTCGTATTAGACTACCAA,0,598460
araCp,0.3333333333333333,2,2,TACTCATGTAAACGCAGGCG,0,567798
araCp,0.3333333333333333,2,2,TACTCACCTCCCGTTTGGCT,0,533107
araCp,0.3333333333333333,2,2,TACTAGCAAAAGGTGGTGCA,0,533102
araCp,0.3333333333333333,2,2,TACTAGACAGGCATGTATAC,0,585244
araCp,0.3333333333333333,2,2,TACGTTGGTGTGGACACAGA,0,564069
araCp,0.3333333333333333,2,2,TACGGTATGCCGGGAGTCAA,0,557079
araCp,0.3333333333333333,2,2,TACGGCGACGCATGGCTAGG,0,530622
araCp,0.3333333333333333,2,2,TACGGACTGACCTTCTTGTA,0,600557
araCp,0.3333333333333333,2,2,TACGCTCAATTGGATACGGT,0,590084
araCp,0.3333333333333333,2,2,TACGCGGTACTGGTTGGGAC,0,558927
araCp,0.3333333333333333,2,2,TACGCGCGGTTTCATTCCGG,0,576509
araCp,0.3333333333333333,2,2,TACGCCTGGTATTTTGCATC,0,554314
araCp,0.3333333333333333,2,2,TACGCATCCTAAGGAAAGCT,0,549217
araCp,0.3333333333333333,2,2,TACGCAACAGAACGAGAAGT,0,528224
araCp,0.3333333333333333,2,2,TACGAGAATATGACAAAGAG,0,563777
araCp,0.3333333333333333,2,2,TACGAATATGGATTATAGTG,0,525824
araCp,0.3333333333333333,2,2,TACCTGGCTTACCAAAGCAT,0,541817
araCp,0.3333333333333333,2,2,TACCTGCCTTAGGTATCCTG,0,574366
araCp,0.3333333333333333,2,2,TACCTCCTGTTATGGCACCC,0,563655
araCp,0.3333333333333333,2,2,TACCTCACCAGAGCATTGTA,0,554537
araCp,0.3333333333333333,2,2,TACCGTTACGGTTTGTGTTT,0,583083
araCp,0.3333333333333333,2,2,TACCGTGCACATTACCAAAT,0,570064
araCp,0.3333333333333333,2,2,TACCGTAGGTAAAGTCTTGA,0,579448
araCp,0.3333333333333333,2,2,TACCGGTGGCTTTGCCCAGC,0,535039
araCp,0.3333333333333333,2,2,TACCGGGGGCCTTAAATTGT,0,534627
araCp,0.3333333333333333,2,2,TACCGGATGTGCTCAAGGTC,0,581528
araCp,0.3333333333333333,2,2,TACCCCATGCAGTCAGGCGT,0,528581
araCp,0.3333333333333333,2,2,TACCAAACCCTTTAAGTAGT,0,602797
araCp,0.3333333333333333,2,2,TACCAAAACGTTTGCAGTTA,0,588234
araCp,0.3333333333333333,2,2,TACATGCGCGGTGTTCATCC,0,563268
araCp,0.3333333333333333,2,2,TACATCGCTACAGCTCACTC,0,565925
araCp,0.3333333333333333,2,2,TACATAATCGGTTAAGCTAG,0,543642
araCp,0.3333333333333333,2,2,TACAGGTCGAATGGGCGGCA,0,539658
araCp,0.3333333333333333,2,2,TACAGCGTTCCGGGACCAAT,0,563100
araCp,0.3333333333333333,2,2,TACAGATTTTTGGGTCGCAG,0,559538
araCp,0.3333333333333333,2,2,TACAATAGCAGCAAGTCAGT,0,564282
araCp,0.3333333333333333,2,2,TACAAGGGTGCACATTGCTG,0,564544
araCp,0.3333333333333333,2,2,TACAACTGCGGCTCTCTTGC,0,526885
araCp,0.3333333333333333,2,2,TACAACCGGCGGGGCAGGAC,0,537677
araCp,0.3333333333333333,2,2,TACAAAGACGACTGGCTCGG,0,565934
araCp,0.3333333333333333,2,2,TACAAAATTCGGCTCAATCT,0,577163
araCp,0.3333333333333333,2,2,TAATGTAGCCACGTGACTCG,0,587403
araCp,0.3333333333333333,2,2,TAATGGCGGGTCGCAGACGT,0,552969
araCp,0.3333333333333333,2,2,TAATGCACTGTACCGATTTC,0,570226
araCp,0.3333333333333333,2,2,TAATATGCAACAGGAACGCA,0,594695
araCp,0.3333333333333333,2,2,TAATATATGGCACCGCAAGG,0,535362
araCp,0.3333333333333333,2,2,TAATACGGACGTTATGAACT,0,580761
araCp,0.3333333333333333,2,2,TAAGTATAGCAAATCTTGCA,0,598644
araCp,0.3333333333333333,2,2,TAAGGTTTCGAGGGTCCGAA,0,596402
araCp,0.3333333333333333,2,2,TAAGGTGACCCGGCCCTCGG,0,548636
araCp,0.3333333333333333,2,2,TAAGGGCGTGGAGCAAGGGG,0,587789
araCp,0.3333333333333333,2,2,TAAGGCCGATTTCTTTCCCT,0,577594
araCp,0.3333333333333333,2,2,TAAGGCAGTCCCGTAACGTT,0,538225
araCp,0.3333333333333333,2,2,TAAGCTAATTGTACAGGCGA,0,589117
araCp,0.3333333333333333,2,2,TAAGCGGCCCAGCTGGGATG,0,587610
araCp,0.3333333333333333,2,2,TAAGCGAGAGCCAAACGCTA,0,603685
araCp,0.3333333333333333,2,2,TAAGCCTAGTTGCCTTGAAC,0,561607
araCp,0.3333333333333333,2,2,TAAGCCTAACCGGAGTCAAC,0,535731
araCp,0.3333333333333333,2,2,TAAGCCGCCGCATAGGGAGT,0,546081
araCp,0.3333333333333333,2,2,TAAGCATTAGTACTTGGGCA,0,531583
araCp,0.3333333333333333,2,2,TAAGATGCACCCTGACAGCT,0,554405
araCp,0.3333333333333333,2,2,TAAGATAGCAATCTCCCCTA,0,529157
araCp,0.3333333333333333,2,2,TAAGAGTAGTGGTTTTAAGC,0,581124
araCp,0.3333333333333333,2,2,TAACTAGCGGTCTCAATCCA,0,575323
araCp,0.3333333333333333,2,2,TAACGGTGTCATAAGCGTTT,0,590726
araCp,0.3333333333333333,2,2,TAACGGCACTCTCAATGCAG,0,564755
araCp,0.3333333333333333,2,2,TAACGCGGCGGACCCAAGAT,0,582170
araCp,0.3333333333333333,2,2,TAACCTGGACTACCATCGGG,0,587798
araCp,0.3333333333333333,2,2,TAACCGCACGACCAATTATT,0,576068
araCp,0.3333333333333333,2,2,TAACAACCCGGCCCAGAGCT,0,534535
araCp,0.3333333333333333,2,2,TAAATTATAGTAGGTGGGCA,0,550684
araCp,0.3333333333333333,2,2,TAAATGACATTTTGGTAAGC,0,590284
araCp,0.3333333333333333,2,2,TAAATACGATGGTTTCACGT,0,551277
araCp,0.3333333333333333,2,2,TAAAGGATGTCACTCGGTTC,0,576638
araCp,0.3333333333333333,2,2,TAAAGGAGCGAACACAGTTT,0,554352
araCp,0.3333333333333333,2,2,TAAAGCATGAATCTGGGCCT,0,566163
araCp,0.3333333333333333,2,2,TAAACTGTCCGACACGCGAC,0,584381
araCp,0.3333333333333333,2,2,TAAACTCAAAGATCCTGTTC,0,578150
araCp,0.3333333333333333,2,2,TAAACCTATATCGAGTGATG,0,530233
araCp,0.3333333333333333,2,2,TAAACACCTTTGGCCACAAT,0,553974
araCp,0.3333333333333333,2,2,TAAAATGGATGTGGGCCTGT,0,541492
araCp,0.3333333333333333,2,2,GTTTTGAGACAGGCGCACGG,0,526033
araCp,0.3333333333333333,2,2,GTTTTCTCAATCTCGGCCAT,0,545937
araCp,0.3333333333333333,2,2,GTTTGTGTAGGGTAAGCGCT,0,568365
araCp,0.3333333333333333,2,2,GTTTGTAGCCCGGCGGCATT,0,603284
araCp,0.3333333333333333,2,2,GTTTGGGCAGGCTAGATTTC,0,534355
araCp,0.3333333333333333,2,2,GTTTGCGATGGCTACGCTCG,0,561604
araCp,0.3333333333333333,2,2,GTTTGAGCAGACGGTCATTA,0,594281
araCp,0.3333333333333333,2,2,GTTTCGGTCATCTATTATGT,0,584564
araCp,0.3333333333333333,2,2,GTTTCATGCCCAACGCATAT,0,546765
araCp,0.3333333333333333,2,2,GTTTAGGAAGAGACATTATG,0,529724
araCp,0.3333333333333333,2,2,GTTTACGCGTTCTCTCAGGG,0,593045
araCp,0.3333333333333333,2,2,GTTGTGTTTTCGGTGTTGTC,0,595375
araCp,0.3333333333333333,2,2,GTTGTGTCAGTATAGTCTAT,0,529257
araCp,0.3333333333333333,2,2,GTTGGGCTGTAATTCTGAGG,0,567824
araCp,0.3333333333333333,2,2,GTTGGCGCAGTTAACAGTGC,0,568294
araCp,0.3333333333333333,2,2,GTTGGCATTCTCTTGGTCGT,0,564078
araCp,0.3333333333333333,2,2,GTTGCTATACTCGAATCGGG,0,543487
araCp,0.3333333333333333,2,2,GTTGCATAAAGGTATGCGCC,0,568511
araCp,0.3333333333333333,2,2,GTTGACCAGTTGGTCTTGCA,0,553987
araCp,0.3333333333333333,2,2,GTTCTCACAGGCATGTAGCG,0,538463
araCp,0.3333333333333333,2,2,GTTCTAAGCGGATTTATCCA,0,528851
araCp,0.3333333333333333,2,2,GTTCGGAAGTGTGTAAGCCA,0,575431
araCp,0.3333333333333333,2,2,GTTCCCGGTGCCTAAGCCTG,0,529506
araCp,0.3333333333333333,2,2,GTTCCCAGCCCTATATCCGT,0,557132
araCp,0.3333333333333333,2,2,GTTCATAACGAGGGGCGAAA,0,540220
araCp,0.3333333333333333,2,2,GTTCAGCTAGGAACGGTTCT,0,582457
araCp,0.3333333333333333,2,2,GTTCAAAGTCGTAGTCAGAA,0,542366
araCp,0.3333333333333333,2,2,GTTATGGAGATGATTATCAG,0,567343
araCp,0.3333333333333333,2,2,GTTATCCCCGGTATCAGTCA,0,573574
araCp,0.3333333333333333,2,2,GTTATAAACTAAGCTAGGGA,0,549360
araCp,0.3333333333333333,2,2,GTTAGTTAGCTTCGGCCACC,0,527618
araCp,0.3333333333333333,2,2,GTTAGCCCATCCAACCCCTG,0,574873
araCp,0.3333333333333333,2,2,GTTACTGACGCATGGGGAAA,0,601184
araCp,0.3333333333333333,2,2,GTTACGGCAGCCACAGTCCA,0,558784
araCp,0.3333333333333333,2,2,GTTACGCATTGACCCAGAAC,0,526039
araCp,0.3333333333333333,2,2,GTTACCGGCCACTGCGGGGT,0,601911
araCp,0.3333333333333333,2,2,GTTACATGCAGACTCCAGTT,0,564683
araCp,0.3333333333333333,2,2,GTTACATATAAAATCCGGAA,0,587736
araCp,0.3333333333333333,2,2,GTTACAATCGGCCCGGTGAT,0,590651
araCp,0.3333333333333333,2,2,GTTAATTAGTAAGGGCCTCA,0,584890
araCp,0.3333333333333333,2,2,GTTAATCTAGTTTACGATTT,0,560133
araCp,0.3333333333333333,2,2,GTTAATCATTCCCGAGTTGT,0,582586
araCp,0.3333333333333333,2,2,GTTAAAGTTTGCACATTGGA,0,583894
araCp,0.3333333333333333,2,2,GTGTTTCATGTTTAAAGGTG,0,547142
araCp,0.3333333333333333,2,2,GTGTTCGGTCTAGCTCAACT,0,538086
araCp,0.3333333333333333,2,2,GTGTTACGACCGAGCCATCA,0,545741
araCp,0.3333333333333333,2,2,GTGTGTTGATTCTTCATTGT,0,601718
araCp,0.3333333333333333,2,2,GTGTGGGTTGGAGGATGCTC,0,555672
araCp,0.3333333333333333,2,2,GTGTGAAGTGTGGGTCGTCT,0,542194
araCp,0.3333333333333333,2,2,GTGTCTCGGAAATGGGCTGG,0,539567
araCp,0.3333333333333333,2,2,GTGTCCGTTGGCACCGCCTA,0,572971
araCp,0.3333333333333333,2,2,GTGTCCCGCGTATCAATCAT,0,527297
araCp,0.3333333333333333,2,2,GTGTCCCGCACTACTTGTGG,0,541306
araCp,0.3333333333333333,2,2,GTGTCAGCCAGATAGATGGA,0,592484
araCp,0.3333333333333333,2,2,GTGTCAGATGAGCCCACTGT,0,538492
araCp,0.3333333333333333,2,2,GTGTCACTAGCGAGATCTAT,0,591104
araCp,0.3333333333333333,2,2,GTGTATTCGCGAATAGGTCA,0,597617
araCp,0.3333333333333333,2,2,GTGGTTTGGGACTGAATCCC,0,543265
araCp,0.3333333333333333,2,2,GTGGTAGTGTCTACACAAGG,0,552052
araCp,0.3333333333333333,2,2,GTGGTACCTATGGGCGGTGA,0,534265
araCp,0.3333333333333333,2,2,GTGGGTCTGATAGGAGAGAA,0,584767
araCp,0.3333333333333333,2,2,GTGGGTCACTCTATTTGAAG,0,568721
araCp,0.3333333333333333,2,2,GTGGGGGTACGATCAGTCTT,0,543163
araCp,0.3333333333333333,2,2,GTGGCTATTTGTGCAATTCT,0,573168
araCp,0.3333333333333333,2,2,GTGGCATTTCTGTGCATAGA,0,555924
araCp,0.3333333333333333,2,2,GTGGATCTGCGATCAGAGCG,0,577543
araCp,0.3333333333333333,2,2,GTGCTTGTGCACTTGGTACT,0,553851
araCp,0.3333333333333333,2,2,GTGCTGAAGCATTTGTGAGA,0,554115
araCp,0.3333333333333333,2,2,GTGCTCTGGTAACACGCCGC,0,552093
araCp,0.3333333333333333,2,2,GTGCTAGCAGGGATATACGA,0,595939
araCp,0.3333333333333333,2,2,GTGCGGAATCCGATAGTGTT,0,551928
araCp,0.3333333333333333,2,2,GTGCGAGAAATTACTCAGCA,0,564879
araCp,0.3333333333333333,2,2,GTGCGAAGAATGGGTCACGG,0,531994
araCp,0.3333333333333333,2,2,GTGCGAACCTATGGTGTCGG,0,577033
araCp,0.3333333333333333,2,2,GTGCCCCCGCTTATGGGTTA,0,581257
araCp,0.3333333333333333,2,2,GTGCACTCCCGTCTTTCCTA,0,532241
araCp,0.3333333333333333,2,2,GTGCACACATGCCCACTTGT,0,602562
araCp,0.3333333333333333,2,2,GTGATTGTTTAGTCTTGGAA,0,581750
araCp,0.3333333333333333,2,2,GTGATTATAGTTTAGCGGAA,0,528578
araCp,0.3333333333333333,2,2,GTGATTAGGAATCATGTTAA,0,530130
araCp,0.3333333333333333,2,2,GTGATGCGTCATGTCCGCGA,0,594609
araCp,0.3333333333333333,2,2,GTGATCGTGCTCCCTGCGGC,0,541720
araCp,0.3333333333333333,2,2,GTGATCCTATATTTTTGAGC,0,563620
araCp,0.3333333333333333,2,2,GTGAGCCATGTACGACGCTG,0,576607
araCp,0.3333333333333333,2,2,GTGACGGGGGATGCCCTATA,0,567943
araCp,0.3333333333333333,2,2,GTCTTCTGTAGATTGTACAG,0,596407
araCp,0.3333333333333333,2,2,GTCTTCTAATCGGGCCTAAT,0,529650
araCp,0.3333333333333333,2,2,GTCTTCATGAGCTCATTCTC,0,597104
araCp,0.3333333333333333,2,2,GTCTGTTTTATAATTTCAGC,0,587915
araCp,0.3333333333333333,2,2,GTCTGGGACCATGCTTTAGA,0,593017
araCp,0.3333333333333333,2,2,GTCTGCTTTATGCGGAGAGT,0,541568
araCp,0.3333333333333333,2,2,GTCTGATTCAGTATATCATG,0,530243
araCp,0.3333333333333333,2,2,GTCTCTCTGCGGGCACGTCA,0,535365
araCp,0.3333333333333333,2,2,GTCTCCTTTGCGCTCATTAT,0,587830
araCp,0.3333333333333333,2,2,GTCTCATACCTCTCGGGCCG,0,586100
araCp,0.3333333333333333,2,2,GTCTATTGTGCGATCTGGCG,0,580324
araCp,0.3333333333333333,2,2,GTCTATCGGTCCCAGACCAC,0,567187
araCp,0.3333333333333333,2,2,GTCTAGTCGCACATTGTTCC,0,592216
araCp,0.3333333333333333,2,2,GTCTAGAGTGGCACCTTGCG,0,599022
araCp,0.3333333333333333,2,2,GTCGTGGTTAATACGATAGA,0,532161
araCp,0.3333333333333333,2,2,GTCGTCATATGCCTGTCATT,0,595576
araCp,0.3333333333333333,2,2,GTCGTATCCGTAGGTGTTCT,0,567695
araCp,0.3333333333333333,2,2,GTCGTATCCCGTATTGGTGC,0,575647
araCp,0.3333333333333333,2,2,GTCGGTCGCCGGGTCGAACA,0,584534
araCp,0.3333333333333333,2,2,GTCGGTCAGTGGTTCATACA,0,573386
araCp,0.3333333333333333,2,2,GTCGCTTTATCTTTGGTCCA,0,566262
araCp,0.3333333333333333,2,2,GTCGCGACATGCGTCCTCTT,0,574653
araCp,0.3333333333333333,2,2,GTCGCATTTCGGCGATTTAT,0,590613
araCp,0.3333333333333333,2,2,GTCGCATTCGTACGGACTAG,0,598687
araCp,0.3333333333333333,2,2,GTCGCACGAGCCATAGGATA,0,536003
araCp,0.3333333333333333,2,2,GTCGCAATCGCGGGAATTAT,0,535029
araCp,0.3333333333333333,2,2,GTCGATTGCCATTGCAAAAA,0,571988
araCp,0.3333333333333333,2,2,GTCGATCTTACTATGCACCA,0,599396
araCp,0.3333333333333333,2,2,GTCGATCCACCGCCGGCCCT,0,586048
araCp,0.3333333333333333,2,2,GTCGAAGCTCCGTGGGCCGA,0,538596
araCp,0.3333333333333333,2,2,GTCGAAATCTCTGCAACAAC,0,526632
araCp,0.3333333333333333,2,2,GTCCTGAGCGCATATTTAAG,0,535326
araCp,0.3333333333333333,2,2,GTCCGTCGCACGGGTGGGTA,0,588149
araCp,0.3333333333333333,2,2,GTCCGTCAATTCAGTGGGAT,0,534073
araCp,0.3333333333333333,2,2,GTCCGGCAGTAGCTATGCCC,0,588908
araCp,0.3333333333333333,2,2,GTCCGATTGTGTAAAATTGT,0,572495
araCp,0.3333333333333333,2,2,GTCCCCAGTTGAACAAAATA,0,528861
araCp,0.3333333333333333,2,2,GTCATATATTATTGACATGA,0,550299
araCp,0.3333333333333333,2,2,GTCATAGTAGGTGCCCATTA,0,533677
araCp,0.3333333333333333,2,2,GTCATACCTAGCTAGACGGA,0,567378
araCp,0.3333333333333333,2,2,GTCATAATAAAATGCAAACT,0,574815
araCp,0.3333333333333333,2,2,GTCAGTTGAGGGCACTAAGG,0,583936
araCp,0.3333333333333333,2,2,GTCAGATGTGGGGCCTTTGA,0,537635
araCp,0.3333333333333333,2,2,GTCACGGGACCGTCCATCAA,0,533913
araCp,0.3333333333333333,2,2,GTCAATGGGGGTATGTAGCT,0,532866
araCp,0.3333333333333333,2,2,GTATTCGCGGCCCTGATTCT,0,537040
araCp,0.3333333333333333,2,2,GTATTCACTCAACAAACACC,0,551204
araCp,0.3333333333333333,2,2,GTATTATGTTCCAAGCTCAT,0,570584
araCp,0.3333333333333333,2,2,GTATTACTGCTTGGTTGTCA,0,536684
araCp,0.3333333333333333,2,2,GTATGGGTGGATTTTTGTGG,0,568691
araCp,0.3333333333333333,2,2,GTATGGACACCAGTGTCAGG,0,603365
araCp,0.3333333333333333,2,2,GTATGCATAGACTCAGCCCC,0,563079
araCp,0.3333333333333333,2,2,GTATGCAAATTGGTTTTGGA,0,587885
araCp,0.3333333333333333,2,2,GTATGATTAACGGATTTAGT,0,574769
araCp,0.3333333333333333,2,2,GTATCTTCTGTTTGATCCTG,0,552224
araCp,0.3333333333333333,2,2,GTATCTAGGGGCGGAATGCC,0,590352
araCp,0.3333333333333333,2,2,GTATCGTTGATGCCTAACGT,0,602605
araCp,0.3333333333333333,2,2,GTATCGTTCCTAAGGCAGAT,0,588733
araCp,0.3333333333333333,2,2,GTATCGCCACACAGGCAGGT,0,558766
araCp,0.3333333333333333,2,2,GTATCCTGAGTACAAGCGTC,0,601278
araCp,0.3333333333333333,2,2,GTATCCTCTGCTGCAGCAAA,0,537296
araCp,0.3333333333333333,2,2,GTATCACTGTTCAGAGTGTG,0,545559
araCp,0.3333333333333333,2,2,GTATCACCATTGCTTGTAGG,0,562383
araCp,0.3333333333333333,2,2,GTATCAAGTGTTTTAAATCA,0,576477
araCp,0.3333333333333333,2,2,GTATAGTGAAGCGGATAGTT,0,581714
araCp,0.3333333333333333,2,2,GTATAGTATGGGTACGTACC,0,542622
araCp,0.3333333333333333,2,2,GTATAGAGATATAGTATCGT,0,546669
araCp,0.3333333333333333,2,2,GTAGTTGATGCATGCACAGA,0,547805
araCp,0.3333333333333333,2,2,GTAGGTCAACATCTTGGGAC,0,592273
araCp,0.3333333333333333,2,2,GTAGGGCGGACCTTTTTATC,0,563732
araCp,0.3333333333333333,2,2,GTAGGATGGATTTTGCGAAT,0,603688
araCp,0.3333333333333333,2,2,GTAGGAATTCTCATCTCTCG,0,574805
araCp,0.3333333333333333,2,2,GTAGCTGTTATGATAGGAAG,0,593252
araCp,0.3333333333333333,2,2,GTAGCCGCTCCTGTTGTCGC,0,550200
araCp,0.3333333333333333,2,2,GTAGCAGCCGACTCCTATGC,0,586836
araCp,0.3333333333333333,2,2,GTAGATTCAACGGCCGCCGA,0,577193
araCp,0.3333333333333333,2,2,GTAGATAGCTGCGTAGCTCA,0,554362
araCp,0.3333333333333333,2,2,GTACTTACTCTAACACTTAT,0,538510
araCp,0.3333333333333333,2,2,GTACTTAATAGGCCTCAAAC,0,539273
araCp,0.3333333333333333,2,2,GTACGGGGACAGCTTTTCGT,0,587980
araCp,0.3333333333333333,2,2,GTACGCTGATTACAGATCCA,0,575130
araCp,0.3333333333333333,2,2,GTACGCCGTTTCGGAGGCTC,0,535666
araCp,0.3333333333333333,2,2,GTACCTCAAGGTCGCCCACC,0,531444
araCp,0.3333333333333333,2,2,GTACCGGAGAGTCTGGCTCG,0,603311
araCp,0.3333333333333333,2,2,GTACCGCGCTAACAGGATTA,0,530619
araCp,0.3333333333333333,2,2,GTACCCTGGCTTGCTACCAT,0,552278
araCp,0.3333333333333333,2,2,GTACCCGGGGGAAACCTTAG,0,564164
araCp,0.3333333333333333,2,2,GTACCAATGTAGTCCGTTCT,0,573035
araCp,0.3333333333333333,2,2,GTACATCGTGGCACATCTGA,0,565565
araCp,0.3333333333333333,2,2,GTACAATAAATCGAGGGCCA,0,577583
araCp,0.3333333333333333,2,2,GTAATTGCCTCAATTCCCTG,0,589622
araCp,0.3333333333333333,2,2,GTAACCGTCGATTTGACGGC,0,565745
araCp,0.3333333333333333,2,2,GTAACACGTGACTGGGCTTA,0,545728
araCp,0.3333333333333333,2,2,GTAAATCTGCCGATGCCATG,0,599486
araCp,0.3333333333333333,2,2,GTAAATCGACAGCCTACAGG,0,567293
araCp,0.3333333333333333,2,2,GGTTTTGCCTGAAGCCCTAA,0,574996
araCp,0.3333333333333333,2,2,GGTTTGGTATTGGATCACTT,0,581917
araCp,0.3333333333333333,2,2,GGTTGGGAGTGAATAAAAAC,0,560342
araCp,0.3333333333333333,2,2,GGTTGCCTCACGGGCTATGT,0,593749
araCp,0.3333333333333333,2,2,GGTTGCAGCACCGCGGTCGT,0,557933
araCp,0.3333333333333333,2,2,GGTTCATATCCCATTGCGCA,0,569367
araCp,0.3333333333333333,2,2,GGTTCAGTCTGGGGAAACTA,0,543806
araCp,0.3333333333333333,2,2,GGTTAGGGCACCCTAGGGGT,0,565492
araCp,0.3333333333333333,2,2,GGTTAGAGGTGTATAGATGA,0,540967
araCp,0.3333333333333333,2,2,GGTTACCCTCCGCGAGGACC,0,590003
araCp,0.3333333333333333,2,2,GGTTAAGACATGCTGAAAGT,0,534719
araCp,0.3333333333333333,2,2,GGTGTCGCTCTTTAGCCGGA,0,573524
araCp,0.3333333333333333,2,2,GGTGTACGAAGTGGCATTGG,0,591401
araCp,0.3333333333333333,2,2,GGTGTACATTCATATAGTTC,0,529414
araCp,0.3333333333333333,2,2,GGTGGTGGACCCGTATTACG,0,542281
araCp,0.3333333333333333,2,2,GGTGGGGTTGTGCAGAAGAA,0,569761
araCp,0.3333333333333333,2,2,GGTGGACCTAGAGAGTCCGA,0,565669
araCp,0.3333333333333333,2,2,GGTGCTGGTGTTCGAAATAT,0,569606
araCp,0.3333333333333333,2,2,GGTGCATGGTCTCAGATTAG,0,587237
araCp,0.3333333333333333,2,2,GGTGATTGTGCAGCCTTTTG,0,563617
araCp,0.3333333333333333,2,2,GGTGAGCAAATGTTCACAAC,0,568466
araCp,0.3333333333333333,2,2,GGTGACGGGCAAAGAAGGAC,0,570143
araCp,0.3333333333333333,2,2,GGTGACCGGGACCTATAACC,0,537695
araCp,0.3333333333333333,2,2,GGTCTTTATGCTCACGTCCA,0,549245
araCp,0.3333333333333333,2,2,GGTCTGTTCGTTGCTCTAGC,0,590599
araCp,0.3333333333333333,2,2,GGTCTCGACTGCGGTTTGCA,0,559836
araCp,0.3333333333333333,2,2,GGTCTCATGCAGAGCTGCCG,0,595747
araCp,0.3333333333333333,2,2,GGTCTCACACTAATATACGT,0,541129
araCp,0.3333333333333333,2,2,GGTCGGCTGGACTTATTTCG,0,596864
araCp,0.3333333333333333,2,2,GGTCGGATATCAATGCGGCC,0,562510
araCp,0.3333333333333333,2,2,GGTCCTAGTTTGGACACATG,0,566889
araCp,0.3333333333333333,2,2,GGTCCGTATCTGCCGTATCA,0,553583
araCp,0.3333333333333333,2,2,GGTCCCATACTTTTACACAT,0,526524
araCp,0.3333333333333333,2,2,GGTCCAGTATGTAAGTAATC,0,573607
araCp,0.3333333333333333,2,2,GGTCATTTTACTAGGGACGG,0,589041
araCp,0.3333333333333333,2,2,GGTCAGGCTTGGCTGGCCGT,0,534979
araCp,0.3333333333333333,2,2,GGTCAGAATCCAGCCGCCCA,0,526460
araCp,0.3333333333333333,2,2,GGTCACTCGCCTCCCTAGAT,0,602039
araCp,0.3333333333333333,2,2,GGTCACTATCAGACGTGGCA,0,539665
araCp,0.3333333333333333,2,2,GGTCACACGCCTGAGGCCCT,0,603622
araCp,0.3333333333333333,2,2,GGTCACAATAACCGCACTAA,0,555580
araCp,0.3333333333333333,2,2,GGTCAACGATCGACCCTTGT,0,599465
araCp,0.3333333333333333,2,2,GGTCAAATTTTAGTGATCGT,0,566756
araCp,0.3333333333333333,2,2,GGTATAACACGTATATTTTG,0,590918
araCp,0.3333333333333333,2,2,GGTAGGGGGCTTGTCGGATA,0,558047
araCp,0.3333333333333333,2,2,GGTAGGGAAGTGTTGGCCCT,0,591012
araCp,0.3333333333333333,2,2,GGTAGGCGTCAGGTTGCGCC,0,594885
araCp,0.3333333333333333,2,2,GGTACGTCTCCTAAGCTACA,0,528717
araCp,0.3333333333333333,2,2,GGTACGAACTATTGTAGAAA,0,601915
araCp,0.3333333333333333,2,2,GGTACCTCGCCGGACCTGAC,0,554054
araCp,0.3333333333333333,2,2,GGTACAGCGTATATCCAATA,0,526748
araCp,0.3333333333333333,2,2,GGTAATGTGAACAACAAAAT,0,572251
araCp,0.3333333333333333,2,2,GGTAATACTTTATACTGCCT,0,527201
araCp,0.3333333333333333,2,2,GGTAACTGGTACTCAGCCAC,0,543565
araCp,0.3333333333333333,2,2,GGTAACCGAGTCATCCATGG,0,601987
araCp,0.3333333333333333,2,2,GGGTTTTTGGGGGATTGCAG,0,595734
araCp,0.3333333333333333,2,2,GGGTGGTTCCTAATAACACT,0,532300
araCp,0.3333333333333333,2,2,GGGTGGGTACTGCTTTTGCA,0,559998
araCp,0.3333333333333333,2,2,GGGTGGATGCACTCTGTTAC,0,581432
araCp,0.3333333333333333,2,2,GGGTGCCCTCCAGAGCTGTT,0,593147
araCp,0.3333333333333333,2,2,GGGTGCACGGACCTTCCGAG,0,531461
araCp,0.3333333333333333,2,2,GGGTGAGTCCCGCAGAACTC,0,535861
araCp,0.3333333333333333,2,2,GGGTGAGACCATTTGTGTGG,0,575630
araCp,0.3333333333333333,2,2,GGGTCGGCATCTGAGCGCCA,0,565891
araCp,0.3333333333333333,2,2,GGGTCCGCGAGGATCGTCAG,0,569177
araCp,0.3333333333333333,2,2,GGGTCCAAAGGAAAGGTTCA,0,531106
araCp,0.3333333333333333,2,2,GGGTCACTCAATAGATAAAC,0,579567
araCp,0.3333333333333333,2,2,GGGTATGAATAAAGGGCGTC,0,546970
araCp,0.3333333333333333,2,2,GGGTAGACATTTTTAGTTTA,0,555903
araCp,0.3333333333333333,2,2,GGGTAGAACACGAGGCATCT,0,568580
araCp,0.3333333333333333,2,2,GGGTACGCATGCGAGGCGCA,0,537577
araCp,0.3333333333333333,2,2,GGGGTTGGTTGCGACATTCT,0,530183
araCp,0.3333333333333333,2,2,GGGGTTAAATGTTGGACGGA,0,585165
araCp,0.3333333333333333,2,2,GGGGTGACCTGGCTTGGGAC,0,555578
araCp,0.3333333333333333,2,2,GGGGTAGGTTGAATATAAAA,0,533277
araCp,0.3333333333333333,2,2,GGGGGTTTCTAGAGGTATTC,0,554052
araCp,0.3333333333333333,2,2,GGGGGGGCTTCGACTGGTAG,0,582890
araCp,0.3333333333333333,2,2,GGGGGGACTGTTTTCACATT,0,554338
araCp,0.3333333333333333,2,2,GGGGCCATAAGGAGGAGCGT,0,552335
araCp,0.3333333333333333,2,2,GGGGCAGATTCGTAGTCGTT,0,603557
araCp,0.3333333333333333,2,2,GGGGAGTTGTAGCTTACGGC,0,545762
araCp,0.3333333333333333,2,2,GGGGAGAGTTGCGGAGTGAT,0,546725
araCp,0.3333333333333333,2,2,GGGGACGGAGGGGGACACGG,0,565806
araCp,0.3333333333333333,2,2,GGGCTTTCTGAGTAGACGCC,0,534722
araCp,0.3333333333333333,2,2,GGGCTTGCTCTTGCATCGGT,0,570950
araCp,0.3333333333333333,2,2,GGGCTTCTCAGTAGCAAAGG,0,527965
araCp,0.3333333333333333,2,2,GGGCTGACTCCACAGCATGT,0,583234
araCp,0.3333333333333333,2,2,GGGCTCTTGTACTAGACAAC,0,589673
araCp,0.3333333333333333,2,2,GGGCTCGTACGCTGGTCTGT,0,550199
araCp,0.3333333333333333,2,2,GGGCTCCTTCAACAGTCAAC,0,586523
araCp,0.3333333333333333,2,2,GGGCGGAATGAGAGCTTTCC,0,561934
araCp,0.3333333333333333,2,2,GGGCCTATGTGGGGAGGCAT,0,534683
araCp,0.3333333333333333,2,2,GGGCCGTCTGGGGATGTTCC,0,547733
araCp,0.3333333333333333,2,2,GGGCCGGAGGTGTTCTGAGT,0,550044
araCp,0.3333333333333333,2,2,GGGCACCACACTCGGCGATA,0,533182
araCp,0.3333333333333333,2,2,GGGATTAGGCGACAGCTCCA,0,588197
araCp,0.3333333333333333,2,2,GGGATCTGAAGGGAAAGCAG,0,563354
araCp,0.3333333333333333,2,2,GGGATCTCAGACGAGGATAT,0,563614
araCp,0.3333333333333333,2,2,GGGATCAGTATCCCATAATC,0,592368
araCp,0.3333333333333333,2,2,GGGATCAAGTACTAACAAAG,0,559609
araCp,0.3333333333333333,2,2,GGGATACAGACTAGCGATTG,0,551022
araCp,0.3333333333333333,2,2,GGGAGAATCAGCCTTGCAGA,0,572751
araCp,0.3333333333333333,2,2,GGGACGTCCCCGTCCAAACT,0,557844
araCp,0.3333333333333333,2,2,GGGAACAGTTTGTCACACCC,0,563005
araCp,0.3333333333333333,2,2,GGGAAAGTAGCGCCGTCTTA,0,574417
araCp,0.3333333333333333,2,2,GGCTTTGGGGTTGATGGACA,0,581431
araCp,0.3333333333333333,2,2,GGCTTTGGCATCGCAGACGC,0,531073
araCp,0.3333333333333333,2,2,GGCTTCTTTTCACACATTTT,0,593984
araCp,0.3333333333333333,2,2,GGCTTCCGTAGGGGTGCCCG,0,532771
araCp,0.3333333333333333,2,2,GGCTTCCCTCAGGTAGTATC,0,540176
araCp,0.3333333333333333,2,2,GGCTTCATCTTAAGCAGTCA,0,553432
araCp,0.3333333333333333,2,2,GGCTTATCAGCAGTTGCAAC,0,529020
araCp,0.3333333333333333,2,2,GGCTTAGATATCAATAGAAC,0,525711
araCp,0.3333333333333333,2,2,GGCTGCTTACACTCAATTGC,0,553760
araCp,0.3333333333333333,2,2,GGCTGCGATCCCGGGAGCGA,0,554130
araCp,0.3333333333333333,2,2,GGCTGCAGCGCTAATGTTAC,0,592151
araCp,0.3333333333333333,2,2,GGCTGACGGTTAGTAGGCCA,0,554952
araCp,0.3333333333333333,2,2,GGCTGAATAGGGTGGCGGAC,0,596073
araCp,0.3333333333333333,2,2,GGCTCATACAGAAAGGAGTC,0,546916
araCp,0.3333333333333333,2,2,GGCTCACGAACAGTGGTGTA,0,558056
araCp,0.3333333333333333,2,2,GGCTATGAACGGGTCTTCGT,0,573872
araCp,0.3333333333333333,2,2,GGCTATCCGGCAGAGCGCGA,0,526232
araCp,0.3333333333333333,2,2,GGCTACTCGAGTACATCGTA,0,527554
araCp,0.3333333333333333,2,2,GGCTACACATAATCGAATAT,0,596666
araCp,0.3333333333333333,2,2,GGCGGTGTACTGAAGAGGGG,0,592068
araCp,0.3333333333333333,2,2,GGCGGTATGGGCGGTAGCCT,0,587913
araCp,0.3333333333333333,2,2,GGCGGGATGAACGTCAGCAG,0,543125
araCp,0.3333333333333333,2,2,GGCGGCACCAAAGGACGCAA,0,567265
araCp,0.3333333333333333,2,2,GGCGCGGATTGTTATAATCC,0,557755
araCp,0.3333333333333333,2,2,GGCGCGAACATGTACTGCCA,0,601673
araCp,0.3333333333333333,2,2,GGCGCCTGTGGTGTGTCTCT,0,571836
araCp,0.3333333333333333,2,2,GGCGCCTGGCCCTCGCATTC,0,565282
araCp,0.3333333333333333,2,2,GGCGAGGTACATAGCCGTTG,0,569914
araCp,0.3333333333333333,2,2,GGCCTTTTTAACTCACCATC,0,561091
araCp,0.3333333333333333,2,2,GGCCTTCGTCTTTTCGGATA,0,597822
araCp,0.3333333333333333,2,2,GGCCTGCGTAGCCTCAGTTC,0,543911
araCp,0.3333333333333333,2,2,GGCCTCCGAAAAACGGTGGC,0,527436
araCp,0.3333333333333333,2,2,GGCCTCACGGAGACGCCTGG,0,558945
araCp,0.3333333333333333,2,2,GGCCTAATACTTCAGTCTCA,0,578758
araCp,0.3333333333333333,2,2,GGCCGTGGTGGACTTGGGGC,0,526007
araCp,0.3333333333333333,2,2,GGCCGCCCATTGCCTCCAGT,0,544404
araCp,0.3333333333333333,2,2,GGCCGCATAATACTGCAGGT,0,565413
araCp,0.3333333333333333,2,2,GGCCGAATCTACCAGCCCAC,0,551237
araCp,0.3333333333333333,2,2,GGCCCGGGATAAGACCTTAG,0,527304
araCp,0.3333333333333333,2,2,GGCCCCTAAGTGCGCCCCCA,0,586774
araCp,0.3333333333333333,2,2,GGCCCAGTTGACTAGCATTC,0,528377
araCp,0.3333333333333333,2,2,GGCCAGCGTTGGTAATCGCA,0,541172
araCp,0.3333333333333333,2,2,GGCCACAATCTGTAATAATG,0,531539
araCp,0.3333333333333333,2,2,GGCCAATCTGGGAAGAGTAA,0,545272
araCp,0.3333333333333333,2,2,GGCATGAGACCGATTAATAC,0,597882
araCp,0.3333333333333333,2,2,GGCATCGTTTAGTGTTAAAT,0,594978
araCp,0.3333333333333333,2,2,GGCATCCGACTAGCACATTC,0,586640
araCp,0.3333333333333333,2,2,GGCAGCAAGGCTCACCGGCA,0,560514
araCp,0.3333333333333333,2,2,GGCACGGGGAGTTCATGGCA,0,596855
araCp,0.3333333333333333,2,2,GGCACGCTGCATGCTCAGGC,0,586448
araCp,0.3333333333333333,2,2,GGCACGCTATGTAAGGTTGT,0,560013
araCp,0.3333333333333333,2,2,GGCACCGCGGCTAATCTATA,0,545383
araCp,0.3333333333333333,2,2,GGCACCCGCGCGGAAGATCA,0,595071
araCp,0.3333333333333333,2,2,GGCACAGCGATCACCACGTC,0,584702
araCp,0.3333333333333333,2,2,GGCAATTCTTGTGTGTAACA,0,573998
araCp,0.3333333333333333,2,2,GGCAACTGGTCGATTCGGGG,0,549241
araCp,0.3333333333333333,2,2,GGCAACGGTCCTATAGGAGG,0,530669
araCp,0.3333333333333333,2,2,GGCAAATCACAGCACCCTCA,0,572009
araCp,0.3333333333333333,2,2,GGATTCTTTTCAGTCTAGGA,0,555028
araCp,0.3333333333333333,2,2,GGATGTTTCGAGTTGCGAAG,0,567446
araCp,0.3333333333333333,2,2,GGATGTCGGATCCCGGCAGT,0,559325
araCp,0.3333333333333333,2,2,GGATGGGGCTACCTAGTTAG,0,533189
araCp,0.3333333333333333,2,2,GGATGCTGAAGGGAGCTAGT,0,569881
araCp,0.3333333333333333,2,2,GGATGCGCTAGAGGACCGCG,0,601099
araCp,0.3333333333333333,2,2,GGATGAGCTGACATGTCTAC,0,567794
araCp,0.3333333333333333,2,2,GGATCTTGAGAACCCGGGTC,0,581383
araCp,0.3333333333333333,2,2,GGATCGGTTCAGCATAATAG,0,555710
araCp,0.3333333333333333,2,2,GGATATTGTATGTTGAACTT,0,526190
araCp,0.3333333333333333,2,2,GGATATATGGCTTCTTGCTA,0,587541
araCp,0.3333333333333333,2,2,GGATAGCTGCAGTATATTAG,0,531614
araCp,0.3333333333333333,2,2,GGATACTCTCAAAGCCTTGT,0,550821
araCp,0.3333333333333333,2,2,GGAGTGGCACGGTAGCATAA,0,577434
araCp,0.3333333333333333,2,2,GGAGTCGTGCTCTATATTTA,0,553957
araCp,0.3333333333333333,2,2,GGAGTAAGTAGACCTGTCAG,0,560945
araCp,0.3333333333333333,2,2,GGAGTAACGGGCGCAAATGT,0,527877
araCp,0.3333333333333333,2,2,GGAGGTCACCTAAGTATCCT,0,529623
araCp,0.3333333333333333,2,2,GGAGGGTAGGGCAGGGCCGA,0,595489
araCp,0.3333333333333333,2,2,GGAGGCGGTAGAACCGCTCA,0,558798
araCp,0.3333333333333333,2,2,GGAGGCGAAAGCCCACGATG,0,525669
araCp,0.3333333333333333,2,2,GGAGCCCAACTTTATTCATT,0,573054
araCp,0.3333333333333333,2,2,GGAGATGGATAATTGCGGCC,0,570469
araCp,0.3333333333333333,2,2,GGAGAGCAGCGGGAATTTCG,0,554806
araCp,0.3333333333333333,2,2,GGAGACGGTCGGTCACGACC,0,587390
araCp,0.3333333333333333,2,2,GGACTATTGTACTTCCGCGC,0,561196
araCp,0.3333333333333333,2,2,GGACTATAGCTTGGGGATTA,0,583420
araCp,0.3333333333333333,2,2,GGACTACTATGACGGTGTAA,0,587537
araCp,0.3333333333333333,2,2,GGACGGGGAAGGTTCGCGAG,0,542815
araCp,0.3333333333333333,2,2,GGACGAAGTGAAGCAAGAGA,0,536425
araCp,0.3333333333333333,2,2,GGACCGTGCCGGGTTCGTCC,0,589656
araCp,0.3333333333333333,2,2,GGACCCCTAACACGTCTTGC,0,525701
araCp,0.3333333333333333,2,2,GGACCCCCACTCCCAAAACA,0,531628
araCp,0.3333333333333333,2,2,GGACCCACCTACATACAACC,0,575629
araCp,0.3333333333333333,2,2,GGACCAGACGTATCTGGTTC,0,551278
araCp,0.3333333333333333,2,2,GGACAAAGGGGGAACATTCA,0,598807
araCp,0.3333333333333333,2,2,GGAATGAACATGCCGACCAA,0,586163
araCp,0.3333333333333333,2,2,GGAATAAATCCTTATCCACT,0,602119
araCp,0.3333333333333333,2,2,GGAAGGACCTCCGATCGTGC,0,572809
araCp,0.3333333333333333,2,2,GGAAGACACGCTGTGCCATT,0,532930
araCp,0.3333333333333333,2,2,GGAACAGCTACAGGGGGTAT,0,565602
araCp,0.3333333333333333,2,2,GGAACAACGTGGAGCCCTTC,0,579072
araCp,0.3333333333333333,2,2,GGAAACGAAGCGCTACTTTG,0,590058
araCp,0.3333333333333333,2,2,GGAAACATGAAGGTAGCTGG,0,584587
araCp,0.3333333333333333,2,2,GGAAACAATGAATCCAGGTC,0,580967
araCp,0.3333333333333333,2,2,GCTTTTTGCAGTGTCTGCAG,0,571584
araCp,0.3333333333333333,2,2,GCTTTTACGCCTGACTGGCT,0,561638
araCp,0.3333333333333333,2,2,GCTTTTACCTGGAGCTGACG,0,569336
araCp,0.3333333333333333,2,2,GCTTTAAAATGTTGGGATGC,0,539187
araCp,0.3333333333333333,2,2,GCTTCTTGTCGTACCGTCCA,0,589864
araCp,0.3333333333333333,2,2,GCTTCCGTATGACAGAAGTC,0,574984
araCp,0.3333333333333333,2,2,GCTTATTTCAAAGTCCGTGT,0,575027
araCp,0.3333333333333333,2,2,GCTTAGCCGTTAAAGAGCTG,0,526453
araCp,0.3333333333333333,2,2,GCTTAACCCAAGTACATAAT,0,574357
araCp,0.3333333333333333,2,2,GCTGTTGTAAGGCGCATGTT,0,601705
araCp,0.3333333333333333,2,2,GCTGTTAGTAAACTGTGTAG,0,558067
araCp,0.3333333333333333,2,2,GCTGTGGGCGCCCGGGCGTT,0,572097
araCp,0.3333333333333333,2,2,GCTGGGGGGGTGGCATTGTT,0,600802
araCp,0.3333333333333333,2,2,GCTGGCGGTATAGTGTCAAT,0,562340
araCp,0.3333333333333333,2,2,GCTGGAAAGCTTTAAGTGCA,0,533017
araCp,0.3333333333333333,2,2,GCTGCGCAGAGGTCGCCAAG,0,552494
araCp,0.3333333333333333,2,2,GCTGACAGTCTGACAAGGGG,0,525688
araCp,0.3333333333333333,2,2,GCTGAAATCCGGGCGCCCGG,0,603209
araCp,0.3333333333333333,2,2,GCTCTAGCTGTTTTCGAGAA,0,551665
araCp,0.3333333333333333,2,2,GCTCTACAGGGGACCTAAAA,0,576943
araCp,0.3333333333333333,2,2,GCTCGATGAACCACGCTAAA,0,600156
araCp,0.3333333333333333,2,2,GCTCAGATCTAAGCCATTGA,0,561041
araCp,0.3333333333333333,2,2,GCTCACTATTTCTGTGCAGG,0,587855
araCp,0.3333333333333333,2,2,GCTATTCAAGCTCCATCAGT,0,529103
araCp,0.3333333333333333,2,2,GCTATGCGTTGCCCGAATCA,0,569757
araCp,0.3333333333333333,2,2,GCTATACGCAGGTAAGGACA,0,592786
araCp,0.3333333333333333,2,2,GCTAGAGCGGTCGAGCTACT,0,575429
araCp,0.3333333333333333,2,2,GCTACTGCGTGTAGCTAGAA,0,548198
araCp,0.3333333333333333,2,2,GCTACGCGCCACGTGTGAAG,0,526759
araCp,0.3333333333333333,2,2,GCTACCGCGAGCATGCGGCT,0,545139
araCp,0.3333333333333333,2,2,GCTACCGAATATCAAGTCTT,0,554227
araCp,0.3333333333333333,2,2,GCTACCATGTATAGCTAGTA,0,584898
araCp,0.3333333333333333,2,2,GCTACAGGGCATGAGAGATT,0,598169
araCp,0.3333333333333333,2,2,GCTAATACGCCTCCCCAGCA,0,576700
araCp,0.3333333333333333,2,2,GCTAAGTAGATCCAGTCGGA,0,596425
araCp,0.3333333333333333,2,2,GCTAAGCAGCTAACCATCAT,0,529976
araCp,0.3333333333333333,2,2,GCTAAGAGGCGATCACCCTA,0,575872
araCp,0.3333333333333333,2,2,GCTAAAGCGGTCATCATTGG,0,547789
araCp,0.3333333333333333,2,2,GCTAAACTGATAAGTCACAT,0,593691
araCp,0.3333333333333333,2,2,GCGTTGGTGCTAGGTTGGAC,0,530457
araCp,0.3333333333333333,2,2,GCGTGCGGCTATCCCAACGG,0,530154
araCp,0.3333333333333333,2,2,GCGTGCGCAAACAAAGGATC,0,585028
araCp,0.3333333333333333,2,2,GCGTGCGAGAGACAAACGCG,0,581795
araCp,0.3333333333333333,2,2,GCGTCGTCCCTTCGCGTGCA,0,576849
araCp,0.3333333333333333,2,2,GCGTCCCCTCACTGTTCTCC,0,556703
araCp,0.3333333333333333,2,2,GCGTCAATATGAGGGAAATA,0,552543
araCp,0.3333333333333333,2,2,GCGTCAACCAGGCGTTCTCG,0,568960
araCp,0.3333333333333333,2,2,GCGTAATTTCCGATCCGCAG,0,571578
araCp,0.3333333333333333,2,2,GCGGTTTTCGAGCTGCAGCC,0,595052
araCp,0.3333333333333333,2,2,GCGGTTTGTAGAGCGGGTTA,0,595453
araCp,0.3333333333333333,2,2,GCGGTTTAACTTAGTACACG,0,582221
araCp,0.3333333333333333,2,2,GCGGTCGTTTGTACTGAGGC,0,581237
araCp,0.3333333333333333,2,2,GCGGGGTGCACGTGGCACGG,0,590844
araCp,0.3333333333333333,2,2,GCGGGCGTGGCTTACAACTA,0,585788
araCp,0.3333333333333333,2,2,GCGGATCGAAGTATTTGTCA,0,543371
araCp,0.3333333333333333,2,2,GCGGATCGAAAATGACCTGC,0,587859
araCp,0.3333333333333333,2,2,GCGGATCCTTTTCGATTCAT,0,537899
araCp,0.3333333333333333,2,2,GCGGATAGATGACCTCCAAC,0,592133
araCp,0.3333333333333333,2,2,GCGGATAAGTTTGTCGTATC,0,573030
araCp,0.3333333333333333,2,2,GCGGACATTTGACGTTTTAC,0,556878
araCp,0.3333333333333333,2,2,GCGGACAGGGCGGTAGACAT,0,571256
araCp,0.3333333333333333,2,2,GCGGAAGATACACCTCGAAG,0,588680
araCp,0.3333333333333333,2,2,GCGCTTACACGCATCTTCTT,0,587425
araCp,0.3333333333333333,2,2,GCGCTCTCTTCAGTTAACAG,0,577859
araCp,0.3333333333333333,2,2,GCGCGTACGTGGTACGTGTA,0,538435
araCp,0.3333333333333333,2,2,GCGCGCTACGTTAGCTCGGG,0,583723
araCp,0.3333333333333333,2,2,GCGCCTTCTAGTACAACTCT,0,564758
araCp,0.3333333333333333,2,2,GCGCCGTTGTGTGTTCTCTC,0,548365
araCp,0.3333333333333333,2,2,GCGCCAACGTTATAGCGGAT,0,532253
araCp,0.3333333333333333,2,2,GCGCATGATATCGTTTAGGC,0,584448
araCp,0.3333333333333333,2,2,GCGCACGAGCCGGCACTACC,0,542255
araCp,0.3333333333333333,2,2,GCGCAATCGAATCGAAGTGT,0,549352
araCp,0.3333333333333333,2,2,GCGCAAAGTGTGGACTCGCA,0,592390
araCp,0.3333333333333333,2,2,GCGCAAACTTAGCCCCAAGA,0,563525
araCp,0.3333333333333333,2,2,GCGATTAGCCAGCGAACACT,0,537892
araCp,0.3333333333333333,2,2,GCGAGCCGACCCCGCTGTAC,0,579898
araCp,0.3333333333333333,2,2,GCGACTTATGCACGTCGAGT,0,595923
araCp,0.3333333333333333,2,2,GCGACGGCGCATGGTCGGCT,0,539842
araCp,0.3333333333333333,2,2,GCGACGAAATGTCAAAGACT,0,528862
araCp,0.3333333333333333,2,2,GCGACCCAAACTCATCCAAG,0,532316
araCp,0.3333333333333333,2,2,GCGAACCACGCGCCCTTAAT,0,598500
araCp,0.3333333333333333,2,2,GCGAACAAGATTTTCCGTTC,0,556168
araCp,0.3333333333333333,2,2,GCGAAAATAAGGGCACTTCT,0,588716
araCp,0.3333333333333333,2,2,GCCTTCGTGTCCCTTGTGCT,0,529839
araCp,0.3333333333333333,2,2,GCCTTAGTATAGCATACACG,0,592297
araCp,0.3333333333333333,2,2,GCCTGGGGCTATTCCATCGG,0,550738
araCp,0.3333333333333333,2,2,GCCTGCAGACGCTCCGAGTC,0,556142
araCp,0.3333333333333333,2,2,GCCTCTGTCTTTCCACTACC,0,599071
araCp,0.3333333333333333,2,2,GCCTCTGCTGTTCGAAGTGC,0,543848
araCp,0.3333333333333333,2,2,GCCTATTTCTAACAACGGTC,0,570510
araCp,0.3333333333333333,2,2,GCCTACTCATCGCATGGCAA,0,560930
araCp,0.3333333333333333,2,2,GCCTAATTTCGGGCAAGAGA,0,577266
araCp,0.3333333333333333,2,2,GCCGTTCTCGGAGACACCGT,0,601286
araCp,0.3333333333333333,2,2,GCCGTTCATGAGGACCTTAA,0,528474
araCp,0.3333333333333333,2,2,GCCGTGGCATTTATGTCTCT,0,591654
araCp,0.3333333333333333,2,2,GCCGGAGTTACATCAGCGCC,0,597892
araCp,0.3333333333333333,2,2,GCCGGAAGTAATGTAAAGGG,0,535528
araCp,0.3333333333333333,2,2,GCCGGAAGCTTCTGCCGCAT,0,559710
araCp,0.3333333333333333,2,2,GCCGCCTCACTATGTACACC,0,577115
araCp,0.3333333333333333,2,2,GCCGCCGCCACAAGACTACT,0,554861
araCp,0.3333333333333333,2,2,GCCGATGGAATCGGGGTTCA,0,553529
araCp,0.3333333333333333,2,2,GCCGAGAAGAGGGATTGGGA,0,589599
araCp,0.3333333333333333,2,2,GCCGACCTACTATAAATGTT,0,563132
araCp,0.3333333333333333,2,2,GCCCTTATGGCGGGGACGGT,0,597103
araCp,0.3333333333333333,2,2,GCCCGTCTAAATGGGACATG,0,576803
araCp,0.3333333333333333,2,2,GCCCGGTTTGCCAATTCATT,0,535892
araCp,0.3333333333333333,2,2,GCCCGGCTGGGTGTGACCTA,0,556263
araCp,0.3333333333333333,2,2,GCCCGAGGTCGCATACTGGG,0,588285
araCp,0.3333333333333333,2,2,GCCCGAACTGGAGTCAGGCT,0,536883
araCp,0.3333333333333333,2,2,GCCCCGAGAAGGTCTTCAGT,0,581113
araCp,0.3333333333333333,2,2,GCCCCATCTATCGTGCACTC,0,571259
araCp,0.3333333333333333,2,2,GCCCCACAGGTAGGGTAAAA,0,582905
araCp,0.3333333333333333,2,2,GCCATTAGCAAAGCAGACGC,0,571160
araCp,0.3333333333333333,2,2,GCCATCCTCTTCCCTGAGAT,0,582625
araCp,0.3333333333333333,2,2,GCCAGTTATGAGTAGCGCGC,0,577081
araCp,0.3333333333333333,2,2,GCCAGGTCCGGTGAGAGGCA,0,590418
araCp,0.3333333333333333,2,2,GCCAGGGGTCCGGGGATTCG,0,542440
araCp,0.3333333333333333,2,2,GCCAGCCCTTCGGTAGACAT,0,569882
araCp,0.3333333333333333,2,2,GCCAATTCAGGGGGGATACA,0,552488
araCp,0.3333333333333333,2,2,GCCAATACAGTCCTGCGAGA,0,542048
araCp,0.3333333333333333,2,2,GCCAAGGGGGGTAGTAGGCT,0,569842
araCp,0.3333333333333333,2,2,GCCAAACCTACTTGCGTTCG,0,587235
araCp,0.3333333333333333,2,2,GCATTTGGGGCGGACAATTA,0,602198
araCp,0.3333333333333333,2,2,GCATTGCCGTGTCCAGCGAG,0,578189
araCp,0.3333333333333333,2,2,GCATTCAAGTTTGCCTCTGC,0,535472
araCp,0.3333333333333333,2,2,GCATTATCTGGCCCTCAATC,0,585403
araCp,0.3333333333333333,2,2,GCATGCGTAGTGGCATTGCC,0,548076
araCp,0.3333333333333333,2,2,GCATCTGCCGTTCTTATGTT,0,543824
araCp,0.3333333333333333,2,2,GCATCCGGGCCACTTGGATG,0,560655
araCp,0.3333333333333333,2,2,GCATCCGGCCTAAGACGGGT,0,586207
araCp,0.3333333333333333,2,2,GCATCATGAGAAGCAGAAAG,0,567260
araCp,0.3333333333333333,2,2,GCATAGTCCCTTAGTACCTA,0,570299
araCp,0.3333333333333333,2,2,GCATAAACGTTCCCCATACT,0,581633
araCp,0.3333333333333333,2,2,GCAGCTCGGCAACCGGTTGC,0,597543
araCp,0.3333333333333333,2,2,GCAGATGTACTAAGTGCATG,0,569836
araCp,0.3333333333333333,2,2,GCAGATACTTGTACCCCCCT,0,543266
araCp,0.3333333333333333,2,2,GCAGAGTGCAAGTCTTCCAC,0,539396
araCp,0.3333333333333333,2,2,GCAGAACCGCGGCCCAGGGT,0,593787
araCp,0.3333333333333333,2,2,GCACTATCGGAAGGGCCGTA,0,589537
araCp,0.3333333333333333,2,2,GCACGTGACAAAACGGCCTC,0,567686
araCp,0.3333333333333333,2,2,GCACGCGCTACATTTACCCT,0,599840
araCp,0.3333333333333333,2,2,GCACGATGAGCTTTTAAGTT,0,591125
araCp,0.3333333333333333,2,2,GCACGACACCATTGTGATCG,0,600017
araCp,0.3333333333333333,2,2,GCACCTGCGCGAAGGCACTC,0,577295
araCp,0.3333333333333333,2,2,GCACCGTGGCCGCTCGTCAA,0,552412
araCp,0.3333333333333333,2,2,GCACCCTCCGTAAGAGTGAA,0,570219
araCp,0.3333333333333333,2,2,GCACCCATTGCACAGCTACA,0,562334
araCp,0.3333333333333333,2,2,GCACCCAATCTGCTCGGTAG,0,584046
araCp,0.3333333333333333,2,2,GCACCAGTCGCGGTCCGTCA,0,530753
araCp,0.3333333333333333,2,2,GCACAAGATAGTTGCCTTCT,0,586267
araCp,0.3333333333333333,2,2,GCAATTTGCTTCAAAAGAAA,0,540387
araCp,0.3333333333333333,2,2,GCAATTTCGACGGTAAATTC,0,586253
araCp,0.3333333333333333,2,2,GCAATGCAACGTAGAATTTC,0,601713
araCp,0.3333333333333333,2,2,GCAATACCAGGACTACAATT,0,543497
araCp,0.3333333333333333,2,2,GCAAGTCTTCTCGGTCCTGA,0,557520
araCp,0.3333333333333333,2,2,GCAACGTCGAGAAAGCTGGC,0,562063
araCp,0.3333333333333333,2,2,GCAACGCCCAGTGCCCGGAA,0,600023
araCp,0.3333333333333333,2,2,GCAACACGCGTAGGCTGATT,0,570231
araCp,0.3333333333333333,2,2,GATTTTTGAGCGGGGCAAGA,0,575009
araCp,0.3333333333333333,2,2,GATTTGAAACGAAACCAATG,0,595556
araCp,0.3333333333333333,2,2,GATTTCTAACTCATGCTGGC,0,557280
araCp,0.3333333333333333,2,2,GATTTAAGGGACTAACTTCA,0,572063
araCp,0.3333333333333333,2,2,GATTGGCCCTCTGTTGAGTA,0,598048
araCp,0.3333333333333333,2,2,GATTGAGAAGTTTGTACCCA,0,589886
araCp,0.3333333333333333,2,2,GATTGAAGTAGAATCTATAC,0,530977
araCp,0.3333333333333333,2,2,GATGTTCAGGATAGATTCTC,0,539991
araCp,0.3333333333333333,2,2,GATGGTTTGGAGATTCTTTT,0,531761
araCp,0.3333333333333333,2,2,GATGGAGCCCTTCTTTAACT,0,562336
araCp,0.3333333333333333,2,2,GATGCTCGGGATCCCGTTTC,0,583230
araCp,0.3333333333333333,2,2,GATGATGTTCCTTAGCGGTG,0,537885
araCp,0.3333333333333333,2,2,GATCTTCTTCGTCTAAATTG,0,552456
araCp,0.3333333333333333,2,2,GATCGGGTAGTAAAGCGACA,0,532173
araCp,0.3333333333333333,2,2,GATCGGCTGTCTTCAGTATC,0,596022
araCp,0.3333333333333333,2,2,GATCGCTCCAAAGGTTGGAG,0,569249
araCp,0.3333333333333333,2,2,GATCCGGGTACGTCGTTCGG,0,600270
araCp,0.3333333333333333,2,2,GATCAGTTGCGAAAAGCAGT,0,537603
araCp,0.3333333333333333,2,2,GATCAGGCCGCAGTGTATTC,0,583462
araCp,0.3333333333333333,2,2,GATCAAGCGCGGGCTGGAAT,0,597826
araCp,0.3333333333333333,2,2,GATCAACGCCGGTGGTGCGT,0,550885
araCp,0.3333333333333333,2,2,GATCAACCTACAGTCCCTCT,0,557774
araCp,0.3333333333333333,2,2,GATATTTGGCCTAACAGAGT,0,567992
araCp,0.3333333333333333,2,2,GATATCCCTCTTCACAGCCC,0,536334
araCp,0.3333333333333333,2,2,GATATAAGACCATCTATAGG,0,567362
araCp,0.3333333333333333,2,2,GATAGGCTTACTCCGTCCTA,0,578245
araCp,0.3333333333333333,2,2,GATAGGCAGGTGCACCAGGG,0,565289
araCp,0.3333333333333333,2,2,GATACTACGGACACAAAGAG,0,595595
araCp,0.3333333333333333,2,2,GATACGATTTGAGTGGAGGG,0,553986
araCp,0.3333333333333333,2,2,GATAATTGCGTATGCCGTTA,0,560619
araCp,0.3333333333333333,2,2,GATAATGACGACTTCTTGTT,0,542934
araCp,0.3333333333333333,2,2,GATAATAGCACGTCCAGTGA,0,532823
araCp,0.3333333333333333,2,2,GATAACCGGTTATAGTTGAA,0,585235
araCp,0.3333333333333333,2,2,GAGTTTTGAGTTGGATATCC,0,538485
araCp,0.3333333333333333,2,2,GAGTTTGGACCAAGGCGCTT,0,535995
araCp,0.3333333333333333,2,2,GAGTTGCTCGGCAAAGCCGT,0,558299
araCp,0.3333333333333333,2,2,GAGTGTAATGTCGAACGCAG,0,579618
araCp,0.3333333333333333,2,2,GAGTGCGACGAGAACTCTCA,0,587751
araCp,0.3333333333333333,2,2,GAGTGCACGTCCCGCCGATC,0,539654
araCp,0.3333333333333333,2,2,GAGTCTGGCCTATTGTTTAA,0,525968
araCp,0.3333333333333333,2,2,GAGTCGGGCTCGGACACGTT,0,578215
araCp,0.3333333333333333,2,2,GAGTCATCTTCATTCGCGGC,0,559026
araCp,0.3333333333333333,2,2,GAGTCAGACCGTCTAAAGCC,0,526505
araCp,0.3333333333333333,2,2,GAGTATCGATCAAATTGGTT,0,555368
araCp,0.3333333333333333,2,2,GAGTAGCACGCGCCACCGGG,0,557918
araCp,0.3333333333333333,2,2,GAGTACTTAAAAGTTGAGCC,0,559027
araCp,0.3333333333333333,2,2,GAGTAACCGGGCAGGTTTCA,0,600838
araCp,0.3333333333333333,2,2,GAGGTTAGCCTCGAGAGTAG,0,531942
araCp,0.3333333333333333,2,2,GAGGTGTTATCCACTGATCT,0,580416
araCp,0.3333333333333333,2,2,GAGGGTGTGGCCTGGCGAAG,0,578876
araCp,0.3333333333333333,2,2,GAGGGATAGGTGTATCTTGC,0,554665
araCp,0.3333333333333333,2,2,GAGGGAGGTCCGTCATGTTA,0,544802
araCp,0.3333333333333333,2,2,GAGGGACATTTGTGTTGATG,0,537091
araCp,0.3333333333333333,2,2,GAGGATCTGCTGCTACAGAT,0,602340
araCp,0.3333333333333333,2,2,GAGGAGGTAACCCAGCGGGA,0,548130
araCp,0.3333333333333333,2,2,GAGCTGACATAGTAGCGCCG,0,567175
araCp,0.3333333333333333,2,2,GAGCTACGGTAGTTATACGC,0,528968
araCp,0.3333333333333333,2,2,GAGCTAACCTAAACTCCATG,0,597986
araCp,0.3333333333333333,2,2,GAGCGTCTGGTTGGGGGGTC,0,554065
araCp,0.3333333333333333,2,2,GAGCGCCGTGTACTGTCTGC,0,552560
araCp,0.3333333333333333,2,2,GAGCCGGTGTGACAGAAACT,0,535945
araCp,0.3333333333333333,2,2,GAGCCCCTTCACAGGTCGGA,0,600734
araCp,0.3333333333333333,2,2,GAGCCATGAAATCATTAAAT,0,546079
araCp,0.3333333333333333,2,2,GAGCATTCTATAGATATTCT,0,595863
araCp,0.3333333333333333,2,2,GAGCAAACTGTATCGTGAAC,0,580168
araCp,0.3333333333333333,2,2,GAGATTCTGTCACCAGAGCG,0,531594
araCp,0.3333333333333333,2,2,GAGAGTTAGGACCTTACCAT,0,601255
araCp,0.3333333333333333,2,2,GAGACCAGGAGTCCGAGCAG,0,569749
araCp,0.3333333333333333,2,2,GAGAATTTACTAAGGACCGG,0,551134
araCp,0.3333333333333333,2,2,GAGAAACGCCTAACCATCGT,0,596918
araCp,0.3333333333333333,2,2,GAGAAACGCCAATATCATCT,0,569178
araCp,0.3333333333333333,2,2,GACTTTTCAGGCGGGGAAAA,0,551925
araCp,0.3333333333333333,2,2,GACTTTTACGTGCTCACCAA,0,533264
araCp,0.3333333333333333,2,2,GACTTCAACTGTCAGTGATA,0,587640
araCp,0.3333333333333333,2,2,GACTGGTTTAAATATCGCAA,0,569512
araCp,0.3333333333333333,2,2,GACTGGTTAGTTTCACCTGC,0,587236
araCp,0.3333333333333333,2,2,GACTGCTTTGTAACCCTCCG,0,551195
araCp,0.3333333333333333,2,2,GACTGCGGCATAGTAACACC,0,540420
araCp,0.3333333333333333,2,2,GACTACAGTAGCTTATGGTT,0,558846
araCp,0.3333333333333333,2,2,GACTAAGTTCATCCAAGTCC,0,531371
araCp,0.3333333333333333,2,2,GACGTTTGAATAGGTACCAT,0,536209
araCp,0.3333333333333333,2,2,GACGTGGCTTCCAGGAGTAC,0,595927
araCp,0.3333333333333333,2,2,GACGTGAGAAACCGACGTTC,0,561942
araCp,0.3333333333333333,2,2,GACGTCTAAGAAGGTTGTTG,0,568212
araCp,0.3333333333333333,2,2,GACGTCCTGCAGCTACGATG,0,581902
araCp,0.3333333333333333,2,2,GACGGTGATCGCGTCTCGCG,0,541015
araCp,0.3333333333333333,2,2,GACGGGCCGGAAATTTAAAA,0,571688
araCp,0.3333333333333333,2,2,GACGGCCAGTGTCTAAGGGT,0,539605
araCp,0.3333333333333333,2,2,GACGCGCTCCGCCCTAATAT,0,583378
araCp,0.3333333333333333,2,2,GACGCCCTTGAGTAGATATC,0,575060
araCp,0.3333333333333333,2,2,GACGCATCGGCGTTAAAGAC,0,602213
araCp,0.3333333333333333,2,2,GACGCACCAGCTCGCAATTC,0,569366
araCp,0.3333333333333333,2,2,GACCTTCTATCAATAACCTA,0,550388
araCp,0.3333333333333333,2,2,GACCTGTGGGTGAGATCGTC,0,545442
araCp,0.3333333333333333,2,2,GACCTCTTGCAGGAAAAAGG,0,597466
araCp,0.3333333333333333,2,2,GACCTCGGCGATCAGGCGCT,0,577894
araCp,0.3333333333333333,2,2,GACCTCCTTAGACCGCAGAC,0,558676
araCp,0.3333333333333333,2,2,GACCTAATTCAGTTTGCTGT,0,554546
araCp,0.3333333333333333,2,2,GACCGTCCTGCCCTGGTGAG,0,571525
araCp,0.3333333333333333,2,2,GACCGCGTGACGTCCACCAC,0,532867
araCp,0.3333333333333333,2,2,GACCGATCTTCAGTGGTTCA,0,531967
araCp,0.3333333333333333,2,2,GACCCAATATTAACTAGGGT,0,559336
araCp,0.3333333333333333,2,2,GACCATAGGAAGATCAGAAT,0,579367
araCp,0.3333333333333333,2,2,GACATGTGGCTCCAAGCGTA,0,598461
araCp,0.3333333333333333,2,2,GACATGGCTACCTATCATGA,0,533773
araCp,0.3333333333333333,2,2,GACATAACGAGACGGTCTTA,0,529296
araCp,0.3333333333333333,2,2,GACAGTCGGCGGCATGACGA,0,593907
araCp,0.3333333333333333,2,2,GACAGTCCCGCCTGCCTCTT,0,525653
araCp,0.3333333333333333,2,2,GACAGGTAACAAGGTAGCTT,0,557416
araCp,0.3333333333333333,2,2,GACAGGGGCGCTACCAAGAC,0,600139
araCp,0.3333333333333333,2,2,GACAGCAGAGCCGGGACAAG,0,571467
araCp,0.3333333333333333,2,2,GACACTATAGCGCCGCCCAG,0,570961
araCp,0.3333333333333333,2,2,GACACGCGCATAGGTCAAGG,0,586627
araCp,0.3333333333333333,2,2,GACACCTTATGCTCTACTCG,0,563939
araCp,0.3333333333333333,2,2,GACACAAGTGATCAGCCAAT,0,586086
araCp,0.3333333333333333,2,2,GACAATCGGGGGATTTTGGC,0,581104
araCp,0.3333333333333333,2,2,GACAACGCGCAACCACCGTC,0,544483
araCp,0.3333333333333333,2,2,GACAAAACTTACTATCTCGT,0,530960
araCp,0.3333333333333333,2,2,GAATTGTGACATACGAGATT,0,533642
araCp,0.3333333333333333,2,2,GAATTGGATGTCGTTTCAAA,0,599350
araCp,0.3333333333333333,2,2,GAATGTAAGAGTTCTCCACT,0,556280
araCp,0.3333333333333333,2,2,GAATGCGACTTCCATCAAGT,0,550392
araCp,0.3333333333333333,2,2,GAATCAGTGCTATGACCTGG,0,601360
araCp,0.3333333333333333,2,2,GAATCAGCGGTCTCGTGCCG,0,591239
araCp,0.3333333333333333,2,2,GAATCAGCGGTCGTACGGCT,0,530763
araCp,0.3333333333333333,2,2,GAATCAATCCTAGGCTATTA,0,580475
araCp,0.3333333333333333,2,2,GAATATATTAGCCGTCCTTC,0,549465
araCp,0.3333333333333333,2,2,GAATAGTTATCGGCGACCGA,0,529800
araCp,0.3333333333333333,2,2,GAATACGTTCTGGTATCATC,0,551993
araCp,0.3333333333333333,2,2,GAATACAGGGCATTGGATAT,0,573438
araCp,0.3333333333333333,2,2,GAATAATGTTTTTCCAACAG,0,560971
araCp,0.3333333333333333,2,2,GAAGTGGATGGTCCGGGTGT,0,527663
araCp,0.3333333333333333,2,2,GAAGTAGAACGCCACTCGCC,0,558504
araCp,0.3333333333333333,2,2,GAAGTAAAGATGTCCCCAAT,0,575516
araCp,0.3333333333333333,2,2,GAAGGGTTCCGAAACTCAAC,0,529572
araCp,0.3333333333333333,2,2,GAAGGGTTACACTCCACAAT,0,549308
araCp,0.3333333333333333,2,2,GAAGCTATCGTCTCGGTGCC,0,596429
araCp,0.3333333333333333,2,2,GAAGCCCGACATACAACGTT,0,590630
araCp,0.3333333333333333,2,2,GAAGCCAAGACATTTAGACA,0,533704
araCp,0.3333333333333333,2,2,GAAGCAAGCGTTCCCTCGTG,0,530516
araCp,0.3333333333333333,2,2,GAAGCAACGGTATCACTGAG,0,557401
araCp,0.3333333333333333,2,2,GAAGAGCTCGTTGCATCGTG,0,562735
araCp,0.3333333333333333,2,2,GAAGACTACCGTCTCCGCAT,0,558777
araCp,0.3333333333333333,2,2,GAAGAACTCTTTCAGCAAGC,0,601975
araCp,0.3333333333333333,2,2,GAACTACTAATCCGATCTGG,0,583332
araCp,0.3333333333333333,2,2,GAACTAATCTTCGGGTGTCC,0,568467
araCp,0.3333333333333333,2,2,GAACGGCAGCGGAAATACAA,0,578278
araCp,0.3333333333333333,2,2,GAACGCGTAGTACAACACTT,0,544728
araCp,0.3333333333333333,2,2,GAACGCCAGTTAGGACAAGT,0,572570
araCp,0.3333333333333333,2,2,GAACGATTGTGTAATCTACT,0,568767
araCp,0.3333333333333333,2,2,GAACATGGGTGGAGCTGAGC,0,562947
araCp,0.3333333333333333,2,2,GAACACGTCCACTCTAACGC,0,572430
araCp,0.3333333333333333,2,2,GAACAATGCGTGCAATCAGT,0,565117
araCp,0.3333333333333333,2,2,GAAATTCCTATCAGTCATTC,0,552879
araCp,0.3333333333333333,2,2,GAAATGACAAATGAATCACC,0,558494
araCp,0.3333333333333333,2,2,GAAATCCCGATAGCTTTGGC,0,573440
araCp,0.3333333333333333,2,2,GAAAGTGCGAGGGTAACGAT,0,563209
araCp,0.3333333333333333,2,2,GAAAGTCTGACCTGACGGGG,0,553288
araCp,0.3333333333333333,2,2,GAAAGAGCCGAGGTGTCCGA,0,526927
araCp,0.3333333333333333,2,2,GAAACTTCCATTTCAAACAT,0,595560
araCp,0.3333333333333333,2,2,GAAACTCGCAGGTGTGCTGT,0,533421
araCp,0.3333333333333333,2,2,GAAACGCTCTCAGTTTGGCG,0,577791
araCp,0.3333333333333333,2,2,GAAAATTGCGAGACCTCTAG,0,594674
araCp,0.3333333333333333,2,2,GAAAAAGCATCGGTACAGAA,0,555963
araCp,0.3333333333333333,2,2,CTTTTTGAGGGCAACCTACG,0,549396
araCp,0.3333333333333333,2,2,CTTTTGTTGGTCTGTGCCGG,0,556886
araCp,0.3333333333333333,2,2,CTTTTGACACATATCATGTA,0,543728
araCp,0.3333333333333333,2,2,CTTTGCTTACTTAGGCGGAT,0,556121
araCp,0.3333333333333333,2,2,CTTTGCTACGAGCTGAGACA,0,589160
araCp,0.3333333333333333,2,2,CTTTCTCAGGGGCGCAATAC,0,564014
araCp,0.3333333333333333,2,2,CTTTCGGTATCGGGGGAAAG,0,563914
araCp,0.3333333333333333,2,2,CTTTCACGATGTCATGTGGC,0,575841
araCp,0.3333333333333333,2,2,CTTTATTCGAGGCGTCACTT,0,543690
araCp,0.3333333333333333,2,2,CTTTAGAGCCAAGTCATGGT,0,531392
araCp,0.3333333333333333,2,2,CTTTACTGATCGGGAAGTAG,0,571249
araCp,0.3333333333333333,2,2,CTTTAAATGTCATAGACGGG,0,568941
araCp,0.3333333333333333,2,2,CTTGTTTAGGCACTGATAGA,0,592697
araCp,0.3333333333333333,2,2,CTTGTGGGACCTAAACCGAC,0,571723
araCp,0.3333333333333333,2,2,CTTGTGACTGGAAGTAGGGG,0,551514
araCp,0.3333333333333333,2,2,CTTGGTTATGACCCGTTAGT,0,567145
araCp,0.3333333333333333,2,2,CTTGGGATATTATGCTCAAC,0,586468
araCp,0.3333333333333333,2,2,CTTGGGAATGTGTGGGGTTT,0,597396
araCp,0.3333333333333333,2,2,CTTGGCAGATACTTATTGGT,0,580446
araCp,0.3333333333333333,2,2,CTTGGACGGACCCTGCAAAA,0,571733
araCp,0.3333333333333333,2,2,CTTGCTTGGTTACAAGAGTA,0,543399
araCp,0.3333333333333333,2,2,CTTGCGGAGAAGATGAAGCA,0,542804
araCp,0.3333333333333333,2,2,CTTGCGGAATGGTAGTCTAT,0,593455
araCp,0.3333333333333333,2,2,CTTGCCCGGCGGTCATACAC,0,529560
araCp,0.3333333333333333,2,2,CTTGCCATTGGCAAGCCGCT,0,602376
araCp,0.3333333333333333,2,2,CTTGCAATATAATCGGGGTC,0,602308
araCp,0.3333333333333333,2,2,CTTGAGGATGCACGCTCGGA,0,546300
araCp,0.3333333333333333,2,2,CTTGAGATTGATAGTTTAGA,0,536622
araCp,0.3333333333333333,2,2,CTTGAAATAGGTTCGTGGTG,0,586097
araCp,0.3333333333333333,2,2,CTTCTTTGTGTCACATCCCT,0,531418
araCp,0.3333333333333333,2,2,CTTCTGTGACCGCATACGCA,0,549195
araCp,0.3333333333333333,2,2,CTTCTGGTGCATGATAGCCT,0,601253
araCp,0.3333333333333333,2,2,CTTCGTTCTGGGTCATTCCA,0,558948
araCp,0.3333333333333333,2,2,CTTCGTCAGTCTGATCCTGG,0,535593
araCp,0.3333333333333333,2,2,CTTCGTAGGGCGTAGCCAGA,0,571056
araCp,0.3333333333333333,2,2,CTTCGGGGGGGGAAGAAATT,0,555512
araCp,0.3333333333333333,2,2,CTTCGATGAGTCGAGTCATC,0,564213
araCp,0.3333333333333333,2,2,CTTCCCTTGACTCGAGTTGA,0,574681
araCp,0.3333333333333333,2,2,CTTCCCGCATGTATTAGCGA,0,568794
araCp,0.3333333333333333,2,2,CTTCCAGACTGAACCTGGAT,0,551634
araCp,0.3333333333333333,2,2,CTTCATAGCCGTATCTCAGC,0,527649
araCp,0.3333333333333333,2,2,CTTATTGCCTTAGCCTACAC,0,540925
araCp,0.3333333333333333,2,2,CTTATTGCAAACGGCTACGA,0,559313
araCp,0.3333333333333333,2,2,CTTATTAGGTGATTTGTCCT,0,542855
araCp,0.3333333333333333,2,2,CTTATGGCGAACACTGCAGA,0,587058
araCp,0.3333333333333333,2,2,CTTATGCAGTGATCGCAGGA,0,525856
araCp,0.3333333333333333,2,2,CTTATCAGGCAGCTCTTTGA,0,566495
araCp,0.3333333333333333,2,2,CTTATCAAGCAGGTGTAGGA,0,594542
araCp,0.3333333333333333,2,2,CTTATACTTAACCATATAAG,0,549078
araCp,0.3333333333333333,2,2,CTTAGGGAGCGAGCCGCATC,0,571181
araCp,0.3333333333333333,2,2,CTTACTCTTATCGTTGCTCA,0,583675
araCp,0.3333333333333333,2,2,CTTAATCATTGCAGCTGAGA,0,548124
araCp,0.3333333333333333,2,2,CTTAAGCTGTACTTTTTTTG,0,554635
araCp,0.3333333333333333,2,2,CTGTTCATCTATTCCAGAAC,0,574338
araCp,0.3333333333333333,2,2,CTGTGCGGTGCGACGTACAT,0,536715
araCp,0.3333333333333333,2,2,CTGTGCATTACCCTTGCCTT,0,558129
araCp,0.3333333333333333,2,2,CTGTGAGCACTCAGGTTTCC,0,588979
araCp,0.3333333333333333,2,2,CTGTATCGGGGGAGTACCGA,0,543112
araCp,0.3333333333333333,2,2,CTGTAGTCAAACTGTAATGC,0,552174
araCp,0.3333333333333333,2,2,CTGTAGTATGCGAATCACGA,0,593901
araCp,0.3333333333333333,2,2,CTGTAGGGGTGACTCTCGGG,0,572886
araCp,0.3333333333333333,2,2,CTGTACTATGTCTTTAATTT,0,545614
araCp,0.3333333333333333,2,2,CTGTAAGGTATAATACGAAT,0,531372
araCp,0.3333333333333333,2,2,CTGGTCTCACCATGAGAATA,0,528963
araCp,0.3333333333333333,2,2,CTGGGTACAATACAATGGCA,0,535030
araCp,0.3333333333333333,2,2,CTGGGCACTTCGCGTCCTAG,0,565284
araCp,0.3333333333333333,2,2,CTGGGCACGCGGTTGGGCAT,0,575330
araCp,0.3333333333333333,2,2,CTGGGATATGATCAATGATT,0,594829
araCp,0.3333333333333333,2,2,CTGGCGTACGATCGATCACA,0,602028
araCp,0.3333333333333333,2,2,CTGGCGCATTGTTTTCACAT,0,569982
araCp,0.3333333333333333,2,2,CTGGAGCCCGTTTCCTAAGG,0,558572
araCp,0.3333333333333333,2,2,CTGGAATTCGCTTAATGGGT,0,548244
araCp,0.3333333333333333,2,2,CTGGAAATTGCCCCGTGGTC,0,558176
araCp,0.3333333333333333,2,2,CTGCTTAACTTGTCCACCCA,0,592916
araCp,0.3333333333333333,2,2,CTGCTGCTCTAGCGGCAGAT,0,565618
araCp,0.3333333333333333,2,2,CTGCGCTATGCTGTGCTCCA,0,568468
araCp,0.3333333333333333,2,2,CTGCGCGTCGGGGTAGTGAG,0,578058
araCp,0.3333333333333333,2,2,CTGCGATTCCGCGTTCGCGT,0,533379
araCp,0.3333333333333333,2,2,CTGCCTGGTTTGGGTGGTTT,0,582949
araCp,0.3333333333333333,2,2,CTGCCCCTTCCGTGGTCTGC,0,547662
araCp,0.3333333333333333,2,2,CTGCACTGCTATGATAATTA,0,592831
araCp,0.3333333333333333,2,2,CTGATATGTTCTTCTACGCC,0,545329
araCp,0.3333333333333333,2,2,CTGATAGTTAGTTCGCTTTA,0,596803
araCp,0.3333333333333333,2,2,CTGATAATAAGAGGCAGGTC,0,543716
araCp,0.3333333333333333,2,2,CTGAGGTAAAGTTGGGTCCG,0,554610
araCp,0.3333333333333333,2,2,CTGAGGGTCCGGAACGCCAT,0,558431
araCp,0.3333333333333333,2,2,CTGACCTTTCGCCGTTTCAA,0,562806
araCp,0.3333333333333333,2,2,CTGACCCCGCAGCAGGAAAT,0,571692
araCp,0.3333333333333333,2,2,CTGACAAATGTTCGGTCCAG,0,595598
araCp,0.3333333333333333,2,2,CTGAATCCTCCTGGGAAATC,0,525886
araCp,0.3333333333333333,2,2,CTGAACGGAATTTGAGTGAC,0,543592
araCp,0.3333333333333333,2,2,CTCTTAAGGTTTTTGGATCC,0,566898
araCp,0.3333333333333333,2,2,CTCTGGGGCTTATTCATTGT,0,587296
araCp,0.3333333333333333,2,2,CTCTGCGTACAATAGTGCCT,0,593664
araCp,0.3333333333333333,2,2,CTCTGCCGGCCGCGCCAGCG,0,602324
araCp,0.3333333333333333,2,2,CTCTGATTGTAATTTCTAAG,0,548220
araCp,0.3333333333333333,2,2,CTCTGAGCCTGTACTAGATT,0,568350
araCp,0.3333333333333333,2,2,CTCTCTTTCTTGAACTTGCA,0,568842
araCp,0.3333333333333333,2,2,CTCTCTATATGAGGTGGGGA,0,591241
araCp,0.3333333333333333,2,2,CTCTCAGTTTCTATTTGTTC,0,525840
araCp,0.3333333333333333,2,2,CTCTCACTCTCTCGGGGGAG,0,575693
araCp,0.3333333333333333,2,2,CTCTACTTCCTTCTTATTCG,0,534543
araCp,0.3333333333333333,2,2,CTCTACTCCCGGCTTGCGGT,0,556684
araCp,0.3333333333333333,2,2,CTCGTTCACATGTCCCCTAA,0,574767
araCp,0.3333333333333333,2,2,CTCGTTAAGAGAATCCTGAC,0,591711
araCp,0.3333333333333333,2,2,CTCGGTTTGCACTGAACCAT,0,602050
araCp,0.3333333333333333,2,2,CTCGGGCGCAGAGTCACCAA,0,567245
araCp,0.3333333333333333,2,2,CTCGGCTGCCTTGCGACTGT,0,601295
araCp,0.3333333333333333,2,2,CTCGCGAGAGGAAGTCTAAT,0,593197
araCp,0.3333333333333333,2,2,CTCCGTCTTCCGTAAGCGCT,0,603105
araCp,0.3333333333333333,2,2,CTCCGGCGCCTCACGGTAAA,0,537219
araCp,0.3333333333333333,2,2,CTCCGCATACTTACCTTTTC,0,546795
araCp,0.3333333333333333,2,2,CTCCCTGTGCTCTATTTACA,0,601988
araCp,0.3333333333333333,2,2,CTCCACACGGCCAGGATCGC,0,525942
araCp,0.3333333333333333,2,2,CTCCAAATCCGAAGATTCGG,0,564997
araCp,0.3333333333333333,2,2,CTCATGTAGTGGAGATGCGT,0,584051
araCp,0.3333333333333333,2,2,CTCATCGCCGTACGGCCAGC,0,533505
araCp,0.3333333333333333,2,2,CTCATCAGCCGAAATTTCAG,0,556001
araCp,0.3333333333333333,2,2,CTCAGTAAGTCGCTACACAG,0,563410
araCp,0.3333333333333333,2,2,CTCAGGGTTTCTGTAAATCT,0,575934
araCp,0.3333333333333333,2,2,CTCAGGCGAACATATAACAT,0,545955
araCp,0.3333333333333333,2,2,CTCAGCCAGGTGTTCGAGGG,0,591054
araCp,0.3333333333333333,2,2,CTCAGATCGACGAAACGCGA,0,601167
araCp,0.3333333333333333,2,2,CTCACGGAGTACTGCAGCAT,0,579931
araCp,0.3333333333333333,2,2,CTCAAAGAGTTGTTGATTAT,0,598942
araCp,0.3333333333333333,2,2,CTCAAACGCGTCATCAGTAG,0,540905
araCp,0.3333333333333333,2,2,CTATTGTGCGGAAAGGGCTT,0,591995
araCp,0.3333333333333333,2,2,CTATTCCACTCCGTACCAGA,0,598038
araCp,0.3333333333333333,2,2,CTATGTTAAAGACAGTAAGT,0,544344
araCp,0.3333333333333333,2,2,CTATGTGCCTCACGAGTAGG,0,526105
araCp,0.3333333333333333,2,2,CTATGGCATCTCAATCGCGA,0,557233
araCp,0.3333333333333333,2,2,CTATGATCTCCCCAGTCCAC,0,577085
araCp,0.3333333333333333,2,2,CTATGAACTCCTGAGGTTGC,0,566969
araCp,0.3333333333333333,2,2,CTATGAAAGAGGCAGACGGC,0,596865
araCp,0.3333333333333333,2,2,CTATCTGTGGGTGTATCACG,0,599543
araCp,0.3333333333333333,2,2,CTATCGTTATTAGTACATGC,0,528128
araCp,0.3333333333333333,2,2,CTATCCGTGCTGATCGTCAC,0,553763
araCp,0.3333333333333333,2,2,CTATCCGCCTCGCGGACACA,0,563289
araCp,0.3333333333333333,2,2,CTATATTTCTTTGTTGGCAG,0,542721
araCp,0.3333333333333333,2,2,CTATATTCATTCTGGACTAT,0,598383
araCp,0.3333333333333333,2,2,CTATACATTGGATACTGGTG,0,566164
araCp,0.3333333333333333,2,2,CTATACACTACCTATGAGCA,0,525896
araCp,0.3333333333333333,2,2,CTAGTTAATCTACTTTTCAA,0,563020
araCp,0.3333333333333333,2,2,CTAGTGTTCGCAACCAAACA,0,603720
araCp,0.3333333333333333,2,2,CTAGTATAATCTTTGAGTCA,0,564443
araCp,0.3333333333333333,2,2,CTAGTAGGACTTAACAGAAC,0,529718
araCp,0.3333333333333333,2,2,CTAGGTCGAATCGTTACAGT,0,592972
araCp,0.3333333333333333,2,2,CTAGGGAGACTGATAGCATG,0,553176
araCp,0.3333333333333333,2,2,CTAGCGCTTCCAACTTCCGG,0,527904
araCp,0.3333333333333333,2,2,CTAGCGCACGACTTCGAGAA,0,530896
araCp,0.3333333333333333,2,2,CTAGCATCTGAATAAAGCCC,0,588312
araCp,0.3333333333333333,2,2,CTAGAGATGTCTTGGGCCAT,0,565805
araCp,0.3333333333333333,2,2,CTAGAGAGTGCACATCGATA,0,538921
araCp,0.3333333333333333,2,2,CTACTCGCATGCGTATTTTT,0,577881
araCp,0.3333333333333333,2,2,CTACGGCGGGCCTCTCCGGT,0,595016
araCp,0.3333333333333333,2,2,CTACGCCTTCGACATTCGCG,0,590348
araCp,0.3333333333333333,2,2,CTACCCTGAGGCCATCAATC,0,563230
araCp,0.3333333333333333,2,2,CTACCAGCTCCAGGGGGGGG,0,530705
araCp,0.3333333333333333,2,2,CTACAGAAGTAGGTATGACC,0,587876
araCp,0.3333333333333333,2,2,CTACACTGCTACTGGACTGG,0,534848
araCp,0.3333333333333333,2,2,CTAATTGTGGAGCCCTTAAG,0,599267
araCp,0.3333333333333333,2,2,CTAATTCAGTTTGATACGCC,0,540750
araCp,0.3333333333333333,2,2,CTAATGAAGGAGTGTGTTCT,0,600342
araCp,0.3333333333333333,2,2,CTAAGGTATAAATTCTCGAT,0,578232
araCp,0.3333333333333333,2,2,CTAAGCCGATCAATGGTGGC,0,586561
araCp,0.3333333333333333,2,2,CTAAATACTGCCGCTACTCT,0,553506
araCp,0.3333333333333333,2,2,CTAAAGTGCCAACGTCCCGT,0,601191
araCp,0.3333333333333333,2,2,CTAAAGGGCCACGGCACCTC,0,526611
araCp,0.3333333333333333,2,2,CTAAACTGTTTACCCTATGA,0,547092
araCp,0.3333333333333333,2,2,CGTTTTTTTTGAATGGTAGA,0,535634
araCp,0.3333333333333333,2,2,CGTTTGTACATGTAGACTAA,0,585347
araCp,0.3333333333333333,2,2,CGTTTCGTTTCGGACTGGGT,0,570050
araCp,0.3333333333333333,2,2,CGTTTCCAGCTGTTGTCGTT,0,539681
araCp,0.3333333333333333,2,2,CGTTGATGCCGAATGAAGGT,0,584279
araCp,0.3333333333333333,2,2,CGTTCGTGAAAGATCTCCTC,0,559829
araCp,0.3333333333333333,2,2,CGTTCGAATTGAGGTGTGGC,0,578224
araCp,0.3333333333333333,2,2,CGTTCATAGAAAGGAAATAA,0,546439
araCp,0.3333333333333333,2,2,CGTTCAGGCTCGTTCAACGT,0,545646
araCp,0.3333333333333333,2,2,CGTGTTTTTAGGGCCGCGGC,0,574794
araCp,0.3333333333333333,2,2,CGTGTTTTCGTTATCTAACG,0,579377
araCp,0.3333333333333333,2,2,CGTGTTAAGGTAGAGTCATG,0,538612
araCp,0.3333333333333333,2,2,CGTGTGCTGTCGCAAATATT,0,545550
araCp,0.3333333333333333,2,2,CGTGGGCTGAAATCTGAGCA,0,593752
araCp,0.3333333333333333,2,2,CGTGGCGTACGGTTAGTGGA,0,592940
araCp,0.3333333333333333,2,2,CGTGGCACCTATTGTCAAGC,0,598198
araCp,0.3333333333333333,2,2,CGTGCTGTCGTGGGTTGGAC,0,544896
araCp,0.3333333333333333,2,2,CGTGCGTTGATAACTCCTCG,0,528815
araCp,0.3333333333333333,2,2,CGTGCCCTAACCCACTCCGC,0,589538
araCp,0.3333333333333333,2,2,CGTGCATTGGACCCTACGCT,0,532141
araCp,0.3333333333333333,2,2,CGTGATTCCATAAGTTAGTT,0,556765
araCp,0.3333333333333333,2,2,CGTGATGGCTGATCACCGGG,0,580583
araCp,0.3333333333333333,2,2,CGTGATGAGAGTACCGCTTC,0,545610
araCp,0.3333333333333333,2,2,CGTGATCTCCTTGTAAATCG,0,537206
araCp,0.3333333333333333,2,2,CGTGATAGCTTGGCCCATAG,0,577821
araCp,0.3333333333333333,2,2,CGTCTTTTGAGGTCGCTCAT,0,564159
araCp,0.3333333333333333,2,2,CGTCTTCCATCGCTATACAG,0,589323
araCp,0.3333333333333333,2,2,CGTCGGTCCTCGGTTACCAG,0,582691
araCp,0.3333333333333333,2,2,CGTCGAGAACTTCTATCAAT,0,532767
araCp,0.3333333333333333,2,2,CGTCCTGTCGAGAACCACGG,0,576806
araCp,0.3333333333333333,2,2,CGTCCGGGTCACGCTCACAG,0,589114
araCp,0.3333333333333333,2,2,CGTCCGACCAGTAAAAATGG,0,554842
araCp,0.3333333333333333,2,2,CGTCCCATGCCCAGTGAAGG,0,579666
araCp,0.3333333333333333,2,2,CGTCCATCGCGACTATAATT,0,553979
araCp,0.3333333333333333,2,2,CGTCACTGCTGGGTTCCTGA,0,574209
araCp,0.3333333333333333,2,2,CGTCAATTGCTGGTTGTACA,0,569622
araCp,0.3333333333333333,2,2,CGTCAAGAAAGAGTAAAGGG,0,526685
araCp,0.3333333333333333,2,2,CGTATTTTTCGTAAATATAG,0,529105
araCp,0.3333333333333333,2,2,CGTATGGGCTTTTTAGACAT,0,584676
araCp,0.3333333333333333,2,2,CGTATGACGTATTTAATGGA,0,565896
araCp,0.3333333333333333,2,2,CGTATATTGCACGATGGCTC,0,592208
araCp,0.3333333333333333,2,2,CGTAGTCGAAAACCGTAAGA,0,600978
araCp,0.3333333333333333,2,2,CGTAGCTGATAGATTTGCCC,0,560988
araCp,0.3333333333333333,2,2,CGTACGGCTGGGAGCGTATA,0,535849
araCp,0.3333333333333333,2,2,CGTACCTTTTGACGAAAGAC,0,594643
araCp,0.3333333333333333,2,2,CGTACCGCTTCGGCCCCAGT,0,555435
araCp,0.3333333333333333,2,2,CGTACCATTTTTAGCCCTCT,0,565668
araCp,0.3333333333333333,2,2,CGTACATTCGACAAACAAGA,0,534509
araCp,0.3333333333333333,2,2,CGTAATGAAGTTGTTCTCCT,0,597628
araCp,0.3333333333333333,2,2,CGTAAGAAGAGTGGCTCCAG,0,563691
araCp,0.3333333333333333,2,2,CGGTTTGCTGAGTTAAACCT,0,527685
araCp,0.3333333333333333,2,2,CGGTTCTCGAAGGCCGCTTC,0,603241
araCp,0.3333333333333333,2,2,CGGTTATTGTCTAGTGCGTT,0,593739
araCp,0.3333333333333333,2,2,CGGTTAGGGCACACTCGCAT,0,532240
araCp,0.3333333333333333,2,2,CGGTTACTGTGCTAAGGGAA,0,545750
araCp,0.3333333333333333,2,2,CGGTGTTCACAGCTCAATCT,0,564864
araCp,0.3333333333333333,2,2,CGGTGCATCCGAGGACTATC,0,545379
araCp,0.3333333333333333,2,2,CGGTGAGACTCGACACGTTT,0,576535
araCp,0.3333333333333333,2,2,CGGTCTGATATCGGGGAATA,0,537749
araCp,0.3333333333333333,2,2,CGGTCGCTACGAGTCGTTGG,0,545952
araCp,0.3333333333333333,2,2,CGGTCATTGTATCAATTAGC,0,573289
araCp,0.3333333333333333,2,2,CGGTCAGCTCTTTTCAAGGC,0,586251
araCp,0.3333333333333333,2,2,CGGTCACAGGCGGTTAAGAC,0,528653
araCp,0.3333333333333333,2,2,CGGTATGGACACGATACGAT,0,585727
araCp,0.3333333333333333,2,2,CGGTACTACGCAAAGCACCA,0,589725
araCp,0.3333333333333333,2,2,CGGTACATAACTGAGCGTTG,0,560876
araCp,0.3333333333333333,2,2,CGGTAATATCTGCAGTTCAT,0,573094
araCp,0.3333333333333333,2,2,CGGGTTGGTGGACGGTCAAG,0,538429
araCp,0.3333333333333333,2,2,CGGGTTAGCGCTAAGCCATA,0,557489
araCp,0.3333333333333333,2,2,CGGGTTAGACCGTGAGGTAC,0,584138
araCp,0.3333333333333333,2,2,CGGGTGGCATATAAAAGACC,0,594524
araCp,0.3333333333333333,2,2,CGGGTATTCTGACAGACACC,0,559000
araCp,0.3333333333333333,2,2,CGGGGTGATAAACGTATACG,0,549728
araCp,0.3333333333333333,2,2,CGGGGTCGTGCGCACTACTC,0,561473
araCp,0.3333333333333333,2,2,CGGGGTCGAAAACGCTTTGA,0,573579
araCp,0.3333333333333333,2,2,CGGGGGACGCTTGCAATTCA,0,567550
araCp,0.3333333333333333,2,2,CGGGCGGTGCAGCAGGTGGG,0,598095
araCp,0.3333333333333333,2,2,CGGGCGCCAATATCCAGAGG,0,554183
araCp,0.3333333333333333,2,2,CGGGCAGATAGGATATGTGT,0,537504
araCp,0.3333333333333333,2,2,CGGGATCTGTGGGAGGTCTG,0,539951
araCp,0.3333333333333333,2,2,CGGGATAGCCTCTGGTGGAC,0,535501
araCp,0.3333333333333333,2,2,CGGGATACGGGAATGCGGTC,0,555683
araCp,0.3333333333333333,2,2,CGGGAGGGATCCCGCAGGTA,0,587144
araCp,0.3333333333333333,2,2,CGGGAGATGTGTTGATTCTG,0,585634
araCp,0.3333333333333333,2,2,CGGGACATCACGTGTCTCTC,0,565007
araCp,0.3333333333333333,2,2,CGGGAAAAACTGAGGGAGCA,0,586044
araCp,0.3333333333333333,2,2,CGGCTTCTGTGGTAATTGCC,0,567080
araCp,0.3333333333333333,2,2,CGGCTGGAACGAGGCCAGGC,0,547466
araCp,0.3333333333333333,2,2,CGGCTCGGTCGAAGTCAAAT,0,601923
araCp,0.3333333333333333,2,2,CGGCGTGCGACTCAATTTTT,0,549484
araCp,0.3333333333333333,2,2,CGGCGGTTTCGGTGATCGGC,0,552525
araCp,0.3333333333333333,2,2,CGGCGGGAGAACAAATGATT,0,571064
araCp,0.3333333333333333,2,2,CGGCGGGACTCTTGGCGTCG,0,588730
araCp,0.3333333333333333,2,2,CGGCGGCATGCGAGCAGATT,0,540826
araCp,0.3333333333333333,2,2,CGGCGGACTGGTGGATAAAG,0,539566
araCp,0.3333333333333333,2,2,CGGCGCAATCGTGCATGTCA,0,551969
araCp,0.3333333333333333,2,2,CGGCCTCCGTACTCTTGCGA,0,552084
araCp,0.3333333333333333,2,2,CGGCCGTCTCGACGCGATGT,0,578760
araCp,0.3333333333333333,2,2,CGGCCGTAGATTACTTTCGT,0,583623
araCp,0.3333333333333333,2,2,CGGCCCCTGTTACAGGGTGA,0,569535
araCp,0.3333333333333333,2,2,CGGCCCCGTGCCCGGCACTC,0,526482
araCp,0.3333333333333333,2,2,CGGCCAGAGATTTTTACTTA,0,593186
araCp,0.3333333333333333,2,2,CGGCCAATTTTCCTCTCATT,0,556194
araCp,0.3333333333333333,2,2,CGGCAGGTGTACTATCGATT,0,543838
araCp,0.3333333333333333,2,2,CGGCAATCGAATATGGTAAT,0,579715
araCp,0.3333333333333333,2,2,CGGATCTAATCGGCGAAGCT,0,554805
araCp,0.3333333333333333,2,2,CGGATCCCGAGTATAAGCAA,0,546622
araCp,0.3333333333333333,2,2,CGGATAGTAATCTTACGAGA,0,542436
araCp,0.3333333333333333,2,2,CGGATAGGGCTATATCGCGA,0,593129
araCp,0.3333333333333333,2,2,CGGATAAGTGTAGGCAATGC,0,542449
araCp,0.3333333333333333,2,2,CGGAGTCTTATCTTCTTTCG,0,550575
araCp,0.3333333333333333,2,2,CGGAGGTATACAAAGCTTAG,0,600007
araCp,0.3333333333333333,2,2,CGGAGCTCGCCCATTTCGTG,0,531553
araCp,0.3333333333333333,2,2,CGGACTATGCGTCGGTCTTA,0,544100
araCp,0.3333333333333333,2,2,CGGACACAATTTGCGAATGA,0,532159
araCp,0.3333333333333333,2,2,CGGAATCGCTCATATTTTTT,0,561945
araCp,0.3333333333333333,2,2,CGCTTTTCGCACGCCGATGC,0,559510
araCp,0.3333333333333333,2,2,CGCTTCTCACGTACGGCGAG,0,577421
araCp,0.3333333333333333,2,2,CGCTTCTCAAAGTGGGAAAG,0,546430
araCp,0.3333333333333333,2,2,CGCTTCACTAAGGTTTCTAG,0,595421
araCp,0.3333333333333333,2,2,CGCTCCTAATCCGGATTTGG,0,585425
araCp,0.3333333333333333,2,2,CGCTCAATCCGATCAGGATG,0,564828
araCp,0.3333333333333333,2,2,CGCTAGGGGGCTCTGCGGAA,0,600861
araCp,0.3333333333333333,2,2,CGCTAGATACTTACAATCCC,0,573197
araCp,0.3333333333333333,2,2,CGCTACGGAACATCACGTGG,0,603078
araCp,0.3333333333333333,2,2,CGCGTTGCAGCTTGTTTGCC,0,594228
araCp,0.3333333333333333,2,2,CGCGTGTAGGGACGGGCTGG,0,542365
araCp,0.3333333333333333,2,2,CGCGTCATGCGATTTTCAAA,0,588846
araCp,0.3333333333333333,2,2,CGCGGTATAGGTACCTTACT,0,590944
araCp,0.3333333333333333,2,2,CGCGGGAGTTCTCTCTATGA,0,540603
araCp,0.3333333333333333,2,2,CGCGGGACGAAGATTCGTTC,0,601155
araCp,0.3333333333333333,2,2,CGCGGATCTTGGTTTGCGTT,0,535796
araCp,0.3333333333333333,2,2,CGCGGATCGACCTATCTTAT,0,534071
araCp,0.3333333333333333,2,2,CGCGGACGCCGAGTTGCGTC,0,580328
araCp,0.3333333333333333,2,2,CGCGCTTGGCAGTAGGACTC,0,542275
araCp,0.3333333333333333,2,2,CGCGCTGGATGACATTCGGA,0,563857
araCp,0.3333333333333333,2,2,CGCGCAGGATCTATGACACC,0,536480
araCp,0.3333333333333333,2,2,CGCGAGGCGTGTCGAATGGT,0,532726
araCp,0.3333333333333333,2,2,CGCGACGCTGGTACCTAAGG,0,542621
araCp,0.3333333333333333,2,2,CGCCTTCAGAGCCTTTTACC,0,602277
araCp,0.3333333333333333,2,2,CGCCTCCGTCGAGTCGCTCT,0,571686
araCp,0.3333333333333333,2,2,CGCCTAAGCCTTCAAGGCGC,0,556862
araCp,0.3333333333333333,2,2,CGCCGTGCCATCTGTTCGCT,0,599016
araCp,0.3333333333333333,2,2,CGCCGTATCAAGTGCTTCAG,0,543530
araCp,0.3333333333333333,2,2,CGCCGCCTTACGGGCCGTGG,0,565143
araCp,0.3333333333333333,2,2,CGCCCTCCATTCTCAACAAG,0,570962
araCp,0.3333333333333333,2,2,CGCCCCTGCGTAACTCTTAT,0,577735
araCp,0.3333333333333333,2,2,CGCCCCGGCACGGATCACGA,0,602789
araCp,0.3333333333333333,2,2,CGCCCCATCTAAGAGTGTAT,0,553081
araCp,0.3333333333333333,2,2,CGCCAGTCTGATAACCAGTA,0,584737
araCp,0.3333333333333333,2,2,CGCCACAAATGATTCATGAC,0,555606
araCp,0.3333333333333333,2,2,CGCATCTTTTAGTACCAAGA,0,570209
araCp,0.3333333333333333,2,2,CGCATCTATCATCGCGGTGG,0,534067
araCp,0.3333333333333333,2,2,CGCATCAGCGAACTAACGCC,0,565943
araCp,0.3333333333333333,2,2,CGCAGTTGTATAATGAGTTC,0,537355
araCp,0.3333333333333333,2,2,CGCAGAATCGATTCTTCACA,0,587306
araCp,0.3333333333333333,2,2,CGCACTGTTCGCTGTCAAAT,0,547353
araCp,0.3333333333333333,2,2,CGCACTGTCAAACATAGCGG,0,557766
araCp,0.3333333333333333,2,2,CGCACCGCGCTAAGATTACT,0,544725
araCp,0.3333333333333333,2,2,CGCAAGGCAAGGGTTAAAAA,0,568368
araCp,0.3333333333333333,2,2,CGATTTAGGGACTCAGTTGG,0,555891
araCp,0.3333333333333333,2,2,CGATGTTAAGGGGACGCACG,0,582741
araCp,0.3333333333333333,2,2,CGATGGGGCTATGGGTTACC,0,558618
araCp,0.3333333333333333,2,2,CGATGGGACTATGCCGTCAT,0,530466
araCp,0.3333333333333333,2,2,CGATGAGAGGGACGGCCAAC,0,528648
araCp,0.3333333333333333,2,2,CGATCCTAGCGTCACACTCG,0,560294
araCp,0.3333333333333333,2,2,CGATCACGTTGAGGGCCGCA,0,539810
araCp,0.3333333333333333,2,2,CGATCAAACCGACACGCAGC,0,554723
araCp,0.3333333333333333,2,2,CGATAGGTGTTCATTCAAAG,0,568961
araCp,0.3333333333333333,2,2,CGATAGCGGAAGGAGAAACA,0,593553
araCp,0.3333333333333333,2,2,CGATAGCCTTGAACGTAAGG,0,585733
araCp,0.3333333333333333,2,2,CGATAGAGAACTCCACTGCG,0,536982
araCp,0.3333333333333333,2,2,CGAGTGTATAACGGGATCCT,0,597418
araCp,0.3333333333333333,2,2,CGAGTCACATCAGGGCAATC,0,533689
araCp,0.3333333333333333,2,2,CGAGGTTCGGGAGCAAGGAT,0,564487
araCp,0.3333333333333333,2,2,CGAGGCCCGTGCAGTGGGCT,0,536846
araCp,0.3333333333333333,2,2,CGAGGAGATGCACACACCTG,0,587866
araCp,0.3333333333333333,2,2,CGAGGACTGCGCGCCTCCCA,0,543909
araCp,0.3333333333333333,2,2,CGAGGACTCGATTTTAGGGA,0,549992
araCp,0.3333333333333333,2,2,CGAGGAATTTACATCACCAC,0,579456
araCp,0.3333333333333333,2,2,CGAGCTTGCTAGTCTGCACC,0,540961
araCp,0.3333333333333333,2,2,CGAGATTTCTTTCCACTGGC,0,533871
araCp,0.3333333333333333,2,2,CGAGATGGGATGAAGCCAGC,0,542600
araCp,0.3333333333333333,2,2,CGAGATCTCAAACATCTCTC,0,595293
araCp,0.3333333333333333,2,2,CGAGACCGGGCAACGAGTAA,0,533036
araCp,0.3333333333333333,2,2,CGACGGACTAACGACACTCG,0,590179
araCp,0.3333333333333333,2,2,CGACGCTGGTCCAACCATTT,0,591954
araCp,0.3333333333333333,2,2,CGACGCCGATAGGAGTCTCT,0,574494
araCp,0.3333333333333333,2,2,CGACGAGGATGGGATAGAGG,0,561449
araCp,0.3333333333333333,2,2,CGACCTTGGAACTTCCACTC,0,582823
araCp,0.3333333333333333,2,2,CGACCTCTGTCCTCGTGAAT,0,591713
araCp,0.3333333333333333,2,2,CGACACGCTGTATATATTGG,0,573299
araCp,0.3333333333333333,2,2,CGAATGGAGAGGCGCAAAGT,0,550528
araCp,0.3333333333333333,2,2,CGAATCAGCATCCGCACTTC,0,537710
araCp,0.3333333333333333,2,2,CGAATAGTATTCTGTATACA,0,556959
araCp,0.3333333333333333,2,2,CGAATAAGCCTTTGAAATGT,0,544650
araCp,0.3333333333333333,2,2,CGAAGTTTTCGTGACGCAGT,0,532497
araCp,0.3333333333333333,2,2,CGAAGGTCACGAGCCGCAGT,0,535803
araCp,0.3333333333333333,2,2,CGAAGGGGCCGATTCTCACC,0,587910
araCp,0.3333333333333333,2,2,CGAAGACGCCCAGAGATTCC,0,595008
araCp,0.3333333333333333,2,2,CGAACTAAAGTCCACGTCGT,0,591547
araCp,0.3333333333333333,2,2,CGAACGTGGATCTACCGGGC,0,584862
araCp,0.3333333333333333,2,2,CGAACATATGACAACCGACC,0,551976
araCp,0.3333333333333333,2,2,CGAAATCGCACTGTTAGCTC,0,575878
araCp,0.3333333333333333,2,2,CGAAAGCGAACCCTGCAGAC,0,545751
araCp,0.3333333333333333,2,2,CGAAACACCGTCTTTCTCCA,0,544477
araCp,0.3333333333333333,2,2,CCTTTTCTGATTGTTCCAGT,0,531696
araCp,0.3333333333333333,2,2,CCTTTGCGCCGGCTTGGTGT,0,552186
araCp,0.3333333333333333,2,2,CCTTTCTCGCGATCTTACGT,0,549784
araCp,0.3333333333333333,2,2,CCTTTCGTGCCCACCTCCGT,0,533741
araCp,0.3333333333333333,2,2,CCTTGGTCCACCACGTCACA,0,594765
araCp,0.3333333333333333,2,2,CCTTGCGAAGGTATCGCGGA,0,560652
araCp,0.3333333333333333,2,2,CCTTCTCAAAGCATATAGCC,0,534772
araCp,0.3333333333333333,2,2,CCTTCCTGGAACGCAGAATG,0,545409
araCp,0.3333333333333333,2,2,CCTTCCCCAAGGGTTACTGG,0,568342
araCp,0.3333333333333333,2,2,CCTTCATGGGAGTTACAAAT,0,535181
araCp,0.3333333333333333,2,2,CCTTCAGTTGAAGACGCATC,0,531813
araCp,0.3333333333333333,2,2,CCTTCAGTAGACGCTCCCCT,0,594390
araCp,0.3333333333333333,2,2,CCTTATGAAGTATTAAAAAG,0,532956
araCp,0.3333333333333333,2,2,CCTTAGCACCGAGAGGTACT,0,586825
araCp,0.3333333333333333,2,2,CCTTACGTCCTGTGCGAACC,0,547753
araCp,0.3333333333333333,2,2,CCTTAATACGCAGTCTCGTT,0,591404
araCp,0.3333333333333333,2,2,CCTGTTCATCGCTGAGATGA,0,567793
araCp,0.3333333333333333,2,2,CCTGTCTCCCGTCGGCACGT,0,547330
araCp,0.3333333333333333,2,2,CCTGTACAACATTTGATGCG,0,585507
araCp,0.3333333333333333,2,2,CCTGGTGGTCGTACGCGTAG,0,579252
araCp,0.3333333333333333,2,2,CCTGGGTGGGTCATCTTGTA,0,539519
araCp,0.3333333333333333,2,2,CCTGGGTCATCTAGTGGCCT,0,599903
araCp,0.3333333333333333,2,2,CCTGCTGCGGCTTGTTTAAG,0,551526
araCp,0.3333333333333333,2,2,CCTGCCTTTAAGCAGTGCCA,0,556131
araCp,0.3333333333333333,2,2,CCTGATTAGAGATTGGTGTG,0,581939
araCp,0.3333333333333333,2,2,CCTGAGTGCTCGCACGTGCG,0,538354
araCp,0.3333333333333333,2,2,CCTGAGAGTTTTGTACCTTA,0,586105
araCp,0.3333333333333333,2,2,CCTGAAGTCCGAGTACGCTG,0,587649
araCp,0.3333333333333333,2,2,CCTCTTGGGGCACCGTATTA,0,564975
araCp,0.3333333333333333,2,2,CCTCTCGATGGCCACGGTTA,0,530012
araCp,0.3333333333333333,2,2,CCTCTCCCGCCCAGACAGCA,0,532727
araCp,0.3333333333333333,2,2,CCTCTAGTCGATACGGGCGC,0,528259
araCp,0.3333333333333333,2,2,CCTCTAGAGAAGTTGGTCCA,0,554592
araCp,0.3333333333333333,2,2,CCTCCTCCTGCGCTTGAAAC,0,559236
araCp,0.3333333333333333,2,2,CCTCCGACGTGCGAAATAAC,0,585120
araCp,0.3333333333333333,2,2,CCTCCCTACGTGAGGGCCGC,0,564196
araCp,0.3333333333333333,2,2,CCTCCCCCATGGGCCTGACA,0,591972
araCp,0.3333333333333333,2,2,CCTCATGTCGTAACGTCACT,0,545393
araCp,0.3333333333333333,2,2,CCTCATGACAGCTCTTTTGA,0,539041
araCp,0.3333333333333333,2,2,CCTCATCTCTGTCACAGCAA,0,575111
araCp,0.3333333333333333,2,2,CCTCACTCCTTGAGTAACGG,0,583118
araCp,0.3333333333333333,2,2,CCTCACTCCCACGGAGGGAA,0,573080
araCp,0.3333333333333333,2,2,CCTATTAGTGCGGTGTGTCC,0,532967
araCp,0.3333333333333333,2,2,CCTATGTAAGCCCGAGTGAC,0,552527
araCp,0.3333333333333333,2,2,CCTATAGCAGATTTGTAAGT,0,541660
araCp,0.3333333333333333,2,2,CCTATAACTAAATACGACGA,0,573130
araCp,0.3333333333333333,2,2,CCTAGTCGGCAGGGTTAAAG,0,567633
araCp,0.3333333333333333,2,2,CCTAGGTTACGCGGCATTAC,0,599237
araCp,0.3333333333333333,2,2,CCTAGGGTTAAACTTCGCTT,0,587826
araCp,0.3333333333333333,2,2,CCTAGCTCATGCAAGGGCCT,0,567692
araCp,0.3333333333333333,2,2,CCTAGCCGTCTGGAGGAAAT,0,545653
araCp,0.3333333333333333,2,2,CCTAGAAGCGGGCAAGAGTC,0,582568
araCp,0.3333333333333333,2,2,CCTACGTCACATCGAGCGGG,0,546920
araCp,0.3333333333333333,2,2,CCTACGCCGGTGACTATAGA,0,558212
araCp,0.3333333333333333,2,2,CCTACAACCGCCAAGGCGGT,0,588101
araCp,0.3333333333333333,2,2,CCTAATTAATACGCAAGCCC,0,568540
araCp,0.3333333333333333,2,2,CCGTTTCTCCACATTGTAAC,0,600834
araCp,0.3333333333333333,2,2,CCGTTGCTGCTAACAGAGGG,0,580651
araCp,0.3333333333333333,2,2,CCGTGGTCAGACGGCTCGTC,0,567869
araCp,0.3333333333333333,2,2,CCGTGGCAGTAGGCATGCCC,0,547317
araCp,0.3333333333333333,2,2,CCGTGCCTCGGGGCCAACTA,0,603538
araCp,0.3333333333333333,2,2,CCGTGCCCCTATGGCAAATT,0,544451
araCp,0.3333333333333333,2,2,CCGTGCCAATGGGACAATAT,0,581515
araCp,0.3333333333333333,2,2,CCGTGAACTGGGACCGGTAT,0,559549
araCp,0.3333333333333333,2,2,CCGTCGTTGATTAATTTTAA,0,588237
araCp,0.3333333333333333,2,2,CCGTCAACCTTACGTTTCGA,0,543058
araCp,0.3333333333333333,2,2,CCGTATGAGGACCGGCAAGA,0,530121
araCp,0.3333333333333333,2,2,CCGTAAGACCAGCCCCCAAT,0,601499
araCp,0.3333333333333333,2,2,CCGTAACAGCTGTAGGCATT,0,569505
araCp,0.3333333333333333,2,2,CCGTAAAGACCATCACAATG,0,594505
araCp,0.3333333333333333,2,2,CCGTAAAAACACGGTCCGAT,0,560528
araCp,0.3333333333333333,2,2,CCGGTCGAGGGGATGAATCT,0,593336
araCp,0.3333333333333333,2,2,CCGGTCAAAGCTTAAGTTTG,0,527102
araCp,0.3333333333333333,2,2,CCGGGTGGCCCCGTCGTGGC,0,531915
araCp,0.3333333333333333,2,2,CCGGGTATCCGTTGCGCGCA,0,569050
araCp,0.3333333333333333,2,2,CCGGGTACGATAGCTACATT,0,595175
araCp,0.3333333333333333,2,2,CCGGGGTTCTTCCGATTTGC,0,579360
araCp,0.3333333333333333,2,2,CCGGGGTGCTGCCAATTTTC,0,595069
araCp,0.3333333333333333,2,2,CCGGCGGGGCTACTTTGTTG,0,602227
araCp,0.3333333333333333,2,2,CCGGAGAGATGTTACGGACA,0,535860
araCp,0.3333333333333333,2,2,CCGGACTGGGGGTCGTGGAA,0,595876
araCp,0.3333333333333333,2,2,CCGGACCGGTACGCTTTTGG,0,552905
araCp,0.3333333333333333,2,2,CCGCTTTCCCCCGTACCCCT,0,579460
araCp,0.3333333333333333,2,2,CCGCTGTGAAGGCCTACCGT,0,535874
araCp,0.3333333333333333,2,2,CCGCTCCAGGTATTCCACTG,0,549709
araCp,0.3333333333333333,2,2,CCGCTAGCAGACAAAGTGGC,0,571680
araCp,0.3333333333333333,2,2,CCGCGTCGTCGCCCTAATAC,0,567705
araCp,0.3333333333333333,2,2,CCGCGGGACTTGCACCAAGA,0,592015
araCp,0.3333333333333333,2,2,CCGCGGACCACTTTCGAGTA,0,593217
araCp,0.3333333333333333,2,2,CCGCGAGACTGCCAGATAAT,0,584123
araCp,0.3333333333333333,2,2,CCGCCTAGTTGATCCGGTAA,0,590679
araCp,0.3333333333333333,2,2,CCGCCGGTTGTCCGTATCCA,0,591365
araCp,0.3333333333333333,2,2,CCGCCGGGCAGCTGGACTTG,0,565340
araCp,0.3333333333333333,2,2,CCGCCAGGCTAGTATCCCCC,0,547769
araCp,0.3333333333333333,2,2,CCGCCAAAGCTAGTACAAGC,0,559947
araCp,0.3333333333333333,2,2,CCGCAATTAATCAGAACGCC,0,551324
araCp,0.3333333333333333,2,2,CCGCAAGATCGGCCGACAAA,0,586962
araCp,0.3333333333333333,2,2,CCGCAAAGAGTCTTTAGGGG,0,527008
araCp,0.3333333333333333,2,2,CCGATTTACAGATTGCATAA,0,529470
araCp,0.3333333333333333,2,2,CCGATGTTGTGAGTATTTAC,0,562871
araCp,0.3333333333333333,2,2,CCGATCGACTCAGCAGCGCT,0,583460
araCp,0.3333333333333333,2,2,CCGATCCATAGAAAGTCCGT,0,571362
araCp,0.3333333333333333,2,2,CCGAGGAAGGCATCTAAGGA,0,537430
araCp,0.3333333333333333,2,2,CCGAGAAGTACTGGCATAAC,0,581225
araCp,0.3333333333333333,2,2,CCGACTAACTGCGGAACCTC,0,578775
araCp,0.3333333333333333,2,2,CCGACGCGCAAGTCTTTGGT,0,557481
araCp,0.3333333333333333,2,2,CCGACGAGACTCTTTAGTAC,0,602239
araCp,0.3333333333333333,2,2,CCGACCTAGGCTTATACCGA,0,535185
araCp,0.3333333333333333,2,2,CCGAAATGGACGCGATTATT,0,567703
araCp,0.3333333333333333,2,2,CCGAAAGGGATTCGACATGG,0,588277
araCp,0.3333333333333333,2,2,CCCTTTAGAGTCCTCTTCAA,0,558420
araCp,0.3333333333333333,2,2,CCCTAGCACTTTAACCATGC,0,550192
araCp,0.3333333333333333,2,2,CCCGTTCTTACGGATTAAAA,0,553274
araCp,0.3333333333333333,2,2,CCCGTGAACGTTCCGGATCC,0,566965
araCp,0.3333333333333333,2,2,CCCGTCCTAGACATAACTGT,0,600920
araCp,0.3333333333333333,2,2,CCCGTATCGACAGTAACCCA,0,536927
araCp,0.3333333333333333,2,2,CCCGTAGGCTGTTCTGATAC,0,536602
araCp,0.3333333333333333,2,2,CCCGTACATTGGGTGTGGTC,0,533177
araCp,0.3333333333333333,2,2,CCCGTACAGAACACTAATAA,0,578023
araCp,0.3333333333333333,2,2,CCCGGGGTCTGTGCTGAAAG,0,533697
araCp,0.3333333333333333,2,2,CCCGGGCTTGTCTCGACTTA,0,590083
araCp,0.3333333333333333,2,2,CCCGGCCAAATATTGATAGT,0,530487
araCp,0.3333333333333333,2,2,CCCGCGTGTCCGCGGCACTA,0,531499
araCp,0.3333333333333333,2,2,CCCGCAGTATTAGGTAGAAG,0,561490
araCp,0.3333333333333333,2,2,CCCGAGGCTCGCCCGCAGGA,0,539308
araCp,0.3333333333333333,2,2,CCCGAACAGCAGGCGGGCTT,0,579434
araCp,0.3333333333333333,2,2,CCCCGGACTCGTAGCTTGCG,0,568795
araCp,0.3333333333333333,2,2,CCCCCTCTGCTCAAAATAAC,0,599758
araCp,0.3333333333333333,2,2,CCCCCCCTGTGCAAACGCGA,0,574894
araCp,0.3333333333333333,2,2,CCCCATGGCGTCATCCTCCG,0,575590
araCp,0.3333333333333333,2,2,CCCCAGTGATCGAGCATGAG,0,540981
araCp,0.3333333333333333,2,2,CCCCAGGCCGGTTACAAGTA,0,601702
araCp,0.3333333333333333,2,2,CCCCAGGAAGAGTACCTTGG,0,546333
araCp,0.3333333333333333,2,2,CCCCAATATCCCGGAGAGCT,0,547097
araCp,0.3333333333333333,2,2,CCCCAAGGGCGTCTCGTGCT,0,569457
araCp,0.3333333333333333,2,2,CCCATTCGACACGAACACTG,0,586400
araCp,0.3333333333333333,2,2,CCCATAGAATGGCAGGCGTA,0,561957
araCp,0.3333333333333333,2,2,CCCAGGATGAACCTATGGAA,0,568224
araCp,0.3333333333333333,2,2,CCCAGGATCATGCTGGTATT,0,549372
araCp,0.3333333333333333,2,2,CCCAGCCAGATGGTGCTCTT,0,592843
araCp,0.3333333333333333,2,2,CCCACGTCTTCCTGTAGTTA,0,537733
araCp,0.3333333333333333,2,2,CCCACGGCCCGGTGTAGAAT,0,573846
araCp,0.3333333333333333,2,2,CCCACCTAGTGGTAGCAGTA,0,531448
araCp,0.3333333333333333,2,2,CCCACACTTAGTAAGTAGAC,0,578184
araCp,0.3333333333333333,2,2,CCCACAAAGGAGCGAATGGC,0,585390
araCp,0.3333333333333333,2,2,CCATTCCAGTTCGGGAGGAG,0,564162
araCp,0.3333333333333333,2,2,CCATTCATTCTGGCCACTAG,0,573764
araCp,0.3333333333333333,2,2,CCATTATTGGCCCCCGGTTC,0,581728
araCp,0.3333333333333333,2,2,CCATTACACGCCCTAGCTTC,0,555923
araCp,0.3333333333333333,2,2,CCATGTACACACTACTCGGT,0,551001
araCp,0.3333333333333333,2,2,CCATGGATCTAAGTACTACT,0,537146
araCp,0.3333333333333333,2,2,CCATGCCACGACAATATCCT,0,590768
araCp,0.3333333333333333,2,2,CCATGAGGGTGGTGATCTTA,0,563084
araCp,0.3333333333333333,2,2,CCATGACTCTCCCGCCACTG,0,549403
araCp,0.3333333333333333,2,2,CCATCCGGTAAAGGGGCCAA,0,541352
araCp,0.3333333333333333,2,2,CCATCCGACCTACCCTTAGT,0,535997
araCp,0.3333333333333333,2,2,CCATCACCCAGGGGGATTCT,0,530163
araCp,0.3333333333333333,2,2,CCATATTGCACGGCACCCTC,0,572018
araCp,0.3333333333333333,2,2,CCAGTGTGAAGGCTACGCAG,0,549223
araCp,0.3333333333333333,2,2,CCAGTGGTAGCCGTGAGTTT,0,552468
araCp,0.3333333333333333,2,2,CCAGTATTATAGTGTAGATC,0,552247
araCp,0.3333333333333333,2,2,CCAGGTGGTCTCAATCGCAA,0,585987
araCp,0.3333333333333333,2,2,CCAGGCTCTGGAACTCATTC,0,564951
araCp,0.3333333333333333,2,2,CCAGCTCTCTGCGGAAGGTA,0,591681
araCp,0.3333333333333333,2,2,CCAGCCGTAGGCACGATTTT,0,594644
araCp,0.3333333333333333,2,2,CCAGCCGCGTGACTGCAGCC,0,554293
araCp,0.3333333333333333,2,2,CCAGCATACGGTGTAATAGA,0,528790
araCp,0.3333333333333333,2,2,CCAGCAGCTGAGATTTGACT,0,551622
araCp,0.3333333333333333,2,2,CCAGACGCTCAGTTAGGCGT,0,530918
araCp,0.3333333333333333,2,2,CCAGACGCATCAAGTCCCCA,0,588753
araCp,0.3333333333333333,2,2,CCACTTACCCGTCAGTCAGT,0,571126
araCp,0.3333333333333333,2,2,CCACTGGACTAATGGAACGT,0,590495
araCp,0.3333333333333333,2,2,CCACGCTTGTATGGCCCCCT,0,573145
araCp,0.3333333333333333,2,2,CCACCATAAATATTGATTCT,0,590341
araCp,0.3333333333333333,2,2,CCACCAGGTAGGGGTGTGTG,0,591355
araCp,0.3333333333333333,2,2,CCACATCGTGGCAATCTTGC,0,554715
araCp,0.3333333333333333,2,2,CCACATCGAAGAGAGACTCT,0,574623
araCp,0.3333333333333333,2,2,CCACAGTGTTGAGTAGGTCC,0,545729
araCp,0.3333333333333333,2,2,CCACAGTCCGGGAGTTGTCA,0,526932
araCp,0.3333333333333333,2,2,CCACAGAACGCAACACGGAA,0,594796
araCp,0.3333333333333333,2,2,CCAATCCGAAGTCGAAAACA,0,560313
araCp,0.3333333333333333,2,2,CCAAGTCCGTTTTAGATCGG,0,579517
araCp,0.3333333333333333,2,2,CCAAGTCCAGAAACCGGTGC,0,579028
araCp,0.3333333333333333,2,2,CCAAGACACCGAGATAGGGT,0,599665
araCp,0.3333333333333333,2,2,CCAAGAAGCCTGTCATCCCC,0,534065
araCp,0.3333333333333333,2,2,CCAACGCTCTTGCTCTGTCT,0,538126
araCp,0.3333333333333333,2,2,CCAACGATTGCACTCCTAGG,0,589878
araCp,0.3333333333333333,2,2,CCAAAGCGCAGTCCTGAACG,0,528183
araCp,0.3333333333333333,2,2,CCAAAGAGAAAGTCTCGGTC,0,576813
araCp,0.3333333333333333,2,2,CCAAACATTGATCCCGATCT,0,581922
araCp,0.3333333333333333,2,2,CCAAAATCGTGATGCCTGAA,0,551307
araCp,0.3333333333333333,2,2,CCAAAAATCTCCCCCTAGGC,0,564723
araCp,0.3333333333333333,2,2,CATTTTAAAAACGATGACCG,0,559607
araCp,0.3333333333333333,2,2,CATTTGAGTACAGGTCTTGC,0,586255
araCp,0.3333333333333333,2,2,CATTTAGCCACGGACCCTGG,0,528432
araCp,0.3333333333333333,2,2,CATTTAAAACGGGTATACGG,0,547956
araCp,0.3333333333333333,2,2,CATTGTGCACTAGACCGTGT,0,549725
araCp,0.3333333333333333,2,2,CATTGTATTGCGGGTCAAAC,0,530308
araCp,0.3333333333333333,2,2,CATTGGGAAAGGACCCGTAC,0,547553
araCp,0.3333333333333333,2,2,CATTGCATGTGCAAAATGCT,0,571844
araCp,0.3333333333333333,2,2,CATTCGGGTCTTTATGCTGT,0,529356
araCp,0.3333333333333333,2,2,CATTATGTGTGTCTCCTGGT,0,592163
araCp,0.3333333333333333,2,2,CATTAGGGAACAACCTAGTA,0,596096
araCp,0.3333333333333333,2,2,CATTACGCAAACACGACTGT,0,556145
araCp,0.3333333333333333,2,2,CATTACCCAAGTCCAAAAGT,0,535989
araCp,0.3333333333333333,2,2,CATGTGCTCCTAAGGTCAGA,0,559068
araCp,0.3333333333333333,2,2,CATGTCAATTCCTGCTGGGA,0,563686
araCp,0.3333333333333333,2,2,CATGGCCGTGTATATTCACA,0,584555
araCp,0.3333333333333333,2,2,CATGGACACGTGGGAACGGG,0,532556
araCp,0.3333333333333333,2,2,CATGCGTCTGGATGCAACGT,0,545181
araCp,0.3333333333333333,2,2,CATGCGGGGTGGCCCAGGCT,0,590522
araCp,0.3333333333333333,2,2,CATGCCTATCGAAGTCCCTG,0,601131
araCp,0.3333333333333333,2,2,CATGAGTGAACGCGAGCACT,0,561281
araCp,0.3333333333333333,2,2,CATGAGGCAACCGGCGGAGG,0,543113
araCp,0.3333333333333333,2,2,CATGAGATAGAGACACGTAA,0,553513
araCp,0.3333333333333333,2,2,CATGACAAGCGTTCTGTCGT,0,578100
araCp,0.3333333333333333,2,2,CATCTCGTCGTTTGAAATAT,0,602675
araCp,0.3333333333333333,2,2,CATCGTTTGTCAATTCGGCT,0,532548
araCp,0.3333333333333333,2,2,CATCGCGGAACCCAGCGGTA,0,598324
araCp,0.3333333333333333,2,2,CATCGCAACTGGGTCCGCAG,0,570301
araCp,0.3333333333333333,2,2,CATCGAGATCGATGGAGTAT,0,568577
araCp,0.3333333333333333,2,2,CATCCTTGAGTTAGATCTCG,0,563869
araCp,0.3333333333333333,2,2,CATCCGCAGCTCATGCTAGA,0,531629
araCp,0.3333333333333333,2,2,CATCATGCCGCAGTTATGAG,0,555785
araCp,0.3333333333333333,2,2,CATCAATCTAATACTTGAAC,0,598319
araCp,0.3333333333333333,2,2,CATCAACGATGAGGTTTACC,0,528713
araCp,0.3333333333333333,2,2,CATATGTCTCTATTATTCAG,0,556195
araCp,0.3333333333333333,2,2,CATATGCGCTGGGAAACGTC,0,581675
araCp,0.3333333333333333,2,2,CATATCGATTCCAAAATACA,0,542405
araCp,0.3333333333333333,2,2,CATATATACAACGGCAGCTT,0,566705
araCp,0.3333333333333333,2,2,CATAGGTTCAATGTCATGAA,0,572558
araCp,0.3333333333333333,2,2,CATAGATCAAGTACAATGTA,0,603551
araCp,0.3333333333333333,2,2,CATAGAATCGCTATGAGCTA,0,529471
araCp,0.3333333333333333,2,2,CATACTGCCAACTGTAGCCC,0,526743
araCp,0.3333333333333333,2,2,CATACTCGTGAACAAATTTA,0,579962
araCp,0.3333333333333333,2,2,CATACAGGAGGGGTTACAGT,0,567414
araCp,0.3333333333333333,2,2,CATAAGTGCGTCGGGTTTGT,0,588500
araCp,0.3333333333333333,2,2,CATAAGCATGGCATCTGTCT,0,599823
araCp,0.3333333333333333,2,2,CATAAGATATAAATCGTAAC,0,567788
araCp,0.3333333333333333,2,2,CATAAGAGGCAGACCGCACC,0,584742
araCp,0.3333333333333333,2,2,CATAACGTTTATCTGATGCC,0,528538
araCp,0.3333333333333333,2,2,CAGTTACTGTGATCACCCAT,0,591429
araCp,0.3333333333333333,2,2,CAGTGTGGATAACCGCAAAG,0,564898
araCp,0.3333333333333333,2,2,CAGTCTAGCTGTGATGCGGC,0,546202
araCp,0.3333333333333333,2,2,CAGTCTAAACACAAACCGTT,0,570901
araCp,0.3333333333333333,2,2,CAGTCAGAAAAAGGCTATCT,0,594676
araCp,0.3333333333333333,2,2,CAGTAGTCATGGATTTAATA,0,554851
araCp,0.3333333333333333,2,2,CAGTAGGGATCTGCGTACAC,0,571822
araCp,0.3333333333333333,2,2,CAGTAGATCAGTCTTTGTTC,0,559120
araCp,0.3333333333333333,2,2,CAGTAACCACACAGGCTCAA,0,593316
araCp,0.3333333333333333,2,2,CAGGTCTCCCTTACCTTCGG,0,590524
araCp,0.3333333333333333,2,2,CAGGTCATTCCCGGACGAAA,0,545006
araCp,0.3333333333333333,2,2,CAGGTACTTGCACACGGTTC,0,541140
araCp,0.3333333333333333,2,2,CAGGGTTTTACATGTTAACT,0,550555
araCp,0.3333333333333333,2,2,CAGGGTAAAGAGCTGGTTCG,0,528426
araCp,0.3333333333333333,2,2,CAGGGGGATGCGCTTCTATA,0,525916
araCp,0.3333333333333333,2,2,CAGGGCGATACCAGAATATT,0,542007
araCp,0.3333333333333333,2,2,CAGGCCAATATGGTATCCCC,0,588842
araCp,0.3333333333333333,2,2,CAGGATTAGGCAAGTGTACC,0,544139
araCp,0.3333333333333333,2,2,CAGGACCGAAGAAGGTTACA,0,574498
araCp,0.3333333333333333,2,2,CAGGAACGAGAGTAACCGCA,0,536428
araCp,0.3333333333333333,2,2,CAGGAAAGCCATTGCGCCAG,0,575122
araCp,0.3333333333333333,2,2,CAGCTGAATAGGTTCACATA,0,579783
araCp,0.3333333333333333,2,2,CAGCTCGGTTCTGGCTATTG,0,584675
araCp,0.3333333333333333,2,2,CAGCTATCGGGCCAGATCTT,0,534061
araCp,0.3333333333333333,2,2,CAGCGTCCGCGGATGCATGG,0,538918
araCp,0.3333333333333333,2,2,CAGCGGGTTCTATTACGGTT,0,542244
araCp,0.3333333333333333,2,2,CAGCGGGACTTGAAGCGCCC,0,563936
araCp,0.3333333333333333,2,2,CAGCCCAATAAACCTCAGTC,0,567252
araCp,0.3333333333333333,2,2,CAGCATTAGCAAGCGTGTAG,0,553213
araCp,0.3333333333333333,2,2,CAGCATAACAGCATGTGTTA,0,570949
araCp,0.3333333333333333,2,2,CAGCAGTTAGTCGAATTGAG,0,552009
araCp,0.3333333333333333,2,2,CAGCACGCTTAAAGCAATGA,0,528602
araCp,0.3333333333333333,2,2,CAGATTTCTTGTCATTAAAC,0,583995
araCp,0.3333333333333333,2,2,CAGATGGAGGCTTCAACGTG,0,532512
araCp,0.3333333333333333,2,2,CAGAGTCAACGCAGGCATCG,0,532456
araCp,0.3333333333333333,2,2,CAGAGCGGTATGTAATTCAC,0,531633
araCp,0.3333333333333333,2,2,CAGAGACTCCTTGCCATAAT,0,596871
araCp,0.3333333333333333,2,2,CAGACTTAACCTGCTAAGGA,0,602976
araCp,0.3333333333333333,2,2,CAGACTCCCTGGACGATCAC,0,578981
araCp,0.3333333333333333,2,2,CAGACGTGTTTGAATCCAAA,0,593877
araCp,0.3333333333333333,2,2,CAGACGCTGGAGAGAACGAT,0,602533
araCp,0.3333333333333333,2,2,CAGAACGAGCTAGGAAGAGA,0,590138
araCp,0.3333333333333333,2,2,CAGAAATAGTCATTTGTTAA,0,575612
araCp,0.3333333333333333,2,2,CAGAAATACAATGGGGAAGT,0,543583
araCp,0.3333333333333333,2,2,CAGAAAAGGCGCTCGCCGCG,0,538604
araCp,0.3333333333333333,2,2,CACTTTAGACTACTGGCTTT,0,529687
araCp,0.3333333333333333,2,2,CACTTATGTAGGGAGAGGCT,0,540620
araCp,0.3333333333333333,2,2,CACTTATCTTGCTCCTTAAG,0,546773
araCp,0.3333333333333333,2,2,CACTTAGCCGTCTGACTATT,0,543927
araCp,0.3333333333333333,2,2,CACTTACAACCGTTGAGGAT,0,559568
araCp,0.3333333333333333,2,2,CACTGGGGCTACACGGAGAC,0,564319
araCp,0.3333333333333333,2,2,CACTGCTGCTAGGCTGTGTG,0,601381
araCp,0.3333333333333333,2,2,CACTCAGGAGGTGACCATGG,0,581486
araCp,0.3333333333333333,2,2,CACGTTCGAAGAAAGGTATA,0,602126
araCp,0.3333333333333333,2,2,CACGTGTGCGCCAAGGCATG,0,582196
araCp,0.3333333333333333,2,2,CACGGTTCGAGATAGGGAGT,0,578013
araCp,0.3333333333333333,2,2,CACGGGGGAGCCGATAAGCA,0,535480
araCp,0.3333333333333333,2,2,CACGGAGCAGGGTTTGATAT,0,561625
araCp,0.3333333333333333,2,2,CACGGACCAAGTGAACTTCA,0,601006
araCp,0.3333333333333333,2,2,CACGCATTGAGGGGGTTGAA,0,542927
araCp,0.3333333333333333,2,2,CACGAGCTGGAAGCATACAG,0,542210
araCp,0.3333333333333333,2,2,CACGACACCGCGGCCTACTG,0,561701
araCp,0.3333333333333333,2,2,CACCTTGAGGCACATAGGGG,0,568230
araCp,0.3333333333333333,2,2,CACCTCTGTGGTTCCAATAA,0,535072
araCp,0.3333333333333333,2,2,CACCGTTGAACATGTATATA,0,563098
araCp,0.3333333333333333,2,2,CACCGCAAGACTCGTACACA,0,580297
araCp,0.3333333333333333,2,2,CACCCTATTGTGGTACGAAT,0,596531
araCp,0.3333333333333333,2,2,CACCCGCTTAAGAAACAGGT,0,589970
araCp,0.3333333333333333,2,2,CACCATTGTGCACATGGCAC,0,562565
araCp,0.3333333333333333,2,2,CACCAGCAGTGCCGCTTAAC,0,558595
araCp,0.3333333333333333,2,2,CACATTAAGGCTACGCTGGA,0,576340
araCp,0.3333333333333333,2,2,CACATTAAAGATATCGAGCT,0,595687
araCp,0.3333333333333333,2,2,CACATGGCCGGCTTAGACTG,0,547887
araCp,0.3333333333333333,2,2,CACATGGAAAGTTCGGGAGC,0,529091
araCp,0.3333333333333333,2,2,CACATCTCTCGGGTCCACAT,0,599781
araCp,0.3333333333333333,2,2,CACATCGTTCATCATCGGAA,0,587692
araCp,0.3333333333333333,2,2,CACATCGCTCCCGAGTCCTT,0,550617
araCp,0.3333333333333333,2,2,CACATATCCACGCAGACAAT,0,561258
araCp,0.3333333333333333,2,2,CACACTCTGCCCCCCGAAGT,0,544846
araCp,0.3333333333333333,2,2,CACACCGCTCTAGTTTGTCT,0,591390
araCp,0.3333333333333333,2,2,CACACACGGGTTTCTCGGGT,0,556261
araCp,0.3333333333333333,2,2,CACAATGACGGGAGAATAAC,0,566133
araCp,0.3333333333333333,2,2,CACAAGAGTGCAAGCTCGCA,0,576847
araCp,0.3333333333333333,2,2,CACAACAGGACGGATACCAA,0,553653
araCp,0.3333333333333333,2,2,CAATTGGCCATCCAATATGT,0,574408
araCp,0.3333333333333333,2,2,CAATTCCTGCGACCCTGTTT,0,547933
araCp,0.3333333333333333,2,2,CAATTCCCCCGCCAATCCTT,0,536423
araCp,0.3333333333333333,2,2,CAATTATGGTACAAGGGAAA,0,558366
araCp,0.3333333333333333,2,2,CAATGGCCATTATGCAAAAT,0,587697
araCp,0.3333333333333333,2,2,CAATCTTGTGCACGCTCCCT,0,574139
araCp,0.3333333333333333,2,2,CAATCTGTGAGATCGAGAGG,0,540390
araCp,0.3333333333333333,2,2,CAATCCATGTGAGGACCTGA,0,572812
araCp,0.3333333333333333,2,2,CAATAATTTCCATGAATCTA,0,572514
araCp,0.3333333333333333,2,2,CAATAAACTCCTTACATCAT,0,548085
araCp,0.3333333333333333,2,2,CAAGTTCGGCTCTCGTAGTC,0,582340
araCp,0.3333333333333333,2,2,CAAGTCTCACCACACTTGTA,0,567991
araCp,0.3333333333333333,2,2,CAAGTAGAGCGCATGTACCG,0,599490
araCp,0.3333333333333333,2,2,CAAGTACGCCACGAGTCGCT,0,593358
araCp,0.3333333333333333,2,2,CAAGGTTCTCGTGGGAAGGA,0,541104
araCp,0.3333333333333333,2,2,CAAGGGACCTGTATTCCCAC,0,594153
araCp,0.3333333333333333,2,2,CAAGGCGTCATCGAGGCTCG,0,538434
araCp,0.3333333333333333,2,2,CAAGGAAGGGGGAGCGTATT,0,582642
araCp,0.3333333333333333,2,2,CAAGCCAGTTTAAAAAGCTA,0,593495
araCp,0.3333333333333333,2,2,CAAGATGGCTTTGACTAGGC,0,548974
araCp,0.3333333333333333,2,2,CAAGAAGTTTCGACGGGATA,0,575484
araCp,0.3333333333333333,2,2,CAAGAACGCTCTCTGGTCGT,0,561451
araCp,0.3333333333333333,2,2,CAACTGCAGCCAGTGTTTCG,0,601572
araCp,0.3333333333333333,2,2,CAACTAGACGATCCAAGGTA,0,585081
araCp,0.3333333333333333,2,2,CAACTACACCTTCATGTGTG,0,544682
araCp,0.3333333333333333,2,2,CAACCGCGTTAGCAGCGCGT,0,599438
araCp,0.3333333333333333,2,2,CAACCGATGGTGCACACGAG,0,540404
araCp,0.3333333333333333,2,2,CAACCATGGCACTTTTCAGT,0,538254
araCp,0.3333333333333333,2,2,CAACATGCTCTGACTACTCA,0,589106
araCp,0.3333333333333333,2,2,CAACATCAGGGGGATCCCAT,0,570091
araCp,0.3333333333333333,2,2,CAACAGTCTCTTCACTTACC,0,529142
araCp,0.3333333333333333,2,2,CAAATTCCGGAGGAGATCAA,0,543376
araCp,0.3333333333333333,2,2,CAAATGCCGAACGCTGTTCG,0,602795
araCp,0.3333333333333333,2,2,CAAATACTTCCCGTAGTACG,0,528257
araCp,0.3333333333333333,2,2,CAAATAACATCATCCCAGAA,0,599398
araCp,0.3333333333333333,2,2,CAAAGTAGTTCAACAATCGT,0,580578
araCp,0.3333333333333333,2,2,CAAAGGGTATACATGAACAC,0,591427
araCp,0.3333333333333333,2,2,CAAAGCTCATTAAGATTCCT,0,538214
araCp,0.3333333333333333,2,2,CAAACCTGTGCATGGAGCGA,0,530794
araCp,0.3333333333333333,2,2,CAAACATCTTCGATTGCCCA,0,589974
araCp,0.3333333333333333,2,2,CAAACAGGCTGTAAACCTGG,0,597307
araCp,0.3333333333333333,2,2,ATTTTGTATTTGCTTAGGGA,0,552749
araCp,0.3333333333333333,2,2,ATTTGGGTAGGTAGCAACGT,0,526616
araCp,0.3333333333333333,2,2,ATTTGAGAGACCAGGACCTA,0,573306
araCp,0.3333333333333333,2,2,ATTTGACTCGAGAATCAAGG,0,533537
araCp,0.3333333333333333,2,2,ATTTCTTCCACATTTCCTAC,0,578237
araCp,0.3333333333333333,2,2,ATTTCCGTCAATCAACACAT,0,582436
araCp,0.3333333333333333,2,2,ATTTCAGAGTCTAAGGGATA,0,538304
araCp,0.3333333333333333,2,2,ATTTCACCCGTTAGGAGTGT,0,531239
araCp,0.3333333333333333,2,2,ATTTATCGTTCCATCGGGGG,0,578166
araCp,0.3333333333333333,2,2,ATTTATCGAGGAGAACACAT,0,541707
araCp,0.3333333333333333,2,2,ATTTATCCTTCGAGCGGTCA,0,528235
araCp,0.3333333333333333,2,2,ATTTAGCGAATGCGCGGAAG,0,546347
araCp,0.3333333333333333,2,2,ATTTAGAATGCGTCAATGAC,0,542701
araCp,0.3333333333333333,2,2,ATTTAAGCTAGTCCCGAGTC,0,585616
araCp,0.3333333333333333,2,2,ATTTAACTCTCCCCGGGACA,0,533530
araCp,0.3333333333333333,2,2,ATTTAAAACACGTCAACTTT,0,584367
araCp,0.3333333333333333,2,2,ATTGTGGGGAAGGCGCCATA,0,545105
araCp,0.3333333333333333,2,2,ATTGGGTTGCTGCTGACGTC,0,540359
araCp,0.3333333333333333,2,2,ATTGGGTCATCCCCCCTGCT,0,584908
araCp,0.3333333333333333,2,2,ATTGGGAGTTATTCGAGCAA,0,571039
araCp,0.3333333333333333,2,2,ATTGGACTTCTTGTCAGACC,0,530443
araCp,0.3333333333333333,2,2,ATTGGACCAAACTTTCCGTA,0,572614
araCp,0.3333333333333333,2,2,ATTGCGGAAGGTTGATGAAA,0,574277
araCp,0.3333333333333333,2,2,ATTGCATCAGGCCAGTTTCG,0,600562
araCp,0.3333333333333333,2,2,ATTGATGATGAAGCCGACTA,0,601744
araCp,0.3333333333333333,2,2,ATTGATAGCTGGAGGAATCT,0,590775
araCp,0.3333333333333333,2,2,ATTCTCAAGGATAATGTAAA,0,560809
araCp,0.3333333333333333,2,2,ATTCTATTACAGGGGTAGAG,0,587479
araCp,0.3333333333333333,2,2,ATTCGCTAGTAGCAGAGTAA,0,592733
araCp,0.3333333333333333,2,2,ATTCGATGCCAGGCACATGT,0,558101
araCp,0.3333333333333333,2,2,ATTCCTAGCTGGTCTTGTCA,0,531938
araCp,0.3333333333333333,2,2,ATTCCCATGCAGCTGATATC,0,532525
araCp,0.3333333333333333,2,2,ATTCATGAAGTAATTTTCAG,0,552622
araCp,0.3333333333333333,2,2,ATTCAGTCGTATCGGAGGCT,0,558057
araCp,0.3333333333333333,2,2,ATTCAATCAGCGATTGCAGA,0,533531
araCp,0.3333333333333333,2,2,ATTATTTAAAAGCCGAGGTT,0,570577
araCp,0.3333333333333333,2,2,ATTATTCTTATGATTTGTCG,0,560676
araCp,0.3333333333333333,2,2,ATTATTCAAGCGGGGATGCT,0,562416
araCp,0.3333333333333333,2,2,ATTATTAAGCGGTATGCTTT,0,595558
araCp,0.3333333333333333,2,2,ATTATCACCCCCTCCTCGTA,0,578559
araCp,0.3333333333333333,2,2,ATTATAAGTTTCATTGCCTA,0,583075
araCp,0.3333333333333333,2,2,ATTAGTAAGTCCTCCAGCTT,0,581476
araCp,0.3333333333333333,2,2,ATTAGGGGTTCTATATGCAA,0,538618
araCp,0.3333333333333333,2,2,ATTAGCCGCGGTATGGTAAA,0,526821
araCp,0.3333333333333333,2,2,ATTAAAGTATGGCATCCCCT,0,567107
araCp,0.3333333333333333,2,2,ATTAAACGCGGAAGGGCTAA,0,532814
araCp,0.3333333333333333,2,2,ATGTTTCGCCCTGCACAGGG,0,573351
araCp,0.3333333333333333,2,2,ATGTTTCACTCAACCAATTT,0,594808
araCp,0.3333333333333333,2,2,ATGTTCGTCAACCACCGAGA,0,549204
araCp,0.3333333333333333,2,2,ATGTGGGCTCTCCAAACAGG,0,545397
araCp,0.3333333333333333,2,2,ATGTGGGAGCGCAAATGGTT,0,534289
araCp,0.3333333333333333,2,2,ATGTGCCAACTATTGAAAGA,0,559603
araCp,0.3333333333333333,2,2,ATGTCTGGTCATCAACTTCT,0,545644
araCp,0.3333333333333333,2,2,ATGTCTACTGATTACAGGAA,0,603532
araCp,0.3333333333333333,2,2,ATGTATCAGATTGGCACCAT,0,576620
araCp,0.3333333333333333,2,2,ATGTATAAGCCGAACTGGTT,0,549239
araCp,0.3333333333333333,2,2,ATGTAGACTTGTGATTTATG,0,574349
araCp,0.3333333333333333,2,2,ATGTAGACATATACCACTAA,0,582010
araCp,0.3333333333333333,2,2,ATGTAAGAGTTCCCGCAGTT,0,563127
araCp,0.3333333333333333,2,2,ATGGTCTAAACTCATATAAA,0,564785
araCp,0.3333333333333333,2,2,ATGGTCCCTCAGAGAGATCT,0,565523
araCp,0.3333333333333333,2,2,ATGGGTCTAACCTGAGGATC,0,538771
araCp,0.3333333333333333,2,2,ATGGGGTATAGTCCTTCTTT,0,580227
araCp,0.3333333333333333,2,2,ATGGGCTTTTAGCCACATCA,0,599825
araCp,0.3333333333333333,2,2,ATGGGCTACAGCTAGGCGAA,0,581700
araCp,0.3333333333333333,2,2,ATGGGATGTGGCGTTGGCCT,0,546675
araCp,0.3333333333333333,2,2,ATGGGAACCCATTTGGTTGA,0,584633
araCp,0.3333333333333333,2,2,ATGGCGGCGGGCGTAATCTC,0,576760
araCp,0.3333333333333333,2,2,ATGGCGCTGCTCTTGCCCGT,0,582757
araCp,0.3333333333333333,2,2,ATGGCCGCTGGCCCCCTATG,0,540505
araCp,0.3333333333333333,2,2,ATGGATTTGTCACTATGTCA,0,545618
araCp,0.3333333333333333,2,2,ATGGATATATAATTAGGGCG,0,530279
araCp,0.3333333333333333,2,2,ATGGAACTCCATTATATATA,0,600839
araCp,0.3333333333333333,2,2,ATGCTTAGCAGTAACGGTTC,0,587112
araCp,0.3333333333333333,2,2,ATGCTGCATATCTTTCACTA,0,559605
araCp,0.3333333333333333,2,2,ATGCGTCCGGACGCATGGGG,0,545267
araCp,0.3333333333333333,2,2,ATGCGATGCACGGCTGTGAA,0,563499
araCp,0.3333333333333333,2,2,ATGCCGTTAAACCACCGGCA,0,528430
araCp,0.3333333333333333,2,2,ATGCCAATACGTCTGCGCGT,0,578938
araCp,0.3333333333333333,2,2,ATGCCAACAGATTTTCTGCA,0,563325
araCp,0.3333333333333333,2,2,ATGCCAAATTGTCCTCTGAT,0,542278
araCp,0.3333333333333333,2,2,ATGCAGGTGGAAGATGACGT,0,548659
araCp,0.3333333333333333,2,2,ATGCAGAATCGGGCTGTTGT,0,578576
araCp,0.3333333333333333,2,2,ATGCACTTGTAGGGTTCTCG,0,547606
araCp,0.3333333333333333,2,2,ATGATTACTCGATTCCTGGG,0,591833
araCp,0.3333333333333333,2,2,ATGATCCCCGGCCTATGCAG,0,591904
araCp,0.3333333333333333,2,2,ATGATATGTCCATGGGTCAG,0,597694
araCp,0.3333333333333333,2,2,ATGATAAATATGGCTAGTTT,0,558226
araCp,0.3333333333333333,2,2,ATGAGGGCTCATTATACGGC,0,556996
araCp,0.3333333333333333,2,2,ATGAGCTAACCAATGAGACT,0,539790
araCp,0.3333333333333333,2,2,ATGAGACCCGGCACTTTTCA,0,580715
araCp,0.3333333333333333,2,2,ATGACGTTGCGTGCACGCTG,0,529552
araCp,0.3333333333333333,2,2,ATGACGTTCCGGTGATGCCA,0,575054
araCp,0.3333333333333333,2,2,ATGACCCGGCACTTTACCAA,0,556264
araCp,0.3333333333333333,2,2,ATGACATCAGCCGCAGCGAC,0,585023
araCp,0.3333333333333333,2,2,ATGAATAGTGTAAGGGTGGG,0,601102
araCp,0.3333333333333333,2,2,ATGAACTATACTCACGGCAG,0,586098
araCp,0.3333333333333333,2,2,ATGAACCGTCGCGTAATTGC,0,537872
araCp,0.3333333333333333,2,2,ATGAAATTGTCCACTCGACC,0,531643
araCp,0.3333333333333333,2,2,ATCTTTTTCGTTATTGATGC,0,581447
araCp,0.3333333333333333,2,2,ATCTCGTCTACATAATCCGC,0,553434
araCp,0.3333333333333333,2,2,ATCTAGTCCCCATACCATCC,0,557937
araCp,0.3333333333333333,2,2,ATCTACTGTCGTAATTGTAT,0,581105
araCp,0.3333333333333333,2,2,ATCTAAGTTGCGCGTTGGCC,0,574332
araCp,0.3333333333333333,2,2,ATCTAAGTATGAAAACTCTC,0,591240
araCp,0.3333333333333333,2,2,ATCTAAGGGGTGTGCAAAGA,0,545093
araCp,0.3333333333333333,2,2,ATCTAACCTCATGGCAGAGT,0,563647
araCp,0.3333333333333333,2,2,ATCGTTAAAATAAGCTATGT,0,564108
araCp,0.3333333333333333,2,2,ATCGTGGACGGCATTGGATA,0,562504
araCp,0.3333333333333333,2,2,ATCGTAATTGGCCAGTCTTG,0,595475
araCp,0.3333333333333333,2,2,ATCGGGATCCATATATCAAG,0,578035
araCp,0.3333333333333333,2,2,ATCGGGACAAAATTGTCGTT,0,556608
araCp,0.3333333333333333,2,2,ATCGGCACCCTGTTAACAAC,0,544267
araCp,0.3333333333333333,2,2,ATCGCCGGTTCCATCGTTAC,0,557764
araCp,0.3333333333333333,2,2,ATCGCATGGTGTGATTGACT,0,534781
araCp,0.3333333333333333,2,2,ATCGATGGCAAGTCCTGCAG,0,549422
araCp,0.3333333333333333,2,2,ATCGATATGAACGACCAGCT,0,585769
araCp,0.3333333333333333,2,2,ATCGACTCGCTGAGTCCACA,0,595316
araCp,0.3333333333333333,2,2,ATCGACCCGCAGCTGGCGGC,0,593813
araCp,0.3333333333333333,2,2,ATCCTAACCTTTTTACAGTA,0,602794
araCp,0.3333333333333333,2,2,ATCCGCAATAACATCTGATA,0,566545
araCp,0.3333333333333333,2,2,ATCCGAGGATTAGGTCGAAG,0,578527
araCp,0.3333333333333333,2,2,ATCCGAGCTCGATTCGAGAC,0,561931
araCp,0.3333333333333333,2,2,ATCCGAGACATGAGCCACGG,0,585234
araCp,0.3333333333333333,2,2,ATCCGACGACGCCTTGACGA,0,548167
araCp,0.3333333333333333,2,2,ATCCCTGATCCGGGCGCAAT,0,531988
araCp,0.3333333333333333,2,2,ATCCCGTCAATTCCTATCCA,0,581779
araCp,0.3333333333333333,2,2,ATCCCCTAGGGCTGAGACTT,0,550455
araCp,0.3333333333333333,2,2,ATCCCCGCTGAAACTCAATC,0,580083
araCp,0.3333333333333333,2,2,ATCCCAGGGATCCATGAACG,0,593955
araCp,0.3333333333333333,2,2,ATCCATATTACTAGAGCAGG,0,568975
araCp,0.3333333333333333,2,2,ATCATGGTGATTGAAAAATG,0,584449
araCp,0.3333333333333333,2,2,ATCATGATGTTGATGTTTCT,0,566007
araCp,0.3333333333333333,2,2,ATCATCGGGTATATTGCCCG,0,541297
araCp,0.3333333333333333,2,2,ATCAGTTATTACAACAATGG,0,597717
araCp,0.3333333333333333,2,2,ATCAGTTAGATCAACAAAGC,0,553664
araCp,0.3333333333333333,2,2,ATCAGGCTTGATAATGCATC,0,551379
araCp,0.3333333333333333,2,2,ATCAGCTCACTACTCAATGA,0,528396
araCp,0.3333333333333333,2,2,ATCAGAATCTTTTATAGTGA,0,586181
araCp,0.3333333333333333,2,2,ATCACCTCCAGAAATCGTTA,0,534684
araCp,0.3333333333333333,2,2,ATCACCTATTTAAACCGTGT,0,538614
araCp,0.3333333333333333,2,2,ATCACATCACGGAGATATTG,0,571354
araCp,0.3333333333333333,2,2,ATCAAGTAGTATCCGCGGGT,0,554828
araCp,0.3333333333333333,2,2,ATCAAGCCTTCGGCAACTTA,0,600496
araCp,0.3333333333333333,2,2,ATCAAATTAGGGGGAATCGG,0,562889
araCp,0.3333333333333333,2,2,ATATTCGGGAGAAAATCGGA,0,555941
araCp,0.3333333333333333,2,2,ATATTACCCCGGCAATAATG,0,545071
araCp,0.3333333333333333,2,2,ATATGTCTGCCAAGATGGGG,0,558429
araCp,0.3333333333333333,2,2,ATATGGGCCGGACTTGGGGT,0,545081
araCp,0.3333333333333333,2,2,ATATGCTTAATCACGTTAGC,0,527338
araCp,0.3333333333333333,2,2,ATATGCGAGGAAGGAAGTAT,0,548258
araCp,0.3333333333333333,2,2,ATATGCCTTGCACCGCGCAT,0,562799
araCp,0.3333333333333333,2,2,ATATCGTCCCTACTGATAGA,0,534419
araCp,0.3333333333333333,2,2,ATATCCAGTAACCATTCTGT,0,532269
araCp,0.3333333333333333,2,2,ATATATTGTTCGCATGGGTA,0,547738
araCp,0.3333333333333333,2,2,ATATATCTGCTTCATTACAC,0,545388
araCp,0.3333333333333333,2,2,ATATAGGCTCGTACAGCATA,0,553323
araCp,0.3333333333333333,2,2,ATATAAGGTCGAGAATTGAG,0,530758
araCp,0.3333333333333333,2,2,ATATAACCGGGAGCGGACAG,0,548426
araCp,0.3333333333333333,2,2,ATAGTGCATTTCAGTGTTCT,0,568716
araCp,0.3333333333333333,2,2,ATAGTCAACTTCTAAGATGG,0,533931
araCp,0.3333333333333333,2,2,ATAGTATATAATTATGACTC,0,603360
araCp,0.3333333333333333,2,2,ATAGTAGCAATCCGTGTAAA,0,574267
araCp,0.3333333333333333,2,2,ATAGTACTCTCGCACTGTTG,0,547734
araCp,0.3333333333333333,2,2,ATAGGTAACTTTCCTATAAG,0,561599
araCp,0.3333333333333333,2,2,ATAGGCTTGCAGTCTCGGCC,0,545839
araCp,0.3333333333333333,2,2,ATAGGCGCTTTAGTGATTTG,0,577224
araCp,0.3333333333333333,2,2,ATAGCTTAGCTCGCGCAACC,0,540045
araCp,0.3333333333333333,2,2,ATAGCGCCGGTATTAAGGCT,0,562121
araCp,0.3333333333333333,2,2,ATAGCGACCGCAAAATACAT,0,526084
araCp,0.3333333333333333,2,2,ATAGCCTCGAGACAAACTAA,0,577886
araCp,0.3333333333333333,2,2,ATAGCAGAATATAGTAGTAA,0,586434
araCp,0.3333333333333333,2,2,ATAGATCATCGGCTCACCCC,0,600939
araCp,0.3333333333333333,2,2,ATAGACATAATTCTTGCTAT,0,556945
araCp,0.3333333333333333,2,2,ATAGAAAAGCTATTAGTGAG,0,554958
araCp,0.3333333333333333,2,2,ATACTCTGCAACAAAATGCC,0,590177
araCp,0.3333333333333333,2,2,ATACTACAGACCGGACGGTT,0,568677
araCp,0.3333333333333333,2,2,ATACGCCAGTCCTCTGTCTT,0,538385
araCp,0.3333333333333333,2,2,ATACCTAGCAACATTCGTCG,0,571109
araCp,0.3333333333333333,2,2,ATACCTAGATCTATCCCATT,0,559563
araCp,0.3333333333333333,2,2,ATACCCTATGTCGCTATACC,0,597726
araCp,0.3333333333333333,2,2,ATACAGCGATTGAGTTGAGC,0,543997
araCp,0.3333333333333333,2,2,ATACAATGGAGCATTAACTC,0,532690
araCp,0.3333333333333333,2,2,ATAATTGGTATTAGCCCTTC,0,590217
araCp,0.3333333333333333,2,2,ATAATTCCCCTTTCACGCAA,0,569426
araCp,0.3333333333333333,2,2,ATAATTATGTGTATCTCATG,0,567846
araCp,0.3333333333333333,2,2,ATAATGTGGGGGCGGTTACA,0,527196
araCp,0.3333333333333333,2,2,ATAATGTACAGTATTGACTC,0,585625
araCp,0.3333333333333333,2,2,ATAATCTGCACAGAGAAAGT,0,558302
araCp,0.3333333333333333,2,2,ATAATCTATCAAACTTCGAA,0,536557
araCp,0.3333333333333333,2,2,ATAAGTGGAGCGGCGTTCCT,0,595865
araCp,0.3333333333333333,2,2,ATAAGGTAACGCGCTTTAAT,0,580915
araCp,0.3333333333333333,2,2,ATAAGATCAAGGTGCGTCCT,0,551132
araCp,0.3333333333333333,2,2,ATAACCGTCGCCGATTATCC,0,570519
araCp,0.3333333333333333,2,2,ATAACACGTTCTGGACCCCA,0,543536
araCp,0.3333333333333333,2,2,ATAAATCGGGCCTATTCTCT,0,533690
araCp,0.3333333333333333,2,2,ATAAATCCCGGTAAGGTCAG,0,579518
araCp,0.3333333333333333,2,2,AGTTTGCACGGCGGTCGGCC,0,584966
araCp,0.3333333333333333,2,2,AGTTTGATGTAGGAGTGATC,0,532582
araCp,0.3333333333333333,2,2,AGTTTCAATAGGGCAAGCTC,0,570829
araCp,0.3333333333333333,2,2,AGTTTACACTCAAGATGTCC,0,529324
araCp,0.3333333333333333,2,2,AGTTTACAACCCTCGGAAAA,0,532952
araCp,0.3333333333333333,2,2,AGTTGGGTCGCTGATCGAGG,0,593956
araCp,0.3333333333333333,2,2,AGTTGGACCATTCAGGGTTT,0,544499
araCp,0.3333333333333333,2,2,AGTTCTACCTGAGTGCAGAT,0,533417
araCp,0.3333333333333333,2,2,AGTTCAGGTTTTACGCCTAC,0,581319
araCp,0.3333333333333333,2,2,AGTTATCTCCAATGCCATTC,0,539403
araCp,0.3333333333333333,2,2,AGTTAGATTCTAGTTTGCTT,0,570230
araCp,0.3333333333333333,2,2,AGTTAACCATTTGCGACGGT,0,541302
araCp,0.3333333333333333,2,2,AGTGTTATACCGCAACCTCG,0,571328
araCp,0.3333333333333333,2,2,AGTGTGGAGGTCTAGCGTAT,0,591603
araCp,0.3333333333333333,2,2,AGTGTGCATGCAGTTTTTAA,0,549550
araCp,0.3333333333333333,2,2,AGTGTGACCACGAAAGAGAA,0,578768
araCp,0.3333333333333333,2,2,AGTGTCGCTTTCGAACTCCC,0,567701
araCp,0.3333333333333333,2,2,AGTGGGCTAATCAACGGAAA,0,566105
araCp,0.3333333333333333,2,2,AGTGGACGAGGATTTGACTA,0,600614
araCp,0.3333333333333333,2,2,AGTGCTCGTGAGGACTATCG,0,572821
araCp,0.3333333333333333,2,2,AGTGCGTCGGCAAAGACAAG,0,586491
araCp,0.3333333333333333,2,2,AGTGCGACGGACCACAGCTA,0,599834
araCp,0.3333333333333333,2,2,AGTGCCAATTCTTGATTGCT,0,550880
araCp,0.3333333333333333,2,2,AGTGCAGGATGAGCGACTAA,0,572019
araCp,0.3333333333333333,2,2,AGTGAAGCGGCGTCCAACTC,0,570141
araCp,0.3333333333333333,2,2,AGTCTTGAGCCCCGCCCGAC,0,568855
araCp,0.3333333333333333,2,2,AGTCTCAGTACTTTAACCTT,0,570468
araCp,0.3333333333333333,2,2,AGTCTCACAGTGTATAAACT,0,526966
araCp,0.3333333333333333,2,2,AGTCGTAATCACACTGCGCC,0,571845
araCp,0.3333333333333333,2,2,AGTCGGTGTAACTTCTGATT,0,545758
araCp,0.3333333333333333,2,2,AGTCGCTTAAGCGGTATCCC,0,563652
araCp,0.3333333333333333,2,2,AGTCCTATGATAGCTCGTAA,0,530962
araCp,0.3333333333333333,2,2,AGTCCGGACTGGTACAAGGA,0,573696
araCp,0.3333333333333333,2,2,AGTCCCTCTATAGAAGGTAA,0,532069
araCp,0.3333333333333333,2,2,AGTCCATTACAATGATTGCA,0,532622
araCp,0.3333333333333333,2,2,AGTCCAATTCACCTCGTCCT,0,573856
araCp,0.3333333333333333,2,2,AGTCCAATAGTTCATGCATA,0,556258
araCp,0.3333333333333333,2,2,AGTCATTCAACGGAAAACCA,0,528856
araCp,0.3333333333333333,2,2,AGTCAATTTTCGAGCACATC,0,577159
araCp,0.3333333333333333,2,2,AGTCAAGGGTTCTTGTTGAA,0,601949
araCp,0.3333333333333333,2,2,AGTCAAGAGGCTCGTTGGCA,0,541787
araCp,0.3333333333333333,2,2,AGTATGTCGGTGGATTTGGC,0,575849
araCp,0.3333333333333333,2,2,AGTATACACATTTAGATGTA,0,543481
araCp,0.3333333333333333,2,2,AGTAGGGAGGCCGAGATGTT,0,571580
araCp,0.3333333333333333,2,2,AGTAGGCCCTGTCTTACTCA,0,563340
araCp,0.3333333333333333,2,2,AGTAGCTGTGAAGTATCCGG,0,583407
araCp,0.3333333333333333,2,2,AGTAGACGGATGATGCATAA,0,553910
araCp,0.3333333333333333,2,2,AGTAGAAGTTAAGGTACCTG,0,577460
araCp,0.3333333333333333,2,2,AGTAGAACTAGGTCTAAGAA,0,579646
araCp,0.3333333333333333,2,2,AGTACCCAGGTGGGAATGGA,0,597517
araCp,0.3333333333333333,2,2,AGTAAGTCCCTCTTATTATA,0,585709
araCp,0.3333333333333333,2,2,AGTAAGCTAAGTATGACTCC,0,560752
araCp,0.3333333333333333,2,2,AGTAACGACTGCTTCATACG,0,547811
araCp,0.3333333333333333,2,2,AGGTTTTCAAATTCCGAGAC,0,577431
araCp,0.3333333333333333,2,2,AGGTTCCTTCATCGGCATGT,0,590358
araCp,0.3333333333333333,2,2,AGGTTAACGAAGGGCGTTAT,0,599045
araCp,0.3333333333333333,2,2,AGGTGTTCCCGGCTACGGCT,0,544730
araCp,0.3333333333333333,2,2,AGGTGTGCAAGATATTCCGC,0,584837
araCp,0.3333333333333333,2,2,AGGTGGGAGGCACATAGGTT,0,586396
araCp,0.3333333333333333,2,2,AGGTGCTTAGGCGGAGGATC,0,602506
araCp,0.3333333333333333,2,2,AGGTGCGTATCCCGGGATAG,0,572919
araCp,0.3333333333333333,2,2,AGGTCTTGCTTAAACCCTCC,0,588064
araCp,0.3333333333333333,2,2,AGGTCCAGAGCCACAGATTG,0,594462
araCp,0.3333333333333333,2,2,AGGTCATATGATATCATGTC,0,601752
araCp,0.3333333333333333,2,2,AGGTCAGAACCGATGTAGGA,0,531027
araCp,0.3333333333333333,2,2,AGGTATTAGGGTAATTCACA,0,565727
araCp,0.3333333333333333,2,2,AGGTATATGCTTAAGCAGCT,0,541719
araCp,0.3333333333333333,2,2,AGGTAGTCATAACGTGTCAG,0,595336
araCp,0.3333333333333333,2,2,AGGTAGAACAGTCGGAATAA,0,569185
araCp,0.3333333333333333,2,2,AGGTAACGTGGCCCACCGTA,0,527666
araCp,0.3333333333333333,2,2,AGGGTCCAGTCATTTGCGCT,0,584175
araCp,0.3333333333333333,2,2,AGGGTCAGATCCAGCACGGG,0,567190
araCp,0.3333333333333333,2,2,AGGGTACGTGATCAGTGTCG,0,557622
araCp,0.3333333333333333,2,2,AGGGGTGAAAGTCCGTGAGG,0,558378
araCp,0.3333333333333333,2,2,AGGGGACCGGATACGGGTTA,0,549312
araCp,0.3333333333333333,2,2,AGGGGAACGGGCACGCTCGA,0,557358
araCp,0.3333333333333333,2,2,AGGGCTACCAACATTTTTGA,0,598473
araCp,0.3333333333333333,2,2,AGGGCCTACGTTCTATTCGC,0,582166
araCp,0.3333333333333333,2,2,AGGGCCGAAGCTGTACGAAC,0,600083
araCp,0.3333333333333333,2,2,AGGGCCATATCTACTCTGGT,0,544032
araCp,0.3333333333333333,2,2,AGGGCATAAGGCAACCTTAC,0,593592
araCp,0.3333333333333333,2,2,AGGGATTGGGTCTGTCCATA,0,554746
araCp,0.3333333333333333,2,2,AGGGACTAGCAACGTATGCA,0,556139
araCp,0.3333333333333333,2,2,AGGGACCTTATGTATATGAT,0,584439
araCp,0.3333333333333333,2,2,AGGGAATTCTGGGGGTCAGG,0,576988
araCp,0.3333333333333333,2,2,AGGGAATCATTAACCAAACC,0,542416
araCp,0.3333333333333333,2,2,AGGGAACAGGGCTGTGAGGA,0,591180
araCp,0.3333333333333333,2,2,AGGCTGGAACATCTTGTCTT,0,527324
araCp,0.3333333333333333,2,2,AGGCTGCCTTGCCCTCGCGC,0,533633
araCp,0.3333333333333333,2,2,AGGCTGCAGCCTACTGTAGG,0,564338
araCp,0.3333333333333333,2,2,AGGCTAACAATCTATAGGCT,0,560014
araCp,0.3333333333333333,2,2,AGGCTAAAATAATTGCTTCA,0,569995
araCp,0.3333333333333333,2,2,AGGCGTTGATCCTAGCCGAC,0,566576
araCp,0.3333333333333333,2,2,AGGCGGCTAAAATACCAGCT,0,569839
araCp,0.3333333333333333,2,2,AGGCGAGGTGTAAGAGCCTA,0,552606
araCp,0.3333333333333333,2,2,AGGCCCATGAACGTAACCGT,0,595501
araCp,0.3333333333333333,2,2,AGGCATTGATTACCAGTGAA,0,590636
araCp,0.3333333333333333,2,2,AGGCATTCCATCGCGCTGTG,0,562515
araCp,0.3333333333333333,2,2,AGGCACTTTAGAACGGCTGT,0,537453
araCp,0.3333333333333333,2,2,AGGCACGGTAGGCAAGACCC,0,531506
araCp,0.3333333333333333,2,2,AGGCAAGATACAGGGCAGGG,0,542042
araCp,0.3333333333333333,2,2,AGGAGTCTGCTATTCCGGGG,0,554904
araCp,0.3333333333333333,2,2,AGGAGTACGCCGTAGATCAT,0,536401
araCp,0.3333333333333333,2,2,AGGAGCCCACGGTAGAACAT,0,582574
araCp,0.3333333333333333,2,2,AGGAGATTCAAGGGGTATTT,0,541481
araCp,0.3333333333333333,2,2,AGGAGAGGGTTTAACGTAGG,0,554471
araCp,0.3333333333333333,2,2,AGGAGACTAAATCGAATGAT,0,541727
araCp,0.3333333333333333,2,2,AGGAGACAGCCATGTATTCA,0,596791
araCp,0.3333333333333333,2,2,AGGAGAACTTAGAACGCTTA,0,597563
araCp,0.3333333333333333,2,2,AGGACTACGGCACCTCTCAG,0,540309
araCp,0.3333333333333333,2,2,AGGAATTCAATCATCTTGTC,0,589371
araCp,0.3333333333333333,2,2,AGGAAGTTCGAGTGTGTAAA,0,558344
araCp,0.3333333333333333,2,2,AGGAAACCTTAATATTTGAT,0,593160
araCp,0.3333333333333333,2,2,AGCTTTAAAAGTCGGACTCT,0,544166
araCp,0.3333333333333333,2,2,AGCTTCGATTGTAATGGCAT,0,575534
araCp,0.3333333333333333,2,2,AGCTTCAACCAAGAGGCGAC,0,572372
araCp,0.3333333333333333,2,2,AGCTGTAGGACGTAAAAACG,0,544212
araCp,0.3333333333333333,2,2,AGCTGCCGATGATGTGTAGG,0,569883
araCp,0.3333333333333333,2,2,AGCTCCTCAACACGACGAGG,0,559867
araCp,0.3333333333333333,2,2,AGCTATTCGACGACAACAAT,0,542866
araCp,0.3333333333333333,2,2,AGCTAAATATTGTACGGGTT,0,591996
araCp,0.3333333333333333,2,2,AGCTAAACTGTCTCCGTTGC,0,592731
araCp,0.3333333333333333,2,2,AGCGTTAGTGTCATTGATTT,0,535622
araCp,0.3333333333333333,2,2,AGCGTTAATGGTAAATTTTG,0,566264
araCp,0.3333333333333333,2,2,AGCGTGCGTGGCCTTTGGGG,0,527432
araCp,0.3333333333333333,2,2,AGCGTCCAGTTACCCCGGCC,0,570798
araCp,0.3333333333333333,2,2,AGCGTATCGTCGTGTTCTAA,0,602726
araCp,0.3333333333333333,2,2,AGCGGGTTAAGCCCTTTAAA,0,548416
araCp,0.3333333333333333,2,2,AGCGGGGAGGGTGTACTAAA,0,569898
araCp,0.3333333333333333,2,2,AGCGGATGAACGCAGTGCTA,0,591120
araCp,0.3333333333333333,2,2,AGCGCGCTCTGCGTTTAGGT,0,578273
araCp,0.3333333333333333,2,2,AGCGCGATATCTCAGTCCAG,0,549750
araCp,0.3333333333333333,2,2,AGCGCGACTCGTGGGGCCAG,0,531713
araCp,0.3333333333333333,2,2,AGCGCCGTGACGTTAAGGGA,0,569064
araCp,0.3333333333333333,2,2,AGCGCAAGGGGTAAGATCAT,0,575833
araCp,0.3333333333333333,2,2,AGCGACGTAATTCGGCTAGA,0,587345
araCp,0.3333333333333333,2,2,AGCGAAGGAGGGGGTCGCGG,0,531584
araCp,0.3333333333333333,2,2,AGCGAAAGAAGAAAACTTAA,0,542972
araCp,0.3333333333333333,2,2,AGCCTGTAGGACCGGGGACA,0,603064
araCp,0.3333333333333333,2,2,AGCCTGATGTCATTGAGTTT,0,572434
araCp,0.3333333333333333,2,2,AGCCTCACCCGCATGGGTAT,0,558842
araCp,0.3333333333333333,2,2,AGCCGGTCTCACGATCAGCC,0,545513
araCp,0.3333333333333333,2,2,AGCCGGCAAGAGGGAAGTGT,0,578426
araCp,0.3333333333333333,2,2,AGCCGCATGAAGTCCAGCAA,0,554490
araCp,0.3333333333333333,2,2,AGCCGATCTGTCCTTACATC,0,592161
araCp,0.3333333333333333,2,2,AGCCGATATGCGTCGTGTGG,0,542724
araCp,0.3333333333333333,2,2,AGCCCTGAAGCTTTTGCAGA,0,570148
araCp,0.3333333333333333,2,2,AGCCCTAAAGTGAACCCAGA,0,570109
araCp,0.3333333333333333,2,2,AGCCCCTCTATAAGATGTTT,0,526797
araCp,0.3333333333333333,2,2,AGCCCCGTCCGGTGAAGCGA,0,553943
araCp,0.3333333333333333,2,2,AGCCCCGGACTCTGAGGACG,0,548716
araCp,0.3333333333333333,2,2,AGCCCCCTGCACTAGCCGGG,0,547702
araCp,0.3333333333333333,2,2,AGCCCAAGATAGCCCGATGA,0,584786
araCp,0.3333333333333333,2,2,AGCCATCATTTAGTCTTATT,0,529807
araCp,0.3333333333333333,2,2,AGCCAGCGTTAGCGAGGGAG,0,559574
araCp,0.3333333333333333,2,2,AGCATTTAAGGGTCCACGAT,0,582068
araCp,0.3333333333333333,2,2,AGCATGAGTTAGCCACGTCC,0,554857
araCp,0.3333333333333333,2,2,AGCATCGGAGACAATGCGTT,0,556544
araCp,0.3333333333333333,2,2,AGCATCCCCAAGGACTTGTT,0,588346
araCp,0.3333333333333333,2,2,AGCATAGAAGGAGATCCTTC,0,535858
araCp,0.3333333333333333,2,2,AGCATACAAAAGATTATCAG,0,599728
araCp,0.3333333333333333,2,2,AGCAGTTGGAACCCTGGTCA,0,543833
araCp,0.3333333333333333,2,2,AGCAGGGCGAGCCCCACATT,0,590053
araCp,0.3333333333333333,2,2,AGCAGATAGTCTTTTTATGA,0,527083
araCp,0.3333333333333333,2,2,AGCACTCTTAGACTACTCAG,0,556371
araCp,0.3333333333333333,2,2,AGCACGTCCGTTATGACCTC,0,533141
araCp,0.3333333333333333,2,2,AGCACCGGTTTATTGGTATC,0,533754
araCp,0.3333333333333333,2,2,AGCAATGTCAATGGCAGGAG,0,571104
araCp,0.3333333333333333,2,2,AGATTCGATCGCACGATCCA,0,545164
araCp,0.3333333333333333,2,2,AGATTATTGGTCGCTCGCGG,0,585105
araCp,0.3333333333333333,2,2,AGATTAAAATAGCCGGAAAC,0,590346
araCp,0.3333333333333333,2,2,AGATGCGCAAGAATAATCGG,0,569067
araCp,0.3333333333333333,2,2,AGATGAACTGGGTGGGCTCG,0,551058
araCp,0.3333333333333333,2,2,AGATCTGCGGGTTTGTGTGG,0,574405
araCp,0.3333333333333333,2,2,AGATAGGATCATGGGTGTGG,0,591513
araCp,0.3333333333333333,2,2,AGAGTGGCGGGCTCTGATTT,0,582794
araCp,0.3333333333333333,2,2,AGAGTCTTAAGCGCCTTGCC,0,554180
araCp,0.3333333333333333,2,2,AGAGTCGTCCGGTTTAGCCG,0,547451
araCp,0.3333333333333333,2,2,AGAGTCCTTAGCGGCTCAGG,0,569079
araCp,0.3333333333333333,2,2,AGAGGGCTGCGATGAACCTG,0,573671
araCp,0.3333333333333333,2,2,AGAGGGATTTTATGCTCAAG,0,592682
araCp,0.3333333333333333,2,2,AGAGGCCAGAAACGGATATA,0,586625
araCp,0.3333333333333333,2,2,AGAGGATCCTTCGATGATTA,0,546728
araCp,0.3333333333333333,2,2,AGAGCATAAGGTTGTACAAA,0,574406
araCp,0.3333333333333333,2,2,AGAGAGTCACGCTACACCGT,0,576936
araCp,0.3333333333333333,2,2,AGAGAGCCTTATGGGAAGCA,0,553289
araCp,0.3333333333333333,2,2,AGAGAAGCAGTTCGCTTTTA,0,573396
araCp,0.3333333333333333,2,2,AGACTTTAGCGGCCAACCTT,0,533759
araCp,0.3333333333333333,2,2,AGACTCCGGACTCTACACTA,0,545144
araCp,0.3333333333333333,2,2,AGACGGTCTGCTAACACCTA,0,564087
araCp,0.3333333333333333,2,2,AGACGCGCTAGACTTCGTTA,0,535914
araCp,0.3333333333333333,2,2,AGACGCAGTCCGCTGAAGCT,0,535817
araCp,0.3333333333333333,2,2,AGACGCAGAAACAGCCACCA,0,553488
araCp,0.3333333333333333,2,2,AGACGATCAAATACAAGCTA,0,560286
araCp,0.3333333333333333,2,2,AGACGACTGCGACAACCTTT,0,585946
araCp,0.3333333333333333,2,2,AGACCTATGCTTGTCTATTA,0,583049
araCp,0.3333333333333333,2,2,AGACCCTGACGCTGTGGCTC,0,526985
araCp,0.3333333333333333,2,2,AGACAATTTGAGCCTCGTAG,0,556027
araCp,0.3333333333333333,2,2,AGACAACAAGACAGACACTT,0,600419
araCp,0.3333333333333333,2,2,AGAATGTTTTTGAACGGAAG,0,565588
araCp,0.3333333333333333,2,2,AGAATGGCACGACGATTCAC,0,574645
araCp,0.3333333333333333,2,2,AGAATGGAGCATGGATTAAC,0,547882
araCp,0.3333333333333333,2,2,AGAATAGTGGACGCGCGTAA,0,569967
araCp,0.3333333333333333,2,2,AGAATAACTTTTTTGCAGGC,0,573053
araCp,0.3333333333333333,2,2,AGAAGTGAACATAGGTCGAG,0,596704
araCp,0.3333333333333333,2,2,AGAAGTCACTACAGTGGGAG,0,550500
araCp,0.3333333333333333,2,2,AGAAGTAGGCCTCGTAGATC,0,525890
araCp,0.3333333333333333,2,2,AGAAGGGTGCGATAGCCAAC,0,559465
araCp,0.3333333333333333,2,2,AGAAGGGGAAAAGGGTCATT,0,559469
araCp,0.3333333333333333,2,2,AGAAGATCGGGACATTAGGA,0,583926
araCp,0.3333333333333333,2,2,AGAAGACTGCCTTCGTTCGA,0,580580
araCp,0.3333333333333333,2,2,AGAACTACGCCTACGATAAG,0,603059
araCp,0.3333333333333333,2,2,AGAACGGCAGCCCGCCGCCT,0,593893
araCp,0.3333333333333333,2,2,AGAACGACAGATCGGATTGG,0,563071
araCp,0.3333333333333333,2,2,AGAACCGTACAGTTTAGAAG,0,528957
araCp,0.3333333333333333,2,2,AGAACACGTCATCGTGCCAG,0,562862
araCp,0.3333333333333333,2,2,AGAACAACCCCCTGGGGAGC,0,533286
araCp,0.3333333333333333,2,2,AGAAATTACACTATGACCAA,0,569135
araCp,0.3333333333333333,2,2,AGAAAGGCCAGCCGGCAGGA,0,592114
araCp,0.3333333333333333,2,2,AGAAAACGAGATGATTCCAG,0,530459
araCp,0.3333333333333333,2,2,ACTTTTTTCGCGATGTCATA,0,552021
araCp,0.3333333333333333,2,2,ACTTTCGTGATGCACCATAT,0,544304
araCp,0.3333333333333333,2,2,ACTTGTGGACCGCGAAACGT,0,600675
araCp,0.3333333333333333,2,2,ACTTGTCATTAGGGGAGTGT,0,578313
araCp,0.3333333333333333,2,2,ACTTGATGTGCTAGAAGTAT,0,554800
araCp,0.3333333333333333,2,2,ACTTCTCTAGCATTTTCTCT,0,540123
araCp,0.3333333333333333,2,2,ACTTCGGGGGCGCTTGGGTG,0,600858
araCp,0.3333333333333333,2,2,ACTTCAGGCCCACAATGATG,0,588362
araCp,0.3333333333333333,2,2,ACTTCAATTAAACAGTTCAT,0,583549
araCp,0.3333333333333333,2,2,ACTTATTTGGTTCCGCGAAT,0,577666
araCp,0.3333333333333333,2,2,ACTTAAGACGGCACTTATAC,0,558693
araCp,0.3333333333333333,2,2,ACTTAACGAGGAGGCGCTCC,0,537365
araCp,0.3333333333333333,2,2,ACTGTCTTTGGATTCCAAAA,0,577274
araCp,0.3333333333333333,2,2,ACTGTCCCGATGTCACGAGG,0,533948
araCp,0.3333333333333333,2,2,ACTGGTCGGGATACAACATA,0,590312
araCp,0.3333333333333333,2,2,ACTGGTCAGAGGCAGGTAGT,0,543062
araCp,0.3333333333333333,2,2,ACTGGGCATCGATGGCCCCT,0,531298
araCp,0.3333333333333333,2,2,ACTGGCAAATGTTTTGATAC,0,543419
araCp,0.3333333333333333,2,2,ACTGGACATGCAATATCGAA,0,550636
araCp,0.3333333333333333,2,2,ACTGCTCTTCTAAGGGCGAG,0,598023
araCp,0.3333333333333333,2,2,ACTGCATACTCTCATCATCC,0,555140
araCp,0.3333333333333333,2,2,ACTGCAGCGGGAGTGCAGTA,0,583036
araCp,0.3333333333333333,2,2,ACTGAGCTTTGCACAGGTCC,0,553648
araCp,0.3333333333333333,2,2,ACTGACCCCTTTCAGTTAGG,0,574544
araCp,0.3333333333333333,2,2,ACTGAATAGCGGTAGGTACC,0,556749
araCp,0.3333333333333333,2,2,ACTGAACTGCAGGAACGATA,0,536496
araCp,0.3333333333333333,2,2,ACTCTTTAGAGTCTAGCAGT,0,553096
araCp,0.3333333333333333,2,2,ACTCTAAACGGGGCAACACA,0,557125
araCp,0.3333333333333333,2,2,ACTCGGGGGTCGTCGCACGT,0,568184
araCp,0.3333333333333333,2,2,ACTCGGACACATACTTCGTC,0,539659
araCp,0.3333333333333333,2,2,ACTCCAACAGACTAGCGGTT,0,594592
araCp,0.3333333333333333,2,2,ACTCATAGAATTTCACAATA,0,579559
araCp,0.3333333333333333,2,2,ACTCACTTATTGTTACTAAG,0,590018
araCp,0.3333333333333333,2,2,ACTCACAGATGGAAGCCTTT,0,573150
araCp,0.3333333333333333,2,2,ACTATTTCAACCGGCGTTAA,0,561506
araCp,0.3333333333333333,2,2,ACTATTACGTCGAGGTCTCT,0,526272
araCp,0.3333333333333333,2,2,ACTATTAATGGAAGAACACA,0,599443
araCp,0.3333333333333333,2,2,ACTATATTGACTAGGTCTGA,0,568481
araCp,0.3333333333333333,2,2,ACTAGCGGGCGCAGTAGAAG,0,574097
araCp,0.3333333333333333,2,2,ACTAGATTGGAAGGACACAG,0,566973
araCp,0.3333333333333333,2,2,ACTACTATGGTGCTCTAAGT,0,570808
araCp,0.3333333333333333,2,2,ACTACCAATGAGGTCCACCT,0,601024
araCp,0.3333333333333333,2,2,ACGTTCCCCTGGTTACCAAC,0,534163
araCp,0.3333333333333333,2,2,ACGTGTCAGTCCGCGCTTAC,0,594495
araCp,0.3333333333333333,2,2,ACGTGGCGGTGCCACTTGTG,0,581619
araCp,0.3333333333333333,2,2,ACGTGCGTTCTGGACAGTGA,0,589889
araCp,0.3333333333333333,2,2,ACGTGCGGGACTATGTTGCA,0,583469
araCp,0.3333333333333333,2,2,ACGTGAGTCAGAATCCCAAC,0,553357
araCp,0.3333333333333333,2,2,ACGTGAGATGTACCGCGCAA,0,586883
araCp,0.3333333333333333,2,2,ACGTGAACGCGCGATGAAAT,0,586089
araCp,0.3333333333333333,2,2,ACGTCTACGGCACGCGTTGA,0,534827
araCp,0.3333333333333333,2,2,ACGTCCTTAGTTGCTAAGAA,0,558334
araCp,0.3333333333333333,2,2,ACGTAGGCGAATAGGTGCAG,0,577209
araCp,0.3333333333333333,2,2,ACGTAGAGCTGAGGGCAGGA,0,553369
araCp,0.3333333333333333,2,2,ACGTAAATCACGATCAAGTA,0,554905
araCp,0.3333333333333333,2,2,ACGGTTGCCATATCTACAGG,0,534917
araCp,0.3333333333333333,2,2,ACGGTTCAGGGGCGCAATTC,0,599294
araCp,0.3333333333333333,2,2,ACGGTGTCCGATACTTGAGC,0,541105
araCp,0.3333333333333333,2,2,ACGGGCGGGGTCGGGAAGTA,0,589012
araCp,0.3333333333333333,2,2,ACGGCGCTTGTAGCAAATGG,0,586758
araCp,0.3333333333333333,2,2,ACGGCACCAGCAGTCGAACC,0,551209
araCp,0.3333333333333333,2,2,ACGGCACATAATATAGTCAC,0,579431
araCp,0.3333333333333333,2,2,ACGGATGAGCTGGTCGAGTT,0,552474
araCp,0.3333333333333333,2,2,ACGCTAGCCCTGTGTTAAGA,0,536373
araCp,0.3333333333333333,2,2,ACGCTAACGACACGCTGCCA,0,538968
araCp,0.3333333333333333,2,2,ACGCGTTACAATAAGTAATA,0,564209
araCp,0.3333333333333333,2,2,ACGCGGAAATCAAACGTTGG,0,558542
araCp,0.3333333333333333,2,2,ACGCCATGGCGAACTCAACG,0,558181
araCp,0.3333333333333333,2,2,ACGATTCTGTCATCGATACT,0,552959
araCp,0.3333333333333333,2,2,ACGATCGTATAGGTTGCCCG,0,603617
araCp,0.3333333333333333,2,2,ACGATCGGCCGCAACGGGAT,0,529972
araCp,0.3333333333333333,2,2,ACGAGTAATTGTCGTCCAAT,0,557239
araCp,0.3333333333333333,2,2,ACGAGCCATACATCGTTACT,0,563247
araCp,0.3333333333333333,2,2,ACGACTAATGGAGCGGACGC,0,556795
araCp,0.3333333333333333,2,2,ACGACGGCGAAGGAACGATA,0,551600
araCp,0.3333333333333333,2,2,ACGAAGTTCTAGCTAGTTGA,0,563945
araCp,0.3333333333333333,2,2,ACGAACTGGTTGCATCAGAT,0,603075
araCp,0.3333333333333333,2,2,ACGAACAGCTGGGCTTCTAT,0,545327
araCp,0.3333333333333333,2,2,ACGAAATGGAGGCCCGACAG,0,539752
araCp,0.3333333333333333,2,2,ACCTTGCGAATTAATTATCT,0,544654
araCp,0.3333333333333333,2,2,ACCTTCCGCGGGGACCGGCA,0,590311
araCp,0.3333333333333333,2,2,ACCTGGTGCGGTCATGTAAT,0,540356
araCp,0.3333333333333333,2,2,ACCTGGCGTCCAATCCCTCT,0,592593
araCp,0.3333333333333333,2,2,ACCTGCGCAACCAGCTTCCT,0,601576
araCp,0.3333333333333333,2,2,ACCTCCCGCAAGGGGGGTGC,0,565662
araCp,0.3333333333333333,2,2,ACCTAGACCCTCCCAAAATA,0,598658
araCp,0.3333333333333333,2,2,ACCTAAATGGGTAATCGTTT,0,590396
araCp,0.3333333333333333,2,2,ACCGTTTGGTAATCACGACA,0,540606
araCp,0.3333333333333333,2,2,ACCGTTAATAGAGACATCCC,0,558188
araCp,0.3333333333333333,2,2,ACCGTCGTTTAGCGAGATTG,0,531912
araCp,0.3333333333333333,2,2,ACCGGGATATAGCCGATCAG,0,583343
araCp,0.3333333333333333,2,2,ACCGGACTGAGGAGGCCAGG,0,532821
araCp,0.3333333333333333,2,2,ACCGGAACGGGTTTGACCAA,0,551296
araCp,0.3333333333333333,2,2,ACCGCAGCGACACGACCAGT,0,571894
araCp,0.3333333333333333,2,2,ACCGAAACCTGTAGCACGGT,0,527113
araCp,0.3333333333333333,2,2,ACCCTTGTGCCCAACTCAAG,0,588676
araCp,0.3333333333333333,2,2,ACCCTGCTACTTGGGATGCG,0,578047
araCp,0.3333333333333333,2,2,ACCCTGATCGGCTCGAATGA,0,527335
araCp,0.3333333333333333,2,2,ACCCTCCATCACCCTCGGCT,0,539675
araCp,0.3333333333333333,2,2,ACCCTAGGGCATTCGAGTAG,0,545159
araCp,0.3333333333333333,2,2,ACCCGTGGTGATAGGGAGGT,0,527061
araCp,0.3333333333333333,2,2,ACCCGGTAGTAATGATAGAC,0,585038
araCp,0.3333333333333333,2,2,ACCCGGGGGATAGTCTAATT,0,582106
araCp,0.3333333333333333,2,2,ACCCGGACCGCCTAAAATTT,0,526535
araCp,0.3333333333333333,2,2,ACCCGCGCGGTGAGAACAGG,0,531141
araCp,0.3333333333333333,2,2,ACCCGCCGTGTACGATGTAT,0,585044
araCp,0.3333333333333333,2,2,ACCCGAGCAAAACCGTACAC,0,559833
araCp,0.3333333333333333,2,2,ACCCGAAGCGGGGTGCCTCC,0,552298
araCp,0.3333333333333333,2,2,ACCCCCACCGCATCTAAAAC,0,568409
araCp,0.3333333333333333,2,2,ACCCATTGAGGGCAAAGGTG,0,602661
araCp,0.3333333333333333,2,2,ACCCAGTAGTGCCAGTAGTA,0,536069
araCp,0.3333333333333333,2,2,ACCCAGCCCACATCCCTGCA,0,539693
araCp,0.3333333333333333,2,2,ACCCAGCAATATAGCGTGTA,0,586061
araCp,0.3333333333333333,2,2,ACCCAGAGGTGTCTGGAATC,0,560073
araCp,0.3333333333333333,2,2,ACCCACGTTATTGTCAAATC,0,576459
araCp,0.3333333333333333,2,2,ACCAGGTAAATAATTGCTTT,0,551397
araCp,0.3333333333333333,2,2,ACCACGCTAAGTCGCAGTAT,0,539352
araCp,0.3333333333333333,2,2,ACCACCGGGCAAGGAAGGCT,0,587974
araCp,0.3333333333333333,2,2,ACCACATTAGCGGTGCTCCG,0,601649
araCp,0.3333333333333333,2,2,ACCAAATGATAACAGGCTGT,0,546755
araCp,0.3333333333333333,2,2,ACATTGGACGATCAACCGTG,0,550177
araCp,0.3333333333333333,2,2,ACATTGCCGCACGGTACTCG,0,590965
araCp,0.3333333333333333,2,2,ACATTGATCTCTCTGCCGGT,0,592893
araCp,0.3333333333333333,2,2,ACATGTCAAATACCAGGTGC,0,532270
araCp,0.3333333333333333,2,2,ACATGGGTGTTTTTTCGCGT,0,555147
araCp,0.3333333333333333,2,2,ACATGCGAGGGCTCACCGTG,0,565596
araCp,0.3333333333333333,2,2,ACATGAGCGCTCCCAGGAAA,0,540524
araCp,0.3333333333333333,2,2,ACATCTGACGGGGCAGCCTG,0,576403
araCp,0.3333333333333333,2,2,ACATCTCCACGTGTACGGTA,0,572068
araCp,0.3333333333333333,2,2,ACATCTCAGCGGTCCATTGA,0,586201
araCp,0.3333333333333333,2,2,ACATCAATATAGCTCGCGTG,0,545376
araCp,0.3333333333333333,2,2,ACATATATTCGTCGATAAGA,0,558239
araCp,0.3333333333333333,2,2,ACATATATTCGGCGAATTAC,0,572279
araCp,0.3333333333333333,2,2,ACAGTTGTTACACCGATGAT,0,584801
araCp,0.3333333333333333,2,2,ACAGTCTATGTCCGGGGTTA,0,533628
araCp,0.3333333333333333,2,2,ACAGGTCTGTTATTGTTCGA,0,550681
araCp,0.3333333333333333,2,2,ACAGGTACCGATGACTCGTG,0,539751
araCp,0.3333333333333333,2,2,ACAGGCGAGCTAGTGTGACT,0,591312
araCp,0.3333333333333333,2,2,ACAGCTACAGTGTAAGGGAT,0,577260
araCp,0.3333333333333333,2,2,ACAGCGTTTCACAGTGTTTT,0,531128
araCp,0.3333333333333333,2,2,ACAGCGGCTAGGGCATAAAT,0,584372
araCp,0.3333333333333333,2,2,ACAGCCCAGGCGATGTATTT,0,551320
araCp,0.3333333333333333,2,2,ACAGCCATCGCTGCCATGTG,0,561234
araCp,0.3333333333333333,2,2,ACACGTAACTAAGCTTCACG,0,597521
araCp,0.3333333333333333,2,2,ACACGGTGAGTTTAAATCTG,0,544893
araCp,0.3333333333333333,2,2,ACACCTAGACAGGGTATATA,0,563139
araCp,0.3333333333333333,2,2,ACACATGTCTGCCGTAGTCA,0,603246
araCp,0.3333333333333333,2,2,ACACAGCGGGCCAATCCAGG,0,532009
araCp,0.3333333333333333,2,2,ACACAGACCCCGGGCCAGGC,0,575563
araCp,0.3333333333333333,2,2,ACACACCGTGACGTTTCCGT,0,563590
araCp,0.3333333333333333,2,2,ACAATGAAATGTCTTGCCCA,0,540637
araCp,0.3333333333333333,2,2,ACAAGTAACAGTCAGACTGG,0,602192
araCp,0.3333333333333333,2,2,ACAAGGGCAGGCCACGGGGT,0,555559
araCp,0.3333333333333333,2,2,ACAAGCTGTAACGACCCCTT,0,551552
araCp,0.3333333333333333,2,2,ACAACCGGATAAAGGTGCGT,0,538670
araCp,0.3333333333333333,2,2,ACAACCCGCAGGGGACACTC,0,530614
araCp,0.3333333333333333,2,2,ACAACCCGACTAGGACGAGA,0,572257
araCp,0.3333333333333333,2,2,ACAACCCAATTGTTGCACCC,0,530616
araCp,0.3333333333333333,2,2,ACAACCACAAGTGACGCCGC,0,601493
araCp,0.3333333333333333,2,2,ACAAATCAACCATTTGAGTG,0,573329
araCp,0.3333333333333333,2,2,ACAAAAGTGACGACTGGCGG,0,532511
araCp,0.3333333333333333,2,2,AATTTAGTTAATAAGGTGAC,0,550292
araCp,0.3333333333333333,2,2,AATTTACGAGATTCAGCTAG,0,546334
araCp,0.3333333333333333,2,2,AATTGGTTGTTGATTGATAA,0,567512
araCp,0.3333333333333333,2,2,AATTGGGATTAGTCGGGCGT,0,577787
araCp,0.3333333333333333,2,2,AATTGGCACTGGTTCAAGGT,0,549617
araCp,0.3333333333333333,2,2,AATTGCGTTACTTACCGCAG,0,556899
araCp,0.3333333333333333,2,2,AATTCCCAGGCAAGCCCCGG,0,574744
araCp,0.3333333333333333,2,2,AATTCATCGTTCGACGGTGG,0,555489
araCp,0.3333333333333333,2,2,AATTCACAGCTACCTACTCT,0,551219
araCp,0.3333333333333333,2,2,AATTATGCTCGGCAATTTCT,0,586495
araCp,0.3333333333333333,2,2,AATTAGGAATAAAGGATTGG,0,573770
araCp,0.3333333333333333,2,2,AATTACGGTCTGGTCAGAGT,0,532176
araCp,0.3333333333333333,2,2,AATGTTGCTGTGATTGCTCC,0,553109
araCp,0.3333333333333333,2,2,AATGTCACGGGAGGGAAGTC,0,550212
araCp,0.3333333333333333,2,2,AATGGTTAGTGAGCCAACCC,0,546827
araCp,0.3333333333333333,2,2,AATGGCGTGCTGGGGTGTCC,0,554734
araCp,0.3333333333333333,2,2,AATGGCCGAGTAAGTCCTAG,0,553820
araCp,0.3333333333333333,2,2,AATGGCACCGTCGTTTCCAA,0,598679
araCp,0.3333333333333333,2,2,AATGCGCCATCGGCTGTTTC,0,580579
araCp,0.3333333333333333,2,2,AATGATGACAAAATCAAGAC,0,531741
araCp,0.3333333333333333,2,2,AATGAGTGGGAATTTGAAGG,0,536546
araCp,0.3333333333333333,2,2,AATGAGCGTCCTTTGACTTA,0,584787
araCp,0.3333333333333333,2,2,AATGACATGATTTGGTAATT,0,543597
araCp,0.3333333333333333,2,2,AATCTTGTATGTGGATGTCC,0,603318
araCp,0.3333333333333333,2,2,AATCTTGCGGACCGGAGTGG,0,548850
araCp,0.3333333333333333,2,2,AATCTGTGAGGTACCGGTCG,0,558001
araCp,0.3333333333333333,2,2,AATCGGTCATGGGTATTCTA,0,601188
araCp,0.3333333333333333,2,2,AATCGCGCTCCAAGGAACAA,0,586322
araCp,0.3333333333333333,2,2,AATCGCACGTTAAGCACGTG,0,574689
araCp,0.3333333333333333,2,2,AATCATCGCGTAGCAGTACC,0,555835
araCp,0.3333333333333333,2,2,AATCACTAATACATGCCTTA,0,552894
araCp,0.3333333333333333,2,2,AATATGTTTGTAGAAATTAG,0,570151
araCp,0.3333333333333333,2,2,AATATGTAACACCAGCCGGC,0,566372
araCp,0.3333333333333333,2,2,AATATCACGATGCTCATACT,0,574467
araCp,0.3333333333333333,2,2,AATAGGCTGGCAGTCCTGTG,0,573827
araCp,0.3333333333333333,2,2,AATAGGATCCGGACTAAAGC,0,541728
araCp,0.3333333333333333,2,2,AATAGCGAGGACCTGCCAGT,0,576502
araCp,0.3333333333333333,2,2,AATAGCCGCATAGCTCATGC,0,531588
araCp,0.3333333333333333,2,2,AATACTGGCCGGTTCTGTTC,0,580343
araCp,0.3333333333333333,2,2,AATACCGTCAACATGAAGAC,0,578752
araCp,0.3333333333333333,2,2,AATACATTAGTTGAACCAGC,0,537261
araCp,0.3333333333333333,2,2,AATAAGTCTCTGCGCACCCG,0,539463
araCp,0.3333333333333333,2,2,AATAACACCTCAGTTTTAAG,0,543055
araCp,0.3333333333333333,2,2,AATAAACATACAACCGTTGA,0,542055
araCp,0.3333333333333333,2,2,AATAAAATTTAGCTTAGCAA,0,586871
araCp,0.3333333333333333,2,2,AAGTTTAAGCCCAGGTCTGC,0,588417
araCp,0.3333333333333333,2,2,AAGTTCTCAGCCCTGTCCAA,0,589566
araCp,0.3333333333333333,2,2,AAGTGGACAATGGACATTGT,0,554020
araCp,0.3333333333333333,2,2,AAGTGGAATGTCTCCACCAA,0,582546
araCp,0.3333333333333333,2,2,AAGTGCATCGCTTCATCCGG,0,592265
araCp,0.3333333333333333,2,2,AAGTGAATGAGGCGGCAATA,0,551329
araCp,0.3333333333333333,2,2,AAGTCTGGGGGCCGTCAAAT,0,580234
araCp,0.3333333333333333,2,2,AAGTCTGCTCGCTCACCCAT,0,593353
araCp,0.3333333333333333,2,2,AAGTCCTAGGCCTTACATCA,0,580421
araCp,0.3333333333333333,2,2,AAGTCCGGTATAACCCCTCT,0,538936
araCp,0.3333333333333333,2,2,AAGTACTATCTTGCTGGTTC,0,568291
araCp,0.3333333333333333,2,2,AAGTACACCAACATATGCTT,0,534234
araCp,0.3333333333333333,2,2,AAGTAAGTTCGTGAGAGTCT,0,538775
araCp,0.3333333333333333,2,2,AAGGTTGCCCTACAGTCAAG,0,566499
araCp,0.3333333333333333,2,2,AAGGTTAACCGTCAAACATG,0,546370
araCp,0.3333333333333333,2,2,AAGGTGTCACATGTATGTCC,0,602416
araCp,0.3333333333333333,2,2,AAGGTGTAGGGGCTTACAAT,0,538202
araCp,0.3333333333333333,2,2,AAGGTAAATGACCTTCTGGT,0,565954
araCp,0.3333333333333333,2,2,AAGGGGGGATAGCATTGATC,0,533529
araCp,0.3333333333333333,2,2,AAGGGGCGCCGCGCGCAGGC,0,540960
araCp,0.3333333333333333,2,2,AAGGGCGTAGGGATTATTTA,0,534677
araCp,0.3333333333333333,2,2,AAGGGAACAGGAGGCACCAA,0,579737
araCp,0.3333333333333333,2,2,AAGGCCTATGCCGGGCGAGT,0,535170
araCp,0.3333333333333333,2,2,AAGGCACAAGACCCCACGAT,0,577118
araCp,0.3333333333333333,2,2,AAGGATAGTAGTTTACGTTT,0,600012
araCp,0.3333333333333333,2,2,AAGGAGTTTAAGGGGACGAT,0,577087
araCp,0.3333333333333333,2,2,AAGGAAAGGAGTCAGGGTTG,0,550386
araCp,0.3333333333333333,2,2,AAGCTGAATTTAGTGATGCA,0,595960
araCp,0.3333333333333333,2,2,AAGCTCGTGACAACCTGAGT,0,589938
araCp,0.3333333333333333,2,2,AAGCGTTTCTTGGCAGCTGA,0,556248
araCp,0.3333333333333333,2,2,AAGCGCTTTCTTAGAGGCCC,0,598623
araCp,0.3333333333333333,2,2,AAGCCTTGAGAATAGTACTA,0,540751
araCp,0.3333333333333333,2,2,AAGCCGATGGTTACCCCAGT,0,551613
araCp,0.3333333333333333,2,2,AAGCCAATCGGTATTGATCC,0,580531
araCp,0.3333333333333333,2,2,AAGCAGGGTCTGGTTCAAGT,0,529775
araCp,0.3333333333333333,2,2,AAGCAGGGCGACAGTCTGAC,0,545222
araCp,0.3333333333333333,2,2,AAGCACAGTCGGACACCATT,0,593808
araCp,0.3333333333333333,2,2,AAGCAATACTGGAGCTTAGT,0,546787
araCp,0.3333333333333333,2,2,AAGATTGTACCAGCAAACGC,0,529270
araCp,0.3333333333333333,2,2,AAGATTCAAAGGACAGCGTT,0,534548
araCp,0.3333333333333333,2,2,AAGATTAATGCACGGGTGAA,0,550874
araCp,0.3333333333333333,2,2,AAGATGCTAACTTTCCCATA,0,586415
araCp,0.3333333333333333,2,2,AAGAGGATGGCTGGGGGACT,0,534428
araCp,0.3333333333333333,2,2,AAGACTACCTGACCATGTCT,0,570013
araCp,0.3333333333333333,2,2,AAGACGTGTTCAACTCACAT,0,601886
araCp,0.3333333333333333,2,2,AAGAATTGCGAGTCACGATA,0,568877
araCp,0.3333333333333333,2,2,AAGAAACGTGCTGGGTCGTG,0,603613
araCp,0.3333333333333333,2,2,AACTTAATGGCAGGGTGTTC,0,533748
araCp,0.3333333333333333,2,2,AACTGTTGAGACATGAATAC,0,563877
araCp,0.3333333333333333,2,2,AACTGTTAAAGTGCGTAAGA,0,527482
araCp,0.3333333333333333,2,2,AACTGTCCATACACCGATAT,0,531622
araCp,0.3333333333333333,2,2,AACTGTCATTGCTTGCAGGT,0,579909
araCp,0.3333333333333333,2,2,AACTGTATGCTGCCAGTATG,0,590412
araCp,0.3333333333333333,2,2,AACTGCCGGGATTCTTGGTG,0,552269
araCp,0.3333333333333333,2,2,AACTGAAGGTAGTTGAAGTG,0,599627
araCp,0.3333333333333333,2,2,AACTACGACCTTACCTCGGT,0,592521
araCp,0.3333333333333333,2,2,AACTACAGTCATTGTTTGAT,0,601816
araCp,0.3333333333333333,2,2,AACTAACGATCTCTGCTCTA,0,529789
araCp,0.3333333333333333,2,2,AACGTGCCGTTAGGAATGGA,0,589849
araCp,0.3333333333333333,2,2,AACGTGCCAGAGTGTATTGA,0,530253
araCp,0.3333333333333333,2,2,AACGTCAGAAATTCAGTCTT,0,545716
araCp,0.3333333333333333,2,2,AACGTCACGCGTTATGTGAT,0,558241
araCp,0.3333333333333333,2,2,AACGGCAACTCTATTCGGTA,0,562424
araCp,0.3333333333333333,2,2,AACGGATTTGGAGGACCGGA,0,577700
araCp,0.3333333333333333,2,2,AACGGATTCCTAAGGTAGAG,0,601933
araCp,0.3333333333333333,2,2,AACGGAGGGGCGCACCCGGC,0,541254
araCp,0.3333333333333333,2,2,AACGCTAGCCTCAGAAGTTT,0,572402
araCp,0.3333333333333333,2,2,AACGCAGTCTATTATTTGGT,0,564312
araCp,0.3333333333333333,2,2,AACGAAATACCTCAGTTTGT,0,577340
araCp,0.3333333333333333,2,2,AACCGGGTCACGGGCATCAT,0,560336
araCp,0.3333333333333333,2,2,AACCGGGGTGGCTTCAGAGG,0,603161
araCp,0.3333333333333333,2,2,AACCGCTCCTGGAAGCGTTT,0,550815
araCp,0.3333333333333333,2,2,AACCGAGTACATGGCCTGTG,0,583382
araCp,0.3333333333333333,2,2,AACCGAGTAATTACCTGAGG,0,603410
araCp,0.3333333333333333,2,2,AACCCGCCCCGCTTACGTTT,0,545842
araCp,0.3333333333333333,2,2,AACCCAAGTCACCCGGCTAC,0,574457
araCp,0.3333333333333333,2,2,AACCATGCTCCGTACTTGGG,0,566937
araCp,0.3333333333333333,2,2,AACCAGTTTTGGGCTGTCCG,0,569392
araCp,0.3333333333333333,2,2,AACCACTGATGCGGCCAGGG,0,539941
araCp,0.3333333333333333,2,2,AACCACTCGGGGTGCTGCGG,0,603704
araCp,0.3333333333333333,2,2,AACCAAAGCACTACGGGTGC,0,535708
araCp,0.3333333333333333,2,2,AACATAGTACTCAGCTTGAT,0,527244
araCp,0.3333333333333333,2,2,AACAGTGTATGTGCAAAGCC,0,539292
araCp,0.3333333333333333,2,2,AACAGGCCCAGACTTCTCAG,0,596435
araCp,0.3333333333333333,2,2,AACAGCTGTAAGACCCTAGG,0,546211
araCp,0.3333333333333333,2,2,AACAGAGTATATACCCCCCT,0,588135
araCp,0.3333333333333333,2,2,AACACCGCTTCTTTCCTAAC,0,545774
araCp,0.3333333333333333,2,2,AACACCGAGCGATGAGCGAA,0,586556
araCp,0.3333333333333333,2,2,AACACACATTAAGAGTCTGA,0,539299
araCp,0.3333333333333333,2,2,AACAAAGATTATGGGCCTCT,0,549551
araCp,0.3333333333333333,2,2,AAATTTAAGGAAATCGACGA,0,526054
araCp,0.3333333333333333,2,2,AAATTGGTACTATGCTTCGA,0,596986
araCp,0.3333333333333333,2,2,AAATTCGGGGGGCCTTAAAT,0,566218
araCp,0.3333333333333333,2,2,AAATGTGGGGAACGCATTTG,0,536014
araCp,0.3333333333333333,2,2,AAATGTGGCTGTAGTTGAGG,0,585770
araCp,0.3333333333333333,2,2,AAATGGTTTGCATACGTGGA,0,595078
araCp,0.3333333333333333,2,2,AAATGGCCACGGCCGTTGTT,0,554608
araCp,0.3333333333333333,2,2,AAATGGACGGGGGATCTAAT,0,595566
araCp,0.3333333333333333,2,2,AAATGCGACCATAGGGAGTG,0,597535
araCp,0.3333333333333333,2,2,AAATCTGGGTAATGAAAACT,0,590102
araCp,0.3333333333333333,2,2,AAATCGTCGTGCGCCTGAAG,0,575646
araCp,0.3333333333333333,2,2,AAATCCGCATCTGGTAAGGA,0,539907
araCp,0.3333333333333333,2,2,AAATCCAGGGTAAAATCTTA,0,582312
araCp,0.3333333333333333,2,2,AAATCCACATTATCCTTGGT,0,600906
araCp,0.3333333333333333,2,2,AAATCAGATCGACACAGAAC,0,560727
araCp,0.3333333333333333,2,2,AAATCAACCCCCTGATTTAA,0,583144
araCp,0.3333333333333333,2,2,AAATATCAGGACTACCTACT,0,583872
araCp,0.3333333333333333,2,2,AAATAATCACTGTGATTTTG,0,560400
araCp,0.3333333333333333,2,2,AAATAAGAATACTACAAGAT,0,542923
araCp,0.3333333333333333,2,2,AAAGTTGTGATACAAGCTCA,0,588838
araCp,0.3333333333333333,2,2,AAAGTGCTGGCCTTGCCTCG,0,598160
araCp,0.3333333333333333,2,2,AAAGTCATTTAGAAGCTGTT,0,584141
araCp,0.3333333333333333,2,2,AAAGTCAGCGTGGCCTCTCA,0,588241
araCp,0.3333333333333333,2,2,AAAGGTGGCTCTAAGAAAAG,0,590033
araCp,0.3333333333333333,2,2,AAAGGGTTCTAATCTTGTCT,0,537780
araCp,0.3333333333333333,2,2,AAAGGGTACTGCCTTCAATG,0,602049
araCp,0.3333333333333333,2,2,AAAGGGCTGTAATCCCTCTG,0,569304
araCp,0.3333333333333333,2,2,AAAGGGCTGCGTCTCTCCAC,0,580423
araCp,0.3333333333333333,2,2,AAAGGATCGAGCGGAGGAGA,0,528288
araCp,0.3333333333333333,2,2,AAAGGATACGCCGTATCTTT,0,526324
araCp,0.3333333333333333,2,2,AAAGGAAGACAACACGCTCA,0,548608
araCp,0.3333333333333333,2,2,AAAGGAAAGGTCTCGAGGCT,0,528722
araCp,0.3333333333333333,2,2,AAAGCCTTAGACATTCGGCA,0,550008
araCp,0.3333333333333333,2,2,AAAGCATACAATACGGGTCA,0,553205
araCp,0.3333333333333333,2,2,AAAGATGTACTCACGCTATA,0,546778
araCp,0.3333333333333333,2,2,AAAGATCGCTTACAGACTTC,0,526781
araCp,0.3333333333333333,2,2,AAAGACTGAAATTCACTCTT,0,583633
araCp,0.3333333333333333,2,2,AAAGAACTGGGTATACCCTG,0,556565
araCp,0.3333333333333333,2,2,AAAGAACAATGTTTCGCCGG,0,547647
araCp,0.3333333333333333,2,2,AAACTTACATCACCTTTGAG,0,575923
araCp,0.3333333333333333,2,2,AAACTTAATATTTCACGAAC,0,583797
araCp,0.3333333333333333,2,2,AAACTCAGAATAAGGACCTA,0,593050
araCp,0.3333333333333333,2,2,AAACTATTAAGCACGCCCGC,0,539498
araCp,0.3333333333333333,2,2,AAACGGTATAGCAGTATACG,0,574394
araCp,0.3333333333333333,2,2,AAACGCTAGACATGTCCCTT,0,563651
araCp,0.3333333333333333,2,2,AAACCTTAGCGCATGTGGCG,0,542964
araCp,0.3333333333333333,2,2,AAACCGTGCAGTTGGTGAGG,0,593770
araCp,0.3333333333333333,2,2,AAAACTCTGCCGGTAAAACG,0,558538
araCp,0.3333333333333333,2,2,AAAACGTCTCAGCAATCAGG,0,594556
araCp,0.3333333333333333,2,2,AAAACCGCGAAAAGGGCAAC,0,602145
araCp,0.3333333333333333,2,2,AAAAATTATTGGGCGGATCC,0,570770
araCp,0.3333333333333333,2,2,AAAAAGGACAGTAGTGCGGC,0,579323
araCp,0.3333333333333333,2,2,AAAAACGGGAGAGCTAAGAG,0,601991
araCp,0.3333333333333333,2,2,AAAAACCCCCTGACACGCAT,0,550696
araCp,0.5,1,1,TTTTTTCGAAAGCAGGTATT,0,557899
araCp,0.5,1,1,TTTTTAAAATGCATTGTGTC,0,581656
araCp,0.5,1,1,TTTTGTGTTGAGCGTACGCA,0,557821
araCp,0.5,1,1,TTTTGTGAAGCTCCAATAAA,0,581416
araCp,0.5,1,1,TTTTGTCGCAGGTCGCTGTC,0,557154
araCp,0.5,1,1,TTTTGTAAATCTTATTCGCT,0,557874
araCp,0.5,1,1,TTTTGGTCCGGCCGTATAAC,0,555541
araCp,0.5,1,1,TTTTGGTCACCCAAAGGGCT,0,578541
araCp,0.5,1,1,TTTTGGAGTGCGCTGGGTTA,0,530144
araCp,0.5,1,1,TTTTGCATCTCGACGCCTAT,0,528902
araCp,0.5,1,1,TTTTCTCCAGTGTATGGCAC,0,536905
araCp,0.5,1,1,TTTTCGCGTCGCCAAATACA,0,547226
araCp,0.5,1,1,TTTTCCAATGCGTGCTGCGA,0,529187
araCp,0.5,1,1,TTTTCAAGATATCGGTCTAT,0,597565
araCp,0.5,1,1,TTTTATCTAAGCGCTTCCAT,0,551400
araCp,0.5,1,1,TTTTAGGGAACCGACCCGGT,0,550695
araCp,0.5,1,1,TTTGTCTATTGCTTTCTTAT,0,546296
araCp,0.5,1,1,TTTGTATTATTTAGAAGCCC,0,544045
araCp,0.5,1,1,TTTGTACCCAGTCATATTGT,0,566681
araCp,0.5,1,1,TTTGGTATTATATGCGAGGA,0,555956
araCp,0.5,1,1,TTTGGGTGTGCTACTTTAGA,0,573194
araCp,0.5,1,1,TTTGGGCGTCTTCGGTATGT,0,540424
araCp,0.5,1,1,TTTGGGACCATTTTCTATCG,0,589844
araCp,0.5,1,1,TTTGGCGGGAACCTGGGACT,0,580367
araCp,0.5,1,1,TTTGGCCTCGAGATCAACGA,0,570644
araCp,0.5,1,1,TTTGGAGCAATGGGATACTG,0,588883
araCp,0.5,1,1,TTTGCTTATAATATGCGGAA,0,576713
araCp,0.5,1,1,TTTGCTTAATGTGCGACAAA,0,556286
araCp,0.5,1,1,TTTGCGCGGGTCATGTGGTG,0,563728
araCp,0.5,1,1,TTTGCGCCGGAATAATACAT,0,564950
araCp,0.5,1,1,TTTGCGCAAGGTCAGCTAAC,0,538541
araCp,0.5,1,1,TTTGCGAATAGTACAGGCTA,0,551002
araCp,0.5,1,1,TTTGCATCTTTCAGAGCCCA,0,579531
araCp,0.5,1,1,TTTGCAATTTACAGCACAAC,0,594534
araCp,0.5,1,1,TTTGCAACTAAGGCTCTATT,0,597208
araCp,0.5,1,1,TTTGATTGACCGCTACTTGG,0,539491
araCp,0.5,1,1,TTTGATGAGTATTGAAGGCC,0,527889
araCp,0.5,1,1,TTTGACAAACGACAAAAAAC,0,525841
araCp,0.5,1,1,TTTCTAGTGCGGGTCTGATC,0,528163
araCp,0.5,1,1,TTTCGTGCTACTACGTCTGA,0,580522
araCp,0.5,1,1,TTTCGTACGCCTGAATTTAC,0,538261
araCp,0.5,1,1,TTTCGGCGTGTTATCGTTAT,0,535510
araCp,0.5,1,1,TTTCGGCAATCCACTGACCT,0,540286
araCp,0.5,1,1,TTTCGACGCACGTACTGCCA,0,584610
araCp,0.5,1,1,TTTCCGTTGTCCCCTTCGTG,0,554010
araCp,0.5,1,1,TTTCCCATCATGGAGGGGTT,0,580546
araCp,0.5,1,1,TTTCCAATGAACGGCACCGT,0,591354
araCp,0.5,1,1,TTTCATGCCTCGGTCATAAA,0,591186
araCp,0.5,1,1,TTTCATGAGTCTGATTAGAA,0,566763
araCp,0.5,1,1,TTTCATAAAACCGTCGAAGT,0,588028
araCp,0.5,1,1,TTTCACGTTTTTAATGGTGC,0,602425
araCp,0.5,1,1,TTTCACCTTGGCATAAGGTC,0,555820
araCp,0.5,1,1,TTTCACAGCATGATGAGATT,0,563681
araCp,0.5,1,1,TTTCAAAGACATCAAAGCTG,0,534192
araCp,0.5,1,1,TTTATGGTGCAGCAACGTCT,0,550463
araCp,0.5,1,1,TTTATGGATTCTGTCTGAGT,0,574270
araCp,0.5,1,1,TTTATACAGGCGCCTAGACC,0,587863
araCp,0.5,1,1,TTTAGTCCTGGGAGCAGGGA,0,532759
araCp,0.5,1,1,TTTAGGCCAACTCCGAGAAG,0,584734
araCp,0.5,1,1,TTTAGCTCTGATACGCTTAA,0,571228
araCp,0.5,1,1,TTTAGACCTGCACTTAATTG,0,582036
araCp,0.5,1,1,TTTACGTTTGCGATCACAAA,0,586772
araCp,0.5,1,1,TTTACGTTCATTAAAGAAAC,0,602387
araCp,0.5,1,1,TTTACGTATCTATCTAGTGG,0,573428
araCp,0.5,1,1,TTTACCATGAGCTGCAGAGT,0,586831
araCp,0.5,1,1,TTTACATCGCAGAAAGTTAA,0,544349
araCp,0.5,1,1,TTTACAGGTTTCCGGGAAGT,0,579286
araCp,0.5,1,1,TTTAACGGGAATGCAAAGAA,0,550648
araCp,0.5,1,1,TTTAACACTTACTGGCACCG,0,548680
araCp,0.5,1,1,TTTAAATCTCGCTATAAATC,0,576808
araCp,0.5,1,1,TTTAAAGTCCAATGACTGAT,0,538879
araCp,0.5,1,1,TTGTTGAGCCTCATAAAAGT,0,577556
araCp,0.5,1,1,TTGTTCGGCAAATACCTGAT,0,537743
araCp,0.5,1,1,TTGTTACCGGTTCCGATTAT,0,584364
araCp,0.5,1,1,TTGTGATTCCCTTAGAAGCT,0,531040
araCp,0.5,1,1,TTGTCTGAGAGGAACGGTTT,0,601126
araCp,0.5,1,1,TTGTCTCGCGTGTTATACAC,0,583319
araCp,0.5,1,1,TTGTCGTCATAGCGTGCATA,0,559950
araCp,0.5,1,1,TTGTCCGAGAGGGATGTGTG,0,593967
araCp,0.5,1,1,TTGTCAACCGGTAAAACGAG,0,599962
araCp,0.5,1,1,TTGTAGGTTGACGCCGATTG,0,586356
araCp,0.5,1,1,TTGTAGAGCCTCTACAGCCC,0,567441
araCp,0.5,1,1,TTGTACGTGCATCAAGTTTA,0,567915
araCp,0.5,1,1,TTGTACATATGTCGTGCATT,0,570945
araCp,0.5,1,1,TTGTACAAAAGCGCTAAACC,0,575062
araCp,0.5,1,1,TTGTAATGATAAGCCATCGG,0,551510
araCp,0.5,1,1,TTGTAACCCGTTTGTAGTTA,0,577503
araCp,0.5,1,1,TTGTAAATCACCGGTTGGAT,0,554122
araCp,0.5,1,1,TTGGTTAGCGTTCGAGAAAG,0,559073
araCp,0.5,1,1,TTGGTCCGTGGAACCCGTAT,0,588861
araCp,0.5,1,1,TTGGTATGAGAGGGGGGACG,0,537950
araCp,0.5,1,1,TTGGTAATACAACGTGCAGA,0,545111
araCp,0.5,1,1,TTGGTAAAGTTACGCACAAA,0,558530
araCp,0.5,1,1,TTGGTAAACAAGTAGATGCC,0,571164
araCp,0.5,1,1,TTGGGTTGCCCGCGCACCCA,0,529866
araCp,0.5,1,1,TTGGGTCCAGATTTTATGAT,0,547912
araCp,0.5,1,1,TTGGGTCAACATTACGCGTG,0,599003
araCp,0.5,1,1,TTGGGGGGAACGTGTCTAGA,0,601920
araCp,0.5,1,1,TTGGGCCCCGCAGCAACCTC,0,594035
araCp,0.5,1,1,TTGGGAGATGCTCTAGCCGA,0,584063
araCp,0.5,1,1,TTGGGACGCAAAGCCCCCGT,0,548606
araCp,0.5,1,1,TTGGCTGGCCCAAGCCGGAT,0,544925
araCp,0.5,1,1,TTGGCGAGCGTTTCGCCCCA,0,530124
araCp,0.5,1,1,TTGGCCAGAATCTGGCATGT,0,589750
araCp,0.5,1,1,TTGGCCAAACCTCTCACAGG,0,592681
araCp,0.5,1,1,TTGGACTGCCGTTCTTTGGG,0,536118
araCp,0.5,1,1,TTGGACCAATGACGTAAATT,0,598376
araCp,0.5,1,1,TTGGAAGTCTCGAGCTTTAC,0,548821
araCp,0.5,1,1,TTGGAACATGGCCTGGATTT,0,587642
araCp,0.5,1,1,TTGCTTAAGCATGAACAGTG,0,600564
araCp,0.5,1,1,TTGCTGCTATCACCGAGGCG,0,578455
araCp,0.5,1,1,TTGCTCTCTCTTTTAGGGTT,0,570318
araCp,0.5,1,1,TTGCTACCATACTTCATGGG,0,546018
araCp,0.5,1,1,TTGCGGCACAGCTAACAAGT,0,545612
araCp,0.5,1,1,TTGCCTTCTCCTCTCCCCGC,0,542380
araCp,0.5,1,1,TTGCCTTCCCATCCTCATAT,0,543813
araCp,0.5,1,1,TTGCCTCGGCATGTTCTCGC,0,600000
araCp,0.5,1,1,TTGCCCTAGGGTCTACCAGG,0,533365
araCp,0.5,1,1,TTGCAGGCTAGTAAGCGGTT,0,581990
araCp,0.5,1,1,TTGCAGCGAGGTGGCACATA,0,591174
araCp,0.5,1,1,TTGCAGCACGGTGTCTGCAC,0,586348
araCp,0.5,1,1,TTGCAGATGGTTTGTTAGAG,0,547331
araCp,0.5,1,1,TTGCAGACTGTTCGACGCTT,0,591544
araCp,0.5,1,1,TTGCACTGAGCCATTCTCAC,0,575001
araCp,0.5,1,1,TTGCAAAATCTTGCCAAGAG,0,556429
araCp,0.5,1,1,TTGATTGCGGTTCAAGCATT,0,580996
araCp,0.5,1,1,TTGATTACGACGCGAGATTG,0,576533
araCp,0.5,1,1,TTGATCGTGTATCTTATCAT,0,566319
araCp,0.5,1,1,TTGATACGCGCACCTCGTCA,0,581831
araCp,0.5,1,1,TTGATACCAGAAAATGATGC,0,597580
araCp,0.5,1,1,TTGAGTTTCCGGTCATTCTA,0,577029
araCp,0.5,1,1,TTGACGTTGGTTGGACCAGG,0,586214
araCp,0.5,1,1,TTGACAGCGCTAAATCATTT,0,582295
araCp,0.5,1,1,TTGAATAGAGCTTCGGCGAG,0,549248
araCp,0.5,1,1,TTGAACGAATACAACCAGGT,0,526167
araCp,0.5,1,1,TTGAACAGATTCAGCAATTC,0,549586
araCp,0.5,1,1,TTCTTCCTACCGTGTTTCGT,0,568773
araCp,0.5,1,1,TTCTTAGGTATAAGCAAGAT,0,565380
araCp,0.5,1,1,TTCTGGTCGTGTTTCGCAGC,0,571517
araCp,0.5,1,1,TTCTGATGTGCAGTTTGGTA,0,553709
araCp,0.5,1,1,TTCTCTCAATTATCAGTAAG,0,576217
araCp,0.5,1,1,TTCTCGTGGTAGGCTGTTCC,0,589412
araCp,0.5,1,1,TTCTCGGCTAACCGGAAACC,0,568657
araCp,0.5,1,1,TTCTATTGTCACAACCTCCA,0,562327
araCp,0.5,1,1,TTCTATGGTCAAGTAGTCGG,0,599793
araCp,0.5,1,1,TTCTATATAGCTCGTTTAGT,0,553896
araCp,0.5,1,1,TTCTATAATACGTGAATACT,0,558809
araCp,0.5,1,1,TTCTAGACCAAGAGTTTATT,0,566274
araCp,0.5,1,1,TTCTACGATGTCGTCACCGA,0,576286
araCp,0.5,1,1,TTCTAACGAAATAGACAGGG,0,534292
araCp,0.5,1,1,TTCTAACAGATCCTCGGCCA,0,563649
araCp,0.5,1,1,TTCGTTGTTTGTACCAGGCA,0,578231
araCp,0.5,1,1,TTCGTTGGCTACTTCCCTAT,0,579600
araCp,0.5,1,1,TTCGTTAGTCCGAGACCGCC,0,561416
araCp,0.5,1,1,TTCGTCTGGCCGTCCCGTTG,0,599309
araCp,0.5,1,1,TTCGTCTGGATCGCAGTCAC,0,584692
araCp,0.5,1,1,TTCGGGTCCCGGTTATGTAT,0,569862
araCp,0.5,1,1,TTCGGGTAATGGGGACCTGG,0,565528
araCp,0.5,1,1,TTCGGCCCGATTCCCTGGAG,0,569228
araCp,0.5,1,1,TTCGGCAGCGCTATTTGTTC,0,599925
araCp,0.5,1,1,TTCGGATGCGTCGCGATCGC,0,568207
araCp,0.5,1,1,TTCGGATACGATGTGAAAGG,0,535412
araCp,0.5,1,1,TTCGGAACGAGAAGCGCTTC,0,583563
araCp,0.5,1,1,TTCGCTAGCGACACGTACAT,0,551402
araCp,0.5,1,1,TTCGCGGTTTCATAAACCGG,0,541488
araCp,0.5,1,1,TTCGCCTGGGCTTTAGACTT,0,563737
araCp,0.5,1,1,TTCGATAATCTGGGGCTCAG,0,587539
araCp,0.5,1,1,TTCGAGCTTGATAATCTGGG,0,565212
araCp,0.5,1,1,TTCGAGCACAGCGCCCGGTC,0,597252
araCp,0.5,1,1,TTCGAGAGGTGAGTAGACTA,0,545401
araCp,0.5,1,1,TTCGAACGGCTGATTACCCG,0,558278
araCp,0.5,1,1,TTCGAAAGGCGCGGAGGAGC,0,559067
araCp,0.5,1,1,TTCCTGGATACAACTCGTGC,0,555254
araCp,0.5,1,1,TTCCGCGTAATAAGTGCTCA,0,551819
araCp,0.5,1,1,TTCCGCGCACAGGCATCAAA,0,575420
araCp,0.5,1,1,TTCCGACGCAATCTCCAATG,0,571010
araCp,0.5,1,1,TTCCCTGGTCCGTGAGGAGA,0,602623
araCp,0.5,1,1,TTCCCTGGCGGTAGGCCTTT,0,555682
araCp,0.5,1,1,TTCCCAGCTTTGCACTGCAA,0,590544
araCp,0.5,1,1,TTCCAGTGCTCCGCGCGTGC,0,527230
araCp,0.5,1,1,TTCCAATTAGGACACTCGCC,0,603144
araCp,0.5,1,1,TTCATTCCTGTCTCCGACGG,0,582818
araCp,0.5,1,1,TTCATGCCCCATTATATTGG,0,577654
araCp,0.5,1,1,TTCATCTTACGAGGGTGGTA,0,526140
araCp,0.5,1,1,TTCATCATTCTCATAGTTTA,0,576238
araCp,0.5,1,1,TTCATATCCGATACGCATAT,0,581769
araCp,0.5,1,1,TTCATAGTCTGTTTTGGCCG,0,574486
araCp,0.5,1,1,TTCATAGGATTGACGCTCGG,0,587307
araCp,0.5,1,1,TTCATAATGCAAATTGCTTG,0,530151
araCp,0.5,1,1,TTCAGGCTGAGCTAACGACC,0,542259
araCp,0.5,1,1,TTCAGCTTCCGGACCGGCGG,0,601588
araCp,0.5,1,1,TTCACTTGAGTCTACCCTGG,0,600785
araCp,0.5,1,1,TTCACTGCTTCTCTAGCTTC,0,565968
araCp,0.5,1,1,TTCACGAGAGCACTGAGCCG,0,566565
araCp,0.5,1,1,TTCACCTCCGAAAGCTACTC,0,561798
araCp,0.5,1,1,TTCACCAGCTGCCAGCATGG,0,546683
araCp,0.5,1,1,TTCACAGTATTCTCCAAGAA,0,590841
araCp,0.5,1,1,TTCAATTACTAAGCAGGTCG,0,543462
araCp,0.5,1,1,TTCAATGTATTTCATATATC,0,602469
araCp,0.5,1,1,TTCAATACCGAAGACATCAA,0,550214
araCp,0.5,1,1,TTCAAGTAACATACATGAGG,0,544324
araCp,0.5,1,1,TTCAAGCATTACCGGCGTCC,0,552256
araCp,0.5,1,1,TTCAACGCCCAGTAGGGTGC,0,544447
araCp,0.5,1,1,TTCAAAAACCACAGAAATTA,0,561355
araCp,0.5,1,1,TTATTTGACTATGAGTAGGT,0,554002
araCp,0.5,1,1,TTATTTACACAGGGGCCTCC,0,543959
araCp,0.5,1,1,TTATTATTAAGCGCACGAAT,0,560935
araCp,0.5,1,1,TTATTAGGACATCGATGTGC,0,572884
araCp,0.5,1,1,TTATTAAGTGATCCACTATA,0,590363
araCp,0.5,1,1,TTATGTACATGGGGGTATCC,0,595940
araCp,0.5,1,1,TTATGGTTAAGGTAATAGTT,0,528584
araCp,0.5,1,1,TTATGGATTCTCACGCGGAT,0,574881
araCp,0.5,1,1,TTATGCCGACTCCGCGGTAT,0,603056
araCp,0.5,1,1,TTATGAAGAATATACGTCCC,0,556767
araCp,0.5,1,1,TTATCGGAGCTATCCAACTA,0,525684
araCp,0.5,1,1,TTATCGCAATTCCGGCTCTC,0,577425
araCp,0.5,1,1,TTATCCTATGTACGGTTGGT,0,595905
araCp,0.5,1,1,TTATCCGTAGCAAAGAGCAG,0,537210
araCp,0.5,1,1,TTATCATGCAGTCGAGCGGT,0,580529
araCp,0.5,1,1,TTATCATCATTGGTGCGTCG,0,603535
araCp,0.5,1,1,TTATATAGGACTCCTTACCC,0,542673
araCp,0.5,1,1,TTATACGTACCTCGCATGTA,0,552309
araCp,0.5,1,1,TTAGTTGCTCATGCAAGGTA,0,600069
araCp,0.5,1,1,TTAGTTATATCAATCTTTAC,0,600823
araCp,0.5,1,1,TTAGTATCTGCACCCGCAGC,0,580937
araCp,0.5,1,1,TTAGGTGTTCGTATTAGGAC,0,576248
araCp,0.5,1,1,TTAGCTAGACTCCTTGAGGG,0,555942
araCp,0.5,1,1,TTAGCGTACTCTTTAATATC,0,545200
araCp,0.5,1,1,TTAGCCCGAATAGCTGTTCA,0,601554
araCp,0.5,1,1,TTAGCCCCAGAGGCATAAGT,0,587301
araCp,0.5,1,1,TTAGCAGGGAGGCAACAATA,0,561774
araCp,0.5,1,1,TTAGATTCAGGCCTTCATGC,0,594410
araCp,0.5,1,1,TTAGATCTTTCGACGCTAAT,0,531139
araCp,0.5,1,1,TTAGACCGGGTAATATTCGA,0,536348
araCp,0.5,1,1,TTAGAACTTAGCCGTTCGGG,0,587683
araCp,0.5,1,1,TTACTTGCTTCATCTTCGGC,0,554472
araCp,0.5,1,1,TTACTGAGCTAATCACGTGG,0,590943
araCp,0.5,1,1,TTACTAGCACCTTATTTGAT,0,528610
araCp,0.5,1,1,TTACTAAGCTATGACTAGAG,0,592686
araCp,0.5,1,1,TTACTAAATAATATTTATGC,0,597286
araCp,0.5,1,1,TTACGTGCCCGTTTGTACGT,0,585396
araCp,0.5,1,1,TTACGGTGTCCGAACTTGTT,0,584054
araCp,0.5,1,1,TTACGCAGATTTGGTCCCCG,0,598731
araCp,0.5,1,1,TTACCTGGCGTTAGACGCTA,0,547648
araCp,0.5,1,1,TTACCTCGAGTGAATGTTAT,0,573075
araCp,0.5,1,1,TTACCGCGATCCATATCTTC,0,567472
araCp,0.5,1,1,TTACCCGCGCAGAACAGAGG,0,538208
araCp,0.5,1,1,TTACCCAGCCCTTAGGCGTA,0,539471
araCp,0.5,1,1,TTACCCACTACAGCGTATAC,0,565672
araCp,0.5,1,1,TTACATAACCACTTACCAGT,0,551558
araCp,0.5,1,1,TTACACGAACGGTAAGAGCT,0,603197
araCp,0.5,1,1,TTACAACGTTTACATGCGAA,0,599814
araCp,0.5,1,1,TTAATTGGGGGGTTATACCT,0,567964
araCp,0.5,1,1,TTAATTGCAGACCCGATACC,0,585047
araCp,0.5,1,1,TTAATTATGCGCGGTTCATT,0,585838
araCp,0.5,1,1,TTAATCCGAAATGCCCGATA,0,593650
araCp,0.5,1,1,TTAAGTTTCCCCTAGAGCTC,0,549421
araCp,0.5,1,1,TTAAGTCTTAAGCTATAACC,0,582349
araCp,0.5,1,1,TTAAGTCGCGCGACAGCGGG,0,590735
araCp,0.5,1,1,TTAAGCATCTTCGACTCCGC,0,557434
araCp,0.5,1,1,TTAAGATATGGTAAATTCTC,0,590529
araCp,0.5,1,1,TTAACTCCCTGGCAACGGGT,0,564073
araCp,0.5,1,1,TTAACTCAAAAGCGCGCCCG,0,556425
araCp,0.5,1,1,TTAACGATTCAAAATGAGGG,0,545896
araCp,0.5,1,1,TTAACCCAACTCATAAGCAT,0,527980
araCp,0.5,1,1,TTAACAACACATAGCAGAGC,0,546526
araCp,0.5,1,1,TTAAATTTCGCCTTGTGTTG,0,563933
araCp,0.5,1,1,TTAAACGAGCTCATCAGTAA,0,546494
araCp,0.5,1,1,TGTTTTTGGGGCTTCGCCGA,0,528945
araCp,0.5,1,1,TGTTTTCCTTTATTGTAGTG,0,531100
araCp,0.5,1,1,TGTTTGCTACTAGACTATTC,0,584732
araCp,0.5,1,1,TGTTTCGAATAGATCGCTCT,0,548427
araCp,0.5,1,1,TGTTGTGCGCCAGTACAACT,0,564007
araCp,0.5,1,1,TGTTGTAAAGGGGCTTGGGA,0,596794
araCp,0.5,1,1,TGTTGGGGGCAACCTATTAA,0,580088
araCp,0.5,1,1,TGTTGCCCTGAGAAAGTGAG,0,563667
araCp,0.5,1,1,TGTTGCAACGTGTATCGTGG,0,562394
araCp,0.5,1,1,TGTTCTTGAAGTCAACATCT,0,533273
araCp,0.5,1,1,TGTTCTAGTAGCCGCAAAGC,0,531760
araCp,0.5,1,1,TGTTCTAGGATAGGCGAGCG,0,573486
araCp,0.5,1,1,TGTTCGGCTTGTGCGGCATT,0,537766
araCp,0.5,1,1,TGTTCCTTCAAGGGAAAGGG,0,590975
araCp,0.5,1,1,TGTTCCGCGCGAGCGGCCAA,0,562380
araCp,0.5,1,1,TGTTCATTCGGGGATGGATA,0,592598
araCp,0.5,1,1,TGTTCACGGCGTTATCTACT,0,530485
araCp,0.5,1,1,TGTTCAAACAATACCAGGCG,0,573128
araCp,0.5,1,1,TGTTAGATGGGGCCGAAGAG,0,554432
araCp,0.5,1,1,TGTTACTGATCCGCAGCGTC,0,597393
araCp,0.5,1,1,TGTTACTCCCGTAGAGGAGA,0,543548
araCp,0.5,1,1,TGTGTTATTTCCCTTGGCCC,0,538581
araCp,0.5,1,1,TGTGTCTGTCTCCACTGGCG,0,574705
araCp,0.5,1,1,TGTGTCTAAAGAGGAGCTTA,0,530214
araCp,0.5,1,1,TGTGTCGCAAGATCTAGAGG,0,542173
araCp,0.5,1,1,TGTGTCAGGCGCACCCGGAT,0,561762
araCp,0.5,1,1,TGTGTAGGTCCCAGCCCCTT,0,562183
araCp,0.5,1,1,TGTGTAATCCTCCCGGAGAT,0,534735
araCp,0.5,1,1,TGTGGGGACACCATTGGGCA,0,577181
araCp,0.5,1,1,TGTGGGCTTAACTATTGATT,0,533981
araCp,0.5,1,1,TGTGGGATGCACACTAGGTA,0,561308
araCp,0.5,1,1,TGTGGCTAGAGTTTAGAATG,0,601173
araCp,0.5,1,1,TGTGGAGAAATCTCGCAGGA,0,592268
araCp,0.5,1,1,TGTGCTCAGGCAGAGAAAAT,0,536716
araCp,0.5,1,1,TGTGCGATTGTCGTAGATGG,0,545569
araCp,0.5,1,1,TGTGCCGGGTTGAATGTGGG,0,529947
araCp,0.5,1,1,TGTGCCGCAAGCCGTTATTA,0,542629
araCp,0.5,1,1,TGTGATATAGGCTCAAGCCC,0,574639
araCp,0.5,1,1,TGTGAAGTCGGTATTTATGA,0,536280
araCp,0.5,1,1,TGTCTTATCTTCGAGCTCAG,0,588366
araCp,0.5,1,1,TGTCTTACCATCGACGGTGG,0,599303
araCp,0.5,1,1,TGTCTGCCTGATCGCCGTGC,0,546191
araCp,0.5,1,1,TGTCGTCTGTTTATCCGTGG,0,582400
araCp,0.5,1,1,TGTCGTAAAGCCGTAAGATC,0,577040
araCp,0.5,1,1,TGTCGGTTAAGGATCTAGGG,0,598305
araCp,0.5,1,1,TGTCGGCAGCTGGCACTCGG,0,582714
araCp,0.5,1,1,TGTCATGCTCCAAAGTGAGG,0,526602
araCp,0.5,1,1,TGTCATCAAAAGTCTAGAGC,0,573535
araCp,0.5,1,1,TGTCAGTTTGGTTTGTTTCT,0,583881
araCp,0.5,1,1,TGTCAGTTTGCGTTCGAGGG,0,576136
araCp,0.5,1,1,TGTCACAGTAAGGAAGGAAA,0,580963
araCp,0.5,1,1,TGTCACAAGTACTTGTCTCG,0,556179
araCp,0.5,1,1,TGTCAATCTCTCGCGACGAC,0,536889
araCp,0.5,1,1,TGTCAAGTGTAGCCTGATGT,0,584494
araCp,0.5,1,1,TGTCAAAGGCCAAGAACTGC,0,596648
araCp,0.5,1,1,TGTATGGACGAGTTGGGCTG,0,574052
araCp,0.5,1,1,TGTATGCTAATTCAGTGCCC,0,570386
araCp,0.5,1,1,TGTATGATAGTATGGATGCA,0,564112
araCp,0.5,1,1,TGTACGCGTGCGGGGTAGAG,0,595755
araCp,0.5,1,1,TGTACCCGCTCTGTGAACGA,0,554832
araCp,0.5,1,1,TGTACATGGCAAGGTATTCA,0,547545
araCp,0.5,1,1,TGTACAGCTATTTTACGGAT,0,587671
araCp,0.5,1,1,TGTAAGTGAGAATCAGGGAA,0,545616
araCp,0.5,1,1,TGTAAGGAGCTTGTAAACAG,0,530823
araCp,0.5,1,1,TGTAAGCCTTGTCTGGGCGA,0,554358
araCp,0.5,1,1,TGGTTTAGCGAGGTCGAAAG,0,563299
araCp,0.5,1,1,TGGTTGTATGGGAAGCCCTA,0,547625
araCp,0.5,1,1,TGGTTATAGAATGTACAGGA,0,543279
araCp,0.5,1,1,TGGTTAGTTGGTCTACTAAG,0,565381
araCp,0.5,1,1,TGGTTACTTCGTGGGGGTCT,0,553792
araCp,0.5,1,1,TGGTGGTGTGCCGCGCCGAA,0,566271
araCp,0.5,1,1,TGGTGGAACATCCACAGGTC,0,580795
araCp,0.5,1,1,TGGTGCGGGCAGGAGGCCCC,0,533404
araCp,0.5,1,1,TGGTGACCTAGGGTACCCTA,0,545511
araCp,0.5,1,1,TGGTCGGAAGAGTAACCATT,0,571568
araCp,0.5,1,1,TGGTCCGTATGCTACAATCG,0,532204
araCp,0.5,1,1,TGGTCATTGACCAACAGATT,0,555812
araCp,0.5,1,1,TGGTACTTCCCGTCGATCGG,0,541001
araCp,0.5,1,1,TGGGTTTCGAGCGCTCGCTG,0,562728
araCp,0.5,1,1,TGGGTTATATTCCAGATTCC,0,557592
araCp,0.5,1,1,TGGGTGGGCTGAAACTGGAT,0,530336
araCp,0.5,1,1,TGGGTGCCACTCCGTTTCGT,0,554452
araCp,0.5,1,1,TGGGTGAGGGCCGTGTACCC,0,589880
araCp,0.5,1,1,TGGGTCTCCTGACTGATTAA,0,593883
araCp,0.5,1,1,TGGGTCGCGTGTAACTCTAA,0,560181
araCp,0.5,1,1,TGGGTACACGAAGGCGGACT,0,601029
araCp,0.5,1,1,TGGGTAAATACCGTGTCACC,0,548288
araCp,0.5,1,1,TGGGGTCGCCCGCACTCGCC,0,547642
araCp,0.5,1,1,TGGGGGAAATATATTGAGAC,0,568214
araCp,0.5,1,1,TGGGGCCTCACGGACCGAGT,0,552787
araCp,0.5,1,1,TGGGGACCATGTTACTGGAT,0,529719
araCp,0.5,1,1,TGGGGAAAGAGCTGGCTTGG,0,567522
araCp,0.5,1,1,TGGGCTCATTCAGGAAGCGA,0,531367
araCp,0.5,1,1,TGGGCCATTCGGCACATGCA,0,549183
araCp,0.5,1,1,TGGGCCACAGGCATCTGTGA,0,582038
araCp,0.5,1,1,TGGGCATCGGGTTAGAGAAT,0,557331
araCp,0.5,1,1,TGGGAGCAGACGTGGTACTC,0,567229
araCp,0.5,1,1,TGGGACGCAGAAAGTGGGAT,0,530105
araCp,0.5,1,1,TGGCTGGGATTGGACGCGTC,0,593574
araCp,0.5,1,1,TGGCTCGAGTGTGCTCGTTC,0,534390
araCp,0.5,1,1,TGGCTCCGACCACTGTAGGT,0,589120
araCp,0.5,1,1,TGGCTATCTGCGTTAGCAAA,0,548239
araCp,0.5,1,1,TGGCTAGTGAACAAGTCTGC,0,538446
araCp,0.5,1,1,TGGCTAATGGTCCATGTAGA,0,555631
araCp,0.5,1,1,TGGCGTAGTGTGGCTTAAAG,0,571396
araCp,0.5,1,1,TGGCGGCGAAGCAGTTTGAA,0,563267
araCp,0.5,1,1,TGGCGATATCGATTGGCCCC,0,592217
araCp,0.5,1,1,TGGCCCTGTGCCTGTCCGAT,0,539668
araCp,0.5,1,1,TGGCCACATGAAGGGCACGT,0,587827
araCp,0.5,1,1,TGGCAGATTCGGATGACGGC,0,599295
araCp,0.5,1,1,TGGCAGATACAGAGAGAGCT,0,553865
araCp,0.5,1,1,TGGCACGGGTGCTCGAGACA,0,549802
araCp,0.5,1,1,TGGCACGAGATATGTCTCCA,0,552699
araCp,0.5,1,1,TGGATTGATGTTATCGCGTA,0,527875
araCp,0.5,1,1,TGGATCGAAGCACGGAGTGC,0,566819
araCp,0.5,1,1,TGGAGTATACTATATGGAGG,0,586037
araCp,0.5,1,1,TGGAGGTATTTAATTCGAGT,0,592122
araCp,0.5,1,1,TGGAGGCCAATACAACCCAG,0,552176
araCp,0.5,1,1,TGGACGCGGACCCCACCGCT,0,537097
araCp,0.5,1,1,TGGACGCGAGTGCTGTTGCT,0,570552
araCp,0.5,1,1,TGGACCCTTGAAAGGCATTT,0,592867
araCp,0.5,1,1,TGGACAAAAGAAAATGTCCC,0,596777
araCp,0.5,1,1,TGGAATTCGATAGTATACTG,0,572893
araCp,0.5,1,1,TGGAAGGTCTTATACAATTC,0,582278
araCp,0.5,1,1,TGGAACTATATAAATGTTGT,0,589661
araCp,0.5,1,1,TGGAACGCCGCAAGCATATC,0,600199
araCp,0.5,1,1,TGGAACCATATTTTTCAGGC,0,577498
araCp,0.5,1,1,TGGAACACATGGTTAATCTC,0,596722
araCp,0.5,1,1,TGGAAAGGATAAGATGAGTC,0,550453
araCp,0.5,1,1,TGCTTGTATCACAGCCGACC,0,564714
araCp,0.5,1,1,TGCTTAGTAACGTCATGTTA,0,531828
araCp,0.5,1,1,TGCTTAACTACACAACGATT,0,535227
araCp,0.5,1,1,TGCTGTGCTAATTTTTTTAT,0,577130
araCp,0.5,1,1,TGCTGACCAGTATGTTACAT,0,532257
araCp,0.5,1,1,TGCTGAACGGCTTGATGAGC,0,536485
araCp,0.5,1,1,TGCTCGTGTCGGGGTGGAGA,0,570097
araCp,0.5,1,1,TGCTCGACGGATCCGGATTC,0,549114
araCp,0.5,1,1,TGCTCGAAGGCTATTCACCT,0,572674
araCp,0.5,1,1,TGCTCAGCTAGTAGATGAAA,0,549718
araCp,0.5,1,1,TGCTAGCTTCATTCTTCTTG,0,534769
araCp,0.5,1,1,TGCTAACTTATGTGAGGATA,0,587670
araCp,0.5,1,1,TGCGTTCCGCCAGTATCGGC,0,546684
araCp,0.5,1,1,TGCGGATTTGCTTGTAACTG,0,570393
araCp,0.5,1,1,TGCGGACCGAAGCGGGTCAA,0,584050
araCp,0.5,1,1,TGCGGAAGAGGTACACCGCA,0,546391
araCp,0.5,1,1,TGCGGAACACAAGCATTAGT,0,579254
araCp,0.5,1,1,TGCGCTGCAGTCTTGCGGGT,0,554853
araCp,0.5,1,1,TGCGAATTGCAAACACAGGG,0,600207
araCp,0.5,1,1,TGCGAACGCCAACTTATCGA,0,587033
araCp,0.5,1,1,TGCCTGTGTCGGAGAAGTAG,0,545871
araCp,0.5,1,1,TGCCTGGGATCAACAGTACC,0,576206
araCp,0.5,1,1,TGCCTGAACGAGTGCTATGT,0,603418
araCp,0.5,1,1,TGCCGTTACGGACTAGAACA,0,587858
araCp,0.5,1,1,TGCCGCATGTTTCACAAGGG,0,595407
araCp,0.5,1,1,TGCCGATTTCTCCTTGAGGT,0,599618
araCp,0.5,1,1,TGCCGAATTTAACGATATAG,0,575190
araCp,0.5,1,1,TGCCGAAGTGAAGTCCAGGC,0,535306
araCp,0.5,1,1,TGCCCTTTCTTGAATATTTC,0,570823
araCp,0.5,1,1,TGCCCTCGGGTTTTAATGCT,0,580863
araCp,0.5,1,1,TGCCCGAAACAAGTGCAGAA,0,570997
araCp,0.5,1,1,TGCCCACCCTCAGTCGTTAA,0,539597
araCp,0.5,1,1,TGCCCAAGGTAGGCAGTATT,0,564155
araCp,0.5,1,1,TGCCATACTGCAAAGTGACG,0,534904
araCp,0.5,1,1,TGCCAGTAGATTCGGTTGAA,0,527236
araCp,0.5,1,1,TGCCACTCTCCCACTAGGAC,0,565548
araCp,0.5,1,1,TGCCACAACCAGAGCCCAGA,0,570028
araCp,0.5,1,1,TGCATTGGTTGCACAGGCTG,0,548458
araCp,0.5,1,1,TGCATTGGTGTTTTATATAT,0,550109
araCp,0.5,1,1,TGCAGGAATAGGTCTCGGCT,0,559675
araCp,0.5,1,1,TGCAGCTTATACAAACCGGC,0,534097
araCp,0.5,1,1,TGCAGACAATGATAGGGCTT,0,580793
araCp,0.5,1,1,TGCACTTTGGCTTCTTATAC,0,545736
araCp,0.5,1,1,TGCACTCCTCCGGAGAGGTG,0,586728
araCp,0.5,1,1,TGCACGGGTCTTAGCTGTTG,0,572177
araCp,0.5,1,1,TGCACCATCCCAAACTATTG,0,566172
araCp,0.5,1,1,TGCACCACATGGCCTTTGAG,0,597570
araCp,0.5,1,1,TGCACCAAGTCGCAGAACTT,0,557924
araCp,0.5,1,1,TGCAAAGGGAAATACCTCGT,0,547282
araCp,0.5,1,1,TGATTTAAGGCGAATTTTTA,0,551617
araCp,0.5,1,1,TGATTGATTAGTTGTACATC,0,596312
araCp,0.5,1,1,TGATGTGCGATTAACGTAGA,0,581578
araCp,0.5,1,1,TGATGTAGTAAGAGGAGCTA,0,570891
araCp,0.5,1,1,TGATGACCCACAATGTTTAT,0,559999
araCp,0.5,1,1,TGATCTGGTACCCAACCGCA,0,597441
araCp,0.5,1,1,TGATCGAAGCCCTGTGGTGC,0,556155
araCp,0.5,1,1,TGATCAGCATCTGCTATGAT,0,593246
araCp,0.5,1,1,TGATAGCGTGAGGTCACCCT,0,560742
araCp,0.5,1,1,TGATAGCCCAATTACTCTGA,0,549067
araCp,0.5,1,1,TGATACTGATATCTCCCGTC,0,534258
araCp,0.5,1,1,TGATACGAGGGCGAAAGATA,0,564827
araCp,0.5,1,1,TGAGTGTAAGAACTTAAGTT,0,546690
araCp,0.5,1,1,TGAGTAGTTTTCGGTGGCTA,0,526522
araCp,0.5,1,1,TGAGGTTTTATTGCTATGGG,0,554494
araCp,0.5,1,1,TGAGGTGAGGTTCTCAGGTG,0,587875
araCp,0.5,1,1,TGAGGGGCCGAGTGAGGTAA,0,569813
araCp,0.5,1,1,TGAGGACATTCCCTTATGAC,0,565025
araCp,0.5,1,1,TGAGCTCTTTTCCATCCTGT,0,552177
araCp,0.5,1,1,TGAGCGGCCTTCAGCTAGCA,0,554453
araCp,0.5,1,1,TGAGCGCATGCAACACGTGA,0,590381
araCp,0.5,1,1,TGAGCGAATTCTATGGCCAT,0,585220
araCp,0.5,1,1,TGAGCCACAGATTGAATGCA,0,578956
araCp,0.5,1,1,TGAGCATCGGGCAGTGAGTT,0,534632
araCp,0.5,1,1,TGAGCAATTTATTTTCGTAC,0,576158
araCp,0.5,1,1,TGAGATACCCCGGCGTAGCC,0,548976
araCp,0.5,1,1,TGAGACTGTGCTGCATCTAA,0,536548
araCp,0.5,1,1,TGAGACTGGCTGCCCCCGGA,0,547019
araCp,0.5,1,1,TGAGAACGTGTCAGCGCTAC,0,550222
araCp,0.5,1,1,TGACTTTAAGATTGTACGTC,0,565489
araCp,0.5,1,1,TGACGTCCTGATTAATTATT,0,600882
araCp,0.5,1,1,TGACGTCCGGTACGCTGAGA,0,563951
araCp,0.5,1,1,TGACGCATCGATCGCGGTAA,0,535845
araCp,0.5,1,1,TGACGATTAATACGCGCATT,0,578524
araCp,0.5,1,1,TGACCCGGAGCATATGAGGT,0,540252
araCp,0.5,1,1,TGACATCCGGGGACCCGGAT,0,555818
araCp,0.5,1,1,TGACAGGTGTTCGAAGGCGT,0,582442
araCp,0.5,1,1,TGACAGAGTATGAATCAGAA,0,578465
araCp,0.5,1,1,TGACACTCTATTGTTTACTG,0,541401
araCp,0.5,1,1,TGACACAGAATAATAGCGAC,0,570862
araCp,0.5,1,1,TGACAAACCAAGTTTTGAAC,0,598470
araCp,0.5,1,1,TGAATGTTTTAGGGTACAGT,0,546401
araCp,0.5,1,1,TGAATGCATTGTACTCTTGC,0,531708
araCp,0.5,1,1,TGAATCTGTGAAAATTTGAA,0,589032
araCp,0.5,1,1,TGAATCCACATTTCGTGTAT,0,560419
araCp,0.5,1,1,TGAATCAAGAGATACGGACT,0,526810
araCp,0.5,1,1,TGAAGGCAACAACCCGTGTA,0,570890
araCp,0.5,1,1,TGAAGATGGACTCCGGGCCA,0,539911
araCp,0.5,1,1,TGAAGAAAGCACACAAGCTC,0,581946
araCp,0.5,1,1,TGAACGTCTGGCAGGCGATT,0,556298
araCp,0.5,1,1,TGAACCGTCTTTGGGAGCAA,0,553508
araCp,0.5,1,1,TGAACAGTGCCTATGTCGGC,0,584970
araCp,0.5,1,1,TGAACAAATACGTCCCTCCA,0,580020
araCp,0.5,1,1,TCTTTTCCTGCACGCAAACG,0,552522
araCp,0.5,1,1,TCTTTGGTCACGATAGATAG,0,595897
araCp,0.5,1,1,TCTTTGGACGGATATGTTAG,0,570034
araCp,0.5,1,1,TCTTTGCGTCGAATAGACGA,0,544456
araCp,0.5,1,1,TCTTTCTCCGTGCAACTCGC,0,580811
araCp,0.5,1,1,TCTTTCAACCGGATCGGCCC,0,569627
araCp,0.5,1,1,TCTTGTTGGGGATGTTACGT,0,548605
araCp,0.5,1,1,TCTTGGCAAACTGATACGTA,0,529483
araCp,0.5,1,1,TCTTCCATGTGTGGTTCAGT,0,565525
araCp,0.5,1,1,TCTTAGTTTTTACCTTCCGG,0,571628
araCp,0.5,1,1,TCTTAGTTGCTCGTAGTAAC,0,568354
araCp,0.5,1,1,TCTTAGGCTCGATCTTGTAG,0,578241
araCp,0.5,1,1,TCTGTTCGCGGTCCGAGGGT,0,579813
araCp,0.5,1,1,TCTGTTATACTTCTGGAGGT,0,528089
araCp,0.5,1,1,TCTGTGTTAGGTCGATCCTT,0,567843
araCp,0.5,1,1,TCTGTATTAGCCGGGTCTAT,0,560584
araCp,0.5,1,1,TCTGTAGGTTCATAGTCAGC,0,526504
araCp,0.5,1,1,TCTGGTATTTTACACTGTCC,0,567647
araCp,0.5,1,1,TCTGGGCTCGTCGTGCAAGA,0,529660
araCp,0.5,1,1,TCTGGATGTAGGGGATGTAG,0,550882
araCp,0.5,1,1,TCTGGATGCTGCGCCATCGT,0,569722
araCp,0.5,1,1,TCTGGATGAAGCATTGCAAC,0,585624
araCp,0.5,1,1,TCTGGATATTATGAGGGCAA,0,594970
araCp,0.5,1,1,TCTGGACGATTCTGCGCGGT,0,546509
araCp,0.5,1,1,TCTGATAGAAAATCCCGGGT,0,564061
araCp,0.5,1,1,TCTGAATTGGCTGTCAGTCC,0,537057
araCp,0.5,1,1,TCTCTTCAAGAGTAACATAA,0,529144
araCp,0.5,1,1,TCTCTCAACGAGGCGGAGGA,0,545980
araCp,0.5,1,1,TCTCTAACAGTGGTATCTAG,0,594680
araCp,0.5,1,1,TCTCGGTCCGTTTATAGATA,0,595638
araCp,0.5,1,1,TCTCGGACCAGATGCTAAGA,0,559270
araCp,0.5,1,1,TCTCGCCTGCGCACAGACTC,0,603635
araCp,0.5,1,1,TCTCGCCAGGATGTTTCGGT,0,582460
araCp,0.5,1,1,TCTCGAACGTATTTTTGATG,0,582698
araCp,0.5,1,1,TCTCCGGGAAGATCTAGGAC,0,587772
araCp,0.5,1,1,TCTCCGCATTCTAAATAAGT,0,595074
araCp,0.5,1,1,TCTCCATGCTTAAGAAAGGT,0,534309
araCp,0.5,1,1,TCTCCAGAGGCGATAGCTCC,0,556965
araCp,0.5,1,1,TCTCATCGTCAGACCGGGGA,0,562432
araCp,0.5,1,1,TCTCAATCGGTAGGTGGTAC,0,533780
araCp,0.5,1,1,TCTATTGAAGACGGTACCCA,0,564546
araCp,0.5,1,1,TCTATGGCTTTGTACCTAAT,0,550564
araCp,0.5,1,1,TCTATCACGGTGATACCTTA,0,573532
araCp,0.5,1,1,TCTACTTGGGCTAGACCGGC,0,586014
araCp,0.5,1,1,TCTACTGCAAAATGATTCTA,0,557367
araCp,0.5,1,1,TCTACTAGCGGGCTCAAGAA,0,581995
araCp,0.5,1,1,TCTACCGGGAGCGTCTTCTT,0,575850
araCp,0.5,1,1,TCTACCAGAGACGGAGCGAC,0,561211
araCp,0.5,1,1,TCTACAAGAGGTCAATTTGC,0,598474
araCp,0.5,1,1,TCTAATTGACCATATAGTCC,0,536678
araCp,0.5,1,1,TCTAATCTCGCTCTTTACAT,0,568421
araCp,0.5,1,1,TCTAACCAACCTGAAAGCGC,0,558426
araCp,0.5,1,1,TCTAAAGTAAGTGGGCGGCC,0,526442
araCp,0.5,1,1,TCTAAAGGCCAGGCTGCAGG,0,561687
araCp,0.5,1,1,TCTAAACGCAGAACGAACCT,0,539775
araCp,0.5,1,1,TCGTTTTGGATTTAGTTCTA,0,539594
araCp,0.5,1,1,TCGTTTATGCGCCAAAAGTC,0,528172
araCp,0.5,1,1,TCGTTGCCAGTAATGGACAC,0,534918
araCp,0.5,1,1,TCGTTCTTCGCGTCCGCTTG,0,545900
araCp,0.5,1,1,TCGTTACTGATTGCATAGAA,0,533700
araCp,0.5,1,1,TCGTGTTAATACGGAACTAA,0,534728
araCp,0.5,1,1,TCGTGTGACTCCGCTCACCT,0,561435
araCp,0.5,1,1,TCGTGCGATAGGTCGTTGCA,0,531936
araCp,0.5,1,1,TCGTGCCTCCTCCGCATATC,0,597937
araCp,0.5,1,1,TCGTGACGCCCCCCGACACC,0,572950
araCp,0.5,1,1,TCGTCTTAAACTAGATAAAC,0,544704
araCp,0.5,1,1,TCGTCGTACGCTAAGCATGC,0,573793
araCp,0.5,1,1,TCGTCGGCCGTGCAGATCGT,0,538821
araCp,0.5,1,1,TCGTCCATTTAGCTATGAGA,0,573879
araCp,0.5,1,1,TCGTAGTAGCGAGCTGAGTA,0,527915
araCp,0.5,1,1,TCGGTGTTCCACACTCCCAG,0,602941
araCp,0.5,1,1,TCGGTGTAACCTCTGTTTAC,0,597545
araCp,0.5,1,1,TCGGTGGAACGGACGTGGGT,0,561032
araCp,0.5,1,1,TCGGTCTGCTGGCGCTCAGT,0,555218
araCp,0.5,1,1,TCGGTATAGTGAAGCAGGGC,0,554221
araCp,0.5,1,1,TCGGTACAGGTCTTAACACG,0,579375
araCp,0.5,1,1,TCGGTAAGTCTCGGAGGAGA,0,590222
araCp,0.5,1,1,TCGGTAACGCACATAGGGTC,0,542072
araCp,0.5,1,1,TCGGGGTGACAGGCAGGGTT,0,551396
araCp,0.5,1,1,TCGGGCTACCCCGGCTTATC,0,578452
araCp,0.5,1,1,TCGGGCCAGATGATGTATGT,0,544123
araCp,0.5,1,1,TCGGCGTGGTTTACCCCGAT,0,535946
araCp,0.5,1,1,TCGGCGCGACTTACATTGAT,0,558359
araCp,0.5,1,1,TCGGCCTGAGATGGAATTGA,0,570295
araCp,0.5,1,1,TCGGCAGCTAGCCAGCATAT,0,564131
araCp,0.5,1,1,TCGGATTACAATTCTCGTGA,0,526392
araCp,0.5,1,1,TCGGACGCCCCCTAGGGTGG,0,599014
araCp,0.5,1,1,TCGGACACTCTGTGTTTGTG,0,575119
araCp,0.5,1,1,TCGGACACAACAATACTAGG,0,551867
araCp,0.5,1,1,TCGGAATCTATTTGAGGTCA,0,590859
araCp,0.5,1,1,TCGCTTTTATAGTTAGGCCA,0,585018
araCp,0.5,1,1,TCGCTCCATACTACCCTCGT,0,559415
araCp,0.5,1,1,TCGCGCTAGAGTTTGCTGTC,0,588333
araCp,0.5,1,1,TCGCGCTAAACGCAAACCCC,0,542561
araCp,0.5,1,1,TCGCGAACCCCGCTCGCTAT,0,567650
araCp,0.5,1,1,TCGCCCAGTGTAGAAAGCGG,0,531917
araCp,0.5,1,1,TCGCATCTAGCATTTTTAAT,0,601159
araCp,0.5,1,1,TCGCAGGTATATTCAGCGGC,0,583477
araCp,0.5,1,1,TCGCACGGTGGTTAGCGAAA,0,569150
araCp,0.5,1,1,TCGCACCGGGTAGGTTAACC,0,572669
araCp,0.5,1,1,TCGCAATACCCTAGGTCTTT,0,572184
araCp,0.5,1,1,TCGATTAGCGCTTACAGGTG,0,537747
araCp,0.5,1,1,TCGATAACTCACAATGGTGG,0,599131
araCp,0.5,1,1,TCGAGTCAGACCAGTCGAAG,0,537799
araCp,0.5,1,1,TCGAGGAACGTAAGTCAACT,0,591559
araCp,0.5,1,1,TCGAGCTACGTTCTATTATA,0,586398
araCp,0.5,1,1,TCGACTCCCCGTAACTGTAT,0,593405
araCp,0.5,1,1,TCGACTCAACATATGACAAA,0,547161
araCp,0.5,1,1,TCGACGAATAGGTAATGTGG,0,528070
araCp,0.5,1,1,TCGACCTTGTGCAAGTGTTA,0,580376
araCp,0.5,1,1,TCGACCACTACTTGCCTCGT,0,571352
araCp,0.5,1,1,TCGACATATATATGGTCAAC,0,545790
araCp,0.5,1,1,TCGACAAGTGCTGCATTATG,0,554931
araCp,0.5,1,1,TCGAATGCGTGTTGGGACGA,0,573165
araCp,0.5,1,1,TCGAATCCGCCAGATTTGCA,0,556218
araCp,0.5,1,1,TCGAAGAAGTCGCAACGCCA,0,601855
araCp,0.5,1,1,TCGAAGAAAAAATAAATCGA,0,574717
araCp,0.5,1,1,TCGAACATGAATGGGTCCTT,0,536362
araCp,0.5,1,1,TCGAAAGTGAACCACGCTCT,0,566715
araCp,0.5,1,1,TCCTTTGCCGGACGCGAAAA,0,564978
araCp,0.5,1,1,TCCTTTCCAAGCCCAGGTGT,0,578516
araCp,0.5,1,1,TCCTTTACGTGTAACCGGCT,0,567744
araCp,0.5,1,1,TCCTTACGTCTAACCCTATA,0,570099
araCp,0.5,1,1,TCCTTACCCATCTGCTTATA,0,547870
araCp,0.5,1,1,TCCTGACTCCCGGGTCCGAG,0,552370
araCp,0.5,1,1,TCCTCTTCTGGAGATTAGTA,0,552636
araCp,0.5,1,1,TCCTCCTGGGATCAGGGAAG,0,580864
araCp,0.5,1,1,TCCTATAACATCGCGGCCGT,0,592816
araCp,0.5,1,1,TCCTAGCCTAAATGTATTAA,0,582943
araCp,0.5,1,1,TCCTAATTCATAACCATCGG,0,531992
araCp,0.5,1,1,TCCTAATATCTCCGGCAGGA,0,569704
araCp,0.5,1,1,TCCGTTCCTTCCTAATTTCT,0,536380
araCp,0.5,1,1,TCCGTGACCTGCGGTTCGCT,0,568493
araCp,0.5,1,1,TCCGTAGGGTGATGGGCTCG,0,588213
araCp,0.5,1,1,TCCGGTCTTCTCAGTTTTTT,0,551742
araCp,0.5,1,1,TCCGGGTGGTAGTGGGCTCG,0,556811
araCp,0.5,1,1,TCCGGACGAGGTGTTTCCTG,0,582892
araCp,0.5,1,1,TCCGCTGCTCTATACTATAT,0,534316
araCp,0.5,1,1,TCCGCCCCAAATAAAGGGGG,0,542950
araCp,0.5,1,1,TCCGACCGCCATAGGCGAAG,0,581095
araCp,0.5,1,1,TCCGACATCAACGTTCCGCT,0,565607
araCp,0.5,1,1,TCCGAATCTATGATGTGTAC,0,567913
araCp,0.5,1,1,TCCCTGGGCTTCTCCTCATA,0,539035
araCp,0.5,1,1,TCCCGATATCCGTCCGTCAA,0,553485
araCp,0.5,1,1,TCCCGAATGAGCCCAAGCTT,0,581339
araCp,0.5,1,1,TCCCGAAAATCTCAGCAACC,0,543756
araCp,0.5,1,1,TCCCCCGTGATGTTAGGAGT,0,544279
araCp,0.5,1,1,TCCCAGGGACCAGATGAGGT,0,556008
araCp,0.5,1,1,TCCCAAGTACTTCGATTGTG,0,560302
araCp,0.5,1,1,TCCCAAATTCCTGCCAACAT,0,551066
araCp,0.5,1,1,TCCATTTTTGGCCCGAGGGA,0,574700
araCp,0.5,1,1,TCCATTTTGGCGTTATATGA,0,586114
araCp,0.5,1,1,TCCATTTGACCGTGACCATT,0,601177
araCp,0.5,1,1,TCCATGTGCATACGTAACTC,0,578286
araCp,0.5,1,1,TCCATGTAAGGCGCGGAATT,0,600960
araCp,0.5,1,1,TCCATGCGTGGAGAGGGTTG,0,588302
araCp,0.5,1,1,TCCATCGCGTAAGTATCCGC,0,564077
araCp,0.5,1,1,TCCATCAAGGATAGCATCGT,0,528132
araCp,0.5,1,1,TCCATACAGAATTTGCACCC,0,551838
araCp,0.5,1,1,TCCACGTGTGGTCTAGTGGT,0,567401
araCp,0.5,1,1,TCCACGGGATTGTATAAATT,0,562302
araCp,0.5,1,1,TCCACCCTGGGAGGTACATG,0,581326
araCp,0.5,1,1,TCCACCCACCTGCCAGGTGC,0,531666
araCp,0.5,1,1,TCCAAGCACTGTGTCCCGGA,0,564406
araCp,0.5,1,1,TCATTTCTGTGATCTGCGTG,0,583880
araCp,0.5,1,1,TCATTGGATGCGTAGCTTTA,0,571325
araCp,0.5,1,1,TCATTGACTTAGTGATAGGT,0,542574
araCp,0.5,1,1,TCATTCGTGTTCTTCTTGAT,0,584411
araCp,0.5,1,1,TCATTAGAAGCCGCACTGAA,0,527646
araCp,0.5,1,1,TCATGTATTCTTACAGGACC,0,541828
araCp,0.5,1,1,TCATGGCCATCCATAGCGCG,0,578342
araCp,0.5,1,1,TCATGCTCAAATACATGTCC,0,540881
araCp,0.5,1,1,TCATGCAGGCCGTTTTCATT,0,576060
araCp,0.5,1,1,TCATCTCTAGTCCAGCTAGT,0,558163
araCp,0.5,1,1,TCATCGTAGGGGCGTGGGCC,0,565057
araCp,0.5,1,1,TCATCGGTCGCATAGTTCGT,0,580507
araCp,0.5,1,1,TCATCGCAAACACGAGCTCT,0,589075
araCp,0.5,1,1,TCATCCATGGAGCGACGCGA,0,572830
araCp,0.5,1,1,TCATCATCATGAAGGTCTAT,0,563070
araCp,0.5,1,1,TCATATGGCATGACCGGGGG,0,584227
araCp,0.5,1,1,TCATATGAGACGCTGAGATT,0,552734
araCp,0.5,1,1,TCATAGCGTGGAGGGACTCG,0,535385
araCp,0.5,1,1,TCATAGCCGACCGTGCCGGT,0,571192
araCp,0.5,1,1,TCATAGAGACCGCTTACGTC,0,544701
araCp,0.5,1,1,TCATAGAGAAGCGTGGAGTG,0,573286
araCp,0.5,1,1,TCAGTGTCGGTTCTTGTCGT,0,553197
araCp,0.5,1,1,TCAGTGACAGCTGGTCAGAG,0,541528
araCp,0.5,1,1,TCAGTCTTCGTTTGAACACG,0,544175
araCp,0.5,1,1,TCAGTCCAGACATTGACGAA,0,573025
araCp,0.5,1,1,TCAGGTTATAGGCTGCAAAT,0,536424
araCp,0.5,1,1,TCAGGTCGGTAGTGGCCCAG,0,550627
araCp,0.5,1,1,TCAGGTCAGTCATGGCGCAT,0,532879
araCp,0.5,1,1,TCAGGGTCTGTAAAAGATAG,0,603150
araCp,0.5,1,1,TCAGGGGGGTGCTGGGAGGA,0,589543
araCp,0.5,1,1,TCAGGGGCCGGTTGACGGCG,0,565454
araCp,0.5,1,1,TCAGGCTCACAAGTGTCAAT,0,544236
araCp,0.5,1,1,TCAGGCCTTCCGAGCCGGGG,0,576054
araCp,0.5,1,1,TCAGGATTGAGACGAGCCCC,0,602636
araCp,0.5,1,1,TCAGGAGTTAGGTTGGCGCA,0,569018
araCp,0.5,1,1,TCAGGAAGAAATCTCACATG,0,562411
araCp,0.5,1,1,TCAGCTGTCCCAAGCAAATC,0,527561
araCp,0.5,1,1,TCAGCTCCCCGCACTCACAT,0,541623
araCp,0.5,1,1,TCAGCCGTTAATATCCGATT,0,602426
araCp,0.5,1,1,TCAGATGTAACGCCCCCCTC,0,561441
araCp,0.5,1,1,TCAGAGTGTCACCCCGTAGA,0,552954
araCp,0.5,1,1,TCAGACACGAAGGCGAGGGT,0,575172
araCp,0.5,1,1,TCAGAAGGCGGTTAGTGTCA,0,594804
araCp,0.5,1,1,TCACTTCTTTACACACTTTC,0,562793
araCp,0.5,1,1,TCACTTCGGGTAGTTACAGG,0,544042
araCp,0.5,1,1,TCACTGGTGCGTCAGGCTTC,0,536682
araCp,0.5,1,1,TCACTCCCAGTGCTTATGCG,0,597317
araCp,0.5,1,1,TCACTATTCCAAGATCCAAT,0,576720
araCp,0.5,1,1,TCACTACTCGTTCAAGTTGG,0,536320
araCp,0.5,1,1,TCACTAAAAAGACTCCTTCC,0,587354
araCp,0.5,1,1,TCACGGGGGGTCCACCGCTG,0,553606
araCp,0.5,1,1,TCACGGGAATTCAAATCCGT,0,577862
araCp,0.5,1,1,TCACGGAACTGAAGGCCATA,0,587208
araCp,0.5,1,1,TCACGCCAGGCACGCTTGTT,0,546386
araCp,0.5,1,1,TCACCTGAGCGTGCTACTAT,0,590623
araCp,0.5,1,1,TCACCGCCGTCCCCCGGGGT,0,592199
araCp,0.5,1,1,TCACCCCGATGAGTCTGTAC,0,575984
araCp,0.5,1,1,TCACCATTGCTTCCGTAATT,0,545527
araCp,0.5,1,1,TCACATTCTTACTCCGATGG,0,597291
araCp,0.5,1,1,TCACATCCTGTTGACACGAT,0,559908
araCp,0.5,1,1,TCACAGTTCATGTCGTTAAC,0,543820
araCp,0.5,1,1,TCACAGACTCCTGTGATACC,0,580400
araCp,0.5,1,1,TCACAATGGATATCGAACCT,0,587430
araCp,0.5,1,1,TCACAAGCAGTAATATGTTA,0,544570
araCp,0.5,1,1,TCAATCGTTTAAGAAGATTG,0,596280
araCp,0.5,1,1,TCAATCAGGGAAGTCCCTGG,0,577759
araCp,0.5,1,1,TCAATAATAATCTAACACTT,0,558849
araCp,0.5,1,1,TCAAGGGTCGTGCCGTGGCC,0,574802
araCp,0.5,1,1,TCAAGCATATAGTCCAGAAA,0,601454
araCp,0.5,1,1,TCAAGAAAACATTTCCGCCG,0,565331
araCp,0.5,1,1,TCAAATGCGCGTCCGGGAAA,0,582387
araCp,0.5,1,1,TCAAAGCTTCACTATCCTGG,0,536963
araCp,0.5,1,1,TCAAACGCCCTATAGGCTCA,0,588423
araCp,0.5,1,1,TCAAAAGCGATTGCATGGCT,0,578948
araCp,0.5,1,1,TATTTTGAAGCGGTTGGATC,0,562010
araCp,0.5,1,1,TATTGTTTACGAGGAGGAAT,0,561843
araCp,0.5,1,1,TATTGTGCTCGAGATTCTTC,0,550513
araCp,0.5,1,1,TATTGTAGCCCATATACAAG,0,603238
araCp,0.5,1,1,TATTGGATTTCGGAGTCTCG,0,582458
araCp,0.5,1,1,TATTGATCGTTACTATACAT,0,529791
araCp,0.5,1,1,TATTCTGGCAACCTCGAACA,0,529246
araCp,0.5,1,1,TATTCAGGTCCTGTGCATCA,0,589807
araCp,0.5,1,1,TATTATCGACAAATGTTACA,0,576288
araCp,0.5,1,1,TATTAGGCTTTCTATTAGCG,0,542122
araCp,0.5,1,1,TATTAGCGGTCGTTATGGAG,0,538491
araCp,0.5,1,1,TATTACTCCTCGCAATTAAG,0,531522
araCp,0.5,1,1,TATTACGCGACTTATCTATT,0,536168
araCp,0.5,1,1,TATTAAGTTGGTCGGGGGTC,0,577346
araCp,0.5,1,1,TATGTGCATAGCTTACGGCA,0,538026
araCp,0.5,1,1,TATGTGAAAGGTAGGTTCCT,0,550378
araCp,0.5,1,1,TATGTCGCTTCGCATTTTGT,0,528078
araCp,0.5,1,1,TATGTACGCTCTGGGTTTTG,0,578433
araCp,0.5,1,1,TATGGGGCTCGCACTCCCGG,0,535718
araCp,0.5,1,1,TATGGATGCGCCAATCCGGC,0,528420
araCp,0.5,1,1,TATGGAGACGCCGGGAAGGG,0,599683
araCp,0.5,1,1,TATGCTGACCGTGGAACTGG,0,555206
araCp,0.5,1,1,TATGATAACATCGTCAGGGT,0,566795
araCp,0.5,1,1,TATGAGCCCGAGCGAGGCTC,0,564305
araCp,0.5,1,1,TATGAACTGAGGTAACTGTA,0,544418
araCp,0.5,1,1,TATCTGCCGTGGCCATACGT,0,560289
araCp,0.5,1,1,TATCTGATTGAAGTTTGTAG,0,533369
araCp,0.5,1,1,TATCGTTAATTTTTTATTGA,0,560001
araCp,0.5,1,1,TATCGGCATTTTAGCGATGT,0,596326
araCp,0.5,1,1,TATCCGGACGGGATTGGACG,0,577416
araCp,0.5,1,1,TATCCGGACACCAGTGGATG,0,564418
araCp,0.5,1,1,TATCCGCGTTGTTACCGATA,0,573398
araCp,0.5,1,1,TATCCAGAGCATAAGTTTGG,0,536853
araCp,0.5,1,1,TATCATAATCTAAAATGAGT,0,581449
araCp,0.5,1,1,TATCAAGGGTTAAATGTGTT,0,531555
araCp,0.5,1,1,TATATTCTGATTGGGGGCAA,0,583841
araCp,0.5,1,1,TATAGTGGACTGCTTGTGTG,0,582773
araCp,0.5,1,1,TATACGTCTTCCCCTAATAT,0,563019
araCp,0.5,1,1,TATACGAGTTCACATTCATT,0,539265
araCp,0.5,1,1,TATACCGACTCGTTTGGGGT,0,568471
araCp,0.5,1,1,TATACAGTGGACTATGCGGT,0,602547
araCp,0.5,1,1,TATACACACAGTCGAGGCGC,0,568146
araCp,0.5,1,1,TATAATAACGAAATTCAACT,0,556731
araCp,0.5,1,1,TAGTTGGGCGTGGCCTGGAA,0,560222
araCp,0.5,1,1,TAGTGAGGGGAGTTGGACTT,0,537170
araCp,0.5,1,1,TAGTCCCGTCAGCGCCCCTC,0,578102
araCp,0.5,1,1,TAGGTTGAATCAGTACATTA,0,597412
araCp,0.5,1,1,TAGGTGTCGTGGACTGAATG,0,570835
araCp,0.5,1,1,TAGGTGATTAATCGCTTTCT,0,596577
araCp,0.5,1,1,TAGGTGAGGGACAAGGGCGC,0,589929
araCp,0.5,1,1,TAGGTCACGAGAACAGCTAC,0,553331
araCp,0.5,1,1,TAGGTATAATTGGTATGAGA,0,587782
araCp,0.5,1,1,TAGGGTTACGATGAGACCAT,0,544431
araCp,0.5,1,1,TAGGGGTTCACACCATGTAA,0,549066
araCp,0.5,1,1,TAGGGGTGATTGGGAGGGTT,0,571699
araCp,0.5,1,1,TAGGGCGAAGAACTACGACC,0,549938
araCp,0.5,1,1,TAGGGCAGAATAAGGAAATC,0,600055
araCp,0.5,1,1,TAGGGAAGCTTCAGTTTGTG,0,550091
araCp,0.5,1,1,TAGGCTGGGAGTTAATCAGT,0,545536
araCp,0.5,1,1,TAGGCCCGTATAGCATAGTT,0,528265
araCp,0.5,1,1,TAGGCAATCCTTTTCATCGA,0,594151
araCp,0.5,1,1,TAGGAGATGTGGGAGACGCT,0,535248
araCp,0.5,1,1,TAGGACAGCCATTCGGCTTT,0,557234
araCp,0.5,1,1,TAGCTGGAAACGACGGCAGG,0,551533
araCp,0.5,1,1,TAGCTCTCTGGCACGTGGGT,0,563774
araCp,0.5,1,1,TAGCTCACTCTTGCAATATA,0,564339
araCp,0.5,1,1,TAGCTATTAAAGAGCGCCTA,0,575574
araCp,0.5,1,1,TAGCGGTTCTTGCACCACAT,0,569797
araCp,0.5,1,1,TAGCGGCGTCACGCACCTGT,0,550892
araCp,0.5,1,1,TAGCGGACGAGTCTTGCAAC,0,561805
araCp,0.5,1,1,TAGCGCTACTGCATAACTCT,0,545841
araCp,0.5,1,1,TAGCGAAACCCGGGCTTTCC,0,556883
araCp,0.5,1,1,TAGCCTACAATTGGGGATTT,0,589325
araCp,0.5,1,1,TAGCATTTCCGTCAGCGCAA,0,589654
araCp,0.5,1,1,TAGCATTTACAAGACATATA,0,548785
araCp,0.5,1,1,TAGCAGGTAGCGGAGAGTCT,0,602032
araCp,0.5,1,1,TAGATTAGCGATTAATACAG,0,568936
araCp,0.5,1,1,TAGATCCTGCTAGAATCTTA,0,595459
araCp,0.5,1,1,TAGATCCCAAAATTGCCATC,0,540221
araCp,0.5,1,1,TAGAGTTGCTTGGGGCGGCA,0,527686
araCp,0.5,1,1,TAGAGGGGGAGACGATCACC,0,597689
araCp,0.5,1,1,TAGAGGGACCCATAAACATC,0,559758
araCp,0.5,1,1,TAGAGCTGCTCCCTGCAAAA,0,530647
araCp,0.5,1,1,TAGAGCTCCCGTCAGGTCAT,0,559511
araCp,0.5,1,1,TAGAGCAAGGTCGGCTAGAC,0,529076
araCp,0.5,1,1,TAGAGAAGGCGAGAGGCTGG,0,580501
araCp,0.5,1,1,TAGACGTATTTTTCCGAACC,0,564893
araCp,0.5,1,1,TAGACCTGTTTCACTGGGAC,0,599125
araCp,0.5,1,1,TAGACCACAAATGTTCGGAT,0,537642
araCp,0.5,1,1,TAGAACTTCTTCGGATATGC,0,554441
araCp,0.5,1,1,TACTTCCCACAGCCTGGGTC,0,541978
araCp,0.5,1,1,TACTGCATTTCATCAACGGG,0,598439
araCp,0.5,1,1,TACTGATAATAGTACTCTGG,0,550883
araCp,0.5,1,1,TACTCAAATTATCCTCGCTA,0,603258
araCp,0.5,1,1,TACTATTTGACTGATCTCGA,0,540419
araCp,0.5,1,1,TACGGGGTCCTAAACATCAT,0,560059
araCp,0.5,1,1,TACGGGCCGAACAAGATAGC,0,566622
araCp,0.5,1,1,TACGCAAATCGTACTCAACA,0,535519
araCp,0.5,1,1,TACGCAAACACATGAGTGTC,0,565603
araCp,0.5,1,1,TACGAGGATTCTATGCGGTC,0,526545
araCp,0.5,1,1,TACGAGCACTTTCAACGAGC,0,580510
araCp,0.5,1,1,TACCTTTCGGTGTACGAGGT,0,593164
araCp,0.5,1,1,TACCTTATATCGAAGGGTGG,0,560285
araCp,0.5,1,1,TACCTATCCGGTAACGGGAG,0,598389
araCp,0.5,1,1,TACCGTTTGTCTGTCTCCCC,0,601654
araCp,0.5,1,1,TACCGTTAACCGTCCTCGTT,0,603102
araCp,0.5,1,1,TACCGTGGTGTGGTGGCTGG,0,600550
araCp,0.5,1,1,TACCGTCAAGTCATTTTTAA,0,537449
araCp,0.5,1,1,TACCGTAATGATCCAGGACT,0,601981
araCp,0.5,1,1,TACCGGGTCTAGTCGGGCTA,0,593644
araCp,0.5,1,1,TACCGATCCCCAAGTCCCAG,0,587590
araCp,0.5,1,1,TACCCGGGCTCAATGGGTGC,0,564004
araCp,0.5,1,1,TACCCGCTCTGTCATTCACC,0,533897
araCp,0.5,1,1,TACCAGGGAAGCCGGTCTAG,0,560689
araCp,0.5,1,1,TACCAGGAAGTGCGTGTAGA,0,586386
araCp,0.5,1,1,TACCACGACAGAACGCGACA,0,576707
araCp,0.5,1,1,TACATTACACTGTCCGTAGT,0,539160
araCp,0.5,1,1,TACACTTCCCTACTCAATGA,0,564741
araCp,0.5,1,1,TACACGGACCTTTTAGTTAA,0,579320
araCp,0.5,1,1,TACACGCAGTCGGGCGTGGC,0,576510
araCp,0.5,1,1,TACACCCCATGTTCGCAGTT,0,553151
araCp,0.5,1,1,TACACCAGCTCCTTCCATGC,0,552859
araCp,0.5,1,1,TACACATCTCGACCTTTATC,0,561736
araCp,0.5,1,1,TACACATACACAACGCCTCC,0,555966
araCp,0.5,1,1,TACACACTTCACTAGATCGA,0,600099
araCp,0.5,1,1,TACAATGCGCGGACACCGTA,0,574038
araCp,0.5,1,1,TACAATAAAACATTGACATT,0,570503
araCp,0.5,1,1,TACAAGGATAAGAGCCACTA,0,557147
araCp,0.5,1,1,TACAACAAAATTGGAACACC,0,567234
araCp,0.5,1,1,TAATTTGGCAATTGCTCACG,0,592758
araCp,0.5,1,1,TAATCTCTAGATATATTCAG,0,577801
araCp,0.5,1,1,TAATCGGAGTCCATGGACCG,0,529795
araCp,0.5,1,1,TAATCGACTCAGCAACTGGA,0,538804
araCp,0.5,1,1,TAATCCTCGATCAATGGGTC,0,544815
araCp,0.5,1,1,TAATCCACCAGTCCGCTAAT,0,527521
araCp,0.5,1,1,TAATCATAAGCCCCGGCCTG,0,576472
araCp,0.5,1,1,TAATCAAGGAGATGGTACGG,0,536777
araCp,0.5,1,1,TAATATTTAGGCAAAGTTAT,0,526529
araCp,0.5,1,1,TAATATACGCGGGTCTTAAA,0,575125
araCp,0.5,1,1,TAATAGTAATCCATCTCAAC,0,538901
araCp,0.5,1,1,TAATACCCTGACCAACAATT,0,594291
araCp,0.5,1,1,TAATAAACGGGGGGCGCCCT,0,592395
araCp,0.5,1,1,TAAGTGACTTGGTGTACCTT,0,579757
araCp,0.5,1,1,TAAGTCACGTCGCCGCTGAG,0,552099
araCp,0.5,1,1,TAAGTACGAAGTGCGGGGAG,0,571450
araCp,0.5,1,1,TAAGGTCAAACCCATCCCTA,0,530347
araCp,0.5,1,1,TAAGGTATTTTGGGACCTGG,0,592330
araCp,0.5,1,1,TAAGGGTGGGATTGAAGCCC,0,591358
araCp,0.5,1,1,TAAGGGGGCGTTCTCAGTAC,0,566458
araCp,0.5,1,1,TAAGGAATCGGAGTAGAACC,0,582684
araCp,0.5,1,1,TAAGCGATGGACCTCGGAAT,0,563615
araCp,0.5,1,1,TAAGCCTGCGTACTAAGACC,0,603213
araCp,0.5,1,1,TAAGCCATGAACCGTTGGCA,0,585754
araCp,0.5,1,1,TAAGCATACGGATGTTCGCG,0,560120
araCp,0.5,1,1,TAAGCAGGAGACGTTTGGTA,0,568752
araCp,0.5,1,1,TAAGATTGGTCGAGTTGTTC,0,574876
araCp,0.5,1,1,TAAGATGCTCCGGCCCCGCA,0,580063
araCp,0.5,1,1,TAAGATGAATAGGATGTAGT,0,526466
araCp,0.5,1,1,TAAGAATTCTAAATCTCGCC,0,574363
araCp,0.5,1,1,TAACTTGCCTACTGTCTAAG,0,601171
araCp,0.5,1,1,TAACTTCCGGCGCAAATGTT,0,565444
araCp,0.5,1,1,TAACTGCAGGCCCAGATCTC,0,529051
araCp,0.5,1,1,TAACTAACCTACGGTAAACG,0,584539
araCp,0.5,1,1,TAACGTGGCTAGTATGCATG,0,533101
araCp,0.5,1,1,TAACGGTGCGCAGCACGCAA,0,584225
araCp,0.5,1,1,TAACGCTTGTTCTTTCGCTC,0,526850
araCp,0.5,1,1,TAACCCTAGCCAGCCCCCAA,0,576405
araCp,0.5,1,1,TAACCAGCAAGTTGAGCGCT,0,557127
araCp,0.5,1,1,TAACATGCGTAAACCTGCTG,0,564200
araCp,0.5,1,1,TAACATCGCGACCGTATCCA,0,558112
araCp,0.5,1,1,TAACACGATTTCTTTCGGCT,0,532019
araCp,0.5,1,1,TAAATTGGATCGAAACTTAC,0,535663
araCp,0.5,1,1,TAAATGAAGCCAGGGGATCG,0,534621
araCp,0.5,1,1,TAAATCTTGAGGCAGAGTGA,0,542770
araCp,0.5,1,1,TAAATCAAAATTTAACCCCT,0,595675
araCp,0.5,1,1,TAAATAGGGTTGTACATAAT,0,548567
araCp,0.5,1,1,TAAAGTGTTGTCGTAGGTGT,0,567762
araCp,0.5,1,1,TAAAGCGTGCTAATGAGTGT,0,529920
araCp,0.5,1,1,TAAAGATACACTCAGTGGGG,0,551448
araCp,0.5,1,1,TAAAGAATGGGGCGTCTTGG,0,526471
araCp,0.5,1,1,TAAACGATTAAGAGAGGTGC,0,585569
araCp,0.5,1,1,TAAACAGTTCCTTTGAAGAG,0,540291
araCp,0.5,1,1,TAAAAGTGATCGAGACTTTC,0,529977
araCp,0.5,1,1,TAAAAGTCCCACTACGACCC,0,585071
araCp,0.5,1,1,GTTTTCTACTTTAAACAGTC,0,556292
araCp,0.5,1,1,GTTTTAACAAGTATTACGAA,0,601404
araCp,0.5,1,1,GTTTTAAAACTGTTTACTCA,0,595669
araCp,0.5,1,1,GTTTGGGTCCCACGTATCAA,0,552526
araCp,0.5,1,1,GTTTGGGTACTCCCTAGACA,0,600917
araCp,0.5,1,1,GTTTGGGCGAAGACCTTCGG,0,602532
araCp,0.5,1,1,GTTTGCTTCCGGAATTTGGC,0,600870
araCp,0.5,1,1,GTTTGCCCAGGTATGCGACA,0,537149
araCp,0.5,1,1,GTTTGCCACGAATTTGCAGC,0,533720
araCp,0.5,1,1,GTTTCTGGGTGATTTTGCTG,0,539109
araCp,0.5,1,1,GTTTCTGCGGGCGCTAGCTG,0,596007
araCp,0.5,1,1,GTTTCGGAGATGTGAGAGTC,0,574555
araCp,0.5,1,1,GTTTCGAGCCTCCACAGCTC,0,558072
araCp,0.5,1,1,GTTTATACGACCTGTCCGTA,0,601145
araCp,0.5,1,1,GTTTACACGAAGAGGGTTGA,0,574926
araCp,0.5,1,1,GTTTAAATGAAATAACGAAT,0,539224
araCp,0.5,1,1,GTTGTGTTTTACGGGTCAAT,0,564475
araCp,0.5,1,1,GTTGTGGTCACAGGTTTTTC,0,537349
araCp,0.5,1,1,GTTGTGGAAGGATTTTGGTT,0,554627
araCp,0.5,1,1,GTTGTGCAAATACCCCTCAT,0,558710
araCp,0.5,1,1,GTTGTAAATGTTCCAGGAAC,0,552914
araCp,0.5,1,1,GTTGGGAATCTGTTCATATC,0,588421
araCp,0.5,1,1,GTTGCTGGCGCGACGCATGT,0,587432
araCp,0.5,1,1,GTTGCGTGAACCCGTGACCC,0,575730
araCp,0.5,1,1,GTTGCGACAACTTTGGTTGC,0,600432
araCp,0.5,1,1,GTTGCATTTGCCTGTCTAAT,0,599554
araCp,0.5,1,1,GTTGATGCGAAAGACTGTCT,0,601761
araCp,0.5,1,1,GTTGAGTGTTGCCCAAAGAC,0,593718
araCp,0.5,1,1,GTTGACTCGCGCCATTCAAC,0,526147
araCp,0.5,1,1,GTTCTCCTTTAAATAGCGCG,0,538928
araCp,0.5,1,1,GTTCTAGCGTGCCAGTATAC,0,569333
araCp,0.5,1,1,GTTCGTTCAGTGCGCAACCG,0,527813
araCp,0.5,1,1,GTTCGTGCCCCCGATGTAGC,0,597924
araCp,0.5,1,1,GTTCGGAAGCAGTTTGCCTG,0,582161
araCp,0.5,1,1,GTTCGAAGTCAACATAACGG,0,573403
araCp,0.5,1,1,GTTCCTAATCTTCGAGGAGT,0,575371
araCp,0.5,1,1,GTTCCGTCAGCTGGAGCTAA,0,597032
araCp,0.5,1,1,GTTCCGAACACGTCGAGGAA,0,543168
araCp,0.5,1,1,GTTCCGAAACTCCAACGAAG,0,591981
araCp,0.5,1,1,GTTCCATTTAAGACGGTCTG,0,583987
araCp,0.5,1,1,GTTCCAAAAAATCCGTGCCG,0,558499
araCp,0.5,1,1,GTTCATCGACGAGCAAATAC,0,564048
araCp,0.5,1,1,GTTCATCCGGGCCATCTGTG,0,547182
araCp,0.5,1,1,GTTCACTTCAGTACCGTTTA,0,591332
araCp,0.5,1,1,GTTATTGGACCTTCTGAAGG,0,555057
araCp,0.5,1,1,GTTATGAAGGGCAGCCTCGA,0,593982
araCp,0.5,1,1,GTTATAAGGCAAGAAGATCG,0,528388
araCp,0.5,1,1,GTTAGTCTAAGAACCGAGTA,0,578316
araCp,0.5,1,1,GTTAGCGGAATAGGTGAACT,0,553891
araCp,0.5,1,1,GTTAGCCAGGATTGGAGGGA,0,566776
araCp,0.5,1,1,GTTAGATTAATAACCTTTCG,0,549613
araCp,0.5,1,1,GTTAGATATACTGGGGTGTG,0,528018
araCp,0.5,1,1,GTTACTGCGAGCCTGACATA,0,543924
araCp,0.5,1,1,GTTACTCACCCCCTCGCGCT,0,537810
araCp,0.5,1,1,GTTACCTTCGTTAGCGGTGA,0,567833
araCp,0.5,1,1,GTTACACTCCGGGGGGGAAA,0,600453
araCp,0.5,1,1,GTTACAAGGACTACTGAACA,0,538774
araCp,0.5,1,1,GTTAATACGATTACTCGGAC,0,595535
araCp,0.5,1,1,GTTAAGCAAGCTAGCGTAAC,0,596615
araCp,0.5,1,1,GTTAAAGCAGGGTACCGCAG,0,532761
araCp,0.5,1,1,GTGTTTCTCTGAAATTGTAG,0,548499
araCp,0.5,1,1,GTGTTGGAGTCACGGTATGT,0,551539
araCp,0.5,1,1,GTGTTCGTTGGGACGGGCAA,0,555078
araCp,0.5,1,1,GTGTTCACATTTCGATGTGT,0,593753
araCp,0.5,1,1,GTGTGTCAAGGCCATAGCTT,0,599306
araCp,0.5,1,1,GTGTGTAGCCACAGAGTTGG,0,558528
araCp,0.5,1,1,GTGTGGAGATTAGATCGCGG,0,545756
araCp,0.5,1,1,GTGTGCTGCTTCGTTATTTT,0,586797
araCp,0.5,1,1,GTGTGCCCAAGGATAGGTAA,0,581108
araCp,0.5,1,1,GTGTGCATAATTCGAATAAT,0,547921
araCp,0.5,1,1,GTGTGATAACGTCAGGTTCT,0,530576
araCp,0.5,1,1,GTGTCTTCAAAGGCCACCTG,0,584086
araCp,0.5,1,1,GTGTCTACTATACTTCATTT,0,530355
araCp,0.5,1,1,GTGTCGCACAGTCATGGTAC,0,596316
araCp,0.5,1,1,GTGTCAAGTTACGATTCGTA,0,602908
araCp,0.5,1,1,GTGTCAAGGCTTTCCCGGCA,0,568841
araCp,0.5,1,1,GTGTATGAGACCCCGGAGAT,0,601397
araCp,0.5,1,1,GTGTATCCGGAGACGAGCTA,0,579044
araCp,0.5,1,1,GTGTAGGGTAGCTAAATGCT,0,595490
araCp,0.5,1,1,GTGTAGGGCAGATTAGCCTT,0,563212
araCp,0.5,1,1,GTGTAGGCTGAAACCTCCAT,0,555384
araCp,0.5,1,1,GTGTAACCCCGTCTGCCTAA,0,595546
araCp,0.5,1,1,GTGTAAATAGGTAGTTTGAA,0,536860
araCp,0.5,1,1,GTGGTTGGGTACCGTTAAAA,0,567683
araCp,0.5,1,1,GTGGTGTCAGCACGCATGTA,0,577282
araCp,0.5,1,1,GTGGTCCGGACTAAAAACAA,0,592952
araCp,0.5,1,1,GTGGTATGCCTCTTTGATGC,0,593230
araCp,0.5,1,1,GTGGGTGTCGGATAGACGAG,0,587920
araCp,0.5,1,1,GTGGGTATAGCACCGGTGTA,0,552993
araCp,0.5,1,1,GTGGGGGCGAAAAGTTGTTG,0,594208
araCp,0.5,1,1,GTGGGGCTCTGGCCGAGCAT,0,539055
araCp,0.5,1,1,GTGGGCCACACTGGACGGGC,0,569001
araCp,0.5,1,1,GTGGGCATCAATCCTTCATG,0,561110
araCp,0.5,1,1,GTGGCTTAGGTGTCGCTCTT,0,539001
araCp,0.5,1,1,GTGGCTCGTCTGCATTAGGG,0,566930
araCp,0.5,1,1,GTGGCCCGGGCACCAAAACG,0,545158
araCp,0.5,1,1,GTGGATACAGGGGAAGTCCC,0,571198
araCp,0.5,1,1,GTGGAGGGATCATTTATTCC,0,562252
araCp,0.5,1,1,GTGGAAAATTAGGCAAGTAG,0,530008
araCp,0.5,1,1,GTGCTTTCGATAATATGCTT,0,585407
araCp,0.5,1,1,GTGCTTGGTATTCATCTTCG,0,567634
araCp,0.5,1,1,GTGCTGGGACTGTGCACAGA,0,541687
araCp,0.5,1,1,GTGCTCCGTCTCCTTCCGAC,0,595216
araCp,0.5,1,1,GTGCTATTTGAAAGGTCGGA,0,531702
araCp,0.5,1,1,GTGCTAATGAAACGAACTAC,0,564215
araCp,0.5,1,1,GTGCGTGATATGAGCGCGGC,0,586347
araCp,0.5,1,1,GTGCGCGTCATGCGAAGGTG,0,527017
araCp,0.5,1,1,GTGCGCCGATATTTGTGTTT,0,539170
araCp,0.5,1,1,GTGCCTGTGTAACCATGGTG,0,547117
araCp,0.5,1,1,GTGCCCGCACGCGAACGTCT,0,572246
araCp,0.5,1,1,GTGCCACTCGTAAATCGTGG,0,575826
araCp,0.5,1,1,GTGATTGCAGAACGATTTTG,0,540049
araCp,0.5,1,1,GTGAGTAGGCTCGTGTCCCG,0,592975
araCp,0.5,1,1,GTGAGGTGCAACCTCTGAAG,0,539920
araCp,0.5,1,1,GTGAGGGTTGACTACTATAT,0,597474
araCp,0.5,1,1,GTGAGGCAGTTTAGCCATAG,0,581925
araCp,0.5,1,1,GTGAGGACAGTCAGAGCAGT,0,578899
araCp,0.5,1,1,GTGAGCAACGAGTAATGTGC,0,599500
araCp,0.5,1,1,GTGACTAGGGTCTAGGCCGC,0,589839
araCp,0.5,1,1,GTGACTAGGCAGACGCCCAG,0,536971
araCp,0.5,1,1,GTGACCAAGGGGCACTTAAC,0,569454
araCp,0.5,1,1,GTGACAGAACTGACGCAATA,0,567322
araCp,0.5,1,1,GTGAATCAACAGGAACCCTG,0,547351
araCp,0.5,1,1,GTGAAGGCGGGGCAAACAGT,0,579929
araCp,0.5,1,1,GTGAACCGGGATGTATAGTA,0,560535
araCp,0.5,1,1,GTGAAAGATGCAGCGGCAGT,0,568582
araCp,0.5,1,1,GTCTTTCTCGGCAGGCAGTT,0,590210
araCp,0.5,1,1,GTCTTGTGTTCACCGAATCC,0,573429
araCp,0.5,1,1,GTCTTCGAGGGCCGCGAGTT,0,603290
araCp,0.5,1,1,GTCTTATGGCTTCCTGATAA,0,529528
araCp,0.5,1,1,GTCTGTCGCAATCAGGCCAC,0,564217
araCp,0.5,1,1,GTCTGTAATCATTTTTGATA,0,569975
araCp,0.5,1,1,GTCTGGCCATTAGAACATAC,0,570659
araCp,0.5,1,1,GTCTGCTTAGCGATAGACAG,0,573254
araCp,0.5,1,1,GTCTGCGTAAGTAGGTTCTG,0,541868
araCp,0.5,1,1,GTCTGCCGGGAGGTGGTTAT,0,567955
araCp,0.5,1,1,GTCTGCATCCGCCCTCATGG,0,592380
araCp,0.5,1,1,GTCTCTAAGGCGTTTCGGTC,0,559124
araCp,0.5,1,1,GTCTCCTTCATCGCCAGAAA,0,581241
araCp,0.5,1,1,GTCTCCCAGCGCCGTATAAA,0,570267
araCp,0.5,1,1,GTCTATACGTAGAAGCCTGT,0,552803
araCp,0.5,1,1,GTCTATACACAGCACAACTT,0,577347
araCp,0.5,1,1,GTCTACTTCCTTCTTATTCG,0,534592
araCp,0.5,1,1,GTCTACGTCACAGCGATGTC,0,557474
araCp,0.5,1,1,GTCTAACATGGAACGGAGAA,0,557666
araCp,0.5,1,1,GTCGGTATGCGTTGGGTGCA,0,597595
araCp,0.5,1,1,GTCGGGAAACACGCTCGATT,0,532156
araCp,0.5,1,1,GTCGGCTTATAGGAACACTC,0,592644
araCp,0.5,1,1,GTCGGCGGCGTCTAAGCAGA,0,549177
araCp,0.5,1,1,GTCGGCCGCGGTAGATGCTC,0,531046
araCp,0.5,1,1,GTCGGCAATCAGGGCTCAAA,0,554096
araCp,0.5,1,1,GTCGGATTCGGGTTTGGTTT,0,602883
araCp,0.5,1,1,GTCGCGGAAATCCCTACGGA,0,541486
araCp,0.5,1,1,GTCGCCTTCAGCCCTGTTTA,0,527537
araCp,0.5,1,1,GTCGCCTTATATTCGCAATT,0,589707
araCp,0.5,1,1,GTCGATTTGTGTTAAATGAC,0,549001
araCp,0.5,1,1,GTCGAGCATGGCAAAGCTAG,0,538038
araCp,0.5,1,1,GTCGAGAGTACTTGAAGGTT,0,579989
araCp,0.5,1,1,GTCCTTGTTTCCAGTACACA,0,595456
araCp,0.5,1,1,GTCCTTCCAACAATGTGTAG,0,590979
araCp,0.5,1,1,GTCCTTATCGCGTAGGCTCA,0,538738
araCp,0.5,1,1,GTCCTGAATACGGCCAACTG,0,569118
araCp,0.5,1,1,GTCCTCTTTCGTTTAAATGT,0,572907
araCp,0.5,1,1,GTCCTCTTAGGATCGCTAGC,0,558864
araCp,0.5,1,1,GTCCGTCTTAACTAAAGCCT,0,540762
araCp,0.5,1,1,GTCCGCACGGTCTGGTTTTA,0,557978
araCp,0.5,1,1,GTCCGAATGCGCCGTGGGGT,0,527205
araCp,0.5,1,1,GTCCCTCTTGCGACCCTCAG,0,572572
araCp,0.5,1,1,GTCCCCTTCACAAAGACATG,0,546303
araCp,0.5,1,1,GTCCCCGCTTCAATAGATAA,0,579797
araCp,0.5,1,1,GTCCCCACCTGGGAGATTGC,0,582611
araCp,0.5,1,1,GTCCAGACTTGTGGTGTTGA,0,541848
araCp,0.5,1,1,GTCCAGACAGCCATCTCAAG,0,562325
araCp,0.5,1,1,GTCCACTAAGCATGGCTTAG,0,533357
araCp,0.5,1,1,GTCCACCGACACACCGGGCA,0,542906
araCp,0.5,1,1,GTCATTTGTGCTTGAGCCGT,0,529277
araCp,0.5,1,1,GTCATTATTTCGTAAGTTCC,0,549610
araCp,0.5,1,1,GTCATTACCCACAATCTAGA,0,558229
araCp,0.5,1,1,GTCATTAAAACGCTAGGTAC,0,556272
araCp,0.5,1,1,GTCATGAAATGCAGCGTAAG,0,553830
araCp,0.5,1,1,GTCATCCCGCGGGTACTCTC,0,590450
araCp,0.5,1,1,GTCATCAGACCTTTGTCTAA,0,592823
araCp,0.5,1,1,GTCATAGGCCGTATGGGTCC,0,527126
araCp,0.5,1,1,GTCATAGCTACCACTTTGTC,0,569912
araCp,0.5,1,1,GTCAGGCATTAAAGTGCCCA,0,578153
araCp,0.5,1,1,GTCAGCCGTGTGTCGCTTTA,0,589420
araCp,0.5,1,1,GTCAGATTGGATGCAAGAAG,0,595682
araCp,0.5,1,1,GTCAGACTACCCTTAGTGTA,0,561362
araCp,0.5,1,1,GTCAGACATCTCTAGGGCTG,0,567450
araCp,0.5,1,1,GTCAGACAGGCGATGCTGTT,0,526925
araCp,0.5,1,1,GTCACTTCGAAAGGGAGCAG,0,599150
araCp,0.5,1,1,GTCACGGGGGCGTCGGAGGT,0,571986
araCp,0.5,1,1,GTCACGGCGCCACAATGAGC,0,560985
araCp,0.5,1,1,GTCACGCCGTTCTGTGGGAC,0,563733
araCp,0.5,1,1,GTCAATTGTAGGCAATATTA,0,535410
araCp,0.5,1,1,GTCAATTGCAAGCTGGCCGT,0,551414
araCp,0.5,1,1,GTCAATGCTGATTGCCTCAG,0,567086
araCp,0.5,1,1,GTCAACTGGGCAAAGAGTTA,0,525817
araCp,0.5,1,1,GTCAACGGGGGCCAGGAATA,0,567574
araCp,0.5,1,1,GTCAACCGACGCTAACGTAC,0,552243
araCp,0.5,1,1,GTCAAATGATTTCCTAACAG,0,582322
araCp,0.5,1,1,GTCAAATATACGTCCAGGGC,0,601297
araCp,0.5,1,1,GTCAAACTACTATCTTCCCT,0,534929
araCp,0.5,1,1,GTATTCGGGAGACAACCAAT,0,547923
araCp,0.5,1,1,GTATTCGCAATATGGAATTT,0,527815
araCp,0.5,1,1,GTATTCAACTAAATAGTGGA,0,526673
araCp,0.5,1,1,GTATTATGGGCGTCAATCGC,0,553595
araCp,0.5,1,1,GTATGTTCAGAAGTCCGCCC,0,592528
araCp,0.5,1,1,GTATGTCCAAGGCTAATGGT,0,558904
araCp,0.5,1,1,GTATGTACCTGTGGATTCGA,0,579177
araCp,0.5,1,1,GTATGCGGACCGCGCTCGTC,0,588657
araCp,0.5,1,1,GTATCTTGTTAGACGGTGGC,0,565384
araCp,0.5,1,1,GTATCTTCCATGATACCTAA,0,558549
araCp,0.5,1,1,GTATCTGAGTTGATCATATG,0,589503
araCp,0.5,1,1,GTATCTAATATACGGTTAGC,0,568998
araCp,0.5,1,1,GTATCGTTTCCCAAGGATCT,0,558177
araCp,0.5,1,1,GTATCCCTTATGGTTGGCAG,0,557111
araCp,0.5,1,1,GTATCAGTATCTCGATTAAA,0,590582
araCp,0.5,1,1,GTATCACGCTGATGGTTAAA,0,583341
araCp,0.5,1,1,GTATATAGTAGTTCATGCCC,0,540942
araCp,0.5,1,1,GTATATAAGTTGGAAGAGGT,0,574535
araCp,0.5,1,1,GTATAGTAGAAGCCTAACAG,0,590452
araCp,0.5,1,1,GTATAGATATATAACGATAT,0,571244
araCp,0.5,1,1,GTATAGAGCGTCGGACAGGA,0,545390
araCp,0.5,1,1,GTAGTGCACCCAATCTGAAA,0,556013
araCp,0.5,1,1,GTAGTCCGCGAATGGGATAG,0,571102
araCp,0.5,1,1,GTAGTATATTGACCGCGCTT,0,593365
araCp,0.5,1,1,GTAGTAGGGAAAGGTGCGAA,0,557943
araCp,0.5,1,1,GTAGGAGTTGACCGGACAAT,0,570614
araCp,0.5,1,1,GTAGGAGCCACTGCAGTCTA,0,539442
araCp,0.5,1,1,GTAGGACATCGGTAACCTAG,0,546210
araCp,0.5,1,1,GTAGCTCCGGGTAGCCCCGC,0,529967
araCp,0.5,1,1,GTAGCGTCAACAAAGGGTCA,0,576153
araCp,0.5,1,1,GTAGCGGCCACTCCTAATGA,0,563085
araCp,0.5,1,1,GTAGCCGTAATTCTCGGATC,0,598468
araCp,0.5,1,1,GTAGCCGGCCAATTCTTGGT,0,536880
araCp,0.5,1,1,GTAGCCATGGGAAGGATAGC,0,580706
araCp,0.5,1,1,GTAGCAACCTTTAAGCGCCC,0,586195
araCp,0.5,1,1,GTAGAGGCTAAACCCCTGCA,0,580683
araCp,0.5,1,1,GTAGAGGAGATGCGTATGTG,0,573576
araCp,0.5,1,1,GTAGAAAAGTTAACAACACA,0,579082
araCp,0.5,1,1,GTACTTTGCACACTGCACTC,0,531237
araCp,0.5,1,1,GTACTTGGGATAAGTCGCCC,0,582900
araCp,0.5,1,1,GTACTGGGCATCTAGGTCCA,0,598668
araCp,0.5,1,1,GTACGTTTTACCGTAACCGG,0,548622
araCp,0.5,1,1,GTACGTCGCGGACACAGGGA,0,534968
araCp,0.5,1,1,GTACGTCGAATGCATCGTCC,0,540501
araCp,0.5,1,1,GTACGGGCACTAGATAAGAT,0,539496
araCp,0.5,1,1,GTACGGGCAAGTCCCGACCA,0,526561
araCp,0.5,1,1,GTACGCGGCAATCAGGGATC,0,534698
araCp,0.5,1,1,GTACCTGCAAGATCTCCTCT,0,580792
araCp,0.5,1,1,GTACCCGCTCCTCTTAGGTG,0,556183
araCp,0.5,1,1,GTACATTTCCCGGATGCTCA,0,602187
araCp,0.5,1,1,GTACATGTAGATGTCATCAC,0,542585
araCp,0.5,1,1,GTACATAGATATCCATGCAG,0,560117
araCp,0.5,1,1,GTACAGTTTCCGACCAGAGA,0,541791
araCp,0.5,1,1,GTACAGGATTGGTTGCGTTG,0,548826
araCp,0.5,1,1,GTACACTGGGTCCGCAGTGT,0,571863
araCp,0.5,1,1,GTAATTCTTATTTGGGGCTA,0,527702
araCp,0.5,1,1,GTAATTCCTTATATCTACTT,0,533266
araCp,0.5,1,1,GTAATGTGTTGGAAAACGTG,0,535724
araCp,0.5,1,1,GTAATCAACCCGATCCCGGC,0,560526
araCp,0.5,1,1,GTAATATGATTGGTTACAAC,0,594525
araCp,0.5,1,1,GTAAGCGTTCGCGACGTGAT,0,578284
araCp,0.5,1,1,GTAAGCGTGCGATGTAGTTC,0,565401
araCp,0.5,1,1,GTAAGCCGGATACATAGAGT,0,594145
araCp,0.5,1,1,GTAAGAATTTGCCTTTCATA,0,602707
araCp,0.5,1,1,GTAAAGGTACGAAAAGGCCG,0,545218
araCp,0.5,1,1,GGTTTTTGATTTACTAAAAA,0,526076
araCp,0.5,1,1,GGTTTCGTAGCGGTATGAAG,0,542922
araCp,0.5,1,1,GGTTTATCATCGGGTTTGGT,0,566263
araCp,0.5,1,1,GGTTTAGGGGTCGCGGCGCC,0,564961
araCp,0.5,1,1,GGTTTAGCTCTCGGAGAGGA,0,602118
araCp,0.5,1,1,GGTTGTGGCAGTTTTAAGGA,0,566080
araCp,0.5,1,1,GGTTGTAAGTTATTAGTGTA,0,588674
araCp,0.5,1,1,GGTTGGCGTATTTGCGAGCC,0,573577
araCp,0.5,1,1,GGTTGGATAGTAATCGCCGT,0,567576
araCp,0.5,1,1,GGTTGAGCACTCTACCCCCC,0,545994
araCp,0.5,1,1,GGTTCTATGAAAAACGCGCG,0,586176
araCp,0.5,1,1,GGTTCCTTCCCGATTGCTCC,0,548702
araCp,0.5,1,1,GGTTCCTCGGTGCTACTGCG,0,583928
araCp,0.5,1,1,GGTTCCTCATCGTTTCGATC,0,543489
araCp,0.5,1,1,GGTTCATATCGCCAGAGAGA,0,564449
araCp,0.5,1,1,GGTTATCCGCACCTACGTGA,0,536564
araCp,0.5,1,1,GGTTAAGCCGGGATTGTGAG,0,536449
araCp,0.5,1,1,GGTTAACCGAATCCCAGCAT,0,593896
araCp,0.5,1,1,GGTTAACATAAGTACACTAA,0,535706
araCp,0.5,1,1,GGTTAAAGCAAGTTGGTCAG,0,596103
araCp,0.5,1,1,GGTTAAAGACCGCTCGGGCA,0,577417
araCp,0.5,1,1,GGTGTGGGCGGAGCTCCTTA,0,531160
araCp,0.5,1,1,GGTGTATAGGCACAGCTGGT,0,560922
araCp,0.5,1,1,GGTGTAGCATCTTTTGATTA,0,545530
araCp,0.5,1,1,GGTGTACACACACCCTATCC,0,601227
araCp,0.5,1,1,GGTGGTGCCAAGCTGCTATG,0,552484
araCp,0.5,1,1,GGTGGTATCGCTCTGGGGGA,0,544137
araCp,0.5,1,1,GGTGGCGTGCGTCCACGATG,0,581120
araCp,0.5,1,1,GGTGGCCAATCTAAAGCCTT,0,541249
araCp,0.5,1,1,GGTGCGCGTCATTTCGAGAA,0,533548
araCp,0.5,1,1,GGTGCCTGAAGAAGATTAAA,0,527876
araCp,0.5,1,1,GGTGCCCCGCTCCAATATTT,0,545293
araCp,0.5,1,1,GGTGCCCATACACGATACTG,0,530195
araCp,0.5,1,1,GGTGATTGGTCCTCTGACGA,0,527024
araCp,0.5,1,1,GGTGATGGGGATGAGCAACT,0,547036
araCp,0.5,1,1,GGTGAGTACTAGAGAGTGCA,0,544677
araCp,0.5,1,1,GGTGAAAATTTATGGTATGC,0,541154
araCp,0.5,1,1,GGTCTCACGGTGACACGATG,0,564939
araCp,0.5,1,1,GGTCTAAATGGTGGCGGGAA,0,559760
araCp,0.5,1,1,GGTCGGTTGTACGGGCAATT,0,575271
araCp,0.5,1,1,GGTCGGCTTCGCTCGCGTGT,0,534672
araCp,0.5,1,1,GGTCGCACGCGGTCCCCCTA,0,528684
araCp,0.5,1,1,GGTCGAACCATGTGGCTTGG,0,531587
araCp,0.5,1,1,GGTCCTGTTTCCGGGATATT,0,555573
araCp,0.5,1,1,GGTCCGAGTGTCTAACTTAG,0,552906
araCp,0.5,1,1,GGTCCAAATTCAGGATCATT,0,530115
araCp,0.5,1,1,GGTCATACTTACGCTGTATG,0,589174
araCp,0.5,1,1,GGTCAGCTGGTCCACTCGGT,0,566316
araCp,0.5,1,1,GGTCACTGGGGTTGAATTCT,0,544446
araCp,0.5,1,1,GGTCACGGTGATATCGCTTT,0,587598
araCp,0.5,1,1,GGTCAAACCGGGCGGTAGGA,0,563873
araCp,0.5,1,1,GGTATTTTTATAGGGATACT,0,541284
araCp,0.5,1,1,GGTATTAAGACAAGGGCCTC,0,534965
araCp,0.5,1,1,GGTATGGGGAGTTTGACTTG,0,598451
araCp,0.5,1,1,GGTATCGCACGGTGCCGTCT,0,529734
araCp,0.5,1,1,GGTATACTTTGAGCCAGGGT,0,600718
araCp,0.5,1,1,GGTAGTTCTACCCCCCTGCA,0,591189
araCp,0.5,1,1,GGTAGTGACTTTAGCTGAAG,0,557804
araCp,0.5,1,1,GGTAGCTCATCATGAGGCGT,0,583413
araCp,0.5,1,1,GGTAGAGCCCACTGTCCGAT,0,582913
araCp,0.5,1,1,GGTACTTCGGTCTGGTTCCT,0,529173
araCp,0.5,1,1,GGTACGAGGCACGCGAGCCA,0,599358
araCp,0.5,1,1,GGTACATTGAGTGAGTCGGT,0,594949
araCp,0.5,1,1,GGTACAGCGGGTGTTGAGCT,0,556545
araCp,0.5,1,1,GGTACACCCTTCACGATATC,0,546715
araCp,0.5,1,1,GGTAATCACAGAACAGGCTA,0,562072
araCp,0.5,1,1,GGTAAGTGTCAAATTCTAAA,0,570343
araCp,0.5,1,1,GGTAAGAGACCGGAAATGAG,0,528371
araCp,0.5,1,1,GGTAAAGTACCGATAAGTTC,0,593514
araCp,0.5,1,1,GGTAAACCTACCATGAGCAA,0,542196
araCp,0.5,1,1,GGGTTTCCAAAGGCCTGTGT,0,577230
araCp,0.5,1,1,GGGTTGGCCTTACTTCGCGG,0,554590
araCp,0.5,1,1,GGGTTGAATGCGAAACGCGT,0,544986
araCp,0.5,1,1,GGGTTCTTCTATCATATATG,0,584615
araCp,0.5,1,1,GGGTTCGGCGTGGTTGTATG,0,600849
araCp,0.5,1,1,GGGTTCGGCAACAACTGTCT,0,586401
araCp,0.5,1,1,GGGTGTTTCCGGCTCGCCTC,0,583222
araCp,0.5,1,1,GGGTGTCGGACTCTTTCAGA,0,572515
araCp,0.5,1,1,GGGTGCTACGCACCTGGACT,0,528019
araCp,0.5,1,1,GGGTCTTTCGTCAATAAACT,0,596372
araCp,0.5,1,1,GGGTCAGGTTTTTATCGGTT,0,530898
araCp,0.5,1,1,GGGTATCAGGGGGAGTTCTC,0,585855
araCp,0.5,1,1,GGGTATCACCGCTCGATACT,0,581507
araCp,0.5,1,1,GGGTAATCTCTCAACCGTTT,0,539852
araCp,0.5,1,1,GGGTAAAGCACCAATGTGGC,0,578837
araCp,0.5,1,1,GGGGTTGTGGCTTCTTAATT,0,535900
araCp,0.5,1,1,GGGGTTAAGAGTCCGTACGA,0,546225
araCp,0.5,1,1,GGGGTTAAATCGAGAGGCGG,0,549533
araCp,0.5,1,1,GGGGTACGGGGGCACGCATT,0,547346
araCp,0.5,1,1,GGGGTAATCGCTACTCTCAC,0,551407
araCp,0.5,1,1,GGGGGTCCCCCATTTGCGAC,0,531618
araCp,0.5,1,1,GGGGGGTTGGCCGTTAGACT,0,527995
araCp,0.5,1,1,GGGGGGCCTGGGAAGGTTTT,0,526877
araCp,0.5,1,1,GGGGGCTGCACACACTTCAT,0,603586
araCp,0.5,1,1,GGGGGCGAGGGGATGTTAGT,0,546980
araCp,0.5,1,1,GGGGGCCTGGAATGTGGTGG,0,544473
araCp,0.5,1,1,GGGGGCCGGAGCGAGACAAG,0,536882
araCp,0.5,1,1,GGGGGAATGATGTGTAGATG,0,587828
araCp,0.5,1,1,GGGGCTTATCAATCGGTTAG,0,534169
araCp,0.5,1,1,GGGGCCACACCCATTTCTGG,0,584717
araCp,0.5,1,1,GGGGATCGGATCCGGAGGAT,0,548227
araCp,0.5,1,1,GGGGACCGTTTGTTGGCGAG,0,570463
araCp,0.5,1,1,GGGGAACCTTTACGAGAATG,0,587932
araCp,0.5,1,1,GGGCTTGACACCAACTCTAT,0,602035
araCp,0.5,1,1,GGGCTGCCCAACACAGCGTA,0,574109
araCp,0.5,1,1,GGGCTGCATTGTGACTTCCT,0,566155
araCp,0.5,1,1,GGGCTGATGATGGTTTGTCA,0,548370
araCp,0.5,1,1,GGGCTCCACATGAAGCTTCA,0,590662
araCp,0.5,1,1,GGGCGTAAGGCACCCCAAGG,0,551881
araCp,0.5,1,1,GGGCGGCCATGTGGCTAGAT,0,555255
araCp,0.5,1,1,GGGCGCTCCCAGCCTTTGCC,0,560458
araCp,0.5,1,1,GGGCGCGCAGACACGTAACC,0,576662
araCp,0.5,1,1,GGGCCTTGACCTCTTCTGCC,0,589130
araCp,0.5,1,1,GGGCCTCTCCGATGACGTCA,0,589083
araCp,0.5,1,1,GGGCCGATGTCTGAATAAGA,0,530259
araCp,0.5,1,1,GGGCAGTCAAGATTCGGAAC,0,540475
araCp,0.5,1,1,GGGCAGGACCGTCGAATATA,0,592072
araCp,0.5,1,1,GGGCAGATACTCCTCCTGAT,0,552758
araCp,0.5,1,1,GGGCACTCAGCATCATGCTC,0,572935
araCp,0.5,1,1,GGGCACAAAACACTGGTACC,0,542795
araCp,0.5,1,1,GGGATTATGTATCCACGGGT,0,557541
araCp,0.5,1,1,GGGATCTAAAGCCGCGTGTG,0,599126
araCp,0.5,1,1,GGGATCACTGAATTTGGTTG,0,595834
araCp,0.5,1,1,GGGATAAACCAACGGGGTTT,0,557769
araCp,0.5,1,1,GGGAGTTCCTTTCCAAGTAC,0,570356
araCp,0.5,1,1,GGGAGCAACCAGCGGGCCAT,0,529200
araCp,0.5,1,1,GGGACTTGGTTGCACTCTAA,0,581577
araCp,0.5,1,1,GGGACTGACGTCGGAAGCGG,0,596798
araCp,0.5,1,1,GGGAACTCAGTGTACCATGG,0,598197
araCp,0.5,1,1,GGGAACGGCCCCACTCACAC,0,592347
araCp,0.5,1,1,GGCTTTTATTTATGCATTTA,0,544584
araCp,0.5,1,1,GGCTTCCCCCATTAACGGGA,0,548231
araCp,0.5,1,1,GGCTTATTGCACATCGCCAG,0,596285
araCp,0.5,1,1,GGCTGTAGGTGTCGTCAATG,0,588599
araCp,0.5,1,1,GGCTGGGAAAATACTACATG,0,544529
araCp,0.5,1,1,GGCTGCTGGTTACTAAGCCC,0,591821
araCp,0.5,1,1,GGCTGCGTCTCGATTAATGC,0,531697
araCp,0.5,1,1,GGCTCAGCCACTTCTTCTCA,0,554725
araCp,0.5,1,1,GGCTATCTCGAGCGATGGAG,0,537034
araCp,0.5,1,1,GGCTAGGTCCATAATCTATC,0,596232
araCp,0.5,1,1,GGCTACGACACCCTTAACAT,0,572240
araCp,0.5,1,1,GGCTACAAGTATGGCTCGGA,0,545918
araCp,0.5,1,1,GGCTAACTGGCGTTGAGTCG,0,581360
araCp,0.5,1,1,GGCGTGTAACATATAATAGT,0,593420
araCp,0.5,1,1,GGCGTGCTATTTTCTTATTC,0,557872
araCp,0.5,1,1,GGCGTCTAAGTGACAGAAGA,0,561309
araCp,0.5,1,1,GGCGTATCATCGAGTAAGGG,0,566340
araCp,0.5,1,1,GGCGTATATTAGCAACAGCC,0,564565
araCp,0.5,1,1,GGCGTACAGGGGTTAATTGA,0,527283
araCp,0.5,1,1,GGCGTAACATCTTACAATAT,0,553719
araCp,0.5,1,1,GGCGGTTGAGCGCCAGATTT,0,565685
araCp,0.5,1,1,GGCGGTGTTTAACCCAGGGT,0,526464
araCp,0.5,1,1,GGCGGCTGGCTAAAAGTGTC,0,594285
araCp,0.5,1,1,GGCGGCCCCTTTTGTTGGAA,0,596775
araCp,0.5,1,1,GGCGGCATGGCTGGGCACGT,0,563337
araCp,0.5,1,1,GGCGCCATTGCGTCCAGCTC,0,540171
araCp,0.5,1,1,GGCGCCATTAACTTGGCGTA,0,529338
araCp,0.5,1,1,GGCGAGTAAAAAGTCATGTG,0,533149
araCp,0.5,1,1,GGCGACGGCCTTCTATTCTT,0,550782
araCp,0.5,1,1,GGCGACACAGTGGCTAATCG,0,540528
araCp,0.5,1,1,GGCGAAGCTAATAACGGGCG,0,548007
araCp,0.5,1,1,GGCCTTTGGATTGTTTGACC,0,531961
araCp,0.5,1,1,GGCCTGAATAATAGTACGTT,0,585506
araCp,0.5,1,1,GGCCGGGCGTTGGAATTGTC,0,573773
araCp,0.5,1,1,GGCCGGAAGTAGCAATTGCG,0,527588
araCp,0.5,1,1,GGCCGATTACGGAGCTGCCC,0,533538
araCp,0.5,1,1,GGCCGATGGTACCGGTATAG,0,532268
araCp,0.5,1,1,GGCCGAGGTAGACACGATTC,0,591527
araCp,0.5,1,1,GGCCCTCGACACGTGGTGCC,0,571732
araCp,0.5,1,1,GGCCCGTCCAGAGGGTTTTG,0,603569
araCp,0.5,1,1,GGCCCGAGTTCCTTCCGACT,0,571490
araCp,0.5,1,1,GGCCCCAATTAGCTATCAAT,0,582359
araCp,0.5,1,1,GGCCCAAGGTGAGCAGTCGT,0,561209
araCp,0.5,1,1,GGCCACCGACAATTGCATTG,0,556985
araCp,0.5,1,1,GGCCACAAGGACGCTTCTAT,0,526456
araCp,0.5,1,1,GGCATGCCTGTTATCTACTC,0,579731
araCp,0.5,1,1,GGCATACTACGAAGGTGTAA,0,587498
araCp,0.5,1,1,GGCAGTCCCCTACGCCAAGT,0,571980
araCp,0.5,1,1,GGCAGGTCTGTTGACTCTGC,0,535089
araCp,0.5,1,1,GGCAGAGTTGCAGATTGTTC,0,546054
araCp,0.5,1,1,GGCAGACCAAGAACCTAACG,0,590325
araCp,0.5,1,1,GGCAGAATACACAGAGCTTC,0,574885
araCp,0.5,1,1,GGCACTGCCTTCACCAGGCG,0,528379
araCp,0.5,1,1,GGCACTCGCAGGAACATAAC,0,578263
araCp,0.5,1,1,GGCACGCGTTTCGTCAAAGC,0,536372
araCp,0.5,1,1,GGCACCTCTACTTGTTTCGG,0,547090
araCp,0.5,1,1,GGCACCGGGTTCAAACGGCC,0,567287
araCp,0.5,1,1,GGCACCGCCCTCTTGATAGT,0,561257
araCp,0.5,1,1,GGCAATGAATCACTCATTTA,0,575639
araCp,0.5,1,1,GGCAATCAGGGTCTGGTTTC,0,539312
araCp,0.5,1,1,GGCAAACAAAAAACCCTCCT,0,591077
araCp,0.5,1,1,GGCAAAAGGAGCCCTTTATG,0,529621
araCp,0.5,1,1,GGATTTCCAAGTTGCCTGGC,0,596323
araCp,0.5,1,1,GGATTGGATGAGGCGCGCAA,0,560941
araCp,0.5,1,1,GGATTACCTGTTGCCCCAAC,0,557009
araCp,0.5,1,1,GGATGTGACGGTAATGAGTT,0,545558
araCp,0.5,1,1,GGATGGATCCCAGCGGTGCA,0,582335
araCp,0.5,1,1,GGATGCTCAATATCCGATTT,0,567230
araCp,0.5,1,1,GGATCTCGTCTCCCCCCCTC,0,595094
araCp,0.5,1,1,GGATCGCTGTCGCGCACGAA,0,538903
araCp,0.5,1,1,GGATCAATTTCAACAAGGCA,0,549475
araCp,0.5,1,1,GGATATTGCGTTTCGAGGAC,0,600131
araCp,0.5,1,1,GGATATTAAGGAATCGTTGG,0,561952
araCp,0.5,1,1,GGATATGGTCCCCAGACACG,0,599221
araCp,0.5,1,1,GGATACCGGGAACTGACACT,0,602201
araCp,0.5,1,1,GGAGTTTATAAGAGGATAAG,0,580110
araCp,0.5,1,1,GGAGTTCATCACAAAATAAC,0,584363
araCp,0.5,1,1,GGAGTCTGCATGGTAAATGC,0,591589
araCp,0.5,1,1,GGAGTATCAACTGATCGCCG,0,538748
araCp,0.5,1,1,GGAGTAGGGACAGGGAGGTC,0,553798
araCp,0.5,1,1,GGAGTACGTCACATACAGAA,0,559172
araCp,0.5,1,1,GGAGGTTTGCCAGTGGATAA,0,587485
araCp,0.5,1,1,GGAGGTTAGTTACCGGGGCT,0,529463
araCp,0.5,1,1,GGAGGTGATTTACTTATTGC,0,536707
araCp,0.5,1,1,GGAGGGCATCTCGTACCTCC,0,532384
araCp,0.5,1,1,GGAGGCCGGATACGGTCGTT,0,551686
araCp,0.5,1,1,GGAGCTAACTCGGTGTGGTC,0,576579
araCp,0.5,1,1,GGAGCCGCTCAACACATACT,0,583307
araCp,0.5,1,1,GGAGCATCGGGGAATTAGTA,0,592083
araCp,0.5,1,1,GGAGCACTTACGACCAGCGA,0,578650
araCp,0.5,1,1,GGAGCAAGGGCGGGGAGAGC,0,525769
araCp,0.5,1,1,GGAGAGTATTGTAATTGGTC,0,598800
araCp,0.5,1,1,GGAGAGGGGCTCTGTTTTGC,0,596409
araCp,0.5,1,1,GGAGAGGGGAGATCAGGGAG,0,560924
araCp,0.5,1,1,GGACTTGCTCAACCATAACT,0,561746
araCp,0.5,1,1,GGACTCCATAGTTAAGCTCC,0,579858
araCp,0.5,1,1,GGACGGGCGAACGAGATGAG,0,595552
araCp,0.5,1,1,GGACGATTGCAGGTCGTGTG,0,552363
araCp,0.5,1,1,GGACCTGCGCATGGCAATAT,0,552226
araCp,0.5,1,1,GGACCGTCAAGCAAACTAAT,0,554105
araCp,0.5,1,1,GGACCGGTGGGGGGGGTCTA,0,587748
araCp,0.5,1,1,GGACCGATAAAAAAGCAGTG,0,546794
araCp,0.5,1,1,GGACCGAGCACTATTAGATG,0,529688
araCp,0.5,1,1,GGACCATAGCTACTTATATC,0,558626
araCp,0.5,1,1,GGACCACAAAATCAGGAGAA,0,554015
araCp,0.5,1,1,GGACCAAAAATAGTTAGCAG,0,537983
araCp,0.5,1,1,GGACAGCCATTCACTTCTTT,0,548891
araCp,0.5,1,1,GGACACTGGCCGACCCACTT,0,550478
araCp,0.5,1,1,GGACAATGAATGAGTTACAG,0,534514
araCp,0.5,1,1,GGACAATAGTCAAATACGTA,0,547376
araCp,0.5,1,1,GGAATTAGCGTAAGGTGAGA,0,574704
araCp,0.5,1,1,GGAATGTCGATCGTCTTTCG,0,599796
araCp,0.5,1,1,GGAATATTTATTATGTGGGG,0,595666
araCp,0.5,1,1,GGAATATCGCCCAAAGCGAG,0,592778
araCp,0.5,1,1,GGAATAGAAGACGCGTGGGG,0,563467
araCp,0.5,1,1,GGAATACATGACGACATCTC,0,562937
araCp,0.5,1,1,GGAAGTTAGGGGGCAATCTA,0,578103
araCp,0.5,1,1,GGAAGCCACATTCAGACCCA,0,555479
araCp,0.5,1,1,GGAAGAGCGACTGCTACTGC,0,564433
araCp,0.5,1,1,GGAAAGCGCGATGCGGTACA,0,556190
araCp,0.5,1,1,GGAAAGCAGACAATCTTGGT,0,589146
araCp,0.5,1,1,GGAAAAACATCATCAAGACT,0,562293
araCp,0.5,1,1,GCTTTGACTACTAATGTGAC,0,528490
araCp,0.5,1,1,GCTTTGAAGTGGTAGGACTT,0,584107
araCp,0.5,1,1,GCTTTCTGGCGAACGAAGGT,0,545323
araCp,0.5,1,1,GCTTTATTATTGGCATCCTC,0,602731
araCp,0.5,1,1,GCTTTAGGAACGCCCGACAT,0,566223
araCp,0.5,1,1,GCTTGGTACGGCAGGTGGCA,0,553142
araCp,0.5,1,1,GCTTGATCCGAGGGCCTTTC,0,547138
araCp,0.5,1,1,GCTTGAAGAACACGCCGCTA,0,582632
araCp,0.5,1,1,GCTTCCTGTTCCCGTAGAGC,0,530804
araCp,0.5,1,1,GCTTCCCTACGTCATATTGT,0,598547
araCp,0.5,1,1,GCTTACTTTTGTGAATTGCT,0,580053
araCp,0.5,1,1,GCTTACTGTTTCAAAATTCG,0,553140
araCp,0.5,1,1,GCTTACCTTTAATTCGAACT,0,550869
araCp,0.5,1,1,GCTGTTAAGCGAACGGTACC,0,579568
araCp,0.5,1,1,GCTGTCTGGTGAGAGGAACC,0,540122
araCp,0.5,1,1,GCTGTCGCCTATCGAACGTC,0,552407
araCp,0.5,1,1,GCTGTACTCTGATGGATTAT,0,534421
araCp,0.5,1,1,GCTGTACACAGAGCACAATT,0,537802
araCp,0.5,1,1,GCTGTAAGATTGCACGTATC,0,582575
araCp,0.5,1,1,GCTGGTTTGAGCACGCTTCA,0,584551
araCp,0.5,1,1,GCTGGTTCTGGACCCTCAGG,0,580700
araCp,0.5,1,1,GCTGGCATCTGTTCCGTAGA,0,597586
araCp,0.5,1,1,GCTGAGGGCTAGACCCTATT,0,553512
araCp,0.5,1,1,GCTGAGACTGTACTAATAGC,0,535149
araCp,0.5,1,1,GCTGAGACACGCGGATTAGT,0,558092
araCp,0.5,1,1,GCTGACCGCCTTGACTCATT,0,565841
araCp,0.5,1,1,GCTGACCCATTTGGAACTGG,0,580524
araCp,0.5,1,1,GCTGAACCGCCCCTCAATTC,0,589657
araCp,0.5,1,1,GCTCTGACGGCGTAACGTTT,0,549567
araCp,0.5,1,1,GCTCTATCTACAGATGCACG,0,556019
araCp,0.5,1,1,GCTCTAAGGATAGCCATAGC,0,578974
araCp,0.5,1,1,GCTCTAACCTCGTAACTAAC,0,562400
araCp,0.5,1,1,GCTCGTTTCCAGCAAGCTAC,0,572174
araCp,0.5,1,1,GCTCGTTACTCGACCCTTAG,0,585765
araCp,0.5,1,1,GCTCGGCCAGACTCATCACA,0,591119
araCp,0.5,1,1,GCTCGGACAACGTACGGTTG,0,591464
araCp,0.5,1,1,GCTCGCCTATGAGCCCTATA,0,593228
araCp,0.5,1,1,GCTCCGCCTCCGCCCGGTAT,0,602647
araCp,0.5,1,1,GCTCCGACTACATATCGGAC,0,551221
araCp,0.5,1,1,GCTCCCATGTCACGAGGGAA,0,585216
araCp,0.5,1,1,GCTCCAGCACTGTGACGCGC,0,602173
araCp,0.5,1,1,GCTCATACGGTAAGAATTTG,0,588503
araCp,0.5,1,1,GCTATGGCAATGCGGAAGGG,0,598255
araCp,0.5,1,1,GCTATGGATCCTCAGCTCGA,0,564382
araCp,0.5,1,1,GCTATCTCCATGGTCTGTAG,0,531290
araCp,0.5,1,1,GCTAGCGCCCACAATGCCCG,0,587764
araCp,0.5,1,1,GCTAGCATCAGCAGCATCAG,0,537214
araCp,0.5,1,1,GCTACGGCGGGCACCACTGG,0,594284
araCp,0.5,1,1,GCTACCCTATGGGATTAGCC,0,540595
araCp,0.5,1,1,GCTAAGGGCTTTGTCATCCA,0,527898
araCp,0.5,1,1,GCTAAAGTGGTCGTTGGGGA,0,557590
araCp,0.5,1,1,GCTAAAACAACCAACTCCGT,0,536739
araCp,0.5,1,1,GCGTTCTTCAAACGTCATGA,0,582804
araCp,0.5,1,1,GCGTTATTTGGGTACTATCA,0,536040
araCp,0.5,1,1,GCGTGCGCGACTGGACACTT,0,595986
araCp,0.5,1,1,GCGTCTCGACATAGGCACAG,0,564722
araCp,0.5,1,1,GCGTAGTTGACTCAAAGTGA,0,564729
araCp,0.5,1,1,GCGTAGCTACTCTGGTGGGG,0,600240
araCp,0.5,1,1,GCGTAGAGATATGTAGAAAA,0,562712
araCp,0.5,1,1,GCGGTGGGGGATCCGCTGTG,0,548959
araCp,0.5,1,1,GCGGTGGGATGCACCCCTAA,0,555804
araCp,0.5,1,1,GCGGTCATCTACGCGGAGAG,0,542620
araCp,0.5,1,1,GCGGTATAATGGCAATATGA,0,581409
araCp,0.5,1,1,GCGGTAGTCCAGCCACCGGG,0,532680
araCp,0.5,1,1,GCGGTACATAAAATGCGTAT,0,558271
araCp,0.5,1,1,GCGGGTTCGTATTATAGGCA,0,589640
araCp,0.5,1,1,GCGGGTGTGGCAATAAGATC,0,555901
araCp,0.5,1,1,GCGGGGTGCACATTCATACC,0,584554
araCp,0.5,1,1,GCGGGGAGAGGCACACGCGT,0,579282
araCp,0.5,1,1,GCGGGGAAATCGGTTTATGC,0,561470
araCp,0.5,1,1,GCGGCTTCATGGCTCATGAG,0,555388
araCp,0.5,1,1,GCGGCTAATTTCTAGGAACG,0,543370
araCp,0.5,1,1,GCGGCGTGGCCACCTTACGA,0,535069
araCp,0.5,1,1,GCGGCGCTCTTGGAGAAGGT,0,541951
araCp,0.5,1,1,GCGGCGCTATTGGCACGAGC,0,573287
araCp,0.5,1,1,GCGGCGAGCGAAAGGTGAGT,0,542935
araCp,0.5,1,1,GCGGCATTACTGGCATTATT,0,530390
araCp,0.5,1,1,GCGGCAGGTCTATAGTAGCT,0,533219
araCp,0.5,1,1,GCGGAGGTACGAATAATTCA,0,577397
araCp,0.5,1,1,GCGCTTTCTCCCGAGTCTGG,0,560737
araCp,0.5,1,1,GCGCTTTCAGCACCATATTA,0,568666
araCp,0.5,1,1,GCGCTTGTGGCAAGCTAAAC,0,560062
araCp,0.5,1,1,GCGCTGCCGGTTCGCTCGCC,0,585986
araCp,0.5,1,1,GCGCTACTAGGATTAGCACA,0,570449
araCp,0.5,1,1,GCGCGTTAAGTCTGTGATGC,0,588917
araCp,0.5,1,1,GCGCGGTCTCCTTGTTGAAA,0,532297
araCp,0.5,1,1,GCGCGGTCATGGCCAGAGTC,0,584859
araCp,0.5,1,1,GCGCGCTTAGCTGAACTACA,0,584620
araCp,0.5,1,1,GCGCGCGTTAATGGTCCATG,0,577023
araCp,0.5,1,1,GCGCAGGCGAGGTTGCGGCA,0,531707
araCp,0.5,1,1,GCGCAGGAGACATGAAAAAT,0,568486
araCp,0.5,1,1,GCGCAGCCCCATTCCTCTTG,0,537583
araCp,0.5,1,1,GCGCACGGAACGGCCTACGG,0,543206
araCp,0.5,1,1,GCGCACCTCCGATACTGTAA,0,585931
araCp,0.5,1,1,GCGCAAAAACGATTCCAGGT,0,559979
araCp,0.5,1,1,GCGATGCTTCCTCGTAGCGA,0,584406
araCp,0.5,1,1,GCGATCTGCGTCAGGTAGCT,0,586425
araCp,0.5,1,1,GCGAGCTGTCAGCCTGCCGT,0,577744
araCp,0.5,1,1,GCGAGAGAGAAGCACGTGTT,0,562296
araCp,0.5,1,1,GCGACCGGGAATTGGGCCGT,0,532447
araCp,0.5,1,1,GCGACCGAGGCTTACAACGT,0,544569
araCp,0.5,1,1,GCCTTGTTCGCCCTCGGCCC,0,559504
araCp,0.5,1,1,GCCTTCGCCGCACATCGGAT,0,549333
araCp,0.5,1,1,GCCTTATTCAGAGGTAGCCA,0,536422
araCp,0.5,1,1,GCCTTACTTCTCATCCCACC,0,600092
araCp,0.5,1,1,GCCTGGTGCCCAGAACCCCT,0,532745
araCp,0.5,1,1,GCCTGCCCGTTGGTTCGGCT,0,577722
araCp,0.5,1,1,GCCTCTCGGGCCTGAACCTG,0,532242
araCp,0.5,1,1,GCCTCATAGAGCGACCGATG,0,566076
araCp,0.5,1,1,GCCTCAACAATTCCGGCGGA,0,574127
araCp,0.5,1,1,GCCGTGTCGGTGCCGAGTCA,0,584252
araCp,0.5,1,1,GCCGTCCAGCACGGGTAGGA,0,588520
araCp,0.5,1,1,GCCGTCATGAAGCATTTCTT,0,560855
araCp,0.5,1,1,GCCGTCATACGTCACACGAC,0,600899
araCp,0.5,1,1,GCCGTACACGCCTGGCAGCG,0,578088
araCp,0.5,1,1,GCCGGTTGAAATCGCTTTAT,0,551435
araCp,0.5,1,1,GCCGGTAGACCGTGGGCGGA,0,593941
araCp,0.5,1,1,GCCGGATTACCGTACGATCG,0,525623
araCp,0.5,1,1,GCCGCGGTGCGTGGAGATCT,0,540547
araCp,0.5,1,1,GCCGCGCCAGGGCAATCCCA,0,599201
araCp,0.5,1,1,GCCGCACTGTACGCTTCCAT,0,588091
araCp,0.5,1,1,GCCGAAGGTTTAGCCTCGAT,0,568251
araCp,0.5,1,1,GCCCTTTTGCGACTCTTTAA,0,591237
araCp,0.5,1,1,GCCCTTATGTTGACTGGCTC,0,569311
araCp,0.5,1,1,GCCCTGACTAAGTATGAATA,0,589429
araCp,0.5,1,1,GCCCTAGCACCGCCTTGTCA,0,531486
araCp,0.5,1,1,GCCCGGGCTCATGTTTCTGG,0,548362
araCp,0.5,1,1,GCCCCGTGGGGCCGCACGAC,0,563140
araCp,0.5,1,1,GCCCCGATCATTTGGGACTT,0,567036
araCp,0.5,1,1,GCCCCCTCCACCCTTATATA,0,553770
araCp,0.5,1,1,GCCCCCGCAAAAGCAGCGGC,0,558496
araCp,0.5,1,1,GCCCCACTGAGTCCGGCGCT,0,532174
araCp,0.5,1,1,GCCCATTCCCCACCCCTACA,0,528638
araCp,0.5,1,1,GCCCAGAATCCCAGACTTTA,0,572963
araCp,0.5,1,1,GCCATTAGGGGGCACATCGA,0,530524
araCp,0.5,1,1,GCCATGTTACAGGTTTGTAT,0,584540
araCp,0.5,1,1,GCCATGGGCTTAGGCGGGGG,0,553054
araCp,0.5,1,1,GCCATCTATGCGCATATCGC,0,555076
araCp,0.5,1,1,GCCATATAACTGTGGAGATG,0,550020
araCp,0.5,1,1,GCCATACGATTCTAGTTTTT,0,602130
araCp,0.5,1,1,GCCAGTGGCTTGTCACGTTT,0,561801
araCp,0.5,1,1,GCCAGTCCGGTGACTCCTTT,0,564674
araCp,0.5,1,1,GCCAGCGTTGTCAACGTCTT,0,540806
araCp,0.5,1,1,GCCAGACCAGGAATCCTTAA,0,585933
araCp,0.5,1,1,GCCACTTAAGCCGGGCTCGT,0,575942
araCp,0.5,1,1,GCCACATGCGGTGGGATTGT,0,577156
araCp,0.5,1,1,GCCAATTAAGCGACCACTGT,0,596093
araCp,0.5,1,1,GCCAAGCCTTTCGCCAATCC,0,575121
araCp,0.5,1,1,GCATTTCTTACAACTGTCGG,0,547288
araCp,0.5,1,1,GCATTTCAACGAGTGAAAAC,0,583316
araCp,0.5,1,1,GCATTCACTGATCTCAGGGA,0,535094
araCp,0.5,1,1,GCATGTTACCGGTATCTGGA,0,597244
araCp,0.5,1,1,GCATGGGCCTTGAAAGGGAC,0,598727
araCp,0.5,1,1,GCATGGGCCTCGTGCTCGTC,0,541380
araCp,0.5,1,1,GCATGGGACTAGCAGGGTAT,0,578631
araCp,0.5,1,1,GCATGGCAGAATTGGGAACT,0,550384
araCp,0.5,1,1,GCATCTGACGACCGGTATTT,0,548529
araCp,0.5,1,1,GCATCTCCTATATTCTAATG,0,577164
araCp,0.5,1,1,GCATCTATGGTCCCAAAGAA,0,552754
araCp,0.5,1,1,GCATCTAAAGAGACCAGCTT,0,582324
araCp,0.5,1,1,GCATCCGGAGTATGAATAAC,0,586133
araCp,0.5,1,1,GCATCACGGTTACATGTCCA,0,599114
araCp,0.5,1,1,GCATATCACGGTCCTCTCTA,0,544646
araCp,0.5,1,1,GCATAGTCAGTCTGTGCCAA,0,575956
araCp,0.5,1,1,GCATACCTGACTTGATCCGT,0,574914
araCp,0.5,1,1,GCAGTCACTAAGACAACATA,0,541794
araCp,0.5,1,1,GCAGTAGACCCTCATAGTTG,0,583900
araCp,0.5,1,1,GCAGGTAGAACTGCTCAGCA,0,530236
araCp,0.5,1,1,GCAGGGGACTACAACTTGTT,0,530017
araCp,0.5,1,1,GCAGGCTGAGACCTACCAGT,0,533993
araCp,0.5,1,1,GCAGCTCGCGTACGGCTGGA,0,561913
araCp,0.5,1,1,GCAGCTCGAATGAGGGCGTC,0,572979
araCp,0.5,1,1,GCAGCAGCAAGGGAGATACC,0,599011
araCp,0.5,1,1,GCAGAGGATTTGTGCCCGTA,0,545161
araCp,0.5,1,1,GCAGACAAAAAGTCCAAGGA,0,601547
araCp,0.5,1,1,GCACTCTGGACTCTTATCGG,0,566443
araCp,0.5,1,1,GCACTCCGGCCGTTATTTGG,0,541786
araCp,0.5,1,1,GCACGTGCCTGCAACGATCT,0,547252
araCp,0.5,1,1,GCACGCGTTATAAGGTTAAT,0,538753
araCp,0.5,1,1,GCACGCGGTCTTGTACTAGC,0,567455
araCp,0.5,1,1,GCACGATTTATTACAAGACA,0,590067
araCp,0.5,1,1,GCACGAGATCTGACTACGGG,0,563294
araCp,0.5,1,1,GCACCGGGGTTACTTTGATT,0,573449
araCp,0.5,1,1,GCACCGAGTCCTTGTAAAAA,0,563822
araCp,0.5,1,1,GCACCCTCTTGGTGTTCGCT,0,582587
araCp,0.5,1,1,GCACCCGCATTTGGGATTGA,0,559531
araCp,0.5,1,1,GCACCCCCGCGGGGCTAGCA,0,572871
araCp,0.5,1,1,GCACAGCCACGTATGATTGA,0,576462
araCp,0.5,1,1,GCACAGATCCTTAAACTTTC,0,544416
araCp,0.5,1,1,GCACACTTGAAGTGTGTCTT,0,574892
araCp,0.5,1,1,GCACACAGATACATTGGATT,0,555186
araCp,0.5,1,1,GCAATTGTCAATCGTGTGCA,0,577086
araCp,0.5,1,1,GCAATGTGGCGTGATGGGCT,0,562582
araCp,0.5,1,1,GCAATGATCAATGGTCTGGA,0,601500
araCp,0.5,1,1,GCAATAAGTGGCTGACAGAA,0,572250
araCp,0.5,1,1,GCAATAACAACGTTATCCTG,0,544005
araCp,0.5,1,1,GCAAGTTTCCAAAATCGAAA,0,557775
araCp,0.5,1,1,GCAAGTCTGTGTCGTACGGA,0,589040
araCp,0.5,1,1,GCAAGGCCTGGTAATTGTGG,0,603590
araCp,0.5,1,1,GCAAGCCAGCAGTGTACTCC,0,530698
araCp,0.5,1,1,GCAACGGACAAAATTCACCT,0,594786
araCp,0.5,1,1,GCAACGCGTCAGTCGGGGGT,0,579599
araCp,0.5,1,1,GCAACCTCTAGATTTTTAGG,0,569874
araCp,0.5,1,1,GCAACCGTTTCTATTCTTGT,0,591274
araCp,0.5,1,1,GCAAAGATTTGCTATAGTTC,0,596525
araCp,0.5,1,1,GATTTTCGGGGGCTGTATTC,0,573423
araCp,0.5,1,1,GATTTGAATTACTTGGTATC,0,597422
araCp,0.5,1,1,GATTTGAACATGTAAATAGA,0,596701
araCp,0.5,1,1,GATTTCACGGGACTGTTCGC,0,575302
araCp,0.5,1,1,GATTGGAGAGACGCATGGTC,0,527557
araCp,0.5,1,1,GATTGACGGGGCATTCCGAT,0,596322
araCp,0.5,1,1,GATTCGTAATCTAGAGGATT,0,558525
araCp,0.5,1,1,GATTCCTGAGCTCCCTGTTC,0,587018
araCp,0.5,1,1,GATTCAAAACCGGGGAGCGA,0,560609
araCp,0.5,1,1,GATTATGTTGGCGGGGTCGG,0,600365
araCp,0.5,1,1,GATTAGTTTTTCACTGTCAT,0,593737
araCp,0.5,1,1,GATTAGTCTCGATATACGGC,0,569855
araCp,0.5,1,1,GATTAGTACGTTTAGCTACT,0,581975
araCp,0.5,1,1,GATTACCAAGATCGCGCTAC,0,532837
araCp,0.5,1,1,GATGTGCCGAGCTTCAATTG,0,602550
araCp,0.5,1,1,GATGTGAGAGTTTTGGGCCT,0,546937
araCp,0.5,1,1,GATGTAGTGTGATGGTGAAA,0,588345
araCp,0.5,1,1,GATGTAGCTGTCTTCGGCTG,0,528939
araCp,0.5,1,1,GATGGGCCTCGGAACTGATA,0,545385
araCp,0.5,1,1,GATGGCGAAGAGAAGGAGCT,0,567681
araCp,0.5,1,1,GATGGCATTTTATCCTCATC,0,528366
araCp,0.5,1,1,GATGCCTAAAGCTGCTGCTG,0,561285
araCp,0.5,1,1,GATGCCATTTTTCTCAGTAT,0,537445
araCp,0.5,1,1,GATGATGCAGCATATCGATC,0,539323
araCp,0.5,1,1,GATGAGTTAAATGTCATTAA,0,594536
araCp,0.5,1,1,GATGAGACTATTTACAGGTT,0,585285
araCp,0.5,1,1,GATGAATAAATTGAGCCTCA,0,563591
araCp,0.5,1,1,GATCTGTTCGACTATTTTAC,0,530518
araCp,0.5,1,1,GATCTGAGATTTAACCGATT,0,590085
araCp,0.5,1,1,GATCTCTTAGCCAGACAATG,0,595572
araCp,0.5,1,1,GATCTCAGTTATTATGCTCT,0,557345
araCp,0.5,1,1,GATCGGACATCAGAGGTTTT,0,570340
araCp,0.5,1,1,GATCGCGTCTTCACTAACTC,0,527195
araCp,0.5,1,1,GATCGCGCGCGGCTATGGTT,0,581844
araCp,0.5,1,1,GATCCTTATTGAGAGTAAAT,0,549297
araCp,0.5,1,1,GATCCGTACCATGGCTCGCG,0,558185
araCp,0.5,1,1,GATCCCTGAGGCGTTGGGTC,0,580685
araCp,0.5,1,1,GATCCCCCGTACACGACGAT,0,572297
araCp,0.5,1,1,GATCCAGACCGGCGGCACAG,0,550219
araCp,0.5,1,1,GATCCAATGCCTTGGAGACA,0,599509
araCp,0.5,1,1,GATCAAGGCGGTATATGTAT,0,556685
araCp,0.5,1,1,GATATAAAGTATCGTGACCC,0,586459
araCp,0.5,1,1,GATAGTTGGGGATGAAGGCA,0,525782
araCp,0.5,1,1,GATAGTTGCAAACATAATGC,0,579246
araCp,0.5,1,1,GATAGTCTTTTTACGTACCA,0,579710
araCp,0.5,1,1,GATAGTATCGTTGTTGCAGG,0,566946
araCp,0.5,1,1,GATAGCTAATTGGTTTGCGG,0,587337
araCp,0.5,1,1,GATACTTAGTCAGCGCAGCC,0,565425
araCp,0.5,1,1,GATACGTACAGATGGGAGCC,0,564969
araCp,0.5,1,1,GATACCGGACGATCGCGCTC,0,601715
araCp,0.5,1,1,GATACCAAGGGTGCACATTG,0,554891
araCp,0.5,1,1,GATAATCAACTAAATTCTGA,0,548720
araCp,0.5,1,1,GATAAGTCTGCGATACGGTC,0,526063
araCp,0.5,1,1,GATAAAAGGGACACTGGACA,0,593038
araCp,0.5,1,1,GAGTTTCTCGGATAAATTTC,0,553450
araCp,0.5,1,1,GAGTTAAGAGGTAAAGGAGC,0,530908
araCp,0.5,1,1,GAGTGTAGGCAACCCGTTCC,0,586345
araCp,0.5,1,1,GAGTGGCATCTTCGTTCAAA,0,577265
araCp,0.5,1,1,GAGTGAGGTTCACCTGTACA,0,587255
araCp,0.5,1,1,GAGTCGGGGGCAACTTGCCG,0,555365
araCp,0.5,1,1,GAGTACCTGAGAGCAGTAAG,0,565725
araCp,0.5,1,1,GAGGTTCTAGAGCTCGGATA,0,573413
araCp,0.5,1,1,GAGGTGGTCCCCGCTAACAT,0,551483
araCp,0.5,1,1,GAGGTGCAATAATCGTTCCG,0,547743
araCp,0.5,1,1,GAGGGTGCCCAACTTTACAT,0,561991
araCp,0.5,1,1,GAGGGGCCGTGTGGATCTGC,0,552364
araCp,0.5,1,1,GAGGGGACTACTTGGGAGGG,0,545755
araCp,0.5,1,1,GAGGGACAATTAATACTACG,0,530475
araCp,0.5,1,1,GAGGGAAGTAACCGCTGGAA,0,531966
araCp,0.5,1,1,GAGGCTTTATGCAAGGTCTC,0,602347
araCp,0.5,1,1,GAGGCTGCCGGTCGCCCGAT,0,572637
araCp,0.5,1,1,GAGGATTTACCACTGTACGC,0,559668
araCp,0.5,1,1,GAGGATCCTACGTAAAACGG,0,592591
araCp,0.5,1,1,GAGGAGTGGTCAACTTTTGC,0,552583
araCp,0.5,1,1,GAGCTAATCAAGCCGCGGGT,0,569771
araCp,0.5,1,1,GAGCGTAAGAAAACGGGCGA,0,570906
araCp,0.5,1,1,GAGCGGCCCGAAGGGTTCCA,0,585076
araCp,0.5,1,1,GAGCCGCGAGGATCGTCTCA,0,555220
araCp,0.5,1,1,GAGCCGCCACTTGATACCAT,0,572825
araCp,0.5,1,1,GAGCCAGATGTACGGATCCT,0,544398
araCp,0.5,1,1,GAGCCAAACGACAATCTATA,0,526977
araCp,0.5,1,1,GAGCATGGTCCCGACCAACC,0,567447
araCp,0.5,1,1,GAGATTCAGCGCGCGTCAGA,0,582319
araCp,0.5,1,1,GAGAGGCTGGCACGCGAACG,0,546029
araCp,0.5,1,1,GAGAGCCGTTGCATCGCGTG,0,551144
araCp,0.5,1,1,GAGAGAATGGCTATTACCCG,0,553577
araCp,0.5,1,1,GAGACGGGTACTTCCTGTCT,0,562052
araCp,0.5,1,1,GAGACGCTGCAGCCGTGAAA,0,542237
araCp,0.5,1,1,GAGACCTCTCGACCGATCAG,0,592838
araCp,0.5,1,1,GAGACCTAGCCGATACTGGT,0,599342
araCp,0.5,1,1,GAGACCCTCTGCACGGACTA,0,552331
araCp,0.5,1,1,GAGAATCCAAAGCTTCGCGT,0,559964
araCp,0.5,1,1,GAGAACGTCGTGTAGATCCT,0,602602
araCp,0.5,1,1,GAGAAAGTCATCATCAATAA,0,558311
araCp,0.5,1,1,GAGAAAAACCCGAGTATGGC,0,534472
araCp,0.5,1,1,GACTTAGTGACCTTTGGCAG,0,536722
araCp,0.5,1,1,GACTTACGAAGAATGACGAA,0,590553
araCp,0.5,1,1,GACTGTTTCTACTAGAGATG,0,595343
araCp,0.5,1,1,GACTGGCACTGCAAGGTACT,0,569438
araCp,0.5,1,1,GACTGAGTAGTGAGCGGTTA,0,583795
araCp,0.5,1,1,GACTCGTTCGGATTAAGTGC,0,594428
araCp,0.5,1,1,GACTCCGAAGCGGCATTCGA,0,538904
araCp,0.5,1,1,GACTCCCCAGTGACTTAGCA,0,553042
araCp,0.5,1,1,GACTCCCACTCCGTATCCGA,0,547851
araCp,0.5,1,1,GACTAAAAAGGTACAGCACG,0,553440
araCp,0.5,1,1,GACGTTCAGACACATTATAC,0,581858
araCp,0.5,1,1,GACGTGGTCGAGCCCCCAAC,0,526905
araCp,0.5,1,1,GACGGCCATTCATCGCAGAC,0,591984
araCp,0.5,1,1,GACGGATCTGTGGTAGTGAG,0,596014
araCp,0.5,1,1,GACGGAGTTCCCGAGTAATG,0,529549
araCp,0.5,1,1,GACGCCACCCGTTCTCTAGC,0,597532
araCp,0.5,1,1,GACGATACGAACGTTAGGAT,0,527883
araCp,0.5,1,1,GACGAGTCAGATTGCGCGTT,0,533943
araCp,0.5,1,1,GACGACGGAATCGGGCGCTT,0,526521
araCp,0.5,1,1,GACCTTTCCAAGCGGTGTTG,0,574436
araCp,0.5,1,1,GACCTTGGGCGGTGTGTTGC,0,552836
araCp,0.5,1,1,GACCTGGGGTCGAAATGTGA,0,555165
araCp,0.5,1,1,GACCTGATAGGCCCCACGAA,0,536710
araCp,0.5,1,1,GACCGTTGGACAATGCGGGT,0,550725
araCp,0.5,1,1,GACCGGTCTCGCAACAGTCT,0,585781
araCp,0.5,1,1,GACCGCCAATTTACGCTACC,0,579767
araCp,0.5,1,1,GACCGATTTATAATGAAGAA,0,575470
araCp,0.5,1,1,GACCGAACCCCTCATGGACA,0,569251
araCp,0.5,1,1,GACCCTAGGATCAGATTTAC,0,599559
araCp,0.5,1,1,GACCCGCCTGCATCATAGCA,0,536714
araCp,0.5,1,1,GACCCAGGTTCATCTCGTGT,0,590861
araCp,0.5,1,1,GACCAGTACTCGGAGCCGTC,0,595749
araCp,0.5,1,1,GACCAGACTGTCCCTTTCAT,0,557251
araCp,0.5,1,1,GACCACAGAGCACTTAAATT,0,542334
araCp,0.5,1,1,GACCAATTCGTGGGTTCCGA,0,562332
araCp,0.5,1,1,GACATATGAGGTGGTCTATT,0,582580
araCp,0.5,1,1,GACATATATTCAAGCTCGCT,0,547443
araCp,0.5,1,1,GACAGTTATGTTTCCAGGGT,0,583910
araCp,0.5,1,1,GACAGGGCAATCAGGTCCCC,0,579777
araCp,0.5,1,1,GACAGGATTTCTTGATGCTC,0,550989
araCp,0.5,1,1,GACAGACGCACATCATTTCA,0,579950
araCp,0.5,1,1,GACACGCGTAAAACGATTGA,0,598130
araCp,0.5,1,1,GACACATTGGGAATTACGAA,0,533130
araCp,0.5,1,1,GACAAGTGCGGGTACCCACT,0,603337
araCp,0.5,1,1,GACAAGTCGTGTGGGAAGGA,0,561911
araCp,0.5,1,1,GACAAGGTCATGCCAGCGGA,0,591515
araCp,0.5,1,1,GACAAGCAATAGATCTGGAG,0,557393
araCp,0.5,1,1,GACAAGATCTCTATAACTCG,0,529244
araCp,0.5,1,1,GACAACTGGCAACTCGTCTC,0,555481
araCp,0.5,1,1,GACAACTAAGACTGGGCAAA,0,541680
araCp,0.5,1,1,GACAACGCGATCTGCCTGCG,0,543045
araCp,0.5,1,1,GACAAAAGCTCGACTCTGAC,0,599106
araCp,0.5,1,1,GAATTTCCTTCCACACGGTC,0,572044
araCp,0.5,1,1,GAATTGGTAAGATTCGGACA,0,552060
araCp,0.5,1,1,GAATTCACGCGATTTCATGA,0,565762
araCp,0.5,1,1,GAATTATGATTTGCGCAGCT,0,554719
araCp,0.5,1,1,GAATTATATTTTATTTCGAT,0,564910
araCp,0.5,1,1,GAATGTCGTGAATATGTTCC,0,586992
araCp,0.5,1,1,GAATGATAGCATCCAAGCGC,0,537849
araCp,0.5,1,1,GAATGACCATCGGTGATGAA,0,557710
araCp,0.5,1,1,GAATCTATGTGATTTCGAAA,0,559901
araCp,0.5,1,1,GAATCGTATTTTGCCCCCCA,0,583322
araCp,0.5,1,1,GAATCCGCGGGCTGATACGG,0,545534
araCp,0.5,1,1,GAATCCATGCGAGTAATTCC,0,592385
araCp,0.5,1,1,GAATAAGGTGGTGAGATCCT,0,574396
araCp,0.5,1,1,GAAGTGAGCGCATGACTGAA,0,569021
araCp,0.5,1,1,GAAGGGTACTACCTCGGTCG,0,545910
araCp,0.5,1,1,GAAGGGAACGCAGCACTATA,0,565242
araCp,0.5,1,1,GAAGGCGGTCAGAGTCCCGA,0,574824
araCp,0.5,1,1,GAAGCTGGATCCTTATGGGG,0,547939
araCp,0.5,1,1,GAAGCCAGTTTAGCATCTCG,0,590171
araCp,0.5,1,1,GAAGCATATGGGGGACCTCA,0,549062
araCp,0.5,1,1,GAAGCAGGGCAATGAGGCTG,0,534562
araCp,0.5,1,1,GAAGCAGCCCGTCAGTCAAA,0,567402
araCp,0.5,1,1,GAAGATCACGGAGGCCCGAC,0,583406
araCp,0.5,1,1,GAAGAGTTAGAGCCTTTCGC,0,573978
araCp,0.5,1,1,GAAGACTTCCGCCGCGTAGG,0,545378
araCp,0.5,1,1,GAAGAATTTAGATCATAGTA,0,566859
araCp,0.5,1,1,GAAGAACCTAGCGTATTCCT,0,563481
araCp,0.5,1,1,GAACTTGCATTCAGAAGCGA,0,570205
araCp,0.5,1,1,GAACTGGAAACTTCTCGAAG,0,571674
araCp,0.5,1,1,GAACTAGGACTACAAAAAAA,0,541014
araCp,0.5,1,1,GAACGTGGTGCAAAGACAAT,0,588375
araCp,0.5,1,1,GAACGCTCGCACTTCTGGTA,0,601249
araCp,0.5,1,1,GAACGATTTCGATGTAAGGA,0,528960
araCp,0.5,1,1,GAACGACCAATAACTTCTAC,0,577358
araCp,0.5,1,1,GAACCTGCGGCTCATATGGT,0,531393
araCp,0.5,1,1,GAACCGACATGACTCGGCTT,0,580861
araCp,0.5,1,1,GAACCCTTTGTATCATAGAC,0,573179
araCp,0.5,1,1,GAACCAGAACCCCAGAGGTG,0,571264
araCp,0.5,1,1,GAACATTTGTGGCATAAGGC,0,573768
araCp,0.5,1,1,GAACATCGTCGCACAAGAAG,0,591147
araCp,0.5,1,1,GAACACCGGCTAGAGACTAA,0,568243
araCp,0.5,1,1,GAACACAATGCGCCGGCTCA,0,584547
araCp,0.5,1,1,GAAATTTATCGCTATTTTGG,0,562808
araCp,0.5,1,1,GAAATTGCCCGGGGCTGACA,0,589072
araCp,0.5,1,1,GAAATGTATCCCTTGAACTG,0,562737
araCp,0.5,1,1,GAAATGGTATTAGCGAGCTC,0,584451
araCp,0.5,1,1,GAAATGGAGATAACATCCCT,0,598649
araCp,0.5,1,1,GAAAGGACCGACGCGAAGCC,0,603468
araCp,0.5,1,1,GAAAGGAAGGTGTAGTTGAT,0,572460
araCp,0.5,1,1,GAAAGACGGGCTGGTATGCG,0,586595
araCp,0.5,1,1,GAAACTTCGAGGTAAGACTT,0,545537
araCp,0.5,1,1,GAAACGGGGCAGTGTATGAA,0,581535
araCp,0.5,1,1,GAAACCTTCTCTTTAGGTTC,0,547391
araCp,0.5,1,1,GAAACACATGTCGCGGCTTG,0,531323
araCp,0.5,1,1,GAAAATCTGACCCCCAGGGT,0,556809
araCp,0.5,1,1,GAAAAGTCTGGCGTGACAGG,0,580696
araCp,0.5,1,1,GAAAAGGGCGGATCCAGCGA,0,556670
araCp,0.5,1,1,GAAAAGCTTGGTGCCGGGGT,0,601139
araCp,0.5,1,1,GAAAAGCGTTTACGGGTGCA,0,573086
araCp,0.5,1,1,GAAAAGCGGTTCCGGCGGAG,0,548128
araCp,0.5,1,1,GAAAACTCGCTATTCAGGAC,0,572764
araCp,0.5,1,1,GAAAACAATGGCCTAGGAGT,0,541312
araCp,0.5,1,1,GAAAAATGGACATTTGAGGG,0,532671
araCp,0.5,1,1,CTTTTCGGTTACGGGAACCG,0,561289
araCp,0.5,1,1,CTTTTATTCGATTCGTCGGT,0,596521
araCp,0.5,1,1,CTTTGGGTATTATATATCTG,0,557538
araCp,0.5,1,1,CTTTGGGGCGCATATTCGCC,0,600637
araCp,0.5,1,1,CTTTGATCGTGTCAACGCTA,0,556434
araCp,0.5,1,1,CTTTGAGTCTTTGGCAGCGT,0,572997
araCp,0.5,1,1,CTTTCTAAGGGCGCACGAGA,0,532437
araCp,0.5,1,1,CTTTCGTCGTGCCTCAAATG,0,526528
araCp,0.5,1,1,CTTTCGGCGGGATGTCGGTA,0,597198
araCp,0.5,1,1,CTTTCGCGTAGGCTAGAAAA,0,559823
araCp,0.5,1,1,CTTTCGCACCCTCAAGGATC,0,597365
araCp,0.5,1,1,CTTTCGCACATCGCGCCGTG,0,559986
araCp,0.5,1,1,CTTTCACAGTCACATGGGAT,0,532760
araCp,0.5,1,1,CTTTAGTATATCGGTCATAA,0,534575
araCp,0.5,1,1,CTTTAGGAACACCACTTCGT,0,587645
araCp,0.5,1,1,CTTGTTGATATAAGCGGTAA,0,569382
araCp,0.5,1,1,CTTGTTAAGCTCCCGCGGAG,0,549187
araCp,0.5,1,1,CTTGTTAAACTGTATGACCA,0,560113
araCp,0.5,1,1,CTTGTGGCGGCTACTCCAAT,0,603484
araCp,0.5,1,1,CTTGTATTATGTAGAACAAA,0,586131
araCp,0.5,1,1,CTTGTAATGACCCGCCTCTC,0,564822
araCp,0.5,1,1,CTTGTAACCGGGTATCGACT,0,583071
araCp,0.5,1,1,CTTGGTTGAACGTTGGATCG,0,543562
araCp,0.5,1,1,CTTGGTGGGGCACTCTGCGA,0,587125
araCp,0.5,1,1,CTTGGTCCTCGATGTCAAGG,0,588461
araCp,0.5,1,1,CTTGGTACCCAGAGTCCTGG,0,591020
araCp,0.5,1,1,CTTGGGGGATAGGCACAGGT,0,586964
araCp,0.5,1,1,CTTGGGCGCGAATACAACCA,0,549131
araCp,0.5,1,1,CTTGGGATTATTCCAGGGGT,0,558936
araCp,0.5,1,1,CTTGGAAAAGGAGCGGAGGT,0,531537
araCp,0.5,1,1,CTTGCGGATGGTTCTTGGAT,0,572981
araCp,0.5,1,1,CTTGCGCAACCCCCCCTTGT,0,559665
araCp,0.5,1,1,CTTGCGAGTCGGAGAAATCA,0,602745
araCp,0.5,1,1,CTTGCCTGATGGGCTCTCAA,0,567101
araCp,0.5,1,1,CTTGATCAACTTTAATTCTC,0,546068
araCp,0.5,1,1,CTTCTGTTGAGGTGTTACAA,0,565445
araCp,0.5,1,1,CTTCTATAAGCTGACGTGAA,0,597057
araCp,0.5,1,1,CTTCGTTTCCGATTTGTAGA,0,597476
araCp,0.5,1,1,CTTCGTCTGACGTGAGAAAA,0,571316
araCp,0.5,1,1,CTTCGAGCGTGATCTTGCAT,0,550829
araCp,0.5,1,1,CTTCCTGTCAGGGACGTGGC,0,547555
araCp,0.5,1,1,CTTCCCGCTGAGGACATGCG,0,581511
araCp,0.5,1,1,CTTCCCCTGGCGCGCGTAGC,0,544910
araCp,0.5,1,1,CTTCATTTTCAGTGCCCAGG,0,538997
araCp,0.5,1,1,CTTCATATGAGTGGGCAGTG,0,560951
araCp,0.5,1,1,CTTCACTGGGACATAGCAAC,0,537234
araCp,0.5,1,1,CTTCAAGTCGTTCAGACCTG,0,599353
araCp,0.5,1,1,CTTCAAACTGTCGTCAACTA,0,532588
araCp,0.5,1,1,CTTATAGCTGGACGTGCCTG,0,587148
araCp,0.5,1,1,CTTAGTGTGCATCTTTTATA,0,571492
araCp,0.5,1,1,CTTAGTGCCGTTGGGGTTCC,0,584880
araCp,0.5,1,1,CTTAGTAGAGCGAGTAACAT,0,549790
araCp,0.5,1,1,CTTAGGGCAGCGGGGACGGG,0,549156
araCp,0.5,1,1,CTTAGGAAGGTCGCATGAAA,0,580196
araCp,0.5,1,1,CTTACTATGCCTTCAAACTT,0,573180
araCp,0.5,1,1,CTTAAAGTCGGTCTGTATCA,0,530623
araCp,0.5,1,1,CTGTTGTAGAGGACTACTCT,0,597228
araCp,0.5,1,1,CTGTTCTTATGGTTCTCCGT,0,598767
araCp,0.5,1,1,CTGTTCTGGCAGGACTCCAG,0,575820
araCp,0.5,1,1,CTGTTAACGGATGCGCCTCT,0,569687
araCp,0.5,1,1,CTGTTAACAATGGGAGTTCT,0,575952
araCp,0.5,1,1,CTGTGTTTGAGAGATCTCAC,0,556309
araCp,0.5,1,1,CTGTGGTTTGAACCGGGTAC,0,551975
araCp,0.5,1,1,CTGTGGTGCACCTATGGTCA,0,586011
araCp,0.5,1,1,CTGTCGATTATGACAAGAAA,0,581747
araCp,0.5,1,1,CTGTCGAAGCCATCGTGCCA,0,593939
araCp,0.5,1,1,CTGTCCTTTCGATTTCGGCA,0,589747
araCp,0.5,1,1,CTGTCATTGGTACGATCACA,0,567825
araCp,0.5,1,1,CTGTCACAAGGTGCTCTCAA,0,596362
araCp,0.5,1,1,CTGTATCCGATCAAAAAGAA,0,563513
araCp,0.5,1,1,CTGTAGCCCATCCGTGGGTA,0,527240
araCp,0.5,1,1,CTGTACTCATCTACTGACTA,0,600374
araCp,0.5,1,1,CTGTACATGGTTTCGACGTC,0,559794
araCp,0.5,1,1,CTGGTCCGGAGTATTGAGTG,0,573834
araCp,0.5,1,1,CTGGGTAAGGCGGGTGGATT,0,577664
araCp,0.5,1,1,CTGGGAGGTGCCCAGGTGGA,0,545186
araCp,0.5,1,1,CTGGGAGGCAGTCGGTCAGT,0,585490
araCp,0.5,1,1,CTGGGACGGCGTGGGAAAGG,0,589501
araCp,0.5,1,1,CTGGGAATGATCAATTGCGT,0,566507
araCp,0.5,1,1,CTGGCTCCCCAGGGACCGAG,0,526832
araCp,0.5,1,1,CTGGCAACTTACGGTCACGG,0,531214
araCp,0.5,1,1,CTGGATTTTTTAATGGCGGA,0,586270
araCp,0.5,1,1,CTGGATCGATAAAAGTTTAT,0,538149
araCp,0.5,1,1,CTGGAGGTACTATTCAGATA,0,530683
araCp,0.5,1,1,CTGGAGGCATCTAGCTCGTC,0,574559
araCp,0.5,1,1,CTGCTGCACATATACCGCCT,0,550363
araCp,0.5,1,1,CTGCTCCCATGGGTGAGAAG,0,547813
araCp,0.5,1,1,CTGCGGGCAAATACTCCCCA,0,575580
araCp,0.5,1,1,CTGCGCGGCGGTTTGGTGAT,0,565435
araCp,0.5,1,1,CTGCGATAAGCTACTCAACA,0,563440
araCp,0.5,1,1,CTGCCTTTTACTAGCCCGAA,0,545322
araCp,0.5,1,1,CTGCCGCCTGGAACCTCTAG,0,576402
araCp,0.5,1,1,CTGCCGAGTGATCTAAGCTA,0,571796
araCp,0.5,1,1,CTGCATGCCGATGGTAGTAA,0,575566
araCp,0.5,1,1,CTGATTGAGTAAGCCACTCA,0,559991
araCp,0.5,1,1,CTGATTCAGAGCTGCGTAAA,0,595290
araCp,0.5,1,1,CTGATGATCAAATAGGTCTA,0,545456
araCp,0.5,1,1,CTGATATGTTAAATCCTATT,0,603579
araCp,0.5,1,1,CTGATATGTAAGACCACGGG,0,589009
araCp,0.5,1,1,CTGAGTGGCTTCACCGGCCC,0,578412
araCp,0.5,1,1,CTGAGATGTCTCTTATGCCT,0,571317
araCp,0.5,1,1,CTGACTGTGCCACTGTCTGG,0,575718
araCp,0.5,1,1,CTGACGCGTCATCATGTATG,0,594346
araCp,0.5,1,1,CTGACCTACTTCCACAACGC,0,543916
araCp,0.5,1,1,CTGAAGGAGCGCCCACATCA,0,599532
araCp,0.5,1,1,CTGAAGAACCGACTACGAGA,0,536349
araCp,0.5,1,1,CTCTTTGTCTGCTAAACGTC,0,538909
araCp,0.5,1,1,CTCTTGGGACTTTTTAAAGG,0,571013
araCp,0.5,1,1,CTCTTGCTTTCGCGGATAAT,0,560425
araCp,0.5,1,1,CTCTTGACTACTCCTTCGTT,0,572280
araCp,0.5,1,1,CTCTTCTGGGGCTTGCGCCT,0,572262
araCp,0.5,1,1,CTCTTCGAAGCGATACTTAT,0,582311
araCp,0.5,1,1,CTCTTCCCACAGCTTTCAGC,0,530757
araCp,0.5,1,1,CTCTTAACCCTTGGCGACGT,0,575011
araCp,0.5,1,1,CTCTTAAACTGGTGCTTTTG,0,541994
araCp,0.5,1,1,CTCTGAGAATTCCGTGTCGC,0,541106
araCp,0.5,1,1,CTCTGAGAAATCGATGGGCA,0,583035
araCp,0.5,1,1,CTCTCTCTGGATATGACCAA,0,558138
araCp,0.5,1,1,CTCTCGAGGCTTTTGCATGC,0,538473
araCp,0.5,1,1,CTCTCCGCGTGGGAGTGCTA,0,551255
araCp,0.5,1,1,CTCTCATAACCCTTAGCTGG,0,531304
araCp,0.5,1,1,CTCTCAGCGACATACACCGT,0,558300
araCp,0.5,1,1,CTCTATTCACCATCATGCTT,0,536991
araCp,0.5,1,1,CTCTAGTTGCCCGACCGCTC,0,595457
araCp,0.5,1,1,CTCTAATTAAGTCGGCTGTT,0,593561
araCp,0.5,1,1,CTCTAACAGAAAGGGCTGTA,0,530463
araCp,0.5,1,1,CTCTAAAGCTGGGCATTACT,0,533747
araCp,0.5,1,1,CTCTAAACTTCTCTTCAGGG,0,568237
araCp,0.5,1,1,CTCGTTTTGGATATTCTTAA,0,574638
araCp,0.5,1,1,CTCGTGCCAGGATAGAAGAA,0,585668
araCp,0.5,1,1,CTCGTCGGCTATAACCGCGC,0,602224
araCp,0.5,1,1,CTCGTACCTAGAGTGTACAT,0,571410
araCp,0.5,1,1,CTCGGTCATATTTTGAATCA,0,595647
araCp,0.5,1,1,CTCGGCTCGTCATAATGTGA,0,566919
araCp,0.5,1,1,CTCGGCGTTCCCTGTACGTG,0,596837
araCp,0.5,1,1,CTCGGCAAGGCTCACGTTCC,0,525913
araCp,0.5,1,1,CTCGCGTTCGGAGGAAACTA,0,583207
araCp,0.5,1,1,CTCGCCAAACTGCAGTACGG,0,528313
araCp,0.5,1,1,CTCGAGTATGGGCATCGGTC,0,559827
araCp,0.5,1,1,CTCGAAAGTTTACTGGCGAT,0,548086
araCp,0.5,1,1,CTCCTTGTTAGTCGCGTCTC,0,579355
araCp,0.5,1,1,CTCCTAAATTGGAAGCCCTA,0,579635
araCp,0.5,1,1,CTCCGTTTGGCCTTTGAACT,0,563575
araCp,0.5,1,1,CTCCGGGTAGAAAAGCCTGT,0,603158
araCp,0.5,1,1,CTCCGACACGAGAATAACGG,0,579714
araCp,0.5,1,1,CTCCCTTCTATTAAGGCGCA,0,545256
araCp,0.5,1,1,CTCCCTAATGGGTCGAGATC,0,588727
araCp,0.5,1,1,CTCCCGCGAAGGCCGGGGAA,0,548958
araCp,0.5,1,1,CTCCCAGGAGTAACTGTAAG,0,542503
araCp,0.5,1,1,CTCCCACTTATCATTCAGTA,0,535323
araCp,0.5,1,1,CTCCAGTAGCAGGGGAAACG,0,593003
araCp,0.5,1,1,CTCCACTTGGACTAGAAACA,0,526563
araCp,0.5,1,1,CTCATGAGTGTATCCGACAA,0,538519
araCp,0.5,1,1,CTCATGACCCCCTCTATTGG,0,599740
araCp,0.5,1,1,CTCAGTCTAAGTCTTACCAT,0,564121
araCp,0.5,1,1,CTCAGTCGAACCCACTCGCA,0,560072
araCp,0.5,1,1,CTCAGGGGCCGTTGGAAAAG,0,598906
araCp,0.5,1,1,CTCAGCTTCACTGGATTGCC,0,588292
araCp,0.5,1,1,CTCAGCTCAGAGTTGGGTGG,0,577553
araCp,0.5,1,1,CTCACGCGCGGAGAGATATA,0,593761
araCp,0.5,1,1,CTCACCACAGTTCTGAGTGA,0,580280
araCp,0.5,1,1,CTCAATAGGCACCGTCGGAT,0,539334
araCp,0.5,1,1,CTCAAGGTGTTGGTCTATGC,0,542184
araCp,0.5,1,1,CTCAAGGACGCTGAACGCAT,0,540111
araCp,0.5,1,1,CTCAAGAATACGACTTAGGG,0,549488
araCp,0.5,1,1,CTCAAAGCCGGCCGCACGGG,0,565966
araCp,0.5,1,1,CTATTTGATCCTGGTAGCTG,0,571459
araCp,0.5,1,1,CTATTGATATTGTAGATAGA,0,529268
araCp,0.5,1,1,CTATTCAGTTTTCGATTGCG,0,577743
araCp,0.5,1,1,CTATTAGTAGCGTACATATG,0,554061
araCp,0.5,1,1,CTATGGCTGTGCCGCTTGGA,0,594973
araCp,0.5,1,1,CTATGCGCATTAAATGGACG,0,544826
araCp,0.5,1,1,CTATGAGGGAGTTGGTTTTA,0,555270
araCp,0.5,1,1,CTATCTCACAGGCGTAGTCC,0,544323
araCp,0.5,1,1,CTATATTTGGCTAGGGGTAC,0,566667
araCp,0.5,1,1,CTATATGGAAGTTTCCGGCA,0,596540
araCp,0.5,1,1,CTATACAACAGGGAGGTAGA,0,602265
araCp,0.5,1,1,CTATAAACGTTAAAGTGGGT,0,528689
araCp,0.5,1,1,CTAGTCCATGGTGCCTTCAT,0,601038
araCp,0.5,1,1,CTAGTAAGCGTTAAACAAGC,0,553460
araCp,0.5,1,1,CTAGGCGTCGAGTCTATCCT,0,535183
araCp,0.5,1,1,CTAGCGCATGACCGGTACTG,0,557923
araCp,0.5,1,1,CTAGCGACCTCCTAAAACGC,0,587003
araCp,0.5,1,1,CTAGCCGAGGCGGGTGAGCG,0,585305
araCp,0.5,1,1,CTAGATGAGGTTTTACAGGC,0,554365
araCp,0.5,1,1,CTAGATCCGGGATCGCAGCA,0,530991
araCp,0.5,1,1,CTAGACGGACGGGATCTACC,0,602969
araCp,0.5,1,1,CTAGAAATAATCAAGAACTA,0,547273
araCp,0.5,1,1,CTACTCATCTCCACATGCCC,0,565252
araCp,0.5,1,1,CTACTATACAGCGGCAAGGC,0,592154
araCp,0.5,1,1,CTACTAATACGCAGCATTAA,0,566220
araCp,0.5,1,1,CTACGTTAGCTAGCAATTTG,0,567443
araCp,0.5,1,1,CTACGTCACCGCAGACCAGG,0,558062
araCp,0.5,1,1,CTACGGACGACCACCCTCAC,0,594089
araCp,0.5,1,1,CTACGCATACCTAGAGGGTG,0,564085
araCp,0.5,1,1,CTACGCAAAATTTGGCTTCA,0,538987
araCp,0.5,1,1,CTACGAAAGGGGTTAAGGCA,0,570702
araCp,0.5,1,1,CTACCTTAGAAAGTCCATCT,0,541924
araCp,0.5,1,1,CTACCTGTCTTAATGCAGTC,0,578699
araCp,0.5,1,1,CTACCATCACATACGAACTG,0,600042
araCp,0.5,1,1,CTACAGTCACATGGCGATCA,0,553914
araCp,0.5,1,1,CTACAGTACTGGCACCAATC,0,531648
araCp,0.5,1,1,CTACAGATTCTGAACTATAC,0,569714
araCp,0.5,1,1,CTAATTGCATACAGTGGCGA,0,602541
araCp,0.5,1,1,CTAATTATCATGAAGGATAA,0,582866
araCp,0.5,1,1,CTAATCATTAGAACCATGCT,0,583063
araCp,0.5,1,1,CTAATATCCGCATACCGACT,0,581777
araCp,0.5,1,1,CTAATAGGACGGGGCGACGT,0,587936
araCp,0.5,1,1,CTAAGTGGTGCAAGCGGAGT,0,587907
araCp,0.5,1,1,CTAAGGTGCGATGTCCCTTA,0,593351
araCp,0.5,1,1,CTAAGGGACCGAGTCGGGTC,0,602123
araCp,0.5,1,1,CTAAGGCCCCAGAGTGGACC,0,533356
araCp,0.5,1,1,CTAAGCGAGGGCTTACACAC,0,543281
araCp,0.5,1,1,CTAAGAAACGCTGGGCGGGA,0,594259
araCp,0.5,1,1,CTAACCTAAAAAGCCTATTT,0,545659
araCp,0.5,1,1,CTAACCCGTAAAGGGAGGAA,0,550146
araCp,0.5,1,1,CTAACAAGGGCTGTGGAGCG,0,585971
araCp,0.5,1,1,CTAAATCGGGTTGTTTGTTG,0,575084
araCp,0.5,1,1,CTAAACCTACCTCCAAATAG,0,580029
araCp,0.5,1,1,CTAAACCGCTTGTCCCGTGC,0,553292
araCp,0.5,1,1,CGTTTTTGCTCAATGAAGTA,0,540658
araCp,0.5,1,1,CGTTTTATTGGTCACCGAAA,0,551737
araCp,0.5,1,1,CGTTTCTAGCACAGCCGTAC,0,595182
araCp,0.5,1,1,CGTTTCCTCCCCGAGCGTAC,0,601989
araCp,0.5,1,1,CGTTTATGTTACATACAAAT,0,570419
araCp,0.5,1,1,CGTTTATCGCCATGAAAATG,0,598431
araCp,0.5,1,1,CGTTTACGTCGCACGGTTCG,0,529499
araCp,0.5,1,1,CGTTGTTGCCAACAAGCGTA,0,544491
araCp,0.5,1,1,CGTTGTGTCGCAATTACGGT,0,597984
araCp,0.5,1,1,CGTTGGTGTCGTAAAGGGTC,0,585627
araCp,0.5,1,1,CGTTGGGTGCCCAGGGCGTT,0,559422
araCp,0.5,1,1,CGTTGCCACATAATCAAACT,0,585100
araCp,0.5,1,1,CGTTGAGCCAATTTGGATCA,0,573656
araCp,0.5,1,1,CGTTCTTACTCAGGCATGGC,0,596983
araCp,0.5,1,1,CGTTCACATGCGGAGACTAA,0,581019
araCp,0.5,1,1,CGTTAGGTGACGTGGCTGTG,0,566071
araCp,0.5,1,1,CGTTACGGCTCGAGAACCAT,0,598049
araCp,0.5,1,1,CGTTACCGGGCTTTAACGTA,0,567031
araCp,0.5,1,1,CGTTACATCCTTGAGCATGC,0,539258
araCp,0.5,1,1,CGTTAAGTTTAGTTGAATTA,0,528823
araCp,0.5,1,1,CGTGTTTGCAGCTATATTAG,0,590178
araCp,0.5,1,1,CGTGTTGCCTGATGGCTTTG,0,583138
araCp,0.5,1,1,CGTGTCCGCCACGATTAGCA,0,538245
araCp,0.5,1,1,CGTGTACGTCCCACTAAATG,0,541000
araCp,0.5,1,1,CGTGTAATGCCATCGAATAT,0,539155
araCp,0.5,1,1,CGTGGTTTGTTGAAGCCAGA,0,543452
araCp,0.5,1,1,CGTGGTTTCCGCACAACTCT,0,534974
araCp,0.5,1,1,CGTGGTTTACTGCTAGTACT,0,597290
araCp,0.5,1,1,CGTGGTTAAGGTTCATGCGG,0,557900
araCp,0.5,1,1,CGTGCGGGCTGACTTATTGA,0,542707
araCp,0.5,1,1,CGTGCATCGACCGCGTTTGC,0,587495
araCp,0.5,1,1,CGTGATCCTCTCAGCGGTAA,0,555847
araCp,0.5,1,1,CGTGACTTGGGCCGAGTTCT,0,554467
araCp,0.5,1,1,CGTGAATGGATATTAAAAGG,0,586945
araCp,0.5,1,1,CGTGAATAGACGGGAATAAG,0,598323
araCp,0.5,1,1,CGTCTTGCTTGTATCAGGGT,0,567112
araCp,0.5,1,1,CGTCTCAGACGGGTAGATAA,0,561613
araCp,0.5,1,1,CGTCGTTAGGTGCCAATGCG,0,567348
araCp,0.5,1,1,CGTCGGAAACGCGAGGTCGC,0,542957
araCp,0.5,1,1,CGTCCTGGGTAACCTGTTTC,0,540863
araCp,0.5,1,1,CGTCCTCATTTACTTGCAGT,0,525725
araCp,0.5,1,1,CGTCCGGATAATCTCCGCTT,0,573341
araCp,0.5,1,1,CGTCCGCATACACGTGGACG,0,603527
araCp,0.5,1,1,CGTCCATTCAAACATACTTT,0,588615
araCp,0.5,1,1,CGTCCAGAGTAGGCGGAAGT,0,577105
araCp,0.5,1,1,CGTCAGTTAAATCAATCACA,0,576061
araCp,0.5,1,1,CGTCAGGGCGAGCTATACAT,0,551068
araCp,0.5,1,1,CGTCAGAGCAATACGGGTGT,0,576934
araCp,0.5,1,1,CGTCAAGCACTATTTGAATA,0,585550
araCp,0.5,1,1,CGTCAAGATCGGCTCAGAAA,0,550196
araCp,0.5,1,1,CGTCAAACCTTAATATTGGC,0,530000
araCp,0.5,1,1,CGTAGTCAAGTCTTTCGAGG,0,565234
araCp,0.5,1,1,CGTAGTACGGCTGATCTAGA,0,578537
araCp,0.5,1,1,CGTAGGCCTTTGTTCGACTT,0,571451
araCp,0.5,1,1,CGTAGGCATGTCTAACACAT,0,547818
araCp,0.5,1,1,CGTAGGCATCCTGGGAAGTT,0,574659
araCp,0.5,1,1,CGTACTGGTTGCAATTAGAT,0,528074
araCp,0.5,1,1,CGTACGTACCTACGAATCGT,0,602654
araCp,0.5,1,1,CGTACCGAGCGTGCGAGGAA,0,575286
araCp,0.5,1,1,CGTACAAAGAGTTGTCCGCC,0,551072
araCp,0.5,1,1,CGTAAGGTTTATTGATTCGG,0,551133
araCp,0.5,1,1,CGTAACTCGATCGGGGCTGG,0,532966
araCp,0.5,1,1,CGTAACGGATGGGATGATTA,0,550228
araCp,0.5,1,1,CGGTTATGGTGCAATTACGA,0,583405
araCp,0.5,1,1,CGGTTATCTGCATACATCAC,0,531749
araCp,0.5,1,1,CGGTTAAGACGGTTTGCCCA,0,536169
araCp,0.5,1,1,CGGTGTTTGCCCGGCAATCT,0,566985
araCp,0.5,1,1,CGGTGGAGTTCTGGAATGTA,0,545074
araCp,0.5,1,1,CGGTGCGTTGTTCGGATAAA,0,531637
araCp,0.5,1,1,CGGTGCCCATGAATGAGTTT,0,597443
araCp,0.5,1,1,CGGTCGAGCTGGAAAGGTGT,0,593345
araCp,0.5,1,1,CGGTCATAGATCTAGGGTCT,0,599588
araCp,0.5,1,1,CGGTCAGGGTGTGGGGCTGC,0,603058
araCp,0.5,1,1,CGGTACGGCCAGAATAATCC,0,600029
araCp,0.5,1,1,CGGGTTTTCTGCCGTTGCTC,0,575208
araCp,0.5,1,1,CGGGTGGGATTCCACTCCAC,0,578222
araCp,0.5,1,1,CGGGTGGGAAAAGCTACGGT,0,589227
araCp,0.5,1,1,CGGGTGCTCTTACCTCTGAC,0,567317
araCp,0.5,1,1,CGGGTGCATACCCGTAGACG,0,557570
araCp,0.5,1,1,CGGGTCCAAGGGATCCTACG,0,534401
araCp,0.5,1,1,CGGGTCAGCGTTGGATCATA,0,548916
araCp,0.5,1,1,CGGGTCAATTAGGAGGCCTC,0,598170
araCp,0.5,1,1,CGGGTATTATACGCGTCCAG,0,603726
araCp,0.5,1,1,CGGGGTGGTCAGCAGGGGGA,0,555366
araCp,0.5,1,1,CGGGGTAACCTTTGGTCGCG,0,539194
araCp,0.5,1,1,CGGGGGCCTGTTAACAATGA,0,602854
araCp,0.5,1,1,CGGGGACGATAATTGAATTA,0,596327
araCp,0.5,1,1,CGGGCTTTCCTAATCTAATG,0,566888
araCp,0.5,1,1,CGGGCTTAAGAGCCGGTAGT,0,562936
araCp,0.5,1,1,CGGGCGTAATATGTTTTGGC,0,531083
araCp,0.5,1,1,CGGGCGCTAGGGTCTTATGC,0,583255
araCp,0.5,1,1,CGGGCGCGACAGTAAGCCCA,0,590009
araCp,0.5,1,1,CGGGCGCCGTCGCCGCACTC,0,547656
araCp,0.5,1,1,CGGGCCAACAGTCGCACCCT,0,581441
araCp,0.5,1,1,CGGGCATTACTGACCTTGGG,0,538249
araCp,0.5,1,1,CGGGCAGTACGCGAATCGGA,0,576250
araCp,0.5,1,1,CGGGATCGCTGCACAGATTT,0,578220
araCp,0.5,1,1,CGGGAGATAATCACTACGAC,0,565700
araCp,0.5,1,1,CGGGACTGCTTGGAAAACAT,0,572975
araCp,0.5,1,1,CGGGACCGGTGGATCGACTC,0,526631
araCp,0.5,1,1,CGGGAATCACTGGCCGGTAT,0,574540
araCp,0.5,1,1,CGGGAAGCACTTGCGCATAT,0,600014
araCp,0.5,1,1,CGGCTTGAACGTTTTGCTTG,0,539770
araCp,0.5,1,1,CGGCTGGCCAACGTGGGGAT,0,577451
araCp,0.5,1,1,CGGCTGCATGCGTTGTGAGG,0,586103
araCp,0.5,1,1,CGGCTCATAGTGTCCGTACT,0,577167
araCp,0.5,1,1,CGGCTCAGCGCCCCGGGTTA,0,547497
araCp,0.5,1,1,CGGCGCTATAGGATCCTATA,0,526155
araCp,0.5,1,1,CGGCGCATGCTTTGATGCCG,0,590644
araCp,0.5,1,1,CGGCGCATCTGATCATATGC,0,566043
araCp,0.5,1,1,CGGCGAGGAGTTTTTTATAA,0,550652
araCp,0.5,1,1,CGGCGAATCGTTACACTGGG,0,582566
araCp,0.5,1,1,CGGCGAAACAGGCGGCTATT,0,580439
araCp,0.5,1,1,CGGCCTTACTTGCTTCTCTC,0,549189
araCp,0.5,1,1,CGGCCACAGGTATGTTACGT,0,527924
araCp,0.5,1,1,CGGCATTTTTACCCGCGCAA,0,583533
araCp,0.5,1,1,CGGCATGTACTAAGTCGGCA,0,600801
araCp,0.5,1,1,CGGCAGAATCTCAATGTTCT,0,577986
araCp,0.5,1,1,CGGCACTACAGGAATTTACA,0,593930
araCp,0.5,1,1,CGGCACGTCCTGCTCTGATC,0,559388
araCp,0.5,1,1,CGGCACAGACAGTAAGCCTC,0,545727
araCp,0.5,1,1,CGGATTGTGCATAGTTACAT,0,589289
araCp,0.5,1,1,CGGATCGGCATTCCAGTTTT,0,579866
araCp,0.5,1,1,CGGATATGTCCACATACCTC,0,598225
araCp,0.5,1,1,CGGATAGGATGTAACGTCGG,0,546556
araCp,0.5,1,1,CGGAGGATATGGGCAGTATT,0,576195
araCp,0.5,1,1,CGGACTTACCTCACGACAGT,0,576755
araCp,0.5,1,1,CGGACGTTCATTGGCGCGCG,0,530662
araCp,0.5,1,1,CGGACCTGTAGCCCTAAAGA,0,586524
araCp,0.5,1,1,CGGACCGCCTCAGCGAGTAT,0,554528
araCp,0.5,1,1,CGGACAGCTCTGACGCATAT,0,562872
araCp,0.5,1,1,CGGACAACTTGAATGGGGTC,0,551648
araCp,0.5,1,1,CGGAAGTCTATTTGATGCTC,0,532908
araCp,0.5,1,1,CGCTTTCATCGGCCGACTCC,0,590718
araCp,0.5,1,1,CGCTTTACATCACATGGAGC,0,549290
araCp,0.5,1,1,CGCTTGGGTGTTATGGATCT,0,590803
araCp,0.5,1,1,CGCTTCTTATTTGGACGCAA,0,570535
araCp,0.5,1,1,CGCTTCGTTGTCGTCTGTAG,0,589331
araCp,0.5,1,1,CGCTTCGCAGTTAGTTGCCA,0,550521
araCp,0.5,1,1,CGCTTCCTGCTTTTGACTAT,0,570411
araCp,0.5,1,1,CGCTGGTGTTTGAGGACAGT,0,602345
araCp,0.5,1,1,CGCTGACGGTGTAGGCCAAC,0,540735
araCp,0.5,1,1,CGCTCGTCCGTCCGTTTGGA,0,592723
araCp,0.5,1,1,CGCTCGCTACGAGTGATCTC,0,570764
araCp,0.5,1,1,CGCTCGATAGTCTCAAGTGA,0,541497
araCp,0.5,1,1,CGCTCGAGTCCTACCCTCCG,0,570075
araCp,0.5,1,1,CGCTCAACTAAAAGCCGGTC,0,535948
araCp,0.5,1,1,CGCTCAAATGGTTTGACACA,0,569218
araCp,0.5,1,1,CGCTAGCTTTGACTCTCAGG,0,558804
araCp,0.5,1,1,CGCTAGAGTGATCTACACAT,0,568783
araCp,0.5,1,1,CGCTACTCTACCGAGAGTCC,0,546287
araCp,0.5,1,1,CGCGTCTTAGTTCAGTACAA,0,556864
araCp,0.5,1,1,CGCGTCCGGTAAGGGTAGCT,0,569547
araCp,0.5,1,1,CGCGGCATGTAACGGGTTAG,0,565078
araCp,0.5,1,1,CGCGCTTTCGACATTTTGAA,0,601688
araCp,0.5,1,1,CGCGCTCATTATCATTGCAA,0,526970
araCp,0.5,1,1,CGCGCCGGCATCTCTCAAGC,0,589315
araCp,0.5,1,1,CGCGCCGACAGCGAGCTCGG,0,527434
araCp,0.5,1,1,CGCGCATCATGGTTAGTGCG,0,529326
araCp,0.5,1,1,CGCGATAGGGCCATGTGGAA,0,591873
araCp,0.5,1,1,CGCGAGGCGGGGTACAATTA,0,552358
araCp,0.5,1,1,CGCGAGCCGCCTTCATGCAG,0,571608
araCp,0.5,1,1,CGCGACCGCAACTCGCTACG,0,588103
araCp,0.5,1,1,CGCCTTTTTTACAGCAGCCC,0,602984
araCp,0.5,1,1,CGCCTCTCTGGCTATTATAA,0,563923
araCp,0.5,1,1,CGCCGGGAAACTTCACAAAG,0,549458
araCp,0.5,1,1,CGCCGGATCTGAGTAATTTA,0,547358
araCp,0.5,1,1,CGCCCTCGTAAATGTGACAT,0,535848
araCp,0.5,1,1,CGCCCGGGGAAGCATGTGTA,0,547359
araCp,0.5,1,1,CGCCCGGGCAACGCAAAACT,0,597043
araCp,0.5,1,1,CGCCCCTCTCTATACCTCCC,0,530514
araCp,0.5,1,1,CGCCAGTATTAAAAGCCAGG,0,594704
araCp,0.5,1,1,CGCCACAAGCTCTAGCGGGA,0,568298
araCp,0.5,1,1,CGCATTAGTCATAGATTGGA,0,599220
araCp,0.5,1,1,CGCATACTTGCGGAGCCGCC,0,553040
araCp,0.5,1,1,CGCAGTCGAATAAGGGCCGC,0,600490
araCp,0.5,1,1,CGCAGTAGGGAAATCGTGGT,0,557655
araCp,0.5,1,1,CGCAGGTTAACCTTTAGAGT,0,576899
araCp,0.5,1,1,CGCAGGCTTTGACCACAAGT,0,568902
araCp,0.5,1,1,CGCACTGTTGTTTTAGCAGC,0,591806
araCp,0.5,1,1,CGCACTCATATGGTAAACCG,0,589962
araCp,0.5,1,1,CGCACGCAGCATGAAATAAC,0,570580
araCp,0.5,1,1,CGCACCGGGTCCGCTCGAGA,0,580006
araCp,0.5,1,1,CGCACCGGGCTCTGTCTGGT,0,552857
araCp,0.5,1,1,CGCAAGTTGTGACCAGAAAC,0,557203
araCp,0.5,1,1,CGCAAGCGCGCCATGTCATG,0,602386
araCp,0.5,1,1,CGCAACTCACGACAGAAAGC,0,600804
araCp,0.5,1,1,CGCAACTAGGTCAACGAGTG,0,530447
araCp,0.5,1,1,CGCAACGATTATACATGATT,0,544076
araCp,0.5,1,1,CGATTTCCGGTCGTTACCTC,0,545960
araCp,0.5,1,1,CGATTTCAAGATGTGGTCCT,0,538841
araCp,0.5,1,1,CGATTGTTTTGGTCGGCAGG,0,526502
araCp,0.5,1,1,CGATTCGTTGGTTCTAAAGT,0,585210
araCp,0.5,1,1,CGATGTCCAGAGGTATATGC,0,578708
araCp,0.5,1,1,CGATGGTCTCAAGATCGCTA,0,576008
araCp,0.5,1,1,CGATGCTGAGCTTTTGCGCT,0,552169
araCp,0.5,1,1,CGATGATCGGATCATAGAGG,0,574918
araCp,0.5,1,1,CGATGAGGGCATTCCACGTC,0,546912
araCp,0.5,1,1,CGATGAAGGTATCCACGTAA,0,551420
araCp,0.5,1,1,CGATGAAAGCACGACGCGGA,0,565953
araCp,0.5,1,1,CGATCTACTGAATCTTTTCC,0,572168
araCp,0.5,1,1,CGATATACCCCCAGTGATGT,0,532780
araCp,0.5,1,1,CGATAGTTCAACCCTTTTTC,0,573826
araCp,0.5,1,1,CGATAATTCGCCCTTTTAAC,0,528621
araCp,0.5,1,1,CGATAACGTGGTGATTCTGA,0,554103
araCp,0.5,1,1,CGATAACAAATGGGAGCCCT,0,542421
araCp,0.5,1,1,CGAGTGGCGTGCACGGCCCC,0,603067
araCp,0.5,1,1,CGAGTCTAGATGCAGTACGT,0,535484
araCp,0.5,1,1,CGAGGTCTGCTAGGCCTGGC,0,575551
araCp,0.5,1,1,CGAGGAATAATCTTCAATGA,0,599976
araCp,0.5,1,1,CGAGCTCGTCGGTCTCCTCG,0,544400
araCp,0.5,1,1,CGAGCGCTAACAATGACGAT,0,548706
araCp,0.5,1,1,CGAGCCATTCGCTGCGGATA,0,530470
araCp,0.5,1,1,CGAGCATTGAACGATAATGA,0,537613
araCp,0.5,1,1,CGAGCACGAAGGAGGAAAGC,0,549599
araCp,0.5,1,1,CGAGATCTGATTGCCTAACT,0,548294
araCp,0.5,1,1,CGAGAGTTGGGGGAACCCGG,0,600346
araCp,0.5,1,1,CGAGACGATACCCCTAGCAA,0,538216
araCp,0.5,1,1,CGAGAATTAGGCCTGTGACT,0,553084
araCp,0.5,1,1,CGAGAAGACATTATTGCTCA,0,558338
araCp,0.5,1,1,CGACTGTTTTAAATACGCTT,0,548865
araCp,0.5,1,1,CGACTGGCGTTGTCGTACAG,0,537554
araCp,0.5,1,1,CGACTACAGGTTGCGTAGTG,0,550268
araCp,0.5,1,1,CGACTAAGCCATCTAACATA,0,561643
araCp,0.5,1,1,CGACGGCGCTACAGACACGT,0,601633
araCp,0.5,1,1,CGACGGATCCGCTCTATCGA,0,545658
araCp,0.5,1,1,CGACGAGATAGGCGGACTGC,0,573867
araCp,0.5,1,1,CGACGACAAACTTGTATCCA,0,573251
araCp,0.5,1,1,CGACCGCGATAGCCATGAGT,0,544228
araCp,0.5,1,1,CGACCCTTTTGGTCCCTTAT,0,568871
araCp,0.5,1,1,CGACCAGACGAAGATATAAT,0,591393
araCp,0.5,1,1,CGACCAAATCTATCGGCTTT,0,592818
araCp,0.5,1,1,CGACATGAATTGTGCTGTGT,0,567835
araCp,0.5,1,1,CGACAGGTGGAACCCCTTTT,0,547756
araCp,0.5,1,1,CGACAACAACGAACTATGTT,0,563863
araCp,0.5,1,1,CGAATTTCTCGTAAAGGCTC,0,601203
araCp,0.5,1,1,CGAATTATTGCGAAGAGTTC,0,586624
araCp,0.5,1,1,CGAATCCACGACCCATCTAC,0,533409
araCp,0.5,1,1,CGAAGTCTGAGAACGCGTAT,0,601791
araCp,0.5,1,1,CGAAGGAGAGAAAAGAACCC,0,601432
araCp,0.5,1,1,CGAAGCCTGGTCTTGAAGTA,0,580595
araCp,0.5,1,1,CGAACTGTCCACCCTGTGGC,0,580038
araCp,0.5,1,1,CGAACCGAAACAGACATGTT,0,552908
araCp,0.5,1,1,CGAACCAAAAGTGTGGACTC,0,547134
araCp,0.5,1,1,CGAACAGTAATCAGGCAAGC,0,576892
araCp,0.5,1,1,CGAAAGCTGCGCACAAGGTA,0,586877
araCp,0.5,1,1,CCTTTGGTGTCGAATTCATG,0,591552
araCp,0.5,1,1,CCTTTCACGCACAGGCATTT,0,563764
araCp,0.5,1,1,CCTTTATCTAAGGCGATGTC,0,590181
araCp,0.5,1,1,CCTTTATAGCTGCGCTTCGT,0,566384
araCp,0.5,1,1,CCTTTAACGGCTACGCGCCC,0,593099
araCp,0.5,1,1,CCTTGGCTTTTAACATATGA,0,599347
araCp,0.5,1,1,CCTTGCGATACAAACATGGG,0,526377
araCp,0.5,1,1,CCTTGCACATAGGCATAGCA,0,561008
araCp,0.5,1,1,CCTTGATTATTGGAACACCT,0,564739
araCp,0.5,1,1,CCTTGATGATTATCGCCACA,0,555914
araCp,0.5,1,1,CCTTGAATTAATGATGCTTG,0,534964
araCp,0.5,1,1,CCTTCGAGACTAAATGTCAA,0,570650
araCp,0.5,1,1,CCTTCGACTAAGAGAGGGTG,0,585675
araCp,0.5,1,1,CCTTATCGGCCAAGAGATCG,0,574556
araCp,0.5,1,1,CCTTATCGCAGAAATCCGCA,0,532758
araCp,0.5,1,1,CCTTAAAACAGTTTGTTTAA,0,567898
araCp,0.5,1,1,CCTGTTGACTGAAAAGGCCC,0,541444
araCp,0.5,1,1,CCTGTTCAAGGCGACATTGA,0,574994
araCp,0.5,1,1,CCTGTGCGCCGGCTATGCGT,0,534725
araCp,0.5,1,1,CCTGTCGTCCTGATACCGAT,0,596276
araCp,0.5,1,1,CCTGTCGGCAAAAGGGTACA,0,541686
araCp,0.5,1,1,CCTGTCCGTGTCAAAGCTGA,0,563887
araCp,0.5,1,1,CCTGGTTCCGATATCAGTCT,0,561030
araCp,0.5,1,1,CCTGGGCTCCCAACATAAAA,0,576070
araCp,0.5,1,1,CCTGGCTCCGTTGGTACTTA,0,580616
araCp,0.5,1,1,CCTGCTGTGGAACAGAGGGC,0,566233
araCp,0.5,1,1,CCTGCTGGAGTTCTGTAATT,0,533396
araCp,0.5,1,1,CCTGCCGCTTGAAGTCTCTT,0,557646
araCp,0.5,1,1,CCTGCAAGCGCAGGTCGGTT,0,581112
araCp,0.5,1,1,CCTGAGTTGTATCGCCGGGG,0,569378
araCp,0.5,1,1,CCTGAAGGAGTCTTAGCAGC,0,538743
araCp,0.5,1,1,CCTGAAAAACGTCTACACGG,0,558342
araCp,0.5,1,1,CCTCTTGCGCCCTTACGCAA,0,558285
araCp,0.5,1,1,CCTCTGCAAAATTTTCTTGT,0,532951
araCp,0.5,1,1,CCTCTCCAGCACGCGCAACC,0,545877
araCp,0.5,1,1,CCTCGTATCATCTCAACAGT,0,556853
araCp,0.5,1,1,CCTCGGCCCGTCTCGTGCTT,0,589332
araCp,0.5,1,1,CCTCGCGCGGGAGACCCTGT,0,602351
araCp,0.5,1,1,CCTCGCGCAGTATTAACCTA,0,588614
araCp,0.5,1,1,CCTCCTTTTTAGCTATTCCG,0,534015
araCp,0.5,1,1,CCTCCGTGCAAAGCTTTCGG,0,557354
araCp,0.5,1,1,CCTCCACAGACATGGGGTGG,0,569641
araCp,0.5,1,1,CCTCCAATCATTCCCGATGT,0,538792
araCp,0.5,1,1,CCTCAGCTTGCGTACATCAG,0,536452
araCp,0.5,1,1,CCTCACTAGGGGCATGCATA,0,557384
araCp,0.5,1,1,CCTCACAGATTTTCGCATGT,0,603143
araCp,0.5,1,1,CCTATTTTGGTAGGACTCGT,0,566736
araCp,0.5,1,1,CCTAGTTCGTTTTGGGCTAT,0,539764
araCp,0.5,1,1,CCTAGGTCACGTTAACTCAA,0,573454
araCp,0.5,1,1,CCTAGCTTACTGTGATTTTC,0,587515
araCp,0.5,1,1,CCTACGTTAAGTCTGGGTCC,0,580523
araCp,0.5,1,1,CCTACGTGCGAAGTGATAGT,0,588309
araCp,0.5,1,1,CCTACGCTCCGTGTCTAGCA,0,600413
araCp,0.5,1,1,CCTACGACAACCCGCCAACG,0,581163
araCp,0.5,1,1,CCTACCTTTAATTGCAACAA,0,538932
araCp,0.5,1,1,CCTACCGCCGCTCAGGTTCT,0,576586
araCp,0.5,1,1,CCTACAACGATGGACCCGCT,0,582369
araCp,0.5,1,1,CCTAATGCATTGTCTTATGT,0,586784
araCp,0.5,1,1,CCTAAGGTGCTAAACTAAAC,0,531831
araCp,0.5,1,1,CCTAAGAACCGGCTGACAAA,0,586754
araCp,0.5,1,1,CCGTTTTTTGTTTTAGTCGT,0,525625
araCp,0.5,1,1,CCGTTCCCTTCTTTCAAGGT,0,539955
araCp,0.5,1,1,CCGTTAGACGCTTCCGGCGG,0,540480
araCp,0.5,1,1,CCGTTAGAACATTTATATCG,0,545488
araCp,0.5,1,1,CCGTGGTGCAAGCTATTGCT,0,576769
araCp,0.5,1,1,CCGTGCGGTGGAAGGCGTGC,0,591772
araCp,0.5,1,1,CCGTGCGCACTACCTCAAAG,0,547920
araCp,0.5,1,1,CCGTGATCGACAGCAATATG,0,532248
araCp,0.5,1,1,CCGTCTGACCTCGCCATCCT,0,583990
araCp,0.5,1,1,CCGTCTGAACTGGGATACTC,0,578216
araCp,0.5,1,1,CCGTCGTGTTAGATCTATAC,0,526961
araCp,0.5,1,1,CCGTCGTAAATGTTAGCCAT,0,542720
araCp,0.5,1,1,CCGTCAAGAGGAGAATTTCA,0,597088
araCp,0.5,1,1,CCGTACTGAAAACCACAACT,0,583996
araCp,0.5,1,1,CCGTAAGGGGGGATAGGTAA,0,555174
araCp,0.5,1,1,CCGGTTCATTAACGGCGTCA,0,586645
araCp,0.5,1,1,CCGGTGGCCTAATGATGCCT,0,559548
araCp,0.5,1,1,CCGGTCGTACCGAATCGTGT,0,552713
araCp,0.5,1,1,CCGGGTCGGACTCTCCGTTT,0,563138
araCp,0.5,1,1,CCGGGGGCAGTAGCGCCAGT,0,573129
araCp,0.5,1,1,CCGGGGGACTCTGACGTATC,0,586792
araCp,0.5,1,1,CCGGGGCACATCTATGCAGT,0,587338
araCp,0.5,1,1,CCGGGCGTGAGAGCGGACTT,0,547383
araCp,0.5,1,1,CCGGGATGGACATAGAGCTA,0,598064
araCp,0.5,1,1,CCGGGACGCTGGCATCTTCT,0,601293
araCp,0.5,1,1,CCGGGAAATGCACTGCTAAA,0,543903
araCp,0.5,1,1,CCGGCTACATTCGCCTTGGA,0,577632
araCp,0.5,1,1,CCGGCATACATGTTGTACGT,0,555359
araCp,0.5,1,1,CCGGAGCGGTAAGAGGAACC,0,597207
araCp,0.5,1,1,CCGGACGGTGAGACGTGGGA,0,532127
araCp,0.5,1,1,CCGCTCGAAAAATGGTCAGG,0,585877
araCp,0.5,1,1,CCGCTAACGACTGCCGTACA,0,595341
araCp,0.5,1,1,CCGCTAAACCATTTTAGTCC,0,554437
araCp,0.5,1,1,CCGCGTATTGATTTATCGAG,0,584134
araCp,0.5,1,1,CCGCGCTTCCCGATTGTAAG,0,565531
araCp,0.5,1,1,CCGCGCTCGCCACGCAGACC,0,587375
araCp,0.5,1,1,CCGCGACCGCTAGGATACAG,0,568607
araCp,0.5,1,1,CCGCCTCAATTTCTGAAACA,0,527757
araCp,0.5,1,1,CCGCCTATGTAGTAACCCCT,0,567047
araCp,0.5,1,1,CCGCCGTATTGGGTCGCCTT,0,545914
araCp,0.5,1,1,CCGCCGGGTGAGACGGTCGC,0,585761
araCp,0.5,1,1,CCGCCGGCCTCTATGAGTTT,0,566329
araCp,0.5,1,1,CCGCCGAGGCTATGCATCTT,0,601658
araCp,0.5,1,1,CCGCCACTTGTATATGACCT,0,589374
araCp,0.5,1,1,CCGCATGGTGAATAAGTATG,0,587409
araCp,0.5,1,1,CCGCATCTATGGCGCATGTG,0,555726
araCp,0.5,1,1,CCGCATACTCGCTGGGGTAT,0,541595
araCp,0.5,1,1,CCGCAGCATAGGCTCAGAGT,0,571675
araCp,0.5,1,1,CCGCAGAACATTCATCGACA,0,556143
araCp,0.5,1,1,CCGCAAGTTCGGCCGACAAA,0,587001
araCp,0.5,1,1,CCGCAACCTGAGTGGCAATT,0,593961
araCp,0.5,1,1,CCGCAAATCCTTCCGTCTAC,0,594807
araCp,0.5,1,1,CCGATGTAAGGGTCATGGCA,0,588089
araCp,0.5,1,1,CCGATGACCTCATATACGAG,0,600497
araCp,0.5,1,1,CCGATCATATTCAAGGCTGT,0,528549
araCp,0.5,1,1,CCGATATCTTCACACAAGGT,0,579231
araCp,0.5,1,1,CCGATATAGTGTAGGTAAAA,0,526100
araCp,0.5,1,1,CCGATAGAAAGCTCCACCTC,0,550099
araCp,0.5,1,1,CCGAGTATATGGAGTCAGTG,0,541399
araCp,0.5,1,1,CCGAGGTCCGTCGGTGACGG,0,588860
araCp,0.5,1,1,CCGAGGGGCCCCACACTTGT,0,527160
araCp,0.5,1,1,CCGAGCGCCTACCAGGCTTC,0,556020
araCp,0.5,1,1,CCGAGAGAGAGAGGTCAGGT,0,595607
araCp,0.5,1,1,CCGAGACCGGTCGCCATCAC,0,531024
araCp,0.5,1,1,CCGACCGATCGTTAAAGGGC,0,544085
araCp,0.5,1,1,CCGACCCATCTTTGGCAAAT,0,552250
araCp,0.5,1,1,CCGAATCCCAGCGTACGCTT,0,566401
araCp,0.5,1,1,CCGAAGATACCTTATCGTGA,0,563730
araCp,0.5,1,1,CCGAAAGGCGGGAGTTAAGG,0,533740
araCp,0.5,1,1,CCGAAAGCATTATCTTCAGC,0,539727
araCp,0.5,1,1,CCCTGTCGTACGGTGACGTT,0,559809
araCp,0.5,1,1,CCCTGCGTATAGGTTTCCAT,0,562361
araCp,0.5,1,1,CCCTGCACAAAGACCGTATC,0,583243
araCp,0.5,1,1,CCCTGAGTATGATCGGATCC,0,540341
araCp,0.5,1,1,CCCTCGGAAACTTCCTTGGT,0,557394
araCp,0.5,1,1,CCCTCCGCCAGACAGCCATC,0,566222
araCp,0.5,1,1,CCCTATTAGACTAATCACTG,0,541483
araCp,0.5,1,1,CCCTATGTCCCGTTACAGGT,0,581529
araCp,0.5,1,1,CCCGTTTTAGACTTGGAACT,0,570710
araCp,0.5,1,1,CCCGTTAGATGCCTTGACGT,0,528085
araCp,0.5,1,1,CCCGTGGGCTTGCATGGACT,0,556423
araCp,0.5,1,1,CCCGTGGCTGTGAATTATAT,0,599525
araCp,0.5,1,1,CCCGTGCGACGGGTAGGCTC,0,569728
araCp,0.5,1,1,CCCGTCACACACCTTAAGAC,0,586236
araCp,0.5,1,1,CCCGTACTATCCGTTAGGCC,0,527519
araCp,0.5,1,1,CCCGTAAGGTTATAAGTATG,0,571738
araCp,0.5,1,1,CCCGGCTAAAAAGTAGAAAA,0,546006
araCp,0.5,1,1,CCCGGCGCTCGACTTGGGTC,0,530602
araCp,0.5,1,1,CCCGCTCGAACGGGCATGCC,0,558368
araCp,0.5,1,1,CCCGCTATGTCGAGGGCACA,0,563011
araCp,0.5,1,1,CCCGCTACCCGCGAGTAATG,0,584043
araCp,0.5,1,1,CCCGCCGGCTCCATTGTTTT,0,528866
araCp,0.5,1,1,CCCGCCAGCTCCCTATCGCA,0,546023
araCp,0.5,1,1,CCCGAAATCTGGATACCTGT,0,526152
araCp,0.5,1,1,CCCGAAAGGTCCCAGCTATT,0,595195
araCp,0.5,1,1,CCCGAAAAGTACCATCCCGG,0,571775
araCp,0.5,1,1,CCCCTTTGAACACCACGTCC,0,596705
araCp,0.5,1,1,CCCCTTAAACTCGCGCGCAC,0,530949
araCp,0.5,1,1,CCCCGTTCGACTGAACAAGA,0,583874
araCp,0.5,1,1,CCCCGTCTGCCTAATTTGGA,0,533488
araCp,0.5,1,1,CCCCGTCTAGGAAATGTTTA,0,578807
araCp,0.5,1,1,CCCCGGTTCTGTTCGGCTCC,0,562290
araCp,0.5,1,1,CCCCGGCTCGAGATTTGGTT,0,557927
araCp,0.5,1,1,CCCCGGACGTTAGATAGATC,0,533492
araCp,0.5,1,1,CCCCGCTTCGGGATCATAGC,0,532877
araCp,0.5,1,1,CCCCGCTTACGGTGGTCGCA,0,565837
araCp,0.5,1,1,CCCCGCTCTCATAATGGAAG,0,578488
araCp,0.5,1,1,CCCCGCGTCAGCATGTGAAC,0,579521
araCp,0.5,1,1,CCCCGCCTCTGACCAGAGAG,0,599545
araCp,0.5,1,1,CCCCGCCGGCACTTGTCTGA,0,579648
araCp,0.5,1,1,CCCCGATCGGGCACCTGCAA,0,589827
araCp,0.5,1,1,CCCCGACTCGAAACACCTGC,0,535514
araCp,0.5,1,1,CCCCCTTGCAGGAGCTCCCC,0,569195
araCp,0.5,1,1,CCCCACTTCGGAACATTGTG,0,591013
araCp,0.5,1,1,CCCCACCCCGGCCGAGCGCC,0,553373
araCp,0.5,1,1,CCCCAATACTTGACCTCGTC,0,602346
araCp,0.5,1,1,CCCCAAGCGTTTGTCTCGAG,0,575802
araCp,0.5,1,1,CCCATATTTTATCCCATGCA,0,533567
araCp,0.5,1,1,CCCATATTCGGACTTGCAAG,0,555482
araCp,0.5,1,1,CCCATACTGGTTCCAGAGGA,0,565085
araCp,0.5,1,1,CCCATACCGAGATATGAGTT,0,574053
araCp,0.5,1,1,CCCATAAGATAGTAGGCGTG,0,569848
araCp,0.5,1,1,CCCAGTTAGGTAATTCTGAT,0,565294
araCp,0.5,1,1,CCCAGGCTGGCTGTCTGTCC,0,529569
araCp,0.5,1,1,CCCAGCTGCCTGCTTTACCT,0,540608
araCp,0.5,1,1,CCCAGCAACGAAAAAGCCAT,0,549732
araCp,0.5,1,1,CCCAGAGCGTTAATAGCATC,0,582218
araCp,0.5,1,1,CCCACTGGAGATTGGACGCG,0,567820
araCp,0.5,1,1,CCCACCACGTACACTTGCAA,0,573380
araCp,0.5,1,1,CCCACACCACCGTTGCTATG,0,583136
araCp,0.5,1,1,CCCACACATGGGCCATTGAT,0,528668
araCp,0.5,1,1,CCCAATCTAATAACCCATCT,0,529738
araCp,0.5,1,1,CCCAATAACCCGCGCCCATC,0,550630
araCp,0.5,1,1,CCCAACTAATAAGTAGGAAC,0,539910
araCp,0.5,1,1,CCCAACCGCTAGTAGGAGCA,0,528931
araCp,0.5,1,1,CCCAACCAGAGGACCCAGAT,0,548456
araCp,0.5,1,1,CCATTGGACGCGTCGTAACT,0,593493
araCp,0.5,1,1,CCATTCCTGTCGGAAAAGCC,0,601589
araCp,0.5,1,1,CCATTCCGCGTGCATCATCA,0,532430
araCp,0.5,1,1,CCATTACGCCACAGTTCCAC,0,554636
araCp,0.5,1,1,CCATGCAAAGAATAAGCCCC,0,565576
araCp,0.5,1,1,CCATGACTGCTAGCTTCATG,0,558662
araCp,0.5,1,1,CCATGACAGGATGGAACCGA,0,578283
araCp,0.5,1,1,CCATCTTCCACTGCCAGTTG,0,537965
araCp,0.5,1,1,CCATCGGGAGGGTATCCAAA,0,550237
araCp,0.5,1,1,CCATCCTTCATCCCCAGTTG,0,565906
araCp,0.5,1,1,CCATCCGCTCAACAACGTTC,0,539261
araCp,0.5,1,1,CCATCCCGAGAACTGTACAA,0,540365
araCp,0.5,1,1,CCATCCCACCCGAGACTGAT,0,564055
araCp,0.5,1,1,CCATAGATGCCCTGTGACTT,0,576269
araCp,0.5,1,1,CCATAATAGAGTAGTTTTTA,0,594296
araCp,0.5,1,1,CCATAATACCAGTGCCCGGT,0,578978
araCp,0.5,1,1,CCATAAGCTCTGGACCTTTG,0,596566
araCp,0.5,1,1,CCAGTGCTGAGGACGGGGTT,0,597520
araCp,0.5,1,1,CCAGTACTCCTGCCGGGACC,0,537671
araCp,0.5,1,1,CCAGGGTCTAGAACTTTCAC,0,550423
araCp,0.5,1,1,CCAGGGGAAACCGTCCCCTT,0,541498
araCp,0.5,1,1,CCAGGGACAGTGTTCTGAAC,0,578139
araCp,0.5,1,1,CCAGCTATTGGGAACAAACT,0,556859
araCp,0.5,1,1,CCAGCGGAGAGCACGATATT,0,588505
araCp,0.5,1,1,CCAGCCGAGTGGAACCGAAC,0,577364
araCp,0.5,1,1,CCAGCCCCGTAAGCGCCATG,0,599997
araCp,0.5,1,1,CCAGCCAGGTTGGTCCCGTC,0,554657
araCp,0.5,1,1,CCAGCATGCATCGCCGGTAA,0,557337
araCp,0.5,1,1,CCAGATGAGCCATTGGCCAT,0,541162
araCp,0.5,1,1,CCAGATCTGCACGGGGAAAA,0,595605
araCp,0.5,1,1,CCAGAGTTCCTGGATGCAGG,0,556564
araCp,0.5,1,1,CCAGAATGCAATGTCCGGCC,0,538540
araCp,0.5,1,1,CCAGAAGGTTTACTGCAATA,0,555577
araCp,0.5,1,1,CCAGAACTCGCTGTTATCTA,0,598173
araCp,0.5,1,1,CCAGAACCAGCACAATCAAG,0,526266
araCp,0.5,1,1,CCACTGGCGTTAAGACTTAA,0,581184
araCp,0.5,1,1,CCACTCACGCCAGTTTTAGA,0,560469
araCp,0.5,1,1,CCACGTGCCCCGTAACCACT,0,569879
araCp,0.5,1,1,CCACGTCCAGTCACGACACA,0,533278
araCp,0.5,1,1,CCACGTCATGCCTTCAGAAC,0,592522
araCp,0.5,1,1,CCACGTAGCCTTTGCCACAA,0,576602
araCp,0.5,1,1,CCACGGGAGTAATCGACTGG,0,557504
araCp,0.5,1,1,CCACGCTGATGGAGGATTAT,0,583893
araCp,0.5,1,1,CCACGATAGACCGCGGTCTG,0,543226
araCp,0.5,1,1,CCACGAGGCTAGTTCTGGAT,0,573997
araCp,0.5,1,1,CCACCTTACGTCCCCTCAAC,0,594441
araCp,0.5,1,1,CCACCTGTAAAACGTCCATA,0,559871
araCp,0.5,1,1,CCACCTCTACCAGACGGGAC,0,558384
araCp,0.5,1,1,CCACATCAAAAAGTACGTAG,0,576397
araCp,0.5,1,1,CCACAGCAGATATTAATGAA,0,553530
araCp,0.5,1,1,CCACAGATGACGCGATGGTC,0,549277
araCp,0.5,1,1,CCACACAACTATAAGTATCT,0,576475
araCp,0.5,1,1,CCAATTGGGAACCAGATGTT,0,535226
araCp,0.5,1,1,CCAATGGGCTCGAATAAACC,0,582285
araCp,0.5,1,1,CCAATACTACGCTGCCTCGA,0,593835
araCp,0.5,1,1,CCAAGTATTCGTACGGTTAA,0,547773
araCp,0.5,1,1,CCAAGGAAGATCTTAGCGGC,0,602689
araCp,0.5,1,1,CCAAGATTTAGTCTCTATCG,0,562385
araCp,0.5,1,1,CCAAGAATCATTCAAATAAC,0,534353
araCp,0.5,1,1,CCAACTAGGGAACAGTGCAT,0,591364
araCp,0.5,1,1,CCAACCGGACGTTCCACGAA,0,576687
araCp,0.5,1,1,CCAACATGTCCCGCGGGTTC,0,534795
araCp,0.5,1,1,CCAACATCACGCCGCCAAGT,0,600740
araCp,0.5,1,1,CCAAATACTTGTGCTCGGAT,0,551139
araCp,0.5,1,1,CCAAAGGTAGCTCCGGCGCA,0,591065
araCp,0.5,1,1,CCAAAGAACTTGCCGCTGGC,0,549818
araCp,0.5,1,1,CCAAAACCTTCCGAGGATTA,0,571214
araCp,0.5,1,1,CATTTGTCTTGCTGTCGTTA,0,575261
araCp,0.5,1,1,CATTTCTTTTGAACGGACAA,0,526755
araCp,0.5,1,1,CATTTCGTGTTATGTATAGT,0,530454
araCp,0.5,1,1,CATTTCAGTTGTCTTTTGAG,0,587591
araCp,0.5,1,1,CATTTACAGGAGTACATTGC,0,539201
araCp,0.5,1,1,CATTGTGGTGGTTCGAGCAT,0,601961
araCp,0.5,1,1,CATTGGGCGTGAGTTCATAG,0,591866
araCp,0.5,1,1,CATTGCCTGTTCCATAACAG,0,584329
araCp,0.5,1,1,CATTCGTTTTGACAGTTAAG,0,597377
araCp,0.5,1,1,CATTCGCGACATATGATCTC,0,581640
araCp,0.5,1,1,CATTCGAGACCGATTGTCCA,0,532919
araCp,0.5,1,1,CATTATGTGGTTTACCTCTC,0,596070
araCp,0.5,1,1,CATTAGGTATGGACCCGTTG,0,529848
araCp,0.5,1,1,CATTAACATAATTGACCCGA,0,537707
araCp,0.5,1,1,CATGTTGATAGGGGGAACTA,0,590586
araCp,0.5,1,1,CATGTTCCGCGGTGTTCTGC,0,595499
araCp,0.5,1,1,CATGTTATGGGGTGGGATCC,0,557591
araCp,0.5,1,1,CATGTTAAGACATTGAATGT,0,561011
araCp,0.5,1,1,CATGTCTGGACAAGGTACGT,0,594167
araCp,0.5,1,1,CATGGGTGAAGTCGTGAGGG,0,560690
araCp,0.5,1,1,CATGGAGGTGTTAACGAGGC,0,599791
araCp,0.5,1,1,CATGCTGTTACGCAACGCGT,0,563972
araCp,0.5,1,1,CATGCTGGTATTCATCGTTG,0,525592
araCp,0.5,1,1,CATGCGGGTGCTAGAAGTAA,0,532804
araCp,0.5,1,1,CATGCCTCTGCTGGGCCGAC,0,556906
araCp,0.5,1,1,CATGCATGAAAGTAATGATC,0,549827
araCp,0.5,1,1,CATGCACGTGAGGGGACTGG,0,597536
araCp,0.5,1,1,CATGCAAGTCGGGAGGATCA,0,554489
araCp,0.5,1,1,CATGAGCCGTTTCAGGAAGG,0,540878
araCp,0.5,1,1,CATGACCTTAGTGGCGCTGC,0,572883
araCp,0.5,1,1,CATCTACTTGAATTCACATC,0,540299
araCp,0.5,1,1,CATCGTCGGGACAAGTCCTG,0,563010
araCp,0.5,1,1,CATCGTCAGACGATCGGTTT,0,527644
araCp,0.5,1,1,CATCGCGTCGTGTTAGCTCT,0,564840
araCp,0.5,1,1,CATCGCAACGCGCGGAACCA,0,527065
araCp,0.5,1,1,CATCGATGGGGTATAGTTTA,0,527885
araCp,0.5,1,1,CATCGACCTAAATACAGGCG,0,555913
araCp,0.5,1,1,CATCCTTATTCTTTAGAACC,0,558964
araCp,0.5,1,1,CATCCGGGGGGATATACAGG,0,569078
araCp,0.5,1,1,CATCCCCTCTCAACCAGTCT,0,539333
araCp,0.5,1,1,CATCCAAATTATACCATCCC,0,526562
araCp,0.5,1,1,CATCATAGGTCATGACCGAA,0,548947
araCp,0.5,1,1,CATCAGTAGCCACGAGTCCG,0,601648
araCp,0.5,1,1,CATCAGGGAAGGAGTATCGT,0,550868
araCp,0.5,1,1,CATCAGCCAGGGACTAATCC,0,593042
araCp,0.5,1,1,CATCACCCGCCACCGAGCGA,0,538399
araCp,0.5,1,1,CATCACCAAGGAGGGCTAAT,0,580112
araCp,0.5,1,1,CATATTCAATCTGGCCGCGC,0,528077
araCp,0.5,1,1,CATATGTACGTTCCCCCGTG,0,555257
araCp,0.5,1,1,CATATAAATGCTTTACTCTC,0,544383
araCp,0.5,1,1,CATAGTTTACCAAAATGGTA,0,567759
araCp,0.5,1,1,CATAGTGCAGACGCTCGAGG,0,567841
araCp,0.5,1,1,CATAGTAAGTGTCCAAACAT,0,563662
araCp,0.5,1,1,CATAGCGCAATCTGGACGAC,0,542863
araCp,0.5,1,1,CATAGATAACTCACAAGATG,0,560603
araCp,0.5,1,1,CATAGAGGCACGGAAACAAG,0,590221
araCp,0.5,1,1,CATAGAACCGTCGCCCCTAG,0,569931
araCp,0.5,1,1,CATACTTCTGGTCCTTTGGT,0,596012
araCp,0.5,1,1,CATACTCGAGGTTTGCGGAT,0,590546
araCp,0.5,1,1,CATACGGTGACTTGGTAGGC,0,531033
araCp,0.5,1,1,CATACCGGGGCTTTCATAGA,0,552557
araCp,0.5,1,1,CATACACGGCCTGCTCTCGG,0,537111
araCp,0.5,1,1,CAGTTTCGTGCTGCGATGCA,0,583023
araCp,0.5,1,1,CAGTTGGATACGTATATAAG,0,600443
araCp,0.5,1,1,CAGTTGCAGGCACGTGTTGT,0,576189
araCp,0.5,1,1,CAGTGTTTTTCGCACGTAAA,0,572310
araCp,0.5,1,1,CAGTGTATCCCCACGCGGAA,0,538965
araCp,0.5,1,1,CAGTCTTAGAACCTTTAGGG,0,547686
araCp,0.5,1,1,CAGTCTAGCGTTTTACTAAC,0,539875
araCp,0.5,1,1,CAGTCCTTCATCAACACCGA,0,573947
araCp,0.5,1,1,CAGTCCACAGACCCTTAGCA,0,559825
araCp,0.5,1,1,CAGTATTGGTGCTGGAACCC,0,531600
araCp,0.5,1,1,CAGTAAGTCTATGTAGTCAA,0,553871
araCp,0.5,1,1,CAGGTTGCTTCGCATCATAC,0,587905
araCp,0.5,1,1,CAGGTTCATTTTTTCGAGAT,0,568769
araCp,0.5,1,1,CAGGTTACGGATATTTGACT,0,555336
araCp,0.5,1,1,CAGGTGCCATTTAGCGGTGC,0,536711
araCp,0.5,1,1,CAGGTGATCCCACCGGGGTG,0,596867
araCp,0.5,1,1,CAGGTACTGTCGTAGCCAAG,0,600489
araCp,0.5,1,1,CAGGTAATTTAGTATCTGAC,0,588257
araCp,0.5,1,1,CAGGTAAGAACAGAACGTTA,0,544708
araCp,0.5,1,1,CAGGTAACGCACGGCATTTA,0,527927
araCp,0.5,1,1,CAGGGTGTTCGGTTGGGCCA,0,570282
araCp,0.5,1,1,CAGGGGTTCCGTTGGGCCGT,0,590361
araCp,0.5,1,1,CAGGGGTAGCCGTGCAGCCA,0,554237
araCp,0.5,1,1,CAGGCTGTATTCCATTTCAA,0,578695
araCp,0.5,1,1,CAGGCTCAAGTTTGCCCCCG,0,583348
araCp,0.5,1,1,CAGGCGCCATTAAATGGCTG,0,572556
araCp,0.5,1,1,CAGGCCGGCCAGATATACAA,0,538339
araCp,0.5,1,1,CAGGCATAGGGATAGATCTC,0,529833
araCp,0.5,1,1,CAGGCACGGCGGTATGGTTG,0,566854
araCp,0.5,1,1,CAGGATAAACCGTAATTACT,0,549557
araCp,0.5,1,1,CAGGAGCCACCTAAGATTTC,0,595677
araCp,0.5,1,1,CAGGAGCACTGATGCCCCCT,0,540800
araCp,0.5,1,1,CAGCTGTGTCCGAGCCGCGG,0,581126
araCp,0.5,1,1,CAGCTGGGTCGAGCCACGGG,0,571439
araCp,0.5,1,1,CAGCTGGAGGATAAGATATA,0,570416
araCp,0.5,1,1,CAGCGTGGCAGGCTAGCCAG,0,583146
araCp,0.5,1,1,CAGCGTGGACATTTCCATGG,0,581435
araCp,0.5,1,1,CAGCCTTGCTCTATACTGTT,0,533934
araCp,0.5,1,1,CAGCCGCGTGATAGACGTGC,0,579220
araCp,0.5,1,1,CAGCCGAGTACGGCTCAAGT,0,538191
araCp,0.5,1,1,CAGCCCGGATAAAGATCAAA,0,534830
araCp,0.5,1,1,CAGCCCATCGGTGTCACGTT,0,578601
araCp,0.5,1,1,CAGCACTGGCCGCCTATAGC,0,541936
araCp,0.5,1,1,CAGCAACACTTCTGGGAGTC,0,559076
araCp,0.5,1,1,CAGCAAATGTGTCAACATTG,0,593065
araCp,0.5,1,1,CAGAGGTGTCATACTTCTTG,0,554876
araCp,0.5,1,1,CAGAGGGTGTTCGGGTATAG,0,583134
araCp,0.5,1,1,CAGAGCTATCTTCTACTCGT,0,525972
araCp,0.5,1,1,CAGAGATGTCGAGTGCGGTA,0,528031
araCp,0.5,1,1,CAGACGTGTTGGTGATTAGT,0,593354
araCp,0.5,1,1,CAGACACCTTGCCCGCGATC,0,589877
araCp,0.5,1,1,CAGAATTGATCGCACACCCG,0,533959
araCp,0.5,1,1,CAGAACCTTATAGTGGGGCG,0,526049
araCp,0.5,1,1,CAGAACCGACGCTTGCTGCT,0,585541
araCp,0.5,1,1,CAGAAACGGGAGCGTCTGGT,0,549453
araCp,0.5,1,1,CAGAAAATGTACTGAAGGTT,0,546513
araCp,0.5,1,1,CACTTTGACCTTACATGACG,0,584309
araCp,0.5,1,1,CACTTGGGAAGACGTGCTAC,0,553300
araCp,0.5,1,1,CACTTGAGGCGACCAGTACT,0,531771
araCp,0.5,1,1,CACTGTCCTGGTGCCCGGTG,0,560843
araCp,0.5,1,1,CACTGTAGTTCACTAAGAAC,0,579013
araCp,0.5,1,1,CACTGTAGCACCTAGTGTCT,0,536222
araCp,0.5,1,1,CACTGGGATTATGTATAGAA,0,569143
araCp,0.5,1,1,CACTGGCGTTCTGCCAAGTC,0,587967
araCp,0.5,1,1,CACTGGCATTCAGTCTGGAT,0,583691
araCp,0.5,1,1,CACTGCTGTATGCATTTTAA,0,551012
araCp,0.5,1,1,CACTGCTGCGTGGTAGCAAG,0,580056
araCp,0.5,1,1,CACTGACCGCACAATTAGGC,0,535994
araCp,0.5,1,1,CACTGAATTAGACTGCTGCT,0,555327
araCp,0.5,1,1,CACTCCCAAAAGACTGGGTT,0,577160
araCp,0.5,1,1,CACTCCATTACCAATTATTT,0,595916
araCp,0.5,1,1,CACTCAGACGGACCCGGCCC,0,591590
araCp,0.5,1,1,CACTCACTCCGTCGGATGTA,0,557430
araCp,0.5,1,1,CACTAGGGATCACGTCCAGA,0,531394
araCp,0.5,1,1,CACTAACCACTACGGTTTTA,0,527110
araCp,0.5,1,1,CACGTCGGTAGTACGTCCAT,0,573976
araCp,0.5,1,1,CACGTCGAAAGTAAGGAGAA,0,594580
araCp,0.5,1,1,CACGTAAATGAAACAACTGT,0,600556
araCp,0.5,1,1,CACGGTAACGTGGTGGTGTT,0,565417
araCp,0.5,1,1,CACGGGGTTAGAGATATCCT,0,599620
araCp,0.5,1,1,CACGGGAAGTTGCGGGGACA,0,576640
araCp,0.5,1,1,CACGGATAGCACACAGGTAT,0,547670
araCp,0.5,1,1,CACGCCTTTCTTAGGAAACC,0,602818
araCp,0.5,1,1,CACGCATGACACCAATCACA,0,581931
araCp,0.5,1,1,CACGCAGTGCATCGGCGCTA,0,592640
araCp,0.5,1,1,CACGCAGAGGATAATGACGC,0,528086
araCp,0.5,1,1,CACGAGTGTCTGCACGCGGC,0,525681
araCp,0.5,1,1,CACCGTTCCGCATACGTTTC,0,553663
araCp,0.5,1,1,CACCGCCTATTACCATCTCT,0,528249
araCp,0.5,1,1,CACCGAATGATGCAACGACG,0,591232
araCp,0.5,1,1,CACCCGTGTATGCTTATAAA,0,570838
araCp,0.5,1,1,CACCCAATGCCTGATCGAAA,0,535095
araCp,0.5,1,1,CACCAAATTGGCGAGGGCGG,0,536417
araCp,0.5,1,1,CACATTGCAAACCGGACAGC,0,527397
araCp,0.5,1,1,CACATCGCTAATCCTCGCCA,0,603123
araCp,0.5,1,1,CACATCCTACAACACGTTAG,0,595288
araCp,0.5,1,1,CACATATTGTCAGGGGAACA,0,593728
araCp,0.5,1,1,CACACGCTCAATAGCGGCTG,0,579086
araCp,0.5,1,1,CACACGAATTCCGATGTGAC,0,574600
araCp,0.5,1,1,CACAATCCGGTTTAGTGAAA,0,531252
araCp,0.5,1,1,CACAAGTCTAATAGTCATTG,0,545626
araCp,0.5,1,1,CACAAGCCTGAGTACTCAAC,0,575855
araCp,0.5,1,1,CAATTTGCACGCGCCTCAAG,0,553596
araCp,0.5,1,1,CAATTTAGGGGGGCACCAGT,0,534854
araCp,0.5,1,1,CAATGTTCGAGTACAGTTCC,0,573032
araCp,0.5,1,1,CAATGTTCCGCTGATTGAGG,0,562597
araCp,0.5,1,1,CAATGTGTCAATAATACCGG,0,599013
araCp,0.5,1,1,CAATGCTGATAAATGTGTCC,0,581495
araCp,0.5,1,1,CAATGAGAATCCTCGCCAAG,0,574636
araCp,0.5,1,1,CAATCTTGGGACTATTTCAA,0,595073
araCp,0.5,1,1,CAATCCCTCCGCTCCTCGGA,0,540711
araCp,0.5,1,1,CAATCCCAGTATCGGAAATT,0,574883
araCp,0.5,1,1,CAATCCCAGGACGGAGTGAC,0,585148
araCp,0.5,1,1,CAATACTTTAACTACGACGG,0,565398
araCp,0.5,1,1,CAATAAATTACCGTAAAGCG,0,542407
araCp,0.5,1,1,CAAGTTTTACCCCACTTCCA,0,526825
araCp,0.5,1,1,CAAGTGGGATGTGCGCAAAT,0,538559
araCp,0.5,1,1,CAAGTGAGAAACCGCATAGG,0,538966
araCp,0.5,1,1,CAAGTAGCTTGTAATGACTC,0,548187
araCp,0.5,1,1,CAAGTAAAACGTTAGTACTG,0,572673
araCp,0.5,1,1,CAAGGGTCGTTATTCAACCG,0,531479
araCp,0.5,1,1,CAAGGGTCATTGCATAGGCG,0,568695
araCp,0.5,1,1,CAAGGATTGAACGAATCTGA,0,531133
araCp,0.5,1,1,CAAGCGGAACCGTTTGGCCG,0,538807
araCp,0.5,1,1,CAAGCGATCTAAAAGGGAAC,0,603630
araCp,0.5,1,1,CAAGCACTGCTTATCTGTAC,0,564711
araCp,0.5,1,1,CAAGCACGTTTTGTCTTACC,0,566694
araCp,0.5,1,1,CAAGACTGCGACGGTTGTAA,0,540593
araCp,0.5,1,1,CAACTTGGTTTGTTATATGT,0,597193
araCp,0.5,1,1,CAACTGGGAGCTCCTTTCCG,0,562847
araCp,0.5,1,1,CAACTCTCCAGGTGAGCTTC,0,592317
araCp,0.5,1,1,CAACTCGGAACGCCAGGCGC,0,581503
araCp,0.5,1,1,CAACTCCGCACTCAAGTGCA,0,589438
araCp,0.5,1,1,CAACGTCCGGACTTAATGTA,0,578982
araCp,0.5,1,1,CAACGCCACCGCCTTTCACT,0,558263
araCp,0.5,1,1,CAACCGCCCCATCATTCGCT,0,555209
araCp,0.5,1,1,CAACCGAGTTAAATCGGATA,0,532931
araCp,0.5,1,1,CAACCAAATCTTATGGCGTC,0,530064
araCp,0.5,1,1,CAACAGAGCAATCCGCAGTT,0,527574
araCp,0.5,1,1,CAACAGACAGAGATCGAAGT,0,578099
araCp,0.5,1,1,CAACAAGCCTTGAAGGTACA,0,562234
araCp,0.5,1,1,CAACAACTGGGGATGTGTAG,0,573349
araCp,0.5,1,1,CAACAAACGGTGCAATAGGG,0,571393
araCp,0.5,1,1,CAAATGCGTGGGACTGCCCC,0,576671
araCp,0.5,1,1,CAAATCTGACGTAGGGGCTA,0,571791
araCp,0.5,1,1,CAAATCGCACTCGGACTAGT,0,546114
araCp,0.5,1,1,CAAATCCCTTGTAAACCATG,0,542473
araCp,0.5,1,1,CAAATCCCCGAATCGCGGCT,0,556374
araCp,0.5,1,1,CAAATACATAAATACACTTG,0,531093
araCp,0.5,1,1,CAAAGTTGTAATGGAAGCGG,0,580138
araCp,0.5,1,1,CAAAGGTGTGAAAGTTTCAT,0,589641
araCp,0.5,1,1,CAAAGGTCTTGAATCCACTC,0,575987
araCp,0.5,1,1,CAAACTACCGGCACACTACC,0,603578
araCp,0.5,1,1,CAAACTAATGTGTGCTACAC,0,541013
araCp,0.5,1,1,CAAACGCACGCTGTCCTGTC,0,588069
araCp,0.5,1,1,CAAACAGCCAATCGAGCTGT,0,541962
araCp,0.5,1,1,CAAAATCCCAGACGGATTCT,0,573609
araCp,0.5,1,1,CAAAAGCTCGATTTGTGATC,0,534012
araCp,0.5,1,1,CAAAAGAGGGCATGACATAC,0,588250
araCp,0.5,1,1,CAAAACGTTATAAAAGATTC,0,588605
araCp,0.5,1,1,CAAAAAAGTCGAACTCGGAG,0,555308
araCp,0.5,1,1,ATTTTTTGCACAAGAATTTG,0,535996
araCp,0.5,1,1,ATTTTGGTCTTCGGTCCATT,0,571107
araCp,0.5,1,1,ATTTTGCACCCCAGAATATC,0,549662
araCp,0.5,1,1,ATTTTCGACGTCCCACGTTC,0,546589
araCp,0.5,1,1,ATTTTCCCCGGATGACGGGT,0,539434
araCp,0.5,1,1,ATTTTCAATGACACAGGAGG,0,585423
araCp,0.5,1,1,ATTTTAGAAAGACTGCACAT,0,572724
araCp,0.5,1,1,ATTTGTGCGCTTGAATGTCT,0,565479
araCp,0.5,1,1,ATTTGGCCGTTGGAACGCGC,0,593708
araCp,0.5,1,1,ATTTCTCATTCGTTAGGGCT,0,582736
araCp,0.5,1,1,ATTTCGGTGGAGAGTTGCTT,0,557283
araCp,0.5,1,1,ATTTCGGCTACAGATGACCC,0,533124
araCp,0.5,1,1,ATTTCAGGTAGGCAAAAAAC,0,536681
araCp,0.5,1,1,ATTTCAGACTTGGCATTTTG,0,533751
araCp,0.5,1,1,ATTTCAATCAATCGTAAGCT,0,584328
araCp,0.5,1,1,ATTTATGCTTAGCGGGATCA,0,545280
araCp,0.5,1,1,ATTTATGCGTTCGGTCGTAG,0,583551
araCp,0.5,1,1,ATTTATGACCTCGACTTAGT,0,602974
araCp,0.5,1,1,ATTTAGGTCCTTCCCCATTT,0,585308
araCp,0.5,1,1,ATTTAGCCCGGGCCGAGGGT,0,527560
araCp,0.5,1,1,ATTTAGATATGGTTATTGGC,0,549869
araCp,0.5,1,1,ATTTACTCGCTACAACGACA,0,551261
araCp,0.5,1,1,ATTTACGAGGCGCCTGGCAA,0,590857
araCp,0.5,1,1,ATTGTTCTATTGGACGGTGG,0,576075
araCp,0.5,1,1,ATTGTTCGGTACGCCCTACA,0,525909
araCp,0.5,1,1,ATTGTTAGGGACGTCTACTA,0,601941
araCp,0.5,1,1,ATTGTGGTTCTAGTTCCCAG,0,567062
araCp,0.5,1,1,ATTGTGCTGTCCCGAATATC,0,534969
araCp,0.5,1,1,ATTGTGCCGCCGAGACGGAA,0,596078
araCp,0.5,1,1,ATTGTATTTGATGAGTCGGA,0,538361
araCp,0.5,1,1,ATTGGTGATTGCCTGTTTAT,0,603633
araCp,0.5,1,1,ATTGGTCCCCGTTCCTGTGT,0,548491
araCp,0.5,1,1,ATTGCCATGTGCTGAGGCCT,0,597752
araCp,0.5,1,1,ATTGATTAACAGGCCTCTCG,0,602068
araCp,0.5,1,1,ATTGATGGCCGTCCTGCTGA,0,587082
araCp,0.5,1,1,ATTGATCCAAGGTTTCGCTA,0,556527
araCp,0.5,1,1,ATTGAGCTTGTCGCAGCAGT,0,586040
araCp,0.5,1,1,ATTGAGAGACAGTGGGCCTA,0,592042
araCp,0.5,1,1,ATTGAGACAGTTAGCTACGT,0,576079
araCp,0.5,1,1,ATTGAATTCCGTTGTCTAAT,0,526530
araCp,0.5,1,1,ATTGAACACAGCCTCCCGAC,0,579443
araCp,0.5,1,1,ATTGAAAGATCTACGAAGTA,0,557082
araCp,0.5,1,1,ATTCTTGCAAAGACCCCGAA,0,589636
araCp,0.5,1,1,ATTCTTACGAACAGTATATT,0,598378
araCp,0.5,1,1,ATTCTGGCATGAATATCCTG,0,577636
araCp,0.5,1,1,ATTCTCTGTGGATTCTGTGC,0,554670
araCp,0.5,1,1,ATTCTACGAGGTTTTGATGT,0,530098
araCp,0.5,1,1,ATTCTAACGTAGTTCGCAGT,0,527041
araCp,0.5,1,1,ATTCGTTTGTGTCATGGGAT,0,551166
araCp,0.5,1,1,ATTCGTATGATCTGGGCTGT,0,569338
araCp,0.5,1,1,ATTCGGCCTTGCAATTTGCC,0,581052
araCp,0.5,1,1,ATTCGCGTCATCTCGGTGCC,0,577259
araCp,0.5,1,1,ATTCCGAGAAATCATATAAT,0,595519
araCp,0.5,1,1,ATTCCGACTTCTATGTTCCA,0,583805
araCp,0.5,1,1,ATTCCACAGTTGACAACGAT,0,528652
araCp,0.5,1,1,ATTCATGTCGTGTTCAGTTG,0,587311
araCp,0.5,1,1,ATTCAGTGATAACGCACCGA,0,573880
araCp,0.5,1,1,ATTCAGAAGGTGATTTTTAT,0,601362
araCp,0.5,1,1,ATTCAATATGCAGGGTTCAC,0,595813
araCp,0.5,1,1,ATTCAAATAATCATGCCGAC,0,569731
araCp,0.5,1,1,ATTCAAACCGTAAGAGCTAG,0,571311
araCp,0.5,1,1,ATTATTGCTCTTCGGCTTCG,0,544902
araCp,0.5,1,1,ATTATTGAGTGACTCTTCTC,0,580075
araCp,0.5,1,1,ATTATGTTTCGGCCGCACGC,0,540794
araCp,0.5,1,1,ATTATGGCAGCTCCGATACT,0,601726
araCp,0.5,1,1,ATTAGTACTAGCGGTTTGGT,0,557905
araCp,0.5,1,1,ATTAGGTGTCAGTGTGCACG,0,597561
araCp,0.5,1,1,ATTAGGTCCGTCAGTTTTAG,0,571830
araCp,0.5,1,1,ATTAGGAGACATCGCCCTCA,0,587586
araCp,0.5,1,1,ATTAGCGAGATCAATTGGAT,0,588269
araCp,0.5,1,1,ATTAGACTATGCACTCCTGT,0,575487
araCp,0.5,1,1,ATTACTTGGGAGCGAAGGTG,0,578274
araCp,0.5,1,1,ATTACCCCGCTTTACGGGAG,0,582339
araCp,0.5,1,1,ATTACACGATAGTCCCGTTT,0,590101
araCp,0.5,1,1,ATTAATGCAATGGGCGATCT,0,536026
araCp,0.5,1,1,ATTAATGAAAGTCCATTATT,0,528057
araCp,0.5,1,1,ATTAATCTCCAAATGACTTT,0,575988
araCp,0.5,1,1,ATTAAGTAGCTTCGTCGAAG,0,533372
araCp,0.5,1,1,ATTAAATATCACAGTCAAAA,0,603183
araCp,0.5,1,1,ATGTTGTATCCGATGAAATA,0,556513
araCp,0.5,1,1,ATGTTGCGGACGGCAGTTCA,0,558223
araCp,0.5,1,1,ATGTTCCTAAAATGAATAAA,0,586584
araCp,0.5,1,1,ATGTTAATAAAAGATCGGAT,0,551383
araCp,0.5,1,1,ATGTGTGCGGCGTCACGTTG,0,568162
araCp,0.5,1,1,ATGTGTCGATATACAGGCCA,0,564013
araCp,0.5,1,1,ATGTGTACACCCTAATTGGT,0,551930
araCp,0.5,1,1,ATGTGGGGGATAGCGCTCTA,0,571853
araCp,0.5,1,1,ATGTGCGGCTAAAGGAACCA,0,536247
araCp,0.5,1,1,ATGTGCCTGAAGATTCCATA,0,584499
araCp,0.5,1,1,ATGTGATTGAGTGCATTCTC,0,531370
araCp,0.5,1,1,ATGTGAGCGAAAGTCCGTCC,0,535380
araCp,0.5,1,1,ATGTCTACAGTCAAACAGTA,0,580521
araCp,0.5,1,1,ATGTCGCAGCAACTACATTT,0,590893
araCp,0.5,1,1,ATGTCAGTTAGCCTTCAGCC,0,530987
araCp,0.5,1,1,ATGTCAGCTACTATATCGAA,0,547388
araCp,0.5,1,1,ATGTATGGCTCCTAGTTGCG,0,527479
araCp,0.5,1,1,ATGTATATCGGTAATCGAGT,0,567905
araCp,0.5,1,1,ATGTACTAGGCTTCAAGTCA,0,557073
araCp,0.5,1,1,ATGGTGTTAAAATTCCAGTG,0,589499
araCp,0.5,1,1,ATGGTGAGGGGGACGCTGCC,0,572123
araCp,0.5,1,1,ATGGGTAGTTGGGCGAATCA,0,580688
araCp,0.5,1,1,ATGGGGTCGATAGTCCCCTT,0,540914
araCp,0.5,1,1,ATGGGGGCTTGGGGGATTCG,0,545404
araCp,0.5,1,1,ATGGGGCAGGAATCAGGTTC,0,601251
araCp,0.5,1,1,ATGGGCTCGATAACCACTCT,0,551652
araCp,0.5,1,1,ATGGGACATTTATTACCAGG,0,534977
araCp,0.5,1,1,ATGGCGGGGTGACTCAATTG,0,580527
araCp,0.5,1,1,ATGGCCGAATAGGTACCACT,0,528251
araCp,0.5,1,1,ATGGCCCTCGGCGGTGCGTC,0,538607
araCp,0.5,1,1,ATGGCAGGAAACATATTTAT,0,563225
araCp,0.5,1,1,ATGGAACGCACCCATATTCT,0,573653
araCp,0.5,1,1,ATGCTTCTGCTCTTGGCTGG,0,565087
araCp,0.5,1,1,ATGCGGTATGTCACACCAGG,0,544767
araCp,0.5,1,1,ATGCGGCAGTTGGGTATCCA,0,528806
araCp,0.5,1,1,ATGCGACACAGGTACCAAAC,0,549419
araCp,0.5,1,1,ATGCCTGATTGGAAAGTAAT,0,602922
araCp,0.5,1,1,ATGCCCTGCTAATCCCCCGA,0,554599
araCp,0.5,1,1,ATGCCCCTGAACTCTATAGC,0,574523
araCp,0.5,1,1,ATGCCCCGTACCATTTCCCT,0,556493
araCp,0.5,1,1,ATGCCATAGACATGACATAC,0,578348
araCp,0.5,1,1,ATGCACAAGTTAGCGGTTCC,0,591264
araCp,0.5,1,1,ATGCAACCGTCGTCTTAGGC,0,558108
araCp,0.5,1,1,ATGCAAATTTTGTCGCACTC,0,544657
araCp,0.5,1,1,ATGATCTTCTCAGCCACCGA,0,534673
araCp,0.5,1,1,ATGATCTCCCCAGAATTCAG,0,577075
araCp,0.5,1,1,ATGATATGCCGATATCGGGG,0,561771
araCp,0.5,1,1,ATGAGTTTTAAACTAGAGTA,0,575571
araCp,0.5,1,1,ATGAGTATATGTTATATTGA,0,574948
araCp,0.5,1,1,ATGAGGTATATCTACCACTA,0,595696
araCp,0.5,1,1,ATGAGGCTCGTCAACAAGCC,0,528641
araCp,0.5,1,1,ATGAGGCATTGTCATATCTT,0,597780
araCp,0.5,1,1,ATGAGCCTCAAACGTTTCCT,0,567938
araCp,0.5,1,1,ATGAGACCGAGTCAGGTTTC,0,535944
araCp,0.5,1,1,ATGACGCGGCTGCACCTTTA,0,530839
araCp,0.5,1,1,ATGACGAGGTGTTGTTCTAC,0,580671
araCp,0.5,1,1,ATGACGACTTTTTGACAAAC,0,558562
araCp,0.5,1,1,ATGACATGGAGCCCACCCTG,0,601665
araCp,0.5,1,1,ATGAATATGAGCAAGCCTCC,0,558063
araCp,0.5,1,1,ATGAACGGAGGGTGACGCGT,0,538942
araCp,0.5,1,1,ATGAACGAGAGCACGTCACA,0,541113
araCp,0.5,1,1,ATGAAATTTGACGCGGGGTT,0,572245
araCp,0.5,1,1,ATCTTTCCATCAGCCGGCGG,0,528767
araCp,0.5,1,1,ATCTTGCTGTGGCTGTCCCA,0,602662
araCp,0.5,1,1,ATCTTGCCATAGTAGAGATT,0,563958
araCp,0.5,1,1,ATCTTGAGAGTAAGCAGGCC,0,566157
araCp,0.5,1,1,ATCTTCGGCGGGATGCCTAC,0,567806
araCp,0.5,1,1,ATCTTATCGAATGAGAATCT,0,573787
araCp,0.5,1,1,ATCTTACAATCGGTTTGAGA,0,567425
araCp,0.5,1,1,ATCTGGTGAACGTAGCCCGG,0,600732
araCp,0.5,1,1,ATCTGGCAATTCCATCCAGT,0,559098
araCp,0.5,1,1,ATCTGGAAAGGTGCATCCGG,0,544857
araCp,0.5,1,1,ATCTCCTCGGATATAGCATG,0,568684
araCp,0.5,1,1,ATCTATCATACACTGGAAAG,0,571048
araCp,0.5,1,1,ATCTAAGTGGCAAGTATCGG,0,575595
araCp,0.5,1,1,ATCGGTAGTCTATTTCGTAA,0,599049
araCp,0.5,1,1,ATCGCTTCTAGATGGCTTAA,0,534737
araCp,0.5,1,1,ATCGCTCCTTTAGGTTTTTT,0,589464
araCp,0.5,1,1,ATCGCGCTGTGTTGCGGTCG,0,562349
araCp,0.5,1,1,ATCGCCGGTTGTTAGATCCG,0,596828
araCp,0.5,1,1,ATCGCCGGCCAGCACTAGCA,0,573319
araCp,0.5,1,1,ATCCTTCTAAAAATGGCAAC,0,557136
araCp,0.5,1,1,ATCCTGCCGGATACTTGTAA,0,582963
araCp,0.5,1,1,ATCCGTTTCGTAGCTCAAAA,0,575748
araCp,0.5,1,1,ATCCGTTAATCCAGCTGTTC,0,571534
araCp,0.5,1,1,ATCCGTGCGTCTTGTTTTTC,0,547008
araCp,0.5,1,1,ATCCGTCATGGGTATGCTAC,0,541152
araCp,0.5,1,1,ATCCGGACGATGAATCCACG,0,559164
araCp,0.5,1,1,ATCCGCTTGCGCTGCAATAC,0,600654
araCp,0.5,1,1,ATCCCTTTGGCGGATGGTTG,0,539596
araCp,0.5,1,1,ATCCATTTACTATGGGTCTC,0,597352
araCp,0.5,1,1,ATCCATGATCGCCACTGTGA,0,566948
araCp,0.5,1,1,ATCCATCCGGGGGCAACTCG,0,527404
araCp,0.5,1,1,ATCCAATCAGTAGAGACAAA,0,535406
araCp,0.5,1,1,ATCCAAAAATCCCGATCTTT,0,589902
araCp,0.5,1,1,ATCATGTCTTTGAACCGTCA,0,573235
araCp,0.5,1,1,ATCATCCGGGCATTGGCCAT,0,547468
araCp,0.5,1,1,ATCATCAAGTTCCCCCTGGA,0,584634
araCp,0.5,1,1,ATCAGTGCGGTCCTCATGTG,0,573497
araCp,0.5,1,1,ATCAGTGCCATAAAGTGCTG,0,578135
araCp,0.5,1,1,ATCAGTCGAATGGATCTTTA,0,532454
araCp,0.5,1,1,ATCAGGCGTTAAAGCATCTT,0,540413
araCp,0.5,1,1,ATCAGCCAGAGCATTCTTTC,0,570363
araCp,0.5,1,1,ATCAGCATGGGTAAGTCTGT,0,582263
araCp,0.5,1,1,ATCAGCAGGTTTGTTGCCAG,0,600539
araCp,0.5,1,1,ATCAGAAGATGATGAATAAC,0,595191
araCp,0.5,1,1,ATCAGAAAGTCGCACAACCA,0,579917
araCp,0.5,1,1,ATCACTTTTAGTCCTAAGGA,0,592724
araCp,0.5,1,1,ATCACTGGCGTGCGTCATCC,0,584090
araCp,0.5,1,1,ATCACGGTGCAATGCCCTCC,0,550895
araCp,0.5,1,1,ATCACGAACTTACTCCGATC,0,567013
araCp,0.5,1,1,ATCACCCGGTACGGCTCTTT,0,535676
araCp,0.5,1,1,ATCACCAGGTAATAGCAGCT,0,545076
araCp,0.5,1,1,ATCACCAGGGATCGTCGCAT,0,571736
araCp,0.5,1,1,ATCACCAATGCCATCGACGC,0,577718
araCp,0.5,1,1,ATCACACAATACGTATTGTA,0,530869
araCp,0.5,1,1,ATCAATGGAATTGAGCATGT,0,595508
araCp,0.5,1,1,ATCAATGAGATCGCAATGAC,0,600974
araCp,0.5,1,1,ATCAATCTCTTGTGCACGAC,0,590098
araCp,0.5,1,1,ATCAATACCCAGCATCCTAC,0,565670
araCp,0.5,1,1,ATCAAGGTTAGCCTAAGTGG,0,587912
araCp,0.5,1,1,ATCAAGGTGGGCCCCCGAGC,0,566600
araCp,0.5,1,1,ATCAACGCAGAAGGTTAATG,0,568526
araCp,0.5,1,1,ATCAACGAGTTAATCCCCCA,0,600803
araCp,0.5,1,1,ATCAAAAGTAGCCCATTATT,0,530111
araCp,0.5,1,1,ATATTTGGCCCACGTTGGCT,0,526052
araCp,0.5,1,1,ATATTTCTGAAGCCCACTGC,0,600204
araCp,0.5,1,1,ATATTGCCTTGCTCATAAAG,0,566720
araCp,0.5,1,1,ATATTGAACCCTGTGGCGTG,0,595599
araCp,0.5,1,1,ATATTCTAGGATAGTGCCTT,0,546238
araCp,0.5,1,1,ATATTCGCGCTTATACCACT,0,589134
araCp,0.5,1,1,ATATTCCTATTCATACTTTT,0,579839
araCp,0.5,1,1,ATATTAGAAGACAGGGGGTT,0,563866
araCp,0.5,1,1,ATATGGTATGGTTGTGTCCC,0,585926
araCp,0.5,1,1,ATATGCGTTGTCTAGTTGTT,0,527749
araCp,0.5,1,1,ATATGATGAATGCCGCATTT,0,531234
araCp,0.5,1,1,ATATCTAAAACTCTTTTGCA,0,562079
araCp,0.5,1,1,ATATCAATTCTCCTATCGTA,0,582989
araCp,0.5,1,1,ATATATGAGCTAAACGTAGT,0,586565
araCp,0.5,1,1,ATATATAAGGGATGCCGCGG,0,599516
araCp,0.5,1,1,ATATACGGAATCACTCAGCC,0,602569
araCp,0.5,1,1,ATATAATCCAATCTGCTGTT,0,570142
araCp,0.5,1,1,ATAGTGGGGAATTATCGAAG,0,572075
araCp,0.5,1,1,ATAGTGACTCAGGTTAGAAA,0,560466
araCp,0.5,1,1,ATAGTAGCCACGTATACTCA,0,556340
araCp,0.5,1,1,ATAGTAGCAGAGCTGTCGAT,0,556171
araCp,0.5,1,1,ATAGGTGGCCCAATTAAAAC,0,586001
araCp,0.5,1,1,ATAGGTCAGCCAAGTCCAAC,0,590578
araCp,0.5,1,1,ATAGGGTCGCTACGCACTTA,0,552708
araCp,0.5,1,1,ATAGGCTGTTACGAATGCCA,0,550263
araCp,0.5,1,1,ATAGGCTGGGTGGCCTAATC,0,597862
araCp,0.5,1,1,ATAGGACCGATCAGGTAAGC,0,542039
araCp,0.5,1,1,ATAGGAATACCCGAGCATTG,0,600737
araCp,0.5,1,1,ATAGCTGGATCCTTTGATCG,0,593288
araCp,0.5,1,1,ATAGCTCGAATGGGAGTTTC,0,544510
araCp,0.5,1,1,ATAGCGCGCGGTATAGTTAC,0,532597
araCp,0.5,1,1,ATAGCGACGAACTACTTTAC,0,595616
araCp,0.5,1,1,ATAGCCGCTAAAGTTGCACT,0,527047
araCp,0.5,1,1,ATAGCCGATGCTGGAAAATC,0,559813
araCp,0.5,1,1,ATAGATGGGGACGTGATTGT,0,566865
araCp,0.5,1,1,ATAGATCGGGAGTTTATGCA,0,567534
araCp,0.5,1,1,ATAGATACTGGCTAACTTTG,0,553327
araCp,0.5,1,1,ATAGAGCATCGGCTTGGAAG,0,551077
araCp,0.5,1,1,ATAGACACGGGGTGCAACAC,0,560327
araCp,0.5,1,1,ATACTCGCCTAATTACCAGT,0,545317
araCp,0.5,1,1,ATACTACGATTGCTATCGGT,0,600888
araCp,0.5,1,1,ATACGTGCATGGACACAGGG,0,569886
araCp,0.5,1,1,ATACGTCCGCGCAAAGCTTA,0,546988
araCp,0.5,1,1,ATACGTCAAACACTCACTTC,0,577357
araCp,0.5,1,1,ATACGGTCCATGGAGTGACT,0,537264
araCp,0.5,1,1,ATACGGTACCTGCGACACCT,0,569729
araCp,0.5,1,1,ATACGACGTCCACTTGTGCT,0,587401
araCp,0.5,1,1,ATACGAAGGGTGTGATGTTT,0,550503
araCp,0.5,1,1,ATACCTATCTTCTCACGCCC,0,598833
araCp,0.5,1,1,ATACCGTGTGTGACACGTAG,0,593885
araCp,0.5,1,1,ATACCAGGTGTCTTCACAAG,0,534720
araCp,0.5,1,1,ATACCACTTGATGTACAGTA,0,566747
araCp,0.5,1,1,ATACAGTATACAAAGAAATA,0,589296
araCp,0.5,1,1,ATACAGCACGCCCGATAAAA,0,577926
araCp,0.5,1,1,ATACACTCAGATCGCCCCCA,0,541893
araCp,0.5,1,1,ATACAATTCATGCGGGGTTC,0,538438
araCp,0.5,1,1,ATAATTGAGGCACGTGCGGT,0,544890
araCp,0.5,1,1,ATAATGCGCCAACTTAGCGG,0,598758
araCp,0.5,1,1,ATAATAAAAGAGACGGCGTG,0,600613
araCp,0.5,1,1,ATAAGTTGACCTCATTCATA,0,560384
araCp,0.5,1,1,ATAAGGTCTAGGAGTTGGTA,0,563669
araCp,0.5,1,1,ATAAGATGAAGCGTATATGT,0,590377
araCp,0.5,1,1,ATAAGAAGGTAATGAGCATT,0,553806
araCp,0.5,1,1,ATAACTCGTTTCAGCACCAT,0,527524
araCp,0.5,1,1,ATAACCCGGGGAGGGATCTA,0,601119
araCp,0.5,1,1,ATAACCCGGCGTAGGAACCT,0,540646
araCp,0.5,1,1,ATAACCCGACGTCATGCGGA,0,556138
araCp,0.5,1,1,ATAACATATGGTGAACTGCT,0,556458
araCp,0.5,1,1,ATAACAGCACTGTCGTGGTC,0,561795
araCp,0.5,1,1,ATAAATTTCGCACGGGCCCT,0,544950
araCp,0.5,1,1,ATAAATGGCTTCTGCGGGGG,0,585767
araCp,0.5,1,1,ATAAATCACGTTTACACGCA,0,598808
araCp,0.5,1,1,ATAAATAGCCATATTCCGAG,0,548363
araCp,0.5,1,1,ATAAACCAGTGTCAAAAGGC,0,557046
araCp,0.5,1,1,ATAAAAGGGGCTAGAATACT,0,597355
araCp,0.5,1,1,AGTTTTGCTGGTGAGTACAC,0,532659
araCp,0.5,1,1,AGTTTCGCTCTCCCTATTAT,0,556279
araCp,0.5,1,1,AGTTTCGCGTTGGTGGGTTT,0,525760
araCp,0.5,1,1,AGTTTAGCGGCTTAGCCCGG,0,554557
araCp,0.5,1,1,AGTTGTCAGCCCGCTTCAGT,0,568247
araCp,0.5,1,1,AGTTGCGCCTCGGATTTCGG,0,590460
araCp,0.5,1,1,AGTTCCTCTGGCTACGAGGG,0,589528
araCp,0.5,1,1,AGTTCCCCTGGAAGGGTGAA,0,536522
araCp,0.5,1,1,AGTTCAATTGTAGGGGAGCT,0,569331
araCp,0.5,1,1,AGTTACTAGCTTGGTTCATC,0,582559
araCp,0.5,1,1,AGTTAATCCAAATTCAGCTG,0,577709
araCp,0.5,1,1,AGTTAACCGTCTCATGTAAA,0,549804
araCp,0.5,1,1,AGTGTTGTCCAGATGCGAAG,0,568950
araCp,0.5,1,1,AGTGTGCGCACCGGTCACTG,0,593180
araCp,0.5,1,1,AGTGTGCCTGTTTCCCAGTA,0,600257
araCp,0.5,1,1,AGTGTGACGTTTGTTGGCCT,0,564749
araCp,0.5,1,1,AGTGTATTGAACTCAATAGT,0,538546
araCp,0.5,1,1,AGTGGCCATAACAATATCTT,0,569399
araCp,0.5,1,1,AGTGGAGCTTCGCCCTGAAG,0,562651
araCp,0.5,1,1,AGTGGAACCCAAGAGTCAAC,0,535459
araCp,0.5,1,1,AGTGCTTGCTGGTAAATCTA,0,564578
araCp,0.5,1,1,AGTGCTTCTATTTAACCGTC,0,576536
araCp,0.5,1,1,AGTGCTCACCTGGATTCGTA,0,587336
araCp,0.5,1,1,AGTGCGTCCCATTGTCTACT,0,541053
araCp,0.5,1,1,AGTGCGACGAGAATGAACAA,0,566805
araCp,0.5,1,1,AGTGCGAAAAGGTGTTTTTA,0,575948
araCp,0.5,1,1,AGTGCCTGCCTGGACTCGGA,0,590590
araCp,0.5,1,1,AGTGCCAGCTCGTGAATTGA,0,559116
araCp,0.5,1,1,AGTGCCAACCTTGCCGGTAA,0,532594
araCp,0.5,1,1,AGTGCAGGGATCGGCTCCAA,0,603537
araCp,0.5,1,1,AGTGCAGACGTTACTAACAG,0,535192
araCp,0.5,1,1,AGTGCAATGATTACTACCGA,0,554596
araCp,0.5,1,1,AGTGATTAAGCACAGTTGCT,0,598153
araCp,0.5,1,1,AGTGATGTGATATGCGGACC,0,553847
araCp,0.5,1,1,AGTGATCGCGGGTGCAATTC,0,582236
araCp,0.5,1,1,AGTGATAATGTCACTTATGG,0,565918
araCp,0.5,1,1,AGTGAGCTCTGTTTTTCGTC,0,555955
araCp,0.5,1,1,AGTGACCTGCCTTCGAACCG,0,598274
araCp,0.5,1,1,AGTGAAGTCTAGGAATGCTC,0,568711
araCp,0.5,1,1,AGTCTGTTAGGCTTTAAACA,0,535241
araCp,0.5,1,1,AGTCTAAAACTTGAATATAA,0,602424
araCp,0.5,1,1,AGTCGCGCCGGCACCGACAG,0,581033
araCp,0.5,1,1,AGTCGCCGCCGTGACTTATA,0,573980
araCp,0.5,1,1,AGTCCATATTGGAACTCGGC,0,553089
araCp,0.5,1,1,AGTCCAGGTAGTACATCCGT,0,540879
araCp,0.5,1,1,AGTCCAGAGGCTCTCAATTT,0,590303
araCp,0.5,1,1,AGTCCAAGGAACCGCTGAAC,0,574132
araCp,0.5,1,1,AGTCATTGACGAAGACGTAT,0,561799
araCp,0.5,1,1,AGTCAGTTTTCGGAGTTAGG,0,597141
araCp,0.5,1,1,AGTCAGATCCAACCCTGATG,0,532130
araCp,0.5,1,1,AGTCAATACATGACGACTTC,0,596658
araCp,0.5,1,1,AGTATTGATCGCGTTGGGGG,0,579001
araCp,0.5,1,1,AGTAGTTACAAATTGCTTAA,0,532943
araCp,0.5,1,1,AGTAGGTTTTCAGTGCATTT,0,552770
araCp,0.5,1,1,AGTAGGGCGTGTAGTATAAT,0,592985
araCp,0.5,1,1,AGTAGGAGTTGTACAAGGTG,0,526194
araCp,0.5,1,1,AGTAGGAGCCATTGCGCTCC,0,589300
araCp,0.5,1,1,AGTAGGAGCAAAGGTGGACT,0,556065
araCp,0.5,1,1,AGTAGACGTAAGTTCTCGAG,0,531375
araCp,0.5,1,1,AGTACATTGATGTCAGACTG,0,589608
araCp,0.5,1,1,AGTAAGTTTACAAACAGAGG,0,528904
araCp,0.5,1,1,AGTAAGATGGCCCCTCTGAC,0,592441
araCp,0.5,1,1,AGTAACTCTAGCGGAAATAC,0,587801
araCp,0.5,1,1,AGTAACTACAGAATTTTCGA,0,554350
araCp,0.5,1,1,AGTAACCTGATGGATGGGGT,0,598256
araCp,0.5,1,1,AGTAAAATGTCAAGGTCGGA,0,599312
araCp,0.5,1,1,AGGTTTGAACCTTACAGACT,0,561809
araCp,0.5,1,1,AGGTTTCATTACGCCCCTAT,0,578322
araCp,0.5,1,1,AGGTTTCAGAGTAGATGCAG,0,538205
araCp,0.5,1,1,AGGTTGGCCATCAGTAATGC,0,552138
araCp,0.5,1,1,AGGTTGATTTGGTCCTGTCT,0,583370
araCp,0.5,1,1,AGGTTGAATTATGAACCGCA,0,533517
araCp,0.5,1,1,AGGTTCTAGCTCCGATCCCT,0,594385
araCp,0.5,1,1,AGGTTATGTGCTCCTAATTT,0,547660
araCp,0.5,1,1,AGGTTACGTAAGTTTTGCCT,0,584417
araCp,0.5,1,1,AGGTTAAAGAGTCGGTCCCA,0,597391
araCp,0.5,1,1,AGGTGTGAAGCAACACTTTC,0,580091
araCp,0.5,1,1,AGGTGTCGGTACACAGTGCT,0,582044
araCp,0.5,1,1,AGGTGTACATGCCGACGCAT,0,583342
araCp,0.5,1,1,AGGTGGCCGAGTTATTTTTG,0,536547
araCp,0.5,1,1,AGGTGGCACGGAAGTGCACA,0,603339
araCp,0.5,1,1,AGGTGCTCGTAATGTCGGAG,0,575270
araCp,0.5,1,1,AGGTGATCCAGTACCGATAG,0,595915
araCp,0.5,1,1,AGGTCTTACATTTAACAAGG,0,560746
araCp,0.5,1,1,AGGTCGTACACTAGAACTAA,0,574477
araCp,0.5,1,1,AGGTCGGGTTGGTGTCCATA,0,580201
araCp,0.5,1,1,AGGTCGCCGGAGCGGGAAAG,0,595761
araCp,0.5,1,1,AGGTCCTGAAGAATGCGGGA,0,529323
araCp,0.5,1,1,AGGTCCGAATATGATGGAAA,0,580885
araCp,0.5,1,1,AGGTCCCGCGGGCAGGCTTG,0,541288
araCp,0.5,1,1,AGGTCATTATAGTAGGCGGG,0,569900
araCp,0.5,1,1,AGGTCAGGCGTGTTCGAGAA,0,528808
araCp,0.5,1,1,AGGTCAGCTTGCTTCAACCT,0,567068
araCp,0.5,1,1,AGGTCACGGGGGCATAGCCC,0,542409
araCp,0.5,1,1,AGGTCAATGTACGTCCATCG,0,559346
araCp,0.5,1,1,AGGTAGCTATCATCCAGCAC,0,557264
araCp,0.5,1,1,AGGTACACTCTGGTAAGACT,0,588298
araCp,0.5,1,1,AGGTACACGTAACTAAGTCA,0,574595
araCp,0.5,1,1,AGGTAATAGCTCGTGTCTGG,0,536375
araCp,0.5,1,1,AGGTAACCGGAGAGATTGGC,0,541075
araCp,0.5,1,1,AGGGTTTTTATTGGCCTTGG,0,550225
araCp,0.5,1,1,AGGGTTCGAGGGCTCGTGCC,0,527799
araCp,0.5,1,1,AGGGTTCAGGAGTTAGTGTG,0,577538
araCp,0.5,1,1,AGGGTGCATCGGGGGATCGC,0,565139
araCp,0.5,1,1,AGGGTCAACCAAGTGCTGGG,0,598674
araCp,0.5,1,1,AGGGTATGAGTGCTAGCTGG,0,596524
araCp,0.5,1,1,AGGGGTATGAACGATGCGTA,0,528537
araCp,0.5,1,1,AGGGCCTTGCAGGTGGCCAT,0,583040
araCp,0.5,1,1,AGGGCCGCATCCTTGGTGAA,0,571974
araCp,0.5,1,1,AGGGATGACAGCGCATATCT,0,550381
araCp,0.5,1,1,AGGGATCTGGCCCCAGTTTA,0,561891
araCp,0.5,1,1,AGGGATAACATTGCTCCCTG,0,561290
araCp,0.5,1,1,AGGGACTTGGTTAATTTATT,0,586801
araCp,0.5,1,1,AGGGACGCCCCAGGATGGGA,0,544209
araCp,0.5,1,1,AGGGACCTGCGACATATTTG,0,527447
araCp,0.5,1,1,AGGCTGTACTAGGTTACGTC,0,547735
araCp,0.5,1,1,AGGCTCATAGCGTAAACACA,0,538234
araCp,0.5,1,1,AGGCTATGATAATGGTAAGA,0,581929
araCp,0.5,1,1,AGGCTAGGTCGTATTGACCA,0,559775
araCp,0.5,1,1,AGGCTACCGTTCAGACGTCG,0,548036
araCp,0.5,1,1,AGGCGTCTGGGACCTGAAAG,0,532949
araCp,0.5,1,1,AGGCGTATATCAGGTGTTCC,0,567521
araCp,0.5,1,1,AGGCGGAGATTTTATATTGT,0,550203
araCp,0.5,1,1,AGGCGCGCAGTGGTCGGAAG,0,555105
araCp,0.5,1,1,AGGCGATGGCGGAGGGGTTA,0,603610
araCp,0.5,1,1,AGGCGAATGCTCACTGGGGT,0,576608
araCp,0.5,1,1,AGGCCTTAACGGAAACATGA,0,530529
araCp,0.5,1,1,AGGCCGTTTTGCCTGCCACG,0,532621
araCp,0.5,1,1,AGGCCCTGTGAACTCCCGGC,0,530679
araCp,0.5,1,1,AGGCCCCTGCCCTAAAGCTA,0,581865
araCp,0.5,1,1,AGGATTGTTTAGATGGTCGC,0,565394
araCp,0.5,1,1,AGGATGTGTGTACACCGCGA,0,575929
araCp,0.5,1,1,AGGATACGCTGCGTTTGACG,0,576346
araCp,0.5,1,1,AGGAGTGTAATCTGACCGAT,0,567837
araCp,0.5,1,1,AGGAGTGGCACGAACTTGAC,0,557499
araCp,0.5,1,1,AGGAGCTCCATAGAATCTCG,0,536242
araCp,0.5,1,1,AGGAGAACCCTGCCCGTAGC,0,573526
araCp,0.5,1,1,AGGACTGCTCCATTCGTAGG,0,558564
araCp,0.5,1,1,AGGACTAAAGCAGGTATTGG,0,538805
araCp,0.5,1,1,AGGACCGGGATGGGCTGTTG,0,561044
araCp,0.5,1,1,AGGACCACACGAGGTTTCGG,0,550144
araCp,0.5,1,1,AGGACAGTTAAACTTTTCTT,0,583540
araCp,0.5,1,1,AGGAATCTGTCTCTGTTATA,0,577285
araCp,0.5,1,1,AGGAAGAGGGGGCAAGCCCA,0,567358
araCp,0.5,1,1,AGCTTGTGGTGCAATGTGGC,0,532182
araCp,0.5,1,1,AGCTTGCAAGCTAGATAACT,0,591316
araCp,0.5,1,1,AGCTTCCCTTGTCAATCGAT,0,564809
araCp,0.5,1,1,AGCTTCATTGCGATTGATAT,0,597874
araCp,0.5,1,1,AGCTTATATTGCTGAACGAG,0,591888
araCp,0.5,1,1,AGCTTAGGCGTGCAATGATA,0,577276
araCp,0.5,1,1,AGCTTAGCTCTGTGAGATCA,0,574990
araCp,0.5,1,1,AGCTTACTTCCTCAACTGAA,0,583698
araCp,0.5,1,1,AGCTTACCGTCGAGCAGGGG,0,538734
araCp,0.5,1,1,AGCTGTGTGTCGCGGGTGAA,0,565701
araCp,0.5,1,1,AGCTGACCGAAATACCCCCC,0,573125
araCp,0.5,1,1,AGCTGAACATTTTCGGCATC,0,525676
araCp,0.5,1,1,AGCTCCTTCTAACAGCCTAA,0,577401
araCp,0.5,1,1,AGCTCCTAGTACTGTTTACT,0,554232
araCp,0.5,1,1,AGCTCCATGGTAGAACGCAC,0,575006
araCp,0.5,1,1,AGCTCAACGCACCTGAACTG,0,594206
araCp,0.5,1,1,AGCTATATACTTCGCTCCGA,0,576129
araCp,0.5,1,1,AGCTAACTATTCTTTAGCGG,0,541354
araCp,0.5,1,1,AGCGTGGTCGCGGGCTATCT,0,535339
araCp,0.5,1,1,AGCGTGAAAGCGGAACTATA,0,535414
araCp,0.5,1,1,AGCGTCCCTTCATAGCTGCG,0,583250
araCp,0.5,1,1,AGCGTACCGCGGACCGTGGC,0,593964
araCp,0.5,1,1,AGCGGGTGCTCGGTGGGTAT,0,582053
araCp,0.5,1,1,AGCGGGGCATAATAAAACAA,0,545150
araCp,0.5,1,1,AGCGGCGTATTTAGACGCAG,0,571465
araCp,0.5,1,1,AGCGGATGGCAGCTGGTAGA,0,596091
araCp,0.5,1,1,AGCGCGGCAACTCCTTCCAG,0,530079
araCp,0.5,1,1,AGCGCGAATGCCATGAGTGC,0,563758
araCp,0.5,1,1,AGCGCCTTTCGCCCGGGTCC,0,599243
araCp,0.5,1,1,AGCGAGTTTAATAACTTACC,0,588744
araCp,0.5,1,1,AGCGAGGCAGGACGCTCTGT,0,550990
araCp,0.5,1,1,AGCGAGAACTGATGAAAGAG,0,583249
araCp,0.5,1,1,AGCGACCTCGATCATAGGCC,0,549947
araCp,0.5,1,1,AGCGAAGTGGCCGCATAGAC,0,594734
araCp,0.5,1,1,AGCCTTAAGGAGGAGTGGCC,0,547392
araCp,0.5,1,1,AGCCTCCAGTTTCGCTCTTT,0,536273
araCp,0.5,1,1,AGCCTCACTGGCAACGTAAC,0,595214
araCp,0.5,1,1,AGCCTATCTATAGAGTCCTC,0,599790
araCp,0.5,1,1,AGCCTACCTGTTACCATTTA,0,572398
araCp,0.5,1,1,AGCCGGATCAACTTTGCTCG,0,552368
araCp,0.5,1,1,AGCCGCTGAGCGAAGTGTCG,0,561005
araCp,0.5,1,1,AGCCCGCTAAGTGTGCCAGT,0,540270
araCp,0.5,1,1,AGCCAGCTCCTTCGGTATCT,0,586618
araCp,0.5,1,1,AGCCAGATTTCCTGGACGGT,0,596143
araCp,0.5,1,1,AGCCACCCATCCATAGTGGA,0,554095
araCp,0.5,1,1,AGCCAATAGGCATATGATCG,0,578610
araCp,0.5,1,1,AGCCAAAGACCATTGGTAGA,0,556382
araCp,0.5,1,1,AGCATGGTCAGGGTTTGGTG,0,536706
araCp,0.5,1,1,AGCATGGATTTAAAAACGCC,0,535230
araCp,0.5,1,1,AGCATGCGCGGATCCAAAAT,0,566054
araCp,0.5,1,1,AGCATGAGTCTCCCTCGCGA,0,532742
araCp,0.5,1,1,AGCATGAAACTGCGTCTCAC,0,586708
araCp,0.5,1,1,AGCATATAGTCCTCGGGGAT,0,569189
araCp,0.5,1,1,AGCAGTTTCACCCCGGTACT,0,547422
araCp,0.5,1,1,AGCAGTCTGATCTTCAGACC,0,543637
araCp,0.5,1,1,AGCAGCCGTTATGGTCCGGG,0,568534
araCp,0.5,1,1,AGCAGCCCACCCTCAACGTT,0,576207
araCp,0.5,1,1,AGCAGAATACGTGGAAGTCA,0,533228
araCp,0.5,1,1,AGCAGAAGCCGTCTCGGGTA,0,592221
araCp,0.5,1,1,AGCACCTAAACCTGACTCTT,0,537772
araCp,0.5,1,1,AGCACAGCCCTTGTATACGT,0,563352
araCp,0.5,1,1,AGCAATGCGCAATTGCATCA,0,564311
araCp,0.5,1,1,AGCAATCCGGACCGACAACA,0,557066
araCp,0.5,1,1,AGCAAGTAAACAATTGACTC,0,532308
araCp,0.5,1,1,AGCAAGGGCTACACGCTCCA,0,592502
araCp,0.5,1,1,AGCAAGCTCGGGCCATGCTA,0,600034
araCp,0.5,1,1,AGCAACCCAGCCCATTGGGA,0,529498
araCp,0.5,1,1,AGATTTTCGGTGGGTAATGC,0,565770
araCp,0.5,1,1,AGATTTCCATTAGCGCTCCG,0,578045
araCp,0.5,1,1,AGATTTATCAATTTACAATT,0,526407
araCp,0.5,1,1,AGATTTACGTCGCGTAACGT,0,530471
araCp,0.5,1,1,AGATTCCTGAGCCGCGTGGG,0,573676
araCp,0.5,1,1,AGATTCCATCTTGCAGACGC,0,567458
araCp,0.5,1,1,AGATTCATATGGTTAGTCAT,0,602059
araCp,0.5,1,1,AGATGTTACGGCGGCACCTG,0,592755
araCp,0.5,1,1,AGATGTCGTTGACCAATCAA,0,579579
araCp,0.5,1,1,AGATGTATGGTGCGGGGCGT,0,533474
araCp,0.5,1,1,AGATGCTGCCACCAGATCGG,0,603099
araCp,0.5,1,1,AGATGCTCTTGGTTCAAAAC,0,560980
araCp,0.5,1,1,AGATCTGTCCACCAATGCAT,0,572672
araCp,0.5,1,1,AGATCTATTATTAACACTGA,0,554114
araCp,0.5,1,1,AGATCGTTGTTGCTTCTGTG,0,584188
araCp,0.5,1,1,AGATCAAGGCTTAGACACGT,0,552689
araCp,0.5,1,1,AGATCAAAGCGTGCCCGATT,0,591524
araCp,0.5,1,1,AGATATCGAATCACGTACCG,0,580438
araCp,0.5,1,1,AGATAGGTAACAGCATACAT,0,566731
araCp,0.5,1,1,AGATAGGAACGACAGCCACA,0,580802
araCp,0.5,1,1,AGATAATCCCTGGCAGTGTA,0,603662
araCp,0.5,1,1,AGAGTGTGAAGTCGTTGTGA,0,600809
araCp,0.5,1,1,AGAGTCTGAAACTCCGTATA,0,534241
araCp,0.5,1,1,AGAGTAATAAGTGGACGGAA,0,561505
araCp,0.5,1,1,AGAGGGTAACCGCTCCTGGT,0,529863
araCp,0.5,1,1,AGAGGCCTCCTTTGTTGCAA,0,547249
araCp,0.5,1,1,AGAGGAATGCGATTGAGATA,0,584662
araCp,0.5,1,1,AGAGCCTAAAATCAGTGGTG,0,555807
araCp,0.5,1,1,AGAGCCCATCAACAGGCAGG,0,534913
araCp,0.5,1,1,AGAGCATATTTAACCTGATG,0,588807
araCp,0.5,1,1,AGAGCACTTCTCGTAACCAA,0,531451
araCp,0.5,1,1,AGAGCACCGCTGCTAGGTAC,0,552244
araCp,0.5,1,1,AGAGATTATTGAACTCGTGT,0,533941
araCp,0.5,1,1,AGAGATGCCATGGTCTCTGT,0,566248
araCp,0.5,1,1,AGAGAGTTCGGCTGGGAGAG,0,567891
araCp,0.5,1,1,AGAGAGTGTTTCCAAACGGT,0,563508
araCp,0.5,1,1,AGAGAGCTTATGCCAGCGAA,0,538211
araCp,0.5,1,1,AGAGACTGGGGCGCGACTGC,0,573189
araCp,0.5,1,1,AGAGACAATCGAGGAATGTC,0,544077
araCp,0.5,1,1,AGACTGTTTTCTCGTATGAA,0,577948
araCp,0.5,1,1,AGACTGTCTCTCACAGCTCT,0,543667
araCp,0.5,1,1,AGACTCCATGACGTATTCAC,0,530835
araCp,0.5,1,1,AGACTAAGGGATACTATCCG,0,600659
araCp,0.5,1,1,AGACGGGTTTGAGGCATACC,0,545983
araCp,0.5,1,1,AGACGAGTCTGGTCCACAGG,0,564086
araCp,0.5,1,1,AGACGAACTCGATTTACTCG,0,562835
araCp,0.5,1,1,AGACCCGGCATGAACGCAGT,0,535096
araCp,0.5,1,1,AGACCCGCCTTAGATGCGTT,0,585143
araCp,0.5,1,1,AGACCACGCTGATCAAGTAA,0,555172
araCp,0.5,1,1,AGACCACCACCGCAGCTTCG,0,559402
araCp,0.5,1,1,AGACATTGCCACGAGCTGAA,0,549402
araCp,0.5,1,1,AGACAGTATAAGTAGCCTCT,0,526068
araCp,0.5,1,1,AGACAACCGGCCACCGCAAC,0,595002
araCp,0.5,1,1,AGACAAAGGGGTTTCACCCG,0,563552
araCp,0.5,1,1,AGAATAGTGAGTAAAAATGC,0,560325
araCp,0.5,1,1,AGAAGTGGTTTCAATGTGTT,0,564225
araCp,0.5,1,1,AGAAGCGCATAATTATATCT,0,546171
araCp,0.5,1,1,AGAAGACCTCAAGCCTCGAA,0,581536
araCp,0.5,1,1,AGAACGTCTATCCCCGCATG,0,590441
araCp,0.5,1,1,AGAACGCGCGGGTGGCCCAT,0,549950
araCp,0.5,1,1,AGAACCACGGTAGGAAGCCC,0,546742
araCp,0.5,1,1,AGAACAATGTGACGGCGTTT,0,566236
araCp,0.5,1,1,AGAACAATGACCGGACGAAA,0,532398
araCp,0.5,1,1,AGAAATGTTCGTATTAGCTA,0,576227
araCp,0.5,1,1,AGAAAGGGTTCATAAGGTTC,0,533625
araCp,0.5,1,1,AGAAAGAGGGGTTAAGACAG,0,586804
araCp,0.5,1,1,AGAAACGTACCGCTAGGGTT,0,570296
araCp,0.5,1,1,AGAAAAAAAAGTGTGGCACC,0,601217
araCp,0.5,1,1,ACTTTCTTAGGTTATGATGT,0,571271
araCp,0.5,1,1,ACTTGTTTTGTGGGTTCTGG,0,579716
araCp,0.5,1,1,ACTTGGTCTCGACATTGCTT,0,541403
araCp,0.5,1,1,ACTTGAGGAAGGCATCCAAG,0,573004
araCp,0.5,1,1,ACTTCGTTTATCTAGGGGCA,0,582521
araCp,0.5,1,1,ACTTCGTAGATCCCGGCCTA,0,598257
araCp,0.5,1,1,ACTTCATCGAGGTTCTGAAT,0,536098
araCp,0.5,1,1,ACTTAGTCAGCTTCGCCGTA,0,532029
araCp,0.5,1,1,ACTTAGATGACACGACGATT,0,593894
araCp,0.5,1,1,ACTTAGACACTCGGGAGTAA,0,533249
araCp,0.5,1,1,ACTGTTTTACATGACGTATG,0,574212
araCp,0.5,1,1,ACTGTTATTGGATCGACTTT,0,582914
araCp,0.5,1,1,ACTGTGTGTACGTGACGGCA,0,588597
araCp,0.5,1,1,ACTGTGCCGACGGACTGCAT,0,595650
araCp,0.5,1,1,ACTGTACATGAAGGGCTGCA,0,538719
araCp,0.5,1,1,ACTGGTTCAAGGCGCCTGCG,0,579447
araCp,0.5,1,1,ACTGGTTAACGTTATTCGAC,0,558581
araCp,0.5,1,1,ACTGGTGCCTTATAGACGCG,0,599949
araCp,0.5,1,1,ACTGGTGCCGTGAATTAAAC,0,561973
araCp,0.5,1,1,ACTGGTACGGGTCATAGACA,0,570772
araCp,0.5,1,1,ACTGGGACATACCCTAATAT,0,534849
araCp,0.5,1,1,ACTGGCTGAGAGGCCAACTA,0,588467
araCp,0.5,1,1,ACTGGCGATGTGTGGACTGA,0,529845
araCp,0.5,1,1,ACTGGCCGAAACACGGTCAA,0,565578
araCp,0.5,1,1,ACTGGATAATGGGCGTAGCG,0,584230
araCp,0.5,1,1,ACTGGAGTAACAAGTGCTCT,0,599811
araCp,0.5,1,1,ACTGGAGCCACCGTCGTTAT,0,548241
araCp,0.5,1,1,ACTGGAATCCAATGTCGTCT,0,562828
araCp,0.5,1,1,ACTGCTTTGACTACGGATAT,0,562845
araCp,0.5,1,1,ACTGAGAGTGTCAAGCTCGG,0,567143
araCp,0.5,1,1,ACTGACTCACGTTCGTGAAT,0,528576
araCp,0.5,1,1,ACTGAATAGCGAGGCCAATG,0,592588
araCp,0.5,1,1,ACTCTTTTCCAACCAGAGCA,0,557348
araCp,0.5,1,1,ACTCTTGCGTCACATGATCC,0,595023
araCp,0.5,1,1,ACTCTGGACGTCGAAATGTT,0,564853
araCp,0.5,1,1,ACTCTCTTGCAGACAGTCGC,0,534905
araCp,0.5,1,1,ACTCTCTCCTCATCCGGAGT,0,587983
araCp,0.5,1,1,ACTCGTACCAATCTCACCAG,0,551404
araCp,0.5,1,1,ACTCGCAGTATGACTAATCA,0,550264
araCp,0.5,1,1,ACTCGATTGTAACAAAAGCC,0,528503
araCp,0.5,1,1,ACTCCGTCCCGCGTACGCGC,0,560149
araCp,0.5,1,1,ACTCCGTCAAGTTGGTCAGG,0,554218
araCp,0.5,1,1,ACTCCGAGGTGTTCGCGGAG,0,580635
araCp,0.5,1,1,ACTCCCACAGTCACCGCGGA,0,566707
araCp,0.5,1,1,ACTCATTTCAGGTGCAGTAA,0,590740
araCp,0.5,1,1,ACTCATATATACCCTTCCGA,0,573820
araCp,0.5,1,1,ACTCACGTTTGATGTAAGAA,0,574706
araCp,0.5,1,1,ACTCAACGGTTACAGCAGAG,0,599441
araCp,0.5,1,1,ACTATCGTAATAACCCTTCA,0,603235
araCp,0.5,1,1,ACTATCCTTAGTGTTCGCAA,0,546034
araCp,0.5,1,1,ACTATAGACTTCAGGCGAAG,0,531412
araCp,0.5,1,1,ACTAGGAACTGAGTGACCTG,0,575189
araCp,0.5,1,1,ACTAGCCGACCGTATGAGTG,0,557065
araCp,0.5,1,1,ACTAGAGCTACCGGTTTTTA,0,554244
araCp,0.5,1,1,ACTACTGCCAGTAATCAAGG,0,576782
araCp,0.5,1,1,ACTACGTGTGAGGAAGTTTA,0,563532
araCp,0.5,1,1,ACTACGGGCGACCGGTCGGA,0,564379
araCp,0.5,1,1,ACTACGGCCGGATAAAAAGC,0,600607
araCp,0.5,1,1,ACTACGCATGCCCTCGACCG,0,564738
araCp,0.5,1,1,ACTACAACACAGTGGGAAGC,0,552302
araCp,0.5,1,1,ACGTTTCTTGTTGATTTTTA,0,594486
araCp,0.5,1,1,ACGTTGTATCTCGACGAGAC,0,565886
araCp,0.5,1,1,ACGTTCCCTGTATTTCGGTA,0,548377
araCp,0.5,1,1,ACGTTCAACTATGAAAGACC,0,590140
araCp,0.5,1,1,ACGTTATGTCCTGTGCCAAA,0,565832
araCp,0.5,1,1,ACGTTACCAATATAGATGAG,0,560204
araCp,0.5,1,1,ACGTTACAGCAGTTGGATAG,0,592482
araCp,0.5,1,1,ACGTGTGGGAATAACGGGCG,0,526085
araCp,0.5,1,1,ACGTGGCGTCCATCATTATC,0,592857
araCp,0.5,1,1,ACGTGCACCCCACTGCGCAC,0,598223
araCp,0.5,1,1,ACGTGAACGTCCCTAGTAGC,0,592950
araCp,0.5,1,1,ACGTCCTATTAGGCGTTAGA,0,544718
araCp,0.5,1,1,ACGTCATATAGCTCGTGGAC,0,573716
araCp,0.5,1,1,ACGTCATAAGGTCATTCAGT,0,573502
araCp,0.5,1,1,ACGTCAGTCCATACGTCATT,0,570429
araCp,0.5,1,1,ACGTAGCGTTCGAACGTGTA,0,527507
araCp,0.5,1,1,ACGTACGGGTAAATTTAACG,0,549071
araCp,0.5,1,1,ACGTACGCATTGGGACTTAG,0,537420
araCp,0.5,1,1,ACGTAACTACGAACGGTGAT,0,581369
araCp,0.5,1,1,ACGTAACAACAGTCGGGGCA,0,585535
araCp,0.5,1,1,ACGGTTTCCTCGTGTATGTA,0,584136
araCp,0.5,1,1,ACGGTGCTTTGGGTGCGCGA,0,592139
araCp,0.5,1,1,ACGGTCTGGGGGATATCCCC,0,534149
araCp,0.5,1,1,ACGGTCCGGGACCCCTCAAT,0,536666
araCp,0.5,1,1,ACGGTAGCATTTAAAGTAGG,0,588996
araCp,0.5,1,1,ACGGTACACCCTCGCTCCAC,0,598878
araCp,0.5,1,1,ACGGGTCTTCGCATTCTTGG,0,590933
araCp,0.5,1,1,ACGGGTACCTAGACCGGATG,0,587126
araCp,0.5,1,1,ACGGGATTGTTAAAAAATGA,0,530250
araCp,0.5,1,1,ACGGGATAAATCGGTATCTT,0,557477
araCp,0.5,1,1,ACGGGAGTTACACGGGGTGG,0,568176
araCp,0.5,1,1,ACGGGACGCTCACCGTGCTA,0,577468
araCp,0.5,1,1,ACGGGACAACTAGCTCCATA,0,558878
araCp,0.5,1,1,ACGGCGATGGATCCTGACAT,0,602931
araCp,0.5,1,1,ACGGCGAGTCGAAAGAACTC,0,573394
araCp,0.5,1,1,ACGGCATCGTATACTAGCGA,0,561703
araCp,0.5,1,1,ACGGACAGGACTGTGCTCAC,0,581071
araCp,0.5,1,1,ACGGACACTCCGGTGAGTCC,0,542747
araCp,0.5,1,1,ACGCTTGCAATGCCCCATGG,0,596359
araCp,0.5,1,1,ACGCTTGAAACTGGTGGAGT,0,542303
araCp,0.5,1,1,ACGCTGTCTTTGCTTTCGGG,0,529854
araCp,0.5,1,1,ACGCTGGATTAACACGAATG,0,526012
araCp,0.5,1,1,ACGCTGCGTGATGGATCGCT,0,586843
araCp,0.5,1,1,ACGCTCTACAAGTTATTGTG,0,548514
araCp,0.5,1,1,ACGCTCGGCATTACTCATCA,0,597818
araCp,0.5,1,1,ACGCTCCATAGGACGGTCCA,0,574496
araCp,0.5,1,1,ACGCGTATTGTCAGTTCACT,0,601771
araCp,0.5,1,1,ACGCGGCTCCCGTATGTTTC,0,540026
araCp,0.5,1,1,ACGCGATCTCCGACTCCTAT,0,562557
araCp,0.5,1,1,ACGCCGTGACAGTATACAGT,0,557366
araCp,0.5,1,1,ACGCCGGGTGGAAAGTTATG,0,567486
araCp,0.5,1,1,ACGCCATAGTTCCAGGTGGA,0,544803
araCp,0.5,1,1,ACGCATGCAGTTTCGCTCCT,0,601164
araCp,0.5,1,1,ACGCAGGTGCGAGCCTCATT,0,576993
araCp,0.5,1,1,ACGCAGGACGGCGTGAGTAA,0,601882
araCp,0.5,1,1,ACGCAGCAAGTAGCAGGCGA,0,550111
araCp,0.5,1,1,ACGCACTCGCCTTGCTACGG,0,564913
araCp,0.5,1,1,ACGCACCTCTCATAGTGGTT,0,563663
araCp,0.5,1,1,ACGCAATTTAGGATCTCGGA,0,540168
araCp,0.5,1,1,ACGCAAGAATGTAATCGATG,0,528620
araCp,0.5,1,1,ACGCAAACTCTTACGTTAAG,0,578085
araCp,0.5,1,1,ACGAGTAGGGCGCGTGCCTA,0,602725
araCp,0.5,1,1,ACGAGGTCGGAAGCACCGGG,0,582394
araCp,0.5,1,1,ACGAGGGTAGTCTCGGTTTT,0,596810
araCp,0.5,1,1,ACGAGGGGATAGGGGCGGTT,0,548151
araCp,0.5,1,1,ACGACTTTTACCGAACGACA,0,602155
araCp,0.5,1,1,ACGACCCATGACAGTGGGTC,0,546738
araCp,0.5,1,1,ACGACCCAAAATACTCTCTT,0,589631
araCp,0.5,1,1,ACGACATCAGCCCGATGTGG,0,570876
araCp,0.5,1,1,ACGACAACTCTCTCGGAGTT,0,603487
araCp,0.5,1,1,ACGAAGAGGGAACCATACGG,0,527514
araCp,0.5,1,1,ACGAACATTTCATGGAACTG,0,581278
araCp,0.5,1,1,ACCTTTTAAGGCTTTTATGT,0,587171
araCp,0.5,1,1,ACCTTTGGATCGGCGCGCGG,0,527414
araCp,0.5,1,1,ACCTTCAAATTCACCTTGAG,0,540371
araCp,0.5,1,1,ACCTGAGGCGAAGACCGGCG,0,594583
araCp,0.5,1,1,ACCTCGTTGAGCTTTACATG,0,599457
araCp,0.5,1,1,ACCTCGTCTGTGAGAGAAAG,0,562949
araCp,0.5,1,1,ACCTCGGAGTATTTGGTACC,0,552483
araCp,0.5,1,1,ACCTCGCTACCAGCGGTTAT,0,535788
araCp,0.5,1,1,ACCTAATGCATAACCCTTGG,0,597845
araCp,0.5,1,1,ACCTAATATGGTCGTTATTA,0,528727
araCp,0.5,1,1,ACCGTGGAGACGTACGGGCG,0,579160
araCp,0.5,1,1,ACCGTGAGGACTGCATTCGT,0,602479
araCp,0.5,1,1,ACCGGTTACTACCTCTGGTC,0,543454
araCp,0.5,1,1,ACCGGTCTTTCGGCGTACGC,0,565071
araCp,0.5,1,1,ACCGGGTCCTGTTTTCAGAC,0,545467
araCp,0.5,1,1,ACCGGGCTAGACGACGTTAT,0,528442
araCp,0.5,1,1,ACCGGGCGTCCTGGAGTGCT,0,542806
araCp,0.5,1,1,ACCGGGATACGTGAAGGCAA,0,569508
araCp,0.5,1,1,ACCGGCCTCAGCACGTTAGG,0,581375
araCp,0.5,1,1,ACCGGATAACATTCATAGCC,0,540906
araCp,0.5,1,1,ACCGGAACTGTGATGAACGG,0,549845
araCp,0.5,1,1,ACCGCGCGTATGGTTTCTGT,0,600202
araCp,0.5,1,1,ACCGCCTATGGTCAACGTCG,0,585015
araCp,0.5,1,1,ACCGCCAGCTCCCCCGGAAG,0,581976
araCp,0.5,1,1,ACCGATGAGAGCCGATTAGT,0,586343
araCp,0.5,1,1,ACCGATCGACGATATATTTG,0,592622
araCp,0.5,1,1,ACCGACTTCTCATTCCAGGG,0,556302
araCp,0.5,1,1,ACCGACAAGACGTAGGCTAT,0,598361
araCp,0.5,1,1,ACCCTTCCAGCGAGAGGTTG,0,548305
araCp,0.5,1,1,ACCCTGTTATAGGTATGTCT,0,549560
araCp,0.5,1,1,ACCCTGGCACGTGGTTGGTT,0,552220
araCp,0.5,1,1,ACCCTGACACGGGCAGTGCG,0,552862
araCp,0.5,1,1,ACCCTCGGCGACTCTCATTA,0,557653
araCp,0.5,1,1,ACCCTACTTTCGGGTAATTG,0,536084
araCp,0.5,1,1,ACCCGTTGGCCTTGTGTCTG,0,572198
araCp,0.5,1,1,ACCCGTAAAGATGAGGCGAC,0,581661
araCp,0.5,1,1,ACCCGGGAGGAATACGTTGT,0,577950
araCp,0.5,1,1,ACCCGCCTACACGAGTGCCT,0,549291
araCp,0.5,1,1,ACCCCTCGTGATTATTTGTC,0,582666
araCp,0.5,1,1,ACCCCTCCAACTGTGGGCAT,0,544463
araCp,0.5,1,1,ACCCCGTCCGCCGGCTGTCG,0,565202
araCp,0.5,1,1,ACCCCGCTTGAAAATGCGTA,0,566207
araCp,0.5,1,1,ACCCCGCGCGTATTTCATCT,0,537914
araCp,0.5,1,1,ACCCCGCATTGAGACTGAAT,0,529054
araCp,0.5,1,1,ACCCCCTTATGGGTTTGCGT,0,545686
araCp,0.5,1,1,ACCCACTCTGTAAATGCTTT,0,550249
araCp,0.5,1,1,ACCCACGGCCAGTAAGCTAT,0,541378
araCp,0.5,1,1,ACCCAAGCTGGAAATCTCGA,0,570976
araCp,0.5,1,1,ACCATCTCCCGCTCTGGCTC,0,594690
araCp,0.5,1,1,ACCATCGTAGTACGTCCAGC,0,528729
araCp,0.5,1,1,ACCATCGCTCGAACGCTTGC,0,537804
araCp,0.5,1,1,ACCATCCCACTCGTTCGGAT,0,556170
araCp,0.5,1,1,ACCATCACCAGTGAAACGAT,0,561198
araCp,0.5,1,1,ACCATACAGGGCGATTCCCA,0,580216
araCp,0.5,1,1,ACCATAAAAGAAGAGATCGT,0,583550
araCp,0.5,1,1,ACCAGTATCATTCGAGATAG,0,600543
araCp,0.5,1,1,ACCAGTAAACTTAGCGACTC,0,577776
araCp,0.5,1,1,ACCAGGGGTTCCATTTTCAC,0,540660
araCp,0.5,1,1,ACCAGCTTTCCGTTATCATC,0,569705
araCp,0.5,1,1,ACCAGAATCACGTATTACAA,0,598528
araCp,0.5,1,1,ACCACGTTGTAGGTATATCG,0,588952
araCp,0.5,1,1,ACCACGTCTAAGGCGGGCAT,0,600778
araCp,0.5,1,1,ACCACGGCCACACAATTTGT,0,580278
araCp,0.5,1,1,ACCAAGGCTATTGTTCTTAT,0,529043
araCp,0.5,1,1,ACCAAGCTCTTCACCATGGC,0,542859
araCp,0.5,1,1,ACCAACTAATAGAATCCGGA,0,598884
araCp,0.5,1,1,ACCAAAGTAAATTGATTGCT,0,556029
araCp,0.5,1,1,ACATTTGAGCGATTCACGGC,0,561293
araCp,0.5,1,1,ACATTCGTAACCGTCCACAC,0,552002
araCp,0.5,1,1,ACATTCCAAGTATCGGGAGT,0,598398
araCp,0.5,1,1,ACATTACGCTGTCCAAATGG,0,579452
araCp,0.5,1,1,ACATGATTTAGACTCCTCCT,0,564469
araCp,0.5,1,1,ACATGATATACATGCATCTT,0,541592
araCp,0.5,1,1,ACATCTTTTACAGCTGATCC,0,575755
araCp,0.5,1,1,ACATCGGTTTGTTCCCTGGA,0,595354
araCp,0.5,1,1,ACATCGGCTACGAGAAGGCC,0,547415
araCp,0.5,1,1,ACATAGCTTCAGCTGGAAAT,0,595586
araCp,0.5,1,1,ACATAGCATGAGCGCCAAGA,0,536073
araCp,0.5,1,1,ACATAGACGTCGGGCGGTAG,0,540489
araCp,0.5,1,1,ACATACTTGGAGAGAAATCT,0,535347
araCp,0.5,1,1,ACAGTTATCGGTTATCCGCG,0,592988
araCp,0.5,1,1,ACAGTTATCCAGGTGAGTAG,0,586900
araCp,0.5,1,1,ACAGTGCCCTAAAACAAGAG,0,582984
araCp,0.5,1,1,ACAGTATCAATAGTAAATAA,0,593788
araCp,0.5,1,1,ACAGTACACCTTTTGCTGAC,0,526813
araCp,0.5,1,1,ACAGGTGTGATCTTCGAGAA,0,555068
araCp,0.5,1,1,ACAGGTCGCAAAGAGGCCCA,0,567607
araCp,0.5,1,1,ACAGGCAAGGGTGTAAAGGA,0,585581
araCp,0.5,1,1,ACAGGATGTTGTCCGCCGGC,0,563032
araCp,0.5,1,1,ACAGGAGCATCAATAGGCTT,0,544703
araCp,0.5,1,1,ACAGCTTAGAGAAACTGTAC,0,599313
araCp,0.5,1,1,ACAGCGTGTAAACATATCTT,0,581410
araCp,0.5,1,1,ACAGATCGGCAGCATGTCTA,0,592955
araCp,0.5,1,1,ACAGATCAGGCGCTTTAGCT,0,575754
araCp,0.5,1,1,ACAGAGGCCGGTGGACGGGG,0,602891
araCp,0.5,1,1,ACAGAAGCCCGCTTCGTAGC,0,555696
araCp,0.5,1,1,ACACTGCCCTTGAACAGAAC,0,531991
araCp,0.5,1,1,ACACTGCAAACCGGCAACAA,0,527613
araCp,0.5,1,1,ACACTATCAGTAACGTCGTA,0,585206
araCp,0.5,1,1,ACACGTCTTGGGTCTTGGGG,0,575925
araCp,0.5,1,1,ACACGGGGGATTCTACTTAT,0,579407
araCp,0.5,1,1,ACACGGAACCTTTCCGGCGG,0,587436
araCp,0.5,1,1,ACACGATCGTGAACGGTGAC,0,558713
araCp,0.5,1,1,ACACCGTCAGGATCGGTCTT,0,530552
araCp,0.5,1,1,ACACCCCGGACAGCGTATGC,0,534062
araCp,0.5,1,1,ACACCAGGGAGCTGGGACAC,0,559505
araCp,0.5,1,1,ACACCAACAGTAGGAGGGCA,0,592703
araCp,0.5,1,1,ACACAGGGCCAAAAGCGCAG,0,591466
araCp,0.5,1,1,ACAATTGTAAGTTGAGGCAG,0,540858
araCp,0.5,1,1,ACAATTCGCCGCATATTGTT,0,589023
araCp,0.5,1,1,ACAATAGAAGATTTTACATA,0,535844
araCp,0.5,1,1,ACAATACAAGACAATAGTAG,0,545010
araCp,0.5,1,1,ACAAGTCCCGAGCCCAAAAT,0,578321
araCp,0.5,1,1,ACAAGATCTAGCTGTTTTTC,0,587457
araCp,0.5,1,1,ACAACGTCCATAATTAAAAA,0,552786
araCp,0.5,1,1,ACAACGGCGACGGTTATAAC,0,594601
araCp,0.5,1,1,ACAACATAACAGACTTTGGA,0,602681
araCp,0.5,1,1,ACAACACGGGTACCGCTGGC,0,597519
araCp,0.5,1,1,ACAACAATTTCACTCGCCCA,0,579510
araCp,0.5,1,1,ACAACAATTACTGATGGTTC,0,592336
araCp,0.5,1,1,ACAACAAAGCCTTCAAAAGG,0,577959
araCp,0.5,1,1,ACAACAAACAATGGTAGGGG,0,557018
araCp,0.5,1,1,ACAAATTGTCATTACAGGAG,0,571848
araCp,0.5,1,1,ACAAATAGGCGCCTCTGCTA,0,542812
araCp,0.5,1,1,ACAAAGGTTGCCCAGATGGA,0,547113
araCp,0.5,1,1,ACAAACCTCGGCTCCGCTCT,0,576600
araCp,0.5,1,1,ACAAAAGCTAATACTTTTCA,0,558082
araCp,0.5,1,1,AATTTTATAGGGGTTATTCG,0,532233
araCp,0.5,1,1,AATTTGTCACGAGTGACATC,0,603730
araCp,0.5,1,1,AATTTCCTGACTCGGGGAAT,0,526185
araCp,0.5,1,1,AATTTAGGAAAGCCGGCACA,0,598497
araCp,0.5,1,1,AATTGGTGACTGACTCTCGC,0,550051
araCp,0.5,1,1,AATTGGAAACACGGGTCAAT,0,554486
araCp,0.5,1,1,AATTGCTTTCAGCCCTAAAT,0,553138
araCp,0.5,1,1,AATTGCCCGATGAAAGGCAT,0,587661
araCp,0.5,1,1,AATTGAGCCCCACTGCCGAA,0,590583
araCp,0.5,1,1,AATTCTCCGGATCGACCGTA,0,565086
araCp,0.5,1,1,AATTATTAGTATGGCAGGAT,0,589711
araCp,0.5,1,1,AATTATGTCCAGTGTAGGCC,0,525823
araCp,0.5,1,1,AATTATCCCATACACTACTC,0,559307
araCp,0.5,1,1,AATTAGGACTATGGGGAAGT,0,532307
araCp,0.5,1,1,AATTAAACCCATGGTCGCGG,0,535222
araCp,0.5,1,1,AATGTTTGATTTTTGTCGCC,0,570291
araCp,0.5,1,1,AATGTTTAGAGTATTAACGG,0,599887
araCp,0.5,1,1,AATGTGCGCGCGGTCTGAGA,0,589894
araCp,0.5,1,1,AATGTCTTTACCGTCTGCAT,0,577940
araCp,0.5,1,1,AATGTCGGGGTTACGGACAT,0,545337
araCp,0.5,1,1,AATGTCGCACATGAATGAAC,0,593525
araCp,0.5,1,1,AATGGTAGGGTTCGTCCGAC,0,571833
araCp,0.5,1,1,AATGGGCCGCACCGGCTTGA,0,556730
araCp,0.5,1,1,AATGGCTTCCGTAGAGGATG,0,554070
araCp,0.5,1,1,AATGCTGCAAAGGTCGAGTC,0,579738
araCp,0.5,1,1,AATGCGATGGTGGCGTTTTT,0,594774
araCp,0.5,1,1,AATGCGAAGTGTACTAGGAC,0,572842
araCp,0.5,1,1,AATGCCTGACCGGAGATATT,0,584401
araCp,0.5,1,1,AATGCAATGGGCAGACGACA,0,580380
araCp,0.5,1,1,AATGAGCGATCGTAGGGATC,0,564944
araCp,0.5,1,1,AATGAATCGCGAAAGTGTGG,0,581781
araCp,0.5,1,1,AATGAAGCATCTAAATACGT,0,590921
araCp,0.5,1,1,AATCTTCCTAATGCTGAGAC,0,560465
araCp,0.5,1,1,AATCTGTTGTCAAAAGAGGC,0,531641
araCp,0.5,1,1,AATCTAGGGGGATAATGTGA,0,533763
araCp,0.5,1,1,AATCGTGATCCTTACTTTGT,0,547765
araCp,0.5,1,1,AATCGTGAACACAACCTCGA,0,589546
araCp,0.5,1,1,AATCGGGGGAGAGGTACTGG,0,557825
araCp,0.5,1,1,AATCGGCACTGCGCCCTGGA,0,599298
araCp,0.5,1,1,AATCGGCAACGGGTCCGTCG,0,582733
araCp,0.5,1,1,AATCGCATGCCGGTCATCAC,0,531660
araCp,0.5,1,1,AATCGATGTTTACGTGGCAA,0,528959
araCp,0.5,1,1,AATCCTTTGCCGACCTGGCA,0,558653
araCp,0.5,1,1,AATCCTTCTCTTCATGGCTT,0,600084
araCp,0.5,1,1,AATCCGGGATGTAGGCTAAT,0,598042
araCp,0.5,1,1,AATCCGAGGACATTGGTAGA,0,590322
araCp,0.5,1,1,AATCCCGAGCACTCCACGGG,0,603583
araCp,0.5,1,1,AATCCCCTACCACATATACT,0,568610
araCp,0.5,1,1,AATCCACAGAGACCACTCCG,0,583579
araCp,0.5,1,1,AATCATTCACCGTAGACAAA,0,549676
araCp,0.5,1,1,AATCACGAAGCGTAAATATA,0,545814
araCp,0.5,1,1,AATCACCCGTATTTGGCCGT,0,599051
araCp,0.5,1,1,AATCACATGCCAGAGTTCTA,0,571213
araCp,0.5,1,1,AATCAACCGACCTATTCTCA,0,527367
araCp,0.5,1,1,AATCAACACGTTACCTTGGA,0,599785
araCp,0.5,1,1,AATATTCAGCACGGTCGTAG,0,559954
araCp,0.5,1,1,AATATTATGAAGCAAGCAGT,0,538246
araCp,0.5,1,1,AATATGGCTGGCGGGCGTTC,0,531153
araCp,0.5,1,1,AATATGATCTGCACAATCGA,0,579801
araCp,0.5,1,1,AATATATGGCGCGGTGTCGG,0,579556
araCp,0.5,1,1,AATAGCTCTCGCTTTACACC,0,584101
araCp,0.5,1,1,AATAGCACTTCTCGAACATA,0,527326
araCp,0.5,1,1,AATAGAGTGTATTGAGTTCT,0,527625
araCp,0.5,1,1,AATAGACACGCGCATTCATA,0,595263
araCp,0.5,1,1,AATACTCGCATATATCTGAA,0,552920
araCp,0.5,1,1,AATACTACTACCAATTAGCC,0,586586
araCp,0.5,1,1,AATAATTGCATCTAGTGGAG,0,595245
araCp,0.5,1,1,AATAACAGATAGGGAGCGTC,0,594085
araCp,0.5,1,1,AATAACACGTTGTGTCTAAT,0,542086
araCp,0.5,1,1,AATAAATAGACTCCGCCGAT,0,552011
araCp,0.5,1,1,AAGTTGTCTAGACCGCAAGT,0,529849
araCp,0.5,1,1,AAGTTCGAGCAGAGTGCTCG,0,567398
araCp,0.5,1,1,AAGTTATCGGTTGACATCCC,0,553167
araCp,0.5,1,1,AAGTTAGATGTCTCTGAGAC,0,579645
araCp,0.5,1,1,AAGTGTAATCCCACTTCCAA,0,554544
araCp,0.5,1,1,AAGTGAGAATCGAGGAATGG,0,563814
araCp,0.5,1,1,AAGTCTCCGGAAACGTACAC,0,541434
araCp,0.5,1,1,AAGTCTAACTGATACGGACG,0,525935
araCp,0.5,1,1,AAGTCCACGGAGGGCGATAC,0,582438
araCp,0.5,1,1,AAGTATTAGGTCGCACCCTA,0,531307
araCp,0.5,1,1,AAGTATCGATGATGGAATCG,0,570530
araCp,0.5,1,1,AAGTAGGCCCAGGTACCGGT,0,535152
araCp,0.5,1,1,AAGTACTCATTTTTCTTCCC,0,581340
araCp,0.5,1,1,AAGTACGGGCTCTATTGAGG,0,579572
araCp,0.5,1,1,AAGTACCATCGATAGGTGGA,0,564198
araCp,0.5,1,1,AAGTACAAGCCAGTTCGATA,0,575019
araCp,0.5,1,1,AAGTAAATGTGTCGCTCGGG,0,526766
araCp,0.5,1,1,AAGGTGTCCCTACATCAGCG,0,561437
araCp,0.5,1,1,AAGGTGCCGTAAATATCATG,0,580935
araCp,0.5,1,1,AAGGTCTAGCATTTTATCTA,0,594708
araCp,0.5,1,1,AAGGTCCTATCGACTGGATA,0,544033
araCp,0.5,1,1,AAGGTCATGCGGTATATTTT,0,600053
araCp,0.5,1,1,AAGGTCAGGTTATCTGTCAC,0,545309
araCp,0.5,1,1,AAGGTATCGAAGATTCGTCA,0,556427
araCp,0.5,1,1,AAGGTAATTAACACCACGTA,0,541738
araCp,0.5,1,1,AAGGGTCGTAAGTGGCGATT,0,530570
araCp,0.5,1,1,AAGGGGAGTCCAGGTCATCA,0,571740
araCp,0.5,1,1,AAGGGATTAACTGGACTGCT,0,603424
araCp,0.5,1,1,AAGGCTGATTCGCGCATGGA,0,563925
araCp,0.5,1,1,AAGGCTCACGAAAAAGGGTC,0,601821
araCp,0.5,1,1,AAGGCCAACTCACTTTTGCA,0,565460
araCp,0.5,1,1,AAGGCACCGTACCGGCGCCA,0,603261
araCp,0.5,1,1,AAGGCACATCTCTTTTGGCC,0,527437
araCp,0.5,1,1,AAGGAAGTGGACCCACGCCG,0,525820
araCp,0.5,1,1,AAGCTGGGTAAGGTCATGTC,0,572802
araCp,0.5,1,1,AAGCTCGGATACTGCCACCA,0,582190
araCp,0.5,1,1,AAGCTAGTTGACAGTTAGAC,0,564195
araCp,0.5,1,1,AAGCCAAATAGTAAGCGGGA,0,535748
araCp,0.5,1,1,AAGCAAGACTGGCACCCCAA,0,571272
araCp,0.5,1,1,AAGCAACAATACCCCGACCC,0,541879
araCp,0.5,1,1,AAGATTTAAAACGGTCCAGT,0,593410
araCp,0.5,1,1,AAGATTCCGTCTCACACCGG,0,593785
araCp,0.5,1,1,AAGATGATTCGTCTCGCATC,0,601503
araCp,0.5,1,1,AAGATGAGCGTCCTATGATA,0,597671
araCp,0.5,1,1,AAGATAATTGGTAGTCCTGG,0,539963
araCp,0.5,1,1,AAGATAACGTGTGTCCATCA,0,588756
araCp,0.5,1,1,AAGAGTTCAGATTGTTTAGA,0,595291
araCp,0.5,1,1,AAGAGGTTTTGTTCTAGTTC,0,601372
araCp,0.5,1,1,AAGACAGGCAGACGGGTCGG,0,587387
araCp,0.5,1,1,AAGACAGATATGTCGAATGA,0,560301
araCp,0.5,1,1,AAGAATACTTACCCGTTACT,0,579791
araCp,0.5,1,1,AAGAACGTCGTTCACCCAGT,0,592307
araCp,0.5,1,1,AAGAACACTGTCCAAGAGAA,0,548147
araCp,0.5,1,1,AACTTTTCCTGAGTCACTCG,0,549246
araCp,0.5,1,1,AACTTTGCTTAACTAAGAAG,0,547898
araCp,0.5,1,1,AACTTCCTCTAAGTGAGATA,0,592821
araCp,0.5,1,1,AACTGCCTTCCTGTTGACTC,0,541548
araCp,0.5,1,1,AACTGAGCGAATTGCGCCAC,0,528385
araCp,0.5,1,1,AACTGACAAGTAAAATAAAA,0,598523
araCp,0.5,1,1,AACTCTAGACAGTTTCGCTA,0,592454
araCp,0.5,1,1,AACTCGAAGAATGGTACTAC,0,575214
araCp,0.5,1,1,AACTCCGGTTGGGGGGGTCA,0,598097
araCp,0.5,1,1,AACTCACCGAGCGTGCTATC,0,544038
araCp,0.5,1,1,AACTAGCTCGTGCGCACGTT,0,534093
araCp,0.5,1,1,AACTAGAATCCACCATCACC,0,559407
araCp,0.5,1,1,AACGTTAAGAGCCACCGATA,0,544678
araCp,0.5,1,1,AACGTGTCACAGTTAGGTAA,0,561292
araCp,0.5,1,1,AACGTGGTACTGAGGGGCTA,0,594694
araCp,0.5,1,1,AACGTGAGGTCGTGCCCCGG,0,578548
araCp,0.5,1,1,AACGTCCAGGGGTCAATGTA,0,555243
araCp,0.5,1,1,AACGTACAATCCATAACACT,0,540050
araCp,0.5,1,1,AACGGTTGGGTACGCACCTC,0,554334
araCp,0.5,1,1,AACGGTTCTACCACAGTTTG,0,551590
araCp,0.5,1,1,AACGGTAGGCGACTGTCTAC,0,553787
araCp,0.5,1,1,AACGGGGGCAGAAAATTCAA,0,544184
araCp,0.5,1,1,AACGGGAAAACAATTGATGA,0,597680
araCp,0.5,1,1,AACGGCGTGTTTGGAGTCAG,0,531299
araCp,0.5,1,1,AACGGATCCGTTATTACAGA,0,602986
araCp,0.5,1,1,AACGGACCACAGACATGAAT,0,574763
araCp,0.5,1,1,AACGGAAATGGTTCCCGCAA,0,573097
araCp,0.5,1,1,AACGCTCCGGCCCACAGGGG,0,527439
araCp,0.5,1,1,AACGCTACACTTCATAGCCT,0,525717
araCp,0.5,1,1,AACGCGGTCCATCAGAGGAA,0,560639
araCp,0.5,1,1,AACGCACAAGACGCAGCGTC,0,582103
araCp,0.5,1,1,AACGATTCGGCCCGAAGGAC,0,528106
araCp,0.5,1,1,AACGAGCCTCACGGACAGCG,0,565199
araCp,0.5,1,1,AACCTGGACCTGTAGTACTA,0,525594
araCp,0.5,1,1,AACCTGAATTAAGTTGCGCC,0,544256
araCp,0.5,1,1,AACCTCTATGACGATGTGCC,0,597078
araCp,0.5,1,1,AACCGTCACGGCCGCGCGGG,0,547305
araCp,0.5,1,1,AACCGGTCGTGGGTCATTGA,0,533319
araCp,0.5,1,1,AACCGCCGGCTGCTCTTGAC,0,565784
araCp,0.5,1,1,AACCGCCCTCGAAGACGAAT,0,546845
araCp,0.5,1,1,AACCCCAGCTGTCATGTATC,0,601818
araCp,0.5,1,1,AACCCAAAAAAGGCGCTCCA,0,582444
araCp,0.5,1,1,AACCATTGCAAAGTCCGCTT,0,555454
araCp,0.5,1,1,AACCAGTTGGTCAGGCCGTG,0,573684
araCp,0.5,1,1,AACCACATTGACTCTCTGTA,0,534783
araCp,0.5,1,1,AACCACAGTAGTCATCATTC,0,599544
araCp,0.5,1,1,AACCAAGACGTATAGGTTGA,0,546248
araCp,0.5,1,1,AACATGTACATTTATTAGGT,0,601983
araCp,0.5,1,1,AACATGGCTGAGTCCTGGAG,0,561034
araCp,0.5,1,1,AACATCTACGGGCGGCGGGT,0,546187
araCp,0.5,1,1,AACATCCCAAGGAACCATTG,0,565122
araCp,0.5,1,1,AACATAGTATATGACGTACG,0,590307
araCp,0.5,1,1,AACAGTTAGCGCGTGGATTC,0,578375
araCp,0.5,1,1,AACAGTCGGGATGGTCTGCA,0,601985
araCp,0.5,1,1,AACAGGTTGTTTAAACATCA,0,572933
araCp,0.5,1,1,AACAGATCTGGTAGGGAAGT,0,531013
araCp,0.5,1,1,AACACCTCGCATGCACAAAC,0,549410
araCp,0.5,1,1,AACACACCATTTGGATAGCC,0,587698
araCp,0.5,1,1,AACAATTAATTTGCTACACA,0,559839
araCp,0.5,1,1,AACAATCTGTCACTGCGAGT,0,538958
araCp,0.5,1,1,AAATTTTCGCTGGCTCGACA,0,562945
araCp,0.5,1,1,AAATTCGTGGGCGCCCAAAT,0,596270
araCp,0.5,1,1,AAATTAGAACCTGCTAGATC,0,532507
araCp,0.5,1,1,AAATTACTTAGATAGGTCCA,0,588018
araCp,0.5,1,1,AAATGGCCGGCCCGCACAGC,0,538483
araCp,0.5,1,1,AAATGGACAGAACGGACCCT,0,589801
araCp,0.5,1,1,AAATGCTCTCACTCAGAAAC,0,569653
araCp,0.5,1,1,AAATGCAGTCTGCTCTGAGA,0,595887
araCp,0.5,1,1,AAATGAGTTTCTGAAACGCG,0,534122
araCp,0.5,1,1,AAATCTTCATGCCTATATTG,0,593411
araCp,0.5,1,1,AAATCGGCAAGTCCCAGTGG,0,535567
araCp,0.5,1,1,AAATCGAATGAAAGTCCACT,0,567523
araCp,0.5,1,1,AAATCCTCCTGCATTCAGTC,0,534364
araCp,0.5,1,1,AAATCCCCCAAGAAATGGCA,0,581122
araCp,0.5,1,1,AAATCAACGTGCCCTGCTCC,0,534875
araCp,0.5,1,1,AAATATTTCTTGGCATGGGG,0,569817
araCp,0.5,1,1,AAATATGCTTTGGTAATCAT,0,578801
araCp,0.5,1,1,AAATATAGAAGTAGCTTGGT,0,561280
araCp,0.5,1,1,AAATAGCGTGGTGCATCCTT,0,587659
araCp,0.5,1,1,AAATACGGTCAGGGTAAGAG,0,590951
araCp,0.5,1,1,AAATAATGGCCCAGGGCTTG,0,574187
araCp,0.5,1,1,AAAGTGGTACTTATAATTTT,0,557455
araCp,0.5,1,1,AAAGTGGGTTGCAAAGGTTT,0,549801
araCp,0.5,1,1,AAAGTGACTGCCATGGGGTC,0,582370
araCp,0.5,1,1,AAAGTGAATTATGTTGCTCA,0,546599
araCp,0.5,1,1,AAAGTCCTCAGCATTAACCC,0,526428
araCp,0.5,1,1,AAAGTATGGAATTAACGGGA,0,581160
araCp,0.5,1,1,AAAGGTACCCACTCACCCGG,0,591702
araCp,0.5,1,1,AAAGGGGCCAGCAGACGGAA,0,532766
araCp,0.5,1,1,AAAGGGCTGGAGGGCGTGAG,0,528333
araCp,0.5,1,1,AAAGGGCGGCCCGATGATGT,0,595171
araCp,0.5,1,1,AAAGGATCGCAAAGACTAAG,0,582962
araCp,0.5,1,1,AAAGGAATGCACTTAACAAT,0,544053
araCp,0.5,1,1,AAAGGAAGGTCGTAGGACAC,0,583425
araCp,0.5,1,1,AAAGGAAAATGGGTCGGCTC,0,579132
araCp,0.5,1,1,AAAGCGGTGTTTTATAATAA,0,577299
araCp,0.5,1,1,AAAGCCCGGATGACACAATA,0,532184
araCp,0.5,1,1,AAAGCATCTGAGATATAGCA,0,550230
araCp,0.5,1,1,AAAGATGGGATTTCAACCGT,0,530451
araCp,0.5,1,1,AAAGACTTGTCTTTTCGAAT,0,564842
araCp,0.5,1,1,AAACTGTCCCTTCACTAGAT,0,557074
araCp,0.5,1,1,AAACTGACTACGTTTACGCA,0,599154
araCp,0.5,1,1,AAACTCGTATCTTATAATCA,0,553097
araCp,0.5,1,1,AAACGTAAAACCCTATTTAC,0,571776
araCp,0.5,1,1,AAACGGTCCCACAGTATGGT,0,547845
araCp,0.5,1,1,AAACGGGTTAAGCACTATTT,0,542132
araCp,0.5,1,1,AAACGGATATTGCACTGTAT,0,541022
araCp,0.5,1,1,AAACGGACGGCTACATTCCA,0,541810
araCp,0.5,1,1,AAACGCGTAGTATGGGATTG,0,595301
araCp,0.5,1,1,AAACGAAGTAATGCGAACGT,0,542597
araCp,0.5,1,1,AAACCTCGGCTACGTTTACA,0,550938
araCp,0.5,1,1,AAACCTCCCGCGACCTAGCG,0,557887
araCp,0.5,1,1,AAACCCTGTCGGTATAGGGA,0,549733
araCp,0.5,1,1,AAACCCGGTACTCGCTGCAT,0,596272
araCp,0.5,1,1,AAACCATGAATGAGTATCTT,0,565673
araCp,0.5,1,1,AAACATGATCGCGGGGCACA,0,582872
araCp,0.5,1,1,AAACACCTTTGTCTAAACTC,0,592209
araCp,0.5,1,1,AAAATGCTAGCACTGGCGAT,0,565145
araCp,0.5,1,1,AAAATGATCGGCTTTGGACG,0,536613
araCp,0.5,1,1,AAAATCTAGTGCTTGAACGC,0,549070
araCp,0.5,1,1,AAAATACGCGTCTGGATCCA,0,575257
araCp,0.5,1,1,AAAAGGTTTCGTATTAATTC,0,543780
araCp,0.5,1,1,AAAAGAAGTTGCTGAAGAAG,0,533890
araCp,0.5,1,1,AAAACTTCATGAACATACAG,0,596195
araCp,0.5,1,1,AAAACTTACCACACTTCGAA,0,596228
araCp,0.5,1,1,AAAACGGTGAACTCGCGCGC,0,543328
araCp,0.5,1,1,AAAACGGCGCACTGAGCGTT,0,601070
araCp,0.5,1,1,AAAACGCGCATCAATCTGAG,0,595874
araCp,0.5,1,1,AAAACAACGTGATCACCAGG,0,528897
araCp,0.5,1,1,AAAAATGCCCGAGAAATCCG,0,602666
araCp,0.5,1,1,AAAAACCTCGATTGGAATTA,0,557485
araCp,0.5,1,1,AAAAAACGGTCCAAGCGGCC,0,562294
araCp,172.0,171,0,TAGCCAGCGCCTGACTTCTA,171,597824
araCp,170.0,169,0,GTGCTTCCGGAGCCCGTGAT,169,596150
araCp,83.0,82,0,ACTCCTCATGCGTGTGTTTA,82,600749
araCp,82.0,81,0,GGATCTATAACGGGTCGGTC,81,592341
araCp,79.0,78,0,GGCAGGCATCAAAGTGCTTT,78,555358
araCp,73.0,72,0,GACTATGATATACGTTCCTT,72,603015
araCp,68.0,67,0,GACCCCGTTCAAGATTGGTT,67,534467
araCp,63.0,62,0,GTTGGTTCGCCACAAGTGTG,62,603028
araCp,57.0,56,0,TTACTATGAAGCAATATAGT,56,545018
araCp,57.0,56,0,CCAAGACTCTTCCGGTCTCT,56,566001
araCp,57.0,56,0,ATAAGCTGGGTATAGGGGGA,56,588765
araCp,57.0,56,0,ACTTAATCAAGTCGATACGA,56,580153
araCp,55.0,54,0,CTTGGTCCCGACGGGATCAG,54,586494
araCp,55.0,54,0,AGTCTCACAGCTTCCTCGGT,54,530689
araCp,54.0,53,0,TCGCACAGTGACGCGCTCAT,53,573762
araCp,48.0,47,0,GGAATCCTGATTATAATCAG,47,526451
araCp,48.0,47,0,AGGTAAAAACAAAACGGCTT,47,596571
araCp,48.0,47,0,ACAAGCCTTTTGCGGTTAAT,47,579120
araCp,46.0,45,0,GTCATCAGCAATTCTTAAAT,45,602914
araCp,45.0,44,0,AGGGCAGCAGCCGCTTACGT,44,556643
araCp,44.0,43,0,GGAGAAGGAGAGGTTCCAAA,43,546859
araCp,42.0,41,0,GTGAGACTACAAGTCCGGAC,41,552582
araCp,42.0,41,0,GAGAGATGGCGGACGATTCA,41,576370
araCp,41.0,40,0,TGAAAATATTTTTTGAGCAG,40,533811
araCp,40.0,39,0,CCTTCACTTCAATACCATCC,39,533861
araCp,40.0,39,0,AGCTACCAGAATCACGCAGG,39,552601
araCp,39.0,38,0,TTTGGGCTTCGATGTGCAAG,38,533947
araCp,39.0,38,0,TATTGTGTCATACTGGGGGT,38,548777
araCp,38.0,37,0,TGGTAGGGTTTGCCGGTAGT,37,537283
araCp,38.0,37,0,GACCACTGGAGCGAACAATG,37,583789
araCp,38.0,37,0,CCTTAGGCGGGTACACATTC,37,537805
araCp,36.0,35,0,TGTAGGATCGTATTTTTCTC,35,528096
araCp,36.0,35,0,CGGTTATTACCCCTAGGTGG,35,581010
araCp,36.0,35,0,CACTCTTGATAGGCGTGTTA,35,589687
araCp,35.0,34,0,GCACTCTGAGTATCGAGACG,34,576352
araCp,32.0,31,0,TCATGATTAGTCGTTCGTTA,31,585460
araCp,32.0,31,0,GTCCATTGTTTGACGGCGGG,31,582690
araCp,32.0,31,0,GGCAATTCGGGACCATGAGA,31,600062
araCp,32.0,31,0,CGCTGACTATCGCCGTATGC,31,596646
araCp,32.0,31,0,CAGGGTCAGCCGAGAGCGCA,31,603001
araCp,31.0,30,0,CCGGTTCCCACGCTCCATAC,30,575900
araCp,31.0,30,0,AGGTCTAACTATAAGGGAAC,30,530138
araCp,30.0,29,0,TTTTATAGCGGTATTTTGGT,29,586497
araCp,30.0,29,0,TAGAAGAAAGATGTGACGTG,29,553110
araCp,30.0,29,0,GTGCTTTACATATGTCGATT,29,525837
araCp,30.0,29,0,CTATGAGCACGAGAAGTCGG,29,528360
araCp,29.0,28,0,TTCCCCGCACTCAATATCTC,28,535895
araCp,29.0,28,0,GCAGTAGTCGATTCGTTATG,28,561530
araCp,29.0,28,0,CTAGAACCTGAGTCCTCCAC,28,549805
araCp,29.0,28,0,CCGGTATACGAGTTTAGAGT,28,577177
araCp,28.0,27,0,TGCTGATGGATTTCTAATTT,27,541445
araCp,28.0,27,0,AGACATTCACTGCGACAGCC,27,597581
araCp,27.0,26,0,TTAGTCGAACCGCTGCGACC,26,553764
araCp,27.0,26,0,GGTCTATAGGATAATGGGGC,26,596149
araCp,27.0,26,0,GCCGAGCCGCTAGCTCGGTT,26,578888
araCp,27.0,26,0,GACGTGTGCTATTCTACCAG,26,533813
araCp,27.0,26,0,CCGTGCTACTTGCGCTGCTC,26,546157
araCp,27.0,26,0,AACCCGGCGCATCCCCTTGA,26,534994
araCp,26.0,25,0,GGGGAGATTCATCTAGCCCC,25,569000
araCp,26.0,25,0,CTACCTCTCCTATTATTAAT,25,531534
araCp,26.0,25,0,AGTCGCATGCCGTGGGTGGA,25,529214
araCp,26.0,25,0,AGCGCGGGATAGCCTGAATG,25,539545
araCp,26.0,25,0,ACACTGGAGTATACTGAAGC,25,563546
araCp,24.0,23,0,TAGCGCGCCCTGACCTCTGC,23,569433
araCp,24.0,23,0,GCCGCCTTCAGATAGTTCAC,23,596404
araCp,24.0,23,0,GACGCCATTCGGACGCAGAT,23,589677
araCp,24.0,23,0,CTCAGCATAAATCTAAAGTC,23,597774
araCp,24.0,23,0,CCGAGAGCCGCGAGCGGCGT,23,559569
araCp,24.0,23,0,ATCATAGTGCGTATTCGCCA,23,549650
araCp,23.0,22,0,TTTGATCAGATATTTGTGAG,22,528958
araCp,23.0,22,0,TGCTATGGGTCTTGTAAGAG,22,544598
araCp,23.0,22,0,TAATGTAGGCGAATGCCTAA,22,577030
araCp,23.0,22,0,GGGAGATCCCCTAAGATGAG,22,588929
araCp,23.0,22,0,ATGGTAACGTTAGGCGGGAG,22,552697
araCp,23.0,22,0,ATAATGACGTCAGAAGCTAG,22,584404
araCp,23.0,22,0,ACGGGTTTCTCGATACCTCG,22,551784
araCp,23.0,22,0,ACACAAGTTTTTGATTGTGC,22,529191
araCp,22.0,21,0,TACACGCCGGATTGGGTGGG,21,537507
araCp,22.0,21,0,GGCCTAGTTCAACTCCTTGA,21,549872
araCp,22.0,21,0,GAAGTCAGGCCCGTTGCCAG,21,561679
araCp,22.0,21,0,CTCGATAACTAACATAAAGA,21,530058
araCp,22.0,21,0,CTCACCCAGGCGGAACGCCA,21,574252
araCp,22.0,21,0,CCAGATAACCTTCTTGGTTA,21,585706
araCp,22.0,21,0,ATTGAAGATCTACCCACCTA,21,555610
araCp,22.0,21,0,ATATCACAATACCGTCACCA,21,603005
araCp,22.0,21,0,ACCTCACATGACACGCTCGA,21,565015
araCp,22.0,21,0,AACTCGCATTTATGCAACTC,21,549751
araCp,21.0,20,0,TTAGTCGGAACCACGGCTGA,20,531557
araCp,21.0,20,0,TAGGGGTGCTCTCTCTTAAG,20,527704
araCp,21.0,20,0,GTACATGAGAGACTACCTCA,20,578341
araCp,21.0,20,0,GAGTTACTCAAAAGCGACCT,20,550817
araCp,21.0,20,0,CTTAAACTCCTCTGATTATG,20,588689
araCp,21.0,20,0,CGGTCATGGTGGGGCTGCTT,20,581273
araCp,21.0,20,0,CCCCATCCAATGAACGCGCT,20,529679
araCp,21.0,20,0,AACTCGCCACTGCAGTCGGG,20,539583
araCp,20.0,19,0,TCCGTTCCCTTTAAAGCGCA,19,589713
araCp,20.0,19,0,GGGGCTTCTCGCTGTAGGGG,19,575475
araCp,20.0,19,0,GATGGCTACTGATAGTAGCG,19,529868
araCp,20.0,19,0,GATCAGTTTTCTTTTTGGCC,19,543726
araCp,20.0,19,0,CGGTAAAAACGAGGCAGCTT,19,556979
araCp,20.0,19,0,CGATAGCTTGATCGATCGGA,19,568680
araCp,20.0,19,0,CCTGGTAGCCAGGTTACCAA,19,601447
araCp,20.0,19,0,CCCATGATGACAAGGAAATC,19,596191
araCp,20.0,19,0,CATTGCTCCTATATACACCA,19,575939
araCp,20.0,19,0,CATCCGGTTTTAGTACAGAG,19,594623
araCp,20.0,19,0,CACTCAGACGAACATTATCG,19,559274
araCp,20.0,19,0,ATCCTCGCCTTCATGCTATT,19,577406
araCp,20.0,19,0,ACACTCGGCTTCAATGTAGT,19,551947
araCp,20.0,19,0,AACGGTTCGACCGCTCCAAT,19,529197
araCp,20.0,19,0,AAAGCGGTGACTGACCTCAT,19,572020
araCp,19.0,18,0,TTAGGCAATACGATCCGATA,18,595980
araCp,19.0,18,0,TCATGTTCGTTACTTCCTGA,18,595963
araCp,19.0,18,0,GTTTTTATCCTCCCACGTGA,18,534586
araCp,19.0,18,0,GTGATAGCATGTGGAAATAG,18,548046
araCp,19.0,18,0,GGAGCGCGCAGGTAGAATAC,18,555041
araCp,19.0,18,0,GACAAGGCTGGTAAAAAGAC,18,565913
araCp,19.0,18,0,CTATACAAAATACACTAAAG,18,537209
araCp,19.0,18,0,CGCTTGTCCCCGTAGACCCT,18,573540
araCp,19.0,18,0,CGCTTGGCAGTTGAGACAGG,18,556708
araCp,19.0,18,0,CCAGCTTCTATGTTAGCAGA,18,601620
araCp,19.0,18,0,CATTGTGTAGCGAGTGGCTA,18,568650
araCp,19.0,18,0,ATTTCTAGACGGGCGGGACA,18,552558
araCp,19.0,18,0,AATCCGCGTGCTCTATAATG,18,541114
araCp,19.0,18,0,AAAGAGCGTCTCTAGTTACA,18,553422
araCp,18.0,17,0,TTCGTGGACTGCAATTGGCT,17,579924
araCp,18.0,17,0,TGGTTGCCTGAATAGTAGTA,17,574105
araCp,18.0,17,0,TGACACCTCCAGTATGATCA,17,598486
araCp,18.0,17,0,GCTCTACGTGTAACGATTAC,17,537336
araCp,18.0,17,0,CTTTATTATGGTATATGACC,17,596310
araCp,18.0,17,0,CTGTCGTCCGGGAGCCAAAA,17,586642
araCp,18.0,17,0,CTCAATATACCTCATCACTG,17,536745
araCp,18.0,17,0,CGGTGTCGATGCAACATTGC,17,535466
araCp,18.0,17,0,CGATTATGGTCAAGTACCTA,17,565482
araCp,18.0,17,0,CAGTTAGCTGTTATGTTCAT,17,533614
araCp,18.0,17,0,CAAAACCCCTGGATGTCCAT,17,580712
araCp,18.0,17,0,ATCGCGTCGGACTGACCATC,17,591307
araCp,18.0,17,0,ACAGCATGACGCGGCTGATC,17,584679
araCp,18.0,17,0,AATATGTCTTTGCCTTTCCT,17,601753
araCp,17.0,16,0,TTTTCATGGGGTGCTCACTG,16,569181
araCp,17.0,16,0,TTTGCTCTGAAACGCAGTTC,16,550613
araCp,17.0,16,0,TAATCGCTCGGTTACGGCCA,16,544506
araCp,17.0,16,0,GTAGTAGAGCACCTACGTCA,16,532020
araCp,17.0,16,0,GGGTGCTAGCGCACTAACCT,16,533469
araCp,17.0,16,0,GGAAGAAAACCCAGCAAGGC,16,534975
araCp,17.0,16,0,GCTCATCCGGCCTGTTGTTA,16,591029
araCp,17.0,16,0,GCACAGAGAGGTATACCTCG,16,584104
araCp,17.0,16,0,GACTGGTCGGATGTTCTGAT,16,570412
araCp,17.0,16,0,GACGGTCCTATTTTACTTGA,16,554632
araCp,17.0,16,0,CGCAGACGAACATCGTCCCT,16,588779
araCp,17.0,16,0,CGACTAATTGTGGCAGTCCG,16,528747
araCp,17.0,16,0,CCGAGTCGGGAAACTGACCG,16,566367
araCp,17.0,16,0,CCCGTAAGACCTCCGTCTAT,16,557349
araCp,17.0,16,0,CATCGGTAGCAAGCGGTGAA,16,556266
araCp,17.0,16,0,CACTGGGGGTAGAACTCAAA,16,543150
araCp,17.0,16,0,CACGATTACAGATCCGGTCA,16,600831
araCp,17.0,16,0,AGGGCCGATCCTGTTAAGAG,16,596177
araCp,17.0,16,0,ACAAAGCTGCACGAGCATAA,16,550886
araCp,17.0,16,0,AAGGGGCACGGCCGCTTGGT,16,574611
araCp,16.0,15,0,TTGCTCGTTCGGACACGAGC,15,554449
araCp,16.0,15,0,TGATCTGACGGGTTTCAGCA,15,596853
araCp,16.0,15,0,TCGTATGTAGAGTTACAACG,15,571917
araCp,16.0,15,0,TCGGTAGTAGCCGAGCGCCT,15,567800
araCp,16.0,15,0,GTGCACGTTTTAATGGGTGT,15,589257
araCp,16.0,15,0,GTCAACCAAGAGTGGATATC,15,544017
araCp,16.0,15,0,GGGACTTTGTCCGATGCAAC,15,603172
araCp,16.0,15,0,GGACACTGTGAGAAACCACG,15,595185
araCp,16.0,15,0,GCCAACATACCCGGCACGCT,15,534437
araCp,16.0,15,0,GCAAAAGCAGCCCGACCTTT,15,593318
araCp,16.0,15,0,GACACGGCATATCGCACAGA,15,584920
araCp,16.0,15,0,GAAAGGCTTTCCTTGAGCCA,15,595759
araCp,16.0,15,0,CTTGTGTGTGAGTCTTTGAT,15,566298
araCp,16.0,15,0,CTCCAACAGCAACTCCAAAG,15,563585
araCp,16.0,15,0,CGTTCTGGTGGGTAAAAACC,15,569057
araCp,16.0,15,0,CGATTCCACAGGACTCGGCC,15,569183
araCp,16.0,15,0,CCTGTTACAGTACGGTATGA,15,563141
araCp,16.0,15,0,CCGCGTCCTTTGGTAATGGG,15,555827
araCp,16.0,15,0,CATTGGATCTGGAAATTTGT,15,594157
araCp,16.0,15,0,CAGTGATCAGAGACGTACGA,15,586443
araCp,16.0,15,0,AGCCCATGTCCTACGCCGAC,15,535590
araCp,16.0,15,0,AATTTCAAAGCGTATTAGAG,15,541890
araCp,16.0,15,0,AATTATGTCAACTCTCCCCA,15,541945
araCp,15.0,14,0,TTTTGGCGTCTAAGAAACTA,14,546865
araCp,15.0,14,0,TTTGGGGAGCAACTTGGCAT,14,528274
araCp,15.0,14,0,TGGTCCCGCAATATTGTCAG,14,535216
araCp,15.0,14,0,TCGACACCGCGAAATTGGAC,14,538150
araCp,15.0,14,0,TCCAGGTCTTCATCATGGAA,14,569580
araCp,15.0,14,0,GTCCGGACGCGGCCAAACTC,14,538996
araCp,15.0,14,0,GGTTCAATATCCCTAGGGCA,14,537363
araCp,15.0,14,0,GCCCTGTATTGGATGTACAA,14,533870
araCp,15.0,14,0,GAGAGCCTCTGTAAGTCCCC,14,545384
araCp,15.0,14,0,GAAGCTCAGATCGGGAGTTT,14,552921
araCp,15.0,14,0,GAAAGAGATTCAAGATACCC,14,596560
araCp,15.0,14,0,CTTGACGTATGCGCCAACCA,14,553355
araCp,15.0,14,0,CTTCTTGCCGGCGTCGGGTG,14,595329
araCp,15.0,14,0,CTACGGCTGAGGACAGATAC,14,598018
araCp,15.0,14,0,CGGGTAGAATACCGCCCAGT,14,592458
araCp,15.0,14,0,CGCGGGATCCTGTAGAACTA,14,531114
araCp,15.0,14,0,CCGTCTAGTAACCCACGTCA,14,565674
araCp,15.0,14,0,CCCAGGGGAATTCGGTCTTA,14,527060
araCp,15.0,14,0,CCACCTAAATGGACCCATCA,14,551755
araCp,15.0,14,0,ATTCACGCTAAGGAAGAGAG,14,549335
araCp,15.0,14,0,AGGGGACCTCTATCCAGGGA,14,591236
araCp,15.0,14,0,ACGTTACAACACGGGTATCT,14,588526
araCp,15.0,14,0,ACCCTTACGTGCGGCCAACT,14,554913
araCp,15.0,14,0,ACATCAAAGTGAGTATAAGG,14,546330
araCp,15.0,14,0,AATAACACTCAGGGTGAGTG,14,601108
araCp,15.0,14,0,AAGCTAACGATGCCCCGATA,14,588683
araCp,15.0,14,0,AAGCGTTGGTCCAATCCAGC,14,590127
araCp,14.0,13,0,TTTGGTCGTAGGTCTCTCAA,13,557199
araCp,14.0,13,0,TTTAATGTGTGTCTCATGTG,13,590425
araCp,14.0,13,0,TTGAACGTAAGGTATCACCA,13,548101
araCp,14.0,13,0,TTCTCATCAACTGATCGAAT,13,593973
araCp,14.0,13,0,TGCATTTTAGCACTAGGCAG,13,561236
araCp,14.0,13,0,TCTGTTGGGCTTAGAAAAAA,13,544671
araCp,14.0,13,0,TCCCAACGAGAAACTTACCC,13,547854
araCp,14.0,13,0,TCAATGAAGATCATACCCTT,13,562469
araCp,14.0,13,0,GTCGGTCCAGCCTACCCTGG,13,559271
araCp,14.0,13,0,GTCCCTAGTTGAGGGCCTTC,13,556215
araCp,14.0,13,0,GGCTCCGAACGACTGCTCTC,13,551732
araCp,14.0,13,0,GGATTGGGGTTGCATGCTGC,13,584618
araCp,14.0,13,0,GCTCGATATCCAGAACATTA,13,560842
araCp,14.0,13,0,GCTAGTAAAGTCTCGCTTCT,13,577140
araCp,14.0,13,0,GACAACTTCCGACTGTTTTT,13,603543
araCp,14.0,13,0,CGATTAGCTCTATTATTACA,13,561710
araCp,14.0,13,0,CCTTCAAGACTATGAATGTC,13,569902
araCp,14.0,13,0,CCCGACGTAGCCACCTCGGC,13,560788
araCp,14.0,13,0,CATAACCGGGAGTCCGAACG,13,599107
araCp,14.0,13,0,ATTGGTAGTAGTGTAGGGGT,13,586002
araCp,14.0,13,0,ATACATGCTTCTCAGGCGAT,13,591089
araCp,14.0,13,0,AGGACATCCGAGCCCGATCG,13,602859
araCp,14.0,13,0,AGAGATCTTACCCTTATGCT,13,588067
araCp,14.0,13,0,ACTTTGGTTTAACAGTATGT,13,583652
araCp,14.0,13,0,ACACAGCGACCAGTTATCTC,13,566049
araCp,13.0,12,0,TGTTTAATTCTGTGAGACGA,12,583818
araCp,13.0,12,0,TGAGCCACCGATCTCGGGAG,12,530167
araCp,13.0,12,0,TGAGACAGCATTTGTTACAG,12,595236
araCp,13.0,12,0,TCTTAGCGGGCGGCAAGGGC,12,559781
araCp,13.0,12,0,TCTCGGACCTTCCGTAATCC,12,535579
araCp,13.0,12,0,TCTAGTTTGAACCTGTTATT,12,599152
araCp,13.0,12,0,TCGGCATATCCGGGCATGTG,12,528440
araCp,13.0,12,0,TCCGAAAATATCATGGGCGC,12,558113
araCp,13.0,12,0,TCACGTTTTCGTGGGGATTT,12,587646
araCp,13.0,12,0,TATAGTCCATACAATTCCTT,12,566244
araCp,13.0,12,0,TAGGGGAGCGCGTTTGTTAC,12,531766
araCp,13.0,12,0,TACTCCTCACAAGACGTTCC,12,564635
araCp,13.0,12,0,TACGCGGACTGTTTGGGGCA,12,576888
araCp,13.0,12,0,TAAGTTATCTTGTTATTACT,12,563964
araCp,13.0,12,0,GTTCTGGTGATTACTATCAG,12,571428
araCp,13.0,12,0,GTCGAGAGCCAAGGGCGCGT,12,575381
araCp,13.0,12,0,GTATAGACGCCTACCACGGG,12,532232
araCp,13.0,12,0,GGGGTGAAAACTCACAGGTA,12,561251
araCp,13.0,12,0,GGCAGCCAGGATATGGGGAG,12,560177
araCp,13.0,12,0,GCGTTCCTCCGAATTGCCTC,12,564650
araCp,13.0,12,0,GACTTGCCTCGTGGTCTCTG,12,568364
araCp,13.0,12,0,GACATTCGGTCATAGAACGA,12,544025
araCp,13.0,12,0,GAAGACCCGTCAGATCCACA,12,552864
araCp,13.0,12,0,CTTCAGGCGTAGTTTTCGAC,12,561580
araCp,13.0,12,0,CGTCCCCCGAGAACGGCTAG,12,583044
araCp,13.0,12,0,CGCTCAATTCAACTCCCACA,12,600142
araCp,13.0,12,0,CCCCAGACCGTGCCGGAGAA,12,536956
araCp,13.0,12,0,CCAGACATAGCAGAGCTCCA,12,588828
araCp,13.0,12,0,CATGGTTGCCTGCTTGCTCA,12,568766
araCp,13.0,12,0,CAGTTGTAACCGGTGATACG,12,573597
araCp,13.0,12,0,CAAGATGGATGAGAAGGATA,12,540726
araCp,13.0,12,0,CAACTGGACCGCAAGGTACC,12,550241
araCp,13.0,12,0,ATTGGGGAGGGATCATAGCT,12,595973
araCp,13.0,12,0,ATGAGGCTTCAGGATCTTTG,12,593979
araCp,13.0,12,0,ATCCGGATTCAAGCGGATTT,12,569990
araCp,13.0,12,0,AGTGTTTTGTAGATCCCAGT,12,572699
araCp,13.0,12,0,AGGGTGACTGTGTGGGGGGG,12,563486
araCp,13.0,12,0,ACTACAACTTGCCCGGCGGC,12,591578
araCp,13.0,12,0,ACGTCTCTTTATGTTGCCGG,12,601156
araCp,13.0,12,0,ACATTTCCGCCCGAGAGCGT,12,541741
araCp,13.0,12,0,AAAGTTAATTCGACCAGATA,12,581244
araCp,12.0,11,0,TTGCTCGGGTCACGGGATTG,11,586112
araCp,12.0,11,0,TGGGTTGTGGGGATGACTCA,11,589674
araCp,12.0,11,0,TCTCTAAAAACTATAAGTAG,11,540795
araCp,12.0,11,0,TCCCACGGACATAGAGTGTC,11,539757
araCp,12.0,11,0,TATCTGAAGGACATGAACCT,11,531250
araCp,12.0,11,0,TATATGCGGGGCATTACTAA,11,530070
araCp,12.0,11,0,TAGATGGCCGGACCATTCTT,11,602737
araCp,12.0,11,0,TACTTGTGATTAAGATTGTC,11,562859
araCp,12.0,11,0,TACGGACCGCGGTATCGTTA,11,527451
araCp,12.0,11,0,GTTGGAGACACTCCCCGCGG,11,585643
araCp,12.0,11,0,GGACTGTGAGATGACTTTCT,11,570483
araCp,12.0,11,0,GCAAGCGCGCACTTCCCCCC,11,533169
araCp,12.0,11,0,GATTCCTCAGTACTTTTATA,11,593309
araCp,12.0,11,0,GAGTCAAGTATATACGCTGA,11,534604
araCp,12.0,11,0,CTGCGTGGTAAGAGCCCATT,11,561374
araCp,12.0,11,0,CTACACTGTTAAACGGTTCC,11,566199
araCp,12.0,11,0,CGCCATGAAGTCCGGTATAA,11,546550
araCp,12.0,11,0,CGATCGTCAGATCTGCACGG,11,567566
araCp,12.0,11,0,CCTTATATAGGAACCCCATA,11,557880
araCp,12.0,11,0,CCCACGACGGGCAAGTGACA,11,554341
araCp,12.0,11,0,CATTCCGTACTTAGTGAAGG,11,531926
araCp,12.0,11,0,CATTAGTGTTGCCTTATCTT,11,566366
araCp,12.0,11,0,AGGTCTTTTTGCAGTACGTG,11,551386
araCp,12.0,11,0,AGGTCTCAGAGTGCCCCGCA,11,581259
araCp,12.0,11,0,ACTTACGATAGCCAGCTATC,11,570348
araCp,12.0,11,0,ACTCAAGAGGGTGCGGCGCA,11,594979
araCp,12.0,11,0,ACACGCGGGGAGTGGGTAGA,11,575327
araCp,12.0,11,0,AATTACTTGGGTCGTCGAAA,11,585376
araCp,12.0,11,0,AATCGTAGCGACTTGTACCC,11,572491
araCp,12.0,11,0,AAGGCACTTGCTACCGCGCT,11,534629
araCp,11.0,10,0,TTGTGAAAGCGTCCTGAGCC,10,595199
araCp,11.0,10,0,TTCGAATCGTGCTCCCCGCT,10,560316
araCp,11.0,10,0,TTCCGAGTCGCTTCCTACCT,10,525895
araCp,11.0,10,0,TTCCACAATTTGTAATATCC,10,537052
araCp,11.0,10,0,TTAGAAACTCAGCCTTCATC,10,533020
araCp,11.0,10,0,TGGTGTTGTTGCCTAAGCGT,10,588434
araCp,11.0,10,0,TCTAAGACAGGGCGGTGATC,10,541698
araCp,11.0,10,0,TCGAGCGCCGTGGTCGATTG,10,540814
araCp,11.0,10,0,TCGAAACACTTCGCGACCAC,10,561310
araCp,11.0,10,0,TCACTGTCTTCGCACGTGGC,10,534678
araCp,11.0,10,0,TACGGGACGTGGGTTAAGAG,10,593648
araCp,11.0,10,0,GGGCGAGGCACGGCAGAACC,10,530520
araCp,11.0,10,0,GGCTTATTCCGATGCTTTAC,10,565810
araCp,11.0,10,0,GGCCGATTGGGTGCCTTACA,10,578235
araCp,11.0,10,0,GGCCATTGCAGACCCGCCGT,10,603237
araCp,11.0,10,0,GGATACTTGGGGTACGTCAA,10,532050
araCp,11.0,10,0,GCTTACGGCTCCCACAGGCA,10,539075
araCp,11.0,10,0,GCCGACGCACCGAGTCGCCA,10,561431
araCp,11.0,10,0,GCAGGAGAGGCAAGCTCTGT,10,564172
araCp,11.0,10,0,GCACGGGAAGTTTGCTAGTA,10,549668
araCp,11.0,10,0,GATTCGAATTGAACCTTGCT,10,536132
araCp,11.0,10,0,GATAGAATAGACTGACGACA,10,574798
araCp,11.0,10,0,GACCTACCTGTTTTTCGCCG,10,530881
araCp,11.0,10,0,GACAATAGAATTCAGAGCTG,10,578095
araCp,11.0,10,0,CTTAGCTGCTCCTGCTCAAA,10,541672
araCp,11.0,10,0,CTGGCAACATTCGGCGACGT,10,588856
araCp,11.0,10,0,CGGTCTATGATCATACAATT,10,530055
araCp,11.0,10,0,CCCTGGGATCTGTAAAATAC,10,575421
araCp,11.0,10,0,CCAACGTAGCTTTATCATCT,10,584366
araCp,11.0,10,0,CAGACGCGATTATCTGTGCA,10,579653
araCp,11.0,10,0,CACCTCTCTAGCTAAGATGT,10,595208
araCp,11.0,10,0,CAAAGTTTTCGCCTCCTTTC,10,576003
araCp,11.0,10,0,ATTGCCTTCATTACACCAGG,10,594792
araCp,11.0,10,0,AGATTCTTATTCTACGGGAA,10,557166
araCp,11.0,10,0,ACCCTGGGAATCCAGGAAAC,10,587982
araCp,11.0,10,0,AAATCGTAGGCCCTACATTC,10,544406
araCp,10.0,9,0,TTGCTACGGATGCCTCCGGT,9,541118
araCp,10.0,9,0,TTGCGTCAACGACTCCCAAG,9,588813
araCp,10.0,9,0,TTCGGCATAAAGGGATCTGA,9,561851
araCp,10.0,9,0,TGAAAAGGTTATTCCATATA,9,572033
araCp,10.0,9,0,TCACGAGCCGTGCTTACCCC,9,556490
araCp,10.0,9,0,GGTTAGACACCGAAGTTATC,9,556673
araCp,10.0,9,0,GGCCCGAGGCTAGTGTATCT,9,588206
araCp,10.0,9,0,GGAAGAGTCTATATTTTCGC,9,585818
araCp,10.0,9,0,GCTCTACTAGCCCGTGGATG,9,587704
araCp,10.0,9,0,GATCAGCTAGATACCTCTAC,9,553087
araCp,10.0,9,0,GATAGTCCTTCCAGCATTGG,9,544799
araCp,10.0,9,0,GAGAAGCACGCCATGCTACA,9,597137
araCp,10.0,9,0,CTAGTCCAGACAATGATATG,9,528864
araCp,10.0,9,0,CGGTTCTTTCGTTCGGAATG,9,571347
araCp,10.0,9,0,CGGTAGTTCCAGAGGGTTGA,9,543978
araCp,10.0,9,0,CGGCAGATACGTATACTCAT,9,592997
araCp,10.0,9,0,CGACTATAAATCTACTGTGA,9,592107
araCp,10.0,9,0,CCTATAAGGGTAAGGAAAAG,9,560063
araCp,10.0,9,0,CCAGCGGGGCCAGGGGGGGA,9,549456
araCp,10.0,9,0,CAGTACCATCATCAGATTGT,9,592744
araCp,10.0,9,0,CACGCATGTTTGTGATAGAA,9,549546
araCp,10.0,9,0,CACATATTTGTTCATAGAGG,9,539310
araCp,10.0,9,0,ATTTCACGTTCAGTGAACTG,9,596574
araCp,10.0,9,0,ATGTTCGACATGACGCATTG,9,534613
araCp,10.0,9,0,AGGGTATACTATATGTACAA,9,547763
araCp,10.0,9,0,ACGCATCGTCCATTTTACAA,9,533822
araCp,9.0,8,0,TTTCATGCGTTAAGCAAAAT,8,540716
araCp,9.0,8,0,TGACCATGCTCACTATTGTA,8,563946
araCp,9.0,8,0,TCTAGCACTATAGAGGCCAA,8,597515
araCp,9.0,8,0,TCCAACGAAGTAGAAAATTA,8,589691
araCp,9.0,8,0,TATGGAGCACACAGGGTGGT,8,595450
araCp,9.0,8,0,GTTACCAGAATTAGGTGTCT,8,563130
araCp,9.0,8,0,GGGACTATTGATGGCTCTCA,8,593953
araCp,9.0,8,0,GGATTGGGTAAATCTCGAGA,8,577419
araCp,9.0,8,0,GCTGCAAGGGACTTCCCGCT,8,599148
araCp,9.0,8,0,GATTTCATCAATCAACGGAG,8,539054
araCp,9.0,8,0,GATAGACCTGCACGCGGGTA,8,551597
araCp,9.0,8,0,GACTGCTAGTAATTGGGTAC,8,578987
araCp,9.0,8,0,GAATAAGCGGTCCGGTTCAT,8,535404
araCp,9.0,8,0,CTTCGCGGCGGTCAGATCTT,8,558989
araCp,9.0,8,0,CTCTGCTTGTGCAAATGCTA,8,544974
araCp,9.0,8,0,CCGTGTGGAGTCATACGGAT,8,529179
araCp,9.0,8,0,ATAAAGCAAGTGCCGAACAC,8,536444
araCp,9.0,8,0,AGGGCAATCACTATTACGTT,8,559467
araCp,9.0,8,0,AGCGTAAAACACATTAGTGA,8,569774
araCp,9.0,8,0,AAGTCACTTGATGTTTTGAC,8,544798
araCp,9.0,8,0,AAAGATACTGTCTTTCTGCT,8,590587
araCp,8.0,7,0,TTCAAGTCTAGTCCCGTAAC,7,541457
araCp,8.0,7,0,TGAGAACTTCCATGGCCTTC,7,561547
araCp,8.0,7,0,TATTCTACGCAGATGTTCCG,7,543984
araCp,8.0,7,0,TATTATGTTCTTATTCTGTA,7,560008
araCp,8.0,7,0,TATCGATTACATATTTTGTA,7,569004
araCp,8.0,7,0,TAGATACCCGCGGGAGCTGC,7,542375
araCp,8.0,7,0,GTGTAGGTTTTGGCATTTGG,7,540175
araCp,8.0,7,0,GTCATAAAAATAGTTATTGA,7,573147
araCp,8.0,7,0,GTAGACTAGGTAGTGCAGCA,7,562877
araCp,8.0,7,0,GGTCAGCGCGACACCAGTCA,7,587213
araCp,8.0,7,0,GGTACAGAGCGCCATTCACA,7,538144
araCp,8.0,7,0,GATGAATTTCGTCCGTGGAC,7,602983
araCp,8.0,7,0,GAGCAGGAATGTTGTTAGGA,7,534582
araCp,8.0,7,0,GAGACCTCCTTTCCAGTTGT,7,588322
araCp,8.0,7,0,CTCGCCTTTGTAAGCCGCGA,7,527804
araCp,8.0,7,0,CGGGGTCAAAGATGGCGTTT,7,552083
araCp,8.0,7,0,CGCTGGTGGGTTCGGAAAAC,7,600745
araCp,8.0,7,0,CGAAATTATACGAAAAACCA,7,559272
araCp,8.0,7,0,CCATCCACAAGTAAGGCTAG,7,591315
araCp,8.0,7,0,CCACCCTGCGACGGGGCTCG,7,593422
araCp,8.0,7,0,CAGCGCAAGCCACTTTTAGA,7,551109
araCp,8.0,7,0,AGGTAAGTCTCCGGCGGGTT,7,552910
araCp,8.0,7,0,AGGCACTATCCACACATTTT,7,542531
araCp,8.0,7,0,AGCTTTGGGTCATTCTCACT,7,545005
araCp,8.0,7,0,AGCCAGCAGATTTTCAATAT,7,555737
araCp,8.0,7,0,AGATCGCGCCCGTAGGGACG,7,575894
araCp,8.0,7,0,ACGACGAATGAATACCTCAA,7,589842
araCp,8.0,7,0,ACCATTTCTGCGTAACCAGG,7,580896
araCp,8.0,7,0,AACTTCCTCCATGGTATGCT,7,568533
araCp,8.0,7,0,AACTATAAACTTGATCCCGG,7,540003
araCp,8.0,7,0,AACGGGATTCTGCTTTCGAA,7,586653
araCp,7.0,6,0,TGCCCATGAAACAGGTCCAT,6,551555
araCp,7.0,6,0,TGAGCTGCATCAACTCAAAG,6,599462
araCp,7.0,6,0,TCCAGTTCCCCGCGAGGGAT,6,595064
araCp,7.0,6,0,TATGCGGCTCGAGTCATCTA,6,584972
araCp,7.0,6,0,TATCCAATCGAATCATCAGT,6,601428
araCp,7.0,6,0,GTTGGCCCCAGACCTCTTTC,6,582951
araCp,7.0,6,0,GGCACTCATTTACTGCAAGT,6,599123
araCp,7.0,6,0,GGCAACACGTTATTCCGGTA,6,528170
araCp,7.0,6,0,GCTTCTGTAAGAGCCATGTC,6,592488
araCp,7.0,6,0,GCGGAAACGAAATCTATGGA,6,599628
araCp,7.0,6,0,GCCTTGTTTCCCGAAAGGTC,6,539033
araCp,7.0,6,0,CTTGGCTACACAGTAGTCAC,6,583778
araCp,7.0,6,0,CCAACTGCCCCCGACAAGTT,6,557725
araCp,7.0,6,0,CATGACCTCTCGAGTACGGA,6,543842
araCp,7.0,6,0,ACGAGTGCTCCAACGTAACA,6,573792
araCp,6.0,5,0,TTCGTCTGACGCCATGCTAT,5,602559
araCp,6.0,5,0,TGGTAAAGCGACCGACCTGC,5,552714
araCp,6.0,5,0,TGCTGCCGGCAACTATTACT,5,583888
araCp,6.0,5,0,TCACACTCAGATAATCATTA,5,586981
araCp,6.0,5,0,TCAAACCTTTCGCGTCTGCA,5,602157
araCp,6.0,5,0,TATCGAAACCAGCATAGGTA,5,542454
araCp,6.0,5,0,TATACACTTAATATTTATAT,5,532865
araCp,6.0,5,0,TACCAGGGTTAGAGCTGATA,5,576722
araCp,6.0,5,0,GTACCTCTCCTATTATTAAT,5,531577
araCp,6.0,5,0,GTAAGATGGAGCTTTGGATA,5,550364
araCp,6.0,5,0,GACTATAACTGGAACCTCTT,5,579211
araCp,6.0,5,0,CTTTATCCTTGGTGAAGTCG,5,600573
araCp,6.0,5,0,CTCACCCGGAGAAATGTCCC,5,562223
araCp,6.0,5,0,CATGCGGCTGGGGGGAAGAT,5,570104
araCp,6.0,5,0,CAAGCGACAGAGTAATCCCT,5,530880
araCp,6.0,5,0,AGCAGTTCGAAGGGGCAAAA,5,549306
araCp,6.0,5,0,ACTTGCCGCTTAACGTGGTT,5,561316
araCp,6.0,5,0,ACCAATGAGCCCTAGAGCAT,5,534125
araCp,6.0,5,0,AAGTTACATCCCTACATCTA,5,543401
araCp,5.0,4,0,TTGTTTTCCTCGGAGTCAAC,4,601040
araCp,5.0,4,0,TTGTCTGGATATTGTTATGG,4,534356
araCp,5.0,4,0,TCGCTTGCAAGAGGTGTTCG,4,536411
araCp,5.0,4,0,TACCGTCGAGCATAGTACTT,4,590883
araCp,5.0,4,0,GGGAAAGCATAAATAAAGCC,4,540532
araCp,5.0,4,0,GCCCACTGTCCTCTCCCGAA,4,586690
araCp,5.0,4,0,GACCAATCATTACAGTGTAG,4,565415
araCp,5.0,4,0,CGATCTGCAAAAGGAGGGTA,4,558244
araCp,5.0,4,0,ATGAGGGGTTTAGAAGACTT,4,567416
araCp,5.0,4,0,ATGAAGCGGTTGCGATCGAC,4,539664
araCp,5.0,4,0,AGCCAGTCGTTATTTAACTT,4,576083
araCp,5.0,4,0,AGACTTTTCATACTGCACAT,4,572146
araCp,5.0,4,0,ACGGCACCGAGGCATACTAC,4,591874
araCp,5.0,4,0,AATGAGTCATAGCCACTTCC,4,591958
araCp,4.0,3,0,TTTTGACAACTACCCTCCTC,3,549176
araCp,4.0,3,0,TTCTTACAATCGAAATTCTC,3,565310
araCp,4.0,3,0,TGTCTGCCGGATTCTTTTCA,3,526731
araCp,4.0,3,0,TATGTGTTAAGTGGCCGCAA,3,566261
araCp,4.0,3,0,GTTTGCACCGTACCGACATA,3,556270
araCp,4.0,3,0,GTTAGTACAAAGCCGGCAAG,3,601137
araCp,4.0,3,0,GCGTCCGTGCTGTCAACGCC,3,574550
araCp,4.0,3,0,GCAGTTAATAGAGTTGAGTC,3,589960
araCp,4.0,3,0,GACCATTCCTCGTGGCAGGA,3,553511
araCp,4.0,3,0,CGTGCGGACTTACTAATCGC,3,542218
araCp,4.0,3,0,CGCGGCGCTCGACGGGAGCA,3,547913
araCp,4.0,3,0,CCTTCGCGTATTAACGCGCT,3,565818
araCp,4.0,3,0,CATGAGTCGAGATGCTCTTC,3,535885
araCp,4.0,3,0,ATGATGCACGCCCGATGAAG,3,580627
araCp,4.0,3,0,AGCCTTTGCATTCCTAGATG,3,588560
araCp,4.0,3,0,AGAACGTGACAAATCCTGTA,3,532305
araCp,4.0,3,0,ACTGCGTCTCAGGGAGTATA,3,532668
araCp,4.0,3,0,ACACGCTTGGTCCACGATTT,3,548969
araCp,4.0,3,0,ACAACGGAGAGCCCAAAGGG,3,600548
araCp,3.0,2,0,TGCCGCCGCCAGACAATTTT,2,587116
araCp,3.0,2,0,TCCACCAGCGACCAGAAAGT,2,547219
araCp,3.0,2,0,TCACCCTGCAGCCTATCTTC,2,545824
araCp,3.0,2,0,GTTGTCCATAACGTTAATCA,2,548624
araCp,3.0,2,0,GTACTTATCCAGCACGGGGT,2,587691
araCp,3.0,2,0,GGGGTAAGCTCGGACATCAA,2,602674
araCp,3.0,2,0,GGATTCATATTCGTTTGTTT,2,575801
araCp,3.0,2,0,GCGAAACGTGATAGGAAAAA,2,602833
araCp,3.0,2,0,CTGCCGTGCTTCGTGTGTTT,2,555415
araCp,3.0,2,0,CGCCTTGCGCATGAGGGTGC,2,588810
araCp,3.0,2,0,CCCTCTACGGCCCCGATTGC,2,553387
araCp,3.0,2,0,CATAAATCAGCAGGTCCTAG,2,541428
araCp,3.0,2,0,CAGGATTCACCTCATATCCT,2,601823
araCp,3.0,2,0,AGGTTCGTTTCGGACGAATT,2,558094
araCp,3.0,2,0,AGGTCAAGGCATCATTAAAG,2,593257
araCp,3.0,2,0,AGGGTTGGACTGTCCAGAAA,2,581767
araCp,3.0,2,0,AGCAAACTATCATGCAGGAG,2,563029
araCp,3.0,2,0,AGATATCGTTACCATAACCT,2,593329
araCp,3.0,2,0,ACTATTCATAGGCCTCGGGT,2,527880
araCp,3.0,2,0,ACATCCAGGGCACTACAACC,2,532722
araCp,3.0,2,0,AACTCTCCGTCTGTCAGCCT,2,596977
araCp,3.0,2,0,AACCGCTACATTCATGAGCA,2,565191
araCp,2.0,1,0,TTGGTGGCTACTCGGAAAGT,1,583765
araCp,2.0,1,0,TTGAATAGCGGGACGGGTAC,1,588858
araCp,2.0,1,0,TTCGTTCACTTTTTCTGCCT,1,564998
araCp,2.0,1,0,TTCGGCCCTGTTTTAAGCTA,1,561869
araCp,2.0,1,0,TTCCCCAGCCTTATACATTT,1,526661
araCp,2.0,1,0,TGGGCTCCGCGTACGAATAA,1,538209
araCp,2.0,1,0,TGGAGAGCAAGACGATTTTA,1,557716
araCp,2.0,1,0,TCTCCAGCTCCATTCGCCTT,1,585695
araCp,2.0,1,0,TCGTTCTCCGAAGCGTGAGC,1,556637
araCp,2.0,1,0,TAGATGCATTGGAGCCTCTA,1,545681
araCp,2.0,1,0,TAAAGGTTATGCCTTACCAG,1,592238
araCp,2.0,1,0,GTTCGAATATTCCGAAAATG,1,601488
araCp,2.0,1,0,GTGTCTACAGACCCTAATTA,1,527937
araCp,2.0,1,0,GTAACTGACGATAGTGAAGA,1,577484
araCp,2.0,1,0,GGCCCTGTAGGCACACCCAA,1,591790
araCp,2.0,1,0,GGAGTGGGTACCCTCCGCCC,1,585074
araCp,2.0,1,0,GGAAGACGCAGAACCGTGTC,1,587135
araCp,2.0,1,0,GCTAATTCACCATATATGTA,1,579953
araCp,2.0,1,0,GCGATGCAGCACTATACAGC,1,525587
araCp,2.0,1,0,GAGTCAGCGCTGTTAGGACA,1,553475
araCp,2.0,1,0,GAAGCTCGCCACAGAACATA,1,587497
araCp,2.0,1,0,CTCTCATCCCCTAAATCCTC,1,590886
araCp,2.0,1,0,CGTCCCATTCTCTGACTCAC,1,527857
araCp,2.0,1,0,CGCAATCACTATGTCCTTAC,1,579357
araCp,2.0,1,0,CCTGTGATCTTTGCAGTTAG,1,558307
araCp,2.0,1,0,CCTCCTTAGAGCATCTCCCT,1,595660
araCp,2.0,1,0,CCGGACGCTATCGGTAGACC,1,598566
araCp,2.0,1,0,CATAGTAATGGCGGTGGGCT,1,531695
araCp,2.0,1,0,ATTCTCTCCTCTTCGGGGAC,1,539149
araCp,2.0,1,0,ATGAATAATATCAGGATAGT,1,580175
araCp,2.0,1,0,ATCGTGGTCCTGCTCAAGAC,1,539034
araCp,2.0,1,0,ATAGCGTACTGATGGGTTTA,1,568572
araCp,2.0,1,0,ATACGGTCGCAATGCCCTAT,1,571901
araCp,2.0,1,0,AGCCCCGACTCATGCGGGAA,1,547979
araCp,2.0,1,0,AGAGCACCGGACCGTCACCT,1,590827
araCp,2.0,1,0,ACCCAGGTTATTAGATAGGA,1,572928
