name,relative_counts,ct,ct_0,barcode,ct_1,barcode_ind
ompRp4,0.8140444810543658,8807,4855,CCCGGCGGACAGGCTTTACG,3952,2924609
ompRp4,0.8962264150943396,400,211,AGTAACACTTCAACGTAGGT,189,2915809
ompRp4,0.2411764705882353,209,169,GGATGTTTTCGAATTCTATA,40,2932617
ompRp4,0.1390728476821192,170,150,AACGCCACTTGAAATACCGA,20,2908711
ompRp4,0.44274809160305345,187,130,TGACGAACGCCCCTCAATGA,57,2923884
ompRp4,0.768,219,124,CAGTGTACGTTAAACGATTC,95,2907780
ompRp4,0.03669724770642202,111,108,CCGTTGCGCGGATCGGCACT,3,2907699
ompRp4,0.5462962962962963,165,107,CGTTGCTGAAAGTATCTAGA,58,2923904
ompRp4,0.6355140186915887,173,106,TTTCATGCTTCTCGAGCCCA,67,2911448
ompRp4,1.0392156862745099,206,101,CGTTATTACTTTAATCACAA,105,2907924
ompRp4,0.09803921568627451,110,101,AGTGTGTAACCATTTAGGCG,9,2917387
ompRp4,0.28431372549019607,129,101,AACATATTTAGTCCGTCGAA,28,2907960
ompRp4,1.7326732673267327,274,100,CTCGGGTTGCCGGGGATTGT,174,2909176
ompRp4,0.2828282828282828,125,98,TGTATCCGGTACCGCGGCAG,27,2921503
ompRp4,0.3229166666666667,125,95,CCATAACGGATACGGTGAGT,30,2908693
ompRp4,0.18947368421052632,111,94,TTGGATGAGTCAAAGGCGAT,17,2911005
ompRp4,0.7446808510638298,162,93,CATGAACTCTCAACTGATCT,69,2934404
ompRp4,0.7222222222222222,153,89,GACGGAGAGTAGGCCTGATA,64,2921570
ompRp4,0.875,163,87,GACGGAACAATACTCTCATA,76,2907941
ompRp4,0.13793103448275862,97,86,ATGTGTGTTGGGGGTAGGAT,11,2908544
ompRp4,0.3333333333333333,114,86,AGACTTCCCAGCAGGAAGTC,28,2916874
ompRp4,0.6976744186046512,144,85,TATGAGTGCGGGCTACTTTT,59,2913612
ompRp4,0.1744186046511628,99,85,CACAATCATGTCCTCTGTAT,14,2931423
ompRp4,0.4634146341463415,118,81,GACAGGGTGGCCACTCGCTT,37,2909893
ompRp4,0.5189873417721519,118,78,ATGGAGGGAAACAAAGTTCA,40,2911739
ompRp4,0.8076923076923077,139,77,CCTTCTTTTCTGGCCCAATT,62,2911602
ompRp4,0.5512820512820513,119,77,AGTATGCTGCAAGTACGGTT,42,2916444
ompRp4,0.09090909090909091,82,76,GCCGTGGTTAGACGTGTATA,6,2910163
ompRp4,0.8831168831168831,143,76,AGCGAACATACATCCTGTCA,67,2910818
ompRp4,0.4342105263157895,107,75,ATTGGTATCTCAAAAATAAT,32,2915552
ompRp4,0.8783783783783784,137,73,TCTTTCTGCGGGTCAGGTCC,64,2930673
ompRp4,1.7162162162162162,199,73,GTGGGTTCCGCAAATACTGT,126,2907978
ompRp4,0.10810810810810811,80,73,GTCCCAGGATAATACCCGGG,7,2924661
ompRp4,0.7567567567567568,128,73,AGTTTAACCTTCAAGGGCTA,55,2923400
ompRp4,0.5753424657534246,113,72,TCCTTCCCAGACCCATATAT,41,2914962
ompRp4,0.9041095890410958,137,72,ATCGTCCCTCTGCACATCGC,65,2912356
ompRp4,0.5833333333333334,112,71,ATAGGCAGTAAAAACCCGGA,41,2928563
ompRp4,0.9444444444444444,138,71,AAGGGATTAGAGACGAGGAC,67,2932066
ompRp4,1.3142857142857143,160,69,CTTGAGGTCCCAGTGTTGAG,91,2927406
ompRp4,1.1014492753623188,143,68,CCGCCACCCAGGGCAGATTG,75,2908075
ompRp4,0.9117647058823529,128,67,TTGCTTTCGCTGGGCGAGAT,61,2929076
ompRp4,1.4411764705882353,164,67,CATAGGGGCACTTAGATTCA,97,2915764
ompRp4,0.05970149253731343,69,66,GTTTGGAAACAACATAGCAA,3,2933976
ompRp4,1.0606060606060606,134,65,GTTTTCAGGGTAAAGCCAAA,69,2923777
ompRp4,0.8636363636363636,121,65,ATCTGCGCCTCGATAAACGT,56,2916739
ompRp4,0.48484848484848486,96,65,ACGATCGGGGTTCAAGTAGA,31,2920512
ompRp4,0.140625,71,63,TTAGGTTAACTCCCAGCGTA,8,2908484
ompRp4,0.65625,104,63,CTCAACCGATAGCTTCGTTC,41,2908161
ompRp4,1.25,142,63,ATAAGGTGCGAGGGACGCAT,79,2922001
ompRp4,0.7301587301587301,107,62,TTTGGGATGGGCGGTCACGA,45,2908542
ompRp4,0.23809523809523808,76,62,TATTCGACTACTAAGTCGCT,14,2908465
ompRp4,0.12698412698412698,69,62,TAGCAATCTCTCTGGGGATA,7,2929826
ompRp4,3.0476190476190474,253,62,CGATAATTTCTCATTTTACT,191,2914833
ompRp4,0.3548387096774194,82,61,TCTGGCAGCCGAACACCTTT,21,2927790
ompRp4,0.9180327868852459,115,60,TTTAATTAAAATGCACATAA,55,2907829
ompRp4,0.8,106,59,GTTACCGAATTTCAATAGCA,47,2926588
ompRp4,0.9333333333333333,114,59,AATCAGACACGTCATCGCCA,55,2925648
ompRp4,0.5833333333333334,93,59,AACCTGGGTGACAACGTGCA,34,2918680
ompRp4,1.6101694915254237,152,58,TGGTCAAAGAAATACCATGC,94,2909308
ompRp4,0.559322033898305,90,58,GTTGCTAACCTACGAGCCAA,32,2910955
ompRp4,1.0,116,58,GAAAGCTATGACACCAGGAG,58,2935999
ompRp4,2.3728813559322033,197,58,CGTCTTGATTGAAGCCAAAC,139,2913067
ompRp4,0.4067796610169492,81,58,CAATGTAGCCACCGTTTCGA,23,2908692
ompRp4,0.423728813559322,82,58,AGGAGAAACAGTGCGACCTC,24,2921515
ompRp4,0.5084745762711864,87,58,ACCCCGTATGGCGAACGCGT,29,2910233
ompRp4,1.3448275862068966,134,57,TACGGGAAAGATCACGTGTG,77,2922771
ompRp4,0.5862068965517241,90,57,GTAGTATGGATGATGACGTA,33,2914844
ompRp4,0.7241379310344828,98,57,GGGGGAGAAAGCCGATGAGA,41,2919843
ompRp4,0.6896551724137931,96,57,CGTGATACCAGTGGCAGGCA,39,2917353
ompRp4,1.2586206896551724,129,57,CGTCACCACATCGGTGGCGT,72,2919030
ompRp4,0.1724137931034483,66,57,ATTCCACAAGTTAAATAGCT,9,2933038
ompRp4,0.7758620689655172,101,57,ATACAATTTTCTGTCGCTCA,44,2912509
ompRp4,0.6140350877192983,90,56,CTTCGCGCCGGGTCCGCAGT,34,2916273
ompRp4,1.0175438596491229,113,56,AATCGTCGCCTATTAGCTCC,57,2908995
ompRp4,0.5535714285714286,85,55,GCAGTTTAGCTTGCAGTGGT,30,2914530
ompRp4,0.23636363636363636,66,54,TACTGATGATGAGTCTGTGA,12,2914510
ompRp4,0.2,64,54,GGTCTCCGTTAGTGTGTTCG,10,2916878
ompRp4,0.03636363636363636,55,54,GGCAGATCTGAGACGTCATT,1,2910098
ompRp4,2.4444444444444446,184,53,TCTAATACCGGACTGCAACG,131,2908028
ompRp4,0.6481481481481481,87,53,TCGGCGTTACCGATCCTCAC,34,2912079
ompRp4,0.5,79,53,GGGTCTGTTAATAACCTGGT,26,2922654
ompRp4,0.24074074074074073,65,53,GAGCACGCGCCTTATCACGA,12,2910234
ompRp4,0.8148148148148148,96,53,CTCTTGCCATGACCGGGAAC,43,2908115
ompRp4,0.07407407407407407,56,53,CAGTCTCACCCAGTATATTC,3,2929255
ompRp4,0.05555555555555555,55,53,ATCTCTCTCAACAAAACCCG,2,2911694
ompRp4,0.7592592592592593,93,53,AGCCAGGTGACGGCCTCATT,40,2929378
ompRp4,1.3962264150943395,125,52,TTCAGTTAAGGCGCTTCTGT,73,2913734
ompRp4,0.16981132075471697,60,52,TAGAGCAGCAGAGCACATTA,8,2907781
ompRp4,0.18867924528301888,61,52,GCCGAAGGTATAGTTGAAAG,9,2935183
ompRp4,0.24528301886792453,64,52,CTCAACATGAGTTAAGTGTG,12,2912972
ompRp4,0.7547169811320755,91,52,ATCGATGGATGAGCTGTTCC,39,2914509
ompRp4,0.5,76,51,TCGCCTGTCGGTAGTGGCTG,25,2928739
ompRp4,0.2692307692307692,64,51,TAGATAGAACATAGTCTGAA,13,2909102
ompRp4,1.2156862745098038,111,50,TGAATTCAGAGCACACATAT,61,2922718
ompRp4,1.196078431372549,110,50,CGTTGAGCCCGGTATAGCCT,60,2922951
ompRp4,0.058823529411764705,52,50,CGGCACCCATCGTTGTGTTT,2,2915672
ompRp4,0.29411764705882354,64,50,CCGTGGTCGAGCAATGCCTC,14,2921315
ompRp4,0.35294117647058826,67,50,CAGGTGAAGGACCCACAGAT,17,2910390
ompRp4,0.37254901960784315,68,50,CAGGCGTATACAGAGTAGCT,18,2916496
ompRp4,0.0392156862745098,51,50,CACTTAAGTTCAATAGGACT,1,2908177
ompRp4,0.5686274509803921,78,50,ATCTCATCGTCGCTCAAGAT,28,2910429
ompRp4,0.9803921568627451,99,50,AGATAGGTAGCGGTAATCCC,49,2916923
ompRp4,1.2352941176470589,112,50,AACTACCCGATCCATAGATT,62,2924079
ompRp4,1.54,125,49,TTTACCTCTGCCCTTCGACA,76,2914715
ompRp4,0.04,50,49,TCATCAAGGGCAAGTGCGTT,1,2917410
ompRp4,0.1,53,49,GCGGGTATGCCGCGACGGCA,4,2908841
ompRp4,0.4,68,49,GATGAGGCCATGGGTGCAAG,19,2924637
ompRp4,0.06,51,49,GAGCCAATTCCCGCTTAGCT,2,2913134
ompRp4,0.84,90,49,CCTATTCATCCTATCAGTGG,41,2907805
ompRp4,0.6,78,49,CCAAGGACCGATGCAGCTGA,29,2911134
ompRp4,1.32,114,49,AGTGGATCCCGAAATACTTA,65,2907695
ompRp4,0.58,77,49,ACGACAGAAAACCAATGTAG,28,2917046
ompRp4,0.3469387755102041,64,48,TCCAACCCAGGGTAATTGCC,16,2911019
ompRp4,2.4489795918367347,167,48,GTACAGCGCTTTGCACCCTT,119,2917207
ompRp4,0.04081632653061224,49,48,CGTTCCGCCTTAAACATGGG,1,2924074
ompRp4,0.10204081632653061,52,48,CCTGTGTCGGGTTCCCGTCC,4,2926010
ompRp4,0.061224489795918366,50,48,CATAAATCGAGATCATTACG,2,2914893
ompRp4,0.6938775510204082,81,48,ATTGATTCCCGGAAGGCTGG,33,2919266
ompRp4,0.5306122448979592,73,48,ATTCGCTATGCTCTGGCCAT,25,2913539
ompRp4,3.4081632653061225,214,48,AAACTGGTTCGGCTTCCTTG,166,2932955
ompRp4,0.2708333333333333,59,47,TTATTGTTCGGCAACCCGTT,12,2908820
ompRp4,0.041666666666666664,48,47,TGTAGAAAAATCGAACCGGT,1,2921839
ompRp4,0.0625,49,47,TGCGATAGTCGGTACTCGTA,2,2910321
ompRp4,3.25,202,47,CCTAACTCTATTAACCCAGG,155,2917758
ompRp4,1.5208333333333333,119,47,CCGCTATTGCCCAAATGTCA,72,2908045
ompRp4,6.041666666666667,336,47,AGCACGCAACCCAGTGTGTA,289,2916165
ompRp4,0.9574468085106383,90,46,TTAGCACTCTTACATAGGCT,44,2923702
ompRp4,0.2553191489361702,57,46,GTTGGTGTATTGGAGACTTA,11,2935502
ompRp4,1.446808510638298,113,46,GGGAACAGTTGTACCGCACT,67,2914382
ompRp4,0.3191489361702128,60,46,GGAAGACACGACGCTAGCTA,14,2921335
ompRp4,0.5106382978723404,69,46,GACAGCGTGTTTGGCAAACG,23,2923067
ompRp4,0.19148936170212766,54,46,CTCTGGAATGTTCTCACGCC,8,2926159
ompRp4,0.425531914893617,65,46,CGGCTTCGTCTTAGTCCGAA,19,2933979
ompRp4,0.14893617021276595,52,46,CGGAGGCCTTTAGGCTTCTT,6,2908714
ompRp4,1.6170212765957446,121,46,CCTACAGTGAATTCGATGGG,75,2911598
ompRp4,0.9574468085106383,90,46,CCCACCTAACGTACGGATTA,44,2930242
ompRp4,2.6595744680851063,170,46,AGCCGTCTGTTGATCAAATA,124,2916162
ompRp4,0.13043478260869565,50,45,TTAATTGCAGCAGCAAACTT,5,2923685
ompRp4,2.130434782608696,142,45,TAAGGTAGGGCTCACCGTCA,97,2930277
ompRp4,0.4782608695652174,66,45,GTGCGTACGTCCTTGTACAG,21,2917857
ompRp4,1.0,90,45,GATCGGGTGTGGGCTCGAAG,45,2917045
ompRp4,0.30434782608695654,58,45,GAGTGTCTGTGAGACTTTTG,13,2909612
ompRp4,0.9565217391304348,88,45,CGGACTGGGGGTTGCGTTAA,43,2910597
ompRp4,0.5,67,45,CAGAGGTCCCACACCTCGGA,22,2908349
ompRp4,1.4565217391304348,111,45,CAAGCCTTGATTTGAACCGC,66,2912110
ompRp4,0.391304347826087,62,45,CAAATCACGAGCCGCTGGAT,17,2915486
ompRp4,0.8444444444444444,81,44,TTTTGGATCGCGACAGCGCT,37,2910612
ompRp4,0.06666666666666667,46,44,TTGTTCGGGCCGCATGTCTT,2,2934280
ompRp4,4.7555555555555555,257,44,TAGCTCTTTCCCCTGACCTG,213,2929505
ompRp4,3.088888888888889,182,44,GCGTATAAACGTATCTGCCC,138,2920957
ompRp4,0.8444444444444444,81,44,GATCGACCAATAGGAATTAT,37,2916623
ompRp4,7.222222222222222,368,44,GACGGGCAAGTGGACTCGGA,324,2930472
ompRp4,0.15555555555555556,50,44,CGGATCTCATTACTACAAAA,6,2920564
ompRp4,2.2666666666666666,145,44,CAAAAGGATTTACAATTTTG,101,2910340
ompRp4,0.9111111111111111,84,44,AGTATAGTTTACGTTTCGCA,40,2925581
ompRp4,1.511111111111111,111,44,ACCGAGTACATAGGTGTGTT,67,2911597
ompRp4,0.044444444444444446,45,44,AATGAGGTTGGAGCGTCCCA,1,2928335
ompRp4,0.37777777777777777,60,44,AAGACAATTGGATCAGAATG,16,2915698
ompRp4,1.0909090909090908,90,43,TTCTATCTGAATTGGATCGT,47,2914794
ompRp4,0.4772727272727273,63,43,TGCTTCCGAGTTGGTTGCGT,20,2932399
ompRp4,0.9090909090909091,82,43,TCAAACCGGACAGATTGGCG,39,2913752
ompRp4,0.13636363636363635,48,43,GTGCTTAAATTCCGGAGCCA,5,2919162
ompRp4,0.3181818181818182,56,43,GTCCGTGAGCGGGCTTGATC,13,2911288
ompRp4,0.06818181818181818,45,43,GCTCCCACTGCTAAGGTTCG,2,2908248
ompRp4,0.5227272727272727,65,43,GCTAATTTGCAAACGGAGAT,22,2928045
ompRp4,1.8409090909090908,123,43,GAGTCATCGATATGTATTGA,80,2909083
ompRp4,0.045454545454545456,44,43,GAAGGCCATTGCTACCGGGG,1,2923461
ompRp4,1.8409090909090908,123,43,CTATCGGGTTTGGTATGCTT,80,2928245
ompRp4,0.5227272727272727,65,43,CGACCCTCTTTGTGCACCTA,22,2921135
ompRp4,1.6136363636363635,113,43,CAGAAATAGTTGGCGGAACG,70,2936253
ompRp4,1.1818181818181819,94,43,CAAACTCTAGTTGCACTTTG,51,2927241
ompRp4,2.3488372093023258,142,42,TTACTCAAGCGCACTGGCGA,100,2917420
ompRp4,0.7209302325581395,72,42,TAGCAGTCAGGGTATGAGTG,30,2925124
ompRp4,0.16279069767441862,48,42,TACCGCTTGATGCCTGTACT,6,2913909
ompRp4,0.7441860465116279,73,42,GTAGTCGTGTAACCAGTCGT,31,2923538
ompRp4,0.9534883720930233,82,42,GCTGATCATGTGAATTGAAC,40,2909976
ompRp4,0.06976744186046512,44,42,GCTCGAATGCCTGAAACTTG,2,2924756
ompRp4,0.06976744186046512,44,42,GACTACACTGAATCATGTAT,2,2910104
ompRp4,1.1162790697674418,89,42,GAAGACACTTGATCACAGAG,47,2908646
ompRp4,0.8837209302325582,79,42,CTTTGGGTAACGCTCCCACA,37,2909469
ompRp4,1.372093023255814,100,42,CTAAGAAAGACGCCGACCAC,58,2917523
ompRp4,0.18604651162790697,49,42,CGCAATCTAGATTTCTTTTA,7,2907954
ompRp4,0.627906976744186,68,42,CAGGCCTCTCTGCATGAGGT,26,2911986
ompRp4,0.06976744186046512,44,42,CAAACGGTTTGGGTTTTCAC,2,2918480
ompRp4,0.4186046511627907,59,42,ATGCGACAGAACTCTGCCCA,17,2917849
ompRp4,0.3488372093023256,56,42,AAAATCCGTCTGGAAGTAAC,14,2917252
ompRp4,0.047619047619047616,42,41,TGTACCCGACTCGATGACCC,1,2938291
ompRp4,1.6904761904761905,111,41,TGATAGTCGGGTCTCGATCC,70,2913561
ompRp4,0.11904761904761904,45,41,TGACCGCAGACACATTGTGA,4,2910475
ompRp4,0.5952380952380952,65,41,TCTTCGGGCGATCCTTTCGT,24,2911178
ompRp4,2.8333333333333335,159,41,TCCCGATGTTATAACAGCTC,118,2910099
ompRp4,0.07142857142857142,43,41,TCATCTGGTTCGCTTTCCCA,2,2917928
ompRp4,1.5,103,41,TAACCATCTGCGCGCCTGTT,62,2934840
ompRp4,0.42857142857142855,58,41,GCTCAGCGTTCGAACGTGAC,17,2911249
ompRp4,0.11904761904761904,45,41,GCTCACGTCTGTAGCAGGCC,4,2911469
ompRp4,0.09523809523809523,44,41,GCCGCGCGATTAGATATCTT,3,2927802
ompRp4,0.47619047619047616,60,41,GACCATCTTGGTACACCTCA,19,2937860
ompRp4,0.14285714285714285,46,41,CGACGGCATCTCGTTTTCTC,5,2934568
ompRp4,0.14285714285714285,46,41,CCCTCTATGAACCGGGGTGA,5,2912000
ompRp4,1.1904761904761905,90,41,AGGCCAGTGCGTGCCTACCT,49,2916725
ompRp4,1.3333333333333333,96,41,ACTAGAACCCTTACGCGGTC,55,2912481
ompRp4,1.0714285714285714,85,41,ACATCCAGAACGAATTTCGT,44,2911073
ompRp4,1.5476190476190477,105,41,AATCTACTCGCATTCCGTGA,64,2925855
ompRp4,2.073170731707317,124,40,TGTGGCACATCTCCCGGCGT,84,2916724
ompRp4,0.2926829268292683,51,40,TCATGTAAATCGGCATGGAC,11,2910217
ompRp4,0.975609756097561,79,40,TATGGCCCGTCGAGAGGCGC,39,2918527
ompRp4,0.975609756097561,79,40,GACTCATCCGTGCTAAGCGG,39,2930828
ompRp4,1.3658536585365855,95,40,CTCGTTAGACATTGTACTCG,55,2926455
ompRp4,2.097560975609756,125,40,CGTCCGGCGTAACTGGACAA,85,2935558
ompRp4,0.14634146341463414,45,40,CGGTTTCATAGGATTCCGTT,5,2914958
ompRp4,1.1951219512195121,88,40,CAGGAGAAAAATCAGTACTT,48,2913441
ompRp4,1.6829268292682926,108,40,AGTGGATTGAGCTGATTGAA,68,2913247
ompRp4,0.0975609756097561,43,40,AGCCGCGCTACAGAAGGATT,3,2929831
ompRp4,0.8292682926829268,73,40,AGAGCCGACCGCGGCATCCC,33,2911419
ompRp4,0.5853658536585366,63,40,ACGGATGAGATGAACCCACA,23,2935063
ompRp4,0.5853658536585366,63,40,ACCATGCCGCAACGCTTGAT,23,2922585
ompRp4,1.7317073170731707,110,40,ACAACAGACCATACACGGAT,70,2911907
ompRp4,0.43902439024390244,57,40,AAGCCGTGAGTAGTGAGATA,17,2918466
ompRp4,0.07317073170731707,42,40,AAACATCCACTACCTCACTA,2,2917540
ompRp4,0.6097560975609756,64,40,AAAAGTGCAAAGTGTCAGGG,24,2935482
ompRp4,1.15,84,39,TTGGCCATCAATGGTGCATG,45,2915074
ompRp4,0.075,41,39,TGCAGATTTCTGGTCCCCCG,2,2916999
ompRp4,0.9,74,39,TCTTCTGACGAAGCCGCATA,35,2910763
ompRp4,0.325,51,39,TACCGTGTCTGTTCGGGGTA,12,2930746
ompRp4,0.675,65,39,TACATGGATCACCTCCAACT,26,2928654
ompRp4,0.75,68,39,GTAGGGCGTGATAACGGGGG,29,2911993
ompRp4,5.2,246,39,GGCTTTAGGTGAGAACGCAT,207,2908275
ompRp4,0.55,60,39,GGCAGTATCCCCACACTTAA,21,2920155
ompRp4,0.5,58,39,GATTATTGACCCGCGGGAAT,19,2911206
ompRp4,0.35,52,39,GAGGCAGGGAGTCACTTTTT,13,2924778
ompRp4,0.175,45,39,CCAAGAGCCGTCACAGAAAT,6,2916942
ompRp4,1.625,103,39,CAATCGCGGCGTCCTTACGG,64,2908675
ompRp4,4.0,198,39,CAAATAGCGTGGTGGGACGT,159,2928926
ompRp4,0.3,50,39,CAAAAGTTTACTCGCAAACA,11,2935326
ompRp4,0.65,64,39,AGTATATGGGATTCGACCAA,25,2910024
ompRp4,1.6,102,39,ACGGCTGCGTCCGGGCTATT,63,2933475
ompRp4,0.05128205128205128,39,38,TTTTAACTAATGTCGCAGGC,1,2916194
ompRp4,0.5897435897435898,60,38,TGTATATAATGACGGACGAC,22,2912341
ompRp4,0.6666666666666666,63,38,TCGGAGGGGACGCCGTATCT,25,2919774
ompRp4,0.5897435897435898,60,38,GTACCGATCTCACCGTTACA,22,2912871
ompRp4,1.8717948717948718,110,38,GGTTTGGGAAACTCGTGTTT,72,2921192
ompRp4,0.1282051282051282,42,38,GCTCGTATGGATCACCGATT,4,2934589
ompRp4,0.6923076923076923,64,38,GCAGGATTCTAATACCCATA,26,2922234
ompRp4,1.0769230769230769,79,38,CTTGCAGCGGGATGTATGGA,41,2921621
ompRp4,0.1794871794871795,44,38,ATTAAATCATAACATTCGAG,6,2926473
ompRp4,0.23076923076923078,46,38,AGGCCCGAGCTCCGCGGAAT,8,2918536
ompRp4,0.20512820512820512,45,38,ACATTTGGCTCCTCCAGGAA,7,2922902
ompRp4,0.05128205128205128,39,38,AATGCTCCAACCATCGGTAA,1,2935998
ompRp4,0.2631578947368421,46,37,TTTGCAGCATGGGACTTGTC,9,2908398
ompRp4,0.07894736842105263,39,37,TGACCAAAATTAGAGTACCC,2,2916246
ompRp4,0.10526315789473684,40,37,TCCGTTTCAGGAACCGCGAG,3,2911758
ompRp4,0.05263157894736842,38,37,GGTTAAAACGTGTTCGTCCC,1,2921155
ompRp4,0.05263157894736842,38,37,GCTGACCATAAACTGGACCT,1,2930340
ompRp4,2.1842105263157894,119,37,GAGTATACACCAGAAGGATA,82,2914436
ompRp4,1.2105263157894737,82,37,CGTTTTGAAGTCAAGGGTTC,45,2909516
ompRp4,1.131578947368421,79,37,CCTGCACGGCATGCTACGCT,42,2937693
ompRp4,0.05263157894736842,38,37,CAAGATACGTCGAGGTCCAA,1,2924921
ompRp4,1.105263157894737,78,37,ACCCCCACGGGTTCCGTTGA,41,2933299
ompRp4,0.21052631578947367,44,37,ACAACGACCCTGTTGATAGT,7,2928894
ompRp4,0.8648648648648649,67,36,TTTTTGACCAAGCGCTGTCT,31,2925692
ompRp4,0.7027027027027027,61,36,TTCTTCGCTAATCGTTTGGT,25,2921045
ompRp4,1.4324324324324325,88,36,TTCCAAGTAGGCAGGTAAAT,52,2911844
ompRp4,0.16216216216216217,41,36,TGTAAATATGTGCGCTAGGG,5,2919894
ompRp4,2.4324324324324325,125,36,TGAACACAATATTCAGCTTA,89,2910559
ompRp4,0.16216216216216217,41,36,TCGTCTTGATGTGACACACC,5,2925784
ompRp4,0.21621621621621623,43,36,TATCAACAGTACAATCAATA,7,2926964
ompRp4,0.05405405405405406,37,36,TAACATGGGGCGACCTGCTT,1,2923605
ompRp4,0.05405405405405406,37,36,TAACACTTCAGACTTCCCTA,1,2912277
ompRp4,0.8378378378378378,66,36,GTCTCGGCTGTGCTCCGTGT,30,2931460
ompRp4,0.7297297297297297,62,36,GTCCTAGACATAGCTTAACC,26,2919753
ompRp4,1.162162162162162,78,36,GTCCCGCCTATCAGGCGTAT,42,2924371
ompRp4,0.7297297297297297,62,36,GTAGGTTACTTGGGGCTGTA,26,2909861
ompRp4,0.35135135135135137,48,36,GGTACATGCCAGATGTAATG,12,2917065
ompRp4,1.162162162162162,78,36,GCATTCGTCATTGCGGGGAC,42,2907977
ompRp4,1.1081081081081081,76,36,GACCTCGAACCAGAAGGTTT,40,2937226
ompRp4,0.8918918918918919,68,36,CTTTTTATCCATCTGAACTA,32,2913405
ompRp4,2.054054054054054,111,36,CTGGGTATAGTTTTTGGCAT,75,2923825
ompRp4,0.4594594594594595,52,36,CTAGGTCTATGGTTTCTCTG,16,2909879
ompRp4,1.2432432432432432,81,36,CCTACAATGGAAGCATCGAA,45,2911096
ompRp4,0.35135135135135137,48,36,ACTAGAGTGGGGGTGAATAG,12,2925287
ompRp4,1.6216216216216217,95,36,ACGCTCTATGACGGTAGTGT,59,2914213
ompRp4,1.4864864864864864,90,36,ACCATTATACTGGCCTCGTG,54,2920725
ompRp4,2.138888888888889,111,35,TGTACCTATCCCTGGAACAG,76,2914799
ompRp4,0.75,61,35,TGACCATTCGTTACGGTGAG,26,2917263
ompRp4,3.361111111111111,155,35,TCTTCTCTGCACGAGGCCCC,120,2910403
ompRp4,0.16666666666666666,40,35,TCTAGGCTGCAACGGATGTA,5,2935121
ompRp4,0.3333333333333333,46,35,TCGAGTCTAGGTCGCGTTCA,11,2920463
ompRp4,1.0555555555555556,72,35,TACCGGCAGCATGGACAATA,37,2933630
ompRp4,0.8055555555555556,63,35,TAAGCGATTCTGCATCTACA,28,2933542
ompRp4,1.3333333333333333,82,35,GTCGGCCATTCGCGAGACAT,47,2928006
ompRp4,0.1388888888888889,39,35,GGTCGTGCGACCTATGGACC,4,2915070
ompRp4,0.08333333333333333,37,35,GGGCCTAATCGGGGGTAGGT,2,2932015
ompRp4,0.5,52,35,GGAAGACGGGGTGGGCGCAA,17,2929023
ompRp4,0.25,43,35,GCTCTCATTATTTCTAATAT,8,2908942
ompRp4,0.3333333333333333,46,35,GCGTTAGAATCTTATGGGAA,11,2913284
ompRp4,0.1388888888888889,39,35,CTTTCACGGCCCTTCGTCGC,4,2908976
ompRp4,4.722222222222222,204,35,CGGCCTTTAATGTCAGTAAT,169,2908114
ompRp4,0.7222222222222222,60,35,CGCTCGGTGCAAACGGGTTT,25,2914774
ompRp4,0.05555555555555555,36,35,CCGTCCAGATGTGCGTTCAA,1,2920382
ompRp4,1.9444444444444444,104,35,CCCTGCTAACGTTATGGACA,69,2934902
ompRp4,0.16666666666666666,40,35,CCACCCGCGTCTCCCCACGC,5,2907905
ompRp4,0.08333333333333333,37,35,CATCCGGGGTTACGCGGTGT,2,2908181
ompRp4,0.9444444444444444,68,35,CACTCGTAGATACGCAGTTC,33,2934110
ompRp4,1.7777777777777777,98,35,ATTTGATGTGGGTACATCCA,63,2919269
ompRp4,2.5,124,35,ATAGGATTTTGGAGTCATGA,89,2908029
ompRp4,0.3611111111111111,47,35,ATAAAGTTGCTAGTCCATAT,12,2915185
ompRp4,0.4166666666666667,49,35,ACGCCAATATGGGCTTTGCT,14,2929133
ompRp4,0.25,43,35,ACGCAAAGTTCGGATGGTTG,8,2935053
ompRp4,1.6111111111111112,92,35,ACACCATACCAATGCTTTTA,57,2936188
ompRp4,0.08333333333333333,37,35,AAGGCATAGCACCTCATCCT,2,2909752
ompRp4,1.1714285714285715,74,34,TTGTGTCGCTGTTGCTAGAA,40,2935798
ompRp4,0.5714285714285714,53,34,TTGCTCTCATAGGAAGGTTA,19,2913755
ompRp4,7.714285714285714,303,34,TTCTTACATAACCCAAAGGT,269,2915352
ompRp4,0.4,47,34,TCTTGAATTGGGGGTCTCTC,13,2923954
ompRp4,0.8,61,34,TCACTACTTGGCCTCGGACA,27,2924446
ompRp4,1.5142857142857142,86,34,GTCTACATGCATCTTGAACT,52,2920369
ompRp4,1.3714285714285714,81,34,GCTTGTCATACATTCATTCA,47,2936575
ompRp4,0.22857142857142856,41,34,GATGCCAGGCTTCACATCTT,7,2936574
ompRp4,1.5142857142857142,86,34,GAGAAGCATCCAACCCTTAA,52,2917808
ompRp4,0.6857142857142857,57,34,CCCATACATTCTAATTGCGT,23,2917727
ompRp4,0.11428571428571428,37,34,CCATTCCATATACTCTTGTT,3,2910497
ompRp4,0.05714285714285714,35,34,ATTTTTAAAACGTGGATAGT,1,2922196
ompRp4,0.05714285714285714,35,34,AAGATAAAGCTCCTATATGA,1,2929574
ompRp4,0.35294117647058826,44,33,TTGAGGTTTTAGGGCTTGAT,11,2908588
ompRp4,2.1176470588235294,104,33,TTAGAAATATGCAGTGTCAT,71,2932791
ompRp4,0.4117647058823529,46,33,TTAAGCTTTCGCATCTTCAA,13,2909435
ompRp4,0.29411764705882354,42,33,TTAAAACGGACACAGGATTA,9,2929828
ompRp4,0.7941176470588235,59,33,TGGTCTGGGAGAGATCCTCC,26,2909945
ompRp4,0.08823529411764706,35,33,TGCTAAACCGCATAAGACCT,2,2908377
ompRp4,0.5,49,33,TCGTGGGTAGCGCGTTGCTA,16,2908076
ompRp4,1.8823529411764706,96,33,TCCTTTTACCCCTTGATTCC,63,2930131
ompRp4,0.6176470588235294,53,33,TCAGGAGCGATTGCTAGTCA,20,2912707
ompRp4,2.6176470588235294,121,33,TCACGCTCCTACTCTCAGAA,88,2909433
ompRp4,1.411764705882353,80,33,TAATGAAGTTCATGGACCAA,47,2909153
ompRp4,0.08823529411764706,35,33,GTGTATATGGTAATTAAAGT,2,2925963
ompRp4,0.38235294117647056,45,33,GTACAATTCATGACATCATA,12,2917003
ompRp4,1.0294117647058822,67,33,GAGTTGAACGTATTTATCCT,34,2912800
ompRp4,0.4411764705882353,47,33,GACAGTGTGTACCCGGATCG,14,2926439
ompRp4,0.8529411764705882,61,33,CTGGGGTTAAGCGGTGTAGA,28,2913996
ompRp4,1.588235294117647,86,33,CTAGTGAACACCTATTGGTT,53,2912141
ompRp4,3.235294117647059,142,33,CGATCGGAAGCTTCGGGAAC,109,2930475
ompRp4,4.794117647058823,195,33,CCTGGTGCAACCAGGCTCCT,162,2935181
ompRp4,2.2941176470588234,110,33,CAGGGCGCGATACAAAAAGT,77,2913970
ompRp4,3.588235294117647,154,33,CAATGGCTGTTATCCAGTAT,121,2927202
ompRp4,0.14705882352941177,37,33,AGGTGTTAAAGCATCCGGTG,4,2934281
ompRp4,0.29411764705882354,42,33,ACGCGAGCCCAGGCGACGTA,9,2921063
ompRp4,0.058823529411764705,34,33,ACCCTGGATGTCGCGCGCAA,1,2915839
ompRp4,1.7352941176470589,91,33,ACCATCATTTGAAGCAGAAT,58,2937047
ompRp4,2.2058823529411766,107,33,AACTGGAAATTAATGGCAGG,74,2918228
ompRp4,3.4705882352941178,150,33,AAACGAGCGCGAGGGTATAT,117,2912514
ompRp4,0.3333333333333333,42,32,TTAGCAGACCTTACCTAGGA,10,2908179
ompRp4,1.303030303030303,74,32,TTACACATATTAAACTCCAT,42,2937387
ompRp4,3.272727272727273,139,32,TGGGGTTAAGCCAAGCCTGT,107,2933929
ompRp4,1.0,64,32,TGGAGGCCGTGTGTGGGACA,32,2912923
ompRp4,0.5151515151515151,48,32,TGACGGGCTCTCAGTGGTTC,16,2933211
ompRp4,0.5151515151515151,48,32,TGACCGACCAGCCGGCTAAA,16,2924829
ompRp4,0.2727272727272727,40,32,TCGATTTGTTGGGTAGCGCA,8,2922113
ompRp4,2.878787878787879,126,32,TCAACGGATCTGGCAGTCCT,94,2925549
ompRp4,0.09090909090909091,34,32,TCAACAACCAAAAAGGTGTG,2,2925500
ompRp4,0.09090909090909091,34,32,TACCAAGGCATGAGTACGGG,2,2915374
ompRp4,2.0,97,32,GTTGGGAATCTTTCGCATCA,65,2935252
ompRp4,0.8181818181818182,58,32,GTGAAGTTGAGATAAAACAG,26,2934020
ompRp4,0.06060606060606061,33,32,GGGGGCAGGACTTCAATCGC,1,2921457
ompRp4,0.42424242424242425,45,32,CTTCGTTTGCAGCTTGGATT,13,2917950
ompRp4,0.9090909090909091,61,32,CTTCGCAGGCATACGGAGGT,29,2934214
ompRp4,0.9696969696969697,63,32,CTCTACAACGATGAGCGCAT,31,2908138
ompRp4,0.6666666666666666,53,32,CTATAATGCCCCCCCACCTA,21,2909670
ompRp4,0.06060606060606061,33,32,CGGCGACTCTGGCCGTCTGT,1,2919553
ompRp4,1.7878787878787878,90,32,CGATATCTGGGCGGCCCATG,58,2911071
ompRp4,1.8181818181818181,91,32,CGACTTGATCGCATCCAACA,59,2908378
ompRp4,0.06060606060606061,33,32,CCTCGGTCCACTGATGTAAT,1,2913530
ompRp4,2.090909090909091,100,32,CCGCGAGCCAAGTCTCCAGC,68,2923654
ompRp4,2.4545454545454546,112,32,CCCGCAGGGGGAATCGGTGT,80,2911321
ompRp4,0.45454545454545453,46,32,CAAACGCGCTGGAGAGCAAG,14,2928665
ompRp4,1.393939393939394,77,32,CAAAAGGTCGATGATTAGAC,45,2928299
ompRp4,3.909090909090909,160,32,ACTATGCTAAAAGCGTGTTG,128,2908994
ompRp4,3.393939393939394,143,32,AAGGGCAGATACGTAAACCT,111,2918475
ompRp4,0.21212121212121213,38,32,AAACAGTCGCAGGGTCCGAG,6,2927234
ompRp4,1.09375,65,31,TTCTGTTGGGTAGGAAAGAC,34,2932251
ompRp4,0.0625,32,31,TTACTCCCGCGTTATAACTT,1,2936060
ompRp4,0.0625,32,31,TCCTGTTTGCCCGGCGCTAG,1,2922287
ompRp4,0.65625,51,31,TCCCCTACCCGGTGCATCAT,20,2910889
ompRp4,0.15625,35,31,TATTGTGCGTGCTGGGAAAG,4,2926489
ompRp4,0.5625,48,31,TAGCAGGGCATGGGTGTCAA,17,2925286
ompRp4,0.0625,32,31,TAATTAGGCAGCCCTATCCA,1,2909775
ompRp4,1.0625,64,31,TAAGTGACATCGATGAATAT,33,2928327
ompRp4,0.6875,52,31,GTAAGAGACCAGCCCCCGCA,21,2916350
ompRp4,0.125,34,31,GGTGATTTGACGTTGGGAAC,3,2928464
ompRp4,15.09375,513,31,GGTCTGGCGAGGGGTGTTTA,482,2919841
ompRp4,1.1875,68,31,GGTACGAGCCGTGTAGACAC,37,2929286
ompRp4,0.09375,33,31,GGAGGGGTCTTTTAAACTAC,2,2923068
ompRp4,0.34375,41,31,GGAAACGCCCGCTTATAAAG,10,2920565
ompRp4,1.0,62,31,GACAACTGTGTCACACAGAT,31,2918125
ompRp4,0.40625,43,31,CTGATCCTTCCGGAAGCCAA,12,2922541
ompRp4,0.65625,51,31,CTGACCGGGTTAGATTCGGT,20,2929451
ompRp4,0.0625,32,31,CTCCGTAAAATTAGGTATGT,1,2937961
ompRp4,0.0625,32,31,CGGCATATATACGATGAACC,1,2931258
ompRp4,0.25,38,31,CCCTGGGAAGGATCAACTTT,7,2926730
ompRp4,0.09375,33,31,CCCGCTACTATGAAGCTCAT,2,2928219
ompRp4,2.875,122,31,CCCCTGTAGCGATTGCCCTT,91,2932522
ompRp4,0.40625,43,31,CCAGGCACTGATCAGATCGA,12,2914328
ompRp4,1.25,70,31,CATGCCCCTCGAGGGCTGGA,39,2909913
ompRp4,0.21875,37,31,CATAGCCGTAGGTTCGAGAA,6,2918758
ompRp4,1.28125,71,31,ATGGCCATGTGGATACTACT,40,2936608
ompRp4,1.03125,63,31,AGAGGGTTGATGGCGTTAAA,32,2909187
ompRp4,1.625,82,31,AGAAAAAGACTTCTTGTACC,51,2921623
ompRp4,0.28125,39,31,ACTGAGCTGGCAGGTCAGGA,8,2914907
ompRp4,0.3125,40,31,ACCAAATTGCTAGCGCCCTT,9,2923924
ompRp4,2.09375,97,31,AAGGACTCTGTTCCCAACTC,66,2915107
ompRp4,2.0,91,30,TTTGGCTCTTCGCTGAACCA,61,2922123
ompRp4,0.9032258064516129,57,30,TTCACACGGAAGCGTCGTAG,27,2908221
ompRp4,0.12903225806451613,33,30,TTAGGATCAGGTGGTCCGGC,3,2929553
ompRp4,2.2903225806451615,100,30,TGCACAAGTAATGTCGAATG,70,2934781
ompRp4,0.2903225806451613,38,30,TATCGTGCACGATCAGGAAG,8,2909997
ompRp4,1.0,60,30,TAGCGTCAGCTAAGAGTTAA,30,2909694
ompRp4,0.22580645161290322,36,30,GTTACGCTCCGAGCTTACCT,6,2923714
ompRp4,2.161290322580645,96,30,GCGTACTCGACCTATTCATA,66,2914367
ompRp4,3.3548387096774195,133,30,GCCCAATTGTAAAGTTTTCA,103,2933440
ompRp4,0.8387096774193549,55,30,CGTGGAGCTCCTCTGGCGAT,25,2915921
ompRp4,2.096774193548387,94,30,CGAACAGGGAGCCATATAGT,64,2915143
ompRp4,1.0,60,30,CCTAGAAGGTTAAACTAATT,30,2909242
ompRp4,1.4516129032258065,74,30,CAGGTAGTTGCGGCTTCCGT,44,2910789
ompRp4,2.5161290322580645,107,30,CACTTCTGGCTGGTTGATGT,77,2926274
ompRp4,0.16129032258064516,34,30,CAAATCGGATCATGTACTAG,4,2910978
ompRp4,13.774193548387096,456,30,ATTGTTGGTGGTAGTGCTAA,426,2911600
ompRp4,0.7096774193548387,51,30,ATAGTCTTCTCATAATTCAT,21,2921224
ompRp4,1.5806451612903225,78,30,AGAGGCCAAACTCGCGCCCC,48,2911154
ompRp4,0.3225806451612903,39,30,ACATTTCCTTGTGAGGCGAG,9,2930001
ompRp4,1.1612903225806452,65,30,AACCCATTAGCGTTACAAGG,35,2909473
ompRp4,0.1935483870967742,35,30,AAATTGTCTAAGTAATAAAG,5,2915250
ompRp4,1.2258064516129032,67,30,AAATGCCTTCGCCCGTTGGT,37,2934088
ompRp4,3.566666666666667,135,29,TTTGGTTGATGCCGATAGTA,106,2915801
ompRp4,2.0,88,29,TGGTCACACCGTCCTCCATA,59,2935086
ompRp4,0.7,49,29,TGCCGCGCCGCAAACCAATG,20,2912240
ompRp4,3.2333333333333334,125,29,TGCCACATCCATGGTGCCAC,96,2916326
ompRp4,1.3,67,29,TGCATAGGACATGGGCGTTA,38,2931102
ompRp4,2.2,94,29,TCGTCGATCCAGCTTGGCTG,65,2909432
ompRp4,1.2,64,29,TCCCTAGGGCATGTCCTCGT,35,2931568
ompRp4,3.066666666666667,120,29,TATCTCGACCCAACGAGGCG,91,2925614
ompRp4,0.4,40,29,TATCAATGAGCAAGTACGCA,11,2920135
ompRp4,0.5666666666666667,45,29,TAGAAGTGTCAGATGTGGGG,16,2914365
ompRp4,0.8333333333333334,53,29,TACCTCTCTCGAGGCATCCA,24,2917160
ompRp4,0.26666666666666666,36,29,GTTGATAGCCTATCAATGTT,7,2924031
ompRp4,0.13333333333333333,32,29,GTCCGCTCAGTACTGAGTGG,3,2907719
ompRp4,3.066666666666667,120,29,GGTGGCAATATCGCCCTGAA,91,2911606
ompRp4,2.433333333333333,101,29,GGTGCTCTCAACATGAACGT,72,2917484
ompRp4,0.23333333333333334,35,29,GGGGACTAAAACGCGTCGAA,6,2917430
ompRp4,0.7666666666666667,51,29,GGCCCGGCGTGCTGAAGACT,22,2909310
ompRp4,0.06666666666666667,30,29,GGAGATCATACAATGCTGGA,1,2919504
ompRp4,1.2333333333333334,65,29,GATCGGTTCGATTAGGCGCA,36,2937859
ompRp4,0.8333333333333334,53,29,GAGCGCTGTATGGGAGGGAT,24,2921215
ompRp4,0.06666666666666667,30,29,GAGACGGCCCACGCTACCGT,1,2917966
ompRp4,0.3,37,29,GACATATCGCTGTATCCGGA,8,2911936
ompRp4,1.3,67,29,GACAGGTAAACACATCTTGC,38,2917539
ompRp4,0.3,37,29,GAACACAAAGTACCTTGCCA,8,2910965
ompRp4,0.7666666666666667,51,29,CTGGAGTCGAGTCCAGCGGT,22,2915922
ompRp4,0.4,40,29,CGTTGCCACATTTTTCGTTT,11,2916566
ompRp4,0.6333333333333333,47,29,CGGGTTTCTCGCCGGGTTTC,18,2913998
ompRp4,0.7,49,29,CGGGACCCCGGTGTAAGACG,20,2929038
ompRp4,0.5333333333333333,44,29,CGAGGGCGCCGACCGGCAAT,15,2933439
ompRp4,1.8333333333333333,83,29,CCCTGTCTAAAGCTCACCGC,54,2917586
ompRp4,6.266666666666667,216,29,CCAATATATGGCGACACGCT,187,2927112
ompRp4,1.3666666666666667,69,29,CAAAGGTCACATTCGTTGGA,40,2922553
ompRp4,13.833333333333334,443,29,ATTCTCGTGCGTTAGATGTA,414,2916391
ompRp4,1.6,76,29,AGGACCTTATGTGAGCGCCC,47,2916899
ompRp4,0.13333333333333333,32,29,ACTTTGCCGACGGCCTAGTC,3,2912345
ompRp4,0.36666666666666664,39,29,ACTGTGAAGTGTGAGAGATA,10,2919893
ompRp4,1.9,85,29,ACAAGCGGGAAGCCTTGCAG,56,2931138
ompRp4,0.9,55,29,AACAGGTTATGAGCCTAGAG,26,2930763
ompRp4,1.9310344827586208,83,28,TTTGGTTTAATCAGCCGGTT,55,2910327
ompRp4,1.9310344827586208,83,28,TTCTCTCGAGTTCGCCATCA,55,2937124
ompRp4,0.3103448275862069,36,28,TTCTATGTAGATAAAATGTC,8,2934894
ompRp4,1.0,56,28,TTAAAGCGAGGTTTAAGAAG,28,2928833
ompRp4,0.1724137931034483,32,28,TGTTTTTATTCCGCACAAGT,4,2932589
ompRp4,1.1724137931034482,61,28,TGCGTAATTACCTAACCCGT,33,2920831
ompRp4,1.896551724137931,82,28,TCGAGGCCACACAACACACT,54,2927204
ompRp4,0.896551724137931,53,28,TCATTTCTCAAAACGCAACA,25,2910822
ompRp4,0.06896551724137931,29,28,TATGTCGTACAACGATACTT,1,2911177
ompRp4,0.3793103448275862,38,28,TAGCCTGCGTTGAAGTGCGT,10,2930638
ompRp4,0.896551724137931,53,28,TAGCCCAGAGTTTAGCTTCC,25,2912128
ompRp4,1.0689655172413792,58,28,TAAGCGTAACTCTAGCTCTG,30,2937947
ompRp4,0.06896551724137931,29,28,GTTGTAACGGGCTGATCGCG,1,2909011
ompRp4,0.5862068965517241,44,28,GGGGTTCGCACCGGGAAGGT,16,2917135
ompRp4,0.2413793103448276,34,28,GGGATTGCGTACACCGGATA,6,2922352
ompRp4,2.689655172413793,105,28,GGACCGTAGCTAAAGCAGTC,77,2910644
ompRp4,0.06896551724137931,29,28,GCCTTTCCGACAAGCCGACT,1,2929709
ompRp4,0.5517241379310345,43,28,GATACAGAATCTAGTGGTGA,15,2916388
ompRp4,0.6896551724137931,47,28,GAGGGGGCTGATGCCACGTA,19,2920671
ompRp4,1.6551724137931034,75,28,GAGCACCCGCGAATAAGCAG,47,2915125
ompRp4,0.41379310344827586,39,28,GACTTATACCCACAAAGCAA,11,2913839
ompRp4,0.9310344827586207,54,28,GACGGCAAGTAATGGATAGG,26,2927111
ompRp4,0.8620689655172413,52,28,CTTAGCTGTACCGAGGTCGC,24,2912167
ompRp4,0.4827586206896552,41,28,CTATAGTGACACACGCCTTA,13,2910509
ompRp4,1.793103448275862,79,28,CTACATACAATCTCACATAG,51,2918918
ompRp4,2.6551724137931036,104,28,CGGTGCGGGGTCCGCTGATT,76,2913438
ompRp4,1.206896551724138,62,28,CGACTTCAATCAAGACAGTG,34,2923855
ompRp4,1.7586206896551724,78,28,CCTTAGTGATAGAATGCTCA,50,2918196
ompRp4,1.3448275862068966,66,28,CCTAGGACTCTAAGAACGGA,38,2932808
ompRp4,0.10344827586206896,30,28,CCAGCCCTAAGGGGCCGAAT,2,2932372
ompRp4,0.06896551724137931,29,28,CATGGGAGGTACGTCCGCCA,1,2936141
ompRp4,0.6551724137931034,46,28,CAGTCATATGTTAGCAAGAT,18,2924964
ompRp4,0.06896551724137931,29,28,CACGATCCCTCTTGCGACGT,1,2909385
ompRp4,0.3103448275862069,36,28,ATGCGCGGCTAATTCCGGCC,8,2937345
ompRp4,0.9310344827586207,54,28,ATCTGTTATTACGGAGTCCA,26,2930993
ompRp4,0.6206896551724138,45,28,AGATCACGACATAGTTGCAT,17,2924760
ompRp4,3.0344827586206895,115,28,ACCGCGGTTTCACGTGACTT,87,2911845
ompRp4,0.27586206896551724,35,28,AATTAGACTCGCTACGCTGA,7,2927773
ompRp4,0.42857142857142855,38,27,TTTTATTTCGGGAAGTTCCG,11,2925952
ompRp4,0.07142857142857142,28,27,TTTTATGCTATCTTGAGACT,1,2921136
ompRp4,1.0714285714285714,56,27,TGTTCGCTCACAGTCTGCAA,29,2932429
ompRp4,1.5,68,27,TGTCCATCCCATCAAGAATA,41,2937644
ompRp4,2.2857142857142856,90,27,TGCATTAAAAGGGAGTTCAA,63,2927347
ompRp4,2.6785714285714284,101,27,TGATTGTGAAGGTATCTTCA,74,2929805
ompRp4,0.6071428571428571,43,27,TCTCGTACATAACTTAGTTA,16,2912801
ompRp4,2.0714285714285716,84,27,TCGTGTCTTGCCCCCGTGCG,57,2909459
ompRp4,0.9642857142857143,53,27,TCGAATGAGGGATTGCCGAA,26,2911183
ompRp4,2.9285714285714284,108,27,TCCGCACTTAACGATGATAT,81,2910896
ompRp4,1.9642857142857142,81,27,GTTTTTCGACTTGTCGCCCC,54,2923066
ompRp4,1.8928571428571428,79,27,GTCAACTAGCACAGCGTGCA,52,2913890
ompRp4,3.7857142857142856,132,27,GGTGCCTTGCGATAATTCTA,105,2936123
ompRp4,1.5,68,27,GGTACGGTCGCATTTCCCGA,41,2920065
ompRp4,0.8571428571428571,50,27,GGGAATGTAAGCTATCTCCT,23,2918697
ompRp4,0.07142857142857142,28,27,GGATTTGGGTTAGGGCGGCT,1,2919134
ompRp4,0.14285714285714285,30,27,GGAACATGTTTACTGCGGGA,3,2915515
ompRp4,0.5,40,27,GCAGCAGTGGTGACCACCAG,13,2920900
ompRp4,1.9285714285714286,80,27,CTCACGGAGGAGTGTCAGTT,53,2927327
ompRp4,1.1785714285714286,59,27,CGGGGTCAGGATCTGATATG,32,2909387
ompRp4,0.10714285714285714,29,27,CGGGGATAGCGTGAATCCTG,2,2936610
ompRp4,1.1071428571428572,57,27,CGGAAGAGCAGTTTTTGTTA,30,2919678
ompRp4,0.10714285714285714,29,27,CGAGCAGATAGTGGCCTGGC,2,2923260
ompRp4,1.1428571428571428,58,27,CCATGAGTGACGACCTGGTC,31,2929565
ompRp4,0.07142857142857142,28,27,CCAATGTCCCACCAATTTGT,1,2912585
ompRp4,0.6785714285714286,45,27,CACTAGTCAGACAGGTCCAT,18,2916249
ompRp4,0.5,40,27,ATCGCAATTTCGCTTGGAAC,13,2910692
ompRp4,0.2857142857142857,34,27,ATATTCCGTCCGGGCCTTAT,7,2933765
ompRp4,1.1428571428571428,58,27,ATAGCAGAACTGAGGCAGTA,31,2922824
ompRp4,2.5714285714285716,98,27,ATAATCGTCCCGCACGAACA,71,2915699
ompRp4,2.8214285714285716,105,27,AGGATCCACGCTGTGTCAGA,78,2912824
ompRp4,0.14285714285714285,30,27,ACCGTATTACTGGGTTGTAC,3,2921567
ompRp4,0.25,33,27,AAAGTAAGTATGCTTAACGT,6,2923754
ompRp4,2.0,79,26,TTTTCTGACACCGTCCTCGA,53,2924428
ompRp4,0.9259259259259259,50,26,TGGTTGAGTTCCCTAGCTTT,24,2911416
ompRp4,0.9629629629629629,51,26,TCCCGCTTTCCTTCGCGGCA,25,2911467
ompRp4,0.1111111111111111,28,26,TCAAACTCGTGAACAAGATG,2,2926111
ompRp4,1.1851851851851851,57,26,TACTTCGACGTATAGTATGG,31,2907729
ompRp4,1.2222222222222223,58,26,TACGGACAGACAAATGATAT,32,2918301
ompRp4,1.0,52,26,GTCAATGAGTCTCTACCTGA,26,2918531
ompRp4,1.4444444444444444,64,26,GTAGAGTCCCGGGTTTTCAT,38,2930240
ompRp4,0.9259259259259259,50,26,GGGTCCGTGCCGCCAATTAA,24,2934869
ompRp4,0.7407407407407407,45,26,GGCCGGGCACTTCACATCGT,19,2923990
ompRp4,0.07407407407407407,27,26,GCCCAAGCAGGACTTCTCGA,1,2910926
ompRp4,0.9629629629629629,51,26,GCCAGCTAAAAGGAACCGCA,25,2916780
ompRp4,1.6296296296296295,69,26,GATCCAAAGCCCCCGGGGAG,43,2927697
ompRp4,0.8888888888888888,49,26,GAGGGCGCGGGAGGGAGGGT,23,2910633
ompRp4,1.5185185185185186,66,26,GACTTTGATTCGAAGCGCGT,40,2934910
ompRp4,1.5555555555555556,67,26,GACCAAAGAAAGGATATTTA,41,2928819
ompRp4,1.3333333333333333,61,26,GAAAACGGTCATTATCCCTT,35,2926341
ompRp4,1.8518518518518519,75,26,CTCGCTACATTCCTAGGTCA,49,2924513
ompRp4,1.037037037037037,53,26,CGTCACAAGTCCTACCGCCG,27,2920989
ompRp4,3.6296296296296298,123,26,CGTATCAGGGCAGACCGTGA,97,2929114
ompRp4,0.14814814814814814,29,26,CGTAGCCGCGGGTCTTACTA,3,2936039
ompRp4,1.8148148148148149,74,26,CGGTGCGTAAATGGCACTAA,48,2918160
ompRp4,0.2222222222222222,31,26,CCGGGTCATATCAGGCCGTT,5,2920915
ompRp4,0.2222222222222222,31,26,CACCCCTGGAGGACCCTCAT,5,2914461
ompRp4,1.6666666666666667,70,26,ATGTGGGGCTCCTGAACGTG,44,2934766
ompRp4,0.5555555555555556,40,26,ATCTACCAGGTATCTGACGG,14,2909198
ompRp4,0.8518518518518519,48,26,AGGAATATTTTACTCCATGG,22,2910820
ompRp4,2.4444444444444446,91,26,AGCATTGGAATGGATCACTC,65,2934621
ompRp4,1.3333333333333333,61,26,ACTGCTCTGTAGTGCTTTAC,35,2909780
ompRp4,0.8518518518518519,48,26,ACCGATATCGAGAGAAGTGT,22,2911076
ompRp4,9.481481481481481,281,26,ACACAGACGCCACGGTTATG,255,2921209
ompRp4,4.333333333333333,142,26,AAGCCCGCGTGAGCCCTAAT,116,2911820
ompRp4,0.4230769230769231,35,25,TTGTTCCTAATGACCTTTTT,10,2928614
ompRp4,0.07692307692307693,26,25,TTGATACCAGTGACAATTGA,1,2913036
ompRp4,1.3076923076923077,58,25,TTCTCCGTTAGGTCGGCGCA,33,2929468
ompRp4,0.07692307692307693,26,25,TTCGTTCAGAAAAATTCAGG,1,2923340
ompRp4,2.730769230769231,95,25,TTAGGAAGGTTCATTTACGT,70,2920491
ompRp4,0.07692307692307693,26,25,TTACAAAGGTCCGTTCCAGT,1,2915218
ompRp4,0.5769230769230769,39,25,TGGGTGACGTGTGCCGGGTC,14,2918024
ompRp4,3.8461538461538463,124,25,TGCGACCCAGGATGTGCGTC,99,2916410
ompRp4,3.923076923076923,126,25,TGAAATAGTCACGGTTCGGT,101,2913702
ompRp4,0.15384615384615385,28,25,TCTTGTACCTCCCTAGTAAT,3,2930514
ompRp4,0.19230769230769232,29,25,TCTGACTTCGACCGAAGGAT,4,2933780
ompRp4,0.23076923076923078,30,25,TCTAACTTCCCCGGCGTATA,5,2912083
ompRp4,1.1538461538461537,54,25,TCGGATCAGGCTCGCAGTAC,29,2922693
ompRp4,0.6538461538461539,41,25,TATGCATCCCCGCACATTCT,16,2920918
ompRp4,0.9230769230769231,48,25,TAGACAAGCCGTTCAGGGCC,23,2917301
ompRp4,2.1923076923076925,81,25,TACCTGCACTGCAGCGGATC,56,2921365
ompRp4,2.3846153846153846,86,25,TAACTCCCCAATTACACCAA,61,2913899
ompRp4,0.4230769230769231,35,25,TAAATAACAGTATACGAGGT,10,2922364
ompRp4,0.5384615384615384,38,25,GTCCGATGGAAACATCTTCT,13,2918703
ompRp4,1.8461538461538463,72,25,GGTTGTAGCTTGAACTTAAT,47,2920114
ompRp4,0.19230769230769232,29,25,GGTTATTTGGTTAACCCGGT,4,2914479
ompRp4,0.38461538461538464,34,25,GGGGAGGACGGCGTCTACGT,9,2913877
ompRp4,0.2692307692307692,31,25,GGACCGTATCACAAAGGCTT,6,2909669
ompRp4,0.15384615384615385,28,25,GCGTTTTAGCGGATTGCCAA,3,2927501
ompRp4,2.5,89,25,GCCGTGTCCCACTTGCTGAA,64,2909393
ompRp4,5.0,154,25,GATGTCCCACAACGGATCAG,129,2922449
ompRp4,1.6923076923076923,68,25,GAGCGCTCTATGCCTAACCC,43,2924755
ompRp4,4.8076923076923075,149,25,GACCCACTTAGGTCATTCCT,124,2913595
ompRp4,3.3846153846153846,112,25,CTTTTTGGGGAAAGTCGGGT,87,2918702
ompRp4,4.0,128,25,CTTCAGGGCTCGCGTTAGAT,103,2926654
ompRp4,0.8076923076923077,45,25,CTGTGCATATCAGCATTTCT,20,2919102
ompRp4,1.7307692307692308,69,25,CTGAAGCCCGCTTTTTACTT,44,2924152
ompRp4,0.9230769230769231,48,25,CGCTCATTCGTACCTGCTGC,23,2928159
ompRp4,1.7692307692307692,70,25,CGAACGCCACGACGCAGAAA,45,2917117
ompRp4,13.423076923076923,373,25,CATTAAGGCGCCAGCCTTAC,348,2930748
ompRp4,1.9230769230769231,74,25,CATAGCGACAGCCAACAAAG,49,2920372
ompRp4,1.3461538461538463,59,25,CACTCGTCTTTTCGGGCACA,34,2929135
ompRp4,0.15384615384615385,28,25,ATTCAACATCATACTTACGA,3,2932884
ompRp4,0.6153846153846154,40,25,ATGTGAGAACATACAGGCGA,15,2909643
ompRp4,0.34615384615384615,33,25,ATGTCTTCCTTTCTAGCGTG,8,2929344
ompRp4,1.0384615384615385,51,25,ATCGTGAGAGATGTTACAAC,26,2923675
ompRp4,0.34615384615384615,33,25,ATATTGTCGAGCTTCACGGA,8,2931357
ompRp4,0.07692307692307693,26,25,AGGTGGGAGACTCTCCTCAA,1,2916598
ompRp4,1.6538461538461537,67,25,AGCTACACAGCCCGCATGGA,42,2919363
ompRp4,0.8846153846153846,47,25,ACGAGTCACAGGGGAACTAT,22,2912519
ompRp4,2.230769230769231,82,25,ACCTGCCGACCTAGGAATCC,57,2923688
ompRp4,0.5384615384615384,38,25,ACACAGGACCTTCATAATCT,13,2907945
ompRp4,0.16,27,24,TTTCTGTACTTTGCCGTGTT,3,2920876
ompRp4,1.08,50,24,TTTCTCCTGCCTGGCCACCT,26,2920670
ompRp4,1.64,64,24,TTTCCAACTTTATCTACCGT,40,2933340
ompRp4,0.6,38,24,TGTAAGAAGGCGCATTCATA,14,2911207
ompRp4,0.08,25,24,TGATACGTTGCAACGTAGTT,1,2909716
ompRp4,0.56,37,24,TCTTTGGGTTAGGGTACCAT,13,2933408
ompRp4,0.44,34,24,TCGGGTGTCGTCCTGTCGGG,10,2930150
ompRp4,2.08,75,24,TCAAGCAGATACCAATTTGG,51,2937505
ompRp4,2.92,96,24,TAGGCATAGACGAAAGAGGA,72,2908684
ompRp4,0.32,31,24,TACGCTTCTTATAGTCATGT,7,2916172
ompRp4,0.16,27,24,TAAGTGGTTGCTCTCGTGCT,3,2931056
ompRp4,0.32,31,24,GTTTCTAAATCTGGTCAGGG,7,2923375
ompRp4,2.04,74,24,GTGCATACCAAACATTTACT,50,2930360
ompRp4,0.08,25,24,GTAACGCGCGCGAAGAAACT,1,2925176
ompRp4,0.64,39,24,GGTTTGCAACGAACAGGGTT,15,2910031
ompRp4,0.6,38,24,GGTGTTCTACCCATTTCAAA,14,2924035
ompRp4,0.76,42,24,GGTACGGACGCCACGGACAC,18,2912870
ompRp4,0.68,40,24,GGTACCTCGAATCGCATGTA,16,2910202
ompRp4,2.16,77,24,GGATTGTTTCAGAAATCGCG,53,2926162
ompRp4,0.08,25,24,GCGTGCCCAGAGGTGGACTC,1,2909991
ompRp4,1.08,50,24,GCATAATATAAAGTTTACCA,26,2928224
ompRp4,0.92,46,24,GCAAATGCGGCATCCCAGGT,22,2915235
ompRp4,0.12,26,24,GATTAAGGGCACCGGATCGG,2,2912250
ompRp4,0.88,45,24,GAGCCATGGTCTGTACGGCG,21,2908486
ompRp4,3.44,109,24,GAACATGCTTGAACCCGTTT,85,2920668
ompRp4,1.12,51,24,CTATTTTGGCGTTTAGCTGA,27,2908674
ompRp4,0.24,29,24,CGGGTTTGTTATTGCAGTTA,5,2926491
ompRp4,2.48,85,24,CGATAGTTTACTCTCCTCCA,61,2928332
ompRp4,0.36,32,24,CCGTCTGCCCAGCAACGGCA,8,2915993
ompRp4,0.8,43,24,CCGTCATAGTCCGTTACAAT,19,2924877
ompRp4,1.12,51,24,CCCACTGAACCAGATTAGCA,27,2929806
ompRp4,0.92,46,24,CCAAGCCGCCGCTTCCGGCA,22,2933751
ompRp4,0.2,28,24,CATTTGGCAACTTCTAAGAA,4,2921524
ompRp4,1.68,65,24,CATATTAGCTCCCACTGATG,41,2910347
ompRp4,1.24,54,24,CAGTGCATCGAGGCGTGCCA,30,2917400
ompRp4,0.52,36,24,CAGGAGCATAACCACCCTGA,12,2911863
ompRp4,0.88,45,24,CACATCCTAGAGACACAAAA,21,2926680
ompRp4,0.76,42,24,ATGGTCATAATTTTTTTAAA,18,2925283
ompRp4,0.08,25,24,ATGAAGAGAGGGTACGGTAG,1,2913984
ompRp4,0.08,25,24,ATCAGAAATGAAAGCTCTTT,1,2917720
ompRp4,0.92,46,24,ATATATGGGAGGTCGGGGCA,22,2936167
ompRp4,3.0,98,24,ATAGCGTTGCTCTGTGAGAG,74,2910165
ompRp4,0.08,25,24,AGTGGCATACGCTTCGTAAT,1,2913055
ompRp4,1.28,55,24,AGGAGATCACGTGCGTATCC,31,2916959
ompRp4,0.44,34,24,AGCCACTCTTGAGGGCGAAT,10,2935034
ompRp4,0.52,36,24,AGATGTGTGAACGGCACGTC,12,2935971
ompRp4,0.12,26,24,AGAGTAAATTATCATGGCGG,2,2909478
ompRp4,0.08,25,24,ACTGCTATTGCGCGATGCTT,1,2913638
ompRp4,0.24,29,24,ACGAGTGCGTCTTGTAGTTT,5,2932205
ompRp4,2.16,77,24,AATTGGGCAAAATTGTAGCG,53,2915172
ompRp4,2.04,74,24,AATGTGGGCTCTCAAACAAC,50,2933729
ompRp4,0.08,25,24,AACCGCCGACTGCATCGAGG,1,2921449
ompRp4,0.4,33,24,AAACTCTCGGTCGTTAAGGA,9,2919757
ompRp4,3.4583333333333335,105,23,TTGTTCACGACGAGCGGCTA,82,2936415
ompRp4,4.916666666666667,140,23,TGTAGTGACGCAGCACCGAC,117,2916413
ompRp4,1.375,55,23,TGGGTCTTATAGAATACGGC,32,2921841
ompRp4,3.7916666666666665,113,23,TGATGGACCGTAGACATAAC,90,2908414
ompRp4,0.625,37,23,TGAGTATAATGTGTCGAGAG,14,2909434
ompRp4,1.5833333333333333,60,23,TCTTGATGGTACTATTTCGC,37,2914564
ompRp4,2.2916666666666665,77,23,TCGGCGGCAGCTGGTATCGT,54,2929749
ompRp4,2.5416666666666665,83,23,TCATAAGCCACGTGTTATAC,60,2910218
ompRp4,1.8333333333333333,66,23,TCAATCAAGCGAGGGCCGTG,43,2927792
ompRp4,0.25,28,23,TAGGGGTCCTGCCTATGACG,5,2917127
ompRp4,0.08333333333333333,24,23,TACCATCTCGCTCGTAAATC,1,2937481
ompRp4,0.25,28,23,TAATCTCATGGCATGCAAAC,5,2911027
ompRp4,1.125,49,23,TAAGAATACCAGGCTGCTCA,26,2913419
ompRp4,2.0833333333333335,72,23,GTGTCATAAAGGCGTGATAA,49,2911377
ompRp4,1.625,61,23,GGTAATATGTGGACCCCTCC,38,2917358
ompRp4,0.375,31,23,GAGAAGAGCCTGAACTGGAG,8,2908998
ompRp4,0.2916666666666667,29,23,CTTTTTCTGATGGCGTCGTA,6,2931339
ompRp4,1.5833333333333333,60,23,CTGTTATTATAGATGTTGAT,37,2909701
ompRp4,2.0833333333333335,72,23,CGTCCGACTTCTCAGAGACA,49,2913501
ompRp4,0.125,25,23,CGGTAATCTGTATGCAACCT,2,2919425
ompRp4,0.875,43,23,CGCGTGAGTTCCGCTCGATT,20,2919951
ompRp4,0.125,25,23,CGCACATTCTGTAGCCCCCA,2,2923745
ompRp4,0.2916666666666667,29,23,CGATACTTCCACACCGTTCC,6,2911961
ompRp4,0.08333333333333333,24,23,CCTTTTGGCACATCTTCGGA,1,2924579
ompRp4,1.4583333333333333,57,23,CCTTCTTCACGCAATAGACG,34,2916693
ompRp4,1.0833333333333333,48,23,CCTTCCGAGTACACGACATG,25,2910247
ompRp4,0.5416666666666666,35,23,CCAGGGTCACGTCCGTGCAA,12,2929138
ompRp4,1.4166666666666667,56,23,CATATGCCGTCCAGAACCAT,33,2911703
ompRp4,1.2083333333333333,51,23,CAATCATCACTATACGCTCG,28,2927170
ompRp4,1.8333333333333333,66,23,ATTCATACCACGAGTCAGAA,43,2937763
ompRp4,4.333333333333333,126,23,ATGTGCACGGATCGTGAAAC,103,2936114
ompRp4,1.875,67,23,AGTATTAGTAGGGAAAGATG,44,2911879
ompRp4,2.5833333333333335,84,23,AGAGCCTTATTCGTCCGAGA,61,2912742
ompRp4,1.0,46,23,AATGCAGGTTCTTAGACCCT,23,2908331
ompRp4,0.6666666666666666,38,23,AACTTTTGTTGGCTGGAGGA,15,2909993
ompRp4,0.3333333333333333,30,23,AACTTTGCGTACAGCATGTA,7,2935319
ompRp4,1.3333333333333333,54,23,AAACGAGTGCACGGCTTACT,31,2920351
ompRp4,1.0869565217391304,46,22,TTGAACGCGTACGTTTGAAA,24,2910653
ompRp4,1.5217391304347827,56,22,TTCTGTCAAGCGCCGGTCAC,34,2927644
ompRp4,0.7391304347826086,38,22,TTCGGACTACGACCTTCGCT,16,2926981
ompRp4,6.217391304347826,164,22,TTAGCGGATTCGGACCGAAG,142,2930608
ompRp4,0.4782608695652174,32,22,TGCTGCCGATGTATACACTC,10,2931077
ompRp4,1.3043478260869565,51,22,TGCTCGTGGGTCTATGCGTT,29,2914686
ompRp4,2.6956521739130435,83,22,TGCCCCCGGAGTGATGTGGA,61,2932921
ompRp4,3.869565217391304,110,22,TGACTCATTGGATTAAGCTG,88,2926545
ompRp4,0.13043478260869565,24,22,TGAAGGCTACGTAGTAAGGT,2,2925872
ompRp4,0.7391304347826086,38,22,TCTCACCATCATTCAATGGA,16,2931259
ompRp4,2.1739130434782608,71,22,TCGTCACATTGTGCGCTGGA,49,2927412
ompRp4,0.8695652173913043,41,22,TCCTTCAAGTCCCGGGCGGA,19,2920315
ompRp4,0.30434782608695654,28,22,TCATTTACTCAGCCGTAAAA,6,2928935
ompRp4,0.5652173913043478,34,22,TCAGGAATGTAAAATTTATC,12,2926044
ompRp4,1.3478260869565217,52,22,TATTTCTTTGAGCTTCTGCT,30,2918573
ompRp4,0.21739130434782608,26,22,TAGGATGGTACTTGTTCTTG,4,2909792
ompRp4,2.391304347826087,76,22,TACGTAGAATGACCCATCCA,54,2928954
ompRp4,1.1304347826086956,47,22,TAAGATAAGAGCCTCAAGCT,25,2925231
ompRp4,0.391304347826087,30,22,GTGGGCTTGTCCGGATTGGT,8,2920672
ompRp4,1.391304347826087,53,22,GTAACGTTCGGTGGCCGTAT,31,2919422
ompRp4,0.13043478260869565,24,22,GGTTGTCCAATCGAGAGTTC,2,2924669
ompRp4,2.4347826086956523,77,22,GGGCCGACCTTATGATTCAA,55,2909672
ompRp4,0.08695652173913043,23,22,GGACCCCAGATCTGTTTATC,1,2931981
ompRp4,0.9565217391304348,43,22,GCTATTTCCCGAGCATATGC,21,2924029
ompRp4,2.0434782608695654,68,22,GCGAACCTACCAAGCACATA,46,2918194
ompRp4,0.4782608695652174,32,22,GCCTGGTTTTTCTTGGGTGC,10,2919743
ompRp4,0.30434782608695654,28,22,GCAGAAAGATGCAACGAGAA,6,2926923
ompRp4,0.08695652173913043,23,22,GCACCGCTGGCGGTTCCGGG,1,2930665
ompRp4,0.30434782608695654,28,22,GACTAAGCCATCAAGTAGCA,6,2931244
ompRp4,1.434782608695652,54,22,GACATGACGTTTTAACCGAG,32,2931363
ompRp4,0.782608695652174,39,22,CTTTACCAGCAAGGACATTC,17,2927077
ompRp4,6.391304347826087,168,22,CTAGATTATGCTTGTGCGTC,146,2911375
ompRp4,2.4782608695652173,78,22,CGCATATGGTGGCTTCCTCA,56,2919331
ompRp4,1.0,44,22,CGACATAGTTGCATATCAGG,22,2921954
ompRp4,0.34782608695652173,29,22,CCGTCATGCTGTACTGGAAA,7,2913553
ompRp4,0.8260869565217391,40,22,CCGGCGTCTCGTTACCTGAC,18,2918253
ompRp4,1.4782608695652173,55,22,CCCCCGGCTGATGAAACGTT,33,2916412
ompRp4,0.08695652173913043,23,22,CCCCCCAGGCGCACCGACTT,1,2915414
ompRp4,0.782608695652174,39,22,CATTGGTGGCGGGTCGCCCT,17,2924121
ompRp4,1.826086956521739,63,22,CATTGAACCCCCGCACCTCG,41,2908406
ompRp4,0.17391304347826086,25,22,CATGCCATAGACGCATCTTT,3,2923888
ompRp4,0.6086956521739131,35,22,CAGTCTTAGGCTTCTGATGC,13,2921188
ompRp4,2.5652173913043477,80,22,CAGTAAGCGCAGCAGGGATT,58,2929181
ompRp4,0.08695652173913043,23,22,CACATAAAACGGCGTTGGTA,1,2924920
ompRp4,0.6956521739130435,37,22,CAAGGTTCCTCTGGCTATAG,15,2918494
ompRp4,1.565217391304348,57,22,CAAATTCGACCCCGGTCTAG,35,2930688
ompRp4,0.13043478260869565,24,22,ATTGAGAGACGTTAGAAGCA,2,2919058
ompRp4,3.217391304347826,95,22,ATCCGCAGTGAAGATTCATG,73,2921643
ompRp4,0.5652173913043478,34,22,ATCAATGGTGAGGTGACACT,12,2931362
ompRp4,0.5652173913043478,34,22,ATACAAAGTTATACCCGCAT,12,2934539
ompRp4,1.6521739130434783,59,22,AGTGTGGAAGACGCAGTTAA,37,2916924
ompRp4,0.08695652173913043,23,22,AGCAAGGGACTACTTCCTTG,1,2925215
ompRp4,1.826086956521739,63,22,AGACCCCCAAGTCTACGACG,41,2914812
ompRp4,1.6521739130434783,59,22,AGACAAGCGCACTGTTATCT,37,2919755
ompRp4,0.6956521739130435,37,22,AGAAGATTGGTCTCCGTATA,15,2936584
ompRp4,0.4782608695652174,32,22,ACTGCAACGATGGGGTTGCT,10,2913859
ompRp4,0.21739130434782608,26,22,ACGCCTTTTATTTACGAAAA,4,2911266
ompRp4,0.8260869565217391,40,22,ACGATCTAGCGTGTTCGTGT,18,2930060
ompRp4,0.8260869565217391,40,22,ACCCGATTCAGCGTTATTTT,18,2910925
ompRp4,0.13043478260869565,24,22,ACATTCCCCGATCGATTGTA,2,2911631
ompRp4,1.391304347826087,53,22,ACAGCTGAGGGAGTGCACTT,31,2911601
ompRp4,0.6956521739130435,37,22,AATCTCAACCTGCCTGGCCT,15,2918746
ompRp4,1.0909090909090908,44,21,TTTGGCACACCAAGGTCTTT,23,2926524
ompRp4,0.9090909090909091,40,21,TTTAATACGTCTCGCATAGT,19,2928435
ompRp4,0.09090909090909091,22,21,TTTAAAGTGTATGAGCTCTT,1,2934628
ompRp4,0.9545454545454546,41,21,TTATATCCAATCAGAGGTTT,20,2917317
ompRp4,1.2272727272727273,47,21,TGTTAGCAAGCCTGCGCCAG,26,2913869
ompRp4,1.8181818181818181,60,21,TGTTAATCTCACGCTCTTTG,39,2927323
ompRp4,0.09090909090909091,22,21,TGGGCGGTCCATAGCGCGGT,1,2926612
ompRp4,1.4545454545454546,52,21,TGAGGACCCAACCACGAGGT,31,2932977
ompRp4,2.409090909090909,73,21,TCTCTCTTCAACGCCAGAAT,52,2915301
ompRp4,0.8181818181818182,38,21,TCGCCTTAGGGAGAATTATG,17,2930504
ompRp4,0.45454545454545453,30,21,TCAAAATCCGTAAATGTATG,9,2922053
ompRp4,2.1363636363636362,67,21,TATGTGTTCACGCAATTCAT,46,2912753
ompRp4,0.09090909090909091,22,21,TATGACATGCTAAGTGTGTG,1,2930764
ompRp4,0.09090909090909091,22,21,TAGCGGATGAGATTATTAGT,1,2931013
ompRp4,0.3181818181818182,27,21,TAGAGACCCTTTTGGGGAAC,6,2922215
ompRp4,1.3636363636363635,50,21,TAATGGGACAGGGATGCACT,29,2922694
ompRp4,0.3181818181818182,27,21,TAAGAAACTCCCGATGGGGT,6,2922214
ompRp4,0.09090909090909091,22,21,GTTAATAACGGAGTGGACTA,1,2925512
ompRp4,0.3181818181818182,27,21,GGTCACGCTGAAATAAACCA,6,2909367
ompRp4,0.6363636363636364,34,21,GGTAGTCATATCGCCGTGCC,13,2926796
ompRp4,1.0909090909090908,44,21,GGGACTGTTTGGTCAGTTAG,23,2910461
ompRp4,0.18181818181818182,24,21,GGCCATCAGCTACCTGTGAT,3,2919842
ompRp4,2.5,75,21,GGAGGTATCTTAGCTCTGAC,54,2910571
ompRp4,1.7727272727272727,59,21,GCTGATGAGGATCGTCAGTG,38,2909314
ompRp4,0.18181818181818182,24,21,GCGAGCGCAGTGCATGAACG,3,2920245
ompRp4,1.8636363636363635,61,21,GCCTTGGTTTACGTTTAGCC,40,2934527
ompRp4,0.2727272727272727,26,21,GCCCCGGAATCTTCCTTCTT,5,2917187
ompRp4,2.272727272727273,70,21,GCATTTGCAGGCTCAAGGTC,49,2912046
ompRp4,0.3181818181818182,27,21,GCAGCCCATGGCCCGGCACT,6,2926006
ompRp4,2.1818181818181817,68,21,GAGTCTTTTCGACGTGCGAG,47,2909219
ompRp4,2.772727272727273,81,21,GACCTATCCCTGTTGGACAG,60,2921217
ompRp4,0.22727272727272727,25,21,GAACTTTCTCAATAATATAG,4,2913591
ompRp4,1.0454545454545454,43,21,GAACTGTCTTCACGGTTGCT,22,2920748
ompRp4,0.13636363636363635,23,21,GAAAGTAAGTGTGCTAGTCT,2,2938171
ompRp4,8.909090909090908,216,21,CTTGGTCAGCCAGTTTGTTT,195,2909546
ompRp4,0.5454545454545454,32,21,CTCCTATACCCCCCGCGGAT,11,2930305
ompRp4,1.7727272727272727,59,21,CTACTACGGGAGAGTGTTTG,38,2927004
ompRp4,1.9545454545454546,63,21,CGTCGTCTAGTAACCCGTGG,42,2933735
ompRp4,0.45454545454545453,30,21,CGTCCTGTACTCGTCTGAAT,9,2924123
ompRp4,1.4090909090909092,51,21,CGGGGGTTAGCGAGCCCCAT,30,2927521
ompRp4,2.0,64,21,CGGATTCTTACTCACACATA,43,2914064
ompRp4,3.6818181818181817,101,21,CGGAGCAATTTCAGTAGACA,80,2923012
ompRp4,0.6818181818181818,35,21,CGCTTCTAAAGGGACTCCTC,14,2920276
ompRp4,3.6363636363636362,100,21,CCTCAGCACAAGTGCCGGTT,79,2935604
ompRp4,1.0454545454545454,43,21,CCGTGTTAATTTGTAATATT,22,2914512
ompRp4,1.0909090909090908,44,21,CCATTTGTCGTCGGGCGCGA,23,2918306
ompRp4,3.3181818181818183,93,21,CCATGGATATTTGATTATCG,72,2910245
ompRp4,5.2272727272727275,135,21,CCAGGACATCCAAGATCGGA,114,2913700
ompRp4,0.5454545454545454,32,21,CATTAGTCCAACAGAATCAT,11,2930711
ompRp4,0.6818181818181818,35,21,CATCTGGATTTCGGTGCTTA,14,2915546
ompRp4,0.5,31,21,CAGGCCAAGGATTCCGGTTG,10,2922340
ompRp4,1.4090909090909092,51,21,CACTAAATGATGCATTATAC,30,2932166
ompRp4,0.13636363636363635,23,21,ATTTTGGTAGTGCCCAGGAC,2,2927473
ompRp4,2.3181818181818183,71,21,ATTGGCAAGCCCGTTTCTAG,50,2933396
ompRp4,0.09090909090909091,22,21,ATTAGCTATCCAGGGGCTTA,1,2928561
ompRp4,1.0454545454545454,43,21,ATTAACGGCCAAGTTGGTGT,22,2909220
ompRp4,0.09090909090909091,22,21,ATGAATTGGAGGGCGATATT,1,2937340
ompRp4,5.7727272727272725,147,21,ATCTTAACAAGGTTTAAGGA,126,2931028
ompRp4,0.4090909090909091,29,21,ATCTGCTGACAGGTACCACG,8,2923704
ompRp4,3.5454545454545454,98,21,AGTCACGGGGGAATGCCAGT,77,2925866
ompRp4,0.09090909090909091,22,21,AGCAGGCGGCAGTCTTTCAT,1,2924318
ompRp4,1.3181818181818181,49,21,ACGCCAGTTCGCACTCGCAT,28,2908485
ompRp4,2.090909090909091,66,21,ACAGCTCAGCTCGATCTACT,45,2928529
ompRp4,0.18181818181818182,24,21,AAGTCTCTTGTGTTTTACTC,3,2916398
ompRp4,1.9090909090909092,62,21,AAGGTATACCGTCGCTCATT,41,2923028
ompRp4,0.14285714285714285,22,20,TTGTTAGATCGACGGGTGTT,2,2921423
ompRp4,0.09523809523809523,21,20,TTGCGGCTGCACGTCTCTCA,1,2928242
ompRp4,4.285714285714286,109,20,TGTGGGTGCGTCGGCTCTTA,89,2925818
ompRp4,1.0952380952380953,42,20,TGTACCAGGTCCGTTCTCCA,22,2925949
ompRp4,0.8571428571428571,37,20,TGGTGACTTAATCAAGATGT,17,2908255
ompRp4,2.238095238095238,66,20,TGCAGAAGTCTATTGGGATT,46,2923240
ompRp4,3.5714285714285716,94,20,TGAGACGTTTAGTCACCAGA,74,2919346
ompRp4,1.0952380952380953,42,20,TGACCATAGGATTGGCTGGG,22,2917465
ompRp4,4.190476190476191,107,20,TCTTTCGAACACATTGTATT,87,2920218
ompRp4,0.9047619047619048,38,20,TCTTGCAGTCATTTGCAATT,18,2936371
ompRp4,0.19047619047619047,23,20,TCCGCAGGGTGTGGTCATCA,3,2914545
ompRp4,0.09523809523809523,21,20,TCCCGATGCTCGACCATCCT,1,2925473
ompRp4,2.0952380952380953,63,20,TCATTGCCTCAATGCACATG,43,2927265
ompRp4,3.380952380952381,90,20,TAATAGTCGGGTGTAGGACG,70,2925138
ompRp4,0.09523809523809523,21,20,TAAACACGCTTATGTGCAAT,1,2936222
ompRp4,3.9523809523809526,102,20,GTTTGGAACCACCGACTCAT,82,2917408
ompRp4,1.5238095238095237,51,20,GTTGAGGGAATAAGTTCGAT,31,2917163
ompRp4,0.9047619047619048,38,20,GTTCACTGACTTTGAGTATA,18,2914329
ompRp4,3.142857142857143,85,20,GTATAGAGATCAGAATGTCT,65,2912170
ompRp4,0.7142857142857143,34,20,GGATCCTGGCCCCGGATTAT,14,2917665
ompRp4,1.8095238095238095,57,20,GGAATGCCGACCTTTTGGAT,37,2921039
ompRp4,0.38095238095238093,27,20,GCTAGTTTTCACCGGTGCTG,7,2926204
ompRp4,2.0476190476190474,62,20,GCGTAATGACAAGTCGTCTA,42,2929603
ompRp4,0.09523809523809523,21,20,GCGCGGTATCACGATCCTTG,1,2922321
ompRp4,0.23809523809523808,24,20,GCCGTAGGCCCTCTAGGACA,4,2908677
ompRp4,1.7619047619047619,56,20,GCATCCACGAAGGTGACAGT,36,2911239
ompRp4,1.380952380952381,48,20,GCAGGCACGACTCTGAGGGG,28,2909178
ompRp4,0.09523809523809523,21,20,GCAGCAGGAGCAATCGCAGA,1,2923182
ompRp4,1.4761904761904763,50,20,GACCCGTCCCGTCTGATTGG,30,2913375
ompRp4,0.47619047619047616,29,20,GACAGATGGCAATACTAGGA,9,2927120
ompRp4,9.523809523809524,219,20,GAACGGGTGTCGGGAGCCGA,199,2919701
ompRp4,1.0,40,20,GAAATGCTCGACTTAATAGT,20,2909028
ompRp4,2.7142857142857144,76,20,CTGGGGCTATAGCCTACGAG,56,2920489
ompRp4,0.8095238095238095,36,20,CTGAGCATACGAAGGGGTAG,16,2921563
ompRp4,6.714285714285714,160,20,CTCACCAGTGATAGGGCAGA,140,2911624
ompRp4,0.14285714285714285,22,20,CTATATGGCATGATGCCGGT,2,2912358
ompRp4,5.0,124,20,CGTTAGACATCCGCCTTTAA,104,2927999
ompRp4,0.14285714285714285,22,20,CGTGGGGATTTCGAGCATGT,2,2925280
ompRp4,2.0952380952380953,63,20,CGTGATACCATCATGTGTAT,43,2907726
ompRp4,17.523809523809526,387,20,CGGAGCCGTCCAACAGTTCA,367,2908037
ompRp4,0.09523809523809523,21,20,CGCGGACTGTGTCAAGTCAG,1,2924918
ompRp4,0.7142857142857143,34,20,CGCCGTTCTTCGTAAGACTC,14,2912296
ompRp4,0.7142857142857143,34,20,CGCCGTCTCGGCCTCGCGTA,14,2917902
ompRp4,0.09523809523809523,21,20,CGCCGCGTGCATGAGAGATC,1,2931150
ompRp4,0.38095238095238093,27,20,CCTTCACAGGGTCCAGGAAA,7,2912297
ompRp4,2.380952380952381,69,20,CCTAAATGCTGCTGAAGATC,49,2933901
ompRp4,0.09523809523809523,21,20,CCCTACCTGTCCGAACAGGG,1,2930603
ompRp4,5.0476190476190474,125,20,CCCCGTCCTACCTGAACATG,105,2930911
ompRp4,0.3333333333333333,26,20,CCATTGACGCGGAAGAGGAT,6,2929318
ompRp4,0.7142857142857143,34,20,CATGGGCTGCTCTAACGTCA,14,2937621
ompRp4,0.09523809523809523,21,20,CATCTCCATCAGTCGCAGTG,1,2924242
ompRp4,2.857142857142857,79,20,CATCACATGGCTGGCTCCCA,59,2931883
ompRp4,3.238095238095238,87,20,CAGGTTCGCCCTGTGCTCGC,67,2927163
ompRp4,0.3333333333333333,26,20,CAAGGAATGCCCACCTTCGA,6,2916509
ompRp4,1.0,40,20,CAAGAGAAAATCAGCATGCG,20,2931910
ompRp4,2.238095238095238,66,20,ATTTAGGGACGCCAAATTGT,46,2931378
ompRp4,3.1904761904761907,86,20,ATCCAATTATCGGTGACCGT,66,2915781
ompRp4,2.380952380952381,69,20,ATACCACTACCTCATGTTTC,49,2925363
ompRp4,0.6666666666666666,33,20,AGTTACCCTCTAGGCATGGT,13,2913340
ompRp4,0.7142857142857143,34,20,AGTCGGGTTCTTTCGGGCGC,14,2914681
ompRp4,5.380952380952381,132,20,AGCGACCTCGTGCACCGCTC,112,2908276
ompRp4,0.6666666666666666,33,20,AGATGAAGAACACTGCAGAC,13,2909837
ompRp4,0.19047619047619047,23,20,ACGTCTATGAGTCATTTAAA,3,2929417
ompRp4,4.142857142857143,106,20,ACGTCCGAAAACATTCCTTC,86,2938017
ompRp4,0.7142857142857143,34,20,ACGCTTTTCTTCCGATGCGC,14,2920485
ompRp4,0.14285714285714285,22,20,ACGCTCATAGCCCAATGGGA,2,2914134
ompRp4,0.8095238095238095,36,20,ACGACTAAGACCCCGGCGTC,16,2936804
ompRp4,0.8571428571428571,37,20,ACCCTATTCAAATGCCAGAG,17,2920803
ompRp4,2.2857142857142856,67,20,AATGCAGAGGTGCTCGAGGG,47,2924266
ompRp4,1.35,45,19,TTCGGTGAATGGAAGCAGTT,26,2923907
ompRp4,1.45,47,19,TTAGTCAAATTGTGCAGGAA,28,2928249
ompRp4,0.4,26,19,TGTAACAGCACCCAAGCGGA,7,2930511
ompRp4,1.9,56,19,TGGTTAAACCGGAGTGGAAG,37,2927942
ompRp4,1.2,42,19,TGGTGTCTGGGCTCCGCACG,23,2920278
ompRp4,0.75,33,19,TGGTAACAAACGATCGAAAG,14,2912708
ompRp4,0.95,37,19,TGGAGCGCCCTAATACACAT,18,2935301
ompRp4,0.15,21,19,TGCAAGTCTGTGGCAATATG,2,2909877
ompRp4,0.8,34,19,TCGAGGAGTCCGCAGAGTTG,15,2917662
ompRp4,0.4,26,19,TCGACTAAGTCGCGTTCACT,7,2914627
ompRp4,0.6,30,19,TCGAAGCCCGGCAATTCTCC,11,2918708
ompRp4,2.5,68,19,TCGAAACCTCAGTTCATCAT,49,2928870
ompRp4,0.1,20,19,TCAAACCAGACTATTGTGTA,1,2920006
ompRp4,0.6,30,19,TATGGTTGGAATTCCTCCGT,11,2911009
ompRp4,2.1,60,19,TATCCTTTTCCCGCGTGCCG,41,2935619
ompRp4,0.2,22,19,TACGTGAAAGGCGGCTTGGT,3,2931925
ompRp4,6.1,140,19,TACAACGTCACGCTATACAT,121,2915346
ompRp4,0.1,20,19,TAAGTTATATGCATGTAGAT,1,2920196
ompRp4,0.6,30,19,GTTGGGAGAAGCTTTAGTTA,11,2913063
ompRp4,1.5,48,19,GTTGCACTATTCAATCTTAA,29,2926096
ompRp4,0.4,26,19,GTTAGACTTCTAATCTTTCA,7,2920224
ompRp4,0.65,31,19,GTTAAGTTATAGCAGTGTGA,12,2920022
ompRp4,3.15,81,19,GTGGCGCGAGTGATTATGAG,62,2915109
ompRp4,1.65,51,19,GGTCAAATGTCCGGGTAGCC,32,2922000
ompRp4,2.85,75,19,GGCCCGTACGCTATCCTAGG,56,2934855
ompRp4,0.25,23,19,GGCCATGTTGGCCTTCATGG,4,2929873
ompRp4,0.95,37,19,GACCCCACACAGTCCAATAG,18,2919819
ompRp4,1.0,38,19,CTGTTCCCCTTGATTATTAA,19,2929026
ompRp4,2.65,71,19,CTGGTTTTCAGCAGTGGTGG,52,2914663
ompRp4,4.85,115,19,CTGCTGATCACCGGTAGAAT,96,2919868
ompRp4,4.45,107,19,CTCGGTGCGACACGTTTAGG,88,2921997
ompRp4,4.05,99,19,CGTAGATCAGCGGGCCTCCA,80,2914296
ompRp4,1.05,39,19,CGGATCTCGCGGTGAGCCGT,20,2923817
ompRp4,0.85,35,19,CGCTTGGATCAGCATTTTAC,16,2927533
ompRp4,0.25,23,19,CGCGATCTCATCGCGTCATG,4,2930601
ompRp4,0.9,36,19,CGCCTTAGACTAGCAGGACT,17,2924819
ompRp4,1.45,47,19,CGCACCTTATGATGTGTCAC,28,2915341
ompRp4,2.1,60,19,CCTTAGATAACTCTCAAGGG,41,2935661
ompRp4,0.4,26,19,CCTTACTCCAGTGAAGTAAG,7,2922213
ompRp4,1.1,40,19,CCGTTGTATGGCCCTTTCGA,21,2909510
ompRp4,0.65,31,19,CCGGCTCGCAAACCATCCGG,12,2921762
ompRp4,0.95,37,19,CCAGCATGGCTTGGATTAGA,18,2920314
ompRp4,1.8,54,19,CCAACGTTTAATACCTGACT,35,2924105
ompRp4,0.1,20,19,CATTTGGGGCCGATTAATGT,1,2917562
ompRp4,0.1,20,19,CATGGCTTAGAACGAGTATT,1,2933170
ompRp4,3.0,78,19,CATGATGCGGCTTGTATTAA,59,2912275
ompRp4,0.55,29,19,CAGTAGTAGACTCTGGAATA,10,2917082
ompRp4,4.7,112,19,CAGAAGAACGTGTAGCTAAA,93,2912061
ompRp4,1.65,51,19,CACGGTACTTCTCAGGAGAT,32,2933501
ompRp4,0.2,22,19,CACGAGACCCTCCCACTGGA,3,2910276
ompRp4,8.45,187,19,CACCTACAGTAGACGGGTTC,168,2914923
ompRp4,1.1,40,19,CAACTCGACAGCGTGTTTGC,21,2908302
ompRp4,8.15,181,19,CAAAGGACGATGTAAGCCGA,162,2926790
ompRp4,2.25,63,19,ATTCTTTCGCTGGGGCCGTC,44,2911004
ompRp4,0.7,32,19,ATTCCTCAATGAGGGCTGTT,13,2909625
ompRp4,1.1,40,19,ATCCCTATAGCTAAAAGTGT,21,2926296
ompRp4,1.5,48,19,ATATTGATGCTGAACAAGAG,29,2911072
ompRp4,0.1,20,19,AGTCCCTAGCCGAGCAAGAT,1,2909515
ompRp4,0.15,21,19,AGGCTGCACGGCAGCGCTGC,2,2929421
ompRp4,0.4,26,19,AGCATACTATACCCCGTGTG,7,2914747
ompRp4,7.55,169,19,AGAGATTCGTTTTGCCTAGT,150,2925370
ompRp4,4.05,99,19,ACTGTTGTTGGAAGTCAGAG,80,2917875
ompRp4,3.1,80,19,ACTGGTATATCCATTCCCCG,61,2911599
ompRp4,0.1,20,19,ACTCATGGGATTTGGTATAC,1,2918344
ompRp4,1.2,42,19,ACGTAGTTCAGTGCGTAGGC,23,2908048
ompRp4,1.75,53,19,ACGGGGCTGTGAGATTTTGG,34,2916667
ompRp4,0.2,22,19,ACGGAAAAGCACAAAATGAT,3,2921707
ompRp4,0.85,35,19,ACCGAACTAGTATTTGCATC,16,2922586
ompRp4,0.1,20,19,ACAGCTAGTGCTGGCACAGG,1,2931257
ompRp4,2.2,62,19,ACAAGAAAAGGGTGCTGGTG,43,2911543
ompRp4,1.3,44,19,AATGCCGTCCAGTTCGTTTG,25,2934547
ompRp4,1.25,43,19,AAGGGCACTGGCTAGACCAA,24,2921590
ompRp4,1.65,51,19,AAGCAGAACACTAGGGCGAC,32,2926940
ompRp4,2.1,60,19,AACTCATGCACCGGTGAAAT,41,2933706
ompRp4,2.1,60,19,AAACATCAGGACCTCAGATA,41,2916369
ompRp4,0.10526315789473684,19,18,TTGCGCACCCACCAGCATGT,1,2920944
ompRp4,0.8421052631578947,33,18,TTCTCTGGACCAACCCAACA,15,2915417
ompRp4,2.3157894736842106,61,18,TTCGCCGCTATCACCCAGCT,43,2917000
ompRp4,1.1578947368421053,39,18,TTCGATCGAACAGTTCGTTA,21,2918976
ompRp4,3.263157894736842,79,18,TTCACGTAGTTAGATGTAGT,61,2917211
ompRp4,0.2631578947368421,22,18,TTAGTGGATTTAGTAATGTT,4,2917339
ompRp4,2.473684210526316,64,18,TTACTCCGGAGAGCTGGATG,46,2919043
ompRp4,1.2105263157894737,40,18,TTAAGAGCGAAGCTCATGTA,22,2910821
ompRp4,2.3684210526315788,62,18,TGTACCCATCATGCAATCCT,44,2913172
ompRp4,0.6842105263157895,30,18,TGGGGTCACTTGTTTCAAGA,12,2921861
ompRp4,3.6315789473684212,86,18,TGCGGCGGGCCACGGCGTTA,68,2935322
ompRp4,1.1578947368421053,39,18,TGATGAAACGTCATCACTCT,21,2938096
ompRp4,1.0526315789473684,37,18,TGATCCCCGTTACTTGCCCT,19,2938277
ompRp4,0.3157894736842105,23,18,TGAGATAGGGCTAACTAAAA,5,2932277
ompRp4,0.10526315789473684,19,18,TGACGCCCTCACCCGATATT,1,2934092
ompRp4,1.368421052631579,43,18,TCTTTTTTTACAGTCACCTT,25,2922559
ompRp4,1.736842105263158,50,18,TCATCTCTGAATGTTAGCGC,32,2937517
ompRp4,2.526315789473684,65,18,TAGAGTGATGTTAGATTTGT,47,2930083
ompRp4,0.10526315789473684,19,18,TACGGTCTAGTCAACATCAT,1,2910855
ompRp4,0.15789473684210525,20,18,TACGAGAACCAACAGTATTA,2,2924783
ompRp4,0.3684210526315789,24,18,TACATTGCGCATGTTATCAT,6,2933214
ompRp4,0.7368421052631579,31,18,TAACGCTACGGAGTGCAAAT,13,2917210
ompRp4,0.3684210526315789,24,18,TAAATGTACATCTATGCGTG,6,2922821
ompRp4,3.8421052631578947,90,18,TAAAGCGTACCACCCCTAGC,72,2919209
ompRp4,9.0,188,18,GTTCGGTCGAGGGGGTACCT,170,2918461
ompRp4,0.8421052631578947,33,18,GTGCCGCTTGTCCCACTAAT,15,2917730
ompRp4,2.473684210526316,64,18,GTCTTGGACATCATGGGGCG,46,2937273
ompRp4,0.10526315789473684,19,18,GTAGAGATCAATGTCACTTT,1,2915397
ompRp4,0.6842105263157895,30,18,GTACTTTGCGTCCCAGGTCT,12,2917952
ompRp4,0.5263157894736842,27,18,GTACGTGCCCATCCTACTGC,9,2924128
ompRp4,2.3684210526315788,62,18,GGGCCTTACCGCTTTTCATT,44,2911821
ompRp4,2.3684210526315788,62,18,GGCAACGGAACTGTTGAGTT,44,2919665
ompRp4,0.10526315789473684,19,18,GGAGGTCTCAGGTACGACAA,1,2924213
ompRp4,0.8421052631578947,33,18,GCTTAAGCACGAGCGTTCAT,15,2913033
ompRp4,3.6842105263157894,87,18,GCGCTTAGGTGGTGTCTGAT,69,2916008
ompRp4,0.15789473684210525,20,18,GCAGGCCTCAAATGGAGCTA,2,2916110
ompRp4,0.2631578947368421,22,18,GATTTCTGATTCACAGCGGC,4,2929471
ompRp4,0.21052631578947367,21,18,GACTGCCAACTGGGTAGCTA,3,2928243
ompRp4,0.10526315789473684,19,18,GACGCTTTCGTATCGAAACG,1,2932157
ompRp4,7.105263157894737,152,18,GACATGGCGTGTTTGTGTCA,134,2935759
ompRp4,4.578947368421052,104,18,GAAGGGGTCCTACCGGGGGT,86,2909439
ompRp4,4.2105263157894735,97,18,CTTTTTGGCTTCACATCGTA,79,2908357
ompRp4,0.3684210526315789,24,18,CTTTGACGATATAGAGTGGA,6,2914796
ompRp4,0.8421052631578947,33,18,CTTAGCGAAATATTAAGGCC,15,2928829
ompRp4,1.8421052631578947,52,18,CTGATAAGGCCGTATATATG,34,2921263
ompRp4,0.10526315789473684,19,18,CTCCTAGCACACCGAGACTA,1,2924157
ompRp4,0.9473684210526315,35,18,CTACTTTGCGCGAGACGTGT,17,2926074
ompRp4,0.631578947368421,29,18,CGGTGACGGAAGAGCTGCAA,11,2925384
ompRp4,0.47368421052631576,26,18,CGGGTGGTCCTATTCAAAGG,8,2917159
ompRp4,7.684210526315789,163,18,CGGACGGGGGAGGATGTTCG,145,2934053
ompRp4,4.2631578947368425,98,18,CGCGAGGATTTGGAAATAGC,80,2910721
ompRp4,4.684210526315789,106,18,CCGTCCTACGAACGCGCTTT,88,2908694
ompRp4,1.8421052631578947,52,18,CCGAGCCCGGTAATTTCGAG,34,2935152
ompRp4,2.263157894736842,60,18,CCCTCGATAACCATCATCTG,42,2936777
ompRp4,1.4210526315789473,44,18,CATGTCTTTGAGGAACCGCA,26,2933271
ompRp4,0.15789473684210525,20,18,CATGGCCACGAGAAGCAACG,2,2917969
ompRp4,0.3157894736842105,23,18,CAGCCGTGTATGGGCCTAGT,5,2918252
ompRp4,0.2631578947368421,22,18,CAGAGGATTGAAACAGATTT,4,2916280
ompRp4,14.157894736842104,286,18,CACCCTGGTCGGTAGTATGT,268,2910271
ompRp4,1.7894736842105263,51,18,ATTCAACCAAAAAGACCCAC,33,2930300
ompRp4,0.10526315789473684,19,18,ATTAACGGCAGTAGCCTCAC,1,2909101
ompRp4,0.10526315789473684,19,18,ATGTGATCTCTTATATAATG,1,2928004
ompRp4,0.21052631578947367,21,18,ATGTCATGTCAGTTCGTATT,3,2934023
ompRp4,0.8947368421052632,34,18,ATGCATTCTGAATAGTCTGA,16,2916011
ompRp4,0.15789473684210525,20,18,ATCGCGTAGGAGTTGTGGTT,2,2934225
ompRp4,1.736842105263158,50,18,ATCCTGCTACACGCCCTGTC,32,2929725
ompRp4,0.10526315789473684,19,18,ATAGGAATTAAAGGCCTGAG,1,2926508
ompRp4,1.7894736842105263,51,18,AGTTGTTTTTGTGTCAACAT,33,2922557
ompRp4,1.0526315789473684,37,18,AGTTGTCGCCGGGTAAAATT,19,2912255
ompRp4,2.0,55,18,AGTGTAGGCTTTCCCTTCTG,37,2914959
ompRp4,0.3684210526315789,24,18,AGTGGGACTGCTTAGTCTTA,6,2922855
ompRp4,1.1578947368421053,39,18,AGGCCCATAAGAGGCCCCGA,21,2909486
ompRp4,1.263157894736842,41,18,AGATCCAGGGACCCATTGAA,23,2918037
ompRp4,0.10526315789473684,19,18,AGAAACTGTGTTCAGGTGCA,1,2910366
ompRp4,1.5263157894736843,46,18,ACGGATACGGGTAGAACTAC,28,2921827
ompRp4,1.4736842105263157,45,18,ACCATGCTTGGTAGCGGAAC,27,2918513
ompRp4,1.5263157894736843,46,18,ACCACTATGGGTCACCTGAT,28,2937556
ompRp4,4.631578947368421,105,18,ACACACGGGTAACTTTGACA,87,2930363
ompRp4,3.1052631578947367,76,18,ACAACGAGCAGCAGGATATT,58,2914112
ompRp4,0.10526315789473684,19,18,AATTCATCTCTCGACCCGTT,1,2925111
ompRp4,2.6842105263157894,68,18,AATTAAGGGTGGGTAATCCC,50,2938297
ompRp4,1.3157894736842106,42,18,AAGGCATGTCCAGATATGCG,24,2926221
ompRp4,0.21052631578947367,21,18,AAGCTGCGCCAAGACTCCGA,3,2923876
ompRp4,0.9473684210526315,35,18,AAGCGCTGGCAACTTAAGCA,17,2908888
ompRp4,0.15789473684210525,20,18,AACTGCACCCGGTACCCGTT,2,2913959
ompRp4,0.2631578947368421,22,18,AACCGCCTCGCGCGCTCTGT,4,2912053
ompRp4,1.5263157894736843,46,18,AAATCAGCCCCGATTCAGAA,28,2910042
ompRp4,2.0,55,18,AAACTGTGGTCTAGACCTCC,37,2914832
ompRp4,5.2631578947368425,117,18,AAAACTTAGTGACCTAACAG,99,2914478
ompRp4,0.8333333333333334,31,17,TTTGGAGGGGTGCGAATCCA,14,2913920
ompRp4,1.6666666666666667,46,17,TTTCGCTCATTGAGGTGCTT,29,2925432
ompRp4,1.8333333333333333,49,17,TTCATCTCGAATTAAATGAA,32,2923011
ompRp4,3.0,70,17,TGATGGGTATCTCACACCCA,53,2913587
ompRp4,2.3333333333333335,58,17,TGACAATAGGGTTTAGCGAA,41,2926941
ompRp4,0.6111111111111112,27,17,TCGTCCGAATATCCAGGCCT,10,2920527
ompRp4,4.888888888888889,104,17,TCGCTCGCAGACGGTGTACA,87,2915853
ompRp4,0.1111111111111111,18,17,TCCCGTGGGTGCTTGGCAGT,1,2937754
ompRp4,0.9444444444444444,33,17,TCCAGACCGCCGCCGTTGGA,16,2935258
ompRp4,6.833333333333333,139,17,TCATGGTCAGTATGTGACAC,122,2936313
ompRp4,4.944444444444445,105,17,TATGTCGGATGATTCGACCT,88,2926785
ompRp4,0.5555555555555556,26,17,TATCACTGCGGAATCCCAGT,9,2911013
ompRp4,2.611111111111111,63,17,TAGCCTTGACACGGCGCAGG,46,2925774
ompRp4,2.7777777777777777,66,17,GTTTGTAACCCACCAGCTAG,49,2919759
ompRp4,2.0555555555555554,53,17,GTGGTGTGGACCCAATTTTC,36,2924332
ompRp4,3.2222222222222223,74,17,GTCTGGAACTTAGAGAGCTC,57,2912764
ompRp4,2.6666666666666665,64,17,GTCATAACAACATATCCTCT,47,2935114
ompRp4,4.611111111111111,99,17,GGGTGAACAACCCTGTTCGA,82,2930898
ompRp4,1.2777777777777777,39,17,GGGACATTCCATGAGAGCGA,22,2933529
ompRp4,2.2222222222222223,56,17,GGCTTCCAGCTTAAGGTCGT,39,2931018
ompRp4,1.1111111111111112,36,17,GGCTTAATGAAGGTAGTCAG,19,2908696
ompRp4,1.3333333333333333,40,17,GCGACACGCTTAGGGGTCGT,23,2909844
ompRp4,2.0555555555555554,53,17,GCCTCTATATTGTCGAAGTC,36,2907936
ompRp4,0.5555555555555556,26,17,GCCGGTTCACACCTCCACAG,9,2920856
ompRp4,0.5555555555555556,26,17,GCCGCAGACAGAGTCAGAGC,9,2938091
ompRp4,3.5555555555555554,80,17,GCCCCGGTCGAGAGTTCTGT,63,2915782
ompRp4,0.5,25,17,GCATTGGATGCAATTGATCT,8,2937202
ompRp4,0.7222222222222222,29,17,GCAGTAGCTTTTTATTTATC,12,2913071
ompRp4,0.3888888888888889,23,17,GCAAGGCCCGAATGGACAAG,6,2934016
ompRp4,1.1111111111111112,36,17,GACTTGCAACATGGAAGAGG,19,2909129
ompRp4,2.5555555555555554,62,17,GACTTAATCCTCCCATCTCC,45,2933089
ompRp4,0.6111111111111112,27,17,GAATCCCTTTAAGTTAACAT,10,2912741
ompRp4,1.7222222222222223,47,17,CTGTTTTTCAAGCCCGGTCT,30,2921223
ompRp4,0.1111111111111111,18,17,CTCACTGGTCCACGGCGACA,1,2922315
ompRp4,0.8333333333333334,31,17,CTACAAGCAGGATTGAATGC,14,2931280
ompRp4,2.0555555555555554,53,17,CGTGTGCGGATATGGGGGCT,36,2938181
ompRp4,0.8333333333333334,31,17,CGTCTAGACGCACGGCTGAA,14,2918393
ompRp4,1.2777777777777777,39,17,CGGGTCCATAGGATGGGACA,22,2912608
ompRp4,0.2777777777777778,21,17,CGCCGTTATAAGCCCGTGTA,4,2909208
ompRp4,1.4444444444444444,42,17,CGCAGTTGAAGGCCAGCCTC,25,2914631
ompRp4,0.4444444444444444,24,17,CGAGTCTTTTCTTACGGTGT,7,2918916
ompRp4,1.4444444444444444,42,17,CGACGAGACCCTAAGTTGGC,25,2930487
ompRp4,0.6666666666666666,28,17,CCGCAACCCAAGGCGCTAGT,11,2925385
ompRp4,2.8333333333333335,67,17,CCGATTTTATCAGTGAGGTA,50,2916026
ompRp4,0.1111111111111111,18,17,CCAGAAATGATCCCTTTGCC,1,2931438
ompRp4,1.6111111111111112,45,17,CATTTAGTCCCTGACTTGGA,28,2927321
ompRp4,1.7777777777777777,48,17,CATAGGCTTGGAGTACCGCT,31,2935995
ompRp4,0.16666666666666666,19,17,CAGCACGGCTTTTAATGTTA,2,2918405
ompRp4,2.8333333333333335,67,17,CACAACGAATCTCTGCCAAT,50,2917501
ompRp4,2.7222222222222223,65,17,ATGGTATAGCTGTATCTGAG,48,2936449
ompRp4,0.1111111111111111,18,17,ATAGAAGCCCTCGGAGGTTG,1,2917214
ompRp4,0.7222222222222222,29,17,AGGTTTTAGTGTGGTTCACC,12,2933894
ompRp4,0.3333333333333333,22,17,AGGTAGCACTACCCTTCAAG,5,2926526
ompRp4,0.1111111111111111,18,17,AGGGTCATAGACAAGCAGCG,1,2937546
ompRp4,7.222222222222222,146,17,AGGCTAGCTAGATTCCAGGT,129,2936320
ompRp4,0.1111111111111111,18,17,ACTTGATTGGGGCTAGACAC,1,2914043
ompRp4,0.16666666666666666,19,17,ACTCCAATACGGGGACCGAA,2,2937148
ompRp4,0.8333333333333334,31,17,ACGTCCGAAACAGAGAGGTT,14,2930088
ompRp4,4.444444444444445,96,17,ACGGCGAATGGAAAGGATGT,79,2908046
ompRp4,4.5,97,17,ACGCTGCCTTGACCACCTGA,80,2926275
ompRp4,1.3888888888888888,41,17,ACGAGAAAGGTAATAGGGGA,24,2919488
ompRp4,0.1111111111111111,18,17,ACCTTTGAACATTGTAGGAT,1,2923933
ompRp4,2.3333333333333335,58,17,ACAAAGATCTACTAATAGAT,41,2909892
ompRp4,0.9444444444444444,33,17,AATGAGAACGATTGCGACCC,16,2925609
ompRp4,0.7222222222222222,29,17,AATCTTACTCATTTTCGTTC,12,2925566
ompRp4,0.16666666666666666,19,17,AATCGGCCCCCGACACAGAA,2,2914879
ompRp4,0.3333333333333333,22,17,AAGTTGTTGTGCTTTCTTAG,5,2932644
ompRp4,1.1111111111111112,36,17,AAATTATCCGAGGGAATCGT,19,2933983
ompRp4,1.2222222222222223,38,17,AAATGCTGGTCGCTCCCCAG,21,2914297
ompRp4,0.5882352941176471,25,16,TTGGTCCTATAGTTGCCGCT,9,2934584
ompRp4,0.35294117647058826,21,16,TTCTATCTCGATAGATTATG,5,2936622
ompRp4,4.117647058823529,85,16,TTCACGGTACAAGGTATAAT,69,2930662
ompRp4,0.17647058823529413,18,16,TTATGTCCCCCAAGGTGCTT,2,2913814
ompRp4,0.29411764705882354,20,16,TTAGCGTTTCAAGAGGGTCC,4,2935605
ompRp4,0.17647058823529413,18,16,TTAATGTTCGGCTAGGACTC,2,2935667
ompRp4,2.5294117647058822,58,16,TGCCTCTGGCGTTGCGGGTG,42,2920248
ompRp4,2.235294117647059,53,16,TGCCTCAACGCTGCTAGGCA,37,2920851
ompRp4,4.294117647058823,88,16,TGACTGAGCCAAGTCGGGCA,72,2915780
ompRp4,0.47058823529411764,23,16,TGAAGCGGTACTCCTCCTTA,7,2908799
ompRp4,1.2941176470588236,37,16,TGAACAGGGATGGCATGCTA,21,2937446
ompRp4,5.294117647058823,105,16,TCGCTACAGTAGGTTGGGAA,89,2931875
ompRp4,0.35294117647058826,21,16,TCCTTGTAGCAGTTCGTACT,5,2910424
ompRp4,0.5882352941176471,25,16,TAGATGCGGAAGATTCCTAC,9,2916927
ompRp4,0.7647058823529411,28,16,TACGTCCGTAATGTATATAT,12,2928828
ompRp4,3.6470588235294117,77,16,TACGGCACGGTTAATTGCAT,61,2928281
ompRp4,0.8823529411764706,30,16,TACACGTCCATTCTCGCGTT,14,2934036
ompRp4,0.11764705882352941,17,16,TAAAGAGAGGGGTTTACATT,1,2920674
ompRp4,0.11764705882352941,17,16,GTTTGCATCTGGAGCAGGGT,1,2920510
ompRp4,3.0588235294117645,67,16,GTTAACGGGGCTTAGCTGTA,51,2920193
ompRp4,0.17647058823529413,18,16,GTAGGACGCGTCAATGTCCA,2,2913602
ompRp4,1.2941176470588236,37,16,GTACTTTGAGGCTTGTTCAT,21,2917213
ompRp4,0.6470588235294118,26,16,GTACAATTGCCCCGTGAATG,10,2916330
ompRp4,3.764705882352941,79,16,GTAAGTCTAGAAGCCAGGGA,63,2930226
ompRp4,1.411764705882353,39,16,GGTTTGCGGGGACACTTAGA,23,2918260
ompRp4,5.117647058823529,102,16,GGTATAGGGTAGCGACATGC,86,2929203
ompRp4,0.7058823529411765,27,16,GGGTTTGCGAACTTGTGTTA,11,2911475
ompRp4,1.2352941176470589,36,16,GGGAAACGTTACGTGTCGCC,20,2927402
ompRp4,0.8235294117647058,29,16,GGAAGATCGCACTGTATCCG,13,2924564
ompRp4,0.17647058823529413,18,16,GCTCTATATCTTGAATTGTC,2,2913663
ompRp4,0.5882352941176471,25,16,GCTAGGCAACCGGCTAGACT,9,2918299
ompRp4,2.8823529411764706,64,16,GCGCCGCCCTGTTTTGATGG,48,2914366
ompRp4,5.764705882352941,113,16,GCCCAAAAAGCGATCAGTAT,97,2937637
ompRp4,0.35294117647058826,21,16,GCATAATGTTTTGTCAGTTT,5,2914191
ompRp4,1.7647058823529411,45,16,GCAGTTACACAAAGTAGAGC,29,2937710
ompRp4,4.823529411764706,97,16,GCAACTTTTAATGGGATAAA,81,2928952
ompRp4,1.588235294117647,42,16,GACGCTCATAAGGCCTTTTT,26,2925550
ompRp4,1.5294117647058822,41,16,GACAGATACGACTCTTTTGA,25,2911590
ompRp4,0.35294117647058826,21,16,GAACCCTCGAACTTCACGAT,5,2908392
ompRp4,1.411764705882353,39,16,CTTTCGAAATCCCAACATCG,23,2922714
ompRp4,0.5882352941176471,25,16,CTTGTCGGGGCTGGGTTTAT,9,2907811
ompRp4,2.176470588235294,52,16,CTGAACCATGAATTCGGGGG,36,2929077
ompRp4,1.1764705882352942,35,16,CTCTAGAAGCAGTAACTTCT,19,2912098
ompRp4,1.6470588235294117,43,16,CTATACGGTGGTCTCTCGCT,27,2909542
ompRp4,2.7058823529411766,61,16,CGGTCGAAGACAAGGCCCCT,45,2928132
ompRp4,0.11764705882352941,17,16,CGGATCCTGGTACCCGTCTG,1,2910243
ompRp4,2.4705882352941178,57,16,CGAATCGCCGATCACCCCAA,41,2920781
ompRp4,0.6470588235294118,26,16,CCTCGCTTCACTTTCGAAAG,10,2935625
ompRp4,2.176470588235294,52,16,CCGTTGGGCAAGTCATCCGA,36,2932975
ompRp4,0.17647058823529413,18,16,CCCGCATTGTAACCACAACA,2,2925224
ompRp4,0.29411764705882354,20,16,CCCATTCATTCGGAGTGGTC,4,2922666
ompRp4,9.705882352941176,180,16,CCATACCTACGCTGGACACA,164,2937466
ompRp4,0.29411764705882354,20,16,CCAGTATTGGCAAACAGATG,4,2919591
ompRp4,0.47058823529411764,23,16,CCAGTAATGCGAGATGTATA,7,2934127
ompRp4,1.2941176470588236,37,16,CATGGCCGTGCCACGTCAAA,21,2926735
ompRp4,1.3529411764705883,38,16,CATCTGGTGGACATTTCTAC,22,2911032
ompRp4,1.7058823529411764,44,16,CAGCGGGGTATGCCAATAGT,28,2929087
ompRp4,1.0588235294117647,33,16,CAGACTTCCGTAGGCGTGAT,17,2932451
ompRp4,2.411764705882353,56,16,CAATCGTACGCCGAGCCTAA,40,2929673
ompRp4,4.235294117647059,87,16,CAAATGTTCCTAGTCGTGGT,71,2924897
ompRp4,1.3529411764705883,38,16,CAAAGGGACTGTAACAGCCT,22,2919875
ompRp4,0.4117647058823529,22,16,ATTAGCAGGAGAAACGCTAT,6,2911238
ompRp4,0.9411764705882353,31,16,ATGATGTACAGCGGATTAAA,15,2909595
ompRp4,3.411764705882353,73,16,ATCACGGCACTCCTGTTGTT,57,2928356
ompRp4,1.0588235294117647,33,16,ATAAGCTCCAGGAATTAGAA,17,2921185
ompRp4,1.588235294117647,42,16,AGTGCTACTACGTCGTGGCT,26,2930362
ompRp4,3.411764705882353,73,16,AGTGCAAGCTTCGGATGGTA,57,2924255
ompRp4,6.411764705882353,124,16,AGTCGTCACCGCTTGAACTG,108,2930709
ompRp4,6.588235294117647,127,16,AGCTAGATGTAGCCGCCGGT,111,2928504
ompRp4,0.11764705882352941,17,16,AGCCTAATCCGATGCGCTCA,1,2914063
ompRp4,2.235294117647059,53,16,AGCATCTTACTCCCAGCCTG,37,2921792
ompRp4,0.7647058823529411,28,16,ACTGGGAATTCGTATGTAGA,12,2913866
ompRp4,3.0588235294117645,67,16,ACGGATATGAGATCCTCGTC,51,2912986
ompRp4,0.29411764705882354,20,16,ACATATTAGAAATCCTCATT,4,2932297
ompRp4,3.176470588235294,69,16,ACAGGTAACAAGCGTTTGCT,53,2913069
ompRp4,4.470588235294118,91,16,ACAAGTTACGAAACCTGCGG,75,2929006
ompRp4,2.2941176470588234,54,16,ACAAGAGGCAAGCATGCAAT,38,2915919
ompRp4,0.17647058823529413,18,16,AATCTCTTCACGGAGATTGG,2,2912062
ompRp4,0.47058823529411764,23,16,AAGAACGAGTAAGGTCCGCA,7,2925056
ompRp4,3.8823529411764706,81,16,AACATCCACATCTGGTGGTA,65,2924315
ompRp4,0.11764705882352941,17,16,AAAACCGGGTACCGGACAAT,1,2911245
ompRp4,2.75,58,15,TTTGTGGTCACTGCGAGCAA,43,2924761
ompRp4,1.625,40,15,TTGCGTGATTAACTTCCGGC,25,2916040
ompRp4,0.4375,21,15,TTCGATATGGAATGTAAGTT,6,2921770
ompRp4,1.875,44,15,TTCAGTATTATCTCCACTTC,29,2912143
ompRp4,1.6875,41,15,TTAGTGTCTTTAATAGAATA,26,2910828
ompRp4,0.5,22,15,TTAATCTCGGGGGAGTTAGT,7,2926388
ompRp4,1.9375,45,15,TTAACCTCTGCTACTGTCCA,30,2926712
ompRp4,4.9375,93,15,TGTCGGCCATACATTCTTAT,78,2916491
ompRp4,1.5625,39,15,TGGCTCACGTCGCGAGATTA,24,2935800
ompRp4,1.5,38,15,TGCTGCAGGGGATGCGTGGT,23,2937317
ompRp4,1.125,32,15,TGCCGGGTTCCCCTGTGAAT,17,2923910
ompRp4,1.625,40,15,TGCAATGTGCACCCGATAGT,25,2921518
ompRp4,1.125,32,15,TGCAAGGTAGACGCGAACCT,17,2929171
ompRp4,2.6875,57,15,TGATAATTGGTCCCATAGAG,42,2912484
ompRp4,1.4375,37,15,TGACCCATGCACTACTTGGT,22,2915783
ompRp4,1.0625,31,15,TCGCTGCCGAGAGGGGGCTG,16,2914719
ompRp4,9.4375,165,15,TCCTCACGAAAGTTGCGAGA,150,2928454
ompRp4,0.875,28,15,TCAACGACGAACCTTCGACG,13,2927504
ompRp4,2.0625,47,15,TATCGGAGCATTACAAACGG,32,2927535
ompRp4,0.625,24,15,TAGGAGTCTATACAGTGAAT,9,2929787
ompRp4,1.1875,33,15,TACTGGGATACTAGCCCCCA,18,2932421
ompRp4,4.9375,93,15,TACCTTACGCGCAGTGTTAC,78,2934756
ompRp4,2.875,60,15,TACCCCGGGATCGATAGTTC,45,2928988
ompRp4,0.125,16,15,TACCACTCATGCAGAAATTC,1,2915113
ompRp4,5.625,104,15,TAAATGGCTAGATCCCCTTC,89,2921476
ompRp4,0.125,16,15,GTGTTGGGCGCTGAGGCACT,1,2912099
ompRp4,1.5,38,15,GTGTCCTCCATATGAACGAC,23,2935081
ompRp4,1.1875,33,15,GTGGGCTAAATACGGACCGC,18,2926540
ompRp4,2.1875,49,15,GTCTTGATCGCTCGGATCGT,34,2918420
ompRp4,1.9375,45,15,GTCTCGGTAAGTTTCGTCTT,30,2921393
ompRp4,0.25,18,15,GTCTAGATCTTTATTCTATA,3,2923230
ompRp4,0.125,16,15,GGTCCCCGGCCAACTAATAC,1,2917986
ompRp4,0.6875,25,15,GGCGTGTTGGAACCCTCTGT,10,2930225
ompRp4,1.8125,43,15,GGCGCGCAAAAACTGAAGAT,28,2916704
ompRp4,4.375,84,15,GGAGGGACGTTAGATTATCT,69,2912544
ompRp4,4.1875,81,15,GGACGCAGCGGGCGGTCCTA,66,2918946
ompRp4,0.375,20,15,GCTCCGCAAAGGTTTACTTG,5,2932784
ompRp4,1.4375,37,15,GCGGTTGGTCGTGGGGCGTC,22,2917697
ompRp4,0.3125,19,15,GCCCCGTGGCCTATCGCGCG,4,2936395
ompRp4,2.4375,53,15,GCCCCCCTAACGTTGTAACA,38,2911611
ompRp4,1.875,44,15,GCAGGGGTCATAAACGAGTA,29,2921893
ompRp4,4.0625,79,15,GAGAACCGAAATCGGAACGT,64,2913641
ompRp4,1.0625,31,15,GAACGCTACGAATATTACCA,16,2915462
ompRp4,0.625,24,15,CTTCTGGCAAGTGATTAACT,9,2930459
ompRp4,0.375,20,15,CTGTTTGGAACCGTCTTGGG,5,2921507
ompRp4,0.8125,27,15,CTGACCAGTAATTTCACCGT,12,2933667
ompRp4,3.3125,67,15,CTCATCCCGTGGGCGTATAT,52,2923673
ompRp4,2.3125,51,15,CTAGATTGACACATCACCTC,36,2910762
ompRp4,0.125,16,15,CTAAAGGGACTATTCTATGC,1,2932707
ompRp4,0.3125,19,15,CGGTTGGCAGGCCAGGTCAT,4,2919610
ompRp4,0.125,16,15,CGGTACGGAACAAGCGGTCG,1,2921525
ompRp4,0.125,16,15,CGGCAGGCGTAGAAATTCGG,1,2909572
ompRp4,5.4375,101,15,CGCATAACTAGCTGTACTAA,86,2913420
ompRp4,4.0625,79,15,CGATCCCCCAATCCGGTTTC,64,2932461
ompRp4,2.625,56,15,CGAGATGGGAGATGGCGCCA,41,2926134
ompRp4,2.125,48,15,CGAGAAGTACGAGGTTTGGA,33,2937354
ompRp4,3.4375,69,15,CGACTTAGTAACGGATAGTC,54,2935719
ompRp4,3.3125,67,15,CGAATTGGACGTCGTCTATG,52,2929714
ompRp4,0.1875,17,15,CCTGTAGACCAAGGTACGAG,2,2928422
ompRp4,2.0,46,15,CCGGGGTATCGTGCTCGGGG,31,2913915
ompRp4,0.75,26,15,CCAACCCGGCCCACTTACAT,11,2934234
ompRp4,0.125,16,15,CATAAAGGTGATTTGAGTCA,1,2908228
ompRp4,0.1875,17,15,CAGTCCCTGGTGGATGTTTA,2,2923133
ompRp4,0.75,26,15,CACTGGCGGCGTCCGTCACG,11,2932618
ompRp4,2.3125,51,15,CACTGATGTAATGCTTACCG,36,2930565
ompRp4,0.125,16,15,CACCTTCAGGACAAGCATTT,1,2925907
ompRp4,5.0625,95,15,CACCGCGATCAACTTTACTA,80,2919847
ompRp4,0.125,16,15,CACAGTCCTAGGCTCGGTAT,1,2916072
ompRp4,2.3125,51,15,CACAGTATATACGGAGATCT,36,2929891
ompRp4,2.1875,49,15,CACACTACAGACCCGCGGGA,34,2924252
ompRp4,1.1875,33,15,CAATAAAGCTGTTGCCATGG,18,2922353
ompRp4,0.5,22,15,ATTGGAACAGAGTAACTCGT,7,2928903
ompRp4,4.8125,91,15,ATCAGATGCCCCTTGCGAAC,76,2916089
ompRp4,2.3125,51,15,ATATCTCCCACGGCAGATAG,36,2925860
ompRp4,1.1875,33,15,ATAGTCGGACTCCGTGTGCG,18,2937727
ompRp4,2.125,48,15,ATACCGGAAGAAGCGAGCGG,33,2919291
ompRp4,1.3125,35,15,ATAATTTGCGTAACGTTCCT,20,2927449
ompRp4,0.875,28,15,ATAAATAGAGTTAAGCTTTA,13,2925217
ompRp4,11.4375,197,15,AGGGCCAGTACCTGAGTGAT,182,2921746
ompRp4,0.875,28,15,AGGCTTAAACTAATGCTCCT,13,2923672
ompRp4,18.5625,311,15,AGCGCCCCCTGAAAGCGTGA,296,2923207
ompRp4,0.125,16,15,ACTCTTTTAAATGATTTCGC,1,2938298
ompRp4,0.9375,29,15,ACGTGCGGTACGAATCGAAG,14,2928014
ompRp4,1.125,32,15,ACGGCCTGTGAATTATACTG,17,2923059
ompRp4,0.6875,25,15,ACGGCACGGTCCCCACTCAA,10,2916550
ompRp4,5.25,98,15,ACGGACGGGGGCAATAATAG,83,2924945
ompRp4,0.5,22,15,ACCAACCCGAATCCGGTGCG,7,2918484
ompRp4,4.5,86,15,ACAATGCACGTGCAGCACCA,71,2930729
ompRp4,0.5625,23,15,AATGAGTCAACGATATTTGT,8,2928369
ompRp4,2.0625,47,15,AAGTGACGATGATATTTCAA,32,2931847
ompRp4,0.3125,19,15,AAGGCCTCGGAGGATGAGGC,4,2924077
ompRp4,0.25,18,15,AAGCGGTGATGATGAGATAT,3,2933444
ompRp4,1.125,32,15,AAGCGATGGCGTGTGGCCGG,17,2934774
ompRp4,3.625,72,15,AACGCTCCTCACGGCTGCCC,57,2918761
ompRp4,3.8666666666666667,71,14,TTTCCGGGGGTTCAAGTCCA,57,2926788
ompRp4,4.533333333333333,81,14,TTGCCCGGAAATAGGTAAGC,67,2916610
ompRp4,3.2666666666666666,62,14,TTGATTAGACGCCATGGAGG,48,2934158
ompRp4,2.066666666666667,44,14,TTCAATCAGATCACACACCC,30,2935540
ompRp4,1.2,31,14,TTAGATATCGGACAGATTGT,17,2929273
ompRp4,10.6,172,14,TGTGTGGCGTACCCCTATGT,158,2930615
ompRp4,0.2,16,14,TGGAGCATGAGCCGGTGTGT,2,2915490
ompRp4,0.13333333333333333,15,14,TCTGAACGTTTTGGTGGGGT,1,2914286
ompRp4,2.0,43,14,TCTATTGAACGTGCCCTGCT,29,2912927
ompRp4,0.9333333333333333,27,14,TCTACGGTTAGGATATGTCC,13,2929503
ompRp4,0.6666666666666666,23,14,TCCCTGCTGGGACCGATCGT,9,2921228
ompRp4,0.13333333333333333,15,14,TCCCCGGTGCACGATACGTA,1,2913286
ompRp4,2.7333333333333334,54,14,TCCCCGGCTGCACGCAAGGG,40,2929158
ompRp4,0.7333333333333333,24,14,TCACTCCGTACTGGTCGGGG,10,2914119
ompRp4,0.13333333333333333,15,14,TATCCTTCGTTGGATGTAGG,1,2914448
ompRp4,4.266666666666667,77,14,TATCCAGCCTCCGACCTATC,63,2929004
ompRp4,1.2,31,14,TACGCTCTTAGCTTTCATGA,17,2931092
ompRp4,0.8666666666666667,26,14,TAATTCGCGCAAGGATGCGT,12,2920141
ompRp4,0.13333333333333333,15,14,TAACCAGCGCAGAAACACAC,1,2924934
ompRp4,2.2666666666666666,47,14,TAAATTTTATCGCGTCTCGT,33,2921216
ompRp4,3.3333333333333335,63,14,GTTGTGTGGTAAGTATCAAA,49,2922485
ompRp4,4.733333333333333,84,14,GTGGGTGCAATGCTTACTTA,70,2913648
ompRp4,3.066666666666667,59,14,GTCGCAGGAAGGGTGCCAAA,45,2925842
ompRp4,6.6,112,14,GGCTGAGTCGCCCCACCTAT,98,2920260
ompRp4,2.8,55,14,GGCAGATGACCTGTTGGTAG,41,2911717
ompRp4,1.0666666666666667,29,14,GGAGCGTAAACTCTGCTGGA,15,2917582
ompRp4,0.13333333333333333,15,14,GCTTGAGCAGTAGCCACCTA,1,2915088
ompRp4,4.2,76,14,GCTCCAATGGATCTGAATCG,62,2926297
ompRp4,1.4,34,14,GCGTTTGGCTACGCGTTCAT,20,2914398
ompRp4,3.7333333333333334,69,14,GCGTACCAAGTACTGGGAGG,55,2915018
ompRp4,0.7333333333333333,24,14,GCGCTCCATCATAAAGGAAC,10,2929550
ompRp4,0.6666666666666666,23,14,GCCCGAGTTAGCTCCGTACA,9,2935791
ompRp4,1.1333333333333333,30,14,GCATCTGCAATCCGCAGTTC,16,2926436
ompRp4,0.7333333333333333,24,14,GCAGTATCGCCTGATGGCTT,10,2914780
ompRp4,0.4,19,14,GACATCGCACACCCTGTGGC,5,2909884
ompRp4,3.7333333333333334,69,14,CTTTCGTATTTCGTCTGAGT,55,2927989
ompRp4,4.0,73,14,CTGGTAGAGTCAGCGTGAGA,59,2933660
ompRp4,1.6666666666666667,38,14,CTGAAGCGCTGGCTGCGATT,24,2923095
ompRp4,3.8666666666666667,71,14,CTCTATTATTGTCCACTTGT,57,2924217
ompRp4,0.13333333333333333,15,14,CTCAGCCTGTGATAATCTGA,1,2916173
ompRp4,1.1333333333333333,30,14,CTAATGCCCTAGTAAATTGA,16,2919708
ompRp4,0.13333333333333333,15,14,CGTATGCAAAGGGTCCAGAA,1,2921153
ompRp4,3.8,70,14,CGTAGCTTCCTACACTTCTT,56,2927305
ompRp4,1.6666666666666667,38,14,CGGACGTCCAATAGTGATGG,24,2928470
ompRp4,0.6,22,14,CGGAATATATGAGGGCACCC,8,2919792
ompRp4,0.2,16,14,CCTACTTCGGAGCAAGCACG,2,2929139
ompRp4,0.13333333333333333,15,14,CCGCACACGCCCTTTGTCGG,1,2937411
ompRp4,5.933333333333334,102,14,CCCTCCTACGGCTTTAAGTT,88,2933938
ompRp4,1.9333333333333333,42,14,CCCGGCTCCTGCTTTCCAGT,28,2918626
ompRp4,0.13333333333333333,15,14,CCCGCCTAAAAAGGGCGACG,1,2923077
ompRp4,4.4,79,14,CCCACAGCAGATAAAATGAA,65,2909717
ompRp4,0.7333333333333333,24,14,CCAGCTGGAATGTTTTCTTA,10,2928146
ompRp4,0.5333333333333333,21,14,CATTTTGTAATTTGCTGAGT,7,2919239
ompRp4,2.2666666666666666,47,14,CATTGTTCGATGATGAATAG,33,2927986
ompRp4,4.266666666666667,77,14,CAGTAGGGTGTACCAATATC,63,2910235
ompRp4,2.1333333333333333,45,14,CAGGGGCAGTAATTTAGGGG,31,2908623
ompRp4,0.4,19,14,CAGGATGTCTTGTGGCACTG,5,2920084
ompRp4,1.2666666666666666,32,14,CACGAGGGCACTTGGACTTT,18,2910560
ompRp4,0.13333333333333333,15,14,CAATTTGTAGTTTGTTCACA,1,2919182
ompRp4,0.13333333333333333,15,14,ATTCTTAATAGGTGTCGCGA,1,2915561
ompRp4,0.3333333333333333,18,14,ATCTGAACGAGTGATCGTAG,4,2916123
ompRp4,0.2,16,14,ATATGAAGTGACCGGGATAG,2,2913592
ompRp4,0.13333333333333333,15,14,ATAGCGCATATCATTATCTA,1,2930000
ompRp4,2.466666666666667,50,14,AGTCCACGAATTTTACTCAC,36,2920088
ompRp4,6.666666666666667,113,14,AGGTGATCCTATCATCTGAG,99,2935846
ompRp4,1.6666666666666667,38,14,AGGCTACAGTTGGCGTGCTA,24,2908503
ompRp4,1.4666666666666666,35,14,AGGCGGTGTTGCTAGGCCGA,21,2918858
ompRp4,6.466666666666667,110,14,AGCGGCGATGTGCTTTTTCG,96,2938076
ompRp4,0.2,16,14,AGAAGCCAATTCAGAGTTAG,2,2917240
ompRp4,0.26666666666666666,17,14,ACTTTCGTTACCCGTGGTAT,3,2921077
ompRp4,2.4,49,14,ACTTGGTTTTCATATATATG,35,2926886
ompRp4,1.2666666666666666,32,14,ACTGGCTAGCGCCCTCAGAA,18,2917522
ompRp4,6.333333333333333,108,14,ACTCCATGGGCGTATCGAAT,94,2936873
ompRp4,1.0666666666666667,29,14,ACGGTCAGCGTCTGGAGGAG,15,2921012
ompRp4,4.0,73,14,ACGCTACACATCTAAACTTC,59,2913665
ompRp4,1.0,28,14,ACGAATCAAGCCACCAACGC,14,2913586
ompRp4,6.8,115,14,ACAGTAGTTTAGGTTCGCAT,101,2907706
ompRp4,0.13333333333333333,15,14,ACACCCTACAGATAGTCAAA,1,2922216
ompRp4,0.4666666666666667,20,14,AAGCGAGGCAGAAAAGGACA,6,2913682
ompRp4,1.8,40,14,AAGAGCCCCGGCAGATGACA,26,2921722
ompRp4,0.8666666666666667,26,14,AACGACACTCAAGCTAGAAG,12,2911664
ompRp4,6.066666666666666,104,14,AACCTCAGGTTGGCACGCAG,90,2923645
ompRp4,1.8,40,14,AAACTTTTATTTTGGATGTT,26,2911388
ompRp4,7.0,110,13,TTGAACATGGGCATTGAGGA,97,2937910
ompRp4,1.5714285714285714,34,13,TTCTATCCCGCGAGCCAGAT,21,2921865
ompRp4,0.21428571428571427,15,13,TTCCATCACCGAGAAGACGA,2,2908254
ompRp4,5.428571428571429,88,13,TGGGACTTGGAGTCACCATA,75,2921038
ompRp4,0.35714285714285715,17,13,TGGCCTCTATCTAACAGTGA,4,2932144
ompRp4,2.142857142857143,42,13,TGCTTAAGCAACCAGAGTAA,29,2922306
ompRp4,2.2857142857142856,44,13,TGCCTGGATTATGGCGCCAT,31,2935772
ompRp4,4.285714285714286,72,13,TCTTCCTGTTTATAAGTTAT,59,2910033
ompRp4,2.357142857142857,45,13,TCTTAATCCAAGCCGAAACG,32,2926716
ompRp4,0.5,19,13,TCTCAGTTCTTCGGCTAAAG,6,2922729
ompRp4,4.285714285714286,72,13,TCGATTCGAAGAGTGCGGTC,59,2907750
ompRp4,4.214285714285714,71,13,TCCCCCCCTCCTAGAGTCAT,58,2911613
ompRp4,2.2857142857142856,44,13,TCATCTTACTTTAAATACAG,31,2920115
ompRp4,1.7857142857142858,37,13,TCAGGACAGTAATTCTACTC,24,2914470
ompRp4,4.642857142857143,77,13,TCACGCTACCATGGATCAGC,64,2912552
ompRp4,2.5714285714285716,48,13,TATTCGAAAATTTTCTGTTT,35,2918346
ompRp4,0.5714285714285714,20,13,TAGGACTTAGAGCACACGTG,7,2920144
ompRp4,0.14285714285714285,14,13,TAGCCCATAACGGTCTAAGT,1,2911953
ompRp4,2.2142857142857144,43,13,TAGAGAGAATTGCATTCGTT,30,2909223
ompRp4,7.0,110,13,TACCCGTAGAACTGGGGGAA,97,2926590
ompRp4,0.2857142857142857,16,13,GTTGCTTGCATGTTAGTCCA,3,2930594
ompRp4,4.214285714285714,71,13,GTTCGATATAACGCACTGTC,58,2936201
ompRp4,0.7857142857142857,23,13,GTTCAACCGTTGAGAAACCT,10,2911933
ompRp4,0.8571428571428571,24,13,GTGTAACTAGATCGCTCGAG,11,2911724
ompRp4,4.0,68,13,GTGGGGCGTCTTCTGAGCGC,55,2934374
ompRp4,1.5,33,13,GTCTACACAGGGCTTTAGAA,20,2911525
ompRp4,3.642857142857143,63,13,GTCGGACCGTTATAGAACAG,50,2929939
ompRp4,0.14285714285714285,14,13,GTATTGTCTGGGGGCGTTTA,1,2932070
ompRp4,1.4285714285714286,32,13,GGTTTCTTGCACGCGTACCC,19,2917797
ompRp4,0.5714285714285714,20,13,GGTTGGGCGCAGCCACGCAT,7,2923569
ompRp4,8.357142857142858,129,13,GGTGGGGGTATATTATGACC,116,2921359
ompRp4,4.785714285714286,79,13,GGGTTAACCCTGACAATTCT,66,2933960
ompRp4,0.14285714285714285,14,13,GGGGCCGGGCGTATTATTGT,1,2911729
ompRp4,1.5714285714285714,34,13,GGGAGACTCCGAACTTGGTA,21,2916206
ompRp4,0.14285714285714285,14,13,GGACATTCCTCAGGGAACAT,1,2934507
ompRp4,0.14285714285714285,14,13,GGACAGTCCAGGTAAGCTAT,1,2908416
ompRp4,0.14285714285714285,14,13,GGAAGGACGCACGGTCGGCG,1,2926709
ompRp4,1.1428571428571428,28,13,GCTCTAATCGGCCACACGCG,15,2936416
ompRp4,3.0,54,13,GCGCGTCCCGCCGTGATCTT,41,2930730
ompRp4,1.9285714285714286,39,13,GCCCCTCATTAGACTACAGA,26,2931533
ompRp4,1.1428571428571428,28,13,GCCACGACAGCAATTACACA,15,2913978
ompRp4,3.2857142857142856,58,13,GCAGGTCGTCGTTTTCACGT,45,2931775
ompRp4,1.0714285714285714,27,13,GATGGACTAATAGAGCGCCT,14,2915176
ompRp4,5.142857142857143,84,13,GATGCATACACCCATTGACC,71,2913661
ompRp4,2.7857142857142856,51,13,GAGGCTCAGGTCTTTCGTCT,38,2913482
ompRp4,0.14285714285714285,14,13,GAGCGCGTGACGACAGCCAC,1,2930221
ompRp4,1.0714285714285714,27,13,GAGACAATTAGGTGATCGGG,14,2917488
ompRp4,0.5,19,13,GAAGCAGCTATATTTGACGA,6,2932987
ompRp4,2.642857142857143,49,13,CTTCCTTGCACTACCGGCTT,36,2938145
ompRp4,3.4285714285714284,60,13,CTTACGTGGCGGGTATTCGA,47,2929782
ompRp4,0.21428571428571427,15,13,CTGTTCTGTTACTCTAGGTT,2,2928106
ompRp4,0.8571428571428571,24,13,CTCGTCCTACTACTTCCAGA,11,2929692
ompRp4,1.8571428571428572,38,13,CTCCTAGAAAAGGCACCCAT,25,2908121
ompRp4,0.2857142857142857,16,13,CTCATCGACGAAGACCATTT,3,2915418
ompRp4,0.9285714285714286,25,13,CTATTGTCCGCTGTATTAAA,12,2928810
ompRp4,2.0714285714285716,41,13,CTAAAGTGTCCTGAAATTCA,28,2914519
ompRp4,0.5714285714285714,20,13,CGTTGATTAGACGTCCCGGC,7,2936009
ompRp4,2.0,40,13,CGTGCTCGTACCTCTGGCGG,27,2927411
ompRp4,5.285714285714286,86,13,CGTAAGGCGCGTCGCAACAT,73,2918595
ompRp4,0.14285714285714285,14,13,CGGAGGGGCAAACTTGATCA,1,2911745
ompRp4,0.5714285714285714,20,13,CGCTTTTGCAGTTGAGGGAC,7,2910146
ompRp4,2.4285714285714284,46,13,CGCCGGTGATGGATCTCGCT,33,2927121
ompRp4,6.285714285714286,100,13,CGCCGCCATACGAATAAACA,87,2921362
ompRp4,0.21428571428571427,15,13,CGCAGTTCATCCTAGTGGTC,2,2910075
ompRp4,0.5,19,13,CGATACCAGTGTTCCCCTAG,6,2921846
ompRp4,3.7857142857142856,65,13,CGAGACCGTACACATTCCTG,52,2915393
ompRp4,0.6428571428571429,21,13,CGAATAAACGCGCACATCCC,8,2929843
ompRp4,2.5714285714285716,48,13,CCGCGCAAGAGGATGCATAT,35,2919365
ompRp4,0.7142857142857143,22,13,CCCGCTGCTATATCGCGGGC,9,2910018
ompRp4,3.642857142857143,63,13,CCCGAAAATACTGGCTACAT,50,2931081
ompRp4,0.14285714285714285,14,13,CCAGCAAATTAGTCGTCTAG,1,2932735
ompRp4,0.14285714285714285,14,13,CATGTTCTAGACTACGATAG,1,2932322
ompRp4,3.7857142857142856,65,13,CAGGAAAAGTAGAAATAACT,52,2910611
ompRp4,0.7142857142857143,22,13,CACATATGGCATCAACGGGT,9,2936282
ompRp4,2.0714285714285716,41,13,CAAGTTTATGACGATGCCCT,28,2933752
ompRp4,3.5,61,13,CAAGCCTGAGTCAAATGCTT,48,2912532
ompRp4,2.5714285714285716,48,13,CAAGCACAGCACACTGGGCG,35,2933538
ompRp4,2.5714285714285716,48,13,CAACCTAGGGCTATCTCTCT,35,2937942
ompRp4,0.5714285714285714,20,13,ATTTACGCTGAGGTGTTTGC,7,2913273
ompRp4,0.7142857142857143,22,13,ATTGACTTCCTAGGGATGGA,9,2907722
ompRp4,2.142857142857143,42,13,ATTAGCAGGACCTTTGATGT,29,2910694
ompRp4,1.1428571428571428,28,13,ATGTAAGCCATCATTCTTTC,15,2923009
ompRp4,6.857142857142857,108,13,ATAGTAACGGCCAACAGTGT,95,2927643
ompRp4,2.0714285714285716,41,13,ATACGTCGATAGATAGCAGG,28,2937652
ompRp4,2.857142857142857,52,13,AGTTGTGGTTAGTCGCGTCA,39,2914267
ompRp4,3.7142857142857144,64,13,AGTAATTTTGCTAACGAGTT,51,2914692
ompRp4,1.6428571428571428,35,13,AGGGGTCGGCGGAGAACAGT,22,2914898
ompRp4,1.0714285714285714,27,13,AGCGCCTCTAAAGTACAGTT,14,2938187
ompRp4,1.8571428571428572,38,13,AGCGAGTAGATAGAGCATCA,25,2934810
ompRp4,0.21428571428571427,15,13,AGAGAAAACATATTCGCAGC,2,2913354
ompRp4,1.2142857142857142,29,13,AGACAGCGTCATCACCATAT,16,2921115
ompRp4,0.21428571428571427,15,13,ACGTTCAGCCTAGGTCGGGC,2,2927990
ompRp4,0.2857142857142857,16,13,ACCGGTGGGCCGCTGACTCC,3,2912304
ompRp4,7.928571428571429,123,13,ACCCCCTCCTGCGCGTATTA,110,2932990
ompRp4,3.142857142857143,56,13,ACCCCAGCAGCGGCCAGATA,43,2935243
ompRp4,0.21428571428571427,15,13,ACATCGTGGTCAGGAAGCTT,2,2907925
ompRp4,0.21428571428571427,15,13,ACATCGCATAGCTCATCTGT,2,2914259
ompRp4,0.5714285714285714,20,13,AATCCGGTAGCACTCGGAAT,7,2910966
ompRp4,0.5714285714285714,20,13,AAGTGATCACTGCTCTAGTA,7,2922646
ompRp4,3.4285714285714284,60,13,AAGGAGTTAGGTAATTACGA,47,2920259
ompRp4,1.4285714285714286,32,13,AAGCCGAGGTTCAGTTTCGG,19,2916785
ompRp4,1.4285714285714286,32,13,AAGAGTTGTCTGGGGAGACC,19,2924156
ompRp4,1.1428571428571428,28,13,AACAATGACTAGATGGATAC,15,2931283
ompRp4,7.714285714285714,120,13,AAACGGTACGCCCGCGATGT,107,2918728
ompRp4,3.2857142857142856,58,13,AAACCGAATGAGTTAGGCTG,45,2912650
ompRp4,0.9230769230769231,23,12,TTTCAGGAGAGCGTAGGAAC,11,2932436
ompRp4,0.7692307692307693,21,12,TTTACTGACGGTGTACCGGA,9,2914787
ompRp4,0.6923076923076923,20,12,TTGGGTGACGGATTGACGAA,8,2910868
ompRp4,7.384615384615385,107,12,TTGCACTTTCATCTACGACT,95,2930575
ompRp4,4.846153846153846,74,12,TTACCAACCCCCCTAGTTTA,62,2924999
ompRp4,2.230769230769231,40,12,TGTACCCCCGTCCATCTTTT,28,2917723
ompRp4,3.076923076923077,51,12,TGTAAATGAGGATACCCGGG,39,2929184
ompRp4,0.6923076923076923,20,12,TGGTGGTCGAAAACTGACGC,8,2911242
ompRp4,2.5384615384615383,44,12,TGGGTCCCAAGCTTCTGAAT,32,2921171
ompRp4,1.9230769230769231,36,12,TGGGCGTGGTACAGAATTGT,24,2919353
ompRp4,1.2307692307692308,27,12,TGCTTTAGTTTGAGCCTCGG,15,2911338
ompRp4,1.0769230769230769,25,12,TGCGCTGTAACTAGCTTCTC,13,2928620
ompRp4,6.615384615384615,97,12,TGCCATGCCCGTCAGTGATT,85,2930417
ompRp4,0.7692307692307693,21,12,TGACTGAAGCCTCGGATCCC,9,2921328
ompRp4,0.23076923076923078,14,12,TCCCTAGCAATAAACGGATA,2,2911928
ompRp4,0.5384615384615384,18,12,TCAGGTCCCGTGGAACCACA,6,2933863
ompRp4,3.3846153846153846,55,12,TAGGTTGAATTTTGCTTCTT,43,2915019
ompRp4,4.384615384615385,68,12,TAGGTGACTGCGTGGTCCGG,56,2914581
ompRp4,0.15384615384615385,13,12,GTTTGCTCTTTAGACGCCGA,1,2928627
ompRp4,0.9230769230769231,23,12,GTTGTCGGCCCGGATGATAC,11,2914441
ompRp4,0.15384615384615385,13,12,GTTAATGGGTTTACACCCCC,1,2919293
ompRp4,0.7692307692307693,21,12,GTTAAGGGAGTAGCTCTAGT,9,2920181
ompRp4,0.23076923076923078,14,12,GTGTCTAGCCATCATCTCTT,2,2920345
ompRp4,2.230769230769231,40,12,GTGCTCAGTCTTCAAAAAGT,28,2910582
ompRp4,1.7692307692307692,34,12,GTGCAGTGTATTGTACGACA,22,2920277
ompRp4,0.46153846153846156,17,12,GGTGTAACGGGTCCACGGAC,5,2924561
ompRp4,0.46153846153846156,17,12,GGGTGTTAGTAGATCGACAG,5,2910801
ompRp4,1.7692307692307692,34,12,GGCTTATAGGCTTTTTAGAT,22,2910139
ompRp4,1.8461538461538463,35,12,GGCGATGCGCATGTCGTGGA,23,2927698
ompRp4,2.8461538461538463,48,12,GGCGAGGGTGAGCGTACCGG,36,2909376
ompRp4,0.6923076923076923,20,12,GGCAACAGTCTGTACAAACG,8,2924903
ompRp4,0.15384615384615385,13,12,GCTTCGGACATCCTTATGTA,1,2908622
ompRp4,3.1538461538461537,52,12,GCATGACAAAGCGTATGCCT,40,2924388
ompRp4,4.0,63,12,GCACCCTAGAATCTTGCTGC,51,2934373
ompRp4,2.230769230769231,40,12,GCAATACAGGCCGCGGCGGA,28,2921413
ompRp4,4.615384615384615,71,12,GATGTTCATAGCGATCCTAA,59,2916745
ompRp4,5.3076923076923075,80,12,GATAAGCGGAGTTCTTATGC,68,2919848
ompRp4,0.23076923076923078,14,12,CTTTGTTTCGTCATGCATAT,2,2909157
ompRp4,2.923076923076923,49,12,CTTCTATTCATCGCTTTTTG,37,2918762
ompRp4,2.3846153846153846,42,12,CTGTTCTACTGAGTGACCAT,30,2920312
ompRp4,1.0769230769230769,25,12,CTGCAGTGGTGACCCATTAT,13,2936192
ompRp4,0.23076923076923078,14,12,CTGAGACTGCTGGTTAAATT,2,2908094
ompRp4,0.15384615384615385,13,12,CTCGTAAGACTTGAGTATCA,1,2910351
ompRp4,13.461538461538462,186,12,CTAATTCACACATTTCACCC,174,2926542
ompRp4,0.15384615384615385,13,12,CTAACTGCAGCCCGTGGGTT,1,2930634
ompRp4,1.0769230769230769,25,12,CGGGGGTCCCTATAAGGTTC,13,2914929
ompRp4,1.7692307692307692,34,12,CGCGTATCACCGTGTCGCGT,22,2917634
ompRp4,1.7692307692307692,34,12,CGCCTATGGGGCCGGGCGGG,22,2928030
ompRp4,1.6153846153846154,32,12,CGCCATCGGGGGAATAAAAG,20,2911077
ompRp4,0.3076923076923077,15,12,CGATTAAGGATCCTGAAGAA,3,2937389
ompRp4,1.9230769230769231,36,12,CGAGGCAATCAAGACGATAT,24,2916465
ompRp4,4.6923076923076925,72,12,CCTTAACGATAAGAGACTTC,60,2915039
ompRp4,1.8461538461538463,35,12,CCTATATAGTTCTCCCGGAC,23,2936307
ompRp4,3.1538461538461537,52,12,CCGGAAATCGCGCTCGGAAT,40,2930296
ompRp4,3.6153846153846154,58,12,CCGCCTGTGCCGGGGAAGGA,46,2936175
ompRp4,0.23076923076923078,14,12,CCGCACGTTAATGGACGTAC,2,2930392
ompRp4,0.7692307692307693,21,12,CCCCAGGAATCATCGACAGA,9,2916051
ompRp4,2.1538461538461537,39,12,CCCATCTCTATTGACCTAAC,27,2915375
ompRp4,2.6923076923076925,46,12,CATATAGGCTGATCGTGATT,34,2921504
ompRp4,13.76923076923077,190,12,CAGTTAACAGAGATCCAGGA,178,2918715
ompRp4,1.7692307692307692,34,12,CAGTACCAACAACTCGGCTA,22,2909206
ompRp4,1.2307692307692308,27,12,CAGCCTTATTCATCGAGAAG,15,2922875
ompRp4,0.38461538461538464,16,12,CAGCCGGTGTTACGAAGCCC,4,2910918
ompRp4,1.8461538461538463,35,12,CACGTTACGGTTGACTGAAG,23,2926787
ompRp4,0.6153846153846154,19,12,CACGATACTTAGCTCCGTTG,7,2921327
ompRp4,1.3846153846153846,29,12,CAAGCACTTGCAATATACGA,17,2923641
ompRp4,5.615384615384615,84,12,CAAAGACTGTAATCAGGTAT,72,2936918
ompRp4,0.5384615384615384,18,12,ATCTTTAGCTCCTCGACGTT,6,2914861
ompRp4,2.769230769230769,47,12,ATCGCAACAGAAAAAACTGC,35,2924978
ompRp4,1.4615384615384615,30,12,ATCCACTGAACGGTCCCCAT,18,2922842
ompRp4,1.5384615384615385,31,12,AGTTTCTATTTCTATGCACT,19,2926097
ompRp4,1.2307692307692308,27,12,AGTGGCAGCAAAAACAGTTT,15,2932679
ompRp4,1.0,24,12,AGTCACCACGACGCTTCATC,12,2933241
ompRp4,13.692307692307692,189,12,AGGTGTTGTTTCTTATCAAA,177,2933103
ompRp4,4.153846153846154,65,12,AGGCACGAATGAGCCACACA,53,2933654
ompRp4,4.769230769230769,73,12,AGCTCGGAAAAGTTCTGTGG,61,2930690
ompRp4,0.8461538461538461,22,12,AGCGTACGGGTCAAGATATT,10,2938176
ompRp4,0.6923076923076923,20,12,AGCGAGCGAGGAGAACGATG,8,2923037
ompRp4,0.23076923076923078,14,12,AGCCCCATTCTGTCATTATC,2,2933543
ompRp4,1.0,24,12,AGCCAGATTTTCAGTATTCG,12,2923690
ompRp4,3.5384615384615383,57,12,AGATACAGACTTCTGATCCT,45,2908259
ompRp4,1.6153846153846154,32,12,AGAAACTGTACGGCCGGGGT,20,2907927
ompRp4,0.15384615384615385,13,12,AGAAACGGCAAAATTTATAT,1,2920861
ompRp4,0.23076923076923078,14,12,ACTTCAAACCTGAGTTCTAG,2,2935514
ompRp4,1.6153846153846154,32,12,ACTGCAAAGTCCCGACATAC,20,2925889
ompRp4,0.38461538461538464,16,12,ACGTTTGCATTCATGATTGT,4,2919577
ompRp4,0.7692307692307693,21,12,ACGTGCATCAAGACCCATTT,9,2909897
ompRp4,0.5384615384615384,18,12,ACGGAAGGGAACATCCCCTG,6,2916782
ompRp4,0.3076923076923077,15,12,ACGCCCTTAACTTACAAACT,3,2915547
ompRp4,2.076923076923077,38,12,ACGCACAGTCCATCTCAGAT,26,2921605
ompRp4,1.9230769230769231,36,12,ACATAACACTGTTAGGCCGT,24,2920546
ompRp4,0.9230769230769231,23,12,ACACAACATTCCTCCTTCAC,11,2927716
ompRp4,0.7692307692307693,21,12,AATACGGGACACGAGGTGAT,9,2928008
ompRp4,0.38461538461538464,16,12,AAGTGTGGTATTTTTCCTAG,4,2924025
ompRp4,1.0769230769230769,25,12,AACTTAACAGGGTTAGTCTC,13,2938213
ompRp4,0.8461538461538461,22,12,AAATATTAGCTTTCTGACTG,10,2931734
ompRp4,0.6923076923076923,20,12,AAAGCCTACACACACGTTTG,8,2910570
ompRp4,0.3076923076923077,15,12,AAAAGATGATGCTTACCAGC,3,2924572
ompRp4,0.8333333333333334,20,11,TTTCCTGGATAACCAACGAT,9,2923219
ompRp4,1.5833333333333333,29,11,TTGGCTCGTAGCTCTGGATA,18,2917255
ompRp4,2.6666666666666665,42,11,TTCTGCATTGCCCGACTCGG,31,2911545
ompRp4,0.4166666666666667,15,11,TTCGCCACTCAGGGACTTAA,4,2912465
ompRp4,2.5833333333333335,41,11,TTCCGACACGTTATGTCGCT,30,2920772
ompRp4,1.4166666666666667,27,11,TTAGGAATTAGCTGTCACCT,16,2933050
ompRp4,0.16666666666666666,12,11,TTAAGCTATGGCTAGCAGAG,1,2909506
ompRp4,0.4166666666666667,15,11,TGGTTGGCGTCCCTACGTTG,4,2931419
ompRp4,0.16666666666666666,12,11,TGGTGATGCCATACCGAAAA,1,2921349
ompRp4,3.6666666666666665,54,11,TGGGAACTGTATCTTAAGAA,43,2934254
ompRp4,1.8333333333333333,32,11,TGGCTTTATAGAGCTACCAT,21,2911290
ompRp4,2.25,37,11,TGGCAGTAACTGATGTTTTA,26,2918144
ompRp4,0.5833333333333334,17,11,TGGAGGGGAACATGTGGTAA,6,2921416
ompRp4,7.166666666666667,96,11,TGCGATGCCCTTCCAAGATC,85,2910903
ompRp4,1.8333333333333333,32,11,TGCAGAGGCTTGGACGGGCA,21,2910500
ompRp4,1.6666666666666667,30,11,TGCAATAACGAATATCAATA,19,2915808
ompRp4,3.3333333333333335,50,11,TCCCCCGTCCTGTGCCCGTA,39,2937911
ompRp4,1.5833333333333333,29,11,TCCAGATACTCGAACGCTCG,18,2933617
ompRp4,3.0,46,11,TCCACTGCAGAGGTCGGAAG,35,2908418
ompRp4,3.75,55,11,TCAGTCTACGAGAATCCTTA,44,2924573
ompRp4,0.25,13,11,TCAGTACAGCAACAGACCAG,2,2919520
ompRp4,2.5833333333333335,41,11,TATATGCTCACCCCCATCTA,30,2928956
ompRp4,7.083333333333333,95,11,TACGGCATAAGAAAGTTTAC,84,2927403
ompRp4,0.16666666666666666,12,11,TACGCGACAACTTGAGTTGC,1,2924451
ompRp4,0.16666666666666666,12,11,TAACTCACCGTATAGTTTCA,1,2923926
ompRp4,0.25,13,11,TAACCGGTTATCACCTATGT,2,2923735
ompRp4,1.1666666666666667,24,11,GTTGGTCTGTTTACGGACGT,13,2926617
ompRp4,0.25,13,11,GTTAGCGCAGGATTCGCCTA,2,2930924
ompRp4,3.6666666666666665,54,11,GTTACAGGATCCACTACGTT,43,2930368
ompRp4,1.0,22,11,GTGTCACTAATCCGCTGACA,11,2929972
ompRp4,0.25,13,11,GTGCTGTCATGCGGGTAGCC,2,2936898
ompRp4,10.583333333333334,137,11,GTCTGAGAAGATTAGTTCAA,126,2909692
ompRp4,0.5,16,11,GTCTCTCACTGTCCCAACCA,5,2926972
ompRp4,2.1666666666666665,36,11,GTCTCGAGATGGACGATGGG,25,2915681
ompRp4,0.4166666666666667,15,11,GTCGGTCGTAAACAATCCGT,4,2928623
ompRp4,0.8333333333333334,20,11,GTCACACCGAACACCGGGGT,9,2935222
ompRp4,3.25,49,11,GTATTATAAGGGTCCCGGGT,38,2917070
ompRp4,0.16666666666666666,12,11,GTAAAACAACTTGCTGCTGC,1,2925646
ompRp4,0.16666666666666666,12,11,GGTCGATTATATGCCCGCAG,1,2935875
ompRp4,0.16666666666666666,12,11,GGCCTGTTATGCGGGGTGTC,1,2927489
ompRp4,1.3333333333333333,26,11,GGAGAATAGCTCGTTATCAG,15,2915647
ompRp4,0.25,13,11,GCTTAAACTAGGGTTCTAAC,2,2917596
ompRp4,3.5833333333333335,53,11,GCGTTTTCAAATGTTATTTC,42,2926742
ompRp4,0.3333333333333333,14,11,GCGGCCATCAGCCAATACCT,3,2935149
ompRp4,0.3333333333333333,14,11,GCGGCCAACTTCTAGGACTT,3,2935221
ompRp4,3.5,52,11,GCGCTGTCCGTAAGCTCGGC,41,2920395
ompRp4,1.9166666666666667,33,11,GCGATATTCGGGATTCCATA,22,2934595
ompRp4,1.1666666666666667,24,11,GCCGGGGCACGGAGATCTAG,13,2920352
ompRp4,0.5833333333333334,17,11,GCCAGCTGAGCTGGATTGCT,6,2925284
ompRp4,1.9166666666666667,33,11,GCAGGAACTCGACGGAAGGA,22,2910473
ompRp4,0.25,13,11,GCAAATAAAGCTCGCTATCA,2,2915014
ompRp4,1.1666666666666667,24,11,GAGTTATCAAGAGGTACCTA,13,2929246
ompRp4,0.16666666666666666,12,11,GACTCCTATTAAAAGTCGAA,1,2920827
ompRp4,2.3333333333333335,38,11,GACGTAAGAACCAGCATCCT,27,2919397
ompRp4,2.6666666666666665,42,11,GACCGATAGCGGCGGGCGAG,31,2920409
ompRp4,0.16666666666666666,12,11,GAATCACCGTATGCTGGAAT,1,2924086
ompRp4,1.25,25,11,GAAGAACTTCACACGGCCCC,14,2934794
ompRp4,0.16666666666666666,12,11,GAAAGGGAACGAAGTTATAC,1,2930257
ompRp4,0.8333333333333334,20,11,CTTGTTGATTATTAATATCT,9,2933925
ompRp4,1.8333333333333333,32,11,CTGGTCCTTGGTTTAAGATG,21,2925826
ompRp4,3.3333333333333335,50,11,CTCTCGCACGTCACACATGA,39,2916274
ompRp4,3.3333333333333335,50,11,CTCCCTTAAGTGCCAACCTG,39,2917362
ompRp4,2.9166666666666665,45,11,CGTTTTGCAAAGGGCTCACC,34,2914313
ompRp4,2.75,43,11,CGTCGTCGGCCATTATATTT,32,2916021
ompRp4,1.0833333333333333,23,11,CGTCCTCATTGTCTCTATGT,12,2913320
ompRp4,1.5,28,11,CGGGTATTAGGTGACGGCTA,17,2919748
ompRp4,0.16666666666666666,12,11,CGGGCTGATGTAAGAAGAAA,1,2908249
ompRp4,0.16666666666666666,12,11,CGGGCGAGGAAAAATAATGT,1,2924245
ompRp4,2.25,37,11,CGCTACGTTACCCCCTTTGA,26,2926505
ompRp4,1.0,22,11,CGCGGCACCGACGCCGGGCA,11,2937636
ompRp4,0.5,16,11,CGCCTATAATCCTTGGGGTA,5,2918757
ompRp4,7.25,97,11,CGCCAATGAAAGGAGTCTCA,86,2909465
ompRp4,2.0833333333333335,35,11,CCTTTACCTCTGCAGGTCAT,24,2933256
ompRp4,2.4166666666666665,39,11,CCTTCGGTTGGCGCAACGTG,28,2914659
ompRp4,3.75,55,11,CCTTAAATCCTAACGAACCC,44,2927230
ompRp4,0.9166666666666666,21,11,CCTCCCATGACAGTTCGGTT,10,2923680
ompRp4,3.75,55,11,CCTCCAGGGAGCTAAGGTCA,44,2915456
ompRp4,0.16666666666666666,12,11,CCGGAGGTCCGCACCTCCCA,1,2907894
ompRp4,3.25,49,11,CCGCTGGCTTCCACCGGAGC,38,2925536
ompRp4,1.4166666666666667,27,11,CCGCTAGCCACTTCCCCCAG,16,2913783
ompRp4,3.75,55,11,CCATCTCTCGCGAGTGCAAC,44,2919455
ompRp4,0.25,13,11,CCACAGGTCTCGTGCGCGAT,2,2923462
ompRp4,0.16666666666666666,12,11,CCACAATCTCGTTTACACGG,1,2922271
ompRp4,1.9166666666666667,33,11,CATCCTCGAATCCGCCGAGA,22,2910301
ompRp4,3.5833333333333335,53,11,CATACTTTTCATCAGTAGAG,42,2926056
ompRp4,0.16666666666666666,12,11,CATACGATCATTGTTGTGAA,1,2933270
ompRp4,0.75,19,11,CAGTTGCTATTAAAACGTAT,8,2932199
ompRp4,1.5833333333333333,29,11,CAGCTTATAACGCCGTCAAG,18,2915810
ompRp4,4.083333333333333,59,11,CAGCTAATAGATGACATACA,48,2914836
ompRp4,0.16666666666666666,12,11,CACTCTGTAGCATTCGGTGT,1,2923500
ompRp4,2.1666666666666665,36,11,CACCTCCGACAGGATCTCTA,25,2937183
ompRp4,3.5833333333333335,53,11,CAATTATAATCCTCCAAATT,42,2913197
ompRp4,1.9166666666666667,33,11,ATGACTGAACCGTTACAACC,22,2916926
ompRp4,1.5833333333333333,29,11,ATCTGATCTATCTCGTGAAC,18,2926861
ompRp4,2.4166666666666665,39,11,ATCGGTATTGGCCCTAATGG,28,2928389
ompRp4,0.5,16,11,ATAGGAGAAGAATGAAGCGA,5,2921911
ompRp4,3.0833333333333335,47,11,ATACAAGTAGCTGCTTTTCG,36,2914316
ompRp4,3.5833333333333335,53,11,AGTGTACCCATGTTTAGCGT,42,2938228
ompRp4,0.8333333333333334,20,11,AGTGGAACAATATACCCGTA,9,2928061
ompRp4,0.25,13,11,AGTCTGCACCTGCAGTACGG,2,2928272
ompRp4,3.6666666666666665,54,11,AGTCATGGTATTAGTTCGCA,43,2910719
ompRp4,5.416666666666667,75,11,AGGCGCCGGAGCATGCTATA,64,2930596
ompRp4,4.0,58,11,AGGAGCCCAATACGCTTTAT,47,2925015
ompRp4,0.5833333333333334,17,11,AGGAATTAAATTCAAGCGCT,6,2934897
ompRp4,0.16666666666666666,12,11,AGCGCACCTATAAGTAGCAA,1,2925021
ompRp4,9.333333333333334,122,11,AGATCTGCAAGTTAAATTTA,111,2911721
ompRp4,0.16666666666666666,12,11,AGACGCGAACGGTGAACGGC,1,2918996
ompRp4,0.25,13,11,ACTTTGGCCCATCCGTTTCT,2,2936740
ompRp4,1.5,28,11,ACTACGACCGTCCACGTGCG,17,2933134
ompRp4,2.8333333333333335,44,11,ACGGTCAGGTAGCACATTGG,33,2911030
ompRp4,1.8333333333333333,32,11,ACGAACGGCTGTGGCTTGGG,21,2915518
ompRp4,8.25,109,11,ACCACGTCAGCGTCAGCTGT,98,2922021
ompRp4,1.0833333333333333,23,11,ACAGAGGGAGTACGGCGGCT,12,2937728
ompRp4,15.75,199,11,ACAAGAGGTGAGAACTTGTG,188,2921663
ompRp4,5.666666666666667,78,11,ACAAAATGGGTAACGGCAAT,67,2910345
ompRp4,1.25,25,11,AATGCATGTGGGCGCCAATA,14,2916613
ompRp4,1.75,31,11,AATCGCGGCAGTACAGCCTA,20,2915973
ompRp4,0.75,19,11,AATACAGATACATGTCATGT,8,2929667
ompRp4,2.75,43,11,AAGGTACCTCCTTCAAGGAA,32,2931811
ompRp4,0.5833333333333334,17,11,AAGGCGCTGAACATGCTAAA,6,2935908
ompRp4,0.3333333333333333,14,11,AAGCGATCGTGAGTTTGGCG,3,2918427
ompRp4,0.16666666666666666,12,11,AAGCATAGTAAACAGCGATT,1,2935579
ompRp4,0.4166666666666667,15,11,AAGATCCAGTGGTGCTCATT,4,2907741
ompRp4,0.16666666666666666,12,11,AACGTGCTCGCGCCCCCAGC,1,2925319
ompRp4,0.16666666666666666,12,11,AAATTTAGCACCCAACTAAC,1,2930853
ompRp4,2.4545454545454546,36,10,TTTGTGTGGCTTGCACGCGG,26,2914462
ompRp4,0.18181818181818182,11,10,TTAGATACAGAGTGCGCCCC,1,2933188
ompRp4,0.18181818181818182,11,10,TGTTGTCGTACTAGGCTGGT,1,2910884
ompRp4,3.8181818181818183,51,10,TGTGTGCCAATCCAAATCAT,41,2915377
ompRp4,2.4545454545454546,36,10,TGTATGTTACTTATACGGTC,26,2932127
ompRp4,0.7272727272727273,17,10,TGGTATCTTTTGAGCTGCAT,7,2917779
ompRp4,3.0,42,10,TGCCGGCACAAACCTTTTAC,32,2919084
ompRp4,6.181818181818182,77,10,TGAGCATCCACAGATTACTA,67,2927210
ompRp4,0.6363636363636364,16,10,TCTAGCCAAGAGTCGAAGGT,6,2911257
ompRp4,2.5454545454545454,37,10,TCGTTGACCCCGGACTGGCT,27,2929501
ompRp4,1.0,20,10,TCGCACTCGCAGAGTAGGAA,10,2927340
ompRp4,1.1818181818181819,22,10,TCCTAGAACCTTTTGAAAGT,12,2937104
ompRp4,2.5454545454545454,37,10,TCCCTCAAGGCGAAACATCA,27,2935485
ompRp4,0.9090909090909091,19,10,TCAGAGCAGGGGAGATCGCT,9,2920386
ompRp4,3.727272727272727,50,10,TCACTTACATAGTCGTGTCC,40,2916934
ompRp4,3.0,42,10,TCACACTAGGCAAGGCTTAA,32,2928223
ompRp4,0.36363636363636365,13,10,TATTCTATATAAAACCTGTA,3,2922963
ompRp4,2.1818181818181817,33,10,TAGTTGAGGGGTCTCGTCGA,23,2918922
ompRp4,0.7272727272727273,17,10,TAGCTAGCAGGAGGGTTCCT,7,2932192
ompRp4,1.0909090909090908,21,10,TAGATAATACTGTTCACCTA,11,2922957
ompRp4,3.909090909090909,52,10,TACCGGGACGCTTCCATGCG,42,2914194
ompRp4,1.3636363636363635,24,10,TAATGTATATTCCGTATATG,14,2935666
ompRp4,4.818181818181818,62,10,GTTTCATCGAAAGGCACCTC,52,2934839
ompRp4,1.4545454545454546,25,10,GTTGAAATCGCGGGTTAATT,15,2923407
ompRp4,2.6363636363636362,38,10,GTGTCCCACGTTATACAGTA,28,2926474
ompRp4,0.45454545454545453,14,10,GTCAAAACGTTCGGGTAGAA,4,2912885
ompRp4,0.36363636363636365,13,10,GTACGCTCCGGGGTTTAGGG,3,2929277
ompRp4,2.272727272727273,34,10,GGTGAACGACTAATTGGTGA,24,2912806
ompRp4,1.6363636363636365,27,10,GGTCAGGATAGCACCCTTGA,17,2913338
ompRp4,3.1818181818181817,44,10,GGGTGGGCGGTCGTCTACAA,34,2919710
ompRp4,0.18181818181818182,11,10,GGGGACGCTTCGTGTCTCGC,1,2914751
ompRp4,4.090909090909091,54,10,GGGAGCAAGAATGGAGGATA,44,2918787
ompRp4,2.727272727272727,39,10,GGCGTGGGGTACGAGGAAAG,29,2923326
ompRp4,0.18181818181818182,11,10,GGCCTCACGACAGTGGAATT,1,2937335
ompRp4,0.18181818181818182,11,10,GGAGTGGTATTAAGGACATT,1,2917717
ompRp4,0.18181818181818182,11,10,GGAGTCCGTCGCGGGGCTCC,1,2932845
ompRp4,4.454545454545454,58,10,GGAGGCCCTGCATCATCTAG,48,2934170
ompRp4,4.363636363636363,57,10,GGAACTGGCAGCTCCGGGTT,47,2938014
ompRp4,2.5454545454545454,37,10,GCTCGGAAAACGCCGGATTA,27,2909538
ompRp4,1.7272727272727273,28,10,GCGTCAAGCCCGGTTGTATA,18,2910219
ompRp4,0.18181818181818182,11,10,GCGTAAGGACATGCGAGGTT,1,2921561
ompRp4,3.909090909090909,52,10,GCGGGATTACGTGCGTTTCT,42,2911450
ompRp4,0.5454545454545454,15,10,GCGCACTTAATTTCTGTCTG,5,2917417
ompRp4,0.8181818181818182,18,10,GCGCAAACGTCACAGATATT,8,2925586
ompRp4,1.7272727272727273,28,10,GCGAGGAAGGGCTGCTTCTC,18,2909543
ompRp4,1.0,20,10,GCGAATGTGGCGCAGGGGAA,10,2926541
ompRp4,2.0,31,10,GCCGCAGCCCGCAGGACGAC,21,2929791
ompRp4,0.18181818181818182,11,10,GCCACTTGCAACGAAGCTTA,1,2909512
ompRp4,0.9090909090909091,19,10,GCATTTACTATGATCAAGTC,9,2921800
ompRp4,0.18181818181818182,11,10,GCAGCCGGGCCGGGCGACCT,1,2927803
ompRp4,2.4545454545454546,36,10,GATTATGGGTAAGGTAATTG,26,2923049
ompRp4,0.7272727272727273,17,10,GATGGGCGCCATCTCTGCGA,7,2911100
ompRp4,0.18181818181818182,11,10,GAGGTATCGGGTCGCGCATC,1,2913303
ompRp4,1.5454545454545454,26,10,GAGCATTTAGGAACTAGGGT,16,2922131
ompRp4,4.0,53,10,GACTAAAGCTGGGACAAGTA,43,2922488
ompRp4,2.6363636363636362,38,10,GACCTAGCTCCGATCAATCT,28,2910799
ompRp4,2.8181818181818183,40,10,GACAAGCAAGTAGACGATTG,30,2934431
ompRp4,3.272727272727273,45,10,GAAGGCACTGTTGCTGTAAA,35,2932956
ompRp4,0.18181818181818182,11,10,GAAGGAGAGCTCCGAAGGCC,1,2938131
ompRp4,1.9090909090909092,30,10,GAAGAATACCGGTAGTACAG,20,2912126
ompRp4,0.2727272727272727,12,10,GAACATCCTTCGAAAGTTTC,2,2918929
ompRp4,3.0,42,10,CTTTGTGTCTAGCAGGGGCG,32,2919059
ompRp4,3.727272727272727,50,10,CTTGTGGACCTTCGAAGAGG,40,2931198
ompRp4,0.18181818181818182,11,10,CTTGATTGGTCCACATGGAA,1,2918546
ompRp4,1.3636363636363635,24,10,CTTCGTGGTTTGCTGGTGAC,14,2916083
ompRp4,0.7272727272727273,17,10,CTTCGACGCATCTCATAGAT,7,2928838
ompRp4,5.7272727272727275,72,10,CTGCTAGATACCTACGAAAC,62,2912913
ompRp4,0.18181818181818182,11,10,CTCTGGAGGCGGGCGGTACG,1,2932814
ompRp4,2.3636363636363638,35,10,CTCGGTACCGGTAAGGCACG,25,2920283
ompRp4,0.36363636363636365,13,10,CTATCAATAGTTATCTGAAA,3,2908277
ompRp4,0.18181818181818182,11,10,CTAGCCGAGTATGCTAGAGA,1,2936990
ompRp4,2.5454545454545454,37,10,CGTCCCATGGATTAGTATGC,27,2938247
ompRp4,0.2727272727272727,12,10,CGTATCTCGGGAGATTGGTG,2,2937976
ompRp4,4.363636363636363,57,10,CGGTCGCCCGGGTTCGTTCT,47,2926294
ompRp4,0.18181818181818182,11,10,CGGGTCTTTTCATTGCGCTC,1,2919456
ompRp4,1.9090909090909092,30,10,CGGCTGCGGAGGCACTTCTC,20,2914140
ompRp4,13.727272727272727,160,10,CGGCCTTTCGCACAGACTAT,150,2926430
ompRp4,2.0,31,10,CGCCGGGGTGAACGGAACAG,21,2909921
ompRp4,2.6363636363636362,38,10,CGCAGGCAGAGGCTCCTAGA,28,2913927
ompRp4,0.18181818181818182,11,10,CCTGGAACCACACTGCCGCT,1,2927224
ompRp4,0.9090909090909091,19,10,CCTACTTCAGTTCTGGCCCA,9,2926872
ompRp4,0.2727272727272727,12,10,CCGTATAGCATATGGAGCGG,2,2922517
ompRp4,2.5454545454545454,37,10,CCGGGTCGAATTTAGTATAG,27,2918923
ompRp4,1.6363636363636365,27,10,CCGCGCAAAGGAGAATCCTG,17,2926974
ompRp4,2.5454545454545454,37,10,CCCTATCGGTAAAAGAGCGA,27,2937114
ompRp4,0.45454545454545453,14,10,CCATTATATCAGTACGTAGC,4,2918631
ompRp4,0.18181818181818182,11,10,CATTTTGATACGTAGACGGA,1,2914422
ompRp4,0.2727272727272727,12,10,CATAACTCCTCGTATAGCTC,2,2931188
ompRp4,3.090909090909091,43,10,CAGTTCTAATCAAGTGTCTA,33,2911179
ompRp4,1.9090909090909092,30,10,CAGTTAACACGTAGTGTGGC,20,2922490
ompRp4,1.0909090909090908,21,10,CAGATCAATTGTATGGGCTA,11,2914444
ompRp4,2.090909090909091,32,10,CACCGAACCACGTTTCTGAA,22,2910266
ompRp4,2.1818181818181817,33,10,CAATTGACGCGACACACGTT,23,2911491
ompRp4,2.909090909090909,41,10,CAAGGGACAAACCCTGTCTC,31,2913299
ompRp4,0.7272727272727273,17,10,CAAGCCCCGTCATTGTGCCT,7,2910423
ompRp4,0.2727272727272727,12,10,ATTTCATGATACGCCTTGCT,2,2932807
ompRp4,0.18181818181818182,11,10,ATTGGTCTTGGTCACGTAAA,1,2919905
ompRp4,1.7272727272727273,28,10,ATTGCAAATCGAACCGCGCA,18,2908557
ompRp4,2.6363636363636362,38,10,ATTCATAGAAAAGTCTCGGC,28,2913287
ompRp4,0.8181818181818182,18,10,ATGTGCTCAACTTCGGCCAA,8,2912759
ompRp4,0.36363636363636365,13,10,ATGGCATTATGCACTCTATG,3,2913885
ompRp4,3.8181818181818183,51,10,ATCTAACATCCGCGGTGGCA,41,2929696
ompRp4,9.909090909090908,118,10,ATCGGAGGACCACCGATTGT,108,2920242
ompRp4,1.4545454545454546,25,10,ATCGACATCCACGTGCTGTG,15,2909038
ompRp4,2.8181818181818183,40,10,ATCAGGCGTAACCGGACATA,30,2919656
ompRp4,3.1818181818181817,44,10,AGCAAGGTCGTTGGGGGTGG,34,2910238
ompRp4,3.4545454545454546,47,10,AGAGGAAATTAGGGGTCTTT,37,2926112
ompRp4,0.5454545454545454,15,10,AGACATCGATGTGCCTAACT,5,2933684
ompRp4,1.9090909090909092,30,10,ACTCTTGGCGCCGGCTTGTA,20,2933530
ompRp4,1.8181818181818181,29,10,ACTAAAGGTACGCCTTGAGC,19,2911482
ompRp4,2.727272727272727,39,10,ACGGGATTGTTGGTGAGCCC,29,2921307
ompRp4,0.2727272727272727,12,10,ACCTACATCTCCCGTGATGC,2,2916768
ompRp4,1.9090909090909092,30,10,ACCACCCAGAAATTCGTTCC,20,2924466
ompRp4,2.727272727272727,39,10,ACATTTCAAACTCTTATCAT,29,2928443
ompRp4,0.18181818181818182,11,10,ACACTGCCCATGCCAAATCC,1,2913795
ompRp4,11.272727272727273,133,10,ACACGTAAGGTTATCGTAAA,123,2914730
ompRp4,0.7272727272727273,17,10,ACACCCCGGGTATGGCACCA,7,2938137
ompRp4,2.727272727272727,39,10,AATGTCATCTATCAACCGAG,29,2909141
ompRp4,0.9090909090909091,19,10,AATGGGTACCACTGCTCGTT,9,2908840
ompRp4,2.5454545454545454,37,10,AAGTCTAGTGTTCCTGGTCT,27,2924923
ompRp4,6.2727272727272725,78,10,AAGCTTTGGACCATAGAAAG,68,2907965
ompRp4,1.4545454545454546,25,10,AAGCATGCGATATCTCGAGT,15,2916891
ompRp4,0.8181818181818182,18,10,AACTTTGAACCCGCATTTAG,8,2937434
ompRp4,12.0,141,10,AACGCAAGCGAGACAGCGGC,131,2937298
ompRp4,0.36363636363636365,13,10,AACCGAAGGTCATGGATCAC,3,2937661
ompRp4,3.0,38,9,TTTCGCTGTGTAAAGGCGAG,29,2913013
ompRp4,0.2,10,9,TTTAATCTCTGTGGTCGAAG,1,2925276
ompRp4,0.2,10,9,TTGACAAGGACAGACACGCG,1,2932255
ompRp4,0.2,10,9,TTCCGCAATGTATGTACCTA,1,2926415
ompRp4,3.0,38,9,TTCAAACCTATATCGCATAT,29,2926833
ompRp4,0.8,16,9,TTCAAACAGCACTTGAGCAA,7,2909504
ompRp4,3.6,44,9,TTAATGCTGGTTTACAGCCC,35,2928924
ompRp4,0.5,13,9,TGTCAGCCTCCGGCAATCCA,4,2924691
ompRp4,0.4,12,9,TGGGGGTATCAAACGGGACG,3,2911574
ompRp4,0.5,13,9,TGGAGACAACTGTTTGCCCT,4,2909481
ompRp4,0.2,10,9,TGCCCCCGGGGATGAACAGA,1,2921231
ompRp4,0.2,10,9,TGCACAAAGTTATCCGGCAA,1,2925250
ompRp4,1.0,18,9,TGATAAACCGGCATTAATGT,9,2912003
ompRp4,0.3,11,9,TGAGTGACGCCGTACGTTCC,2,2917006
ompRp4,6.8,76,9,TCTTCCGCGAGACAGCCATT,67,2920678
ompRp4,2.0,28,9,TCTGCGCTTGCAAGGGAAGA,19,2927829
ompRp4,3.0,38,9,TCTAGTCGATAAGGGCCTTG,29,2925058
ompRp4,0.2,10,9,TCGGACAACAATCTTTACAC,1,2912869
ompRp4,0.2,10,9,TCGCGAAATTTCGCTATGCA,1,2908556
ompRp4,1.8,26,9,TCCCCATTCGGATAATACCT,17,2923299
ompRp4,0.2,10,9,TCCAGGAAACCTCTGAGTAG,1,2924130
ompRp4,2.7,35,9,TCCACAGAGCAAACAGCGGG,26,2930765
ompRp4,0.2,10,9,TCATTCGCTCAACCAAACAA,1,2921142
ompRp4,0.5,13,9,TCATCCTAAATCGTCATTGG,4,2921593
ompRp4,5.7,65,9,TCAGTTTGCGCGTTAGCGTT,56,2930339
ompRp4,1.4,22,9,TCAGGGCTGAAATTGGCTGG,13,2931317
ompRp4,0.2,10,9,TCAGCGCTGGCTAGGCAGCT,1,2913277
ompRp4,4.0,48,9,TCAATGCACCTGGCAGATAT,39,2937132
ompRp4,2.9,37,9,TCAAAGCGCACGGAGGCGAT,28,2937938
ompRp4,0.6,14,9,TATGTACAAGTTATGGCTTA,5,2925172
ompRp4,0.7,15,9,TAGGCCTGTTAGTTCGATCT,6,2933104
ompRp4,8.2,90,9,TACTCGCAGACATATATTTC,81,2933369
ompRp4,1.8,26,9,TACATAAACGGTCTCCCAGC,17,2921177
ompRp4,2.6,34,9,TAAGTCTACATTATAGCTTC,25,2924467
ompRp4,2.9,37,9,TAACTATACCCTGCGGTCAC,28,2910328
ompRp4,0.3,11,9,TAACCAGCATAACCGTTTAT,2,2917139
ompRp4,4.6,54,9,GTTTGAACCGATTACAAACT,45,2920801
ompRp4,0.5,13,9,GTTATTTAAGTCGGCGATTG,4,2924041
ompRp4,4.5,53,9,GTGTCTGTGAATGTCGGGGT,44,2926592
ompRp4,0.4,12,9,GTGGGAGATTACGTTTTGCT,3,2936619
ompRp4,0.3,11,9,GTGCAGTATTGGGGTAGACT,2,2923734
ompRp4,0.6,14,9,GTGCAGAGAAGGTATAAGTT,5,2931025
ompRp4,0.6,14,9,GTCTCTGTTCATTTATCACG,5,2920464
ompRp4,7.7,85,9,GTAGCACTGGGAATCCTCGA,76,2915877
ompRp4,3.2,40,9,GTACAACAGACGGCTCCTAG,31,2908279
ompRp4,0.5,13,9,GGTACGTACGTTAGACAGGC,4,2921766
ompRp4,1.6,24,9,GGGTAGGTACGCTGGGCGTG,15,2911078
ompRp4,4.7,55,9,GGGCTTAGTAGAACTTATTA,46,2935785
ompRp4,3.1,39,9,GGGCTGACCTATCCCCTTCG,30,2922757
ompRp4,2.2,30,9,GGGCAAGAATTGTTTTAAAA,21,2933334
ompRp4,0.2,10,9,GGCGGAGGCGATATAGTGTC,1,2917283
ompRp4,0.4,12,9,GGATAGAAACGTTTATGATA,3,2915256
ompRp4,1.3,21,9,GCTTGGTAGGTAGCGGCTCA,12,2909349
ompRp4,2.1,29,9,GCTATCTTAATGGCGACCGT,20,2913565
ompRp4,2.3,31,9,GCGTCGAGAGGCGATATCAG,22,2917824
ompRp4,6.5,73,9,GCGTAGCTGCGATTGTCCTT,64,2926431
ompRp4,0.7,15,9,GCCGGCCAGTGACCGGTGCT,6,2917633
ompRp4,1.8,26,9,GCAGTATTCGATAGTAGCAG,17,2908320
ompRp4,0.6,14,9,GATTGGTTGCAAATTCAAGG,5,2913999
ompRp4,0.5,13,9,GATTGCGAAACAGTTCCTAA,4,2920209
ompRp4,4.6,54,9,GATGCCAGTTTCAATCGGGG,45,2928652
ompRp4,6.0,68,9,GATCATCCCACATTCTGTGT,59,2925787
ompRp4,4.4,52,9,GATAATCGAGTGTCAGGCAA,43,2927831
ompRp4,1.6,24,9,GAGCAAAGCCGGTCCTAAGG,15,2908140
ompRp4,4.3,51,9,GACTAATGACAAGCGAGGAA,42,2920444
ompRp4,0.3,11,9,CTTTACAGACTGGCGATGCA,2,2923872
ompRp4,0.2,10,9,CTGGCTTATGCATTGTACCC,1,2916073
ompRp4,3.8,46,9,CTGGCCGGTCTGTAAGGTAA,37,2913062
ompRp4,0.7,15,9,CTGATAAATTGAGTTCGTTA,6,2938140
ompRp4,2.6,34,9,CTCACATCTGTAACAAATTC,25,2918836
ompRp4,2.9,37,9,CTATCCGATACACTATGAAG,28,2928767
ompRp4,0.7,15,9,CTATACGCGCGCGCTCATAG,6,2916695
ompRp4,0.6,14,9,CTACTAGGCGCTACTCCTAG,5,2930570
ompRp4,7.4,82,9,CGGAACCGGTCCCGGATAGA,73,2924377
ompRp4,0.5,13,9,CGCCACTCGGATTTTTGGAT,4,2928287
ompRp4,2.0,28,9,CGCAGTAAAGCCAGCGGTAC,19,2937767
ompRp4,2.7,35,9,CGAGTTCGGCAAAGACAATA,26,2909777
ompRp4,0.2,10,9,CCTTTGGAAGAGATCCCTAC,1,2922523
ompRp4,3.0,38,9,CCTTCACGTGGCCAGAACCT,29,2923175
ompRp4,1.6,24,9,CCGTGCCAATGTTGCCGAGT,15,2921197
ompRp4,3.6,44,9,CCGCACCTAAAACTAGCTAT,35,2930889
ompRp4,3.8,46,9,CCGAGTTCCACTCATAGGAG,37,2920545
ompRp4,3.7,45,9,CCCTGAGTCGCTCACACCGC,36,2927226
ompRp4,4.1,49,9,CCCCATAAGAGTTTTGTACC,40,2909930
ompRp4,1.9,27,9,CCATCTTCACTGGCACCCGT,18,2912480
ompRp4,9.9,107,9,CCAGTCGATTATTAGGGTCC,98,2924617
ompRp4,2.5,33,9,CCAAATCTGGCGAACGTTCT,24,2931090
ompRp4,0.2,10,9,CATTAGGGTGCTGGGAAATC,1,2910097
ompRp4,3.5,43,9,CATGTATATGATGTTGGGAG,34,2911763
ompRp4,0.6,14,9,CAGGACAGAGGGAATCCTGA,5,2915153
ompRp4,1.0,18,9,CAGCCATCGAGGATAGGAAA,9,2921433
ompRp4,0.2,10,9,CACGATACGTTGCAAGCCCA,1,2933563
ompRp4,0.2,10,9,CACCTCCCCTCATTAGAAGC,1,2912485
ompRp4,1.7,25,9,CACATCGAATTCGCTTAACG,16,2913439
ompRp4,0.2,10,9,CACATACGCAACTTTGGTTA,1,2937199
ompRp4,3.4,42,9,CAAGAAAGCATATGTTTGGC,33,2922085
ompRp4,2.6,34,9,CAACACGCGAAGTAGGCGGA,25,2914256
ompRp4,3.7,45,9,CAAATTTAGTAAGTATTCAA,36,2912810
ompRp4,3.8,46,9,ATTTCCGGTGACACTATACC,37,2918472
ompRp4,2.2,30,9,ATTAGATCTAGGCCTGCGAG,21,2919453
ompRp4,3.4,42,9,ATACTGGTGATACTATTGCG,33,2938285
ompRp4,3.3,41,9,AGTTTTTTGCCTCCTATGTC,32,2936378
ompRp4,12.3,131,9,AGTGACCCGTCCACCGGAGA,122,2918977
ompRp4,4.6,54,9,AGTAGAAACTAAGTTTTTTC,45,2927381
ompRp4,4.2,50,9,AGGGTTTATCGCCACAGTGT,41,2907890
ompRp4,14.0,148,9,AGAGTGAATGAAGACTACAT,139,2917806
ompRp4,2.5,33,9,AGACAGCAACAGCATCCTGG,24,2913492
ompRp4,1.4,22,9,ACGCCGCGCCAGTGCCGGGA,13,2922856
ompRp4,0.2,10,9,ACCCATCTAAACGTCGGGTA,1,2930066
ompRp4,1.2,20,9,ACATCCAAATACTTTAGTGA,11,2932467
ompRp4,0.5,13,9,ACATAATTGATAGGTCAGAG,4,2912109
ompRp4,0.6,14,9,AATCGGGTATTACAGTCAGC,5,2936111
ompRp4,2.5,33,9,AATCCAAGTCAGTTGGATTG,24,2913667
ompRp4,0.2,10,9,AAGTGTCTCACCTGACCGTG,1,2910985
ompRp4,0.2,10,9,AAGTCACAATTAAGCGATTA,1,2918739
ompRp4,4.1,49,9,AAGGCGAATTGTAATAAGCA,40,2907831
ompRp4,0.2,10,9,AAGAGGATCCCGGAACTCGG,1,2929352
ompRp4,2.9,37,9,AACCATTTTTCTAGACCTGC,28,2915802
ompRp4,0.5,13,9,AACAGACATAAACCTCGGCA,4,2925490
ompRp4,0.8,16,9,AAAACCCCAAGTTAGCCTTC,7,2913503
ompRp4,2.4444444444444446,29,8,TTTCCGCCGGCGGGCTGATC,21,2922236
ompRp4,3.2222222222222223,36,8,TTCTGCTTAGAAGATCCTTT,28,2926593
ompRp4,5.111111111111111,53,8,TTCTGCACAAGGCAAAGGGT,45,2927813
ompRp4,2.3333333333333335,28,8,TTATGTGGCTTTCAAAATAG,20,2931768
ompRp4,0.2222222222222222,9,8,TTATGATGTTGAAGGCTCAG,1,2908722
ompRp4,0.8888888888888888,15,8,TTAGGTGTTGAGCTAAAGCA,7,2934994
ompRp4,4.777777777777778,50,8,TGTTGTTGAGTAGTGGCCGG,42,2909276
ompRp4,4.111111111111111,44,8,TGTGGGCAAATATAGACCCT,36,2914469
ompRp4,12.0,115,8,TGTGATTGAGACTACCCGGA,107,2915344
ompRp4,2.3333333333333335,28,8,TGGGGGCAAAGGTGACCGCG,20,2933728
ompRp4,4.444444444444445,47,8,TGGGCGGATGAATACGCGTC,39,2924662
ompRp4,4.777777777777778,50,8,TGGCACAATTTATCTCTGCT,42,2935341
ompRp4,0.2222222222222222,9,8,TGGATACTGTGAGCATGTGG,1,2925920
ompRp4,3.0,34,8,TGGAGTGCCGTCAACAAGCG,26,2921645
ompRp4,2.111111111111111,26,8,TGGAGAACGCATAAACGCGC,18,2933397
ompRp4,4.555555555555555,48,8,TGCATGCGGCCTTGTTACGG,40,2936966
ompRp4,4.0,43,8,TGATAGCGACGCGGTGCCAC,35,2932889
ompRp4,5.888888888888889,60,8,TGAGCTATCCTCAATCGATC,52,2936481
ompRp4,0.2222222222222222,9,8,TGAGACTAGCAGCCGGTCTA,1,2925169
ompRp4,21.22222222222222,198,8,TCGTCAAGACCGATCTGAAG,190,2921360
ompRp4,2.4444444444444446,29,8,TCGCGGTACCTCACCGATTG,21,2915349
ompRp4,0.2222222222222222,9,8,TCGAGGTCAAGCAATAGACA,1,2916552
ompRp4,2.6666666666666665,31,8,TCCTGTGCATGTAGCGAATG,23,2918763
ompRp4,1.5555555555555556,21,8,TCCTCGATTTTGCTTTAATG,13,2936835
ompRp4,6.555555555555555,66,8,TCCGGTTTGCAAATACCTGA,58,2936012
ompRp4,1.5555555555555556,21,8,TCAGTAGTGGTCGTGCTGTT,13,2929594
ompRp4,1.3333333333333333,19,8,TCAATCAAAACAGAGACGAA,11,2917118
ompRp4,1.6666666666666667,22,8,TCAAGTGAGGAAGGACCTCA,14,2917209
ompRp4,3.2222222222222223,36,8,TATTATAGCCCTTAGCTATC,28,2929061
ompRp4,2.6666666666666665,31,8,TAGGTCTGGGTAAGCAGTTA,23,2916224
ompRp4,8.88888888888889,87,8,TACCGGGTTGTGATGTTAGC,79,2920375
ompRp4,1.5555555555555556,21,8,TAACGTACTTATAAAAATAT,13,2913129
ompRp4,0.4444444444444444,11,8,TAAAAGTAAACGTCGGGCTT,3,2917729
ompRp4,3.3333333333333335,37,8,GTGCGGGGCGAACTGGTGTT,29,2923224
ompRp4,0.2222222222222222,9,8,GTCATTCTTTTTTACCTTAC,1,2919396
ompRp4,7.222222222222222,72,8,GTACCAGCGAGCGCAGCGGA,64,2907723
ompRp4,4.222222222222222,45,8,GGTTGTTTGTCAATTGACGG,37,2931689
ompRp4,4.555555555555555,48,8,GGTGGCATGACCCGCCACAA,40,2912713
ompRp4,1.8888888888888888,24,8,GGTCCCGCGTCAAAATCAAA,16,2932603
ompRp4,0.6666666666666666,13,8,GGTAGGGACCTTAACCTCAG,5,2928104
ompRp4,4.111111111111111,44,8,GGGTCTGCGTTATGCCCAGG,36,2925571
ompRp4,1.7777777777777777,23,8,GGGTCTCCCAACATATTTCC,15,2912116
ompRp4,1.2222222222222223,18,8,GGGCATTGATTGGCGTGTGA,10,2929520
ompRp4,0.2222222222222222,9,8,GGCGAACAGGCTACACTAGC,1,2928304
ompRp4,2.4444444444444446,29,8,GGAGAATCGTTCGATTCAGA,21,2931060
ompRp4,2.111111111111111,26,8,GCGTGGGGTGACCTTTTATT,18,2907807
ompRp4,2.4444444444444446,29,8,GCGTCGAGTCGTGATGGCGT,21,2928527
ompRp4,2.111111111111111,26,8,GCCTACTGCAGTAATAGTTT,18,2913133
ompRp4,2.888888888888889,33,8,GCCATACACACTATTTCGAC,25,2927645
ompRp4,5.666666666666667,58,8,GCAGGAAGAAGAGGTGTTAT,50,2916898
ompRp4,4.0,43,8,GATTGCAGGGCTAGTCCAGG,35,2910164
ompRp4,3.7777777777777777,41,8,GATTCAGCACCAACACGCAT,33,2916790
ompRp4,0.4444444444444444,11,8,GATTAGAGTTCCAAGACTGG,3,2921387
ompRp4,7.777777777777778,77,8,GATGAGAGGAATCTACTTGG,69,2908885
ompRp4,4.888888888888889,51,8,GATATTGGCCTAGGGCTCAC,43,2937467
ompRp4,3.111111111111111,35,8,GAGTACCCAGGCACGTCGTA,27,2920773
ompRp4,1.7777777777777777,23,8,GAGGTGAGGCACAGTGGGTT,15,2918316
ompRp4,1.5555555555555556,21,8,GAGAGGTAGGGACATCGTTG,13,2910115
ompRp4,0.2222222222222222,9,8,GACTACCCCATCGCGGTGCC,1,2923425
ompRp4,1.6666666666666667,22,8,GAATAACCACAGCGGCGTCA,14,2916877
ompRp4,3.888888888888889,42,8,CTTTGATAACCCCCTTTATC,34,2912948
ompRp4,4.111111111111111,44,8,CTTCTACCGCCACCGGTTGC,36,2933546
ompRp4,1.4444444444444444,20,8,CTTATGGTGCCCATCCCTTG,12,2914402
ompRp4,1.3333333333333333,19,8,CTTATAGCTGGTCGTTGTAG,11,2909259
ompRp4,2.0,25,8,CTGCCTACTGAATCATAAGA,17,2914745
ompRp4,2.6666666666666665,31,8,CTCTCTGCATCTACTAATAA,23,2928247
ompRp4,5.666666666666667,58,8,CTCACCAAGGGAGAACTCGG,50,2912502
ompRp4,4.666666666666667,49,8,CTCAAGCTGAGAAACGTACA,41,2923504
ompRp4,6.444444444444445,65,8,CTAGCGGTAATTCGTCCCCA,57,2933883
ompRp4,1.6666666666666667,22,8,CGTTGCTTTGCGGTTTATAT,14,2935267
ompRp4,14.777777777777779,140,8,CGTTGCAGTAAAATTATCAT,132,2930947
ompRp4,4.777777777777778,50,8,CGGTTAGTATGGATGTCCTG,42,2927584
ompRp4,2.111111111111111,26,8,CGGTGGAGTAAGGCAAGCTT,18,2925071
ompRp4,3.888888888888889,42,8,CGGGCGGGCTGGAGTAAAGG,34,2919311
ompRp4,0.2222222222222222,9,8,CGGGACTCAGTATACACGTA,1,2931463
ompRp4,2.6666666666666665,31,8,CGGCGTTGGAGGCCTTATGC,23,2918959
ompRp4,0.8888888888888888,15,8,CGGAAATGGGTTGGCCTGAC,7,2924528
ompRp4,1.5555555555555556,21,8,CGCGGGTGGTCTGGAACCCA,13,2911413
ompRp4,0.3333333333333333,10,8,CGCGGGAGGAGCCGCATAAT,2,2933111
ompRp4,0.2222222222222222,9,8,CGCGAAACACATACTTCGGC,1,2930235
ompRp4,11.88888888888889,114,8,CGCCTCCAGATGGGCGTTTA,106,2910838
ompRp4,3.111111111111111,35,8,CGCACAAAACTGCGTCCGGG,27,2918654
ompRp4,2.6666666666666665,31,8,CGATTATAGTTGGTTATTTC,23,2929291
ompRp4,0.2222222222222222,9,8,CGAGTAAAGACCAACACCGT,1,2935644
ompRp4,8.777777777777779,86,8,CCGTTGGAGTGCTTCTGTGT,78,2921761
ompRp4,2.888888888888889,33,8,CCGGTGCGTCTGGTGAGCGA,25,2933928
ompRp4,1.8888888888888888,24,8,CCGGGAGGGAACACCCTTGC,16,2932967
ompRp4,0.2222222222222222,9,8,CCGGAGTTATCCTACATATT,1,2930470
ompRp4,3.4444444444444446,38,8,CCCGACATGTACGCGAGCTG,30,2929664
ompRp4,6.888888888888889,69,8,CCCATCAACGCTTCCTCGGT,61,2933273
ompRp4,0.2222222222222222,9,8,CCCAAAATGTACGGAGAATT,1,2912700
ompRp4,0.2222222222222222,9,8,CCATTGGCTTCACGCGACAG,1,2915825
ompRp4,4.444444444444445,47,8,CCAATGGTGCTACGGGCTAC,39,2912236
ompRp4,14.333333333333334,136,8,CCAAGCCGGGCGCGCTTCTG,128,2919518
ompRp4,0.4444444444444444,11,8,CATAAGTTAATCGAGGGTCT,3,2937364
ompRp4,0.4444444444444444,11,8,CATAAACTAATGCTTCGAAG,3,2916488
ompRp4,2.0,25,8,CAGTAAAAAAACGGCTTCGT,17,2909704
ompRp4,5.666666666666667,58,8,CAGGCCAATACTACCGGGTC,50,2909227
ompRp4,1.0,16,8,CAAGCTTTGCTGTTAGTGGA,8,2908949
ompRp4,5.111111111111111,53,8,CAACGTTGGGGGCAAACATT,45,2918945
ompRp4,0.3333333333333333,10,8,CAACGCAGCCCGCATTTATA,2,2910175
ompRp4,8.88888888888889,87,8,ATTCCATTGTTTTGTTACGC,79,2912809
ompRp4,0.6666666666666666,13,8,ATTATACCCGTGGTATCTAC,5,2924979
ompRp4,4.333333333333333,46,8,ATGCAACTAAATAAAGCACT,38,2932160
ompRp4,4.222222222222222,45,8,ATGAAAGATAGCATCAGATG,37,2932068
ompRp4,1.7777777777777777,23,8,ATCTCCATTTTGGAGTCAGC,15,2919399
ompRp4,0.2222222222222222,9,8,ATCTATGTCCAGTGCGCAGG,1,2912736
ompRp4,4.333333333333333,46,8,ATCCAGGTGCCGCGATATAT,38,2933477
ompRp4,4.111111111111111,44,8,ATCCAGGGTAGGGTTACTTC,36,2929735
ompRp4,1.0,16,8,ATCAAGCAAGAAGTGCCTAT,8,2909863
ompRp4,2.3333333333333335,28,8,ATACCCCTCGTAACGACACA,20,2921297
ompRp4,0.2222222222222222,9,8,ATAACTGAGGCATCGCGAAT,1,2929645
ompRp4,5.444444444444445,56,8,AGTCAGCCCATGCAGGTAGT,48,2926587
ompRp4,0.2222222222222222,9,8,AGTATGTAATAACTGATATG,1,2913852
ompRp4,3.3333333333333335,37,8,AGGTACCCCAAATAACCGGG,29,2915444
ompRp4,0.4444444444444444,11,8,AGGCGTCTATGTAACACGGT,3,2919557
ompRp4,3.111111111111111,35,8,AGGATTGCGGAACAAGCTAT,27,2921211
ompRp4,1.2222222222222223,18,8,AGCCGTCTTTCAATAAGGTC,10,2915156
ompRp4,2.7777777777777777,32,8,AGCACACCCGCCGGCGAGAC,24,2920138
ompRp4,3.4444444444444446,38,8,AGATTGTTTGGCTCACTCAC,30,2919505
ompRp4,1.0,16,8,AGAGCTGATCCGAGGAACCC,8,2935470
ompRp4,0.2222222222222222,9,8,AGACCGTTCAGGATTATCCA,1,2907915
ompRp4,1.2222222222222223,18,8,ACGTCGAACTGCACACGTCC,10,2937864
ompRp4,1.6666666666666667,22,8,ACGGGAGACCTGAGGTTACA,14,2931839
ompRp4,1.7777777777777777,23,8,ACGGCATTCCGGAGCTCCTG,15,2913724
ompRp4,3.4444444444444446,38,8,ACGCATTAAATGCGGCATGT,30,2922610
ompRp4,1.5555555555555556,21,8,ACAAAGATAAGGGGTGAGGA,13,2910683
ompRp4,3.5555555555555554,39,8,AATACACTTGAGGACACTTT,31,2923298
ompRp4,1.0,16,8,AATAAGTCAACCCTTCAAGA,8,2925174
ompRp4,6.555555555555555,66,8,AAGGGTGAGTGTCACTATTC,58,2911930
ompRp4,3.111111111111111,35,8,AAGGCGGTGTGGGCCAGTTA,27,2937694
ompRp4,1.7777777777777777,23,8,AAGATTCTGACTGTCGCGTC,15,2910914
ompRp4,3.3333333333333335,37,8,AACTCCGACGTTGCTCCACG,29,2920492
ompRp4,2.0,25,8,AACGCTAGGGTGTCACCCCT,17,2918256
ompRp4,6.666666666666667,67,8,AAATCGAAACCTAGAGGGTG,59,2916070
ompRp4,4.888888888888889,51,8,AAAGTGCGTACGCATTTGTC,43,2919571
ompRp4,11.222222222222221,108,8,AAACTTGGAGTTCACATAGC,100,2922023
ompRp4,1.1111111111111112,17,8,AAACAATAATGGATGCTGCA,9,2922596
ompRp4,2.625,27,7,TTTTTTGCAACGCTCAAGAT,20,2936310
ompRp4,1.5,18,7,TTTGGGATTCAATGTAGCGT,11,2910562
ompRp4,1.75,20,7,TTTGCAAACGGTCCGCTATC,13,2930854
ompRp4,0.5,10,7,TTTCGGACCGTAGGGGCACG,3,2922895
ompRp4,0.375,9,7,TTGGCTAGAGCACGGCTTGC,2,2910790
ompRp4,9.5,82,7,TTGCCCCGTAGGTCAGGCAA,75,2910785
ompRp4,4.0,38,7,TTGATATTATCGGTTAACCT,31,2935758
ompRp4,1.625,19,7,TTCGAGACAGCAAAAGTGGA,12,2915759
ompRp4,0.5,10,7,TTCCTTGCGGTGACGTGGGA,3,2916643
ompRp4,0.25,8,7,TTCCACTCTAAACCTCGGGG,1,2914301
ompRp4,3.125,31,7,TGTAGGGTGGGCCTGTCAGC,24,2916379
ompRp4,0.25,8,7,TGTACTAGAGTAAAGCCAGG,1,2920784
ompRp4,1.625,19,7,TGGGACTTTCCATGACGGGT,12,2929769
ompRp4,3.0,30,7,TGGCTGTCGGTTACGGGTCC,23,2933891
ompRp4,1.5,18,7,TGGAACGTCGCACATCCGAA,11,2931191
ompRp4,6.625,59,7,TGCGCCCGAGGTCCCTTTCC,52,2936572
ompRp4,1.25,16,7,TGCGATCGTGGAAACTCGCT,9,2927471
ompRp4,3.375,33,7,TGCCTGGCCGACGTCTAATA,26,2914698
ompRp4,7.625,67,7,TGCCCTAGTTTTGCTGGGGG,60,2921259
ompRp4,0.875,13,7,TGATCTTTGAAATCTCTCCA,6,2908077
ompRp4,0.25,8,7,TGAGGACCCCAGACGATAAA,1,2925845
ompRp4,1.25,16,7,TGAATTTAATAGCAGAAAAA,9,2919767
ompRp4,1.5,18,7,TCTCCCCTTACCGCTACTGA,11,2914485
ompRp4,1.875,21,7,TCTAAGTGCTTTTTTGATGC,14,2924610
ompRp4,2.5,26,7,TCGCACCCGTGTGTGTCTGT,19,2927759
ompRp4,0.625,11,7,TCGATCCTAATTCATGGGAC,4,2919089
ompRp4,2.0,22,7,TCGACCATAGATCTAGGTCT,15,2917661
ompRp4,0.25,8,7,TCGAACACGTTATTGCGCCA,1,2919854
ompRp4,4.125,39,7,TCCTATGTTTGTCCTGAAAC,32,2915511
ompRp4,11.375,97,7,TCCAGGATCTCTTCTTCCGA,90,2910574
ompRp4,8.875,77,7,TCAGGCCTCCTTGATAATCG,70,2936525
ompRp4,0.25,8,7,TCAGAGACGCCTAGTAGTGT,1,2927956
ompRp4,9.75,84,7,TCACTCCAAGGTATAGCCGT,77,2935503
ompRp4,9.375,81,7,TCAATTCAGCTGAGTAGCCT,74,2932125
ompRp4,3.75,36,7,TCAATGGTCCTACTAATCCC,29,2908648
ompRp4,9.25,80,7,TCAAACTTGTCATAAAGTGA,73,2930549
ompRp4,4.875,45,7,TACGATCCATGCTCCGAGCA,38,2929070
ompRp4,10.5,90,7,TACGACTACCCCTGTGCCCT,83,2917996
ompRp4,5.0,46,7,TAAGAAAGGCAGAGTCTTCG,39,2913224
ompRp4,1.125,15,7,TAAAGCTCTCAATATCTGGT,8,2929459
ompRp4,8.25,72,7,GTTGGTCCGAAAACAATATG,65,2914952
ompRp4,3.375,33,7,GTTGCTAAGCACGTTTCGTG,26,2922483
ompRp4,2.625,27,7,GTTGCACCTAAAACTGAAAA,20,2934394
ompRp4,0.25,8,7,GTTAGCAAGTTAGACAGTTC,1,2908188
ompRp4,0.25,8,7,GTGGTTTCCTCCCACGCAGA,1,2912051
ompRp4,3.25,32,7,GTGACACGGTTACGACTGGA,25,2917414
ompRp4,3.125,31,7,GTCTTAAAACGGCCTTCATC,24,2932393
ompRp4,4.375,41,7,GTCGGCAGTCCAATTACTGT,34,2910579
ompRp4,13.625,115,7,GTCGCGATGTCCGGATAGTA,108,2924997
ompRp4,0.25,8,7,GTCCGAGCGTTGATTAGGCA,1,2917721
ompRp4,1.875,21,7,GTCCAGGGGTTACGCTGAAT,14,2915413
ompRp4,6.125,55,7,GTCAGCCTGGTAGGAGAAAT,48,2909012
ompRp4,4.0,38,7,GTATCGGGCATCGCACGCGG,31,2915666
ompRp4,0.5,10,7,GTAGGGAGTGTGCCTACGTA,3,2921921
ompRp4,0.25,8,7,GTACAACACAGAAACCACTG,1,2916751
ompRp4,0.375,9,7,GTAAGTCCTGTTGGCATGGT,2,2937659
ompRp4,5.0,46,7,GGTTAAAGACGCCATAGATG,39,2924675
ompRp4,0.25,8,7,GGTACGGGGCTACCCTGTGA,1,2909270
ompRp4,2.125,23,7,GGGGTGTAGGGGTTTTCGTC,16,2908135
ompRp4,0.25,8,7,GGGGCAATCATCGGATAAGT,1,2920805
ompRp4,4.5,42,7,GGGAGCACGATGCCAAGTTA,35,2930998
ompRp4,1.25,16,7,GGGACGTTTCAGCGTGCGGT,9,2920723
ompRp4,4.25,40,7,GGGACAGACCGGAGCTGAAC,33,2935601
ompRp4,0.375,9,7,GGCTGCGTACTCAAGCGTCA,2,2935449
ompRp4,2.0,22,7,GGATGGCCCGAAGCCGTTTT,15,2929088
ompRp4,0.875,13,7,GGAGCATTGTCAGATTACCC,6,2931391
ompRp4,3.125,31,7,GGAGACAGTTACGCTCGCTA,24,2919057
ompRp4,0.75,12,7,GGAATTTCGGCCAAAGTGGC,5,2935004
ompRp4,4.375,41,7,GGAAGGACAGAATTAGCTTC,34,2934112
ompRp4,3.625,35,7,GGAACATCCCAACGCGGTCT,28,2923905
ompRp4,3.5,34,7,GCTGTGCTTACAGTGTACCC,27,2913018
ompRp4,1.125,15,7,GCTCGCGTTAGAACTGTTGC,8,2927002
ompRp4,5.375,49,7,GCTAATATGCCCCTGTCAAG,42,2908874
ompRp4,2.375,25,7,GCGACCGACGCGAGGAGGGC,18,2920964
ompRp4,0.375,9,7,GCCCATATATTGATGGCTTA,2,2935428
ompRp4,1.625,19,7,GCATTCGGGCCTGTCGAACG,12,2928367
ompRp4,0.875,13,7,GATTAGGGACAGATCCGTGA,6,2938263
ompRp4,0.25,8,7,GATGGGCAGAAAATCTTTTG,1,2912909
ompRp4,8.375,73,7,GAGTGTCGCGAAGCCATCGG,66,2931757
ompRp4,5.25,48,7,GAGGCTGCACTCCTTTTTAT,41,2929022
ompRp4,2.25,24,7,GAGAGAGTGATGTTTTACAA,17,2920146
ompRp4,0.25,8,7,GACTGTGTCGTCTCAGTCTA,1,2918086
ompRp4,1.125,15,7,GACTCAGAGTTCACGCACCA,8,2908351
ompRp4,1.0,14,7,GACGGCAGACGTTTTAGACA,7,2915822
ompRp4,2.125,23,7,CTTTGTGGGGCCTGGTATGT,16,2917284
ompRp4,4.375,41,7,CTTCGGAGCTGCTAGTCAAT,34,2910845
ompRp4,0.5,10,7,CTTCCTACGCACATGCTGAT,3,2908305
ompRp4,2.375,25,7,CTTCACTTTTCCAGCCCACA,18,2927725
ompRp4,1.0,14,7,CTGGTTTATGCTGGTAGGTA,7,2910636
ompRp4,2.75,28,7,CTGGTATACAGCGGGGGTGT,21,2933745
ompRp4,0.625,11,7,CTGCAACCTGTAGTGCCAAA,4,2909729
ompRp4,3.875,37,7,CTGACTAGGAAGTAGGGTTG,30,2934122
ompRp4,1.625,19,7,CTCCCCACCAGCGTTGGCTT,12,2926343
ompRp4,1.75,20,7,CTCATGCTCCAATGGTCTGG,13,2911155
ompRp4,0.375,9,7,CTCAGCGATATCCGAAGTTA,2,2935411
ompRp4,6.0,54,7,CTCAAACTTGACACGCTTTT,47,2911670
ompRp4,0.375,9,7,CTATTTCGGATCCGACCCTA,2,2922851
ompRp4,3.875,37,7,CTACATGTGCGTCCCCCGGT,30,2909462
ompRp4,3.25,32,7,CTAATCCAGACGGTCAATTC,25,2915668
ompRp4,2.625,27,7,CGTCCCGTGCTAACGATACT,20,2920370
ompRp4,2.75,28,7,CGGTTTGGGTCGCATCCTAG,21,2932402
ompRp4,2.375,25,7,CGGACTTTTGGCTTAAACCA,18,2913901
ompRp4,2.25,24,7,CGGAAGAAAACGGTGATGGG,17,2922952
ompRp4,9.625,83,7,CGCTACGTGTAATGAGGCTG,76,2916163
ompRp4,0.25,8,7,CGCGCCAAGATCCGGTGAAA,1,2909699
ompRp4,1.25,16,7,CGCCAGGTCCTGGGTACGCT,9,2923779
ompRp4,0.25,8,7,CGAGCCAAACACAACTTAGA,1,2921484
ompRp4,0.25,8,7,CGAGACCAGACATTCCCTTA,1,2938074
ompRp4,0.25,8,7,CCTGGCCGTTCAAGGTCGCT,1,2938159
ompRp4,0.25,8,7,CCTGGCCAGACTATAGTGGG,1,2919977
ompRp4,0.25,8,7,CCTCGCGTGAGGCACTTTAG,1,2911357
ompRp4,2.875,29,7,CCGGCATATCTCTACTCCGA,22,2923242
ompRp4,0.25,8,7,CCGGACAACATCCACCCTCG,1,2930661
ompRp4,4.25,40,7,CCGCCTTAAATTCCAGCGTA,33,2908425
ompRp4,1.625,19,7,CCACCGTGATACTGGATGGG,12,2910344
ompRp4,0.25,8,7,CATCCTACAATCCGCTCGAG,1,2917309
ompRp4,8.0,70,7,CACGAACAAGATGTCAAATG,63,2934603
ompRp4,1.375,17,7,ATTTTAGCGTTAGTCAGTAG,10,2911452
ompRp4,0.875,13,7,ATTTACTTTGCTTCTTTAGA,6,2932256
ompRp4,3.25,32,7,ATTAGGTGCCTTTACATCTC,25,2930731
ompRp4,1.75,20,7,ATGATTACCTGTCCGAAATA,13,2934481
ompRp4,3.75,36,7,ATCTGGGACAGCCGGAAGTA,29,2915621
ompRp4,4.875,45,7,ATCGGATGTAACGTAGTTGT,38,2931003
ompRp4,3.25,32,7,ATCAGCGATCGAGGGACGGA,25,2907931
ompRp4,2.75,28,7,ATATCATCTATTCCGAAAAT,21,2936563
ompRp4,1.375,17,7,ATAGACATTTGGGCTGAACT,10,2922059
ompRp4,0.25,8,7,AGTCCCTAACAGTGCGTTTG,1,2919903
ompRp4,0.875,13,7,AGTCAACTCGGGAGAAGCCA,6,2928960
ompRp4,0.75,12,7,AGGCCGGCCGCTGCGTCAAA,5,2935881
ompRp4,2.875,29,7,AGGCCAGCCCTCAGATTACT,22,2930597
ompRp4,3.375,33,7,AGGACATGTCTGGGTCCTCG,26,2919367
ompRp4,1.0,14,7,AGGACAAGGATCGGCGACCC,7,2923327
ompRp4,2.5,26,7,AGCTCAGGAGGCTTCCGCCT,19,2922338
ompRp4,1.0,14,7,AGCAGGACGATGTTTTTGCC,7,2919202
ompRp4,5.0,46,7,AGACTATGCTGGGGGGATCA,39,2934407
ompRp4,3.875,37,7,ACTTTCATTAGGTTCGTAGA,30,2921993
ompRp4,12.625,107,7,ACTTGTAACCGGTATGATAG,100,2919091
ompRp4,7.125,63,7,ACGGTGAACGTAGAGGGATC,56,2936713
ompRp4,9.75,84,7,ACGATTGACGAGTTCCTCAC,77,2929125
ompRp4,6.75,60,7,ACGATCCGGTGAATATCTGC,53,2910032
ompRp4,0.5,10,7,ACCTCCCTTAATTCTTCATA,3,2916967
ompRp4,6.75,60,7,ACCGTGGGCTAAGGTATAAG,53,2922259
ompRp4,0.25,8,7,ACCATTCGTTTAAACCAAGG,1,2908780
ompRp4,10.75,92,7,ACCATTCGGCAATGCAGCTG,85,2930977
ompRp4,0.625,11,7,ACATAGGGGACATGGGCTGA,4,2921644
ompRp4,3.625,35,7,ACATACAACTCCCCGTCGAA,28,2919646
ompRp4,0.25,8,7,AATTCTCCGGACCGGTTATA,1,2919849
ompRp4,1.25,16,7,AATGTAACCCCCTGTCCGCT,9,2924038
ompRp4,4.5,42,7,AAGTCGTACCTCTTACCCGC,35,2908400
ompRp4,0.25,8,7,AAGCCGTTCTCCGATTCCTA,1,2924476
ompRp4,9.0,78,7,AAGCCCCCGTACTAGAGCCC,71,2925501
ompRp4,2.5,26,7,AAGCCAGGATCGGTTGGACA,19,2926504
ompRp4,5.375,49,7,AACCGTTGGATTGACTTGGA,42,2911633
ompRp4,4.125,39,7,AACAAGTTTATTAGTCTCGA,32,2914661
ompRp4,0.25,8,7,AAACTCATGCTATTACTTGA,1,2911494
ompRp4,3.875,37,7,AAACCCTCTTCACCATCCTA,30,2917759
ompRp4,0.42857142857142855,8,6,TTTCGTCTAACGCGTTGTGT,2,2920567
ompRp4,0.5714285714285714,9,6,TTGGAGGTGGTTCAATGTAC,3,2925489
ompRp4,0.7142857142857143,10,6,TTGCCCTCAGTAAGGCACGG,4,2919280
ompRp4,1.7142857142857142,17,6,TTCTCTACGCCAAGTCCATG,11,2923204
ompRp4,0.2857142857142857,7,6,TGTTCGCCTCTCGGCATGAC,1,2917389
ompRp4,0.7142857142857143,10,6,TGTGGGCACACGGGGAAAGG,4,2931219
ompRp4,5.714285714285714,45,6,TGTGACAGCGATGTCTAATA,39,2916803
ompRp4,0.2857142857142857,7,6,TGTCTTAATTCAATCGACTT,1,2934114
ompRp4,5.714285714285714,45,6,TGTAATCGGCCCTGGCCATG,39,2921007
ompRp4,1.4285714285714286,15,6,TGGTCTGAGATGCTAGTTCA,9,2910842
ompRp4,0.2857142857142857,7,6,TGGTAGAGTGCTCGACATTT,1,2926230
ompRp4,3.857142857142857,32,6,TGGACTCGTTAGTGTGAATA,26,2930779
ompRp4,1.4285714285714286,15,6,TGCGCCTTGAGTCCCCCCTA,9,2914041
ompRp4,14.571428571428571,107,6,TGCGAAGCAGTGCACGTTAG,101,2914437
ompRp4,2.5714285714285716,23,6,TGATCTAAGTTTCTGGTGAG,17,2935702
ompRp4,0.2857142857142857,7,6,TGATCAAGTTTGAAGGTAAT,1,2924940
ompRp4,1.2857142857142858,14,6,TGATATTCTATGTTCTCCCT,8,2922279
ompRp4,1.4285714285714286,15,6,TGAATCCTCAGTGAAACTTA,9,2937107
ompRp4,6.714285714285714,52,6,TCTTTTACAAGAGCTGCTTC,46,2937437
ompRp4,3.142857142857143,27,6,TCTGCTACGCAACGCATGAC,21,2921696
ompRp4,4.285714285714286,35,6,TCGTCGAGAGCTCTCCGATC,29,2924059
ompRp4,2.142857142857143,20,6,TCGGTGGGCAACACGTGTGG,14,2908767
ompRp4,3.857142857142857,32,6,TCGGACGCTATATATTACAT,26,2928851
ompRp4,1.0,12,6,TCGATGAGAGTGGCATAGGT,6,2921620
ompRp4,1.4285714285714286,15,6,TCCAATAAAAGTCCGGGCCT,9,2912131
ompRp4,8.714285714285714,66,6,TCAAACATTACGTCTTAATG,60,2916484
ompRp4,3.857142857142857,32,6,TATGTAGATTGGAGGTATTT,26,2919524
ompRp4,1.4285714285714286,15,6,TATGATGACATCGTTCCAGA,9,2936736
ompRp4,1.4285714285714286,15,6,TATCTTAGTTAGTAGATCGC,9,2919304
ompRp4,9.0,68,6,TATCAGAATATCGAGTAAAC,62,2934070
ompRp4,7.714285714285714,59,6,TAGGACGACGAATACTTCGC,53,2928062
ompRp4,2.0,19,6,TAGAGTACGTCGCCTGAGAG,13,2936151
ompRp4,4.571428571428571,37,6,TAGAGCATACATTGTTCGTC,31,2911955
ompRp4,5.571428571428571,44,6,TACACCGAGTGCCATTCACC,38,2927038
ompRp4,0.2857142857142857,7,6,TAATGCCTGCCGTCATCAGC,1,2929965
ompRp4,7.285714285714286,56,6,GTTTACATGCATAATGATGT,50,2907784
ompRp4,2.2857142857142856,21,6,GTTCCTACGGATCTGGAGTC,15,2931988
ompRp4,3.2857142857142856,28,6,GTTCCGAGCCTCCCTGACGA,22,2920134
ompRp4,0.2857142857142857,7,6,GTTAGTAAATTGGTAGGGTA,1,2907834
ompRp4,2.4285714285714284,22,6,GTGCTATGCCTAAACCTTTG,16,2913117
ompRp4,2.142857142857143,20,6,GTGCCCGCGTTCACGACCAG,14,2935138
ompRp4,5.857142857142857,46,6,GTGCCACTCTACATTATCCC,40,2915679
ompRp4,0.7142857142857143,10,6,GTCTTACATCTATTTAAAGT,4,2933697
ompRp4,0.42857142857142855,8,6,GTCTGAATACTGGTTGCCGT,2,2930627
ompRp4,2.4285714285714284,22,6,GTCGTATCTAGGCCCCGAGA,16,2927203
ompRp4,1.4285714285714286,15,6,GTCCAACTCACGAGTACTGT,9,2917125
ompRp4,1.7142857142857142,17,6,GTATCTCACATACATAGTCA,11,2937206
ompRp4,0.2857142857142857,7,6,GTATCAAACATGGGTTGATC,1,2919638
ompRp4,0.2857142857142857,7,6,GTATAGGTTACGGTCGAGCG,1,2928904
ompRp4,0.2857142857142857,7,6,GTAGCGCCTCTTCGCGAGAC,1,2908576
ompRp4,0.42857142857142855,8,6,GTACCCTCGAACGAGACGTC,2,2933382
ompRp4,0.2857142857142857,7,6,GGTTAAGAACTTTTGCATCT,1,2908796
ompRp4,0.2857142857142857,7,6,GGTGTCATCATGCTCATTGG,1,2911097
ompRp4,4.285714285714286,35,6,GGTCCCTCTCGTCTTGTGGG,29,2919677
ompRp4,6.0,47,6,GGTACTCCTCCTGACCGCGC,41,2912276
ompRp4,2.7142857142857144,24,6,GGTACCTACTTCCAGTTAAT,18,2918399
ompRp4,4.285714285714286,35,6,GGGCGTTTAATGCCAACATT,29,2908488
ompRp4,0.2857142857142857,7,6,GGGCGTCTATTGCACATATG,1,2931639
ompRp4,2.5714285714285716,23,6,GGCTTACCGCAACATAGCTT,17,2908281
ompRp4,3.0,26,6,GGCGTCGGTCAAGTTGCCTA,20,2912001
ompRp4,1.8571428571428572,18,6,GGCCCTATGGTGCGGTAAGG,12,2934113
ompRp4,7.571428571428571,58,6,GGCCCCGGAAGAATTTATTG,52,2913228
ompRp4,0.2857142857142857,7,6,GGACACCGGCAATGCGCGGC,1,2927407
ompRp4,1.0,12,6,GGAAAGTACGGCGTCCCGAG,6,2907857
ompRp4,1.0,12,6,GCTGCCTCTCATAGGAGCTC,6,2938019
ompRp4,2.142857142857143,20,6,GCGCTACATAATAGCTCGTA,14,2923014
ompRp4,1.8571428571428572,18,6,GCGAGCCAGCTCGTTGTGGA,12,2915504
ompRp4,5.285714285714286,42,6,GCCTGAATAATCTCCCATCT,36,2907696
ompRp4,3.142857142857143,27,6,GCCCTCTTAGGCACCGCACG,21,2920367
ompRp4,0.7142857142857143,10,6,GCATATTTACTGAACCTAGT,4,2924374
ompRp4,0.8571428571428571,11,6,GCAGGGAAGTTATCTTTCAG,5,2927581
ompRp4,1.2857142857142858,14,6,GATCCGGTATTACATAGGCC,8,2924279
ompRp4,2.142857142857143,20,6,GAGGATCATATCCTTGCCAC,14,2916260
ompRp4,3.142857142857143,27,6,GAGCTCCTCTGATACTCCCC,21,2922318
ompRp4,2.142857142857143,20,6,GAGCCGCTTCTTATCGTTAA,14,2932466
ompRp4,3.5714285714285716,30,6,GACGTCCTTGCGACCGTCGG,24,2914421
ompRp4,7.0,54,6,GACGGGTGCCTCTAGTGCTC,48,2926688
ompRp4,1.1428571428571428,13,6,GACCGGCCCGCGAAACTGTC,7,2918378
ompRp4,5.714285714285714,45,6,GAAGTGTAGCCGGGCATCGG,39,2913422
ompRp4,5.0,40,6,GAACTGAGTCTTAATCCCGG,34,2913953
ompRp4,5.0,40,6,GAACGACTGGTGGACTCATT,34,2909755
ompRp4,1.8571428571428572,18,6,GAAATTAAGCGTTCTAAGGA,12,2923180
ompRp4,0.2857142857142857,7,6,CTTTCGATCAGATGACAAAC,1,2913336
ompRp4,1.0,12,6,CTTTCCCTATGCCCAGTGGT,6,2921013
ompRp4,0.2857142857142857,7,6,CTTGGGAACTCTGTTCATGC,1,2911250
ompRp4,5.142857142857143,41,6,CTTCGTTACCCGGGCGGCTT,35,2914113
ompRp4,0.7142857142857143,10,6,CTTATATAGCCATCAGGCTG,4,2922383
ompRp4,4.857142857142857,39,6,CTGTATGGTGAATGAAGGTA,33,2921958
ompRp4,8.0,61,6,CTGGTGATCAGGTTTAGGTA,55,2915183
ompRp4,5.571428571428571,44,6,CTCAACAGCATTTACCTTGA,38,2922379
ompRp4,2.2857142857142856,21,6,CTAGTCCCGGCTATTACAAT,15,2918328
ompRp4,0.7142857142857143,10,6,CTACCGTCCGGACAGGTCAC,4,2933272
ompRp4,1.5714285714285714,16,6,CTACACGGAGGCACGTGAAT,10,2914432
ompRp4,4.428571428571429,36,6,CGTGCCTGGGAACGTCGGAA,30,2912616
ompRp4,3.857142857142857,32,6,CGGTTGCGCTGGGTTCCACG,26,2935395
ompRp4,0.2857142857142857,7,6,CGGTAGGGCAGACTGTGATC,1,2924823
ompRp4,0.5714285714285714,9,6,CGCGGCGCAGTTTTTCCCTC,3,2930299
ompRp4,3.2857142857142856,28,6,CCTGTGGGGCATGCGCACTC,22,2923448
ompRp4,3.5714285714285716,30,6,CCTCGCGGTGATTATGGGTG,24,2937773
ompRp4,6.714285714285714,52,6,CCGCAGTGGGTTCTCGCCGT,46,2936586
ompRp4,1.7142857142857142,17,6,CCGACAAATCGGTTGCACGA,11,2923215
ompRp4,0.2857142857142857,7,6,CCCTTTTCGATATAGGGTAG,1,2916419
ompRp4,0.2857142857142857,7,6,CCCGGAGTGCGGAAGAGTAC,1,2928953
ompRp4,3.142857142857143,27,6,CCCGCGGGGCCATCCTGTCA,21,2935551
ompRp4,2.5714285714285716,23,6,CCATTCCTAGTTTGGTAATA,17,2922810
ompRp4,0.5714285714285714,9,6,CCAGTTCGTCTCTTGGATGA,3,2908997
ompRp4,0.42857142857142855,8,6,CATTAAGAAAAAAGGGGACT,2,2928664
ompRp4,0.7142857142857143,10,6,CATCGTCCCTGAGGGACGTT,4,2937278
ompRp4,5.428571428571429,43,6,CATCGATGGGAGCTATCTGG,37,2920185
ompRp4,0.2857142857142857,7,6,CAGTTTCGGTTGCGCAGGGC,1,2917583
ompRp4,1.7142857142857142,17,6,CACGCGGTGCTCGCTGCGAA,11,2930383
ompRp4,2.7142857142857144,24,6,CACCGTGAGCAAGGCACATG,18,2934828
ompRp4,7.857142857142857,60,6,CACCGGTGGCCACCGAGTTA,54,2921728
ompRp4,1.7142857142857142,17,6,CAAGCACTTTGGAATATCAG,11,2930751
ompRp4,3.4285714285714284,29,6,CAAGATCTAAATACCTGTGC,23,2936501
ompRp4,0.2857142857142857,7,6,ATTTGGACCTGAGGTCCGGA,1,2912239
ompRp4,0.2857142857142857,7,6,ATTTCGGATATATGGATTTA,1,2913500
ompRp4,2.4285714285714284,22,6,ATTGCCTCTATTCGTACTGC,16,2925788
ompRp4,2.0,19,6,ATTAAACGGTTCTGAGTCAC,13,2931791
ompRp4,5.0,40,6,ATGTTAGGCTCTTAAAGGTT,34,2926072
ompRp4,3.7142857142857144,31,6,ATGTCCCTACAGTCAGTTTT,25,2925130
ompRp4,6.714285714285714,52,6,ATGCGTCAAACACGACGGTG,46,2912610
ompRp4,5.0,40,6,ATGAGCATTGGACTCTCCTA,34,2926215
ompRp4,5.428571428571429,43,6,ATGACGGGAGACGCCATCTG,37,2909537
ompRp4,0.2857142857142857,7,6,ATCGGGCGTTTAGAGAATTT,1,2916161
ompRp4,3.4285714285714284,29,6,ATCCTACAATCAGGTTGGTA,23,2935295
ompRp4,0.2857142857142857,7,6,ATCATAAGGCCTGACTGCCC,1,2923543
ompRp4,1.1428571428571428,13,6,ATAGTATCGTCTCAGGTAAG,7,2925799
ompRp4,3.857142857142857,32,6,ATAGGATTCGAAATTCAGGG,26,2918459
ompRp4,1.2857142857142858,14,6,ATAGCCGTTGGAATCTCGCT,8,2923151
ompRp4,4.714285714285714,38,6,ATACCCAAATGTAATATCCT,32,2912501
ompRp4,0.5714285714285714,9,6,AGTGTAGGTTAACACTTTTA,3,2916655
ompRp4,12.571428571428571,93,6,AGTACCCGTTTTGGATACGG,87,2919047
ompRp4,1.5714285714285714,16,6,AGGTAACGTCCCGGTCTGTG,10,2924815
ompRp4,5.428571428571429,43,6,AGGGCGTTTTATGCGATGCA,37,2932434
ompRp4,6.857142857142857,53,6,AGGCACTCATACTTACGTGA,47,2916130
ompRp4,5.571428571428571,44,6,AGCTTTGGGAGCTAAGTACA,38,2925612
ompRp4,1.1428571428571428,13,6,AGCTTTACGTCAACCGTAAT,7,2937004
ompRp4,19.857142857142858,144,6,AGCTCGTTTGCAGTAGTACT,138,2914672
ompRp4,3.0,26,6,AGCGCGACGGCTATAGTGGG,20,2918597
ompRp4,2.5714285714285716,23,6,AGAGAGTATATTATAGATAG,17,2928286
ompRp4,2.857142857142857,25,6,AGACTCGCAAGGGCGCATCT,19,2917934
ompRp4,0.2857142857142857,7,6,AGAATTTACGTGAGCGCTGT,1,2937060
ompRp4,1.4285714285714286,15,6,ACTCGTTGCAATGTACGAGT,9,2915944
ompRp4,20.142857142857142,146,6,ACTCATCGCACATACTTTTA,140,2933109
ompRp4,7.285714285714286,56,6,ACTCACAAGGCACGATACAA,50,2908340
ompRp4,7.0,54,6,ACGTCTATACTTGACACTCA,48,2909756
ompRp4,5.857142857142857,46,6,ACGGGGTGAGGCCGCTCAGG,40,2921040
ompRp4,4.0,33,6,ACGCGTAGATCTAACCCGTG,27,2917360
ompRp4,6.0,47,6,ACGCACCGTACGATCGAACG,41,2917972
ompRp4,7.428571428571429,57,6,ACCTAATCTCCAGGAAGACT,51,2923035
ompRp4,1.7142857142857142,17,6,ACCGTTCCTGCTTCGACGCT,11,2913777
ompRp4,1.8571428571428572,18,6,ACCCATATGTACGCAGCCCA,12,2935038
ompRp4,3.142857142857143,27,6,ACAGAGTTCATCGATTTGTG,21,2908079
ompRp4,3.0,26,6,ACACAACTCAAAACCTGAAC,20,2929154
ompRp4,3.857142857142857,32,6,AATCCTACACATAGGTGCTG,26,2912990
ompRp4,4.0,33,6,AATATGTTTCTACATAGCTG,27,2910718
ompRp4,4.571428571428571,37,6,AAGTGACTTTTGCTCAAAAT,31,2933497
ompRp4,2.5714285714285716,23,6,AAGTCCCGTCGCGACCGGTC,17,2912737
ompRp4,4.428571428571429,36,6,AAGTAGATAAGCTCCGTGTC,30,2919871
ompRp4,0.7142857142857143,10,6,AAGGGTCGAATCACACTCTC,4,2921174
ompRp4,0.42857142857142855,8,6,AAGGACAGGAGATGACGGTC,2,2920483
ompRp4,1.1428571428571428,13,6,AAGCGCTACCTTTCATGTGT,7,2916333
ompRp4,2.0,19,6,AAGACTCACAGGGCGGCCTG,13,2908823
ompRp4,8.428571428571429,64,6,AACTTGTGCAGTTCAGTTGT,58,2918717
ompRp4,5.285714285714286,42,6,AACTGGCTAGAGACAAAAAG,36,2925426
ompRp4,1.7142857142857142,17,6,AACTCGTTCTAGTTTAGGAT,11,2934171
ompRp4,0.5714285714285714,9,6,AACGGGGTCTCTGGATTGTC,3,2937375
ompRp4,1.5714285714285714,16,6,AACGGCACTGTTTTTCTTAA,10,2925245
ompRp4,4.142857142857143,34,6,AAATTTCGCGGACTCTTCGA,28,2922996
ompRp4,0.2857142857142857,7,6,AAATGGAGAGGCTCCTAAAG,1,2920285
ompRp4,3.857142857142857,32,6,AAAGGCGCGCCGGGCACTAC,26,2921745
ompRp4,2.5714285714285716,23,6,AAAGCCGGGTCGAACTGCTC,17,2912273
ompRp4,3.4285714285714284,29,6,AAACCACGCGATGGAGCCTT,23,2930540
ompRp4,0.2857142857142857,7,6,AAAAGTGACCGGAGAGGATC,1,2911615
ompRp4,5.166666666666667,35,5,TTGCGGATATTAGGATCAAC,30,2923206
ompRp4,2.0,16,5,TTCAGGTGTGTTTGCCATAT,11,2927885
ompRp4,4.166666666666667,29,5,TTAGGCATAGCCCCAATAAT,24,2933613
ompRp4,3.0,22,5,TTACCACTGCACCCTGGTCA,17,2936738
ompRp4,9.5,61,5,TGTGTTTGTAGGGGCAACTG,56,2934631
ompRp4,12.0,76,5,TGTCTTCTACTCAGATAAAC,71,2916467
ompRp4,11.5,73,5,TGTCGGCGTTCACCTCCCAA,68,2923578
ompRp4,4.333333333333333,30,5,TGGTGAGCTGGGAGTTTGTT,25,2913060
ompRp4,6.0,40,5,TGCCGGAATTGCACGGGTTT,35,2926580
ompRp4,0.8333333333333334,9,5,TGACGGTCGCTTTAAGGAGC,4,2920187
ompRp4,1.5,13,5,TGAACAACGCGCTCCTTCCA,8,2938193
ompRp4,0.8333333333333334,9,5,TCTGGAAATGGTGGGGGCGA,4,2915641
ompRp4,8.5,55,5,TCTGCACCGTGTAACTGTCT,50,2916769
ompRp4,2.1666666666666665,17,5,TCTCCAGCACCTCCCCAGAA,12,2918767
ompRp4,0.3333333333333333,6,5,TCTCAGATTGCGATGGACGC,1,2933128
ompRp4,0.3333333333333333,6,5,TCGGGGCACGTGGATAATCG,1,2915390
ompRp4,0.5,7,5,TCGACTGGCACTTAACGTGT,2,2917323
ompRp4,1.3333333333333333,12,5,TCCGGTCTCAGCCTCCAATG,7,2935327
ompRp4,0.8333333333333334,9,5,TCCATAAGTCGCTTGGCCAA,4,2914431
ompRp4,8.5,55,5,TCATACAACAGGCCTGGCCC,50,2928787
ompRp4,5.666666666666667,38,5,TCAGTAAACCCTTTAAAGGG,33,2918467
ompRp4,4.5,31,5,TCAGGGCAGACCCTTCAGGT,26,2908384
ompRp4,5.5,37,5,TATATACCAGCGTGCAATCA,32,2909880
ompRp4,0.3333333333333333,6,5,TAGGCAGTATGGACTTGTGT,1,2925548
ompRp4,3.8333333333333335,27,5,TAGCACTCAGGCCATAATTC,22,2928756
ompRp4,4.666666666666667,32,5,TACCTTTCGAACAGAGGCTC,27,2921666
ompRp4,0.3333333333333333,6,5,TACAGGACACCACAACTAAG,1,2908042
ompRp4,6.5,43,5,TACACGGGTCTCACGTTGGA,38,2924970
ompRp4,9.166666666666666,59,5,TAATCCGACTGGTGTAGGGT,54,2910141
ompRp4,0.3333333333333333,6,5,TAAGCGGAAATGAAAGGTTG,1,2921445
ompRp4,0.5,7,5,TAACGCCCTGGAAACGCATG,2,2919955
ompRp4,3.8333333333333335,27,5,TAACCCTAACAAAGGATCAT,22,2928768
ompRp4,1.1666666666666667,11,5,GTTGCTGTAGAACCGCAGCA,6,2930501
ompRp4,6.333333333333333,42,5,GTGTCGGAGTCTCCATTGTG,37,2928111
ompRp4,2.3333333333333335,18,5,GTGTATACAGAGGGCTGTCC,13,2925389
ompRp4,4.833333333333333,33,5,GTGCGGATCATTGATGAGTG,28,2933189
ompRp4,2.6666666666666665,20,5,GTGAGTCGTCGTAACGACTA,15,2917081
ompRp4,22.333333333333332,138,5,GTCATGACGCGACTTTATAT,133,2908468
ompRp4,6.5,43,5,GTCAGCATCGAATCGAATCT,38,2929693
ompRp4,1.3333333333333333,12,5,GTAGGGCGCTGAGAGGGAGA,7,2921203
ompRp4,4.333333333333333,30,5,GTAGCTTTTTGGTTGAGCAA,25,2925248
ompRp4,3.1666666666666665,23,5,GTACTTCATAAACTATGCCA,18,2915716
ompRp4,1.0,10,5,GTAAGTACGCTAGCTAAAAA,5,2915015
ompRp4,7.0,46,5,GGTTCGCCATCGGCCTCTGG,41,2913459
ompRp4,0.3333333333333333,6,5,GGTGAAATACTCAGGGCGGC,1,2934239
ompRp4,1.0,10,5,GGTCATGTTCGTTCAGCGTA,5,2915328
ompRp4,3.5,25,5,GGGTGGCGATTTCCTCGACG,20,2913504
ompRp4,2.5,19,5,GGCTAGCGACCTACCACCCC,14,2930370
ompRp4,2.5,19,5,GGCGATGATCAGCCGTTGAC,14,2920441
ompRp4,5.666666666666667,38,5,GGCAGCGTCCTTACGGGCGC,33,2920895
ompRp4,0.3333333333333333,6,5,GGCAGCGCGGTACCGGAGAC,1,2932630
ompRp4,5.833333333333333,39,5,GGAGCTAGCGGGACTCACTT,34,2937100
ompRp4,1.0,10,5,GGAGAAATGCCCCACTGATC,5,2934071
ompRp4,6.333333333333333,42,5,GGACAGCAATCTATCTGCCT,37,2932430
ompRp4,6.666666666666667,44,5,GGACAATGAATTAATTTGGT,39,2913846
ompRp4,1.5,13,5,GGAACAACCAAGTAGATAGA,8,2931048
ompRp4,2.0,16,5,GCTTTTGCACCTGCAAGGGC,11,2910113
ompRp4,6.833333333333333,45,5,GCTTCTACTCAATCTAGCCT,40,2916567
ompRp4,6.166666666666667,41,5,GCTTCCCCACGTACTATGCA,36,2914311
ompRp4,1.1666666666666667,11,5,GCGATGGCCTCGGGAGGATT,6,2937220
ompRp4,1.8333333333333333,15,5,GCCGTACTCTCGCTTACCAG,10,2922587
ompRp4,0.5,7,5,GCCATTCAGTCTAGCATCAT,2,2927954
ompRp4,1.1666666666666667,11,5,GCCATGGTTATACTCGAAGA,6,2912611
ompRp4,0.3333333333333333,6,5,GCATAGGTGACTTGACCATC,1,2935383
ompRp4,1.0,10,5,GCAGGTCGGGGGGGTATCAG,5,2926846
ompRp4,0.5,7,5,GCACTGTAGAAACGTCATTA,2,2935561
ompRp4,2.3333333333333335,18,5,GCACGGATATGGACTTGTTA,13,2928762
ompRp4,2.3333333333333335,18,5,GACTAGCTCATAATGGCAGG,13,2911573
ompRp4,8.0,52,5,GACATTACGACTTCGAGGCC,47,2910558
ompRp4,4.5,31,5,GAATTTCACATATACTTCCC,26,2935373
ompRp4,1.1666666666666667,11,5,GAACCCATTTAATGTGAACA,6,2921571
ompRp4,6.833333333333333,45,5,CTTGCCCTCGAAAACGACGG,40,2917254
ompRp4,5.166666666666667,35,5,CTTATCCATAGGGATTTCAT,30,2909337
ompRp4,0.8333333333333334,9,5,CTTAGCCGGCTATATCCGTA,4,2931711
ompRp4,3.5,25,5,CTGTCTGGTAAGGTAGCTTG,20,2934423
ompRp4,4.666666666666667,32,5,CTGCTGTGGGTAACGTAGGG,27,2921910
ompRp4,7.333333333333333,48,5,CTCTGTTTAACCCCGTTCCT,43,2921226
ompRp4,2.1666666666666665,17,5,CTCGGTGTATTAATTAACAA,12,2930623
ompRp4,2.6666666666666665,20,5,CTCGCAGACCCGGCTTGTTA,15,2920603
ompRp4,0.5,7,5,CTCAGGGATGTCTGCTCGAG,2,2925791
ompRp4,3.0,22,5,CTCAATCATGACTGAGTATG,17,2912974
ompRp4,0.6666666666666666,8,5,CTAACCGAAACTCCTCCCCC,3,2914723
ompRp4,6.333333333333333,42,5,CGTGCCCGGTAGAGCCCCAG,37,2934377
ompRp4,0.6666666666666666,8,5,CGTATGTCAATATTTACGGG,3,2929368
ompRp4,3.5,25,5,CGGCGCCTCATGATCTGGTT,20,2935097
ompRp4,3.8333333333333335,27,5,CGGCCACAGTAGCCGTCTTA,22,2936370
ompRp4,3.1666666666666665,23,5,CGCTGTCGGAACACCTGTAC,18,2917601
ompRp4,2.1666666666666665,17,5,CGCGGTTGAGCACTCATGGG,12,2929581
ompRp4,6.333333333333333,42,5,CGCCAGTAAATGCAACGAGC,37,2913905
ompRp4,1.3333333333333333,12,5,CGCATGCTAGCCTGTTTGGT,7,2915305
ompRp4,6.833333333333333,45,5,CGACAGGTTCGAACAGCGGA,40,2918127
ompRp4,0.5,7,5,CCTGCGTCTTTTCAAGATGG,2,2916164
ompRp4,0.5,7,5,CCTCTTATGTACTCAGCGTT,2,2917802
ompRp4,5.666666666666667,38,5,CCTCCAAACTTGCTGGGCTT,33,2928715
ompRp4,3.6666666666666665,26,5,CCTCACTTCAGTGCATTATA,21,2919655
ompRp4,13.0,82,5,CCGTTTTATCCGCGACCGTG,77,2920815
ompRp4,4.833333333333333,33,5,CCGGCATTCACATATAACTA,28,2928506
ompRp4,3.0,22,5,CCGATACTGATTACTGAGGT,17,2912896
ompRp4,2.0,16,5,CCCCAGTCATGTGAGGTTTA,11,2915006
ompRp4,2.1666666666666665,17,5,CCCACGATGCCCATCTACTT,12,2925990
ompRp4,10.666666666666666,68,5,CCCACCAGTTTCAACGACGC,63,2907783
ompRp4,5.0,34,5,CCATTAAAATTTAATGATTT,29,2924737
ompRp4,15.666666666666666,98,5,CCATAGAAAAGCGAGATGAT,93,2922354
ompRp4,1.6666666666666667,14,5,CAGATCTACATGTCCGGGGT,9,2930496
ompRp4,4.333333333333333,30,5,CACTCAAGTCTCCAGCCACT,25,2922702
ompRp4,2.3333333333333335,18,5,CACAGGGGGTTATGGTAATT,13,2936625
ompRp4,9.333333333333334,60,5,CAAGTATTGTAAGTATGTAC,55,2919061
ompRp4,2.8333333333333335,21,5,CAAGGCCTGAGAGCACCTAT,16,2929373
ompRp4,0.5,7,5,CAACCTTCACATTCCTTCTG,2,2908800
ompRp4,4.0,28,5,CAAATTCCTGACTGAGCCAT,23,2922238
ompRp4,8.833333333333334,57,5,CAAAAACTCGTCTTGATACT,52,2929300
ompRp4,4.166666666666667,29,5,ATTACTGGCGCCTACGTAAC,24,2925343
ompRp4,5.0,34,5,ATTACATCGTTTCGCTATTG,29,2916009
ompRp4,6.333333333333333,42,5,ATGTTGTCCTCATACGGTTG,37,2912542
ompRp4,2.3333333333333335,18,5,ATGATCCTAGTCAGGGATTT,13,2917531
ompRp4,3.0,22,5,ATGAACTCCCGTTCGCTATG,17,2929219
ompRp4,13.5,85,5,ATCGTGGAGACCGGTAATAA,80,2929905
ompRp4,4.333333333333333,30,5,ATCCTGTTTCAATCTGTCTA,25,2915112
ompRp4,0.3333333333333333,6,5,ATATATGTGACCAAAGCCCC,1,2912510
ompRp4,1.0,10,5,ATACTGACATCTCATATCCT,5,2933132
ompRp4,2.8333333333333335,21,5,ATAATGAATTGATCGGATTC,16,2921369
ompRp4,2.5,19,5,ATAAGTTATCTGGCTCCACG,14,2920550
ompRp4,1.3333333333333333,12,5,AGTTATATGGAGCGTTTTGG,7,2924170
ompRp4,0.3333333333333333,6,5,AGTGTAGGCACTTACACAGT,1,2929350
ompRp4,0.3333333333333333,6,5,AGGGTGCGAGGTGTGTAGGA,1,2936006
ompRp4,0.3333333333333333,6,5,AGGGCCGCCACCACCAGCTG,1,2918462
ompRp4,6.666666666666667,44,5,AGCGTGAGCTATTGAGTCAG,39,2915694
ompRp4,0.3333333333333333,6,5,AGCGGGGCCTGTGAATGATG,1,2918545
ompRp4,1.0,10,5,AGCGCTATGACGGAACTTAC,5,2934471
ompRp4,1.5,13,5,AGCGATGTCCCATGCACACG,8,2914683
ompRp4,4.833333333333333,33,5,AGCCTTTATGCGCTGTCGGG,28,2920272
ompRp4,4.5,31,5,AGCCGTTCACAATAGGGATG,26,2935190
ompRp4,1.6666666666666667,14,5,AGCCCTGAGTCCTCCATGAC,9,2911888
ompRp4,6.5,43,5,AGATCTGCTGGTAACTATAT,38,2930752
ompRp4,0.3333333333333333,6,5,AGAGATAAAAGTCCGATCGA,1,2927171
ompRp4,1.0,10,5,ACTGTTACTCTATTTACCTC,5,2934980
ompRp4,5.833333333333333,39,5,ACGTACTTCGTCAATACTAA,34,2933885
ompRp4,0.3333333333333333,6,5,ACGGCTAGTGACTTTCCTTA,1,2924692
ompRp4,2.3333333333333335,18,5,ACGACGTGCAATGTCCGGAA,13,2924709
ompRp4,1.6666666666666667,14,5,ACAGGGAAAATGTCGCCAGT,9,2929517
ompRp4,5.5,37,5,ACAGCTAACTTGCTGAAGGA,32,2920090
ompRp4,3.1666666666666665,23,5,AATTGCAAGTCATATCACGA,18,2908186
ompRp4,0.3333333333333333,6,5,AATATGCCACACGGCTTCAT,1,2924900
ompRp4,1.3333333333333333,12,5,AATAAATTTCACCGTATACA,7,2922372
ompRp4,6.166666666666667,41,5,AAGTCATGATCCTTGAAATC,36,2912942
ompRp4,2.3333333333333335,18,5,AAGCATGGCGCAATTGTGCA,13,2927134
ompRp4,0.3333333333333333,6,5,AACTTCAGGACTGCTTCGGC,1,2914159
ompRp4,1.3333333333333333,12,5,AACGCAGGTCTGGGAGTCAG,7,2937695
ompRp4,0.3333333333333333,6,5,AACCATGCCCCCATCCACAG,1,2937622
ompRp4,2.1666666666666665,17,5,AACCAGGTCCCGCTACCGCT,12,2909043
ompRp4,0.5,7,5,AACAATTACGACTAAAGTCA,2,2918951
ompRp4,2.5,19,5,AAATTGACTTGGTTGCCTTG,14,2936524
ompRp4,0.3333333333333333,6,5,AAACGTGCCTGGGTGGCGAG,1,2909145
ompRp4,15.0,78,4,TTTTCTGCCATTAGAGGTAC,74,2920500
ompRp4,0.4,5,4,TTTACCGGGAATGGGCCTAC,1,2919918
ompRp4,2.2,14,4,TTGCTACTAAAGCATTTTCC,10,2919186
ompRp4,0.4,5,4,TTGCATGGAGGATCCCCCAT,1,2917666
ompRp4,2.4,15,4,TTGACAGACCACTCTCTCTA,11,2935634
ompRp4,0.6,6,4,TTGAATTGTATTTGGATCCT,2,2914090
ompRp4,0.4,5,4,TTCTAAAAGTCGAAGAGCTG,1,2929646
ompRp4,7.6,41,4,TTCGCCACAAGAAGCTTGTT,37,2913137
ompRp4,2.8,17,4,TTAGACGGTCGCGCAACAGG,13,2933882
ompRp4,4.2,24,4,TGTAAAGGAAAGGCTGACCT,20,2929502
ompRp4,5.8,32,4,TGGTAAAGGGTAGGTATCTT,28,2924917
ompRp4,13.8,72,4,TGGGCTATGGACGTGCTGAG,68,2913021
ompRp4,3.6,21,4,TGGAGCGGCAAGACGGCCTA,17,2936397
ompRp4,6.2,34,4,TGGACAGCTTCAAAACCATA,30,2922537
ompRp4,4.0,23,4,TGCTCAGGGCATTAAGACAG,19,2931502
ompRp4,0.4,5,4,TGATCTGAGTATCGACTCGT,1,2922486
ompRp4,0.4,5,4,TGAGCTCCCGCCGGGTCGTT,1,2921572
ompRp4,1.4,10,4,TCTGGCCGATTCAACTTCCC,6,2930728
ompRp4,2.4,15,4,TCTATCACCAGAGGTCACGA,11,2938223
ompRp4,3.4,20,4,TCGTGCGTATCAGGGCGCAA,16,2910956
ompRp4,3.4,20,4,TCGTCCCCGGAATTTCGTTA,16,2916746
ompRp4,5.8,32,4,TCGCTCCGTTAATCCGGACT,28,2936166
ompRp4,7.4,40,4,TCGCGCGTAAAGAGTTCCTC,36,2922239
ompRp4,2.2,14,4,TCGAACGTCCACTTTTCGTG,10,2921625
ompRp4,21.4,110,4,TCATGAGCCCTGCGCCACGA,106,2925622
ompRp4,0.4,5,4,TCAGTTATTCGAGAGTCGAA,1,2931706
ompRp4,2.2,14,4,TCAGGAGTAGCCAGGATGTT,10,2930276
ompRp4,7.0,38,4,TCAGCTTTTATACCTACAGG,34,2937778
ompRp4,5.2,29,4,TATTCTGGCGGCATACCTTC,25,2913075
ompRp4,0.4,5,4,TATTAGAACTCCGGGTATGG,1,2914239
ompRp4,28.4,145,4,TATGCAAGGAGTGGTCTTTA,141,2921834
ompRp4,6.2,34,4,TACTCCGGACCGGGGTATAC,30,2930920
ompRp4,4.2,24,4,TACGATAGTAAAAGGAGACC,20,2926258
ompRp4,5.0,28,4,TACCTGGGTTGCCTCCTCGA,24,2910168
ompRp4,0.4,5,4,TAACATTAAGTAACTGACTG,1,2928246
ompRp4,2.8,17,4,TAAATCATCCATCTACCTAA,13,2930946
ompRp4,6.0,33,4,GTGTTGGCTGTTACATGTTA,29,2927390
ompRp4,4.8,27,4,GTGTAGCGGGTCAGGCTGAG,23,2916860
ompRp4,1.4,10,4,GTGGTTGGATTCCTGGTCTG,6,2931130
ompRp4,0.4,5,4,GTGGGCTCTTTGACCCGGGT,1,2929293
ompRp4,3.2,19,4,GTGCCTGTGCCATGAGCCGA,15,2926212
ompRp4,19.0,98,4,GTCTTGCATTGGCTATGCCA,94,2925387
ompRp4,5.6,31,4,GTCTTCGGAAGATGGCGAAA,27,2909313
ompRp4,4.6,26,4,GTCCGCCTGAAAGGAATATA,22,2910860
ompRp4,4.4,25,4,GTATTGGGATAGGTTGCCTC,21,2924640
ompRp4,4.2,24,4,GTAGCGTTAGTTGGTCGTAT,20,2909651
ompRp4,6.4,35,4,GTACGCTCGAAAACTATGGT,31,2936725
ompRp4,0.4,5,4,GTAAACAAATAGAAAAACCA,1,2919657
ompRp4,1.8,12,4,GGTCAACGGGGTCCCGACCT,8,2920116
ompRp4,2.0,13,4,GGGGTCTGGTTCGGTGATCA,9,2934765
ompRp4,0.4,5,4,GGGGGCTAGGTAGAACTGAA,1,2922904
ompRp4,4.0,23,4,GGGGCATCAAATGTTTACGA,19,2910167
ompRp4,0.4,5,4,GGGCTGTCTGTGCAAGTTGC,1,2924574
ompRp4,5.6,31,4,GGGATGGCGTGTTCGCTCAG,27,2930168
ompRp4,8.0,43,4,GGCTACACTCTCTGTCGAGA,39,2925445
ompRp4,1.0,8,4,GGCGATTTAGTTGTATGATG,4,2928616
ompRp4,6.2,34,4,GGCCCCGATGAGTGTAATAA,30,2914489
ompRp4,0.4,5,4,GGAGTCCAAGCCTTGCCTTA,1,2926637
ompRp4,5.8,32,4,GGAAGAATTGCAACCGAGTC,28,2920117
ompRp4,1.4,10,4,GCTCACCGTGAATCGACGTG,6,2909190
ompRp4,9.6,51,4,GCTATTACAGTAGTAGGCAG,47,2936306
ompRp4,4.0,23,4,GCGTACGCGACACAGTTGCA,19,2931384
ompRp4,3.6,21,4,GCGCGTCGCTAAGTTACATT,17,2915726
ompRp4,0.6,6,4,GCGCCGCGTGTCGGCGGGTA,2,2910723
ompRp4,2.8,17,4,GCGACTTAAATGTGTGGAGG,13,2920936
ompRp4,4.6,26,4,GCGAATCGACCGACATGACA,22,2932881
ompRp4,1.2,9,4,GCCTTCTCCGTATTGTGCCC,5,2933409
ompRp4,5.4,30,4,GCCTAACTTACGGCTTCCTC,26,2915936
ompRp4,2.6,16,4,GCATTAGGGTGCAACGTCGC,12,2928625
ompRp4,4.0,23,4,GCATGGCTCGAACCCTAGTT,19,2919924
ompRp4,0.4,5,4,GCATCACTCCTCTGTGATTG,1,2931569
ompRp4,5.0,28,4,GCATATTCGTAATGTTCAAA,24,2917110
ompRp4,0.8,7,4,GCAAGGAGCTCGGCCGGTGC,3,2916032
ompRp4,3.6,21,4,GATGAACCAACAAAGGCTAG,17,2919081
ompRp4,2.6,16,4,GATAGATCAAAGCTTTGGAC,12,2912166
ompRp4,0.8,7,4,GAGTTACGCGATGGGACGGT,3,2923318
ompRp4,14.6,76,4,GAGGTCGAAATTCCAGTATC,72,2936573
ompRp4,0.4,5,4,GAGCTTAAATAGATACTGTC,1,2912696
ompRp4,0.4,5,4,GAGCAAATGAGCTTCGCAGC,1,2926931
ompRp4,0.4,5,4,GAGATACCCATCACCCATAG,1,2923608
ompRp4,0.4,5,4,GAGACAGGGCGTTTCGTAAA,1,2919205
ompRp4,6.8,37,4,GACTCCTTGACCCCTTACAC,33,2909653
ompRp4,9.6,51,4,GACCTGCTGTGACCAACAAT,47,2933816
ompRp4,9.8,52,4,GAACTAGCTGATGGGGTTCG,48,2922697
ompRp4,13.2,69,4,GAACCAACCTGATCGCATCC,65,2918310
ompRp4,12.4,65,4,CTGTGCTACAGTTACGCGCG,61,2915089
ompRp4,2.2,14,4,CTGTCCTTATATTCATCGCA,10,2910477
ompRp4,10.6,56,4,CTGGTTCGGTGGGAGGCCCT,52,2926791
ompRp4,1.4,10,4,CTGCATAGCGCGGTTCATGC,6,2909691
ompRp4,9.2,49,4,CTCGTCTCGTGAGCTTTTGT,45,2927961
ompRp4,1.8,12,4,CTCGGAGTGTTCCAGGGTGG,8,2929400
ompRp4,3.2,19,4,CTCACGTCTTGAAGCGCTGC,15,2932150
ompRp4,4.0,23,4,CTACGTTTACATTTGCCTCT,19,2922218
ompRp4,8.0,43,4,CGTTTAGTTTATTGTATGGG,39,2937602
ompRp4,2.0,13,4,CGTTATCGGTCACATTACAT,9,2925444
ompRp4,1.6,11,4,CGGTAGTGACTCGATAAAGA,7,2926836
ompRp4,1.0,8,4,CGGGTGGGTTTAACCGTCCT,4,2914928
ompRp4,1.6,11,4,CGGGTGATAGAAATAATTCA,7,2920829
ompRp4,0.4,5,4,CGGGTACGCATTACGTGCTA,1,2913383
ompRp4,11.4,60,4,CGGCACCTGTATATGAAGAA,56,2933970
ompRp4,3.0,18,4,CGCTTAGGAGGTAACTAGGT,14,2928022
ompRp4,2.2,14,4,CGCTCGGTTTCACCCATGCT,10,2917126
ompRp4,12.8,67,4,CGCCCGAAACGGTCCTAACG,63,2934775
ompRp4,8.0,43,4,CGATCAAAGGCGTCATACTT,39,2925832
ompRp4,8.8,47,4,CCTGCTAACCCAAAATTGCA,43,2918683
ompRp4,0.4,5,4,CCTCGGGTTATCGGGTAAAA,1,2930499
ompRp4,7.0,38,4,CCGTAGCCGTCCGGCTCGAC,34,2922347
ompRp4,41.4,210,4,CCGGTACTAGCTTCTGTTCA,206,2922360
ompRp4,4.6,26,4,CCGCTTCGGAGCGAGTCCTA,22,2910899
ompRp4,0.8,7,4,CCAGACCAGCCTCCGTTACT,3,2928447
ompRp4,0.4,5,4,CCAAAATTGTGGTGCGTTAA,1,2919901
ompRp4,1.0,8,4,CATCATAAGGACCGATGGTT,4,2920619
ompRp4,0.4,5,4,CAGGTGGTGACCAAGGCAAA,1,2918400
ompRp4,5.0,28,4,CAGGACCTTTTATGGTGCCT,24,2918602
ompRp4,2.8,17,4,CAGACCGCAACAATCATGGC,13,2910117
ompRp4,2.6,16,4,CACGCCCCGGCTAGTAAAAA,12,2922142
ompRp4,7.4,40,4,CACGACACGCCGCTGCTGTT,36,2915854
ompRp4,1.2,9,4,CAAGGCGTTGGAGTGCCCTG,5,2923038
ompRp4,1.2,9,4,CAACCTAGCACCTCAAGATT,5,2932565
ompRp4,4.6,26,4,CAAACCTACCTATGATAGGT,22,2929871
ompRp4,2.6,16,4,CAAAATCCAGTTAAGATGCT,12,2908931
ompRp4,8.0,43,4,ATTTCGTTAATGCCTCAGAT,39,2920696
ompRp4,3.0,18,4,ATTCCCGACAATCGCTTATT,14,2908755
ompRp4,0.6,6,4,ATGTGAAGCGACTAGGTGCA,2,2937685
ompRp4,14.8,77,4,ATGGCAAAGGTAACGGACGA,73,2908611
ompRp4,6.8,37,4,ATATTGGTTGAGGCGCCGGA,33,2912176
ompRp4,4.0,23,4,AGTTACAGTCCTCGGATTCG,19,2920557
ompRp4,10.4,55,4,AGTGACTCGGAGCATAAATG,51,2920059
ompRp4,8.4,45,4,AGTCAGCATCTGGTCAGCTA,41,2933192
ompRp4,5.0,28,4,AGGGGCAGGGACTCCCAATC,24,2930806
ompRp4,0.4,5,4,AGGCCTCTTCACTTTGGCGT,1,2935624
ompRp4,11.4,60,4,AGGATTCAATTTTCAAACAT,56,2937895
ompRp4,0.4,5,4,AGGAGGTTTGGCTTTTCGGC,1,2934253
ompRp4,3.2,19,4,AGGAGCCGCATGCGGGTTGA,15,2931881
ompRp4,5.2,29,4,AGCTTGTGCGAAATACCGGA,25,2931071
ompRp4,8.6,46,4,AGCCCTTATGGTTCCTTTTG,42,2922726
ompRp4,8.8,47,4,AGCAGATCACCAAACGTTGT,43,2919190
ompRp4,10.0,53,4,AGACTCCGACTGAAATCAAT,49,2909776
ompRp4,0.4,5,4,AGACACGTCCCGGGTTGTGG,1,2915603
ompRp4,3.8,22,4,ACGGGATTTGGTTAACGGGT,18,2927041
ompRp4,0.8,7,4,ACGCGTCTTGCGAGGAGATT,3,2910996
ompRp4,2.6,16,4,ACCTCTGCGGAATACTCATC,12,2913173
ompRp4,8.2,44,4,ACCTCGAGTGGCTATGTCAT,40,2917988
ompRp4,3.4,20,4,ACCGCTTGTAAAAAGTTCGT,16,2936772
ompRp4,1.2,9,4,ACCGATGATGCCATTTCCAG,5,2937125
ompRp4,0.4,5,4,ACCGAAGTAGTCCGTGCGTT,1,2925961
ompRp4,4.4,25,4,ACCAGGCTATCATAACAGGA,21,2922108
ompRp4,6.2,34,4,ACAGTCACTCTAACTTGTTG,30,2929711
ompRp4,4.2,24,4,ACAGGATTGGGGGGTGTCTG,20,2909920
ompRp4,0.8,7,4,AATTCCAGCGGCTTCGTGAG,3,2924378
ompRp4,1.8,12,4,AATCCCTGGTATCGGTTACC,8,2924122
ompRp4,8.8,47,4,AAGGCAACACTCGGTGTCGT,43,2922470
ompRp4,5.2,29,4,AAGCAATAAGTAGCAGGCAA,25,2920004
ompRp4,9.0,48,4,AAGACGATGTAATCGCGCAT,44,2929319
ompRp4,6.8,37,4,AAGACCGATCATTAGTGGAC,33,2918124
ompRp4,2.0,13,4,AACTTGGGGCAGTTTAATGT,9,2915760
ompRp4,10.0,53,4,AACTGGATGCGGGGGCGGCA,49,2918468
ompRp4,2.4,15,4,AAATATTTGTAATAGGTCGT,11,2934946
ompRp4,12.6,66,4,AAAGGCTTGGTGGTGCGATA,62,2924486
ompRp4,10.0,42,3,TTTGGCCGGTAGCCCATCCG,39,2908896
ompRp4,4.0,18,3,TTGTTGGAAGCAGATAGTGA,15,2935450
ompRp4,6.25,27,3,TTGGACCCGGGCATGTATCA,24,2931787
ompRp4,3.5,16,3,TTCTCGTGATAGCCGGGGCT,13,2919541
ompRp4,8.75,37,3,TTCTCACAAGGCGGCGGCCC,34,2912554
ompRp4,2.75,13,3,TTCGTTTAATACCTACGCAG,10,2926298
ompRp4,0.5,4,3,TTCGCGACTTAAACCTCCTC,1,2917261
ompRp4,14.25,59,3,TTCGATTGACGATTGACGAG,56,2933365
ompRp4,4.0,18,3,TTCGAAATACCAGAACTAAG,15,2908499
ompRp4,2.0,10,3,TTAGCGATCGGCCTTGAGGC,7,2933756
ompRp4,1.25,7,3,TTAAGGGTCCCGACGCGCCA,4,2921765
ompRp4,8.5,36,3,TGTTCGTTGGGGTTTGGTTG,33,2932792
ompRp4,9.5,40,3,TGTGTAGGCCCTTCTGGTCA,37,2919374
ompRp4,0.5,4,3,TGGGGTCTAGTTCGGTGCTA,1,2925980
ompRp4,3.25,15,3,TGGCCCATCCCCTGCCGGGC,12,2928225
ompRp4,2.5,12,3,TGGCAGACTTTCCTTCAGGC,9,2924686
ompRp4,4.25,19,3,TGAGCGGCGCTTGCTCTGAG,16,2937524
ompRp4,0.5,4,3,TGACTTTCCCTACCGCCAAA,1,2910173
ompRp4,0.5,4,3,TGACGGACTCTAGGATCCGT,1,2918181
ompRp4,9.5,40,3,TCTTGAAGACTGTTAGTCAC,37,2923323
ompRp4,1.0,6,3,TCTTAGGTTGTACATTCCGA,3,2913481
ompRp4,8.0,34,3,TCTCCGAAGAGGGGCAGTAT,31,2932211
ompRp4,11.0,46,3,TCGGTTGAATTGGCTCATTA,43,2916708
ompRp4,4.25,19,3,TCGGGACTCGACTTCCGCAT,16,2933398
ompRp4,0.5,4,3,TCGGGACATAATATAGCGGT,1,2917545
ompRp4,0.5,4,3,TCGCCGTTGACGTTCAGTAG,1,2908428
ompRp4,0.5,4,3,TCGAATGGTGTATATGCGAA,1,2936716
ompRp4,6.75,29,3,TCCGGTGACACTTTAGTATG,26,2937380
ompRp4,9.5,40,3,TCCGGCCTCAGGGCGGACTT,37,2930733
ompRp4,8.0,34,3,TCCACACCTCCAAGATCTAA,31,2921189
ompRp4,8.25,35,3,TCAGTTGTGGGACTGTGCCT,32,2910069
ompRp4,4.0,18,3,TCAGGGGGCTTGTTCGGCAG,15,2914988
ompRp4,16.25,67,3,TCAGCTAGCAACTAGGCGTA,64,2914764
ompRp4,0.5,4,3,TCAATCGAGTCCACGATCAT,1,2926652
ompRp4,3.5,16,3,TATTGGCGTATCCTATACGA,13,2922489
ompRp4,0.5,4,3,TATCTGGCACCTGAAGTAAC,1,2917715
ompRp4,1.5,8,3,TATCGTCACGTTTTAAATAG,5,2917023
ompRp4,0.5,4,3,TATACGAGTTGGACGAGAAG,1,2928564
ompRp4,0.75,5,3,TAGTCTACCCTCCCAAACCC,2,2918503
ompRp4,4.25,19,3,TAGGCTACAGGGATGAGAGT,16,2935538
ompRp4,5.25,23,3,TAGCGGACCGGGTCCGGGTC,20,2907720
ompRp4,8.75,37,3,TACGTTGAAATCCCGTGCGG,34,2915347
ompRp4,13.75,57,3,TACCTACGAATACGCTTTGT,54,2936042
ompRp4,0.5,4,3,TACAGTGCGTAGAGGTCCTA,1,2913471
ompRp4,1.75,9,3,TAACGTCTATTTTGGTAAAA,6,2926011
ompRp4,0.5,4,3,GTTTGAGCTGCACATTAAAT,1,2932943
ompRp4,8.75,37,3,GTTGGGAAGCTGCCATGAGA,34,2919236
ompRp4,0.75,5,3,GTTCATATTGGTGGATCGCC,2,2919503
ompRp4,6.0,26,3,GTGTAGCCAGCGGCCAGCGC,23,2918633
ompRp4,4.0,18,3,GTGGCAATATTGGAACCCCT,15,2926178
ompRp4,3.0,14,3,GTGCGAGCACTGTTTGATTT,11,2933908
ompRp4,7.0,30,3,GTCTCGGGGTGGCTACACTA,27,2932758
ompRp4,12.75,53,3,GTCGTACCGGCCTCACAGGG,50,2935868
ompRp4,2.0,10,3,GTCCTTTGTGACTGGTATCA,7,2922558
ompRp4,10.25,43,3,GTCCGCCCGATCCCGACTAC,40,2923405
ompRp4,1.75,9,3,GTCCATTACATGCTATTGTT,6,2914377
ompRp4,1.25,7,3,GTAGGAGTAACAGGCTGAGC,4,2924625
ompRp4,12.25,51,3,GGTTCATCAGGAATCATAAC,48,2927714
ompRp4,1.5,8,3,GGTCAGATCCGGACACTAAT,5,2932272
ompRp4,1.25,7,3,GGTATTGTGGAACCTGAGTG,4,2920434
ompRp4,6.75,29,3,GGTAAGTGTTTATGAGGATG,26,2924218
ompRp4,4.25,19,3,GGGTGTAGGGGTGAAAGCTG,16,2911720
ompRp4,2.75,13,3,GGGTGGTGTCTATATGACAC,10,2937665
ompRp4,3.75,17,3,GGGTCAACTTACCTCTCATA,14,2929205
ompRp4,4.25,19,3,GGCTTCCAACGGTAGTCCTG,16,2931229
ompRp4,0.5,4,3,GGCGCGCCACTTACCATCCT,1,2925514
ompRp4,5.75,25,3,GGCATCTTTGGCATCAAAAC,22,2937127
ompRp4,0.5,4,3,GGAGCACTGCGTTGGGTAGA,1,2938252
ompRp4,1.5,8,3,GCTTGCTAAGCTTAGTGCCC,5,2935858
ompRp4,1.0,6,3,GCTTGAGTTCTTGTCCCAGA,3,2923561
ompRp4,5.5,24,3,GCTTGACAGGACACCCCAAG,21,2913037
ompRp4,3.75,17,3,GCTTCTGCACCCTGGGGTAT,14,2910728
ompRp4,9.5,40,3,GCATCCATTGGAGACAAGCC,37,2915852
ompRp4,1.5,8,3,GCACTAATCACGTGCACCCT,5,2915796
ompRp4,5.25,23,3,GCACAGCGGCAGAGTACGAA,20,2912135
ompRp4,0.75,5,3,GAGCCGGCGTGGAAAACTTT,2,2918857
ompRp4,14.25,59,3,GAGAGGCCAGCGATGAGCCA,56,2925328
ompRp4,5.75,25,3,GACACATTACTTTTACTTGT,22,2930238
ompRp4,1.25,7,3,GACACACGGGGAGAACTGAG,4,2924503
ompRp4,3.5,16,3,GAATATGTTAATTACGCGGA,13,2937497
ompRp4,5.0,22,3,GAATATGGAGAATTCGAGGG,19,2908290
ompRp4,11.0,46,3,GAAATCTATGGAGCAGGCCC,43,2933944
ompRp4,11.5,48,3,CTTCACCATTTGGGAACCAA,45,2927028
ompRp4,2.75,13,3,CTGTTGTAATCGGGGTATCT,10,2919669
ompRp4,1.0,6,3,CTCCGGTTCAGTGAAACGAA,3,2908537
ompRp4,12.0,50,3,CTCAGGAATACGTCCATCCT,47,2912119
ompRp4,1.25,7,3,CTATGCGTCTACCGGGTCAT,4,2917766
ompRp4,4.25,19,3,CTATGACTGCATCCAGTGAC,16,2936283
ompRp4,10.5,44,3,CTAGCTTCGGCCGTGGATTA,41,2937951
ompRp4,6.5,28,3,CTAAGATTATAATCATGATA,25,2931251
ompRp4,1.25,7,3,CGTACATATTACAGTATTGT,4,2913086
ompRp4,3.25,15,3,CGTACAGTGAGGAGCTTTTA,12,2916580
ompRp4,3.5,16,3,CGGTCCGTGTAAAGCCTATT,13,2926068
ompRp4,5.75,25,3,CGGGGGATTGCACTTTCGTT,22,2910462
ompRp4,1.75,9,3,CGGACGCTAGAAGGGGGTGT,6,2932355
ompRp4,1.75,9,3,CGAGTAAATTTACTACGGAA,6,2912534
ompRp4,23.25,95,3,CGAGGTGCGTCCTCCATCCG,92,2927638
ompRp4,6.75,29,3,CGAGACCCTAAGCCTGTCAC,26,2929160
ompRp4,0.5,4,3,CCTTGCCTCGTACTTCGACC,1,2922024
ompRp4,1.0,6,3,CCTGACACTCTATAAGGACC,3,2931555
ompRp4,6.0,26,3,CCGATGTTGACCAGTGAGCT,23,2936293
ompRp4,13.0,54,3,CCCGGGGAATAGGATACTCT,51,2912303
ompRp4,7.0,30,3,CATGTGGTGGGTGACAATCT,27,2916950
ompRp4,0.5,4,3,CAGTCTCCTATCTTTGCTTC,1,2927640
ompRp4,10.0,42,3,CAGATCGGACAATCTATTGC,39,2936279
ompRp4,20.75,85,3,CACTATCGGCGCGTAGGTTG,82,2919941
ompRp4,7.25,31,3,CACAAGGTCTAGAACGGACT,28,2915971
ompRp4,0.5,4,3,CAAGTCCGACGCGGCCAACA,1,2916629
ompRp4,3.0,14,3,CAAGGGTAGCCCCCGATCCT,11,2915670
ompRp4,0.75,5,3,ATTCCGCTGTTTAGACTCAG,2,2928444
ompRp4,20.0,82,3,ATTAGAGAACGTCGCAGCGT,79,2928452
ompRp4,4.25,19,3,ATGTGAAGAATCGCGTAACA,16,2922627
ompRp4,6.25,27,3,ATGGGAATCGTTCCCGCGCT,24,2915327
ompRp4,1.25,7,3,ATCCGAACTACTAAGGAAGC,4,2928516
ompRp4,7.75,33,3,ATCAAGGCTGCTCTAAGTTT,30,2915178
ompRp4,7.0,30,3,ATATCTCTTTAAGGTCCGTC,27,2908068
ompRp4,9.75,41,3,ATACTTGAGTTTCGGGTGAC,38,2925032
ompRp4,11.0,46,3,ATACTGTCCCTCAGGAGTGT,43,2928583
ompRp4,2.0,10,3,ATACATCTGCTCTAAAGTGC,7,2929747
ompRp4,1.75,9,3,ATAATTGTTTTGCAAGAAAT,6,2911041
ompRp4,2.0,10,3,ATAAAACAGATCTGCAGAAC,7,2934108
ompRp4,1.25,7,3,AGTTCCGGTTTCTTCTGACG,4,2930493
ompRp4,2.75,13,3,AGTGGCTTAGCGGCATCAAG,10,2913229
ompRp4,1.5,8,3,AGTCTTGGTTGGCGCCCGGT,5,2933480
ompRp4,1.25,7,3,AGTATTCCCGGGGAGCCAAA,4,2923239
ompRp4,3.25,15,3,AGGTTTATACCCTCCAAATT,12,2931945
ompRp4,7.75,33,3,AGGTTCTCAACATAGGACTT,30,2936915
ompRp4,2.5,12,3,AGGTCGGCCTACATTCTAAG,9,2913198
ompRp4,7.0,30,3,AGGCAAGGAGCACCCGGGTC,27,2926768
ompRp4,5.75,25,3,AGCTGTAAACGAGGTGCGTA,22,2927695
ompRp4,4.0,18,3,AGCCGTTTCTTCGTCACACA,15,2936647
ompRp4,4.0,18,3,ACTTGATCCAAGGTCCTTAA,15,2919352
ompRp4,0.5,4,3,ACTTACGGGGCTACGAGTGG,1,2928233
ompRp4,8.25,35,3,ACGTTGTAGCGGATTTTTAG,32,2923791
ompRp4,4.25,19,3,ACGGGGACTATCACGAACCA,16,2908613
ompRp4,16.25,67,3,ACCTGCTTATCGTCCCGGCT,64,2927009
ompRp4,32.0,130,3,ACCTGACGTGAATTGAAAAG,127,2933137
ompRp4,0.5,4,3,ACCCGTCTTCCTTACCATGC,1,2932634
ompRp4,2.0,10,3,ACCAAAACTCAGCACGGAAT,7,2936526
ompRp4,11.5,48,3,ACATCATGAACGTATCTAGT,45,2916917
ompRp4,3.75,17,3,ACAGTGTTGCCTCAGGCTCT,14,2921264
ompRp4,2.75,13,3,ACAGCGTTAGTAGCGACACC,10,2918542
ompRp4,7.0,30,3,ACAGCCGACCTCCTGTTGTT,27,2937054
ompRp4,17.0,70,3,AATAGTGGGATAGAGTACTA,67,2920262
ompRp4,0.5,4,3,AAGTCACTAGCTTTGCACGT,1,2917951
ompRp4,25.5,104,3,AAGCAGGAGTGAGTATGCCG,101,2916378
ompRp4,3.5,16,3,AAGACTTTAATAGGTTAGCA,13,2908815
ompRp4,3.0,14,3,AACCCGAATAATGGAACAAC,11,2926168
ompRp4,1.25,7,3,AAATGATTATTTAATGTTTA,4,2933933
ompRp4,6.25,27,3,AAACGGTACCAAATCAGTAA,24,2916477
ompRp4,4.0,18,3,AAAATATCGGGTTGCAAGGT,15,2913987
ompRp4,0.5,4,3,AAAACCTCGCTCCGATGCTG,1,2911897
ompRp4,3.0,10,2,TTTTGTCAAACTTCTTATTA,8,2935896
ompRp4,3.6666666666666665,12,2,TTTGGAGCATAGTTGAGTTG,10,2920695
ompRp4,4.333333333333333,14,2,TTTCAGAGTTTCTCACTGGC,12,2926729
ompRp4,1.6666666666666667,6,2,TTTAATGCCATATTTAGGAA,4,2934889
ompRp4,8.0,25,2,TTGTATCGCATATCGTAGGA,23,2924444
ompRp4,0.6666666666666666,3,2,TTGCGGAGTTCGAAAGCACA,1,2918783
ompRp4,0.6666666666666666,3,2,TTCTTGAGGCTTACACTACT,1,2937766
ompRp4,8.333333333333334,26,2,TTCTGTACATTCGGGCGCTA,24,2921229
ompRp4,3.0,10,2,TTCCGTTTAGCCTTCCACCT,8,2926739
ompRp4,3.0,10,2,TTCCCGTTGTATCACGATGG,8,2912853
ompRp4,8.0,25,2,TTATGTGCCGAAATGCGGAA,23,2934120
ompRp4,2.6666666666666665,9,2,TTATAGTTCGGCTTTTATCT,7,2914782
ompRp4,4.333333333333333,14,2,TTAGGGTTCAAAATATCTCA,12,2921609
ompRp4,3.3333333333333335,11,2,TTACGCCAACTCAAGGTTAA,9,2912638
ompRp4,21.333333333333332,65,2,TTACCTGTAGTTATTTGCGA,63,2909307
ompRp4,28.333333333333332,86,2,TGTTCGCGTTCACTCAGGTG,84,2916049
ompRp4,1.6666666666666667,6,2,TGTTATTCACACTTAATTCC,4,2928692
ompRp4,0.6666666666666666,3,2,TGTGTGGGTCTTCGCTCGGA,1,2922100
ompRp4,8.333333333333334,26,2,TGTGGACTGCCTTGGAGCGA,24,2909758
ompRp4,6.666666666666667,21,2,TGTAACGTGGGATGACCAAT,19,2925927
ompRp4,6.0,19,2,TGGCGCCACTCTGCGGCGGG,17,2909171
ompRp4,9.333333333333334,29,2,TGGATACAATTCTATACCTT,27,2934674
ompRp4,1.3333333333333333,5,2,TGCGACGCGGCGCACATGCC,3,2928778
ompRp4,14.333333333333334,44,2,TGCCACAATGGTTACGCACC,42,2930572
ompRp4,0.6666666666666666,3,2,TGAATCTCAGAGGTAATAGA,1,2915728
ompRp4,9.333333333333334,29,2,TCGCTTAATGGGTACATCTC,27,2925496
ompRp4,11.333333333333334,35,2,TCCCACGGTGAGACTTCAAT,33,2937272
ompRp4,1.3333333333333333,5,2,TATCCACCAGTTATAGATTT,3,2925376
ompRp4,2.6666666666666665,9,2,TAGGCACGTCAGTTGGCAGC,7,2909454
ompRp4,0.6666666666666666,3,2,TAGGAAAGATTCTCGGGGCG,1,2929620
ompRp4,18.666666666666668,57,2,TACCGCTACATCCGAGGGAG,55,2915378
ompRp4,14.666666666666666,45,2,TAAGACACTCATTCGAGAGA,43,2916796
ompRp4,11.0,34,2,TAACGTCCTGTGTCAAGTCG,32,2935332
ompRp4,3.6666666666666665,12,2,GTTTGGCTGATATACACGAA,10,2934353
ompRp4,5.333333333333333,17,2,GTTGGACAGAACCCGGCACG,15,2912975
ompRp4,5.666666666666667,18,2,GTTGACTTGGCTTAGTTATA,16,2911513
ompRp4,24.333333333333332,74,2,GTGTACGAGATTCGGTTCAG,72,2918593
ompRp4,8.333333333333334,26,2,GTGGATGTCACCGTCAATAG,24,2927563
ompRp4,8.0,25,2,GTGCCGATTGTCACCGAAGT,23,2917314
ompRp4,1.6666666666666667,6,2,GTCATCCGAGAGTAAGTGGC,4,2926839
ompRp4,4.666666666666667,15,2,GTCAAGTCGAATGCTGAATT,13,2925982
ompRp4,4.333333333333333,14,2,GTATACGGAACTGTCGTGTG,12,2927804
ompRp4,14.333333333333334,44,2,GTAGGCGTCAATACTTACGG,42,2908808
ompRp4,4.666666666666667,15,2,GTAGATTAATGTGCAACCGG,13,2936774
ompRp4,4.0,13,2,GTACGTATTGTGGCTCGTCG,11,2909876
ompRp4,10.333333333333334,32,2,GTACGATATCTAGTAGGGTC,30,2921974
ompRp4,9.0,28,2,GTAATTACTGGTCTAATATG,26,2907707
ompRp4,1.6666666666666667,6,2,GTAATACGATCCCCTTCATG,4,2936469
ompRp4,5.0,16,2,GGTCCTGGCCCTCTACTGCG,14,2915609
ompRp4,1.0,4,2,GGTATAACTTAAAAAGTACG,2,2918315
ompRp4,6.0,19,2,GGTAGAAGGAAGCTGAGGAG,17,2921129
ompRp4,6.666666666666667,21,2,GGGTGTGCGCCTTATGTCTG,19,2911882
ompRp4,0.6666666666666666,3,2,GGGTCGCAACTCATATTGTG,1,2908515
ompRp4,0.6666666666666666,3,2,GGGGTTAAACCTTAGTCTGT,1,2917625
ompRp4,4.666666666666667,15,2,GGGCATGGGTCAGTGTGGGA,13,2933834
ompRp4,9.0,28,2,GGCTACGGGCTTGGGTTACG,26,2912016
ompRp4,1.0,4,2,GGCGCCCGCCAGCGTATTGT,2,2929297
ompRp4,10.666666666666666,33,2,GGCCTGCAAGTAAGCGTCAT,31,2930529
ompRp4,0.6666666666666666,3,2,GGCCATATAATAGGCGCAGC,1,2921128
ompRp4,1.0,4,2,GGAGCTGGCTCATGTACAAC,2,2929602
ompRp4,5.0,16,2,GGACTCCCCCGGTGAGAGGT,14,2923943
ompRp4,15.666666666666666,48,2,GCTGGCCCTCAAGGCGCCTA,46,2909047
ompRp4,2.0,7,2,GCTCGTATTTCGGCGGGCGT,5,2914570
ompRp4,17.333333333333332,53,2,GCGTTGTTTTGATTTGGCCA,51,2929052
ompRp4,14.666666666666666,45,2,GCGCATGTTTAAAGTCGTAA,43,2936900
ompRp4,16.666666666666668,51,2,GCGATCGACTACCACGTTCA,49,2931465
ompRp4,7.0,22,2,GCGACCCGGGGTGAAATTCA,20,2928002
ompRp4,18.333333333333332,56,2,GCCCAGGCGGGACTGTCGTA,54,2913191
ompRp4,3.6666666666666665,12,2,GCCCAACCCGCGGAGTGTAT,10,2936066
ompRp4,2.0,7,2,GCAGACCGCCATTTCAACTT,5,2925097
ompRp4,14.666666666666666,45,2,GCACGGCTTTGGCCTTCCAG,43,2937110
ompRp4,1.0,4,2,GATTGCAGCGTGGCCCAAAG,2,2911122
ompRp4,5.0,16,2,GAGGCCCGTAAGCACTGTCT,14,2937407
ompRp4,7.333333333333333,23,2,GAGCTGCACCGTTGGCATAC,21,2925427
ompRp4,5.0,16,2,GAGAATGATTATATGTTATC,14,2915521
ompRp4,9.666666666666666,30,2,GACTTGTTGGTGTTAGTTTA,28,2917990
ompRp4,0.6666666666666666,3,2,GACGCAAAGATCAAGTGCGT,1,2924345
ompRp4,0.6666666666666666,3,2,GACCCGTAACCACTTAAAGG,1,2912863
ompRp4,3.0,10,2,GACACATGCAGAAAATCATG,8,2920016
ompRp4,1.0,4,2,GAAGCCCCGGTCTACCTCGT,2,2915794
ompRp4,2.0,7,2,GAAGCACAACGCCCCTGTTC,5,2928493
ompRp4,5.666666666666667,18,2,CTTTAGTTATTCTTGGTGTT,16,2926924
ompRp4,0.6666666666666666,3,2,CTGGGCTGTTGGCCCTGCAG,1,2912144
ompRp4,1.6666666666666667,6,2,CTGGCCAGGAGTGTAAGGTA,4,2921557
ompRp4,0.6666666666666666,3,2,CTCTGGCGCTAAACGACGCT,1,2922232
ompRp4,3.6666666666666665,12,2,CTCTGCACGCCAGGAGTTCA,10,2923759
ompRp4,11.333333333333334,35,2,CTCTCCGCGGTCCGCCGAAT,33,2922064
ompRp4,56.666666666666664,171,2,CTCGCTGCCGGGATTCACAG,169,2910253
ompRp4,9.0,28,2,CTCGAGTAACGTCGTCGTAT,26,2931882
ompRp4,17.0,52,2,CTCCCCGGGGCTCTAACGTT,50,2919607
ompRp4,1.3333333333333333,5,2,CTCATCGCCCAGTGAATAGG,3,2918810
ompRp4,2.0,7,2,CTAGACACATAAACCACACT,5,2911799
ompRp4,13.0,40,2,CGTCCGTGGATGATACACTC,38,2920368
ompRp4,10.0,31,2,CGTCCCAATAACAGCGCCGC,29,2922803
ompRp4,26.333333333333332,80,2,CGGTTAACCCTAATCTCGAA,78,2914314
ompRp4,14.0,43,2,CGGGCTAGATCTTTGTACAG,41,2934883
ompRp4,10.0,31,2,CGGACCACGCGGGACACACT,29,2936919
ompRp4,3.6666666666666665,12,2,CGGACAGGCAACAGACTGTG,10,2909056
ompRp4,2.0,7,2,CGGAACGCGTTCGTCAATCT,5,2920774
ompRp4,9.333333333333334,29,2,CGCTGGACCGATCGCTCTGT,27,2907928
ompRp4,9.333333333333334,29,2,CGCTGAGCGAACGAACTTTG,27,2931606
ompRp4,12.333333333333334,38,2,CGATTCCAAAGTCTCCGGAA,36,2914341
ompRp4,12.333333333333334,38,2,CGATAGTCTACCTATTTCCG,36,2923183
ompRp4,0.6666666666666666,3,2,CGAGCTTGGTGCTCGTAGAT,1,2938300
ompRp4,0.6666666666666666,3,2,CGAGACATCGGACTGCCACG,1,2916611
ompRp4,19.333333333333332,59,2,CGACGGCAAAGGGACGACGT,57,2926278
ompRp4,2.3333333333333335,8,2,CCTCTCATGTATAACGGATA,6,2925824
ompRp4,11.0,34,2,CCGCTGGTGTGTGCTCATTC,32,2936662
ompRp4,48.333333333333336,146,2,CCGCGGGCTCCTACGCTACA,144,2936923
ompRp4,5.333333333333333,17,2,CCGCCGCGGATTGGCGCACC,15,2926352
ompRp4,7.0,22,2,CCCTTAATGTAACCCTAAAA,20,2914076
ompRp4,8.0,25,2,CCCCCAATGAACAAAGAGTA,23,2928284
ompRp4,3.0,10,2,CCCATGATGGTACAGGAGTC,8,2927561
ompRp4,1.0,4,2,CCAGTGACAGTCGCGAAGTT,2,2919478
ompRp4,5.0,16,2,CCAGCATCAGAGATGTGGGA,14,2933871
ompRp4,1.3333333333333333,5,2,CCAAGGACGGTAAAGAACTA,3,2910170
ompRp4,12.0,37,2,CATTTCTAGACCGTCGTTTA,35,2917890
ompRp4,0.6666666666666666,3,2,CATTGTCTAGGGTCCGTGGG,1,2921345
ompRp4,13.333333333333334,41,2,CATTCTATTCTAGTTCCGAC,39,2928114
ompRp4,5.0,16,2,CATGTTGAGAGTACACTCTG,14,2919341
ompRp4,8.0,25,2,CAGCCCGTTGATCGATCTCT,23,2926734
ompRp4,0.6666666666666666,3,2,CACTAATGGGAGCGACCGTT,1,2914540
ompRp4,13.333333333333334,41,2,CACGAGAAAAATGGGCTTAC,39,2920499
ompRp4,5.666666666666667,18,2,CACCGTCATCACTCACCCAA,16,2925260
ompRp4,32.0,97,2,CAACGTTAAGAATCTCCGAT,95,2916107
ompRp4,0.6666666666666666,3,2,ATCTGCCTGATCGTGACATT,1,2926494
ompRp4,4.0,13,2,ATCGATATATTCTACCTGGA,11,2920077
ompRp4,4.333333333333333,14,2,ATAGTCGGGTCGTAGGTCTA,12,2927295
ompRp4,2.6666666666666665,9,2,ATAGAGGTTGTTTTCTAGGG,7,2928021
ompRp4,6.0,19,2,ATAGAAACATAGCCTCGGAC,17,2926550
ompRp4,2.6666666666666665,9,2,AGTTTTTCACAAAATAGTAC,7,2908034
ompRp4,0.6666666666666666,3,2,AGTTTGAACGTACGGAGACA,1,2911607
ompRp4,0.6666666666666666,3,2,AGTATATGCAACCGTTTCTC,1,2923265
ompRp4,0.6666666666666666,3,2,AGTAACTCCCGCGAATTCGG,1,2929734
ompRp4,19.0,58,2,AGGTCAGCCTAATCAGATCA,56,2919087
ompRp4,9.666666666666666,30,2,AGGGCCTGCAGAAAATGACT,28,2913248
ompRp4,1.0,4,2,AGGGATAGTGACTCACTACT,2,2918552
ompRp4,1.0,4,2,AGGATTGTCGGTGTTCTGCT,2,2917708
ompRp4,0.6666666666666666,3,2,AGCTAGGCTGCCAGTTTAGA,1,2931735
ompRp4,6.666666666666667,21,2,AGACTCCACACGCATCACTG,19,2914312
ompRp4,5.333333333333333,17,2,ACTACTTTATTTCGTAGATG,15,2937768
ompRp4,8.666666666666666,27,2,ACTAAGATCATTTAATCGTA,25,2918948
ompRp4,9.0,28,2,ACGGTAAGTATGCGAACCAC,26,2917591
ompRp4,7.333333333333333,23,2,ACGCCAGTCTTCTGGGAAAC,21,2921238
ompRp4,1.3333333333333333,5,2,ACGCAATCTCCACGATTGAG,3,2924484
ompRp4,6.666666666666667,21,2,ACCGTATTCTGGGCCTAATT,19,2917612
ompRp4,10.0,31,2,ACCACGTAAGCATGGAGCGG,29,2910567
ompRp4,1.0,4,2,ACATAGGAGAGATGGGCACC,2,2919220
ompRp4,0.6666666666666666,3,2,ACAGGTCCTCCCAAAGAACT,1,2912926
ompRp4,2.6666666666666665,9,2,AATTCAAGTGATCGATTCGT,7,2937134
ompRp4,2.0,7,2,AATGTGATCCCGAAACGCGG,5,2915860
ompRp4,3.3333333333333335,11,2,AATGGGGGGTTTGGAACAAC,9,2908191
ompRp4,1.0,4,2,AATGGCGGGTAAACTATGAT,2,2934299
ompRp4,1.0,4,2,AATAAGTAGTGGCTCTAAAT,2,2936304
ompRp4,0.6666666666666666,3,2,AAGTTGTCGGTCATTGCCGC,1,2909071
ompRp4,0.6666666666666666,3,2,AAGTCATATGCCATTATATG,1,2927620
ompRp4,4.333333333333333,14,2,AAGTAATTGTGTAATAAAAA,12,2927945
ompRp4,0.6666666666666666,3,2,AAGCGTGCACGGCTACTGCA,1,2912852
ompRp4,3.3333333333333335,11,2,AAGCCTGAAACGGGTCTCGA,9,2911630
ompRp4,2.6666666666666665,9,2,AAGAGGCTACCGGGGTGAGA,7,2919581
ompRp4,0.6666666666666666,3,2,AACTATAGTGTCCGGCCGCA,1,2922226
ompRp4,5.0,16,2,AACCTCACCCTTCCGGTGAG,14,2937430
ompRp4,4.333333333333333,14,2,AAATCGCATAAGGACTTCGA,12,2929663
ompRp4,8.0,25,2,AAAGTGAATTGGACTCATGT,23,2911990
ompRp4,10.0,20,1,TTTTCGTACAATCACTGAGC,19,2920279
ompRp4,7.5,15,1,TTTTAGCCTGCCCCTGGGGT,14,2924946
ompRp4,6.5,13,1,TTTCGATTACCTTTCAGTAC,12,2914798
ompRp4,1.5,3,1,TTTAGGTGGACTCAAACGAC,2,2909760
ompRp4,2.5,5,1,TTTAAGAGGCCGGTGTAGGG,4,2935144
ompRp4,4.0,8,1,TTGAGCGGCCCAATAGCAAA,7,2924912
ompRp4,7.5,15,1,TTCTCTGTTAGCGAGCTCTA,14,2909617
ompRp4,4.5,9,1,TTCGTCAGTGGCCGGGAGTT,8,2926339
ompRp4,3.5,7,1,TTCCCAATTTAGCGTGGTAA,6,2916998
ompRp4,20.5,41,1,TTATGCCGGCTCTCTGAGCG,40,2935534
ompRp4,2.0,4,1,TTACTGCGTACTCACGGCTT,3,2910895
ompRp4,1.5,3,1,TTAACGTCTTCCATGTCTGC,2,2911236
ompRp4,1.5,3,1,TGTACCAGAAAGGCGTAGAC,2,2920720
ompRp4,1.0,2,1,TGGGACTATTTTTTCCATCT,1,2937378
ompRp4,4.5,9,1,TGGCAGGCTTTACACGTGGT,8,2919853
ompRp4,16.5,33,1,TGGAAGCTCTAGAGTGCTTA,32,2933499
ompRp4,26.5,53,1,TGCGTGCGCACCCGAGTCAA,52,2908415
ompRp4,1.0,2,1,TGCGGCCATCATGTCGCGGG,1,2922938
ompRp4,2.0,4,1,TGCCACTCCCACGCTCCCTT,3,2919207
ompRp4,24.0,48,1,TGCAGGTGGTCATTGGGTTG,47,2924250
ompRp4,8.0,16,1,TGATGCCGCGTACGAAGCCT,15,2917271
ompRp4,2.0,4,1,TGACCCACCCGAAGTTTCTG,3,2922020
ompRp4,7.5,15,1,TCTCTCGCCATTCCTCCCTG,14,2924511
ompRp4,8.5,17,1,TCTCTATAGCCCATCTTCAT,16,2917426
ompRp4,13.5,27,1,TCTCGGTACGCGAGCGGCGA,26,2924568
ompRp4,11.0,22,1,TCGGTCAGTATAACTCGGAT,21,2928510
ompRp4,29.5,59,1,TCGCGAAGTGCATCAATCCA,58,2927031
ompRp4,8.5,17,1,TCGATGTATGCTTGCGCCCA,16,2932971
ompRp4,20.0,40,1,TCCGTGCGCGCCCGTTACGT,39,2922036
ompRp4,19.0,38,1,TCCGAAGGCCAGAGTAATAG,37,2920618
ompRp4,6.0,12,1,TCCCAACGGAACCTGTTTTC,11,2914942
ompRp4,25.0,50,1,TCACCCGTCCGGGGCTAGAT,49,2937559
ompRp4,14.5,29,1,TCAATGAACGTGGACGGTGC,28,2929037
ompRp4,1.0,2,1,TCAATAATACTAGACAGAAA,1,2931752
ompRp4,2.5,5,1,TATGGTAAACTAGAATAACA,4,2910220
ompRp4,6.0,12,1,TATCACAGTTGTGAGTTTCA,11,2912471
ompRp4,18.0,36,1,TATATCCCAGGTCAGCAAGC,35,2928171
ompRp4,2.5,5,1,TACCCAGTACAGTAAGCAAA,4,2926544
ompRp4,7.5,15,1,TAATACCGTATTTCCATCCT,14,2914264
ompRp4,11.0,22,1,TAACTGGTCGGTTAATCTCC,21,2931878
ompRp4,4.5,9,1,TAACTCGACATTATTCTTGG,8,2921370
ompRp4,4.5,9,1,GTTTTATTTAGAGATGCGTC,8,2916380
ompRp4,1.5,3,1,GTTTGTTTGAGAGTACTGTC,2,2908943
ompRp4,1.5,3,1,GTTTGTCCAGTAAGTGGAGA,2,2916748
ompRp4,20.0,40,1,GTTGTTATTAGTAACTTAGC,39,2907907
ompRp4,2.5,5,1,GTTGGGGCCTCGGCCCTCAA,4,2932044
ompRp4,11.0,22,1,GTTCTAATTGCTGTGCCTAA,21,2909107
ompRp4,42.0,84,1,GTGTTGTCCCCCCTGAAACG,83,2919457
ompRp4,16.0,32,1,GTGGCGGGCCTCTTAAAATT,31,2913567
ompRp4,14.0,28,1,GTCTCGCACTCTCTGATATG,27,2920243
ompRp4,22.5,45,1,GTCTACAAAGATCGCTCGCT,44,2921953
ompRp4,15.0,30,1,GTAATCCTACATGAGATTAG,29,2909564
ompRp4,11.0,22,1,GTAAGCACGGAATTGGAATG,21,2925119
ompRp4,9.0,18,1,GGTATCTCCCTCTGCTCTTT,17,2935422
ompRp4,3.0,6,1,GGTATCGTCGTCGCGGAAAT,5,2927231
ompRp4,1.5,3,1,GGGGTACTGCCATGGCAAAA,2,2908093
ompRp4,3.0,6,1,GGCTTCGAGGATTCCCCACT,5,2912545
ompRp4,12.5,25,1,GGCCGGGGACACGAGTATAG,24,2914308
ompRp4,12.0,24,1,GGCCCGAACTTTTACGCAAC,23,2911641
ompRp4,10.5,21,1,GGAAGTCATCCCCCAAGTAT,20,2920023
ompRp4,8.0,16,1,GCTTTGGTACGTGGGAGGTA,15,2919237
ompRp4,1.0,2,1,GCGCACCCAGTCATCTGATC,1,2916571
ompRp4,1.0,2,1,GCCGTTGGATTGGAGAGGGC,1,2914054
ompRp4,8.5,17,1,GCCCCTTAGAGTAGGCGAAG,16,2926636
ompRp4,33.5,67,1,GCCAGATAGTTTGGGGATGG,66,2916214
ompRp4,1.0,2,1,GCATCAGCAAGTGCTGAGGG,1,2933977
ompRp4,7.0,14,1,GCAAATCTCCGGTCTTTGAA,13,2927911
ompRp4,5.0,10,1,GAGGGTTGAAGTTAAGCGGA,9,2912710
ompRp4,1.0,2,1,GACTTCGAGGTTAAAACTGT,1,2925225
ompRp4,17.0,34,1,GACTCAACCGCCCGATCAGC,33,2918704
ompRp4,5.5,11,1,GACTAGATCGTACATTGACT,10,2918644
ompRp4,6.5,13,1,GACCGCCCTACTTACTTTAT,12,2910269
ompRp4,10.0,20,1,GAATCACGACGGGACATCGA,19,2918952
ompRp4,12.5,25,1,CTTGTAATACAATCCGTCCC,24,2931651
ompRp4,1.0,2,1,CTTATAACGTTTGCTGTGCC,1,2917340
ompRp4,1.0,2,1,CTTAGGTAACAGTGTTTCAG,1,2919586
ompRp4,12.0,24,1,CTGAAGTAATAGTTCCACGA,23,2916449
ompRp4,1.0,2,1,CTCGGGAGCGGGCTCCGTCA,1,2913697
ompRp4,13.5,27,1,CTATGTAACGCTGTAGCCAG,26,2909573
ompRp4,1.0,2,1,CGTTTCGGTTCCCGCACCCT,1,2915121
ompRp4,3.0,6,1,CGTACGCACATAAGCTTAAA,5,2907895
ompRp4,9.5,19,1,CGCTTTTGTATCGGGGCGAA,18,2912854
ompRp4,7.0,14,1,CGCCAAAGAACCTGGGTAGT,13,2929583
ompRp4,27.5,55,1,CGCATAGTGTGCTAGGGCTA,54,2912855
ompRp4,8.5,17,1,CCTAGTAAGTCCGAAATGTG,16,2923238
ompRp4,11.5,23,1,CCGCTATCCGGTCAAAAGAC,22,2932190
ompRp4,1.0,2,1,CCGCCTACAGCATACCTGCA,1,2931769
ompRp4,1.0,2,1,CCCTAGAATCCGCCGCTTAG,1,2929717
ompRp4,7.0,14,1,CCCAGCACGATCACTTACAG,13,2911053
ompRp4,15.5,31,1,CCAGTTTCATTGTGCAACAT,30,2916199
ompRp4,36.5,73,1,CCACGGGTTGAAGCCAGGAC,72,2929146
ompRp4,1.0,2,1,CATCTACAGGATGGAATCTG,1,2921713
ompRp4,1.5,3,1,CATCGGGCCGGTTGAGATGA,2,2924277
ompRp4,12.0,24,1,CAGGTCGGAATAGAAGAACT,23,2922825
ompRp4,23.5,47,1,CAGCAAGTGTGGTTTGCGGA,46,2930679
ompRp4,43.0,86,1,CAGAGTGGAACCCAGTGGTA,85,2926566
ompRp4,7.0,14,1,CACGCGGAACGCCGTTCTGG,13,2924540
ompRp4,2.0,4,1,CACATTAATACCTTTATCGC,3,2910148
ompRp4,1.5,3,1,CACAAGATCGTCGAGTAAGT,2,2933515
ompRp4,4.0,8,1,ATTTCACCGGCCTAGTTAAA,7,2922482
ompRp4,11.5,23,1,ATTTATCTATTGTTGAGGCC,22,2922164
ompRp4,4.0,8,1,ATTGACGGTGTAATGGCGGT,7,2909468
ompRp4,13.5,27,1,ATTCTCGATCCCCCCCGGAT,26,2909118
ompRp4,5.5,11,1,ATTAGCGAGTACTGACGTTA,10,2932043
ompRp4,5.0,10,1,ATGGCCAGTTATTTTCGGGG,9,2922080
ompRp4,30.5,61,1,ATATGCTCCATTAGTGTCCC,60,2912474
ompRp4,11.0,22,1,ATATAGCAACTCATACGCCT,21,2908966
ompRp4,28.0,56,1,ATAGCTCGACCAGAAGAAGG,55,2934145
ompRp4,12.0,24,1,AGTTCATCTAGGTTCAGGAT,23,2932988
ompRp4,1.0,2,1,AGTTCAACCCCGTATCAATT,1,2912286
ompRp4,56.0,112,1,AGTCCGGTGAAGCAAACCCC,111,2932289
ompRp4,1.0,2,1,AGTCAGAGGAAAGGCTTCGC,1,2910670
ompRp4,9.5,19,1,AGGCGACCTTTTCTAGAGAT,18,2933151
ompRp4,1.5,3,1,AGCTATACTCTTTCCTCTCT,2,2915454
ompRp4,8.5,17,1,AGCGTAGAACGGCAGAACAC,16,2936116
ompRp4,6.0,12,1,AGAGTGGCCTAGATTAAGTC,11,2908733
ompRp4,4.5,9,1,AGACTCCAAGCTGCTTCTTA,8,2920830
ompRp4,29.0,58,1,AGACCCCGACTTTAGTGTTA,57,2932224
ompRp4,1.0,2,1,AGAAAGGAACGCTCATACAA,1,2917026
ompRp4,2.5,5,1,ACTTGATTAATAACGCCCTC,4,2929893
ompRp4,14.0,28,1,ACTAAGTACCCGCCTATTGC,27,2936204
ompRp4,11.5,23,1,ACGTGCGACTTCGTATATAG,22,2913816
ompRp4,14.5,29,1,ACGTATGTCAGTATTAGGCA,28,2936623
ompRp4,55.5,111,1,ACGTATGATTGTATACGTTG,110,2916534
ompRp4,17.0,34,1,ACGGTTTGGTCTGTACGCGC,33,2908678
ompRp4,1.5,3,1,ACGCCTTCGATCGTCTGTAT,2,2923550
ompRp4,15.5,31,1,ACCATTATCAGGCGTAACAA,30,2922772
ompRp4,1.0,2,1,ACAGTACCATCGAGTACCAC,1,2935451
ompRp4,24.5,49,1,ACACCCGCCGTAGGGGATTA,48,2914371
ompRp4,4.0,8,1,AATGGGGGCCTTGAATACCC,7,2914804
ompRp4,18.0,36,1,AATCAGTACAAAGGTAGCAA,35,2929351
ompRp4,13.0,26,1,AATATCACCACCTGATCGAG,25,2918207
ompRp4,1.0,2,1,AATACAAGGAATTAAACCCT,1,2936598
ompRp4,1.0,2,1,AAGCCACAGTCCGATTTTAC,1,2909040
ompRp4,8.0,16,1,AACCTCCCGTCTCCTCCTTG,15,2932896
ompRp4,19.5,39,1,AACCCCCTCCTTGCGTTCAT,38,2914234
ompRp4,4.5,9,1,AACATAGATATTATCCTGCT,8,2930378
ompRp4,2.0,4,1,AAATGATGCTTCTTTCCCGC,3,2914368
ompRp4,35.0,70,1,AAACTCCCCGTAGGTCCCGG,69,2909739
ompRp4,1.5,3,1,AAAAATTAGGCTAGCCAATC,2,2914506
ompRp4,9.0,18,1,AAAAACAGGAAAGCGCGCCA,17,2937435
ompRp4,0.008771929824561403,113,113,CAAGTTGGTAACGAAAAGAG,0,2909592
ompRp4,0.012048192771084338,82,82,AGAACCGGAATTGTCGTGTT,0,2909334
ompRp4,0.01282051282051282,77,77,TGACGCAGTGGAAGTGGATA,0,2928041
ompRp4,0.013513513513513514,73,73,ACCGGTTAGGCGAAGTGTCA,0,2911760
ompRp4,0.014285714285714285,69,69,ATGACTTTCGGGGCTGAGGT,0,2935972
ompRp4,0.015625,63,63,GCGGCGATATGTTTGCGTAA,0,2910654
ompRp4,0.016666666666666666,59,59,AAAAGCGGGAAACGAAACAG,0,2907999
ompRp4,0.017241379310344827,57,57,CGCTAACTCCCACTTTACTT,0,2924911
ompRp4,0.017241379310344827,57,57,AAACTAACGCGCAATTGTAT,0,2923859
ompRp4,0.017543859649122806,56,56,TCATGCCTGGGGAGGCCATC,0,2927731
ompRp4,0.01818181818181818,54,54,GTTACGACAAGTCGCACTTC,0,2922405
ompRp4,0.018518518518518517,53,53,AGTCTTGATGACGAAAGGCC,0,2914420
ompRp4,0.018518518518518517,53,53,ACTATACCGCTTTGGAGGAA,0,2912422
ompRp4,0.018867924528301886,52,52,TATTCCTCGAAGTGTCTTGT,0,2908941
ompRp4,0.019230769230769232,51,51,TTTCCACCGGAAATGGTCCT,0,2932201
ompRp4,0.019230769230769232,51,51,GTCGATGGACTATAACAGGT,0,2912607
ompRp4,0.019230769230769232,51,51,GCCTTCAAATAGGTCTGGCA,0,2908948
ompRp4,0.019230769230769232,51,51,GACGCAAGGTCGTTTATGGT,0,2925329
ompRp4,0.0196078431372549,50,50,AAAACTGGGCTGGCGTAAAA,0,2912848
ompRp4,0.02040816326530612,48,48,GACCTCAGTGACGCCAGCCA,0,2908395
ompRp4,0.02040816326530612,48,48,AGACCGACCGGATAGTTTCG,0,2916962
ompRp4,0.02040816326530612,48,48,AACTAGCTGAGGTGGACTTT,0,2908740
ompRp4,0.020833333333333332,47,47,GTTTCGTGCTTCACATGTAT,0,2909990
ompRp4,0.020833333333333332,47,47,GGTGTAAGTTTGCCACCCGA,0,2915348
ompRp4,0.020833333333333332,47,47,ATGTTGGCACAGTGGATAAT,0,2909014
ompRp4,0.02127659574468085,46,46,GGGGTAGCCTTATCGATGCT,0,2913913
ompRp4,0.02127659574468085,46,46,GCGTGCACCGTGTCCCGTGA,0,2908333
ompRp4,0.021739130434782608,45,45,TAAAATTTCTAGCTGCGAGA,0,2924248
ompRp4,0.021739130434782608,45,45,AGGTGCAATAGTTGGCTAGC,0,2924831
ompRp4,0.021739130434782608,45,45,ACGTGCAACGGGAAATTGTC,0,2914894
ompRp4,0.022222222222222223,44,44,TACTGGCTACCGGCCACGCA,0,2932171
ompRp4,0.022222222222222223,44,44,GTCACAGCGTCGGGCCTGAT,0,2917854
ompRp4,0.022222222222222223,44,44,GAGCTTTTGGCCCACTGGAT,0,2907961
ompRp4,0.022727272727272728,43,43,TTTCCCGTGAAAGGAAGCTT,0,2914424
ompRp4,0.022727272727272728,43,43,TATCGGTACAAACTGGAGCC,0,2923464
ompRp4,0.022727272727272728,43,43,GTCATTCAGGGGGAAGGATA,0,2912714
ompRp4,0.022727272727272728,43,43,GGGACTCTTTGGTACGACGA,0,2925737
ompRp4,0.022727272727272728,43,43,GACGCGCTTGCCCCCCTCTT,0,2914133
ompRp4,0.022727272727272728,43,43,CTTGCGCTAGACATCATTGA,0,2916167
ompRp4,0.022727272727272728,43,43,CTGTCCGCTAAAGGGCAGAG,0,2937160
ompRp4,0.022727272727272728,43,43,CCTAACAGAAGACGGGGAGC,0,2938008
ompRp4,0.023255813953488372,42,42,TGGCGTTATCGAAGGGGTAG,0,2925495
ompRp4,0.023255813953488372,42,42,GAGCTCGTGGATTCAACGAT,0,2915625
ompRp4,0.023255813953488372,42,42,ATCTGACACCAGCGCTATAT,0,2922768
ompRp4,0.023255813953488372,42,42,AGCAAGACGCAGCGTAATCA,0,2926812
ompRp4,0.023809523809523808,41,41,TTCGGGTCGGTTTGATGACA,0,2915334
ompRp4,0.023809523809523808,41,41,GACCCGCACTGAACGAATCA,0,2929951
ompRp4,0.023809523809523808,41,41,CGATCGCCGGACCATTCGGA,0,2921431
ompRp4,0.023809523809523808,41,41,CACTTGTTATTACGTATGCT,0,2924820
ompRp4,0.023809523809523808,41,41,AGGATGGGTTAGAGTTAAGG,0,2915293
ompRp4,0.023809523809523808,41,41,AACGAATCATCCTGTGCATC,0,2924758
ompRp4,0.024390243902439025,40,40,TTCACGACACGAGACCTGTA,0,2914960
ompRp4,0.024390243902439025,40,40,ACGCCTGCCGTGCAGCGGTT,0,2909241
ompRp4,0.024390243902439025,40,40,AAAGCCTTATATTGGGCGTA,0,2913105
ompRp4,0.024390243902439025,40,40,AAAAGGACACTGACTCCGGA,0,2920804
ompRp4,0.025,39,39,ATGGGCAGCGAGTATCCAGG,0,2925513
ompRp4,0.025,39,39,ACTTTCCACTGCGTAACAAT,0,2924184
ompRp4,0.02564102564102564,38,38,TTTCCAAATACAGCCAGACA,0,2914086
ompRp4,0.02564102564102564,38,38,TGATCAGGGGCGTTAGATAC,0,2933596
ompRp4,0.02564102564102564,38,38,GCGCATTCTGGCGTTTGCGG,0,2928301
ompRp4,0.02564102564102564,38,38,ACGCGCGGTCAGTTAGTAAG,0,2921962
ompRp4,0.02631578947368421,37,37,TTTTGTGGAGTGTAAGTTCG,0,2914995
ompRp4,0.02631578947368421,37,37,TTGGCATACGTGACGCACTG,0,2924301
ompRp4,0.02631578947368421,37,37,CTCAAGATACCATGATGGAT,0,2931180
ompRp4,0.02631578947368421,37,37,CCGGTGTTATATCGTTGACG,0,2935049
ompRp4,0.02631578947368421,37,37,ACTGGTTTAAACATCCCGCG,0,2913376
ompRp4,0.02631578947368421,37,37,ACCAGGCTCTTTATCAAAGT,0,2932417
ompRp4,0.02702702702702703,36,36,GTGTAGGATTTGAAGACCCT,0,2909159
ompRp4,0.02702702702702703,36,36,GGGCTACACTGGATCCAGGG,0,2925874
ompRp4,0.02702702702702703,36,36,CTCGTGACAGCGTGATTGTT,0,2913487
ompRp4,0.02702702702702703,36,36,CGAGGGGGTGACGGATCCCC,0,2907888
ompRp4,0.02702702702702703,36,36,CCGATGTTCCAAGCTTGAGG,0,2913714
ompRp4,0.02702702702702703,36,36,CCGAGGCAATACACTCGTCT,0,2915233
ompRp4,0.02702702702702703,36,36,AGGGTTAGCACAGAATGCAT,0,2908846
ompRp4,0.02702702702702703,36,36,ACGAAGTTCGTTTAGCCTTG,0,2910949
ompRp4,0.02702702702702703,36,36,AAGTGTCACCCGTCATAACA,0,2909869
ompRp4,0.027777777777777776,35,35,TCATGTCTTTTTCCCAAGGG,0,2916675
ompRp4,0.027777777777777776,35,35,GGGTCCCCACGCGTATCGAT,0,2930213
ompRp4,0.027777777777777776,35,35,GGATCCACGTCAGAAATGTA,0,2911075
ompRp4,0.027777777777777776,35,35,CTCTATAGGTGCATTCGAAG,0,2930289
ompRp4,0.027777777777777776,35,35,CGTGTGGGAGCCAGTGGCTC,0,2908397
ompRp4,0.027777777777777776,35,35,CGGAGCTAGTCAGCAAGATG,0,2937518
ompRp4,0.027777777777777776,35,35,CATTTTCTGCGAAAAGGACA,0,2916622
ompRp4,0.027777777777777776,35,35,CAATTTCGAGTGACTTGGGT,0,2918000
ompRp4,0.027777777777777776,35,35,ATCGCCGGCTTAGCCAGTCC,0,2935425
ompRp4,0.027777777777777776,35,35,ACGAGCCCTTCCACGGGGTC,0,2927606
ompRp4,0.02857142857142857,34,34,TGTAAGGAAAAGCGCACATG,0,2918885
ompRp4,0.02857142857142857,34,34,GTTGGTCCTAACGGTCATTG,0,2914193
ompRp4,0.02857142857142857,34,34,GTTGCTGGGTGTGGTCTATT,0,2912229
ompRp4,0.02857142857142857,34,34,GAGCTTACACAGTTCTTTAG,0,2919462
ompRp4,0.02857142857142857,34,34,CTGAAATGCTCATCCTAGGT,0,2924024
ompRp4,0.02857142857142857,34,34,CGAGCTCAAACCGATATCCA,0,2920442
ompRp4,0.02857142857142857,34,34,CGAATCAAGGTGTCGAATGA,0,2910304
ompRp4,0.02857142857142857,34,34,CACTTGCCATAATTCGCGGG,0,2918710
ompRp4,0.02857142857142857,34,34,AGCTGTTAATGCTGAGTAAT,0,2913940
ompRp4,0.02857142857142857,34,34,ACCCGGTAGCAAAACAGAAC,0,2909559
ompRp4,0.029411764705882353,33,33,TGCATTGCTCAATCGCATCA,0,2922698
ompRp4,0.029411764705882353,33,33,TCTAGCCTTCATCATTGGTG,0,2920917
ompRp4,0.029411764705882353,33,33,TCCAAATGTTGTGACCCCGA,0,2933939
ompRp4,0.029411764705882353,33,33,GGTAGCGGGTACGAACCTAT,0,2922839
ompRp4,0.029411764705882353,33,33,GGGAAGTTCTTGGCCCGGTC,0,2923928
ompRp4,0.029411764705882353,33,33,CTGAGGATGCGTCGGTAGGT,0,2911376
ompRp4,0.029411764705882353,33,33,CCCGAGGATCCTGGTCGAAT,0,2919253
ompRp4,0.029411764705882353,33,33,CCATGGTAGCTGTGCAGAGA,0,2920914
ompRp4,0.029411764705882353,33,33,CAGATCTCGTAGAAACGGCG,0,2909814
ompRp4,0.029411764705882353,33,33,CAAAGTCCGCACTGGGACAT,0,2918251
ompRp4,0.029411764705882353,33,33,ATATAAGCTACTCGAAGAGC,0,2934428
ompRp4,0.029411764705882353,33,33,ACTACAATTGCTGGCTACAT,0,2921874
ompRp4,0.030303030303030304,32,32,GTTGACCAATTACGGAGGGT,0,2928385
ompRp4,0.030303030303030304,32,32,GCGATGTGGTCCAGACGCGT,0,2922891
ompRp4,0.030303030303030304,32,32,GAGTCAGATACCGGCCTAAT,0,2916406
ompRp4,0.030303030303030304,32,32,GAAACGGAGTTCATGTCATA,0,2921330
ompRp4,0.030303030303030304,32,32,CTATATGTGGCCGGAACACT,0,2908665
ompRp4,0.030303030303030304,32,32,CGCCCTATACCGCTCTCAAA,0,2909154
ompRp4,0.030303030303030304,32,32,ATTCTAGGGCGACAAGTGAC,0,2923178
ompRp4,0.030303030303030304,32,32,ATCTGGTCGGAGGGCATAGA,0,2923866
ompRp4,0.030303030303030304,32,32,ACACGCTGTACACGAACGAC,0,2932067
ompRp4,0.030303030303030304,32,32,AACTCTACAGCATTACTATT,0,2922838
ompRp4,0.03125,31,31,TTGCCCAGCATTCTGGCGCT,0,2921120
ompRp4,0.03125,31,31,TGGAGTTCAGCATTCAATTG,0,2912686
ompRp4,0.03125,31,31,GTCGATGCGGGTAGTTCCCA,0,2932905
ompRp4,0.03125,31,31,GTCCTATTTCGTATACGCGA,0,2921658
ompRp4,0.03125,31,31,GTCAATTTTGTGGATGGGCA,0,2909845
ompRp4,0.03125,31,31,CTTCCGAGAGTTATTTCAGG,0,2930087
ompRp4,0.03125,31,31,CTCTTCCTGGGGCCTTTAGA,0,2935916
ompRp4,0.03125,31,31,CTCCCTCAACCTAGTTGCTA,0,2922794
ompRp4,0.03125,31,31,CTATCGTGACAATGTGGGAT,0,2921991
ompRp4,0.03125,31,31,CAACGTATTCCTACATCCCA,0,2909908
ompRp4,0.03125,31,31,ATGTAATGCCTGTGTATAGA,0,2908746
ompRp4,0.03125,31,31,AGGGCGAATTCGCTATAAGT,0,2925786
ompRp4,0.03125,31,31,AATGTATCCGGTTGGTTAAG,0,2935170
ompRp4,0.03125,31,31,AACGATGATTGGGGTCTACA,0,2935679
ompRp4,0.03125,31,31,AAAGGACTTGTCGAACTGGA,0,2930145
ompRp4,0.03225806451612903,30,30,TTTGGCTTAACAAACTCGAC,0,2909379
ompRp4,0.03225806451612903,30,30,TGGAATTGTAAGTGTGTACA,0,2910248
ompRp4,0.03225806451612903,30,30,TCGTCGGCCTCGGAAAGTCT,0,2936628
ompRp4,0.03225806451612903,30,30,GGGGGTCAGAAAAGGGTTGG,0,2935225
ompRp4,0.03225806451612903,30,30,CGTTCTGGGGTACGCTGGAT,0,2910563
ompRp4,0.03225806451612903,30,30,CGAATCTAGCTACGGCAGAT,0,2920219
ompRp4,0.03225806451612903,30,30,ATTGGGTTCCTGATGAGCAT,0,2919181
ompRp4,0.03225806451612903,30,30,AGGGCACTCCTAGTCCTGGA,0,2909336
ompRp4,0.03225806451612903,30,30,AGGCTCCACATTGACAGAAA,0,2915215
ompRp4,0.03225806451612903,30,30,AACTGTAACCGACGCTTTCC,0,2916563
ompRp4,0.03225806451612903,30,30,AACGTTCAAAACGAATGGAA,0,2918890
ompRp4,0.03333333333333333,29,29,TGGTCAGATAGTGTTTGGCA,0,2922770
ompRp4,0.03333333333333333,29,29,TGCGCGGTTGGCCGGGCTTG,0,2926383
ompRp4,0.03333333333333333,29,29,TGCACAGGCGGGGCTACAAC,0,2915897
ompRp4,0.03333333333333333,29,29,TATTTCCTCACGGGGTGAGT,0,2910110
ompRp4,0.03333333333333333,29,29,TACTGGATGTATGAGCGGCT,0,2925469
ompRp4,0.03333333333333333,29,29,TAAGATCGCGGAGTCCTCTT,0,2936761
ompRp4,0.03333333333333333,29,29,GTCCGAGTATAGCGTTTATT,0,2913944
ompRp4,0.03333333333333333,29,29,GGTGCGCCAACACAGATTGG,0,2931410
ompRp4,0.03333333333333333,29,29,GCCTCGACAAGAGGAGTTGT,0,2916227
ompRp4,0.03333333333333333,29,29,GCCAGATACAAACAAGTGGA,0,2916522
ompRp4,0.03333333333333333,29,29,GAGCTCCGCCTATCCTTCAT,0,2915216
ompRp4,0.03333333333333333,29,29,CTTGGTTAAGCGCAGTGTGG,0,2909136
ompRp4,0.03333333333333333,29,29,CTGTGTAATCCCCGCGCCAA,0,2920934
ompRp4,0.03333333333333333,29,29,CTCAGCGCCCTATTGTTCAC,0,2928927
ompRp4,0.03333333333333333,29,29,AGTGTATAGTAAGACGAGCA,0,2933982
ompRp4,0.03333333333333333,29,29,AGGATGGCTTGGTTACAGCA,0,2910188
ompRp4,0.03333333333333333,29,29,AGCCCGACTAACTGTTCACT,0,2912307
ompRp4,0.03333333333333333,29,29,ACAAGGAAGGGTTGGGACTC,0,2910019
ompRp4,0.03333333333333333,29,29,ACAACCGCGCCAGGTGTTGG,0,2930119
ompRp4,0.03333333333333333,29,29,AATACGCTGTAAACTATATG,0,2908527
ompRp4,0.03333333333333333,29,29,AAAAAGCAGGGACCAGAGAA,0,2920871
ompRp4,0.034482758620689655,28,28,TTGAGTGGCTATGTTCGCAT,0,2910407
ompRp4,0.034482758620689655,28,28,TTCTTTCTTAACGACCTTGT,0,2916007
ompRp4,0.034482758620689655,28,28,TTAAAGCTCACATACTAAAC,0,2921600
ompRp4,0.034482758620689655,28,28,TGCGTCTGCGAAGTCCAACA,0,2917409
ompRp4,0.034482758620689655,28,28,TGAGGTTAGCAAGGAACCCT,0,2930244
ompRp4,0.034482758620689655,28,28,TCTGTGTGGTATAGGTTTAG,0,2927238
ompRp4,0.034482758620689655,28,28,GGATATCGGTTGCTTCTAAG,0,2930678
ompRp4,0.034482758620689655,28,28,GCTGTCGGATCGGTTTAGGT,0,2913347
ompRp4,0.034482758620689655,28,28,GCTACCCTGAGGCGTACAAT,0,2907746
ompRp4,0.034482758620689655,28,28,GCCCGTCGGGTAAGAGTAGT,0,2932756
ompRp4,0.034482758620689655,28,28,GCACACTTACAGCGATAGCC,0,2911862
ompRp4,0.034482758620689655,28,28,GATTGTGGTCGCACAACATT,0,2932740
ompRp4,0.034482758620689655,28,28,GAGTTTATATCCACACACGT,0,2927326
ompRp4,0.034482758620689655,28,28,GAATCGGAGATTTTCGTTTT,0,2908645
ompRp4,0.034482758620689655,28,28,GAAGATATCACAGGGAGGGA,0,2926440
ompRp4,0.034482758620689655,28,28,GAAAAGCAGTTTAGGTCCAA,0,2934447
ompRp4,0.034482758620689655,28,28,CTGGCGGTTGCCCTGAGCCA,0,2909992
ompRp4,0.034482758620689655,28,28,CGCGTACTTGCGAACAGCGA,0,2933502
ompRp4,0.034482758620689655,28,28,CAACATCCATTTGTCGTTAT,0,2935107
ompRp4,0.034482758620689655,28,28,AGTATTGCGGTTATCGCATC,0,2933360
ompRp4,0.034482758620689655,28,28,AGCCGGCTCCAGTGACCAGG,0,2934812
ompRp4,0.034482758620689655,28,28,ACGGCTCCGTGAAATGTCTG,0,2932210
ompRp4,0.034482758620689655,28,28,AACACGATTTTGGGGATGAA,0,2917667
ompRp4,0.03571428571428571,27,27,TTGCGCTAACGGTGAGCTGT,0,2914065
ompRp4,0.03571428571428571,27,27,TGGTGTACAGGTACTACCAT,0,2918883
ompRp4,0.03571428571428571,27,27,TGCTACGGTCCAAGAAGTTT,0,2927181
ompRp4,0.03571428571428571,27,27,TGCGTCGCACATAGGGGCGT,0,2927362
ompRp4,0.03571428571428571,27,27,TGAAGTCTGCTCACGACGTA,0,2921299
ompRp4,0.03571428571428571,27,27,TCTAGTAACAGGGTCGGTAC,0,2930101
ompRp4,0.03571428571428571,27,27,TCCCAGTATTACGCGCTTCA,0,2927907
ompRp4,0.03571428571428571,27,27,GGTTGGATACCGGAATTGCT,0,2923313
ompRp4,0.03571428571428571,27,27,GGTCTGTTAGTAGGGTTGCT,0,2927055
ompRp4,0.03571428571428571,27,27,GATCGCAGATACGTGCGTTC,0,2922619
ompRp4,0.03571428571428571,27,27,GAGTCGGCTCCAGGAGGATT,0,2910239
ompRp4,0.03571428571428571,27,27,CTCTAGTTAGTTGTGTGGGA,0,2935471
ompRp4,0.03571428571428571,27,27,CTCTAGACTACTTCCACCTA,0,2913488
ompRp4,0.03571428571428571,27,27,CTCCCCCTCTTACGGTTGAT,0,2921690
ompRp4,0.03571428571428571,27,27,CGGGCCGCCGGCCACAACGC,0,2915545
ompRp4,0.03571428571428571,27,27,CCTTGATCCCAACTTCCTGA,0,2922988
ompRp4,0.03571428571428571,27,27,CCGAGATTACCGCGCGGCAT,0,2918006
ompRp4,0.03571428571428571,27,27,CAGTTGCCCTGTTTCAGAAG,0,2930870
ompRp4,0.03571428571428571,27,27,CAACGACTAATAGCAACACT,0,2918755
ompRp4,0.03571428571428571,27,27,ATACCCCGGGGATTAAGGGT,0,2909180
ompRp4,0.03571428571428571,27,27,AGCACTGAACCTACACATGC,0,2930043
ompRp4,0.03571428571428571,27,27,AACGCCCGAGCTTACATCAA,0,2920745
ompRp4,0.03571428571428571,27,27,AAACGTCCTGAACTTCTTTT,0,2933786
ompRp4,0.037037037037037035,26,26,TTGGAATCGCTTGACGCCCC,0,2909275
ompRp4,0.037037037037037035,26,26,TTCGCATGACGGCACGAGGG,0,2937445
ompRp4,0.037037037037037035,26,26,TTACCTCGAACTCTTCTAGG,0,2932462
ompRp4,0.037037037037037035,26,26,TGTCGCGATACCTGAGGTTT,0,2933550
ompRp4,0.037037037037037035,26,26,TGCTCGCTCTAGCGTGGATA,0,2908883
ompRp4,0.037037037037037035,26,26,TCGGGGGAGCTTGAAATCAG,0,2915055
ompRp4,0.037037037037037035,26,26,TCGACTTTGGAATGTGTGAT,0,2934660
ompRp4,0.037037037037037035,26,26,TATGAATGCTGATACAGCCG,0,2921440
ompRp4,0.037037037037037035,26,26,TACGGGTTATGTAGATGCTT,0,2937000
ompRp4,0.037037037037037035,26,26,TACAGTTTGAATTTCCTGCG,0,2919398
ompRp4,0.037037037037037035,26,26,GTGGCATGTTCTGCCAGATT,0,2933419
ompRp4,0.037037037037037035,26,26,GTCTGGTTTACAGGGCTCCA,0,2913452
ompRp4,0.037037037037037035,26,26,GGCTGCGTTCCTGTCATATC,0,2934969
ompRp4,0.037037037037037035,26,26,GGACTAAACCAGGCGGCTGA,0,2911289
ompRp4,0.037037037037037035,26,26,GACAATCGGCGTAAGGTTTT,0,2914260
ompRp4,0.037037037037037035,26,26,GAATCAAAGGGGGGCGCTCA,0,2918185
ompRp4,0.037037037037037035,26,26,CTGGTAACCGGTCCGGGTCT,0,2932240
ompRp4,0.037037037037037035,26,26,CGCCTATTTGTGTGGTAACT,0,2915394
ompRp4,0.037037037037037035,26,26,CGCCGTCACGTGTATACAGT,0,2928668
ompRp4,0.037037037037037035,26,26,CCGCCGGCCTTAGAAGACAC,0,2917581
ompRp4,0.037037037037037035,26,26,CATGGAGAACGTTATCTAAT,0,2926043
ompRp4,0.037037037037037035,26,26,CAGGGGCCAGGGGTATGTGT,0,2937008
ompRp4,0.037037037037037035,26,26,ATGCCCATCGCTTGATAGAT,0,2915421
ompRp4,0.037037037037037035,26,26,ATGACCAGATAACGGCAGTC,0,2935938
ompRp4,0.037037037037037035,26,26,ATACGAATGATTCACGTTTG,0,2923090
ompRp4,0.038461538461538464,25,25,TTTCAAGGCTGGGTCCGTAT,0,2934829
ompRp4,0.038461538461538464,25,25,TTGGTAAGAGCGTTTGAGCA,0,2911929
ompRp4,0.038461538461538464,25,25,TTGAAGCCGCGTGTCGCCCA,0,2930282
ompRp4,0.038461538461538464,25,25,TGATTTCTGCCACTTGGGGA,0,2913562
ompRp4,0.038461538461538464,25,25,TCTGAGGAGGCAGAGCCGTA,0,2935997
ompRp4,0.038461538461538464,25,25,TATTTGCGGCTCCGTGGCAA,0,2926619
ompRp4,0.038461538461538464,25,25,TAGATGCTGGAGGCCGGGTT,0,2914850
ompRp4,0.038461538461538464,25,25,GTTGAGGGGGGTCTCCTTTA,0,2908056
ompRp4,0.038461538461538464,25,25,GTTAGGTCACTGTGTATATA,0,2927363
ompRp4,0.038461538461538464,25,25,GGTGTGACCTTCAGAGGGAA,0,2933802
ompRp4,0.038461538461538464,25,25,GCGTGAGGCTAAGGGCGAGT,0,2928329
ompRp4,0.038461538461538464,25,25,GCGCGATGTAGATTTTTCAA,0,2909042
ompRp4,0.038461538461538464,25,25,GCGCCCCTGGTCTTAATGGT,0,2914851
ompRp4,0.038461538461538464,25,25,GCCTCCTAGTGGATTAATTG,0,2935096
ompRp4,0.038461538461538464,25,25,GCCTAGCATAATCAACCAAC,0,2920005
ompRp4,0.038461538461538464,25,25,GCCATGGTGGCGAAAAAAAC,0,2925793
ompRp4,0.038461538461538464,25,25,GCATGCGCGTGACAGCCATA,0,2916668
ompRp4,0.038461538461538464,25,25,CTGGGGAGGCGTTGAAATGT,0,2934084
ompRp4,0.038461538461538464,25,25,CGATATTGAGCACTACAGTT,0,2911241
ompRp4,0.038461538461538464,25,25,CCGAAATGGCTTGAAAAAGA,0,2918887
ompRp4,0.038461538461538464,25,25,CCAACGATTCTTCGGAATTT,0,2923024
ompRp4,0.038461538461538464,25,25,CACTTGTACATAACTTTACA,0,2921258
ompRp4,0.038461538461538464,25,25,ATTGGCCCATGACTGAAATC,0,2920860
ompRp4,0.038461538461538464,25,25,ATGTAACCCTTGGCAGTACG,0,2929766
ompRp4,0.038461538461538464,25,25,ATGGTGGAGGGAAGAGGCGT,0,2925244
ompRp4,0.038461538461538464,25,25,ATGATCAAATATACTCGCTA,0,2931934
ompRp4,0.038461538461538464,25,25,AGTTCCAGGTACCGCCCCAT,0,2913519
ompRp4,0.038461538461538464,25,25,AGGAACAAGGGCCTTCTGGT,0,2911028
ompRp4,0.038461538461538464,25,25,ACGTCAATACATGGCTTTCA,0,2927309
ompRp4,0.038461538461538464,25,25,ACAACCGTTGTAGTAGGCCC,0,2911426
ompRp4,0.038461538461538464,25,25,AATGAACGATCCACAAGCGC,0,2928394
ompRp4,0.038461538461538464,25,25,AATACCGGGCAGTTTCCATA,0,2919392
ompRp4,0.04,24,24,TTTGTACCAACCGGACGGTA,0,2915415
ompRp4,0.04,24,24,TTCCTTTCACGTATTAAACC,0,2928740
ompRp4,0.04,24,24,TTCCGTTTAGGCTGTAATAT,0,2922198
ompRp4,0.04,24,24,TGCAACCGTCCCGGGTCGTG,0,2924392
ompRp4,0.04,24,24,TGATTTTCACACCGGAACTC,0,2927257
ompRp4,0.04,24,24,TCATATAGACTATCGGCTTA,0,2936072
ompRp4,0.04,24,24,TACTGAGGATTTCTGGTTAC,0,2913893
ompRp4,0.04,24,24,TAAAACCGGACGCCGTGCGC,0,2914744
ompRp4,0.04,24,24,GTCTAGCGGGCTGCTAAGCA,0,2933655
ompRp4,0.04,24,24,GGCGCATGGCAGGTTTGTAT,0,2931278
ompRp4,0.04,24,24,GCTTGTAACGCCTTTACGAT,0,2918675
ompRp4,0.04,24,24,GCCACATTGAGCTGGGATAT,0,2927973
ompRp4,0.04,24,24,GAACAAGAGGAGTAGGAAGA,0,2923347
ompRp4,0.04,24,24,CTTTCAGCGGTCCAACACGT,0,2932444
ompRp4,0.04,24,24,CTGGGTAGAGAGACCATTGT,0,2929384
ompRp4,0.04,24,24,CTATGACTATCTCCCTATCT,0,2936240
ompRp4,0.04,24,24,CGTCCCATATTAGTGGGCAA,0,2917845
ompRp4,0.04,24,24,CGCCGTAGAGCATCCCTTTG,0,2933968
ompRp4,0.04,24,24,CCGTAGTATCCTTGGATCAA,0,2926976
ompRp4,0.04,24,24,CCCGTCATGCGGAGCCGTGT,0,2916487
ompRp4,0.04,24,24,CACTCATATTTACCAGCGGT,0,2927068
ompRp4,0.04,24,24,CAATGACGCAGCGATTAACT,0,2908604
ompRp4,0.04,24,24,CAAGAAGTCGAGGAAGCGGG,0,2917258
ompRp4,0.04,24,24,ATTAACGTCGGCAGCTTGCA,0,2933628
ompRp4,0.04,24,24,ATCTACGAGGTGGTTTTGAC,0,2927786
ompRp4,0.04,24,24,AGTTGAGTTAGTAAGATAGG,0,2908342
ompRp4,0.04,24,24,AGCCAATTGGTTGGCCGTGG,0,2926971
ompRp4,0.04,24,24,AGAATCGTGTTTTGACCATC,0,2932464
ompRp4,0.04,24,24,ACCTCAGGTTGTCGGCGGTA,0,2925705
ompRp4,0.04,24,24,AAATCCCAAAGGGTCAAGGA,0,2922268
ompRp4,0.041666666666666664,23,23,TGTGAGGTATGTTGCGTGAG,0,2920384
ompRp4,0.041666666666666664,23,23,TCGGTCGGATGTGTTACCTG,0,2920862
ompRp4,0.041666666666666664,23,23,TCCACTCGCCTCACGGCCGG,0,2922925
ompRp4,0.041666666666666664,23,23,TATTGGCGACGTGTTTAACT,0,2921347
ompRp4,0.041666666666666664,23,23,GTTTTAAGTTTAGGAAGCAA,0,2930900
ompRp4,0.041666666666666664,23,23,GGTATCGGCGTCAAACGAGT,0,2930120
ompRp4,0.041666666666666664,23,23,GGGCAGGGAAGGACGATTAC,0,2923991
ompRp4,0.041666666666666664,23,23,GGGACAATCCTGAAACTTTC,0,2922176
ompRp4,0.041666666666666664,23,23,GCGCACTCGGAGGCACAATT,0,2922269
ompRp4,0.041666666666666664,23,23,GCCACGAGACCTACCGGTGT,0,2908743
ompRp4,0.041666666666666664,23,23,GCACCGACAAGCCAACCCTC,0,2914010
ompRp4,0.041666666666666664,23,23,GATATGGAAGGTCGATTATA,0,2925223
ompRp4,0.041666666666666664,23,23,GAGACTAGGTCTCGCTGTAC,0,2910741
ompRp4,0.041666666666666664,23,23,GAAATGTCAGTGAATGTAGA,0,2929419
ompRp4,0.041666666666666664,23,23,CTTGTTCGGCTGTTACTTCA,0,2929172
ompRp4,0.041666666666666664,23,23,CTCATGCATCACAGCGCGTA,0,2913384
ompRp4,0.041666666666666664,23,23,CGTTCGGTGCTAATAAAAGA,0,2913912
ompRp4,0.041666666666666664,23,23,CGTCTGACAAGCTGAATGCT,0,2907727
ompRp4,0.041666666666666664,23,23,CGTACAACCAAGCGGTCCTA,0,2935671
ompRp4,0.041666666666666664,23,23,CGCGGGTACCACGTGTGGGC,0,2936506
ompRp4,0.041666666666666664,23,23,CGCCGAAAGTCTCAAGGGGG,0,2921693
ompRp4,0.041666666666666664,23,23,CCTCAAGCCAGGACGACGGT,0,2922115
ompRp4,0.041666666666666664,23,23,CCGGCGGCAAGCGTAAATTA,0,2915323
ompRp4,0.041666666666666664,23,23,CATTATCATGATTGTAGCTT,0,2914291
ompRp4,0.041666666666666664,23,23,ATCTGCTTTGACCGTCACGG,0,2919930
ompRp4,0.041666666666666664,23,23,ATAGGGACATTCGATGCCGT,0,2931326
ompRp4,0.041666666666666664,23,23,AGTAATTAGGCTTCTGAGGT,0,2931409
ompRp4,0.041666666666666664,23,23,AGGATCGTGTTGAGTTGCTT,0,2920983
ompRp4,0.041666666666666664,23,23,AGCCTGACGGAACCTGGACG,0,2933384
ompRp4,0.041666666666666664,23,23,AGACATCAGGACACAATATG,0,2921526
ompRp4,0.041666666666666664,23,23,ACTTTTTCATCAACATTGTG,0,2920007
ompRp4,0.041666666666666664,23,23,ACCTCCTGACCCTTTCACAT,0,2922591
ompRp4,0.041666666666666664,23,23,ACCGTGGGCTGCTACAAAAT,0,2936230
ompRp4,0.041666666666666664,23,23,ACACCGCCCGGATTAATTAG,0,2937281
ompRp4,0.041666666666666664,23,23,AAGGTCCCCATCTGTTAAAA,0,2915108
ompRp4,0.041666666666666664,23,23,AAATCAGAAGTCTAGTCAAC,0,2930574
ompRp4,0.041666666666666664,23,23,AAAACTATCTACTCGCGAGT,0,2930536
ompRp4,0.043478260869565216,22,22,TTTGATCCTCCTAGAAAGTA,0,2911637
ompRp4,0.043478260869565216,22,22,TTTCTTATCCATATGTGCTT,0,2922037
ompRp4,0.043478260869565216,22,22,TTTAGGCCGGGTGACTTCGT,0,2912396
ompRp4,0.043478260869565216,22,22,TTCTGCACATTGCAGCATAT,0,2914612
ompRp4,0.043478260869565216,22,22,TTCAGGTGTTTGAGAAAAAA,0,2932666
ompRp4,0.043478260869565216,22,22,TGTCCAGTGAACTACAGCGG,0,2916226
ompRp4,0.043478260869565216,22,22,TGGAGTCCGCCTTGCGAGTA,0,2908422
ompRp4,0.043478260869565216,22,22,TGGACGGTAACGATCGGTTG,0,2923176
ompRp4,0.043478260869565216,22,22,TCCCAAGGGGCGGTCCCGTC,0,2933873
ompRp4,0.043478260869565216,22,22,TCACTGGTGCTTTTCTGCTG,0,2928383
ompRp4,0.043478260869565216,22,22,TCACTAGACGGTGGAAGTTA,0,2920566
ompRp4,0.043478260869565216,22,22,GTCGTGTCACCAGACCCTAT,0,2919820
ompRp4,0.043478260869565216,22,22,GGGACCACGAATCTTAATTA,0,2916712
ompRp4,0.043478260869565216,22,22,GGCAGCGACGATGAGCCCGC,0,2919690
ompRp4,0.043478260869565216,22,22,GGATTTAAGCAATTCAATTT,0,2922841
ompRp4,0.043478260869565216,22,22,GGAATAACCATCAGTCAATG,0,2908282
ompRp4,0.043478260869565216,22,22,GCTGGAAACATCCCCACACA,0,2916592
ompRp4,0.043478260869565216,22,22,GCAATGGCCAGGGACCTGCA,0,2927770
ompRp4,0.043478260869565216,22,22,GAGTGACTAAGGTTACCGTT,0,2918827
ompRp4,0.043478260869565216,22,22,GAGATTAATGGCGCTGGCCC,0,2934518
ompRp4,0.043478260869565216,22,22,CTCTTTGGGAACTAGAGAGC,0,2917170
ompRp4,0.043478260869565216,22,22,CGTCGTGCAAGTCATTCGCA,0,2918092
ompRp4,0.043478260869565216,22,22,CGGATCCTGCCCAAAGACAT,0,2911101
ompRp4,0.043478260869565216,22,22,CGCGATCATGTACCCTGGAG,0,2913533
ompRp4,0.043478260869565216,22,22,CCTCTGCTGAGTAACAAGTG,0,2932446
ompRp4,0.043478260869565216,22,22,CCACAGCTTCCTTGACTTCG,0,2918198
ompRp4,0.043478260869565216,22,22,CCAATCTCGCTGCTCTGGAT,0,2936053
ompRp4,0.043478260869565216,22,22,CATTGTCGACTCTTTTACTC,0,2915920
ompRp4,0.043478260869565216,22,22,CAGCGAGGTGGTTGCGTGCC,0,2909130
ompRp4,0.043478260869565216,22,22,CACGTTGAGGGACAGAGGCT,0,2933852
ompRp4,0.043478260869565216,22,22,CACGGGATGACCCTCGACAA,0,2929033
ompRp4,0.043478260869565216,22,22,CAAATTCGTGCCAAAGCAAC,0,2912511
ompRp4,0.043478260869565216,22,22,ATTTGGAATCCGAGTTAGTC,0,2930875
ompRp4,0.043478260869565216,22,22,ATGTGTAGATAAAGTGTCGG,0,2922098
ompRp4,0.043478260869565216,22,22,ATGTCGAGGTAAACCGTAAT,0,2914052
ompRp4,0.043478260869565216,22,22,ATGCTCTTAGACGGCGTCCC,0,2924681
ompRp4,0.043478260869565216,22,22,ATCGTTAACCAGCTGTAAAA,0,2931941
ompRp4,0.043478260869565216,22,22,ATATTAGCGAGGTTTCCCGT,0,2927696
ompRp4,0.043478260869565216,22,22,ATAATAACTGCTTTCTAAGT,0,2922370
ompRp4,0.043478260869565216,22,22,AGGTTCAACCACGTACGTGG,0,2924541
ompRp4,0.043478260869565216,22,22,AGGGCAAGTCTAGCTCATAC,0,2908443
ompRp4,0.043478260869565216,22,22,ACTGACACTGTAACTCCGAA,0,2916774
ompRp4,0.043478260869565216,22,22,ACTCCCGACAGAAGAGGACA,0,2922648
ompRp4,0.043478260869565216,22,22,ACACGTTTATCAAGGTCGGT,0,2917393
ompRp4,0.043478260869565216,22,22,ACAAGTCTCGCCTCGCAGCA,0,2934831
ompRp4,0.043478260869565216,22,22,ACAACGGTGACTGCATCCTT,0,2937724
ompRp4,0.043478260869565216,22,22,AAATTAGTAGTTGAGATATT,0,2915412
ompRp4,0.045454545454545456,21,21,TTTTAGCGGTATGCCTCACA,0,2916676
ompRp4,0.045454545454545456,21,21,TGTATACGGCGCTGACAAAG,0,2908947
ompRp4,0.045454545454545456,21,21,TGGGTTTGCATTAAATGGTA,0,2932673
ompRp4,0.045454545454545456,21,21,TGCATATCTGAAGGGGACCA,0,2923179
ompRp4,0.045454545454545456,21,21,TGCAAGGGAGTCGCTGGTCG,0,2922079
ompRp4,0.045454545454545456,21,21,TATTCATTTTGTAGTAGCCG,0,2920648
ompRp4,0.045454545454545456,21,21,TATGGGTAAGCGCACATCGT,0,2914440
ompRp4,0.045454545454545456,21,21,TATGAAGTCCAGAGCGGTAT,0,2909507
ompRp4,0.045454545454545456,21,21,TATCCAGCTAGAGGTTTATC,0,2921622
ompRp4,0.045454545454545456,21,21,TACAACAGGTACCATCGTGG,0,2924710
ompRp4,0.045454545454545456,21,21,GTGCAACGGACTGAACGTCG,0,2930948
ompRp4,0.045454545454545456,21,21,GTGATGTGGGATGCAGTCCG,0,2915312
ompRp4,0.045454545454545456,21,21,GGTCACCATGCGAGGCCGTT,0,2930983
ompRp4,0.045454545454545456,21,21,GCGCTTATGAACCTACGGCG,0,2915512
ompRp4,0.045454545454545456,21,21,GCGCGTTGGGGCGAGTGCGT,0,2918627
ompRp4,0.045454545454545456,21,21,GATAAAGCTAGTCAATGCGT,0,2931443
ompRp4,0.045454545454545456,21,21,GAAGGTGGGATGCTCTTCGT,0,2921860
ompRp4,0.045454545454545456,21,21,CGCGGGGGTGGATGAAGCTG,0,2927837
ompRp4,0.045454545454545456,21,21,CCTTGGCTATCATGTCTTCC,0,2915643
ompRp4,0.045454545454545456,21,21,CCTAACTCGCCGGCTTTTCC,0,2934878
ompRp4,0.045454545454545456,21,21,CCGTCCAATGAATCGTCGGC,0,2928163
ompRp4,0.045454545454545456,21,21,CCGCTGCCGCCTGCATATCC,0,2911785
ompRp4,0.045454545454545456,21,21,CCGAGGTTTTGAGGGAAGTA,0,2915598
ompRp4,0.045454545454545456,21,21,CCCTCAATGAGAACCGGGTG,0,2932636
ompRp4,0.045454545454545456,21,21,CCAATGCTCGTTATAGTTAG,0,2930822
ompRp4,0.045454545454545456,21,21,CATGCTGGGACAAGTTTGAA,0,2932664
ompRp4,0.045454545454545456,21,21,CAGCTTTGTTATGCCACTCA,0,2916867
ompRp4,0.045454545454545456,21,21,CACAAGGATTTCTCTATGGG,0,2914443
ompRp4,0.045454545454545456,21,21,ATGTTAAACTGGAGTGTATC,0,2933541
ompRp4,0.045454545454545456,21,21,ATCTGAACCCGTCAAGATGC,0,2908490
ompRp4,0.045454545454545456,21,21,ATAGGCCGGAGGGGGTCTGT,0,2938276
ompRp4,0.045454545454545456,21,21,ACTTCTCATCGATTGAGTCG,0,2908860
ompRp4,0.045454545454545456,21,21,ACCTTACATCAAAGACTACG,0,2914330
ompRp4,0.045454545454545456,21,21,ACCCGCGAGGCCTCAGGCTC,0,2925630
ompRp4,0.045454545454545456,21,21,ACACTATCATCGGACACCGT,0,2911470
ompRp4,0.045454545454545456,21,21,AACCAGGAGATGCGTATATC,0,2922812
ompRp4,0.045454545454545456,21,21,AAAGAGCATGTCTTCGTTAG,0,2932610
ompRp4,0.045454545454545456,21,21,AAACTGTCCAGCTCCCGAAC,0,2909613
ompRp4,0.047619047619047616,20,20,TTTACCATCTGACAGAGGAC,0,2911668
ompRp4,0.047619047619047616,20,20,TTGTAAAATCGTATTGACGT,0,2920071
ompRp4,0.047619047619047616,20,20,TGGTCTAAGGGACCCAGCAA,0,2936587
ompRp4,0.047619047619047616,20,20,TGGGGAGTATGTTCTGGGCA,0,2923302
ompRp4,0.047619047619047616,20,20,TGCTATTTCGGGTGCAAATC,0,2935732
ompRp4,0.047619047619047616,20,20,TGAATGACCCCGTTACGACC,0,2914682
ompRp4,0.047619047619047616,20,20,GTTTTCACAATGTAGAAGTA,0,2913168
ompRp4,0.047619047619047616,20,20,GTTCATACAGATCCCCTAGG,0,2911643
ompRp4,0.047619047619047616,20,20,GTGAAAGCGTTTGTGCTCTG,0,2924672
ompRp4,0.047619047619047616,20,20,GTCGCCGCTCGTCAACGAAA,0,2931324
ompRp4,0.047619047619047616,20,20,GTCAGGCCACAGAATTGTCA,0,2916565
ompRp4,0.047619047619047616,20,20,GGTCGCTGCGCCTGTGCCCC,0,2927849
ompRp4,0.047619047619047616,20,20,GGGGTTTCTTGAGGTTCATT,0,2916628
ompRp4,0.047619047619047616,20,20,GGGAAACTTTTTACAGTTAA,0,2928386
ompRp4,0.047619047619047616,20,20,GGCAAGCGCTACATGTGTCT,0,2920906
ompRp4,0.047619047619047616,20,20,GCGCTGGGATCATCGAGCCC,0,2917554
ompRp4,0.047619047619047616,20,20,GCCCCCTCCATTCTCGTCTG,0,2927069
ompRp4,0.047619047619047616,20,20,GCAGAAGTACCATTTCGTCG,0,2917750
ompRp4,0.047619047619047616,20,20,GAATTCTTTCGATATCGAAA,0,2915601
ompRp4,0.047619047619047616,20,20,GAAGCGGGCGCCTTTCGAGA,0,2925785
ompRp4,0.047619047619047616,20,20,GAACTCTAGTTTAACGCGGA,0,2923503
ompRp4,0.047619047619047616,20,20,CTTAACCGTCAAGCGTGTAG,0,2931265
ompRp4,0.047619047619047616,20,20,CTCTAGTGTCATGGTGATAT,0,2927454
ompRp4,0.047619047619047616,20,20,CTAGCCCAGCAACTACTCTT,0,2928164
ompRp4,0.047619047619047616,20,20,CGTCATCTACCGCCGTCCCA,0,2915513
ompRp4,0.047619047619047616,20,20,CGGATCAAGGTTAAAAGACA,0,2937952
ompRp4,0.047619047619047616,20,20,CGCTATGCTATCTGCTGACA,0,2926871
ompRp4,0.047619047619047616,20,20,CCTTTCCCTGAGAGGTGGAG,0,2932391
ompRp4,0.047619047619047616,20,20,CCTATCACGAGTCTTGTAAA,0,2936613
ompRp4,0.047619047619047616,20,20,CCGGGGCTCGGAGGTACAAA,0,2929708
ompRp4,0.047619047619047616,20,20,CCGGCGCATGCACAGTCCCA,0,2932099
ompRp4,0.047619047619047616,20,20,CCACTGCAACGGGGCTTCTG,0,2927339
ompRp4,0.047619047619047616,20,20,CACGTTTTATGCGGTGTGGT,0,2909724
ompRp4,0.047619047619047616,20,20,CAATGCCACTGTCCGGAAAT,0,2938237
ompRp4,0.047619047619047616,20,20,ATTGACGTCAGGGTGACCTT,0,2908148
ompRp4,0.047619047619047616,20,20,ATTATATCCTCACTAGAGAA,0,2935720
ompRp4,0.047619047619047616,20,20,ATAGTAGCAGCCCAGTTCAA,0,2913458
ompRp4,0.047619047619047616,20,20,AGCTGTAACCTTTAACTGTA,0,2936512
ompRp4,0.047619047619047616,20,20,AGCTAGACCTGCATACATGC,0,2925665
ompRp4,0.047619047619047616,20,20,AGAGTATTATCACAAGGGGA,0,2932810
ompRp4,0.047619047619047616,20,20,ACTTGTTCCCGCCGTAAAGG,0,2929276
ompRp4,0.047619047619047616,20,20,ACTGCACCTTCGTGACCGGT,0,2931440
ompRp4,0.047619047619047616,20,20,ACACAGGGTGGTAATAGCAT,0,2923642
ompRp4,0.047619047619047616,20,20,ACAAACAACTGACCTCCAGG,0,2925652
ompRp4,0.047619047619047616,20,20,AATACTTATACAGAAAGACA,0,2910043
ompRp4,0.047619047619047616,20,20,AAGGAATAATAGGCGCCTAC,0,2913736
ompRp4,0.047619047619047616,20,20,AAGCAGGCGGTTACTCCAAC,0,2914795
ompRp4,0.047619047619047616,20,20,AACTGCGGTGGTATGGGTCA,0,2919777
ompRp4,0.047619047619047616,20,20,AAACGTTGGGACGCACGTTG,0,2910100
ompRp4,0.05,19,19,TTTTATCCCGGTACGGGCTT,0,2934430
ompRp4,0.05,19,19,TTTACACGGGCTACAATAGA,0,2923953
ompRp4,0.05,19,19,TTGTACAGGAGACCCGGCCG,0,2929282
ompRp4,0.05,19,19,TTCGGGCCGTACCACAATAG,0,2910198
ompRp4,0.05,19,19,TTCCCGTTCGAACTAGATCG,0,2926195
ompRp4,0.05,19,19,TTATATGTCGAACACTCGTT,0,2915649
ompRp4,0.05,19,19,TGTTGCTGATGGAGGGAACT,0,2911924
ompRp4,0.05,19,19,TGTGCGACGCGGAGATCACT,0,2916889
ompRp4,0.05,19,19,TGTAAAGGGTCGGACATAGG,0,2912094
ompRp4,0.05,19,19,TGGACCGTCGCTGGTTCAAT,0,2928523
ompRp4,0.05,19,19,TGGAAATGGATCAGACACAA,0,2911026
ompRp4,0.05,19,19,TGCTTCCTGAAAAGAAACCT,0,2925912
ompRp4,0.05,19,19,TGAACGATCGATACAATTTG,0,2911967
ompRp4,0.05,19,19,TGAACCACAACGGGCAAACA,0,2921019
ompRp4,0.05,19,19,TGAAATCATTCCTTACCCGT,0,2907725
ompRp4,0.05,19,19,TCCACAAAGATTCATAGGGA,0,2937456
ompRp4,0.05,19,19,TATACAGTTTAGGCAGTCTG,0,2921875
ompRp4,0.05,19,19,TAACTCCCATGCAACACATT,0,2917212
ompRp4,0.05,19,19,TAAAATGGTGGTCGGTGGGT,0,2914793
ompRp4,0.05,19,19,GTTTCTAGGGATTTCGCAAG,0,2908049
ompRp4,0.05,19,19,GTTAATATGATACAGGTCGA,0,2910430
ompRp4,0.05,19,19,GTCACCTTACGCGCCTCTTT,0,2912029
ompRp4,0.05,19,19,GTACACTAATGAGAAGAGTG,0,2915868
ompRp4,0.05,19,19,GGTAGGCACTGCTACTCATT,0,2918242
ompRp4,0.05,19,19,GGGGCGTGCGTACGTCGGGC,0,2915290
ompRp4,0.05,19,19,GGGCATGCAGGGTTTGTGCA,0,2922313
ompRp4,0.05,19,19,GGGACCCGGATGCACGATAC,0,2936762
ompRp4,0.05,19,19,GGCGAACCTAGTGATTCGCG,0,2920244
ompRp4,0.05,19,19,GCTTTCGCGGCCTTAAGACC,0,2913613
ompRp4,0.05,19,19,GCGTCTATCGGCGAGAGGTG,0,2915294
ompRp4,0.05,19,19,GCATTGTGCTAACAGATTTC,0,2925428
ompRp4,0.05,19,19,GCAGCACTCAGTGCGCAATA,0,2924630
ompRp4,0.05,19,19,GCACATTCTGGTAACACCGT,0,2909200
ompRp4,0.05,19,19,GATTCAATCTGCAGCTCACC,0,2920694
ompRp4,0.05,19,19,GAGCGCCTGCGAATGAGCTA,0,2937081
ompRp4,0.05,19,19,GACGAGGTGAGTAAAGGTGG,0,2937374
ompRp4,0.05,19,19,GAACTCTTAGCCAGGAGTAC,0,2935511
ompRp4,0.05,19,19,CTGGCATGTTGTAGTGTGAA,0,2935348
ompRp4,0.05,19,19,CTATCAGGGTCGCTGTAAGC,0,2908367
ompRp4,0.05,19,19,CGAGTGCTGGAATGCCCGTA,0,2908273
ompRp4,0.05,19,19,CCGTAGAGAATGTTTTCGTA,0,2924275
ompRp4,0.05,19,19,CCGCCCCTGCGCCGAGCCAC,0,2911429
ompRp4,0.05,19,19,CATGCCGGTATCCTGTGACA,0,2933701
ompRp4,0.05,19,19,CACACAGATACGAACGAGTC,0,2935994
ompRp4,0.05,19,19,CAAATCGGTACTTTCCTGTC,0,2930285
ompRp4,0.05,19,19,ATGCCCATTTCGGTCTTGAA,0,2915416
ompRp4,0.05,19,19,ATGCAAAGGGGGGCGGCATT,0,2929157
ompRp4,0.05,19,19,ATCCAAAGCTGGTTAGAATA,0,2925602
ompRp4,0.05,19,19,ATATGGGTTGAGGAAGCAAA,0,2938009
ompRp4,0.05,19,19,AGTGCCAGGGTCCCATACCA,0,2934915
ompRp4,0.05,19,19,AGTACTGCCTTTGGCCCTTA,0,2931948
ompRp4,0.05,19,19,AGCCACCATCGAGTAATGAT,0,2911764
ompRp4,0.05,19,19,AGAGTACTTGTTCCGGTAGG,0,2918369
ompRp4,0.05,19,19,AGACTAATGTATCAGCGACG,0,2912014
ompRp4,0.05,19,19,ACTTAGGTTGTCACGCCCAA,0,2920416
ompRp4,0.05,19,19,ACTGAGATCCAATATCTACT,0,2926073
ompRp4,0.05,19,19,ACTCCGGAACGTGTCTCGGT,0,2927506
ompRp4,0.05,19,19,ACTCATTGTTCCCGGGTTCA,0,2908178
ompRp4,0.05,19,19,ACATAACGTGGCAGAGTTAG,0,2913032
ompRp4,0.05,19,19,AATTGTCTTTGGTTGATCTA,0,2910391
ompRp4,0.05,19,19,AAGGGGCACTTGCCGCGTCG,0,2918205
ompRp4,0.05,19,19,AAGCTTTGCCCCCTTATCAA,0,2910000
ompRp4,0.05,19,19,AAGCGCGCATGTAACTGAGA,0,2915926
ompRp4,0.05,19,19,AAGCGAGATGTACATATTCA,0,2916966
ompRp4,0.05263157894736842,18,18,TTGTATGGATGGGTCGGTTA,0,2921277
ompRp4,0.05263157894736842,18,18,TTGGACGGGACTCATATGCA,0,2929229
ompRp4,0.05263157894736842,18,18,TTGACATACCCTGTACTCAA,0,2909502
ompRp4,0.05263157894736842,18,18,TTCTTGAAGACATTTAATGT,0,2933738
ompRp4,0.05263157894736842,18,18,TTCACTCAGGCGAAACCCAA,0,2922179
ompRp4,0.05263157894736842,18,18,TGTGCCAAATCACGATCATG,0,2920548
ompRp4,0.05263157894736842,18,18,TGGAGCTACGTTTGCTAGGT,0,2908843
ompRp4,0.05263157894736842,18,18,TGGAGACTCTCGCTAAAGGT,0,2919938
ompRp4,0.05263157894736842,18,18,TGCTTATCCCTGCTGGAAGG,0,2937097
ompRp4,0.05263157894736842,18,18,TGAGCCCGCAAACTGTCAAG,0,2926621
ompRp4,0.05263157894736842,18,18,TGACGTTGATTGCTAAGTAT,0,2908322
ompRp4,0.05263157894736842,18,18,TCTCCCTAGATCTGACAGTG,0,2923773
ompRp4,0.05263157894736842,18,18,TCATTAGGAAGCCACGCAGG,0,2932826
ompRp4,0.05263157894736842,18,18,TCAGACAAGTTGCTCAGGGT,0,2922433
ompRp4,0.05263157894736842,18,18,TATTAGCGGCCCTGCGGCAG,0,2937681
ompRp4,0.05263157894736842,18,18,TAGGTGGTCGATTTCCGCTC,0,2925647
ompRp4,0.05263157894736842,18,18,TACCTGTAGACGAGGGTCAA,0,2914467
ompRp4,0.05263157894736842,18,18,TAATCGTCCTTGGCAGCCAG,0,2919522
ompRp4,0.05263157894736842,18,18,GTTATCTTATAGGGCGGCGC,0,2922305
ompRp4,0.05263157894736842,18,18,GTGGAGAACGTGGCAAATAT,0,2917086
ompRp4,0.05263157894736842,18,18,GTCCGCGTAAATAGACTGGC,0,2911925
ompRp4,0.05263157894736842,18,18,GTAGGCGGACCGGTCCTGTC,0,2913902
ompRp4,0.05263157894736842,18,18,GGTCACTCAGCCGTATATAT,0,2909335
ompRp4,0.05263157894736842,18,18,GGGATGGGACGTCTACGAGC,0,2936889
ompRp4,0.05263157894736842,18,18,GGCCGCTTCTGGATCAACGT,0,2935910
ompRp4,0.05263157894736842,18,18,GGAAATCAAGTGGAACCTAT,0,2922406
ompRp4,0.05263157894736842,18,18,GCTGGCTGTACGGCCCGGAA,0,2926852
ompRp4,0.05263157894736842,18,18,GCGATACGATTCTTTTAGAA,0,2929226
ompRp4,0.05263157894736842,18,18,GCCCTCGCGGTGCCTTCAGC,0,2927250
ompRp4,0.05263157894736842,18,18,GCCCAGATCACAATATTATG,0,2914685
ompRp4,0.05263157894736842,18,18,GCAGCGGGTGTCAATGCGCT,0,2934405
ompRp4,0.05263157894736842,18,18,GATCCTGTAACGACTTTCTA,0,2926864
ompRp4,0.05263157894736842,18,18,GATAGCAGGGAATAAGCTAT,0,2919428
ompRp4,0.05263157894736842,18,18,GACTTCGTTAACGCTCCCAT,0,2910824
ompRp4,0.05263157894736842,18,18,GAATTCCTAGATCCGTACTT,0,2909862
ompRp4,0.05263157894736842,18,18,CTTCCAGAGCTGTAAGATCA,0,2916364
ompRp4,0.05263157894736842,18,18,CTTCAATTTTCCACAAACTA,0,2926765
ompRp4,0.05263157894736842,18,18,CTTACTACTCGTACTCCAAT,0,2913484
ompRp4,0.05263157894736842,18,18,CTCCTGCGCCACCGGTCTCA,0,2917698
ompRp4,0.05263157894736842,18,18,CTCCACCGGCCCTACTGAGA,0,2922969
ompRp4,0.05263157894736842,18,18,CGTTTGGATTCTCTGCTCGG,0,2930616
ompRp4,0.05263157894736842,18,18,CGTTGGTAACATTAGTAGGA,0,2921404
ompRp4,0.05263157894736842,18,18,CGTACGATTTTCCCGATGTA,0,2927213
ompRp4,0.05263157894736842,18,18,CGGCCCAAACACGGATTTGT,0,2908350
ompRp4,0.05263157894736842,18,18,CGGAGTTTGTGCCCTGTCAA,0,2917438
ompRp4,0.05263157894736842,18,18,CGGAGGACTTAGATAAAGTT,0,2936493
ompRp4,0.05263157894736842,18,18,CGCCTCTTCCAGGCAAAACG,0,2916282
ompRp4,0.05263157894736842,18,18,CGCCACCAGGCTCCTATAAC,0,2938056
ompRp4,0.05263157894736842,18,18,CGACGGTGTCTCAGGGGACA,0,2909505
ompRp4,0.05263157894736842,18,18,CGACAATCGCCGACCTTACA,0,2910615
ompRp4,0.05263157894736842,18,18,CGAAGAAGAGACAGGACGAT,0,2936844
ompRp4,0.05263157894736842,18,18,CCTTGGCCTATAGCTCCCGC,0,2911487
ompRp4,0.05263157894736842,18,18,CCTGTCAGATGTACACAATA,0,2915499
ompRp4,0.05263157894736842,18,18,CCTGGTGTTTGTCTGGGTCT,0,2931510
ompRp4,0.05263157894736842,18,18,CCTACTCCGTGCGTATTGTG,0,2914266
ompRp4,0.05263157894736842,18,18,CCCGGGCCGGACAGACCGGG,0,2923607
ompRp4,0.05263157894736842,18,18,CCCAAGTGCGGAAGCTACTA,0,2917974
ompRp4,0.05263157894736842,18,18,CACATTTAGTCCGTTGGACC,0,2924064
ompRp4,0.05263157894736842,18,18,CACACTCTATCGACCAAGTC,0,2913295
ompRp4,0.05263157894736842,18,18,CAATGCCAATCTGGACTTGC,0,2922197
ompRp4,0.05263157894736842,18,18,ATTTTACAGGGAATGGGATT,0,2927414
ompRp4,0.05263157894736842,18,18,ATTCGGGTTTGCCGTTACAA,0,2929325
ompRp4,0.05263157894736842,18,18,ATGGATTTCAAGCATTCCAC,0,2915308
ompRp4,0.05263157894736842,18,18,ATCGTGGCCTTACCTCTGGT,0,2910863
ompRp4,0.05263157894736842,18,18,ATCGGGGAGTTCCACGGTTC,0,2937048
ompRp4,0.05263157894736842,18,18,ATCGAAATAAGTTATTATCG,0,2935167
ompRp4,0.05263157894736842,18,18,ATATACAATTGAAAGCAGAT,0,2912168
ompRp4,0.05263157894736842,18,18,ATACATTGGTGCCTGGCTTG,0,2937070
ompRp4,0.05263157894736842,18,18,AGTTCCAGATAGAGCGGGTG,0,2908778
ompRp4,0.05263157894736842,18,18,AGTGCGGTCAGACGGAGCTT,0,2914265
ompRp4,0.05263157894736842,18,18,AGGGCGGTTACGGGAGATGC,0,2917396
ompRp4,0.05263157894736842,18,18,ACTGCAAAATAATATCGGTG,0,2909399
ompRp4,0.05263157894736842,18,18,ACCGACTAATCTATCTAGCT,0,2908683
ompRp4,0.05263157894736842,18,18,ACAATATTTGAAGTTAGTTG,0,2914342
ompRp4,0.05263157894736842,18,18,AATGTACTTGATCGAGGGCG,0,2919139
ompRp4,0.05263157894736842,18,18,AATATGTAGGTGGATCATAT,0,2919605
ompRp4,0.05263157894736842,18,18,AATAGTATTCCGCCGGGGCA,0,2915277
ompRp4,0.05263157894736842,18,18,AATACTCGAGAGAACCTCTT,0,2915379
ompRp4,0.05263157894736842,18,18,AACTATTTAGCGCTCCAGTC,0,2937683
ompRp4,0.05263157894736842,18,18,AACGTTTTTTATTAGCCGTC,0,2937643
ompRp4,0.05263157894736842,18,18,AAAGCAGGAATATCAGGCCT,0,2924399
ompRp4,0.05263157894736842,18,18,AAAAAGGTTGTTCTTTAGAC,0,2913241
ompRp4,0.05555555555555555,17,17,TTTGAATACGTTATCGGTTT,0,2917236
ompRp4,0.05555555555555555,17,17,TTGTCGTCAGTCTCTTTGAT,0,2911988
ompRp4,0.05555555555555555,17,17,TTGAAGGGTATCTCTGGTCT,0,2934860
ompRp4,0.05555555555555555,17,17,TTAGCAATTGGCTATTCAAA,0,2910222
ompRp4,0.05555555555555555,17,17,TGTTTCATTCTCCCCCGACA,0,2936547
ompRp4,0.05555555555555555,17,17,TGTGTGCAGTACATCTGCGC,0,2918460
ompRp4,0.05555555555555555,17,17,TGTACACCAATCTCTGAGAA,0,2924212
ompRp4,0.05555555555555555,17,17,TGGCAAATGTTTTGACTGCT,0,2910346
ompRp4,0.05555555555555555,17,17,TGCTCTGTGGGCATCCGTAA,0,2937861
ompRp4,0.05555555555555555,17,17,TGCCGTCTACAGACGGTAGC,0,2919160
ompRp4,0.05555555555555555,17,17,TGAGGTCGCAGTCCTCTTAA,0,2911524
ompRp4,0.05555555555555555,17,17,TGACATGAGCTTTACACGAA,0,2925320
ompRp4,0.05555555555555555,17,17,TGAAACGAGCTGGGACTTTT,0,2934291
ompRp4,0.05555555555555555,17,17,TCTGTGTGAGCTTAGCGTTT,0,2935165
ompRp4,0.05555555555555555,17,17,TCTGTAAAGATGTTACGATG,0,2931041
ompRp4,0.05555555555555555,17,17,TCCAGTGGGTCGCCGGAACT,0,2908321
ompRp4,0.05555555555555555,17,17,TATGTATAGCCGCAGGGCTC,0,2912679
ompRp4,0.05555555555555555,17,17,TAGGTTGTTTGTGGAGTTGA,0,2930286
ompRp4,0.05555555555555555,17,17,TACGGTAGAGGTAGGCTGCT,0,2921599
ompRp4,0.05555555555555555,17,17,TAACCTGTCTACTAAGACCA,0,2936969
ompRp4,0.05555555555555555,17,17,GTTGCCGCAGGCATGTCTGT,0,2930048
ompRp4,0.05555555555555555,17,17,GTTCACGGGTCCTTATCAAC,0,2937028
ompRp4,0.05555555555555555,17,17,GTTAGTTAACGCCATCGATT,0,2911688
ompRp4,0.05555555555555555,17,17,GTGTACCACACAACTAAGTT,0,2910285
ompRp4,0.05555555555555555,17,17,GTCTATGCGTGACTACATTA,0,2912830
ompRp4,0.05555555555555555,17,17,GGGGTTTGTAGAAAATCATC,0,2918656
ompRp4,0.05555555555555555,17,17,GGGGTACACATAAATGAACA,0,2922468
ompRp4,0.05555555555555555,17,17,GGCTGAGGTCGGCGAACCAA,0,2934316
ompRp4,0.05555555555555555,17,17,GGCATATACGGGATTGATCT,0,2913623
ompRp4,0.05555555555555555,17,17,GGCAGACCGCCTACCTTGGG,0,2915927
ompRp4,0.05555555555555555,17,17,GGATGTCTATGTTAAGAAGG,0,2918652
ompRp4,0.05555555555555555,17,17,GGAAGCTAAATCCTGAGAAG,0,2921110
ompRp4,0.05555555555555555,17,17,GCTGCTTGTCGCTGCATGTT,0,2930921
ompRp4,0.05555555555555555,17,17,GCTAAAGGGATGCCAATGTC,0,2921862
ompRp4,0.05555555555555555,17,17,GCGCCAAACAAATAAACTCA,0,2923603
ompRp4,0.05555555555555555,17,17,GCCAAGGGTTCACTAACGGT,0,2908668
ompRp4,0.05555555555555555,17,17,GCATTCCTACACGTTAATGG,0,2931155
ompRp4,0.05555555555555555,17,17,GCAGACAAAGGCGCCAGCCC,0,2911517
ompRp4,0.05555555555555555,17,17,GCACGATAGACTATCTTGTG,0,2934868
ompRp4,0.05555555555555555,17,17,GATGTCACGGTGTATCATAA,0,2908122
ompRp4,0.05555555555555555,17,17,GATCATCTAGACCCCTCACG,0,2913622
ompRp4,0.05555555555555555,17,17,GAGGCACCCGTATAGTCGGG,0,2920247
ompRp4,0.05555555555555555,17,17,GAGATAACACTCCAGGCATC,0,2915528
ompRp4,0.05555555555555555,17,17,GACGGCCGATTGACCCATGG,0,2920647
ompRp4,0.05555555555555555,17,17,GACCGGATAAACAGAGTGAG,0,2923459
ompRp4,0.05555555555555555,17,17,GACAAATGCGGGGAATTGTG,0,2929101
ompRp4,0.05555555555555555,17,17,GAAGACTACGGTGAAGGCAA,0,2923399
ompRp4,0.05555555555555555,17,17,CTTGCGTCAGGACAGAAGTT,0,2921994
ompRp4,0.05555555555555555,17,17,CTTATTACCACCAAGTCCCT,0,2929405
ompRp4,0.05555555555555555,17,17,CTTATCGGACAGGAAAAGAG,0,2935509
ompRp4,0.05555555555555555,17,17,CTGTTCTGCCGGGGGTTGCC,0,2908713
ompRp4,0.05555555555555555,17,17,CTGTTCCAAGTCTGCTTGTC,0,2917195
ompRp4,0.05555555555555555,17,17,CTGGTCCGTTCTGTCTTACT,0,2932945
ompRp4,0.05555555555555555,17,17,CTGACGCCCCCTGCTAATCT,0,2910395
ompRp4,0.05555555555555555,17,17,CTCCGGCTGTATAACGGGAA,0,2908222
ompRp4,0.05555555555555555,17,17,CTCAGAGCTCTGTATAAAGA,0,2931293
ompRp4,0.05555555555555555,17,17,CTAGAGAGATCAACCATTTC,0,2932669
ompRp4,0.05555555555555555,17,17,CGTAGGAATCTCTACCGCAT,0,2931140
ompRp4,0.05555555555555555,17,17,CGGTGAACCAGTTGAGGTTA,0,2937359
ompRp4,0.05555555555555555,17,17,CGGTCCTGTATGGACGTGAT,0,2933624
ompRp4,0.05555555555555555,17,17,CGGGGGACACCGTAGAACTG,0,2918655
ompRp4,0.05555555555555555,17,17,CGGCTGGTACGGGTTGGTAG,0,2931187
ompRp4,0.05555555555555555,17,17,CGGAGGTGAAGCTTTAACCA,0,2910240
ompRp4,0.05555555555555555,17,17,CGGAATCGCAGGGGTAAGCG,0,2914067
ompRp4,0.05555555555555555,17,17,CGCTGCCGTCCGATAAAGGT,0,2927607
ompRp4,0.05555555555555555,17,17,CGCGGCTGTAAGGGTTGGCT,0,2929458
ompRp4,0.05555555555555555,17,17,CGAATCCGATAGTCGGCCAA,0,2921548
ompRp4,0.05555555555555555,17,17,CCTGTAATGAATTTTCAAGT,0,2927164
ompRp4,0.05555555555555555,17,17,CCTACTTGTGGATATGCATT,0,2933205
ompRp4,0.05555555555555555,17,17,CCGTACGTCTTGTCGGGTTT,0,2925723
ompRp4,0.05555555555555555,17,17,CCATACGACAGGTTCCGACC,0,2927086
ompRp4,0.05555555555555555,17,17,CATGAGGCTTCGAGGGACGA,0,2918391
ompRp4,0.05555555555555555,17,17,CATAATTGCTTTCATCGGTG,0,2913737
ompRp4,0.05555555555555555,17,17,CAGTGGAGTAACCCTGTAAC,0,2929305
ompRp4,0.05555555555555555,17,17,CAGGGTGGGCTGTACGCATC,0,2925828
ompRp4,0.05555555555555555,17,17,CACGCTTAACAGGACACGGA,0,2913664
ompRp4,0.05555555555555555,17,17,CACCGTGATTAGGAGCGTAC,0,2914346
ompRp4,0.05555555555555555,17,17,CACCGGTATGATCGACGTGA,0,2908412
ompRp4,0.05555555555555555,17,17,CACATGCTTAGGAACCTCGT,0,2934529
ompRp4,0.05555555555555555,17,17,CAATCTTATGGGTAAGCGAA,0,2926478
ompRp4,0.05555555555555555,17,17,CAAAATCTCGCTAAAGGTAT,0,2935419
ompRp4,0.05555555555555555,17,17,ATTCATACCCAGGCATCGAT,0,2921646
ompRp4,0.05555555555555555,17,17,ATTATCTATGGGAAAAAATG,0,2911453
ompRp4,0.05555555555555555,17,17,ATTATAGCAGAGTTCGCTCA,0,2911406
ompRp4,0.05555555555555555,17,17,ATGTACTCTAGCCATGAGAT,0,2923760
ompRp4,0.05555555555555555,17,17,ATGGCCCGCCAAAACATGCG,0,2913827
ompRp4,0.05555555555555555,17,17,ATCAGCCCCCTCGACGTCAG,0,2912172
ompRp4,0.05555555555555555,17,17,ATAGAGGGAAACTATAGGCG,0,2911038
ompRp4,0.05555555555555555,17,17,AGTGCTGACACGGAGTACTG,0,2923345
ompRp4,0.05555555555555555,17,17,AGTCATCCAAGAGAACACAC,0,2936769
ompRp4,0.05555555555555555,17,17,AGTAAATCAATCCGAGGTAC,0,2909594
ompRp4,0.05555555555555555,17,17,AGGCGAATATTTACACCAGA,0,2931169
ompRp4,0.05555555555555555,17,17,AGGCAAACCAATCAGCTGAA,0,2935095
ompRp4,0.05555555555555555,17,17,AGGAGTTATAGGAATGTATT,0,2914969
ompRp4,0.05555555555555555,17,17,AGCCGTGGAAATAAACATAC,0,2934208
ompRp4,0.05555555555555555,17,17,ACTTCAAAGGGAGTAACGTA,0,2913886
ompRp4,0.05555555555555555,17,17,ACGTGGGTTGATTTTTTGGG,0,2925708
ompRp4,0.05555555555555555,17,17,ACGGGACCCTTAGTGGTCTC,0,2931866
ompRp4,0.05555555555555555,17,17,ACGCTGCATAAAGCTAATTG,0,2921725
ompRp4,0.05555555555555555,17,17,ACCGTTGCCGTCGGTTCGAC,0,2916968
ompRp4,0.05555555555555555,17,17,ACCCACAATCTGAATTATAT,0,2922034
ompRp4,0.05555555555555555,17,17,ACACAGGTCCCATCCGGCTA,0,2933727
ompRp4,0.05555555555555555,17,17,ACACAACGAGCGCTCGAGTA,0,2908058
ompRp4,0.05555555555555555,17,17,AAGTCTGCAAAAGGTGCTCT,0,2914451
ompRp4,0.05555555555555555,17,17,AAGAGATCTGCAGGCCTGGA,0,2920935
ompRp4,0.05555555555555555,17,17,AACGCGCATCAGATTGCCTG,0,2936641
ompRp4,0.05555555555555555,17,17,AACCTTCTTTGCCCTATTAA,0,2919166
ompRp4,0.05555555555555555,17,17,AAAAGCTCAACTGCACTTCA,0,2918801
ompRp4,0.058823529411764705,16,16,TTTCTTGTTGGGATTTAAGC,0,2919024
ompRp4,0.058823529411764705,16,16,TTTAACCTATGTTGTCTTAA,0,2931057
ompRp4,0.058823529411764705,16,16,TTGGCGTCTCATTCAGACAA,0,2910793
ompRp4,0.058823529411764705,16,16,TTGCCGGCGTTTCACAGGTC,0,2922970
ompRp4,0.058823529411764705,16,16,TTGACGCCAACGAAACGCTC,0,2925690
ompRp4,0.058823529411764705,16,16,TTCGGGAACCGGGACCCTCT,0,2935603
ompRp4,0.058823529411764705,16,16,TGTTATACAACGACTATGTT,0,2931556
ompRp4,0.058823529411764705,16,16,TGGGCGGCGGAAGATACACA,0,2911972
ompRp4,0.058823529411764705,16,16,TGCTGCTTAGAACCTTGGCA,0,2913035
ompRp4,0.058823529411764705,16,16,TGCGGAGAGTCTTGCGTCAC,0,2908437
ompRp4,0.058823529411764705,16,16,TGCCGATGTAGGAGAGGTAT,0,2911642
ompRp4,0.058823529411764705,16,16,TGCAACTAAAACCCGGCGAA,0,2925583
ompRp4,0.058823529411764705,16,16,TCCCGTTTAAGTCCAGCGAG,0,2934953
ompRp4,0.058823529411764705,16,16,TCCAACTCTGTATTAGGCGC,0,2930850
ompRp4,0.058823529411764705,16,16,TATCATCGGGTTGGGTAACT,0,2930569
ompRp4,0.058823529411764705,16,16,TAGCGGGGGTTTACTCCGTT,0,2907963
ompRp4,0.058823529411764705,16,16,TAACGTGGCGGCGAACAAGA,0,2935688
ompRp4,0.058823529411764705,16,16,GTTCATGTTTCGCCATATCT,0,2914977
ompRp4,0.058823529411764705,16,16,GTGAGGCAGCCAATCAGAGG,0,2925951
ompRp4,0.058823529411764705,16,16,GTGAGAAACGTCGATGGGCA,0,2934558
ompRp4,0.058823529411764705,16,16,GTGAATGGTTTAAAATTTGC,0,2907908
ompRp4,0.058823529411764705,16,16,GTCTTTCCGTTTCATCGGTT,0,2913619
ompRp4,0.058823529411764705,16,16,GTACTCTACCGCTATTCGAT,0,2929950
ompRp4,0.058823529411764705,16,16,GGTACGATAGTGGAGACTGA,0,2908445
ompRp4,0.058823529411764705,16,16,GGGGGCGCGGTCGTATAAAG,0,2916557
ompRp4,0.058823529411764705,16,16,GGCGACTTACATTACCACTC,0,2919617
ompRp4,0.058823529411764705,16,16,GCTTCCGTCAAATCAGCTTA,0,2909197
ompRp4,0.058823529411764705,16,16,GCTCACCGCGGCTAAACTCT,0,2920376
ompRp4,0.058823529411764705,16,16,GCGTTCGAACAGGCCAATCT,0,2921190
ompRp4,0.058823529411764705,16,16,GCGGCCCTGGAGGTTAAACT,0,2932615
ompRp4,0.058823529411764705,16,16,GCGCTCGATCAAACATGTCC,0,2926177
ompRp4,0.058823529411764705,16,16,GCGCGTGTTCTGTAACTAAC,0,2930344
ompRp4,0.058823529411764705,16,16,GCGCCCGCCACGCGCAGTAA,0,2913767
ompRp4,0.058823529411764705,16,16,GCGAAAGATAAGTCCCACGG,0,2910665
ompRp4,0.058823529411764705,16,16,GCCTCGAATCCGACGCTATA,0,2924571
ompRp4,0.058823529411764705,16,16,GCCACCCTTGCGAAACTTAT,0,2915970
ompRp4,0.058823529411764705,16,16,GATTAGTTGTAGTAGCACCG,0,2914077
ompRp4,0.058823529411764705,16,16,GATTACGAACGCGCGCACGA,0,2933016
ompRp4,0.058823529411764705,16,16,GATGCACATTTATCGCAGTG,0,2937138
ompRp4,0.058823529411764705,16,16,CTTGATAAGAGCCTTAGGAC,0,2924471
ompRp4,0.058823529411764705,16,16,CTGGGGTAGCACTTCGGATA,0,2934172
ompRp4,0.058823529411764705,16,16,CTATGCCGTACGTTATCGGG,0,2911922
ompRp4,0.058823529411764705,16,16,CTAGGACTTACCAAACAACG,0,2920228
ompRp4,0.058823529411764705,16,16,CGTTAGCCAAGGTTCGTAAA,0,2914725
ompRp4,0.058823529411764705,16,16,CGTTAAGATAGATAGCGAGC,0,2926574
ompRp4,0.058823529411764705,16,16,CGGTCGGTTTTATGCGATGT,0,2924534
ompRp4,0.058823529411764705,16,16,CGGGGCGCGCTTTGGATCGA,0,2924379
ompRp4,0.058823529411764705,16,16,CGCTGGTTCCTCTTTTCACA,0,2915131
ompRp4,0.058823529411764705,16,16,CGAAACCGTTCTGTTCACGC,0,2924363
ompRp4,0.058823529411764705,16,16,CCTTGTGCTCTGGTCGTTTG,0,2936241
ompRp4,0.058823529411764705,16,16,CCTGAATGATATGTACCCTG,0,2919583
ompRp4,0.058823529411764705,16,16,CCGGTAACACCCGAGAATGG,0,2937334
ompRp4,0.058823529411764705,16,16,CCATCAGCATTCCTATTCCA,0,2936083
ompRp4,0.058823529411764705,16,16,CCATCAGATGTTCAACTAAT,0,2922777
ompRp4,0.058823529411764705,16,16,CATTCCGCAGAGAACGCAAC,0,2912658
ompRp4,0.058823529411764705,16,16,CAGTGAATAGTCAGCACGAT,0,2932542
ompRp4,0.058823529411764705,16,16,CAGGGTCATTGCCCGGCCTA,0,2922522
ompRp4,0.058823529411764705,16,16,CAGAAGAGGAGCCCCGAGGT,0,2937115
ompRp4,0.058823529411764705,16,16,CACTATTTTTGGCTGAGACT,0,2931059
ompRp4,0.058823529411764705,16,16,CACCCCGCCTGCTCCTTGAT,0,2928165
ompRp4,0.058823529411764705,16,16,ATTCTTTCTCAGACGAAGAA,0,2912460
ompRp4,0.058823529411764705,16,16,ATCGAGAAGGGTAGTTCTAG,0,2919454
ompRp4,0.058823529411764705,16,16,ATATGAGGGACCTTCGTCCT,0,2930338
ompRp4,0.058823529411764705,16,16,ATATCCCGGGAAATAGTAGG,0,2924855
ompRp4,0.058823529411764705,16,16,ATAGTATGTTACTCCAGGTT,0,2922555
ompRp4,0.058823529411764705,16,16,ATAGGGCGGCCTTGTGAGGA,0,2937786
ompRp4,0.058823529411764705,16,16,AGAGACGGACTCTCCTCTCG,0,2937355
ompRp4,0.058823529411764705,16,16,ACGTGCGGAGAAGGAGACAT,0,2914232
ompRp4,0.058823529411764705,16,16,ACGTCAACGTTGCGGTCACT,0,2931953
ompRp4,0.058823529411764705,16,16,ACCTGCTCTCGGGCTCCCAG,0,2914466
ompRp4,0.058823529411764705,16,16,ACACTCTAATATGCCTACCT,0,2909575
ompRp4,0.058823529411764705,16,16,ACAAACCTAAGGCTGAACTC,0,2908133
ompRp4,0.058823529411764705,16,16,ACAAACAAAGGCGGCGAGTT,0,2917064
ompRp4,0.058823529411764705,16,16,ACAAAAGAGGGCAACGCACG,0,2932645
ompRp4,0.058823529411764705,16,16,AATTGCCCGTAATGGCGGCC,0,2918392
ompRp4,0.058823529411764705,16,16,AATGCTTTTTCATCGTGTGG,0,2918881
ompRp4,0.058823529411764705,16,16,AATAGCCCCCCCTCTTCTTA,0,2935420
ompRp4,0.058823529411764705,16,16,AACGGATGAAATTTTGCCCA,0,2923559
ompRp4,0.058823529411764705,16,16,AACGGACTGTACTGAAGCAG,0,2911878
ompRp4,0.058823529411764705,16,16,AAAACGCCGACTGGTAAGAC,0,2921913
ompRp4,0.0625,15,15,TTTTGTCAAATGTCCCGTGA,0,2937331
ompRp4,0.0625,15,15,TTTGGCGGCAGAATAACTGT,0,2930303
ompRp4,0.0625,15,15,TTTAACAGCTTCGTCGTCAT,0,2909552
ompRp4,0.0625,15,15,TTGTAAATCCTAAACATGCC,0,2916489
ompRp4,0.0625,15,15,TTGGTGTCTGGTACCACCAG,0,2912019
ompRp4,0.0625,15,15,TTGGTGAACCTCGATCGCTA,0,2934548
ompRp4,0.0625,15,15,TTCTTTCATGGAAATTTTGT,0,2914718
ompRp4,0.0625,15,15,TTCTGTTTTATAGCGTCCGC,0,2916461
ompRp4,0.0625,15,15,TTCTGCCTCACCATAGCAAG,0,2909948
ompRp4,0.0625,15,15,TTCATTTGAGGGTGAACACG,0,2927734
ompRp4,0.0625,15,15,TTAACAGCCCGCGGGCATCT,0,2924735
ompRp4,0.0625,15,15,TGTATCGGCCCTTCATAGAG,0,2912938
ompRp4,0.0625,15,15,TGGTTTAATGTGGTTATGGT,0,2921479
ompRp4,0.0625,15,15,TGGCCTGCGTGATACGCTGC,0,2910303
ompRp4,0.0625,15,15,TGGAAGTTACCTTCTACATG,0,2932331
ompRp4,0.0625,15,15,TGAGGACATTGCAATGTAAT,0,2929331
ompRp4,0.0625,15,15,TCTTCGTGTAATCTCGTTAT,0,2907708
ompRp4,0.0625,15,15,TCTGAAGATCGCGGCCCGAG,0,2914181
ompRp4,0.0625,15,15,TCCTTTGATCATGGGCACAA,0,2932839
ompRp4,0.0625,15,15,TCCGCTGCGCGTAGAACGCA,0,2925326
ompRp4,0.0625,15,15,TCCCAATTCTCTGGATGAGC,0,2922889
ompRp4,0.0625,15,15,TCAACCCCCCGGTTCCATGA,0,2920878
ompRp4,0.0625,15,15,TCAAACTTTGGGCCGATTGA,0,2925628
ompRp4,0.0625,15,15,TATGGTTCCGTACCGTTTTG,0,2924441
ompRp4,0.0625,15,15,TATGGGCTATCAAACGGTAG,0,2929683
ompRp4,0.0625,15,15,TAGGGCAAGACAGTGACAAG,0,2931766
ompRp4,0.0625,15,15,GTTGTTCCCCCAAAGGAGCC,0,2924856
ompRp4,0.0625,15,15,GTTACGCCTAGACCGTGCAT,0,2917632
ompRp4,0.0625,15,15,GTGTTCTAGCGACTTAGTAA,0,2919140
ompRp4,0.0625,15,15,GTGGTCAACCACTCGCCAGA,0,2909163
ompRp4,0.0625,15,15,GTCGTTGGGACCGTAAGCGG,0,2912340
ompRp4,0.0625,15,15,GTATTACTCTCTGGGTACGA,0,2923341
ompRp4,0.0625,15,15,GTATAAACCCACTGGATTCA,0,2922202
ompRp4,0.0625,15,15,GTACGCAGTTTTGAGTCACT,0,2935922
ompRp4,0.0625,15,15,GTAAACCAAATGGTACACGA,0,2933363
ompRp4,0.0625,15,15,GGTGGTGACGGCTCCAAACG,0,2921196
ompRp4,0.0625,15,15,GGTAACGAGGCATGTATATG,0,2934130
ompRp4,0.0625,15,15,GGGTCGAAATCCAGCGGAAC,0,2915837
ompRp4,0.0625,15,15,GGGTCAAATTCGGCATTAGG,0,2926973
ompRp4,0.0625,15,15,GGGCTCCTGAACGCACGCGT,0,2924135
ompRp4,0.0625,15,15,GGCCGGTGACTAATTTACCG,0,2918059
ompRp4,0.0625,15,15,GGAGGCGTTAGTGCATAAAG,0,2908419
ompRp4,0.0625,15,15,GGACGGACAAACGTGTGAAA,0,2928783
ompRp4,0.0625,15,15,GCTTTGTTATACCCAAAAAT,0,2914195
ompRp4,0.0625,15,15,GCGAGGAAAGGCCAGGGGAG,0,2919775
ompRp4,0.0625,15,15,GCCGGTTATTGGACAGTTTT,0,2912439
ompRp4,0.0625,15,15,GCCACTTAAGTACCTTCGTA,0,2913773
ompRp4,0.0625,15,15,GCATGTTTTAGCTAGCGTTG,0,2933967
ompRp4,0.0625,15,15,GCATGTGGATAGTACAGTAT,0,2911024
ompRp4,0.0625,15,15,GAGTTCCCCCCACTGATGAA,0,2921830
ompRp4,0.0625,15,15,GACGGCCCACACCTTCTTAA,0,2930049
ompRp4,0.0625,15,15,GAATTTGAACAGGACTGAAA,0,2932213
ompRp4,0.0625,15,15,GAACTCCTGTTGAGCGAGAA,0,2919270
ompRp4,0.0625,15,15,CTTCTTGACTGTGGCTGACT,0,2921386
ompRp4,0.0625,15,15,CTGTCTCCACAAGCTAAAAT,0,2922039
ompRp4,0.0625,15,15,CTGCATATATGGGCGGTTAA,0,2923568
ompRp4,0.0625,15,15,CTGATCCACTCGTCAAGCTT,0,2915918
ompRp4,0.0625,15,15,CTCCTCGGGGCAATTTGTGC,0,2928996
ompRp4,0.0625,15,15,CTCCCACACTTAGGGTATGA,0,2938114
ompRp4,0.0625,15,15,CTATGACGTCACGCTTCGAT,0,2926110
ompRp4,0.0625,15,15,CTAGCCTTCATATCATACAA,0,2925770
ompRp4,0.0625,15,15,CTACCATAGCGGAGTATGCG,0,2932269
ompRp4,0.0625,15,15,CTACAGCGGGAAAGTCGGCA,0,2935015
ompRp4,0.0625,15,15,CGTTATAATGGTGGTCACTT,0,2919642
ompRp4,0.0625,15,15,CGTGTTCATCGGTGGTTTGA,0,2929648
ompRp4,0.0625,15,15,CGTGCTGCAATTGCGTAGGA,0,2928297
ompRp4,0.0625,15,15,CGGTTAAATCTATGAGGAGT,0,2929639
ompRp4,0.0625,15,15,CGGGGTAAATCCAAATAGTT,0,2920872
ompRp4,0.0625,15,15,CGGAAGTCCCGCTCGTGGTT,0,2926663
ompRp4,0.0625,15,15,CGCGCGCCCTTACCGTAGAA,0,2918499
ompRp4,0.0625,15,15,CGCGCGCATTACGAAAGACG,0,2917584
ompRp4,0.0625,15,15,CGACGGGCCGATCCGCGGGG,0,2922732
ompRp4,0.0625,15,15,CCTTGTCTGGTCGGGTCGTT,0,2917983
ompRp4,0.0625,15,15,CCTTGTACCCCCCACTAATG,0,2926098
ompRp4,0.0625,15,15,CCTTCATTCTTAGTAACTTG,0,2919185
ompRp4,0.0625,15,15,CCTTAATAGCATGCTTAATA,0,2927040
ompRp4,0.0625,15,15,CCTCTTGGAGTTCATCATGT,0,2924963
ompRp4,0.0625,15,15,CCGTTTTAAATCACTATGCC,0,2920413
ompRp4,0.0625,15,15,CCGTAAGTTAAACGGGTAGA,0,2910488
ompRp4,0.0625,15,15,CCGCGGCTTCGAAATTTTGT,0,2917956
ompRp4,0.0625,15,15,CCCTGCTCCATTAATTAGTC,0,2918528
ompRp4,0.0625,15,15,CCCTGACCGAGGTAAATAGC,0,2922109
ompRp4,0.0625,15,15,CCCGCGTACTTAAAAGCGCT,0,2927284
ompRp4,0.0625,15,15,CCCGACAGCTTCGACTTTGT,0,2909084
ompRp4,0.0625,15,15,CAGTCATTCACTCATCGCGG,0,2932064
ompRp4,0.0625,15,15,CAGGAAAGGTCCTTGGTACA,0,2930443
ompRp4,0.0625,15,15,CACAAGTGAATAACACGGCA,0,2921084
ompRp4,0.0625,15,15,CAATTTGTTATTTAAGACTA,0,2912030
ompRp4,0.0625,15,15,CAATAGTCCAAGGACGACGG,0,2916670
ompRp4,0.0625,15,15,CAAGATCCAACTGTGTCACT,0,2923181
ompRp4,0.0625,15,15,ATTTATAGCGCAACTAAGTC,0,2910668
ompRp4,0.0625,15,15,ATTGTGAGCGGACACGTTGA,0,2930581
ompRp4,0.0625,15,15,ATTGCTCAAGCGAACATTCC,0,2909731
ompRp4,0.0625,15,15,ATTCGGAGGGCAGCCGGTTG,0,2933281
ompRp4,0.0625,15,15,ATGGTATGTAATTGCGTCTT,0,2908842
ompRp4,0.0625,15,15,ATGCCGGGGGGGAACGGTCA,0,2921090
ompRp4,0.0625,15,15,ATGATCAACCTGTGTCGATA,0,2935241
ompRp4,0.0625,15,15,ATCGACTGGTGGTTCTGATT,0,2931413
ompRp4,0.0625,15,15,ATAGTAAATAGCTCACCTAT,0,2909949
ompRp4,0.0625,15,15,AGTGAAAGTTGAGGCCCGCA,0,2936238
ompRp4,0.0625,15,15,AGGGTTTCGATCATCCGGAA,0,2931382
ompRp4,0.0625,15,15,AGGGTAAGCAGAGTACATGT,0,2921626
ompRp4,0.0625,15,15,AGGGAATCGCATCTGACCGC,0,2932128
ompRp4,0.0625,15,15,AGGCGTAGACACTCAACAGT,0,2927448
ompRp4,0.0625,15,15,AGGCCGCCCACCATTCGTCT,0,2934210
ompRp4,0.0625,15,15,AGGCATCCTGGGGGACGCGT,0,2935093
ompRp4,0.0625,15,15,AGCGCTGGGCACCGGCCCGA,0,2913306
ompRp4,0.0625,15,15,AGACCAGCCGGATTAAGTTT,0,2935072
ompRp4,0.0625,15,15,ACTTTTAGCTTTTATTACTA,0,2933353
ompRp4,0.0625,15,15,ACTTACCGTATGGACTGCCG,0,2923147
ompRp4,0.0625,15,15,ACTCTGAGGACCGCATGTCA,0,2916562
ompRp4,0.0625,15,15,ACGGATGTTATGGTGACCTT,0,2918657
ompRp4,0.0625,15,15,ACACCAACGGATCTACAAGC,0,2909365
ompRp4,0.0625,15,15,ACACAGATCGTGGAGCGGGT,0,2907843
ompRp4,0.0625,15,15,ACAAATGCATTGGTATGACA,0,2924452
ompRp4,0.0625,15,15,AATTTAGGGCGGCCACGATA,0,2922789
ompRp4,0.0625,15,15,AATTCAAGTAATGAAGAAAA,0,2927560
ompRp4,0.0625,15,15,AATCGGGGTTACTGGGCTGC,0,2911420
ompRp4,0.0625,15,15,AAGGGATAGTCCCGTTCATG,0,2917700
ompRp4,0.0625,15,15,AAGGCAATACCAAAACGTGC,0,2930203
ompRp4,0.0625,15,15,AACTGGGACCGGGGCGTAGC,0,2930675
ompRp4,0.0625,15,15,AAACTGAAGCAGTGACGTAC,0,2913788
ompRp4,0.0625,15,15,AAAACACGACAGTTACAAGC,0,2935779
ompRp4,0.06666666666666667,14,14,TTTTTTAATTCGCCTACCAT,0,2921514
ompRp4,0.06666666666666667,14,14,TTGTTTCTACCTGGGCGGAA,0,2924267
ompRp4,0.06666666666666667,14,14,TTGTATGCACGAGTGCGTAG,0,2911150
ompRp4,0.06666666666666667,14,14,TTGTAAATTGTCAGGGGCCA,0,2912175
ompRp4,0.06666666666666667,14,14,TTGGCCTGGATGCAAACCGA,0,2922617
ompRp4,0.06666666666666667,14,14,TTCTTCCGGATCGACGGACA,0,2908052
ompRp4,0.06666666666666667,14,14,TTCGTATACTATTCAGGACT,0,2936147
ompRp4,0.06666666666666667,14,14,TTCCCGTCTGATAGCCTCAA,0,2929540
ompRp4,0.06666666666666667,14,14,TGTGAACCGCGCGACACCCA,0,2913926
ompRp4,0.06666666666666667,14,14,TGTAGTATGTACGCACTCAT,0,2926187
ompRp4,0.06666666666666667,14,14,TGTACGATGAAATCATTCCA,0,2936585
ompRp4,0.06666666666666667,14,14,TGCTACGTTCAGCGCCGCGT,0,2924738
ompRp4,0.06666666666666667,14,14,TGACCTGTGTCTAGGAATCG,0,2912049
ompRp4,0.06666666666666667,14,14,TCTATCCTCGAGCGCGACCT,0,2917524
ompRp4,0.06666666666666667,14,14,TCGTGGCAGAAGTGTATCAA,0,2922976
ompRp4,0.06666666666666667,14,14,TCGGTGTCCCGAAACGATCG,0,2926809
ompRp4,0.06666666666666667,14,14,TCCTAGAAATTCGTCCCGCT,0,2929055
ompRp4,0.06666666666666667,14,14,TCCGCTAATATGCTGACTTT,0,2912597
ompRp4,0.06666666666666667,14,14,TCAGCTAGGATTCGCTGTAA,0,2912891
ompRp4,0.06666666666666667,14,14,TATCCCTCTGTCTACCGTTC,0,2933535
ompRp4,0.06666666666666667,14,14,TATATGACGGTCTTTAGGCA,0,2925406
ompRp4,0.06666666666666667,14,14,TATAGTCGCAGTCTTCCGCA,0,2913211
ompRp4,0.06666666666666667,14,14,TATAATCGTGGTTTAGACCA,0,2922784
ompRp4,0.06666666666666667,14,14,TAGGGTAAAAATCGTTAGGT,0,2911316
ompRp4,0.06666666666666667,14,14,TAGGATCGGTTATCCGGTGG,0,2923480
ompRp4,0.06666666666666667,14,14,TAGCGTTTGTCATGAGTCGT,0,2909085
ompRp4,0.06666666666666667,14,14,TAATGAGGCCTGTTCGGTCA,0,2937194
ompRp4,0.06666666666666667,14,14,GTTCGGTTGACCACGCGTTT,0,2922365
ompRp4,0.06666666666666667,14,14,GTTCACGTATAGCAAAGAGC,0,2927081
ompRp4,0.06666666666666667,14,14,GTGGATAGCAAAGACGTGAA,0,2924183
ompRp4,0.06666666666666667,14,14,GTGCCTCGTATGGGTCCGGT,0,2915106
ompRp4,0.06666666666666667,14,14,GTGCCAGTCTTCACACCCGT,0,2927820
ompRp4,0.06666666666666667,14,14,GTGCATCATGGTTAGACTGA,0,2937274
ompRp4,0.06666666666666667,14,14,GTGCAGAATGGTTCAAATGG,0,2931189
ompRp4,0.06666666666666667,14,14,GTGCACCGCGGCAAAACAGC,0,2914642
ompRp4,0.06666666666666667,14,14,GTGATAACGCAAACGAGAGA,0,2921903
ompRp4,0.06666666666666667,14,14,GTGAATGTAGCCAGATCCTA,0,2921520
ompRp4,0.06666666666666667,14,14,GTCGGATTCCTGATGCGGGT,0,2920374
ompRp4,0.06666666666666667,14,14,GTCCCTGGAACCGCATTAAG,0,2909696
ompRp4,0.06666666666666667,14,14,GTAAACTTACCTCACAGGCT,0,2928261
ompRp4,0.06666666666666667,14,14,GGGAGTCTATCTTATATGAC,0,2937260
ompRp4,0.06666666666666667,14,14,GGGAGTAGTACCTGCCGAGG,0,2913175
ompRp4,0.06666666666666667,14,14,GGCTACAACAATGCAGCCAT,0,2929869
ompRp4,0.06666666666666667,14,14,GGCCGAAGACCGGAGGATGG,0,2934854
ompRp4,0.06666666666666667,14,14,GGATCTCATGGGGCTGCCAT,0,2919856
ompRp4,0.06666666666666667,14,14,GGATACCAGGTGTCCGGCCA,0,2921071
ompRp4,0.06666666666666667,14,14,GGAGCTACCGTACGACATGG,0,2921124
ompRp4,0.06666666666666667,14,14,GGACTCGATACGCAAGTTAT,0,2908137
ompRp4,0.06666666666666667,14,14,GGACCAAGTCCCTGTGGTTC,0,2921302
ompRp4,0.06666666666666667,14,14,GGAATTAGCTGTTACCCGCT,0,2916681
ompRp4,0.06666666666666667,14,14,GCGTTATCCTAATGGGGGAT,0,2928259
ompRp4,0.06666666666666667,14,14,GCGGCAGCCGAGCGACTGGG,0,2934157
ompRp4,0.06666666666666667,14,14,GCATCGGGCGCGGTTAAGCG,0,2910505
ompRp4,0.06666666666666667,14,14,GCACGTAGACGGTCGTGAAT,0,2922564
ompRp4,0.06666666666666667,14,14,GATGCACTTCTTATGGAGTT,0,2933625
ompRp4,0.06666666666666667,14,14,GAGGCCGAACACTTAGACGA,0,2929059
ompRp4,0.06666666666666667,14,14,GACTTCCGACATGGCTCCAG,0,2914895
ompRp4,0.06666666666666667,14,14,GACTGGTGATACGGCGGACC,0,2910258
ompRp4,0.06666666666666667,14,14,GACGAGACGGTCTGAGATAA,0,2914480
ompRp4,0.06666666666666667,14,14,GACGAAGCCGAGTGTATAGT,0,2923934
ompRp4,0.06666666666666667,14,14,GAATTTATTAGTGCCTTAAC,0,2931256
ompRp4,0.06666666666666667,14,14,GAATATGGGTTGTCTCTTGT,0,2918095
ompRp4,0.06666666666666667,14,14,GAATAGGGGCTACGTCGCTC,0,2920066
ompRp4,0.06666666666666667,14,14,GAAGCAAGGAATGTTCGTCG,0,2924699
ompRp4,0.06666666666666667,14,14,CTCCCACACTTATTGTGGAA,0,2919332
ompRp4,0.06666666666666667,14,14,CTATGTAAGTACTGGGATGG,0,2924508
ompRp4,0.06666666666666667,14,14,CTAGGTGCAAGGAGTCGGTC,0,2932432
ompRp4,0.06666666666666667,14,14,CTAACAAGCCTCACATGCCT,0,2937676
ompRp4,0.06666666666666667,14,14,CGTCACAACGCACTCAGCTA,0,2937181
ompRp4,0.06666666666666667,14,14,CGTACTGGAGGTCTGTCGAT,0,2919238
ompRp4,0.06666666666666667,14,14,CGGCCCCGGGTCAGTGGGCG,0,2935478
ompRp4,0.06666666666666667,14,14,CGGACTGCTCATGGTTGGGC,0,2908401
ompRp4,0.06666666666666667,14,14,CGATGCCCAGCGCGCGACCG,0,2924784
ompRp4,0.06666666666666667,14,14,CGATAACAGTAGTTCGCCTA,0,2917931
ompRp4,0.06666666666666667,14,14,CGAAAGGCTCGAACCAGGGT,0,2918781
ompRp4,0.06666666666666667,14,14,CCTGATCTTGTCGAGTAGGA,0,2931458
ompRp4,0.06666666666666667,14,14,CCTCAAGATCATTACCAGTA,0,2932470
ompRp4,0.06666666666666667,14,14,CCGCCTCTTAGAGTAGGGCT,0,2913735
ompRp4,0.06666666666666667,14,14,CCGCAGGTCCAGTCGTTACT,0,2924241
ompRp4,0.06666666666666667,14,14,CCGACATCCATGTAGTGCTC,0,2935878
ompRp4,0.06666666666666667,14,14,CCGAATCCCGGGCAACCTCT,0,2929654
ompRp4,0.06666666666666667,14,14,CCAGCCTAGGCCGTGTTAGA,0,2917699
ompRp4,0.06666666666666667,14,14,CCACTCGAAGTGCCTAAAGT,0,2924780
ompRp4,0.06666666666666667,14,14,CCAATAAATGTAAGTTAGGC,0,2910883
ompRp4,0.06666666666666667,14,14,CATCCTAATCTTACTAGGAA,0,2934624
ompRp4,0.06666666666666667,14,14,CAGTTTATCTCAGACCGTGA,0,2914901
ompRp4,0.06666666666666667,14,14,CAGCTACCTCGGCCCTGAGC,0,2925604
ompRp4,0.06666666666666667,14,14,CAGCCTGTACGAGCTCCCAC,0,2919361
ompRp4,0.06666666666666667,14,14,CAACAAGAAACCGCCGAGCT,0,2932142
ompRp4,0.06666666666666667,14,14,CAAATCCAATGATCGGAAGT,0,2933554
ompRp4,0.06666666666666667,14,14,ATTTTTCGTTTTTCAAGTTG,0,2915082
ompRp4,0.06666666666666667,14,14,ATTTGCGACAAGAGATAAGG,0,2935882
ompRp4,0.06666666666666667,14,14,ATTGTTTTCATTCGTTCAGT,0,2917012
ompRp4,0.06666666666666667,14,14,ATTGTCGAATATTAACAGAC,0,2913246
ompRp4,0.06666666666666667,14,14,ATTCAACGTAAGCATAATTA,0,2931131
ompRp4,0.06666666666666667,14,14,ATGTTAACGTTATACAGTAC,0,2927072
ompRp4,0.06666666666666667,14,14,ATGGACGCATACGAAAGGGA,0,2914611
ompRp4,0.06666666666666667,14,14,ATGCATACAAAGTGAGTTTG,0,2916677
ompRp4,0.06666666666666667,14,14,ATGATTGCACGTCGAGCACA,0,2910580
ompRp4,0.06666666666666667,14,14,ATGATATTCCGGGGCTCGCA,0,2914773
ompRp4,0.06666666666666667,14,14,ATGACTGAACGCTGGTCTTG,0,2930861
ompRp4,0.06666666666666667,14,14,ATCTTGTGCATTGTCGGTCC,0,2920645
ompRp4,0.06666666666666667,14,14,ATCTCCGGCGGCTAGAGCAA,0,2907736
ompRp4,0.06666666666666667,14,14,ATAGGGTGGTTTGATTTCTG,0,2915075
ompRp4,0.06666666666666667,14,14,ATACGGAAATATTTAACTAA,0,2928648
ompRp4,0.06666666666666667,14,14,ATAAAGCTCGCCAAAGGCAA,0,2913485
ompRp4,0.06666666666666667,14,14,AGTTCTGATCCCCTACAGCT,0,2924638
ompRp4,0.06666666666666667,14,14,AGTGGTGGTGTAACCAAGGC,0,2926698
ompRp4,0.06666666666666667,14,14,AGTGATTTTTATTTAGGCTT,0,2913297
ompRp4,0.06666666666666667,14,14,AGGGATTGCTCTGTTTTTAC,0,2915727
ompRp4,0.06666666666666667,14,14,AGGGACAACTCACCTCTGAC,0,2913412
ompRp4,0.06666666666666667,14,14,AGGAGGTATGGCATCCACAG,0,2935460
ompRp4,0.06666666666666667,14,14,AGCTTCAGGTAATCCAGGAT,0,2936606
ompRp4,0.06666666666666667,14,14,ACTGAGCAGTTTCCGTGGGA,0,2931980
ompRp4,0.06666666666666667,14,14,ACGTCTGGAAAATTGGAAAG,0,2924884
ompRp4,0.06666666666666667,14,14,ACGGCTCCCTGGGAAAGAGC,0,2912887
ompRp4,0.06666666666666667,14,14,ACGGAATTCGATGTAGCCAC,0,2923370
ompRp4,0.06666666666666667,14,14,ACCTAAAAGCTAAGACCTTA,0,2908194
ompRp4,0.06666666666666667,14,14,ACCGCGGCTCCTCTGTAAAG,0,2932108
ompRp4,0.06666666666666667,14,14,ACAACGGGGCTATCTTCTCG,0,2937654
ompRp4,0.06666666666666667,14,14,AATAGCCATTGGGACCCAGG,0,2913914
ompRp4,0.06666666666666667,14,14,AAGGGCGGTTTCTATAGACC,0,2934276
ompRp4,0.06666666666666667,14,14,AAGGATTAGGCACGATCACC,0,2913237
ompRp4,0.06666666666666667,14,14,AAGGAACGATTGCGGGCACT,0,2920140
ompRp4,0.06666666666666667,14,14,AAGCTGCGATGAGGGAGCAA,0,2913891
ompRp4,0.06666666666666667,14,14,AACTGGGTGCCCTTTAGACC,0,2935320
ompRp4,0.06666666666666667,14,14,AACTAAACCGCAATGATGAC,0,2932592
ompRp4,0.06666666666666667,14,14,AACGCGTTGGCGAATTGGCA,0,2911765
ompRp4,0.06666666666666667,14,14,AACCGACGCTTGATGGACTA,0,2919333
ompRp4,0.06666666666666667,14,14,AACATGTAGGCGTTTCCACC,0,2924739
ompRp4,0.06666666666666667,14,14,AAATGGAGGGTCGCCACCGT,0,2937035
ompRp4,0.06666666666666667,14,14,AAATCCCGTGCCTGAGTTCG,0,2928407
ompRp4,0.07142857142857142,13,13,TTTTGGCGCACTTATTCATA,0,2923186
ompRp4,0.07142857142857142,13,13,TTTATTATTCTTCACTCCAA,0,2927255
ompRp4,0.07142857142857142,13,13,TTTACTTGTCAAAAAATATA,0,2910792
ompRp4,0.07142857142857142,13,13,TTGTGGCTCTTAAACTTGCC,0,2908117
ompRp4,0.07142857142857142,13,13,TTGCATGGTGGCGCCCGGGA,0,2923949
ompRp4,0.07142857142857142,13,13,TTCGATCAGAGGCTTATGGC,0,2914771
ompRp4,0.07142857142857142,13,13,TTCAACCTAACGTTTGTGGT,0,2908126
ompRp4,0.07142857142857142,13,13,TTACTGGTTTACGAGGATCA,0,2909894
ompRp4,0.07142857142857142,13,13,TTACCATATAGTCGATAGTA,0,2922869
ompRp4,0.07142857142857142,13,13,TGTTTTAAAGAGGGTCGCCG,0,2908546
ompRp4,0.07142857142857142,13,13,TGTGAAGGCAGAGTCTTCAT,0,2920313
ompRp4,0.07142857142857142,13,13,TGTATTAGGACGTAGCGAGG,0,2910667
ompRp4,0.07142857142857142,13,13,TGGGGTGTTGCTACCCACGG,0,2922235
ompRp4,0.07142857142857142,13,13,TGGCAGGTGACTGCCAATGT,0,2923867
ompRp4,0.07142857142857142,13,13,TGGAAACGGCCCCAGAAGTA,0,2921062
ompRp4,0.07142857142857142,13,13,TGCGTCCCAGTGCCTACCGT,0,2934037
ompRp4,0.07142857142857142,13,13,TGCGCATGGCTAAGTAACGA,0,2914638
ompRp4,0.07142857142857142,13,13,TGCCATAACTCTATTGGCGG,0,2913841
ompRp4,0.07142857142857142,13,13,TGATATAGTGTAGGTCGCGA,0,2918495
ompRp4,0.07142857142857142,13,13,TGAGTATGTGGTTTAGAGCT,0,2920749
ompRp4,0.07142857142857142,13,13,TGAGCTCAGATTCAGGGTTA,0,2920380
ompRp4,0.07142857142857142,13,13,TGAACCGAGACAAGGACGCG,0,2924930
ompRp4,0.07142857142857142,13,13,TGAAAGGGACCGTGAAACGT,0,2938292
ompRp4,0.07142857142857142,13,13,TCTTGGGGTGGGTGGAGATT,0,2913510
ompRp4,0.07142857142857142,13,13,TCTTACCGCCGCGACCGGCA,0,2916281
ompRp4,0.07142857142857142,13,13,TCTGCTTACGGCTACCGTGG,0,2935794
ompRp4,0.07142857142857142,13,13,TCTGCCTGAAGCGTAATTCG,0,2921151
ompRp4,0.07142857142857142,13,13,TCTAACCCGTTGCGGTGAGA,0,2929944
ompRp4,0.07142857142857142,13,13,TCGGCAGTAGAGAAATGTTA,0,2928881
ompRp4,0.07142857142857142,13,13,TCGCTCCTTCTGCGACTTTA,0,2932734
ompRp4,0.07142857142857142,13,13,TCGCATGGTGAAGGCCCGAC,0,2910645
ompRp4,0.07142857142857142,13,13,TCCCGCGACCTTTTAATGCT,0,2932178
ompRp4,0.07142857142857142,13,13,TCCATCCTAACGTGTGATGG,0,2927677
ompRp4,0.07142857142857142,13,13,TCCAGCCGAGCTGTCTTGGT,0,2910034
ompRp4,0.07142857142857142,13,13,TCAGGACACTGGATCCCGCT,0,2916275
ompRp4,0.07142857142857142,13,13,TATGAGCTGCAGGTACAAGT,0,2923403
ompRp4,0.07142857142857142,13,13,TATCATCCCTGGCGTTCGCA,0,2911473
ompRp4,0.07142857142857142,13,13,TATACTACTTAATAGGTGCA,0,2924969
ompRp4,0.07142857142857142,13,13,TAGCGCGCCTAACATTCCAG,0,2923674
ompRp4,0.07142857142857142,13,13,TAGAGGTGGGGAGCTCTATA,0,2932207
ompRp4,0.07142857142857142,13,13,TACGTTAGCCCACGCAATGT,0,2914551
ompRp4,0.07142857142857142,13,13,TACAATGTTGCCGCCTGGTG,0,2909111
ompRp4,0.07142857142857142,13,13,TACAATAGAGAGAACTTTGA,0,2915265
ompRp4,0.07142857142857142,13,13,TAAAACTTGAACTAAGCCGT,0,2932600
ompRp4,0.07142857142857142,13,13,GTTAGAGATATGTACCGGGG,0,2933545
ompRp4,0.07142857142857142,13,13,GTGGCGACATCGCAACAGAT,0,2926802
ompRp4,0.07142857142857142,13,13,GTGCCGGAGGCCGGAAACTG,0,2908545
ompRp4,0.07142857142857142,13,13,GTCTCTTGGCACGCTGTCCA,0,2921878
ompRp4,0.07142857142857142,13,13,GTATTATCCGGGTGCGTCCC,0,2911671
ompRp4,0.07142857142857142,13,13,GTATCAGGATCCCATGATCC,0,2917256
ompRp4,0.07142857142857142,13,13,GTATAAAGTCCCTATACGGG,0,2923774
ompRp4,0.07142857142857142,13,13,GTAAATAGCGTCACGCTAGT,0,2920511
ompRp4,0.07142857142857142,13,13,GGTTTTATAAATGGATTTAT,0,2917146
ompRp4,0.07142857142857142,13,13,GGTTGTTAAATTTGATCCAG,0,2916930
ompRp4,0.07142857142857142,13,13,GGTTAGAAGATATTTAACGG,0,2911549
ompRp4,0.07142857142857142,13,13,GGGCTAGGGGGCCTCTTCGC,0,2915225
ompRp4,0.07142857142857142,13,13,GGGAGGTAATGTTCACGGGA,0,2918214
ompRp4,0.07142857142857142,13,13,GGGACTGATCTTTTGCGATA,0,2934278
ompRp4,0.07142857142857142,13,13,GGCCCCGTTTGTACGTACTA,0,2919375
ompRp4,0.07142857142857142,13,13,GGATAGAGGGTTAACCCCGG,0,2935351
ompRp4,0.07142857142857142,13,13,GGACGCGTGTGTTTGGAGTG,0,2936021
ompRp4,0.07142857142857142,13,13,GCTCAACCAGCGTTCGACAA,0,2925938
ompRp4,0.07142857142857142,13,13,GCTACGGACAGCTGTTAGGA,0,2923499
ompRp4,0.07142857142857142,13,13,GCGTTGTCACCTTTCCGTGT,0,2919203
ompRp4,0.07142857142857142,13,13,GCGGATTGAGTCATCAACGG,0,2927993
ompRp4,0.07142857142857142,13,13,GCGACATTCTGCTTCCGGAT,0,2936871
ompRp4,0.07142857142857142,13,13,GCCTAGGATCGTACTAGCGC,0,2931045
ompRp4,0.07142857142857142,13,13,GCCGGGGCGCGTCAGCGTAC,0,2909177
ompRp4,0.07142857142857142,13,13,GCCGAAGAACCGGAGTTGGA,0,2931304
ompRp4,0.07142857142857142,13,13,GCCCGATACTGTGGAGACAG,0,2920095
ompRp4,0.07142857142857142,13,13,GCCCGACGTACAGTCACTGA,0,2928040
ompRp4,0.07142857142857142,13,13,GCCACCCTACTGTTGACCGT,0,2913378
ompRp4,0.07142857142857142,13,13,GATGTTGTTTGGGAAGCGAC,0,2912872
ompRp4,0.07142857142857142,13,13,GATCTGGTCAGATAGGACCC,0,2909606
ompRp4,0.07142857142857142,13,13,GATCCAACGCCACTAGGTTT,0,2920825
ompRp4,0.07142857142857142,13,13,GAGGCCTGCAGCCGACATTC,0,2909162
ompRp4,0.07142857142857142,13,13,GACTGTCAAGCGCACCACTA,0,2927572
ompRp4,0.07142857142857142,13,13,GAACTCCGAGTGATTCACGC,0,2924300
ompRp4,0.07142857142857142,13,13,GAACCGGAGGTTAGATTCCC,0,2926849
ompRp4,0.07142857142857142,13,13,GAACATGTGCGTGAGGATTC,0,2916692
ompRp4,0.07142857142857142,13,13,CTTGGACCCCAAGTTTTGAA,0,2915292
ompRp4,0.07142857142857142,13,13,CTTGACGAGAGGCTTGAACT,0,2913389
ompRp4,0.07142857142857142,13,13,CTTCGTGAGAAGTTTTAAAA,0,2911567
ompRp4,0.07142857142857142,13,13,CTTAGATTATGTACTCGCCC,0,2914268
ompRp4,0.07142857142857142,13,13,CTTAATTTTATCTAATATAG,0,2929813
ompRp4,0.07142857142857142,13,13,CTGGTCTTTGGGACCACCAT,0,2933032
ompRp4,0.07142857142857142,13,13,CTCAGCTGTAGTATCACTCG,0,2928003
ompRp4,0.07142857142857142,13,13,CTCAACATTCAGTGCTTTAA,0,2922750
ompRp4,0.07142857142857142,13,13,CTCAAAACTCCGAAGAACTT,0,2911052
ompRp4,0.07142857142857142,13,13,CTACTGAACAGACGATTCGT,0,2936217
ompRp4,0.07142857142857142,13,13,CTAACGCTACAACATTTGGG,0,2914176
ompRp4,0.07142857142857142,13,13,CTAACGCGCGGAAAAGAAGA,0,2932488
ompRp4,0.07142857142857142,13,13,CGGCCGCACGCTCGTAGCCT,0,2921828
ompRp4,0.07142857142857142,13,13,CGGCATATAAGGACTGAGCC,0,2928896
ompRp4,0.07142857142857142,13,13,CGCATATGAGCCCTGGTCAA,0,2924028
ompRp4,0.07142857142857142,13,13,CGATGTCCAGAGGTGTTTGG,0,2916240
ompRp4,0.07142857142857142,13,13,CGATGGTTTTTGTCAGCAGC,0,2926414
ompRp4,0.07142857142857142,13,13,CGACTGGCTACCCTGTTCGG,0,2910557
ompRp4,0.07142857142857142,13,13,CGACAACTGAATAAATTTGT,0,2919470
ompRp4,0.07142857142857142,13,13,CGAACGTACTACACTGCTTA,0,2932059
ompRp4,0.07142857142857142,13,13,CCTGTTGAGGTTCTCTCAAT,0,2919572
ompRp4,0.07142857142857142,13,13,CCTGCGTGCACTAGGTGGTA,0,2924124
ompRp4,0.07142857142857142,13,13,CCGAGGGGGGGCGTAATCCG,0,2908092
ompRp4,0.07142857142857142,13,13,CCGAAAGTCGGTTTTAGAGC,0,2937855
ompRp4,0.07142857142857142,13,13,CCATAAAGGCCGAAGTCATG,0,2909614
ompRp4,0.07142857142857142,13,13,CCACGTGTTGCCTGTTATAT,0,2908649
ompRp4,0.07142857142857142,13,13,CATTTTGCACGAATTTTACG,0,2919296
ompRp4,0.07142857142857142,13,13,CATTGCTACGTTCAACCTAT,0,2933680
ompRp4,0.07142857142857142,13,13,CATTCATCCCATTCATCTTA,0,2928451
ompRp4,0.07142857142857142,13,13,CATATTTACGAGTCTAGGAG,0,2933875
ompRp4,0.07142857142857142,13,13,CAGTATCAAACTCGCAGCGG,0,2932223
ompRp4,0.07142857142857142,13,13,CAGGCTGGAGTAGATCCAGG,0,2935439
ompRp4,0.07142857142857142,13,13,CAGATCAAGATTGAAGGGAG,0,2913296
ompRp4,0.07142857142857142,13,13,CACTAAAGTAAAGACGGAGT,0,2938283
ompRp4,0.07142857142857142,13,13,CACCGTAACCGCGGTCACGT,0,2911544
ompRp4,0.07142857142857142,13,13,CACAGTTGAGAGGCAGTCCA,0,2936951
ompRp4,0.07142857142857142,13,13,CAAGTTCCCGTTAGGACAGT,0,2936005
ompRp4,0.07142857142857142,13,13,CAAGGCGCTAGTTTGCTATA,0,2937356
ompRp4,0.07142857142857142,13,13,CAACGATGTCATTCTTTACC,0,2935127
ompRp4,0.07142857142857142,13,13,CAAATCTCCAGGTAGTTATA,0,2923307
ompRp4,0.07142857142857142,13,13,ATTATAACAATCCATGAGTA,0,2924787
ompRp4,0.07142857142857142,13,13,ATTAACGTCATGCCATGGCC,0,2930393
ompRp4,0.07142857142857142,13,13,ATTAAACTACCACTTGGACT,0,2913096
ompRp4,0.07142857142857142,13,13,ATGTTTTAATTGATCTGGCT,0,2919568
ompRp4,0.07142857142857142,13,13,ATGTCGTTTGTGCTGTCTGT,0,2918485
ompRp4,0.07142857142857142,13,13,ATGTAAGGCGTTGAATTGCA,0,2914150
ompRp4,0.07142857142857142,13,13,ATCTGTATCCAGGCCGTGGG,0,2916893
ompRp4,0.07142857142857142,13,13,ATCTCATAACAACTCGTGTC,0,2926890
ompRp4,0.07142857142857142,13,13,ATCATCGCTCTAACACGAGT,0,2928840
ompRp4,0.07142857142857142,13,13,ATATAATGCCGACCTCGATC,0,2915324
ompRp4,0.07142857142857142,13,13,ATAAAGCTGAGACCGCTGGG,0,2921824
ompRp4,0.07142857142857142,13,13,AGTTCACAACCCTCAACTAT,0,2914926
ompRp4,0.07142857142857142,13,13,AGGTTTATATAGTGTACGTG,0,2918747
ompRp4,0.07142857142857142,13,13,AGGGCATTGGCACTGACCTA,0,2909338
ompRp4,0.07142857142857142,13,13,AGGGCACCGAGTCCTGCAGT,0,2926758
ompRp4,0.07142857142857142,13,13,AGGATTATGTTTGGTAAAAC,0,2918730
ompRp4,0.07142857142857142,13,13,AGGACTTTATGTAGGGTCCG,0,2916784
ompRp4,0.07142857142857142,13,13,AGCTTCACACACATTTGGAT,0,2919072
ompRp4,0.07142857142857142,13,13,AGCTGCCTTGACAACGGGCG,0,2922663
ompRp4,0.07142857142857142,13,13,AGCGTCGTCTACAAACTAAG,0,2916806
ompRp4,0.07142857142857142,13,13,AGAATTCAAAGTCCTTTAGA,0,2924688
ompRp4,0.07142857142857142,13,13,ACTTAACGCGAAGGGCCTGT,0,2923506
ompRp4,0.07142857142857142,13,13,ACTGACGTAAGGGCATGGAC,0,2925229
ompRp4,0.07142857142857142,13,13,ACGTACTCTGATTGAAGCTA,0,2917909
ompRp4,0.07142857142857142,13,13,ACGAGGATGTCCGGACGACT,0,2925352
ompRp4,0.07142857142857142,13,13,ACGACAGTGGTTTCATGATA,0,2923276
ompRp4,0.07142857142857142,13,13,AATTTACCTAATAGCGATAG,0,2915969
ompRp4,0.07142857142857142,13,13,AATTCCTGCCCTCCCATAGC,0,2909680
ompRp4,0.07142857142857142,13,13,AATGGGTGGACCCTGCCTAC,0,2919179
ompRp4,0.07142857142857142,13,13,AATGGGCACAAGAGGTAGTG,0,2932825
ompRp4,0.07142857142857142,13,13,AATACGTTCTCGCAAGGTCA,0,2911948
ompRp4,0.07142857142857142,13,13,AAGTAGCATGGCTTGGGCTC,0,2910619
ompRp4,0.07142857142857142,13,13,AAGATCTCGGGTGTGAAAAC,0,2928360
ompRp4,0.07142857142857142,13,13,AAGAATAGAACGCTCTGGGG,0,2914215
ompRp4,0.07142857142857142,13,13,AACTCGTACAGGAGGGACCA,0,2910836
ompRp4,0.07142857142857142,13,13,AACAGCCGCTTTGGTGAAAA,0,2928860
ompRp4,0.07142857142857142,13,13,AAAGAGTTGCCTAACAGGCT,0,2909279
ompRp4,0.07142857142857142,13,13,AAACGAGCCTACTCCTGGAG,0,2931812
ompRp4,0.07692307692307693,12,12,TTTGACACCTCGTACGTTCA,0,2924154
ompRp4,0.07692307692307693,12,12,TTTAAGCGGGCATGTATGAC,0,2919565
ompRp4,0.07692307692307693,12,12,TTCTATTGGATTGTCGAGTG,0,2913489
ompRp4,0.07692307692307693,12,12,TTCTATACGTCCCTAGAGCC,0,2924415
ompRp4,0.07692307692307693,12,12,TTCGCTGTAATATATCCACG,0,2919373
ompRp4,0.07692307692307693,12,12,TTCCCGAAAACAGCCAACGC,0,2927921
ompRp4,0.07692307692307693,12,12,TTCAGCTGATTCGGCGGATG,0,2920436
ompRp4,0.07692307692307693,12,12,TTAGGCTGCCGTTTATTTCC,0,2925769
ompRp4,0.07692307692307693,12,12,TTAGACTGGACAGGAACACA,0,2931949
ompRp4,0.07692307692307693,12,12,TTACAAACCGACTGAGTAGA,0,2935226
ompRp4,0.07692307692307693,12,12,TTAATGGGTATGAGTGCGAC,0,2937219
ompRp4,0.07692307692307693,12,12,TGTTGGAGAGGTAAAGCGTC,0,2917795
ompRp4,0.07692307692307693,12,12,TGTTGATGCAGCTCACACGC,0,2928594
ompRp4,0.07692307692307693,12,12,TGTTCATGTGAAGGAGGTCC,0,2921795
ompRp4,0.07692307692307693,12,12,TGTTCACGTATTTATCAGCC,0,2924898
ompRp4,0.07692307692307693,12,12,TGTGGTTCCTTGTGCCGGTG,0,2910791
ompRp4,0.07692307692307693,12,12,TGTGGGAGCAGTCTCATGGA,0,2918980
ompRp4,0.07692307692307693,12,12,TGTAAACGTGGGTTCTCCTG,0,2909721
ompRp4,0.07692307692307693,12,12,TGGTTTCGCATGAGCGGACA,0,2933114
ompRp4,0.07692307692307693,12,12,TGGGCCGTAGTGATGATCGA,0,2932485
ompRp4,0.07692307692307693,12,12,TGGCCTACGGCTCTAAAAAA,0,2912823
ompRp4,0.07692307692307693,12,12,TGCGGTTGCGCATTTCAGAA,0,2917533
ompRp4,0.07692307692307693,12,12,TGCCTACCCTTTGAACACAT,0,2927057
ompRp4,0.07692307692307693,12,12,TGCATTCGGCCTACCAAGTA,0,2930129
ompRp4,0.07692307692307693,12,12,TGCAAGTAACCCCTGTGCGA,0,2911175
ompRp4,0.07692307692307693,12,12,TGAGTCACTCAATGCGGAAT,0,2923395
ompRp4,0.07692307692307693,12,12,TGACTGACCATAGGCTGGCC,0,2911160
ompRp4,0.07692307692307693,12,12,TGACCCAAAGCTAGCCAATC,0,2927699
ompRp4,0.07692307692307693,12,12,TGACACCTTAGGAACTTTAG,0,2935721
ompRp4,0.07692307692307693,12,12,TCTGAGATAAATCTGTCCCG,0,2923818
ompRp4,0.07692307692307693,12,12,TCTACTGCTGGGCGCTGGGT,0,2909368
ompRp4,0.07692307692307693,12,12,TCGTCCTGACAACAGTATGG,0,2918539
ompRp4,0.07692307692307693,12,12,TCCGGGCTAGTCTCAACTTT,0,2930839
ompRp4,0.07692307692307693,12,12,TCCGCCAACTCCCTGCCACG,0,2925817
ompRp4,0.07692307692307693,12,12,TATTTCAGTCGGAACTTCGT,0,2933197
ompRp4,0.07692307692307693,12,12,TATTATTTTATGGTAGTCAA,0,2916625
ompRp4,0.07692307692307693,12,12,TATCGCCTTAATAGGGTTTG,0,2910738
ompRp4,0.07692307692307693,12,12,TATACGTGGGACCTAATCTG,0,2930152
ompRp4,0.07692307692307693,12,12,TAGGACTAAACCTGCCGACA,0,2922022
ompRp4,0.07692307692307693,12,12,TAGATAGAGGGCTGTCTGAA,0,2923856
ompRp4,0.07692307692307693,12,12,TAACACTGCGAAAGGGTCGT,0,2928265
ompRp4,0.07692307692307693,12,12,GTCGGTACATTTTGGAGTGT,0,2927782
ompRp4,0.07692307692307693,12,12,GTCAATGCCGTGGGTGCGGC,0,2912865
ompRp4,0.07692307692307693,12,12,GTAGATGTCATCCGCAGTCG,0,2926002
ompRp4,0.07692307692307693,12,12,GTAGAACCGGGGATAATCCT,0,2931420
ompRp4,0.07692307692307693,12,12,GGTTTCGTGAGATCCTCTGT,0,2936773
ompRp4,0.07692307692307693,12,12,GGTTCGAAGCCCGGGGTAAT,0,2918161
ompRp4,0.07692307692307693,12,12,GGTCTAATCTTTGCACCCCT,0,2920516
ompRp4,0.07692307692307693,12,12,GGTCTAACAAAACCAGGAGA,0,2930229
ompRp4,0.07692307692307693,12,12,GGGTTTAGCAATTCATATGT,0,2918212
ompRp4,0.07692307692307693,12,12,GGGTGGCAGCATACATAGGA,0,2907830
ompRp4,0.07692307692307693,12,12,GGGTACATTCGCATCATCCT,0,2922302
ompRp4,0.07692307692307693,12,12,GGGGCTGTGCACCGGAGAAT,0,2921845
ompRp4,0.07692307692307693,12,12,GGGACGCCGCTTTAGTTTGA,0,2929322
ompRp4,0.07692307692307693,12,12,GGCGCATTGATTTTGGGGAT,0,2911341
ompRp4,0.07692307692307693,12,12,GGCCGTAGATACAATTAATT,0,2936981
ompRp4,0.07692307692307693,12,12,GGCATTATGTTTGGAGGACA,0,2918688
ompRp4,0.07692307692307693,12,12,GGATGTGTTCGATTAGAAAT,0,2923010
ompRp4,0.07692307692307693,12,12,GGATCGGACGGCACGATGGG,0,2920208
ompRp4,0.07692307692307693,12,12,GGATAGGGTGATGGAGAGCG,0,2916037
ompRp4,0.07692307692307693,12,12,GGATACGGCGTAAATCCAGT,0,2912804
ompRp4,0.07692307692307693,12,12,GGAGGGTCCAAAATTATAGC,0,2927245
ompRp4,0.07692307692307693,12,12,GGAGGAAAGGACGATCCTTG,0,2932941
ompRp4,0.07692307692307693,12,12,GGAGCCTTAAATCGGGCGAA,0,2907943
ompRp4,0.07692307692307693,12,12,GGAGATCAATTCGAGTTGAA,0,2919473
ompRp4,0.07692307692307693,12,12,GGACCAATTGTTGGTCGAGA,0,2928381
ompRp4,0.07692307692307693,12,12,GGAACATTCGGGCAGGTCGG,0,2922127
ompRp4,0.07692307692307693,12,12,GCTTCTCCGAGGGAGGGACG,0,2912038
ompRp4,0.07692307692307693,12,12,GCTGAGGAGCCCTGTTGGCC,0,2908944
ompRp4,0.07692307692307693,12,12,GCTCGTGTTTACCAATCAGG,0,2912280
ompRp4,0.07692307692307693,12,12,GCTCGTATCAGTGTCATTTT,0,2907946
ompRp4,0.07692307692307693,12,12,GCTCATGTTCGATCCGTGTA,0,2918023
ompRp4,0.07692307692307693,12,12,GCTAGGATTTTAATGTAAAA,0,2911237
ompRp4,0.07692307692307693,12,12,GCGCACCTAAGTTACCACGT,0,2916443
ompRp4,0.07692307692307693,12,12,GCCCAGGTGAAGATCGGCAG,0,2934952
ompRp4,0.07692307692307693,12,12,GCATTATACCTGTCGTTATG,0,2930970
ompRp4,0.07692307692307693,12,12,GCATCGCCTACGTAAGACAT,0,2923861
ompRp4,0.07692307692307693,12,12,GCAGGCGCGACAGAGCAATT,0,2935877
ompRp4,0.07692307692307693,12,12,GCAGATTTTTACGCGAGGTA,0,2919289
ompRp4,0.07692307692307693,12,12,GCACCACATCCGTAGAGTGA,0,2914858
ompRp4,0.07692307692307693,12,12,GATTTTATCCCGAAGCAGTA,0,2934585
ompRp4,0.07692307692307693,12,12,GATCAGATCGTTAGGTGCTA,0,2916837
ompRp4,0.07692307692307693,12,12,GAGCCATTTAGTGGATACAT,0,2926710
ompRp4,0.07692307692307693,12,12,GACTGAGGGAATCGTACGAT,0,2920479
ompRp4,0.07692307692307693,12,12,GACTCACGGGTTCTCGTACG,0,2915130
ompRp4,0.07692307692307693,12,12,GACGATCCGCCGTACCCGGG,0,2911762
ompRp4,0.07692307692307693,12,12,GACCTTCCGTCGCAGTCTTT,0,2932858
ompRp4,0.07692307692307693,12,12,GAATGGTATCCCCTTAAGAA,0,2914809
ompRp4,0.07692307692307693,12,12,GAACTTGGTACTGCACCTGC,0,2924754
ompRp4,0.07692307692307693,12,12,GAACATGTAGTGGTGGGTTA,0,2911874
ompRp4,0.07692307692307693,12,12,GAAAATCGACGACACAGTTA,0,2917144
ompRp4,0.07692307692307693,12,12,CTTTGGTGGTTCGCCATTAG,0,2932879
ompRp4,0.07692307692307693,12,12,CTTCGTCACTACCGGCTGTT,0,2915261
ompRp4,0.07692307692307693,12,12,CTTCAAGGTACAGCGGTGTC,0,2933676
ompRp4,0.07692307692307693,12,12,CTTACTTGGGTTATATAGCT,0,2924453
ompRp4,0.07692307692307693,12,12,CTGTCACAATTTGACATGGG,0,2926819
ompRp4,0.07692307692307693,12,12,CTGGTCTCCTAAACACAACA,0,2922650
ompRp4,0.07692307692307693,12,12,CTGATGGATGTGGCGCCTAC,0,2918926
ompRp4,0.07692307692307693,12,12,CTGACAAAAGAAGAGAGTTT,0,2921791
ompRp4,0.07692307692307693,12,12,CTCAGGTCCGGTCTGGGACT,0,2915953
ompRp4,0.07692307692307693,12,12,CTACGGTTGCATGCAAATAT,0,2909929
ompRp4,0.07692307692307693,12,12,CTAAGATGAGGACTCCCGCT,0,2928604
ompRp4,0.07692307692307693,12,12,CGTTTTAGGCAATCCTTAAT,0,2922358
ompRp4,0.07692307692307693,12,12,CGTTTGTATTTGATGGTAAG,0,2912849
ompRp4,0.07692307692307693,12,12,CGTCGTGCAAGGGTCCTCCC,0,2924214
ompRp4,0.07692307692307693,12,12,CGTAAGCATATTGTCTGCCG,0,2934618
ompRp4,0.07692307692307693,12,12,CGGCGTGTCGTTATTACTTA,0,2923719
ompRp4,0.07692307692307693,12,12,CGGCGCCCCGAAGCCACAGG,0,2916208
ompRp4,0.07692307692307693,12,12,CGGCAAGGCTTGACATGGTT,0,2933234
ompRp4,0.07692307692307693,12,12,CGAGTAAGTAGTAAGTATCC,0,2932420
ompRp4,0.07692307692307693,12,12,CCTGTAGGCGCTTGCAGCCC,0,2929966
ompRp4,0.07692307692307693,12,12,CCTGCCCCATAACTTTGACC,0,2936080
ompRp4,0.07692307692307693,12,12,CCTGCAGAGTATGAGGACGG,0,2916523
ompRp4,0.07692307692307693,12,12,CCGGTTGAACGAGTGCTTAT,0,2924396
ompRp4,0.07692307692307693,12,12,CCGGGTGCGAAACGGATATT,0,2917919
ompRp4,0.07692307692307693,12,12,CCGCTCTCTGGCTGTCAGTC,0,2922864
ompRp4,0.07692307692307693,12,12,CCGCGGGCTTGTGGTGCAGG,0,2916726
ompRp4,0.07692307692307693,12,12,CCGCAGTCACATCGGAGATC,0,2927909
ompRp4,0.07692307692307693,12,12,CCGACGTCAAAATTCCGATT,0,2932053
ompRp4,0.07692307692307693,12,12,CCATTGGGAAGGTGTTCATC,0,2924436
ompRp4,0.07692307692307693,12,12,CCAGTACAATTCTTCCGAAT,0,2932483
ompRp4,0.07692307692307693,12,12,CCACCAAACGCGCCCGTGTA,0,2924785
ompRp4,0.07692307692307693,12,12,CCAAGAGTCTCCCATTCTTT,0,2930038
ompRp4,0.07692307692307693,12,12,CATGGAAGCTCCCATTGTCT,0,2930321
ompRp4,0.07692307692307693,12,12,CATCCCGCCGAAAATCGTTT,0,2935786
ompRp4,0.07692307692307693,12,12,CATATTTGTGTTCGCCAGAG,0,2928337
ompRp4,0.07692307692307693,12,12,CAGTTCAGTTGTGAAGGAGT,0,2931492
ompRp4,0.07692307692307693,12,12,CACCGATTGACGCCGCTTGT,0,2936257
ompRp4,0.07692307692307693,12,12,CACAATCCGATCGTGTTTGT,0,2922613
ompRp4,0.07692307692307693,12,12,CAATACAAGTCGGTTGAGCT,0,2934887
ompRp4,0.07692307692307693,12,12,CAAATAGATTGACGTCCTAG,0,2931462
ompRp4,0.07692307692307693,12,12,CAAAGGTCATCGGTGTGCGA,0,2916368
ompRp4,0.07692307692307693,12,12,CAAAGCGTGGCGGCGTGCAG,0,2936312
ompRp4,0.07692307692307693,12,12,ATTCAGCCGATACGGACAGA,0,2908252
ompRp4,0.07692307692307693,12,12,ATTCACCTTTGGACCGCGAA,0,2925221
ompRp4,0.07692307692307693,12,12,ATTAGGGTAACGCTACTCGG,0,2920649
ompRp4,0.07692307692307693,12,12,ATTACCATTAATAGAAGGAT,0,2931390
ompRp4,0.07692307692307693,12,12,ATGTCTCTCCAACTTGCTAC,0,2927391
ompRp4,0.07692307692307693,12,12,ATCGCTCGATGTGAATTTAA,0,2921441
ompRp4,0.07692307692307693,12,12,ATCGAACTATTTAATACTGC,0,2925947
ompRp4,0.07692307692307693,12,12,ATCAAAAACGTATGCTTCCG,0,2928038
ompRp4,0.07692307692307693,12,12,ATATTCCATCGCCCAACACA,0,2919600
ompRp4,0.07692307692307693,12,12,ATATTCAGAGGAAGACAGTT,0,2932729
ompRp4,0.07692307692307693,12,12,ATATATGGCATGTTGTACTA,0,2922761
ompRp4,0.07692307692307693,12,12,AGTGGCGGCAAAACGGTCAC,0,2921527
ompRp4,0.07692307692307693,12,12,AGGAACTTTGCCCTTCGAAA,0,2934957
ompRp4,0.07692307692307693,12,12,AGCTTCATCTGCATCAACTT,0,2917687
ompRp4,0.07692307692307693,12,12,AGCATGCTGGTTCAGAGACT,0,2923940
ompRp4,0.07692307692307693,12,12,AGCAGAGGATTCTGGGGAAA,0,2920502
ompRp4,0.07692307692307693,12,12,AGAGGGCAGTCAAACTCAGG,0,2925582
ompRp4,0.07692307692307693,12,12,ACTGTGACTCCTTATCAGGT,0,2926384
ompRp4,0.07692307692307693,12,12,ACTCGTAACTCGAACTTAAC,0,2910177
ompRp4,0.07692307692307693,12,12,ACTACCCTAGCAGAGGCTGG,0,2916084
ompRp4,0.07692307692307693,12,12,ACGGTGGACGCAGCATGGAT,0,2918653
ompRp4,0.07692307692307693,12,12,ACGGGCGAGTATAGCGCTCA,0,2935404
ompRp4,0.07692307692307693,12,12,ACGCGTCCTATCGCTGCGGG,0,2927263
ompRp4,0.07692307692307693,12,12,ACCTGACTTAAATACCGGTC,0,2933333
ompRp4,0.07692307692307693,12,12,ACCGTGATCCAAACCTCTGT,0,2916064
ompRp4,0.07692307692307693,12,12,ACCGCCAACTGTAGGTGGCA,0,2922736
ompRp4,0.07692307692307693,12,12,ACCCTTTTGGACAAAGGACC,0,2911669
ompRp4,0.07692307692307693,12,12,ACAGTCTCTACGCAGCTGTT,0,2936745
ompRp4,0.07692307692307693,12,12,ACACGGACGCATGAACAGCC,0,2928174
ompRp4,0.07692307692307693,12,12,ACAAGCTCGTTATGAGGGTA,0,2923080
ompRp4,0.07692307692307693,12,12,ACAACTTGCGTCGTAATCGT,0,2926213
ompRp4,0.07692307692307693,12,12,ACAACAAGCGGCCTGTTGAA,0,2927718
ompRp4,0.07692307692307693,12,12,AATATAAGTGATCGCCGAGA,0,2935991
ompRp4,0.07692307692307693,12,12,AAGTTTATCTTTCGCGACTT,0,2915083
ompRp4,0.07692307692307693,12,12,AAGTCTCCCGCACTCAGTTG,0,2925691
ompRp4,0.07692307692307693,12,12,AAGGCGCGTGATAAACCGAG,0,2916010
ompRp4,0.07692307692307693,12,12,AAGGCCATGGTTGAGCATGT,0,2916588
ompRp4,0.07692307692307693,12,12,AAGCATAAAGGCTCCTCGCC,0,2913637
ompRp4,0.07692307692307693,12,12,AAGATACTTTTGGTCAACAC,0,2911822
ompRp4,0.07692307692307693,12,12,AAGAGCCGCCAACTGCATCT,0,2935356
ompRp4,0.07692307692307693,12,12,AACTACAGGGGCCGTGCCGC,0,2936939
ompRp4,0.07692307692307693,12,12,AACCTCGACCGAATTTAAAT,0,2925002
ompRp4,0.07692307692307693,12,12,AACACTCCCATTCGTGTAGA,0,2922906
ompRp4,0.07692307692307693,12,12,AAATAAGGTCTGGTCGGAAA,0,2921535
ompRp4,0.07692307692307693,12,12,AAAGACGCTCGTTGGGCGGC,0,2914192
ompRp4,0.07692307692307693,12,12,AAAACTGGTGGCTTGAACGG,0,2908889
ompRp4,0.08333333333333333,11,11,TTTCGGCTTAGGGTTTGGAG,0,2913463
ompRp4,0.08333333333333333,11,11,TTTCGACCTAATTGTGTTTT,0,2936185
ompRp4,0.08333333333333333,11,11,TTGTTACCAGGTGTTGATCG,0,2932065
ompRp4,0.08333333333333333,11,11,TTGCGAACGTCCTTTATGTT,0,2912177
ompRp4,0.08333333333333333,11,11,TTGACGTTACTTTGTCCACT,0,2925261
ompRp4,0.08333333333333333,11,11,TTCTCTGTTCTCTAAATTAC,0,2931089
ompRp4,0.08333333333333333,11,11,TTCATTGGGAGCACCAAAAA,0,2937022
ompRp4,0.08333333333333333,11,11,TTCATCAGGGGGAGGAATCT,0,2931243
ompRp4,0.08333333333333333,11,11,TTATCCAAGAAGGCAGAGTG,0,2921344
ompRp4,0.08333333333333333,11,11,TTAGTGTTAACGTGAATGAA,0,2908427
ompRp4,0.08333333333333333,11,11,TTAGTAAAGTATCGTACGGT,0,2909211
ompRp4,0.08333333333333333,11,11,TTACCGGGAAAAAGGTTATA,0,2923159
ompRp4,0.08333333333333333,11,11,TTAAGTCTTTGTTATCGTAT,0,2935125
ompRp4,0.08333333333333333,11,11,TGTTTTGTCCACACCTAATG,0,2910136
ompRp4,0.08333333333333333,11,11,TGGGTAACAGACGTCTAGGC,0,2923541
ompRp4,0.08333333333333333,11,11,TGGGCTTCTTATAAATATGT,0,2912187
ompRp4,0.08333333333333333,11,11,TGCCCTACAGGCCGTTCACT,0,2916694
ompRp4,0.08333333333333333,11,11,TGACGCCCCCGACTCAAAGA,0,2928957
ompRp4,0.08333333333333333,11,11,TGACGAAAGTATGTGTCGGT,0,2930648
ompRp4,0.08333333333333333,11,11,TCGTACTCTATCCCCGTCTC,0,2927150
ompRp4,0.08333333333333333,11,11,TCGGAACTAGGACGTCTGCA,0,2907926
ompRp4,0.08333333333333333,11,11,TCCGTTGGTCTTCCGTACAG,0,2916462
ompRp4,0.08333333333333333,11,11,TCCCGGCTTGCAACCCGCGC,0,2935517
ompRp4,0.08333333333333333,11,11,TCCACTTGTCGTCAACGAGT,0,2926529
ompRp4,0.08333333333333333,11,11,TCATGCCCAGTTTGCACATC,0,2931153
ompRp4,0.08333333333333333,11,11,TCACGGGGGATATTCCAAAT,0,2918206
ompRp4,0.08333333333333333,11,11,TCAAAGCGTATGCGTTTGTG,0,2908719
ompRp4,0.08333333333333333,11,11,TATTGCCGTAGTTGCTTACC,0,2911335
ompRp4,0.08333333333333333,11,11,TATGCTGCGTTAGTCTAATT,0,2925768
ompRp4,0.08333333333333333,11,11,TATCCGACAGGTTCTCTATG,0,2911472
ompRp4,0.08333333333333333,11,11,TATCATCCAATATAAGCGTC,0,2917930
ompRp4,0.08333333333333333,11,11,TAGGCAAACGGTTGGCGAAA,0,2916297
ompRp4,0.08333333333333333,11,11,TAGCTGAAATATATGAGGAG,0,2924927
ompRp4,0.08333333333333333,11,11,TAGAGACTAGATAGCTACTC,0,2917128
ompRp4,0.08333333333333333,11,11,TAGACATGATGATCCGCTCC,0,2918341
ompRp4,0.08333333333333333,11,11,TACTTTTGGCCGCGGGATGC,0,2929366
ompRp4,0.08333333333333333,11,11,TACTGAAGGACTTACCTGAG,0,2909480
ompRp4,0.08333333333333333,11,11,TACCCATCATATTAGTTTTG,0,2908830
ompRp4,0.08333333333333333,11,11,TAAGTGCGGCCGCCCAGGTG,0,2932760
ompRp4,0.08333333333333333,11,11,TAAGCACTTCGTATAATTCA,0,2926028
ompRp4,0.08333333333333333,11,11,TAACCTGTGATAGATCTGTG,0,2933520
ompRp4,0.08333333333333333,11,11,GTTGGGTCCACACCTTATTG,0,2916961
ompRp4,0.08333333333333333,11,11,GTTGCATAGTACGATACGTG,0,2911891
ompRp4,0.08333333333333333,11,11,GTTCGGACACGATGACAGTA,0,2909578
ompRp4,0.08333333333333333,11,11,GTTATTAGGACTACGAGACA,0,2924948
ompRp4,0.08333333333333333,11,11,GTTAGTTTTCGCCGCGCCTA,0,2907755
ompRp4,0.08333333333333333,11,11,GTTAGTCGCAGGCCTCAAAG,0,2920049
ompRp4,0.08333333333333333,11,11,GTTAGGATACCGGGTGCTAC,0,2917463
ompRp4,0.08333333333333333,11,11,GTGTCCTAAACACTCGTACT,0,2907758
ompRp4,0.08333333333333333,11,11,GTGGTTGTATTCGTACAGGG,0,2920839
ompRp4,0.08333333333333333,11,11,GTCGAGTATTACCGTGCTCA,0,2928813
ompRp4,0.08333333333333333,11,11,GTCCGTACTTTAGTGATGGA,0,2936967
ompRp4,0.08333333333333333,11,11,GTATTCTAAAAGGCGACTCA,0,2915931
ompRp4,0.08333333333333333,11,11,GTATGTCTGTAGAGGCCTTT,0,2935025
ompRp4,0.08333333333333333,11,11,GTAGGTTTTCGGACAGTTAC,0,2910569
ompRp4,0.08333333333333333,11,11,GTACGGACCCACACGCGGAG,0,2921008
ompRp4,0.08333333333333333,11,11,GGTTTGACAACCCGCCTTGA,0,2928560
ompRp4,0.08333333333333333,11,11,GGTGTGTACTTTTCTGCCAG,0,2936445
ompRp4,0.08333333333333333,11,11,GGTGTACTTTTAGCAGAGTC,0,2927715
ompRp4,0.08333333333333333,11,11,GGTGGAACGAAGGATCCTTA,0,2932877
ompRp4,0.08333333333333333,11,11,GGTAGCGAGCAATCTGGAAA,0,2913456
ompRp4,0.08333333333333333,11,11,GGGTATGCTAAGTGGGTTGT,0,2936541
ompRp4,0.08333333333333333,11,11,GGGGTCATGACTGGTACGGT,0,2933116
ompRp4,0.08333333333333333,11,11,GGCGGCGGTGGCAAGGGCTC,0,2926259
ompRp4,0.08333333333333333,11,11,GGCCAAGGCATTGAGGAATG,0,2911740
ompRp4,0.08333333333333333,11,11,GGAGAGCCCCGTGAACCTTT,0,2908543
ompRp4,0.08333333333333333,11,11,GGACGGGGATTGTTAAGCGC,0,2922284
ompRp4,0.08333333333333333,11,11,GGAACAGATGGCTCTATGGC,0,2921840
ompRp4,0.08333333333333333,11,11,GCTCATTGGGGATATCAGAT,0,2910010
ompRp4,0.08333333333333333,11,11,GCTATCCTGTCCGATTAGAT,0,2928565
ompRp4,0.08333333333333333,11,11,GCTACACATGTCCTCGCGCC,0,2928208
ompRp4,0.08333333333333333,11,11,GCGGTGACAGGCTGGCGCAG,0,2918834
ompRp4,0.08333333333333333,11,11,GCGGATGAATAACTCACTCT,0,2913924
ompRp4,0.08333333333333333,11,11,GCGCCAAGCCGAGTTACCGA,0,2932619
ompRp4,0.08333333333333333,11,11,GCGAGGGCTTATATTGGCAA,0,2910541
ompRp4,0.08333333333333333,11,11,GCGAATGGTGAAATGGCCTT,0,2918326
ompRp4,0.08333333333333333,11,11,GCCCTGTATGGATAACTTTC,0,2923758
ompRp4,0.08333333333333333,11,11,GCCAGATCGTGGTTTGGCGC,0,2913753
ompRp4,0.08333333333333333,11,11,GCATACCCTCGCTGGGTTTC,0,2916387
ompRp4,0.08333333333333333,11,11,GCAGATACTAGGTAACGTGT,0,2910189
ompRp4,0.08333333333333333,11,11,GCACTGTCACCGTCTTGGTT,0,2929349
ompRp4,0.08333333333333333,11,11,GCAATTGATCGTCATGCTTC,0,2924450
ompRp4,0.08333333333333333,11,11,GATGTGTGACACTAACGCGT,0,2909380
ompRp4,0.08333333333333333,11,11,GATGTATGTTCCATTCTCCA,0,2932241
ompRp4,0.08333333333333333,11,11,GATGAGGACTTACTGCCGGT,0,2926413
ompRp4,0.08333333333333333,11,11,GATCGAGTATACTGGGCGCT,0,2920025
ompRp4,0.08333333333333333,11,11,GATAACAGGCGCGGTAACTG,0,2912763
ompRp4,0.08333333333333333,11,11,GAGTGCCACGCTTCAGACGA,0,2921885
ompRp4,0.08333333333333333,11,11,GAGGTTCCTCGTGGTCAACG,0,2921087
ompRp4,0.08333333333333333,11,11,GAGCTAGTAGCGTATGAAGA,0,2938209
ompRp4,0.08333333333333333,11,11,GACTCGGGATGGCATGGGCA,0,2923079
ompRp4,0.08333333333333333,11,11,GAACAAGGGAGAACTAGAGC,0,2908162
ompRp4,0.08333333333333333,11,11,CTTTCCTACGTTAAGTAAGT,0,2925179
ompRp4,0.08333333333333333,11,11,CTTTAGCGCCCCGTACACTT,0,2926888
ompRp4,0.08333333333333333,11,11,CTTCCTAGCTACCTGGAGAG,0,2913784
ompRp4,0.08333333333333333,11,11,CTTATTGACACCAGCAGAAG,0,2915028
ompRp4,0.08333333333333333,11,11,CTGTTGCCCATGGTCGTAAT,0,2912360
ompRp4,0.08333333333333333,11,11,CTGTTGCAATGTTGATCAGC,0,2927839
ompRp4,0.08333333333333333,11,11,CTGCTCTTTCATTAGAGACG,0,2932811
ompRp4,0.08333333333333333,11,11,CTGCCTAATGCGCTGGGGAA,0,2917241
ompRp4,0.08333333333333333,11,11,CTCTACGCCCATTCCTACGC,0,2930427
ompRp4,0.08333333333333333,11,11,CTCGGGGTTCGCCGGGGCAG,0,2912375
ompRp4,0.08333333333333333,11,11,CTCAATCACTATATAGAAGG,0,2908625
ompRp4,0.08333333333333333,11,11,CTATGGGGGGGCAGGCCTAA,0,2922562
ompRp4,0.08333333333333333,11,11,CTAATGGTAAAAGCCGTCAA,0,2921118
ompRp4,0.08333333333333333,11,11,CTAAAGTACGGTATAGTCAA,0,2936934
ompRp4,0.08333333333333333,11,11,CGTTGTACAGGCTGTACCGC,0,2918613
ompRp4,0.08333333333333333,11,11,CGTTCCGTTTTGGGTTTATC,0,2920133
ompRp4,0.08333333333333333,11,11,CGTTAAGAGCGGGAAGTGCA,0,2925470
ompRp4,0.08333333333333333,11,11,CGTGGTTTAATATCGTTTTT,0,2937146
ompRp4,0.08333333333333333,11,11,CGTGGGCAGTCTCTGGAACC,0,2923885
ompRp4,0.08333333333333333,11,11,CGTGAAACACGGGGGCAGAT,0,2918295
ompRp4,0.08333333333333333,11,11,CGTCCGAGCCAGTACCAGCA,0,2936640
ompRp4,0.08333333333333333,11,11,CGTCAGGAGGAATAAACTGA,0,2931255
ompRp4,0.08333333333333333,11,11,CGTATCATTACAACAGTCCT,0,2933919
ompRp4,0.08333333333333333,11,11,CGTACGCAGGGGTCCCGCAA,0,2921607
ompRp4,0.08333333333333333,11,11,CGGGGTCTGCATTGTAGGCG,0,2918118
ompRp4,0.08333333333333333,11,11,CGGGCAGAACTCCCATATTT,0,2908087
ompRp4,0.08333333333333333,11,11,CGGGATTCGTATCACTCCCC,0,2915076
ompRp4,0.08333333333333333,11,11,CGGCGTAATCCCATATGTGT,0,2930442
ompRp4,0.08333333333333333,11,11,CGGCCACCGGTTGGAGGATA,0,2920460
ompRp4,0.08333333333333333,11,11,CGCGGCTGGACCGGCTGCAG,0,2925150
ompRp4,0.08333333333333333,11,11,CGATCAAAGTTACTACCAAC,0,2910417
ompRp4,0.08333333333333333,11,11,CGACATGGCTCGGGGTCATC,0,2926318
ompRp4,0.08333333333333333,11,11,CCTTTACCTTCGACAAGTAT,0,2910300
ompRp4,0.08333333333333333,11,11,CCTGAACCGCGAGGGCTACC,0,2931067
ompRp4,0.08333333333333333,11,11,CCTCCGGCTTTGTCTTGCAT,0,2934827
ompRp4,0.08333333333333333,11,11,CCTCCGGAGTCCAAAACAAC,0,2918886
ompRp4,0.08333333333333333,11,11,CCTAGGTCTACGACATTATG,0,2924683
ompRp4,0.08333333333333333,11,11,CCTAGGGTACGGATTGCATG,0,2913951
ompRp4,0.08333333333333333,11,11,CCTAACCTTTGTAAGCGGGA,0,2931845
ompRp4,0.08333333333333333,11,11,CCGTCAAATTCGGTTGGGGT,0,2926921
ompRp4,0.08333333333333333,11,11,CCGCGCGTCAGAGGCCCTTC,0,2910137
ompRp4,0.08333333333333333,11,11,CCCAAGTTGTGCTAGCTACG,0,2929001
ompRp4,0.08333333333333333,11,11,CCATCCGCTGATACTACAAA,0,2912461
ompRp4,0.08333333333333333,11,11,CATTCGCCGAACAGATCATT,0,2927225
ompRp4,0.08333333333333333,11,11,CAGTGGACCGGGCACTCACG,0,2937147
ompRp4,0.08333333333333333,11,11,CAGTCCCGAAGGTTAAACCG,0,2919711
ompRp4,0.08333333333333333,11,11,CAGTCAGGACAATTGTTACC,0,2918121
ompRp4,0.08333333333333333,11,11,CACGGTCTCCCGTAAATCCC,0,2928691
ompRp4,0.08333333333333333,11,11,CACCCCGGCGCCGTTAGTGC,0,2923689
ompRp4,0.08333333333333333,11,11,CACCAGATCAGTAATTAAAG,0,2926303
ompRp4,0.08333333333333333,11,11,CACCACTACCATCAGGGTTT,0,2907698
ompRp4,0.08333333333333333,11,11,CACATGGGGCCGCAAATGAG,0,2910532
ompRp4,0.08333333333333333,11,11,CACATCTCGCGATTTAAGTC,0,2910698
ompRp4,0.08333333333333333,11,11,CAATATCATAGTAAGATCGC,0,2918382
ompRp4,0.08333333333333333,11,11,ATTTAGGATTCTAGATCGAG,0,2915736
ompRp4,0.08333333333333333,11,11,ATTCTGTTAAGCGTGCAGTA,0,2914613
ompRp4,0.08333333333333333,11,11,ATTCGACTGGGATAGCACTA,0,2931865
ompRp4,0.08333333333333333,11,11,ATTATCAGGTCCCTAATTAC,0,2927976
ompRp4,0.08333333333333333,11,11,ATTAGCCTGAATGTGCGGAT,0,2912556
ompRp4,0.08333333333333333,11,11,ATGTAAACGTCGCTCGCTAA,0,2927287
ompRp4,0.08333333333333333,11,11,ATGCAAACCCCTTCAAAATG,0,2911962
ompRp4,0.08333333333333333,11,11,ATGACGGGCCTTATTCCGGG,0,2934305
ompRp4,0.08333333333333333,11,11,ATCATAGTTTTTACATGAGT,0,2926483
ompRp4,0.08333333333333333,11,11,ATATTCACTTACGAGATCGG,0,2910460
ompRp4,0.08333333333333333,11,11,ATAGCCACATTATGTAGACG,0,2927708
ompRp4,0.08333333333333333,11,11,ATAGAGAAGCAAGGGCCGAG,0,2912249
ompRp4,0.08333333333333333,11,11,ATACGCTGGGACGGAGAGTG,0,2931042
ompRp4,0.08333333333333333,11,11,AGGTCTTTGAATTACCACCT,0,2922471
ompRp4,0.08333333333333333,11,11,AGGTAATCCGTCTTTCGGAT,0,2931097
ompRp4,0.08333333333333333,11,11,AGGGTGTCACGGCCTAATGT,0,2929482
ompRp4,0.08333333333333333,11,11,AGGCTCGTATGGTCCCCGAG,0,2928347
ompRp4,0.08333333333333333,11,11,AGGAGTTTGGGGGTGTTTCG,0,2908420
ompRp4,0.08333333333333333,11,11,AGGACGTACTGCCCCGCTTA,0,2917726
ompRp4,0.08333333333333333,11,11,AGCGGTCTCTCGAAGGCAGC,0,2916349
ompRp4,0.08333333333333333,11,11,AGCCTGGGTTTGCATGTTAA,0,2910413
ompRp4,0.08333333333333333,11,11,AGCATTATTTAACGGGGTCT,0,2918862
ompRp4,0.08333333333333333,11,11,AGATCTGGACAATGATATAG,0,2936571
ompRp4,0.08333333333333333,11,11,AGAGATCAGAGTGCCTTAGT,0,2934707
ompRp4,0.08333333333333333,11,11,AGAAGCGGCCCGTTTTCTGT,0,2921093
ompRp4,0.08333333333333333,11,11,ACTTTGAGCACTGATCATCG,0,2927137
ompRp4,0.08333333333333333,11,11,ACTTTCGTATAAATCCAAAG,0,2927608
ompRp4,0.08333333333333333,11,11,ACTCCGCATAACGTAGTCCA,0,2928548
ompRp4,0.08333333333333333,11,11,ACTATCACGAACGATTCAGC,0,2918001
ompRp4,0.08333333333333333,11,11,ACGGTGCGACATGGACCAGG,0,2922175
ompRp4,0.08333333333333333,11,11,ACGACAATGCCAGTTTGGCT,0,2938113
ompRp4,0.08333333333333333,11,11,ACCTCATCTATTTATCGCTT,0,2910439
ompRp4,0.08333333333333333,11,11,ACCGATTTATCCGCTATGAA,0,2923086
ompRp4,0.08333333333333333,11,11,ACCGACACCCCGGCACGGGG,0,2925693
ompRp4,0.08333333333333333,11,11,ACCCTCCGGCCTATAGAAAG,0,2938117
ompRp4,0.08333333333333333,11,11,ACCAACAACGATGGTCTCCA,0,2922426
ompRp4,0.08333333333333333,11,11,ACACTGAGGCCTGTTTCTAA,0,2921502
ompRp4,0.08333333333333333,11,11,AATGGCGGCCATGATAGAGA,0,2913972
ompRp4,0.08333333333333333,11,11,AATCAGCACGAGCTAATGGT,0,2910726
ompRp4,0.08333333333333333,11,11,AATAATCACTCGACGCCAAT,0,2918084
ompRp4,0.08333333333333333,11,11,AATAAATTTCAATACCATAG,0,2918268
ompRp4,0.08333333333333333,11,11,AAGGCGCTTAATTGAAGTGT,0,2923705
ompRp4,0.08333333333333333,11,11,AACGAAAGGAGTGGAAGTGA,0,2916821
ompRp4,0.08333333333333333,11,11,AACCCGGATCTCCCACTAAC,0,2926077
ompRp4,0.08333333333333333,11,11,AAATTAACGCTCACTCTCTG,0,2922640
ompRp4,0.08333333333333333,11,11,AAAGTACGCTAGCACGCTCC,0,2928400
ompRp4,0.08333333333333333,11,11,AAACGTGACCGCGTTGGGGC,0,2923353
ompRp4,0.08333333333333333,11,11,AAACAGATAAACGTATCAGG,0,2927395
ompRp4,0.08333333333333333,11,11,AAAAGCCTCGGCGAAACAGG,0,2912424
ompRp4,0.09090909090909091,10,10,TTTTGCCCGATATGGTAAAA,0,2912513
ompRp4,0.09090909090909091,10,10,TTTTAATGGGAAACAGTACG,0,2922503
ompRp4,0.09090909090909091,10,10,TTTGCGTCTTCGAAGGGGTA,0,2926087
ompRp4,0.09090909090909091,10,10,TTTCTAAGACTCCCGGAATC,0,2937774
ompRp4,0.09090909090909091,10,10,TTTCCTGTCTGATGCACACG,0,2938190
ompRp4,0.09090909090909091,10,10,TTGTACCGGAAAGTGGTGCA,0,2907892
ompRp4,0.09090909090909091,10,10,TTGGTAATCGAATTTATTGA,0,2920414
ompRp4,0.09090909090909091,10,10,TTGGGTAGCTGTGAAGCGAG,0,2920859
ompRp4,0.09090909090909091,10,10,TTGCCCCTAAATTCTGCATG,0,2930062
ompRp4,0.09090909090909091,10,10,TTGAGAAGAAAGCAGTGTAA,0,2929534
ompRp4,0.09090909090909091,10,10,TTCTGCAAGCACAAAACGTA,0,2927964
ompRp4,0.09090909090909091,10,10,TTCTACTAATCGAGAAAGCG,0,2934042
ompRp4,0.09090909090909091,10,10,TTCGTGTCATGATCCGGAAA,0,2918830
ompRp4,0.09090909090909091,10,10,TTCGACATTGAGCTTGCACA,0,2912929
ompRp4,0.09090909090909091,10,10,TTATCGATTGACGTCAGTGT,0,2923942
ompRp4,0.09090909090909091,10,10,TTATATTATCCCTACGGAGC,0,2931436
ompRp4,0.09090909090909091,10,10,TTACTTAGTTCGTGCACGTC,0,2916169
ompRp4,0.09090909090909091,10,10,TTACATCAGATGCATGAGGC,0,2909951
ompRp4,0.09090909090909091,10,10,TTAAGCTGACTATCCGGAGG,0,2918429
ompRp4,0.09090909090909091,10,10,TGGTATCCTGCTAGCCTCGT,0,2920955
ompRp4,0.09090909090909091,10,10,TGGGGCCAGCGTTCATGCAA,0,2929353
ompRp4,0.09090909090909091,10,10,TGGAACACACTATGTAACGC,0,2929042
ompRp4,0.09090909090909091,10,10,TGCTCTATTTACCACTCAAA,0,2912346
ompRp4,0.09090909090909091,10,10,TGCGCCACGTGCGCCCCATG,0,2917829
ompRp4,0.09090909090909091,10,10,TGCCCGTGTGCGCTAATTTT,0,2912376
ompRp4,0.09090909090909091,10,10,TGCAGGGGAGCCGAGTATAA,0,2937286
ompRp4,0.09090909090909091,10,10,TGATCGCAGGGGATGCTAGA,0,2918303
ompRp4,0.09090909090909091,10,10,TGACGATGAGATTCCAGGAT,0,2912784
ompRp4,0.09090909090909091,10,10,TGAATCGGATGGATCAGATT,0,2922359
ompRp4,0.09090909090909091,10,10,TCTTAGCGACCGGAATATAC,0,2916209
ompRp4,0.09090909090909091,10,10,TCTGGCTGTGATCCCATACA,0,2923073
ompRp4,0.09090909090909091,10,10,TCGGGCGCAAAGAATATCAT,0,2926193
ompRp4,0.09090909090909091,10,10,TCGCGGGTCTGCCAGACAGA,0,2925689
ompRp4,0.09090909090909091,10,10,TCGAGGAAGGATATACGCCT,0,2930184
ompRp4,0.09090909090909091,10,10,TCGACGGCCACGGGATTCAC,0,2931464
ompRp4,0.09090909090909091,10,10,TCCTCGAAGAGCTCGCGAGG,0,2931840
ompRp4,0.09090909090909091,10,10,TCCATCAATCACACTCTGTA,0,2934205
ompRp4,0.09090909090909091,10,10,TCCAATGGTCAGTGCTTTGT,0,2922754
ompRp4,0.09090909090909091,10,10,TCCAAGGGGATGAACGCATG,0,2925468
ompRp4,0.09090909090909091,10,10,TCAGTTACATAAGAAGTGGG,0,2915514
ompRp4,0.09090909090909091,10,10,TCACGTGCATAGTTACTTGG,0,2913307
ompRp4,0.09090909090909091,10,10,TATAGCCGCTTTAAAGTTCC,0,2912443
ompRp4,0.09090909090909091,10,10,TAGGGTGTGTGGGGCACAAT,0,2928717
ompRp4,0.09090909090909091,10,10,TAGCGGAACCCCCATTGGTT,0,2930322
ompRp4,0.09090909090909091,10,10,TAGCCACGGTTAGCTTCAAG,0,2936125
ompRp4,0.09090909090909091,10,10,TAGACCTAAGAGTCTCAATC,0,2916291
ompRp4,0.09090909090909091,10,10,TACCAGCTGGAGAGCTCGCC,0,2929275
ompRp4,0.09090909090909091,10,10,TACACTGGGGAGGAGGTTGT,0,2923481
ompRp4,0.09090909090909091,10,10,TACACAACACGAAAAATCTA,0,2927936
ompRp4,0.09090909090909091,10,10,TAATGGGGATAGCTGGCCGT,0,2913174
ompRp4,0.09090909090909091,10,10,TAATAGGCTAGGCGCGCGGA,0,2911008
ompRp4,0.09090909090909091,10,10,TAACTCTCACGAGTGCGCCC,0,2921316
ompRp4,0.09090909090909091,10,10,TAACTATGCATGATATCGTG,0,2915141
ompRp4,0.09090909090909091,10,10,GTTTTTGTTTTAGTAGGCGA,0,2929699
ompRp4,0.09090909090909091,10,10,GTGTCCATAGCGAGTAGTCA,0,2925304
ompRp4,0.09090909090909091,10,10,GTGTACGCAGGGTTCTTTAG,0,2929967
ompRp4,0.09090909090909091,10,10,GTGCTGTGTACGAACTTGCT,0,2925259
ompRp4,0.09090909090909091,10,10,GTCGGCCGACCCCCGGGGTA,0,2908763
ompRp4,0.09090909090909091,10,10,GTCCTCGGCCGGAGCCGGCG,0,2928124
ompRp4,0.09090909090909091,10,10,GTCATGCCTATCATATCTCC,0,2925246
ompRp4,0.09090909090909091,10,10,GTAGCTAAGTCAAGGTGTAG,0,2921916
ompRp4,0.09090909090909091,10,10,GTAACGCGTACTCGCCTCCT,0,2910221
ompRp4,0.09090909090909091,10,10,GTAACAGCCGCTTTCACAAA,0,2923590
ompRp4,0.09090909090909091,10,10,GGTTCGCTATCGTAATTTTG,0,2911184
ompRp4,0.09090909090909091,10,10,GGTTCCCGTTAATCTTCGGA,0,2934918
ompRp4,0.09090909090909091,10,10,GGTGAATGCGGCGAACCGCT,0,2926003
ompRp4,0.09090909090909091,10,10,GGTCCATCCGGATGGAATAC,0,2929686
ompRp4,0.09090909090909091,10,10,GGGTACTTTACGCATCGAAA,0,2919122
ompRp4,0.09090909090909091,10,10,GGGACGGAAGCTGATGATTA,0,2930295
ompRp4,0.09090909090909091,10,10,GGCTCACTTAAGTGGCGATC,0,2917346
ompRp4,0.09090909090909091,10,10,GGCGTTCTCCCGTAGGAACG,0,2928228
ompRp4,0.09090909090909091,10,10,GGCGTATCCATTTCGGAGCC,0,2914580
ompRp4,0.09090909090909091,10,10,GGCGCAGACATCAGCAGATC,0,2916593
ompRp4,0.09090909090909091,10,10,GGATGAACAGCGTTCCATGA,0,2917470
ompRp4,0.09090909090909091,10,10,GGATCAGAAACGTTGGAAGT,0,2913894
ompRp4,0.09090909090909091,10,10,GGAGTGGCCGCGCCACGTTA,0,2928063
ompRp4,0.09090909090909091,10,10,GGAAAGTGGGATCGATTTGA,0,2915787
ompRp4,0.09090909090909091,10,10,GCTGCGTCAGCATATGTATG,0,2932654
ompRp4,0.09090909090909091,10,10,GCTGATATAGAGCACGGTTG,0,2931599
ompRp4,0.09090909090909091,10,10,GCTCGACTCGGCACCGAGCT,0,2912684
ompRp4,0.09090909090909091,10,10,GCGGCAATCCACTTGCCATA,0,2934376
ompRp4,0.09090909090909091,10,10,GCGGATTTTTGCAGGTTAGG,0,2923908
ompRp4,0.09090909090909091,10,10,GCGCCTGCTACTGACATGCC,0,2914217
ompRp4,0.09090909090909091,10,10,GCCTGCAAATCGTTCAATCG,0,2915133
ompRp4,0.09090909090909091,10,10,GCCTATCGGAAATATAAGCT,0,2921767
ompRp4,0.09090909090909091,10,10,GCCCTGGAATAGGTGGCTTG,0,2933787
ompRp4,0.09090909090909091,10,10,GCCCACAGTGCAGTGTCAGA,0,2929601
ompRp4,0.09090909090909091,10,10,GCCACGTTGTCTCTGCTGCA,0,2909131
ompRp4,0.09090909090909091,10,10,GCAGTCGCTTCCGCCACGAC,0,2933762
ompRp4,0.09090909090909091,10,10,GCAGCATGGGAGGAACTTTT,0,2934537
ompRp4,0.09090909090909091,10,10,GCACTCTCGTGAAGAAAAAA,0,2925121
ompRp4,0.09090909090909091,10,10,GCAAGTGCTGGCAATATGCC,0,2921631
ompRp4,0.09090909090909091,10,10,GATGTTATTACGTTACGCGC,0,2930587
ompRp4,0.09090909090909091,10,10,GATGGCTGACGGAACGTCGT,0,2914837
ompRp4,0.09090909090909091,10,10,GATGGCCCAAGACTCCCGTA,0,2934662
ompRp4,0.09090909090909091,10,10,GATGCCGGTAACTTCCCAGC,0,2921877
ompRp4,0.09090909090909091,10,10,GATATTTGGTCGATATTGGT,0,2914932
ompRp4,0.09090909090909091,10,10,GAGTCCATCTGCTGCACAAA,0,2908595
ompRp4,0.09090909090909091,10,10,GAGGTAAATAAGAGTCATTA,0,2932571
ompRp4,0.09090909090909091,10,10,GAGGGAGAGTAAAGCCGGTT,0,2935123
ompRp4,0.09090909090909091,10,10,GAGCTAACGTGTACTTTCTT,0,2908163
ompRp4,0.09090909090909091,10,10,GACTGAAGCGCCACCTGGAT,0,2924162
ompRp4,0.09090909090909091,10,10,GACTCAACACGATAGGCCCA,0,2936976
ompRp4,0.09090909090909091,10,10,GACAGGGGCTTAGGAGGACT,0,2930097
ompRp4,0.09090909090909091,10,10,GAATGTTTCGGGTGCCCCGG,0,2927623
ompRp4,0.09090909090909091,10,10,GAAGTCGTAAGAGACATCTT,0,2924115
ompRp4,0.09090909090909091,10,10,GAAGGCGGCAACAGGAGCCG,0,2918097
ompRp4,0.09090909090909091,10,10,GAAGCGTATAGCCGCTACAG,0,2917887
ompRp4,0.09090909090909091,10,10,GAAAGGCAAGACAGCGGGCA,0,2928593
ompRp4,0.09090909090909091,10,10,CTTGGTACATACCCTTCGCA,0,2925906
ompRp4,0.09090909090909091,10,10,CTTGGGTGTAAAAGTAAAAG,0,2927538
ompRp4,0.09090909090909091,10,10,CTCGTGTTGTTTTGGGTTTG,0,2931813
ompRp4,0.09090909090909091,10,10,CTCGGGCTTGGGCTTACAAT,0,2912421
ompRp4,0.09090909090909091,10,10,CTCGAAATGTGTACCATCAG,0,2936455
ompRp4,0.09090909090909091,10,10,CTCAGACTTGCTGAGCCGGA,0,2919744
ompRp4,0.09090909090909091,10,10,CTCAATTACTGGTAGGAAAA,0,2927240
ompRp4,0.09090909090909091,10,10,CTATTTATTCCTGAAACAGG,0,2909437
ompRp4,0.09090909090909091,10,10,CTAGGGACGTTTTTGCATCG,0,2929508
ompRp4,0.09090909090909091,10,10,CTAGGCTTTGTTTAGCCACA,0,2915071
ompRp4,0.09090909090909091,10,10,CTAACTCGTCTGTTCTTGGG,0,2920933
ompRp4,0.09090909090909091,10,10,CGTCATGATTGCGGCTTCCA,0,2914261
ompRp4,0.09090909090909091,10,10,CGTAGTCTGCGCCTTAGCGA,0,2918215
ompRp4,0.09090909090909091,10,10,CGTAGTCTCTGCGTAAGGGT,0,2930328
ompRp4,0.09090909090909091,10,10,CGGTTGCCTGGCCCGTGTCG,0,2918056
ompRp4,0.09090909090909091,10,10,CGGCGAGCTTGTTTATAACT,0,2912237
ompRp4,0.09090909090909091,10,10,CGCGGCATGCCGTAGCGGCA,0,2913932
ompRp4,0.09090909090909091,10,10,CGCCTCTCTATCTACTTGAG,0,2926432
ompRp4,0.09090909090909091,10,10,CGCAGATATGACGGAGCTAT,0,2922955
ompRp4,0.09090909090909091,10,10,CGCACGCCTCTTATAGGGTC,0,2937746
ompRp4,0.09090909090909091,10,10,CGATTTATATTTCATCTTAA,0,2927132
ompRp4,0.09090909090909091,10,10,CGATGCAAAGTCTTCCCGTC,0,2926551
ompRp4,0.09090909090909091,10,10,CGATCGGCCAACTCCCATTG,0,2918686
ompRp4,0.09090909090909091,10,10,CCTGTCTGATATGTTAAGTG,0,2912174
ompRp4,0.09090909090909091,10,10,CCTGCCTGCGGTACGATACA,0,2922256
ompRp4,0.09090909090909091,10,10,CCTGACCTCCGGTAGCGTCT,0,2916285
ompRp4,0.09090909090909091,10,10,CCTCCCGGGTCGGTAGAGGG,0,2913991
ompRp4,0.09090909090909091,10,10,CCGTTAAGTACCGCGGACAA,0,2926400
ompRp4,0.09090909090909091,10,10,CCGTCCCCGTACGCTCAGCG,0,2917968
ompRp4,0.09090909090909091,10,10,CCGGATGTGTCGCACTGTTT,0,2924759
ompRp4,0.09090909090909091,10,10,CCGGACCGACAACATGTTGC,0,2915551
ompRp4,0.09090909090909091,10,10,CCCTGTAAGTCTTACATTCA,0,2924495
ompRp4,0.09090909090909091,10,10,CCCATATCCCTTGCTCTTCT,0,2915259
ompRp4,0.09090909090909091,10,10,CCCACAGAGTACTCTCCTAT,0,2925650
ompRp4,0.09090909090909091,10,10,CCATCAGCCGCACAACAACT,0,2921629
ompRp4,0.09090909090909091,10,10,CCAGGAAAGTAGACCCCCAC,0,2913925
ompRp4,0.09090909090909091,10,10,CCAAGGGTGCGACGTTGCGA,0,2926285
ompRp4,0.09090909090909091,10,10,CATTCCAGTTCATCGTTCCC,0,2908624
ompRp4,0.09090909090909091,10,10,CATAACTTTCTCTGGACGTT,0,2937820
ompRp4,0.09090909090909091,10,10,CATAAAAATAAATTATCACG,0,2916494
ompRp4,0.09090909090909091,10,10,CAGTTATGAACTGGACATTG,0,2924089
ompRp4,0.09090909090909091,10,10,CAGTCTAAGTCCATTGGGTC,0,2917312
ompRp4,0.09090909090909091,10,10,CAGTATGGACTCCGCGGTTT,0,2921152
ompRp4,0.09090909090909091,10,10,CAGGACATGAAGCTTTACGA,0,2915642
ompRp4,0.09090909090909091,10,10,CAGCTATTACAGAGCGTCGC,0,2915713
ompRp4,0.09090909090909091,10,10,CAGCACGGAAGGCACTTGAC,0,2919927
ompRp4,0.09090909090909091,10,10,CAGAAAACTCCCTGGAAAGG,0,2914877
ompRp4,0.09090909090909091,10,10,CACGTTTAGACTAGCAATGT,0,2917171
ompRp4,0.09090909090909091,10,10,CACGGGTGATAGAACCGACT,0,2911632
ompRp4,0.09090909090909091,10,10,CACCTAGTTATTTCTCATAT,0,2928424
ompRp4,0.09090909090909091,10,10,CACCGGACGGCATGATGATT,0,2910935
ompRp4,0.09090909090909091,10,10,CACCAGTGTATCCACACGTT,0,2908078
ompRp4,0.09090909090909091,10,10,CACAGTCCAGCCGAAGGTCT,0,2922926
ompRp4,0.09090909090909091,10,10,CAATTTGGCTGAACCGCGCT,0,2937332
ompRp4,0.09090909090909091,10,10,CAATCTGGAGGTTGCTGATG,0,2937191
ompRp4,0.09090909090909091,10,10,CAATAAAAAATAGGTGCTTC,0,2927361
ompRp4,0.09090909090909091,10,10,CAAGGCATCCGTATGAATGA,0,2936961
ompRp4,0.09090909090909091,10,10,CAAGCATAGGCAGACACTGG,0,2921417
ompRp4,0.09090909090909091,10,10,CAACGGCGTGACGTCATTCA,0,2925430
ompRp4,0.09090909090909091,10,10,CAACCAGACGTTTATGCCCA,0,2937596
ompRp4,0.09090909090909091,10,10,CAAAACAAGTCCTTAAGGAA,0,2936712
ompRp4,0.09090909090909091,10,10,ATTTTAGTTGCCATCGTCAC,0,2910011
ompRp4,0.09090909090909091,10,10,ATTCGACTCACTTATCCACG,0,2928839
ompRp4,0.09090909090909091,10,10,ATTCACGAAGCAATGCATCT,0,2932524
ompRp4,0.09090909090909091,10,10,ATGTGTTTTAGGTCTTCACG,0,2934427
ompRp4,0.09090909090909091,10,10,ATGGTTCACGCTGGTATCAT,0,2913828
ompRp4,0.09090909090909091,10,10,ATGGCGTTAAAGATGGTAAC,0,2923599
ompRp4,0.09090909090909091,10,10,ATGGCGGTGTTAGAAAATCG,0,2915488
ompRp4,0.09090909090909091,10,10,ATCTTCAAGTTTCGAAGGGT,0,2932350
ompRp4,0.09090909090909091,10,10,ATCTGCTTGTCTTAGCCAGT,0,2913971
ompRp4,0.09090909090909091,10,10,ATCGTTCGTACCTTCGATGG,0,2925739
ompRp4,0.09090909090909091,10,10,ATCCTGTTCATCCGTCGCGA,0,2935336
ompRp4,0.09090909090909091,10,10,ATATCAGGTGTTTATAGGCC,0,2937574
ompRp4,0.09090909090909091,10,10,ATACCTCAGAGCCGTCACTG,0,2933980
ompRp4,0.09090909090909091,10,10,AGTTTTATTAACACTTCTTT,0,2938182
ompRp4,0.09090909090909091,10,10,AGTTGGAGTGAACGGTGCAG,0,2910892
ompRp4,0.09090909090909091,10,10,AGTGTCACCTAGAAGCCCAT,0,2922509
ompRp4,0.09090909090909091,10,10,AGTGGTGGTACCGCACTAGG,0,2935586
ompRp4,0.09090909090909091,10,10,AGTGGACTCCAGCCAATACA,0,2935109
ompRp4,0.09090909090909091,10,10,AGTCTTAAGATCACAGAGCA,0,2931344
ompRp4,0.09090909090909091,10,10,AGTACGATAAGACAGATCTG,0,2913440
ompRp4,0.09090909090909091,10,10,AGTAATAAGAACTTCGATCT,0,2931810
ompRp4,0.09090909090909091,10,10,AGGTCGAACCCAGCAACCCA,0,2938119
ompRp4,0.09090909090909091,10,10,AGGGTGTTGAACGAATTACC,0,2919201
ompRp4,0.09090909090909091,10,10,AGGGGGCTCACTAACATTTA,0,2913394
ompRp4,0.09090909090909091,10,10,AGCTTCGGTCCTCATGGGTT,0,2916446
ompRp4,0.09090909090909091,10,10,AGCCATGAAGCAGCAGAACA,0,2913973
ompRp4,0.09090909090909091,10,10,AGATCGTAAGCACTGTTCCA,0,2921529
ompRp4,0.09090909090909091,10,10,AGACTAGACTGGAATGCCAA,0,2928885
ompRp4,0.09090909090909091,10,10,AGACCCAGTGTAATTGCAGC,0,2923167
ompRp4,0.09090909090909091,10,10,ACTGGGGTAATCTACGCGTA,0,2908797
ompRp4,0.09090909090909091,10,10,ACGTTCTTTCTAGCTACTTC,0,2908716
ompRp4,0.09090909090909091,10,10,ACGTTCGGCCGTGATCCGTA,0,2922629
ompRp4,0.09090909090909091,10,10,ACGGATGATTCCTTGACAGT,0,2933984
ompRp4,0.09090909090909091,10,10,ACGGATCCGGCAGCCTATAT,0,2908505
ompRp4,0.09090909090909091,10,10,ACGCCCGGCGTGGGGAGGGA,0,2917622
ompRp4,0.09090909090909091,10,10,ACCTTTATGCCATTTGTTGA,0,2918969
ompRp4,0.09090909090909091,10,10,ACCTATCGAAACGTCTGGGT,0,2919049
ompRp4,0.09090909090909091,10,10,ACCGCGAAAAGGAGGGACCT,0,2925411
ompRp4,0.09090909090909091,10,10,ACATACAATAACTCGCTAGG,0,2919501
ompRp4,0.09090909090909091,10,10,ACACGCATGTCAGCTGAAAG,0,2914426
ompRp4,0.09090909090909091,10,10,ACACGCAGATTACAGCGGAC,0,2938239
ompRp4,0.09090909090909091,10,10,ACAAGTCAAAGATCTCAGAC,0,2929024
ompRp4,0.09090909090909091,10,10,AATGGAGGATTCTATCGTAA,0,2912983
ompRp4,0.09090909090909091,10,10,AATCTCGGAAATCGAAAGGC,0,2929236
ompRp4,0.09090909090909091,10,10,AATATACCAGCGAGCCGAGC,0,2911956
ompRp4,0.09090909090909091,10,10,AATAACTACGTGGGCTCTAT,0,2918042
ompRp4,0.09090909090909091,10,10,AAGTGAGGACCTCCTGTCCT,0,2924798
ompRp4,0.09090909090909091,10,10,AAGGTTATGTCCGCATCAGA,0,2917131
ompRp4,0.09090909090909091,10,10,AAGGACCTGTCTGGATAGCA,0,2915171
ompRp4,0.09090909090909091,10,10,AAGCGCTAATGTAGGACGGT,0,2933859
ompRp4,0.09090909090909091,10,10,AAGAATCACGGGGCTGGTCG,0,2912546
ompRp4,0.09090909090909091,10,10,AACTCAGGGACTCGATTGGT,0,2932032
ompRp4,0.09090909090909091,10,10,AAATGCCGTCCTGTGCGTAA,0,2929082
ompRp4,0.09090909090909091,10,10,AAAGGAACCGAATGATATGC,0,2934821
ompRp4,0.09090909090909091,10,10,AAACTTAGTACAGACGAAGT,0,2914272
ompRp4,0.1,9,9,TTTTCATATATGTTATCTCT,0,2935665
ompRp4,0.1,9,9,TTTTCAACGGGCCTAATTCA,0,2927866
ompRp4,0.1,9,9,TTTTAGCAGGTCGTCAATAA,0,2914930
ompRp4,0.1,9,9,TTTGCTAGCGGCAAAGTGGT,0,2918122
ompRp4,0.1,9,9,TTTGAGTTACGTGGTAACTG,0,2911963
ompRp4,0.1,9,9,TTTACGCAAATCTGTTGCAA,0,2916181
ompRp4,0.1,9,9,TTGACCCTGCGTGTGATGGC,0,2907724
ompRp4,0.1,9,9,TTCTGGGTGTATTTTTGAAT,0,2925236
ompRp4,0.1,9,9,TTCAACCAATCCGAAGAGGT,0,2937940
ompRp4,0.1,9,9,TTATTAACACACGAATATAA,0,2913848
ompRp4,0.1,9,9,TTATCCCTATGTATTTCTTG,0,2921505
ompRp4,0.1,9,9,TTAGTGTGACAAGCGAAGGT,0,2926167
ompRp4,0.1,9,9,TTACATCTGGGCTGAGTGTC,0,2937649
ompRp4,0.1,9,9,TTAAGCACTCTCGCCCCCAT,0,2924529
ompRp4,0.1,9,9,TGTTGTACCACTCTGAAGGA,0,2912799
ompRp4,0.1,9,9,TGTGCGTGATGTGTTCTGGG,0,2929832
ompRp4,0.1,9,9,TGGGTCCACACGCAACCAAA,0,2925800
ompRp4,0.1,9,9,TGGGGGCGCCTTCGTGTTTA,0,2917260
ompRp4,0.1,9,9,TGGGGGAGGTGAAAGAGGAC,0,2913879
ompRp4,0.1,9,9,TGGGGGAGAAATCCTAACAT,0,2932875
ompRp4,0.1,9,9,TGGGGATTCGTCCGTTTGAA,0,2911864
ompRp4,0.1,9,9,TGGGCAACATTCCAGAGGAG,0,2914177
ompRp4,0.1,9,9,TGGCAAAAAGTGTTACCGGG,0,2934877
ompRp4,0.1,9,9,TGCTTTCGGCCATAAAGTCG,0,2919508
ompRp4,0.1,9,9,TGCTGAAACCACTTTTGGTG,0,2909344
ompRp4,0.1,9,9,TGCTAAGTTACGAATAAACG,0,2921624
ompRp4,0.1,9,9,TGCCCACTACGTAATCTGTT,0,2923952
ompRp4,0.1,9,9,TGATGAATCTTCAACATTAA,0,2927264
ompRp4,0.1,9,9,TGAGTGCAAGGTAAAGGGGC,0,2937386
ompRp4,0.1,9,9,TGAGGTTCGGAGGATCCAAG,0,2931340
ompRp4,0.1,9,9,TGACCGTTGTTCGTATTATG,0,2919004
ompRp4,0.1,9,9,TCTGGCCGTTAGCATCTTTG,0,2930169
ompRp4,0.1,9,9,TCTGACTCAGAAAATAGGCG,0,2930713
ompRp4,0.1,9,9,TCGTTGCCGAGGACGCAGCT,0,2929618
ompRp4,0.1,9,9,TCGGGTCGGATTGATCTCCT,0,2927983
ompRp4,0.1,9,9,TCCTGATGCATGTCGCAATT,0,2930869
ompRp4,0.1,9,9,TCCTCGAGTTGCTGCCAAGG,0,2923056
ompRp4,0.1,9,9,TCCCCGTAGGCCACCAAATG,0,2935359
ompRp4,0.1,9,9,TCAGAGCGTTGCTATCTAGA,0,2928331
ompRp4,0.1,9,9,TCACCTTAGTGGGATTCCGA,0,2915606
ompRp4,0.1,9,9,TCAACGTCTGAGGCGTGATT,0,2909106
ompRp4,0.1,9,9,TATTATATTTTATATTAATT,0,2910481
ompRp4,0.1,9,9,TATGTGTTCACTATAATATC,0,2931444
ompRp4,0.1,9,9,TATCCATGCATTCTTATTGG,0,2927833
ompRp4,0.1,9,9,TATACCGCATTTCCGCTGAA,0,2914518
ompRp4,0.1,9,9,TAGCTCCCATAAATTCGAAA,0,2934363
ompRp4,0.1,9,9,TACGTGTCGTACCACGGTAT,0,2925282
ompRp4,0.1,9,9,TACATATCCGGCAAGTTCGA,0,2925288
ompRp4,0.1,9,9,TAATTAGCTTGTCCTGCGTG,0,2934334
ompRp4,0.1,9,9,TAATACTTTCTGTGGTAATT,0,2925131
ompRp4,0.1,9,9,TAAGCTCAAGTCTCGATTTT,0,2932731
ompRp4,0.1,9,9,TAAGCAGTACGGGGGGGGAA,0,2923620
ompRp4,0.1,9,9,TAAGATGTATTGGATTTCCT,0,2924932
ompRp4,0.1,9,9,GTTTACCTTTGGGGTGTAAC,0,2908487
ompRp4,0.1,9,9,GTTGTTGATCCGTAATAGGC,0,2927180
ompRp4,0.1,9,9,GTTAACGTTAGACATGGCGG,0,2912755
ompRp4,0.1,9,9,GTGTCATGGTGAGGGAATCA,0,2912798
ompRp4,0.1,9,9,GTGGTTTAGTCGTGCAGACA,0,2932749
ompRp4,0.1,9,9,GTGCAGCAACAAGCGGACCC,0,2931294
ompRp4,0.1,9,9,GTGCACAGGTTCTTCATACA,0,2934970
ompRp4,0.1,9,9,GTCTTATCAGTATCCCGATT,0,2924008
ompRp4,0.1,9,9,GTCTAGAGCGTTAAAGGTAT,0,2929889
ompRp4,0.1,9,9,GTCCGCTACAAACTCAGCAA,0,2912695
ompRp4,0.1,9,9,GTCCGCCATACAGCAAGACT,0,2931503
ompRp4,0.1,9,9,GTCATTGCGTAATCCCCGGG,0,2933131
ompRp4,0.1,9,9,GTATATCGGGCGGCGGTCCG,0,2929418
ompRp4,0.1,9,9,GTAGCTATCCATTCGAGCGT,0,2915464
ompRp4,0.1,9,9,GGTTATAGCGCGGAGTCATT,0,2925922
ompRp4,0.1,9,9,GGTGGACAAGGCCATATCTG,0,2910765
ompRp4,0.1,9,9,GGTGCGACAGTTATATCTCC,0,2917395
ompRp4,0.1,9,9,GGTACTAATTAGAAGCTGAT,0,2926188
ompRp4,0.1,9,9,GGGGTCAGTTCCAAGGCTTA,0,2917440
ompRp4,0.1,9,9,GGGCGCAAATAATAACGCGC,0,2910573
ompRp4,0.1,9,9,GGGCATGGGAGTACGTTCTG,0,2911645
ompRp4,0.1,9,9,GGCTTAATGTACCTTTCTCT,0,2908938
ompRp4,0.1,9,9,GGCCCCTTTCCGCACGCCAA,0,2937850
ompRp4,0.1,9,9,GGCCCAATCGTGTTTTCGAC,0,2911156
ompRp4,0.1,9,9,GGCATAGAGACCGAGTGCTA,0,2913070
ompRp4,0.1,9,9,GGATGTATTAGTTAGAAACT,0,2918677
ompRp4,0.1,9,9,GGATGGGCCATTCAAACGGT,0,2938002
ompRp4,0.1,9,9,GGATGCAGCCATTCACTTCA,0,2918463
ompRp4,0.1,9,9,GGACCATTGATCGGTAGGGC,0,2936082
ompRp4,0.1,9,9,GGAATTAGAATACACAACCA,0,2930971
ompRp4,0.1,9,9,GGAAGTATGGAACACCTGAC,0,2932034
ompRp4,0.1,9,9,GGAAACTTCGGCCTGCAGCT,0,2923501
ompRp4,0.1,9,9,GCTTTTGCCCGATGGTAGCC,0,2922818
ompRp4,0.1,9,9,GCTTCGCGGACGGCACGAGT,0,2910224
ompRp4,0.1,9,9,GCTTCGCCGCTGTACCTGCA,0,2913486
ompRp4,0.1,9,9,GCTGCGAGTGTACTTGCTGG,0,2914834
ompRp4,0.1,9,9,GCTGCGAATCTATTCTTTAA,0,2917926
ompRp4,0.1,9,9,GCTCTCACCCGACGAACTCG,0,2921612
ompRp4,0.1,9,9,GCTCGTGTCAGAAGACGCTG,0,2924991
ompRp4,0.1,9,9,GCGTCATCTGAGCACCGGTA,0,2911869
ompRp4,0.1,9,9,GCGGGTTGGTACGAACTAAG,0,2916596
ompRp4,0.1,9,9,GCGGCTACGAGGTGTAACGG,0,2916706
ompRp4,0.1,9,9,GCGGATTGTTAATGTATTAC,0,2930884
ompRp4,0.1,9,9,GCGCGGGAGAGTAGAATGTC,0,2916879
ompRp4,0.1,9,9,GCGCAGGACAAGTCCCTATA,0,2938194
ompRp4,0.1,9,9,GCCCTGTCTGAGGATGTGGG,0,2924365
ompRp4,0.1,9,9,GCCCGCGAGGTGCTCAGCAG,0,2934898
ompRp4,0.1,9,9,GCCAGGATACGCCAATGTAC,0,2919120
ompRp4,0.1,9,9,GATTTTGCAGGATGGCTCCC,0,2917246
ompRp4,0.1,9,9,GATTCGAGGACCGTCACTTG,0,2932823
ompRp4,0.1,9,9,GATTAGACGTAGTGACGGAA,0,2931473
ompRp4,0.1,9,9,GATGGAAGGTGCTGGTTCAT,0,2925697
ompRp4,0.1,9,9,GATCCCAACTCGGCCCTTGA,0,2921598
ompRp4,0.1,9,9,GATATTCAGGCGACGTAATC,0,2927845
ompRp4,0.1,9,9,GATATGATCAAAGGCGAGAA,0,2926632
ompRp4,0.1,9,9,GATAGAGTGGAGCAGGGATG,0,2936631
ompRp4,0.1,9,9,GAGTGCCTTGGAGCGGTGGA,0,2933584
ompRp4,0.1,9,9,GAGTAAGGGAGCGTCCGCCC,0,2932949
ompRp4,0.1,9,9,GAGCCTCAGCTTCGTTAGAA,0,2920011
ompRp4,0.1,9,9,GAGAATCGAAGGTGTCTCAC,0,2925191
ompRp4,0.1,9,9,GAGAAGCGACACCCCTACAG,0,2926751
ompRp4,0.1,9,9,GACCTATGGGTTGCATCCAC,0,2915489
ompRp4,0.1,9,9,GACAGCAGTGATCACGTCTG,0,2921849
ompRp4,0.1,9,9,GAATCCAGAGCCAGTGCTGC,0,2913620
ompRp4,0.1,9,9,GAAGTATGCAAAAACTGGAC,0,2918114
ompRp4,0.1,9,9,GAAGGTCATCTGCTAGGAAC,0,2912657
ompRp4,0.1,9,9,CTTTAAACCGACGACGGCGA,0,2935002
ompRp4,0.1,9,9,CTTCGTCCACTTTCTGCCAT,0,2933594
ompRp4,0.1,9,9,CTTCATTAGCACCTTCGAGC,0,2924418
ompRp4,0.1,9,9,CTTCACGGAGTCTGTTCCAC,0,2923862
ompRp4,0.1,9,9,CTTATTAATAAACATATAAA,0,2926685
ompRp4,0.1,9,9,CTTAACTCGACACCTGGGTA,0,2938296
ompRp4,0.1,9,9,CTTAAAAGGAACGAGGGTGG,0,2913146
ompRp4,0.1,9,9,CTGTCTATGGCAACGTCAAC,0,2927190
ompRp4,0.1,9,9,CTGGTTGCCCCTTCTCTACG,0,2912697
ompRp4,0.1,9,9,CTGGGTATCGCAAGTTCCGC,0,2926071
ompRp4,0.1,9,9,CTGCAAGGGTCCAAAACCCT,0,2916699
ompRp4,0.1,9,9,CTGAGTGGCTTATGGGCTGG,0,2920986
ompRp4,0.1,9,9,CTGAGGTTTCTACCTACCCA,0,2919681
ompRp4,0.1,9,9,CTCTATGTAAAGGCTAATCC,0,2915173
ompRp4,0.1,9,9,CTCGGTCCAAAGATGATGCA,0,2926070
ompRp4,0.1,9,9,CTCGCCTCTAATTCATATGG,0,2925064
ompRp4,0.1,9,9,CTCCGCGATTGGCCATGAGG,0,2925823
ompRp4,0.1,9,9,CTCCCTGTGTTGGTTAACGT,0,2933949
ompRp4,0.1,9,9,CTATACGTCCCTAGGGTGAT,0,2921956
ompRp4,0.1,9,9,CTAGAACACAACCTTGCGAG,0,2917785
ompRp4,0.1,9,9,CTACCAATAGTTTTCATGGT,0,2912709
ompRp4,0.1,9,9,CTAACACTATATCCCGTGTA,0,2924168
ompRp4,0.1,9,9,CGTTAGGGTGATGAGGGATA,0,2927212
ompRp4,0.1,9,9,CGTACTTATTCGCTTGTTCG,0,2924700
ompRp4,0.1,9,9,CGTACGTGGGTAGGCGGCTT,0,2933518
ompRp4,0.1,9,9,CGTAATATGTGTGCGATTAA,0,2930633
ompRp4,0.1,9,9,CGGTCTGGGTCTGTAATATG,0,2919339
ompRp4,0.1,9,9,CGGTCCAATAGCCTAGTGTA,0,2923957
ompRp4,0.1,9,9,CGGGTGGCTTTTGGCTGGGG,0,2923328
ompRp4,0.1,9,9,CGGGACATAAGGACAGTAGT,0,2911548
ompRp4,0.1,9,9,CGGCGACTCGACTTTTCGAT,0,2908118
ompRp4,0.1,9,9,CGGCCATTAGATTATCTTCC,0,2909463
ompRp4,0.1,9,9,CGGCCAACAGTGCACCTCCG,0,2918779
ompRp4,0.1,9,9,CGGACTAAGTCCCGATATAG,0,2923259
ompRp4,0.1,9,9,CGCTGAATGCTCCATCTCAC,0,2913779
ompRp4,0.1,9,9,CGCGCAGGCGGTATTCTGCC,0,2918426
ompRp4,0.1,9,9,CGCGATGTTACCAAAGAGAA,0,2923722
ompRp4,0.1,9,9,CGCCGGAGGGCTATTGACTA,0,2934038
ompRp4,0.1,9,9,CGCAATTCGGGATATGCATA,0,2928105
ompRp4,0.1,9,9,CGAGCTTACAGACAGAGTAA,0,2925325
ompRp4,0.1,9,9,CGACTATCGAGCTGTCCTCT,0,2924026
ompRp4,0.1,9,9,CGAATTGTTCATTTTCGAGG,0,2913156
ompRp4,0.1,9,9,CGAACTCGTTAGTGGAGCAG,0,2927036
ompRp4,0.1,9,9,CGAAACCATTCGCGGGGTAA,0,2920759
ompRp4,0.1,9,9,CCTTCGCGCCTGAGGAGAAG,0,2919458
ompRp4,0.1,9,9,CCTGCACGAAGCGGCATTGC,0,2909789
ompRp4,0.1,9,9,CCGTGTCCTTACTGTTTGAT,0,2923191
ompRp4,0.1,9,9,CCGTCACGCTTACGTCTTAT,0,2937629
ompRp4,0.1,9,9,CCGCGTCATTACAAATCAGG,0,2918050
ompRp4,0.1,9,9,CCGCAAATATGAGAAGGTGA,0,2926960
ompRp4,0.1,9,9,CCGATTTCACATATTTAAGG,0,2925306
ompRp4,0.1,9,9,CCGATTAGTCCTCTTGTTTA,0,2930294
ompRp4,0.1,9,9,CCGATACGCCTAACTCGCTT,0,2921459
ompRp4,0.1,9,9,CCGACCCCTAGAGAGGTGAA,0,2913355
ompRp4,0.1,9,9,CCCTGGCAATGATCCTGCAG,0,2917402
ompRp4,0.1,9,9,CCCCTCAAGGTTGGAAAAAT,0,2931379
ompRp4,0.1,9,9,CCAGTTTGCCTGGAACATGC,0,2918538
ompRp4,0.1,9,9,CCAGTTAAATGGGGACAGAG,0,2915286
ompRp4,0.1,9,9,CCAGAAGTGGACCTCGGTAT,0,2931923
ompRp4,0.1,9,9,CCACAATCGTACTCGACGGT,0,2907733
ompRp4,0.1,9,9,CCAAGAACAGCGCACGGGTC,0,2913564
ompRp4,0.1,9,9,CATTGGTATGTTGCTGCATA,0,2920569
ompRp4,0.1,9,9,CATTGAACACGTCTCTACAA,0,2934473
ompRp4,0.1,9,9,CATGGTTTCTTAACTTCGTG,0,2927254
ompRp4,0.1,9,9,CATGGGCCACAGGTGTCTTA,0,2918226
ompRp4,0.1,9,9,CAGTGCCATCGGGGCCAGTC,0,2922524
ompRp4,0.1,9,9,CAGGCCGGCGCCCAAGCAGT,0,2908917
ompRp4,0.1,9,9,CAGGACGCGCCCGATGACTC,0,2910919
ompRp4,0.1,9,9,CACTTATAATTCAGCATGAC,0,2933194
ompRp4,0.1,9,9,CACGGGACAGTGAGATAGCG,0,2914233
ompRp4,0.1,9,9,CACGCTATGGAAGGCAGGAG,0,2929454
ompRp4,0.1,9,9,CACGATCTCACACTTTACAA,0,2918645
ompRp4,0.1,9,9,CACGAAATGTTCCTCTCGTA,0,2926942
ompRp4,0.1,9,9,CAAGTTGAAGTACATCAGAA,0,2931529
ompRp4,0.1,9,9,CAAGCACTGTTATGGCAATA,0,2912070
ompRp4,0.1,9,9,CAACTCTATTTCCCAGCAGA,0,2927091
ompRp4,0.1,9,9,CAAACACGGTCACGAGGAGA,0,2918421
ompRp4,0.1,9,9,CAAAACGTTGTCAATATGTT,0,2918628
ompRp4,0.1,9,9,ATTTTCCGAATTAATCGATA,0,2908563
ompRp4,0.1,9,9,ATTTATGTACTTTCTTTTAG,0,2927686
ompRp4,0.1,9,9,ATTGCGTTAAGCGTTTTGGG,0,2909971
ompRp4,0.1,9,9,ATTGCATGAGAGGTGCGACT,0,2919118
ompRp4,0.1,9,9,ATGGATCAGAAAGAAGACGC,0,2915077
ompRp4,0.1,9,9,ATGGAAGAAACTACTGTCAT,0,2917257
ompRp4,0.1,9,9,ATGCTGCTAGAATTGAAGAA,0,2911566
ompRp4,0.1,9,9,ATGATACTCTTCAATATGTC,0,2919364
ompRp4,0.1,9,9,ATGAATTTCGCGGGCTTAAA,0,2914083
ompRp4,0.1,9,9,ATCTTAATTTCGAGGCGCGC,0,2930397
ompRp4,0.1,9,9,ATCTCCAGGATTGGCTTCGA,0,2922002
ompRp4,0.1,9,9,ATCTCCAAGTAGCGTCACGA,0,2916627
ompRp4,0.1,9,9,ATCGGGGGGAACTGGTACAC,0,2914374
ompRp4,0.1,9,9,ATCATGAGTGCTGCGTCTTT,0,2907911
ompRp4,0.1,9,9,ATATCCTGCGACCTGGCGGG,0,2914592
ompRp4,0.1,9,9,ATATCAACACTGAACGGAGC,0,2937617
ompRp4,0.1,9,9,ATAGCACCCGCTCAGTCATA,0,2934359
ompRp4,0.1,9,9,ATACTGCTAAGTCCACTCAA,0,2935598
ompRp4,0.1,9,9,ATACGGGTCGAAAACTTTTC,0,2926635
ompRp4,0.1,9,9,ATAATTGCTCGGACGTCTCC,0,2930177
ompRp4,0.1,9,9,ATAATGTATACTCTAGGAAT,0,2911295
ompRp4,0.1,9,9,AGTTTCACCCGAACCAGTTG,0,2937771
ompRp4,0.1,9,9,AGTGTGCTTGCTAACCGGAG,0,2930414
ompRp4,0.1,9,9,AGTCCGACGGTAGATAGGCC,0,2927307
ompRp4,0.1,9,9,AGTCAATCGCAGGTGGCTTG,0,2923036
ompRp4,0.1,9,9,AGTATGTGCGGGGCTGACTT,0,2932021
ompRp4,0.1,9,9,AGTATAATAGGTGTAATAGG,0,2908280
ompRp4,0.1,9,9,AGGGGTTGGTGATCAGGTGA,0,2925409
ompRp4,0.1,9,9,AGCTAGTACAGATGCTGCGA,0,2912361
ompRp4,0.1,9,9,AGCTAAAGTTCGCAGGAAGG,0,2908892
ompRp4,0.1,9,9,AGATAGCTGAGGTGATTTTA,0,2925633
ompRp4,0.1,9,9,AGAATGTCACTTAGAGTGAC,0,2931695
ompRp4,0.1,9,9,ACTTGCTCGTTAACGTTGAT,0,2910070
ompRp4,0.1,9,9,ACTGTTACTTGAAAAACGAT,0,2931914
ompRp4,0.1,9,9,ACTCTCTTTATTGTTACCAT,0,2931674
ompRp4,0.1,9,9,ACTCATGTAGTTGTTGGTAT,0,2935474
ompRp4,0.1,9,9,ACGCTGCCAATAGTGTTGCC,0,2917270
ompRp4,0.1,9,9,ACGAGCTTGTACCTATTGTA,0,2913660
ompRp4,0.1,9,9,ACGAATAGCGGTCCCGGCCT,0,2910696
ompRp4,0.1,9,9,ACCTGAACGATGTCGCCGTA,0,2935826
ompRp4,0.1,9,9,ACCGCAACATCGAATACTTT,0,2924406
ompRp4,0.1,9,9,ACCCGTTCCGCAGGGGTGCT,0,2913167
ompRp4,0.1,9,9,ACCCGCCTCCACTGTATCAG,0,2930037
ompRp4,0.1,9,9,ACCCAGCGGCTTTAGTTGGA,0,2929028
ompRp4,0.1,9,9,ACATCTGGTGCTTGACAAAA,0,2934515
ompRp4,0.1,9,9,ACATCTGATTTCGGAAGCGT,0,2914353
ompRp4,0.1,9,9,ACATATGTTCTATGGAAAGG,0,2909247
ompRp4,0.1,9,9,AATTTGCAAGGCATTGGCCC,0,2921458
ompRp4,0.1,9,9,AATCCCCACGCGTTACTCCG,0,2920419
ompRp4,0.1,9,9,AATCATTGTGCAAGATTCTG,0,2913712
ompRp4,0.1,9,9,AATACTCCACTGCTGGATTA,0,2931228
ompRp4,0.1,9,9,AAGTGAGTCTAAGTGCCCCG,0,2914514
ompRp4,0.1,9,9,AAGTGAGTACGCGCCGCTCC,0,2908047
ompRp4,0.1,9,9,AAGGTTCTGAGTACTATCAC,0,2911698
ompRp4,0.1,9,9,AAGGCGGGGTTGAGACAGCG,0,2921695
ompRp4,0.1,9,9,AAGGACCCTGTCCCACGAAG,0,2918419
ompRp4,0.1,9,9,AACTTCTAGAAACTTAATCC,0,2933213
ompRp4,0.1,9,9,AACAGTTGTCACTCATGTCC,0,2926527
ompRp4,0.1,9,9,AAATGTAAAGTTACGCGTTA,0,2918731
ompRp4,0.1,9,9,AAATAGCAATCCAAAAAGAG,0,2921892
ompRp4,0.1,9,9,AAAGAAATATACGGGTGCTA,0,2933636
ompRp4,0.1,9,9,AAAATGATCGCGTATTTTGC,0,2919926
ompRp4,0.1,9,9,AAAATCGGCAATTTAGATAT,0,2930640
ompRp4,0.1,9,9,AAAACTTCCCTTACGTCGAG,0,2910398
ompRp4,0.1111111111111111,8,8,TTTTGATCAGCTAGCTGAAT,0,2910676
ompRp4,0.1111111111111111,8,8,TTTTATGGAGTTGTCTACGC,0,2926774
ompRp4,0.1111111111111111,8,8,TTTGGATGTAATCATTCAAT,0,2908727
ompRp4,0.1111111111111111,8,8,TTGTACCTCTTCCACGAGTA,0,2913454
ompRp4,0.1111111111111111,8,8,TTGGTGACCATTCATGCCGC,0,2914676
ompRp4,0.1111111111111111,8,8,TTGGCCTCTCTCGAACCGCG,0,2930350
ompRp4,0.1111111111111111,8,8,TTGGATAGCGTGCTCTTTAC,0,2929669
ompRp4,0.1111111111111111,8,8,TTGCTATTTCCGAGCTTGTA,0,2925120
ompRp4,0.1111111111111111,8,8,TTGAGTCGATGGGGTATGAT,0,2914999
ompRp4,0.1111111111111111,8,8,TTGAGATCACTCATTTCGAT,0,2936659
ompRp4,0.1111111111111111,8,8,TTCTTGGCTGAGGGGGGTGT,0,2908293
ompRp4,0.1111111111111111,8,8,TTCTCTCGGCATCACAGTGC,0,2926257
ompRp4,0.1111111111111111,8,8,TTCTCTAATCTAAGCCCCAA,0,2920969
ompRp4,0.1111111111111111,8,8,TTCGGCTCCCCAACTAAAAA,0,2920589
ompRp4,0.1111111111111111,8,8,TTCCCCGTACAATTCGCACA,0,2931704
ompRp4,0.1111111111111111,8,8,TTCATTGGGAATGACACTTA,0,2937003
ompRp4,0.1111111111111111,8,8,TTATTTGTACTCAAAACGGC,0,2916386
ompRp4,0.1111111111111111,8,8,TTAAACAGAACCCCAGCGAA,0,2934093
ompRp4,0.1111111111111111,8,8,TGTTCTTTCAGCTCTGAGTA,0,2925000
ompRp4,0.1111111111111111,8,8,TGTGTGAAGGAATTGACCCA,0,2935130
ompRp4,0.1111111111111111,8,8,TGTGTCCGAGCTTAACGGTC,0,2912890
ompRp4,0.1111111111111111,8,8,TGTGGCTCTGTCCGCTAGGC,0,2911576
ompRp4,0.1111111111111111,8,8,TGTAGTTATGCGCGATCCAG,0,2913467
ompRp4,0.1111111111111111,8,8,TGGGACAAATTGCTGGGAAT,0,2930330
ompRp4,0.1111111111111111,8,8,TGGCTTGGTAGACACCACCA,0,2920353
ompRp4,0.1111111111111111,8,8,TGGCGGAATGTAGGAGTCCT,0,2937242
ompRp4,0.1111111111111111,8,8,TGCCGGGATCACCAGGTGTT,0,2930823
ompRp4,0.1111111111111111,8,8,TGCAGCATGGCGACGCGTAA,0,2917313
ompRp4,0.1111111111111111,8,8,TGACTGGTCAAAGTTACTTA,0,2911366
ompRp4,0.1111111111111111,8,8,TGACTATACGGATACAGGCT,0,2937475
ompRp4,0.1111111111111111,8,8,TGACCCGTCCGTAGAAACGT,0,2933716
ompRp4,0.1111111111111111,8,8,TCTTGTCCGTTACTCGACAG,0,2937277
ompRp4,0.1111111111111111,8,8,TCTTCTCTTGCACATCGATT,0,2929488
ompRp4,0.1111111111111111,8,8,TCTAGCCCTAGCATTACTAC,0,2908003
ompRp4,0.1111111111111111,8,8,TCTAACCTTGGCCCTAATGA,0,2921083
ompRp4,0.1111111111111111,8,8,TCGTGACTATTTTCGTCTTT,0,2938219
ompRp4,0.1111111111111111,8,8,TCGGTAGTCATTGCCACGCC,0,2908695
ompRp4,0.1111111111111111,8,8,TCGGCTGAAGACACTTATTA,0,2921105
ompRp4,0.1111111111111111,8,8,TCGCACACGAGAAGGTGACG,0,2924615
ompRp4,0.1111111111111111,8,8,TCGAGATGTATGGTTAAGTA,0,2920987
ompRp4,0.1111111111111111,8,8,TCGAACTTTCGGCTTTGCAT,0,2919069
ompRp4,0.1111111111111111,8,8,TCCTGATCATGTCACCCCTG,0,2926674
ompRp4,0.1111111111111111,8,8,TCCGTTGGGATGAAATCGTA,0,2912047
ompRp4,0.1111111111111111,8,8,TCCGTAATTTTCTACGGCGA,0,2924990
ompRp4,0.1111111111111111,8,8,TCCGCGGCCTTGTATTTGGC,0,2921999
ompRp4,0.1111111111111111,8,8,TCATTGCAAAGTGAAAAAGA,0,2915483
ompRp4,0.1111111111111111,8,8,TCAGGCTAGTAACGCTCCCG,0,2931151
ompRp4,0.1111111111111111,8,8,TCAGGCCGCGTCGTGCTGTT,0,2921842
ompRp4,0.1111111111111111,8,8,TCAGAAGATACTCGTTGATA,0,2925045
ompRp4,0.1111111111111111,8,8,TCACACGTGACTTATTGGGT,0,2936388
ompRp4,0.1111111111111111,8,8,TCAAATGCCCGACTCTGAGG,0,2916381
ompRp4,0.1111111111111111,8,8,TCAAATAGGTCTTATAGAGT,0,2932622
ompRp4,0.1111111111111111,8,8,TATTCTTCCGAGAGTAAATA,0,2913802
ompRp4,0.1111111111111111,8,8,TATTCACCAGGCATCCCTGA,0,2936043
ompRp4,0.1111111111111111,8,8,TATTACAGACTTATATGCGA,0,2922535
ompRp4,0.1111111111111111,8,8,TAGGTGAGTAAGGCAGCCCC,0,2927463
ompRp4,0.1111111111111111,8,8,TAGGTAAATTAGTCTTCACG,0,2932261
ompRp4,0.1111111111111111,8,8,TAGGGGGAATTAGACCGTGT,0,2913189
ompRp4,0.1111111111111111,8,8,TAGGGCAGGGAAGTTCAATT,0,2907837
ompRp4,0.1111111111111111,8,8,TAGCCTAGAAGGTTACTGTA,0,2914590
ompRp4,0.1111111111111111,8,8,TAGATTCGGGCCAAGATTAC,0,2920178
ompRp4,0.1111111111111111,8,8,TACCTGCATTTCGGACTTGA,0,2914243
ompRp4,0.1111111111111111,8,8,TACCCTAACACCGTCGGCAT,0,2934115
ompRp4,0.1111111111111111,8,8,TACCACGGGCCAGTTGGATG,0,2915396
ompRp4,0.1111111111111111,8,8,TAATGACAAGGAGTTAACCT,0,2914593
ompRp4,0.1111111111111111,8,8,TAACGGTCTTATGGGATTTG,0,2927079
ompRp4,0.1111111111111111,8,8,TAAATTGTCCGAATGGTCCC,0,2934895
ompRp4,0.1111111111111111,8,8,TAAAGTTAGAACAGTGGATA,0,2919613
ompRp4,0.1111111111111111,8,8,TAAACCTTACTTAGCTGTGT,0,2924246
ompRp4,0.1111111111111111,8,8,GTTGGTCTCCCAAGCAGGGT,0,2933293
ompRp4,0.1111111111111111,8,8,GTTCGGTTCTAGCTGGGCAC,0,2908000
ompRp4,0.1111111111111111,8,8,GTTATACGAATTCTTCGTGC,0,2914872
ompRp4,0.1111111111111111,8,8,GTGTCCGCCCTCCGTGGGCA,0,2930674
ompRp4,0.1111111111111111,8,8,GTGGCGACTTCCAACAAAGT,0,2932258
ompRp4,0.1111111111111111,8,8,GTGGCAACGTTTGTGAAGGT,0,2913072
ompRp4,0.1111111111111111,8,8,GTGGAGAAGGAGAGTATTAT,0,2922858
ompRp4,0.1111111111111111,8,8,GTGAGATGCGGTTAACTCCT,0,2909013
ompRp4,0.1111111111111111,8,8,GTGAAGGTATGAGTTAAGTA,0,2937367
ompRp4,0.1111111111111111,8,8,GTCGTGGCTTTCATGTGTTT,0,2917005
ompRp4,0.1111111111111111,8,8,GTCGGAAGAGTCCCATCTGC,0,2919337
ompRp4,0.1111111111111111,8,8,GTCGCACAGGCCCGACATAC,0,2914218
ompRp4,0.1111111111111111,8,8,GTCACTCAGCACGGTGGGGA,0,2913644
ompRp4,0.1111111111111111,8,8,GTCAACGTATACCATCAAAG,0,2923111
ompRp4,0.1111111111111111,8,8,GTATGAGAACCGGTGTATGA,0,2936817
ompRp4,0.1111111111111111,8,8,GTAGTGGGTTACTAGGGATT,0,2936513
ompRp4,0.1111111111111111,8,8,GTACTGTCTAACACCGACCA,0,2930892
ompRp4,0.1111111111111111,8,8,GTACGTGATGTATATCAAGG,0,2923019
ompRp4,0.1111111111111111,8,8,GTAATGTAGCTGTTAGTTCC,0,2931655
ompRp4,0.1111111111111111,8,8,GTAAGAACTGCTTTTTTAAA,0,2934749
ompRp4,0.1111111111111111,8,8,GGTTTACAACGCTTTGGGCT,0,2917361
ompRp4,0.1111111111111111,8,8,GGTGTTAAGCACGAGTCAGA,0,2915725
ompRp4,0.1111111111111111,8,8,GGTAGCTAGCCTTCACGGCG,0,2932732
ompRp4,0.1111111111111111,8,8,GGTAATGTCACCAGTACTCA,0,2915279
ompRp4,0.1111111111111111,8,8,GGTAATACGCGGTATGATAG,0,2919906
ompRp4,0.1111111111111111,8,8,GGGTATTATGAACATGGTAT,0,2935506
ompRp4,0.1111111111111111,8,8,GGGGTATAGGGGCATGCCCT,0,2925979
ompRp4,0.1111111111111111,8,8,GGGGGCGGTAGGCCTCGAGA,0,2911790
ompRp4,0.1111111111111111,8,8,GGGATACTAGCTTGGCTGTT,0,2912612
ompRp4,0.1111111111111111,8,8,GGCTTTTCCTTCGCAATCCA,0,2921088
ompRp4,0.1111111111111111,8,8,GGCTGTGGTGGAGTTAGGTA,0,2920984
ompRp4,0.1111111111111111,8,8,GGCTAGAGAGCTGCACATAT,0,2917897
ompRp4,0.1111111111111111,8,8,GGCGTGAAGAAAGTTAGTAA,0,2915157
ompRp4,0.1111111111111111,8,8,GGCATCCTATGCAAGATGTG,0,2936431
ompRp4,0.1111111111111111,8,8,GGAGCTCGCGGATCGGTCTT,0,2913563
ompRp4,0.1111111111111111,8,8,GGAGCGTATGGCAAGCCGCG,0,2933180
ompRp4,0.1111111111111111,8,8,GGACTGTCATCTACCTGCTT,0,2934575
ompRp4,0.1111111111111111,8,8,GGACCTTCTCACGCACTAAA,0,2919785
ompRp4,0.1111111111111111,8,8,GGACCACTTGCGGGTAAGGA,0,2937461
ompRp4,0.1111111111111111,8,8,GGAACATGGTACGGAAATCA,0,2910634
ompRp4,0.1111111111111111,8,8,GCTCTTAAGCCAAGTAACGA,0,2926704
ompRp4,0.1111111111111111,8,8,GCTACCAGCGAATTATCTTC,0,2908066
ompRp4,0.1111111111111111,8,8,GCTACACGCAAGGGGACGAT,0,2910316
ompRp4,0.1111111111111111,8,8,GCGTGTCAACACTTGCATCT,0,2937712
ompRp4,0.1111111111111111,8,8,GCGTCGTATATTGTACCCTG,0,2929970
ompRp4,0.1111111111111111,8,8,GCGTAGGGACCGCAGCAATA,0,2931016
ompRp4,0.1111111111111111,8,8,GCGCTTCGCCGCTTCACTTA,0,2934161
ompRp4,0.1111111111111111,8,8,GCGCGGTATGCTTGTCCTTA,0,2911300
ompRp4,0.1111111111111111,8,8,GCGCAGATAGGCAGTTGTAA,0,2932927
ompRp4,0.1111111111111111,8,8,GCCGGTCACATCCTGCGGCT,0,2925854
ompRp4,0.1111111111111111,8,8,GCCGAATTACATTGCAAGTG,0,2913502
ompRp4,0.1111111111111111,8,8,GCCCTCTTCTGACTCGCGCA,0,2924015
ompRp4,0.1111111111111111,8,8,GCCCGGTCGCACCGCTATAC,0,2924588
ompRp4,0.1111111111111111,8,8,GCATACTCAATGTAGCGTGA,0,2937395
ompRp4,0.1111111111111111,8,8,GATTAAGCTCATAGAAGTTG,0,2937484
ompRp4,0.1111111111111111,8,8,GATATACCCAAATGTAAGTG,0,2909970
ompRp4,0.1111111111111111,8,8,GAGGTTCTGTGCAGGCGAGG,0,2929537
ompRp4,0.1111111111111111,8,8,GAGGACGACCATTCCAGGAT,0,2934197
ompRp4,0.1111111111111111,8,8,GAGATTTCAAGTTGATTGCG,0,2910921
ompRp4,0.1111111111111111,8,8,GACGGTGGATAAACTGACCA,0,2909955
ompRp4,0.1111111111111111,8,8,GACCCGTCACTCACGGTTCT,0,2931068
ompRp4,0.1111111111111111,8,8,GACAGTTCAAGGTTGATCTA,0,2935477
ompRp4,0.1111111111111111,8,8,GAAGACGGTGGGTCGGCCGT,0,2919423
ompRp4,0.1111111111111111,8,8,GAAACCCGTACTGATATGGG,0,2908845
ompRp4,0.1111111111111111,8,8,GAAACAATGAGAACTATCTA,0,2914968
ompRp4,0.1111111111111111,8,8,CTTTCCGCAGACCCCACCCA,0,2928429
ompRp4,0.1111111111111111,8,8,CTTGCAAACAGCCGCTAGAT,0,2913627
ompRp4,0.1111111111111111,8,8,CTTCGGCGCAGTTCCACGGC,0,2934277
ompRp4,0.1111111111111111,8,8,CTTCGCCTAGTACTTTCCAA,0,2926589
ompRp4,0.1111111111111111,8,8,CTGTAGGAACTGTGAGGTCC,0,2924844
ompRp4,0.1111111111111111,8,8,CTGGTGGGAGGTGGTGGTAT,0,2930598
ompRp4,0.1111111111111111,8,8,CTGCTTCGTCGGTTAAGTAT,0,2935131
ompRp4,0.1111111111111111,8,8,CTGCCACATGTCCGGTAGGT,0,2932182
ompRp4,0.1111111111111111,8,8,CTCTCTGTAAGTTGCTTCAC,0,2931020
ompRp4,0.1111111111111111,8,8,CTCGGGAGACGGCCGTGGGT,0,2935982
ompRp4,0.1111111111111111,8,8,CTCGATCTGCGCATGCAGAC,0,2935897
ompRp4,0.1111111111111111,8,8,CTCGAATACTGGATCTACTT,0,2908814
ompRp4,0.1111111111111111,8,8,CTCCATGGAGAATTTCCCGT,0,2926629
ompRp4,0.1111111111111111,8,8,CTCATTTCTACGTCGTCCAC,0,2909931
ompRp4,0.1111111111111111,8,8,CTCATCTATTTCATTAAGTT,0,2922740
ompRp4,0.1111111111111111,8,8,CTCATCCCGGGGGACGGGGA,0,2913934
ompRp4,0.1111111111111111,8,8,CTATGTGATCTTGTATTTCA,0,2923655
ompRp4,0.1111111111111111,8,8,CTATCGGAAAGTAAAACTGG,0,2919579
ompRp4,0.1111111111111111,8,8,CTACTGTGCGAAATCTGGTT,0,2933342
ompRp4,0.1111111111111111,8,8,CTACGTCCGAGGGCTCAGAA,0,2938206
ompRp4,0.1111111111111111,8,8,CTACAGTGGCCACTTTTTGC,0,2934311
ompRp4,0.1111111111111111,8,8,CTAAGGCGGGACTAGGAAGT,0,2922407
ompRp4,0.1111111111111111,8,8,CGTTTCGTTGAATCAGGCCT,0,2921276
ompRp4,0.1111111111111111,8,8,CGTGAGCGTGCACATAGGTT,0,2916144
ompRp4,0.1111111111111111,8,8,CGTCTGTCTGCACTGAACGC,0,2920311
ompRp4,0.1111111111111111,8,8,CGTAGAGTGGAGCGCCACAT,0,2936377
ompRp4,0.1111111111111111,8,8,CGGTTTTCAGAAAGACTGCA,0,2907754
ompRp4,0.1111111111111111,8,8,CGGTTGTCTTCGATTAACAT,0,2936932
ompRp4,0.1111111111111111,8,8,CGGCTGCTGCTCTCGTCGCT,0,2931587
ompRp4,0.1111111111111111,8,8,CGGCCGTTGTCTCAGTGATT,0,2928484
ompRp4,0.1111111111111111,8,8,CGGCAGGAGTCAAAAGGCTT,0,2934189
ompRp4,0.1111111111111111,8,8,CGGCAATGTTTGACGGAACC,0,2911970
ompRp4,0.1111111111111111,8,8,CGGACAAAATTTTCAATAAT,0,2929563
ompRp4,0.1111111111111111,8,8,CGGAAGTAATCTTCCATGCC,0,2925085
ompRp4,0.1111111111111111,8,8,CGCGACGGCGCGTGTAAACT,0,2935475
ompRp4,0.1111111111111111,8,8,CGAGGAGCATCGACCCCGGT,0,2934461
ompRp4,0.1111111111111111,8,8,CGAGCAGGACACTCCTCCAT,0,2931595
ompRp4,0.1111111111111111,8,8,CGAGATTTACCAGTAACTTT,0,2937087
ompRp4,0.1111111111111111,8,8,CGAATAGAAGTATCCAATAG,0,2908325
ompRp4,0.1111111111111111,8,8,CGAAGAGAGGAAACTGCTAC,0,2908882
ompRp4,0.1111111111111111,8,8,CGAAAGTAATAAAAGTATCT,0,2923244
ompRp4,0.1111111111111111,8,8,CCTTGGTTGGTATAAGTACC,0,2910106
ompRp4,0.1111111111111111,8,8,CCTTGGGTGTTGAATGCATG,0,2921501
ompRp4,0.1111111111111111,8,8,CCTTCTGCGCGGAGCACTGG,0,2924269
ompRp4,0.1111111111111111,8,8,CCTTCCGGCGTTATTGCCTG,0,2935588
ompRp4,0.1111111111111111,8,8,CCTCTAAACGTTTGCGCCGC,0,2932993
ompRp4,0.1111111111111111,8,8,CCTATCATAGGGCACTGAGA,0,2916036
ompRp4,0.1111111111111111,8,8,CCGGCTGACATCTCATCGTA,0,2914026
ompRp4,0.1111111111111111,8,8,CCGCGGATTGATTAATCTTG,0,2932572
ompRp4,0.1111111111111111,8,8,CCGACAGGACTACGTGGGAA,0,2930093
ompRp4,0.1111111111111111,8,8,CCGACACCCGGTTTCCGGGC,0,2933666
ompRp4,0.1111111111111111,8,8,CCCTGATAGTGCTCGAATAA,0,2930275
ompRp4,0.1111111111111111,8,8,CCCGGATTTGTAACCTCAGT,0,2925746
ompRp4,0.1111111111111111,8,8,CCATGTCGCTCGCATGTAAA,0,2932212
ompRp4,0.1111111111111111,8,8,CCAGGGGGAGTAGAGCTTCT,0,2909245
ompRp4,0.1111111111111111,8,8,CCAGGCCACGGGGCTTAGTT,0,2927776
ompRp4,0.1111111111111111,8,8,CCAACCATGTAACGAGGTGG,0,2931252
ompRp4,0.1111111111111111,8,8,CATGTGAATGAGCGCTCGTA,0,2911320
ompRp4,0.1111111111111111,8,8,CATCTAGTATTCAGTTATTC,0,2918300
ompRp4,0.1111111111111111,8,8,CATATGGTAACTCTGACTGA,0,2934813
ompRp4,0.1111111111111111,8,8,CATATACCTCGTGGTCCAGG,0,2910341
ompRp4,0.1111111111111111,8,8,CATACCATCGATAAATTCGT,0,2908104
ompRp4,0.1111111111111111,8,8,CAGTTAATGCCAGCTGCTGT,0,2932298
ompRp4,0.1111111111111111,8,8,CAGGCCATTGGAGGGGCAAA,0,2909882
ompRp4,0.1111111111111111,8,8,CAGGAGAAAGCCCAATGTAC,0,2929064
ompRp4,0.1111111111111111,8,8,CAGCACGGTACCAAAAATCA,0,2911188
ompRp4,0.1111111111111111,8,8,CAGATCAGTCTGTCACAGGA,0,2919260
ompRp4,0.1111111111111111,8,8,CACGTTTACTGCGATTGGCT,0,2935802
ompRp4,0.1111111111111111,8,8,CACGTCGTGCGTGCACACAG,0,2924720
ompRp4,0.1111111111111111,8,8,CACGCACTAAATCCGGGAAA,0,2927310
ompRp4,0.1111111111111111,8,8,CACATGCGTGGCCGACCTAA,0,2934694
ompRp4,0.1111111111111111,8,8,CACACTTTTACCCTACTATC,0,2938208
ompRp4,0.1111111111111111,8,8,CAATCGTTGTTGGTGCCGAG,0,2919795
ompRp4,0.1111111111111111,8,8,CAACAAGGTAGCGCCAAGAA,0,2932176
ompRp4,0.1111111111111111,8,8,CAAACAATATGGTATCGGGT,0,2922769
ompRp4,0.1111111111111111,8,8,ATTGGGTTGACAGTTTCGTA,0,2911468
ompRp4,0.1111111111111111,8,8,ATTGAATCAAGGCGGGAACT,0,2929328
ompRp4,0.1111111111111111,8,8,ATTCGTGTACCTGGTCTGTC,0,2908323
ompRp4,0.1111111111111111,8,8,ATTCATTGACCTTGAATTTA,0,2911719
ompRp4,0.1111111111111111,8,8,ATTACATGTCATACGGAGTA,0,2929336
ompRp4,0.1111111111111111,8,8,ATGTTGCCGGACGGAGATCA,0,2933412
ompRp4,0.1111111111111111,8,8,ATGACAAGAGAATTCTCCAA,0,2919474
ompRp4,0.1111111111111111,8,8,ATCTTGGATGGGGTCCCTAC,0,2932986
ompRp4,0.1111111111111111,8,8,ATCGAGGTAAATGTGTTTAT,0,2915762
ompRp4,0.1111111111111111,8,8,ATCCGAACCGCCCAGTAGGG,0,2920697
ompRp4,0.1111111111111111,8,8,ATCACTGAAGTCCACGGGGT,0,2927587
ompRp4,0.1111111111111111,8,8,ATAGTCGGGTTAAAGAAAAG,0,2921465
ompRp4,0.1111111111111111,8,8,ATAGCCCCGCAGGTTAACAA,0,2927601
ompRp4,0.1111111111111111,8,8,ATACCACAATCAGCTCACCA,0,2928178
ompRp4,0.1111111111111111,8,8,ATAACTCTACCGCTCAGTGA,0,2932118
ompRp4,0.1111111111111111,8,8,AGTTCTCACTAGAATTAGCT,0,2911167
ompRp4,0.1111111111111111,8,8,AGTGCACTCCGCGCCCTGGT,0,2934777
ompRp4,0.1111111111111111,8,8,AGTCAGGTTCGTAAGCAGCA,0,2931584
ompRp4,0.1111111111111111,8,8,AGTAGCCCGCCCACGGACTG,0,2929254
ompRp4,0.1111111111111111,8,8,AGGTGAGTCTCATCGCACAT,0,2923919
ompRp4,0.1111111111111111,8,8,AGGTCGGCGGCTCCACCAGG,0,2908192
ompRp4,0.1111111111111111,8,8,AGGTATAGCCTGAGTAAATA,0,2924715
ompRp4,0.1111111111111111,8,8,AGGGTCTGCTTACGAAGTCC,0,2921694
ompRp4,0.1111111111111111,8,8,AGGGCTGTTCCTACGTCGTA,0,2926506
ompRp4,0.1111111111111111,8,8,AGCTGACAAGGGCCATGGGG,0,2914331
ompRp4,0.1111111111111111,8,8,AGCGTCCGGTAGTTATGAAT,0,2909763
ompRp4,0.1111111111111111,8,8,AGCATAGTAATTAGATCTTT,0,2910501
ompRp4,0.1111111111111111,8,8,AGATGGGTAAAAGGGCTAAG,0,2935275
ompRp4,0.1111111111111111,8,8,AGAGCGTCAGGGATACCGAC,0,2913907
ompRp4,0.1111111111111111,8,8,AGAGATTCCCATCACCTGAG,0,2922782
ompRp4,0.1111111111111111,8,8,AGACCAGGATCCTTGACCCA,0,2936480
ompRp4,0.1111111111111111,8,8,AGACACAAGCAGAGTTACGT,0,2923813
ompRp4,0.1111111111111111,8,8,ACTTGGATAACAGACTCCTG,0,2931535
ompRp4,0.1111111111111111,8,8,ACTTATTTCTATGGGTGGAC,0,2916237
ompRp4,0.1111111111111111,8,8,ACTGGGAAATACGCTCAGTA,0,2925209
ompRp4,0.1111111111111111,8,8,ACTGCCGCAAGTATCGGTCC,0,2915048
ompRp4,0.1111111111111111,8,8,ACTGAATACCAGTCATCCAG,0,2917388
ompRp4,0.1111111111111111,8,8,ACTCTGGTTCCACAAAAATT,0,2912298
ompRp4,0.1111111111111111,8,8,ACTATTTTCCCTTATACGTT,0,2929270
ompRp4,0.1111111111111111,8,8,ACTACCGACTTGTTGGGATC,0,2938062
ompRp4,0.1111111111111111,8,8,ACGGTGTAGGCAGAGCATTT,0,2911546
ompRp4,0.1111111111111111,8,8,ACGCTATGGCGCCACTGTTC,0,2926437
ompRp4,0.1111111111111111,8,8,ACGCCATCGATAGAATGAGA,0,2914337
ompRp4,0.1111111111111111,8,8,ACGAGTATGCGCGAGAAGCA,0,2935911
ompRp4,0.1111111111111111,8,8,ACGAGTAGGACCGTATGGGC,0,2933629
ompRp4,0.1111111111111111,8,8,ACCTTTCTCCTGGGGTCACC,0,2911985
ompRp4,0.1111111111111111,8,8,ACCCCACATGCGGCTTGGTC,0,2909944
ompRp4,0.1111111111111111,8,8,ACCATCCGCATCATAATTGG,0,2909883
ompRp4,0.1111111111111111,8,8,ACATTATTTGTTCACCCAAA,0,2928489
ompRp4,0.1111111111111111,8,8,ACAGGGCTCCAACTTGCAGA,0,2916963
ompRp4,0.1111111111111111,8,8,ACAGGCACCATACTGGTGGA,0,2912322
ompRp4,0.1111111111111111,8,8,ACACTGTGATAGCTTAGGAA,0,2909632
ompRp4,0.1111111111111111,8,8,ACACGCACGGTCATCTTCGC,0,2908666
ompRp4,0.1111111111111111,8,8,ACACCAATGTTCTAAATCAT,0,2912058
ompRp4,0.1111111111111111,8,8,AATTCTCCCTAGTAGTTATA,0,2933872
ompRp4,0.1111111111111111,8,8,AATACCTGTTCGACTTGTAC,0,2918955
ompRp4,0.1111111111111111,8,8,AAGTTACTCCGGTGTCCCAC,0,2923707
ompRp4,0.1111111111111111,8,8,AAGGAACAGTTATGTTAACA,0,2938154
ompRp4,0.1111111111111111,8,8,AAGCGTGCACCACCCCCTAA,0,2922778
ompRp4,0.1111111111111111,8,8,AAGAATTGACACTCCGAGCT,0,2911025
ompRp4,0.1111111111111111,8,8,AACCACGGAATGGTTATGTG,0,2938280
ompRp4,0.1111111111111111,8,8,AACACGGCCGACAGTGCGCT,0,2915945
ompRp4,0.1111111111111111,8,8,AACAAACCTGCGAGAATTTC,0,2910411
ompRp4,0.1111111111111111,8,8,AAATACGTTGGATCCTCAAT,0,2919615
ompRp4,0.1111111111111111,8,8,AAAGTGGGCCTCGGCGGTTT,0,2915626
ompRp4,0.1111111111111111,8,8,AAAGGGAGAAGATCATATCT,0,2930885
ompRp4,0.1111111111111111,8,8,AAAGCTGCTTAACCATCCAC,0,2908381
ompRp4,0.1111111111111111,8,8,AAACTCTGATAGCAGTACAT,0,2920289
ompRp4,0.1111111111111111,8,8,AAAAATACTTCGCCCTGACC,0,2935977
ompRp4,0.125,7,7,TTTTAACATGATAGCTCGGA,0,2912907
ompRp4,0.125,7,7,TTTGTCGAATATTGAGCAAC,0,2927005
ompRp4,0.125,7,7,TTTGCGCAAGATACGTGTGG,0,2933186
ompRp4,0.125,7,7,TTTGATTTGCGGATTCTAGG,0,2930057
ompRp4,0.125,7,7,TTTCCGAAGGTTGCTTCTGT,0,2912694
ompRp4,0.125,7,7,TTTAACAATTTGCGCAAGAT,0,2923419
ompRp4,0.125,7,7,TTGTTCCAACCAGTATACGG,0,2923027
ompRp4,0.125,7,7,TTGTCCCAGTTAAAGTAACG,0,2933238
ompRp4,0.125,7,7,TTGGAACCGAGCACCTCATC,0,2927341
ompRp4,0.125,7,7,TTGGAAAGAAGACGTAATAA,0,2911347
ompRp4,0.125,7,7,TTGCAACGGGGTCGTCAAGA,0,2918022
ompRp4,0.125,7,7,TTGAAATGGGACAGAACTCT,0,2925580
ompRp4,0.125,7,7,TTCTTCTCATTACGAGAGGT,0,2924543
ompRp4,0.125,7,7,TTCTTCCTTTCCGCCTCTAG,0,2929422
ompRp4,0.125,7,7,TTCTGTGACCGTCGTTCCAA,0,2914020
ompRp4,0.125,7,7,TTCTGCAAGGATCGATTTTA,0,2915487
ompRp4,0.125,7,7,TTCGGCCTATTGCGGGTGCT,0,2936347
ompRp4,0.125,7,7,TTCAAAAGAGACCGTTAAAT,0,2922120
ompRp4,0.125,7,7,TTATGCGTTATCGGACCTCA,0,2919952
ompRp4,0.125,7,7,TTAGTCCTTGCAGGGCATCA,0,2925472
ompRp4,0.125,7,7,TTAGCAAGGAGCGGCTAACT,0,2935615
ompRp4,0.125,7,7,TTAGAATGGCACGTATATAC,0,2910732
ompRp4,0.125,7,7,TTACAGGTGCAGCACCAACC,0,2931070
ompRp4,0.125,7,7,TTAATTGCCTAGGAACGGTG,0,2908923
ompRp4,0.125,7,7,TTAACATGGATCGGACTCAC,0,2925349
ompRp4,0.125,7,7,TTAACATCCCGTATTCTGAA,0,2912011
ompRp4,0.125,7,7,TGTTTGTCTCGTCTTCCTGG,0,2931884
ompRp4,0.125,7,7,TGTGCGGGGCTTCATCTGGA,0,2915576
ompRp4,0.125,7,7,TGTGCATTGAATCAAACGTC,0,2925145
ompRp4,0.125,7,7,TGTATGGCCCCGTAACTCCA,0,2921471
ompRp4,0.125,7,7,TGTATGCTTAGCAAACTAGG,0,2929591
ompRp4,0.125,7,7,TGTAGGATGAACGTTCCGAG,0,2931049
ompRp4,0.125,7,7,TGTACGTTAGCATTCGCCAG,0,2916568
ompRp4,0.125,7,7,TGTAAAACAGTAGGAACATT,0,2908891
ompRp4,0.125,7,7,TGGTTAAGGTTTAGCTGAAT,0,2926662
ompRp4,0.125,7,7,TGGCGTAAGAACGCGGTCGG,0,2920627
ompRp4,0.125,7,7,TGCTAAACGTTGCATTGGTC,0,2928595
ompRp4,0.125,7,7,TGCACAAGAGAGAGGATCCT,0,2918439
ompRp4,0.125,7,7,TGCAAGGCCTGAGGAGTCTT,0,2926354
ompRp4,0.125,7,7,TGAGGGTCCGCCTAATTCCT,0,2929056
ompRp4,0.125,7,7,TGAGCAGTCCAGGCGGTGTA,0,2908914
ompRp4,0.125,7,7,TGACCTGGGCTCGCCCCGGT,0,2937525
ompRp4,0.125,7,7,TGACCGCACGTTAGCTTGAT,0,2936212
ompRp4,0.125,7,7,TGAATATGCTAGGCTCTCAA,0,2917703
ompRp4,0.125,7,7,TGAAGTATATTAAGGATGGT,0,2917273
ompRp4,0.125,7,7,TGAAATGGGTGGGATCGGTA,0,2912998
ompRp4,0.125,7,7,TGAAATGCGGACGATGGTCC,0,2930829
ompRp4,0.125,7,7,TCTTTCCATGCCCGATCTAC,0,2910662
ompRp4,0.125,7,7,TCTTGATTAGCGAAGCCGGA,0,2929912
ompRp4,0.125,7,7,TCTCCCTCATACAGGGCCAC,0,2928034
ompRp4,0.125,7,7,TCGTGATCCAGTGTATATAA,0,2928965
ompRp4,0.125,7,7,TCGTCGGGAGGTTTCTCACG,0,2913270
ompRp4,0.125,7,7,TCGGTTTGGTTTGTTAAGGT,0,2925024
ompRp4,0.125,7,7,TCGGTATCAGCGTTGTTCAT,0,2910770
ompRp4,0.125,7,7,TCGGAGGATTACAGGCCCCT,0,2910166
ompRp4,0.125,7,7,TCGGAACAAGTTATAGACGG,0,2918619
ompRp4,0.125,7,7,TCGCATTCGGTACAGCCCCT,0,2910920
ompRp4,0.125,7,7,TCGAGTCGGGCAAAGCGGAG,0,2914684
ompRp4,0.125,7,7,TCGAGGCTAGGTGTCGGTAA,0,2933924
ompRp4,0.125,7,7,TCCTTTATGTGCAAAGCCCC,0,2931832
ompRp4,0.125,7,7,TCCGAATCTTCCAGGTGTGT,0,2909316
ompRp4,0.125,7,7,TCCACTAAGTTTAAGCCAAG,0,2924134
ompRp4,0.125,7,7,TCAGCGCCATATGTGTTGAC,0,2922355
ompRp4,0.125,7,7,TCACGAGGCTAAAACTCGGA,0,2938295
ompRp4,0.125,7,7,TCAAGGAGATCAGCAGGGGA,0,2936808
ompRp4,0.125,7,7,TATTGTTAAAAGCGAAGACA,0,2908167
ompRp4,0.125,7,7,TATGTCAGTGGTCGCGCCTA,0,2924348
ompRp4,0.125,7,7,TATGAGAGACGATCGCAAAA,0,2936127
ompRp4,0.125,7,7,TATCTGCCGCTAGGGACGGA,0,2918928
ompRp4,0.125,7,7,TATCCTGTTTTAATTCTTTA,0,2928277
ompRp4,0.125,7,7,TATATAGCCCACAACAACCC,0,2914242
ompRp4,0.125,7,7,TAGGGCAGTAGGCATGACCG,0,2908497
ompRp4,0.125,7,7,TAGCCTCGCAGTCGCCGATG,0,2920256
ompRp4,0.125,7,7,TAGAGCAAGACACGATGGAA,0,2931719
ompRp4,0.125,7,7,TAGACCTCCGAGCAATCGTG,0,2912310
ompRp4,0.125,7,7,TAGAAATGAGATTGGGCTTC,0,2911294
ompRp4,0.125,7,7,TACATAGACCAAACACAATA,0,2913605
ompRp4,0.125,7,7,TAATGAAATGTTGTGGCATA,0,2936991
ompRp4,0.125,7,7,TAATATGCCCGCCTCCCAGG,0,2923025
ompRp4,0.125,7,7,TAATAAGTGCTGGGTATCAG,0,2911640
ompRp4,0.125,7,7,TAACGTCGCGAAGTGTACAG,0,2932308
ompRp4,0.125,7,7,TAACAGGCCGTCTACTGTCT,0,2918424
ompRp4,0.125,7,7,TAAAACTCCGCGCATCGCTT,0,2923666
ompRp4,0.125,7,7,GTTGTACCTAAGCCGGGGTT,0,2936534
ompRp4,0.125,7,7,GTTCTGCAGGGATTGGACAT,0,2916928
ompRp4,0.125,7,7,GTTCCACATCTTTCGGTATG,0,2921138
ompRp4,0.125,7,7,GTGTTTAGAATGTGTAGTAT,0,2924085
ompRp4,0.125,7,7,GTGTGATCTGCGTACGATAA,0,2933044
ompRp4,0.125,7,7,GTGTCTTAAGAGCACCAGCG,0,2938293
ompRp4,0.125,7,7,GTGGTAAGAATAAAGTACCG,0,2914240
ompRp4,0.125,7,7,GTGCTGCGAGCCTGGTTAGC,0,2908169
ompRp4,0.125,7,7,GTGCCGTTGTCTAGGCTACG,0,2908577
ompRp4,0.125,7,7,GTGAATGAGTTCGCTGATTC,0,2922570
ompRp4,0.125,7,7,GTCTGTAGCGCAATGCGGCA,0,2921159
ompRp4,0.125,7,7,GTCGGTCACGGATGGTATAA,0,2920518
ompRp4,0.125,7,7,GTCGCATGTGGTCTTAGAAT,0,2916958
ompRp4,0.125,7,7,GTCCAAGTAAATTCCATCTT,0,2911384
ompRp4,0.125,7,7,GTCAGCGTTAAAAACATACG,0,2916437
ompRp4,0.125,7,7,GTATTATACATAAGTCCCGC,0,2925631
ompRp4,0.125,7,7,GTAGAGTAGACAAGGCGTAT,0,2936092
ompRp4,0.125,7,7,GTACGAAGAACTCGGCTAAT,0,2909287
ompRp4,0.125,7,7,GTACCCGGCTCCGCAATGTT,0,2927114
ompRp4,0.125,7,7,GTAATTGAATCGGCTGGGGC,0,2910730
ompRp4,0.125,7,7,GTAAGACACACCTGAGGCGA,0,2912414
ompRp4,0.125,7,7,GGTTGAAAATCAAATTGTAC,0,2911247
ompRp4,0.125,7,7,GGTCCACTACGGAATTAGTG,0,2926679
ompRp4,0.125,7,7,GGGTCGGCCACCTTGCTGGA,0,2916385
ompRp4,0.125,7,7,GGGTCGATAGGGAATCGAAG,0,2924886
ompRp4,0.125,7,7,GGGTCCAGGGTTTGATTATA,0,2916624
ompRp4,0.125,7,7,GGGGTCCAACTGCCTACAAT,0,2936695
ompRp4,0.125,7,7,GGGGTAGTATCGTTCGCCCA,0,2908991
ompRp4,0.125,7,7,GGGCTGGAGATCACAATACT,0,2932869
ompRp4,0.125,7,7,GGGAATCTTGTCAAGTGCTC,0,2932989
ompRp4,0.125,7,7,GGGAATAGGCAATGTCCCAT,0,2927955
ompRp4,0.125,7,7,GGCGTTACTACTATCCGCTT,0,2917876
ompRp4,0.125,7,7,GGCGTCTGTGTGTTAACTGT,0,2909204
ompRp4,0.125,7,7,GGCGGCTTTACTTAGCTGGA,0,2922319
ompRp4,0.125,7,7,GGCGGCATAATACAGTACAA,0,2938069
ompRp4,0.125,7,7,GGCCGTATGTCTGCGACTTT,0,2913948
ompRp4,0.125,7,7,GGCCAAGCCTTAGCTACGCA,0,2911164
ompRp4,0.125,7,7,GGCACGGGATACGTAAGCAG,0,2923388
ompRp4,0.125,7,7,GGATTCTCCAGAGTAACGGA,0,2917253
ompRp4,0.125,7,7,GGAGGCCTTCTATTCTCAGG,0,2928753
ompRp4,0.125,7,7,GGAGGCACCCACCTCGGCAA,0,2911113
ompRp4,0.125,7,7,GGAGCCGAAGGCTGGACGTA,0,2928519
ompRp4,0.125,7,7,GGACTAATATTTGAATGGTA,0,2936807
ompRp4,0.125,7,7,GGACCGTTTACGTGAGTGAG,0,2933096
ompRp4,0.125,7,7,GGACACGATCCATGGAAACA,0,2933496
ompRp4,0.125,7,7,GGAATGTAATAAGTTAAACT,0,2910487
ompRp4,0.125,7,7,GGAAAACGCACGCAGCCCTG,0,2932920
ompRp4,0.125,7,7,GCTTATCAGCTAAGTCACTA,0,2924860
ompRp4,0.125,7,7,GCTGTGGTGGATTCCGTAAG,0,2916307
ompRp4,0.125,7,7,GCTCTGCGTCTATCTGATGA,0,2909649
ompRp4,0.125,7,7,GCTATTCAGTCTATACATGC,0,2936452
ompRp4,0.125,7,7,GCTATATGGAGTCTTGTTCA,0,2919888
ompRp4,0.125,7,7,GCGTAAAAGTTGAGGAGAGG,0,2931887
ompRp4,0.125,7,7,GCGGGTCCCGAGTTGCTAGG,0,2919001
ompRp4,0.125,7,7,GCGGCCCGATACTTCTGGCG,0,2914886
ompRp4,0.125,7,7,GCGGCACTTGATAATCGGAC,0,2929644
ompRp4,0.125,7,7,GCGGAGTATTCTGCGGCCCC,0,2919379
ompRp4,0.125,7,7,GCGCGTAGACCCTCCGCAAC,0,2908354
ompRp4,0.125,7,7,GCGCAATATTCCTTGGGCGT,0,2922791
ompRp4,0.125,7,7,GCCTGTGGTAGTCCTATGGC,0,2916626
ompRp4,0.125,7,7,GCCCACCGTCGCGAGGATTA,0,2909842
ompRp4,0.125,7,7,GCCCACCAGACGGTGGTAGT,0,2913790
ompRp4,0.125,7,7,GCCACTTAGGGGGAGTCTCT,0,2917744
ompRp4,0.125,7,7,GCATTTTGGATTGCACTGCA,0,2929980
ompRp4,0.125,7,7,GCATAGACTGTGTTTACGCG,0,2926419
ompRp4,0.125,7,7,GCAGCTGCGCGCCTTCCGAC,0,2922054
ompRp4,0.125,7,7,GCAGCCAGCGTTCCAGTTAA,0,2931374
ompRp4,0.125,7,7,GATACGGATTAGAGCACCTT,0,2935778
ompRp4,0.125,7,7,GATACCTGTGCATATGGGGT,0,2936785
ompRp4,0.125,7,7,GATAAAAGGTACGGTAAGCC,0,2925327
ompRp4,0.125,7,7,GAGTCATCCGCTTGCTGAGA,0,2917432
ompRp4,0.125,7,7,GAGTACCGACCCCTCAGTGG,0,2921647
ompRp4,0.125,7,7,GAGTACATCGTGGGTGAGCC,0,2911871
ompRp4,0.125,7,7,GAGGGCTACCTTCCCTAGCC,0,2917084
ompRp4,0.125,7,7,GAGGGAACGATAGCGGTTCT,0,2925258
ompRp4,0.125,7,7,GAGGATGGAGACCACGTCGT,0,2923775
ompRp4,0.125,7,7,GAGCGACCACATACTTCGTT,0,2931417
ompRp4,0.125,7,7,GAGCAGACAAAGAGTGGCAA,0,2929272
ompRp4,0.125,7,7,GAGAAGCACGGCGCCACCGA,0,2915937
ompRp4,0.125,7,7,GACTAGATTCCAAGTCTCAG,0,2919206
ompRp4,0.125,7,7,GACGCTGAACACCAAGTCGG,0,2928578
ompRp4,0.125,7,7,GACAGGGTTTTTAAGCACAA,0,2928155
ompRp4,0.125,7,7,GAATCGTGCATTGCTACGGT,0,2925269
ompRp4,0.125,7,7,GAATATTCATCGTTCGTGAA,0,2909720
ompRp4,0.125,7,7,GAATATATACACAACATGCC,0,2915492
ompRp4,0.125,7,7,GAAGTTAAAGAAACACGGAC,0,2922119
ompRp4,0.125,7,7,GAACATTAATCGGAGCCTCC,0,2925902
ompRp4,0.125,7,7,GAACACATTTAACTAGGTGC,0,2933734
ompRp4,0.125,7,7,GAAACTCCTGTTTTCAATAG,0,2916415
ompRp4,0.125,7,7,GAAAATCCGTGATTACATTG,0,2928380
ompRp4,0.125,7,7,CTTTTTAGTCTGACGGGCGG,0,2912781
ompRp4,0.125,7,7,CTTGGTCCTACAAGTCTCCA,0,2913403
ompRp4,0.125,7,7,CTTGGAGGTTCATGGGGAAT,0,2931451
ompRp4,0.125,7,7,CTTCTACAATACGAGAGGTA,0,2929834
ompRp4,0.125,7,7,CTTCGTTGATAGAGAAGAGA,0,2931612
ompRp4,0.125,7,7,CTTCAGGCTCTAACAATGAG,0,2934975
ompRp4,0.125,7,7,CTGCGTGCACGCGGTATAGA,0,2929241
ompRp4,0.125,7,7,CTGCGCTGAATCACTAGGCT,0,2923146
ompRp4,0.125,7,7,CTGCCATGTGTACGATTCCT,0,2909045
ompRp4,0.125,7,7,CTGAGTGTGAAGATGTCTTA,0,2922422
ompRp4,0.125,7,7,CTGACCAACGGCTAGGATGC,0,2927988
ompRp4,0.125,7,7,CTGAAGCGCGCGGAAGCTGA,0,2922749
ompRp4,0.125,7,7,CTCTTAGGACCTGGGAAGAG,0,2913194
ompRp4,0.125,7,7,CTCTCGACTTTATGACCGGG,0,2938129
ompRp4,0.125,7,7,CTCCCATTCTTCAATTCAGC,0,2925488
ompRp4,0.125,7,7,CTCAGAGCCTGACCCCCGGA,0,2935504
ompRp4,0.125,7,7,CTCACTCAAAGTAACGCCAC,0,2920959
ompRp4,0.125,7,7,CTACTGTTGGTCTACTAAAA,0,2931788
ompRp4,0.125,7,7,CTACGAGGGGTTTATATGCT,0,2919908
ompRp4,0.125,7,7,CGTTACCTTGGTAAACCAAT,0,2928806
ompRp4,0.125,7,7,CGTTAAATTAGGCCGCCGGA,0,2931039
ompRp4,0.125,7,7,CGTGGAGCCCTGCGGGGCTA,0,2916125
ompRp4,0.125,7,7,CGTGAGTGCTCCGCTCGGTT,0,2926435
ompRp4,0.125,7,7,CGGCCAGGGGTATCCGTTTT,0,2926816
ompRp4,0.125,7,7,CGGATTCTGCCTGGGTTGAT,0,2929542
ompRp4,0.125,7,7,CGCGTGATCGAGACTCGTAG,0,2916844
ompRp4,0.125,7,7,CGCGCCGTCGAGGGCCTATG,0,2914628
ompRp4,0.125,7,7,CGCGAAGATCCTCACTAGAA,0,2912378
ompRp4,0.125,7,7,CGCAGTCTCTAATGGTTTGA,0,2920923
ompRp4,0.125,7,7,CGCACCGGCTGGATGACTAA,0,2921972
ompRp4,0.125,7,7,CGCAAAACCCGTTGCGCCAG,0,2917379
ompRp4,0.125,7,7,CGATGAAGGTCCCATCCAGG,0,2924828
ompRp4,0.125,7,7,CGAGGCTCTGGGGCCATAGA,0,2932750
ompRp4,0.125,7,7,CGAGGACTGACACGCTTCTA,0,2934944
ompRp4,0.125,7,7,CGACGCTAATCTCCGCCTAA,0,2917856
ompRp4,0.125,7,7,CGACAGCAACCTGTGATGGA,0,2920954
ompRp4,0.125,7,7,CCTTATTTACTGCACCCGAT,0,2914375
ompRp4,0.125,7,7,CCTTACTCATTATACGAGGA,0,2917905
ompRp4,0.125,7,7,CCTTAAGTGGGAGTATAGCC,0,2934804
ompRp4,0.125,7,7,CCTGTTCCGTCGCATTTAAT,0,2925211
ompRp4,0.125,7,7,CCTCTTGTTAAGGCGCCAGC,0,2936000
ompRp4,0.125,7,7,CCTCTCCATTCATGCCCGCG,0,2920336
ompRp4,0.125,7,7,CCTCGCTTCCCAATACCACG,0,2910404
ompRp4,0.125,7,7,CCGTCCAGGCTGACGAAGGC,0,2918222
ompRp4,0.125,7,7,CCGGTTCGGGTATCTTTGGA,0,2923610
ompRp4,0.125,7,7,CCGGTGCTTCAACTGGGACG,0,2923891
ompRp4,0.125,7,7,CCGGGGTCGAAACGACCCGC,0,2927446
ompRp4,0.125,7,7,CCGCTGGAGGTCAGCAGAGG,0,2909754
ompRp4,0.125,7,7,CCGCAGTTAGCCATGGGGTC,0,2909041
ompRp4,0.125,7,7,CCGAGTCTTAACGTTCGCGT,0,2932133
ompRp4,0.125,7,7,CCCTAATGAGTATGGGTTTA,0,2926121
ompRp4,0.125,7,7,CCCGGAATACTGATCGAGTT,0,2922263
ompRp4,0.125,7,7,CCCGCGCACGCGCAACGTAC,0,2910691
ompRp4,0.125,7,7,CCCGATTTCCGGCAAACGGG,0,2909258
ompRp4,0.125,7,7,CCCGATCGAGTACGGGAAAC,0,2912427
ompRp4,0.125,7,7,CCCGATCCAGTTGGGCGGTT,0,2918826
ompRp4,0.125,7,7,CCCCCCATGGCCGAAATCAG,0,2930302
ompRp4,0.125,7,7,CCCCACGCTGGGACTTCCTC,0,2936715
ompRp4,0.125,7,7,CCCAGGATTGAATTACTCCA,0,2932846
ompRp4,0.125,7,7,CCATCCTGAAGAATCAACGC,0,2930836
ompRp4,0.125,7,7,CCACCTGCGTAAACCGAGGC,0,2921660
ompRp4,0.125,7,7,CCAAGTTCGCATGAGACTCT,0,2911336
ompRp4,0.125,7,7,CCAAGGAAAAGTAGTACTTT,0,2925012
ompRp4,0.125,7,7,CCAACACCGTTTGGCAGGCC,0,2917663
ompRp4,0.125,7,7,CCAAACAACGGCTAGGCCTT,0,2926309
ompRp4,0.125,7,7,CCAAAACCGGACCCAATATA,0,2932585
ompRp4,0.125,7,7,CATTAGATGTCTGTGTCGTC,0,2916264
ompRp4,0.125,7,7,CATGGCGTGCAGACCTGGGA,0,2912403
ompRp4,0.125,7,7,CATCAGTTGTTCGAAAAGCC,0,2931993
ompRp4,0.125,7,7,CATAACCCTCGTACCCTATG,0,2935484
ompRp4,0.125,7,7,CAGTACGGGATTCGTGTATC,0,2913138
ompRp4,0.125,7,7,CAGGGACTGTAGGCGGCTTG,0,2929281
ompRp4,0.125,7,7,CAGCGCGAATCCCACGAACA,0,2911226
ompRp4,0.125,7,7,CAGCGAGCTTGTTTTATGTA,0,2934321
ompRp4,0.125,7,7,CAGCCTGGCAAAGAGATGAT,0,2908866
ompRp4,0.125,7,7,CACTGTAGCAGTTTAGTTCG,0,2917976
ompRp4,0.125,7,7,CACGTTATAAACAAACGCAA,0,2934175
ompRp4,0.125,7,7,CACGATCTCCGCATGAGTCA,0,2934382
ompRp4,0.125,7,7,CACCCCTAAACAACGTACGC,0,2927410
ompRp4,0.125,7,7,CACCAATGATATGACTCGAC,0,2917194
ompRp4,0.125,7,7,CACATGTGTCCATAGGATGT,0,2931261
ompRp4,0.125,7,7,CAATTATTCAGTTGTAGCTT,0,2934124
ompRp4,0.125,7,7,CAATGTTCTACATAATGCGG,0,2931247
ompRp4,0.125,7,7,CAATACGGCTTGCAGGCCGA,0,2920874
ompRp4,0.125,7,7,CAAAATGACGTATCCCGAAG,0,2911464
ompRp4,0.125,7,7,ATTTAGTCGTATCCAGACTG,0,2929929
ompRp4,0.125,7,7,ATTGTTCCCCGTAGATCTCT,0,2931537
ompRp4,0.125,7,7,ATGGTAGAATCGGAGTTTTC,0,2923660
ompRp4,0.125,7,7,ATGCCGTAATTTACGTACGA,0,2916808
ompRp4,0.125,7,7,ATGCATACGAAGGCCGCGGT,0,2937454
ompRp4,0.125,7,7,ATGATACTCTATATGCGGAG,0,2925724
ompRp4,0.125,7,7,ATGACCGCAATCGGCTTTGT,0,2927478
ompRp4,0.125,7,7,ATCTGTACAGAACGTACTTC,0,2932665
ompRp4,0.125,7,7,ATCTAAATCGGCTGTTGGGC,0,2912690
ompRp4,0.125,7,7,ATCGGACCTATGGCATTGAT,0,2935302
ompRp4,0.125,7,7,ATCGCCTCTCAGTACTCCCA,0,2937534
ompRp4,0.125,7,7,ATCCTGAATCTCTTTTGATA,0,2923418
ompRp4,0.125,7,7,ATCCCGGGTGGTCGGCCCAA,0,2924316
ompRp4,0.125,7,7,ATCCAAAACGCTCGTTTTAG,0,2928382
ompRp4,0.125,7,7,ATACCAACTTAGTGAGATTT,0,2929469
ompRp4,0.125,7,7,ATAAGTATAGTCATACGGGT,0,2908522
ompRp4,0.125,7,7,AGTTGTTGGGGTGTAATGCC,0,2913431
ompRp4,0.125,7,7,AGTTCCTACGGGACAACCTG,0,2934841
ompRp4,0.125,7,7,AGTTCCGACCCCACAGAAGC,0,2935254
ompRp4,0.125,7,7,AGTTAGATCATATTTCACGA,0,2916013
ompRp4,0.125,7,7,AGTGGGGATCTGGTTGGCTC,0,2925640
ompRp4,0.125,7,7,AGTCTAGGCAACCCAGATGT,0,2931467
ompRp4,0.125,7,7,AGTCACATTGTGTCTATAGT,0,2934216
ompRp4,0.125,7,7,AGTACGTGTAAGCAAGGTAT,0,2926283
ompRp4,0.125,7,7,AGTACGCGGTGAGGACGCAA,0,2915774
ompRp4,0.125,7,7,AGGTCGGTCCGTGGTCTAGA,0,2933470
ompRp4,0.125,7,7,AGGGTGGCCATAAATTGTCG,0,2935907
ompRp4,0.125,7,7,AGGGTGCCACTTACGTGGGC,0,2914630
ompRp4,0.125,7,7,AGGGCAGAACCCGAGCCAAT,0,2927723
ompRp4,0.125,7,7,AGGGCACATTGAAATCACTC,0,2914235
ompRp4,0.125,7,7,AGGGAGATTGGCTTGTCAAC,0,2908473
ompRp4,0.125,7,7,AGGCCTATCCCGGTTTACAG,0,2913426
ompRp4,0.125,7,7,AGGATGGATAATTCCCTGAT,0,2922505
ompRp4,0.125,7,7,AGGATCGTAGTAGGTCACTA,0,2922428
ompRp4,0.125,7,7,AGGAAACGTAGCCAAGATAT,0,2927676
ompRp4,0.125,7,7,AGCGTCTTAACGAGATCTTA,0,2921793
ompRp4,0.125,7,7,AGCGCAGATTGATGCTTTAG,0,2910729
ompRp4,0.125,7,7,AGCGATCTTTACGGGGACAG,0,2927680
ompRp4,0.125,7,7,AGCGAAGAGCCCTTGCGTGT,0,2924712
ompRp4,0.125,7,7,AGCGAAGAAACGCAGGTGGT,0,2931327
ompRp4,0.125,7,7,AGCCTGAGACACCCGCCTTT,0,2919950
ompRp4,0.125,7,7,AGCCGCAGCTTCTCAAGCAT,0,2914697
ompRp4,0.125,7,7,AGCCATGTGGTCCTGTGCGA,0,2937462
ompRp4,0.125,7,7,AGCAATGATCCTGCAAGAGA,0,2910515
ompRp4,0.125,7,7,AGATGACGGCTGCGCTCCAC,0,2916553
ompRp4,0.125,7,7,AGATCGCTATGACTTAGGTA,0,2932484
ompRp4,0.125,7,7,AGAGCCGAGAAACCGGCAAT,0,2926399
ompRp4,0.125,7,7,ACTGCTTCACACATGGGGGA,0,2931833
ompRp4,0.125,7,7,ACTAGAAGAGGTTTAAGGTG,0,2915494
ompRp4,0.125,7,7,ACGTCCCAAAGTCCGGGTGC,0,2928485
ompRp4,0.125,7,7,ACGGGTTTTGGTTTGTCGAG,0,2928830
ompRp4,0.125,7,7,ACGGCGCCTACACGCAGTGT,0,2932371
ompRp4,0.125,7,7,ACGGAAACGTGTTGACTCAA,0,2910342
ompRp4,0.125,7,7,ACGATTAGGGGTTAGGATGT,0,2916615
ompRp4,0.125,7,7,ACCGTTGGTCAACGGTGAAA,0,2924273
ompRp4,0.125,7,7,ACCGGTACCTGCGTTCCCGC,0,2928990
ompRp4,0.125,7,7,ACCCCATACGGGTTGCAACC,0,2937545
ompRp4,0.125,7,7,ACCCCAATAGGGGCAAGACT,0,2911296
ompRp4,0.125,7,7,ACCATAATCCTTTTCTTCCA,0,2910142
ompRp4,0.125,7,7,ACATTGGTGGCAGACCGTGC,0,2920580
ompRp4,0.125,7,7,ACATACGTTCTGAACGCCGA,0,2931006
ompRp4,0.125,7,7,ACAGGAAGAGTGTGATCACT,0,2931412
ompRp4,0.125,7,7,ACACTTGGAGCCCTGAGGTA,0,2917917
ompRp4,0.125,7,7,ACAAGTTTAACGTTCTCGAT,0,2929379
ompRp4,0.125,7,7,ACAAGGGCATGGCACCGTAT,0,2929807
ompRp4,0.125,7,7,ACAAGCTTACTTTTCATGAG,0,2915135
ompRp4,0.125,7,7,AATTCGACTCTTACTCTTGA,0,2935925
ompRp4,0.125,7,7,AATTATTGTAAGCACAGAAT,0,2928167
ompRp4,0.125,7,7,AATGTGCCGGCCACCGCACG,0,2922172
ompRp4,0.125,7,7,AATGGTGTATCGTTCCGGGC,0,2911314
ompRp4,0.125,7,7,AATGCTTTAGGACCTTTGAT,0,2913845
ompRp4,0.125,7,7,AATGACATACGAATGGGGGC,0,2912113
ompRp4,0.125,7,7,AATATTAACTTAGCTAGATG,0,2932752
ompRp4,0.125,7,7,AAGTGGACCTGGCAAAGGCG,0,2921156
ompRp4,0.125,7,7,AAGTAAATACGTCGTGTCAT,0,2907847
ompRp4,0.125,7,7,AAGGTACTCAGACCGATGAT,0,2937732
ompRp4,0.125,7,7,AAGGGATACTCTCCTTGCAT,0,2922901
ompRp4,0.125,7,7,AAGGCGACACGGCTACTATG,0,2928267
ompRp4,0.125,7,7,AAGCTTCCACTTGGTAGTGT,0,2909248
ompRp4,0.125,7,7,AAGCGGTATGTATAATAGAC,0,2926067
ompRp4,0.125,7,7,AAGAGATGAAGGCCTCTTTA,0,2913124
ompRp4,0.125,7,7,AACTACTGGACCGACACATA,0,2926207
ompRp4,0.125,7,7,AACCACGCCCGGGTTCAGCG,0,2916207
ompRp4,0.125,7,7,AAATCAGCAAGGCCGACAGA,0,2929775
ompRp4,0.125,7,7,AAAGTACCTCTGTGCCATTT,0,2926269
ompRp4,0.125,7,7,AAACTCTCCCTGGCCACACA,0,2931816
ompRp4,0.125,7,7,AAACATGTCTCTTACACGAT,0,2928642
ompRp4,0.125,7,7,AAACACCTCTGAGTACCAAG,0,2924180
ompRp4,0.125,7,7,AAAATGTCTGGAATTACACC,0,2916447
ompRp4,0.125,7,7,AAAAGGAGGGATCACTACCA,0,2923706
ompRp4,0.125,7,7,AAAACTCACGAAACCTTGTA,0,2910467
ompRp4,0.125,7,7,AAAAATGAGTCCTTTCGGTT,0,2934286
ompRp4,0.14285714285714285,6,6,TTTTGACCCCTGCATGGTTG,0,2934712
ompRp4,0.14285714285714285,6,6,TTTGTTATCGTCCTAGGTCG,0,2935657
ompRp4,0.14285714285714285,6,6,TTTGGATAGCCTGCTTTCGA,0,2908304
ompRp4,0.14285714285714285,6,6,TTTGCTGAATTGTTTTAGGT,0,2934735
ompRp4,0.14285714285714285,6,6,TTTGCGTATTTGGTCCCACA,0,2938130
ompRp4,0.14285714285714285,6,6,TTTGCAGATGACCCATAGGG,0,2919958
ompRp4,0.14285714285714285,6,6,TTTCACTGGGCGACAAGCAT,0,2931386
ompRp4,0.14285714285714285,6,6,TTTACGCTAAAAGTCTTTGA,0,2926224
ompRp4,0.14285714285714285,6,6,TTTAAATGGCACTAGCAAAT,0,2938221
ompRp4,0.14285714285714285,6,6,TTGTTTGCCACCCGATGCGT,0,2933564
ompRp4,0.14285714285714285,6,6,TTGGTCTAGGTGACACGGCT,0,2927946
ompRp4,0.14285714285714285,6,6,TTGCTCGGGCTACTCTCAGA,0,2933240
ompRp4,0.14285714285714285,6,6,TTGCGGAAGACAGAAACTAT,0,2914182
ompRp4,0.14285714285714285,6,6,TTGATGATAGTCCTCACGCG,0,2927627
ompRp4,0.14285714285714285,6,6,TTGATCAAGTATCATCGTGC,0,2937099
ompRp4,0.14285714285714285,6,6,TTGAGCTTCTAGGCAGTCTT,0,2914582
ompRp4,0.14285714285714285,6,6,TTCTTGTTTCTAAGGGGAAC,0,2909518
ompRp4,0.14285714285714285,6,6,TTCTTGAGAGTTTGCGGGCA,0,2919168
ompRp4,0.14285714285714285,6,6,TTCTGACTGTGAGAGCTTTC,0,2912189
ompRp4,0.14285714285714285,6,6,TTCTCCACACACGGTAGGGT,0,2918831
ompRp4,0.14285714285714285,6,6,TTCTAAGGTACGCAAATCAT,0,2930315
ompRp4,0.14285714285714285,6,6,TTCCTATGGCCACTGGGTAG,0,2910983
ompRp4,0.14285714285714285,6,6,TTATTTGGCGTGTGTTCCTC,0,2908120
ompRp4,0.14285714285714285,6,6,TTAGTTGGCTCGCTTGAGTA,0,2914201
ompRp4,0.14285714285714285,6,6,TTAGGTCCTATGAGACAGCG,0,2926601
ompRp4,0.14285714285714285,6,6,TTACTAAGGTTTAACCTGAG,0,2934217
ompRp4,0.14285714285714285,6,6,TTACAGCAGAGTCACAGCGG,0,2913349
ompRp4,0.14285714285714285,6,6,TTAAGGGTACTTCCATCTAT,0,2908760
ompRp4,0.14285714285714285,6,6,TGTTTTGCACGATGTTTAAT,0,2912555
ompRp4,0.14285714285714285,6,6,TGTGCTTCGTATATAGCTCG,0,2930694
ompRp4,0.14285714285714285,6,6,TGTGCATTAAGCTAATAGTG,0,2928622
ompRp4,0.14285714285714285,6,6,TGTGCATGGAAGCGTAGTCA,0,2938139
ompRp4,0.14285714285714285,6,6,TGTGACTCGCAGATCACTCA,0,2921272
ompRp4,0.14285714285714285,6,6,TGTCTCGCGGGTACAGTACG,0,2938010
ompRp4,0.14285714285714285,6,6,TGTATCCCATCCACCTGACA,0,2909517
ompRp4,0.14285714285714285,6,6,TGGTGTGGTCGCGCTTTGCT,0,2936063
ompRp4,0.14285714285714285,6,6,TGGTCCACTTAGGATAGTAG,0,2908356
ompRp4,0.14285714285714285,6,6,TGGTACAGCGTCGCGGGTTC,0,2923297
ompRp4,0.14285714285714285,6,6,TGGGGCTCTCACTCATAGCA,0,2918846
ompRp4,0.14285714285714285,6,6,TGGCTCTATGATTCTACAAA,0,2911006
ompRp4,0.14285714285714285,6,6,TGGCACATCGCGAAGGTTTC,0,2930987
ompRp4,0.14285714285714285,6,6,TGCTGTACATCGTCTGGGAA,0,2915738
ompRp4,0.14285714285714285,6,6,TGCTACCATCCTTCTCGTAG,0,2930114
ompRp4,0.14285714285714285,6,6,TGCTACACCGCCTACAGCCG,0,2935169
ompRp4,0.14285714285714285,6,6,TGCCGCCGAGCACGAGTCCC,0,2915974
ompRp4,0.14285714285714285,6,6,TGCCGATCTTACCAGACCAT,0,2933107
ompRp4,0.14285714285714285,6,6,TGCCCCCTCGACTTTAACCC,0,2915403
ompRp4,0.14285714285714285,6,6,TGCAATGACCATTCGGCCTC,0,2914810
ompRp4,0.14285714285714285,6,6,TGCAAGCGCTGTTCATTAAC,0,2929121
ompRp4,0.14285714285714285,6,6,TGATTTTAGACCCGTATGGC,0,2915704
ompRp4,0.14285714285714285,6,6,TGATTACGTGAAGGTCGGTT,0,2937357
ompRp4,0.14285714285714285,6,6,TGAGTTGAAATCCTTCATGT,0,2917640
ompRp4,0.14285714285714285,6,6,TGAGGTATCGCGTCTCGCTG,0,2934513
ompRp4,0.14285714285714285,6,6,TGAGGCGATAGATATTCTTT,0,2910613
ompRp4,0.14285714285714285,6,6,TGAATTTACTTTGGAATTCA,0,2925747
ompRp4,0.14285714285714285,6,6,TGAAATCGCAGCCGTTCTTT,0,2919169
ompRp4,0.14285714285714285,6,6,TCTTTGAAAGGTAAAGGTAG,0,2924725
ompRp4,0.14285714285714285,6,6,TCTGGAAAGGCATTCACACT,0,2914254
ompRp4,0.14285714285714285,6,6,TCTGCGTGCCAATGTACGTG,0,2918506
ompRp4,0.14285714285714285,6,6,TCTATTTCTACTAATGACAG,0,2913022
ompRp4,0.14285714285714285,6,6,TCTATATGCCGTAGTCAGGA,0,2922862
ompRp4,0.14285714285714285,6,6,TCTACGCTCTAGCGGAAATA,0,2937752
ompRp4,0.14285714285714285,6,6,TCTAATGGGATGAGCGCGAT,0,2911007
ompRp4,0.14285714285714285,6,6,TCGTGTGTTGCTAAGGCTTC,0,2925247
ompRp4,0.14285714285714285,6,6,TCGGTAGCCAGAACATGGAA,0,2909700
ompRp4,0.14285714285714285,6,6,TCGGAGGGCGTGGTCCGGTC,0,2911697
ompRp4,0.14285714285714285,6,6,TCGGACGGGGTTGTGCCTAT,0,2932708
ompRp4,0.14285714285714285,6,6,TCGCTTTCGAACGGTTGATC,0,2916591
ompRp4,0.14285714285714285,6,6,TCGCCGCCCTCGGGCCTGAT,0,2935182
ompRp4,0.14285714285714285,6,6,TCGCCCGCGGCCTTACTAGG,0,2933255
ompRp4,0.14285714285714285,6,6,TCGAAGATCTCATCGTGATA,0,2931145
ompRp4,0.14285714285714285,6,6,TCCGTCGTGTGGATTGCGTA,0,2909203
ompRp4,0.14285714285714285,6,6,TCATTGGAGGGAGAGGTAAG,0,2920179
ompRp4,0.14285714285714285,6,6,TCAGTGCTAGGCATTATATG,0,2933277
ompRp4,0.14285714285714285,6,6,TCAGGCAGCCGGCAGCACTT,0,2914913
ompRp4,0.14285714285714285,6,6,TCAGGAGCGTGTTCAAGAAC,0,2929470
ompRp4,0.14285714285714285,6,6,TCAGCCTATGTTCCCTACTA,0,2921797
ompRp4,0.14285714285714285,6,6,TCACGGCGTGAACAATTATC,0,2932816
ompRp4,0.14285714285714285,6,6,TCAACGAATAATCCGTAACG,0,2922872
ompRp4,0.14285714285714285,6,6,TATGTGATCTGCAATGTCTC,0,2919318
ompRp4,0.14285714285714285,6,6,TATGGCCTTAAAGTGGTAGG,0,2931029
ompRp4,0.14285714285714285,6,6,TATGATCCCTCGCCCCAGTC,0,2924868
ompRp4,0.14285714285714285,6,6,TATCTCTTGCAGATGAACCA,0,2937787
ompRp4,0.14285714285714285,6,6,TATCAGTTCGCGGAATGAGG,0,2932713
ompRp4,0.14285714285714285,6,6,TATCAAAAGTTGACGCTCTC,0,2922552
ompRp4,0.14285714285714285,6,6,TATACAGTAACGATTGGTGA,0,2929746
ompRp4,0.14285714285714285,6,6,TATAACGGATCTAAAGTACT,0,2923835
ompRp4,0.14285714285714285,6,6,TAGTTGGTGATCGTCATGGT,0,2910466
ompRp4,0.14285714285714285,6,6,TAGCGCCCCAAGTATGCGCA,0,2919502
ompRp4,0.14285714285714285,6,6,TAGAAAACGGCGTTGATTCA,0,2909309
ompRp4,0.14285714285714285,6,6,TACGCGGCAGTGTGACTCAT,0,2919887
ompRp4,0.14285714285714285,6,6,TACGAGGTCGGCATACCTGA,0,2917142
ompRp4,0.14285714285714285,6,6,TACCTCCCAAGCCAGATCGC,0,2930430
ompRp4,0.14285714285714285,6,6,TACAGCGTCTAGCTTCAAAT,0,2908858
ompRp4,0.14285714285714285,6,6,TACAGACGGTTGTCGCAAGC,0,2934976
ompRp4,0.14285714285714285,6,6,TACACGTATTAGGGCCAGCG,0,2909778
ompRp4,0.14285714285714285,6,6,TAATCTCCGGACATCGATGT,0,2927509
ompRp4,0.14285714285714285,6,6,TAATCGTTGCGAAGCCCGTA,0,2914387
ompRp4,0.14285714285714285,6,6,TAAGGCTAAGCCTCGGGGGT,0,2912837
ompRp4,0.14285714285714285,6,6,TAAGGCCTCGCGGGATTCTA,0,2915142
ompRp4,0.14285714285714285,6,6,TAAGGCACAGACGGTTAAAA,0,2914635
ompRp4,0.14285714285714285,6,6,TAAGCGTTATACGAATTTTT,0,2910814
ompRp4,0.14285714285714285,6,6,TAAATGTCTCAACAACCGCA,0,2933737
ompRp4,0.14285714285714285,6,6,GTTTGTGGATTTCGTAGACA,0,2914369
ompRp4,0.14285714285714285,6,6,GTTTGCACGCGTGAGGGGAC,0,2925350
ompRp4,0.14285714285714285,6,6,GTTTGATGTTCAACGTGGGG,0,2936187
ompRp4,0.14285714285714285,6,6,GTTGGTACCCGGGGAGGATG,0,2926319
ompRp4,0.14285714285714285,6,6,GTTGGCTAGCTAGAGGATTG,0,2911666
ompRp4,0.14285714285714285,6,6,GTTGCTAATCAAACAATGGG,0,2915466
ompRp4,0.14285714285714285,6,6,GTTGAGACTTGCGCCTCACT,0,2927076
ompRp4,0.14285714285714285,6,6,GTTCTGCTAGACTGGATTTG,0,2936086
ompRp4,0.14285714285714285,6,6,GTTCGCAAAGGTGATACTCT,0,2922336
ompRp4,0.14285714285714285,6,6,GTTACAGTGCGCTCTCATAT,0,2914214
ompRp4,0.14285714285714285,6,6,GTGTGGCTTGGTTGTCGCCC,0,2933678
ompRp4,0.14285714285714285,6,6,GTGCAGTCTTTGCGTAGCGG,0,2925753
ompRp4,0.14285714285714285,6,6,GTGATTATTGTGCCGAGACA,0,2931345
ompRp4,0.14285714285714285,6,6,GTGATTAACATGAGTTGCTC,0,2925271
ompRp4,0.14285714285714285,6,6,GTGATGCTGGTTGACTAAAG,0,2919797
ompRp4,0.14285714285714285,6,6,GTGACAATCTAGACCGATAA,0,2934978
ompRp4,0.14285714285714285,6,6,GTGAACAGCTCCCGGCGGGG,0,2928467
ompRp4,0.14285714285714285,6,6,GTCTTGCCCGATGACCGTAG,0,2935343
ompRp4,0.14285714285714285,6,6,GTCGCGTCAGAGCATATGAC,0,2922675
ompRp4,0.14285714285714285,6,6,GTCGCCCATCGCAGCGACAT,0,2911360
ompRp4,0.14285714285714285,6,6,GTCCGATGTGCGAGGCTCAA,0,2916838
ompRp4,0.14285714285714285,6,6,GTCATTCAATTTTAGAAGTA,0,2923324
ompRp4,0.14285714285714285,6,6,GTCACGGTTTGACATAATCG,0,2911063
ompRp4,0.14285714285714285,6,6,GTCACGCGGGCCTACATGAG,0,2907782
ompRp4,0.14285714285714285,6,6,GTATTCGTGCCATTACTTTA,0,2926376
ompRp4,0.14285714285714285,6,6,GTATCGGGCTTCCATAAGTC,0,2913776
ompRp4,0.14285714285714285,6,6,GTATATTTTCGCCTTGGCTG,0,2915017
ompRp4,0.14285714285714285,6,6,GTATAAGGAGTAGTTAGGGG,0,2923040
ompRp4,0.14285714285714285,6,6,GTAGAAGTGCTATTGCAACT,0,2937791
ompRp4,0.14285714285714285,6,6,GTAAATGAGGCGCTCATCTC,0,2908637
ompRp4,0.14285714285714285,6,6,GGTGTCCGTGGGAGGTGCCT,0,2919028
ompRp4,0.14285714285714285,6,6,GGTCCACCACGACACGCTCA,0,2933784
ompRp4,0.14285714285714285,6,6,GGTCATGCGATGTCAAGAGA,0,2919268
ompRp4,0.14285714285714285,6,6,GGTAGGGGAAATTGCATGGA,0,2908681
ompRp4,0.14285714285714285,6,6,GGTAACGGGGTGACGCACCC,0,2909363
ompRp4,0.14285714285714285,6,6,GGGTTGACAGACCATGTACA,0,2931536
ompRp4,0.14285714285714285,6,6,GGGTGCCTGAAGCCATCATA,0,2935928
ompRp4,0.14285714285714285,6,6,GGGTCCTGAAGAGAGGCGGT,0,2911235
ompRp4,0.14285714285714285,6,6,GGGTCATGTCCCGTGTATCT,0,2919153
ompRp4,0.14285714285714285,6,6,GGGGCTGGTCGAGCTGCCAA,0,2918319
ompRp4,0.14285714285714285,6,6,GGGGCTGAGACCGCCTACGC,0,2921882
ompRp4,0.14285714285714285,6,6,GGGGAGAGGCCAGTCGGCGC,0,2918795
ompRp4,0.14285714285714285,6,6,GGGGAACAAGGGGTAATCTA,0,2928696
ompRp4,0.14285714285714285,6,6,GGGATGGGGAGAAGGTATTC,0,2913719
ompRp4,0.14285714285714285,6,6,GGGAGAATGGACTGTGCTTC,0,2918735
ompRp4,0.14285714285714285,6,6,GGGAACAACTGGTAGCGGAT,0,2922114
ompRp4,0.14285714285714285,6,6,GGCTGGCTACAGGAAAGGTC,0,2916080
ompRp4,0.14285714285714285,6,6,GGCTCCGAGTAGGTGTATGA,0,2936916
ompRp4,0.14285714285714285,6,6,GGCGAAGGGCCTATTTGATA,0,2937923
ompRp4,0.14285714285714285,6,6,GGCACCGAGTGAATGGGTAA,0,2933257
ompRp4,0.14285714285714285,6,6,GGATTGGAGACTCCTCTTAA,0,2936669
ompRp4,0.14285714285714285,6,6,GGATGGCAACGTGTATTTCA,0,2916970
ompRp4,0.14285714285714285,6,6,GGAGACGTGGTAGGAAGGTG,0,2928334
ompRp4,0.14285714285714285,6,6,GGACATTCAACTTTAGAACA,0,2924039
ompRp4,0.14285714285714285,6,6,GGACACGAGAACAGACCAGC,0,2929788
ompRp4,0.14285714285714285,6,6,GGAATTGTCGCTGCCCAACT,0,2919728
ompRp4,0.14285714285714285,6,6,GGAAGAATCCGGCATTCTAG,0,2932997
ompRp4,0.14285714285714285,6,6,GGAAATACCATGAGCGCGTA,0,2919727
ompRp4,0.14285714285714285,6,6,GCTTTTATAACAGTCGAACA,0,2937742
ompRp4,0.14285714285714285,6,6,GCTTCTCAACGCTCCGGTTC,0,2914178
ompRp4,0.14285714285714285,6,6,GCTTAAAGGTAGTATATGGA,0,2922301
ompRp4,0.14285714285714285,6,6,GCTGTCAGAGTTATGCGGTT,0,2933413
ompRp4,0.14285714285714285,6,6,GCTGACCGGTCATTAGGAAT,0,2930206
ompRp4,0.14285714285714285,6,6,GCTCAACGTGCGCTCCGGAA,0,2908582
ompRp4,0.14285714285714285,6,6,GCGTTTGTGACGGCGACGCG,0,2925838
ompRp4,0.14285714285714285,6,6,GCGTTGAGTTCGTACCTGGG,0,2929347
ompRp4,0.14285714285714285,6,6,GCGCGCGTGGTGGAAATGAG,0,2938290
ompRp4,0.14285714285714285,6,6,GCGCCAAAGAGTTAAGAGGT,0,2926434
ompRp4,0.14285714285714285,6,6,GCCTTATCCGATTCCTATTA,0,2920807
ompRp4,0.14285714285714285,6,6,GCCTCACGTTAATTGTCAGT,0,2924302
ompRp4,0.14285714285714285,6,6,GCCGTTCGGGATGGAGGACG,0,2922588
ompRp4,0.14285714285714285,6,6,GCCGAGACATCAGGCTGTTG,0,2933595
ompRp4,0.14285714285714285,6,6,GCCCTTTCTGATGGATGTAT,0,2922329
ompRp4,0.14285714285714285,6,6,GCCAGAGCGGCTCACCAAGG,0,2929167
ompRp4,0.14285714285714285,6,6,GCCAAGTTGCGGCGATGATA,0,2935847
ompRp4,0.14285714285714285,6,6,GCAGTTGTGGTTTTGAATAC,0,2928064
ompRp4,0.14285714285714285,6,6,GCAGGATAGTAAGCAAGGCT,0,2931117
ompRp4,0.14285714285714285,6,6,GCACTTGGACGAATGCGCAT,0,2924995
ompRp4,0.14285714285714285,6,6,GCAATGAGTGGACTAACTGG,0,2919068
ompRp4,0.14285714285714285,6,6,GCAATCGCCGGAGCTGAGGA,0,2919472
ompRp4,0.14285714285714285,6,6,GCAAGCTTTAAGCACCAGGG,0,2929233
ompRp4,0.14285714285714285,6,6,GATTTGAAGTATCAATGGAG,0,2918259
ompRp4,0.14285714285714285,6,6,GATGTAAGACTAGCCTATTT,0,2916984
ompRp4,0.14285714285714285,6,6,GATGGCCCTGGGCCAGAAGC,0,2923177
ompRp4,0.14285714285714285,6,6,GATCTCGTAACCGTCTTGAT,0,2912623
ompRp4,0.14285714285714285,6,6,GATCTCCTGGTCTACTTTGC,0,2924592
ompRp4,0.14285714285714285,6,6,GATCCGGTAAACTGGTTGTT,0,2929935
ompRp4,0.14285714285714285,6,6,GATAACACACGAAAAGACGA,0,2909786
ompRp4,0.14285714285714285,6,6,GAGGGATGAGGCAATTTAGT,0,2924030
ompRp4,0.14285714285714285,6,6,GAGGGACCGGAAGGGGGGGA,0,2937486
ompRp4,0.14285714285714285,6,6,GAGGCCTAAGTTAACAAAAT,0,2933990
ompRp4,0.14285714285714285,6,6,GAGCGGGGTAAGCTCCTAAA,0,2935188
ompRp4,0.14285714285714285,6,6,GAGATAACTGCCCACTTAAG,0,2933355
ompRp4,0.14285714285714285,6,6,GAGACTCATAGAGCTTGGAT,0,2914975
ompRp4,0.14285714285714285,6,6,GACTGATTGTTCTTGTAACT,0,2921825
ompRp4,0.14285714285714285,6,6,GACCATAAACGAATATTGTA,0,2920073
ompRp4,0.14285714285714285,6,6,GACACCATTAACTTGCACCT,0,2924589
ompRp4,0.14285714285714285,6,6,GAATTGCCAGCACATACCAC,0,2909340
ompRp4,0.14285714285714285,6,6,GAATTAGCGGAGGATAATGG,0,2911057
ompRp4,0.14285714285714285,6,6,GAAGTCTTACTTCGTCCCGG,0,2921173
ompRp4,0.14285714285714285,6,6,GAAGGGTCGGAGTTCACGGA,0,2919682
ompRp4,0.14285714285714285,6,6,GAAGCATACCCATAACAGTA,0,2919314
ompRp4,0.14285714285714285,6,6,GAAAGTGAATGGCCATTGTA,0,2923046
ompRp4,0.14285714285714285,6,6,GAAAGACGTGGCTAATGGCA,0,2930262
ompRp4,0.14285714285714285,6,6,GAAAGACAACACACTTTCGA,0,2918533
ompRp4,0.14285714285714285,6,6,GAAAAGTATAATGTACTCCC,0,2926272
ompRp4,0.14285714285714285,6,6,CTTTTGACAACAGTACGGTT,0,2935505
ompRp4,0.14285714285714285,6,6,CTTTGTTTAGGACTAAACGG,0,2922643
ompRp4,0.14285714285714285,6,6,CTTTATTAGGTTACGTGCTG,0,2917949
ompRp4,0.14285714285714285,6,6,CTTGGCTAGGTAACCGTTAC,0,2909112
ompRp4,0.14285714285714285,6,6,CTTCGGGCGTTCAGCACGAC,0,2929280
ompRp4,0.14285714285714285,6,6,CTTCGGCGTTTCGCTATGAC,0,2915929
ompRp4,0.14285714285714285,6,6,CTTAGTCCTTTAGCAATTAC,0,2912955
ompRp4,0.14285714285714285,6,6,CTTAGCTTTTCATTGAACAT,0,2922699
ompRp4,0.14285714285714285,6,6,CTTAATGCGAAAGTGCTGGC,0,2932779
ompRp4,0.14285714285714285,6,6,CTGATTGTGCTGGCAATAGA,0,2916740
ompRp4,0.14285714285714285,6,6,CTCTTTTGAGTGACCCGTCA,0,2932789
ompRp4,0.14285714285714285,6,6,CTCTTCTTCTCGTCACTAAA,0,2918381
ompRp4,0.14285714285714285,6,6,CTCTTCCGAGACCGGAACTA,0,2910350
ompRp4,0.14285714285714285,6,6,CTCTAGTTTGCTCTTAGTGG,0,2925978
ompRp4,0.14285714285714285,6,6,CTCCCAGGCAACCGAGTCCT,0,2923558
ompRp4,0.14285714285714285,6,6,CTAGGACGGATTCCATTCGG,0,2919067
ompRp4,0.14285714285714285,6,6,CTACTGCGGAGGAACTATTG,0,2927259
ompRp4,0.14285714285714285,6,6,CGTTACTTGTTTGGAGTCAC,0,2918629
ompRp4,0.14285714285714285,6,6,CGTTACCTGGGCGACGGCAA,0,2930204
ompRp4,0.14285714285714285,6,6,CGTTACAATCTTGATTCATC,0,2913345
ompRp4,0.14285714285714285,6,6,CGTGTTACTATGATGGGTAC,0,2926926
ompRp4,0.14285714285714285,6,6,CGTGTAACTTAATTTGGTAC,0,2924782
ompRp4,0.14285714285714285,6,6,CGTGCCACTAGATCGGTTCT,0,2922724
ompRp4,0.14285714285714285,6,6,CGTCATGAAAAGTCGTCCGC,0,2926977
ompRp4,0.14285714285714285,6,6,CGTCAACGGGTTAATTCGCA,0,2914835
ompRp4,0.14285714285714285,6,6,CGGTGTCCTAACTAAATAAT,0,2914226
ompRp4,0.14285714285714285,6,6,CGGTCTATTGCGTTCGAAAA,0,2912344
ompRp4,0.14285714285714285,6,6,CGGTAATGGGCACAAAGCCC,0,2916283
ompRp4,0.14285714285714285,6,6,CGGGGCCGTCCGCTATTTCT,0,2913433
ompRp4,0.14285714285714285,6,6,CGGCGCGGGACGAGTCAATT,0,2916590
ompRp4,0.14285714285714285,6,6,CGGCCTGGGGGACCTCAGGA,0,2908951
ompRp4,0.14285714285714285,6,6,CGGCATGTACCGACAACAGA,0,2923465
ompRp4,0.14285714285714285,6,6,CGGATGGGCCTGGGGGGGGG,0,2937634
ompRp4,0.14285714285714285,6,6,CGGAGAGTATAAAAGGCACA,0,2938220
ompRp4,0.14285714285714285,6,6,CGGACGCGCAGACCCCGTGC,0,2908116
ompRp4,0.14285714285714285,6,6,CGCTCATTGGTTGCGACCTG,0,2921130
ompRp4,0.14285714285714285,6,6,CGCTAGCTAACAGTACGTCT,0,2925177
ompRp4,0.14285714285714285,6,6,CGCGTGGGCAACAGGTGTCT,0,2927824
ompRp4,0.14285714285714285,6,6,CGCCATGCGTTGACCAGCAG,0,2929562
ompRp4,0.14285714285714285,6,6,CGATGAGCGTCTTTCCTGGT,0,2923220
ompRp4,0.14285714285714285,6,6,CGATCATGCTGGCTGCTTGT,0,2926138
ompRp4,0.14285714285714285,6,6,CGATAGGTTCGCCGTGCGGG,0,2915687
ompRp4,0.14285714285714285,6,6,CGAGGCCTTTCTCGGTTACT,0,2917906
ompRp4,0.14285714285714285,6,6,CGACCGGGCTACATGTGGGG,0,2909128
ompRp4,0.14285714285714285,6,6,CGAATGTGTCCATTTGAGTC,0,2929904
ompRp4,0.14285714285714285,6,6,CCTGAAGAACCCGTCTAGAA,0,2917024
ompRp4,0.14285714285714285,6,6,CCTCTGTTGCTTCGTCAGTC,0,2920513
ompRp4,0.14285714285714285,6,6,CCTCCTTATGAACCTTGTCA,0,2938155
ompRp4,0.14285714285714285,6,6,CCTCCCGCGCTGCGCTCCAG,0,2926711
ompRp4,0.14285714285714285,6,6,CCTCAACGTTCGATAGCTGC,0,2932621
ompRp4,0.14285714285714285,6,6,CCTACGCTGACTTATAGGTC,0,2930701
ompRp4,0.14285714285714285,6,6,CCTAATTGTGTTACTGCTCA,0,2910979
ompRp4,0.14285714285714285,6,6,CCTAATTGCTCAATGACAGG,0,2929600
ompRp4,0.14285714285714285,6,6,CCTAAATGCGCTAGGCAAAT,0,2933463
ompRp4,0.14285714285714285,6,6,CCGTCCGAATTGTTTCGACA,0,2921178
ompRp4,0.14285714285714285,6,6,CCGTAGCGTGTCGGCCCTGG,0,2918370
ompRp4,0.14285714285714285,6,6,CCGGCCCACTCCGCAAAGAA,0,2908474
ompRp4,0.14285714285714285,6,6,CCGCGTCGAAGGGGCTTTAG,0,2928699
ompRp4,0.14285714285714285,6,6,CCGCGCAGTTAGCGGGCGCT,0,2907732
ompRp4,0.14285714285714285,6,6,CCGCCAATGAATTTCGGTCC,0,2935312
ompRp4,0.14285714285714285,6,6,CCGCAGGCGTGGCAACTCAG,0,2938191
ompRp4,0.14285714285714285,6,6,CCGATGATTAGCTGAACATG,0,2924836
ompRp4,0.14285714285714285,6,6,CCGACCACACCGATAAGTTT,0,2931139
ompRp4,0.14285714285714285,6,6,CCCTCGAAGTGCTATTTCAT,0,2928638
ompRp4,0.14285714285714285,6,6,CCCGGGCGCTCACGCCGTGG,0,2908405
ompRp4,0.14285714285714285,6,6,CCCACGTGCTTTCTTCATGC,0,2919219
ompRp4,0.14285714285714285,6,6,CCCACCCCTTCCGCTCAGAT,0,2912369
ompRp4,0.14285714285714285,6,6,CCCACCACCCTGTGGCCGCC,0,2922609
ompRp4,0.14285714285714285,6,6,CCCAAAGGAGACGAGTAGGC,0,2919731
ompRp4,0.14285714285714285,6,6,CCATTGCGTGCGATTGAATA,0,2914775
ompRp4,0.14285714285714285,6,6,CCATAGTATGAGCGCATCCG,0,2916521
ompRp4,0.14285714285714285,6,6,CCAGGGAAATCGGGCAGCCA,0,2907947
ompRp4,0.14285714285714285,6,6,CCAGCTTACGGGGTCTGAGG,0,2925072
ompRp4,0.14285714285714285,6,6,CCACAGCTCGTGCTCACCGG,0,2919200
ompRp4,0.14285714285714285,6,6,CATTTGACGCGGGGAAGGAT,0,2920802
ompRp4,0.14285714285714285,6,6,CATGTCGGTCCCCCGCTTGA,0,2926186
ompRp4,0.14285714285714285,6,6,CATCTGAAGAAGCCTTTGAC,0,2908776
ompRp4,0.14285714285714285,6,6,CATAGGGCCTTCGGCCGTTT,0,2930515
ompRp4,0.14285714285714285,6,6,CAGTGGGCGTGGCCCGGTCC,0,2913617
ompRp4,0.14285714285714285,6,6,CAGTGACGGGTTCCCTTATG,0,2909155
ompRp4,0.14285714285714285,6,6,CAGTATTGCCGTTGTATAGC,0,2926694
ompRp4,0.14285714285714285,6,6,CAGGGATCGGATGTTCTGGT,0,2926133
ompRp4,0.14285714285714285,6,6,CAGGCGTGGATCCGGGAACT,0,2923015
ompRp4,0.14285714285714285,6,6,CAGCTTGCAAGTGAACCCAC,0,2934815
ompRp4,0.14285714285714285,6,6,CAGCGCAATGGTCCTCCTGT,0,2932658
ompRp4,0.14285714285714285,6,6,CAGCAGGTCGCCTTAACGCT,0,2915134
ompRp4,0.14285714285714285,6,6,CAGCACAATTAGAAGCGTGA,0,2919189
ompRp4,0.14285714285714285,6,6,CAGATCCTTATCACGCTTGC,0,2935313
ompRp4,0.14285714285714285,6,6,CACTTCACTAGGGAAAGCTT,0,2917855
ompRp4,0.14285714285714285,6,6,CACTCGCGGTATGGTGAGTG,0,2919435
ompRp4,0.14285714285714285,6,6,CACGGGCCGTGACGGCTGGG,0,2915830
ompRp4,0.14285714285714285,6,6,CACGGCGATCATGTTAGAAT,0,2938178
ompRp4,0.14285714285714285,6,6,CACCTTGATGCTCCATAACT,0,2929954
ompRp4,0.14285714285714285,6,6,CACCGCTATGGTTCCGGTCG,0,2923383
ompRp4,0.14285714285714285,6,6,CACCCGTCGAATCTGCCACA,0,2933907
ompRp4,0.14285714285714285,6,6,CACCCAAAGGACAGACCTAA,0,2924838
ompRp4,0.14285714285714285,6,6,CACCAGAGGGGTGAGACCCA,0,2921899
ompRp4,0.14285714285714285,6,6,CACATGAAGACTAACTAACA,0,2915904
ompRp4,0.14285714285714285,6,6,CAATGGGCAAACAGCGTTCA,0,2934159
ompRp4,0.14285714285714285,6,6,CAAGTAGAATGCGCGGTACT,0,2936438
ompRp4,0.14285714285714285,6,6,CAACTTATTTCAATGGGGAC,0,2931877
ompRp4,0.14285714285714285,6,6,CAAATGACCAAATGCGAAAG,0,2915085
ompRp4,0.14285714285714285,6,6,CAAAGGGCCATAGATTGCAT,0,2931453
ompRp4,0.14285714285714285,6,6,CAAAGCTTCCTACGTTTACA,0,2924497
ompRp4,0.14285714285714285,6,6,ATTTTATGGTTCGACACCTT,0,2925796
ompRp4,0.14285714285714285,6,6,ATTTATATGGAGGTTTGCCG,0,2934449
ompRp4,0.14285714285714285,6,6,ATTGTTTTAAAAAATCACAG,0,2920705
ompRp4,0.14285714285714285,6,6,ATTGAGAAATCTGCGAATTC,0,2926425
ompRp4,0.14285714285714285,6,6,ATTCCAGCCTGATACACCTG,0,2911715
ompRp4,0.14285714285714285,6,6,ATTATCGTGGGGCAATAAAT,0,2932631
ompRp4,0.14285714285714285,6,6,ATGTGCTGCGGGCTCACTGC,0,2922536
ompRp4,0.14285714285714285,6,6,ATGTGCGGATGGTTGAAAGC,0,2929278
ompRp4,0.14285714285714285,6,6,ATGTACTGGTTCCCGCTTTA,0,2912302
ompRp4,0.14285714285714285,6,6,ATGCTTTACCTCTCGCCCAG,0,2924060
ompRp4,0.14285714285714285,6,6,ATCTTATCCTGTCAAGAATT,0,2926164
ompRp4,0.14285714285714285,6,6,ATCTAACGTACTCCCTTGTA,0,2926232
ompRp4,0.14285714285714285,6,6,ATCGGTCGTGGGGTCAAGTC,0,2913387
ompRp4,0.14285714285714285,6,6,ATCGGGCGCCTTCCTGCCAA,0,2921182
ompRp4,0.14285714285714285,6,6,ATCGCTGTACTGTCTTGAAG,0,2921969
ompRp4,0.14285714285714285,6,6,ATCGATAGTACAGGATTGCT,0,2913311
ompRp4,0.14285714285714285,6,6,ATCCGTGGTAAGGGACTTCT,0,2913011
ompRp4,0.14285714285714285,6,6,ATCCCCTGGTTGACTAGCGA,0,2926054
ompRp4,0.14285714285714285,6,6,ATATTTCCGACTGTTAAGAC,0,2911847
ompRp4,0.14285714285714285,6,6,ATATTGCTCGACCGAATTCC,0,2924083
ompRp4,0.14285714285714285,6,6,ATATGTAGCGGAAACAATTA,0,2914180
ompRp4,0.14285714285714285,6,6,ATATGCACATGCGTCTAGCA,0,2930420
ompRp4,0.14285714285714285,6,6,ATATATACCAGTCCGTGAAG,0,2927325
ompRp4,0.14285714285714285,6,6,ATATAGTCAACGGCTACAAC,0,2910981
ompRp4,0.14285714285714285,6,6,ATAGACGGCGCGAGTACACT,0,2912522
ompRp4,0.14285714285714285,6,6,ATACCGCGGGCTTCAAGGTA,0,2914111
ompRp4,0.14285714285714285,6,6,ATACACGGATCCGTGAGGAA,0,2924701
ompRp4,0.14285714285714285,6,6,ATACAACAGAACTCGATCTG,0,2911649
ompRp4,0.14285714285714285,6,6,ATAACTTACTGGAAGTTACA,0,2936220
ompRp4,0.14285714285714285,6,6,ATAACGACAGTGGCTCGTAA,0,2912851
ompRp4,0.14285714285714285,6,6,AGTTTTTGAGCTCTGCGGCA,0,2908750
ompRp4,0.14285714285714285,6,6,AGTTGATCTGGTGGATCTAG,0,2919788
ompRp4,0.14285714285714285,6,6,AGTACTAGAACACCGCTTCT,0,2914763
ompRp4,0.14285714285714285,6,6,AGGTAACCGAAAGGGTCCCT,0,2931691
ompRp4,0.14285714285714285,6,6,AGGGAAACGAATTGAGGTGC,0,2912529
ompRp4,0.14285714285714285,6,6,AGGCTCGTTCTCGGACGGCA,0,2921697
ompRp4,0.14285714285714285,6,6,AGGCTAGGAATGCTCATTGG,0,2936755
ompRp4,0.14285714285714285,6,6,AGGCTAGCGCAGAGCCGCTA,0,2926969
ompRp4,0.14285714285714285,6,6,AGGCGTTATTAACTACTTAG,0,2911747
ompRp4,0.14285714285714285,6,6,AGGATGGGTGAATGTAACTG,0,2930542
ompRp4,0.14285714285714285,6,6,AGCTGAAAATCCACATGTGG,0,2935201
ompRp4,0.14285714285714285,6,6,AGCTCACGTAATCTTGGGTG,0,2925663
ompRp4,0.14285714285714285,6,6,AGCGGTAAGCCCGGGTTGCA,0,2914471
ompRp4,0.14285714285714285,6,6,AGCATGTCGAGTGCGGCTAT,0,2912936
ompRp4,0.14285714285714285,6,6,AGCAATGAGCGCGGAATGCG,0,2915345
ompRp4,0.14285714285714285,6,6,AGATTCTATCGGCAAACTCA,0,2928316
ompRp4,0.14285714285714285,6,6,AGATCCTATGGTAAGCCTAA,0,2924883
ompRp4,0.14285714285714285,6,6,AGATATTGTATGTGTGGCAA,0,2932452
ompRp4,0.14285714285714285,6,6,AGAGCCATCTGACGGTTTTC,0,2924645
ompRp4,0.14285714285714285,6,6,AGAGAGCCGCTGTCCGTCAA,0,2934379
ompRp4,0.14285714285714285,6,6,AGACATTGCCATTAACCCAC,0,2915091
ompRp4,0.14285714285714285,6,6,AGAATGACTCTCGTTTAGTC,0,2915423
ompRp4,0.14285714285714285,6,6,AGAAGTCCCTGCAGCCCTAT,0,2933921
ompRp4,0.14285714285714285,6,6,AGAAGCATTTGTAGGGCATA,0,2926713
ompRp4,0.14285714285714285,6,6,AGAACTGATACGCTCTGTTG,0,2918592
ompRp4,0.14285714285714285,6,6,ACTGTGGAGGGGTGGTCTGA,0,2918223
ompRp4,0.14285714285714285,6,6,ACTGTCTTATGGCGCGGTCG,0,2910614
ompRp4,0.14285714285714285,6,6,ACTGCCGATGGGTAGTGCCA,0,2929168
ompRp4,0.14285714285714285,6,6,ACTCTAGAGATCTGCGTACA,0,2913201
ompRp4,0.14285714285714285,6,6,ACTCGTTAAAGTAAGGGTGC,0,2916946
ompRp4,0.14285714285714285,6,6,ACTAAGGACTACGGGAATCT,0,2925057
ompRp4,0.14285714285714285,6,6,ACTAAGAGCCATCGTGATTG,0,2918526
ompRp4,0.14285714285714285,6,6,ACTAACTGCGGTTGCTGCAT,0,2938226
ompRp4,0.14285714285714285,6,6,ACGGTAAGGGGTTTCCAATA,0,2916749
ompRp4,0.14285714285714285,6,6,ACGGATAAGGCAACAAGCAA,0,2913302
ompRp4,0.14285714285714285,6,6,ACGCTCGTTGCTGTACAGAA,0,2925233
ompRp4,0.14285714285714285,6,6,ACGCGTAGGGCGAGCTATCT,0,2936468
ompRp4,0.14285714285714285,6,6,ACGACGGGAAATAGTATGTA,0,2927115
ompRp4,0.14285714285714285,6,6,ACCGCAACACACATAGTGGC,0,2913318
ompRp4,0.14285714285714285,6,6,ACCGAGGCCAGGCGTAGGAT,0,2913044
ompRp4,0.14285714285714285,6,6,ACCGAGATGCTCGTCATAAT,0,2911792
ompRp4,0.14285714285714285,6,6,ACCAGCGTAAAGCTTAAAGA,0,2910581
ompRp4,0.14285714285714285,6,6,ACCACGCACGGGGGAAGGAT,0,2907756
ompRp4,0.14285714285714285,6,6,ACATTTCATGTGCAGCTTTA,0,2917371
ompRp4,0.14285714285714285,6,6,ACACGTCAAGGCTCCCAGAA,0,2921511
ompRp4,0.14285714285714285,6,6,ACACAAGTCGTTTGGAATAT,0,2931359
ompRp4,0.14285714285714285,6,6,ACACAAGGTCTAAAAAATTG,0,2929738
ompRp4,0.14285714285714285,6,6,ACAAGCTACTCGCGATTATC,0,2908016
ompRp4,0.14285714285714285,6,6,AATTGAGTCTCTCAGTCGCT,0,2915965
ompRp4,0.14285714285714285,6,6,AATTCAACACTGTCTCGATA,0,2935224
ompRp4,0.14285714285714285,6,6,AATTAAGCGCTAATGTGACA,0,2934241
ompRp4,0.14285714285714285,6,6,AATGTGTTGCCTGGGGGGAT,0,2930245
ompRp4,0.14285714285714285,6,6,AATGGTTGGCGCCGTTCCTA,0,2923280
ompRp4,0.14285714285714285,6,6,AATGGAGGAGATCGTTCAAG,0,2918901
ompRp4,0.14285714285714285,6,6,AATGAGTATCTACAATGTCC,0,2923755
ompRp4,0.14285714285714285,6,6,AATCGCTAACGGTCTCCGTC,0,2927530
ompRp4,0.14285714285714285,6,6,AATATCGGAGGCAATAGATG,0,2917782
ompRp4,0.14285714285714285,6,6,AATAGGAAAGGCACCCGGAC,0,2913930
ompRp4,0.14285714285714285,6,6,AAGTATTATATTTGAAGAGT,0,2922539
ompRp4,0.14285714285714285,6,6,AAGGTGCCGTAGCGGTTGGA,0,2921890
ompRp4,0.14285714285714285,6,6,AAGCGGACTGGGTCTCTCTT,0,2914717
ompRp4,0.14285714285714285,6,6,AAGCCTGCAATATCTTAAGT,0,2913255
ompRp4,0.14285714285714285,6,6,AAGAATAGGGCCTGGTGGCA,0,2937151
ompRp4,0.14285714285714285,6,6,AACGTTTGTGAAAATCGCCA,0,2924439
ompRp4,0.14285714285714285,6,6,AACGTTTCATTAATCTCTAA,0,2907850
ompRp4,0.14285714285714285,6,6,AACGTACAGGGGACCCTGAC,0,2915941
ompRp4,0.14285714285714285,6,6,AACCATACGGTGGCCCACTT,0,2937052
ompRp4,0.14285714285714285,6,6,AACACACACTGCTGGCAAGC,0,2911411
ompRp4,0.14285714285714285,6,6,AACAACACTTTTCACCTAGG,0,2936872
ompRp4,0.14285714285714285,6,6,AAATGTTGTTTCTATTTTCG,0,2925270
ompRp4,0.14285714285714285,6,6,AAATGAGTTATGCCCGTGCG,0,2931469
ompRp4,0.14285714285714285,6,6,AAATGAGGAAGTTAGGAATT,0,2908698
ompRp4,0.14285714285714285,6,6,AAAGTTATTCTAAAAAGATC,0,2928354
ompRp4,0.14285714285714285,6,6,AAACCTGCGGCAGAACCCGT,0,2916154
ompRp4,0.14285714285714285,6,6,AAACACCATTCGGAAATCAT,0,2926659
ompRp4,0.14285714285714285,6,6,AAAAGGGCTACACGGGGTTA,0,2937539
ompRp4,0.14285714285714285,6,6,AAAAGACGGCAGCTCATACA,0,2917848
ompRp4,0.16666666666666666,5,5,TTTTCGGCCCGTACTTCTAT,0,2930320
ompRp4,0.16666666666666666,5,5,TTTGTGATTCCAGTGCCTCT,0,2910268
ompRp4,0.16666666666666666,5,5,TTTGCGCACACACTACCAAC,0,2936865
ompRp4,0.16666666666666666,5,5,TTTGAAGGAGTGATTAGTGG,0,2933332
ompRp4,0.16666666666666666,5,5,TTTCACGATTGGTGATGAAG,0,2937955
ompRp4,0.16666666666666666,5,5,TTTATTCCGCGATCGGAGTT,0,2912146
ompRp4,0.16666666666666666,5,5,TTGTATCTAATAGAGAGCCC,0,2915667
ompRp4,0.16666666666666666,5,5,TTGGTAAGACCTTAGGTCAC,0,2935539
ompRp4,0.16666666666666666,5,5,TTGCATCCGGCTCGGGTGGT,0,2919303
ompRp4,0.16666666666666666,5,5,TTGAAGTTTGCGTGTCCGAA,0,2921667
ompRp4,0.16666666666666666,5,5,TTCTTCTAGGGGGTATTTAC,0,2916251
ompRp4,0.16666666666666666,5,5,TTCTAAGTACGGACGCCTCT,0,2910502
ompRp4,0.16666666666666666,5,5,TTCGAGTGGACGATTACAGG,0,2917136
ompRp4,0.16666666666666666,5,5,TTCCCCGGGGATATACAGAC,0,2910127
ompRp4,0.16666666666666666,5,5,TTCCACCGGAGGGCTCAGAT,0,2926684
ompRp4,0.16666666666666666,5,5,TTCAATCCAGGTGTTTTGAG,0,2918964
ompRp4,0.16666666666666666,5,5,TTCAAATATGGTTAATTGTT,0,2910372
ompRp4,0.16666666666666666,5,5,TTATGGACTCTTCCCACGAT,0,2908306
ompRp4,0.16666666666666666,5,5,TTATAACGCCTTTGCCGGAT,0,2919796
ompRp4,0.16666666666666666,5,5,TTAGCACACTCCCGTCTTGA,0,2937884
ompRp4,0.16666666666666666,5,5,TTACGTCACAACCCAGGTGC,0,2917828
ompRp4,0.16666666666666666,5,5,TTACGCACAGGTTATCAGGA,0,2908518
ompRp4,0.16666666666666666,5,5,TTACCTGAACAGGAGTCAAA,0,2928775
ompRp4,0.16666666666666666,5,5,TTACAAAGATACGAGGCCAC,0,2929518
ompRp4,0.16666666666666666,5,5,TGTTTGGAAGGGGGCCTAGT,0,2917525
ompRp4,0.16666666666666666,5,5,TGTTGGGAAGGGTCACAATC,0,2929403
ompRp4,0.16666666666666666,5,5,TGTGGTACTAATGCTTTATT,0,2928321
ompRp4,0.16666666666666666,5,5,TGTGCCGTATACCTGTGTGA,0,2912059
ompRp4,0.16666666666666666,5,5,TGTCTATCGTATATCAATGG,0,2911243
ompRp4,0.16666666666666666,5,5,TGTATATAACTACCCTGAAG,0,2923879
ompRp4,0.16666666666666666,5,5,TGTACGTGAACAACACACGT,0,2908496
ompRp4,0.16666666666666666,5,5,TGTACAACGCTCACGCTCTC,0,2919172
ompRp4,0.16666666666666666,5,5,TGGTTTACTACAGATGCCCA,0,2930555
ompRp4,0.16666666666666666,5,5,TGGTTGTGCAACGTTTGGAC,0,2931498
ompRp4,0.16666666666666666,5,5,TGGTCCTCAGCCTAGGCGCA,0,2914396
ompRp4,0.16666666666666666,5,5,TGGTAGGTGTAGTTTTTGTG,0,2913107
ompRp4,0.16666666666666666,5,5,TGGGTCCCGGTGGGGCAAAA,0,2926488
ompRp4,0.16666666666666666,5,5,TGGCGCACGTCCCGTGGCCC,0,2915906
ompRp4,0.16666666666666666,5,5,TGGATCGCGGTCCAAATTTA,0,2925070
ompRp4,0.16666666666666666,5,5,TGGATCCAGCAGCGGGCCTT,0,2918502
ompRp4,0.16666666666666666,5,5,TGCTCATGCGAGAACAGGGT,0,2925851
ompRp4,0.16666666666666666,5,5,TGCGTAGATCCTCAGATGTA,0,2936742
ompRp4,0.16666666666666666,5,5,TGCGAACGATTGATCGGCGG,0,2928209
ompRp4,0.16666666666666666,5,5,TGCAGTGTGCCACCGCCTTT,0,2907891
ompRp4,0.16666666666666666,5,5,TGCAGTAACTATCCCGCGTA,0,2917910
ompRp4,0.16666666666666666,5,5,TGCAGGCACTAAGGGTCCCA,0,2909230
ompRp4,0.16666666666666666,5,5,TGCACGCTTGTATTCTGTGG,0,2917095
ompRp4,0.16666666666666666,5,5,TGATTTACTGATGTTCGCGC,0,2934954
ompRp4,0.16666666666666666,5,5,TGATGGTCACTGGTGCACGT,0,2919652
ompRp4,0.16666666666666666,5,5,TGAGATCGACGCTCCGGCGA,0,2919459
ompRp4,0.16666666666666666,5,5,TGACATTCTATTCAAGACGT,0,2909576
ompRp4,0.16666666666666666,5,5,TGAAGGAGATGCGATCAGCT,0,2917439
ompRp4,0.16666666666666666,5,5,TGAACATGTGAGGTGTTACA,0,2918986
ompRp4,0.16666666666666666,5,5,TGAAACATACATACTTGGCA,0,2931728
ompRp4,0.16666666666666666,5,5,TCTTTTAAAAAGCCCACGTA,0,2912409
ompRp4,0.16666666666666666,5,5,TCTTGGAGGACTTTGTAAAA,0,2914629
ompRp4,0.16666666666666666,5,5,TCTGGTCGATCTGTCTCGCT,0,2921269
ompRp4,0.16666666666666666,5,5,TCTGCCTCTCTACAAAGCTT,0,2927578
ompRp4,0.16666666666666666,5,5,TCTCGGCCTGAAGATAAGAT,0,2921460
ompRp4,0.16666666666666666,5,5,TCTATCCGCTGAGAGTATGA,0,2920544
ompRp4,0.16666666666666666,5,5,TCTAGACGCGACCATACGGC,0,2917912
ompRp4,0.16666666666666666,5,5,TCGTTGAGCCCTAAGCTCAA,0,2915246
ompRp4,0.16666666666666666,5,5,TCGTGTGGGGGCGGATCTCA,0,2919136
ompRp4,0.16666666666666666,5,5,TCGTGAGCCGGTTCGGGTGA,0,2933609
ompRp4,0.16666666666666666,5,5,TCGCTTGACACGTACGTACA,0,2936418
ompRp4,0.16666666666666666,5,5,TCGCAGCAAGCTACCAGACC,0,2938224
ompRp4,0.16666666666666666,5,5,TCGAGGTACATAGCAGTTAT,0,2920656
ompRp4,0.16666666666666666,5,5,TCCTGGTTCTCGGCCACATT,0,2929808
ompRp4,0.16666666666666666,5,5,TCCTGGGCAAGCAGAGCGGA,0,2924894
ompRp4,0.16666666666666666,5,5,TCCTGGCAATCGGCGTACGC,0,2935087
ompRp4,0.16666666666666666,5,5,TCCTCCACGCGAGCAAAGGT,0,2907844
ompRp4,0.16666666666666666,5,5,TCCGGGAGACTATCCAGCCA,0,2922567
ompRp4,0.16666666666666666,5,5,TCCGCACGATGTATGATAGC,0,2930230
ompRp4,0.16666666666666666,5,5,TCCGAACCTAACGAGGACAA,0,2907814
ompRp4,0.16666666666666666,5,5,TCCACGTTTGTGGGGGCGAA,0,2929783
ompRp4,0.16666666666666666,5,5,TCATTCTGTTAGGTCGAAAT,0,2930386
ompRp4,0.16666666666666666,5,5,TCATCGTAAGCCTCTGAGTA,0,2929781
ompRp4,0.16666666666666666,5,5,TCATAGCTCAGCCTAGACGC,0,2923627
ompRp4,0.16666666666666666,5,5,TCAGTGTGAAAGACCTTCGC,0,2922403
ompRp4,0.16666666666666666,5,5,TCAGACCCGCGAGGGAGAGT,0,2933052
ompRp4,0.16666666666666666,5,5,TCACCCTGGAGTTAAACCGA,0,2920606
ompRp4,0.16666666666666666,5,5,TCAATTTGTCGAATCTAGCA,0,2917631
ompRp4,0.16666666666666666,5,5,TCAATTATACCGGGCAGTTA,0,2908685
ompRp4,0.16666666666666666,5,5,TCAACGGCGATACTAACGCC,0,2921868
ompRp4,0.16666666666666666,5,5,TATGTTCTGCACGAAGATGA,0,2931654
ompRp4,0.16666666666666666,5,5,TATGGTTCGTGACGACTACC,0,2935944
ompRp4,0.16666666666666666,5,5,TATGACCGCTATATGTGCGC,0,2916250
ompRp4,0.16666666666666666,5,5,TATCTTATATGATCAAATCA,0,2938006
ompRp4,0.16666666666666666,5,5,TATCTACGTGATAATTCGTG,0,2932173
ompRp4,0.16666666666666666,5,5,TATAACGTTCAGGCGGACAT,0,2910599
ompRp4,0.16666666666666666,5,5,TAGGTAGGGCCGCTTGATGC,0,2934315
ompRp4,0.16666666666666666,5,5,TAGCTGTGCGTTCCGTAAGG,0,2916818
ompRp4,0.16666666666666666,5,5,TAGCTGGGTCGCCGTTCATA,0,2935780
ompRp4,0.16666666666666666,5,5,TAGCCATACAGCCCTAGAGG,0,2913193
ompRp4,0.16666666666666666,5,5,TAGCACTCACCTAACCATCT,0,2932544
ompRp4,0.16666666666666666,5,5,TAGACCTAGCTGAATATGAG,0,2911861
ompRp4,0.16666666666666666,5,5,TACTATTGTGCCTTGGGTAT,0,2909461
ompRp4,0.16666666666666666,5,5,TACGTTGTCTGGGGAAACTT,0,2921091
ompRp4,0.16666666666666666,5,5,TACGTCCGTCACGGCGCCAT,0,2922840
ompRp4,0.16666666666666666,5,5,TACGGCGATTCATCACGGCC,0,2926034
ompRp4,0.16666666666666666,5,5,TACGAACGGTTTGGGCAAAA,0,2918371
ompRp4,0.16666666666666666,5,5,TACCAGCACCGTAAGTGCGC,0,2918210
ompRp4,0.16666666666666666,5,5,TACCACAAGCGACGTGTGGT,0,2925557
ompRp4,0.16666666666666666,5,5,TAATGCATTCGCGTATCCGG,0,2937906
ompRp4,0.16666666666666666,5,5,TAATAGCCGCAGATATCCGA,0,2910348
ompRp4,0.16666666666666666,5,5,TAAGGAAATATCTCAGCGGA,0,2923189
ompRp4,0.16666666666666666,5,5,TAACTGCTTGGGATAAGAAA,0,2914408
ompRp4,0.16666666666666666,5,5,TAACCGACATCTGCATCGCT,0,2929227
ompRp4,0.16666666666666666,5,5,TAACCAGACTCTTACAGAAT,0,2914755
ompRp4,0.16666666666666666,5,5,TAAAGGTAAATTGGAGCCTC,0,2908952
ompRp4,0.16666666666666666,5,5,GTTTGGATTCTTTGCTCTAA,0,2922381
ompRp4,0.16666666666666666,5,5,GTTTCCGGTTGCGGTCCTGG,0,2927543
ompRp4,0.16666666666666666,5,5,GTTTAGAATTCAGGTCAGCA,0,2934133
ompRp4,0.16666666666666666,5,5,GTTTAAGGGCTCCACAGTCC,0,2923138
ompRp4,0.16666666666666666,5,5,GTTGCGTCACTTATAGGAGT,0,2935048
ompRp4,0.16666666666666666,5,5,GTTGAAGGCAACGTTCCGTG,0,2935284
ompRp4,0.16666666666666666,5,5,GTTATCCCCTGTGGAACCCG,0,2918254
ompRp4,0.16666666666666666,5,5,GTGGTCTTCATGTGCGACCC,0,2913985
ompRp4,0.16666666666666666,5,5,GTGGGGCTTGCAATGTATCT,0,2936486
ompRp4,0.16666666666666666,5,5,GTGGGGAGACTCTGACATGG,0,2914298
ompRp4,0.16666666666666666,5,5,GTGGCGCGGTGTGGCCGTGT,0,2923756
ompRp4,0.16666666666666666,5,5,GTGCTGATCTCGGGATGATG,0,2916392
ompRp4,0.16666666666666666,5,5,GTGCGCGACAGATGCTAAAC,0,2929035
ompRp4,0.16666666666666666,5,5,GTGCCGGTCCCTAGCGCTCA,0,2916709
ompRp4,0.16666666666666666,5,5,GTGAGTTGTGACTTCATCAT,0,2923804
ompRp4,0.16666666666666666,5,5,GTGAGTATGTGCCTCTTTCT,0,2911761
ompRp4,0.16666666666666666,5,5,GTCTGGTTCCATAGTGGTCG,0,2917245
ompRp4,0.16666666666666666,5,5,GTCTCTGGATATTGCATTGG,0,2933621
ompRp4,0.16666666666666666,5,5,GTCTAAGACTTCATAAGGAA,0,2911848
ompRp4,0.16666666666666666,5,5,GTCGGGTAAATGCAATACTT,0,2932130
ompRp4,0.16666666666666666,5,5,GTCGGGGACTACCATCCCGT,0,2927750
ompRp4,0.16666666666666666,5,5,GTCCGCTTACCTCCTATGAT,0,2933646
ompRp4,0.16666666666666666,5,5,GTCCAGTGCGCGCTCCGGAT,0,2916239
ompRp4,0.16666666666666666,5,5,GTCCACCTCTCGTCTCCAGC,0,2913921
ompRp4,0.16666666666666666,5,5,GTCATGCAGATACGTCCCAA,0,2931707
ompRp4,0.16666666666666666,5,5,GTCACCAGAACTCGTACGGA,0,2937578
ompRp4,0.16666666666666666,5,5,GTATGCCGGTAGCGACTTGT,0,2934780
ompRp4,0.16666666666666666,5,5,GTATCACATTAGCAGGGGAG,0,2923266
ompRp4,0.16666666666666666,5,5,GTATAGCTTTAACCGCTCCA,0,2937530
ompRp4,0.16666666666666666,5,5,GTAGTCGCGTGCGATCGGTA,0,2923544
ompRp4,0.16666666666666666,5,5,GTACTTCGTTCGCCCGGACC,0,2910431
ompRp4,0.16666666666666666,5,5,GTAATCCTTTAAATCATCTT,0,2924514
ompRp4,0.16666666666666666,5,5,GTAACTGCTGGACCTGATAT,0,2910964
ompRp4,0.16666666666666666,5,5,GGTTCGTGGTCATTAGAATA,0,2934711
ompRp4,0.16666666666666666,5,5,GGTTCAACACCAGGCATACT,0,2917447
ompRp4,0.16666666666666666,5,5,GGTGAATCAGCCAGGGTTAT,0,2910305
ompRp4,0.16666666666666666,5,5,GGTCCACAGGGGCAACTCTC,0,2925589
ompRp4,0.16666666666666666,5,5,GGTCAGCACCCATCTGTAAT,0,2934041
ompRp4,0.16666666666666666,5,5,GGGTGTTCTACGTTGGAGTC,0,2915648
ompRp4,0.16666666666666666,5,5,GGGTATCAACTGCGCCGAGC,0,2935020
ompRp4,0.16666666666666666,5,5,GGGGCGACCTTGGTGTCGGG,0,2927703
ompRp4,0.16666666666666666,5,5,GGGGCCTACGTGGACTGCCT,0,2922411
ompRp4,0.16666666666666666,5,5,GGGCTTCAGCGAAATATTGC,0,2916306
ompRp4,0.16666666666666666,5,5,GGGCACGGCGTGCATCTCAA,0,2923746
ompRp4,0.16666666666666666,5,5,GGGAGTGACATTAATGCGTC,0,2932113
ompRp4,0.16666666666666666,5,5,GGCTGTGCTTATCTTCTTCA,0,2931870
ompRp4,0.16666666666666666,5,5,GGCTATCAGTTTCACACCTA,0,2920051
ompRp4,0.16666666666666666,5,5,GGCTAATCGCAACCGTTAAT,0,2915646
ompRp4,0.16666666666666666,5,5,GGCGCAGGGCGGGTGCCCTT,0,2918667
ompRp4,0.16666666666666666,5,5,GGCGAAACTCATATTACATA,0,2934432
ompRp4,0.16666666666666666,5,5,GGCCTGCAGCCTCTCCCAAG,0,2921154
ompRp4,0.16666666666666666,5,5,GGCCCCTCACATATCAAGTC,0,2911139
ompRp4,0.16666666666666666,5,5,GGCATGATGCGCCGCGCGTC,0,2935834
ompRp4,0.16666666666666666,5,5,GGATACAGCTAAGGATGTCC,0,2910408
ompRp4,0.16666666666666666,5,5,GGAGATTTATTCATATGGCT,0,2910013
ompRp4,0.16666666666666666,5,5,GGACGGAGATCTAATGGGAA,0,2922289
ompRp4,0.16666666666666666,5,5,GGAAGTCCGCGTGCAGAACG,0,2924575
ompRp4,0.16666666666666666,5,5,GGAAAAGCTAAAAACATGAG,0,2918794
ompRp4,0.16666666666666666,5,5,GCTTTTTGGACTTTAAGGCT,0,2912056
ompRp4,0.16666666666666666,5,5,GCTTTGATGGCCCCCTTACT,0,2908554
ompRp4,0.16666666666666666,5,5,GCTTGCGGAGTCCCCTGCCC,0,2909918
ompRp4,0.16666666666666666,5,5,GCTCCGCGCGAGAATAACTG,0,2935073
ompRp4,0.16666666666666666,5,5,GCTAGACCATAGCATACAAA,0,2918512
ompRp4,0.16666666666666666,5,5,GCTAGAATTATGATTCGATA,0,2923211
ompRp4,0.16666666666666666,5,5,GCTACGAGCTTGATTGTAAG,0,2911208
ompRp4,0.16666666666666666,5,5,GCGTTCCGGGAACTGAAGCA,0,2936676
ompRp4,0.16666666666666666,5,5,GCGTGTGTCATCGATTCTAC,0,2926029
ompRp4,0.16666666666666666,5,5,GCGGTGTCCTAAATTATAAA,0,2922540
ompRp4,0.16666666666666666,5,5,GCGGTACCCGGTCACACAAT,0,2931284
ompRp4,0.16666666666666666,5,5,GCGGGCTATAACAGCAAGTC,0,2918070
ompRp4,0.16666666666666666,5,5,GCGGATCATTCGACTGACGC,0,2919659
ompRp4,0.16666666666666666,5,5,GCGATAGGCACGTACTTAGC,0,2919633
ompRp4,0.16666666666666666,5,5,GCGATACATCCTTCATAAAT,0,2916795
ompRp4,0.16666666666666666,5,5,GCGATAAGGATGTTTTTGTT,0,2934792
ompRp4,0.16666666666666666,5,5,GCGACTTGCTGACAGTTACT,0,2927015
ompRp4,0.16666666666666666,5,5,GCCTTCAAACTTGCTCACAT,0,2932712
ompRp4,0.16666666666666666,5,5,GCCTTACGGGTCCTATGGGT,0,2921143
ompRp4,0.16666666666666666,5,5,GCCTGAAAACCGATAAGTGT,0,2929122
ompRp4,0.16666666666666666,5,5,GCCTCATCGTGGTCCAGCAA,0,2929560
ompRp4,0.16666666666666666,5,5,GCCGTTGGGGAGGAGTTCTC,0,2925227
ompRp4,0.16666666666666666,5,5,GCCGCTAGTGCATCGTACGA,0,2910834
ompRp4,0.16666666666666666,5,5,GCCCTTGCATGGGTATATAG,0,2926807
ompRp4,0.16666666666666666,5,5,GCCCGGAGGTCGAACCCTTA,0,2909103
ompRp4,0.16666666666666666,5,5,GCCCCGGGCCTTGGGCCAAG,0,2928920
ompRp4,0.16666666666666666,5,5,GCATAACGGCACTAACTCCG,0,2934472
ompRp4,0.16666666666666666,5,5,GCAGTTTCTCCAGATATATC,0,2908020
ompRp4,0.16666666666666666,5,5,GCAGTGCTTGCCAGTCTCAG,0,2922266
ompRp4,0.16666666666666666,5,5,GCAGTATGTCCAGCTATAGG,0,2922303
ompRp4,0.16666666666666666,5,5,GCAGATTCTGGCTAAGACGA,0,2934626
ompRp4,0.16666666666666666,5,5,GCACGTTCGAATTGTTCATG,0,2923317
ompRp4,0.16666666666666666,5,5,GCACAACCGAAGACACTAGC,0,2929495
ompRp4,0.16666666666666666,5,5,GCAATCATCTTTGGGGGTAT,0,2930264
ompRp4,0.16666666666666666,5,5,GCAACCGGTTGAATGCCTGC,0,2908309
ompRp4,0.16666666666666666,5,5,GCAACCAGGGGGCTAATCCA,0,2914392
ompRp4,0.16666666666666666,5,5,GATGTTGTCATCGAAAGAGG,0,2928188
ompRp4,0.16666666666666666,5,5,GATGCTAGGTGATCGTCATG,0,2930052
ompRp4,0.16666666666666666,5,5,GATGCCTTTTCCCACGAGAA,0,2913616
ompRp4,0.16666666666666666,5,5,GATCGTTAATTGAAGAAAAC,0,2924523
ompRp4,0.16666666666666666,5,5,GATCCTGAAATCGATAAACC,0,2935065
ompRp4,0.16666666666666666,5,5,GATCAATGCTCCAATGGAGC,0,2937795
ompRp4,0.16666666666666666,5,5,GATAAGACGAATTAGTACCG,0,2918548
ompRp4,0.16666666666666666,5,5,GAGGTGTGTTGTCTGGCGGG,0,2911385
ompRp4,0.16666666666666666,5,5,GAGGTCGATTTTTTATGCAA,0,2925351
ompRp4,0.16666666666666666,5,5,GAGGTACCTGGTTGGGAGAT,0,2917644
ompRp4,0.16666666666666666,5,5,GAGGCGACTTATTTTCTAGA,0,2935961
ompRp4,0.16666666666666666,5,5,GACTTAATTATACGAGGATG,0,2934943
ompRp4,0.16666666666666666,5,5,GACGTCTACGCGTTAGATGA,0,2909291
ompRp4,0.16666666666666666,5,5,GACGCACCATTTGCAGATTG,0,2934820
ompRp4,0.16666666666666666,5,5,GACAGCCGGTCGCGCTGCGA,0,2928201
ompRp4,0.16666666666666666,5,5,GACACATCTACGGCTCGGCT,0,2920866
ompRp4,0.16666666666666666,5,5,GAAGTGTACTAGCATGTTTT,0,2918934
ompRp4,0.16666666666666666,5,5,GAAGGGGTTAGGTTTACGTG,0,2912889
ompRp4,0.16666666666666666,5,5,GAAGCTTATGTATTTAAAGT,0,2931861
ompRp4,0.16666666666666666,5,5,GAACCGTAGCCTGAAACCCC,0,2921785
ompRp4,0.16666666666666666,5,5,GAACAGGGTTGTTTCACAGT,0,2916027
ompRp4,0.16666666666666666,5,5,GAAAGTGGGTCGTGCATGTA,0,2919712
ompRp4,0.16666666666666666,5,5,GAAACTATGCACTGGATCGG,0,2933011
ompRp4,0.16666666666666666,5,5,GAAACGGCGGTTTACACAAC,0,2919729
ompRp4,0.16666666666666666,5,5,CTTTTGCGGAGTAGTACCGC,0,2928036
ompRp4,0.16666666666666666,5,5,CTTCTTTTTCATCTTCATGC,0,2923424
ompRp4,0.16666666666666666,5,5,CTTCGTGTTTATCCACGGAG,0,2908253
ompRp4,0.16666666666666666,5,5,CTTCAGAGGATTTGCGCATA,0,2913716
ompRp4,0.16666666666666666,5,5,CTTATATCACTGGCGCACGA,0,2937616
ompRp4,0.16666666666666666,5,5,CTGTGGCTCATTTGGGCGCG,0,2933685
ompRp4,0.16666666666666666,5,5,CTGGTGCGATGATTCAAACA,0,2913524
ompRp4,0.16666666666666666,5,5,CTGGTATCTTGTGTACAACC,0,2921137
ompRp4,0.16666666666666666,5,5,CTGGAAGATATCCTCGATTC,0,2922308
ompRp4,0.16666666666666666,5,5,CTGCGTCACTACCGACAGTA,0,2936535
ompRp4,0.16666666666666666,5,5,CTCTGGGCTTTTGTAATTAG,0,2931475
ompRp4,0.16666666666666666,5,5,CTCTGCGAAGTCACCTCACG,0,2936326
ompRp4,0.16666666666666666,5,5,CTCAGGCCATAGTTCTCCCT,0,2926686
ompRp4,0.16666666666666666,5,5,CTCAGCTGCGGCGGTTTTTT,0,2934879
ompRp4,0.16666666666666666,5,5,CTAGTAACAGAACACTACCA,0,2920703
ompRp4,0.16666666666666666,5,5,CTACTCAGCTTGTTCTACAT,0,2908638
ompRp4,0.16666666666666666,5,5,CTACGCAGGGGGAACCAGTG,0,2923738
ompRp4,0.16666666666666666,5,5,CTACCCAGCATATACGGTGA,0,2916493
ompRp4,0.16666666666666666,5,5,CTACATCTCGCCGAACCCAC,0,2927421
ompRp4,0.16666666666666666,5,5,CTACACGGAGATCAAGACCG,0,2937103
ompRp4,0.16666666666666666,5,5,CTAATGCATCTCGATGCGGC,0,2930671
ompRp4,0.16666666666666666,5,5,CTAATACAGATGCGGACCGT,0,2930194
ompRp4,0.16666666666666666,5,5,CTAAGCTGCGTACTCTGCAG,0,2913091
ompRp4,0.16666666666666666,5,5,CGTTTGATAACATAATCAGG,0,2934143
ompRp4,0.16666666666666666,5,5,CGTTCGTTGCCCAAAATGAA,0,2935621
ompRp4,0.16666666666666666,5,5,CGTGGGCAGATGTGAAAGAG,0,2934685
ompRp4,0.16666666666666666,5,5,CGTGGCATCGATGTTACTGA,0,2920346
ompRp4,0.16666666666666666,5,5,CGGTGGTGGCAGTCTCAATA,0,2932026
ompRp4,0.16666666666666666,5,5,CGGGTACATGACGTTGTGCT,0,2920252
ompRp4,0.16666666666666666,5,5,CGGGGTAGCCACGCGAAGGA,0,2910445
ompRp4,0.16666666666666666,5,5,CGGGGACACGGTAAACCGAC,0,2932304
ompRp4,0.16666666666666666,5,5,CGGGATGAGTTAATCTGGTA,0,2919857
ompRp4,0.16666666666666666,5,5,CGGCTAGTGTCTATGCGGTA,0,2922457
ompRp4,0.16666666666666666,5,5,CGGCACTTAAAGTGTGGGCG,0,2922480
ompRp4,0.16666666666666666,5,5,CGGCAAAAGTCCCAGTGTAG,0,2916439
ompRp4,0.16666666666666666,5,5,CGGACTACTCCCCGCGGTCA,0,2932628
ompRp4,0.16666666666666666,5,5,CGGACCACGGTTTCTTGCTT,0,2910443
ompRp4,0.16666666666666666,5,5,CGGAAAAGATCGGGGTACAC,0,2930389
ompRp4,0.16666666666666666,5,5,CGCCGCTAGCTAGCCTGCTC,0,2908187
ompRp4,0.16666666666666666,5,5,CGCAGTGGTAGCCAACGGGG,0,2909109
ompRp4,0.16666666666666666,5,5,CGATTTATTCGGGTTACATA,0,2911306
ompRp4,0.16666666666666666,5,5,CGATAGACATGGATCTTCTG,0,2919370
ompRp4,0.16666666666666666,5,5,CGAGAGCATTCTGAACAGGT,0,2908856
ompRp4,0.16666666666666666,5,5,CGAATGCAACTCGTTCTCAC,0,2925985
ompRp4,0.16666666666666666,5,5,CCTTCGTGAACGGCCCCTCT,0,2934977
ompRp4,0.16666666666666666,5,5,CCTGCGTAGATGGACTGGCA,0,2911743
ompRp4,0.16666666666666666,5,5,CCTCCTAAAGCATAAGCTGA,0,2909341
ompRp4,0.16666666666666666,5,5,CCTAGGATTTGGGCAGAATT,0,2936218
ompRp4,0.16666666666666666,5,5,CCTAAGTTATGTCAGTCGCA,0,2932840
ompRp4,0.16666666666666666,5,5,CCGTTGTGCTGTCACCGGGC,0,2931551
ompRp4,0.16666666666666666,5,5,CCGTTGGGCATCAGGGTGGT,0,2932494
ompRp4,0.16666666666666666,5,5,CCGTATGGACGCGGGGTCCA,0,2919815
ompRp4,0.16666666666666666,5,5,CCGGTTCAGCACTCAGGTGG,0,2919194
ompRp4,0.16666666666666666,5,5,CCGGTCTGTCCGTAACTCGG,0,2928266
ompRp4,0.16666666666666666,5,5,CCGGGTTCTAATCCAGAAGC,0,2937748
ompRp4,0.16666666666666666,5,5,CCGGGAGTGTTGGATGCGTA,0,2912282
ompRp4,0.16666666666666666,5,5,CCGGAGCAGATTCAAACATT,0,2911519
ompRp4,0.16666666666666666,5,5,CCGCTTACCGGGCCGTTTTA,0,2911186
ompRp4,0.16666666666666666,5,5,CCGCTAGCGTCACACCACAG,0,2920867
ompRp4,0.16666666666666666,5,5,CCGCCAAAATGCGCCAGTTT,0,2921478
ompRp4,0.16666666666666666,5,5,CCGACGTCGCCGCACAAGGA,0,2917392
ompRp4,0.16666666666666666,5,5,CCGACCTCGTCACCGTCAAA,0,2935353
ompRp4,0.16666666666666666,5,5,CCGAAGCGTCCAAGGTTACG,0,2908260
ompRp4,0.16666666666666666,5,5,CCCTCTTCGGAGGCTTCCCC,0,2912190
ompRp4,0.16666666666666666,5,5,CCCGTGTTGCGCGGTTGGGT,0,2934453
ompRp4,0.16666666666666666,5,5,CCCACTACAACATGGTCCCT,0,2918676
ompRp4,0.16666666666666666,5,5,CCCACCACATCCTGTTACGT,0,2930808
ompRp4,0.16666666666666666,5,5,CCATGGCGATCGCTTGTTTG,0,2930400
ompRp4,0.16666666666666666,5,5,CCAGGGTAGCATGTTTTGCC,0,2934814
ompRp4,0.16666666666666666,5,5,CATTGTACGATAGGGGAGGT,0,2935987
ompRp4,0.16666666666666666,5,5,CATTCCTAATGGAATAGGAT,0,2911137
ompRp4,0.16666666666666666,5,5,CATGTTCAACTTTTGGACTT,0,2919468
ompRp4,0.16666666666666666,5,5,CATGGTCGGTTTCCTTTCCT,0,2934844
ompRp4,0.16666666666666666,5,5,CATGGCTTTCTATCCACATC,0,2908826
ompRp4,0.16666666666666666,5,5,CATGGCAAGTTACCCCCAAC,0,2930508
ompRp4,0.16666666666666666,5,5,CATCCGTATTGTGGGTCCGA,0,2909523
ompRp4,0.16666666666666666,5,5,CATCAACAACACCCTTTCCA,0,2925299
ompRp4,0.16666666666666666,5,5,CAGTAGAGCCTCGTGGGCAA,0,2912689
ompRp4,0.16666666666666666,5,5,CAGGGGGAGAGTAAAAGGCT,0,2916741
ompRp4,0.16666666666666666,5,5,CAGGGCCCAGGTAACTATAG,0,2909389
ompRp4,0.16666666666666666,5,5,CAGGACGGGTCGCGCCATGG,0,2918825
ompRp4,0.16666666666666666,5,5,CAGCGTGGACTAGAAGTCGT,0,2926813
ompRp4,0.16666666666666666,5,5,CAGAGGGTTAACGCTCGGTT,0,2933258
ompRp4,0.16666666666666666,5,5,CAGAGCTTGCGAAAGCGAGT,0,2917891
ompRp4,0.16666666666666666,5,5,CAGACAGCTTTGACATTTCG,0,2910717
ompRp4,0.16666666666666666,5,5,CACTCCGGCCTGAATTTAGT,0,2938058
ompRp4,0.16666666666666666,5,5,CACGCGTTGAATGGCGGAAC,0,2926170
ompRp4,0.16666666666666666,5,5,CACCTCAGACCGAACGGAGA,0,2923604
ompRp4,0.16666666666666666,5,5,CACCGATGACAGGATAAGGT,0,2910890
ompRp4,0.16666666666666666,5,5,CACATTGGGTGAAACCCTGG,0,2930186
ompRp4,0.16666666666666666,5,5,CAATAGACTGACCGTATTCA,0,2917335
ompRp4,0.16666666666666666,5,5,CAATACCCACTCTATAGCCG,0,2920771
ompRp4,0.16666666666666666,5,5,CAAGTTTCCATATCAGGTTG,0,2924512
ompRp4,0.16666666666666666,5,5,CAAGTCTGACAGAACGACAC,0,2921733
ompRp4,0.16666666666666666,5,5,CAAGGGTTTCGAATACTCGA,0,2908549
ompRp4,0.16666666666666666,5,5,CAAGCACAGTAATATCAGTT,0,2917486
ompRp4,0.16666666666666666,5,5,CAACGCCCCAAAATCGTTCT,0,2923997
ompRp4,0.16666666666666666,5,5,CAACAATAGCGGTCATCTGG,0,2926754
ompRp4,0.16666666666666666,5,5,CAAATGCGTCGGAAATACTA,0,2929908
ompRp4,0.16666666666666666,5,5,CAAAGCCCGGGGAAGCTGGG,0,2932106
ompRp4,0.16666666666666666,5,5,CAAAAGGTCACCTCGGATTA,0,2934642
ompRp4,0.16666666666666666,5,5,ATTTTTACCCTGCAATGAGA,0,2935372
ompRp4,0.16666666666666666,5,5,ATTGCCACTAAGTTGATAGC,0,2915298
ompRp4,0.16666666666666666,5,5,ATTCTTTTCTCCCAGAAAAT,0,2928600
ompRp4,0.16666666666666666,5,5,ATTCTAAAAGGCCCAGCACG,0,2916150
ompRp4,0.16666666666666666,5,5,ATTCGTAGCGGCGAGGATGA,0,2909850
ompRp4,0.16666666666666666,5,5,ATTCGGACAACGGTGCCTAA,0,2925127
ompRp4,0.16666666666666666,5,5,ATTCCTCTCTAAACCGTTCC,0,2910144
ompRp4,0.16666666666666666,5,5,ATTCCAACAGTACCTCCCGG,0,2918879
ompRp4,0.16666666666666666,5,5,ATTCAGTTACACATTCACTT,0,2934361
ompRp4,0.16666666666666666,5,5,ATTCAGATTTACCCTAACCA,0,2908650
ompRp4,0.16666666666666666,5,5,ATTAGCTAGGGCATTACCTA,0,2936451
ompRp4,0.16666666666666666,5,5,ATTAACTCTCAGGTTCGGTC,0,2933638
ompRp4,0.16666666666666666,5,5,ATGTGCCTACACCTTCAGGC,0,2924343
ompRp4,0.16666666666666666,5,5,ATGGGCGTTAGCGAATTGAT,0,2920383
ompRp4,0.16666666666666666,5,5,ATGGCGGACCGGCAATCCAC,0,2927812
ompRp4,0.16666666666666666,5,5,ATGGAAGGTGTAAGCGGGAT,0,2911153
ompRp4,0.16666666666666666,5,5,ATGCTATAGTAGGAAAGTGT,0,2930510
ompRp4,0.16666666666666666,5,5,ATGCGTGAGTAGGAAGTGGG,0,2910922
ompRp4,0.16666666666666666,5,5,ATGCCTCCGGGAACGCAAGT,0,2928928
ompRp4,0.16666666666666666,5,5,ATGCCGTGTGACGGGACCGA,0,2912649
ompRp4,0.16666666666666666,5,5,ATGCCGTAACACGTTAAGTG,0,2919778
ompRp4,0.16666666666666666,5,5,ATGAGTTTGGAAACATCAAT,0,2911839
ompRp4,0.16666666666666666,5,5,ATGAGGACTTTCGTATGCTC,0,2927209
ompRp4,0.16666666666666666,5,5,ATGAGAACAATGGTGTAATC,0,2913104
ompRp4,0.16666666666666666,5,5,ATGACCGCACAGCTACCGAG,0,2921158
ompRp4,0.16666666666666666,5,5,ATGACAAACGAGTAAAAATA,0,2910937
ompRp4,0.16666666666666666,5,5,ATCTCCCGAGCCTAAGCCTA,0,2928130
ompRp4,0.16666666666666666,5,5,ATCGTCGTTAATGGAGGCCG,0,2908847
ompRp4,0.16666666666666666,5,5,ATCGGTCTACCGCTCCCGCT,0,2926927
ompRp4,0.16666666666666666,5,5,ATCGGGAAACCTGTACAAGA,0,2932646
ompRp4,0.16666666666666666,5,5,ATCGGCCATAATCGAATTGT,0,2922314
ompRp4,0.16666666666666666,5,5,ATCCCCGCTCGCCGAAACTG,0,2929334
ompRp4,0.16666666666666666,5,5,ATCCCCACTCAGCGCAGTAA,0,2935335
ompRp4,0.16666666666666666,5,5,ATCCAAACCCGTCTTGGTCC,0,2929104
ompRp4,0.16666666666666666,5,5,ATATGTTTTCTCGGCAATTC,0,2916279
ompRp4,0.16666666666666666,5,5,ATATCGACTAATTCAGGAAT,0,2915244
ompRp4,0.16666666666666666,5,5,ATATAAATAACGGGAGCACA,0,2908032
ompRp4,0.16666666666666666,5,5,ATAGGCGTACGTCGTCCAAT,0,2934608
ompRp4,0.16666666666666666,5,5,ATAGCGGAGTTCATGTACGA,0,2922678
ompRp4,0.16666666666666666,5,5,ATAGCGCCCTGATAGCGATT,0,2931740
ompRp4,0.16666666666666666,5,5,ATACCTCATGGCACAAGTAG,0,2923017
ompRp4,0.16666666666666666,5,5,ATAAGTTTTGTCAGCGTCAG,0,2922975
ompRp4,0.16666666666666666,5,5,ATAAGATTTGGTCGGAGGGC,0,2915673
ompRp4,0.16666666666666666,5,5,ATAAATGTCCACTGTCAAGG,0,2927149
ompRp4,0.16666666666666666,5,5,AGTGCCCGGAGATCTTACGA,0,2911389
ompRp4,0.16666666666666666,5,5,AGTGAGTCTCCACTTTCAGT,0,2911926
ompRp4,0.16666666666666666,5,5,AGTGACCTCAAGCTACCGAG,0,2911870
ompRp4,0.16666666666666666,5,5,AGTCCTACCTCATCCCCCGG,0,2927173
ompRp4,0.16666666666666666,5,5,AGTAGGTGCAGAACTGCGTG,0,2923600
ompRp4,0.16666666666666666,5,5,AGGTTCGCGAATCCCGCCCA,0,2935837
ompRp4,0.16666666666666666,5,5,AGGTGATCTACGCACCGAAC,0,2912715
ompRp4,0.16666666666666666,5,5,AGGTCGAGTGTCCATCGGGA,0,2927217
ompRp4,0.16666666666666666,5,5,AGGTAAGAAGGCCTGTTAGT,0,2911766
ompRp4,0.16666666666666666,5,5,AGGGAAAGAATCTAAAACAA,0,2920795
ompRp4,0.16666666666666666,5,5,AGGCTTTTTCCGTTTGGCCT,0,2924994
ompRp4,0.16666666666666666,5,5,AGGCTTGCGTCCAAGCTGGC,0,2918530
ompRp4,0.16666666666666666,5,5,AGGCGTATGGGTTATACGAG,0,2915905
ompRp4,0.16666666666666666,5,5,AGGCGGGACGACCCTCGTTC,0,2909914
ompRp4,0.16666666666666666,5,5,AGCCGTCAAACATAATGTAT,0,2920675
ompRp4,0.16666666666666666,5,5,AGCATGGTAGGACCAATAAG,0,2934491
ompRp4,0.16666666666666666,5,5,AGCATGGGGTTGACACTATG,0,2927774
ompRp4,0.16666666666666666,5,5,AGCAGATGGACACGGAGGTA,0,2910036
ompRp4,0.16666666666666666,5,5,AGATCCAGTACCATACGTAT,0,2923371
ompRp4,0.16666666666666666,5,5,AGATAGGGGTGCACGCGGGC,0,2909132
ompRp4,0.16666666666666666,5,5,AGATACTGGAGCCCTGGAAG,0,2914292
ompRp4,0.16666666666666666,5,5,AGAGTTACGACCGCGGTAAG,0,2924364
ompRp4,0.16666666666666666,5,5,AGAGGCGAGAGGTTTAGCTA,0,2913645
ompRp4,0.16666666666666666,5,5,AGAGAAGCATTGGCAACTTA,0,2926446
ompRp4,0.16666666666666666,5,5,AGACGCCGCAAGCAAAGAGC,0,2931500
ompRp4,0.16666666666666666,5,5,AGACGACTCAGTCAGGGCCT,0,2930644
ompRp4,0.16666666666666666,5,5,AGACGACCCTACCGGCAGAT,0,2931315
ompRp4,0.16666666666666666,5,5,AGAATGTCTGCATTGTACAG,0,2925948
ompRp4,0.16666666666666666,5,5,AGAACCCTGTACCAATCCAT,0,2916065
ompRp4,0.16666666666666666,5,5,AGAACAGACATGCCATAGCT,0,2909170
ompRp4,0.16666666666666666,5,5,ACTTAACTATTACCTACTGT,0,2924779
ompRp4,0.16666666666666666,5,5,ACTGTACTTGCTACGGCAAT,0,2921864
ompRp4,0.16666666666666666,5,5,ACTCTCTGCCGTATTCAAAA,0,2909738
ompRp4,0.16666666666666666,5,5,ACTCCAACCGAGGGTCAGAG,0,2932075
ompRp4,0.16666666666666666,5,5,ACTATTCGTGTCAGGTGTCG,0,2916702
ompRp4,0.16666666666666666,5,5,ACTATTCCCCAATCACTTAT,0,2913822
ompRp4,0.16666666666666666,5,5,ACTAATGTGCTGCTTGCGAG,0,2924961
ompRp4,0.16666666666666666,5,5,ACGTTACTAGACCGCATATC,0,2914175
ompRp4,0.16666666666666666,5,5,ACGTCACTCTCGTAGCTGAA,0,2914281
ompRp4,0.16666666666666666,5,5,ACGTAATCTCATCGGTCAAA,0,2914874
ompRp4,0.16666666666666666,5,5,ACGGAGGTTTGCTAACGAAG,0,2930681
ompRp4,0.16666666666666666,5,5,ACGCCGATGTTATGAGAGCC,0,2920750
ompRp4,0.16666666666666666,5,5,ACGATACAATCCAGGGGCGC,0,2909207
ompRp4,0.16666666666666666,5,5,ACGACTGGCGCCTCAGAACC,0,2935552
ompRp4,0.16666666666666666,5,5,ACCACGATGATCCAGCGAAT,0,2918071
ompRp4,0.16666666666666666,5,5,ACATTAAGAATTCAAATGGC,0,2935339
ompRp4,0.16666666666666666,5,5,ACATCGCTCTGCGGCAATCG,0,2915572
ompRp4,0.16666666666666666,5,5,ACACCTGTGTTGCTGCTAGC,0,2910026
ompRp4,0.16666666666666666,5,5,ACACCTCCGGCATAGGTCTT,0,2914996
ompRp4,0.16666666666666666,5,5,AATTTCAAGTCGTCGTCGAT,0,2932349
ompRp4,0.16666666666666666,5,5,AATGGATTTGTACAACTAAA,0,2933361
ompRp4,0.16666666666666666,5,5,AATGCCGGATACAAGCAGGA,0,2919117
ompRp4,0.16666666666666666,5,5,AATGCAGTTTTGATAGGGTA,0,2909120
ompRp4,0.16666666666666666,5,5,AATGCAATGCGCGGATTGTA,0,2935122
ompRp4,0.16666666666666666,5,5,AATCTCACAGCGGCCGAATC,0,2914336
ompRp4,0.16666666666666666,5,5,AATCGTTATTCGCTTAGGTT,0,2913352
ompRp4,0.16666666666666666,5,5,AATCAGTGTTATCTGCGAGC,0,2916758
ompRp4,0.16666666666666666,5,5,AATCAAGCTTGGCCCACTTT,0,2921414
ompRp4,0.16666666666666666,5,5,AATACCGGTAGGCCAAACTA,0,2927729
ompRp4,0.16666666666666666,5,5,AATAAAAAGCCAATGTTCGA,0,2911380
ompRp4,0.16666666666666666,5,5,AAGTGTTAGGCAAGTTGACT,0,2929144
ompRp4,0.16666666666666666,5,5,AAGGTGCTTGCATCTTGCAG,0,2922775
ompRp4,0.16666666666666666,5,5,AAGGTGACCCTCTTTACATG,0,2924724
ompRp4,0.16666666666666666,5,5,AAGGACGGTGTAGGGTCCTG,0,2927008
ompRp4,0.16666666666666666,5,5,AAGGAACGTGTAAGCGATCA,0,2936771
ompRp4,0.16666666666666666,5,5,AACTGACACAGACGCTACTT,0,2912768
ompRp4,0.16666666666666666,5,5,AACTAGGGTCGGGACGTTCG,0,2915857
ompRp4,0.16666666666666666,5,5,AACCCGTAACGCACACCTGG,0,2933959
ompRp4,0.16666666666666666,5,5,AACAGGGGGCGGGAACTATC,0,2917094
ompRp4,0.16666666666666666,5,5,AACACATGTAGGATTTCCCT,0,2908477
ompRp4,0.16666666666666666,5,5,AAAGTCCCATTACTTCGCAA,0,2910837
ompRp4,0.16666666666666666,5,5,AAAGGGGTCTCCTCCGGCAA,0,2920956
ompRp4,0.16666666666666666,5,5,AAAGCTGCACGGTTGGGCAG,0,2929032
ompRp4,0.2,4,4,TTTTTGTCCCGACGTCCATT,0,2931665
ompRp4,0.2,4,4,TTTTTGGATTGATCATCGTA,0,2916492
ompRp4,0.2,4,4,TTTTATGCGGCGCTGGATGG,0,2930161
ompRp4,0.2,4,4,TTTATGGGAATCAAGTGATC,0,2925755
ompRp4,0.2,4,4,TTTAATGCGGCTACTCCCGA,0,2921379
ompRp4,0.2,4,4,TTGTCTGTCGTTCCTGCTTT,0,2934620
ompRp4,0.2,4,4,TTGTATGGCAACCTCTGTAT,0,2928421
ompRp4,0.2,4,4,TTGTAGGGTCAATGTCGGTG,0,2919104
ompRp4,0.2,4,4,TTGGTTTTTTATAATCTCGT,0,2916451
ompRp4,0.2,4,4,TTGGTCCGACTGTTCACGTC,0,2911716
ompRp4,0.2,4,4,TTGGTCATTATCCGTTTAGA,0,2908319
ompRp4,0.2,4,4,TTGGCTCGAGATATAGGATA,0,2923377
ompRp4,0.2,4,4,TTGCGCTCGTCGGCAGTAGC,0,2935325
ompRp4,0.2,4,4,TTGATCAGATTACGGGGGCT,0,2918243
ompRp4,0.2,4,4,TTCTCCGAATGTGTAATTAC,0,2927700
ompRp4,0.2,4,4,TTCTAAGGCTAATTCCGTAC,0,2923992
ompRp4,0.2,4,4,TTCGTCACTCCAACTATTCT,0,2927722
ompRp4,0.2,4,4,TTCGGGAGCCTGATGGGCTG,0,2910575
ompRp4,0.2,4,4,TTATGTCGAAAAGTATGTTT,0,2922160
ompRp4,0.2,4,4,TTAGCAAACCGTGGTCACCC,0,2916190
ompRp4,0.2,4,4,TTACTTCTCTCATTAAGCTG,0,2934502
ompRp4,0.2,4,4,TTACATCAAGCTTTCTGGAT,0,2917747
ompRp4,0.2,4,4,TTAATCTGCAATTTCAATAA,0,2912148
ompRp4,0.2,4,4,TTAAGAGGCGAGAGCCGGTC,0,2936792
ompRp4,0.2,4,4,TGTTCAGACTCGAATTATTT,0,2913711
ompRp4,0.2,4,4,TGTTCACATACAGGTAGGAT,0,2913676
ompRp4,0.2,4,4,TGTTAAAGTAACAACAGACC,0,2910009
ompRp4,0.2,4,4,TGTGCGTGTGGTGGATACGA,0,2908156
ompRp4,0.2,4,4,TGTGCATGGCTAGAGCGAGC,0,2938269
ompRp4,0.2,4,4,TGTGAGACAGAGCTACCCCA,0,2925441
ompRp4,0.2,4,4,TGTCTAATCCGCCGACTTGG,0,2911522
ompRp4,0.2,4,4,TGTAGGAGTCGTTAGAGATT,0,2933795
ompRp4,0.2,4,4,TGTAAAATAGAGGAGTTGGC,0,2919208
ompRp4,0.2,4,4,TGGTACTTCGCGTAGTGTCA,0,2934297
ompRp4,0.2,4,4,TGGGTCGGTGTCCTCCTTAC,0,2916106
ompRp4,0.2,4,4,TGGGTCGAATCAAACTTAGT,0,2929179
ompRp4,0.2,4,4,TGGGGGCCAATAGGGGGGTA,0,2913797
ompRp4,0.2,4,4,TGGGCTCCCAGCCAGAATCA,0,2917421
ompRp4,0.2,4,4,TGGGATGGTGGTGGGACCTA,0,2938195
ompRp4,0.2,4,4,TGGCATCTGGATCCCGCAGT,0,2910832
ompRp4,0.2,4,4,TGGCAGTTTAGTACTTGCAC,0,2920221
ompRp4,0.2,4,4,TGGACGGATGAGCCTCGGCT,0,2916015
ompRp4,0.2,4,4,TGGACCACTTAGGGTAAGCA,0,2913910
ompRp4,0.2,4,4,TGGAAAGGGCATCGGTCGGT,0,2923364
ompRp4,0.2,4,4,TGCTGGCACGTACCGCAATA,0,2936721
ompRp4,0.2,4,4,TGCTGCCTTATGCCCCACCA,0,2921560
ompRp4,0.2,4,4,TGCTCTGTATGAGGGTGGGA,0,2920554
ompRp4,0.2,4,4,TGCTCCAGCCCACTTGAAGG,0,2930214
ompRp4,0.2,4,4,TGCTATGTTACAGGAAAGGT,0,2920578
ompRp4,0.2,4,4,TGCGCAGGTAGCACCACGCC,0,2926510
ompRp4,0.2,4,4,TGCCGTATTGCCGCCACGAC,0,2930936
ompRp4,0.2,4,4,TGCCCGTACAGTGGTCAGGT,0,2922766
ompRp4,0.2,4,4,TGCCCGGGCCGGACGCTCAA,0,2934416
ompRp4,0.2,4,4,TGCATTCGACTCATATCAAC,0,2920732
ompRp4,0.2,4,4,TGCATTCAGCCCATCTGATC,0,2928328
ompRp4,0.2,4,4,TGCACTTCGAAGATCAATAA,0,2910102
ompRp4,0.2,4,4,TGCACGTAAGTCCCGGCCGG,0,2920487
ompRp4,0.2,4,4,TGCAATGAAAGTGGTTGGGA,0,2924475
ompRp4,0.2,4,4,TGCAAATATGTTGGCGGCTT,0,2926353
ompRp4,0.2,4,4,TGATGCAGAGGCTGCGTGGT,0,2922979
ompRp4,0.2,4,4,TGATCAGCCGGGTATCGCGC,0,2928943
ompRp4,0.2,4,4,TGAGGGGGAGACTGGCATGG,0,2928745
ompRp4,0.2,4,4,TGACCTGCGTCTTTGCTCCA,0,2913158
ompRp4,0.2,4,4,TGAACTGTTGCGGTTGAGCC,0,2923764
ompRp4,0.2,4,4,TGAACCGAGTAGTGGTTTTC,0,2912500
ompRp4,0.2,4,4,TGAAATCAAGCTTGCGCCAT,0,2930955
ompRp4,0.2,4,4,TCTTGAAAGGCACATGCGGG,0,2911875
ompRp4,0.2,4,4,TCTGTGACCAGCCTAGTATG,0,2933012
ompRp4,0.2,4,4,TCTGGAGCTAGGTCTTGAGA,0,2907794
ompRp4,0.2,4,4,TCTGGAGAGAGCAGTTCCCC,0,2918596
ompRp4,0.2,4,4,TCTCAACCAATATGGTGTCC,0,2913455
ompRp4,0.2,4,4,TCGGTTCCTGGCCCAAAACA,0,2914687
ompRp4,0.2,4,4,TCGGGTCCACCCGAGCACCT,0,2931058
ompRp4,0.2,4,4,TCGGATTGTGTATTCTGCTA,0,2929330
ompRp4,0.2,4,4,TCGCGTGGCCTACCCCCGGG,0,2910952
ompRp4,0.2,4,4,TCGCAGACTTCGAATGGGCT,0,2915923
ompRp4,0.2,4,4,TCGATGCACTATTCGGGTGA,0,2922529
ompRp4,0.2,4,4,TCGATCAATGTATTGATCAC,0,2908250
ompRp4,0.2,4,4,TCGATCAAGGAGAGTATGTA,0,2935663
ompRp4,0.2,4,4,TCGACTGGGCAGCCGTGGAT,0,2929999
ompRp4,0.2,4,4,TCCGTATTGGGCGGAGAATG,0,2926282
ompRp4,0.2,4,4,TCCCGGTCTATTGTGGGCCA,0,2910702
ompRp4,0.2,4,4,TCCCCGTGATCATTGTGATC,0,2908741
ompRp4,0.2,4,4,TCCATAAATGAAGATGGTCA,0,2910669
ompRp4,0.2,4,4,TCCACCAACCCCGGGTGTCG,0,2922877
ompRp4,0.2,4,4,TCCAAGTTAGGAGTATTGCT,0,2913980
ompRp4,0.2,4,4,TCATCTCAAACAGAGCAGCC,0,2913593
ompRp4,0.2,4,4,TCATAGATCTTCCTGCTGCT,0,2916329
ompRp4,0.2,4,4,TCAGATGGAGGAGTGAATTC,0,2932105
ompRp4,0.2,4,4,TCAGATCTCGGAAGTGCAGG,0,2917394
ompRp4,0.2,4,4,TCACCTAACACGATGGCGCC,0,2910590
ompRp4,0.2,4,4,TCAATTTTCGGTCTTGGCTG,0,2915469
ompRp4,0.2,4,4,TCAAGGAATGCGCTTAGACA,0,2931318
ompRp4,0.2,4,4,TATTGACTCTCGGGCAGCAG,0,2927239
ompRp4,0.2,4,4,TATTCTCCAGAGGCCGACTA,0,2934672
ompRp4,0.2,4,4,TATTAGTTAAGACAGCTCGT,0,2923124
ompRp4,0.2,4,4,TATTAAGAAAATCATCTCAA,0,2932400
ompRp4,0.2,4,4,TATGGGGTGTCTCCAAAACA,0,2931416
ompRp4,0.2,4,4,TATGGAACAAACTAGACGCT,0,2917617
ompRp4,0.2,4,4,TATGCTTTAGAAGACGCCCG,0,2928568
ompRp4,0.2,4,4,TATGCCGCCTGACGTTGCGC,0,2913106
ompRp4,0.2,4,4,TATCTGGCTCAAAGCGTCTT,0,2920974
ompRp4,0.2,4,4,TATATGTTGGTGATGTACTA,0,2936245
ompRp4,0.2,4,4,TATATAAGTTTCGTTGAGGT,0,2929680
ompRp4,0.2,4,4,TATAGATTCCTCCATGACAA,0,2910200
ompRp4,0.2,4,4,TAGGCGGGGACTGGTAACAC,0,2926724
ompRp4,0.2,4,4,TAGGCATTAGTCTTCACCTT,0,2913267
ompRp4,0.2,4,4,TAGGATGCGGTGGCCAGGCT,0,2913206
ompRp4,0.2,4,4,TAGCTTGGACGCAGCTCGAT,0,2912178
ompRp4,0.2,4,4,TAGCCTAGCCTGTTTAGGAT,0,2928811
ompRp4,0.2,4,4,TAGAGGTGCTTAGTTTAAGG,0,2926946
ompRp4,0.2,4,4,TAGAGGTAGCTACTCTAACG,0,2916618
ompRp4,0.2,4,4,TACTGTTAATTGTCAACTGT,0,2937084
ompRp4,0.2,4,4,TACTGCGGTGATGGGCGGTC,0,2917510
ompRp4,0.2,4,4,TACTATGACAAATTACGAGG,0,2917927
ompRp4,0.2,4,4,TACTACACCCGCTCCGATTC,0,2923141
ompRp4,0.2,4,4,TACGCCTAGCAAGTGCGTGA,0,2915828
ompRp4,0.2,4,4,TACGATTAGAAAGGCCCAGT,0,2935703
ompRp4,0.2,4,4,TACCGATTCGGCATACTGCT,0,2915280
ompRp4,0.2,4,4,TACCGACATCTAAAGAGACA,0,2935281
ompRp4,0.2,4,4,TACCCTGAATCCCACGAGTT,0,2908824
ompRp4,0.2,4,4,TACATACACGTTACAGCATT,0,2911794
ompRp4,0.2,4,4,TAAGTGTGTTTGGCGGTTAA,0,2936667
ompRp4,0.2,4,4,TAAATAAAAGGGCGGCGGTA,0,2913052
ompRp4,0.2,4,4,GTTTGGGCAGTGCTAAGGAC,0,2928905
ompRp4,0.2,4,4,GTTTCACGTGTGCGAAGCCC,0,2908718
ompRp4,0.2,4,4,GTTGCCTTTAGCTATAGGGT,0,2911476
ompRp4,0.2,4,4,GTTGATCGCAATTCAATCCT,0,2918603
ompRp4,0.2,4,4,GTTGAACTTCAACGGTTGCA,0,2930133
ompRp4,0.2,4,4,GTTACGCTGACATGCAACAA,0,2928670
ompRp4,0.2,4,4,GTTAACGTCGTGTATGGATA,0,2938175
ompRp4,0.2,4,4,GTGTGTAGCGAAGGGTCCTA,0,2911521
ompRp4,0.2,4,4,GTGTGGCCGGAGTGGGCTTT,0,2931172
ompRp4,0.2,4,4,GTGTCTCGAATTCAGTTCGA,0,2924359
ompRp4,0.2,4,4,GTGTAGGTAGAGATGCTACG,0,2919917
ompRp4,0.2,4,4,GTGTAGGGCACACCGCACTA,0,2917349
ompRp4,0.2,4,4,GTGGTGGGCTGTCACTCTTG,0,2920863
ompRp4,0.2,4,4,GTGGGAACTCTTTAACGTCA,0,2931892
ompRp4,0.2,4,4,GTGCGCAATCAGAGGAGCCG,0,2910250
ompRp4,0.2,4,4,GTGCCCTACGACCCGTCTGA,0,2934611
ompRp4,0.2,4,4,GTGCATAATACCCACGGATA,0,2912084
ompRp4,0.2,4,4,GTGCACCTGACATACGGGCT,0,2916495
ompRp4,0.2,4,4,GTCGCAGCCTAAAGTGTGGA,0,2918963
ompRp4,0.2,4,4,GTCCTTGCAACAAGCGAGAT,0,2911749
ompRp4,0.2,4,4,GTCCGTACCACACCGAAACA,0,2937444
ompRp4,0.2,4,4,GTCCAAATTCAACTTCAAAG,0,2932720
ompRp4,0.2,4,4,GTCAGGCATAGTTTTTTTAT,0,2919378
ompRp4,0.2,4,4,GTAGACTCGTGCTCTTAAAG,0,2931024
ompRp4,0.2,4,4,GTACTGCTGACCATTGGGAG,0,2923976
ompRp4,0.2,4,4,GTACTACTCTTCCACGTGGA,0,2911551
ompRp4,0.2,4,4,GTACACCATGTTTATGACGG,0,2923484
ompRp4,0.2,4,4,GTACAATCCTCATGCAGGGT,0,2915020
ompRp4,0.2,4,4,GTAATGTTTTCATCAAGACC,0,2928596
ompRp4,0.2,4,4,GTAAGTAGATCAATAGAAAA,0,2929789
ompRp4,0.2,4,4,GTAAGGATGATTCTACCGTT,0,2926416
ompRp4,0.2,4,4,GTAAATATTGTTATAGCGCG,0,2938064
ompRp4,0.2,4,4,GTAAACCCGGCTGTACTGGT,0,2911210
ompRp4,0.2,4,4,GGTTCAGCTAGTTCCCCTGC,0,2925073
ompRp4,0.2,4,4,GGTTAGCCACCATCCGTTAA,0,2933637
ompRp4,0.2,4,4,GGTTAGAAATACTCACATAA,0,2923512
ompRp4,0.2,4,4,GGTTACCGTTACTAGACTGT,0,2935704
ompRp4,0.2,4,4,GGTGGTATCTTGATATCCAA,0,2924516
ompRp4,0.2,4,4,GGTGGCAACCGAGTTTCTCC,0,2913874
ompRp4,0.2,4,4,GGTCTTTACGTGGAGTAACG,0,2918856
ompRp4,0.2,4,4,GGTCTATCTGCTGCCACGTC,0,2934605
ompRp4,0.2,4,4,GGTCCTTTCTTGCGCGGAAG,0,2920937
ompRp4,0.2,4,4,GGTCCAGGCATCAGAAGACG,0,2923646
ompRp4,0.2,4,4,GGTCCAGATAAAAGAGCGTT,0,2928357
ompRp4,0.2,4,4,GGGTTCAACGAAACACGAAA,0,2923785
ompRp4,0.2,4,4,GGGTTAGGGTTTGGAGTGCG,0,2918583
ompRp4,0.2,4,4,GGGTCGGACAGGCTCATAGG,0,2907832
ompRp4,0.2,4,4,GGGGTGCTTGAGGAATTTTA,0,2915424
ompRp4,0.2,4,4,GGGGTCCTTTTACCGGTGTC,0,2916578
ompRp4,0.2,4,4,GGGGTCACGAAACGAGGTTT,0,2935016
ompRp4,0.2,4,4,GGGGGCCTAGTGCTTGGCCA,0,2930278
ompRp4,0.2,4,4,GGGGCGCGGAACTGCAGTAC,0,2918257
ompRp4,0.2,4,4,GGGGCACGGGGTGGAGCTTA,0,2920551
ompRp4,0.2,4,4,GGGACACATGTCTCATAACT,0,2908060
ompRp4,0.2,4,4,GGGAATTTAGAAAAAAGACG,0,2919874
ompRp4,0.2,4,4,GGCTCCTGGACGACCCCCAG,0,2913207
ompRp4,0.2,4,4,GGCGCCGACAACGAGGCAGA,0,2929614
ompRp4,0.2,4,4,GGCGCAAAATCCAACACAGA,0,2923013
ompRp4,0.2,4,4,GGCCGCCAACAGCGTACATG,0,2926978
ompRp4,0.2,4,4,GGCCAGCCAACTTGATCTCT,0,2925251
ompRp4,0.2,4,4,GGCACTGCATCTATCGTGAC,0,2923346
ompRp4,0.2,4,4,GGATTTGCCCCACAAGGTGA,0,2931477
ompRp4,0.2,4,4,GGATTGGTCATGACGCATGT,0,2916770
ompRp4,0.2,4,4,GGATGTAGGAAGTTCTGGAG,0,2928777
ompRp4,0.2,4,4,GGAGGTATTGGTCCCCGCCC,0,2922971
ompRp4,0.2,4,4,GGAGGAACCGTGTTACGGAG,0,2932899
ompRp4,0.2,4,4,GGAGATCAGTGGACACGTCT,0,2937797
ompRp4,0.2,4,4,GGACTGTGCAATTACCACTT,0,2914776
ompRp4,0.2,4,4,GGACTCTTGGGTGGGGAATA,0,2934063
ompRp4,0.2,4,4,GGACTCATGTATGTGCTAGA,0,2928789
ompRp4,0.2,4,4,GGACGCTGTATATTTTGGGA,0,2913196
ompRp4,0.2,4,4,GGAATGGGGTGAATGCTTGT,0,2935433
ompRp4,0.2,4,4,GGAACTCAGGGTCGCACAAT,0,2911905
ompRp4,0.2,4,4,GCTTTGTCGTACTGTAGAAA,0,2908090
ompRp4,0.2,4,4,GCTTGGTGCGGAATCAAACT,0,2911417
ompRp4,0.2,4,4,GCTTCCAGACGGGGGGTGAT,0,2909364
ompRp4,0.2,4,4,GCTTACTTCGCCGGCGCAAT,0,2915791
ompRp4,0.2,4,4,GCTGTTGGAGAAAACCTACA,0,2919105
ompRp4,0.2,4,4,GCTCTCAGTAGATGACGCTT,0,2916767
ompRp4,0.2,4,4,GCTCGGGCCGGCTGCAGTGA,0,2925511
ompRp4,0.2,4,4,GCTATCAAACGAATGCGTGT,0,2912351
ompRp4,0.2,4,4,GCTACGTACTCCCTGAGCTG,0,2911966
ompRp4,0.2,4,4,GCGTTGCACAGGGGGGTAAA,0,2910463
ompRp4,0.2,4,4,GCGGGGAGTGTTCAGCTCTA,0,2931554
ompRp4,0.2,4,4,GCGGCGAAATGGCATGTTTT,0,2910779
ompRp4,0.2,4,4,GCGCGCAGTAAGCCAACTGT,0,2928137
ompRp4,0.2,4,4,GCGCCCCTCTTACGGGTGGC,0,2911659
ompRp4,0.2,4,4,GCGATAAATTTTCTGGTTTA,0,2916365
ompRp4,0.2,4,4,GCGACAAGTTCTTTTTTGCA,0,2928388
ompRp4,0.2,4,4,GCGAAGTTCCCGCACACAAC,0,2922556
ompRp4,0.2,4,4,GCCTTAACTAACCCGTGGCG,0,2929147
ompRp4,0.2,4,4,GCCTGTTCCGAGTTCTTAGG,0,2919006
ompRp4,0.2,4,4,GCCTGTCTTCGGTAGCAGGG,0,2910302
ompRp4,0.2,4,4,GCCGGTAAAGGGTCTAGCCA,0,2912317
ompRp4,0.2,4,4,GCCGCTAAAAGGGTTTCATG,0,2926012
ompRp4,0.2,4,4,GCCGCAGTCTTTAATATTTA,0,2915807
ompRp4,0.2,4,4,GCCGATTGTATTATAAGGAC,0,2913068
ompRp4,0.2,4,4,GCCCGTCCGACTGTGCATAT,0,2927884
ompRp4,0.2,4,4,GCCCACATTGGCTAGCGTCT,0,2923482
ompRp4,0.2,4,4,GCCATTTGTGTAGCAACGCT,0,2918265
ompRp4,0.2,4,4,GCATTCCGGGTAGTTGCCAG,0,2923823
ompRp4,0.2,4,4,GCATCGACCTCTCAGCCGTA,0,2927152
ompRp4,0.2,4,4,GCAGGATCGTGCACAGGAGA,0,2927422
ompRp4,0.2,4,4,GCAGCCCCATTGGTAGTGGA,0,2935476
ompRp4,0.2,4,4,GCAGATTTTTTCATGGATAC,0,2917133
ompRp4,0.2,4,4,GCAATGTGCGTGGGCACCAA,0,2929074
ompRp4,0.2,4,4,GCAAGGTTTGTGACAGTTTG,0,2933757
ompRp4,0.2,4,4,GCAAGCTTAGCAGGCACAGA,0,2931862
ompRp4,0.2,4,4,GCAAACCTTTGGAAATGCGT,0,2917496
ompRp4,0.2,4,4,GATTTCATGCGTTATGGAAG,0,2920961
ompRp4,0.2,4,4,GATTTAGCAGCTTTTTTCGC,0,2935055
ompRp4,0.2,4,4,GATTGAGATACGCATTGAAG,0,2914579
ompRp4,0.2,4,4,GATGAAAAGTGCACCTACAT,0,2934543
ompRp4,0.2,4,4,GATCTTACTGGAATCAATCC,0,2931623
ompRp4,0.2,4,4,GATCGGATCATACCTGTAAT,0,2916067
ompRp4,0.2,4,4,GATATGGATCGTCCGGCAAC,0,2929387
ompRp4,0.2,4,4,GAGTTAAAGCTCCATTCAAT,0,2928344
ompRp4,0.2,4,4,GAGTCCAAGTAGCAGCGCGG,0,2921826
ompRp4,0.2,4,4,GAGGCATATCCACCACCCGA,0,2910917
ompRp4,0.2,4,4,GAGGAGGTCCATAGAAGGCC,0,2927267
ompRp4,0.2,4,4,GAGCTCAGCTGGGGTTAACC,0,2922351
ompRp4,0.2,4,4,GAGCTATACACTCGCAGTCC,0,2925008
ompRp4,0.2,4,4,GAGCGTCTCGTATCGGGGTC,0,2915946
ompRp4,0.2,4,4,GAGCCGTAAGCTATAGAACC,0,2923163
ompRp4,0.2,4,4,GAGATTCTCAACACTTTAGT,0,2918707
ompRp4,0.2,4,4,GAGAGGTACGCGCCACGTTG,0,2934123
ompRp4,0.2,4,4,GAGACCAATATAAGCTTCAC,0,2934767
ompRp4,0.2,4,4,GACTATAGCATATGCGATTC,0,2925373
ompRp4,0.2,4,4,GACGGCATATCCGATAAACG,0,2920039
ompRp4,0.2,4,4,GACGGCAAGGTCCAGGTGAA,0,2927667
ompRp4,0.2,4,4,GACCGTCGTAGAGGTACTTT,0,2935166
ompRp4,0.2,4,4,GACCCGGTTCGTGTTTAAAC,0,2924957
ompRp4,0.2,4,4,GACAGACACCCGTACGCGTA,0,2931800
ompRp4,0.2,4,4,GACACGTATCCAACTGAGAC,0,2937488
ompRp4,0.2,4,4,GACAACGAGTGCTTTTGATC,0,2915669
ompRp4,0.2,4,4,GAATGTGGACCACACCTTCC,0,2930950
ompRp4,0.2,4,4,GAATGAGTAGAAAATCTAAA,0,2935256
ompRp4,0.2,4,4,GAATGAAGTGCAATTACATG,0,2910072
ompRp4,0.2,4,4,GAAGTCCGGGGTCGTAGGTG,0,2938049
ompRp4,0.2,4,4,GAAGCTCACATGGACAATCG,0,2916435
ompRp4,0.2,4,4,GAAGAGAGGGGAAGAGATCA,0,2911881
ompRp4,0.2,4,4,GAAGACAGCGCGTAAAGAGT,0,2926786
ompRp4,0.2,4,4,GAACGACCGACTTCACAGAT,0,2921900
ompRp4,0.2,4,4,GAAATGTTACTGAAGCAAAT,0,2929776
ompRp4,0.2,4,4,GAAACTTTGGCGCTAGGAAG,0,2923798
ompRp4,0.2,4,4,GAAACAACCGTATGGTGATC,0,2933552
ompRp4,0.2,4,4,CTTTTCTCGCCACAAAATGA,0,2908720
ompRp4,0.2,4,4,CTTGTGGAACATGGGTGACA,0,2917846
ompRp4,0.2,4,4,CTTGCATACGGAATGCTATG,0,2908308
ompRp4,0.2,4,4,CTTCGCGAATACAAACATTG,0,2937401
ompRp4,0.2,4,4,CTTATCTCTCGACGTTGGTT,0,2929617
ompRp4,0.2,4,4,CTTAGCCTGGCTCAGGCGTT,0,2925451
ompRp4,0.2,4,4,CTTAAGGTCGGGCGAAGTGT,0,2911552
ompRp4,0.2,4,4,CTGTCATTGGTCTATTGGGA,0,2911957
ompRp4,0.2,4,4,CTGGGATATTGCGGTAGTAT,0,2928520
ompRp4,0.2,4,4,CTGGAAGTACCGATAAGAGA,0,2922133
ompRp4,0.2,4,4,CTGCTGCTTTGGTGACCAGA,0,2913408
ompRp4,0.2,4,4,CTGCGCTCTGCTGTAAAATA,0,2910109
ompRp4,0.2,4,4,CTGCGCAGCATATGATTAGC,0,2930346
ompRp4,0.2,4,4,CTGCCGCCAAAGATACCGAC,0,2919611
ompRp4,0.2,4,4,CTGCATTGTTTTGGTGAGAA,0,2918224
ompRp4,0.2,4,4,CTGATCCTTCGAGAGGTGTC,0,2924517
ompRp4,0.2,4,4,CTGATCCCGGGTGTTGGGTC,0,2916531
ompRp4,0.2,4,4,CTGACGCTACCGTATGCGAT,0,2936809
ompRp4,0.2,4,4,CTGAAATTCTCCCCTCGAAA,0,2923300
ompRp4,0.2,4,4,CTCTAGTAAACGGCCGTCAT,0,2918792
ompRp4,0.2,4,4,CTCGCGATTTATCTGGCCAA,0,2937580
ompRp4,0.2,4,4,CTCGACAACTGTTTTCAAGT,0,2912530
ompRp4,0.2,4,4,CTCCGCTCTTGAGCAATGAA,0,2908560
ompRp4,0.2,4,4,CTCCATGGGGCTTTAGGCGC,0,2931848
ompRp4,0.2,4,4,CTCATGACCACGAAACAGAC,0,2922506
ompRp4,0.2,4,4,CTCAGAGTAGGAAGATTAAG,0,2936332
ompRp4,0.2,4,4,CTCAGAAGGAACGAAATGAA,0,2934178
ompRp4,0.2,4,4,CTCACCTGGCGCCACAGAAT,0,2929132
ompRp4,0.2,4,4,CTCACACACACTCCATGCCG,0,2920008
ompRp4,0.2,4,4,CTCAATGTAAAGCTTGCTCG,0,2927058
ompRp4,0.2,4,4,CTCAAGCCCACAGATACTAC,0,2930030
ompRp4,0.2,4,4,CTATTGTGAAAGCGGCCGGG,0,2926681
ompRp4,0.2,4,4,CTATACTAGATTGCTTCGGT,0,2912169
ompRp4,0.2,4,4,CTATACGCCGGACATGCAAG,0,2910192
ompRp4,0.2,4,4,CTAGTGCAGCACCACATTCT,0,2925820
ompRp4,0.2,4,4,CTAGCACATGTTCGGCGAGG,0,2927447
ompRp4,0.2,4,4,CTAGATGGCACGGTCCATGC,0,2912025
ompRp4,0.2,4,4,CTAGAATTTGTGACTCCTGG,0,2920295
ompRp4,0.2,4,4,CTACCTCTTTGTGTATTAGA,0,2934602
ompRp4,0.2,4,4,CTAATGTCGGATACCTATAA,0,2909817
ompRp4,0.2,4,4,CTAATCTGATCACGTGAATC,0,2932687
ompRp4,0.2,4,4,CTAACGCGGAACAGGACAAA,0,2924257
ompRp4,0.2,4,4,CTAAAGATTGTGTTAGGTCC,0,2933923
ompRp4,0.2,4,4,CGTTGGCGTAACCGTTGCTT,0,2920896
ompRp4,0.2,4,4,CGTTGCGCAGTGCGTACGGC,0,2923085
ompRp4,0.2,4,4,CGTTCTCTTCTGAACCACGA,0,2932473
ompRp4,0.2,4,4,CGTTCGTGGCACAATCTGCT,0,2910735
ompRp4,0.2,4,4,CGTGTTCTGAAAGAGTAATC,0,2930301
ompRp4,0.2,4,4,CGTGTGGGTGTGTAAATGGG,0,2915729
ompRp4,0.2,4,4,CGTGGTCCAATGCTCCGAGC,0,2922664
ompRp4,0.2,4,4,CGTGGGCCAGCAGACGGCCG,0,2933760
ompRp4,0.2,4,4,CGTGCTAGTGCAGTCCCCAT,0,2923460
ompRp4,0.2,4,4,CGTGAGGCGGCCATCCTATG,0,2913432
ompRp4,0.2,4,4,CGTGACTTGGAATCGGACCT,0,2936784
ompRp4,0.2,4,4,CGTCTGGTGGGCGCGAGCTG,0,2932373
ompRp4,0.2,4,4,CGTCGCTGCTAGCTCATAGT,0,2923472
ompRp4,0.2,4,4,CGTATTTTTGACAGGGTCAA,0,2915174
ompRp4,0.2,4,4,CGTATCTACCCGACACAACC,0,2910660
ompRp4,0.2,4,4,CGTACCCATTTGGCATTCTA,0,2908451
ompRp4,0.2,4,4,CGTACAACTTTTAACCCTGC,0,2922905
ompRp4,0.2,4,4,CGTAATGCAGTGTGCAGCCA,0,2916787
ompRp4,0.2,4,4,CGGTGGTTTTGGGAGATATG,0,2932191
ompRp4,0.2,4,4,CGGTGATATAGGCGTTTGAA,0,2931276
ompRp4,0.2,4,4,CGGTCGCACTTCGGCCCGAT,0,2916258
ompRp4,0.2,4,4,CGGTCCGGTTCAGATGATAA,0,2925122
ompRp4,0.2,4,4,CGGTCCCGCAGGTTGTTGAT,0,2922300
ompRp4,0.2,4,4,CGGTCAAGTAGTAAGTCTTC,0,2911695
ompRp4,0.2,4,4,CGGTAAGCAGGCTCGGTACC,0,2909802
ompRp4,0.2,4,4,CGGTAAGACATCTTGCTGTT,0,2913080
ompRp4,0.2,4,4,CGGGCCAATCATTGCTAGAC,0,2916637
ompRp4,0.2,4,4,CGGGATCGTATTCTCCATTA,0,2926380
ompRp4,0.2,4,4,CGGCCTAGAGGCAAACTGCA,0,2914521
ompRp4,0.2,4,4,CGGCCCGCCTAGCAAATCCG,0,2926842
ompRp4,0.2,4,4,CGGCCACTTTTCTAAAGTGG,0,2934380
ompRp4,0.2,4,4,CGGCAGTAGATATCCTACAT,0,2913517
ompRp4,0.2,4,4,CGGCAGGACAGGGCAAGATG,0,2909630
ompRp4,0.2,4,4,CGGCACTAATACCTCATGTC,0,2918829
ompRp4,0.2,4,4,CGGCAAGGGAAAAGCAACTC,0,2928858
ompRp4,0.2,4,4,CGGAGTCGGAAACAAGGCGT,0,2933356
ompRp4,0.2,4,4,CGGAGGCAGAACAATCGGGT,0,2914919
ompRp4,0.2,4,4,CGGACTTGTAACCATATCAG,0,2918312
ompRp4,0.2,4,4,CGGAATGGAGCGGCAATCCG,0,2913865
ompRp4,0.2,4,4,CGGAACGTATAGTCGCGCAT,0,2926196
ompRp4,0.2,4,4,CGCGCGTTGCGTTACACTAG,0,2920421
ompRp4,0.2,4,4,CGCGACGACCGCAGAAACGG,0,2923549
ompRp4,0.2,4,4,CGCCTCGTGGGCATTTCTTA,0,2936891
ompRp4,0.2,4,4,CGCCCTCTGGGTGTATGTCT,0,2924597
ompRp4,0.2,4,4,CGCCCCGCGTTCACACAGAG,0,2926979
ompRp4,0.2,4,4,CGCATCCTCAATAGGAGGCA,0,2924096
ompRp4,0.2,4,4,CGCATATTACTCCTTCTACC,0,2930907
ompRp4,0.2,4,4,CGCACATTCCGAGCCCCATC,0,2908599
ompRp4,0.2,4,4,CGCAATAAATCGGTTAGGAA,0,2932958
ompRp4,0.2,4,4,CGATCAGTATTAACTTCAGT,0,2935292
ompRp4,0.2,4,4,CGAGAGTGGATACCATACAA,0,2916570
ompRp4,0.2,4,4,CGACTGGGCGCATTGGGAAA,0,2910017
ompRp4,0.2,4,4,CCTGCCTATCAGTTCCCTAA,0,2920562
ompRp4,0.2,4,4,CCTGATGGCCGGGAAAGTCA,0,2921933
ompRp4,0.2,4,4,CCTCTCTAGTTGCTCGTGCC,0,2921952
ompRp4,0.2,4,4,CCTCCGTTTGACCACTGCAA,0,2921222
ompRp4,0.2,4,4,CCTCACGTATGTAGTGTCAG,0,2914053
ompRp4,0.2,4,4,CCTATAAACCTGATGGCGCA,0,2911533
ompRp4,0.2,4,4,CCTAGGCCACTTTAGGCACG,0,2910409
ompRp4,0.2,4,4,CCTACTAAGTAGAGCATCTT,0,2908988
ompRp4,0.2,4,4,CCTAAGAGTCGTTCCGGCAA,0,2916287
ompRp4,0.2,4,4,CCGTTAATAGGTACTTGTTG,0,2911142
ompRp4,0.2,4,4,CCGGCGACATTTTCATACAT,0,2935371
ompRp4,0.2,4,4,CCGGCAATCTTTACTACTAC,0,2913019
ompRp4,0.2,4,4,CCGAGGGTGAAAGCTTAGGC,0,2910307
ompRp4,0.2,4,4,CCGACCGCCAGGCCTCCATG,0,2932584
ompRp4,0.2,4,4,CCGAATCCTTCGCTCATTGT,0,2931985
ompRp4,0.2,4,4,CCCTTGGCTAAATACGTGCG,0,2932870
ompRp4,0.2,4,4,CCCTTGGCATTACGAATAAA,0,2913195
ompRp4,0.2,4,4,CCCCGTATCAAGTCAAGGGT,0,2912230
ompRp4,0.2,4,4,CCCCACGGGTGCGGAATGAG,0,2928923
ompRp4,0.2,4,4,CCCATCCTCAGACCCGCAAA,0,2932013
ompRp4,0.2,4,4,CCCATATTACGCTCCGGTTT,0,2934233
ompRp4,0.2,4,4,CCCAATCTCGTTGTGGGTTA,0,2935787
ompRp4,0.2,4,4,CCATTTCCTGTCTTTAGCCT,0,2914511
ompRp4,0.2,4,4,CCATGTTAAAGAAGCGCCTA,0,2919722
ompRp4,0.2,4,4,CCATGCAAGCGCCGACGCAC,0,2917843
ompRp4,0.2,4,4,CCATATTTTCTCCTCGTTTT,0,2933528
ompRp4,0.2,4,4,CCATACCGGCTCAAGTCACA,0,2927657
ompRp4,0.2,4,4,CCATAAGAGCGGCTGTGGTC,0,2934368
ompRp4,0.2,4,4,CCAGGTTGCGCCCCGTCGGG,0,2927301
ompRp4,0.2,4,4,CCAGCTCCAGAGCTAAGTAC,0,2926987
ompRp4,0.2,4,4,CCAGCTACAGGCGAGTGGAC,0,2935223
ompRp4,0.2,4,4,CCAGCCCTGTAAGCATCGTC,0,2909412
ompRp4,0.2,4,4,CCAGATGGCATTGGCATCAG,0,2930445
ompRp4,0.2,4,4,CCAGAAGTATCCACGATCCC,0,2934811
ompRp4,0.2,4,4,CCAATAGCGAGCTCAACGTG,0,2908715
ompRp4,0.2,4,4,CCAAATCTAGTATCGGTAGC,0,2916636
ompRp4,0.2,4,4,CATTCCACTAAGCTTGTCTC,0,2928950
ompRp4,0.2,4,4,CATTCAAGGAGGCGTGGTCT,0,2909474
ompRp4,0.2,4,4,CATTAATTGCGAATAGCGGC,0,2935528
ompRp4,0.2,4,4,CATGGGTATATACCCACTAG,0,2914734
ompRp4,0.2,4,4,CATGGCTGTGTATGTCTTCT,0,2915252
ompRp4,0.2,4,4,CATGAAGCCCCCAGGTCGGA,0,2915063
ompRp4,0.2,4,4,CATCTCACGACTCTCGCTAC,0,2916754
ompRp4,0.2,4,4,CATCTAAGTTTCTCAAGGGC,0,2916905
ompRp4,0.2,4,4,CAGTGTTACTGACTGACTCC,0,2915069
ompRp4,0.2,4,4,CAGTGGTAGGTTGCTGTACA,0,2918541
ompRp4,0.2,4,4,CAGGCTATGATCGTTCATCC,0,2927286
ompRp4,0.2,4,4,CAGGCTACGAAGTAGGATGC,0,2913315
ompRp4,0.2,4,4,CAGCCGATCCGACTCGGTGT,0,2936661
ompRp4,0.2,4,4,CAGCCCGTGGCAGACGTATA,0,2934945
ompRp4,0.2,4,4,CAGAGGCATTCCGAGCGTTC,0,2917088
ompRp4,0.2,4,4,CACGTGCGACTCTTAGGCAA,0,2924187
ompRp4,0.2,4,4,CACGACGCGCGGCTGTTGGA,0,2916324
ompRp4,0.2,4,4,CACCCAGTCGTTGAGTATCA,0,2924350
ompRp4,0.2,4,4,CAAGCCGCACAGCGCACAGA,0,2908849
ompRp4,0.2,4,4,CAAGACGGAATCGGTAAAGG,0,2913039
ompRp4,0.2,4,4,CAACTTCACACTAAGCGGCG,0,2918136
ompRp4,0.2,4,4,CAACCGGGGCTGGGATGCGA,0,2925896
ompRp4,0.2,4,4,CAAATGTACCCAGAACTTAG,0,2910291
ompRp4,0.2,4,4,CAAATAGAAGACAATAGCGT,0,2916603
ompRp4,0.2,4,4,CAAAACTGTCCGGAAAGCGA,0,2934629
ompRp4,0.2,4,4,ATTGGGCCGAGCACCTTATG,0,2912862
ompRp4,0.2,4,4,ATTCTAGTGCTTGCCTTATA,0,2933781
ompRp4,0.2,4,4,ATTCGTAGAATCCCGACGGA,0,2926147
ompRp4,0.2,4,4,ATTACAGTCTGCATAACGGA,0,2933505
ompRp4,0.2,4,4,ATGTCAGACTGGGTGCCCGT,0,2923511
ompRp4,0.2,4,4,ATGTATCCACACAGTATCTC,0,2927306
ompRp4,0.2,4,4,ATGGAAAGCGCCAAGCCTTG,0,2927728
ompRp4,0.2,4,4,ATGCTTCTGCCCACAGTGAG,0,2915311
ompRp4,0.2,4,4,ATGCGGGCACTCAAGTTCAT,0,2913000
ompRp4,0.2,4,4,ATGCGGCTCCCGTCACTACA,0,2935689
ompRp4,0.2,4,4,ATGCAGCCCAGAACGAGCCG,0,2912057
ompRp4,0.2,4,4,ATGCACGCACTTCTGTATAT,0,2934638
ompRp4,0.2,4,4,ATGATGACTGGCACGGGGTT,0,2927404
ompRp4,0.2,4,4,ATCTTTGATCTGATCTATGC,0,2935005
ompRp4,0.2,4,4,ATCTACACGGACTATAGGTA,0,2932445
ompRp4,0.2,4,4,ATCGTCTGTACACATCTCTC,0,2914092
ompRp4,0.2,4,4,ATCGTAAGATGAAACCCAGC,0,2930538
ompRp4,0.2,4,4,ATCGGTGATGGTCGGGCTTA,0,2935012
ompRp4,0.2,4,4,ATCGCGGATGCTCCCCGGGC,0,2922653
ompRp4,0.2,4,4,ATCGATAACATCAGTGCCGA,0,2913461
ompRp4,0.2,4,4,ATATTAACCGGGGTCTAAGG,0,2908810
ompRp4,0.2,4,4,ATATCACAGTCTGTGGAGAT,0,2930666
ompRp4,0.2,4,4,ATATAGTCGTGGCCTTAGCG,0,2916450
ompRp4,0.2,4,4,ATACTCGAAGGCTACCCTAT,0,2923740
ompRp4,0.2,4,4,ATACGAGTCACCGCAGGACA,0,2920996
ompRp4,0.2,4,4,ATACCTTAATGGCTACTCGA,0,2923155
ompRp4,0.2,4,4,ATACAGTGGGGTAGCTTCGG,0,2912309
ompRp4,0.2,4,4,AGTTGGGATTCAACGGCCGG,0,2915485
ompRp4,0.2,4,4,AGTTGCCCAGCGAGCTGTGG,0,2924477
ompRp4,0.2,4,4,AGTTCAAGCGTAGCTTATTT,0,2922502
ompRp4,0.2,4,4,AGTTAAACCGACGCTGCAGG,0,2912052
ompRp4,0.2,4,4,AGTGTTTCGAGACGTACCGT,0,2922212
ompRp4,0.2,4,4,AGTGTCCGGCTTTCCGCAGG,0,2936497
ompRp4,0.2,4,4,AGTGCACGTATTGATTTCTG,0,2927216
ompRp4,0.2,4,4,AGTGAAGGGTGATTGCTTTA,0,2914423
ompRp4,0.2,4,4,AGTCTTTACATCAAAGGATT,0,2907980
ompRp4,0.2,4,4,AGTCTCCGCTGCCTAGAGGT,0,2927929
ompRp4,0.2,4,4,AGTCTCCCCGATGGTAGAGT,0,2928330
ompRp4,0.2,4,4,AGTCTCAGGGTTTCGGCGCC,0,2918103
ompRp4,0.2,4,4,AGTATAATTGCAGCCTTCAT,0,2935750
ompRp4,0.2,4,4,AGTAGAACGTCCGCGGTCAG,0,2936341
ompRp4,0.2,4,4,AGTACGACGTAGAAGTACCT,0,2927385
ompRp4,0.2,4,4,AGTACAAGTGCTAGAGGGGG,0,2917796
ompRp4,0.2,4,4,AGGTATCCTGCAAGACATAA,0,2928468
ompRp4,0.2,4,4,AGGTACCTTGGGTACTCCGG,0,2924547
ompRp4,0.2,4,4,AGGTAATCGGGTTCCAACAA,0,2912756
ompRp4,0.2,4,4,AGGGGATGGCTAAAGGCAAC,0,2928854
ompRp4,0.2,4,4,AGGGAACTCATGCCACCGCT,0,2912712
ompRp4,0.2,4,4,AGGCGGCGAGTTTTTGTAAG,0,2911954
ompRp4,0.2,4,4,AGGCCCGATTATTGCTATGA,0,2931718
ompRp4,0.2,4,4,AGGATGGTGTTACGTAATCG,0,2912009
ompRp4,0.2,4,4,AGGACCCGTTCTACCACAAC,0,2921434
ompRp4,0.2,4,4,AGCTGTCGTCCAAGCTAATT,0,2913829
ompRp4,0.2,4,4,AGCTACTAATTACTTAGCCG,0,2912490
ompRp4,0.2,4,4,AGATCCGGATCAGGGCCTAG,0,2912666
ompRp4,0.2,4,4,AGATCATATGGCTCCACATG,0,2936536
ompRp4,0.2,4,4,AGATCACGTACCTTTCATAT,0,2912930
ompRp4,0.2,4,4,AGATAGGAAGTTAAGCTGTT,0,2923104
ompRp4,0.2,4,4,AGATAAGCTATTGATTCGAA,0,2908189
ompRp4,0.2,4,4,AGAGTTAACCCGACTTTAAA,0,2908861
ompRp4,0.2,4,4,AGAGTGTATATTTGGGACTT,0,2933808
ompRp4,0.2,4,4,AGAGTCTATTTCAATCGTGC,0,2911923
ompRp4,0.2,4,4,AGACGTTGGACTCATTACGA,0,2927805
ompRp4,0.2,4,4,AGACGTGGTAATAACACACA,0,2934758
ompRp4,0.2,4,4,AGACGGTCTTCATCAACGTG,0,2921848
ompRp4,0.2,4,4,AGACAAATCTCTTTAGGGTC,0,2918051
ompRp4,0.2,4,4,AGAAGACTTCACTACAATCC,0,2907902
ompRp4,0.2,4,4,ACTTGCAAGGACGCATGGAA,0,2910661
ompRp4,0.2,4,4,ACTTCTACCCGATTGTGTCT,0,2907792
ompRp4,0.2,4,4,ACTGACGGTTATGCTGTAGT,0,2931021
ompRp4,0.2,4,4,ACTCGCCTACCTTGATTATA,0,2920995
ompRp4,0.2,4,4,ACTCCAATAGGGTACTGCCG,0,2926363
ompRp4,0.2,4,4,ACTCACAAGTCCTTTTCGCG,0,2910561
ompRp4,0.2,4,4,ACTAATAGTTAATCCCCGAG,0,2916551
ompRp4,0.2,4,4,ACGTTCACATCATGACAGAA,0,2929933
ompRp4,0.2,4,4,ACGGGATACAAAGTCGCAAT,0,2929611
ompRp4,0.2,4,4,ACGGCGCCGGGTCATCGCTG,0,2918679
ompRp4,0.2,4,4,ACGCTGTTCGGTTAAGTGTT,0,2929455
ompRp4,0.2,4,4,ACGCCCGGAGAAGACTCATC,0,2929060
ompRp4,0.2,4,4,ACGATGCCTACGTCATTGTT,0,2925059
ompRp4,0.2,4,4,ACGACCTTCGAACCCAATAC,0,2917948
ompRp4,0.2,4,4,ACCTTGAAACGTTTTACAGG,0,2934186
ompRp4,0.2,4,4,ACCGGTATTATCACGTGGTG,0,2911310
ompRp4,0.2,4,4,ACCCTTTATGCACACGTCGG,0,2937210
ompRp4,0.2,4,4,ACCCCTCAGTTAACTGCGCG,0,2917635
ompRp4,0.2,4,4,ACCCCAAGACCCCGACAGAA,0,2935842
ompRp4,0.2,4,4,ACCACTAGCGGGGCGGCTCC,0,2918733
ompRp4,0.2,4,4,ACCACGCTATGCGCGCAAGA,0,2924044
ompRp4,0.2,4,4,ACATAAGGAGATGCTCTAAA,0,2937353
ompRp4,0.2,4,4,ACAGGGGGAGACTGATGTTA,0,2932852
ompRp4,0.2,4,4,ACACGCAAGTCATCAACAAG,0,2911055
ompRp4,0.2,4,4,ACACCGACTTCATCTTCTAA,0,2908018
ompRp4,0.2,4,4,ACACAGGGAGTAGTCACAGT,0,2916519
ompRp4,0.2,4,4,ACACAAGGTTGCAGTTAACT,0,2913260
ompRp4,0.2,4,4,ACAAAGGTATGATTAAATGT,0,2918066
ompRp4,0.2,4,4,AATTACTAGAGATAAACGAC,0,2909540
ompRp4,0.2,4,4,AATGTATAGAAACCGTGTTC,0,2931721
ompRp4,0.2,4,4,AATGGTAATAGTAGCACTAG,0,2936775
ompRp4,0.2,4,4,AATGGGGAAGGCACAGTAGG,0,2912739
ompRp4,0.2,4,4,AATGCTTGAACCAAGTTAAC,0,2915329
ompRp4,0.2,4,4,AATGCTGAGAAACAATTGTG,0,2927003
ompRp4,0.2,4,4,AATGACAGGGGATTAGCTAA,0,2924303
ompRp4,0.2,4,4,AATGAATAAAATTACGTTAG,0,2922635
ompRp4,0.2,4,4,AATCACAGCCGCGGAAAATC,0,2929262
ompRp4,0.2,4,4,AATATTATCGAACCCTTGAG,0,2930689
ompRp4,0.2,4,4,AATATGTATCCAGACCTGTT,0,2918659
ompRp4,0.2,4,4,AATATGCGCAGACTCAAGGC,0,2918828
ompRp4,0.2,4,4,AATATGCAATGAGTCAGCGC,0,2935658
ompRp4,0.2,4,4,AATATAGTATGCACTGCCCA,0,2925126
ompRp4,0.2,4,4,AATAACCTGGTAAACTTCCT,0,2909438
ompRp4,0.2,4,4,AAGTTTTGAGGCACCTATGG,0,2924020
ompRp4,0.2,4,4,AAGGTCCGAATATGATCGGT,0,2917320
ompRp4,0.2,4,4,AAGGGCAATAGTCGGGCCTT,0,2916420
ompRp4,0.2,4,4,AAGGCCGATGGAACTTCACA,0,2920818
ompRp4,0.2,4,4,AAGCCCCAGTCACGTCCATC,0,2918423
ompRp4,0.2,4,4,AAGAGGCCCCAAAAGCGTAT,0,2910510
ompRp4,0.2,4,4,AAGAGCACACAAATTCAAGC,0,2912359
ompRp4,0.2,4,4,AACTGACAGTGCACTACAAT,0,2932915
ompRp4,0.2,4,4,AACTCTGAGCCGGCGGCTAC,0,2922307
ompRp4,0.2,4,4,AACGAGTGCGGTATATAGGG,0,2933620
ompRp4,0.2,4,4,AACCTCCTATACAGGATGAT,0,2910393
ompRp4,0.2,4,4,AACCGACATAAGTAGGATAC,0,2909039
ompRp4,0.2,4,4,AACAGTACATACCAGAGTTC,0,2926775
ompRp4,0.2,4,4,AACAGATGATTGAGTAGTGA,0,2933248
ompRp4,0.2,4,4,AAATTTCCGGGCATTCGATA,0,2927573
ompRp4,0.2,4,4,AAATTCCAGCGAGGCGCCGT,0,2932220
ompRp4,0.2,4,4,AAATAATCAGTTTACGGCCT,0,2917741
ompRp4,0.2,4,4,AAAGTGATAGCGGTCCTAGC,0,2924265
ompRp4,0.2,4,4,AAAGGGCTAGGTTATAGCAT,0,2927733
ompRp4,0.2,4,4,AAACATTCACATTTGATTGG,0,2920988
ompRp4,0.2,4,4,AAAATTGCCATTCGCTATAG,0,2913120
ompRp4,0.2,4,4,AAAATCACAACAAGTTCAGG,0,2921186
ompRp4,0.2,4,4,AAAAATACTATGCAAGGCTT,0,2925931
ompRp4,0.2,4,4,AAAAAACCAAGTAGTGTCGT,0,2935410
ompRp4,0.25,3,3,TTTTTTTACCGGGGGACACG,0,2909910
ompRp4,0.25,3,3,TTTTATCTCCCCAGTTTCGC,0,2930747
ompRp4,0.25,3,3,TTTGTTAATTTCGTGCTGCC,0,2920553
ompRp4,0.25,3,3,TTTGAGACGTAGGCAAGCTT,0,2928823
ompRp4,0.25,3,3,TTTCTGGTACATTAGGGGAT,0,2917485
ompRp4,0.25,3,3,TTTCTCATGAATATCTATCA,0,2934973
ompRp4,0.25,3,3,TTTCGTTTAGTAGCCCTTGA,0,2913511
ompRp4,0.25,3,3,TTTCCGAGGTCGCAACCTGA,0,2934000
ompRp4,0.25,3,3,TTTCCATTTTGCAACTGGTT,0,2927819
ompRp4,0.25,3,3,TTTAGTGCCAAATTCAAGAC,0,2920929
ompRp4,0.25,3,3,TTTACAGCTCTAATTAATTG,0,2920163
ompRp4,0.25,3,3,TTGTTCTGTCAGTAGGAGGC,0,2911234
ompRp4,0.25,3,3,TTGTTAGTACGTAAACGGAG,0,2929341
ompRp4,0.25,3,3,TTGTGCCAGTGCTCGCAGAG,0,2919730
ompRp4,0.25,3,3,TTGTAGAGCGTGCTGAGCAA,0,2923145
ompRp4,0.25,3,3,TTGGCAGGAATGCAGGTTAC,0,2925277
ompRp4,0.25,3,3,TTGGATTGGTTGAGCGCCCT,0,2911589
ompRp4,0.25,3,3,TTGGATCATTGTGGCGTCAC,0,2937623
ompRp4,0.25,3,3,TTGCTGCCAACTCAATCGCA,0,2916234
ompRp4,0.25,3,3,TTGCGTCCAAACCTACAGTT,0,2912543
ompRp4,0.25,3,3,TTGAGGGTCCCTACAAGTTG,0,2934677
ompRp4,0.25,3,3,TTGACGACACGGATGTCGGT,0,2914383
ompRp4,0.25,3,3,TTGAACTTCTAGGGGGTGCC,0,2915947
ompRp4,0.25,3,3,TTCTCTGTGGACCACTTTGT,0,2923112
ompRp4,0.25,3,3,TTCTCGACTAAATTCCGCTC,0,2908751
ompRp4,0.25,3,3,TTCTATCTCGTTAGATGTGG,0,2913084
ompRp4,0.25,3,3,TTCGTGCCCGACTAATACTA,0,2936660
ompRp4,0.25,3,3,TTCGAGTCCCTAATGGGTAT,0,2925040
ompRp4,0.25,3,3,TTCCCGTGAGCGTTCTTAAT,0,2930826
ompRp4,0.25,3,3,TTCCCCACACTTTTCTGACC,0,2913425
ompRp4,0.25,3,3,TTATTTACGACGGCTAACAT,0,2918612
ompRp4,0.25,3,3,TTATTAAAGTGGGTCCGAGG,0,2930891
ompRp4,0.25,3,3,TTATGTGAAGCTACCAGAAT,0,2920728
ompRp4,0.25,3,3,TTATGCCCGGGACGGGTACA,0,2926475
ompRp4,0.25,3,3,TTATGACGACAGGTGAACTT,0,2929242
ompRp4,0.25,3,3,TTATCGTAGGGGAAGTAGTT,0,2918689
ompRp4,0.25,3,3,TTATAAATTGCTAATAGGCA,0,2912404
ompRp4,0.25,3,3,TTAGGCATGAGACACCGTAT,0,2916719
ompRp4,0.25,3,3,TTAGGACTGCCGGGGAGAAA,0,2935133
ompRp4,0.25,3,3,TTACATGTCCGATCACCGTA,0,2918768
ompRp4,0.25,3,3,TTAACATGTTACAGGGTTCG,0,2932886
ompRp4,0.25,3,3,TTAACAGCTAAGTCATCATC,0,2912112
ompRp4,0.25,3,3,TTAAAGCCTTAGGCGCAAGA,0,2911353
ompRp4,0.25,3,3,TGTTTTCTGGTTGTTCAGGG,0,2926211
ompRp4,0.25,3,3,TGTTTATCTGGATATTAGAT,0,2920916
ompRp4,0.25,3,3,TGTTCTCGATCTCCTCATCG,0,2911369
ompRp4,0.25,3,3,TGTTATAGAACCCACGTCAC,0,2918087
ompRp4,0.25,3,3,TGTGCGAGCCCGTCCTTGCT,0,2932046
ompRp4,0.25,3,3,TGTCTCTACGCGTAAAGGCA,0,2914319
ompRp4,0.25,3,3,TGTCCTAGTTCTGGCTGGGC,0,2925383
ompRp4,0.25,3,3,TGTATATCAACGTGGCAATT,0,2920625
ompRp4,0.25,3,3,TGTAGGTCCCGCCAAACTCT,0,2912761
ompRp4,0.25,3,3,TGGTGCTCACTGTTGATCCA,0,2921661
ompRp4,0.25,3,3,TGGTATATCGAGTATTGGCC,0,2934955
ompRp4,0.25,3,3,TGGTAACGGTGATGTACGAG,0,2937592
ompRp4,0.25,3,3,TGGGTTACTGTATGCAGCCT,0,2931646
ompRp4,0.25,3,3,TGGGGACTACTCGGAAAATT,0,2936488
ompRp4,0.25,3,3,TGGGCTCCAGGTATCGTGTG,0,2925180
ompRp4,0.25,3,3,TGGGCGGTGATGAAGAAGGT,0,2920605
ompRp4,0.25,3,3,TGGGCCTTAAATTTGCGGTC,0,2914310
ompRp4,0.25,3,3,TGGCGCCGGTAAATCCTTCT,0,2924163
ompRp4,0.25,3,3,TGGCCGTAGAAGAGACTCTG,0,2909371
ompRp4,0.25,3,3,TGGATGAACTCAACACCGCT,0,2919720
ompRp4,0.25,3,3,TGGAGTCGCGCATGCGCGAA,0,2937283
ompRp4,0.25,3,3,TGGAGACGGGCTACGTCATG,0,2919315
ompRp4,0.25,3,3,TGCTCTAGCTACCTTGTCAT,0,2926762
ompRp4,0.25,3,3,TGCTCGGTACATCCCAAGCA,0,2913919
ompRp4,0.25,3,3,TGCGTCATCTGTCTGTGCTG,0,2914075
ompRp4,0.25,3,3,TGCGTAGATGGTTAGTGCCT,0,2926507
ompRp4,0.25,3,3,TGCGGCAGACAGGGGTTCTG,0,2930317
ompRp4,0.25,3,3,TGCCGCTGCACGCGTGACAT,0,2923611
ompRp4,0.25,3,3,TGCCGATTGGTTTGCAGGTA,0,2916868
ompRp4,0.25,3,3,TGCCCGTAGAGGGACGTTTT,0,2935796
ompRp4,0.25,3,3,TGCCCGGGGCATTAGAAGAT,0,2915506
ompRp4,0.25,3,3,TGCCATGCACAGCGGCAAGA,0,2912711
ompRp4,0.25,3,3,TGCCATCGTTGGGCTCGCGA,0,2932747
ompRp4,0.25,3,3,TGCATCCTCATTCGACATTT,0,2917599
ompRp4,0.25,3,3,TGCAGCGGGTCAAGAGCTTC,0,2919554
ompRp4,0.25,3,3,TGCACTTGGTGCCGATGGCG,0,2933165
ompRp4,0.25,3,3,TGCAAGTCCCGGCTGCCGGG,0,2929105
ompRp4,0.25,3,3,TGAGGTGCTGTTATTGTTAA,0,2916327
ompRp4,0.25,3,3,TGAGCGTCTTAACCTCAATA,0,2911680
ompRp4,0.25,3,3,TGACCCGCCAGAAGTTACTA,0,2918693
ompRp4,0.25,3,3,TGACACAGTAAGGCCCCGAC,0,2923920
ompRp4,0.25,3,3,TGAACAGAATAGCTACTGCT,0,2935150
ompRp4,0.25,3,3,TGAAATTGTTAGGCGTATCC,0,2928850
ompRp4,0.25,3,3,TCTTTGAGACCTTTGTACTT,0,2909264
ompRp4,0.25,3,3,TCTTTCGGTTGCTTCACTGT,0,2927622
ompRp4,0.25,3,3,TCTTGGATTCGGAGGTTATG,0,2924623
ompRp4,0.25,3,3,TCTTGACTGTGTGTTGACAG,0,2911927
ompRp4,0.25,3,3,TCTTCCTCACGGAGGTTGAG,0,2936881
ompRp4,0.25,3,3,TCTGTTAATCATCCGGAACG,0,2909710
ompRp4,0.25,3,3,TCTGTCGGGGCGTTGTCTAC,0,2921989
ompRp4,0.25,3,3,TCTGGAACATAGATGTCGTC,0,2912805
ompRp4,0.25,3,3,TCTGCGAGATCTCTGCATCG,0,2934227
ompRp4,0.25,3,3,TCTGAGTCTGGTACCCCCCA,0,2908053
ompRp4,0.25,3,3,TCTCTCTTGTTCGTTCAACG,0,2917173
ompRp4,0.25,3,3,TCTCATTTGTAGATTAAGCG,0,2924401
ompRp4,0.25,3,3,TCTATGCGACCTTGAACCTT,0,2914941
ompRp4,0.25,3,3,TCGTGGCGCAGCGGAAGATC,0,2918982
ompRp4,0.25,3,3,TCGGTCGAGTAAGCCCGTTG,0,2918529
ompRp4,0.25,3,3,TCGGGGATAAAATCCTACGC,0,2926173
ompRp4,0.25,3,3,TCGCTTACTTCATATAATAG,0,2931979
ompRp4,0.25,3,3,TCGCTGAACCTGCTTTTCAA,0,2936550
ompRp4,0.25,3,3,TCGCGCACCTGGGAAGGTAT,0,2910839
ompRp4,0.25,3,3,TCGCCCGATATTCATCCCGG,0,2929958
ompRp4,0.25,3,3,TCGCATTGGAGCAATTAATT,0,2934333
ompRp4,0.25,3,3,TCGCAAATGTTCGGGTTTTA,0,2922342
ompRp4,0.25,3,3,TCGAGAGTCGTCTCTGGTCA,0,2936664
ompRp4,0.25,3,3,TCGAATTGAGAGTTACGGGG,0,2912463
ompRp4,0.25,3,3,TCGAAATATTTGAGCGGGCT,0,2937697
ompRp4,0.25,3,3,TCCTGGCATAATGGGGCTAC,0,2934422
ompRp4,0.25,3,3,TCCGTTGTTGTCTGATTAAA,0,2911047
ompRp4,0.25,3,3,TCCGTCTCAGGCTTCTGATG,0,2919348
ompRp4,0.25,3,3,TCCGGAGAAGCGTTGGTGGA,0,2916353
ompRp4,0.25,3,3,TCCGAAGCTGAGGTTTAGGA,0,2924166
ompRp4,0.25,3,3,TCCCTGCCTGTAACGTTTAC,0,2911865
ompRp4,0.25,3,3,TCCCCTCCCATCCCAACGAC,0,2938289
ompRp4,0.25,3,3,TCCCCCCGTGCGTTAGCCCA,0,2916744
ompRp4,0.25,3,3,TCCCCAATTCGGGAGACTTC,0,2930241
ompRp4,0.25,3,3,TCCATTGGCGGGATTAGTCG,0,2909878
ompRp4,0.25,3,3,TCCATCTAGCTGCTAGTCAA,0,2916632
ompRp4,0.25,3,3,TCCAAAAGCGTTATCAGGGC,0,2924132
ompRp4,0.25,3,3,TCATTATTGTCGAAAACATG,0,2936170
ompRp4,0.25,3,3,TCATGTATGATATACATTGT,0,2925761
ompRp4,0.25,3,3,TCATCCCTCACCAGCAGAAG,0,2925707
ompRp4,0.25,3,3,TCATAGATATATAATCGCCG,0,2923119
ompRp4,0.25,3,3,TCATACGTTGTAAATAACAA,0,2937926
ompRp4,0.25,3,3,TCAGTGGAAACGGGTGAGTG,0,2922751
ompRp4,0.25,3,3,TCAGGGGATTCACGAAAGGG,0,2929531
ompRp4,0.25,3,3,TCAGCTCGGCTAGATAATCT,0,2935257
ompRp4,0.25,3,3,TCAGACTAGAGCCCCAAGCC,0,2927508
ompRp4,0.25,3,3,TCAGAAAGGTTAACGGACTA,0,2930287
ompRp4,0.25,3,3,TCAAGGCACGGGGGCCGATT,0,2910124
ompRp4,0.25,3,3,TCAAATAATGGGGATTGCGT,0,2909733
ompRp4,0.25,3,3,TATTGTTTGCTGCTGGGGTA,0,2927243
ompRp4,0.25,3,3,TATGGCATATTCTGCGTTTC,0,2919521
ompRp4,0.25,3,3,TATGCAAAAAAATTGTTGCG,0,2935737
ompRp4,0.25,3,3,TATGAGGCATTGTGTTGGTA,0,2918898
ompRp4,0.25,3,3,TATCGCGTCCGACGTCACCT,0,2934835
ompRp4,0.25,3,3,TATCCGTTACGGGCCATCCT,0,2932330
ompRp4,0.25,3,3,TATCAGTGTTCATATTTCTC,0,2931653
ompRp4,0.25,3,3,TAGGTATACTTGTGCGTGTC,0,2922893
ompRp4,0.25,3,3,TAGGGTAGCTACGAGACCGT,0,2937333
ompRp4,0.25,3,3,TAGGGTACAGAGCCTCAAAT,0,2909534
ompRp4,0.25,3,3,TAGAACATGTGGCACTCACG,0,2923921
ompRp4,0.25,3,3,TACTCTCAACGAGGCGCGTA,0,2930170
ompRp4,0.25,3,3,TACTCGGGAACTCTGGTGCC,0,2918274
ompRp4,0.25,3,3,TACTCACGTGCATAAGATCG,0,2913474
ompRp4,0.25,3,3,TACTCAACCAGCCTAGTCGT,0,2920932
ompRp4,0.25,3,3,TACCGTAATAAAGTAGAGTG,0,2918540
ompRp4,0.25,3,3,TACCGAAATAATTCGTGTAG,0,2918488
ompRp4,0.25,3,3,TAATTACCAGACTGTTGGTT,0,2923837
ompRp4,0.25,3,3,TAATGTATTCGGGCCTGGAT,0,2911337
ompRp4,0.25,3,3,TAATCTAGAATTGAGACTGT,0,2920119
ompRp4,0.25,3,3,TAAGTTTCACTACGCGGGCA,0,2910360
ompRp4,0.25,3,3,TAACAGCGGCGGGCCATTCA,0,2933720
ompRp4,0.25,3,3,TAAATTGTGGGGGGTTGGAT,0,2912182
ompRp4,0.25,3,3,TAAATCGCCGTACCTCAGTA,0,2936743
ompRp4,0.25,3,3,TAAAGGTAGCGTTCAGCGAT,0,2930122
ompRp4,0.25,3,3,TAAACAAGAAAGCGGGTCAG,0,2912861
ompRp4,0.25,3,3,TAAAAAAAGTACCACAGAAC,0,2930061
ompRp4,0.25,3,3,GTTTTGACTGGCAGCACCCT,0,2931253
ompRp4,0.25,3,3,GTTTGGCCCCGCCTTTGCGC,0,2914164
ompRp4,0.25,3,3,GTTGCGGGGCCTCTTTTTTC,0,2926834
ompRp4,0.25,3,3,GTTGCATGTCCTAGGATACA,0,2930209
ompRp4,0.25,3,3,GTTGAGGAGCCTTTCACATA,0,2919144
ompRp4,0.25,3,3,GTTCCGGCGTTAATCCGGTC,0,2938207
ompRp4,0.25,3,3,GTTCAGGGAGGCCCGGGTTC,0,2912843
ompRp4,0.25,3,3,GTTACAGTTCATCGTCTAGT,0,2912284
ompRp4,0.25,3,3,GTGTTGCTGAGGGTACCCCA,0,2908924
ompRp4,0.25,3,3,GTGTTCGATTCTGATTGTAT,0,2922822
ompRp4,0.25,3,3,GTGTTACGGGAACCATTATT,0,2913192
ompRp4,0.25,3,3,GTGTCATCACAGAGATTAGA,0,2929784
ompRp4,0.25,3,3,GTGTATTCCAAACTACGGGT,0,2924001
ompRp4,0.25,3,3,GTGGTTGTAGATGGTAGACA,0,2921866
ompRp4,0.25,3,3,GTGGGCCGGGTCAGGGGATT,0,2934572
ompRp4,0.25,3,3,GTGGCACCAGTTACTCACTA,0,2922549
ompRp4,0.25,3,3,GTGGATGTTGAGGAAAAGAA,0,2911868
ompRp4,0.25,3,3,GTGCGGTACTTGAGTTCTTC,0,2908712
ompRp4,0.25,3,3,GTGATTTTTGGTGTCTCCCC,0,2918557
ompRp4,0.25,3,3,GTCTTAGACGTATCCTACAC,0,2910437
ompRp4,0.25,3,3,GTCTGCAGCACACTGGGGAT,0,2919667
ompRp4,0.25,3,3,GTCTCTCTGTAGTGCCTTTT,0,2928212
ompRp4,0.25,3,3,GTCTCCATAGATCAGGTCTC,0,2920864
ompRp4,0.25,3,3,GTCTCAGTCGGCAAATCCTC,0,2928042
ompRp4,0.25,3,3,GTCTAGGTTCGGGCCGCTGC,0,2920070
ompRp4,0.25,3,3,GTCGGGCCTGTCTTTAAGGG,0,2923050
ompRp4,0.25,3,3,GTCGCCTTGTCAAATAGGAT,0,2927745
ompRp4,0.25,3,3,GTCGAATCAGCATCTAATAC,0,2923362
ompRp4,0.25,3,3,GTCCTCACGTCGCTTCGAGT,0,2918616
ompRp4,0.25,3,3,GTCCGAATATAGAACGGAGT,0,2908256
ompRp4,0.25,3,3,GTCCCGCTAGTCTCTACCGA,0,2928658
ompRp4,0.25,3,3,GTCCAGTAAATTATAATTTG,0,2911099
ompRp4,0.25,3,3,GTCATTTAACTTCGTTGCAC,0,2911471
ompRp4,0.25,3,3,GTCATCACCAACGGACTGCC,0,2918824
ompRp4,0.25,3,3,GTCATACGGTCTAAGGGTTT,0,2923466
ompRp4,0.25,3,3,GTCAGTCAGTTCTGCGACAT,0,2908139
ompRp4,0.25,3,3,GTCAGTACAGATCGATGCCA,0,2911319
ompRp4,0.25,3,3,GTCACGGCATCCAATGGCCT,0,2928169
ompRp4,0.25,3,3,GTATGAATTGCTGTGATTGC,0,2935018
ompRp4,0.25,3,3,GTATCTAAAGCGAGGTCTTT,0,2909202
ompRp4,0.25,3,3,GTACTACTCACCTTTGGACA,0,2930775
ompRp4,0.25,3,3,GTAAGGGTTGAGGCTGTACC,0,2913421
ompRp4,0.25,3,3,GTAAACGTTTTTACTAATAT,0,2934873
ompRp4,0.25,3,3,GTAAACAGACGCGCGCCGTC,0,2921361
ompRp4,0.25,3,3,GGTTGACGGATTGTTGGCAT,0,2924066
ompRp4,0.25,3,3,GGTGGACGTGACTCCAGAAT,0,2921532
ompRp4,0.25,3,3,GGTGACTCAGCGCCGGGCGT,0,2929017
ompRp4,0.25,3,3,GGTGAAGGGTCAGGGTGTAA,0,2918054
ompRp4,0.25,3,3,GGTCATATGTCCCACGCTTA,0,2920027
ompRp4,0.25,3,3,GGTCATATACCGTGTCGAAT,0,2916797
ompRp4,0.25,3,3,GGTAACTTCAGATTAGTACG,0,2929512
ompRp4,0.25,3,3,GGGTTTCAGCGGGATCGCCA,0,2935310
ompRp4,0.25,3,3,GGGTGGCTTTCATGCATTAC,0,2915510
ompRp4,0.25,3,3,GGGTCTTTCAGTGTCTAATG,0,2930154
ompRp4,0.25,3,3,GGGTCCTTTTTATGCACATG,0,2910538
ompRp4,0.25,3,3,GGGGTACCCACGTGGTTCTT,0,2907752
ompRp4,0.25,3,3,GGGGGGGTCTACACCACGGT,0,2916669
ompRp4,0.25,3,3,GGGGGGATCCTACAAGTGTC,0,2931792
ompRp4,0.25,3,3,GGGGCGCGCATGCCAGTCGG,0,2920122
ompRp4,0.25,3,3,GGGGATAGCCAGTTATCCGT,0,2912281
ompRp4,0.25,3,3,GGGCTCTGGGGCTTGCTTCC,0,2931942
ompRp4,0.25,3,3,GGGCGGTCAATACTACAACA,0,2932780
ompRp4,0.25,3,3,GGGCGCTGACTAGTGGTTGG,0,2911315
ompRp4,0.25,3,3,GGGCCATTCACATTTTCTAG,0,2930723
ompRp4,0.25,3,3,GGGCCACGAAAATGTGTTTC,0,2927129
ompRp4,0.25,3,3,GGGCACGTTGTCAAGCTAAC,0,2912379
ompRp4,0.25,3,3,GGGCAAAAGGGACGAAGCCT,0,2931061
ompRp4,0.25,3,3,GGGATTGGAGAGATGCAAGA,0,2918840
ompRp4,0.25,3,3,GGGAGGCCTGATGCCATTTG,0,2926142
ompRp4,0.25,3,3,GGGAGCCTTACCGGGGAATA,0,2916528
ompRp4,0.25,3,3,GGGAGAACCGGCTCTGTAGA,0,2927208
ompRp4,0.25,3,3,GGGACTGTTCAGATAACATG,0,2927510
ompRp4,0.25,3,3,GGGAATACTCCATGGTGAGT,0,2934656
ompRp4,0.25,3,3,GGCTGAAATTACCCGTAGGT,0,2928270
ompRp4,0.25,3,3,GGCTCCTACTCTACCCAGGA,0,2916363
ompRp4,0.25,3,3,GGCTCACAAACGCAATGACC,0,2911104
ompRp4,0.25,3,3,GGCGTCGGCGCACTGAGCCC,0,2930041
ompRp4,0.25,3,3,GGCGAGTTCATCGGGCGTCA,0,2929413
ompRp4,0.25,3,3,GGCCTATACAAGTGAGGCCA,0,2917492
ompRp4,0.25,3,3,GGCCCTTGGACCATGCCTGA,0,2914120
ompRp4,0.25,3,3,GGCCCCGCACTTCAGCGAAC,0,2929039
ompRp4,0.25,3,3,GGCCCACCGATCGATGCCAC,0,2913140
ompRp4,0.25,3,3,GGCCAAGTAAAAGATAATCT,0,2913713
ompRp4,0.25,3,3,GGCAGGGGTTAGATGGAAGG,0,2922413
ompRp4,0.25,3,3,GGCAAGCCTGCCAGAATTGC,0,2914597
ompRp4,0.25,3,3,GGCAACCTATTAAAATTCCT,0,2928193
ompRp4,0.25,3,3,GGCAACACCCGCCCCATTAA,0,2926843
ompRp4,0.25,3,3,GGATCCACCTTTGGCATTGA,0,2915715
ompRp4,0.25,3,3,GGAGTAAGCGAAGCAGTTTG,0,2931984
ompRp4,0.25,3,3,GGAGGGTTATGGGTCCACTA,0,2911795
ompRp4,0.25,3,3,GGAGGGATTCATACACACAA,0,2922647
ompRp4,0.25,3,3,GGAGAAGAGTAACGGGTCTT,0,2935979
ompRp4,0.25,3,3,GGACCCTTGTCGCAAGGCTG,0,2914496
ompRp4,0.25,3,3,GGAAGATTGAGTTAAGCTCA,0,2911275
ompRp4,0.25,3,3,GGAACTCCGGACAATCTATA,0,2935391
ompRp4,0.25,3,3,GCTTTACCATGATCCACTTT,0,2910931
ompRp4,0.25,3,3,GCTTGGTAAGTAAGCCGGAT,0,2913204
ompRp4,0.25,3,3,GCTTCAGCGACGTACTCGTA,0,2921891
ompRp4,0.25,3,3,GCTGTTGCATTGCCACTTTG,0,2925129
ompRp4,0.25,3,3,GCTGCATAAGTATTTCATTT,0,2925742
ompRp4,0.25,3,3,GCTCTACCAGAGCGGCTAAT,0,2933375
ompRp4,0.25,3,3,GCTCGGGACATAGTTCGCAT,0,2930006
ompRp4,0.25,3,3,GCTCGAGGAACTGGCAAAGC,0,2923218
ompRp4,0.25,3,3,GCTATGGCTACCCTTGGAAA,0,2932271
ompRp4,0.25,3,3,GCTACTTGAAGTAATAGGCA,0,2931086
ompRp4,0.25,3,3,GCGTGCCCTAGTAACGTGAA,0,2927397
ompRp4,0.25,3,3,GCGTCTTGGTCCCCCGGATA,0,2931570
ompRp4,0.25,3,3,GCGTCGTGCAGTGTATATTG,0,2912685
ompRp4,0.25,3,3,GCGTCGCAATTTACAAAGTC,0,2910531
ompRp4,0.25,3,3,GCGTCAATTGCCAAGCCGCG,0,2924924
ompRp4,0.25,3,3,GCGTACCATGTACACTTCTA,0,2916533
ompRp4,0.25,3,3,GCGGTGCCCTTATGGCAGCT,0,2909954
ompRp4,0.25,3,3,GCGGTATTCATTGCGCGCAA,0,2909366
ompRp4,0.25,3,3,GCGGGACTGAGCAAGAAGGT,0,2927846
ompRp4,0.25,3,3,GCGGCTCCGAAACGCTCGTT,0,2915343
ompRp4,0.25,3,3,GCGCTGGCTGCGCGGGATCT,0,2929375
ompRp4,0.25,3,3,GCGCTATTCCGAAGAGGCGA,0,2909535
ompRp4,0.25,3,3,GCGCGCCAGGCGGCAAAGAT,0,2928343
ompRp4,0.25,3,3,GCGCCCCGACCGTCCCTGGG,0,2933209
ompRp4,0.25,3,3,GCGCAGGGTCCGCCACGTGC,0,2916839
ompRp4,0.25,3,3,GCGATGCTATATGGTCGCGG,0,2930696
ompRp4,0.25,3,3,GCGAAGGCTGAGGGCTCTAA,0,2934310
ompRp4,0.25,3,3,GCCTGACCCGGGTAAATGAT,0,2929920
ompRp4,0.25,3,3,GCCTATGCGAAACGGCAGAT,0,2912352
ompRp4,0.25,3,3,GCCGCAGTAGCAACCTTGTG,0,2922112
ompRp4,0.25,3,3,GCCGACAGCCCCAGGCTTGG,0,2935033
ompRp4,0.25,3,3,GCCGAACAGGTGTCAGATTG,0,2916703
ompRp4,0.25,3,3,GCCCTAGTTCATCACAAGCT,0,2923434
ompRp4,0.25,3,3,GCCCGTCCAAGTTCAACTGA,0,2912464
ompRp4,0.25,3,3,GCCCAGACGATCGACTGTTT,0,2933312
ompRp4,0.25,3,3,GCCCAACGAACTGCCATACT,0,2908894
ompRp4,0.25,3,3,GCCAGGCAATCGAAGCCAGG,0,2927365
ompRp4,0.25,3,3,GCATTTACTTGAGCACGCCA,0,2920190
ompRp4,0.25,3,3,GCATTCTCAATTGCTTAGTT,0,2935542
ompRp4,0.25,3,3,GCATTCCGTAACCGTATATA,0,2933473
ompRp4,0.25,3,3,GCAGTATGGATGGCTCCGAT,0,2938229
ompRp4,0.25,3,3,GCAGCGAAGTCCTATGGATA,0,2931470
ompRp4,0.25,3,3,GCACGGTCCATACTTACAAG,0,2938044
ompRp4,0.25,3,3,GCACCCTACTAAACTGTCCT,0,2931676
ompRp4,0.25,3,3,GCACCCCATGTTATACGCTG,0,2929573
ompRp4,0.25,3,3,GCACACGTCCTTTGAAAACG,0,2934594
ompRp4,0.25,3,3,GCACACCTTCTAAATGTGCT,0,2930343
ompRp4,0.25,3,3,GCAATGTGCTTTTTGTTGAG,0,2909181
ompRp4,0.25,3,3,GCAATCTCACGCGATACTCT,0,2935070
ompRp4,0.25,3,3,GCAAGGAGCTGATTCATGGG,0,2931242
ompRp4,0.25,3,3,GCAACCTGACGTAAGATTCT,0,2924088
ompRp4,0.25,3,3,GCAAATAAATTACTGCGACT,0,2930969
ompRp4,0.25,3,3,GCAAAGGATCCTCTTAGCCC,0,2929259
ompRp4,0.25,3,3,GCAAAAAAGTCACGGCGAGT,0,2931637
ompRp4,0.25,3,3,GATGGGCTTAAAGTTCACGA,0,2910169
ompRp4,0.25,3,3,GATGCTCCGTAAGCTGGGGA,0,2925192
ompRp4,0.25,3,3,GATGATATAAGTAGCTCGAG,0,2918489
ompRp4,0.25,3,3,GATGAGATCACTGTACTTCG,0,2936665
ompRp4,0.25,3,3,GATCAGGTTTTTAGTAATGT,0,2917702
ompRp4,0.25,3,3,GAGTTGAGCAGTTAGCAATT,0,2918272
ompRp4,0.25,3,3,GAGTTCTAAAACCTACCCCA,0,2919686
ompRp4,0.25,3,3,GAGTGAACTCCCAACGTCCT,0,2937769
ompRp4,0.25,3,3,GAGGGACAGGCATCGCCAAG,0,2916892
ompRp4,0.25,3,3,GAGGACAAGTGCAGTTGGGT,0,2924033
ompRp4,0.25,3,3,GAGGAATTTTTAGATGCCCG,0,2919471
ompRp4,0.25,3,3,GAGCCGACGGGCTCCGTGAC,0,2911169
ompRp4,0.25,3,3,GAGAAACCACCGAAATCTCA,0,2932209
ompRp4,0.25,3,3,GACTTAGATTCACGGCTACA,0,2922652
ompRp4,0.25,3,3,GACGGAGGAAAAAATTCATA,0,2915571
ompRp4,0.25,3,3,GACGGAAGAAACTAGGTACT,0,2921653
ompRp4,0.25,3,3,GACGAAAGTAGCACTGCCAC,0,2910083
ompRp4,0.25,3,3,GACATATAGCGATTCGGTAG,0,2935489
ompRp4,0.25,3,3,GACAAGCTTGGTACCGGGCT,0,2916903
ompRp4,0.25,3,3,GAATGCGTGTTTTCGCGGCT,0,2918082
ompRp4,0.25,3,3,GAATGCCTCACAGTGTACTA,0,2910639
ompRp4,0.25,3,3,GAATAATTCAAGTACATATG,0,2918678
ompRp4,0.25,3,3,GAACCGGATGGGCCGATAGG,0,2914029
ompRp4,0.25,3,3,GAACCGAACACGCCGTTGCA,0,2930749
ompRp4,0.25,3,3,GAACCATTTGTGTTTGCGGA,0,2932984
ompRp4,0.25,3,3,GAAAGGTTTTAACAATTCCA,0,2911605
ompRp4,0.25,3,3,GAAAGCCAGCCCTGTGTGTT,0,2922047
ompRp4,0.25,3,3,GAAAGACTAGGTTATTGGGA,0,2932447
ompRp4,0.25,3,3,GAAAAAATAAGACCCCCTGG,0,2917424
ompRp4,0.25,3,3,CTTTGGAGCTGCTGGGAGTG,0,2917761
ompRp4,0.25,3,3,CTTTCTGGGTTAGCCGACAC,0,2926244
ompRp4,0.25,3,3,CTTTCGATGATCAATGGCTG,0,2937533
ompRp4,0.25,3,3,CTTGGCTGACCCCCCTACGA,0,2925301
ompRp4,0.25,3,3,CTTGGATAAGAGGTCGGTCA,0,2917310
ompRp4,0.25,3,3,CTTGCGAGTTTTTGTATATA,0,2920411
ompRp4,0.25,3,3,CTTGAGGCTAGCAGTCTGAT,0,2933021
ompRp4,0.25,3,3,CTTGACAGTAAAATAACTGA,0,2916175
ompRp4,0.25,3,3,CTTCATGTCCCAAACACGAC,0,2928037
ompRp4,0.25,3,3,CTTACTAGGGGTGGGTAAAA,0,2910121
ompRp4,0.25,3,3,CTTAAATTCGTTCAATGGAA,0,2918842
ompRp4,0.25,3,3,CTGTTGTTCGAATCCACGTG,0,2935060
ompRp4,0.25,3,3,CTGTGGAATGATTTTGCTTA,0,2932419
ompRp4,0.25,3,3,CTGTGATTGCTGTGCGGGGT,0,2930455
ompRp4,0.25,3,3,CTGTGATTGCCCGGTCACGG,0,2927087
ompRp4,0.25,3,3,CTGTGAGCAACTGGGCAGTC,0,2910858
ompRp4,0.25,3,3,CTGGGAAAATCGGATACGGT,0,2927178
ompRp4,0.25,3,3,CTGGCTCTATCACTATGATC,0,2934306
ompRp4,0.25,3,3,CTGGCTAAGTACCAGAACCG,0,2931776
ompRp4,0.25,3,3,CTGGCCGTATAGCGCAGAAA,0,2926893
ompRp4,0.25,3,3,CTGGCATATAAGGCCACTGT,0,2923507
ompRp4,0.25,3,3,CTGGATTTGTATGTCCTAGT,0,2915057
ompRp4,0.25,3,3,CTGCGTGGCCCGAGACAGGC,0,2935384
ompRp4,0.25,3,3,CTGCATCGATTTTGGTCAGG,0,2935408
ompRp4,0.25,3,3,CTGATGATGCAATTAGGATT,0,2914978
ompRp4,0.25,3,3,CTGATACGTAATTACTGGCT,0,2911634
ompRp4,0.25,3,3,CTGACTTAACACTTCATTCG,0,2910715
ompRp4,0.25,3,3,CTGACTGAGCAGTTAAATGA,0,2915821
ompRp4,0.25,3,3,CTCTGTTCGTCTCGCAATCA,0,2910984
ompRp4,0.25,3,3,CTCTAACTACTGCTAAGGGA,0,2922829
ompRp4,0.25,3,3,CTCGTTGCGACGGTGAAGAC,0,2926606
ompRp4,0.25,3,3,CTCGTACAAAACAGCCTAGA,0,2921270
ompRp4,0.25,3,3,CTCGGTATAAAATGGTAATC,0,2910656
ompRp4,0.25,3,3,CTCGGATTGATCCTAATCTC,0,2927924
ompRp4,0.25,3,3,CTCGAGGTAAATCGTGGGTG,0,2938260
ompRp4,0.25,3,3,CTCCCCATCCAAGGCTTCCA,0,2923469
ompRp4,0.25,3,3,CTATCATGGTTCAGTATGTG,0,2923979
ompRp4,0.25,3,3,CTAGGTCACGTTAAGCCGGC,0,2912808
ompRp4,0.25,3,3,CTAGGGAGCACTAGCCTATA,0,2907864
ompRp4,0.25,3,3,CTAGAGCACGGTTGTTGATC,0,2929326
ompRp4,0.25,3,3,CTACGTCCATTAAGCATTCC,0,2913785
ompRp4,0.25,3,3,CTAATGAGTTGGGACCGAGG,0,2922554
ompRp4,0.25,3,3,CTAACTGCGAAGTAGAAAAA,0,2911391
ompRp4,0.25,3,3,CGTTGGCGATGGATGTAGAA,0,2918598
ompRp4,0.25,3,3,CGTTCCTGACCCACGCATAG,0,2917382
ompRp4,0.25,3,3,CGTTAAAATGCGTTCGCATG,0,2912253
ompRp4,0.25,3,3,CGTGTTTAGTCAGCAGTGTT,0,2934905
ompRp4,0.25,3,3,CGTGAATCGCATGTCTGATA,0,2930466
ompRp4,0.25,3,3,CGTGAAAAACGAGCCGGAGA,0,2908591
ompRp4,0.25,3,3,CGTACGCCGTTCAAGGGATC,0,2920339
ompRp4,0.25,3,3,CGTACCATACGTAATGTTCG,0,2911817
ompRp4,0.25,3,3,CGTACCACCTGGCTGGCCCG,0,2933221
ompRp4,0.25,3,3,CGTACAAAGTTTTAGGAGCC,0,2917775
ompRp4,0.25,3,3,CGTAAATACAGGCGTTTACC,0,2915925
ompRp4,0.25,3,3,CGGTAGCCTGTGGACGGTAT,0,2914095
ompRp4,0.25,3,3,CGGTAGCATAGTGAATGAGA,0,2923703
ompRp4,0.25,3,3,CGGTAATTTCATGGGACCGC,0,2912661
ompRp4,0.25,3,3,CGGGTTACGGGATCTCAGGT,0,2922741
ompRp4,0.25,3,3,CGGGGGTTCACGGTATAAAG,0,2922797
ompRp4,0.25,3,3,CGGGCGGCAGGTAGATTATG,0,2931829
ompRp4,0.25,3,3,CGGGACTATGGTGACAGTCA,0,2914499
ompRp4,0.25,3,3,CGGCTTTGGCTCCATAAGGC,0,2930773
ompRp4,0.25,3,3,CGGCTGGCAGTGAGTTTTTG,0,2917398
ompRp4,0.25,3,3,CGGCGCCGGAGGGCCCGCTG,0,2927621
ompRp4,0.25,3,3,CGGCCGGCATGCTCACTTGT,0,2910255
ompRp4,0.25,3,3,CGGCCCCTGTGGGCGCGCAG,0,2908358
ompRp4,0.25,3,3,CGGCATAGGCCCAACCATAT,0,2919372
ompRp4,0.25,3,3,CGGCAGCTACGTCCGCCCTA,0,2930695
ompRp4,0.25,3,3,CGGAGTGGAATGTGAGGCAT,0,2907903
ompRp4,0.25,3,3,CGGAGGCATATATTTTAGAG,0,2929090
ompRp4,0.25,3,3,CGCTATCTTTGACTTGAGGG,0,2931609
ompRp4,0.25,3,3,CGCTAGACTTTTCAATGTGA,0,2919506
ompRp4,0.25,3,3,CGCGAGCCTACACGACGATA,0,2932024
ompRp4,0.25,3,3,CGCCTTATAAGATAGTTAAA,0,2925579
ompRp4,0.25,3,3,CGCCCGGACGTTCCAAGTCT,0,2921703
ompRp4,0.25,3,3,CGCCCGCCCGTCAACGCGGA,0,2914689
ompRp4,0.25,3,3,CGCATGTTTCGAGGCCGTCA,0,2930691
ompRp4,0.25,3,3,CGCAATTTTCAGGCCGTCTC,0,2931439
ompRp4,0.25,3,3,CGCAATTACGCAACTGATCA,0,2908382
ompRp4,0.25,3,3,CGATGGCTTGGGGACTATTA,0,2930178
ompRp4,0.25,3,3,CGATGCGTCTAAGCGATCTC,0,2921847
ompRp4,0.25,3,3,CGATGCACAGACGTGCGTTT,0,2932681
ompRp4,0.25,3,3,CGATCTGGAACTTGTAAATC,0,2922304
ompRp4,0.25,3,3,CGATATGGGCTCCATAGACC,0,2936495
ompRp4,0.25,3,3,CGAGACCACCGGTCCGGCGG,0,2908012
ompRp4,0.25,3,3,CGACGTGCAACGATCTTTTA,0,2914765
ompRp4,0.25,3,3,CGAATCCCGCCGGATCGGTG,0,2925649
ompRp4,0.25,3,3,CGAAACCTCTTTGGGCCAGA,0,2915569
ompRp4,0.25,3,3,CGAAAATCGCGAGTTCACAA,0,2917508
ompRp4,0.25,3,3,CGAAAACCAAGTTCAACTGT,0,2931620
ompRp4,0.25,3,3,CCTTGGGACAATAATTAGGC,0,2931266
ompRp4,0.25,3,3,CCTTCGGGTACAAACGTATA,0,2913963
ompRp4,0.25,3,3,CCTGTTTCACGCCGATCACT,0,2911253
ompRp4,0.25,3,3,CCTGTACGCCCGGCGGGCTG,0,2912836
ompRp4,0.25,3,3,CCTCCGCGGATCACCTACGG,0,2928886
ompRp4,0.25,3,3,CCTAGTTGGGGATGCTATGT,0,2937647
ompRp4,0.25,3,3,CCGTTGCATCAAGGTAATCT,0,2936796
ompRp4,0.25,3,3,CCGTGACATGCCCGCATTAG,0,2914906
ompRp4,0.25,3,3,CCGGAGTCTATCCAAAGCGA,0,2934863
ompRp4,0.25,3,3,CCGGACGCGGTAATATGGTT,0,2912318
ompRp4,0.25,3,3,CCGGACAAACCGAATGCCGC,0,2933411
ompRp4,0.25,3,3,CCGGAATGACAGAGGGGCTT,0,2925699
ompRp4,0.25,3,3,CCGCTGACGTGGGTGGCAAG,0,2910716
ompRp4,0.25,3,3,CCGCTCGTCACACGAAGCTA,0,2935855
ompRp4,0.25,3,3,CCGCTAATCGAGTAACTGTT,0,2923877
ompRp4,0.25,3,3,CCGCCCTATTCTCTACGTAT,0,2922041
ompRp4,0.25,3,3,CCGCCAGCGCAGGATCCTTG,0,2920476
ompRp4,0.25,3,3,CCGATAACTAGGTTAGTCTT,0,2920018
ompRp4,0.25,3,3,CCGACATTAGGGTTTGACAT,0,2908119
ompRp4,0.25,3,3,CCCTTAGGGATAGTTTAATT,0,2917543
ompRp4,0.25,3,3,CCCTAGTCAGGAATGTACCA,0,2928363
ompRp4,0.25,3,3,CCCGGGCCCTGGTTCACGCA,0,2923742
ompRp4,0.25,3,3,CCCCATTGTAGTTTGTTACC,0,2915792
ompRp4,0.25,3,3,CCCATTTGTGCCTCGCTTAA,0,2928186
ompRp4,0.25,3,3,CCCACCCTCGCTCTGAGGAG,0,2924387
ompRp4,0.25,3,3,CCATGGTCCAGATCAATGAC,0,2923164
ompRp4,0.25,3,3,CCATCGCGGGACCACGCTCG,0,2908489
ompRp4,0.25,3,3,CCATAGAGTACAAATGATGT,0,2926605
ompRp4,0.25,3,3,CCATACAGCCGAAAAAATCT,0,2922548
ompRp4,0.25,3,3,CCAGTGCGTCAATAAAAGCG,0,2933389
ompRp4,0.25,3,3,CCAGAGTCTCCTTATAGTTT,0,2933462
ompRp4,0.25,3,3,CCAGAGAGACGTATCTTAAT,0,2929647
ompRp4,0.25,3,3,CCAGAACAGGGAGGTGTGTA,0,2924746
ompRp4,0.25,3,3,CCACCAGTACCAATCGCTTG,0,2923261
ompRp4,0.25,3,3,CCACACCTGATATTCAGATA,0,2936992
ompRp4,0.25,3,3,CCACACCTCGGGTGGGACAT,0,2928831
ompRp4,0.25,3,3,CCAATCGGCTTTTCGCGCCC,0,2927883
ompRp4,0.25,3,3,CCAAGGAACGCCCGTATGCC,0,2937238
ompRp4,0.25,3,3,CCAACGTAAGAGGTAATAAT,0,2910116
ompRp4,0.25,3,3,CCAACGCCAGTTGGTCAAGC,0,2925547
ompRp4,0.25,3,3,CCAAAATATTCTGAAGCAGA,0,2911297
ompRp4,0.25,3,3,CATTGTCGCGTGACAATGTC,0,2916701
ompRp4,0.25,3,3,CATGGAGATTTACTTGAGCT,0,2923863
ompRp4,0.25,3,3,CATGCGGACATGCACAAGTG,0,2924190
ompRp4,0.25,3,3,CATGAGCTTCCGCAGCTGTT,0,2920751
ompRp4,0.25,3,3,CATCGGTGTCGTACACATGT,0,2916339
ompRp4,0.25,3,3,CATCGCAACGATAGGTATGT,0,2933978
ompRp4,0.25,3,3,CATCCGCGCGGGGTTCATCG,0,2923657
ompRp4,0.25,3,3,CATACTGTGTATATACGCTG,0,2932273
ompRp4,0.25,3,3,CATACGCGTGTGGTTTGGGG,0,2934094
ompRp4,0.25,3,3,CAGTGCTCATGCCTCCGACG,0,2932691
ompRp4,0.25,3,3,CAGTGACTACATACCGGCCA,0,2917391
ompRp4,0.25,3,3,CAGGCTTGGCACTCATTTTG,0,2915192
ompRp4,0.25,3,3,CAGGCTGTAACCGCGTATTT,0,2911312
ompRp4,0.25,3,3,CAGCTGTGTGCTTCCCTACC,0,2920635
ompRp4,0.25,3,3,CAGCGAGCACCTAATCTGGC,0,2931591
ompRp4,0.25,3,3,CAGCGACCATCAAACTACGG,0,2925757
ompRp4,0.25,3,3,CAGCCGCCGAATCCGCAATA,0,2916229
ompRp4,0.25,3,3,CAGCCCAGTCGCAGTTGTGG,0,2935769
ompRp4,0.25,3,3,CAGATTTGCTTTCTTGGCCC,0,2920052
ompRp4,0.25,3,3,CAGAACAAAATGTAGTTGTC,0,2931573
ompRp4,0.25,3,3,CACTGTTTGCGGTTAGCATT,0,2912886
ompRp4,0.25,3,3,CACTGGTTAGGGGGTGTAGA,0,2914724
ompRp4,0.25,3,3,CACTCGGCTTTTGGCATGAC,0,2931508
ompRp4,0.25,3,3,CACTCCGAAGAATAGCTATA,0,2923254
ompRp4,0.25,3,3,CACTCCCTCGCTCCAAGCGG,0,2915859
ompRp4,0.25,3,3,CACGTGGCGGATACCAGTAT,0,2911872
ompRp4,0.25,3,3,CACCCTATCTGACATGAAGG,0,2923486
ompRp4,0.25,3,3,CACCCCAAACTATATTAGAG,0,2931437
ompRp4,0.25,3,3,CACCAAGGGCGTGTACTAAA,0,2936364
ompRp4,0.25,3,3,CACATTCGTGGTCATGCAGC,0,2922117
ompRp4,0.25,3,3,CACACCCTGTGGGCAATACC,0,2911119
ompRp4,0.25,3,3,CACAATGGAGGGCCGGCTTT,0,2918835
ompRp4,0.25,3,3,CACAAACACGGACACATTTA,0,2936010
ompRp4,0.25,3,3,CAATTGTGGTAATAGGGCTA,0,2932918
ompRp4,0.25,3,3,CAATGCTGAATGTCGCTCCT,0,2929327
ompRp4,0.25,3,3,CAAGTGCGTGGAATTGCTCT,0,2934011
ompRp4,0.25,3,3,CAAGGATTCTGTACGGACCA,0,2927440
ompRp4,0.25,3,3,CAAGCGCGTTGTTCCTCGGC,0,2919013
ompRp4,0.25,3,3,CAAGACCACGAGTAAGACAG,0,2932965
ompRp4,0.25,3,3,CAACGGGTAGGGACAGAGGG,0,2917558
ompRp4,0.25,3,3,CAACGCGGATGGGGCACGGT,0,2929525
ompRp4,0.25,3,3,CAACGAGCGACAAGGCGGCC,0,2909231
ompRp4,0.25,3,3,CAAAGAAGGCAAAGCATAGA,0,2933769
ompRp4,0.25,3,3,CAAAAGTAACTCAGAATGGT,0,2922067
ompRp4,0.25,3,3,ATTTTTGCTCTAGTTCCCCC,0,2931528
ompRp4,0.25,3,3,ATTTTTACCACCGGAGGAAT,0,2910886
ompRp4,0.25,3,3,ATTTGACAGGTGACACGGTC,0,2926389
ompRp4,0.25,3,3,ATTTCAACATCTCGTGTGGG,0,2909979
ompRp4,0.25,3,3,ATTTAGACATTTCAACACAT,0,2913594
ompRp4,0.25,3,3,ATTGCTGTATTGACAAGAAA,0,2920858
ompRp4,0.25,3,3,ATTGCCGCCCCACAGGCCAG,0,2924346
ompRp4,0.25,3,3,ATTCTCCTTTGCGGGGTGTA,0,2927328
ompRp4,0.25,3,3,ATTCCCCGCATGGGCTAGCG,0,2928318
ompRp4,0.25,3,3,ATTCAGAGTTCCGATAAGTT,0,2919865
ompRp4,0.25,3,3,ATTCACATTTGGGTTTAGAT,0,2934947
ompRp4,0.25,3,3,ATTAGATGTTCACGCTTACT,0,2918090
ompRp4,0.25,3,3,ATTAATAGACTATGAGAATA,0,2930935
ompRp4,0.25,3,3,ATTAAGGATACGTGTCTAGG,0,2926472
ompRp4,0.25,3,3,ATGTTGGAACAGTGGGAGCG,0,2921256
ompRp4,0.25,3,3,ATGTCCAGACCGACTTGAGA,0,2935204
ompRp4,0.25,3,3,ATGGTGTTGTGATGACGGCA,0,2935334
ompRp4,0.25,3,3,ATGGTGAGAATTCAGCCCCC,0,2914081
ompRp4,0.25,3,3,ATGGATGTGGGAGAGGAAGC,0,2914262
ompRp4,0.25,3,3,ATGCTGGGCGATCAGTAAGC,0,2909104
ompRp4,0.25,3,3,ATGCGTAAATCCCCAGAAGT,0,2924112
ompRp4,0.25,3,3,ATGCCGGTGTAACGGTTCAG,0,2911358
ompRp4,0.25,3,3,ATGATTGGACAAGTAGTCGT,0,2922060
ompRp4,0.25,3,3,ATGATTCCCACGAGAGTGGT,0,2914114
ompRp4,0.25,3,3,ATCTACAGTATTAAGTCTTC,0,2929261
ompRp4,0.25,3,3,ATCGTGGGCGCGACCATCGT,0,2914006
ompRp4,0.25,3,3,ATCGCGTCTTCGTTGAATGT,0,2930263
ompRp4,0.25,3,3,ATCATGGTTGGATTGTGATG,0,2935061
ompRp4,0.25,3,3,ATCATCCGGCGCCCGCAGCA,0,2911103
ompRp4,0.25,3,3,ATCAGTTAGCCGGGCAAATG,0,2920195
ompRp4,0.25,3,3,ATCAGCAAATCTGTTCTCTG,0,2925214
ompRp4,0.25,3,3,ATCACTGGCGGCCGTCTATA,0,2924150
ompRp4,0.25,3,3,ATCACGCAAATTGTCCCTGG,0,2928239
ompRp4,0.25,3,3,ATCACCATGGCCCCGTTTGT,0,2915928
ompRp4,0.25,3,3,ATCACAGCAGTGTACTGTTA,0,2917008
ompRp4,0.25,3,3,ATATTGTCGGACCAGGGAGA,0,2908278
ompRp4,0.25,3,3,ATATCTGTTCGCCTCATCGC,0,2935909
ompRp4,0.25,3,3,ATAGTTGCTGCACGTTTGCT,0,2908959
ompRp4,0.25,3,3,ATAGTGACACCCCGCAAGTG,0,2936811
ompRp4,0.25,3,3,ATAGTAGCCATAAATACACT,0,2925878
ompRp4,0.25,3,3,ATAGGTGGGTCATGGTAGAC,0,2932985
ompRp4,0.25,3,3,ATAGGTGGGCTAGTCATCTT,0,2912363
ompRp4,0.25,3,3,ATAGCATGTTATAGGCTCCA,0,2929385
ompRp4,0.25,3,3,ATAGAGCGATTCCACGTGCG,0,2926604
ompRp4,0.25,3,3,ATACTAGGCTATTCGTCTAA,0,2925749
ompRp4,0.25,3,3,ATAACCTAATCGCAGATATT,0,2929971
ompRp4,0.25,3,3,ATAAAATAGTAGAACTCCAT,0,2913710
ompRp4,0.25,3,3,AGTTTCTATGTCTAAGGAGC,0,2910959
ompRp4,0.25,3,3,AGTTACAAATCCAGAGAGTA,0,2911246
ompRp4,0.25,3,3,AGTCGTCTCGCGCAATCGCA,0,2933662
ompRp4,0.25,3,3,AGTCCGCCCCGTCAAGCGGC,0,2929142
ompRp4,0.25,3,3,AGTATTTTGATGTTAAAGGC,0,2935582
ompRp4,0.25,3,3,AGTAGGCTCATAGTTCTCGT,0,2919335
ompRp4,0.25,3,3,AGTAGCTGGCTGTAATGCCA,0,2931072
ompRp4,0.25,3,3,AGTAGACGCTTAGCGTTGGC,0,2931722
ompRp4,0.25,3,3,AGGTGATCATACAATTATCA,0,2908019
ompRp4,0.25,3,3,AGGTGAATGTCGGATACACT,0,2926983
ompRp4,0.25,3,3,AGGGACTATAGTGGAGTCAA,0,2924858
ompRp4,0.25,3,3,AGGCTTACACCTGAAGTGTG,0,2910038
ompRp4,0.25,3,3,AGGCTACATGCGGAACTCAA,0,2915786
ompRp4,0.25,3,3,AGGCGTCTGATCAGAATAAG,0,2922601
ompRp4,0.25,3,3,AGGCAGGAGGTATATGCATT,0,2927958
ompRp4,0.25,3,3,AGGCAGCTTGCGAAGGCTCA,0,2933512
ompRp4,0.25,3,3,AGGCAAGGAAACCTTACGAA,0,2927304
ompRp4,0.25,3,3,AGGAGACCCCATAAGGTTCC,0,2927502
ompRp4,0.25,3,3,AGCGGGGTCAAGGTACCGTA,0,2913190
ompRp4,0.25,3,3,AGCGGGAGGTGAACGATGCA,0,2936832
ompRp4,0.25,3,3,AGCGACGTTACGCAGCGCTG,0,2913278
ompRp4,0.25,3,3,AGCCTCTTGGATTAAATGAG,0,2912312
ompRp4,0.25,3,3,AGCCTCTATCGAAGTTCAGC,0,2908854
ompRp4,0.25,3,3,AGCCTCGTGACACTGAGGAC,0,2923249
ompRp4,0.25,3,3,AGCCGTAACAGTATACTATT,0,2929113
ompRp4,0.25,3,3,AGCATTAATAACAATGGAGG,0,2929682
ompRp4,0.25,3,3,AGCAGCATGACAACCTTTGA,0,2914484
ompRp4,0.25,3,3,AGCAACGTAAAGAGAGTGGA,0,2934684
ompRp4,0.25,3,3,AGACTACAATGAGAAGCGCT,0,2929424
ompRp4,0.25,3,3,AGACCAAACGGATATCAGGG,0,2913505
ompRp4,0.25,3,3,AGAATGGTTCGTTCCTATTG,0,2934903
ompRp4,0.25,3,3,AGAATCAGCTCAGCACAGCT,0,2919178
ompRp4,0.25,3,3,AGAACGTCTCCTACCGCTAT,0,2912087
ompRp4,0.25,3,3,ACTTGGATCCGCTGGAGGAG,0,2928235
ompRp4,0.25,3,3,ACTTGCGACGCGGATGTCCG,0,2916427
ompRp4,0.25,3,3,ACTTGAAGTACGGGGCTGAG,0,2933936
ompRp4,0.25,3,3,ACTGTAGTTTTACATGATCC,0,2921727
ompRp4,0.25,3,3,ACTCTCCAGACGCTCATCCT,0,2924889
ompRp4,0.25,3,3,ACTCCACAGCGGAACAAGTT,0,2914997
ompRp4,0.25,3,3,ACTACTCTTGGGTAGCCTTT,0,2914766
ompRp4,0.25,3,3,ACTACGCGAAGTACCTACGT,0,2936600
ompRp4,0.25,3,3,ACTAATCTTGGTAACTGGGT,0,2909994
ompRp4,0.25,3,3,ACGGGCATCCTTCCGGCAGA,0,2930128
ompRp4,0.25,3,3,ACGGATGACTCTTCAACGAT,0,2917190
ompRp4,0.25,3,3,ACGGAATGTCACCGACCGAA,0,2911673
ompRp4,0.25,3,3,ACGCGTAGAGCCAGTTATCT,0,2934017
ompRp4,0.25,3,3,ACGCGGTCGCTGTTTCCCCT,0,2908441
ompRp4,0.25,3,3,ACGCCCGTTTCGGGGATGTG,0,2916949
ompRp4,0.25,3,3,ACGCCCAGCGATCCTAATAA,0,2929232
ompRp4,0.25,3,3,ACGCATGAAATTGTGAAAGA,0,2932843
ompRp4,0.25,3,3,ACGACGGCATCGGGCACTGC,0,2935046
ompRp4,0.25,3,3,ACGACATATGGACGGGTCGG,0,2915855
ompRp4,0.25,3,3,ACGAACCCTCTTGACTGACA,0,2913670
ompRp4,0.25,3,3,ACCTTCATGGGGTTAGCATT,0,2923832
ompRp4,0.25,3,3,ACCTGGAGGTTATCATTTCA,0,2912251
ompRp4,0.25,3,3,ACCTCAACTAGCGTATCCTA,0,2920014
ompRp4,0.25,3,3,ACCTAGGCCCTGTCATGTGA,0,2934160
ompRp4,0.25,3,3,ACCGTAGGGCGAACTCCTTT,0,2919108
ompRp4,0.25,3,3,ACCGAAGCGCGAAATGTCCT,0,2929202
ompRp4,0.25,3,3,ACCCTTGACATGCACGATCG,0,2928649
ompRp4,0.25,3,3,ACCCTTACGCCGAGAGAGTC,0,2938051
ompRp4,0.25,3,3,ACCCGACCTGGTAGTCGTCG,0,2915402
ompRp4,0.25,3,3,ACCATTTCAAGCTTTCATGT,0,2921734
ompRp4,0.25,3,3,ACCATGCGAGCAGGCCAGTT,0,2936404
ompRp4,0.25,3,3,ACCATATAACGTTGGTCAAT,0,2938016
ompRp4,0.25,3,3,ACCACTTTCGTGCAACAGCA,0,2932489
ompRp4,0.25,3,3,ACCACAATATCATGTACGAA,0,2924801
ompRp4,0.25,3,3,ACCAACGTACCTGTTCATGA,0,2920644
ompRp4,0.25,3,3,ACATTTGGACCAAGATGAGA,0,2912655
ompRp4,0.25,3,3,ACATCGTAAAGCCGTCCCTT,0,2923453
ompRp4,0.25,3,3,ACAGCATTAATCCGATATAC,0,2931512
ompRp4,0.25,3,3,ACACCTGGGCATCACGATCA,0,2924142
ompRp4,0.25,3,3,ACACAGCGTTGATGCTTGCA,0,2920883
ompRp4,0.25,3,3,AATTGGACTCACTTCGCACG,0,2935923
ompRp4,0.25,3,3,AATTCGCTATTATCGTTGTC,0,2935329
ompRp4,0.25,3,3,AATGGGGCGCGGGATGGACA,0,2913462
ompRp4,0.25,3,3,AATGGCGAGCGTTCAGTACA,0,2923409
ompRp4,0.25,3,3,AATCTTAACCCGTAACAACT,0,2925212
ompRp4,0.25,3,3,AATCGCAAGGGTACTGCAAC,0,2937589
ompRp4,0.25,3,3,AATCCACATACACTGCCGGC,0,2937725
ompRp4,0.25,3,3,AATACGGTTACCAGACCTCG,0,2913200
ompRp4,0.25,3,3,AATACCTTAATAGTCATATG,0,2908128
ompRp4,0.25,3,3,AAGTTGTGAGCTATTGTAAT,0,2920080
ompRp4,0.25,3,3,AAGTATGTGATGGCACGCAA,0,2932472
ompRp4,0.25,3,3,AAGGTTCACTTGGCAAGCCT,0,2910426
ompRp4,0.25,3,3,AAGGTGAATGCATTATCGCT,0,2935468
ompRp4,0.25,3,3,AAGGGCTCGTAGTGCCCATC,0,2938284
ompRp4,0.25,3,3,AAGGGAGTACGGTGGCACGG,0,2912845
ompRp4,0.25,3,3,AAGGCTAATGCCCTGCGCAT,0,2920320
ompRp4,0.25,3,3,AAGCTACCGCGTCAGGGGGC,0,2928126
ompRp4,0.25,3,3,AAGCGACACGGTAACATCAT,0,2908434
ompRp4,0.25,3,3,AAGCCTCGATAAAGGGCAGC,0,2921119
ompRp4,0.25,3,3,AAGAGCGATCCCAGCCTTTG,0,2919566
ompRp4,0.25,3,3,AAGACTGGATTTGGCCAAAC,0,2911194
ompRp4,0.25,3,3,AAGAACGTTCTCGCGTATCA,0,2919309
ompRp4,0.25,3,3,AACTTAGTAAAGAATAGCGG,0,2914339
ompRp4,0.25,3,3,AACTGCGGCGTTAAGTTTAG,0,2931921
ompRp4,0.25,3,3,AACTCTTGGGGGTATGTAGG,0,2936284
ompRp4,0.25,3,3,AACGGTGTTCCGGGTTAGGC,0,2933252
ompRp4,0.25,3,3,AACGGCGTACCAGGCTCTAA,0,2923656
ompRp4,0.25,3,3,AACGCTCCTGGGTATCGCCA,0,2919791
ompRp4,0.25,3,3,AACCTTGACTTTAGTCACAA,0,2925142
ompRp4,0.25,3,3,AACCCTCTGAACACTGGGTC,0,2924821
ompRp4,0.25,3,3,AACAGATGACCTTACTCGGC,0,2924965
ompRp4,0.25,3,3,AACACCGCGGTCTGCGCTTA,0,2921366
ompRp4,0.25,3,3,AACACCGCCTCACATAAAGA,0,2915744
ompRp4,0.25,3,3,AAATTGATTGTGATTTGAGA,0,2914788
ompRp4,0.25,3,3,AAATGACACTGGGGCTGTTA,0,2918047
ompRp4,0.25,3,3,AAATCCTTCAGCCGCTCCTT,0,2918577
ompRp4,0.25,3,3,AAAGGGGTAAAGGATACTAT,0,2927685
ompRp4,0.25,3,3,AAAGGGCCAAGTATTCTGGA,0,2923968
ompRp4,0.25,3,3,AAAGAATTGTCATACAAGCG,0,2915484
ompRp4,0.25,3,3,AAACGTGTTACTGGCCTTCC,0,2928477
ompRp4,0.25,3,3,AAAATGCCTGTGTTCCTCGT,0,2914354
ompRp4,0.25,3,3,AAAAGTTATCGAATGTACGC,0,2925897
ompRp4,0.25,3,3,AAAACGGCGATATGATTGTG,0,2920050
ompRp4,0.25,3,3,AAAAAGCTGTTCACGTCTAA,0,2908608
ompRp4,0.3333333333333333,2,2,TTTTGCGGTACCGAGCTTAT,0,2925391
ompRp4,0.3333333333333333,2,2,TTTTCACGTATTAGTCGAGC,0,2912425
ompRp4,0.3333333333333333,2,2,TTTTAACTAAGTAAGACTGA,0,2920509
ompRp4,0.3333333333333333,2,2,TTTGTTTCGGGGATCTTAAG,0,2924344
ompRp4,0.3333333333333333,2,2,TTTGTACCGTGGGAGTAACG,0,2908721
ompRp4,0.3333333333333333,2,2,TTTGGTGAAGAGTGGATCCT,0,2926132
ompRp4,0.3333333333333333,2,2,TTTGCAGTGACCTCAATTAA,0,2916238
ompRp4,0.3333333333333333,2,2,TTTCCAATCGTGAGGTGCGA,0,2922270
ompRp4,0.3333333333333333,2,2,TTTATGGTTCTGCCTCCAAA,0,2915186
ompRp4,0.3333333333333333,2,2,TTTAACACAGGGCCGCGGCT,0,2909138
ompRp4,0.3333333333333333,2,2,TTGTGGTGGGGCTTGTAGAT,0,2934627
ompRp4,0.3333333333333333,2,2,TTGTGCTTTGAGTCTGAGGG,0,2914768
ompRp4,0.3333333333333333,2,2,TTGGTTTGATGAACCCTCAC,0,2922611
ompRp4,0.3333333333333333,2,2,TTGGGGAGCGGGTGGTCCAA,0,2913329
ompRp4,0.3333333333333333,2,2,TTGGCGGATCTGTCCTCAGT,0,2932759
ompRp4,0.3333333333333333,2,2,TTGCTTGTTGCAAATACCGC,0,2928856
ompRp4,0.3333333333333333,2,2,TTGCTTCAACAGTAGCATAT,0,2935108
ompRp4,0.3333333333333333,2,2,TTGCGGTCTAACAACGGGTA,0,2934569
ompRp4,0.3333333333333333,2,2,TTGCCAACGGAGCCCTAGTG,0,2937394
ompRp4,0.3333333333333333,2,2,TTGCAACGCACGTCCCCATC,0,2931421
ompRp4,0.3333333333333333,2,2,TTGATGCAGTAATAGTAGTC,0,2929136
ompRp4,0.3333333333333333,2,2,TTGATCTATCTCGATTGGTT,0,2931303
ompRp4,0.3333333333333333,2,2,TTGAGGGGCATGCAACACTC,0,2937618
ompRp4,0.3333333333333333,2,2,TTGAGGCCCCAGAGCGTAGA,0,2929264
ompRp4,0.3333333333333333,2,2,TTGAAACCCAGGCAGCGCAC,0,2916900
ompRp4,0.3333333333333333,2,2,TTCTCAGGGGATGCGACGTG,0,2934686
ompRp4,0.3333333333333333,2,2,TTCGCGGCGAGGAAATCTGT,0,2935102
ompRp4,0.3333333333333333,2,2,TTCCGTGTTGATCATGTATT,0,2930029
ompRp4,0.3333333333333333,2,2,TTCAGTTATTCTCCTGGCGA,0,2911010
ompRp4,0.3333333333333333,2,2,TTCACTGTCTGGTCTTGGGG,0,2916647
ompRp4,0.3333333333333333,2,2,TTCACCAAAGGTTGTCCGTA,0,2911418
ompRp4,0.3333333333333333,2,2,TTCAACCGGGCAAGTAGTTA,0,2916166
ompRp4,0.3333333333333333,2,2,TTAGTAATAAATCCGATCCT,0,2937624
ompRp4,0.3333333333333333,2,2,TTAGGGGCGGTCTCAATCGG,0,2918534
ompRp4,0.3333333333333333,2,2,TTACTGAGCACACACCTAGT,0,2913144
ompRp4,0.3333333333333333,2,2,TTACGGGGTCAGTAATCCGT,0,2921787
ompRp4,0.3333333333333333,2,2,TTACCCTACCTCTCGGAGAC,0,2908359
ompRp4,0.3333333333333333,2,2,TTACAAACGGATACCCAAGT,0,2913076
ompRp4,0.3333333333333333,2,2,TTAACTCATACCGCATGACC,0,2926005
ompRp4,0.3333333333333333,2,2,TTAAAAGAGCAAAATTCATG,0,2911213
ompRp4,0.3333333333333333,2,2,TTAAAAATATAGACTTTCCT,0,2927052
ompRp4,0.3333333333333333,2,2,TGTTTCTTCTGCATTGCCAA,0,2926035
ompRp4,0.3333333333333333,2,2,TGTTTACTTACCTTCGCTAT,0,2925052
ompRp4,0.3333333333333333,2,2,TGTTAAACATCATCCTGGTA,0,2918950
ompRp4,0.3333333333333333,2,2,TGTGCAACGATGGGCCATCG,0,2920340
ompRp4,0.3333333333333333,2,2,TGTGATGGGTCCTCGGAAGG,0,2935429
ompRp4,0.3333333333333333,2,2,TGTGAGTGATCTCCCGGAAT,0,2935466
ompRp4,0.3333333333333333,2,2,TGTGACCAGGTATCATCCGT,0,2922362
ompRp4,0.3333333333333333,2,2,TGTCTGACATCCTAGGCTCA,0,2909053
ompRp4,0.3333333333333333,2,2,TGTCTCGCCCGGATATCCTG,0,2932543
ompRp4,0.3333333333333333,2,2,TGTCCTCGGCATCCTGCAAC,0,2933495
ompRp4,0.3333333333333333,2,2,TGTATTCATCCTCCAGAGCA,0,2926831
ompRp4,0.3333333333333333,2,2,TGTAGATATTTCTCTCGGAG,0,2914614
ompRp4,0.3333333333333333,2,2,TGTACTTTTCGACAACGTGA,0,2932107
ompRp4,0.3333333333333333,2,2,TGGTGTTCGGCTAACAAAGG,0,2925667
ompRp4,0.3333333333333333,2,2,TGGTGAGACCTCCTGTTACA,0,2911994
ompRp4,0.3333333333333333,2,2,TGGGGCCTCCTTGTGATGAA,0,2924562
ompRp4,0.3333333333333333,2,2,TGGGGACCCCTAGTGCCATT,0,2938163
ompRp4,0.3333333333333333,2,2,TGGGGAAGGACAGGCACGTA,0,2916807
ompRp4,0.3333333333333333,2,2,TGGGCTCGCCGTGGAATGGG,0,2934664
ompRp4,0.3333333333333333,2,2,TGGCCCGTGATTTCAGAGGA,0,2921329
ompRp4,0.3333333333333333,2,2,TGGCCAATTCCGTTACAAAA,0,2913250
ompRp4,0.3333333333333333,2,2,TGGATGAAAAATAGGCGGCC,0,2915005
ompRp4,0.3333333333333333,2,2,TGGAGCACTAACTGAATAAC,0,2915803
ompRp4,0.3333333333333333,2,2,TGCGTTTTCCTAAGCTGTGC,0,2918685
ompRp4,0.3333333333333333,2,2,TGCGTCTGGATCCGGCTCCA,0,2916132
ompRp4,0.3333333333333333,2,2,TGCGAGTGATGTTTGCCTGT,0,2927193
ompRp4,0.3333333333333333,2,2,TGCGACAGCTTGAATGGTGG,0,2927854
ompRp4,0.3333333333333333,2,2,TGCCTAGACAGGGCGCAAGG,0,2930805
ompRp4,0.3333333333333333,2,2,TGCCCGGGATCGTTAACTTC,0,2927752
ompRp4,0.3333333333333333,2,2,TGCCATGTCCCAGAAATGTA,0,2931380
ompRp4,0.3333333333333333,2,2,TGCCAATAGGCACCCGGAGA,0,2938222
ompRp4,0.3333333333333333,2,2,TGCATTAAGAGCCAACCCAG,0,2922612
ompRp4,0.3333333333333333,2,2,TGCATGGTGAGAGGCTATCA,0,2933345
ompRp4,0.3333333333333333,2,2,TGCATATAAAGTTCCTCCGT,0,2926214
ompRp4,0.3333333333333333,2,2,TGCACCGGCATGTGGTATAC,0,2933149
ompRp4,0.3333333333333333,2,2,TGCACCGATGTGCGCCGTAC,0,2908403
ompRp4,0.3333333333333333,2,2,TGATAGTTCCAATGGGGACA,0,2924634
ompRp4,0.3333333333333333,2,2,TGAGGAGGTGTTAGCCGGGT,0,2920028
ompRp4,0.3333333333333333,2,2,TGAGAGGCGGTTTGCTGGCA,0,2932321
ompRp4,0.3333333333333333,2,2,TGACTGTTGTCCAGCGATCC,0,2933373
ompRp4,0.3333333333333333,2,2,TGACCTACAGTGTTGCCCTG,0,2934406
ompRp4,0.3333333333333333,2,2,TGAATTATCGGTAACGTGAT,0,2932282
ompRp4,0.3333333333333333,2,2,TGAAGCAGCAATTCTTTCGG,0,2910427
ompRp4,0.3333333333333333,2,2,TCTGCCTGAAAGCGCGATAC,0,2936632
ompRp4,0.3333333333333333,2,2,TCTACATTGGAAGTCCACCT,0,2918615
ompRp4,0.3333333333333333,2,2,TCTACAGATCCAAATTACAA,0,2926752
ompRp4,0.3333333333333333,2,2,TCGTTCGTTGGCCTTCGGCA,0,2937312
ompRp4,0.3333333333333333,2,2,TCGTTATGATGATTTTACTC,0,2915001
ompRp4,0.3333333333333333,2,2,TCGTGGGATCTTTCATCCGA,0,2927172
ompRp4,0.3333333333333333,2,2,TCGTCTTGTAGTTATCGCAA,0,2908500
ompRp4,0.3333333333333333,2,2,TCGTATTGATATTTATATAA,0,2936756
ompRp4,0.3333333333333333,2,2,TCGGTGTTGGAATAACTTAA,0,2927965
ompRp4,0.3333333333333333,2,2,TCGGTAATTAAAGTCCATGG,0,2935674
ompRp4,0.3333333333333333,2,2,TCGGGAAGCGGTAGAGGGTT,0,2920373
ompRp4,0.3333333333333333,2,2,TCGGATGAACTACCGGATCT,0,2928024
ompRp4,0.3333333333333333,2,2,TCGGAACATGGTTTCTTCAC,0,2924219
ompRp4,0.3333333333333333,2,2,TCGCCGTAATTCCTTGAATA,0,2910933
ompRp4,0.3333333333333333,2,2,TCGCCGTAAATCATAGGGAG,0,2915297
ompRp4,0.3333333333333333,2,2,TCGCCCCTCAAGGGCTCGAA,0,2919780
ompRp4,0.3333333333333333,2,2,TCGAGATTTTCGACGTACTC,0,2917946
ompRp4,0.3333333333333333,2,2,TCGACGCATCTCACTTTCTT,0,2922006
ompRp4,0.3333333333333333,2,2,TCCTTATCAGATGTGATGTG,0,2929483
ompRp4,0.3333333333333333,2,2,TCCTGATCTGCAATCGGCGC,0,2935255
ompRp4,0.3333333333333333,2,2,TCCTACACTAACATTACCGG,0,2921894
ompRp4,0.3333333333333333,2,2,TCCGTCAAGTCACATGCACG,0,2917513
ompRp4,0.3333333333333333,2,2,TCCGGCCCGTCGCCCCGGTG,0,2922510
ompRp4,0.3333333333333333,2,2,TCCGCGCCAGTGCCTCACCC,0,2912906
ompRp4,0.3333333333333333,2,2,TCCGCGCATCACCTCTCCAC,0,2914937
ompRp4,0.3333333333333333,2,2,TCCCTCTGCGCTTGACGTTT,0,2924642
ompRp4,0.3333333333333333,2,2,TCCCCTCCATGGTATTCTGA,0,2914720
ompRp4,0.3333333333333333,2,2,TCCCCAATGGAGCATGACTA,0,2930454
ompRp4,0.3333333333333333,2,2,TCCCAATCATTAACCTACGG,0,2930780
ompRp4,0.3333333333333333,2,2,TCCATTATTCTAAGCAAGCT,0,2926276
ompRp4,0.3333333333333333,2,2,TCCACCTAGTGGATCATGTC,0,2929567
ompRp4,0.3333333333333333,2,2,TCCACCTAATTACATAGGTA,0,2924186
ompRp4,0.3333333333333333,2,2,TCCAAGGCTGCCGCGCTGGT,0,2909246
ompRp4,0.3333333333333333,2,2,TCATTTCGCGTGAGGCCCGC,0,2922632
ompRp4,0.3333333333333333,2,2,TCATTCTTTAACGAGCTAGG,0,2908567
ompRp4,0.3333333333333333,2,2,TCATTCCCAGCCGCGCTAAG,0,2908353
ompRp4,0.3333333333333333,2,2,TCATGCGCCGGAAGCTCGCA,0,2928368
ompRp4,0.3333333333333333,2,2,TCAGGTTCTCGATGACACTT,0,2911965
ompRp4,0.3333333333333333,2,2,TCAGGTCGATGCATGCTTGA,0,2915635
ompRp4,0.3333333333333333,2,2,TCAGGCGTGGCCTTGGGCGT,0,2930281
ompRp4,0.3333333333333333,2,2,TCAGCGAACACCAGACTAGA,0,2909626
ompRp4,0.3333333333333333,2,2,TCAGCCCCTTGGATGCTCGT,0,2924730
ompRp4,0.3333333333333333,2,2,TCAGCAACATGCTAGCTTGT,0,2937682
ompRp4,0.3333333333333333,2,2,TCAGAAGGATCGCTAAGGCC,0,2918146
ompRp4,0.3333333333333333,2,2,TCACCCATTATCGTAGCAGC,0,2909479
ompRp4,0.3333333333333333,2,2,TCACAGTTTGTAATGGGAAA,0,2935360
ompRp4,0.3333333333333333,2,2,TCACAGAGGTAGTCAGGATT,0,2930205
ompRp4,0.3333333333333333,2,2,TCAAGTAATTCAGGGTAGTG,0,2938241
ompRp4,0.3333333333333333,2,2,TCAAGACTGGACGGAATACG,0,2909065
ompRp4,0.3333333333333333,2,2,TCAACTGCACTTCCGTCAAC,0,2915155
ompRp4,0.3333333333333333,2,2,TCAACCGATCGGTTAACCTT,0,2915605
ompRp4,0.3333333333333333,2,2,TCAAACGGGAGAGTACTGCA,0,2936634
ompRp4,0.3333333333333333,2,2,TATTACATCCTGCCCCCGGG,0,2917129
ompRp4,0.3333333333333333,2,2,TATGTCGGCCATAGAGAGAT,0,2926795
ompRp4,0.3333333333333333,2,2,TATGTAACCAATTGTACGCT,0,2929348
ompRp4,0.3333333333333333,2,2,TATGAGCTCTCAGCGTTCTT,0,2935853
ompRp4,0.3333333333333333,2,2,TATGACTTCTGAAGGCTTCT,0,2929108
ompRp4,0.3333333333333333,2,2,TATGAAAGTAAATAGACCAT,0,2910057
ompRp4,0.3333333333333333,2,2,TATCGCCTAGGCCGTGACCT,0,2911081
ompRp4,0.3333333333333333,2,2,TATCCCGGGTGGCGCCTTAT,0,2937458
ompRp4,0.3333333333333333,2,2,TATACGCCTACGGTATCACA,0,2921856
ompRp4,0.3333333333333333,2,2,TATACGCACGCGGTAACGAC,0,2935374
ompRp4,0.3333333333333333,2,2,TATAATCGCAATGTATAGAT,0,2917466
ompRp4,0.3333333333333333,2,2,TAGGTTTAGCGCAAGGTTCC,0,2912355
ompRp4,0.3333333333333333,2,2,TAGGTCACGTTCCTTCACGG,0,2930832
ompRp4,0.3333333333333333,2,2,TAGGGCCTTACCCTTGAGTG,0,2916728
ompRp4,0.3333333333333333,2,2,TAGGCTCATTATTCTCCACG,0,2935873
ompRp4,0.3333333333333333,2,2,TAGCTCTGCGTTCTGAGGCT,0,2937839
ompRp4,0.3333333333333333,2,2,TAGCCCTGCCTTGTCGGTCG,0,2924667
ompRp4,0.3333333333333333,2,2,TAGCATTTTTCTGTATGCAG,0,2927704
ompRp4,0.3333333333333333,2,2,TAGACACGATACTCTGACTC,0,2910442
ompRp4,0.3333333333333333,2,2,TAGAAGCGGACGCGCTTGCC,0,2920217
ompRp4,0.3333333333333333,2,2,TACTGTGAAACGAAATCAGT,0,2935010
ompRp4,0.3333333333333333,2,2,TACTAGCGACCGCACCCTCA,0,2931958
ompRp4,0.3333333333333333,2,2,TACGGTGCGAGCGGAGACAC,0,2924854
ompRp4,0.3333333333333333,2,2,TACGGCTATCACGGCCTCCT,0,2922753
ompRp4,0.3333333333333333,2,2,TACGGATCTAGAGCGCGTCC,0,2912758
ompRp4,0.3333333333333333,2,2,TACGGACTTTAGTACAGCCT,0,2931515
ompRp4,0.3333333333333333,2,2,TACGCCCATGAAAACCGATA,0,2913588
ompRp4,0.3333333333333333,2,2,TACCTAAGAAGGCTCAGAAA,0,2928070
ompRp4,0.3333333333333333,2,2,TACCCCAATCCAAGGATTTT,0,2935852
ompRp4,0.3333333333333333,2,2,TACACCGCGGGCACTGCGTA,0,2908717
ompRp4,0.3333333333333333,2,2,TACAAGGTATTGGTGCGGAT,0,2922758
ompRp4,0.3333333333333333,2,2,TACAAGAACGCTTTCGTATT,0,2920356
ompRp4,0.3333333333333333,2,2,TAATGGGTTAAATCTGAATA,0,2918672
ompRp4,0.3333333333333333,2,2,TAAGTGGTAGTAAGCGCTGG,0,2915994
ompRp4,0.3333333333333333,2,2,TAAGCCAGGTACGAGGTATT,0,2920469
ompRp4,0.3333333333333333,2,2,TAAGATAGACGCCTTCAGCT,0,2916421
ompRp4,0.3333333333333333,2,2,TAAGAGCAGACAAGCTATAA,0,2937131
ompRp4,0.3333333333333333,2,2,TAAGACCTTGATGATCGGAC,0,2925987
ompRp4,0.3333333333333333,2,2,TAACTTGATTCTGAGGACAA,0,2911258
ompRp4,0.3333333333333333,2,2,TAACTCACGCCTGCAATCGG,0,2920246
ompRp4,0.3333333333333333,2,2,TAACACTCCCCCTACTCGTC,0,2916006
ompRp4,0.3333333333333333,2,2,TAAAACACTCTTCCTTAGAG,0,2928781
ompRp4,0.3333333333333333,2,2,GTTTGGTTGTAAGCGGAAGT,0,2907970
ompRp4,0.3333333333333333,2,2,GTTTGATATTTAATTTAGTG,0,2920429
ompRp4,0.3333333333333333,2,2,GTTTCCGTAAGGACCCACCC,0,2915700
ompRp4,0.3333333333333333,2,2,GTTTACGTATGGACCGTATG,0,2923075
ompRp4,0.3333333333333333,2,2,GTTTACAGGAGCTGGAGACT,0,2927662
ompRp4,0.3333333333333333,2,2,GTTGTTACTCTGCAGTTAGT,0,2932134
ompRp4,0.3333333333333333,2,2,GTTCGTTCACGACAGTCCCG,0,2913662
ompRp4,0.3333333333333333,2,2,GTTCGGACCGGGTCAGAAAC,0,2912949
ompRp4,0.3333333333333333,2,2,GTTATTGAGCGGACATTGCT,0,2919799
ompRp4,0.3333333333333333,2,2,GTTAAAGTCCAGCTATAAGC,0,2927906
ompRp4,0.3333333333333333,2,2,GTGTTCCTAATAGTTTAACA,0,2915908
ompRp4,0.3333333333333333,2,2,GTGTGGTTCCGTGTGTAGAG,0,2924763
ompRp4,0.3333333333333333,2,2,GTGTGCAGCAGTAATCACGC,0,2926575
ompRp4,0.3333333333333333,2,2,GTGTCTTATACGCTTCAATT,0,2918574
ompRp4,0.3333333333333333,2,2,GTGTAGGGCTTGGTTTTCTA,0,2933864
ompRp4,0.3333333333333333,2,2,GTGTACACAGCGATACGACG,0,2936071
ompRp4,0.3333333333333333,2,2,GTGGTGGGTCTACTCCTTAT,0,2929256
ompRp4,0.3333333333333333,2,2,GTGGCGGCGGGCAAATCGGA,0,2930112
ompRp4,0.3333333333333333,2,2,GTGGACAAAATCCACGATCT,0,2922642
ompRp4,0.3333333333333333,2,2,GTGCTTGCTTATGACATGGC,0,2917412
ompRp4,0.3333333333333333,2,2,GTGCTTATAGGAAAACATGG,0,2913380
ompRp4,0.3333333333333333,2,2,GTGCCCGCGTAGAGATGTGT,0,2912209
ompRp4,0.3333333333333333,2,2,GTGCACTCATACTTTCGACA,0,2920447
ompRp4,0.3333333333333333,2,2,GTGCACCTGCAGCATGTGTA,0,2918425
ompRp4,0.3333333333333333,2,2,GTGCAATTTGGGAAGACGAA,0,2929724
ompRp4,0.3333333333333333,2,2,GTGACTGGCACTAAGTTTTC,0,2932268
ompRp4,0.3333333333333333,2,2,GTCTATCGTGATAGGACCGG,0,2912928
ompRp4,0.3333333333333333,2,2,GTCGTATATGGCCGGACAGA,0,2924194
ompRp4,0.3333333333333333,2,2,GTCGGGGACCTCCGGCAGGT,0,2920849
ompRp4,0.3333333333333333,2,2,GTCGGGAATGGTGTGGGCTG,0,2933517
ompRp4,0.3333333333333333,2,2,GTCGAGCTTCGGGTTGTTAT,0,2919519
ompRp4,0.3333333333333333,2,2,GTCATTGTACTCATAGCCAT,0,2928530
ompRp4,0.3333333333333333,2,2,GTCATCTAAGAGAGTGAACC,0,2910419
ompRp4,0.3333333333333333,2,2,GTCAGGACACCATTGTGAAC,0,2923749
ompRp4,0.3333333333333333,2,2,GTATGGGTTCGGTTTTGAGT,0,2931668
ompRp4,0.3333333333333333,2,2,GTATCCACGTGTTACTTCGT,0,2933427
ompRp4,0.3333333333333333,2,2,GTAGGATCTGAAATATTGTT,0,2919305
ompRp4,0.3333333333333333,2,2,GTAGATGGGGGGTCAAATCA,0,2908844
ompRp4,0.3333333333333333,2,2,GTAGACCTCAATTAGTGAGA,0,2933337
ompRp4,0.3333333333333333,2,2,GTACTCCTGCATGATCTGAT,0,2917216
ompRp4,0.3333333333333333,2,2,GTACGTGTACTTACGGGGAG,0,2924161
ompRp4,0.3333333333333333,2,2,GTACCCGGCCGTGTACCTAA,0,2913348
ompRp4,0.3333333333333333,2,2,GTACAGCCAGGATTAGGTTA,0,2914854
ompRp4,0.3333333333333333,2,2,GTACAGATCAAGATCTATGC,0,2918764
ompRp4,0.3333333333333333,2,2,GTAATGGGCGACCAGAGGTA,0,2913249
ompRp4,0.3333333333333333,2,2,GTAATCCTGTCCTAAGCAGA,0,2915695
ompRp4,0.3333333333333333,2,2,GTAATCATTGCCAAGTGCAG,0,2930009
ompRp4,0.3333333333333333,2,2,GTAACTGAGGCTAGTAATTG,0,2936848
ompRp4,0.3333333333333333,2,2,GTAAAGGACGATACGAGCGC,0,2912916
ompRp4,0.3333333333333333,2,2,GGTTTGTACCTCATCGGCTC,0,2920410
ompRp4,0.3333333333333333,2,2,GGTTTGGAACGCCCACCGGG,0,2928906
ompRp4,0.3333333333333333,2,2,GGTTTAACGGTAGGGAGTCC,0,2908513
ompRp4,0.3333333333333333,2,2,GGTTCTCCCCGCACGAAACA,0,2926101
ompRp4,0.3333333333333333,2,2,GGTTCCACAGGCGAGAACTG,0,2915448
ompRp4,0.3333333333333333,2,2,GGTTCATACTACCAGAGCGG,0,2911415
ompRp4,0.3333333333333333,2,2,GGTGGTCCCATTTACGTGCA,0,2911342
ompRp4,0.3333333333333333,2,2,GGTGCTGCCGCCACGGTACA,0,2937796
ompRp4,0.3333333333333333,2,2,GGTCTGGCTTTCCATGCCGG,0,2928934
ompRp4,0.3333333333333333,2,2,GGTCGCAAACCTTTCGGTCA,0,2926863
ompRp4,0.3333333333333333,2,2,GGTCCCAGGCTGACCCAGTT,0,2934139
ompRp4,0.3333333333333333,2,2,GGTATGTAATTTGTTTCTGA,0,2929510
ompRp4,0.3333333333333333,2,2,GGTATAAGCATTGCGCCGAG,0,2916171
ompRp4,0.3333333333333333,2,2,GGTAGTTCGACCTTGACTAT,0,2936978
ompRp4,0.3333333333333333,2,2,GGTACTGTCTAACTTTATTT,0,2915303
ompRp4,0.3333333333333333,2,2,GGTACGAGCGGATTAGACTT,0,2931361
ompRp4,0.3333333333333333,2,2,GGTAAGACTCTTCGTGGTTG,0,2930013
ompRp4,0.3333333333333333,2,2,GGGTTGCAGGTGGTAACGCC,0,2919869
ompRp4,0.3333333333333333,2,2,GGGTGTGATGCGGAGTGCCC,0,2916469
ompRp4,0.3333333333333333,2,2,GGGTGGCTAGAATCCCGGAA,0,2937573
ompRp4,0.3333333333333333,2,2,GGGTCGCCACAAAAGTGGGG,0,2919981
ompRp4,0.3333333333333333,2,2,GGGGTTACTTCGGAGATCGG,0,2932632
ompRp4,0.3333333333333333,2,2,GGGGTCGCATGGCTATTAAC,0,2933354
ompRp4,0.3333333333333333,2,2,GGGGAGTGCCACGGGTAGGG,0,2920226
ompRp4,0.3333333333333333,2,2,GGGCTTTTTCGCCCCGACAC,0,2925603
ompRp4,0.3333333333333333,2,2,GGGCCTTAGGCGTTACAATC,0,2912095
ompRp4,0.3333333333333333,2,2,GGGCAGTTAGGGACTCTGCG,0,2921351
ompRp4,0.3333333333333333,2,2,GGGCACATCGGTTTGTTTTC,0,2911422
ompRp4,0.3333333333333333,2,2,GGGATTATTATTGACACCGA,0,2933973
ompRp4,0.3333333333333333,2,2,GGGAGACGAGATATATTAAG,0,2934596
ompRp4,0.3333333333333333,2,2,GGGACAGAAGGTATCGGACC,0,2926811
ompRp4,0.3333333333333333,2,2,GGGAACCCATTAGCTGGGCA,0,2931858
ompRp4,0.3333333333333333,2,2,GGCTTCGCAGTCATCCTGAG,0,2919183
ompRp4,0.3333333333333333,2,2,GGCTGATTCCTCTGTTTTAA,0,2913136
ompRp4,0.3333333333333333,2,2,GGCTCTGCTCTGGCTTTTGC,0,2920474
ompRp4,0.3333333333333333,2,2,GGCGCCGCAAATTGCGTCTC,0,2919229
ompRp4,0.3333333333333333,2,2,GGCCTTGAGAGAGCTGACAG,0,2933278
ompRp4,0.3333333333333333,2,2,GGCCTTCAAATCCTCCGGTT,0,2922531
ompRp4,0.3333333333333333,2,2,GGCATGTTGGTGGAGTCGGC,0,2913715
ompRp4,0.3333333333333333,2,2,GGCAGTTAACGTACGACCCG,0,2922538
ompRp4,0.3333333333333333,2,2,GGCAGGGGAATTATAAAAAG,0,2929096
ompRp4,0.3333333333333333,2,2,GGCAAGATAAGATGTAACGG,0,2938210
ompRp4,0.3333333333333333,2,2,GGCAACGACTAGCCATTCGG,0,2930527
ompRp4,0.3333333333333333,2,2,GGCAAACATATGTTTACGTT,0,2933659
ompRp4,0.3333333333333333,2,2,GGATTCTGTCGATCATTGCA,0,2925856
ompRp4,0.3333333333333333,2,2,GGATGAGCGATTACCCGGTA,0,2920189
ompRp4,0.3333333333333333,2,2,GGATAGTACACCTAACATGG,0,2912688
ompRp4,0.3333333333333333,2,2,GGAGTTATTACCCACGATAC,0,2925588
ompRp4,0.3333333333333333,2,2,GGAGGGGGTTTGTGAAGTCC,0,2914244
ompRp4,0.3333333333333333,2,2,GGAGGATCTATCTAGCGCAA,0,2918304
ompRp4,0.3333333333333333,2,2,GGACTTATTTTATGTCTCAA,0,2916705
ompRp4,0.3333333333333333,2,2,GGACTAGAGCTTAAAAGGTG,0,2914669
ompRp4,0.3333333333333333,2,2,GGACGGAAACCATATATAAA,0,2932100
ompRp4,0.3333333333333333,2,2,GGACGCGGTTCGGGGACCGT,0,2932458
ompRp4,0.3333333333333333,2,2,GGACCATCAGGACCTCGGTA,0,2913212
ompRp4,0.3333333333333333,2,2,GGAATGGGAGTCTATTGTCT,0,2925983
ompRp4,0.3333333333333333,2,2,GGAAACGGGCTGTTATGACT,0,2923828
ompRp4,0.3333333333333333,2,2,GCTTTTTGTAACCTTTTAAG,0,2937135
ompRp4,0.3333333333333333,2,2,GCTTTTCGATCACCCCGCAC,0,2925069
ompRp4,0.3333333333333333,2,2,GCTTGGATACGGTGGTAGTC,0,2937309
ompRp4,0.3333333333333333,2,2,GCTTGGAATCGCTATTCGTT,0,2914117
ompRp4,0.3333333333333333,2,2,GCTTGAGGTGACGAAGACGC,0,2936780
ompRp4,0.3333333333333333,2,2,GCTTCGGGAGCCAGACCGTT,0,2922525
ompRp4,0.3333333333333333,2,2,GCTTCGCAGTCCAAATGCTG,0,2912615
ompRp4,0.3333333333333333,2,2,GCTCCCTAGGCTCACACATT,0,2916965
ompRp4,0.3333333333333333,2,2,GCTCAGATTGCCTTATGCAT,0,2931731
ompRp4,0.3333333333333333,2,2,GCTCACCAACCCATAATCCA,0,2911481
ompRp4,0.3333333333333333,2,2,GCTATTACCTGTGTTGAATC,0,2908821
ompRp4,0.3333333333333333,2,2,GCTAGATTGCTCAGTCAATT,0,2929323
ompRp4,0.3333333333333333,2,2,GCTACGCCAAGGAACGTGAC,0,2925503
ompRp4,0.3333333333333333,2,2,GCGTTCCTCGCGAATCTACC,0,2931182
ompRp4,0.3333333333333333,2,2,GCGTGCATCAGTCCGATATT,0,2915871
ompRp4,0.3333333333333333,2,2,GCGTGAGCGCGGATGGATTC,0,2929643
ompRp4,0.3333333333333333,2,2,GCGGTTAGAGCTAAATCGTA,0,2916651
ompRp4,0.3333333333333333,2,2,GCGGTAAGAGTCATGAGATG,0,2930323
ompRp4,0.3333333333333333,2,2,GCGGCCTATAGGTTGAGCTC,0,2931043
ompRp4,0.3333333333333333,2,2,GCGGCACCGTATACGCCTAC,0,2931162
ompRp4,0.3333333333333333,2,2,GCGGATAGGTGCCTATTCGG,0,2921883
ompRp4,0.3333333333333333,2,2,GCGCCTAGAGTTATAGTCCT,0,2923860
ompRp4,0.3333333333333333,2,2,GCGCCAATCTGTATGTCCGA,0,2919210
ompRp4,0.3333333333333333,2,2,GCGCATCCTTACGCGGCTTC,0,2915933
ompRp4,0.3333333333333333,2,2,GCGAAGATAGGACATCTAAT,0,2922985
ompRp4,0.3333333333333333,2,2,GCGAAGACAGCGGGTCATCT,0,2916069
ompRp4,0.3333333333333333,2,2,GCCTGCCGATGGTGGAGACT,0,2930051
ompRp4,0.3333333333333333,2,2,GCCTGACGCACTCTAAGAGA,0,2908507
ompRp4,0.3333333333333333,2,2,GCCGTGGCGGCAGGTTCTCG,0,2914438
ompRp4,0.3333333333333333,2,2,GCCGTACAAGCCCTGCGTTA,0,2933887
ompRp4,0.3333333333333333,2,2,GCCGGTCGCCTGACAGCGGT,0,2907877
ompRp4,0.3333333333333333,2,2,GCCCGGATGAACACGAACTC,0,2908974
ompRp4,0.3333333333333333,2,2,GCCCGAGCCCCCGCGGTTAT,0,2910772
ompRp4,0.3333333333333333,2,2,GCCCCAATATGTGTTCCTCG,0,2929539
ompRp4,0.3333333333333333,2,2,GCCCATGGCAGTCTGCGGTG,0,2931714
ompRp4,0.3333333333333333,2,2,GCCAGAGAGATGGCGATCGC,0,2934937
ompRp4,0.3333333333333333,2,2,GCCACCGGAGCTGACTTCTT,0,2929580
ompRp4,0.3333333333333333,2,2,GCCAAAATGTTAAGGGGCAA,0,2920118
ompRp4,0.3333333333333333,2,2,GCATGGCTTCCTACTTCTTC,0,2915544
ompRp4,0.3333333333333333,2,2,GCATGAAACTTAAGGAAAGG,0,2926728
ompRp4,0.3333333333333333,2,2,GCATCTCACTACACGCGGGT,0,2934292
ompRp4,0.3333333333333333,2,2,GCATATGGGAATTCCGTACG,0,2912945
ompRp4,0.3333333333333333,2,2,GCAGTCTCTGCAGCTAGGGC,0,2935045
ompRp4,0.3333333333333333,2,2,GCAGGGGGGGTCAGAGGTAA,0,2923514
ompRp4,0.3333333333333333,2,2,GCAGCGATACCAAGCGCTAG,0,2921985
ompRp4,0.3333333333333333,2,2,GCAGCCCTCCTCCAACAGGG,0,2912973
ompRp4,0.3333333333333333,2,2,GCACTCACGTAGAACCTAAA,0,2927168
ompRp4,0.3333333333333333,2,2,GCACGTACCGGTAGCTCGGG,0,2909146
ompRp4,0.3333333333333333,2,2,GCACCGCCCAAGTGTAGTGT,0,2916762
ompRp4,0.3333333333333333,2,2,GCACCCATGGTCTAGCCAAT,0,2918134
ompRp4,0.3333333333333333,2,2,GCACATGTGATCCCGATTGC,0,2908784
ompRp4,0.3333333333333333,2,2,GCAATGGGGCGAAGATAAAA,0,2910246
ompRp4,0.3333333333333333,2,2,GCAATCATCGTGCGAGGCAA,0,2934511
ompRp4,0.3333333333333333,2,2,GCAAGGCGCGTGTTACCCGA,0,2922512
ompRp4,0.3333333333333333,2,2,GCAAATCAGTGCTAGGGCGA,0,2933422
ompRp4,0.3333333333333333,2,2,GATTTTGCATTTGTTCGGGT,0,2924244
ompRp4,0.3333333333333333,2,2,GATTTGAGCCAAGGCCCGTA,0,2935752
ompRp4,0.3333333333333333,2,2,GATGGACGAGGGGAGGGGTC,0,2914636
ompRp4,0.3333333333333333,2,2,GATCTAGTGTAGTGGATTAT,0,2922130
ompRp4,0.3333333333333333,2,2,GATCGACGGTTTAAGAATGT,0,2929091
ompRp4,0.3333333333333333,2,2,GATCCGGGAATATTTACTAT,0,2914184
ompRp4,0.3333333333333333,2,2,GATCAGGACTTATGGGTGCT,0,2936214
ompRp4,0.3333333333333333,2,2,GATCACAGTTGTCTAGTCGC,0,2931158
ompRp4,0.3333333333333333,2,2,GATATGTCTCTATTTGGAAT,0,2916133
ompRp4,0.3333333333333333,2,2,GATATAGAAACACTGATTAC,0,2933742
ompRp4,0.3333333333333333,2,2,GATAAAGCTGCTCGTTATCT,0,2920456
ompRp4,0.3333333333333333,2,2,GAGTACGGGGGTCACGTCTC,0,2930431
ompRp4,0.3333333333333333,2,2,GAGGTGATCCGCCACCTTTA,0,2937707
ompRp4,0.3333333333333333,2,2,GAGGGGGAAGATCATCCAAG,0,2914596
ompRp4,0.3333333333333333,2,2,GAGGGCCCACAGTAATCCAT,0,2936400
ompRp4,0.3333333333333333,2,2,GAGGCTAGCCTGTCTACTGG,0,2914984
ompRp4,0.3333333333333333,2,2,GAGGAGTCGAGGCTCAAGAC,0,2930391
ompRp4,0.3333333333333333,2,2,GAGCTTTTAGCGATGTGAAG,0,2929177
ompRp4,0.3333333333333333,2,2,GAGCGGGCTGTATGTCAAGT,0,2935783
ompRp4,0.3333333333333333,2,2,GAGCGGGACATTGGCACGGG,0,2929801
ompRp4,0.3333333333333333,2,2,GAGCGCGTTAGCGAACCCGA,0,2917896
ompRp4,0.3333333333333333,2,2,GAGCGATCACCGTGGATACA,0,2933163
ompRp4,0.3333333333333333,2,2,GAGCGACTGTGAGGGACGCT,0,2927308
ompRp4,0.3333333333333333,2,2,GAGCCACATACTCCCGGTCT,0,2924718
ompRp4,0.3333333333333333,2,2,GAGCAAGATGGATGATGTCT,0,2932146
ompRp4,0.3333333333333333,2,2,GAGAGAAATTTAGACAGGAG,0,2913089
ompRp4,0.3333333333333333,2,2,GACTTCCGATGATAGCTAGG,0,2929335
ompRp4,0.3333333333333333,2,2,GACTCCGGATGGGCGCATTC,0,2923830
ompRp4,0.3333333333333333,2,2,GACGTCTCAAAAAAATTTAA,0,2909169
ompRp4,0.3333333333333333,2,2,GACGAGCAATCGGGGGGTGA,0,2917274
ompRp4,0.3333333333333333,2,2,GACCCCCAACCCGACCGCTG,0,2912492
ompRp4,0.3333333333333333,2,2,GACCCCAGCTTCTAGGGCCC,0,2919460
ompRp4,0.3333333333333333,2,2,GACCAAACTAGGGCCGCTAG,0,2932200
ompRp4,0.3333333333333333,2,2,GACATCTCACGGTGGTGAAG,0,2908292
ompRp4,0.3333333333333333,2,2,GACAGGGCTGGATTCTTAAT,0,2910199
ompRp4,0.3333333333333333,2,2,GACAAGATTGTAGACTGCTC,0,2913892
ompRp4,0.3333333333333333,2,2,GAATTTACGCGACGCTTACC,0,2936615
ompRp4,0.3333333333333333,2,2,GAATTCAGAGTCTAGCGGTC,0,2932922
ompRp4,0.3333333333333333,2,2,GAATTACCCAGCCGTTCCAT,0,2936948
ompRp4,0.3333333333333333,2,2,GAATGTGTCGCGCCCCAGCA,0,2923447
ompRp4,0.3333333333333333,2,2,GAATGCTGTTGGCACTGCGG,0,2929309
ompRp4,0.3333333333333333,2,2,GAATCTCACGAGCGGATGGT,0,2916781
ompRp4,0.3333333333333333,2,2,GAATCGGAATCGCTTGACAA,0,2915122
ompRp4,0.3333333333333333,2,2,GAATCGAGAGGCAGCTTACT,0,2938121
ompRp4,0.3333333333333333,2,2,GAAGGTTGTGCTTATGAGCG,0,2919979
ompRp4,0.3333333333333333,2,2,GAAGGGGTGGCACTTATTAT,0,2911777
ompRp4,0.3333333333333333,2,2,GAAGGAAGGAGGTGGTGGTC,0,2923092
ompRp4,0.3333333333333333,2,2,GAACGTGTACTTATCTCCTA,0,2921710
ompRp4,0.3333333333333333,2,2,GAACGAATCTCACTAACAGT,0,2912259
ompRp4,0.3333333333333333,2,2,GAACGAAGGTTCAGGAACCT,0,2921604
ompRp4,0.3333333333333333,2,2,GAAAGTCCTCTATTTTCTGA,0,2917904
ompRp4,0.3333333333333333,2,2,GAAACGCGCCCCCTTGGAGG,0,2928234
ompRp4,0.3333333333333333,2,2,CTTTTGCCTTTGATAGACGG,0,2913754
ompRp4,0.3333333333333333,2,2,CTTTTCTGGCATCGCACCTG,0,2932867
ompRp4,0.3333333333333333,2,2,CTTTATTAGTTGGATTATAA,0,2924525
ompRp4,0.3333333333333333,2,2,CTTGTTAGCGATTTGGAATC,0,2931459
ompRp4,0.3333333333333333,2,2,CTTGGTCCCTGCGCCCGAAT,0,2915517
ompRp4,0.3333333333333333,2,2,CTTGGCTCCCGCGTCCTCAC,0,2908424
ompRp4,0.3333333333333333,2,2,CTTGGCATTAGGGGCAACGG,0,2925354
ompRp4,0.3333333333333333,2,2,CTTGCTGGTAATGATAGGAG,0,2923717
ompRp4,0.3333333333333333,2,2,CTTGCAATATAGCTAACTCA,0,2924299
ompRp4,0.3333333333333333,2,2,CTTCGCTGAACACGTCTCCG,0,2917636
ompRp4,0.3333333333333333,2,2,CTTCCGAGATTAGATCGGGT,0,2937772
ompRp4,0.3333333333333333,2,2,CTTAGCGCGCGTCGGGGTAA,0,2936482
ompRp4,0.3333333333333333,2,2,CTTAGACGACAATCGTGAGT,0,2920659
ompRp4,0.3333333333333333,2,2,CTTACTGGATGTAGTCTAAC,0,2909490
ompRp4,0.3333333333333333,2,2,CTTACGACCTGAGAGCGTCG,0,2932602
ompRp4,0.3333333333333333,2,2,CTGTACAAGCTAGCCCTTGC,0,2924472
ompRp4,0.3333333333333333,2,2,CTGGTTGGTACGCGGGTCTC,0,2922516
ompRp4,0.3333333333333333,2,2,CTGCTGTGCCGTCTTTGCGG,0,2918203
ompRp4,0.3333333333333333,2,2,CTGCGTCCTCTTTTGAACGG,0,2917858
ompRp4,0.3333333333333333,2,2,CTGCGTCAAGAAACTGGTTT,0,2929829
ompRp4,0.3333333333333333,2,2,CTGCATCAGAACATCCAAAT,0,2933677
ompRp4,0.3333333333333333,2,2,CTGCAAAATAGGGGGATTCT,0,2934962
ompRp4,0.3333333333333333,2,2,CTGACCCAGGCTAAGTTTGC,0,2929790
ompRp4,0.3333333333333333,2,2,CTCTTTATTTCTGAACTCTG,0,2927169
ompRp4,0.3333333333333333,2,2,CTCTTACTGGAGTTAAGGGT,0,2926949
ompRp4,0.3333333333333333,2,2,CTCTACGACACGCTCCGAAT,0,2916831
ompRp4,0.3333333333333333,2,2,CTCGTAGCTTATTGTATGGC,0,2938128
ompRp4,0.3333333333333333,2,2,CTCGGAAGACCGGGTATTTT,0,2911240
ompRp4,0.3333333333333333,2,2,CTCGCAATCATGAGTTTGGC,0,2932662
ompRp4,0.3333333333333333,2,2,CTCGAGTCCGTGTTTGTATC,0,2915599
ompRp4,0.3333333333333333,2,2,CTCGAAATGAGCATCTGTGA,0,2919079
ompRp4,0.3333333333333333,2,2,CTCCTCGGTCTTCGACAACC,0,2912299
ompRp4,0.3333333333333333,2,2,CTCCGTGACGTATCCCGTCC,0,2910355
ompRp4,0.3333333333333333,2,2,CTCCCTAGGGAGACCTATAA,0,2919312
ompRp4,0.3333333333333333,2,2,CTCAGGCGTAGTTGGAGATT,0,2934298
ompRp4,0.3333333333333333,2,2,CTCAACTCGAACGGGCGTCC,0,2918860
ompRp4,0.3333333333333333,2,2,CTATTAGTTCGGGGCTATCA,0,2930863
ompRp4,0.3333333333333333,2,2,CTATGTGATAACGTCACAAT,0,2929751
ompRp4,0.3333333333333333,2,2,CTATATGAGTCTTGGATGCA,0,2910712
ompRp4,0.3333333333333333,2,2,CTAGTGTTCTGAACTGCTAC,0,2914044
ompRp4,0.3333333333333333,2,2,CTACGGAGGCACATTGTTCG,0,2916537
ompRp4,0.3333333333333333,2,2,CTACACCTTGTTACCCATTG,0,2909813
ompRp4,0.3333333333333333,2,2,CTAAGCCGGGAGTTTTACAA,0,2935669
ompRp4,0.3333333333333333,2,2,CTAACAATTTGAAAAATTAT,0,2912825
ompRp4,0.3333333333333333,2,2,CGTTTCGGCTGAGGGTCAGA,0,2928166
ompRp4,0.3333333333333333,2,2,CGTTGCCCCCCTGAAGCAGT,0,2920251
ompRp4,0.3333333333333333,2,2,CGTTGCCAGTACTAAAATAA,0,2911106
ompRp4,0.3333333333333333,2,2,CGTGTGCAACGTGCGGTGTC,0,2918347
ompRp4,0.3333333333333333,2,2,CGTGTAGGGCGACAGGCGGT,0,2914905
ompRp4,0.3333333333333333,2,2,CGTCTTACGTTAGGTTGCTA,0,2918975
ompRp4,0.3333333333333333,2,2,CGTCTCTCATTGATAGCCGT,0,2930260
ompRp4,0.3333333333333333,2,2,CGTCTAAAAGTGTTGCCCAG,0,2929452
ompRp4,0.3333333333333333,2,2,CGTCGGTGTCTAAAGCCCAT,0,2920517
ompRp4,0.3333333333333333,2,2,CGTCCCACCTGGTTCGGAAA,0,2927380
ompRp4,0.3333333333333333,2,2,CGTATGCAAATTGTTCACAT,0,2911583
ompRp4,0.3333333333333333,2,2,CGTAGTGCCCGGGAGAGAGG,0,2932376
ompRp4,0.3333333333333333,2,2,CGTAGATATTGTTCGTTGGC,0,2928991
ompRp4,0.3333333333333333,2,2,CGTACGTGCGAGGGGAGTAT,0,2927270
ompRp4,0.3333333333333333,2,2,CGTACCAGCCCAGCTACCAT,0,2907721
ompRp4,0.3333333333333333,2,2,CGTACATTGGGAGATGGAAA,0,2922801
ompRp4,0.3333333333333333,2,2,CGGTTGTTCTAGAGTTCCAA,0,2926876
ompRp4,0.3333333333333333,2,2,CGGTTCGCCACTCCGCACGA,0,2910638
ompRp4,0.3333333333333333,2,2,CGGTGAGTAGGGTCTGTTCT,0,2927266
ompRp4,0.3333333333333333,2,2,CGGTATCCTTGCGGAAGGCA,0,2933243
ompRp4,0.3333333333333333,2,2,CGGGTCCCCTAATTTAACCC,0,2920783
ompRp4,0.3333333333333333,2,2,CGGGTACTCAGGGACCAGAC,0,2935052
ompRp4,0.3333333333333333,2,2,CGGGGTCTTACCAGTGCACT,0,2921260
ompRp4,0.3333333333333333,2,2,CGGGGGGCAGAGGCTGCCAT,0,2911033
ompRp4,0.3333333333333333,2,2,CGGGACAATTGTCGTCATCT,0,2926264
ompRp4,0.3333333333333333,2,2,CGGGAAAGTGTAAAGGGATA,0,2919650
ompRp4,0.3333333333333333,2,2,CGGCTGGGTGGCGAGCTCTA,0,2912301
ompRp4,0.3333333333333333,2,2,CGGCAGGTAGACATGGCCTA,0,2932861
ompRp4,0.3333333333333333,2,2,CGGATCCGGCAGTCCACCCC,0,2910891
ompRp4,0.3333333333333333,2,2,CGGAGAGCGCGACAACGTGG,0,2932771
ompRp4,0.3333333333333333,2,2,CGGACTGCCTCGGCCCTCGT,0,2936159
ompRp4,0.3333333333333333,2,2,CGCTGTCAAGGGCAATGAAG,0,2916231
ompRp4,0.3333333333333333,2,2,CGCTGACTACCCGGTTCCAA,0,2910663
ompRp4,0.3333333333333333,2,2,CGCTACTGGGAACGATATAA,0,2915628
ompRp4,0.3333333333333333,2,2,CGCTAAGTGCACCAGGGGCT,0,2932457
ompRp4,0.3333333333333333,2,2,CGCGGTGGCTACAGATGCGT,0,2909794
ompRp4,0.3333333333333333,2,2,CGCGGTGGCCGGAGTAAAAG,0,2937557
ompRp4,0.3333333333333333,2,2,CGCGGGCCTGGATACTAACT,0,2909353
ompRp4,0.3333333333333333,2,2,CGCGAGACTCCGCCAGGGAT,0,2929722
ompRp4,0.3333333333333333,2,2,CGCCCCCGTCGGGTCCGTTC,0,2935706
ompRp4,0.3333333333333333,2,2,CGCATTCCTATATGTGCATG,0,2928168
ompRp4,0.3333333333333333,2,2,CGCACCCGTCCTTCTTTCGA,0,2936609
ompRp4,0.3333333333333333,2,2,CGCAAATGTCCGCTTCGGGT,0,2907806
ompRp4,0.3333333333333333,2,2,CGATTTCCGTTAGTTACGTA,0,2915604
ompRp4,0.3333333333333333,2,2,CGATGGGATTGCCTTCATCA,0,2918169
ompRp4,0.3333333333333333,2,2,CGATATTTTGTTGATGCTAG,0,2921940
ompRp4,0.3333333333333333,2,2,CGATATTAGATGTTTCTTCA,0,2908491
ompRp4,0.3333333333333333,2,2,CGATAGCACTTCGACGTGTT,0,2932217
ompRp4,0.3333333333333333,2,2,CGAGTAGCATTGAATTTGCA,0,2918469
ompRp4,0.3333333333333333,2,2,CGAGGACCTTCTGTTATACT,0,2907730
ompRp4,0.3333333333333333,2,2,CGAGCCATGGGGAACTACCA,0,2925481
ompRp4,0.3333333333333333,2,2,CGAGACCCGCACATCCGTGC,0,2913642
ompRp4,0.3333333333333333,2,2,CGACCTGACACTTCTACATA,0,2937006
ompRp4,0.3333333333333333,2,2,CGAATCGTTGGCGCTGACAA,0,2931227
ompRp4,0.3333333333333333,2,2,CGAACGCCTATCGATGGGCC,0,2935797
ompRp4,0.3333333333333333,2,2,CGAACCCTTGCCAACTGCTA,0,2914555
ompRp4,0.3333333333333333,2,2,CCTTCGGCCTAGGGCCATAA,0,2920493
ompRp4,0.3333333333333333,2,2,CCTGATAGACAAATTGCTCT,0,2912704
ompRp4,0.3333333333333333,2,2,CCTCCGTTTCCGTGCCAGAT,0,2908442
ompRp4,0.3333333333333333,2,2,CCTCCCAAAAGGGCGGTGGC,0,2927096
ompRp4,0.3333333333333333,2,2,CCTCCATTTGTTCATGTATC,0,2916075
ompRp4,0.3333333333333333,2,2,CCTATTTCATACATCTCGGA,0,2928001
ompRp4,0.3333333333333333,2,2,CCTAGAGAAACTGGAGCACA,0,2925025
ompRp4,0.3333333333333333,2,2,CCTAAGGAGTCATGCCTGGT,0,2923198
ompRp4,0.3333333333333333,2,2,CCTAACGTCTCCGCGATGTT,0,2909677
ompRp4,0.3333333333333333,2,2,CCGTTGATGACTTAGGCGAT,0,2916242
ompRp4,0.3333333333333333,2,2,CCGTTACGAGGGAAGACTCG,0,2936635
ompRp4,0.3333333333333333,2,2,CCGTCGTCAAATGTCTGAAT,0,2929408
ompRp4,0.3333333333333333,2,2,CCGTCCAAATGGGGGTCGCC,0,2922534
ompRp4,0.3333333333333333,2,2,CCGTAGGGGTTGAAAAGCTT,0,2923187
ompRp4,0.3333333333333333,2,2,CCGGTTGCCTTAGTTCGCCC,0,2912041
ompRp4,0.3333333333333333,2,2,CCGGTGAGGCCAGTTTTACT,0,2929923
ompRp4,0.3333333333333333,2,2,CCGGCCCGGGTACCTGACTG,0,2914008
ompRp4,0.3333333333333333,2,2,CCGGAAAAATCGAGGGTGGA,0,2924282
ompRp4,0.3333333333333333,2,2,CCGCTATTGGGTTTACACGA,0,2936649
ompRp4,0.3333333333333333,2,2,CCGCGTTATAACCGGCTGAT,0,2928359
ompRp4,0.3333333333333333,2,2,CCGCCCCGGCGGTTGCCTCC,0,2934396
ompRp4,0.3333333333333333,2,2,CCGCCATGGACCATGCACAG,0,2921764
ompRp4,0.3333333333333333,2,2,CCGCCACTCCGGGTGCGACA,0,2915640
ompRp4,0.3333333333333333,2,2,CCGCAGCCCCGTTTGGCACT,0,2936553
ompRp4,0.3333333333333333,2,2,CCGATGCGCGTGTTTATACC,0,2926925
ompRp4,0.3333333333333333,2,2,CCGACGTCCGCGGGACCAGC,0,2930067
ompRp4,0.3333333333333333,2,2,CCGAATGTATGTGCTAACAC,0,2937455
ompRp4,0.3333333333333333,2,2,CCCTTTGAACGGTGCTTCCC,0,2912590
ompRp4,0.3333333333333333,2,2,CCCTTATAAACGAAGGAGGG,0,2911490
ompRp4,0.3333333333333333,2,2,CCCTGTGCGTGGAAGGTTTC,0,2927744
ompRp4,0.3333333333333333,2,2,CCCTGTAGAATGGTCAGCCA,0,2933951
ompRp4,0.3333333333333333,2,2,CCCTAGGACGCATTCACGGG,0,2924198
ompRp4,0.3333333333333333,2,2,CCCTAGCATGCGGCTCAAAG,0,2931376
ompRp4,0.3333333333333333,2,2,CCCGGGTTCATTAACGCAGA,0,2937579
ompRp4,0.3333333333333333,2,2,CCCGGGCGCTACTTTTTTTT,0,2912155
ompRp4,0.3333333333333333,2,2,CCCGGAAAATTTCAAGATCC,0,2932573
ompRp4,0.3333333333333333,2,2,CCCGCTTCCCTCCAATTTAC,0,2917696
ompRp4,0.3333333333333333,2,2,CCCCACCAGATGCCTATAGC,0,2908881
ompRp4,0.3333333333333333,2,2,CCCATCTGTTCGGGGAAATC,0,2934330
ompRp4,0.3333333333333333,2,2,CCCAGTGCCCAGTGCCTCGC,0,2926024
ompRp4,0.3333333333333333,2,2,CCCAGTAAGCCGGTCAGTTT,0,2930103
ompRp4,0.3333333333333333,2,2,CCCAGGGCGGTGGGTGTGAT,0,2907817
ompRp4,0.3333333333333333,2,2,CCCACAGGTGTTTAGCCCCT,0,2914641
ompRp4,0.3333333333333333,2,2,CCCAATCTATTACGGATGTA,0,2911585
ompRp4,0.3333333333333333,2,2,CCCAAGCTAGAGAACAAATT,0,2911587
ompRp4,0.3333333333333333,2,2,CCATTCGTGTAATAGCTGAA,0,2917718
ompRp4,0.3333333333333333,2,2,CCATGCAGGTTACGACTCCC,0,2932124
ompRp4,0.3333333333333333,2,2,CCATCTCCCTGCGATATTGC,0,2919683
ompRp4,0.3333333333333333,2,2,CCATCGGTTCCTTCCATATG,0,2921574
ompRp4,0.3333333333333333,2,2,CCATCCCCTATGAATTCGTG,0,2937095
ompRp4,0.3333333333333333,2,2,CCATATGCACTGAATTAAGA,0,2911748
ompRp4,0.3333333333333333,2,2,CCATAGTGTGCCAATACATG,0,2908494
ompRp4,0.3333333333333333,2,2,CCATAGAGAGATTTAAGATC,0,2929411
ompRp4,0.3333333333333333,2,2,CCAGTGCAGGATACGTTAGC,0,2938151
ompRp4,0.3333333333333333,2,2,CCAGCATCTCTTCAACACAG,0,2915730
ompRp4,0.3333333333333333,2,2,CCACGGTCGGATAAAGAACA,0,2915758
ompRp4,0.3333333333333333,2,2,CCAATCTTGGGTCCCGCATA,0,2914645
ompRp4,0.3333333333333333,2,2,CCAAGGCCATCTACGCCGTC,0,2932438
ompRp4,0.3333333333333333,2,2,CCAAGATACGTAAACTTAAG,0,2914875
ompRp4,0.3333333333333333,2,2,CATTGTGTCATGATAGTTCT,0,2928231
ompRp4,0.3333333333333333,2,2,CATTCGTTGTTGGACTGGCC,0,2918788
ompRp4,0.3333333333333333,2,2,CATTACGGTTCCTCTGAGGA,0,2913038
ompRp4,0.3333333333333333,2,2,CATTAATTCACAAACTAACG,0,2915624
ompRp4,0.3333333333333333,2,2,CATGGAGTATACTTCGTGAT,0,2933753
ompRp4,0.3333333333333333,2,2,CATGGAATTAGTTCGGTAAA,0,2917735
ompRp4,0.3333333333333333,2,2,CATCTTTGTTAGGTGAGGTG,0,2923958
ompRp4,0.3333333333333333,2,2,CATCGGTTAATGCTTGTGAT,0,2926957
ompRp4,0.3333333333333333,2,2,CATCATTAGATAATTGATCC,0,2920199
ompRp4,0.3333333333333333,2,2,CATCACGAACATCAGTGATG,0,2937424
ompRp4,0.3333333333333333,2,2,CATATCAGGGGGTAATGTTT,0,2915740
ompRp4,0.3333333333333333,2,2,CATAGGCGTGTTTTTTCTAA,0,2925936
ompRp4,0.3333333333333333,2,2,CAGTGCTCCGTGGATTCGAG,0,2907848
ompRp4,0.3333333333333333,2,2,CAGTGATCGATTGACACGGA,0,2910193
ompRp4,0.3333333333333333,2,2,CAGTCTTAATATATGGTGGG,0,2937638
ompRp4,0.3333333333333333,2,2,CAGTCAAGTGCGGTCTACAA,0,2926770
ompRp4,0.3333333333333333,2,2,CAGTAGTTTAGTTCCAACAT,0,2918083
ompRp4,0.3333333333333333,2,2,CAGTAAAGCATGGTTATTGG,0,2919479
ompRp4,0.3333333333333333,2,2,CAGGGTAGCGGTTACGTGTC,0,2924947
ompRp4,0.3333333333333333,2,2,CAGGCCGGATGTTGCTGCTT,0,2908446
ompRp4,0.3333333333333333,2,2,CAGGAAATTGTCGTAACCTT,0,2928177
ompRp4,0.3333333333333333,2,2,CAGCCTAGCTCGCCTTTTGG,0,2908592
ompRp4,0.3333333333333333,2,2,CAGCCGCAAACTACATTCCC,0,2933236
ompRp4,0.3333333333333333,2,2,CAGATTAGCAGGGTTATACT,0,2924857
ompRp4,0.3333333333333333,2,2,CAGATTAGAGGGGTCTTCTA,0,2923374
ompRp4,0.3333333333333333,2,2,CAGATGATTGAACGTACAAG,0,2923923
ompRp4,0.3333333333333333,2,2,CAGAGAGCTGGGCGCAGTGC,0,2933632
ompRp4,0.3333333333333333,2,2,CAGACACCGACAGGGCGTTG,0,2922409
ompRp4,0.3333333333333333,2,2,CAGAATCGATACTCTCAAGA,0,2932688
ompRp4,0.3333333333333333,2,2,CACTTTACAACGCCGCCTTA,0,2929700
ompRp4,0.3333333333333333,2,2,CACTTGTCCGACTTCATGGT,0,2918390
ompRp4,0.3333333333333333,2,2,CACTAGCCCCTGACTTCCTA,0,2924684
ompRp4,0.3333333333333333,2,2,CACGTTCACCGCATCACCAC,0,2915739
ompRp4,0.3333333333333333,2,2,CACGGCTTCTACAAATCCTC,0,2916302
ompRp4,0.3333333333333333,2,2,CACGCTCCAATGTGCTTTCG,0,2920412
ompRp4,0.3333333333333333,2,2,CACGCGTCGGCGGAAACCGA,0,2922614
ompRp4,0.3333333333333333,2,2,CACGAATAATAGTCCTCACG,0,2924319
ompRp4,0.3333333333333333,2,2,CACACTCGGAGCAGTGTAGC,0,2918171
ompRp4,0.3333333333333333,2,2,CACACCCCTCGATCTAGTGG,0,2927408
ompRp4,0.3333333333333333,2,2,CACACAGTGGCTCCACCATT,0,2930957
ompRp4,0.3333333333333333,2,2,CAATGAGGGTTACGAAGCCG,0,2931383
ompRp4,0.3333333333333333,2,2,CAATAGAACATTTATCTGTA,0,2930544
ompRp4,0.3333333333333333,2,2,CAAGTTATCATTGTCGTCCG,0,2925680
ompRp4,0.3333333333333333,2,2,CAAGCGAAACACAAATCCTA,0,2915387
ompRp4,0.3333333333333333,2,2,CAACAACAATTAGCGTGTAG,0,2918255
ompRp4,0.3333333333333333,2,2,CAAAGACACTAACCCCTCGT,0,2930521
ompRp4,0.3333333333333333,2,2,ATTGTTTCAAGAATGTGTTG,0,2933792
ompRp4,0.3333333333333333,2,2,ATTGGTTTCCCTGTCCATTT,0,2931694
ompRp4,0.3333333333333333,2,2,ATTCGTGTACTAACGAATGA,0,2908390
ompRp4,0.3333333333333333,2,2,ATTCATTGGATGGAGATATC,0,2932795
ompRp4,0.3333333333333333,2,2,ATTCATATTATGCTGTAATG,0,2935067
ompRp4,0.3333333333333333,2,2,ATTCATAAGCCGCAGGTTAC,0,2926004
ompRp4,0.3333333333333333,2,2,ATTCAATATTCTAATTGTTG,0,2910758
ompRp4,0.3333333333333333,2,2,ATTATTTGCGATGCACTAGA,0,2919114
ompRp4,0.3333333333333333,2,2,ATTAGGCTGGATGTTTCTGG,0,2916539
ompRp4,0.3333333333333333,2,2,ATTAGACCACTTTCACAACT,0,2908421
ompRp4,0.3333333333333333,2,2,ATTAAAGTGAACTGGGGATG,0,2916833
ompRp4,0.3333333333333333,2,2,ATGTTGTAGACCTTGACCCA,0,2929593
ompRp4,0.3333333333333333,2,2,ATGTGAGGATGTTAGAAGAT,0,2910147
ompRp4,0.3333333333333333,2,2,ATGTCTGCAGCTGATGATTT,0,2910257
ompRp4,0.3333333333333333,2,2,ATGGTCCTTGGGCCTAATTG,0,2920440
ompRp4,0.3333333333333333,2,2,ATGGCCAGAGGGAGGTACCA,0,2933077
ompRp4,0.3333333333333333,2,2,ATGGCAACACCATTGGTTGC,0,2935111
ompRp4,0.3333333333333333,2,2,ATGGATCTCGTGACTCGAGC,0,2925289
ompRp4,0.3333333333333333,2,2,ATGGATCACAACCACTCATA,0,2929228
ompRp4,0.3333333333333333,2,2,ATGCTGAACACTATGAAAGG,0,2922692
ompRp4,0.3333333333333333,2,2,ATGCGGACGGCATCCTTATT,0,2930117
ompRp4,0.3333333333333333,2,2,ATGCAGGATGAAATGAGCCT,0,2921976
ompRp4,0.3333333333333333,2,2,ATGATTGGCCCGTTTTCCCC,0,2914846
ompRp4,0.3333333333333333,2,2,ATGATTCTGGATAGTAAAAT,0,2920911
ompRp4,0.3333333333333333,2,2,ATGATGAGGTCTGATGTCGT,0,2927102
ompRp4,0.3333333333333333,2,2,ATCTTTGCTTACGTCGGATT,0,2920835
ompRp4,0.3333333333333333,2,2,ATCTTTCATGGCTACACAAT,0,2908742
ompRp4,0.3333333333333333,2,2,ATCTTCGCTCTCGCCACTAT,0,2921325
ompRp4,0.3333333333333333,2,2,ATCTTACATTAGCTAGAGAA,0,2921512
ompRp4,0.3333333333333333,2,2,ATCTGTTTAAACTAGCGGTA,0,2923623
ompRp4,0.3333333333333333,2,2,ATCTGGAGAAAAAGCACATA,0,2913666
ompRp4,0.3333333333333333,2,2,ATCTCGACAAACGCGGTCCG,0,2910322
ompRp4,0.3333333333333333,2,2,ATCTACTTTGTTAATTTGGT,0,2938216
ompRp4,0.3333333333333333,2,2,ATCGAGGGCCGGGACCACAT,0,2915644
ompRp4,0.3333333333333333,2,2,ATCCTTACTCATCGTCCGAA,0,2929225
ompRp4,0.3333333333333333,2,2,ATCCGTCCACCCTGGTCTCG,0,2936658
ompRp4,0.3333333333333333,2,2,ATCCGGTGAATGCTTCGGTG,0,2915042
ompRp4,0.3333333333333333,2,2,ATCCGATCGAGCTTACGGCA,0,2919582
ompRp4,0.3333333333333333,2,2,ATCAGGGTTATGATACCCCA,0,2923676
ompRp4,0.3333333333333333,2,2,ATCAGCAACACTAGAGCCTC,0,2927862
ompRp4,0.3333333333333333,2,2,ATCAGAGCCTTGGGTGTCCA,0,2927276
ompRp4,0.3333333333333333,2,2,ATCAATCACTACAGTTTAAC,0,2936213
ompRp4,0.3333333333333333,2,2,ATATTTAGTGTGCAATCTAT,0,2912453
ompRp4,0.3333333333333333,2,2,ATATGCCGACACATCACAGT,0,2938072
ompRp4,0.3333333333333333,2,2,ATATCCATGTAGTGCGATCA,0,2932346
ompRp4,0.3333333333333333,2,2,ATATACAGAATGCCAAGATA,0,2930543
ompRp4,0.3333333333333333,2,2,ATAGCGTTGCGGTTTAGTGC,0,2913639
ompRp4,0.3333333333333333,2,2,ATACTGGCCGCGCGATCGTA,0,2925594
ompRp4,0.3333333333333333,2,2,ATACGTTTACAAGGCTGCAT,0,2919251
ompRp4,0.3333333333333333,2,2,ATACATATGAGGAGAAATAC,0,2925358
ompRp4,0.3333333333333333,2,2,ATACAAGAAACCTGCGCAGC,0,2934106
ompRp4,0.3333333333333333,2,2,AGTTTAACTCGTTGAAAACA,0,2913834
ompRp4,0.3333333333333333,2,2,AGTTGTATATGGAATTTCGT,0,2908933
ompRp4,0.3333333333333333,2,2,AGTTGCTTCCCTACGCCAAT,0,2912399
ompRp4,0.3333333333333333,2,2,AGTTCCCGGAGGCCAGATCC,0,2938007
ompRp4,0.3333333333333333,2,2,AGTTCAAGTCCGGTGCATAA,0,2922241
ompRp4,0.3333333333333333,2,2,AGTGTGAAGGCGCTCCATAG,0,2932103
ompRp4,0.3333333333333333,2,2,AGTGCGTCGGCCCTCGAATT,0,2914004
ompRp4,0.3333333333333333,2,2,AGTCCCCCGTCCTGTGCCCG,0,2922781
ompRp4,0.3333333333333333,2,2,AGTAGGCGTAGTGGGCTCCC,0,2908082
ompRp4,0.3333333333333333,2,2,AGTACGGTGGTCGGCGACAA,0,2927372
ompRp4,0.3333333333333333,2,2,AGGTTTCATCAACCGTGTTC,0,2915253
ompRp4,0.3333333333333333,2,2,AGGTGCAAGCCCTCAAGCCT,0,2933519
ompRp4,0.3333333333333333,2,2,AGGTCTAGGCTCATCCGGAT,0,2921464
ompRp4,0.3333333333333333,2,2,AGGTATCTTTGCAATTGCCA,0,2929005
ompRp4,0.3333333333333333,2,2,AGGGTTAATGCGGCGAGCGG,0,2933072
ompRp4,0.3333333333333333,2,2,AGGGGCAGAACCTGGTCGCC,0,2930985
ompRp4,0.3333333333333333,2,2,AGGCTGCCGAGTTTTCGATC,0,2928469
ompRp4,0.3333333333333333,2,2,AGGCCCCAAATTCTACCAAT,0,2926844
ompRp4,0.3333333333333333,2,2,AGGCAAGTGTACACCTGGCT,0,2922760
ompRp4,0.3333333333333333,2,2,AGGATTTTGTATCATCGGGG,0,2935990
ompRp4,0.3333333333333333,2,2,AGGATAAGTTTTTGTGTACC,0,2914777
ompRp4,0.3333333333333333,2,2,AGGAGTCACCGTTGCCAGAA,0,2926046
ompRp4,0.3333333333333333,2,2,AGGAGAAGGGAAGAGCGTCT,0,2926810
ompRp4,0.3333333333333333,2,2,AGGACCTCTCGTTCGCCTCG,0,2932203
ompRp4,0.3333333333333333,2,2,AGGACACGTTTCGCTTGTAT,0,2925654
ompRp4,0.3333333333333333,2,2,AGGAATTCCGCCAACACCCG,0,2913382
ompRp4,0.3333333333333333,2,2,AGCTAGGCTTCAAAACTCTG,0,2934318
ompRp4,0.3333333333333333,2,2,AGCTACACATTGATAAATGA,0,2922681
ompRp4,0.3333333333333333,2,2,AGCCGAGTTCCGGGTTACCA,0,2932147
ompRp4,0.3333333333333333,2,2,AGCCGAATGCCCTATAAGTT,0,2931786
ompRp4,0.3333333333333333,2,2,AGCCATATGATGCCAACCAT,0,2912071
ompRp4,0.3333333333333333,2,2,AGCCACCACCCGGTCTATCC,0,2919002
ompRp4,0.3333333333333333,2,2,AGCCAATGGGAGAACGCCCC,0,2923989
ompRp4,0.3333333333333333,2,2,AGCACTGCGGCTAGTTTCCC,0,2913522
ompRp4,0.3333333333333333,2,2,AGATTATAGTGTTATACGCG,0,2917161
ompRp4,0.3333333333333333,2,2,AGATGCGGGATCAAGAAATT,0,2919063
ompRp4,0.3333333333333333,2,2,AGATACTTAGTGCCACTCAT,0,2921461
ompRp4,0.3333333333333333,2,2,AGAGTTGGTGCTTCAGGTCC,0,2935695
ompRp4,0.3333333333333333,2,2,AGAGTTAAGGGAGACCGTTA,0,2936004
ompRp4,0.3333333333333333,2,2,AGAGCACCTTTGGCTCAAAC,0,2912765
ompRp4,0.3333333333333333,2,2,AGACGGAGCAGCCACTTACC,0,2926625
ompRp4,0.3333333333333333,2,2,AGACGGACCCAACGATCATT,0,2934830
ompRp4,0.3333333333333333,2,2,AGACGCGCCAGTGTGGGGAC,0,2936466
ompRp4,0.3333333333333333,2,2,AGACCGAGTGATGTGAAACG,0,2912587
ompRp4,0.3333333333333333,2,2,AGACCATAGTGCATGCAAAC,0,2931983
ompRp4,0.3333333333333333,2,2,AGACAGTCGCGAATGCCACA,0,2925134
ompRp4,0.3333333333333333,2,2,ACTGGCAAATATGAGTTCGA,0,2926174
ompRp4,0.3333333333333333,2,2,ACTGCTTTAGTACCGTGGAT,0,2918317
ompRp4,0.3333333333333333,2,2,ACTGCGTTTTCAAGATGAGT,0,2930774
ompRp4,0.3333333333333333,2,2,ACTGCACGCGCAACGTGTTC,0,2937731
ompRp4,0.3333333333333333,2,2,ACTGATTCGATTCGCAAACG,0,2933597
ompRp4,0.3333333333333333,2,2,ACTCGGTGCCTGGTTGCAAA,0,2928430
ompRp4,0.3333333333333333,2,2,ACTCCCGCTTACGGTGGATG,0,2935510
ompRp4,0.3333333333333333,2,2,ACTCCAATTTCTCCCTAGCT,0,2909044
ompRp4,0.3333333333333333,2,2,ACTCACCACCCAGTTATTGG,0,2931935
ompRp4,0.3333333333333333,2,2,ACTAGGGAACATCATTGCTG,0,2910203
ompRp4,0.3333333333333333,2,2,ACTACGACCAACGGCTATTG,0,2925348
ompRp4,0.3333333333333333,2,2,ACTACCCCCGGTTGGGTGAA,0,2925923
ompRp4,0.3333333333333333,2,2,ACTACAGATCCGTGCATATC,0,2914241
ompRp4,0.3333333333333333,2,2,ACTAAGATACTCAGTTCCGT,0,2908827
ompRp4,0.3333333333333333,2,2,ACGTTTTATTGCGATCCCAG,0,2938254
ompRp4,0.3333333333333333,2,2,ACGTGGTCTCATAAGAGCGG,0,2922288
ompRp4,0.3333333333333333,2,2,ACGTGCGCCGATCATACAAT,0,2931642
ompRp4,0.3333333333333333,2,2,ACGTCTAGACATTTACCGGT,0,2934319
ompRp4,0.3333333333333333,2,2,ACGTCTACGATCATGTCTAA,0,2926738
ompRp4,0.3333333333333333,2,2,ACGTATACCTAAAATGCTAA,0,2927926
ompRp4,0.3333333333333333,2,2,ACGGGGACTAAAGGATGTTA,0,2935355
ompRp4,0.3333333333333333,2,2,ACGGATTAGGATACATCCAG,0,2914594
ompRp4,0.3333333333333333,2,2,ACGCGGGAGGACGAACTGTG,0,2912006
ompRp4,0.3333333333333333,2,2,ACGCCGCAATTCAAGTATCG,0,2926950
ompRp4,0.3333333333333333,2,2,ACGCAACGATACGGTAGCGT,0,2920432
ompRp4,0.3333333333333333,2,2,ACGAGTCTTATGCTTGTCGT,0,2932062
ompRp4,0.3333333333333333,2,2,ACGAGTCCCCCCCGGAATAT,0,2921397
ompRp4,0.3333333333333333,2,2,ACGAGCGCTCGCGACCCTGA,0,2928248
ompRp4,0.3333333333333333,2,2,ACGAGAGCTAATATGTGCAG,0,2932802
ompRp4,0.3333333333333333,2,2,ACGACGTTCTTAAGGATGAG,0,2929943
ompRp4,0.3333333333333333,2,2,ACCTTCGCGGTTGAACGGCC,0,2913941
ompRp4,0.3333333333333333,2,2,ACCTTATGCTGGTGGCAGAA,0,2932757
ompRp4,0.3333333333333333,2,2,ACCTGTACGTCCCTTGAAGA,0,2922188
ompRp4,0.3333333333333333,2,2,ACCTCTGAGGTGTCCGCAGT,0,2919782
ompRp4,0.3333333333333333,2,2,ACCTCAATTAGCGCTTAAGG,0,2917585
ompRp4,0.3333333333333333,2,2,ACCTACATTTATGTAGCCGA,0,2931626
ompRp4,0.3333333333333333,2,2,ACCCGGATCGCAAGACTTTC,0,2938071
ompRp4,0.3333333333333333,2,2,ACCCGCACGCACCTCATCGC,0,2936646
ompRp4,0.3333333333333333,2,2,ACCCCGTCCTATCAGGCTTA,0,2910334
ompRp4,0.3333333333333333,2,2,ACCCCGGCCATCCAGGGGTA,0,2926428
ompRp4,0.3333333333333333,2,2,ACCAGTTGAGGACACAGCAG,0,2912205
ompRp4,0.3333333333333333,2,2,ACCAGGTTCGTCTGATGTCA,0,2927258
ompRp4,0.3333333333333333,2,2,ACCAGAACTCGTTTTGTAAC,0,2935164
ompRp4,0.3333333333333333,2,2,ACCACCGATTAATCCAATAT,0,2911329
ompRp4,0.3333333333333333,2,2,ACCACAGCGTACTGCGCCAG,0,2918979
ompRp4,0.3333333333333333,2,2,ACCAAGTCTTGAAGACCATG,0,2925137
ompRp4,0.3333333333333333,2,2,ACATCTGCTTATGGACGCGA,0,2907906
ompRp4,0.3333333333333333,2,2,ACATAACCGATGCAAGTCTT,0,2914118
ompRp4,0.3333333333333333,2,2,ACAGTAGGCGCCACTACGCA,0,2913460
ompRp4,0.3333333333333333,2,2,ACAGTACCTCTTGCCCACTC,0,2912540
ompRp4,0.3333333333333333,2,2,ACAGAGGGAGCACCAATCCG,0,2920013
ompRp4,0.3333333333333333,2,2,ACAGAACCATGCAGTTTCAA,0,2929298
ompRp4,0.3333333333333333,2,2,ACACCGTCGCGCGCTCGAAC,0,2925930
ompRp4,0.3333333333333333,2,2,ACACATGTAAACGCGATAGT,0,2910856
ompRp4,0.3333333333333333,2,2,ACAATCGTGGTACCAGAGGT,0,2922820
ompRp4,0.3333333333333333,2,2,AATTTGATCTTTATTTTGGG,0,2918283
ompRp4,0.3333333333333333,2,2,AATTGTTGTTTGTACGAGAT,0,2917444
ompRp4,0.3333333333333333,2,2,AATTAGTATGTCCCCGGGAA,0,2916541
ompRp4,0.3333333333333333,2,2,AATGTAAGCGCATCCTTTGC,0,2926051
ompRp4,0.3333333333333333,2,2,AATGGTGACTTTTAACAAAT,0,2931019
ompRp4,0.3333333333333333,2,2,AATGGGGTTCGGTTTGGCCG,0,2910927
ompRp4,0.3333333333333333,2,2,AATGGCGCAAGACATCGTTT,0,2915619
ompRp4,0.3333333333333333,2,2,AATGCGACAATGAATCCTTG,0,2918706
ompRp4,0.3333333333333333,2,2,AATCGACTGAAGGCCTGAGT,0,2922140
ompRp4,0.3333333333333333,2,2,AAGTTCGCTAGAGAGGGCTT,0,2933125
ompRp4,0.3333333333333333,2,2,AAGTAAATCGGACGGCGTTC,0,2911135
ompRp4,0.3333333333333333,2,2,AAGGTCACAAAAAGCCTTCA,0,2927343
ompRp4,0.3333333333333333,2,2,AAGGGTTCGTTCATGCCCCC,0,2936529
ompRp4,0.3333333333333333,2,2,AAGGGCGGTCTCTATTTCGC,0,2915823
ompRp4,0.3333333333333333,2,2,AAGGCTACTTACGCTGCATC,0,2930550
ompRp4,0.3333333333333333,2,2,AAGGCATGTCATAATGTCGC,0,2917072
ompRp4,0.3333333333333333,2,2,AAGCGTGTTTTTTGCAACGA,0,2908229
ompRp4,0.3333333333333333,2,2,AAGCGGCAGTTGGGTCCACA,0,2928667
ompRp4,0.3333333333333333,2,2,AAGCCTTGAGCTATCATCGT,0,2928876
ompRp4,0.3333333333333333,2,2,AAGCCCGAAGACGCGCACGA,0,2914848
ompRp4,0.3333333333333333,2,2,AAGATTTCACATTCAGCACT,0,2920255
ompRp4,0.3333333333333333,2,2,AAGACATTCGCGGATTGTCA,0,2918744
ompRp4,0.3333333333333333,2,2,AACTTGAACCGATTAGCATA,0,2927103
ompRp4,0.3333333333333333,2,2,AACTCTCGATTTGTCGTGGT,0,2930953
ompRp4,0.3333333333333333,2,2,AACGTTCAGTCAGGCACACA,0,2909064
ompRp4,0.3333333333333333,2,2,AACGTCTGACAAATTACCGT,0,2908535
ompRp4,0.3333333333333333,2,2,AACGTAATTCGAGTGACCGC,0,2936979
ompRp4,0.3333333333333333,2,2,AACGGTAGCGTCACCCGGCT,0,2934737
ompRp4,0.3333333333333333,2,2,AACGCTTTAGCACGGTAGAT,0,2916727
ompRp4,0.3333333333333333,2,2,AACCCGCTTAACACGGACAT,0,2914394
ompRp4,0.3333333333333333,2,2,AACCCAGTTTAGCCCGGAAT,0,2929170
ompRp4,0.3333333333333333,2,2,AACAGATTTTGCTAGCTACA,0,2914577
ompRp4,0.3333333333333333,2,2,AAATGTCTGTTTCCTGGGGC,0,2911759
ompRp4,0.3333333333333333,2,2,AAATCTTAACGCCCGCTAGT,0,2933153
ompRp4,0.3333333333333333,2,2,AAAGCGAGAAACAGAAGAAA,0,2938177
ompRp4,0.3333333333333333,2,2,AAAGCATGGGGGCTATTTCA,0,2911677
ompRp4,0.3333333333333333,2,2,AAACTGACTAATCCTTACCT,0,2919426
ompRp4,0.3333333333333333,2,2,AAACGCGCTCTAGCTCGCGA,0,2930851
ompRp4,0.3333333333333333,2,2,AAACGCCGTAAACTTGCAAC,0,2937548
ompRp4,0.3333333333333333,2,2,AAAATCTCCAAGAGTGTAGT,0,2913704
ompRp4,0.3333333333333333,2,2,AAAATCCGTCCGCTTGCTAG,0,2937102
ompRp4,0.3333333333333333,2,2,AAAAGTGATAATTCAGTATT,0,2937780
ompRp4,0.3333333333333333,2,2,AAAACATAGAGAAGAACTTT,0,2908833
ompRp4,0.3333333333333333,2,2,AAAAATTTAGCCCAACCAGA,0,2932111
ompRp4,0.5,1,1,TTTTGCCTGCCCGTACGTTG,0,2912738
ompRp4,0.5,1,1,TTTTCCATCACCGACGATCT,0,2918989
ompRp4,0.5,1,1,TTTTATTACCTTCAACCCGG,0,2925584
ompRp4,0.5,1,1,TTTGTTAAATACGAGGACAC,0,2925703
ompRp4,0.5,1,1,TTTGGTCTCTTAGGCTTCCA,0,2933997
ompRp4,0.5,1,1,TTTGGTCGGGGTGCCTATGC,0,2909086
ompRp4,0.5,1,1,TTTGGCCCCGCCGTGAATGA,0,2930191
ompRp4,0.5,1,1,TTTGCATTGTTTCAGCACCA,0,2914544
ompRp4,0.5,1,1,TTTCTGTTAAATCTCGCCCA,0,2934753
ompRp4,0.5,1,1,TTTCTCACCAATGCACAGCT,0,2928624
ompRp4,0.5,1,1,TTTCGGACTGGTGAGCGAAT,0,2909787
ompRp4,0.5,1,1,TTTCGCGATGGTTACCTTCT,0,2928780
ompRp4,0.5,1,1,TTTCGAGGTTAGGTTCGTGC,0,2922734
ompRp4,0.5,1,1,TTTCCTAACCGTTATCAGTG,0,2930607
ompRp4,0.5,1,1,TTTCCGGCGGGGTGTTGTCC,0,2937388
ompRp4,0.5,1,1,TTTCATCTGTGCAACTTCGC,0,2928932
ompRp4,0.5,1,1,TTTATCTCTCTAGTTTAGAA,0,2924859
ompRp4,0.5,1,1,TTTATCTACGAGCTTTTAGT,0,2907751
ompRp4,0.5,1,1,TTTATACGCTCATTAGACAT,0,2911488
ompRp4,0.5,1,1,TTTATACCGCATATGTGTAC,0,2929794
ompRp4,0.5,1,1,TTTAGGGGGGAGCCATATTA,0,2933292
ompRp4,0.5,1,1,TTTAGAAGTACCTCATTTAC,0,2913339
ompRp4,0.5,1,1,TTTACTTTCATACAGTATTG,0,2916105
ompRp4,0.5,1,1,TTTACTCTTATGATGTGTGG,0,2931564
ompRp4,0.5,1,1,TTGTTGGATGGGCTCTTTCG,0,2914972
ompRp4,0.5,1,1,TTGTTGCCGTCACTCAATGG,0,2933049
ompRp4,0.5,1,1,TTGTTATCGTTGCCGGAAAT,0,2918696
ompRp4,0.5,1,1,TTGTGCTAAGAAGTGAGATT,0,2912002
ompRp4,0.5,1,1,TTGTCAATCGATGGGCTGTT,0,2924216
ompRp4,0.5,1,1,TTGGCCTCGTCCAAAGTAAT,0,2921017
ompRp4,0.5,1,1,TTGGCATCACGGACGGCCTT,0,2915405
ompRp4,0.5,1,1,TTGGCACTTACCTACTTTAC,0,2924470
ompRp4,0.5,1,1,TTGCTTTAGATCCTGCGTGG,0,2925367
ompRp4,0.5,1,1,TTGCTTCTATATCCAGGCGA,0,2908945
ompRp4,0.5,1,1,TTGCTAGGCTCATGAGCCTC,0,2925431
ompRp4,0.5,1,1,TTGCGTCATGTTAGGCTGCC,0,2908071
ompRp4,0.5,1,1,TTGCCTGTCATTTTCAAGTC,0,2909797
ompRp4,0.5,1,1,TTGCCGAGGGCAAGGGGTCA,0,2925334
ompRp4,0.5,1,1,TTGAGCTTCAAACCGAGAGG,0,2909867
ompRp4,0.5,1,1,TTCTTGCACATGATTGTGCT,0,2911248
ompRp4,0.5,1,1,TTCTTGACAGGGGAGTTTAC,0,2926777
ompRp4,0.5,1,1,TTCTCCCGCCGGTAATAGAT,0,2909390
ompRp4,0.5,1,1,TTCTCACAGGAATTAATGGG,0,2915968
ompRp4,0.5,1,1,TTCTATATCATGGTGCACAC,0,2924133
ompRp4,0.5,1,1,TTCAAGAGAAAATAGCTTCT,0,2923343
ompRp4,0.5,1,1,TTATTGCAAGAAGCGAGGGG,0,2907897
ompRp4,0.5,1,1,TTATAGCCGAGTTCGTAACC,0,2922199
ompRp4,0.5,1,1,TTAGTAGGTACCGATGCTAA,0,2910180
ompRp4,0.5,1,1,TTAGTAAGGGACAATAGTAT,0,2928141
ompRp4,0.5,1,1,TTAGGCTCAGCGGTCAGACA,0,2934039
ompRp4,0.5,1,1,TTACGTCCTTAAGCAATGTC,0,2929561
ompRp4,0.5,1,1,TTACCGAGGTTCTTCCTTAA,0,2918186
ompRp4,0.5,1,1,TTAAGTCGCTAGCTTGGAGT,0,2936530
ompRp4,0.5,1,1,TTAAGTCACGCAATTGTACT,0,2919823
ompRp4,0.5,1,1,TGTTTACACGCAGTCATGGG,0,2910504
ompRp4,0.5,1,1,TGTTGTTTGAATATTAAGTG,0,2914202
ompRp4,0.5,1,1,TGTTGGAACGCGCGTCAGTA,0,2917132
ompRp4,0.5,1,1,TGTTATGCTTCTTTAATTAA,0,2916894
ompRp4,0.5,1,1,TGTGCCGTAGACGCGTTAAA,0,2924628
ompRp4,0.5,1,1,TGTGAATGAGAGCCATGTGG,0,2911477
ompRp4,0.5,1,1,TGTCTAACTACGCGAGTGCG,0,2928162
ompRp4,0.5,1,1,TGTCCTGCCCTCCTTATATG,0,2932627
ompRp4,0.5,1,1,TGTCAGTCACTTCAAACGTG,0,2922274
ompRp4,0.5,1,1,TGTATGGCTGCCTAATGATG,0,2915911
ompRp4,0.5,1,1,TGTATCAATGCGAATTCGAA,0,2916760
ompRp4,0.5,1,1,TGTATAAATCTTTATCTACT,0,2932492
ompRp4,0.5,1,1,TGTACGGTCAGTTATGACAT,0,2919267
ompRp4,0.5,1,1,TGTACGCACCCGGTTGTGTG,0,2910862
ompRp4,0.5,1,1,TGGTTTTATCTGTTGACCAG,0,2931855
ompRp4,0.5,1,1,TGGTTGTTACTCTAGCTACG,0,2908303
ompRp4,0.5,1,1,TGGTTAAAACGAGAGGTTCG,0,2926394
ompRp4,0.5,1,1,TGGTCGTGTGACTCGGTTTT,0,2916191
ompRp4,0.5,1,1,TGGTCCCTCTGCAATTAACT,0,2931351
ompRp4,0.5,1,1,TGGTAGGGCTTTAGGGGCAG,0,2936931
ompRp4,0.5,1,1,TGGGTACCCAAGATGGGGGG,0,2937144
ompRp4,0.5,1,1,TGGGGCCGATAAGCGTGCCA,0,2917760
ompRp4,0.5,1,1,TGGGGCAGTAGGCTGGCCTG,0,2913429
ompRp4,0.5,1,1,TGGGATCTGCACCCACGGGA,0,2931076
ompRp4,0.5,1,1,TGGGAGCGTAGAGTTAGTAA,0,2922128
ompRp4,0.5,1,1,TGGGAGATACTCGGAACGAT,0,2913628
ompRp4,0.5,1,1,TGGCGTACTAACAATTGTAA,0,2937221
ompRp4,0.5,1,1,TGGCACAAGCATTGATCTTG,0,2923169
ompRp4,0.5,1,1,TGGATTTCATTTTCGACGCT,0,2917907
ompRp4,0.5,1,1,TGGAGTCCGGACCGATATGC,0,2928230
ompRp4,0.5,1,1,TGGAGCGGAATAACGTTTGA,0,2909225
ompRp4,0.5,1,1,TGGACCCAAGGAGCTTCACT,0,2925821
ompRp4,0.5,1,1,TGGAATAGTAGACCACAAAG,0,2921236
ompRp4,0.5,1,1,TGCTTCAGCCTACTCCCTAA,0,2932449
ompRp4,0.5,1,1,TGCTGGTTGTCCGAGACTAG,0,2919852
ompRp4,0.5,1,1,TGCTCTACAGCGGCGTCATG,0,2914847
ompRp4,0.5,1,1,TGCTACTGAACTTATTGCCA,0,2921265
ompRp4,0.5,1,1,TGCGTTATCGACTCTTGAGC,0,2933083
ompRp4,0.5,1,1,TGCGTCGAACGGGATAGGGT,0,2931107
ompRp4,0.5,1,1,TGCGTATGACGGTACGTGCC,0,2913093
ompRp4,0.5,1,1,TGCGGAATTCACAGCAGACA,0,2920779
ompRp4,0.5,1,1,TGCGATGATCTGTGAGGTGA,0,2922412
ompRp4,0.5,1,1,TGCGACATGGTTATTCACTC,0,2909183
ompRp4,0.5,1,1,TGCCGAGGCCAGTATTTCAG,0,2919567
ompRp4,0.5,1,1,TGCCCGGCTAGAGCAAGATG,0,2921106
ompRp4,0.5,1,1,TGCCAGAACAAAAGGGGTGC,0,2932025
ompRp4,0.5,1,1,TGCCACGGTCGGCTTGCTGA,0,2928446
ompRp4,0.5,1,1,TGCCAATTGCGAAGCGTGCT,0,2909244
ompRp4,0.5,1,1,TGCAGTTGTCAAGTGCTTGA,0,2932469
ompRp4,0.5,1,1,TGCAACACATGCCCACACGT,0,2926379
ompRp4,0.5,1,1,TGATTAGGGGATTTAGCTTC,0,2917039
ompRp4,0.5,1,1,TGATGTCGTAGTTGCTTCCA,0,2922377
ompRp4,0.5,1,1,TGATGTCCGTGTGGAATTTA,0,2934097
ompRp4,0.5,1,1,TGATGGGGTGTAGTTTTCAC,0,2935508
ompRp4,0.5,1,1,TGATGCATCGTGGAAAACTC,0,2927548
ompRp4,0.5,1,1,TGATCTTTCCATATGTATAC,0,2910012
ompRp4,0.5,1,1,TGATCACAAGCGCCTACGTT,0,2928097
ompRp4,0.5,1,1,TGAGTCCCACCAGGAGTGTA,0,2926135
ompRp4,0.5,1,1,TGAGGTGACACACAGGACGA,0,2937932
ompRp4,0.5,1,1,TGAGGGCATCACGTAAAGTG,0,2934872
ompRp4,0.5,1,1,TGACCAGAGGCCCTTAGCTG,0,2910143
ompRp4,0.5,1,1,TGACATCCTACCGGTCAACT,0,2923581
ompRp4,0.5,1,1,TGAATGTCCTATTGTGTTTA,0,2920495
ompRp4,0.5,1,1,TGAATACATCTGTGGCACGT,0,2937304
ompRp4,0.5,1,1,TGAAATGCTTTATCTTGATT,0,2935157
ompRp4,0.5,1,1,TCTTTTTTGCCCGGACTTAC,0,2933531
ompRp4,0.5,1,1,TCTTGTGCAATTATCACTCT,0,2934076
ompRp4,0.5,1,1,TCTTGCTCGAGGAGGAGCTC,0,2923822
ompRp4,0.5,1,1,TCTGTTATCGTGTAGCTGCA,0,2934619
ompRp4,0.5,1,1,TCTGTAAAACGAGGTAAGAT,0,2915255
ompRp4,0.5,1,1,TCTGGTGCCAGATCATGAGT,0,2918965
ompRp4,0.5,1,1,TCTGCGGATCATTCCCCTAA,0,2925797
ompRp4,0.5,1,1,TCTGATGCTGCACGCCAATG,0,2915652
ompRp4,0.5,1,1,TCTCTCGGGCAGCATAAGCA,0,2919033
ompRp4,0.5,1,1,TCTCTCCTATGCGGGCGAGT,0,2917011
ompRp4,0.5,1,1,TCTCGGAACCTCGTTGGAGA,0,2913683
ompRp4,0.5,1,1,TCTCGATAATCCTCCGCGTT,0,2911734
ompRp4,0.5,1,1,TCTCCAGAACGCTACGTGAG,0,2937653
ompRp4,0.5,1,1,TCTAATGTCAGCTCTAAACA,0,2932202
ompRp4,0.5,1,1,TCTAAGGCACAGACGCAGTG,0,2918397
ompRp4,0.5,1,1,TCTAACTTCATTCCGTCTAC,0,2934583
ompRp4,0.5,1,1,TCGTGCATCAGGTATTAGAA,0,2923241
ompRp4,0.5,1,1,TCGTCTCTTCACAGCGGTTT,0,2911722
ompRp4,0.5,1,1,TCGTCTAGGCGGTAAACGAA,0,2927268
ompRp4,0.5,1,1,TCGTCCGGTGACCGCAGAGC,0,2929244
ompRp4,0.5,1,1,TCGTCCGCGATTAGGCGCGC,0,2927056
ompRp4,0.5,1,1,TCGGTCTTAAGGTTTGCAGA,0,2920200
ompRp4,0.5,1,1,TCGGGCTTGCCCGCAATCGA,0,2921125
ompRp4,0.5,1,1,TCGGCCCAAAATTCAAATGT,0,2917619
ompRp4,0.5,1,1,TCGGCCACCTCATAGCCTCC,0,2937868
ompRp4,0.5,1,1,TCGGAGTGAAACGGAGTAGC,0,2934079
ompRp4,0.5,1,1,TCGGAGCCCGCCTCTCAAAT,0,2918231
ompRp4,0.5,1,1,TCGCTTGAGCTATACCGGAA,0,2929212
ompRp4,0.5,1,1,TCGCGGGAGTCGGATAAAGA,0,2929670
ompRp4,0.5,1,1,TCGCGAAGATAACGAGGTAG,0,2914722
ompRp4,0.5,1,1,TCGCCGCACTTGAGGGTGTC,0,2913880
ompRp4,0.5,1,1,TCGCCCTTGGCCGCAGGTAT,0,2911831
ompRp4,0.5,1,1,TCGCCCGTACAATGGGATAA,0,2927070
ompRp4,0.5,1,1,TCGCATAGACACCCGGAGTT,0,2924311
ompRp4,0.5,1,1,TCGCACTCAAGCCATGAATC,0,2936543
ompRp4,0.5,1,1,TCGATTACAGTCAGTCAGCA,0,2912894
ompRp4,0.5,1,1,TCGAGGTCGGCAACGCAGCA,0,2925658
ompRp4,0.5,1,1,TCGAAGGGTATTGGACTAAC,0,2928220
ompRp4,0.5,1,1,TCGAAAGGATATGGACTCTC,0,2924687
ompRp4,0.5,1,1,TCCTTCATGTAGACATTTCC,0,2927045
ompRp4,0.5,1,1,TCCTACTGTCATGCTACTTG,0,2929530
ompRp4,0.5,1,1,TCCGTGACAATCGCCAAGAC,0,2926263
ompRp4,0.5,1,1,TCCGTCGTCCGAAGAGTTTG,0,2917494
ompRp4,0.5,1,1,TCCGTCCTGTTGTTTGCGTC,0,2935064
ompRp4,0.5,1,1,TCCGCAATGGTGAACTCACC,0,2935415
ompRp4,0.5,1,1,TCCGAACTTACTCCAGAAGA,0,2930512
ompRp4,0.5,1,1,TCCCTTTCGCTCTCACTTTA,0,2922871
ompRp4,0.5,1,1,TCCCGTGGGGGACACATTCG,0,2918525
ompRp4,0.5,1,1,TCCCGGCGGCTGCACTTGGT,0,2922890
ompRp4,0.5,1,1,TCCAAGTTCTGAAGCTCGCT,0,2928874
ompRp4,0.5,1,1,TCATAAGTTACTGACAACTA,0,2917226
ompRp4,0.5,1,1,TCAGGTTAGGACCTAGATTT,0,2925467
ompRp4,0.5,1,1,TCAGCCACAGTGGGGTTTCT,0,2909545
ompRp4,0.5,1,1,TCAGCAGTCCAGTCGGTCAA,0,2928734
ompRp4,0.5,1,1,TCAGAGATATTCTTCTTCCT,0,2918714
ompRp4,0.5,1,1,TCACTTAGGTCTTGTCCTGT,0,2914873
ompRp4,0.5,1,1,TCACCCAGTGTAGATATGTT,0,2922819
ompRp4,0.5,1,1,TCACCAGAAATGGTAGTACA,0,2918769
ompRp4,0.5,1,1,TCACCACAGCCTGATCGATA,0,2935358
ompRp4,0.5,1,1,TCAATGAGAGAGTAGTACAG,0,2915519
ompRp4,0.5,1,1,TCAACGCCTCAATGCGGGAG,0,2924789
ompRp4,0.5,1,1,TCAACATATATGGCTAAATT,0,2937582
ompRp4,0.5,1,1,TCAACAGAGCGATAGTACGG,0,2922275
ompRp4,0.5,1,1,TCAAATACTAGGAGCCGAAG,0,2936149
ompRp4,0.5,1,1,TATTTTTTAAGGTAACAAAG,0,2928085
ompRp4,0.5,1,1,TATTGCTGTTCGTTTCGGTT,0,2910004
ompRp4,0.5,1,1,TATTCTGGACAGGGATGTTA,0,2933034
ompRp4,0.5,1,1,TATTCATGAAGTAGTCATAC,0,2931746
ompRp4,0.5,1,1,TATTCACGGCCTCTTCGCGG,0,2922154
ompRp4,0.5,1,1,TATTACTCGTGTAACACTAG,0,2920046
ompRp4,0.5,1,1,TATGTAGATTGGCTTGAAGG,0,2924005
ompRp4,0.5,1,1,TATGGTCTAAGACGGTGTGA,0,2914273
ompRp4,0.5,1,1,TATGGGAGCGAGTTTACATG,0,2936599
ompRp4,0.5,1,1,TATCTGTTGTCGGCCCAGAT,0,2926932
ompRp4,0.5,1,1,TATCCGGTTTAGAGTAGCGT,0,2934397
ompRp4,0.5,1,1,TATCCGGAGATAGTGTGGAA,0,2937992
ompRp4,0.5,1,1,TATCCCCGCAGGTAGAAGCA,0,2932179
ompRp4,0.5,1,1,TATCCAGAGACATAGTGGCA,0,2935672
ompRp4,0.5,1,1,TATCAACAGGGGAGTAAGGT,0,2927108
ompRp4,0.5,1,1,TATATCTTGTCAATAAAAGT,0,2932753
ompRp4,0.5,1,1,TATATAAAAATCTCCTGTTG,0,2917481
ompRp4,0.5,1,1,TATACAGGTCTACATCCTGT,0,2921144
ompRp4,0.5,1,1,TATAAGTTACGCGTTACATT,0,2929649
ompRp4,0.5,1,1,TAGGTCCAGGACAGGCTTTC,0,2934909
ompRp4,0.5,1,1,TAGGGAATTGCTGTGACCAA,0,2925285
ompRp4,0.5,1,1,TAGGCATCGCCCAGAATTCA,0,2921970
ompRp4,0.5,1,1,TAGGACAGGTCAAGTCTTTC,0,2922118
ompRp4,0.5,1,1,TAGCTAATTCGAGTTCATCA,0,2916960
ompRp4,0.5,1,1,TAGCGTTCTCAGGAAGGAGT,0,2920497
ompRp4,0.5,1,1,TAGCGTCTGAGTAATGACAG,0,2924993
ompRp4,0.5,1,1,TAGAGGTTACTCATTGGACT,0,2923617
ompRp4,0.5,1,1,TAGAGGTGCCCTCGCTAGGT,0,2922916
ompRp4,0.5,1,1,TACTCCCCCCGGCCAGGGCT,0,2926242
ompRp4,0.5,1,1,TACTCAACTGTTTCCGTAGT,0,2912900
ompRp4,0.5,1,1,TACGTGTCCCGTTTTCTGAA,0,2913557
ompRp4,0.5,1,1,TACGGAGAGAACTCAGGAGG,0,2914145
ompRp4,0.5,1,1,TACCCTGCCACTTGGTTATC,0,2925713
ompRp4,0.5,1,1,TACCCTAGCCGTCATTGAGT,0,2934772
ompRp4,0.5,1,1,TACCCAAAAGCTCTGGGACC,0,2929057
ompRp4,0.5,1,1,TACAGGGCCTATATTTGAAA,0,2933331
ompRp4,0.5,1,1,TACAGGCAGTGTGAAACGCG,0,2933556
ompRp4,0.5,1,1,TACAACCTGGTCACGAGGTT,0,2911261
ompRp4,0.5,1,1,TACAAATTCTGGCCTAGAAG,0,2912940
ompRp4,0.5,1,1,TACAAACTAACCAACGGACA,0,2927277
ompRp4,0.5,1,1,TAATTCACTCGCTCGGAATG,0,2919623
ompRp4,0.5,1,1,TAATCACGGGCTAGGAAGAC,0,2914617
ompRp4,0.5,1,1,TAAGGGTGGTATCAGGTAGG,0,2911355
ompRp4,0.5,1,1,TAAGCTCCTCGCGGCGCTGG,0,2912954
ompRp4,0.5,1,1,TAACGGAGGCCCAGCCAATT,0,2926991
ompRp4,0.5,1,1,TAACGGACACTAGATCGCCC,0,2923583
ompRp4,0.5,1,1,TAACGACCGGTCGGGGCTTC,0,2911667
ompRp4,0.5,1,1,TAACCGGCGCTGCTGGCAAT,0,2929570
ompRp4,0.5,1,1,TAACATGTCACCTGCGAAAA,0,2935696
ompRp4,0.5,1,1,TAACAATATGCCAATTTCTA,0,2908184
ompRp4,0.5,1,1,TAACAATATAAATACATAAT,0,2915307
ompRp4,0.5,1,1,TAAATGAACTACGAAATCGC,0,2920083
ompRp4,0.5,1,1,TAAACTGGGTGTCCCTGCAG,0,2916045
ompRp4,0.5,1,1,TAAACACCAGGGTTTGGCAT,0,2917929
ompRp4,0.5,1,1,TAAAACTGATAAGGTCAACT,0,2922927
ompRp4,0.5,1,1,TAAAACTCGGGTGCTTTGAA,0,2919308
ompRp4,0.5,1,1,TAAAACATACCGTATGATTA,0,2910123
ompRp4,0.5,1,1,GTTTTGCCCTGCTGGAGGCA,0,2931822
ompRp4,0.5,1,1,GTTTTCAGTTCGATTATCCA,0,2933298
ompRp4,0.5,1,1,GTTTTATATAAGATTCCTCA,0,2908064
ompRp4,0.5,1,1,GTTTGTATTGGAAATAGAAG,0,2931540
ompRp4,0.5,1,1,GTTTGATCTATAGTTTGGTA,0,2931124
ompRp4,0.5,1,1,GTTTGAGTGGCCACTTTCGC,0,2929369
ompRp4,0.5,1,1,GTTTCTACCCCCTGGTAGTC,0,2937577
ompRp4,0.5,1,1,GTTTCGATTCCAATGCCAGC,0,2937105
ompRp4,0.5,1,1,GTTTAAATACTGTCAACTGA,0,2927085
ompRp4,0.5,1,1,GTTGTTATAGACACGGAACC,0,2934450
ompRp4,0.5,1,1,GTTGTATCCCATTCCCTGGT,0,2917914
ompRp4,0.5,1,1,GTTGCCTTCAAAGTGCGGAA,0,2928698
ompRp4,0.5,1,1,GTTGCCTCTAGTCCTAGATA,0,2911991
ompRp4,0.5,1,1,GTTCTATTACTCCTCGCTTA,0,2919320
ompRp4,0.5,1,1,GTTCGGAAGCATCTGGAGGG,0,2933442
ompRp4,0.5,1,1,GTTCGCTCTGGCCACGCAAA,0,2922701
ompRp4,0.5,1,1,GTTCCAGCATCCTACATGAA,0,2934188
ompRp4,0.5,1,1,GTTCAGCAAAAGCACTCATT,0,2914425
ompRp4,0.5,1,1,GTTAGTGTACCGCAGATACT,0,2936964
ompRp4,0.5,1,1,GTTAGGAGCAACTCTCTATG,0,2914309
ompRp4,0.5,1,1,GTTACGACTCATCTTCTGGG,0,2923122
ompRp4,0.5,1,1,GTTACAACCCTTGAACATTT,0,2937166
ompRp4,0.5,1,1,GTGTTGCTTTACCAAGAATG,0,2923372
ompRp4,0.5,1,1,GTGTTAGTCCGGATCGGTCA,0,2936791
ompRp4,0.5,1,1,GTGTGGATCCCCGCGTGACT,0,2934469
ompRp4,0.5,1,1,GTGTGGAGAATAGAATACGG,0,2919663
ompRp4,0.5,1,1,GTGGCTGTCTAGGCGCGAGT,0,2930272
ompRp4,0.5,1,1,GTGGCATCTGCACAGTTGCC,0,2908360
ompRp4,0.5,1,1,GTGGCAAGGAAATTCACCGG,0,2931565
ompRp4,0.5,1,1,GTGGATTGAAGCACGCCTAT,0,2937347
ompRp4,0.5,1,1,GTGGACAGTTGCCACAGCCC,0,2922731
ompRp4,0.5,1,1,GTGCGATTTGATCAGCTAGA,0,2920457
ompRp4,0.5,1,1,GTGCCTCGGAGGACTTGCGA,0,2930031
ompRp4,0.5,1,1,GTGCCGAGGAGGCATGTAAA,0,2920701
ompRp4,0.5,1,1,GTGCAATGTTGCACCACACA,0,2931783
ompRp4,0.5,1,1,GTGAGTTTTATATGGTATGA,0,2918576
ompRp4,0.5,1,1,GTGACGTTGCGCACCCTTCT,0,2908707
ompRp4,0.5,1,1,GTGAATTATTACGATATACA,0,2927405
ompRp4,0.5,1,1,GTGAAGCAAAGGCGTGCTAT,0,2911558
ompRp4,0.5,1,1,GTGAACGCGGATAATCGCGA,0,2908928
ompRp4,0.5,1,1,GTGAAATATAGTAGAGTAGC,0,2914634
ompRp4,0.5,1,1,GTCTTGTACAACGGAGCCAG,0,2936546
ompRp4,0.5,1,1,GTCTGTCCTAGTCAGTCGCT,0,2914142
ompRp4,0.5,1,1,GTCTGGTCCGCTCAAAGATA,0,2928562
ompRp4,0.5,1,1,GTCTGCGATCCTTTCCTAAA,0,2936067
ompRp4,0.5,1,1,GTCTCACTGAAGTTCACCGC,0,2909212
ompRp4,0.5,1,1,GTCGGTAAAGAAATTGTGTG,0,2921001
ompRp4,0.5,1,1,GTCGGATGGGGTTGACGCAT,0,2907856
ompRp4,0.5,1,1,GTCGCCCTGAGATGTACGGG,0,2933736
ompRp4,0.5,1,1,GTCCGTCCTGAGTGGAAGAG,0,2917971
ompRp4,0.5,1,1,GTCCCAACAAGTGTGTAGGG,0,2912184
ompRp4,0.5,1,1,GTCATGCTATGTGCCAATGT,0,2915330
ompRp4,0.5,1,1,GTCAGGAATGGCCGACCGTA,0,2929803
ompRp4,0.5,1,1,GTCAGAACTTATGTTGATTA,0,2928390
ompRp4,0.5,1,1,GTCACGGCCTCTGAACATTG,0,2919844
ompRp4,0.5,1,1,GTCAAACAATGAGCGGTTAT,0,2933614
ompRp4,0.5,1,1,GTATTTGCCGTACTCGTGAA,0,2937341
ompRp4,0.5,1,1,GTATTGGCGCTAAACTAGCG,0,2918130
ompRp4,0.5,1,1,GTATCGCACAAGGGCCCGTT,0,2916813
ompRp4,0.5,1,1,GTATATATATACCTCGGCAG,0,2933148
ompRp4,0.5,1,1,GTATACACTGGGATGAAAGC,0,2929169
ompRp4,0.5,1,1,GTAGTTGCGTCCTCAACAAC,0,2920547
ompRp4,0.5,1,1,GTAGTGGGATTTCGCGACCA,0,2919469
ompRp4,0.5,1,1,GTAGGCCATCGGCAGTTCTG,0,2929748
ompRp4,0.5,1,1,GTAGCTTGTCAAAACGCGCT,0,2935300
ompRp4,0.5,1,1,GTAGAATCCGCATAGAAAAC,0,2937058
ompRp4,0.5,1,1,GTACCGGGGGAGTACCTCGG,0,2922019
ompRp4,0.5,1,1,GTACCGATTACGGTAAAATT,0,2914739
ompRp4,0.5,1,1,GTACCCCGCTACTACATCTT,0,2918550
ompRp4,0.5,1,1,GTACCACCGCTGCAGCCGTC,0,2925884
ompRp4,0.5,1,1,GTACAGATATCTCGTATATG,0,2915219
ompRp4,0.5,1,1,GTAATGTCAGGGCCACGTAG,0,2928406
ompRp4,0.5,1,1,GTAATGAAGCTGGTATCGAT,0,2908363
ompRp4,0.5,1,1,GTAATAAGCTTCACAAGTGT,0,2933385
ompRp4,0.5,1,1,GGTTTTTGGAATGCCACGGA,0,2919976
ompRp4,0.5,1,1,GGTTGGTTTCCGAAAGCGAG,0,2915226
ompRp4,0.5,1,1,GGTTCGGGCTAAGGCGATAG,0,2915278
ompRp4,0.5,1,1,GGTTAGGCTCGACCGGCTCA,0,2921689
ompRp4,0.5,1,1,GGTTAAACCTCTCACCATCT,0,2926952
ompRp4,0.5,1,1,GGTGTTTCGAATGACTTAGT,0,2927648
ompRp4,0.5,1,1,GGTGTTGAACTGGAGTGAGG,0,2934044
ompRp4,0.5,1,1,GGTGTCTTTGCACCGGTATC,0,2928465
ompRp4,0.5,1,1,GGTGGTTAGGCACTCTACGT,0,2937082
ompRp4,0.5,1,1,GGTGGCGAGCGCCTAGTGCA,0,2930578
ompRp4,0.5,1,1,GGTGCGGAGGGCGATCACCA,0,2917018
ompRp4,0.5,1,1,GGTGATTCATATGCATGCTC,0,2920446
ompRp4,0.5,1,1,GGTGACACAGTACGCCATCT,0,2911414
ompRp4,0.5,1,1,GGTGAACGGTTGATTACGTT,0,2937971
ompRp4,0.5,1,1,GGTCTGCATACGCTATGCTT,0,2929579
ompRp4,0.5,1,1,GGTCGAAGGCGCATACTAGG,0,2917468
ompRp4,0.5,1,1,GGTCCTCTAGGCACCCCGTA,0,2930428
ompRp4,0.5,1,1,GGTCCGCCTCCCATGTGCAA,0,2926238
ompRp4,0.5,1,1,GGTCCGATGCACTCGGGCGG,0,2923161
ompRp4,0.5,1,1,GGTCCCACTGCGAACGGGCA,0,2931705
ompRp4,0.5,1,1,GGTAGTTCAGAGCGGATTCT,0,2919410
ompRp4,0.5,1,1,GGTAACCCCTCGAAGCCCAA,0,2907973
ompRp4,0.5,1,1,GGTAAAGTGCATCCCCCGAA,0,2920206
ompRp4,0.5,1,1,GGGTGCATAAGAACTGGTAG,0,2915350
ompRp4,0.5,1,1,GGGTCCGTGTTAGCCTAATG,0,2926487
ompRp4,0.5,1,1,GGGTATGATTCCAGCAACGT,0,2932225
ompRp4,0.5,1,1,GGGTATGAGCGTTCTTCTAT,0,2932435
ompRp4,0.5,1,1,GGGTAGTCATTCTCAGGAGG,0,2919966
ompRp4,0.5,1,1,GGGGTGGCTTCTCCAAAGTT,0,2916445
ompRp4,0.5,1,1,GGGGTGGCTATGTATGGTTC,0,2913132
ompRp4,0.5,1,1,GGGGTCATCGTAAGAATACT,0,2931897
ompRp4,0.5,1,1,GGGGTCACTCCGACGAACCA,0,2927360
ompRp4,0.5,1,1,GGGGGCTACGTGATTGTACA,0,2909562
ompRp4,0.5,1,1,GGGGCGTATCCCTAAGCCAT,0,2924496
ompRp4,0.5,1,1,GGGGCAAGGAGGAGCAGTTT,0,2937993
ompRp4,0.5,1,1,GGGGACAGACGCGTGGGTGA,0,2915016
ompRp4,0.5,1,1,GGGCTCTGTACCCGGTCAGC,0,2910934
ompRp4,0.5,1,1,GGGCGAGGACAATGACCGAA,0,2915620
ompRp4,0.5,1,1,GGGCCGCGGGCGATGGCCCT,0,2937759
ompRp4,0.5,1,1,GGGATAAGATGAATTGCGGA,0,2930365
ompRp4,0.5,1,1,GGGAGCTAGCCGGGCCGCGT,0,2912951
ompRp4,0.5,1,1,GGGACGACCCAGGCGATCTA,0,2914520
ompRp4,0.5,1,1,GGGACATTGAACCAGATTGG,0,2933210
ompRp4,0.5,1,1,GGGAACTCCAAAGGCAATGA,0,2914802
ompRp4,0.5,1,1,GGCTGGATTGCAGATCATTA,0,2916761
ompRp4,0.5,1,1,GGCTCTTTTAAAGACGACGA,0,2934856
ompRp4,0.5,1,1,GGCTCTTGAGGGTCTAGAAG,0,2909346
ompRp4,0.5,1,1,GGCTCGCAGACCCATTCGAG,0,2917166
ompRp4,0.5,1,1,GGCTCGCAATCCACACAAGC,0,2918005
ompRp4,0.5,1,1,GGCTAACTTAAGGCTAGGTC,0,2916228
ompRp4,0.5,1,1,GGCGGATACCCCCTTCAAGG,0,2912692
ompRp4,0.5,1,1,GGCGATATAGGGTGTCTATG,0,2930181
ompRp4,0.5,1,1,GGCGACCGTAATAGTACTCC,0,2920975
ompRp4,0.5,1,1,GGCCTGTTCAGCTGCAACGG,0,2930896
ompRp4,0.5,1,1,GGCCGTTTCATTTATACGGA,0,2925268
ompRp4,0.5,1,1,GGCCGGAAAACAGGGCGTTA,0,2910539
ompRp4,0.5,1,1,GGCCAGGATATCTATTTGTG,0,2927366
ompRp4,0.5,1,1,GGCCACACCGCATTACTGGG,0,2908083
ompRp4,0.5,1,1,GGCATGAGAACAGTTTGAGT,0,2917615
ompRp4,0.5,1,1,GGCATAGGCAGAATCAACCA,0,2917050
ompRp4,0.5,1,1,GGCAGGCGCGTTAGAGGACA,0,2930812
ompRp4,0.5,1,1,GGCAATTTCGAGTCCGTAGT,0,2935567
ompRp4,0.5,1,1,GGATGATAAGGTAAAGCCAG,0,2912925
ompRp4,0.5,1,1,GGATGACGGAAAATCGTGCT,0,2922177
ompRp4,0.5,1,1,GGAGGGTGCATAGCTACTCT,0,2909096
ompRp4,0.5,1,1,GGAGGAGACCGTATTTCCGG,0,2910810
ompRp4,0.5,1,1,GGAGCGTAGATGCCCCGACG,0,2931316
ompRp4,0.5,1,1,GGAGCCTTAGGCATTTTTTC,0,2913922
ompRp4,0.5,1,1,GGAGCACTATGTGGTGGTTC,0,2917867
ompRp4,0.5,1,1,GGAGAAGGCTCGGTCACGAT,0,2915401
ompRp4,0.5,1,1,GGACTTGTAAATAAGGAGCT,0,2912476
ompRp4,0.5,1,1,GGACTTGACGTGTGCCCGTC,0,2919999
ompRp4,0.5,1,1,GGACTTCAGCGTGTCGTGGA,0,2937899
ompRp4,0.5,1,1,GGACGTCTTACCGAAGGGAG,0,2929833
ompRp4,0.5,1,1,GGACGGCTCGAAGCCGGGAA,0,2918517
ompRp4,0.5,1,1,GGAATAGAGGGGGGGCGTTA,0,2932721
ompRp4,0.5,1,1,GCTTGTGTGAACGAACGAAT,0,2929575
ompRp4,0.5,1,1,GCTTCGTGTGACTTTATGAA,0,2930895
ompRp4,0.5,1,1,GCTTCATGGAAGTCGGGGCA,0,2920465
ompRp4,0.5,1,1,GCTGCGGAATGAGTAACTAA,0,2932188
ompRp4,0.5,1,1,GCTGCAGCCATACTCTTCGC,0,2915622
ompRp4,0.5,1,1,GCTGCACGTGCGTGTGTCGA,0,2925960
ompRp4,0.5,1,1,GCTGCAATTGGGGTCGAGTG,0,2935174
ompRp4,0.5,1,1,GCTGATCCATGCGGTACTCA,0,2920472
ompRp4,0.5,1,1,GCTCTAGAGTTACGCGATAT,0,2936730
ompRp4,0.5,1,1,GCTCGGCCAGAATTTAGTTA,0,2922615
ompRp4,0.5,1,1,GCTCCACCCTTGCCCGGTCA,0,2924176
ompRp4,0.5,1,1,GCTCATTAGCGTTTAGTGTT,0,2926052
ompRp4,0.5,1,1,GCTCATAACGGGTCCCAGTT,0,2922583
ompRp4,0.5,1,1,GCTCAGAAGTAGCAAGGAAT,0,2920821
ompRp4,0.5,1,1,GCTCACATGACTAACTAACC,0,2933806
ompRp4,0.5,1,1,GCTAGTGCTGCGCTGAATGC,0,2924736
ompRp4,0.5,1,1,GCTAGTAAGTTGTGTAGGCA,0,2936232
ompRp4,0.5,1,1,GCTACCAGCGGTGTCGAGCC,0,2919592
ompRp4,0.5,1,1,GCGTTTTTGAGTACGGGTTA,0,2927409
ompRp4,0.5,1,1,GCGTTTTCAAAGGGAAGCTC,0,2936335
ompRp4,0.5,1,1,GCGTTCCGTAACTAATTTTT,0,2918045
ompRp4,0.5,1,1,GCGGGTAGCACTATTGATGT,0,2915078
ompRp4,0.5,1,1,GCGGGATGCACCAACGGTTG,0,2923247
ompRp4,0.5,1,1,GCGGGATACCTGATATCGAC,0,2915977
ompRp4,0.5,1,1,GCGGCGACGCGGATCACGTC,0,2930341
ompRp4,0.5,1,1,GCGGAATTAGGACGCAGATC,0,2929062
ompRp4,0.5,1,1,GCGCTTGGATGTGGCTTCTA,0,2918532
ompRp4,0.5,1,1,GCGCGAGATAGTGCTAGTTC,0,2928589
ompRp4,0.5,1,1,GCGCATGTACGAACGAGTAT,0,2935829
ompRp4,0.5,1,1,GCGCAGTCGGATTGGGCTAC,0,2921318
ompRp4,0.5,1,1,GCGCAAGCGCCCTTATGGCC,0,2917164
ompRp4,0.5,1,1,GCGATGCACAGAGGAACCCC,0,2925393
ompRp4,0.5,1,1,GCGAAGACCGCAGGAAATAT,0,2916325
ompRp4,0.5,1,1,GCGAACGAACATAATGTGGT,0,2922656
ompRp4,0.5,1,1,GCCTTACATGTCCCCAGTTC,0,2937944
ompRp4,0.5,1,1,GCCTGGGTCTTGTTTCTTCG,0,2912262
ompRp4,0.5,1,1,GCCTCAAGCCAAATTGTTTC,0,2923577
ompRp4,0.5,1,1,GCCGCTCTGTTAGTGTCTGT,0,2934083
ompRp4,0.5,1,1,GCCGAGCCAGGGCCTCCTTA,0,2936583
ompRp4,0.5,1,1,GCCCATGTCTCCAGCGGTTG,0,2923205
ompRp4,0.5,1,1,GCCAATTTTTACAATATTGG,0,2919940
ompRp4,0.5,1,1,GCATTCTTCGCCTGTCCTCA,0,2915979
ompRp4,0.5,1,1,GCATGGCCTAATGAGGGTGC,0,2925789
ompRp4,0.5,1,1,GCATCCCTGACTTGTAACGT,0,2926059
ompRp4,0.5,1,1,GCATAGTCGGCAGTTTTGCC,0,2921214
ompRp4,0.5,1,1,GCATAATTGAGTGAGGTTAC,0,2932389
ompRp4,0.5,1,1,GCATAACAGAAAGGGAATAT,0,2927678
ompRp4,0.5,1,1,GCAGTAGCTCACACTTCACG,0,2912258
ompRp4,0.5,1,1,GCAGGGAATCTGTGTGCGTG,0,2925773
ompRp4,0.5,1,1,GCAGCTTTATACGTTTACAC,0,2919830
ompRp4,0.5,1,1,GCACTTCAGGAATGGAAAAG,0,2935134
ompRp4,0.5,1,1,GCACGTTATAGTCCTGTGTC,0,2937222
ompRp4,0.5,1,1,GCACGCATGGACGGTACCCC,0,2908735
ompRp4,0.5,1,1,GCACCGGTGGTGGTGTAGGT,0,2929123
ompRp4,0.5,1,1,GCAAGCCCTAAAAGCATACT,0,2917999
ompRp4,0.5,1,1,GCAACGTCACTCGATATACG,0,2936061
ompRp4,0.5,1,1,GCAACGGACCATAAACAATA,0,2932566
ompRp4,0.5,1,1,GATTTTAAATGTAGGCAGAG,0,2926671
ompRp4,0.5,1,1,GATTGCGGTCTATTGTGGGT,0,2923896
ompRp4,0.5,1,1,GATTATGGTCGTCTGTTCAC,0,2921876
ompRp4,0.5,1,1,GATGTTAGTACGTTACCCCC,0,2923069
ompRp4,0.5,1,1,GATGGGTTAAAGCAAGAAGG,0,2909491
ompRp4,0.5,1,1,GATGGGTACGTATCAGGACT,0,2916466
ompRp4,0.5,1,1,GATGGAAAGCGGCCAGCATA,0,2927143
ompRp4,0.5,1,1,GATGCGCGCGGGTCATAGTA,0,2925027
ompRp4,0.5,1,1,GATGCATCGCAGATCTGATA,0,2926362
ompRp4,0.5,1,1,GATGCATACGCCTTTGTCAC,0,2928694
ompRp4,0.5,1,1,GATCTTTAAGCACTATTGAT,0,2936013
ompRp4,0.5,1,1,GATCGATCTCCCTAATGACA,0,2937136
ompRp4,0.5,1,1,GATCGACCGAAGCTTAATAA,0,2928271
ompRp4,0.5,1,1,GATCACATACTGTCGCCTCT,0,2910440
ompRp4,0.5,1,1,GATCAAAGGAACCAAGTTGG,0,2933152
ompRp4,0.5,1,1,GATACTCTCACGACTCTCAT,0,2927706
ompRp4,0.5,1,1,GATAATTAGGTCAGTTAAGG,0,2909582
ompRp4,0.5,1,1,GATAACGAAATTGCCGGCGT,0,2936714
ompRp4,0.5,1,1,GAGTTTTGTTTGGCCTGGGC,0,2922626
ompRp4,0.5,1,1,GAGTGCCTCTGAGAATATGA,0,2933080
ompRp4,0.5,1,1,GAGTGATGTAATCCGGCCGG,0,2918187
ompRp4,0.5,1,1,GAGTCGCAGATGTCATTTCC,0,2911941
ompRp4,0.5,1,1,GAGGTTAAGAATCAGATCAT,0,2919111
ompRp4,0.5,1,1,GAGGTCTAGGGCGGCCATAG,0,2912188
ompRp4,0.5,1,1,GAGGGTGTGTCATACTGAAT,0,2934522
ompRp4,0.5,1,1,GAGGAAAAAGACCTTTGGAC,0,2934687
ompRp4,0.5,1,1,GAGCTGGGAAAGGCAGAGCT,0,2916773
ompRp4,0.5,1,1,GAGCTAAAGTTCATCTTGCG,0,2934851
ompRp4,0.5,1,1,GAGCGACAAGAGAACGTACG,0,2919863
ompRp4,0.5,1,1,GAGCCTTAACTACGCATGTT,0,2908626
ompRp4,0.5,1,1,GAGAGTTACCTCAATTATAT,0,2933916
ompRp4,0.5,1,1,GAGACGCGGCTGGCTGACGA,0,2908562
ompRp4,0.5,1,1,GAGACCGGTTCTTCGGGTTA,0,2916847
ompRp4,0.5,1,1,GAGACCACTCGTCCGACATC,0,2924308
ompRp4,0.5,1,1,GAGACCACCTACAAATAGGT,0,2919919
ompRp4,0.5,1,1,GACTTAATGAGGGGATATTA,0,2933776
ompRp4,0.5,1,1,GACTCCGACTAGGGATACTG,0,2912156
ompRp4,0.5,1,1,GACGGTTCACGTGCATCGGT,0,2932892
ompRp4,0.5,1,1,GACGCGCTCTGGCTGCATTA,0,2908551
ompRp4,0.5,1,1,GACCATAAGCGTATTGACTT,0,2928110
ompRp4,0.5,1,1,GACCACAGATCTATGAGATG,0,2925849
ompRp4,0.5,1,1,GACATCTCGGGTATTAGGAT,0,2923585
ompRp4,0.5,1,1,GACAAACATAGGCTGGCACT,0,2926378
ompRp4,0.5,1,1,GAATTAGGCGTATGCACGGA,0,2914299
ompRp4,0.5,1,1,GAATGTTGGAGAACGCTCGG,0,2921086
ompRp4,0.5,1,1,GAATGGGTTCTTTGGTCGGC,0,2925760
ompRp4,0.5,1,1,GAATCCATTGTATCGCAGAG,0,2937339
ompRp4,0.5,1,1,GAAGTGGAGGTTTCTTGTTA,0,2929175
ompRp4,0.5,1,1,GAAGTAGTCAGCGTGCTCAT,0,2917015
ompRp4,0.5,1,1,GAAGGATCACGGGCGTTATA,0,2936168
ompRp4,0.5,1,1,GAAGCTTGGAGGGGTGGCCA,0,2916138
ompRp4,0.5,1,1,GAAGACCTCGGCTGGGGTTG,0,2936551
ompRp4,0.5,1,1,GAACGGCAGTGAGGTGAAGC,0,2908579
ompRp4,0.5,1,1,GAACGGAGCCCGTACTTCTT,0,2925727
ompRp4,0.5,1,1,GAAATGATATTGTGACCAGA,0,2930375
ompRp4,0.5,1,1,GAAAGTCCCTTTTGGGGCCT,0,2910534
ompRp4,0.5,1,1,GAAAGGGCCGGTGAGCCGTC,0,2937886
ompRp4,0.5,1,1,GAAACTCCGAGACTACGGTG,0,2909693
ompRp4,0.5,1,1,GAAACCGCCTCAAGGGAAGG,0,2937176
ompRp4,0.5,1,1,CTTTTTTCGGGATCCTGGTT,0,2914045
ompRp4,0.5,1,1,CTTTTTTAGAGCAATAGTTT,0,2923792
ompRp4,0.5,1,1,CTTTTATCTCTGTATCCGTC,0,2931073
ompRp4,0.5,1,1,CTTTCGTACTTTTTTGTGGA,0,2917789
ompRp4,0.5,1,1,CTTTCGAGGCCACCATCTAG,0,2912762
ompRp4,0.5,1,1,CTTTCGAACTTTTAGCTACA,0,2913569
ompRp4,0.5,1,1,CTTTCCTGCACGGAAACAGG,0,2916289
ompRp4,0.5,1,1,CTTTATGAATGTCCTGGTAA,0,2930768
ompRp4,0.5,1,1,CTTGTTACAATTCAACCGGT,0,2909713
ompRp4,0.5,1,1,CTTGGTAAGGTAAAGTACTA,0,2933964
ompRp4,0.5,1,1,CTTGACCGGCGAAGACTACT,0,2914713
ompRp4,0.5,1,1,CTTCTGCGTGTGTCTATGGG,0,2926860
ompRp4,0.5,1,1,CTTCGCACACTGTGGGTAGA,0,2936645
ompRp4,0.5,1,1,CTTAGTGTTCGGGGAAGGCG,0,2921573
ompRp4,0.5,1,1,CTTAGCGTCCCGATGTATTG,0,2935330
ompRp4,0.5,1,1,CTTAGATTATCCTTAAGGTT,0,2930852
ompRp4,0.5,1,1,CTTAAATGATGCAACCACGG,0,2927756
ompRp4,0.5,1,1,CTTAAAAGATGGGTTTGGGG,0,2938067
ompRp4,0.5,1,1,CTGTGCGTATAAATGGTATC,0,2929317
ompRp4,0.5,1,1,CTGTCGTTTGACCGTGTTCG,0,2925553
ompRp4,0.5,1,1,CTGTCGAAGGCAATTTGTTA,0,2923160
ompRp4,0.5,1,1,CTGTAGCGTCCTCTAACAGC,0,2918081
ompRp4,0.5,1,1,CTGTACCGAGACCAATGTTC,0,2921810
ompRp4,0.5,1,1,CTGGGTTTTTCTAGTGTCCC,0,2915930
ompRp4,0.5,1,1,CTGGGTTTTACGGTTGTTTA,0,2934236
ompRp4,0.5,1,1,CTGGGGACCACGTGAGGATG,0,2932101
ompRp4,0.5,1,1,CTGGGGAAACCGGAATTTTC,0,2923852
ompRp4,0.5,1,1,CTGGCCTTTACTAGCTCTAA,0,2909290
ompRp4,0.5,1,1,CTGGAGTATCGATTACAACG,0,2914357
ompRp4,0.5,1,1,CTGGAGGATATTTGTGGTCA,0,2935918
ompRp4,0.5,1,1,CTGCTATGCTAGGGATCACA,0,2938165
ompRp4,0.5,1,1,CTGCGCTGAGCTGCATACGC,0,2918505
ompRp4,0.5,1,1,CTGCCTCATAGTTCGCTGTT,0,2923892
ompRp4,0.5,1,1,CTGCCGTTCCGGTGGCACGC,0,2938132
ompRp4,0.5,1,1,CTGCACGCCTCGAGCCGGCC,0,2930600
ompRp4,0.5,1,1,CTGCACAACGCGGCGTATTC,0,2918189
ompRp4,0.5,1,1,CTGAAACCCATTACGAAGAG,0,2936847
ompRp4,0.5,1,1,CTCTCTTGTAACCGGTGTGA,0,2916124
ompRp4,0.5,1,1,CTCTCACGGCATGACTGCCA,0,2921528
ompRp4,0.5,1,1,CTCGTGAGTGCAGCTCAGAT,0,2920160
ompRp4,0.5,1,1,CTCGTCCCCTTCGTGTGAGG,0,2928486
ompRp4,0.5,1,1,CTCGGTGCAGGGTATCGTGA,0,2915784
ompRp4,0.5,1,1,CTCGGGTAAAAGGCAGTTCG,0,2931876
ompRp4,0.5,1,1,CTCGCCTCGAATGTGTAATA,0,2918594
ompRp4,0.5,1,1,CTCGCATAACTTTGTGCGCT,0,2934933
ompRp4,0.5,1,1,CTCCTATCGACCAGAAGCCT,0,2923539
ompRp4,0.5,1,1,CTCATCAAATCGTACGACGC,0,2926687
ompRp4,0.5,1,1,CTCAGCGGATGCCACTGCGC,0,2917441
ompRp4,0.5,1,1,CTCACTGATGAGCAACCACC,0,2913889
ompRp4,0.5,1,1,CTCACCGTTCTCTAGTTCCA,0,2924714
ompRp4,0.5,1,1,CTATTGAATCTGCGGTGTGA,0,2922374
ompRp4,0.5,1,1,CTATTAGGTTGTGAGACCTT,0,2927156
ompRp4,0.5,1,1,CTATCCGCGTCATTCTCTCA,0,2917542
ompRp4,0.5,1,1,CTATCCCGGATGGTTTTCGC,0,2910378
ompRp4,0.5,1,1,CTAGTGTGTGCTGCTACCGG,0,2916464
ompRp4,0.5,1,1,CTAGTCTTGACGTTACCGAG,0,2907985
ompRp4,0.5,1,1,CTAGGTTGGCAATGGTACGC,0,2936836
ompRp4,0.5,1,1,CTAGCCAGGTACAAGTTTCG,0,2933127
ompRp4,0.5,1,1,CTAGATAGTCGTTCTAGGGA,0,2927683
ompRp4,0.5,1,1,CTAGAAGATATACGAGCTTA,0,2913739
ompRp4,0.5,1,1,CTACTTGTTGGCCTCAGGCA,0,2926943
ompRp4,0.5,1,1,CTACTTGCCGTTCATCGATA,0,2913171
ompRp4,0.5,1,1,CTACTTCGGAGGGGGAATGC,0,2926360
ompRp4,0.5,1,1,CTACGGGTAGTCGGCAAGGA,0,2929433
ompRp4,0.5,1,1,CTACGAACGCGATGGTTAGG,0,2927519
ompRp4,0.5,1,1,CTACCGCTATCCTCAGCTGT,0,2931879
ompRp4,0.5,1,1,CTACCATTAGTAGCCAAAAA,0,2924941
ompRp4,0.5,1,1,CTAATCCGAGCAGCACAGGG,0,2923638
ompRp4,0.5,1,1,CGTTTGTATGCTCCCGTCCC,0,2929626
ompRp4,0.5,1,1,CGTTGTCTATTAACGCGTAT,0,2933441
ompRp4,0.5,1,1,CGTTCTTTAGCGGGGGGAAT,0,2918085
ompRp4,0.5,1,1,CGTTCGAAAACAAGGGTTTC,0,2929110
ompRp4,0.5,1,1,CGTTCCGCCACAGTCATCAA,0,2907940
ompRp4,0.5,1,1,CGTGGGAGTACTGCGTAGTG,0,2928427
ompRp4,0.5,1,1,CGTGCAGTACCGCAAGAGTT,0,2928660
ompRp4,0.5,1,1,CGTGATGCTCGGAGGGGTAC,0,2929222
ompRp4,0.5,1,1,CGTCGATACTTTGGTAGCGC,0,2924582
ompRp4,0.5,1,1,CGTCATGGGGGACTTATGCT,0,2920669
ompRp4,0.5,1,1,CGTAGGACTTAGCATAGCCG,0,2909864
ompRp4,0.5,1,1,CGTAATTGCTTCTCCTCTTC,0,2921207
ompRp4,0.5,1,1,CGTAACCACTGTTCGTTCAA,0,2934795
ompRp4,0.5,1,1,CGGTTTATGAAGATGGAGGG,0,2937503
ompRp4,0.5,1,1,CGGTGCAACGGGCGGCATAA,0,2907824
ompRp4,0.5,1,1,CGGTCTGTTGGACGGGCCGC,0,2922273
ompRp4,0.5,1,1,CGGTCTCTTAGTAATTGTTC,0,2935084
ompRp4,0.5,1,1,CGGTAGCAGCTGCGGTTAAC,0,2927384
ompRp4,0.5,1,1,CGGTACTTATCAGCTAGAGT,0,2907988
ompRp4,0.5,1,1,CGGGTGAAGCTTGGTGCGTC,0,2914852
ompRp4,0.5,1,1,CGGGGTCTATCAAGCCCTAC,0,2934262
ompRp4,0.5,1,1,CGGCTGAGTCTAGGTGAAAA,0,2932187
ompRp4,0.5,1,1,CGGCGTACCTGATATCTCGC,0,2926726
ompRp4,0.5,1,1,CGGCGGGGGATACCGCACCT,0,2909865
ompRp4,0.5,1,1,CGGCCTGAGTGGGGTGACTC,0,2929720
ompRp4,0.5,1,1,CGGCCTACGTTCGCGTCAAA,0,2936262
ompRp4,0.5,1,1,CGGCCGGTAGACTCTTAGCT,0,2928392
ompRp4,0.5,1,1,CGGCATCGGAGCAGCTCATA,0,2920449
ompRp4,0.5,1,1,CGGCAGATCATCGAGGCGCC,0,2917668
ompRp4,0.5,1,1,CGGATTCGTACGGAGGTAAT,0,2925568
ompRp4,0.5,1,1,CGGATGAGGGGGCGTCGTAA,0,2918507
ompRp4,0.5,1,1,CGGATAATTGTACAAAGAAA,0,2924440
ompRp4,0.5,1,1,CGGACGCTAGTACTGCGGTT,0,2936046
ompRp4,0.5,1,1,CGCTTTTTTTATCTCACCAA,0,2912437
ompRp4,0.5,1,1,CGCTTATTTTTACTGGAATA,0,2920704
ompRp4,0.5,1,1,CGCTGCTGACTAGAATCTCG,0,2917483
ompRp4,0.5,1,1,CGCTCTTTCCAACCGAGTAA,0,2925442
ompRp4,0.5,1,1,CGCTCGAGGCGGCGCAAAAA,0,2928989
ompRp4,0.5,1,1,CGCGTTATTATCTCCTCGGA,0,2908226
ompRp4,0.5,1,1,CGCGTGGATGGTGACTCTGT,0,2914042
ompRp4,0.5,1,1,CGCGTCCATTGAACGTTTCC,0,2921591
ompRp4,0.5,1,1,CGCGTAATCTATGAATCCAA,0,2922081
ompRp4,0.5,1,1,CGCGGGCGTACACCAGGATC,0,2930978
ompRp4,0.5,1,1,CGCGCTTGCCGGGGCCTGAT,0,2914867
ompRp4,0.5,1,1,CGCGAGGCACGTCGCTTACC,0,2918313
ompRp4,0.5,1,1,CGCCTGGTTGCATAAGACGC,0,2909143
ompRp4,0.5,1,1,CGCCTAAGTGGATTACCGAT,0,2931471
ompRp4,0.5,1,1,CGCCGTTTGCGTCTTATGTA,0,2927293
ompRp4,0.5,1,1,CGCCCAAAAGACTCCGGGCG,0,2926007
ompRp4,0.5,1,1,CGCATATCGAGAAGGTTTAG,0,2914275
ompRp4,0.5,1,1,CGCAGACGTCCACTCGGCAA,0,2926591
ompRp4,0.5,1,1,CGCACATCCCTGAGCCCGCT,0,2928601
ompRp4,0.5,1,1,CGCAAAAAGGCCGGATCTGT,0,2917778
ompRp4,0.5,1,1,CGATGGCGTATGCATTTGTC,0,2909881
ompRp4,0.5,1,1,CGATGAGCGGAGAAACCAAA,0,2909548
ompRp4,0.5,1,1,CGATATGAATCCGATAAAGT,0,2912288
ompRp4,0.5,1,1,CGAGTCCCTGGCCGCATTGC,0,2925662
ompRp4,0.5,1,1,CGAGTATAATGTTCAGCCTC,0,2928116
ompRp4,0.5,1,1,CGAGGGTGAGAGTTTAAATG,0,2927393
ompRp4,0.5,1,1,CGAGCGGATGAGGCAGAGCC,0,2932129
ompRp4,0.5,1,1,CGAGAATACATAGTGGACCG,0,2929608
ompRp4,0.5,1,1,CGACTTCTTTTTTAGTTCCT,0,2921108
ompRp4,0.5,1,1,CGACTCCATTTTGTGCGCGT,0,2926700
ompRp4,0.5,1,1,CGACTATTACAGGATAACTG,0,2920168
ompRp4,0.5,1,1,CGACCCGTTGCCCCCTCTGG,0,2918063
ompRp4,0.5,1,1,CGACACTAACATTACATCGT,0,2908312
ompRp4,0.5,1,1,CGACAATGGAGGTTCGACGA,0,2908452
ompRp4,0.5,1,1,CGAATCCAGCTGGGTTAACC,0,2910103
ompRp4,0.5,1,1,CGAAGTCGCGATTAAATGGC,0,2911383
ompRp4,0.5,1,1,CGAAGGTGAACCCGGTGACT,0,2928580
ompRp4,0.5,1,1,CGAAGCATTTACACAGGACT,0,2912214
ompRp4,0.5,1,1,CGAACGATAACCTCCGAAAC,0,2928693
ompRp4,0.5,1,1,CCTTGCAAAACAAAGTACTG,0,2919362
ompRp4,0.5,1,1,CCTTCTATGCCGACCTCACG,0,2923071
ompRp4,0.5,1,1,CCTTCTATGCCACCACAAGC,0,2911102
ompRp4,0.5,1,1,CCTTCCAGTGTTAGTTCAAG,0,2908225
ompRp4,0.5,1,1,CCTTATAGCATCTTGATCTT,0,2929613
ompRp4,0.5,1,1,CCTGGGGGACGCTATCAGGG,0,2936266
ompRp4,0.5,1,1,CCTGGCGTGAGTACGTACTT,0,2908431
ompRp4,0.5,1,1,CCTGGAGCATGCCCGGAAGC,0,2923430
ompRp4,0.5,1,1,CCTGAGCTTAGAGCTACAGA,0,2928936
ompRp4,0.5,1,1,CCTGAACCCTTCCTGTTAGT,0,2922356
ompRp4,0.5,1,1,CCTCTTGCATGCCTAGGGCG,0,2925621
ompRp4,0.5,1,1,CCTCTTCTGCGAAGGATAAA,0,2923048
ompRp4,0.5,1,1,CCTCGACTCGTTTTTCCATC,0,2917364
ompRp4,0.5,1,1,CCTCCTGACGGGCATTGTAA,0,2936191
ompRp4,0.5,1,1,CCTCCGACTTCGGCGCGGTC,0,2915136
ompRp4,0.5,1,1,CCGTTTATGTTATCAAAAAG,0,2919412
ompRp4,0.5,1,1,CCGTCTAACAAACAATTCAG,0,2932706
ompRp4,0.5,1,1,CCGGTCGCGTCTGACCGATT,0,2933544
ompRp4,0.5,1,1,CCGGTAATATCGAGGCTGCG,0,2915479
ompRp4,0.5,1,1,CCGGGCCAGTTAAAGGTTAT,0,2926623
ompRp4,0.5,1,1,CCGGGAACTAGCCGATCGTA,0,2914871
ompRp4,0.5,1,1,CCGGAATACTTCAAGTGCTC,0,2924521
ompRp4,0.5,1,1,CCGGAACAGGGCCTCTAGAG,0,2916168
ompRp4,0.5,1,1,CCGCTTCCATATGTGTAGGG,0,2937352
ompRp4,0.5,1,1,CCGCCGTATTAAAGAGGCGT,0,2921655
ompRp4,0.5,1,1,CCGCCATTGCTTGATTATCA,0,2931262
ompRp4,0.5,1,1,CCGATTATGCTGCGGATTTC,0,2910008
ompRp4,0.5,1,1,CCGACGGAGAGGGCGTTAGA,0,2931472
ompRp4,0.5,1,1,CCGACAGTTGTCTCTACGAA,0,2916039
ompRp4,0.5,1,1,CCCTTTTACATTAGCCCAAT,0,2926083
ompRp4,0.5,1,1,CCCTCATGAGGTCCCGATTT,0,2922292
ompRp4,0.5,1,1,CCCTATGGATTTCATCGCGG,0,2919142
ompRp4,0.5,1,1,CCCTATGATCGCAAGGGACG,0,2909730
ompRp4,0.5,1,1,CCCTAGCGTACGTCACCGCT,0,2921603
ompRp4,0.5,1,1,CCCGTAATACTAAGAAGAAA,0,2919371
ompRp4,0.5,1,1,CCCGGGGGGAAGTTATCCAG,0,2908895
ompRp4,0.5,1,1,CCCGCTCACATGTGTTCCAT,0,2926650
ompRp4,0.5,1,1,CCCGACCGACTTTCATTCTA,0,2919934
ompRp4,0.5,1,1,CCCGAAGGACTAGGTAGCGC,0,2936025
ompRp4,0.5,1,1,CCCCCCGTACATCATGCGTG,0,2916886
ompRp4,0.5,1,1,CCCCCATTGAGAGGCACCTT,0,2907889
ompRp4,0.5,1,1,CCCCAAAAGTTACGGGAGAC,0,2929941
ompRp4,0.5,1,1,CCCATAGAGATACCGCGAGT,0,2914168
ompRp4,0.5,1,1,CCCAGGTGGTACTAACCGTA,0,2926401
ompRp4,0.5,1,1,CCCAGGCCAGGGCCTTCCTG,0,2930927
ompRp4,0.5,1,1,CCCAGAACACACGTCAACTC,0,2927420
ompRp4,0.5,1,1,CCCAACGGTTTGTCGCGCTT,0,2933118
ompRp4,0.5,1,1,CCATTTGTGCTATTTCTGGT,0,2915139
ompRp4,0.5,1,1,CCATTGGTTCACATTAAGGT,0,2911804
ompRp4,0.5,1,1,CCATGTGCCCCTCTGGTTGA,0,2927823
ompRp4,0.5,1,1,CCATGGCGCAACGGTCAGAC,0,2934920
ompRp4,0.5,1,1,CCATCGGTAAGGTCCGCGTT,0,2935756
ompRp4,0.5,1,1,CCATCGCAACGACTCTCCGC,0,2928602
ompRp4,0.5,1,1,CCATCAATATCTGTTAGAAA,0,2910047
ompRp4,0.5,1,1,CCATACTGCTTCGTCTCTGG,0,2925921
ompRp4,0.5,1,1,CCAGCCGTTTGGCACGCACC,0,2922143
ompRp4,0.5,1,1,CCACTCGTTCGCATCAAACT,0,2928645
ompRp4,0.5,1,1,CCACCTGGGTTGATAGGGTT,0,2916579
ompRp4,0.5,1,1,CCACCAGGTGGGGACCGGTA,0,2926697
ompRp4,0.5,1,1,CCACATTAACTCTGATCGGG,0,2927517
ompRp4,0.5,1,1,CCACATGTTCTGGTTGTCAC,0,2912283
ompRp4,0.5,1,1,CCAATTTCGGTGGTTTAAAG,0,2925629
ompRp4,0.5,1,1,CCAATTCCATCGTACATACT,0,2933889
ompRp4,0.5,1,1,CCAATGCTTATTGGCCTCGC,0,2929538
ompRp4,0.5,1,1,CCAAGTCACCCTTAACGGAT,0,2909135
ompRp4,0.5,1,1,CCAAGGAGTGCAAAATGTGC,0,2924274
ompRp4,0.5,1,1,CCAAGCGCGTCCAGACCAGC,0,2910181
ompRp4,0.5,1,1,CCAAGATCTCGAGCCAGTGC,0,2934204
ompRp4,0.5,1,1,CCAACTATTTCCCAAATGGG,0,2926456
ompRp4,0.5,1,1,CCAACGCAGTCGGTGTCTGT,0,2914034
ompRp4,0.5,1,1,CCAAAGGCCACGGGTCATCT,0,2926628
ompRp4,0.5,1,1,CATTTAATTTTAGGGGGTAA,0,2931051
ompRp4,0.5,1,1,CATTGGACACTCGCGTGCAT,0,2938103
ompRp4,0.5,1,1,CATTCTTTCAAACTGAAGGG,0,2932333
ompRp4,0.5,1,1,CATGTCCTGTCCCAAGATTT,0,2936107
ompRp4,0.5,1,1,CATGTCCATCCGAATCTGTC,0,2920799
ompRp4,0.5,1,1,CATGTCCAGGCCTCAGACCA,0,2935153
ompRp4,0.5,1,1,CATGTAGGTTTACCAATACG,0,2918888
ompRp4,0.5,1,1,CATGGAGCAAGAAGTAGAAA,0,2911098
ompRp4,0.5,1,1,CATGAAAGTAAAAGTCGCCA,0,2937981
ompRp4,0.5,1,1,CATCTACGGGACTCAACCTA,0,2933367
ompRp4,0.5,1,1,CATCGTTACTTAGGGATATC,0,2923421
ompRp4,0.5,1,1,CATCCTTATGAATTTGCGCG,0,2917621
ompRp4,0.5,1,1,CATCCATGTTTCGACGCATA,0,2924023
ompRp4,0.5,1,1,CATCCATATTGGGTTGCCCG,0,2933731
ompRp4,0.5,1,1,CATATTGGGGTTTAACCAAC,0,2933370
ompRp4,0.5,1,1,CATATGCGGCGGGCGTAGCG,0,2912305
ompRp4,0.5,1,1,CATAGCTATAGGGCCTAAGT,0,2926668
ompRp4,0.5,1,1,CATAATTGCCTTAGGAGAAA,0,2908574
ompRp4,0.5,1,1,CATAAGATAACTCGATGGTC,0,2922847
ompRp4,0.5,1,1,CAGTTGAATGCGTTGCCACA,0,2923542
ompRp4,0.5,1,1,CAGTGCACTTACGCTCGGAT,0,2909838
ompRp4,0.5,1,1,CAGTGCACCTAACGCGTTTG,0,2933349
ompRp4,0.5,1,1,CAGTATATTACACAGGCATT,0,2937544
ompRp4,0.5,1,1,CAGTACTCTAAGAAAACATG,0,2932468
ompRp4,0.5,1,1,CAGTAAGGTCGAAAGCAGAT,0,2916638
ompRp4,0.5,1,1,CAGGGTACTGGGAGTGCTTA,0,2930516
ompRp4,0.5,1,1,CAGGACAGTGTATTTAGGAC,0,2922437
ompRp4,0.5,1,1,CAGCGATCAGTCGGCGTTAT,0,2932334
ompRp4,0.5,1,1,CAGATCTGTTGTAGTTCTTT,0,2923914
ompRp4,0.5,1,1,CACTCTCATCGAAATGATAC,0,2935019
ompRp4,0.5,1,1,CACGTACAGTGCGACCGGGA,0,2920103
ompRp4,0.5,1,1,CACCTGTCAAAGGGCCCCTT,0,2937570
ompRp4,0.5,1,1,CACCTCCGCGCTCGAAATGA,0,2934454
ompRp4,0.5,1,1,CACCACGGATAAGTCAGGCT,0,2915645
ompRp4,0.5,1,1,CACATCTTACACTGGTCTCA,0,2937310
ompRp4,0.5,1,1,CACATAGGTCGGCCATATTG,0,2927311
ompRp4,0.5,1,1,CACAAAGCGACTTTCCTGCA,0,2917511
ompRp4,0.5,1,1,CAAGTTAAATACCGCTCATA,0,2933962
ompRp4,0.5,1,1,CAAGTGCCCCGGCGTTCATA,0,2916524
ompRp4,0.5,1,1,CAAGTCCCCCTATCGTTACG,0,2912937
ompRp4,0.5,1,1,CAAGTACCGAAAGATAAGCT,0,2930754
ompRp4,0.5,1,1,CAAGGGGGAAGAAGAACGCG,0,2909939
ompRp4,0.5,1,1,CAAGCCGAGACGTCACTCCT,0,2932774
ompRp4,0.5,1,1,CAAGCATGAGTTTATATCGC,0,2938090
ompRp4,0.5,1,1,CAACTAGCTACTCTAACTTT,0,2924817
ompRp4,0.5,1,1,CAACTACAAAAATAATGACG,0,2937090
ompRp4,0.5,1,1,CAACGCACGAGACGGACTGA,0,2927433
ompRp4,0.5,1,1,CAAATTCGTCATTTTCATCA,0,2934715
ompRp4,0.5,1,1,CAAATGATCAAATCTCAGGG,0,2934346
ompRp4,0.5,1,1,CAAACGGGTCGGATGGAACC,0,2927006
ompRp4,0.5,1,1,CAAACCCAGTAATGGATTCA,0,2922575
ompRp4,0.5,1,1,CAAAATGGGCGTTGCTGGCA,0,2912350
ompRp4,0.5,1,1,CAAAATCCCGCTAGTTTTCC,0,2920448
ompRp4,0.5,1,1,CAAAAAATTTAGCGTACTAT,0,2931186
ompRp4,0.5,1,1,ATTTTTGGGGCCAAGGGGTG,0,2931120
ompRp4,0.5,1,1,ATTTGCGGTAACCTGACAGC,0,2908982
ompRp4,0.5,1,1,ATTTGATAACGTATGTGAAC,0,2928553
ompRp4,0.5,1,1,ATTTCTAAAATTGGGAGATA,0,2931671
ompRp4,0.5,1,1,ATTTCATCAATTCCATCATG,0,2910458
ompRp4,0.5,1,1,ATTTCAGCTATGGGGCCATT,0,2926458
ompRp4,0.5,1,1,ATTTATAAAGTGGGGCGAAT,0,2931007
ompRp4,0.5,1,1,ATTCTCAACCAGATGACCAT,0,2917191
ompRp4,0.5,1,1,ATTCGGCAAGCTGGAAGCCT,0,2925029
ompRp4,0.5,1,1,ATTCGGAATCTTGAACAGGC,0,2917354
ompRp4,0.5,1,1,ATTCGCAGCCAGCTCTAAGC,0,2932135
ompRp4,0.5,1,1,ATTCGCACTCGTCCCGATAT,0,2909799
ompRp4,0.5,1,1,ATTCCAGTAACCGAAGGTGG,0,2929977
ompRp4,0.5,1,1,ATTCATACGGACCATCTCAC,0,2928528
ompRp4,0.5,1,1,ATTCACGAGATACGAATCTG,0,2918053
ompRp4,0.5,1,1,ATTCAACAGCACCGACAGGA,0,2932031
ompRp4,0.5,1,1,ATTATATAGCTGATTGCATT,0,2919606
ompRp4,0.5,1,1,ATTAGTTCAATGTAGGTGGT,0,2919510
ompRp4,0.5,1,1,ATTAGGGAAAGCTGCGATTA,0,2927283
ompRp4,0.5,1,1,ATTAGATTTGAGTTCCATGC,0,2935492
ompRp4,0.5,1,1,ATTAGACCCAGAGCTATCGG,0,2938275
ompRp4,0.5,1,1,ATTAAGTTCGTATAACGAAC,0,2915446
ompRp4,0.5,1,1,ATTAACTCATGAAAGCCTAA,0,2919480
ompRp4,0.5,1,1,ATTAACGTGGTGTGGTTATT,0,2937145
ompRp4,0.5,1,1,ATGTGAGCCCGCTGCCGCTC,0,2909599
ompRp4,0.5,1,1,ATGTAAGCGATCGGGATGCA,0,2908555
ompRp4,0.5,1,1,ATGGTGTTGACTAGCAGAGC,0,2924611
ompRp4,0.5,1,1,ATGGTGCATGATTACCTGAC,0,2928077
ompRp4,0.5,1,1,ATGGTAAATAGGACGTCCTC,0,2916367
ompRp4,0.5,1,1,ATGCTTTACGTAAGAAGCAA,0,2933585
ompRp4,0.5,1,1,ATGCTGCTCCGTTGGGTTCT,0,2934090
ompRp4,0.5,1,1,ATGCTCTTCTGGAGTCATCT,0,2908439
ompRp4,0.5,1,1,ATGCCGTGCATTCCACAGGA,0,2927165
ompRp4,0.5,1,1,ATGCCCTATTGCGCGAAATC,0,2936810
ompRp4,0.5,1,1,ATGACCGGAGCGCAAGATCA,0,2933416
ompRp4,0.5,1,1,ATGAATGCATTTCCCATCTC,0,2930342
ompRp4,0.5,1,1,ATGAACTTCATCTGAAGAAA,0,2918776
ompRp4,0.5,1,1,ATCTTTTAGTTAGTGTCTCC,0,2920746
ompRp4,0.5,1,1,ATCTTCTGATTCGTGAGGCC,0,2928792
ompRp4,0.5,1,1,ATCTTAAGAGGGGCCGGTAC,0,2916635
ompRp4,0.5,1,1,ATCTCATTAGCTCAAGTATA,0,2938033
ompRp4,0.5,1,1,ATCTCAATTACAATCATGTT,0,2928395
ompRp4,0.5,1,1,ATCGGCCCACATCCAGGGCT,0,2910815
ompRp4,0.5,1,1,ATCGAGCTTACAGGGACAGA,0,2921995
ompRp4,0.5,1,1,ATCGAAAGCTTGTGATGGTA,0,2930642
ompRp4,0.5,1,1,ATCCTCATGACGCACGGGGG,0,2922253
ompRp4,0.5,1,1,ATCCGTTTAGTGGTGGCCGT,0,2909251
ompRp4,0.5,1,1,ATCCGGGACTCACCTTGGAA,0,2909950
ompRp4,0.5,1,1,ATCCGAAAGCTTAGTCCTTA,0,2920157
ompRp4,0.5,1,1,ATCCATGTCGAGCCCGCTGA,0,2918477
ompRp4,0.5,1,1,ATCATTCTCATGGACTCGAT,0,2927634
ompRp4,0.5,1,1,ATCACCGATGCGGCGACTCT,0,2938255
ompRp4,0.5,1,1,ATCAATTTAAACTGGGGAGA,0,2912426
ompRp4,0.5,1,1,ATATTGCTAAGCCGTAGACA,0,2938106
ompRp4,0.5,1,1,ATACATCGACGGAGGTTCAT,0,2916076
ompRp4,0.5,1,1,ATAATACAAACTGGTGGTAC,0,2931955
ompRp4,0.5,1,1,ATAAGCAACGTCTGCACGTA,0,2935100
ompRp4,0.5,1,1,ATAAATGGTATAGGGTACGT,0,2912985
ompRp4,0.5,1,1,ATAAACTCTTTGTGGGGACT,0,2924682
ompRp4,0.5,1,1,AGTTTCAATTGCTGAGGGGG,0,2937663
ompRp4,0.5,1,1,AGTTTAGTCCATACTGAGAC,0,2933652
ompRp4,0.5,1,1,AGTTCCGAATAGTTAGGGTG,0,2918859
ompRp4,0.5,1,1,AGTTCATTATTGGGAACGCG,0,2915360
ompRp4,0.5,1,1,AGTGTAATCGCCCATGACTT,0,2910405
ompRp4,0.5,1,1,AGTGGGTTTCAGGCGCTAAT,0,2920523
ompRp4,0.5,1,1,AGTGCGGAGGGTTAAGATCA,0,2907996
ompRp4,0.5,1,1,AGTGCCCTTATCCCCGGTCG,0,2909962
ompRp4,0.5,1,1,AGTGATCTGAGTAATCTCTC,0,2929480
ompRp4,0.5,1,1,AGTGAGCAGGTCTGGATGAT,0,2911352
ompRp4,0.5,1,1,AGTCTACGAAAATTTGGAAA,0,2911056
ompRp4,0.5,1,1,AGTCACTTCAATCTCAAAGT,0,2936323
ompRp4,0.5,1,1,AGTATTGCTACGCGTCCAGT,0,2923713
ompRp4,0.5,1,1,AGTATCCACAGCGATAAGTT,0,2937541
ompRp4,0.5,1,1,AGTATCACCCGTATGAATAG,0,2917140
ompRp4,0.5,1,1,AGTATATTGCTCTAGTCGCA,0,2919298
ompRp4,0.5,1,1,AGTAGATTTATGTGACATCG,0,2935581
ompRp4,0.5,1,1,AGTAGAGACTTGATTATCCC,0,2936079
ompRp4,0.5,1,1,AGTACGTTCGGCGACAACCG,0,2914853
ompRp4,0.5,1,1,AGGTTGTGCAATGCACAGAC,0,2927562
ompRp4,0.5,1,1,AGGTTGGAGCTTAAGTAGGT,0,2910241
ompRp4,0.5,1,1,AGGTCCGAGATATCACAAGC,0,2914283
ompRp4,0.5,1,1,AGGTCAGAATTACTAATAAG,0,2922752
ompRp4,0.5,1,1,AGGTATAACCTCGTGAGGTT,0,2935381
ompRp4,0.5,1,1,AGGGACTCGTTTGCTAATAC,0,2934191
ompRp4,0.5,1,1,AGGGACCCGCAGTAGCATTT,0,2924926
ompRp4,0.5,1,1,AGGGAACTACGTTGATTGAG,0,2933915
ompRp4,0.5,1,1,AGGCTGATGCGTCCTTCCTA,0,2925975
ompRp4,0.5,1,1,AGGCTAGGTTTAGGAAGTTT,0,2931767
ompRp4,0.5,1,1,AGGCTACTTTGGCCAACAGC,0,2929354
ompRp4,0.5,1,1,AGGCTAAGAGATTTGAAGCA,0,2915331
ompRp4,0.5,1,1,AGGCGTATGGAGTATAGCAT,0,2929472
ompRp4,0.5,1,1,AGGCGAACACCCCGCGTTGT,0,2935294
ompRp4,0.5,1,1,AGGCCCGATCGAATAGATAT,0,2926385
ompRp4,0.5,1,1,AGGATTCATCATCTCGTTCA,0,2913679
ompRp4,0.5,1,1,AGGATCATCCTCACTTGCCA,0,2928483
ompRp4,0.5,1,1,AGGAGGGGTGTTTTCCTAGA,0,2913083
ompRp4,0.5,1,1,AGGACCTTGTCCGTAGCCAT,0,2933171
ompRp4,0.5,1,1,AGGACCGCAGTATAATATGC,0,2925668
ompRp4,0.5,1,1,AGGACCATCTCCGCAATTAA,0,2919302
ompRp4,0.5,1,1,AGGAATGTATATTACGACAG,0,2926930
ompRp4,0.5,1,1,AGGAACGCGGGAAGGTGGTT,0,2914476
ompRp4,0.5,1,1,AGGAAAAATGCCGCGGAACC,0,2929804
ompRp4,0.5,1,1,AGCTTTTGGTCCTAGACCGG,0,2909757
ompRp4,0.5,1,1,AGCTTTAGCTGCCCTGACTG,0,2912632
ompRp4,0.5,1,1,AGCTGGTCAGGTGAGGAGCA,0,2924407
ompRp4,0.5,1,1,AGCTGGCTCCGGCTTTACAA,0,2915399
ompRp4,0.5,1,1,AGCTCTCTGTGCTCTCGGGT,0,2925637
ompRp4,0.5,1,1,AGCTCGTTCCTATGCAATAT,0,2928376
ompRp4,0.5,1,1,AGCTAAAGTTTATCCCTGGT,0,2926248
ompRp4,0.5,1,1,AGCGTCCTTTGCTATCCACA,0,2935036
ompRp4,0.5,1,1,AGCGTCATATCTCCGGCACC,0,2922896
ompRp4,0.5,1,1,AGCGGTATAGGAACGAGGCG,0,2929827
ompRp4,0.5,1,1,AGCGGCGAAATTATCAGAGG,0,2933730
ompRp4,0.5,1,1,AGCGAGTGGGGCACTGTAGC,0,2932281
ompRp4,0.5,1,1,AGCCTCCTCATAGCGACGGC,0,2935142
ompRp4,0.5,1,1,AGCCATGGTCAACTGCGTCC,0,2918352
ompRp4,0.5,1,1,AGCAGGCACTCTCTCGCCGC,0,2919900
ompRp4,0.5,1,1,AGCACCAAAGGGAGTGCGCT,0,2932193
ompRp4,0.5,1,1,AGCAATTATACAAGTATTTC,0,2933533
ompRp4,0.5,1,1,AGATGAACTGAGTGAGTGTG,0,2921990
ompRp4,0.5,1,1,AGATATGGAGTCCCGCAAAC,0,2929953
ompRp4,0.5,1,1,AGAGTGTAGCTGGTTTACGA,0,2936935
ompRp4,0.5,1,1,AGAGGTCCACGTGTAGTTAA,0,2924383
ompRp4,0.5,1,1,AGAGGATCGAGACGCAAAAA,0,2937882
ompRp4,0.5,1,1,AGAGAGGACTTACACATTCG,0,2921391
ompRp4,0.5,1,1,AGACGGTTCTCTACCATGCG,0,2920488
ompRp4,0.5,1,1,AGACGGCTACTAGCTTCGCG,0,2913903
ompRp4,0.5,1,1,AGACGAGAGTCTAAGGGATT,0,2928690
ompRp4,0.5,1,1,AGACGACAATACTCGTATCA,0,2935388
ompRp4,0.5,1,1,AGACCTCGTATGAGCTGTCG,0,2915614
ompRp4,0.5,1,1,AGAAGTGGGAAGGTCTGCCC,0,2916035
ompRp4,0.5,1,1,AGAAGGTACTAGGAGACCAG,0,2907969
ompRp4,0.5,1,1,AGAAGGATGCAGCTGCCCCC,0,2934899
ompRp4,0.5,1,1,AGAAGCTCACCGGGTGCCAG,0,2920378
ompRp4,0.5,1,1,AGAAGCAAGTCCGAACAGAA,0,2917368
ompRp4,0.5,1,1,AGAAATTTCCCATACTGTCC,0,2909544
ompRp4,0.5,1,1,AGAAAGGACAGATCCGCTGC,0,2927887
ompRp4,0.5,1,1,ACTTTTAGCAATTATTCACC,0,2916186
ompRp4,0.5,1,1,ACTTCCTCTCTAGCTCCGTA,0,2928723
ompRp4,0.5,1,1,ACTTACTTCGGTTGGTTTAG,0,2916303
ompRp4,0.5,1,1,ACTGTTCGTCGTGCAATGAT,0,2937152
ompRp4,0.5,1,1,ACTGGGACCCAAACGATATG,0,2918958
ompRp4,0.5,1,1,ACTGGACTCTTTACCGTAGG,0,2923314
ompRp4,0.5,1,1,ACTGGAATCGAGCCGGTTTT,0,2914633
ompRp4,0.5,1,1,ACTGCCGGGACTGCTCGGGT,0,2911443
ompRp4,0.5,1,1,ACTGCCCGGTCCAACATAAG,0,2911700
ompRp4,0.5,1,1,ACTGAAGAAGTTACAGAAAT,0,2916788
ompRp4,0.5,1,1,ACTCCTGTCACTAATACAGC,0,2912111
ompRp4,0.5,1,1,ACTCCCTGCCAAACACTGAA,0,2930290
ompRp4,0.5,1,1,ACTCAGCTCCCTTGGTCGTA,0,2922852
ompRp4,0.5,1,1,ACTACTCGCAGTACTCCGGA,0,2918267
ompRp4,0.5,1,1,ACGTTTCATAAGGGATCGCC,0,2921358
ompRp4,0.5,1,1,ACGTGGGCGGGAGGTAGTCC,0,2928608
ompRp4,0.5,1,1,ACGTGGGAATGCTGGCAAGA,0,2922056
ompRp4,0.5,1,1,ACGTCGGTCCATGCTTAGAG,0,2934109
ompRp4,0.5,1,1,ACGGTAGTCATCTGCCCGTG,0,2916425
ompRp4,0.5,1,1,ACGGGTATACTCTGGGGTAG,0,2920826
ompRp4,0.5,1,1,ACGGGCGGCGATTACTAGGG,0,2937581
ompRp4,0.5,1,1,ACGGCAAATAGTTGTGGCCA,0,2935412
ompRp4,0.5,1,1,ACGGAGATAGCGGTGCGGTG,0,2933179
ompRp4,0.5,1,1,ACGGACTAAGTGCCAAGGAG,0,2914666
ompRp4,0.5,1,1,ACGAGAGTGTTCCAGCAAAA,0,2923398
ompRp4,0.5,1,1,ACGAATGCTAGATGTAACTA,0,2915785
ompRp4,0.5,1,1,ACCTGTTAGGACGAGTGTGA,0,2923306
ompRp4,0.5,1,1,ACCTGGTAAAGGGACTGGGC,0,2915260
ompRp4,0.5,1,1,ACCTAGAAATGGGCGATACC,0,2915590
ompRp4,0.5,1,1,ACCTACTTGATCGGTCCTTC,0,2933010
ompRp4,0.5,1,1,ACCGGAATACAAGTCGGATG,0,2937179
ompRp4,0.5,1,1,ACCGCTGACACCTTAGCGAC,0,2913668
ompRp4,0.5,1,1,ACCCTCGTGCACACCCGCGT,0,2921121
ompRp4,0.5,1,1,ACCCGTAGTGTCAGCCTTCT,0,2926459
ompRp4,0.5,1,1,ACCCGGGGAGCTATCATCCC,0,2913199
ompRp4,0.5,1,1,ACCCAATGACGGCATACGTT,0,2936998
ompRp4,0.5,1,1,ACCATGGGTCGATCTGTTGT,0,2932296
ompRp4,0.5,1,1,ACCATAAAATCGTGTGCTAT,0,2924827
ompRp4,0.5,1,1,ACCAGGCGTGCGCTGCCGGG,0,2930384
ompRp4,0.5,1,1,ACCAGGCGACCTTAATAGCA,0,2925968
ompRp4,0.5,1,1,ACATTTTACGCCAATGGGGA,0,2932081
ompRp4,0.5,1,1,ACATGTAGAGACTGGTTAGC,0,2921829
ompRp4,0.5,1,1,ACATGGGGACATTCTGACAG,0,2934635
ompRp4,0.5,1,1,ACATCTTAATCAATTCAAAC,0,2927719
ompRp4,0.5,1,1,ACATAAGTTATCGAGAGATC,0,2936453
ompRp4,0.5,1,1,ACAGTTTCGGGCGTTCTGTA,0,2909781
ompRp4,0.5,1,1,ACAGTGTAGCTGCCGACTAG,0,2927089
ompRp4,0.5,1,1,ACAGGATTCTGGGATTGCGG,0,2921928
ompRp4,0.5,1,1,ACAGGAATAATGACTTTCGT,0,2935677
ompRp4,0.5,1,1,ACAGCTATATGCCACGATGG,0,2935939
ompRp4,0.5,1,1,ACAGATCAATTAGTCGCATC,0,2924455
ompRp4,0.5,1,1,ACAGAGCTACGGCGCCGATC,0,2920985
ompRp4,0.5,1,1,ACACGGACACCATCGAAGGA,0,2930997
ompRp4,0.5,1,1,ACACGACTGCATTATGAATT,0,2937027
ompRp4,0.5,1,1,ACACCGTATCACACTCCTTG,0,2928832
ompRp4,0.5,1,1,ACACAGACGTATAGACCGAT,0,2925877
ompRp4,0.5,1,1,ACACAATGTTTCGAAGCGGC,0,2913234
ompRp4,0.5,1,1,ACAAGCGCACCGGCGTCAAG,0,2931023
ompRp4,0.5,1,1,ACAAAGCCTTCTGTCACTCT,0,2935398
ompRp4,0.5,1,1,AATTTGATGGTTCCGGACAC,0,2914271
ompRp4,0.5,1,1,AATTTCGCGCTCAGACAATA,0,2929173
ompRp4,0.5,1,1,AATTTCATAACGTAGAGTTA,0,2938198
ompRp4,0.5,1,1,AATTGGCGCATTTCATCACC,0,2929752
ompRp4,0.5,1,1,AATTCGAACTGCGAGGTGGA,0,2932942
ompRp4,0.5,1,1,AATTCCACCATGAATCGTAT,0,2925525
ompRp4,0.5,1,1,AATTAGTCGAAGATGTAACA,0,2931154
ompRp4,0.5,1,1,AATTAAGCTGTCTGATTGGC,0,2910840
ompRp4,0.5,1,1,AATGTATGGCACCTAAAGGC,0,2934309
ompRp4,0.5,1,1,AATGCGTAAATTCAAGAGAT,0,2922195
ompRp4,0.5,1,1,AATGCGCCTATGACACGAGG,0,2926753
ompRp4,0.5,1,1,AATGCATAAGGGATGGGTGG,0,2917338
ompRp4,0.5,1,1,AATCTGGGTCCGCCCAGGCT,0,2935399
ompRp4,0.5,1,1,AATCTATAAGAGGTTTCTTA,0,2916352
ompRp4,0.5,1,1,AATCTAACGCCAGTCGTTAC,0,2919278
ompRp4,0.5,1,1,AATCGGGCTCGTGGCTGTTG,0,2931425
ompRp4,0.5,1,1,AATCCGATCGCACTTGCAAC,0,2912232
ompRp4,0.5,1,1,AATCATCTCTGTAACTTACA,0,2927705
ompRp4,0.5,1,1,AATCAATGGTCTATCTCTTC,0,2909282
ompRp4,0.5,1,1,AATATAATAATTTTCTACCC,0,2920136
ompRp4,0.5,1,1,AATACTGCACGACGTGTTCT,0,2934137
ompRp4,0.5,1,1,AATAATATAGGGTGCGGACT,0,2918030
ompRp4,0.5,1,1,AAGTTTCCACGCCTTATCCC,0,2919679
ompRp4,0.5,1,1,AAGTGCCAACACATAAACGA,0,2925436
ompRp4,0.5,1,1,AAGTCCATGGTATATGCGTC,0,2910197
ompRp4,0.5,1,1,AAGGTGAAATCAGGTTTGAG,0,2937908
ompRp4,0.5,1,1,AAGGTCTTTCCCGCAACAGT,0,2933930
ompRp4,0.5,1,1,AAGGTCAGGAGGAAATGGCC,0,2929773
ompRp4,0.5,1,1,AAGGGGCTACTAATAGTCAT,0,2925852
ompRp4,0.5,1,1,AAGGCTGACATGGCGAAGGA,0,2921589
ompRp4,0.5,1,1,AAGGATTTGGCGTGAAGTAG,0,2919813
ompRp4,0.5,1,1,AAGGAGTCATCAAATAGCAA,0,2915267
ompRp4,0.5,1,1,AAGGAGCTACAAGTCACCGT,0,2917178
ompRp4,0.5,1,1,AAGCAGCCAAGCAGACAACT,0,2922594
ompRp4,0.5,1,1,AAGAGAGAGATCTCATCGCC,0,2910697
ompRp4,0.5,1,1,AACTTGTGAGCTTCTACGTA,0,2908929
ompRp4,0.5,1,1,AACTCTATTCGACATCGGTA,0,2911483
ompRp4,0.5,1,1,AACGTTGGTGTCATTGGCAG,0,2934095
ompRp4,0.5,1,1,AACGTACAGGTAGAGGTCTG,0,2913817
ompRp4,0.5,1,1,AACGGGCTCTACAGTATTTA,0,2930147
ompRp4,0.5,1,1,AACGCCGGTAGTTCGTGGTC,0,2922311
ompRp4,0.5,1,1,AACGATTGTCAGTTGCGGAT,0,2930495
ompRp4,0.5,1,1,AACGATTAAAGAAAGCGAGT,0,2919925
ompRp4,0.5,1,1,AACCATCCCATTTTGGAAGG,0,2914116
ompRp4,0.5,1,1,AACCACGCATAGGCGTTCTT,0,2928774
ompRp4,0.5,1,1,AACATACTTAACGAAAGTCC,0,2918438
ompRp4,0.5,1,1,AACAGGCCAGGGGGCCTTTA,0,2924909
ompRp4,0.5,1,1,AACAATATTTAACTCATGGA,0,2925493
ompRp4,0.5,1,1,AACAACATCGCAACTGCCGA,0,2922200
ompRp4,0.5,1,1,AAATTTGCTCAGTGCCGTGC,0,2928937
ompRp4,0.5,1,1,AAATGCGCCTCCCCGGTGGC,0,2925520
ompRp4,0.5,1,1,AAATGAAGTCGAGAGTAAAC,0,2931798
ompRp4,0.5,1,1,AAATCAGTAGCGCCCGATTT,0,2935912
ompRp4,0.5,1,1,AAATATCAGGTCTTAATCAT,0,2931834
ompRp4,0.5,1,1,AAATACGCTGATCCAGGATC,0,2916747
ompRp4,0.5,1,1,AAATAATGTGATCTCCCATC,0,2913541
ompRp4,0.5,1,1,AAAGTGTTGCCTACGGCTCA,0,2934240
ompRp4,0.5,1,1,AAAGGTCAGCAGAGTGCAAC,0,2932327
ompRp4,0.5,1,1,AAAGGCGTCTTTCCGCTATT,0,2916731
ompRp4,0.5,1,1,AAAGGCGGCGTACCCGAGTT,0,2918974
ompRp4,0.5,1,1,AAAGCGGGAGAGACGGTCCC,0,2936819
ompRp4,0.5,1,1,AAACTGCCTCCTTGATGGGG,0,2923190
ompRp4,0.5,1,1,AAACTAATCGGAGGAGCCGG,0,2919138
ompRp4,0.5,1,1,AAACCCGTGTGGGTTGTGGT,0,2915706
ompRp4,0.5,1,1,AAAATGTCTCCGCTCCTTGG,0,2914338
ompRp4,0.5,1,1,AAAAGTCATGGCGTCCTTAG,0,2925394
ompRp4,0.5,1,1,AAAACTTGCTTGCTGCTATG,0,2912873
ompRp4,0.5,1,1,AAAACTTAACATTTTTCGAG,0,2923149
ompRp4,0.5,1,1,AAAACGGAGGGCACCCATCA,0,2916529
ompRp4,209.0,208,0,CTGTAGCAATGAGTCGAGTG,208,2923143
ompRp4,110.0,109,0,ACTTGTGTTCAACTCCATTT,109,2909023
ompRp4,107.0,106,0,GGGTTGGAGGGCACCACGAA,106,2917819
ompRp4,87.0,86,0,CTTCTGTACGGAAGGAGGTC,86,2936896
ompRp4,66.0,65,0,TGGCGGACTCATCCTGTAGG,65,2922484
ompRp4,63.0,62,0,CTGACGGAGCGGGACTACGC,62,2932863
ompRp4,62.0,61,0,TTTGAGGTACGGTGTGATGA,61,2936779
ompRp4,61.0,60,0,ACCGGCGTGCAGATAGTGAT,60,2917295
ompRp4,56.0,55,0,ACTCCTGACCAGGATCGGGC,55,2915325
ompRp4,54.0,53,0,CATCCGTTAAAAATGTCGTC,53,2937050
ompRp4,53.0,52,0,TAGCGACCTGTCATCCCGAA,52,2920972
ompRp4,52.0,51,0,CCAATCTCGATTCGTTTCCT,51,2927652
ompRp4,51.0,50,0,TGAGACAATAAGGACTCGGT,50,2930872
ompRp4,50.0,49,0,TGCATTGCTGAGCGTCTCAG,49,2921381
ompRp4,50.0,49,0,GTGGCTCTCTCGGCTAATAT,49,2936305
ompRp4,48.0,47,0,AGTACCATGGCACAAGTCGG,47,2933803
ompRp4,47.0,46,0,CTGTAGATACGCAGAGACCT,46,2910618
ompRp4,43.0,42,0,TGTGAGTGAGAAGAAGTGGT,42,2926281
ompRp4,43.0,42,0,CGAGGTAGGATGCCATCTGG,42,2908109
ompRp4,43.0,42,0,CATGCGTAGTCTCGCTAGTT,42,2931450
ompRp4,42.0,41,0,TAGTGATCATTGTGAATCGG,41,2910536
ompRp4,42.0,41,0,GGTACAAGGTTCTCGGTACG,41,2925969
ompRp4,42.0,41,0,CTGCCGGAACGATTGATAAT,41,2912745
ompRp4,42.0,41,0,AGTCCGTCAACTCATGCAGT,41,2910871
ompRp4,41.0,40,0,AGCTAGTCTACATCTGGCTC,40,2927580
ompRp4,40.0,39,0,GTCGAAATCGTCAGCGAGGG,39,2937149
ompRp4,40.0,39,0,CAAATGTACTCTGAAAGGGA,39,2913599
ompRp4,39.0,38,0,CGCTCACAGGTTTCCAACCT,38,2934351
ompRp4,39.0,38,0,ACTCCGGTTCAACCTGAAAC,38,2921477
ompRp4,38.0,37,0,CCGTACGAGACAGCTCAACG,37,2919086
ompRp4,38.0,37,0,ACGGTCCAGCACTATAGTTG,37,2936681
ompRp4,37.0,36,0,GTATATAGTTTTTTTACATT,36,2920020
ompRp4,37.0,36,0,GGCAAGGTTGAATAGGGTTC,36,2933167
ompRp4,37.0,36,0,ATATTACGTCCACCACCCTC,36,2913760
ompRp4,36.0,35,0,TTCAGAACGCAATACCTCGT,35,2931710
ompRp4,36.0,35,0,ACTTCATAACTTTTTAGTAT,35,2909586
ompRp4,35.0,34,0,CACTTGCGCGCGCACCGTGA,34,2921392
ompRp4,34.0,33,0,CCTTGACAGATTCCGTTTAG,33,2914153
ompRp4,34.0,33,0,AGCTCGCCACCACGCGAACA,33,2919762
ompRp4,34.0,33,0,ACTTGTTCATTCAGTCTCCC,33,2908355
ompRp4,33.0,32,0,TGAACGGTAATTGGCTTAGA,32,2907704
ompRp4,33.0,32,0,TCGTTGACCCCAAGGCGTAT,32,2921371
ompRp4,33.0,32,0,GTCCGGAACGCAGCACGAAC,32,2926994
ompRp4,33.0,32,0,GAAGCAGCGGCAAGGTCCGG,32,2922097
ompRp4,32.0,31,0,TTCTAAATTCTAGGATGCAA,31,2929702
ompRp4,32.0,31,0,AGGACTATGGTTACCTCGAA,31,2912924
ompRp4,32.0,31,0,AGATAGTGCCGAGGGCCTCT,31,2929049
ompRp4,31.0,30,0,AAGCGGGCGCGCTGATTTCT,30,2919113
ompRp4,30.0,29,0,TCCTACGTTAACAGTGAAGG,29,2934506
ompRp4,30.0,29,0,GATCGTTAAGTACTCGCGAT,29,2925798
ompRp4,30.0,29,0,GAGCGAGTTGATACATACTA,29,2919828
ompRp4,30.0,29,0,CGGCTCCAAGGATCGAATGT,29,2909015
ompRp4,30.0,29,0,CATAACTTCTTATACAAGGG,29,2911604
ompRp4,29.0,28,0,GCGACTAACGAGTAGTGATT,28,2920482
ompRp4,29.0,28,0,CACCGATGACGTGCTAAGGA,28,2936866
ompRp4,28.0,27,0,GATGGGTCCCAACAAGACTG,27,2920067
ompRp4,27.0,26,0,GCATACATAATATTACGCAA,26,2930995
ompRp4,27.0,26,0,GATTTCGCTCGGCATTGGAT,26,2907744
ompRp4,27.0,26,0,ATCTTCCCATTGTCGCGTAC,26,2925695
ompRp4,26.0,25,0,ACAGCTGTCTCTCTGTTCTT,25,2916969
ompRp4,25.0,24,0,CTGGCATGCGAGAATGCTAC,24,2928187
ompRp4,25.0,24,0,ACCGTAGCGTTAGGTAGGAT,24,2923505
ompRp4,24.0,23,0,TTTTTACACTAGCCTATTTG,23,2916691
ompRp4,24.0,23,0,GTAACCGGAATATACAGTTA,23,2930361
ompRp4,24.0,23,0,CGGCAATACGGTAAGTCCCG,23,2936309
ompRp4,24.0,23,0,CCGCTCGACCCAAGCTATAC,23,2932156
ompRp4,23.0,22,0,TGGATTGTTGTAACTAACGA,22,2937113
ompRp4,23.0,22,0,GTATGTGGATTTTGAACCGT,22,2935807
ompRp4,22.0,21,0,GAATTCTCTGCATCGCCTTA,21,2934242
ompRp4,22.0,21,0,CTGCGAGTTCTGCACAAGGG,21,2914693
ompRp4,22.0,21,0,CTCGTTGGTTTTCTGTATGT,21,2910812
ompRp4,22.0,21,0,CCTACGCGGGAGCGACCATT,21,2926736
ompRp4,21.0,20,0,TCTATTGAGACCTTTTACAA,20,2915548
ompRp4,21.0,20,0,TACTGCGTGCGCTAAAATTG,20,2914183
ompRp4,21.0,20,0,TAAGCACAACACCAGGCGAA,20,2923339
ompRp4,21.0,20,0,GCCACTGGGCCTTTCGGAAT,20,2928358
ompRp4,21.0,20,0,CTTTCAGCGCATTCTGCATT,20,2918754
ompRp4,21.0,20,0,CAGAAGGCTTCAGATAAGCG,20,2910974
ompRp4,20.0,19,0,TTCAAAATTTCGGTCGGACT,19,2925037
ompRp4,20.0,19,0,TCGTCACACGTGGAAAGGTA,19,2912332
ompRp4,20.0,19,0,GTTAAAGGGTACTCGCAACG,19,2918949
ompRp4,20.0,19,0,GACCCAATCTATAAAGTGTG,19,2934068
ompRp4,19.0,18,0,GTGGTGCATGTGGCTGTGCT,18,2927795
ompRp4,19.0,18,0,GAGAGTGTAAGTAGGTAGCG,18,2931085
ompRp4,19.0,18,0,AATAAGACATTCGCGGGGCT,18,2914413
ompRp4,18.0,17,0,GTGGAGGTTCTGAACACTTG,17,2916383
ompRp4,18.0,17,0,GCGATCAGAGCCTAAGCCTA,17,2936224
ompRp4,18.0,17,0,GATGATTGGTGAGGACGCCT,17,2937775
ompRp4,18.0,17,0,CTGAGACTGGTCAGGGTAGA,17,2929599
ompRp4,18.0,17,0,CCGCTACACCTTAAGCAGAA,17,2913251
ompRp4,17.0,16,0,GGCCTCGATCGCTTAAAGTG,16,2938098
ompRp4,17.0,16,0,GGCCCAATGCACGGTGTAGT,16,2925173
ompRp4,16.0,15,0,GGCCACAGCGGCTACACTTC,15,2937696
ompRp4,16.0,15,0,CGGACGGAGCGCGGTTTCGT,15,2926725
ompRp4,16.0,15,0,CCCTGTAAGGATCTGTCAGT,15,2913178
ompRp4,16.0,15,0,AGTTCCAGGGCACGGTTCGT,15,2916403
ompRp4,16.0,15,0,AGACACAAATTGGAGAAGAT,15,2916126
ompRp4,15.0,14,0,TCGATCACTTTATGAGGGTT,14,2922124
ompRp4,15.0,14,0,CTGCGCCCCGATAATTGTGT,14,2937279
ompRp4,15.0,14,0,CGAAGATGAAGCATGAAGGG,14,2935280
ompRp4,14.0,13,0,GCCCTCATAGATCCTGAAGC,13,2914459
ompRp4,14.0,13,0,CCGTGAGAGCCTCCATCCGG,13,2922162
ompRp4,14.0,13,0,CCAATTTTAGAAGGGTGGGT,13,2924751
ompRp4,14.0,13,0,ATCGACACCACGGAATATGA,13,2910377
ompRp4,14.0,13,0,ACAACCGCCGCCAACAATCT,13,2924151
ompRp4,14.0,13,0,AAATTGGTAACGGGAGAGTA,13,2909822
ompRp4,13.0,12,0,TGATCGCTTTGATCCTACTA,12,2936202
ompRp4,13.0,12,0,TGAAAGCTACTTCATTAGTT,12,2910085
ompRp4,13.0,12,0,TCCGACAGCATGCGTGAAAC,12,2936128
ompRp4,13.0,12,0,GTCCATGTGAGATTGATCTT,12,2916473
ompRp4,13.0,12,0,CTCTTACTTCACATGCACGG,12,2912477
ompRp4,13.0,12,0,CCGTCTAGATTCAGCCGAGA,12,2933927
ompRp4,13.0,12,0,AGTTATTTGAAAAGGTATAG,12,2924018
ompRp4,13.0,12,0,ACGGGGGGAGGGTAACAAGG,12,2924381
ompRp4,12.0,11,0,TATTGCTTTTGGGCTCAGTT,11,2918003
ompRp4,12.0,11,0,CTTAGGGAGCCTTTCCATTA,11,2936867
ompRp4,12.0,11,0,CTAGTGGCTGGAAATTCGAG,11,2914660
ompRp4,12.0,11,0,CGATCGTAAGTATGTAGGTC,11,2938122
ompRp4,11.0,10,0,TCGGCGTAGCTCATCATGAA,10,2936479
ompRp4,11.0,10,0,TACCTCATACGACGCAGTTG,10,2917464
ompRp4,11.0,10,0,CGTCCGTACTGCGGGGCACT,10,2911982
ompRp4,11.0,10,0,AGTTGGTTTTCCTAGCATCT,10,2917940
ompRp4,10.0,9,0,TTAACTGCGCATACATTGGA,9,2929906
ompRp4,10.0,9,0,GGGATAGTCCATTTAGCAAG,9,2937499
ompRp4,10.0,9,0,GACGCTATCGAACTGATGGC,9,2911829
ompRp4,10.0,9,0,CTTGATTCTTTGGTTCGTAC,9,2917938
ompRp4,10.0,9,0,CTGCGGCCGCAAGAGCCAGG,9,2923029
ompRp4,10.0,9,0,CGACCGCAAAACCGCGAGAA,9,2917102
ompRp4,9.0,8,0,TTGATTCAAGTAGGGAAAGT,8,2908597
ompRp4,9.0,8,0,TAGCTCGTGAGGCTATAACT,8,2937966
ompRp4,9.0,8,0,GGTCCTCCACCAGCTCAACG,8,2931230
ompRp4,9.0,8,0,GACTAGGCGTTGCCCAGTGT,8,2912441
ompRp4,9.0,8,0,ACTCCGACAGACGTGCATGT,8,2920316
ompRp4,8.0,7,0,TGAGGAGAACGGGAATTTAG,7,2918599
ompRp4,8.0,7,0,GACCAAACGAATCGAGGCAA,7,2932871
ompRp4,8.0,7,0,CTTTGGGGCCGGGCGCCGAT,7,2923228
ompRp4,8.0,7,0,CGGATGCAGTGTCCGTGAAT,7,2918131
ompRp4,8.0,7,0,CCGATCATAGGGACGCTGAG,7,2908573
ompRp4,8.0,7,0,CCAATGATTCCTATCTTGAT,7,2911610
ompRp4,8.0,7,0,ACCCATCGGGGACATATGGC,7,2916102
ompRp4,8.0,7,0,ACCACGTTGGCTCATCAGCG,7,2908676
ompRp4,7.0,6,0,TTATCAACTTAAACTTGCCC,6,2919481
ompRp4,7.0,6,0,GGCTTTTTATTGCATACCCT,6,2926546
ompRp4,7.0,6,0,GGAGCAAAATCTGCGGTGCA,6,2908039
ompRp4,7.0,6,0,CATGCTGTTGTACACCCGGT,6,2935620
ompRp4,6.0,5,0,TTCTTATACAGAAAAGGCAA,5,2932029
ompRp4,6.0,5,0,GTTACCAGTGCTATAGGGAG,5,2935801
ompRp4,6.0,5,0,GGTAACCCCTGATGCCTGCA,5,2932959
ompRp4,6.0,5,0,GAAGATTTCCTAGTTGCCCC,5,2931896
ompRp4,6.0,5,0,CGGACAGAGTTGCAGCCACG,5,2927632
ompRp4,6.0,5,0,AGCGATAATAAATCCTTTAT,5,2919846
ompRp4,6.0,5,0,AATTCGTGATCCAGGAACCC,5,2916328
ompRp4,5.0,4,0,TAATAGTCCAGGGTATATCC,4,2921048
ompRp4,5.0,4,0,GTCTACAGACGAGCCATATC,4,2920397
ompRp4,5.0,4,0,GATTATACACCGACTGTCTC,4,2909707
ompRp4,5.0,4,0,CTCTGTAGCCGGCGGGAAGA,4,2920182
ompRp4,5.0,4,0,CTCGCACCTGTATCCATTCC,4,2909140
ompRp4,5.0,4,0,ATCTAGTGCACTTCTTACCC,4,2915364
ompRp4,5.0,4,0,AACCCACCACGTTGAGTGGT,4,2912129
ompRp4,4.0,3,0,TGTGTCCACATAGAACAGAT,3,2937584
ompRp4,4.0,3,0,TAAACTCAGCCCCTCTGCAG,3,2936276
ompRp4,4.0,3,0,GTGGCTCATATGTATTTTAG,3,2912257
ompRp4,4.0,3,0,CTTAACACAAGTGATTAAAG,3,2922600
ompRp4,4.0,3,0,CTCGGTGTTTGCCGGTATGT,3,2925347
ompRp4,4.0,3,0,CCAGTTGCTGGGCTTCCCTC,3,2925615
ompRp4,4.0,3,0,CAGCGTACTAGGTAATTGCT,3,2930663
ompRp4,3.0,2,0,TTTCCGATGCATTGAGACAA,2,2936778
ompRp4,3.0,2,0,TTTATGGATCCCGAACACCC,2,2926119
ompRp4,3.0,2,0,GGGAGGAGACTCTTCCTTCA,2,2913815
ompRp4,3.0,2,0,GCGATCAGCCGACAGCCGTA,2,2931797
ompRp4,3.0,2,0,CCCCTCTCTTTACTACGGTC,2,2926594
ompRp4,3.0,2,0,CATCGGTATATACCTAATTT,2,2921157
ompRp4,3.0,2,0,CAGTCTGTAAGGGCCCGGTT,2,2920231
ompRp4,3.0,2,0,AAGCTTACATGGGTGACTAG,2,2929650
ompRp4,2.0,1,0,TTTTCTATGCCAGAAGCCCC,1,2919031
ompRp4,2.0,1,0,TTTGTGTTTTGCCCACCGAT,1,2912899
ompRp4,2.0,1,0,TTTGGCAGGTTCTAAGATCT,1,2924567
ompRp4,2.0,1,0,TTTCCTAGCGTTCGATTCGG,1,2929295
ompRp4,2.0,1,0,TTGTGTCGTCAAGTATCGCA,1,2910191
ompRp4,2.0,1,0,TTGGAGGGTGAGAGTGCAGT,1,2918164
ompRp4,2.0,1,0,TTACTTTTCGTGGATTGTGT,1,2920180
ompRp4,2.0,1,0,TGCGTTAATAGCTCTTGGCA,1,2917681
ompRp4,2.0,1,0,TGATACAGCGGTTGTCTCCA,1,2930089
ompRp4,2.0,1,0,TCGTCTACGCGGTAATCTAA,1,2934922
ompRp4,2.0,1,0,TCGTAGATGTATAAGGCGTA,1,2912984
ompRp4,2.0,1,0,GTCGCCCTTAGCAGTTTCCG,1,2918759
ompRp4,2.0,1,0,GGTATCCTGGACTGTCCATG,1,2926136
ompRp4,2.0,1,0,GGGGTTCAATGCTGCCGTAA,1,2910368
ompRp4,2.0,1,0,GGCAAGCTCTTAATAAATCA,1,2923887
ompRp4,2.0,1,0,GCTGGGGACGACCATGCGTA,1,2928244
ompRp4,2.0,1,0,GATAAAAGTATCGGGAGGTC,1,2924078
ompRp4,2.0,1,0,GACAGCGAAATATCCGCTAG,1,2934168
ompRp4,2.0,1,0,CTTGATACTCTCTATGCTAC,1,2927583
ompRp4,2.0,1,0,CTCAACGTCGGGCGTTCTAC,1,2915132
ompRp4,2.0,1,0,CTAGGTGCGCCAGTGCACGA,1,2923778
ompRp4,2.0,1,0,CCGGCACCCGAGGTTGTCCT,1,2934747
ompRp4,2.0,1,0,CCAGAGGAACTTATACCGAA,1,2920332
ompRp4,2.0,1,0,CAGGGCCTTACGTGAAATAC,1,2920910
ompRp4,2.0,1,0,CAATCTCACATACTTATGGA,1,2934526
ompRp4,2.0,1,0,ATTTCTCGCAAGAGATTCTA,1,2910835
ompRp4,2.0,1,0,ATGGCCTAGCGGCCAGAGGC,1,2911171
ompRp4,2.0,1,0,ATCCATTAGGTTAGTGTTCC,1,2935660
ompRp4,2.0,1,0,AGCCGCCTGACATTATCAGG,1,2929506
ompRp4,2.0,1,0,ACGGTAAGTAGTTTTTTATC,1,2911784
ompRp4,2.0,1,0,ACCGCGCTCCAAAGTGATGT,1,2914938
ompRp4,2.0,1,0,ACAAAGATGACTTCGGAAGT,1,2925305
ompRp4,2.0,1,0,AAGTTAATGGAGGTTTACTC,1,2914409
ompRp4,2.0,1,0,AAAGTAGTCTTCTCGCGTCA,1,2934005
